Clusters/Basel_8/Basel_8_stars_fromDR3_dis.tsv
# %ECSV 1.0
# ---
# datatype:
# - name: _r
#   unit: ''
#   datatype: float64
#   format: '{:7.4f}'
#   description: Distance from center (098.55820660000+08.03809416000)[ICRS], at Epoch=J2016.0
#   meta: !!omap
#   - {ucd: POS_ANG_DIST_GENERAL}
#   - {width: 7}
#   - {precision: '4'}
# - name: Source
#   datatype: int64
#   description: Source identifier, identical to the Gaia-EDR3 source_id (id)
#   meta: !!omap
#   - {ucd: ID_MAIN}
#   - {width: 19}
# - name: RA_ICRS
#   unit: deg
#   datatype: float64
#   format: '{:15.11f}'
#   description: Barycentric right ascension (ICRS) at Ep=2016.0 (ra)
#   meta: !!omap
#   - {ucd: POS_EQ_RA_MAIN}
#   - {width: 15}
#   - {precision: '11'}
# - name: DE_ICRS
#   unit: deg
#   datatype: float64
#   format: '{:15.11f}'
#   description: Barycentric declination (ICRS) at Ep=2016.0 (dec)
#   meta: !!omap
#   - {ucd: POS_EQ_DEC_MAIN}
#   - {width: 15}
#   - {precision: '11'}
# - name: rgeo
#   unit: pc
#   datatype: float64
#   format: '{:15.8f}'
#   description: '? Median of the geometric distance posterior (r_med_geo)'
#   meta: !!omap
#   - {ucd: PHYS_DISTANCE_TRUE}
#   - {width: 15}
#   - {precision: '8'}
#   - values: {'null': .nan}
# - name: b_rgeo
#   unit: pc
#   datatype: float64
#   format: '{:14.8f}'
#   description: '? 16th percentile of the geometric distance posterior (r_lo_geo)'
#   meta: !!omap
#   - {ucd: ERROR}
#   - {width: 14}
#   - {precision: '8'}
#   - values: {'null': .nan}
# - name: B_rgeo
#   unit: pc
#   datatype: float64
#   format: '{:14.8f}'
#   description: '? 84th percentile of the geometric distance posterior (r_hi_geo)'
#   meta: !!omap
#   - {ucd: ERROR}
#   - {width: 14}
#   - {precision: '8'}
#   - values: {'null': .nan}
# - name: rpgeo
#   unit: pc
#   datatype: float64
#   format: '{:15.8f}'
#   description: '? Median of the photogeometric distance posterior (r_med_photogeo)'
#   meta: !!omap
#   - {ucd: PHYS_DISTANCE_TRUE}
#   - {width: 15}
#   - {precision: '8'}
#   - values: {'null': .nan}
# - name: b_rpgeo
#   unit: pc
#   datatype: float64
#   format: '{:14.8f}'
#   description: '? 16th percentile of the photogeometric distance posterior (r_lo_photogeo)'
#   meta: !!omap
#   - {ucd: ERROR}
#   - {width: 14}
#   - {precision: '8'}
#   - values: {'null': .nan}
# - name: B_rpgeo
#   unit: pc
#   datatype: float64
#   format: '{:14.8f}'
#   description: '? 84th percentile of the photogeometric distance posterior (r_hi_photogeo)'
#   meta: !!omap
#   - {ucd: ERROR}
#   - {width: 14}
#   - {precision: '8'}
#   - values: {'null': .nan}
# - name: Flag
#   datatype: int32
#   description: Flag (flag) (1)
#   meta: !!omap
#   - {ucd: CODE_MISC}
#   - {width: 5}
# meta: {ID: I_352_gedr3dis, description: Estimating distances from parallaxes (1467744818 sources), name: I/352/gedr3dis}
# schema: astropy-2.0
_r Source RA_ICRS DE_ICRS rgeo b_rgeo B_rgeo rpgeo b_rpgeo B_rpgeo Flag
[from data line 879]
16.824 3326120358761764736 98.80635877575 8.17325511377 1558.26233 1222.87891 2150.35938 1569.48511 1368.04236 1982.78149 10033
16.8311 3326047245534033408 98.4111852917 8.2779074139 1168.65955 1061.59937 1328.26709 1228.93323 1113.14636 1353.60632 10033
16.8355 3326038930477378816 98.30264752485 8.15940941939 1177.72375 1154.92004 1200.33716 1173.24268 1149.86926 1201.88989 10033
16.8421 3326031611853580800 98.28660863989 7.95774398198 1185.73279 1102.08069 1266.39917 1178.17493 1108.05481 1266.26843 10033
16.8503 3326121492633179648 98.78583818761 8.20568851856 1416.78113 1281.18823 1575.60132 1443.97449 1310.29138 1587.64478 10033
16.8531 3325966878106508032 98.45599424256 7.77608814904 1561.31982 1509.38245 1608.0426 1546.18091 1503.37122 1594.00879 10033
16.8617 3326138535063894016 98.56304579719 8.31908209436 1443.65857 1412.69678 1475.35925 1440.49451 1414.21863 1469.11401 10033
16.8874 3326039067912660608 98.31104733075 8.17717996425 1323.07727 743.488525 2057.0188 2777.72998 2480.8501 3305.40918 10033
16.8982 3325964472925370752 98.64837928305 7.77099442795 1659.94128 1557.73962 1772.13147 1685.10608 1582.55713 1780.92932 10033
16.9279 3326045012151063168 98.31683922451 8.18809614105 1722.9408 1562.68872 1907.2666 1690.13062 1535.21973 1882.30933 10033
16.9509 3326031611853577472 98.28180848338 7.96809478262 1266.02246 1215.47412 1321.9231 1291.24292 1234.47058 1343.71753 10033
16.9575 3326141425576287616 98.51979306431 8.31815054664 1496.79639 1316.25354 1724.28406 1490.98083 1341.34619 1638.68176 10033
16.9706 3326138367560030720 98.59063634294 8.31910948675 1181.21814 1153.88953 1205.67468 1170.9447 1150.43774 1194.58582 10033
16.971 3325964472925370624 98.64981888381 7.77019539849 1176.35229 1124.66064 1229.32983 1182.38977 1141.3291 1233.64624 10033
17.0124 3326120053819464960 98.82268825153 8.14686149154 1453.04102 1350.70837 1582.34082 1468.849 1362.11963 1577.17493 10033
17.0162 3326045145293558016 98.33326864793 8.21372190495 1270.60022 892.229675 2234.09937 2707.42847 2292.96729 3276.1084 10033
17.017 3326031607560213632 98.28374131602 7.95706646542 1714.26929 761.556824 2674.7605 6898.72949 5540.24854 9001.11523 20033
17.019 3326121496928464512 98.78787364293 8.20769320026 1229.33777 1138.09875 1323.13904 1268.49841 1175.49194 1385.02002 10033
17.0249 3325966873808603520 98.45914744699 7.7718501786 1709.06079 1164.40063 2851.38477 1869.6969 1626.68176 2178.74048 10033
17.0385 3326072564365573888 98.83961304896 8.09296921875 1734.1012 1298.70215 2289.88892 1266.71252 1128.64832 1424.18665 10033
17.0404 3326047726570362240 98.4644605325 8.3065135657 1678.83899 1633.48633 1722.43787 1687.16064 1653.34021 1720.72852 10033
17.048 3326121217755244160 98.80299750181 8.18642780525 1550.74084 1213.36328 2779.70264 2468.7251 1911.82629 3108.62549 10033
17.0549 3325971168775047936 98.77971943172 7.85735379743 1492.45239 1186.34363 1970.83923 1333.40002 1148.40869 1547.07458 10033
17.0623 3326138676797671808 98.60563097456 8.31856468723 1346.69128 1317.80432 1375.60815 1348.60205 1315.49731 1381.7384 10033
17.0736 3325994812573813504 98.335350763 7.85848484744 1584.87756 1524.83228 1641.89893 1567.52539 1507.00049 1625.88684 10033
17.0808 3325990414527298432 98.42300807025 7.78687663525 1360.05396 1307.14014 1408.43152 1370.73157 1325.81165 1436.24536 10033
17.0846 3326071434789704832 98.84523691375 8.05560297428 1445.19299 921.309143 2215.21631 1787.974 1544.9165 2028.9978 10033
17.0983 3325991582758409344 98.36320523715 7.82855159479 1524.10559 1439.83008 1619.30029 1506.74109 1437.9845 1597.89209 10033
17.1083 3326047378676639744 98.43358889426 8.29516897995 1249.57898 1210.02673 1284.43652 1238.83533 1204.53418 1267.41882 10033
17.1152 3326038689959215232 98.28931430061 8.14055645697 1513.75317 1488.521 1548.66345 1520.75159 1485.56812 1569.3009 10033
17.1495 3326038689959215360 98.28884299253 8.14093577272 1489.7085 1393.85632 1576.74438 1455.44373 1386.00037 1542.11743 10033
17.157 3326033153744537856 98.26945644292 8.03365616326 1716.17224 1440.1145 2018.64929 1913.66162 1636.35107 2239.58398 10033
17.1571 3325964571705191296 98.68942927929 7.78338787212 1230.90588 996.802551 1601.61597 898.192871 805.093933 986.557068 10033
17.1578 3325966878106510848 98.45407779166 7.77137800953 1649.50708 1610.87268 1706.39661 1629.87598 1571.80652 1684.58313 10033
17.171 3326039033556591616 98.30423777886 8.17478045636 1620.87634 1548.52112 1707.8689 1598.59961 1526.7467 1670.77881 10033
17.1786 3325966637588331904 98.49450273357 7.7588232557 1422.33301 1364.09021 1480.81653 1375.05298 1325.24695 1421.35291 10033
17.1835 3325990414527299584 98.42409928514 7.78437031849 1493.776 1314.32483 1772.59985 1633.25281 1424.90466 1894.25378 10033
17.207 3325971551031388544 98.79226159596 7.86923828033 1166.86548 1050.21753 1299.6532 1121.47192 1005.97626 1275.3645 10033
17.2122 3326121286474733696 98.80111465926 8.19450981987 1489.69128 1373.03198 1661.56299 1493.42322 1375.35144 1659.9856 10033
17.2376 3326125650161601408 98.7362322324 8.26499007466 1309.745 896.772949 1790.23975 909.701599 773.986267 1003.61737 10033
17.2563 3326039102276068096 98.30381571712 8.17698016462 1658.59485 1467.36353 1849.64111 1695.44861 1528.77844 1985.30591 10033
17.2701 3325963132895599232 98.59437338946 7.75249685419 1259.13782 1102.33777 1453.11035 1250.31238 1132.92163 1393.43311 10033
17.2862 3325963132895597184 98.59900421782 7.75283959351 1216.17285 969.550354 1542.54822 1408.40796 1267.16797 1581.22754 10033
17.2893 3326138539359296512 98.56949918681 8.32603210515 1706.79919 1490.52307 2028.56226 1689.50159 1449.08374 2054.89307 10033
17.3055 3326019757743851136 98.28242442702 7.94534039862 1616.40369 1533.96216 1715.93335 1609.66187 1528.8302 1709.17188 10033
17.3076 3326019650367112576 98.28925337403 7.92733091067 1613.63831 1300.34436 2190.93115 1617.15015 1406.11694 1981.9696 10033
17.3141 3326033535998481280 98.26708448397 8.05150674982 1307.58386 1104.47424 1581.70398 1490.76965 1341.9292 1720.18262 10033
17.3287 3326045905504253824 98.33111528196 8.21940303464 1338.42786 1225.07544 1471.47424 1434.40906 1318.83643 1564.53845 10033
17.331 3325994881294130688 98.32252512175 7.86794164019 1204.06738 1128.01868 1287.7345 1209.76648 1143.9021 1275.38708 10033
17.3331 3326072358207650560 98.84629952171 8.08380262611 1521.59839 764.267578 2842.68262 5704.30908 4552.45654 8934.98242 20033
17.3479 3326138535063932544 98.56949031775 8.32701013778 1427.06287 1372.8324 1503.37646 1393.99976 1344.87073 1448.19592 10033
17.3699 3325943474826777600 98.44154910321 7.77265535904 1454.54871 1407.5946 1509.05652 1432.49634 1380.15405 1479.30872 10033
17.3699 3325994876995037824 98.32807784189 7.85959204576 1207.66919 1168.05396 1258.94336 1201.35498 1161.93445 1243.10498 10033
17.378 3326137783444456448 98.65918314106 8.30993422193 1243.07104 1206.57776 1279.95166 1245.4375 1211.39233 1285.00452 10033
17.3791 3325965709875382656 98.53796452216 7.74913662801 1558.25427 1507.84851 1612.74622 1531.59863 1481.70032 1585.2085 10033
17.4055 3326137955243154816 98.63156312242 8.3189513329 1172.16821 1123.89319 1233.76025 1195.7832 1129.36377 1273.64197 10033
17.4157 3326039136635803136 98.30935706231 8.19158688573 1203.31396 1178.9668 1230.44617 1200.94275 1174.07898 1227.34192 10033
17.4176 3325994773916352640 98.33057468219 7.85521595762 1637.00452 1275.47583 2084.54199 2415.39868 1809.89661 3424.88989 10033
17.44 3326121600007674880 98.78727809248 8.21992598801 1732.30652 1651.30322 1834.23682 1739.22754 1653.76892 1838.41589 10033
17.4408 3325990410230818432 98.4297154122 7.7767557841 1477.09692 778.447144 2381.29688 2672.91968 2322.33105 3068.96802 10033
17.447 3326033226761260544 98.2646422589 8.03043095746 1323.58032 1243.18274 1411.30725 1373.08447 1305.97534 1442.04944 10033
17.4487 3326124898542555520 98.74694127774 8.26095328066 1659.03882 1584.48511 1721.34448 1638.12598 1579.93115 1699.7052 10033
17.4726 3326072598725333760 98.84404994149 8.10671257864 1275.30872 1000.40961 1640.4259 1089.12512 976.466675 1221.88037 10033
17.4734 3325991548398675200 98.36482222808 7.81871954101 1244.7998 1152.56897 1347.12756 1293.85278 1200.47607 1430.89551 10033
17.4918 3326045935567569280 98.34216754836 8.2362145416 1581.84338 828.344116 2539.40918 3586.06226 2998.15601 4520.15723 10033
17.493 3326071430494166528 98.85165259282 8.06216003286 1522.25159 1049.80518 2523.10596 2855.87915 2417.77661 4243.31104 10033
17.4954 3326038105843672448 98.27181428845 8.10607519038 1324.49756 988.340271 2525.48291 1243.3075 1101.3551 1478.22961 10033
17.4991 3326138569423632128 98.58479521623 8.32855623216 1199.16748 1164.14087 1245.11487 1190.51404 1151.13818 1232.96045 10033
17.5019 3326046455260057856 98.37137971698 8.26367096302 1702.20422 1541.15356 1929.97424 1726.40247 1562.67371 1942.68628 10033
17.5023 3326038273345737088 98.27655290574 8.12371491747 1251.82007 1028.67322 1512.92859 1034.47253 955.510986 1150.86902 10033
17.5159 3326071434789699328 98.85221739682 8.05992774197 1660.96399 1471.81763 1924.78308 1623.42505 1442.05493 1803.53162 10033
17.5331 3326125929334709632 98.71103303262 8.28810720922 1280.99792 1210.677 1359.45911 1285.92896 1210.10791 1344.38977 10033
17.5339 3326138569423947520 98.58401537722 8.32920723058 1309.44189 1214.22607 1460.55176 1336.99414 1236.98572 1463.66455 10033
17.5458 3326138569423671552 98.588039825 8.32902983546 1248.47217 1140.00891 1393.79321 1425.68445 1298.95227 1524.92395 10033
17.5505 3326138573719585792 98.58482162123 8.32941424387 1233.68774 1182.47815 1303.31824 1256.25891 1198.70093 1321.33728 10033
17.5619 3326046485323420416 98.37859105365 8.27060123332 1174.96472 1117.52441 1247.2301 1198.97241 1132.12268 1289.66772 10033
17.5768 3325964468626888448 98.64881098922 7.75923296877 1590.91382 1005.55603 2470.84644 2130.88232 1800.45764 3303.86157 10033
17.5901 3326138672502847360 98.61272384343 8.3262536346 1398.953 1367.3103 1430.27173 1397.53613 1362.97314 1434.76904 10033
17.5992 3326038930477379456 98.29080350741 8.16439643297 1646.99219 1466.65894 1849.98438 1667.82849 1515.36853 1948.80896 10033
17.5998 3325965705577442432 98.54525080658 7.74504517502 1173.04431 1085.14478 1284.98328 1219.11206 1129.08569 1320.70508 10033
17.6161 3326047795289837184 98.46736061261 8.31758722028 1732.59363 1615.02417 1924.76453 1799.03589 1697.29407 1922.88855 10033
17.6168 3326121600007672704 98.78964728203 8.22171098402 1328.9585 1257.79089 1392.62585 1329.80176 1276.29749 1389.94739 10033
17.6283 3326039136635803008 98.30671035063 8.19407897057 1266.67773 1178.06152 1402.91028 1309.1615 1206.18628 1423.81873 10033
17.6308 3326138741229957376 98.5937742437 8.32982412299 1697.27832 1045.86633 2735.52759 1294.29822 1139.50598 1418.0636 10133
17.6379 3326039102276069632 98.29315602429 8.17060944766 1431.18726 1406.25903 1464.80713 1433.17932 1401.27173 1460.59497 10033
17.6452 3326071430496081920 98.85485884733 8.05252146216 1576.43579 972.017456 3118.90063 998.782532 842.751526 1149.28149 10033
17.6479 3325995907787814784 98.29872980127 7.89499060192 1246.69653 1145.69226 1410.79529 1283.19324 1172.15149 1454.89148 10033
17.6502 3325964365547137792 98.74469285558 7.80914010379 1249.11926 523.111206 2059.87671 5731.52637 3954.09644 10180.8154 20033
17.6693 3326124894247366016 98.7499212023 8.26327725599 1298.69897 1122.04504 1527.74231 1318.22791 1178.92566 1477.89062 10033
17.6701 3326125929334707968 98.71112818799 8.29071665812 1602.37866 1381.68933 1878.53467 1597.81396 1407.50098 1882.95056 10033
17.6708 3326047997156101504 98.41051695808 8.29376216442 1269.86584 767.128723 2184.13135 1229.87634 1029.73352 1512.0813 10033
17.6727 3326038999196856064 98.28994277438 8.16545564045 1282.83325 1228.17554 1340.16455 1284.22644 1239.89941 1331.35425 10033
17.6929 3325970241062064384 98.75335631353 7.81539196292 1263.698 1191.25159 1332.17114 1278.00293 1205.0249 1354.61511 10033
17.7154 3326072598725323904 98.84974938563 8.10017341526 1591.84082 1167.26294 2081.20898 2561.56543 2011.99292 3528.75903 10033
17.7486 3326038105843673728 98.26702593402 8.1043440758 1466.23865 1410.53577 1525.00879 1479.67786 1431.31836 1535.77026 10033
17.7553 3325991475381350272 98.3748369396 7.8044628439 1166.29297 1009.06213 1402.92151 1369.73389 1230.59827 1506.46021 10033
17.7597 3325973642676299136 98.84428762311 7.95233779287 1540.65564 1414.78735 1663.5271 1536.16101 1430.0686 1703.40869 10033
17.7684 3326072980977906944 98.8485020063 8.10943553935 1667.5155 1560.32971 1792.14954 1706.51562 1578.60889 1907.89563 10033
17.7966 3326137950948377472 98.63777749971 8.32405681743 1447.54956 1281.06909 1771.73816 1386.33362 1256.26367 1591.11755 10033
17.7975 3326038518160526208 98.27667455594 8.13956211715 1605.60449 1541.36731 1690.56653 1606.83801 1543.99207 1668.41589 10033
17.8056 3325995907787810432 98.29671763714 7.89317086283 1668.62952 1312.03174 2198.80005 2236.91064 1811.21814 2760.1123 10033
17.8081 3326038170267224832 98.26873327704 8.11523188078 1249.35681 748.692017 2885.89917 992.117126 856.080566 1155.37866 10033
17.8443 3326046455260058752 98.36140015374 8.26280679871 1413.51404 1369.42725 1461.23511 1403.06421 1357.41846 1463.88123 10033
17.8782 3326121595712432896 98.78685052396 8.2318862407 1688.02332 1397.46667 1930.72375 2104.42065 1787.34045 2533.42285 10033
17.8814 3326138951675579008 98.58688181383 8.33476310624 1743.14246 1633.89941 1865.69263 1763.38232 1676.27759 1892.69299 10033
17.8992 3325990444589143040 98.40800247387 7.77951932223 1223.17419 1169.40771 1274.5979 1218.68042 1163.82886 1262.98853 10033
17.9001 3325970382800299648 98.78131223263 7.83765253586 1690.0553 1352.8717 2200.74365 1445.4303 1281.85095 1716.9281 10033
17.9069 3325994842640345088 98.31748142249 7.85856357312 1472.4408 1304.49048 1735.5343 1703.1134 1490.27466 2017.11426 10033
17.9093 3325994778214084608 98.32205885332 7.85263448665 1683.1571 1366.72119 2170.07349 1954.28381 1623.27051 2595.44312 10033
17.9175 3326138745514638080 98.60865198835 8.33251572664 1363.75806 750.7724 2416.95923 2720.55322 2384.65479 3922.39648 10033
17.9306 3326121595712429952 98.78950656462 8.23013153512 1514.42285 1023.08112 2792.82178 1433.50354 1269.08362 1659.93005 10033
17.9322 3326046554042902272 98.37439756189 8.27519678176 1370.35999 1345.5188 1397.73035 1366.5177 1338.76184 1390.94165 10033
17.9331 3325995976511559808 98.28970538114 7.9016189666 1634.74622 1041.18372 3038.94092 1758.49255 1550.81592 1972.59863 10033
17.9407 3325965808656651520 98.50926915484 7.74303730316 1618.04004 1273.0144 2265.55469 2291.41626 1885.90381 2943.58447 10033
17.9424 3326125718880520704 98.72811749774 8.2853525637 1323.33704 1295.83826 1353.94385 1322.33032 1294.42737 1346.87817 10033
17.9526 3326038513865089280 98.27594451763 8.14501902793 1668.20715 715.908386 4431.88428 6892.83301 5381.57031 9180.2998 21033
17.9618 3326121256410291072 98.81623749761 8.19419000102 1420.47437 1256.06653 1630.66455 1558.61609 1393.98779 1806.34399 10033
17.9806 3326045901207825792 98.32784346126 8.2325201093 1361.0387 842.250854 2272.46606 853.508362 592.697632 1339.55542 10033
17.995 3325963781431186816 98.6841589756 7.76535706512 1238.77917 921.867249 1732.21106 1006.00543 908.514709 1112.15417 10033
18.0056 3326125998054182016 98.70922920812 8.29830226904 1676.08362 1506.2782 1915.16577 1655.10852 1537.63293 1822.02673 10033
18.0096 3326121595712434304 98.7884836755 8.23336508727 1556.08838 1060.2041 2690.66357 1410.09387 1225.81445 1584.13416 10033
18.0132 3326031573195604480 98.26600419235 7.95807513544 1647.55933 1615.54565 1689.18579 1632.56519 1592.79919 1676.44592 10033
18.0173 3326072328142885248 98.85800115339 8.08351914509 1376.32043 1262.97217 1521.56335 1390.82849 1291.03394 1510.62256 10033
18.0234 3325962720578138752 98.56434188982 7.73776569597 1420.49426 1359.77722 1483.62683 1406.26184 1347.00342 1466.45703 10033
