Clusters/Basel_8/Basel_8_stars_in_region.tsv
# %ECSV 1.0
# ---
# datatype:
# - name: RA_ICRS_1
#   unit: deg
#   datatype: float64
#   format: '{:15.11f}'
#   description: Right ascension (ICRS) at Ep=2016.0 (ra)
#   meta: !!omap
#   - {ucd: POS_EQ_RA_MAIN}
#   - {width: 15}
#   - {precision: '11'}
# - name: DE_ICRS_1
#   unit: deg
#   datatype: float64
#   format: '{:15.11f}'
#   description: Declination (ICRS) at Ep=2016.0 (dec)
#   meta: !!omap
#   - {ucd: POS_EQ_DEC_MAIN}
#   - {width: 15}
#   - {precision: '11'}
# - name: e_RA_ICRS
#   unit: mas
#   datatype: float64
#   format: '{:7.4f}'
#   description: Standard error of right ascension (ra_error)
#   meta: !!omap
#   - {ucd: ERROR}
#   - {width: 7}
#   - {precision: '4'}
# - name: e_DE_ICRS
#   unit: mas
#   datatype: float64
#   format: '{:7.4f}'
#   description: Standard error of declination (dec_error)
#   meta: !!omap
#   - {ucd: ERROR}
#   - {width: 7}
#   - {precision: '4'}
# - name: _r_1
#   unit: ''
#   datatype: float64
#   format: '{:7.4f}'
#   description: Distance from center (098.55820660000+08.03809416000)[ICRS], at Epoch=J2016.0
#   meta: !!omap
#   - {ucd: POS_ANG_DIST_GENERAL}
#   - {width: 7}
#   - {precision: '4'}
# - name: HIP
#   datatype: int32
#   description: '? HIP cross-id number, van Leeuwen, Cat. I/311 (hip_original_ext_source_id)'
#   meta: !!omap
#   - {ucd: ID_NUMBER}
#   - {width: 6}
#   - values: {'null': -2147483648}
# - name: TYC2
#   datatype: string
#   description: Tycho-2 cross-id name, Hog et al., Cat. I/259 (tyc2_original_ext_source_id)
#   meta: !!omap
#   - {ucd: ID_CROSSID}
#   - {_votable_string_dtype: char}
# - name: Source
#   datatype: int64
#   description: Source identifier, identical to the Gaia-EDR3 source_id (id)
#   meta: !!omap
#   - {ucd: ID_MAIN}
#   - {width: 19}
# - name: rgeo
#   unit: pc
#   datatype: float64
#   format: '{:15.8f}'
#   description: '? Median of the geometric distance posterior (r_med_geo)'
#   meta: !!omap
#   - {ucd: PHYS_DISTANCE_TRUE}
#   - {width: 15}
#   - {precision: '8'}
#   - values: {'null': .nan}
# - name: Plx
#   unit: mas
#   datatype: float64
#   format: '{:9.4f}'
#   description: '? Parallax (parallax)'
#   meta: !!omap
#   - {ucd: POS_PARLX_TRIG}
#   - {width: 9}
#   - {precision: '4'}
#   - values: {'null': .nan}
# - name: e_Plx
#   unit: mas
#   datatype: float32
#   format: '{:7.4f}'
#   description: '? Standard error of parallax (parallax_error)'
#   meta: !!omap
#   - {ucd: ERROR}
#   - {width: 7}
#   - {precision: '4'}
#   - values: {'null': .nan}
# - name: pmRA
#   unit: mas / yr
#   datatype: float64
#   format: '{:9.3f}'
#   description: '? Proper motion in right ascension direction, pmRA*cosDE (pmra)'
#   meta: !!omap
#   - {ucd: POS_EQ_PMRA}
#   - {width: 9}
#   - {precision: '3'}
#   - values: {'null': .nan}
# - name: pmDE
#   unit: mas / yr
#   datatype: float64
#   format: '{:9.3f}'
#   description: '? Proper motion in declination direction (pmdec)'
#   meta: !!omap
#   - {ucd: POS_EQ_PMDEC}
#   - {width: 9}
#   - {precision: '3'}
#   - values: {'null': .nan}
# - name: e_pmRA
#   unit: mas / yr
#   datatype: float32
#   format: '{:6.3f}'
#   description: '? Standard error of proper motion in right ascension direction (pmra_error)'
#   meta: !!omap
#   - {ucd: ERROR}
#   - {width: 6}
#   - {precision: '3'}
#   - values: {'null': .nan}
# - name: e_pmDE
[...]
#         unit: &id001 !astropy.units.Unit {unit: deg}
#         value: !astropy.table.SerializedColumn {name: SkyCoord.dec}
#       distance: !astropy.table.SerializedColumn
#         __class__: astropy.coordinates.distances.Distance
#         unit: !astropy.units.Unit {unit: pc}
#         value: !astropy.table.SerializedColumn {name: SkyCoord.distance}
#       frame: icrs
#       obstime: !astropy.time.Time {format: jyear_str, in_subfmt: '*', jd1: 367701545.0, jd2: 0.0, out_subfmt: '*', precision: 3, scale: tt}
#       pm_dec: !astropy.table.SerializedColumn
#         __class__: astropy.units.quantity.Quantity
#         unit: !astropy.units.Unit {unit: mas / yr}
#         value: !astropy.table.SerializedColumn {name: SkyCoord.pm_dec}
#       pm_ra_cosdec: !astropy.table.SerializedColumn
#         __class__: astropy.units.quantity.Quantity
#         unit: !astropy.units.Unit {unit: mas / yr}
#         value: !astropy.table.SerializedColumn {name: SkyCoord.pm_ra_cosdec}
#       ra: !astropy.table.SerializedColumn
#         __class__: astropy.coordinates.angles.core.Longitude
#         unit: *id001
#         value: !astropy.table.SerializedColumn {name: SkyCoord.ra}
#         wrap_angle: !astropy.coordinates.Angle
#           unit: *id001
#           value: 360.0
#       representation_type: spherical
# schema: astropy-2.0
RA_ICRS_1 DE_ICRS_1 e_RA_ICRS e_DE_ICRS _r_1 HIP TYC2 Source rgeo Plx e_Plx pmRA pmDE e_pmRA e_pmDE RUWE Teff logg Gmag BP-RP BPmag RPmag RV e_RV b_rgeo B_rgeo FG e_FG FBP e_FBP FRP e_FRP RAVE5 RAVE6 e_Gmag e_BPmag e_RPmag e_BP-RP SkyCoord.ra SkyCoord.dec SkyCoord.distance SkyCoord.pm_ra_cosdec SkyCoord.pm_dec
[from data line 2232]
98.57494397811 7.38273940896 0.0251 0.0258 39.3339 "" "" 3325918224717696512 1611.7395 0.5824 0.0301 -0.026 -2.477 0.032 0.026 1.013 5887.5 4.0418 15.065095 1.02899 15.489335 14.460345 "" "" 1540.87109 1685.61475 17738.16329 6.3379 8703.3 20.363 13032.0 16.738 "" "" 0.0027824960774239893 0.0037733389 0.0040284414 0.0078017805 98.57494397811 7.38273940896 1611.7395 -0.025999999999999995 -2.477
99.2040923446 7.9737804224 0.0233 0.0218 38.569 "" "" 3326053292848296192 1923.23584 0.4716 0.0268 -1.197 1.355 0.029 0.024 0.969 7171.9 4.0979 15.065439 1.161312 15.558309 14.396997 "" "" 1840.35645 2022.63171 17732.53799 5.6071 8167.6 19.379 13815.0 12.372 "" "" 0.0027766263707737888 0.0037975379 0.0039024546 0.0076999925 99.2040923446 7.9737804224 1923.23584 -1.1970000000000003 1.355
98.34696910518 8.57433820445 0.0266 0.024 34.5325 "" "" 3326336898129135872 1299.03479 0.7355 0.029 -4.609 2.601 0.033 0.028 0.984 6058.2 4.1805 15.065766 0.952406 15.452435 14.50003 "" "" 1250.07971 1354.75562 17727.20918 6.9698 9004.2 21.696 12565.0 19.744 "" "" 0.0027881919990160324 0.0038248096 0.0041466136 0.007971423 98.34696910518 8.57433820445 1299.03479 -4.608999999999999 2.601
98.0918706816 8.13215858784 0.0253 0.0302 28.2711 "" "" 3326225400778169728 1926.25366 0.4903 0.0384 -1.494 -4.47 0.029 0.027 0.978 6137.4 4.0895 15.067695 0.907277 15.428895 14.521618 "" "" 1771.52588 2096.66577 17695.74125 7.1858 9201.5 19.098 12317.0 25.133 "" "" 0.002790371617648726 0.0035865325 0.0043808655 0.007967398 98.0918706816 8.13215858784 1926.25366 -1.494 -4.470000000000001
98.54931553897 8.03284667595 0.0389 0.0333 0.6149 "" "" 3326027213806919424 1006.32904 0.957 0.0451 -4.182 -4.022 0.05 0.041 0.973 5317.0 4.3775 15.068112 1.037512 15.50521 14.467698 "" "" 969.700134 1054.43262 17688.93214 7.8981 8577.0 25.595 12944.0 30.292 "" "" 0.0027976421699752512 0.0042758156 0.0045540957 0.008829911 98.54931553897 8.03284667595 1006.32904 -4.182000000000001 -4.022
98.43190577005 8.37045748802 0.0255 0.0249 21.3057 "" "" 3326048997880678912 2169.59448 0.4223 0.031 -0.787 -4.147 0.031 0.026 0.994 6116.9 4.107 15.068274 1.04714 15.502315 14.455174 "" "" 2037.5011 2300.17969 17686.31556 7.3142 8599.9 14.44 13094.0 18.616 "" "" 0.0027916656841084526 0.0033329495 0.0040824586 0.0074154083 98.43190577005 8.37045748802 2169.59448 -0.787 -4.147
98.13959671392 8.04652788998 0.0235 0.0241 24.8747 "" "" 3326036216058540672 708.677185 1.3636 0.029 -1.316 -4.799 0.028 0.024 0.977 5001.6 4.505 15.069217 1.047066 15.510809 14.463743 "" "" 696.33606 723.769714 17670.95022 6.4319 8532.8 15.032 12992.0 15.005 "" "" 0.0027835162860220747 0.0033828265 0.0039819777 0.007364804 98.13959671392 8.04652788998 708.677185 -1.3160000000000003 -4.799
98.72633643467 8.51043023078 0.0241 0.0267 30.047 "" "" 3326150457892884096 1075.24414 0.894 0.0348 0.143 -1.272 0.033 0.028 0.929 5809.9 4.4346 15.069346 0.949885 15.456165 14.50628 "" "" 1033.17664 1115.59387 17668.85042 9.7422 8973.3 25.833 12492.0 24.968 "" "" 0.002819604812745559 0.0041898726 0.0043580937 0.008547966 98.72633643467 8.51043023078 1075.24414 0.143 -1.272
97.93263800627 8.2795871851 0.0253 0.0245 39.8796 "" "" 3326242821165520000 983.340881 0.9774 0.0299 0.937 -15.52 0.029 0.025 1.067 5339.4 4.3757 15.069376 1.157294 15.568398 14.411104 "" "" 955.233704 1013.96716 17668.36142 6.2385 8092.0 19.29 13637.0 18.753 "" "" 0.0027818618312647645 0.0038057738 0.0040636123 0.007869386 97.93263800627 8.2795871851 983.340881 0.9370000000000002 -15.519999999999998
98.62816101719 7.38054562465 0.0289 0.0278 39.6716 "" "" 3325917365724219904 1556.86792 0.597 0.0349 2.38 -1.778 0.035 0.027 1.082 6154.4 4.1876 15.069447 1.067805 15.511525 14.44372 "" "" 1487.479 1669.32654 17667.22076 9.9724 8527.2 17.56 13233.0 18.35 "" "" 0.0028226542792555566 0.0035754812 0.0040682284 0.00764371 98.62816101719 7.38054562465 1556.86792 2.3800000000000003 -1.7780000000000005
98.2417675921 7.9681662251 0.0259 0.0254 19.2639 "" "" 3326031744995118976 1571.09106 0.592 0.0327 -0.707 -0.671 0.03 0.027 0.878 5965.1 4.016 15.069453 0.984028 15.475164 14.491137 "" "" 1494.84167 1666.77234 17667.11187 8.2942 8817.6 19.445 12668.0 22.662 "" "" 0.002802071692041853 0.003676657 0.0042492617 0.007925918 98.2417675921 7.9681662251 1571.09106 -0.7069999999999999 -0.671
98.94888244813 8.48958268898 0.0296 0.0232 35.6642 "" "" 3326136752652124544 2089.98535 0.4425 0.0307 1.773 1.315 0.03 0.025 1.051 7047.7 4.1737 15.070016 0.928261 15.44334 14.51508 "" "" 1944.87427 2265.82129 17657.94965 6.8873 9079.9 18.164 12392.0 15.994 "" "" 0.0027876737301832824 0.0035358905 0.0040308125 0.007566703 98.94888244813 8.48958268898 2089.98535 1.7729999999999997 1.315
98.27791596088 8.21235547721 0.0236 0.0252 19.6595 "" "" 3326040167427955200 2147.9502 0.4239 0.0311 -0.247 -0.868 0.028 0.026 0.978 9003.9 4.2391 15.070065 0.7215 15.351332 14.629831 "" "" 2015.17297 2336.56909 17657.15939 7.7223 9882.9 19.93 11149.0 19.667 "" "" 0.0027959372983354966 0.0035466896 0.0042369715 0.007783661 98.27791596088 8.21235547721 2147.9502 -0.247 -0.8679999999999999
98.07974570322 8.49486950409 0.0236 0.0222 39.4741 "" "" 3326253335245270912 1264.62451 0.7498 0.0272 2.075 -2.469 0.031 0.026 0.994 5892.7 4.2775 15.071211 0.960099 15.466663 14.506564 "" "" 1219.78003 1300.56921 17638.53504 6.9877 8886.9 11.599 12489.0 17.081 "" "" 0.002788691105181296 0.0031294033 0.0040606386 0.007190042 98.07974570322 8.49486950409 1264.62451 2.075 -2.469
99.00540676225 8.28034250282 0.1102 0.1139 30.2773 "" "" 3326128781192888448 1694.91248 0.6399 0.1502 0.411 -1.894 0.143 0.118 5.47 7177.2 4.1776 15.071219 0.989646 15.458402 14.468756 "" "" 1346.17603 2965.28809 17638.39653 23.381 8954.8 19.76 12932.0 17.698 "" "" 0.003108561417405938 0.0036776396 0.00406098 0.0077386196 99.00540676225 8.28034250282 1694.91248 0.411 -1.8940000000000001
98.94965343732 7.62909981027 0.0255 0.0261 33.8168 "" "" 3325946429763128064 2273.62329 0.3969 0.0317 -0.194 -0.877 0.03 0.026 0.99 9262.7 4.1232 15.071325 0.907837 15.436736 14.528899 "" "" 2119.95654 2458.52124 17636.66389 6.5992 9135.3 19.594 12235.0 23.499 "" "" 0.002785109127985186 0.0036343043 0.0043165064 0.007950811 98.94965343732 7.62909981027 2273.62329 -0.19399999999999998 -0.8769999999999998
98.96256159084 7.76476983783 0.0285 0.026 29.0934 "" "" 3325954435582348672 2127.34595 0.4278 0.0311 -0.652 -2.145 0.037 0.032 1.009 6867.3 4.1408 15.071801 1.151638 15.564308 14.41267 "" "" 2011.88672 2297.20264 17628.94156 6.486 8122.6 16.989 13617.0 16.709 "" "" 0.0027841262455899247 0.003597501 0.0040073283 0.007604829 98.96256159084 7.76476983783 2127.34595 -0.6520000000000002 -2.1449999999999996
98.55478656331 8.10659134327 0.0277 0.0251 4.1148 "" "" 3326028107160080768 2095.66821 0.434 0.0311 0.802 -2.949 0.033 0.027 0.99 "" "" 15.072399 1.222099 15.6001 14.378001 "" "" 1971.13489 2266.7334 17619.23966 6.6166 7859.2 17.313 14059.0 20.822 "" "" 0.0027853245154438686 0.003674994 0.0041072457 0.0077822395 98.55478656331 8.10659134327 2095.66821 0.8020000000000002 -2.949
98.75260908202 7.98097243242 0.0275 0.0249 12.0481 "" "" 3325977598344656256 2175.37329 0.4249 0.0295 0.267 -1.483 0.032 0.028 1.086 6010.4 3.8574 15.073 1.222506 15.590478 14.367971 "" "" 2051.25122 2315.00806 17609.49301 8.4227 7929.1 17.331 14190.0 29.539 "" "" 0.0028038321761391133 0.003662903 0.004403637 0.00806654 98.75260908202 7.98097243242 2175.37329 0.26699999999999996 -1.4830000000000003
98.82128586793 8.35488953997 0.0283 0.0233 24.6046 "" "" 3326127853479991936 1405.22217 0.6737 0.0322 -1.042 -7.772 0.032 0.029 0.949 6057.4 4.1756 15.073002 1.03454 15.50057 14.46603 "" "" 1344.0188 1474.42285 17609.45726 7.0484 8613.7 17.887 12964.0 15.641 "" "" 0.0027893813712477054 0.0035872452 0.003999957 0.007587202 98.82128586793 8.35488953997 1405.22217 -1.042 -7.772
98.12420078722 8.2069050325 0.026 0.0238 27.6975 "" "" 3326228286996139008 1382.56067 0.6793 0.0303 2.505 -4.98 0.03 0.025 0.954 5539.9 4.2455 15.073941 0.996824 15.482133 14.485309 "" "" 1331.13721 1434.82581 17594.22856 5.5627 8761.2 29.341 12736.0 22.57 "" "" 0.002776621288585047 0.0045832586 0.0042409673 0.0088242255 98.12420078722 8.2069050325 1382.56067 2.5049999999999994 -4.98
98.6673778632 8.44153538799 0.025 0.0231 25.0595 "" "" 3326144204420844288 1339.32349 0.706 0.0275 3.522 3.597 0.037 0.031 1.047 6295.0 4.1873 15.073976 1.050266 15.509906 14.45964 "" "" 1290.37097 1384.75391 17593.66748 6.4736 8539.9 14.789 13041.0 17.026 "" "" 0.0027841313641150793 0.0033645658 0.0040364666 0.0074010324 98.6673778632 8.44153538799 1339.32349 3.5220000000000002 3.596999999999999
98.94839689886 7.64814897214 0.0269 0.0253 32.9438 "" "" 3325952378297414784 2241.77588 0.4043 0.0301 -0.26 -0.926 0.033 0.03 0.98 9461.9 4.1692 15.077127 0.82711 15.398278 14.571168 "" "" 2114.18359 2408.85498 17542.69557 6.9948 9464.7 23.361 11768.0 22.255 "" "" 0.0027891226851457724 0.0038686679 0.0043011284 0.008169796 98.94839689886 7.64814897214 2241.77588 -0.26 -0.9259999999999999
97.99810690267 8.46035625749 0.0235 0.0224 41.8092 "" "" 3326246944333994368 1837.88757 0.5012 0.0266 0.352 -2.309 0.03 0.028 1.058 7048.9 4.3245 15.077151 0.910708 15.443421 14.532713 "" "" 1763.7323 1918.91309 17542.28925 5.699 9079.2 16.789 12192.0 15.885 "" "" 0.002777805712864556 0.0034374348 0.004035449 0.007472884 97.99810690267 8.46035625749 1837.88757 0.35200000000000004 -2.309
99.0214837519 7.74147626577 0.0265 0.0248 32.7846 "" "" 3325954852198516736 1414.93457 0.6701 0.0295 0.287 -1.829 0.034 0.028 0.987 6662.2 4.207 15.078282 1.134236 15.55832 14.424084 "" "" 1345.08667 1480.81897 17524.01681 5.7906 8167.5 19.983 13475.0 19.649 "" "" 0.002778579524600898 0.003852478 0.0040975907 0.007950068 99.0214837519 7.74147626577 1414.93457 0.2869999999999999 -1.829
98.28657636419 8.20018144401 0.0257 0.0273 18.8388 "" "" 3326039961269525760 2142.86035 0.4314 0.0343 0.067 -2.16 0.032 0.029 1.043 7256.5 4.079 15.078432 0.874166 15.419523 14.545357 "" "" 1927.33545 2278.79883 17521.5993 7.7745 9281.3 26.854 12051.0 27.052 "" "" 0.002797118844935417 0.004201607 0.004497102 0.008698709 98.28657636419 8.20018144401 2142.86035 0.067 -2.16
98.42432038247 7.71307671877 0.0256 0.027 21.0621 "" "" 3325942585771531776 2298.8645 0.3986 0.0315 -0.282 -0.657 0.028 0.026 1.088 7981.8 4.2643 15.078554 0.726321 15.363359 14.637038 "" "" 2160.5022 2553.64014 17519.63547 6.9092 9774.0 21.163 11075.0 22.287 "" "" 0.0027883916591691163 0.0036485137 0.004365493 0.008014007 98.42432038247 7.71307671877 2298.8645 -0.282 -0.657
98.12774525669 7.79713848399 0.0283 0.0254 29.3841 "" "" 3325993403825386112 598.170349 1.6249 0.031 -8.146 -2.67 0.035 0.03 0.907 4894.7 4.5488 15.079659 1.144639 15.570651 14.426012 "" "" 587.790283 612.98584 17501.82174 7.4348 8075.3 23.495 13451.0 17.47 "" "" 0.002793656288367033 0.0042147287 0.0040338845 0.008248613 98.12774525669 7.79713848399 598.170349 -8.146 -2.6700000000000004
99.15892454989 8.01774408141 0.0246 0.0221 35.7107 "" "" 3326056591383178624 2299.57544 0.3912 0.0272 1.249 -1.73 0.03 0.027 1.038 7211.2 3.9586 15.0797 1.046694 15.512408 14.465714 "" "" 2184.14136 2454.10132 17501.14479 5.7134 8520.3 18.66 12968.0 13.789 "" "" 0.0027780249720599547 0.003665942 0.0039517763 0.0076177185 99.15892454989 8.01774408141 2299.57544 1.249 -1.73
98.30460868498 8.03259842459 0.2815 0.2535 15.0701 "" "" 3326032539567380736 869.125854 1.3633 0.3299 -0.578 -2.518 0.333 0.277 13.926 5406.9 4.6614 15.079798 1.043312 15.461359 14.418047 "" "" 650.190918 1089.99695 17499.57339 69.672 8930.4 16.87 13550.0 23.353 "" "" 0.005126160946254822 0.003462904 0.004217255 0.007680159 98.30460868498 8.03259842459 869.125854 -0.578 -2.518
98.74513592319 7.80040984804 0.0281 0.026 18.0771 "" "" 3325964266766900096 1744.8855 0.5346 0.0284 0.596 -1.55 0.035 0.03 0.996 5079.8 3.4625 15.080178 1.671682 15.875872 14.204189 -9.72 6.65 1671.35791 1837.16138 17493.44336 5.8584 6096.3 15.908 16500.0 19.128 "" "" 0.0027792079609691434 0.0039764224 0.0039834613 0.007959884 98.74513592319 7.80040984804 1744.8855 0.5959999999999999 -1.55
99.10814403873 7.73947734029 0.0258 0.0235 37.2728 "" "" 3133801451350346240 1983.12256 0.4653 0.0287 -1.21 -0.951 0.033 0.027 0.963 9499.0 4.3153 15.080482 0.669589 15.338678 14.669089 "" "" 1874.12732 2103.78857 17488.56163 8.6376 9998.7 16.465 10753.0 19.217 "" "" 0.0028070176642320554 0.0033138534 0.0042483746 0.007562228 99.10814403873 7.73947734029 1983.12256 -1.2099999999999995 -0.9509999999999998
97.8543462684 7.96527523491 0.0288 0.0259 42.0481 "" "" 3326193824178810368 797.17981 1.2055 0.0317 0.11 -3.785 0.036 0.03 1.071 5652.6 4.5466 15.080936 1.088505 15.474094 14.38559 "" "" 780.211243 816.701721 17481.25175 8.8961 8826.3 60.12 13961.0 207.59 "" "" 0.002810173048732862 0.007904286 0.016580595 0.02448488 97.8543462684 7.96527523491 797.17981 0.10999999999999999 -3.785
98.63599233022 7.72248155644 0.0244 0.025 19.4929 "" "" 3325962033383968000 1361.30469 0.6966 0.0308 -2.279 0.559 0.03 0.025 0.971 6953.7 4.3918 15.081587 1.024278 15.507135 14.482858 "" "" 1315.02917 1411.6842 17470.76242 6.0112 8561.8 18.008 12765.0 19.431 "" "" 0.002780529623598477 0.0036055497 0.0041249488 0.0077304984 98.63599233022 7.72248155644 1361.30469 -2.279 0.559
99.02545866426 8.51417885272 0.0298 0.025 39.8201 "" "" 3326160151633917696 1083.70056 0.8832 0.0318 -3.702 4.894 0.03 0.026 1.039 5951.0 4.1315 15.083673 1.000132 15.495995 14.495864 "" "" 1051.29224 1119.92126 17437.22266 7.1393 8650.0 14.571 12613.0 13.02 "" "" 0.002790949252879927 0.0033361716 0.003942062 0.0072782338 99.02545866426 8.51417885272 1083.70056 -3.7019999999999995 4.894
97.94638051368 7.72831519302 0.0246 0.022 40.8375 "" "" 3325997320834390528 949.167236 1.0138 0.0279 -2.213 -8.12 0.034 0.027 0.982 5642.5 4.233 15.083691 1.372136 15.697532 14.325396 "" "" 925.003418 972.93158 17436.95616 5.926 7184.6 15.709 14757.0 21.901 "" "" 0.002779917885404593 0.0036634207 0.0041085496 0.0077719702 97.94638051368 7.72831519302 949.167236 -2.213 -8.120000000000001
98.70409609118 8.68551402046 0.0251 0.0239 39.7989 "" "" 3326342430046777728 1813.83557 0.5101 0.03 2.418 -2.355 0.032 0.028 1.018 7126.5 4.2494 15.084009 0.865694 15.426838 14.561144 "" "" 1703.19812 1900.38782 17431.82646 6.4284 9219.0 25.084 11877.0 25.279 "" "" 0.0027842597513281723 0.0040635257 0.0044298866 0.008493412 98.70409609118 8.68551402046 1813.83557 2.4180000000000006 -2.355
98.84473389132 7.67167826353 0.0268 0.025 27.8095 "" "" 3325947701073501696 1336.41443 0.7019 0.0312 -0.282 -2.487 0.036 0.031 1.01 7110.9 4.3322 15.084075 1.242991 15.612209 14.369218 "" "" 1274.48303 1393.57117 17430.78435 16.326 7772.0 28.832 14173.0 45.7 "" "" 0.0029369912377616896 0.0048998063 0.005151696 0.010051502 98.84473389132 7.67167826353 1336.41443 -0.282 -2.487
98.58884077638 8.31453713058 0.0282 0.0268 16.6861 "" "" 3326138363265233792 1356.55029 0.7083 0.029 -4.718 5.369 0.036 0.031 0.935 6001.8 4.172 15.084146 1.033425 15.515291 14.481866 "" "" 1302.53955 1405.3219 17429.63266 6.2515 8497.7 16.659 12776.0 21.491 "" "" 0.00278270350297302 0.0035093478 0.0041975365 0.0077068843 98.58884077638 8.31453713058 1356.55029 -4.717999999999999 5.369000000000001
98.79006990029 7.59924216262 0.0272 0.0287 29.7201 "" "" 3325945575069284992 931.067322 1.0281 0.0346 -0.033 -1.343 0.033 0.028 1.011 5666.7 4.4628 15.084183 1.049743 15.524806 14.475063 "" "" 904.777954 960.282227 17429.04017 11.991 8423.5 29.164 12857.0 24.236 "" "" 0.0028547787065321055 0.0046814047 0.00429797 0.008979375 98.79006990029 7.59924216262 931.067322 -0.033 -1.343
