Clusters/Basel_8/Basel_8_nsfs.tsv
# %ECSV 1.0
# ---
# datatype:
# - name: RA_ICRS_1
#   unit: deg
#   datatype: float64
#   format: '{:15.11f}'
#   description: Right ascension (ICRS) at Ep=2016.0 (ra)
#   meta: !!omap
#   - {ucd: POS_EQ_RA_MAIN}
#   - {width: 15}
#   - {precision: '11'}
# - name: DE_ICRS_1
#   unit: deg
#   datatype: float64
#   format: '{:15.11f}'
#   description: Declination (ICRS) at Ep=2016.0 (dec)
#   meta: !!omap
#   - {ucd: POS_EQ_DEC_MAIN}
#   - {width: 15}
#   - {precision: '11'}
# - name: e_RA_ICRS
#   unit: mas
#   datatype: float64
#   format: '{:7.4f}'
#   description: Standard error of right ascension (ra_error)
#   meta: !!omap
#   - {ucd: ERROR}
#   - {width: 7}
#   - {precision: '4'}
# - name: e_DE_ICRS
#   unit: mas
#   datatype: float64
#   format: '{:7.4f}'
#   description: Standard error of declination (dec_error)
#   meta: !!omap
#   - {ucd: ERROR}
#   - {width: 7}
#   - {precision: '4'}
# - name: _r_1
#   unit: ''
#   datatype: float64
#   format: '{:7.4f}'
#   description: Distance from center (098.55820660000+08.03809416000)[ICRS], at Epoch=J2016.0
#   meta: !!omap
#   - {ucd: POS_ANG_DIST_GENERAL}
#   - {width: 7}
#   - {precision: '4'}
# - name: HIP
#   datatype: int32
#   description: '? HIP cross-id number, van Leeuwen, Cat. I/311 (hip_original_ext_source_id)'
#   meta: !!omap
#   - {ucd: ID_NUMBER}
#   - {width: 6}
#   - values: {'null': -2147483648}
# - name: TYC2
#   datatype: string
#   description: Tycho-2 cross-id name, Hog et al., Cat. I/259 (tyc2_original_ext_source_id)
#   meta: !!omap
#   - {ucd: ID_CROSSID}
#   - {_votable_string_dtype: char}
# - name: Source
#   datatype: int64
#   description: Source identifier, identical to the Gaia-EDR3 source_id (id)
#   meta: !!omap
#   - {ucd: ID_MAIN}
#   - {width: 19}
# - name: rgeo
#   unit: pc
#   datatype: float64
#   format: '{:15.8f}'
#   description: '? Median of the geometric distance posterior (r_med_geo)'
#   meta: !!omap
#   - {ucd: PHYS_DISTANCE_TRUE}
#   - {width: 15}
#   - {precision: '8'}
#   - values: {'null': .nan}
# - name: Plx
#   unit: mas
#   datatype: float64
#   format: '{:9.4f}'
#   description: '? Parallax (parallax)'
#   meta: !!omap
#   - {ucd: POS_PARLX_TRIG}
#   - {width: 9}
#   - {precision: '4'}
#   - values: {'null': .nan}
# - name: e_Plx
#   unit: mas
#   datatype: float32
#   format: '{:7.4f}'
#   description: '? Standard error of parallax (parallax_error)'
#   meta: !!omap
#   - {ucd: ERROR}
#   - {width: 7}
#   - {precision: '4'}
#   - values: {'null': .nan}
# - name: v_pec
#   unit: km / s
#   datatype: float64
#   format: '{:9.3f}'
#   description: '? Proper motion in right ascension direction, pmRA*cosDE (pmra)'
#   meta: !!omap
#   - {ucd: POS_EQ_PMRA}
#   - {width: 9}
#   - {precision: '3'}
#   - values: {'null': .nan}
# - name: "\xB5_pec"
#   unit: mas / yr
#   datatype: float64
#   format: '{:9.3f}'
#   description: '? Proper motion in right ascension direction, pmRA*cosDE (pmra)'
#   meta: !!omap
#   - {ucd: POS_EQ_PMRA}
#   - {width: 9}
#   - {precision: '3'}
#   - values: {'null': .nan}
# - name: rmRA
#   unit: mas / yr
#   datatype: float64
#   format: '{:9.3f}'
#   description: '? Proper motion in right ascension direction, pmRA*cosDE (pmra)'
#   meta: !!omap
#   - {ucd: POS_EQ_PMRA}
#   - {width: 9}
#   - {precision: '3'}
#   - values: {'null': .nan}
[...]
#   description: RAVE DR6 cross-id name, Steinmetz et al., Cat. III/283 (rave6_original_ext_source_id)
#   meta: !!omap
#   - {ucd: ID_CROSSID}
#   - {_votable_string_dtype: char}
# - name: e_Gmag
#   unit: ''
#   datatype: float64
#   format: '{:11.4g}'
#   description: '? Error on G-band mean flux (phot_g_mean_flux_error)'
#   meta: !!omap
#   - {ucd: ERROR}
#   - {width: 11}
#   - {precision: E4}
#   - values: {'null': .nan}
# - name: e_BPmag
#   unit: ''
#   datatype: float32
#   format: '{:11.4g}'
#   description: '? Error on the integrated BP mean flux (phot_bp_mean_flux_error)'
#   meta: !!omap
#   - {ucd: ERROR}
#   - {width: 11}
#   - {precision: E4}
#   - values: {'null': .nan}
# - name: e_RPmag
#   unit: ''
#   datatype: float32
#   format: '{:11.4g}'
#   description: '? Error on the integrated RP mean flux (phot_rp_mean_flux_error)'
#   meta: !!omap
#   - {ucd: ERROR}
#   - {width: 11}
#   - {precision: E4}
#   - values: {'null': .nan}
# - name: e_BP-RP
#   unit: ''
#   datatype: float32
#   format: '{:11.4g}'
#   description: '? Error on the integrated BP mean flux (phot_bp_mean_flux_error)'
#   meta: !!omap
#   - {ucd: ERROR}
#   - {width: 11}
#   - {precision: E4}
#   - values: {'null': .nan}
# meta: !!omap
# - {ID: I_352_gedr3dis}
# - {name: I/352/gedr3dis}
# - {description: Estimating distances from parallaxes (1467744818 sources)}
# schema: astropy-2.0
RA_ICRS_1 DE_ICRS_1 e_RA_ICRS e_DE_ICRS _r_1 HIP TYC2 Source rgeo Plx e_Plx v_pec µ_pec rmRA e_rmRA rmDE e_rmDE pmRA pmDE e_pmRA e_pmDE RUWE Teff logg Gmag BP-RP BPmag RPmag RV e_RV b_rgeo B_rgeo FG e_FG FBP e_FBP FRP e_FRP RAVE5 RAVE6 e_Gmag e_BPmag e_RPmag e_BP-RP
[from data line 232]
98.55994611277 8.16094457561 0.0508 0.0439 7.3717 "" "" 3326030679843630592 1432.08777 0.6614 0.0541 10.905380496023652 1.606544817302026 -0.01200000000000001 0.1280024 1.6065 0.09492104 -0.13 -0.753 0.059 0.048 2.057 "" "" 14.977551 0.647531 14.710706 14.063175 "" "" 1334.1062 1557.60376 19227.64516 23.044 17829.0 308.8 18788.0 290.07 "" "" 0.003047130557189903 0.01901092 0.017183574 0.036194496
98.09303349275 8.20447981313 0.027 0.0252 29.3787 "" "" 3326227045747569536 1415.57764 0.6644 0.0306 16.286503645316962 2.4272573514153786 -0.20600000000000002 0.10000241 -2.4184999999999994 0.07392103 -0.324 -4.778 0.031 0.027 1.132 5799.0 4.2715 14.986007 0.983105 15.350494 14.36739 "" "" 1357.07104 1470.22534 19078.48911 8.0383 9890.5 29.07 14197.0 147.04 "" "" 0.002793036115843736 0.004238947 0.011863218 0.016102165
98.86296779345 8.37959153603 0.0275 0.0228 27.3383 "" "" 3326133900793918848 1486.0675 0.6321 0.031 11.613016939700461 1.6486489165374174 0.791 0.09900241 -1.4465 0.07392103 0.673 -3.806 0.03 0.027 0.95 6297.7 4.2605 14.994693 0.890884 15.353524 14.46264 "" "" 1431.70984 1567.76599 18926.46305 7.2167 9863.0 17.257 13005.0 26.818 "" "" 0.0027862483728292066 0.0033754755 0.0043927818 0.0077682575
99.16610328415 8.02792566368 0.0269 0.0249 36.1211 "" "" 3326056690166356864 1355.49219 0.6923 0.0266 10.12674934272933 1.5761396670346193 1.548 0.103002414 -0.2965 0.07592103 1.43 -2.656 0.034 0.029 1.072 5523.8 4.1618 15.007764 1.12179 15.479784 14.357994 "" "" 1312.72998 1400.2218 18699.97821 6.3449 8780.2 16.578 14321.0 17.172 "" "" 0.002779838249336307 0.0034622988 0.0039973273 0.007459626
98.84768167421 8.29101125661 0.0276 0.0241 22.9317 "" "" 3326126616526822272 1376.3064 0.6826 0.0318 15.040863611963601 2.3055752535972447 -0.839 0.104002416 -2.1474999999999995 0.07392103 -0.957 -4.507 0.035 0.027 0.964 5524.9 4.2083 15.014388 1.037156 15.423548 14.386392 "" "" 1320.42334 1427.92554 18586.23108 7.7533 9246.9 35.854 13951.0 60.823 "" "" 0.0027922972813710116 0.005050526 0.0060572443 0.011107771
99.11643773464 7.63027370023 0.0269 0.024 41.2278 "" "" 3133798015376945280 1539.81934 0.608 0.0317 17.540161617328906 2.403175451355976 2.4 0.104002416 0.12349999999999994 0.07692103 2.282 -2.236 0.035 0.03 1.011 6920.0 4.1455 15.022419 0.896288 15.380976 14.484688 "" "" 1472.68921 1605.70093 18449.26644 6.0632 9616.7 32.159 12743.0 13.946 "" "" 0.00277832839807719 0.0045790463 0.003961771 0.008540817
98.76333312714 7.92241635466 0.0268 0.0251 14.026 "" "" 3325974982706071808 1426.63989 0.6598 0.0299 10.582009419063755 1.5648598180028777 -1.2839999999999998 0.10200241 -0.8944999999999999 0.07392103 -1.402 -3.254 0.033 0.027 1.007 6930.9 4.2996 15.026475 1.141946 15.510439 14.368493 "" "" 1364.62256 1491.74109 18380.47862 6.2739 8535.7 17.582 14183.0 34.557 "" "" 0.0027801319299340485 0.003575839 0.0046132305 0.008189069
98.42300807025 7.78687663525 0.0244 0.0241 17.0808 "" "" 3325990414527298432 1360.05396 0.696 0.0297 17.050041094088755 2.6447885076126596 2.506 0.10000241 -0.8454999999999999 0.071921036 2.388 -3.205 0.031 0.025 1.006 6549.4 4.2806 15.037287 1.043162 15.470958 14.427795 "" "" 1307.14014 1408.43152 18198.34519 6.1178 8851.8 16.975 13429.0 13.324 "" "" 0.0027793904418978296 0.0034814088 0.0039299093 0.007411318
99.21115191899 7.87725942678 0.026 0.0231 39.9815 "" "" 3326051334343249408 1442.38611 0.656 0.0305 12.570070246188276 1.8385601023627158 -0.951 0.10500241 1.5735000000000001 0.07292104 -1.069 -0.786 0.036 0.026 0.927 7068.9 4.3425 15.037534 1.026139 15.464251 14.438111 "" "" 1384.32275 1496.625 18194.21576 6.2769 8906.7 22.667 13302.0 19.118 "" "" 0.0027806643348747806 0.003926824 0.0040888544 0.008015678
98.79846110956 8.43807225407 0.0249 0.0228 27.919 "" "" 3326146270299731200 1465.12415 0.6383 0.0288 11.269847747195547 1.6228010506528519 0.651 0.10000241 -1.4865 0.074921034 0.533 -3.846 0.031 0.028 0.902 6441.5 4.2817 15.045198 0.942439 15.426982 14.484543 "" "" 1389.99609 1534.46411 18066.22996 7.0233 9217.7 20.067 12745.0 17.948 "" "" 0.002787461853095655 0.003656763 0.0040769465 0.007733709
98.49151306587 7.98763017743 0.0278 0.0255 4.9869 "" "" 3326021063413798912 1668.86304 0.558 0.0342 15.973008271190789 2.01923877983759 -0.685 0.10200241 -1.8995000000000002 0.07292104 -0.803 -4.259 0.033 0.026 0.898 6764.4 4.2438 15.046789 0.896993 15.408741 14.511748 "" "" 1595.19214 1784.63513 18039.77149 6.8646 9373.9 17.771 12430.0 17.968 "" "" 0.0027861232780725365 0.0034672448 0.0040923054 0.00755955
98.1277349102 8.46569054681 0.0266 0.0237 36.2157 "" "" 3326252338812849664 1400.02515 0.6763 0.0298 10.712287990686287 1.6142398365794348 -1.44 0.10100241 0.7295000000000003 0.07392103 -1.558 -1.63 0.032 0.027 1.149 5983.0 4.1607 15.053178 0.999436 15.461699 14.462263 "" "" 1323.65479 1465.97815 17933.93093 7.3565 8927.7 17.362 13009.0 19.131 "" "" 0.0027910827692801746 0.0034990488 0.004102818 0.007601867
98.43354431583 7.46585380635 0.0288 0.0261 35.1252 "" "" 3325917056486610176 1561.62158 0.5998 0.0305 10.347521615590614 1.3979196149993747 -0.967 0.10600241 -1.0095 0.07792103 -1.085 -3.369 0.037 0.031 1.251 5289.0 4.0872 15.056834 1.38869 15.681859 14.293169 "" "" 1500.10913 1628.14441 17873.63472 6.555 7289.1 15.773 15202.0 27.501 "" "" 0.002783943266911719 0.0036475917 0.0042592916 0.007906883
99.12911364373 7.8672046124 0.0251 0.0225 35.4406 "" "" 3326050406630342016 1393.85059 0.6818 0.0282 16.236754993659225 2.457563071418514 -2.434 0.10500241 0.33950000000000014 0.07392103 -2.552 -2.02 0.036 0.027 0.919 6522.4 4.3 15.063394 0.972708 15.458325 14.485618 "" "" 1338.97473 1447.06213 17765.98864 6.8044 8955.4 12.582 12732.0 17.025 "" "" 0.002786523121857954 0.0031799292 0.004048645 0.0072285742
98.2417675921 7.9681662251 0.0259 0.0254 19.2639 "" "" 3326031744995118976 1571.09106 0.592 0.0327 13.31728684804896 1.7882822064763717 -0.589 0.09900241 1.6885000000000001 0.07392103 -0.707 -0.671 0.03 0.027 0.878 5965.1 4.016 15.069453 0.984028 15.475164 14.491137 "" "" 1494.84167 1666.77234 17667.11187 8.2942 8817.6 19.445 12668.0 22.662 "" "" 0.002802071692041853 0.003676657 0.0042492617 0.007925918
98.07974570322 8.49486950409 0.0236 0.0222 39.4741 "" "" 3326253335245270912 1264.62451 0.7498 0.0272 13.161920951411595 2.1957320533252687 2.193 0.10000241 -0.10949999999999971 0.07292104 2.075 -2.469 0.031 0.026 0.994 5892.7 4.2775 15.071211 0.960099 15.466663 14.506564 "" "" 1219.78003 1300.56921 17638.53504 6.9877 8886.9 11.599 12489.0 17.081 "" "" 0.002788691105181296 0.0031294033 0.0040606386 0.007190042
98.67819924293 8.00729280838 0.0265 0.0252 7.3647 "" "" 3326023365516180864 1209.33289 0.7851 0.0312 10.633638509742513 1.8550588265604948 -1.709 0.10000241 -0.7214999999999998 0.07292104 -1.827 -3.081 0.031 0.026 1.031 5987.7 4.3215 15.092237 0.968696 15.491713 14.523017 "" "" 1166.34839 1249.96179 17300.24451 5.4992 8684.2 21.237 12301.0 27.316 "" "" 0.0027768503760483014 0.0038516 0.00448294 0.00833454
98.9119640497 8.09425114324 0.025 0.0245 21.2839 "" "" 3326072014609763328 1381.96301 0.6974 0.0303 15.512748885865554 2.368176144208872 -2.366 0.10200241 -0.1014999999999997 0.07592103 -2.484 -2.461 0.033 0.029 0.979 6577.5 4.3439 15.096904 0.998443 15.508766 14.510324 "" "" 1316.06091 1438.47534 17226.02802 5.507 8548.9 16.154 12446.0 16.728 "" "" 0.002777096972461141 0.0034632555 0.004051324 0.007514579
98.22582034481 8.46647335995 0.0306 0.0282 32.4063 "" "" 3326241687293906560 1209.20776 0.794 0.0333 15.868814224117951 2.7686318372076846 -1.4900000000000002 0.104002416 -2.3334999999999995 0.074921034 -1.608 -4.693 0.035 0.028 0.983 5875.6 4.3153 15.107772 0.997188 15.521118 14.523931 "" "" 1168.52173 1256.19238 17054.46354 5.9843 8452.2 22.004 12291.0 13.479 "" "" 0.0027815343702260764 0.0039717015 0.0039625047 0.007934206
98.78085760282 8.3823171949 0.0245 0.0218 24.5232 "" "" 3326139948107901952 1528.37891 0.6117 0.0272 15.73532105092913 2.172032055472479 2.099 0.10000241 0.5585000000000002 0.074921034 1.981 -1.801 0.031 0.028 0.957 6558.0 4.2479 15.117275 0.964468 15.51292 14.548452 "" "" 1471.3125 1582.30664 16905.8316 6.2822 8516.3 23.531 12016.0 17.689 "" "" 0.0027847026155209753 0.004096918 0.0041034617 0.008200379
99.18737598946 7.96837141609 0.0442 0.041 37.6158 "" "" 3326052880531443968 1558.28027 0.6157 0.0512 10.347196298297355 1.4008730313629427 -0.383 0.12300241 1.3475000000000001 0.09192103 -0.501 -1.012 0.054 0.045 1.797 7422.8 4.4134 15.122292 0.988293 15.506008 14.517715 "" "" 1439.4375 1666.11462 16827.91036 10.863 8570.6 16.628 12362.0 10.877 "" "" 0.002843065714879124 0.0034960292 0.003898249 0.0073942784
98.33576709608 7.70580659662 0.0265 0.0275 23.9223 "" "" 3325988215504138240 1659.4314 0.5625 0.0339 12.557001608520858 1.5964242074085448 0.39999999999999997 0.10100241 1.5455 0.074921034 0.282 -0.814 0.032 0.028 1.02 7095.9 4.2892 15.147957 0.846448 15.475419 14.628971 "" "" 1573.49475 1766.15686 16434.78847 6.8301 8815.5 25.422 11158.0 24.315 "" "" 0.0027920221827677054 0.0041938517 0.004458881 0.008652733
98.50539265522 8.72944223813 0.0348 0.0306 41.5992 "" "" 3326345762941469056 1677.68262 0.5601 0.0384 11.264305003043338 1.4164989410514923 -1.4129999999999998 0.11200242 -0.09949999999999992 0.08292103 -1.531 -2.459 0.043 0.036 1.414 6126.9 3.991 15.148963 1.198009 15.647376 14.449367 "" "" 1578.40186 1775.19788 16419.56482 12.435 7524.3 14.918 13165.0 16.537 "" "" 0.0028753953966038706 0.0035240392 0.0040179295 0.0075419685
98.6315931026 8.21884215334 0.0309 0.027 11.6881 "" "" 3326031371335149312 1437.49719 0.6563 0.0313 11.15888560243665 1.6377042620693152 0.663 0.10600241 -1.4975 0.07792103 0.545 -3.857 0.037 0.031 1.085 6218.3 4.2814 15.151365 0.96558 15.546625 14.581045 "" "" 1373.31702 1511.82178 16383.26962 6.4352 8255.9 24.547 11661.0 11.77 "" "" 0.0027881290853694406 0.004266875 0.003935059 0.008201934
98.82745304606 8.03067310575 0.0274 0.0248 16.0024 "" "" 3325977525326789760 1375.0094 0.6918 0.0295 10.864571323638138 1.6669730801665636 0.787 0.103002414 -1.4695 0.07792103 0.669 -3.829 0.034 0.031 0.966 6922.3 4.3174 15.152747 1.153208 15.646702 14.493494 "" "" 1315.42517 1433.70825 16362.44 5.7367 7529.0 16.694 12640.0 13.061 "" "" 0.0027814910035684603 0.0036851868 0.003942383 0.00762757
99.23372422306 8.16857267657 0.0256 0.0226 40.8829 "" "" 3326077653902702976 1383.90869 0.6843 0.0286 11.950087925910163 1.821735504951254 -0.25 0.09900241 1.8045 0.071921036 -0.368 -0.555 0.03 0.025 0.99 6403.4 4.1668 15.162354 1.105194 15.62435 14.519156 "" "" 1334.70605 1435.39746 16218.30507 6.0272 7685.6 15.336 12345.0 12.222 "" "" 0.002784707316620095 0.0035325303 0.003929272 0.007461802
98.56513436031 8.62023919702 0.1139 0.1051 34.9311 "" "" 3326340849498910848 1636.84937 0.6427 0.1349 10.355236216704528 1.3346670933232752 -0.822 0.2090024 1.0515 0.16092104 -0.94 -1.308 0.14 0.114 4.671 7453.4 4.3104 15.179809 1.017164 15.561964 14.5448 "" "" 1330.66626 2031.68188 15959.64925 20.489 8140.1 32.809 12057.0 32.986 "" "" 0.0030878241970367913 0.005189925 0.0048069735 0.0099968985
98.96790348107 8.20460566225 0.0239 0.0234 26.3063 "" "" 3326075313144814208 1207.93994 0.7905 0.03 14.20584844296282 2.4810955745396024 2.477 0.10100241 0.14250000000000007 0.07292104 2.359 -2.217 0.032 0.026 0.989 6130.0 4.3798 15.188674 0.96544 15.582826 14.617386 "" "" 1160.49304 1272.5874 15829.86968 5.6905 7985.2 23.225 11277.0 14.298 "" "" 0.002782826381821663 0.0042139282 0.00402228 0.008236209
98.09251432047 7.68931237136 0.0283 0.0253 34.6994 "" "" 3325985741603115904 1246.02673 0.7656 0.0316 16.116619786820145 2.728778343874782 0.185 0.10500241 -2.7224999999999997 0.074921034 0.067 -5.082 0.036 0.028 0.974 5371.0 4.3497 15.191272 1.15484 15.691002 14.536161 "" "" 1190.22864 1334.74268 15792.02947 5.3432 7228.0 17.532 12153.0 17.642 "" "" 0.0027797014684407687 0.0038367314 0.0040948596 0.007931591
98.94057597112 8.46289372465 0.0333 0.0294 34.1341 "" "" 3326136134176847360 1309.04089 0.7211 0.0352 14.866409245447569 2.395932229842906 -1.5830000000000002 0.10700241 1.7985000000000002 0.078921035 -1.701 -0.561 0.038 0.032 1.114 5447.5 4.2479 15.204697 1.123131 15.680739 14.557609 "" "" 1258.08813 1362.75781 15597.96356 17.086 7296.6 32.785 11916.0 38.476 "" "" 0.0030010429800934116 0.0056199646 0.005155014 0.010774978
98.41438707299 7.53131816636 0.0278 0.0262 31.5857 "" "" 3325935091051865088 1570.98376 0.5978 0.0314 13.858412354143185 1.86107314472054 -0.651 0.104002416 1.7435 0.07692103 -0.769 -0.616 0.035 0.03 1.068 7379.0 4.2731 15.214508 1.005507 15.631279 14.625772 "" "" 1483.70825 1664.49646 15457.64703 9.1458 7636.7 22.899 11190.0 21.449 "" "" 0.0028292157137953878 0.0042876774 0.0043144953 0.008602172
98.70746151037 7.85245545589 0.0424 0.0413 14.2382 "" "" 3325965469357736576 1659.39709 0.5725 0.0512 11.03976203456653 1.4035602053349905 -0.649 0.12200241 1.2445000000000002 0.089921035 -0.767 -1.115 0.053 0.043 1.534 7181.7 4.3516 15.226638 1.039506 15.652242 14.612736 "" "" 1536.78003 1787.46741 15285.92717 5.5608 7490.7 21.087 11326.0 17.55 "" "" 0.0027834860876862185 0.004138467 0.004136924 0.0082753915
98.32639805038 8.61582813712 0.0324 0.0289 37.2959 "" "" 3326348924037549824 1720.53833 0.536 0.0321 15.985305335482185 1.960100061221365 -0.356 0.10700241 -1.9274999999999998 0.078921035 -0.474 -4.287 0.038 0.032 1.028 6314.6 4.2723 15.23638 1.013526 15.654361 14.640835 "" "" 1633.06592 1818.37341 15149.3821 5.9374 7476.1 15.733 11036.0 24.801 "" "" 0.0027879851922659993 0.003606336 0.0044985674 0.008104904
98.31630878907 8.12556317087 0.0245 0.0255 15.2981 "" "" 3326035666302237568 1528.89136 0.6196 0.0316 12.345679247037115 1.7035701482474974 1.581 0.09900241 -0.6345000000000001 0.071921036 1.463 -2.994 0.03 0.025 1.053 6012.8 4.1266 15.242716 1.118617 15.714176 14.595559 "" "" 1456.58215 1600.42505 15061.22645 4.9135 7075.3 15.189 11506.0 17.048 "" "" 0.0027779940094691813 0.003635625 0.0041075083 0.007743133
99.17958554825 8.02688028578 0.0269 0.0243 36.9231 "" "" 3326056694462382464 1220.30139 0.7721 0.0317 14.718300394647004 2.5445571815150863 -1.4169999999999998 0.10100241 2.1135 0.07292104 -1.535 -0.246 0.032 0.026 1.052 5529.1 4.2517 15.247851 1.27292 15.80574 14.532821 "" "" 1157.4967 1269.04089 14990.15393 5.0703 6503.1 16.191 12191.0 25.554 "" "" 0.0027796862777208936 0.0038848831 0.0044117146 0.008296598
98.88527961114 8.28525184128 0.0303 0.0291 24.439 "" "" 3326123730311393408 1508.849 0.633 0.0373 10.635177385876927 1.487033035947756 0.269 0.10800241 -1.4625 0.08092104 0.151 -3.822 0.039 0.034 1.171 6078.6 4.1934 15.24926 1.054634 15.685921 14.631287 "" "" 1418.16931 1590.40686 14970.72097 6.4918 7261.9 13.356 11134.0 17.408 "" "" 0.002795255356644307 0.003431115 0.004143114 0.0075742295
98.36624619521 8.03948551146 0.0273 0.0264 11.4048 "" "" 3326033810876764288 1425.64819 0.6634 0.0325 14.543709234111237 2.1522091557281318 -0.182 0.10200241 -2.1444999999999994 0.074921034 -0.3 -4.504 0.033 0.028 0.997 5977.7 4.2664 15.249951 0.965992 15.643654 14.677662 "" "" 1354.80286 1481.38928 14961.18985 6.1092 7550.1 19.787 10668.0 16.178 "" "" 0.0027907606179055754 0.0039851796 0.004122468 0.008107647
99.0726764846 7.73162079363 0.0274 0.0249 35.6797 "" "" 3325954646040489216 1586.48828 0.5897 0.0314 11.455488119755216 1.5233454138835354 -1.495 0.10500241 -0.2925 0.078921035 -1.613 -2.652 0.036 0.032 1.047 7209.9 4.2968 15.250874 0.986128 15.660008 14.673881 "" "" 1526.04919 1679.8584 14948.49108 5.1828 7437.3 23.948 10705.0 19.057 "" "" 0.0027809159649652164 0.0044729686 0.004244942 0.008717911
