Clusters/Basel_8/Basel_8_runaways_all.tsv
# %ECSV 1.0
# ---
# datatype:
# - name: RA_ICRS_1
#   unit: deg
#   datatype: float64
#   format: '{:15.11f}'
#   description: Right ascension (ICRS) at Ep=2016.0 (ra)
#   meta: !!omap
#   - {ucd: POS_EQ_RA_MAIN}
#   - {width: 15}
#   - {precision: '11'}
# - name: DE_ICRS_1
#   unit: deg
#   datatype: float64
#   format: '{:15.11f}'
#   description: Declination (ICRS) at Ep=2016.0 (dec)
#   meta: !!omap
#   - {ucd: POS_EQ_DEC_MAIN}
#   - {width: 15}
#   - {precision: '11'}
# - name: e_RA_ICRS
#   unit: mas
#   datatype: float64
#   format: '{:7.4f}'
#   description: Standard error of right ascension (ra_error)
#   meta: !!omap
#   - {ucd: ERROR}
#   - {width: 7}
#   - {precision: '4'}
# - name: e_DE_ICRS
#   unit: mas
#   datatype: float64
#   format: '{:7.4f}'
#   description: Standard error of declination (dec_error)
#   meta: !!omap
#   - {ucd: ERROR}
#   - {width: 7}
#   - {precision: '4'}
# - name: _r_1
#   unit: ''
#   datatype: float64
#   format: '{:7.4f}'
#   description: Distance from center (098.55820660000+08.03809416000)[ICRS], at Epoch=J2016.0
#   meta: !!omap
#   - {ucd: POS_ANG_DIST_GENERAL}
#   - {width: 7}
#   - {precision: '4'}
# - name: HIP
#   datatype: int32
#   description: '? HIP cross-id number, van Leeuwen, Cat. I/311 (hip_original_ext_source_id)'
#   meta: !!omap
#   - {ucd: ID_NUMBER}
#   - {width: 6}
#   - values: {'null': -2147483648}
# - name: TYC2
#   datatype: string
#   description: Tycho-2 cross-id name, Hog et al., Cat. I/259 (tyc2_original_ext_source_id)
#   meta: !!omap
#   - {ucd: ID_CROSSID}
#   - {_votable_string_dtype: char}
# - name: Source
#   datatype: int64
#   description: Source identifier, identical to the Gaia-EDR3 source_id (id)
#   meta: !!omap
#   - {ucd: ID_MAIN}
#   - {width: 19}
# - name: rgeo
#   unit: pc
#   datatype: float64
#   format: '{:15.8f}'
#   description: '? Median of the geometric distance posterior (r_med_geo)'
#   meta: !!omap
#   - {ucd: PHYS_DISTANCE_TRUE}
#   - {width: 15}
#   - {precision: '8'}
#   - values: {'null': .nan}
# - name: Plx
#   unit: mas
#   datatype: float64
#   format: '{:9.4f}'
#   description: '? Parallax (parallax)'
#   meta: !!omap
#   - {ucd: POS_PARLX_TRIG}
#   - {width: 9}
#   - {precision: '4'}
#   - values: {'null': .nan}
# - name: e_Plx
#   unit: mas
#   datatype: float32
#   format: '{:7.4f}'
#   description: '? Standard error of parallax (parallax_error)'
#   meta: !!omap
#   - {ucd: ERROR}
#   - {width: 7}
#   - {precision: '4'}
#   - values: {'null': .nan}
# - {name: v_pec, unit: km / s, datatype: float64}
# - name: "\xB5_pec"
#   unit: mas / yr
#   datatype: float64
#   format: '{:9.3f}'
#   description: '? Proper motion in right ascension direction, pmRA*cosDE (pmra)'
#   meta: !!omap
#   - {ucd: POS_EQ_PMRA}
#   - {width: 9}
#   - {precision: '3'}
#   - values: {'null': .nan}
# - {name: rmRA, unit: mas / yr, datatype: float64}
# - name: e_rmRA
#   unit: mas / yr
#   datatype: float32
#   format: '{:6.3f}'
#   description: '? Standard error of proper motion in right ascension direction (pmra_error)'
#   meta: !!omap
#   - {ucd: ERROR}
#   - {width: 6}
#   - {precision: '3'}
#   - values: {'null': .nan}
# - {name: rmDE, unit: mas / yr, datatype: float64}
# - name: e_rmDE
#   unit: mas / yr
#   datatype: float32
#   format: '{:6.3f}'
[...]
#   meta: !!omap
#   - {ucd: ERROR}
#   - {width: 11}
#   - {precision: E4}
#   - values: {'null': .nan}
# - name: e_BPmag
#   unit: ''
#   datatype: float32
#   format: '{:11.4g}'
#   description: '? Error on the integrated BP mean flux (phot_bp_mean_flux_error)'
#   meta: !!omap
#   - {ucd: ERROR}
#   - {width: 11}
#   - {precision: E4}
#   - values: {'null': .nan}
# - name: e_RPmag
#   unit: ''
#   datatype: float32
#   format: '{:11.4g}'
#   description: '? Error on the integrated RP mean flux (phot_rp_mean_flux_error)'
#   meta: !!omap
#   - {ucd: ERROR}
#   - {width: 11}
#   - {precision: E4}
#   - values: {'null': .nan}
# - name: e_BP-RP
#   unit: ''
#   datatype: float32
#   format: '{:11.4g}'
#   description: '? Error on the integrated BP mean flux (phot_bp_mean_flux_error)'
#   meta: !!omap
#   - {ucd: ERROR}
#   - {width: 11}
#   - {precision: E4}
#   - values: {'null': .nan}
# - name: Temp. Est
#   unit: K
#   datatype: float64
#   format: '{:7.1f}'
#   description: '? Effective temperature from GSP-Phot Aeneas best library using BP/RP spectra (teff_gspphot)'
#   meta: !!omap
#   - {ucd: PHYS_TEMP_EFFEC}
#   - {width: 7}
#   - {precision: '1'}
#   - values: {'null': .nan}
# meta: !!omap
# - {ID: I_352_gedr3dis}
# - {name: I/352/gedr3dis}
# - {description: Estimating distances from parallaxes (1467744818 sources)}
# schema: astropy-2.0
RA_ICRS_1 DE_ICRS_1 e_RA_ICRS e_DE_ICRS _r_1 HIP TYC2 Source rgeo Plx e_Plx v_pec µ_pec rmRA e_rmRA rmDE e_rmDE pmRA pmDE e_pmRA e_pmDE RUWE Teff logg Gmag BP-RP BPmag RPmag RV e_RV b_rgeo B_rgeo FG e_FG FBP e_FBP FRP e_FRP RAVE5 RAVE6 e_Gmag e_BPmag e_RPmag e_BP-RP "Temp. Est"
[from data line 112]
98.63798100802 7.54157056618 0.029 0.0271 30.1665 "" "" 3325924546909474432 1191.67358 0.8059 0.0338 48.13240972063176 8.331310956266126 2.66162499499321 0.103002414 -8.094874980926514 0.07592103 2.472 -10.278 0.034 0.029 1.062 5207.8 4.3441 15.424232 1.139146 15.909979 14.770833 "" "" 1153.96545 1246.9967 12742.48139 4.8546 5907.8 15.884 9791.0 25.729 "" "" 0.002786196048568377 0.004038139 0.0047354014 0.00877354 5207.8
98.24628213734 8.21847888808 0.0285 0.03 21.4571 "" "" 3326040197491241216 1473.18469 0.6447 0.0379 20.8240098369818 3.1300449277925715 -2.6393750050067903 0.104002416 1.3881250190734864 0.07692103 -2.829 -0.795 0.035 0.03 0.932 5784.7 4.2589 15.425029 1.192926 15.93521 14.742284 "" "" 1405.7998 1557.56897 12733.13476 4.4722 5772.1 14.73 10052.0 16.825 "" "" 0.0027815837438656585 0.0039321696 0.0041936035 0.008125773 5784.7
98.72340342198 8.65591849583 0.0277 0.0277 38.3447 "" "" 3326341772914422656 1462.49902 0.647 0.0348 38.20354966461618 5.701080884358685 -2.3493750050067903 0.103002414 4.985125019073486 0.078921035 -2.539 2.802 0.034 0.032 0.948 6371.4 4.3892 15.434599 1.020697 15.85178 14.831083 "" "" 1388.8291 1545.22961 12621.38901 4.406 6233.1 13.43 9262.4 11.109 "" "" 0.0027812668453763754 0.0036411032 0.003997429 0.0076385317 6371.4
99.05403344089 7.72747607256 0.0315 0.0281 34.8673 "" "" 3325954611680342400 1221.27905 0.7828 0.0356 31.87596043770052 5.316065297755474 2.0716249949932095 0.111002415 -5.101874980926514 0.08192103 1.882 -7.285 0.042 0.035 1.021 5663.4 4.3531 15.439023 1.132783 15.925435 14.792652 "" "" 1167.73816 1272.63477 12570.06845 4.8455 5824.3 21.731 9596.2 19.666 "" "" 0.002786925846453073 0.0049188924 0.0043857275 0.00930462 5663.4
99.04214206846 8.20505495247 0.0279 0.0276 30.4405 "" "" 3326080162163663360 1427.85535 0.6649 0.0344 41.083486747152435 6.135799316307534 4.55262499499321 0.104002416 4.015125019073486 0.07692103 4.363 1.832 0.035 0.03 1.032 4977.9 4.1648 15.459239 1.295465 16.032024 14.73656 "" "" 1356.87048 1505.81482 12338.17661 4.3228 5279.7 11.416 10105.0 14.636 "" "" 0.0027814550526064647 0.0036464226 0.0040934957 0.0077399183 4977.9
98.17682894642 7.9211847166 0.0308 0.0297 23.7219 "" "" 3326007796257363968 1505.58777 0.6222 0.0371 19.192591215995492 2.5915227666374068 2.64362499499321 0.10500241 -0.4938749809265137 0.07792103 2.454 -2.677 0.036 0.031 1.037 5386.6 4.2704 15.469552 1.083031 15.926748 14.843718 "" "" 1417.01379 1607.1228 12221.53912 4.795 5817.2 10.821 9155.3 10.738 "" "" 0.0027880542532550674 0.003444425 0.0039881514 0.0074325763 5386.6
98.03019844576 8.50539881482 0.0292 0.0286 42.0597 "" "" 3326255946585405824 1350.70618 0.7068 0.0344 29.281066968335605 4.454537041040292 4.3616249949932095 0.104002416 -1.3758749809265138 0.07692103 4.172 -3.559 0.035 0.03 1.01 5821.7 4.0575 15.490011 1.044459 15.925136 14.880676 "" "" 1294.34424 1412.96472 11993.40286 4.394 5825.9 13.877 8848.9 19.532 "" "" 0.002783885342859311 0.0038043812 0.0044751596 0.008279541 5821.7
98.43563817113 7.5582409821 0.0326 0.035 29.6988 "" "" 3325935988702413056 1528.62512 0.6259 0.043 33.41539713927244 4.796235737534176 -0.6033750050067902 0.10700241 4.572125019073486 0.08092104 -0.793 2.389 0.038 0.034 1.121 6976.1 4.3878 15.537469 1.102764 16.002024 14.89926 "" "" 1445.28125 1631.92834 11480.45479 4.8312 5427.6 14.225 8698.7 15.343 "" "" 0.0027929457779183576 0.00398526 0.0042368793 0.008222139 6976.1
98.06317550436 7.92135434873 0.0283 0.0278 30.2367 "" "" 3326010171376467840 1339.50464 0.7064 0.0335 63.042535565525085 9.74472863911561 1.3576249949932098 0.104002416 -9.835874980926514 0.07692103 1.168 -12.019 0.035 0.03 0.95 5663.9 4.4097 15.545543 1.095146 16.010902 14.915756 "" "" 1286.48132 1406.65662 11395.4041 4.3407 5383.4 17.8 8567.5 21.586 "" "" 0.0027861862338227844 0.004546729 0.004665499 0.009212228 5663.9
98.17505636261 8.38610165266 0.0318 0.0278 30.8821 "" "" 3326239075953860480 1508.33838 0.6235 0.0348 37.30256247281178 5.334836572004807 2.66062499499321 0.10600241 4.488125019073486 0.07792103 2.471 2.305 0.037 0.031 0.98 5541.9 4.2913 15.556728 1.006336 15.973343 14.967007 "" "" 1426.85168 1598.04077 11278.60176 4.4412 5572.9 22.456 8172.5 20.481 "" "" 0.0027882922380498766 0.005188973 0.004656962 0.009845935 5541.9
98.44634026559 8.40986570399 0.035 0.0303 23.2744 "" "" 3326330575937321856 1559.51721 0.6041 0.0395 49.88508011619333 6.5594353606084095 3.26162499499321 0.11000241 -5.907874980926513 0.07992104 3.072 -8.091 0.041 0.033 0.93 5792.5 4.3299 15.560246 1.124127 16.021585 14.897458 "" "" 1474.32788 1659.78027 11242.11924 4.7501 5330.7 27.608 8713.1 15.429 "" "" 0.0027932496610586304 0.0062772753 0.0042402977 0.010517573 5792.5
97.89404408291 8.19620328181 0.0337 0.0328 40.5751 "" "" 3326207155757159680 1706.90674 0.5433 0.0394 39.727069003710135 5.091690411837704 -3.1553750050067904 0.10700241 3.762125019073486 0.07992104 -3.345 1.579 0.038 0.033 1.08 6981.3 4.4076 15.573841 0.954594 15.958551 15.003958 "" "" 1594.9314 1818.73596 11102.22773 4.2761 5649.3 27.781 7899.1 15.169 "" "" 0.0027868733239451863 0.0060243076 0.0043163532 0.010340661 6981.3
98.06246761407 8.50552722273 0.0304 0.0293 40.6569 "" "" 3326253403964750592 1652.2655 0.5743 0.0345 26.99502974581026 3.571908208507044 -3.28237500500679 0.10600241 1.0521250190734863 0.07992104 -3.472 -1.131 0.037 0.033 1.04 5985.2 4.4085 15.580296 0.970688 15.978755 15.008067 "" "" 1568.52148 1734.18591 11036.41701 4.4272 5545.2 14.182 7869.2 15.261 "" "" 0.002789530804193522 0.0039364533 0.004326349 0.008262802 5985.2
98.35240749238 7.79502655726 0.036 0.0376 19.0335 "" "" 3325991342240264960 1422.35815 0.6754 0.047 48.045461033505546 6.966481052152514 5.80762499499321 0.111002415 -4.129874980926513 0.08092104 5.618 -6.313 0.042 0.034 1.078 5917.0 4.443 15.580363 1.041474 16.014067 14.972592 "" "" 1341.22864 1535.12988 11035.73507 5.0362 5367.7 14.192 8130.6 17.139 "" "" 0.002799515978691707 0.004003206 0.004418352 0.008421558 5917.0
98.01504787086 7.93282792176 0.0313 0.0318 32.8857 "" "" 3326010377534906624 1206.18774 0.788 0.0389 25.659500545207585 4.552802900412009 -4.48037500500679 0.10900241 -0.2618749809265135 0.08192103 -4.67 -2.445 0.04 0.035 1.079 5645.0 4.4496 15.590212 0.955351 15.980294 15.024943 "" "" 1143.53589 1265.69324 10936.09181 4.5918 5537.3 13.311 7747.8 10.189 "" "" 0.0027927783333554536 0.003820607 0.0040401034 0.007860711 5645.0
98.34113287084 7.44292773746 0.0329 0.0311 37.9705 "" "" 3325928429560046976 1623.10425 0.5666 0.039 20.177772038323177 2.6781759184191016 -2.60237500500679 0.11300241 -0.32587498092651357 0.085921034 -2.792 -2.509 0.044 0.039 0.962 4921.8 4.1346 15.601557 1.52337 16.311245 14.787875 "" "" 1535.90674 1764.60425 10822.41478 4.6325 4082.4 23.188 9638.5 22.567 "" "" 0.002794240178202169 0.0067687966 0.0045547644 0.011323561 4921.8
98.24450383341 7.80622576299 0.0373 0.0347 23.2613 "" "" 3325994365897292416 1272.4812 0.7546 0.0423 33.797945082456344 5.490538338815239 -2.8613750050067903 0.11000241 -4.817874980926514 0.08192103 -3.051 -7.001 0.041 0.035 1.143 5636.1 4.5113 15.606631 1.032926 16.039246 15.00632 "" "" 1203.52832 1377.20276 10771.94763 5.3416 5244.7 17.807 7881.9 20.074 "" "" 0.0028074292731163773 0.0046232115 0.0046829567 0.009306168 5636.1
98.58181341472 8.22833443455 0.0334 0.0306 11.5002 "" "" 3326043225444898688 1614.84839 0.5839 0.0357 47.805945712342364 6.055315289066291 2.15262499499321 0.111002415 -5.862874980926513 0.08292103 1.963 -8.046 0.042 0.036 1.048 5314.4 4.1789 15.607409 1.153013 16.102188 14.949175 "" "" 1537.40454 1696.77161 10764.22549 4.4982 4949.3 13.259 8307.8 13.303 "" "" 0.0027924261811968377 0.0040305443 0.0041600834 0.008190628 5314.4
98.69644034984 7.94058728961 0.0332 0.0342 10.0841 "" "" 3325975944778760320 1512.78369 0.6332 0.0456 31.829742400915368 4.26351442474398 -0.021375005006790154 0.111002415 -4.438874980926514 0.07992104 -0.211 -6.622 0.042 0.033 1.0 5354.6 4.3462 15.613788 1.28918 16.182497 14.893317 "" "" 1422.09045 1618.66614 10701.17756 3.88 4596.4 18.09 8746.4 19.303 "" "" 0.002783300177212016 0.0051033907 0.0044749766 0.009578368 5354.6
98.10099618778 7.67692585784 0.0947 0.0817 34.7574 "" "" 3325985531146346624 1374.02014 0.7242 0.1038 23.41628144465365 3.742882078024901 -3.18237500500679 0.18700242 1.6731250190734863 0.13892104 -3.372 -0.51 0.118 0.092 3.519 6031.8 4.4803 15.628118 1.202217 16.061544 14.859327 "" "" 1203.22363 1625.83557 10560.87492 14.774 5138.1 10.896 9024.6 23.041 "" "" 0.0031462319935781566 0.0036174979 0.0046869894 0.008304487 6031.8
98.68825293164 7.37785281653 0.0352 0.0352 40.362 "" "" 3133764102314940160 1515.34888 0.6173 0.0429 27.256274716673712 3.6348216256097072 3.0776249949932097 0.10900241 -2.2198749809265133 0.08192103 2.888 -4.403 0.04 0.035 1.205 6021.0 4.2139 15.643646 1.126177 16.084053 14.957876 "" "" 1430.14502 1598.3999 10410.89667 7.2934 5032.6 15.712 8241.5 16.125 "" "" 0.0028583785687710966 0.0043903557 0.0043354835 0.008725839 6021.0
98.54746642518 8.65990509597 0.0304 0.0273 37.3141 "" "" 3326343976235090560 1338.94165 0.7063 0.0337 35.90506518158067 5.834873284828044 -3.9043750050067905 0.10700241 4.094125019073486 0.078921035 -4.094 1.911 0.038 0.032 0.891 5486.5 3.8849 15.655722 1.076965 16.112272 15.035307 "" "" 1269.0675 1402.2561 10295.75059 3.6178 4903.5 9.962 7674.2 14.506 "" "" 0.002781607913988724 0.003556764 0.004300654 0.007857418 5486.5
98.88007891905 8.42631743989 0.0354 0.0298 30.1314 "" "" 3326134686770963328 1661.1803 0.5651 0.0389 28.201835456692304 3.3935677759549754 1.8316249949932097 0.10900241 -3.077874980926514 0.08292103 1.642 -5.261 0.04 0.036 0.971 5757.0 4.3575 15.659064 1.097505 16.122717 15.025212 "" "" 1566.59436 1779.08374 10264.10686 4.7657 4856.6 16.853 7745.9 15.044 "" "" 0.002801057223100601 0.004688299 0.004327859 0.009016158 5757.0
98.59212730309 7.51289868403 0.0341 0.0308 31.5762 "" "" 3325923997153685888 1456.60278 0.6472 0.0384 42.28001724382321 6.3114651428966955 -1.3183750050067902 0.10600241 5.980125019073487 0.078921035 -1.508 3.797 0.037 0.032 1.0 5511.8 4.3239 15.669463 1.04252 16.108086 15.065565 "" "" 1385.70837 1546.2207 10166.26315 4.2803 4922.5 11.575 7463.3 14.675 "" "" 0.0027929831311404884 0.0037819468 0.004340668 0.0081226155 5511.8
98.37992461215 8.29167509963 0.0352 0.0355 18.5367 "" "" 3326048035808017792 1710.10547 0.548 0.0474 36.67857928671826 4.501500444296324 4.39362499499321 0.11300241 1.0821250190734863 0.08192103 4.204 -1.101 0.044 0.035 0.934 6005.5 4.3519 15.670173 1.061514 16.109777 15.048264 "" "" 1588.14136 1868.76917 10159.62756 4.244 4914.8 19.602 7583.2 13.376 "" "" 0.002792399310425037 0.0051513705 0.0042369147 0.009388285 6005.5
98.92931977997 7.95814070552 0.0353 0.0327 22.566 "" "" 3325973097219546496 1680.75549 0.5699 0.037 32.52765161020198 4.267205906679451 -0.5163750050067901 0.114002414 4.050125019073486 0.08892103 -0.706 1.867 0.045 0.042 0.981 6161.2 4.2268 15.682516 1.205727 16.197865 14.992138 "" "" 1584.56873 1781.79224 10044.77385 4.459 4531.8 16.834 7985.5 20.105 "" "" 0.002797156808313607 0.004904191 0.0046643326 0.009568524 6161.2
98.42643459527 8.18323478557 0.0404 0.038 11.7091 "" "" 3326041988494398336 1428.349 0.6536 0.0435 27.84314260860907 4.058596586259837 -3.15837500500679 0.12200241 -2.633874980926514 0.08892103 -3.348 -4.817 0.053 0.042 0.882 6065.8 4.4171 15.683334 1.06223 16.129019 15.066789 "" "" 1352.13135 1506.31982 10037.21173 4.4971 4828.5 21.188 7454.9 15.909 "" "" 0.002797932991426051 0.0055212234 0.0044330806 0.0099543035 6065.8
98.65309535153 8.09433867466 0.0425 0.0353 6.5699 "" "" 3326026389173128320 1645.75049 0.573 0.0478 18.915398673079544 2.2758319907233924 2.0826249949932096 0.11900242 -1.2418749809265135 0.086921036 1.893 -3.425 0.05 0.04 1.082 5879.6 4.4109 15.684299 1.071446 16.134678 15.063231 "" "" 1523.64355 1819.35474 10028.29941 5.3194 4803.4 20.168 7479.4 30.674 "" "" 0.002814865784477223 0.0053447676 0.0058404347 0.011185203 5879.6
98.38750536898 8.23187745404 0.0357 0.0356 15.4268 "" "" 3326045527547123456 1596.84802 0.5829 0.0441 24.660016302288604 3.0710391156740413 1.7566249949932098 0.11500241 -2.7438749809265133 0.086921036 1.567 -4.927 0.046 0.04 1.042 4840.4 4.2479 15.6883 1.123656 16.169415 15.045758 "" "" 1490.86462 1682.37769 9991.40826 4.4568 4652.1 18.698 7600.7 17.422 "" "" 0.0027975601239065774 0.0051796027 0.0045251795 0.009704782 4840.4
98.64261677238 8.4525182868 0.0316 0.0296 25.3656 "" "" 3326144444939019136 1715.1449 0.5428 0.0379 18.865188057837226 2.229928754467281 2.2956249949932097 0.11600241 -0.33887498092651347 0.085921034 2.106 -2.522 0.047 0.039 0.959 6074.3 4.296 15.69813 1.049199 16.135693 15.086493 "" "" 1610.60645 1808.6947 9901.36342 4.2287 4798.9 19.455 7320.8 17.235 "" "" 0.0027940662506054613 0.00521147 0.004562604 0.009774074 6074.3
98.62410044693 7.52669090285 0.0384 0.0397 30.9332 "" "" 3325923928434192640 1452.02002 0.6521 0.0513 17.896372383737766 2.484430769814285 -1.25037500500679 0.11200242 -2.2798749809265138 0.08392103 -1.44 -4.463 0.043 0.037 1.034 5812.5 4.5087 15.704735 1.192077 16.219494 15.027417 "" "" 1344.40845 1564.93115 9841.30383 4.4649 4442.4 15.705 7730.2 13.176 "" "" 0.0027990055145279843 0.0047453116 0.0042081494 0.008953461 5812.5
98.45941485047 8.49473883184 0.0402 0.0359 28.0196 "" "" 3326332328283918720 1589.98816 0.5835 0.0435 18.358909996331352 2.264119089182369 -0.10137500500679014 0.11900242 -2.4338749809265137 0.08892103 -0.291 -4.617 0.05 0.042 1.069 5309.6 4.3769 15.70933 1.134441 16.193743 15.059301 "" "" 1487.53723 1729.59497 9799.74824 4.9532 4549.0 19.542 7506.5 19.549 "" "" 0.002809438498109618 0.0054350556 0.004720043 0.0101550985 5309.6
98.12599448765 7.76104868041 0.0357 0.0322 30.596 "" "" 3325993060227325056 1370.47034 0.691 0.0392 23.21444706658051 3.38349748780755 1.1866249949932097 0.11500241 -3.370874980926514 0.08392103 0.997 -5.554 0.046 0.037 0.948 5519.3 4.5004 15.71388 1.106421 16.182058 15.075637 "" "" 1288.07141 1459.78186 9758.76993 4.1654 4598.3 11.464 7394.4 13.298 "" "" 0.002794021927684818 0.0038874224 0.004253972 0.008141395 5519.3
98.33911831826 7.89643402726 0.0375 0.0335 15.5474 "" "" 3326018589512745728 1296.82068 0.7475 0.0417 22.815486984236042 3.521800001419728 1.15662499499321 0.111002415 -3.5268749809265136 0.08192103 0.967 -5.71 0.042 0.035 1.08 5429.9 4.4979 15.713901 1.087586 16.169271 15.081685 "" "" 1226.07898 1362.57959 9758.5767 5.4957 4652.7 23.806 7353.3 16.769 "" "" 0.002822350132711547 0.0062166024 0.0045182146 0.010734817 5429.9
98.34756916978 7.47800081087 0.0329 0.0318 35.8629 "" "" 3325928635718461952 1718.03955 0.5411 0.0385 36.59492566005859 4.679495405489785 -0.7173750050067902 0.11300241 4.436125019073486 0.085921034 -0.907 2.253 0.044 0.039 0.988 6364.8 4.4344 15.716847 1.164733 16.214968 15.050235 "" "" 1615.07471 1869.51221 9732.1242 4.6939 4461.0 16.311 7569.4 15.915 "" "" 0.0028046408976923724 0.0048522837 0.0044153077 0.009267591 6364.8
98.06062143955 8.12612472915 0.0326 0.0344 30.0268 "" "" 3326225366418451840 1563.93066 0.5913 0.0433 43.07052405222287 6.000469252483509 -2.1513750050067904 0.10600241 5.397125019073487 0.08192103 -2.341 3.214 0.037 0.035 1.023 "" "" 15.724668 1.003137 16.135748 15.132611 "" "" 1456.60901 1658.87817 9662.28548 4.4035 4798.6 12.482 7016.4 17.136 "" "" 0.0027993982965180304 0.003970025 0.004616826 0.008586851 ""
