Clusters/Basel_8/Basel_8_all_dias_members.tsv
# %ECSV 1.0
# ---
# datatype:
# - name: RA_ICRS_1
#   unit: deg
#   datatype: float64
#   format: '{:15.11f}'
#   description: Right ascension (ICRS) at Ep=2016.0 (ra)
#   meta: !!omap
#   - {ucd: POS_EQ_RA_MAIN}
#   - {width: 15}
#   - {precision: '11'}
# - name: DE_ICRS_1
#   unit: deg
#   datatype: float64
#   format: '{:15.11f}'
#   description: Declination (ICRS) at Ep=2016.0 (dec)
#   meta: !!omap
#   - {ucd: POS_EQ_DEC_MAIN}
#   - {width: 15}
#   - {precision: '11'}
# - name: e_RA_ICRS
#   unit: mas
#   datatype: float64
#   format: '{:7.4f}'
#   description: Standard error of right ascension (ra_error)
#   meta: !!omap
#   - {ucd: ERROR}
#   - {width: 7}
#   - {precision: '4'}
# - name: e_DE_ICRS
#   unit: mas
#   datatype: float64
#   format: '{:7.4f}'
#   description: Standard error of declination (dec_error)
#   meta: !!omap
#   - {ucd: ERROR}
#   - {width: 7}
#   - {precision: '4'}
# - name: _r_1
#   unit: ''
#   datatype: float64
#   format: '{:7.4f}'
#   description: Distance from center (098.55820660000+08.03809416000)[ICRS], at Epoch=J2016.0
#   meta: !!omap
#   - {ucd: POS_ANG_DIST_GENERAL}
#   - {width: 7}
#   - {precision: '4'}
# - name: HIP
#   datatype: int32
#   description: '? HIP cross-id number, van Leeuwen, Cat. I/311 (hip_original_ext_source_id)'
#   meta: !!omap
#   - {ucd: ID_NUMBER}
#   - {width: 6}
#   - values: {'null': -2147483648}
# - name: TYC2
#   datatype: string
#   description: Tycho-2 cross-id name, Hog et al., Cat. I/259 (tyc2_original_ext_source_id)
#   meta: !!omap
#   - {ucd: ID_CROSSID}
#   - {_votable_string_dtype: char}
# - name: Source
#   datatype: int64
#   description: Source identifier, identical to the Gaia-EDR3 source_id (id)
#   meta: !!omap
#   - {ucd: ID_MAIN}
#   - {width: 19}
# - name: rgeo
#   unit: pc
#   datatype: float64
#   format: '{:15.8f}'
#   description: '? Median of the geometric distance posterior (r_med_geo)'
#   meta: !!omap
#   - {ucd: PHYS_DISTANCE_TRUE}
#   - {width: 15}
#   - {precision: '8'}
#   - values: {'null': .nan}
# - name: Plx
#   unit: mas
#   datatype: float64
#   format: '{:9.4f}'
#   description: '? Parallax (parallax)'
#   meta: !!omap
#   - {ucd: POS_PARLX_TRIG}
#   - {width: 9}
#   - {precision: '4'}
#   - values: {'null': .nan}
# - name: e_Plx
#   unit: mas
#   datatype: float32
#   format: '{:7.4f}'
#   description: '? Standard error of parallax (parallax_error)'
#   meta: !!omap
#   - {ucd: ERROR}
#   - {width: 7}
#   - {precision: '4'}
#   - values: {'null': .nan}
# - name: pmRA
#   unit: mas / yr
#   datatype: float64
#   format: '{:9.3f}'
#   description: '? Proper motion in right ascension direction, pmRA*cosDE (pmra)'
#   meta: !!omap
#   - {ucd: POS_EQ_PMRA}
#   - {width: 9}
#   - {precision: '3'}
#   - values: {'null': .nan}
# - name: pmDE
#   unit: mas / yr
#   datatype: float64
#   format: '{:9.3f}'
#   description: '? Proper motion in declination direction (pmdec)'
#   meta: !!omap
#   - {ucd: POS_EQ_PMDEC}
#   - {width: 9}
#   - {precision: '3'}
#   - values: {'null': .nan}
# - name: e_pmRA
#   unit: mas / yr
#   datatype: float32
#   format: '{:6.3f}'
#   description: '? Standard error of proper motion in right ascension direction (pmra_error)'
#   meta: !!omap
#   - {ucd: ERROR}
#   - {width: 6}
#   - {precision: '3'}
#   - values: {'null': .nan}
# - name: e_pmDE
[...]
#       distance: !astropy.table.SerializedColumn
#         __class__: astropy.coordinates.distances.Distance
#         unit: !astropy.units.Unit {unit: pc}
#         value: !astropy.table.SerializedColumn {name: SkyCoord.distance}
#       frame: icrs
#       obstime: !astropy.time.Time {format: jyear_str, in_subfmt: '*', jd1: 367701545.0, jd2: 0.0, out_subfmt: '*', precision: 3, scale: tt}
#       pm_dec: !astropy.table.SerializedColumn
#         __class__: astropy.units.quantity.Quantity
#         unit: !astropy.units.Unit {unit: mas / yr}
#         value: !astropy.table.SerializedColumn {name: SkyCoord.pm_dec}
#       pm_ra_cosdec: !astropy.table.SerializedColumn
#         __class__: astropy.units.quantity.Quantity
#         unit: !astropy.units.Unit {unit: mas / yr}
#         value: !astropy.table.SerializedColumn {name: SkyCoord.pm_ra_cosdec}
#       ra: !astropy.table.SerializedColumn
#         __class__: astropy.coordinates.angles.Longitude
#         unit: *id001
#         value: !astropy.table.SerializedColumn {name: SkyCoord.ra}
#         wrap_angle: !astropy.coordinates.Angle
#           unit: *id001
#           value: 360.0
#       representation_type: spherical
# schema: astropy-2.0
RA_ICRS_1 DE_ICRS_1 e_RA_ICRS e_DE_ICRS _r_1 HIP TYC2 Source rgeo Plx e_Plx pmRA pmDE e_pmRA e_pmDE RUWE Teff logg Gmag BP-RP BPmag RPmag RV e_RV b_rgeo B_rgeo FG e_FG FBP e_FBP FRP e_FRP RAVE5 RAVE6 e_Gmag e_BPmag e_RPmag e_BP-RP SkyCoord.ra SkyCoord.dec SkyCoord.distance SkyCoord.pm_ra_cosdec SkyCoord.pm_dec rmRA rmDE e_rmRA e_rmDE rRV e_rRV v_pec v_pec3d e_v_pec e_v_pec3d v_trans_upper v_trans_lower Pmemb
[from data line 88]
98.93953531976 8.26454245697 0.0221 0.0243 26.4114 "" "" 3326128506315014144 1498.20068 0.6354 0.0313 -0.379 -2.475 0.028 0.025 1.032 6712.6 4.2408 14.871281 0.944087 15.252514 14.308427 "" "" 1423.67651 1584.39307 21204.81747 6.5424 10825.0 16.796 14990.0 23.494 "" "" 0.002775608964503257 0.0032592937 0.004144812 0.0074041057 98.93953531976 8.26454245697 1498.20068 -0.3790000000000003 -2.4750000000000085 -0.18937500500679016 -0.29187498092651376 0.2528477 0.2498477 "" "" 2.4708007188134857 "" 1.913149521490746 "" 2.6129473764750295 2.3478970415804876 0.1
99.07496808942 8.39960568579 0.038 0.042 37.5791 "" "" 3326131358173193600 1474.2771 0.651 0.0518 0.099 -2.473 0.045 0.038 1.0 5464.4 4.5586 16.016329 1.261143 16.574919 15.313776 "" "" 1367.45435 1572.50098 7386.09953 3.7546 3202.2 13.514 5938.1 14.208 "" "" 0.002810053465276433 0.0053647202 0.0045861113 0.0099508315 99.07496808942 8.39960568579 1474.2771 0.09899999999999998 -2.4729999999999923 0.2886249949932098 -0.28987498092651354 0.2698477 0.2628477 "" "" 2.8585567763037676 "" 2.0601003172740184 "" 3.0490084476814534 2.6514322839841733 0.1
99.02913071702 8.41197822304 0.0304 0.0305 35.8506 "" "" 3326132354605615360 1359.91235 0.7064 0.0384 -0.471 -2.618 0.038 0.029 1.056 6552.1 4.3409 15.133981 0.994236 15.540103 14.545867 "" "" 1283.12781 1444.67896 16647.70084 6.3896 8305.7 24.882 12045.0 15.83 "" "" 0.002786654703813898 0.0042853924 0.0040397793 0.008325172 99.02913071702 8.41197822304 1359.91235 -0.4709999999999999 -2.618 -0.28137500500679014 -0.43487498092651355 0.2628477 0.2538477 "" "" 3.338796878506709 "" 1.8519465173022052 "" 3.5469121242205928 3.1502788593346835 0.2
98.92898237813 8.3956115162 0.0269 0.0223 30.74 "" "" 3326133591556239872 1293.8313 0.734 0.0266 -0.354 -2.614 0.032 0.023 0.992 6850.4 4.4049 14.592787 0.817195 14.915254 14.098059 "" "" 1252.61108 1330.42456 27405.14615 12.054 14768.0 16.701 18194.0 29.075 "" "" 0.0027963991383658723 0.003048387 0.004158627 0.0072070137 98.92898237813 8.3956115162 1293.8313 -0.3540000000000001 -2.613999999999999 -0.16437500500679014 -0.43087498092651355 0.25684768 0.24784769 "" "" 2.8282093406054636 "" 1.6121603393670239 "" 2.908199212341604 2.7381053129584183 0.4
98.64710040647 8.28187254831 0.0164 0.0152 15.5504 "" "" 3326137577286043648 1396.78015 0.6689 0.016 -0.27 -2.626 0.02 0.018 1.158 9323.4 4.094 13.116181 0.433419 13.269698 12.836279 "" "" 1371.07153 1428.66736 106776.10829 45.69 67226.0 52.566 58163.0 42.546 "" "" 0.002794214518042401 0.00291647 0.0038619295 0.0067783995 98.64710040647 8.28187254831 1396.78015 -0.27 -2.626 -0.08037500500679018 -0.44287498092651356 0.24484769 0.24284768 "" "" 2.9800557670143504 "" 1.669695629259988 "" 3.0480877075130017 2.9252059602691864 0.4
98.68951206892 8.43198441532 0.0245 0.0223 24.8864 "" "" 3326141185058496384 1501.25891 0.6284 0.0276 -0.131 -2.329 0.033 0.029 0.956 6670.6 4.285 15.119993 1.037705 15.550936 14.513231 "" "" 1435.3147 1567.29944 16863.5747 5.3894 8223.2 19.435 12413.0 16.289 "" "" 0.0027770830795079094 0.0037907453 0.0040390184 0.007829764 98.68951206892 8.43198441532 1501.25891 -0.131 -2.329 0.058624994993209834 -0.14587498092651385 0.2578477 0.2538477 "" "" 1.1187332552386546 "" 1.8595339164521634 "" 1.1679464433253026 1.0695918445026202 0.4
98.61354074625 8.51043869666 0.0216 0.0209 28.5305 "" "" 3326145686183818368 1441.0575 0.6546 0.0248 -0.232 -2.614 0.029 0.027 1.203 7353.7 3.97 14.213109 0.800952 14.530202 13.72925 "" "" 1382.63403 1499.0874 38877.94249 10.884 21054.0 25.84 25554.0 29.322 "" "" 0.002772035020742515 0.0030920424 0.003979425 0.007071467 98.61354074625 8.51043869666 1441.0575 -0.23200000000000004 -2.6140000000000008 -0.04237500500679017 -0.43087498092651355 0.2538477 0.25184768 "" "" 2.9573388497390383 "" 1.8398981635009637 "" 3.0764278366229565 2.837442178324079 0.5
98.86295848454 8.57854448777 0.0152 0.0144 37.1332 "" "" 3326149976853527168 1245.69788 0.7719 0.0183 -0.264 -1.874 0.019 0.017 1.147 "" "" 11.416401 1.320312 12.004295 10.683984 34.98 2.74 1223.87183 1272.81384 510959.30598 108.89 215620.0 102.2 422250.0 160.13 "" "" 0.002765018290689361 0.0028372311 0.0038017444 0.006638976 98.86295848454 8.57854448777 1245.69788 -0.264 -1.8739999999999999 -0.07437500500679017 0.3091250190734862 0.24384768 0.2418477 15.729999999999997 12.2925 1.8773488926957267 15.841633087055948 1.4655439570199253 12.205995251086359 1.9182144334481774 1.8444555953262058 0.1
98.03777699054 8.10096654891 0.0176 0.0181 31.1459 "" "" 3326201825699255040 1375.52112 0.6948 0.0229 -0.459 -1.814 0.02 0.017 1.138 9737.2 4.1508 12.93562 0.403192 13.042337 12.639146 "" "" 1331.39587 1416.40198 126095.22694 52.829 82886.0 64.494 69743.0 47.336 "" "" 0.0027926163974356976 0.0029152639 0.0038505539 0.0067658178 98.03777699054 8.10096654891 1375.52112 -0.459 -1.8140000000000003 -0.2693750050067902 0.36912501907348627 0.24484769 0.2418477 "" "" 2.979392161073289 "" 1.675726136600947 "" 3.067940502535276 2.8838164392294843 0.2
98.1766856079 8.17655845958 0.0612 0.0687 24.1373 "" "" 3326227217546195968 1232.46387 0.8148 0.0871 -0.027 -1.698 0.073 0.064 0.906 4415.4 4.7735 16.97845 1.362391 17.59004 16.22765 "" "" 1109.80566 1373.19592 3044.85452 2.8266 1257.2 14.102 2559.2 15.449 "" "" 0.002933883712061381 0.012494222 0.007565806 0.020060029 98.1766856079 8.17655845958 1232.46387 -0.026999999999999892 -1.6980000000000002 0.16262499499320984 0.4851250190734864 0.2978477 0.28884768 "" "" 2.9890397935692556 "" 2.012193073735264 "" 3.3303509734909666 2.6915622937233783 0.1
98.08584645439 8.31335078658 0.0139 0.0124 32.5539 "" "" 3326233230508414592 1328.30676 0.7035 0.0163 -0.291 -2.352 0.016 0.014 0.943 8816.2 3.937 11.824919 0.50554 12.008299 11.502759 41.96 4.85 1299.53516 1356.85645 350735.23711 88.583 214830.0 172.11 198630.0 131.74 "" "" 0.002768932047006989 0.002922611 0.0038473732 0.006769984 98.08584645439 8.31335078658 1328.30676 -0.291 -2.352 -0.10137500500679014 -0.16887498092651354 0.24084769 0.23884769 22.71 14.4025 1.2401329463269501 22.74383498279403 1.533930684708757 14.381083308891165 1.2667874904748857 1.213271222700293 0.4
98.08454646915 8.31441977772 0.0168 0.0143 32.653 "" "" 3326233234798421376 1327.82263 0.7064 0.019 -0.301 -2.343 0.02 0.017 1.086 "" "" 11.68349 0.612481 11.912399 11.299918 35.7 0.53 1286.22058 1360.7439 399531.27747 82.807 234670.0 170.51 239440.0 109.79 "" "" 0.0027644941564881897 0.002899551 0.00381203 0.006711581 98.08454646915 8.31441977772 1327.82263 -0.301 -2.343 -0.11137500500679015 -0.15987498092651364 0.24484769 0.2418477 16.450000000000003 10.0824995 1.226328115399023 16.495647324267644 1.5627686615381529 10.05462323642981 1.2567329888237535 1.1879059930307398 0.1
98.2594068074 8.26339737485 0.0123 0.0114 22.309 "" "" 3326233883335142272 1458.16028 0.6403 0.0144 -0.163 -2.252 0.015 0.013 1.048 9479.7 4.0288 13.176086 0.397998 13.315675 12.917677 "" "" 1425.87 1485.75073 101044.40321 54.249 64439.0 51.71 53962.0 47.61 "" "" 0.0028163055626144336 0.0029230379 0.003898892 0.00682193 98.2594068074 8.26339737485 1458.16028 -0.16300000000000003 -2.2519999999999984 0.026624994993209833 -0.06887498092651345 0.23984769 0.23784769 "" "" 0.5103728343676737 "" 1.6562102215221182 "" 0.5200298085433654 0.4990708657486094 0.6
98.29334733752 8.29506032739 0.0428 0.041 22.0263 "" "" 3326234403029979648 1566.86584 0.6102 0.0545 -0.395 -2.17 0.053 0.041 1.012 5631.6 4.64 15.92727 1.122103 16.384172 15.26207 "" "" 1433.48901 1734.97327 8017.49384 4.8018 3817.2 27.09 6227.7 25.358 "" "" 0.0028310126590970126 0.008194899 0.0058161984 0.014011098 98.29334733752 8.29506032739 1566.86584 -0.39500000000000063 -2.17 -0.20537500500679018 0.0131250190734864 0.27784768 0.26584768 "" "" 1.5284203204919729 "" 2.210247881370277 "" 1.6924029701090466 1.3983161009406657 0.2
98.24454758674 8.3148780912 0.0295 0.0282 24.956 "" "" 3326235124583953024 1350.09131 0.7037 0.0356 -0.143 -2.324 0.035 0.029 1.018 6085.7 4.365 15.458742 1.03814 15.888773 14.850633 "" "" 1285.37537 1427.07764 12343.8257 5.4893 6024.3 25.958 9097.1 17.546 "" "" 0.0027973042811856833 0.005447167 0.0043207663 0.009767933 98.24454758674 8.3148780912 1350.09131 -0.14299999999999996 -2.323999999999999 0.04662499499320985 -0.14087498092651352 0.2598477 0.2538477 "" "" 0.9496130918997572 "" 1.6781467494433713 "" 1.0037629307468163 0.9040938715156194 0.8
98.19156909285 8.37810950136 0.0153 0.0134 29.8371 "" "" 3326239007234379520 1723.11694 0.5405 0.0167 -0.235 -1.758 0.018 0.015 0.948 7179.6 3.9465 13.86263 0.850509 14.200533 13.350024 68.96 9.45 1677.55713 1757.50134 53690.19345 13.627 28524.0 22.886 36237.0 25.972 "" "" 0.0027690661610648335 0.0029229983 0.0038586636 0.006781662 98.19156909285 8.37810950136 1723.11694 -0.235 -1.758 -0.04537500500679015 0.4251250190734863 0.24284768 0.23984769 49.709999999999994 19.002499 3.4919620524525596 49.832498421971266 2.0402565150525493 18.955877499307892 3.561643347557435 3.3996333637003326 0.1
98.27543859918 8.45723609326 0.042 0.0374 30.2386 "" "" 3326241274977025408 1311.09607 0.7289 0.0443 -0.22 -2.343 0.05 0.041 0.911 5074.0 4.4768 15.870332 1.11272 16.343 15.230281 "" "" 1242.79504 1380.20654 8449.17225 4.8653 3964.8 19.408 6412.8 20.1 "" "" 0.0028253611916985817 0.0060026445 0.0050857356 0.011088381 98.27543859918 8.45723609326 1311.09607 -0.22000000000000003 -2.343000000000001 -0.030375005006790162 -0.15987498092651364 0.2748477 0.26584768 "" "" 1.0113316094027578 "" 1.7071133012390092 "" 1.0646409011098716 0.9586466901399259 0.6
98.03247484937 8.40288877065 0.0455 0.0436 38.128 "" "" 3326245806165320448 1706.84668 0.57 0.0561 -0.338 -2.794 0.053 0.048 1.078 5339.7 4.6959 16.25912 1.060072 16.702606 15.642534 "" "" 1561.30493 1841.79895 5906.07022 3.3146 2846.9 12.211 4386.8 14.975 "" "" 0.002821892936643729 0.0054288497 0.005293445 0.010722294 98.03247484937 8.40288877065 1706.84668 -0.3380000000000001 -2.794 -0.14837500500679018 -0.6108749809265137 0.27784768 0.27284768 "" "" 5.085951232485763 "" 2.627633399646995 "" 5.488073269558976 4.6522753484921076 0.1
98.18892879091 8.52670698308 0.0265 0.0243 36.6088 "" "" 3326254400397087616 1479.16956 0.6376 0.0296 -0.067 -2.066 0.031 0.026 0.997 6370.4 4.2658 15.04543 0.993345 15.453506 14.46016 "" "" 1408.51599 1545.5437 18062.36566 6.2835 8995.3 22.784 13034.0 38.335 "" "" 0.002781087831209495 0.003917621 0.0049478277 0.008865449 98.18892879091 8.52670698308 1479.16956 -0.06700000000000003 -2.066 0.12262499499320983 0.11712501907348649 0.2558477 0.2508477 "" "" 1.1889242708735095 "" 1.8322474882972863 "" 1.2422743587460288 1.1321344703878502 0.1
98.1469015741 8.55351463398 0.0183 0.0175 39.4044 "" "" 3326255121951599488 1675.27747 0.5573 0.0205 0.125 -2.105 0.022 0.018 1.004 8194.3 4.3063 13.954116 0.557377 14.161468 13.604092 "" "" 1614.83557 1751.37219 49351.4866 25.617 29569.0 34.59 28676.0 21.169 "" "" 0.0028123668100654186 0.0030656492 0.003863436 0.006929085 98.1469015741 8.55351463398 1675.27747 0.1250000000000002 -2.105000000000006 0.31462499499320984 0.07812501907348635 0.24684769 0.24284768 "" "" 2.574250212294061 "" 2.0632430900896717 "" 2.6911782153397037 2.4813745086015513 0.3
98.17815277093 8.58914439251 0.0284 0.0256 40.0284 "" "" 3326255637347640064 1417.95349 0.6588 0.0298 0.286 -2.397 0.035 0.03 1.002 6007.6 4.2532 15.148135 0.937559 15.530591 14.593032 "" "" 1362.86914 1502.61279 16432.09116 5.9331 8378.8 30.074 11533.0 17.433 "" "" 0.0027830689130798484 0.0047928994 0.0041203364 0.008913236 98.17815277093 8.58914439251 1417.95349 0.28599999999999987 -2.397 0.4756249949932098 -0.21387498092651347 0.2598477 0.25484768 "" "" 3.505049502068879 "" 1.9135720177355664 "" 3.7143194389202625 3.3688860983317874 0.1
98.45294123668 8.40652628208 0.0427 0.0375 22.9727 "" "" 3326330575937320064 1355.47107 0.6955 0.0504 -0.306 -2.742 0.049 0.04 0.991 "" "" 15.97409 1.085236 16.433403 15.348166 "" "" 1269.00464 1449.38293 7679.10775 6.7094 3648.0 17.659 5753.0 15.81 "" "" 0.0029140504229671163 0.005950468 0.0048152325 0.010765701 98.45294123668 8.40652628208 1355.47107 -0.30600000000000005 -2.7419999999999995 -0.11637500500679016 -0.5588749809265137 0.2738477 0.2648477 "" "" 3.6677554485319632 "" 1.9481127134117913 "" 3.9218705999507026 3.4337868107892136 0.7
98.29956841099 8.55366359129 0.061 0.0586 34.5358 "" "" 3326336520172053504 1628.23291 0.5834 0.0692 -1.391 -1.607 0.078 0.076 3.079 7810.5 4.2944 14.40037 0.732746 14.646381 13.913635 "" "" 1457.10669 1815.69031 32718.92323 60.85 18918.0 23.87 21563.0 21.976 "" "" 0.0034160036802288922 0.003108341 0.0039380374 0.007046378 98.29956841099 8.55366359129 1628.23291 -1.390999999999999 -1.6069999999999993 -1.2013750050067902 0.5761250190734863 0.30284768 0.30084768 "" "" 10.283032266622504 "" 3.4667562303780843 "" 11.466911109126162 9.202292262463555 0.1
98.36167540427 8.62207707228 0.0522 0.047 36.9305 "" "" 3326338616116016128 1448.33289 0.6843 0.0548 -0.118 -2.328 0.065 0.055 1.056 5404.3 4.5889 16.293068 1.18913 16.807455 15.618325 "" "" 1327.58228 1583.60144 5724.26131 6.639 2584.8 17.261 4485.7 14.824 "" "" 0.0030294335352869703 0.0077687623 0.005211323 0.012980085 98.36167540427 8.62207707228 1448.33289 -0.118 -2.3279999999999994 0.07162499499320985 -0.14487498092651352 0.28984767 0.27984768 "" "" 1.1094920027463373 "" 2.0329194659501146 "" 1.2131141572139426 1.0169912820579177 0.2
98.62128980545 8.55278648106 0.0349 0.0327 31.1078 "" "" 3326339372030171264 1592.78174 0.5966 0.0427 -0.277 -2.557 0.043 0.034 0.959 5462.6 4.3152 15.73989 1.023257 16.15369 15.130433 "" "" 1485.43127 1704.90063 9527.76072 4.1115 4720.0 17.394 7030.5 20.102 "" "" 0.002794871384979346 0.004877912 0.0048909113 0.009768823 98.62128980545 8.55278648106 1592.78174 -0.277 -2.5569999999999986 -0.08737500500679019 -0.3738749809265136 0.2678477 0.25884768 "" "" 2.8987331456356786 "" 2.1575294442489135 "" 3.102780401159139 2.7033640264564447 0.4
98.59251433066 8.66091232063 0.0372 0.0369 37.4245 "" "" 3326341364894953728 1427.32996 0.6576 0.047 -0.006 -2.665 0.047 0.038 1.07 5852.8 4.4812 15.86467 1.122548 16.338747 15.216199 "" "" 1351.92151 1522.07312 8493.34878 4.088 3980.3 13.341 6496.5 18.807 "" "" 0.0028044399791084017 0.0045856596 0.004915596 0.009501256 98.59251433066 8.66091232063 1427.32996 -0.005999999999999998 -2.665 0.18362499499320983 -0.4818749809265137 0.2718477 0.2628477 "" "" 3.488828010908102 "" 1.9940943306914312 "" 3.7204090746517284 3.3045068518264533 0.2
98.60867734745 8.72863752064 0.0419 0.0389 41.5408 "" "" 3326346243977758720 1484.08459 0.6517 0.0498 -0.119 -2.717 0.05 0.042 0.934 5619.1 4.5438 16.165865 1.18148 16.677591 15.496111 "" "" 1384.73279 1620.50513 6435.77609 3.5604 2913.3 12.582 5020.1 14.026 "" "" 0.002820030310808314 0.0054564304 0.004846228 0.010302658 98.60867734745 8.72863752064 1484.08459 -0.11900000000000005 -2.717 0.07062499499320984 -0.5338749809265138 0.2748477 0.2668477 "" "" 3.788294839119534 "" 2.1790564276142614 "" 4.136523795281595 3.5346880610872686 0.4
98.19337338469 8.62314457742 0.0167 0.0156 41.2472 "" "" 3326349611232386688 1721.10486 0.5378 0.0179 -0.392 -1.961 0.021 0.018 1.107 9208.2 4.18 13.749816 0.430492 13.910751 13.480259 "" "" 1667.48047 1791.94763 59568.9981 27.621 37249.0 35.984 32141.0 31.405 "" "" 0.002800934880365862 0.0029807992 0.003925453 0.0069062524 98.19337338469 8.62314457742 1721.10486 -0.3920000000000007 -1.9609999999999916 -0.20237500500679018 0.22212501907348625 0.24584769 0.24284768 "" "" 2.451421127897028 "" 2.080939653894642 "" 2.5523246040145438 2.375042305390775 0.1
