Clusters/Basel_8/Basel_8_stars_in_region.tsv
# %ECSV 1.0
# ---
# datatype:
# - name: RA_ICRS_1
#   unit: deg
#   datatype: float64
#   format: '{:15.11f}'
#   description: Right ascension (ICRS) at Ep=2016.0 (ra)
#   meta: !!omap
#   - {ucd: POS_EQ_RA_MAIN}
#   - {width: 15}
#   - {precision: '11'}
# - name: DE_ICRS_1
#   unit: deg
#   datatype: float64
#   format: '{:15.11f}'
#   description: Declination (ICRS) at Ep=2016.0 (dec)
#   meta: !!omap
#   - {ucd: POS_EQ_DEC_MAIN}
#   - {width: 15}
#   - {precision: '11'}
# - name: e_RA_ICRS
#   unit: mas
#   datatype: float64
#   format: '{:7.4f}'
#   description: Standard error of right ascension (ra_error)
#   meta: !!omap
#   - {ucd: ERROR}
#   - {width: 7}
#   - {precision: '4'}
# - name: e_DE_ICRS
#   unit: mas
#   datatype: float64
#   format: '{:7.4f}'
#   description: Standard error of declination (dec_error)
#   meta: !!omap
#   - {ucd: ERROR}
#   - {width: 7}
#   - {precision: '4'}
# - name: _r_1
#   unit: ''
#   datatype: float64
#   format: '{:7.4f}'
#   description: Distance from center (098.55820660000+08.03809416000)[ICRS], at Epoch=J2016.0
#   meta: !!omap
#   - {ucd: POS_ANG_DIST_GENERAL}
#   - {width: 7}
#   - {precision: '4'}
# - name: HIP
#   datatype: int32
#   description: '? HIP cross-id number, van Leeuwen, Cat. I/311 (hip_original_ext_source_id)'
#   meta: !!omap
#   - {ucd: ID_NUMBER}
#   - {width: 6}
#   - values: {'null': -2147483648}
# - name: TYC2
#   datatype: string
#   description: Tycho-2 cross-id name, Hog et al., Cat. I/259 (tyc2_original_ext_source_id)
#   meta: !!omap
#   - {ucd: ID_CROSSID}
#   - {_votable_string_dtype: char}
# - name: Source
#   datatype: int64
#   description: Source identifier, identical to the Gaia-EDR3 source_id (id)
#   meta: !!omap
#   - {ucd: ID_MAIN}
#   - {width: 19}
# - name: rgeo
#   unit: pc
#   datatype: float64
#   format: '{:15.8f}'
#   description: '? Median of the geometric distance posterior (r_med_geo)'
#   meta: !!omap
#   - {ucd: PHYS_DISTANCE_TRUE}
#   - {width: 15}
#   - {precision: '8'}
#   - values: {'null': .nan}
# - name: Plx
#   unit: mas
#   datatype: float64
#   format: '{:9.4f}'
#   description: '? Parallax (parallax)'
#   meta: !!omap
#   - {ucd: POS_PARLX_TRIG}
#   - {width: 9}
#   - {precision: '4'}
#   - values: {'null': .nan}
# - name: e_Plx
#   unit: mas
#   datatype: float32
#   format: '{:7.4f}'
#   description: '? Standard error of parallax (parallax_error)'
#   meta: !!omap
#   - {ucd: ERROR}
#   - {width: 7}
#   - {precision: '4'}
#   - values: {'null': .nan}
# - name: pmRA
#   unit: mas / yr
#   datatype: float64
#   format: '{:9.3f}'
#   description: '? Proper motion in right ascension direction, pmRA*cosDE (pmra)'
#   meta: !!omap
#   - {ucd: POS_EQ_PMRA}
#   - {width: 9}
#   - {precision: '3'}
#   - values: {'null': .nan}
# - name: pmDE
#   unit: mas / yr
#   datatype: float64
#   format: '{:9.3f}'
#   description: '? Proper motion in declination direction (pmdec)'
#   meta: !!omap
#   - {ucd: POS_EQ_PMDEC}
#   - {width: 9}
#   - {precision: '3'}
#   - values: {'null': .nan}
# - name: e_pmRA
#   unit: mas / yr
#   datatype: float32
#   format: '{:6.3f}'
#   description: '? Standard error of proper motion in right ascension direction (pmra_error)'
#   meta: !!omap
#   - {ucd: ERROR}
#   - {width: 6}
#   - {precision: '3'}
#   - values: {'null': .nan}
# - name: e_pmDE
[...]
#       distance: !astropy.table.SerializedColumn
#         __class__: astropy.coordinates.distances.Distance
#         unit: !astropy.units.Unit {unit: pc}
#         value: !astropy.table.SerializedColumn {name: SkyCoord.distance}
#       frame: icrs
#       obstime: !astropy.time.Time {format: jyear_str, in_subfmt: '*', jd1: 367701545.0, jd2: 0.0, out_subfmt: '*', precision: 3, scale: tt}
#       pm_dec: !astropy.table.SerializedColumn
#         __class__: astropy.units.quantity.Quantity
#         unit: !astropy.units.Unit {unit: mas / yr}
#         value: !astropy.table.SerializedColumn {name: SkyCoord.pm_dec}
#       pm_ra_cosdec: !astropy.table.SerializedColumn
#         __class__: astropy.units.quantity.Quantity
#         unit: !astropy.units.Unit {unit: mas / yr}
#         value: !astropy.table.SerializedColumn {name: SkyCoord.pm_ra_cosdec}
#       ra: !astropy.table.SerializedColumn
#         __class__: astropy.coordinates.angles.Longitude
#         unit: *id001
#         value: !astropy.table.SerializedColumn {name: SkyCoord.ra}
#         wrap_angle: !astropy.coordinates.Angle
#           unit: *id001
#           value: 360.0
#       representation_type: spherical
# schema: astropy-2.0
RA_ICRS_1 DE_ICRS_1 e_RA_ICRS e_DE_ICRS _r_1 HIP TYC2 Source rgeo Plx e_Plx pmRA pmDE e_pmRA e_pmDE RUWE Teff logg Gmag BP-RP BPmag RPmag RV e_RV b_rgeo B_rgeo FG e_FG FBP e_FBP FRP e_FRP RAVE5 RAVE6 e_Gmag e_BPmag e_RPmag e_BP-RP SkyCoord.ra SkyCoord.dec SkyCoord.distance SkyCoord.pm_ra_cosdec SkyCoord.pm_dec rmRA rmDE e_rmRA e_rmDE rRV e_rRV v_pec v_pec3d e_v_pec e_v_pec3d v_trans_upper v_trans_lower
[from data line 1486]
98.44566213226 8.14220265178 0.0421 0.0413 9.1496 "" "" 3326040712887196032 1712.5752 0.5541 0.0532 -1.023 2.98 0.053 0.042 0.987 5775.7 4.5259 16.002956 1.053853 16.439598 15.385745 "" "" 1574.14856 1866.396 7477.6389 4.098 3627.3 9.2122 5557.3 11.406 "" "" 0.0028188363865776288 0.0039228126 0.004387426 0.008310239 98.44566213226 8.14220265178 1712.5752 -1.0229999999999997 2.98 -0.8333750050067901 5.163125019073487 0.27784768 0.2668477 "" "" 42.45467340512498 "" 5.790878792541215 "" 46.26788512681466 39.023082318340116
98.48185064415 8.56138687958 0.0412 0.0368 31.7232 "" "" 3326334351213224576 1561.24609 0.6252 0.0484 4.711 -9.036 0.051 0.043 0.977 5415.0 4.5148 16.00355 1.298167 16.57242 15.274253 "" "" 1447.8324 1664.46204 7473.54299 4.1461 3209.6 19.012 6158.2 11.714 "" "" 0.0028203893205337414 0.007010501 0.0043068603 0.011317361 98.48185064415 8.56138687958 1561.24609 4.711 -9.036 4.90062499499321 -6.852874980926513 0.27584767 0.2678477 "" "" 62.346438259074176 "" 6.327801450600533 "" 66.46824000144183 57.817402339234796
98.78496984711 8.60472239925 0.0381 0.0356 36.5661 "" "" 3326152931792512896 1375.20239 0.6788 0.0455 0.366 -0.491 0.048 0.041 1.044 5628.5 4.6417 16.006117 1.161509 16.504887 15.343377 "" "" 1291.82153 1484.93604 7455.89476 3.709 3415.6 20.481 5778.4 20.029 "" "" 0.0028077583775755048 0.0070831147 0.0053335372 0.0124166515 98.78496984711 8.60472239925 1375.20239 0.36600000000000005 -0.4909999999999999 0.5556249949932098 1.6921250190734862 0.27284768 0.26584768 "" "" 11.60945880781445 "" 2.5525472275769188 "" 12.535830299581658 10.905557573662184
99.05039067413 8.23311708746 0.0363 0.0345 31.4887 "" "" 3326081119938239488 1367.76636 0.6928 0.0446 -0.16 -2.635 0.049 0.039 0.936 5656.2 4.5406 16.007431 1.171316 16.507387 15.336071 "" "" 1299.74146 1439.25391 7446.88286 5.2423 3407.7 16.204 5817.4 16.287 "" "" 0.002859364419391065 0.005868521 0.0048501287 0.010718649 99.05039067413 8.23311708746 1367.76636 -0.1600000000000001 -2.635 0.029624994993209836 -0.45187498092651346 0.2738477 0.26384768 "" "" 2.9358907054844017 "" 1.8605940099117002 "" 3.089337697412797 2.789876241689937
98.75335631353 7.81539196292 0.0408 0.0378 17.6929 "" "" 3325970241062064384 1263.698 0.7541 0.0445 0.041 -1.989 0.05 0.042 1.029 5701.8 4.5201 16.007744 1.241145 16.548378 15.307233 "" "" 1191.25159 1332.17114 7444.72952 4.2615 3281.5 17.799 5974.0 15.822 "" "" 0.0028245434705330623 0.0065166187 0.004748947 0.011265566 98.75335631353 7.81539196292 1263.698 0.041 -1.9890000000000003 0.23062499499320985 0.19412501907348623 0.2748477 0.2668477 "" "" 1.8056670207953496 "" 1.7272955560483578 "" 1.9035066080292478 1.7021501256890674
98.73338214578 8.09746637794 0.0422 0.0378 10.9993 "" "" 3326025908136759296 1226.10864 0.776 0.0494 -7.438 -7.613 0.052 0.047 0.984 5362.7 4.6106 16.008572 1.14153 16.48469 15.34316 "" "" 1153.99841 1284.27844 7439.05822 4.306 3479.7 22.05 5779.6 16.826 "" "" 0.0028260849860897073 0.007424286 0.0049269525 0.012351239 98.73338214578 8.09746637794 1226.10864 -7.438 -7.613 -7.24837500500679 -5.429874980926514 0.2768477 0.2718477 "" "" 52.63489359097322 "" 4.394943610845874 "" 55.132030576492056 49.53931612006444
98.0946002896 7.55652966363 0.0451 0.0378 39.9294 "" "" 3325979591210036736 1275.07202 0.763 0.051 0.569 2.633 0.056 0.044 0.883 5853.0 4.6183 16.00971 1.283699 16.573275 15.289576 "" "" 1193.1178 1353.95959 7431.26533 3.9337 3207.1 19.401 6071.9 16.709 "" "" 0.002814622942440519 0.0071361205 0.00481774 0.0119538605 98.0946002896 7.55652966363 1275.07202 0.5690000000000023 2.633000000000001 0.7586249949932098 4.816125019073486 0.2808477 0.2688477 "" "" 29.466793145773128 "" 3.4851862472826802 "" 31.289877387683397 27.572838913946143
98.09254614099 7.69241915561 0.0442 0.0396 34.5857 "" "" 3325985741603113472 1545.74121 0.6177 0.0483 -5.415 1.498 0.056 0.045 1.025 5943.4 4.6231 16.01244 1.141607 16.496685 15.355078 "" "" 1447.83008 1666.51782 7412.60574 4.1028 3441.5 17.903 5716.5 15.103 "" "" 0.002820092672014053 0.006299689 0.004744693 0.011044382 98.09254614099 7.69241915561 1545.74121 -5.414999999999999 1.4979999999999998 -5.22537500500679 3.6811250190734865 0.2808477 0.2698477 "" "" 46.831593170344654 "" 5.344152157593608 "" 50.49078335523555 43.86516245261233
97.99637265825 7.78176348444 0.0393 0.0375 36.7612 "" "" 3325999760375790336 1419.40979 0.6823 0.0465 2.145 0.71 0.053 0.044 1.06 5795.9 4.5837 16.013708 1.101555 16.459135 15.35758 "" "" 1325.62061 1517.74878 7403.95442 4.4417 3562.6 15.367 5703.3 15.458 "" "" 0.0028312606977601252 0.005451401 0.00478993 0.0102413315 97.99637265825 7.78176348444 1419.40979 2.14499999999999 0.710000000000003 2.33462499499321 2.8931250190734863 0.27784768 0.2688477 "" "" 25.012109045440447 "" 3.525718725078783 "" 26.744988132669004 23.359404369194383
98.92739446094 7.84431938189 0.04 0.0354 24.8292 "" "" 3325960040519002624 1355.94214 0.6995 0.0427 -0.488 -6.594 0.053 0.048 1.004 6812.0 4.3551 16.014917 1.39404 16.643435 15.249394 "" "" 1276.11426 1414.39941 7395.70494 3.9486 3006.4 9.0294 6300.9 16.423 "" "" 0.0028156380520238914 0.0042916737 0.004721459 0.009013133 98.92739446094 7.84431938189 1355.94214 -0.488 -6.594 -0.29837500500679015 -4.410874980926514 0.27784768 0.27284768 "" "" 28.414212440976222 "" 3.20269033694239 "" 29.639203714202306 26.74139302330346
98.40100874625 7.97370325692 0.0463 0.0428 10.1075 "" "" 3326020822895678720 1633.85486 0.5898 0.055 3.409 -9.548 0.052 0.042 1.088 5550.2 4.5478 16.01554 1.230873 16.552298 15.321424 "" "" 1492.34363 1763.68213 7391.46925 4.5004 3269.6 21.088 5896.4 8.714 "" "" 0.002833513248496044 0.0075380863 0.0041058892 0.011643976 98.40100874625 7.97370325692 1633.85486 3.409 -9.547999999999998 3.5986249949932096 -7.364874980926514 0.2768477 0.2668477 "" "" 63.481756782026814 "" 7.353034651877902 "" 68.52606235627746 57.98348291161372
98.57312676306 7.99749850552 0.0447 0.0434 2.592 "" "" 3326023876615099136 1414.08472 0.6692 0.0587 0.884 -6.825 0.055 0.043 0.955 5027.0 4.4458 16.015947 1.147839 16.507048 15.359209 "" "" 1303.77209 1517.41504 7388.69652 4.8995 3408.8 23.538 5694.8 13.708 "" "" 0.0028478292598978507 0.0079994565 0.0045950003 0.012594457 98.57312676306 7.99749850552 1414.08472 0.8840000000000016 -6.825000000000035 1.0736249949932097 -4.641874980926514 0.27984768 0.2678477 "" "" 31.934754433160723 "" 4.211875726391215 "" 34.268298066034376 29.44352692740978
99.07496808942 8.39960568579 0.038 0.042 37.5791 "" "" 3326131358173193600 1474.2771 0.651 0.0518 0.099 -2.473 0.045 0.038 1.0 5464.4 4.5586 16.016329 1.261143 16.574919 15.313776 "" "" 1367.45435 1572.50098 7386.09953 3.7546 3202.2 13.514 5938.1 14.208 "" "" 0.002810053465276433 0.0053647202 0.0045861113 0.0099508315 99.07496808942 8.39960568579 1474.2771 0.09899999999999998 -2.4729999999999923 0.2886249949932098 -0.28987498092651354 0.2698477 0.2628477 "" "" 2.8585567763037676 "" 2.0601003172740184 "" 3.0490084476814534 2.6514322839841733
98.57573932216 8.59685688575 0.0371 0.0345 33.5419 "" "" 3326340471541796608 1658.08289 0.5743 0.0437 -1.669 -5.505 0.047 0.039 0.95 5078.7 4.3064 16.018126 1.294416 16.584259 15.289843 "" "" 1555.85461 1796.09302 7373.88688 3.9041 3174.8 15.186 6070.5 25.881 "" "" 0.002814646182290522 0.0058954554 0.005975847 0.0118713025 98.57573932216 8.59685688575 1658.08289 -1.669 -5.505000000000002 -1.4793750050067902 -3.3218749809265136 0.2718477 0.26384768 "" "" 28.579604164809407 "" 4.1546374820775345 "" 30.958420634071622 26.81754281403502
98.04005766308 8.15427831593 0.0387 0.0375 31.5586 "" "" 3326226191052167040 1530.54944 0.639 0.0468 -0.053 -0.141 0.043 0.039 0.97 5508.2 4.6426 16.018406 1.089245 16.475552 15.386307 "" "" 1422.07129 1668.56982 7371.98048 4.5831 3509.1 10.86 5554.4 16.095 "" "" 0.0028367948965643376 0.0043675667 0.004917512 0.009285079 98.04005766308 8.15427831593 1530.54944 -0.053 -0.141 0.13662499499320985 2.0421250190734863 0.2678477 0.26384768 "" "" 14.848337325712679 "" 3.109973123888826 "" 16.187316065310302 13.795956970283417
98.28016886171 8.21606414774 0.0388 0.042 19.6662 "" "" 3326040163131499520 1395.28638 0.6687 0.052 -5.504 -5.281 0.047 0.044 1.052 5612.2 4.5948 16.01845 1.143959 16.504314 15.360355 "" "" 1304.93152 1515.55029 7371.6897 5.4293 3417.4 15.677 5688.7 15.481 "" "" 0.0028690125340952435 0.005708988 0.0047972756 0.010506263 98.28016886171 8.21606414774 1395.28638 -5.503999999999981 -5.281000000000001 -5.31437500500679 -3.0978749809265134 0.2718477 0.2688477 "" "" 40.68308526872056 "" 4.863456364152411 "" 44.18968217628854 38.04856197191657
98.55335915751 7.47803480716 0.0413 0.0386 33.6048 "" "" 3325922382246009600 1556.14661 0.6114 0.0501 -1.016 2.312 0.047 0.04 0.969 5254.1 4.341 16.019566 1.424324 16.66881 15.244486 "" "" 1443.59009 1717.57812 7364.11787 5.4262 2936.9 13.909 6329.4 17.916 "" "" 0.0028691143237721778 0.0058502215 0.004871222 0.010721443 98.55335915751 7.47803480716 1556.14661 -1.016 2.312 -0.8263750050067902 4.495125019073486 0.2718477 0.2648477 "" "" 33.71228122173074 "" 4.923093252955593 "" 37.209525265573525 31.273862482008422
98.88123711425 8.45282459435 0.0412 0.0363 31.4187 "" "" 3326134794147078272 1737.64136 0.545 0.0444 -0.345 -5.504 0.047 0.042 1.086 5678.6 4.5181 16.02266 1.13522 16.505249 15.370029 "" "" 1578.49341 1912.61951 7343.15735 3.9494 3414.4 18.435 5638.3 14.609 "" "" 0.0028165195130620776 0.006492244 0.004711441 0.011203686 98.88123711425 8.45282459435 1737.64136 -0.345 -5.503999999999994 -0.15537500500679013 -3.3208749809265132 0.2718477 0.2668477 "" "" 27.38204258782615 "" 4.830567965587575 "" 30.139377481856886 24.874162627679926
98.79263034779 7.66036739188 0.0437 0.0423 26.6042 "" "" 3325950213633941376 1411.35596 0.6743 0.0498 5.743 -6.75 0.05 0.042 1.022 "" "" 16.023504 1.237039 16.532846 15.295808 "" "" 1322.74438 1503.85095 7337.44908 4.5633 3328.7 42.25 6037.2 26.669 "" "" 0.002836853641524665 0.014060482 0.0061063142 0.020166796 98.79263034779 7.66036739188 1411.35596 5.742999999999999 -6.75 5.93262499499321 -4.566874980926514 0.2748477 0.2668477 "" "" 50.08549345605891 "" 5.032463595360812 "" 53.36790933671543 46.940890084545856
98.86285243608 8.31687621173 0.0415 0.0368 24.6403 "" "" 3326126753968364544 1507.42236 0.6314 0.0476 -1.309 4.878 0.052 0.04 0.888 5756.9 4.5999 16.02499 1.158871 16.513885 15.355015 "" "" 1412.93213 1628.05334 7327.40792 4.2757 3387.4 17.066 5716.8 11.266 "" "" 0.0028272204508369616 0.006140542 0.0043430165 0.010483559 98.86285243608 8.31687621173 1507.42236 -1.3089999999999997 4.878000000000015 -1.11937500500679 7.061125019073486 0.2768477 0.2648477 "" "" 51.08304779980256 "" 5.539512766849178 "" 55.17095194730176 47.88099304475412
98.91039822902 7.6608007767 0.0852 0.0804 30.833 "" "" 3325947533574311424 1678.26123 0.5953 0.0956 0.166 -1.662 0.104 0.089 2.154 "" "" 16.030184 1.193854 16.469015 15.275161 "" "" 1436.16479 1991.3186 7292.44559 15.134 3530.3 11.418 6153.1 21.309 "" "" 0.003559328313384969 0.0044851145 0.0053311996 0.009816314 98.91039822902 7.6608007767 1678.26123 0.166 -1.662 0.3556249949932099 0.5211250190734864 0.3288477 0.3138477 "" "" 5.0188185314787495 "" 3.365257138674331 "" 5.955012552937495 4.294832254636119
98.47784928452 7.54237216903 0.0393 0.0369 30.1245 "" "" 3325935370227114368 1340.31274 0.7188 0.0467 -0.322 -6.579 0.046 0.039 0.958 5217.5 4.3966 16.030458 1.333983 16.62536 15.291377 "" "" 1276.55078 1433.69604 7290.60618 4.2527 3056.8 28.413 6061.9 21.864 "" "" 0.0028271695531305093 0.010470538 0.00544233 0.015912868 98.47784928452 7.54237216903 1340.31274 -0.32199999999999995 -6.579 -0.13237500500679017 -4.395874980926513 0.27084768 0.26384768 "" "" 27.940015599030737 "" 3.314203483276298 "" 29.886673853349027 26.610840620790377
99.11645056082 7.93347214638 0.0409 0.0366 33.7586 "" "" 3326054220561282816 1719.41882 0.5607 0.0447 -0.927 -3.065 0.057 0.045 0.954 6304.7 4.4064 16.030993 1.38726 16.653524 15.266265 "" "" 1588.28772 1838.3988 7287.01179 4.6975 2978.6 20.605 6203.7 15.86 "" "" 0.002842826440337732 0.008012289 0.0046891775 0.012701467 99.11645056082 7.93347214638 1719.41882 -0.927 -3.065 -0.7373750050067902 -0.8818749809265136 0.2818477 0.2698477 "" "" 9.36874330020355 "" 2.921430295076644 "" 10.017039618423068 8.654238142831058
98.89509251455 8.03602843702 0.04 0.0362 20.015 "" "" 3326071194272068992 1366.45447 0.7148 0.043 6.561 2.193 0.053 0.049 0.948 5393.1 4.3951 16.033943 1.354818 16.638662 15.283844 "" "" 1284.68335 1431.04956 7267.2456 4.0304 3019.6 11.662 6104.1 15.77 "" "" 0.0028203493624593236 0.005036682 0.0047065704 0.009743253 98.89509251455 8.03602843702 1366.45447 6.561 2.193000000000004 6.75062499499321 4.376125019073486 0.27784768 0.2738477 "" "" 52.107169870512614 "" 4.582690915914442 "" 54.5703820750371 48.98898208314925
98.19072639764 7.90239694259 0.0391 0.0379 23.3043 "" "" 3326007525677057152 1421.62781 0.6772 0.0471 1.397 0.323 0.046 0.04 0.935 5663.7 4.5827 16.034044 1.10186 16.50229 15.400431 "" "" 1322.32043 1531.23193 7266.56016 3.6975 3423.7 14.846 5482.6 9.5414 "" "" 0.002810161083382154 0.005472703 0.0042253975 0.0096981 98.19072639764 7.90239694259 1421.62781 1.3969999999999925 0.323 1.5866249949932099 2.5061250190734863 0.27084768 0.2648477 "" "" 19.987443771828772 "" 3.264942403923772 "" 21.52842810700492 18.591226942138565
98.37160922837 8.5160737624 0.0408 0.0372 30.7444 "" "" 3326335180142241280 1481.57959 0.6377 0.044 -1.944 -1.44 0.05 0.041 1.001 5011.9 4.3862 16.034845 1.078338 16.491602 15.413264 "" "" 1401.27905 1574.43408 7261.20033 4.1495 3457.6 19.81 5418.2 17.695 "" "" 0.0028243151697363877 0.006817714 0.0051823496 0.012000063 98.37160922837 8.5160737624 1481.57959 -1.944 -1.4400000000000002 -1.7543750050067901 0.7431250190734864 0.2748477 0.26584768 "" "" 13.380138716789215 "" 2.70256950841316 "" 14.218707204815374 12.654944895623602
98.33965018505 7.46643529458 0.0539 0.051 36.6782 "" "" 3325928601358729984 1460.26953 0.6721 0.0621 1.028 -3.559 0.069 0.062 1.417 5344.9 4.5924 16.035564 1.317267 16.609428 15.292161 "" "" 1336.86145 1599.49548 7256.39739 5.4681 3102.0 11.675 6057.5 13.124 "" "" 0.0028742267956357653 0.0049480908 0.004451646 0.009399736 98.33965018505 7.46643529458 1460.26953 1.028 -3.5589999999999975 1.2176249949932099 -1.3758749809265138 0.29384768 0.28684768 "" "" 12.71714414535882 "" 3.1505006545380425 "" 13.929630223134147 11.642412179909966
98.1156727382 8.44087008884 0.043 0.0412 35.7008 "" "" 3326251995215485824 1214.80005 0.7982 0.0516 2.804 -4.412 0.051 0.045 1.109 5328.4 4.6121 16.037025 1.098103 16.500645 15.402542 "" "" 1146.16077 1294.93933 7246.63732 4.1478 3428.9 13.429 5471.9 15.412 "" "" 0.0028245333135720283 0.0050858837 0.0048616272 0.00994751 98.1156727382 8.44087008884 1214.80005 2.803999999999999 -4.412 2.9936249949932097 -2.2288749809265136 0.27584767 0.2698477 "" "" 21.490851520518177 "" 2.8921482465938873 "" 22.908583901613508 20.276563971752207
98.62169596194 8.06358263706 0.0469 0.0451 4.0701 "" "" 3326024774265451136 1586.73486 0.62 0.0604 0.971 0.28 0.055 0.044 1.088 5341.9 4.5574 16.038206 1.011188 16.446314 15.435126 "" "" 1444.80566 1750.72717 7238.76349 4.389 3604.9 20.843 5310.2 14.558 "" "" 0.002832869845969926 0.0068697087 0.0048107854 0.011680494 98.62169596194 8.06358263706 1586.73486 0.971 0.28 1.16062499499321 2.4631250190734866 0.27984768 0.2688477 "" "" 20.479060440669983 "" 4.011493187659966 "" 22.595613440769245 18.64726312004142
