Clusters/UPK_166/UPK_166_stars_in_region.tsv
# %ECSV 1.0
# ---
# datatype:
# - name: RA_ICRS_1
#   unit: deg
#   datatype: float64
#   format: '{:15.11f}'
#   description: Right ascension (ICRS) at Ep=2016.0 (ra)
#   meta: !!omap
#   - {ucd: POS_EQ_RA_MAIN}
#   - {width: 15}
#   - {precision: '11'}
# - name: DE_ICRS_1
#   unit: deg
#   datatype: float64
#   format: '{:15.11f}'
#   description: Declination (ICRS) at Ep=2016.0 (dec)
#   meta: !!omap
#   - {ucd: POS_EQ_DEC_MAIN}
#   - {width: 15}
#   - {precision: '11'}
# - name: e_RA_ICRS
#   unit: mas
#   datatype: float64
#   format: '{:7.4f}'
#   description: Standard error of right ascension (ra_error)
#   meta: !!omap
#   - {ucd: ERROR}
#   - {width: 7}
#   - {precision: '4'}
# - name: e_DE_ICRS
#   unit: mas
#   datatype: float64
#   format: '{:7.4f}'
#   description: Standard error of declination (dec_error)
#   meta: !!omap
#   - {ucd: ERROR}
#   - {width: 7}
#   - {precision: '4'}
# - name: _r_1
#   unit: ''
#   datatype: float64
#   format: '{:8.4f}'
#   description: Distance from center (339.19881092000+46.90490433000)[ICRS], at Epoch=J2016.0
#   meta: !!omap
#   - {ucd: POS_ANG_DIST_GENERAL}
#   - {width: 8}
#   - {precision: '4'}
# - name: HIP
#   datatype: int32
#   description: '? HIP cross-id number, van Leeuwen, Cat. I/311 (hip_original_ext_source_id)'
#   meta: !!omap
#   - {ucd: ID_NUMBER}
#   - {width: 6}
#   - values: {'null': -2147483648}
# - name: TYC2
#   datatype: string
#   description: Tycho-2 cross-id name, Hog et al., Cat. I/259 (tyc2_original_ext_source_id)
#   meta: !!omap
#   - {ucd: ID_CROSSID}
#   - {_votable_string_dtype: char}
# - name: Source
#   datatype: int64
#   description: Source identifier, identical to the Gaia-EDR3 source_id (id)
#   meta: !!omap
#   - {ucd: ID_MAIN}
#   - {width: 19}
# - name: rgeo
#   unit: pc
#   datatype: float64
#   format: '{:15.8f}'
#   description: '? Median of the geometric distance posterior (r_med_geo)'
#   meta: !!omap
#   - {ucd: PHYS_DISTANCE_TRUE}
#   - {width: 15}
#   - {precision: '8'}
#   - values: {'null': .nan}
# - name: Plx
#   unit: mas
#   datatype: float64
#   format: '{:9.4f}'
#   description: '? Parallax (parallax)'
#   meta: !!omap
#   - {ucd: POS_PARLX_TRIG}
#   - {width: 9}
#   - {precision: '4'}
#   - values: {'null': .nan}
# - name: e_Plx
#   unit: mas
#   datatype: float32
#   format: '{:7.4f}'
#   description: '? Standard error of parallax (parallax_error)'
#   meta: !!omap
#   - {ucd: ERROR}
#   - {width: 7}
#   - {precision: '4'}
#   - values: {'null': .nan}
# - name: pmRA
#   unit: mas / yr
#   datatype: float64
#   format: '{:9.3f}'
#   description: '? Proper motion in right ascension direction, pmRA*cosDE (pmra)'
#   meta: !!omap
#   - {ucd: POS_EQ_PMRA}
#   - {width: 9}
#   - {precision: '3'}
#   - values: {'null': .nan}
# - name: pmDE
#   unit: mas / yr
#   datatype: float64
#   format: '{:9.3f}'
#   description: '? Proper motion in declination direction (pmdec)'
#   meta: !!omap
#   - {ucd: POS_EQ_PMDEC}
#   - {width: 9}
#   - {precision: '3'}
#   - values: {'null': .nan}
# - name: e_pmRA
#   unit: mas / yr
#   datatype: float32
#   format: '{:6.3f}'
#   description: '? Standard error of proper motion in right ascension direction (pmra_error)'
#   meta: !!omap
#   - {ucd: ERROR}
#   - {width: 6}
#   - {precision: '3'}
#   - values: {'null': .nan}
# - name: e_pmDE
[...]
#         value: !astropy.table.SerializedColumn {name: SkyCoord.dec}
#       distance: !astropy.table.SerializedColumn
#         __class__: astropy.coordinates.distances.Distance
#         unit: !astropy.units.Unit {unit: pc}
#         value: !astropy.table.SerializedColumn {name: SkyCoord.distance}
#       frame: icrs
#       obstime: !astropy.time.Time {format: jyear_str, in_subfmt: '*', jd1: 367701545.0, jd2: 0.0, out_subfmt: '*', precision: 3, scale: tt}
#       pm_dec: !astropy.table.SerializedColumn
#         __class__: astropy.units.quantity.Quantity
#         unit: !astropy.units.Unit {unit: mas / yr}
#         value: !astropy.table.SerializedColumn {name: SkyCoord.pm_dec}
#       pm_ra_cosdec: !astropy.table.SerializedColumn
#         __class__: astropy.units.quantity.Quantity
#         unit: !astropy.units.Unit {unit: mas / yr}
#         value: !astropy.table.SerializedColumn {name: SkyCoord.pm_ra_cosdec}
#       ra: !astropy.table.SerializedColumn
#         __class__: astropy.coordinates.angles.Longitude
#         unit: *id001
#         value: !astropy.table.SerializedColumn {name: SkyCoord.ra}
#         wrap_angle: !astropy.coordinates.Angle
#           unit: *id001
#           value: 360.0
#       representation_type: spherical
# schema: astropy-2.0
RA_ICRS_1 DE_ICRS_1 e_RA_ICRS e_DE_ICRS _r_1 HIP TYC2 Source rgeo Plx e_Plx pmRA pmDE e_pmRA e_pmDE RUWE Teff logg Gmag BP-RP BPmag RPmag RV e_RV b_rgeo B_rgeo FG e_FG FBP e_FBP FRP e_FRP RAVE5 RAVE6 e_Gmag e_BPmag e_RPmag e_BP-RP SkyCoord.ra SkyCoord.dec SkyCoord.distance SkyCoord.pm_ra_cosdec SkyCoord.pm_dec rmRA rmDE e_rmRA e_rmDE rRV e_rRV v_pec v_pec3d e_vpec e_vpec3d
[from data line 535]
339.67020424968 46.90935260407 0.0218 0.0233 19.3247 "" "" 1983623400054546688 571.463074 1.7297 0.0305 6.162 -0.784 0.03 0.032 2.438 "" "" 12.765512 0.762723 13.065519 12.302796 -0.25 1.89 562.338623 582.4646 147483.01367 25.883 81135.0 42.88 95069.0 34.702 "" "" 0.002761900919812548 0.0028485628 0.0038001041 0.006648667 339.67020424968 46.90935260407 571.463074 6.162000000000001 -0.7840000000000018 7.093166648864746 2.479079404830933 0.22303408 0.22503409 10.590714285714286 4.767913 20.353191562080067 22.94374938505823 4.543904228032099 4.592549792817853
339.40312892543 47.95190409012 0.0085 0.0088 63.365 "" "" 1986868093230377984 502.067902 1.9731 0.0114 4.357 0.578 0.011 0.011 1.005 6149.1 4.2799 12.769873 0.777235 13.076886 12.299651 -1.33 1.72 499.211975 504.225494 146891.88417 25.232 80290.0 33.441 95345.0 28.325 "" "" 0.002761624802059368 0.002826578 0.0037931208 0.006619699 339.40312892543 47.95190409012 502.067902 4.356999999999999 0.577999999999998 5.288166648864746 3.8410794048309325 0.20403409 0.20403409 9.510714285714286 4.597913 15.55425776267718 18.23152820726483 3.17359882888833 3.617178719964272
339.04532363569 48.09681150468 0.0086 0.01 71.7845 "" "" 1986790921257423616 551.881409 1.7928 0.0117 13.906 1.846 0.011 0.012 1.055 5931.6 4.2834 12.770704 0.795772 13.087864 12.292092 -14.07 1.29 548.486816 556.455505 146779.39244 25.226 79482.0 27.122 96011.0 38.806 "" "" 0.0027616314595946298 0.00281466 0.0038047738 0.006619434 339.04532363569 48.09681150468 551.881409 13.906 1.846 14.837166648864747 5.109079404830933 0.20403409 0.20503408 -3.229285714285714 4.167913 41.04942865994608 41.1762538307274 8.379843669036426 8.36042568494866
337.39570852638 48.07073205531 0.0122 0.0128 101.1752 "" "" 1986649771452720640 695.566101 1.4165 0.0162 13.645 3.716 0.017 0.017 1.465 6202.8 3.9977 12.773728 0.890346 13.001146 12.110801 -46.55 1.97 689.309753 702.874695 146371.14997 41.328 86091.0 274.31 113460.0 316.02 "" "" 0.0027723216712412474 0.004444424 0.0048403414 0.009284765 337.39570852638 48.07073205531 695.566101 13.645000000000007 3.7160000000000006 14.576166648864746 6.979079404830933 0.21003409 0.21003409 -35.70928571428571 4.847913 53.28196216268251 64.14141078998824 11.19102829240817 9.680198107794306
337.72209043747 47.06393180382 0.0099 0.011 61.1924 "" "" 1986361390167336704 539.9104 1.8348 0.0129 28.167 14.145 0.012 0.014 1.2 5659.9 4.158 12.774254 0.944291 13.112576 12.168284 -25.94 2.25 536.067993 543.868958 146300.32081 41.279 77694.0 175.09 107610.0 386.66 "" "" 0.002772297881045689 0.003711047 0.005431692 0.009142739 337.72209043747 47.06393180382 539.9104 28.166999999999977 14.145000000000001 29.098166648864748 17.408079404830932 0.20503408 0.20703408 -15.099285714285715 5.127913 86.77621656413994 88.08007828259548 17.837989130688513 17.59590282258238
341.67231098874 47.40822643885 0.0085 0.0091 105.3346 "" "" 1985047606908956928 569.673096 1.7334 0.0121 9.9 -2.402 0.011 0.011 1.037 6067.7 4.2283 12.776225 0.828472 13.107264 12.278791 -13.24 1.62 565.143799 572.972351 146034.90621 28.209 78075.0 52.59 97194.0 34.582 "" "" 0.002763290613592447 0.0028844231 0.0037990739 0.0066834968 341.67231098874 47.40822643885 569.673096 9.900000000000004 -2.4019999999999975 10.831166648864746 0.8610794048309325 0.20403409 0.20403409 -2.399285714285714 4.497913 29.339141410234372 29.437081897302676 5.986185020254084 5.97752094706877
338.42094204884 48.54983248366 0.009 0.0104 103.567 "" "" 1987058854194419200 726.918762 1.3538 0.0127 -4.865 -6.62 0.013 0.013 1.027 6450.2 4.1731 12.776496 0.686007 13.042658 12.35665 -31.18 2.66 720.116516 733.869568 145998.53761 23.606 82862.0 36.632 90469.0 25.32 "" "" 0.002760906886314818 0.0028311545 0.003791578 0.0066227326 338.42094204884 48.54983248366 726.918762 -4.865 -6.620000000000001 -3.933833351135254 -3.3569205951690675 0.20603408 0.20603408 -20.339285714285715 5.5379133 17.81874376895077 27.040602302294765 3.6712684648308254 4.817045193946271
337.62212594765 46.19833003236 0.0075 0.0086 77.649 "" "" 1986240856203488128 662.643982 1.489 0.0107 3.332 -6.173 0.009 0.01 0.977 5974.4 3.9983 12.778374 0.888643 13.140333 12.25169 -9.71 1.62 656.52356 667.126709 145746.25698 23.46 75733.0 42.441 99651.0 33.017 "" "" 0.0027608571617818802 0.0028557414 0.0037964634 0.006652205 337.62212594765 46.19833003236 662.643982 3.332 -6.173 4.263166648864746 -2.9099205951690674 0.20203409 0.20303409 1.1307142857142853 4.497913 16.212271499251603 16.25165413000671 3.280592858977028 3.287571446840302
339.10885697465 45.42951607261 0.0076 0.0081 88.6022 "" "" 1983294405557676160 649.16156 1.5177 0.0105 -1.144 -3.313 0.01 0.01 0.94 6424.4 4.1398 12.77892 0.746263 13.070379 12.324117 1.29 3.75 645.732239 654.013123 145672.81519 26.955 80773.0 36.808 93221.0 40.262 "" "" 0.002762634825325611 0.0028336977 0.003808362 0.0066420594 339.10885697465 45.42951607261 649.16156 -1.1439999999999995 -3.3130000000000015 -0.2128333511352538 -0.04992059516906755 0.20303409 0.20303409 12.130714285714287 6.627913 0.6726669837471422 12.149350186436152 0.13657432758327606 6.6177507557303485
340.36516788098 46.19104745632 0.0088 0.0098 64.4268 "" "" 1983434009175129216 722.437317 1.3616 0.0115 -8.2 -9.963 0.011 0.013 0.964 6665.0 4.155 12.778955 0.690901 13.046845 12.355945 -25.09 2.16 716.940796 728.102417 145668.1967 28.192 82543.0 33.78 90527.0 31.789 "" "" 0.0027633210977084915 0.0028253275 0.0037985637 0.006623891 340.36516788098 46.19104745632 722.437317 -8.2 -9.962999999999997 -7.268833351135253 -6.699920595169067 0.20403409 0.20603408 -14.249285714285714 5.0379133 33.85174594870808 36.7285018363562 6.938090965649623 6.686696228918504
340.99626628758 47.80463629331 0.0384 0.0429 90.8382 "" "" 1985267032499878272 681.573486 1.4514 0.0554 7.321 -2.562 0.051 0.052 4.416 6456.3 3.9903 12.779662 0.783231 12.968786 12.185555 -13.28 4.4 659.549316 708.110901 145573.34795 69.306 88696.0 62.185 105910.0 58.706 "" "" 0.0028033878271947685 0.0028921433 0.0038269989 0.006719142 340.99626628758 47.80463629331 681.573486 7.321000000000003 -2.562000000000003 8.252166648864746 0.7010794048309328 0.24403408 0.24503408 -2.439285714285713 7.277913 26.755969495068385 26.866931689661705 6.529560568579598 6.53607953828619
340.71801343135 46.67735462011 0.0087 0.0086 63.8831 "" "" 1983519942881268096 707.819458 1.3931 0.0113 8.94 3.273 0.011 0.011 0.964 6305.7 3.9919 12.784459 0.823523 13.113234 12.28971 0.17 1.51 701.291138 715.12854 144931.65391 25.988 77647.0 44.388 96222.0 25.134 "" "" 0.002762189693678062 0.0028583715 0.0037900077 0.0066483794 340.71801343135 46.67735462011 707.819458 8.94 3.2730000000000015 9.871166648864746 6.536079404830932 0.20403409 0.20403409 11.010714285714286 4.3879128 39.72037078096908 41.21824455334427 8.104309708430408 7.897271302924375
338.37941554952 45.73954504032 0.0085 0.0084 77.7279 "" "" 1983180880983913728 610.412109 1.6181 0.0116 1.384 -4.234 0.011 0.01 0.902 6330.9 4.1964 12.786345 0.852563 13.129414 12.276851 -15.12 2.76 606.590088 614.971924 144680.15202 24.301 76498.0 28.236 97368.0 25.159 "" "" 0.002761348600720056 0.002818803 0.00378978 0.006608583 338.37941554952 45.73954504032 610.412109 1.3840000000000003 -4.234 2.315166648864746 -0.9709205951690674 0.20403409 0.20303409 -4.279285714285713 5.6379128 7.263805863058997 8.430608628130003 1.480979842126845 3.1333337167645854
341.02161465435 46.58432703342 0.0085 0.009 77.3716 "" "" 1983463283672909696 561.192383 1.765 0.0114 -4.696 -13.772 0.011 0.011 1.012 "" "" 12.787587 1.175185 13.294354 12.119169 -9.74 5.96 557.518372 564.947693 144514.69534 148.27 65717.0 258.02 112590.0 305.08 "" "" 0.0029719813824177713 0.005094794 0.0047894586 0.009884253 341.02161465435 46.58432703342 561.192383 -4.695999999999996 -13.772 -3.7648333511352536 -10.508920595169068 0.20403409 0.20403409 1.100714285714286 8.8379135 29.694017910309135 29.714411850086066 6.058591924024166 6.063278638402396
340.32549411752 46.51217375708 0.0086 0.0094 51.9994 "" "" 1983494207436879744 538.093079 1.8392 0.0119 27.352 9.268 0.011 0.012 1.024 6182.6 4.2081 12.79108 0.839737 13.127574 12.287837 -32.6 1.23 534.991333 541.827393 144050.45075 25.573 76628.0 29.753 96388.0 29.135 "" "" 0.0027620538464983163 0.0028218378 0.003793604 0.0066154418 340.32549411752 46.51217375708 538.093079 27.352 9.268 28.283166648864746 12.531079404830933 0.20403409 0.20503408 -21.759285714285717 4.107913 78.90124949461179 81.84664737548445 16.11151784000803 15.570064252048343
338.74230744554 47.95130569056 0.0092 0.0092 65.4611 "" "" 1986970102994420864 566.216614 1.7466 0.0122 13.693 1.384 0.012 0.011 0.924 6158.4 4.2949 12.792746 0.738483 13.083058 12.344575 -35.88 1.33 562.4375 569.904236 143829.62849 23.159 79835.0 47.691 91480.0 36.523 "" "" 0.002760860751373641 0.0028645613 0.0038041594 0.0066687204 338.74230744554 47.95130569056 566.216614 13.693 1.3840000000000008 14.624166648864746 4.647079404830933 0.20503408 0.20403409 -25.039285714285718 4.207913 41.18328570893976 48.19780960651423 8.440208275685032 7.535891715107493
338.24226550795 48.39372627369 0.0079 0.0088 97.3355 "" "" 1987055422524791296 573.616638 1.7237 0.0108 -2.376 -9.477 0.01 0.01 0.96 5996.2 4.2678 12.796627 0.79421 13.112779 12.318569 -15.95 1.38 570.52655 577.192505 143316.4111 23.906 77679.0 36.124 93698.0 27.58 "" "" 0.002761265861487998 0.0028354868 0.0037928699 0.006628357 338.24226550795 48.39372627369 573.616638 -2.376000000000002 -9.477 -1.4448333511352538 -6.213920595169068 0.20303409 0.20303409 -5.109285714285713 4.257913 17.3459930131158 18.08281709583068 3.5218278721421794 3.5861463272880774
338.79151553282 47.36411562598 0.0079 0.0093 32.1794 "" "" 1986709213797933312 664.499634 1.4824 0.0114 -0.848 -3.185 0.01 0.011 0.925 6533.5 4.2534 12.798094 0.667271 13.054588 12.387318 -0.14 4.11 660.147888 669.923706 143122.97247 26.117 81956.0 35.513 87949.0 27.589 "" "" 0.0027624342049055073 0.0028295564 0.0037946973 0.0066242535 338.79151553282 47.36411562598 664.499634 -0.848 -3.1849999999999987 0.08316664886474612 0.07807940483093256 0.20303409 0.20403409 10.700714285714286 6.987913 0.35930496631054193 10.706744896713717 0.07311970415695072 6.983977596605141
340.40531441143 47.38221977094 0.0084 0.0097 56.9594 "" "" 1983753108067539584 687.129028 1.4326 0.012 0.498 -7.909 0.011 0.012 1.089 6444.7 4.1762 12.799646 0.769354 13.10304 12.333686 -38.71 1.44 681.233337 692.863159 142918.37665 25.255 78379.0 31.916 92403.0 26.681 "" "" 0.0027619919474316675 0.00282498 0.003792362 0.006617342 340.40531441143 47.38221977094 687.129028 0.49800000000000044 -7.90899999999999 1.429166648864746 -4.645920595169067 0.20403409 0.20503408 -27.869285714285716 4.317913 15.831490539913837 32.052038608173916 3.244629518701246 4.082174406913555
338.33681027798 45.91554111953 0.0081 0.0085 69.2484 "" "" 1983195208994783744 554.33783 1.7873 0.0117 23.181 -1.661 0.01 0.011 0.972 5530.2 4.1276 12.802902 1.005346 13.218953 12.213607 18.62 38.1 550.543823 558.51001 142490.54432 211.45 70443.0 391.12 103210.0 416.29 "" "" 0.0031918196597194447 0.0066427193 0.005784587 0.012427306 338.33681027798 45.91554111953 554.33783 23.181000000000026 -1.6609999999999974 24.112166648864747 1.6020794048309326 0.20303409 0.20403409 29.46071428571429 40.977913 63.49588978196504 69.99758356849144 12.892109839079708 20.837913248713487
339.14485239896 48.26285912163 0.0085 0.0093 81.5065 "" "" 1987074148580220032 644.157776 1.534 0.0116 -3.972 -5.868 0.011 0.011 0.979 5973.9 3.9801 12.803141 0.764445 13.103126 12.33868 -66.18 1.83 640.222229 648.002808 142459.22137 24.842 78373.0 35.197 91978.0 30.063 "" "" 0.0027618174077003415 0.002832455 0.003796006 0.006628461 339.14485239896 48.26285912163 644.157776 -3.9719999999999978 -5.868000000000007 -3.040833351135254 -2.6049205951690677 0.20403409 0.20403409 -55.33928571428572 4.707913 12.225544855989197 56.67363134997749 2.4944279199608066 4.6284532546307915
340.90426839413 45.66853811418 0.0069 0.0081 102.4808 "" "" 1982602606585710464 533.17981 1.8553 0.01 -20.905 -2.746 0.009 0.01 0.91 5819.8 4.2122 12.803658 0.897244 13.167832 12.270588 -34.5 1.32 530.469421 535.691956 142391.37423 21.836 73839.0 30.198 97932.0 32.774 "" "" 0.002760346280554033 0.0028252813 0.0037968082 0.0066220895 340.90426839413 45.66853811418 533.17981 -20.904999999999998 -2.7459999999999996 -19.973833351135255 0.5170794048309326 0.20203409 0.20303409 -23.659285714285716 4.197913 50.49622802871733 55.76406410618241 10.201993178293375 9.408368893878455
337.46527825234 45.93898797311 0.0085 0.0094 92.1896 "" "" 1983233412722895232 617.022034 1.5977 0.0115 -5.552 -5.791 0.011 0.012 0.973 6284.2 4.1212 12.809888 0.839918 13.144797 12.304879 3.23 1.38 613.002441 621.574158 141576.64902 29.734 75422.0 47.421 94887.0 46.51 "" "" 0.0027647397084795767 0.0028724654 0.0038166672 0.0066891327 337.46527825234 45.93898797311 617.022034 -5.552000000000005 -5.791000000000007 -4.6208333511352535 -2.5279205951690678 0.20403409 0.20503408 14.070714285714287 4.257913 15.404644562492242 20.863558531730053 3.1466276801058535 3.6937672152270435
341.73997495618 47.15756110983 0.0333 0.0393 105.0183 "" "" 1984991570475678848 622.049744 1.6098 0.0514 13.977 -4.439 0.045 0.046 3.654 "" "" 12.816383 0.879523 13.171288 12.291764 -31.79 1.83 601.463806 645.811401 140732.17841 27.303 73604.0 38.399 96040.0 31.395 "" "" 0.002763360037741745 0.0028470838 0.0037960105 0.006643094 341.73997495618 47.15756110983 622.049744 13.976999999999999 -4.439 14.908166648864746 -1.1759205951690674 0.23803408 0.23903409 -20.949285714285715 4.707913 44.09349571463036 48.817096762045374 10.496028091097015 9.693304701323521
339.61699343704 47.96722553812 0.0506 0.0504 65.9598 "" "" 1986870326613496704 642.146484 1.5577 0.0677 17.671 15.782 0.066 0.064 5.33 6017.9 3.9432 12.817903 0.858275 13.16189 12.303615 28.87 1.87 613.133789 672.460876 140535.4154 23.779 74244.0 40.683 94998.0 31.818 "" "" 0.002761437788019798 0.0028528944 0.0037968366 0.0066497307 339.61699343704 47.96722553812 642.146484 17.671 15.782 18.602166648864745 19.045079404830933 0.2590341 0.2570341 39.71071428571429 4.747913 81.03277630173271 90.23996711129878 20.907469648254956 18.890180999761494
340.90700182189 45.8610571018 0.0079 0.0085 94.4491 "" "" 1982675724108923520 620.061279 1.5896 0.0118 1.516 -6.625 0.01 0.011 0.923 6415.2 4.2219 12.821436 0.786984 13.133004 12.34602 -26.91 1.69 614.269104 624.046326 140078.82649 24.218 76246.0 33.791 91359.0 28.119 "" "" 0.0027617068788414064 0.002831357 0.003794127 0.0066254837 340.90700182189 45.8610571018 620.061279 1.5159999999999998 -6.624999999999998 2.447166648864746 -3.3619205951690674 0.20303409 0.20403409 -16.069285714285712 4.567913 12.221505299030673 20.18878736183978 2.489377690525814 3.93576697331421
337.91950275232 47.89592175706 0.0132 0.0129 78.9597 "" "" 1987004604471178880 586.963928 1.6856 0.0166 6.1 3.869 0.018 0.016 1.425 5535.5 4.1698 12.821714 0.964725 13.222847 12.258122 -31.38 2.01 582.163818 595.016174 140042.89028 20.876 70190.0 31.648 99062.0 33.75 "" "" 0.002760069666009686 0.002832791 0.0037974408 0.0066302316 337.91950275232 47.89592175706 586.963928 6.099999999999992 3.8690000000000015 7.031166648864746 7.132079404830932 0.21103409 0.20903409 -20.53928571428571 4.8879128 27.864328377171258 34.61622529340674 5.852128056867614 5.531872784054475
