Clusters/UPK_166/UPK_166_members.tsv
# %ECSV 1.0
# ---
# datatype:
# - name: RA_ICRS_1
#   unit: deg
#   datatype: float64
#   format: '{:15.11f}'
#   description: Right ascension (ICRS) at Ep=2016.0 (ra)
#   meta: !!omap
#   - {ucd: POS_EQ_RA_MAIN}
#   - {width: 15}
#   - {precision: '11'}
# - name: DE_ICRS_1
#   unit: deg
#   datatype: float64
#   format: '{:15.11f}'
#   description: Declination (ICRS) at Ep=2016.0 (dec)
#   meta: !!omap
#   - {ucd: POS_EQ_DEC_MAIN}
#   - {width: 15}
#   - {precision: '11'}
# - name: e_RA_ICRS
#   unit: mas
#   datatype: float64
#   format: '{:7.4f}'
#   description: Standard error of right ascension (ra_error)
#   meta: !!omap
#   - {ucd: ERROR}
#   - {width: 7}
#   - {precision: '4'}
# - name: e_DE_ICRS
#   unit: mas
#   datatype: float64
#   format: '{:7.4f}'
#   description: Standard error of declination (dec_error)
#   meta: !!omap
#   - {ucd: ERROR}
#   - {width: 7}
#   - {precision: '4'}
# - name: _r_1
#   unit: ''
#   datatype: float64
#   format: '{:8.4f}'
#   description: Distance from center (339.19881092000+46.90490433000)[ICRS], at Epoch=J2016.0
#   meta: !!omap
#   - {ucd: POS_ANG_DIST_GENERAL}
#   - {width: 8}
#   - {precision: '4'}
# - name: HIP
#   datatype: int32
#   description: '? HIP cross-id number, van Leeuwen, Cat. I/311 (hip_original_ext_source_id)'
#   meta: !!omap
#   - {ucd: ID_NUMBER}
#   - {width: 6}
#   - values: {'null': -2147483648}
# - name: TYC2
#   datatype: string
#   description: Tycho-2 cross-id name, Hog et al., Cat. I/259 (tyc2_original_ext_source_id)
#   meta: !!omap
#   - {ucd: ID_CROSSID}
#   - {_votable_string_dtype: char}
# - name: Source
#   datatype: int64
#   description: Source identifier, identical to the Gaia-EDR3 source_id (id)
#   meta: !!omap
#   - {ucd: ID_MAIN}
#   - {width: 19}
# - name: rgeo
#   unit: pc
#   datatype: float64
#   format: '{:15.8f}'
#   description: '? Median of the geometric distance posterior (r_med_geo)'
#   meta: !!omap
#   - {ucd: PHYS_DISTANCE_TRUE}
#   - {width: 15}
#   - {precision: '8'}
#   - values: {'null': .nan}
# - name: Plx
#   unit: mas
#   datatype: float64
#   format: '{:9.4f}'
#   description: '? Parallax (parallax)'
#   meta: !!omap
#   - {ucd: POS_PARLX_TRIG}
#   - {width: 9}
#   - {precision: '4'}
#   - values: {'null': .nan}
# - name: e_Plx
#   unit: mas
#   datatype: float32
#   format: '{:7.4f}'
#   description: '? Standard error of parallax (parallax_error)'
#   meta: !!omap
#   - {ucd: ERROR}
#   - {width: 7}
#   - {precision: '4'}
#   - values: {'null': .nan}
# - name: pmRA
#   unit: mas / yr
#   datatype: float64
#   format: '{:9.3f}'
#   description: '? Proper motion in right ascension direction, pmRA*cosDE (pmra)'
#   meta: !!omap
#   - {ucd: POS_EQ_PMRA}
#   - {width: 9}
#   - {precision: '3'}
#   - values: {'null': .nan}
# - name: pmDE
#   unit: mas / yr
#   datatype: float64
#   format: '{:9.3f}'
#   description: '? Proper motion in declination direction (pmdec)'
#   meta: !!omap
#   - {ucd: POS_EQ_PMDEC}
#   - {width: 9}
#   - {precision: '3'}
#   - values: {'null': .nan}
# - name: e_pmRA
#   unit: mas / yr
#   datatype: float32
#   format: '{:6.3f}'
#   description: '? Standard error of proper motion in right ascension direction (pmra_error)'
#   meta: !!omap
#   - {ucd: ERROR}
#   - {width: 6}
#   - {precision: '3'}
#   - values: {'null': .nan}
# - name: e_pmDE
[...]
#         unit: &id001 !astropy.units.Unit {unit: deg}
#         value: !astropy.table.SerializedColumn {name: SkyCoord.dec}
#       distance: !astropy.table.SerializedColumn
#         __class__: astropy.coordinates.distances.Distance
#         unit: !astropy.units.Unit {unit: pc}
#         value: !astropy.table.SerializedColumn {name: SkyCoord.distance}
#       frame: icrs
#       obstime: !astropy.time.Time {format: jyear_str, in_subfmt: '*', jd1: 367701545.0, jd2: 0.0, out_subfmt: '*', precision: 3, scale: tt}
#       pm_dec: !astropy.table.SerializedColumn
#         __class__: astropy.units.quantity.Quantity
#         unit: !astropy.units.Unit {unit: mas / yr}
#         value: !astropy.table.SerializedColumn {name: SkyCoord.pm_dec}
#       pm_ra_cosdec: !astropy.table.SerializedColumn
#         __class__: astropy.units.quantity.Quantity
#         unit: !astropy.units.Unit {unit: mas / yr}
#         value: !astropy.table.SerializedColumn {name: SkyCoord.pm_ra_cosdec}
#       ra: !astropy.table.SerializedColumn
#         __class__: astropy.coordinates.angles.Longitude
#         unit: *id001
#         value: !astropy.table.SerializedColumn {name: SkyCoord.ra}
#         wrap_angle: !astropy.coordinates.Angle
#           unit: *id001
#           value: 360.0
#       representation_type: spherical
# schema: astropy-2.0
RA_ICRS_1 DE_ICRS_1 e_RA_ICRS e_DE_ICRS _r_1 HIP TYC2 Source rgeo Plx e_Plx pmRA pmDE e_pmRA e_pmDE RUWE Teff logg Gmag BP-RP BPmag RPmag RV e_RV b_rgeo B_rgeo FG e_FG FBP e_FBP FRP e_FRP RAVE5 RAVE6 e_Gmag e_BPmag e_RPmag e_BP-RP SkyCoord.ra SkyCoord.dec SkyCoord.distance SkyCoord.pm_ra_cosdec SkyCoord.pm_dec Pmemb
[from data line 118]
339.12857750215 47.0985565257 0.0305 0.0322 11.9693 "" "" 1983685659900032640 633.077881 1.5531 0.0412 -0.844 -3.212 0.039 0.041 1.005 "" "" 16.409473 1.817908 17.266972 15.449063 "" "" 620.488586 654.508911 5142.29664 5.8858 1692.9 11.528 5242.4 17.498 "" "" 0.0030226044989457956 0.007902411 0.005236102 0.013138512 339.12857750215 47.0985565257 633.077881 -0.8439999999999999 -3.212 1.0
338.41677681485 46.77234133213 0.0345 0.035 33.0679 "" "" 1986653997697798144 659.492554 1.4905 0.0443 -0.918 -3.376 0.045 0.046 1.002 4198.9 4.4863 16.418932 1.85521 17.329884 15.474673 "" "" 644.606873 677.739441 5097.69891 9.1318 1597.6 14.107 5120.2 25.862 "" "" 0.003372623042383455 0.009984944 0.0066601997 0.016645145 338.41677681485 46.77234133213 659.492554 -0.9179999999999999 -3.376 1.0
339.5131415944 46.85519476223 0.0356 0.0371 13.2318 "" "" 1983623709292054144 661.284851 1.4778 0.052 -1.062 -2.971 0.047 0.047 1.001 4372.1 4.593 16.640617 1.848544 17.554974 15.70643 "" "" 639.364502 691.245911 4156.22864 2.3904 1298.5 10.689 4136.1 10.442 "" "" 0.0028251943623681898 0.00936297 0.0046687345 0.0140317045 339.5131415944 46.85519476223 661.284851 -1.062 -2.971 1.0
339.3974762655 47.46961973692 0.0329 0.0399 34.8378 "" "" 1986701959591367040 632.169006 1.5451 0.0454 -0.792 -3.186 0.045 0.052 1.033 3673.8 4.2848 16.663408 1.989236 17.656467 15.667232 "" "" 616.935242 651.984802 4069.89916 4.0265 1182.6 10.241 4288.1 14.15 "" "" 0.0029572970755161743 0.0098074535 0.0052076657 0.01501512 339.3974762655 47.46961973692 632.169006 -0.792 -3.186 1.0
338.62660381775 47.97716140687 0.0367 0.0381 68.3972 "" "" 1986973680705963136 657.5625 1.491 0.0503 -0.831 -3.19 0.046 0.047 0.937 4087.0 4.3653 16.791882 2.021676 17.823046 15.80137 "" "" 636.819946 676.221985 3615.71652 4.1736 1014.4 8.5241 3789.7 11.762 "" "" 0.003026953453450377 0.009540656 0.0050635063 0.014604162 338.62660381775 47.97716140687 657.5625 -0.8309999999999998 -3.1899999999999995 0.9
338.29500217523 46.63941620846 0.0376 0.0401 40.4127 "" "" 1986650870961620992 642.654907 1.5307 0.0523 -0.96 -3.463 0.054 0.054 1.019 4142.8 4.6691 16.80972 2.04478 17.84923 15.80445 "" "" 621.240967 666.457153 3556.79505 3.4701 990.2 10.434 3779.0 14.105 "" "" 0.002951922474137679 0.0117760105 0.005541326 0.017317336 338.29500217523 46.63941620846 642.654907 -0.9600000000000001 -3.463 1.0
339.62509251143 46.86197323056 0.0454 0.0458 17.6702 "" "" 1983623159536250368 631.239014 1.5561 0.0616 -0.899 -3.205 0.059 0.059 1.05 4107.1 4.5452 16.918547 2.065866 17.9719 15.906034 "" "" 603.178284 660.777527 3217.57093 3.3268 884.42 7.3228 3441.5 8.7159 "" "" 0.0029752323663476354 0.009412699 0.004673831 0.014086531 339.62509251143 46.86197323056 631.239014 -0.8989999999999998 -3.2049999999999996 1.0
340.09496857931 47.15955123813 0.0369 0.0424 39.7056 "" "" 1983726547989283584 629.455139 1.5566 0.0539 -0.885 -3.174 0.045 0.05 1.029 3868.3 4.3243 16.933449 2.083898 18.004482 15.920585 "" "" 610.982544 648.753723 3173.70993 4.2205 858.27 7.9256 3395.7 13.532 "" "" 0.0031107043425526596 0.01040711 0.005744918 0.016152028 340.09496857931 47.15955123813 629.455139 -0.8849999999999998 -3.1740000000000004 1.0
