Clusters/UPK_166/UPK_166_stars_in_region.tsv
# %ECSV 1.0
# ---
# datatype:
# - name: RA_ICRS_1
#   unit: deg
#   datatype: float64
#   format: '{:15.11f}'
#   description: Right ascension (ICRS) at Ep=2016.0 (ra)
#   meta: !!omap
#   - {ucd: POS_EQ_RA_MAIN}
#   - {width: 15}
#   - {precision: '11'}
# - name: DE_ICRS_1
#   unit: deg
#   datatype: float64
#   format: '{:15.11f}'
#   description: Declination (ICRS) at Ep=2016.0 (dec)
#   meta: !!omap
#   - {ucd: POS_EQ_DEC_MAIN}
#   - {width: 15}
#   - {precision: '11'}
# - name: e_RA_ICRS
#   unit: mas
#   datatype: float64
#   format: '{:7.4f}'
#   description: Standard error of right ascension (ra_error)
#   meta: !!omap
#   - {ucd: ERROR}
#   - {width: 7}
#   - {precision: '4'}
# - name: e_DE_ICRS
#   unit: mas
#   datatype: float64
#   format: '{:7.4f}'
#   description: Standard error of declination (dec_error)
#   meta: !!omap
#   - {ucd: ERROR}
#   - {width: 7}
#   - {precision: '4'}
# - name: _r_1
#   unit: ''
#   datatype: float64
#   format: '{:8.4f}'
#   description: Distance from center (339.19881092000+46.90490433000)[ICRS], at Epoch=J2016.0
#   meta: !!omap
#   - {ucd: POS_ANG_DIST_GENERAL}
#   - {width: 8}
#   - {precision: '4'}
# - name: HIP
#   datatype: int32
#   description: '? HIP cross-id number, van Leeuwen, Cat. I/311 (hip_original_ext_source_id)'
#   meta: !!omap
#   - {ucd: ID_NUMBER}
#   - {width: 6}
#   - values: {'null': -2147483648}
# - name: TYC2
#   datatype: string
#   description: Tycho-2 cross-id name, Hog et al., Cat. I/259 (tyc2_original_ext_source_id)
#   meta: !!omap
#   - {ucd: ID_CROSSID}
#   - {_votable_string_dtype: char}
# - name: Source
#   datatype: int64
#   description: Source identifier, identical to the Gaia-EDR3 source_id (id)
#   meta: !!omap
#   - {ucd: ID_MAIN}
#   - {width: 19}
# - name: rgeo
#   unit: pc
#   datatype: float64
#   format: '{:15.8f}'
#   description: '? Median of the geometric distance posterior (r_med_geo)'
#   meta: !!omap
#   - {ucd: PHYS_DISTANCE_TRUE}
#   - {width: 15}
#   - {precision: '8'}
#   - values: {'null': .nan}
# - name: Plx
#   unit: mas
#   datatype: float64
#   format: '{:9.4f}'
#   description: '? Parallax (parallax)'
#   meta: !!omap
#   - {ucd: POS_PARLX_TRIG}
#   - {width: 9}
#   - {precision: '4'}
#   - values: {'null': .nan}
# - name: e_Plx
#   unit: mas
#   datatype: float32
#   format: '{:7.4f}'
#   description: '? Standard error of parallax (parallax_error)'
#   meta: !!omap
#   - {ucd: ERROR}
#   - {width: 7}
#   - {precision: '4'}
#   - values: {'null': .nan}
# - name: pmRA
#   unit: mas / yr
#   datatype: float64
#   format: '{:9.3f}'
#   description: '? Proper motion in right ascension direction, pmRA*cosDE (pmra)'
#   meta: !!omap
#   - {ucd: POS_EQ_PMRA}
#   - {width: 9}
#   - {precision: '3'}
#   - values: {'null': .nan}
# - name: pmDE
#   unit: mas / yr
#   datatype: float64
#   format: '{:9.3f}'
#   description: '? Proper motion in declination direction (pmdec)'
#   meta: !!omap
#   - {ucd: POS_EQ_PMDEC}
#   - {width: 9}
#   - {precision: '3'}
#   - values: {'null': .nan}
# - name: e_pmRA
#   unit: mas / yr
#   datatype: float32
#   format: '{:6.3f}'
#   description: '? Standard error of proper motion in right ascension direction (pmra_error)'
#   meta: !!omap
#   - {ucd: ERROR}
#   - {width: 6}
#   - {precision: '3'}
#   - values: {'null': .nan}
# - name: e_pmDE
[...]
#         unit: &id001 !astropy.units.Unit {unit: deg}
#         value: !astropy.table.SerializedColumn {name: SkyCoord.dec}
#       distance: !astropy.table.SerializedColumn
#         __class__: astropy.coordinates.distances.Distance
#         unit: !astropy.units.Unit {unit: pc}
#         value: !astropy.table.SerializedColumn {name: SkyCoord.distance}
#       frame: icrs
#       obstime: !astropy.time.Time {format: jyear_str, in_subfmt: '*', jd1: 367701545.0, jd2: 0.0, out_subfmt: '*', precision: 3, scale: tt}
#       pm_dec: !astropy.table.SerializedColumn
#         __class__: astropy.units.quantity.Quantity
#         unit: !astropy.units.Unit {unit: mas / yr}
#         value: !astropy.table.SerializedColumn {name: SkyCoord.pm_dec}
#       pm_ra_cosdec: !astropy.table.SerializedColumn
#         __class__: astropy.units.quantity.Quantity
#         unit: !astropy.units.Unit {unit: mas / yr}
#         value: !astropy.table.SerializedColumn {name: SkyCoord.pm_ra_cosdec}
#       ra: !astropy.table.SerializedColumn
#         __class__: astropy.coordinates.angles.Longitude
#         unit: *id001
#         value: !astropy.table.SerializedColumn {name: SkyCoord.ra}
#         wrap_angle: !astropy.coordinates.Angle
#           unit: *id001
#           value: 360.0
#       representation_type: spherical
# schema: astropy-2.0
RA_ICRS_1 DE_ICRS_1 e_RA_ICRS e_DE_ICRS _r_1 HIP TYC2 Source rgeo Plx e_Plx pmRA pmDE e_pmRA e_pmDE RUWE Teff logg Gmag BP-RP BPmag RPmag RV e_RV b_rgeo B_rgeo FG e_FG FBP e_FBP FRP e_FRP RAVE5 RAVE6 e_Gmag e_BPmag e_RPmag e_BP-RP SkyCoord.ra SkyCoord.dec SkyCoord.distance SkyCoord.pm_ra_cosdec SkyCoord.pm_dec
[from data line 2548]
338.93822814717 46.23978098598 0.0192 0.0209 41.3294 "" "" 1983581137575349120 648.78302 1.5187 0.0264 15.153 10.619 0.025 0.027 1.044 4798.0 4.6006 15.598769 1.319145 16.187727 14.868582 "" "" 638.474792 660.080872 10850.23036 2.7136 4574.3 10.604 8948.0 9.7797 "" "" 0.0027686679964372494 0.00375765 0.003961297 0.0077189473 338.93822814717 46.23978098598 648.78302 15.153 10.619
339.48312848349 47.58414300587 0.0249 0.0339 42.3677 "" "" 1986797243451947392 723.729309 1.3574 0.03 0.983 -2.606 0.034 0.042 1.078 4846.8 4.5394 15.59983 1.251227 16.143038 14.89181 "" "" 707.133972 737.315613 10839.64097 5.812 4766.5 18.682 8758.6 18.452 "" "" 0.002816147755890293 0.005088626 0.004417659 0.009506285 339.48312848349 47.58414300587 723.729309 0.9830000000000001 -2.6060000000000003
339.27704867605 47.23822562026 0.0196 0.0214 20.2532 "" "" 1986694954506734336 658.379089 1.4908 0.0268 -1.033 -3.279 0.026 0.028 0.992 4681.0 4.2927 15.600162 1.538048 16.307785 14.769737 "" "" 647.701538 668.613037 10836.32656 11.805 4095.5 21.019 9800.8 30.097 "" "" 0.0029984638266591945 0.0062317615 0.005039874 0.011271635 339.27704867605 47.23822562026 658.379089 -1.033 -3.2790000000000004
341.19159794161 47.38224424086 0.0355 0.0365 86.218 "" "" 1985054929832934656 626.784607 1.5668 0.0481 1.993 -1.635 0.047 0.046 1.992 4705.0 4.5151 15.60067 1.403656 16.195835 14.792179 "" "" 604.079285 647.471008 10831.25245 6.526 4540.3 11.239 9600.3 15.864 "" "" 0.0028319131092837038 0.0038740593 0.0041836114 0.008057671 341.19159794161 47.38224424086 626.784607 1.993 -1.6349999999999998
341.08457532379 47.40006364581 0.0198 0.0217 82.4785 "" "" 1985243221201095296 667.651672 1.4613 0.0271 -9.009 -3.156 0.027 0.028 1.032 4540.7 4.3939 15.601272 1.486266 16.283556 14.79729 "" "" 656.253845 681.115784 10825.25185 3.5021 4187.9 12.964 9555.3 12.239 "" "" 0.0027776186038448664 0.004368214 0.0040271212 0.008395335 341.08457532379 47.40006364581 667.651672 -9.009 -3.1560000000000006
340.0402790408 48.22838275483 0.0205 0.0219 86.4059 "" "" 1986897367728159616 701.36145 1.3983 0.0278 -0.538 -2.558 0.026 0.027 0.972 4752.8 4.4728 15.601586 1.272516 16.165895 14.893379 "" "" 687.236206 714.424866 10822.11295 3.2776 4667.2 8.6345 8745.9 8.2342 "" "" 0.0027748724214041046 0.0034379845 0.0039151814 0.007353166 340.0402790408 48.22838275483 701.36145 -0.538 -2.558
339.25689883026 47.53734983814 0.0208 0.0241 38.0205 "" "" 1986715394249123584 704.791809 1.3929 0.0291 -4.109 -6.144 0.027 0.031 1.085 4794.8 4.4466 15.602225 1.293054 16.173409 14.880355 "" "" 689.434387 722.75592 10815.75121 2.8297 4635.0 7.6025 8851.5 10.913 "" "" 0.002769923954890149 0.0033100646 0.004009437 0.0073195016 339.25689883026 47.53734983814 704.791809 -4.109 -6.143999999999999
337.57924639526 47.21281084523 0.0199 0.0206 68.7274 "" "" 1986553976500512000 719.189026 1.3605 0.0256 -5.921 -2.535 0.025 0.026 0.961 4984.9 4.5671 15.60249 1.227904 16.139849 14.911944 "" "" 706.419617 730.980042 10813.1058 3.6288 4780.5 11.903 8597.7 12.851 "" "" 0.002779307717471236 0.0038850126 0.004113074 0.0079980865 337.57924639526 47.21281084523 719.189026 -5.921 -2.5349999999999993
337.65168824293 46.86728442063 0.0204 0.0199 63.4821 "" "" 1986341221000845952 699.340881 1.4013 0.0258 7.254 -10.489 0.026 0.024 1.011 4473.2 4.3287 15.603009 1.444644 16.260952 14.816308 "" "" 690.412598 714.251953 10807.94681 2.9802 4276.0 10.081 9389.3 9.6693 "" "" 0.0027715373578420257 0.0037864426 0.003941308 0.0077277506 337.65168824293 46.86728442063 699.340881 7.254 -10.489
340.03026816677 46.75383191564 0.022 0.024 35.3146 "" "" 1983697617089413632 567.05304 1.7342 0.0314 4.796 1.862 0.031 0.031 0.992 "" "" 15.603351 1.722663 16.41449 14.691827 "" "" 558.397949 578.008179 10804.54554 3.3485 3712.1 13.574 10530.0 12.749 "" "" 0.002775790482407222 0.0048525813 0.0040014656 0.008854046 340.03026816677 46.75383191564 567.05304 4.796 1.8620000000000005
338.65141999063 47.74629455155 0.0226 0.0234 55.1738 "" "" 1986778689190252800 673.787231 1.458 0.0299 -8.741 -3.881 0.03 0.03 1.043 4821.1 4.5363 15.603472 1.285922 16.170736 14.884814 "" "" 660.58252 687.803162 10803.33547 3.3959 4646.5 9.1949 8815.2 10.698 "" "" 0.0027763766097271634 0.0035215497 0.004002485 0.007524035 338.65141999063 47.74629455155 673.787231 -8.740999999999998 -3.8810000000000002
340.64858342624 47.59885188014 0.0199 0.0225 72.2466 "" "" 1983762488276329984 516.495544 1.9034 0.0272 -2.028 -6.657 0.027 0.03 1.001 4541.3 4.6656 15.60367 1.539311 16.321356 14.782045 "" "" 510.630615 522.860107 10801.36442 3.399 4044.6 10.352 9690.4 9.7449 "" "" 0.0027764225917180007 0.0039379355 0.0039339354 0.007871871 340.64858342624 47.59885188014 516.495544 -2.0280000000000005 -6.657
340.65448090132 46.06029021888 0.0212 0.0224 78.6423 "" "" 1982673559445350144 659.744324 1.4805 0.0298 3.202 -1.134 0.027 0.028 1.037 5000.8 4.6408 15.603751 1.284183 16.172691 14.888509 "" "" 647.430786 671.743408 10800.56464 4.6888 4638.1 11.839 8785.3 12.215 "" "" 0.0027953454422006813 0.003932646 0.004069719 0.008002365 340.65448090132 46.06029021888 659.744324 3.202000000000001 -1.134
339.19471465217 46.38261223017 0.0202 0.0225 31.338 "" "" 1983595259428170496 527.399353 1.8632 0.0293 -33.601 -39.118 0.026 0.026 1.028 4638.1 4.6067 15.60439 1.459604 16.274618 14.815014 "" "" 519.178101 535.90918 10794.20764 3.1198 4222.5 9.7779 9400.5 10.429 "" "" 0.0027731323771917043 0.0037558305 0.0039666872 0.0077225175 339.19471465217 46.38261223017 527.399353 -33.601 -39.117999999999995
340.43848804653 45.83072448193 0.0201 0.0221 82.3877 "" "" 1982661155579498752 608.06427 1.6115 0.0282 21.542 6.951 0.026 0.027 0.959 4828.2 4.6552 15.606937 1.331435 16.199194 14.867759 "" "" 598.986633 619.17572 10768.91219 3.1477 4526.3 8.4137 8954.8 14.482 "" "" 0.002773536337597916 0.003443581 0.004167358 0.007610939 340.43848804653 45.83072448193 608.06427 21.541999999999998 6.9510000000000005
337.98593773164 48.33338798279 0.0194 0.0213 98.7501 "" "" 1987033741529473536 653.770325 1.497 0.0263 -8.368 -9.009 0.025 0.025 0.986 4817.0 4.5595 15.607788 1.269902 16.170534 14.900632 "" "" 641.677063 666.407776 10760.48068 2.7325 4647.3 8.7543 8687.7 7.8972 "" "" 0.002769080265374449 0.00345949 0.0039061215 0.0073656114 337.98593773164 48.33338798279 653.770325 -8.368 -9.009
339.80897632484 47.34386633437 0.0193 0.022 36.2512 "" "" 1983785715460075648 678.288208 1.4472 0.0264 0.864 -0.979 0.024 0.026 1.05 4866.6 4.6028 15.608831 1.254213 16.160692 14.906479 "" "" 666.832581 690.733887 10750.14607 4.0969 4689.6 10.164 8641.1 12.882 "" "" 0.0027862160703263504 0.0036499936 0.0041113966 0.00776139 339.80897632484 47.34386633437 678.288208 0.8639999999999999 -0.9789999999999999
340.95751256256 45.93665149872 0.0203 0.0205 93.09 "" "" 1982679125723174656 554.428406 1.7733 0.0298 -4.121 14.585 0.025 0.026 0.967 4551.8 4.5494 15.609919 1.456807 16.25393 14.797122 "" "" 547.052124 565.241943 10739.37814 2.8814 4303.7 8.5009 9556.7 11.625 "" "" 0.0027706765101479613 0.0035191444 0.0040035006 0.007522645 340.95751256256 45.93665149872 554.428406 -4.121 14.585
340.01663060389 48.48947781671 0.0199 0.0218 100.6455 "" "" 1986916677901175552 539.314758 1.8282 0.0265 4.182 -5.936 0.026 0.027 1.0 4507.1 4.5971 15.61047 1.567006 16.344631 14.777625 "" "" 531.226624 546.744507 10733.93146 3.1248 3958.8 9.5158 9729.9 14.51 "" "" 0.0027733899268239416 0.00382048 0.004111609 0.007932089 340.01663060389 48.48947781671 539.314758 4.182 -5.936
341.17127032542 46.09306576045 0.0202 0.0227 94.9141 "" "" 1982681943221872640 703.938904 1.3859 0.0311 0.611 -0.502 0.025 0.028 0.993 4935.6 4.5538 15.612616 1.254691 16.163443 14.908751 "" "" 688.181274 719.926453 10712.74272 3.9748 4677.8 13.26 8623.0 16.198 "" "" 0.0027846138333940864 0.0041541886 0.004294573 0.008448761 341.17127032542 46.09306576045 703.938904 0.611 -0.5019999999999999
338.29995111265 45.56274537546 0.0195 0.0212 88.7492 "" "" 1983169920227219456 612.663818 1.6026 0.0272 10.437 6.883 0.024 0.025 0.985 4624.5 4.4648 15.612888 1.426195 16.265541 14.839346 "" "" 604.156189 622.619324 10710.04603 2.7994 4257.9 8.191 9192.2 9.2606 "" "" 0.0027698964749588106 0.0034853278 0.003934483 0.0074198106 338.29995111265 45.56274537546 612.663818 10.437 6.883
337.72151903147 46.09634476399 0.0197 0.0211 77.9475 "" "" 1983236097082986496 596.504089 1.6487 0.0276 -7.089 5.058 0.025 0.026 1.07 4522.0 4.4813 15.615955 1.412916 16.259949 14.847033 "" "" 586.450623 606.047668 10679.83983 2.6933 4279.9 11.932 9127.4 9.4858 "" "" 0.0027688914007053165 0.0041167242 0.0039442293 0.008060954 337.72151903147 46.09634476399 596.504089 -7.089 5.058
341.26453729978 47.60829663588 0.0208 0.0231 94.1112 "" "" 1985247206930915200 630.862122 1.549 0.0283 -2.697 -9.677 0.027 0.028 1.041 4333.5 4.3511 15.616121 1.549797 16.328558 14.778761 "" "" 621.825195 641.507446 10678.20878 3.3104 4017.9 10.461 9719.7 12.032 "" "" 0.002775803472367263 0.003971897 0.0040112524 0.00798315 341.26453729978 47.60829663588 630.862122 -2.697 -9.677
339.80434760052 47.74140771378 0.0407 0.0398 55.9067 "" "" 1986805146188587008 642.824341 1.535 0.054 5.33 -2.781 0.06 0.054 2.11 4775.3 4.6539 15.616895 1.349302 16.196438 14.847136 "" "" 618.31781 662.451477 10670.59767 6.732 4537.8 11.95 9126.5 10.349 "" "" 0.0028391884037961158 0.003995017 0.0039748596 0.007969877 339.80434760052 47.74140771378 642.824341 5.330000000000001 -2.7810000000000006
340.16061065796 47.39659190201 0.0192 0.0225 49.0966 "" "" 1983778190677538048 557.264038 1.759 0.0281 -1.379 -6.945 0.026 0.028 1.025 4572.1 4.6001 15.61813 1.48415 16.308662 14.824513 "" "" 548.331299 566.591125 10658.46742 3.2692 4092.2 11.762 9318.7 9.8788 "" "" 0.0027753724250146323 0.0041861273 0.003950761 0.008136889 340.16061065796 47.39659190201 557.264038 -1.3790000000000007 -6.9449999999999985
338.42367053746 45.86848573726 0.02 0.0206 69.9718 "" "" 1983183904640872320 562.532532 1.7525 0.0284 -2.225 -2.636 0.025 0.026 1.002 4775.8 4.5324 15.619278 1.393498 16.248814 14.855315 "" "" 553.440979 572.69165 10647.20776 2.8956 4324.1 13.278 9058.0 10.499 "" "" 0.002771096700098423 0.0043474566 0.003983397 0.008330854 338.42367053746 45.86848573726 562.532532 -2.225 -2.636
341.48043968656 47.18998415513 0.0294 0.0319 94.8327 "" "" 1985035138623713024 691.82959 1.4161 0.0424 -21.523 -6.378 0.037 0.04 1.611 4708.6 4.4479 15.621797 1.397101 16.24373 14.846629 "" "" 673.059998 710.523376 10622.53683 3.6216 4344.3 8.4979 9130.8 8.9576 "" "" 0.002780074148625646 0.0035065121 0.0039266082 0.00743312 341.48043968656 47.18998415513 691.82959 -21.523 -6.377999999999998
338.59140454638 48.2402500775 0.0197 0.0224 83.8078 "" "" 1986992097525787264 745.920898 1.3142 0.0264 3.056 2.111 0.025 0.027 0.989 4850.0 4.641 15.621995 1.236998 16.166643 14.929646 "" "" 732.502686 765.07074 10620.58903 2.8557 4664.0 8.8778 8458.6 8.2821 "" "" 0.0027707429116474143 0.0034722 0.00392605 0.0073982496 338.59140454638 48.2402500775 745.920898 3.0559999999999996 2.111
341.01806260035 47.30815353363 0.0193 0.0216 78.1332 "" "" 1983553924663078144 639.000183 1.5411 0.0276 -4.11 1.658 0.025 0.028 1.033 4779.3 4.5421 15.624587 1.291278 16.193968 14.90269 "" "" 628.64093 651.797668 10595.26977 2.9755 4548.1 10.011 8671.3 10.732 "" "" 0.002772139924141269 0.003673753 0.0040111607 0.0076849135 341.01806260035 47.30815353363 639.000183 -4.109999999999999 1.6579999999999995
337.31790962984 47.91605973378 0.0239 0.0247 97.5327 "" "" 1986646610356686208 733.463135 1.333 0.0301 8.481 3.036 0.032 0.032 0.974 4996.1 4.6371 15.62608 1.194489 16.146057 14.951569 "" "" 717.814758 749.509399 10580.71729 4.2716 4753.3 9.4253 8289.5 13.904 "" "" 0.0027899679755960275 0.003524207 0.0041952548 0.007719462 337.31790962984 47.91605973378 733.463135 8.481 3.0359999999999996
337.86609851289 46.71191124411 0.0217 0.022 55.9405 "" "" 1986294251237336960 728.559448 1.3388 0.0295 8.978 -2.755 0.029 0.027 1.005 4740.5 4.4945 15.630309 1.282963 16.201105 14.918142 "" "" 716.770813 745.55957 10539.57642 3.1277 4518.3 12.703 8548.7 11.846 "" "" 0.0027740949128100987 0.0041355533 0.0040678354 0.008203389 337.86609851289 46.71191124411 728.559448 8.978 -2.755000000000001
338.9379029185 46.28789153144 0.0291 0.0282 38.5518 "" "" 1983581481172904192 690.579468 1.4265 0.0378 6.382 7.329 0.039 0.036 1.414 "" "" 15.631202 1.218651 15.836287 14.617637 "" "" 669.91156 710.450623 10530.91005 5.2015 6322.7 117.3 11275.0 313.56 "" "" 0.0028070232547751316 0.020335125 0.030430147 0.050765272 338.9379029185 46.28789153144 690.579468 6.382 7.328999999999999
338.11908736465 45.37924248361 0.0188 0.0215 101.95 "" "" 1982979223678298240 680.957397 1.447 0.027 16.088 -1.369 0.025 0.027 1.06 4747.8 4.4932 15.631711 1.328381 16.227272 14.898891 "" "" 668.197815 692.175232 10525.97939 2.6625 4410.7 10.08 8701.7 8.6507 "" "" 0.002768973134922335 0.0037338778 0.0039304923 0.0076643704 338.11908736465 45.37924248361 680.957397 16.088 -1.3690000000000007
337.19577343978 46.9393825469 0.0216 0.0226 82.1073 "" "" 1986521094230438400 707.712463 1.3863 0.0302 2.428 -7.658 0.028 0.028 0.95 4934.4 4.5923 15.634006 1.276768 16.198065 14.921297 "" "" 692.570129 722.872375 10503.75246 4.064 4531.0 11.961 8523.9 14.238 "" "" 0.0027871594574775636 0.0039999774 0.004191989 0.008191966 337.19577343978 46.9393825469 707.712463 2.428 -7.6579999999999995
340.84657200845 46.21880010708 0.0196 0.0226 79.4679 "" "" 1982698161018172800 539.618164 1.8261 0.0293 37.894 11.904 0.024 0.027 1.041 4515.4 4.6303 15.635599 1.466429 16.308874 14.842445 "" "" 531.090271 548.023743 10488.34579 2.9763 4091.4 13.052 9166.0 10.405 "" "" 0.002772492745794553 0.0044476585 0.0039752712 0.00842293 340.84657200845 46.21880010708 539.618164 37.894000000000005 11.904
340.68111142169 47.51806426616 0.0283 0.0332 70.7332 "" "" 1983761113886699776 720.729858 1.3594 0.0396 4.581 -1.181 0.039 0.045 1.528 4997.4 4.6056 15.635653 1.323494 16.218187 14.894693 "" "" 704.491943 742.906677 10487.83377 3.4415 4447.8 8.9174 8735.4 10.028 "" "" 0.0027782587736127832 0.003538853 0.0039796014 0.0075184545 340.68111142169 47.51806426616 720.729858 4.581 -1.181
337.79721455765 45.6910300187 0.04 0.0409 93.1656 "" "" 1983166243734778368 738.603577 1.3409 0.0598 -7.91 -3.352 0.051 0.052 1.91 5031.4 4.6092 15.636951 1.328443 16.227959 14.899516 "" "" 698.674438 773.415649 10475.29637 2.9908 4407.9 9.8835 8696.6 9.2554 "" "" 0.0027727030431313683 0.0037029262 0.003952076 0.007655002 337.79721455765 45.6910300187 738.603577 -7.910000000000001 -3.352
341.53364589104 46.77129323242 0.0216 0.0224 96.1615 "" "" 1984965147836545152 728.256042 1.344 0.0302 0.189 -1.422 0.028 0.028 1.029 5014.6 4.5533 15.637279 1.248344 16.188145 14.9398 "" "" 708.707886 748.046387 10472.14129 5.0389 4572.6 12.713 8379.9 13.82 "" "" 0.0028044104588276103 0.0041106134 0.004182093 0.008292707 341.53364589104 46.77129323242 728.256042 0.189 -1.4220000000000002
337.65044632516 47.42057521971 0.0209 0.0222 70.3346 "" "" 1986559920735342720 676.475281 1.4462 0.0279 -1.539 -1.242 0.029 0.029 1.019 4748.6 4.5559 15.639398 1.306625 16.221369 14.914743 "" "" 665.232361 688.227783 10451.72081 2.7048 4434.7 9.8189 8575.5 14.226 "" "" 0.0027696096839324824 0.0036829277 0.0041866256 0.007869553 337.65044632516 47.42057521971 676.475281 -1.5389999999999997 -1.242
