Clusters/UPK_166/UPK_166_stars_in_region.tsv
# %ECSV 1.0
# ---
# datatype:
# - name: RA_ICRS_1
#   unit: deg
#   datatype: float64
#   format: '{:15.11f}'
#   description: Right ascension (ICRS) at Ep=2016.0 (ra)
#   meta: !!omap
#   - {ucd: POS_EQ_RA_MAIN}
#   - {width: 15}
#   - {precision: '11'}
# - name: DE_ICRS_1
#   unit: deg
#   datatype: float64
#   format: '{:15.11f}'
#   description: Declination (ICRS) at Ep=2016.0 (dec)
#   meta: !!omap
#   - {ucd: POS_EQ_DEC_MAIN}
#   - {width: 15}
#   - {precision: '11'}
# - name: e_RA_ICRS
#   unit: mas
#   datatype: float64
#   format: '{:7.4f}'
#   description: Standard error of right ascension (ra_error)
#   meta: !!omap
#   - {ucd: ERROR}
#   - {width: 7}
#   - {precision: '4'}
# - name: e_DE_ICRS
#   unit: mas
#   datatype: float64
#   format: '{:7.4f}'
#   description: Standard error of declination (dec_error)
#   meta: !!omap
#   - {ucd: ERROR}
#   - {width: 7}
#   - {precision: '4'}
# - name: _r_1
#   unit: ''
#   datatype: float64
#   format: '{:8.4f}'
#   description: Distance from center (339.19881092000+46.90490433000)[ICRS], at Epoch=J2016.0
#   meta: !!omap
#   - {ucd: POS_ANG_DIST_GENERAL}
#   - {width: 8}
#   - {precision: '4'}
# - name: HIP
#   datatype: int32
#   description: '? HIP cross-id number, van Leeuwen, Cat. I/311 (hip_original_ext_source_id)'
#   meta: !!omap
#   - {ucd: ID_NUMBER}
#   - {width: 6}
#   - values: {'null': -2147483648}
# - name: TYC2
#   datatype: string
#   description: Tycho-2 cross-id name, Hog et al., Cat. I/259 (tyc2_original_ext_source_id)
#   meta: !!omap
#   - {ucd: ID_CROSSID}
#   - {_votable_string_dtype: char}
# - name: Source
#   datatype: int64
#   description: Source identifier, identical to the Gaia-EDR3 source_id (id)
#   meta: !!omap
#   - {ucd: ID_MAIN}
#   - {width: 19}
# - name: rgeo
#   unit: pc
#   datatype: float64
#   format: '{:15.8f}'
#   description: '? Median of the geometric distance posterior (r_med_geo)'
#   meta: !!omap
#   - {ucd: PHYS_DISTANCE_TRUE}
#   - {width: 15}
#   - {precision: '8'}
#   - values: {'null': .nan}
# - name: Plx
#   unit: mas
#   datatype: float64
#   format: '{:9.4f}'
#   description: '? Parallax (parallax)'
#   meta: !!omap
#   - {ucd: POS_PARLX_TRIG}
#   - {width: 9}
#   - {precision: '4'}
#   - values: {'null': .nan}
# - name: e_Plx
#   unit: mas
#   datatype: float32
#   format: '{:7.4f}'
#   description: '? Standard error of parallax (parallax_error)'
#   meta: !!omap
#   - {ucd: ERROR}
#   - {width: 7}
#   - {precision: '4'}
#   - values: {'null': .nan}
# - name: pmRA
#   unit: mas / yr
#   datatype: float64
#   format: '{:9.3f}'
#   description: '? Proper motion in right ascension direction, pmRA*cosDE (pmra)'
#   meta: !!omap
#   - {ucd: POS_EQ_PMRA}
#   - {width: 9}
#   - {precision: '3'}
#   - values: {'null': .nan}
# - name: pmDE
#   unit: mas / yr
#   datatype: float64
#   format: '{:9.3f}'
#   description: '? Proper motion in declination direction (pmdec)'
#   meta: !!omap
#   - {ucd: POS_EQ_PMDEC}
#   - {width: 9}
#   - {precision: '3'}
#   - values: {'null': .nan}
# - name: e_pmRA
#   unit: mas / yr
#   datatype: float32
#   format: '{:6.3f}'
#   description: '? Standard error of proper motion in right ascension direction (pmra_error)'
#   meta: !!omap
#   - {ucd: ERROR}
#   - {width: 6}
#   - {precision: '3'}
#   - values: {'null': .nan}
# - name: e_pmDE
[...]
#         unit: &id001 !astropy.units.Unit {unit: deg}
#         value: !astropy.table.SerializedColumn {name: SkyCoord.dec}
#       distance: !astropy.table.SerializedColumn
#         __class__: astropy.coordinates.distances.Distance
#         unit: !astropy.units.Unit {unit: pc}
#         value: !astropy.table.SerializedColumn {name: SkyCoord.distance}
#       frame: icrs
#       obstime: !astropy.time.Time {format: jyear_str, in_subfmt: '*', jd1: 367701545.0, jd2: 0.0, out_subfmt: '*', precision: 3, scale: tt}
#       pm_dec: !astropy.table.SerializedColumn
#         __class__: astropy.units.quantity.Quantity
#         unit: !astropy.units.Unit {unit: mas / yr}
#         value: !astropy.table.SerializedColumn {name: SkyCoord.pm_dec}
#       pm_ra_cosdec: !astropy.table.SerializedColumn
#         __class__: astropy.units.quantity.Quantity
#         unit: !astropy.units.Unit {unit: mas / yr}
#         value: !astropy.table.SerializedColumn {name: SkyCoord.pm_ra_cosdec}
#       ra: !astropy.table.SerializedColumn
#         __class__: astropy.coordinates.angles.Longitude
#         unit: *id001
#         value: !astropy.table.SerializedColumn {name: SkyCoord.ra}
#         wrap_angle: !astropy.coordinates.Angle
#           unit: *id001
#           value: 360.0
#       representation_type: spherical
# schema: astropy-2.0
RA_ICRS_1 DE_ICRS_1 e_RA_ICRS e_DE_ICRS _r_1 HIP TYC2 Source rgeo Plx e_Plx pmRA pmDE e_pmRA e_pmDE RUWE Teff logg Gmag BP-RP BPmag RPmag RV e_RV b_rgeo B_rgeo FG e_FG FBP e_FBP FRP e_FRP RAVE5 RAVE6 e_Gmag e_BPmag e_RPmag e_BP-RP SkyCoord.ra SkyCoord.dec SkyCoord.distance SkyCoord.pm_ra_cosdec SkyCoord.pm_dec
[from data line 2304]
337.42329854397 47.45383699927 0.0181 0.0192 79.5457 "" "" 1986569713260606080 528.933228 1.8585 0.0254 17.023 -3.644 0.023 0.024 1.017 4682.1 4.5042 15.317138 1.320295 15.904187 14.583892 "" "" 522.051941 536.776428 14063.44179 3.2594 5939.4 13.005 11631.0 10.389 "" "" 0.002766786831525188 0.003665626 0.0039018244 0.0075674504 337.42329854397 47.45383699927 528.933228 17.022999999999996 -3.6439999999999992
339.30443155674 45.63162328693 0.0267 0.0307 76.5223 "" "" 1983305950430065280 711.271179 1.3753 0.0386 -15.674 -11.087 0.036 0.04 1.506 4856.2 4.3958 15.317458 1.235612 15.848522 14.61291 "" "" 691.222778 731.5578 14059.29795 4.578 6251.8 11.229 11324.0 10.428 "" "" 0.002777909055171301 0.0034041149 0.003909397 0.007313512 339.30443155674 45.63162328693 711.271179 -15.674000000000001 -11.087
340.87666550551 46.50771097169 0.0169 0.0188 73.0301 "" "" 1983468540712713472 587.638184 1.6709 0.0238 10.502 -6.47 0.021 0.022 1.01 4697.5 4.4717 15.323846 1.319605 15.91265 14.593045 "" "" 578.191833 597.388062 13976.81732 3.156 5893.3 9.8566 11533.0 11.064 "" "" 0.0027662056627725732 0.0033290472 0.0039202836 0.007249331 340.87666550551 46.50771097169 587.638184 10.502 -6.469999999999999
341.00800941255 46.39565072932 0.0183 0.0194 80.5343 "" "" 1983452490414688000 728.525635 1.347 0.0252 -8.014 -7.35 0.024 0.024 0.975 4899.9 4.4407 15.324451 1.226551 15.858973 14.632422 "" "" 714.627014 742.750793 13969.02474 5.7722 6191.9 16.062 11122.0 16.921 "" "" 0.0027916068396782305 0.003964513 0.0041245962 0.008089109 341.00800941255 46.39565072932 728.525635 -8.014 -7.350000000000001
339.866724201 48.54997887823 0.0177 0.02 102.3181 "" "" 1986919598478794240 687.439575 1.4203 0.0247 -14.116 -5.449 0.024 0.025 1.066 4545.8 4.4167 15.32479 1.398366 15.949573 14.551208 "" "" 674.801758 698.927307 13964.67176 4.314 5696.2 12.819 11986.0 13.016 "" "" 0.0027756599385077635 0.0037088022 0.003959022 0.007667824 339.866724201 48.54997887823 687.439575 -14.116000000000001 -5.449
340.91199850707 47.1197944001 0.0182 0.0194 71.2618 "" "" 1983547430672432128 738.440674 1.3253 0.0249 -14.126 -9.038 0.022 0.024 0.994 5093.1 4.5265 15.324839 1.107761 15.795309 14.687548 "" "" 723.7771 751.179077 13964.04516 3.3253 6565.9 11.189 10572.0 17.341 "" "" 0.002767424309550782 0.0033478844 0.004177961 0.0075258454 340.91199850707 47.1197944001 738.440674 -14.126 -9.038
340.77438913683 45.87037072319 0.0174 0.0195 90.0241 "" "" 1982656001619089920 713.178101 1.374 0.0262 -14.646 -4.277 0.022 0.026 1.048 5011.4 4.501 15.325834 1.228942 15.861422 14.63248 "" "" 699.64209 727.28302 13951.24324 3.1812 6178.0 12.116 11122.0 11.956 "" "" 0.0027664203477081903 0.003509835 0.003955499 0.0074653337 340.77438913683 45.87037072319 713.178101 -14.645999999999999 -4.277000000000001
337.18053346643 46.60466933619 0.0188 0.0207 84.8965 "" "" 1986313355252476928 647.41272 1.5152 0.0269 10.326 24.737 0.026 0.026 1.1 4671.9 4.4726 15.325879 1.334997 15.91475 14.579753 "" "" 636.338623 656.349121 13950.66597 3.9779 5881.9 9.3993 11675.0 11.185 "" "" 0.0027726582428076584 0.0032856218 0.003919908 0.0072055296 337.18053346643 46.60466933619 647.41272 10.326000000000002 24.737000000000002
337.835224718 48.07240053931 0.0197 0.0207 89.235 "" "" 1987010376907171968 692.780701 1.4145 0.0264 8.806 -12.065 0.024 0.024 1.077 5248.9 4.6653 15.325924 1.095377 15.789315 14.693938 "" "" 680.216797 704.230042 13950.09763 3.2189 6602.2 12.244 10510.0 11.772 "" "" 0.0027666863182513332 0.003440838 0.0039702198 0.007411058 337.835224718 48.07240053931 692.780701 8.806 -12.064999999999998
340.25291938755 46.96740361768 0.018 0.019 43.3477 "" "" 1983707340895598080 631.971985 1.5575 0.0258 -13.928 -9.611 0.023 0.024 1.023 4859.0 4.5766 15.326726 1.274484 15.889101 14.614617 "" "" 621.46521 640.247742 13939.79373 4.4061 6022.5 10.306 11306.0 13.554 "" "" 0.0027766098169731573 0.003352176 0.00399724 0.007349416 340.25291938755 46.96740361768 631.971985 -13.927999999999999 -9.610999999999999
337.1897653858 47.44251015595 0.0175 0.0191 88.0592 "" "" 1986615858390546560 655.364136 1.4952 0.0249 11.013 -7.209 0.022 0.022 0.995 5243.6 4.654 15.32674 1.176241 15.830427 14.654186 "" "" 645.343079 666.126221 13939.60586 3.3152 6356.9 15.006 10901.0 10.361 "" "" 0.002767393183960643 0.0037886507 0.0039177355 0.007706386 337.1897653858 47.44251015595 655.364136 11.013 -7.208999999999999
337.4123703208 46.12865300037 0.0171 0.0188 87.2302 "" "" 1986241543398158208 545.612793 1.7989 0.0235 36.186 11.422 0.022 0.025 0.986 4573.5 4.5033 15.326954 1.359187 15.935732 14.576545 "" "" 538.198059 553.834656 13936.86207 3.1113 5769.3 11.081 11710.0 11.256 "" "" 0.002765960711515973 0.0034833543 0.0039208313 0.007404186 337.4123703208 46.12865300037 545.612793 36.186 11.422
336.80604687124 46.39895703504 0.0332 0.0353 103.1124 "" "" 1986222576824632192 673.895508 1.4497 0.0459 -23.61 -11.129 0.042 0.046 1.909 4793.3 4.4142 15.329948 1.312559 15.901977 14.589417 "" "" 652.890015 699.77002 13898.48805 4.7643 5951.5 11.526 11572.0 9.8514 "" "" 0.0027803433476839903 0.0034937626 0.003890766 0.0073845284 336.80604687124 46.39895703504 673.895508 -23.610000000000003 -11.129
338.43147044637 45.81996497501 0.0179 0.018 72.4353 "" "" 1983181396379979392 548.502686 1.798 0.025 15.587 -0.754 0.023 0.023 1.058 4766.3 4.5521 15.330621 1.402155 15.924341 14.522186 "" "" 541.611206 555.263489 13889.8809 3.3872 5830.2 29.619 12311.0 73.792 "" "" 0.0027680122590000825 0.0061813807 0.007525714 0.013707095 338.43147044637 45.81996497501 548.502686 15.587 -0.754
337.33192093536 47.29872560167 0.0163 0.0182 79.8224 "" "" 1986563494147863936 525.528198 1.8621 0.0227 13.068 1.563 0.021 0.022 0.983 4728.9 4.5414 15.332778 1.361171 15.942499 14.581328 "" "" 518.887207 533.314697 13862.3106 3.2188 5733.5 9.7468 11658.0 10.866 "" "" 0.0027668297189923784 0.0033454061 0.003912521 0.007257927 337.33192093536 47.29872560167 525.528198 13.068 1.5630000000000004
338.80278859454 48.07665859376 0.0197 0.0211 72.115 "" "" 1986980380855064320 627.880127 1.5645 0.025 -28.15 -16.236 0.024 0.025 0.938 4857.9 4.6003 15.33667 1.228476 15.875162 14.646686 "" "" 617.444458 639.412781 13812.70456 3.243 6100.3 11.552 10977.0 10.665 "" "" 0.0027670869527558193 0.00346588 0.003923836 0.007389716 338.80278859454 48.07665859376 627.880127 -28.15 -16.236
339.87944489544 46.04384946014 0.0226 0.0255 58.8218 "" "" 1983341959436463872 730.791382 1.333 0.034 6.094 -0.095 0.028 0.032 1.298 5143.1 4.5314 15.338105 1.380144 15.950834 14.57069 "" "" 713.297546 746.532593 13794.46217 3.6879 5689.6 13.888 11773.0 22.675 "" "" 0.002770567582472054 0.0038482104 0.0043193307 0.008167541 339.87944489544 46.04384946014 730.791382 6.093999999999999 -0.09500000000000046
338.3910503846 47.2881413021 0.0364 0.0401 40.2156 "" "" 1986731135311820544 592.146179 1.6486 0.0507 -0.39 -2.697 0.046 0.05 2.124 4774.0 4.4851 15.338323 1.331389 15.922296 14.590907 "" "" 574.2276 611.770142 13791.70217 5.7675 5841.2 11.113 11556.0 10.296 "" "" 0.00279247948182691 0.0034715838 0.0039012178 0.0073728017 338.3910503846 47.2881413021 592.146179 -0.39 -2.697
340.60725380381 45.57229356585 0.0176 0.0189 99.0387 "" "" 1982642257723450240 631.110535 1.559 0.0256 11.437 2.319 0.023 0.025 1.025 5000.0 4.5947 15.341028 1.274416 15.904367 14.629951 "" "" 622.060547 640.834656 13757.37213 3.1243 5938.4 9.1549 11148.0 10.624 "" "" 0.0027663308793788328 0.0032537235 0.003918461 0.0071721845 340.60725380381 45.57229356585 631.110535 11.437 2.319
337.45213326647 47.50865060606 0.0191 0.0205 79.8799 "" "" 1986576001092847872 590.315369 1.6643 0.0267 -20.919 -20.267 0.026 0.025 1.035 4803.6 4.5996 15.341282 1.286052 15.909853 14.623801 "" "" 582.426392 598.397827 13754.16329 3.3636 5908.5 9.9564 11211.0 11.003 "" "" 0.002768084061714219 0.0033365223 0.0039267307 0.007263253 337.45213326647 47.50865060606 590.315369 -20.919000000000004 -20.266999999999996
338.69684810082 47.7961407361 0.0222 0.0206 57.2348 "" "" 1986780407177166592 554.25946 1.7755 0.0278 -6.398 -6.369 0.027 0.025 1.016 4639.6 4.5621 15.342021 1.375323 15.962508 14.587185 "" "" 545.220215 562.006958 13744.79551 6.605 5628.8 12.735 11595.0 26.857 "" "" 0.0028042838565763514 0.003717416 0.004539622 0.008257038 338.69684810082 47.7961407361 554.25946 -6.398000000000001 -6.369
338.67527858443 45.47034034112 0.0163 0.0181 88.7779 "" "" 1982971935114864256 726.857666 1.3446 0.023 -7.853 -8.711 0.021 0.022 1.028 4978.7 4.4511 15.342914 1.272776 15.904281 14.631505 "" "" 714.470032 737.977234 13733.49823 5.4252 5938.9 12.242 11132.0 14.43 "" "" 0.00278850264453653 0.0035768612 0.004032927 0.0076097883 338.67527858443 45.47034034112 726.857666 -7.853 -8.711
339.41419113166 48.51735127038 0.018 0.0201 97.1367 "" "" 1987086311927807232 590.119202 1.6713 0.0246 -5.264 -1.919 0.027 0.028 1.027 4717.9 4.5572 15.343025 1.296205 15.922016 14.625812 "" "" 580.383911 598.897583 13732.0894 4.5754 5842.7 10.007 11190.0 12.609 "" "" 0.00277896696774721 0.0033530705 0.003972465 0.0073255356 339.41419113166 48.51735127038 590.119202 -5.264 -1.919
338.32018951626 45.59500532867 0.0276 0.0298 86.6354 "" "" 1983170092025907968 508.544739 1.9421 0.0389 -2.979 -8.463 0.039 0.038 1.581 4561.2 4.439 15.343941 1.406418 15.974454 14.568036 "" "" 498.433685 519.444092 13720.51314 4.256 5567.2 8.9425 11802.0 14.457 "" "" 0.002775826906117041 0.0032903773 0.0040065683 0.007296946 338.32018951626 45.59500532867 508.544739 -2.979 -8.463000000000001
340.21004944738 46.83498267069 0.0306 0.0325 41.6917 "" "" 1983704248519047040 713.734131 1.381 0.0447 -0.076 6.0 0.042 0.04 1.668 5275.3 4.6229 15.34693 1.122496 15.82255 14.700054 "" "" 690.528503 739.755493 13682.79299 2.936 6403.2 11.37 10450.0 9.932 "" "" 0.002765152044407683 0.0033914454 0.003917726 0.0073091714 340.21004944738 46.83498267069 713.734131 -0.07600000000000007 6.0
337.20725608601 47.53904761621 0.0186 0.0195 89.628 "" "" 1986617301499663104 741.902466 1.32 0.0255 -3.815 -3.046 0.023 0.023 0.948 5019.7 4.5824 15.347238 1.195924 15.871525 14.675601 "" "" 727.872803 758.565125 13678.91734 5.3023 6120.8 11.152 10689.0 13.073 "" "" 0.002787276791434289 0.0034202777 0.0040058736 0.007426151 337.20725608601 47.53904761621 741.902466 -3.815000000000001 -3.046
338.46956992636 47.31546200077 0.017 0.0186 38.6467 "" "" 1986731616348295040 627.326965 1.5651 0.0241 -13.377 -16.463 0.021 0.023 1.031 4803.0 4.551 15.347658 1.254763 15.902729 14.647966 "" "" 618.018799 636.721741 13673.61457 3.1876 5947.4 9.8939 10964.0 9.1662 "" "" 0.002766921165933301 0.0033237613 0.0038868566 0.007210618 338.46956992636 47.31546200077 627.326965 -13.376999999999999 -16.463
341.60979313782 46.41837135558 0.0176 0.0195 103.478 "" "" 1984193668630228736 735.205627 1.3222 0.0252 12.96 -2.221 0.023 0.026 0.941 5248.3 4.6108 15.349589 1.205584 15.873605 14.668021 "" "" 722.839539 749.633728 13649.32564 3.0318 6109.1 10.06 10763.0 11.119 "" "" 0.0027658542615671567 0.003313859 0.0039423117 0.0072561707 341.60979313782 46.41837135558 735.205627 12.959999999999999 -2.221000000000001
339.81699541774 47.50904609159 0.018 0.0196 44.1459 "" "" 1983796401338673024 713.180481 1.375 0.0241 -0.895 -23.471 0.022 0.023 1.016 5072.6 4.5031 15.351024 1.113112 15.824974 14.711863 "" "" 700.783569 724.372742 13631.29905 3.1774 6388.9 11.768 10337.0 10.91 "" "" 0.002766918723784903 0.0034328576 0.003949286 0.0073821433 339.81699541774 47.50904609159 713.180481 -0.8950000000000005 -23.470999999999997
338.96886713144 45.64138939923 0.0186 0.02 76.4083 "" "" 1983349862175358848 627.512878 1.5702 0.0263 -8.727 2.009 0.025 0.026 1.031 4946.5 4.533 15.351433 1.254635 15.902518 14.647883 "" "" 618.751709 635.756042 13626.16247 3.1565 5948.5 8.6913 10965.0 11.392 "" "" 0.0027667755701353963 0.0032096081 0.0039441288 0.007153737 338.96886713144 45.64138939923 627.512878 -8.727 2.009000000000001
337.36538283517 45.90290019115 0.0214 0.0221 96.7873 "" "" 1983228159983055360 648.457703 1.5177 0.0284 0.31 -2.437 0.027 0.027 1.154 4664.9 4.3171 15.352587 1.582635 16.086971 14.504336 "" "" 637.010376 659.572937 13611.69286 14.78 5019.1 23.569 12515.0 55.724 "" "" 0.0029969411385740536 0.0058120056 0.006136319 0.011948325 337.36538283517 45.90290019115 648.457703 0.30999999999999994 -2.4369999999999994
337.23429296334 46.52314743163 0.0173 0.0185 83.9978 "" "" 1986312290100609536 695.122192 1.4169 0.0239 8.952 3.271 0.022 0.024 0.96 4870.1 4.4911 15.355848 1.19093 15.873143 14.682213 "" "" 682.953857 706.655396 13570.86681 3.3349 6111.7 9.1637 10624.0 14.11 "" "" 0.0027682081091066407 0.0032303517 0.0040451293 0.007275481 337.23429296334 46.52314743163 695.122192 8.951999999999998 3.2709999999999995
339.52021954043 46.74118691394 0.0195 0.0212 16.4503 "" "" 1983617868132590336 720.103149 1.3634 0.0286 11.62 -1.726 0.027 0.026 1.081 "" "" 15.356478 1.371121 15.951146 14.580025 "" "" 704.831909 736.372681 13562.99531 5.2947 5688.0 19.316 11672.0 17.658 "" "" 0.0027877296237589265 0.0046238047 0.004120888 0.008744692 339.52021954043 46.74118691394 720.103149 11.62 -1.726
339.00746803811 46.79982128792 0.0184 0.0185 10.0696 "" "" 1983677447922432384 649.127075 1.507 0.0253 -0.959 -3.307 0.024 0.023 0.98 4573.2 4.3397 15.356742 1.43222 16.003906 14.571686 "" "" 639.267944 660.522278 13559.69278 14.932 5418.2 22.928 11762.0 44.926 "" "" 0.0030035465042279413 0.0053753327 0.005610871 0.010986203 339.00746803811 46.79982128792 649.127075 -0.9590000000000002 -3.307
339.17273484549 47.08536388731 0.0183 0.0198 10.88 "" "" 1983684934046978048 644.797058 1.5277 0.0242 -0.957 -3.178 0.023 0.025 1.014 5003.1 4.4433 15.357612 1.401165 15.979897 14.578732 "" "" 633.639343 655.540161 13548.84165 34.691 5539.3 48.11 11686.0 74.757 "" "" 0.003914074921783332 0.0098339785 0.007907288 0.017741267 339.17273484549 47.08536388731 644.797058 -0.957 -3.178
337.57833772085 47.41083627056 0.0184 0.0202 72.7474 "" "" 1986571774845072640 723.159302 1.358 0.0254 14.15 0.252 0.024 0.026 1.058 4901.0 4.4965 15.35884 1.187645 15.875166 14.687521 "" "" 711.035095 737.134338 13533.5248 3.3607 6100.3 12.441 10572.0 9.3464 "" "" 0.0027684799680400478 0.0035620206 0.0038993682 0.0074613886 337.57833772085 47.41083627056 723.159302 14.150000000000002 0.2519999999999995
340.54746852303 46.4791695972 0.0195 0.0208 61.099 "" "" 1983448062308447616 676.083862 1.4475 0.0266 3.664 -1.082 0.025 0.025 1.087 5212.9 4.5832 15.360749 1.222705 15.861511 14.638806 "" "" 664.094666 688.767151 13509.74527 4.2393 6177.5 26.241 11057.0 22.418 "" "" 0.0027763042778791306 0.005390348 0.0043737344 0.009764083 340.54746852303 46.4791695972 676.083862 3.664 -1.082
340.57976145531 45.73824362155 0.0189 0.0211 90.4087 "" "" 1982652909242476416 524.383911 1.8743 0.0268 -4.429 -14.085 0.024 0.027 1.107 4696.1 4.5109 15.361413 1.51079 16.06144 14.55065 "" "" 516.931274 530.989014 13501.48704 3.4267 5138.6 8.7062 11992.0 8.5267 "" "" 0.002769065479665917 0.003341996 0.0038574215 0.007199418 340.57976145531 45.73824362155 524.383911 -4.429 -14.085
338.10509460724 46.13036329664 0.0175 0.0182 64.7974 "" "" 1983251043569571456 717.138123 1.3695 0.0244 -0.2 -1.517 0.022 0.023 1.036 5252.4 4.5592 15.362304 1.236423 15.900472 14.664048 "" "" 705.097412 728.301636 13490.41159 9.7984 5959.8 20.159 10803.0 23.429 "" "" 0.0028659504886039706 0.0046121897 0.004452897 0.009065086 338.10509460724 46.13036329664 717.138123 -0.19999999999999996 -1.517
338.67122439458 47.97052686194 0.0187 0.0201 67.4267 "" "" 1986970794487945856 652.006409 1.5039 0.0252 -4.596 -4.949 0.023 0.024 0.936 4836.2 4.565 15.363856 1.264252 15.92514 14.660889 "" "" 641.133362 662.31543 13471.14106 5.5266 5825.9 14.233 10834.0 17.104 "" "" 0.0027910922390461967 0.0038497897 0.0041499184 0.007999708 338.67122439458 47.97052686194 652.006409 -4.595999999999999 -4.949
