Clusters/UPK_166/UPK_166_stars_in_region.tsv
# %ECSV 1.0
# ---
# datatype:
# - name: RA_ICRS_1
#   unit: deg
#   datatype: float64
#   format: '{:15.11f}'
#   description: Right ascension (ICRS) at Ep=2016.0 (ra)
#   meta: !!omap
#   - {ucd: POS_EQ_RA_MAIN}
#   - {width: 15}
#   - {precision: '11'}
# - name: DE_ICRS_1
#   unit: deg
#   datatype: float64
#   format: '{:15.11f}'
#   description: Declination (ICRS) at Ep=2016.0 (dec)
#   meta: !!omap
#   - {ucd: POS_EQ_DEC_MAIN}
#   - {width: 15}
#   - {precision: '11'}
# - name: e_RA_ICRS
#   unit: mas
#   datatype: float64
#   format: '{:7.4f}'
#   description: Standard error of right ascension (ra_error)
#   meta: !!omap
#   - {ucd: ERROR}
#   - {width: 7}
#   - {precision: '4'}
# - name: e_DE_ICRS
#   unit: mas
#   datatype: float64
#   format: '{:7.4f}'
#   description: Standard error of declination (dec_error)
#   meta: !!omap
#   - {ucd: ERROR}
#   - {width: 7}
#   - {precision: '4'}
# - name: _r_1
#   unit: ''
#   datatype: float64
#   format: '{:8.4f}'
#   description: Distance from center (339.19881092000+46.90490433000)[ICRS], at Epoch=J2016.0
#   meta: !!omap
#   - {ucd: POS_ANG_DIST_GENERAL}
#   - {width: 8}
#   - {precision: '4'}
# - name: HIP
#   datatype: int32
#   description: '? HIP cross-id number, van Leeuwen, Cat. I/311 (hip_original_ext_source_id)'
#   meta: !!omap
#   - {ucd: ID_NUMBER}
#   - {width: 6}
#   - values: {'null': -2147483648}
# - name: TYC2
#   datatype: string
#   description: Tycho-2 cross-id name, Hog et al., Cat. I/259 (tyc2_original_ext_source_id)
#   meta: !!omap
#   - {ucd: ID_CROSSID}
#   - {_votable_string_dtype: char}
# - name: Source
#   datatype: int64
#   description: Source identifier, identical to the Gaia-EDR3 source_id (id)
#   meta: !!omap
#   - {ucd: ID_MAIN}
#   - {width: 19}
# - name: rgeo
#   unit: pc
#   datatype: float64
#   format: '{:15.8f}'
#   description: '? Median of the geometric distance posterior (r_med_geo)'
#   meta: !!omap
#   - {ucd: PHYS_DISTANCE_TRUE}
#   - {width: 15}
#   - {precision: '8'}
#   - values: {'null': .nan}
# - name: Plx
#   unit: mas
#   datatype: float64
#   format: '{:9.4f}'
#   description: '? Parallax (parallax)'
#   meta: !!omap
#   - {ucd: POS_PARLX_TRIG}
#   - {width: 9}
#   - {precision: '4'}
#   - values: {'null': .nan}
# - name: e_Plx
#   unit: mas
#   datatype: float32
#   format: '{:7.4f}'
#   description: '? Standard error of parallax (parallax_error)'
#   meta: !!omap
#   - {ucd: ERROR}
#   - {width: 7}
#   - {precision: '4'}
#   - values: {'null': .nan}
# - name: pmRA
#   unit: mas / yr
#   datatype: float64
#   format: '{:9.3f}'
#   description: '? Proper motion in right ascension direction, pmRA*cosDE (pmra)'
#   meta: !!omap
#   - {ucd: POS_EQ_PMRA}
#   - {width: 9}
#   - {precision: '3'}
#   - values: {'null': .nan}
# - name: pmDE
#   unit: mas / yr
#   datatype: float64
#   format: '{:9.3f}'
#   description: '? Proper motion in declination direction (pmdec)'
#   meta: !!omap
#   - {ucd: POS_EQ_PMDEC}
#   - {width: 9}
#   - {precision: '3'}
#   - values: {'null': .nan}
# - name: e_pmRA
#   unit: mas / yr
#   datatype: float32
#   format: '{:6.3f}'
#   description: '? Standard error of proper motion in right ascension direction (pmra_error)'
#   meta: !!omap
#   - {ucd: ERROR}
#   - {width: 6}
#   - {precision: '3'}
#   - values: {'null': .nan}
# - name: e_pmDE
[...]
#         value: !astropy.table.SerializedColumn {name: SkyCoord.dec}
#       distance: !astropy.table.SerializedColumn
#         __class__: astropy.coordinates.distances.Distance
#         unit: !astropy.units.Unit {unit: pc}
#         value: !astropy.table.SerializedColumn {name: SkyCoord.distance}
#       frame: icrs
#       obstime: !astropy.time.Time {format: jyear_str, in_subfmt: '*', jd1: 367701545.0, jd2: 0.0, out_subfmt: '*', precision: 3, scale: tt}
#       pm_dec: !astropy.table.SerializedColumn
#         __class__: astropy.units.quantity.Quantity
#         unit: !astropy.units.Unit {unit: mas / yr}
#         value: !astropy.table.SerializedColumn {name: SkyCoord.pm_dec}
#       pm_ra_cosdec: !astropy.table.SerializedColumn
#         __class__: astropy.units.quantity.Quantity
#         unit: !astropy.units.Unit {unit: mas / yr}
#         value: !astropy.table.SerializedColumn {name: SkyCoord.pm_ra_cosdec}
#       ra: !astropy.table.SerializedColumn
#         __class__: astropy.coordinates.angles.Longitude
#         unit: *id001
#         value: !astropy.table.SerializedColumn {name: SkyCoord.ra}
#         wrap_angle: !astropy.coordinates.Angle
#           unit: *id001
#           value: 360.0
#       representation_type: spherical
# schema: astropy-2.0
RA_ICRS_1 DE_ICRS_1 e_RA_ICRS e_DE_ICRS _r_1 HIP TYC2 Source rgeo Plx e_Plx pmRA pmDE e_pmRA e_pmDE RUWE Teff logg Gmag BP-RP BPmag RPmag RV e_RV b_rgeo B_rgeo FG e_FG FBP e_FBP FRP e_FRP RAVE5 RAVE6 e_Gmag e_BPmag e_RPmag e_BP-RP SkyCoord.ra SkyCoord.dec SkyCoord.distance SkyCoord.pm_ra_cosdec SkyCoord.pm_dec rmRA rmDE e_rmRA e_rmDE rRV e_rRV v_pec v_pec3d e_vpec e_vpec3d
[from data line 1158]
338.57646058022 46.83037415167 0.011 0.012 25.9181 "" "" 1986659563975519232 661.044006 1.4852 0.0147 -1.902 -3.169 0.014 0.014 1.041 5931.4 4.2199 13.82981 1.007708 14.244131 13.236424 -36.72 5.86 654.589294 666.71814 55337.88954 47.781 27401.0 82.831 40234.0 98.289 "" "" 0.0029104359684341565 0.004307804 0.0046172347 0.008925039 338.57646058022 46.83037415167 661.044006 -1.9019999999999995 -3.1689999999999996 -0.9708333511352538 0.09407940483093258 0.20703408 0.20703408 -25.879285714285714 8.737913 3.0562090568880653 26.05912206658231 0.632739434110979 8.677929296227619
338.17375585739 46.31536039042 0.0094 0.0107 55.1018 "" "" 1983265680818369792 676.154846 1.4456 0.013 21.793 -1.049 0.012 0.013 0.975 5762.7 4.2906 13.83106 0.925407 14.209802 13.284394 -61.91 2.56 671.263916 681.067993 55274.21465 9.2151 28281.0 19.463 38495.0 17.666 "" "" 0.0027612594787781975 0.002888488 0.0038120851 0.006700573 338.17375585739 46.31536039042 676.154846 21.792999999999996 -1.0489999999999982 22.724166648864745 2.2140794048309327 0.20503408 0.20603408 -51.06928571428571 5.437913 73.175240904268 89.23389392358155 15.004107785131238 12.691441662144287
337.23186143172 47.75943304197 0.0104 0.0116 95.0032 "" "" 1986635924477939712 568.615967 1.7268 0.0135 -42.377 -25.844 0.013 0.014 0.995 5245.3 4.3068 13.8316 0.98105 14.234582 13.253532 -66.39 5.13 564.563354 571.859253 55246.7278 14.22 27643.0 27.396 39605.0 38.936 "" "" 0.0027694559864239795 0.002990468 0.0039272206 0.0069176885 337.23186143172 47.75943304197 568.615967 -42.376999999999995 -25.844 -41.445833351135256 -22.58092059516907 0.20603408 0.20703408 -55.549285714285716 8.007914 127.21003317203095 138.80963829286696 26.238774211415215 24.258736374754303
339.5597466706 47.57063452351 0.0101 0.0117 42.564 "" "" 1986796315735730944 665.784302 1.4717 0.0138 -0.518 -2.494 0.013 0.014 1.026 5406.7 4.2483 13.833071 0.968015 14.228512 13.260497 3.63 7.94 659.109924 672.910889 55171.98397 42.689 27798.0 76.154 39351.0 70.12 "" "" 0.002880542864512112 0.004078268 0.00424579 0.008324059 339.5597466706 47.57063452351 665.784302 -0.5179999999999999 -2.4939999999999998 0.4131666488647461 0.7690794048309324 0.20603408 0.20703408 14.470714285714287 10.817913 2.7551386677582297 14.730660576408383 0.5697916943071587 10.62754785843892
338.42010473984 48.21549879536 0.0098 0.0103 84.7198 "" "" 1986991169812714752 684.831238 1.4333 0.0128 34.876 -5.118 0.012 0.013 0.957 5695.9 4.2747 13.835254 0.893521 14.192715 13.299193 25.46 3.94 677.953796 689.603577 55061.1651 9.3012 28730.0 18.288 37974.0 18.348 "" "" 0.0027614177224891206 0.002874491 0.0038156167 0.0066901078 338.42010473984 48.21549879536 684.831238 34.87599999999999 -5.117999999999984 35.807166648864744 -1.8549205951690677 0.20503408 0.20603408 36.300714285714285 6.817913 116.3895013804556 121.919062862393 23.86412626761572 22.872047642569168
337.92674112668 47.03576946001 0.0099 0.0115 52.6698 "" "" 1986349531758794240 624.100342 1.572 0.0137 -3.284 -7.521 0.012 0.014 1.021 5698.0 4.3722 13.836198 0.894528 14.200757 13.306229 -23.28 3.72 618.503784 629.313782 55013.29573 14.361 28518.0 24.74 37728.0 26.504 "" "" 0.0027698592566399944 0.002944864 0.0038555786 0.006800443 337.92674112668 47.03576946001 624.100342 -3.2840000000000007 -7.521 -2.3528333511352537 -4.257920595169067 0.20503408 0.20703408 -12.439285714285715 6.597913 14.3910524169696 19.02204559845232 2.97273063175239 4.865611223579183
339.72573401712 48.54480797935 0.0094 0.011 100.6657 "" "" 1987107786764691328 730.664368 1.3397 0.0134 2.104 -3.294 0.013 0.013 0.988 5743.7 4.3112 13.836428 0.840546 14.172804 13.332258 -9.11 5.5 723.051086 739.103943 55001.63092 8.6108 29261.0 18.605 36834.0 16.217 "" "" 0.0027605582510005803 0.0028743036 0.003809492 0.0066837957 339.72573401712 48.54480797935 730.664368 2.104 -3.294 3.035166648864746 -0.030920595169067422 0.20603408 0.20603408 1.7307142857142868 8.3779125 10.51238716139773 10.65390331145798 2.1659100089301333 2.533700972767169
340.7748327703 47.76561878994 0.0107 0.0106 82.3005 "" "" 1983812790934720640 702.103271 1.396 0.0144 1.123 2.057 0.014 0.014 1.035 6003.5 4.2855 13.837401 0.892802 14.197338 13.304536 2.31 3.49 694.44281 710.082642 54952.32213 7.7094 28608.0 19.133 37787.0 13.963 "" "" 0.0027595273131271465 0.0028831104 0.0038006168 0.0066837273 340.7748327703 47.76561878994 702.103271 1.123 2.057 2.0541666488647463 5.320079404830933 0.20703408 0.20703408 13.150714285714287 6.3679132 18.97901224548487 23.08991537530518 3.929302362718986 4.856427720437046
337.97324713129 47.00176990216 0.0131 0.0152 50.5286 "" "" 1986346649839710976 711.435608 1.3774 0.0186 0.533 -4.312 0.017 0.02 1.675 5790.6 4.2971 13.842715 0.888297 14.192649 13.304352 -26.8 3.48 702.666321 720.955627 54684.0546 15.443 28731.0 16.768 37794.0 14.757 "" "" 0.0027723280770209054 0.0028612183 0.003803084 0.006664302 337.97324713129 47.00176990216 711.435608 0.533 -4.312000000000001 1.464166648864746 -1.0489205951690677 0.21003409 0.21303408 -15.959285714285715 6.357913 6.073731562198808 17.075977734813726 1.2818995338114163 5.959601925986905
339.23285053045 45.48157804866 0.0093 0.0111 85.4113 "" "" 1983300349792571648 748.12561 1.3086 0.0137 -0.36 -3.736 0.012 0.014 0.976 5574.6 4.2436 13.846785 0.996103 14.260989 13.264886 -81.61 2.5 740.732544 755.844055 54479.4552 8.0853 26979.0 18.998 39193.0 18.602 "" "" 0.0027600278322629265 0.0028930237 0.0038143517 0.0067073754 339.23285053045 45.48157804866 748.12561 -0.3600000000000002 -3.7360000000000007 0.5711666488647461 -0.4729205951690676 0.20503408 0.20703408 -70.76928571428572 5.377913 2.629595154998111 70.81812318318943 0.5413018468050683 5.374241877015013
339.26309096051 47.63831455954 0.0104 0.0113 44.0824 "" "" 1986719384280869120 582.485657 1.686 0.0135 15.263 3.816 0.014 0.014 0.921 5594.3 4.4038 13.852429 0.944624 14.241564 13.29694 -32.4 2.7 577.614197 588.122986 54196.98949 8.1611 27466.0 15.957 38052.0 25.825 "" "" 0.0027601665175226026 0.0028605831 0.0038505448 0.006711128 339.26309096051 47.63831455954 582.485657 15.263000000000014 3.816000000000002 16.194166648864744 7.0790794048309325 0.20703408 0.20703408 -21.559285714285714 5.5779133 48.797137046655635 53.347571495432625 10.10267043465136 9.511900877647234
337.6825722868 47.53284023056 0.0126 0.0134 72.3683 "" "" 1986573905148970752 666.66626 1.4688 0.017 9.233 -0.186 0.017 0.018 1.327 5436.3 4.3267 13.852996 0.957599 14.248276 13.290677 1.04 4.01 659.642212 673.727783 54168.71791 6.9163 27296.0 21.427 38273.0 16.705 "" "" 0.0027588053579864417 0.002917438 0.0038089762 0.006726414 337.6825722868 47.53284023056 666.66626 9.233 -0.1859999999999974 10.164166648864747 3.0770794048309327 0.21003409 0.21103409 11.880714285714287 6.887913 33.55833169389839 35.59933985366134 7.0512171299470765 7.03321623576732
340.01236084923 45.48794911733 0.0096 0.0111 91.4839 "" "" 1982561100022705664 689.780701 1.422 0.0143 25.241 9.116 0.012 0.014 0.985 5506.4 4.2746 13.853157 0.993402 14.263863 13.27046 16.09 2.34 682.192139 696.952576 54160.66601 8.0444 26907.0 14.093 38992.0 22.251 "" "" 0.002760035338657153 0.0028475318 0.0038298315 0.006677363 340.01236084923 45.48794911733 689.780701 25.240999999999996 9.115999999999998 26.172166648864746 12.379079404830932 0.20503408 0.20703408 26.930714285714288 5.2179127 94.66063302396846 98.41696406838206 19.4434044585596 18.755725231213457
340.1253412105 48.06865812779 0.0213 0.0222 79.288 "" "" 1986844900406407040 587.562195 1.6743 0.0281 13.022 9.428 0.027 0.03 1.934 5434.6 4.3926 13.853192 0.950045 14.244885 13.294841 -31.45 3.2 577.405579 597.579041 54158.8785 7.7669 27382.0 20.127 38126.0 16.203 "" "" 0.0027597161861603716 0.0029020605 0.003807445 0.006709506 340.1253412105 48.06865812779 587.562195 13.022 9.428 13.953166648864746 12.691079404830933 0.22003408 0.22303408 -20.60928571428571 6.0779133 52.529987745552404 56.42820456297495 11.629999052455045 11.051797169786708
340.78068710445 45.56653754109 0.0103 0.012 103.7179 "" "" 1982600373202558336 686.100647 1.4279 0.0136 -6.217 3.953 0.014 0.016 1.091 5780.4 4.2938 13.853339 0.925679 14.231831 13.306151 -4.5 3.06 680.723694 692.653625 54151.58693 7.5758 27713.0 15.699 37731.0 17.991 "" "" 0.002759503813508315 0.0028571556 0.003814675 0.0066718305 340.78068710445 45.56653754109 686.100647 -6.216999999999999 3.9530000000000003 -5.2858333511352535 7.216079404830932 0.20703408 0.20903409 6.340714285714286 5.937913 29.089971055329304 29.772992353019504 6.06054254960613 6.055034371376435
338.00615316895 48.22739691311 0.0096 0.0104 92.8826 "" "" 1987029274763516160 543.627686 1.8107 0.0127 7.615 5.388 0.012 0.012 1.05 5164.3 4.3895 13.85449 0.988041 14.267539 13.279498 -53.69 2.93 539.593445 547.305725 54094.17673 6.9428 26816.0 14.871 38669.0 18.323 "" "" 0.0027588417786102754 0.002854396 0.003814237 0.006668633 338.00615316895 48.22739691311 543.627686 7.615 5.388 8.546166648864746 8.651079404830933 0.20503408 0.20503408 -42.84928571428571 5.807913 31.335158570091636 53.08439929807322 6.424775320316361 6.030020899546384
340.86736388226 46.05267333752 0.0098 0.0103 85.8305 "" "" 1982692526021111552 634.231445 1.5435 0.0146 -2.278 -2.82 0.012 0.013 1.002 5437.1 4.3479 13.856454 0.937584 14.241839 13.304256 -19.52 3.78 628.558777 640.211914 53996.47044 7.8996 27459.0 16.818 37797.0 19.349 "" "" 0.002759894931482668 0.0028683196 0.0038200328 0.0066883527 340.86736388226 46.05267333752 634.231445 -2.2779999999999996 -2.8200000000000003 -1.346833351135254 0.4430794048309328 0.20503408 0.20603408 -8.679285714285713 6.657913 4.262401215441517 9.66943972687153 0.8743546725924086 5.988556504801282
339.33659360399 45.54497469069 0.0095 0.0113 81.7959 "" "" 1983302377017133568 675.921936 1.4487 0.0135 -6.442 -9.476 0.013 0.015 0.912 5681.7 4.3393 13.856953 0.921889 14.233885 13.311996 -21.81 2.87 669.351257 681.651245 53971.64559 7.2427 27661.0 15.141 37528.0 18.911 "" "" 0.002759169776251366 0.0028527617 0.0038187783 0.00667154 339.33659360399 45.54497469069 675.921936 -6.442000000000005 -9.475999999999992 -5.510833351135254 -6.212920595169068 0.20603408 0.20803408 -10.969285714285713 5.747913 26.607492342547204 28.779921435617933 5.511896481756643 5.546806214949752
338.83769205036 46.74641561145 0.0107 0.011 17.6128 "" "" 1983653602263828096 627.220886 1.5662 0.0154 12.706 -2.119 0.014 0.014 1.011 5838.4 4.4054 13.859018 0.87292 14.207716 13.334796 -42.48 4.01 619.145142 633.361694 53869.07282 8.9137 28335.0 18.012 36749.0 20.498 "" "" 0.0027611710998040107 0.0028742647 0.0038275954 0.00670186 338.83769205036 46.74641561145 627.220886 12.706000000000003 -2.1190000000000015 13.637166648864746 1.1440794048309324 0.20703408 0.20703408 -31.639285714285712 6.887913 40.68609248541425 51.540299982071176 8.423407776175187 7.8799790856615415
337.08916325153 46.35360350782 0.0105 0.0121 93.0011 "" "" 1986301226264765056 626.811646 1.5631 0.0147 -9.326 -9.632 0.013 0.016 1.158 5371.8 4.3296 13.859059 0.98228 14.266794 13.284514 -42.86 2.5 622.078247 632.193298 53867.04933 7.4513 26835.0 15.165 38490.0 15.129 "" "" 0.002759410376525958 0.0028568371 0.0038034003 0.0066602374 337.08916325153 46.35360350782 626.811646 -9.326 -9.631999999999998 -8.394833351135254 -6.368920595169067 0.20603408 0.20903409 -32.019285714285715 5.377913 31.307474759034548 44.7816104382217 6.484875688303691 5.944762015839394
337.27460414341 46.4038901396 0.0098 0.0101 84.7534 "" "" 1986260578693245824 513.236938 1.9159 0.0136 -0.267 -8.344 0.012 0.013 0.99 5365.1 4.4334 13.860724 1.000998 14.277668 13.27667 6.38 2.54 510.42392 516.674255 53784.50016 28.373 26567.0 54.548 38770.0 57.294 "" "" 0.002814221566125302 0.0035713646 0.0041058646 0.007677229 337.27460414341 46.4038901396 513.236938 -0.267000000000003 -8.343999999999998 0.6641666488647461 -5.080920595169067 0.20503408 0.20603408 17.220714285714287 5.417913 12.465730564473205 21.259055459174228 2.5681563924677726 4.639903891303547
339.84490683278 47.07490313787 0.01 0.0112 28.3421 "" "" 1983720569394664576 705.407166 1.3857 0.0143 0.117 -4.387 0.012 0.014 1.046 5518.4 4.2608 13.861073 0.95741 14.233534 13.276124 3.74 3.95 698.941345 711.264465 53767.22379 8.3723 27670.0 19.769 38789.0 142.68 "" "" 0.002760502143509792 0.002895993 0.0054985103 0.008394503 339.84490683278 47.07490313787 705.407166 0.116999999999999 -4.386999999999999 1.048166648864746 -1.123920595169067 0.20503408 0.20703408 14.580714285714286 6.8279133 5.138595605708531 15.45970225717946 1.0590962131867738 6.449315270131261
337.18957003592 46.68971461027 0.0125 0.0136 83.5308 "" "" 1986325862197327744 640.936279 1.5365 0.0179 -1.071 -3.45 0.016 0.017 1.336 5540.1 4.3395 13.862563 0.932159 14.233715 13.301556 -25.4 5.28 632.484802 647.335144 53693.46397 48.735 27665.0 86.029 37891.0 102.83 "" "" 0.0029262505951043634 0.0043799905 0.0047922493 0.00917224 337.18957003592 46.68971461027 640.936279 -1.0709999999999997 -3.450000000000001 -0.13983335113525386 -0.18692059516906756 0.20903409 0.21003409 -14.559285714285712 8.157913 0.7091894398300789 14.576547951136117 0.14869986997119394 8.148255433461983
341.26536680392 46.72583433708 0.0105 0.0117 85.53 "" "" 1983465963732840832 667.769592 1.4697 0.0139 -0.962 -19.279 0.013 0.015 1.029 5332.6 4.2853 13.862804 1.020482 14.290391 13.269909 -31.95 4.78 661.675415 675.260864 53681.53927 7.4886 26258.0 15.921 39012.0 22.106 "" "" 0.0027594799781902684 0.0028667797 0.0038291295 0.0066959094 341.26536680392 46.72583433708 667.769592 -0.9619999999999989 -19.279 -0.030833351135253872 -16.015920595169067 0.20603408 0.20803408 -21.10928571428571 7.657913 50.69413211169058 54.91354089771379 10.546106925901356 10.171090051257604
340.45086953999 46.21844348567 0.0101 0.0107 66.0625 "" "" 1983428236739277952 681.368896 1.4393 0.0135 1.572 1.181 0.012 0.014 0.953 5772.4 4.2984 13.86493 0.924003 14.242454 13.318451 -22.8 3.16 674.808289 687.449463 53576.54814 7.0146 27443.0 16.531 37306.0 14.142 "" "" 0.0027589846951100224 0.002865797 0.0038017267 0.0066675236 340.45086953999 46.21844348567 681.368896 1.5720000000000003 1.1809999999999987 2.503166648864746 4.444079404830933 0.20503408 0.20703408 -11.959285714285715 6.0379133 16.47321167897746 20.356601332646807 3.402610290447054 4.490485788843798
341.11260521573 47.94824633662 0.0103 0.0106 99.7632 "" "" 1985316476164799744 537.054626 1.8298 0.014 -3.381 -10.44 0.013 0.013 0.907 5655.0 4.4244 13.865126 1.000822 14.281611 13.280789 3.14 2.88 533.898499 541.44928 53566.87613 15.871 26471.0 31.883 38623.0 30.296 "" "" 0.0027740352078784464 0.0030814228 0.0038741506 0.0069555733 341.11260521573 47.94824633662 537.054626 -3.3809999999999985 -10.440000000000001 -2.4498333511352537 -7.176920595169067 0.20603408 0.20603408 13.980714285714287 5.757913 19.304920012646832 23.835694003604505 3.9774714187208433 4.6672842389071905
339.73106850061 48.00963610293 0.0129 0.013 69.7118 "" "" 1986823975325255296 627.828918 1.5662 0.0181 7.789 18.95 0.016 0.016 1.299 5217.5 4.2793 13.865615 0.979993 14.267747 13.287754 -1.33 2.6 622.203369 633.167786 53542.74181 7.9106 26811.0 17.877 38376.0 18.932 "" "" 0.0027599856830624013 0.0028825589 0.0038171483 0.0066997074 339.73106850061 48.00963610293 627.828918 7.789000000000006 18.949999999999996 8.720166648864746 22.213079404830932 0.20903409 0.20903409 9.510714285714286 5.477913 71.0153299488749 71.64935989924864 14.84462453627609 14.731220225135166
