Clusters/UPK_166/UPK_166_members.tsv
# %ECSV 1.0
# ---
# datatype:
# - name: RA_ICRS_1
#   unit: deg
#   datatype: float64
#   format: '{:15.11f}'
#   description: Right ascension (ICRS) at Ep=2016.0 (ra)
#   meta: !!omap
#   - {ucd: POS_EQ_RA_MAIN}
#   - {width: 15}
#   - {precision: '11'}
# - name: DE_ICRS_1
#   unit: deg
#   datatype: float64
#   format: '{:15.11f}'
#   description: Declination (ICRS) at Ep=2016.0 (dec)
#   meta: !!omap
#   - {ucd: POS_EQ_DEC_MAIN}
#   - {width: 15}
#   - {precision: '11'}
# - name: e_RA_ICRS
#   unit: mas
#   datatype: float64
#   format: '{:7.4f}'
#   description: Standard error of right ascension (ra_error)
#   meta: !!omap
#   - {ucd: ERROR}
#   - {width: 7}
#   - {precision: '4'}
# - name: e_DE_ICRS
#   unit: mas
#   datatype: float64
#   format: '{:7.4f}'
#   description: Standard error of declination (dec_error)
#   meta: !!omap
#   - {ucd: ERROR}
#   - {width: 7}
#   - {precision: '4'}
# - name: _r_1
#   unit: ''
#   datatype: float64
#   format: '{:8.4f}'
#   description: Distance from center (339.19881092000+46.90490433000)[ICRS], at Epoch=J2016.0
#   meta: !!omap
#   - {ucd: POS_ANG_DIST_GENERAL}
#   - {width: 8}
#   - {precision: '4'}
# - name: HIP
#   datatype: int32
#   description: '? HIP cross-id number, van Leeuwen, Cat. I/311 (hip_original_ext_source_id)'
#   meta: !!omap
#   - {ucd: ID_NUMBER}
#   - {width: 6}
#   - values: {'null': -2147483648}
# - name: TYC2
#   datatype: string
#   description: Tycho-2 cross-id name, Hog et al., Cat. I/259 (tyc2_original_ext_source_id)
#   meta: !!omap
#   - {ucd: ID_CROSSID}
#   - {_votable_string_dtype: char}
# - name: Source
#   datatype: int64
#   description: Source identifier, identical to the Gaia-EDR3 source_id (id)
#   meta: !!omap
#   - {ucd: ID_MAIN}
#   - {width: 19}
# - name: rgeo
#   unit: pc
#   datatype: float64
#   format: '{:15.8f}'
#   description: '? Median of the geometric distance posterior (r_med_geo)'
#   meta: !!omap
#   - {ucd: PHYS_DISTANCE_TRUE}
#   - {width: 15}
#   - {precision: '8'}
#   - values: {'null': .nan}
# - name: Plx
#   unit: mas
#   datatype: float64
#   format: '{:9.4f}'
#   description: '? Parallax (parallax)'
#   meta: !!omap
#   - {ucd: POS_PARLX_TRIG}
#   - {width: 9}
#   - {precision: '4'}
#   - values: {'null': .nan}
# - name: e_Plx
#   unit: mas
#   datatype: float32
#   format: '{:7.4f}'
#   description: '? Standard error of parallax (parallax_error)'
#   meta: !!omap
#   - {ucd: ERROR}
#   - {width: 7}
#   - {precision: '4'}
#   - values: {'null': .nan}
# - name: pmRA
#   unit: mas / yr
#   datatype: float64
#   format: '{:9.3f}'
#   description: '? Proper motion in right ascension direction, pmRA*cosDE (pmra)'
#   meta: !!omap
#   - {ucd: POS_EQ_PMRA}
#   - {width: 9}
#   - {precision: '3'}
#   - values: {'null': .nan}
# - name: pmDE
#   unit: mas / yr
#   datatype: float64
#   format: '{:9.3f}'
#   description: '? Proper motion in declination direction (pmdec)'
#   meta: !!omap
#   - {ucd: POS_EQ_PMDEC}
#   - {width: 9}
#   - {precision: '3'}
#   - values: {'null': .nan}
# - name: e_pmRA
#   unit: mas / yr
#   datatype: float32
#   format: '{:6.3f}'
#   description: '? Standard error of proper motion in right ascension direction (pmra_error)'
#   meta: !!omap
#   - {ucd: ERROR}
#   - {width: 6}
#   - {precision: '3'}
#   - values: {'null': .nan}
# - name: e_pmDE
[...]
#         unit: &id001 !astropy.units.Unit {unit: deg}
#         value: !astropy.table.SerializedColumn {name: SkyCoord.dec}
#       distance: !astropy.table.SerializedColumn
#         __class__: astropy.coordinates.distances.Distance
#         unit: !astropy.units.Unit {unit: pc}
#         value: !astropy.table.SerializedColumn {name: SkyCoord.distance}
#       frame: icrs
#       obstime: !astropy.time.Time {format: jyear_str, in_subfmt: '*', jd1: 367701545.0, jd2: 0.0, out_subfmt: '*', precision: 3, scale: tt}
#       pm_dec: !astropy.table.SerializedColumn
#         __class__: astropy.units.quantity.Quantity
#         unit: !astropy.units.Unit {unit: mas / yr}
#         value: !astropy.table.SerializedColumn {name: SkyCoord.pm_dec}
#       pm_ra_cosdec: !astropy.table.SerializedColumn
#         __class__: astropy.units.quantity.Quantity
#         unit: !astropy.units.Unit {unit: mas / yr}
#         value: !astropy.table.SerializedColumn {name: SkyCoord.pm_ra_cosdec}
#       ra: !astropy.table.SerializedColumn
#         __class__: astropy.coordinates.angles.Longitude
#         unit: *id001
#         value: !astropy.table.SerializedColumn {name: SkyCoord.ra}
#         wrap_angle: !astropy.coordinates.Angle
#           unit: *id001
#           value: 360.0
#       representation_type: spherical
# schema: astropy-2.0
RA_ICRS_1 DE_ICRS_1 e_RA_ICRS e_DE_ICRS _r_1 HIP TYC2 Source rgeo Plx e_Plx pmRA pmDE e_pmRA e_pmDE RUWE Teff logg Gmag BP-RP BPmag RPmag RV e_RV b_rgeo B_rgeo FG e_FG FBP e_FBP FRP e_FRP RAVE5 RAVE6 e_Gmag e_BPmag e_RPmag e_BP-RP SkyCoord.ra SkyCoord.dec SkyCoord.distance SkyCoord.pm_ra_cosdec SkyCoord.pm_dec Pmemb
340.54297892263 47.06755289009 0.0222 0.0232 55.8755 "" 3625-161-1 1983731044813174144 656.437927 1.5051 0.0313 -0.992 -2.922 0.028 0.03 1.002 "" "" 8.007922 -0.10238 7.956074 8.058454 "" "" 640.155151 672.224121 11797170.06896 3580.0 8974000.0 5840.1 4740000.0 1526.0 "" "" 0.0027749498546294125 0.0028782454 0.0037955116 0.006673757 340.54297892263 47.06755289009 656.437927 -0.992 -2.9219999999999997 0.9
337.19868113632 46.63083194918 0.0168 0.0193 83.8263 110953 3607-1872-1 1986325484240116096 658.865295 1.5034 0.0261 -0.996 -3.456 0.022 0.024 1.085 9928.8 3.7064 9.076009 -0.055881 9.042176 9.098057 "" "" 646.944153 671.317505 4411061.0782 1165.5 3300200.0 1703.5 1819400.0 584.85 "" "" 0.0027702142482236877 0.0028458983 0.0037954627 0.006641361 337.19868113632 46.63083194918 658.865295 -0.9959999999999999 -3.456 1.0
338.17936159924 46.27238515557 0.0136 0.0146 56.6322 111292 3620-1444-1 1983264650026122496 683.180969 1.4427 0.0189 -1.07 -3.055 0.018 0.018 1.026 "" "" 10.053471 0.03619 10.056202 10.020012 -8.57 1.11 671.667419 692.875122 1792910.83871 700.65 1297000.0 1302.7 778310.0 765.95 "" "" 0.0027877974618674994 0.0029957062 0.003927519 0.0069232252 338.17936159924 46.27238515557 683.180969 -1.0700000000000003 -3.0549999999999997 0.9
340.61856643262 47.05252640067 0.0154 0.0161 58.7896 "" 3625-1027-1 1983544574513063680 669.503723 1.4782 0.0219 -0.949 -3.034 0.02 0.021 1.607 9397.5 4.2054 10.615316 0.238318 10.695094 10.456776 -20.11 2.72 659.811829 679.189331 1068612.79586 223.85 720080.0 271.79 520530.0 135.94 "" "" 0.002764691116925337 0.0028201044 0.0037900035 0.0066101076 340.61856643262 47.05252640067 669.503723 -0.9489999999999997 -3.0339999999999994 1.0
338.65870073548 46.65105824834 0.0105 0.0121 26.9165 "" 3620-1669-1 1983652124794891648 661.967468 1.4983 0.0154 -0.9 -3.385 0.013 0.014 1.024 "" "" 10.795301 0.150692 10.842151 10.691459 -16.6 6.8 652.921082 668.811157 905370.41616 215.64 628860.0 302.11 419350.0 123.52 "" "" 0.0027674289503652584 0.0028385052 0.0037928885 0.006631394 338.65870073548 46.65105824834 661.967468 -0.9000000000000001 -3.385 1.0
338.61354010783 48.22737381242 0.0117 0.0138 82.8096 "" 3624-561-1 1986991994446578944 633.387085 1.5652 0.016 -0.85 -3.45 0.015 0.017 0.917 "" "" 10.817158 0.08716 10.843879 10.756719 -23.65 6.66 627.242249 639.218689 887327.06129 215.31 627860.0 272.69 394890.0 112.59 "" "" 0.002767886812636213 0.0028297368 0.0037920384 0.006621775 338.61354010783 48.22737381242 633.387085 -0.85 -3.45 0.9
338.41999254804 47.05331869478 0.0119 0.0124 33.1017 "" 3624-504-1 1986672345798237056 665.848999 1.487 0.0157 -0.988 -3.264 0.015 0.016 1.013 10076.8 4.1374 10.81758 0.147688 10.863471 10.715783 11.39 12.32 658.847229 673.165039 886981.99397 198.37 616640.0 292.85 410060.0 133.11 "" "" 0.0027659991382788384 0.0028374146 0.0037957795 0.006633194 338.41999254804 47.05331869478 665.848999 -0.988 -3.2639999999999993 1.0
338.5317101323 46.76004472678 0.0127 0.0126 28.7293 "" 3620-1637-1 1986653344862886272 611.630859 1.6048 0.0171 -0.802 -3.289 0.016 0.015 0.951 "" "" 10.941052 0.192429 11.004242 10.811813 -9.58 6.54 604.684753 617.066406 791636.11841 202.71 541650.0 255.71 375350.0 99.003 "" "" 0.002769311062307731 0.0028368603 0.003790216 0.0066270763 338.5317101323 46.76004472678 611.630859 -0.8020000000000002 -3.2889999999999997 1.0
338.93415054765 46.97823698717 0.0124 0.0131 11.7005 "" 3624-104-1 1983683220358441472 624.098816 1.5489 0.0171 -0.753 -3.627 0.016 0.017 1.047 9219.6 4.2144 11.230992 0.291828 11.334084 11.042255 -2.94 5.91 618.442566 631.357544 606107.64705 193.19 399750.0 213.79 303570.0 103.63 "" "" 0.0027769679907372574 0.0028499502 0.0037975123 0.0066474625 338.93415054765 46.97823698717 624.098816 -0.753 -3.627 1.0
338.45575257162 46.67735096772 0.0133 0.0141 33.4387 "" 3620-1591-1 1983650200649345408 649.927185 1.4867 0.0183 -0.975 -3.459 0.018 0.019 1.078 7945.3 3.9656 11.238097 0.406632 11.385175 10.978542 -9.13 1.74 642.860107 657.372314 602154.25091 190.32 381370.0 165.73 321920.0 74.042 "" "" 0.002776607739550068 0.0028297817 0.003787623 0.0066174045 338.45575257162 46.67735096772 649.927185 -0.9749999999999999 -3.4589999999999996 1.0
339.29104766374 46.93230840546 0.0117 0.0123 4.1222 "" 3624-736-1 1983674011944939520 689.883789 1.3947 0.017 -0.853 -2.96 0.015 0.016 1.057 9425.4 4.3312 11.491488 0.39452 11.633095 11.238575 -13.25 4.33 681.197754 700.331482 476816.54748 119.25 303510.0 144.31 253350.0 61.027 "" "" 0.0027686680079271903 0.002837525 0.00378842 0.0066259447 339.29104766374 46.93230840546 689.883789 -0.853 -2.96 1.0
339.98188738871 47.49785260891 0.0117 0.0129 47.7986 "" 3624-310-1 1983793476460267008 648.872314 1.4784 0.0161 -0.779 -3.259 0.015 0.016 1.105 8066.3 4.2814 11.532774 0.314059 11.644425 11.330366 -14.39 5.78 642.339966 655.93634 459025.82563 121.39 300360.0 157.51 232820.0 76.33 "" "" 0.0027702400305714115 0.0028476699 0.0037961076 0.0066437777 339.98188738871 47.49785260891 648.872314 -0.7790000000000002 -3.2589999999999995 1.0
339.11416234141 46.98030078946 0.0148 0.0144 5.6999 "" 3624-1106-1 1983681021335376640 653.500793 1.4703 0.0189 -0.869 -3.168 0.018 0.019 1.251 "" "" 11.588189 0.309582 11.698459 11.388877 -15.5 5.0 646.18335 661.681152 436185.56193 111.66 285780.0 161.42 220600.0 63.87 "" "" 0.0027693031452405543 0.0028567717 0.0037924324 0.006649204 339.11416234141 46.98030078946 653.500793 -0.869 -3.168 1.0
339.13942996495 46.93402453968 0.011 0.0105 2.9958 "" 3624-1328-1 1983679990543239296 649.245361 1.4837 0.0146 -0.957 -3.228 0.014 0.014 1.085 "" "" 11.748458 0.400386 11.894008 11.493622 -14.83 5.51 641.081055 656.722107 376325.43516 82.554 238680.0 132.5 200310.0 66.904 "" "" 0.002765595313644925 0.0028545286 0.00379674 0.0066512683 339.13942996495 46.93402453968 649.245361 -0.9569999999999997 -3.2280000000000006 0.9
338.94066874557 47.18658991796 0.0107 0.0118 19.9258 "" 3624-1642-1 1986690964478813952 666.515381 1.4456 0.0152 -0.849 -3.493 0.014 0.014 1.197 8046.1 4.2006 11.808816 0.382132 11.947352 11.565221 -10.47 2.11 658.368103 673.583984 355975.68083 79.962 227240.0 118.54 187530.0 63.957 "" "" 0.002766092910701324 0.0028470738 0.0037974783 0.006644552 338.94066874557 47.18658991796 666.515381 -0.8490000000000001 -3.493 1.0
337.5454017108 46.75713356734 0.0103 0.0107 68.4464 "" 3620-1519-1 1986338781459330816 636.776184 1.5103 0.014 -0.942 -3.61 0.014 0.013 1.054 7717.7 4.2627 11.816447 0.40908 11.964778 11.555698 -9.28 3.73 630.183289 642.535889 353482.52631 78.565 223620.0 130.4 189180.0 69.828 "" "" 0.0027658674311832492 0.002861101 0.0038005698 0.0066616707 337.5454017108 46.75713356734 636.776184 -0.9420000000000002 -3.61 1.0
339.5301293133 47.74874090373 0.011 0.0105 52.3924 "" 3624-178-1 1986812327373768448 632.401428 1.5396 0.0142 -0.743 -3.581 0.014 0.012 1.089 7360.3 4.2128 11.960699 0.504401 12.148162 11.643761 -8.37 1.91 626.934692 638.271423 309504.66247 50.471 188870.0 85.113 174440.0 44.669 "" "" 0.002761002816711182 0.0028327447 0.0037895944 0.006622339 339.5301293133 47.74874090373 632.401428 -0.743 -3.5810000000000004 0.8
339.57148629585 46.71411770467 0.0087 0.0093 19.1116 "" "" 1983618280453211904 658.570068 1.4791 0.0126 -0.889 -3.335 0.012 0.012 0.919 "" "" 12.025571 0.508136 12.215935 11.707799 -11.09 4.88 653.716736 664.398804 291553.51229 49.642 177440.0 87.434 164450.0 53.867 "" "" 0.0027615149041028833 0.0028409986 0.003796078 0.006637077 339.57148629585 46.71411770467 658.570068 -0.8890000000000001 -3.3350000000000004 1.0
337.73221524274 46.59411274489 0.0097 0.0101 63.1104 "" 3620-1853-1 1986284729288946176 675.465576 1.4564 0.0141 -1.029 -3.38 0.013 0.012 0.976 7603.3 4.2721 12.131459 0.503889 12.319414 11.815525 -8.95 3.42 669.488892 682.272339 264461.80497 48.181 161310.0 68.199 148920.0 47.483 "" "" 0.0027624113025721464 0.002827677 0.0037952038 0.0066228807 337.73221524274 46.59411274489 675.465576 -1.029 -3.3800000000000003 1.0
339.44980790911 46.8101303856 0.0089 0.009 11.7638 "" 3620-1761-1 1983622055724990080 650.543701 1.5137 0.0131 -0.966 -3.41 0.012 0.011 0.983 "" "" 12.146113 0.535517 12.347962 11.812446 -15.62 4.13 645.264954 656.765442 260916.45236 47.09 157120.0 68.581 149340.0 51.365 "" "" 0.00276227929680204 0.0028301307 0.0037977863 0.0066279173 339.44980790911 46.8101303856 650.543701 -0.966 -3.41 0.8
338.24608786429 47.07395921318 0.0078 0.0085 40.2904 "" "" 1986722953395242368 656.629761 1.4981 0.0108 -0.861 -3.578 0.01 0.011 0.958 7315.5 4.2238 12.179891 0.530103 12.37777 11.847668 -6.59 4.37 651.30426 661.454285 252924.35331 42.672 152870.0 84.574 144570.0 51.139 "" "" 0.0027614025609789664 0.0028540948 0.0037988457 0.0066529405 338.24608786429 47.07395921318 656.629761 -0.8610000000000001 -3.5780000000000003 1.0
339.57904913111 46.68985802972 0.0079 0.0085 20.2585 "" 3620-1579-1 1983616523807113344 680.940063 1.4468 0.0109 -0.971 -3.0 0.01 0.011 0.956 7436.7 4.2286 12.226938 0.533741 12.426788 11.893047 -12.11 3.03 675.784729 687.102844 242198.58035 45.743 146120.0 102.95 138660.0 68.936 "" "" 0.002762940156989472 0.0028931329 0.003817734 0.006710867 339.57904913111 46.68985802972 680.940063 -0.9709999999999999 -3.0 1.0
340.51736894631 47.12645670081 0.009 0.009 55.5525 "" "" 1983732144325131136 664.106506 1.4823 0.0123 -0.909 -2.944 0.011 0.011 1.064 7236.3 4.3025 12.293243 0.545127 12.497088 11.951961 -7.99 15.93 658.644043 669.796753 227850.26737 132.24 136960.0 274.85 131330.0 179.7 "" "" 0.0028264583637991124 0.003540115 0.004060887 0.0076010018 340.51736894631 47.12645670081 664.106506 -0.9089999999999997 -2.944 0.9
339.53545024072 47.14762958686 0.0079 0.0091 20.0416 "" "" 1983688988495879552 632.023987 1.5619 0.0114 -0.85 -3.451 0.01 0.012 0.978 7119.0 4.2294 12.325713 0.584351 12.548127 11.963777 -7.2 3.36 627.896362 636.210266 221136.97563 91.99 130670.0 165.85 129910.0 101.31 "" "" 0.00279209214992919 0.0031119222 0.0038730663 0.006984988 339.53545024072 47.14762958686 632.023987 -0.8500000000000001 -3.4510000000000005 0.9
338.47804362235 47.17679607375 0.0073 0.0079 33.6848 "" "" 1986682894237894912 659.105652 1.4958 0.0102 -0.907 -3.404 0.009 0.01 0.951 6305.3 4.092 12.332639 0.710291 12.6085 11.89821 -15.85 6.81 654.651123 663.97113 219730.98421 34.534 123600.0 53.027 138000.0 40.958 "" "" 0.0027605990808168756 0.0028287843 0.0037930948 0.006621879 338.47804362235 47.17679607375 659.105652 -0.9070000000000001 -3.403999999999999 1.0
338.65932181666 46.51862861423 0.0074 0.0082 32.0896 "" "" 1983632917701169536 662.639587 1.4847 0.0104 -1.018 -3.16 0.009 0.01 0.949 7248.3 4.2294 12.360055 0.601386 12.588406 11.98702 -12.68 5.69 657.922546 667.077332 214251.9853 33.43 125910.0 54.457 127160.0 37.929 "" "" 0.0027605232710686983 0.0028294101 0.0037932317 0.006622642 338.65932181666 46.51862861423 662.639587 -1.0179999999999998 -3.16 1.0
339.16240098745 46.35944465428 0.0082 0.0096 32.7619 "" 3620-1636-1 1983595121989219840 622.731079 1.5833 0.0114 -0.952 -3.583 0.01 0.011 1.031 6923.2 4.2238 12.41604 0.674353 12.676112 12.00176 "" "" 618.531799 627.011963 203484.08053 36.173 116140.0 49.709 125450.0 46.752 "" "" 0.0027620720520999125 0.0028286038 0.00380098 0.006629584 339.16240098745 46.35944465428 622.731079 -0.9519999999999997 -3.5829999999999997 1.0
337.78971966394 45.87217686081 0.0079 0.0082 85.0871 "" "" 1983218367458036736 628.786255 1.5661 0.0107 -1.107 -3.72 0.01 0.01 0.97 6930.3 4.2088 12.479712 0.706759 12.754518 12.047758 -9.96 1.73 624.136169 633.071472 191894.32629 29.498 108050.0 41.792 120240.0 44.039 "" "" 0.002760370410764654 0.0028215956 0.0038002448 0.0066218404 337.78971966394 45.87217686081 628.786255 -1.107 -3.7200000000000006 0.8
341.43298237557 47.35110689751 0.008 0.0091 95.0471 "" "" 1985052421572064000 637.822754 1.5482 0.0129 -0.806 -3.101 0.011 0.011 0.895 "" "" 12.579014 0.730042 12.863359 12.133317 -9.53 1.69 633.355835 641.907349 175122.1634 31.091 97740.0 46.038 111130.0 48.308 "" "" 0.002762054667317241 0.0028366507 0.0038087375 0.006645388 341.43298237557 47.35110689751 637.822754 -0.8059999999999998 -3.101 1.0
338.923923491 46.8473047109 0.0087 0.0089 11.7922 "" "" 1983655212873422080 637.724609 1.5454 0.0119 -1.059 -3.57 0.011 0.011 0.988 6607.5 4.2231 12.649487 0.669644 12.907919 12.238275 -13.5 3.18 632.57605 643.190308 164116.28374 28.322 93810.0 38.455 100890.0 29.074 "" "" 0.002761683608501129 0.0028254443 0.003792311 0.0066177556 338.923923491 46.8473047109 637.724609 -1.0589999999999997 -3.5699999999999994 0.9
339.10885697465 45.42951607261 0.0076 0.0081 88.6022 "" "" 1983294405557676160 649.16156 1.5177 0.0105 -1.144 -3.313 0.01 0.01 0.94 6424.4 4.1398 12.77892 0.746263 13.070379 12.324117 1.29 3.75 645.732239 654.013123 145672.81519 26.955 80773.0 36.808 93221.0 40.262 "" "" 0.002762634825325611 0.0028336977 0.003808362 0.0066420594 339.10885697465 45.42951607261 649.16156 -1.1439999999999997 -3.3130000000000006 1.0
338.79151553282 47.36411562598 0.0079 0.0093 32.1794 "" "" 1986709213797933312 664.499634 1.4824 0.0114 -0.848 -3.185 0.01 0.011 0.925 6533.5 4.2534 12.798094 0.667271 13.054588 12.387318 -0.14 4.11 660.147888 669.923706 143122.97247 26.117 81956.0 35.513 87949.0 27.589 "" "" 0.0027624342049055073 0.0028295564 0.0037946973 0.0066242535 338.79151553282 47.36411562598 664.499634 -0.848 -3.1849999999999996 1.0
339.64415668501 46.57541582001 0.01 0.0112 26.9471 "" "" 1983601787778831488 621.784851 1.5886 0.0139 -0.711 -3.332 0.013 0.014 1.106 6537.5 4.2768 12.881192 0.711889 13.159682 12.447793 -11.0 2.01 615.593018 627.293335 132577.46467 24.031 74395.0 34.306 83184.0 35.915 "" "" 0.0027623395671334677 0.002834734 0.0038083426 0.0066430764 339.64415668501 46.57541582001 621.784851 -0.7109999999999999 -3.3319999999999994 1.0
336.75514488934 46.83852580456 0.011 0.0122 100.3094 "" "" 1986516112068138496 647.304749 1.5212 0.0151 -0.976 -3.616 0.015 0.016 1.119 6233.5 4.0985 12.961125 0.785916 13.272163 12.486247 -10.73 2.79 641.378113 653.882935 123167.68581 37.926 67074.0 64.376 80290.0 59.781 "" "" 0.0027755288486739508 0.002978413 0.0038648723 0.006843285 336.75514488934 46.83852580456 647.304749 -0.9759999999999996 -3.6159999999999997 1.0
339.42780033684 47.10016878 0.0101 0.0108 15.0018 "" "" 1983688408679340928 656.402893 1.4971 0.0142 -1.107 -3.133 0.013 0.014 1.123 "" "" 12.994669 0.747976 13.2871 12.539124 -11.99 2.39 650.854065 661.825378 119420.536 25.95 66157.0 35.003 76473.0 32.222 "" "" 0.0027654027265312697 0.0028486915 0.003806969 0.0066556605 339.42780033684 47.10016878 656.402893 -1.1069999999999998 -3.1329999999999996 1.0
338.55072805126 47.05632268638 0.009 0.0098 28.0415 "" "" 1986677602838220288 648.932556 1.513 0.0123 -0.909 -3.341 0.011 0.012 1.109 6246.0 4.2672 13.027868 0.740859 13.317472 12.576613 -8.44 5.82 644.027344 654.066772 115824.20804 25.903 64332.0 46.931 73878.0 45.333 "" "" 0.0027659986252641226 0.0029004144 0.0038376541 0.0067380685 338.55072805126 47.05632268638 648.932556 -0.9090000000000003 -3.341 1.0
339.47893262006 46.04736221927 0.0085 0.0086 52.7382 "" "" 1983384531152033792 664.518433 1.4741 0.012 -0.829 -3.208 0.01 0.01 1.15 6263.7 4.2067 13.098837 0.864787 13.445141 12.580354 -6.45 1.95 659.740967 669.706116 108495.55153 16.783 57195.0 25.644 73624.0 24.939 "" "" 0.0027604341801151355 0.0028323177 0.003797234 0.0066295518 339.47893262006 46.04736221927 664.518433 -0.8290000000000001 -3.208 0.9
339.72951768337 46.33661022467 0.0075 0.0083 40.5084 "" "" 1983406521384997376 647.57489 1.5106 0.0105 -0.98 -3.221 0.009 0.01 1.017 "" "" 13.200327 0.803061 13.516786 12.713725 3.08 3.83 642.750793 651.964111 98813.4615 13.185 53543.0 22.27 65113.0 17.957 "" "" 0.0027591262522135888 0.0028264783 0.0037912244 0.0066177025 339.72951768337 46.33661022467 647.57489 -0.98 -3.2209999999999996 1.0
