Clusters/UPK_166/UPK_166_stars_in_region.tsv
# %ECSV 1.0
# ---
# datatype:
# - name: RA_ICRS_1
#   unit: deg
#   datatype: float64
#   format: '{:15.11f}'
#   description: Right ascension (ICRS) at Ep=2016.0 (ra)
#   meta: !!omap
#   - {ucd: POS_EQ_RA_MAIN}
#   - {width: 15}
#   - {precision: '11'}
# - name: DE_ICRS_1
#   unit: deg
#   datatype: float64
#   format: '{:15.11f}'
#   description: Declination (ICRS) at Ep=2016.0 (dec)
#   meta: !!omap
#   - {ucd: POS_EQ_DEC_MAIN}
#   - {width: 15}
#   - {precision: '11'}
# - name: e_RA_ICRS
#   unit: mas
#   datatype: float64
#   format: '{:7.4f}'
#   description: Standard error of right ascension (ra_error)
#   meta: !!omap
#   - {ucd: ERROR}
#   - {width: 7}
#   - {precision: '4'}
# - name: e_DE_ICRS
#   unit: mas
#   datatype: float64
#   format: '{:7.4f}'
#   description: Standard error of declination (dec_error)
#   meta: !!omap
#   - {ucd: ERROR}
#   - {width: 7}
#   - {precision: '4'}
# - name: _r_1
#   unit: ''
#   datatype: float64
#   format: '{:8.4f}'
#   description: Distance from center (339.19881092000+46.90490433000)[ICRS], at Epoch=J2016.0
#   meta: !!omap
#   - {ucd: POS_ANG_DIST_GENERAL}
#   - {width: 8}
#   - {precision: '4'}
# - name: HIP
#   datatype: int32
#   description: '? HIP cross-id number, van Leeuwen, Cat. I/311 (hip_original_ext_source_id)'
#   meta: !!omap
#   - {ucd: ID_NUMBER}
#   - {width: 6}
#   - values: {'null': -2147483648}
# - name: TYC2
#   datatype: string
#   description: Tycho-2 cross-id name, Hog et al., Cat. I/259 (tyc2_original_ext_source_id)
#   meta: !!omap
#   - {ucd: ID_CROSSID}
#   - {_votable_string_dtype: char}
# - name: Source
#   datatype: int64
#   description: Source identifier, identical to the Gaia-EDR3 source_id (id)
#   meta: !!omap
#   - {ucd: ID_MAIN}
#   - {width: 19}
# - name: rgeo
#   unit: pc
#   datatype: float64
#   format: '{:15.8f}'
#   description: '? Median of the geometric distance posterior (r_med_geo)'
#   meta: !!omap
#   - {ucd: PHYS_DISTANCE_TRUE}
#   - {width: 15}
#   - {precision: '8'}
#   - values: {'null': .nan}
# - name: Plx
#   unit: mas
#   datatype: float64
#   format: '{:9.4f}'
#   description: '? Parallax (parallax)'
#   meta: !!omap
#   - {ucd: POS_PARLX_TRIG}
#   - {width: 9}
#   - {precision: '4'}
#   - values: {'null': .nan}
# - name: e_Plx
#   unit: mas
#   datatype: float32
#   format: '{:7.4f}'
#   description: '? Standard error of parallax (parallax_error)'
#   meta: !!omap
#   - {ucd: ERROR}
#   - {width: 7}
#   - {precision: '4'}
#   - values: {'null': .nan}
# - name: pmRA
#   unit: mas / yr
#   datatype: float64
#   format: '{:9.3f}'
#   description: '? Proper motion in right ascension direction, pmRA*cosDE (pmra)'
#   meta: !!omap
#   - {ucd: POS_EQ_PMRA}
#   - {width: 9}
#   - {precision: '3'}
#   - values: {'null': .nan}
# - name: pmDE
#   unit: mas / yr
#   datatype: float64
#   format: '{:9.3f}'
#   description: '? Proper motion in declination direction (pmdec)'
#   meta: !!omap
#   - {ucd: POS_EQ_PMDEC}
#   - {width: 9}
#   - {precision: '3'}
#   - values: {'null': .nan}
# - name: e_pmRA
#   unit: mas / yr
#   datatype: float32
#   format: '{:6.3f}'
#   description: '? Standard error of proper motion in right ascension direction (pmra_error)'
#   meta: !!omap
#   - {ucd: ERROR}
#   - {width: 6}
#   - {precision: '3'}
#   - values: {'null': .nan}
# - name: e_pmDE
[...]
#         value: !astropy.table.SerializedColumn {name: SkyCoord.dec}
#       distance: !astropy.table.SerializedColumn
#         __class__: astropy.coordinates.distances.Distance
#         unit: !astropy.units.Unit {unit: pc}
#         value: !astropy.table.SerializedColumn {name: SkyCoord.distance}
#       frame: icrs
#       obstime: !astropy.time.Time {format: jyear_str, in_subfmt: '*', jd1: 367701545.0, jd2: 0.0, out_subfmt: '*', precision: 3, scale: tt}
#       pm_dec: !astropy.table.SerializedColumn
#         __class__: astropy.units.quantity.Quantity
#         unit: !astropy.units.Unit {unit: mas / yr}
#         value: !astropy.table.SerializedColumn {name: SkyCoord.pm_dec}
#       pm_ra_cosdec: !astropy.table.SerializedColumn
#         __class__: astropy.units.quantity.Quantity
#         unit: !astropy.units.Unit {unit: mas / yr}
#         value: !astropy.table.SerializedColumn {name: SkyCoord.pm_ra_cosdec}
#       ra: !astropy.table.SerializedColumn
#         __class__: astropy.coordinates.angles.Longitude
#         unit: *id001
#         value: !astropy.table.SerializedColumn {name: SkyCoord.ra}
#         wrap_angle: !astropy.coordinates.Angle
#           unit: *id001
#           value: 360.0
#       representation_type: spherical
# schema: astropy-2.0
RA_ICRS_1 DE_ICRS_1 e_RA_ICRS e_DE_ICRS _r_1 HIP TYC2 Source rgeo Plx e_Plx pmRA pmDE e_pmRA e_pmDE RUWE Teff logg Gmag BP-RP BPmag RPmag RV e_RV b_rgeo B_rgeo FG e_FG FBP e_FBP FRP e_FRP RAVE5 RAVE6 e_Gmag e_BPmag e_RPmag e_BP-RP SkyCoord.ra SkyCoord.dec SkyCoord.distance SkyCoord.pm_ra_cosdec SkyCoord.pm_dec rmRA rmDE e_rmRA e_rmDE rRV e_rRV v_pec v_pec3d e_vpec e_vpec3d
[from data line 1952]
337.24745077529 47.37827840643 0.0144 0.0152 84.548 "" "" 1986567857834610176 625.249084 1.5732 0.0202 0.676 -1.896 0.018 0.018 1.103 "" "" 14.885724 1.153372 15.348434 14.195062 5.85 6.93 617.930603 633.21051 20924.59869 6.2516 9909.3 39.319 16639.0 98.204 "" "" 0.0027743492678354445 0.0051327 0.0074395495 0.012572249 337.24745077529 47.37827840643 625.249084 0.6759999999999998 -1.8959999999999984 1.6071666488647463 1.3670794048309327 0.21103409 0.21103409 16.690714285714286 9.807913 6.253219222376066 17.823655461505098 1.3196424239553395 9.19614537798922
338.51254748762 48.31347312026 0.0153 0.0171 88.9555 "" "" 1987040063721912448 720.646912 1.3576 0.0202 -6.82 0.779 0.019 0.021 1.085 5166.3 4.4729 14.88639 1.098898 15.354024 14.255126 "" "" 709.622131 729.902954 20911.78065 4.1917 9858.4 10.942 15744.0 14.624 "" "" 0.002763901816225474 0.0030392858 0.0039116233 0.0069509093 338.51254748762 48.31347312026 720.646912 -6.82 0.7790000000000001 -5.888833351135254 4.0420794048309325 0.21203408 0.21403408 "" "" 24.39817411179473 "" 5.188921599302457 ""
340.53880203268 47.18387679592 0.0141 0.0147 57.2858 "" "" 1983736752832137088 719.714355 1.3578 0.0196 -14.594 -2.044 0.017 0.018 1.045 5571.9 4.5113 14.887714 1.071183 15.33014 14.258957 "" "" 711.58551 729.713745 20886.27039 3.5958 10078.0 23.371 15688.0 14.778 "" "" 0.002761653308593454 0.003758263 0.0039153234 0.0076735867 340.53880203268 47.18387679592 719.714355 -14.594000000000001 -2.0440000000000005 -13.662833351135253 1.2190794048309326 0.21003409 0.21103409 "" "" 46.79518846382569 "" 9.828955179359438 ""
337.345841695 46.07529873586 0.0144 0.0161 91.3014 "" "" 1986235496084209920 621.333435 1.5778 0.0199 0.452 -4.811 0.019 0.02 0.973 5392.5 4.5667 14.88989 1.088036 15.351077 14.263041 "" "" 614.297791 629.051697 20844.46882 4.0023 9885.2 12.7 15629.0 13.843 "" "" 0.0027631954425055717 0.0031194214 0.0038998108 0.007019232 337.345841695 46.07529873586 621.333435 0.45200000000000007 -4.811000000000002 1.383166648864746 -1.5479205951690673 0.21203408 0.21303408 "" "" 6.1136673147455864 "" 1.2997087547598398 ""
338.94560319494 47.07974158642 0.0138 0.0154 14.7455 "" "" 1986687257925209088 508.387024 1.9368 0.0199 16.431 18.241 0.018 0.02 1.023 4749.6 4.5069 14.890911 1.334831 15.489497 14.154666 -3.61 4.3 502.983093 513.440308 20824.86748 3.9019 8702.0 16.084 17270.0 16.081 "" "" 0.0027628198961972454 0.0034368888 0.0039122654 0.007349154 338.94560319494 47.07974158642 508.387024 16.431000000000004 18.241 17.362166648864747 21.504079404830932 0.21103409 0.21303408 7.230714285714287 7.177913 66.6012837358422 66.99264306133765 14.13592781379323 14.074686755195023
340.38059502081 45.91636720693 0.0148 0.0159 76.8623 "" "" 1982665175669026944 715.092712 1.372 0.0208 -7.229 -6.722 0.019 0.02 1.013 5373.9 4.4665 14.891343 1.067343 15.3382 14.270857 "" "" 704.416138 723.620361 20816.57993 4.4323 10003.0 15.391 15517.0 15.329 "" "" 0.0027650012789216284 0.003252046 0.003928633 0.0071806787 340.38059502081 45.91636720693 715.092712 -7.229000000000001 -6.722 -6.297833351135254 -3.458920595169068 0.21203408 0.21303408 "" "" 24.354456990082134 "" 5.169628983019305 ""
338.7484875148 48.15238413808 0.0151 0.0182 77.0398 "" "" 1986981652165360768 581.577881 1.6903 0.0207 -8.466 -6.257 0.019 0.023 0.954 4936.0 4.5334 14.891609 1.176393 15.403029 14.226637 "" "" 574.223816 589.719421 20811.47701 4.2452 9423.3 13.55 16162.0 13.402 "" "" 0.0027642068327824276 0.0031972514 0.0038851397 0.007082391 338.7484875148 48.15238413808 581.577881 -8.466 -6.256999999999998 -7.534833351135253 -2.993920595169067 0.21203408 0.21603408 "" "" 22.350748325813395 "" 4.7514098390782795 ""
341.46880461999 46.37644913301 0.0146 0.0166 98.7357 "" "" 1984193325032686464 747.527039 1.3054 0.021 1.161 -2.314 0.019 0.022 1.048 5359.9 4.4415 14.891647 1.102865 15.36093 14.258065 "" "" 733.23584 757.667969 20810.75744 7.7703 9795.9 14.346 15701.0 20.789 "" "" 0.002784983185906144 0.0032114338 0.0040435567 0.0072549907 341.46880461999 46.37644913301 747.527039 1.1609999999999991 -2.314 2.092166648864746 0.9490794048309326 0.21203408 0.21503408 "" "" 8.140224108867722 "" 1.730197041368857 ""
339.04080311174 47.04157322119 0.0144 0.0153 10.4446 "" "" 1983685075784483840 728.262024 1.3402 0.0204 -5.771 -17.937 0.018 0.019 1.006 4876.8 4.3441 14.891761 1.14872 15.3876 14.23888 "" "" 716.184753 740.518005 20808.5845 3.9633 9558.2 11.705 15981.0 12.4 "" "" 0.0027630695462784716 0.0030907723 0.0038721366 0.006962909 339.04080311174 47.04157322119 728.262024 -5.770999999999987 -17.937000000000005 -4.839833351135254 -14.673920595169069 0.21103409 0.21203408 "" "" 53.33788800753473 "" 11.30422794965056 ""
340.12158477792 47.72381189503 0.0151 0.0148 61.8312 "" "" 1983823614251938432 528.886047 1.8603 0.0197 -2.834 -6.233 0.02 0.018 1.014 4875.5 4.5525 14.89191 1.2213 15.425886 14.204586 6.2 4.96 523.210876 535.164185 20805.73196 6.7561 9227.0 14.959 16494.0 15.545 "" "" 0.002777785170006998 0.0032990018 0.003915457 0.0072144587 340.12158477792 47.72381189503 528.886047 -2.8340000000000005 -6.232999999999999 -1.902833351135254 -2.969920595169067 0.21303408 0.21103409 17.040714285714287 7.837913 8.842430222006042 19.198294601302294 1.8712182655819054 7.010238116338329
340.56291700537 47.27827865688 0.0153 0.016 60.0569 "" "" 1983738195941129600 646.239563 1.5186 0.0217 23.952 11.786 0.02 0.02 1.072 4969.8 4.4667 14.895324 1.195661 15.41549 14.219829 -17.68 4.65 636.942139 655.374573 20740.40895 3.9136 9315.8 9.7819 16264.0 11.884 "" "" 0.0027629263646067777 0.0030140972 0.0038617502 0.0068758475 340.56291700537 47.27827865688 646.239563 23.952000000000005 11.786000000000001 24.883166648864748 15.049079404830932 0.21303408 0.21303408 -6.8392857142857135 7.527913 89.07716403895411 89.33933614206215 18.976471554544666 18.929558222039567
340.89496237818 46.55508348441 0.0146 0.015 72.8439 "" "" 1983468849950519424 549.789368 1.7882 0.0194 -8.601 -6.616 0.019 0.018 0.975 4790.5 4.47 14.89741 1.265757 15.456783 14.191027 -38.6 4.48 543.056335 556.315125 20700.58355 3.5647 8968.2 13.407 16701.0 13.133 "" "" 0.002761656390869103 0.0032279352 0.0038746183 0.0071025537 340.89496237818 46.55508348441 549.789368 -8.60100000000001 -6.616000000000003 -7.669833351135255 -3.352920595169067 0.21203408 0.21103409 -27.759285714285717 7.357913 21.81402675550113 35.30481138112858 4.621824060387341 6.451767915641554
339.27838834491 47.14077194744 0.0152 0.016 14.5215 "" "" 1983691329257078528 688.925415 1.4193 0.0211 6.509 -0.218 0.02 0.021 1.102 4942.6 4.3891 14.899505 1.181213 15.409303 14.228089 "" "" 678.862244 698.998352 20660.69796 4.0975 9369.1 11.151 16141.0 19.604 "" "" 0.0027637212369256894 0.0030748837 0.0040028286 0.0070777126 339.27838834491 47.14077194744 688.925415 6.509 -0.2179999999999993 7.440166648864746 3.0450794048309326 0.21303408 0.21403408 "" "" 26.252029471651134 "" 5.596350959209562 ""
340.40484226998 47.75130762512 0.0164 0.0174 70.6001 "" "" 1983821140350889344 554.370972 1.7772 0.022 8.566 -3.765 0.022 0.022 1.02 4793.4 4.4813 14.899684 1.26117 15.455927 14.194757 -20.64 3.64 547.497681 561.63855 20657.28004 4.1766 8975.2 9.8811 16644.0 15.698 "" "" 0.0027640510892971626 0.0030354317 0.0039156554 0.006951087 340.40484226998 47.75130762512 554.370972 8.566 -3.765000000000004 9.497166648864747 -0.5019205951690675 0.21503408 0.21503408 -9.799285714285714 6.517913 24.990707085267154 26.843275529112052 5.373853769904599 5.539978912590981
338.83581650128 46.56482758644 0.0538 0.0594 25.2818 "" "" 1983638410960166528 519.237366 1.904 0.0748 -0.777 -7.372 0.069 0.079 3.804 4932.9 4.6365 14.89969 1.294644 15.356624 14.061979 -7.8 7.02 500.502472 538.454529 20657.17799 12.606 9834.8 12.5 18809.0 18.218 "" "" 0.0028338641537311387 0.0031127734 0.0039229626 0.007035736 338.83581650128 46.56482758644 519.237366 -0.7770000000000017 -7.3720000000000026 0.15416664886474607 -4.108920595169067 0.2620341 0.27203408 3.0407142857142864 9.897913 10.119929857839855 10.56687861645744 2.7528261451697107 3.8810912213016913
337.56784310186 45.59593595795 0.0147 0.0167 103.6648 "" "" 1983205310757119488 635.025635 1.5469 0.022 -23.092 -14.031 0.019 0.021 0.984 5451.4 4.5417 14.900415 1.126477 15.375211 14.248734 "" "" 627.069946 645.385376 20643.36152 3.8396 9667.9 13.584 15837.0 18.712 "" "" 0.002762710730903533 0.0031799811 0.003991165 0.0071711466 337.56784310186 45.59593595795 635.025635 -23.092000000000002 -14.031 -22.160833351135253 -10.767920595169068 0.21203408 0.21403408 "" "" 74.16210750687813 "" 15.753332204697221 ""
339.46875196731 46.08797933441 0.0263 0.0287 50.2675 "" "" 1983398034529201408 666.510681 1.4761 0.0368 0.104 -8.537 0.032 0.035 1.781 "" "" 14.900812 1.151682 15.385758 14.234077 "" "" 652.190979 682.727966 20635.82325 7.7296 9574.4 19.349 16052.0 17.77 "" "" 0.0027851720126790473 0.0035495707 0.0039659026 0.0075154733 339.46875196731 46.08797933441 666.510681 0.10399999999999987 -8.536999999999992 1.0351666488647462 -5.273920595169068 0.22503409 0.22803408 "" "" 16.979610301389396 "" 3.8700521127343057 ""
340.36988106024 45.85902996077 0.0151 0.016 79.2909 "" "" 1982664694632541184 598.93335 1.6367 0.0203 -10.461 1.104 0.019 0.02 0.967 5246.5 4.5566 14.901761 1.178865 15.410356 14.23149 "" "" 592.779602 606.757812 20617.79797 6.2185 9360.0 15.317 16090.0 16.938 "" "" 0.0027747115346487506 0.0033078433 0.0039484277 0.0072562713 340.36988106024 45.85902996077 598.93335 -10.461 1.1040000000000019 -9.529833351135254 4.367079404830933 0.21203408 0.21303408 "" "" 29.760084398045205 "" 6.3153269757531865 ""
339.59934646187 46.48789357619 0.0135 0.0148 29.9618 "" "" 1983599829273763584 558.149231 1.7629 0.0192 19.598 -6.042 0.018 0.02 1.056 5026.7 4.5364 14.902179 1.174254 15.409889 14.235636 "" "" 552.328003 562.941895 20609.86759 3.9911 9364.0 12.807 16029.0 14.797 "" "" 0.002763330531634735 0.0031607135 0.003910026 0.0070707398 339.59934646187 46.48789357619 558.149231 19.597999999999978 -6.042000000000004 20.529166648864745 -2.778920595169067 0.21103409 0.21303408 "" "" 54.80786521398382 "" 11.568309497112567 ""
338.9991449854 45.88391921177 0.0257 0.0279 61.8137 "" "" 1983370890335363456 645.553223 1.5316 0.0376 9.3 6.946 0.034 0.037 1.713 4998.4 4.3348 14.904507 1.219583 15.435699 14.216116 -29.73 4.18 632.354492 660.506165 20565.72266 3.8541 9144.0 14.246 16320.0 10.054 "" "" 0.002762822831411309 0.0032628728 0.0038381137 0.0071009863 338.9991449854 45.88391921177 645.553223 9.300000000000008 6.946 10.231166648864747 10.209079404830932 0.22703409 0.23003408 -18.889285714285712 7.057913 44.22641843288279 48.091383866513475 10.107318523120366 9.699615304247622
338.8839705072 47.33722321672 0.0142 0.0166 28.9493 "" "" 1986705262428040064 587.889771 1.6714 0.0202 -15.008 -19.433 0.019 0.022 1.004 5019.0 4.5247 14.9046 1.136559 15.392829 14.256269 "" "" 580.591675 593.390442 20563.95028 3.8927 9512.3 13.778 15727.0 11.862 "" "" 0.002762974975647462 0.0032028418 0.0038670844 0.0070699262 338.8839705072 47.33722321672 587.889771 -15.008 -19.433 -14.076833351135253 -16.169920595169067 0.21203408 0.21503408 "" "" 59.74139932745326 "" 12.769476488473266 ""
338.7025688806 48.55032331854 0.0153 0.0159 100.7355 "" "" 1987051402435668480 583.47406 1.6838 0.0206 -28.542 -13.375 0.021 0.021 0.978 4776.1 4.476 14.905025 1.228389 15.44214 14.213751 -38.25 4.22 577.276184 591.956177 20555.92708 4.0304 9089.9 15.673 16355.0 18.563 "" "" 0.0027635316903664733 0.0033600025 0.0039752144 0.0073352167 338.7025688806 48.55032331854 583.47406 -28.542000000000037 -13.375 -27.610833351135255 -10.111920595169067 0.21403408 0.21403408 -27.409285714285716 7.097913 81.322324670877 85.81718611818309 17.405748985490415 16.64914992479824
338.61314721843 48.42843197843 0.0153 0.0171 94.4243 "" "" 1987047416706044160 638.695496 1.5364 0.0202 -8.399 -3.365 0.02 0.023 1.074 5201.0 4.5334 14.905649 1.103292 15.363179 14.259888 "" "" 630.308289 644.771851 20544.09787 4.6245 9775.6 15.039 15675.0 23.346 "" "" 0.002766138279182158 0.0032519253 0.0041107964 0.0073627215 338.61314721843 48.42843197843 638.695496 -8.399000000000008 -3.3650000000000024 -7.467833351135253 -0.1019205951690676 0.21303408 0.21603408 "" "" 22.61034851510358 "" 4.816787481250576 ""
339.01922204187 46.44860559193 0.0144 0.0169 28.3586 "" "" 1983587769005000704 574.105164 1.7117 0.0192 4.886 -6.869 0.018 0.02 0.993 5023.3 4.5317 14.905736 1.233013 15.447619 14.214605 -20.04 4.56 567.022949 580.954834 20542.4641 3.6712 9044.2 13.98 16342.0 9.7799 "" "" 0.0027621439025786714 0.0032560145 0.0038348294 0.007090844 339.01922204187 46.44860559193 574.105164 4.886000000000001 -6.8690000000000015 5.817166648864746 -3.605920595169067 0.21103409 0.21303408 -9.199285714285713 7.437913 18.62464195223861 20.772677860645402 3.9408094430745986 4.830540577428267
338.90902212733 45.95360392901 0.0234 0.0262 58.3224 "" "" 1983369378502670848 684.013733 1.432 0.0349 -0.197 -1.007 0.03 0.035 1.394 "" "" 14.907523 "" "" "" "" "" 668.857056 700.229736 20508.66297 27.863 "" "" "" "" "" "" 0.0031253228688264485 "" "" "" 338.90902212733 45.95360392901 684.013733 -0.1969999999999999 -1.0069999999999986 0.734166648864746 2.256079404830933 0.22303408 0.22803408 "" "" 7.692273808119713 "" 1.7504542558752296 ""
339.75906060682 47.93217719807 0.0159 0.0158 65.6987 "" "" 1986822600935740672 728.233521 1.3414 0.0223 -14.525 -11.484 0.021 0.02 1.027 4848.5 4.3748 14.907735 1.109361 15.378309 14.268949 "" "" 711.410828 740.52771 20504.6717 4.5599 9640.4 12.373 15545.0 11.834 "" "" 0.002765879135485636 0.0031187923 0.0038687077 0.0069875 339.75906060682 47.93217719807 728.233521 -14.525 -11.484000000000002 -13.593833351135254 -8.220920595169067 0.21403408 0.21303408 "" "" 54.83690015293152 "" 11.722305890011791 ""
338.28611617448 45.65383663147 0.0172 0.018 84.0645 "" "" 1983171462117761024 690.63385 1.4267 0.0241 -8.24 -4.283 0.022 0.022 1.329 5521.7 4.5488 14.908165 1.108152 15.34076 14.232608 "" "" 679.111511 701.638184 20496.55653 9.3836 9979.6 31.348 16074.0 37.192 "" "" 0.0027997969021930002 0.0044064405 0.004538144 0.008944584 338.28611617448 45.65383663147 690.63385 -8.24 -4.283 -7.308833351135254 -1.0199205951690677 0.21503408 0.21503408 "" "" 24.158065907543435 "" 5.194807538174476 ""
341.15520952628 46.41347241353 0.0153 0.0162 85.7882 "" "" 1982707335068630272 700.542114 1.3928 0.0206 17.378 -1.607 0.019 0.019 1.025 5264.3 4.4658 14.908677 1.136422 15.395067 14.258645 "" "" 691.462402 710.558411 20486.89147 3.7301 9492.7 11.233 15693.0 9.5977 "" "" 0.0027624025522541003 0.0030717617 0.0038372723 0.006909034 341.15520952628 46.41347241353 700.542114 17.378 -1.607000000000006 18.309166648864746 1.6560794048309326 0.21203408 0.21203408 "" "" 61.04505625395902 "" 12.94363212478417 ""
339.6843610407 45.91996547888 0.0158 0.0164 62.4162 "" "" 1983333850537996160 594.542053 1.6518 0.0235 -0.386 -14.302 0.02 0.019 1.041 5001.7 4.4669 14.910366 1.275216 15.47551 14.200294 -20.77 3.37 586.354675 603.230225 20455.04569 4.3016 8814.8 11.455 16559.0 12.828 "" "" 0.002764764330708088 0.0031266252 0.0038718446 0.00699847 339.6843610407 45.91996547888 594.542053 -0.38600000000000056 -14.301999999999998 0.5451666488647461 -11.038920595169067 0.21303408 0.21203408 -9.929285714285713 6.247913 31.147019801041854 32.69139882725136 6.604305537795679 6.572237353642853
340.26289673922 47.06319589065 0.0494 0.0452 44.5784 "" "" 1983711601497613568 667.383301 1.4716 0.0661 3.2 -3.118 0.059 0.055 3.956 5278.6 4.6418 14.912259 1.176259 15.348533 14.172274 -27.45 7.46 639.29303 696.864624 20419.40996 7.0626 9908.4 14.179 16992.0 25.912 "" "" 0.0027807935733515595 0.0031935908 0.004126143 0.007319734 340.26289673922 47.06319589065 667.383301 3.1999999999999984 -3.117999999999994 4.131166648864746 0.14507940483093273 0.25203407 0.24803409 -16.60928571428571 10.3379135 13.076575721017138 21.13918646793841 3.295678657373138 8.374546730775897
