Clusters/UPK_166/UPK_166_stars_in_region.tsv
# %ECSV 1.0
# ---
# datatype:
# - name: RA_ICRS_1
#   unit: deg
#   datatype: float64
#   format: '{:15.11f}'
#   description: Right ascension (ICRS) at Ep=2016.0 (ra)
#   meta: !!omap
#   - {ucd: POS_EQ_RA_MAIN}
#   - {width: 15}
#   - {precision: '11'}
# - name: DE_ICRS_1
#   unit: deg
#   datatype: float64
#   format: '{:15.11f}'
#   description: Declination (ICRS) at Ep=2016.0 (dec)
#   meta: !!omap
#   - {ucd: POS_EQ_DEC_MAIN}
#   - {width: 15}
#   - {precision: '11'}
# - name: e_RA_ICRS
#   unit: mas
#   datatype: float64
#   format: '{:7.4f}'
#   description: Standard error of right ascension (ra_error)
#   meta: !!omap
#   - {ucd: ERROR}
#   - {width: 7}
#   - {precision: '4'}
# - name: e_DE_ICRS
#   unit: mas
#   datatype: float64
#   format: '{:7.4f}'
#   description: Standard error of declination (dec_error)
#   meta: !!omap
#   - {ucd: ERROR}
#   - {width: 7}
#   - {precision: '4'}
# - name: _r_1
#   unit: ''
#   datatype: float64
#   format: '{:8.4f}'
#   description: Distance from center (339.19881092000+46.90490433000)[ICRS], at Epoch=J2016.0
#   meta: !!omap
#   - {ucd: POS_ANG_DIST_GENERAL}
#   - {width: 8}
#   - {precision: '4'}
# - name: HIP
#   datatype: int32
#   description: '? HIP cross-id number, van Leeuwen, Cat. I/311 (hip_original_ext_source_id)'
#   meta: !!omap
#   - {ucd: ID_NUMBER}
#   - {width: 6}
#   - values: {'null': -2147483648}
# - name: TYC2
#   datatype: string
#   description: Tycho-2 cross-id name, Hog et al., Cat. I/259 (tyc2_original_ext_source_id)
#   meta: !!omap
#   - {ucd: ID_CROSSID}
#   - {_votable_string_dtype: char}
# - name: Source
#   datatype: int64
#   description: Source identifier, identical to the Gaia-EDR3 source_id (id)
#   meta: !!omap
#   - {ucd: ID_MAIN}
#   - {width: 19}
# - name: rgeo
#   unit: pc
#   datatype: float64
#   format: '{:15.8f}'
#   description: '? Median of the geometric distance posterior (r_med_geo)'
#   meta: !!omap
#   - {ucd: PHYS_DISTANCE_TRUE}
#   - {width: 15}
#   - {precision: '8'}
#   - values: {'null': .nan}
# - name: Plx
#   unit: mas
#   datatype: float64
#   format: '{:9.4f}'
#   description: '? Parallax (parallax)'
#   meta: !!omap
#   - {ucd: POS_PARLX_TRIG}
#   - {width: 9}
#   - {precision: '4'}
#   - values: {'null': .nan}
# - name: e_Plx
#   unit: mas
#   datatype: float32
#   format: '{:7.4f}'
#   description: '? Standard error of parallax (parallax_error)'
#   meta: !!omap
#   - {ucd: ERROR}
#   - {width: 7}
#   - {precision: '4'}
#   - values: {'null': .nan}
# - name: pmRA
#   unit: mas / yr
#   datatype: float64
#   format: '{:9.3f}'
#   description: '? Proper motion in right ascension direction, pmRA*cosDE (pmra)'
#   meta: !!omap
#   - {ucd: POS_EQ_PMRA}
#   - {width: 9}
#   - {precision: '3'}
#   - values: {'null': .nan}
# - name: pmDE
#   unit: mas / yr
#   datatype: float64
#   format: '{:9.3f}'
#   description: '? Proper motion in declination direction (pmdec)'
#   meta: !!omap
#   - {ucd: POS_EQ_PMDEC}
#   - {width: 9}
#   - {precision: '3'}
#   - values: {'null': .nan}
# - name: e_pmRA
#   unit: mas / yr
#   datatype: float32
#   format: '{:6.3f}'
#   description: '? Standard error of proper motion in right ascension direction (pmra_error)'
#   meta: !!omap
#   - {ucd: ERROR}
#   - {width: 6}
#   - {precision: '3'}
#   - values: {'null': .nan}
# - name: e_pmDE
[...]
#         unit: &id001 !astropy.units.Unit {unit: deg}
#         value: !astropy.table.SerializedColumn {name: SkyCoord.dec}
#       distance: !astropy.table.SerializedColumn
#         __class__: astropy.coordinates.distances.Distance
#         unit: !astropy.units.Unit {unit: pc}
#         value: !astropy.table.SerializedColumn {name: SkyCoord.distance}
#       frame: icrs
#       obstime: !astropy.time.Time {format: jyear_str, in_subfmt: '*', jd1: 367701545.0, jd2: 0.0, out_subfmt: '*', precision: 3, scale: tt}
#       pm_dec: !astropy.table.SerializedColumn
#         __class__: astropy.units.quantity.Quantity
#         unit: !astropy.units.Unit {unit: mas / yr}
#         value: !astropy.table.SerializedColumn {name: SkyCoord.pm_dec}
#       pm_ra_cosdec: !astropy.table.SerializedColumn
#         __class__: astropy.units.quantity.Quantity
#         unit: !astropy.units.Unit {unit: mas / yr}
#         value: !astropy.table.SerializedColumn {name: SkyCoord.pm_ra_cosdec}
#       ra: !astropy.table.SerializedColumn
#         __class__: astropy.coordinates.angles.Longitude
#         unit: *id001
#         value: !astropy.table.SerializedColumn {name: SkyCoord.ra}
#         wrap_angle: !astropy.coordinates.Angle
#           unit: *id001
#           value: 360.0
#       representation_type: spherical
# schema: astropy-2.0
RA_ICRS_1 DE_ICRS_1 e_RA_ICRS e_DE_ICRS _r_1 HIP TYC2 Source rgeo Plx e_Plx pmRA pmDE e_pmRA e_pmDE RUWE Teff logg Gmag BP-RP BPmag RPmag RV e_RV b_rgeo B_rgeo FG e_FG FBP e_FBP FRP e_FRP RAVE5 RAVE6 e_Gmag e_BPmag e_RPmag e_BP-RP SkyCoord.ra SkyCoord.dec SkyCoord.distance SkyCoord.pm_ra_cosdec SkyCoord.pm_dec
[from data line 2955]
338.93882281858 48.14658778049 0.0258 0.0274 75.2418 "" "" 1986979521861726464 687.497559 1.4234 0.0343 -1.62 -1.611 0.032 0.034 0.983 4637.7 4.6173 16.023436 1.328239 16.59372 15.26548 "" "" 673.186096 704.401184 7337.90853 2.5701 3147.2 22.095 6208.2 15.34 "" "" 0.002781438714187901 0.008117057 0.00463476 0.012751818 338.93882281858 48.14658778049 687.497559 -1.6199999999999999 -1.6109999999999998
338.39520219278 45.57743504513 0.0234 0.0266 86.3463 "" "" 1982988019771644288 655.922302 1.4944 0.0338 4.976 -8.386 0.031 0.035 1.038 4434.4 4.3988 16.024397 1.557788 16.750143 15.192355 "" "" 639.999451 671.151245 7331.41634 2.7387 2725.0 10.986 6640.7 10.892 "" "" 0.0027850112786724046 0.005190859 0.0041779205 0.009368779 338.39520219278 45.57743504513 655.922302 4.975999999999999 -8.386
337.79993590349 47.82821762897 0.0265 0.0268 79.3745 "" "" 1987002817764660224 722.568481 1.3588 0.0337 -8.461 -2.502 0.036 0.034 0.991 4779.8 4.6584 16.024937 1.292739 16.59618 15.303441 "" "" 705.44812 743.244873 7327.77429 2.3589 3140.1 11.193 5994.9 8.1662 "" "" 0.002777399478395149 0.0047710664 0.0040584616 0.0088295285 337.79993590349 47.82821762897 722.568481 -8.461000000000002 -2.502
339.25570938034 45.80580887968 0.0258 0.0279 65.9878 "" "" 1983355634611716480 568.67334 1.7317 0.0399 0.035 -7.599 0.036 0.035 1.023 4531.9 4.6717 16.025297 1.539776 16.739809 15.200033 "" "" 554.519409 580.589417 7325.34104 2.6714 2751.0 7.9711 6593.9 13.876 "" "" 0.0027836239381322874 0.004205004 0.0044163326 0.008621337 339.25570938034 45.80580887968 568.67334 0.03500000000000014 -7.599000000000001
340.09594763376 45.64729240903 0.0711 0.0784 84.129 "" "" 1982567211757924224 618.074707 1.5879 0.1007 2.035 -4.399 0.094 0.095 3.041 5124.8 4.6364 16.027506 1.338899 16.550684 15.211785 "" "" 579.496094 654.394653 7310.45238 12.148 3274.5 9.1866 6522.9 12.369 "" "" 0.003293467670243539 0.0041307798 0.0043037734 0.008434553 340.09594763376 45.64729240903 618.074707 2.035 -4.399
337.17510899027 46.03593019018 0.0244 0.0276 98.544 "" "" 1986234396572472064 555.320374 1.7754 0.034 7.308 3.393 0.032 0.034 0.954 4455.4 4.5943 16.028414 1.625144 16.799692 15.174548 "" "" 544.526245 566.08844 7304.33997 2.5621 2603.4 7.7331 6750.5 9.1256 "" "" 0.0027815151249804015 0.0042645074 0.0040543796 0.008318887 337.17510899027 46.03593019018 555.320374 7.307999999999999 3.393
336.94558595988 47.12031890794 0.0866 0.0872 93.0783 "" "" 1986540988518783872 635.626465 1.5683 0.1119 16.022 -10.878 0.109 0.104 4.265 4462.7 4.3736 16.030218 1.535768 16.663979 15.128211 "" "" 590.769592 706.252869 7292.21587 8.7537 2950.0 7.507 7044.9 9.1751 "" "" 0.0030480279734948603 0.0039266767 0.0040352475 0.007961924 336.94558595988 47.12031890794 635.626465 16.022 -10.878
337.44870105811 45.83518327281 0.0264 0.0276 96.7897 "" "" 1983223968094992768 723.512512 1.3519 0.0359 5.286 -2.214 0.034 0.033 0.947 4804.1 4.6142 16.03257 1.367141 16.642534 15.275393 "" "" 706.529114 745.080627 7276.44367 2.5179 3008.9 10.409 6151.8 11.915 "" "" 0.0027808166911053 0.004678951 0.0043250276 0.009003978 337.44870105811 45.83518327281 723.512512 5.286 -2.2139999999999995
339.17126255589 47.41023223894 0.023 0.0258 30.3405 "" "" 1986700761302590720 707.539612 1.3797 0.032 7.805 1.243 0.031 0.033 0.997 "" "" 16.033281 1.549856 16.754013 15.204157 "" "" 691.679993 722.396301 7271.67555 2.8136 2715.3 6.7389 6568.9 8.9266 "" "" 0.002787162174814548 0.003878912 0.004057168 0.00793608 339.17126255589 47.41023223894 707.539612 7.805000000000001 1.2430000000000003
340.83493240558 47.47985064621 0.0254 0.0303 75.0981 "" "" 1983758708705154816 633.089478 1.5478 0.0369 -0.023 0.384 0.036 0.042 1.134 4381.8 4.5251 16.035892 1.640267 16.802597 15.16233 "" "" 621.358337 646.735962 7254.2069 2.7344 2596.4 8.2414 6826.9 12.188 "" "" 0.002785548586918912 0.004434193 0.0042474633 0.008681657 340.83493240558 47.47985064621 633.089478 -0.022999999999999993 0.384
340.08922904426 48.40002627929 0.0237 0.0267 96.6552 "" "" 1986903518121411712 717.373901 1.3716 0.032 7.941 -1.541 0.032 0.036 0.984 4593.6 4.4695 16.035938 1.442293 16.700079 15.257786 "" "" 700.550781 733.573547 7253.89564 3.3625 2853.5 9.111 6252.4 8.3861 "" "" 0.0028009081950386952 0.004450039 0.0040502353 0.008500274 340.08922904426 48.40002627929 717.373901 7.941 -1.5409999999999997
338.75557986584 46.85063562217 0.0275 0.0272 18.4677 "" "" 1983658721864818432 695.952087 1.4009 0.0365 -0.88 -3.31 0.034 0.032 0.963 4148.0 4.3448 16.0374 1.694694 16.84971 15.155017 "" "" 678.843445 712.870178 7244.14135 6.6209 2486.2 12.556 6873.1 18.087 "" "" 0.002928566283429179 0.0061523397 0.0047378503 0.01089019 338.75557986584 46.85063562217 695.952087 -0.8799999999999999 -3.3099999999999996
338.80187678474 46.30457284068 0.0245 0.0281 39.5619 "" "" 1983585020225759616 737.444519 1.3282 0.0345 -13.475 -7.447 0.031 0.037 1.039 4866.9 4.6404 16.038704 1.319014 16.624989 15.305975 "" "" 714.693298 753.934937 7235.44493 2.406 3057.9 10.012 5980.9 7.9207 "" "" 0.0027788736731960105 0.004519075 0.0040436634 0.008562738 338.80187678474 46.30457284068 737.444519 -13.474999999999998 -7.447000000000001
338.06478468842 47.56368566575 0.0255 0.0273 60.8005 "" "" 1986935369596993664 539.264282 1.8081 0.0366 -0.808 -4.317 0.035 0.033 0.961 "" "" 16.04032 1.834646 16.929943 15.095297 "" "" 527.616333 551.099121 7224.6847 12.033 2309.1 18.335 7261.7 36.458 "" "" 0.0032957353121218502 0.009061364 0.0066330605 0.015694425 338.06478468842 47.56368566575 539.264282 -0.8080000000000002 -4.317
338.21421179035 47.88359544991 0.0457 0.0439 71.0446 "" "" 1986959318334828160 640.400513 1.5463 0.0582 -29.832 -4.919 0.059 0.056 1.73 4519.3 4.5111 16.044174 1.448059 16.67003 15.221972 "" "" 618.597229 662.211243 7199.07859 4.8765 2933.6 8.2622 6462.0 8.6214 "" "" 0.0028517857989367895 0.0041395193 0.0040474734 0.008186992 338.21421179035 47.88359544991 640.400513 -29.832000000000004 -4.9190000000000005
339.09227463542 47.23886741926 0.0251 0.0266 20.5053 "" "" 1986692858562670336 614.396423 1.5969 0.0348 0.423 -16.663 0.032 0.033 0.985 4210.4 4.3718 16.045275 1.454657 16.663923 15.209267 "" "" 600.642151 628.044128 7191.78966 2.8291 2950.2 21.775 6538.1 26.522 "" "" 0.0027882268339050136 0.008485507 0.0058036004 0.014289107 339.09227463542 47.23886741926 614.396423 0.42299999999999915 -16.663
339.29296698504 45.14309725677 0.2473 0.2785 105.7812 "" "" 1982524640040632832 632.654236 1.9167 0.3745 -2.865 -2.676 0.313 0.358 15.562 "" "" 16.046326 1.187188 16.341545 15.154357 "" "" 493.558746 889.417358 7184.82994 20.229 3970.1 10.82 6877.3 10.96 "" "" 0.004115394152312615 0.004067055 0.0041566337 0.008223688 339.29296698504 45.14309725677 632.654236 -2.865 -2.676
337.29500393326 47.29485123869 0.0227 0.0256 81.1991 "" "" 1986564215702366592 632.345703 1.5612 0.0318 4.97 -2.773 0.03 0.032 0.95 4571.0 4.6317 16.046368 1.499969 16.74267 15.242702 "" "" 620.44043 646.445557 7184.5493 2.7689 2743.8 6.8315 6339.8 9.13 "" "" 0.002786912358998481 0.003884928 0.0040900493 0.007974978 337.29500393326 47.29485123869 632.345703 4.97 -2.7729999999999997
340.54203825344 47.14529420046 0.025 0.0252 56.7999 "" "" 1983732251706421120 578.684509 1.7162 0.0351 18.816 12.192 0.03 0.032 1.02 4520.8 4.6002 16.04724 1.586494 16.796808 15.210315 "" "" 565.97998 590.278259 7178.78151 3.0836 2610.3 12.666 6531.8 14.321 "" "" 0.002794510936396574 0.005961577 0.004466589 0.010428166 340.54203825344 47.14529420046 578.684509 18.816 12.192
338.64685477057 46.79505749035 0.0278 0.0279 23.5887 "" "" 1983656866438947200 719.369873 1.3749 0.0369 4.532 0.199 0.037 0.036 0.95 4583.2 4.5017 16.048584 1.40391 16.682497 15.278587 "" "" 698.623535 735.260254 7169.90079 2.7998 2900.1 9.9117 6133.7 11.2 "" "" 0.0027877486386712292 0.0046426905 0.0042678043 0.008910495 338.64685477057 46.79505749035 719.369873 4.532 0.19900000000000034
337.95397568393 47.10783383014 0.027 0.0296 52.367 "" "" 1986351082245944064 518.792847 1.9072 0.0365 17.152 4.38 0.035 0.037 1.019 4438.3 4.5844 16.04937 1.651572 16.83109 15.179519 "" "" 506.776917 528.80426 7164.70931 2.7217 2529.2 6.9028 6719.7 8.556 "" "" 0.0027860187061606225 0.0040701134 0.0040242835 0.008094396 337.95397568393 47.10783383014 518.792847 17.152 4.380000000000001
341.25504064723 46.6539077525 0.0257 0.0289 85.8165 "" "" 1983464829861327232 549.303101 1.7796 0.0348 21.311 4.93 0.035 0.038 0.96 4501.7 4.5864 16.049988 1.611207 16.813168 15.201961 "" "" 538.52948 561.159119 7160.63347 2.6696 2571.3 8.4863 6582.2 10.594 "" "" 0.002784894301446534 0.0045415293 0.0041638236 0.008705353 341.25504064723 46.6539077525 549.303101 21.311 4.9300000000000015
339.65169530594 47.74621301231 0.027 0.0277 53.7336 "" "" 1986811674538859392 701.985596 1.4017 0.0365 2.451 2.274 0.038 0.036 0.976 4522.2 4.5271 16.05012 1.487549 16.738626 15.251078 "" "" 681.704285 718.149658 7159.76937 2.9813 2754.0 9.8806 6291.1 12.044 "" "" 0.0027921641214375716 0.0047915136 0.004313265 0.009104779 339.65169530594 47.74621301231 701.985596 2.4510000000000005 2.274
337.61912732449 47.30625290467 0.0237 0.0258 68.859 "" "" 1986558202748455168 555.159424 1.7762 0.0309 8.835 0.663 0.031 0.034 1.035 4316.6 4.4344 16.050255 1.763648 16.8645 15.100852 "" "" 545.434875 565.609436 7158.87244 2.7867 2452.5 8.4071 7224.7 29.789 "" "" 0.0027875461241566825 0.0046516 0.005858736 0.010510337 337.61912732449 47.30625290467 555.159424 8.835 0.663
337.60510398165 47.45416727604 0.0257 0.0279 72.8706 "" "" 1986571981003494272 504.400116 1.9553 0.0348 14.185 1.797 0.033 0.034 0.947 4403.2 4.5798 16.050968 1.61521 16.81629 15.20108 "" "" 495.785126 512.934814 7154.16855 2.5709 2563.9 7.9445 6587.6 9.1995 "" "" 0.0027828078527448474 0.0043707327 0.0040721786 0.008442911 337.60510398165 47.45416727604 504.400116 14.185 1.7970000000000002
340.66920040016 47.17080186217 0.0248 0.0272 62.2051 "" "" 1983733213779106560 538.535645 1.8367 0.0351 8.33 -5.305 0.031 0.033 0.99 "" "" 16.053127 1.605553 16.804213 15.19866 "" "" 528.226318 546.168762 7139.95563 2.5363 2592.6 9.2598 6602.3 10.49 "" "" 0.002782182600181037 0.004777313 0.0041544633 0.0089317765 340.66920040016 47.17080186217 538.535645 8.33 -5.305
339.48967279835 46.4175327563 0.0225 0.0255 31.6001 "" "" 1983593365341675392 636.228455 1.5482 0.0328 -5.366 1.26 0.03 0.033 1.003 4450.8 4.5194 16.05456 1.526595 16.767218 15.240623 "" "" 623.207886 649.387207 7130.54786 2.3564 2682.4 7.4473 6352.0 9.7807 "" "" 0.0027785833901867447 0.0041075055 0.004132631 0.008240136 339.48967279835 46.4175327563 636.228455 -5.365999999999999 1.2599999999999998
340.3515771321 46.23537766528 0.0254 0.0276 62.2458 "" "" 1983435108686938624 623.371094 1.5835 0.0357 -6.784 8.911 0.031 0.037 1.006 4597.6 4.6537 16.055878 1.541321 16.779203 15.237883 "" "" 610.886108 637.655518 7121.8993 2.4906 2653.0 8.7041 6368.0 10.482 "" "" 0.002781358681278471 0.004524808 0.0041806335 0.008705441 340.3515771321 46.23537766528 623.371094 -6.784000000000001 8.911000000000001
339.22180163962 47.89228376839 0.0321 0.0331 59.2501 "" "" 1986772401358468608 547.396973 1.8132 0.0419 -10.402 0.85 0.043 0.042 1.089 3960.0 4.2052 16.057045 1.584969 16.737747 15.152778 "" "" 534.022095 562.401001 7114.2457 3.2415 2756.2 23.607 6887.3 35.308 "" "" 0.002799377964577073 0.0097089475 0.006727914 0.016436862 339.22180163962 47.89228376839 547.396973 -10.401999999999996 0.8500000000000005
338.73018390993 47.79363222959 0.0291 0.0273 56.6242 "" "" 1986780338457692416 710.059692 1.3798 0.0366 12.467 -6.431 0.037 0.033 0.995 "" "" 16.058294 1.41552 16.696983 15.281464 "" "" 692.529968 730.190491 7106.06839 8.1002 2861.7 17.57 6117.5 18.952 "" "" 0.0030205158673332027 0.0072264764 0.0050594057 0.012285883 338.73018390993 47.79363222959 710.059692 12.466999999999999 -6.431000000000001
338.61543215768 48.62643356029 0.0269 0.0282 105.9365 "" "" 1987064459136216576 521.380676 1.8988 0.0374 -19.64 -6.351 0.037 0.035 0.993 4445.2 4.5872 16.061386 1.633194 16.834194 15.201 "" "" 511.272797 531.25708 7085.85456 2.7137 2522.0 8.2095 6588.1 12.79 "" "" 0.0027865187147377074 0.004502876 0.0043274304 0.008830307 338.61543215768 48.62643356029 521.380676 -19.64 -6.351000000000001
337.07302039391 47.08295203362 0.0348 0.0358 87.6477 "" "" 1986538239739850880 615.835266 1.5965 0.0459 -1.5 -4.539 0.045 0.045 1.426 "" "" 16.061747 "" "" "" "" "" 599.27417 633.163452 7083.50684 4.5387 "" "" "" "" "" "" 0.0028417873745193345 "" "" "" 337.07302039391 47.08295203362 615.835266 -1.4999999999999996 -4.539
338.10501862535 46.38178471554 0.0241 0.0262 54.9098 "" "" 1983269219871420800 705.042175 1.3919 0.034 -1.799 -2.232 0.032 0.033 1.035 4604.1 4.5743 16.062117 1.401403 16.70291 15.301506 "" "" 687.615356 721.57489 7081.08935 2.6937 2846.1 8.4434 6005.6 10.671 "" "" 0.0027861042329400407 0.0042614467 0.004243285 0.008504732 338.10501862535 46.38178471554 705.042175 -1.7989999999999997 -2.232
338.77042083453 48.07577905804 0.0268 0.0283 72.3672 "" "" 1986980346495322240 731.496094 1.3464 0.035 -3.749 -2.684 0.033 0.034 1.003 4677.9 4.6383 16.06345 1.343755 16.667297 15.323543 "" "" 714.043518 750.80426 7072.39985 2.9568 2941.0 8.4872 5884.9 8.1771 "" "" 0.0027924600084745597 0.004195503 0.0040693623 0.008264866 338.77042083453 48.07577905804 731.496094 -3.7490000000000006 -2.6839999999999997
338.16953170855 46.19467879364 0.0231 0.0252 60.1633 "" "" 1983252417959100928 536.236145 1.8371 0.0322 -19.062 -9.126 0.03 0.031 1.054 4502.5 4.5905 16.065165 1.636986 16.844048 15.207062 "" "" 528.085083 545.333679 7061.2332 2.8336 2499.2 7.824 6551.4 9.5617 "" "" 0.002789555390845587 0.0043975334 0.0040981397 0.008495674 338.16953170855 46.19467879364 536.236145 -19.061999999999998 -9.126000000000001
339.70679213493 47.2671216853 0.0325 0.0389 30.0501 "" "" 1983783585156193920 705.914001 1.39 0.0461 5.001 5.227 0.042 0.049 1.392 4591.1 4.4644 16.067095 1.467373 16.735233 15.26786 "" "" 687.126282 726.735229 7048.70236 2.5733 2762.6 6.8172 6194.6 8.4506 "" "" 0.002783684973015133 0.0038682553 0.004059252 0.007927507 339.70679213493 47.2671216853 705.914001 5.000999999999999 5.226999999999999
337.15305053691 45.91561262882 0.0254 0.0262 103.3668 "" "" 1986230101605196544 660.706543 1.4888 0.0353 1.692 0.701 0.033 0.032 1.051 4572.9 4.5805 16.068455 1.518153 16.775965 15.257812 "" "" 647.374939 673.582703 7039.87282 2.4835 2660.9 12.526 6252.2 10.09 "" "" 0.0027818150915531717 0.0058230273 0.0041658035 0.009988831 337.15305053691 45.91561262882 660.706543 1.6920000000000002 0.701
340.51270456714 46.35323257364 0.0241 0.0248 63.4526 "" "" 1983443183225618560 609.554871 1.6088 0.0336 8.045 1.309 0.031 0.032 0.975 4564.1 4.6203 16.069714 1.591474 16.819912 15.228437 "" "" 598.707275 622.815552 7031.71188 2.3985 2555.4 9.7505 6423.7 10.094 "" "" 0.0027800975864914848 0.004994768 0.004146622 0.00914139 340.51270456714 46.35323257364 609.554871 8.044999999999998 1.3089999999999997
339.00972518363 47.71106466939 0.0262 0.0269 48.9775 "" "" 1986769308981842304 513.195801 1.9209 0.0362 -13.865 -15.809 0.036 0.035 1.063 4420.5 4.5948 16.069908 1.638983 16.849863 15.21088 "" "" 506.785522 521.882263 7030.4538 2.6397 2485.8 7.3009 6528.4 12.359 "" "" 0.002785314000896483 0.0042371964 0.0043021487 0.008539345 339.00972518363 47.71106466939 513.195801 -13.864999999999997 -15.808999999999997
337.71790191153 47.30009895315 0.0256 0.0289 64.9629 "" "" 1986554698055156096 540.258545 1.8193 0.0331 12.704 3.252 0.033 0.036 1.039 4472.2 4.6746 16.072239 1.656028 16.862614 15.206586 "" "" 532.61969 549.431335 7015.37794 2.5606 2456.8 9.0463 6554.3 10.608 "" "" 0.0027836732068646907 0.004875221 0.0041679284 0.00904315 337.71790191153 47.30009895315 540.258545 12.704 3.2519999999999993
