Clusters/UPK_166/UPK_166_members.tsv
# %ECSV 1.0
# ---
# datatype:
# - name: RA_ICRS_1
#   unit: deg
#   datatype: float64
#   format: '{:15.11f}'
#   description: Right ascension (ICRS) at Ep=2016.0 (ra)
#   meta: !!omap
#   - {ucd: POS_EQ_RA_MAIN}
#   - {width: 15}
#   - {precision: '11'}
# - name: DE_ICRS_1
#   unit: deg
#   datatype: float64
#   format: '{:15.11f}'
#   description: Declination (ICRS) at Ep=2016.0 (dec)
#   meta: !!omap
#   - {ucd: POS_EQ_DEC_MAIN}
#   - {width: 15}
#   - {precision: '11'}
# - name: e_RA_ICRS
#   unit: mas
#   datatype: float64
#   format: '{:7.4f}'
#   description: Standard error of right ascension (ra_error)
#   meta: !!omap
#   - {ucd: ERROR}
#   - {width: 7}
#   - {precision: '4'}
# - name: e_DE_ICRS
#   unit: mas
#   datatype: float64
#   format: '{:7.4f}'
#   description: Standard error of declination (dec_error)
#   meta: !!omap
#   - {ucd: ERROR}
#   - {width: 7}
#   - {precision: '4'}
# - name: _r_1
#   unit: ''
#   datatype: float64
#   format: '{:8.4f}'
#   description: Distance from center (339.19881092000+46.90490433000)[ICRS], at Epoch=J2016.0
#   meta: !!omap
#   - {ucd: POS_ANG_DIST_GENERAL}
#   - {width: 8}
#   - {precision: '4'}
# - name: HIP
#   datatype: int32
#   description: '? HIP cross-id number, van Leeuwen, Cat. I/311 (hip_original_ext_source_id)'
#   meta: !!omap
#   - {ucd: ID_NUMBER}
#   - {width: 6}
#   - values: {'null': -2147483648}
# - name: TYC2
#   datatype: string
#   description: Tycho-2 cross-id name, Hog et al., Cat. I/259 (tyc2_original_ext_source_id)
#   meta: !!omap
#   - {ucd: ID_CROSSID}
#   - {_votable_string_dtype: char}
# - name: Source
#   datatype: int64
#   description: Source identifier, identical to the Gaia-EDR3 source_id (id)
#   meta: !!omap
#   - {ucd: ID_MAIN}
#   - {width: 19}
# - name: rgeo
#   unit: pc
#   datatype: float64
#   format: '{:15.8f}'
#   description: '? Median of the geometric distance posterior (r_med_geo)'
#   meta: !!omap
#   - {ucd: PHYS_DISTANCE_TRUE}
#   - {width: 15}
#   - {precision: '8'}
#   - values: {'null': .nan}
# - name: Plx
#   unit: mas
#   datatype: float64
#   format: '{:9.4f}'
#   description: '? Parallax (parallax)'
#   meta: !!omap
#   - {ucd: POS_PARLX_TRIG}
#   - {width: 9}
#   - {precision: '4'}
#   - values: {'null': .nan}
# - name: e_Plx
#   unit: mas
#   datatype: float32
#   format: '{:7.4f}'
#   description: '? Standard error of parallax (parallax_error)'
#   meta: !!omap
#   - {ucd: ERROR}
#   - {width: 7}
#   - {precision: '4'}
#   - values: {'null': .nan}
# - name: pmRA
#   unit: mas / yr
#   datatype: float64
#   format: '{:9.3f}'
#   description: '? Proper motion in right ascension direction, pmRA*cosDE (pmra)'
#   meta: !!omap
#   - {ucd: POS_EQ_PMRA}
#   - {width: 9}
#   - {precision: '3'}
#   - values: {'null': .nan}
# - name: pmDE
#   unit: mas / yr
#   datatype: float64
#   format: '{:9.3f}'
#   description: '? Proper motion in declination direction (pmdec)'
#   meta: !!omap
#   - {ucd: POS_EQ_PMDEC}
#   - {width: 9}
#   - {precision: '3'}
#   - values: {'null': .nan}
# - name: e_pmRA
#   unit: mas / yr
#   datatype: float32
#   format: '{:6.3f}'
#   description: '? Standard error of proper motion in right ascension direction (pmra_error)'
#   meta: !!omap
#   - {ucd: ERROR}
#   - {width: 6}
#   - {precision: '3'}
#   - values: {'null': .nan}
# - name: e_pmDE
[...]
#         unit: &id001 !astropy.units.Unit {unit: deg}
#         value: !astropy.table.SerializedColumn {name: SkyCoord.dec}
#       distance: !astropy.table.SerializedColumn
#         __class__: astropy.coordinates.distances.Distance
#         unit: !astropy.units.Unit {unit: pc}
#         value: !astropy.table.SerializedColumn {name: SkyCoord.distance}
#       frame: icrs
#       obstime: !astropy.time.Time {format: jyear_str, in_subfmt: '*', jd1: 367701545.0, jd2: 0.0, out_subfmt: '*', precision: 3, scale: tt}
#       pm_dec: !astropy.table.SerializedColumn
#         __class__: astropy.units.quantity.Quantity
#         unit: !astropy.units.Unit {unit: mas / yr}
#         value: !astropy.table.SerializedColumn {name: SkyCoord.pm_dec}
#       pm_ra_cosdec: !astropy.table.SerializedColumn
#         __class__: astropy.units.quantity.Quantity
#         unit: !astropy.units.Unit {unit: mas / yr}
#         value: !astropy.table.SerializedColumn {name: SkyCoord.pm_ra_cosdec}
#       ra: !astropy.table.SerializedColumn
#         __class__: astropy.coordinates.angles.Longitude
#         unit: *id001
#         value: !astropy.table.SerializedColumn {name: SkyCoord.ra}
#         wrap_angle: !astropy.coordinates.Angle
#           unit: *id001
#           value: 360.0
#       representation_type: spherical
# schema: astropy-2.0
RA_ICRS_1 DE_ICRS_1 e_RA_ICRS e_DE_ICRS _r_1 HIP TYC2 Source rgeo Plx e_Plx pmRA pmDE e_pmRA e_pmDE RUWE Teff logg Gmag BP-RP BPmag RPmag RV e_RV b_rgeo B_rgeo FG e_FG FBP e_FBP FRP e_FRP RAVE5 RAVE6 e_Gmag e_BPmag e_RPmag e_BP-RP SkyCoord.ra SkyCoord.dec SkyCoord.distance SkyCoord.pm_ra_cosdec SkyCoord.pm_dec Pmemb
[from data line 78]
340.6173192569 46.36499458712 0.0115 0.0125 66.817 "" "" 1983442839628242304 620.917969 1.5833 0.0167 -0.9 -3.366 0.015 0.017 0.992 5700.0 4.4005 14.297694 1.109258 14.767167 13.657909 -18.66 6.5 615.286682 626.322083 35964.09355 35.036 16926.0 61.994 27289.0 80.311 "" "" 0.0029513650696753515 0.004857876 0.004949108 0.009806984 340.6173192569 46.36499458712 620.917969 -0.8999999999999999 -3.3659999999999997 1.0
340.01126743377 47.09749814919 0.012 0.0132 35.1958 "" "" 1983725792074912896 639.708496 1.538 0.0172 -0.898 -3.106 0.015 0.016 0.941 5324.4 4.42 14.42688 1.067303 14.873215 13.805912 -12.73 5.97 632.953186 646.752686 31929.69046 34.649 15351.0 57.064 23812.0 78.869 "" "" 0.0029966569257451024 0.004906551 0.0052168802 0.010123432 340.01126743377 47.09749814919 639.708496 -0.8979999999999998 -3.106 1.0
337.26449748303 46.8286394813 0.0128 0.0139 79.4789 "" "" 1986331772072307456 651.699585 1.5038 0.0176 -0.968 -3.506 0.017 0.017 1.015 5399.6 4.3671 14.435786 1.163407 14.930626 13.767219 -5.39 7.03 644.511536 662.408875 31668.85496 104.72 14560.0 166.82 24676.0 231.48 "" "" 0.004525648999948257 0.012748805 0.01086365 0.023612455 337.26449748303 46.8286394813 651.699585 -0.968 -3.506 1.0
340.78871611287 47.3888453536 0.0118 0.0143 71.0791 "" "" 1983744964809713536 648.038513 1.5144 0.0171 -0.808 -2.977 0.015 0.018 0.923 5598.4 4.5741 14.442414 0.996527 14.857626 13.861099 -1.61 6.93 642.341064 656.559265 31476.10345 13.246 15573.0 23.879 22632.0 26.217 "" "" 0.002792947132429189 0.0032491053 0.0039831633 0.0072322683 340.78871611287 47.3888453536 648.038513 -0.8080000000000002 -2.977 1.0
338.03038986486 47.56083200414 0.0127 0.0133 61.7637 "" "" 1986935541395681024 655.446533 1.4982 0.0171 -1.021 -3.311 0.017 0.017 1.024 5643.2 4.3413 14.450705 1.113499 14.924813 13.811315 33.85 6.54 648.35675 663.326782 31236.68956 39.417 14638.0 68.817 23694.0 84.546 "" "" 0.0030771548937153807 0.0058171456 0.0054122955 0.011229441 338.03038986486 47.56083200414 655.446533 -1.0210000000000004 -3.3110000000000004 1.0
338.55605441752 46.52144308597 0.013 0.0148 35.0505 "" "" 1983644531292553600 641.309082 1.529 0.0187 -0.994 -3.319 0.017 0.019 1.062 5564.8 4.4763 14.513309 1.094172 14.975196 13.881023 "" "" 635.620117 649.161804 29486.51236 35.331 13975.0 59.31 22220.0 76.646 "" "" 0.0030470036020388146 0.0053867926 0.005320706 0.0107074985 338.55605441752 46.52144308597 641.309082 -0.9940000000000003 -3.3189999999999995 1.0
336.95634414915 47.00547980594 0.0138 0.0135 92.0333 "" "" 1986536178155436416 658.291748 1.4911 0.0184 -0.95 -3.542 0.017 0.017 0.997 5545.4 4.4538 14.52357 1.073832 14.977373 13.903542 -13.74 10.28 649.513611 667.470398 29209.138 42.25 13947.0 75.407 21764.0 107.59 "" "" 0.0031714657938379932 0.0064995885 0.006564438 0.013064027 336.95634414915 47.00547980594 658.291748 -0.9499999999999995 -3.542 1.0
339.22344593793 47.02336380992 0.0378 0.0395 7.1788 "" "" 1983681399292500992 639.711487 1.5471 0.0498 -0.778 -3.174 0.048 0.051 2.659 5039.7 4.3183 14.558946 1.192171 15.072986 13.880815 -6.95 5.36 620.908142 658.048035 28272.77255 18.629 12771.0 31.647 22225.0 37.518 "" "" 0.0028466784764076864 0.0038760551 0.004200356 0.008076411 339.22344593793 47.02336380992 639.711487 -0.7779999999999999 -3.174 0.8
339.34566520638 46.65615437967 0.0129 0.0146 16.0985 "" "" 1983614191644148096 597.872864 1.6402 0.0184 -0.825 -3.537 0.018 0.019 1.042 5190.7 4.4541 14.582876 1.087706 15.041327 13.953622 0.22 6.29 591.023499 603.933594 27656.44083 31.998 13149.0 56.939 20783.0 82.844 "" "" 0.003028162842360032 0.005467143 0.0057458193 0.011212962 339.34566520638 46.65615437967 597.872864 -0.8249999999999997 -3.537 0.8
338.36672532584 47.10981060708 0.0136 0.015 36.1959 "" "" 1986676434607084800 646.349426 1.5166 0.0183 -0.948 -3.312 0.017 0.02 0.975 5484.9 4.4676 14.588293 1.138872 15.067873 13.929001 -16.56 5.55 638.295837 654.321899 27518.80197 30.874 12831.0 57.302 21260.0 74.4 "" "" 0.0030125718983817587 0.005594268 0.0053591444 0.010953412 338.36672532584 47.10981060708 646.349426 -0.9480000000000001 -3.3120000000000003 0.9
341.03739669127 46.92240524509 0.0134 0.0143 75.3618 "" "" 1983529597968083328 675.630615 1.4479 0.0194 -0.863 -2.848 0.017 0.018 1.032 5219.0 4.4022 14.61764 1.169096 15.120807 13.951711 -8.79 5.94 666.457581 685.471069 26784.94934 19.542 12221.0 33.887 20820.0 41.957 "" "" 0.0028669280896315816 0.004104712 0.0043670456 0.008471757 341.03739669127 46.92240524509 675.630615 -0.8630000000000001 -2.848 1.0
339.31865420431 46.2437482171 0.0129 0.0152 39.9761 "" "" 1983589899309022080 656.977417 1.4968 0.019 -1.03 -3.104 0.016 0.018 1.048 4848.1 4.2858 14.702308 1.161897 15.198922 14.037025 -2.4 8.12 648.867249 664.065613 24775.56978 34.331 11372.0 56.96 19246.0 70.072 "" "" 0.003139308345219066 0.0061122314 0.005469008 0.011581239 339.31865420431 46.2437482171 656.977417 -1.0299999999999998 -3.104 1.0
340.60140851083 47.4266333261 0.0127 0.0149 65.218 "" "" 1983751939836571648 639.66095 1.5334 0.0184 -0.702 -3.336 0.017 0.019 1.103 5503.1 4.4673 14.705727 1.227078 15.232985 14.005907 -20.25 13.19 631.772278 646.289001 24697.66959 25.35 11021.0 41.388 19806.0 64.858 "" "" 0.0029721551976872916 0.0049406285 0.0051889066 0.010129536 340.60140851083 47.4266333261 639.66095 -0.7020000000000001 -3.3359999999999994 1.0
337.32602419805 46.8012021604 0.0149 0.0159 77.0944 "" "" 1986328881554810496 639.163025 1.5332 0.0207 -1.023 -3.42 0.019 0.019 1.167 5455.3 4.4878 14.715936 1.182551 15.21553 14.032979 -13.42 6.66 632.161865 645.790161 24466.52725 31.165 11200.0 51.957 19318.0 68.871 "" "" 0.0030829290137578485 0.005757942 0.0054098675 0.011167809 337.32602419805 46.8012021604 639.163025 -1.0229999999999997 -3.42 0.9
337.1042785715 46.49696107691 0.0141 0.0156 89.5917 "" "" 1986306174067173632 667.581726 1.4654 0.0196 -1.028 -3.414 0.019 0.021 1.088 4976.3 4.373 14.78559 1.215041 15.313013 14.097972 25.35 4.71 659.958862 675.816162 22946.19821 19.335 10238.0 33.931 18196.0 43.264 "" "" 0.0029032344256410556 0.004553385 0.004576894 0.009130279 337.1042785715 46.49696107691 667.581726 -1.028 -3.4140000000000006 1.0
337.37212809258 47.15274226726 0.0144 0.0154 76.171 "" "" 1986549922051249920 660.711914 1.4813 0.0195 -1.02 -3.354 0.018 0.019 1.032 "" "" 14.872201 1.244118 15.411718 14.167601 3.29 6.59 654.325928 669.273682 21186.84869 28.544 9348.2 47.777 17065.0 53.846 "" "" 0.00311952772057435 0.006211 0.005101014 0.0113120135 337.37212809258 47.15274226726 660.711914 -1.0199999999999998 -3.354 0.8
339.2922667291 47.01526425604 0.0164 0.0161 7.648 "" "" 1983686312735304192 644.298523 1.5174 0.022 -0.89 -3.21 0.02 0.02 1.013 4863.0 4.395 15.00614 1.298644 15.582108 14.283463 "" "" 636.068909 653.467285 18727.97627 17.162 7990.5 28.086 15338.0 40.372 "" "" 0.0029294564870533868 0.004727477 0.004738238 0.009465715 339.2922667291 47.01526425604 644.298523 -0.8900000000000001 -3.21 1.0
338.93496188716 47.20883491395 0.015 0.0169 21.1864 "" "" 1986691793410642176 641.573425 1.5285 0.0216 -0.944 -3.337 0.019 0.021 0.995 4719.2 4.3342 15.018853 1.277271 15.577053 14.299782 "" "" 634.12854 650.019653 18509.96029 31.47 8027.8 55.683 15109.0 83.537 "" "" 0.0033165120623820173 0.0080312155 0.0070936303 0.015124846 338.93496188716 47.20883491395 641.573425 -0.9439999999999998 -3.3369999999999997 1.0
338.92039922798 46.86660261612 0.0206 0.0201 11.6459 "" "" 1983678753592472192 654.884277 1.5045 0.0273 -0.857 -3.303 0.026 0.024 1.083 5213.5 4.5348 15.144938 1.342883 15.741768 14.398885 "" "" 642.316406 665.896484 16480.53336 20.639 6897.8 33.795 13791.0 52.422 "" "" 0.0030725496682882728 0.0060067894 0.005596111 0.011602901 338.92039922798 46.86660261612 654.884277 -0.8569999999999998 -3.303 1.0
339.00746803811 46.79982128792 0.0184 0.0185 10.0696 "" "" 1983677447922432384 649.127075 1.507 0.0253 -0.959 -3.307 0.024 0.023 0.98 4573.2 4.3397 15.356742 1.43222 16.003906 14.571686 "" "" 639.267944 660.522278 13559.69278 14.932 5418.2 22.928 11762.0 44.926 "" "" 0.0030035465042279413 0.0053753327 0.005610871 0.010986203 339.00746803811 46.79982128792 649.127075 -0.9590000000000002 -3.307 1.0
339.17273484549 47.08536388731 0.0183 0.0198 10.88 "" "" 1983684934046978048 644.797058 1.5277 0.0242 -0.957 -3.178 0.023 0.025 1.014 5003.1 4.4433 15.357612 1.401165 15.979897 14.578732 "" "" 633.639343 655.540161 13548.84165 34.691 5539.3 48.11 11686.0 74.757 "" "" 0.003914074921783332 0.0098339785 0.007907288 0.017741267 339.17273484549 47.08536388731 644.797058 -0.957 -3.178 1.0
339.04241593549 46.64188634995 0.0194 0.0197 17.0395 "" "" 1983660817808919808 645.672058 1.5125 0.0257 -0.867 -2.76 0.025 0.025 1.071 4630.9 4.2411 15.445951 1.702685 16.254965 14.552279 "" "" 635.378906 658.049683 12490.1085 7.2485 4299.6 12.61 11974.0 18.154 "" "" 0.002826448206710073 0.004233756 0.0041223033 0.008356059 339.04241593549 46.64188634995 645.672058 -0.8670000000000002 -2.76 0.9
339.32410162807 47.08543848616 0.0191 0.0199 11.9843 "" "" 1983687755844304512 641.104431 1.5312 0.0257 -0.829 -3.328 0.024 0.025 1.019 4551.9 4.4098 15.448318 1.429462 16.103912 14.67445 "" "" 631.687561 649.710388 12462.90519 12.37 4941.4 21.025 10700.0 35.432 "" "" 0.0029585643073614318 0.005396882 0.0052163177 0.010613199 339.32410162807 47.08543848616 641.104431 -0.8290000000000001 -3.3279999999999994 1.0
339.67728636612 46.99417753647 0.019 0.0215 20.3164 "" "" 1983765305775318272 666.226562 1.4702 0.0286 -0.866 -3.042 0.026 0.029 0.941 4540.6 4.3346 15.449875 1.438286 16.10115 14.662865 "" "" 652.342102 682.62793 12445.05805 10.937 4954.0 18.32 10815.0 30.521 "" "" 0.0029158582154889057 0.0048893644 0.004865404 0.009754769 339.67728636612 46.99417753647 666.226562 -0.8660000000000002 -3.042 1.0
337.54604643419 46.42997594829 0.0198 0.0207 73.7742 "" "" 1986258654548001408 637.71814 1.5418 0.0275 -1.104 -3.26 0.026 0.024 0.998 4634.7 4.3957 15.530346 1.459796 16.198904 14.739108 "" "" 628.31958 646.54126 11556.01862 13.079 4527.5 19.246 10081.0 36.59 "" "" 0.0030169196928873424 0.005393206 0.0054601775 0.010853384 337.54604643419 46.42997594829 637.71814 -1.104 -3.26 0.9
340.25698466002 48.07253545681 0.0791 0.0749 82.1488 "" "" 1986834622544475648 520.255188 1.9219 0.0953 -2.631 -1.789 0.103 0.102 3.553 4838.5 4.7182 15.552093 1.413181 16.084738 14.671556 "" "" 498.799744 545.193909 11326.85403 7.4254 5029.5 8.5278 10728.0 15.787 "" "" 0.002845767848704355 0.0033427621 0.0041032294 0.0074459915 340.25698466002 48.07253545681 520.255188 -2.6310000000000002 -1.7890000000000001 0.8
338.23316053498 48.42242002623 0.0195 0.0221 99.0579 "" "" 1987056247158506112 651.141724 1.5079 0.028 -1.022 -3.372 0.026 0.025 0.965 4715.3 4.5964 15.561381 1.321961 16.15195 14.829989 "" "" 639.385498 661.868225 11230.37171 2.7765 4727.6 6.8527 9271.8 11.231 "" "" 0.0027683646804877787 0.0032034116 0.0040016714 0.007205083 338.23316053498 48.42242002623 651.141724 -1.022 -3.3719999999999994 0.8
339.27704867605 47.23822562026 0.0196 0.0214 20.2532 "" "" 1986694954506734336 658.379089 1.4908 0.0268 -1.033 -3.279 0.026 0.028 0.992 4681.0 4.2927 15.600162 1.538048 16.307785 14.769737 "" "" 647.701538 668.613037 10836.32656 11.805 4095.5 21.019 9800.8 30.097 "" "" 0.0029984638266591945 0.0062317615 0.005039874 0.011271635 339.27704867605 47.23822562026 658.379089 -1.033 -3.2790000000000004 1.0
339.18859604908 47.08302725246 0.0236 0.0261 10.6955 "" "" 1983684903985797888 666.677551 1.4666 0.0331 -0.956 -3.332 0.03 0.034 1.073 "" "" 15.836505 1.892262 16.768898 14.876637 "" "" 653.221069 684.434998 8716.55181 9.5868 2678.3 16.502 8881.8 32.23 "" "" 0.0030029563132029364 0.00724818 0.005459526 0.012707707 339.18859604908 47.08302725246 666.677551 -0.9560000000000003 -3.332 1.0
338.27628472385 46.51591395185 0.024 0.0248 44.5554 "" "" 1983272277888148224 647.777466 1.5029 0.033 -0.865 -3.513 0.033 0.031 1.069 4612.4 4.4287 15.845982 1.529159 16.547653 15.018495 "" "" 635.237549 665.242554 8640.80148 13.014 3283.6 23.798 7794.0 41.557 "" "" 0.0032040277758638926 0.008348939 0.006913534 0.015262473 338.27628472385 46.51591395185 647.777466 -0.865 -3.513 1.0
339.17483372405 46.86813954886 0.0244 0.0248 2.4151 "" "" 1983667621037444736 651.102173 1.5036 0.0346 -0.615 -3.12 0.031 0.032 1.105 4532.2 4.289 15.886975 1.696869 16.683792 14.986923 "" "" 636.844482 666.069214 8320.64084 16.034 2896.7 28.176 8024.0 46.452 "" "" 0.003459655364163229 0.010923244 0.007334226 0.018257469 339.17483372405 46.86813954886 651.102173 -0.6150000000000001 -3.12 1.0
340.90232813331 46.36832348377 0.0235 0.0262 77.2105 "" "" 1983452181176942080 628.447327 1.5538 0.0343 -0.952 -3.06 0.032 0.032 1.007 4286.8 4.4328 15.915291 1.622225 16.676298 15.054073 "" "" 616.862488 640.111633 8106.44373 8.9993 2916.7 14.792 7542.7 21.446 "" "" 0.0030074221011507775 0.0061728708 0.004879919 0.011052789 340.90232813331 46.36832348377 628.447327 -0.9519999999999997 -3.0600000000000005 1.0
339.02385062332 47.05646644275 0.0236 0.0246 11.5754 "" "" 1983685350662385280 626.281982 1.5666 0.0322 -1.013 -3.194 0.03 0.031 1.038 4310.3 4.4038 15.954021 1.636463 16.725208 15.088745 "" "" 614.536255 639.961548 7822.37371 17.282 2788.3 22.896 7305.7 46.971 "" "" 0.003653170012672957 0.00934188 0.007938035 0.017279916 339.02385062332 47.05646644275 626.281982 -1.013 -3.194 0.9
337.32553586519 46.61063418192 0.0246 0.0249 78.9973 "" "" 1986314042447359616 677.541931 1.4419 0.0347 -1.046 -3.38 0.034 0.032 1.066 4285.3 4.3229 15.961227 1.634106 16.733797 15.099691 "" "" 661.06958 692.452881 7770.62294 9.7256 2766.3 19.631 7232.4 26.756 "" "" 0.0030721940606429736 0.008194551 0.005515173 0.013709724 337.32553586519 46.61063418192 677.541931 -1.0459999999999998 -3.38 0.8
338.9825994171 46.774283324 0.0248 0.0245 11.8393 "" "" 1983665559452960256 631.013062 1.5542 0.0347 -1.321 -2.858 0.033 0.031 0.962 6355.8 4.4016 15.97172 1.842303 16.86101 15.018706 "" "" 614.801758 645.040222 7695.891 7.2312 2460.4 10.451 7792.5 20.226 "" "" 0.0029381204297984492 0.0053902073 0.004714388 0.010104595 338.9825994171 46.774283324 631.013062 -1.3209999999999997 -2.858 1.0
338.76612700329 47.00796426835 0.0247 0.0258 18.7677 "" "" 1986663309187185920 625.335693 1.5725 0.0338 -0.914 -3.263 0.032 0.032 1.041 4262.6 4.2433 15.994089 1.696624 16.809679 15.113055 "" "" 612.800537 638.556335 7538.9528 8.8413 2579.6 12.628 7143.9 23.171 "" "" 0.003035304342322552 0.00600289 0.0051657557 0.011168646 338.76612700329 47.00796426835 625.335693 -0.9139999999999999 -3.263 1.0
338.75557986584 46.85063562217 0.0275 0.0272 18.4677 "" "" 1983658721864818432 695.952087 1.4009 0.0365 -0.88 -3.31 0.034 0.032 0.963 4148.0 4.3448 16.0374 1.694694 16.84971 15.155017 "" "" 678.843445 712.870178 7244.14135 6.6209 2486.2 12.556 6873.1 18.087 "" "" 0.002928566283429179 0.0061523397 0.0047378503 0.01089019 338.75557986584 46.85063562217 695.952087 -0.8799999999999999 -3.3099999999999996 0.9
341.52051240028 46.93296583484 0.0284 0.029 95.1593 "" "" 1984981571791457408 646.066528 1.5253 0.042 -0.731 -2.934 0.038 0.036 1.046 4233.2 4.3637 16.20332 1.744148 17.048315 15.304167 "" "" 629.562683 665.642761 6217.54732 5.7515 2070.6 10.757 5990.9 17.175 "" "" 0.0029326633238625083 0.006292895 0.004896147 0.011189042 341.52051240028 46.93296583484 646.066528 -0.731 -2.934 0.9
339.58550483715 46.32841999309 0.0246 0.0292 38.0837 "" "" 1983409338883313024 631.888306 1.5486 0.0366 -1.001 -3.125 0.032 0.037 1.017 4116.9 4.324 16.25456 2.093897 17.327644 15.233747 "" "" 616.290771 646.032166 5930.92562 4.3078 1600.9 7.3882 6392.3 12.716 "" "" 0.0028659520206821424 0.0057351724 0.0043529933 0.010088166 339.58550483715 46.32841999309 631.888306 -1.001 -3.125 1.0
