Clusters/UBC_134/UBC_134_stars_in_region.tsv
# %ECSV 1.0
# ---
# datatype:
# - name: RA_ICRS_1
#   unit: deg
#   datatype: float64
#   format: '{:15.11f}'
#   description: Right ascension (ICRS) at Ep=2016.0 (ra)
#   meta: !!omap
#   - {ucd: POS_EQ_RA_MAIN}
#   - {width: 15}
#   - {precision: '11'}
# - name: DE_ICRS_1
#   unit: deg
#   datatype: float64
#   format: '{:15.11f}'
#   description: Declination (ICRS) at Ep=2016.0 (dec)
#   meta: !!omap
#   - {ucd: POS_EQ_DEC_MAIN}
#   - {width: 15}
#   - {precision: '11'}
# - name: e_RA_ICRS
#   unit: mas
#   datatype: float64
#   format: '{:7.4f}'
#   description: Standard error of right ascension (ra_error)
#   meta: !!omap
#   - {ucd: ERROR}
#   - {width: 7}
#   - {precision: '4'}
# - name: e_DE_ICRS
#   unit: mas
#   datatype: float64
#   format: '{:7.4f}'
#   description: Standard error of declination (dec_error)
#   meta: !!omap
#   - {ucd: ERROR}
#   - {width: 7}
#   - {precision: '4'}
# - name: _r_1
#   unit: ''
#   datatype: float64
#   format: '{:7.4f}'
#   description: Distance from center (299.73040669000+31.09010605000)[ICRS], at Epoch=J2016.0
#   meta: !!omap
#   - {ucd: POS_ANG_DIST_GENERAL}
#   - {width: 7}
#   - {precision: '4'}
# - name: HIP
#   datatype: int32
#   description: '? HIP cross-id number, van Leeuwen, Cat. I/311 (hip_original_ext_source_id)'
#   meta: !!omap
#   - {ucd: ID_NUMBER}
#   - {width: 6}
#   - values: {'null': -2147483648}
# - name: TYC2
#   datatype: string
#   description: Tycho-2 cross-id name, Hog et al., Cat. I/259 (tyc2_original_ext_source_id)
#   meta: !!omap
#   - {ucd: ID_CROSSID}
#   - {_votable_string_dtype: char}
# - name: Source
#   datatype: int64
#   description: Source identifier, identical to the Gaia-EDR3 source_id (id)
#   meta: !!omap
#   - {ucd: ID_MAIN}
#   - {width: 19}
# - name: rgeo
#   unit: pc
#   datatype: float64
#   format: '{:15.8f}'
#   description: '? Median of the geometric distance posterior (r_med_geo)'
#   meta: !!omap
#   - {ucd: PHYS_DISTANCE_TRUE}
#   - {width: 15}
#   - {precision: '8'}
#   - values: {'null': .nan}
# - name: Plx
#   unit: mas
#   datatype: float64
#   format: '{:9.4f}'
#   description: '? Parallax (parallax)'
#   meta: !!omap
#   - {ucd: POS_PARLX_TRIG}
#   - {width: 9}
#   - {precision: '4'}
#   - values: {'null': .nan}
# - name: e_Plx
#   unit: mas
#   datatype: float32
#   format: '{:7.4f}'
#   description: '? Standard error of parallax (parallax_error)'
#   meta: !!omap
#   - {ucd: ERROR}
#   - {width: 7}
#   - {precision: '4'}
#   - values: {'null': .nan}
# - name: pmRA
#   unit: mas / yr
#   datatype: float64
#   format: '{:9.3f}'
#   description: '? Proper motion in right ascension direction, pmRA*cosDE (pmra)'
#   meta: !!omap
#   - {ucd: POS_EQ_PMRA}
#   - {width: 9}
#   - {precision: '3'}
#   - values: {'null': .nan}
# - name: pmDE
#   unit: mas / yr
#   datatype: float64
#   format: '{:9.3f}'
#   description: '? Proper motion in declination direction (pmdec)'
#   meta: !!omap
#   - {ucd: POS_EQ_PMDEC}
#   - {width: 9}
#   - {precision: '3'}
#   - values: {'null': .nan}
# - name: e_pmRA
#   unit: mas / yr
#   datatype: float32
#   format: '{:6.3f}'
#   description: '? Standard error of proper motion in right ascension direction (pmra_error)'
#   meta: !!omap
#   - {ucd: ERROR}
#   - {width: 6}
#   - {precision: '3'}
#   - values: {'null': .nan}
# - name: e_pmDE
[...]
#         value: !astropy.table.SerializedColumn {name: SkyCoord.dec}
#       distance: !astropy.table.SerializedColumn
#         __class__: astropy.coordinates.distances.Distance
#         unit: !astropy.units.Unit {unit: pc}
#         value: !astropy.table.SerializedColumn {name: SkyCoord.distance}
#       frame: icrs
#       obstime: !astropy.time.Time {format: jyear_str, in_subfmt: '*', jd1: 367701545.0, jd2: 0.0, out_subfmt: '*', precision: 3, scale: tt}
#       pm_dec: !astropy.table.SerializedColumn
#         __class__: astropy.units.quantity.Quantity
#         unit: !astropy.units.Unit {unit: mas / yr}
#         value: !astropy.table.SerializedColumn {name: SkyCoord.pm_dec}
#       pm_ra_cosdec: !astropy.table.SerializedColumn
#         __class__: astropy.units.quantity.Quantity
#         unit: !astropy.units.Unit {unit: mas / yr}
#         value: !astropy.table.SerializedColumn {name: SkyCoord.pm_ra_cosdec}
#       ra: !astropy.table.SerializedColumn
#         __class__: astropy.coordinates.angles.Longitude
#         unit: *id001
#         value: !astropy.table.SerializedColumn {name: SkyCoord.ra}
#         wrap_angle: !astropy.coordinates.Angle
#           unit: *id001
#           value: 360.0
#       representation_type: spherical
# schema: astropy-2.0
RA_ICRS_1 DE_ICRS_1 e_RA_ICRS e_DE_ICRS _r_1 HIP TYC2 Source rgeo Plx e_Plx pmRA pmDE e_pmRA e_pmDE RUWE Teff logg Gmag BP-RP BPmag RPmag RV e_RV b_rgeo B_rgeo FG e_FG FBP e_FBP FRP e_FRP RAVE5 RAVE6 e_Gmag e_BPmag e_RPmag e_BP-RP SkyCoord.ra SkyCoord.dec SkyCoord.distance SkyCoord.pm_ra_cosdec SkyCoord.pm_dec rmRA rmDE e_rmRA e_rmDE rRV e_rRV v_pec v_pec3d e_vpec e_vpec3d
[from data line 892]
299.53132192265 30.81821766435 0.0315 0.0364 19.2629 "" "" 2030527054318796416 2446.22876 0.3824 0.0465 -1.947 -7.453 0.04 0.045 0.918 5372.2 4.2475 16.72401 1.629826 17.492472 15.862646 "" "" 2185.94507 2844.43066 3848.95512 2.2115 1375.4 5.4714 3581.8 7.0606 "" "" 0.002825058773942975 0.005141956 0.0043433164 0.009485273 299.53132192265 30.81821766435 2446.22876 -1.9470000000000018 -7.452999999999999 0.2255115776062011 -1.4305815010070804 0.08250492 0.08750492 "" "" 16.792602131653602 "" 1.467456366458075 ""
299.442525159 31.05375400562 0.0355 0.0409 14.9545 "" "" 2030546738105809792 2065.76538 0.4705 0.0514 -0.51 -8.751 0.045 0.051 0.978 4718.1 4.1507 16.725492 2.040357 17.768164 15.727807 "" "" 1895.5813 2305.3252 3843.70116 2.1704 1067.0 5.466 4055.4 7.2106 "" "" 0.002822702921670648 0.0062225945 0.004243869 0.010466464 299.442525159 31.05375400562 2065.76538 -0.5100000000000007 -8.750999999999994 1.6625115776062012 -2.7285815010070795 0.08750492 0.09350492 "" "" 31.28622056568618 "" 2.875804114979002 ""
299.69801378696 30.80972401113 0.0342 0.0417 16.9053 "" "" 2030480874827355264 2520.69849 0.3647 0.0489 -0.261 0.181 0.046 0.054 1.042 6322.2 4.0816 16.72561 1.908483 17.669344 15.760861 "" "" 2233.88232 2856.50293 3843.28241 2.1719 1168.6 7.385 3933.8 8.2375 "" "" 0.0028228095229420164 0.0074069584 0.0044105356 0.011817494 299.69801378696 30.80972401113 2520.69849 -0.261 0.18099999999999994 1.911511577606201 6.20341849899292 0.088504925 0.09650493 "" "" 77.55812943180092 "" 7.432988715441225 ""
299.6403246263 30.83438634569 0.0752 0.0827 16.0279 "" "" 2030527741513745792 2093.61108 0.4694 0.1036 -0.75 -9.691 0.103 0.107 2.653 "" "" 16.729286 1.506256 17.2441 15.737844 "" "" 1705.13123 2594.88647 3830.29377 4.4649 1728.9 15.38 4018.1 29.906 "" "" 0.0030320930150091454 0.010053463 0.00892106 0.018974524 299.6403246263 30.83438634569 2093.61108 -0.75 -9.691 1.4225115776062012 -3.668581501007081 0.14550492 0.14950493 "" "" 39.04705587456008 "" 5.817551347726365 ""
299.78004823558 31.06082479913 0.0371 0.0466 3.0975 "" "" 2030538010732291712 2061.23999 0.48 0.0543 -0.154 -2.764 0.052 0.061 1.241 4683.7 4.1917 16.729853 1.539812 17.402145 15.862333 "" "" 1813.70496 2342.55103 3828.29765 2.4939 1494.7 6.6634 3582.8 11.041 "" "" 0.0028446526737991814 0.00558685 0.005047636 0.010634486 299.78004823558 31.06082479913 2061.23999 -0.15400000000000025 -2.7640000000000002 2.0185115776062013 3.25841849899292 0.09450492 0.103504926 "" "" 37.449207620667266 "" 3.785714726500235 ""
299.67984166616 30.95304128627 0.0322 0.0387 8.6251 "" "" 2030535403736139520 2123.96997 0.4625 0.0463 -1.653 -4.621 0.045 0.05 1.007 4843.1 4.178 16.731543 1.550547 17.438358 15.887812 "" "" 1935.23853 2371.9231 3822.34223 2.0293 1445.7 8.9995 3499.7 10.34 "" "" 0.002814969336105909 0.007312001 0.0049572196 0.012269221 299.67984166616 30.95304128627 2123.96997 -1.653 -4.621 0.5195115776062011 1.4014184989929195 0.08750492 0.09250492 "" "" 15.04718572621491 "" 1.3830661910067468 ""
299.71027241249 31.36617494525 0.033 0.0416 16.5963 "" "" 2030932018177039360 2561.38037 0.3715 0.0502 -4.007 -9.165 0.047 0.058 1.05 7138.8 4.1702 16.732058 1.932574 17.698786 15.766212 "" "" 2284.75269 2891.43188 3820.52921 2.1634 1137.4 5.2234 3914.5 7.7075 "" "" 0.002823078978972497 0.0057137227 0.004342096 0.010055819 299.71027241249 31.36617494525 2561.38037 -4.007 -9.165 -1.8344884223937985 -3.1425815010070792 0.08950492 0.10050492 "" "" 44.1789650679398 "" 4.321872889752256 ""
299.66654744086 31.15142712774 0.1441 0.207 4.9291 "" "" 2030542241324002560 1873.31091 0.7009 0.2282 -2.217 -3.96 0.192 0.263 5.234 "" "" 16.73265 1.437997 17.309841 15.871844 "" "" 1370.28918 2697.80908 3818.44676 14.385 1627.3 6.391 3551.6 8.2578 "" "" 0.004931708408978241 0.0050958255 0.0045449436 0.009640769 299.66654744086 31.15142712774 1873.31091 -2.217 -3.960000000000001 -0.04448842239379891 2.06241849899292 0.23450492 0.30550492 "" "" 18.31749224642032 "" 5.59554935868372 ""
300.04888823359 31.19792669291 0.0297 0.038 17.5877 "" "" 2030868280866483328 2387.67529 0.399 0.0476 -0.488 -2.873 0.041 0.048 1.03 6639.0 4.2978 16.733753 1.584918 17.479044 15.894126 "" "" 2175.31348 2682.24023 3814.56638 1.5888 1392.5 5.1638 3479.4 7.7559 "" "" 0.002792183910625442 0.004898527 0.004487886 0.009386413 300.04888823359 31.19792669291 2387.67529 -0.488 -2.8729999999999998 1.6845115776062012 3.1494184989929197 0.08350492 0.09050492 "" "" 40.422013775774495 "" 3.5973752023620698 ""
299.56618438471 31.31582281112 0.033 0.0385 15.9513 "" "" 2030559318115028736 2332.56689 0.4035 0.0469 -0.728 -3.17 0.044 0.051 1.043 9263.8 3.7725 16.734772 2.148417 17.839191 15.690774 "" "" 2089.93872 2607.77661 3810.99322 2.0915 999.4 7.1266 4196.1 8.3301 "" "" 0.002819013690559899 0.008229673 0.004350804 0.012580477 299.56618438471 31.31582281112 2332.56689 -0.728 -3.17 1.4445115776062012 2.85241849899292 0.08650492 0.09350492 "" "" 35.35082964344314 "" 3.256495612881457 ""
299.62111846443 30.87146231379 0.033 0.0394 14.2725 "" "" 2030529150263071232 2515.83813 0.3754 0.0478 -2.389 -5.519 0.043 0.05 1.01 8452.2 4.288 16.735031 1.694324 17.543476 15.849153 "" "" 2271.87744 2821.56201 3810.08434 2.0459 1312.3 6.9213 3626.6 8.2605 "" "" 0.002816325114796902 0.006369951 0.004516597 0.010886548 299.62111846443 30.87146231379 2515.83813 -2.389 -5.519 -0.21648842239379862 0.5034184989929198 0.08550492 0.09250492 "" "" 6.534868288576446 "" 0.5975988509840471 ""
299.61927783983 30.82750603863 0.0558 0.0732 16.7614 "" "" 2030527913294356608 2344.30249 0.4212 0.0835 -2.423 -4.975 0.077 0.095 1.694 "" "" 16.736794 "" "" "" "" "" 1950.59753 2967.35376 3803.89899 3.4675 "" "" "" "" "" "" 0.0029276838215559157 "" "" "" 299.61927783983 30.82750603863 2344.30249 -2.423000000000002 -4.975 -0.25048842239379887 1.0474184989929203 0.11950492 0.13750492 "" "" 11.967106398978023 "" 1.6346093267205615 ""
299.75515646227 31.07137964353 0.0324 0.0432 1.697 "" "" 2030537911996815360 1893.38513 0.5101 0.0491 -1.469 -5.417 0.045 0.058 1.045 7527.3 4.0829 16.736956 1.800284 17.610054 15.80977 "" "" 1734.5 2076.25024 3803.33118 2.1376 1234.2 7.228 3760.5 6.9463 "" "" 0.002822083995090889 0.0069437735 0.0042785434 0.011222317 299.75515646227 31.07137964353 1893.38513 -1.469 -5.417 0.7035115776062011 0.6054184989929201 0.08750492 0.10050492 "" "" 8.329806001223691 "" 0.7768200336907721 ""
299.81042861322 31.28141358468 0.0326 0.0395 12.1912 "" "" 2030918819702553856 2292.67334 0.4153 0.0486 -1.686 -3.349 0.045 0.053 0.97 6864.4 4.1013 16.74053 1.791887 17.610146 15.818258 "" "" 2029.53125 2756.87378 3790.83534 2.1477 1234.1 6.0424 3731.3 8.5042 "" "" 0.0028231485074416227 0.006003724 0.004517429 0.010521153 299.81042861322 31.28141358468 2292.67334 -1.6859999999999995 -3.3489999999999993 0.48651157760620123 2.6734184989929197 0.08750492 0.095504925 "" "" 29.52991854508796 "" 2.812987678754859 ""
299.83236151272 31.16850258164 0.0298 0.0397 7.0389 "" "" 2030916899891172608 2525.10278 0.3791 0.0466 -2.37 -5.2 0.041 0.05 0.959 8911.9 4.2719 16.742579 1.509788 17.427893 15.918105 "" "" 2271.68066 2869.19287 3783.68575 1.8624 1459.7 5.844 3403.4 6.129 "" "" 0.002806669472901053 0.0051652514 0.0042551975 0.009420449 299.83236151272 31.16850258164 2525.10278 -2.37 -5.200000000000001 -0.19748842239379893 0.8224184989929197 0.08350492 0.09250492 "" "" 10.12334264048585 "" 0.9317213850110574 ""
299.70000656309 30.8394110507 0.033 0.0423 15.1228 "" "" 2030481252784491520 1860.01819 0.5211 0.0499 -4.291 -8.29 0.045 0.054 0.93 5597.2 4.4328 16.744883 1.630602 17.515888 15.885286 "" "" 1722.83704 2049.90161 3775.67017 2.0171 1346.1 6.4069 3507.9 10.234 "" "" 0.0028157122388460694 0.0058728084 0.004931233 0.010804041 299.70000656309 30.8394110507 1860.01819 -4.291 -8.29 -2.118488422393799 -2.2675815010070792 0.08750492 0.09650493 "" "" 27.359417800999392 "" 2.528546933007597 ""
299.58121766519 31.16138976113 0.0305 0.0376 8.7755 "" "" 2030552755404903424 1842.92627 0.5386 0.0443 -2.404 -7.926 0.041 0.048 1.011 4641.7 4.2761 16.745384 1.348293 17.349117 16.000824 "" "" 1675.14221 2028.7782 3773.92624 2.0263 1569.5 8.1859 3153.8 5.8177 "" "" 0.0028163141401533398 0.006312851 0.004277266 0.010590117 299.58121766519 31.16138976113 1842.92627 -2.4039999999999986 -7.925999999999995 -0.23148842239379874 -1.9035815010070802 0.08350492 0.09050492 "" "" 16.75118305001847 "" 1.5144209351994926 ""
299.84859137717 31.14189942311 0.0303 0.0387 6.82 "" "" 2030913876234159232 2244.22021 0.4505 0.0462 -2.526 -3.527 0.042 0.051 1.077 "" "" 16.746176 1.655403 17.532427 15.877024 "" "" 2034.21021 2464.55713 3771.17162 1.8378 1325.7 7.2023 3534.7 6.9021 "" "" 0.0028056634115046176 0.006525239 0.0043334146 0.010858653 299.84859137717 31.14189942311 2244.22021 -2.526 -3.527 -0.35348842239379863 2.49541849899292 0.08450492 0.09350492 "" "" 26.81028092365599 "" 2.502370978833265 ""
299.9395767594 30.83995391374 0.0328 0.0402 18.4685 "" "" 2030484654399015296 1934.66895 0.5005 0.0495 -2.613 -11.227 0.043 0.05 0.992 4932.0 4.3573 16.74656 1.520886 17.451488 15.930602 "" "" 1790.91211 2113.01245 3769.84077 1.9781 1428.3 7.0985 3364.5 8.1797 "" "" 0.0028136013259498936 0.0060746847 0.0046099145 0.010684599 299.9395767594 30.83995391374 1934.66895 -2.613 -11.226999999999993 -0.4404884223937988 -5.20458150100708 0.08550492 0.09250492 "" "" 47.89836697375081 "" 4.42853956177847 ""
300.02312010953 31.23208133589 0.032 0.0389 17.2751 "" "" 2030915525501447040 2404.03711 0.402 0.0489 -1.591 -1.516 0.045 0.049 0.985 6954.2 4.1943 16.748722 1.730296 17.56648 15.836184 "" "" 2120.37109 2671.66284 3762.33836 1.9338 1284.8 6.4729 3670.2 5.709 "" "" 0.0028112659428935574 0.0061405203 0.0041395635 0.010280084 300.02312010953 31.23208133589 2404.03711 -1.591 -1.5160000000000002 0.5815115776062012 4.50641849899292 0.08750492 0.09150492 "" "" 51.77702410415231 "" 4.734533076454941 ""
299.62436052544 30.91502639476 0.0357 0.0476 11.8361 "" "" 2030529562580024192 1948.9657 0.504 0.0549 -2.886 -4.366 0.048 0.058 1.132 5360.6 4.6045 16.749283 1.436771 17.361452 15.924681 "" "" 1737.09814 2124.53271 3760.3938 3.1693 1551.8 8.3498 3382.9 7.1238 "" "" 0.0029032985595332504 0.0064741406 0.0044171507 0.010891291 299.62436052544 30.91502639476 1948.9657 -2.886 -4.366 -0.713488422393799 1.6564184989929203 0.09050492 0.10050492 "" "" 16.661358740898073 "" 1.649584408575212 ""
299.55706802601 30.98654288297 0.038 0.0469 10.8638 "" "" 2030533685748714368 2702.10669 0.3902 0.0579 0.099 -3.702 0.053 0.061 1.262 "" "" 16.750849 1.87382 17.642996 15.769176 "" "" 2277.56812 3075.21997 3754.97492 2.9283 1197.3 5.4291 3903.8 11.91 "" "" 0.0028824817511832173 0.0056588985 0.005025536 0.010684434 299.55706802601 30.98654288297 2702.10669 0.09900000000000009 -3.702 2.2715115776062014 2.32041849899292 0.095504925 0.103504926 "" "" 41.589694828570266 "" 4.145260735520129 ""
299.91603387264 31.06835955714 0.032 0.0399 9.6277 "" "" 2030865527752565504 2478.64673 0.383 0.0481 -6.169 -8.467 0.045 0.053 0.994 6454.6 4.0136 16.753225 1.78056 17.60395 15.82339 "" "" 2225.66162 2699.53833 3746.76562 2.1436 1241.2 4.3585 3713.7 7.2807 "" "" 0.0028244722389434273 0.0047244956 0.004337579 0.009062074 299.91603387264 31.06835955714 2478.64673 -6.168999999999999 -8.467 -3.9964884223937984 -2.4445815010070806 0.08750492 0.095504925 "" "" 55.0413966878608 "" 4.940176582998261 ""
299.46155026592 31.14559184856 0.0322 0.0379 14.2058 "" "" 2030556118314690048 1867.3158 0.5179 0.0468 -1.488 -4.571 0.044 0.048 1.009 4920.2 4.3425 16.75526 1.435515 17.409916 15.974401 "" "" 1700.78064 2058.37744 3739.74828 2.0041 1484.1 5.6879 3231.5 7.2909 "" "" 0.002816083036653017 0.0050100093 0.0045038247 0.0095138345 299.46155026592 31.14559184856 1867.3158 -1.4879999999999995 -4.571 0.6845115776062012 1.4514184989929202 0.08650492 0.09050492 "" "" 14.203625537419159 "" 1.275348917483268 ""
299.54273954216 31.18936753047 0.0591 0.0737 11.3293 "" "" 2030553786198352256 2247.16895 0.4656 0.0895 -2.045 -3.365 0.08 0.097 1.838 "" "" 16.756214 1.607219 16.937717 15.330499 "" "" 1899.91187 2741.85449 3736.46533 3.4094 2292.6 11.581 5847.3 15.035 "" "" 0.002928015021434229 0.0061534937 0.0046986644 0.010852158 299.54273954216 31.18936753047 2247.16895 -2.045 -3.3649999999999998 0.12751157760620124 2.6574184989929197 0.12250492 0.13950492 "" "" 28.338274610443964 "" 3.952289516348697 ""
299.86528668777 31.37381642435 0.0333 0.042 18.3754 "" "" 2030932808450894208 2216.09302 0.4348 0.0523 -3.317 -5.548 0.048 0.056 1.001 "" "" 16.757858 1.638126 17.532541 15.894415 "" "" 1968.70203 2457.39185 3730.81137 2.1392 1325.6 7.0318 3478.5 6.902 "" "" 0.0028247751469741046 0.00639968 0.0043502594 0.01074994 299.86528668777 31.37381642435 2216.09302 -3.317 -5.547999999999999 -1.144488422393799 0.4744184989929199 0.09050492 0.09850492 "" "" 13.013980222053819 "" 1.1936639153392565 ""
299.46015238086 31.15715736644 0.035 0.0393 14.4524 "" "" 2030556225738575232 1872.82178 0.5149 0.0498 -1.732 -6.514 0.047 0.052 1.039 6678.0 4.3569 16.75827 1.455052 17.421005 15.965953 "" "" 1700.02551 2086.01587 3729.39801 1.9613 1469.0 6.7891 3256.7 7.4869 "" "" 0.0028138622282494817 0.0057413867 0.0045292224 0.010270609 299.46015238086 31.15715736644 1872.82178 -1.732000000000001 -6.514 0.4405115776062012 -0.4915815010070803 0.08950492 0.09450492 "" "" 5.859627108275348 "" 0.5409110216682625 ""
299.62664210777 31.0933271105 0.0652 0.077 5.335 "" "" 2030540557681334144 2050.20947 0.5139 0.0964 -2.308 -6.085 0.088 0.101 2.477 8165.9 4.2794 16.758501 1.532418 17.401491 15.869073 "" "" 1673.6604 2648.45142 3728.60674 4.5679 1495.6 7.7842 3560.6 10.351 "" "" 0.0030595811795943624 0.0063022603 0.004924042 0.011226302 299.62664210777 31.0933271105 2050.20947 -2.307999999999999 -6.085 -0.13548842239379866 -0.06258150100708004 0.13050492 0.14350492 "" "" 1.450345141597885 "" 0.19272613200365557 ""
299.9198539632 31.23447664708 0.0316 0.038 13.0247 "" "" 2030916109617142528 2447.22241 0.389 0.0469 -2.332 -6.226 0.042 0.047 0.984 7788.6 3.9715 16.759375 1.915541 17.71544 15.7999 "" "" 2211.03516 2761.71533 3725.60792 1.8621 1120.1 4.8693 3794.9 7.609 "" "" 0.002808250780293222 0.00548294 0.0043615256 0.009844465 299.9198539632 31.23447664708 2447.22241 -2.332 -6.225999999999998 -0.15948842239379868 -0.20358150100708006 0.08450492 0.08950492 "" "" 2.999897097814543 "" 0.2629018045481866 ""
299.71952651269 30.85230592031 0.0325 0.0411 14.279 "" "" 2030481214083774336 2271.57788 0.4076 0.0488 -4.768 -9.295 0.044 0.053 0.964 7078.8 4.2501 16.764395 1.991263 17.769674 15.778411 "" "" 2072.45825 2530.85962 3708.41906 2.031 1065.5 6.5029 3870.7 8.3108 "" "" 0.002818753617536368 0.0071898736 0.004440515 0.011630388 299.71952651269 30.85230592031 2271.57788 -4.768000000000002 -9.294999999999996 -2.5954884223937986 -3.27258150100708 0.08650492 0.095504925 "" "" 44.973662969033235 "" 4.143603752955189 ""
299.56337281369 31.06688188017 0.032 0.0376 8.6958 "" "" 2030540076660514944 2213.80151 0.4353 0.0461 -3.085 -3.586 0.042 0.048 0.978 5105.8 4.2615 16.764568 1.660406 17.54198 15.881575 "" "" 2005.33948 2415.60767 3707.82558 1.9459 1314.1 5.7416 3519.9 7.3724 "" "" 0.0028136215099312653 0.005503539 0.0044107935 0.009914333 299.56337281369 31.06688188017 2213.80151 -3.085 -3.5860000000000007 -0.9124884223937988 2.43641849899292 0.08450492 0.09050492 "" "" 27.300582078231688 "" 2.45127785126916 ""
