Clusters/UBC_134/UBC_134_members.tsv
# %ECSV 1.0
# ---
# datatype:
# - name: RA_ICRS_1
#   unit: deg
#   datatype: float64
#   format: '{:15.11f}'
#   description: Right ascension (ICRS) at Ep=2016.0 (ra)
#   meta: !!omap
#   - {ucd: POS_EQ_RA_MAIN}
#   - {width: 15}
#   - {precision: '11'}
# - name: DE_ICRS_1
#   unit: deg
#   datatype: float64
#   format: '{:15.11f}'
#   description: Declination (ICRS) at Ep=2016.0 (dec)
#   meta: !!omap
#   - {ucd: POS_EQ_DEC_MAIN}
#   - {width: 15}
#   - {precision: '11'}
# - name: e_RA_ICRS
#   unit: mas
#   datatype: float64
#   format: '{:7.4f}'
#   description: Standard error of right ascension (ra_error)
#   meta: !!omap
#   - {ucd: ERROR}
#   - {width: 7}
#   - {precision: '4'}
# - name: e_DE_ICRS
#   unit: mas
#   datatype: float64
#   format: '{:7.4f}'
#   description: Standard error of declination (dec_error)
#   meta: !!omap
#   - {ucd: ERROR}
#   - {width: 7}
#   - {precision: '4'}
# - name: _r_1
#   unit: ''
#   datatype: float64
#   format: '{:7.4f}'
#   description: Distance from center (299.73040669000+31.09010605000)[ICRS], at Epoch=J2016.0
#   meta: !!omap
#   - {ucd: POS_ANG_DIST_GENERAL}
#   - {width: 7}
#   - {precision: '4'}
# - name: HIP
#   datatype: int32
#   description: '? HIP cross-id number, van Leeuwen, Cat. I/311 (hip_original_ext_source_id)'
#   meta: !!omap
#   - {ucd: ID_NUMBER}
#   - {width: 6}
#   - values: {'null': -2147483648}
# - name: TYC2
#   datatype: string
#   description: Tycho-2 cross-id name, Hog et al., Cat. I/259 (tyc2_original_ext_source_id)
#   meta: !!omap
#   - {ucd: ID_CROSSID}
#   - {_votable_string_dtype: char}
# - name: Source
#   datatype: int64
#   description: Source identifier, identical to the Gaia-EDR3 source_id (id)
#   meta: !!omap
#   - {ucd: ID_MAIN}
#   - {width: 19}
# - name: rgeo
#   unit: pc
#   datatype: float64
#   format: '{:15.8f}'
#   description: '? Median of the geometric distance posterior (r_med_geo)'
#   meta: !!omap
#   - {ucd: PHYS_DISTANCE_TRUE}
#   - {width: 15}
#   - {precision: '8'}
#   - values: {'null': .nan}
# - name: Plx
#   unit: mas
#   datatype: float64
#   format: '{:9.4f}'
#   description: '? Parallax (parallax)'
#   meta: !!omap
#   - {ucd: POS_PARLX_TRIG}
#   - {width: 9}
#   - {precision: '4'}
#   - values: {'null': .nan}
# - name: e_Plx
#   unit: mas
#   datatype: float32
#   format: '{:7.4f}'
#   description: '? Standard error of parallax (parallax_error)'
#   meta: !!omap
#   - {ucd: ERROR}
#   - {width: 7}
#   - {precision: '4'}
#   - values: {'null': .nan}
# - name: pmRA
#   unit: mas / yr
#   datatype: float64
#   format: '{:9.3f}'
#   description: '? Proper motion in right ascension direction, pmRA*cosDE (pmra)'
#   meta: !!omap
#   - {ucd: POS_EQ_PMRA}
#   - {width: 9}
#   - {precision: '3'}
#   - values: {'null': .nan}
# - name: pmDE
#   unit: mas / yr
#   datatype: float64
#   format: '{:9.3f}'
#   description: '? Proper motion in declination direction (pmdec)'
#   meta: !!omap
#   - {ucd: POS_EQ_PMDEC}
#   - {width: 9}
#   - {precision: '3'}
#   - values: {'null': .nan}
# - name: e_pmRA
#   unit: mas / yr
#   datatype: float32
#   format: '{:6.3f}'
#   description: '? Standard error of proper motion in right ascension direction (pmra_error)'
#   meta: !!omap
#   - {ucd: ERROR}
#   - {width: 6}
#   - {precision: '3'}
#   - values: {'null': .nan}
# - name: e_pmDE
[...]
#       distance: !astropy.table.SerializedColumn
#         __class__: astropy.coordinates.distances.Distance
#         unit: !astropy.units.Unit {unit: pc}
#         value: !astropy.table.SerializedColumn {name: SkyCoord.distance}
#       frame: icrs
#       obstime: !astropy.time.Time {format: jyear_str, in_subfmt: '*', jd1: 367701545.0, jd2: 0.0, out_subfmt: '*', precision: 3, scale: tt}
#       pm_dec: !astropy.table.SerializedColumn
#         __class__: astropy.units.quantity.Quantity
#         unit: !astropy.units.Unit {unit: mas / yr}
#         value: !astropy.table.SerializedColumn {name: SkyCoord.pm_dec}
#       pm_ra_cosdec: !astropy.table.SerializedColumn
#         __class__: astropy.units.quantity.Quantity
#         unit: !astropy.units.Unit {unit: mas / yr}
#         value: !astropy.table.SerializedColumn {name: SkyCoord.pm_ra_cosdec}
#       ra: !astropy.table.SerializedColumn
#         __class__: astropy.coordinates.angles.Longitude
#         unit: *id001
#         value: !astropy.table.SerializedColumn {name: SkyCoord.ra}
#         wrap_angle: !astropy.coordinates.Angle
#           unit: *id001
#           value: 360.0
#       representation_type: spherical
# schema: astropy-2.0
RA_ICRS_1 DE_ICRS_1 e_RA_ICRS e_DE_ICRS _r_1 HIP TYC2 Source rgeo Plx e_Plx pmRA pmDE e_pmRA e_pmDE RUWE Teff logg Gmag BP-RP BPmag RPmag RV e_RV b_rgeo B_rgeo FG e_FG FBP e_FBP FRP e_FRP RAVE5 RAVE6 e_Gmag e_BPmag e_RPmag e_BP-RP SkyCoord.ra SkyCoord.dec SkyCoord.distance SkyCoord.pm_ra_cosdec SkyCoord.pm_dec rmRA rmDE e_rmRA e_rmDE rRV e_rRV v_pec v_pec3d e_vpec e_vpec3d Pmemb
299.65546133317 31.05739473988 0.0089 0.0108 4.3227 "" "" 2030539522552493056 2674.38403 0.3328 0.0133 -2.155 -6.058 0.012 0.014 0.892 7208.5 2.4724 11.497443 0.919274 11.866534 10.94726 "" "" 2577.72339 2780.36914 474208.79299 183.32 244800.0 153.95 331330.0 175.82 "" "" 0.0027871057118747074 0.002872501 0.0038230445 0.0066955453 299.65546133317 31.05739473988 2674.38403 -2.155 -6.058 0.017511577606201367 -0.03558150100707991 0.054504924 0.05650492 "" "" 0.5027184878591312 "" 0.028212833764321852 "" 0.89
299.78014823574 31.08341019721 0.0108 0.0136 2.5873 "" "" 2030538251242171264 2356.25342 0.4081 0.0159 -2.239 -6.083 0.016 0.018 1.422 "" "" 12.162778 0.996612 12.565539 11.568928 "" "" 2281.52368 2448.79102 256942.20587 57.112 128590.0 102.56 186890.0 146.44 "" "" 0.002765868921532308 0.0029214595 0.00387395 0.0067954096 299.78014823574 31.08341019721 2356.25342 -2.2390000000000008 -6.083000000000002 -0.06648842239379871 -0.06058150100708026 0.058504924 0.06050492 "" "" 1.004608479259879 "" 0.05969433277026823 "" 0.8
299.64299559002 31.0754294658 0.0071 0.0094 4.5772 "" "" 2030540282818882816 2534.76636 0.3643 0.0111 -2.097 -6.086 0.009 0.013 1.018 "" "" 13.096751 0.880332 13.443916 12.563584 "" "" 2470.97632 2615.69409 108704.22789 63.899 57260.0 119.99 74769.0 143.28 "" "" 0.0028282710182154663 0.0036002146 0.0043142345 0.007914449 299.64299559002 31.0754294658 2534.76636 -2.0970000000000004 -6.085999999999999 0.0755115776062012 -0.06358150100708038 0.05150492 0.05550492 "" "" 1.1860374710544066 "" 0.06309821449675643 "" 0.89
299.69774400062 31.09497119289 0.007 0.0093 1.7034 "" "" 2030541107452557440 2598.90527 0.3559 0.011 -2.243 -6.032 0.009 0.012 0.969 "" "" 13.239266 0.900419 13.597328 12.696909 "" "" 2512.97632 2674.50244 95332.36465 16.038 49715.0 25.401 66129.0 23.842 "" "" 0.002761367894599376 0.0028447816 0.0037995998 0.006644381 299.69774400062 31.09497119289 2598.90527 -2.243 -6.032 -0.07048842239379871 -0.009581501007080107 0.05150492 0.054504924 "" "" 0.8763189346866391 "" 0.0451837940415527 "" 0.97
299.71673205966 31.10594412662 0.0075 0.0094 1.1818 "" "" 2030541141812284032 2546.46851 0.3621 0.0113 -2.193 -5.927 0.01 0.013 0.993 12328.0 3.8027 13.396572 1.039367 13.82329 12.783923 "" "" 2476.12256 2618.8645 82474.13359 14.479 40374.0 21.149 61036.0 20.746 "" "" 0.0027619054078459 0.0028475446 0.0037973565 0.006644901 299.71673205966 31.10594412662 2546.46851 -2.1929999999999974 -5.926999999999999 -0.02048842239379889 0.09541849899292032 0.05250492 0.05550492 "" "" 1.1779773933423612 "" 0.06523182377171756 "" 0.97
299.72349752574 31.08639791801 0.0083 0.0101 0.419 "" "" 2030540901294363520 2536.82593 0.365 0.0122 -2.184 -6.053 0.012 0.014 1.109 "" "" 13.537501 0.998869 13.941806 12.942937 "" "" 2465.57324 2596.66528 72434.60967 22.596 36199.0 32.802 52721.0 53.649 "" "" 0.002776059116399223 0.0029585478 0.0039375643 0.006896112 299.72349752574 31.08639791801 2536.82593 -2.184 -6.053 -0.011488422393798992 -0.030581501007080014 0.054504924 0.05650492 "" "" 0.39282070483661913 "" 0.022100654600846825 "" 0.96
299.76393865793 31.10373227755 0.0078 0.0105 1.9069 "" "" 2030541279251186432 2583.47729 0.3575 0.0121 -2.178 -5.972 0.011 0.014 1.038 11190.9 3.7366 13.603902 1.037668 14.029539 12.991871 "" "" 2505.53516 2665.09497 68137.47505 12.327 33389.0 19.506 50398.0 22.284 "" "" 0.002762312796737 0.0028613587 0.0038097498 0.0066711083 299.76393865793 31.10373227755 2583.47729 -2.178 -5.9719999999999995 -0.005488422393798764 0.0504184989929195 0.05350492 0.05650492 "" "" 0.6210562716901196 "" 0.035071488010672176 "" 0.98
299.70466426968 31.13622810745 0.0083 0.0108 3.067 "" "" 2030542344403159552 2493.63672 0.3711 0.0129 -2.201 -5.935 0.011 0.015 1.011 10892.7 3.6198 13.722355 0.956189 14.107604 13.151415 "" "" 2426.02759 2555.62183 61094.86097 9.9635 31072.0 18.647 43510.0 15.903 "" "" 0.002761003666531117 0.0028652395 0.0038001589 0.0066653984 299.70466426968 31.13622810745 2493.63672 -2.2010000000000005 -5.9350000000000005 -0.028488422393798896 0.08741849899292031 0.05350492 0.057504922 "" "" 1.086755800617015 "" 0.06208967786341462 "" 0.98
299.72798411805 31.09446398108 0.0089 0.0113 0.2896 "" "" 2030540935653834624 2610.90234 0.3505 0.0134 -2.13 -6.028 0.012 0.015 0.946 "" "" 14.006558 1.112917 14.470675 13.357758 "" "" 2526.68066 2694.35132 47024.43022 8.7353 22241.0 23.14 35979.0 16.713 "" "" 0.002762692016297517 0.0030101652 0.0038128851 0.0068230503 299.72798411805 31.09446398108 2610.90234 -2.13 -6.028 0.04251157760620128 -0.005581501007079659 0.054504924 0.057504922 "" "" 0.5306247276155837 "" 0.028949365062405738 "" 0.97
299.68414961397 31.11593641742 0.0101 0.0134 2.8371 "" "" 2030541932086307200 2490.15234 0.373 0.0158 -2.22 -5.994 0.014 0.017 1.03 9607.5 3.5808 14.291456 1.034449 14.715906 13.681458 "" "" 2407.40991 2613.81982 36171.32091 6.8738 17744.0 12.692 26704.0 14.315 "" "" 0.0027630346325502844 0.002896234 0.0038239346 0.0067201685 299.68414961397 31.11593641742 2490.15234 -2.2199999999999998 -5.994 -0.047488422393799024 0.02841849899292015 0.05650492 0.059504922 "" "" 0.6532220513296181 "" 0.037436958835766546 "" 0.97
299.84436066511 31.05892482532 0.0099 0.0125 6.1477 "" "" 2030537293521442432 2533.29736 0.3643 0.0145 -2.116 -6.012 0.014 0.016 0.963 9701.4 3.806 14.293461 1.073879 14.738596 13.664717 "" "" 2441.47803 2616.36328 36104.59626 6.0455 17377.0 14.843 27119.0 19.469 "" "" 0.0027613114028795303 0.002940261 0.003858923 0.006799184 299.84436066511 31.05892482532 2533.29736 -2.1160000000000023 -6.011999999999997 0.05651157760620107 0.010418498992920355 0.05650492 0.058504924 "" "" 0.6900171016615038 "" 0.03903550064325896 "" 0.98
299.87649830363 31.16364952463 0.0102 0.013 8.7048 "" "" 2030914082392573056 2379.8186 0.384 0.0154 -2.182 -6.06 0.014 0.018 1.002 10256.7 3.9485 14.338754 1.084411 14.786893 13.702482 "" "" 2289.37329 2476.3042 34629.41094 6.1531 16621.0 14.396 26192.0 19.604 "" "" 0.002762065681760441 0.002944382 0.0038657621 0.006810144 299.87649830363 31.16364952463 2379.8186 -2.1820000000000004 -6.06 -0.009488422393798768 -0.03758150100707969 0.05650492 0.06050492 "" "" 0.4372349742263608 "" 0.026353333010745453 "" 0.95
299.74226356253 31.07144951614 0.0103 0.014 1.2745 "" "" 2030537911996825984 2581.48291 0.358 0.0156 -2.15 -5.992 0.014 0.017 0.912 10785.3 3.7796 14.381904 1.027856 14.801024 13.773169 "" "" 2477.95557 2708.98926 33280.14229 7.9784 16406.0 16.967 24541.0 20.227 "" "" 0.002767587305584852 0.003007635 0.003883881 0.006891516 299.74226356253 31.07144951614 2581.48291 -2.1499999999999995 -5.992000000000001 0.02251157760620126 0.03041849899291993 0.05650492 0.059504922 "" "" 0.4630497221951594 "" 0.02707030105385131 "" 0.98
299.71317081517 31.08122109305 0.0107 0.0131 1.0337 "" "" 2030540901294100992 2309.31934 0.4056 0.0157 -2.153 -6.039 0.015 0.018 0.969 9954.2 3.775 14.447111 1.034903 14.872748 13.837845 "" "" 2222.61841 2383.70581 31340.22912 5.9785 15357.0 12.994 23122.0 15.852 "" "" 0.0027630936617483014 0.0029375171 0.0038519863 0.0067895036 299.71317081517 31.08122109305 2309.31934 -2.1530000000000005 -6.039 0.019511577606201147 -0.01658150100707978 0.057504922 0.06050492 "" "" 0.2802835764732224 "" 0.016475521670871754 "" 0.97
299.80495716056 31.05061759614 0.0118 0.0142 4.5047 "" "" 2030537946356498688 2521.17163 0.3729 0.017 -2.22 -6.004 0.017 0.019 0.948 7198.1 3.3505 14.574973 0.962355 14.961504 13.999149 "" "" 2432.34155 2628.2666 27858.48246 5.5358 14152.0 15.136 19930.0 16.831 "" "" 0.002763754096396635 0.003022168 0.0038890168 0.0069111846 299.80495716056 31.05061759614 2521.17163 -2.22 -6.004 -0.047488422393799024 0.018418498992920362 0.059504922 0.061504923 "" "" 0.6086932677325286 "" 0.03638174559449946 "" 0.98
299.71164037142 31.11974790703 0.0117 0.015 2.023 "" "" 2030541210531774848 2541.7771 0.3664 0.0175 -2.108 -6.015 0.016 0.02 1.05 10218.5 3.8799 14.579044 1.025599 14.999947 13.974347 "" "" 2439.9292 2658.29102 27754.211 5.9199 13660.0 12.651 20390.0 13.098 "" "" 0.002765035416483605 0.0029658312 0.0038431967 0.006809028 299.71164037142 31.11974790703 2541.7771 -2.108 -6.015 0.06451157760620108 0.007418498992920242 0.058504924 0.06250492 "" "" 0.7823591411884254 "" 0.04581408190309255 "" 0.98
299.58744518156 31.27723447771 0.0147 0.0169 13.4131 "" "" 2030558871438394624 2585.3667 0.3519 0.0208 -2.274 -5.97 0.02 0.022 1.169 "" "" 14.658716 1.686109 15.452525 13.766416 "" "" 2437.80981 2733.39282 25790.54108 6.1533 9003.4 11.365 24694.0 22.308 "" "" 0.002767470451269353 0.0031085992 0.003904581 0.0070131803 299.58744518156 31.27723447771 2585.3667 -2.2739999999999996 -5.969999999999999 -0.10148842239379885 0.05241849899292017 0.06250492 0.06450492 "" "" 1.3997993625289942 "" 0.08809130918336477 "" 0.96
299.88665273188 31.03612317733 0.0119 0.0142 8.659 "" "" 2030865394648500608 2412.54272 0.3831 0.0174 -2.195 -5.971 0.017 0.019 0.959 "" "" 14.663814 1.101468 15.122819 14.021351 "" "" 2311.94678 2513.9751 25669.73598 4.6845 12198.0 16.207 19526.0 14.154 "" "" 0.0027624351173307377 0.0031410302 0.0038604585 0.0070014885 299.88665273188 31.03612317733 2412.54272 -2.195 -5.971 -0.022488422393798668 0.05141849899291984 0.059504922 0.061504923 "" "" 0.6417715294743312 "" 0.039268837657118215 "" 0.98
299.75271882038 31.11281606558 0.0124 0.0159 1.7806 "" "" 2030541347970681088 2371.4187 0.3952 0.0187 -2.079 -5.952 0.017 0.022 1.043 "" "" 14.799337 1.18956 15.3065 14.116941 "" "" 2272.67749 2471.32153 22657.48022 5.2494 10300.0 9.0072 17881.0 12.225 "" "" 0.002766779036091128 0.002947291 0.0038515893 0.00679888 299.75271882038 31.11281606558 2371.4187 -2.0789999999999997 -5.952 0.09351157760620099 0.07041849899291996 0.059504922 0.06450492 "" "" 1.3158223699675682 "" 0.0807406098825582 "" 0.96
299.74134588022 31.0922183051 0.0123 0.0161 0.5762 "" "" 2030540862590694400 2410.99365 0.3857 0.0187 -2.21 -5.932 0.016 0.021 1.018 9568.0 3.5839 14.843339 1.26067 15.3822 14.121531 "" "" 2340.03564 2512.50269 21757.60914 5.3043 9605.9 9.549 17805.0 13.557 "" "" 0.0027680049452955893 0.0029916463 0.0038687405 0.0068603866 299.74134588022 31.0922183051 2410.99365 -2.2099999999999964 -5.932 -0.03748842239379879 0.09041849899291954 0.058504924 0.06350492 "" "" 1.1186063029330897 "" 0.07024446087600697 "" 0.95
299.72268090483 31.07807161359 0.0128 0.0166 0.824 "" "" 2030540901294088576 2712.55835 0.3472 0.019 -2.206 -5.983 0.017 0.022 0.927 9234.5 3.8247 14.945841 1.131868 15.414159 14.28229 "" "" 2566.64526 2876.91064 19797.49675 4.1376 9327.2 15.509 15355.0 16.862 "" "" 0.0027646481985509988 0.0033232917 0.0039629904 0.0072862823 299.72268090483 31.07807161359 2712.55835 -2.2059999999999986 -5.982999999999999 -0.03348842239379879 0.03941849899292027 0.059504922 0.06450492 "" "" 0.6650328014499114 "" 0.04153640811648826 "" 0.96
299.72053342086 31.13944842962 0.0132 0.0176 3.0037 "" "" 2030541618505084032 2500.30542 0.3702 0.0201 -2.189 -5.996 0.018 0.023 0.972 "" "" 14.959515 1.109795 15.420493 14.310699 "" "" 2374.14111 2631.09106 19549.74111 5.2834 9273.0 11.911 14958.0 14.264 "" "" 0.0027709001266039666 0.0031192917 0.003918635 0.007037927 299.72053342086 31.13944842962 2500.30542 -2.189 -5.996 -0.016488422393798885 0.02641849899291948 0.06050492 0.06550492 "" "" 0.3690741682682387 "" 0.023673372102923897 "" 0.97
299.8227713977 31.23600415686 0.0139 0.0168 9.9558 "" "" 2030917758884694912 2693.61963 0.3431 0.02 -2.177 -5.991 0.018 0.023 0.992 9776.2 3.7816 14.961895 1.284807 15.51569 14.230883 "" "" 2564.82983 2832.90845 19506.91676 4.7361 8494.6 10.739 16099.0 9.4157 "" "" 0.002767901358372829 0.003109516 0.003832357 0.006941873 299.8227713977 31.23600415686 2693.61963 -2.1769999999999996 -5.991000000000005 -0.004488422393798874 0.03141849899292026 0.06050492 0.06550492 "" "" 0.4052165098922993 "" 0.026504671535815035 "" 0.94
299.73824716441 31.07703342538 0.0135 0.0168 0.8818 "" "" 2030540866934622848 2447.79419 0.3793 0.0195 -2.154 -6.069 0.019 0.022 0.93 9562.7 3.7807 14.973903 1.130315 15.446791 14.316476 "" "" 2351.8999 2566.43042 19292.3717 4.2113 9051.1 11.324 14879.0 10.616 "" "" 0.002765494546304166 0.0031032655 0.0038579563 0.006961222 299.73824716441 31.07703342538 2447.79419 -2.154000000000001 -6.069000000000002 0.018511577606201257 -0.04658150100708003 0.061504923 0.06450492 "" "" 0.5815774388396956 "" 0.03728145446318807 "" 0.94
299.67330108584 31.07104178696 0.0157 0.0198 3.1495 "" "" 2030539492544862464 2723.4873 0.3504 0.0231 -2.157 -5.978 0.021 0.025 1.235 9250.9 3.5309 15.020014 0.977615 15.399291 14.421676 "" "" 2497.29541 2893.68823 18490.17839 6.4047 9455.8 14.888 13505.0 15.833 "" "" 0.0027808679759015217 0.0032722084 0.003987981 0.0072601894 299.67330108584 31.07104178696 2723.4873 -2.157 -5.978 0.015511577606201143 0.04441849899292016 0.06350492 0.06750492 "" "" 0.6073715643080454 "" 0.040743513347452236 "" 0.96
299.6946895406 31.06584535178 0.014 0.019 2.3426 "" "" 2030540763855156864 2648.75269 0.3522 0.0211 -2.187 -6.039 0.019 0.024 1.063 8273.5 3.5643 15.123035 1.163737 15.612069 14.448332 "" "" 2496.51392 2855.4187 16816.3843 3.8771 7773.0 9.4137 13177.0 13.528 "" "" 0.0027666677437755446 0.0030844833 0.0039403285 0.0070248116 299.6946895406 31.06584535178 2648.75269 -2.187 -6.039 -0.014488422393798661 -0.01658150100707978 0.061504923 0.066504925 "" "" 0.2764573758949839 "" 0.017800513941178833 "" 0.97
299.68908558325 31.13546048255 0.0143 0.0188 3.4512 "" "" 2030542035165532032 2631.32593 0.3479 0.0213 -2.192 -6.086 0.019 0.025 0.979 7189.0 3.6934 15.130724 1.059172 15.569156 14.509984 "" "" 2500.61987 2774.49487 16697.72268 3.7622 8086.4 8.8022 12450.0 9.7144 "" "" 0.0027661585339445755 0.0030301493 0.0038731673 0.006903317 299.68908558325 31.13546048255 2631.32593 -2.192 -6.086 -0.019488422393799 -0.06358150100708038 0.061504923 0.06750492 "" "" 0.8294348641793937 "" 0.05558103399094218 "" 0.97
299.68340161677 31.16612893733 0.0144 0.0198 5.1609 "" "" 2030542619281116032 2500.96289 0.373 0.0227 -2.17 -6.03 0.02 0.027 1.024 9234.0 3.7709 15.163669 1.210488 15.681686 14.471198 "" "" 2360.44043 2646.85474 16198.66587 4.6225 7290.3 11.29 12903.0 14.858 "" "" 0.0027726852288309694 0.003257634 0.003980808 0.007238442 299.68340161677 31.16612893733 2500.96289 -2.1700000000000004 -6.029999999999999 0.002511577606201243 -0.007581501007080327 0.06250492 0.069504924 "" "" 0.09467870066288062 "" 0.006518098506314825 "" 0.95
299.69586204241 31.13041152045 0.0151 0.0198 2.9996 "" "" 2030541966446042240 2735.40503 0.346 0.0228 -2.196 -5.977 0.02 0.025 0.96 "" "" 15.321949 1.091386 15.77881 14.687424 "" "" 2575.99951 2923.20386 14001.26273 3.3311 6666.4 8.8426 10573.0 8.4669 "" "" 0.0027674021297775238 0.0031399252 0.003878104 0.007018029 299.69586204241 31.13041152045 2735.40503 -2.1959999999999993 -5.977 -0.023488422393799002 0.04541849899291961 0.06250492 0.06750492 "" "" 0.6629764922964801 "" 0.04407544627697951 "" 0.92
299.78664996564 30.95681005659 0.0175 0.0233 8.5045 "" "" 2030534819620273024 2503.04858 0.3763 0.0269 -2.201 -6.007 0.024 0.029 1.059 9376.5 4.1542 15.537594 1.109562 16.004313 14.894751 "" "" 2347.69165 2679.92651 11479.13751 3.9662 5416.2 10.316 8734.9 12.35 "" "" 0.0027807403713988824 0.0034729645 0.0040792427 0.0075522074 299.78664996564 30.95681005659 2503.04858 -2.2010000000000014 -6.007 -0.028488422393798896 0.015418498992920249 0.066504925 0.07150492 "" "" 0.3843276781067912 "" 0.026007485367065982 "" 0.96
299.76140118321 31.20023683169 0.017 0.0226 6.7968 "" "" 2030917861963947008 2650.72192 0.3628 0.0263 -2.114 -6.234 0.023 0.031 0.95 9240.7 3.7168 15.552434 1.243539 16.088818 14.845279 "" "" 2490.62231 2824.31958 11323.2998 3.1808 5010.6 9.6409 9142.1 10.183 "" "" 0.002772148839096664 0.0034855765 0.003968157 0.007453733 299.76140118321 31.20023683169 2650.72192 -2.1140000000000008 -6.234 0.05851157760620129 -0.21158150100708006 0.06550492 0.073504925 "" "" 2.7581792670784346 "" 0.20125200338726346 "" 0.94
