Clusters/UBC_134/UBC_134_stars_in_region.tsv
# %ECSV 1.0
# ---
# datatype:
# - name: RA_ICRS_1
#   unit: deg
#   datatype: float64
#   format: '{:15.11f}'
#   description: Right ascension (ICRS) at Ep=2016.0 (ra)
#   meta: !!omap
#   - {ucd: POS_EQ_RA_MAIN}
#   - {width: 15}
#   - {precision: '11'}
# - name: DE_ICRS_1
#   unit: deg
#   datatype: float64
#   format: '{:15.11f}'
#   description: Declination (ICRS) at Ep=2016.0 (dec)
#   meta: !!omap
#   - {ucd: POS_EQ_DEC_MAIN}
#   - {width: 15}
#   - {precision: '11'}
# - name: e_RA_ICRS
#   unit: mas
#   datatype: float64
#   format: '{:7.4f}'
#   description: Standard error of right ascension (ra_error)
#   meta: !!omap
#   - {ucd: ERROR}
#   - {width: 7}
#   - {precision: '4'}
# - name: e_DE_ICRS
#   unit: mas
#   datatype: float64
#   format: '{:7.4f}'
#   description: Standard error of declination (dec_error)
#   meta: !!omap
#   - {ucd: ERROR}
#   - {width: 7}
#   - {precision: '4'}
# - name: _r_1
#   unit: ''
#   datatype: float64
#   format: '{:7.4f}'
#   description: Distance from center (299.73040669000+31.09010605000)[ICRS], at Epoch=J2016.0
#   meta: !!omap
#   - {ucd: POS_ANG_DIST_GENERAL}
#   - {width: 7}
#   - {precision: '4'}
# - name: HIP
#   datatype: int32
#   description: '? HIP cross-id number, van Leeuwen, Cat. I/311 (hip_original_ext_source_id)'
#   meta: !!omap
#   - {ucd: ID_NUMBER}
#   - {width: 6}
#   - values: {'null': -2147483648}
# - name: TYC2
#   datatype: string
#   description: Tycho-2 cross-id name, Hog et al., Cat. I/259 (tyc2_original_ext_source_id)
#   meta: !!omap
#   - {ucd: ID_CROSSID}
#   - {_votable_string_dtype: char}
# - name: Source
#   datatype: int64
#   description: Source identifier, identical to the Gaia-EDR3 source_id (id)
#   meta: !!omap
#   - {ucd: ID_MAIN}
#   - {width: 19}
# - name: rgeo
#   unit: pc
#   datatype: float64
#   format: '{:15.8f}'
#   description: '? Median of the geometric distance posterior (r_med_geo)'
#   meta: !!omap
#   - {ucd: PHYS_DISTANCE_TRUE}
#   - {width: 15}
#   - {precision: '8'}
#   - values: {'null': .nan}
# - name: Plx
#   unit: mas
#   datatype: float64
#   format: '{:9.4f}'
#   description: '? Parallax (parallax)'
#   meta: !!omap
#   - {ucd: POS_PARLX_TRIG}
#   - {width: 9}
#   - {precision: '4'}
#   - values: {'null': .nan}
# - name: e_Plx
#   unit: mas
#   datatype: float32
#   format: '{:7.4f}'
#   description: '? Standard error of parallax (parallax_error)'
#   meta: !!omap
#   - {ucd: ERROR}
#   - {width: 7}
#   - {precision: '4'}
#   - values: {'null': .nan}
# - name: pmRA
#   unit: mas / yr
#   datatype: float64
#   format: '{:9.3f}'
#   description: '? Proper motion in right ascension direction, pmRA*cosDE (pmra)'
#   meta: !!omap
#   - {ucd: POS_EQ_PMRA}
#   - {width: 9}
#   - {precision: '3'}
#   - values: {'null': .nan}
# - name: pmDE
#   unit: mas / yr
#   datatype: float64
#   format: '{:9.3f}'
#   description: '? Proper motion in declination direction (pmdec)'
#   meta: !!omap
#   - {ucd: POS_EQ_PMDEC}
#   - {width: 9}
#   - {precision: '3'}
#   - values: {'null': .nan}
# - name: e_pmRA
#   unit: mas / yr
#   datatype: float32
#   format: '{:6.3f}'
#   description: '? Standard error of proper motion in right ascension direction (pmra_error)'
#   meta: !!omap
#   - {ucd: ERROR}
#   - {width: 6}
#   - {precision: '3'}
#   - values: {'null': .nan}
# - name: e_pmDE
[...]
#         value: !astropy.table.SerializedColumn {name: SkyCoord.dec}
#       distance: !astropy.table.SerializedColumn
#         __class__: astropy.coordinates.distances.Distance
#         unit: !astropy.units.Unit {unit: pc}
#         value: !astropy.table.SerializedColumn {name: SkyCoord.distance}
#       frame: icrs
#       obstime: !astropy.time.Time {format: jyear_str, in_subfmt: '*', jd1: 367701545.0, jd2: 0.0, out_subfmt: '*', precision: 3, scale: tt}
#       pm_dec: !astropy.table.SerializedColumn
#         __class__: astropy.units.quantity.Quantity
#         unit: !astropy.units.Unit {unit: mas / yr}
#         value: !astropy.table.SerializedColumn {name: SkyCoord.pm_dec}
#       pm_ra_cosdec: !astropy.table.SerializedColumn
#         __class__: astropy.units.quantity.Quantity
#         unit: !astropy.units.Unit {unit: mas / yr}
#         value: !astropy.table.SerializedColumn {name: SkyCoord.pm_ra_cosdec}
#       ra: !astropy.table.SerializedColumn
#         __class__: astropy.coordinates.angles.Longitude
#         unit: *id001
#         value: !astropy.table.SerializedColumn {name: SkyCoord.ra}
#         wrap_angle: !astropy.coordinates.Angle
#           unit: *id001
#           value: 360.0
#       representation_type: spherical
# schema: astropy-2.0
RA_ICRS_1 DE_ICRS_1 e_RA_ICRS e_DE_ICRS _r_1 HIP TYC2 Source rgeo Plx e_Plx pmRA pmDE e_pmRA e_pmDE RUWE Teff logg Gmag BP-RP BPmag RPmag RV e_RV b_rgeo B_rgeo FG e_FG FBP e_FBP FRP e_FRP RAVE5 RAVE6 e_Gmag e_BPmag e_RPmag e_BP-RP SkyCoord.ra SkyCoord.dec SkyCoord.distance SkyCoord.pm_ra_cosdec SkyCoord.pm_dec rmRA rmDE e_rmRA e_rmDE rRV e_rRV v_pec v_pec3d e_vpec e_vpec3d
[from data line 731]
299.81379887927 30.95378679492 0.0262 0.0345 9.235 "" "" 2030489361683051008 1924.33472 0.5028 0.0398 -3.47 -5.819 0.036 0.046 1.01 6696.8 4.2863 16.501345 1.603406 17.255182 15.651776 "" "" 1785.2854 2128.17554 4725.08076 2.0229 1711.4 6.61 4349.6 11.132 "" "" 0.0027942533368309303 0.0050368938 0.004690963 0.009727856 299.81379887927 30.95378679492 1924.33472 -3.470000000000003 -5.819000000000004 -1.297488422393799 0.20341849899291997 0.07850492 0.088504925 "" "" 11.97940616796501 "" 0.9434942548015279 ""
299.83094451508 30.948273207 0.0275 0.0357 9.9571 "" "" 2030489322982579968 2559.16162 0.3667 0.0408 -5.357 -7.342 0.038 0.047 0.97 "" "" 16.502258 1.764131 17.289045 15.524915 "" "" 2346.57837 2785.57446 4721.10617 2.5925 1658.8 9.8582 4888.7 27.465 "" "" 0.002819087764871889 0.0070299204 0.007175682 0.014205603 299.83094451508 30.948273207 2559.16162 -5.357 -7.342 -3.184488422393799 -1.3195815010070797 0.080504924 0.08950492 "" "" 41.81437550433633 "" 3.4240001380540477 ""
300.0179507783 30.88751339287 0.0272 0.0328 19.1443 "" "" 2030484516959816192 1864.92212 0.5267 0.042 -2.197 1.479 0.036 0.042 1.036 5480.9 3.8639 16.502409 1.712512 17.317907 15.605395 "" "" 1719.70776 2064.86865 4720.44525 2.3208 1615.3 6.1962 4539.4 6.8166 "" "" 0.002806551710244644 0.0050130626 0.004116057 0.00912912 300.0179507783 30.88751339287 1864.92212 -2.1969999999999996 1.479 -0.024488422393798892 7.50141849899292 0.07850492 0.08450492 "" "" 66.31087384985945 "" 5.603590818905773 ""
299.39818089651 31.01495742359 0.0385 0.0487 17.6622 "" "" 2030546188349857920 1923.56128 0.5174 0.0586 0.647 -5.163 0.051 0.061 1.498 5591.6 4.5619 16.504599 1.402349 17.112309 15.709959 "" "" 1765.52637 2089.63281 4710.93405 5.1221 1952.1 6.6991 4122.6 9.1637 "" "" 0.0029975599159536128 0.004654875 0.0044842036 0.009139079 299.39818089651 31.01495742359 1923.56128 0.647 -5.163 2.8195115776062014 0.8594184989929197 0.09350492 0.103504926 "" "" 26.87512017774904 "" 2.536910439603749 ""
299.66693280619 31.35014599202 0.029 0.0356 15.9387 "" "" 2030934865700806272 2715.02051 0.359 0.0442 -3.533 -4.735 0.039 0.045 1.021 "" "" 16.506767 1.98208 17.50035 15.51827 "" "" 2410.51709 2993.94263 4701.54026 2.5377 1365.5 6.5829 4918.7 7.9536 "" "" 0.002816953636828612 0.005931428 0.004167257 0.010098685 299.66693280619 31.35014599202 2715.02051 -3.533 -4.735 -1.3604884223937987 1.2874184989929196 0.081504926 0.08750492 "" "" 24.104851971743198 "" 2.0342724652942876 ""
299.92848698115 31.15664448726 0.0264 0.0341 10.9293 "" "" 2030913395197730944 2021.78577 0.4682 0.0408 -1.191 -3.594 0.037 0.043 0.977 6670.0 4.3563 16.512766 1.408085 17.14928 15.741196 "" "" 1876.98926 2242.59058 4675.63172 2.0671 1886.7 5.243 4005.7 7.9725 "" "" 0.0027968185333194233 0.0041095535 0.0043535433 0.008463097 299.92848698115 31.15664448726 2021.78577 -1.1910000000000007 -3.5939999999999994 0.9815115776062011 2.42841849899292 0.07950492 0.08550492 "" "" 25.101168405679463 "" 2.125769164073521 ""
299.67735491311 31.19599787058 0.029 0.0353 6.913 "" "" 2030554473391766528 2242.04541 0.4276 0.0432 -2.221 -5.987 0.04 0.049 1.029 9252.8 4.3101 16.514841 1.451549 17.165186 15.713637 "" "" 2035.83606 2503.30518 4666.70773 2.3181 1859.3 9.4131 4108.7 11.129 "" "" 0.0028076065576963837 0.006164375 0.004788784 0.010953159 299.67735491311 31.19599787058 2242.04541 -2.221 -5.987 -0.04848842239379891 0.03541849899291982 0.08250492 0.09150492 "" "" 0.6381332125332341 "" 0.054715745574449796 ""
299.92288179054 30.91563803419 0.0507 0.0534 14.4071 "" "" 2030488463991244672 2337.13843 0.3715 0.0688 -3.506 -6.688 0.074 0.082 0.978 "" "" 16.515167 1.687062 16.897158 15.210095 "" "" 2061.1333 2716.91333 4665.30383 26.277 2379.9 138.22 6533.1 64.595 "" "" 0.006707391186370707 0.06311916 0.011380902 0.07450006 299.92288179054 30.91563803419 2337.13843 -3.5060000000000002 -6.688 -1.3334884223937986 -0.6655815010070798 0.11650492 0.124504924 "" "" 16.510325810039717 "" 1.9505912021214846 ""
299.72083849479 30.86601191751 0.0299 0.0361 13.4547 "" "" 2030487162660026624 2463.60498 0.4022 0.0439 -3.446 -9.58 0.041 0.046 1.01 "" "" 16.519428 2.127274 17.605873 15.4786 "" "" 2181.60791 2883.70483 4647.03143 2.441 1239.0 8.5828 5101.7 10.939 "" "" 0.002813725484393184 0.008021979 0.0044388524 0.012460832 299.72083849479 30.86601191751 2463.60498 -3.446 -9.58 -1.273488422393799 -3.55758150100708 0.08350492 0.088504925 "" "" 44.12508148430135 "" 3.8808589352542477 ""
299.76413201076 31.39818372048 0.0289 0.0352 18.5654 "" "" 2030933461286207872 2229.42554 0.4277 0.0441 -2.165 -5.929 0.04 0.051 0.968 "" "" 16.520138 1.472572 17.191233 15.71866 "" "" 2028.74976 2502.29077 4643.99512 2.3044 1815.2 6.2368 4089.7 7.1828 "" "" 0.002807498018680949 0.004658469 0.0042331987 0.008891668 299.76413201076 31.39818372048 2229.42554 -2.1650000000000005 -5.929000000000004 0.007511577606201136 0.09341849899291965 0.08250492 0.09350492 "" "" 0.9903840262612902 "" 0.09253988951133138 ""
299.94303418564 31.32047555447 0.0305 0.0333 17.6102 "" "" 2030919923548298368 2527.22925 0.381 0.0432 -0.746 -3.814 0.043 0.041 1.025 8198.6 4.2818 16.520504 1.587683 17.260859 15.673176 "" "" 2319.36597 2759.63208 4642.42643 2.1015 1702.4 6.2144 4264.7 6.5313 "" "" 0.0027988113809072606 0.004846974 0.0041289916 0.008975966 299.94303418564 31.32047555447 2527.22925 -0.7459999999999992 -3.814000000000001 1.4265115776062012 2.20841849899292 0.08550492 0.08350492 "" "" 31.493892415646975 "" 2.6485944720521246 ""
300.05966192795 30.94054118576 0.0273 0.0342 19.1621 "" "" 2030860068888803712 1958.10815 0.4896 0.0427 0.044 -4.066 0.037 0.043 1.011 7763.5 4.0344 16.52142 1.977542 17.514383 15.536841 "" "" 1800.98682 2143.04736 4638.51693 2.2056 1347.9 6.7082 4835.3 9.4176 "" "" 0.0028032691597740574 0.0060813255 0.004330765 0.01041209 300.05966192795 30.94054118576 1958.10815 0.043999999999999484 -4.065999999999999 2.216511577606201 1.95641849899292 0.07950492 0.08550492 "" "" 27.439935025714963 "" 2.255187367962281 ""
299.4727444082 31.24127705297 0.0279 0.0334 16.0394 "" "" 2030557119091805952 2272.30078 0.4454 0.0413 -2.392 -5.839 0.04 0.043 0.97 6884.1 4.0471 16.521944 1.652661 17.306265 15.653604 "" "" 2022.06946 2566.41479 4636.27179 2.1532 1632.7 5.8537 4342.3 7.924 "" "" 0.0028010801960772014 0.0047893617 0.00426723 0.009056592 299.4727444082 31.24127705297 2272.30078 -2.392 -5.839 -0.21948842239379873 0.1834184989929195 0.08250492 0.08550492 "" "" 3.0808268968737074 "" 0.258023851189306 ""
299.563130768 30.83470401324 0.0295 0.0333 17.5755 "" "" 2030528664882346368 2446.73462 0.4036 0.0423 -1.848 -5.401 0.037 0.041 0.952 8177.7 4.3123 16.52439 1.584869 17.265182 15.680313 "" "" 2164.07812 2701.15112 4625.84777 2.0417 1695.7 7.318 4236.8 5.6715 "" "" 0.0027966820602063967 0.0054534525 0.0040492085 0.0095026605 299.563130768 30.83470401324 2446.73462 -1.8479999999999999 -5.401000000000003 0.3245115776062011 0.6214184989929201 0.07950492 0.08350492 "" "" 8.130423118144106 "" 0.6720943640331808 ""
299.82804335187 30.81182106155 0.0294 0.0409 17.4366 "" "" 2030485891349666688 2653.83545 0.3686 0.0444 -1.496 -4.01 0.038 0.052 0.895 "" "" 16.52563 1.391051 17.154665 15.763614 "" "" 2337.19946 2916.64917 4620.55426 2.2285 1877.4 5.6918 3923.9 7.784 "" "" 0.002804639174310414 0.0043151104 0.0043500187 0.00866513 299.82804335187 30.81182106155 2653.83545 -1.496 -4.01 0.6765115776062012 2.01241849899292 0.080504924 0.09450492 "" "" 26.706686844739945 "" 2.4885138412574777 ""
299.6401620928 30.94757483786 0.0285 0.0337 9.7297 "" "" 2030535472455609856 2347.61572 0.406 0.0407 -2.208 -5.994 0.039 0.043 0.979 8291.4 3.5217 16.526888 1.467732 17.186193 15.718461 "" "" 2177.57959 2504.41577 4615.20748 2.1121 1823.6 6.1272 4090.5 8.3362 "" "" 0.002799763315800243 0.0045927195 0.0043794545 0.008972174 299.6401620928 30.94757483786 2347.61572 -2.208 -5.994 -0.03548842239379901 0.02841849899292015 0.081504926 0.08550492 "" "" 0.5059175067505076 "" 0.04203703122326929 ""
300.07271829786 31.15800493538 0.0449 0.0702 18.048 "" "" 2030867932934816000 2580.87256 0.376 0.0652 0.062 -4.25 0.065 0.082 1.048 "" "" 16.52742 "" "" "" "" "" 2274.14233 3140.18311 4612.9513 3.4431 "" "" "" "" "" "" 0.002872024437403276 "" "" "" 300.07271829786 31.15800493538 2580.87256 0.062000000000000055 -4.25 2.234511577606201 1.77241849899292 0.10750492 0.124504924 "" "" 34.89077230000137 "" 3.990459109938046 ""
299.94389551064 31.06474639943 0.029 0.0348 11.0758 "" "" 2030865497727693312 2063.21143 0.4588 0.0433 -1.548 -5.091 0.042 0.045 1.054 8018.9 4.103 16.52848 1.622931 17.283617 15.660687 "" "" 1893.11389 2242.45679 4608.44254 2.1265 1667.1 7.2784 4314.0 8.9754 "" "" 0.0028004977822210925 0.005500431 0.0044029965 0.009903427 299.94389551064 31.06474639943 2063.21143 -1.548 -5.091 0.6245115776062011 0.9314184989929197 0.08450492 0.08750492 "" "" 10.96694318296301 "" 0.949579683233252 ""
299.92583133147 30.94737828705 0.0283 0.0349 13.2028 "" "" 2030488571408996864 2148.0498 0.4478 0.0426 -2.012 -4.202 0.038 0.045 1.009 6746.8 4.1393 16.53159 1.65184 17.317005 15.665165 "" "" 1951.09692 2439.69824 4595.27259 2.1823 1616.6 6.2289 4296.3 8.2884 "" "" 0.0028031501266504487 0.0050285365 0.0043210024 0.009349539 299.92583133147 30.94737828705 2148.0498 -2.012 -4.202 0.16051157760620116 1.82041849899292 0.080504924 0.08750492 "" "" 18.606967605518253 "" 1.62723637587594 ""
299.61479254223 31.16932736266 0.0292 0.0348 7.6061 "" "" 2030554194169404928 1981.13538 0.4812 0.0414 -1.462 -2.279 0.039 0.045 1.02 7061.2 4.3226 16.533503 1.469978 17.198305 15.728327 "" "" 1835.22656 2130.16138 4587.17699 2.0288 1803.4 10.01 4053.5 8.6207 "" "" 0.0027968512825137628 0.00664108 0.0044289413 0.011070021 299.61479254223 31.16932736266 1981.13538 -1.4620000000000002 -2.279 0.7105115776062012 3.74341849899292 0.081504926 0.08750492 "" "" 35.780468483982865 "" 3.123749719565357 ""
299.69902938806 31.15036121418 0.0268 0.0351 3.9583 "" "" 2030542413122654592 1981.24817 0.4892 0.0414 -1.805 -6.786 0.036 0.047 0.956 5036.3 4.3155 16.533747 1.430789 17.186384 15.755595 "" "" 1804.07129 2155.2522 4586.15192 2.1313 1823.3 7.2223 3952.9 5.8289 "" "" 0.00280113890070045 0.0051265275 0.004104506 0.009231034 299.69902938806 31.15036121418 1981.24817 -1.8049999999999986 -6.786 0.36751157760620123 -0.7635815010070797 0.07850492 0.08950492 "" "" 7.958224295853622 "" 0.6966759402239092 ""
299.76998972747 31.01607788821 0.0279 0.0343 4.8855 "" "" 2030537430960434176 2694.31738 0.3461 0.0402 -1.942 -4.108 0.038 0.044 0.957 5573.6 4.1979 16.535591 1.513642 17.191591 15.677949 "" "" 2471.29736 3047.3457 4578.36322 2.3699 1814.6 11.423 4246.0 20.197 "" "" 0.0028120534617336428 0.007382348 0.0063996986 0.013782047 299.76998972747 31.01607788821 2694.31738 -1.9419999999999997 -4.108 0.23051157760620122 1.9144184989929203 0.080504924 0.08650492 "" "" 24.625757584585894 "" 2.1282099260048115 ""
299.98638567955 31.1885479909 0.0265 0.034 14.4117 "" "" 2030914975745640704 2197.3147 0.4368 0.0412 -0.482 -5.169 0.037 0.044 1.011 6432.8 4.2836 16.539757 1.603838 17.29405 15.690212 "" "" 2006.0199 2437.54224 4560.83099 1.9788 1651.2 5.3652 4198.3 7.7252 "" "" 0.002795298382409414 0.0044978657 0.0042749373 0.0087728035 299.98638567955 31.1885479909 2197.3147 -0.48199999999999976 -5.169 1.6905115776062012 0.8534184989929203 0.07950492 0.08650492 "" "" 19.72354528072151 "" 1.5971250706181428 ""
299.85190931181 30.93709192836 0.0282 0.034 11.1052 "" "" 2030489052445374208 1980.46912 0.4897 0.0421 1.017 -3.072 0.039 0.044 0.977 4770.4 4.1777 16.539839 1.559011 17.261196 15.702185 "" "" 1828.68359 2129.4458 4560.48906 2.052 1701.9 7.1235 4152.3 7.1196 "" "" 0.0027982940976215035 0.005332663 0.004212999 0.0095456615 299.85190931181 30.93709192836 1980.46912 1.0169999999999997 -3.071999999999999 3.189511577606201 2.95041849899292 0.081504926 0.08650492 "" "" 40.78719807322473 "" 3.419907364560612 ""
299.57561743717 30.99252912526 0.0274 0.034 9.8791 "" "" 2030532964194214016 2509.7522 0.3855 0.042 -1.779 0.022 0.039 0.043 0.937 "" "" 16.542112 1.570986 17.269983 15.698998 "" "" 2292.89746 2836.72949 4550.94446 1.947 1688.2 6.0292 4164.5 7.3908 "" "" 0.002794199820740292 0.0047770943 0.004242236 0.00901933 299.57561743717 30.99252912526 2509.7522 -1.779 0.02199999999999993 0.39351157760620126 6.04441849899292 0.081504926 0.08550492 "" "" 72.05798803206558 "" 6.160124295168309 ""
299.58077397322 31.20439061951 0.0283 0.0361 10.2985 "" "" 2030555091867136768 2715.34204 0.3613 0.0432 -0.428 -0.125 0.039 0.046 1.053 "" "" 16.542484 1.71049 17.358803 15.648313 "" "" 2429.09521 3319.16699 4549.39107 2.3095 1555.6 6.0714 4363.5 7.1416 "" "" 0.0028099079243996536 0.0050736484 0.0041762926 0.0092499405 299.58077397322 31.20439061951 2715.34204 -0.428 -0.12499999999999994 1.7445115776062012 5.89741849899292 0.081504926 0.088504925 "" "" 79.15531836750456 "" 6.962683740430111 ""
299.76861726 31.36156128966 0.0288 0.0379 16.4049 "" "" 2030932499213317760 2600.38599 0.3872 0.0455 -0.213 -3.248 0.041 0.049 0.984 7007.0 3.9987 16.543512 1.723489 17.368639 15.64515 "" "" 2317.6189 2984.7793 4545.08484 2.2307 1541.6 5.2118 4376.2 7.8347 "" "" 0.002806375376147315 0.0046107005 0.004249947 0.008860648 299.76861726 31.36156128966 2600.38599 -0.21299999999999997 -3.248 1.959511577606201 2.7744184989929197 0.08350492 0.09150492 "" "" 41.86626129217391 "" 3.7228468309879457 ""
300.02285810644 31.11141969221 0.0291 0.0353 15.0792 "" "" 2030867280099496192 2409.64551 0.3939 0.0441 -4.881 -8.44 0.042 0.044 1.048 7385.8 3.8099 16.54443 2.540949 17.90822 15.367271 "" "" 2170.74268 2738.78516 4541.24313 2.7144 937.84 8.4256 5652.6 19.904 "" "" 0.002830715301200033 0.010145519 0.00537586 0.015521379 300.02285810644 31.11141969221 2409.64551 -4.881 -8.44 -2.708488422393799 -2.4175815010070796 0.08450492 0.08650492 "" "" 41.466678643711084 "" 3.5411532901774145 ""
300.05126233019 30.93625764123 0.0273 0.035 18.906 "" "" 2030860034529072640 1850.90808 0.5287 0.0428 -4.431 -4.019 0.037 0.045 0.997 6582.3 4.188 16.545893 1.944701 17.51498 15.570279 "" "" 1701.72473 2031.06714 4535.13172 1.9697 1347.2 6.8072 4688.6 8.8273 "" "" 0.002795381140201408 0.0061548296 0.0042967666 0.010451596 300.05126233019 30.93625764123 1850.90808 -4.430999999999999 -4.018999999999999 -2.258488422393799 2.00341849899292 0.07950492 0.08750492 "" "" 26.486743186732856 "" 2.201651450020327 ""
299.40325077984 31.24712506612 0.0278 0.0342 19.2576 "" "" 2030557703207408512 2190.00342 0.4347 0.0412 -5.436 -4.207 0.038 0.044 1.023 6334.4 3.9075 16.547264 2.239682 17.72427 15.484588 "" "" 1998.3009 2419.83325 4529.40563 2.2992 1111.0 6.0958 5073.7 7.8483 "" "" 0.002809900668066563 0.0065782275 0.0041357446 0.010713972 299.40325077984 31.24712506612 2190.00342 -5.436 -4.207000000000001 -3.2634884223937988 1.81541849899292 0.080504924 0.08650492 "" "" 38.7658702587045 "" 3.177347169988799 ""
299.52542512525 31.30984069081 0.0993 0.1127 16.8669 "" "" 2030559936578928384 1851.67896 0.5424 0.1407 -2.497 -4.898 0.133 0.15 3.655 4965.8 4.058 16.548292 2.992057 18.197233 15.205176 "" "" 1525.8208 2592.89893 4525.1162 6.1602 718.66 7.3309 6562.8 13.435 "" "" 0.003126727345169066 0.01142142 0.004384511 0.01580593 299.52542512525 31.30984069081 1851.67896 -2.497 -4.898 -0.3244884223937987 1.1244184989929202 0.17550492 0.19250493 "" "" 10.27170278965552 "" 1.9644798988772816 ""
