Clusters/UBC_134/UBC_134_stars_in_region.tsv
# %ECSV 1.0
# ---
# datatype:
# - name: RA_ICRS_1
#   unit: deg
#   datatype: float64
#   format: '{:15.11f}'
#   description: Right ascension (ICRS) at Ep=2016.0 (ra)
#   meta: !!omap
#   - {ucd: POS_EQ_RA_MAIN}
#   - {width: 15}
#   - {precision: '11'}
# - name: DE_ICRS_1
#   unit: deg
#   datatype: float64
#   format: '{:15.11f}'
#   description: Declination (ICRS) at Ep=2016.0 (dec)
#   meta: !!omap
#   - {ucd: POS_EQ_DEC_MAIN}
#   - {width: 15}
#   - {precision: '11'}
# - name: e_RA_ICRS
#   unit: mas
#   datatype: float64
#   format: '{:7.4f}'
#   description: Standard error of right ascension (ra_error)
#   meta: !!omap
#   - {ucd: ERROR}
#   - {width: 7}
#   - {precision: '4'}
# - name: e_DE_ICRS
#   unit: mas
#   datatype: float64
#   format: '{:7.4f}'
#   description: Standard error of declination (dec_error)
#   meta: !!omap
#   - {ucd: ERROR}
#   - {width: 7}
#   - {precision: '4'}
# - name: _r_1
#   unit: ''
#   datatype: float64
#   format: '{:7.4f}'
#   description: Distance from center (299.73040669000+31.09010605000)[ICRS], at Epoch=J2016.0
#   meta: !!omap
#   - {ucd: POS_ANG_DIST_GENERAL}
#   - {width: 7}
#   - {precision: '4'}
# - name: HIP
#   datatype: int32
#   description: '? HIP cross-id number, van Leeuwen, Cat. I/311 (hip_original_ext_source_id)'
#   meta: !!omap
#   - {ucd: ID_NUMBER}
#   - {width: 6}
#   - values: {'null': -2147483648}
# - name: TYC2
#   datatype: string
#   description: Tycho-2 cross-id name, Hog et al., Cat. I/259 (tyc2_original_ext_source_id)
#   meta: !!omap
#   - {ucd: ID_CROSSID}
#   - {_votable_string_dtype: char}
# - name: Source
#   datatype: int64
#   description: Source identifier, identical to the Gaia-EDR3 source_id (id)
#   meta: !!omap
#   - {ucd: ID_MAIN}
#   - {width: 19}
# - name: rgeo
#   unit: pc
#   datatype: float64
#   format: '{:15.8f}'
#   description: '? Median of the geometric distance posterior (r_med_geo)'
#   meta: !!omap
#   - {ucd: PHYS_DISTANCE_TRUE}
#   - {width: 15}
#   - {precision: '8'}
#   - values: {'null': .nan}
# - name: Plx
#   unit: mas
#   datatype: float64
#   format: '{:9.4f}'
#   description: '? Parallax (parallax)'
#   meta: !!omap
#   - {ucd: POS_PARLX_TRIG}
#   - {width: 9}
#   - {precision: '4'}
#   - values: {'null': .nan}
# - name: e_Plx
#   unit: mas
#   datatype: float32
#   format: '{:7.4f}'
#   description: '? Standard error of parallax (parallax_error)'
#   meta: !!omap
#   - {ucd: ERROR}
#   - {width: 7}
#   - {precision: '4'}
#   - values: {'null': .nan}
# - name: pmRA
#   unit: mas / yr
#   datatype: float64
#   format: '{:9.3f}'
#   description: '? Proper motion in right ascension direction, pmRA*cosDE (pmra)'
#   meta: !!omap
#   - {ucd: POS_EQ_PMRA}
#   - {width: 9}
#   - {precision: '3'}
#   - values: {'null': .nan}
# - name: pmDE
#   unit: mas / yr
#   datatype: float64
#   format: '{:9.3f}'
#   description: '? Proper motion in declination direction (pmdec)'
#   meta: !!omap
#   - {ucd: POS_EQ_PMDEC}
#   - {width: 9}
#   - {precision: '3'}
#   - values: {'null': .nan}
# - name: e_pmRA
#   unit: mas / yr
#   datatype: float32
#   format: '{:6.3f}'
#   description: '? Standard error of proper motion in right ascension direction (pmra_error)'
#   meta: !!omap
#   - {ucd: ERROR}
#   - {width: 6}
#   - {precision: '3'}
#   - values: {'null': .nan}
# - name: e_pmDE
[...]
#         value: !astropy.table.SerializedColumn {name: SkyCoord.dec}
#       distance: !astropy.table.SerializedColumn
#         __class__: astropy.coordinates.distances.Distance
#         unit: !astropy.units.Unit {unit: pc}
#         value: !astropy.table.SerializedColumn {name: SkyCoord.distance}
#       frame: icrs
#       obstime: !astropy.time.Time {format: jyear_str, in_subfmt: '*', jd1: 367701545.0, jd2: 0.0, out_subfmt: '*', precision: 3, scale: tt}
#       pm_dec: !astropy.table.SerializedColumn
#         __class__: astropy.units.quantity.Quantity
#         unit: !astropy.units.Unit {unit: mas / yr}
#         value: !astropy.table.SerializedColumn {name: SkyCoord.pm_dec}
#       pm_ra_cosdec: !astropy.table.SerializedColumn
#         __class__: astropy.units.quantity.Quantity
#         unit: !astropy.units.Unit {unit: mas / yr}
#         value: !astropy.table.SerializedColumn {name: SkyCoord.pm_ra_cosdec}
#       ra: !astropy.table.SerializedColumn
#         __class__: astropy.coordinates.angles.Longitude
#         unit: *id001
#         value: !astropy.table.SerializedColumn {name: SkyCoord.ra}
#         wrap_angle: !astropy.coordinates.Angle
#           unit: *id001
#           value: 360.0
#       representation_type: spherical
# schema: astropy-2.0
RA_ICRS_1 DE_ICRS_1 e_RA_ICRS e_DE_ICRS _r_1 HIP TYC2 Source rgeo Plx e_Plx pmRA pmDE e_pmRA e_pmDE RUWE Teff logg Gmag BP-RP BPmag RPmag RV e_RV b_rgeo B_rgeo FG e_FG FBP e_FBP FRP e_FRP RAVE5 RAVE6 e_Gmag e_BPmag e_RPmag e_BP-RP SkyCoord.ra SkyCoord.dec SkyCoord.distance SkyCoord.pm_ra_cosdec SkyCoord.pm_dec rmRA rmDE e_rmRA e_rmDE rRV e_rRV v_pec v_pec3d e_vpec e_vpec3d
[from data line 1051]
299.72437785183 30.83669015339 0.0378 0.0465 15.2081 "" "" 2030481007925233792 2754.46973 0.3438 0.0551 -5.174 -6.975 0.049 0.059 1.036 7090.8 4.3279 16.913347 1.773054 17.77557 16.002516 "" "" 2411.94189 3203.19238 3233.01349 1.9216 1059.7 6.1068 3148.9 6.695 "" "" 0.0028298827281007396 0.0068507735 0.004428607 0.01127938 299.72437785183 30.83669015339 2754.46973 -5.174000000000003 -6.975000000000005 -3.001488422393799 -0.9525815010070797 0.09150492 0.10150492 "" "" 41.11422835093102 "" 3.8016250065518618 ""
299.87018509812 31.10474414061 0.0327 0.0403 7.235 "" "" 2030912811062747008 2068.30786 0.4605 0.0492 1.652 2.915 0.046 0.054 1.029 5813.7 4.2242 16.914267 1.848992 17.787945 15.938952 "" "" 1886.11572 2268.9873 3230.28109 1.9397 1047.7 5.3438 3338.7 12.459 "" "" 0.002831401863354479 0.006200994 0.005540709 0.011741703 299.87018509812 31.10474414061 2068.30786 1.6520000000000001 2.915 3.8245115776062013 8.937418498992919 0.088504925 0.09650493 "" "" 95.3058143754657 "" 9.083660091600512 ""
300.01007982749 31.00811176987 0.0356 0.0422 15.1947 "" "" 2030864501295163008 2065.0459 0.4719 0.0526 0.334 -1.852 0.053 0.056 0.917 6393.7 4.0151 16.915781 2.153822 18.030058 15.876236 "" "" 1836.30261 2322.29248 3225.77692 1.926 838.29 5.9399 3537.2 10.826 "" "" 0.0028305520124519206 0.008183578 0.0050325124 0.01321609 300.01007982749 31.00811176987 2065.0459 0.3339999999999998 -1.8519999999999999 2.5065115776062012 4.17041849899292 0.095504925 0.09850492 "" "" 47.626970768726736 "" 4.654002597461671 ""
299.61309866417 31.16398646739 0.035 0.0433 7.4801 "" "" 2030554198513887616 2744.08813 0.3352 0.0507 -4.389 -3.212 0.047 0.055 1.034 "" "" 16.916454 1.75598 17.753386 15.997405 "" "" 2413.7019 3155.31665 3223.77672 1.6734 1081.6 6.0395 3163.7 7.6601 "" "" 0.002812368576659724 0.0066738385 0.004603749 0.011277588 299.61309866417 31.16398646739 2744.08813 -4.389000000000001 -3.2120000000000015 -2.216488422393799 2.8104184989929197 0.08950492 0.09750492 "" "" 46.555665688659026 "" 4.400310571033497 ""
299.68947331041 31.0285634401 0.0336 0.0435 4.2499 "" "" 2030539183307169920 1910.86255 0.516 0.05 -5.602 -5.464 0.046 0.055 1.086 4758.3 4.3501 16.917433 1.411657 17.546211 16.134554 "" "" 1718.35547 2100.34766 3220.87394 1.9902 1309.0 6.6581 2788.3 7.435 "" "" 0.0028358198964903362 0.0061873216 0.004760821 0.010948142 299.68947331041 31.0285634401 1910.86255 -5.601999999999997 -5.464 -3.429488422393799 0.5584184989929195 0.088504925 0.09750492 "" "" 31.471640738351663 "" 2.7930723380159264 ""
299.53694748893 31.2209290149 0.0364 0.0402 12.6603 "" "" 2030558287322852864 2683.94604 0.3585 0.0505 -1.718 -4.344 0.055 0.053 0.953 "" "" 16.91783 1.757696 17.762455 16.004759 "" "" 2371.93457 3056.0166 3219.69589 1.7671 1072.6 5.6897 3142.4 6.4195 "" "" 0.0028190213943863297 0.006399651 0.0043821577 0.010781809 299.53694748893 31.2209290149 2683.94604 -1.7179999999999997 -4.343999999999999 0.4545115776062012 1.6784184989929196 0.09750492 0.095504925 "" "" 22.12173963811264 "" 2.1157872861351894 ""
299.56322174296 31.11884686754 0.0332 0.042 8.7603 "" "" 2030552549246463872 2666.17554 0.3699 0.0492 -0.108 -3.483 0.045 0.056 0.995 4911.2 4.2097 16.919395 1.878274 17.839516 15.961242 "" "" 2368.28857 3118.81885 3215.05359 1.6946 999.1 4.9498 3270.9 7.5846 "" "" 0.002814122567200946 0.006059611 0.004541159 0.01060077 299.56322174296 31.11884686754 2666.17554 -0.1080000000000001 -3.4829999999999997 2.064511577606201 2.53941849899292 0.08750492 0.09850492 "" "" 41.35986748752061 "" 3.8994711309042853 ""
299.60330927219 31.20287954986 0.0354 0.0428 9.4011 "" "" 2030555126226855936 2481.42114 0.3863 0.0519 -2.256 -5.288 0.049 0.056 1.043 "" "" 16.922588 1.783621 17.785723 16.002102 "" "" 2193.96582 2954.32349 3205.61637 1.7619 1049.9 6.1157 3150.0 5.8104 "" "" 0.002819202466772567 0.0069125737 0.0042772195 0.011189793 299.60330927219 31.20287954986 2481.42114 -2.256 -5.288 -0.08348842239379861 0.7344184989929197 0.09150492 0.09850492 "" "" 8.693820233298787 "" 0.8556349324874334 ""
299.72055582968 30.87112885681 0.0821 0.1076 13.1484 "" "" 2030487162660029568 2750.55298 0.4301 0.1261 -5.836 -11.404 0.108 0.139 2.04 "" "" 16.92342 1.910292 17.710201 15.79991 "" "" 2098.42163 3698.33301 3203.16202 3.9143 1125.5 6.8026 3794.8 8.6534 "" "" 0.00305812676216874 0.0071308035 0.00451813 0.011648933 299.72055582968 30.87112885681 2750.55298 -5.835999999999997 -11.403999999999998 -3.663488422393799 -5.38158150100708 0.15050492 0.18150492 "" "" 84.87738370074022 "" 14.623761246385516 ""
299.77546724725 31.14846049639 0.033 0.0421 4.1971 "" "" 2030916796812006400 2285.45825 0.4205 0.0487 -0.932 -3.805 0.045 0.055 0.987 5568.3 4.4317 16.923853 1.742792 17.77178 16.028988 "" "" 2086.4314 2586.44458 3201.88626 1.8431 1063.4 6.1982 3073.0 7.4882 "" "" 0.002825312643607182 0.0069161817 0.0046133944 0.011529576 299.77546724725 31.14846049639 2285.45825 -0.9319999999999999 -3.805000000000002 1.2405115776062012 2.2174184989929198 0.08750492 0.09750492 "" "" 27.524987529531842 "" 2.620835993670774 ""
299.75985303229 31.14900386224 0.0336 0.0449 3.844 "" "" 2030541691568082688 2465.60034 0.3922 0.0512 -3.723 -2.974 0.046 0.063 1.075 5013.0 4.2657 16.925516 1.716391 17.71674 16.000349 "" "" 2178.23218 2820.37451 3196.98257 1.8617 1118.7 9.1543 3155.1 16.721 "" "" 0.002826930935133031 0.00931238 0.0068842415 0.016196622 299.75985303229 31.14900386224 2465.60034 -3.723 -2.974 -1.5504884223937987 3.0484184989929197 0.088504925 0.10550492 "" "" 39.97015650939099 "" 4.086629150132612 ""
299.96100417096 30.89645292895 0.0354 0.0461 16.6035 "" "" 2030485238484855168 2482.70776 0.3937 0.0554 -2.134 -3.341 0.047 0.063 1.009 "" "" 16.925743 1.785645 17.563475 15.77783 "" "" 2203.86426 2831.19775 3196.31461 2.8817 1288.3 89.744 3872.8 514.31 "" "" 0.0029240330626871284 0.07568469 0.1442359 0.21992058 299.96100417096 30.89645292895 2482.70776 -2.134 -3.341 0.038511577606201275 2.6814184989929197 0.08950492 0.10550492 "" "" 31.55828055212698 "" 3.329457705679345 ""
299.61807001208 30.79381766587 0.0358 0.0431 18.6936 "" "" 2030527500995329024 1970.8573 0.4865 0.0511 -0.669 -2.9 0.046 0.053 1.007 5492.7 4.5668 16.926285 1.501671 17.615473 16.113802 "" "" 1773.60327 2183.51343 3194.71763 1.9734 1228.1 5.0136 2842.1 7.2858 "" "" 0.002835768615450721 0.005237493 0.0046936725 0.009931166 299.61807001208 30.79381766587 1970.8573 -0.6690000000000014 -2.9000000000000004 1.5035115776062011 3.12241849899292 0.088504925 0.095504925 "" "" 32.37470557432147 "" 3.050574993176131 ""
299.86166725516 31.11825392571 0.0313 0.0398 6.9516 "" "" 2030913566996476032 2279.38989 0.4278 0.0472 -4.287 -7.593 0.043 0.051 1.024 6808.7 4.199 16.927769 1.733305 17.75627 16.022964 "" "" 2071.37817 2516.47266 3190.35616 1.7217 1078.7 4.6434 3090.1 5.8912 "" "" 0.0028169306748391655 0.0054431986 0.004309099 0.009752298 299.86166725516 31.11825392571 2279.38989 -4.287000000000001 -7.593000000000004 -2.1144884223937987 -1.57058150100708 0.08550492 0.09350492 "" "" 28.458201976457715 "" 2.5166233477218602 ""
299.45406210474 31.18352736092 0.0364 0.0779 15.2588 "" "" 2030556534976237952 1963.44226 0.508 0.0625 5.175 -1.553 0.05 0.088 0.912 "" "" 16.927795 "" "" "" "" "" 1731.74084 2212.34424 3190.2762 2.4094 "" "" "" "" "" "" 0.002874745516732414 "" "" "" 299.45406210474 31.18352736092 1963.44226 5.175 -1.553 7.347511577606201 4.46941849899292 0.09250492 0.13050492 "" "" 80.03864122861042 "" 8.335530002263198 ""
299.78059914982 30.80782388764 0.0366 0.0472 17.1327 "" "" 2030485990087089024 2517.77344 0.4093 0.0553 -5.484 -6.554 0.047 0.06 0.963 6008.1 4.4282 16.928175 1.693806 17.712534 16.018728 "" "" 2170.86182 3000.19019 3189.1626 1.9804 1123.1 6.3583 3102.2 7.8905 "" "" 0.0028366106041269245 0.006750394 0.0046808226 0.011431217 299.78059914982 30.80782388764 2517.77344 -5.484 -6.554 -3.311488422393799 -0.5315815010070803 0.08950492 0.102504924 "" "" 40.02607097804159 "" 3.596523878402787 ""
299.96095120917 30.87063120326 0.0335 0.0421 17.7215 "" "" 2030484791837740160 2383.80957 0.398 0.0515 -2.444 -2.266 0.044 0.055 1.012 7997.1 4.3269 16.928507 1.616312 17.692877 16.076565 "" "" 2132.60132 2668.77783 3188.18607 1.787 1143.6 5.0358 2941.3 7.6995 "" "" 0.0028217260164519393 0.005535612 0.0047288015 0.010264413 299.96095120917 30.87063120326 2383.80957 -2.444000000000001 -2.266000000000001 -0.2714884223937988 3.75641849899292 0.08650492 0.09750492 "" "" 42.55544828098806 "" 4.147069777798965 ""
299.94162755671 31.16699264074 0.0409 0.05 11.7885 "" "" 2030914872666470272 2569.93408 0.3907 0.0611 -2.0 -6.254 0.056 0.065 1.286 5707.7 4.3874 16.929466 1.676253 17.598354 15.922101 "" "" 2236.23145 3089.59619 3185.37433 3.2176 1247.6 13.89 3390.9 31.792 "" "" 0.0029655665281735325 0.0124057485 0.010858467 0.023264214 299.94162755671 31.16699264074 2569.93408 -2.0 -6.254 0.17251157760620117 -0.23158150100707964 0.09850492 0.10750492 "" "" 3.517692937241771 "" 0.36718416610449794 ""
299.64063961042 31.02495913489 0.0336 0.0435 6.0471 "" "" 2030539320746172160 1890.56836 0.5197 0.0491 -0.968 -8.028 0.046 0.057 1.023 5286.6 4.5938 16.930006 1.509642 17.631872 16.12223 "" "" 1722.93762 2086.95483 3183.78901 1.6945 1209.7 6.5964 2820.1 5.7468 "" "" 0.0028152637467693626 0.006544967 0.004379377 0.010924344 299.64063961042 31.02495913489 1890.56836 -0.9680000000000011 -8.027999999999999 1.2045115776062012 -2.0055815010070805 0.088504925 0.09950492 "" "" 20.96484212912619 "" 2.027530118636893 ""
299.73262977357 30.76834338889 0.0412 0.0496 19.3061 "" "" 2030479947114386688 2078.27344 0.4481 0.06 -10.181 -12.022 0.051 0.063 1.077 "" "" 16.932343 2.055417 17.68097 15.625552 "" "" 1887.16199 2293.39551 3176.94687 7.7014 1156.2 21.414 4455.9 363.76 "" "" 0.0038104008324520654 0.020301588 0.08871525 0.109016836 299.73262977357 30.76834338889 2078.27344 -10.181000000000001 -12.02200000000001 -8.008488422393798 -5.99958150100708 0.09350492 0.10550492 "" "" 98.57459764222055 "" 9.65912833793007 ""
299.99499471348 31.02719608707 0.0348 0.0442 14.1135 "" "" 2030864776173101568 2706.68848 0.3375 0.0538 -1.564 -1.11 0.049 0.056 1.026 "" "" 16.932722 2.306266 18.1525 15.846234 "" "" 2407.24683 3094.85742 3175.83628 2.1212 748.89 4.7401 3636.3 8.9511 "" "" 0.0028491543154446205 0.00741699 0.0046289037 0.012045894 299.99499471348 31.02719608707 2706.68848 -1.5640000000000014 -1.1099999999999999 0.6085115776062011 4.91241849899292 0.09150492 0.09850492 "" "" 63.506567666474794 "" 6.249226755643941 ""
299.66455931721 30.77645473089 0.0457 0.0602 19.1218 "" "" 2030480320732859648 2005.71606 0.4906 0.0679 3.122 0.146 0.058 0.075 1.288 "" "" 16.93384 1.85381 17.753061 15.899251 "" "" 1793.41821 2241.82031 3172.56589 3.4211 1081.9 5.4461 3463.0 9.176 "" "" 0.002993750336441872 0.006136429 0.004749768 0.010886197 299.66455931721 30.77645473089 2005.71606 3.122 0.14599999999999952 5.294511577606201 6.16841849899292 0.10050492 0.117504925 "" "" 77.28351819032945 "" 8.548563260305025 ""
299.39841291621 31.00681137668 0.0499 0.0596 17.7825 "" "" 2030546192694503552 1843.81433 0.5408 0.0754 -3.546 -6.257 0.067 0.074 1.339 8723.8 3.7433 16.934347 1.412752 17.49409 16.081337 "" "" 1650.20557 2154.02881 3171.08457 3.6844 1373.3 8.3981 2928.4 14.048 "" "" 0.003030370031861863 0.007202009 0.0064351903 0.0136372 299.39841291621 31.00681137668 1843.81433 -3.5460000000000003 -6.257 -1.3734884223937986 -0.23458150100707975 0.10950492 0.11650492 "" "" 12.177667309426937 "" 1.3360055066795906 ""
299.46276954779 31.31775771807 0.0341 0.0389 19.3707 "" "" 2030559764791705984 2363.78882 0.4075 0.0484 -1.905 -6.118 0.044 0.05 1.023 8212.6 4.1219 16.934391 1.850791 17.821901 15.97111 "" "" 2142.2417 2734.85083 3170.95883 1.7958 1015.4 10.368 3241.3 11.493 "" "" 0.002823095653515064 0.011431908 0.005394878 0.016826786 299.46276954779 31.31775771807 2363.78882 -1.9050000000000007 -6.118 0.26751157760620115 -0.0955815010070804 0.08650492 0.09250492 "" "" 3.1828716165280846 "" 0.2775620125287069 ""
299.80902624026 31.32387409456 0.0374 0.0454 14.5948 "" "" 2030932155615874048 2160.18726 0.4511 0.0566 -0.567 -1.13 0.052 0.059 0.981 "" "" 16.936409 1.667545 17.729582 16.062037 "" "" 1926.40283 2398.82642 3165.06888 2.0689 1105.6 5.4071 2980.9 6.7265 "" "" 0.002845255190207558 0.0059983875 0.0045040236 0.010502411 299.80902624026 31.32387409456 2160.18726 -0.5670000000000002 -1.1300000000000006 1.6055115776062012 4.89241849899292 0.09450492 0.10150492 "" "" 52.72331011203696 "" 5.316919055839204 ""
299.49594531163 31.25284021351 0.0356 0.0397 15.4989 "" "" 2030558630920282496 2722.08496 0.3791 0.0505 0.021 -4.145 0.051 0.054 0.95 9397.5 4.1756 16.937563 1.731621 17.771204 16.039583 "" "" 2329.33203 3234.36646 3161.70863 1.7161 1064.0 5.1504 3043.2 6.4642 "" "" 0.002817636889924525 0.0059503405 0.004427479 0.01037782 299.49594531163 31.25284021351 2722.08496 0.020999999999999797 -4.145 2.193511577606201 1.8774184989929203 0.09350492 0.09650493 "" "" 37.253227528850985 "" 3.531045936164961 ""
299.81308090863 31.04685232258 0.0345 0.043 4.9788 "" "" 2030537224801983488 2017.43738 0.4947 0.0502 0.815 -1.611 0.049 0.057 1.037 5386.8 4.5873 16.938738 1.415749 17.578926 16.163177 "" "" 1814.526 2224.979 3158.2884 1.7233 1270.1 5.1003 2715.7 6.513 "" "" 0.002818289694227574 0.0051763174 0.0045895535 0.009765871 299.81308090863 31.04685232258 2017.43738 0.8149999999999998 -1.611 2.987511577606201 4.41141849899292 0.09150492 0.09950492 "" "" 50.94824980977853 "" 4.945068207899303 ""
299.954806574 31.20669499525 0.0335 0.04 13.48 "" "" 2030915766019690496 2344.45117 0.4184 0.0499 -1.463 -3.573 0.046 0.052 1.018 "" "" 16.93917 1.566669 17.67016 16.10349 "" "" 2110.25415 2643.60986 3157.02827 1.6541 1167.8 5.3684 2869.2 6.6722 "" "" 0.002813431061868945 0.005718097 0.004545163 0.01026326 299.954806574 31.20669499525 2344.45117 -1.463 -3.5730000000000004 0.7095115776062011 2.44941849899292 0.088504925 0.09450492 "" "" 28.33859638913426 "" 2.6653619495635157 ""
299.5760892063 30.91312253655 0.0373 0.0441 13.2571 "" "" 2030532444462062848 1934.46692 0.4948 0.0547 -1.379 -6.686 0.049 0.056 1.078 4721.6 4.179 16.939426 1.972674 17.786634 15.81396 "" "" 1782.4447 2202.68799 3156.28596 2.4571 1049.0 9.7649 3746.1 34.382 "" "" 0.002882046079761637 0.010484935 0.010657598 0.021142533 299.5760892063 30.91312253655 1934.46692 -1.379 -6.686 0.7935115776062012 -0.66358150100708 0.09150492 0.09850492 "" "" 9.48487796595969 "" 0.8958323939985008 ""
299.63335850473 31.31152169289 0.0353 0.0417 14.1879 "" "" 2030931399701789440 2016.44714 0.4783 0.0516 -1.43 -6.948 0.05 0.055 0.962 "" "" 16.944101 1.686947 17.752325 16.065378 "" "" 1830.96704 2233.29663 3142.72299 1.8405 1082.6 6.9292 2971.7 5.6696 "" "" 0.0028277364412056835 0.0074884878 0.0043098237 0.011798311 299.63335850473 31.31152169289 2016.44714 -1.4300000000000002 -6.948 0.7425115776062012 -0.9255815010070805 0.09250492 0.09750492 "" "" 11.341494804524752 "" 1.084000707714504 ""
299.64080333168 31.05373658704 0.0339 0.0462 5.0957 "" "" 2030539419481533696 2529.55078 0.3725 0.0515 -7.007 -6.05 0.046 0.06 0.958 4829.5 4.2621 16.945856 1.787014 17.813116 16.026102 "" "" 2279.91846 2940.02832 3137.65049 1.7521 1023.7 6.2266 3081.2 7.4573 "" "" 0.0028212362486670483 0.007169168 0.004603136 0.011772304 299.64080333168 31.05373658704 2529.55078 -7.007 -6.050000000000001 -4.8344884223937985 -0.0275815010070799 0.088504925 0.102504924 "" "" 57.96680132066552 "" 5.1303759274736445 ""
299.67225838208 31.08600494494 0.0342 0.0437 2.9979 "" "" 2030541038733100160 2539.67236 0.3692 0.0509 -0.518 1.603 0.046 0.055 1.009 "" "" 16.945894 1.563446 17.674425 16.11098 "" "" 2298.95825 2837.95093 3137.53781 1.6478 1163.2 5.4433 2849.5 6.8853 "" "" 0.0028137050863620235 0.005796515 0.0046006953 0.010397211 299.67225838208 31.08600494494 2539.67236 -0.518 1.6029999999999998 1.6545115776062012 7.62541849899292 0.088504925 0.09750492 "" "" 93.93103460176248 "" 9.122411391766875 ""
