Clusters/UBC_134/UBC_134_members.tsv
# %ECSV 1.0
# ---
# datatype:
# - name: RA_ICRS_1
#   unit: deg
#   datatype: float64
#   format: '{:15.11f}'
#   description: Right ascension (ICRS) at Ep=2016.0 (ra)
#   meta: !!omap
#   - {ucd: POS_EQ_RA_MAIN}
#   - {width: 15}
#   - {precision: '11'}
# - name: DE_ICRS_1
#   unit: deg
#   datatype: float64
#   format: '{:15.11f}'
#   description: Declination (ICRS) at Ep=2016.0 (dec)
#   meta: !!omap
#   - {ucd: POS_EQ_DEC_MAIN}
#   - {width: 15}
#   - {precision: '11'}
# - name: e_RA_ICRS
#   unit: mas
#   datatype: float64
#   format: '{:7.4f}'
#   description: Standard error of right ascension (ra_error)
#   meta: !!omap
#   - {ucd: ERROR}
#   - {width: 7}
#   - {precision: '4'}
# - name: e_DE_ICRS
#   unit: mas
#   datatype: float64
#   format: '{:7.4f}'
#   description: Standard error of declination (dec_error)
#   meta: !!omap
#   - {ucd: ERROR}
#   - {width: 7}
#   - {precision: '4'}
# - name: _r_1
#   unit: ''
#   datatype: float64
#   format: '{:7.4f}'
#   description: Distance from center (299.73040669000+31.09010605000)[ICRS], at Epoch=J2016.0
#   meta: !!omap
#   - {ucd: POS_ANG_DIST_GENERAL}
#   - {width: 7}
#   - {precision: '4'}
# - name: HIP
#   datatype: int32
#   description: '? HIP cross-id number, van Leeuwen, Cat. I/311 (hip_original_ext_source_id)'
#   meta: !!omap
#   - {ucd: ID_NUMBER}
#   - {width: 6}
#   - values: {'null': -2147483648}
# - name: TYC2
#   datatype: string
#   description: Tycho-2 cross-id name, Hog et al., Cat. I/259 (tyc2_original_ext_source_id)
#   meta: !!omap
#   - {ucd: ID_CROSSID}
#   - {_votable_string_dtype: char}
# - name: Source
#   datatype: int64
#   description: Source identifier, identical to the Gaia-EDR3 source_id (id)
#   meta: !!omap
#   - {ucd: ID_MAIN}
#   - {width: 19}
# - name: rgeo
#   unit: pc
#   datatype: float64
#   format: '{:15.8f}'
#   description: '? Median of the geometric distance posterior (r_med_geo)'
#   meta: !!omap
#   - {ucd: PHYS_DISTANCE_TRUE}
#   - {width: 15}
#   - {precision: '8'}
#   - values: {'null': .nan}
# - name: Plx
#   unit: mas
#   datatype: float64
#   format: '{:9.4f}'
#   description: '? Parallax (parallax)'
#   meta: !!omap
#   - {ucd: POS_PARLX_TRIG}
#   - {width: 9}
#   - {precision: '4'}
#   - values: {'null': .nan}
# - name: e_Plx
#   unit: mas
#   datatype: float32
#   format: '{:7.4f}'
#   description: '? Standard error of parallax (parallax_error)'
#   meta: !!omap
#   - {ucd: ERROR}
#   - {width: 7}
#   - {precision: '4'}
#   - values: {'null': .nan}
# - name: pmRA
#   unit: mas / yr
#   datatype: float64
#   format: '{:9.3f}'
#   description: '? Proper motion in right ascension direction, pmRA*cosDE (pmra)'
#   meta: !!omap
#   - {ucd: POS_EQ_PMRA}
#   - {width: 9}
#   - {precision: '3'}
#   - values: {'null': .nan}
# - name: pmDE
#   unit: mas / yr
#   datatype: float64
#   format: '{:9.3f}'
#   description: '? Proper motion in declination direction (pmdec)'
#   meta: !!omap
#   - {ucd: POS_EQ_PMDEC}
#   - {width: 9}
#   - {precision: '3'}
#   - values: {'null': .nan}
# - name: e_pmRA
#   unit: mas / yr
#   datatype: float32
#   format: '{:6.3f}'
#   description: '? Standard error of proper motion in right ascension direction (pmra_error)'
#   meta: !!omap
#   - {ucd: ERROR}
#   - {width: 6}
#   - {precision: '3'}
#   - values: {'null': .nan}
# - name: e_pmDE
[...]
#       distance: !astropy.table.SerializedColumn
#         __class__: astropy.coordinates.distances.Distance
#         unit: !astropy.units.Unit {unit: pc}
#         value: !astropy.table.SerializedColumn {name: SkyCoord.distance}
#       frame: icrs
#       obstime: !astropy.time.Time {format: jyear_str, in_subfmt: '*', jd1: 367701545.0, jd2: 0.0, out_subfmt: '*', precision: 3, scale: tt}
#       pm_dec: !astropy.table.SerializedColumn
#         __class__: astropy.units.quantity.Quantity
#         unit: !astropy.units.Unit {unit: mas / yr}
#         value: !astropy.table.SerializedColumn {name: SkyCoord.pm_dec}
#       pm_ra_cosdec: !astropy.table.SerializedColumn
#         __class__: astropy.units.quantity.Quantity
#         unit: !astropy.units.Unit {unit: mas / yr}
#         value: !astropy.table.SerializedColumn {name: SkyCoord.pm_ra_cosdec}
#       ra: !astropy.table.SerializedColumn
#         __class__: astropy.coordinates.angles.Longitude
#         unit: *id001
#         value: !astropy.table.SerializedColumn {name: SkyCoord.ra}
#         wrap_angle: !astropy.coordinates.Angle
#           unit: *id001
#           value: 360.0
#       representation_type: spherical
# schema: astropy-2.0
RA_ICRS_1 DE_ICRS_1 e_RA_ICRS e_DE_ICRS _r_1 HIP TYC2 Source rgeo Plx e_Plx pmRA pmDE e_pmRA e_pmDE RUWE Teff logg Gmag BP-RP BPmag RPmag RV e_RV b_rgeo B_rgeo FG e_FG FBP e_FBP FRP e_FRP RAVE5 RAVE6 e_Gmag e_BPmag e_RPmag e_BP-RP SkyCoord.ra SkyCoord.dec SkyCoord.distance SkyCoord.pm_ra_cosdec SkyCoord.pm_dec rmRA rmDE e_rmRA e_rmDE rRV e_rRV v_pec v_pec3d e_vpec e_vpec3d Pmemb
[from data line 32]
299.73848117346 31.16104467607 0.0178 0.0232 4.2765 "" "" 2030542516201833856 2160.9917 0.4376 0.0277 -2.201 -6.002 0.024 0.031 1.043 "" "" 15.58065 1.210116 16.097754 14.887637 "" "" 2049.50293 2282.78198 11032.82442 3.2391 4969.5 8.6958 8792.3 8.3895 "" "" 0.0027736972565149337 0.0033755754 0.003918803 0.0072943782 299.73848117346 31.16104467607 2160.9917 -2.201 -6.002 -0.028488422393798896 0.020418498992920142 0.066504925 0.073504925 "" "" 0.3590210888988763 "" 0.024758165327938706 "" 0.93
299.70559665742 31.07186592837 0.0184 0.0228 1.6802 "" "" 2030540798214887296 2537.89087 0.3701 0.0268 -2.135 -6.136 0.026 0.03 1.007 "" "" 15.74046 1.152169 16.228071 15.075902 "" "" 2388.39941 2692.59302 9522.75501 2.7288 4407.5 6.6105 7392.6 8.1309 "" "" 0.0027728302325246996 0.0032306032 0.0039635547 0.0071941577 299.70559665742 31.07186592837 2537.89087 -2.1350000000000025 -6.136 0.037511577606201385 -0.1135815010070802 0.06850492 0.07250492 "" "" 1.4389273461440422 "" 0.10377742091022821 "" 0.94
299.78927056632 31.08641735748 0.0192 0.025 3.0327 "" "" 2030538255594178688 2420.27637 0.3915 0.029 -2.231 -6.0 0.028 0.034 0.992 "" "" 15.821618 1.249353 16.360098 15.110745 "" "" 2272.7771 2597.98535 8836.89278 2.6597 3902.8 7.1075 7159.1 8.3246 "" "" 0.002774630694942841 0.0034197404 0.003984673 0.007404413 299.78927056632 31.08641735748 2420.27637 -2.231 -6.0 -0.0584884223937987 0.022418498992919922 0.07050492 0.07650492 "" "" 0.7185868762759874 "" 0.051236470425129695 "" 0.91
299.75397724915 31.15747438663 0.0191 0.0243 4.2195 "" "" 2030541760287571584 2619.02734 0.3582 0.0283 -2.165 -6.144 0.026 0.033 1.017 9002.0 4.0193 15.839517 1.226695 16.368258 15.141562 "" "" 2427.95508 2836.30615 8692.41156 2.768 3873.6 6.7363 6958.8 9.2171 "" "" 0.002776927402163828 0.003368986 0.0040437374 0.0074127233 299.75397724915 31.15747438663 2619.02734 -2.165000000000002 -6.144000000000003 0.007511577606201136 -0.1215815010070802 0.06850492 0.07550492 "" "" 1.5122136622990887 "" 0.11414118140178585 "" 0.96
299.69468987663 31.0175439733 0.0221 0.0279 4.725 "" "" 2030536228369657728 2284.07251 0.4212 0.0331 -2.163 -5.986 0.029 0.036 0.988 8152.6 3.5932 16.1062 1.318634 16.692028 15.373394 "" "" 2115.77686 2458.25488 6799.345 2.3627 2874.8 7.928 5620.8 6.3591 "" "" 0.002781030550098616 0.004092708 0.0039739865 0.008066695 299.69468987663 31.0175439733 2284.07251 -2.1629999999999985 -5.986000000000001 0.00951157760620136 0.036418498992920156 0.07150492 0.07850492 "" "" 0.40751068893165276 "" 0.03181708433901042 "" 0.95
299.75925842226 31.14591030079 0.0224 0.03 3.6616 "" "" 2030541691568081408 2250.13721 0.4279 0.0336 -2.166 -5.954 0.031 0.041 0.98 "" "" 16.192217 1.290369 16.757256 15.466886 "" "" 2086.1001 2406.10669 6281.44877 2.3829 2707.2 6.8327 5157.1 7.2217 "" "" 0.00278593506995247 0.0039107837 0.0040737386 0.007984523 299.75925842226 31.14591030079 2250.13721 -2.166 -5.954 0.0065115776062012465 0.06841849899292018 0.073504925 0.08350492 "" "" 0.7330252235841255 "" 0.061149322903595336 "" 0.91
299.69902148328 31.15537429982 0.023 0.0291 4.2349 "" "" 2030542408779107200 2553.7854 0.3721 0.0343 -2.143 -6.069 0.031 0.04 1.012 "" "" 16.214201 1.332368 16.802862 15.470494 "" "" 2345.34106 2832.53955 6155.53868 2.3244 2595.8 7.8618 5140.0 12.511 "" "" 0.002785655751222187 0.004312557 0.0046116984 0.008924255 299.69902148328 31.15537429982 2553.7854 -2.1430000000000016 -6.069000000000005 0.029511577606201378 -0.04658150100708003 0.073504925 0.08250492 "" "" 0.6675049460149718 "" 0.053420854510815026 "" 0.94
299.6925404472 31.04695689595 0.0235 0.0308 3.2388 "" "" 2030539286386395776 2204.72656 0.4264 0.0349 -2.208 -6.117 0.032 0.04 1.023 "" "" 16.281118 1.503792 16.971022 15.46723 "" "" 2060.24756 2407.7063 5787.6111 2.3211 2223.4 6.2911 5155.4 6.2088 "" "" 0.002789514134201287 0.004150031 0.0039991876 0.008149219 299.6925404472 31.04695689595 2204.72656 -2.2079999999999997 -6.117000000000002 -0.03548842239379901 -0.09458150100708007 0.07450493 0.08250492 "" "" 1.055702287117531 "" 0.08610316613630105 "" 0.92
299.72180210742 31.07829194721 0.0238 0.0301 0.8354 "" "" 2030540901294090112 2314.0022 0.4162 0.0351 -2.181 -6.011 0.033 0.04 1.005 10027.5 4.1996 16.328905 1.299885 16.852879 15.552994 "" "" 2124.33716 2554.92261 5538.40667 2.738 2478.9 21.315 4763.9 16.465 "" "" 0.0028071143653074894 0.009743812 0.0053258953 0.015069706 299.72180210742 31.07829194721 2314.0022 -2.181 -6.011000000000001 -0.008488422393798878 0.011418498992919801 0.07550492 0.08250492 "" "" 0.15605776244677289 "" 0.012497660907472721 "" 0.93
299.70663764515 31.09508764603 0.0248 0.0317 1.2573 "" "" 2030541107452548992 2598.31714 0.3756 0.0368 -2.099 -6.053 0.034 0.042 0.98 "" "" 16.354935 1.377196 16.969555 15.592359 "" "" 2347.64673 2908.06226 5407.20617 2.2236 2226.4 6.5659 4594.3 6.7729 "" "" 0.002791261238181315 0.004247066 0.0041043404 0.008351406 299.70663764515 31.09508764603 2598.31714 -2.099000000000001 -6.053000000000007 0.07351157760620097 -0.030581501007080014 0.07650492 0.08450492 "" "" 0.9805890744887307 "" 0.07622801542847506 "" 0.94
299.72372907881 31.04536076014 0.0248 0.032 2.7066 "" "" 2030537770214059520 2353.05884 0.4056 0.0369 -2.112 -6.022 0.034 0.041 0.958 "" "" 16.417894 1.476161 17.086285 15.610124 "" "" 2161.26123 2561.73657 5102.57404 2.6961 1999.4 6.8869 4519.7 7.6704 "" "" 0.0028144093650723403 0.004665957 0.004204632 0.008870589 299.72372907881 31.04536076014 2353.05884 -2.1120000000000028 -6.022000000000001 0.06051157760620107 0.0004184989929196803 0.07650492 0.08350492 "" "" 0.6749319552110321 "" 0.05163585384220552 "" 0.92
