Clusters/LP_2106/LP_2106_stars_in_region.tsv
# %ECSV 1.0
# ---
# datatype:
# - name: RA_ICRS_1
#   unit: deg
#   datatype: float64
#   format: '{:15.11f}'
#   description: Right ascension (ICRS) at Ep=2016.0 (ra)
#   meta: !!omap
#   - {ucd: POS_EQ_RA_MAIN}
#   - {width: 15}
#   - {precision: '11'}
# - name: DE_ICRS_1
#   unit: deg
#   datatype: float64
#   format: '{:15.11f}'
#   description: Declination (ICRS) at Ep=2016.0 (dec)
#   meta: !!omap
#   - {ucd: POS_EQ_DEC_MAIN}
#   - {width: 15}
#   - {precision: '11'}
# - name: e_RA_ICRS
#   unit: mas
#   datatype: float64
#   format: '{:7.4f}'
#   description: Standard error of right ascension (ra_error)
#   meta: !!omap
#   - {ucd: ERROR}
#   - {width: 7}
#   - {precision: '4'}
# - name: e_DE_ICRS
#   unit: mas
#   datatype: float64
#   format: '{:7.4f}'
#   description: Standard error of declination (dec_error)
#   meta: !!omap
#   - {ucd: ERROR}
#   - {width: 7}
#   - {precision: '4'}
# - name: _r_1
#   unit: ''
#   datatype: float64
#   format: '{:7.4f}'
#   description: Distance from center (263.49860856000-35.05819479000)[ICRS], at Epoch=J2016.0
#   meta: !!omap
#   - {ucd: POS_ANG_DIST_GENERAL}
#   - {width: 7}
#   - {precision: '4'}
# - name: HIP
#   datatype: int32
#   description: '? HIP cross-id number, van Leeuwen, Cat. I/311 (hip_original_ext_source_id)'
#   meta: !!omap
#   - {ucd: ID_NUMBER}
#   - {width: 6}
#   - values: {'null': -2147483648}
# - name: TYC2
#   datatype: string
#   description: Tycho-2 cross-id name, Hog et al., Cat. I/259 (tyc2_original_ext_source_id)
#   meta: !!omap
#   - {ucd: ID_CROSSID}
#   - {_votable_string_dtype: char}
# - name: Source
#   datatype: int64
#   description: Source identifier, identical to the Gaia-EDR3 source_id (id)
#   meta: !!omap
#   - {ucd: ID_MAIN}
#   - {width: 19}
# - name: rgeo
#   unit: pc
#   datatype: float64
#   format: '{:15.8f}'
#   description: '? Median of the geometric distance posterior (r_med_geo)'
#   meta: !!omap
#   - {ucd: PHYS_DISTANCE_TRUE}
#   - {width: 15}
#   - {precision: '8'}
#   - values: {'null': .nan}
# - name: Plx
#   unit: mas
#   datatype: float64
#   format: '{:9.4f}'
#   description: '? Parallax (parallax)'
#   meta: !!omap
#   - {ucd: POS_PARLX_TRIG}
#   - {width: 9}
#   - {precision: '4'}
#   - values: {'null': .nan}
# - name: e_Plx
#   unit: mas
#   datatype: float32
#   format: '{:7.4f}'
#   description: '? Standard error of parallax (parallax_error)'
#   meta: !!omap
#   - {ucd: ERROR}
#   - {width: 7}
#   - {precision: '4'}
#   - values: {'null': .nan}
# - name: pmRA
#   unit: mas / yr
#   datatype: float64
#   format: '{:9.3f}'
#   description: '? Proper motion in right ascension direction, pmRA*cosDE (pmra)'
#   meta: !!omap
#   - {ucd: POS_EQ_PMRA}
#   - {width: 9}
#   - {precision: '3'}
#   - values: {'null': .nan}
# - name: pmDE
#   unit: mas / yr
#   datatype: float64
#   format: '{:9.3f}'
#   description: '? Proper motion in declination direction (pmdec)'
#   meta: !!omap
#   - {ucd: POS_EQ_PMDEC}
#   - {width: 9}
#   - {precision: '3'}
#   - values: {'null': .nan}
# - name: e_pmRA
#   unit: mas / yr
#   datatype: float32
#   format: '{:6.3f}'
#   description: '? Standard error of proper motion in right ascension direction (pmra_error)'
#   meta: !!omap
#   - {ucd: ERROR}
#   - {width: 6}
#   - {precision: '3'}
#   - values: {'null': .nan}
# - name: e_pmDE
[...]
#         value: !astropy.table.SerializedColumn {name: SkyCoord.dec}
#       distance: !astropy.table.SerializedColumn
#         __class__: astropy.coordinates.distances.Distance
#         unit: !astropy.units.Unit {unit: pc}
#         value: !astropy.table.SerializedColumn {name: SkyCoord.distance}
#       frame: icrs
#       obstime: !astropy.time.Time {format: jyear_str, in_subfmt: '*', jd1: 367701545.0, jd2: 0.0, out_subfmt: '*', precision: 3, scale: tt}
#       pm_dec: !astropy.table.SerializedColumn
#         __class__: astropy.units.quantity.Quantity
#         unit: !astropy.units.Unit {unit: mas / yr}
#         value: !astropy.table.SerializedColumn {name: SkyCoord.pm_dec}
#       pm_ra_cosdec: !astropy.table.SerializedColumn
#         __class__: astropy.units.quantity.Quantity
#         unit: !astropy.units.Unit {unit: mas / yr}
#         value: !astropy.table.SerializedColumn {name: SkyCoord.pm_ra_cosdec}
#       ra: !astropy.table.SerializedColumn
#         __class__: astropy.coordinates.angles.Longitude
#         unit: *id001
#         value: !astropy.table.SerializedColumn {name: SkyCoord.ra}
#         wrap_angle: !astropy.coordinates.Angle
#           unit: *id001
#           value: 360.0
#       representation_type: spherical
# schema: astropy-2.0
RA_ICRS_1 DE_ICRS_1 e_RA_ICRS e_DE_ICRS _r_1 HIP TYC2 Source rgeo Plx e_Plx pmRA pmDE e_pmRA e_pmDE RUWE Teff logg Gmag BP-RP BPmag RPmag RV e_RV b_rgeo B_rgeo FG e_FG FBP e_FBP FRP e_FRP RAVE5 RAVE6 e_Gmag e_BPmag e_RPmag e_BP-RP SkyCoord.ra SkyCoord.dec SkyCoord.distance SkyCoord.pm_ra_cosdec SkyCoord.pm_dec rmRA rmDE e_rmRA e_rmDE rRV e_rRV v_pec v_pec3d e_vpec e_vpec3d
[from data line 1188]
263.38484911891 -35.12278386839 0.05 0.0392 6.7978 "" "" 5975048795862548992 2341.35327 0.4091 0.0544 -0.46 -1.984 0.068 0.049 1.073 8569.4 3.3335 16.330967 1.768233 17.170792 15.402558 "" "" 2108.14429 2749.39185 5527.89405 3.2555 1849.7 10.373 5471.9 16.175 "" "" 0.0028285402515788446 0.0066975965 0.0049582543 0.01165585 263.38484911891 -35.12278386839 2341.35327 -0.4600000000000006 -1.9839999999999995 -0.2619245266914368 0.30709430313110353 0.18421108 0.16521107 "" "" 4.479411742093079 "" 0.7770261194601622 ""
263.88406515418 -35.12293342673 0.0543 0.0409 19.3184 "" "" 4053315943253176192 2140.81348 0.4339 0.0548 -0.903 -2.202 0.072 0.051 0.989 "" "" 16.332018 1.820064 17.205626 15.385561 "" "" 1930.03662 2444.36572 5522.5443 3.4953 1791.3 7.0944 5558.2 16.805 "" "" 0.00283971894232395 0.0051259454 0.0050059683 0.010131914 263.88406515418 -35.12293342673 2140.81348 -0.9029999999999994 -2.202 -0.7049245266914368 0.08909430313110356 0.18821107 0.16721107 "" "" 7.210096846143635 "" 1.354770345889478 ""
263.22439290157 -34.89560321025 0.0515 0.0386 16.6407 "" "" 5975067109603490304 1938.20752 0.4864 0.0571 -1.117 -6.136 0.065 0.047 1.016 9075.5 3.3712 16.33234 2.368599 17.59199 15.223391 "" "" 1725.88904 2145.69849 5520.91219 4.1381 1254.9 19.221 6453.6 10.203 "" "" 0.002872986259782323 0.0168624 0.004150926 0.021013327 263.22439290157 -34.89560321025 1938.20752 -1.1170000000000015 -6.136 -0.9189245266914368 -3.8449056968688966 0.18121107 0.16321108 "" "" 36.31837895515289 "" 5.964716586302424 ""
263.37548531656 -34.98641234241 0.0477 0.0356 7.4263 "" "" 5975059584820580864 1968.76965 0.4938 0.0508 5.156 -0.79 0.063 0.044 0.952 "" "" 16.3331 2.023023 17.325556 15.302533 "" "" 1751.21912 2272.03198 5517.05255 3.4405 1604.0 8.5999 5999.9 24.292 "" "" 0.002837291687443599 0.00645535 0.005797179 0.012252529 263.37548531656 -34.98641234241 1968.76965 5.156 -0.7900000000000001 5.354075473308563 1.5010943031311035 0.17921108 0.16021107 "" "" 51.890616977755045 "" 9.231081433071461 ""
263.48374781587 -35.03211168577 0.0518 0.0403 1.7269 "" "" 5975055770889457024 1822.75293 0.5183 0.0577 -0.135 -2.227 0.067 0.046 1.092 8834.5 4.0891 16.335777 1.871796 17.201733 15.329937 "" "" 1658.34399 2016.45312 5503.45824 4.1662 1797.7 24.206 5850.4 47.43 "" "" 0.00287529814369394 0.014883294 0.009579284 0.024462577 263.48374781587 -35.03211168577 1822.75293 -0.13500000000000015 -2.227000000000001 0.06307547330856322 0.06409430313110365 0.18321107 0.16221108 "" "" 0.7769427060575906 "" 0.13430383187383338 ""
263.35042858938 -35.1851177635 0.0599 0.0461 10.5298 "" "" 5975047077875588224 2328.12476 0.4053 0.067 -0.431 -3.406 0.081 0.057 1.361 "" "" 16.335804 2.397855 17.567356 15.169501 "" "" 2026.02271 2720.02759 5503.3258 4.7162 1283.7 11.289 6782.0 35.455 "" "" 0.0029081814911352806 0.00994741 0.00681916 0.01676657 263.35042858938 -35.1851177635 2328.12476 -0.43099999999999994 -3.4059999999999997 -0.23292452669143676 -1.1149056968688966 0.19721107 0.17321107 "" "" 12.568965546293331 "" 2.190532121971433 ""
263.16251056306 -35.01589125839 0.0563 0.0442 16.7054 "" "" 5975064635687715456 2086.55566 0.4424 0.0606 -2.912 -4.055 0.072 0.052 1.052 "" "" 16.337337 2.982657 18.069052 15.086395 "" "" 1851.26355 2411.05273 5495.56112 3.8546 808.72 10.375 7321.5 18.563 "" "" 0.0028586237123937276 0.014205527 0.004675634 0.01888116 263.16251056306 -35.01589125839 2086.55566 -2.911999999999994 -4.054999999999998 -2.7139245266914367 -1.7639056968688962 0.18821107 0.16821107 "" "" 32.0126479712424 "" 5.842322869687357 ""
263.53994586643 -35.40152940859 0.0538 0.0402 20.6995 "" "" 5974852704876175360 2079.61694 0.4448 0.0582 -0.493 -7.741 0.068 0.047 1.072 4767.3 3.2981 16.338936 2.950431 18.046865 15.096435 "" "" 1831.4635 2363.79712 5487.47459 4.0377 825.41 4.4144 7254.1 12.204 "" "" 0.002868799635223641 0.00644223 0.004197641 0.010639871 263.53994586643 -35.40152940859 2079.61694 -0.4929999999999993 -7.741 -0.29492452669143676 -5.449905696868896 0.18421108 0.16321108 "" "" 53.80041923279434 "" 8.784334897175656 ""
263.4405180401 -34.99831454134 0.0513 0.0391 4.5885 "" "" 5975058622732201216 2118.84253 0.4546 0.0565 -0.287 -2.139 0.063 0.045 0.979 "" "" 16.339865 1.652188 17.07855 15.426362 "" "" 1932.35144 2443.4187 5482.77721 4.3967 2013.7 21.158 5353.2 30.684 "" "" 0.002889609824343339 0.011744118 0.007281041 0.019025158 263.4405180401 -34.99831454134 2118.84253 -0.2869999999999999 -2.139 -0.08892452669143674 0.15209430313110373 0.17921108 0.16121107 "" "" 1.7694553896939653 "" 0.2936977747583681 ""
263.63620151099 -35.04755075775 0.048 0.0363 6.7883 "" "" 5974868437284601088 2060.48218 0.4708 0.0539 -0.839 -1.884 0.064 0.044 1.075 9263.4 4.1093 16.340727 2.020514 17.36325 15.342736 "" "" 1880.33459 2301.29443 5478.42669 3.5381 1549.2 9.7528 5781.8 16.692 "" "" 0.0028431431960556646 0.0073826765 0.0049100793 0.012292756 263.63620151099 -35.04755075775 2060.48218 -0.839 -1.883999999999999 -0.6409245266914367 0.4070943031311036 0.18021107 0.16021107 "" "" 7.4156740884966705 "" 1.2954919069063757 ""
263.50353130385 -35.00364384351 0.0522 0.0416 3.282 "" "" 5975055904016642048 1620.94006 0.6016 0.0622 -0.112 -2.34 0.065 0.045 0.969 "" "" 16.34112 1.881772 17.273283 15.391511 "" "" 1472.17163 1781.92993 5476.45093 3.5311 1683.1 5.7211 5527.8 15.88 "" "" 0.0028428635369569084 0.0046265954 0.004900225 0.009526821 263.50353130385 -35.00364384351 1620.94006 -0.11200000000000002 -2.340000000000003 0.08607547330856323 -0.04890569686889634 0.18121107 0.16121107 "" "" 0.7606327979449223 "" 0.1342816673032837 ""
263.73943709696 -35.23349581362 0.0514 0.0382 15.8187 "" "" 5974861221739426048 2378.50732 0.3961 0.0569 -0.265 -1.214 0.066 0.047 1.031 7226.3 2.5652 16.341501 2.443544 17.652777 15.209232 "" "" 2103.65503 2803.84839 5474.51895 3.7051 1186.6 10.602 6538.3 10.596 "" "" 0.0028516211330180115 0.01009409 0.0041689016 0.014262992 263.73943709696 -35.23349581362 2378.50732 -0.2649999999999999 -1.214 -0.06692452669143678 1.0770943031311035 0.18221107 0.16321108 "" "" 12.166713557198825 "" 1.9866829836679878 ""
263.06573882746 -35.16023822643 0.0574 0.0462 22.1113 "" "" 5975039106415437952 2085.6958 0.4563 0.0624 -3.057 -3.741 0.074 0.058 0.987 9286.0 3.712 16.344118 3.309275 18.296858 14.987583 "" "" 1858.31335 2351.48169 5461.3408 5.0183 655.65 9.6602 8019.1 35.259 "" "" 0.002930377223680359 0.016238498 0.0060887896 0.022327287 263.06573882746 -35.16023822643 2085.6958 -3.0570000000000026 -3.7410000000000005 -2.8589245266914367 -1.4499056968688966 0.19021107 0.17421107 "" "" 31.69089532109127 "" 5.927754642636894 ""
263.32145141407 -34.82007348044 0.1353 0.0986 16.7348 "" "" 5975073397421370624 1702.53906 0.6248 0.1452 1.035 -0.135 0.147 0.105 2.137 "" "" 16.34439 1.914466 17.002707 15.088241 "" "" 1383.95605 2169.23755 5459.9696 6.6464 2159.4 62.525 7309.1 170.03 "" "" 0.0030559091832046085 0.031560853 0.025538443 0.057099298 263.32145141407 -34.82007348044 1702.53906 1.0349999999999977 -0.13499999999999995 1.2330754733085632 2.1560943031311037 0.26321107 0.22121108 "" "" 20.0442807185096 "" 4.655660372387024 ""
263.08429249349 -35.19375253804 0.0508 0.0399 21.8983 "" "" 5975038797177767040 1997.13513 0.4633 0.0585 -0.794 -1.398 0.068 0.05 1.033 "" "" 16.345194 2.487763 17.694675 15.206912 "" "" 1815.39905 2323.84546 5455.93881 3.662 1141.7 11.667 6552.3 16.56 "" "" 0.0028500618762403187 0.011440561 0.004670492 0.016111054 263.08429249349 -35.19375253804 1997.13513 -0.794 -1.397999999999999 -0.5959245266914368 0.8930943031311036 0.18421108 0.16621107 "" "" 10.163706824612355 "" 1.7477233144550248 ""
263.38414516205 -35.32887213305 0.0577 0.044 17.1831 "" "" 5974857377800764800 2389.73682 0.3791 0.0662 -0.341 0.326 0.071 0.052 1.106 "" "" 16.345835 2.700375 17.857378 15.157003 "" "" 2103.92139 2653.98608 5452.71682 3.2731 982.8 12.604 6860.5 13.176 "" "" 0.0028313507498957404 0.014200915 0.0043164655 0.01851738 263.38414516205 -35.32887213305 2389.73682 -0.34099999999999964 0.32600000000000007 -0.1429245266914368 2.6170943031311036 0.18721107 0.16821107 "" "" 29.688924010794306 "" 4.995777544591265 ""
263.11770258724 -35.10356415379 0.0571 0.044 18.8997 "" "" 5975063123873718144 1868.08215 0.487 0.0598 -0.769 -0.674 0.073 0.051 0.893 9244.7 3.6364 16.345945 2.622573 17.792128 15.169555 "" "" 1718.12952 2142.78833 5452.15938 5.9429 1043.7 9.0071 6781.7 15.472 "" "" 0.002998728220040938 0.009776479 0.0045187864 0.014295265 263.11770258724 -35.10356415379 1868.08215 -0.7689999999999996 -0.6739999999999999 -0.5709245266914368 1.6170943031311036 0.18921107 0.16721107 "" "" 15.185113566311978 "" 2.5782792302941764 ""
263.49411028385 -35.18575017283 0.0485 0.0376 7.6565 "" "" 5974860087868093184 2100.4502 0.4346 0.053 3.076 -0.562 0.067 0.047 1.028 8141.7 3.7735 16.346882 2.708711 17.865547 15.156837 "" "" 1885.2478 2310.54102 5447.45537 3.4386 975.43 8.0688 6861.6 13.715 "" "" 0.0028392769796099704 0.009404682 0.0043581403 0.013762822 263.49411028385 -35.18575017283 2100.4502 3.076 -0.562 3.2740754733085633 1.7290943031311035 0.18321107 0.16321108 "" "" 36.86370330364666 "" 6.600077813548451 ""
263.91938921873 -35.08402975367 0.0594 0.0451 20.7211 "" "" 4053316463032810880 2076.96045 0.457 0.0644 -0.526 -2.248 0.083 0.055 1.05 9250.3 4.0515 16.349323 2.096652 17.416218 15.319566 "" "" 1853.28394 2361.57837 5435.22367 3.8706 1475.5 6.4838 5906.5 16.463 "" "" 0.002861749333221006 0.0055270283 0.004841678 0.010368707 263.91938921873 -35.08402975367 2076.96045 -0.526 -2.248 -0.3279245266914368 0.043094303131103295 0.19921106 0.17121106 "" "" 3.2561063685987888 "" 0.6472117882766394 ""
263.71937009595 -35.27307826066 0.0602 0.0442 16.8369 "" "" 5974849337621804160 2280.75928 0.4283 0.0623 -0.072 -1.392 0.078 0.053 1.101 9207.9 3.5767 16.349735 2.271245 17.538095 15.26685 "" "" 1996.77246 2625.479 5433.15933 3.7532 1318.8 9.1091 6200.4 12.859 "" "" 0.0028555772272406453 0.008001536 0.004399308 0.012400844 263.71937009595 -35.27307826066 2280.75928 -0.07200000000000006 -1.3919999999999981 0.12607547330856322 0.8990943031311036 0.19421107 0.16921107 "" "" 9.815024263396161 "" 1.6658843898816318 ""
263.47365576356 -35.0679645507 0.0462 0.0361 1.3584 "" "" 5975055186773868288 2245.24463 0.4306 0.0502 -1.465 -2.923 0.06 0.043 1.036 9081.5 4.3957 16.350035 1.709383 17.14737 15.437986 "" "" 2017.22107 2538.71021 5431.66128 3.3354 1890.0 10.675 5296.2 18.46 "" "" 0.0028348363191117946 0.0067373114 0.005348369 0.01208568 263.47365576356 -35.0679645507 2245.24463 -1.465 -2.9230000000000005 -1.2669245266914368 -0.6319056968688965 0.17621107 0.15921107 "" "" 15.067266957934732 "" 2.606000866865274 ""
263.55674511752 -35.01522324379 0.0465 0.0353 3.8477 "" "" 5975056522491913728 2287.39233 0.4313 0.0507 -0.799 -1.342 0.059 0.042 1.049 9193.2 4.0141 16.350634 2.196555 17.486052 15.289496 "" "" 2023.64539 2640.73096 5428.66981 3.8602 1383.6 6.8108 6072.4 11.939 "" "" 0.002861439776183091 0.0060290433 0.0043405723 0.010369616 263.55674511752 -35.01522324379 2287.39233 -0.7989999999999999 -1.342 -0.6009245266914368 0.9490943031311034 0.17521107 0.15821107 "" "" 12.179509549477713 "" 1.9883877449444605 ""
263.30442863842 -35.10399376197 0.051 0.0397 9.9224 "" "" 5975052124445282432 2384.73608 0.3945 0.0538 -1.266 -1.59 0.062 0.047 1.036 "" "" 16.351 2.054628 17.386734 15.332106 "" "" 2144.17236 2680.59717 5426.8415 4.0254 1516.1 8.8345 5838.7 15.228 "" "" 0.0028706066755936 0.0069146515 0.0047225407 0.011637192 263.30442863842 -35.10399376197 2384.73608 -1.2660000000000011 -1.5900000000000003 -1.0679245266914368 0.7010943031311034 0.17821106 0.16321108 "" "" 14.440366348042309 "" 2.5101624696906004 ""
263.32990445784 -34.83714655177 0.0602 0.0441 15.6443 "" "" 5975073328718744448 1629.36377 0.5764 0.0645 -1.977 -4.028 0.074 0.052 1.086 "" "" 16.351116 "" "" "" "" "" 1485.87048 1749.75452 5426.25275 3.3796 "" "" "" "" "" "" 0.0028370876290030357 "" "" "" 263.32990445784 -34.83714655177 1629.36377 -1.9769999999999999 -4.028 -1.7789245266914369 -1.736905696868896 0.19021107 0.16821107 "" "" 19.201727764578525 "" 3.4526732745893045 ""
263.52490287393 -34.87045110518 0.0481 0.0368 11.3386 "" "" 5975061474606623488 1643.9032 0.5576 0.0523 -2.346 -4.594 0.063 0.044 1.011 7075.3 4.0349 16.351772 2.227406 17.509247 15.281841 "" "" 1519.24207 1785.2251 5422.9739 3.6582 1354.3 8.4202 6115.4 14.17 "" "" 0.0028510022389445565 0.007304344 0.0045401296 0.011844473 263.52490287393 -34.87045110518 1643.9032 -2.346 -4.594 -2.147924526691437 -2.302905696868897 0.17921108 0.16021107 "" "" 24.53825871861779 "" 4.154712832050099 ""
263.34308388698 -35.28966598808 0.0534 0.0406 15.845 "" "" 5975045394248335104 2192.73022 0.4233 0.0609 -1.192 -2.822 0.073 0.052 1.026 6988.8 2.7639 16.352762 3.374764 18.39716 15.022395 "" "" 1967.21948 2559.50244 5418.03476 4.3867 597.8 9.1001 7766.1 19.885 "" "" 0.0028921519239494516 0.01676164 0.0046917163 0.021453356 263.34308388698 -35.28966598808 2192.73022 -1.192 -2.822 -0.9939245266914367 -0.5309056968688965 0.18921107 0.16821107 "" "" 11.711758574377452 "" 2.163813971430676 ""
263.44136090383 -34.96802474575 0.0501 0.0386 6.0979 "" "" 5975059069424462336 2002.1781 0.4816 0.0533 0.499 -0.979 0.065 0.046 0.98 "" "" 16.35301 1.827929 17.24615 15.418221 "" "" 1853.05957 2200.06665 5416.8021 3.3583 1725.7 7.6063 5393.5 9.9585 "" "" 0.0028363528128076054 0.005539549 0.004278144 0.009817693 263.44136090383 -34.96802474575 2002.1781 0.49900000000000005 -0.9790000000000003 0.6970754733085632 1.3120943031311034 0.18121107 0.16221108 "" "" 14.100417205653995 "" 2.3488397941260417 ""
263.59389285676 -35.06005096561 0.0469 0.0352 4.6811 "" "" 5974867032887336448 2322.60913 0.4189 0.052 -0.002 -2.953 0.062 0.044 0.958 "" "" 16.353312 2.382999 17.626167 15.243168 "" "" 2089.85693 2606.88574 5415.29063 3.3054 1216.0 5.5195 6337.1 10.202 "" "" 0.002833898379700042 0.005663254 0.0041640024 0.009827256 263.59389285676 -35.06005096561 2322.60913 -0.0019999999999998908 -2.953 0.19607547330856323 -0.6619056968688963 0.17821106 0.16021107 "" "" 7.6000320749453 "" 1.2292099935650973 ""
263.10834708863 -35.08113824105 0.0563 0.0415 19.214 "" "" 5975063948507472512 2198.43091 0.4295 0.0622 -1.671 -4.806 0.073 0.05 0.972 7815.2 2.9819 16.353613 2.682947 17.838985 15.156038 "" "" 1910.68701 2505.17065 5413.797 7.0826 999.59 9.0955 6866.6 27.453 "" "" 0.003099897804071799 0.01026581 0.0057555623 0.016021373 263.10834708863 -35.08113824105 2198.43091 -1.671 -4.805999999999999 -1.4729245266914368 -2.5149056968688965 0.18921107 0.16621107 "" "" 30.37063483144206 "" 5.23521483801077 ""
263.06113399466 -35.16274373388 0.0606 0.049 22.3699 "" "" 5975039106415439360 1651.32764 0.582 0.0671 -0.59 -0.714 0.08 0.062 1.088 "" "" 16.355305 2.529827 17.726753 15.196926 "" "" 1465.46313 1863.86157 5405.36345 4.2399 1108.4 9.3291 6612.8 23.904 "" "" 0.002883934221909122 0.009554809 0.0054485975 0.015003406 263.06113399466 -35.16274373388 1651.32764 -0.59 -0.7139999999999992 -0.39192452669143674 1.5770943031311035 0.19621107 0.17821106 "" "" 12.719847931088141 "" 2.280764651190107 ""
263.43217963944 -34.81657015353 0.0579 0.0428 14.8611 "" "" 5975074015911208064 1729.94897 0.5512 0.057 0.247 -1.675 0.074 0.052 1.061 9227.6 3.8189 16.355392 2.294502 17.553726 15.259224 "" "" 1584.24414 1892.34546 5404.92682 3.6502 1299.9 8.7871 6244.1 13.971 "" "" 0.0028512177498682986 0.007851859 0.0044927993 0.012344658 263.43217963944 -34.81657015353 1729.94897 0.24699999999999983 -1.6750000000000007 0.44507547330856323 0.6160943031311035 0.19021107 0.16821107 "" "" 6.232315402679409 "" 1.0972943238968684 ""
