Clusters/LP_2106/LP_2106_members.tsv
# %ECSV 1.0
# ---
# datatype:
# - name: RA_ICRS_1
#   unit: deg
#   datatype: float64
#   format: '{:15.11f}'
#   description: Right ascension (ICRS) at Ep=2016.0 (ra)
#   meta: !!omap
#   - {ucd: POS_EQ_RA_MAIN}
#   - {width: 15}
#   - {precision: '11'}
# - name: DE_ICRS_1
#   unit: deg
#   datatype: float64
#   format: '{:15.11f}'
#   description: Declination (ICRS) at Ep=2016.0 (dec)
#   meta: !!omap
#   - {ucd: POS_EQ_DEC_MAIN}
#   - {width: 15}
#   - {precision: '11'}
# - name: e_RA_ICRS
#   unit: mas
#   datatype: float64
#   format: '{:7.4f}'
#   description: Standard error of right ascension (ra_error)
#   meta: !!omap
#   - {ucd: ERROR}
#   - {width: 7}
#   - {precision: '4'}
# - name: e_DE_ICRS
#   unit: mas
#   datatype: float64
#   format: '{:7.4f}'
#   description: Standard error of declination (dec_error)
#   meta: !!omap
#   - {ucd: ERROR}
#   - {width: 7}
#   - {precision: '4'}
# - name: _r_1
#   unit: ''
#   datatype: float64
#   format: '{:7.4f}'
#   description: Distance from center (263.49860856000-35.05819479000)[ICRS], at Epoch=J2016.0
#   meta: !!omap
#   - {ucd: POS_ANG_DIST_GENERAL}
#   - {width: 7}
#   - {precision: '4'}
# - name: HIP
#   datatype: int32
#   description: '? HIP cross-id number, van Leeuwen, Cat. I/311 (hip_original_ext_source_id)'
#   meta: !!omap
#   - {ucd: ID_NUMBER}
#   - {width: 6}
#   - values: {'null': -2147483648}
# - name: TYC2
#   datatype: string
#   description: Tycho-2 cross-id name, Hog et al., Cat. I/259 (tyc2_original_ext_source_id)
#   meta: !!omap
#   - {ucd: ID_CROSSID}
#   - {_votable_string_dtype: char}
# - name: Source
#   datatype: int64
#   description: Source identifier, identical to the Gaia-EDR3 source_id (id)
#   meta: !!omap
#   - {ucd: ID_MAIN}
#   - {width: 19}
# - name: rgeo
#   unit: pc
#   datatype: float64
#   format: '{:15.8f}'
#   description: '? Median of the geometric distance posterior (r_med_geo)'
#   meta: !!omap
#   - {ucd: PHYS_DISTANCE_TRUE}
#   - {width: 15}
#   - {precision: '8'}
#   - values: {'null': .nan}
# - name: Plx
#   unit: mas
#   datatype: float64
#   format: '{:9.4f}'
#   description: '? Parallax (parallax)'
#   meta: !!omap
#   - {ucd: POS_PARLX_TRIG}
#   - {width: 9}
#   - {precision: '4'}
#   - values: {'null': .nan}
# - name: e_Plx
#   unit: mas
#   datatype: float32
#   format: '{:7.4f}'
#   description: '? Standard error of parallax (parallax_error)'
#   meta: !!omap
#   - {ucd: ERROR}
#   - {width: 7}
#   - {precision: '4'}
#   - values: {'null': .nan}
# - name: pmRA
#   unit: mas / yr
#   datatype: float64
#   format: '{:9.3f}'
#   description: '? Proper motion in right ascension direction, pmRA*cosDE (pmra)'
#   meta: !!omap
#   - {ucd: POS_EQ_PMRA}
#   - {width: 9}
#   - {precision: '3'}
#   - values: {'null': .nan}
# - name: pmDE
#   unit: mas / yr
#   datatype: float64
#   format: '{:9.3f}'
#   description: '? Proper motion in declination direction (pmdec)'
#   meta: !!omap
#   - {ucd: POS_EQ_PMDEC}
#   - {width: 9}
#   - {precision: '3'}
#   - values: {'null': .nan}
# - name: e_pmRA
#   unit: mas / yr
#   datatype: float32
#   format: '{:6.3f}'
#   description: '? Standard error of proper motion in right ascension direction (pmra_error)'
#   meta: !!omap
#   - {ucd: ERROR}
#   - {width: 6}
#   - {precision: '3'}
#   - values: {'null': .nan}
# - name: e_pmDE
[...]
#         unit: &id001 !astropy.units.Unit {unit: deg}
#         value: !astropy.table.SerializedColumn {name: SkyCoord.dec}
#       distance: !astropy.table.SerializedColumn
#         __class__: astropy.coordinates.distances.Distance
#         unit: !astropy.units.Unit {unit: pc}
#         value: !astropy.table.SerializedColumn {name: SkyCoord.distance}
#       frame: icrs
#       obstime: !astropy.time.Time {format: jyear_str, in_subfmt: '*', jd1: 367701545.0, jd2: 0.0, out_subfmt: '*', precision: 3, scale: tt}
#       pm_dec: !astropy.table.SerializedColumn
#         __class__: astropy.units.quantity.Quantity
#         unit: !astropy.units.Unit {unit: mas / yr}
#         value: !astropy.table.SerializedColumn {name: SkyCoord.pm_dec}
#       pm_ra_cosdec: !astropy.table.SerializedColumn
#         __class__: astropy.units.quantity.Quantity
#         unit: !astropy.units.Unit {unit: mas / yr}
#         value: !astropy.table.SerializedColumn {name: SkyCoord.pm_ra_cosdec}
#       ra: !astropy.table.SerializedColumn
#         __class__: astropy.coordinates.angles.Longitude
#         unit: *id001
#         value: !astropy.table.SerializedColumn {name: SkyCoord.ra}
#         wrap_angle: !astropy.coordinates.Angle
#           unit: *id001
#           value: 360.0
#       representation_type: spherical
# schema: astropy-2.0
RA_ICRS_1 DE_ICRS_1 e_RA_ICRS e_DE_ICRS _r_1 HIP TYC2 Source rgeo Plx e_Plx pmRA pmDE e_pmRA e_pmDE RUWE Teff logg Gmag BP-RP BPmag RPmag RV e_RV b_rgeo B_rgeo FG e_FG FBP e_FBP FRP e_FRP RAVE5 RAVE6 e_Gmag e_BPmag e_RPmag e_BP-RP SkyCoord.ra SkyCoord.dec SkyCoord.distance SkyCoord.pm_ra_cosdec SkyCoord.pm_dec Pmemb
[from data line 41]
263.54237519659 -35.05227031414 0.0361 0.0271 2.1788 "" "" 5975054705737486336 2052.50366 0.4367 0.0417 -0.463 -2.377 0.051 0.035 1.031 7690.3 3.3825 15.770373 1.874488 16.684978 14.810491 "" "" 1866.49878 2266.64038 9263.97622 4.0303 2893.5 9.1686 9439.8 12.723 "" "" 0.002795515028420869 0.0044295737 0.004052795 0.008482369 263.54237519659 -35.05227031414 2052.50366 -0.46299999999999997 -2.377 0.86
263.5722664737 -35.06429948487 0.039 0.0289 3.636 "" "" 5974867067247079680 1916.12219 0.4843 0.0438 -0.208 -2.321 0.051 0.035 1.036 8621.7 3.4454 15.801459 1.942603 16.763224 14.820621 "" "" 1787.9209 2046.11646 9002.49549 4.3933 2692.3 9.919 9352.1 12.808 "" "" 0.002805802833314322 0.004877058 0.004061373 0.008938431 263.5722664737 -35.06429948487 1916.12219 -0.20799999999999996 -2.321 0.82
263.3340456454 -35.16412910177 0.0359 0.0282 10.2781 "" "" 5975047352753535616 2020.08447 0.4552 0.0408 -0.131 -2.116 0.048 0.034 0.994 8248.5 2.8577 15.855329 2.545324 17.245108 14.699783 "" "" 1860.92615 2186.45117 8566.73043 4.6224 1727.3 9.2615 10453.0 12.148 "" "" 0.0028169121885446807 0.0064556464 0.003984451 0.010440097 263.3340456454 -35.16412910177 2020.08447 -0.13099999999999995 -2.1160000000000005 0.88
263.51859287555 -35.08964300205 0.039 0.03 2.1268 "" "" 5975054293420606080 1801.92773 0.5191 0.0421 -0.103 -2.245 0.053 0.038 1.016 "" "" 15.922097 1.956526 16.890057 14.933531 "" "" 1674.40857 1945.95227 8055.78207 4.4607 2395.5 10.171 8428.4 19.342 "" "" 0.002820147501733173 0.0053885295 0.0045267935 0.009915323 263.51859287555 -35.08964300205 1801.92773 -0.10299999999999997 -2.245 0.85
263.4028284862 -35.04259530915 0.0375 0.0297 4.7968 "" "" 5975052571121961088 1834.00757 0.5128 0.041 -0.141 -2.226 0.048 0.037 0.931 9252.0 4.083 15.923904 1.629644 16.681814 15.05217 "" "" 1701.86768 1974.43201 8042.38903 3.7139 2902.0 8.2695 7556.0 10.19 "" "" 0.0028005667536523692 0.0041662045 0.004053106 0.008219311 263.4028284862 -35.04259530915 1834.00757 -0.141 -2.226 0.89
263.63326313029 -35.08921130269 0.0396 0.0302 6.8691 "" "" 5974867479563889920 1668.01807 0.5588 0.044 -0.595 -2.141 0.053 0.038 1.038 8419.5 3.6317 16.040857 2.365216 17.29684 14.931624 "" "" 1562.16528 1819.99072 7221.11284 3.7171 1647.0 11.753 8443.2 14.333 "" "" 0.0028114310738631405 0.00823491 0.004204858 0.012439768 263.63326313029 -35.08921130269 1668.01807 -0.5950000000000001 -2.141 0.82
263.46744569816 -35.07078656573 0.0401 0.031 1.7067 "" "" 5975055186774413184 1857.01855 0.5259 0.0437 -0.189 -2.364 0.052 0.037 1.031 "" "" 16.076157 1.851762 16.983368 15.131606 "" "" 1702.29419 1994.71667 6990.11207 3.6585 2198.2 10.506 7022.9 11.847 "" "" 0.002813308205683536 0.005891699 0.004199793 0.010091492 263.46744569816 -35.07078656573 1857.01855 -0.18900000000000006 -2.364 0.85
263.54355588675 -35.09026913378 0.0409 0.0307 2.9283 "" "" 5974866925456091264 1823.1571 0.5219 0.0459 -0.14 -2.257 0.055 0.038 0.979 "" "" 16.110577 1.917899 17.052872 15.134973 "" "" 1681.03992 1951.61292 6771.98923 3.9313 2061.9 9.3387 7001.1 10.296 "" "" 0.002826492850937465 0.0056539117 0.0041028303 0.009756742 263.54355588675 -35.09026913378 1823.1571 -0.14 -2.2570000000000006 0.84
263.5201370353 -35.02900561979 0.0436 0.0341 2.0459 "" "" 5975054980615441536 1773.15833 0.5328 0.0479 -0.184 -2.283 0.054 0.04 1.031 "" "" 16.17817 1.850484 17.066158 15.215674 "" "" 1628.30481 1969.30444 6363.24765 3.4292 2036.8 11.191 6499.6 24.545 "" "" 0.0028167613144621483 0.006585735 0.0055762916 0.012162026 263.5201370353 -35.02900561979 1773.15833 -0.184 -2.2830000000000004 0.81
263.57547443374 -35.04515184403 0.0453 0.0341 3.8558 "" "" 5975054774456944000 1863.35217 0.5037 0.0499 -0.293 -2.215 0.061 0.044 1.043 8090.3 3.9138 16.260622 2.234561 17.429247 15.194686 "" "" 1741.34814 2028.59106 5897.90624 3.4233 1457.9 5.52 6626.5 20.423 "" "" 0.0028264692923030722 0.0049683447 0.005047889 0.010016234 263.57547443374 -35.04515184403 1863.35217 -0.2929999999999999 -2.2149999999999994 0.81
263.63359297873 -35.01394068242 0.0439 0.0335 7.1433 "" "" 5974868750874526976 1772.33459 0.5384 0.049 -0.265 -2.304 0.061 0.043 1.03 9243.3 3.8596 16.304352 2.025225 17.32783 15.302605 "" "" 1653.39734 1914.84741 5665.08 2.9044 1600.6 7.2921 5999.5 12.144 "" "" 0.002810985215497784 0.005679126 0.0043719183 0.010051044 263.63359297873 -35.01394068242 1772.33459 -0.265 -2.3040000000000003 0.88
263.58219965113 -35.00136075937 0.048 0.0361 5.3381 "" "" 5975056556851674240 1834.0675 0.521 0.0521 -0.208 -2.295 0.061 0.044 0.998 "" "" 16.386728 2.075069 17.443802 15.368732 "" "" 1684.09583 1986.35217 5251.1641 3.7057 1438.5 8.7065 5645.0 11.684 "" "" 0.0028598676850138793 0.0071392143 0.00439703 0.011536244 263.58219965113 -35.00136075937 1834.0675 -0.208 -2.295 0.86
