Clusters/LP_2106/LP_2106_stars_in_region.tsv
# %ECSV 1.0
# ---
# datatype:
# - name: RA_ICRS_1
#   unit: deg
#   datatype: float64
#   format: '{:15.11f}'
#   description: Right ascension (ICRS) at Ep=2016.0 (ra)
#   meta: !!omap
#   - {ucd: POS_EQ_RA_MAIN}
#   - {width: 15}
#   - {precision: '11'}
# - name: DE_ICRS_1
#   unit: deg
#   datatype: float64
#   format: '{:15.11f}'
#   description: Declination (ICRS) at Ep=2016.0 (dec)
#   meta: !!omap
#   - {ucd: POS_EQ_DEC_MAIN}
#   - {width: 15}
#   - {precision: '11'}
# - name: e_RA_ICRS
#   unit: mas
#   datatype: float64
#   format: '{:7.4f}'
#   description: Standard error of right ascension (ra_error)
#   meta: !!omap
#   - {ucd: ERROR}
#   - {width: 7}
#   - {precision: '4'}
# - name: e_DE_ICRS
#   unit: mas
#   datatype: float64
#   format: '{:7.4f}'
#   description: Standard error of declination (dec_error)
#   meta: !!omap
#   - {ucd: ERROR}
#   - {width: 7}
#   - {precision: '4'}
# - name: _r_1
#   unit: ''
#   datatype: float64
#   format: '{:7.4f}'
#   description: Distance from center (263.49860856000-35.05819479000)[ICRS], at Epoch=J2016.0
#   meta: !!omap
#   - {ucd: POS_ANG_DIST_GENERAL}
#   - {width: 7}
#   - {precision: '4'}
# - name: HIP
#   datatype: int32
#   description: '? HIP cross-id number, van Leeuwen, Cat. I/311 (hip_original_ext_source_id)'
#   meta: !!omap
#   - {ucd: ID_NUMBER}
#   - {width: 6}
#   - values: {'null': -2147483648}
# - name: TYC2
#   datatype: string
#   description: Tycho-2 cross-id name, Hog et al., Cat. I/259 (tyc2_original_ext_source_id)
#   meta: !!omap
#   - {ucd: ID_CROSSID}
#   - {_votable_string_dtype: char}
# - name: Source
#   datatype: int64
#   description: Source identifier, identical to the Gaia-EDR3 source_id (id)
#   meta: !!omap
#   - {ucd: ID_MAIN}
#   - {width: 19}
# - name: rgeo
#   unit: pc
#   datatype: float64
#   format: '{:15.8f}'
#   description: '? Median of the geometric distance posterior (r_med_geo)'
#   meta: !!omap
#   - {ucd: PHYS_DISTANCE_TRUE}
#   - {width: 15}
#   - {precision: '8'}
#   - values: {'null': .nan}
# - name: Plx
#   unit: mas
#   datatype: float64
#   format: '{:9.4f}'
#   description: '? Parallax (parallax)'
#   meta: !!omap
#   - {ucd: POS_PARLX_TRIG}
#   - {width: 9}
#   - {precision: '4'}
#   - values: {'null': .nan}
# - name: e_Plx
#   unit: mas
#   datatype: float32
#   format: '{:7.4f}'
#   description: '? Standard error of parallax (parallax_error)'
#   meta: !!omap
#   - {ucd: ERROR}
#   - {width: 7}
#   - {precision: '4'}
#   - values: {'null': .nan}
# - name: pmRA
#   unit: mas / yr
#   datatype: float64
#   format: '{:9.3f}'
#   description: '? Proper motion in right ascension direction, pmRA*cosDE (pmra)'
#   meta: !!omap
#   - {ucd: POS_EQ_PMRA}
#   - {width: 9}
#   - {precision: '3'}
#   - values: {'null': .nan}
# - name: pmDE
#   unit: mas / yr
#   datatype: float64
#   format: '{:9.3f}'
#   description: '? Proper motion in declination direction (pmdec)'
#   meta: !!omap
#   - {ucd: POS_EQ_PMDEC}
#   - {width: 9}
#   - {precision: '3'}
#   - values: {'null': .nan}
# - name: e_pmRA
#   unit: mas / yr
#   datatype: float32
#   format: '{:6.3f}'
#   description: '? Standard error of proper motion in right ascension direction (pmra_error)'
#   meta: !!omap
#   - {ucd: ERROR}
#   - {width: 6}
#   - {precision: '3'}
#   - values: {'null': .nan}
# - name: e_pmDE
[...]
#         value: !astropy.table.SerializedColumn {name: SkyCoord.dec}
#       distance: !astropy.table.SerializedColumn
#         __class__: astropy.coordinates.distances.Distance
#         unit: !astropy.units.Unit {unit: pc}
#         value: !astropy.table.SerializedColumn {name: SkyCoord.distance}
#       frame: icrs
#       obstime: !astropy.time.Time {format: jyear_str, in_subfmt: '*', jd1: 367701545.0, jd2: 0.0, out_subfmt: '*', precision: 3, scale: tt}
#       pm_dec: !astropy.table.SerializedColumn
#         __class__: astropy.units.quantity.Quantity
#         unit: !astropy.units.Unit {unit: mas / yr}
#         value: !astropy.table.SerializedColumn {name: SkyCoord.pm_dec}
#       pm_ra_cosdec: !astropy.table.SerializedColumn
#         __class__: astropy.units.quantity.Quantity
#         unit: !astropy.units.Unit {unit: mas / yr}
#         value: !astropy.table.SerializedColumn {name: SkyCoord.pm_ra_cosdec}
#       ra: !astropy.table.SerializedColumn
#         __class__: astropy.coordinates.angles.Longitude
#         unit: *id001
#         value: !astropy.table.SerializedColumn {name: SkyCoord.ra}
#         wrap_angle: !astropy.coordinates.Angle
#           unit: *id001
#           value: 360.0
#       representation_type: spherical
# schema: astropy-2.0
RA_ICRS_1 DE_ICRS_1 e_RA_ICRS e_DE_ICRS _r_1 HIP TYC2 Source rgeo Plx e_Plx pmRA pmDE e_pmRA e_pmDE RUWE Teff logg Gmag BP-RP BPmag RPmag RV e_RV b_rgeo B_rgeo FG e_FG FBP e_FBP FRP e_FRP RAVE5 RAVE6 e_Gmag e_BPmag e_RPmag e_BP-RP SkyCoord.ra SkyCoord.dec SkyCoord.distance SkyCoord.pm_ra_cosdec SkyCoord.pm_dec rmRA rmDE e_rmRA e_rmDE rRV e_rRV v_pec v_pec3d e_vpec e_vpec3d
[from data line 90]
263.80377796516 -35.16824861987 0.0174 0.0131 16.369 "" "" 5974863287675970432 2177.14429 0.4155 0.0196 -1.363 -2.483 0.023 0.016 1.067 "" "" 13.818413 1.969236 14.793917 12.82468 "" "" 2066.02856 2270.60181 55921.88107 32.497 16514.0 39.551 58788.0 101.52 "" "" 0.0028266359090142698 0.003814026 0.004218901 0.008032927 263.80377796516 -35.16824861987 2177.14429 -1.363 -2.483 -1.1649245266914368 -0.19190569686889658 0.13921107 0.13221107 "" "" 12.18366004519694 "" 1.6939022809324755 ""
263.90019453558 -35.12336534963 0.0214 0.0159 20.0997 "" "" 4053315943253175936 2056.25879 0.4362 0.0231 -0.137 -3.438 0.029 0.02 1.194 "" "" 13.840468 2.683265 15.335702 12.652437 -39.13 1.68 1969.68103 2179.5791 54797.34928 23.764 10026.0 16.715 68894.0 45.848 "" "" 0.0027952622191812835 0.0033258859 0.0038478298 0.0071737156 263.90019453558 -35.12336534963 2056.25879 -0.13699999999999968 -3.438 0.06107547330856322 -1.1469056968688967 0.14521107 0.13621107 -34.90416666666667 3.8377357 11.194346405075182 36.655343977805806 1.5250881551742663 3.683951860015135
263.73228699195 -35.01441876539 0.0214 0.017 11.7766 "" "" 4053332302873667712 1990.48425 0.4685 0.0239 -0.334 -1.128 0.029 0.021 1.443 "" "" 13.842411 1.441043 14.480495 13.039453 "" "" 1893.7738 2081.87598 54699.38115 13.177 22040.0 25.79 48237.0 30.03 "" "" 0.0027677064471263516 0.0030658017 0.0038393494 0.006905151 263.73228699195 -35.01441876539 1990.48425 -0.334 -1.1279999999999997 -0.1359245266914368 1.1630943031311036 0.14521107 0.13721107 "" "" 11.04835444058326 "" 1.5171816142332253 ""
263.32126679095 -35.19230833095 0.0166 0.013 11.8529 "" "" 5975047009156129920 2133.66479 0.4278 0.0192 -0.859 -2.257 0.022 0.016 1.13 "" "" 13.844415 1.749728 14.678555 12.928827 -93.72 6.52 2046.34167 2241.22974 54598.50199 23.709 18365.0 34.655 53411.0 48.867 "" "" 0.0027953669120353583 0.0034615926 0.003907749 0.0073693413 263.32126679095 -35.19230833095 2133.66479 -0.8589999999999989 -2.2569999999999997 -0.6609245266914368 0.0340943031311034 0.13821107 0.13221107 -89.49416666666667 8.677736 6.693195064933168 89.74410692373264 0.9249693856699712 8.653843469685215
263.34265229246 -35.24414433212 0.0259 0.0198 13.5283 "" "" 5975046077131266688 1690.4646 0.5327 0.0297 -1.065 0.409 0.037 0.026 0.935 "" "" 13.847902 3.502272 16.004023 12.501751 -47.98 0.35 1605.45337 1781.59241 54423.41233 30.314 5417.6 18.907 79151.0 70.552 "" "" 0.002820907993202743 0.0047055907 0.0039013238 0.008606914 263.34265229246 -35.24414433212 1690.4646 -1.065 0.4090000000000001 -0.8669245266914367 2.7000943031311033 0.15321107 0.14221108 -43.75416666666666 2.5077357 22.723136434724253 49.30281969751362 3.2556538370554517 2.6840974512560756
263.6261773362 -35.15206288529 0.0179 0.0133 8.422 "" "" 5974865589778224640 1781.84204 0.5163 0.0204 -0.833 -2.397 0.023 0.016 1.03 "" "" 13.85398 1.875668 14.768877 12.893209 "" "" 1712.48621 1852.9054 54119.60363 28.844 16899.0 29.274 55192.0 65.159 "" "" 0.0028154288178182333 0.0033648924 0.0039908336 0.0073557263 263.6261773362 -35.15206288529 1781.84204 -0.833 -2.397 -0.6349245266914367 -0.10590569686889628 0.13921107 0.13221107 "" "" 5.4366163129263985 "" 0.7558322698035874 ""
263.28297986569 -35.12595853271 0.0162 0.0126 11.34 "" "" 5975050612616777984 2143.41504 0.426 0.0179 0.158 -0.184 0.021 0.015 1.018 "" "" 13.854429 1.699625 14.651104 12.951479 "" "" 2070.98218 2217.521 54097.23925 29.4 18835.0 43.054 52308.0 112.08 "" "" 0.0028177936000138527 0.003734238 0.004438002 0.00817224 263.28297986569 -35.12595853271 2143.41504 0.158 -0.184 0.35607547330856326 2.1070943031311034 0.13721107 0.13121107 "" "" 21.711149623985175 "" 2.8524402913937137 ""
263.50888693331 -34.74660916417 0.019 0.0139 18.702 "" "" 4053538766156154112 2088.89966 0.422 0.0206 -1.283 -8.705 0.025 0.017 0.954 4655.5 1.9701 13.883293 3.064836 15.683126 12.618291 36.11 3.36 1994.08606 2177.74341 52678.00301 27.596 7280.6 15.038 71095.0 42.118 "" "" 0.00281341347013156 0.0035796922 0.003833725 0.007413417 263.50888693331 -34.74660916417 2088.89966 -1.283 -8.705000000000002 -1.0849245266914367 -6.4139056968688966 0.14121108 0.13321108 40.33583333333333 5.5177355 64.40867479495847 75.9964264918895 8.594699577534199 7.850874041459046
263.68656755615 -34.76346367639 0.0175 0.014 19.9561 "" "" 4053524816102359040 1686.33533 0.5527 0.0202 0.465 -0.304 0.026 0.018 0.988 "" "" 13.886007 1.196219 14.390876 13.194657 "" "" 1632.39404 1746.04517 52546.52317 12.575 23937.0 23.245 41811.0 40.519 "" "" 0.0027675441677812644 0.0029827335 0.003923114 0.006905847 263.68656755615 -34.76346367639 1686.33533 0.46500000000000014 -0.304 0.6630754733085633 1.9870943031311035 0.14221108 0.13421106 "" "" 16.744266329182427 "" 2.2610448737314326 ""
263.82759175936 -35.25728904737 0.0283 0.0209 20.0782 "" "" 5974849921737290880 2244.46045 0.389 0.0284 -2.923 -0.888 0.038 0.026 1.002 "" "" 13.893266 3.41029 15.971618 12.561328 27.12 0.94 2111.32349 2375.7749 52196.37639 27.142 5581.7 20.36 74925.0 79.211 "" "" 0.002812568299452986 0.00484454 0.0039498447 0.008794384 263.82759175936 -35.25728904737 2244.46045 -2.923 -0.8880000000000003 -2.724924526691437 1.4030943031311036 0.15421107 0.14221108 31.345833333333335 3.097736 32.60715977238335 45.230389516152144 4.948946525825842 4.163856023429926
263.5124854028 -35.06772603214 0.0173 0.0131 0.8897 "" "" 5975054499579063424 1763.24866 0.5231 0.0194 -0.166 -2.257 0.022 0.016 1.128 "" "" 13.897526 1.65278 14.666504 13.013723 -12.72 6.76 1704.4679 1827.14648 51991.98894 16.367 18570.0 18.085 49393.0 30.048 "" "" 0.0027764381011167027 0.0029838062 0.003836664 0.00682047 263.5124854028 -35.06772603214 1763.24866 -0.16599999999999968 -2.2569999999999997 0.032075473308563224 0.0340943031311034 0.13821107 0.13221107 -8.494166666666667 8.917736 0.391235820999969 8.50317192750709 0.052840850870627 8.90829208139403
263.35061770317 -34.76475728268 0.0173 0.0133 19.0526 "" "" 5975075252861842432 2364.12549 0.3754 0.0197 0.368 -0.529 0.023 0.016 0.966 "" "" 13.914368 2.083009 14.965473 12.882464 "" "" 2273.72437 2458.198 51191.71229 18.967 14100.0 26.632 55741.0 32.131 "" "" 0.002784531333842998 0.0034627374 0.0038308513 0.0072935885 263.35061770317 -34.76475728268 2364.12549 0.3679999999999999 -0.5290000000000001 0.5660754733085632 1.7620943031311036 0.13921107 0.13221107 "" "" 20.73985141769148 "" 2.755943528992886 ""
263.39453109998 -35.38672564139 0.0251 0.0188 20.3613 "" "" 5974856209569604608 1742.24207 0.5155 0.0277 -3.644 -6.023 0.031 0.022 0.959 "" "" 13.91641 3.431715 16.016478 12.584763 -45.29 0.65 1656.01257 1835.36719 51095.49909 23.955 5355.8 20.005 73325.0 58.942 "" "" 0.0028019447413013673 0.0049225683 0.0038788458 0.008801414 263.39453109998 -35.38672564139 1742.24207 -3.644 -6.023 -3.445924526691437 -3.731905696868896 0.14721107 0.13821107 -41.064166666666665 2.807736 41.94782524150018 58.70166800457392 5.974365277138256 4.699383964718971
263.83660117406 -35.08304055692 0.0189 0.0142 16.6645 "" "" 4053327939186812672 2418.19971 0.3604 0.0205 -2.396 -6.028 0.025 0.017 0.928 4601.4 1.9074 13.916491 2.931212 15.611499 12.680286 -52.24 1.31 2293.69458 2530.78589 51091.67912 23.308 7777.1 11.32 67150.0 40.618 "" "" 0.0027994863316504128 0.0032066419 0.003836019 0.007042661 263.83660117406 -35.08304055692 2418.19971 -2.396 -6.028 -2.1979245266914367 -3.736905696868896 0.14121108 0.13321108 -48.01416666666667 3.4677358 49.693039126938544 69.09962618108646 6.72408664115017 5.402717794845397
263.24220574222 -35.12473583362 0.0173 0.0131 13.2058 "" "" 5975051304123589120 1785.34192 0.4992 0.0198 0.743 -1.289 0.026 0.017 0.998 "" "" 13.917773 2.830803 15.533834 12.703032 -33.0 1.25 1722.6886 1860.22119 51031.39432 23.894 8353.8 13.706 65758.0 32.716 "" "" 0.0028018252028504716 0.0033103293 0.0038177897 0.007128119 263.24220574222 -35.12473583362 1785.34192 0.7429999999999994 -1.288999999999999 0.9410754733085632 1.0020943031311036 0.14221108 0.13321108 -28.774166666666666 3.4077358 11.633476297018627 31.036920564295762 1.5996274903035312 3.2156864595331767
263.32282855258 -34.96019695291 0.0186 0.0139 10.4497 "" "" 5975054018543037696 2233.02588 0.4056 0.02 -0.739 -0.927 0.024 0.017 1.071 "" "" 13.922803 1.821481 14.794788 12.973308 "" "" 2130.81396 2358.45142 50795.52498 16.997 16501.0 16.204 51267.0 52.782 "" "" 0.0027791689011475705 0.0029869413 0.0039412244 0.0069281654 263.32282855258 -34.96019695291 2233.02588 -0.7390000000000004 -0.9270000000000005 -0.5409245266914368 1.3640943031311035 0.14021108 0.13321108 "" "" 15.532081967161465 "" 2.084151953391995 ""
263.50243264385 -35.08542283997 0.0186 0.0143 1.6444 "" "" 5975054259060885504 1858.23804 0.4995 0.0216 -0.11 -2.285 0.025 0.018 1.113 "" "" 13.926325 1.969173 14.902222 12.933048 10.91 3.95 1775.52771 1942.54553 50631.02001 24.0 14946.0 28.659 53203.0 33.11 "" "" 0.0028029738510265386 0.003481288 0.0038393077 0.007320596 263.50243264385 -35.08542283997 1858.23804 -0.1100000000000001 -2.285 0.08807547330856323 0.0060943031311033735 0.14121108 0.13421106 15.135833333333334 6.1077356 0.7776279383545294 15.155796115841424 0.10978438121322688 6.0996932995569555
263.73430415686 -35.32871307954 0.0207 0.0166 19.925 "" "" 5974848581707495552 2284.24609 0.3864 0.0252 -0.745 -3.639 0.027 0.019 1.038 "" "" 13.930655 2.96063 15.649187 12.688557 -4.07 1.46 2166.56421 2418.76367 50429.54407 25.39 7511.8 15.717 66640.0 46.991 "" "" 0.002809022153039672 0.0035980057 0.0038561479 0.0074541536 263.73430415686 -35.32871307954 2284.24609 -0.7449999999999994 -3.6390000000000002 -0.5469245266914368 -1.3479056968688963 0.14321107 0.13521107 0.1558333333333337 3.6177359 15.749857243715086 15.750628153352562 2.147815542718144 2.148008656427442
263.69845162312 -34.73651468305 0.022 0.0175 21.6619 "" "" 4053527878466787712 1968.15613 0.4649 0.0261 0.288 -0.186 0.031 0.022 1.358 "" "" 13.93273 1.697795 14.729402 13.031607 "" "" 1868.97571 2089.8186 50333.24165 13.136 17525.0 14.667 48586.0 29.063 "" "" 0.002769851994449801 0.0029344053 0.0038347787 0.006769184 263.69845162312 -34.73651468305 1968.15613 0.28799999999999965 -0.18599999999999983 0.4860754733085632 2.1050943031311036 0.14721107 0.13821107 "" "" 20.155285583582117 "" 2.795148484997066 ""
263.36015204728 -35.18368390258 0.0212 0.0166 10.1421 "" "" 5975047077875578624 1714.35767 0.5167 0.024 1.949 -3.019 0.03 0.021 1.187 15093.4 3.3965 13.933013 3.191242 15.832636 12.641394 -24.58 1.36 1644.58398 1794.12378 50320.11107 19.073 6344.0 19.091 69599.0 41.215 "" "" 0.002785883436915625 0.004296549 0.003833681 0.00813023 263.36015204728 -35.18368390258 1714.35767 1.9490000000000003 -3.019 2.147075473308563 -0.7279056968688966 0.14621107 0.13721107 -20.354166666666664 3.517736 18.422647091210276 27.453342720727523 2.6769774963678166 3.1668793572673453
263.31293843737 -34.98617781131 0.0183 0.014 10.0946 "" "" 5975053915463803520 1995.42993 0.4589 0.0215 -0.383 -1.163 0.024 0.016 1.003 6992.8 3.2958 13.941501 1.611501 14.687012 13.075511 "" "" 1914.54333 2080.60718 49928.28369 17.232 18223.0 17.578 46661.0 36.682 "" "" 0.0027806849295392688 0.0029802516 0.0038745652 0.006854817 263.31293843737 -34.98617781131 1995.42993 -0.383 -1.163 -0.18492452669143677 1.1280943031311035 0.14021108 0.13221107 "" "" 10.812306855605712 "" 1.4318368396695564 ""
263.61034106305 -34.74271458454 0.0188 0.015 19.7112 "" "" 4053527328711015040 1707.35217 0.544 0.0225 -1.206 -1.26 0.025 0.017 0.964 "" "" 13.959334 1.509643 14.641181 13.131538 "" "" 1631.29089 1763.82507 49114.87674 14.269 19008.0 20.385 44314.0 21.606 "" "" 0.00277331684315591 0.0030233844 0.0038162754 0.00683966 263.61034106305 -34.74271458454 1707.35217 -1.2060000000000004 -1.26 -1.0079245266914367 1.0310943031311035 0.14121108 0.13321108 "" "" 11.669056102460216 "" 1.6007434202984268 ""
263.36386481135 -35.02746620416 0.0175 0.0132 6.8711 "" "" 5975052815952081280 2095.27441 0.4235 0.0194 -0.046 -3.321 0.024 0.016 1.058 "" "" 13.963173 2.633203 15.403321 12.770119 1.39 1.64 1997.64343 2194.54297 48941.52663 19.054 9420.8 24.67 61817.0 68.504 "" "" 0.0027875554341085618 0.0039835623 0.0039662803 0.007949842 263.36386481135 -35.02746620416 2095.27441 -0.045999999999999985 -3.321 0.15207547330856325 -1.0299056968688967 0.14021108 0.13221107 5.615833333333334 3.7977357 10.33951992098438 11.766191236938596 1.3688162351010216 2.1754012717854505
263.49170183433 -34.70431595364 0.0185 0.0137 21.2355 "" "" 4053539217180595840 2044.98132 0.4481 0.0209 -0.47 -1.697 0.024 0.016 0.964 "" "" 13.966085 1.746819 14.800295 13.053476 178.2 6.52 1954.37671 2133.0437 48810.44383 104.01 16417.0 179.04 47618.0 235.8 "" "" 0.0035978458038063692 0.012165084 0.006571919 0.018737003 263.49170183433 -34.70431595364 2044.98132 -0.4700000000000003 -1.6969999999999998 -0.27192452669143674 0.5940943031311035 0.14021108 0.13221107 182.42583333333332 8.677736 6.333243424333777 182.5357352400701 0.8463181235353199 8.672561263723807
263.68534911951 -34.74796122336 0.0173 0.0136 20.7586 "" "" 4053527775387567488 2305.76636 0.391 0.0202 0.756 -0.33 0.024 0.017 0.907 9998.2 3.4227 13.966497 1.35007 14.556719 13.206649 "" "" 2188.63306 2421.56934 48791.8958 17.748 20546.0 27.555 41352.0 32.704 "" "" 0.0027834804336479674 0.0031472743 0.0038756998 0.007022974 263.68534911951 -34.74796122336 2305.76636 0.756 -0.33 0.9540754733085632 1.9610943031311034 0.14021108 0.13321108 "" "" 23.835345517567546 "" 3.2077358564746974 ""
263.2542681711 -35.08519365942 0.0168 0.0132 12.1074 "" "" 5975051544641797120 1890.94849 0.4863 0.019 -2.087 -3.558 0.023 0.016 0.955 "" "" 13.997274 1.794686 14.857943 13.063256 "" "" 1816.86426 1958.36169 47428.23523 14.161 15568.0 24.231 47191.0 34.901 "" "" 0.002774325084790538 0.0032620293 0.0038637416 0.0071257707 263.2542681711 -35.08519365942 1890.94849 -2.087 -3.558 -1.888924526691437 -1.2669056968688963 0.13921107 0.13221107 "" "" 20.386040651072665 "" 2.794466313604241 ""
263.73003058189 -35.37696097581 0.0202 0.0149 22.237 "" "" 5974847619634776832 2297.89746 0.3802 0.0227 -0.568 -2.234 0.026 0.018 0.994 "" "" 14.003905 3.015815 15.766849 12.751035 -9.53 2.59 2180.10864 2435.96997 47139.46455 20.226 6740.3 12.547 62914.0 44.037 "" "" 0.002794424662935309 0.0034452635 0.0038550326 0.007300296 263.73003058189 -35.37696097581 2297.89746 -0.568 -2.234 -0.3699245266914367 0.05709430313110353 0.14221108 0.13421106 -5.304166666666665 4.747736 4.076938142898377 6.689963277088854 0.5790477920951563 3.780767227231988
263.47053169009 -35.06967216573 0.0199 0.0154 1.5413 "" "" 5975055186774412032 2211.05054 0.411 0.022 0.019 -3.312 0.025 0.018 1.195 8214.5 2.9601 14.009423 1.643287 14.776086 13.132799 -17.09 8.6 2112.86377 2323.27759 46900.5037 15.653 16787.0 29.867 44263.0 37.213 "" "" 0.002779045998591655 0.0033936067 0.003888051 0.007281658 263.47053169009 -35.06967216573 2211.05054 0.01899999999999999 -3.3119999999999985 0.21707547330856322 -1.0209056968688963 0.14121108 0.13421106 -12.864166666666666 10.757736 10.938675964751273 16.886130873874126 1.4714859318417246 8.250690454133528
