Clusters/LP_2106/LP_2106_stars_in_region.tsv
# %ECSV 1.0
# ---
# datatype:
# - name: RA_ICRS_1
#   unit: deg
#   datatype: float64
#   format: '{:15.11f}'
#   description: Right ascension (ICRS) at Ep=2016.0 (ra)
#   meta: !!omap
#   - {ucd: POS_EQ_RA_MAIN}
#   - {width: 15}
#   - {precision: '11'}
# - name: DE_ICRS_1
#   unit: deg
#   datatype: float64
#   format: '{:15.11f}'
#   description: Declination (ICRS) at Ep=2016.0 (dec)
#   meta: !!omap
#   - {ucd: POS_EQ_DEC_MAIN}
#   - {width: 15}
#   - {precision: '11'}
# - name: e_RA_ICRS
#   unit: mas
#   datatype: float64
#   format: '{:7.4f}'
#   description: Standard error of right ascension (ra_error)
#   meta: !!omap
#   - {ucd: ERROR}
#   - {width: 7}
#   - {precision: '4'}
# - name: e_DE_ICRS
#   unit: mas
#   datatype: float64
#   format: '{:7.4f}'
#   description: Standard error of declination (dec_error)
#   meta: !!omap
#   - {ucd: ERROR}
#   - {width: 7}
#   - {precision: '4'}
# - name: _r_1
#   unit: ''
#   datatype: float64
#   format: '{:7.4f}'
#   description: Distance from center (263.49860856000-35.05819479000)[ICRS], at Epoch=J2016.0
#   meta: !!omap
#   - {ucd: POS_ANG_DIST_GENERAL}
#   - {width: 7}
#   - {precision: '4'}
# - name: HIP
#   datatype: int32
#   description: '? HIP cross-id number, van Leeuwen, Cat. I/311 (hip_original_ext_source_id)'
#   meta: !!omap
#   - {ucd: ID_NUMBER}
#   - {width: 6}
#   - values: {'null': -2147483648}
# - name: TYC2
#   datatype: string
#   description: Tycho-2 cross-id name, Hog et al., Cat. I/259 (tyc2_original_ext_source_id)
#   meta: !!omap
#   - {ucd: ID_CROSSID}
#   - {_votable_string_dtype: char}
# - name: Source
#   datatype: int64
#   description: Source identifier, identical to the Gaia-EDR3 source_id (id)
#   meta: !!omap
#   - {ucd: ID_MAIN}
#   - {width: 19}
# - name: rgeo
#   unit: pc
#   datatype: float64
#   format: '{:15.8f}'
#   description: '? Median of the geometric distance posterior (r_med_geo)'
#   meta: !!omap
#   - {ucd: PHYS_DISTANCE_TRUE}
#   - {width: 15}
#   - {precision: '8'}
#   - values: {'null': .nan}
# - name: Plx
#   unit: mas
#   datatype: float64
#   format: '{:9.4f}'
#   description: '? Parallax (parallax)'
#   meta: !!omap
#   - {ucd: POS_PARLX_TRIG}
#   - {width: 9}
#   - {precision: '4'}
#   - values: {'null': .nan}
# - name: e_Plx
#   unit: mas
#   datatype: float32
#   format: '{:7.4f}'
#   description: '? Standard error of parallax (parallax_error)'
#   meta: !!omap
#   - {ucd: ERROR}
#   - {width: 7}
#   - {precision: '4'}
#   - values: {'null': .nan}
# - name: pmRA
#   unit: mas / yr
#   datatype: float64
#   format: '{:9.3f}'
#   description: '? Proper motion in right ascension direction, pmRA*cosDE (pmra)'
#   meta: !!omap
#   - {ucd: POS_EQ_PMRA}
#   - {width: 9}
#   - {precision: '3'}
#   - values: {'null': .nan}
# - name: pmDE
#   unit: mas / yr
#   datatype: float64
#   format: '{:9.3f}'
#   description: '? Proper motion in declination direction (pmdec)'
#   meta: !!omap
#   - {ucd: POS_EQ_PMDEC}
#   - {width: 9}
#   - {precision: '3'}
#   - values: {'null': .nan}
# - name: e_pmRA
#   unit: mas / yr
#   datatype: float32
#   format: '{:6.3f}'
#   description: '? Standard error of proper motion in right ascension direction (pmra_error)'
#   meta: !!omap
#   - {ucd: ERROR}
#   - {width: 6}
#   - {precision: '3'}
#   - values: {'null': .nan}
# - name: e_pmDE
[...]
#         value: !astropy.table.SerializedColumn {name: SkyCoord.dec}
#       distance: !astropy.table.SerializedColumn
#         __class__: astropy.coordinates.distances.Distance
#         unit: !astropy.units.Unit {unit: pc}
#         value: !astropy.table.SerializedColumn {name: SkyCoord.distance}
#       frame: icrs
#       obstime: !astropy.time.Time {format: jyear_str, in_subfmt: '*', jd1: 367701545.0, jd2: 0.0, out_subfmt: '*', precision: 3, scale: tt}
#       pm_dec: !astropy.table.SerializedColumn
#         __class__: astropy.units.quantity.Quantity
#         unit: !astropy.units.Unit {unit: mas / yr}
#         value: !astropy.table.SerializedColumn {name: SkyCoord.pm_dec}
#       pm_ra_cosdec: !astropy.table.SerializedColumn
#         __class__: astropy.units.quantity.Quantity
#         unit: !astropy.units.Unit {unit: mas / yr}
#         value: !astropy.table.SerializedColumn {name: SkyCoord.pm_ra_cosdec}
#       ra: !astropy.table.SerializedColumn
#         __class__: astropy.coordinates.angles.Longitude
#         unit: *id001
#         value: !astropy.table.SerializedColumn {name: SkyCoord.ra}
#         wrap_angle: !astropy.coordinates.Angle
#           unit: *id001
#           value: 360.0
#       representation_type: spherical
# schema: astropy-2.0
RA_ICRS_1 DE_ICRS_1 e_RA_ICRS e_DE_ICRS _r_1 HIP TYC2 Source rgeo Plx e_Plx pmRA pmDE e_pmRA e_pmDE RUWE Teff logg Gmag BP-RP BPmag RPmag RV e_RV b_rgeo B_rgeo FG e_FG FBP e_FBP FRP e_FRP RAVE5 RAVE6 e_Gmag e_BPmag e_RPmag e_BP-RP SkyCoord.ra SkyCoord.dec SkyCoord.distance SkyCoord.pm_ra_cosdec SkyCoord.pm_dec rmRA rmDE e_rmRA e_rmDE rRV e_rRV v_pec v_pec3d e_vpec e_vpec3d
[from data line 1443]
263.44371829083 -34.94953778204 0.1159 0.0899 7.0555 "" "" 5975059309927313920 2396.80371 0.4422 0.1274 -3.346 -4.975 0.148 0.107 1.363 4106.4 0.707 16.575592 4.95625 19.96058 15.004331 "" "" 1730.85547 3817.31396 4412.75413 10.262 141.64 5.2813 7896.3 22.528 "" "" 0.003737242320043396 0.040579647 0.00488659 0.045466237 263.44371829083 -34.94953778204 2396.80371 -3.346 -4.975 -3.147924526691437 -2.683905696868896 0.26421106 0.22321108 "" "" 46.99710170154113 "" 11.644987906365479 ""
263.40668299194 -35.18599956234 0.054 0.0413 8.8969 "" "" 5975047558911874816 1718.15747 0.5726 0.0605 -0.344 -2.001 0.074 0.052 1.107 "" "" 16.575693 2.013775 17.56458 15.550806 "" "" 1573.17493 1893.91125 4412.34889 3.0051 1287.0 10.374 4773.5 13.941 "" "" 0.0028528209163502477 0.0091857035 0.004933384 0.014119087 263.40668299194 -35.18599956234 1718.15747 -0.34399999999999986 -2.0009999999999994 -0.14592452669143674 0.2900943031311036 0.19021107 0.16821107 "" "" 2.6446113900179093 "" 0.4571988891447241 ""
263.28862990322 -35.16191268673 0.0563 0.0442 12.0394 "" "" 5975050238971608064 1989.42712 0.4706 0.0634 -2.468 -1.124 0.075 0.054 1.028 8518.9 3.8944 16.577713 2.534626 17.971174 15.436548 "" "" 1818.0083 2234.19312 4404.14498 3.1776 885.01 9.4056 5303.2 17.758 "" "" 0.0028645145743822252 0.0118714 0.005244194 0.017115595 263.28862990322 -35.16191268673 1989.42712 -2.4679999999999973 -1.124 -2.2699245266914367 1.1670943031311034 0.19121107 0.17021108 "" "" 24.068690851458314 "" 4.501215845452772 ""
263.43829338809 -35.00939687603 0.0576 0.0441 4.1657 "" "" 5975058588388079104 2321.30884 0.4071 0.062 -0.874 -2.274 0.072 0.052 1.09 "" "" 16.579811 1.531261 17.27206 15.740799 "" "" 2059.71411 2943.96387 4395.64211 3.1927 1685.0 10.13 4007.2 9.8084 "" "" 0.0028659533870064187 0.007098644 0.0046202056 0.01171885 263.43829338809 -35.00939687603 2321.30884 -0.8740000000000003 -2.2739999999999996 -0.6759245266914368 0.017094303131103494 0.18821107 0.16821107 "" "" 7.4395782295095465 "" 1.4001209123121128 ""
263.36194490158 -34.7657591314 0.072 0.0552 18.7904 "" "" 5975075355929255808 1859.83801 0.5088 0.0804 4.219 -5.439 0.093 0.065 1.33 "" "" 16.581081 "" "" "" "" "" 1637.92285 2225.23804 4390.49848 7.9301 "" "" "" "" "" "" 0.0033819394385797346 "" "" "" 263.36194490158 -34.7657591314 1859.83801 4.219000000000003 -5.438999999999997 4.4170754733085635 -3.1479056968688965 0.20921108 0.18121107 "" "" 47.816062025257885 "" 9.573628005837069 ""
263.94274796537 -35.02487712737 0.0651 0.0501 21.9093 "" "" 4053329863293171072 2001.07495 0.4894 0.077 1.039 -0.521 0.096 0.063 1.07 "" "" 16.581734 2.338469 17.666418 15.32795 "" "" 1738.92432 2468.39648 4387.86187 4.0239 1171.8 10.317 5861.1 86.553 "" "" 0.0029297034509988672 0.009958136 0.016472876 0.026431013 263.94274796537 -35.02487712737 2001.07495 1.039 -0.5210000000000001 1.2370754733085632 1.7700943031311036 0.21221107 0.17921108 "" "" 20.48339114130438 "" 3.9055815617594547 ""
263.7639486003 -34.78517144586 0.0628 0.048 20.9463 "" "" 4053523858377299200 2186.10571 0.4684 0.0704 0.237 -0.377 0.081 0.057 1.11 5520.2 4.1807 16.582632 2.210229 17.626614 15.416385 "" "" 1873.40637 2510.75806 4384.23897 4.0167 1215.5 8.1752 5402.6 18.136 "" "" 0.00292937723856254 0.007817328 0.0052504893 0.013067817 263.7639486003 -34.78517144586 2186.10571 0.23699999999999996 -0.377 0.4350754733085632 1.9140943031311035 0.19721107 0.17321107 "" "" 20.34003478373835 "" 3.5486701016534736 ""
263.11618509806 -35.23412126443 0.0878 0.0691 21.5276 "" "" 5975026702549821824 1959.12732 0.5278 0.1067 -1.75 -5.179 0.114 0.086 0.922 9047.9 2.6156 16.582767 3.881429 19.040281 15.158853 "" "" 1588.72449 2456.46411 4383.68782 4.8935 330.6 11.752 6848.8 12.417 "" "" 0.0030101070661460827 0.038695917 0.004261286 0.0429572 263.11618509806 -35.23412126443 1959.12732 -1.7500000000000013 -5.179 -1.5519245266914368 -2.8879056968688968 0.23021108 0.20221108 "" "" 30.44488288150496 "" 6.357252313140715 ""
263.49869442822 -34.83658693203 0.0658 0.0531 13.2965 "" "" 5975062402319595648 1641.24329 0.6063 0.0781 -0.361 -1.739 0.076 0.054 0.991 9498.0 4.2522 16.582853 1.965649 17.543888 15.578239 "" "" 1455.38611 1897.37976 4383.34362 2.9376 1311.8 8.4864 4654.4 16.015 "" "" 0.0028497783827301534 0.0075578196 0.005314149 0.012871969 263.49869442822 -34.83658693203 1641.24329 -0.3610000000000001 -1.7389999999999979 -0.16292452669143676 0.5520943031311034 0.19221106 0.17021108 "" "" 4.47812739923976 "" 0.7705833831242129 ""
263.42328731788 -34.80378472375 0.0578 0.0436 15.7078 "" "" 5975074084630697600 2348.43457 0.4479 0.0629 0.366 -0.181 0.073 0.052 1.006 8598.4 3.6379 16.583408 1.815597 17.46415 15.648553 "" "" 1993.29993 2769.12988 4381.10561 2.8034 1411.7 9.683 4362.5 12.952 "" "" 0.0028415595155591436 0.007952706 0.004967352 0.012920057 263.42328731788 -34.80378472375 2348.43457 0.36600000000000005 -0.181 0.5640754733085632 2.1100943031311035 0.18921107 0.16821107 "" "" 24.313467967116157 "" 4.12581496320175 ""
263.25360281473 -34.93091264343 0.0587 0.0444 14.26 "" "" 5975066731646319872 2102.48242 0.4588 0.0607 0.658 -0.174 0.073 0.051 0.89 "" "" 16.583597 2.120065 17.663416 15.543351 "" "" 1887.10364 2399.08301 4380.33959 2.9529 1175.0 10.378 4806.4 13.807 "" "" 0.002850877112721168 0.009987257 0.0049001393 0.014887396 263.25360281473 -34.93091264343 2102.48242 0.6580000000000013 -0.17399999999999985 0.8560754733085633 2.1170943031311036 0.18921107 0.16721107 "" "" 22.758096527305447 "" 3.879670774340275 ""
263.07870932843 -34.98869763694 0.0613 0.0483 21.0489 "" "" 5975067487560624384 2247.177 0.4373 0.0669 -0.927 -3.701 0.08 0.062 1.068 8255.6 3.6549 16.584036 2.736933 18.094347 15.357414 "" "" 1973.6123 2651.19482 4378.57342 3.765 790.09 7.3057 5704.2 14.696 "" "" 0.0029091891548380564 0.010419954 0.0047019403 0.015121894 263.07870932843 -34.98869763694 2247.177 -0.927 -3.7010000000000005 -0.7289245266914368 -1.4099056968688966 0.19621107 0.17821106 "" "" 16.906119451047037 "" 3.0795446450463473 ""
263.29642640466 -35.18273092608 0.0551 0.0425 12.4213 "" "" 5975047249674334720 2316.80981 0.4301 0.0607 -1.135 -2.783 0.074 0.05 1.003 9239.6 3.8165 16.58883 2.00679 17.581339 15.574549 "" "" 2024.1084 2695.21021 4359.27779 3.3374 1267.3 8.5475 4670.2 12.493 "" "" 0.0028779719545216037 0.007836461 0.0047664694 0.012602931 263.29642640466 -35.18273092608 2316.80981 -1.135 -2.7829999999999995 -0.9369245266914368 -0.4919056968688964 0.19021107 0.16621107 "" "" 11.620872084488603 "" 2.1532142071891194 ""
263.6484675341 -35.21888921836 0.0601 0.046 12.1255 "" "" 5974861878926406272 1767.48633 0.5436 0.0637 -0.167 -3.407 0.075 0.055 1.017 7974.7 3.9667 16.58941 2.315139 17.816454 15.501315 "" "" 1607.98621 1977.24841 4356.94892 3.4312 1020.6 9.8322 4996.1 17.836 "" "" 0.0028849415393746615 0.010825455 0.0054136473 0.016239103 263.6484675341 -35.21888921836 1767.48633 -0.16699999999999993 -3.407000000000001 0.031075473308563223 -1.1159056968688965 0.19121107 0.17121106 "" "" 9.352554161345001 "" 1.6014141516911664 ""
263.50911921119 -34.89421071473 0.0558 0.0412 9.8526 "" "" 5975061092337280512 2314.19067 0.4231 0.0607 -0.226 -1.611 0.071 0.05 1.019 9327.2 3.796 16.589966 1.828241 17.470898 15.642656 "" "" 2027.5553 2615.56665 4354.72147 2.9413 1403.0 10.139 4386.3 13.987 "" "" 0.0028512403731996206 0.008327579 0.0051254723 0.013453051 263.50911921119 -34.89421071473 2314.19067 -0.226 -1.611 -0.027924526691436774 0.6800943031311035 0.18721107 0.16621107 "" "" 7.466419697556659 "" 1.2412821324994654 ""
263.71410051778 -34.96333786917 0.0605 0.0466 12.0224 "" "" 4053333226201826048 2040.49036 0.4761 0.0661 0.419 -1.512 0.082 0.062 0.965 "" "" 16.590242 2.113768 17.669445 15.555677 "" "" 1844.75488 2451.12671 4353.61309 3.3841 1168.5 7.779 4752.1 21.044 "" "" 0.0028816738291356507 0.0077478588 0.0061156247 0.013863483 263.71410051778 -34.96333786917 2040.49036 0.419 -1.5119999999999998 0.6170754733085633 0.7790943031311035 0.19821107 0.17821106 "" "" 9.612598897596012 "" 1.7896319006371493 ""
263.39695564767 -35.02276342778 0.0535 0.0408 5.4274 "" "" 5975058519668625024 2007.6394 0.468 0.0575 1.43 -1.895 0.07 0.05 0.977 4840.7 3.5718 16.59044 2.389201 17.877844 15.488643 "" "" 1795.07629 2262.52124 4352.81785 2.838 964.45 17.934 5054.8 12.152 "" "" 0.0028448020434322326 0.020381212 0.004593114 0.024974326 263.39695564767 -35.02276342778 2007.6394 1.43 -1.895 1.6280754733085632 0.3960943031311035 0.18621108 0.16621107 "" "" 15.945036418352798 "" 2.952230389631086 ""
263.35913608311 -35.3891154166 0.0569 0.0448 20.9991 "" "" 5974832978037355264 2055.60571 0.4798 0.0677 0.272 -0.287 0.074 0.055 1.008 9223.3 4.1869 16.59286 2.08053 17.657434 15.576904 "" "" 1809.04712 2471.73779 4343.12998 2.6789 1181.5 6.6405 4660.1 12.68 "" "" 0.0028355392274312776 0.006709899 0.004797016 0.011506915 263.35913608311 -35.3891154166 2055.60571 0.2720000000000001 -0.28700000000000003 0.47007547330856325 2.0040943031311036 0.19021107 0.17121106 "" "" 20.057005371868023 "" 3.454893045485202 ""
263.23986813961 -35.11668696478 0.0605 0.0461 13.1791 "" "" 5975051338483339136 2073.20923 0.4763 0.0641 -6.337 -4.126 0.078 0.056 1.062 15009.6 4.3121 16.59333 2.849703 18.22092 15.371218 "" "" 1814.03333 2440.52661 4341.25045 3.147 703.15 10.006 5632.1 14.726 "" "" 0.002865527556991866 0.015700212 0.004726802 0.020427015 263.23986813961 -35.11668696478 2073.20923 -6.337 -4.1259999999999994 -6.1389245266914365 -1.8349056968688968 0.19421107 0.17221108 "" "" 62.96444365511964 "" 12.120747433043423 ""
263.21230330384 -34.79231350139 0.0565 0.0434 21.2807 "" "" 5975077280086121344 1804.87646 0.534 0.0618 -0.673 -1.507 0.071 0.053 1.003 9308.2 3.7067 16.595127 2.131957 17.684101 15.552144 "" "" 1631.03162 1997.37524 4334.07256 3.2848 1152.9 7.1705 4767.6 12.564 "" "" 0.0028755734496393424 0.007306502 0.0047402903 0.012046793 263.21230330384 -34.79231350139 1804.87646 -0.673 -1.5070000000000001 -0.4749245266914368 0.7840943031311036 0.18721107 0.16921107 "" "" 7.842558745070949 "" 1.366369662811464 ""
263.34562071425 -34.77675188358 0.0587 0.0448 18.4881 "" "" 5975075218502101120 1778.47754 0.5288 0.064 -0.924 -2.761 0.078 0.053 0.962 9245.2 3.7363 16.595755 2.253203 17.781313 15.52811 "" "" 1624.76965 1991.97632 4331.56796 3.2889 1054.1 7.586 4874.3 12.552 "" "" 0.0028760040391405013 0.008296901 0.00470116 0.012998061 263.34562071425 -34.77675188358 1778.47754 -0.924 -2.761 -0.7259245266914368 -0.4699056968688966 0.19421107 0.16921107 "" "" 7.289756223892653 "" 1.3644715040593727 ""
263.8837223283 -34.887413698 0.0562 0.0447 21.5292 "" "" 4053334841109668352 2412.71338 0.403 0.064 -1.534 -0.461 0.082 0.057 0.996 6023.3 3.9718 16.596008 1.976554 17.434227 15.457673 "" "" 2117.44067 2822.33154 4330.55312 3.171 1451.2 10.528 5201.0 20.778 "" "" 0.002867724475147788 0.008356258 0.0057530673 0.014109326 263.8837223283 -34.887413698 2412.71338 -1.5340000000000014 -0.4610000000000003 -1.3359245266914368 1.8300943031311034 0.19821107 0.17321107 "" "" 25.912507902524794 "" 4.723615008091573 ""
263.88420202743 -35.05134789291 0.0612 0.0466 18.9433 "" "" 4053328488942622720 2309.57153 0.4112 0.0664 0.308 -2.779 0.08 0.055 1.006 9237.3 3.6918 16.5975 1.907479 17.542538 15.635058 "" "" 2031.1344 2613.14966 4324.60607 2.8008 1313.4 7.1966 4417.1 10.895 "" "" 0.002843630849303412 0.00657095 0.004632012 0.011202962 263.88420202743 -35.05134789291 2309.57153 0.30800000000000005 -2.779 0.5060754733085633 -0.4879056968688964 0.19621107 0.17121106 "" "" 7.695652811886264 "" 1.420548725511954 ""
263.50954561918 -34.7523708898 0.0638 0.0479 18.3573 "" "" 4053538770503215744 2169.22388 0.4488 0.0665 -0.752 -2.531 0.082 0.057 1.002 9308.7 4.1035 16.598217 2.239925 17.772522 15.532597 "" "" 1877.52661 2580.92505 4321.75445 3.1069 1062.7 7.1787 4854.2 14.518 "" "" 0.002863742614619962 0.007847114 0.004982795 0.012829909 263.50954561918 -34.7523708898 2169.22388 -0.752 -2.531 -0.5539245266914368 -0.23990569686889662 0.19821107 0.17321107 "" "" 6.206749672169333 "" 1.2070649163383627 ""
263.20174698623 -35.02748426831 0.0638 0.0488 14.6988 "" "" 5975063845428236416 1982.0271 0.4784 0.0645 -0.907 -3.254 0.08 0.056 1.009 9274.4 4.0436 16.599455 2.076575 17.626127 15.549552 "" "" 1758.73938 2207.2229 4316.82921 3.1887 1216.1 15.768 4779.0 16.498 "" "" 0.002869667166729178 0.0143515365 0.005322824 0.01967436 263.20174698623 -35.02748426831 1982.0271 -0.9070000000000001 -3.2540000000000013 -0.7089245266914368 -0.9629056968688965 0.19621107 0.17221108 "" "" 11.233619477644163 "" 2.0334012984782537 ""
263.68753244504 -34.89934600074 0.0527 0.0411 13.308 "" "" 4053521384476070400 1872.4209 0.4925 0.0577 0.971 1.466 0.069 0.051 1.023 7965.2 3.6744 16.601284 1.983934 17.59731 15.613375 "" "" 1679.59094 2100.93359 4309.56508 2.4788 1248.8 7.6638 4506.2 12.076 "" "" 0.0028252060958157796 0.0072236964 0.0047696587 0.011993355 263.68753244504 -34.89934600074 1872.4209 0.9710000000000001 1.466 1.1690754733085633 3.7570943031311037 0.18521106 0.16721107 "" "" 34.92225642173484 "" 5.897575223426737 ""
263.25573156904 -35.03187853779 0.0809 0.0612 12.0346 "" "" 5975053327036219136 1665.12524 0.5901 0.0858 0.063 -2.088 0.109 0.074 1.432 "" "" 16.601658 2.238685 17.65719 15.418506 "" "" 1468.42017 1943.52148 4308.08057 4.9683 1181.8 6.9095 5392.1 14.423 "" "" 0.003026484879486906 0.0069339955 0.0047663325 0.011700328 263.25573156904 -35.03187853779 1665.12524 0.063 -2.088 0.26107547330856323 0.20309430313110344 0.22521107 0.19021107 "" "" 2.610653220137122 "" 0.5552685237438869 ""
263.41549418149 -34.97244141523 0.0562 0.0443 6.5692 "" "" 5975058897625791616 2112.76685 0.4597 0.0613 -1.15 -3.694 0.073 0.056 0.952 "" "" 16.604404 1.849918 17.493694 15.643776 "" "" 1857.13 2455.97437 4297.19229 3.1927 1373.9 11.309 4381.8 27.611 "" "" 0.0028709773599963416 0.009362457 0.007816035 0.017178493 263.41549418149 -34.97244141523 2112.76685 -1.15 -3.694 -0.9519245266914367 -1.4029056968688964 0.18921107 0.17221108 "" "" 16.97838268411876 "" 3.0178416499975045 ""
263.28368240926 -34.91652257487 0.0618 0.0459 13.5601 "" "" 5975066113171019776 2213.84497 0.4321 0.063 0.538 -1.756 0.079 0.054 0.959 9339.6 3.8136 16.606882 2.039216 17.6116 15.572385 "" "" 1939.21643 2582.29639 4287.39596 3.3999 1232.5 8.6584 4679.6 19.879 "" "" 0.002886709005020846 0.008121692 0.005962911 0.014084603 263.28368240926 -34.91652257487 2213.84497 0.5379999999999995 -1.756 0.7360754733085633 0.5350943031311035 0.19521108 0.17021108 "" "" 9.549389250960674 "" 1.7852189283306574 ""
263.41684132205 -35.18401800463 0.0545 0.0418 8.5496 "" "" 5975047661991084672 2174.45337 0.4288 0.0602 -0.259 -2.657 0.074 0.052 1.067 9515.9 4.1707 16.609085 2.215695 17.686176 15.470481 "" "" 1900.27258 2511.79199 4278.70716 5.0638 1150.7 14.494 5140.0 36.673 "" "" 0.0030402140379227603 0.013957457 0.008619314 0.022576772 263.41684132205 -35.18401800463 2174.45337 -0.259 -2.657 -0.060924526691436776 -0.3659056968688965 0.19021107 0.16821107 "" "" 3.823276676079081 "" 0.6455302884888132 ""
263.37652847589 -35.05501581224 0.0594 0.0454 5.999 "" "" 5975052609793606144 1776.62366 0.5605 0.0616 1.253 0.48 0.076 0.055 1.062 7917.3 4.2832 16.609417 1.841084 17.504444 15.663361 "" "" 1608.42664 1962.55566 4277.40307 2.9258 1360.3 10.653 4303.4 8.1752 "" "" 0.0028536520600552823 0.008948883 0.004305574 0.013254457 263.37652847589 -35.05501581224 1776.62366 1.253 0.48 1.4510754733085631 2.7710943031311035 0.19221106 0.17121106 "" "" 26.341770321164812 "" 4.634623804301969 ""
