Clusters/LP_2106/LP_2106_members.tsv
# %ECSV 1.0
# ---
# datatype:
# - name: RA_ICRS_1
#   unit: deg
#   datatype: float64
#   format: '{:15.11f}'
#   description: Right ascension (ICRS) at Ep=2016.0 (ra)
#   meta: !!omap
#   - {ucd: POS_EQ_RA_MAIN}
#   - {width: 15}
#   - {precision: '11'}
# - name: DE_ICRS_1
#   unit: deg
#   datatype: float64
#   format: '{:15.11f}'
#   description: Declination (ICRS) at Ep=2016.0 (dec)
#   meta: !!omap
#   - {ucd: POS_EQ_DEC_MAIN}
#   - {width: 15}
#   - {precision: '11'}
# - name: e_RA_ICRS
#   unit: mas
#   datatype: float64
#   format: '{:7.4f}'
#   description: Standard error of right ascension (ra_error)
#   meta: !!omap
#   - {ucd: ERROR}
#   - {width: 7}
#   - {precision: '4'}
# - name: e_DE_ICRS
#   unit: mas
#   datatype: float64
#   format: '{:7.4f}'
#   description: Standard error of declination (dec_error)
#   meta: !!omap
#   - {ucd: ERROR}
#   - {width: 7}
#   - {precision: '4'}
# - name: _r_1
#   unit: ''
#   datatype: float64
#   format: '{:7.4f}'
#   description: Distance from center (263.49860856000-35.05819479000)[ICRS], at Epoch=J2016.0
#   meta: !!omap
#   - {ucd: POS_ANG_DIST_GENERAL}
#   - {width: 7}
#   - {precision: '4'}
# - name: HIP
#   datatype: int32
#   description: '? HIP cross-id number, van Leeuwen, Cat. I/311 (hip_original_ext_source_id)'
#   meta: !!omap
#   - {ucd: ID_NUMBER}
#   - {width: 6}
#   - values: {'null': -2147483648}
# - name: TYC2
#   datatype: string
#   description: Tycho-2 cross-id name, Hog et al., Cat. I/259 (tyc2_original_ext_source_id)
#   meta: !!omap
#   - {ucd: ID_CROSSID}
#   - {_votable_string_dtype: char}
# - name: Source
#   datatype: int64
#   description: Source identifier, identical to the Gaia-EDR3 source_id (id)
#   meta: !!omap
#   - {ucd: ID_MAIN}
#   - {width: 19}
# - name: rgeo
#   unit: pc
#   datatype: float64
#   format: '{:15.8f}'
#   description: '? Median of the geometric distance posterior (r_med_geo)'
#   meta: !!omap
#   - {ucd: PHYS_DISTANCE_TRUE}
#   - {width: 15}
#   - {precision: '8'}
#   - values: {'null': .nan}
# - name: Plx
#   unit: mas
#   datatype: float64
#   format: '{:9.4f}'
#   description: '? Parallax (parallax)'
#   meta: !!omap
#   - {ucd: POS_PARLX_TRIG}
#   - {width: 9}
#   - {precision: '4'}
#   - values: {'null': .nan}
# - name: e_Plx
#   unit: mas
#   datatype: float32
#   format: '{:7.4f}'
#   description: '? Standard error of parallax (parallax_error)'
#   meta: !!omap
#   - {ucd: ERROR}
#   - {width: 7}
#   - {precision: '4'}
#   - values: {'null': .nan}
# - name: pmRA
#   unit: mas / yr
#   datatype: float64
#   format: '{:9.3f}'
#   description: '? Proper motion in right ascension direction, pmRA*cosDE (pmra)'
#   meta: !!omap
#   - {ucd: POS_EQ_PMRA}
#   - {width: 9}
#   - {precision: '3'}
#   - values: {'null': .nan}
# - name: pmDE
#   unit: mas / yr
#   datatype: float64
#   format: '{:9.3f}'
#   description: '? Proper motion in declination direction (pmdec)'
#   meta: !!omap
#   - {ucd: POS_EQ_PMDEC}
#   - {width: 9}
#   - {precision: '3'}
#   - values: {'null': .nan}
# - name: e_pmRA
#   unit: mas / yr
#   datatype: float32
#   format: '{:6.3f}'
#   description: '? Standard error of proper motion in right ascension direction (pmra_error)'
#   meta: !!omap
#   - {ucd: ERROR}
#   - {width: 6}
#   - {precision: '3'}
#   - values: {'null': .nan}
# - name: e_pmDE
[...]
#         unit: &id001 !astropy.units.Unit {unit: deg}
#         value: !astropy.table.SerializedColumn {name: SkyCoord.dec}
#       distance: !astropy.table.SerializedColumn
#         __class__: astropy.coordinates.distances.Distance
#         unit: !astropy.units.Unit {unit: pc}
#         value: !astropy.table.SerializedColumn {name: SkyCoord.distance}
#       frame: icrs
#       obstime: !astropy.time.Time {format: jyear_str, in_subfmt: '*', jd1: 367701545.0, jd2: 0.0, out_subfmt: '*', precision: 3, scale: tt}
#       pm_dec: !astropy.table.SerializedColumn
#         __class__: astropy.units.quantity.Quantity
#         unit: !astropy.units.Unit {unit: mas / yr}
#         value: !astropy.table.SerializedColumn {name: SkyCoord.pm_dec}
#       pm_ra_cosdec: !astropy.table.SerializedColumn
#         __class__: astropy.units.quantity.Quantity
#         unit: !astropy.units.Unit {unit: mas / yr}
#         value: !astropy.table.SerializedColumn {name: SkyCoord.pm_ra_cosdec}
#       ra: !astropy.table.SerializedColumn
#         __class__: astropy.coordinates.angles.Longitude
#         unit: *id001
#         value: !astropy.table.SerializedColumn {name: SkyCoord.ra}
#         wrap_angle: !astropy.coordinates.Angle
#           unit: *id001
#           value: 360.0
#       representation_type: spherical
# schema: astropy-2.0
RA_ICRS_1 DE_ICRS_1 e_RA_ICRS e_DE_ICRS _r_1 HIP TYC2 Source rgeo Plx e_Plx pmRA pmDE e_pmRA e_pmDE RUWE Teff logg Gmag BP-RP BPmag RPmag RV e_RV b_rgeo B_rgeo FG e_FG FBP e_FBP FRP e_FRP RAVE5 RAVE6 e_Gmag e_BPmag e_RPmag e_BP-RP SkyCoord.ra SkyCoord.dec SkyCoord.distance SkyCoord.pm_ra_cosdec SkyCoord.pm_dec Pmemb
263.47065782873 -35.06746559088 0.0159 0.0123 1.4811 "" "" 5975055182462044288 1841.73792 0.5382 0.0177 -0.346 -2.296 0.02 0.014 1.083 4673.8 1.9937 12.376963 2.349692 13.558135 11.208443 "" "" 1796.54065 1898.89868 210941.24181 89.737 51542.0 334.11 260480.0 3487.7 "" "" 0.0027937658500991106 0.007570946 0.015020718 0.022591664 263.47065782873 -35.06746559088 1841.73792 -0.34600000000000003 -2.296 0.88
263.39826310329 -34.95636595489 0.0163 0.0124 7.8516 "" "" 5975059717947662720 1666.16797 0.5667 0.0184 -0.1 -2.464 0.021 0.015 1.184 7999.7 3.0909 13.059839 1.482043 13.725775 12.243732 -25.74 28.21 1615.18823 1712.15051 112463.31024 40.484 44168.0 40.633 100380.0 51.53 "" "" 0.0027829020485546484 0.0029635667 0.0038202591 0.006783826 263.39826310329 -34.95636595489 1666.16797 -0.10000000000000003 -2.464 0.87
263.40897947728 -35.08890146959 0.0131 0.0102 4.7713 "" "" 5975049513105189376 1814.52502 0.5131 0.0149 -0.197 -2.314 0.017 0.012 1.006 "" "" 13.074561 1.653959 13.844533 12.190574 -12.19 11.23 1758.922 1862.45935 110948.68183 34.515 39592.0 39.333 105420.0 52.508 "" "" 0.002775945274679491 0.0029914042 0.003817876 0.0068092803 263.40897947728 -35.08890146959 1814.52502 -0.19700000000000004 -2.314 0.93
263.63057686479 -34.99066957236 0.015 0.0112 7.6459 "" "" 5975056797369860480 1986.96289 0.445 0.0167 -0.223 -2.242 0.022 0.015 1.0 "" "" 13.388019 2.716906 14.912745 12.19584 -24.31 0.8 1937.50903 2051.7605 83126.49364 35.472 14802.0 21.687 104910.0 94.075 "" "" 0.0027940015062844605 0.003211783 0.003902772 0.0071145548 263.63057686479 -34.99066957236 1986.96289 -0.22300000000000003 -2.242 0.84
263.406697491 -35.0712139006 0.0154 0.0122 4.5809 "" "" 5975049517417100544 1784.30347 0.5168 0.0177 -0.197 -2.253 0.02 0.014 0.999 "" "" 13.653531 1.666701 14.434573 12.767872 "" "" 1734.45483 1838.50061 65092.99308 21.612 22993.0 24.487 61945.0 39.882 "" "" 0.0027788014561063445 0.0030202714 0.003843484 0.006863755 263.406697491 -35.0712139006 1784.30347 -0.197 -2.253 0.93
263.44031647993 -35.17066415105 0.0277 0.0218 7.3296 "" "" 5975047696334192128 1925.70752 0.483 0.0318 -0.337 -2.453 0.036 0.025 1.976 "" "" 13.721378 2.123813 14.777118 12.653305 "" "" 1791.2467 2065.19263 61149.87126 24.286 16771.0 22.232 68839.0 52.562 "" "" 0.0027888578229095964 0.003139516 0.0038692364 0.007008753 263.44031647993 -35.17066415105 1925.70752 -0.3370000000000001 -2.4530000000000003 0.91
263.51283093203 -35.08184361856 0.0168 0.0128 1.5815 "" "" 5975054293420618496 1940.42908 0.4719 0.0193 -0.137 -2.297 0.022 0.015 0.964 "" "" 13.796135 1.846611 14.691124 12.844513 "" "" 1870.75049 2005.70398 57081.14317 21.965 18154.0 27.031 57724.0 37.129 "" "" 0.002786815699541187 0.0032246832 0.003843363 0.0070680464 263.51283093203 -35.08184361856 1940.42908 -0.13699999999999998 -2.2969999999999997 0.91
263.71257695828 -35.04838704741 0.0157 0.0123 10.526 "" "" 5974867788801801856 1962.97192 0.4741 0.0178 -0.189 -2.307 0.021 0.015 1.024 "" "" 13.817498 1.587065 14.548233 12.961168 -17.05 6.38 1882.27258 2035.72839 55968.99724 12.623 20707.0 21.211 51843.0 27.972 "" "" 0.0027661799954629284 0.0030036566 0.0038245134 0.0068281703 263.71257695828 -35.04838704741 1962.97192 -0.18900000000000003 -2.307 0.93
263.5124854028 -35.06772603214 0.0173 0.0131 0.8897 "" "" 5975054499579063424 1763.24866 0.5231 0.0194 -0.166 -2.257 0.022 0.016 1.128 "" "" 13.897526 1.65278 14.666504 13.013723 -12.72 6.76 1704.4679 1827.14648 51991.98894 16.367 18570.0 18.085 49393.0 30.048 "" "" 0.0027764381011167027 0.0029838062 0.003836664 0.00682047 263.5124854028 -35.06772603214 1763.24866 -0.16599999999999995 -2.2569999999999997 0.9
263.50243264385 -35.08542283997 0.0186 0.0143 1.6444 "" "" 5975054259060885504 1858.23804 0.4995 0.0216 -0.11 -2.285 0.025 0.018 1.113 "" "" 13.926325 1.969173 14.902222 12.933048 10.91 3.95 1775.52771 1942.54553 50631.02001 24.0 14946.0 28.659 53203.0 33.11 "" "" 0.0028029738510265386 0.003481288 0.0038393077 0.007320596 263.50243264385 -35.08542283997 1858.23804 -0.11000000000000001 -2.285 0.92
263.63504751665 -34.99668291698 0.0175 0.0134 7.6524 "" "" 5974869128831654144 1861.60718 0.4912 0.0198 -0.222 -2.297 0.024 0.017 1.129 "" "" 14.020845 1.826847 14.902473 13.075625 19.41 10.11 1791.4292 1933.77258 46409.66147 13.701 14943.0 14.753 46656.0 22.065 "" "" 0.002773901340174498 0.002988994 0.0038141035 0.006803097 263.63504751665 -34.99668291698 1861.60718 -0.22199999999999995 -2.2969999999999997 0.92
263.44897726034 -35.06503110945 0.0188 0.0144 2.4718 "" "" 5975055221133634944 1776.05469 0.5213 0.0212 -0.2 -2.565 0.025 0.017 1.04 "" "" 14.110599 1.53529 14.801776 13.266486 "" "" 1720.23596 1836.18176 42727.45411 15.252 16395.0 27.076 39135.0 31.329 "" "" 0.0027824441990860816 0.0033166474 0.0038780388 0.007194686 263.44897726034 -35.06503110945 1776.05469 -0.20000000000000004 -2.565 0.8
263.6976013724 -35.00025411217 0.019 0.0144 10.3765 "" "" 5974868957032939136 1914.87329 0.4807 0.0206 -0.105 -2.253 0.025 0.018 0.982 "" "" 14.214756 1.736603 15.039475 13.302872 "" "" 1836.80042 1989.54456 38819.00364 9.9545 13171.0 16.452 37845.0 15.38 "" "" 0.0027693513177348534 0.0031023107 0.0038050516 0.0069073625 263.6976013724 -35.00025411217 1914.87329 -0.10500000000000004 -2.253 0.93
263.53695147301 -34.94665850874 0.0214 0.0156 6.9524 "" "" 5975057759442590464 1837.05896 0.5032 0.0241 -0.192 -2.225 0.027 0.019 1.059 "" "" 14.36028 1.790602 15.21629 13.425688 "" "" 1762.22534 1913.07715 33949.62039 12.956 11192.0 21.718 33797.0 29.677 "" "" 0.0027863003761455707 0.0034962727 0.0038977766 0.0073940493 263.53695147301 -34.94665850874 1837.05896 -0.192 -2.225 0.91
263.57619005687 -35.11583624616 0.0206 0.016 5.1449 "" "" 5974866654930185856 1922.23083 0.4785 0.0235 -0.118 -2.246 0.027 0.019 1.065 "" "" 14.434253 2.081965 15.489761 13.407796 "" "" 1831.69177 2006.22571 31713.61576 10.862 8699.9 16.079 34359.0 25.347 "" "" 0.0027803012281383127 0.0034368073 0.0038633228 0.00730013 263.57619005687 -35.11583624616 1922.23083 -0.11800000000000001 -2.246 0.91
263.35361075462 -35.03783318014 0.0215 0.0164 7.2263 "" "" 5975052712872862592 1622.47815 0.5782 0.0239 -0.529 -2.123 0.028 0.02 1.097 "" "" 14.52192 1.64608 15.293334 13.647254 25.43 8.92 1553.10291 1681.69446 29253.54889 11.982 10425.0 28.474 27559.0 35.698 "" "" 0.002790977376378668 0.0040717553 0.0040325737 0.008104329 263.35361075462 -35.03783318014 1622.47815 -0.5289999999999999 -2.123 0.83
263.5576490502 -35.03832030071 0.0236 0.0171 3.1357 "" "" 5975054843177012480 1983.771 0.4628 0.0263 -0.128 -2.403 0.031 0.021 1.104 "" "" 14.582185 1.699663 15.379393 13.679729 "" "" 1892.44629 2118.74512 27674.04787 17.967 9630.7 26.454 26746.0 60.3 "" "" 0.002844059169717911 0.0040840455 0.004502848 0.008586893 263.5576490502 -35.03832030071 1983.771 -0.12800000000000003 -2.4030000000000005 0.88
263.41326570466 -35.10320368655 0.0216 0.0167 4.9852 "" "" 5975049208179406976 1782.43604 0.5225 0.0245 -0.224 -2.276 0.028 0.02 1.001 "" "" 14.655921 1.656995 15.432549 13.775555 "" "" 1701.09607 1860.97156 25857.01658 8.5403 9170.6 14.759 24487.0 20.747 "" "" 0.00277855871482735 0.003292162 0.0038897244 0.0071818866 263.41326570466 -35.10320368655 1782.43604 -0.22400000000000003 -2.276 0.92
263.4970580233 -34.98964221832 0.0236 0.0177 4.1139 "" "" 5975056110175093248 1744.27502 0.5324 0.0269 -0.355 -2.437 0.029 0.021 1.098 "" "" 14.68872 1.607247 15.429248 13.822 "" "" 1673.23901 1843.98535 25087.57941 8.3322 9198.5 20.236 23462.0 30.101 "" "" 0.002778816558677875 0.0036728948 0.0040279124 0.0077008074 263.4970580233 -34.98964221832 1744.27502 -0.355 -2.437 0.84
263.58467168965 -35.0480457422 0.0227 0.017 4.2708 "" "" 5974867101606819072 1833.4939 0.5013 0.0252 -0.38 -2.391 0.03 0.021 1.029 "" "" 14.751428 1.809551 15.621799 13.812248 "" "" 1751.63696 1946.02869 23679.66821 8.3114 7703.7 19.996 23673.0 21.483 "" "" 0.002781549185414405 0.0039657485 0.003905705 0.007871454 263.58467168965 -35.0480457422 1833.4939 -0.38000000000000006 -2.391 0.9
263.55346037364 -35.09735098326 0.0273 0.0201 3.574 "" "" 5974866929808119424 1870.78284 0.4953 0.0307 -0.268 -2.324 0.035 0.025 1.119 8587.8 3.3575 14.790058 1.836336 15.679019 13.842683 "" "" 1758.46521 2005.94397 22851.96695 8.7778 7308.2 13.209 23019.0 20.551 "" "" 0.0027867039149249415 0.0034111575 0.003901708 0.0073128655 263.55346037364 -35.09735098326 1870.78284 -0.26800000000000007 -2.324 0.89
263.54969177715 -35.06725082993 0.0237 0.0181 2.5669 "" "" 5975054637017986432 1892.26416 0.498 0.027 -0.094 -2.319 0.031 0.022 1.002 "" "" 14.808594 1.814325 15.668322 13.853996 "" "" 1768.74646 2005.01099 22465.14799 9.2611 7380.5 35.295 22780.0 51.774 "" "" 0.0027914375572809496 0.0058944062 0.0045136446 0.010408051 263.54969177715 -35.06725082993 1892.26416 -0.09399999999999999 -2.319 0.83
263.48537712151 -35.09489315165 0.0237 0.0178 2.2958 "" "" 5975054362140104192 1807.31555 0.5055 0.0268 -0.214 -2.223 0.034 0.023 1.049 "" "" 14.823454 1.871933 15.734438 13.862505 -14.34 14.07 1713.43835 1889.74414 22159.75856 7.8115 6944.5 12.032 22602.0 22.652 "" "" 0.002781775057140951 0.003365076 0.0039329086 0.0072979843 263.48537712151 -35.09489315165 1807.31555 -0.214 -2.223 0.91
263.47930793946 -35.06500115767 0.0236 0.0184 1.0321 "" "" 5975054533938838144 1860.10742 0.4918 0.0264 -0.165 -2.253 0.03 0.022 1.082 "" "" 14.880717 1.448787 15.532066 14.08328 "" "" 1785.38293 1990.88745 21021.30988 6.228 8367.4 18.992 18444.0 18.282 "" "" 0.0027740335648825 0.0037226505 0.0039296225 0.007652273 263.47930793946 -35.06500115767 1860.10742 -0.16500000000000004 -2.253 0.9
263.57128995898 -35.11394895047 0.0268 0.02 4.8913 "" "" 5974866654930191872 1818.21277 0.5145 0.0305 -0.187 -2.25 0.037 0.025 1.178 "" "" 14.882833 1.820301 15.757552 13.937251 123.21 8.49 1721.07935 1935.28052 20980.39581 9.6664 6798.2 17.156 21099.0 26.355 "" "" 0.002800361758130306 0.0039105634 0.004015348 0.007925911 263.57128995898 -35.11394895047 1818.21277 -0.187 -2.25 0.88
263.54921204802 -35.0049529302 0.0298 0.0229 4.0479 "" "" 5975056595506952704 1861.13062 0.5024 0.033 -0.169 -2.272 0.037 0.027 1.246 9488.6 3.998 14.885915 1.779121 15.650685 13.871564 37.08 7.76 1748.74329 1967.29541 20920.91695 11.043 7501.4 46.991 22415.0 391.04 "" "" 0.0028142909202163776 0.0073514446 0.019314542 0.026665987 263.54921204802 -35.0049529302 1861.13062 -0.16900000000000004 -2.272 0.89
263.47021092946 -35.13583276169 0.027 0.0209 4.8624 "" "" 5975048211746905088 1867.69983 0.4921 0.0298 -0.222 -2.318 0.036 0.025 1.029 "" "" 14.903979 2.052833 15.93588 13.883047 "" "" 1761.21606 2000.17334 20575.72411 9.1628 5768.5 11.719 22179.0 20.069 "" "" 0.002797420709958183 0.0035567237 0.0039049871 0.007461711 263.47021092946 -35.13583276169 1867.69983 -0.22199999999999998 -2.318 0.88
263.53986828822 -35.08479702248 0.0273 0.0195 2.5793 "" "" 5975054602658837632 1809.37866 0.508 0.0307 -0.227 -2.355 0.035 0.024 0.979 "" "" 15.01186 1.821282 15.890443 14.06916 "" "" 1705.07751 1901.06519 18629.57544 7.0079 6015.1 15.557 18685.0 17.808 "" "" 0.002785426006357125 0.003958571 0.00391848 0.007877051 263.53986828822 -35.08479702248 1809.37866 -0.22700000000000004 -2.3549999999999995 0.88
263.45121345129 -35.03509363469 0.0246 0.0191 2.7095 "" "" 5975055564731055616 1902.354 0.4863 0.0277 -0.073 -2.317 0.032 0.023 0.982 "" "" 15.024812 1.446685 15.672463 14.225779 "" "" 1814.12781 1989.76807 18408.65239 6.0656 7352.4 11.971 16175.0 14.261 "" "" 0.0027784478309529027 0.0033030375 0.0038987272 0.0072017647 263.45121345129 -35.03509363469 1902.354 -0.07299999999999997 -2.317 0.89
263.57462660417 -35.07758399379 0.0291 0.0213 3.9102 "" "" 5974867062895053056 1804.22266 0.5141 0.0329 -0.215 -2.299 0.037 0.026 1.096 "" "" 15.079287 1.929353 16.026236 14.096883 "" "" 1700.98157 1913.89429 17507.82618 7.4297 5307.9 11.605 18214.0 29.543 "" "" 0.002793577999244677 0.0036633376 0.0041695386 0.007832876 263.57462660417 -35.07758399379 1804.22266 -0.21500000000000002 -2.299 0.91
263.54168992339 -35.00735457019 0.0256 0.0194 3.7128 "" "" 5975055113742653824 1815.07043 0.5106 0.0285 -0.063 -2.305 0.032 0.023 1.036 "" "" 15.092112 1.750252 15.923923 14.173671 "" "" 1730.95691 1900.04675 17302.23049 6.1096 5832.4 15.658 16970.0 21.712 "" "" 0.0027818650903666323 0.004035007 0.004026587 0.008061594 263.54168992339 -35.00735457019 1815.07043 -0.063 -2.3049999999999997 0.91
263.60881077002 -35.09482329241 0.0287 0.0215 5.8405 "" "" 5974866723649657856 1784.53259 0.5102 0.0318 -0.244 -2.417 0.038 0.026 1.13 "" "" 15.143868 2.336808 16.363209 14.026401 -160.4 7.68 1689.25281 1886.80042 16496.79618 7.7908 3891.6 17.267 19436.0 24.199 "" "" 0.002802624358325895 0.0055670836 0.004013865 0.009580948 263.60881077002 -35.09482329241 1784.53259 -0.24399999999999997 -2.417 0.82
263.57337097103 -35.04873038362 0.0282 0.0212 3.7158 "" "" 5975054774456940160 1933.68445 0.4802 0.0315 -0.156 -2.369 0.038 0.026 1.13 "" "" 15.166135 1.96703 16.141998 14.174968 "" "" 1786.87622 2045.01062 16161.91247 7.2093 4771.1 10.117 16950.0 12.894 "" "" 0.0027975608838485206 0.0036173922 0.0038685766 0.007485969 263.57337097103 -35.04873038362 1933.68445 -0.156 -2.369 0.91
263.41780512562 -34.97536067981 0.032 0.0249 6.3614 "" "" 5975058897626232576 1910.81323 0.4824 0.0344 -0.136 -2.372 0.041 0.03 1.078 8562.1 3.1575 15.214775 1.600465 15.921191 14.320726 "" "" 1787.29626 2009.94873 15453.85269 8.2165 5847.1 18.518 14821.0 157.26 "" "" 0.002815141747285658 0.0044281837 0.01212443 0.016552614 263.41780512562 -34.97536067981 1910.81323 -0.13600000000000004 -2.372 0.9
263.54074956653 -35.040196391 0.03 0.0238 2.3347 "" "" 5975055014975146368 1812.98792 0.5044 0.0347 -0.192 -2.223 0.039 0.029 1.109 7097.0 2.8645 15.263494 1.817648 16.140892 14.323244 "" "" 1728.79395 1946.8562 14775.74471 5.9789 4776.0 14.345 14786.0 13.032 "" "" 0.0027901263440459553 0.0042918115 0.0038986485 0.0081904605 263.54074956653 -35.040196391 1812.98792 -0.19200000000000003 -2.223 0.87
263.62589443397 -35.12182452961 0.0282 0.0213 7.323 "" "" 5974865894663920640 2150.55811 0.4157 0.0315 -0.031 -1.994 0.038 0.026 1.03 "" "" 15.289678 2.266446 16.47396 14.207515 "" "" 2024.41052 2311.03076 14423.67084 8.8286 3514.3 12.613 16449.0 34.457 "" "" 0.0028343327067260793 0.004792682 0.0044109537 0.009203635 263.62589443397 -35.12182452961 2150.55811 -0.031000000000000014 -1.9940000000000002 0.8
263.45067128058 -35.09124096774 0.029 0.0219 3.0777 "" "" 5975049276898863104 1822.06018 0.5102 0.0321 -0.094 -2.232 0.037 0.026 0.975 9004.4 3.5039 15.31418 1.664161 16.093338 14.429177 "" "" 1709.72034 1953.70874 14101.80083 5.7055 4989.8 11.315 13412.0 14.647 "" "" 0.002790117939073807 0.003721116 0.0039610155 0.0076821316 263.45067128058 -35.09124096774 1822.06018 -0.094 -2.232 0.9
263.63485866925 -35.0782511558 0.034 0.0262 6.7983 "" "" 5974868231126156928 1860.37036 0.4898 0.0372 -0.124 -2.253 0.045 0.032 1.064 "" "" 15.518658 2.124127 16.589233 14.465106 "" "" 1753.34888 1991.47449 11681.09946 5.7825 3160.3 7.7563 12975.0 41.218 "" "" 0.0028072524026925834 0.0038582054 0.005116631 0.008974836 263.63485866925 -35.0782511558 1860.37036 -0.124 -2.253 0.8
263.49684473358 -35.06404708428 0.0318 0.0247 0.3617 "" "" 5975054568298561536 1892.42896 0.4965 0.0352 -0.188 -2.362 0.04 0.029 1.0 "" "" 15.580806 1.682898 16.37572 14.692822 "" "" 1794.57495 2016.37805 11031.24036 4.6544 3847.1 11.155 10520.0 12.359 "" "" 0.002793143076405096 0.004206676 0.0039888234 0.008195499 263.49684473358 -35.06404708428 1892.42896 -0.188 -2.3619999999999997 0.85
263.50197362123 -35.12583264153 0.0334 0.0258 4.0616 "" "" 5975054048590616320 1958.10559 0.4697 0.0372 -0.171 -2.22 0.045 0.033 1.039 7469.1 3.5162 15.688038 2.075204 16.69012 14.614917 "" "" 1836.17993 2096.24854 9993.82149 4.9795 2879.8 11.478 11303.0 89.474 "" "" 0.0028079253968796894 0.0051489356 0.009388901 0.014537837 263.50197362123 -35.12583264153 1958.10559 -0.171 -2.2200000000000006 0.88
