Clusters/NGC_3766/NGC_3766_members.tsv
# %ECSV 1.0
# ---
# datatype:
# - name: RA_ICRS_1
#   unit: deg
#   datatype: float64
#   format: '{:15.11f}'
#   description: Right ascension (ICRS) at Ep=2016.0 (ra)
#   meta: !!omap
#   - {ucd: POS_EQ_RA_MAIN}
#   - {width: 15}
#   - {precision: '11'}
# - name: DE_ICRS_1
#   unit: deg
#   datatype: float64
#   format: '{:15.11f}'
#   description: Declination (ICRS) at Ep=2016.0 (dec)
#   meta: !!omap
#   - {ucd: POS_EQ_DEC_MAIN}
#   - {width: 15}
#   - {precision: '11'}
# - name: e_RA_ICRS
#   unit: mas
#   datatype: float64
#   format: '{:7.4f}'
#   description: Standard error of right ascension (ra_error)
#   meta: !!omap
#   - {ucd: ERROR}
#   - {width: 7}
#   - {precision: '4'}
# - name: e_DE_ICRS
#   unit: mas
#   datatype: float64
#   format: '{:7.4f}'
#   description: Standard error of declination (dec_error)
#   meta: !!omap
#   - {ucd: ERROR}
#   - {width: 7}
#   - {precision: '4'}
# - name: _r_1
#   unit: ''
#   datatype: float64
#   format: '{:7.4f}'
#   description: Distance from center (174.06051605000-61.61360309000)[ICRS], at Epoch=J2016.0
#   meta: !!omap
#   - {ucd: POS_ANG_DIST_GENERAL}
#   - {width: 7}
#   - {precision: '4'}
# - name: HIP
#   datatype: int32
#   description: '? HIP cross-id number, van Leeuwen, Cat. I/311 (hip_original_ext_source_id)'
#   meta: !!omap
#   - {ucd: ID_NUMBER}
#   - {width: 6}
#   - values: {'null': -2147483648}
# - name: TYC2
#   datatype: string
#   description: Tycho-2 cross-id name, Hog et al., Cat. I/259 (tyc2_original_ext_source_id)
#   meta: !!omap
#   - {ucd: ID_CROSSID}
#   - {_votable_string_dtype: char}
# - name: Source
#   datatype: int64
#   description: Source identifier, identical to the Gaia-EDR3 source_id (id)
#   meta: !!omap
#   - {ucd: ID_MAIN}
#   - {width: 19}
# - name: rgeo
#   unit: pc
#   datatype: float64
#   format: '{:15.8f}'
#   description: '? Median of the geometric distance posterior (r_med_geo)'
#   meta: !!omap
#   - {ucd: PHYS_DISTANCE_TRUE}
#   - {width: 15}
#   - {precision: '8'}
#   - values: {'null': .nan}
# - name: Plx
#   unit: mas
#   datatype: float64
#   format: '{:9.4f}'
#   description: '? Parallax (parallax)'
#   meta: !!omap
#   - {ucd: POS_PARLX_TRIG}
#   - {width: 9}
#   - {precision: '4'}
#   - values: {'null': .nan}
# - name: e_Plx
#   unit: mas
#   datatype: float32
#   format: '{:7.4f}'
#   description: '? Standard error of parallax (parallax_error)'
#   meta: !!omap
#   - {ucd: ERROR}
#   - {width: 7}
#   - {precision: '4'}
#   - values: {'null': .nan}
# - name: pmRA
#   unit: mas / yr
#   datatype: float64
#   format: '{:9.3f}'
#   description: '? Proper motion in right ascension direction, pmRA*cosDE (pmra)'
#   meta: !!omap
#   - {ucd: POS_EQ_PMRA}
#   - {width: 9}
#   - {precision: '3'}
#   - values: {'null': .nan}
# - name: pmDE
#   unit: mas / yr
#   datatype: float64
#   format: '{:9.3f}'
#   description: '? Proper motion in declination direction (pmdec)'
#   meta: !!omap
#   - {ucd: POS_EQ_PMDEC}
#   - {width: 9}
#   - {precision: '3'}
#   - values: {'null': .nan}
# - name: e_pmRA
#   unit: mas / yr
#   datatype: float32
#   format: '{:6.3f}'
#   description: '? Standard error of proper motion in right ascension direction (pmra_error)'
#   meta: !!omap
#   - {ucd: ERROR}
#   - {width: 6}
#   - {precision: '3'}
#   - values: {'null': .nan}
# - name: e_pmDE
[...]
#         unit: &id001 !astropy.units.Unit {unit: deg}
#         value: !astropy.table.SerializedColumn {name: SkyCoord.dec}
#       distance: !astropy.table.SerializedColumn
#         __class__: astropy.coordinates.distances.Distance
#         unit: !astropy.units.Unit {unit: pc}
#         value: !astropy.table.SerializedColumn {name: SkyCoord.distance}
#       frame: icrs
#       obstime: !astropy.time.Time {format: jyear_str, in_subfmt: '*', jd1: 367701545.0, jd2: 0.0, out_subfmt: '*', precision: 3, scale: tt}
#       pm_dec: !astropy.table.SerializedColumn
#         __class__: astropy.units.quantity.Quantity
#         unit: !astropy.units.Unit {unit: mas / yr}
#         value: !astropy.table.SerializedColumn {name: SkyCoord.pm_dec}
#       pm_ra_cosdec: !astropy.table.SerializedColumn
#         __class__: astropy.units.quantity.Quantity
#         unit: !astropy.units.Unit {unit: mas / yr}
#         value: !astropy.table.SerializedColumn {name: SkyCoord.pm_ra_cosdec}
#       ra: !astropy.table.SerializedColumn
#         __class__: astropy.coordinates.angles.Longitude
#         unit: *id001
#         value: !astropy.table.SerializedColumn {name: SkyCoord.ra}
#         wrap_angle: !astropy.coordinates.Angle
#           unit: *id001
#           value: 360.0
#       representation_type: spherical
# schema: astropy-2.0
RA_ICRS_1 DE_ICRS_1 e_RA_ICRS e_DE_ICRS _r_1 HIP TYC2 Source rgeo Plx e_Plx pmRA pmDE e_pmRA e_pmDE RUWE Teff logg Gmag BP-RP BPmag RPmag RV e_RV b_rgeo B_rgeo FG e_FG FBP e_FBP FRP e_FRP RAVE5 RAVE6 e_Gmag e_BPmag e_RPmag e_BP-RP SkyCoord.ra SkyCoord.dec SkyCoord.distance SkyCoord.pm_ra_cosdec SkyCoord.pm_dec Pmemb
[from data line 120]
173.93734916682 -61.63777160916 0.0128 0.0116 3.7996 "" "" 5334207617683581952 1903.85547 0.4875 0.0153 -6.799 1.006 0.018 0.015 0.955 9382.5 4.1587 13.673566 0.346324 13.800755 13.454431 "" "" 1852.62024 1959.41333 63902.8601 24.409 41221.0 22.803 32914.0 21.563 "" "" 0.0027863562764772684 0.002854083 0.0038457345 0.0066998173 173.93734916682 -61.63777160916 1903.85547 -6.799 1.0059999999999998 0.8
173.84688420601 -61.40306749843 0.0104 0.0113 14.0342 "" "" 5335715048148973440 1870.52722 0.4967 0.0136 -6.731 1.006 0.014 0.015 0.956 9370.4 4.1584 13.697435 0.358738 13.828801 13.470063 "" "" 1814.85181 1934.95117 62513.3281 20.627 40169.0 26.803 32444.0 19.53 "" "" 0.0027785128034720605 0.002882689 0.0038354767 0.0067181657 173.84688420601 -61.40306749843 1870.52722 -6.731 1.0060000000000002 0.9
174.12779513659 -61.56157380997 0.0144 0.0126 3.6653 "" "" 5334208820274586368 1936.11133 0.4793 0.0157 -6.545 0.86 0.017 0.017 0.88 9508.1 4.1352 13.713052 0.318687 13.826891 13.508204 "" "" 1886.19739 1999.50671 61620.63331 22.691 40240.0 28.364 31324.0 35.446 "" "" 0.002784176009469525 0.0028932227 0.0039740675 0.0068672905 174.12779513659 -61.56157380997 1936.11133 -6.545 0.8600000000000002 0.9
174.02404981575 -61.51580208024 0.0109 0.0116 5.9598 "" "" 5335710375224817536 1874.32764 0.4975 0.0135 -6.596 1.083 0.014 0.016 0.944 9241.6 4.1182 13.729392 0.363395 13.862699 13.499304 "" "" 1825.68762 1926.5177 60700.14924 17.657 38935.0 25.671 31582.0 22.469 "" "" 0.0027733620587285677 0.0028805383 0.0038575123 0.006738051 174.02404981575 -61.51580208024 1874.32764 -6.595999999999999 1.083 0.9
174.27425929134 -61.61548673388 0.0127 0.0122 6.0979 "" "" 5334161536959019264 1865.4613 0.4972 0.0152 -6.703 0.946 0.016 0.018 0.931 7645.1 4.0192 13.74351 0.609035 13.973308 13.364273 "" "" 1821.33289 1922.11157 59915.97895 15.916 35164.0 17.668 35764.0 21.442 "" "" 0.0027703739362769987 0.002842999 0.00383503 0.006678029 174.27425929134 -61.61548673388 1865.4613 -6.702999999999999 0.946 0.9
174.12743388343 -61.61670476838 0.014 0.0132 1.9178 "" "" 5334208270518701568 1990.13306 0.4651 0.0162 -6.737 0.956 0.017 0.017 1.107 9837.3 4.2703 13.754224 0.391991 13.856597 13.464606 "" "" 1923.94006 2061.35645 59327.64839 24.652 39154.0 85.346 32607.0 433.31 "" "" 0.002792010779727668 0.0036586898 0.014914982 0.018573672 174.12743388343 -61.61670476838 1990.13306 -6.737 0.956 1.0
173.98059381887 -61.76919941687 0.011 0.0112 9.6087 "" "" 5334199818022267392 1846.71082 0.5032 0.0135 -6.722 0.99 0.015 0.014 0.929 9043.4 3.9393 13.756213 0.545762 13.955626 13.409863 "" "" 1807.67383 1897.31714 59219.06466 15.625 35741.0 28.792 34294.0 18.876 "" "" 0.0027701725301303107 0.0029240458 0.0038263379 0.0067503834 173.98059381887 -61.76919941687 1846.71082 -6.722000000000002 0.9900000000000001 0.8
174.16625758276 -61.60671368459 0.0124 0.0124 3.0448 "" "" 5334161743102562048 1954.21582 0.4754 0.015 -6.81 0.951 0.016 0.017 1.004 9626.9 4.1325 13.777942 0.39124 13.893044 13.501804 "" "" 1897.34045 2010.7616 58045.69933 21.054 37862.0 57.321 31509.0 204.7 "" "" 0.0027833212654742533 0.0032383555 0.008002264 0.01124062 174.16625758276 -61.60671368459 1954.21582 -6.8100000000000005 0.951 0.9
173.97308258673 -61.66328139287 0.014 0.0145 3.8852 "" "" 5334207171007193728 1925.82214 0.4785 0.0172 -6.942 1.064 0.02 0.02 1.058 9965.1 4.2689 13.798719 0.388429 13.923475 13.535047 "" "" 1857.17383 1975.33423 56945.46389 30.239 36815.0 73.399 30559.0 144.23 "" "" 0.002814994249861758 0.003531402 0.006367333 0.009898735 173.97308258673 -61.66328139287 1925.82214 -6.942000000000001 1.064 0.8
174.26768607293 -61.61618933685 0.0153 0.0153 5.9113 "" "" 5334161541270533248 1909.1582 0.4919 0.0185 -6.744 0.868 0.019 0.02 1.217 9461.2 4.1573 13.804502 0.392926 13.933922 13.540996 "" "" 1843.52087 1966.57629 56642.96487 22.03 36463.0 22.772 30392.0 42.41 "" "" 0.002787490536636 0.0028713802 0.0040717525 0.0069431327 174.26768607293 -61.61618933685 1909.1582 -6.744 0.8680000000000001 0.8
173.99167385981 -61.51096243396 0.0112 0.0117 6.4649 "" "" 5334209919786225408 2011.39575 0.4622 0.0141 -6.735 0.813 0.014 0.015 0.933 7479.6 3.8646 13.828809 0.620638 14.065941 13.445303 "" "" 1961.4967 2068.51782 55388.97294 13.239 32288.0 20.385 33192.0 18.675 "" "" 0.002767514316715053 0.0028731392 0.0038284322 0.0067015714 173.99167385981 -61.51096243396 2011.39575 -6.735 0.813 0.8
174.19582060093 -61.60914680556 0.0131 0.0124 3.8691 "" "" 5334161678708583424 1908.00037 0.4895 0.0153 -6.879 0.977 0.017 0.017 0.949 9453.0 4.1821 13.843944 0.34366 13.968921 13.62526 "" "" 1850.31262 1961.30627 54622.20585 19.677 35306.0 22.564 28123.0 16.626 "" "" 0.0027829421540342715 0.002875158 0.0038335011 0.006708659 174.19582060093 -61.60914680556 1908.00037 -6.879 0.9769999999999999 0.8
174.00900530445 -61.58603929687 0.017 0.0157 2.2127 "" "" 5334208575425990272 1959.91455 0.4767 0.0188 -6.755 0.938 0.02 0.02 1.105 9498.2 4.1746 13.848145 0.338279 13.971092 13.632813 "" "" 1888.4679 2028.8927 54411.22393 25.851 35235.0 35.726 27928.0 22.925 "" "" 0.002803190687918627 0.0029994925 0.0038830442 0.0068825367 174.00900530445 -61.58603929687 1959.91455 -6.755 0.9380000000000001 0.8
173.9304371486 -61.625689888 0.0144 0.0133 3.78 "" "" 5334207652043333376 1713.38184 0.5501 0.0174 -6.562 0.832 0.02 0.017 1.06 10081.9 4.3942 13.860121 0.544624 14.056202 13.511578 "" "" 1669.15454 1763.44067 53814.40551 15.843 32579.0 47.666 31227.0 38.544 "" "" 0.0027737988589983643 0.0032106813 0.004009951 0.0072206324 173.9304371486 -61.625689888 1713.38184 -6.561999999999999 0.8320000000000001 0.9
174.09413673806 -61.63987956703 0.0143 0.0129 1.8452 "" "" 5334208167439444864 1934.75488 0.4761 0.0169 -6.559 0.699 0.017 0.016 1.028 9499.2 4.2407 13.869864 0.36026 13.999443 13.639183 "" "" 1877.43237 2003.84717 53333.62242 18.366 34327.0 28.935 27764.0 14.921 "" "" 0.0027805717464372964 0.0029364305 0.0038241597 0.0067605902 174.09413673806 -61.63987956703 1934.75488 -6.559000000000001 0.6989999999999998 0.8
173.97597667653 -61.71384325067 0.0129 0.012 6.4784 "" "" 5334201123692399360 1798.35901 0.5237 0.0157 -6.84 1.159 0.018 0.016 0.971 9413.9 4.179 13.874727 0.356415 14.004322 13.647907 "" "" 1747.30029 1840.57446 53095.28708 20.237 34173.0 22.909 27542.0 16.44 "" "" 0.0027862230242929236 0.0028835442 0.0038345454 0.00671809 173.97597667653 -61.71384325067 1798.35901 -6.84 1.1590000000000003 0.8
174.25876311039 -61.63233099039 0.0127 0.0123 5.7639 "" "" 5334161403832029056 1907.05579 0.486 0.0152 -6.711 1.062 0.017 0.017 0.957 9520.4 4.2319 13.886281 0.340223 14.009477 13.669253 "" "" 1847.08948 1972.34119 52533.24633 18.288 34012.0 23.574 27006.0 19.048 "" "" 0.0027811238812472092 0.002889871 0.003856186 0.006746057 174.25876311039 -61.63233099039 1907.05579 -6.710999999999999 1.0619999999999998 1.0
173.96350879338 -61.52113722492 0.0121 0.0125 6.2016 "" "" 5334209954145952768 1845.51416 0.5004 0.015 -6.756 0.977 0.015 0.016 0.925 9332.0 4.1966 13.888195 0.368212 14.022305 13.654094 "" "" 1795.80713 1893.48181 52440.72067 18.204 33612.0 19.936 27385.0 17.697 "" "" 0.002780978358848286 0.0028635205 0.0038439587 0.0067074792 173.96350879338 -61.52113722492 1845.51416 -6.755999999999999 0.9769999999999999 1.0
174.281524947 -61.59429490653 0.0146 0.0118 6.4118 "" "" 5335662786982029056 1792.38757 0.5189 0.0154 -6.623 0.836 0.017 0.016 0.937 9334.2 4.1227 13.93832 0.432478 14.094683 13.662205 "" "" 1740.94495 1843.20959 50074.7182 15.261 31444.0 22.338 27182.0 17.309 "" "" 0.0027751180500386404 0.002894818 0.0038420996 0.0067369174 174.281524947 -61.59429490653 1792.38757 -6.623000000000001 0.836 0.8
174.03798301174 -61.63655616291 0.0157 0.0147 1.5197 "" "" 5334206896129109248 1892.50842 0.4959 0.0193 -6.676 0.817 0.021 0.018 1.063 "" "" 13.94605 0.336347 13.91083 13.574483 "" "" 1828.45264 1962.53613 49719.53479 29.384 37246.0 641.84 29469.0 311.76 "" "" 0.002829049849317459 0.018916802 0.012092075 0.031008877 174.03798301174 -61.63655616291 1892.50842 -6.675999999999999 0.817 0.9
174.09228771839 -61.56553480478 0.0153 0.0129 3.0233 "" "" 5334208854634309376 1867.57129 0.5009 0.0162 -6.741 0.881 0.018 0.018 0.969 9107.5 4.211 13.95412 0.37415 14.08956 13.71541 "" "" 1807.02588 1928.88916 49351.33847 15.973 31593.0 24.087 25882.0 21.5 "" "" 0.0027776387620139223 0.002910373 0.0038855083 0.0067958813 174.09228771839 -61.56553480478 1867.57129 -6.7410000000000005 0.8810000000000002 0.9
173.99966350995 -61.52837155814 0.0124 0.0124 5.4012 "" "" 5334209885426477184 1804.63306 0.5134 0.015 -6.873 0.949 0.016 0.017 0.955 9469.4 4.1772 13.958564 0.378107 14.095051 13.716944 "" "" 1769.71118 1852.08691 49149.75623 18.27 31434.0 26.399 25845.0 16.858 "" "" 0.002784721732604821 0.0029353835 0.0038451618 0.006780545 173.99966350995 -61.52837155814 1804.63306 -6.873000000000001 0.949 0.8
174.05585436107 -61.60132238008 0.0138 0.0128 0.7487 "" "" 5334208511036866432 1848.04016 0.5012 0.016 -6.754 1.06 0.017 0.017 0.912 9571.6 4.3023 13.962295 0.466251 14.128316 13.662065 "" "" 1790.29358 1894.72571 48981.13843 15.711 30485.0 50.571 27185.0 37.174 "" "" 0.0027772417980229344 0.0033209994 0.004060544 0.0073815435 174.05585436107 -61.60132238008 1848.04016 -6.7540000000000004 1.06 0.9
174.01894049727 -61.75623180868 0.0119 0.0117 8.6391 "" "" 5334200161619681920 1898.11694 0.4858 0.0146 -6.74 1.0 0.016 0.015 0.952 9780.7 4.2415 13.976882 0.507186 14.163482 13.656296 "" "" 1835.802 1971.15759 48327.44745 12.237 29514.0 15.632 27330.0 14.631 "" "" 0.0027690016416902453 0.0028488135 0.0038238163 0.00667263 174.01894049727 -61.75623180868 1898.11694 -6.739999999999999 1.0 0.8
173.72250439493 -61.70802933936 0.0122 0.0119 11.1704 "" "" 5334204039940327424 1962.62097 0.4734 0.0152 -6.757 0.944 0.017 0.015 0.977 9271.9 4.1953 13.983778 0.36035 14.114956 13.754606 "" "" 1887.74487 2027.91699 48021.47444 16.256 30863.0 24.115 24964.0 19.492 "" "" 0.002779725479616384 0.0029162888 0.0038732935 0.0067895823 173.72250439493 -61.70802933936 1962.62097 -6.7570000000000014 0.944 0.9
174.23786678605 -61.62060832172 0.0137 0.012 5.0758 "" "" 5334161472550152704 1991.14807 0.466 0.0155 -6.809 0.928 0.017 0.015 0.903 9449.8 4.1706 13.986291 0.427058 14.143097 13.716039 "" "" 1932.98047 2049.60889 47910.47759 16.169 30073.0 22.717 25867.0 18.495 "" "" 0.0027795776073957184 0.0029082142 0.003858287 0.006766501 174.23786678605 -61.62060832172 1991.14807 -6.808999999999999 0.928 0.8
174.17917342071 -61.57751418732 0.0143 0.0126 4.0197 "" "" 5334161884867027968 1872.53247 0.5013 0.0167 -6.708 1.032 0.018 0.017 0.984 9288.2 4.2751 14.00843 0.376465 14.145296 13.768831 "" "" 1808.66443 1938.18323 46943.45404 13.972 30012.0 25.264 24639.0 22.603 "" "" 0.002774205669382009 0.0029360496 0.003908424 0.006844474 174.17917342071 -61.57751418732 1872.53247 -6.708 1.032 0.9
174.19855218926 -61.65469324324 0.0128 0.012 4.6434 "" "" 5334161232031968768 1848.65259 0.502 0.0151 -6.696 1.071 0.016 0.016 0.947 8298.2 4.3485 14.01037 0.436112 14.171767 13.735655 "" "" 1792.98962 1902.30908 46859.59459 16.388 29289.0 24.701 25404.0 17.639 "" "" 0.002781360979870525 0.0029365765 0.0038538354 0.0067904117 174.19855218926 -61.65469324324 1848.65259 -6.696000000000001 1.0710000000000002 1.0
173.8353066156 -61.76198268957 0.0117 0.0116 10.9695 "" "" 5334199268266424832 1888.22986 0.4941 0.0144 -6.714 0.867 0.016 0.015 0.934 9266.6 4.179 14.021811 0.43337 14.180863 13.747494 "" "" 1843.08655 1938.62573 46368.45323 14.608 29045.0 19.381 25128.0 14.469 "" "" 0.002776470627187358 0.0028826941 0.0038307412 0.006713435 173.8353066156 -61.76198268957 1888.22986 -6.714000000000001 0.867 0.9
173.87381356199 -61.57499894665 0.0143 0.0121 5.8106 "" "" 5334208064359945728 1912.41467 0.4857 0.0163 -6.617 1.005 0.018 0.016 0.914 9157.2 4.1597 14.036919 0.426434 14.193744 13.76731 "" "" 1857.89893 1961.34253 45727.68991 16.65 28702.0 22.961 24674.0 15.241 "" "" 0.0027835363939904922 0.0029222348 0.0038384246 0.0067606596 173.87381356199 -61.57499894665 1912.41467 -6.616999999999999 1.005 0.8
173.75238860202 -61.69743489968 0.013 0.0116 10.1165 "" "" 5334204112989383552 1929.68762 0.4826 0.0155 -6.712 1.071 0.018 0.015 0.903 9304.0 4.2646 14.03729 0.444953 14.198661 13.753708 "" "" 1869.67566 1997.23303 45712.07774 20.247 28573.0 16.39 24985.0 14.047 "" "" 0.002796972181485053 0.002858833 0.00382836 0.006687193 173.75238860202 -61.69743489968 1929.68762 -6.7120000000000015 1.0710000000000002 1.0
174.11994762949 -61.40293275575 0.0115 0.0127 12.7542 "" "" 5335712849126098944 2034.86462 0.4553 0.015 -6.623 1.054 0.015 0.016 1.016 6687.6 3.8575 14.041929 0.688667 14.302101 13.613434 "" "" 1981.92981 2096.49048 45517.1454 10.039 25976.0 24.083 28431.0 18.468 "" "" 0.0027657064698605725 0.0029661958 0.003844623 0.006810819 174.11994762949 -61.40293275575 2034.86462 -6.622999999999999 1.0539999999999998 1.0
174.17310326932 -61.61403071162 0.0139 0.0152 3.2116 "" "" 5334161713069221248 1927.16663 0.4833 0.0171 -6.68 0.861 0.018 0.02 1.032 9203.6 4.1799 14.055124 0.425876 14.210129 13.784253 "" "" 1862.26672 2002.41846 44967.333 16.335 28273.0 29.358 24292.0 23.282 "" "" 0.002783405732307547 0.0030093328 0.0039200205 0.0069293533 174.17310326932 -61.61403071162 1927.16663 -6.68 0.861 0.8
173.95739985328 -61.50839587379 0.0122 0.0136 6.9662 "" "" 5334209988505414656 1912.20532 0.4856 0.0156 -6.759 0.951 0.015 0.017 0.932 9249.5 4.197 14.079062 0.405134 14.227366 13.822232 "" "" 1858.84045 1970.69116 43986.75698 14.0 27827.0 16.83 23457.0 14.813 "" "" 0.0027769056382155846 0.0028664006 0.003841071 0.006707472 173.95739985328 -61.50839587379 1912.20532 -6.759000000000002 0.9510000000000001 1.0
173.92855106373 -61.65841801382 0.0137 0.0129 4.6238 "" "" 5334207205366691968 1831.16162 0.5082 0.0164 -6.926 1.132 0.019 0.017 0.972 9351.2 4.2403 14.08619 0.434218 14.242531 13.808312 "" "" 1775.06482 1882.89893 43698.90622 18.732 27441.0 25.22 23759.0 13.096 "" "" 0.002794351098786902 0.0029632368 0.003826471 0.0067897076 173.92855106373 -61.65841801382 1831.16162 -6.926000000000001 1.1320000000000001 0.8
174.06600192057 -61.64876380316 0.0132 0.0132 2.1154 "" "" 5334206896129102464 1896.75305 0.4871 0.016 -6.776 0.855 0.017 0.017 0.902 8896.4 4.1944 14.097391 0.405534 14.248667 13.843133 "" "" 1844.43555 1947.55737 43250.39876 18.232 27287.0 24.199 23009.0 17.481 "" "" 0.002793074776845791 0.002951637 0.0038683538 0.0068199905 174.06600192057 -61.64876380316 1896.75305 -6.776 0.855 0.9
174.07046696481 -61.63558757786 0.0152 0.0133 1.3492 "" "" 5334208167439443200 1931.36963 0.4765 0.017 -6.514 0.964 0.019 0.018 0.923 9244.8 4.2135 14.114768 0.439718 14.277817 13.838099 "" "" 1874.29224 1996.8114 42563.70341 15.672 26564.0 28.966 23116.0 20.284 "" "" 0.0027841703994830143 0.003030956 0.003897615 0.006928571 174.07046696481 -61.63558757786 1931.36963 -6.513999999999999 0.9639999999999999 0.9
174.07289926671 -61.64117930155 0.0158 0.0139 1.6918 "" "" 5334206689970686464 1828.95007 0.5102 0.0175 -6.686 1.269 0.021 0.019 1.012 9560.9 4.2824 14.146354 0.486582 14.320713 13.834131 "" "" 1774.01929 1891.70935 41343.30971 13.483 25535.0 33.887 23201.0 40.09 "" "" 0.002777978484948406 0.0031402425 0.0042194123 0.0073596546 174.07289926671 -61.64117930155 1828.95007 -6.686 1.2690000000000001 0.9
