Clusters/NGC_3766/NGC_3766_members.tsv
# %ECSV 1.0
# ---
# datatype:
# - name: RA_ICRS_1
#   unit: deg
#   datatype: float64
#   format: '{:15.11f}'
#   description: Right ascension (ICRS) at Ep=2016.0 (ra)
#   meta: !!omap
#   - {ucd: POS_EQ_RA_MAIN}
#   - {width: 15}
#   - {precision: '11'}
# - name: DE_ICRS_1
#   unit: deg
#   datatype: float64
#   format: '{:15.11f}'
#   description: Declination (ICRS) at Ep=2016.0 (dec)
#   meta: !!omap
#   - {ucd: POS_EQ_DEC_MAIN}
#   - {width: 15}
#   - {precision: '11'}
# - name: e_RA_ICRS
#   unit: mas
#   datatype: float64
#   format: '{:7.4f}'
#   description: Standard error of right ascension (ra_error)
#   meta: !!omap
#   - {ucd: ERROR}
#   - {width: 7}
#   - {precision: '4'}
# - name: e_DE_ICRS
#   unit: mas
#   datatype: float64
#   format: '{:7.4f}'
#   description: Standard error of declination (dec_error)
#   meta: !!omap
#   - {ucd: ERROR}
#   - {width: 7}
#   - {precision: '4'}
# - name: _r_1
#   unit: ''
#   datatype: float64
#   format: '{:7.4f}'
#   description: Distance from center (174.06051605000-61.61360309000)[ICRS], at Epoch=J2016.0
#   meta: !!omap
#   - {ucd: POS_ANG_DIST_GENERAL}
#   - {width: 7}
#   - {precision: '4'}
# - name: HIP
#   datatype: int32
#   description: '? HIP cross-id number, van Leeuwen, Cat. I/311 (hip_original_ext_source_id)'
#   meta: !!omap
#   - {ucd: ID_NUMBER}
#   - {width: 6}
#   - values: {'null': -2147483648}
# - name: TYC2
#   datatype: string
#   description: Tycho-2 cross-id name, Hog et al., Cat. I/259 (tyc2_original_ext_source_id)
#   meta: !!omap
#   - {ucd: ID_CROSSID}
#   - {_votable_string_dtype: char}
# - name: Source
#   datatype: int64
#   description: Source identifier, identical to the Gaia-EDR3 source_id (id)
#   meta: !!omap
#   - {ucd: ID_MAIN}
#   - {width: 19}
# - name: rgeo
#   unit: pc
#   datatype: float64
#   format: '{:15.8f}'
#   description: '? Median of the geometric distance posterior (r_med_geo)'
#   meta: !!omap
#   - {ucd: PHYS_DISTANCE_TRUE}
#   - {width: 15}
#   - {precision: '8'}
#   - values: {'null': .nan}
# - name: Plx
#   unit: mas
#   datatype: float64
#   format: '{:9.4f}'
#   description: '? Parallax (parallax)'
#   meta: !!omap
#   - {ucd: POS_PARLX_TRIG}
#   - {width: 9}
#   - {precision: '4'}
#   - values: {'null': .nan}
# - name: e_Plx
#   unit: mas
#   datatype: float32
#   format: '{:7.4f}'
#   description: '? Standard error of parallax (parallax_error)'
#   meta: !!omap
#   - {ucd: ERROR}
#   - {width: 7}
#   - {precision: '4'}
#   - values: {'null': .nan}
# - name: pmRA
#   unit: mas / yr
#   datatype: float64
#   format: '{:9.3f}'
#   description: '? Proper motion in right ascension direction, pmRA*cosDE (pmra)'
#   meta: !!omap
#   - {ucd: POS_EQ_PMRA}
#   - {width: 9}
#   - {precision: '3'}
#   - values: {'null': .nan}
# - name: pmDE
#   unit: mas / yr
#   datatype: float64
#   format: '{:9.3f}'
#   description: '? Proper motion in declination direction (pmdec)'
#   meta: !!omap
#   - {ucd: POS_EQ_PMDEC}
#   - {width: 9}
#   - {precision: '3'}
#   - values: {'null': .nan}
# - name: e_pmRA
#   unit: mas / yr
#   datatype: float32
#   format: '{:6.3f}'
#   description: '? Standard error of proper motion in right ascension direction (pmra_error)'
#   meta: !!omap
#   - {ucd: ERROR}
#   - {width: 6}
#   - {precision: '3'}
#   - values: {'null': .nan}
# - name: e_pmDE
[...]
#         unit: &id001 !astropy.units.Unit {unit: deg}
#         value: !astropy.table.SerializedColumn {name: SkyCoord.dec}
#       distance: !astropy.table.SerializedColumn
#         __class__: astropy.coordinates.distances.Distance
#         unit: !astropy.units.Unit {unit: pc}
#         value: !astropy.table.SerializedColumn {name: SkyCoord.distance}
#       frame: icrs
#       obstime: !astropy.time.Time {format: jyear_str, in_subfmt: '*', jd1: 367701545.0, jd2: 0.0, out_subfmt: '*', precision: 3, scale: tt}
#       pm_dec: !astropy.table.SerializedColumn
#         __class__: astropy.units.quantity.Quantity
#         unit: !astropy.units.Unit {unit: mas / yr}
#         value: !astropy.table.SerializedColumn {name: SkyCoord.pm_dec}
#       pm_ra_cosdec: !astropy.table.SerializedColumn
#         __class__: astropy.units.quantity.Quantity
#         unit: !astropy.units.Unit {unit: mas / yr}
#         value: !astropy.table.SerializedColumn {name: SkyCoord.pm_ra_cosdec}
#       ra: !astropy.table.SerializedColumn
#         __class__: astropy.coordinates.angles.Longitude
#         unit: *id001
#         value: !astropy.table.SerializedColumn {name: SkyCoord.ra}
#         wrap_angle: !astropy.coordinates.Angle
#           unit: *id001
#           value: 360.0
#       representation_type: spherical
# schema: astropy-2.0
RA_ICRS_1 DE_ICRS_1 e_RA_ICRS e_DE_ICRS _r_1 HIP TYC2 Source rgeo Plx e_Plx pmRA pmDE e_pmRA e_pmDE RUWE Teff logg Gmag BP-RP BPmag RPmag RV e_RV b_rgeo B_rgeo FG e_FG FBP e_FBP FRP e_FRP RAVE5 RAVE6 e_Gmag e_BPmag e_RPmag e_BP-RP SkyCoord.ra SkyCoord.dec SkyCoord.distance SkyCoord.pm_ra_cosdec SkyCoord.pm_dec Pmemb
[from data line 159]
174.16082185474 -61.76105907344 0.0125 0.0138 9.2964 "" "" 5334158891243975936 1989.60449 0.467 0.0163 -6.636 0.945 0.018 0.019 0.987 8226.4 4.3875 14.162863 0.422194 14.313327 13.891133 "" "" 1926.98352 2046.98364 40719.43527 18.487 25709.0 21.38 22014.0 12.928 "" "" 0.002799066555148338 0.0029326275 0.0038327896 0.006765417 174.16082185474 -61.76105907344 1989.60449 -6.636000000000001 0.945 1.0
173.97193335294 -61.6967109916 0.0148 0.0142 5.5886 "" "" 5334206999208228992 1950.80237 0.4731 0.0178 -6.594 1.047 0.022 0.019 0.917 9598.8 4.3975 14.17046 0.443022 14.330839 13.887817 "" "" 1886.63428 2014.20142 40435.50697 17.209 25298.0 21.506 22082.0 12.286 "" "" 0.0027937979869758684 0.0029388708 0.0038273546 0.006766225 173.97193335294 -61.6967109916 1950.80237 -6.594000000000001 1.0469999999999997 0.9
174.19201654098 -61.78182608392 0.0123 0.0122 10.7643 "" "" 5334152813897266944 1979.39697 0.4707 0.0152 -6.737 0.981 0.017 0.017 0.936 9546.8 4.2879 14.190193 0.50715 14.375704 13.868554 "" "" 1915.89209 2039.33301 39707.21642 12.259 24274.0 15.857 22477.0 13.831 "" "" 0.0027756353314733087 0.002878905 0.0038379787 0.0067168837 174.19201654098 -61.78182608392 1979.39697 -6.736999999999999 0.981 0.8
174.16074488767 -61.65245750894 0.0139 0.0133 3.6876 "" "" 5334161197672228736 1910.34021 0.4857 0.0165 -6.86 0.814 0.018 0.017 0.963 7994.4 3.9356 14.197908 0.511246 14.387957 13.876711 "" "" 1842.44055 1975.13623 39426.07004 14.06 24001.0 19.94 22309.0 19.554 "" "" 0.0027823922950852126 0.0029323546 0.003897355 0.0068297097 174.16074488767 -61.65245750894 1910.34021 -6.859999999999999 0.814 1.0
174.31429920009 -61.72961532404 0.0141 0.0138 10.033 "" "" 5334158517613956224 1906.20703 0.4946 0.0179 -6.7 0.816 0.021 0.019 0.926 "" "" 14.197926 0.578427 14.408473 13.830046 "" "" 1841.42517 1984.15076 39425.44404 14.022 23552.0 25.06 23288.0 36.413 "" "" 0.002782247715696008 0.0030198777 0.004143157 0.0071630348 174.31429920009 -61.72961532404 1906.20703 -6.699999999999999 0.816 0.8
174.11050131973 -61.66486090844 0.0136 0.0148 3.3894 "" "" 5334206582568081792 1793.6875 0.5172 0.0168 -6.697 1.05 0.018 0.021 0.918 8106.0 4.1936 14.199403 0.473908 14.365085 13.891176 "" "" 1745.02234 1848.17346 39371.81611 15.657 24512.0 83.505 22013.0 59.082 "" "" 0.0027889443136229933 0.0046331408 0.0047723725 0.009405513 174.11050131973 -61.66486090844 1793.6875 -6.697000000000001 1.05 1.0
174.12493293046 -61.66935905076 0.0147 0.0135 3.816 "" "" 5334206621251187456 1985.26428 0.4663 0.0167 -6.673 0.976 0.018 0.017 0.956 9137.0 4.2868 14.202229 0.436918 14.364978 13.92806 "" "" 1931.52881 2060.12061 39269.46949 13.084 24515.0 26.808 21278.0 17.034 "" "" 0.0027789662142243187 0.0030322773 0.0038780412 0.0069103185 174.12493293046 -61.66935905076 1985.26428 -6.673000000000001 0.9760000000000001 1.0
174.0300436929 -61.57379748783 0.0156 0.0138 2.5418 "" "" 5334208992073232000 1915.80994 0.4864 0.0177 -6.781 1.062 0.018 0.018 0.952 9637.5 4.3722 14.204421 0.500239 14.384242 13.884003 "" "" 1848.61597 1977.40723 39190.29112 18.511 24084.0 61.335 22159.0 32.75 "" "" 0.002802639251675728 0.003928179 0.0041059335 0.008034112 174.0300436929 -61.57379748783 1915.80994 -6.781 1.0620000000000003 1.0
174.29254998389 -61.45681653454 0.0132 0.0134 11.5119 "" "" 5335665501401204864 1966.47229 0.4756 0.0162 -6.563 0.921 0.017 0.018 1.011 8728.5 4.1664 14.211314 0.467736 14.37288 13.905144 "" "" 1910.78809 2024.82019 38942.26937 16.103 24337.0 25.7 21732.0 21.204 "" "" 0.0027916583845255666 0.003016556 0.003925043 0.006941599 174.29254998389 -61.45681653454 1966.47229 -6.562999999999999 0.9209999999999998 0.8
173.60183381769 -61.66582751484 0.014 0.0132 13.4431 "" "" 5334205109421792256 1992.94189 0.4634 0.0172 -6.691 0.959 0.018 0.016 0.927 9093.9 4.253 14.222419 0.454509 14.392536 13.938027 "" "" 1923.3656 2074.82178 38545.99205 14.77 23900.0 25.486 21084.0 18.225 "" "" 0.00278655183149488 0.0030208468 0.0038941659 0.0069150124 173.60183381769 -61.66582751484 1992.94189 -6.690999999999999 0.9590000000000001 0.8
174.07448592796 -61.56499599005 0.0152 0.0139 2.9436 "" "" 5334208953383135744 1878.32239 0.4927 0.018 -6.693 0.836 0.018 0.018 0.973 8996.0 4.2438 14.22897 0.44827 14.386766 13.938497 "" "" 1829.27405 1938.99792 38314.13158 10.988 24028.0 32.73 21075.0 16.204 "" "" 0.0027728584343098173 0.0031579002 0.003870479 0.0070283795 174.07448592796 -61.56499599005 1878.32239 -6.692999999999999 0.8360000000000001 0.8
174.28689266246 -61.62481189307 0.0152 0.0135 6.4911 "" "" 5334161502584364928 1976.47742 0.4654 0.0166 -6.889 0.923 0.019 0.02 0.887 7993.8 4.0615 14.237432 0.506796 14.421935 13.915139 "" "" 1919.7417 2048.10278 38016.66184 13.459 23262.0 34.602 21533.0 22.003 "" "" 0.0027820026905220436 0.003223871 0.003938854 0.0071627256 174.28689266246 -61.62481189307 1976.47742 -6.889 0.9230000000000003 0.9
173.64171221096 -61.52190596328 0.0136 0.0131 13.1684 "" "" 5334212256248021504 1963.10364 0.4715 0.0164 -6.725 1.082 0.016 0.017 0.888 8200.8 4.3496 14.245329 0.541527 14.446377 13.90485 "" "" 1889.82861 2017.74756 37741.14318 11.181 22744.0 18.14 21738.0 15.987 "" "" 0.002774031569627093 0.0029214593 0.0038628124 0.0067842714 173.64171221096 -61.52190596328 1963.10364 -6.725000000000001 1.0820000000000003 0.9
174.37112846648 -61.47679337421 0.0127 0.0137 12.0926 "" "" 5335664711127220480 1896.86255 0.4892 0.0163 -6.859 0.958 0.017 0.019 0.916 8249.6 4.142 14.261422 0.49998 14.443261 13.943281 "" "" 1840.32703 1953.59595 37185.8495 13.075 22809.0 17.045 20982.0 30.458 "" "" 0.002781641362368313 0.0029057455 0.0040948456 0.007000591 174.37112846648 -61.47679337421 1896.86255 -6.859 0.958 0.8
174.03102009064 -61.60665251361 0.0251 0.0238 0.9391 "" "" 5334208476677271424 1922.69739 0.4887 0.0306 -6.61 1.197 0.03 0.034 1.639 7590.0 4.1642 14.266417 0.650475 14.509915 13.85944 "" "" 1808.61487 2042.85364 37015.17902 15.432 21451.0 37.729 22666.0 20.277 "" "" 0.002792254528131837 0.0033810919 0.003902198 0.00728329 174.03102009064 -61.60665251361 1922.69739 -6.610000000000001 1.197 1.0
174.27202808913 -61.59751963525 0.0148 0.0136 6.1116 "" "" 5335662752622008832 1998.77075 0.4645 0.0172 -6.733 1.001 0.019 0.019 0.92 8372.2 4.0926 14.271061 0.529034 14.467964 13.93893 "" "" 1924.72766 2073.65649 36857.19707 10.885 22296.0 22.831 21066.0 18.053 "" "" 0.002773915183373196 0.0030035183 0.0038922306 0.006895749 174.27202808913 -61.59751963525 1998.77075 -6.733 1.001 0.9
174.09139144331 -61.66164739647 0.0146 0.0141 3.014 "" "" 5334206655610925312 1875.44202 0.4968 0.0173 -6.769 0.928 0.019 0.02 0.943 "" "" 14.273248 0.457101 14.433342 13.976241 "" "" 1823.29053 1937.80457 36783.05288 14.222 23019.0 47.071 20355.0 40.043 "" "" 0.0027871162868713137 0.0035657142 0.0043411716 0.007906886 174.09139144331 -61.66164739647 1875.44202 -6.768999999999999 0.9279999999999999 0.8
174.10363800982 -61.50413014774 0.0137 0.0136 6.683 "" "" 5335710272145635968 1853.29529 0.5025 0.0166 -6.657 1.022 0.017 0.017 0.939 8405.3 4.1221 14.275992 0.461746 14.446925 13.985179 "" "" 1798.56982 1912.17468 36690.16983 9.6997 22732.0 18.015 20188.0 15.607 "" "" 0.002770230632800775 0.0029198297 0.0038714672 0.006791297 174.10363800982 -61.50413014774 1853.29529 -6.657 1.0220000000000002 0.8
173.9049638563 -61.49821168061 0.0123 0.0127 8.2278 "" "" 5334210229023580032 1941.20312 0.4786 0.0154 -6.871 0.953 0.015 0.015 0.998 9106.1 4.3272 14.283051 0.475302 14.458613 13.983312 "" "" 1889.55408 1991.18542 36452.44716 10.564 22489.0 19.194 20222.0 15.031 "" "" 0.002773227946274905 0.0029400245 0.0038645854 0.0068046097 173.9049638563 -61.49821168061 1941.20312 -6.871 0.9529999999999998 0.9
174.05732825404 -61.68560533726 0.0175 0.0171 4.3211 "" "" 5334206342042832896 2029.27148 0.4598 0.0211 -6.78 1.068 0.024 0.021 1.12 9103.5 4.3505 14.290547 0.497293 14.471402 13.974109 "" "" 1948.68677 2119.79761 36201.59025 16.693 22226.0 30.648 20395.0 30.821 "" "" 0.002800435002291208 0.0031664656 0.0041201757 0.0072866413 174.05732825404 -61.68560533726 2029.27148 -6.779999999999999 1.0679999999999998 0.9
174.26673117985 -61.67328378169 0.0146 0.014 6.8816 "" "" 5334160957155364736 1948.34778 0.48 0.0174 -6.502 1.074 0.019 0.021 1.004 6942.1 3.8679 14.294359 0.76269 14.589175 13.826486 "" "" 1879.47498 2028.47546 36074.73203 16.421 19941.0 31.348 23365.0 27.641 "" "" 0.002799293361372581 0.0032708219 0.003991679 0.007262501 174.26673117985 -61.67328378169 1948.34778 -6.502 1.074 0.8
174.09254268884 -61.55521441618 0.0164 0.0144 3.6207 "" "" 5334208888994142848 2027.54016 0.4543 0.0185 -6.71 1.089 0.02 0.019 0.891 8418.4 4.1583 14.33991 0.505683 14.526779 14.021096 "" "" 1963.50415 2094.34351 34592.57872 10.577 21121.0 20.845 19531.0 27.403 "" "" 0.00277524702306843 0.0029888565 0.0040748375 0.0070636943 174.09254268884 -61.55521441618 2027.54016 -6.710000000000001 1.089 1.0
173.95584551349 -61.66659092569 0.0157 0.0144 4.3597 "" "" 5334207136647212288 2069.19556 0.4418 0.0188 -6.694 1.021 0.022 0.018 0.972 8509.6 4.2673 14.347468 0.511954 14.538022 14.026068 "" "" 2006.48877 2150.8501 34352.58864 15.0 20903.0 17.872 19442.0 26.208 "" "" 0.0027958086283514177 0.0029405425 0.0040528756 0.006993418 173.95584551349 -61.66659092569 2069.19556 -6.693999999999998 1.021 1.0
173.98488570694 -61.68380774515 0.0169 0.0147 4.7315 "" "" 5334207136647201280 1880.71375 0.4981 0.0195 -6.941 0.985 0.024 0.02 1.017 7990.6 4.085 14.392885 0.552617 14.598771 14.046154 "" "" 1810.9248 1936.90051 32945.23569 14.478 19766.0 23.281 19085.0 26.443 "" "" 0.002796327258466326 0.003069269 0.0040677674 0.0071370364 173.98488570694 -61.68380774515 1880.71375 -6.941 0.9850000000000001 0.8
173.88572583004 -61.77484262558 0.0134 0.0136 10.8776 "" "" 5334200677015697280 1991.021 0.4665 0.0166 -6.922 0.822 0.019 0.017 0.913 9558.1 4.1777 14.4305 0.532494 14.628551 14.096057 "" "" 1927.31213 2064.47217 31823.41375 8.7387 19231.0 15.665 18228.0 14.365 "" "" 0.0027714037151274967 0.0029269825 0.0038750286 0.0068020113 173.88572583004 -61.77484262558 1991.021 -6.9220000000000015 0.8220000000000001 0.8
174.11183056775 -61.69017095809 0.0152 0.0144 4.8211 "" "" 5334206483812200960 1965.80835 0.4731 0.0184 -6.629 1.176 0.021 0.019 1.081 8306.8 4.1974 14.442052 0.540433 14.646906 14.106473 "" "" 1900.47314 2029.82007 31486.61028 10.457 18908.0 20.224 18054.0 17.839 "" "" 0.0027788144307082595 0.003022197 0.003928695 0.0069508916 174.11183056775 -61.69017095809 1965.80835 -6.629000000000001 1.1760000000000002 1.0
174.26599915363 -61.5408105319 0.0157 0.0148 7.3152 "" "" 5335663405457073664 2009.25122 0.4639 0.0186 -6.72 0.978 0.019 0.02 1.011 8137.8 4.1455 14.442352 0.530436 14.631398 14.100963 "" "" 1945.32007 2090.51758 31477.89907 9.3563 19180.0 28.622 18146.0 45.166 "" "" 0.0027741550233182596 0.0032264811 0.0046461676 0.007872649 174.26599915363 -61.5408105319 2009.25122 -6.72 0.978 0.8
173.83485789751 -61.59794223391 0.0156 0.0148 6.5067 "" "" 5334210847498715264 2016.45984 0.4625 0.019 -6.791 0.967 0.02 0.02 1.032 7945.1 4.1012 14.444252 0.529391 14.641874 14.112483 "" "" 1942.28882 2113.07568 31422.88047 15.612 18996.0 20.894 17954.0 18.043 "" "" 0.00280762827189383 0.0030349968 0.0039337343 0.006968731 173.83485789751 -61.59794223391 2016.45984 -6.791 0.967 1.0
174.08539227707 -61.55272909662 0.0161 0.0149 3.7209 "" "" 5334209095152572928 1871.69043 0.5006 0.0185 -6.832 0.842 0.019 0.02 0.984 9406.2 4.3053 14.456483 0.527016 14.652419 14.125403 "" "" 1821.90955 1930.90247 31070.88141 9.3711 18813.0 17.418 17742.0 15.623 "" "" 0.002774710969695397 0.0029657262 0.0038984332 0.0068641594 174.08539227707 -61.55272909662 1871.69043 -6.832 0.8419999999999999 0.9
173.97898451963 -61.64476130035 0.0171 0.0151 2.983 "" "" 5334207548964110208 1865.71252 0.5073 0.0203 -6.715 0.857 0.026 0.019 1.052 7554.7 4.2079 14.470301 0.658542 14.721568 14.063026 "" "" 1788.13977 1941.40063 30677.95152 11.464 17652.0 22.983 18791.0 19.61 "" "" 0.002785032130109721 0.0031278445 0.003945573 0.0070734173 173.97898451963 -61.64476130035 1865.71252 -6.715 0.857 0.8
174.10680188891 -61.56260349117 0.0167 0.0149 3.3331 "" "" 5334208888994055552 1881.98328 0.4966 0.0188 -6.787 0.832 0.019 0.019 0.972 8151.4 4.1329 14.488232 0.543355 14.688717 14.145362 "" "" 1832.62976 1940.9408 30175.47932 9.2907 18194.0 16.501 17419.0 14.649 "" "" 0.002775524585216922 0.002958833 0.0038881155 0.0068469485 174.10680188891 -61.56260349117 1881.98328 -6.787 0.832 0.8
173.99420928834 -61.54212002409 0.0153 0.0147 4.6884 "" "" 5334209782347244800 1940.40527 0.4795 0.018 -6.6 1.115 0.019 0.019 0.975 8133.8 4.1483 14.489314 0.541387 14.693013 14.151627 "" "" 1873.03564 2011.68896 30145.3984 9.7007 18122.0 18.832 17318.0 12.887 "" "" 0.0027773837409212697 0.0030096595 0.0038647759 0.0068744356 173.99420928834 -61.54212002409 1940.40527 -6.6 1.1150000000000002 0.9
173.87654863586 -61.44378993254 0.0129 0.0139 11.4674 "" "" 5335714567112577408 1968.26697 0.4752 0.0164 -6.858 0.997 0.016 0.018 0.991 7936.4 4.1137 14.497128 0.534913 14.697465 14.162552 "" "" 1902.98865 2028.64587 29929.23827 7.5993 18048.0 12.49 17145.0 15.464 "" "" 0.0027690770663763085 0.00288957 0.0039041932 0.0067937635 173.87654863586 -61.44378993254 1968.26697 -6.857999999999999 0.997 0.8
174.5623567798 -61.59400840297 0.0155 0.0135 14.3676 "" "" 5335660553599287040 1875.66992 0.4965 0.0173 -6.586 0.942 0.019 0.018 0.942 7818.8 4.2482 14.510102 0.603621 14.74127 14.13765 "" "" 1815.33569 1936.33105 29573.71104 7.5561 17334.0 12.569 17543.0 11.646 "" "" 0.0027692496466306163 0.002899112 0.0038474975 0.0067466097 174.5623567798 -61.59400840297 1875.66992 -6.585999999999999 0.9420000000000001 0.8
174.17816445144 -61.6429398416 0.015 0.0143 3.7881 "" "" 5334161232031970304 2001.16064 0.4604 0.0179 -6.778 1.079 0.019 0.019 0.909 7975.2 4.2937 14.513477 0.583248 14.734081 14.150833 "" "" 1939.15063 2079.51416 29481.91719 8.5209 17450.0 18.716 17331.0 15.155 "" "" 0.0027731318638873435 0.003023429 0.0038968087 0.006920238 174.17816445144 -61.6429398416 2001.16064 -6.777999999999999 1.0789999999999997 0.9
174.13683980892 -61.53667218196 0.0173 0.0154 5.1047 "" "" 5335710065987178880 1817.75171 0.5126 0.019 -6.519 1.223 0.022 0.02 0.948 7709.1 4.2108 14.529343 0.581952 14.742101 14.160149 "" "" 1765.29749 1881.20825 29054.25349 9.1952 17321.0 23.953 17183.0 20.903 "" "" 0.002776663945175845 0.003168502 0.0040035252 0.007172027 174.13683980892 -61.53667218196 1817.75171 -6.519 1.223 0.9
174.15834860603 -61.46734909822 0.014 0.0146 9.2103 "" "" 5335710753182018176 1870.43225 0.5017 0.0178 -6.69 1.023 0.017 0.018 0.922 7672.6 4.2714 14.534562 0.563717 14.737523 14.173806 "" "" 1814.24805 1922.78137 28914.904 10.865 17394.0 27.759 16968.0 18.978 "" "" 0.002785360303675699 0.0032844134 0.003969682 0.0072540953 174.15834860603 -61.46734909822 1870.43225 -6.69 1.023 0.8
173.88024666817 -61.56966714275 0.0159 0.0147 5.7818 "" "" 5334209541828703616 1775.18542 0.525 0.0185 -6.843 1.062 0.019 0.018 0.943 7241.4 4.0746 14.536829 0.829134 14.847357 14.018223 "" "" 1723.2699 1834.26709 28854.6016 88.295 15721.0 178.07 19583.0 168.35 "" "" 0.004316224772430414 0.012610557 0.010069927 0.022680484 173.88024666817 -61.56966714275 1775.18542 -6.843 1.062 0.9
173.99461122854 -61.71313779322 0.0154 0.0146 6.2601 "" "" 5334206243293974272 1960.07227 0.4734 0.0185 -6.652 1.057 0.021 0.019 0.928 7981.0 4.2607 14.546421 0.584631 14.762975 14.178344 "" "" 1898.04419 2019.32275 28600.82076 9.1866 16991.0 18.217 16897.0 26.392 "" "" 0.0027773023478498706 0.0030232642 0.0041424185 0.0071656825 173.99461122854 -61.71313779322 1960.07227 -6.652 1.057 1.0
