Clusters/NGC_3766/NGC_3766_stars_in_region.tsv
# %ECSV 1.0
# ---
# datatype:
# - name: RA_ICRS_1
#   unit: deg
#   datatype: float64
#   format: '{:15.11f}'
#   description: Right ascension (ICRS) at Ep=2016.0 (ra)
#   meta: !!omap
#   - {ucd: POS_EQ_RA_MAIN}
#   - {width: 15}
#   - {precision: '11'}
# - name: DE_ICRS_1
#   unit: deg
#   datatype: float64
#   format: '{:15.11f}'
#   description: Declination (ICRS) at Ep=2016.0 (dec)
#   meta: !!omap
#   - {ucd: POS_EQ_DEC_MAIN}
#   - {width: 15}
#   - {precision: '11'}
# - name: e_RA_ICRS
#   unit: mas
#   datatype: float64
#   format: '{:7.4f}'
#   description: Standard error of right ascension (ra_error)
#   meta: !!omap
#   - {ucd: ERROR}
#   - {width: 7}
#   - {precision: '4'}
# - name: e_DE_ICRS
#   unit: mas
#   datatype: float64
#   format: '{:7.4f}'
#   description: Standard error of declination (dec_error)
#   meta: !!omap
#   - {ucd: ERROR}
#   - {width: 7}
#   - {precision: '4'}
# - name: _r_1
#   unit: ''
#   datatype: float64
#   format: '{:7.4f}'
#   description: Distance from center (174.06051605000-61.61360309000)[ICRS], at Epoch=J2016.0
#   meta: !!omap
#   - {ucd: POS_ANG_DIST_GENERAL}
#   - {width: 7}
#   - {precision: '4'}
# - name: HIP
#   datatype: int32
#   description: '? HIP cross-id number, van Leeuwen, Cat. I/311 (hip_original_ext_source_id)'
#   meta: !!omap
#   - {ucd: ID_NUMBER}
#   - {width: 6}
#   - values: {'null': -2147483648}
# - name: TYC2
#   datatype: string
#   description: Tycho-2 cross-id name, Hog et al., Cat. I/259 (tyc2_original_ext_source_id)
#   meta: !!omap
#   - {ucd: ID_CROSSID}
#   - {_votable_string_dtype: char}
# - name: Source
#   datatype: int64
#   description: Source identifier, identical to the Gaia-EDR3 source_id (id)
#   meta: !!omap
#   - {ucd: ID_MAIN}
#   - {width: 19}
# - name: rgeo
#   unit: pc
#   datatype: float64
#   format: '{:15.8f}'
#   description: '? Median of the geometric distance posterior (r_med_geo)'
#   meta: !!omap
#   - {ucd: PHYS_DISTANCE_TRUE}
#   - {width: 15}
#   - {precision: '8'}
#   - values: {'null': .nan}
# - name: Plx
#   unit: mas
#   datatype: float64
#   format: '{:9.4f}'
#   description: '? Parallax (parallax)'
#   meta: !!omap
#   - {ucd: POS_PARLX_TRIG}
#   - {width: 9}
#   - {precision: '4'}
#   - values: {'null': .nan}
# - name: e_Plx
#   unit: mas
#   datatype: float32
#   format: '{:7.4f}'
#   description: '? Standard error of parallax (parallax_error)'
#   meta: !!omap
#   - {ucd: ERROR}
#   - {width: 7}
#   - {precision: '4'}
#   - values: {'null': .nan}
# - name: pmRA
#   unit: mas / yr
#   datatype: float64
#   format: '{:9.3f}'
#   description: '? Proper motion in right ascension direction, pmRA*cosDE (pmra)'
#   meta: !!omap
#   - {ucd: POS_EQ_PMRA}
#   - {width: 9}
#   - {precision: '3'}
#   - values: {'null': .nan}
# - name: pmDE
#   unit: mas / yr
#   datatype: float64
#   format: '{:9.3f}'
#   description: '? Proper motion in declination direction (pmdec)'
#   meta: !!omap
#   - {ucd: POS_EQ_PMDEC}
#   - {width: 9}
#   - {precision: '3'}
#   - values: {'null': .nan}
# - name: e_pmRA
#   unit: mas / yr
#   datatype: float32
#   format: '{:6.3f}'
#   description: '? Standard error of proper motion in right ascension direction (pmra_error)'
#   meta: !!omap
#   - {ucd: ERROR}
#   - {width: 6}
#   - {precision: '3'}
#   - values: {'null': .nan}
# - name: e_pmDE
[...]
#         value: !astropy.table.SerializedColumn {name: SkyCoord.dec}
#       distance: !astropy.table.SerializedColumn
#         __class__: astropy.coordinates.distances.Distance
#         unit: !astropy.units.Unit {unit: pc}
#         value: !astropy.table.SerializedColumn {name: SkyCoord.distance}
#       frame: icrs
#       obstime: !astropy.time.Time {format: jyear_str, in_subfmt: '*', jd1: 367701545.0, jd2: 0.0, out_subfmt: '*', precision: 3, scale: tt}
#       pm_dec: !astropy.table.SerializedColumn
#         __class__: astropy.units.quantity.Quantity
#         unit: !astropy.units.Unit {unit: mas / yr}
#         value: !astropy.table.SerializedColumn {name: SkyCoord.pm_dec}
#       pm_ra_cosdec: !astropy.table.SerializedColumn
#         __class__: astropy.units.quantity.Quantity
#         unit: !astropy.units.Unit {unit: mas / yr}
#         value: !astropy.table.SerializedColumn {name: SkyCoord.pm_ra_cosdec}
#       ra: !astropy.table.SerializedColumn
#         __class__: astropy.coordinates.angles.Longitude
#         unit: *id001
#         value: !astropy.table.SerializedColumn {name: SkyCoord.ra}
#         wrap_angle: !astropy.coordinates.Angle
#           unit: *id001
#           value: 360.0
#       representation_type: spherical
# schema: astropy-2.0
RA_ICRS_1 DE_ICRS_1 e_RA_ICRS e_DE_ICRS _r_1 HIP TYC2 Source rgeo Plx e_Plx pmRA pmDE e_pmRA e_pmDE RUWE Teff logg Gmag BP-RP BPmag RPmag RV e_RV b_rgeo B_rgeo FG e_FG FBP e_FBP FRP e_FRP RAVE5 RAVE6 e_Gmag e_BPmag e_RPmag e_BP-RP SkyCoord.ra SkyCoord.dec SkyCoord.distance SkyCoord.pm_ra_cosdec SkyCoord.pm_dec rmRA rmDE e_rmRA e_rmDE rRV e_rRV v_pec v_pec3d e_vpec e_vpec3d
[from data line 330]
174.12470485015 -61.33019031201 0.0089 0.0094 17.104 "" "" 5335719132608368896 2132.59863 0.4618 0.0112 -6.791 0.674 0.012 0.011 0.907 4587.6 2.3411 12.830427 1.539832 13.55018 12.010347 21.78 0.75 2081.91382 2190.14185 138923.57697 21.699 51921.0 30.978 124460.0 35.375 "" "" 0.002760534107836308 0.0028643813 0.0037919597 0.0066563413 174.12470485015 -61.33019031201 2132.59863 -6.791 0.6740000000000003 -0.061745277404785526 -0.3281407604217529 0.1133856 0.1123856 27.50375 1.0918788 3.3752283633054563 27.710078140758856 0.37944298300847934 1.0847337578100793
174.00906916323 -61.62878425745 0.0148 0.0149 1.7269 "" "" 5334206960518241536 2085.81982 0.453 0.0186 -6.389 1.163 0.02 0.02 0.932 10825.7 3.9014 12.831121 0.214807 12.904432 12.689626 "" "" 2005.59717 2164.02563 138834.80767 38.67 94112.0 51.13 66574.0 37.88 "" "" 0.002771866316718784 0.00285184 0.0038295393 0.0066813794 174.00906916323 -61.62878425745 2085.81982 -6.388999999999996 1.1629999999999985 0.3402547225952146 0.1608592395782471 0.121385604 0.121385604 "" "" 3.7210186255895508 "" 0.45167809389507413 ""
173.98557039944 -61.6298423683 0.0157 0.0146 2.3489 "" "" 5334207686403084032 1877.2998 0.4978 0.0188 -7.25 1.14 0.021 0.019 0.936 10765.0 3.9443 12.833734 0.217451 12.907331 12.689879 "" "" 1814.96716 1946.03125 138501.11111 36.168 93861.0 66.813 66559.0 30.168 "" "" 0.00276986955978508 0.0028952304 0.003811286 0.0067065163 173.98557039944 -61.6298423683 1877.2998 -7.25 1.14 -0.5207452774047852 0.13785923957824697 0.1223856 0.1203856 "" "" 4.793429262362479 "" 0.5860236267747154 ""
174.42005679629 -61.66630932683 0.0149 0.0138 10.724 "" "" 5334160437432397952 2167.73242 0.4301 0.0169 -6.711 0.989 0.019 0.019 1.005 11492.2 4.0021 12.844348 0.164344 12.89903 12.734686 "" "" 2085.15186 2251.44751 137153.6694 29.887 94581.0 50.685 63868.0 24.106 "" "" 0.002765459265436846 0.0028501896 0.0038015337 0.0066517233 174.42005679629 -61.66630932683 2167.73242 -6.7110000000000065 0.9890000000000014 0.018254722595214545 -0.01314076042175294 0.1203856 0.1203856 "" "" 0.2311120394503428 "" 0.027822562025621413 ""
174.03316182992 -61.53625961365 0.0105 0.0098 4.7059 "" "" 5334209163871971840 2123.7666 0.4642 0.0119 -5.679 1.925 0.013 0.012 0.922 4711.8 2.5498 12.846429 1.475702 13.528337 12.052635 10.8 0.85 2059.96094 2191.78076 136891.11357 21.437 52976.0 40.6 119700.0 32.281 "" "" 0.0027605611646532944 0.0029116017 0.0037907073 0.006702309 174.03316182992 -61.53625961365 2123.7666 -5.679 1.9250000000000003 1.0502547225952146 0.9228592395782471 0.114385605 0.1133856 16.52375 1.1918788 14.074262492128694 21.70527997423301 1.603776010334799 1.3801230114475043
174.07849776977 -61.37973271225 0.0092 0.0101 14.0417 "" "" 5335713124003770240 1713.25415 0.5669 0.0124 -3.579 3.012 0.013 0.012 0.926 5863.2 3.1972 12.847734 1.009237 13.263874 12.254637 -17.18 2.49 1677.57275 1747.93213 136726.58894 26.952 67588.0 56.29 99381.0 37.578 "" "" 0.0027636200248404817 0.002933037 0.003801614 0.006734651 174.07849776977 -61.37973271225 1713.25415 -3.5790000000000006 3.0120000000000005 3.1502547225952147 2.009859239578247 0.114385605 0.1133856 -11.45625 2.8318787 30.34585931716576 32.43635062333178 3.4623780581889583 3.3901343064851774
173.91124008331 -61.62046909679 0.0115 0.0103 4.2775 "" "" 5334207858201764352 2119.7085 0.463 0.0133 -8.072 2.264 0.016 0.013 0.869 4414.9 2.2407 12.848613 1.310617 13.431826 12.121209 -11.27 1.61 2063.34302 2183.66772 136616.00758 42.407 57901.0 48.609 112380.0 80.947 "" "" 0.002775855597649424 0.0029352808 0.0038594473 0.0067947283 173.91124008331 -61.62046909679 2119.7085 -8.072000000000001 2.2639999999999993 -1.3427452774047843 1.2618592395782469 0.1173856 0.114385605 -5.546250000000001 1.9518788 18.513587947082485 19.32650583361767 2.1473603652432267 2.1319387932554115
174.03024704523 -61.88217519741 0.0256 0.0286 16.1372 "" "" 5334197339790924928 1846.88342 0.5365 0.0343 -4.615 3.328 0.036 0.036 2.872 7053.8 3.6595 12.849665 0.771143 13.150623 12.37948 -5.17 5.08 1732.09595 1958.23584 136483.72736 32.281 75018.0 89.705 88586.0 42.997 "" "" 0.0027672611421744593 0.0030774397 0.0038159455 0.006893385 174.03024704523 -61.88217519741 1846.88342 -4.614999999999993 3.3279999999999985 2.1142547225952146 2.325859239578247 0.1373856 0.1373856 0.5537499999999991 5.421879 27.51627087895727 27.521842273849543 3.7803395706362006 3.7811483108159907
174.82657121955 -61.68680639729 0.0176 0.0173 22.2632 "" "" 5335647428177507456 2152.948 0.4369 0.0207 -6.612 0.763 0.023 0.021 1.146 11184.6 4.0366 12.854451 0.199777 12.909868 12.710092 "" "" 2039.09216 2235.65381 135883.3265 37.262 93642.0 40.722 65331.0 41.486 "" "" 0.00277135946067428 0.0028298367 0.0038417543 0.0066715907 174.82657121955 -61.68680639729 2152.948 -6.611999999999993 0.7629999999999999 0.11725472259521474 -0.23914076042175292 0.1243856 0.1223856 "" "" 2.717992219446124 "" 0.33370360234077157 ""
174.06097407072 -61.22927800947 0.0141 0.0139 23.0595 "" "" 5335722126255980672 1835.2804 0.5176 0.0176 -6.65 1.621 0.019 0.017 1.013 11641.5 3.8909 12.862355 0.273151 12.933191 12.66004 "" "" 1765.69019 1885.5509 134897.75315 33.546 91652.0 212.88 68414.0 122.2 "" "" 0.0027685173398500867 0.0037609462 0.004247906 0.008008853 174.06097407072 -61.22927800947 1835.2804 -6.650000000000007 1.621 0.07925472259521449 0.6188592395782471 0.1203856 0.1183856 "" "" 5.4275665700680475 "" 0.6427223307929366 ""
173.53112524722 -61.42843653992 0.0112 0.0125 18.7837 "" "" 5334225793986696064 1751.80273 0.542 0.0148 -6.286 1.629 0.015 0.016 0.926 "" "" 12.865177 0.240593 12.94904 12.708447 "" "" 1706.55823 1792.83984 134547.52003 26.442 90323.0 50.143 65430.0 28.142 "" "" 0.0027635698215146593 0.002854532 0.003808123 0.006662655 173.53112524722 -61.42843653992 1751.80273 -6.286000000000005 1.629 0.44325472259521526 0.6268592395782471 0.1163856 0.1173856 "" "" 6.374977370044125 "" 0.7462116312737508 ""
174.04958991887 -61.57328278407 0.0191 0.017 2.4392 "" "" 5334208923353761792 1981.22546 0.4764 0.0228 -6.786 1.128 0.025 0.024 1.034 11002.5 3.961 12.865315 0.192899 12.932929 12.74003 "" "" 1900.05688 2072.43896 134530.46844 43.055 91674.0 96.78 63554.0 51.368 "" "" 0.002777144276876361 0.0030164288 0.0038799264 0.006896355 174.04958991887 -61.57328278407 1981.22546 -6.786000000000005 1.1280000000000001 -0.056745277404784744 0.12585923957824696 0.1263856 0.1253856 "" "" 1.296523035762307 "" 0.1627850707011778 ""
173.70666926405 -61.76611017802 0.0123 0.0126 13.6054 "" "" 5334202017050069632 1784.59326 0.5516 0.0154 -10.408 3.754 0.016 0.016 1.041 "" "" 12.865708 1.487852 13.552832 12.06498 -18.7 0.85 1737.2135 1835.82593 134481.78591 19.397 51795.0 28.185 118350.0 37.067 "" "" 0.0027597669060615486 0.002852037 0.003794649 0.0066466862 173.70666926405 -61.76611017802 1784.59326 -10.407999999999994 3.7540000000000058 -3.6787452774047846 2.751859239578247 0.1173856 0.1173856 -12.97625 1.1918788 38.86149357336879 40.97070595944722 4.561779875535173 4.343370383487375
174.0748960662 -61.30546714759 0.0102 0.0103 18.4928 "" "" 5335719308757291648 2163.79736 0.4536 0.0128 -6.793 1.368 0.013 0.012 1.011 4579.0 2.2773 12.871795 1.42556 13.522502 12.096942 2.85 0.76 2111.26001 2222.1062 133730.06063 19.727 53262.0 31.714 114920.0 35.8 "" "" 0.0027599711759575245 0.0028640863 0.0037944862 0.0066585727 174.0748960662 -61.30546714759 2163.79736 -6.793 1.368 -0.0637452774047853 0.3658592395782472 0.114385605 0.1133856 8.573749999999999 1.1018788 3.8089296641808064 9.381744733746302 0.43199048978931975 1.0221397024855106
174.38738236038 -61.75543922834 0.0113 0.0118 12.6079 "" "" 5334158242736059648 1770.5127 0.5367 0.0143 -5.595 1.283 0.016 0.016 0.907 9053.6 3.9697 12.875661 0.404497 13.02305 12.618553 "" "" 1725.87402 1815.7439 133254.66298 31.487 84372.0 62.008 71078.0 33.131 "" "" 0.0027672382713913686 0.002902028 0.0038131154 0.006715143 174.38738236038 -61.75543922834 1770.5127 -5.595 1.283 1.134254722595215 0.280859239578247 0.1173856 0.1173856 "" "" 9.806405153161624 "" 1.1511307869467249 ""
174.09945220208 -61.63414696167 0.0166 0.015 1.6589 "" "" 5334208197468798208 2136.11768 0.444 0.0188 -6.846 1.027 0.02 0.019 0.939 10909.2 3.8224 12.876757 0.231397 12.955154 12.723758 "" "" 2063.06787 2224.5769 133120.17951 40.495 89816.0 44.651 64514.0 44.064 "" "" 0.0027750448723180324 0.0028418992 0.003851449 0.0066933483 174.09945220208 -61.63414696167 2136.11768 -6.846 1.027 -0.11674527740478524 0.024859239578246983 0.121385604 0.1203856 "" "" 1.2085704150007697 "" 0.14665083484895486 ""
173.67527687904 -61.56288357459 0.0274 0.0252 11.4112 "" "" 5334211637772694144 2062.95239 0.4759 0.0334 -6.235 0.484 0.033 0.03 2.228 7994.3 3.5728 12.884953 0.425073 13.04057 12.615498 "" "" 1932.05566 2234.81055 132119.14809 26.38 83021.0 65.702 71279.0 68.251 "" "" 0.002763835383626851 0.0029194765 0.0039197607 0.006839237 173.67527687904 -61.56288357459 2062.95239 -6.235 0.484 0.4942547225952145 -0.5181407604217529 0.1343856 0.1313856 "" "" 7.002023931896449 "" 0.9300319777830462 ""
173.4082863738 -61.84858738152 0.0099 0.0111 23.2871 "" "" 5334189166501591424 2056.16235 0.4806 0.013 -9.86 -2.091 0.013 0.013 1.049 "" "" 12.890933 1.572541 13.629473 12.056931 51.67 0.96 2005.06067 2106.97168 131393.38811 18.149 48265.0 34.155 119230.0 38.998 "" "" 0.0027593985413939238 0.002894024 0.0037960296 0.0066900533 173.4082863738 -61.84858738152 2056.16235 -9.86 -2.091 -3.1307452774047846 -3.093140760421753 0.114385605 0.114385605 57.39375 1.3018787 42.893383482121564 71.65113317740926 4.906385614025711 3.116800958803472
173.87161851004 -61.81427358704 0.0132 0.0136 13.1838 "" "" 5334199027748212736 2117.03076 0.4383 0.0168 -5.77 1.01 0.019 0.018 0.932 11406.1 3.8672 12.904887 0.174441 12.964803 12.790361 "" "" 2052.89111 2180.86841 129715.52632 39.158 89022.0 45.502 60676.0 27.167 "" "" 0.002774745843383902 0.002844824 0.0038105177 0.006655342 173.87161851004 -61.81427358704 2117.03076 -5.770000000000005 1.010000000000001 0.9592547225952153 0.00785923957824708 0.1203856 0.1193856 "" "" 9.62618118493643 "" 1.1588529745867784 ""
174.39172296596 -61.3150133728 0.0104 0.011 20.2751 "" "" 5335673060544468224 2037.58057 0.4887 0.0129 -10.504 1.225 0.014 0.015 0.996 "" "" 12.907765 1.591787 13.657304 12.065516 31.1 0.59 1982.99402 2082.65405 129372.05848 41.482 47043.0 51.809 118290.0 82.691 "" "" 0.0027772261406148377 0.0030355935 0.0038548396 0.006890433 174.39172296596 -61.3150133728 2037.58057 -10.50400000000001 1.2250000000000012 -3.7747452774047847 0.22285923957824716 0.1153856 0.1163856 36.823750000000004 0.93187875 36.52047098587498 51.862639395740715 4.214063840418853 3.0403169539119426
173.44376006295 -61.44217063292 0.0153 0.0164 20.4211 "" "" 5334225274260931456 1726.75586 0.5507 0.0194 -6.456 1.178 0.019 0.02 1.137 "" "" 12.92231 0.211534 12.990526 12.778992 "" "" 1679.09875 1791.84741 127650.53835 46.926 86937.0 62.962 61314.0 60.991 "" "" 0.0027840787969175954 0.002898852 0.0039306697 0.0068295216 173.44376006295 -61.44217063292 1726.75586 -6.455999999999999 1.1779999999999995 0.27325472259521444 0.175859239578247 0.1203856 0.121385604 "" "" 2.6596847729485993 "" 0.32096900309523796 ""
173.33249304956 -61.82761989495 0.0101 0.0114 24.355 "" "" 5334189952450130688 2019.93933 0.4869 0.0135 -7.204 -1.777 0.013 0.013 0.978 "" "" 12.925485 1.55061 13.646642 12.096032 8.62 0.73 1964.54224 2092.95337 127277.88702 18.704 47507.0 47.017 115010.0 72.603 "" "" 0.002759935989612011 0.0029899296 0.0038410283 0.0068309577 173.33249304956 -61.82761989495 2019.93933 -7.2040000000000015 -1.776999999999999 -0.4747452774047849 -2.779140760421753 0.114385605 0.114385605 14.343749999999998 1.0718788 26.994363492828573 30.568592124032406 3.0877665958946654 2.772728634042556
173.87386990612 -61.48936587678 0.0127 0.0127 9.1665 "" "" 5334213183961081216 1897.65454 0.4985 0.016 -6.709 1.209 0.015 0.016 0.933 10736.5 3.8848 12.929114 0.222158 13.003135 12.780976 "" "" 1838.4303 1953.10876 126853.05347 35.795 85934.0 40.65 61202.0 32.278 "" "" 0.002772300804420253 0.0028370456 0.0038225148 0.0066595604 173.87386990612 -61.48936587678 1897.65454 -6.709 1.209000000000001 0.020254722595215213 0.20685923957824714 0.1163856 0.1173856 "" "" 1.869572835784237 "" 0.21944325626420652 ""
174.24760059839 -61.58881516326 0.0178 0.0155 5.542 "" "" 5335662816996275712 2161.46631 0.4327 0.0201 -6.893 1.02 0.021 0.02 1.069 "" "" 12.935006 0.229042 13.01377 12.784728 "" "" 2077.05493 2258.70654 126166.59671 38.309 85096.0 44.209 60991.0 30.368 "" "" 0.0027749724955010257 0.0028466142 0.0038178493 0.0066644633 174.24760059839 -61.58881516326 2161.46631 -6.893000000000005 1.0199999999999998 -0.16374527740478495 0.017859239578247088 0.1223856 0.121385604 "" "" 1.6875764696253943 "" 0.2065152979999579 ""
174.31373074396 -61.69086590859 0.0578 0.0524 8.575 "" "" 5334160201241127296 1691.81885 0.5977 0.0694 -10.3 -3.165 0.076 0.072 4.864 6186.0 3.8279 12.938396 0.848287 13.26927 12.420983 -1.15 1.92 1505.26721 1916.99377 125773.2915 43.289 67253.0 26.31 85264.0 26.704 "" "" 0.0027805457899039007 0.0028223149 0.0037946485 0.006616963 174.31373074396 -61.69086590859 1691.81885 -10.300000000000013 -3.1650000000000054 -3.570745277404786 -4.167140760421753 0.1773856 0.17338559 4.573749999999999 2.2618787 44.00739712298249 44.24443683224352 7.705267057999049 7.667552057893205
174.07452020062 -61.66200988688 0.015 0.0139 2.9317 "" "" 5334206655610918656 2166.85645 0.4352 0.0179 -6.807 1.066 0.019 0.017 0.914 10697.4 4.1694 12.939688 0.295229 13.042999 12.74777 "" "" 2058.5625 2270.59644 125623.67143 31.863 82836.0 46.484 63103.0 30.519 "" "" 0.002769047854583106 0.002855916 0.003815686 0.006671602 174.07452020062 -61.66200988688 2166.85645 -6.807000000000006 1.066 -0.07774527740478554 0.06385923957824713 0.1203856 0.1183856 "" "" 1.0333530897001317 "" 0.12357237205629099 ""
174.36941602537 -61.71158425014 0.0149 0.0144 10.5809 "" "" 5334159922036228992 2027.60815 0.4598 0.0185 -6.681 1.131 0.021 0.02 0.993 10397.4 3.9266 12.941866 0.225766 13.019236 12.793469 "" "" 1956.77734 2105.72876 125371.95202 33.157 84669.0 49.756 60502.0 25.704 "" "" 0.002770242022225825 0.002862191 0.0038074267 0.0066696177 174.36941602537 -61.71158425014 2027.60815 -6.681 1.1310000000000013 0.048254722595214794 0.12885923957824708 0.1223856 0.121385604 "" "" 1.3224359049336925 "" 0.16068790821356646 ""
173.35798035978 -61.45476223619 0.0137 0.0141 22.2368 "" "" 5334224999383783808 2173.66895 0.4308 0.0176 -6.233 1.111 0.017 0.018 1.15 "" "" 12.942512 0.461675 13.106174 12.644499 "" "" 2069.04883 2254.28101 125297.34524 27.599 78153.0 41.537 69400.0 27.547 "" "" 0.0027656795819265435 0.0028492166 0.003803874 0.0066530905 173.35798035978 -61.45476223619 2173.66895 -6.233 1.1110000000000002 0.4962547225952152 0.10885923957824706 0.1183856 0.1193856 "" "" 5.234579508948578 "" 0.619940115595293 ""
174.54659254234 -61.37936138077 0.0113 0.0114 19.7795 "" "" 5335669658930581120 1595.58777 0.6138 0.0142 -10.134 -3.549 0.015 0.016 1.035 4593.9 2.6259 12.942763 1.529754 13.655716 12.125962 -13.65 0.59 1563.48071 1631.97314 125268.38146 17.847 47112.0 28.224 111890.0 39.125 "" "" 0.002759658826022646 0.0028649832 0.0037984028 0.006663386 174.54659254234 -61.37936138077 1595.58777 -10.13399999999999 -3.5490000000000004 -3.4047452774047855 -4.551140760421752 0.1163856 0.1173856 -7.926250000000001 0.93187875 42.9867957175201 43.71144066628672 5.030647930033952 4.950135215524367
