Clusters/NGC_3766/NGC_3766_members.tsv
# %ECSV 1.0
# ---
# datatype:
# - name: RA_ICRS_1
#   unit: deg
#   datatype: float64
#   format: '{:15.11f}'
#   description: Right ascension (ICRS) at Ep=2016.0 (ra)
#   meta: !!omap
#   - {ucd: POS_EQ_RA_MAIN}
#   - {width: 15}
#   - {precision: '11'}
# - name: DE_ICRS_1
#   unit: deg
#   datatype: float64
#   format: '{:15.11f}'
#   description: Declination (ICRS) at Ep=2016.0 (dec)
#   meta: !!omap
#   - {ucd: POS_EQ_DEC_MAIN}
#   - {width: 15}
#   - {precision: '11'}
# - name: e_RA_ICRS
#   unit: mas
#   datatype: float64
#   format: '{:7.4f}'
#   description: Standard error of right ascension (ra_error)
#   meta: !!omap
#   - {ucd: ERROR}
#   - {width: 7}
#   - {precision: '4'}
# - name: e_DE_ICRS
#   unit: mas
#   datatype: float64
#   format: '{:7.4f}'
#   description: Standard error of declination (dec_error)
#   meta: !!omap
#   - {ucd: ERROR}
#   - {width: 7}
#   - {precision: '4'}
# - name: _r_1
#   unit: ''
#   datatype: float64
#   format: '{:7.4f}'
#   description: Distance from center (174.06051605000-61.61360309000)[ICRS], at Epoch=J2016.0
#   meta: !!omap
#   - {ucd: POS_ANG_DIST_GENERAL}
#   - {width: 7}
#   - {precision: '4'}
# - name: HIP
#   datatype: int32
#   description: '? HIP cross-id number, van Leeuwen, Cat. I/311 (hip_original_ext_source_id)'
#   meta: !!omap
#   - {ucd: ID_NUMBER}
#   - {width: 6}
#   - values: {'null': -2147483648}
# - name: TYC2
#   datatype: string
#   description: Tycho-2 cross-id name, Hog et al., Cat. I/259 (tyc2_original_ext_source_id)
#   meta: !!omap
#   - {ucd: ID_CROSSID}
#   - {_votable_string_dtype: char}
# - name: Source
#   datatype: int64
#   description: Source identifier, identical to the Gaia-EDR3 source_id (id)
#   meta: !!omap
#   - {ucd: ID_MAIN}
#   - {width: 19}
# - name: rgeo
#   unit: pc
#   datatype: float64
#   format: '{:15.8f}'
#   description: '? Median of the geometric distance posterior (r_med_geo)'
#   meta: !!omap
#   - {ucd: PHYS_DISTANCE_TRUE}
#   - {width: 15}
#   - {precision: '8'}
#   - values: {'null': .nan}
# - name: Plx
#   unit: mas
#   datatype: float64
#   format: '{:9.4f}'
#   description: '? Parallax (parallax)'
#   meta: !!omap
#   - {ucd: POS_PARLX_TRIG}
#   - {width: 9}
#   - {precision: '4'}
#   - values: {'null': .nan}
# - name: e_Plx
#   unit: mas
#   datatype: float32
#   format: '{:7.4f}'
#   description: '? Standard error of parallax (parallax_error)'
#   meta: !!omap
#   - {ucd: ERROR}
#   - {width: 7}
#   - {precision: '4'}
#   - values: {'null': .nan}
# - name: pmRA
#   unit: mas / yr
#   datatype: float64
#   format: '{:9.3f}'
#   description: '? Proper motion in right ascension direction, pmRA*cosDE (pmra)'
#   meta: !!omap
#   - {ucd: POS_EQ_PMRA}
#   - {width: 9}
#   - {precision: '3'}
#   - values: {'null': .nan}
# - name: pmDE
#   unit: mas / yr
#   datatype: float64
#   format: '{:9.3f}'
#   description: '? Proper motion in declination direction (pmdec)'
#   meta: !!omap
#   - {ucd: POS_EQ_PMDEC}
#   - {width: 9}
#   - {precision: '3'}
#   - values: {'null': .nan}
# - name: e_pmRA
#   unit: mas / yr
#   datatype: float32
#   format: '{:6.3f}'
#   description: '? Standard error of proper motion in right ascension direction (pmra_error)'
#   meta: !!omap
#   - {ucd: ERROR}
#   - {width: 6}
#   - {precision: '3'}
#   - values: {'null': .nan}
# - name: e_pmDE
[...]
#         unit: &id001 !astropy.units.Unit {unit: deg}
#         value: !astropy.table.SerializedColumn {name: SkyCoord.dec}
#       distance: !astropy.table.SerializedColumn
#         __class__: astropy.coordinates.distances.Distance
#         unit: !astropy.units.Unit {unit: pc}
#         value: !astropy.table.SerializedColumn {name: SkyCoord.distance}
#       frame: icrs
#       obstime: !astropy.time.Time {format: jyear_str, in_subfmt: '*', jd1: 367701545.0, jd2: 0.0, out_subfmt: '*', precision: 3, scale: tt}
#       pm_dec: !astropy.table.SerializedColumn
#         __class__: astropy.units.quantity.Quantity
#         unit: !astropy.units.Unit {unit: mas / yr}
#         value: !astropy.table.SerializedColumn {name: SkyCoord.pm_dec}
#       pm_ra_cosdec: !astropy.table.SerializedColumn
#         __class__: astropy.units.quantity.Quantity
#         unit: !astropy.units.Unit {unit: mas / yr}
#         value: !astropy.table.SerializedColumn {name: SkyCoord.pm_ra_cosdec}
#       ra: !astropy.table.SerializedColumn
#         __class__: astropy.coordinates.angles.Longitude
#         unit: *id001
#         value: !astropy.table.SerializedColumn {name: SkyCoord.ra}
#         wrap_angle: !astropy.coordinates.Angle
#           unit: *id001
#           value: 360.0
#       representation_type: spherical
# schema: astropy-2.0
RA_ICRS_1 DE_ICRS_1 e_RA_ICRS e_DE_ICRS _r_1 HIP TYC2 Source rgeo Plx e_Plx pmRA pmDE e_pmRA e_pmDE RUWE Teff logg Gmag BP-RP BPmag RPmag RV e_RV b_rgeo B_rgeo FG e_FG FBP e_FBP FRP e_FRP RAVE5 RAVE6 e_Gmag e_BPmag e_RPmag e_BP-RP SkyCoord.ra SkyCoord.dec SkyCoord.distance SkyCoord.pm_ra_cosdec SkyCoord.pm_dec Pmemb
[from data line 280]
173.54198114789 -61.76157565068 0.0224 0.022 17.2208 "" "" 5334179477055606144 2096.2334 0.4444 0.0284 -6.726 1.019 0.029 0.027 1.016 6414.5 4.3475 15.587965 0.896273 15.949291 15.053019 "" "" 1958.70166 2222.2561 10958.74192 3.3982 5697.7 11.734 7550.1 7.9057 "" "" 0.0027758134552765003 0.003575573 0.0039466703 0.007522243 173.54198114789 -61.76157565068 2096.2334 -6.726 1.019 0.9
174.08561413105 -61.65268199423 0.0291 0.0265 2.4515 "" "" 5334206689970673664 2045.9834 0.4475 0.0353 -6.839 1.131 0.042 0.035 1.044 5483.3 4.267 15.608551 0.87767 15.860317 14.982647 "" "" 1899.05078 2234.35913 10752.9173 9.117 6184.3 151.99 8055.6 161.29 "" "" 0.0029050321195530793 0.026829349 0.0220648 0.04889415 174.08561413105 -61.65268199423 2045.9834 -6.839 1.131 0.9
174.14383217854 -61.59689086323 0.0244 0.0232 2.5801 "" "" 5334208682835591936 2149.70923 0.4331 0.0292 -6.787 1.021 0.03 0.03 1.032 6372.9 4.4072 15.631514 0.904835 15.990675 15.08584 "" "" 2035.37671 2289.99097 10527.88899 3.6865 5484.6 14.362 7325.2 37.487 "" "" 0.0027814261711388033 0.003983509 0.006719834 0.010703343 174.14383217854 -61.59689086323 2149.70923 -6.787 1.0209999999999997 1.0
173.86822203653 -61.54756343672 0.0253 0.0223 6.7714 "" "" 5334209576188466176 1917.08752 0.4904 0.0292 -6.828 0.934 0.03 0.027 0.954 6254.3 4.3374 15.635872 0.884015 15.96033 15.076315 "" "" 1811.39014 2042.98572 10485.71195 3.6525 5640.1 20.489 7389.8 51.891 "" "" 0.0027811546881541787 0.0048313267 0.008509366 0.013340693 173.86822203653 -61.54756343672 1917.08752 -6.828000000000001 0.9340000000000002 0.9
173.99339853655 -61.62176980935 0.0299 0.0273 1.976 "" "" 5334207716432485888 2172.57812 0.4285 0.0346 -6.684 0.928 0.037 0.036 0.911 6126.1 4.3628 15.662454 0.89418 16.021471 15.127291 "" "" 2037.22461 2344.07373 10232.10761 4.9441 5331.2 12.284 7050.9 18.395 "" "" 0.0028048204186475775 0.0037474877 0.004723043 0.008470531 173.99339853655 -61.62176980935 2172.57812 -6.684000000000001 0.9280000000000004 0.8
174.21476620226 -61.51866664239 0.0237 0.0238 7.2018 "" "" 5335663611615511808 2021.08862 0.4735 0.0294 -6.805 1.112 0.03 0.032 0.976 6245.7 4.3812 15.701036 0.892517 16.061691 15.169174 "" "" 1906.9541 2148.95776 9874.89067 3.178 5137.4 13.111 6784.0 11.032 "" "" 0.002777387746292729 0.0039322753 0.0041714595 0.008103735 174.21476620226 -61.51866664239 2021.08862 -6.804999999999999 1.112 0.8
174.19054699076 -61.57961391597 0.0276 0.024 4.2346 "" "" 5334161816147551872 2013.23254 0.4689 0.0321 -6.808 0.878 0.036 0.032 0.913 5859.9 4.3493 15.70176 1.048216 16.136633 15.088417 "" "" 1890.12732 2145.16016 9868.30365 3.825 4794.7 9.5309 7307.9 15.215 "" "" 0.0027872733318038724 0.0035274613 0.004403813 0.007931274 174.19054699076 -61.57961391597 2013.23254 -6.807999999999999 0.8779999999999998 0.8
173.65059133625 -61.59214103645 0.0268 0.0228 11.7678 "" "" 5334211465974248192 1805.45642 0.5266 0.03 -6.589 1.04 0.032 0.028 0.998 6308.6 4.4442 15.71297 0.915801 16.081732 15.165931 "" "" 1709.58826 1901.78589 9766.94288 3.9102 5043.4 8.3769 6804.3 8.7176 "" "" 0.002789396304793196 0.0033222255 0.004027245 0.0073494706 173.65059133625 -61.59214103645 1805.45642 -6.589 1.0399999999999998 0.8
174.06971507607 -61.64227173048 0.0293 0.0254 1.74 "" "" 5334206689970683008 2051.13428 0.464 0.0345 -6.711 1.153 0.035 0.032 0.941 5530.0 4.2815 15.722581 0.998725 16.125164 15.126439 "" "" 1929.7373 2204.2876 9680.87252 5.9009 4845.6 14.681 7056.4 17.503 "" "" 0.0028336850960561737 0.004313465 0.004640749 0.008954214 174.06971507607 -61.64227173048 2051.13428 -6.710999999999999 1.153 0.9
173.91423475882 -61.60017606432 0.0262 0.0258 4.2506 "" "" 5334207961281010432 1978.91589 0.4787 0.0321 -6.661 1.095 0.034 0.037 0.981 5756.4 4.3657 15.743745 0.931181 16.11335 15.182169 "" "" 1855.38391 2094.48853 9493.99241 7.7863 4898.7 32.753 6703.3 17.837 "" "" 0.002895631156911812 0.007777045 0.004757145 0.01253419 173.91423475882 -61.60017606432 1978.91589 -6.660999999999999 1.095 1.0
174.06316978846 -61.62070732299 0.0299 0.0263 0.4329 "" "" 5334208403634203136 2132.04517 0.4459 0.0353 -6.677 1.16 0.038 0.034 0.995 5322.7 4.31 15.747033 0.955483 16.128801 15.173318 "" "" 1976.29932 2295.63232 9465.2845 6.6881 4829.4 29.227 6758.2 32.347 "" "" 0.0028601300659718506 0.007138619 0.00642568 0.0135643 174.06316978846 -61.62070732299 2132.04517 -6.677 1.16 1.0
173.65125264049 -61.62061130416 0.0259 0.0233 11.6804 "" "" 5334205448689757952 1806.57129 0.5249 0.0315 -6.851 1.122 0.033 0.028 0.971 6315.4 4.3851 15.753169 0.920349 16.10858 15.18823 "" "" 1712.10254 1900.60461 9411.94025 4.2018 4920.2 7.5903 6666.0 9.4124 "" "" 0.0027976296379916177 0.003254303 0.0040784804 0.007332783 173.65125264049 -61.62061130416 1806.57129 -6.850999999999999 1.1219999999999999 0.8
174.43398493126 -61.5335746693 0.0279 0.0257 11.6978 "" "" 5335663989572944256 1869.1344 0.5048 0.033 -6.588 0.75 0.037 0.036 1.051 5465.9 4.2911 15.76066 1.009078 16.182325 15.173247 "" "" 1776.90076 1979.37122 9347.22136 9.2363 4597.1 19.911 6758.6 17.354 "" "" 0.0029568227480508856 0.0054679997 0.004696355 0.010164355 174.43398493126 -61.5335746693 1869.1344 -6.587999999999999 0.75 0.8
174.32790088223 -61.74108289615 0.0254 0.0243 10.7906 "" "" 5334158483254221824 1861.32324 0.499 0.0309 -6.727 0.933 0.036 0.033 1.004 6342.0 4.4961 15.77954 0.923549 16.1559 15.23235 "" "" 1760.21143 1965.6167 9186.08759 3.1876 4710.4 7.8597 6400.6 10.881 "" "" 0.0027809589624729495 0.0033267247 0.004206009 0.007532734 174.32790088223 -61.74108289615 1861.32324 -6.727 0.9329999999999998 0.9
174.29972969752 -61.7573660115 0.0243 0.0251 10.9886 "" "" 5334158410207646464 1887.41064 0.4964 0.0304 -6.829 0.967 0.033 0.034 0.949 6211.7 4.1839 15.796445 1.001281 16.202097 15.200816 "" "" 1783.53296 2014.75891 9044.1681 3.2976 4514.2 10.171 6589.2 15.387 "" "" 0.002783613342035162 0.0037107088 0.0045510386 0.008261748 174.29972969752 -61.7573660115 1887.41064 -6.829 0.9670000000000001 0.8
174.04441264016 -61.66879801996 0.0302 0.0294 3.3433 "" "" 5334206724330377216 1974.67493 0.4742 0.0356 -6.849 1.059 0.046 0.042 0.969 6092.5 4.4123 15.797037 0.939287 16.157213 15.217926 "" "" 1858.60193 2140.23242 9039.23956 4.8799 4704.7 10.059 6486.2 15.177 "" "" 0.0028169757967974715 0.0036295834 0.004553887 0.00818347 174.04441264016 -61.66879801996 1974.67493 -6.849 1.0589999999999997 0.8
173.9149494554 -61.88568221841 0.0235 0.0252 16.84 "" "" 5334198203114443520 1930.25842 0.4804 0.0301 -6.701 0.965 0.032 0.031 0.978 6113.7 4.3083 15.809424 0.955953 16.19786 15.241908 "" "" 1817.45142 2074.76172 8936.69427 3.6453 4531.8 9.383 6344.5 11.418 "" "" 0.0027906857987181136 0.0035830892 0.0042546103 0.0078377 173.9149494554 -61.88568221841 1930.25842 -6.701 0.9649999999999999 0.9
174.04711853159 -61.45753731751 0.025 0.0266 9.3718 "" "" 5335710959340431616 2154.09741 0.4357 0.032 -6.817 0.946 0.03 0.035 0.983 5473.0 4.3092 15.856212 0.962415 16.250431 15.288016 "" "" 2033.36902 2310.0354 8559.76983 9.2887 4317.6 21.313 6080.7 20.393 "" "" 0.00299665357721647 0.0060423156 0.005248096 0.011290411 174.04711853159 -61.45753731751 2154.09741 -6.817 0.946 0.8
174.27917673479 -61.65515888949 0.0275 0.0269 6.7133 "" "" 5334161369472290432 2001.21118 0.4678 0.032 -6.793 0.729 0.037 0.045 1.028 5980.7 4.3717 15.865196 1.031055 16.27595 15.244894 "" "" 1878.41956 2124.55127 8489.232 3.23 4217.3 17.403 6327.0 35.188 "" "" 0.0027861162114880484 0.0052781403 0.007123613 0.012401753 174.27917673479 -61.65515888949 2001.21118 -6.793000000000001 0.7290000000000001 0.8
174.11151702439 -61.53317718369 0.0275 0.0261 5.0406 "" "" 5335710130356198528 2030.51819 0.4647 0.0326 -6.823 0.752 0.034 0.035 0.927 5906.6 4.4018 15.869129 0.961782 16.26538 15.303598 "" "" 1921.78809 2177.35303 8458.53079 9.1195 4258.6 20.764 5994.0 18.25 "" "" 0.0029936670691229177 0.0059841024 0.0050211283 0.01100523 174.11151702439 -61.53317718369 2030.51819 -6.823000000000001 0.7520000000000002 0.9
174.06246642881 -61.54765240897 0.0325 0.0301 3.9574 "" "" 5334209060792840832 1941.44226 0.4882 0.0379 -6.939 1.095 0.041 0.038 0.94 6335.1 4.4792 15.918674 0.930933 16.297968 15.367035 "" "" 1813.02991 2086.16943 8081.22715 3.4245 4132.7 13.933 5653.9 17.235 "" "" 0.0027934698019751207 0.0046026055 0.005023722 0.009626327 174.06246642881 -61.54765240897 1941.44226 -6.939000000000001 1.095 0.8
174.13517077713 -61.66240975193 0.0283 0.0287 3.6198 "" "" 5334206616920780800 2056.2085 0.4506 0.0347 -6.928 1.039 0.036 0.039 1.071 6291.6 4.4521 15.921021 0.956986 16.315872 15.358886 "" "" 1906.89075 2179.53857 8063.77225 6.5754 4065.1 22.894 5696.4 23.647 "" "" 0.002894064534065117 0.0067212 0.0058820006 0.012603201 174.13517077713 -61.66240975193 2056.2085 -6.927999999999999 1.039 0.8
174.11444058495 -61.74913660274 0.0284 0.0286 8.2756 "" "" 5334205895366091392 2044.52405 0.4568 0.0353 -6.813 0.847 0.04 0.041 1.173 5518.4 4.3021 15.979438 1.036234 16.40648 15.370247 "" "" 1910.56165 2179.67554 7641.37955 3.8892 3739.6 10.597 5637.2 9.1275 "" "" 0.00281018839856352 0.004153432 0.0041682376 0.008321669 174.11444058495 -61.74913660274 2044.52405 -6.812999999999999 0.847 0.8
173.7899188612 -61.60056575102 0.0328 0.0265 7.7599 "" "" 5334210538261058432 1671.47034 0.569 0.0372 -6.65 1.113 0.04 0.036 1.055 5811.8 4.5258 16.005814 0.976703 16.40177 15.425067 "" "" 1584.53284 1781.64636 7457.98135 18.329 3755.9 43.376 5359.6 53.945 "" "" 0.00383560278843242 0.012845594 0.011563142 0.024408735 173.7899188612 -61.60056575102 1671.47034 -6.65 1.1129999999999998 0.8
173.93598827822 -61.65043822926 0.0304 0.0294 4.1818 "" "" 5334207235396100224 2076.96021 0.4556 0.0364 -6.589 0.998 0.043 0.038 0.988 5769.7 4.4816 16.012363 1.0009 16.414825 15.413925 "" "" 1939.98315 2226.92163 7413.1249 9.0613 3711.0 17.661 5414.9 19.187 "" "" 0.0030582779167942628 0.005872324 0.0053929966 0.011265321 173.93598827822 -61.65043822926 2076.96021 -6.589000000000001 0.9980000000000002 0.9
174.0779637261 -61.69997908259 0.0295 0.0276 5.2063 "" "" 5334206140214796416 2035.01257 0.4606 0.0354 -6.687 1.043 0.042 0.038 0.976 5789.1 4.4349 16.025492 0.954051 16.424038 15.469987 "" "" 1893.71936 2162.97949 7324.02419 3.0521 3679.6 11.051 5142.4 8.4645 "" "" 0.002792221865612286 0.0042916103 0.0041806237 0.008472234 174.0779637261 -61.69997908259 2035.01257 -6.687 1.043 1.0
173.91950456194 -61.71270609318 0.0301 0.0278 7.1753 "" "" 5334201054972992512 2122.78198 0.449 0.0373 -6.631 0.968 0.04 0.035 1.003 5743.7 4.4681 16.040955 1.029775 16.464006 15.434232 "" "" 1957.36719 2293.04712 7220.46695 6.6125 3546.6 13.444 5314.5 16.722 "" "" 0.002929241369071251 0.0049723024 0.0050945575 0.010066859 173.91950456194 -61.71270609318 2122.78198 -6.631000000000001 0.9680000000000001 0.8
173.58820795791 -61.53696516615 0.0295 0.0288 14.2514 "" "" 5334211878290867072 2016.81934 0.4789 0.0365 -6.638 0.96 0.034 0.035 0.964 5921.7 4.5632 16.04745 0.993619 16.440493 15.446874 "" "" 1888.07068 2168.11694 7177.40177 5.0617 3624.3 15.962 5253.0 18.123 "" "" 0.002859732813804192 0.005536266 0.0053211744 0.0108574405 173.58820795791 -61.53696516615 2016.81934 -6.638000000000001 0.9600000000000001 0.8
173.92311315938 -61.4384686317 0.0272 0.0274 11.2191 "" "" 5335711646535189504 2070.87988 0.4719 0.0343 -6.74 0.88 0.034 0.038 1.001 5721.8 4.4567 16.079582 1.073082 16.533382 15.4603 "" "" 1927.70471 2267.11743 6968.09779 2.8667 3327.1 6.1563 5188.5 11.43 "" "" 0.002791291556021849 0.0034381822 0.004472643 0.007910825 173.92311315938 -61.4384686317 2070.87988 -6.739999999999999 0.8799999999999999 1.0
173.97798143557 -61.68631413077 0.0369 0.0307 4.9561 "" "" 5334207029237603456 1788.17773 0.5427 0.0424 -6.66 0.845 0.054 0.042 1.017 5672.5 4.5481 16.104136 0.98069 16.505941 15.525251 "" "" 1649.56128 1968.47266 6812.28542 3.9119 3412.2 10.167 4887.2 15.856 "" "" 0.0028249797774463543 0.004272081 0.005166442 0.009438523 173.97798143557 -61.68631413077 1788.17773 -6.659999999999999 0.8450000000000001 0.8
174.01862820348 -61.65955323118 0.0374 0.0325 3.0044 "" "" 5334206793049857024 1907.27332 0.5052 0.0443 -6.697 0.916 0.055 0.044 1.075 5675.6 4.6144 16.137257 0.997884 16.551064 15.55318 "" "" 1750.17944 2048.68799 6607.61012 6.5732 3273.3 19.559 4763.1 16.28 "" "" 0.002959453779571896 0.007062168 0.005296709 0.012358877 174.01862820348 -61.65955323118 1907.27332 -6.697 0.9159999999999999 0.8
173.82932578533 -61.65592987455 0.0306 0.0277 7.0626 "" "" 5334210297743118464 2048.72827 0.471 0.036 -6.68 1.046 0.04 0.036 0.962 5771.2 4.4872 16.14841 0.990005 16.560333 15.570328 "" "" 1909.06274 2215.17627 6540.07434 7.0683 3245.5 17.045 4688.4 16.471 "" "" 0.002994782720937259 0.0063482057 0.0053696306 0.011717836 173.82932578533 -61.65592987455 2048.72827 -6.68 1.046 0.8
174.1730904455 -61.64633911793 0.0319 0.0301 3.7628 "" "" 5334161300751446272 2077.9541 0.4602 0.0393 -6.805 1.067 0.039 0.041 0.972 5399.1 4.3861 16.1887 1.318361 16.679298 15.360937 "" "" 1940.35681 2259.59009 6301.82726 7.3927 2908.7 24.789 5685.7 112.54 "" "" 0.003035466080506429 0.009664562 0.021820331 0.031484894 174.1730904455 -61.64633911793 2077.9541 -6.805000000000001 1.0670000000000002 0.9
174.02004047421 -61.61812984986 0.0362 0.0312 1.186 "" "" 5334208437986990848 1895.14404 0.495 0.0426 -6.838 1.091 0.05 0.044 1.026 5562.9 4.5445 16.189425 1.053778 16.628538 15.57476 "" "" 1777.96375 2056.00586 6297.62315 8.9156 3047.9 22.063 4669.3 25.323 "" "" 0.00315506307578151 0.0083399555 0.006996817 0.015336772 174.02004047421 -61.61812984986 1895.14404 -6.837999999999999 1.091 0.8
174.27015000019 -61.68215664671 0.034 0.0322 7.2524 "" "" 5334160854076150784 2096.34863 0.4568 0.0412 -6.725 1.017 0.047 0.046 1.077 5205.5 4.3778 16.243336 1.021783 16.666409 15.644626 "" "" 1934.69104 2345.85449 5992.55679 3.5887 2943.4 7.8236 4378.3 7.1975 "" "" 0.0028309987621796774 0.00401416 0.0041796407 0.0081938 174.27015000019 -61.68215664671 2096.34863 -6.7250000000000005 1.017 0.9
173.86901495825 -61.69844077401 0.0338 0.0285 7.4611 "" "" 5334201329850813824 1986.80542 0.4864 0.0384 -6.744 0.952 0.044 0.037 0.97 5057.2 4.3425 16.24501 1.130569 16.72302 15.592452 "" "" 1839.94104 2167.51123 5983.32289 12.436 2793.9 29.925 4593.9 29.38 "" "" 0.0035614912649663856 0.011959178 0.007905663 0.019864842 173.86901495825 -61.69844077401 1986.80542 -6.743999999999999 0.952 0.9
174.33194913864 -61.66906791103 0.0332 0.0307 8.4211 "" "" 5334160544838563584 2016.46948 0.4839 0.0379 -6.661 1.019 0.042 0.045 0.966 5202.5 4.3673 16.251072 1.056299 16.69754 15.641241 "" "" 1855.09924 2193.17236 5950.01538 8.6886 2860.2 18.428 4392.0 19.59 "" "" 0.0031789119418874916 0.0075312164 0.006142998 0.0136742145 174.33194913864 -61.66906791103 2016.46948 -6.661 1.019 0.8
174.00491248312 -61.62680756286 0.0362 0.0318 1.7727 "" "" 5334206960525176448 1913.375 0.4994 0.0426 -6.454 1.064 0.046 0.041 0.967 5755.9 4.5103 16.254644 1.208784 16.76651 15.557726 "" "" 1745.32788 2099.677 5930.46995 8.3746 2684.2 22.354 4743.2 31.25 "" "" 0.0031531725014635682 0.0094627105 0.008090278 0.017552989 174.00491248312 -61.62680756286 1913.375 -6.454000000000001 1.064 0.8
174.15486661146 -61.65039708981 0.0365 0.0312 3.4797 "" "" 5334161197672229120 1833.05762 0.5256 0.0413 -6.526 0.996 0.043 0.042 0.931 5435.2 4.5624 16.263916 1.108387 16.734653 15.626266 "" "" 1690.71985 1984.02832 5880.03846 7.2505 2764.1 32.26 4453.0 23.713 "" "" 0.0030633552196387024 0.012975248 0.0069074 0.019882647 174.15486661146 -61.65039708981 1833.05762 -6.526 0.996 0.9
