Clusters/NGC_3766/NGC_3766_stars_in_region.tsv
# %ECSV 1.0
# ---
# datatype:
# - name: RA_ICRS_1
#   unit: deg
#   datatype: float64
#   format: '{:15.11f}'
#   description: Right ascension (ICRS) at Ep=2016.0 (ra)
#   meta: !!omap
#   - {ucd: POS_EQ_RA_MAIN}
#   - {width: 15}
#   - {precision: '11'}
# - name: DE_ICRS_1
#   unit: deg
#   datatype: float64
#   format: '{:15.11f}'
#   description: Declination (ICRS) at Ep=2016.0 (dec)
#   meta: !!omap
#   - {ucd: POS_EQ_DEC_MAIN}
#   - {width: 15}
#   - {precision: '11'}
# - name: e_RA_ICRS
#   unit: mas
#   datatype: float64
#   format: '{:7.4f}'
#   description: Standard error of right ascension (ra_error)
#   meta: !!omap
#   - {ucd: ERROR}
#   - {width: 7}
#   - {precision: '4'}
# - name: e_DE_ICRS
#   unit: mas
#   datatype: float64
#   format: '{:7.4f}'
#   description: Standard error of declination (dec_error)
#   meta: !!omap
#   - {ucd: ERROR}
#   - {width: 7}
#   - {precision: '4'}
# - name: _r_1
#   unit: ''
#   datatype: float64
#   format: '{:7.4f}'
#   description: Distance from center (174.06051605000-61.61360309000)[ICRS], at Epoch=J2016.0
#   meta: !!omap
#   - {ucd: POS_ANG_DIST_GENERAL}
#   - {width: 7}
#   - {precision: '4'}
# - name: HIP
#   datatype: int32
#   description: '? HIP cross-id number, van Leeuwen, Cat. I/311 (hip_original_ext_source_id)'
#   meta: !!omap
#   - {ucd: ID_NUMBER}
#   - {width: 6}
#   - values: {'null': -2147483648}
# - name: TYC2
#   datatype: string
#   description: Tycho-2 cross-id name, Hog et al., Cat. I/259 (tyc2_original_ext_source_id)
#   meta: !!omap
#   - {ucd: ID_CROSSID}
#   - {_votable_string_dtype: char}
# - name: Source
#   datatype: int64
#   description: Source identifier, identical to the Gaia-EDR3 source_id (id)
#   meta: !!omap
#   - {ucd: ID_MAIN}
#   - {width: 19}
# - name: rgeo
#   unit: pc
#   datatype: float64
#   format: '{:15.8f}'
#   description: '? Median of the geometric distance posterior (r_med_geo)'
#   meta: !!omap
#   - {ucd: PHYS_DISTANCE_TRUE}
#   - {width: 15}
#   - {precision: '8'}
#   - values: {'null': .nan}
# - name: Plx
#   unit: mas
#   datatype: float64
#   format: '{:9.4f}'
#   description: '? Parallax (parallax)'
#   meta: !!omap
#   - {ucd: POS_PARLX_TRIG}
#   - {width: 9}
#   - {precision: '4'}
#   - values: {'null': .nan}
# - name: e_Plx
#   unit: mas
#   datatype: float32
#   format: '{:7.4f}'
#   description: '? Standard error of parallax (parallax_error)'
#   meta: !!omap
#   - {ucd: ERROR}
#   - {width: 7}
#   - {precision: '4'}
#   - values: {'null': .nan}
# - name: pmRA
#   unit: mas / yr
#   datatype: float64
#   format: '{:9.3f}'
#   description: '? Proper motion in right ascension direction, pmRA*cosDE (pmra)'
#   meta: !!omap
#   - {ucd: POS_EQ_PMRA}
#   - {width: 9}
#   - {precision: '3'}
#   - values: {'null': .nan}
# - name: pmDE
#   unit: mas / yr
#   datatype: float64
#   format: '{:9.3f}'
#   description: '? Proper motion in declination direction (pmdec)'
#   meta: !!omap
#   - {ucd: POS_EQ_PMDEC}
#   - {width: 9}
#   - {precision: '3'}
#   - values: {'null': .nan}
# - name: e_pmRA
#   unit: mas / yr
#   datatype: float32
#   format: '{:6.3f}'
#   description: '? Standard error of proper motion in right ascension direction (pmra_error)'
#   meta: !!omap
#   - {ucd: ERROR}
#   - {width: 6}
#   - {precision: '3'}
#   - values: {'null': .nan}
# - name: e_pmDE
[...]
#         value: !astropy.table.SerializedColumn {name: SkyCoord.dec}
#       distance: !astropy.table.SerializedColumn
#         __class__: astropy.coordinates.distances.Distance
#         unit: !astropy.units.Unit {unit: pc}
#         value: !astropy.table.SerializedColumn {name: SkyCoord.distance}
#       frame: icrs
#       obstime: !astropy.time.Time {format: jyear_str, in_subfmt: '*', jd1: 367701545.0, jd2: 0.0, out_subfmt: '*', precision: 3, scale: tt}
#       pm_dec: !astropy.table.SerializedColumn
#         __class__: astropy.units.quantity.Quantity
#         unit: !astropy.units.Unit {unit: mas / yr}
#         value: !astropy.table.SerializedColumn {name: SkyCoord.pm_dec}
#       pm_ra_cosdec: !astropy.table.SerializedColumn
#         __class__: astropy.units.quantity.Quantity
#         unit: !astropy.units.Unit {unit: mas / yr}
#         value: !astropy.table.SerializedColumn {name: SkyCoord.pm_ra_cosdec}
#       ra: !astropy.table.SerializedColumn
#         __class__: astropy.coordinates.angles.Longitude
#         unit: *id001
#         value: !astropy.table.SerializedColumn {name: SkyCoord.ra}
#         wrap_angle: !astropy.coordinates.Angle
#           unit: *id001
#           value: 360.0
#       representation_type: spherical
# schema: astropy-2.0
RA_ICRS_1 DE_ICRS_1 e_RA_ICRS e_DE_ICRS _r_1 HIP TYC2 Source rgeo Plx e_Plx pmRA pmDE e_pmRA e_pmDE RUWE Teff logg Gmag BP-RP BPmag RPmag RV e_RV b_rgeo B_rgeo FG e_FG FBP e_FBP FRP e_FRP RAVE5 RAVE6 e_Gmag e_BPmag e_RPmag e_BP-RP SkyCoord.ra SkyCoord.dec SkyCoord.distance SkyCoord.pm_ra_cosdec SkyCoord.pm_dec rmRA rmDE e_rmRA e_rmDE rRV e_rRV v_pec v_pec3d e_vpec e_vpec3d
[from data line 821]
174.06600192057 -61.64876380316 0.0132 0.0132 2.1154 "" "" 5334206896129102464 1896.75305 0.4871 0.016 -6.776 0.855 0.017 0.017 0.902 8896.4 4.1944 14.097391 0.405534 14.248667 13.843133 "" "" 1844.43555 1947.55737 43250.39876 18.232 27287.0 24.199 23009.0 17.481 "" "" 0.002793074776845791 0.002951637 0.0038683538 0.0068199905 174.06600192057 -61.64876380316 1896.75305 -6.776 0.855 -0.04674527740478496 -0.14714076042175295 0.1183856 0.1183856 "" "" 1.3880384216180506 "" 0.16432375867832638 ""
173.86077048261 -61.5553509555 0.0134 0.0135 6.6889 "" "" 5334212492436206592 2087.88794 0.4469 0.0164 -10.774 2.635 0.016 0.017 0.934 "" "" 14.098491 1.439914 14.757155 13.317242 -9.15 2.05 2032.80933 2184.61719 43206.63034 7.161 17083.0 16.871 37347.0 17.956 "" "" 0.002761190099657469 0.0029891126 0.0038152616 0.006804374 173.86077048261 -61.5553509555 2087.88794 -10.773999999999988 2.634999999999995 -4.044745277404784 1.6328592395782469 0.1173856 0.1183856 -3.4262500000000014 2.3918786 43.1679558510414 43.30371348302544 5.073367972527139 5.0610024840642955
174.50514272451 -61.36678192813 0.0119 0.0122 19.5308 "" "" 5335669727649810560 1569.88538 0.6013 0.0151 -15.541 3.693 0.016 0.017 0.905 6247.9 4.0126 14.102819 0.814735 14.415582 13.600846 -31.69 10.14 1539.99597 1603.87781 43034.72826 7.7452 23398.0 19.418 28762.0 61.299 "" "" 0.0027622405587821204 0.0029320547 0.0044315015 0.007363556 174.50514272451 -61.36678192813 1569.88538 -15.540999999999995 3.6929999999999996 -8.811745277404786 2.690859239578247 0.1173856 0.1183856 -25.966250000000002 10.481879 68.55961318900988 73.31211836858323 8.053782289090163 8.39698823198226
174.59849269221 -61.87315606143 0.0118 0.0122 21.8183 "" "" 5334153569810906624 1530.01111 0.6198 0.0152 -7.443 0.766 0.016 0.015 0.912 "" "" 14.104282 0.665644 14.359169 13.693525 "" "" 1495.46228 1570.73669 42976.78446 9.9393 24646.0 19.702 26409.0 15.481 "" "" 0.002766738234442179 0.0029220476 0.0038325982 0.006754646 174.59849269221 -61.87315606143 1530.01111 -7.443 0.766 -0.7137452774047848 -0.23614076042175292 0.1173856 0.1163856 "" "" 5.452202744709399 "" 0.6394742577429324 ""
174.60326251207 -61.55310402019 0.0131 0.0114 15.9163 "" "" 5335660381800486912 1941.28662 0.4773 0.0147 -8.268 1.946 0.017 0.015 0.921 7278.1 3.9427 14.107055 0.714338 14.381725 13.667387 -9.92 11.85 1879.89038 2004.30286 42867.15681 7.7943 24139.0 20.381 27052.0 32.174 "" "" 0.00276238329564669 0.0029369032 0.003993896 0.006930799 174.60326251207 -61.55310402019 1941.28662 -8.268 1.946000000000002 -1.5387452774047858 0.943859239578247 0.1183856 0.1163856 -4.196250000000001 12.191879 16.61055010207867 17.132392966429578 1.9574236125313087 3.53819724431472
174.06269000449 -61.61945207482 0.0147 0.0138 0.3564 "" "" 5334208407957628544 2029.72253 0.4562 0.0177 -6.091 0.84 0.019 0.017 0.976 11505.5 4.4174 14.109132 0.496054 14.184801 13.688747 "" "" 1970.3667 2098.22949 42785.23617 16.158 28940.0 113.54 26525.0 163.02 "" "" 0.0027856625472236817 0.005092124 0.0076687904 0.012760915 174.06269000449 -61.61945207482 2029.72253 -6.091 0.8399999999999997 0.6382547225952147 -0.16214076042175296 0.1203856 0.1183856 "" "" 6.335619027798924 "" 0.7619551434563673 ""
173.96084415754 -61.75542181875 0.038 0.0402 8.9695 "" "" 5334200573936524416 1832.30273 0.5145 0.0474 -6.746 0.934 0.051 0.052 3.603 11586.5 4.4459 14.109441 0.932911 14.219771 13.28686 "" "" 1692.94653 1963.08752 42773.07193 25.572 28023.0 167.58 38407.0 1355.6 "" "" 0.002830747909816748 0.007066928 0.038507674 0.0455746 173.96084415754 -61.75542181875 1832.30273 -6.746000000000003 0.9340000000000003 -0.016745277404785597 -0.06814076042175288 0.15238559 0.15338561 "" "" 0.6094183409362836 "" 0.0934414024878365 ""
173.9783386264 -61.74470505011 0.0192 0.0185 8.2065 "" "" 5334200226009275776 1943.44922 0.4842 0.0233 -6.751 0.973 0.025 0.024 1.549 9194.1 4.2264 14.109581 0.421728 14.256306 13.834578 "" "" 1852.19092 2036.59167 42767.54779 16.666 27095.0 23.331 23191.0 26.641 "" "" 0.002787615759602787 0.0029426347 0.003979871 0.006922506 173.9783386264 -61.74470505011 1943.44922 -6.751 0.9730000000000009 -0.02174527740478549 -0.029140760421752954 0.1263856 0.1253856 "" "" 0.33494538815958447 "" 0.04211743439854462 ""
174.75033967274 -61.79401483057 0.0113 0.0117 22.4077 "" "" 5334144189602581888 1880.87695 0.4988 0.0142 -13.129 2.808 0.015 0.014 0.952 4859.4 3.306 14.112938 1.364496 14.726731 13.362235 33.91 2.71 1830.40466 1923.08203 42635.52981 5.6652 17568.0 13.536 35831.0 18.647 "" "" 0.0027590944997086847 0.0029128792 0.0038213858 0.006734265 174.75033967274 -61.79401483057 1880.87695 -13.129 2.808 -6.399745277404785 1.805859239578247 0.1163856 0.1153856 39.63374999999999 3.051879 59.28401677194671 71.3121923914765 6.895451072980272 5.978076383100398
174.37274569251 -61.26088699723 0.0125 0.0127 22.9803 "" "" 5335673679019841152 2127.69824 0.4323 0.0149 -6.109 1.585 0.017 0.017 0.931 9252.6 4.1463 14.114756 0.393593 14.257665 13.864072 "" "" 2053.10059 2213.32422 42564.2198 14.658 27061.0 23.147 22570.0 23.192 "" "" 0.002780573662008316 0.0029406685 0.0039406116 0.00688128 174.37274569251 -61.26088699723 2127.69824 -6.109000000000009 1.5850000000000013 0.6202547225952149 0.582859239578247 0.1183856 0.1183856 "" "" 8.584002411720641 "" 1.0162222592898078 ""
174.07046696481 -61.63558757786 0.0152 0.0133 1.3492 "" "" 5334208167439443200 1931.36963 0.4765 0.017 -6.514 0.964 0.019 0.018 0.923 9244.8 4.2135 14.114768 0.439718 14.277817 13.838099 "" "" 1874.29224 1996.8114 42563.70341 15.672 26564.0 28.966 23116.0 20.284 "" "" 0.0027841703994830143 0.003030956 0.003897615 0.006928571 174.07046696481 -61.63558757786 1931.36963 -6.513999999999999 0.9639999999999999 0.2152547225952146 -0.03814076042175296 0.1203856 0.1193856 "" "" 2.0012858940657536 "" 0.24086533302111113 ""
174.06094328672 -62.03183705104 0.0125 0.0123 25.094 "" "" 5334125978939876224 2233.87988 0.4115 0.0156 -7.985 2.781 0.018 0.017 1.065 "" "" 14.116327 0.483414 14.29519 13.811776 "" "" 2165.09546 2317.11328 42502.64692 15.98 26142.0 21.906 23684.0 11.496 "" "" 0.002785395110099746 0.0029347562 0.0038159485 0.0067507047 174.06094328672 -62.03183705104 2233.87988 -7.984999999999999 2.7810000000000006 -1.2557452774047855 1.7788592395782472 0.1193856 0.1183856 "" "" 23.05599997667226 "" 2.737188152147527 ""
174.31487033963 -61.61777599765 0.0137 0.013 7.2593 "" "" 5335661996708338432 2172.94409 0.4233 0.0156 -7.015 0.123 0.018 0.02 0.978 9272.1 4.2317 14.118339 0.359077 14.24748 13.888403 "" "" 2102.53564 2260.66699 42423.98723 15.708 27316.0 17.961 22070.0 15.642 "" "" 0.0027844926089019774 0.0028800524 0.0038569253 0.006736978 174.31487033963 -61.61777599765 2172.94409 -7.015 0.123 -0.28574527740478484 -0.8791407604217529 0.1193856 0.121385604 "" "" 9.52122431802105 "" 1.1539336531586672 ""
174.5527149898 -61.8644262811 0.0117 0.0121 20.5428 "" "" 5334153638530377088 1826.20593 0.518 0.0149 -6.178 -3.949 0.015 0.015 0.945 6054.9 3.5896 14.118355 1.042472 14.553056 13.510584 -23.47 5.03 1780.57324 1873.55017 42423.33635 6.86 20616.0 21.32 31255.0 12.391 "" "" 0.0027609080530747706 0.0030076161 0.0038038145 0.0068114307 174.5527149898 -61.8644262811 1826.20593 -6.178000000000001 -3.948999999999999 0.5512547225952149 -4.951140760421753 0.1163856 0.1163856 -17.74625 5.371879 43.1229686621973 46.63174686094604 5.018892644530828 5.071536300180157
174.09656419462 -61.32350727548 0.0121 0.0133 17.4364 "" "" 5335719136958583936 1989.16064 0.4654 0.0157 -7.429 1.327 0.016 0.016 1.008 8079.7 3.9658 14.119449 0.624074 14.354851 13.730777 "" "" 1936.28027 2057.82251 42380.61296 13.168 24744.0 31.442 25518.0 30.013 "" "" 0.0027758948876865064 0.0031126265 0.003989289 0.007101916 174.09656419462 -61.32350727548 1989.16064 -7.429000000000006 1.3270000000000026 -0.6997452774047854 0.324859239578247 0.1173856 0.1173856 "" "" 7.273965905357018 "" 0.8538588775477719 ""
173.81205761346 -61.52042387918 0.0163 0.0155 9.0353 "" "" 5334212702924678784 2010.68713 0.459 0.0199 -6.856 2.267 0.019 0.02 1.28 9237.2 4.2709 14.121736 0.412941 14.274001 13.86106 "" "" 1922.20532 2088.98608 42291.42952 12.907 26657.0 18.309 22633.0 14.714 "" "" 0.0027751734035010283 0.002888105 0.0038447303 0.0067328354 173.81205761346 -61.52042387918 2010.68713 -6.856000000000005 2.267000000000003 -0.12674527740478503 1.264859239578247 0.1203856 0.121385604 "" "" 12.115310524531823 "" 1.4705043372807534 ""
173.89720696915 -61.81427453284 0.0121 0.0123 12.9046 "" "" 5334198855949527936 1850.97729 0.5066 0.0155 -6.325 1.013 0.017 0.016 0.94 9886.9 4.2577 14.12358 0.609009 14.351645 13.742636 "" "" 1786.71106 1923.89209 42219.65518 9.9189 24818.0 21.044 25241.0 16.847 "" "" 0.002767102134993784 0.0029381304 0.00384823 0.0067863604 173.89720696915 -61.81427453284 1850.97729 -6.324999999999994 1.0129999999999992 0.40425472259521467 0.01085923957824697 0.1183856 0.1173856 "" "" 3.5480617386816444 "" 0.42003686332261 ""
173.42993620809 -61.78231075737 0.0114 0.0128 20.5971 "" "" 5334190953208118656 1960.10498 0.4705 0.015 -7.504 3.726 0.015 0.015 0.928 "" "" 14.127702 0.730082 14.410381 13.680299 -47.0 26.78 1909.70862 2016.30261 42059.69586 8.5832 23511.0 22.236 26732.0 16.651 "" "" 0.002764214512122552 0.0029731267 0.0038394134 0.00681254 173.42993620809 -61.78231075737 1960.10498 -7.504 3.726000000000004 -0.7747452774047847 2.723859239578247 0.1163856 0.1163856 -41.276250000000005 27.12188 26.31086305957617 48.948854215418265 3.0622056221450347 22.92975038389971
174.74343412575 -61.48505558657 0.013 0.012 20.989 "" "" 5335666738352736384 1988.79578 0.4676 0.0154 -7.96 0.198 0.017 0.015 0.885 6586.9 3.6748 14.131631 0.837087 14.462926 13.625839 -15.35 7.56 1928.8457 2053.98486 41907.73879 7.3696 22400.0 15.435 28108.0 13.59 "" "" 0.00276192752202904 0.0028887303 0.0038156642 0.0067043947 174.74343412575 -61.48505558657 1988.79578 -7.960000000000006 0.19800000000000056 -1.2307452774047851 -0.804140760421753 0.1183856 0.1163856 -9.62625 7.901879 13.859058373734157 16.87418703431578 1.6324695387701023 4.702971323797728
174.05716820238 -61.22228481914 0.0124 0.0119 23.4793 "" "" 5335722126256362496 1939.72131 0.479 0.0152 -6.839 0.86 0.017 0.015 0.905 9187.4 4.243 14.1337 0.452082 14.296552 13.84447 "" "" 1897.11438 1991.70068 41827.96739 19.642 26109.0 35.029 22981.0 16.203 "" "" 0.0028020951875575633 0.0031475294 0.0038561292 0.0070036585 174.05716820238 -61.22228481914 1939.72131 -6.839000000000006 0.8600000000000012 -0.10974527740478557 -0.14214076042175294 0.1183856 0.1163856 "" "" 1.6510841842237105 "" 0.19340231768058413 ""
173.54771463553 -61.66596768313 0.0131 0.0126 14.9491 "" "" 5334215413016463488 2062.38818 0.4484 0.0158 -7.162 0.986 0.017 0.016 0.928 7454.7 4.2145 14.135587 0.486778 14.323116 13.836338 "" "" 1997.87805 2143.25293 41755.32677 18.729 25478.0 18.828 23154.0 36.663 "" "" 0.0027980272120709405 0.0029032414 0.0041520325 0.007055274 173.54771463553 -61.66596768313 2062.38818 -7.162000000000005 0.9860000000000008 -0.4327452774047851 -0.016140760421752942 0.1183856 0.1173856 "" "" 4.233338250407679 "" 0.5011604242623261 ""
173.42847298599 -61.8080884284 0.0112 0.0122 21.4282 "" "" 5334190815769116800 1986.97961 0.47 0.0149 -6.412 1.857 0.015 0.015 0.924 7472.4 3.9576 14.135629 0.714521 14.413123 13.698602 "" "" 1917.9259 2049.25391 41753.72599 8.36 23451.0 13.613 26286.0 12.653 "" "" 0.002763882575501985 0.002860467 0.0038153464 0.0066758133 173.42847298599 -61.8080884284 1986.97961 -6.411999999999995 1.8569999999999993 0.3172547225952149 0.854859239578247 0.1163856 0.1163856 "" "" 8.587878109227013 "" 0.9995053590155718 ""
173.95963282666 -61.55360505162 0.0136 0.0129 4.6105 "" "" 5334209438749833856 1700.36438 0.5511 0.016 -10.95 0.445 0.016 0.016 0.938 6072.0 3.7401 14.135926 0.913257 14.504761 13.591504 -34.72 7.04 1662.84448 1748.94812 41742.29125 7.643 21553.0 27.663 29011.0 15.68 "" "" 0.002762482584014511 0.003118809 0.0038246685 0.0069434773 173.95963282666 -61.55360505162 1700.36438 -10.95 0.4449999999999994 -4.2207452774047844 -0.5571407604217529 0.1173856 0.1173856 -28.99625 7.381879 34.31314332398957 44.92409508087113 4.02786903663931 5.671556879093204
174.15101791935 -61.52651190115 0.0132 0.0136 5.83 "" "" 5335710203426148736 2007.34521 0.4624 0.0164 -8.549 1.315 0.017 0.017 1.034 9112.7 4.188 14.137097 0.442831 14.300942 13.858111 "" "" 1943.87354 2078.43604 41697.2844 13.265 26004.0 22.269 22694.0 15.538 "" "" 0.002776885191167159 0.002941013 0.0038517963 0.0067928093 174.15101791935 -61.52651190115 2007.34521 -8.54900000000001 1.315 -1.8197452774047846 0.312859239578247 0.1183856 0.1183856 "" "" 17.56857116542521 "" 2.079865804539479 ""
174.46235791879 -61.55826552636 0.0133 0.0121 11.9435 "" "" 5335660931556233472 1610.43579 0.5827 0.0155 -6.394 3.498 0.017 0.017 0.965 7338.7 4.115 14.141273 0.665915 14.397835 13.731919 "" "" 1572.2876 1646.52881 41537.23722 11.182 23784.0 18.491 25491.0 18.036 "" "" 0.002770779637072849 0.0029150597 0.0038566652 0.0067717247 174.46235791879 -61.55826552636 1610.43579 -6.393999999999999 3.4980000000000033 0.3352547225952147 2.4958592395782473 0.1183856 0.1183856 "" "" 19.223165843450772 "" 2.2757459850501673 ""
174.52538949558 -61.80545089142 0.0116 0.0119 17.5285 "" "" 5334154944200556672 1883.92236 0.4957 0.0146 -7.161 0.286 0.016 0.015 0.951 7503.2 4.0117 14.1429 0.65735 14.394819 13.73747 "" "" 1840.64978 1921.16736 41475.06004 13.035 23850.0 24.615 25361.0 17.702 "" "" 0.002776369555658071 0.0030067768 0.003854615 0.0068613915 174.52538949558 -61.80545089142 1883.92236 -7.160999999999991 0.2859999999999999 -0.43174527740478474 -0.7161407604217529 0.1173856 0.1163856 "" "" 7.467258293653001 "" 0.871078176006941 ""
173.75187873879 -61.69932965063 0.0146 0.0121 10.1858 "" "" 5334204112989382272 2095.74585 0.4406 0.0165 -10.536 1.803 0.02 0.016 0.91 8147.6 4.1542 14.144909 0.514066 14.336017 13.821951 "" "" 2020.33801 2178.84814 41398.37294 13.33 25177.0 22.427 23463.0 15.758 "" "" 0.002777410561963655 0.0029530353 0.003849084 0.0068021193 173.75187873879 -61.69932965063 2095.74585 -10.535999999999989 1.802999999999999 -3.8067452774047847 0.800859239578247 0.121385604 0.1173856 "" "" 38.64336653978176 "" 4.68430054588445 ""
174.07289926671 -61.64117930155 0.0158 0.0139 1.6918 "" "" 5334206689970686464 1828.95007 0.5102 0.0175 -6.686 1.269 0.021 0.019 1.012 9560.9 4.2824 14.146354 0.486582 14.320713 13.834131 "" "" 1774.01929 1891.70935 41343.30971 13.483 25535.0 33.887 23201.0 40.09 "" "" 0.002777978484948406 0.0031402425 0.0042194123 0.0073596546 174.07289926671 -61.64117930155 1828.95007 -6.686 1.2690000000000001 0.0432547225952149 0.266859239578247 0.1223856 0.1203856 "" "" 2.343655619882772 "" 0.28226335870786223 ""
173.73878394013 -61.84141112969 0.0111 0.0125 16.4448 "" "" 5334178068306704128 2212.20923 0.4154 0.0146 -5.799 0.103 0.015 0.016 0.875 7990.7 3.9229 14.147812 0.537492 14.346467 13.808975 "" "" 2143.13013 2302.08496 41287.82302 11.731 24936.0 15.285 23745.0 14.414 "" "" 0.0027725356341177934 0.0028684435 0.003836419 0.006704862 173.73878394013 -61.84141112969 2212.20923 -5.798999999999998 0.1029999999999999 0.9302547225952145 -0.899140760421753 0.1163856 0.1173856 "" "" 13.566254192083328 "" 1.5854836222731221 ""
