Clusters/NGC_3766/NGC_3766_stars_in_region.tsv
# %ECSV 1.0
# ---
# datatype:
# - name: RA_ICRS_1
#   unit: deg
#   datatype: float64
#   format: '{:15.11f}'
#   description: Right ascension (ICRS) at Ep=2016.0 (ra)
#   meta: !!omap
#   - {ucd: POS_EQ_RA_MAIN}
#   - {width: 15}
#   - {precision: '11'}
# - name: DE_ICRS_1
#   unit: deg
#   datatype: float64
#   format: '{:15.11f}'
#   description: Declination (ICRS) at Ep=2016.0 (dec)
#   meta: !!omap
#   - {ucd: POS_EQ_DEC_MAIN}
#   - {width: 15}
#   - {precision: '11'}
# - name: e_RA_ICRS
#   unit: mas
#   datatype: float64
#   format: '{:7.4f}'
#   description: Standard error of right ascension (ra_error)
#   meta: !!omap
#   - {ucd: ERROR}
#   - {width: 7}
#   - {precision: '4'}
# - name: e_DE_ICRS
#   unit: mas
#   datatype: float64
#   format: '{:7.4f}'
#   description: Standard error of declination (dec_error)
#   meta: !!omap
#   - {ucd: ERROR}
#   - {width: 7}
#   - {precision: '4'}
# - name: _r_1
#   unit: ''
#   datatype: float64
#   format: '{:7.4f}'
#   description: Distance from center (174.06051605000-61.61360309000)[ICRS], at Epoch=J2016.0
#   meta: !!omap
#   - {ucd: POS_ANG_DIST_GENERAL}
#   - {width: 7}
#   - {precision: '4'}
# - name: HIP
#   datatype: int32
#   description: '? HIP cross-id number, van Leeuwen, Cat. I/311 (hip_original_ext_source_id)'
#   meta: !!omap
#   - {ucd: ID_NUMBER}
#   - {width: 6}
#   - values: {'null': -2147483648}
# - name: TYC2
#   datatype: string
#   description: Tycho-2 cross-id name, Hog et al., Cat. I/259 (tyc2_original_ext_source_id)
#   meta: !!omap
#   - {ucd: ID_CROSSID}
#   - {_votable_string_dtype: char}
# - name: Source
#   datatype: int64
#   description: Source identifier, identical to the Gaia-EDR3 source_id (id)
#   meta: !!omap
#   - {ucd: ID_MAIN}
#   - {width: 19}
# - name: rgeo
#   unit: pc
#   datatype: float64
#   format: '{:15.8f}'
#   description: '? Median of the geometric distance posterior (r_med_geo)'
#   meta: !!omap
#   - {ucd: PHYS_DISTANCE_TRUE}
#   - {width: 15}
#   - {precision: '8'}
#   - values: {'null': .nan}
# - name: Plx
#   unit: mas
#   datatype: float64
#   format: '{:9.4f}'
#   description: '? Parallax (parallax)'
#   meta: !!omap
#   - {ucd: POS_PARLX_TRIG}
#   - {width: 9}
#   - {precision: '4'}
#   - values: {'null': .nan}
# - name: e_Plx
#   unit: mas
#   datatype: float32
#   format: '{:7.4f}'
#   description: '? Standard error of parallax (parallax_error)'
#   meta: !!omap
#   - {ucd: ERROR}
#   - {width: 7}
#   - {precision: '4'}
#   - values: {'null': .nan}
# - name: pmRA
#   unit: mas / yr
#   datatype: float64
#   format: '{:9.3f}'
#   description: '? Proper motion in right ascension direction, pmRA*cosDE (pmra)'
#   meta: !!omap
#   - {ucd: POS_EQ_PMRA}
#   - {width: 9}
#   - {precision: '3'}
#   - values: {'null': .nan}
# - name: pmDE
#   unit: mas / yr
#   datatype: float64
#   format: '{:9.3f}'
#   description: '? Proper motion in declination direction (pmdec)'
#   meta: !!omap
#   - {ucd: POS_EQ_PMDEC}
#   - {width: 9}
#   - {precision: '3'}
#   - values: {'null': .nan}
# - name: e_pmRA
#   unit: mas / yr
#   datatype: float32
#   format: '{:6.3f}'
#   description: '? Standard error of proper motion in right ascension direction (pmra_error)'
#   meta: !!omap
#   - {ucd: ERROR}
#   - {width: 6}
#   - {precision: '3'}
#   - values: {'null': .nan}
# - name: e_pmDE
[...]
#         value: !astropy.table.SerializedColumn {name: SkyCoord.dec}
#       distance: !astropy.table.SerializedColumn
#         __class__: astropy.coordinates.distances.Distance
#         unit: !astropy.units.Unit {unit: pc}
#         value: !astropy.table.SerializedColumn {name: SkyCoord.distance}
#       frame: icrs
#       obstime: !astropy.time.Time {format: jyear_str, in_subfmt: '*', jd1: 367701545.0, jd2: 0.0, out_subfmt: '*', precision: 3, scale: tt}
#       pm_dec: !astropy.table.SerializedColumn
#         __class__: astropy.units.quantity.Quantity
#         unit: !astropy.units.Unit {unit: mas / yr}
#         value: !astropy.table.SerializedColumn {name: SkyCoord.pm_dec}
#       pm_ra_cosdec: !astropy.table.SerializedColumn
#         __class__: astropy.units.quantity.Quantity
#         unit: !astropy.units.Unit {unit: mas / yr}
#         value: !astropy.table.SerializedColumn {name: SkyCoord.pm_ra_cosdec}
#       ra: !astropy.table.SerializedColumn
#         __class__: astropy.coordinates.angles.Longitude
#         unit: *id001
#         value: !astropy.table.SerializedColumn {name: SkyCoord.ra}
#         wrap_angle: !astropy.coordinates.Angle
#           unit: *id001
#           value: 360.0
#       representation_type: spherical
# schema: astropy-2.0
RA_ICRS_1 DE_ICRS_1 e_RA_ICRS e_DE_ICRS _r_1 HIP TYC2 Source rgeo Plx e_Plx pmRA pmDE e_pmRA e_pmDE RUWE Teff logg Gmag BP-RP BPmag RPmag RV e_RV b_rgeo B_rgeo FG e_FG FBP e_FBP FRP e_FRP RAVE5 RAVE6 e_Gmag e_BPmag e_RPmag e_BP-RP SkyCoord.ra SkyCoord.dec SkyCoord.distance SkyCoord.pm_ra_cosdec SkyCoord.pm_dec rmRA rmDE e_rmRA e_rmDE rRV e_rRV v_pec v_pec3d e_vpec e_vpec3d
[from data line 4101]
173.5866952085 -61.43467731103 0.0409 0.0439 17.2911 "" "" 5334225828346452992 2081.16504 0.4712 0.053 -7.906 0.186 0.052 0.059 0.992 5699.3 4.6307 16.844305 1.143425 17.332695 16.18927 "" "" 1881.63123 2298.66504 3445.27863 1.8636 1593.5 5.8659 2651.2 9.74 "" "" 0.002817214762809802 0.004874326 0.00549492 0.010369246 173.5866952085 -61.43467731103 2081.16504 -7.905999999999993 0.18599999999999992 -1.1767452774047849 -0.816140760421753 0.15338561 0.16038561 "" "" 14.126940831148644 "" 2.199475085774623 ""
174.2339395073 -61.40869250723 0.0434 0.0431 13.2586 "" "" 5335665913718113792 1671.43604 0.5802 0.0545 -7.192 4.319 0.055 0.057 1.067 5036.2 4.6512 16.844662 1.321872 17.278692 15.95682 "" "" 1548.98083 1795.93604 3444.14772 2.9662 1674.7 16.421 3284.2 32.189 "" "" 0.0029096633311933655 0.01100557 0.011292692 0.022298262 174.2339395073 -61.40869250723 1671.43604 -7.192 4.319 -0.4627452774047853 3.316859239578247 0.1563856 0.1583856 "" "" 26.532677093349154 "" 4.201387238425201 ""
173.90962633013 -61.92599264862 0.0397 0.0406 19.2263 "" "" 5334174563613344640 1827.46338 0.5357 0.0494 -6.75 0.971 0.051 0.053 1.043 5161.5 4.6692 16.845057 1.188416 17.354685 16.16627 "" "" 1679.97888 1974.13562 3442.90052 5.9629 1561.5 16.886 2708.0 29.115 "" "" 0.0033358371644199337 0.012068084 0.012269837 0.024337921 173.90962633013 -61.92599264862 1827.46338 -6.750000000000003 0.9710000000000004 -0.020745277404785156 -0.031140760421752955 0.15238559 0.1543856 "" "" 0.32412210097535277 "" 0.04984142385529074 ""
174.53075168738 -61.70368810963 0.0444 0.0393 14.4434 "" "" 5334157211943452928 1860.75684 0.5109 0.0501 -2.095 -0.243 0.057 0.053 1.005 5299.9 4.6583 16.845953 1.045929 17.289064 16.243135 "" "" 1746.22888 2037.44434 3440.05887 1.9762 1658.8 6.3205 2522.9 10.423 "" "" 0.002825033701787056 0.0049899416 0.005865493 0.010855434 174.53075168738 -61.70368810963 1860.75684 -2.0950000000000006 -0.24300000000000027 4.634254722595214 -1.2451407604217528 0.1583856 0.1543856 "" "" 42.3237114691021 "" 6.6922025424510325 ""
173.59399454844 -61.8393932617 0.0361 0.037 18.956 "" "" 5334178652421752832 1843.05005 0.5185 0.046 -7.56 -0.508 0.049 0.049 1.004 5386.3 4.6459 16.846191 1.059044 17.300453 16.24141 "" "" 1694.15369 2025.50122 3439.29933 1.8621 1641.5 5.4093 2526.9 8.251 "" "" 0.002817328943903484 0.0045372015 0.00518192 0.009719121 173.59399454844 -61.8393932617 1843.05005 -7.56 -0.508 -0.8307452774047848 -1.510140760421753 0.1503856 0.1503856 "" "" 15.057128336888066 "" 2.2643753290390984 ""
173.86848115906 -61.28523527578 0.0415 0.0424 20.4572 "" "" 5335717384611408512 2172.04492 0.4542 0.0552 -5.637 2.397 0.057 0.054 1.043 5322.4 4.7109 16.846586 1.037983 17.268045 16.230062 "" "" 1950.07727 2440.51074 3438.05086 2.2485 1691.2 9.1775 2553.5 10.676 "" "" 0.002845346651850698 0.0065191467 0.005906754 0.012425901 173.86848115906 -61.28523527578 2172.04492 -5.636999999999998 2.397000000000003 1.0922547225952153 1.3948592395782469 0.1583856 0.1553856 "" "" 18.239745488124903 "" 2.8551164710572663 ""
173.82684902753 -61.81010105478 0.0404 0.0422 13.5331 "" "" 5334198714180650240 1948.91589 0.5151 0.0512 -5.23 1.255 0.055 0.054 0.909 "" "" 16.847635 1.231495 17.32348 16.091986 "" "" 1771.55811 2308.13037 3434.73134 3.1203 1607.0 18.927 2899.8 17.7 "" "" 0.002926544307127018 0.013088493 0.007629115 0.020717608 173.82684902753 -61.81010105478 1948.91589 -5.23 1.255 1.4992547225952144 0.25285923957824696 0.1563856 0.1553856 "" "" 14.045506700225774 "" 2.1961277326609165 ""
174.58853696743 -61.3345146463 0.0435 0.0426 22.5678 "" "" 5335670105607222272 1846.81543 0.5263 0.0541 -6.852 1.248 0.058 0.061 1.139 "" "" 16.847654 1.055403 16.977396 15.921993 "" "" 1700.07849 2026.2616 3434.67251 5.6936 2210.3 80.231 3391.3 55.483 "" "" 0.003291062813588629 0.03950945 0.018160682 0.05767013 174.58853696743 -61.3345146463 1846.81543 -6.852 1.248 -0.12274527740478547 0.24585923957824707 0.15938559 0.1623856 "" "" 2.405543327918096 "" 0.3891964109635868 ""
173.79197981472 -61.57650599605 0.046 0.0375 7.9812 "" "" 5334210946247952256 1941.31921 0.5104 0.0525 -4.638 0.663 0.057 0.05 0.963 5216.6 4.7035 16.847668 1.075771 17.292433 16.216661 "" "" 1758.48059 2171.63452 3434.62885 2.1442 1653.7 7.1811 2585.2 11.54 "" "" 0.0028374671228821643 0.005478495 0.0061459844 0.01162448 173.79197981472 -61.57650599605 1941.31921 -4.638000000000003 0.6630000000000003 2.091254722595215 -0.3391407604217529 0.1583856 0.1513856 "" "" 19.49482178630537 "" 3.08427756631558 ""
173.96390455103 -61.75154838203 0.1912 0.1902 8.7215 "" "" 5334200951893652864 1571.31934 0.9688 0.2319 -6.031 6.36 0.252 0.247 4.86 5272.5 4.6417 16.847729 1.180502 17.259548 16.079046 "" "" 1064.73279 3065.46338 3434.43395 9.2245 1704.5 8.4443 2934.5 9.6945 "" "" 0.004011957486341123 0.006059478 0.005210505 0.011269983 173.96390455103 -61.75154838203 1571.31934 -6.031000000000001 6.36 0.6982547225952151 5.357859239578247 0.3533856 0.3483856 "" "" 40.24307895596259 "" 14.023493409552339 ""
174.69809076445 -61.83188660234 0.0386 0.0385 22.3597 "" "" 5334143605461164160 2082.69507 0.4632 0.0486 -9.441 1.414 0.05 0.048 0.964 5111.4 4.6466 16.847942 1.137384 17.303383 16.165998 "" "" 1902.19373 2358.87622 3433.75859 2.3617 1637.1 10.894 2708.7 15.816 "" "" 0.0028547215992633904 0.0077450206 0.0073806453 0.015125666 174.69809076445 -61.83188660234 2082.69507 -9.440999999999992 1.414 -2.711745277404786 0.411859239578247 0.1513856 0.1493856 "" "" 27.07728148206 "" 4.097897489745132 ""
173.31838411911 -61.49725975162 0.044 0.0427 22.3281 "" "" 5334219025117751680 1686.59705 0.5785 0.0554 -12.57 0.555 0.052 0.053 0.945 4707.8 4.422 16.847992 1.179485 17.362122 16.182636 "" "" 1540.34473 1895.49121 3433.60262 1.9423 1550.8 8.9918 2667.5 7.5088 "" "" 0.0028229413006355016 0.0068859 0.0048604994 0.011746399 173.31838411911 -61.49725975162 1686.59705 -12.57 0.555 -5.840745277404785 -0.4471407604217529 0.15338561 0.1543856 "" "" 46.83029266446702 "" 7.183366719593071 ""
173.71893029172 -61.71746662214 0.0405 0.0398 11.5523 "" "" 5334204044269887744 1835.90967 0.5255 0.0501 -6.746 0.71 0.055 0.051 0.953 5023.7 4.4655 16.848648 1.121515 17.33086 16.209345 "" "" 1681.62598 1988.8894 3431.52788 2.1562 1596.1 6.7477 2602.7 6.2616 "" "" 0.0028385236341097525 0.0053715785 0.0045941984 0.009965777 173.71893029172 -61.71746662214 1835.90967 -6.746 0.71 -0.016745277404785597 -0.29214076042175297 0.1563856 0.15238559 "" "" 2.5464436632361864 "" 0.3880751183568073 ""
173.97378824948 -61.4207382703 0.0456 0.0435 11.835 "" "" 5335711887053072384 2049.30518 0.4904 0.058 -6.691 0.941 0.057 0.053 1.101 5167.6 4.6891 16.848707 1.168566 17.35762 16.189054 "" "" 1847.20105 2343.75977 3431.3385 4.0075 1557.3 9.8157 2651.8 13.18 "" "" 0.00303310482504288 0.0073903627 0.006588184 0.0139785465 173.97378824948 -61.4207382703 2049.30518 -6.691 0.941 0.03825472259521501 -0.06114076042175298 0.1583856 0.1543856 "" "" 0.7005742001098966 "" 0.10895425273936399 ""
174.17728770063 -61.98788001473 0.046 0.0465 22.6993 "" "" 5334126425588084864 2154.50098 0.4526 0.0587 -7.05 0.774 0.062 0.064 0.981 5608.4 4.6721 16.848757 1.133568 17.270473 16.136906 "" "" 1927.99011 2410.70483 3431.1815 2.5564 1687.4 13.463 2782.2 33.294 "" "" 0.002871611488444522 0.009100859 0.013531295 0.022632154 174.17728770063 -61.98788001473 2154.50098 -7.05 0.7739999999999991 -0.320745277404785 -0.2281407604217529 0.1633856 0.1653856 "" "" 4.019636920821054 "" 0.6594625679026358 ""
173.32739849024 -61.53461491803 0.0447 0.0416 21.4683 "" "" 5334218441002114560 1656.63049 0.5952 0.0544 -4.168 -0.098 0.053 0.05 1.021 5007.0 4.6381 16.848797 1.209946 17.385609 16.175663 "" "" 1518.354 1830.82581 3431.05926 2.0692 1517.7 6.3427 2684.7 6.7794 "" "" 0.002832054469429823 0.0053266846 0.0046691154 0.0099957995 173.32739849024 -61.53461491803 1656.63049 -4.167999999999998 -0.09799999999999921 2.5612547225952147 -1.100140760421753 0.1543856 0.1513856 "" "" 21.88889690524402 "" 3.3691863243746973 ""
174.11923567113 -61.22736860536 0.1053 0.1028 23.2353 "" "" 5335721335950811904 1883.05237 0.5832 0.1315 -6.19 0.574 0.145 0.138 2.771 "" "" 16.849503 1.211923 17.203625 15.991702 "" "" 1558.04382 2412.47729 3428.82551 5.6772 1794.6 22.054 3180.4 17.974 "" "" 0.0032899016899771046 0.013631322 0.007206564 0.020837886 174.11923567113 -61.22736860536 1883.05237 -6.19 0.5739999999999998 0.5392547225952145 -0.428140760421753 0.2463856 0.2393856 "" "" 6.1457627961907075 "" 1.497740769037964 ""
174.09104735311 -62.02716786368 0.0609 0.0536 24.829 "" "" 5334126013271220096 1762.85376 0.5642 0.0697 -6.773 0.738 0.094 0.082 1.128 4851.1 4.3796 16.850267 1.263424 17.303322 16.039898 "" "" 1562.63391 2024.43665 3426.41119 3.7604 1637.1 23.541 3042.3 25.62 "" "" 0.003001936701247326 0.015859917 0.009893586 0.025753502 174.09104735311 -62.02716786368 1762.85376 -6.773 0.7379999999999999 -0.043745277404784844 -0.26414076042175294 0.1953856 0.18338561 "" "" 2.2372046591137975 "" 0.41101060710884657 ""
174.81988593042 -61.80308073185 0.1197 0.1066 24.4042 "" "" 5334143944757655680 1629.01526 0.6665 0.1405 -5.619 -0.441 0.143 0.126 2.93 4561.9 4.4801 16.85069 1.487039 17.44675 15.959712 "" "" 1232.06787 2022.51025 3425.07486 13.958 1434.6 6.6678 3275.5 6.1979 "" "" 0.005212406503766749 0.005766328 0.004301675 0.010068003 174.81988593042 -61.80308073185 1629.01526 -5.618999999999998 -0.4410000000000006 1.110254722595215 -1.443140760421753 0.2443856 0.22738561 "" "" 14.059383380311495 "" 3.287797006748634 ""
174.64120394957 -61.42087466792 0.0487 0.0409 20.2433 "" "" 5335668593778905216 1804.49658 0.534 0.0542 -6.569 -0.079 0.063 0.057 1.089 5259.4 4.7502 16.851925 1.138348 17.27287 16.134521 "" "" 1647.16675 1979.63171 3421.18746 2.3242 1683.7 8.3143 2788.4 18.098 "" "" 0.0028523399385669635 0.0060440544 0.007996432 0.014040486 174.64120394957 -61.42087466792 1804.49658 -6.569 -0.07900000000000029 0.1602547225952149 -1.0811407604217529 0.1643856 0.1583856 "" "" 9.348372547409282 "" 1.4818758534766376 ""
174.51096579409 -61.96663510937 0.0434 0.0465 24.7363 "" "" 5334147659908787200 1751.73511 0.5641 0.0578 -5.428 1.334 0.057 0.057 1.259 6009.3 4.4908 16.852482 1.1604 17.321737 16.161337 "" "" 1588.23486 1968.4751 3419.43458 2.2843 1609.6 7.7148 2720.3 9.6404 "" "" 0.002849186329440866 0.0059047337 0.005393386 0.01129812 174.51096579409 -61.96663510937 1751.73511 -5.427999999999995 1.3339999999999999 1.301254722595215 0.33185923957824714 0.1583856 0.1583856 "" "" 11.15044335052195 "" 1.7660697118532531 ""
173.75371199417 -61.26549198375 0.0448 0.0443 22.665 "" "" 5335718277964594432 1787.59595 0.5475 0.056 -8.882 0.442 0.058 0.054 1.057 5002.9 4.7168 16.852522 1.104387 17.319061 16.214674 "" "" 1620.15833 1988.77051 3419.30666 2.3771 1613.6 8.1524 2589.9 13.042 "" "" 0.002856836910865519 0.0061543025 0.0066465656 0.012800869 173.75371199417 -61.26549198375 1787.59595 -8.881999999999998 0.44199999999999906 -2.152745277404785 -0.560140760421753 0.15938559 0.1553856 "" "" 18.848014917603436 "" 2.9993776730429254 ""
173.53651772036 -61.42231622175 0.0407 0.0428 18.8817 "" "" 5334225897065929472 1923.33704 0.4904 0.0507 -15.118 2.351 0.052 0.055 0.928 5227.8 4.6867 16.852589 1.032063 17.292522 16.26046 "" "" 1775.37476 2090.15454 3419.09433 1.8932 1653.5 8.1554 2483.0 8.9705 "" "" 0.0028201445815380505 0.0060383654 0.0054470017 0.011485367 173.53651772036 -61.42231622175 1923.33704 -15.11799999999999 2.350999999999997 -8.388745277404785 1.348859239578247 0.15338561 0.1563856 "" "" 77.45931775006667 "" 11.887057078131917 ""
174.62437161209 -61.49992627199 0.0421 0.0367 17.4975 "" "" 5335666532194548736 1773.17029 0.547 0.0478 -7.191 0.814 0.053 0.05 0.983 5142.8 4.6747 16.853067 1.16769 17.346445 16.178755 "" "" 1639.71497 1935.36804 3417.5864 2.0118 1573.4 7.6201 2677.0 10.286 "" "" 0.0028284761445844233 0.0059527163 0.00562917 0.011581887 174.62437161209 -61.49992627199 1773.17029 -7.191 0.814 -0.461745277404785 -0.18814076042175298 0.1543856 0.1513856 "" "" 4.1906779042247315 "" 0.6452052398407928 ""
173.18189830351 -61.66007997894 0.0451 0.0401 25.1983 "" "" 5334195866650830208 1574.27039 0.6216 0.0532 -6.038 0.886 0.058 0.049 0.958 5143.9 4.6676 16.853376 1.265654 17.409554 16.1439 "" "" 1478.3302 1692.75732 3416.6132 5.9371 1484.6 11.989 2764.4 14.741 "" "" 0.0033393751274693466 0.009201191 0.006914006 0.016115198 173.18189830351 -61.66007997894 1574.27039 -6.037999999999999 0.8859999999999999 0.6912547225952146 -0.11614076042175292 0.15938559 0.1503856 "" "" 5.230469470813519 "" 0.8324046449536047 ""
173.48426828559 -61.42008829971 0.0414 0.0435 20.1665 "" "" 5334226068864594560 2142.08667 0.4675 0.0528 -9.933 2.633 0.052 0.054 1.016 5528.8 4.7118 16.854483 0.980675 17.252634 16.27196 "" "" 1936.93225 2383.68188 3413.13544 2.0135 1715.4 5.9144 2456.8 9.2162 "" "" 0.00282878699612182 0.004668866 0.0055562975 0.010225164 173.48426828559 -61.42008829971 2142.08667 -9.933 2.633 -3.203745277404785 1.630859239578247 0.15338561 0.1553856 "" "" 36.501320276987364 "" 5.6138787391865765 ""
173.51476374098 -61.9031377082 0.039 0.0397 23.2781 "" "" 5334176728276255744 2082.96729 0.4623 0.0495 -7.379 2.983 0.05 0.051 0.984 5062.4 4.6214 16.855045 1.244822 17.406609 16.161787 "" "" 1905.37439 2316.38184 3411.37057 1.9673 1488.6 10.146 2719.2 8.3766 "" "" 0.0028255673475442197 0.0079086935 0.005046823 0.012955517 173.51476374098 -61.9031377082 2082.96729 -7.379000000000001 2.9829999999999997 -0.6497452774047847 1.9808592395782472 0.1513856 0.15238559 "" "" 20.582791099675305 "" 3.134527350771034 ""
174.19741505163 -61.96607100549 0.0424 0.0401 21.5015 "" "" 5334149854638718336 2027.96777 0.479 0.0521 -4.436 -1.047 0.055 0.054 0.976 4648.9 4.3673 16.855646 1.220598 17.38976 16.16916 "" "" 1854.65393 2253.25537 3409.48266 2.104 1511.9 10.945 2700.8 12.485 "" "" 0.002835613409946935 0.008340448 0.00628287 0.014623318 174.19741505163 -61.96607100549 2027.96777 -4.436 -1.047000000000002 2.293254722595215 -2.0491407604217526 0.1563856 0.1553856 "" "" 29.562348477757958 "" 4.610024473162935 ""
173.69214423167 -61.57210992893 0.0481 0.0385 10.8055 "" "" 5334211534693475200 1667.20117 0.5914 0.0552 -6.909 2.817 0.059 0.048 1.006 4998.2 4.5881 16.856274 1.13739 17.347523 16.210133 "" "" 1525.61389 1833.28027 3407.51148 3.0176 1571.8 8.7491 2600.8 10.008 "" "" 0.0029182647252904113 0.0066565196 0.0056337467 0.012290266 173.69214423167 -61.57210992893 1667.20117 -6.909 2.817 -0.17974527740478496 1.8148592395782472 0.16038561 0.1493856 "" "" 14.41215534199631 "" 2.1545645657574624 ""
174.42321486189 -61.80839616588 0.0513 0.0526 15.5873 "" "" 5334155111672636416 2056.71167 0.4761 0.0652 -7.016 0.417 0.07 0.072 1.345 7929.2 4.1569 16.85794 1.180073 17.331057 16.150984 "" "" 1788.87354 2389.68384 3402.28444 3.5799 1595.9 5.4758 2746.4 9.4826 "" "" 0.002982768111920174 0.004654377 0.005323246 0.009977623 174.42321486189 -61.80839616588 2056.71167 -7.016000000000005 0.41700000000000026 -0.28674527740478517 -0.5851407604217529 0.1713856 0.17338559 "" "" 6.352551199892978 "" 1.0989920780518185 ""
174.67957164914 -61.72653729907 0.0426 0.0383 18.8838 "" "" 5335657289423799424 1721.96008 0.5691 0.0503 -15.089 2.835 0.058 0.049 1.002 4886.0 4.626 16.859787 1.206583 17.388666 16.182083 "" "" 1585.53674 1905.93811 3396.5014 1.8834 1513.4 5.558 2668.9 7.3098 "" "" 0.0028203293708937687 0.004866658 0.004809016 0.009675674 174.67957164914 -61.72653729907 1721.96008 -15.089 2.835 -8.359745277404786 1.832859239578247 0.15938559 0.1503856 "" "" 69.85372413665492 "" 11.105621337142939 ""
