Clusters/ASCC_127/ASCC_127_members.tsv
# %ECSV 1.0
# ---
# datatype:
# - name: RA_ICRS_1
#   unit: deg
#   datatype: float64
#   format: '{:15.11f}'
#   description: Right ascension (ICRS) at Ep=2016.0 (ra)
#   meta: !!omap
#   - {ucd: POS_EQ_RA_MAIN}
#   - {width: 15}
#   - {precision: '11'}
# - name: DE_ICRS_1
#   unit: deg
#   datatype: float64
#   format: '{:15.11f}'
#   description: Declination (ICRS) at Ep=2016.0 (dec)
#   meta: !!omap
#   - {ucd: POS_EQ_DEC_MAIN}
#   - {width: 15}
#   - {precision: '11'}
# - name: e_RA_ICRS
#   unit: mas
#   datatype: float64
#   format: '{:7.4f}'
#   description: Standard error of right ascension (ra_error)
#   meta: !!omap
#   - {ucd: ERROR}
#   - {width: 7}
#   - {precision: '4'}
# - name: e_DE_ICRS
#   unit: mas
#   datatype: float64
#   format: '{:7.4f}'
#   description: Standard error of declination (dec_error)
#   meta: !!omap
#   - {ucd: ERROR}
#   - {width: 7}
#   - {precision: '4'}
# - name: _r_1
#   unit: ''
#   datatype: float64
#   format: '{:8.4f}'
#   description: Distance from center (347.18071668000+64.91510369000)[ICRS], at Epoch=J2016.0
#   meta: !!omap
#   - {ucd: POS_ANG_DIST_GENERAL}
#   - {width: 8}
#   - {precision: '4'}
# - name: HIP
#   datatype: int32
#   description: '? HIP cross-id number, van Leeuwen, Cat. I/311 (hip_original_ext_source_id)'
#   meta: !!omap
#   - {ucd: ID_NUMBER}
#   - {width: 6}
#   - values: {'null': -2147483648}
# - name: TYC2
#   datatype: string
#   description: Tycho-2 cross-id name, Hog et al., Cat. I/259 (tyc2_original_ext_source_id)
#   meta: !!omap
#   - {ucd: ID_CROSSID}
#   - {_votable_string_dtype: char}
# - name: Source
#   datatype: int64
#   description: Source identifier, identical to the Gaia-EDR3 source_id (id)
#   meta: !!omap
#   - {ucd: ID_MAIN}
#   - {width: 19}
# - name: rgeo
#   unit: pc
#   datatype: float64
#   format: '{:15.8f}'
#   description: '? Median of the geometric distance posterior (r_med_geo)'
#   meta: !!omap
#   - {ucd: PHYS_DISTANCE_TRUE}
#   - {width: 15}
#   - {precision: '8'}
#   - values: {'null': .nan}
# - name: Plx
#   unit: mas
#   datatype: float64
#   format: '{:9.4f}'
#   description: '? Parallax (parallax)'
#   meta: !!omap
#   - {ucd: POS_PARLX_TRIG}
#   - {width: 9}
#   - {precision: '4'}
#   - values: {'null': .nan}
# - name: e_Plx
#   unit: mas
#   datatype: float32
#   format: '{:7.4f}'
#   description: '? Standard error of parallax (parallax_error)'
#   meta: !!omap
#   - {ucd: ERROR}
#   - {width: 7}
#   - {precision: '4'}
#   - values: {'null': .nan}
# - name: pmRA
#   unit: mas / yr
#   datatype: float64
#   format: '{:9.3f}'
#   description: '? Proper motion in right ascension direction, pmRA*cosDE (pmra)'
#   meta: !!omap
#   - {ucd: POS_EQ_PMRA}
#   - {width: 9}
#   - {precision: '3'}
#   - values: {'null': .nan}
# - name: pmDE
#   unit: mas / yr
#   datatype: float64
#   format: '{:9.3f}'
#   description: '? Proper motion in declination direction (pmdec)'
#   meta: !!omap
#   - {ucd: POS_EQ_PMDEC}
#   - {width: 9}
#   - {precision: '3'}
#   - values: {'null': .nan}
# - name: e_pmRA
#   unit: mas / yr
#   datatype: float32
#   format: '{:6.3f}'
#   description: '? Standard error of proper motion in right ascension direction (pmra_error)'
#   meta: !!omap
#   - {ucd: ERROR}
#   - {width: 6}
#   - {precision: '3'}
#   - values: {'null': .nan}
# - name: e_pmDE
[...]
#         unit: &id001 !astropy.units.Unit {unit: deg}
#         value: !astropy.table.SerializedColumn {name: SkyCoord.dec}
#       distance: !astropy.table.SerializedColumn
#         __class__: astropy.coordinates.distances.Distance
#         unit: !astropy.units.Unit {unit: pc}
#         value: !astropy.table.SerializedColumn {name: SkyCoord.distance}
#       frame: icrs
#       obstime: !astropy.time.Time {format: jyear_str, in_subfmt: '*', jd1: 367701545.0, jd2: 0.0, out_subfmt: '*', precision: 3, scale: tt}
#       pm_dec: !astropy.table.SerializedColumn
#         __class__: astropy.units.quantity.Quantity
#         unit: !astropy.units.Unit {unit: mas / yr}
#         value: !astropy.table.SerializedColumn {name: SkyCoord.pm_dec}
#       pm_ra_cosdec: !astropy.table.SerializedColumn
#         __class__: astropy.units.quantity.Quantity
#         unit: !astropy.units.Unit {unit: mas / yr}
#         value: !astropy.table.SerializedColumn {name: SkyCoord.pm_ra_cosdec}
#       ra: !astropy.table.SerializedColumn
#         __class__: astropy.coordinates.angles.Longitude
#         unit: *id001
#         value: !astropy.table.SerializedColumn {name: SkyCoord.ra}
#         wrap_angle: !astropy.coordinates.Angle
#           unit: *id001
#           value: 360.0
#       representation_type: spherical
# schema: astropy-2.0
RA_ICRS_1 DE_ICRS_1 e_RA_ICRS e_DE_ICRS _r_1 HIP TYC2 Source rgeo Plx e_Plx pmRA pmDE e_pmRA e_pmDE RUWE Teff logg Gmag BP-RP BPmag RPmag RV e_RV b_rgeo B_rgeo FG e_FG FBP e_FBP FRP e_FRP RAVE5 RAVE6 e_Gmag e_BPmag e_RPmag e_BP-RP SkyCoord.ra SkyCoord.dec SkyCoord.distance SkyCoord.pm_ra_cosdec SkyCoord.pm_dec Pmemb
348.99482910219 64.80885156563 0.016 0.0162 46.6739 "" 4287-661-1 2207887312137987712 379.942566 2.6121 0.0188 7.606 -2.05 0.021 0.02 0.869 12330.3 3.9846 8.511939 0.079917 8.525197 8.44528 "" "" 377.208466 382.878479 7416027.16448 2180.2 5313000.0 2343.3 3319300.0 914.6 "" "" 0.002773746864905661 0.0028309643 0.0037912037 0.0066221682 348.99482910219 64.80885156563 379.942566 7.606000000000001 -2.0500000000000003 1.0
347.40685031304 64.89498143241 0.0123 0.0135 5.8798 114356 4287-1699-1 2208672157281828992 372.480774 2.6677 0.0149 7.428 -1.801 0.015 0.016 1.025 10302.0 3.9804 9.14187 0.207392 9.204997 8.997605 -14.46 2.05 370.650055 374.682007 4151441.45201 886.49 2840700.0 1017.2 1995800.0 691.05 "" "" 0.002765057301267654 0.002817126 0.0037980333 0.006615159 347.40685031304 64.89498143241 372.480774 7.428000000000001 -1.8009999999999997 1.0
346.32205592522 65.13064133325 0.0113 0.0125 25.3078 114004 4286-503-1 2208797883864632064 384.219574 2.588 0.0139 7.31 -1.908 0.014 0.016 0.976 "" "" 9.517479 0.25642 9.599949 9.343529 -9.69 3.01 382.113861 385.871613 2937345.78473 735.3 1974400.0 1077.0 1451300.0 319.64 "" "" 0.0027686927090380038 0.0028523337 0.0037869392 0.006639273 346.32205592522 65.13064133325 384.219574 7.309999999999999 -1.9080000000000004 1.0
347.89148928178 65.37171039382 0.0104 0.0096 32.7397 "" 4287-491-1 2208911167923427328 371.599518 2.6787 0.0121 7.629 -1.843 0.014 0.013 0.795 9729.1 4.2079 10.025537 0.28847 10.12291 9.834439 -17.69 2.04 369.902893 373.672089 1839636.34448 402.18 1219700.0 340.06 923380.0 178.89 "" "" 0.002765525362827432 0.0028065427 0.0037852307 0.0065917736 347.89148928178 65.37171039382 371.599518 7.629 -1.8430000000000002 1.0
347.31845664767 65.22869772138 0.0135 0.0135 19.1353 "" "" 2208885123241206144 375.715942 2.6488 0.0161 7.57 -1.715 0.018 0.016 1.028 9189.0 4.2234 10.098035 0.271539 10.191589 9.920051 -23.98 2.79 373.279297 377.836487 1720809.4051 571.92 1144900.0 567.55 853370.0 311.07 "" "" 0.0027788490764801455 0.002841607 0.0038000478 0.0066416548 347.31845664767 65.22869772138 375.715942 7.569999999999999 -1.7149999999999999 1.0
344.35754307717 64.99666013017 0.012 0.0117 71.8664 "" 4286-1262-1 2208828360951629952 388.959381 2.5557 0.0134 6.839 -1.712 0.015 0.014 1.033 7404.2 3.8889 10.242827 0.63583 10.483513 9.847683 -17.2 1.56 386.95752 391.364624 1505968.60706 317.71 875010.0 296.66 912190.0 161.58 "" "" 0.002764824672493066 0.002814347 0.003784272 0.006598619 344.35754307717 64.99666013017 388.959381 6.8389999999999995 -1.7120000000000004 0.9
347.28406271852 65.02520168861 0.0156 0.016 7.1078 "" 4287-1673-1 2208688619899535104 367.65918 2.7126 0.0187 7.8 -1.718 0.019 0.018 1.424 8145.8 4.2134 10.695407 0.516882 10.883979 10.367097 -14.33 0.61 365.165894 370.23172 992621.80289 207.49 605100.0 265.74 565350.0 127.2 "" "" 0.0027646514217510984 0.0028306192 0.0037872684 0.006617888 347.28406271852 65.02520168861 367.65918 7.8 -1.718 1.0
347.74392481162 64.95247618824 0.0093 0.01 14.4912 "" 4287-1947-1 2208677693502884352 371.96936 2.6751 0.0112 7.544 -1.77 0.012 0.012 0.935 7833.2 4.1715 10.74534 0.536551 10.943455 10.406903 -17.44 3.4 370.247498 373.60849 948004.57859 219.97 572840.0 384.34 545000.0 276.05 "" "" 0.002766813578136656 0.0028836965 0.0038191834 0.00670288 347.74392481162 64.95247618824 371.96936 7.544000000000001 -1.77 1.0
346.9827352953 65.34858735019 0.008 0.0087 26.4844 "" 4286-25-1 2208899210733802496 379.949066 2.6125 0.01 7.674 -1.351 0.011 0.01 0.709 7286.5 4.1218 10.860381 0.612967 11.090411 10.477444 -33.17 4.38 378.732361 381.226868 852696.01655 634.11 500330.0 1353.5 510720.0 798.58 "" "" 0.0028711847575498823 0.0040511596 0.0041431747 0.008194335 346.9827352953 65.34858735019 379.949066 7.674000000000001 -1.3509999999999995 0.8
344.79182915061 65.39883982132 0.0107 0.01 66.843 "" 4286-1258-1 2211845691435933056 381.263245 2.5914 0.0125 7.48 -1.437 0.015 0.012 0.879 8080.7 4.2287 10.999619 0.661217 11.246551 10.585334 -14.17 1.76 379.309875 383.043976 750064.89344 132.11 433310.0 227.99 462410.0 143.16 "" "" 0.0027619484389194257 0.0028480515 0.0037943006 0.006642352 344.79182915061 65.39883982132 381.263245 7.480000000000001 -1.4370000000000007 1.0
348.12767387406 64.31118202124 0.0104 0.011 43.661 "" 4287-1060-1 2207836223509680896 370.977905 2.6578 0.0124 7.037 -2.635 0.015 0.013 0.792 7489.3 4.1156 11.063481 0.629264 11.30012 10.670856 -6.25 3.37 368.940033 372.832489 707219.39907 193.1 412450.0 263.37 427380.0 156.25 "" "" 0.002771222184536808 0.0028750147 0.00380017 0.0066751847 348.12767387406 64.31118202124 370.977905 7.037 -2.6350000000000007 1.0
346.33550915174 65.52710431366 0.0105 0.0099 42.4269 "" 4286-259-1 2208869970591119360 379.867432 2.5949 0.0114 7.463 -1.78 0.015 0.012 0.838 6876.0 4.1423 11.118011 0.666303 11.372129 10.705827 -9.47 1.43 378.304169 381.77655 672577.16758 138.22 385980.0 189.41 413840.0 107.35 "" "" 0.0027643399352713415 0.0028405846 0.0037898612 0.006630446 346.33550915174 65.52710431366 379.867432 7.462999999999999 -1.7800000000000002 1.0
345.71368990965 64.75285604199 0.0328 0.0356 38.6747 "" 4286-260-1 2208774244364355072 390.933685 2.5168 0.0378 8.917 -2.433 0.044 0.043 2.559 "" "" 11.222147 0.908242 11.58892 10.680677 -16.97 3.54 384.275513 396.352203 611065.87545 239.83 316120.0 233.03 423530.0 285.56 "" "" 0.0027880771532678003 0.002902692 0.0038496254 0.0067523173 345.71368990965 64.75285604199 390.933685 8.917000000000002 -2.4330000000000007 0.9
347.39379220448 65.21853476279 0.0095 0.0094 18.9868 "" "" 2208884917082795648 375.358337 2.6168 0.0112 7.224 -1.865 0.012 0.012 0.835 6331.0 4.2042 11.695908 0.775871 12.000762 11.224891 -13.66 0.97 373.764526 376.759186 394987.86516 49.021 216330.0 101.7 256570.0 72.808 "" "" 0.002758613140869087 0.0028364728 0.0037919197 0.0066283923 347.39379220448 65.21853476279 375.358337 7.223999999999999 -1.8649999999999993 1.0
348.41291969451 64.80142443515 0.0095 0.0099 32.1422 "" "" 2208634842608031232 366.468811 2.6924 0.011 7.837 -1.926 0.013 0.015 0.884 5958.9 4.1447 11.9212 0.822127 12.249029 11.426902 -15.56 3.84 365.222839 367.853333 320971.73793 133.32 172110.0 229.6 213010.0 195.21 "" "" 0.0027919828431429493 0.0031437122 0.0039081667 0.0070518786 348.41291969451 64.80142443515 366.468811 7.8370000000000015 -1.9260000000000004 1.0
347.23152416951 64.81041329077 0.0078 0.008 6.4135 "" "" 2208670684116258432 379.537994 2.608 0.009 7.502 -1.784 0.01 0.01 0.898 6086.2 4.2055 12.027321 0.928299 12.405466 11.477167 -10.43 1.82 378.359467 380.689545 291084.05722 44.793 149020.0 86.775 203370.0 71.246 "" "" 0.002760381140995168 0.0028609023 0.0037984739 0.0066593764 347.23152416951 64.81041329077 379.537994 7.501999999999998 -1.7840000000000007 1.0
348.16752324567 64.87283133983 0.0081 0.0081 25.2493 "" "" 2208650613725873536 373.926636 2.6525 0.0092 7.572 -1.796 0.012 0.011 0.862 5617.2 3.9719 12.038215 1.040473 12.471367 11.430894 -17.23 4.31 372.758301 375.19339 288177.98979 313.83 140240.0 563.61 212230.0 623.41 "" "" 0.0029983024288206205 0.00517927 0.0049452167 0.010124487 348.16752324567 64.87283133983 373.926636 7.572 -1.796 1.0
348.51217384468 65.20498044269 0.0078 0.008 37.91 "" 4287-1099-1 2208706139061757184 372.094971 2.667 0.0091 7.694 -1.844 0.011 0.011 0.909 5644.8 4.1801 12.112287 1.018471 12.53426 11.515789 -12.39 1.83 370.796875 373.533203 269173.32015 170.52 132350.0 333.64 196260.0 407.45 "" "" 0.0028398715030750537 0.0039084964 0.0044005164 0.008309012 348.51217384468 65.20498044269 372.094971 7.694000000000001 -1.844 1.0
347.19907942231 64.84898349943 0.0091 0.0096 3.9947 "" "" 2208671783627845120 375.846832 2.6491 0.0107 8.017 -2.621 0.012 0.012 1.082 "" "" 12.314384 1.033622 12.740063 11.706441 -12.99 1.95 374.264496 377.244812 223456.54647 72.056 109490.0 138.2 164660.0 141.97 "" "" 0.0027774745065614506 0.0031085585 0.0038935912 0.0070021497 347.19907942231 64.84898349943 375.846832 8.017 -2.6209999999999996 0.8
347.46967257718 65.13454502889 0.0144 0.0159 15.0646 "" "" 2208695835444555776 373.742706 2.6678 0.0187 7.43 -2.03 0.02 0.018 1.613 5148.6 4.1415 12.395588 1.171658 12.899022 11.727365 -16.21 2.89 371.154175 376.239105 207353.6496 160.43 94582.0 247.94 161510.0 350.74 "" "" 0.002880529608842501 0.0039856983 0.0044545517 0.0084402505 347.46967257718 65.13454502889 373.742706 7.429999999999999 -2.03 1.0
347.830666409 64.45270490538 0.0093 0.0092 32.3694 "" "" 2208602819331888384 370.163269 2.6874 0.0109 7.592 -1.904 0.013 0.011 0.945 5455.0 4.3345 12.718792 0.978585 13.124104 12.145519 -12.24 1.69 368.533264 371.84314 153967.78333 186.16 76873.0 326.99 109890.0 346.75 "" "" 0.003052063642930822 0.0053957407 0.005101073 0.010496814 347.830666409 64.45270490538 370.163269 7.591999999999999 -1.9040000000000006 1.0
348.39588433873 65.0298655148 0.011 0.0118 31.6035 "" "" 2208654157081389312 377.968506 2.6315 0.0128 7.432 -1.84 0.014 0.017 1.035 5201.6 4.2488 12.889516 1.217769 13.423548 12.205779 -12.91 2.18 375.967163 379.856812 131565.00957 150.05 58344.0 241.05 103960.0 327.4 "" "" 0.0030207837171340106 0.0052827094 0.005096598 0.010379307 348.39588433873 65.0298655148 377.968506 7.431999999999999 -1.8400000000000003 1.0
346.72610491147 65.21849561532 0.0093 0.0091 21.531 "" "" 2208893713175703296 373.473236 2.6511 0.0111 7.578 -1.522 0.012 0.011 1.039 5115.9 4.2515 13.06395 1.243566 13.609 12.365435 -8.42 3.59 372.103302 374.862762 112038.44317 216.38 49183.0 322.37 89740.0 478.65 "" "" 0.003462471807090975 0.007643888 0.0069151884 0.014559076 346.72610491147 65.21849561532 373.473236 7.578 -1.5220000000000002 1.0
346.81133412313 64.98885708895 0.0086 0.0088 10.3744 "" "" 2208874987118449280 370.39505 2.671 0.0101 7.336 -1.91 0.012 0.012 0.989 5625.9 4.3247 13.129824 1.188302 13.642975 12.454673 -16.96 2.28 368.695496 371.754883 105442.88959 142.14 47668.0 219.49 82659.0 273.97 "" "" 0.0031199236182296087 0.0057252413 0.0052186074 0.010943849 346.81133412313 64.98885708895 370.39505 7.336 -1.9100000000000006 1.0
347.30800532274 65.51004363234 0.0103 0.0098 35.8397 "" "" 2208906941675166848 385.226624 2.5674 0.0115 7.222 -1.836 0.015 0.013 0.932 4893.7 4.2688 13.471572 1.359353 14.078506 12.719153 -64.19 7.99 383.416992 386.943054 76969.35636 119.29 31916.0 186.32 64788.0 282.39 "" "" 0.003228516429784838 0.006925285 0.0060563264 0.012981611 347.30800532274 65.51004363234 385.226624 7.222000000000001 -1.8359999999999996 1.0
347.14673284542 64.71894002024 0.0093 0.0092 11.8018 "" "" 2208665633234772864 376.022614 2.6322 0.0108 7.419 -1.647 0.013 0.012 1.062 4910.9 4.2871 13.508901 1.364407 14.118694 12.754288 -4.2 4.37 374.717682 377.457581 74368.0652 75.079 30757.0 105.86 62725.0 176.22 "" "" 0.002965342924503907 0.004663638 0.0048567373 0.009520375 347.14673284542 64.71894002024 376.022614 7.4190000000000005 -1.6469999999999994 1.0
345.05445043149 63.73517215653 0.0115 0.0122 89.808 "" "" 2208471191472046336 375.049561 2.6356 0.0136 7.224 -1.715 0.015 0.016 1.001 4782.2 4.3152 14.070255 1.543081 14.782845 13.239763 -3.82 5.96 373.640778 377.252686 44344.98556 107.51 16683.0 147.15 40110.0 259.16 "" "" 0.003810587560062499 0.009974764 0.007968479 0.017943243 345.05445043149 63.73517215653 375.049561 7.224000000000001 -1.7150000000000005 1.0
347.87962259484 64.53014055592 0.0128 0.0123 29.2252 "" "" 2208604266740868608 380.331543 2.5983 0.0148 7.297 -1.924 0.017 0.014 1.059 4629.0 4.3421 14.135887 1.511615 14.828591 13.316977 -13.33 4.95 377.939697 382.658997 41743.79461 53.557 15995.0 75.708 37357.0 131.53 "" "" 0.0030874286948132934 0.0058476287 0.005375614 0.011223243 347.87962259484 64.53014055592 380.331543 7.297000000000001 -1.9239999999999995 1.0
346.11061791378 65.82604799451 0.0133 0.0137 60.8529 "" "" 2211882563735356160 379.042969 2.6089 0.0149 7.431 -1.051 0.017 0.017 0.95 4700.5 4.341 14.220475 1.557926 14.94455 13.386623 -13.21 3.87 376.977112 381.343842 38615.03944 47.512 14375.0 63.178 35036.0 114.9 "" "" 0.003062090008008232 0.0055276696 0.005192493 0.010720163 346.11061791378 65.82604799451 379.042969 7.431 -1.0509999999999997 0.8
348.85172187644 64.38500220924 0.013 0.0138 53.4226 "" "" 2207857629627366272 369.593292 2.6765 0.0158 7.706 -1.962 0.018 0.019 0.946 4633.9 4.3644 14.418845 1.604616 15.171154 13.566538 -52.53 5.92 367.618561 371.580231 32166.84721 85.623 11667.0 118.51 29685.0 212.03 "" "" 0.003993020535104918 0.011376067 0.008626964 0.020003032 348.85172187644 64.38500220924 369.593292 7.706000000000001 -1.9619999999999997 1.0
346.67800761277 65.41369102594 0.0179 0.0163 32.487 "" "" 2208946524094820864 366.6745 2.7013 0.0212 7.709 -0.91 0.023 0.019 1.221 4809.1 4.2423 14.490231 1.692747 15.290246 13.597499 31.02 6.87 363.487183 369.568787 30119.97928 30.212 10455.0 40.632 28851.0 69.859 "" "" 0.0029627396760208836 0.00505864 0.004603826 0.009662466 346.67800761277 65.41369102594 366.6745 7.708999999999999 -0.9099999999999999 0.8
347.07511477511 64.86097004681 0.0147 0.0146 4.2167 "" "" 2208682332067486592 374.565399 2.6406 0.0169 7.417 -1.733 0.019 0.019 1.014 4236.7 4.2884 14.856692 1.828077 15.751617 13.92354 3.45 5.82 371.719879 377.074127 21491.66084 31.861 6835.5 36.666 21367.0 80.536 "" "" 0.003191010973255816 0.0064578187 0.005570539 0.012028357 347.07511477511 64.86097004681 374.565399 7.417 -1.733 1.0
346.12804734261 64.18816531751 0.0185 0.0168 51.3692 "" "" 2208510533372824064 356.19632 2.7755 0.0209 7.649 -2.177 0.024 0.02 1.071 3754.5 4.0836 14.923333 1.912589 15.858151 13.945561 -14.79 6.67 353.791351 358.614502 20212.20055 19.126 6196.6 29.877 20938.0 63.725 "" "" 0.0029406321103097872 0.005932045 0.0050202697 0.010952314 346.12804734261 64.18816531751 356.19632 7.648999999999999 -2.1770000000000005 0.8
347.29794585739 65.24548357126 0.0175 0.0181 20.0431 "" "" 2208888078178694016 375.347107 2.636 0.0213 6.979 -1.845 0.023 0.021 1.013 5195.5 4.2572 14.933809 2.084161 15.990693 13.906532 32.84 11.5 372.524872 378.084167 20018.11643 17.465 5484.5 27.998 21704.0 52.956 "" "" 0.0029136047848274072 0.006205285 0.004615355 0.01082064 347.29794585739 65.24548357126 375.347107 6.978999999999999 -1.8449999999999998 1.0
345.72951855181 64.14332651146 0.0254 0.0242 59.5491 "" "" 2208487649787026176 372.759186 2.6562 0.029 7.18 -1.745 0.034 0.029 1.359 5725.8 4.4915 15.146886 2.080879 16.205893 14.125013 -0.24 7.3 368.415222 375.992432 16451.00352 11.115 4498.4 14.604 17748.0 36.81 "" "" 0.002851300376778222 0.004495494 0.004399385 0.008894879 345.72951855181 64.14332651146 372.759186 7.1800000000000015 -1.7449999999999999 1.0
347.35730811677 65.18031239774 0.0204 0.021 16.5284 "" "" 2208883989369876992 375.303528 2.6238 0.0247 7.43 -1.75 0.027 0.025 0.957 3724.6 4.026 15.427726 2.376432 16.684412 14.30798 -31.97 12.86 371.92691 379.149384 12701.54036 24.091 2895.0 27.707 14996.0 105.34 "" "" 0.0034398497965321437 0.010759268 0.00851186 0.019271128 347.35730811677 65.18031239774 375.303528 7.43 -1.7500000000000004 1.0
344.88344147588 65.75170915533 0.0229 0.0205 76.3378 "" "" 2211913792437992832 369.031403 2.6648 0.0243 7.205 -1.557 0.03 0.025 0.974 3841.1 4.0984 15.519979 2.462419 16.85274 14.390321 8.65 6.19 365.017334 372.779694 11666.9004 9.9795 2479.3 12.353 13900.0 31.53 "" "" 0.002907624739501556 0.0060868016 0.004511012 0.010597814 344.88344147588 65.75170915533 369.031403 7.205 -1.5570000000000008 1.0
347.49562173215 64.88591203497 0.0218 0.0236 8.2039 "" "" 2208677040667853696 379.194061 2.6043 0.0265 7.53 -1.827 0.027 0.027 1.079 4073.9 4.3854 15.585519 2.12021 16.667252 14.547042 "" "" 374.785492 382.521698 10983.46509 18.792 2941.1 22.375 12032.0 52.74 "" "" 0.003323034511680698 0.008718478 0.006077248 0.014795726 347.49562173215 64.88591203497 379.194061 7.530000000000001 -1.826999999999999 1.0
