Clusters/ASCC_127/ASCC_127_stars_in_region.tsv
# %ECSV 1.0
# ---
# datatype:
# - name: RA_ICRS_1
#   unit: deg
#   datatype: float64
#   format: '{:15.11f}'
#   description: Right ascension (ICRS) at Ep=2016.0 (ra)
#   meta: !!omap
#   - {ucd: POS_EQ_RA_MAIN}
#   - {width: 15}
#   - {precision: '11'}
# - name: DE_ICRS_1
#   unit: deg
#   datatype: float64
#   format: '{:15.11f}'
#   description: Declination (ICRS) at Ep=2016.0 (dec)
#   meta: !!omap
#   - {ucd: POS_EQ_DEC_MAIN}
#   - {width: 15}
#   - {precision: '11'}
# - name: e_RA_ICRS
#   unit: mas
#   datatype: float64
#   format: '{:7.4f}'
#   description: Standard error of right ascension (ra_error)
#   meta: !!omap
#   - {ucd: ERROR}
#   - {width: 7}
#   - {precision: '4'}
# - name: e_DE_ICRS
#   unit: mas
#   datatype: float64
#   format: '{:7.4f}'
#   description: Standard error of declination (dec_error)
#   meta: !!omap
#   - {ucd: ERROR}
#   - {width: 7}
#   - {precision: '4'}
# - name: _r_1
#   unit: ''
#   datatype: float64
#   format: '{:8.4f}'
#   description: Distance from center (347.18071668000+64.91510369000)[ICRS], at Epoch=J2016.0
#   meta: !!omap
#   - {ucd: POS_ANG_DIST_GENERAL}
#   - {width: 8}
#   - {precision: '4'}
# - name: HIP
#   datatype: int32
#   description: '? HIP cross-id number, van Leeuwen, Cat. I/311 (hip_original_ext_source_id)'
#   meta: !!omap
#   - {ucd: ID_NUMBER}
#   - {width: 6}
#   - values: {'null': -2147483648}
# - name: TYC2
#   datatype: string
#   description: Tycho-2 cross-id name, Hog et al., Cat. I/259 (tyc2_original_ext_source_id)
#   meta: !!omap
#   - {ucd: ID_CROSSID}
#   - {_votable_string_dtype: char}
# - name: Source
#   datatype: int64
#   description: Source identifier, identical to the Gaia-EDR3 source_id (id)
#   meta: !!omap
#   - {ucd: ID_MAIN}
#   - {width: 19}
# - name: rgeo
#   unit: pc
#   datatype: float64
#   format: '{:15.8f}'
#   description: '? Median of the geometric distance posterior (r_med_geo)'
#   meta: !!omap
#   - {ucd: PHYS_DISTANCE_TRUE}
#   - {width: 15}
#   - {precision: '8'}
#   - values: {'null': .nan}
# - name: Plx
#   unit: mas
#   datatype: float64
#   format: '{:9.4f}'
#   description: '? Parallax (parallax)'
#   meta: !!omap
#   - {ucd: POS_PARLX_TRIG}
#   - {width: 9}
#   - {precision: '4'}
#   - values: {'null': .nan}
# - name: e_Plx
#   unit: mas
#   datatype: float32
#   format: '{:7.4f}'
#   description: '? Standard error of parallax (parallax_error)'
#   meta: !!omap
#   - {ucd: ERROR}
#   - {width: 7}
#   - {precision: '4'}
#   - values: {'null': .nan}
# - name: pmRA
#   unit: mas / yr
#   datatype: float64
#   format: '{:9.3f}'
#   description: '? Proper motion in right ascension direction, pmRA*cosDE (pmra)'
#   meta: !!omap
#   - {ucd: POS_EQ_PMRA}
#   - {width: 9}
#   - {precision: '3'}
#   - values: {'null': .nan}
# - name: pmDE
#   unit: mas / yr
#   datatype: float64
#   format: '{:9.3f}'
#   description: '? Proper motion in declination direction (pmdec)'
#   meta: !!omap
#   - {ucd: POS_EQ_PMDEC}
#   - {width: 9}
#   - {precision: '3'}
#   - values: {'null': .nan}
# - name: e_pmRA
#   unit: mas / yr
#   datatype: float32
#   format: '{:6.3f}'
#   description: '? Standard error of proper motion in right ascension direction (pmra_error)'
#   meta: !!omap
#   - {ucd: ERROR}
#   - {width: 6}
#   - {precision: '3'}
#   - values: {'null': .nan}
# - name: e_pmDE
[...]
#         unit: &id001 !astropy.units.Unit {unit: deg}
#         value: !astropy.table.SerializedColumn {name: SkyCoord.dec}
#       distance: !astropy.table.SerializedColumn
#         __class__: astropy.coordinates.distances.Distance
#         unit: !astropy.units.Unit {unit: pc}
#         value: !astropy.table.SerializedColumn {name: SkyCoord.distance}
#       frame: icrs
#       obstime: !astropy.time.Time {format: jyear_str, in_subfmt: '*', jd1: 367701545.0, jd2: 0.0, out_subfmt: '*', precision: 3, scale: tt}
#       pm_dec: !astropy.table.SerializedColumn
#         __class__: astropy.units.quantity.Quantity
#         unit: !astropy.units.Unit {unit: mas / yr}
#         value: !astropy.table.SerializedColumn {name: SkyCoord.pm_dec}
#       pm_ra_cosdec: !astropy.table.SerializedColumn
#         __class__: astropy.units.quantity.Quantity
#         unit: !astropy.units.Unit {unit: mas / yr}
#         value: !astropy.table.SerializedColumn {name: SkyCoord.pm_ra_cosdec}
#       ra: !astropy.table.SerializedColumn
#         __class__: astropy.coordinates.angles.Longitude
#         unit: *id001
#         value: !astropy.table.SerializedColumn {name: SkyCoord.ra}
#         wrap_angle: !astropy.coordinates.Angle
#           unit: *id001
#           value: 360.0
#       representation_type: spherical
# schema: astropy-2.0
RA_ICRS_1 DE_ICRS_1 e_RA_ICRS e_DE_ICRS _r_1 HIP TYC2 Source rgeo Plx e_Plx pmRA pmDE e_pmRA e_pmDE RUWE Teff logg Gmag BP-RP BPmag RPmag RV e_RV b_rgeo B_rgeo FG e_FG FBP e_FBP FRP e_FRP RAVE5 RAVE6 e_Gmag e_BPmag e_RPmag e_BP-RP SkyCoord.ra SkyCoord.dec SkyCoord.distance SkyCoord.pm_ra_cosdec SkyCoord.pm_dec
[from data line 1552]
346.24067356944 65.38267945341 0.0343 0.0318 36.727 "" "" 2208856226700262912 436.160034 2.2633 0.0369 17.448 16.495 0.044 0.043 0.986 4405.7 4.6624 16.178555 1.876594 17.10874 15.232145 "" "" 428.863739 443.676422 6360.9908 2.7449 1958.5 10.507 6401.8 12.019 "" "" 0.0027948699984830096 0.006458568 0.0042940453 0.010752613 346.24067356944 65.38267945341 436.160034 17.448 16.495
350.63329892049 63.8101269241 0.028 0.0289 111.4616 "" "" 2209029331064828672 414.883087 2.3953 0.0333 -0.031 -3.236 0.038 0.035 0.978 4250.7 4.6216 16.182053 1.908545 17.128273 15.219728 "" "" 409.211304 419.550903 6340.52778 2.5323 1923.6 7.8075 6475.4 8.9884 "" "" 0.0027892328362748306 0.005215819 0.0040687905 0.00928461 350.63329892049 63.8101269241 414.883087 -0.031000000000000083 -3.2359999999999998
349.50000266825 64.3163761445 0.0316 0.0318 69.6301 "" "" 2207801107856576384 381.180267 2.594 0.037 7.666 -2.186 0.046 0.042 1.031 "" "" 16.186142 2.412852 17.440964 15.028111 "" "" 375.512177 387.226349 6316.69786 5.5816 1442.2 21.804 7725.3 33.5 "" "" 0.0029175690050410024 0.016650224 0.006037446 0.02268767 349.50000266825 64.3163761445 381.180267 7.666000000000002 -2.1860000000000004
345.09360896466 65.4262977873 0.0376 0.0308 60.8717 "" "" 2211846726527903872 374.561737 2.6327 0.0396 7.389 -1.008 0.05 0.039 1.218 3591.8 4.0041 16.187134 2.760776 17.735535 14.974758 "" "" 368.162628 380.056274 6310.92627 10.158 1099.5 12.381 8114.4 32.01 "" "" 0.003262799116166604 0.01254035 0.005712117 0.018252466 345.09360896466 65.4262977873 374.561737 7.388999999999999 -1.008
349.10700919548 63.58019740123 0.0317 0.0359 94.5252 "" "" 2207575398728443008 422.525391 2.3395 0.0393 8.135 -4.615 0.04 0.046 1.063 4304.1 4.5779 16.189882 1.920249 17.131401 15.211152 "" "" 414.336609 429.365051 6294.97383 3.3194 1918.0 9.5483 6526.8 19.071 "" "" 0.0028141726164359923 0.006082753 0.0049343985 0.011017151 349.10700919548 63.58019740123 422.525391 8.135000000000002 -4.614999999999998
346.97748868962 66.73196035461 0.0332 0.0311 109.1256 "" "" 2212075802903794048 405.66684 2.4316 0.0362 7.657 0.189 0.044 0.04 1.03 4333.6 4.6656 16.19126 1.984632 17.190659 15.206027 "" "" 400.074158 411.933167 6286.99452 2.9881 1816.2 9.0323 6557.6 9.8451 "" "" 0.002803226369133251 0.00607786 0.004115917 0.010193776 346.97748868962 66.73196035461 405.66684 7.657000000000001 0.18900000000000008
347.87710573251 65.16566431549 0.0348 0.0348 23.1706 "" "" 2208694117457978880 358.371582 2.7321 0.0408 7.789 -1.724 0.047 0.046 1.248 3577.4 4.1736 16.193363 2.947302 17.867323 14.920021 "" "" 353.439087 364.360107 6274.8238 9.2626 973.84 12.423 8533.9 36.865 "" "" 0.003187550377595513 0.014128673 0.0060234265 0.0201521 347.87710573251 65.16566431549 358.371582 7.789000000000001 -1.7239999999999995
345.54425910352 65.07205340705 0.0307 0.0291 42.5593 "" "" 2208841623811158656 351.074066 2.8228 0.0341 -4.641 -6.942 0.037 0.038 0.976 "" "" 16.196638 2.224468 17.349028 15.124559 "" "" 347.395966 354.920837 6255.92193 3.6783 1569.7 6.2839 7068.6 11.018 "" "" 0.0028283069202205517 0.0051649655 0.0041409926 0.009305958 345.54425910352 65.07205340705 351.074066 -4.640999999999998 -6.942
347.09873554455 64.84370805509 0.3898 0.3961 4.7656 "" "" 2208682057180623616 418.800598 2.8742 0.4537 7.448 -4.771 0.518 0.523 4.817 "" "" 16.202864 2.698822 17.318052 14.61923 "" "" 344.990204 524.258911 6220.15501 36.874 1615.1 44.32 11258.0 118.37 "" "" 0.007001363753952119 0.029924078 0.012025108 0.041949186 347.09873554455 64.84370805509 418.800598 7.4479999999999995 -4.771
352.06205623867 64.63712972883 0.0304 0.0282 125.8899 "" "" 2209134196988483328 318.188843 3.1135 0.0363 71.91 9.912 0.041 0.036 0.989 "" "" 16.215652 2.287894 17.41792 15.130025 "" "" 314.485352 321.083313 6147.31763 2.9731 1473.2 9.0104 7033.1 10.124 "" "" 0.0028049112645632027 0.00720295 0.004089788 0.011292738 352.06205623867 64.63712972883 318.188843 71.91 9.911999999999999
344.32592535327 63.29656820261 0.0299 0.0295 122.557 "" "" 2208069766648384128 353.725006 2.7963 0.0353 -23.046 -20.667 0.038 0.034 1.078 4292.6 4.6979 16.22046 1.809657 17.104223 15.294566 "" "" 348.381989 358.197113 6120.15319 2.604 1966.7 7.1602 6044.1 10.323 "" "" 0.0027937779288891287 0.0048384033 0.004209804 0.009048207 344.32592535327 63.29656820261 353.725006 -23.045999999999992 -20.667
346.83382300733 66.16650345203 0.0306 0.0284 75.5766 "" "" 2211998935874640256 418.769897 2.3591 0.0351 4.193 -5.537 0.039 0.038 1.062 4237.8 4.5513 16.221107 1.935289 17.176517 15.241228 "" "" 412.608002 425.865692 6116.50761 8.0657 1840.0 13.582 6348.4 23.134 "" "" 0.003105101610630808 0.00848619 0.0054715252 0.013957715 346.83382300733 66.16650345203 418.769897 4.193 -5.537
351.68653624861 65.38078424186 0.3101 0.3276 116.9786 "" "" 2209418455102704256 370.171631 2.8154 0.3661 12.881 -10.201 0.4 0.427 6.547 "" "" 16.221272 1.85856 16.861776 15.003217 "" "" 326.230225 421.75708 6115.59075 13.807 2458.7 9.1595 7904.4 11.198 "" "" 0.003687865166622181 0.004913753 0.0040803924 0.008994145 351.68653624861 65.38078424186 370.171631 12.880999999999998 -10.200999999999999
349.69820728814 63.33141669787 0.031 0.03 115.6312 "" "" 2015358535449818752 396.335724 2.4867 0.0363 5.993 -2.428 0.04 0.039 1.04 "" "" 16.222866 2.244878 17.368204 15.123326 "" "" 390.867889 400.818207 6106.60777 3.8726 1542.2 8.8125 7076.7 22.912 "" "" 0.0028400478503997633 0.006802691 0.0051614656 0.011964157 349.69820728814 63.33141669787 396.335724 5.993000000000001 -2.4279999999999995
344.51701675915 63.60137259756 0.0338 0.0332 105.0131 "" "" 2208094058983588608 347.243713 2.846 0.0378 8.223 20.036 0.047 0.043 1.035 "" "" 16.222961 2.117417 17.311167 15.193749 "" "" 343.771667 350.826508 6106.07408 3.2957 1625.4 6.242 6632.2 10.83 "" "" 0.0028169495626642563 0.0050169798 0.004174573 0.009191552 344.51701675915 63.60137259756 347.243713 8.223000000000003 20.036000000000005
344.70180238484 63.75317456322 0.0291 0.0309 94.9092 "" "" 2208100346815596288 320.829102 3.0952 0.0345 38.462 32.75 0.038 0.039 1.013 3923.2 4.6326 16.229246 2.07511 17.28181 15.2067 "" "" 317.850433 324.16153 6070.83782 3.208 1669.9 8.8564 6553.6 12.628 "" "" 0.0028144198778769173 0.0063986382 0.0043197847 0.010718423 344.70180238484 63.75317456322 320.829102 38.462 32.75000000000001
344.79951086713 64.58230949132 0.031 0.0294 64.1307 "" "" 2208755277788370176 359.692474 2.7513 0.0334 -11.323 -14.127 0.039 0.037 0.976 "" "" 16.229374 2.424368 17.533482 15.109114 "" "" 354.885223 363.235382 6070.11786 3.0777 1324.4 11.149 7169.9 9.6433 "" "" 0.002809774770289788 0.00955629 0.004051685 0.013607975 344.79951086713 64.58230949132 359.692474 -11.322999999999997 -14.126999999999999
348.39612455013 62.81947373574 0.0283 0.029 129.7694 "" "" 2015321530011201536 430.300537 2.2937 0.0333 -12.221 2.212 0.039 0.039 0.953 4081.4 4.5723 16.230097 1.9661 17.214024 15.247924 "" "" 423.333466 436.728333 6066.07733 2.641 1777.5 7.5103 6309.4 10.903 "" "" 0.002795573972863055 0.0053693396 0.0042194673 0.009588807 348.39612455013 62.81947373574 430.300537 -12.221 2.2119999999999993
347.27976056414 64.41900487781 0.0323 0.0298 29.8743 "" "" 2208599593816401920 316.604645 3.1197 0.0371 39.29 -1.606 0.045 0.038 1.011 3783.2 4.6845 16.239609 2.166453 17.358503 15.19205 "" "" 313.265594 320.258423 6013.1695 2.8742 1556.0 9.0638 6642.6 9.9039 "" "" 0.002803767785198862 0.006912607 0.004111476 0.011024082 347.27976056414 64.41900487781 316.604645 39.29 -1.6060000000000028
346.25257032995 64.9295677719 0.0313 0.033 23.6192 "" "" 2208783040457369600 415.659912 2.3703 0.0359 35.685 -7.857 0.039 0.042 1.109 3669.9 4.1199 16.240854 2.282 17.44487 15.16287 "" "" 409.420349 421.100922 6006.27229 2.9619 1437.0 7.7088 6823.5 12.654 "" "" 0.0028068590112408326 0.0064582634 0.004282264 0.010740528 346.25257032995 64.9295677719 415.659912 35.68500000000001 -7.857000000000001
344.18469898974 63.68354642239 0.034 0.0338 107.3924 "" "" 2208140066674069120 411.266418 2.3899 0.0381 -33.602 -20.339 0.042 0.04 1.028 4373.5 4.6552 16.243544 2.181144 17.38543 15.204286 "" "" 405.410248 416.846008 5991.41654 3.0216 1517.9 8.0824 6568.2 10.231 "" "" 0.002809201207129923 0.006419335 0.004140519 0.010559854 344.18469898974 63.68354642239 411.266418 -33.602 -20.339
344.00872870197 66.41766786784 0.0298 0.0294 119.4601 "" "" 2212195855829301888 319.511719 3.0975 0.034 -12.118 4.313 0.039 0.039 0.994 "" "" 16.245296 2.172204 17.369356 15.197152 "" "" 315.481171 322.952393 5981.75021 2.9136 1540.5 11.183 6611.5 9.9966 "" "" 0.002805612819141974 0.008361012 0.004120521 0.012481533 344.00872870197 66.41766786784 319.511719 -12.118 4.312999999999999
346.49744769298 65.13154335135 0.0297 0.031 21.6401 "" "" 2208798433620465152 357.231079 2.7735 0.0352 7.531 -1.356 0.039 0.043 0.978 3571.1 4.1946 16.250874 2.524087 17.617334 15.093247 "" "" 353.034912 361.082764 5951.10596 16.179 1226.0 18.935 7275.4 45.803 "" "" 0.0040378913715675285 0.016999235 0.0078106252 0.02480986 346.49744769298 65.13154335135 357.231079 7.531 -1.3559999999999999
349.60980550422 65.45583210431 0.0347 0.0324 69.2321 "" "" 2210214192280124800 411.649658 2.406 0.0389 -33.441 -8.217 0.044 0.038 0.991 4204.6 4.6374 16.255325 1.990199 17.25401 15.26381 "" "" 405.256653 417.183441 5926.753 3.2516 1713.2 7.387 6217.8 14.105 "" "" 0.0028189732717216853 0.0054499013 0.0045110965 0.009960998 349.60980550422 65.45583210431 411.649658 -33.441 -8.217000000000002
350.51064331893 64.19526700091 0.031 0.0291 96.0776 "" "" 2209099699810534016 355.036957 2.7884 0.0355 12.259 -6.397 0.039 0.035 1.029 "" "" 16.265717 2.107175 17.34651 15.239335 "" "" 350.539825 359.014862 5870.29486 2.7874 1573.3 11.806 6359.5 9.118 "" "" 0.002803136192319901 0.008611858 0.0040874192 0.012699277 350.51064331893 64.19526700091 355.036957 12.258999999999999 -6.3969999999999985
348.39334937499 66.0900688427 0.0322 0.0338 76.6787 "" "" 2208994971326563328 402.688477 2.4516 0.0381 -17.698 -30.773 0.041 0.04 1.014 4172.9 4.6274 16.268297 1.929541 17.229483 15.299942 "" "" 397.263184 408.564301 5856.35773 2.7036 1752.4 7.0772 6014.2 8.6542 "" "" 0.0028005398257294105 0.005197284 0.0040895734 0.009286857 348.39334937499 66.0900688427 402.688477 -17.698 -30.77300000000001
349.77151580255 64.30764343305 0.0334 0.0322 75.9561 "" "" 2209298608332998656 366.395905 2.6903 0.0383 7.689 -2.126 0.045 0.04 1.045 3554.1 4.1812 16.268314 2.526377 17.638065 15.111689 "" "" 359.955902 371.675049 5856.27161 5.8036 1202.8 9.2045 7152.9 21.911 "" "" 0.0029579558541269458 0.0087646395 0.005034391 0.01379903 349.77151580255 64.30764343305 366.395905 7.689 -2.1259999999999994
349.05037197388 66.69821176913 0.0392 0.0348 116.4335 "" "" 2213526952092320768 298.928253 3.3104 0.0427 0.473 -5.944 0.051 0.044 1.213 "" "" 16.269524 2.461546 17.585564 15.124018 "" "" 294.123383 302.731506 5849.7481 4.4688 1262.4 8.235 7072.1 9.3914 "" "" 0.0028774534226255898 0.0076123485 0.0040450618 0.01165741 349.05037197388 66.69821176913 298.928253 0.473 -5.944
343.84551352194 65.48211717757 0.0288 0.0324 90.5602 "" "" 2211906271954344448 306.74057 3.2224 0.0347 9.22 -26.501 0.037 0.039 1.035 3898.5 4.7582 16.270287 1.992465 17.274967 15.282502 "" "" 304.198273 310.339325 5845.64584 2.6501 1680.5 9.1998 6111.6 9.9403 "" "" 0.002798939822059829 0.00656611 0.004171591 0.0107377 343.84551352194 65.48211717757 306.74057 9.22 -26.50100000000001
344.27438183662 63.50244163989 0.0342 0.0349 113.7351 "" "" 2208087496273270528 337.947571 2.9279 0.0397 -0.437 -24.892 0.045 0.041 1.077 4123.6 4.6883 16.271067 2.113889 17.36178 15.247891 "" "" 333.713226 342.989502 5841.44059 3.0807 1551.3 9.8879 6309.6 7.8896 "" "" 0.002814189714801648 0.0074617215 0.004015825 0.011477547 344.27438183662 63.50244163989 337.947571 -0.43700000000000117 -24.892
345.53982423838 65.10158145582 0.0317 0.0307 43.0724 "" "" 2208844647468121856 324.151367 3.0427 0.0362 -1.31 -18.72 0.038 0.038 1.009 3761.7 4.4593 16.272943 2.107981 17.356272 15.248291 "" "" 319.93219 328.267395 5831.35607 2.7875 1559.2 10.221 6307.3 12.507 "" "" 0.002803774812365607 0.007644681 0.0043495884 0.011994269 345.53982423838 65.10158145582 324.151367 -1.3099999999999996 -18.72
348.5528492102 63.19848076111 0.5064 0.48 109.1068 "" "" 2207496371335439488 364.490875 3.096 0.5793 -8.96 6.523 0.709 0.61 13.779 "" "" 16.280489 1.833442 16.86397 15.030528 "" "" 291.825287 453.495117 5790.97158 4.7969 2453.7 13.82 7708.1 27.019 "" "" 0.0028983853458589863 0.006721663 0.0053635677 0.012085231 348.5528492102 63.19848076111 364.490875 -8.960000000000003 6.5230000000000015
346.73886301346 65.16571522266 0.0375 0.0336 18.7417 "" "" 2208892613664115328 351.437103 2.8135 0.042 18.849 0.411 0.044 0.041 1.143 4062.8 4.682 16.280622 2.087271 17.334826 15.247555 "" "" 347.55899 356.659088 5790.25334 2.7989 1590.3 8.4857 6311.6 10.805 "" "" 0.0028048583119709403 0.0064302753 0.0042117094 0.010641985 346.73886301346 65.16571522266 351.437103 18.849 0.41100000000000153
347.28922359097 64.88399165675 0.0294 0.0307 3.3335 "" "" 2208671921066788608 331.304169 2.9868 0.0338 8.408 -2.434 0.036 0.038 1.028 3785.4 4.5329 16.283691 2.097664 17.35197 15.254307 "" "" 326.960388 334.99585 5773.90962 3.3176 1565.4 9.9505 6272.4 11.904 "" "" 0.002825061938597714 0.007444181 0.0043046023 0.011748783 347.28922359097 64.88399165675 331.304169 8.408000000000001 -2.4339999999999993
348.00714958271 63.43922002222 0.2921 0.2547 91.1471 "" "" 2207558489440684800 421.323303 2.4864 0.3381 -0.916 3.112 0.382 0.321 8.614 "" "" 16.284485 1.758964 16.848875 15.089911 "" "" 369.029572 478.723022 5769.69596 5.07 2488.1 16.975 7297.8 14.779 "" "" 0.002915824966922004 0.0079154745 0.0043724435 0.0122879185 348.00714958271 63.43922002222 421.323303 -0.9160000000000001 3.112
346.07901155615 64.51926677316 0.1827 0.1917 36.892 "" "" 2208578118978534272 333.18399 3.0132 0.1253 34.63 -1.265 0.218 0.238 1.841 "" "" 16.286238 "" "" "" "" "" 319.26413 348.060669 5760.39058 18.95 "" "" "" "" "" "" 0.004511010976063513 "" "" "" 346.07901155615 64.51926677316 333.18399 34.63000000000001 -1.2649999999999995
344.41212724072 64.83453787088 0.031 0.0306 70.6919 "" "" 2208822691594859264 351.05954 2.8156 0.0345 15.353 14.484 0.041 0.04 1.017 3647.7 4.1244 16.288504 2.21746 17.448711 15.231252 "" "" 347.59317 354.983093 5748.37456 2.9194 1432.0 6.8201 6407.0 8.4977 "" "" 0.0028099537108506063 0.0058757104 0.0040444294 0.00992014 344.41212724072 64.83453787088 351.05954 15.353 14.483999999999998
344.33294006591 65.54424582514 0.0312 0.0307 80.9224 "" "" 2211904725766146048 329.416809 3.0066 0.0349 20.259 8.749 0.042 0.037 1.012 3598.2 4.3742 16.290373 2.198906 17.43116 15.232254 "" "" 325.43396 332.814941 5738.4868 2.7158 1455.3 7.3038 6401.1 9.955 "" "" 0.0028028230492598612 0.00612186 0.004139431 0.010261291 344.33294006591 65.54424582514 329.416809 20.259 8.749
346.88810427391 65.10015861448 0.0343 0.0334 13.3531 "" "" 2208879831841502848 381.378326 2.5739 0.038 7.57 -1.672 0.043 0.04 0.983 3555.2 4.1058 16.292421 2.563769 17.694912 15.131143 "" "" 376.819397 387.288605 5727.66882 13.336 1141.4 17.639 7025.9 40.177 "" "" 0.0037393079836747353 0.01700919 0.0072685303 0.02427772 346.88810427391 65.10015861448 381.378326 7.57 -1.672
344.12966707076 63.21124143347 0.0569 0.0524 129.825 "" "" 2208067498901610752 335.383606 2.9415 0.0645 20.776 -9.018 0.074 0.065 2.056 5619.1 4.6445 16.294395 2.245462 17.418383 15.172921 "" "" 328.26886 341.240265 5717.26679 4.9773 1472.5 7.7226 6760.7 14.179 "" "" 0.002912939568095467 0.006341052 0.0044123484 0.010753401 344.12966707076 63.21124143347 335.383606 20.775999999999996 -9.018
