Clusters/ASCC_127/ASCC_127_stars_in_region.tsv
# %ECSV 1.0
# ---
# datatype:
# - name: RA_ICRS_1
#   unit: deg
#   datatype: float64
#   format: '{:15.11f}'
#   description: Right ascension (ICRS) at Ep=2016.0 (ra)
#   meta: !!omap
#   - {ucd: POS_EQ_RA_MAIN}
#   - {width: 15}
#   - {precision: '11'}
# - name: DE_ICRS_1
#   unit: deg
#   datatype: float64
#   format: '{:15.11f}'
#   description: Declination (ICRS) at Ep=2016.0 (dec)
#   meta: !!omap
#   - {ucd: POS_EQ_DEC_MAIN}
#   - {width: 15}
#   - {precision: '11'}
# - name: e_RA_ICRS
#   unit: mas
#   datatype: float64
#   format: '{:7.4f}'
#   description: Standard error of right ascension (ra_error)
#   meta: !!omap
#   - {ucd: ERROR}
#   - {width: 7}
#   - {precision: '4'}
# - name: e_DE_ICRS
#   unit: mas
#   datatype: float64
#   format: '{:7.4f}'
#   description: Standard error of declination (dec_error)
#   meta: !!omap
#   - {ucd: ERROR}
#   - {width: 7}
#   - {precision: '4'}
# - name: _r_1
#   unit: ''
#   datatype: float64
#   format: '{:8.4f}'
#   description: Distance from center (347.18071668000+64.91510369000)[ICRS], at Epoch=J2016.0
#   meta: !!omap
#   - {ucd: POS_ANG_DIST_GENERAL}
#   - {width: 8}
#   - {precision: '4'}
# - name: HIP
#   datatype: int32
#   description: '? HIP cross-id number, van Leeuwen, Cat. I/311 (hip_original_ext_source_id)'
#   meta: !!omap
#   - {ucd: ID_NUMBER}
#   - {width: 6}
#   - values: {'null': -2147483648}
# - name: TYC2
#   datatype: string
#   description: Tycho-2 cross-id name, Hog et al., Cat. I/259 (tyc2_original_ext_source_id)
#   meta: !!omap
#   - {ucd: ID_CROSSID}
#   - {_votable_string_dtype: char}
# - name: Source
#   datatype: int64
#   description: Source identifier, identical to the Gaia-EDR3 source_id (id)
#   meta: !!omap
#   - {ucd: ID_MAIN}
#   - {width: 19}
# - name: rgeo
#   unit: pc
#   datatype: float64
#   format: '{:15.8f}'
#   description: '? Median of the geometric distance posterior (r_med_geo)'
#   meta: !!omap
#   - {ucd: PHYS_DISTANCE_TRUE}
#   - {width: 15}
#   - {precision: '8'}
#   - values: {'null': .nan}
# - name: Plx
#   unit: mas
#   datatype: float64
#   format: '{:9.4f}'
#   description: '? Parallax (parallax)'
#   meta: !!omap
#   - {ucd: POS_PARLX_TRIG}
#   - {width: 9}
#   - {precision: '4'}
#   - values: {'null': .nan}
# - name: e_Plx
#   unit: mas
#   datatype: float32
#   format: '{:7.4f}'
#   description: '? Standard error of parallax (parallax_error)'
#   meta: !!omap
#   - {ucd: ERROR}
#   - {width: 7}
#   - {precision: '4'}
#   - values: {'null': .nan}
# - name: pmRA
#   unit: mas / yr
#   datatype: float64
#   format: '{:9.3f}'
#   description: '? Proper motion in right ascension direction, pmRA*cosDE (pmra)'
#   meta: !!omap
#   - {ucd: POS_EQ_PMRA}
#   - {width: 9}
#   - {precision: '3'}
#   - values: {'null': .nan}
# - name: pmDE
#   unit: mas / yr
#   datatype: float64
#   format: '{:9.3f}'
#   description: '? Proper motion in declination direction (pmdec)'
#   meta: !!omap
#   - {ucd: POS_EQ_PMDEC}
#   - {width: 9}
#   - {precision: '3'}
#   - values: {'null': .nan}
# - name: e_pmRA
#   unit: mas / yr
#   datatype: float32
#   format: '{:6.3f}'
#   description: '? Standard error of proper motion in right ascension direction (pmra_error)'
#   meta: !!omap
#   - {ucd: ERROR}
#   - {width: 6}
#   - {precision: '3'}
#   - values: {'null': .nan}
# - name: e_pmDE
[...]
#         unit: &id001 !astropy.units.Unit {unit: deg}
#         value: !astropy.table.SerializedColumn {name: SkyCoord.dec}
#       distance: !astropy.table.SerializedColumn
#         __class__: astropy.coordinates.distances.Distance
#         unit: !astropy.units.Unit {unit: pc}
#         value: !astropy.table.SerializedColumn {name: SkyCoord.distance}
#       frame: icrs
#       obstime: !astropy.time.Time {format: jyear_str, in_subfmt: '*', jd1: 367701545.0, jd2: 0.0, out_subfmt: '*', precision: 3, scale: tt}
#       pm_dec: !astropy.table.SerializedColumn
#         __class__: astropy.units.quantity.Quantity
#         unit: !astropy.units.Unit {unit: mas / yr}
#         value: !astropy.table.SerializedColumn {name: SkyCoord.pm_dec}
#       pm_ra_cosdec: !astropy.table.SerializedColumn
#         __class__: astropy.units.quantity.Quantity
#         unit: !astropy.units.Unit {unit: mas / yr}
#         value: !astropy.table.SerializedColumn {name: SkyCoord.pm_ra_cosdec}
#       ra: !astropy.table.SerializedColumn
#         __class__: astropy.coordinates.angles.Longitude
#         unit: *id001
#         value: !astropy.table.SerializedColumn {name: SkyCoord.ra}
#         wrap_angle: !astropy.coordinates.Angle
#           unit: *id001
#           value: 360.0
#       representation_type: spherical
# schema: astropy-2.0
RA_ICRS_1 DE_ICRS_1 e_RA_ICRS e_DE_ICRS _r_1 HIP TYC2 Source rgeo Plx e_Plx pmRA pmDE e_pmRA e_pmDE RUWE Teff logg Gmag BP-RP BPmag RPmag RV e_RV b_rgeo B_rgeo FG e_FG FBP e_FBP FRP e_FRP RAVE5 RAVE6 e_Gmag e_BPmag e_RPmag e_BP-RP SkyCoord.ra SkyCoord.dec SkyCoord.distance SkyCoord.pm_ra_cosdec SkyCoord.pm_dec
[from data line 272]
348.16752324567 64.87283133983 0.0081 0.0081 25.2493 "" "" 2208650613725873536 373.926636 2.6525 0.0092 7.572 -1.796 0.012 0.011 0.862 5617.2 3.9719 12.038215 1.040473 12.471367 11.430894 -17.23 4.31 372.758301 375.19339 288177.98979 313.83 140240.0 563.61 212230.0 623.41 "" "" 0.0029983024288206205 0.00517927 0.0049452167 0.010124487 348.16752324567 64.87283133983 373.926636 7.572 -1.796
350.76868974338 63.84483783552 0.0074 0.0076 113.0618 "" "" 2209029812101389440 295.854553 3.3537 0.009 4.569 17.174 0.01 0.01 0.873 5364.4 4.3299 12.042242 1.000185 12.462526 11.462341 -29.85 0.53 294.904114 296.563507 287111.18825 40.652 141390.0 70.426 206170.0 61.72 "" "" 0.0027596054146518494 0.002842097 0.0037933325 0.0066354293 350.76868974338 63.84483783552 295.854553 4.569 17.174000000000003
343.87575191173 66.61731356445 0.0089 0.0091 130.5632 "" "" 2212213512436494464 303.402832 3.2719 0.0105 -24.552 -42.403 0.012 0.012 0.991 5347.0 4.2399 12.044243 1.009996 12.464177 11.454182 -42.03 0.68 302.436584 304.497986 286582.48156 37.888 141170.0 79.97 207720.0 70.536 "" "" 0.002759056624808215 0.0028571547 0.0037973223 0.0066544767 343.87575191173 66.61731356445 303.402832 -24.552 -42.403000000000006
343.08464427836 64.45069018508 0.0078 0.0087 108.7052 "" 4286-1298-1 2208412986075659008 435.266144 2.2758 0.0093 -25.733 -8.095 0.01 0.01 0.947 6362.8 3.991 12.059848 1.075159 12.509985 11.434826 -27.68 1.48 433.660156 437.012573 282493.02797 44.079 135340.0 90.303 211460.0 81.449 "" "" 0.0027605235687622617 0.0028826823 0.0038024487 0.006685131 343.08464427836 64.45069018508 435.266144 -25.732999999999997 -8.094999999999999
349.07644474037 64.02634033904 0.0083 0.0094 72.4277 "" 4287-1650-1 2207787329601284480 328.822845 3.0174 0.0101 8.225 14.051 0.011 0.012 0.927 5502.9 4.3069 12.063549 0.896724 12.431135 11.534411 39.32 1.29 327.879181 329.73288 281531.64918 40.616 145530.0 63.563 192930.0 52.439 "" "" 0.002759768929277844 0.0028301817 0.0037908857 0.0066210674 349.07644474037 64.02634033904 328.822845 8.225000000000001 14.051000000000002
347.08634912773 65.77927117239 0.0077 0.008 51.9038 "" 4290-290-1 2208972843654527232 338.865784 2.926 0.009 -1.599 -10.431 0.01 0.011 0.856 5860.6 4.2471 12.064663 0.853523 12.407376 11.553853 -20.33 1.06 337.810516 340.154388 281242.92912 37.138 148750.0 63.237 189500.0 56.672 "" "" 0.0027590477775999633 0.0028280907 0.0037933043 0.0066213952 347.08634912773 65.77927117239 338.865784 -1.5989999999999995 -10.431000000000001
345.07162717716 64.35334528663 0.0102 0.0102 63.8305 "" 4286-1396-1 2208549286857927680 322.87561 3.0715 0.0125 7.782 3.96 0.014 0.012 1.001 5829.6 4.2767 12.067686 0.831183 12.399769 11.568586 "" "" 321.748596 323.967316 280460.89734 60.068 149800.0 119.19 186950.0 105.8 "" "" 0.002765115483066871 0.0029208446 0.003829004 0.006749849 345.07162717716 64.35334528663 322.87561 7.782000000000002 3.9599999999999995
349.20494269817 64.94298965374 0.0124 0.0122 51.4898 "" "" 2208640825503176320 398.603546 2.4866 0.0142 6.978 5.791 0.016 0.015 1.37 5764.9 4.175 12.071609 0.986185 12.47994 11.493755 -24.67 0.74 396.05072 401.498474 279449.21331 63.517 139140.0 108.57 200290.0 102.78 "" "" 0.0027663496103784166 0.0029159533 0.0038202284 0.0067361817 349.20494269817 64.94298965374 398.603546 6.978000000000001 5.791
347.46781953646 64.35181991683 0.0081 0.0087 34.5933 "" 4287-166-1 2208595981743954688 415.421021 2.386 0.0101 -15.779 -9.901 0.011 0.011 0.889 5904.9 4.2012 12.091144 0.868989 12.441483 11.572494 -62.24 0.94 413.530914 417.028778 274466.36011 34.744 144150.0 79.82 186280.0 57.304 "" "" 0.00275874596842536 0.0028542061 0.0037941113 0.0066483174 347.46781953646 64.35181991683 415.421021 -15.779000000000002 -9.901
347.93820485186 66.00238087013 0.008 0.0094 67.9117 "" "" 2209000292781941760 400.14212 2.4818 0.0099 5.25 13.072 0.011 0.012 0.894 5567.0 4.1467 12.103778 0.987007 12.510925 11.523918 -26.37 0.98 398.258087 401.620941 271291.24053 36.734 135220.0 86.992 194800.0 56.706 "" "" 0.0027592394477142933 0.0028762722 0.0037925742 0.006668846 347.93820485186 66.00238087013 400.14212 5.25 13.072000000000001
347.90511392365 65.32798130292 0.0079 0.0077 30.7896 "" "" 2208886596407668096 298.530701 3.3289 0.0094 -18.977 -4.717 0.011 0.011 0.899 5764.9 4.3448 12.104564 0.84126 12.442475 11.601215 -18.66 0.87 297.529968 299.537933 271094.82005 91.197 144020.0 171.97 181410.0 152.21 "" "" 0.0027794231250863983 0.0030766572 0.0038876217 0.006964279 347.90511392365 65.32798130292 298.530701 -18.977 -4.7170000000000005
351.34733276103 66.03037186435 0.0085 0.009 123.4461 "" "" 2210257691709614848 398.352539 2.4932 0.0102 -0.98 -12.697 0.01 0.01 0.942 6354.7 4.0877 12.106349 1.043179 12.54102 11.497842 -14.0 1.07 396.920074 399.851318 270649.45475 37.144 131530.0 61.628 199540.0 45.465 "" "" 0.002759346372982933 0.0028361669 0.0037874696 0.0066236365 351.34733276103 66.03037186435 398.352539 -0.9800000000000002 -12.697
348.10894792364 65.46589522849 0.0076 0.0079 40.4745 "" "" 2208911919534843136 437.66214 2.2668 0.009 -11.422 -22.371 0.011 0.01 0.808 5764.8 3.9151 12.10836 1.063314 12.554279 11.490966 -62.21 0.93 435.809692 439.270142 270148.52078 39.537 129930.0 76.569 200800.0 47.987 "" "" 0.002759898329877167 0.0028625927 0.003788278 0.0066508707 348.10894792364 65.46589522849 437.66214 -11.422 -22.370999999999995
346.34987494693 63.90243164354 0.008 0.0083 64.4616 "" "" 2207739359105772032 431.061554 2.2978 0.0092 -20.275 -8.293 0.01 0.01 0.889 6176.1 4.1155 12.108424 0.829709 12.438943 11.609234 -12.07 1.14 429.322357 433.042084 270132.73969 35.177 144490.0 64.712 180080.0 54.978 "" "" 0.0027589453339117087 0.0028322253 0.00379389 0.006626115 346.34987494693 63.90243164354 431.061554 -20.274999999999995 -8.293
348.51217384468 65.20498044269 0.0078 0.008 37.91 "" 4287-1099-1 2208706139061757184 372.094971 2.667 0.0091 7.694 -1.844 0.011 0.011 0.909 5644.8 4.1801 12.112287 1.018471 12.53426 11.515789 -12.39 1.83 370.796875 373.533203 269173.32015 170.52 132350.0 333.64 196260.0 407.45 "" "" 0.0028398715030750537 0.0039084964 0.0044005164 0.008309012 348.51217384468 65.20498044269 372.094971 7.694000000000001 -1.844
345.04524377805 65.19328895597 0.0074 0.0068 56.5553 "" 4286-59-1 2208837878599579136 395.128021 2.5142 0.0084 18.295 3.556 0.01 0.009 0.863 6056.7 4.1262 12.119137 1.073565 12.56892 11.495355 -8.22 0.7 393.848022 396.588959 267480.52 34.802 128190.0 63.008 199990.0 73.084 "" "" 0.0027589391742552953 0.002840747 0.0038001516 0.0066408985 345.04524377805 65.19328895597 395.128021 18.295 3.555999999999999
349.68162395446 65.69779842309 0.0141 0.0135 78.3178 "" "" 2210232536082377856 320.471008 3.099 0.0166 8.942 -0.109 0.021 0.018 1.348 5688.0 4.3458 12.123371 0.835341 12.454761 11.61942 -22.07 2.12 319.183014 322.364075 266439.30512 145.2 142400.0 285.9 178400.0 247.74 "" "" 0.0028181348139019844 0.0035407392 0.0040690294 0.007609769 349.68162395446 65.69779842309 320.471008 8.942 -0.10899999999999982
345.16806334024 63.47581028249 0.0076 0.0081 101.0874 "" "" 2207702323606509568 298.18338 3.3338 0.0088 -2.662 -8.496 0.011 0.011 0.807 5701.8 4.3787 12.125841 0.861469 12.473143 11.611673 -8.53 1.02 297.578583 298.829987 265833.94281 81.269 140010.0 119.08 179680.0 118.53 "" "" 0.002775241070416915 0.0029390086 0.0038466495 0.006785658 345.16806334024 63.47581028249 298.18338 -2.6620000000000004 -8.496000000000002
346.07857042147 64.51908248863 0.0277 0.0263 36.9078 "" 4286-590-1 2208578114678603136 318.252838 3.1216 0.0315 33.511 1.097 0.037 0.033 2.841 5930.7 4.3327 12.127207 0.905826 12.473205 11.567379 -39.62 1.81 315.115204 321.74646 265499.66878 60.059 140000.0 100.11 187160.0 180.11 "" "" 0.002766245028729265 0.002896172 0.0039211493 0.0068173213 346.07857042147 64.51908248863 318.252838 33.51100000000001 1.0970000000000018
348.30670650758 64.66743527603 0.0079 0.0079 32.3847 "" "" 2208629899106083712 368.188263 2.6951 0.0092 -20.301 -30.047 0.01 0.01 0.906 5919.6 4.225 12.140026 0.884908 12.494069 11.609161 -8.82 0.92 367.068359 369.434509 262383.42852 33.467 137340.0 86.398 180090.0 50.939 "" "" 0.0027587982293086556 0.0028725527 0.0037918387 0.0066643916 348.30670650758 64.66743527603 368.188263 -20.301 -30.047000000000004
350.54316780824 65.81348068786 0.008 0.0078 99.8701 "" "" 2210248620738283776 357.061371 2.7836 0.0094 4.642 8.223 0.01 0.01 0.86 6047.5 4.1704 12.141537 1.131009 12.622006 11.490997 -11.01 0.94 356.000244 358.220093 262018.55864 41.745 122070.0 88.23 200800.0 67.744 "" "" 0.0027607447539433312 0.0028984274 0.0037970908 0.0066955183 350.54316780824 65.81348068786 357.061371 4.6419999999999995 8.222999999999999
348.4581197367 67.03766285192 0.0093 0.0092 131.1134 "" "" 2212106314351973760 340.141541 2.9234 0.0107 31.293 13.827 0.012 0.012 1.053 5634.6 4.2434 12.142533 0.955471 12.532942 11.577471 -38.17 0.7 338.697388 341.47525 261778.24535 45.6 132510.0 68.139 185430.0 68.507 "" "" 0.002761803534541286 0.0028454794 0.003800609 0.0066460883 348.4581197367 67.03766285192 340.141541 31.293 13.827000000000002
350.94982293216 65.36807471315 0.0088 0.0087 98.8583 "" "" 2209427178174412800 318.781738 3.1171 0.0103 1.034 -10.699 0.011 0.011 0.882 5782.4 4.365 12.148561 0.882958 12.507932 11.624973 -35.08 0.86 317.852814 319.821655 260328.70204 42.714 135600.0 62.11 177490.0 55.072 "" "" 0.002761073139475175 0.0028341427 0.0037943667 0.0066285096 350.94982293216 65.36807471315 318.781738 1.0339999999999998 -10.699
351.01962318001 65.56082308687 0.0085 0.0083 103.9434 "" "" 2210183848333084288 311.928833 3.1891 0.01 18.664 23.069 0.011 0.011 0.921 5890.6 4.3108 12.149917 0.86334 12.496485 11.633144 8.54 0.8 310.918365 313.034882 260003.92195 35.149 137030.0 66.954 176160.0 60.894 "" "" 0.002759226852871826 0.0028401546 0.0037979714 0.006638126 351.01962318001 65.56082308687 311.928833 18.664 23.069
346.53941833045 66.95202911219 0.0082 0.0081 123.217 "" "" 2212280964901763840 349.188995 2.8487 0.0093 4.738 2.542 0.01 0.01 0.865 5599.9 4.2395 12.153891 0.981421 12.559482 11.57806 -57.51 0.68 348.065765 350.416382 259054.09595 36.278 129310.0 60.857 185330.0 61.766 "" "" 0.002759512207260885 0.0028365732 0.0037966648 0.006633238 346.53941833045 66.95202911219 349.188995 4.738 2.542
351.58854087528 65.48182337477 0.0085 0.0088 116.0047 "" "" 2209432336436569216 315.389221 3.1536 0.0101 10.249 7.006 0.011 0.011 1.012 5641.0 4.3713 12.165136 0.868113 12.516278 11.648165 -5.5 0.64 314.420563 316.410065 256384.72001 57.133 134560.0 100.48 173740.0 85.639 "" "" 0.0027659225356727207 0.002905575 0.0038170852 0.0067226603 351.58854087528 65.48182337477 315.389221 10.249000000000002 7.006000000000001
350.23348089549 64.58073356619 0.0075 0.0079 80.6644 "" "" 2209323480484719232 419.79245 2.3681 0.0092 18.335 5.992 0.01 0.01 0.861 5158.2 4.0947 12.169743 1.125311 12.653274 11.527963 -44.6 0.39 418.306152 421.345673 255299.38693 38.624 118610.0 58.007 194080.0 48.078 "" "" 0.002760212083951983 0.0028402456 0.0037889401 0.0066291858 350.23348089549 64.58073356619 419.79245 18.335 5.991999999999999
344.58747494717 63.35900663956 0.0075 0.0081 115.4099 "" 4282-982-1 2208076088840256256 330.955078 3.0074 0.0092 18.083 -3.592 0.01 0.01 0.859 5676.8 4.2929 12.174413 0.952348 12.565498 11.613151 -25.54 0.61 329.958191 332.098938 254203.64337 34.363 128590.0 52.895 179430.0 56.131 "" "" 0.0027592264260428365 0.0028256876 0.0037946133 0.006620301 344.58747494717 63.35900663956 330.955078 18.083 -3.5920000000000005
345.12938619104 66.38272023209 0.01 0.0102 101.6222 "" "" 2212155551856329088 343.280762 2.9029 0.0114 -8.501 -12.255 0.015 0.013 1.011 6058.7 4.2517 12.187204 0.974794 12.586244 11.611449 20.97 1.0 342.070221 344.57251 251226.22749 39.631 126160.0 59.024 179710.0 51.73 "" "" 0.0027606384370095494 0.0028360314 0.003792282 0.006628313 345.12938619104 66.38272023209 343.280762 -8.500999999999998 -12.255
348.13303020217 66.51173198374 0.0091 0.0086 98.6354 "" "" 2212033162468780032 418.357147 2.3788 0.01 -5.713 -4.049 0.014 0.011 0.92 6238.3 4.1046 12.19904 1.000688 12.613689 11.613002 -16.16 1.15 416.518311 420.612732 248502.33271 38.835 123010.0 65.636 179460.0 39.304 "" "" 0.002760539605419822 0.0028496792 0.0037868551 0.0066365344 348.13303020217 66.51173198374 418.357147 -5.712999999999998 -4.0489999999999995
348.32876379189 65.07513129333 0.0087 0.0094 30.6583 "" 4287-673-1 2208700023029634688 391.819946 2.5369 0.0105 7.674 -4.789 0.012 0.014 0.906 6037.4 4.189 12.205916 0.873641 12.558007 11.684366 -16.33 1.14 390.235535 393.379364 246933.66327 36.381 129480.0 68.576 168040.0 63.49 "" "" 0.0027599596844894146 0.002848809 0.0038015796 0.0066503882 348.32876379189 65.07513129333 391.819946 7.674 -4.789000000000001
345.28610032978 63.3869259726 0.008 0.009 104.2185 "" "" 2207697989978412544 422.961304 2.3506 0.0098 16.508 6.026 0.011 0.012 0.943 6265.2 4.1526 12.206584 0.887231 12.555578 11.668347 -2.64 1.81 421.371277 425.083038 246781.81556 39.056 129770.0 63.016 170540.0 239.56 "" "" 0.0027606729145403116 0.002839546 0.004075513 0.006915059 345.28610032978 63.3869259726 422.961304 16.508 6.025999999999999
347.13972920448 63.43887952972 0.0087 0.0088 88.5799 "" 4282-121-1 2207657312351891072 418.555969 2.3737 0.0102 19.008 -11.753 0.012 0.011 0.959 "" "" 12.224065 0.930037 12.607153 11.677115 -1.58 1.45 416.825958 420.420532 242840.43202 29.06 123750.0 56.811 169170.0 61.46 "" "" 0.0027583818428938453 0.002834341 0.0037999104 0.006634251 347.13972920448 63.43887952972 418.555969 19.007999999999996 -11.753000000000004
348.16823346468 66.45136883187 0.0193 0.0207 95.3473 "" "" 2212020792963007872 322.299255 3.0887 0.0228 14.785 -9.389 0.027 0.026 2.271 5696.6 4.2717 12.224572 0.981104 12.63138 11.650276 10.83 1.19 320.059387 324.285492 242726.81258 59.606 121020.0 87.905 173400.0 99.236 "" "" 0.00276819017840799 0.002899484 0.0038301197 0.0067296037 348.16823346468 66.45136883187 322.299255 14.785000000000002 -9.389000000000003
345.4936490503 64.12879422062 0.0081 0.0079 64.1972 "" 4286-700-1 2208533515736270336 419.332397 2.3731 0.0094 -21.442 -21.021 0.011 0.01 0.922 5572.7 4.1404 12.225029 0.997083 12.63777 11.640687 -27.05 0.56 417.666901 420.74585 242624.87401 32.633 120310.0 68.24 174940.0 45.737 "" "" 0.0027591872984473265 0.0028573233 0.0037900268 0.0066473503 345.4936490503 64.12879422062 419.332397 -21.442000000000004 -21.021
348.86980085451 63.66135439395 0.0081 0.0093 87.1251 "" "" 2207579139643333760 372.922394 2.6683 0.0099 15.721 -2.152 0.01 0.011 0.851 5744.4 4.1492 12.228229 0.987162 12.636945 11.649783 -15.18 0.74 371.202423 374.360535 241910.64662 43.002 120400.0 53.176 173480.0 45.731 "" "" 0.0027620714173371254 0.0028310765 0.0037902037 0.00662128 348.86980085451 63.66135439395 372.922394 15.721 -2.1520000000000006
349.94762406614 65.0162776597 0.0113 0.0111 70.5069 "" 4287-245-1 2209392234317488384 393.076569 2.5306 0.0132 6.074 -1.85 0.015 0.014 1.206 5530.9 4.1929 12.228233 0.956074 12.621099 11.665026 -14.27 1.27 390.684692 395.273193 241909.86998 69.82 122170.0 117.22 171060.0 102.32 "" "" 0.0027730825916693616 0.0029783016 0.0038347743 0.006813076 349.94762406614 65.0162776597 393.076569 6.073999999999999 -1.8499999999999996
346.27559009768 62.89793744815 0.0174 0.0177 123.3613 "" "" 2207427205178700416 315.051025 3.1593 0.021 29.296 1.32 0.022 0.022 2.084 5886.7 4.3863 12.234413 0.862268 12.580992 11.718723 39.18 1.57 313.071014 317.0578 240536.85945 32.196 126770.0 57.66 162810.0 44.866 "" "" 0.0027591500814404843 0.0028335352 0.0037912065 0.0066247415 346.27559009768 62.89793744815 315.051025 29.296 1.3200000000000003
