Clusters/ASCC_127/ASCC_127_members.tsv
# %ECSV 1.0
# ---
# datatype:
# - name: RA_ICRS_1
#   unit: deg
#   datatype: float64
#   format: '{:15.11f}'
#   description: Right ascension (ICRS) at Ep=2016.0 (ra)
#   meta: !!omap
#   - {ucd: POS_EQ_RA_MAIN}
#   - {width: 15}
#   - {precision: '11'}
# - name: DE_ICRS_1
#   unit: deg
#   datatype: float64
#   format: '{:15.11f}'
#   description: Declination (ICRS) at Ep=2016.0 (dec)
#   meta: !!omap
#   - {ucd: POS_EQ_DEC_MAIN}
#   - {width: 15}
#   - {precision: '11'}
# - name: e_RA_ICRS
#   unit: mas
#   datatype: float64
#   format: '{:7.4f}'
#   description: Standard error of right ascension (ra_error)
#   meta: !!omap
#   - {ucd: ERROR}
#   - {width: 7}
#   - {precision: '4'}
# - name: e_DE_ICRS
#   unit: mas
#   datatype: float64
#   format: '{:7.4f}'
#   description: Standard error of declination (dec_error)
#   meta: !!omap
#   - {ucd: ERROR}
#   - {width: 7}
#   - {precision: '4'}
# - name: _r_1
#   unit: ''
#   datatype: float64
#   format: '{:8.4f}'
#   description: Distance from center (347.18071668000+64.91510369000)[ICRS], at Epoch=J2016.0
#   meta: !!omap
#   - {ucd: POS_ANG_DIST_GENERAL}
#   - {width: 8}
#   - {precision: '4'}
# - name: HIP
#   datatype: int32
#   description: '? HIP cross-id number, van Leeuwen, Cat. I/311 (hip_original_ext_source_id)'
#   meta: !!omap
#   - {ucd: ID_NUMBER}
#   - {width: 6}
#   - values: {'null': -2147483648}
# - name: TYC2
#   datatype: string
#   description: Tycho-2 cross-id name, Hog et al., Cat. I/259 (tyc2_original_ext_source_id)
#   meta: !!omap
#   - {ucd: ID_CROSSID}
#   - {_votable_string_dtype: char}
# - name: Source
#   datatype: int64
#   description: Source identifier, identical to the Gaia-EDR3 source_id (id)
#   meta: !!omap
#   - {ucd: ID_MAIN}
#   - {width: 19}
# - name: rgeo
#   unit: pc
#   datatype: float64
#   format: '{:15.8f}'
#   description: '? Median of the geometric distance posterior (r_med_geo)'
#   meta: !!omap
#   - {ucd: PHYS_DISTANCE_TRUE}
#   - {width: 15}
#   - {precision: '8'}
#   - values: {'null': .nan}
# - name: Plx
#   unit: mas
#   datatype: float64
#   format: '{:9.4f}'
#   description: '? Parallax (parallax)'
#   meta: !!omap
#   - {ucd: POS_PARLX_TRIG}
#   - {width: 9}
#   - {precision: '4'}
#   - values: {'null': .nan}
# - name: e_Plx
#   unit: mas
#   datatype: float32
#   format: '{:7.4f}'
#   description: '? Standard error of parallax (parallax_error)'
#   meta: !!omap
#   - {ucd: ERROR}
#   - {width: 7}
#   - {precision: '4'}
#   - values: {'null': .nan}
# - name: pmRA
#   unit: mas / yr
#   datatype: float64
#   format: '{:9.3f}'
#   description: '? Proper motion in right ascension direction, pmRA*cosDE (pmra)'
#   meta: !!omap
#   - {ucd: POS_EQ_PMRA}
#   - {width: 9}
#   - {precision: '3'}
#   - values: {'null': .nan}
# - name: pmDE
#   unit: mas / yr
#   datatype: float64
#   format: '{:9.3f}'
#   description: '? Proper motion in declination direction (pmdec)'
#   meta: !!omap
#   - {ucd: POS_EQ_PMDEC}
#   - {width: 9}
#   - {precision: '3'}
#   - values: {'null': .nan}
# - name: e_pmRA
#   unit: mas / yr
#   datatype: float32
#   format: '{:6.3f}'
#   description: '? Standard error of proper motion in right ascension direction (pmra_error)'
#   meta: !!omap
#   - {ucd: ERROR}
#   - {width: 6}
#   - {precision: '3'}
#   - values: {'null': .nan}
# - name: e_pmDE
[...]
#         unit: &id001 !astropy.units.Unit {unit: deg}
#         value: !astropy.table.SerializedColumn {name: SkyCoord.dec}
#       distance: !astropy.table.SerializedColumn
#         __class__: astropy.coordinates.distances.Distance
#         unit: !astropy.units.Unit {unit: pc}
#         value: !astropy.table.SerializedColumn {name: SkyCoord.distance}
#       frame: icrs
#       obstime: !astropy.time.Time {format: jyear_str, in_subfmt: '*', jd1: 367701545.0, jd2: 0.0, out_subfmt: '*', precision: 3, scale: tt}
#       pm_dec: !astropy.table.SerializedColumn
#         __class__: astropy.units.quantity.Quantity
#         unit: !astropy.units.Unit {unit: mas / yr}
#         value: !astropy.table.SerializedColumn {name: SkyCoord.pm_dec}
#       pm_ra_cosdec: !astropy.table.SerializedColumn
#         __class__: astropy.units.quantity.Quantity
#         unit: !astropy.units.Unit {unit: mas / yr}
#         value: !astropy.table.SerializedColumn {name: SkyCoord.pm_ra_cosdec}
#       ra: !astropy.table.SerializedColumn
#         __class__: astropy.coordinates.angles.Longitude
#         unit: *id001
#         value: !astropy.table.SerializedColumn {name: SkyCoord.ra}
#         wrap_angle: !astropy.coordinates.Angle
#           unit: *id001
#           value: 360.0
#       representation_type: spherical
# schema: astropy-2.0
RA_ICRS_1 DE_ICRS_1 e_RA_ICRS e_DE_ICRS _r_1 HIP TYC2 Source rgeo Plx e_Plx pmRA pmDE e_pmRA e_pmDE RUWE Teff logg Gmag BP-RP BPmag RPmag RV e_RV b_rgeo B_rgeo FG e_FG FBP e_FBP FRP e_FRP RAVE5 RAVE6 e_Gmag e_BPmag e_RPmag e_BP-RP SkyCoord.ra SkyCoord.dec SkyCoord.distance SkyCoord.pm_ra_cosdec SkyCoord.pm_dec Pmemb
[from data line 39]
345.70427794367 64.25256073358 0.0249 0.0225 55.0047 "" "" 2208536028298582400 377.363922 2.623 0.0279 7.193 -1.588 0.033 0.027 1.016 6004.2 4.4966 15.676911 2.20829 16.822763 14.614473 "" "" 373.377106 381.600952 10096.76793 10.059 2548.7 19.773 11308.0 32.214 "" "" 0.0029600354592784865 0.008873314 0.0048836996 0.013757013 345.70427794367 64.25256073358 377.363922 7.192999999999999 -1.5879999999999999 0.9
345.2254273129 64.51778160526 0.0263 0.027 55.485 "" "" 2208744866787739008 381.965973 2.5838 0.0302 7.061 -1.801 0.034 0.031 0.941 5953.5 4.5332 15.705656 2.174694 16.830793 14.656099 "" "" 378.230316 386.428955 9832.96052 21.732 2529.9 23.535 10882.0 71.065 "" "" 0.0036537504438770357 0.010478622 0.008034777 0.0185134 345.2254273129 64.51778160526 381.965973 7.061 -1.801 1.0
349.49987680324 64.3170210519 0.0257 0.0265 69.6068 "" "" 2207801107856576256 379.915222 2.5997 0.0303 7.497 -2.306 0.037 0.035 0.979 3932.5 4.424 15.820885 2.289042 16.959757 14.670714 "" "" 375.852142 383.944397 8842.86057 10.773 2246.5 21.806 10737.0 127.86 "" "" 0.0030563670609458854 0.010901961 0.013470386 0.024372347 349.49987680324 64.3170210519 379.915222 7.497 -2.306 1.0
346.94739492073 65.25039519998 0.0297 0.031 20.9642 "" "" 2208894743967873280 373.419891 2.6491 0.0363 7.507 -1.578 0.037 0.035 1.173 3786.1 4.3028 15.928707 2.326094 17.10188 14.775785 "" "" 368.703918 378.585022 8006.89019 7.9602 1970.9 12.98 9746.4 36.882 "" "" 0.0029592067014410344 0.00767556 0.0055825063 0.013258066 346.94739492073 65.25039519998 373.419891 7.507000000000001 -1.5780000000000005 1.0
347.03441245167 65.28989800467 0.0282 0.0294 22.7893 "" "" 2208895087565246976 370.739532 2.6568 0.0347 7.463 -1.681 0.038 0.033 1.057 3600.9 4.0294 15.947047 2.372431 17.208023 14.835592 "" "" 367.119934 375.139771 7872.77706 7.7167 1787.3 10.69 9224.0 23.295 "" "" 0.0029536986530185536 0.0070679258 0.0046692933 0.011737219 347.03441245167 65.28989800467 370.739532 7.463000000000001 -1.6810000000000003 1.0
347.90674373514 65.43031088886 0.0283 0.0246 35.9179 "" "" 2208914500818031232 374.239349 2.6443 0.031 7.472 -1.79 0.037 0.032 0.996 3706.7 4.1805 15.957192 2.403271 17.241251 14.83798 "" "" 368.736511 377.944244 7799.55385 6.1178 1733.5 9.9001 9203.8 17.077 "" "" 0.002883931223071526 0.0067995302 0.004282752 0.011082282 347.90674373514 65.43031088886 374.239349 7.4719999999999995 -1.7899999999999998 1.0
348.03896849216 63.66550500619 0.0294 0.0278 78.2313 "" "" 2207758055103697792 391.474823 2.5273 0.0328 7.221 -2.663 0.037 0.038 1.033 4350.9 4.6685 15.996556 1.880659 16.926842 15.046183 "" "" 386.322388 397.151337 7521.84554 4.1191 2315.7 10.687 7597.8 13.644 "" "" 0.0028187411419533237 0.0057351636 0.004252674 0.009987838 348.03896849216 63.66550500619 391.474823 7.221 -2.6629999999999994 0.9
345.21751675775 65.36902070948 0.0298 0.0254 56.5085 "" "" 2211865899261946240 375.550934 2.632 0.0333 7.391 -1.473 0.04 0.033 1.067 3896.5 4.3594 16.05535 2.403192 17.345667 14.942474 "" "" 371.860016 379.520111 7125.3615 6.7492 1574.5 9.6001 8359.3 29.469 "" "" 0.0029409918529717765 0.0071839625 0.005379014 0.012562977 345.21751675775 65.36902070948 375.550934 7.390999999999998 -1.4729999999999999 1.0
346.11989000157 64.42432383285 0.0303 0.03 40.1072 "" "" 2208564924839060352 374.918915 2.6275 0.0371 7.287 -1.635 0.045 0.04 1.044 3645.1 4.173 16.073282 2.506787 17.431767 14.924979 "" "" 370.07135 381.122864 7008.63918 11.708 1454.5 13.929 8495.1 32.484 "" "" 0.0032986991412557592 0.0107654 0.0056142937 0.016379694 346.11989000157 64.42432383285 374.918915 7.287 -1.6349999999999998 1.0
348.0844091093 64.88759510222 0.0271 0.0283 23.0585 "" "" 2208627459564338688 383.027283 2.583 0.0308 7.257 -2.072 0.036 0.038 0.973 3621.1 4.3029 16.089563 2.370854 17.344439 14.973584 "" "" 378.905212 387.288879 6904.32792 16.428 1576.3 23.284 8123.2 62.828 "" "" 0.0037769855413761913 0.016278636 0.009208791 0.025487427 348.0844091093 64.88759510222 383.027283 7.257000000000001 -2.072 1.0
346.11046983013 65.36434115882 0.0366 0.0334 38.1479 "" "" 2208854646152291200 380.592834 2.5819 0.0408 7.325 -1.655 0.05 0.048 1.068 3461.0 4.0044 16.167742 2.848239 17.780695 14.932456 "" "" 373.682953 387.364838 6424.6586 13.058 1054.7 11.907 8436.8 39.948 "" "" 0.0035300828657898417 0.012570937 0.0063806647 0.018951602 346.11046983013 65.36434115882 380.592834 7.324999999999999 -1.6549999999999998 1.0
349.50000266825 64.3163761445 0.0316 0.0318 69.6301 "" "" 2207801107856576384 381.180267 2.594 0.037 7.666 -2.186 0.046 0.042 1.031 "" "" 16.186142 2.412852 17.440964 15.028111 "" "" 375.512177 387.226349 6316.69786 5.5816 1442.2 21.804 7725.3 33.5 "" "" 0.0029175690050410024 0.016650224 0.006037446 0.02268767 349.50000266825 64.3163761445 381.180267 7.666000000000002 -2.1860000000000004 1.0
345.09360896466 65.4262977873 0.0376 0.0308 60.8717 "" "" 2211846726527903872 374.561737 2.6327 0.0396 7.389 -1.008 0.05 0.039 1.218 3591.8 4.0041 16.187134 2.760776 17.735535 14.974758 "" "" 368.162628 380.056274 6310.92627 10.158 1099.5 12.381 8114.4 32.01 "" "" 0.003262799116166604 0.01254035 0.005712117 0.018252466 345.09360896466 65.4262977873 374.561737 7.388999999999999 -1.008 0.8
347.87710573251 65.16566431549 0.0348 0.0348 23.1706 "" "" 2208694117457978880 358.371582 2.7321 0.0408 7.789 -1.724 0.047 0.046 1.248 3577.4 4.1736 16.193363 2.947302 17.867323 14.920021 "" "" 353.439087 364.360107 6274.8238 9.2626 973.84 12.423 8533.9 36.865 "" "" 0.003187550377595513 0.014128673 0.0060234265 0.0201521 347.87710573251 65.16566431549 358.371582 7.789000000000001 -1.7239999999999995 0.9
346.49744769298 65.13154335135 0.0297 0.031 21.6401 "" "" 2208798433620465152 357.231079 2.7735 0.0352 7.531 -1.356 0.039 0.043 0.978 3571.1 4.1946 16.250874 2.524087 17.617334 15.093247 "" "" 353.034912 361.082764 5951.10596 16.179 1226.0 18.935 7275.4 45.803 "" "" 0.0040378913715675285 0.016999235 0.0078106252 0.02480986 346.49744769298 65.13154335135 357.231079 7.531 -1.3559999999999999 0.9
349.77151580255 64.30764343305 0.0334 0.0322 75.9561 "" "" 2209298608332998656 366.395905 2.6903 0.0383 7.689 -2.126 0.045 0.04 1.045 3554.1 4.1812 16.268314 2.526377 17.638065 15.111689 "" "" 359.955902 371.675049 5856.27161 5.8036 1202.8 9.2045 7152.9 21.911 "" "" 0.0029579558541269458 0.0087646395 0.005034391 0.01379903 349.77151580255 64.30764343305 366.395905 7.689 -2.1259999999999994 0.8
346.88810427391 65.10015861448 0.0343 0.0334 13.3531 "" "" 2208879831841502848 381.378326 2.5739 0.038 7.57 -1.672 0.043 0.04 0.983 3555.2 4.1058 16.292421 2.563769 17.694912 15.131143 "" "" 376.819397 387.288605 5727.66882 13.336 1141.4 17.639 7025.9 40.177 "" "" 0.0037393079836747353 0.01700919 0.0072685303 0.02427772 346.88810427391 65.10015861448 381.378326 7.57 -1.672 0.9
347.14063107132 65.58878317965 0.0365 0.0342 40.4333 "" "" 2208955217108868096 366.559906 2.6924 0.0408 7.741 -1.696 0.048 0.042 1.022 "" "" 16.340601 2.973385 18.052946 15.079561 "" "" 361.0466 372.647186 5479.06617 4.9328 820.8 13.198 7367.7 14.48 "" "" 0.0029235716783954256 0.017679581 0.0043401592 0.02201974 347.14063107132 65.58878317965 366.559906 7.7410000000000005 -1.6959999999999995 1.0
347.84068608343 65.12503930649 0.0315 0.0335 20.9354 "" "" 2208693258464524288 368.375458 2.6717 0.0371 7.448 -1.883 0.043 0.044 1.043 3580.5 4.1205 16.354015 2.638159 17.81523 15.177071 "" "" 364.187714 373.14151 5411.787 9.9096 1021.7 11.226 6734.9 27.371 "" "" 0.003397699043678286 0.0122515485 0.005809802 0.018061351 347.84068608343 65.12503930649 368.375458 7.448 -1.8829999999999998 1.0
346.95244362102 63.62443827616 0.0358 0.0337 77.6677 "" "" 2207675041975004416 365.981171 2.692 0.0411 7.441 -2.161 0.049 0.044 0.998 3517.2 4.1405 16.367086 2.65283 17.82466 15.171829 "" "" 361.194153 372.470612 5347.02515 8.452 1012.9 19.609 6767.5 33.851 "" "" 0.0032461024645074775 0.021203434 0.006616481 0.027819915 346.95244362102 63.62443827616 365.981171 7.441000000000001 -2.1609999999999996 1.0
348.16246259498 64.41237216405 0.0349 0.0335 39.3089 "" "" 2207849486368637184 387.943268 2.5476 0.0396 7.301 -2.109 0.047 0.039 1.017 3550.0 4.2038 16.371967 2.540404 17.746996 15.206592 "" "" 380.825836 394.384918 5323.04523 10.325 1088.0 13.569 6554.2 32.053 "" "" 0.0034679879734117957 0.013825245 0.0065174433 0.020342689 348.16246259498 64.41237216405 387.943268 7.300999999999999 -2.1089999999999995 1.0
347.34910460578 65.38580362418 0.0375 0.032 28.5593 "" "" 2208901718994991488 385.215668 2.5675 0.0409 7.731 -1.538 0.049 0.043 1.026 3537.4 4.2868 16.38139 2.629975 17.83456 15.204585 "" "" 379.229401 390.520447 5277.04755 4.7443 1003.7 8.0795 6566.4 15.462 "" "" 0.00292311636818168 0.00917444 0.004562886 0.0137373265 347.34910460578 65.38580362418 385.215668 7.731 -1.5380000000000003 0.8
347.09456578437 65.05438072137 0.0375 0.0355 8.6378 "" "" 2208689444533207296 368.736664 2.6694 0.0419 7.517 -1.705 0.045 0.044 1.046 3412.4 4.033 16.423786 3.035439 18.183096 15.147657 "" "" 363.621429 374.127289 5074.95197 8.1548 728.08 9.1009 6919.8 37.228 "" "" 0.003261220106036798 0.013855399 0.006957233 0.02081263 347.09456578437 65.05438072137 368.736664 7.517000000000001 -1.705 1.0
347.95893834926 64.62011141125 0.0389 0.0383 26.6357 "" "" 2208609111463920640 376.175842 2.6068 0.0453 7.476 -1.998 0.048 0.044 1.076 "" "" 16.525667 3.009469 18.266413 15.256944 "" "" 370.347229 382.097229 4620.40637 6.1299 674.3 7.4525 6257.2 19.854 "" "" 0.003109128374497732 0.012319889 0.0051138946 0.017433783 347.95893834926 64.62011141125 376.175842 7.476 -1.9979999999999998 1.0
348.24875141299 65.59071474659 0.0395 0.0394 48.6075 "" "" 2208917180877807744 375.25769 2.6218 0.0456 7.222 -1.731 0.05 0.056 1.014 3415.7 4.0151 16.543837 2.974663 18.258219 15.283556 "" "" 369.369415 380.927643 4543.72337 6.5869 679.41 9.8567 6105.7 19.991 "" "" 0.0031731903940717264 0.015996782 0.005188526 0.021185309 348.24875141299 65.59071474659 375.25769 7.222000000000001 -1.7309999999999997 0.8
347.13264918501 64.43338699305 0.0407 0.0361 28.9293 "" "" 2208611207407922816 361.950043 2.728 0.0458 7.508 -1.785 0.056 0.046 1.026 3513.0 4.2179 16.56804 2.699551 18.069525 15.369974 "" "" 357.117889 368.215973 4443.54963 6.8759 808.36 10.299 5638.6 21.981 "" "" 0.0032271315793392474 0.014111532 0.0056743347 0.019785866 347.13264918501 64.43338699305 361.950043 7.507999999999999 -1.784999999999999 1.0
348.08830708746 64.56514366702 0.0405 0.0361 31.3185 "" "" 2208604919575917312 381.982483 2.5812 0.0467 7.308 -2.03 0.05 0.042 0.959 3590.1 4.3219 16.58288 2.515286 17.953377 15.438091 "" "" 375.184235 388.186798 4383.23392 3.3115 899.63 7.3169 5295.7 10.135 "" "" 0.0028748260498173872 0.009260862 0.004312934 0.013573796 348.08830708746 64.56514366702 381.982483 7.308000000000001 -2.0299999999999994 1.0
344.78585274421 64.34294057376 0.0442 0.0425 70.4864 "" "" 2208735967615526912 368.371002 2.6734 0.0516 7.057 -1.724 0.056 0.052 1.126 3576.1 4.1129 16.596567 2.759866 18.149748 15.389882 "" "" 363.144592 374.762695 4328.3231 4.5041 750.79 5.6514 5536.1 12.947 "" "" 0.0029779695247955074 0.008635795 0.0045531355 0.01318893 344.78585274421 64.34294057376 368.371002 7.056999999999999 -1.7239999999999998 1.0
349.26588952301 65.08361889751 0.039 0.0351 53.8306 "" "" 2208645738945746944 378.2742 2.5997 0.0421 7.52 -2.131 0.049 0.045 1.005 3515.4 4.2261 16.728765 2.641959 18.193308 15.551349 "" "" 372.422394 384.338104 3832.13267 4.7956 721.26 10.28 4771.1 16.979 "" "" 0.0030721135485486492 0.015724344 0.005404896 0.02112924 349.26588952301 65.08361889751 378.2742 7.5200000000000005 -2.131000000000001 1.0
346.47704259763 65.5903071912 0.0455 0.0402 44.1991 "" "" 2208964047561265152 353.334015 2.7801 0.0492 7.514 -1.802 0.058 0.048 1.003 3488.8 4.3039 16.763227 2.712851 18.279358 15.566507 "" "" 346.96405 359.074371 3712.40977 4.2125 666.31 8.9316 4705.0 17.39 "" "" 0.0030182108489222267 0.014818871 0.0055124885 0.02033136 346.47704259763 65.5903071912 353.334015 7.514000000000002 -1.8020000000000003 1.0
346.72081290538 65.47350728752 0.0511 0.0482 35.4477 "" "" 2208947280009035136 381.831604 2.5793 0.0606 7.677 -1.955 0.071 0.058 1.019 3510.2 4.4215 16.907307 2.877779 18.557833 15.680054 "" "" 373.985229 390.584015 3251.05168 4.2208 515.57 8.4122 4237.8 15.065 "" "" 0.003094956395261794 0.017933588 0.0054019415 0.02333553 346.72081290538 65.47350728752 381.831604 7.677 -1.955 0.9
