Clusters/ASCC_127/ASCC_127_stars_in_region.tsv
# %ECSV 1.0
# ---
# datatype:
# - name: RA_ICRS_1
#   unit: deg
#   datatype: float64
#   format: '{:15.11f}'
#   description: Right ascension (ICRS) at Ep=2016.0 (ra)
#   meta: !!omap
#   - {ucd: POS_EQ_RA_MAIN}
#   - {width: 15}
#   - {precision: '11'}
# - name: DE_ICRS_1
#   unit: deg
#   datatype: float64
#   format: '{:15.11f}'
#   description: Declination (ICRS) at Ep=2016.0 (dec)
#   meta: !!omap
#   - {ucd: POS_EQ_DEC_MAIN}
#   - {width: 15}
#   - {precision: '11'}
# - name: e_RA_ICRS
#   unit: mas
#   datatype: float64
#   format: '{:7.4f}'
#   description: Standard error of right ascension (ra_error)
#   meta: !!omap
#   - {ucd: ERROR}
#   - {width: 7}
#   - {precision: '4'}
# - name: e_DE_ICRS
#   unit: mas
#   datatype: float64
#   format: '{:7.4f}'
#   description: Standard error of declination (dec_error)
#   meta: !!omap
#   - {ucd: ERROR}
#   - {width: 7}
#   - {precision: '4'}
# - name: _r_1
#   unit: ''
#   datatype: float64
#   format: '{:8.4f}'
#   description: Distance from center (347.18071668000+64.91510369000)[ICRS], at Epoch=J2016.0
#   meta: !!omap
#   - {ucd: POS_ANG_DIST_GENERAL}
#   - {width: 8}
#   - {precision: '4'}
# - name: HIP
#   datatype: int32
#   description: '? HIP cross-id number, van Leeuwen, Cat. I/311 (hip_original_ext_source_id)'
#   meta: !!omap
#   - {ucd: ID_NUMBER}
#   - {width: 6}
#   - values: {'null': -2147483648}
# - name: TYC2
#   datatype: string
#   description: Tycho-2 cross-id name, Hog et al., Cat. I/259 (tyc2_original_ext_source_id)
#   meta: !!omap
#   - {ucd: ID_CROSSID}
#   - {_votable_string_dtype: char}
# - name: Source
#   datatype: int64
#   description: Source identifier, identical to the Gaia-EDR3 source_id (id)
#   meta: !!omap
#   - {ucd: ID_MAIN}
#   - {width: 19}
# - name: rgeo
#   unit: pc
#   datatype: float64
#   format: '{:15.8f}'
#   description: '? Median of the geometric distance posterior (r_med_geo)'
#   meta: !!omap
#   - {ucd: PHYS_DISTANCE_TRUE}
#   - {width: 15}
#   - {precision: '8'}
#   - values: {'null': .nan}
# - name: Plx
#   unit: mas
#   datatype: float64
#   format: '{:9.4f}'
#   description: '? Parallax (parallax)'
#   meta: !!omap
#   - {ucd: POS_PARLX_TRIG}
#   - {width: 9}
#   - {precision: '4'}
#   - values: {'null': .nan}
# - name: e_Plx
#   unit: mas
#   datatype: float32
#   format: '{:7.4f}'
#   description: '? Standard error of parallax (parallax_error)'
#   meta: !!omap
#   - {ucd: ERROR}
#   - {width: 7}
#   - {precision: '4'}
#   - values: {'null': .nan}
# - name: pmRA
#   unit: mas / yr
#   datatype: float64
#   format: '{:9.3f}'
#   description: '? Proper motion in right ascension direction, pmRA*cosDE (pmra)'
#   meta: !!omap
#   - {ucd: POS_EQ_PMRA}
#   - {width: 9}
#   - {precision: '3'}
#   - values: {'null': .nan}
# - name: pmDE
#   unit: mas / yr
#   datatype: float64
#   format: '{:9.3f}'
#   description: '? Proper motion in declination direction (pmdec)'
#   meta: !!omap
#   - {ucd: POS_EQ_PMDEC}
#   - {width: 9}
#   - {precision: '3'}
#   - values: {'null': .nan}
# - name: e_pmRA
#   unit: mas / yr
#   datatype: float32
#   format: '{:6.3f}'
#   description: '? Standard error of proper motion in right ascension direction (pmra_error)'
#   meta: !!omap
#   - {ucd: ERROR}
#   - {width: 6}
#   - {precision: '3'}
#   - values: {'null': .nan}
# - name: e_pmDE
[...]
#         unit: &id001 !astropy.units.Unit {unit: deg}
#         value: !astropy.table.SerializedColumn {name: SkyCoord.dec}
#       distance: !astropy.table.SerializedColumn
#         __class__: astropy.coordinates.distances.Distance
#         unit: !astropy.units.Unit {unit: pc}
#         value: !astropy.table.SerializedColumn {name: SkyCoord.distance}
#       frame: icrs
#       obstime: !astropy.time.Time {format: jyear_str, in_subfmt: '*', jd1: 367701545.0, jd2: 0.0, out_subfmt: '*', precision: 3, scale: tt}
#       pm_dec: !astropy.table.SerializedColumn
#         __class__: astropy.units.quantity.Quantity
#         unit: !astropy.units.Unit {unit: mas / yr}
#         value: !astropy.table.SerializedColumn {name: SkyCoord.pm_dec}
#       pm_ra_cosdec: !astropy.table.SerializedColumn
#         __class__: astropy.units.quantity.Quantity
#         unit: !astropy.units.Unit {unit: mas / yr}
#         value: !astropy.table.SerializedColumn {name: SkyCoord.pm_ra_cosdec}
#       ra: !astropy.table.SerializedColumn
#         __class__: astropy.coordinates.angles.Longitude
#         unit: *id001
#         value: !astropy.table.SerializedColumn {name: SkyCoord.ra}
#         wrap_angle: !astropy.coordinates.Angle
#           unit: *id001
#           value: 360.0
#       representation_type: spherical
# schema: astropy-2.0
RA_ICRS_1 DE_ICRS_1 e_RA_ICRS e_DE_ICRS _r_1 HIP TYC2 Source rgeo Plx e_Plx pmRA pmDE e_pmRA e_pmDE RUWE Teff logg Gmag BP-RP BPmag RPmag RV e_RV b_rgeo B_rgeo FG e_FG FBP e_FBP FRP e_FRP RAVE5 RAVE6 e_Gmag e_BPmag e_RPmag e_BP-RP SkyCoord.ra SkyCoord.dec SkyCoord.distance SkyCoord.pm_ra_cosdec SkyCoord.pm_dec
[from data line 390]
350.94943490837 66.45565831761 0.0159 0.018 131.1554 "" "" 2210472886750592000 418.745941 2.3755 0.0193 -5.646 -0.037 0.022 0.021 1.86 5757.5 4.0517 12.557388 1.163665 13.052599 11.888934 -9.57 5.6 415.365021 422.129089 178645.23426 41.915 82106.0 74.122 139180.0 88.542 "" "" 0.0027670712727322568 0.002957323 0.00384198 0.006799303 350.94943490837 66.45565831761 418.745941 -5.646000000000001 -0.03700000000000017
345.33174168392 63.74705263058 0.0083 0.009 84.9686 "" "" 2208460917910293248 333.775024 2.9818 0.01 -18.92 -7.304 0.011 0.012 0.93 5868.8 4.2307 12.563456 1.116972 13.035887 11.918915 -8.96 1.62 332.591064 334.852905 177649.67846 31.638 83380.0 77.034 135390.0 44.754 "" "" 0.002762096646454622 0.002965006 0.0037963844 0.0067613907 345.33174168392 63.74705263058 333.775024 -18.92 -7.303999999999999
344.8125983938 63.71224322148 0.0077 0.0083 94.8646 "" "" 2208096391144670720 377.927399 2.6331 0.0092 -16.3 -8.46 0.01 0.01 0.892 5849.2 4.197 12.564095 1.02253 12.989596 11.967067 -39.05 0.99 376.556854 379.289062 177545.13151 29.732 87012.0 43.444 129520.0 52.276 "" "" 0.002761312661750236 0.0028423432 0.0038047025 0.0066470457 344.8125983938 63.71224322148 377.927399 -16.300000000000004 -8.460000000000003
348.76323977027 65.73091745582 0.0102 0.0103 62.9843 "" "" 2208925732149694464 336.131073 2.9611 0.0121 -26.619 -20.703 0.014 0.013 1.181 5900.5 4.3397 12.564338 0.95611 12.950387 11.994277 -30.27 2.17 334.513214 337.696014 177505.44287 24.159 90212.0 51.799 126310.0 60.729 "" "" 0.0027592799627621663 0.0028589687 0.0038152623 0.006674231 348.76323977027 65.73091745582 336.131073 -26.619 -20.703
350.46386784806 63.86990120431 0.0967 0.1029 105.7218 "" "" 2209037233804609920 433.52594 2.2851 0.1144 -5.117 -2.419 0.124 0.128 11.134 "" "" 12.570173 0.960985 12.959913 11.998928 -25.06 1.76 415.921234 453.72583 176554.0221 57.554 89423.0 64.464 125770.0 65.982 "" "" 0.0027779594377735414 0.0028978714 0.0038220643 0.0067199357 350.46386784806 63.86990120431 433.52594 -5.117 -2.419
348.2673642064 66.26495530165 0.0094 0.0103 85.3523 "" "" 2209012559208530560 435.590393 2.2845 0.0108 7.773 2.709 0.012 0.013 1.035 5326.4 4.1233 12.57395 1.236646 13.116341 11.879695 -25.38 0.6 433.318512 437.495728 175940.89339 26.607 77425.0 36.033 140370.0 34.547 "" "" 0.002760208070745152 0.0028355545 0.0037888165 0.006624371 348.2673642064 66.26495530165 435.590393 7.772999999999999 2.7089999999999996
350.05965647896 66.19386235285 0.0214 0.0213 104.8449 "" "" 2210440000179632256 408.130096 2.4392 0.0245 12.6 2.892 0.027 0.025 2.217 "" "" 12.575337 1.18263 13.088157 11.905527 -36.55 2.43 404.440308 412.333801 175716.12641 28.537 79461.0 43.299 137070.0 33.669 "" "" 0.0027609565244219466 0.0028522045 0.0037887797 0.006640984 350.05965647896 66.19386235285 408.130096 12.6 2.8920000000000003
347.21739465441 65.70445549885 0.0087 0.0089 47.37 "" "" 2208960096191659008 385.198242 2.5801 0.0102 -3.074 -5.646 0.012 0.011 0.977 5725.0 4.3318 12.575586 0.887539 12.934267 12.046728 -12.3 1.94 383.736359 386.555786 175675.96373 34.217 91561.0 70.368 120360.0 64.993 "" "" 0.0027634236051757386 0.0029122704 0.0038245858 0.006736856 347.21739465441 65.70445549885 385.198242 -3.074 -5.646000000000001
348.13301827901 64.07970024805 0.0147 0.0152 55.8344 "" "" 2207781862100980224 406.220215 2.4473 0.0175 8.786 -9.515 0.019 0.019 1.706 5323.1 4.2062 12.576474 1.055539 13.017614 11.962075 -21.27 0.84 403.449371 409.029266 175532.31337 25.284 84795.0 42.813 130120.0 38.159 "" "" 0.0027597550056557463 0.0028435118 0.0037927704 0.0066362824 348.13301827901 64.07970024805 406.220215 8.786 -9.515
348.66910822814 64.31025925679 0.0089 0.0095 52.7512 "" "" 2207855529380021248 356.67276 2.7898 0.0107 10.188 -1.911 0.013 0.012 0.995 5800.0 4.2485 12.584216 1.038102 13.018071 11.979969 -24.21 6.08 355.450195 357.898468 174285.19085 51.225 84760.0 87.475 127990.0 83.682 "" "" 0.002773738110713829 0.003006759 0.003845471 0.00685223 348.66910822814 64.31025925679 356.67276 10.188 -1.9110000000000003
345.05199173953 65.66633873796 0.0084 0.0081 69.8663 "" "" 2211888645408622976 391.578674 2.5408 0.0092 25.461 1.665 0.011 0.01 0.953 5751.2 4.2763 12.613932 0.978186 13.015894 12.037708 37.02 1.38 390.290497 393.145935 169579.84672 26.21 84930.0 44.147 121360.0 36.069 "" "" 0.002760425601440639 0.0028466757 0.0037931325 0.0066398084 345.05199173953 65.66633873796 391.578674 25.461000000000002 1.664999999999999
348.94261650572 65.54175056577 0.0137 0.014 58.0968 "" "" 2208729130031863552 423.089569 2.3511 0.0164 -22.187 -16.821 0.018 0.017 1.651 5621.7 4.0404 12.617902 1.156015 13.113777 11.957762 -46.89 1.61 420.580627 425.666107 168960.88705 24.947 77608.0 52.365 130630.0 39.184 "" "" 0.0027599797480990906 0.0028847412 0.0037933881 0.0066781295 348.94261650572 65.54175056577 423.089569 -22.187000000000005 -16.821
349.5654565755 63.47883515746 0.0081 0.0083 106.3111 "" "" 2207517640014053120 302.438324 3.2909 0.0098 25.183 25.563 0.011 0.011 0.944 5534.7 4.4595 12.618436 0.930346 13.001638 12.071293 21.5 1.0 301.292969 303.283417 168877.74096 24.757 86052.0 48.691 117660.0 27.407 "" "" 0.0027599136171051596 0.0028570034 0.0037878342 0.0066448376 349.5654565755 63.47883515746 302.438324 25.183000000000003 25.563
344.7562624526 63.50835737995 0.1973 0.1822 105.4794 "" "" 2208081448956022400 361.101898 2.8822 0.2177 19.929 0.84 0.294 0.245 16.157 "" "" 12.620671 "" "" "" -18.98 3.28 327.083801 395.642548 168530.46709 467.91 "" "" "" "" "" "" 0.00408395675576352 "" "" "" 344.7562624526 63.50835737995 361.101898 19.929 0.8399999999999995
350.63147637481 63.54520439976 0.0107 0.0101 121.8652 "" "" 2016866446929591680 296.068512 3.3651 0.0123 27.091 22.676 0.015 0.014 1.054 5125.1 4.3763 12.62426 1.088974 13.088386 11.999412 3.55 3.25 294.869598 297.312622 167974.21439 24.215 79444.0 39.349 125720.0 42.965 "" "" 0.002759762218040571 0.0028415215 0.0037975528 0.0066390745 350.63147637481 63.54520439976 296.068512 27.091000000000008 22.676000000000002
350.17312250755 64.15401549684 0.0076 0.0075 89.68 "" "" 2209106017697982976 391.715393 2.5379 0.009 -2.526 -12.553 0.01 0.01 0.894 5499.4 4.3265 12.633959 0.955828 13.028591 12.072763 -54.8 0.88 390.447571 392.898804 166480.48882 24.143 83942.0 41.85 117500.0 41.103 "" "" 0.00275981539103235 0.0028421923 0.003798418 0.0066406103 350.17312250755 64.15401549684 391.715393 -2.526 -12.553
345.90224300948 62.9927034344 0.0102 0.0113 120.1551 "" "" 2207621470842487936 320.101349 3.1073 0.0125 27.085 7.354 0.014 0.014 1.162 5420.0 4.3849 12.636016 1.017101 13.060451 12.043349 -8.29 1.93 319.078308 321.089447 166165.36934 64.541 81515.0 93.053 120730.0 95.485 "" "" 0.0027874061980216218 0.003053064 0.0038757066 0.006928771 345.90224300948 62.9927034344 320.101349 27.085 7.354
349.33542421669 63.93976197401 0.0091 0.0092 80.8549 "" "" 2207600786279592960 321.96048 3.0883 0.0102 20.322 9.891 0.013 0.012 0.929 5717.3 4.4448 12.63896 0.858956 12.984626 12.12567 -28.43 0.99 320.879333 323.110748 165715.30004 25.905 87411.0 44.425 111920.0 40.259 "" "" 0.0027605426841832057 0.0028442112 0.0037995076 0.006643719 349.33542421669 63.93976197401 321.96048 20.322 9.891
344.20087711626 65.6737415849 0.0093 0.009 87.4853 "" "" 2211921145423721728 332.986603 2.9911 0.0103 12.095 3.914 0.012 0.012 1.046 5199.6 4.2844 12.644165 1.217348 13.175511 11.958163 -12.48 2.26 331.878174 334.105103 164922.82391 80.519 73318.0 125.68 130580.0 160.88 "" "" 0.002805846543545088 0.0033539385 0.004009126 0.0073630647 344.20087711626 65.6737415849 332.986603 12.095000000000002 3.914
350.61877363148 66.0009101346 0.0094 0.0097 107.6127 "" "" 2210265697528580224 309.655945 3.216 0.0113 33.618 3.486 0.012 0.013 1.008 5662.0 4.4464 12.6464 0.911799 13.01762 12.105821 21.66 1.98 308.527191 310.581726 164583.55936 26.202 84795.0 47.857 113980.0 35.221 "" "" 0.0027607366634701787 0.0028566655 0.0037942443 0.00665091 350.61877363148 66.0009101346 309.655945 33.61800000000001 3.486
348.32035661758 62.9663747661 0.0079 0.009 120.7157 "" "" 2207471872842131584 428.095459 2.322 0.0097 3.297 10.212 0.011 0.011 0.921 6025.9 4.2231 12.647336 0.857408 12.989422 12.132014 26.57 1.54 425.949921 429.718964 164441.8891 25.064 87026.0 41.035 111260.0 41.832 "" "" 0.0027602853370293076 0.0028367487 0.0038013642 0.006638113 348.32035661758 62.9663747661 428.095459 3.2970000000000015 10.212
350.18662869985 64.70809439958 0.0094 0.0094 77.749 "" "" 2209328153409132288 414.305511 2.4011 0.0112 -5.288 5.037 0.012 0.012 1.081 5697.2 4.179 12.650238 1.028191 13.072004 12.043814 2.73 5.24 412.528168 416.470856 164002.97185 62.005 80652.0 145.58 120680.0 165.13 "" "" 0.002785729506090077 0.00340967 0.0040608947 0.007470565 350.18662869985 64.70809439958 414.305511 -5.287999999999999 5.037
348.40398519707 65.70276009392 0.0081 0.0083 56.3311 "" "" 2208930576872806144 411.811584 2.412 0.0094 -3.055 -13.125 0.011 0.011 0.909 5973.5 4.3135 12.65398 0.911899 13.023225 12.111326 -15.23 2.67 410.207947 413.548523 163438.60847 25.725 84358.0 39.846 113400.0 30.58 "" "" 0.002760614772862241 0.0028369091 0.0037907057 0.0066276146 348.40398519707 65.70276009392 411.811584 -3.055000000000001 -13.125000000000002
346.81087681738 63.30065624139 0.0105 0.009 97.3499 "" "" 2207647554184511360 424.79306 2.3365 0.0117 -17.999 -6.329 0.013 0.011 0.991 5814.8 4.2178 12.655829 0.913568 13.027857 12.114289 -29.98 1.17 422.796936 427.269714 163160.48572 26.009 83999.0 49.53 113090.0 53.319 "" "" 0.00276075065379557 0.002862675 0.003813891 0.006676566 346.81087681738 63.30065624139 424.79306 -17.998999999999995 -6.328999999999999
346.56976842566 64.19486005084 0.0091 0.008 45.9946 "" "" 2208502252676475904 341.23407 2.9148 0.0103 19.151 23.385 0.012 0.011 0.892 5204.2 4.3398 12.656533 1.025719 13.088307 12.062589 -49.58 0.81 340.122223 342.389648 163054.77152 25.528 79450.0 44.675 118610.0 46.784 "" "" 0.002760558621641126 0.0028561817 0.0038035677 0.0066597494 346.56976842566 64.19486005084 341.23407 19.151000000000003 23.38500000000001
342.71137912518 64.18858765862 0.0093 0.0097 123.1641 "" "" 2208396699559502848 318.69342 3.1224 0.0114 -16.646 -10.192 0.013 0.012 1.016 5918.5 4.3997 12.657494 0.938976 13.039349 12.100372 -28.62 2.15 317.426544 319.992584 162910.5366 25.286 83115.0 46.569 114550.0 54.651 "" "" 0.002760468962440695 0.0028557167 0.0038147147 0.0066704312 342.71137912518 64.18858765862 318.69342 -16.646000000000004 -10.192000000000002
347.18100682925 63.26450595582 0.009 0.0087 99.0359 "" "" 2207463970098981248 317.622986 3.1341 0.0104 20.189 7.366 0.012 0.011 0.957 5366.7 4.4387 12.660444 0.965809 13.06097 12.095161 -13.28 1.6 316.657654 318.493713 162468.39654 27.31 81476.0 56.693 115100.0 41.664 "" "" 0.0027613579694085754 0.0028906402 0.0037997616 0.0066904016 347.18100682925 63.26450595582 317.622986 20.189 7.365999999999999
346.68218969141 62.82857926141 0.0077 0.0077 125.8815 "" "" 2207433935390085760 383.595215 2.5959 0.0089 7.139 -2.341 0.01 0.01 0.947 5634.1 4.1904 12.673547 1.09427 13.13654 12.042271 -12.81 2.64 381.983307 384.750702 160519.55009 127.45 75998.0 231.69 120850.0 267.87 "" "" 0.0028870283102510118 0.0043291133 0.004480557 0.008809671 346.68218969141 62.82857926141 383.595215 7.139 -2.3409999999999993
345.24755104364 66.75974815085 0.0098 0.0111 120.4186 "" "" 2212228115323691008 317.60025 3.1384 0.0111 0.961 -10.283 0.012 0.013 1.023 5343.2 4.3698 12.674 1.050828 13.116323 12.065496 -27.93 0.82 316.376404 318.689636 160452.69606 28.043 77426.0 53.114 118290.0 43.438 "" "" 0.002761846805297178 0.00288787 0.0038003537 0.0066882237 345.24755104364 66.75974815085 317.60025 0.9610000000000001 -10.282999999999998
348.98461870635 66.3634831059 0.0095 0.0093 97.6904 "" "" 2210512602306458880 319.019104 3.1183 0.0108 -9.838 -4.295 0.012 0.012 1.018 5490.8 4.4354 12.676739 1.032452 13.058581 12.02613 -9.0 3.29 317.768768 320.176697 160048.36742 48.52 81655.0 255.54 122660.0 1098.9 "" "" 0.002774910652124824 0.0043966155 0.010435445 0.014832061 348.98461870635 66.3634831059 319.019104 -9.838 -4.294999999999999
344.09592178934 64.45464862886 0.0097 0.0101 83.8161 "" "" 2208381272036289536 432.148041 2.3012 0.0112 0.178 -21.739 0.014 0.013 1.074 5885.3 4.0247 12.680529 1.193782 13.194114 12.000332 -43.02 0.95 430.204468 434.461548 159490.65903 23.031 72073.0 41.56 125610.0 34.688 "" "" 0.002759777281023778 0.002859549 0.0037912566 0.0066508055 344.09592178934 64.45464862886 432.148041 0.17799999999999905 -21.738999999999997
348.8565299214 63.7773838763 0.0304 0.0382 80.9556 "" "" 2207592509883702528 309.531433 3.22 0.0395 2.256 -11.798 0.04 0.045 3.094 5066.1 4.3787 12.68304 1.020899 13.111062 12.090163 -16.3 0.99 305.80481 312.511383 159122.24065 99.534 77802.0 167.89 115640.0 185.16 "" "" 0.0028377865168256514 0.0036433975 0.0041600424 0.00780344 348.8565299214 63.7773838763 309.531433 2.2559999999999993 -11.797999999999996
349.15165188835 64.61591864542 0.0081 0.0082 53.5132 "" "" 2207869582512996096 435.673279 2.2795 0.0097 2.486 25.926 0.011 0.011 0.852 5586.7 4.2395 12.689747 0.943353 13.074928 12.131576 27.48 1.71 433.752625 437.091736 158142.21832 23.76 80435.0 40.232 111310.0 32.659 "" "" 0.002760144826161042 0.0028425283 0.0037927837 0.006635312 349.15165188835 64.61591864542 435.673279 2.4859999999999998 25.926
349.24170268503 65.21142336714 0.0091 0.0087 55.0819 "" "" 2208659311042379008 413.7341 2.4023 0.0107 23.18 2.988 0.012 0.011 0.97 5747.6 4.2004 12.694379 1.002327 13.112324 12.109997 -6.74 2.39 412.010864 415.675446 157469.1066 23.967 77712.0 38.872 113540.0 36.945 "" "" 0.0027602712019697633 0.0028425334 0.0037958585 0.006638392 349.24170268503 65.21142336714 413.7341 23.18 2.9879999999999995
349.40705094361 65.68091919768 0.0089 0.0089 72.2944 "" "" 2210231647027117568 380.380981 2.6111 0.0101 -19.228 -17.517 0.013 0.011 0.872 5982.5 4.3042 12.697211 0.906291 13.063472 12.157181 -15.2 1.04 378.681641 382.108398 157058.75408 25.631 81288.0 50.323 108710.0 38.532 "" "" 0.0027610114160954336 0.0028699879 0.0037989244 0.0066689122 349.40705094361 65.68091919768 380.380981 -19.228 -17.517
348.618544991 64.35296021038 0.0087 0.0091 50.0328 "" "" 2207856598834968704 391.78833 2.5355 0.0105 -22.607 -6.578 0.012 0.012 0.973 5320.1 4.2427 12.70064 0.996739 13.113207 12.116467 -72.5 6.91 390.502441 393.2948 156563.66419 77.908 77649.0 125.78 112870.0 117.03 "" "" 0.0028077904407366946 0.0032982104 0.0039434815 0.007241692 348.618544991 64.35296021038 391.78833 -22.607000000000003 -6.578000000000001
344.78736900733 66.56460052362 0.0084 0.0093 115.2048 "" "" 2212218395817702272 353.227875 2.815 0.0098 3.961 -6.73 0.012 0.012 0.991 5763.0 4.2606 12.701094 1.092805 13.163361 12.070556 9.82 1.01 351.989166 354.382172 156498.12865 27.752 74143.0 38.513 117740.0 40.742 "" "" 0.002762038937461236 0.0028465977 0.0037980098 0.0066446075 344.78736900733 66.56460052362 353.227875 3.961 -6.730000000000001
347.15751773302 65.96275726393 0.0113 0.0109 62.8619 "" "" 2211980488989519488 389.596222 2.5522 0.013 -13.841 -9.081 0.015 0.014 1.261 5457.0 4.2915 12.701468 0.951703 13.090977 12.139274 -38.27 3.44 387.609375 391.488403 156444.21441 21.282 79255.0 39.977 110520.0 29.972 "" "" 0.002759276058169116 0.002843409 0.003790834 0.006634243 347.15751773302 65.96275726393 389.596222 -13.841 -9.081
