Clusters/Ruprecht_170/Ruprecht_170_members.tsv
# %ECSV 1.0
# ---
# datatype:
# - name: RA_ICRS_1
#   unit: deg
#   datatype: float64
#   format: '{:15.11f}'
#   description: Right ascension (ICRS) at Ep=2016.0 (ra)
#   meta: !!omap
#   - {ucd: POS_EQ_RA_MAIN}
#   - {width: 15}
#   - {precision: '11'}
# - name: DE_ICRS_1
#   unit: deg
#   datatype: float64
#   format: '{:15.11f}'
#   description: Declination (ICRS) at Ep=2016.0 (dec)
#   meta: !!omap
#   - {ucd: POS_EQ_DEC_MAIN}
#   - {width: 15}
#   - {precision: '11'}
# - name: e_RA_ICRS
#   unit: mas
#   datatype: float64
#   format: '{:7.4f}'
#   description: Standard error of right ascension (ra_error)
#   meta: !!omap
#   - {ucd: ERROR}
#   - {width: 7}
#   - {precision: '4'}
# - name: e_DE_ICRS
#   unit: mas
#   datatype: float64
#   format: '{:7.4f}'
#   description: Standard error of declination (dec_error)
#   meta: !!omap
#   - {ucd: ERROR}
#   - {width: 7}
#   - {precision: '4'}
# - name: _r_1
#   unit: ''
#   datatype: float64
#   format: '{:7.4f}'
#   description: Distance from center (276.32450670000-09.98599423000)[ICRS], at Epoch=J2016.0
#   meta: !!omap
#   - {ucd: POS_ANG_DIST_GENERAL}
#   - {width: 7}
#   - {precision: '4'}
# - name: HIP
#   datatype: int32
#   description: '? HIP cross-id number, van Leeuwen, Cat. I/311 (hip_original_ext_source_id)'
#   meta: !!omap
#   - {ucd: ID_NUMBER}
#   - {width: 6}
#   - values: {'null': -2147483648}
# - name: TYC2
#   datatype: string
#   description: Tycho-2 cross-id name, Hog et al., Cat. I/259 (tyc2_original_ext_source_id)
#   meta: !!omap
#   - {ucd: ID_CROSSID}
#   - {_votable_string_dtype: char}
# - name: Source
#   datatype: int64
#   description: Source identifier, identical to the Gaia-EDR3 source_id (id)
#   meta: !!omap
#   - {ucd: ID_MAIN}
#   - {width: 19}
# - name: rgeo
#   unit: pc
#   datatype: float64
#   format: '{:15.8f}'
#   description: '? Median of the geometric distance posterior (r_med_geo)'
#   meta: !!omap
#   - {ucd: PHYS_DISTANCE_TRUE}
#   - {width: 15}
#   - {precision: '8'}
#   - values: {'null': .nan}
# - name: Plx
#   unit: mas
#   datatype: float64
#   format: '{:9.4f}'
#   description: '? Parallax (parallax)'
#   meta: !!omap
#   - {ucd: POS_PARLX_TRIG}
#   - {width: 9}
#   - {precision: '4'}
#   - values: {'null': .nan}
# - name: e_Plx
#   unit: mas
#   datatype: float32
#   format: '{:7.4f}'
#   description: '? Standard error of parallax (parallax_error)'
#   meta: !!omap
#   - {ucd: ERROR}
#   - {width: 7}
#   - {precision: '4'}
#   - values: {'null': .nan}
# - name: pmRA
#   unit: mas / yr
#   datatype: float64
#   format: '{:9.3f}'
#   description: '? Proper motion in right ascension direction, pmRA*cosDE (pmra)'
#   meta: !!omap
#   - {ucd: POS_EQ_PMRA}
#   - {width: 9}
#   - {precision: '3'}
#   - values: {'null': .nan}
# - name: pmDE
#   unit: mas / yr
#   datatype: float64
#   format: '{:9.3f}'
#   description: '? Proper motion in declination direction (pmdec)'
#   meta: !!omap
#   - {ucd: POS_EQ_PMDEC}
#   - {width: 9}
#   - {precision: '3'}
#   - values: {'null': .nan}
# - name: e_pmRA
#   unit: mas / yr
#   datatype: float32
#   format: '{:6.3f}'
#   description: '? Standard error of proper motion in right ascension direction (pmra_error)'
#   meta: !!omap
#   - {ucd: ERROR}
#   - {width: 6}
#   - {precision: '3'}
#   - values: {'null': .nan}
# - name: e_pmDE
[...]
#       distance: !astropy.table.SerializedColumn
#         __class__: astropy.coordinates.distances.Distance
#         unit: !astropy.units.Unit {unit: pc}
#         value: !astropy.table.SerializedColumn {name: SkyCoord.distance}
#       frame: icrs
#       obstime: !astropy.time.Time {format: jyear_str, in_subfmt: '*', jd1: 367701545.0, jd2: 0.0, out_subfmt: '*', precision: 3, scale: tt}
#       pm_dec: !astropy.table.SerializedColumn
#         __class__: astropy.units.quantity.Quantity
#         unit: !astropy.units.Unit {unit: mas / yr}
#         value: !astropy.table.SerializedColumn {name: SkyCoord.pm_dec}
#       pm_ra_cosdec: !astropy.table.SerializedColumn
#         __class__: astropy.units.quantity.Quantity
#         unit: !astropy.units.Unit {unit: mas / yr}
#         value: !astropy.table.SerializedColumn {name: SkyCoord.pm_ra_cosdec}
#       ra: !astropy.table.SerializedColumn
#         __class__: astropy.coordinates.angles.Longitude
#         unit: *id001
#         value: !astropy.table.SerializedColumn {name: SkyCoord.ra}
#         wrap_angle: !astropy.coordinates.Angle
#           unit: *id001
#           value: 360.0
#       representation_type: spherical
# schema: astropy-2.0
RA_ICRS_1 DE_ICRS_1 e_RA_ICRS e_DE_ICRS _r_1 HIP TYC2 Source rgeo Plx e_Plx pmRA pmDE e_pmRA e_pmDE RUWE Teff logg Gmag BP-RP BPmag RPmag RV e_RV b_rgeo B_rgeo FG e_FG FBP e_FBP FRP e_FRP RAVE5 RAVE6 e_Gmag e_BPmag e_RPmag e_BP-RP SkyCoord.ra SkyCoord.dec SkyCoord.distance SkyCoord.pm_ra_cosdec SkyCoord.pm_dec rmRA rmDE e_rmRA e_rmDE rRV e_rRV v_pec v_pec3d e_vpec e_vpec3d Pmemb
276.09096349448 -9.91620881832 0.0116 0.0106 14.4229 "" "" 4156000644175301248 1856.71545 0.5144 0.0133 0.539 -0.34 0.014 0.012 0.869 "" "" 12.323906 0.91065 12.682786 11.772136 13.52 16.04 1820.30164 1907.9137 221505.39725 44.589 115430.0 128.9 154990.0 84.487 "" "" 0.002763974897041109 0.0030422108 0.0038254426 0.0068676537 276.09096349448 -9.91620881832 1856.71545 0.539 -0.34 0.04287880206108097 -0.17248484134674075 0.10934523 0.10734523 0.0 32.08 1.5642128161213347 1.5642128161213347 0.1680944632599984 0.1680944632599984 0.9
276.34752026524 -9.99346908272 0.0144 0.0131 1.4319 "" "" 4155985079212908032 1896.38037 0.4898 0.0166 0.464 -0.159 0.017 0.014 0.895 "" "" 13.366404 0.969345 13.753094 12.783749 "" "" 1828.41858 1960.30481 84797.93276 25.594 43070.0 47.049 61046.0 42.1 "" "" 0.002774739097960743 0.0030317886 0.0038528412 0.00688463 276.34752026524 -9.99346908272 1896.38037 0.4639999999999997 -0.159 -0.032121197938919044 0.008515158653259275 0.11234523 0.10934523 "" "" 0.29870552480356505 "" 0.033500037357399766 "" 1.0
276.38007721991 -10.02307108981 0.0144 0.0132 3.9662 "" "" 4155981780677879680 2023.70435 0.4546 0.0167 0.432 -0.139 0.018 0.015 0.982 "" "" 13.568176 1.072877 14.009377 12.9365 "" "" 1974.76965 2090.23096 70416.76932 15.023 34015.0 33.539 53034.0 33.341 "" "" 0.002765039664739481 0.0029884963 0.003840525 0.0068290215 276.38007721991 -10.02307108981 2023.70435 0.432 -0.139 -0.06412119793891907 0.028515158653259265 0.11334523 0.11034523 "" "" 0.6731513984556847 "" 0.07596876434206941 "" 0.9
276.38523315309 -9.97642699784 0.0142 0.0127 3.6341 "" "" 4155985388450509824 1929.45068 0.4831 0.0163 0.466 -0.169 0.017 0.015 1.004 "" "" 13.59413 1.04962 14.023205 12.973585 "" "" 1870.74585 1990.48425 68753.5273 18.726 33584.0 39.608 51254.0 21.607 "" "" 0.002771143655804469 0.003069966 0.003806997 0.006876963 276.38523315309 -9.97642699784 1929.45068 0.4659999999999998 -0.169 -0.030121197938919042 -0.001484841346740734 0.11234523 0.11034523 "" "" 0.27581082194228745 "" 0.030984705861199766 "" 0.9
276.41395107833 -9.88958042624 0.0153 0.0134 7.8363 "" "" 4155992878873632768 2001.28394 0.4625 0.0179 0.601 0.105 0.019 0.016 0.98 "" "" 13.66993 0.98908 14.068681 13.0796 "" "" 1927.72754 2063.64185 64117.19868 22.249 32207.0 30.083 46486.0 27.857 "" "" 0.002780959284145777 0.0029687565 0.0038349773 0.0068037338 276.41395107833 -9.88958042624 2001.28394 0.6010000000000003 0.105 0.10487880206108091 0.27251515865325926 0.11434523 0.11134523 "" "" 2.769938290959136 "" 0.3095039693107684 "" 0.8
276.31947748024 -10.02825579046 0.0163 0.0146 2.553 "" "" 4155984696922271744 2055.46924 0.4444 0.0189 0.41 -0.231 0.019 0.016 1.064 9937.0 3.8673 13.828218 1.092526 14.265457 13.172932 "" "" 1983.23682 2131.72021 55419.1055 17.578 26868.0 51.383 42657.0 115.26 "" "" 0.002776757997532989 0.0034779925 0.0047843703 0.008262362 276.31947748024 -10.02825579046 2055.46924 0.4099999999999998 -0.231 -0.08612119793891909 -0.06348484134674073 0.11434523 0.11134523 "" "" 1.0424102902426968 "" 0.11810305478845848 "" 1.0
276.35159329944 -10.01984381829 0.029 0.0272 2.5858 "" "" 4155984769975185408 2253.65015 0.4086 0.0345 0.427 -0.139 0.034 0.028 1.93 14165.4 3.9466 13.905301 1.173634 14.328753 13.155118 "" "" 2100.66772 2405.14893 51620.98105 27.644 25346.0 22.972 43362.0 63.885 "" "" 0.0028159993892168983 0.0029586123 0.0041039586 0.007062571 276.35159329944 -10.01984381829 2253.65015 0.4269999999999998 -0.13899999999999996 -0.06912119793891908 0.028515158653259265 0.12934524 0.123345226 "" "" 0.7987372273675828 "" 0.1026297699714483 "" 1.0
276.3232408327 -10.0409009711 0.016 0.0143 3.2953 "" "" 4155984632537506432 1900.87683 0.4839 0.0182 0.377 -0.168 0.019 0.016 0.918 "" "" 13.960531 1.172836 14.454315 13.281479 "" "" 1818.55127 1962.60181 49060.75581 18.466 22578.0 33.742 38598.0 27.715 "" "" 0.0027854610013291173 0.0032276704 0.003858952 0.0070866225 276.3232408327 -10.0409009711 1900.87683 0.37699999999999984 -0.168 -0.11912119793891907 -0.0004848413467407331 0.11434523 0.11134523 "" "" 1.073309487271868 "" 0.1227277677161758 "" 0.8
276.14739678605 -9.90741832537 0.0165 0.0147 11.4796 "" "" 4155997792316896384 2048.49829 0.4525 0.0189 0.368 -0.292 0.02 0.017 0.956 "" "" 13.995686 0.930456 14.363621 13.433165 "" "" 1966.5791 2141.0293 47497.70997 10.993 24545.0 29.393 33565.0 32.562 "" "" 0.002766755126237852 0.0030782348 0.0039234105 0.0070016454 276.14739678605 -9.90741832537 2048.49829 0.368 -0.292 -0.12812119793891907 -0.1244848413467407 0.115345225 0.11234523 "" "" 1.734553393844869 "" 0.1975626404867433 "" 0.8
276.34905677167 -10.0298277129 0.0162 0.0152 3.0035 "" "" 4155984666895951616 2032.23914 0.4519 0.0199 0.451 -0.125 0.02 0.017 0.991 6993.3 3.2699 14.038577 1.163604 14.52602 13.362416 "" "" 1965.828 2130.7998 45657.88175 14.892 21135.0 27.242 35825.0 21.77 "" "" 0.0027779843056653943 0.0031214645 0.0038365389 0.006958003 276.34905677167 -10.0298277129 2032.23914 0.45100000000000035 -0.12499999999999999 -0.045121197938919055 0.04251515865325928 0.115345225 0.11234523 "" "" 0.5971925823250098 "" 0.06804663087366326 "" 1.0
276.31898716063 -10.09435352367 0.0176 0.016 6.5097 "" "" 4155979787813019904 2017.28174 0.4568 0.0193 0.44 -0.156 0.023 0.02 1.074 10488.2 3.7495 14.069551 1.14172 14.538569 13.39685 "" "" 1951.52686 2088.2085 44373.75338 15.188 20892.0 23.892 34707.0 30.332 "" "" 0.002780268078867561 0.0030539688 0.0038966765 0.0069506452 276.31898716063 -10.09435352367 2017.28174 0.44 -0.156 -0.056121197938919065 0.011515158653259278 0.11834523 0.115345225 "" "" 0.5478057775626324 "" 0.06476461609783545 "" 0.8
276.33125317465 -9.9965612136 0.0165 0.0147 0.7489 "" "" 4155985044853198336 1748.68823 0.5304 0.0186 0.571 -0.241 0.021 0.017 1.018 "" "" 14.092363 1.001771 14.495435 13.493664 "" "" 1694.08594 1801.08826 43451.14876 11.957 21739.0 22.718 31746.0 21.511 "" "" 0.0027714718690803487 0.0030120485 0.0038503206 0.0068623694 276.33125317465 -9.9965612136 1748.68823 0.5709999999999996 -0.24100000000000005 0.07487880206108088 -0.07348484134674071 0.11634523 0.11234523 "" "" 0.8696057221844786 "" 0.09948314387353699 "" 0.9
276.34784254354 -10.05567314524 0.0175 0.0159 4.4022 "" "" 4155981608879179776 1958.79138 0.4736 0.0196 0.689 -0.366 0.022 0.018 0.873 "" "" 14.218739 1.322575 14.790575 13.468 "" "" 1893.1908 2041.18384 38676.82166 58.487 16565.0 88.878 32506.0 128.48 "" "" 0.003207405989434881 0.0064591444 0.0057183574 0.012177502 276.34784254354 -10.05567314524 1958.79138 0.689 -0.36600000000000005 0.19287880206108088 -0.19848484134674071 0.11734523 0.11334523 "" "" 2.5696652872845425 "" 0.2962959627360899 "" 1.0
276.33319185575 -9.98884696996 0.018 0.016 0.541 "" "" 4155985079212949888 1928.35596 0.4807 0.0203 0.396 -0.301 0.022 0.018 0.977 "" "" 14.239967 1.08898 14.691787 13.602807 "" "" 1848.11804 2017.88831 37927.9771 9.351 18143.0 19.502 28710.0 27.173 "" "" 0.0027682926528773922 0.0030244149 0.003916594 0.0069410093 276.33319185575 -9.98884696996 1928.35596 0.3960000000000002 -0.301 -0.10012119793891905 -0.1334848413467407 0.11734523 0.11334523 "" "" 1.5251737644708652 "" 0.17509212159823853 "" 0.9
276.33399574687 -10.02871090901 0.0182 0.0167 2.6236 "" "" 4155984666895988992 1979.70776 0.4656 0.021 0.611 -0.32 0.022 0.02 0.953 "" "" 14.398484 1.223343 14.922461 13.699118 "" "" 1870.59412 2074.65356 32775.77857 10.156 14670.0 17.141 26273.0 20.716 "" "" 0.0027757835219837925 0.0030650343 0.0038751285 0.0069401627 276.33399574687 -10.02871090901 1979.70776 0.6110000000000003 -0.31999999999999984 0.11487880206108092 -0.15248484134674073 0.11734523 0.115345225 "" "" 1.7915166216106735 "" 0.20794734212440158 "" 1.0
276.36701349608 -10.06920689826 0.0202 0.0187 5.5888 "" "" 4155981398387391872 2066.19995 0.4483 0.0228 0.502 -0.187 0.023 0.02 0.918 7964.5 3.5724 14.412399 1.262989 14.951691 13.688702 "" "" 1969.5 2188.24585 32358.40693 9.1627 14280.0 16.181 26526.0 25.755 "" "" 0.0027724193174685093 0.0030493638 0.0039236485 0.0069730124 276.36701349608 -10.06920689826 2066.19995 0.5019999999999997 -0.187 0.005878802061080934 -0.019484841346740722 0.11834523 0.115345225 "" "" 0.1993268864184205 "" 0.023041890410064693 "" 1.0
276.50339142928 -9.93336195727 0.0201 0.0179 11.0329 "" "" 4155988893143676160 2030.34375 0.456 0.0233 0.531 -0.12 0.026 0.021 0.958 10888.2 4.2556 14.418269 1.125977 14.887019 13.761043 "" "" 1940.30688 2127.0564 32183.93125 17.639 15157.0 36.636 24817.0 68.443 "" "" 0.0028188443076449057 0.0038304278 0.0048218174 0.008652246 276.50339142928 -9.93336195727 2030.34375 0.5310000000000004 -0.12 0.03487880206108096 0.04751515865325928 0.12134523 0.11634523 "" "" 0.5672527938727295 "" 0.06700396059479564 "" 0.8
276.40151800668 -9.98862386089 0.0191 0.0171 4.5534 "" "" 4155982364793464320 2146.75 0.4273 0.0219 0.423 -0.202 0.023 0.019 1.034 "" "" 14.483793 1.191318 14.987683 13.796365 "" "" 2057.24658 2236.13843 30299.07512 8.9607 13815.0 19.279 24022.0 17.36 "" "" 0.0027739670125583975 0.00317502 0.0038599705 0.0070349905 276.40151800668 -9.98862386089 2146.75 0.42300000000000015 -0.202 -0.07312119793891908 -0.034484841346740736 0.11834523 0.11434523 "" "" 0.8226459680665209 "" 0.09676583582598466 "" 0.8
276.29543188973 -9.98350989773 0.0199 0.0181 1.7245 "" "" 4155985766407829504 2042.70007 0.4534 0.0236 0.513 -0.039 0.025 0.02 0.975 9206.9 3.6552 14.613534 1.085574 15.061841 13.976267 "" "" 1939.41138 2139.43604 26886.42359 7.3823 12903.0 20.499 20354.0 20.442 "" "" 0.002771400657279238 0.003280299 0.003933544 0.007213843 276.29543188973 -9.98350989773 2042.70007 0.513 -0.03899999999999999 0.016878802061080944 0.12851515865325927 0.12034523 0.115345225 "" "" 1.2550211012361319 "" 0.14486936299146572 "" 0.9
276.34376314415 -10.01434993744 0.021 0.0188 2.0468 "" "" 4155984838694695296 2046.36133 0.461 0.0237 0.427 -0.224 0.026 0.022 1.118 7955.4 3.8813 14.614215 1.124081 15.082972 13.958891 "" "" 1944.66284 2155.93042 26869.58082 8.7726 12654.0 18.183 20682.0 24.185 "" "" 0.002778029061898489 0.0031967277 0.0039869403 0.007183668 276.34376314415 -10.01434993744 2046.36133 0.427 -0.224 -0.06912119793891908 -0.05648484134674073 0.12134523 0.11734523 "" "" 0.8658504398199915 "" 0.10369394403324644 "" 1.0
276.45344123024 -10.06895080819 0.0212 0.0191 9.0998 "" "" 4155980852964742272 2010.91882 0.4555 0.0224 0.521 -0.212 0.027 0.023 0.945 9266.8 3.5533 14.661254 1.174762 15.153758 13.978996 "" "" 1925.91541 2097.32568 25730.31416 7.0666 11855.0 21.772 20303.0 26.667 "" "" 0.0027714085413280804 0.0034294326 0.0040394776 0.00746891 276.45344123024 -10.06895080819 2010.91882 0.5209999999999994 -0.212 0.02487880206108095 -0.04448484134674072 0.12234523 0.11834523 "" "" 0.4858256151743351 "" 0.057964060585323225 "" 1.0
276.36069162357 -10.00346162495 0.0232 0.0224 2.3812 "" "" 4155984804334945664 1840.03662 0.5066 0.0294 0.379 -0.249 0.03 0.024 1.087 9372.4 3.6027 14.791237 1.251799 15.306375 14.054577 "" "" 1758.69983 1939.81824 22827.16377 8.2565 10301.0 16.317 18938.0 23.738 "" "" 0.0027831651035006995 0.00327763 0.0040169447 0.0072945748 276.36069162357 -10.00346162495 1840.03662 0.379 -0.249 -0.11712119793891906 -0.08148484134674072 0.12534523 0.11934523 "" "" 1.244409571981578 "" 0.15358540544156213 "" 0.9
276.31452845108 -10.01710557984 0.0271 0.0245 1.9576 "" "" 4155984941773969664 1756.96106 0.5303 0.0305 0.464 -0.084 0.034 0.028 1.124 "" "" 15.124804 1.18727 15.597855 14.410584 "" "" 1659.42224 1833.16199 16789.01505 11.103 7875.4 18.76 13643.0 18.595 "" "" 0.0028473406720448268 0.0038044935 0.00405877 0.007863264 276.31452845108 -10.01710557984 1756.96106 0.464 -0.084 -0.032121197938919044 0.08351515865325927 0.12934524 0.123345226 "" "" 0.7451835710978122 "" 0.09250314050366584 "" 0.8
276.32945271309 -10.01500655973 0.026 0.0242 1.7651 "" "" 4155984735615511936 1811.68787 0.5168 0.0303 0.436 -0.282 0.031 0.026 1.013 "" "" 15.165234 1.164362 15.653623 14.489261 "" "" 1718.48157 1901.77869 16175.34126 6.096 7481.1 12.366 12690.0 19.316 "" "" 0.002785537432112424 0.0033175203 0.0041249203 0.007442441 276.32945271309 -10.01500655973 1811.68787 0.436 -0.28200000000000014 -0.06012119793891907 -0.1144848413467407 0.12634523 0.12134523 "" "" 1.1104454335026535 "" 0.13596665994741425 "" 1.0
276.3268770391 -10.01822167547 0.0283 0.0258 1.9387 "" "" 4155984731291685504 1863.29907 0.498 0.0323 0.472 -0.151 0.033 0.027 0.982 "" "" 15.230907 1.204067 15.734137 14.530069 "" "" 1754.18713 1988.25769 15225.922 6.163 6946.4 10.788 12222.0 37.203 "" "" 0.002790148117633402 0.003260103 0.005020575 0.008280678 276.3268770391 -10.01822167547 1863.29907 0.4719999999999997 -0.151 -0.024121197938919092 0.016515158653259282 0.12834522 0.12234523 "" "" 0.25818912513313413 "" 0.032650902572980776 "" 1.0
276.35624148169 -10.00147019869 0.0264 0.0241 2.0925 "" "" 4155984873054436992 1945.36218 0.4793 0.0305 0.632 0.006 0.034 0.028 0.924 "" "" 15.289654 1.242567 15.81505 14.572483 "" "" 1841.06335 2068.39136 14423.98606 5.5538 6447.6 20.793 11753.0 28.798 "" "" 0.0027868541459743967 0.0044771577 0.0046218135 0.009098971 276.35624148169 -10.00147019869 1945.36218 0.6319999999999997 0.005999999999999997 0.13587880206108094 0.17351515865325928 0.12934524 0.123345226 "" "" 2.032194921059564 "" 0.25536512284032625 "" 1.0
276.16827224253 -9.98426329867 0.03 0.0273 9.2327 "" "" 4155996452286829440 1771.14868 0.526 0.0348 0.554 -0.279 0.037 0.031 1.051 "" "" 15.577099 1.553219 16.293829 14.74061 "" "" 1677.77869 1877.71375 11068.97115 5.38 4148.4 16.105 10067.0 17.084 "" "" 0.0028054005713674993 0.005054882 0.0042045964 0.009259478 276.16827224253 -9.98426329867 1771.14868 0.554 -0.2789999999999999 0.05787880206108098 -0.11148484134674075 0.13234523 0.12634523 "" "" 1.0545585549485479 "" 0.13460665789706577 "" 1.0
276.38730088594 -9.88196532441 0.0328 0.0303 7.2617 "" "" 4155992775794516992 2178.44775 0.4299 0.0405 0.57 0.095 0.042 0.035 0.999 9228.4 3.5613 15.799509 1.796536 16.662264 14.865728 "" "" 2006.92651 2408.99829 9018.68038 4.7842 2954.7 7.9754 8971.5 11.942 "" "" 0.0028148742057772587 0.004046447 0.0040462837 0.008092731 276.38730088594 -9.88196532441 2178.44775 0.5699999999999996 0.09499999999999997 0.07387880206108088 0.26251515865325925 0.13734522 0.13034523 "" "" 2.8159896525620147 "" 0.3685332870646374 "" 0.8
276.31320431319 -10.04946981909 0.0358 0.0326 3.8666 "" "" 4155983150734173952 2146.14038 0.4296 0.0411 0.585 -0.221 0.043 0.035 1.063 "" "" 15.897242 1.620094 16.637993 15.017899 "" "" 1960.65674 2369.96533 8242.33497 4.1536 3021.5 15.559 7798.3 39.228 "" "" 0.002809119431170826 0.006248476 0.006641754 0.01289023 276.31320431319 -10.04946981909 2146.14038 0.585 -0.2210000000000001 0.0888788020610809 -0.053484841346740725 0.13834523 0.13034523 "" "" 1.0552224203297091 "" 0.1437890616081399 "" 0.9
276.40728525208 -9.99554116397 0.0359 0.0325 4.9248 "" "" 4155982364793437568 1775.70911 0.5328 0.0414 0.373 -0.109 0.044 0.036 0.962 9508.9 3.9849 15.986413 1.431085 16.586937 15.155852 "" "" 1644.78552 1920.20093 7592.44184 4.7463 3167.0 14.453 6867.8 15.751 "" "" 0.0028376867168059226 0.0056864764 0.004525955 0.010212431 276.40728525208 -9.99554116397 1775.70911 0.37299999999999994 -0.109 -0.12312119793891907 0.05851515865325928 0.13934523 0.13134523 "" "" 1.1473775873184855 "" 0.15823031433456597 "" 1.0
276.37776669641 -10.04009996166 0.0375 0.0347 4.5213 "" "" 4155981746318108544 1958.66248 0.4918 0.0437 0.431 -0.106 0.045 0.038 0.946 "" "" 16.073372 1.381482 16.690838 15.309356 "" "" 1798.66565 2142.6062 7008.05806 3.4592 2877.9 10.042 5962.3 11.588 "" "" 0.002806956124507584 0.004705091 0.004328577 0.009033668 276.37776669641 -10.04009996166 1958.66248 0.4309999999999998 -0.10600000000000004 -0.06512119793891907 0.06151515865325928 0.14034523 0.13334523 "" "" 0.8316821087391963 "" 0.11401441864393214 "" 0.9
