Clusters/Ruprecht_170/Ruprecht_170_stars_in_region.tsv
# %ECSV 1.0
# ---
# datatype:
# - name: RA_ICRS_1
#   unit: deg
#   datatype: float64
#   format: '{:15.11f}'
#   description: Right ascension (ICRS) at Ep=2016.0 (ra)
#   meta: !!omap
#   - {ucd: POS_EQ_RA_MAIN}
#   - {width: 15}
#   - {precision: '11'}
# - name: DE_ICRS_1
#   unit: deg
#   datatype: float64
#   format: '{:15.11f}'
#   description: Declination (ICRS) at Ep=2016.0 (dec)
#   meta: !!omap
#   - {ucd: POS_EQ_DEC_MAIN}
#   - {width: 15}
#   - {precision: '11'}
# - name: e_RA_ICRS
#   unit: mas
#   datatype: float64
#   format: '{:7.4f}'
#   description: Standard error of right ascension (ra_error)
#   meta: !!omap
#   - {ucd: ERROR}
#   - {width: 7}
#   - {precision: '4'}
# - name: e_DE_ICRS
#   unit: mas
#   datatype: float64
#   format: '{:7.4f}'
#   description: Standard error of declination (dec_error)
#   meta: !!omap
#   - {ucd: ERROR}
#   - {width: 7}
#   - {precision: '4'}
# - name: _r_1
#   unit: ''
#   datatype: float64
#   format: '{:7.4f}'
#   description: Distance from center (276.32450670000-09.98599423000)[ICRS], at Epoch=J2016.0
#   meta: !!omap
#   - {ucd: POS_ANG_DIST_GENERAL}
#   - {width: 7}
#   - {precision: '4'}
# - name: HIP
#   datatype: int32
#   description: '? HIP cross-id number, van Leeuwen, Cat. I/311 (hip_original_ext_source_id)'
#   meta: !!omap
#   - {ucd: ID_NUMBER}
#   - {width: 6}
#   - values: {'null': -2147483648}
# - name: TYC2
#   datatype: string
#   description: Tycho-2 cross-id name, Hog et al., Cat. I/259 (tyc2_original_ext_source_id)
#   meta: !!omap
#   - {ucd: ID_CROSSID}
#   - {_votable_string_dtype: char}
# - name: Source
#   datatype: int64
#   description: Source identifier, identical to the Gaia-EDR3 source_id (id)
#   meta: !!omap
#   - {ucd: ID_MAIN}
#   - {width: 19}
# - name: rgeo
#   unit: pc
#   datatype: float64
#   format: '{:15.8f}'
#   description: '? Median of the geometric distance posterior (r_med_geo)'
#   meta: !!omap
#   - {ucd: PHYS_DISTANCE_TRUE}
#   - {width: 15}
#   - {precision: '8'}
#   - values: {'null': .nan}
# - name: Plx
#   unit: mas
#   datatype: float64
#   format: '{:9.4f}'
#   description: '? Parallax (parallax)'
#   meta: !!omap
#   - {ucd: POS_PARLX_TRIG}
#   - {width: 9}
#   - {precision: '4'}
#   - values: {'null': .nan}
# - name: e_Plx
#   unit: mas
#   datatype: float32
#   format: '{:7.4f}'
#   description: '? Standard error of parallax (parallax_error)'
#   meta: !!omap
#   - {ucd: ERROR}
#   - {width: 7}
#   - {precision: '4'}
#   - values: {'null': .nan}
# - name: pmRA
#   unit: mas / yr
#   datatype: float64
#   format: '{:9.3f}'
#   description: '? Proper motion in right ascension direction, pmRA*cosDE (pmra)'
#   meta: !!omap
#   - {ucd: POS_EQ_PMRA}
#   - {width: 9}
#   - {precision: '3'}
#   - values: {'null': .nan}
# - name: pmDE
#   unit: mas / yr
#   datatype: float64
#   format: '{:9.3f}'
#   description: '? Proper motion in declination direction (pmdec)'
#   meta: !!omap
#   - {ucd: POS_EQ_PMDEC}
#   - {width: 9}
#   - {precision: '3'}
#   - values: {'null': .nan}
# - name: e_pmRA
#   unit: mas / yr
#   datatype: float32
#   format: '{:6.3f}'
#   description: '? Standard error of proper motion in right ascension direction (pmra_error)'
#   meta: !!omap
#   - {ucd: ERROR}
#   - {width: 6}
#   - {precision: '3'}
#   - values: {'null': .nan}
# - name: e_pmDE
[...]
#         unit: &id001 !astropy.units.Unit {unit: deg}
#         value: !astropy.table.SerializedColumn {name: SkyCoord.dec}
#       distance: !astropy.table.SerializedColumn
#         __class__: astropy.coordinates.distances.Distance
#         unit: !astropy.units.Unit {unit: pc}
#         value: !astropy.table.SerializedColumn {name: SkyCoord.distance}
#       frame: icrs
#       obstime: !astropy.time.Time {format: jyear_str, in_subfmt: '*', jd1: 367701545.0, jd2: 0.0, out_subfmt: '*', precision: 3, scale: tt}
#       pm_dec: !astropy.table.SerializedColumn
#         __class__: astropy.units.quantity.Quantity
#         unit: !astropy.units.Unit {unit: mas / yr}
#         value: !astropy.table.SerializedColumn {name: SkyCoord.pm_dec}
#       pm_ra_cosdec: !astropy.table.SerializedColumn
#         __class__: astropy.units.quantity.Quantity
#         unit: !astropy.units.Unit {unit: mas / yr}
#         value: !astropy.table.SerializedColumn {name: SkyCoord.pm_ra_cosdec}
#       ra: !astropy.table.SerializedColumn
#         __class__: astropy.coordinates.angles.Longitude
#         unit: *id001
#         value: !astropy.table.SerializedColumn {name: SkyCoord.ra}
#         wrap_angle: !astropy.coordinates.Angle
#           unit: *id001
#           value: 360.0
#       representation_type: spherical
# schema: astropy-2.0
RA_ICRS_1 DE_ICRS_1 e_RA_ICRS e_DE_ICRS _r_1 HIP TYC2 Source rgeo Plx e_Plx pmRA pmDE e_pmRA e_pmDE RUWE Teff logg Gmag BP-RP BPmag RPmag RV e_RV b_rgeo B_rgeo FG e_FG FBP e_FBP FRP e_FRP RAVE5 RAVE6 e_Gmag e_BPmag e_RPmag e_BP-RP SkyCoord.ra SkyCoord.dec SkyCoord.distance SkyCoord.pm_ra_cosdec SkyCoord.pm_dec
[from data line 1220]
276.18187810991 -10.19368626884 0.0498 0.045 15.0425 "" "" 4154477511298665600 2342.6604 0.4263 0.0555 -0.088 -3.771 0.064 0.05 0.994 8873.9 4.2504 16.429117 1.68293 17.21604 15.53311 "" "" 2048.81396 2741.95288 5050.09847 3.9122 1774.2 13.152 4851.9 18.227 "" "" 0.0028808386974970004 0.00851839 0.005560573 0.014078964 276.18187810991 -10.19368626884 2342.6604 -0.08799999999999998 -3.771
276.22186448457 -10.14228648804 0.0566 0.0517 11.1672 "" "" 4154478232868322688 2370.9043 0.3894 0.0624 3.049 -0.62 0.069 0.055 1.046 7925.7 3.5671 16.430367 3.378842 18.470865 15.092023 "" "" 2038.16003 2737.46313 5044.2869 4.3565 558.56 6.5718 7283.6 25.773 "" "" 0.0029105092169373443 0.013075514 0.0053892233 0.018464737 276.22186448457 -10.14228648804 2370.9043 3.048999999999999 -0.6200000000000001
276.12345218474 -10.18278855135 0.0542 0.048 16.7476 "" "" 4154479298020242944 2278.66284 0.4269 0.0609 0.191 -0.42 0.069 0.051 0.956 8505.4 2.9907 16.431898 2.4011 17.708103 15.307003 "" "" 1970.29993 2637.25317 5037.17607 4.1486 1127.7 11.925 5975.3 15.029 "" "" 0.0028967910058524354 0.0118154185 0.004662742 0.01647816 276.12345218474 -10.18278855135 2278.66284 0.191 -0.42
276.13636593178 -10.10840092888 0.0476 0.0437 13.3226 "" "" 4154482218598040576 2104.68604 0.4607 0.0545 2.195 -0.076 0.06 0.048 1.061 "" "" 16.433151 1.805635 17.313612 15.507977 "" "" 1924.01489 2408.69458 5031.37161 2.9069 1621.7 9.0479 4965.6 12.034 "" "" 0.002825824028730024 0.006669313 0.00460513 0.011274443 276.13636593178 -10.10840092888 2104.68604 2.1949999999999994 -0.07600000000000001
276.20844416458 -9.8858235377 0.0717 0.0672 9.1199 "" "" 4155999372864759552 2145.70239 0.4628 0.0825 -0.143 -3.456 0.087 0.072 1.702 "" "" 16.433985 2.169639 17.467363 15.297725 "" "" 1853.33643 2562.14941 5027.50622 5.1727 1407.6 9.8134 6026.5 28.902 "" "" 0.0029731606066831467 0.008067322 0.0064340117 0.014501333 276.20844416458 -9.8858235377 2145.70239 -0.143 -3.456
276.26947827756 -9.85606876259 0.0499 0.0467 8.4468 "" "" 4155999647742598272 2258.18433 0.4211 0.0575 1.177 0.157 0.062 0.058 1.044 7882.8 4.1802 16.436502 1.644877 17.215021 15.570145 "" "" 2007.97839 2572.59741 5015.86634 4.1027 1775.9 17.01 4689.2 11.778 "" "" 0.002894902618007907 0.010767241 0.004660543 0.015427784 276.26947827756 -9.85606876259 2258.18433 1.177 0.157
276.3818515232 -9.88849320648 0.0507 0.0456 6.7608 "" "" 4155992737105298688 1641.89917 0.589 0.0581 -1.193 -10.165 0.065 0.052 1.146 6009.1 4.3142 16.43706 1.76674 17.26991 15.503171 "" "" 1498.5863 1845.276 5013.28782 3.9863 1688.3 7.9585 4987.6 10.212 "" "" 0.002887405464810633 0.005829206 0.0043846946 0.0102139 276.3818515232 -9.88849320648 1641.89917 -1.1929999999999998 -10.164999999999997
276.4020153899 -10.02338715102 0.0485 0.0462 5.0998 "" "" 4155981952476529408 1753.93213 0.5612 0.0529 0.485 -0.198 0.059 0.05 1.008 9322.0 4.2926 16.43723 1.50283 17.127329 15.624499 "" "" 1620.43884 1911.33459 5012.50972 3.1873 1925.2 7.2858 4460.2 9.3993 "" "" 0.002840496839481849 0.0049667004 0.0044180197 0.00938472 276.4020153899 -10.02338715102 1753.93213 0.48500000000000004 -0.198
276.21963728401 -10.17616571598 0.0496 0.0454 12.9836 "" "" 4154478026709870080 1647.60095 0.5796 0.0572 -1.193 -1.694 0.063 0.048 0.975 4952.9 4.2796 16.438484 1.644932 17.214521 15.56959 "" "" 1521.75037 1777.15344 5006.7189 3.3919 1776.7 13.851 4691.6 13.315 "" "" 0.0028518113594969033 0.008912324 0.00487633 0.013788654 276.21963728401 -10.17616571598 1647.60095 -1.193 -1.694
276.32620709084 -9.8566775654 0.0461 0.0417 7.7597 "" "" 4156004831733350400 1643.35193 0.6172 0.0536 -4.189 -8.19 0.054 0.046 1.011 4848.4 4.3532 16.440817 1.582653 17.18578 15.603127 "" "" 1479.19373 1806.67981 4995.97625 3.3324 1824.3 10.618 4548.9 12.781 "" "" 0.002848905267835394 0.0069078887 0.004856931 0.01176482 276.32620709084 -9.8566775654 1643.35193 -4.189000000000001 -8.189999999999998
276.3472276452 -9.77808015817 0.0478 0.0448 12.5469 "" "" 4156006313531863424 1999.86414 0.4947 0.0572 -3.917 -7.94 0.058 0.05 1.01 5136.1 4.248 16.441113 1.741428 17.25884 15.517412 "" "" 1826.01526 2226.58398 4994.61042 3.6837 1705.6 7.0063 4922.6 15.349 "" "" 0.002869323867508594 0.0052608685 0.005073919 0.010334788 276.3472276452 -9.77808015817 1999.86414 -3.917 -7.9399999999999995
276.45336911204 -9.72691919861 0.0486 0.046 17.3107 "" "" 4156007649238036736 2194.09302 0.4353 0.0574 -1.011 -2.758 0.063 0.049 0.98 6077.4 4.2757 16.44298 1.653852 17.205954 15.552101 "" "" 2003.35339 2419.44165 4986.02867 3.4513 1790.8 13.679 4767.8 12.155 "" "" 0.0028559765655898333 0.008750155 0.00468459 0.013434744 276.45336911204 -9.72691919861 2194.09302 -1.011 -2.758
276.31946624431 -10.1292639292 0.0474 0.0438 8.6013 "" "" 4155979306776616576 1869.02698 0.5239 0.0536 -0.733 0.428 0.058 0.047 0.971 5796.2 4.4261 16.445217 1.565287 17.176043 15.610756 "" "" 1714.71667 2084.65015 4975.76789 3.0199 1840.8 8.5718 4517.1 10.176 "" "" 0.002833021907104785 0.0057746116 0.004501804 0.010276415 276.31946624431 -10.1292639292 1869.02698 -0.7330000000000001 0.42800000000000005
276.25865799919 -9.99408320719 0.0435 0.0402 3.9212 "" "" 4155984529457322496 2432.52588 0.3813 0.0499 -0.628 -1.782 0.054 0.045 0.981 9242.3 3.6376 16.445547 2.077615 17.495733 15.418119 "" "" 2164.03784 2892.61719 4974.24985 3.3331 1371.3 6.7065 5394.0 12.005 "" "" 0.002849749992637319 0.0059983553 0.004485855 0.01048421 276.25865799919 -9.99408320719 2432.52588 -0.6279999999999999 -1.782
276.18398304082 -9.76169041021 0.0516 0.0475 15.8153 "" "" 4156009990024314112 2042.87097 0.4756 0.0537 -2.428 -2.28 0.063 0.053 0.971 8145.8 4.2619 16.446358 1.598618 17.185913 15.587296 "" "" 1869.96338 2342.8252 4970.54501 3.2439 1824.1 9.8835 4615.7 15.378 "" "" 0.0028449731826053902 0.006510972 0.0052315113 0.011742484 276.18398304082 -9.76169041021 2042.87097 -2.428 -2.28
276.43922925567 -9.81954490044 0.0462 0.0437 12.0714 "" "" 4155994901769139584 2222.59985 0.4295 0.0559 -1.461 -2.93 0.058 0.048 1.018 6825.0 4.3385 16.447104 1.69929 17.211926 15.512635 "" "" 2010.61389 2505.07007 4967.12818 5.2886 1780.9 12.258 4944.3 49.31 "" "" 0.0029879987767596062 0.007977041 0.01146877 0.01944581 276.43922925567 -9.81954490044 2222.59985 -1.4609999999999999 -2.93
276.60673350943 -9.88576805531 0.05 0.0464 17.7306 "" "" 4155989958295477632 2003.19165 0.4672 0.054 0.132 -2.802 0.062 0.052 0.968 7877.7 4.1741 16.449556 1.774206 17.301064 15.526857 "" "" 1829.4198 2222.25049 4955.92024 3.2328 1640.6 8.2544 4879.9 8.7808 "" "" 0.0028448883184698653 0.0061340122 0.004254467 0.010388479 276.60673350943 -9.88576805531 2003.19165 0.132 -2.8020000000000005
276.23786272356 -10.19290922434 0.0505 0.0485 13.4286 "" "" 4154477751831942272 1966.91284 0.4897 0.0618 0.382 -0.962 0.063 0.049 1.02 "" "" 16.449688 1.9213 17.397831 15.476531 "" "" 1777.02917 2191.86816 4955.31536 3.2455 1500.7 8.4832 5111.5 11.184 "" "" 0.0028456039421979463 0.0067419372 0.004463989 0.011205927 276.23786272356 -10.19290922434 1966.91284 0.382 -0.9620000000000002
276.1406789065 -9.91351598513 0.0485 0.0453 11.7018 "" "" 4155997757957158144 2267.1145 0.41 0.0559 -3.583 -4.108 0.058 0.05 1.012 "" "" 16.451519 3.399527 18.494053 15.094526 "" "" 1999.87134 2608.58862 4946.97031 3.6194 546.76 8.8409 7266.9 16.057 "" "" 0.0028675441525392044 0.017776277 0.0044765137 0.02225279 276.1406789065 -9.91351598513 2267.1145 -3.5830000000000006 -4.108
276.14381816414 -10.2603639872 0.0553 0.0511 19.619 "" "" 4154475617218320384 1800.35046 0.5103 0.0654 -2.267 -1.885 0.068 0.051 1.041 4972.3 3.6636 16.452726 2.372947 17.73007 15.357123 "" "" 1597.90039 2021.18933 4941.46693 3.3379 1105.1 8.4567 5705.7 19.954 "" "" 0.002851257081210199 0.008764505 0.0053573544 0.01412186 276.14381816414 -10.2603639872 1800.35046 -2.267 -1.8850000000000002
276.07519129854 -9.74016362344 0.0505 0.048 20.8509 "" "" 4156051496590760064 1686.53613 0.5715 0.0515 5.26 -0.942 0.059 0.051 0.962 4844.4 4.2836 16.454153 1.624886 17.174852 15.549967 "" "" 1563.44519 1826.92786 4934.97786 3.608 1842.8 7.9442 4777.2 33.146 "" "" 0.0028673841633430177 0.0054490855 0.008428137 0.013877222 276.07519129854 -9.74016362344 1686.53613 5.26 -0.942
276.65492422434 -9.94813127963 0.0532 0.0518 19.6576 "" "" 4155801834400806400 1956.79517 0.4942 0.0602 -0.463 -1.882 0.059 0.052 0.96 7029.2 4.2507 16.454563 1.822778 17.335506 15.512729 "" "" 1783.36206 2198.41479 4933.11361 3.7109 1589.3 10.789 4943.9 17.902 "" "" 0.002873821394790314 0.0078809885 0.005453464 0.013334453 276.65492422434 -9.94813127963 1956.79517 -0.4629999999999999 -1.882
276.30528568366 -9.98101193802 0.0476 0.0439 1.1745 "" "" 4155985869487024512 1959.46558 0.4879 0.053 -1.112 -4.534 0.058 0.048 1.022 "" "" 16.456184 1.941426 17.420586 15.479159 "" "" 1793.77368 2163.52588 4925.75698 3.3615 1469.5 9.0068 5099.1 13.661 "" "" 0.002853206092557767 0.007215914 0.004769153 0.011985067 276.30528568366 -9.98101193802 1959.46558 -1.1119999999999999 -4.533999999999999
276.14517237858 -10.1205779093 0.046 0.0421 13.3213 "" "" 4154481771921430784 2078.70654 0.4533 0.0528 -0.414 -2.225 0.058 0.047 1.004 "" "" 16.456896 1.74622 17.287691 15.541472 "" "" 1884.3855 2321.13745 4922.5301 3.0902 1660.9 10.396 4814.7 11.228 "" "" 0.0028383715108666707 0.007346382 0.004549128 0.011895509 276.14517237858 -10.1205779093 2078.70654 -0.414 -2.2250000000000005
276.50494386155 -10.03990169795 0.0583 0.0528 11.1412 "" "" 4155986831559188864 1847.98254 0.5096 0.0659 2.31 0.732 0.075 0.06 0.997 7043.2 3.0441 16.45741 3.635573 18.726557 15.090983 "" "" 1585.48621 2167.5249 4920.20006 3.7699 441.36 8.7529 7290.6 17.542 "" "" 0.002878167438240689 0.021711973 0.004594385 0.02630636 276.50494386155 -10.03990169795 1847.98254 2.31 0.732
276.50329970492 -9.92992725338 0.0574 0.0539 11.0886 "" "" 4155988893143682816 2234.63989 0.4528 0.0672 -0.36 -5.406 0.073 0.058 1.134 9261.6 4.031 16.458042 2.110526 17.523937 15.413411 "" "" 1954.0177 2579.95068 4917.33875 4.4883 1336.1 8.2834 5417.4 10.05 "" "" 0.002928119045041645 0.007286591 0.0042826007 0.011569192 276.50329970492 -9.92992725338 2234.63989 -0.36 -5.405999999999999
276.57218276206 -9.98648548481 0.0602 0.0577 14.6354 "" "" 4155987518753944064 1871.84119 0.5344 0.0672 0.076 -4.486 0.066 0.06 1.049 5072.1 4.3307 16.458752 1.494682 17.139725 15.645042 "" "" 1647.76135 2138.71973 4914.12322 3.2717 1903.4 11.849 4376.6 11.668 "" "" 0.0028485628042840888 0.007312165 0.004760489 0.012072654 276.57218276206 -9.98648548481 1871.84119 0.076 -4.485999999999999
276.02800803564 -9.91690719834 0.0589 0.0532 18.0059 "" "" 4156001159571523328 1944.0249 0.4828 0.0608 -0.199 0.285 0.074 0.063 1.039 7406.2 3.585 16.460554 2.936679 18.156096 15.219417 "" "" 1742.26221 2284.69385 4905.97173 3.5234 746.41 13.254 6477.3 13.45 "" "" 0.0028635320501985036 0.019480268 0.0044007446 0.023881013 276.02800803564 -9.91690719834 1944.0249 -0.199 0.2849999999999999
276.05857920274 -9.90245709922 0.0535 0.05 16.4958 "" "" 4156000536765877248 1925.51428 0.4919 0.0566 -1.024 -0.374 0.066 0.055 1.034 7163.7 4.3372 16.46087 1.523215 17.156084 15.632869 "" "" 1753.25635 2183.83887 4904.54546 3.1884 1874.9 10.178 4426.0 11.872 "" "" 0.00284428925026142 0.0065210466 0.0047712936 0.01129234 276.05857920274 -9.90245709922 1925.51428 -1.0239999999999998 -0.374
276.51005751447 -10.04010777867 0.0535 0.0488 11.4341 "" "" 4155986831559180416 1832.62952 0.5281 0.0571 0.322 0.649 0.067 0.055 1.064 7635.7 4.4343 16.46185 1.546042 17.170433 15.624392 "" "" 1649.0625 2116.26343 4900.12731 2.958 1850.3 16.868 4460.7 11.004 "" "" 0.002832199796892325 0.0102837095 0.0046322173 0.014915926 276.51005751447 -10.04010777867 1832.62952 0.322 0.6490000000000001
276.37900892415 -9.92994654949 0.0472 0.0424 4.6565 "" "" 4155991568874045824 1973.34863 0.4982 0.0531 1.093 0.592 0.058 0.048 0.928 8524.7 4.234 16.462019 1.550394 17.168976 15.618582 "" "" 1749.57031 2199.01196 4899.35586 4.1353 1852.8 11.456 4484.6 15.724 "" "" 0.002903722861221976 0.007269933 0.005364298 0.012634231 276.37900892415 -9.92994654949 1973.34863 1.0930000000000004 0.5920000000000001
276.36297580349 -9.68306520373 0.0754 0.0719 18.3175 "" "" 4156011639291540864 1913.87451 0.5526 0.091 -1.502 -2.709 0.089 0.078 1.623 "" "" 16.4643 1.862751 17.085455 15.222704 "" "" 1628.28906 2436.65283 4889.07655 6.5659 2000.9 16.973 6457.7 244.33 "" "" 0.00311735273656406 0.009623322 0.041252807 0.05087613 276.36297580349 -9.68306520373 1913.87451 -1.502 -2.709
276.36296116649 -10.25518258179 0.0529 0.0491 16.3102 "" "" 4154288017356439424 1735.46729 0.5552 0.0554 1.643 -3.412 0.062 0.053 1.007 4978.6 4.2705 16.464457 1.649342 17.222368 15.573026 "" "" 1601.66089 1906.65063 4888.37408 3.1514 1763.9 15.37 4676.8 20.433 "" "" 0.0028428350818083662 0.009863583 0.006065099 0.015928682 276.36296116649 -10.25518258179 1735.46729 1.643 -3.412
276.09607034083 -10.25340227099 0.0563 0.049 20.9639 "" "" 4154475484089517824 2071.96655 0.4565 0.0631 -0.613 -3.275 0.07 0.053 0.881 7757.5 3.3361 16.466263 3.361155 18.477434 15.11628 "" "" 1841.23389 2380.34546 4880.24791 4.2298 555.19 10.217 7122.7 32.829 "" "" 0.0029115840870046986 0.020174362 0.006271048 0.02644541 276.09607034083 -10.25340227099 2071.96655 -0.6130000000000001 -3.2749999999999995
276.00562199829 -10.04735684302 0.0566 0.0502 19.1978 "" "" 4154495103500023808 1746.31372 0.5556 0.0606 0.771 1.671 0.071 0.055 1.002 5821.6 4.5587 16.466549 1.45964 17.124813 15.665173 "" "" 1610.47205 1915.65259 4878.9631 3.4291 1929.7 13.265 4296.2 13.771 "" "" 0.002859038095855412 0.007967979 0.005137663 0.013105642 276.00562199829 -10.04735684302 1746.31372 0.7709999999999999 1.671
276.09146090648 -9.81158431137 0.0526 0.0496 17.2988 "" "" 4156003702192257664 2149.9397 0.4218 0.0538 -0.644 -1.06 0.063 0.055 1.025 7726.6 3.5594 16.467957 3.189575 18.377962 15.188387 "" "" 1969.48425 2399.72632 4872.63614 3.9135 608.46 6.4411 6665.1 17.63 "" "" 0.002890018270908232 0.0118273245 0.004746742 0.016574066 276.09146090648 -9.81158431137 2149.9397 -0.6439999999999999 -1.06
276.16910788875 -9.91863464655 0.0455 0.0428 10.0336 "" "" 4155997719267254528 1980.35339 0.4821 0.0524 2.882 -0.13 0.055 0.048 0.967 4950.0 4.2095 16.469378 1.81214 17.317272 15.505133 "" "" 1779.67761 2233.20312 4866.26177 3.0861 1616.2 11.068 4978.6 10.434 "" "" 0.002840052431684722 0.00794158 0.0044115093 0.01235309 276.16910788875 -9.91863464655 1980.35339 2.8819999999999997 -0.13000000000000003
276.26180792199 -9.93148289786 0.0455 0.0424 4.9423 "" "" 4155998067194439680 1741.72705 0.5883 0.0521 6.572 -2.34 0.055 0.047 1.044 5247.7 4.3699 16.469934 1.635405 17.243788 15.608383 "" "" 1592.17383 1941.99084 4863.76904 3.2115 1729.4 6.5845 4526.9 12.111 "" "" 0.002847057547932067 0.0049873358 0.0047666645 0.009754 276.26180792199 -9.93148289786 1741.72705 6.571999999999999 -2.34
276.13965369931 -9.72194029525 0.0582 0.0549 19.2463 "" "" 4156057269026714624 1952.99414 0.4754 0.0569 -1.328 0.645 0.062 0.054 1.003 6014.4 4.3391 16.470333 1.665521 17.2423 15.576779 "" "" 1779.13049 2163.14966 4861.98392 3.3525 1731.8 11.592 4660.6 11.036 "" "" 0.0028552177051980056 0.0077847014 0.004570944 0.012355645 276.13965369931 -9.72194029525 1952.99414 -1.3279999999999998 0.645
276.28239990487 -9.74936323865 0.0479 0.0446 14.4144 "" "" 4156009470308487936 2329.83765 0.409 0.0576 0.311 -0.256 0.058 0.05 0.997 6508.6 4.2054 16.470358 1.589687 17.121666 15.531979 "" "" 2080.16309 2597.51685 4861.86939 3.3695 1935.3 13.821 4857.0 21.123 "" "" 0.0028562201242679605 0.008240553 0.006048103 0.0142886555 276.28239990487 -9.74936323865 2329.83765 0.31099999999999994 -0.256
