Clusters/Ruprecht_170/Ruprecht_170_stars_in_region.tsv
# %ECSV 1.0
# ---
# datatype:
# - name: RA_ICRS_1
#   unit: deg
#   datatype: float64
#   format: '{:15.11f}'
#   description: Right ascension (ICRS) at Ep=2016.0 (ra)
#   meta: !!omap
#   - {ucd: POS_EQ_RA_MAIN}
#   - {width: 15}
#   - {precision: '11'}
# - name: DE_ICRS_1
#   unit: deg
#   datatype: float64
#   format: '{:15.11f}'
#   description: Declination (ICRS) at Ep=2016.0 (dec)
#   meta: !!omap
#   - {ucd: POS_EQ_DEC_MAIN}
#   - {width: 15}
#   - {precision: '11'}
# - name: e_RA_ICRS
#   unit: mas
#   datatype: float64
#   format: '{:7.4f}'
#   description: Standard error of right ascension (ra_error)
#   meta: !!omap
#   - {ucd: ERROR}
#   - {width: 7}
#   - {precision: '4'}
# - name: e_DE_ICRS
#   unit: mas
#   datatype: float64
#   format: '{:7.4f}'
#   description: Standard error of declination (dec_error)
#   meta: !!omap
#   - {ucd: ERROR}
#   - {width: 7}
#   - {precision: '4'}
# - name: _r_1
#   unit: ''
#   datatype: float64
#   format: '{:7.4f}'
#   description: Distance from center (276.32450670000-09.98599423000)[ICRS], at Epoch=J2016.0
#   meta: !!omap
#   - {ucd: POS_ANG_DIST_GENERAL}
#   - {width: 7}
#   - {precision: '4'}
# - name: HIP
#   datatype: int32
#   description: '? HIP cross-id number, van Leeuwen, Cat. I/311 (hip_original_ext_source_id)'
#   meta: !!omap
#   - {ucd: ID_NUMBER}
#   - {width: 6}
#   - values: {'null': -2147483648}
# - name: TYC2
#   datatype: string
#   description: Tycho-2 cross-id name, Hog et al., Cat. I/259 (tyc2_original_ext_source_id)
#   meta: !!omap
#   - {ucd: ID_CROSSID}
#   - {_votable_string_dtype: char}
# - name: Source
#   datatype: int64
#   description: Source identifier, identical to the Gaia-EDR3 source_id (id)
#   meta: !!omap
#   - {ucd: ID_MAIN}
#   - {width: 19}
# - name: rgeo
#   unit: pc
#   datatype: float64
#   format: '{:15.8f}'
#   description: '? Median of the geometric distance posterior (r_med_geo)'
#   meta: !!omap
#   - {ucd: PHYS_DISTANCE_TRUE}
#   - {width: 15}
#   - {precision: '8'}
#   - values: {'null': .nan}
# - name: Plx
#   unit: mas
#   datatype: float64
#   format: '{:9.4f}'
#   description: '? Parallax (parallax)'
#   meta: !!omap
#   - {ucd: POS_PARLX_TRIG}
#   - {width: 9}
#   - {precision: '4'}
#   - values: {'null': .nan}
# - name: e_Plx
#   unit: mas
#   datatype: float32
#   format: '{:7.4f}'
#   description: '? Standard error of parallax (parallax_error)'
#   meta: !!omap
#   - {ucd: ERROR}
#   - {width: 7}
#   - {precision: '4'}
#   - values: {'null': .nan}
# - name: pmRA
#   unit: mas / yr
#   datatype: float64
#   format: '{:9.3f}'
#   description: '? Proper motion in right ascension direction, pmRA*cosDE (pmra)'
#   meta: !!omap
#   - {ucd: POS_EQ_PMRA}
#   - {width: 9}
#   - {precision: '3'}
#   - values: {'null': .nan}
# - name: pmDE
#   unit: mas / yr
#   datatype: float64
#   format: '{:9.3f}'
#   description: '? Proper motion in declination direction (pmdec)'
#   meta: !!omap
#   - {ucd: POS_EQ_PMDEC}
#   - {width: 9}
#   - {precision: '3'}
#   - values: {'null': .nan}
# - name: e_pmRA
#   unit: mas / yr
#   datatype: float32
#   format: '{:6.3f}'
#   description: '? Standard error of proper motion in right ascension direction (pmra_error)'
#   meta: !!omap
#   - {ucd: ERROR}
#   - {width: 6}
#   - {precision: '3'}
#   - values: {'null': .nan}
# - name: e_pmDE
[...]
#         value: !astropy.table.SerializedColumn {name: SkyCoord.dec}
#       distance: !astropy.table.SerializedColumn
#         __class__: astropy.coordinates.distances.Distance
#         unit: !astropy.units.Unit {unit: pc}
#         value: !astropy.table.SerializedColumn {name: SkyCoord.distance}
#       frame: icrs
#       obstime: !astropy.time.Time {format: jyear_str, in_subfmt: '*', jd1: 367701545.0, jd2: 0.0, out_subfmt: '*', precision: 3, scale: tt}
#       pm_dec: !astropy.table.SerializedColumn
#         __class__: astropy.units.quantity.Quantity
#         unit: !astropy.units.Unit {unit: mas / yr}
#         value: !astropy.table.SerializedColumn {name: SkyCoord.pm_dec}
#       pm_ra_cosdec: !astropy.table.SerializedColumn
#         __class__: astropy.units.quantity.Quantity
#         unit: !astropy.units.Unit {unit: mas / yr}
#         value: !astropy.table.SerializedColumn {name: SkyCoord.pm_ra_cosdec}
#       ra: !astropy.table.SerializedColumn
#         __class__: astropy.coordinates.angles.Longitude
#         unit: *id001
#         value: !astropy.table.SerializedColumn {name: SkyCoord.ra}
#         wrap_angle: !astropy.coordinates.Angle
#           unit: *id001
#           value: 360.0
#       representation_type: spherical
# schema: astropy-2.0
RA_ICRS_1 DE_ICRS_1 e_RA_ICRS e_DE_ICRS _r_1 HIP TYC2 Source rgeo Plx e_Plx pmRA pmDE e_pmRA e_pmDE RUWE Teff logg Gmag BP-RP BPmag RPmag RV e_RV b_rgeo B_rgeo FG e_FG FBP e_FBP FRP e_FRP RAVE5 RAVE6 e_Gmag e_BPmag e_RPmag e_BP-RP SkyCoord.ra SkyCoord.dec SkyCoord.distance SkyCoord.pm_ra_cosdec SkyCoord.pm_dec rmRA rmDE e_rmRA e_rmDE rRV e_rRV v_pec v_pec3d e_vpec e_vpec3d
[from data line 453]
276.60971027707 -9.80941443034 0.0295 0.0274 19.9104 "" "" 4156014697309281024 2130.00708 0.4382 0.0342 0.292 -1.541 0.039 0.031 1.032 9308.5 3.6688 15.282553 1.442339 15.921335 14.478996 "" "" 1951.57288 2310.56812 14518.63312 9.413 5846.3 17.871 12810.0 23.131 "" "" 0.002843817921502884 0.0043359012 0.004257621 0.008593522 276.60971027707 -9.80941443034 2130.00708 0.292 -1.5410000000000006 -0.20412119793891909 -1.3734848413467406 0.13434523 0.12634523 "" "" 14.019324953649091 "" 1.773773415567479 ""
276.42434489194 -10.12550454364 0.0301 0.0275 10.24 "" "" 4155792561588363136 1985.82446 0.4607 0.0303 -4.113 -6.704 0.04 0.033 1.043 4940.3 3.3417 15.288081 2.300158 16.505068 14.20491 3.86 5.04 1874.91675 2160.74536 14444.89489 5.591 3415.0 10.036 16489.0 15.107 "" "" 0.00278718365382239 0.004238632 0.0039080977 0.008146729 276.42434489194 -10.12550454364 1985.82446 -4.112999999999997 -6.704 -4.6091211979389195 -6.5364848413467405 0.13534522 0.12834522 -9.66 21.080002 75.28459606954749 75.9018181953168 9.840560049608657 10.122537311181935
276.52723467874 -10.00185654462 0.0309 0.0277 12.0169 "" "" 4155987072077387264 1949.7052 0.4705 0.0325 -1.371 -2.55 0.043 0.033 0.933 8712.7 3.8844 15.289565 1.514815 15.970809 14.455994 "" "" 1824.25012 2099.60913 14425.16576 6.0738 5585.9 12.453 13085.0 19.553 "" "" 0.0027929877533313706 0.003693761 0.0041129044 0.0078066653 276.52723467874 -10.00185654462 1949.7052 -1.370999999999999 -2.55 -1.867121197938919 -2.3824848413467405 0.13834523 0.12834522 "" "" 27.97379171538983 "" 3.6992324800403766 ""
276.35624148169 -10.00147019869 0.0264 0.0241 2.0925 "" "" 4155984873054436992 1945.36218 0.4793 0.0305 0.632 0.006 0.034 0.028 0.924 "" "" 15.289654 1.242567 15.81505 14.572483 "" "" 1841.06335 2068.39136 14423.98606 5.5538 6447.6 20.793 11753.0 28.798 "" "" 0.0027868541459743967 0.0044771577 0.0046218135 0.009098971 276.35624148169 -10.00147019869 1945.36218 0.6319999999999996 0.005999999999999995 0.13587880206108094 0.17351515865325928 0.12934524 0.123345226 "" "" 2.032194921059564 "" 0.25536512284032625 ""
276.24845549933 -9.86179601806 0.0259 0.0238 8.7025 "" "" 4155999682102373632 1985.51404 0.4616 0.0299 -1.33 -1.318 0.032 0.027 1.032 9384.6 3.9503 15.290264 1.120939 15.751943 14.631003 "" "" 1885.76343 2118.07715 14415.87811 4.728 6833.4 10.308 11137.0 16.564 "" "" 0.002778235056197825 0.0032353438 0.004109907 0.007345251 276.24845549933 -9.86179601806 1985.51404 -1.33 -1.318 -1.8261211979389191 -1.1504848413467408 0.12734523 0.12234523 "" "" 20.31265143353908 "" 2.558271335179678 ""
276.26280819602 -9.91428640905 0.0265 0.0241 5.6397 "" "" 4155998646980202112 2351.06714 0.3768 0.0306 -1.581 -2.26 0.034 0.027 0.932 4651.5 2.1899 15.291923 2.672062 16.785864 14.113802 -0.01 5.04 2188.44629 2502.2356 14393.87462 6.2944 2636.8 10.509 17932.0 19.489 "" "" 0.002795928163240826 0.0051487708 0.0039593116 0.009108082 276.26280819602 -9.91428640905 2351.06714 -1.581 -2.26 -2.077121197938919 -2.0924848413467405 0.12934524 0.12234523 -13.53 21.080002 32.85688189015767 35.53358393891293 4.135633668321864 8.890973414238843
276.12476240213 -9.86693370481 0.028 0.0259 13.7984 "" "" 4156002499601226624 1775.5199 0.5215 0.0317 -3.255 -2.272 0.034 0.03 1.077 7123.2 4.0918 15.292671 1.435819 15.937988 14.50217 "" "" 1681.43579 1877.84241 14383.95101 4.9992 5757.3 20.44 12540.0 15.392 "" "" 0.002781040076282933 0.004758516 0.004007459 0.008765975 276.12476240213 -9.86693370481 1775.5199 -3.254999999999999 -2.272 -3.751121197938919 -2.1044848413467405 0.12934524 0.12534523 "" "" 36.19820302685704 "" 4.647812320835661 ""
276.32037014264 -9.68170208378 0.0289 0.026 18.2592 "" "" 4156011536212438272 1709.58655 0.5507 0.0319 -0.475 -0.68 0.035 0.029 0.985 8029.7 3.8844 15.292983 1.329133 15.844554 14.515421 "" "" 1640.22949 1817.38672 14379.82333 5.6014 6274.7 22.249 12388.0 90.355 "" "" 0.0027875900425159998 0.004754604 0.008774721 0.013529325 276.32037014264 -9.68170208378 1709.58655 -0.475 -0.6800000000000003 -0.971121197938919 -0.5124848413467408 0.13034523 0.12434523 "" "" 8.897994707472302 "" 1.1483931156655227 ""
276.33123078776 -9.71449536033 0.0273 0.0247 16.2948 "" "" 4156011123895458048 2127.42627 0.4316 0.0332 1.917 0.222 0.033 0.028 1.01 8657.9 3.7577 15.296816 1.903505 16.219301 14.315796 "" "" 1995.93323 2301.48047 14329.14386 15.415 4443.2 21.062 14888.0 48.091 "" "" 0.0029926648738411708 0.0058543547 0.005155937 0.011010291 276.33123078776 -9.71449536033 2127.42627 1.9169999999999996 0.2219999999999999 1.420878802061081 0.38951515865325925 0.12834522 0.123345226 "" "" 14.856777605986288 "" 1.9016984379423705 ""
276.50958500867 -9.71863930633 0.0288 0.028 19.4172 "" "" 4156030910775418368 2377.8064 0.3785 0.0356 -1.282 -2.743 0.039 0.031 0.967 4357.2 2.0481 15.298383 2.83325 16.905184 14.071934 9.4 18.78 2185.01416 2559.38403 14308.48818 6.9317 2362.3 11.993 18637.0 33.479 "" "" 0.0028050750014403407 0.0061780494 0.004252968 0.010431018 276.50958500867 -9.71863930633 2377.8064 -1.2819999999999998 -2.743 -1.778121197938919 -2.5754848413467406 0.13434523 0.12634523 -4.119999999999999 34.82 35.27389708532782 35.51369053740118 4.549691788659241 6.061258717011697
276.39529139427 -9.73688315235 0.0281 0.0273 15.5213 "" "" 4156007962765585536 1917.48425 0.4844 0.035 0.495 -2.301 0.033 0.029 0.976 7492.8 4.0485 15.301695 1.510025 15.953568 14.443543 "" "" 1804.2616 2028.90613 14264.90812 7.0955 5675.3 23.978 13236.0 88.793 "" "" 0.0028077480736416944 0.0053691273 0.008205766 0.013574893 276.39529139427 -9.73688315235 1917.48425 0.495 -2.301 -0.0011211979389190718 -2.133484841346741 0.12834522 0.12434523 "" "" 19.390980451105843 "" 2.4111759085754194 ""
276.02676484686 -9.93427435799 0.0294 0.0271 17.8668 "" "" 4156000369297499264 1644.32495 0.5717 0.0311 -0.883 -1.869 0.037 0.031 0.961 7551.5 4.0799 15.302285 1.260748 15.837013 14.576265 "" "" 1554.65198 1753.96863 14257.15062 8.0725 6318.5 15.848 11713.0 35.332 "" "" 0.0028230672821681355 0.0038988518 0.0050009997 0.008899852 276.02676484686 -9.93427435799 1644.32495 -0.8829999999999998 -1.869 -1.379121197938919 -1.7014848413467407 0.13234523 0.12634523 "" "" 17.07072719048855 "" 2.197986375455589 ""
276.6124060259 -9.91071397783 0.0285 0.026 17.6036 "" "" 4155989850887184640 1811.56055 0.5188 0.0314 0.643 0.342 0.037 0.031 1.028 7809.1 3.8269 15.303586 1.764636 16.153915 14.389279 "" "" 1710.85913 1928.12268 14240.07785 5.6328 4719.0 9.6661 13914.0 19.469 "" "" 0.0027885904685723746 0.0035680546 0.004073292 0.0076413467 276.6124060259 -9.91071397783 1811.56055 0.643 0.342 0.14687880206108095 0.5095151586532594 0.13234523 0.12634523 "" "" 4.553262605379738 "" 0.5774248894513272 ""
276.46378522939 -9.69913234497 0.0268 0.0267 19.0798 "" "" 4156031911538289024 1734.05762 0.5404 0.0354 -1.952 -1.727 0.034 0.029 1.025 4932.9 3.5192 15.304382 1.947563 16.242212 14.294649 "" "" 1619.86719 1864.86877 14229.63687 7.0474 4350.4 28.489 15181.0 45.148 "" "" 0.002807300569787002 0.007637918 0.004970905 0.012608822 276.46378522939 -9.69913234497 1734.05762 -1.9519999999999984 -1.727 -2.448121197938919 -1.5594848413467408 0.12934524 0.12434523 "" "" 23.85801485530688 "" 3.051965731836386 ""
276.58177048915 -10.08786406167 0.0414 0.0374 16.3825 "" "" 4155798020474679424 2161.07153 0.4113 0.045 -3.842 -3.266 0.052 0.044 1.572 4647.2 2.592 15.306602 2.98441 17.008245 14.023835 "" "" 1931.65002 2349.71362 14200.57751 12.143 2148.4 10.023 19482.0 80.776 "" "" 0.002907533701491333 0.0057829507 0.0058778147 0.011660766 276.58177048915 -10.08786406167 2161.07153 -3.842 -3.2660000000000022 -4.33812119793892 -3.0984848413467407 0.14734523 0.13934523 "" "" 54.60831620867078 "" 7.901397824944663 ""
276.19790177323 -9.78201760842 0.0288 0.0262 14.3453 "" "" 4156009165390515584 1923.69836 0.4794 0.0316 -1.275 -1.418 0.035 0.03 1.004 7941.0 3.7538 15.307455 1.162478 15.797667 14.63519 "" "" 1834.62439 2044.44702 14189.42053 5.3073 6551.6 15.549 11094.0 11.297 "" "" 0.0027850865055027607 0.003798013 0.0039377767 0.0077357898 276.19790177323 -9.78201760842 1923.69836 -1.275 -1.417999999999999 -1.771121197938919 -1.2504848413467406 0.13034523 0.12534523 "" "" 19.769294105458695 "" 2.5443767935043446 ""
276.44339285234 -10.11590628257 0.0385 0.0345 10.4924 "" "" 4155792595948086656 1861.76331 0.5014 0.0412 0.683 -1.15 0.049 0.041 1.47 9248.5 3.7053 15.309491 1.355795 15.901427 14.545632 "" "" 1736.98767 1982.25269 14162.83578 5.4754 5954.5 14.067 12048.0 15.397 "" "" 0.0027871094030236915 0.0037899953 0.0040260395 0.007816035 276.44339285234 -10.11590628257 1861.76331 0.6829999999999999 -1.1500000000000008 0.18687880206108098 -0.9824848413467406 0.14434522 0.13634524 "" "" 8.825641183479865 "" 1.2058690918483927 ""
276.41165374959 -10.1305815441 0.0281 0.0253 10.0879 "" "" 4155791084119618304 1771.22729 0.5194 0.0303 0.308 -1.183 0.037 0.033 0.96 7110.1 3.6304 15.30956 2.20075 16.450863 14.250113 23.22 7.25 1668.78577 1848.44568 14161.94093 7.0564 3589.8 11.396 15817.0 27.544 "" "" 0.0028079268990825754 0.0044345185 0.0042259376 0.008660456 276.41165374959 -10.1305815441 1771.22729 0.3079999999999999 -1.183 -0.18812119793891907 -1.0154848413467408 0.13234523 0.12834522 9.7 23.29 8.670681478127515 13.0104080372271 1.1140086219822158 17.37988618602429
276.46800688214 -10.13912120831 0.0297 0.027 12.5013 "" "" 4155792252350609280 2090.64233 0.4356 0.0311 -0.512 -1.704 0.036 0.031 0.963 "" "" 15.310267 1.783921 16.163635 14.379714 "" "" 1969.62378 2186.3667 14152.71313 6.9833 4676.9 12.675 14037.0 18.358 "" "" 0.002806919162098194 0.0040550292 0.0040373267 0.008092356 276.46800688214 -10.13912120831 2090.64233 -0.5119999999999996 -1.7040000000000013 -1.008121197938919 -1.5364848413467407 0.13134523 0.12634523 "" "" 18.210826505475 "" 2.3286276004505675 ""
276.4218688505 -10.08679521996 0.0395 0.0357 8.3468 "" "" 4155980440647897984 2366.37427 0.3661 0.0422 -2.152 -4.684 0.052 0.046 1.052 "" "" 15.311934 3.697647 17.63325 13.935602 40.51 4.69 2178.11157 2581.21533 14131.01455 8.6054 1208.1 9.7982 21131.0 17.209 "" "" 0.002833540728112754 0.009237249 0.0038814393 0.013118689 276.4218688505 -10.08679521996 2366.37427 -2.152000000000002 -4.684 -2.648121197938919 -4.516484841346741 0.14734523 0.14134523 26.99 20.730001 58.725355088528914 64.63070036966805 8.392098808549193 11.536358421826895
276.5413268168 -9.74227673483 0.0295 0.0281 19.4449 "" "" 4156019026636352640 2181.61084 0.404 0.0368 -2.253 -9.729 0.039 0.032 0.903 15009.9 3.6563 15.313891 2.935036 17.01446 14.079424 18.52 4.84 2031.4707 2364.13477 14105.54992 8.4642 2136.2 8.7513 18509.0 19.961 "" "" 0.0028312988089173726 0.0052506058 0.0039566094 0.009207215 276.5413268168 -9.74227673483 2181.61084 -2.253 -9.728999999999994 -2.749121197938919 -9.56148484134674 0.13434523 0.12734523 5.0 20.880001 102.87944264628278 103.00087241965376 13.157584781241459 13.181101463550796
276.37714879948 -10.18350389579 0.0299 0.0256 12.2518 "" "" 4155790465644293760 1928.93494 0.4834 0.0324 -1.429 -8.385 0.039 0.031 0.953 5214.0 3.1796 15.315678 2.545053 16.70328 14.158227 "" "" 1807.08325 2080.67627 14082.3733 74.582 2845.2 47.836 17213.0 267.82 "" "" 0.006376246151030855 0.018466355 0.017310759 0.035777114 276.37714879948 -10.18350389579 1928.93494 -1.4289999999999992 -8.385 -1.9251211979389191 -8.21748484134674 0.13434523 0.12634523 "" "" 77.16795521008163 "" 9.782882888656681 ""
276.28123107584 -9.74095068892 0.0272 0.0246 14.9235 "" "" 4156009783865716096 1822.07227 0.5105 0.0329 2.025 -1.896 0.033 0.028 0.888 7688.2 4.0028 15.318923 1.599138 16.049297 14.450159 "" "" 1730.16028 1943.09399 14040.33323 5.758 5196.3 20.169 13155.0 22.685 "" "" 0.0027910661567968086 0.005054154 0.0042177225 0.009271877 276.28123107584 -9.74095068892 1822.07227 2.025 -1.8960000000000006 1.5288788020610808 -1.7284848413467406 0.12834522 0.123345226 "" "" 19.930080703103542 "" 2.5025105603964226 ""
276.51801944033 -9.90517429399 0.03 0.0276 12.4219 "" "" 4155990404972195328 2078.125 0.4416 0.0358 -0.139 -3.053 0.039 0.031 1.049 5188.7 3.335 15.322405 2.224261 16.482386 14.258124 43.46 5.43 1934.29785 2216.31641 13995.37968 6.8779 3487.1 12.36 15700.0 18.953 "" "" 0.0028065088058505643 0.004753431 0.004000207 0.008753638 276.51801944033 -9.90517429399 2078.125 -0.13900000000000012 -3.053 -0.6351211979389191 -2.8854848413467407 0.13434523 0.12634523 29.94 21.470001 29.103300813211714 41.754110195575834 3.688145940132653 15.608328078567821
276.43710417253 -9.78865426637 0.0291 0.0274 13.5827 "" "" 4156006760208195072 1909.09827 0.4855 0.0352 1.023 -2.135 0.037 0.031 1.131 7316.9 3.8752 15.322742 1.620316 16.05844 14.438124 "" "" 1799.62378 2035.19641 13991.03343 5.5028 5152.8 8.7434 13302.0 27.879 "" "" 0.002788215180922055 0.0033435212 0.0044115544 0.0077550756 276.43710417253 -9.78865426637 1909.09827 1.023 -2.135 0.5268788020610808 -1.9674848413467405 0.13234523 0.12634523 "" "" 18.431356355432413 "" 2.336277366837077 ""
276.48071032817 -10.21535904642 0.0272 0.025 16.5688 "" "" 4155789606650563968 1903.56006 0.4946 0.0311 -1.86 -2.233 0.034 0.028 1.022 9188.0 3.7807 15.325405 1.565698 16.048939 14.483241 "" "" 1796.84338 2041.92542 13956.76735 6.0609 5198.1 14.784 12760.0 13.585 "" "" 0.0027953705328637645 0.0041617956 0.0039522033 0.008113999 276.48071032817 -10.21535904642 1903.56006 -1.860000000000001 -2.233 -2.3561211979389194 -2.065484841346741 0.12934524 0.123345226 "" "" 28.27132406266162 "" 3.5840353435897607 ""
276.24132114654 -10.20651884182 0.0305 0.0277 14.1145 "" "" 4154476617960566272 2030.54517 0.434 0.0348 -2.408 -6.16 0.038 0.03 1.063 6810.2 2.849 15.326667 2.92652 16.996094 14.069573 25.44 6.71 1926.25854 2175.28174 13940.55042 10.175 2172.6 11.097 18678.0 39.21 "" "" 0.0028670169894077636 0.0062079746 0.0044134655 0.01062144 276.24132114654 -10.20651884182 2030.54517 -2.408 -6.16 -2.904121197938919 -5.992484841346741 0.13334523 0.12534523 11.920000000000002 22.75 64.09253114675478 65.19155580899823 8.133702706048028 9.013809608635183
276.26790936587 -9.98225326738 0.0252 0.0227 3.3519 "" "" 4155986006927067520 1802.18689 0.5165 0.0289 -0.66 -2.442 0.032 0.027 1.01 7937.4 4.0548 15.327909 1.571525 16.029242 14.457717 "" "" 1711.20508 1904.83667 13924.60464 6.3378 5293.2 18.756 13064.0 33.343 "" "" 0.0027992851655085174 0.0047524828 0.0046864427 0.009438925 276.26790936587 -9.98225326738 1802.18689 -0.66 -2.442 -1.1561211979389192 -2.274484841346741 0.12734523 0.12234523 "" "" 21.79542006521289 "" 2.689301263663319 ""
276.40500826465 -9.73005640996 0.0281 0.0264 16.0767 "" "" 4156008340756415104 1858.9657 0.5054 0.0324 0.145 -2.001 0.035 0.032 0.977 "" "" 15.33104 1.225187 15.85167 14.626483 "" "" 1758.36926 1953.59949 13884.51717 5.1187 6233.7 16.879 11183.0 11.694 "" "" 0.0027842423721186295 0.0040531177 0.0039462317 0.007999349 276.40500826465 -9.73005640996 1858.9657 0.1449999999999999 -2.0010000000000017 -0.35112119793891905 -1.8334848413467406 0.13034523 0.12734523 "" "" 16.449328205524356 "" 2.096509134506836 ""
276.16208613804 -10.13578152241 0.0277 0.0245 13.1469 "" "" 4154480947287692288 1646.87122 0.5801 0.0315 1.283 -5.827 0.035 0.027 0.984 6837.4 4.1063 15.331941 1.537815 16.036901 14.499086 "" "" 1556.28479 1790.59192 13873.00536 4.6965 5256.0 12.677 12575.0 14.991 "" "" 0.0027797283401665776 0.0038265686 0.0039948756 0.007821444 276.16208613804 -10.13578152241 1646.87122 1.2830000000000001 -5.827000000000003 0.7868788020610809 -5.659484841346741 0.13034523 0.12234523 "" "" 44.60387300690402 "" 5.464055143338925 ""
