Clusters/Ruprecht_170/Ruprecht_170_stars_in_region.tsv
# %ECSV 1.0
# ---
# datatype:
# - name: RA_ICRS_1
#   unit: deg
#   datatype: float64
#   format: '{:15.11f}'
#   description: Right ascension (ICRS) at Ep=2016.0 (ra)
#   meta: !!omap
#   - {ucd: POS_EQ_RA_MAIN}
#   - {width: 15}
#   - {precision: '11'}
# - name: DE_ICRS_1
#   unit: deg
#   datatype: float64
#   format: '{:15.11f}'
#   description: Declination (ICRS) at Ep=2016.0 (dec)
#   meta: !!omap
#   - {ucd: POS_EQ_DEC_MAIN}
#   - {width: 15}
#   - {precision: '11'}
# - name: e_RA_ICRS
#   unit: mas
#   datatype: float64
#   format: '{:7.4f}'
#   description: Standard error of right ascension (ra_error)
#   meta: !!omap
#   - {ucd: ERROR}
#   - {width: 7}
#   - {precision: '4'}
# - name: e_DE_ICRS
#   unit: mas
#   datatype: float64
#   format: '{:7.4f}'
#   description: Standard error of declination (dec_error)
#   meta: !!omap
#   - {ucd: ERROR}
#   - {width: 7}
#   - {precision: '4'}
# - name: _r_1
#   unit: ''
#   datatype: float64
#   format: '{:7.4f}'
#   description: Distance from center (276.32450670000-09.98599423000)[ICRS], at Epoch=J2016.0
#   meta: !!omap
#   - {ucd: POS_ANG_DIST_GENERAL}
#   - {width: 7}
#   - {precision: '4'}
# - name: HIP
#   datatype: int32
#   description: '? HIP cross-id number, van Leeuwen, Cat. I/311 (hip_original_ext_source_id)'
#   meta: !!omap
#   - {ucd: ID_NUMBER}
#   - {width: 6}
#   - values: {'null': -2147483648}
# - name: TYC2
#   datatype: string
#   description: Tycho-2 cross-id name, Hog et al., Cat. I/259 (tyc2_original_ext_source_id)
#   meta: !!omap
#   - {ucd: ID_CROSSID}
#   - {_votable_string_dtype: char}
# - name: Source
#   datatype: int64
#   description: Source identifier, identical to the Gaia-EDR3 source_id (id)
#   meta: !!omap
#   - {ucd: ID_MAIN}
#   - {width: 19}
# - name: rgeo
#   unit: pc
#   datatype: float64
#   format: '{:15.8f}'
#   description: '? Median of the geometric distance posterior (r_med_geo)'
#   meta: !!omap
#   - {ucd: PHYS_DISTANCE_TRUE}
#   - {width: 15}
#   - {precision: '8'}
#   - values: {'null': .nan}
# - name: Plx
#   unit: mas
#   datatype: float64
#   format: '{:9.4f}'
#   description: '? Parallax (parallax)'
#   meta: !!omap
#   - {ucd: POS_PARLX_TRIG}
#   - {width: 9}
#   - {precision: '4'}
#   - values: {'null': .nan}
# - name: e_Plx
#   unit: mas
#   datatype: float32
#   format: '{:7.4f}'
#   description: '? Standard error of parallax (parallax_error)'
#   meta: !!omap
#   - {ucd: ERROR}
#   - {width: 7}
#   - {precision: '4'}
#   - values: {'null': .nan}
# - name: pmRA
#   unit: mas / yr
#   datatype: float64
#   format: '{:9.3f}'
#   description: '? Proper motion in right ascension direction, pmRA*cosDE (pmra)'
#   meta: !!omap
#   - {ucd: POS_EQ_PMRA}
#   - {width: 9}
#   - {precision: '3'}
#   - values: {'null': .nan}
# - name: pmDE
#   unit: mas / yr
#   datatype: float64
#   format: '{:9.3f}'
#   description: '? Proper motion in declination direction (pmdec)'
#   meta: !!omap
#   - {ucd: POS_EQ_PMDEC}
#   - {width: 9}
#   - {precision: '3'}
#   - values: {'null': .nan}
# - name: e_pmRA
#   unit: mas / yr
#   datatype: float32
#   format: '{:6.3f}'
#   description: '? Standard error of proper motion in right ascension direction (pmra_error)'
#   meta: !!omap
#   - {ucd: ERROR}
#   - {width: 6}
#   - {precision: '3'}
#   - values: {'null': .nan}
# - name: e_pmDE
[...]
#         unit: &id001 !astropy.units.Unit {unit: deg}
#         value: !astropy.table.SerializedColumn {name: SkyCoord.dec}
#       distance: !astropy.table.SerializedColumn
#         __class__: astropy.coordinates.distances.Distance
#         unit: !astropy.units.Unit {unit: pc}
#         value: !astropy.table.SerializedColumn {name: SkyCoord.distance}
#       frame: icrs
#       obstime: !astropy.time.Time {format: jyear_str, in_subfmt: '*', jd1: 367701545.0, jd2: 0.0, out_subfmt: '*', precision: 3, scale: tt}
#       pm_dec: !astropy.table.SerializedColumn
#         __class__: astropy.units.quantity.Quantity
#         unit: !astropy.units.Unit {unit: mas / yr}
#         value: !astropy.table.SerializedColumn {name: SkyCoord.pm_dec}
#       pm_ra_cosdec: !astropy.table.SerializedColumn
#         __class__: astropy.units.quantity.Quantity
#         unit: !astropy.units.Unit {unit: mas / yr}
#         value: !astropy.table.SerializedColumn {name: SkyCoord.pm_ra_cosdec}
#       ra: !astropy.table.SerializedColumn
#         __class__: astropy.coordinates.angles.Longitude
#         unit: *id001
#         value: !astropy.table.SerializedColumn {name: SkyCoord.ra}
#         wrap_angle: !astropy.coordinates.Angle
#           unit: *id001
#           value: 360.0
#       representation_type: spherical
# schema: astropy-2.0
RA_ICRS_1 DE_ICRS_1 e_RA_ICRS e_DE_ICRS _r_1 HIP TYC2 Source rgeo Plx e_Plx pmRA pmDE e_pmRA e_pmDE RUWE Teff logg Gmag BP-RP BPmag RPmag RV e_RV b_rgeo B_rgeo FG e_FG FBP e_FBP FRP e_FRP RAVE5 RAVE6 e_Gmag e_BPmag e_RPmag e_BP-RP SkyCoord.ra SkyCoord.dec SkyCoord.distance SkyCoord.pm_ra_cosdec SkyCoord.pm_dec
[from data line 1876]
276.12137153507 -9.95810389163 0.0684 0.0635 12.1201 "" "" 4155997173841524480 2256.93506 0.4357 0.0796 1.525 0.689 0.09 0.069 1.015 4913.5 4.344 16.976746 1.745321 17.772066 16.026745 "" "" 1947.90796 2673.57178 3049.63998 3.1562 1063.1 15.429 3079.4 43.214 "" "" 0.002975639792113803 0.016002642 0.015698152 0.031700794 276.12137153507 -9.95810389163 2256.93506 1.5249999999999997 0.6889999999999998
276.22656883247 -9.72824617487 0.073 0.0703 16.5131 "" "" 4156010539780115328 1910.04565 0.5184 0.0878 0.515 0.104 0.094 0.074 0.988 8152.0 4.3416 16.977446 2.634616 18.435234 15.800618 "" "" 1656.92041 2282.65405 3047.67254 3.2711 577.2 7.1972 3792.4 15.04 "" "" 0.002991619799726971 0.01382275 0.0057292227 0.019551974 276.22656883247 -9.72824617487 1910.04565 0.5150000000000001 0.104
276.31065385755 -9.88257977834 0.0672 0.0611 6.2586 "" "" 4155998612620592896 1678.70068 0.5755 0.0802 0.847 -0.871 0.079 0.063 0.983 5391.0 4.6861 16.977741 1.575182 17.678295 16.103113 "" "" 1465.0127 1941.85767 3046.84611 2.8608 1159.0 16.105 2870.2 13.211 "" "" 0.0029378641066150845 0.015342792 0.0062656337 0.021608425 276.31065385755 -9.88257977834 1678.70068 0.847 -0.871
276.13581340353 -9.8742282515 0.069 0.0659 13.0129 "" "" 4156002293442746752 1893.69873 0.5547 0.0821 -2.311 -3.806 0.085 0.07 0.966 6029.5 4.4626 16.980188 1.84302 17.894068 16.051048 "" "" 1591.38452 2322.66602 3039.98729 2.6679 950.14 7.4059 3011.2 7.3798 "" "" 0.0029154248872649926 0.008910903 0.004622136 0.013533039 276.13581340353 -9.8742282515 1893.69873 -2.3110000000000004 -3.806
276.05448360799 -9.95508782117 0.0697 0.0646 16.0641 "" "" 4156000094419472384 2020.54443 0.4812 0.0753 4.843 -1.627 0.08 0.068 0.927 5617.4 4.665 16.981073 1.542347 17.689539 16.147192 "" "" 1756.94446 2395.30859 3037.50677 2.5717 1147.1 9.4067 2756.0 14.435 "" "" 0.0029046145200112843 0.009330445 0.0068280683 0.016158514 276.05448360799 -9.95508782117 2020.54443 4.843 -1.6270000000000002
276.06569731683 -10.03272382343 0.0652 0.0684 15.5471 "" "" 4154495344018174848 1651.45825 0.5939 0.0868 -0.98 -3.476 0.082 0.066 0.925 "" "" 16.981937 2.035372 18.013765 15.978394 "" "" 1463.77307 1867.5719 3035.094 2.7275 850.96 6.3286 3219.6 7.9778 "" "" 0.002922974958278646 0.008543111 0.004639138 0.013182249 276.06569731683 -10.03272382343 1651.45825 -0.9799999999999998 -3.4759999999999995
276.59576315453 -10.15729002916 0.0993 0.0892 19.0373 "" "" 4155788782016754304 1754.67358 0.6082 0.1163 -0.135 -2.354 0.117 0.097 1.085 9338.6 3.7999 16.982801 3.478993 18.967337 15.488343 "" "" 1395.81433 2182.73218 3032.67633 8.9105 353.58 21.707 5056.2 153.89 "" "" 0.004215250919924384 0.06671394 0.033260778 0.099974714 276.59576315453 -10.15729002916 1754.67358 -0.135 -2.3540000000000005
276.30727627248 -9.92749505131 0.0778 0.0726 3.6547 "" "" 4155986655431477376 1870.82788 0.5346 0.0919 -0.142 -1.165 0.099 0.081 1.284 9517.7 4.3321 16.985727 2.098625 17.96405 15.865425 "" "" 1626.83948 2153.57227 3024.51765 5.5645 890.83 9.2154 3572.6 18.624 "" "" 0.003403224064807677 0.011573032 0.006805792 0.018378824 276.30727627248 -9.92749505131 1870.82788 -0.14199999999999996 -1.1650000000000003
276.11549510539 -9.86719809751 0.0733 0.0696 14.2619 "" "" 4156001090851974528 1813.76196 0.5339 0.0785 -2.235 -1.222 0.091 0.078 1.123 5239.3 4.6921 16.98667 1.597652 17.726194 16.128542 "" "" 1591.58936 2063.50464 3021.89059 2.5431 1109.0 8.7116 2803.8 18.447 "" "" 0.0029028706288213037 0.008973651 0.008081549 0.017055199 276.11549510539 -9.86719809751 1813.76196 -2.235 -1.2220000000000002
276.31509475508 -9.94832833622 0.0592 0.0563 2.3274 "" "" 4155986350523439744 1829.05518 0.5458 0.072 3.728 -4.232 0.075 0.06 0.966 4806.9 4.4121 16.98795 1.712046 17.81065 16.098604 "" "" 1601.29651 2093.87964 3018.33006 2.438 1026.0 6.4678 2882.1 15.509 "" "" 0.002891520165247483 0.0073912423 0.006958346 0.014349588 276.31509475508 -9.94832833622 1829.05518 3.728 -4.232
276.51907462842 -9.9874590111 0.067 0.0609 11.4975 "" "" 4155987278235850112 1724.03345 0.5819 0.076 1.364 0.297 0.089 0.07 0.958 5039.9 4.525 16.988043 1.638651 17.762966 16.124315 "" "" 1545.94885 1920.70789 3018.0733 2.8854 1072.1 6.4024 2814.7 12.37 "" "" 0.002944358892284365 0.0070586926 0.0060870084 0.013145701 276.51907462842 -9.9874590111 1724.03345 1.3640000000000003 0.297
276.52303797021 -10.24379315536 0.0639 0.0597 19.4106 "" "" 4155786308115549440 1960.80347 0.5302 0.0729 -0.363 -1.043 0.081 0.068 0.989 5629.7 4.2949 16.990442 2.02838 17.989382 15.961001 "" "" 1745.19788 2213.948 3011.40862 2.7751 870.29 14.39 3271.6 28.186 "" "" 0.0029313587596255 0.018167874 0.010088663 0.028256536 276.52303797021 -10.24379315536 1960.80347 -0.363 -1.0430000000000001
276.30079182886 -9.68894804813 0.0709 0.0678 17.8778 "" "" 4156012150358410624 1875.5293 0.5253 0.0913 0.476 -3.583 0.085 0.066 0.927 4754.5 4.3967 16.991257 2.414157 18.273064 15.858907 "" "" 1588.93347 2203.64062 3009.15232 2.9521 670.18 9.0228 3594.1 41.299 "" "" 0.002954037278440253 0.014881446 0.0130358385 0.027917285 276.30079182886 -9.68894804813 1875.5293 0.4759999999999999 -3.5830000000000006
276.16852940865 -10.06606380807 0.0657 0.0616 10.3928 "" "" 4154482596555168512 2340.30835 0.4621 0.078 0.918 -1.655 0.082 0.065 1.048 4955.2 4.383 16.992569 1.522968 17.703337 16.180368 "" "" 1975.54712 2810.29736 3005.51612 2.5907 1132.6 10.253 2673.1 11.447 "" "" 0.002909926050314348 0.010217122 0.0059917467 0.016208868 276.16852940865 -10.06606380807 2340.30835 0.918 -1.6549999999999996
276.20181350176 -9.84258569625 0.064 0.0599 11.2527 "" "" 4156002804508858880 1648.90283 0.5967 0.0737 3.137 0.281 0.077 0.064 0.976 5271.1 4.6253 16.992865 1.747005 17.781479 16.034473 "" "" 1456.22766 1867.8114 3004.70073 2.7805 1054.0 9.0684 3057.5 10.49 "" "" 0.002932789804336733 0.009749244 0.005306581 0.015055825 276.20181350176 -9.84258569625 1648.90283 3.137 0.2810000000000001
276.51487888265 -10.10654905299 0.0905 0.0789 13.3724 "" "" 4155792802106402688 2293.45459 0.4185 0.0998 3.155 -3.051 0.097 0.081 1.114 8831.6 4.0178 16.99353 2.890934 18.646095 15.755161 "" "" 1911.29846 2843.05811 3002.85724 3.1089 475.31 13.743 3954.5 13.975 "" "" 0.002975792378611041 0.031516466 0.005385704 0.03690217 276.51487888265 -10.10654905299 2293.45459 3.155 -3.051
276.13593230577 -10.21071312984 0.0831 0.0724 17.4893 "" "" 4154478988767521408 2232.21558 0.455 0.0948 -1.238 -3.117 0.102 0.076 1.042 "" "" 16.993992 2.170104 17.832233 15.662129 "" "" 1807.54431 3052.74048 3001.57984 4.3011 1005.8 35.049 4308.3 26.801 "" "" 0.0031642225891298018 0.03793727 0.007739638 0.045676906 276.13593230577 -10.21071312984 2232.21558 -1.2379999999999998 -3.117
276.30550549709 -9.91324902274 0.0617 0.0563 4.5068 "" "" 4155998513870966528 2407.24365 0.4201 0.0724 4.602 -0.257 0.079 0.063 0.94 5556.1 4.599 16.995224 1.696012 17.81372 16.117708 "" "" 2027.3374 2832.59766 2998.17766 2.2585 1023.1 5.933 2831.9 8.6543 "" "" 0.0028741449755867116 0.006886767 0.0050292094 0.011915976 276.30550549709 -9.91324902274 2407.24365 4.602000000000001 -0.257
276.20690166206 -10.26132966184 0.076 0.0689 17.9211 "" "" 4154474899973633920 2015.90552 0.4829 0.0891 -1.784 -3.611 0.093 0.072 1.004 "" "" 16.99574 2.66424 18.46489 15.80065 "" "" 1754.13684 2529.09424 2996.74919 3.6625 561.64 14.381 3792.3 19.618 "" "" 0.003058195735762847 0.027940338 0.006769811 0.03471015 276.20690166206 -10.26132966184 2015.90552 -1.784 -3.6110000000000007
276.1845399219 -9.69362634344 0.0763 0.0732 19.3956 "" "" 4156057818782505216 2332.3623 0.4431 0.0931 0.92 -0.13 0.095 0.074 1.066 5896.9 4.605 16.99592 1.705294 17.778616 16.073322 "" "" 1974.62646 2787.18799 2996.25491 2.5817 1056.7 10.042 2950.0 17.376 "" "" 0.002909807550631091 0.010688539 0.007428454 0.018116992 276.1845399219 -9.69362634344 2332.3623 0.92 -0.13000000000000003
276.61333013438 -9.82909883289 0.068 0.0653 19.4945 "" "" 4156014594230060672 1705.52258 0.5865 0.0822 0.118 -1.46 0.088 0.069 0.947 9377.3 3.9117 16.996609 2.784593 18.57797 15.793378 "" "" 1456.53589 2073.75073 2994.35595 2.7958 506.09 7.8279 3817.7 15.315 "" "" 0.0029358916795909394 0.017023731 0.0057666483 0.02279038 276.61333013438 -9.82909883289 1705.52258 0.11800000000000001 -1.46
276.40080964656 -10.23379542829 0.0726 0.0697 15.5362 "" "" 4155789224374521344 2070.48389 0.4693 0.0787 0.538 -1.181 0.086 0.073 0.97 5989.4 4.5813 16.996847 1.726288 17.833817 16.107529 "" "" 1776.99182 2424.68848 2993.69895 2.4945 1004.4 9.8892 2858.6 13.102 "" "" 0.0029000436139019615 0.011048154 0.0062488005 0.017296955 276.40080964656 -10.23379542829 2070.48389 0.5379999999999999 -1.181
276.0754137847 -9.8032041016 0.0803 0.0776 18.3592 "" "" 4156050633264870528 2143.71436 0.4647 0.0794 -2.085 -0.562 0.099 0.087 0.944 5052.3 4.5094 16.997553 1.942312 17.966255 16.023943 "" "" 1796.69189 2524.72998 2991.75467 2.8249 889.03 9.6129 3087.3 12.203 "" "" 0.0029398621677666757 0.012066853 0.0057184747 0.017785328 276.0754137847 -9.8032041016 2143.71436 -2.085 -0.5620000000000002
276.40465907109 -9.93211666124 0.0714 0.0669 5.7346 "" "" 4155991538843743872 1906.93823 0.5356 0.0849 -0.925 -13.377 0.079 0.064 0.97 4207.2 4.3829 16.998793 1.667767 17.73067 16.062904 "" "" 1611.27856 2308.35474 2988.33729 2.893 1104.5 10.661 2978.5 26.207 "" "" 0.0029489991328481213 0.010844954 0.0102735255 0.02111848 276.40465907109 -9.93211666124 1906.93823 -0.9250000000000003 -13.377
276.32158388676 -9.85820294009 0.0671 0.0631 7.6694 "" "" 4156004728654128768 2225.19897 0.4389 0.0835 -0.965 -2.181 0.08 0.064 1.017 7123.7 4.2378 16.999311 2.451427 18.324236 15.872809 "" "" 1855.42004 2809.46436 2986.90986 2.6802 639.33 5.8554 3548.4 17.269 "" "" 0.0029224900329486055 0.010327911 0.006496452 0.016824363 276.32158388676 -9.85820294009 2225.19897 -0.9649999999999999 -2.181
276.5651540433 -9.81638910435 0.0741 0.0745 17.4892 "" "" 4155994218903262848 2399.3252 0.409 0.0997 -3.739 -2.856 0.099 0.075 1.055 "" "" 16.99933 3.364541 19.03816 15.673619 "" "" 1975.6554 3010.15771 2986.85683 3.0481 331.25 6.5094 4263.0 14.371 "" "" 0.002969755818434737 0.021517487 0.005261202 0.026778689 276.5651540433 -9.81638910435 2399.3252 -3.7390000000000008 -2.8559999999999994
276.01325877856 -9.85099998515 0.0699 0.068 20.1 "" "" 4156048949637462656 1651.05066 0.5919 0.0768 -0.157 -1.48 0.083 0.07 0.91 5068.6 4.676 16.999487 1.529715 17.71547 16.185755 "" "" 1461.13293 1868.6521 2986.42686 3.3042 1120.0 6.3592 2659.8 10.253 "" "" 0.003005798803193271 0.0067666844 0.005639188 0.012405872 276.01325877856 -9.85099998515 1651.05066 -0.157 -1.4800000000000002
276.45530584758 -9.85215023653 0.0679 0.0658 11.1469 "" "" 4155994528141074048 1939.56946 0.522 0.0945 -2.088 -2.036 0.092 0.066 1.01 5167.3 4.5571 16.999546 1.702854 17.79201 16.089155 "" "" 1636.03601 2325.58472 2986.26647 2.5323 1043.8 9.0467 2907.3 20.796 "" "" 0.002905073082452196 0.0098151015 0.008637081 0.018452182 276.45530584758 -9.85215023653 1939.56946 -2.0880000000000005 -2.0359999999999996
276.53226753813 -9.78541977289 0.0692 0.0755 17.1942 "" "" 4155995245366687232 2279.41528 0.4644 0.0978 -2.564 -4.112 0.088 0.074 0.96 5313.4 4.6583 16.999903 1.779943 17.862495 16.082552 "" "" 1887.06702 3032.49316 2985.28376 2.5747 978.18 11.583 2925.1 9.2719 "" "" 0.002910094535681662 0.013155894 0.005111546 0.01826744 276.53226753813 -9.78541977289 2279.41528 -2.564 -4.112000000000001
