Clusters/Ruprecht_170/Ruprecht_170_stars_in_region.tsv
# %ECSV 1.0
# ---
# datatype:
# - name: RA_ICRS_1
#   unit: deg
#   datatype: float64
#   format: '{:15.11f}'
#   description: Right ascension (ICRS) at Ep=2016.0 (ra)
#   meta: !!omap
#   - {ucd: POS_EQ_RA_MAIN}
#   - {width: 15}
#   - {precision: '11'}
# - name: DE_ICRS_1
#   unit: deg
#   datatype: float64
#   format: '{:15.11f}'
#   description: Declination (ICRS) at Ep=2016.0 (dec)
#   meta: !!omap
#   - {ucd: POS_EQ_DEC_MAIN}
#   - {width: 15}
#   - {precision: '11'}
# - name: e_RA_ICRS
#   unit: mas
#   datatype: float64
#   format: '{:7.4f}'
#   description: Standard error of right ascension (ra_error)
#   meta: !!omap
#   - {ucd: ERROR}
#   - {width: 7}
#   - {precision: '4'}
# - name: e_DE_ICRS
#   unit: mas
#   datatype: float64
#   format: '{:7.4f}'
#   description: Standard error of declination (dec_error)
#   meta: !!omap
#   - {ucd: ERROR}
#   - {width: 7}
#   - {precision: '4'}
# - name: _r_1
#   unit: ''
#   datatype: float64
#   format: '{:7.4f}'
#   description: Distance from center (276.32450670000-09.98599423000)[ICRS], at Epoch=J2016.0
#   meta: !!omap
#   - {ucd: POS_ANG_DIST_GENERAL}
#   - {width: 7}
#   - {precision: '4'}
# - name: HIP
#   datatype: int32
#   description: '? HIP cross-id number, van Leeuwen, Cat. I/311 (hip_original_ext_source_id)'
#   meta: !!omap
#   - {ucd: ID_NUMBER}
#   - {width: 6}
#   - values: {'null': -2147483648}
# - name: TYC2
#   datatype: string
#   description: Tycho-2 cross-id name, Hog et al., Cat. I/259 (tyc2_original_ext_source_id)
#   meta: !!omap
#   - {ucd: ID_CROSSID}
#   - {_votable_string_dtype: char}
# - name: Source
#   datatype: int64
#   description: Source identifier, identical to the Gaia-EDR3 source_id (id)
#   meta: !!omap
#   - {ucd: ID_MAIN}
#   - {width: 19}
# - name: rgeo
#   unit: pc
#   datatype: float64
#   format: '{:15.8f}'
#   description: '? Median of the geometric distance posterior (r_med_geo)'
#   meta: !!omap
#   - {ucd: PHYS_DISTANCE_TRUE}
#   - {width: 15}
#   - {precision: '8'}
#   - values: {'null': .nan}
# - name: Plx
#   unit: mas
#   datatype: float64
#   format: '{:9.4f}'
#   description: '? Parallax (parallax)'
#   meta: !!omap
#   - {ucd: POS_PARLX_TRIG}
#   - {width: 9}
#   - {precision: '4'}
#   - values: {'null': .nan}
# - name: e_Plx
#   unit: mas
#   datatype: float32
#   format: '{:7.4f}'
#   description: '? Standard error of parallax (parallax_error)'
#   meta: !!omap
#   - {ucd: ERROR}
#   - {width: 7}
#   - {precision: '4'}
#   - values: {'null': .nan}
# - name: pmRA
#   unit: mas / yr
#   datatype: float64
#   format: '{:9.3f}'
#   description: '? Proper motion in right ascension direction, pmRA*cosDE (pmra)'
#   meta: !!omap
#   - {ucd: POS_EQ_PMRA}
#   - {width: 9}
#   - {precision: '3'}
#   - values: {'null': .nan}
# - name: pmDE
#   unit: mas / yr
#   datatype: float64
#   format: '{:9.3f}'
#   description: '? Proper motion in declination direction (pmdec)'
#   meta: !!omap
#   - {ucd: POS_EQ_PMDEC}
#   - {width: 9}
#   - {precision: '3'}
#   - values: {'null': .nan}
# - name: e_pmRA
#   unit: mas / yr
#   datatype: float32
#   format: '{:6.3f}'
#   description: '? Standard error of proper motion in right ascension direction (pmra_error)'
#   meta: !!omap
#   - {ucd: ERROR}
#   - {width: 6}
#   - {precision: '3'}
#   - values: {'null': .nan}
# - name: e_pmDE
[...]
#         unit: &id001 !astropy.units.Unit {unit: deg}
#         value: !astropy.table.SerializedColumn {name: SkyCoord.dec}
#       distance: !astropy.table.SerializedColumn
#         __class__: astropy.coordinates.distances.Distance
#         unit: !astropy.units.Unit {unit: pc}
#         value: !astropy.table.SerializedColumn {name: SkyCoord.distance}
#       frame: icrs
#       obstime: !astropy.time.Time {format: jyear_str, in_subfmt: '*', jd1: 367701545.0, jd2: 0.0, out_subfmt: '*', precision: 3, scale: tt}
#       pm_dec: !astropy.table.SerializedColumn
#         __class__: astropy.units.quantity.Quantity
#         unit: !astropy.units.Unit {unit: mas / yr}
#         value: !astropy.table.SerializedColumn {name: SkyCoord.pm_dec}
#       pm_ra_cosdec: !astropy.table.SerializedColumn
#         __class__: astropy.units.quantity.Quantity
#         unit: !astropy.units.Unit {unit: mas / yr}
#         value: !astropy.table.SerializedColumn {name: SkyCoord.pm_ra_cosdec}
#       ra: !astropy.table.SerializedColumn
#         __class__: astropy.coordinates.angles.Longitude
#         unit: *id001
#         value: !astropy.table.SerializedColumn {name: SkyCoord.ra}
#         wrap_angle: !astropy.coordinates.Angle
#           unit: *id001
#           value: 360.0
#       representation_type: spherical
# schema: astropy-2.0
RA_ICRS_1 DE_ICRS_1 e_RA_ICRS e_DE_ICRS _r_1 HIP TYC2 Source rgeo Plx e_Plx pmRA pmDE e_pmRA e_pmDE RUWE Teff logg Gmag BP-RP BPmag RPmag RV e_RV b_rgeo B_rgeo FG e_FG FBP e_FBP FRP e_FRP RAVE5 RAVE6 e_Gmag e_BPmag e_RPmag e_BP-RP SkyCoord.ra SkyCoord.dec SkyCoord.distance SkyCoord.pm_ra_cosdec SkyCoord.pm_dec
[from data line 1302]
276.14521681563 -9.84861811465 0.0504 0.0467 13.4249 "" "" 4156002637040501760 2357.12207 0.4181 0.0545 -1.984 -4.824 0.063 0.052 1.023 "" "" 16.508976 1.833576 17.393385 15.559809 "" "" 2074.93506 2830.49268 4691.9825 3.5687 1506.8 19.812 4734.1 24.113 "" "" 0.002876411781993579 0.014545798 0.006698243 0.021244042 276.14521681563 -9.84861811465 2357.12207 -1.984 -4.823999999999999
276.32252608358 -10.04534440172 0.0462 0.0431 3.5629 "" "" 4155983155067484544 2163.84692 0.4539 0.0529 0.48 -0.084 0.056 0.046 0.945 9272.8 4.227 16.512835 1.575581 17.237795 15.662214 "" "" 1968.20496 2572.88672 4675.33384 2.8809 1739.0 7.4664 4308.0 8.0491 "" "" 0.002835379818509262 0.0054328316 0.004289398 0.009722229 276.32252608358 -10.04534440172 2163.84692 0.48000000000000004 -0.08399999999999999
276.41942767935 -9.92848299277 0.0488 0.0448 6.5858 "" "" 4155991641922936064 1692.63086 0.5801 0.0574 -1.698 -5.427 0.059 0.047 0.928 4975.3 4.2945 16.512985 1.541946 17.227707 15.685761 "" "" 1558.39624 1902.22961 4674.69172 3.0707 1755.2 9.8894 4215.5 13.689 "" "" 0.0028461267451346845 0.0067236717 0.0051685954 0.011892267 276.41942767935 -9.92848299277 1692.63086 -1.698 -5.426999999999999
276.41564721789 -9.94968532088 0.0486 0.0438 5.8098 "" "" 4155991332685245440 1907.63843 0.5047 0.0544 0.009 0.075 0.059 0.048 1.016 "" "" 16.515133 1.755367 17.350521 15.595154 "" "" 1753.96423 2113.64014 4665.44838 3.6138 1567.5 8.6791 4582.4 13.206 "" "" 0.0028808101724612893 0.006627565 0.00490655 0.011534115 276.41564721789 -9.94968532088 1907.63843 0.009 0.07499999999999998
276.19324395673 -9.9012844062 0.0469 0.044 9.2742 "" "" 4155999029267946240 1874.6853 0.5152 0.0534 -1.872 -6.431 0.058 0.052 1.004 5312.0 4.2933 16.5165 1.659696 17.273111 15.613416 "" "" 1722.72241 2088.20337 4659.58055 3.4862 1683.3 6.9534 4506.0 17.443 "" "" 0.0028725704920722077 0.0052820495 0.005652303 0.010934353 276.19324395673 -9.9012844062 1874.6853 -1.872 -6.430999999999999
276.16883033558 -10.00089217099 0.0534 0.0507 9.2422 "" "" 4155995868171229568 1922.54382 0.5167 0.0572 -1.989 -0.083 0.067 0.058 0.956 5469.7 4.309 16.516737 1.682692 17.325142 15.642449 "" "" 1745.58752 2142.61353 4658.56047 3.0408 1604.6 8.2875 4387.1 11.652 "" "" 0.002845002714187574 0.0062634507 0.0047538765 0.011017327 276.16883033558 -10.00089217099 1922.54382 -1.9889999999999999 -0.08300000000000002
276.13281896592 -10.10055575843 0.049 0.0447 13.2478 "" "" 4154482424756475648 2072.83179 0.4595 0.0572 -1.277 -4.792 0.065 0.049 0.975 8506.8 4.2084 16.516886 1.803373 17.361464 15.55809 "" "" 1853.28979 2361.56445 4657.92339 3.2896 1551.8 13.028 4741.6 18.555 "" "" 0.0028600266677463906 0.009532679 0.0056864345 0.015219113 276.13281896592 -10.10055575843 2072.83179 -1.2769999999999997 -4.791999999999999
276.26992805824 -9.88693910707 0.0513 0.0491 6.7622 "" "" 4155998754355128064 1685.64124 0.5583 0.0537 -3.911 -1.913 0.063 0.055 1.005 5050.7 4.2988 16.517992 1.58088 17.23316 15.65228 "" "" 1548.36755 1865.17517 4653.18457 2.9325 1746.4 8.4835 4347.6 18.131 "" "" 0.002839010647157883 0.0059667504 0.0058979294 0.01186468 276.26992805824 -9.88693910707 1685.64124 -3.9109999999999996 -1.913
276.38416707889 -9.95870914904 0.0544 0.0486 3.8871 "" "" 4155985628969923456 2273.58862 0.4133 0.0611 0.013 -2.15 0.064 0.054 1.078 6195.8 4.2092 16.518238 1.703469 17.335972 15.632503 "" "" 2011.49768 2689.63794 4652.12653 3.7713 1588.6 10.469 4427.5 13.675 "" "" 0.0028924866574548984 0.0076798648 0.0050526643 0.012732529 276.38416707889 -9.95870914904 2273.58862 0.013000000000000001 -2.1499999999999995
276.65087725519 -9.95902598828 0.0607 0.0555 19.3541 "" "" 4155801460750738560 1928.23401 0.5028 0.067 -1.473 -1.758 0.068 0.058 1.131 6021.4 4.3204 16.519007 1.893182 17.331459 15.438277 "" "" 1696.99561 2171.75684 4648.83691 3.2899 1595.3 10.645 5294.8 145.14 "" "" 0.002860447683056872 0.0077635343 0.03000099 0.037764523 276.65087725519 -9.95902598828 1928.23401 -1.473 -1.758
276.47941599428 -9.99337726664 0.0691 0.0629 9.1644 "" "" 4155987965430666880 2368.77026 0.3726 0.0744 -0.253 -1.89 0.079 0.066 1.059 9447.3 3.5664 16.519262 3.753051 18.854347 15.101296 "" "" 2039.09766 2898.25903 4647.73714 5.0808 392.35 13.993 7221.7 36.126 "" "" 0.0030000876203379848 0.03882272 0.0066168625 0.045439586 276.47941599428 -9.99337726664 2368.77026 -0.253 -1.8900000000000001
276.62875426088 -9.95972025522 0.0523 0.0496 18.048 "" "" 4155801426400822400 2027.96851 0.4641 0.0613 -1.43 -6.902 0.061 0.052 0.924 5052.1 4.1852 16.519556 1.772502 17.353424 15.580922 "" "" 1831.52063 2268.57422 4646.48083 3.0664 1563.3 9.5317 4642.9 19.167 "" "" 0.002846961859624109 0.007183892 0.0058629042 0.013046796 276.62875426088 -9.95972025522 2027.96851 -1.43 -6.902
276.37312545403 -9.81953083655 0.0927 0.0841 10.393 "" "" 4156005385826117888 2392.35132 0.4767 0.1135 0.724 -1.16 0.117 0.094 1.772 "" "" 16.521475 2.033434 17.0742 15.040766 "" "" 1765.76965 3271.86768 4638.28118 7.0233 2021.8 13.088 7635.8 18.655 "" "" 0.0032085211893645546 0.0075620185 0.004617336 0.012179354 276.37312545403 -9.81953083655 2392.35132 0.724 -1.1600000000000001
276.33753748618 -9.64831203422 0.0526 0.0511 20.2756 "" "" 4156012704443584256 2179.61768 0.4596 0.0626 1.605 -1.483 0.059 0.053 1.011 4977.9 4.2528 16.522194 1.832039 17.395266 15.563227 "" "" 1882.44958 2610.99438 4635.20374 3.3697 1504.2 17.92 4719.2 34.187 "" "" 0.0028661467345730985 0.0132322265 0.008726232 0.02195846 276.33753748618 -9.64831203422 2179.61768 1.6049999999999998 -1.483
276.25861830616 -10.19275461835 0.0515 0.0495 13.0019 "" "" 4154477030277425536 2131.02515 0.4289 0.0606 -2.105 -1.218 0.061 0.049 0.963 "" "" 16.524733 1.719009 17.346178 15.627169 "" "" 1910.37109 2450.31519 4624.38082 3.038 1573.8 9.4852 4449.3 12.106 "" "" 0.0028461472361244636 0.0071136937 0.0047969534 0.011910647 276.25861830616 -10.19275461835 2131.02515 -2.1049999999999995 -1.218
276.42843071026 -9.93078528433 0.0518 0.048 6.9779 "" "" 4155991435764479616 2085.57642 0.444 0.063 -1.28 1.766 0.064 0.052 1.007 4739.3 3.23 16.525257 3.22328 18.438385 15.215105 "" "" 1812.30017 2411.29858 4622.1491 3.6525 575.52 7.6553 6503.0 19.141 "" "" 0.0028858095453265435 0.014709017 0.00494941 0.019658428 276.42843071026 -9.93078528433 2085.57642 -1.2799999999999998 1.766
276.25278671461 -9.87897937119 0.081 0.0762 7.6938 "" "" 4155999510303623168 1971.31238 0.5171 0.0917 -1.511 -13.78 0.097 0.083 1.711 4602.7 4.3179 16.525406 1.666116 17.240408 15.574292 "" "" 1665.25549 2420.5437 4621.51387 7.5193 1734.8 9.264 4671.3 12.053 "" "" 0.0032729751430361207 0.0064343694 0.0047044456 0.011138815 276.25278671461 -9.87897937119 1971.31238 -1.5109999999999997 -13.78
276.28634231902 -9.91041528929 0.0476 0.0442 5.0647 "" "" 4155998479511296384 2342.85278 0.396 0.0538 0.701 -0.893 0.056 0.048 0.951 9301.0 4.1346 16.525803 1.947164 17.50186 15.554696 "" "" 2062.30103 2706.77563 4619.8245 2.987 1363.6 7.0717 4756.4 8.9875 "" "" 0.0028433407227882604 0.006284079 0.0043003066 0.010584386 276.28634231902 -9.91041528929 2342.85278 0.7009999999999997 -0.893
276.14396652326 -9.88017569168 0.0517 0.0475 12.4161 "" "" 4156002293442709632 1698.73267 0.571 0.0564 -1.241 -0.583 0.062 0.053 0.933 5132.4 4.3897 16.52618 1.472244 17.204664 15.73242 "" "" 1534.82837 1892.23779 4618.22168 2.9306 1792.9 8.985 4038.2 11.922 "" "" 0.0028401552123027115 0.0061147823 0.004955651 0.011070433 276.14396652326 -9.88017569168 1698.73267 -1.241 -0.5830000000000001
276.63291796869 -9.94135706516 0.0599 0.0569 18.4213 "" "" 4155801529480068096 2385.9939 0.406 0.0668 -2.154 -3.265 0.07 0.059 1.001 8588.9 3.5509 16.52627 3.229668 18.428793 15.199125 "" "" 2085.80127 2770.43262 4617.83735 4.1081 580.63 4.4671 6599.5 32.455 "" "" 0.002919713801401843 0.008806828 0.006541654 0.015348483 276.63291796869 -9.94135706516 2385.9939 -2.154 -3.265
276.29142058638 -9.72910320113 0.0516 0.0474 15.5371 "" "" 4156009813896026368 1930.40063 0.4974 0.0615 -0.429 -2.102 0.061 0.052 1.077 9521.9 4.1689 16.527893 1.909972 17.420164 15.510192 "" "" 1729.39172 2128.44092 4610.94327 4.3872 1470.1 20.66 4955.4 27.045 "" "" 0.00294261526731312 0.015511366 0.007028265 0.02253963 276.29142058638 -9.72910320113 1930.40063 -0.42900000000000005 -2.102
276.15601530027 -9.77711567275 0.0551 0.0514 16.0081 "" "" 4156004286307764608 1752.69617 0.5638 0.0556 -1.201 -6.239 0.069 0.06 1.05 5255.9 4.3438 16.527895 1.529169 17.233007 15.703838 "" "" 1585.56213 1948.02759 4610.93216 3.069 1746.7 6.2619 4145.9 14.962 "" "" 0.0028485124395382293 0.0047890972 0.0054439525 0.01023305 276.15601530027 -9.77711567275 1752.69617 -1.2010000000000003 -6.239000000000001
276.14915926476 -9.98335720052 0.0518 0.0484 10.3627 "" "" 4155996143049232384 1948.30457 0.5065 0.058 3.008 2.632 0.064 0.052 0.995 6304.8 4.2391 16.528023 1.715609 17.343307 15.627699 "" "" 1754.63989 2247.57056 4610.38596 3.0871 1578.0 9.6418 4447.1 15.132 "" "" 0.0028496186509987353 0.007196874 0.0052851024 0.012481976 276.14915926476 -9.98335720052 1948.30457 3.0079999999999996 2.632
276.32193262501 -10.23687230461 0.0639 0.058 15.0535 "" "" 4154288945078166400 1827.13965 0.5209 0.0661 1.47 1.503 0.08 0.066 1.068 4916.0 4.206 16.529528 2.056492 17.403542 15.34705 "" "" 1632.87048 2071.55444 4604.00132 6.5725 1492.8 29.81 5758.9 99.685 "" "" 0.0031613532087984976 0.021860063 0.019170044 0.04103011 276.32193262501 -10.23687230461 1827.13965 1.47 1.5030000000000001
276.61735658024 -10.10258661397 0.0531 0.0502 18.6624 "" "" 4155794898050252288 1748.53369 0.5797 0.0646 -4.991 -4.657 0.065 0.055 1.055 5831.7 4.4513 16.530325 1.680114 17.317488 15.637374 "" "" 1580.56494 1912.80286 4600.62406 4.0572 1615.9 9.4267 4407.7 12.978 "" "" 0.002916946243492705 0.006921201 0.004950098 0.011871299 276.61735658024 -10.10258661397 1748.53369 -4.9910000000000005 -4.657
276.40470121913 -10.23481604027 0.0559 0.0537 15.6628 "" "" 4155789228693544704 1748.51855 0.5634 0.0628 0.005 -1.913 0.063 0.055 1.034 7922.4 4.1507 16.530552 1.716921 17.345388 15.628468 "" "" 1572.28467 1943.06213 4599.66023 3.2288 1574.9 15.778 4444.0 13.982 "" "" 0.0028587864605715114 0.0112295095 0.0050943964 0.016323905 276.40470121913 -10.23481604027 1748.51855 0.005000000000000011 -1.913
276.09986181198 -9.84219551356 0.054 0.0503 15.8345 "" "" 4156003392954536064 1669.896 0.5619 0.0551 -1.883 0.096 0.065 0.056 1.042 4857.9 4.2893 16.530855 1.550593 17.155037 15.604444 "" "" 1538.90552 1825.70056 4598.375 3.952 1876.7 27.529 4543.4 34.946 "" "" 0.002909037590269005 0.016169043 0.009166443 0.025335487 276.09986181198 -9.84219551356 1669.896 -1.8829999999999996 0.09600000000000002
276.47029128634 -9.90781717783 0.0491 0.0458 9.8097 "" "" 4155991813722825472 2009.7738 0.4823 0.0595 0.543 -2.301 0.061 0.051 0.974 "" "" 16.532179 1.648976 17.30894 15.659965 "" "" 1813.27148 2310.08325 4592.7717 2.946 1628.7 9.4844 4316.9 10.764 "" "" 0.0028419737358635778 0.0069108494 0.004648962 0.011559811 276.47029128634 -9.90781717783 2009.7738 0.5429999999999999 -2.301
276.4814881727 -10.25864197175 0.0561 0.0557 18.8039 "" "" 4155785861438998272 2221.0979 0.4425 0.0694 -3.069 -0.101 0.069 0.057 0.983 7023.2 3.6976 16.533415 3.23536 18.48147 15.24611 "" "" 1952.59949 2686.72217 4587.55221 4.1368 553.13 5.9269 6320.0 15.779 "" "" 0.0029240966468604304 0.011963789 0.004651 0.01661479 276.4814881727 -10.25864197175 2221.0979 -3.069 -0.101
276.31387430123 -9.8396457702 0.0524 0.0476 8.8034 "" "" 4156004904782502144 1785.92249 0.5256 0.061 -0.425 -5.568 0.063 0.057 1.096 4890.7 3.4168 16.534838 2.691353 18.04893 15.357576 "" "" 1586.42273 2045.3363 4581.54238 3.4846 823.84 9.2433 5703.3 9.6016 "" "" 0.0028764049892437125 0.012497171 0.0041981875 0.016695358 276.31387430123 -9.8396457702 1785.92249 -0.425 -5.568
276.41873359374 -10.19851613763 0.0543 0.0512 13.9132 "" "" 4155789812809152128 1684.41956 0.577 0.0607 1.697 -1.949 0.066 0.057 0.877 5743.1 4.5245 16.536835 1.541597 17.256126 15.714529 "" "" 1540.05725 1830.20398 4573.12267 3.0593 1709.9 9.3367 4105.3 14.401 "" "" 0.002849446178413033 0.0065522906 0.005365595 0.011917885 276.41873359374 -10.19851613763 1684.41956 1.697 -1.949
276.45628384723 -9.75646287199 0.051 0.0469 15.8222 "" "" 4156007271277990784 2429.04346 0.4092 0.0584 -0.577 -3.663 0.066 0.056 0.929 "" "" 16.536943 2.102161 17.608545 15.506385 "" "" 2105.66138 2903.07202 4572.6644 3.3696 1235.9 16.258 4972.8 19.628 "" "" 0.002869131778214845 0.01455261 0.005713935 0.020266544 276.45628384723 -9.75646287199 2429.04346 -0.5769999999999998 -3.6629999999999994
276.17767488726 -10.05529001664 0.0468 0.0426 9.6204 "" "" 4155983807902859264 2032.82666 0.4844 0.0534 2.975 0.05 0.057 0.047 0.977 5378.1 4.2718 16.538986 1.659043 17.300283 15.64124 "" "" 1860.12744 2279.31348 4564.06858 3.0842 1641.7 9.239 4392.0 13.38 "" "" 0.0028513322355175823 0.006717113 0.0050223703 0.011739483 276.17767488726 -10.05529001664 2032.82666 2.975 0.049999999999999996
276.43898586919 -9.6717495338 0.0515 0.0511 20.0326 "" "" 4156032186416221312 2293.53467 0.4416 0.0655 0.167 -0.327 0.065 0.055 1.05 "" "" 16.540768 1.919553 17.485092 15.565539 "" "" 2030.10645 2747.91211 4556.58831 3.4191 1384.8 8.488 4709.2 15.028 "" "" 0.0028732422782666235 0.0072161597 0.0051272386 0.012343398 276.43898586919 -9.6717495338 2293.53467 0.167 -0.327
275.99699776552 -10.00287551167 0.1053 0.0918 19.3788 "" "" 4154498333301321600 2085.1311 0.4623 0.1076 -2.448 -4.645 0.129 0.101 1.02 "" "" 16.541306 "" "" "" "" "" 1703.00818 2793.11792 4554.32911 11.964 "" "" "" "" "" "" 0.003965689841172161 "" "" "" 275.99699776552 -10.00287551167 2085.1311 -2.448 -4.645
276.33660378473 -9.86656240987 0.0475 0.0425 7.2015 "" "" 4156004526825243520 1726.58582 0.5478 0.055 0.025 -1.457 0.058 0.048 0.989 "" "" 16.543295 1.691622 17.257687 15.566065 "" "" 1587.55542 1895.86316 4545.99623 3.2575 1707.4 22.334 4706.9 20.058 "" "" 0.002863053179082986 0.01447368 0.005974164 0.020447845 276.33660378473 -9.86656240987 1726.58582 0.025 -1.4570000000000003
276.41054693179 -9.93322879176 0.0536 0.0488 5.9897 "" "" 4155991534514293120 2231.83398 0.4133 0.0609 -1.928 -3.168 0.064 0.053 1.071 9453.4 3.9817 16.54461 2.250486 17.709463 15.458977 "" "" 1957.40588 2675.94775 4540.49579 3.6178 1126.2 14.005 5194.8 14.298 "" "" 0.002887937832283549 0.013787091 0.004818084 0.018605174 276.41054693179 -9.93322879176 2231.83398 -1.928 -3.168
276.60528170826 -10.02887891548 0.0532 0.049 16.7885 "" "" 4155799394857617024 1792.15283 0.5187 0.0626 3.561 -3.01 0.062 0.053 1.018 8270.2 4.2922 16.545948 1.831244 17.436882 15.605638 "" "" 1612.45374 2057.0647 4534.90115 3.4137 1447.7 16.004 4538.4 13.981 "" "" 0.0028739815219328392 0.012322612 0.005046868 0.01736948 276.60528170826 -10.02887891548 1792.15283 3.561 -3.01
276.28597825423 -9.65401316639 0.0598 0.0566 20.0487 "" "" 4156012532644982784 2304.81494 0.4251 0.0592 0.823 -0.263 0.073 0.062 1.009 7888.2 4.1246 16.549837 2.103766 17.558508 15.454742 "" "" 2078.80347 2596.57788 4518.68276 3.6692 1294.2 10.687 5215.1 25.944 "" "" 0.002892931347124763 0.009389718 0.0065922537 0.015981972 276.28597825423 -9.65401316639 2304.81494 0.8230000000000001 -0.263
276.19084119235 -10.05364398573 0.0773 0.0711 8.8796 "" "" 4155983636104130688 2364.07715 0.4573 0.0884 1.43 -5.063 0.094 0.078 1.713 4941.4 4.3038 16.550125 1.617176 17.279003 15.661827 "" "" 1925.5708 2931.95654 4517.48232 5.0961 1674.2 8.8712 4309.5 9.1298 "" "" 0.003015282508447047 0.006393967 0.004424305 0.010818273 276.19084119235 -10.05364398573 2364.07715 1.43 -5.063
