Clusters/Ruprecht_170/Ruprecht_170_stars_in_region.tsv
# %ECSV 1.0
# ---
# datatype:
# - name: RA_ICRS_1
#   unit: deg
#   datatype: float64
#   format: '{:15.11f}'
#   description: Right ascension (ICRS) at Ep=2016.0 (ra)
#   meta: !!omap
#   - {ucd: POS_EQ_RA_MAIN}
#   - {width: 15}
#   - {precision: '11'}
# - name: DE_ICRS_1
#   unit: deg
#   datatype: float64
#   format: '{:15.11f}'
#   description: Declination (ICRS) at Ep=2016.0 (dec)
#   meta: !!omap
#   - {ucd: POS_EQ_DEC_MAIN}
#   - {width: 15}
#   - {precision: '11'}
# - name: e_RA_ICRS
#   unit: mas
#   datatype: float64
#   format: '{:7.4f}'
#   description: Standard error of right ascension (ra_error)
#   meta: !!omap
#   - {ucd: ERROR}
#   - {width: 7}
#   - {precision: '4'}
# - name: e_DE_ICRS
#   unit: mas
#   datatype: float64
#   format: '{:7.4f}'
#   description: Standard error of declination (dec_error)
#   meta: !!omap
#   - {ucd: ERROR}
#   - {width: 7}
#   - {precision: '4'}
# - name: _r_1
#   unit: ''
#   datatype: float64
#   format: '{:7.4f}'
#   description: Distance from center (276.32450670000-09.98599423000)[ICRS], at Epoch=J2016.0
#   meta: !!omap
#   - {ucd: POS_ANG_DIST_GENERAL}
#   - {width: 7}
#   - {precision: '4'}
# - name: HIP
#   datatype: int32
#   description: '? HIP cross-id number, van Leeuwen, Cat. I/311 (hip_original_ext_source_id)'
#   meta: !!omap
#   - {ucd: ID_NUMBER}
#   - {width: 6}
#   - values: {'null': -2147483648}
# - name: TYC2
#   datatype: string
#   description: Tycho-2 cross-id name, Hog et al., Cat. I/259 (tyc2_original_ext_source_id)
#   meta: !!omap
#   - {ucd: ID_CROSSID}
#   - {_votable_string_dtype: char}
# - name: Source
#   datatype: int64
#   description: Source identifier, identical to the Gaia-EDR3 source_id (id)
#   meta: !!omap
#   - {ucd: ID_MAIN}
#   - {width: 19}
# - name: rgeo
#   unit: pc
#   datatype: float64
#   format: '{:15.8f}'
#   description: '? Median of the geometric distance posterior (r_med_geo)'
#   meta: !!omap
#   - {ucd: PHYS_DISTANCE_TRUE}
#   - {width: 15}
#   - {precision: '8'}
#   - values: {'null': .nan}
# - name: Plx
#   unit: mas
#   datatype: float64
#   format: '{:9.4f}'
#   description: '? Parallax (parallax)'
#   meta: !!omap
#   - {ucd: POS_PARLX_TRIG}
#   - {width: 9}
#   - {precision: '4'}
#   - values: {'null': .nan}
# - name: e_Plx
#   unit: mas
#   datatype: float32
#   format: '{:7.4f}'
#   description: '? Standard error of parallax (parallax_error)'
#   meta: !!omap
#   - {ucd: ERROR}
#   - {width: 7}
#   - {precision: '4'}
#   - values: {'null': .nan}
# - name: pmRA
#   unit: mas / yr
#   datatype: float64
#   format: '{:9.3f}'
#   description: '? Proper motion in right ascension direction, pmRA*cosDE (pmra)'
#   meta: !!omap
#   - {ucd: POS_EQ_PMRA}
#   - {width: 9}
#   - {precision: '3'}
#   - values: {'null': .nan}
# - name: pmDE
#   unit: mas / yr
#   datatype: float64
#   format: '{:9.3f}'
#   description: '? Proper motion in declination direction (pmdec)'
#   meta: !!omap
#   - {ucd: POS_EQ_PMDEC}
#   - {width: 9}
#   - {precision: '3'}
#   - values: {'null': .nan}
# - name: e_pmRA
#   unit: mas / yr
#   datatype: float32
#   format: '{:6.3f}'
#   description: '? Standard error of proper motion in right ascension direction (pmra_error)'
#   meta: !!omap
#   - {ucd: ERROR}
#   - {width: 6}
#   - {precision: '3'}
#   - values: {'null': .nan}
# - name: e_pmDE
[...]
#         value: !astropy.table.SerializedColumn {name: SkyCoord.dec}
#       distance: !astropy.table.SerializedColumn
#         __class__: astropy.coordinates.distances.Distance
#         unit: !astropy.units.Unit {unit: pc}
#         value: !astropy.table.SerializedColumn {name: SkyCoord.distance}
#       frame: icrs
#       obstime: !astropy.time.Time {format: jyear_str, in_subfmt: '*', jd1: 367701545.0, jd2: 0.0, out_subfmt: '*', precision: 3, scale: tt}
#       pm_dec: !astropy.table.SerializedColumn
#         __class__: astropy.units.quantity.Quantity
#         unit: !astropy.units.Unit {unit: mas / yr}
#         value: !astropy.table.SerializedColumn {name: SkyCoord.pm_dec}
#       pm_ra_cosdec: !astropy.table.SerializedColumn
#         __class__: astropy.units.quantity.Quantity
#         unit: !astropy.units.Unit {unit: mas / yr}
#         value: !astropy.table.SerializedColumn {name: SkyCoord.pm_ra_cosdec}
#       ra: !astropy.table.SerializedColumn
#         __class__: astropy.coordinates.angles.Longitude
#         unit: *id001
#         value: !astropy.table.SerializedColumn {name: SkyCoord.ra}
#         wrap_angle: !astropy.coordinates.Angle
#           unit: *id001
#           value: 360.0
#       representation_type: spherical
# schema: astropy-2.0
RA_ICRS_1 DE_ICRS_1 e_RA_ICRS e_DE_ICRS _r_1 HIP TYC2 Source rgeo Plx e_Plx pmRA pmDE e_pmRA e_pmDE RUWE Teff logg Gmag BP-RP BPmag RPmag RV e_RV b_rgeo B_rgeo FG e_FG FBP e_FBP FRP e_FRP RAVE5 RAVE6 e_Gmag e_BPmag e_RPmag e_BP-RP SkyCoord.ra SkyCoord.dec SkyCoord.distance SkyCoord.pm_ra_cosdec SkyCoord.pm_dec rmRA rmDE e_rmRA e_rmDE rRV e_rRV v_pec v_pec3d e_vpec e_vpec3d
[from data line 150]
276.3695112325 -10.32368277641 0.0184 0.0168 20.4349 "" "" 4154284203425190528 1715.96643 0.5449 0.0207 -0.386 -0.981 0.025 0.019 0.962 "" "" 13.956367 1.296949 14.449051 13.152102 "" "" 1660.3595 1773.92285 49249.29669 40.52 22688.0 279.41 43483.0 237.57 "" "" 0.0028965084137085413 0.0136592 0.007033604 0.020692803 276.3695112325 -10.32368277641 1715.96643 -0.386 -0.981 -0.8821211979389191 -0.8134848413467407 0.12034523 0.11434523 "" "" 9.760062537376072 "" 1.148034365750035 ""
276.3232408327 -10.0409009711 0.016 0.0143 3.2953 "" "" 4155984632537506432 1900.87683 0.4839 0.0182 0.377 -0.168 0.019 0.016 0.918 "" "" 13.960531 1.172836 14.454315 13.281479 "" "" 1818.55127 1962.60181 49060.75581 18.466 22578.0 33.742 38598.0 27.715 "" "" 0.0027854610013291173 0.0032276704 0.003858952 0.0070866225 276.3232408327 -10.0409009711 1900.87683 0.3769999999999998 -0.168 -0.11912119793891907 -0.0004848413467407331 0.11434523 0.11134523 "" "" 1.073309487271868 "" 0.1227277677161758 ""
276.08277962042 -9.89391803061 0.0178 0.0164 15.3169 "" "" 4156000919053288192 2217.13013 0.3998 0.0195 -0.845 -2.599 0.022 0.019 0.974 "" "" 13.961214 2.747103 15.516656 12.769553 7.7 1.46 2129.95483 2305.47754 49029.93201 26.416 8487.0 13.544 61850.0 42.259 "" "" 0.0028167310422566407 0.0032843887 0.003851498 0.0071358867 276.08277962042 -9.89391803061 2217.13013 -0.845 -2.599 -1.341121197938919 -2.431484841346741 0.11734523 0.11434523 -5.819999999999999 17.5 29.182138988231912 29.7568418339125 3.3574636391074115 4.749369493463966
276.30662435038 -10.03030555751 0.0162 0.0144 2.8609 "" "" 4155983223787036544 1734.63342 0.5419 0.0182 0.809 -3.074 0.02 0.016 0.849 "" "" 13.972435 0.985879 14.373237 13.387358 "" "" 1675.24707 1785.03149 48525.81554 9.9424 24329.0 27.228 35012.0 22.175 "" "" 0.0027642857567940654 0.0030432781 0.0038414316 0.00688471 276.30662435038 -10.03030555751 1734.63342 0.8090000000000004 -3.074 0.312878802061081 -2.9064848413467406 0.115345225 0.11134523 "" "" 24.035656661178045 "" 2.6773766597418303 ""
276.30085236796 -9.64842265033 0.0173 0.0161 20.3025 "" "" 4156012567004707328 1753.08435 0.5249 0.0192 1.119 -0.391 0.022 0.019 1.016 7196.4 3.5437 13.975246 1.044711 14.405536 13.360825 "" "" 1699.70776 1826.45374 48400.31015 11.584 23616.0 22.959 35878.0 21.207 "" "" 0.002767546775057085 0.0029831517 0.0038334825 0.006816634 276.30085236796 -9.64842265033 1753.08435 1.119 -0.39100000000000007 0.6228788020610809 -0.22348484134674074 0.11734523 0.11434523 "" "" 5.498956298507212 "" 0.6434161760690346 ""
276.19051548363 -9.83658420695 0.0163 0.0149 11.9617 "" "" 4156002838871335168 2047.85693 0.4457 0.0194 -0.32 -0.619 0.02 0.017 0.982 5344.4 2.9174 13.977318 1.977605 14.961855 12.98425 -3.94 2.34 1958.19824 2141.10205 48308.05247 16.562 14147.0 25.69 50753.0 65.775 "" "" 0.0027803504311539598 0.0034164821 0.004032821 0.007449303 276.19051548363 -9.83658420695 2047.85693 -0.32 -0.6190000000000004 -0.8161211979389191 -0.4514848413467407 0.115345225 0.11234523 -17.46 18.380001 9.05337928074749 19.66761999838994 1.037963511881022 16.323905613993457
276.18969509791 -10.23931807533 0.0848 0.0755 17.159 "" "" 4154475724607376512 2365.92334 0.3841 0.0947 -0.93 -2.467 0.103 0.08 1.11 3599.2 0.612 13.982717 6.018537 18.397425 12.378887 42.77 1.09 1971.20154 3075.61426 48068.46394 120.2 597.65 11.274 88635.0 558.24 "" "" 0.003868199714070124 0.020670379 0.007813086 0.028483465 276.18969509791 -10.23931807533 2365.92334 -0.9300000000000002 -2.4670000000000005 -1.4261211979389192 -2.299484841346741 0.19834523 0.17534523 29.250000000000004 17.130001 30.344335129390355 42.146662672680904 5.523462174007181 12.535798394703539
276.49834531508 -10.19485383824 0.0162 0.0147 16.2016 "" "" 4155791114160238976 1840.87842 0.492 0.0186 -0.38 -2.651 0.02 0.018 0.968 4811.2 2.4953 13.983287 2.318931 15.214272 12.895341 -25.29 1.8 1787.89124 1901.78198 48043.1883 12.574 11213.0 17.283 55084.0 44.353 "" "" 0.002769934553595006 0.0032535517 0.0038791741 0.007132726 276.49834531508 -10.19485383824 1840.87842 -0.38 -2.651 -0.8761211979389191 -2.4834848413467405 0.115345225 0.11334523 -38.81 17.84 22.979237535461177 45.10278769334716 2.6097133684947433 15.408419010823504
276.3355062697 -10.04288495241 0.0162 0.0148 3.4748 "" "" 4155981677598711680 1793.21082 0.5098 0.019 -1.44 -8.535 0.02 0.016 1.05 "" "" 13.990489 2.375012 15.259245 12.884232 -30.02 1.56 1732.12231 1854.15808 47725.58286 17.779 10758.0 27.774 55650.0 35.547 "" "" 0.0027848484546212976 0.0039550154 0.0038424868 0.007797502 276.3355062697 -10.04288495241 1793.21082 -1.4400000000000002 -8.534999999999995 -1.936121197938919 -8.36748484134674 0.115345225 0.11134523 -43.54 17.6 73.0012104028992 84.99946070586778 8.143428517766024 11.410190413535958
276.46809787761 -9.91821305187 0.0173 0.0157 9.41 "" "" 4155991813721541760 2099.17676 0.433 0.0199 -0.774 -3.901 0.023 0.018 1.044 "" "" 13.990614 1.267149 14.533104 13.265955 "" "" 2012.12781 2193.27661 47720.06366 33.796 20998.0 52.294 39154.0 62.73 "" "" 0.0028606026830208728 0.0038854058 0.004160478 0.008045884 276.46809787761 -9.91821305187 2099.17676 -0.7739999999999999 -3.901 -1.270121197938919 -3.7334848413467405 0.11834523 0.11334523 "" "" 39.23937736876528 "" 4.4683479943233335 ""
276.14739678605 -9.90741832537 0.0165 0.0147 11.4796 "" "" 4155997792316896384 2048.49829 0.4525 0.0189 0.368 -0.292 0.02 0.017 0.956 "" "" 13.995686 0.930456 14.363621 13.433165 "" "" 1966.5791 2141.0293 47497.70997 10.993 24545.0 29.393 33565.0 32.562 "" "" 0.002766755126237852 0.0030782348 0.0039234105 0.0070016454 276.14739678605 -9.90741832537 2048.49829 0.368 -0.292 -0.12812119793891907 -0.1244848413467407 0.115345225 0.11234523 "" "" 1.734553393844869 "" 0.1975626404867433 ""
276.56345851616 -10.03113298466 0.0171 0.0153 14.3763 "" "" 4155799257418655488 1814.07983 0.4999 0.02 -1.096 1.403 0.021 0.018 1.024 5484.7 2.7876 14.00013 2.256982 15.183537 12.926555 -14.44 2.39 1747.32642 1903.38953 47303.65722 20.891 11535.0 24.797 53523.0 37.477 "" "" 0.0027967320029172126 0.003637682 0.0038550857 0.0074927676 276.56345851616 -10.03113298466 1814.07983 -1.096 1.403 -1.5921211979389192 1.5705151586532593 0.11634523 0.11334523 -27.96 18.43 19.22999325622748 33.93455820597278 2.209055344876564 15.236703881716874
276.58648637153 -9.83264796198 0.018 0.0168 18.0116 "" "" 4155991195246200576 1713.59387 0.5375 0.0228 -0.554 -1.935 0.025 0.019 0.999 "" "" 14.013118 1.177527 14.509694 13.332167 "" "" 1652.55847 1787.63147 46741.19306 11.768 21456.0 29.771 36838.0 31.0 "" "" 0.002768846763655273 0.003170897 0.0038882543 0.0070591513 276.58648637153 -9.83264796198 1713.59387 -0.554 -1.935000000000001 -1.0501211979389191 -1.7674848413467408 0.12034523 0.11434523 "" "" 16.698977973556993 "" 1.9360888823639022 ""
276.18034605934 -10.25261850027 0.0196 0.0169 18.1225 "" "" 4154474934318052224 2111.37256 0.4259 0.021 -0.008 -2.618 0.025 0.019 1.002 5223.8 2.7672 14.023356 2.313379 15.246227 12.932848 -2.32 2.5 2005.61951 2210.86499 46302.47967 19.944 10887.0 18.573 53213.0 58.436 "" "" 0.0027947267145605015 0.003349008 0.003962993 0.007312001 276.18034605934 -10.25261850027 2111.37256 -0.008 -2.618 -0.5041211979389191 -2.4504848413467406 0.12034523 0.11434523 -15.84 18.54 25.037800867973303 29.627640343170846 2.869206047767423 10.204409055785371
276.43032312866 -9.68586636778 0.0163 0.0161 19.0633 "" "" 4156008718713593984 1673.56213 0.5592 0.0212 -0.368 -0.577 0.02 0.018 0.969 "" "" 14.026652 1.113106 14.491865 13.378759 "" "" 1612.75452 1745.64221 46162.12567 10.325 21811.0 21.019 35290.0 25.483 "" "" 0.002766001253986762 0.0029799019 0.003859845 0.0068397466 276.43032312866 -9.68586636778 1673.56213 -0.36800000000000005 -0.5770000000000002 -0.8641211979389191 -0.4094848413467407 0.115345225 0.11334523 "" "" 7.585501868573241 "" 0.872189151985719 ""
276.57787171331 -9.82080012159 0.0174 0.0164 17.9584 "" "" 4155994145854883584 2102.99023 0.4294 0.0228 -1.888 -5.109 0.023 0.018 0.975 4824.3 2.6266 14.033102 2.225131 15.201517 12.976386 68.68 2.64 2019.82507 2183.38159 45888.71865 14.189 11345.0 15.169 51122.0 39.615 "" "" 0.0027756969699580577 0.0031452314 0.0038718982 0.0070171296 276.57787171331 -9.82080012159 2102.99023 -1.8880000000000003 -5.109 -2.384121197938919 -4.941484841346741 0.11834523 0.11334523 55.16000000000001 18.68 54.69095187400233 77.67706107265155 6.251509366949443 13.97622729363834
276.34905677167 -10.0298277129 0.0162 0.0152 3.0035 "" "" 4155984666895951616 2032.23914 0.4519 0.0199 0.451 -0.125 0.02 0.017 0.991 6993.3 3.2699 14.038577 1.163604 14.52602 13.362416 "" "" 1965.828 2130.7998 45657.88175 14.892 21135.0 27.242 35825.0 21.77 "" "" 0.0027779843056653943 0.0031214645 0.0038365389 0.006958003 276.34905677167 -10.0298277129 2032.23914 0.45100000000000046 -0.12499999999999999 -0.045121197938919055 0.04251515865325928 0.115345225 0.11234523 "" "" 0.5971925823250098 "" 0.06804663087366326 ""
276.57337025919 -9.83905986663 0.0185 0.0172 17.1486 "" "" 4155991160886473600 1941.09814 0.4658 0.0206 0.456 -2.915 0.023 0.019 0.986 5549.8 2.8045 14.041511 2.181598 15.175536 12.993938 4.81 2.49 1851.35437 2018.48376 45534.71342 13.862 11620.0 19.759 50302.0 41.999 "" "" 0.002775074383630196 0.0033456795 0.0038865805 0.00723226 276.57337025919 -9.83905986663 1941.09814 0.456 -2.915 -0.04012119793891905 -2.7474848413467408 0.11834523 0.11434523 -8.71 18.53 25.2817679339395 26.74008021426958 2.8908715105003164 6.6257582841284846
276.4326592488 -9.69922116925 0.0174 0.016 18.3559 "" "" 4156008512555123712 2058.62085 0.4448 0.0197 0.483 -1.523 0.022 0.019 1.022 10051.5 3.905 14.047923 1.115438 14.51273 13.397292 "" "" 1975.84045 2171.4646 45266.5802 20.856 21396.0 31.174 34693.0 53.875 "" "" 0.002800362220525496 0.0032074158 0.004138415 0.007345831 276.4326592488 -9.69922116925 2058.62085 0.4830000000000002 -1.523 -0.013121197938919082 -1.3554848413467406 0.11734523 0.11434523 "" "" 13.227254827749958 "" 1.5124772644466522 ""
276.20064431907 -9.66101961432 0.0213 0.0196 20.8282 "" "" 4156058162379924992 1978.71704 0.462 0.0211 0.284 -7.766 0.026 0.022 0.99 4754.5 2.6183 14.055594 2.264535 15.250649 12.986114 3.24 1.5 1900.10999 2069.23438 44947.84745 15.604 10843.0 15.885 50666.0 28.353 "" "" 0.002780981754417351 0.0032117083 0.0038279088 0.007039617 276.20064431907 -9.66101961432 1978.71704 0.2839999999999999 -7.766000000000004 -0.2121211979389191 -7.598484841346741 0.12134523 0.11734523 -10.28 17.54 71.29485621513692 72.0321797722174 8.36633706823267 8.650780535571274
276.57711238927 -10.20087325 0.0204 0.0184 19.7201 "" "" 4155787987424025728 2041.30334 0.4491 0.0233 -1.908 -2.561 0.025 0.021 1.356 5311.5 3.1089 14.057684 2.223719 15.217284 12.993566 -1.3 2.3 1923.86682 2149.19092 44861.45311 17.221 11182.0 15.505 50319.0 34.234 "" "" 0.0027866641296573737 0.0031704155 0.0038508908 0.007021306 276.57711238927 -10.20087325 2041.30334 -1.9079999999999997 -2.5610000000000017 -2.404121197938919 -2.3934848413467407 0.12034523 0.11634523 -14.82 18.34 32.824380614498374 36.014890847057366 3.8854544955991877 8.336384332504009
276.31898716063 -10.09435352367 0.0176 0.016 6.5097 "" "" 4155979787813019904 2017.28174 0.4568 0.0193 0.44 -0.156 0.023 0.02 1.074 10488.2 3.7495 14.069551 1.14172 14.538569 13.39685 "" "" 1951.52686 2088.2085 44373.75338 15.188 20892.0 23.892 34707.0 30.332 "" "" 0.002780268078867561 0.0030539688 0.0038966765 0.0069506452 276.31898716063 -10.09435352367 2017.28174 0.44 -0.156 -0.056121197938919065 0.011515158653259278 0.11834523 0.115345225 "" "" 0.5478057775626324 "" 0.06476461609783545 ""
276.33066511062 -9.99162333497 0.0167 0.0151 0.4965 "" "" 4155985079212948736 1978.18298 0.4655 0.0189 -4.356 -4.23 0.021 0.017 0.931 "" "" 14.07267 2.174096 15.203829 13.029733 35.34 2.91 1894.6012 2068.12085 44246.47137 14.215 11321.0 14.276 48670.0 27.549 "" "" 0.0027773116207067965 0.003107986 0.0038290233 0.0069370093 276.33066511062 -9.99162333497 1978.18298 -4.356 -4.23 -4.852121197938919 -4.062484841346741 0.11634523 0.11234523 21.820000000000004 18.95 59.33747404462146 63.222213074172956 6.8068199951222415 9.142684394390086
276.36409069024 -9.84873427818 0.0167 0.0145 8.5615 "" "" 4156004973501820544 2107.21558 0.4347 0.0197 -1.674 -2.039 0.022 0.018 0.884 5267.5 2.7841 14.077458 2.055111 15.12058 13.065469 -16.18 2.21 1999.37854 2196.91431 44051.76284 14.378 12223.0 18.159 47095.0 72.326 "" "" 0.0027780152945967567 0.0032228662 0.00413086 0.007353726 276.36409069024 -9.84873427818 2107.21558 -1.674 -2.039 -2.170121197938919 -1.8714848413467409 0.11734523 0.11334523 -29.7 18.25 28.622571429656336 41.24732227970416 3.310375153760747 13.340124986368785
276.16411178457 -9.86738966661 0.0297 0.0272 11.8535 "" "" 4156002430882060416 2325.72754 0.3653 0.0338 -4.044 -7.885 0.037 0.034 0.925 4607.0 1.7812 14.079634 3.902872 16.579105 12.676233 46.37 1.15 2165.95996 2513.32324 43963.58234 31.479 3189.9 15.069 67401.0 88.352 "" "" 0.00286289387075277 0.0058387984 0.004038478 0.009877276 276.16411178457 -9.86738966661 2325.72754 -4.044000000000003 -7.885 -4.540121197938919 -7.7174848413467405 0.13234523 0.12934524 32.849999999999994 17.19 98.70730054593743 104.03006142969454 12.844105539593949 13.341144297086066
276.52726715558 -9.78868209229 0.0197 0.0187 16.8462 "" "" 4155995215335836032 1835.35144 0.5012 0.0239 -3.027 -7.452 0.023 0.02 1.162 7161.0 3.1526 14.084188 1.69598 14.8895 13.19352 -11.83 7.75 1753.86243 1910.69604 43779.57514 12.936 15122.0 21.44 41855.0 23.0 "" "" 0.0027739341682124392 0.0031866399 0.0038261854 0.0070128255 276.52726715558 -9.78868209229 1835.35144 -3.027 -7.4519999999999955 -3.523121197938919 -7.284484841346741 0.11834523 0.115345225 -25.35 23.79 70.39454207107786 74.81987739495936 8.160128538553488 11.13164322896026
276.42337811805 -10.22231101648 0.0176 0.0161 15.3347 "" "" 4155789366132491136 1773.35034 0.5265 0.0206 -1.062 -3.428 0.022 0.018 0.931 "" "" 14.088815 1.51315 14.778769 13.265619 18.13 7.53 1712.69165 1847.55273 43593.40594 12.291 16746.0 24.375 39166.0 31.839 "" "" 0.0027722731544000167 0.0032066505 0.0038810757 0.007087726 276.42337811805 -10.22231101648 1773.35034 -1.0619999999999992 -3.428 -1.5581211979389191 -3.2604848413467407 0.11734523 0.11334523 4.609999999999999 23.570002 30.375230478914016 30.72306505944918 3.4657983463649398 4.924371191141491
276.65438838458 -10.02973458793 0.0172 0.0161 19.6676 "" "" 4155798711981292288 1868.21362 0.4876 0.02 0.157 -0.766 0.022 0.018 1.058 5112.9 2.6767 14.089119 2.28941 15.298064 13.008655 -39.68 3.21 1797.68274 1941.00928 43581.19363 18.438 10380.0 17.073 49625.0 49.855 "" "" 0.0027933469562238956 0.0033127314 0.0039336374 0.0072463686 276.65438838458 -10.02973458793 1868.21362 0.15699999999999997 -0.7660000000000002 -0.33912119793891904 -0.5984848413467407 0.11734523 0.11334523 -53.2 19.25 6.091460214379501 53.54760393839643 0.6964382292424182 19.125202838957126
276.33125317465 -9.9965612136 0.0165 0.0147 0.7489 "" "" 4155985044853198336 1748.68823 0.5304 0.0186 0.571 -0.241 0.021 0.017 1.018 "" "" 14.092363 1.001771 14.495435 13.493664 "" "" 1694.08594 1801.08826 43451.14876 11.957 21739.0 22.718 31746.0 21.511 "" "" 0.0027714718690803487 0.0030120485 0.0038503206 0.0068623694 276.33125317465 -9.9965612136 1748.68823 0.5709999999999995 -0.24100000000000005 0.07487880206108088 -0.07348484134674071 0.11634523 0.11234523 "" "" 0.8696057221844786 "" 0.09948314387353699 ""
276.38305711621 -10.31482266141 0.0316 0.0292 20.0305 "" "" 4154284581391311232 2239.64575 0.4119 0.0359 -0.567 -2.159 0.04 0.032 1.965 "" "" 14.095686 1.739776 14.915357 13.175581 "" "" 2081.52637 2404.16284 43318.39654 25.356 14766.0 28.495 42553.0 19.454 "" "" 0.0028276636113199623 0.0034892699 0.0038118379 0.007301108 276.38305711621 -10.31482266141 2239.64575 -0.567 -2.158999999999998 -1.063121197938919 -1.9914848413467405 0.13534522 0.12734523 "" "" 23.96528216093776 "" 3.095408829177549 ""
