Clusters/Ruprecht_170/Ruprecht_170_stars_in_region.tsv
# %ECSV 1.0
# ---
# datatype:
# - name: RA_ICRS_1
#   unit: deg
#   datatype: float64
#   format: '{:15.11f}'
#   description: Right ascension (ICRS) at Ep=2016.0 (ra)
#   meta: !!omap
#   - {ucd: POS_EQ_RA_MAIN}
#   - {width: 15}
#   - {precision: '11'}
# - name: DE_ICRS_1
#   unit: deg
#   datatype: float64
#   format: '{:15.11f}'
#   description: Declination (ICRS) at Ep=2016.0 (dec)
#   meta: !!omap
#   - {ucd: POS_EQ_DEC_MAIN}
#   - {width: 15}
#   - {precision: '11'}
# - name: e_RA_ICRS
#   unit: mas
#   datatype: float64
#   format: '{:7.4f}'
#   description: Standard error of right ascension (ra_error)
#   meta: !!omap
#   - {ucd: ERROR}
#   - {width: 7}
#   - {precision: '4'}
# - name: e_DE_ICRS
#   unit: mas
#   datatype: float64
#   format: '{:7.4f}'
#   description: Standard error of declination (dec_error)
#   meta: !!omap
#   - {ucd: ERROR}
#   - {width: 7}
#   - {precision: '4'}
# - name: _r_1
#   unit: ''
#   datatype: float64
#   format: '{:7.4f}'
#   description: Distance from center (276.32450670000-09.98599423000)[ICRS], at Epoch=J2016.0
#   meta: !!omap
#   - {ucd: POS_ANG_DIST_GENERAL}
#   - {width: 7}
#   - {precision: '4'}
# - name: HIP
#   datatype: int32
#   description: '? HIP cross-id number, van Leeuwen, Cat. I/311 (hip_original_ext_source_id)'
#   meta: !!omap
#   - {ucd: ID_NUMBER}
#   - {width: 6}
#   - values: {'null': -2147483648}
# - name: TYC2
#   datatype: string
#   description: Tycho-2 cross-id name, Hog et al., Cat. I/259 (tyc2_original_ext_source_id)
#   meta: !!omap
#   - {ucd: ID_CROSSID}
#   - {_votable_string_dtype: char}
# - name: Source
#   datatype: int64
#   description: Source identifier, identical to the Gaia-EDR3 source_id (id)
#   meta: !!omap
#   - {ucd: ID_MAIN}
#   - {width: 19}
# - name: rgeo
#   unit: pc
#   datatype: float64
#   format: '{:15.8f}'
#   description: '? Median of the geometric distance posterior (r_med_geo)'
#   meta: !!omap
#   - {ucd: PHYS_DISTANCE_TRUE}
#   - {width: 15}
#   - {precision: '8'}
#   - values: {'null': .nan}
# - name: Plx
#   unit: mas
#   datatype: float64
#   format: '{:9.4f}'
#   description: '? Parallax (parallax)'
#   meta: !!omap
#   - {ucd: POS_PARLX_TRIG}
#   - {width: 9}
#   - {precision: '4'}
#   - values: {'null': .nan}
# - name: e_Plx
#   unit: mas
#   datatype: float32
#   format: '{:7.4f}'
#   description: '? Standard error of parallax (parallax_error)'
#   meta: !!omap
#   - {ucd: ERROR}
#   - {width: 7}
#   - {precision: '4'}
#   - values: {'null': .nan}
# - name: pmRA
#   unit: mas / yr
#   datatype: float64
#   format: '{:9.3f}'
#   description: '? Proper motion in right ascension direction, pmRA*cosDE (pmra)'
#   meta: !!omap
#   - {ucd: POS_EQ_PMRA}
#   - {width: 9}
#   - {precision: '3'}
#   - values: {'null': .nan}
# - name: pmDE
#   unit: mas / yr
#   datatype: float64
#   format: '{:9.3f}'
#   description: '? Proper motion in declination direction (pmdec)'
#   meta: !!omap
#   - {ucd: POS_EQ_PMDEC}
#   - {width: 9}
#   - {precision: '3'}
#   - values: {'null': .nan}
# - name: e_pmRA
#   unit: mas / yr
#   datatype: float32
#   format: '{:6.3f}'
#   description: '? Standard error of proper motion in right ascension direction (pmra_error)'
#   meta: !!omap
#   - {ucd: ERROR}
#   - {width: 6}
#   - {precision: '3'}
#   - values: {'null': .nan}
# - name: e_pmDE
[...]
#         value: !astropy.table.SerializedColumn {name: SkyCoord.dec}
#       distance: !astropy.table.SerializedColumn
#         __class__: astropy.coordinates.distances.Distance
#         unit: !astropy.units.Unit {unit: pc}
#         value: !astropy.table.SerializedColumn {name: SkyCoord.distance}
#       frame: icrs
#       obstime: !astropy.time.Time {format: jyear_str, in_subfmt: '*', jd1: 367701545.0, jd2: 0.0, out_subfmt: '*', precision: 3, scale: tt}
#       pm_dec: !astropy.table.SerializedColumn
#         __class__: astropy.units.quantity.Quantity
#         unit: !astropy.units.Unit {unit: mas / yr}
#         value: !astropy.table.SerializedColumn {name: SkyCoord.pm_dec}
#       pm_ra_cosdec: !astropy.table.SerializedColumn
#         __class__: astropy.units.quantity.Quantity
#         unit: !astropy.units.Unit {unit: mas / yr}
#         value: !astropy.table.SerializedColumn {name: SkyCoord.pm_ra_cosdec}
#       ra: !astropy.table.SerializedColumn
#         __class__: astropy.coordinates.angles.Longitude
#         unit: *id001
#         value: !astropy.table.SerializedColumn {name: SkyCoord.ra}
#         wrap_angle: !astropy.coordinates.Angle
#           unit: *id001
#           value: 360.0
#       representation_type: spherical
# schema: astropy-2.0
RA_ICRS_1 DE_ICRS_1 e_RA_ICRS e_DE_ICRS _r_1 HIP TYC2 Source rgeo Plx e_Plx pmRA pmDE e_pmRA e_pmDE RUWE Teff logg Gmag BP-RP BPmag RPmag RV e_RV b_rgeo B_rgeo FG e_FG FBP e_FBP FRP e_FRP RAVE5 RAVE6 e_Gmag e_BPmag e_RPmag e_BP-RP SkyCoord.ra SkyCoord.dec SkyCoord.distance SkyCoord.pm_ra_cosdec SkyCoord.pm_dec rmRA rmDE e_rmRA e_rmDE rRV e_rRV v_pec v_pec3d e_vpec e_vpec3d
[from data line 1817]
276.26553957706 -9.87206441035 0.0581 0.0551 7.6729 "" "" 4155999613382823936 2009.17432 0.4895 0.0666 -1.046 -7.036 0.071 0.065 1.018 5033.0 4.3202 16.935146 1.677311 17.731264 16.053953 "" "" 1778.02856 2347.63672 3168.74986 2.327 1103.9 7.5322 3003.1 13.268 "" "" 0.002868363417642765 0.0079162745 0.006106873 0.0140231475 276.26553957706 -9.87206441035 2009.17432 -1.046 -7.036 -1.542121197938919 -6.86848484134674 0.16634524 0.16034523 "" "" 67.040352710072 "" 10.769247643833001 ""
276.58795178489 -10.0709149073 0.0675 0.0645 16.3779 "" "" 4155798123547206016 2454.94189 0.4126 0.0779 -1.168 -0.82 0.085 0.071 1.011 4838.1 4.3688 16.936663 1.760843 17.78488 16.024036 "" "" 2067.55908 3140.13989 3164.33056 2.6936 1050.7 7.4243 3087.1 20.033 "" "" 0.00290619558001841 0.008163492 0.007995284 0.016158776 276.58795178489 -10.0709149073 2454.94189 -1.168 -0.82 -1.664121197938919 -0.6524848413467407 0.18034524 0.16634524 "" "" 20.799716933209158 "" 3.71364699756912 ""
276.26712538907 -10.23759308543 0.0754 0.0729 15.4718 "" "" 4154476274363152896 2166.4082 0.4695 0.0886 0.395 -1.293 0.095 0.072 1.009 "" "" 16.937902 1.784212 17.81459 16.030378 "" "" 1826.51416 2773.39233 3160.71878 3.0566 1022.3 7.4941 3069.1 16.738 "" "" 0.002948597510583438 0.008434024 0.007024634 0.015458658 276.26712538907 -10.23759308543 2166.4082 0.395 -1.2930000000000008 -0.10112119793891905 -1.1254848413467406 0.19034523 0.16734523 "" "" 11.603904730020863 "" 1.9441407856776984 ""
276.49689827346 -10.19434258562 0.0896 0.0865 16.1238 "" "" 4155789640999634432 2405.64648 0.4169 0.0971 -1.68 -0.172 0.11 0.094 1.379 "" "" 16.938007 2.395787 18.152044 15.756257 "" "" 2018.36646 3042.06714 3160.41007 4.2846 749.2 9.4469 3950.5 9.7978 "" "" 0.0031238449260914433 0.013971824 0.004640559 0.018612383 276.49689827346 -10.19434258562 2405.64648 -1.6800000000000008 -0.17199999999999988 -2.176121197938919 -0.004484841346740709 0.20534523 0.18934523 "" "" 24.813849839001332 "" 5.095404039924277 ""
276.34177536312 -10.26648621821 0.1038 0.0958 16.8604 "" "" 4154287914285986432 1946.86047 0.5084 0.1114 0.439 -2.354 0.128 0.105 1.238 "" "" 16.938328 3.581333 19.121145 15.539812 "" "" 1591.6991 2341.78223 3159.48234 4.9445 306.87 6.0153 4822.1 14.989 "" "" 0.0032371109522288653 0.021464836 0.005066919 0.026531756 276.34177536312 -10.26648621821 1946.86047 0.43900000000000006 -2.354 -0.057121197938919066 -2.186484841346741 0.22334523 0.20034522 "" "" 20.184025753350962 "" 4.044107826061195 ""
276.09396226052 -9.88478184996 0.0662 0.0623 14.9173 "" "" 4156000949082795520 1872.92603 0.5359 0.0736 0.223 -3.152 0.083 0.074 1.034 7131.4 4.319 16.939646 1.702131 17.761942 16.05981 "" "" 1627.58032 2181.67334 3155.64749 2.5275 1073.1 7.0279 2987.0 26.658 "" "" 0.0028892939419385586 0.007638487 0.010400806 0.018039294 276.09396226052 -9.88478184996 1872.92603 0.22299999999999992 -3.1519999999999997 -0.2731211979389191 -2.984484841346741 0.17834523 0.16934523 "" "" 26.60598406341928 "" 4.507637583541645 ""
276.42418822569 -9.98748631191 0.075 0.0689 5.8909 "" "" 4155982330433685120 2410.06763 0.4216 0.0922 -0.547 -1.865 0.096 0.074 0.971 4782.3 3.4393 16.939713 3.234263 18.884716 15.650453 "" "" 1962.68982 3046.50342 3155.4516 3.3696 381.53 7.0399 4354.9 11.937 "" "" 0.0029893220451849447 0.020227106 0.0048104725 0.02503758 276.42418822569 -9.98748631191 2410.06763 -0.5469999999999995 -1.865 -1.0431211979389192 -1.6974848413467407 0.19134523 0.16934523 "" "" 22.760330904212243 "" 3.9978529433995624 ""
276.61869249988 -10.10814109337 0.0734 0.0693 18.8624 "" "" 4155794893737530496 2208.91602 0.4857 0.0916 -1.437 -4.367 0.09 0.075 1.09 9171.5 3.6477 16.939823 3.456163 18.941566 15.485403 "" "" 1737.45093 2721.23364 3155.12933 5.8731 362.07 10.537 5069.9 31.881 "" "" 0.003417072564783538 0.03172016 0.007803681 0.039523844 276.61869249988 -10.10814109337 2208.91602 -1.4369999999999992 -4.366999999999997 -1.9331211979389191 -4.199484841346741 0.18534523 0.17034523 "" "" 48.40458882325317 "" 8.376983439277181 ""
276.25997753326 -10.08733710066 0.0647 0.0605 7.1769 "" "" 4155982639671446144 1796.21326 0.527 0.0766 -7.943 -4.271 0.08 0.064 1.034 5277.1 3.7869 16.940077 2.480878 18.27222 15.791343 "" "" 1607.10339 2021.70447 3154.39473 3.307 670.7 6.6079 3824.9 11.729 "" "" 0.002981179477209539 0.011054841 0.0050367243 0.016091565 276.25997753326 -10.08733710066 1796.21326 -7.943000000000007 -4.270999999999995 -8.439121197938919 -4.103484841346741 0.17534523 0.15934524 "" "" 79.89489982488794 "" 13.77392277206203 ""
276.16372748876 -9.67647442332 0.0704 0.0681 20.8623 "" "" 4156058089328673792 2160.6875 0.4367 0.0865 -1.247 -1.086 0.087 0.069 1.025 4826.7 4.4177 16.94078 1.912998 17.852484 15.939486 "" "" 1828.94885 2583.79907 3152.34936 3.0074 987.24 9.1005 3337.1 13.282 "" "" 0.0029435857485856725 0.010390096 0.005740881 0.016130976 276.16372748876 -9.67647442332 2160.6875 -1.247000000000001 -1.086 -1.7431211979389192 -0.9184848413467408 0.18234523 0.16434523 "" "" 20.179150175004434 "" 3.6037542808433622 ""
276.16179506661 -9.98182865642 0.062 0.0609 9.6181 "" "" 4155996138715409280 1698.01221 0.5892 0.0766 -1.391 -0.974 0.076 0.061 1.027 5972.0 4.6081 16.94122 1.62476 17.693932 16.069172 "" "" 1487.14478 1914.15491 3151.07458 2.2955 1142.5 10.003 2961.3 11.287 "" "" 0.002866596192210668 0.009907034 0.005604385 0.01551142 276.16179506661 -9.98182865642 1698.01221 -1.391 -0.9739999999999999 -1.887121197938919 -0.8064848413467407 0.17134523 0.15634523 "" "" 16.51752560429787 "" 2.7933716709682956 ""
276.5303069574 -9.80221955169 0.0682 0.0643 16.4181 "" "" 4155994459421544576 1659.75977 0.5704 0.0792 -0.719 -4.419 0.087 0.074 1.056 4920.6 4.3411 16.941519 1.710331 17.764692 16.054361 "" "" 1489.92053 1913.00085 3150.20565 3.0402 1070.4 7.7431 3002.0 16.881 "" "" 0.0029478332038612885 0.008334925 0.0071804756 0.015515401 276.5303069574 -9.80221955169 1659.75977 -0.719 -4.419 -1.215121197938919 -4.25148484134674 0.18234523 0.16934523 "" "" 34.786857925148546 "" 5.926345066026319 ""
276.0440884036 -10.17788087297 0.0768 0.0756 20.1733 "" "" 4154480221423428224 1965.58533 0.5385 0.1045 0.28 -1.665 0.114 0.074 1.05 5645.0 4.6364 16.941626 1.88536 17.874035 15.988675 "" "" 1661.69128 2533.71802 3149.89916 2.8702 967.84 8.7378 3189.2 10.678 "" "" 0.0029275513722945975 0.010191558 0.0052439165 0.015435474 276.0440884036 -10.17788087297 1965.58533 0.28 -1.665 -0.21612119793891904 -1.4974848413467408 0.20934522 0.16934523 "" "" 14.096431748665562 "" 2.399992742677831 ""
276.3285171223 -10.21758934044 0.0666 0.0595 13.8977 "" "" 4154289146918442880 1967.31409 0.5078 0.0701 -0.361 -1.184 0.081 0.067 0.967 6019.9 4.4239 16.94402 1.857255 17.852139 15.994884 "" "" 1705.62476 2310.74609 3142.96151 2.4624 987.56 5.6143 3171.1 9.5045 "" "" 0.002883638552786809 0.0067737717 0.0049873358 0.0117611075 276.3285171223 -10.21758934044 1967.31409 -0.361 -1.1840000000000008 -0.857121197938919 -1.0164848413467407 0.17634523 0.16234523 "" "" 12.398828945764244 "" 2.086778202327778 ""
276.05418096375 -9.87414093178 0.0773 0.0747 17.3289 "" "" 4156001743687116032 1965.30908 0.489 0.0836 3.473 -0.618 0.094 0.078 0.993 5018.6 3.064 16.944891 3.531613 19.134848 15.603234 "" "" 1674.95398 2416.92554 3140.43743 3.4043 303.02 7.3945 4548.5 14.028 "" "" 0.0029961685464105713 0.026641382 0.005049382 0.031690765 276.05418096375 -9.87414093178 1965.30908 3.4729999999999976 -0.6179999999999997 2.976878802061081 -0.4504848413467407 0.18934523 0.17334524 "" "" 28.04703613178018 "" 5.3009417008926745 ""
276.58693240847 -9.81669417036 0.065 0.0664 18.5412 "" "" 4156017613556210816 2374.69751 0.4188 0.0889 0.107 -0.634 0.086 0.065 0.993 8990.5 4.1534 16.94591 2.658683 18.42445 15.765767 "" "" 1967.82056 2887.49805 3137.494 2.7705 582.96 6.486 3916.1 10.192 "" "" 0.0029173560287706784 0.012397921 0.004718946 0.017116867 276.58693240847 -9.81669417036 2374.69751 0.10699999999999998 -0.6339999999999998 -0.3891211979389191 -0.46648484134674073 0.18134522 0.16034523 "" "" 6.837756006171406 "" 1.1574767077132677 ""
276.57674772026 -9.90748170687 0.0635 0.0602 15.6336 "" "" 4155990267533133184 2208.46338 0.4374 0.0711 0.46 -0.802 0.078 0.065 0.992 "" "" 16.946009 1.767317 17.785452 16.018135 "" "" 1934.98425 2542.06543 3137.20521 2.6313 1050.1 9.2392 3103.9 11.761 "" "" 0.0029019086469799565 0.009951879 0.005586453 0.015538332 276.57674772026 -9.90748170687 2208.46338 0.4600000000000001 -0.8020000000000004 -0.03612119793891905 -0.6344848413467408 0.17334524 0.16034523 "" "" 6.652615684260756 "" 1.067005846289999 ""
276.36020674145 -10.06345113858 0.0634 0.0609 5.1037 "" "" 4155981398387490816 1656.7478 0.5982 0.0749 -0.924 -4.337 0.079 0.069 1.031 "" "" 16.947357 1.994383 17.92225 15.927868 "" "" 1445.19312 1998.75964 3133.31178 2.8327 925.8 6.1439 3373.0 12.502 "" "" 0.002924939158398289 0.0077266553 0.005520734 0.013247389 276.36020674145 -10.06345113858 1656.7478 -0.9240000000000002 -4.337000000000001 -1.420121197938919 -4.1694848413467405 0.17434523 0.16434523 "" "" 34.590010807988826 "" 5.7216332180909655 ""
276.54251109966 -9.91668005866 0.0638 0.0602 13.5381 "" "" 4155990194484554240 1700.78467 0.5775 0.0738 -1.523 -5.605 0.078 0.064 0.919 5275.4 4.5678 16.948496 1.830189 17.826248 15.996059 "" "" 1514.80762 1905.15369 3130.02747 3.168 1011.4 7.3158 3167.6 16.192 "" "" 0.00296637626457904 0.008334416 0.006714643 0.015049059 276.54251109966 -9.91668005866 1700.78467 -1.5229999999999997 -5.604999999999998 -2.0191211979389188 -5.437484841346741 0.17334524 0.15934524 "" "" 46.76012083269351 "" 7.533361478576695 ""
276.01250373126 -10.03380511595 0.0714 0.0653 18.6571 "" "" 4154495270989085696 1769.41052 0.547 0.0826 -1.338 0.938 0.093 0.071 1.031 5045.3 4.6679 16.949785 1.598314 17.705347 16.107033 "" "" 1531.65637 2058.0144 3126.31178 2.6907 1130.5 11.717 2859.9 12.565 "" "" 0.002909465782610362 0.011593797 0.0060859234 0.017679721 276.01250373126 -10.03380511595 1769.41052 -1.3380000000000012 0.938 -1.8341211979389191 1.1055151586532592 0.18834522 0.16634524 "" "" 17.961051288823956 "" 3.282229558065024 ""
276.26161712854 -9.89642225406 0.064 0.0606 6.5343 "" "" 4155998715699760256 1893.82043 0.5266 0.0712 0.816 -0.015 0.082 0.074 0.99 5715.9 4.5883 16.95127 1.644602 17.6992 16.054598 "" "" 1635.51086 2283.11743 3122.04253 3.0463 1136.9 7.6435 3001.4 28.722 "" "" 0.0029519668574777345 0.007814605 0.011056022 0.018870626 276.26161712854 -9.89642225406 1893.82043 0.8159999999999997 -0.015000000000000003 0.3198788020610809 0.15251515865325926 0.17734523 0.16934523 "" "" 3.1811424852821846 "" 0.5595340407233707 ""
276.57294068735 -9.98093222662 0.0699 0.0653 14.6835 "" "" 4155987514424754816 2036.25464 0.4946 0.0778 1.214 -2.376 0.092 0.075 1.051 4806.9 4.3477 16.951963 1.725866 17.762684 16.036818 "" "" 1732.86499 2379.56348 3120.0461 2.902 1072.4 10.749 3050.9 13.228 "" "" 0.0029345535121635224 0.01123466 0.0060369116 0.01727157 276.57294068735 -9.98093222662 2036.25464 1.213999999999999 -2.376 0.7178788020610809 -2.2084848413467406 0.18734524 0.17034523 "" "" 22.413815077888696 "" 3.856126977028009 ""
276.33719880651 -10.13940584521 0.065 0.0614 9.2352 "" "" 4155978482142848384 1811.20337 0.5533 0.0764 0.622 1.349 0.082 0.067 1.018 4771.9 4.3557 16.952301 1.632574 17.713638 16.081064 "" "" 1587.47388 2091.63623 3119.0768 2.4718 1121.9 7.7421 2929.1 8.5348 "" "" 0.002886540431586427 0.007995197 0.0049287095 0.012923906 276.33719880651 -10.13940584521 1811.20337 0.6219999999999998 1.3490000000000013 0.12587880206108093 1.5165151586532593 0.17734523 0.16234523 "" "" 13.064214519170823 "" 2.122315327021121 ""
276.61113413074 -10.15708642342 0.0626 0.0582 19.8014 "" "" 4155788610218032768 2208.23682 0.4557 0.0733 -0.583 -1.888 0.078 0.069 0.898 5013.4 4.2776 16.952715 1.933206 17.918953 15.985747 "" "" 1874.12561 2611.43994 3117.89238 2.4677 928.62 8.3427 3197.9 11.742 "" "" 0.0028862124730138325 0.010145443 0.005493325 0.015638769 276.61113413074 -10.15708642342 2208.23682 -0.583 -1.8879999999999997 -1.079121197938919 -1.7204848413467406 0.17334524 0.16434523 "" "" 21.25755748427314 "" 3.548638816029724 ""
276.15042674579 -9.87715400073 0.0633 0.0596 12.1858 "" "" 4156002293442700160 1791.60596 0.5882 0.0723 -3.182 -5.467 0.075 0.064 0.96 4928.7 4.3532 16.953276 1.684908 17.763922 16.079014 "" "" 1574.03125 2135.78564 3116.28104 2.4655 1071.1 7.4042 2934.6 10.979 "" "" 0.0028861165606027103 0.008007229 0.005548282 0.013555512 276.15042674579 -9.87715400073 1791.60596 -3.181999999999998 -5.467 -3.678121197938919 -5.29948484134674 0.17034523 0.15934524 "" "" 54.781756626767056 "" 8.929581572935572 ""
276.58305149221 -10.15650407416 0.0675 0.0632 18.3834 "" "" 4155788678937566208 1774.71863 0.5656 0.0742 -2.126 0.228 0.08 0.067 0.991 6183.1 4.4042 16.954775 1.980653 17.945639 15.964986 "" "" 1578.90442 2010.59912 3111.97756 3.0712 906.07 6.947 3259.6 6.4962 "" "" 0.0029563358158674036 0.008779686 0.0043549747 0.01313466 276.58305149221 -10.15650407416 1774.71863 -2.126 0.22799999999999998 -2.622121197938919 0.39551515865325926 0.17534523 0.16234523 "" "" 22.30723760275422 "" 3.9052506630681534 ""
276.46194361389 -10.27412489628 0.0645 0.0644 19.0988 "" "" 4155785827079262848 1884.84546 0.546 0.0817 -2.412 -1.915 0.08 0.066 0.918 4632.2 4.2922 16.955294 2.127998 17.970387 15.842388 "" "" 1635.26782 2201.90332 3110.4928 3.2649 885.65 8.6801 3649.2 46.003 "" "" 0.0029817029495407144 0.011000831 0.014199352 0.025200183 276.46194361389 -10.27412489628 1884.84546 -2.4119999999999977 -1.9149999999999985 -2.908121197938919 -1.7474848413467408 0.17534523 0.16134523 "" "" 30.311554204092435 "" 5.20578037685659 ""
276.25501626138 -10.0466741982 0.0682 0.0643 5.4876 "" "" 4155983326866326912 1955.73303 0.503 0.0817 2.02 -0.864 0.08 0.064 1.04 5274.7 4.6316 16.955603 1.673537 17.652689 15.979152 "" "" 1697.76575 2356.01538 3109.60638 2.8171 1186.7 15.157 3217.3 26.818 "" "" 0.0029256230256240914 0.014145361 0.009807661 0.023953022 276.25501626138 -10.0466741982 1955.73303 2.02 -0.8639999999999995 1.523878802061081 -0.6964848413467407 0.17534523 0.15934524 "" "" 15.53217052867651 "" 2.6821956629226933 ""
276.60492603368 -9.98201922154 0.071 0.0683 16.5721 "" "" 4155801284644934272 1862.15161 0.5716 0.0866 -0.242 -2.448 0.087 0.069 1.06 5329.1 4.6417 16.955944 1.771732 17.800203 16.028471 "" "" 1575.08472 2344.08496 3108.63076 3.2975 1035.9 12.673 3074.5 14.836 "" "" 0.0029863365430288983 0.0135725755 0.0064601204 0.020032696 276.60492603368 -9.98201922154 1862.15161 -0.24200000000000002 -2.448 -0.7381211979389191 -2.2804848413467407 0.18234523 0.16434523 "" "" 21.157034737802 "" 3.514941758687551 ""
276.09536483038 -9.76144546763 0.0693 0.0672 19.1045 "" "" 4156051221692479104 2160.61035 0.4936 0.0778 -1.321 -3.385 0.081 0.067 0.987 "" "" 16.956059 1.574568 17.659956 16.085388 "" "" 1838.02673 2604.2749 3108.30325 3.9716 1178.8 20.135 2917.4 19.49 "" "" 0.0030848591128965317 0.018754099 0.0081789475 0.026933046 276.09536483038 -9.76144546763 2160.61035 -1.3209999999999997 -3.3850000000000016 -1.817121197938919 -3.2174848413467405 0.17634523 0.16234523 "" "" 37.843120462817566 "" 6.275872033229723 ""
276.01956070128 -9.9948990907 0.07 0.068 18.0272 "" "" 4154498642553088384 1859.41223 0.5135 0.0827 -6.132 -8.332 0.086 0.069 0.958 4654.1 4.3241 16.956558 1.762312 17.820574 16.058262 "" "" 1631.12964 2189.83472 3106.871 2.6601 1016.7 15.917 2991.3 14.939 "" "" 0.0029079128536653822 0.017225279 0.006609491 0.023834769 276.01956070128 -9.9948990907 1859.41223 -6.132 -8.332 -6.628121197938919 -8.164484841346741 0.18134522 0.16434523 "" "" 92.68587008688037 "" 15.877140375186334 ""
