Clusters/UBC_280/UBC_280_stars_in_region.tsv
# %ECSV 1.0
# ---
# datatype:
# - name: RA_ICRS_1
#   unit: deg
#   datatype: float64
#   format: '{:15.11f}'
#   description: Right ascension (ICRS) at Ep=2016.0 (ra)
#   meta: !!omap
#   - {ucd: POS_EQ_RA_MAIN}
#   - {width: 15}
#   - {precision: '11'}
# - name: DE_ICRS_1
#   unit: deg
#   datatype: float64
#   format: '{:15.11f}'
#   description: Declination (ICRS) at Ep=2016.0 (dec)
#   meta: !!omap
#   - {ucd: POS_EQ_DEC_MAIN}
#   - {width: 15}
#   - {precision: '11'}
# - name: e_RA_ICRS
#   unit: mas
#   datatype: float64
#   format: '{:7.4f}'
#   description: Standard error of right ascension (ra_error)
#   meta: !!omap
#   - {ucd: ERROR}
#   - {width: 7}
#   - {precision: '4'}
# - name: e_DE_ICRS
#   unit: mas
#   datatype: float64
#   format: '{:7.4f}'
#   description: Standard error of declination (dec_error)
#   meta: !!omap
#   - {ucd: ERROR}
#   - {width: 7}
#   - {precision: '4'}
# - name: _r_1
#   unit: ''
#   datatype: float64
#   format: '{:7.4f}'
#   description: Distance from center (177.92701686000-62.64930273000)[ICRS], at Epoch=J2016.0
#   meta: !!omap
#   - {ucd: POS_ANG_DIST_GENERAL}
#   - {width: 7}
#   - {precision: '4'}
# - name: HIP
#   datatype: int32
#   description: '? HIP cross-id number, van Leeuwen, Cat. I/311 (hip_original_ext_source_id)'
#   meta: !!omap
#   - {ucd: ID_NUMBER}
#   - {width: 6}
#   - values: {'null': -2147483648}
# - name: TYC2
#   datatype: string
#   description: Tycho-2 cross-id name, Hog et al., Cat. I/259 (tyc2_original_ext_source_id)
#   meta: !!omap
#   - {ucd: ID_CROSSID}
#   - {_votable_string_dtype: char}
# - name: Source
#   datatype: int64
#   description: Source identifier, identical to the Gaia-EDR3 source_id (id)
#   meta: !!omap
#   - {ucd: ID_MAIN}
#   - {width: 19}
# - name: rgeo
#   unit: pc
#   datatype: float64
#   format: '{:15.8f}'
#   description: '? Median of the geometric distance posterior (r_med_geo)'
#   meta: !!omap
#   - {ucd: PHYS_DISTANCE_TRUE}
#   - {width: 15}
#   - {precision: '8'}
#   - values: {'null': .nan}
# - name: Plx
#   unit: mas
#   datatype: float64
#   format: '{:9.4f}'
#   description: '? Parallax (parallax)'
#   meta: !!omap
#   - {ucd: POS_PARLX_TRIG}
#   - {width: 9}
#   - {precision: '4'}
#   - values: {'null': .nan}
# - name: e_Plx
#   unit: mas
#   datatype: float32
#   format: '{:7.4f}'
#   description: '? Standard error of parallax (parallax_error)'
#   meta: !!omap
#   - {ucd: ERROR}
#   - {width: 7}
#   - {precision: '4'}
#   - values: {'null': .nan}
# - name: pmRA
#   unit: mas / yr
#   datatype: float64
#   format: '{:9.3f}'
#   description: '? Proper motion in right ascension direction, pmRA*cosDE (pmra)'
#   meta: !!omap
#   - {ucd: POS_EQ_PMRA}
#   - {width: 9}
#   - {precision: '3'}
#   - values: {'null': .nan}
# - name: pmDE
#   unit: mas / yr
#   datatype: float64
#   format: '{:9.3f}'
#   description: '? Proper motion in declination direction (pmdec)'
#   meta: !!omap
#   - {ucd: POS_EQ_PMDEC}
#   - {width: 9}
#   - {precision: '3'}
#   - values: {'null': .nan}
# - name: e_pmRA
#   unit: mas / yr
#   datatype: float32
#   format: '{:6.3f}'
#   description: '? Standard error of proper motion in right ascension direction (pmra_error)'
#   meta: !!omap
#   - {ucd: ERROR}
#   - {width: 6}
#   - {precision: '3'}
#   - values: {'null': .nan}
# - name: e_pmDE
[...]
#         value: !astropy.table.SerializedColumn {name: SkyCoord.dec}
#       distance: !astropy.table.SerializedColumn
#         __class__: astropy.coordinates.distances.Distance
#         unit: !astropy.units.Unit {unit: pc}
#         value: !astropy.table.SerializedColumn {name: SkyCoord.distance}
#       frame: icrs
#       obstime: !astropy.time.Time {format: jyear_str, in_subfmt: '*', jd1: 367701545.0, jd2: 0.0, out_subfmt: '*', precision: 3, scale: tt}
#       pm_dec: !astropy.table.SerializedColumn
#         __class__: astropy.units.quantity.Quantity
#         unit: !astropy.units.Unit {unit: mas / yr}
#         value: !astropy.table.SerializedColumn {name: SkyCoord.pm_dec}
#       pm_ra_cosdec: !astropy.table.SerializedColumn
#         __class__: astropy.units.quantity.Quantity
#         unit: !astropy.units.Unit {unit: mas / yr}
#         value: !astropy.table.SerializedColumn {name: SkyCoord.pm_ra_cosdec}
#       ra: !astropy.table.SerializedColumn
#         __class__: astropy.coordinates.angles.Longitude
#         unit: *id001
#         value: !astropy.table.SerializedColumn {name: SkyCoord.ra}
#         wrap_angle: !astropy.coordinates.Angle
#           unit: *id001
#           value: 360.0
#       representation_type: spherical
# schema: astropy-2.0
RA_ICRS_1 DE_ICRS_1 e_RA_ICRS e_DE_ICRS _r_1 HIP TYC2 Source rgeo Plx e_Plx pmRA pmDE e_pmRA e_pmDE RUWE Teff logg Gmag BP-RP BPmag RPmag RV e_RV b_rgeo B_rgeo FG e_FG FBP e_FBP FRP e_FRP RAVE5 RAVE6 e_Gmag e_BPmag e_RPmag e_BP-RP SkyCoord.ra SkyCoord.dec SkyCoord.distance SkyCoord.pm_ra_cosdec SkyCoord.pm_dec rmRA rmDE e_rmRA e_rmDE rRV e_rRV v_pec v_pec3d e_vpec e_vpec3d
[from data line 3360]
177.47383842932 -62.48181678533 0.0318 0.0322 16.0601 "" "" 5334798433399375616 2007.76904 0.4821 0.0397 -7.376 -0.011 0.038 0.039 1.034 5493.5 4.5419 16.423025 1.184059 16.906832 15.722773 "" "" 1845.13623 2169.88892 5078.51236 2.3551 2358.8 9.6657 4074.3 14.693 "" "" 0.0028009460725377244 0.0052515734 0.005441919 0.010693492 177.47383842932 -62.48181678533 2007.76904 -7.376 -0.011000000000000038 -1.7445874938964847 -0.7341000065803528 0.1252165 0.1262165 "" "" 18.012935244338536 "" 2.25823550519808 ""
177.33864267673 -62.4329508521 0.0359 0.0334 20.8204 "" "" 5334799532911044224 2109.29199 0.4657 0.044 -6.877 1.686 0.043 0.041 1.036 5436.7 4.3299 16.42325 1.267869 16.970737 15.702868 "" "" 1945.31714 2314.07422 5077.45984 3.628 2223.9 8.5707 4149.6 12.375 "" "" 0.0028624538560960444 0.005029276 0.0049767173 0.010005994 177.33864267673 -62.4329508521 2109.29199 -6.877 1.6860000000000006 -1.2455874938964842 0.9628999934196472 0.1302165 0.1282165 "" "" 15.740695853984102 "" 2.037979206305482 ""
178.05265782215 -62.35361197075 0.0318 0.0311 18.0797 "" "" 5334639480909778816 2314.1228 0.423 0.0405 -5.738 2.718 0.042 0.042 1.046 5232.9 4.4143 16.423885 1.099634 16.890755 15.791121 "" "" 2084.24976 2535.45361 5074.49468 2.1684 2393.9 8.7979 3825.7 11.929 "" "" 0.002794107858829408 0.0048689772 0.0050739585 0.009942936 178.05265782215 -62.35361197075 2314.1228 -5.737999999999994 2.7179999999999995 -0.10658749389648481 1.9948999934196472 0.12921649 0.12921649 "" "" 21.9131541008409 "" 2.831540905424015 ""
178.70162816518 -62.80386004809 0.0348 0.0327 23.2285 "" "" 5334593752448885120 2648.49146 0.3546 0.0437 -7.827 1.665 0.042 0.044 1.056 5640.1 4.6419 16.424324 0.990803 16.841003 15.850201 "" "" 2366.62891 3082.73511 5072.44596 2.1066 2506.2 6.8451 3623.1 7.6519 "" "" 0.0027919721335900698 0.0040717134 0.0044206106 0.0084923245 178.70162816518 -62.80386004809 2648.49146 -7.827000000000001 1.6649999999999998 -2.1955874938964843 0.9418999934196473 0.12921649 0.1312165 "" "" 29.99235257691202 "" 3.884890988047616 ""
178.42780146922 -62.42057740111 0.0342 0.0322 19.5032 "" "" 5334626566002734208 1968.92346 0.4874 0.0415 -11.967 1.606 0.048 0.047 1.043 5578.8 4.6365 16.42491 1.127665 16.908468 15.780804 "" "" 1855.78467 2143.58032 5069.70527 2.0989 2355.2 6.9165 3862.2 8.0364 "" "" 0.0027917455228436286 0.004236911 0.004403138 0.008640049 178.42780146922 -62.42057740111 1968.92346 -11.966999999999992 1.6060000000000003 -6.335587493896485 0.8828999934196473 0.1352165 0.13421649 "" "" 59.699493050894105 "" 8.071223589437375 ""
178.17003836584 -62.50609329498 0.033 0.0313 10.9054 "" "" 5334613436228744832 2359.35303 0.407 0.0399 -6.078 0.276 0.043 0.043 1.054 5646.8 4.5041 16.425 1.187045 16.940908 15.753863 "" "" 2132.09937 2590.34814 5069.29103 2.2942 2285.9 8.1922 3959.2 13.012 "" "" 0.002798791441914287 0.004788045 0.0051977364 0.009985781 178.17003836584 -62.50609329498 2359.35303 -6.078000000000002 0.276 -0.44658749389648467 -0.44710000658035276 0.1302165 0.1302165 "" "" 7.067112880868013 "" 0.9202546634807671 ""
177.98208838527 -62.87001451191 0.0341 0.0344 13.3288 "" "" 5333101440286132736 2686.62207 0.3383 0.044 -5.337 1.33 0.04 0.047 0.905 6378.1 4.3789 16.425201 1.110687 16.888647 15.77796 "" "" 2436.89722 3012.30127 5068.34689 2.4914 2398.6 10.021 3872.3 10.028 "" "" 0.0028065335613225877 0.0053254827 0.0047105635 0.010036046 177.98208838527 -62.87001451191 2686.62207 -5.337 1.330000000000001 0.2944125061035159 0.6068999934196473 0.12721649 0.13421649 "" "" 8.590009358739715 "" 1.1417103097955423 ""
178.69988295954 -62.64336473211 0.0323 0.0314 21.3099 "" "" 5334619728414121344 2538.75586 0.391 0.0412 -5.178 1.789 0.04 0.042 1.025 5765.2 4.5367 16.42569 0.945082 16.814201 15.86912 "" "" 2308.13135 2809.90625 5066.06738 2.2901 2568.8 7.5 3560.5 8.6275 "" "" 0.0027986921318869365 0.0042230044 0.004604907 0.008827912 178.69988295954 -62.64336473211 2538.75586 -5.178 1.789000000000002 0.4534125061035157 1.0658999934196471 0.12721649 0.12921649 "" "" 13.938984952373696 "" 1.7969032507244396 ""
177.535981323 -62.70817505267 0.0354 0.0321 11.3332 "" "" 5333293992216879744 1995.62158 0.4927 0.0429 -10.004 0.021 0.043 0.042 1.096 5424.7 4.614 16.425709 1.167763 16.92073 15.752968 "" "" 1801.89355 2191.87817 5065.98162 2.2366 2328.8 9.5053 3962.5 15.523 "" "" 0.002796705538093199 0.005236782 0.0056898748 0.010926656 177.535981323 -62.70817505267 1995.62158 -10.004000000000019 0.021000000000000386 -4.372587493896484 -0.7021000065803528 0.1302165 0.12921649 "" "" 41.89118378210963 "" 5.453874126964962 ""
178.26015700564 -62.96001999155 0.0334 0.0297 20.7608 "" "" 5333088314864599040 2128.88843 0.461 0.0398 -10.184 3.227 0.04 0.041 0.926 5604.5 4.6366 16.425972 1.061139 16.77917 15.71803 "" "" 1931.02454 2313.97559 5064.75075 2.5857 2653.1 34.129 4092.1 58.896 "" "" 0.0028105225809467497 0.014242688 0.016077114 0.030319802 178.26015700564 -62.96001999155 2128.88843 -10.184 3.2270000000000003 -4.552587493896484 2.503899993419647 0.12721649 0.1282165 "" "" 52.42971279978834 "" 6.682137220243843 ""
177.70516218494 -62.65793062815 0.0351 0.0315 6.1367 "" "" 5334607908662105472 2565.01318 0.3734 0.0413 -9.443 1.74 0.041 0.042 0.975 4894.4 4.2799 16.426174 1.114387 16.901102 15.786715 "" "" 2342.68384 2924.62134 5063.80498 2.4624 2371.2 11.45 3841.2 9.7481 "" "" 0.002805447821436269 0.0059390054 0.0046771467 0.010616152 177.70516218494 -62.65793062815 2565.01318 -9.443 1.7399999999999984 -3.811587493896484 1.0168999934196472 0.1282165 0.12921649 "" "" 47.96281035693562 "" 6.152822513285149 ""
177.66432256234 -62.4026298529 0.0321 0.0321 16.4902 "" "" 5334618628901454336 2207.30029 0.4272 0.0416 -7.366 -1.6 0.042 0.04 0.976 5586.3 4.5793 16.426971 1.031206 16.847641 15.816435 "" "" 2022.72864 2408.50659 5060.0856 2.1873 2490.9 10.087 3737.5 13.792 "" "" 0.0027950056318677826 0.005207332 0.0055078263 0.010715159 177.66432256234 -62.4026298529 2207.30029 -7.365999999999994 -1.5999999999999988 -1.734587493896484 -2.323100006580353 0.12921649 0.12721649 "" "" 30.333588891731655 "" 3.8807575941414147 ""
177.78783073878 -62.50323191559 0.0388 0.0371 9.5711 "" "" 5334615777043385600 2064.05664 0.4661 0.047 -7.426 2.159 0.047 0.05 1.22 5510.5 4.6043 16.426987 1.009035 16.821447 15.812412 "" "" 1877.12634 2342.44141 5060.01608 3.8757 2551.7 9.1121 3751.4 11.074 "" "" 0.0028780850819195604 0.004776754 0.0049554114 0.009732165 177.78783073878 -62.50323191559 2064.05664 -7.4260000000000055 2.158999999999999 -1.7945874938964845 1.435899993419647 0.13421649 0.1372165 "" "" 22.48607552538003 "" 3.044510282815224 ""
178.71515323544 -62.69822519668 0.0341 0.0315 21.9054 "" "" 5334595878419131648 1973.43628 0.4842 0.0429 -11.158 8.302 0.039 0.04 0.985 5505.6 4.6304 16.427023 1.04327 16.858816 15.815546 "" "" 1805.74744 2128.35449 5059.84526 2.3622 2465.4 8.0925 3740.6 9.0074 "" "" 0.0028015558245409094 0.004526156 0.0045955568 0.009121712 178.71515323544 -62.69822519668 1973.43628 -11.158 8.302 -5.526587493896484 7.578899993419647 0.1262165 0.12721649 "" "" 87.74059442763935 "" 11.131669992541307 ""
177.63580614519 -62.82180984101 0.0336 0.0361 13.0842 "" "" 5333103879827260800 2156.92041 0.4395 0.0449 -6.348 1.581 0.044 0.044 0.966 5863.8 4.5121 16.427578 1.111946 16.897266 15.78532 "" "" 1997.7345 2369.43506 5057.26217 2.304 2379.6 7.6274 3846.2 8.7484 "" "" 0.002799367862435643 0.004460541 0.004514698 0.0089752395 177.63580614519 -62.82180984101 2156.92041 -6.348000000000001 1.581 -0.7165874938964842 0.8578999934196472 0.1312165 0.1312165 "" "" 11.42822705007326 "" 1.4995719116220567 ""
177.68356399031 -62.27370564877 0.0466 0.0454 23.526 "" "" 5334643161758246144 2612.52856 0.3684 0.0588 -11.608 2.039 0.057 0.056 1.543 5640.9 4.3932 16.42762 1.071388 16.743898 15.67251 "" "" 2344.19238 2971.22656 5057.07198 4.0756 2740.7 16.907 4267.3 26.598 "" "" 0.002890924593883445 0.0072556864 0.0077511976 0.015006884 177.68356399031 -62.27370564877 2612.52856 -11.608000000000011 2.0389999999999993 -5.976587493896485 1.3158999934196474 0.1442165 0.14321649 "" "" 75.78307169327523 "" 10.92567648899669 ""
178.80328310644 -62.66463661602 0.0349 0.034 24.1664 "" "" 5334572552487565312 2566.12207 0.3646 0.0454 -6.036 0.519 0.045 0.044 0.92 5623.2 4.5192 16.429197 1.215418 16.957 15.741583 "" "" 2294.63013 2882.44434 5049.72283 8.9084 2252.3 14.975 4004.3 17.871 "" "" 0.0033556661553401012 0.0077392566 0.006145198 0.013884455 178.80328310644 -62.66463661602 2566.12207 -6.0360000000000005 0.5190000000000006 -0.40458749389648396 -0.20410000658035277 0.1322165 0.1312165 "" "" 5.511892472633808 "" 0.7276483539880799 ""
177.88424586406 -62.2949112714 0.0345 0.0309 21.2965 "" "" 5334643535358994304 2294.70068 0.4268 0.0421 -9.767 0.882 0.047 0.042 0.97 4991.8 4.3869 16.42947 1.157747 16.926815 15.769068 "" "" 2100.44727 2576.33936 5048.45545 2.234 2315.7 7.3253 3904.2 7.7694 "" "" 0.002796895132266846 0.0044250484 0.0043533933 0.008778442 177.88424586406 -62.2949112714 2294.70068 -9.767 0.8819999999999999 -4.135587493896484 0.15889999341964722 0.13421649 0.12921649 "" "" 45.01548529553895 "" 6.041494695998017 ""
177.97833158925 -62.5630000431 0.0357 0.0326 5.3684 "" "" 5334612267997581952 1806.89148 0.5391 0.0424 -5.184 0.719 0.044 0.045 0.914 5200.8 4.435 16.430462 1.06649 16.880545 15.814054 "" "" 1674.20593 1930.77539 5043.85004 2.3011 2416.6 12.305 3745.7 9.3071 "" "" 0.0027994900639520346 0.0061926157 0.0046434593 0.010836075 177.97833158925 -62.5630000431 1806.89148 -5.184 0.7190000000000001 0.44741250610351546 -0.004100006580352811 0.1312165 0.1322165 "" "" 3.832099398033799 "" 0.5028349792142338 ""
178.29413474785 -62.7793343232 0.0346 0.0297 12.7607 "" "" 5334592373735455488 2613.82983 0.3645 0.0409 -5.883 -1.322 0.041 0.039 1.013 5921.3 4.492 16.430529 0.932372 16.814873 15.882501 "" "" 2385.39819 2902.74023 5043.53974 2.2235 2567.2 9.6144 3516.9 7.4622 "" "" 0.002796587844577674 0.004931418 0.0044261594 0.009357577 178.29413474785 -62.7793343232 2613.82983 -5.883 -1.321999999999999 -0.2515874938964844 -2.045100006580353 0.1282165 0.1262165 "" "" 25.528885381268914 "" 3.222933708499272 ""
178.35459076512 -62.36427365693 0.0371 0.0382 20.8021 "" "" 5334632853835811840 2396.42749 0.4042 0.0484 -5.278 -0.175 0.049 0.052 1.226 5676.3 4.3995 16.431347 1.133163 16.832294 15.699131 "" "" 2139.10938 2696.46533 5039.73598 3.3735 2526.4 16.791 4164.0 25.553 "" "" 0.0028495586707966846 0.007736682 0.00766005 0.015396732 178.35459076512 -62.36427365693 2396.42749 -5.278000000000005 -0.1749999999999999 0.35341250610351604 -0.8981000065803528 0.13621649 0.1392165 "" "" 10.963023352702507 "" 1.5218649538378968 ""
178.30534091219 -62.92210221469 0.0909 0.0874 19.3822 "" "" 5334589629279909248 1852.46973 0.6138 0.1131 -15.354 4.134 0.115 0.134 3.351 "" "" 16.431635 1.091579 16.728289 15.636709 "" "" 1514.65906 2403.70459 5038.40605 3.909 2780.4 9.5793 4410.4 9.8809 "" "" 0.002881207507610664 0.0046666637 0.004494498 0.009161161 178.30534091219 -62.92210221469 1852.46973 -15.354000000000019 4.134000000000003 -9.722587493896484 3.4108999934196476 0.2022165 0.2212165 "" "" 90.4723650391891 "" 18.491183530742624 ""
178.14414291058 -62.55868493176 0.0357 0.0333 8.0929 "" "" 5334612925185439616 2443.33179 0.3896 0.0431 -6.942 1.951 0.044 0.045 1.024 "" "" 16.431816 1.388439 17.057281 15.668842 "" "" 2183.65308 2781.87085 5037.55789 2.3067 2053.5 8.5009 4281.7 9.6686 "" "" 0.0027998136588046974 0.0052902554 0.0045049614 0.009795217 178.14414291058 -62.55868493176 2443.33179 -6.942 1.9510000000000018 -1.3105874938964845 1.2278999934196473 0.1312165 0.1322165 "" "" 20.799413796330224 "" 2.7389687964083618 ""
178.13511314834 -62.33957882349 0.0324 0.0298 19.4575 "" "" 5334639721427959552 2153.91797 0.441 0.0395 -10.662 1.306 0.042 0.041 0.916 5533.9 4.5462 16.43186 1.030226 16.867247 15.837021 "" "" 1968.20239 2347.35278 5037.3557 2.3395 2446.3 8.9965 3667.3 9.5089 "" "" 0.002801081230879115 0.0048711677 0.0047126464 0.009583814 178.13511314834 -62.33957882349 2153.91797 -10.662000000000003 1.306 -5.030587493896485 0.5828999934196473 0.12921649 0.1282165 "" "" 51.70377534952622 "" 6.680298122697398 ""
177.93990435691 -62.54488779072 0.0344 0.0329 6.275 "" "" 5334612581587693312 2581.40259 0.3686 0.0428 -4.314 -1.007 0.044 0.045 0.956 5580.9 4.5702 16.433289 1.038849 16.860733 15.821884 "" "" 2282.00146 2916.49146 5030.72938 2.2869 2461.1 10.315 3718.8 13.917 "" "" 0.0027991769339049855 0.0053378446 0.0055491654 0.01088701 177.93990435691 -62.54488779072 2581.40259 -4.314000000000001 -1.007 1.3174125061035156 -1.7301000065803527 0.1312165 0.1322165 "" "" 26.60789724992734 "" 3.508260771438907 ""
178.32949524446 -62.54173109305 0.034 0.0331 12.8529 "" "" 5334624809297703680 2442.09302 0.3926 0.041 -3.761 1.599 0.044 0.045 0.989 5282.3 4.3766 16.433704 0.973076 16.813272 15.840197 "" "" 2234.12744 2688.34229 5028.80595 2.3092 2571.0 6.8137 3656.6 16.012 "" "" 0.002800063485136635 0.0040080757 0.0060735247 0.0100816 178.32949524446 -62.54173109305 2442.09302 -3.7610000000000006 1.5990000000000006 1.8704125061035155 0.8758999934196472 0.1312165 0.1322165 "" "" 23.907426792135393 "" 3.141362095237919 ""
177.74945253834 -62.33864370896 0.0325 0.0315 19.278 "" "" 5334641787368643584 2330.97827 0.3959 0.0412 -4.767 -0.503 0.042 0.042 1.029 5507.3 4.5566 16.433798 1.056313 16.882477 15.826164 "" "" 2097.32422 2628.23413 5028.37206 2.2648 2412.3 9.3563 3704.2 8.2566 "" "" 0.0027983799103297948 0.005051588 0.0044878228 0.0095394105 177.74945253834 -62.33864370896 2330.97827 -4.767 -0.503 0.8644125061035153 -1.226100006580353 0.12921649 0.12921649 "" "" 16.575208107675344 "" 2.14179024876193 ""
177.80107326784 -62.31453833554 0.0331 0.0341 20.387 "" "" 5334642165325813120 1996.22998 0.485 0.0424 -2.116 -0.914 0.043 0.048 1.083 5013.1 4.3902 16.43393 1.054395 16.866007 15.811612 "" "" 1835.2594 2160.55811 5027.7651 2.3923 2449.1 5.8561 3754.2 7.8316 "" "" 0.0028033333547936344 0.0038111592 0.004406098 0.0082172565 177.80107326784 -62.31453833554 1996.22998 -2.1160000000000028 -0.9140000000000003 3.5154125061035155 -1.637100006580353 0.1302165 0.1352165 "" "" 36.69333232921422 "" 4.81128674295725 ""
178.27617011997 -62.36615977964 0.0322 0.0318 19.5482 "" "" 5334627768593634944 2228.81982 0.438 0.0417 -7.24 2.192 0.043 0.045 0.958 5645.7 4.5742 16.434793 1.024147 16.858595 15.834448 "" "" 2043.55164 2424.82617 5023.7623 2.2837 2465.9 6.6623 3676.0 10.396 "" "" 0.0027991756858644426 0.004048451 0.0048694923 0.008917943 178.27617011997 -62.36615977964 2228.81982 -7.24 2.192 -1.6085874938964846 1.4688999934196474 0.1302165 0.1322165 "" "" 23.0134389327913 "" 3.0177449810800696 ""
178.29569553709 -62.53577666053 0.0335 0.032 12.2507 "" "" 5334624882375283200 2335.17651 0.411 0.0409 -6.066 4.245 0.045 0.046 0.966 5675.9 4.5883 16.435637 1.048123 16.82607 15.777947 "" "" 2150.17725 2554.03491 5019.86311 2.3741 2540.9 11.718 3872.4 40.409 "" "" 0.0028027594829288472 0.005732064 0.011943537 0.017675601 178.29569553709 -62.53577666053 2335.17651 -6.065999999999999 4.245 -0.4345874938964842 3.5218999934196473 0.1322165 0.1332165 "" "" 39.27864974186773 "" 5.231977324646906 ""
178.48002650559 -62.76741848443 0.035 0.0314 16.7835 "" "" 5334594508363116288 2028.8374 0.4618 0.0429 -3.892 -0.24 0.04 0.043 1.019 5436.5 4.5693 16.435656 1.084716 16.895569 15.810853 "" "" 1862.67139 2229.40723 5019.77838 2.3032 2383.4 6.7228 3756.8 7.4911 "" "" 0.0027999920932944566 0.004142948 0.0043555507 0.008498499 178.48002650559 -62.76741848443 2028.8374 -3.892 -0.24000000000000002 1.7394125061035157 -0.9631000065803528 0.12721649 0.1302165 "" "" 19.12033269855081 "" 2.4460016095752466 ""
