Clusters/UBC_280/UBC_280_members.tsv
# %ECSV 1.0
# ---
# datatype:
# - name: RA_ICRS_1
#   unit: deg
#   datatype: float64
#   format: '{:15.11f}'
#   description: Right ascension (ICRS) at Ep=2016.0 (ra)
#   meta: !!omap
#   - {ucd: POS_EQ_RA_MAIN}
#   - {width: 15}
#   - {precision: '11'}
# - name: DE_ICRS_1
#   unit: deg
#   datatype: float64
#   format: '{:15.11f}'
#   description: Declination (ICRS) at Ep=2016.0 (dec)
#   meta: !!omap
#   - {ucd: POS_EQ_DEC_MAIN}
#   - {width: 15}
#   - {precision: '11'}
# - name: e_RA_ICRS
#   unit: mas
#   datatype: float64
#   format: '{:7.4f}'
#   description: Standard error of right ascension (ra_error)
#   meta: !!omap
#   - {ucd: ERROR}
#   - {width: 7}
#   - {precision: '4'}
# - name: e_DE_ICRS
#   unit: mas
#   datatype: float64
#   format: '{:7.4f}'
#   description: Standard error of declination (dec_error)
#   meta: !!omap
#   - {ucd: ERROR}
#   - {width: 7}
#   - {precision: '4'}
# - name: _r_1
#   unit: ''
#   datatype: float64
#   format: '{:7.4f}'
#   description: Distance from center (177.92701686000-62.64930273000)[ICRS], at Epoch=J2016.0
#   meta: !!omap
#   - {ucd: POS_ANG_DIST_GENERAL}
#   - {width: 7}
#   - {precision: '4'}
# - name: HIP
#   datatype: int32
#   description: '? HIP cross-id number, van Leeuwen, Cat. I/311 (hip_original_ext_source_id)'
#   meta: !!omap
#   - {ucd: ID_NUMBER}
#   - {width: 6}
#   - values: {'null': -2147483648}
# - name: TYC2
#   datatype: string
#   description: Tycho-2 cross-id name, Hog et al., Cat. I/259 (tyc2_original_ext_source_id)
#   meta: !!omap
#   - {ucd: ID_CROSSID}
#   - {_votable_string_dtype: char}
# - name: Source
#   datatype: int64
#   description: Source identifier, identical to the Gaia-EDR3 source_id (id)
#   meta: !!omap
#   - {ucd: ID_MAIN}
#   - {width: 19}
# - name: rgeo
#   unit: pc
#   datatype: float64
#   format: '{:15.8f}'
#   description: '? Median of the geometric distance posterior (r_med_geo)'
#   meta: !!omap
#   - {ucd: PHYS_DISTANCE_TRUE}
#   - {width: 15}
#   - {precision: '8'}
#   - values: {'null': .nan}
# - name: Plx
#   unit: mas
#   datatype: float64
#   format: '{:9.4f}'
#   description: '? Parallax (parallax)'
#   meta: !!omap
#   - {ucd: POS_PARLX_TRIG}
#   - {width: 9}
#   - {precision: '4'}
#   - values: {'null': .nan}
# - name: e_Plx
#   unit: mas
#   datatype: float32
#   format: '{:7.4f}'
#   description: '? Standard error of parallax (parallax_error)'
#   meta: !!omap
#   - {ucd: ERROR}
#   - {width: 7}
#   - {precision: '4'}
#   - values: {'null': .nan}
# - name: pmRA
#   unit: mas / yr
#   datatype: float64
#   format: '{:9.3f}'
#   description: '? Proper motion in right ascension direction, pmRA*cosDE (pmra)'
#   meta: !!omap
#   - {ucd: POS_EQ_PMRA}
#   - {width: 9}
#   - {precision: '3'}
#   - values: {'null': .nan}
# - name: pmDE
#   unit: mas / yr
#   datatype: float64
#   format: '{:9.3f}'
#   description: '? Proper motion in declination direction (pmdec)'
#   meta: !!omap
#   - {ucd: POS_EQ_PMDEC}
#   - {width: 9}
#   - {precision: '3'}
#   - values: {'null': .nan}
# - name: e_pmRA
#   unit: mas / yr
#   datatype: float32
#   format: '{:6.3f}'
#   description: '? Standard error of proper motion in right ascension direction (pmra_error)'
#   meta: !!omap
#   - {ucd: ERROR}
#   - {width: 6}
#   - {precision: '3'}
#   - values: {'null': .nan}
# - name: e_pmDE
[...]
#         unit: &id001 !astropy.units.Unit {unit: deg}
#         value: !astropy.table.SerializedColumn {name: SkyCoord.dec}
#       distance: !astropy.table.SerializedColumn
#         __class__: astropy.coordinates.distances.Distance
#         unit: !astropy.units.Unit {unit: pc}
#         value: !astropy.table.SerializedColumn {name: SkyCoord.distance}
#       frame: icrs
#       obstime: !astropy.time.Time {format: jyear_str, in_subfmt: '*', jd1: 367701545.0, jd2: 0.0, out_subfmt: '*', precision: 3, scale: tt}
#       pm_dec: !astropy.table.SerializedColumn
#         __class__: astropy.units.quantity.Quantity
#         unit: !astropy.units.Unit {unit: mas / yr}
#         value: !astropy.table.SerializedColumn {name: SkyCoord.pm_dec}
#       pm_ra_cosdec: !astropy.table.SerializedColumn
#         __class__: astropy.units.quantity.Quantity
#         unit: !astropy.units.Unit {unit: mas / yr}
#         value: !astropy.table.SerializedColumn {name: SkyCoord.pm_ra_cosdec}
#       ra: !astropy.table.SerializedColumn
#         __class__: astropy.coordinates.angles.Longitude
#         unit: *id001
#         value: !astropy.table.SerializedColumn {name: SkyCoord.ra}
#         wrap_angle: !astropy.coordinates.Angle
#           unit: *id001
#           value: 360.0
#       representation_type: spherical
# schema: astropy-2.0
RA_ICRS_1 DE_ICRS_1 e_RA_ICRS e_DE_ICRS _r_1 HIP TYC2 Source rgeo Plx e_Plx pmRA pmDE e_pmRA e_pmDE RUWE Teff logg Gmag BP-RP BPmag RPmag RV e_RV b_rgeo B_rgeo FG e_FG FBP e_FBP FRP e_FRP RAVE5 RAVE6 e_Gmag e_BPmag e_RPmag e_BP-RP SkyCoord.ra SkyCoord.dec SkyCoord.distance SkyCoord.pm_ra_cosdec SkyCoord.pm_dec Pmemb
[from data line 40]
177.54424319568 -62.78409252128 0.015 0.0142 13.2754 "" "" 5333293305053612544 2194.5708 0.4198 0.0188 -5.744 0.823 0.019 0.019 0.935 6948.1 3.6795 14.666176 0.79202 14.972404 14.180385 "" "" 2109.47021 2295.7605 25613.94843 6.6672 14011.0 23.408 16866.0 14.014 "" "" 0.0027697760175169634 0.0033279685 0.0038855611 0.0072135297 177.54424319568 -62.78409252128 2194.5708 -5.744 0.823 0.84
177.69311132736 -62.52666131186 0.0147 0.0144 9.7926 "" "" 5334616120640685440 2200.89136 0.4184 0.0176 -5.596 0.724 0.019 0.02 0.973 8367.4 4.1456 14.669052 0.505762 14.855162 14.3494 "" "" 2134.31421 2268.21802 25546.18355 8.4668 15608.0 15.754 14434.0 17.726 "" "" 0.0027787189640194557 0.0029976703 0.0040076906 0.007005361 177.69311132736 -62.52666131186 2200.89136 -5.596000000000002 0.7240000000000002 0.93
177.72582152238 -62.76767556802 0.0155 0.0151 9.0045 "" "" 5333105219857117952 2143.54736 0.4331 0.02 -5.6 0.72 0.022 0.021 0.966 9351.8 4.2864 14.691357 0.556281 14.886953 14.330672 "" "" 2053.54004 2233.7207 25026.72369 7.6028 15158.0 23.444 14686.0 35.846 "" "" 0.002774991728612088 0.0032565184 0.0046159215 0.00787244 177.72582152238 -62.76767556802 2143.54736 -5.599999999999999 0.72 0.96
177.91975861853 -62.61410078245 0.0168 0.0153 2.1216 "" "" 5334611894392811392 2317.10718 0.3994 0.0196 -5.747 0.735 0.021 0.021 1.088 7834.5 4.1283 14.726571 0.656431 14.974278 14.317847 "" "" 2234.28345 2444.78516 24228.03146 6.7575 13986.0 15.354 14860.0 12.266 "" "" 0.0027719113616140054 0.0030340988 0.0038841877 0.0069182864 177.91975861853 -62.61410078245 2317.10718 -5.747 0.7350000000000001 0.86
178.06315933565 -62.77349858397 0.0153 0.0153 8.3399 "" "" 5334602685982382208 2169.5022 0.4243 0.0196 -5.531 0.843 0.021 0.021 0.922 9427.3 4.3961 14.731997 0.597535 14.955141 14.357606 "" "" 2077.11572 2279.72974 24107.2844 9.7907 14235.0 14.052 14326.0 10.464 "" "" 0.002790381094248712 0.0029889392 0.0038616895 0.0068506286 178.06315933565 -62.77349858397 2169.5022 -5.530999999999999 0.843 0.94
178.51889129876 -62.75545167972 0.0157 0.0164 17.4874 "" "" 5334594851960543872 2014.59021 0.4581 0.0215 -5.639 0.726 0.02 0.022 0.997 7903.1 4.1027 14.737556 0.556874 14.944203 14.387329 "" "" 1930.02356 2097.91797 23984.13053 8.5693 14379.0 14.579 13939.0 14.218 "" "" 0.002782494161373106 0.002999482 0.003938301 0.006937783 178.51889129876 -62.75545167972 2014.59021 -5.639 0.726 0.92
178.27387924499 -62.57164785531 0.016 0.0152 10.6477 "" "" 5334601277231974144 2071.94312 0.4458 0.0191 -5.715 0.684 0.022 0.021 0.969 7855.6 4.1358 14.80767 0.601286 15.033593 14.432307 "" "" 1996.70337 2153.8623 22484.27188 6.2624 13243.0 12.669 13373.0 11.587 "" "" 0.002771865268336394 0.00297723 0.0038947023 0.006871932 178.27387924499 -62.57164785531 2071.94312 -5.715 0.684 0.89
178.02112901946 -62.61815662802 0.0172 0.0175 3.1984 "" "" 5334611756954264064 2229.94263 0.4153 0.0221 -5.591 0.726 0.022 0.023 0.969 7572.7 4.0917 14.95701 0.705977 15.226503 14.520527 "" "" 2137.27905 2337.1814 19594.88749 6.0696 11087.0 15.32 12330.0 11.803 "" "" 0.002775769222230065 0.0031679415 0.0039196853 0.0070876265 178.02112901946 -62.61815662802 2229.94263 -5.591000000000001 0.726 0.95
177.36936067562 -62.51015542427 0.0159 0.0164 17.5249 "" "" 5334798738291102720 2263.69409 0.404 0.0197 -5.756 0.746 0.02 0.02 0.96 7507.7 3.8949 14.976601 0.715468 15.230315 14.514847 "" "" 2171.38281 2351.89111 19244.49063 5.5269 11048.0 27.697 12394.0 22.953 "" "" 0.00277290805836408 0.0038979263 0.004280973 0.008178899 177.36936067562 -62.51015542427 2263.69409 -5.756 0.746 0.94
177.78870690331 -62.45898314637 0.0157 0.0167 12.0427 "" "" 5334617426310918912 2194.66357 0.4194 0.0206 -5.749 0.795 0.022 0.023 0.971 7415.2 3.9495 15.008221 0.680193 15.266894 14.586701 "" "" 2115.9043 2311.24634 18692.11367 6.6633 10682.0 15.721 11601.0 12.633 "" "" 0.0027823711031452567 0.0032153318 0.0039600013 0.007175333 177.78870690331 -62.45898314637 2194.66357 -5.749 0.7949999999999999 0.92
178.00206587556 -62.75612313903 0.0174 0.0173 6.7337 "" "" 5334603510615922176 2155.41675 0.429 0.0223 -5.544 0.777 0.022 0.024 0.956 7474.0 4.1584 15.111086 0.694625 15.373295 14.67867 "" "" 2062.06982 2245.58276 17002.48472 5.0022 9685.0 17.259 10658.0 23.499 "" "" 0.002773774258996945 0.0033953753 0.0044737314 0.007869107 178.00206587556 -62.75612313903 2155.41675 -5.5440000000000005 0.7770000000000001 0.92
177.74694428669 -62.64746870257 0.0179 0.0183 4.9653 "" "" 5334608664576564480 2138.27856 0.4308 0.0223 -5.483 0.657 0.023 0.025 0.968 7451.2 4.2945 15.126848 0.750852 15.415952 14.6651 "" "" 2017.80029 2240.3728 16757.4381 4.3029 9311.9 12.297 10792.0 11.604 "" "" 0.0027693886560142726 0.0031370046 0.0039555803 0.007092585 177.74694428669 -62.64746870257 2138.27856 -5.483 0.657 0.83
177.90100994249 -62.64852080631 0.0188 0.0183 0.7185 "" "" 5334605915797368704 2055.97534 0.4499 0.023 -5.57 0.768 0.024 0.025 0.893 7371.4 4.3622 15.27649 0.773903 15.581546 14.807643 "" "" 1972.93066 2148.97925 14599.92682 5.4144 7994.6 14.326 9464.6 11.258 "" "" 0.002784585004464606 0.0034015274 0.003993947 0.0073954742 177.90100994249 -62.64852080631 2055.97534 -5.570000000000001 0.7680000000000001 0.9
178.30155555603 -62.66527917147 0.0191 0.019 10.3662 "" "" 5334599009489334016 2396.48096 0.3835 0.0239 -5.532 0.619 0.023 0.025 0.961 7266.3 4.2269 15.28823 0.74449 15.569169 14.824679 "" "" 2265.88794 2536.86743 14442.91164 4.1456 8086.3 16.919 9317.2 16.586 "" "" 0.002772888486746842 0.003598003 0.0042449185 0.007842922 178.30155555603 -62.66527917147 2396.48096 -5.532 0.6189999999999999 0.86
178.16759646361 -62.4193525804 0.0189 0.0186 15.3193 "" "" 5334637591124085888 2235.01685 0.4073 0.024 -5.635 0.638 0.027 0.025 0.948 7066.5 4.1511 15.289207 0.759747 15.582427 14.82268 "" "" 2122.4187 2352.13843 14429.92629 4.0942 7988.1 11.055 9334.4 10.247 "" "" 0.0027724876401331584 0.0031690402 0.0039628674 0.0071319076 178.16759646361 -62.4193525804 2235.01685 -5.635000000000001 0.6380000000000001 0.94
177.7836603388 -62.61535137647 0.0209 0.0203 4.4479 "" "" 5334609145612913792 2043.47583 0.4522 0.0246 -5.579 0.747 0.027 0.029 1.014 7072.5 4.3016 15.302085 0.777724 15.608716 14.830992 "" "" 1936.76208 2152.76001 14259.77228 3.8998 7797.1 9.909 9263.2 13.287 "" "" 0.002771273499907496 0.0031127061 0.0040876777 0.0072003836 177.7836603388 -62.61535137647 2043.47583 -5.579000000000001 0.747 0.95
177.38059099219 -62.72994434093 0.0216 0.0222 15.8013 "" "" 5333294404564940800 2238.97803 0.4178 0.0282 -5.605 0.695 0.029 0.026 1.095 7341.2 4.2154 15.347084 0.787577 15.654356 14.866779 "" "" 2104.00464 2376.33545 13680.84945 4.0685 7476.1 9.5071 8962.9 9.9708 "" "" 0.0027741742933352423 0.0031130954 0.003967692 0.007080788 177.38059099219 -62.72994434093 2238.97803 -5.605 0.6949999999999998 0.84
178.37963773989 -62.67681266494 0.0207 0.0196 12.5799 "" "" 5334598322294243840 2277.57446 0.4027 0.0254 -5.68 0.555 0.026 0.025 1.003 6387.1 4.0701 15.385916 0.803275 15.685038 14.881763 "" "" 2166.04736 2390.24438 13200.19238 3.9641 7267.8 18.344 8840.0 18.29 "" "" 0.002774545038494011 0.003910868 0.004396591 0.008307459 178.37963773989 -62.67681266494 2277.57446 -5.680000000000001 0.555 0.86
177.96021131689 -62.39311458602 0.0187 0.019 15.3987 "" "" 5334638454474360064 2253.80469 0.4097 0.0245 -5.809 0.689 0.025 0.025 1.01 6031.2 4.2212 15.430943 0.950764 15.819211 14.868447 "" "" 2143.63477 2378.91602 12663.96913 3.7145 6422.9 8.2963 8949.1 13.024 "" "" 0.0027736629481696228 0.0031227914 0.0040964005 0.0072191916 177.96021131689 -62.39311458602 2253.80469 -5.809000000000002 0.6890000000000001 0.91
178.48741863851 -62.61632531646 0.0206 0.0196 15.5828 "" "" 5334597257142528128 2229.40186 0.4214 0.0252 -5.661 0.695 0.026 0.026 0.939 6894.9 4.2847 15.462706 0.794026 15.776707 14.98268 "" "" 2124.23779 2339.85278 12298.85352 3.4272 6679.4 9.8571 8055.4 12.345 "" "" 0.002771881443548289 0.0032175023 0.0041294433 0.007346946 178.48741863851 -62.61632531646 2229.40186 -5.661 0.695 0.94
177.706906374 -62.74829343646 0.0226 0.0217 8.4835 "" "" 5333106005780400128 2031.70911 0.4657 0.0283 -5.545 0.721 0.03 0.03 1.051 6368.8 4.1384 15.619856 0.883496 15.939934 15.056437 "" "" 1890.40991 2179.61841 10641.53665 3.668 5747.0 19.455 7526.3 34.94 "" "" 0.0027806194259784186 0.004614566 0.0062999553 0.010914521 177.706906374 -62.74829343646 2031.70911 -5.544999999999999 0.7209999999999999 0.94
177.68440308628 -62.64868577941 0.0229 0.0211 6.6881 "" "" 5334608011741330048 2389.78882 0.389 0.0275 -5.571 0.728 0.029 0.031 0.955 6533.1 4.3473 15.634605 0.860379 15.975185 15.114806 "" "" 2249.17603 2551.18555 10497.9504 3.1305 5563.4 8.7376 7132.4 9.1149 "" "" 0.002774277369490434 0.0032699797 0.004026034 0.0072960136 177.68440308628 -62.64868577941 2389.78882 -5.571 0.7280000000000001 0.83
178.16286730458 -62.62665430272 0.0228 0.0229 6.6444 "" "" 5334611104119399936 2329.26807 0.3976 0.0285 -5.662 0.714 0.029 0.03 0.984 6544.0 4.2482 15.68825 0.858681 16.03205 15.173368 "" "" 2189.03223 2465.57056 9991.87038 2.8268 5279.6 7.918 6757.9 8.9594 "" "" 0.0027723888834064138 0.0032305515 0.0040442175 0.0072747692 178.16286730458 -62.62665430272 2329.26807 -5.661999999999999 0.7139999999999997 0.88
177.87177864097 -62.35475218769 0.0244 0.0251 17.7392 "" "" 5334641856088499456 2064.50781 0.4544 0.0313 -5.701 0.618 0.033 0.034 1.059 6183.1 4.3462 15.740121 0.871009 16.089907 15.218898 "" "" 1940.7738 2267.65503 9525.73256 3.3745 5005.6 11.033 6480.4 7.6711 "" "" 0.0027820360036822926 0.0036758673 0.003991934 0.0076678013 177.87177864097 -62.35475218769 2064.50781 -5.700999999999999 0.6179999999999999 0.91
177.93550575408 -62.7577009239 0.0239 0.0241 6.5081 "" "" 5334603648054829312 2159.81689 0.4255 0.0301 -5.642 0.746 0.032 0.034 0.923 5413.1 4.2323 15.766048 1.07045 16.207584 15.137135 "" "" 2041.995 2301.74463 9300.9623 6.4063 4491.4 10.354 6987.2 18.416 "" "" 0.0028550028374608257 0.0037483016 0.0047405446 0.008488846 177.93550575408 -62.7577009239 2159.81689 -5.642 0.7460000000000002 0.84
178.27232720634 -62.70737223388 0.0246 0.0241 10.1277 "" "" 5334598528452955264 2323.37231 0.396 0.0305 -5.618 0.616 0.03 0.033 1.041 6413.4 4.3123 15.804062 0.907544 16.166008 15.258464 "" "" 2193.41455 2482.08276 8980.94579 3.0399 4666.7 10.676 6248.5 8.2125 "" "" 0.002779720897034614 0.003735571 0.0040398086 0.0077753793 178.27232720634 -62.70737223388 2323.37231 -5.618 0.616 0.9
178.01993384195 -62.71062094858 0.024 0.0238 4.4814 "" "" 5334605159883420416 2267.83301 0.4086 0.0305 -5.611 0.675 0.031 0.032 0.979 6298.7 4.2797 15.824016 0.911834 16.189789 15.277955 "" "" 2091.36499 2429.82251 8817.39749 2.5987 4565.6 8.0497 6137.3 9.7272 "" "" 0.0027738393468460377 0.003383715 0.0041527026 0.007536418 178.01993384195 -62.71062094858 2267.83301 -5.611 0.6750000000000002 0.95
178.47715574876 -62.80482286549 0.0244 0.0245 17.7721 "" "" 5334588461048721024 2486.76904 0.3708 0.0307 -5.675 0.727 0.03 0.035 0.987 6168.1 4.2768 15.846265 0.95363 16.232067 15.278437 "" "" 2314.54004 2696.41382 8638.54813 2.8792 4391.3 7.4078 6134.6 10.023 "" "" 0.0027789820039400993 0.0033376112 0.00417499 0.007512601 178.47715574876 -62.80482286549 2486.76904 -5.675 0.7269999999999999 0.8
177.85070895971 -62.74179546297 0.0245 0.0249 5.9337 "" "" 5334606293754315136 2166.67456 0.421 0.0314 -5.641 0.684 0.034 0.036 1.01 6376.7 4.3614 15.87757 0.925542 16.235271 15.30973 "" "" 2044.54358 2337.85303 8393.02625 2.8748 4378.3 14.572 5960.3 14.537 "" "" 0.0027803040914906275 0.0045654164 0.0046147644 0.009180181 177.85070895971 -62.74179546297 2166.67456 -5.640999999999999 0.6839999999999999 0.9
177.93950300071 -62.84312855196 0.0246 0.0251 11.6346 "" "" 5333101543365341312 2181.37134 0.4258 0.0316 -5.579 0.809 0.033 0.035 0.938 6379.3 4.4008 15.908753 0.940608 16.28196 15.341352 "" "" 2014.22546 2325.73657 8155.40138 2.9019 4194.0 10.74 5789.2 14.519 "" "" 0.0027822728675898785 0.003938962 0.004658141 0.008597103 177.93950300071 -62.84312855196 2181.37134 -5.579000000000001 0.809 0.87
177.7761795531 -62.4237219234 0.0248 0.0256 14.1638 "" "" 5334618010426166272 2129.47925 0.4477 0.0321 -5.702 0.606 0.036 0.033 0.962 5867.9 4.0429 15.919717 1.016977 16.337658 15.320681 "" "" 2005.56982 2272.03882 8073.46422 3.2715 3984.3 10.861 5900.5 9.7758 "" "" 0.00279022445948899 0.004067511 0.004185628 0.0082531385 177.7761795531 -62.4237219234 2129.47925 -5.702 0.6059999999999999 0.92
177.72808668788 -62.74167278423 0.0262 0.0263 7.7906 "" "" 5334606465552979840 2141.46338 0.4389 0.0332 -5.738 0.663 0.035 0.036 0.993 6044.4 4.3682 15.953625 0.957476 16.345215 15.387739 "" "" 1995.85425 2310.52881 7825.22389 3.9706 3956.7 10.345 5547.1 11.157 "" "" 0.0028098568296434333 0.0039803702 0.004364923 0.008345293 177.72808668788 -62.74167278423 2141.46338 -5.738 0.663 0.93
177.72390708174 -62.42322993066 0.0259 0.0258 14.6826 "" "" 5334618354023535488 1972.39514 0.4679 0.0329 -5.701 0.733 0.037 0.036 0.927 6034.3 4.3955 16.01232 0.952356 16.396156 15.4438 "" "" 1856.24268 2105.59229 7413.42921 5.4467 3775.3 15.901 5267.9 11.28 "" "" 0.002868468549567655 0.0053569577 0.0044371923 0.00979415 177.72390708174 -62.42322993066 1972.39514 -5.700999999999999 0.7330000000000001 0.86
177.87188623605 -62.50150031479 0.0263 0.0264 8.9981 "" "" 5334617117073216128 2118.24634 0.4473 0.0322 -5.708 0.691 0.035 0.036 1.043 5926.2 4.3957 16.03538 0.87577 16.383558 15.507789 "" "" 2009.14075 2283.41113 7257.62924 2.9332 3819.4 9.5595 4966.4 10.956 "" "" 0.0027900428117447105 0.0038948269 0.00447443 0.008369257 177.87188623605 -62.50150031479 2118.24634 -5.707999999999999 0.691 0.93
177.99462584004 -62.62701268323 0.0284 0.0274 2.2945 "" "" 5334611653875037184 2063.31152 0.454 0.034 -5.961 0.783 0.035 0.037 1.015 6069.6 4.4026 16.097052 0.972255 16.49977 15.527514 "" "" 1952.91406 2212.38403 6856.87416 2.9751 3431.7 7.8836 4877.0 8.8062 "" "" 0.0027953015753734156 0.0037425018 0.004257601 0.008000103 177.99462584004 -62.62701268323 2063.31152 -5.961 0.7830000000000001 0.82
178.17158335162 -62.74202574701 0.0274 0.0276 8.7327 "" "" 5334604472688746368 2465.8938 0.3861 0.0347 -5.604 0.7 0.036 0.038 0.989 5816.3 4.4728 16.174122 0.956675 16.561739 15.605064 "" "" 2281.71411 2697.77734 6387.01285 3.1177 3241.3 8.0352 4540.8 9.5829 "" "" 0.002805827859587028 0.0038767857 0.004419723 0.008296508 178.17158335162 -62.74202574701 2465.8938 -5.604000000000001 0.7 0.92
178.20558115011 -62.49317826962 0.0296 0.0298 12.1254 "" "" 5334625191612905600 2445.61768 0.3904 0.0367 -5.623 0.645 0.042 0.041 1.107 5674.1 4.4587 16.18825 1.064903 16.631851 15.566948 "" "" 2255.40454 2689.15845 6304.44409 4.2875 3038.6 12.655 4703.0 10.581 "" "" 0.0028525424978658566 0.005313367 0.004500075 0.009813442 178.20558115011 -62.49317826962 2445.61768 -5.622999999999999 0.645 0.87
177.60192027993 -62.58556966255 0.0337 0.0281 9.7523 "" "" 5334609901526779264 2114.84595 0.4671 0.0382 -5.624 0.728 0.04 0.037 0.991 5557.9 4.5351 16.27844 1.086948 16.727413 15.640465 "" "" 1902.75439 2339.72119 5801.90341 2.6292 2782.6 8.8097 4395.1 15.981 "" "" 0.0027989046361548073 0.0044273036 0.0054652686 0.009892572 177.60192027993 -62.58556966255 2114.84595 -5.6240000000000006 0.728 0.87
177.62889719847 -62.62344104784 0.0363 0.0313 8.3667 "" "" 5334608217899786496 1911.04883 0.5104 0.0437 -5.565 0.834 0.044 0.042 0.998 5429.6 4.644 16.406616 1.117258 16.838598 15.72134 "" "" 1773.39648 2068.01172 5155.85223 3.0535 2511.8 11.041 4079.6 32.776 "" "" 0.0028293566258788764 0.00552829 0.009506489 0.015034779 177.62889719847 -62.62344104784 1911.04883 -5.5649999999999995 0.8340000000000002 0.86
178.0646010414 -62.69755360038 0.0368 0.0339 4.7689 "" "" 5334604781926354560 2110.65771 0.4631 0.0438 -5.568 0.65 0.043 0.049 1.024 5506.7 4.6244 16.451645 1.188354 16.965141 15.776788 "" "" 1907.90906 2354.99512 4946.39625 6.6981 2235.4 10.518 3876.5 14.173 "" "" 0.0031230406707848804 0.0058209 0.005481005 0.011301905 178.0646010414 -62.69755360038 2110.65771 -5.568000000000001 0.65 0.82
