Clusters/UBC_280/UBC_280_stars_in_region.tsv
# %ECSV 1.0
# ---
# datatype:
# - name: RA_ICRS_1
#   unit: deg
#   datatype: float64
#   format: '{:15.11f}'
#   description: Right ascension (ICRS) at Ep=2016.0 (ra)
#   meta: !!omap
#   - {ucd: POS_EQ_RA_MAIN}
#   - {width: 15}
#   - {precision: '11'}
# - name: DE_ICRS_1
#   unit: deg
#   datatype: float64
#   format: '{:15.11f}'
#   description: Declination (ICRS) at Ep=2016.0 (dec)
#   meta: !!omap
#   - {ucd: POS_EQ_DEC_MAIN}
#   - {width: 15}
#   - {precision: '11'}
# - name: e_RA_ICRS
#   unit: mas
#   datatype: float64
#   format: '{:7.4f}'
#   description: Standard error of right ascension (ra_error)
#   meta: !!omap
#   - {ucd: ERROR}
#   - {width: 7}
#   - {precision: '4'}
# - name: e_DE_ICRS
#   unit: mas
#   datatype: float64
#   format: '{:7.4f}'
#   description: Standard error of declination (dec_error)
#   meta: !!omap
#   - {ucd: ERROR}
#   - {width: 7}
#   - {precision: '4'}
# - name: _r_1
#   unit: ''
#   datatype: float64
#   format: '{:7.4f}'
#   description: Distance from center (177.92701686000-62.64930273000)[ICRS], at Epoch=J2016.0
#   meta: !!omap
#   - {ucd: POS_ANG_DIST_GENERAL}
#   - {width: 7}
#   - {precision: '4'}
# - name: HIP
#   datatype: int32
#   description: '? HIP cross-id number, van Leeuwen, Cat. I/311 (hip_original_ext_source_id)'
#   meta: !!omap
#   - {ucd: ID_NUMBER}
#   - {width: 6}
#   - values: {'null': -2147483648}
# - name: TYC2
#   datatype: string
#   description: Tycho-2 cross-id name, Hog et al., Cat. I/259 (tyc2_original_ext_source_id)
#   meta: !!omap
#   - {ucd: ID_CROSSID}
#   - {_votable_string_dtype: char}
# - name: Source
#   datatype: int64
#   description: Source identifier, identical to the Gaia-EDR3 source_id (id)
#   meta: !!omap
#   - {ucd: ID_MAIN}
#   - {width: 19}
# - name: rgeo
#   unit: pc
#   datatype: float64
#   format: '{:15.8f}'
#   description: '? Median of the geometric distance posterior (r_med_geo)'
#   meta: !!omap
#   - {ucd: PHYS_DISTANCE_TRUE}
#   - {width: 15}
#   - {precision: '8'}
#   - values: {'null': .nan}
# - name: Plx
#   unit: mas
#   datatype: float64
#   format: '{:9.4f}'
#   description: '? Parallax (parallax)'
#   meta: !!omap
#   - {ucd: POS_PARLX_TRIG}
#   - {width: 9}
#   - {precision: '4'}
#   - values: {'null': .nan}
# - name: e_Plx
#   unit: mas
#   datatype: float32
#   format: '{:7.4f}'
#   description: '? Standard error of parallax (parallax_error)'
#   meta: !!omap
#   - {ucd: ERROR}
#   - {width: 7}
#   - {precision: '4'}
#   - values: {'null': .nan}
# - name: pmRA
#   unit: mas / yr
#   datatype: float64
#   format: '{:9.3f}'
#   description: '? Proper motion in right ascension direction, pmRA*cosDE (pmra)'
#   meta: !!omap
#   - {ucd: POS_EQ_PMRA}
#   - {width: 9}
#   - {precision: '3'}
#   - values: {'null': .nan}
# - name: pmDE
#   unit: mas / yr
#   datatype: float64
#   format: '{:9.3f}'
#   description: '? Proper motion in declination direction (pmdec)'
#   meta: !!omap
#   - {ucd: POS_EQ_PMDEC}
#   - {width: 9}
#   - {precision: '3'}
#   - values: {'null': .nan}
# - name: e_pmRA
#   unit: mas / yr
#   datatype: float32
#   format: '{:6.3f}'
#   description: '? Standard error of proper motion in right ascension direction (pmra_error)'
#   meta: !!omap
#   - {ucd: ERROR}
#   - {width: 6}
#   - {precision: '3'}
#   - values: {'null': .nan}
# - name: e_pmDE
[...]
#         value: !astropy.table.SerializedColumn {name: SkyCoord.dec}
#       distance: !astropy.table.SerializedColumn
#         __class__: astropy.coordinates.distances.Distance
#         unit: !astropy.units.Unit {unit: pc}
#         value: !astropy.table.SerializedColumn {name: SkyCoord.distance}
#       frame: icrs
#       obstime: !astropy.time.Time {format: jyear_str, in_subfmt: '*', jd1: 367701545.0, jd2: 0.0, out_subfmt: '*', precision: 3, scale: tt}
#       pm_dec: !astropy.table.SerializedColumn
#         __class__: astropy.units.quantity.Quantity
#         unit: !astropy.units.Unit {unit: mas / yr}
#         value: !astropy.table.SerializedColumn {name: SkyCoord.pm_dec}
#       pm_ra_cosdec: !astropy.table.SerializedColumn
#         __class__: astropy.units.quantity.Quantity
#         unit: !astropy.units.Unit {unit: mas / yr}
#         value: !astropy.table.SerializedColumn {name: SkyCoord.pm_ra_cosdec}
#       ra: !astropy.table.SerializedColumn
#         __class__: astropy.coordinates.angles.Longitude
#         unit: *id001
#         value: !astropy.table.SerializedColumn {name: SkyCoord.ra}
#         wrap_angle: !astropy.coordinates.Angle
#           unit: *id001
#           value: 360.0
#       representation_type: spherical
# schema: astropy-2.0
RA_ICRS_1 DE_ICRS_1 e_RA_ICRS e_DE_ICRS _r_1 HIP TYC2 Source rgeo Plx e_Plx pmRA pmDE e_pmRA e_pmDE RUWE Teff logg Gmag BP-RP BPmag RPmag RV e_RV b_rgeo B_rgeo FG e_FG FBP e_FBP FRP e_FRP RAVE5 RAVE6 e_Gmag e_BPmag e_RPmag e_BP-RP SkyCoord.ra SkyCoord.dec SkyCoord.distance SkyCoord.pm_ra_cosdec SkyCoord.pm_dec rmRA rmDE e_rmRA e_rmDE rRV e_rRV v_pec v_pec3d e_vpec e_vpec3d
[from data line 866]
177.51986177289 -62.58112778382 0.0143 0.0145 11.958 "" "" 5334797505686184704 2560.6499 0.356 0.018 -10.164 1.228 0.018 0.018 1.023 "" "" 14.547637 1.005502 14.963 13.957499 -14.5 9.4 2442.26318 2683.32959 28568.78601 5.1751 14132.0 15.551 20709.0 13.851 "" "" 0.002762330688424117 0.0030352082 0.0038485152 0.0068837237 177.51986177289 -62.58112778382 2560.6499 -10.163999999999998 1.2279999999999998 -4.532587493896484 0.5048999934196472 0.105216496 0.105216496 -12.913333333333334 10.592 55.35446119887349 56.8407472892059 5.824202428304661 6.161251538444817
178.18015019414 -62.55616929774 0.014 0.0142 8.9482 "" "" 5334612890825719552 2030.66418 0.4564 0.0176 -7.155 0.074 0.019 0.019 0.984 4989.6 3.4419 14.551057 1.351548 15.154622 13.803074 4.36 6.06 1974.94385 2093.07593 28478.96153 4.726 11846.0 11.11 23874.0 13.349 "" "" 0.0027612048699112166 0.002970175 0.0038278291 0.006798004 178.18015019414 -62.55616929774 2030.66418 -7.155000000000006 0.07399999999999995 -1.5235874938964846 -0.6491000065803528 0.1062165 0.1062165 5.946666666666666 7.252 15.940488204347599 17.013583062876243 1.6931428290014219 2.9902311689332093
177.52157607677 -62.50914492489 0.0134 0.0136 14.0079 "" "" 5334798192881158144 1894.55835 0.5014 0.0167 -13.492 -0.356 0.017 0.017 0.99 4739.2 3.1534 14.552736 1.499612 15.247335 13.747724 -19.55 3.42 1829.0177 1962.46326 28434.94335 4.9426 10876.0 9.1686 25123.0 12.223 "" "" 0.002761775912764855 0.0029364608 0.003816119 0.0067525795 177.52157607677 -62.50914492489 1894.55835 -13.492000000000013 -0.35600000000000087 -7.860587493896485 -1.0791000065803527 0.1042165 0.1042165 -17.963333333333335 4.612 71.25175270712829 73.48124664349542 7.425608365573018 7.288044561610946
177.38134792232 -62.59053511607 0.0145 0.014 15.4642 "" "" 5334796577973142016 2131.15332 0.4318 0.0177 -5.78 0.85 0.018 0.017 1.026 9196.5 4.2664 14.553233 0.506866 14.737926 14.231059 "" "" 2049.52661 2212.30322 28421.91421 9.3203 17388.0 13.991 16097.0 14.969 "" "" 0.0027782287697700144 0.0029237412 0.0039119213 0.0068356628 177.38134792232 -62.59053511607 2131.15332 -5.779999999999995 0.8500000000000002 -0.14858749389648462 0.1268999934196472 0.105216496 0.1042165 "" "" 1.9738835591114328 "" 0.2068549055767541 ""
177.94372237774 -62.45692431168 0.0799 0.0787 11.5519 "" "" 5334614673178565120 1903.63818 0.5492 0.1008 -5.45 4.693 0.105 0.103 6.88 6049.6 4.1448 14.55362 0.876605 14.87881 14.002205 "" "" 1628.72559 2260.07275 28411.79653 23.547 15272.0 17.867 19874.0 17.825 "" "" 0.002898531728286567 0.0030656997 0.0039028206 0.0069685206 177.94372237774 -62.45692431168 1903.63818 -5.45 4.693 0.18141250610351545 3.969899993419647 0.19221649 0.1902165 "" "" 35.8587620350004 "" 6.821078319007018 ""
178.15321215665 -62.59999290227 0.0144 0.0148 6.9063 "" "" 5334611241558245888 1886.87537 0.4937 0.0182 -9.032 2.089 0.019 0.021 1.048 6443.5 4.0741 14.553755 0.798399 14.833005 14.034606 5.76 7.14 1824.17627 1944.64099 28408.2647 7.5088 15930.0 46.491 19289.0 103.96 "" "" 0.0027702249643195543 0.00422203 0.0069660554 0.011188085 178.15321215665 -62.59999290227 1886.87537 -9.03199999999999 2.0890000000000004 -3.4005874938964844 1.3658999934196472 0.1062165 0.108216494 7.346666666666666 8.332 32.77587983134649 33.5891620888342 3.4905193880421486 3.8628952155935408
177.70066136146 -62.35502851647 0.0137 0.0143 18.7369 "" "" 5334619006858644352 1909.3335 0.4896 0.018 -1.381 -0.191 0.018 0.018 0.977 6575.9 3.9664 14.554053 0.874776 14.904613 14.029838 1.56 6.38 1836.37048 1975.5946 28400.4695 5.566 14913.0 10.624 19374.0 12.162 "" "" 0.0027635243922724245 0.0028953955 0.0038403468 0.006735742 177.70066136146 -62.35502851647 1909.3335 -1.3810000000000013 -0.19100000000000006 4.250412506103515 -0.9141000065803528 0.105216496 0.105216496 3.146666666666666 7.572 39.346784740355545 39.472407837817386 4.139930807156392 4.170668159252214
177.67627696511 -62.76005107723 0.0146 0.0153 9.5787 "" "" 5333105872692144000 2204.91895 0.4162 0.0191 -5.657 0.787 0.019 0.02 0.927 9252.1 4.3885 14.555563 0.487199 14.737697 14.250498 "" "" 2118.57349 2303.82764 28361.00821 10.771 17392.0 16.485 15811.0 13.635 "" "" 0.0027860036197646892 0.0029739074 0.0038936366 0.006867544 177.67627696511 -62.76005107723 2204.91895 -5.656999999999995 0.7870000000000001 -0.025587493896484403 0.06389999341964725 0.1062165 0.10721649 "" "" 0.7193914070334081 "" 0.07703161334582387 ""
178.08478357871 -62.47551476654 0.0138 0.0141 11.3028 "" "" 5334637183163963008 2428.98242 0.3771 0.0171 -13.727 2.616 0.018 0.019 0.94 "" "" 14.555612 1.420194 15.201457 13.781263 26.75 3.37 2339.44092 2537.61792 28359.73796 4.4847 11346.0 12.411 24359.0 14.723 "" "" 0.0027606644646971466 0.0030324182 0.0038359321 0.0068683503 178.08478357871 -62.47551476654 2428.98242 -13.727000000000002 2.616 -8.095587493896485 1.8928999934196473 0.105216496 0.1062165 28.336666666666666 4.562 95.72152902364114 99.82774061553006 10.076468138449046 9.748384675021397
177.98765068541 -62.26262280979 0.0141 0.014 23.2617 "" "" 5334640997095262464 2032.6582 0.4536 0.0181 -8.47 2.295 0.019 0.019 0.954 4937.5 3.4624 14.556299 1.359014 15.162185 13.803171 -16.54 5.37 1976.18713 2104.16406 28341.77549 4.8489 11764.0 14.009 23872.0 16.808 "" "" 0.0027615746084908173 0.0030751792 0.0038559197 0.006931099 177.98765068541 -62.26262280979 2032.6582 -8.470000000000011 2.295 -2.838587493896485 1.5718999934196471 0.1062165 0.1062165 -14.953333333333333 6.562 31.262585147850423 34.654745820801736 3.3206023040556976 4.121968836145613
178.31676655709 -62.75524883433 0.0217 0.0238 12.467 "" "" 5334592511142463488 2550.69531 0.3575 0.0284 -3.467 -1.37 0.029 0.035 1.593 7183.0 4.0946 14.559853 0.695475 14.769032 14.073558 "" "" 2381.4248 2735.98608 28249.17453 117.15 16897.0 211.97 18610.0 220.14 "" "" 0.005278727126019151 0.013903226 0.013387841 0.027291067 178.31676655709 -62.75524883433 2550.69531 -3.4670000000000005 -1.37 2.1644125061035155 -2.093100006580353 0.116216496 0.12221649 "" "" 36.40313396343498 "" 4.33757005394145 ""
178.01600129393 -62.50931762511 0.0146 0.0154 8.7516 "" "" 5334613990337070848 2001.32031 0.465 0.0179 -7.049 -0.057 0.02 0.022 1.089 7065.9 4.118 14.561091 0.781194 14.839438 14.058245 "" "" 1939.13867 2075.48022 28216.95955 7.976 15836.0 33.364 18874.0 131.47 "" "" 0.0027723596481460944 0.0036079916 0.008454634 0.012062626 178.01600129393 -62.50931762511 2001.32031 -7.049000000000006 -0.05700000000000002 -1.4175874938964848 -0.7801000065803528 0.10721649 0.1092165 "" "" 15.34931207203207 "" 1.652885893485879 ""
177.85418712575 -62.64974453577 0.0285 0.0258 2.0078 "" "" 5334608492777724416 2466.65234 0.3803 0.0334 -6.578 1.424 0.035 0.036 2.299 6947.5 4.0657 14.562573 0.98651 14.937214 13.950704 25.0 10.87 2300.48145 2687.03125 28178.47449 12.328 14472.0 19.999 20839.0 35.058 "" "" 0.0027959650344417776 0.003167999 0.004197625 0.007365624 177.85418712575 -62.64974453577 2466.65234 -6.578000000000002 1.424 -0.9465874938964847 0.7008999934196471 0.12221649 0.123216495 26.586666666666666 12.062 13.771134063056053 29.941525976928883 1.687949142478273 10.738588564735984
177.52562193494 -62.6011379615 0.0141 0.014 11.4447 "" "" 5334795993857642112 2510.15723 0.361 0.0175 -6.803 0.033 0.018 0.017 0.961 7248.7 3.9265 14.566095 0.924056 14.93862 14.014564 21.3 14.62 2415.71875 2654.44775 28087.20098 5.957 14453.0 16.589 19649.0 12.478 "" "" 0.0027649258864695663 0.003055823 0.0038417608 0.0068975836 177.52562193494 -62.6011379615 2510.15723 -6.803000000000001 0.03300000000000007 -1.1715874938964843 -0.6901000065803528 0.105216496 0.1042165 22.886666666666667 15.812 16.17821957515481 28.027384817942494 1.6980630587535883 12.94895006801996
178.03679152874 -62.32502132607 0.0144 0.0144 19.6933 "" "" 5334640378619876864 2416.05371 0.3802 0.0182 -6.329 1.877 0.019 0.02 1.043 7314.0 3.9708 14.566593 0.744234 14.852358 14.108124 "" "" 2312.01147 2530.07593 28074.34396 7.9676 15649.0 18.386 18026.0 16.111 "" "" 0.002772496544536519 0.0030679442 0.0039019724 0.0069699166 178.03679152874 -62.32502132607 2416.05371 -6.328999999999994 1.8769999999999991 -0.6975874938964841 1.1538999934196472 0.1062165 0.10721649 "" "" 15.441711096873236 "" 1.6514872109752323 ""
177.38812047907 -62.40764761929 0.0135 0.0145 20.8016 "" "" 5334805374067059456 1848.61755 0.5039 0.0179 -7.98 3.883 0.018 0.018 0.963 "" "" 14.566647 1.053516 15.001787 13.948271 -24.48 16.91 1795.67603 1893.74878 28072.96498 4.9649 13636.0 11.51 20886.0 13.08 "" "" 0.0027620030949794734 0.0029368254 0.0038400597 0.006776885 177.38812047907 -62.40764761929 1848.61755 -7.98 3.883 -2.348587493896485 3.1598999934196472 0.105216496 0.105216496 -22.893333333333334 18.102 34.49871402970199 41.40369525554777 3.6298337961108618 10.456109253239966
177.66691169844 -62.3622002659 0.014 0.0143 18.6721 "" "" 5334619178657318400 2033.27502 0.4578 0.018 -3.627 -0.202 0.018 0.018 0.939 6644.4 3.9655 14.570903 0.842049 14.899049 14.057 -6.22 10.5 1949.20544 2101.82764 27963.12972 5.4933 14990.0 15.276 18895.0 22.501 "" "" 0.002763563335689336 0.0030015467 0.0039944244 0.0069959713 177.66691169844 -62.3622002659 2033.27502 -3.626999999999997 -0.20200000000000012 2.004412506103516 -0.9251000065803527 0.105216496 0.105216496 -4.633333333333334 11.692 21.276198785654568 21.774857348429787 2.23860707788849 3.312694052382214
177.64756568766 -62.56155287241 0.0155 0.0151 9.3401 "" "" 5334610279483910656 2440.4043 0.3773 0.0182 -3.719 0.48 0.02 0.02 1.125 4671.2 2.646 14.576627 1.534524 15.293827 13.759303 23.22 5.36 2314.72119 2536.51001 27816.07979 5.5548 10420.0 9.7437 24856.0 16.78 "" "" 0.0027638378697226375 0.002969144 0.0038498011 0.006818945 177.64756568766 -62.56155287241 2440.4043 -3.7190000000000003 0.48000000000000037 1.9124125061035158 -0.2431000065803528 0.10721649 0.10721649 24.806666666666665 6.552 22.299877182495866 33.356487127176784 2.3909146101224286 5.128085140576504
177.92099042507 -62.38294076148 0.0151 0.016 15.9826 "" "" 5334638523193839872 1992.76453 0.4729 0.0202 -3.835 -1.77 0.021 0.021 1.187 6448.3 3.7035 14.577763 0.889477 14.920877 14.0314 -32.03 8.6 1933.93713 2070.90405 27787.01107 5.6165 14692.0 31.319 19346.0 39.183 "" "" 0.0027640460403712042 0.0036251638 0.0043725795 0.007997744 177.92099042507 -62.38294076148 1992.76453 -3.8350000000000026 -1.7700000000000011 1.7964125061035157 -2.493100006580353 0.108216494 0.108216494 -30.443333333333335 9.792001 29.02559757203444 42.0628322733757 3.1410484148415874 7.411086944208255
178.47305252818 -62.96046291467 0.0137 0.0151 23.9319 "" "" 5334585609190046592 2481.0415 0.3704 0.0178 -6.91 0.22 0.018 0.02 0.958 9541.6 4.1903 14.578107 0.60002 14.805057 14.205036 "" "" 2368.88037 2578.89746 27778.18462 8.2322 16345.0 14.125 16487.0 17.447 "" "" 0.0027740441497878954 0.002943705 0.003950168 0.006893873 178.47305252818 -62.96046291467 2481.0415 -6.910000000000001 0.21999999999999992 -1.2785874938964845 -0.5031000065803528 0.105216496 0.10721649 "" "" 16.158511701634605 "" 1.7045102706834785 ""
178.16750928945 -62.73166432485 0.0145 0.0149 8.2612 "" "" 5334604472688747904 2440.07251 0.3729 0.0185 -3.594 1.635 0.019 0.02 1.067 7524.2 3.881 14.589066 0.713449 14.865986 14.152536 "" "" 2331.44287 2541.47632 27499.23591 7.9217 15453.0 14.543 17304.0 17.792 "" "" 0.0027730151656484353 0.0029713837 0.003940809 0.006912193 178.16750928945 -62.73166432485 2440.07251 -3.5940000000000007 1.6350000000000002 2.0374125061035158 0.9118999934196472 0.1062165 0.10721649 "" "" 25.817226143575645 "" 2.7465408966330913 ""
177.74934858708 -62.66474194927 0.0144 0.0155 4.9832 "" "" 5334607187107604480 2177.91553 0.42 0.0186 -5.665 0.752 0.018 0.021 0.904 8294.9 4.3422 14.589566 0.586453 14.811354 14.224901 "" "" 2107.74487 2280.08545 27486.55505 8.1439 16251.0 14.236 16188.0 16.032 "" "" 0.0027740355659488015 0.0029478236 0.0039293687 0.0068771923 177.74934858708 -62.66474194927 2177.91553 -5.665 0.752 -0.03358749389648441 0.02889999341964722 0.105216496 0.108216494 "" "" 0.4574208479418686 "" 0.04871670985462926 ""
178.26056471821 -62.88538405828 0.0135 0.0133 16.8675 "" "" 5334589835437951104 2451.85059 0.3692 0.0169 -5.5 -1.598 0.018 0.018 1.015 9149.1 4.1356 14.589886 0.507691 14.776679 14.268988 "" "" 2377.86865 2542.46045 27478.46101 8.2551 16778.0 14.637 15544.0 11.736 "" "" 0.0027745596574822408 0.0029465596 0.0038672623 0.006813822 178.26056471821 -62.88538405828 2451.85059 -5.499999999999994 -1.598 0.13141250610351562 -2.3211000065803526 0.105216496 0.105216496 "" "" 27.0184936522021 "" 2.8427912209809736 ""
177.99475691281 -62.57283705962 0.015 0.0145 4.9543 "" "" 5334612203630537600 2170.07715 0.4246 0.018 -8.824 0.672 0.019 0.02 0.91 4749.6 3.3272 14.589892 1.405765 15.231105 13.82534 20.95 3.59 2098.59546 2255.55737 27478.28684 5.3518 11040.0 14.465 23390.0 15.055 "" "" 0.002763422883277152 0.003131893 0.0038434486 0.0069753416 177.99475691281 -62.57283705962 2170.07715 -8.82399999999998 0.6720000000000002 -3.192587493896484 -0.05110000658035274 0.1062165 0.10721649 22.536666666666665 4.782 32.84369019261964 39.83226493576814 3.488550195935333 3.948981192960202
177.7588834699 -62.67682007638 0.0139 0.0153 4.9181 "" "" 5334607152747847040 2029.68542 0.4598 0.0185 -7.161 1.528 0.018 0.021 0.907 7466.2 3.9813 14.590782 0.687421 14.85389 14.16647 "" "" 1958.19592 2124.65112 27455.78066 6.5623 15626.0 12.943 17083.0 14.201 "" "" 0.0027675137792093 0.0029315208 0.0038856599 0.0068171807 177.7588834699 -62.67682007638 2029.68542 -7.160999999999994 1.5279999999999982 -1.529587493896484 0.8048999934196472 0.105216496 0.108216494 "" "" 16.628809913304796 "" 1.7605634148730047 ""
178.34589168504 -62.5881934433 0.0141 0.014 12.1262 "" "" 5334600452598408064 2504.40894 0.3652 0.0176 -7.223 2.908 0.019 0.019 0.949 6215.0 3.675 14.592558 0.892826 14.946619 14.053793 -25.23 15.23 2398.0979 2632.5979 27410.9124 5.4431 14347.0 15.492 18951.0 23.147 "" "" 0.0027637424653742227 0.0030264729 0.0040052906 0.0070317634 178.34589168504 -62.5881934433 2504.40894 -7.223 2.9079999999999995 -1.5915874938964842 2.184899993419647 0.1062165 0.1062165 -23.643333333333334 16.421999 32.088640669180435 39.858350080088506 3.4083430284530523 10.120350613322861
177.60825944799 -62.417657212 0.0141 0.0155 16.4617 "" "" 5334618555829060864 1969.38269 0.4712 0.0195 -9.435 0.763 0.019 0.018 1.039 6455.5 3.7508 14.594225 0.901623 14.950644 14.049022 -37.9 9.01 1899.95532 2048.75806 27368.86763 5.8011 14294.0 15.761 19035.0 19.902 "" "" 0.002764914164422882 0.003036158 0.0039461856 0.0069823433 177.60825944799 -62.417657212 1969.38269 -9.435 0.7630000000000001 -3.803587493896485 0.03989999341964723 0.1062165 0.105216496 -36.31333333333333 10.202001 35.50796333960858 50.78851876462598 3.7715276185191096 7.7562941513871815
177.66829511211 -62.4867650995 0.014 0.0155 12.0934 "" "" 5334616636036531584 2414.20068 0.3869 0.0182 -7.777 -0.271 0.019 0.021 0.987 4653.5 2.6388 14.59685 1.588773 15.320594 13.731821 2.7 2.93 2299.86279 2517.01514 27302.75227 5.9882 10167.0 40.222 25494.0 47.034 "" "" 0.0027655913148614073 0.0051219906 0.004277389 0.00939938 177.66829511211 -62.4867650995 2414.20068 -7.777 -0.271 -2.1455874938964845 -0.9941000065803528 0.1062165 0.108216494 4.286666666666666 4.122 27.05993617281846 27.397365873165985 2.883850119152711 2.9204354669458614
178.4600195917 -62.60760630793 0.0146 0.0144 14.9144 "" "" 5334600212080031616 2284.8877 0.4016 0.0183 -11.509 1.617 0.019 0.02 1.049 "" "" 14.5971 1.487746 15.28617 13.798424 3.47 3.19 2193.948 2389.14722 27296.47215 5.1924 10494.0 14.373 23977.0 16.029 "" "" 0.0027630498716134425 0.0031617114 0.0038484489 0.00701016 178.4600195917 -62.60760630793 2284.8877 -11.509 1.617 -5.877587493896485 0.8938999934196472 0.1062165 0.10721649 5.056666666666667 4.382 64.388418678225 64.58667306542559 6.840574662129154 6.82820126052708
