Clusters/UBC_280/UBC_280_members.tsv
# %ECSV 1.0
# ---
# datatype:
# - name: RA_ICRS_1
#   unit: deg
#   datatype: float64
#   format: '{:15.11f}'
#   description: Right ascension (ICRS) at Ep=2016.0 (ra)
#   meta: !!omap
#   - {ucd: POS_EQ_RA_MAIN}
#   - {width: 15}
#   - {precision: '11'}
# - name: DE_ICRS_1
#   unit: deg
#   datatype: float64
#   format: '{:15.11f}'
#   description: Declination (ICRS) at Ep=2016.0 (dec)
#   meta: !!omap
#   - {ucd: POS_EQ_DEC_MAIN}
#   - {width: 15}
#   - {precision: '11'}
# - name: e_RA_ICRS
#   unit: mas
#   datatype: float64
#   format: '{:7.4f}'
#   description: Standard error of right ascension (ra_error)
#   meta: !!omap
#   - {ucd: ERROR}
#   - {width: 7}
#   - {precision: '4'}
# - name: e_DE_ICRS
#   unit: mas
#   datatype: float64
#   format: '{:7.4f}'
#   description: Standard error of declination (dec_error)
#   meta: !!omap
#   - {ucd: ERROR}
#   - {width: 7}
#   - {precision: '4'}
# - name: _r_1
#   unit: ''
#   datatype: float64
#   format: '{:7.4f}'
#   description: Distance from center (177.92701686000-62.64930273000)[ICRS], at Epoch=J2016.0
#   meta: !!omap
#   - {ucd: POS_ANG_DIST_GENERAL}
#   - {width: 7}
#   - {precision: '4'}
# - name: HIP
#   datatype: int32
#   description: '? HIP cross-id number, van Leeuwen, Cat. I/311 (hip_original_ext_source_id)'
#   meta: !!omap
#   - {ucd: ID_NUMBER}
#   - {width: 6}
#   - values: {'null': -2147483648}
# - name: TYC2
#   datatype: string
#   description: Tycho-2 cross-id name, Hog et al., Cat. I/259 (tyc2_original_ext_source_id)
#   meta: !!omap
#   - {ucd: ID_CROSSID}
#   - {_votable_string_dtype: char}
# - name: Source
#   datatype: int64
#   description: Source identifier, identical to the Gaia-EDR3 source_id (id)
#   meta: !!omap
#   - {ucd: ID_MAIN}
#   - {width: 19}
# - name: rgeo
#   unit: pc
#   datatype: float64
#   format: '{:15.8f}'
#   description: '? Median of the geometric distance posterior (r_med_geo)'
#   meta: !!omap
#   - {ucd: PHYS_DISTANCE_TRUE}
#   - {width: 15}
#   - {precision: '8'}
#   - values: {'null': .nan}
# - name: Plx
#   unit: mas
#   datatype: float64
#   format: '{:9.4f}'
#   description: '? Parallax (parallax)'
#   meta: !!omap
#   - {ucd: POS_PARLX_TRIG}
#   - {width: 9}
#   - {precision: '4'}
#   - values: {'null': .nan}
# - name: e_Plx
#   unit: mas
#   datatype: float32
#   format: '{:7.4f}'
#   description: '? Standard error of parallax (parallax_error)'
#   meta: !!omap
#   - {ucd: ERROR}
#   - {width: 7}
#   - {precision: '4'}
#   - values: {'null': .nan}
# - name: pmRA
#   unit: mas / yr
#   datatype: float64
#   format: '{:9.3f}'
#   description: '? Proper motion in right ascension direction, pmRA*cosDE (pmra)'
#   meta: !!omap
#   - {ucd: POS_EQ_PMRA}
#   - {width: 9}
#   - {precision: '3'}
#   - values: {'null': .nan}
# - name: pmDE
#   unit: mas / yr
#   datatype: float64
#   format: '{:9.3f}'
#   description: '? Proper motion in declination direction (pmdec)'
#   meta: !!omap
#   - {ucd: POS_EQ_PMDEC}
#   - {width: 9}
#   - {precision: '3'}
#   - values: {'null': .nan}
# - name: e_pmRA
#   unit: mas / yr
#   datatype: float32
#   format: '{:6.3f}'
#   description: '? Standard error of proper motion in right ascension direction (pmra_error)'
#   meta: !!omap
#   - {ucd: ERROR}
#   - {width: 6}
#   - {precision: '3'}
#   - values: {'null': .nan}
# - name: e_pmDE
[...]
#         unit: &id001 !astropy.units.Unit {unit: deg}
#         value: !astropy.table.SerializedColumn {name: SkyCoord.dec}
#       distance: !astropy.table.SerializedColumn
#         __class__: astropy.coordinates.distances.Distance
#         unit: !astropy.units.Unit {unit: pc}
#         value: !astropy.table.SerializedColumn {name: SkyCoord.distance}
#       frame: icrs
#       obstime: !astropy.time.Time {format: jyear_str, in_subfmt: '*', jd1: 367701545.0, jd2: 0.0, out_subfmt: '*', precision: 3, scale: tt}
#       pm_dec: !astropy.table.SerializedColumn
#         __class__: astropy.units.quantity.Quantity
#         unit: !astropy.units.Unit {unit: mas / yr}
#         value: !astropy.table.SerializedColumn {name: SkyCoord.pm_dec}
#       pm_ra_cosdec: !astropy.table.SerializedColumn
#         __class__: astropy.units.quantity.Quantity
#         unit: !astropy.units.Unit {unit: mas / yr}
#         value: !astropy.table.SerializedColumn {name: SkyCoord.pm_ra_cosdec}
#       ra: !astropy.table.SerializedColumn
#         __class__: astropy.coordinates.angles.Longitude
#         unit: *id001
#         value: !astropy.table.SerializedColumn {name: SkyCoord.ra}
#         wrap_angle: !astropy.coordinates.Angle
#           unit: *id001
#           value: 360.0
#       representation_type: spherical
# schema: astropy-2.0
RA_ICRS_1 DE_ICRS_1 e_RA_ICRS e_DE_ICRS _r_1 HIP TYC2 Source rgeo Plx e_Plx pmRA pmDE e_pmRA e_pmDE RUWE Teff logg Gmag BP-RP BPmag RPmag RV e_RV b_rgeo B_rgeo FG e_FG FBP e_FBP FRP e_FRP RAVE5 RAVE6 e_Gmag e_BPmag e_RPmag e_BP-RP SkyCoord.ra SkyCoord.dec SkyCoord.distance SkyCoord.pm_ra_cosdec SkyCoord.pm_dec Pmemb
177.97578582864 -62.66500041411 0.0136 0.0143 1.6412 "" 8977-1661-1 5334605675279498112 2237.22778 0.4091 0.0176 -5.66 0.836 0.017 0.019 0.796 13268.3 4.0142 11.272378 0.132985 11.302523 11.169538 -35.68 30.2 2165.25928 2316.61865 583439.22509 2557.1 411540.0 5333.6 269990.0 3523.3 "" "" 0.005498706249088172 0.014345213 0.014663979 0.029009193 177.97578582864 -62.66500041411 2237.22778 -5.660000000000001 0.8360000000000001 0.93
177.92322603812 -62.46661815944 0.0127 0.0131 10.9616 "" 8977-5636-1 5334614707538191872 2099.42358 0.4283 0.0164 -5.703 0.866 0.018 0.017 0.897 8000.0 3.1426 11.989652 0.131726 12.029428 11.897702 48.7 39.01 2030.94873 2173.46216 301360.24596 57.094 210690.0 114.67 138060.0 46.598 "" "" 0.0027629876633742064 0.0028520583 0.0037971067 0.006649165 177.92322603812 -62.46661815944 2099.42358 -5.703 0.8659999999999999 0.87
177.9717031549 -62.7791819548 0.0119 0.013 7.8891 "" 8977-507-1 5334603059580419712 2444.06079 0.3622 0.0157 -5.689 0.735 0.017 0.019 0.885 12403.1 3.6768 12.085596 0.205412 12.151986 11.946574 -17.78 26.15 2361.55664 2541.77222 275872.37854 47.961 188200.0 97.683 131990.0 38.518 "" "" 0.002761778197451121 0.0028465108 0.00379264 0.006639151 177.9717031549 -62.7791819548 2444.06079 -5.689000000000001 0.7350000000000001 0.86
177.82108562582 -62.63041783308 0.0132 0.0136 3.1331 "" "" 5334608935095654656 2395.37964 0.372 0.0167 -5.637 0.86 0.017 0.019 0.866 13580.0 3.738 12.15962 0.135231 12.200076 12.064845 "" "" 2273.53174 2506.70532 257690.62916 63.286 180050.0 131.09 118360.0 66.627 "" "" 0.002768192356252485 0.0028999888 0.0038284813 0.0067284703 177.82108562582 -62.63041783308 2395.37964 -5.637 0.8600000000000001 0.96
177.83261651191 -62.58235618149 0.0126 0.013 4.7877 "" "" 5334614986769273472 2576.50879 0.3548 0.0153 -5.627 0.736 0.016 0.018 1.012 10865.9 3.8458 12.57938 0.212803 12.650688 12.437885 "" "" 2463.40771 2670.12964 175063.14947 29.16 118890.0 47.844 83947.0 45.335 "" "" 0.00276124897685816 0.0028241726 0.003824595 0.0066487677 177.83261651191 -62.58235618149 2576.50879 -5.626999999999999 0.7359999999999998 0.92
178.08507526017 -62.66821302846 0.0125 0.0134 4.501 "" "" 5334604919365339776 2428.84302 0.376 0.0158 -5.677 0.806 0.016 0.018 0.911 "" "" 12.594412 0.17629 12.652618 12.476329 "" "" 2345.63794 2556.54761 172656.13904 38.742 118680.0 65.03 81026.0 38.967 "" "" 0.002766069995498877 0.00285289 0.0038152812 0.006668171 178.08507526017 -62.66821302846 2428.84302 -5.676999999999999 0.806 0.81
177.68616340874 -62.58320266639 0.0139 0.0122 7.7401 "" "" 5334610034613779456 2241.62354 0.4133 0.0157 -5.648 0.849 0.017 0.016 0.857 11785.6 3.8082 12.705113 0.170463 12.761114 12.590651 "" "" 2164.76978 2326.9541 155919.82683 36.994 107390.0 80.121 72929.0 38.553 "" "" 0.0027673362144325945 0.0029053767 0.003822716 0.0067280927 177.68616340874 -62.58320266639 2241.62354 -5.648 0.849 0.87
177.76985562716 -62.52412711124 0.0127 0.0134 8.675 "" "" 5334615433445953024 2233.17041 0.4129 0.0163 -5.786 0.896 0.017 0.018 0.923 "" "" 12.717186 0.136388 12.761367 12.624979 "" "" 2154.8667 2306.14819 154195.76181 70.541 107370.0 160.09 70659.0 90.59 "" "" 0.0027997320423600964 0.0032257885 0.004027576 0.0072533647 177.76985562716 -62.52412711124 2233.17041 -5.786 0.8960000000000001 0.92
178.26585012779 -62.63403976979 0.0164 0.0158 9.3875 "" "" 5334599211289780736 2463.21533 0.3774 0.0197 -5.743 0.669 0.021 0.022 1.21 11048.2 3.8504 12.81918 0.282815 12.916501 12.633686 "" "" 2359.24463 2593.05396 140370.14676 31.114 93071.0 40.41 70094.0 23.705 "" "" 0.002765810374981153 0.002829713 0.0037971768 0.00662689 178.26585012779 -62.63403976979 2463.21533 -5.742999999999999 0.669 0.86
178.22525447287 -62.59601057442 0.0141 0.0153 8.8281 "" "" 5334600929276610560 2479.40796 0.3731 0.0181 -5.657 0.88 0.019 0.022 0.977 8886.7 3.7603 12.888576 0.183859 12.95127 12.767411 "" "" 2399.60303 2573.61621 131679.0051 28.881 90138.0 48.116 61972.0 27.904 "" "" 0.002765591589739546 0.0028497279 0.003810869 0.006660597 178.22525447287 -62.59601057442 2479.40796 -5.657000000000001 0.8800000000000001 0.84
177.64162326153 -62.69878410643 0.0136 0.0142 8.4026 "" "" 5334607526381487232 2093.9563 0.4427 0.0173 -5.616 0.86 0.018 0.019 0.967 11774.1 3.9253 12.919659 0.219916 12.994597 12.77468 "" "" 2028.06799 2171.28003 127962.71455 29.965 86612.0 45.468 61558.0 31.646 "" "" 0.0027670256115612545 0.0028477912 0.0038203755 0.0066681667 177.64162326153 -62.69878410643 2093.9563 -5.616 0.8600000000000001 0.93
178.11976735737 -62.67025441417 0.0125 0.0128 5.4582 "" "" 5334610588723296640 2255.84106 0.4055 0.0161 -5.626 0.785 0.015 0.017 1.145 11303.9 3.8807 13.147665 0.260239 13.232449 12.97221 "" "" 2187.04834 2355.68799 103724.37668 38.86 69572.0 35.362 51319.0 25.195 "" "" 0.0027851838756167446 0.0028442212 0.0038167865 0.0066610076 178.11976735737 -62.67025441417 2255.84106 -5.626 0.7849999999999999 0.91
177.69878588536 -62.5917668786 0.0097 0.0095 7.1817 "" "" 5334609970246526720 2068.30249 0.4445 0.0118 -5.519 0.812 0.012 0.014 0.868 "" "" 13.150261 0.267715 13.244163 12.976447 "" "" 2023.67029 2123.6438 103476.63049 36.673 68826.0 36.077 51119.0 24.895 "" "" 0.002782059660245897 0.0028476205 0.0038161904 0.006663811 177.69878588536 -62.5917668786 2068.30249 -5.519000000000001 0.812 0.91
178.30522943159 -62.6919511884 0.0104 0.0113 10.728 "" "" 5334598597172082560 2224.56836 0.4103 0.0137 -5.517 0.618 0.013 0.014 0.994 9979.2 4.2071 13.154701 0.213387 13.231226 13.017838 "" "" 2153.44775 2277.76807 103054.35486 47.548 69651.0 36.611 49207.0 26.935 "" "" 0.0028004884388097046 0.0028479374 0.0038258247 0.006673762 178.30522943159 -62.6919511884 2224.56836 -5.517 0.618 0.92
178.12071357931 -62.69451551705 0.01 0.0106 5.9854 "" "" 5334604678847175424 2063.2522 0.4459 0.0128 -5.546 0.729 0.013 0.015 0.997 12074.4 4.402 13.250283 0.24785 13.336432 13.088582 "" "" 2012.6864 2110.91406 94369.92222 43.957 63218.0 41.506 46103.0 46.089 "" "" 0.0028013482957636626 0.0028797907 0.003932154 0.006811945 178.12071357931 -62.69451551705 2063.2522 -5.546000000000001 0.729 0.94
177.77060216535 -62.70338337216 0.01 0.0107 5.3932 "" "" 5334606946589374848 2066.65552 0.4458 0.0128 -5.619 0.686 0.013 0.015 0.911 "" "" 13.32554 0.317572 13.432803 13.115232 "" "" 2012.74646 2127.65845 88050.3446 29.852 57849.0 41.967 44985.0 57.294 "" "" 0.0027797999120692473 0.0028992153 0.0040244153 0.006923631 177.77060216535 -62.70338337216 2066.65552 -5.619 0.686 0.93
177.83771700251 -62.62582366186 0.0099 0.0108 2.8371 "" "" 5334608939454361984 2149.93555 0.4241 0.0126 -5.623 0.571 0.013 0.015 0.897 10658.4 3.9198 13.365601 0.270648 13.461022 13.190374 "" "" 2098.33838 2206.22827 84860.71507 31.087 56365.0 26.129 41977.0 20.941 "" "" 0.0027838793891618563 0.0028352023 0.003817997 0.006653199 177.83771700251 -62.62582366186 2149.93555 -5.623 0.571 0.94
177.79274968215 -62.66268270936 0.0105 0.0115 3.7865 "" "" 5334608595856897920 2245.09863 0.4092 0.0137 -5.66 0.703 0.013 0.016 0.999 10164.0 3.9237 13.380631 0.271498 13.476144 13.204646 "" "" 2171.427 2312.31299 83694.06418 36.188 55585.0 28.624 41429.0 18.928 "" "" 0.0027950273072586953 0.0028456373 0.0038117964 0.0066574337 177.79274968215 -62.66268270936 2245.09863 -5.66 0.703 0.94
177.98324837313 -62.62917810483 0.0105 0.0106 1.9653 "" "" 5334611688234379264 2091.1936 0.4408 0.0129 -5.56 0.744 0.013 0.014 0.953 "" "" 13.450777 0.321362 13.560176 13.238814 "" "" 2027.19922 2150.41211 78457.78679 22.283 51445.0 24.217 40145.0 42.942 "" "" 0.002772521776734063 0.0028365941 0.0039538 0.006790394 177.98324837313 -62.62917810483 2091.1936 -5.560000000000001 0.7440000000000002 0.91
177.94574119675 -62.77501441634 0.0126 0.0134 7.5603 "" "" 5334603063939274112 2107.51172 0.4374 0.0163 -5.446 0.605 0.018 0.019 1.158 "" "" 13.453118 0.31353 13.565241 13.251711 "" "" 2034.20947 2174.65918 78288.75245 36.788 51206.0 32.581 39671.0 19.015 "" "" 0.002802156704630164 0.0028744196 0.0038150435 0.006689463 177.94574119675 -62.77501441634 2107.51172 -5.446 0.605 0.91
178.14812461788 -62.78956925082 0.0104 0.0107 10.3828 "" "" 5334602445464133888 2276.21313 0.3992 0.0138 -5.505 0.555 0.013 0.014 0.898 11002.7 4.0247 13.481423 0.23772 13.565307 13.327587 "" "" 2212.37769 2357.56396 76274.17412 31.776 51203.0 28.168 36993.0 15.008 "" "" 0.0027922003837104 0.0028533845 0.003804964 0.0066583483 178.14812461788 -62.78956925082 2276.21313 -5.505 0.5550000000000002 0.92
178.20702061391 -62.68197343759 0.01 0.0105 7.9595 "" "" 5334598906410056064 2210.31763 0.4165 0.0129 -5.535 0.676 0.012 0.014 0.92 10187.5 3.963 13.559474 0.249725 13.648404 13.398679 "" "" 2158.57959 2280.71924 70983.46315 23.551 47430.0 21.783 34649.0 16.001 "" "" 0.002778768257857871 0.0028343769 0.0038124959 0.0066468725 178.20702061391 -62.68197343759 2210.31763 -5.534999999999999 0.6759999999999999 0.96
177.33516449237 -62.66796426003 0.0109 0.0108 16.3483 "" "" 5333295229198772224 2223.31519 0.4129 0.0135 -5.586 0.563 0.014 0.013 0.951 9253.1 4.1678 13.738255 0.43378 13.898248 13.464468 "" "" 2157.8269 2281.09277 60206.72054 15.19 37681.0 26.569 32612.0 14.521 "" "" 0.0027689034272654896 0.0028932896 0.0038101762 0.0067034657 177.33516449237 -62.66796426003 2223.31519 -5.585999999999999 0.5629999999999998 0.85
178.05587113826 -62.60207979041 0.011 0.0113 4.5459 "" "" 5334611413356899328 2159.89062 0.4266 0.0137 -5.585 0.845 0.014 0.015 0.924 10196.6 4.2532 13.815591 0.489396 13.984343 13.494946 "" "" 2115.28076 2212.44263 56067.4066 17.137 34808.0 28.047 31709.0 86.901 "" "" 0.002775232832888773 0.0029241075 0.0048101554 0.007734263 178.05587113826 -62.60207979041 2159.89062 -5.584999999999999 0.8449999999999999 0.94
177.95775632857 -62.63632110088 0.0113 0.011 1.1511 "" "" 5334605812718196608 2145.82153 0.4275 0.0139 -5.528 0.735 0.014 0.015 0.974 9871.4 4.0823 13.815647 0.319529 13.93185 13.612321 "" "" 2082.40894 2217.55811 56064.51255 19.465 36532.0 22.443 28460.0 13.658 "" "" 0.0027809863760909362 0.0028687888 0.0038151299 0.0066839186 177.95775632857 -62.63632110088 2145.82153 -5.528 0.7350000000000001 0.93
177.97712541384 -62.64472152288 0.0129 0.0128 1.4085 "" "" 5334605812718300800 1945.40063 0.4746 0.0158 -5.51 0.667 0.016 0.017 1.069 9708.2 4.0792 13.975614 0.383191 14.115118 13.731927 "" "" 1888.01099 2018.03479 48383.95331 15.789 30858.0 22.943 25491.0 21.122 "" "" 0.002778006765274311 0.0029045993 0.003884983 0.0067895823 177.97712541384 -62.64472152288 1945.40063 -5.510000000000001 0.667 0.94
178.52125100824 -62.75761548884 0.0122 0.0129 17.5949 "" "" 5334594474003416320 2220.9021 0.4112 0.0162 -5.64 0.711 0.015 0.017 0.946 9256.5 4.1876 14.046525 0.320746 14.164743 13.843997 "" "" 2156.14062 2292.24097 45324.88486 20.077 29479.0 21.395 22991.0 15.396 "" "" 0.002796978352038977 0.0028993078 0.0038486822 0.00674799 178.52125100824 -62.75761548884 2220.9021 -5.64 0.711 0.93
177.30933498202 -62.73151205831 0.012 0.0131 17.7044 "" "" 5333293167614327936 2107.22876 0.4325 0.0161 -5.502 0.795 0.015 0.015 1.04 9460.2 4.052 14.150571 0.423894 14.304812 13.880918 "" "" 2034.04492 2180.78906 41183.04598 11.766 25911.0 19.277 22222.0 15.076 "" "" 0.0027727261483029533 0.0029047402 0.0038504929 0.006755233 177.30933498202 -62.73151205831 2107.22876 -5.502 0.795 0.88
177.34415399109 -62.53713268836 0.0126 0.0122 17.4479 "" "" 5334797333887516800 2153.95142 0.4271 0.015 -5.86 0.711 0.016 0.015 0.99 8117.4 4.1061 14.181891 0.747941 14.471247 13.723306 "" "" 2085.25586 2236.50708 40011.9813 9.049 22229.0 20.533 25694.0 13.899 "" "" 0.002766239828020048 0.0029649374 0.0038247448 0.0067896824 177.34415399109 -62.53713268836 2153.95142 -5.86 0.7110000000000001 0.84
177.70060244473 -62.68359573244 0.0125 0.0126 6.5684 "" "" 5334607771223107968 2161.15186 0.4227 0.0157 -5.543 0.709 0.016 0.017 0.982 9036.7 4.2108 14.280446 0.462001 14.454103 13.992103 "" "" 2085.9397 2238.66406 36539.98071 12.225 22583.0 23.247 20059.0 15.126 "" "" 0.0027791616548535343 0.0030056965 0.0038670455 0.006872742 177.70060244473 -62.68359573244 2161.15186 -5.543 0.7090000000000001 0.95
178.48450653586 -62.59204786494 0.0137 0.0129 15.7615 "" "" 5334623714143793024 2114.28125 0.4376 0.0162 -5.619 0.663 0.018 0.018 0.924 "" "" 14.364681 0.421649 14.518718 14.097069 "" "" 2049.82056 2189.48535 33812.24998 10.772 21278.0 17.332 18211.0 14.401 "" "" 0.0027769468880608377 0.002926976 0.00387568 0.0068026558 178.48450653586 -62.59204786494 2114.28125 -5.618999999999999 0.663 0.95
177.93969940089 -62.57022252821 0.0131 0.0133 4.7577 "" "" 5334612444148691456 2157.20044 0.4319 0.0165 -5.628 0.729 0.017 0.018 0.946 9025.1 4.257 14.383234 0.425458 14.540546 14.115088 "" "" 2085.58716 2246.47632 33239.40086 11.96 20854.0 18.629 17911.0 12.028 "" "" 0.0027828774646168996 0.0029539368 0.00384907 0.006803007 177.93969940089 -62.57022252821 2157.20044 -5.628 0.729 0.95
177.83255144474 -62.64194858294 0.0137 0.014 2.6415 "" "" 5334608561497209216 2246.9563 0.4107 0.0171 -5.565 0.749 0.017 0.019 1.019 9111.5 4.2327 14.422821 0.446058 14.579477 14.133419 "" "" 2171.08984 2342.40161 32049.29699 11.002 20120.0 23.342 17611.0 14.684 "" "" 0.002780414757259826 0.0030613155 0.003886292 0.0069476077 177.83255144474 -62.64194858294 2246.9563 -5.565 0.7490000000000001 0.93
177.65581231038 -62.59342627467 0.014 0.0129 8.1998 "" "" 5334609626649124736 2057.64111 0.4499 0.0166 -5.744 0.76 0.018 0.018 0.876 9253.1 4.2277 14.423576 0.434528 14.584456 14.149927 "" "" 1997.86865 2119.67578 32026.99225 9.55 20028.0 15.609 17346.0 13.501 "" "" 0.0027742754556693157 0.0029156588 0.0038727075 0.0067883665 177.65581231038 -62.59342627467 2057.64111 -5.743999999999999 0.76 0.93
177.7719407663 -62.54720397145 0.0136 0.0135 7.4742 "" "" 5334615227287480064 2121.21167 0.4351 0.0163 -5.655 0.73 0.016 0.018 0.971 8763.7 4.1756 14.424969 0.428479 14.582812 14.154333 "" "" 2060.3584 2186.33057 31985.9591 12.032 20058.0 14.911 17275.0 15.011 "" "" 0.0027854251046889526 0.0029045665 0.0038953577 0.006799924 177.7719407663 -62.54720397145 2121.21167 -5.655000000000001 0.7300000000000001 0.95
178.30826438981 -62.70752442645 0.014 0.0136 11.0651 "" "" 5334598562812303872 2039.18542 0.4528 0.0177 -5.677 0.688 0.017 0.018 0.956 10042.6 4.3512 14.436955 0.50733 14.60743 14.1001 "" "" 1978.76062 2109.46948 31634.7798 11.854 19609.0 23.375 18160.0 57.074 "" "" 0.002785194566593241 0.0030757356 0.005091905 0.008167641 178.30826438981 -62.70752442645 2039.18542 -5.677 0.688 0.93
177.87313000124 -62.70721260373 0.0145 0.0142 3.7782 "" "" 5334603888572690176 2162.57764 0.426 0.0178 -5.586 0.636 0.019 0.02 0.93 9674.5 4.2686 14.465326 0.527351 14.660857 14.133506 "" "" 2100.9729 2243.09961 30818.82454 9.7957 18667.0 20.598 17610.0 12.813 "" "" 0.00277684762434364 0.0030365065 0.0038610613 0.006897568 177.87313000124 -62.70721260373 2162.57764 -5.586000000000001 0.636 0.95
177.78750154393 -62.66141945337 0.0145 0.015 3.9132 "" "" 5334608591498354176 2118.61377 0.4318 0.0193 -5.559 0.708 0.02 0.023 0.963 8553.1 4.0917 14.511072 0.476227 14.682405 14.206179 "" "" 2045.99109 2196.44263 29547.31728 10.621 18300.0 19.343 16470.0 14.693 "" "" 0.0027828231400862397 0.0030169643 0.0039015252 0.0069184895 177.78750154393 -62.66141945337 2118.61377 -5.559 0.708 0.97
177.67627696511 -62.76005107723 0.0146 0.0153 9.5787 "" "" 5333105872692144000 2204.91895 0.4162 0.0191 -5.657 0.787 0.019 0.02 0.927 9252.1 4.3885 14.555563 0.487199 14.737697 14.250498 "" "" 2118.57349 2303.82764 28361.00821 10.771 17392.0 16.485 15811.0 13.635 "" "" 0.0027860036197646892 0.0029739074 0.0038936366 0.006867544 177.67627696511 -62.76005107723 2204.91895 -5.656999999999999 0.7870000000000001 0.95
