Clusters/UBC_280/UBC_280_stars_in_region.tsv
# %ECSV 1.0
# ---
# datatype:
# - name: RA_ICRS_1
#   unit: deg
#   datatype: float64
#   format: '{:15.11f}'
#   description: Right ascension (ICRS) at Ep=2016.0 (ra)
#   meta: !!omap
#   - {ucd: POS_EQ_RA_MAIN}
#   - {width: 15}
#   - {precision: '11'}
# - name: DE_ICRS_1
#   unit: deg
#   datatype: float64
#   format: '{:15.11f}'
#   description: Declination (ICRS) at Ep=2016.0 (dec)
#   meta: !!omap
#   - {ucd: POS_EQ_DEC_MAIN}
#   - {width: 15}
#   - {precision: '11'}
# - name: e_RA_ICRS
#   unit: mas
#   datatype: float64
#   format: '{:7.4f}'
#   description: Standard error of right ascension (ra_error)
#   meta: !!omap
#   - {ucd: ERROR}
#   - {width: 7}
#   - {precision: '4'}
# - name: e_DE_ICRS
#   unit: mas
#   datatype: float64
#   format: '{:7.4f}'
#   description: Standard error of declination (dec_error)
#   meta: !!omap
#   - {ucd: ERROR}
#   - {width: 7}
#   - {precision: '4'}
# - name: _r_1
#   unit: ''
#   datatype: float64
#   format: '{:7.4f}'
#   description: Distance from center (177.92701686000-62.64930273000)[ICRS], at Epoch=J2016.0
#   meta: !!omap
#   - {ucd: POS_ANG_DIST_GENERAL}
#   - {width: 7}
#   - {precision: '4'}
# - name: HIP
#   datatype: int32
#   description: '? HIP cross-id number, van Leeuwen, Cat. I/311 (hip_original_ext_source_id)'
#   meta: !!omap
#   - {ucd: ID_NUMBER}
#   - {width: 6}
#   - values: {'null': -2147483648}
# - name: TYC2
#   datatype: string
#   description: Tycho-2 cross-id name, Hog et al., Cat. I/259 (tyc2_original_ext_source_id)
#   meta: !!omap
#   - {ucd: ID_CROSSID}
#   - {_votable_string_dtype: char}
# - name: Source
#   datatype: int64
#   description: Source identifier, identical to the Gaia-EDR3 source_id (id)
#   meta: !!omap
#   - {ucd: ID_MAIN}
#   - {width: 19}
# - name: rgeo
#   unit: pc
#   datatype: float64
#   format: '{:15.8f}'
#   description: '? Median of the geometric distance posterior (r_med_geo)'
#   meta: !!omap
#   - {ucd: PHYS_DISTANCE_TRUE}
#   - {width: 15}
#   - {precision: '8'}
#   - values: {'null': .nan}
# - name: Plx
#   unit: mas
#   datatype: float64
#   format: '{:9.4f}'
#   description: '? Parallax (parallax)'
#   meta: !!omap
#   - {ucd: POS_PARLX_TRIG}
#   - {width: 9}
#   - {precision: '4'}
#   - values: {'null': .nan}
# - name: e_Plx
#   unit: mas
#   datatype: float32
#   format: '{:7.4f}'
#   description: '? Standard error of parallax (parallax_error)'
#   meta: !!omap
#   - {ucd: ERROR}
#   - {width: 7}
#   - {precision: '4'}
#   - values: {'null': .nan}
# - name: pmRA
#   unit: mas / yr
#   datatype: float64
#   format: '{:9.3f}'
#   description: '? Proper motion in right ascension direction, pmRA*cosDE (pmra)'
#   meta: !!omap
#   - {ucd: POS_EQ_PMRA}
#   - {width: 9}
#   - {precision: '3'}
#   - values: {'null': .nan}
# - name: pmDE
#   unit: mas / yr
#   datatype: float64
#   format: '{:9.3f}'
#   description: '? Proper motion in declination direction (pmdec)'
#   meta: !!omap
#   - {ucd: POS_EQ_PMDEC}
#   - {width: 9}
#   - {precision: '3'}
#   - values: {'null': .nan}
# - name: e_pmRA
#   unit: mas / yr
#   datatype: float32
#   format: '{:6.3f}'
#   description: '? Standard error of proper motion in right ascension direction (pmra_error)'
#   meta: !!omap
#   - {ucd: ERROR}
#   - {width: 6}
#   - {precision: '3'}
#   - values: {'null': .nan}
# - name: e_pmDE
[...]
#         value: !astropy.table.SerializedColumn {name: SkyCoord.dec}
#       distance: !astropy.table.SerializedColumn
#         __class__: astropy.coordinates.distances.Distance
#         unit: !astropy.units.Unit {unit: pc}
#         value: !astropy.table.SerializedColumn {name: SkyCoord.distance}
#       frame: icrs
#       obstime: !astropy.time.Time {format: jyear_str, in_subfmt: '*', jd1: 367701545.0, jd2: 0.0, out_subfmt: '*', precision: 3, scale: tt}
#       pm_dec: !astropy.table.SerializedColumn
#         __class__: astropy.units.quantity.Quantity
#         unit: !astropy.units.Unit {unit: mas / yr}
#         value: !astropy.table.SerializedColumn {name: SkyCoord.pm_dec}
#       pm_ra_cosdec: !astropy.table.SerializedColumn
#         __class__: astropy.units.quantity.Quantity
#         unit: !astropy.units.Unit {unit: mas / yr}
#         value: !astropy.table.SerializedColumn {name: SkyCoord.pm_ra_cosdec}
#       ra: !astropy.table.SerializedColumn
#         __class__: astropy.coordinates.angles.Longitude
#         unit: *id001
#         value: !astropy.table.SerializedColumn {name: SkyCoord.ra}
#         wrap_angle: !astropy.coordinates.Angle
#           unit: *id001
#           value: 360.0
#       representation_type: spherical
# schema: astropy-2.0
RA_ICRS_1 DE_ICRS_1 e_RA_ICRS e_DE_ICRS _r_1 HIP TYC2 Source rgeo Plx e_Plx pmRA pmDE e_pmRA e_pmDE RUWE Teff logg Gmag BP-RP BPmag RPmag RV e_RV b_rgeo B_rgeo FG e_FG FBP e_FBP FRP e_FRP RAVE5 RAVE6 e_Gmag e_BPmag e_RPmag e_BP-RP SkyCoord.ra SkyCoord.dec SkyCoord.distance SkyCoord.pm_ra_cosdec SkyCoord.pm_dec rmRA rmDE e_rmRA e_rmDE rRV e_rRV v_pec v_pec3d e_vpec e_vpec3d
[from data line 3807]
178.16400579388 -62.90792072697 0.0365 0.033 16.8251 "" "" 5333088722847605120 2329.2373 0.4041 0.0434 -9.496 -3.256 0.045 0.044 0.996 5463.9 4.5837 16.616854 1.176531 17.110628 15.934097 "" "" 2066.38452 2616.27734 4248.20652 2.1166 1955.1 6.7204 3353.7 8.3856 "" "" 0.002807920368604459 0.0046597677 0.0046533584 0.009313126 178.16400579388 -62.90792072697 2329.2373 -9.49600000000002 -3.2559999999999993 -3.864587493896485 -3.9791000065803526 0.1322165 0.1312165 "" "" 61.24119275486571 "" 8.065639580804296 ""
177.52801391026 -62.99159933061 0.0659 0.0592 23.2676 "" "" 5333282997131303808 2137.04785 0.5059 0.0779 -6.99 2.083 0.084 0.077 1.875 9321.6 4.3033 16.61744 2.015032 17.575426 15.560394 "" "" 1839.49475 2535.01074 4245.91098 4.2454 1274.2 11.931 4731.5 9.7494 "" "" 0.002961474054764364 0.010542248 0.004391897 0.014934145 177.52801391026 -62.99159933061 2137.04785 -6.99 2.083 -1.3585874938964846 1.3598999934196474 0.17121649 0.16421649 "" "" 19.47174974405003 "" 3.2663787233076222 ""
178.17301134699 -62.66544880659 0.0387 0.0348 6.8481 "" "" 5334610657442794496 2289.07397 0.4196 0.0466 -0.887 3.608 0.046 0.048 0.969 5350.9 4.6579 16.617594 1.037373 17.056946 16.019573 "" "" 2066.64771 2568.29199 4245.30932 2.1413 2054.2 6.9146 3099.8 8.048 "" "" 0.002809216129049006 0.0045980094 0.004714858 0.009312867 178.17301134699 -62.66544880659 2289.07397 -0.887 3.607999999999999 4.744412506103515 2.8848999934196473 0.1332165 0.1352165 "" "" 60.24759392207022 "" 8.05867702117786 ""
178.07417184853 -62.37864819545 0.0375 0.0352 16.7427 "" "" 5334637973438103936 2159.75195 0.4531 0.048 -0.375 -0.973 0.048 0.048 1.0 5597.9 4.6808 16.61771 0.989515 16.974388 15.984873 "" "" 1962.03711 2388.73682 4244.85324 2.3764 2216.5 16.397 3200.4 24.114 "" "" 0.002821567841288241 0.008502779 0.009011506 0.017514285 178.07417184853 -62.37864819545 2159.75195 -0.37500000000000006 -0.9729999999999998 5.256412506103516 -1.6961000065803526 0.1352165 0.1352165 "" "" 56.54306120690073 "" 7.645555080819875 ""
178.38268376281 -62.31105275014 0.0377 0.0375 23.9053 "" "" 5334633437951452160 2440.6333 0.4002 0.0496 -6.287 1.783 0.05 0.052 1.094 5645.0 4.604 16.617779 1.071379 17.074312 16.002934 "" "" 2207.69434 2686.97021 4244.5839 2.1286 2021.6 6.384 3147.6 9.698 "" "" 0.002808602788616951 0.004420478 0.005047211 0.009467689 178.38268376281 -62.31105275014 2440.6333 -6.287 1.7830000000000017 -0.6555874938964843 1.0598999934196471 0.1372165 0.1392165 "" "" 14.41757378013183 "" 1.999226500631941 ""
177.21186278079 -62.72159377533 0.04 0.0367 20.162 "" "" 5333296122551810176 2085.90747 0.475 0.0492 -10.219 -4.152 0.049 0.043 0.936 5461.2 4.67 16.61954 1.140305 17.106781 15.966476 "" "" 1894.84058 2274.06738 4237.70534 2.2861 1962.0 6.991 3255.1 9.1567 "" "" 0.0028168875192872665 0.0047698906 0.0048592105 0.009629101 177.21186278079 -62.72159377533 2085.90747 -10.21900000000001 -4.151999999999998 -4.587587493896484 -4.875100006580353 0.13621649 0.1302165 "" "" 66.18708492500753 "" 8.807386661057697 ""
178.47273316297 -62.82838593674 0.0478 0.0458 18.4496 "" "" 5334588323575426304 2385.16431 0.4127 0.0595 -7.117 1.396 0.057 0.063 1.389 6052.6 4.4929 16.619827 1.260741 17.086086 15.825345 "" "" 2090.19653 2909.49805 4236.58444 3.0043 1999.8 11.188 3707.0 27.342 "" "" 0.002860871022138663 0.006684395 0.008855175 0.01553957 178.47273316297 -62.82838593674 2385.16431 -7.117 1.395999999999998 -1.4855874938964844 0.6728999934196471 0.1442165 0.15021649 "" "" 18.43818825834799 "" 2.678246946410242 ""
178.65926674881 -62.43256065988 0.0378 0.0365 24.0736 "" "" 5334628593228016000 2172.91162 0.4532 0.049 -13.251 -0.364 0.054 0.052 0.992 5544.4 4.6066 16.61988 1.115551 17.040745 15.925194 "" "" 1926.59705 2407.36646 4236.37836 2.1604 2085.1 21.67 3381.3 26.226 "" "" 0.0028104017160221887 0.011623671 0.00923038 0.020854052 178.65926674881 -62.43256065988 2172.91162 -13.251000000000005 -0.36399999999999916 -7.619587493896484 -1.0871000065803527 0.1412165 0.1392165 "" "" 79.27341408259207 "" 11.191573280007807 ""
178.49102748966 -62.9116084637 0.0389 0.0362 22.0744 "" "" 5334586262025209600 2191.36719 0.4308 0.047 -8.515 0.988 0.05 0.051 0.944 5359.2 4.6169 16.62001 1.087946 17.076397 15.988451 "" "" 2033.77893 2389.18701 4235.86696 2.4963 2017.7 11.032 3189.9 9.1926 "" "" 0.0028286389873860914 0.0065593976 0.0049064723 0.01146587 178.49102748966 -62.9116084637 2191.36719 -8.515 0.9880000000000004 -2.883587493896485 0.2648999934196472 0.1372165 0.1382165 "" "" 30.078174477500625 "" 4.127474251672385 ""
177.78211606397 -62.9728553228 0.0405 0.038 19.8154 "" "" 5333096148885796480 2446.30371 0.4022 0.0472 -8.494 0.541 0.049 0.053 1.028 4997.7 4.3995 16.621058 1.484261 17.314428 15.830167 "" "" 2152.73071 2690.65527 4231.78903 2.3469 1620.5 8.6793 3690.6 8.7159 "" "" 0.002820347071875932 0.006449874 0.004567108 0.011016982 177.78211606397 -62.9728553228 2446.30371 -8.493999999999986 0.5409999999999997 -2.862587493896484 -0.18210000658035275 0.13621649 0.1402165 "" "" 33.26016845881895 "" 4.531127501701417 ""
178.13542766687 -62.891108732 0.0406 0.0361 15.5958 "" "" 5333100478213331968 2143.22754 0.4437 0.048 -5.332 -1.24 0.046 0.047 0.927 5504.7 4.583 16.621403 1.162368 17.120766 15.958398 "" "" 1954.30591 2388.89209 4230.44184 2.1461 1936.9 6.2738 3279.4 7.7919 "" "" 0.002809833180023539 0.004489202 0.004575883 0.009065085 178.13542766687 -62.891108732 2143.22754 -5.332000000000004 -1.2399999999999998 0.2994125061035158 -1.9631000065803528 0.1332165 0.13421649 "" "" 20.173560785637395 "" 2.7071675255250423 ""
177.79518139689 -62.25962360946 0.0355 0.0347 23.6652 "" "" 5334643917672545920 2350.01929 0.4053 0.0445 -9.351 1.511 0.045 0.046 0.97 5188.3 4.4749 16.621553 1.069332 17.085867 16.016535 "" "" 2097.21631 2609.8186 4229.85054 2.1202 2000.2 8.0635 3108.5 7.9454 "" "" 0.0028085524683800285 0.0051906644 0.0046888464 0.009879511 177.79518139689 -62.25962360946 2350.01929 -9.351 1.5110000000000001 -3.7195874938964852 0.7878999934196471 0.1322165 0.1332165 "" "" 42.35216383409296 "" 5.601480100922678 ""
178.66499438547 -62.4394143072 0.0369 0.0354 23.9867 "" "" 5334628588898072064 2303.60229 0.4181 0.0474 -7.576 -0.524 0.051 0.048 1.043 5338.1 4.6459 16.621874 1.169821 17.038193 15.868372 "" "" 2073.7373 2572.41626 4228.60488 2.6347 2090.0 22.062 3562.9 59.679 "" "" 0.0028371502888196102 0.011795754 0.018574767 0.03037052 178.66499438547 -62.4394143072 2303.60229 -7.576000000000004 -0.5240000000000002 -1.944587493896484 -1.2471000065803528 0.1382165 0.1352165 "" "" 25.22443118322759 "" 3.4645498771380363 ""
178.0382321944 -62.5927971017 0.0408 0.0376 4.5729 "" "" 5334611447716634368 1821.25305 0.5405 0.0487 -3.765 1.12 0.05 0.051 1.088 5481.2 4.6629 16.622 1.145762 17.087328 15.941566 "" "" 1680.84729 1968.9314 4228.11536 2.1655 1997.5 7.0418 3330.7 8.8199 "" "" 0.002810873890341042 0.004736582 0.004748674 0.009485256 178.0382321944 -62.5927971017 1821.25305 -3.765 1.1199999999999997 1.8664125061035155 0.3968999934196473 0.1372165 0.1382165 "" "" 16.47253651670676 "" 2.261018872143473 ""
177.80230008309 -62.82006490866 0.039 0.0368 10.804 "" "" 5333104425232393472 2141.22729 0.4545 0.0487 -9.02 0.105 0.048 0.052 1.047 4755.7 4.3011 16.6222 1.134307 17.102657 15.96835 "" "" 1934.1499 2373.47705 4227.33583 2.1663 1969.5 10.405 3249.5 7.4897 "" "" 0.0028109348505377728 0.006378631 0.0045327893 0.01091142 177.80230008309 -62.82006490866 2141.22729 -9.02000000000001 0.10500000000000007 -3.388587493896484 -0.6181000065803528 0.1352165 0.1392165 "" "" 34.95965713429478 "" 4.731689921538143 ""
177.51366322172 -62.34243135152 0.0371 0.0367 21.6839 "" "" 5334806675398987264 2663.57227 0.3519 0.0475 -6.13 1.699 0.048 0.046 1.023 5698.2 4.4745 16.622944 1.380021 17.205715 15.825694 "" "" 2346.94849 2905.76733 4224.438 2.3518 1791.1 12.965 3705.8 14.173 "" "" 0.0028208405416833763 0.0083397655 0.00561485 0.013954615 177.51366322172 -62.34243135152 2663.57227 -6.13 1.6990000000000003 -0.49858749389648427 0.9758999934196473 0.1352165 0.1332165 "" "" 13.835949167673636 "" 1.8489385497068347 ""
178.47422860656 -62.56453213693 0.04 0.0364 15.9393 "" "" 5334623851582807680 2702.67456 0.3584 0.0474 -8.042 1.873 0.054 0.051 1.035 5467.9 4.5772 16.623407 1.08605 17.07812 15.992069 "" "" 2413.52051 3140.18652 4222.63856 2.0979 2014.5 10.811 3179.3 6.1783 "" "" 0.0028076254737898453 0.006460303 0.004328441 0.010788744 178.47422860656 -62.56453213693 2702.67456 -8.042000000000003 1.8730000000000007 -2.410587493896484 1.1498999934196472 0.1412165 0.1382165 "" "" 34.214827797272775 "" 4.8128364955224034 ""
178.63693230117 -62.8839063336 0.042 0.0402 24.0431 "" "" 5334587224098034944 2681.03638 0.3608 0.0496 -5.698 1.766 0.049 0.055 1.065 5058.5 4.3757 16.62527 1.07494 17.071339 15.996399 "" "" 2323.62988 3037.96606 4215.3951 2.1995 2027.1 5.6943 3166.6 9.2792 "" "" 0.002812956906982426 0.004133655 0.004940255 0.00907391 178.63693230117 -62.8839063336 2681.03638 -5.697999999999999 1.7659999999999973 -0.06658749389648477 1.0428999934196472 0.13621649 0.1422165 "" "" 13.280277206149275 "" 1.8883578756964483 ""
177.65761657424 -62.39123693131 0.0361 0.0351 17.1867 "" "" 5334618658908302592 2310.51392 0.4202 0.0452 -6.778 1.413 0.046 0.045 0.979 5270.7 4.5746 16.62543 1.168389 17.120192 15.951802 "" "" 2061.56372 2509.84888 4214.78275 2.2084 1937.9 9.0074 3299.4 10.903 "" "" 0.002813436163730162 0.005766494 0.0052111857 0.01097768 177.65761657424 -62.39123693131 2310.51392 -6.777999999999998 1.4130000000000016 -1.146587493896484 0.6898999934196473 0.1332165 0.1322165 "" "" 14.655115262873156 "" 1.9484184710977595 ""
177.36456182699 -62.67875956122 0.0381 0.0358 15.5974 "" "" 5333295018702302208 2453.73901 0.3836 0.0465 -7.215 1.29 0.046 0.042 0.918 4748.8 4.1873 16.62544 1.711284 17.455385 15.744102 "" "" 2231.35938 2742.28882 4214.7395 2.1544 1423.2 5.3429 3995.0 9.5746 "" "" 0.0028106575554589486 0.004939526 0.004588549 0.009528074 177.36456182699 -62.67875956122 2453.73901 -7.215 1.29 -1.5835874938964842 0.5668999934196473 0.1332165 0.12921649 "" "" 19.5628792264174 "" 2.597327970218789 ""
178.62790710089 -62.4939392195 0.0381 0.035 21.4975 "" "" 5334623164388275200 2656.53027 0.3601 0.0456 -3.315 0.007 0.049 0.048 1.039 5158.0 3.8303 16.625605 1.492088 17.23512 15.743032 "" "" 2319.72046 2972.27222 4214.10054 2.6386 1743.3 6.1683 3998.9 13.645 "" "" 0.002837946902365779 0.00474798 0.005292334 0.010040314 178.62790710089 -62.4939392195 2656.53027 -3.315 0.00700000000000001 2.3164125061035157 -0.7161000065803528 0.13621649 0.1352165 "" "" 30.530141287946016 "" 4.15605448669006 ""
177.82857826361 -62.99599663216 0.0378 0.0375 20.9758 "" "" 5333096080166336128 2223.69604 0.4331 0.045 -5.342 1.099 0.047 0.052 0.979 11309.0 4.357 16.62584 1.363357 17.187248 15.823892 "" "" 2051.78442 2466.47754 4213.19207 3.809 1821.9 7.8025 3711.9 14.884 "" "" 0.0029249412398582525 0.0054226946 0.0057651964 0.011187891 177.82857826361 -62.99599663216 2223.69604 -5.342 1.0990000000000004 0.289412506103516 0.3758999934196472 0.13421649 0.1392165 "" "" 5.000383473670033 "" 0.6869373370812759 ""
178.40025329346 -62.60456860356 0.0902 0.0839 13.3282 "" "" 5334600383846742912 1913.87756 0.5755 0.1077 -12.815 4.274 0.109 0.108 2.879 5368.3 4.7217 16.626064 1.235749 17.017395 15.781646 "" "" 1591.88062 2242.39038 4212.31861 4.722 2130.4 14.833 3859.2 60.036 "" "" 0.003012165512897731 0.008057968 0.017308027 0.025365993 178.40025329346 -62.60456860356 1913.87756 -12.814999999999992 4.273999999999998 -7.183587493896484 3.5508999934196472 0.1962165 0.1952165 "" "" 72.69480296334278 "" 14.249674381150164 ""
177.77966585996 -62.7281569496 0.0405 0.0417 6.2322 "" "" 5334606534272483200 2242.30957 0.4449 0.0551 -5.315 1.163 0.053 0.062 0.987 6069.9 4.491 16.626106 1.118993 16.924501 15.805509 "" "" 2027.27771 2490.1626 4212.15502 3.6413 2320.7 44.665 3775.3 45.484 "" "" 0.0029107975797177774 0.021081911 0.013615757 0.034697667 177.77966585996 -62.7281569496 2242.30957 -5.314999999999996 1.1629999999999987 0.31641250610351523 0.43989999341964725 0.1402165 0.1492165 "" "" 5.759347657805407 "" 0.8420746981991616 ""
178.48219483211 -62.45404324976 0.0368 0.0359 19.3135 "" "" 5334626462899888512 2310.50269 0.4249 0.0454 -9.167 -0.756 0.052 0.052 0.975 5443.3 4.6177 16.626171 1.133051 17.072271 15.93922 "" "" 2092.14209 2635.81445 4211.90108 2.6004 2025.4 8.511 3337.9 9.8721 "" "" 0.0028356880685332475 0.0053479536 0.0049593556 0.010307309 178.48219483211 -62.45404324976 2310.50269 -9.167000000000014 -0.7560000000000009 -3.535587493896484 -1.4791000065803528 0.1392165 0.1392165 "" "" 41.97279241466176 "" 5.843305151962583 ""
178.72133175799 -62.60221614183 0.0402 0.0339 22.0948 "" "" 5334620072012274816 1873.27026 0.5126 0.0478 -7.717 2.024 0.048 0.046 1.008 5264.4 4.6727 16.626356 1.025919 17.054134 16.028215 "" "" 1723.31201 2044.75427 4211.18764 2.4834 2059.5 6.869 3075.2 8.0347 "" "" 0.002828734908947612 0.0045714714 0.0047255545 0.009297026 178.72133175799 -62.60221614183 1873.27026 -7.717000000000003 2.024 -2.085587493896484 1.3008999934196472 0.1352165 0.1332165 "" "" 21.825777073973644 "" 2.9390440225515913 ""
178.45690945586 -62.7857023723 0.0374 0.0355 16.7141 "" "" 5334591450345975168 2131.86768 0.4437 0.0469 -9.445 0.845 0.045 0.049 1.001 5397.7 4.5914 16.626734 1.08666 17.095285 16.008625 "" "" 1949.01453 2425.18921 4209.72045 2.0454 1982.9 6.4722 3131.2 9.4872 "" "" 0.0028053662887736804 0.004510424 0.0050105504 0.009520974 178.45690945586 -62.7857023723 2131.86768 -9.444999999999995 0.8449999999999996 -3.8135874938964847 0.12189999341964719 0.1322165 0.13621649 "" "" 38.55618509162963 "" 5.097923573909607 ""
178.7401340491 -62.57799233342 0.0901 0.0708 22.8455 "" "" 5334621583840770560 2021.3811 0.5363 0.0917 -12.914 1.586 0.157 0.13 1.2 "" "" 16.627636 1.288506 16.589937 15.301431 "" "" 1662.64929 2502.18018 4206.22591 11.113 3158.2 207.34 6006.0 389.87 "" "" 0.003977485440714232 0.07133459 0.07058011 0.1419147 178.7401340491 -62.57799233342 2021.3811 -12.914 1.5860000000000016 -7.282587493896484 0.8628999934196473 0.2442165 0.21721649 "" "" 70.26510099906943 "" 17.13506489779552 ""
178.3587555507 -62.60921262459 0.0415 0.0356 12.1499 "" "" 5334600418238665728 1886.68652 0.5176 0.0489 -13.915 1.741 0.051 0.049 0.951 5354.7 4.6549 16.6282 1.03676 17.075417 16.038656 "" "" 1728.76343 2084.73047 4204.03507 2.5382 2019.5 8.3733 3045.8 7.8929 "" "" 0.0028322237985806383 0.005296263 0.0047116843 0.010007948 178.3587555507 -62.60921262459 1886.68652 -13.914999999999996 1.741 -8.283587493896484 1.0178999934196473 0.1382165 0.13621649 "" "" 74.63644384437032 "" 10.313783058160805 ""
178.21714730176 -62.29620072131 0.0361 0.0346 22.6622 "" "" 5334634090785903104 2465.69043 0.3836 0.045 -4.904 1.276 0.047 0.046 1.034 5575.3 4.6317 16.62853 1.046571 17.045341 15.998771 "" "" 2281.13818 2709.94678 4202.76179 2.2414 2076.3 9.4386 3159.7 12.493 "" "" 0.0028155065642243436 0.005669691 0.005719462 0.011389153 178.21714730176 -62.29620072131 2465.69043 -4.904 1.2760000000000007 0.7274125061035157 0.5528999934196472 0.13421649 0.1332165 "" "" 10.678622334864993 "" 1.429346173600973 ""
177.521490631 -62.69415357071 0.0387 0.0345 11.4899 "" "" 5333294056637246208 2389.13452 0.3929 0.0461 -7.557 0.306 0.048 0.046 1.008 5594.2 4.5814 16.628899 1.218175 17.0881 15.869926 "" "" 2138.08984 2758.71191 4201.33441 2.2797 1996.1 21.237 3557.9 32.716 "" "" 0.0028175999247392744 0.011883611 0.010675094 0.022558704 177.521490631 -62.69415357071 2389.13452 -7.556999999999998 0.30599999999999994 -1.9255874938964848 -0.4171000065803528 0.1352165 0.1332165 "" "" 22.31201830403262 "" 3.0149673473617002 ""
