Clusters/UBC_652/UBC_652_stars_in_region.tsv
# %ECSV 1.0
# ---
# datatype:
# - name: RA_ICRS_1
#   unit: deg
#   datatype: float64
#   format: '{:15.11f}'
#   description: Right ascension (ICRS) at Ep=2016.0 (ra)
#   meta: !!omap
#   - {ucd: POS_EQ_RA_MAIN}
#   - {width: 15}
#   - {precision: '11'}
# - name: DE_ICRS_1
#   unit: deg
#   datatype: float64
#   format: '{:15.11f}'
#   description: Declination (ICRS) at Ep=2016.0 (dec)
#   meta: !!omap
#   - {ucd: POS_EQ_DEC_MAIN}
#   - {width: 15}
#   - {precision: '11'}
# - name: e_RA_ICRS
#   unit: mas
#   datatype: float64
#   format: '{:7.4f}'
#   description: Standard error of right ascension (ra_error)
#   meta: !!omap
#   - {ucd: ERROR}
#   - {width: 7}
#   - {precision: '4'}
# - name: e_DE_ICRS
#   unit: mas
#   datatype: float64
#   format: '{:7.4f}'
#   description: Standard error of declination (dec_error)
#   meta: !!omap
#   - {ucd: ERROR}
#   - {width: 7}
#   - {precision: '4'}
# - name: _r_1
#   unit: ''
#   datatype: float64
#   format: '{:7.4f}'
#   description: Distance from center (162.34621272000-54.70410409000)[ICRS], at Epoch=J2016.0
#   meta: !!omap
#   - {ucd: POS_ANG_DIST_GENERAL}
#   - {width: 7}
#   - {precision: '4'}
# - name: HIP
#   datatype: int32
#   description: '? HIP cross-id number, van Leeuwen, Cat. I/311 (hip_original_ext_source_id)'
#   meta: !!omap
#   - {ucd: ID_NUMBER}
#   - {width: 6}
#   - values: {'null': -2147483648}
# - name: TYC2
#   datatype: string
#   description: Tycho-2 cross-id name, Hog et al., Cat. I/259 (tyc2_original_ext_source_id)
#   meta: !!omap
#   - {ucd: ID_CROSSID}
#   - {_votable_string_dtype: char}
# - name: Source
#   datatype: int64
#   description: Source identifier, identical to the Gaia-EDR3 source_id (id)
#   meta: !!omap
#   - {ucd: ID_MAIN}
#   - {width: 19}
# - name: rgeo
#   unit: pc
#   datatype: float64
#   format: '{:15.8f}'
#   description: '? Median of the geometric distance posterior (r_med_geo)'
#   meta: !!omap
#   - {ucd: PHYS_DISTANCE_TRUE}
#   - {width: 15}
#   - {precision: '8'}
#   - values: {'null': .nan}
# - name: Plx
#   unit: mas
#   datatype: float64
#   format: '{:9.4f}'
#   description: '? Parallax (parallax)'
#   meta: !!omap
#   - {ucd: POS_PARLX_TRIG}
#   - {width: 9}
#   - {precision: '4'}
#   - values: {'null': .nan}
# - name: e_Plx
#   unit: mas
#   datatype: float32
#   format: '{:7.4f}'
#   description: '? Standard error of parallax (parallax_error)'
#   meta: !!omap
#   - {ucd: ERROR}
#   - {width: 7}
#   - {precision: '4'}
#   - values: {'null': .nan}
# - name: pmRA
#   unit: mas / yr
#   datatype: float64
#   format: '{:9.3f}'
#   description: '? Proper motion in right ascension direction, pmRA*cosDE (pmra)'
#   meta: !!omap
#   - {ucd: POS_EQ_PMRA}
#   - {width: 9}
#   - {precision: '3'}
#   - values: {'null': .nan}
# - name: pmDE
#   unit: mas / yr
#   datatype: float64
#   format: '{:9.3f}'
#   description: '? Proper motion in declination direction (pmdec)'
#   meta: !!omap
#   - {ucd: POS_EQ_PMDEC}
#   - {width: 9}
#   - {precision: '3'}
#   - values: {'null': .nan}
# - name: e_pmRA
#   unit: mas / yr
#   datatype: float32
#   format: '{:6.3f}'
#   description: '? Standard error of proper motion in right ascension direction (pmra_error)'
#   meta: !!omap
#   - {ucd: ERROR}
#   - {width: 6}
#   - {precision: '3'}
#   - values: {'null': .nan}
# - name: e_pmDE
[...]
#         value: !astropy.table.SerializedColumn {name: SkyCoord.dec}
#       distance: !astropy.table.SerializedColumn
#         __class__: astropy.coordinates.distances.Distance
#         unit: !astropy.units.Unit {unit: pc}
#         value: !astropy.table.SerializedColumn {name: SkyCoord.distance}
#       frame: icrs
#       obstime: !astropy.time.Time {format: jyear_str, in_subfmt: '*', jd1: 367701545.0, jd2: 0.0, out_subfmt: '*', precision: 3, scale: tt}
#       pm_dec: !astropy.table.SerializedColumn
#         __class__: astropy.units.quantity.Quantity
#         unit: !astropy.units.Unit {unit: mas / yr}
#         value: !astropy.table.SerializedColumn {name: SkyCoord.pm_dec}
#       pm_ra_cosdec: !astropy.table.SerializedColumn
#         __class__: astropy.units.quantity.Quantity
#         unit: !astropy.units.Unit {unit: mas / yr}
#         value: !astropy.table.SerializedColumn {name: SkyCoord.pm_ra_cosdec}
#       ra: !astropy.table.SerializedColumn
#         __class__: astropy.coordinates.angles.Longitude
#         unit: *id001
#         value: !astropy.table.SerializedColumn {name: SkyCoord.ra}
#         wrap_angle: !astropy.coordinates.Angle
#           unit: *id001
#           value: 360.0
#       representation_type: spherical
# schema: astropy-2.0
RA_ICRS_1 DE_ICRS_1 e_RA_ICRS e_DE_ICRS _r_1 HIP TYC2 Source rgeo Plx e_Plx pmRA pmDE e_pmRA e_pmDE RUWE Teff logg Gmag BP-RP BPmag RPmag RV e_RV b_rgeo B_rgeo FG e_FG FBP e_FBP FRP e_FRP RAVE5 RAVE6 e_Gmag e_BPmag e_RPmag e_BP-RP SkyCoord.ra SkyCoord.dec SkyCoord.distance SkyCoord.pm_ra_cosdec SkyCoord.pm_dec rmRA rmDE e_rmRA e_rmDE rRV e_rRV v_pec v_pec3d e_vpec e_vpec3d
[from data line 409]
162.6741002967 -54.59128770189 0.0265 0.0264 13.2435 "" "" 5353389044693563008 2540.30688 0.3604 0.0339 -8.894 3.16 0.036 0.033 1.064 5291.8 4.2801 15.908263 1.008317 16.325186 15.316869 "" "" 2362.29468 2768.51611 8159.08351 3.1582 4030.3 9.5361 5921.2 10.318 "" "" 0.002787187029324711 0.0037927055 0.004226489 0.008019194 162.6741002967 -54.59128770189 2540.30688 -8.894 3.16 -1.6868233146667482 -0.6508234405517577 0.10156473 0.09856473 "" "" 21.7704932825261 "" 2.2027607419863333 ""
162.24032147114 -54.66635305212 0.0329 0.0342 4.315 "" "" 5353397321075661696 2623.46606 0.3461 0.0424 -6.83 2.66 0.044 0.044 1.208 6620.4 4.2732 15.90834 0.892325 16.176271 15.283946 "" "" 2344.3645 2941.08081 8158.51464 4.6698 4622.8 15.593 6103.5 15.811 "" "" 0.0028245351605373785 0.0046040392 0.0047110855 0.009315125 162.24032147114 -54.66635305212 2623.46606 -6.829999999999999 2.659999999999999 0.3771766853332519 -1.1508234405517577 0.10956473 0.10956473 "" "" 15.05975991111188 "" 1.650018513991633 ""
162.13398224465 -54.8607644271 0.0241 0.0242 11.928 "" "" 5353018784155998976 2304.91846 0.4048 0.0306 -8.526 2.424 0.032 0.031 0.981 6300.3 4.3266 15.913537 0.934693 16.292076 15.357383 "" "" 2155.87671 2473.60083 8119.55301 2.8957 4155.1 9.4599 5704.3 8.7294 "" "" 0.0027823947282343475 0.0037276393 0.0041284845 0.007856124 162.13398224465 -54.8607644271 2304.91846 -8.526 2.4240000000000004 -1.3188233146667478 -1.3868234405517579 0.09756473 0.096564725 "" "" 20.908704420844856 "" 2.028999371037523 ""
161.92235064269 -54.66903092159 0.0261 0.0259 14.8506 "" "" 5353443333082043264 2853.44946 0.3189 0.031 -8.644 1.784 0.033 0.031 0.938 6560.3 4.2648 15.913607 0.924935 16.289753 15.364818 "" "" 2631.25708 3119.84082 8119.03157 2.599 4164.0 10.242 5665.4 6.5159 "" "" 0.002777154196836952 0.0038622282 0.003980333 0.007842561 161.92235064269 -54.66903092159 2853.44946 -8.644000000000002 1.7839999999999994 -1.4368233146667482 -2.026823440551758 0.09856473 0.096564725 "" "" 33.6030097953239 "" 3.2674971921534954 ""
162.27082255051 -54.68586248044 0.0246 0.0233 2.8341 "" "" 5353393992495140864 2920.10645 0.3071 0.0301 -6.758 1.006 0.032 0.029 0.925 5989.8 4.2275 15.915559 0.955182 16.297783 15.342601 "" "" 2700.65698 3213.67871 8104.44734 2.7223 4133.4 11.221 5782.5 12.729 "" "" 0.0027793517573148413 0.0040586437 0.0044716843 0.008530328 162.27082255051 -54.68586248044 2920.10645 -6.75800000000001 1.006 0.44917668533325195 -2.8048234405517576 0.09756473 0.09456473 "" "" 39.3170880677178 "" 3.721004695730315 ""
162.23373492797 -54.71116571124 0.0248 0.0241 3.922 "" "" 5353396775611076224 2504.10938 0.3672 0.0303 0.285 0.42 0.032 0.03 1.051 5388.2 4.2016 15.91622 1.227782 16.409124 15.181342 "" "" 2306.25073 2713.17773 8099.51334 3.3608 3730.5 12.932 6708.4 16.44 "" "" 0.0027919083130595163 0.00468519 0.004622058 0.0093072485 162.23373492797 -54.71116571124 2504.10938 0.285 0.42 7.492176685333252 -3.390823440551758 0.09756473 0.09556473 "" "" 97.61186238327215 "" 9.490568573070421 ""
162.20370462577 -54.99579534101 0.0263 0.0261 18.1806 "" "" 5353013591517770496 2512.18945 0.3709 0.0336 -7.015 1.59 0.036 0.032 1.003 6062.6 4.216 15.916931 1.143034 16.335777 15.192743 "" "" 2334.18018 2730.12402 8094.20387 3.1683 3991.2 36.97 6638.4 66.043 "" "" 0.0027879031596882257 0.010436913 0.01144369 0.021880604 162.20370462577 -54.99579534101 2512.18945 -7.015000000000002 1.589999999999998 0.19217668533325227 -2.220823440551758 0.10156473 0.09756473 "" "" 26.543899888978505 "" 2.590553547219352 ""
162.1925734573 -54.97075616991 0.1035 0.1121 16.8569 "" "" 5353013797693414016 2684.51196 0.4422 0.1119 -8.006 -0.745 0.131 0.126 3.06 "" "" 15.917826 0.958948 15.771615 14.812667 "" "" 2067.37012 3563.06323 8087.54015 8.2051 6710.7 31.475 9420.9 20.688 "" "" 0.002967344290874261 0.0058066812 0.0044685947 0.010275276 162.1925734573 -54.97075616991 2684.51196 -8.006 -0.7449999999999999 -0.7988233146667483 -4.555823440551758 0.19656473 0.19156474 "" "" 58.855368953175294 "" 11.283501954454998 ""
161.94807858205 -54.79897002298 0.0242 0.0241 14.9151 "" "" 5353066956513237760 2685.7373 0.3496 0.0303 -7.399 2.876 0.032 0.03 1.009 5752.1 4.1831 15.919726 1.076103 16.375626 15.299522 "" "" 2487.88989 2908.68701 8073.39777 2.734 3847.4 8.2637 6016.6 8.4193 "" "" 0.002779743832893203 0.0036363918 0.0040733353 0.007709727 161.94807858205 -54.79897002298 2685.7373 -7.399000000000001 2.875999999999998 -0.19182331466674807 -0.9348234405517579 0.09756473 0.09556473 "" "" 12.148632828475868 "" 1.161972392836467 ""
162.19696815311 -54.75160179842 0.0242 0.0242 5.9043 "" "" 5353395126366418432 2523.86816 0.3719 0.0302 -4.99 2.255 0.031 0.03 1.036 5702.3 4.0705 15.92122 1.080141 16.371609 15.291468 "" "" 2317.82666 2766.57251 8062.29989 2.6225 3861.7 9.0717 6061.4 8.2285 "" "" 0.0027778619019709462 0.003780261 0.0040566176 0.007836878 162.19696815311 -54.75160179842 2523.86816 -4.990000000000002 2.255 2.2171766853332517 -1.555823440551758 0.096564725 0.09556473 "" "" 32.40322637259898 "" 3.1183548226332944 ""
162.46670643826 -54.73711240424 0.0247 0.0251 4.6214 "" "" 5353393064783137920 2823.54736 0.3226 0.0313 -6.187 3.208 0.033 0.033 1.028 6232.8 4.2211 15.927023 1.152507 16.423082 15.270576 "" "" 2574.84302 3089.93994 8019.32245 3.157 3682.9 8.4235 6179.1 7.3041 "" "" 0.0027882759219892243 0.003735206 0.0039913496 0.0077265557 162.46670643826 -54.73711240424 2823.54736 -6.186999999999999 3.2079999999999997 1.0201766853332517 -0.6028234405517576 0.09856473 0.09856473 "" "" 15.859196729720503 "" 1.563157429321366 ""
162.42173183717 -54.83202828255 0.0246 0.0243 8.1083 "" "" 5353390895804340608 2350.91284 0.3956 0.0303 -5.062 2.317 0.033 0.031 0.997 5395.9 4.2199 15.927053 1.092024 16.392405 15.300381 "" "" 2199.18164 2493.0144 8019.09488 2.5732 3788.4 10.336 6011.8 9.107 "" "" 0.0027772592259099177 0.004069391 0.0041217557 0.008191147 162.42173183717 -54.83202828255 2350.91284 -5.062000000000005 2.317000000000002 2.1451766853332517 -1.4938234405517576 0.09856473 0.096564725 "" "" 29.12928622231726 "" 2.8522258542394896 ""
162.56277955173 -54.9241911253 0.0255 0.0266 15.1803 "" "" 5353377637260494720 2272.48193 0.4082 0.0323 -9.965 0.876 0.032 0.032 1.056 6018.2 4.2297 15.928236 1.063403 16.36949 15.306087 "" "" 2108.96387 2438.05542 8010.36353 2.8557 3869.2 9.1724 5980.3 7.3504 "" "" 0.0027823747495179605 0.0037960296 0.0040080626 0.007804092 162.56277955173 -54.9241911253 2272.48193 -9.965 0.8760000000000006 -2.757823314666748 -2.934823440551758 0.09756473 0.09756473 "" "" 43.379829996160424 "" 4.232341273829348 ""
162.4421006234 -54.82355090582 0.0245 0.0242 7.8982 "" "" 5353380626557291264 2432.99707 0.3792 0.0302 -6.121 1.482 0.033 0.03 0.969 6834.6 4.238 15.929093 0.981792 16.335995 15.354202 "" "" 2252.41772 2654.9458 8004.03973 2.7541 3990.4 8.1541 5721.1 8.2236 "" "" 0.002780532070752878 0.0035647366 0.0040889326 0.0076536695 162.4421006234 -54.82355090582 2432.99707 -6.121000000000007 1.4820000000000002 1.0861766853332515 -2.3288234405517576 0.09856473 0.09556473 "" "" 29.6344656718787 "" 2.8480975286830135 ""
162.45168434366 -54.86927033862 0.0266 0.0253 10.5604 "" "" 5353378942930080128 2466.26196 0.3766 0.0315 -13.397 3.407 0.033 0.031 0.99 4934.2 3.5872 15.930799 1.578436 16.670765 15.092329 "" "" 2237.625 2713.95239 7991.47928 2.8308 2931.6 6.4812 7281.6 10.595 "" "" 0.002782032450565801 0.0036805896 0.004096273 0.0077768625 162.45168434366 -54.86927033862 2466.26196 -13.397 3.4070000000000005 -6.189823314666748 -0.4038234405517578 0.09856473 0.096564725 "" "" 72.51336662974472 "" 7.146651893419185 ""
162.64932553231 -54.93503941784 0.0251 0.0256 17.372 "" "" 5353374682323030144 2648.4458 0.3426 0.0308 -7.493 3.441 0.033 0.032 0.983 5942.0 4.179 15.930939 1.100559 16.396624 15.296064 "" "" 2462.25488 2884.96362 7990.44816 2.5671 3773.7 7.3832 6035.8 6.4003 "" "" 0.0027773119659246152 0.0035067655 0.0039508515 0.0074576167 162.64932553231 -54.93503941784 2648.4458 -7.492999999999999 3.441 -0.2858233146667484 -0.369823440551758 0.09856473 0.09756473 "" "" 5.867589384262667 "" 0.5746709652788365 ""
161.98067932342 -54.74068520796 0.0253 0.0249 12.8553 "" "" 5353067609348428032 2698.02759 0.3379 0.0316 -5.776 1.381 0.032 0.029 0.98 5420.0 3.9033 15.934553 1.080675 16.391245 15.31057 "" "" 2471.84619 2964.9248 7963.89262 2.6257 3792.4 12.323 5955.7 10.526 "" "" 0.002778476269333796 0.0044979686 0.0042386255 0.008736594 161.98067932342 -54.74068520796 2698.02759 -5.775999999999994 1.380999999999998 1.4311766853332522 -2.4298234405517576 0.09756473 0.09456473 "" "" 36.063788069726705 "" 3.4385545323066364 ""
162.67056043784 -54.60409448827 0.0281 0.0268 12.7576 "" "" 5353389010333656576 2702.0769 0.3344 0.0354 -6.134 1.619 0.039 0.035 0.968 7283.8 4.448 15.940325 0.773615 16.2453 15.471685 "" "" 2476.94067 2975.0874 7921.67264 3.4291 4338.1 9.1323 5134.3 8.4902 "" "" 0.00279511697825274 0.003606817 0.0041841585 0.0077909753 162.67056043784 -54.60409448827 2702.0769 -6.134000000000001 1.6190000000000007 1.0731766853332516 -2.191823440551758 0.10456473 0.10056473 "" "" 31.256909346562136 "" 3.167904910939008 ""
162.30918913618 -54.70500906774 0.0255 0.0242 1.2847 "" "" 5353393717617645952 2589.00854 0.3584 0.0311 -10.423 4.056 0.032 0.03 0.966 5198.3 3.8411 15.942472 1.252723 16.461071 15.208348 "" "" 2395.88574 2771.66479 7906.01924 2.8984 3556.2 14.393 6543.6 18.199 "" "" 0.002783922381427005 0.005205276 0.0048375563 0.010042832 162.30918913618 -54.70500906774 2589.00854 -10.423 4.056 -3.215823314666748 0.24517655944824224 0.09756473 0.09556473 "" "" 39.578793295992746 "" 3.8610413729142667 ""
162.37858153706 -54.48242668943 0.0273 0.0273 13.3482 "" "" 5353403200905594752 2256.46899 0.4037 0.0349 -7.404 2.515 0.037 0.035 1.038 5480.3 4.3817 15.948836 0.963633 16.34395 15.380318 "" "" 2089.30737 2456.88672 7859.81636 2.993 3961.3 7.5162 5585.1 8.2492 "" "" 0.0027861670547067474 0.003468284 0.004105529 0.0075738127 162.37858153706 -54.48242668943 2256.46899 -7.404000000000001 2.514999999999999 -0.19682331466674796 -1.2958234405517577 0.10256473 0.10056473 "" "" 14.018655835325335 "" 1.4104207793601584 ""
162.45014597505 -55.0035629327 0.0257 0.0256 18.3226 "" "" 5353002600720223616 2403.3689 0.3917 0.0321 -7.792 4.687 0.034 0.03 0.965 6244.3 4.3246 15.950274 0.93044 16.32834 15.397901 "" "" 2205.09155 2597.07178 7849.40824 2.8277 4018.7 9.9691 5495.4 6.7043 "" "" 0.002782943007856638 0.0038780465 0.0040047774 0.007882824 162.45014597505 -55.0035629327 2403.3689 -7.792 4.687 -0.5848233146667479 0.8761765594482425 0.09956473 0.09556473 "" "" 12.000581490968704 "" 1.1618384349665776 ""
162.50180457631 -54.96858529222 0.0263 0.0266 16.7549 "" "" 5353377328022816128 2489.83911 0.3686 0.0354 -2.227 0.346 0.037 0.03 0.911 6178.6 4.3496 15.952243 0.939722 16.334503 15.394781 "" "" 2306.47192 2762.84302 7835.18907 2.6126 3995.9 11.275 5511.2 7.9315 "" "" 0.002779002888028771 0.0041437233 0.004089656 0.00823338 162.50180457631 -54.96858529222 2489.83911 -2.227 0.34599999999999953 4.980176685333252 -3.4648234405517577 0.10256473 0.09556473 "" "" 71.60045601805085 "" 7.18405284726353 ""
162.10860867755 -54.69935408373 0.0247 0.0243 8.2427 "" "" 5353396260237792896 2428.01709 0.3771 0.031 -13.125 7.002 0.033 0.03 0.941 5062.7 4.18 15.954298 1.13325 16.438667 15.305417 "" "" 2266.30542 2607.33789 7820.37738 2.6715 3630.4 7.3804 5984.0 7.5143 "" "" 0.002780171399052068 0.0035576622 0.0040177815 0.007575444 162.10860867755 -54.69935408373 2428.01709 -13.125 7.001999999999999 -5.917823314666748 3.191176559448242 0.09856473 0.09556473 "" "" 77.37838656821742 "" 7.57510513745935 ""
161.94486063341 -54.80762507631 0.0386 0.0399 15.2212 "" "" 5353066922153474816 2907.05981 0.358 0.0496 -4.12 4.617 0.049 0.048 1.82 5674.6 4.3643 15.954412 1.175266 16.444319 15.269053 "" "" 2422.62964 4659.36768 7819.5596 5.4866 3611.5 7.9415 6187.8 7.0223 "" "" 0.002858695540644042 0.0036722058 0.003975166 0.007647372 161.94486063341 -54.80762507631 2907.05981 -4.120000000000001 4.617000000000001 3.087176685333252 0.8061765594482422 0.11456473 0.11356473 "" "" 43.96616450750345 "" 5.034176542808372 ""
162.61179532398 -54.77515079237 0.0296 0.0299 10.1388 "" "" 5353386089755777792 2395.03516 0.3937 0.0372 -3.577 1.539 0.039 0.036 1.166 5686.4 3.8137 15.961535 1.203273 16.378323 15.17505 "" "" 2192.14941 2681.02173 7768.41741 4.4871 3837.8 23.703 6747.4 21.912 "" "" 0.002825788612366997 0.0072630364 0.0051687225 0.012431759 162.61179532398 -54.77515079237 2395.03516 -3.5770000000000004 1.5389999999999975 3.630176685333252 -2.271823440551758 0.10456473 0.10156473 "" "" 48.616352959794774 "" 5.042936411707538 ""
162.4061371196 -54.84762119812 0.0249 0.0242 8.8572 "" "" 5353390758365373568 2283.34546 0.4173 0.0304 -5.469 1.054 0.033 0.031 0.982 5393.8 4.2727 15.966911 1.101479 16.432072 15.330593 "" "" 2137.09521 2429.65405 7730.05133 2.7687 3652.5 9.4403 5846.8 8.4254 "" "" 0.00278262799974056 0.003957253 0.0040904307 0.008047683 162.4061371196 -54.84762119812 2283.34546 -5.469000000000002 1.0539999999999998 1.7381766853332516 -2.7568234405517575 0.09856473 0.096564725 "" "" 35.272763884511576 "" 3.4263194159645924 ""
162.36664915612 -54.49677126115 0.0253 0.026 12.4602 "" "" 5353402788588388096 2927.36377 0.3094 0.033 -3.425 2.49 0.035 0.035 0.945 5625.0 3.8609 15.967239 1.011489 16.372038 15.360549 "" "" 2697.51318 3178.11865 7727.71113 2.8671 3860.1 15.127 5687.7 15.599 "" "" 0.002784610792409313 0.005088057 0.004811503 0.00989956 162.36664915612 -54.49677126115 2927.36377 -3.425 2.4899999999999998 3.782176685333252 -1.3208234405517576 0.10056473 0.10056473 "" "" 55.58849420108159 "" 5.590242085409856 ""
162.41461766674 -54.82557993246 0.0258 0.0258 7.6635 "" "" 5353390900119051392 2738.35669 0.3443 0.0322 -14.777 5.217 0.035 0.032 1.049 5396.1 4.2254 15.967299 1.16547 16.46198 15.296511 "" "" 2532.27832 2949.67188 7727.28596 2.862 3553.2 10.327 6033.3 8.9939 "" "" 0.0027845104212441698 0.0042122104 0.0041113654 0.008323576 162.41461766674 -54.82557993246 2738.35669 -14.776999999999997 5.216999999999999 -7.569823314666747 1.4061765594482418 0.10056473 0.09756473 "" "" 99.93574070333501 "" 10.040155018695083 ""
162.26268283216 -54.89238121532 0.026 0.0259 11.6602 "" "" 5353015829218799616 2596.59106 0.3565 0.0317 -5.623 5.541 0.034 0.033 1.007 6363.2 4.3269 15.971275 0.891532 16.329939 15.438407 "" "" 2388.57666 2827.33838 7699.04068 2.6756 4012.7 7.8921 5294.1 5.9739 "" "" 0.002781035628064663 0.0035135453 0.0039729998 0.007486545 162.26268283216 -54.89238121532 2596.59106 -5.622999999999998 5.541000000000006 1.5841766853332517 1.7301765594482426 0.09956473 0.09856473 "" "" 28.872650577126002 "" 2.859028100386498 ""
162.31771667026 -54.98763918623 0.0271 0.0264 17.0406 "" "" 5353014179951316096 2750.43872 0.342 0.0336 -1.44 0.151 0.036 0.033 1.039 5822.5 4.1992 15.972668 1.076879 16.425766 15.348887 "" "" 2509.99438 2973.45483 7689.17208 2.6835 3673.8 11.173 5749.1 7.3516 "" "" 0.002781253130649544 0.004323 0.004026327 0.008349327 162.31771667026 -54.98763918623 2750.43872 -1.44 0.15100000000000002 5.7671766853332525 -3.659823440551758 0.10156473 0.09856473 "" "" 89.04872607159153 "" 8.968327738478166 ""
162.3893519444 -54.44305615216 0.0262 0.0248 15.7346 "" "" 5353426806046620288 2367.80859 0.3972 0.0332 -8.547 1.369 0.037 0.031 0.987 5824.6 4.3457 15.973352 1.000499 16.383614 15.383115 "" "" 2203.56738 2560.79858 7684.32588 2.9195 3819.2 8.1336 5570.7 9.5518 "" "" 0.002786027287730546 0.0036237475 0.004213015 0.007836763 162.3893519444 -54.44305615216 2367.80859 -8.547 1.369000000000002 -1.3398233146667486 -2.441823440551758 0.10256473 0.096564725 "" "" 31.26003176041867 "" 3.063039606018623 ""
