Clusters/UBC_652/UBC_652_members.tsv
# %ECSV 1.0
# ---
# datatype:
# - name: RA_ICRS_1
#   unit: deg
#   datatype: float64
#   format: '{:15.11f}'
#   description: Right ascension (ICRS) at Ep=2016.0 (ra)
#   meta: !!omap
#   - {ucd: POS_EQ_RA_MAIN}
#   - {width: 15}
#   - {precision: '11'}
# - name: DE_ICRS_1
#   unit: deg
#   datatype: float64
#   format: '{:15.11f}'
#   description: Declination (ICRS) at Ep=2016.0 (dec)
#   meta: !!omap
#   - {ucd: POS_EQ_DEC_MAIN}
#   - {width: 15}
#   - {precision: '11'}
# - name: e_RA_ICRS
#   unit: mas
#   datatype: float64
#   format: '{:7.4f}'
#   description: Standard error of right ascension (ra_error)
#   meta: !!omap
#   - {ucd: ERROR}
#   - {width: 7}
#   - {precision: '4'}
# - name: e_DE_ICRS
#   unit: mas
#   datatype: float64
#   format: '{:7.4f}'
#   description: Standard error of declination (dec_error)
#   meta: !!omap
#   - {ucd: ERROR}
#   - {width: 7}
#   - {precision: '4'}
# - name: _r_1
#   unit: ''
#   datatype: float64
#   format: '{:7.4f}'
#   description: Distance from center (162.34621272000-54.70410409000)[ICRS], at Epoch=J2016.0
#   meta: !!omap
#   - {ucd: POS_ANG_DIST_GENERAL}
#   - {width: 7}
#   - {precision: '4'}
# - name: HIP
#   datatype: int32
#   description: '? HIP cross-id number, van Leeuwen, Cat. I/311 (hip_original_ext_source_id)'
#   meta: !!omap
#   - {ucd: ID_NUMBER}
#   - {width: 6}
#   - values: {'null': -2147483648}
# - name: TYC2
#   datatype: string
#   description: Tycho-2 cross-id name, Hog et al., Cat. I/259 (tyc2_original_ext_source_id)
#   meta: !!omap
#   - {ucd: ID_CROSSID}
#   - {_votable_string_dtype: char}
# - name: Source
#   datatype: int64
#   description: Source identifier, identical to the Gaia-EDR3 source_id (id)
#   meta: !!omap
#   - {ucd: ID_MAIN}
#   - {width: 19}
# - name: rgeo
#   unit: pc
#   datatype: float64
#   format: '{:15.8f}'
#   description: '? Median of the geometric distance posterior (r_med_geo)'
#   meta: !!omap
#   - {ucd: PHYS_DISTANCE_TRUE}
#   - {width: 15}
#   - {precision: '8'}
#   - values: {'null': .nan}
# - name: Plx
#   unit: mas
#   datatype: float64
#   format: '{:9.4f}'
#   description: '? Parallax (parallax)'
#   meta: !!omap
#   - {ucd: POS_PARLX_TRIG}
#   - {width: 9}
#   - {precision: '4'}
#   - values: {'null': .nan}
# - name: e_Plx
#   unit: mas
#   datatype: float32
#   format: '{:7.4f}'
#   description: '? Standard error of parallax (parallax_error)'
#   meta: !!omap
#   - {ucd: ERROR}
#   - {width: 7}
#   - {precision: '4'}
#   - values: {'null': .nan}
# - name: pmRA
#   unit: mas / yr
#   datatype: float64
#   format: '{:9.3f}'
#   description: '? Proper motion in right ascension direction, pmRA*cosDE (pmra)'
#   meta: !!omap
#   - {ucd: POS_EQ_PMRA}
#   - {width: 9}
#   - {precision: '3'}
#   - values: {'null': .nan}
# - name: pmDE
#   unit: mas / yr
#   datatype: float64
#   format: '{:9.3f}'
#   description: '? Proper motion in declination direction (pmdec)'
#   meta: !!omap
#   - {ucd: POS_EQ_PMDEC}
#   - {width: 9}
#   - {precision: '3'}
#   - values: {'null': .nan}
# - name: e_pmRA
#   unit: mas / yr
#   datatype: float32
#   format: '{:6.3f}'
#   description: '? Standard error of proper motion in right ascension direction (pmra_error)'
#   meta: !!omap
#   - {ucd: ERROR}
#   - {width: 6}
#   - {precision: '3'}
#   - values: {'null': .nan}
# - name: e_pmDE
#   unit: mas / yr
#   datatype: float32
#   format: '{:6.3f}'
#   description: '? Standard error of proper motion in declination direction (pmdec_error)'
#   meta: !!omap
#   - {ucd: ERROR}
#   - {width: 6}
#   - {precision: '3'}
#   - values: {'null': .nan}
# - name: RUWE
#   datatype: float64
#   format: '{:7.3f}'
#   description: '? Renormalised unit weight error (ruwe)'
#   meta: !!omap
#   - {ucd: ERROR}
#   - {width: 7}
#   - {precision: '3'}
#   - values: {'null': .nan}
# - name: Teff
#   unit: K
#   datatype: float64
#   format: '{:7.1f}'
#   description: '? Effective temperature from GSP-Phot Aeneas best library using BP/RP spectra (teff_gspphot)'
#   meta: !!omap
#   - {ucd: PHYS_TEMP_EFFEC}
#   - {width: 7}
#   - {precision: '1'}
#   - values: {'null': .nan}
# - name: logg
#   unit: log(cm.s**-2)
#   datatype: float64
#   format: '{:7.4f}'
#   description: '? Surface gravity from GSP-Phot Aeneas best library using BP/RP spectra (logg_gspphot)'
#   meta: !!omap
#   - {ucd: PHYS_GRAVITY_SURFACE}
#   - {width: 7}
#   - {precision: '4'}
#   - values: {'null': .nan}
# - name: Gmag
#   unit: mag
#   datatype: float64
#   format: '{:9.6f}'
#   description: '? G-band mean magnitude (phot_g_mean_mag)'
#   meta: !!omap
#   - {ucd: PHOT_MAG_OPTICAL}
#   - {width: 9}
#   - {precision: '6'}
#   - values: {'null': .nan}
# - name: BP-RP
#   unit: mag
#   datatype: float64
#   format: '{:9.6f}'
#   description: '? BP-RP colour (bp_rp)'
#   meta: !!omap
#   - {ucd: PHOT_CI_B-R}
#   - {width: 9}
#   - {precision: '6'}
#   - values: {'null': .nan}
# - name: BPmag
#   unit: mag
#   datatype: float64
#   format: '{:9.6f}'
#   description: '? Integrated BP mean magnitude (phot_bp_mean_mag)'
#   meta: !!omap
#   - {ucd: PHOT_MAG_B}
#   - {width: 9}
#   - {precision: '6'}
#   - values: {'null': .nan}
# - name: RPmag
#   unit: mag
#   datatype: float64
#   format: '{:9.6f}'
#   description: '? Integrated RP mean magnitude (phot_rp_mean_mag)'
#   meta: !!omap
#   - {ucd: PHOT_MAG_R}
#   - {width: 9}
#   - {precision: '6'}
#   - values: {'null': .nan}
# - name: RV
#   unit: km / s
#   datatype: float64
#   format: '{:7.2f}'
#   description: '? Radial velocity (radial_velocity)'
#   meta: !!omap
#   - {ucd: VELOC_BARYCENTER}
#   - {width: 7}
#   - {precision: '2'}
#   - values: {'null': .nan}
# - name: e_RV
#   unit: km / s
#   datatype: float32
#   format: '{:5.2f}'
#   description: '? Radial velocity error (radial_velocity_error)'
#   meta: !!omap
#   - {ucd: ERROR}
#   - {width: 5}
#   - {precision: '2'}
#   - values: {'null': .nan}
# - name: b_rgeo
#   unit: pc
#   datatype: float64
#   format: '{:14.8f}'
#   description: '? 16th percentile of the geometric distance posterior (r_lo_geo)'
#   meta: !!omap
#   - {ucd: ERROR}
#   - {width: 14}
#   - {precision: '8'}
#   - values: {'null': .nan}
# - name: B_rgeo
#   unit: pc
#   datatype: float64
#   format: '{:14.8f}'
#   description: '? 84th percentile of the geometric distance posterior (r_hi_geo)'
#   meta: !!omap
#   - {ucd: ERROR}
#   - {width: 14}
#   - {precision: '8'}
#   - values: {'null': .nan}
# - name: FG
#   unit: ''
#   datatype: float64
#   format: '{:16.5f}'
#   description: '? G-band mean flux (phot_g_mean_flux)'
#   meta: !!omap
#   - {ucd: PHOT_FLUX_OPTICAL}
#   - {width: 16}
#   - {precision: '5'}
#   - values: {'null': .nan}
# - name: e_FG
#   unit: ''
#   datatype: float32
#   format: '{:11.4g}'
#   description: '? Error on G-band mean flux (phot_g_mean_flux_error)'
#   meta: !!omap
#   - {ucd: ERROR}
#   - {width: 11}
#   - {precision: E4}
#   - values: {'null': .nan}
# - name: FBP
#   unit: ''
#   datatype: float32
#   format: '{:11.4g}'
#   description: '? Integrated BP mean flux (phot_bp_mean_flux)'
#   meta: !!omap
#   - {ucd: PHOT_FLUX_B}
#   - {width: 11}
#   - {precision: E4}
#   - values: {'null': .nan}
# - name: e_FBP
#   unit: ''
#   datatype: float32
#   format: '{:11.4g}'
#   description: '? Error on the integrated BP mean flux (phot_bp_mean_flux_error)'
#   meta: !!omap
#   - {ucd: ERROR}
#   - {width: 11}
#   - {precision: E4}
#   - values: {'null': .nan}
# - name: FRP
#   unit: ''
#   datatype: float32
#   format: '{:11.4g}'
#   description: '? Integrated RP mean flux (phot_rp_mean_flux)'
#   meta: !!omap
#   - {ucd: PHOT_FLUX_R}
#   - {width: 11}
#   - {precision: E4}
#   - values: {'null': .nan}
# - name: e_FRP
#   unit: ''
#   datatype: float32
#   format: '{:11.4g}'
#   description: '? Error on the integrated RP mean flux (phot_rp_mean_flux_error)'
#   meta: !!omap
#   - {ucd: ERROR}
#   - {width: 11}
#   - {precision: E4}
#   - values: {'null': .nan}
# - name: RAVE5
#   datatype: string
#   description: RAVE DR5 cross-id name, Kunder et al., Cat. III/279 (rave5_original_ext_source_id)
#   meta: !!omap
#   - {ucd: ID_CROSSID}
#   - {_votable_string_dtype: char}
# - name: RAVE6
#   datatype: string
#   description: RAVE DR6 cross-id name, Steinmetz et al., Cat. III/283 (rave6_original_ext_source_id)
#   meta: !!omap
#   - {ucd: ID_CROSSID}
#   - {_votable_string_dtype: char}
# - name: e_Gmag
#   unit: ''
#   datatype: float64
#   format: '{:11.4g}'
#   description: '? Error on G-band mean flux (phot_g_mean_flux_error)'
#   meta: !!omap
#   - {ucd: ERROR}
#   - {width: 11}
#   - {precision: E4}
#   - values: {'null': .nan}
# - name: e_BPmag
#   unit: ''
#   datatype: float32
#   format: '{:11.4g}'
#   description: '? Error on the integrated BP mean flux (phot_bp_mean_flux_error)'
#   meta: !!omap
#   - {ucd: ERROR}
#   - {width: 11}
#   - {precision: E4}
#   - values: {'null': .nan}
# - name: e_RPmag
#   unit: ''
#   datatype: float32
#   format: '{:11.4g}'
#   description: '? Error on the integrated RP mean flux (phot_rp_mean_flux_error)'
#   meta: !!omap
#   - {ucd: ERROR}
#   - {width: 11}
#   - {precision: E4}
#   - values: {'null': .nan}
# - name: e_BP-RP
#   unit: ''
#   datatype: float32
#   format: '{:11.4g}'
#   description: '? Error on the integrated BP mean flux (phot_bp_mean_flux_error)'
#   meta: !!omap
#   - {ucd: ERROR}
#   - {width: 11}
#   - {precision: E4}
#   - values: {'null': .nan}
# - name: SkyCoord.ra
#   unit: deg
#   datatype: float64
#   format: '{:15.11f}'
#   description: Right ascension (ICRS) at Ep=2016.0 (ra)
#   meta: !!omap
#   - {ucd: POS_EQ_RA_MAIN}
#   - {width: 15}
#   - {precision: '11'}
# - name: SkyCoord.dec
#   unit: deg
#   datatype: float64
#   format: '{:15.11f}'
#   description: Declination (ICRS) at Ep=2016.0 (dec)
#   meta: !!omap
#   - {ucd: POS_EQ_DEC_MAIN}
#   - {width: 15}
#   - {precision: '11'}
# - name: SkyCoord.distance
#   unit: pc
#   datatype: float64
#   format: '{:15.8f}'
#   description: '? Median of the geometric distance posterior (r_med_geo)'
#   meta: !!omap
#   - {ucd: PHYS_DISTANCE_TRUE}
#   - {width: 15}
#   - {precision: '8'}
#   - values: {'null': .nan}
# - {name: SkyCoord.pm_ra_cosdec, unit: mas / yr, datatype: float64}
# - {name: SkyCoord.pm_dec, unit: mas / yr, datatype: float64}
# - {name: Pmemb, datatype: float64}
# meta: !!omap
# - {ID: I_352_gedr3dis}
# - {name: I/352/gedr3dis}
# - {description: Estimating distances from parallaxes (1467744818 sources)}
# - __serialized_columns__:
#     SkyCoord:
#       __class__: astropy.coordinates.sky_coordinate.SkyCoord
#       dec: !astropy.table.SerializedColumn
#         __class__: astropy.coordinates.angles.Latitude
#         unit: &id001 !astropy.units.Unit {unit: deg}
#         value: !astropy.table.SerializedColumn {name: SkyCoord.dec}
#       distance: !astropy.table.SerializedColumn
#         __class__: astropy.coordinates.distances.Distance
#         unit: !astropy.units.Unit {unit: pc}
#         value: !astropy.table.SerializedColumn {name: SkyCoord.distance}
#       frame: icrs
#       obstime: !astropy.time.Time {format: jyear_str, in_subfmt: '*', jd1: 367701545.0, jd2: 0.0, out_subfmt: '*', precision: 3, scale: tt}
#       pm_dec: !astropy.table.SerializedColumn
#         __class__: astropy.units.quantity.Quantity
#         unit: !astropy.units.Unit {unit: mas / yr}
#         value: !astropy.table.SerializedColumn {name: SkyCoord.pm_dec}
#       pm_ra_cosdec: !astropy.table.SerializedColumn
#         __class__: astropy.units.quantity.Quantity
#         unit: !astropy.units.Unit {unit: mas / yr}
#         value: !astropy.table.SerializedColumn {name: SkyCoord.pm_ra_cosdec}
#       ra: !astropy.table.SerializedColumn
#         __class__: astropy.coordinates.angles.Longitude
#         unit: *id001
#         value: !astropy.table.SerializedColumn {name: SkyCoord.ra}
#         wrap_angle: !astropy.coordinates.Angle
#           unit: *id001
#           value: 360.0
#       representation_type: spherical
# schema: astropy-2.0
RA_ICRS_1 DE_ICRS_1 e_RA_ICRS e_DE_ICRS _r_1 HIP TYC2 Source rgeo Plx e_Plx pmRA pmDE e_pmRA e_pmDE RUWE Teff logg Gmag BP-RP BPmag RPmag RV e_RV b_rgeo B_rgeo FG e_FG FBP e_FBP FRP e_FRP RAVE5 RAVE6 e_Gmag e_BPmag e_RPmag e_BP-RP SkyCoord.ra SkyCoord.dec SkyCoord.distance SkyCoord.pm_ra_cosdec SkyCoord.pm_dec Pmemb
162.2604750089 -54.71440100894 0.0193 0.0196 3.0355 "" 8618-902-1 5353393855056157440 2716.65039 0.362 0.0242 -7.395 3.964 0.025 0.024 0.989 19322.8 3.9832 10.097578 -0.067079 9.976279 10.043358 "" "" 2514.06543 2996.20435 1721534.0891 848.47 1396100.0 14711.0 761750.0 7537.7 "" "" 0.0028068015376861506 0.011775953 0.011388992 0.023164945 162.2604750089 -54.71440100894 2716.65039 -7.394999999999998 3.9639999999999995 0.95
162.11801076367 -54.59952204816 0.0159 0.0158 10.1057 "" "" 5353398699779308544 2393.2251 0.3903 0.0203 -7.227 4.024 0.021 0.018 1.062 "" "" 12.88927 0.140099 12.933031 12.792932 "" "" 2275.35181 2496.39624 131594.80333 36.485 91665.0 62.034 60532.0 39.178 "" "" 0.0027717150546909507 0.002885296 0.0038441566 0.006729453 162.11801076367 -54.59952204816 2393.2251 -7.227 4.024 0.97
162.34026553255 -54.66780411651 0.0133 0.0127 2.1877 "" "" 5353394267373095296 2402.04199 0.3865 0.0167 -7.161 3.706 0.016 0.016 1.079 "" "" 13.005932 0.164655 13.062584 12.897929 "" "" 2325.11694 2502.15137 118188.17347 44.147 81355.0 39.481 54952.0 36.665 "" "" 0.002785007279187341 0.0028394843 0.0038481834 0.0066876677 162.34026553255 -54.66780411651 2402.04199 -7.160999999999998 3.7060000000000004 0.95
162.10176359187 -54.84995387069 0.0111 0.0118 12.1712 "" "" 5353018990314426496 2337.89478 0.3908 0.0144 -7.214 3.751 0.014 0.015 1.045 "" "" 13.253052 0.181505 13.314831 13.133326 "" "" 2266.05127 2409.16016 94129.55994 38.971 64489.0 44.763 44241.0 20.87 "" "" 0.0027917466024188517 0.0028901568 0.003813929 0.0067040855 162.10176359187 -54.84995387069 2337.89478 -7.214 3.7509999999999994 0.91
162.60331570682 -54.68103948359 0.0103 0.0098 9.0225 "" "" 5353387597269652352 2358.12427 0.3906 0.0126 -7.253 3.861 0.013 0.012 0.922 9678.1 4.0428 13.373722 0.470195 13.546066 13.075871 "" "" 2283.04028 2426.16968 84228.26122 48.895 52118.0 87.972 46645.0 53.622 "" "" 0.002826488550039722 0.0033382147 0.003980147 0.0073183617 162.60331570682 -54.68103948359 2358.12427 -7.253 3.861 0.97
162.27247731905 -54.71250831859 0.0094 0.01 2.6053 "" "" 5353393889415903104 2310.17651 0.3951 0.0125 -7.222 3.776 0.012 0.012 0.952 "" "" 13.498757 0.265233 13.596375 13.331142 "" "" 2239.5144 2411.0896 75066.06635 42.218 49758.0 45.302 36872.0 25.211 "" "" 0.0028221726853034776 0.0029600996 0.0038516014 0.0068117008 162.27247731905 -54.71250831859 2310.17651 -7.2219999999999995 3.776 0.98
162.4221519114 -54.66966553524 0.0104 0.0106 3.3476 "" "" 5353399283894926976 2340.04688 0.3894 0.0138 -7.156 3.76 0.013 0.013 0.962 "" "" 13.58156 0.233482 13.665596 13.432114 "" "" 2272.36499 2408.69751 69554.07584 26.336 46685.0 28.017 33598.0 19.225 "" "" 0.00278582048597019 0.0028652411 0.0038301041 0.006695345 162.4221519114 -54.66966553524 2340.04688 -7.156 3.76 0.97
162.49001437012 -54.60799030036 0.0132 0.0131 7.6268 "" "" 5353401242400107136 2467.05933 0.3688 0.0182 -7.124 3.875 0.017 0.015 0.948 9620.6 4.1217 13.975236 0.263865 14.070534 13.806668 "" "" 2362.67432 2669.79761 48400.76945 25.751 32152.0 32.0 23795.0 13.434 "" "" 0.0028152213074427823 0.002992115 0.0038287684 0.0068208836 162.49001437012 -54.60799030036 2467.05933 -7.124 3.875 0.87
162.38463704079 -54.80320488601 0.0116 0.0116 6.0931 "" "" 5353390968838535936 2398.18115 0.3792 0.014 -7.147 3.689 0.016 0.015 0.988 9479.9 4.1291 14.099305 0.297248 14.208959 13.911711 "" "" 2308.83081 2479.31274 43174.24168 19.232 28303.0 18.861 21601.0 11.907 "" "" 0.002797445089760816 0.0028824545 0.003826475 0.0067089293 162.38463704079 -54.80320488601 2398.18115 -7.147 3.689000000000001 0.95
162.4780619942 -54.65497167489 0.0126 0.0123 5.4414 "" "" 5353399524413514880 2363.55859 0.3804 0.0166 -7.187 3.803 0.016 0.015 1.001 9620.3 4.1 14.125924 0.28211 14.229722 13.947612 "" "" 2278.8313 2460.23584 42128.59254 18.865 27767.0 21.217 20898.0 16.114 "" "" 0.0027978863607903046 0.0029108964 0.0038709962 0.006781893 162.4780619942 -54.65497167489 2363.55859 -7.186999999999999 3.802999999999999 0.97
162.42468434514 -54.69241138582 0.0122 0.0123 2.8098 "" "" 5353399249535568768 2369.82812 0.3848 0.016 -7.211 3.788 0.015 0.015 0.943 6123.7 3.3729 14.171306 0.955475 14.561112 13.605638 -10.89 9.81 2289.70679 2456.4209 40403.99547 11.776 20463.0 20.773 28635.0 25.932 "" "" 0.0027734322846899914 0.0029999765 0.0039051892 0.0069051655 162.42468434514 -54.69241138582 2369.82812 -7.210999999999999 3.7879999999999994 0.96
162.14224239861 -54.71576940395 0.0122 0.0126 7.1048 "" "" 5353395504323548288 2373.03613 0.3865 0.0152 -7.218 3.801 0.016 0.015 0.991 7478.0 3.881 14.249167 0.592757 14.469096 13.876339 "" "" 2305.18701 2457.67383 37607.95185 9.516 22273.0 16.942 22316.0 12.083 "" "" 0.0027689824002951383 0.002909829 0.0038248296 0.0067346585 162.14224239861 -54.71576940395 2373.03613 -7.217999999999999 3.8009999999999993 0.96
162.49762286047 -54.72832623271 0.0148 0.0147 5.445 "" "" 5353387223627139072 2278.49854 0.407 0.0188 -7.213 3.805 0.02 0.019 0.923 5953.5 3.8458 14.750135 0.939586 15.131936 14.19235 "" "" 2179.83911 2371.66992 23707.87974 5.2783 12096.0 14.63 16681.0 15.159 "" "" 0.0027659033750096116 0.0030837494 0.0039060528 0.0069898022 162.49762286047 -54.72832623271 2278.49854 -7.213000000000001 3.8050000000000006 0.97
161.95709599223 -54.78379630737 0.016 0.0159 14.2997 "" "" 5353067059592495872 2242.05225 0.412 0.0202 -7.255 3.912 0.021 0.02 0.985 5581.0 4.0675 15.057604 1.060396 15.501247 14.440851 "" "" 2122.10059 2349.63525 17860.97894 6.9269 8608.3 13.85 13268.0 14.614 "" "" 0.0027873091574185413 0.0032918914 0.003964071 0.0072559626 161.95709599223 -54.78379630737 2242.05225 -7.254999999999999 3.912 0.96
162.57618899159 -54.7985296845 0.0192 0.0196 9.7732 "" "" 5353380214218653184 2269.2229 0.4037 0.0236 -7.1 3.665 0.025 0.024 0.985 5523.1 4.0769 15.283507 1.288441 15.837535 14.549094 "" "" 2154.10107 2386.96753 14505.87568 19.666 6315.4 31.803 12009.0 36.646 "" "" 0.003123853285753063 0.006138321 0.005026016 0.011164337 162.57618899159 -54.7985296845 2269.2229 -7.1 3.665 0.91
162.37794869172 -54.72516954629 0.02 0.0201 1.6755 "" "" 5353393270941054592 2539.08984 0.3591 0.0251 -7.27 3.75 0.027 0.025 1.01 5763.2 4.0061 15.457473 1.179284 15.962635 14.783351 "" "" 2383.24634 2684.04053 12358.27255 10.969 5628.1 17.779 9678.7 26.359 "" "" 0.0029189846964676825 0.0044213836 0.0047986424 0.009220026 162.37794869172 -54.72516954629 2539.08984 -7.27 3.75 0.96
162.1779217238 -54.6844150749 0.0328 0.0313 5.9541 "" "" 5353397050511815936 2370.56055 0.4119 0.0398 -7.169 3.854 0.043 0.039 0.984 5731.1 4.4509 16.53835 1.371247 17.157356 15.786109 "" "" 2165.69775 2634.56885 4566.74445 4.783 1872.7 11.149 3843.4 12.576 "" "" 0.002980755082677007 0.0070403516 0.005187001 0.012227353 162.1779217238 -54.6844150749 2370.56055 -7.169 3.8539999999999996 0.88
