Clusters/UBC_652/UBC_652_stars_in_region.tsv
# %ECSV 1.0
# ---
# datatype:
# - name: RA_ICRS_1
#   unit: deg
#   datatype: float64
#   format: '{:15.11f}'
#   description: Right ascension (ICRS) at Ep=2016.0 (ra)
#   meta: !!omap
#   - {ucd: POS_EQ_RA_MAIN}
#   - {width: 15}
#   - {precision: '11'}
# - name: DE_ICRS_1
#   unit: deg
#   datatype: float64
#   format: '{:15.11f}'
#   description: Declination (ICRS) at Ep=2016.0 (dec)
#   meta: !!omap
#   - {ucd: POS_EQ_DEC_MAIN}
#   - {width: 15}
#   - {precision: '11'}
# - name: e_RA_ICRS
#   unit: mas
#   datatype: float64
#   format: '{:7.4f}'
#   description: Standard error of right ascension (ra_error)
#   meta: !!omap
#   - {ucd: ERROR}
#   - {width: 7}
#   - {precision: '4'}
# - name: e_DE_ICRS
#   unit: mas
#   datatype: float64
#   format: '{:7.4f}'
#   description: Standard error of declination (dec_error)
#   meta: !!omap
#   - {ucd: ERROR}
#   - {width: 7}
#   - {precision: '4'}
# - name: _r_1
#   unit: ''
#   datatype: float64
#   format: '{:7.4f}'
#   description: Distance from center (162.34621272000-54.70410409000)[ICRS], at Epoch=J2016.0
#   meta: !!omap
#   - {ucd: POS_ANG_DIST_GENERAL}
#   - {width: 7}
#   - {precision: '4'}
# - name: HIP
#   datatype: int32
#   description: '? HIP cross-id number, van Leeuwen, Cat. I/311 (hip_original_ext_source_id)'
#   meta: !!omap
#   - {ucd: ID_NUMBER}
#   - {width: 6}
#   - values: {'null': -2147483648}
# - name: TYC2
#   datatype: string
#   description: Tycho-2 cross-id name, Hog et al., Cat. I/259 (tyc2_original_ext_source_id)
#   meta: !!omap
#   - {ucd: ID_CROSSID}
#   - {_votable_string_dtype: char}
# - name: Source
#   datatype: int64
#   description: Source identifier, identical to the Gaia-EDR3 source_id (id)
#   meta: !!omap
#   - {ucd: ID_MAIN}
#   - {width: 19}
# - name: rgeo
#   unit: pc
#   datatype: float64
#   format: '{:15.8f}'
#   description: '? Median of the geometric distance posterior (r_med_geo)'
#   meta: !!omap
#   - {ucd: PHYS_DISTANCE_TRUE}
#   - {width: 15}
#   - {precision: '8'}
#   - values: {'null': .nan}
# - name: Plx
#   unit: mas
#   datatype: float64
#   format: '{:9.4f}'
#   description: '? Parallax (parallax)'
#   meta: !!omap
#   - {ucd: POS_PARLX_TRIG}
#   - {width: 9}
#   - {precision: '4'}
#   - values: {'null': .nan}
# - name: e_Plx
#   unit: mas
#   datatype: float32
#   format: '{:7.4f}'
#   description: '? Standard error of parallax (parallax_error)'
#   meta: !!omap
#   - {ucd: ERROR}
#   - {width: 7}
#   - {precision: '4'}
#   - values: {'null': .nan}
# - name: pmRA
#   unit: mas / yr
#   datatype: float64
#   format: '{:9.3f}'
#   description: '? Proper motion in right ascension direction, pmRA*cosDE (pmra)'
#   meta: !!omap
#   - {ucd: POS_EQ_PMRA}
#   - {width: 9}
#   - {precision: '3'}
#   - values: {'null': .nan}
# - name: pmDE
#   unit: mas / yr
#   datatype: float64
#   format: '{:9.3f}'
#   description: '? Proper motion in declination direction (pmdec)'
#   meta: !!omap
#   - {ucd: POS_EQ_PMDEC}
#   - {width: 9}
#   - {precision: '3'}
#   - values: {'null': .nan}
# - name: e_pmRA
#   unit: mas / yr
#   datatype: float32
#   format: '{:6.3f}'
#   description: '? Standard error of proper motion in right ascension direction (pmra_error)'
#   meta: !!omap
#   - {ucd: ERROR}
#   - {width: 6}
#   - {precision: '3'}
#   - values: {'null': .nan}
# - name: e_pmDE
[...]
#         value: !astropy.table.SerializedColumn {name: SkyCoord.dec}
#       distance: !astropy.table.SerializedColumn
#         __class__: astropy.coordinates.distances.Distance
#         unit: !astropy.units.Unit {unit: pc}
#         value: !astropy.table.SerializedColumn {name: SkyCoord.distance}
#       frame: icrs
#       obstime: !astropy.time.Time {format: jyear_str, in_subfmt: '*', jd1: 367701545.0, jd2: 0.0, out_subfmt: '*', precision: 3, scale: tt}
#       pm_dec: !astropy.table.SerializedColumn
#         __class__: astropy.units.quantity.Quantity
#         unit: !astropy.units.Unit {unit: mas / yr}
#         value: !astropy.table.SerializedColumn {name: SkyCoord.pm_dec}
#       pm_ra_cosdec: !astropy.table.SerializedColumn
#         __class__: astropy.units.quantity.Quantity
#         unit: !astropy.units.Unit {unit: mas / yr}
#         value: !astropy.table.SerializedColumn {name: SkyCoord.pm_ra_cosdec}
#       ra: !astropy.table.SerializedColumn
#         __class__: astropy.coordinates.angles.Longitude
#         unit: *id001
#         value: !astropy.table.SerializedColumn {name: SkyCoord.ra}
#         wrap_angle: !astropy.coordinates.Angle
#           unit: *id001
#           value: 360.0
#       representation_type: spherical
# schema: astropy-2.0
RA_ICRS_1 DE_ICRS_1 e_RA_ICRS e_DE_ICRS _r_1 HIP TYC2 Source rgeo Plx e_Plx pmRA pmDE e_pmRA e_pmDE RUWE Teff logg Gmag BP-RP BPmag RPmag RV e_RV b_rgeo B_rgeo FG e_FG FBP e_FBP FRP e_FRP RAVE5 RAVE6 e_Gmag e_BPmag e_RPmag e_BP-RP SkyCoord.ra SkyCoord.dec SkyCoord.distance SkyCoord.pm_ra_cosdec SkyCoord.pm_dec rmRA rmDE e_rmRA e_rmDE rRV e_rRV v_pec v_pec3d e_vpec e_vpec3d
[from data line 441]
162.59707239543 -54.6728255937 0.0271 0.0253 8.9002 "" "" 5353387601584324736 2308.70581 0.4134 0.0338 -7.821 3.287 0.036 0.032 0.986 5994.4 4.3168 15.978693 0.9243 16.341103 15.416802 "" "" 2128.76807 2518.34521 7646.61759 3.0071 3971.7 8.7218 5400.5 9.6796 "" "" 0.002788206837914629 0.0036701162 0.004250968 0.007921084 162.59707239543 -54.6728255937 2308.70581 -7.821 3.287 -0.6138233146667478 -0.5238234405517579 0.10156473 0.09756473 "" "" 8.830680033804152 "" 0.8821737096700911 ""
162.80828783629 -54.7377505961 0.0292 0.0273 16.1393 "" "" 5353384818445980160 2939.71069 0.3126 0.0352 -1.427 -0.045 0.039 0.033 1.027 5497.9 4.2454 15.979066 1.056644 16.422268 15.365623 "" "" 2622.99316 3313.72314 7643.99717 2.866 3685.6 8.5939 5661.2 8.9397 "" "" 0.002785229557582389 0.003767543 0.0041500907 0.007917633 162.80828783629 -54.7377505961 2939.71069 -1.427 -0.04500000000000008 5.780176685333252 -3.8558234405517577 0.10456473 0.09856473 "" "" 96.81814223519993 "" 9.948484264822826 ""
162.21816657435 -54.89041326075 0.028 0.0285 12.0239 "" "" 5353015863578526208 2666.04102 0.3512 0.0349 -3.657 2.858 0.037 0.036 1.063 5918.7 4.2559 15.981082 1.007641 16.387611 15.379971 "" "" 2462.54907 2947.61475 7629.81241 3.0316 3805.2 9.6941 5586.9 12.349 "" "" 0.002788888174270811 0.0039288523 0.004476945 0.008405797 162.21816657435 -54.89041326075 2666.04102 -3.6570000000000005 2.857999999999999 3.550176685333252 -0.9528234405517577 0.10256473 0.10156473 "" "" 46.45141979699351 "" 4.761170352930453 ""
162.80463810225 -54.85104249739 0.0256 0.025 18.149 "" "" 5353381790474938496 2875.01611 0.3228 0.0318 -7.293 3.391 0.033 0.031 0.985 6528.9 4.1198 15.985985 1.098551 16.44822 15.349668 "" "" 2649.49072 3153.02856 7595.44016 2.803 3598.6 7.205 5745.0 6.6492 "" "" 0.0027843008993277234 0.0035370279 0.0039828154 0.007519843 162.80463810225 -54.85104249739 2875.01611 -7.293000000000003 3.391000000000001 -0.0858233146667482 -0.4198234405517578 0.09856473 0.096564725 "" "" 5.839497767884272 "" 0.5643626425351428 ""
162.71002790432 -54.54866633101 0.0261 0.025 15.7057 "" "" 5353412615475203712 3040.65747 0.3013 0.0332 -6.862 2.833 0.034 0.03 0.971 6433.5 4.3652 15.986058 0.926208 16.358152 15.431944 "" "" 2793.82788 3330.54126 7594.92456 2.8607 3909.8 10.812 5325.8 8.817 "" "" 0.002785503862152306 0.0040987507 0.0041850456 0.008283796 162.71002790432 -54.54866633101 3040.65747 -6.86200000000001 2.833 0.34517668533325185 -0.9778234405517576 0.09956473 0.09556473 "" "" 14.94540751099982 "" 1.4350006360518148 ""
162.36362228845 -55.00992341617 0.0298 0.0303 18.359 "" "" 5353002428921486080 2389.30713 0.3923 0.037 -6.388 3.279 0.039 0.039 1.098 5740.7 4.361 15.98791 1.049598 16.425196 15.375598 "" "" 2207.88892 2592.91284 7581.97804 3.1295 3675.7 15.961 5609.4 13.537 "" "" 0.002791526759019036 0.005478362 0.004598809 0.010077171 162.36362228845 -55.00992341617 2389.30713 -6.388000000000001 3.279 0.819176685333252 -0.5318234405517579 0.10456473 0.10456473 "" "" 11.061109657759376 "" 1.1566019045207239 ""
162.10887658559 -54.91105549159 0.0291 0.0276 14.8841 "" "" 5353017134888800640 2363.20679 0.3883 0.0358 -2.492 -3.454 0.041 0.034 1.056 5716.4 4.3903 15.988391 1.073909 16.429115 15.355206 "" "" 2188.61108 2570.2561 7578.62731 2.7797 3662.4 12.213 5715.8 12.416 "" "" 0.0027839495088800965 0.0045709754 0.004454893 0.009025868 162.10887658559 -54.91105549159 2363.20679 -2.492000000000001 -3.4539999999999966 4.715176685333252 -7.264823440551758 0.10656473 0.09956473 "" "" 97.01552644948868 "" 9.865486181043146 ""
162.08290458862 -54.68605398055 0.0247 0.0244 9.1944 "" "" 5353396328957270912 3095.37573 0.3043 0.0313 -7.47 1.568 0.033 0.03 1.006 6431.3 4.2058 15.988398 0.907639 16.35629 15.448652 "" "" 2731.99756 3475.35254 7578.57616 2.7231 3916.5 7.4111 5244.4 8.7008 "" "" 0.0027828015464661337 0.0034649777 0.0041866973 0.007651675 162.08290458862 -54.68605398055 3095.37573 -7.47 1.568 -0.2628233146667478 -2.2428234405517578 0.09856473 0.09556473 "" "" 33.13205738691153 "" 3.167623402759699 ""
162.15179946148 -54.660059118 0.0254 0.0246 7.2429 "" "" 5353397153591042304 2661.30566 0.3422 0.0319 -6.656 0.895 0.033 0.029 0.968 5767.3 4.2763 15.991015 0.958589 16.384224 15.425635 "" "" 2483.26074 2867.37256 7560.33 2.7459 3817.0 9.1428 5356.8 8.5529 "" "" 0.002783395693523978 0.0038142381 0.0041579884 0.0079722265 162.15179946148 -54.660059118 2661.30566 -6.655999999999996 0.8949999999999989 0.5511766853332523 -2.915823440551758 0.09856473 0.09456473 "" "" 37.433294615857314 "" 3.5451403762434754 ""
161.84609607579 -54.72340587819 0.0268 0.0258 17.3725 "" "" 5353068227823615360 2401.521 0.3892 0.034 -5.785 3.19 0.034 0.031 0.984 6235.8 4.1437 15.992648 1.111037 16.45337 15.342332 "" "" 2184.17676 2657.53711 7548.96809 2.9656 3581.5 8.8564 5784.0 8.814 "" "" 0.0027881386250919993 0.003872125 0.004125667 0.007997792 161.84609607579 -54.72340587819 2401.521 -5.785000000000002 3.1900000000000013 1.4221766853332518 -0.6208234405517579 0.09956473 0.096564725 "" "" 17.664189586308435 "" 1.7503562171911915 ""
162.77051896935 -54.83613069968 0.0259 0.0261 16.6861 "" "" 5353382619422635136 2332.35132 0.3986 0.033 -6.764 2.313 0.034 0.032 0.973 6579.5 4.2843 15.994407 1.042259 16.426151 15.383892 "" "" 2145.63257 2605.86084 7536.75169 2.8284 3672.5 10.867 5566.7 6.9048 "" "" 0.0027852845372547622 0.004255183 0.0040121544 0.008267337 162.77051896935 -54.83613069968 2332.35132 -6.764000000000002 2.3130000000000024 0.4431766853332517 -1.4978234405517576 0.09956473 0.09756473 "" "" 17.268578930798828 "" 1.6876105274664446 ""
162.40667134479 -54.58136522573 0.0285 0.0272 7.6577 "" "" 5353400795723496832 2989.58374 0.3185 0.0363 -6.851 1.477 0.04 0.034 1.082 4929.4 4.1455 15.994873 1.318065 16.577028 15.258964 "" "" 2715.49292 3291.83643 7533.51268 11.103 3196.0 17.11 6245.6 24.164 "" "" 0.003186274444515194 0.006447552 0.0056506093 0.0120981615 162.40667134479 -54.58136522573 2989.58374 -6.850999999999999 1.4769999999999972 0.356176685333252 -2.3338234405517575 0.10556473 0.09956473 "" "" 33.454667440720506 "" 3.3356081252570253 ""
162.81536252162 -54.76912832512 0.0479 0.0601 16.7131 "" "" 5353383925092782848 3123.20557 0.3261 0.0624 -10.906 3.741 0.071 0.077 1.376 "" "" 16.002127 2.72901 15.268341 12.539331 "" "" 2569.4458 3744.25659 7483.34964 21.344 10668.0 5374.7 76458.0 1901.1 "" "" 0.004145064316315419 0.54701746 0.027259694 0.57427716 162.81536252162 -54.76912832512 3123.20557 -10.905999999999995 3.7410000000000005 -3.6988233146667486 -0.06982344055175771 0.13656473 0.14256473 "" "" 54.76711513462635 "" 7.4793760046335676 ""
162.47668430826 -54.63679683587 0.0278 0.0257 6.0665 "" "" 5353399730549120384 2402.5813 0.3841 0.0354 -4.704 1.411 0.037 0.032 1.01 5830.4 4.2892 16.004824 1.151694 16.444307 15.292613 "" "" 2216.63257 2643.41699 7464.7836 2.8804 3611.6 20.059 6055.0 40.358 "" "" 0.0027869888108604957 0.006644451 0.008164152 0.014808603 162.47668430826 -54.63679683587 2402.5813 -4.704 1.411 2.503176685333252 -2.399823440551758 0.10256473 0.09756473 "" "" 39.49115252362788 "" 3.9570615179266397 ""
162.57944757302 -54.55764773837 0.0267 0.0255 11.9513 "" "" 5353390109844973440 2252.78564 0.4035 0.0347 -9.975 3.372 0.037 0.032 0.897 5243.8 4.3396 16.00551 1.058245 16.446024 15.387779 "" "" 2071.5166 2481.9502 7460.06497 2.7215 3605.8 11.361 5546.9 9.3487 "" "" 0.002783643997581344 0.00441447 0.0041990746 0.0086135445 162.57944757302 -54.55764773837 2252.78564 -9.97499999999999 3.372 -2.7678233146667477 -0.4388234405517579 0.10256473 0.09756473 "" "" 29.92453421887824 "" 3.0656203443720678 ""
162.13106721537 -54.91526670113 0.0285 0.0281 14.6923 "" "" 5353017066169329152 2303.32764 0.4102 0.0347 -3.736 -0.47 0.041 0.036 0.998 5884.4 4.4427 16.0065 0.909639 16.374155 15.464516 "" "" 2095.31714 2513.99951 7453.2634 2.6429 3852.6 9.1165 5168.3 6.7558 "" "" 0.002782087870917945 0.003792869 0.0040370715 0.00782994 162.13106721537 -54.91526670113 2303.32764 -3.7359999999999993 -0.4700000000000003 3.4711766853332517 -4.280823440551758 0.10656473 0.10156473 "" "" 60.171210781268655 "" 6.232355459057965 ""
162.15003794286 -54.83873242886 0.0261 0.027 10.5522 "" "" 5353019196472877824 2933.76025 0.3161 0.0327 -1.705 1.566 0.034 0.035 1.026 4891.3 4.1051 16.011665 1.430743 16.663324 15.232581 "" "" 2698.00098 3176.75635 7417.89153 2.6311 2951.8 10.174 6399.2 9.5997 "" "" 0.002782102917574391 0.004667895 0.004115407 0.008783301 162.15003794286 -54.83873242886 2933.76025 -1.7050000000000018 1.5660000000000003 5.502176685333252 -2.244823440551758 0.09956473 0.10056473 "" "" 82.63639808553974 "" 8.239513787058353 ""
162.15797898206 -54.47552979256 0.0295 0.0259 15.1957 "" "" 5353405331208946048 2339.52686 0.3955 0.0337 -8.863 4.851 0.041 0.031 1.033 5916.3 4.3496 16.014387 0.959324 16.383142 15.423819 "" "" 2173.40356 2542.69653 7399.3208 2.9377 3820.9 14.954 5365.8 29.286 "" "" 0.002788835595122362 0.0050834524 0.0070284633 0.012111915 162.15797898206 -54.47552979256 2339.52686 -8.863 4.851 -1.6558233146667476 1.0401765594482422 0.10656473 0.096564725 "" "" 21.68449498081219 "" 2.251563057198265 ""
162.06603532553 -54.71606368571 0.0257 0.0259 9.7382 "" "" 5353395882286587776 2650.39673 0.3468 0.0324 -7.65 4.802 0.034 0.031 1.05 6189.8 4.2923 16.01455 0.911205 16.35193 15.440725 "" "" 2449.65967 2876.63062 7398.21911 3.3186 3932.3 8.3353 5282.8 9.085 "" "" 0.002798032090036508 0.0036168573 0.004215456 0.007832313 162.06603532553 -54.71606368571 2650.39673 -7.65 4.802 -0.4428233146667484 0.9911765594482418 0.09956473 0.096564725 "" "" 13.638240505098516 "" 1.3238683857118467 ""
162.30571944642 -54.5910626028 0.0293 0.0269 6.9266 "" "" 5353400589565006336 2856.10278 0.326 0.0359 -8.201 1.427 0.041 0.034 0.999 5205.3 4.2778 16.020973 1.100939 16.478212 15.377274 "" "" 2583.32983 3135.38916 7354.57068 2.9746 3500.5 8.8411 5600.8 10.306 "" "" 0.002790094397986879 0.0039121294 0.0042749457 0.008187075 162.30571944642 -54.5910626028 2856.10278 -8.200999999999999 1.4269999999999996 -0.9938233146667486 -2.3838234405517578 0.10656473 0.09956473 "" "" 34.964298863284455 "" 3.518525639364863 ""
162.47108069326 -54.98604924321 0.0291 0.0287 17.4581 "" "" 5353001982244943616 2574.14087 0.3615 0.0356 -10.912 4.445 0.038 0.033 1.094 5933.5 3.9941 16.022041 1.069705 16.42669 15.356984 "" "" 2357.52148 2803.99146 7347.34403 3.0903 3670.6 16.901 5706.4 24.047 "" "" 0.0027929069641700385 0.005725115 0.0059344275 0.011659542 162.47108069326 -54.98604924321 2574.14087 -10.912000000000003 4.444999999999995 -3.704823314666749 0.6341765594482425 0.103564724 0.09856473 "" "" 45.861620020295845 "" 4.7432716075348 ""
162.64205017029 -54.76422071765 0.0282 0.027 10.8647 "" "" 5353386021036317824 2357.88379 0.3957 0.0341 -1.624 -0.352 0.037 0.033 0.991 6798.7 4.3173 16.02614 0.928487 16.402487 15.474 "" "" 2166.42407 2575.58032 7319.65542 3.0152 3753.4 8.6929 5123.4 8.9406 "" "" 0.0027913834247540294 0.003756078 0.004227705 0.007983783 162.64205017029 -54.76422071765 2357.88379 -1.624 -0.352 5.583176685333251 -4.162823440551758 0.10256473 0.09856473 "" "" 77.83517566256228 "" 7.873317307907841 ""
162.76485451088 -54.63961857267 0.0295 0.0284 15.0315 "" "" 5353385746158516480 2278.5022 0.4115 0.0365 -7.357 3.232 0.041 0.034 1.038 6342.8 4.4519 16.027693 0.957768 16.410189 15.45242 "" "" 2116.44775 2463.73389 7309.20268 2.9241 3726.8 10.38 5226.3 10.666 "" "" 0.0027893467231727667 0.0041145817 0.004381041 0.008495623 162.76485451088 -54.63961857267 2278.5022 -7.357000000000001 3.232 -0.14982331466674825 -0.5788234405517576 0.10656473 0.09956473 "" "" 6.457372738803679 "" 0.6458579605947383 ""
162.10473826471 -54.45740327156 0.0309 0.0282 17.0178 "" "" 5353452335334051328 2527.31201 0.3622 0.0357 -7.449 3.505 0.043 0.036 1.078 5467.9 4.2496 16.02807 1.137188 16.410782 15.273594 "" "" 2339.16748 2758.61279 7306.65357 3.9136 3724.8 25.422 6162.0 61.455 "" "" 0.002816022416883345 0.007918105 0.011468895 0.019387 162.10473826471 -54.45740327156 2527.31201 -7.449 3.5050000000000017 -0.2418233146667479 -0.3058234405517579 0.108564734 0.10156473 "" "" 4.670552643505437 "" 0.4872008304802828 ""
162.43275000448 -54.58230134426 0.0309 0.0269 7.9017 "" "" 5353401517278011264 2962.07495 0.3212 0.0368 -2.841 1.18 0.042 0.035 1.061 6020.6 4.3158 16.030588 0.976553 16.426315 15.449762 "" "" 2660.75049 3324.64722 7289.72923 3.2793 3671.9 9.6742 5239.1 12.626 "" "" 0.0027982752149332837 0.0039959676 0.0045967596 0.008592727 162.43275000448 -54.58230134426 2962.07495 -2.841 1.1799999999999988 4.366176685333252 -2.630823440551758 0.10756473 0.10056473 "" "" 71.57040852725696 "" 7.568249581619523 ""
162.75666451479 -54.88990262685 0.0279 0.0273 18.0507 "" "" 5353375816194220928 2442.17041 0.3812 0.0338 -1.414 2.295 0.036 0.034 1.01 6280.9 4.3482 16.03061 1.12764 16.51494 15.387301 "" "" 2227.23999 2625.62964 7289.58375 2.7107 3384.1 9.828 5549.3 7.5597 "" "" 0.0027847434939234483 0.0042104013 0.0040584966 0.008268898 162.75666451479 -54.88990262685 2442.17041 -1.414 2.295 5.793176685333252 -1.5158234405517579 0.10156473 0.09956473 "" "" 69.31880596130874 "" 7.03154411962661 ""
162.49128390951 -54.85713908502 0.0275 0.0268 10.4647 "" "" 5353378874210627584 2260.20776 0.4236 0.0332 -8.238 -2.312 0.035 0.033 1.043 6590.6 4.3361 16.03286 0.98573 16.43828 15.45255 "" "" 2114.26318 2448.70239 7274.49364 2.8784 3631.7 7.0854 5225.6 6.9795 "" "" 0.0027886112541189475 0.0035031503 0.0040480434 0.0075511937 162.49128390951 -54.85713908502 2260.20776 -8.238000000000005 -2.3120000000000056 -1.0308233146667476 -6.122823440551757 0.10056473 0.09856473 "" "" 66.51930482087967 "" 6.560160367498711 ""
162.22761875339 -54.67385251786 0.0263 0.025 4.4956 "" "" 5353397016152109184 2851.76807 0.3227 0.0322 -4.505 2.693 0.035 0.033 0.986 5947.7 4.2752 16.034828 0.93681 16.41339 15.476579 "" "" 2594.51978 3098.9917 7261.31731 2.6272 3715.9 10.247 5111.2 9.5653 "" "" 0.0027831821583704348 0.0040925904 0.0042909556 0.008383546 162.22761875339 -54.67385251786 2851.76807 -4.504999999999999 2.693 2.702176685333252 -1.1178234405517578 0.10056473 0.09856473 "" "" 39.528315981050156 "" 3.9637010012252567 ""
162.21194101581 -54.74176315174 0.0253 0.026 5.1724 "" "" 5353395259491241472 2679.646 0.3421 0.0325 -2.174 2.475 0.034 0.032 0.973 5268.9 4.1851 16.03737 1.248474 16.57825 15.329777 "" "" 2500.25854 2895.08911 7244.3324 2.5975 3192.4 9.9095 5851.2 7.9826 "" "" 0.0027826860882735316 0.004375324 0.0040592835 0.008434608 162.21194101581 -54.74176315174 2679.646 -2.1740000000000013 2.4749999999999974 5.0331766853332525 -1.3358234405517577 0.09956473 0.09756473 "" "" 66.14224375075642 "" 6.576811642214625 ""
162.66580472269 -54.92694736896 0.0259 0.0275 17.3452 "" "" 5353376159791785856 2351.63623 0.402 0.0334 -7.899 6.709 0.034 0.034 1.0 4910.2 3.6498 16.038073 1.436011 16.696817 15.260806 "" "" 2181.70947 2547.20215 7239.64982 2.7114 2862.1 7.3921 6235.0 5.7255 "" "" 0.0027851639204942266 0.003955822 0.003908678 0.007864499 162.66580472269 -54.92694736896 2351.63623 -7.899 6.709 -0.6918233146667481 2.898176559448242 0.09956473 0.09956473 "" "" 33.212930814184915 "" 3.3068365262567974 ""
162.49355161452 -54.53733407789 0.026 0.0256 11.2393 "" "" 5353402032674165504 2481.84009 0.3769 0.0331 -7.117 3.124 0.035 0.033 1.013 5395.9 4.2151 16.03991 1.1475 16.527126 15.379626 "" "" 2291.3811 2687.72998 7227.41034 2.9581 3346.3 8.2833 5588.7 5.5607 "" "" 0.0027909251039445805 0.0038740395 0.0039307466 0.007804786 162.49355161452 -54.53733407789 2481.84009 -7.116999999999999 3.124000000000002 0.09017668533325196 -0.6868234405517577 0.10056473 0.09856473 "" "" 8.149080925151358 "" 0.8034909020066398 ""
