Clusters/UBC_652/UBC_652_stars_in_region.tsv
# %ECSV 1.0
# ---
# datatype:
# - name: RA_ICRS_1
#   unit: deg
#   datatype: float64
#   format: '{:15.11f}'
#   description: Right ascension (ICRS) at Ep=2016.0 (ra)
#   meta: !!omap
#   - {ucd: POS_EQ_RA_MAIN}
#   - {width: 15}
#   - {precision: '11'}
# - name: DE_ICRS_1
#   unit: deg
#   datatype: float64
#   format: '{:15.11f}'
#   description: Declination (ICRS) at Ep=2016.0 (dec)
#   meta: !!omap
#   - {ucd: POS_EQ_DEC_MAIN}
#   - {width: 15}
#   - {precision: '11'}
# - name: e_RA_ICRS
#   unit: mas
#   datatype: float64
#   format: '{:7.4f}'
#   description: Standard error of right ascension (ra_error)
#   meta: !!omap
#   - {ucd: ERROR}
#   - {width: 7}
#   - {precision: '4'}
# - name: e_DE_ICRS
#   unit: mas
#   datatype: float64
#   format: '{:7.4f}'
#   description: Standard error of declination (dec_error)
#   meta: !!omap
#   - {ucd: ERROR}
#   - {width: 7}
#   - {precision: '4'}
# - name: _r_1
#   unit: ''
#   datatype: float64
#   format: '{:7.4f}'
#   description: Distance from center (162.34621272000-54.70410409000)[ICRS], at Epoch=J2016.0
#   meta: !!omap
#   - {ucd: POS_ANG_DIST_GENERAL}
#   - {width: 7}
#   - {precision: '4'}
# - name: HIP
#   datatype: int32
#   description: '? HIP cross-id number, van Leeuwen, Cat. I/311 (hip_original_ext_source_id)'
#   meta: !!omap
#   - {ucd: ID_NUMBER}
#   - {width: 6}
#   - values: {'null': -2147483648}
# - name: TYC2
#   datatype: string
#   description: Tycho-2 cross-id name, Hog et al., Cat. I/259 (tyc2_original_ext_source_id)
#   meta: !!omap
#   - {ucd: ID_CROSSID}
#   - {_votable_string_dtype: char}
# - name: Source
#   datatype: int64
#   description: Source identifier, identical to the Gaia-EDR3 source_id (id)
#   meta: !!omap
#   - {ucd: ID_MAIN}
#   - {width: 19}
# - name: rgeo
#   unit: pc
#   datatype: float64
#   format: '{:15.8f}'
#   description: '? Median of the geometric distance posterior (r_med_geo)'
#   meta: !!omap
#   - {ucd: PHYS_DISTANCE_TRUE}
#   - {width: 15}
#   - {precision: '8'}
#   - values: {'null': .nan}
# - name: Plx
#   unit: mas
#   datatype: float64
#   format: '{:9.4f}'
#   description: '? Parallax (parallax)'
#   meta: !!omap
#   - {ucd: POS_PARLX_TRIG}
#   - {width: 9}
#   - {precision: '4'}
#   - values: {'null': .nan}
# - name: e_Plx
#   unit: mas
#   datatype: float32
#   format: '{:7.4f}'
#   description: '? Standard error of parallax (parallax_error)'
#   meta: !!omap
#   - {ucd: ERROR}
#   - {width: 7}
#   - {precision: '4'}
#   - values: {'null': .nan}
# - name: pmRA
#   unit: mas / yr
#   datatype: float64
#   format: '{:9.3f}'
#   description: '? Proper motion in right ascension direction, pmRA*cosDE (pmra)'
#   meta: !!omap
#   - {ucd: POS_EQ_PMRA}
#   - {width: 9}
#   - {precision: '3'}
#   - values: {'null': .nan}
# - name: pmDE
#   unit: mas / yr
#   datatype: float64
#   format: '{:9.3f}'
#   description: '? Proper motion in declination direction (pmdec)'
#   meta: !!omap
#   - {ucd: POS_EQ_PMDEC}
#   - {width: 9}
#   - {precision: '3'}
#   - values: {'null': .nan}
# - name: e_pmRA
#   unit: mas / yr
#   datatype: float32
#   format: '{:6.3f}'
#   description: '? Standard error of proper motion in right ascension direction (pmra_error)'
#   meta: !!omap
#   - {ucd: ERROR}
#   - {width: 6}
#   - {precision: '3'}
#   - values: {'null': .nan}
# - name: e_pmDE
[...]
#         value: !astropy.table.SerializedColumn {name: SkyCoord.dec}
#       distance: !astropy.table.SerializedColumn
#         __class__: astropy.coordinates.distances.Distance
#         unit: !astropy.units.Unit {unit: pc}
#         value: !astropy.table.SerializedColumn {name: SkyCoord.distance}
#       frame: icrs
#       obstime: !astropy.time.Time {format: jyear_str, in_subfmt: '*', jd1: 367701545.0, jd2: 0.0, out_subfmt: '*', precision: 3, scale: tt}
#       pm_dec: !astropy.table.SerializedColumn
#         __class__: astropy.units.quantity.Quantity
#         unit: !astropy.units.Unit {unit: mas / yr}
#         value: !astropy.table.SerializedColumn {name: SkyCoord.pm_dec}
#       pm_ra_cosdec: !astropy.table.SerializedColumn
#         __class__: astropy.units.quantity.Quantity
#         unit: !astropy.units.Unit {unit: mas / yr}
#         value: !astropy.table.SerializedColumn {name: SkyCoord.pm_ra_cosdec}
#       ra: !astropy.table.SerializedColumn
#         __class__: astropy.coordinates.angles.Longitude
#         unit: *id001
#         value: !astropy.table.SerializedColumn {name: SkyCoord.ra}
#         wrap_angle: !astropy.coordinates.Angle
#           unit: *id001
#           value: 360.0
#       representation_type: spherical
# schema: astropy-2.0
RA_ICRS_1 DE_ICRS_1 e_RA_ICRS e_DE_ICRS _r_1 HIP TYC2 Source rgeo Plx e_Plx pmRA pmDE e_pmRA e_pmDE RUWE Teff logg Gmag BP-RP BPmag RPmag RV e_RV b_rgeo B_rgeo FG e_FG FBP e_FBP FRP e_FRP RAVE5 RAVE6 e_Gmag e_BPmag e_RPmag e_BP-RP SkyCoord.ra SkyCoord.dec SkyCoord.distance SkyCoord.pm_ra_cosdec SkyCoord.pm_dec rmRA rmDE e_rmRA e_rmDE rRV e_rRV v_pec v_pec3d e_vpec e_vpec3d
[from data line 981]
162.53817055988 -54.93756924882 0.0391 0.041 15.5001 "" "" 5353377431102051456 2315.11694 0.4231 0.0496 -8.588 4.237 0.05 0.049 0.952 5377.1 4.6282 16.832281 1.072214 17.29186 16.219646 "" "" 2102.99707 2690.42822 3483.65027 1.8836 1654.5 7.8754 2578.1 6.946 "" "" 0.0028171656670571907 0.005873177 0.004779191 0.010652369 162.53817055988 -54.93756924882 2315.11694 -8.588000000000003 4.237 -1.3808233146667472 0.4261765594482423 0.115564734 0.11456473 "" "" 15.857972677605252 "" 1.8312486183919103 ""
162.32848031211 -54.55632700827 0.0429 0.0398 8.888 "" "" 5353401104961127808 2500.38623 0.3875 0.0511 -6.604 0.175 0.061 0.052 1.023 5329.7 4.6651 16.832838 1.049805 17.272429 16.222624 "" "" 2177.8042 2881.14111 3481.86025 2.0374 1684.4 9.0017 2571.0 8.2193 "" "" 0.002827616457889368 0.0064383433 0.0051314426 0.011569786 162.32848031211 -54.55632700827 2500.38623 -6.604 0.17500000000000054 0.6031766853332519 -3.635823440551758 0.12656473 0.11756473 "" "" 43.68012146228822 "" 5.146162892607956 ""
161.97614002072 -54.51129969628 0.0426 0.0418 17.2976 "" "" 5353446837775707392 2491.77271 0.4044 0.0535 -7.18 6.915 0.061 0.053 1.009 5344.9 4.6636 16.833357 1.07168 17.284985 16.213305 "" "" 2166.51196 2872.45703 3480.19926 2.1028 1665.0 5.8894 2593.2 7.9422 "" "" 0.002832340678686092 0.004747003 0.00503401 0.009781012 161.97614002072 -54.51129969628 2491.77271 -7.179999999999999 6.915000000000001 0.027176685333252237 3.1041765594482422 0.12656473 0.118564725 "" "" 36.66484261587152 "" 4.347180217966351 ""
162.00616723402 -54.49725505077 0.0467 0.0436 17.138 "" "" 5353446219300473728 2413.72583 0.404 0.0629 -5.32 2.283 0.074 0.052 1.023 5238.6 4.48 16.836119 1.073816 17.293009 16.219193 "" "" 2115.25366 2755.51855 3471.35973 2.2112 1652.8 6.8995 2579.2 6.8953 "" "" 0.0028407912485748773 0.005322318 0.004765398 0.010087715 162.00616723402 -54.49725505077 2413.72583 -5.320000000000001 2.2829999999999973 1.8871766853332517 -1.527823440551758 0.13956472 0.11756473 "" "" 27.780064042466588 "" 3.647410031141042 ""
162.22217894928 -54.94405272766 0.0423 0.042 15.0217 "" "" 5353015245103204864 2474.83691 0.4047 0.0555 -6.382 2.754 0.062 0.054 0.997 5191.9 4.3902 16.837181 0.975395 17.21525 16.239855 "" "" 2163.51025 2983.31494 3467.95903 1.9448 1775.5 8.67 2530.6 10.119 "" "" 0.0028217925634215295 0.0059911646 0.00575606 0.011747224 162.22217894928 -54.94405272766 2474.83691 -6.382000000000001 2.7539999999999996 0.8251766853332523 -1.0568234405517578 0.12756473 0.11956473 "" "" 15.728767391099192 "" 1.9292299338571826 ""
161.88599119827 -54.73235627942 0.0414 0.0399 16.0392 "" "" 5353067437549657216 2966.0 0.3118 0.0522 -9.158 3.253 0.052 0.046 1.024 5679.7 4.6063 16.838463 1.086226 17.289736 16.20351 "" "" 2534.56982 3509.63867 3463.86933 2.0457 1657.8 7.3082 2616.7 6.6909 "" "" 0.0028289482405413017 0.0055402163 0.0046894737 0.01022969 161.88599119827 -54.73235627942 2966.0 -9.158000000000001 3.2530000000000054 -1.9508233146667475 -0.5578234405517577 0.11756473 0.111564726 "" "" 28.52551660968054 "" 3.3409646779309425 ""
162.39775923459 -54.72261415684 0.0388 0.0399 2.1037 "" "" 5353393236581325696 2957.97705 0.3174 0.0494 -3.177 2.085 0.05 0.047 1.019 6120.7 4.4738 16.840786 0.997889 17.250065 16.252176 "" "" 2626.35352 3346.54199 3456.46562 1.8745 1719.5 7.7356 2502.0 6.2645 "" "" 0.0028175326735756286 0.0056252065 0.0046555093 0.010280715 162.39775923459 -54.72261415684 2957.97705 -3.1769999999999987 2.085 4.030176685333252 -1.7258234405517578 0.115564734 0.11256473 "" "" 61.469370582964906 "" 7.07543007579731 ""
162.38360309187 -54.87765306228 0.04 0.0382 10.493 "" "" 5353390316003451520 2505.98999 0.3783 0.0479 -2.321 -1.125 0.052 0.048 0.897 5698.3 4.5808 16.840849 1.256346 17.384817 16.128471 "" "" 2218.74292 2905.65503 3456.26571 1.8561 1518.8 6.9508 2803.9 8.548 "" "" 0.0028163374600850225 0.005698668 0.005023917 0.010722585 162.38360309187 -54.87765306228 2505.98999 -2.321 -1.1250000000000002 4.886176685333252 -4.935823440551758 0.11756473 0.11356473 "" "" 82.49890021167431 "" 9.533722910115781 ""
161.89138234138 -54.84291693429 0.0396 0.0385 17.8086 "" "" 5353065341595825152 2856.08789 0.3337 0.0511 -4.806 2.236 0.051 0.045 0.99 5507.2 4.6842 16.841402 0.954258 17.18502 16.230762 "" "" 2532.56592 3202.91699 3454.50753 1.9582 1825.6 12.485 2551.8 19.067 "" "" 0.002823220212550607 0.007932112 0.008949748 0.01688186 161.89138234138 -54.84291693429 2856.08789 -4.806 2.236 2.401176685333252 -1.5748234405517576 0.11656473 0.11056473 "" "" 38.87444103889763 "" 4.462517126044778 ""
162.442540538 -54.48724072503 0.0418 0.0415 13.4357 "" "" 5353402960387127296 2338.09814 0.4023 0.0525 -7.951 4.144 0.058 0.053 0.99 5692.7 4.6256 16.842564 1.115616 17.316217 16.200602 "" "" 2117.74878 2605.25342 3450.81296 2.1751 1617.8 7.2834 2623.7 8.045 "" "" 0.0028390372799940657 0.0056283087 0.0050365776 0.010664886 162.442540538 -54.48724072503 2338.09814 -7.9509999999999925 4.143999999999997 -0.7438233146667477 0.3331765594482423 0.12356473 0.118564725 "" "" 9.032679123260657 "" 1.108701394227875 ""
161.94113079955 -54.65302860931 0.0429 0.0414 14.3825 "" "" 5353443436161306624 3099.25049 0.3196 0.0522 -7.41 2.921 0.054 0.049 1.054 4757.6 4.3286 16.843204 1.373592 17.459288 16.085695 "" "" 2680.81201 3552.64062 3448.7759 1.968 1418.1 7.7961 2916.6 7.4651 "" "" 0.0028241185978260808 0.0065888474 0.004691095 0.0112799425 161.94113079955 -54.65302860931 3099.25049 -7.410000000000001 2.921 -0.2028233146667482 -0.889823440551758 0.11956473 0.11456473 "" "" 13.407180651254285 "" 1.5393694229275676 ""
162.11675836659 -54.74228822606 0.0383 0.0379 8.2745 "" "" 5353395057646915584 2664.51587 0.3691 0.0485 -3.855 -0.065 0.049 0.044 0.973 5841.1 4.5177 16.84759 1.009937 17.26178 16.251842 "" "" 2331.92065 3092.19189 3434.87213 2.0763 1701.0 6.94 2502.8 9.3063 "" "" 0.002832405675339748 0.0052352417 0.005530129 0.010765371 162.11675836659 -54.74228822606 2664.51587 -3.855 -0.06499999999999995 3.352176685333252 -3.8758234405517578 0.11456473 0.10956473 "" "" 64.71970623637807 "" 7.231247828213941 ""
162.48830757056 -54.80876904775 0.0408 0.0387 7.9775 "" "" 5353380695277326720 3127.60547 0.312 0.0511 -9.402 4.414 0.057 0.051 0.998 6037.2 4.4842 16.84814 1.065079 17.28742 16.222342 "" "" 2631.07446 3594.95386 3433.13325 1.8229 1661.3 9.7794 2571.7 6.616 "" "" 0.0028149844280336064 0.006973781 0.004699532 0.011673313 162.48830757056 -54.80876904775 3127.60547 -9.402 4.414 -2.1948233146667473 0.6031765594482419 0.12256473 0.11656473 "" "" 33.74427424717227 "" 4.121965201535935 ""
162.43868988579 -54.77661828958 0.0383 0.0384 5.4028 "" "" 5353392549387060096 2656.18677 0.3578 0.0471 -7.553 2.41 0.052 0.049 0.98 5349.1 4.6207 16.851076 1.069889 17.305042 16.235153 "" "" 2358.05884 3050.19067 3423.86043 1.9138 1634.6 5.9191 2541.5 6.8909 "" "" 0.0028213642213599883 0.004821044 0.0047905906 0.009611635 162.43868988579 -54.77661828958 2656.18677 -7.553 2.41 -0.345823314666748 -1.4008234405517577 0.11756473 0.11456473 "" "" 18.16631713275765 "" 2.084388490507638 ""
162.25444969843 -54.82741898843 0.0405 0.0408 8.0519 "" "" 5353391381155332224 2903.92432 0.3432 0.051 -8.646 2.569 0.051 0.048 1.033 5492.3 4.6231 16.852505 1.000027 17.268818 16.268791 "" "" 2537.78027 3663.9751 3419.35997 2.0288 1690.0 7.8978 2464.0 8.1382 "" "" 0.002829625284432359 0.005790486 0.0052099153 0.011000401 162.25444969843 -54.82741898843 2903.92432 -8.646 2.569 -1.4388233146667488 -1.2418234405517579 0.11656473 0.11356473 "" "" 26.16120986495986 "" 3.016219102927985 ""
162.58409821808 -54.49572263486 0.0436 0.0416 14.9895 "" "" 5353413779390651136 3053.26929 0.3236 0.0539 -10.377 3.886 0.057 0.052 1.06 4683.4 4.1392 16.853382 1.602636 17.61112 16.008484 "" "" 2628.34546 3630.72949 3416.59864 2.2077 1233.0 5.1492 3131.6 7.8112 "" "" 0.0028432355714152822 0.0053239125 0.004649506 0.009973418 162.58409821808 -54.49572263486 3053.26929 -10.376999999999999 3.8859999999999997 -3.1698233146667487 0.07517655944824231 0.12256473 0.11756473 "" "" 45.88815639781293 "" 5.62414328777748 ""
162.08999759968 -54.70481398052 0.0398 0.0375 8.8825 "" "" 5353396294597519232 3140.8999 0.3235 0.0501 -7.061 2.89 0.053 0.045 0.998 5654.3 4.6247 16.853582 0.912565 17.217772 16.305206 "" "" 2690.02417 3764.25659 3415.96706 1.7806 1771.4 6.6986 2382.7 6.7764 "" "" 0.002812843261667379 0.0049640876 0.004880415 0.009844502 162.08999759968 -54.70481398052 3140.8999 -7.061 2.89 0.146176685333252 -0.9208234405517577 0.118564725 0.11056473 "" "" 13.88075658891438 "" 1.537547859803621 ""
162.36322068372 -54.82469875335 0.04 0.0388 7.2596 "" "" 5353391037557988480 2252.53369 0.4386 0.0482 -5.98 3.366 0.053 0.049 1.038 5228.1 4.6901 16.857979 1.027569 17.288036 16.260468 "" "" 1986.42297 2545.75928 3402.16119 1.9202 1660.4 10.76 2483.0 7.8811 "" "" 0.002822642069676418 0.007569008 0.0051146545 0.012683663 162.36322068372 -54.82469875335 2252.53369 -5.98 3.366 1.2271766853332515 -0.4448234405517577 0.118564725 0.11456473 "" "" 13.93679244486686 "" 1.6460348876188295 ""
162.01187109107 -54.51186647706 0.0517 0.0488 16.3715 "" "" 5353446184927549696 3027.85303 0.3332 0.0636 -7.613 5.951 0.074 0.057 1.128 "" "" 16.8581 1.133206 17.035784 15.902577 "" "" 2537.84058 4750.6875 3401.78394 3.8989 2094.6 20.861 3452.4 28.21 "" "" 0.0030232959504177754 0.011167477 0.009643163 0.02081064 162.01187109107 -54.51186647706 3027.85303 -7.6129999999999995 5.951000000000002 -0.4058233146667485 2.140176559448242 0.13956472 0.12256473 "" "" 31.263201511771122 "" 3.8514412844167816 ""
161.90595180977 -54.5500125691 0.0621 0.0674 17.8695 "" "" 5353446528524399488 3047.41138 0.3451 0.0751 -8.974 3.118 0.093 0.086 1.448 "" "" 16.858147 1.175136 17.00792 15.832784 "" "" 2495.75806 3801.03003 3401.64078 3.7315 2149.1 16.418 3681.7 23.209 "" "" 0.0030017194500158106 0.0087511735 0.007818497 0.01656967 161.90595180977 -54.5500125691 3047.41138 -8.973999999999997 3.1179999999999994 -1.7668233146667482 -0.6928234405517579 0.15856473 0.15156473 "" "" 27.41330021758606 "" 4.321700602497911 ""
162.04334030355 -54.60272692725 0.0446 0.0431 12.1459 "" "" 5353445188508160256 2919.38623 0.3402 0.0569 -9.03 2.869 0.056 0.047 1.047 5170.0 4.6053 16.858223 1.2006 17.373652 16.173052 "" "" 2532.00659 3516.28174 3401.39697 2.1456 1534.5 8.5389 2691.1 7.3982 "" "" 0.0028391640916066484 0.0066548646 0.0048159086 0.011470773 162.04334030355 -54.60272692725 2919.38623 -9.029999999999998 2.8690000000000055 -1.8228233146667474 -0.9418234405517576 0.12156473 0.11256473 "" "" 28.392021013344102 "" 3.399223596781368 ""
162.2929711689 -54.9197221799 0.045 0.0429 13.0674 "" "" 5353014970225331712 2464.7373 0.3945 0.0537 -4.942 2.781 0.058 0.053 1.114 5121.0 4.5727 16.858812 1.168873 17.367676 16.198803 "" "" 2119.49438 2770.19702 3399.55355 1.8121 1542.9 5.4034 2628.1 7.5118 "" "" 0.0028154450921054103 0.00471625 0.0048902268 0.009606477 162.2929711689 -54.9197221799 2464.7373 -4.942 2.781 2.265176685333252 -1.0298234405517577 0.12356473 0.118564725 "" "" 29.07027117139123 "" 3.5675836030283503 ""
162.00943242193 -54.5044645947 0.1014 0.0974 16.7472 "" "" 5353446214983705856 3202.56079 0.3503 0.1291 -7.523 3.155 0.142 0.112 2.612 5144.8 4.6718 16.859915 1.06382 17.233156 16.169336 "" "" 2355.646 5235.5415 3396.10033 4.0707 1746.4 10.13 2700.4 7.4022 "" "" 0.0030472032663833807 0.006888218 0.0048105395 0.011698758 162.00943242193 -54.5044645947 3202.56079 -7.5229999999999935 3.155000000000002 -0.31582331466674773 -0.655823440551758 0.20756474 0.17756474 "" "" 11.049730386924137 "" 2.0285891578898365 ""
162.51523594981 -54.67229901875 0.0417 0.0384 6.1648 "" "" 5353387773382993152 3126.94189 0.3035 0.0506 -3.459 3.494 0.055 0.05 0.979 "" "" 16.86062 1.258144 17.414438 16.156294 "" "" 2682.65771 3873.02148 3393.89654 1.7991 1477.9 6.2196 2733.0 6.0931 "" "" 0.00281479023654747 0.0053537637 0.004488099 0.009841863 162.51523594981 -54.67229901875 3126.94189 -3.458999999999997 3.493999999999997 3.748176685333252 -0.3168234405517576 0.12056473 0.115564734 "" "" 55.75247866817631 "" 6.719845617743434 ""
161.93759374982 -54.86494919785 0.0418 0.039 17.1177 "" "" 5353018333162099968 3188.13696 0.304 0.052 -7.844 2.092 0.054 0.046 1.074 5131.2 4.3948 16.860962 0.984159 17.276064 16.291904 "" "" 2748.89062 3850.22266 3392.83173 1.7829 1678.8 5.0894 2412.1 7.9048 "" "" 0.0028137714154753625 0.004314965 0.0051907515 0.009505717 161.93759374982 -54.86494919785 3188.13696 -7.844 2.0920000000000005 -0.6368233146667484 -1.7188234405517577 0.11956473 0.111564726 "" "" 27.699909835190095 "" 3.117916048207853 ""
162.68612027151 -54.64567443892 0.0434 0.0395 12.3025 "" "" 5353388804175207424 2640.33032 0.3756 0.0526 -6.8 3.54 0.06 0.049 1.014 5296.0 4.6609 16.861046 1.067484 17.313942 16.246458 "" "" 2235.42944 3028.94507 3392.5668 1.942 1621.2 8.8642 2515.2 6.6493 "" "" 0.002824545768589506 0.006559463 0.0047457735 0.011305237 162.68612027151 -54.64567443892 2640.33032 -6.799999999999999 3.539999999999999 0.40717668533325213 -0.2708234405517578 0.12556472 0.11456473 "" "" 6.120135994317799 "" 0.7484692999189679 ""
162.2104214299 -54.76049771222 0.04 0.0391 5.7948 "" "" 5353395126366416000 2964.23315 0.3313 0.0497 -5.868 1.663 0.052 0.05 1.064 4932.6 4.3617 16.861097 1.251612 17.353168 16.101557 "" "" 2563.19995 3500.36377 3392.40639 2.246 1563.7 5.1011 2874.3 10.152 "" "" 0.0028475438389513894 0.004508882 0.005384189 0.009893071 162.2104214299 -54.76049771222 2964.23315 -5.868 1.6630000000000011 1.3391766853332516 -2.1478234405517576 0.11756473 0.115564734 "" "" 35.56333356627448 "" 4.129901216691017 ""
162.6397686285 -54.88854392507 0.0416 0.0416 15.0188 "" "" 5353376365950209792 2208.68945 0.4392 0.0512 -3.761 3.084 0.054 0.053 0.936 5582.2 4.6725 16.865698 1.160961 17.370022 16.20906 "" "" 1956.84668 2528.58252 3378.06459 1.8925 1539.6 6.9263 2603.4 6.3635 "" "" 0.002821661694314112 0.0056252223 0.004618089 0.0102433115 162.6397686285 -54.88854392507 2208.68945 -3.7609999999999992 3.0840000000000005 3.446176685333252 -0.7268234405517577 0.11956473 0.118564725 "" "" 36.87236427276458 "" 4.407070151550608 ""
162.08989317616 -54.43979119128 0.0431 0.0422 18.1928 "" "" 5353452502815960704 2223.58228 0.4375 0.0534 -7.516 7.043 0.06 0.051 1.08 5234.5 4.7478 16.865744 1.058748 17.287865 16.229116 "" "" 2004.87305 2512.99438 3377.92224 2.1185 1660.6 6.3896 2555.7 8.8484 "" "" 0.0028382136033892652 0.0050237314 0.0053305025 0.010354234 162.08989317616 -54.43979119128 2223.58228 -7.515999999999998 7.043000000000003 -0.30882331466674806 3.2321765594482423 0.12556472 0.11656473 "" "" 34.2215752534248 "" 3.991921423298432 ""
161.93606902939 -54.56726266525 0.0431 0.0423 16.4398 "" "" 5353446253660022016 2429.75659 0.4011 0.0541 -5.517 1.536 0.06 0.052 0.958 5407.7 4.5803 16.866714 1.016844 17.291935 16.275091 "" "" 2144.25098 2730.66357 3374.90261 1.9939 1654.4 6.3636 2449.8 5.284 "" "" 0.002829002359524578 0.0050225616 0.004446113 0.009468675 161.93606902939 -54.56726266525 2429.75659 -5.517000000000002 1.536 1.6901766853332516 -2.274823440551758 0.12556472 0.11756473 "" "" 32.63923367647727 "" 3.932084507581467 ""
162.10100468558 -54.64518419593 0.0638 0.0798 9.2123 "" "" 5353397943865015936 2802.56177 0.3629 0.0634 -7.509 4.845 0.09 0.1 0.946 "" "" 16.867617 "" "" "" "" "" 2424.02881 3683.85767 3372.09583 2.8157 "" "" "" "" "" "" 0.0029006368858151303 "" "" "" 162.10100468558 -54.64518419593 2802.56177 -7.509 4.844999999999994 -0.3018233146667484 1.034176559448242 0.15556473 0.16556473 "" "" 14.311273246623989 "" 2.358523205833863 ""
