Clusters/UBC_542/UBC_542_members.tsv
# %ECSV 1.0
# ---
# datatype:
# - name: RA_ICRS_1
#   unit: deg
#   datatype: float64
#   format: '{:15.11f}'
#   description: Right ascension (ICRS) at Ep=2016.0 (ra)
#   meta: !!omap
#   - {ucd: POS_EQ_RA_MAIN}
#   - {width: 15}
#   - {precision: '11'}
# - name: DE_ICRS_1
#   unit: deg
#   datatype: float64
#   format: '{:15.11f}'
#   description: Declination (ICRS) at Ep=2016.0 (dec)
#   meta: !!omap
#   - {ucd: POS_EQ_DEC_MAIN}
#   - {width: 15}
#   - {precision: '11'}
# - name: e_RA_ICRS
#   unit: mas
#   datatype: float64
#   format: '{:7.4f}'
#   description: Standard error of right ascension (ra_error)
#   meta: !!omap
#   - {ucd: ERROR}
#   - {width: 7}
#   - {precision: '4'}
# - name: e_DE_ICRS
#   unit: mas
#   datatype: float64
#   format: '{:7.4f}'
#   description: Standard error of declination (dec_error)
#   meta: !!omap
#   - {ucd: ERROR}
#   - {width: 7}
#   - {precision: '4'}
# - name: _r_1
#   unit: ''
#   datatype: float64
#   format: '{:7.4f}'
#   description: Distance from center (244.53891182000-49.50029610000)[ICRS], at Epoch=J2016.0
#   meta: !!omap
#   - {ucd: POS_ANG_DIST_GENERAL}
#   - {width: 7}
#   - {precision: '4'}
# - name: HIP
#   datatype: int32
#   description: '? HIP cross-id number, van Leeuwen, Cat. I/311 (hip_original_ext_source_id)'
#   meta: !!omap
#   - {ucd: ID_NUMBER}
#   - {width: 6}
#   - values: {'null': -2147483648}
# - name: TYC2
#   datatype: string
#   description: Tycho-2 cross-id name, Hog et al., Cat. I/259 (tyc2_original_ext_source_id)
#   meta: !!omap
#   - {ucd: ID_CROSSID}
#   - {_votable_string_dtype: char}
# - name: Source
#   datatype: int64
#   description: Source identifier, identical to the Gaia-EDR3 source_id (id)
#   meta: !!omap
#   - {ucd: ID_MAIN}
#   - {width: 19}
# - name: rgeo
#   unit: pc
#   datatype: float64
#   format: '{:15.8f}'
#   description: '? Median of the geometric distance posterior (r_med_geo)'
#   meta: !!omap
#   - {ucd: PHYS_DISTANCE_TRUE}
#   - {width: 15}
#   - {precision: '8'}
#   - values: {'null': .nan}
# - name: Plx
#   unit: mas
#   datatype: float64
#   format: '{:9.4f}'
#   description: '? Parallax (parallax)'
#   meta: !!omap
#   - {ucd: POS_PARLX_TRIG}
#   - {width: 9}
#   - {precision: '4'}
#   - values: {'null': .nan}
# - name: e_Plx
#   unit: mas
#   datatype: float32
#   format: '{:7.4f}'
#   description: '? Standard error of parallax (parallax_error)'
#   meta: !!omap
#   - {ucd: ERROR}
#   - {width: 7}
#   - {precision: '4'}
#   - values: {'null': .nan}
# - name: pmRA
#   unit: mas / yr
#   datatype: float64
#   format: '{:9.3f}'
#   description: '? Proper motion in right ascension direction, pmRA*cosDE (pmra)'
#   meta: !!omap
#   - {ucd: POS_EQ_PMRA}
#   - {width: 9}
#   - {precision: '3'}
#   - values: {'null': .nan}
# - name: pmDE
#   unit: mas / yr
#   datatype: float64
#   format: '{:9.3f}'
#   description: '? Proper motion in declination direction (pmdec)'
#   meta: !!omap
#   - {ucd: POS_EQ_PMDEC}
#   - {width: 9}
#   - {precision: '3'}
#   - values: {'null': .nan}
# - name: e_pmRA
#   unit: mas / yr
#   datatype: float32
#   format: '{:6.3f}'
#   description: '? Standard error of proper motion in right ascension direction (pmra_error)'
#   meta: !!omap
#   - {ucd: ERROR}
#   - {width: 6}
#   - {precision: '3'}
#   - values: {'null': .nan}
# - name: e_pmDE
[...]
#         unit: &id001 !astropy.units.Unit {unit: deg}
#         value: !astropy.table.SerializedColumn {name: SkyCoord.dec}
#       distance: !astropy.table.SerializedColumn
#         __class__: astropy.coordinates.distances.Distance
#         unit: !astropy.units.Unit {unit: pc}
#         value: !astropy.table.SerializedColumn {name: SkyCoord.distance}
#       frame: icrs
#       obstime: !astropy.time.Time {format: jyear_str, in_subfmt: '*', jd1: 367701545.0, jd2: 0.0, out_subfmt: '*', precision: 3, scale: tt}
#       pm_dec: !astropy.table.SerializedColumn
#         __class__: astropy.units.quantity.Quantity
#         unit: !astropy.units.Unit {unit: mas / yr}
#         value: !astropy.table.SerializedColumn {name: SkyCoord.pm_dec}
#       pm_ra_cosdec: !astropy.table.SerializedColumn
#         __class__: astropy.units.quantity.Quantity
#         unit: !astropy.units.Unit {unit: mas / yr}
#         value: !astropy.table.SerializedColumn {name: SkyCoord.pm_ra_cosdec}
#       ra: !astropy.table.SerializedColumn
#         __class__: astropy.coordinates.angles.Longitude
#         unit: *id001
#         value: !astropy.table.SerializedColumn {name: SkyCoord.ra}
#         wrap_angle: !astropy.coordinates.Angle
#           unit: *id001
#           value: 360.0
#       representation_type: spherical
# schema: astropy-2.0
RA_ICRS_1 DE_ICRS_1 e_RA_ICRS e_DE_ICRS _r_1 HIP TYC2 Source rgeo Plx e_Plx pmRA pmDE e_pmRA e_pmDE RUWE Teff logg Gmag BP-RP BPmag RPmag RV e_RV b_rgeo B_rgeo FG e_FG FBP e_FBP FRP e_FRP RAVE5 RAVE6 e_Gmag e_BPmag e_RPmag e_BP-RP SkyCoord.ra SkyCoord.dec SkyCoord.distance SkyCoord.pm_ra_cosdec SkyCoord.pm_dec Pmemb
244.62117462708 -49.45592896874 0.0129 0.0084 4.1678 "" 8319-412-1 5935528430954722304 1591.49597 0.5959 0.0169 -0.48 -1.327 0.018 0.014 0.903 "" "" 10.010673 2.11588 11.09955 8.98367 -30.8 0.13 1549.62268 1644.94519 1864993.80811 425.9 496130.0 258.24 2021600.0 511.87 "" "" 0.0027664536672870462 0.0028468275 0.003789367 0.0066361944 244.62117462708 -49.45592896874 1591.49597 -0.48000000000000015 -1.3269999999999997 0.97
244.52238997465 -49.39170958579 0.0101 0.007 6.547 "" "" 5935531798208827520 1712.09021 0.5622 0.0133 -0.525 -1.383 0.014 0.011 0.87 "" "" 12.305632 0.886691 12.657026 11.770335 "" "" 1679.73059 1745.30786 225265.1748 63.628 118200.0 105.51 155250.0 108.03 "" "" 0.002772334580344538 0.0029536996 0.0038541555 0.0068078553 244.52238997465 -49.39170958579 1712.09021 -0.525 -1.383 0.99
244.63091980227 -49.48622977971 0.0115 0.0074 3.6837 "" "" 5935527640680732672 1713.55408 0.5536 0.015 -0.485 -1.331 0.017 0.012 0.949 7495.1 3.5532 13.026462 1.027065 13.444468 12.417403 "" "" 1665.9718 1757.06665 115974.42576 19.48 57231.0 27.622 85545.0 22.596 "" "" 0.0027613489201701443 0.0028389515 0.0037902473 0.006629199 244.63091980227 -49.48622977971 1713.55408 -0.485 -1.331 0.97
244.50705244487 -49.48318480427 0.016 0.0098 1.6112 "" "" 5935531042294532352 1635.89771 0.5715 0.019 -0.39 -1.275 0.021 0.016 1.011 "" "" 13.930181 0.897569 14.286356 13.388787 "" "" 1581.2124 1696.54114 50451.55602 8.0947 26356.0 22.282 34966.0 22.178 "" "" 0.0027608215033629907 0.002937278 0.0038416104 0.0067788884 244.50705244487 -49.48318480427 1635.89771 -0.3899999999999999 -1.275 0.99
244.56380386269 -49.47383907332 0.0157 0.01 1.8604 "" "" 5935528534033634176 1601.60986 0.5848 0.0192 -0.458 -1.333 0.021 0.016 0.969 "" "" 14.047619 1.106514 14.508369 13.401855 "" "" 1538.81787 1658.97925 45279.26494 6.9625 21482.0 15.331 34547.0 15.084 "" "" 0.0027603735591335632 0.0028957636 0.0038089969 0.0067047607 244.56380386269 -49.47383907332 1601.60986 -0.458 -1.3330000000000002 0.99
244.61256197219 -49.48774416067 0.0151 0.0095 2.9674 "" "" 5935527537601517696 1654.04163 0.5647 0.02 -0.36 -1.389 0.023 0.016 0.997 "" "" 14.061408 1.086057 14.508606 13.422549 "" "" 1588.44055 1710.8385 44707.81605 7.1849 21477.0 13.554 33895.0 15.813 "" "" 0.002760839529379895 0.002873073 0.003813174 0.006686247 244.61256197219 -49.48774416067 1654.04163 -0.36000000000000004 -1.3890000000000002 0.97
244.44308557673 -49.57248797188 0.0145 0.0104 5.717 "" "" 5935528946350270976 1598.12183 0.5841 0.0186 -0.459 -1.369 0.021 0.016 0.897 "" "" 14.078381 0.82295 14.402924 13.579973 "" "" 1557.99475 1648.6488 44014.36835 10.275 23673.0 16.382 29320.0 21.171 "" "" 0.002766953563954544 0.002889561 0.003859837 0.006749398 244.44308557673 -49.57248797188 1598.12183 -0.459 -1.369 0.99
244.60070855284 -49.46844942835 0.0157 0.0099 3.0746 "" "" 5935528396594981120 1661.87109 0.5603 0.02 -0.501 -1.299 0.021 0.017 0.954 "" "" 14.133025 1.148415 14.616313 13.467898 "" "" 1614.98206 1715.2616 41853.9621 6.447 19449.0 13.958 32509.0 18.691 "" "" 0.0027603911492882645 0.00289693 0.0038305882 0.0067275185 244.60070855284 -49.46844942835 1661.87109 -0.501 -1.299 0.99
244.58308171299 -49.53732324519 0.0148 0.0103 2.8099 "" "" 5935526987845368704 1630.04041 0.5682 0.0192 -0.41 -1.34 0.022 0.017 0.961 "" "" 14.135873 1.13076 14.609635 13.478875 "" "" 1578.9093 1674.21838 41744.34811 6.5441 19569.0 15.998 32182.0 18.371 "" "" 0.0027605723520244116 0.002927951 0.003829865 0.0067578163 244.58308171299 -49.53732324519 1630.04041 -0.41 -1.34 0.99
244.82134184215 -49.33961045658 0.0164 0.0099 14.6447 "" "" 5935612303080078208 1589.56567 0.5921 0.02 -0.408 -1.371 0.022 0.017 0.953 "" "" 14.184667 1.12795 14.657812 13.529862 "" "" 1536.82764 1639.09509 39909.8497 5.777 18719.0 13.98 30705.0 14.058 "" "" 0.002759798758784389 0.0029056068 0.0038119324 0.0067175394 244.82134184215 -49.33961045658 1589.56567 -0.40800000000000003 -1.371 0.99
244.41678088073 -49.39975398326 0.0164 0.0108 7.6868 "" "" 5935532347964642688 1556.85254 0.6041 0.0199 -0.25 -1.286 0.021 0.017 0.935 "" "" 14.202722 0.945593 14.581976 13.636383 "" "" 1512.75916 1603.37024 39251.66022 6.4228 20074.0 17.286 27836.0 14.664 "" "" 0.002761041946252149 0.002942646 0.003822417 0.006765063 244.41678088073 -49.39975398326 1556.85254 -0.25 -1.286 0.98
244.56671582196 -49.66896509179 0.0151 0.0107 10.1778 "" "" 5935524509631625344 1565.23059 0.5986 0.0198 -0.363 -1.35 0.022 0.018 0.951 "" "" 14.227082 1.266577 14.769197 13.502621 "" "" 1514.64478 1617.53015 38380.79961 6.142 16894.0 13.477 31485.0 18.239 "" "" 0.0027607929678307263 0.0029215126 0.0038313596 0.006752872 244.56671582196 -49.66896509179 1565.23059 -0.3629999999999999 -1.35 0.99
244.58566853253 -49.4976569626 0.0172 0.011 1.8289 "" "" 5935528259156021888 1583.45056 0.5881 0.0222 -0.404 -1.339 0.026 0.019 1.046 "" "" 14.335434 1.199085 14.845833 13.646748 "" "" 1526.81604 1650.30286 34735.4689 6.189 15743.0 17.976 27571.0 14.034 "" "" 0.002762102967880289 0.0030531946 0.003819575 0.0068727694 244.58566853253 -49.4976569626 1583.45056 -0.4039999999999999 -1.339 0.84
244.50455433697 -49.65785000293 0.0165 0.0113 9.5473 "" "" 5935519634861090432 1685.99353 0.5519 0.0211 -0.452 -1.365 0.025 0.018 0.977 "" "" 14.344296 1.103008 14.804197 13.701189 "" "" 1621.57703 1747.08313 34453.09359 5.8473 16358.0 14.702 26223.0 11.675 "" "" 0.0027614750300133453 0.0029558884 0.0038101699 0.0067660585 244.50455433697 -49.65785000293 1685.99353 -0.4520000000000001 -1.3650000000000004 0.98
244.50564006488 -49.48800956662 0.0184 0.0115 1.4916 "" "" 5935528087357030016 1626.17383 0.5727 0.0221 -0.441 -1.4 0.024 0.019 0.962 "" "" 14.37731 1.119077 14.849781 13.730704 "" "" 1575.4447 1684.45166 33421.25635 5.8206 15686.0 18.993 25520.0 11.365 "" "" 0.0027618009616002994 0.0030843667 0.003810186 0.0068945526 244.50564006488 -49.48800956662 1626.17383 -0.4409999999999999 -1.4 0.98
244.55533952786 -49.41393374012 0.0169 0.011 5.2212 "" "" 5935528774551838976 1642.24854 0.5745 0.022 -0.508 -1.275 0.022 0.018 1.016 "" "" 14.411069 1.217131 14.930297 13.713166 "" "" 1578.2251 1703.10669 32398.08543 5.7551 14565.0 17.256 25935.0 13.361 "" "" 0.0027620621036880334 0.0030724101 0.0038205483 0.0068929587 244.55533952786 -49.41393374012 1642.24854 -0.5080000000000001 -1.2750000000000004 0.99
244.55652551549 -49.50905781381 0.0177 0.0118 0.8645 "" "" 5935527915558323072 1624.22595 0.5794 0.0228 -0.37 -1.407 0.027 0.019 1.023 "" "" 14.44029 0.998385 14.847067 13.848681 "" "" 1573.10339 1685.50183 31537.77754 5.6772 15725.0 15.546 22892.0 13.172 "" "" 0.00276224340853973 0.0029895126 0.0038306676 0.0068201805 244.55652551549 -49.50905781381 1624.22595 -0.37 -1.407 0.98
244.52789668652 -49.47518490475 0.0188 0.0117 1.5666 "" "" 5935528224795991040 1737.06372 0.5323 0.0225 -0.431 -1.409 0.024 0.019 1.023 "" "" 14.45717 1.234717 14.984882 13.750165 "" "" 1664.80029 1798.91638 31051.25165 5.9346 13850.0 11.825 25066.0 12.586 "" "" 0.002763123110958535 0.0029401295 0.0038184985 0.006758628 244.52789668652 -49.47518490475 1737.06372 -0.431 -1.4089999999999998 0.99
244.52618869396 -49.47395678984 0.0195 0.0123 1.6563 "" "" 5935528224795991552 1757.57019 0.5332 0.0234 -0.465 -1.28 0.025 0.019 1.01 7768.6 3.9193 14.502272 1.043874 14.922926 13.879052 "" "" 1690.44385 1834.052 29787.78578 6.3134 14664.0 14.064 22261.0 14.631 "" "" 0.002764912909710148 0.00297815 0.0038461604 0.0068243104 244.52618869396 -49.47395678984 1757.57019 -0.46499999999999997 -1.2799999999999998 0.99
244.44232637583 -49.36147792654 0.0182 0.012 9.1421 "" "" 5935532863360732544 1450.59558 0.6457 0.0226 -0.401 -1.345 0.024 0.019 0.93 "" "" 14.529726 1.042427 14.957158 13.914731 "" "" 1405.42566 1494.25391 29043.98473 5.295 14209.0 19.021 21541.0 14.29 "" "" 0.0027624209920790975 0.0031460302 0.0038474023 0.0069934325 244.44232637583 -49.36147792654 1450.59558 -0.4009999999999998 -1.3449999999999998 0.95
244.43120899043 -49.57543161192 0.017 0.0121 6.1571 "" "" 5935528843271057152 1578.65759 0.5938 0.0217 -0.479 -1.399 0.025 0.019 0.942 7991.7 4.0074 14.547423 0.913236 14.914819 14.001583 "" "" 1522.12659 1638.50842 28574.42253 5.6194 14774.0 15.53 19885.0 12.764 "" "" 0.0027635809781519018 0.0030145647 0.0038431017 0.006857666 244.43120899043 -49.57543161192 1578.65759 -0.479 -1.399 0.98
244.49670729008 -49.66499221359 0.0187 0.0132 10.0172 "" "" 5935519600501349760 1694.76526 0.547 0.0238 -0.491 -1.388 0.025 0.021 1.052 "" "" 14.614148 1.060917 15.051102 13.990185 "" "" 1641.56628 1756.60913 26871.22627 4.7727 13031.0 18.084 20095.0 14.528 "" "" 0.0027620603405055606 0.003171016 0.0038600354 0.0070310514 244.49670729008 -49.66499221359 1694.76526 -0.4910000000000002 -1.3880000000000001 0.86
244.68404024195 -49.33610302953 0.0181 0.0121 11.3641 "" "" 5935624500787291392 1716.10193 0.5362 0.0234 -0.5 -1.336 0.025 0.02 1.034 "" "" 14.715024 1.170073 15.209123 14.039049 "" "" 1644.35291 1783.1322 24487.09258 4.3379 11266.0 14.096 19210.0 10.696 "" "" 0.0027620252663121416 0.0031033035 0.0038274254 0.006930729 244.68404024195 -49.33610302953 1716.10193 -0.4999999999999999 -1.336 0.98
244.59953262245 -49.4448819596 0.0191 0.0119 4.0793 "" "" 5935528499674201344 1631.4928 0.5735 0.0237 -0.425 -1.346 0.025 0.019 0.949 7965.2 3.9251 14.7153 1.274351 15.261717 13.987366 "" "" 1574.93823 1691.93616 24480.86781 4.7193 10733.0 14.076 20147.0 14.046 "" "" 0.0027632584149312714 0.0031325018 0.003854439 0.0069869407 244.59953262245 -49.4448819596 1631.4928 -0.425 -1.346 0.99
244.61616845066 -49.45713437493 0.0196 0.0121 3.9721 "" "" 5935528430954722048 1597.42102 0.5885 0.0246 -0.456 -1.332 0.026 0.02 1.013 7979.6 4.151 14.78393 1.261936 15.32394 14.062004 "" "" 1535.98755 1673.64502 22981.30346 4.383 10135.0 17.488 18809.0 17.292 "" "" 0.002763090328415488 0.0033607797 0.0039089727 0.007269752 244.61616845066 -49.45713437493 1597.42102 -0.45600000000000024 -1.3320000000000007 0.99
244.38499050606 -49.60480105472 0.0221 0.0161 8.6726 "" "" 5935522967755788672 1617.90454 0.5761 0.0281 -0.448 -1.377 0.032 0.025 0.955 6602.0 3.825 15.084627 1.344791 15.679911 14.335119 "" "" 1546.29846 1694.3905 17421.91413 4.1429 7302.2 9.8092 14625.0 10.285 "" "" 0.0027673903733816192 0.0031483723 0.003855739 0.007004111 244.38499050606 -49.60480105472 1617.90454 -0.44799999999999995 -1.3770000000000002 0.94
244.64748483769 -49.5099810704 0.0208 0.0149 4.27 "" "" 5935527262723603328 1527.80127 0.6194 0.0287 -0.408 -1.298 0.031 0.027 1.017 "" "" 15.176371 1.291979 15.736487 14.444509 "" "" 1463.93628 1584.81848 16010.26418 3.6508 6931.4 12.168 13224.0 14.729 "" "" 0.0027664209320425607 0.003379035 0.0039681406 0.007347176 244.64748483769 -49.5099810704 1527.80127 -0.40800000000000014 -1.2980000000000005 0.99
244.59229990076 -49.38590583204 0.0229 0.015 7.1725 "" "" 5935622714081370240 1552.61414 0.6128 0.0292 -0.449 -1.351 0.031 0.024 0.957 "" "" 15.259993 1.498985 15.938298 14.439313 "" "" 1497.71777 1620.05225 14823.45954 3.5351 5755.7 10.583 13287.0 9.7616 "" "" 0.002767459541194454 0.0034308059 0.0038626404 0.007293446 244.59229990076 -49.38590583204 1552.61414 -0.4490000000000001 -1.3510000000000004 0.98
244.41389482056 -49.61240787435 0.0238 0.0169 8.3021 "" "" 5935522899036294784 1640.81824 0.5686 0.0302 -0.388 -1.419 0.033 0.026 1.02 "" "" 15.292415 1.198642 15.795313 14.596671 "" "" 1550.14856 1731.01294 14387.35041 3.2946 6565.9 11.696 11494.0 16.405 "" "" 0.0027665148092949907 0.0033949362 0.0040847394 0.0074796756 244.41389482056 -49.61240787435 1640.81824 -0.3880000000000002 -1.419 0.97
244.64643822618 -49.47530324178 0.0237 0.015 4.4512 "" "" 5935527606320996480 1579.74487 0.5877 0.0329 -0.503 -1.321 0.037 0.026 0.957 "" "" 15.328344 1.426838 15.964348 14.53751 "" "" 1499.73987 1677.17627 13919.03671 3.2255 5619.2 12.499 12138.0 11.676 "" "" 0.0027667837670291087 0.0036901878 0.0039210357 0.0076112235 244.64643822618 -49.47530324178 1579.74487 -0.5029999999999998 -1.321 0.99
244.60175801839 -49.56116159834 0.0274 0.0187 4.3962 "" "" 5935526919126201984 1660.30212 0.5737 0.0353 -0.416 -1.177 0.041 0.031 1.198 "" "" 15.364368 1.571786 16.086906 14.515121 "" "" 1567.34998 1778.20239 13464.78775 3.544 5019.4 11.035 12391.0 11.862 "" "" 0.0027701001060744007 0.0036718685 0.0039196997 0.007591568 244.60175801839 -49.56116159834 1660.30212 -0.4159999999999999 -1.1769999999999998 0.98
244.53165138756 -49.56805355366 0.0241 0.0174 4.0753 "" "" 5935526163211638656 1571.83325 0.5987 0.0326 -0.463 -1.415 0.036 0.029 1.031 "" "" 15.386652 1.227234 15.914045 14.686811 "" "" 1479.39258 1669.63062 13191.24648 3.4034 5885.7 12.559 10579.0 11.694 "" "" 0.0027695232936665866 0.0036266276 0.003965367 0.0075919945 244.53165138756 -49.56805355366 1571.83325 -0.463 -1.415 0.96
244.26163039512 -49.51061236812 0.0285 0.0185 10.8213 "" "" 5935571277550303872 1636.35254 0.5779 0.0354 -0.369 -1.174 0.035 0.029 0.945 8538.9 4.1328 15.405234 1.308213 15.976383 14.66817 "" "" 1532.72375 1736.17627 12967.40789 4.3144 5557.3 13.346 10762.0 11.901 "" "" 0.0027788992747222224 0.003818862 0.003965511 0.007784373 244.26163039512 -49.51061236812 1636.35254 -0.369 -1.174 0.95
244.60923549553 -49.51991498803 0.0257 0.0172 2.9819 "" "" 5935527125284648448 1538.65735 0.6124 0.0344 -0.49 -1.319 0.04 0.029 0.97 "" "" 15.566419 1.416783 16.199642 14.782859 "" "" 1452.75952 1623.22717 11178.39509 3.0001 4524.4 10.017 9683.1 10.741 "" "" 0.0027706858077540153 0.0036828485 0.0039666356 0.007649484 244.60923549553 -49.51991498803 1538.65735 -0.49 -1.319 0.99
244.5980637478 -49.54387448593 0.0279 0.0191 3.4849 "" "" 5935526987845686400 1636.82788 0.5695 0.0364 -0.487 -1.268 0.041 0.031 1.033 9243.3 4.1186 15.738821 1.494975 16.402475 14.9075 "" "" 1560.22119 1749.22864 9537.14689 2.9057 3753.4 12.562 8632.9 11.635 "" "" 0.0027751060447806716 0.004581417 0.0040527745 0.008634191 244.5980637478 -49.54387448593 1636.82788 -0.4870000000000001 -1.2680000000000005 0.97
244.51254064437 -49.54692307876 0.0291 0.0205 2.9802 "" "" 5935526472449291648 1669.11597 0.5608 0.0369 -0.481 -1.359 0.042 0.033 0.952 "" "" 15.815337 1.33572 16.401548 15.065828 "" "" 1586.39136 1753.32458 8888.15711 2.6741 3756.6 11.79 7461.5 8.7951 "" "" 0.0027746158906386967 0.004404145 0.003990187 0.008394332 244.51254064437 -49.54692307876 1669.11597 -0.481 -1.359 0.98
244.6806682507 -49.49223277723 0.0324 0.0222 5.5454 "" "" 5935621236612593536 1726.24329 0.558 0.0435 -0.502 -1.397 0.046 0.036 1.047 9801.7 4.286 15.986338 1.788184 16.840776 15.052592 "" "" 1583.45447 1895.22314 7592.97161 4.2669 2506.7 9.1102 7553.0 10.857 "" "" 0.0028220652894514627 0.0048327474 0.0040889434 0.00892169 244.6806682507 -49.49223277723 1726.24329 -0.5019999999999999 -1.397 0.98
244.59562358406 -49.47451882842 0.0339 0.0213 2.6978 "" "" 5935528293515764992 1550.55066 0.619 0.044 -0.492 -1.16 0.049 0.037 0.956 8688.4 4.0794 16.006735 1.50345 16.6935 15.19005 "" "" 1448.97913 1675.02783 7451.66208 2.6142 2870.9 9.2824 6654.8 11.787 "" "" 0.0027815236043545817 0.0044842525 0.004240505 0.0087247575 244.59562358406 -49.47451882842 1550.55066 -0.492 -1.16 0.95
244.71015244934 -49.60085643849 0.0305 0.021 8.991 "" "" 5935514721419055488 1796.19849 0.5252 0.0405 -0.532 -1.318 0.046 0.036 0.994 8986.9 3.5142 16.025242 1.692917 16.82762 15.134703 "" "" 1691.05334 1920.43372 7325.71233 2.344 2537.3 7.2507 7002.9 8.4169 "" "" 0.0027771347508024494 0.004172705 0.0039983317 0.008171037 244.71015244934 -49.60085643849 1796.19849 -0.532 -1.318 0.99
244.47378846837 -49.59738909308 0.0334 0.0231 6.3533 "" "" 5935525819614244608 1570.53455 0.6158 0.0431 -0.503 -1.389 0.05 0.039 0.958 6634.9 3.9556 16.045818 1.571184 16.777637 15.206453 "" "" 1471.76392 1663.23438 7188.18435 3.2499 2656.8 8.4761 6555.1 8.7099 "" "" 0.0027987054696800725 0.004447858 0.0040453603 0.008493219 244.47378846837 -49.59738909308 1570.53455 -0.5029999999999999 -1.3889999999999996 0.96
