Clusters/UBC_542/UBC_542_stars_in_region.tsv
# %ECSV 1.0
# ---
# datatype:
# - name: RA_ICRS_1
#   unit: deg
#   datatype: float64
#   format: '{:15.11f}'
#   description: Right ascension (ICRS) at Ep=2016.0 (ra)
#   meta: !!omap
#   - {ucd: POS_EQ_RA_MAIN}
#   - {width: 15}
#   - {precision: '11'}
# - name: DE_ICRS_1
#   unit: deg
#   datatype: float64
#   format: '{:15.11f}'
#   description: Declination (ICRS) at Ep=2016.0 (dec)
#   meta: !!omap
#   - {ucd: POS_EQ_DEC_MAIN}
#   - {width: 15}
#   - {precision: '11'}
# - name: e_RA_ICRS
#   unit: mas
#   datatype: float64
#   format: '{:7.4f}'
#   description: Standard error of right ascension (ra_error)
#   meta: !!omap
#   - {ucd: ERROR}
#   - {width: 7}
#   - {precision: '4'}
# - name: e_DE_ICRS
#   unit: mas
#   datatype: float64
#   format: '{:7.4f}'
#   description: Standard error of declination (dec_error)
#   meta: !!omap
#   - {ucd: ERROR}
#   - {width: 7}
#   - {precision: '4'}
# - name: _r_1
#   unit: ''
#   datatype: float64
#   format: '{:7.4f}'
#   description: Distance from center (244.53891182000-49.50029610000)[ICRS], at Epoch=J2016.0
#   meta: !!omap
#   - {ucd: POS_ANG_DIST_GENERAL}
#   - {width: 7}
#   - {precision: '4'}
# - name: HIP
#   datatype: int32
#   description: '? HIP cross-id number, van Leeuwen, Cat. I/311 (hip_original_ext_source_id)'
#   meta: !!omap
#   - {ucd: ID_NUMBER}
#   - {width: 6}
#   - values: {'null': -2147483648}
# - name: TYC2
#   datatype: string
#   description: Tycho-2 cross-id name, Hog et al., Cat. I/259 (tyc2_original_ext_source_id)
#   meta: !!omap
#   - {ucd: ID_CROSSID}
#   - {_votable_string_dtype: char}
# - name: Source
#   datatype: int64
#   description: Source identifier, identical to the Gaia-EDR3 source_id (id)
#   meta: !!omap
#   - {ucd: ID_MAIN}
#   - {width: 19}
# - name: rgeo
#   unit: pc
#   datatype: float64
#   format: '{:15.8f}'
#   description: '? Median of the geometric distance posterior (r_med_geo)'
#   meta: !!omap
#   - {ucd: PHYS_DISTANCE_TRUE}
#   - {width: 15}
#   - {precision: '8'}
#   - values: {'null': .nan}
# - name: Plx
#   unit: mas
#   datatype: float64
#   format: '{:9.4f}'
#   description: '? Parallax (parallax)'
#   meta: !!omap
#   - {ucd: POS_PARLX_TRIG}
#   - {width: 9}
#   - {precision: '4'}
#   - values: {'null': .nan}
# - name: e_Plx
#   unit: mas
#   datatype: float32
#   format: '{:7.4f}'
#   description: '? Standard error of parallax (parallax_error)'
#   meta: !!omap
#   - {ucd: ERROR}
#   - {width: 7}
#   - {precision: '4'}
#   - values: {'null': .nan}
# - name: pmRA
#   unit: mas / yr
#   datatype: float64
#   format: '{:9.3f}'
#   description: '? Proper motion in right ascension direction, pmRA*cosDE (pmra)'
#   meta: !!omap
#   - {ucd: POS_EQ_PMRA}
#   - {width: 9}
#   - {precision: '3'}
#   - values: {'null': .nan}
# - name: pmDE
#   unit: mas / yr
#   datatype: float64
#   format: '{:9.3f}'
#   description: '? Proper motion in declination direction (pmdec)'
#   meta: !!omap
#   - {ucd: POS_EQ_PMDEC}
#   - {width: 9}
#   - {precision: '3'}
#   - values: {'null': .nan}
# - name: e_pmRA
#   unit: mas / yr
#   datatype: float32
#   format: '{:6.3f}'
#   description: '? Standard error of proper motion in right ascension direction (pmra_error)'
#   meta: !!omap
#   - {ucd: ERROR}
#   - {width: 6}
#   - {precision: '3'}
#   - values: {'null': .nan}
# - name: e_pmDE
[...]
#         unit: &id001 !astropy.units.Unit {unit: deg}
#         value: !astropy.table.SerializedColumn {name: SkyCoord.dec}
#       distance: !astropy.table.SerializedColumn
#         __class__: astropy.coordinates.distances.Distance
#         unit: !astropy.units.Unit {unit: pc}
#         value: !astropy.table.SerializedColumn {name: SkyCoord.distance}
#       frame: icrs
#       obstime: !astropy.time.Time {format: jyear_str, in_subfmt: '*', jd1: 367701545.0, jd2: 0.0, out_subfmt: '*', precision: 3, scale: tt}
#       pm_dec: !astropy.table.SerializedColumn
#         __class__: astropy.units.quantity.Quantity
#         unit: !astropy.units.Unit {unit: mas / yr}
#         value: !astropy.table.SerializedColumn {name: SkyCoord.pm_dec}
#       pm_ra_cosdec: !astropy.table.SerializedColumn
#         __class__: astropy.units.quantity.Quantity
#         unit: !astropy.units.Unit {unit: mas / yr}
#         value: !astropy.table.SerializedColumn {name: SkyCoord.pm_ra_cosdec}
#       ra: !astropy.table.SerializedColumn
#         __class__: astropy.coordinates.angles.Longitude
#         unit: *id001
#         value: !astropy.table.SerializedColumn {name: SkyCoord.ra}
#         wrap_angle: !astropy.coordinates.Angle
#           unit: *id001
#           value: 360.0
#       representation_type: spherical
# schema: astropy-2.0
RA_ICRS_1 DE_ICRS_1 e_RA_ICRS e_DE_ICRS _r_1 HIP TYC2 Source rgeo Plx e_Plx pmRA pmDE e_pmRA e_pmDE RUWE Teff logg Gmag BP-RP BPmag RPmag RV e_RV b_rgeo B_rgeo FG e_FG FBP e_FBP FRP e_FRP RAVE5 RAVE6 e_Gmag e_BPmag e_RPmag e_BP-RP SkyCoord.ra SkyCoord.dec SkyCoord.distance SkyCoord.pm_ra_cosdec SkyCoord.pm_dec
[from data line 2306]
245.06081111731 -49.30263075766 0.0544 0.0322 23.5776 "" "" 5935616078330811776 1845.26611 0.5334 0.0628 -0.043 -1.976 0.071 0.059 0.953 5119.3 4.4363 16.68144 1.687261 17.477552 15.790292 "" "" 1653.35925 2045.00696 4002.86072 1.9234 1394.4 8.9348 3828.6 10.059 "" "" 0.0028042759436576426 0.0074956547 0.0047350805 0.012230735 245.06081111731 -49.30263075766 1845.26611 -0.04300000000000004 -1.976
244.91529993859 -49.251877213 0.0521 0.0325 20.9371 "" "" 5935618659631743488 2144.44336 0.4664 0.0626 -9.992 -5.923 0.073 0.06 0.993 5087.7 4.2698 16.682455 1.796382 17.551592 15.75521 "" "" 1863.5957 2493.35229 3999.12359 1.9258 1302.5 6.6248 3954.3 7.9408 "" "" 0.002804488080927413 0.0061871447 0.004363198 0.0105503425 244.91529993859 -49.251877213 2144.44336 -9.992 -5.923
244.34322943046 -49.37945443948 0.0481 0.0324 10.5288 "" "" 5935579416490048512 1439.43994 0.6884 0.0602 -1.595 -1.415 0.063 0.05 0.987 5235.6 4.6371 16.682747 1.533427 17.37869 15.845263 "" "" 1317.6582 1581.12097 3998.0489 1.955 1527.4 9.8466 3639.6 15.997 "" "" 0.0028060038291997475 0.0075349826 0.0060874154 0.013622398 244.34322943046 -49.37945443948 1439.43994 -1.595 -1.4149999999999998
244.45960571538 -49.67735133051 0.0582 0.0389 11.0621 "" "" 5935519531781875072 1777.57361 0.5615 0.0732 -2.902 -3.694 0.083 0.064 1.181 5220.9 3.7306 16.684767 1.648583 17.408642 15.760058 "" "" 1559.0885 2086.90088 3990.61355 2.9682 1485.8 7.4256 3936.7 13.556 "" "" 0.002871228223442322 0.006101529 0.005316182 0.011417711 244.45960571538 -49.67735133051 1777.57361 -2.902 -3.693999999999999
244.91808979471 -49.20949824127 0.0523 0.0322 22.8918 "" "" 5935620480697931264 1442.29138 0.6881 0.0613 0.881 -1.196 0.07 0.06 0.946 15008.2 4.5968 16.685553 1.943864 17.644428 15.700564 "" "" 1334.75415 1618.422 3987.73254 1.8719 1195.8 6.0558 4158.5 7.3554 "" "" 0.0028020605165353196 0.0061658397 0.0042393045 0.010405144 244.91808979471 -49.20949824127 1442.29138 0.8809999999999998 -1.1959999999999997
244.66042923854 -49.85839238429 0.0498 0.0316 21.9976 "" "" 5935504722734434944 2104.09961 0.4843 0.0622 -1.03 -4.23 0.067 0.049 0.96 "" "" 16.686161 1.792376 17.55882 15.766445 "" "" 1861.19043 2506.99707 3985.49443 1.7788 1293.9 9.8016 3913.6 10.293 "" "" 0.0027976081219526997 0.008685095 0.004736866 0.013421961 244.66042923854 -49.85839238429 2104.09961 -1.0300000000000002 -4.23
244.0388402704 -49.25788755245 0.0574 0.0407 24.3542 "" "" 5935583608378258304 2042.80322 0.4896 0.0667 -5.904 -3.917 0.082 0.056 0.936 7671.7 4.1931 16.686455 1.74558 17.52451 15.77893 "" "" 1825.06543 2454.1582 3984.41642 2.6504 1335.4 8.5998 3868.9 9.3529 "" "" 0.002848402126928871 0.007528153 0.0046014003 0.012129553 244.0388402704 -49.25788755245 2042.80322 -5.903999999999999 -3.917
244.7181384724 -49.24472297811 0.0525 0.0354 16.8574 "" "" 5935631132216890624 1446.03406 0.6945 0.0695 -1.933 -2.448 0.076 0.057 1.147 5501.0 3.8444 16.68676 2.116374 17.735031 15.618657 "" "" 1301.16467 1585.7782 3983.29636 3.8827 1100.0 8.0871 4484.3 9.8316 "" "" 0.002951579725387479 0.0084558325 0.0044665574 0.012922389 244.7181384724 -49.24472297811 1446.03406 -1.933 -2.4480000000000004
244.5007204339 -49.10514615071 0.0533 0.0332 23.756 "" "" 5935676933751638784 1781.50256 0.5627 0.0677 -9.352 -5.726 0.079 0.051 0.98 "" "" 16.687487 1.82532 17.560839 15.735518 "" "" 1568.79492 1991.62878 3980.63039 2.0391 1291.5 5.743 4026.7 14.758 "" "" 0.002810892968593337 0.0055762697 0.00548801 0.01106428 244.5007204339 -49.10514615071 1781.50256 -9.352 -5.726000000000001
244.81446970333 -49.8500409895 0.0477 0.03 23.5548 "" "" 5935507162276469120 2002.47693 0.4881 0.0586 -3.319 -4.351 0.066 0.053 0.961 6703.2 4.3184 16.687817 1.555854 17.42177 15.865916 "" "" 1745.36401 2329.60669 3979.4252 1.8369 1467.9 7.6953 3571.0 12.332 "" "" 0.0028005295667786014 0.006338943 0.0053237327 0.011662675 244.81446970333 -49.8500409895 2002.47693 -3.319000000000001 -4.351000000000001
244.08853395528 -49.47810044478 0.051 0.035 17.6041 "" "" 5935575125841065856 1974.98535 0.4856 0.0639 -2.947 -3.559 0.065 0.051 1.01 "" "" 16.688492 1.857996 17.58786 15.729864 "" "" 1767.61316 2328.80273 3976.9483 2.3479 1259.7 10.118 4047.7 12.012 "" "" 0.0028288977809118377 0.009156191 0.004966416 0.014122607 244.08853395528 -49.47810044478 1974.98535 -2.947 -3.5589999999999993
244.3142905755 -49.51215037661 0.0527 0.0331 8.7805 "" "" 5935530178988740480 2015.93396 0.4657 0.0659 -2.816 -3.223 0.065 0.051 0.988 "" "" 16.689396 1.54405 17.409386 15.865335 "" "" 1763.44604 2370.73608 3973.63744 2.0191 1484.8 8.8088 3572.9 7.4743 "" "" 0.0028100088089000243 0.0070196376 0.004409367 0.011429004 244.3142905755 -49.51215037661 2015.93396 -2.816 -3.223
244.2841428443 -49.56384264149 0.0535 0.0333 10.6285 "" "" 5935524135986956288 1879.19482 0.5197 0.0645 0.36 -0.585 0.069 0.053 0.95 "" "" 16.68961 1.70465 17.494703 15.790053 "" "" 1656.29956 2168.4021 3972.85835 2.1712 1372.6 11.349 3829.5 9.0892 "" "" 0.002818487184688379 0.009400748 0.004574326 0.013975074 244.2841428443 -49.56384264149 1879.19482 0.36 -0.585
244.22674797625 -49.5816106464 0.0593 0.0359 13.0965 "" "" 5935570624715259008 1669.89758 0.6184 0.0716 -3.002 -3.464 0.076 0.057 1.086 4864.8 4.3484 16.689816 1.523435 17.393137 15.869702 "" "" 1502.96753 1851.31311 3972.10499 2.0353 1507.2 8.8265 3558.6 10.085 "" "" 0.002810923658409722 0.006943573 0.004873538 0.011817111 244.22674797625 -49.5816106464 1669.89758 -3.002 -3.4640000000000004
244.27963228683 -49.38681393005 0.0485 0.0341 12.1932 "" "" 5935578218217524480 2137.30005 0.4529 0.0635 -4.972 -4.76 0.067 0.051 1.022 "" "" 16.689943 2.039875 17.727043 15.687168 "" "" 1892.63586 2465.21631 3971.63713 2.0833 1108.2 5.7952 4210.1 7.0937 "" "" 0.0028135633710361383 0.006326266 0.0041988534 0.0105251195 244.27963228683 -49.38681393005 2137.30005 -4.9719999999999995 -4.76
244.25549658333 -49.76883928805 0.0444 0.0327 19.5169 "" "" 5935496888713306752 1996.74768 0.4966 0.0599 -4.726 -11.455 0.058 0.049 0.995 7144.8 4.331 16.690445 1.543779 17.409634 15.865854 "" "" 1759.46716 2319.76514 3969.80205 1.8848 1484.4 7.3126 3571.2 11.421 "" "" 0.0028031268143168912 0.0060326806 0.005132293 0.0111649735 244.25549658333 -49.76883928805 1996.74768 -4.726000000000001 -11.455000000000002
244.52186140487 -49.21665639072 0.0494 0.0329 17.0314 "" "" 5935629070632718336 1761.72913 0.538 0.0619 0.608 -2.019 0.069 0.051 1.039 6837.1 4.1916 16.691095 1.574916 17.420383 15.845468 "" "" 1609.23206 1986.92834 3967.42541 1.8219 1469.8 9.18 3638.9 7.3626 "" "" 0.002800067389091305 0.0073328153 0.004371446 0.011704261 244.52186140487 -49.21665639072 1761.72913 0.6079999999999998 -2.019
244.14885011767 -49.63413458257 0.0546 0.0335 17.1719 "" "" 5935568838008572800 1994.76672 0.501 0.0701 -2.206 -3.336 0.07 0.049 0.971 "" "" 16.691538 1.567926 17.426516 15.85859 "" "" 1735.60474 2290.72656 3965.80407 2.1233 1461.5 7.8932 3595.2 8.5474 "" "" 0.0028159732709150628 0.006493775 0.004576761 0.011070536 244.14885011767 -49.63413458257 1994.76672 -2.2060000000000004 -3.3360000000000003
244.42991550101 -49.78229260285 0.0465 0.0318 17.4417 "" "" 5935517298399095808 1590.79407 0.6179 0.0635 -2.715 -2.738 0.064 0.052 1.036 "" "" 16.692835 1.599193 17.435225 15.836032 "" "" 1427.59595 1763.64282 3961.0741 1.8324 1449.9 8.6266 3670.7 9.756 "" "" 0.0028007245525452622 0.0070367167 0.0047550853 0.011791802 244.42991550101 -49.78229260285 1590.79407 -2.715 -2.7379999999999995
244.83078216638 -49.86220431492 0.0463 0.0302 24.4931 "" "" 5935507093556987520 2039.61902 0.4673 0.0592 0.593 -2.487 0.07 0.052 0.96 4946.8 3.7122 16.69383 2.055586 17.741386 15.685801 "" "" 1810.27466 2336.5542 3957.43884 1.9086 1093.6 6.7296 4215.4 7.7834 "" "" 0.0028046351645629117 0.0072404146 0.0042781597 0.011518574 244.83078216638 -49.86220431492 2039.61902 0.5929999999999997 -2.487
244.63155412754 -49.35902687431 0.045 0.0301 9.2149 "" "" 5935623229476972160 1881.09009 0.4996 0.0576 -2.124 -2.122 0.06 0.049 0.91 15006.7 3.6859 16.69386 3.5165 18.84817 15.33167 "" "" 1702.15515 2085.80054 3957.33946 2.3504 394.59 8.7839 5841.0 10.997 "" "" 0.002829775380566545 0.024329904 0.0042967717 0.028626677 244.63155412754 -49.35902687431 1881.09009 -2.1239999999999997 -2.122
244.9047706949 -49.50409187008 0.0447 0.0286 14.2575 "" "" 5935610172776008448 1522.86499 0.651 0.0582 -1.353 -4.096 0.062 0.05 1.002 "" "" 16.694393 1.876308 17.626242 15.749933 "" "" 1388.56775 1667.34314 3955.38989 2.2266 1216.0 6.4019 3973.6 10.029 "" "" 0.002822294146604898 0.006360724 0.004668293 0.011029017 244.9047706949 -49.50409187008 1522.86499 -1.3530000000000002 -4.096
244.78259818149 -49.77781755861 0.0483 0.0306 19.1552 "" "" 5935508364867347200 2009.7915 0.4901 0.0595 -1.501 -2.873 0.066 0.053 0.984 5323.0 4.2953 16.694561 1.72739 17.46053 15.733139 "" "" 1826.55872 2210.75562 3954.77995 3.6055 1416.5 12.109 4035.5 17.519 "" "" 0.0029277267198199904 0.009691771 0.0060415287 0.0157333 244.78259818149 -49.77781755861 2009.7915 -1.5010000000000001 -2.873
244.75805121998 -49.23281950391 0.0494 0.0312 18.1899 "" "" 5935631200936359808 1746.38513 0.5652 0.0604 -6.784 -3.165 0.068 0.051 0.993 "" "" 16.69475 1.897752 17.634283 15.736531 "" "" 1596.01074 1999.69824 3954.08968 1.949 1207.0 9.5237 4023.0 9.2799 "" "" 0.0028068119877519577 0.0090098 0.004533889 0.013543689 244.75805121998 -49.23281950391 1746.38513 -6.784000000000001 -3.165
244.11974997728 -49.26972541448 0.0532 0.0378 21.4341 "" "" 5935583406538117632 1910.28015 0.5271 0.0666 -3.851 -3.482 0.074 0.055 0.961 5578.7 3.8637 16.695435 1.71337 17.507944 15.794574 "" "" 1726.88904 2164.63306 3951.59619 2.3878 1355.9 10.566 3813.5 10.659 "" "" 0.002832351717874198 0.008908917 0.004846977 0.013755894 244.11974997728 -49.26972541448 1910.28015 -3.8509999999999995 -3.4819999999999993
244.77360941362 -49.13248680409 0.0547 0.0347 23.9016 "" "" 5935633326919733376 1545.99902 0.6511 0.0624 -0.042 -5.834 0.076 0.058 0.977 7489.2 3.8907 16.69591 1.820438 17.49165 15.671211 "" "" 1400.49988 1720.79285 3949.87456 1.9531 1376.4 8.4603 4272.4 10.406 "" "" 0.0028071362561667514 0.007233468 0.004612686 0.011846154 244.77360941362 -49.13248680409 1545.99902 -0.04200000000000026 -5.834
244.83109380239 -49.33642926648 0.0504 0.0298 15.0575 "" "" 5935612268720338304 2110.42773 0.468 0.061 -3.145 -4.355 0.067 0.053 1.018 7414.9 4.2348 16.696049 1.71247 17.507383 15.794913 "" "" 1893.08105 2375.17871 3949.36545 1.7129 1356.6 10.216 3812.4 8.7952 "" "" 0.0027952703870979547 0.008639205 0.004534061 0.013173266 244.83109380239 -49.33642926648 2110.42773 -3.145 -4.355
243.92553267401 -49.61001390008 0.0687 0.0447 24.7654 "" "" 5935549489161566720 1462.74268 0.6779 0.088 1.191 -1.925 0.082 0.063 1.341 4744.5 4.4328 16.696276 1.674179 17.465845 15.791666 "" "" 1288.62622 1691.19739 3948.53686 5.36 1409.5 8.032 3823.8 7.6957 "" "" 0.003124743072077239 0.0067870845 0.0043656062 0.01115269 243.92553267401 -49.61001390008 1462.74268 1.191 -1.9250000000000003
244.37946292951 -49.22838069078 0.0478 0.033 17.4641 "" "" 5935674769087681408 1934.77637 0.5094 0.0612 -1.302 -5.324 0.07 0.052 0.977 4919.3 3.7068 16.697372 1.972052 17.673487 15.701435 "" "" 1707.68921 2231.18945 3944.55349 2.0649 1164.2 7.4163 4155.1 10.597 "" "" 0.002813329945580208 0.0074580493 0.004685209 0.012143258 244.37946292951 -49.22838069078 1934.77637 -1.3019999999999996 -5.323999999999999
244.41180638558 -49.29156636294 0.0482 0.0318 13.4715 "" "" 5935673978813676032 1847.11353 0.5313 0.0604 -5.239 -8.467 0.066 0.05 1.028 7033.1 4.1175 16.697462 1.616844 17.455265 15.838421 "" "" 1642.78064 2060.52197 3944.2268 1.9117 1423.3 7.1324 3662.6 8.0056 "" "" 0.002805123131351403 0.0061145285 0.004462696 0.010577224 244.41180638558 -49.29156636294 1847.11353 -5.239 -8.467
244.15949492181 -49.64491745102 0.049 0.0333 17.124 "" "" 5935568631850137600 1673.9718 0.5892 0.0636 -5.543 -4.345 0.067 0.049 1.02 4825.8 4.2597 16.697649 1.695249 17.50626 15.811011 "" "" 1520.06848 1828.73645 3943.5458 1.8855 1358.0 7.6578 3756.2 7.4833 "" "" 0.0028037956790021544 0.0067282994 0.004354602 0.011082902 244.15949492181 -49.64491745102 1673.9718 -5.543000000000001 -4.345
243.950728346 -49.62631694517 0.0546 0.0346 24.1065 "" "" 5935549424755704960 1893.45483 0.5285 0.068 0.146 -2.587 0.064 0.05 0.991 7164.8 4.3313 16.69798 1.482708 17.372461 15.889753 "" "" 1668.04187 2316.95044 3942.34441 2.1497 1536.1 10.379 3493.5 10.049 "" "" 0.0028182077978299754 0.007848706 0.0049028057 0.012751512 243.950728346 -49.62631694517 1893.45483 0.1459999999999999 -2.5869999999999997
244.33835422374 -49.26788821506 0.0519 0.0338 15.9942 "" "" 5935674288051327744 1642.83508 0.6183 0.0636 -3.795 -4.507 0.075 0.053 0.987 4740.6 4.2927 16.698738 1.705688 17.516161 15.810473 "" "" 1497.25586 1832.99976 3939.59635 2.052 1345.7 8.6443 3758.1 8.8591 "" "" 0.002812757570613453 0.007511797 0.00456448 0.012076277 244.33835422374 -49.26788821506 1642.83508 -3.795 -4.506999999999999
244.43892370991 -49.48183666703 0.0524 0.033 4.0513 "" "" 5935529805343956608 1653.005 0.6012 0.0625 -3.558 -3.784 0.069 0.055 0.983 4875.2 4.3668 16.698917 1.499759 17.393599 15.89384 "" "" 1494.60278 1855.66406 3938.94518 1.9515 1506.5 7.5076 3480.3 8.0867 "" "" 0.0028073369952593247 0.0060877833 0.004544022 0.010631805 244.43892370991 -49.48183666703 1653.005 -3.557999999999999 -3.784
244.30318009767 -49.4963756375 0.0533 0.0332 9.1891 "" "" 5935530286380153344 1497.34192 0.6666 0.0658 -6.533 -0.98 0.066 0.051 0.983 4986.4 4.6713 16.699327 1.548447 17.416128 15.867681 "" "" 1352.87683 1707.58008 3937.45954 1.9566 1475.6 8.2419 3565.2 8.6713 "" "" 0.002807645779427946 0.0066754157 0.0046105534 0.011285969 244.30318009767 -49.4963756375 1497.34192 -6.533000000000001 -0.9800000000000002
245.05743803526 -49.56840238646 0.0495 0.0332 20.6005 "" "" 5935605912168362496 1959.0658 0.4885 0.0691 -2.391 -5.378 0.072 0.056 1.022 "" "" 16.700201 1.71003 17.519575 15.809546 "" "" 1733.4928 2215.13257 3934.288 1.7995 1341.5 10.18 3761.3 9.6353 "" "" 0.0027997151097415543 0.008698755 0.004692493 0.013391248 245.05743803526 -49.56840238646 1959.0658 -2.391 -5.378000000000001
244.36125359869 -49.42485362705 0.0497 0.0339 8.2757 "" "" 5935530973575098752 1958.02075 0.5061 0.062 0.292 -2.954 0.066 0.054 1.0 4901.1 4.2952 16.701355 1.57659 17.439287 15.862698 "" "" 1713.30762 2213.4248 3930.11308 2.0453 1444.4 8.6503 3581.6 8.8695 "" "" 0.002812659828482493 0.007075673 0.004638207 0.01171388 244.36125359869 -49.42485362705 1958.02075 0.29200000000000015 -2.9539999999999997
244.66728090728 -49.15082988451 0.0504 0.0324 21.5605 "" "" 5935634602550597632 1733.02991 0.5589 0.0636 -0.37 -1.235 0.071 0.052 0.947 6909.6 4.2732 16.701752 1.929244 17.665737 15.736493 "" "" 1585.26123 1903.06091 3928.67669 2.1088 1172.5 8.992 4023.1 9.9071 "" "" 0.0028162804602979326 0.008781647 0.0046295044 0.013411151 244.66728090728 -49.15082988451 1733.02991 -0.37 -1.235
243.95174540137 -49.63953369848 0.0593 0.0355 24.3267 "" "" 5935548840640138496 2006.78638 0.4935 0.0691 -1.569 -3.522 0.069 0.053 0.942 "" "" 16.702152 1.62889 17.4688 15.83991 "" "" 1777.31616 2285.81274 3927.22635 2.04 1405.7 8.6404 3657.6 13.238 "" "" 0.0028124490931424138 0.00723347 0.005452122 0.012685592 243.95174540137 -49.63953369848 2006.78638 -1.569 -3.522
