Clusters/UBC_542/UBC_542_stars_in_region.tsv
# %ECSV 1.0
# ---
# datatype:
# - name: RA_ICRS_1
#   unit: deg
#   datatype: float64
#   format: '{:15.11f}'
#   description: Right ascension (ICRS) at Ep=2016.0 (ra)
#   meta: !!omap
#   - {ucd: POS_EQ_RA_MAIN}
#   - {width: 15}
#   - {precision: '11'}
# - name: DE_ICRS_1
#   unit: deg
#   datatype: float64
#   format: '{:15.11f}'
#   description: Declination (ICRS) at Ep=2016.0 (dec)
#   meta: !!omap
#   - {ucd: POS_EQ_DEC_MAIN}
#   - {width: 15}
#   - {precision: '11'}
# - name: e_RA_ICRS
#   unit: mas
#   datatype: float64
#   format: '{:7.4f}'
#   description: Standard error of right ascension (ra_error)
#   meta: !!omap
#   - {ucd: ERROR}
#   - {width: 7}
#   - {precision: '4'}
# - name: e_DE_ICRS
#   unit: mas
#   datatype: float64
#   format: '{:7.4f}'
#   description: Standard error of declination (dec_error)
#   meta: !!omap
#   - {ucd: ERROR}
#   - {width: 7}
#   - {precision: '4'}
# - name: _r_1
#   unit: ''
#   datatype: float64
#   format: '{:7.4f}'
#   description: Distance from center (244.53891182000-49.50029610000)[ICRS], at Epoch=J2016.0
#   meta: !!omap
#   - {ucd: POS_ANG_DIST_GENERAL}
#   - {width: 7}
#   - {precision: '4'}
# - name: HIP
#   datatype: int32
#   description: '? HIP cross-id number, van Leeuwen, Cat. I/311 (hip_original_ext_source_id)'
#   meta: !!omap
#   - {ucd: ID_NUMBER}
#   - {width: 6}
#   - values: {'null': -2147483648}
# - name: TYC2
#   datatype: string
#   description: Tycho-2 cross-id name, Hog et al., Cat. I/259 (tyc2_original_ext_source_id)
#   meta: !!omap
#   - {ucd: ID_CROSSID}
#   - {_votable_string_dtype: char}
# - name: Source
#   datatype: int64
#   description: Source identifier, identical to the Gaia-EDR3 source_id (id)
#   meta: !!omap
#   - {ucd: ID_MAIN}
#   - {width: 19}
# - name: rgeo
#   unit: pc
#   datatype: float64
#   format: '{:15.8f}'
#   description: '? Median of the geometric distance posterior (r_med_geo)'
#   meta: !!omap
#   - {ucd: PHYS_DISTANCE_TRUE}
#   - {width: 15}
#   - {precision: '8'}
#   - values: {'null': .nan}
# - name: Plx
#   unit: mas
#   datatype: float64
#   format: '{:9.4f}'
#   description: '? Parallax (parallax)'
#   meta: !!omap
#   - {ucd: POS_PARLX_TRIG}
#   - {width: 9}
#   - {precision: '4'}
#   - values: {'null': .nan}
# - name: e_Plx
#   unit: mas
#   datatype: float32
#   format: '{:7.4f}'
#   description: '? Standard error of parallax (parallax_error)'
#   meta: !!omap
#   - {ucd: ERROR}
#   - {width: 7}
#   - {precision: '4'}
#   - values: {'null': .nan}
# - name: pmRA
#   unit: mas / yr
#   datatype: float64
#   format: '{:9.3f}'
#   description: '? Proper motion in right ascension direction, pmRA*cosDE (pmra)'
#   meta: !!omap
#   - {ucd: POS_EQ_PMRA}
#   - {width: 9}
#   - {precision: '3'}
#   - values: {'null': .nan}
# - name: pmDE
#   unit: mas / yr
#   datatype: float64
#   format: '{:9.3f}'
#   description: '? Proper motion in declination direction (pmdec)'
#   meta: !!omap
#   - {ucd: POS_EQ_PMDEC}
#   - {width: 9}
#   - {precision: '3'}
#   - values: {'null': .nan}
# - name: e_pmRA
#   unit: mas / yr
#   datatype: float32
#   format: '{:6.3f}'
#   description: '? Standard error of proper motion in right ascension direction (pmra_error)'
#   meta: !!omap
#   - {ucd: ERROR}
#   - {width: 6}
#   - {precision: '3'}
#   - values: {'null': .nan}
# - name: e_pmDE
[...]
#         unit: &id001 !astropy.units.Unit {unit: deg}
#         value: !astropy.table.SerializedColumn {name: SkyCoord.dec}
#       distance: !astropy.table.SerializedColumn
#         __class__: astropy.coordinates.distances.Distance
#         unit: !astropy.units.Unit {unit: pc}
#         value: !astropy.table.SerializedColumn {name: SkyCoord.distance}
#       frame: icrs
#       obstime: !astropy.time.Time {format: jyear_str, in_subfmt: '*', jd1: 367701545.0, jd2: 0.0, out_subfmt: '*', precision: 3, scale: tt}
#       pm_dec: !astropy.table.SerializedColumn
#         __class__: astropy.units.quantity.Quantity
#         unit: !astropy.units.Unit {unit: mas / yr}
#         value: !astropy.table.SerializedColumn {name: SkyCoord.pm_dec}
#       pm_ra_cosdec: !astropy.table.SerializedColumn
#         __class__: astropy.units.quantity.Quantity
#         unit: !astropy.units.Unit {unit: mas / yr}
#         value: !astropy.table.SerializedColumn {name: SkyCoord.pm_ra_cosdec}
#       ra: !astropy.table.SerializedColumn
#         __class__: astropy.coordinates.angles.Longitude
#         unit: *id001
#         value: !astropy.table.SerializedColumn {name: SkyCoord.ra}
#         wrap_angle: !astropy.coordinates.Angle
#           unit: *id001
#           value: 360.0
#       representation_type: spherical
# schema: astropy-2.0
RA_ICRS_1 DE_ICRS_1 e_RA_ICRS e_DE_ICRS _r_1 HIP TYC2 Source rgeo Plx e_Plx pmRA pmDE e_pmRA e_pmDE RUWE Teff logg Gmag BP-RP BPmag RPmag RV e_RV b_rgeo B_rgeo FG e_FG FBP e_FBP FRP e_FRP RAVE5 RAVE6 e_Gmag e_BPmag e_RPmag e_BP-RP SkyCoord.ra SkyCoord.dec SkyCoord.distance SkyCoord.pm_ra_cosdec SkyCoord.pm_dec
[from data line 925]
244.50678043658 -49.19764683489 0.0296 0.0183 18.2023 "" "" 5935629276791178624 1440.17554 0.6595 0.0344 -5.526 -5.736 0.04 0.03 1.025 6744.9 3.9296 15.548237 1.596995 16.291903 14.694907 "" "" 1379.22144 1536.22949 11367.15752 2.9888 4155.8 10.759 10500.0 10.688 "" "" 0.00277006964385004 0.0039605643 0.003937657 0.007898221 244.50678043658 -49.19764683489 1440.17554 -5.526 -5.735999999999999
244.36438154908 -49.37622043701 0.0312 0.0213 10.0891 "" "" 5935579519569266432 2060.01294 0.4497 0.0379 -3.092 -3.683 0.038 0.032 0.998 6628.3 3.7002 15.549742 1.642908 16.321257 14.678349 "" "" 1863.3335 2277.78711 11351.41719 3.8134 4045.0 8.2612 10662.0 14.123 "" "" 0.0027793572295251646 0.0035639894 0.004043771 0.0076077604 244.36438154908 -49.37622043701 2060.01294 -3.0919999999999996 -3.683
244.28848636247 -49.39794775068 0.0288 0.0189 11.5383 "" "" 5935578149498035584 1527.82837 0.6165 0.0348 -2.524 -6.547 0.038 0.029 1.042 7187.1 4.285 15.550915 1.387245 16.170918 14.783672 "" "" 1458.96814 1611.0022 11339.1557 3.1151 4645.7 6.8388 9675.9 10.534 "" "" 0.0027714178415646704 0.003215517 0.0039599123 0.0071754293 244.28848636247 -49.39794775068 1527.82837 -2.5239999999999996 -6.546999999999999
244.13641292841 -49.4376938281 0.0278 0.0194 16.1373 "" "" 5935572720659392896 1672.6936 0.5678 0.0352 -2.461 0.36 0.037 0.029 0.986 "" "" 15.551385 1.644243 16.322817 14.678574 "" "" 1589.40149 1775.70459 11334.25208 3.4325 4039.2 13.644 10659.0 11.186 "" "" 0.0027748700692200798 0.0046082144 0.0039474037 0.008555618 244.13641292841 -49.4376938281 1672.6936 -2.4609999999999994 0.35999999999999976
244.40386917994 -49.40329209692 0.0319 0.0217 7.8499 "" "" 5935532313604902400 1969.40967 0.4771 0.0398 -3.267 -6.308 0.042 0.034 1.189 7981.0 4.0578 15.552007 1.481476 16.222216 14.74074 "" "" 1809.44434 2135.52271 11327.75773 3.1598 4431.3 12.2 10066.0 9.7493 "" "" 0.002771914997055239 0.0040890444 0.0039229505 0.008011995 244.40386917994 -49.40329209692 1969.40967 -3.267 -6.308
245.15487587465 -49.55746476822 0.0275 0.0186 24.232 "" "" 5935418514158117120 1665.26709 0.5615 0.0366 -4.82 -5.819 0.039 0.033 1.011 8156.2 4.337 15.553142 1.312391 16.128065 14.815674 "" "" 1585.78552 1752.86389 11315.92266 2.8894 4832.7 9.9405 9394.8 19.977 "" "" 0.002769232113993288 0.003573874 0.004428748 0.008002622 245.15487587465 -49.55746476822 1665.26709 -4.82 -5.819000000000001
245.01706650018 -49.63008022135 0.0261 0.0169 20.171 "" "" 5935604125461947008 1542.21277 0.6104 0.0337 -3.381 -4.503 0.036 0.029 0.994 7399.8 3.6597 15.553387 1.457542 16.206947 14.749406 "" "" 1462.52148 1631.6991 11313.37075 2.9611 4494.1 7.8741 9986.1 10.572 "" "" 0.0027699358566799807 0.003376959 0.003950308 0.007327267 245.01706650018 -49.63008022135 1542.21277 -3.3809999999999993 -4.503
245.05079872633 -49.58101538511 0.0567 0.0331 20.51 "" "" 5935605809089141376 2100.86206 0.4571 0.0704 -1.927 -3.495 0.101 0.063 1.569 "" "" 15.553609 1.307454 15.970488 14.663033 "" "" 1828.14575 2430.52808 11311.05894 4.4704 5587.6 12.761 10813.0 9.5824 "" "" 0.00278853433970984 0.0037327635 0.003899936 0.0076327 245.05079872633 -49.58101538511 2100.86206 -1.9269999999999996 -3.495
244.94737904149 -49.69866843943 0.0249 0.0159 19.8488 "" "" 5935509979774791936 1833.96265 0.5023 0.0333 -4.289 -2.08 0.035 0.028 0.969 "" "" 15.5547 1.464701 16.221819 14.757118 "" "" 1715.7229 1968.9989 11299.69484 2.689 4432.9 9.2237 9915.4 9.3638 "" "" 0.0027674078839154733 0.003590087 0.003915998 0.007506085 244.94737904149 -49.69866843943 1833.96265 -4.289 -2.0799999999999996
244.16934536345 -49.62718875493 0.0306 0.0185 16.273 "" "" 5935569009807554176 1816.22571 0.5153 0.0378 -3.006 -5.058 0.041 0.029 0.956 7136.2 3.5075 15.555259 1.613464 16.309515 14.696051 "" "" 1697.3938 1937.5896 11293.88681 3.0742 4088.9 10.302 10489.0 9.927 "" "" 0.0027711246761632623 0.0039074416 0.0039165816 0.007824023 244.16934536345 -49.62718875493 1816.22571 -3.0059999999999993 -5.057999999999999
244.1634469053 -49.1833395587 0.0296 0.0217 24.0229 "" "" 5935585571202020608 1783.54724 0.5256 0.0362 -5.139 -5.271 0.043 0.032 1.015 6098.5 3.219 15.560132 1.767654 16.412672 14.645018 "" "" 1692.78052 1918.27905 11243.29897 4.0431 3718.3 9.2206 10994.0 11.357 "" "" 0.0027828449939129507 0.0038773764 0.0039422936 0.00781967 244.1634469053 -49.1833395587 1783.54724 -5.139000000000001 -5.271000000000001
244.09081018962 -49.57949609962 0.0318 0.02 18.0824 "" "" 5935570109318919296 1730.27576 0.5436 0.0406 -5.471 1.454 0.039 0.03 1.083 7688.1 4.0567 15.561661 1.435291 16.203243 14.767952 "" "" 1608.88147 1836.31677 11227.48744 3.5333 4509.4 12.011 9817.0 15.545 "" "" 0.0027764250504934613 0.004018481 0.004152049 0.00817053 244.09081018962 -49.57949609962 1730.27576 -5.471 1.4540000000000002
244.39799700978 -49.69244378637 0.0268 0.0192 12.7651 "" "" 5935519291249244288 1930.10754 0.4795 0.0361 -2.807 -3.977 0.038 0.031 0.971 5678.2 3.6373 15.561666 1.715091 16.086115 14.371024 "" "" 1822.72839 2056.55957 11227.43454 6.2996 5023.1 44.936 14150.0 45.705 "" "" 0.002821862623533653 0.010105671 0.005155826 0.015261497 244.39799700978 -49.69244378637 1930.10754 -2.8070000000000004 -3.9770000000000003
244.33071977446 -49.12707522471 0.032 0.0218 23.828 "" "" 5935677586586282624 2007.35107 0.4624 0.0418 -5.117 -5.931 0.045 0.032 1.145 7935.4 3.7668 15.562654 1.772066 16.40507 14.633003 "" "" 1853.54614 2150.28027 11217.22291 5.138 3744.5 9.3686 11116.0 11.436 "" "" 0.0027998416556540996 0.003894132 0.0039409893 0.007835122 244.33071977446 -49.12707522471 2007.35107 -5.117 -5.931000000000001
244.28578839265 -49.76321144414 0.0262 0.0189 18.5906 "" "" 5935520115897023872 1957.82349 0.4855 0.0352 -0.935 -2.632 0.035 0.028 0.936 7430.5 3.326 15.563654 1.436941 16.211685 14.774744 "" "" 1844.08557 2100.77026 11206.89193 3.6435 4474.5 12.897 9755.7 11.462 "" "" 0.0027778388642812615 0.0041926755 0.0039888555 0.008181531 244.28578839265 -49.76321144414 1957.82349 -0.9350000000000002 -2.6320000000000006
244.75303254793 -49.83334224838 0.027 0.0168 21.6437 "" "" 5935502283192997632 1653.20105 0.5644 0.0333 -0.58 2.327 0.037 0.028 0.996 8072.1 3.8611 15.564091 1.547043 16.277231 14.730188 "" "" 1585.16382 1739.53967 11202.38284 2.8591 4212.3 7.8028 10164.0 9.689 "" "" 0.0027692194185106834 0.0034394737 0.0039185383 0.007358012 244.75303254793 -49.83334224838 1653.20105 -0.5800000000000002 2.327
244.53295424759 -49.26796703348 0.0332 0.0212 13.9417 "" "" 5935627387005477504 1754.30029 0.5282 0.0418 -1.975 -4.197 0.047 0.034 1.276 5014.2 3.5023 15.565217 2.152743 16.61727 14.464526 2.21 4.54 1663.23035 1875.1449 11190.77183 4.2323 3079.7 32.279 12982.0 94.298 "" "" 0.0027857492073569364 0.011716898 0.008745334 0.020462232 244.53295424759 -49.26796703348 1754.30029 -1.975 -4.196999999999999
244.60923549553 -49.51991498803 0.0257 0.0172 2.9819 "" "" 5935527125284648448 1538.65735 0.6124 0.0344 -0.49 -1.319 0.04 0.029 0.97 "" "" 15.566419 1.416783 16.199642 14.782859 "" "" 1452.75952 1623.22717 11178.39509 3.0001 4524.4 10.017 9683.1 10.741 "" "" 0.0027706858077540153 0.0036828485 0.0039666356 0.007649484 244.60923549553 -49.51991498803 1538.65735 -0.49 -1.319
244.59158453995 -49.57153624526 0.0289 0.0192 4.741 "" "" 5935526884766140160 2050.31958 0.4596 0.0387 -0.791 -2.217 0.038 0.029 0.979 8519.7 3.3548 15.566726 1.733873 16.39245 14.658577 "" "" 1929.0907 2176.06616 11175.22698 2.9664 3788.2 8.8693 10857.0 10.747 "" "" 0.002770351972384463 0.0037745156 0.0039292215 0.0077037374 244.59158453995 -49.57153624526 2050.31958 -0.791 -2.2170000000000005
244.7184461828 -49.53410299219 0.024 0.0166 7.2817 "" "" 5935515511693070976 1644.25452 0.5726 0.0329 -4.356 -3.864 0.036 0.028 0.971 "" "" 15.566886 2.062153 16.608803 14.54665 "" "" 1544.36523 1740.63879 11173.57981 3.0254 3103.8 9.9305 12036.0 11.275 "" "" 0.002770958757237702 0.004455576 0.003913847 0.008369423 244.7184461828 -49.53410299219 1644.25452 -4.356 -3.864
244.16246463339 -49.82104991543 0.0279 0.0196 24.169 "" "" 5935496991792515712 1892.75098 0.4952 0.0357 -2.23 -3.601 0.037 0.029 0.975 7103.9 4.1328 15.567163 1.258633 16.115303 14.85667 "" "" 1737.21582 2005.93225 11170.73602 4.8402 4889.9 15.166 9046.7 10.681 "" "" 0.0027951931568369935 0.0043731527 0.003990856 0.008364009 244.16246463339 -49.82104991543 1892.75098 -2.23 -3.601
245.07600858702 -49.62067845071 0.0438 0.0281 22.1158 "" "" 5935416555653001216 1442.17725 0.6777 0.0574 -5.388 -5.529 0.056 0.046 1.918 5635.6 4.3841 15.570091 1.279087 16.080143 14.801056 "" "" 1324.6853 1578.09265 11140.64751 6.157 5050.8 18.703 9522.2 30.119 "" "" 0.00281990107389404 0.004893784 0.0051066196 0.010000404 245.07600858702 -49.62067845071 1442.17725 -5.388 -5.528999999999999
244.90689035169 -49.77623264496 0.0258 0.0163 21.8758 "" "" 5935509086422098432 1936.78735 0.4858 0.0332 -3.173 -6.357 0.037 0.029 0.964 "" "" 15.570961 1.472687 16.240597 14.76791 "" "" 1824.22229 2080.81934 11131.72591 2.6687 4356.9 10.516 9817.3 12.192 "" "" 0.0027675876785586335 0.0038278562 0.0040127067 0.007840563 244.90689035169 -49.77623264496 1936.78735 -3.173 -6.356999999999999
244.28625639187 -49.76509784567 0.0261 0.0189 18.6771 "" "" 5935520081537284608 1579.70056 0.5963 0.0348 -1.29 -2.449 0.034 0.028 1.073 7498.2 3.8101 15.571905 1.35023 16.166878 14.816648 "" "" 1508.10046 1673.83142 11122.0463 2.8199 4663.0 13.813 9386.4 8.4309 "" "" 0.002769037380478513 0.0042578364 0.0039031738 0.00816101 244.28625639187 -49.76509784567 1579.70056 -1.29 -2.4489999999999994
244.93458909667 -49.71279064202 0.0253 0.0162 19.981 "" "" 5935509842336313984 1909.07422 0.4921 0.0356 -5.15 -6.617 0.039 0.03 1.015 6939.1 4.164 15.573045 1.486361 16.236216 14.749854 "" "" 1782.75024 2043.51331 11110.37348 2.8744 4374.5 8.4239 9982.0 17.573 "" "" 0.0027696012302350272 0.0034866065 0.0042352327 0.0077218395 244.93458909667 -49.71279064202 1909.07422 -5.1499999999999995 -6.616999999999999
244.9521053052 -49.52008731463 0.0247 0.0166 16.1412 "" "" 5935607149119003136 2094.37207 0.4394 0.0323 -2.825 -3.708 0.035 0.026 0.976 "" "" 15.573774 2.390245 16.842714 14.452469 "" "" 1955.88062 2234.74463 11102.91133 3.5127 2502.3 7.3868 13127.0 13.398 "" "" 0.002776649528885674 0.004249435 0.003938493 0.008187927 244.9521053052 -49.52008731463 2094.37207 -2.825 -3.7080000000000006
244.70834663808 -49.11136801947 0.0371 0.0243 24.2588 "" "" 5935635079266421504 1811.52551 0.5229 0.0378 -3.014 -2.645 0.052 0.039 1.0 6668.1 3.9169 15.575282 1.621809 16.319836 14.698027 "" "" 1685.52563 1942.43701 11087.50337 3.3039 4050.3 11.207 10470.0 16.983 "" "" 0.0027742498895742024 0.0041000205 0.0041695703 0.008269591 244.70834663808 -49.11136801947 1811.52551 -3.014 -2.6449999999999996
244.00739451274 -49.40045696927 0.0292 0.0207 21.5806 "" "" 5935576328431649920 1474.93311 0.6369 0.0376 1.068 -2.784 0.039 0.029 0.966 7755.8 4.0753 15.57816 1.628337 16.333632 14.705295 "" "" 1394.47705 1567.87842 11058.15566 3.6631 3999.1 13.193 10400.0 13.738 "" "" 0.0027786945992933857 0.0045403293 0.0040423633 0.008582693 244.00739451274 -49.40045696927 1474.93311 1.0680000000000003 -2.784
244.74457259184 -49.49890272848 0.0245 0.0168 8.0145 "" "" 5935609485581349120 1782.1543 0.5071 0.0332 -4.734 -4.572 0.036 0.028 1.014 "" "" 15.589294 2.870691 17.231934 14.361242 2.2 3.29 1672.43469 1908.93811 10945.34627 4.0166 1748.4 7.1553 14278.0 8.1752 "" "" 0.00278397860516489 0.005246759 0.0038301686 0.009076928 244.74457259184 -49.49890272848 1782.1543 -4.734 -4.572
244.86892687807 -49.82354055188 0.0275 0.0189 23.2471 "" "" 5935507261042598656 2038.51074 0.4545 0.0371 -3.993 -3.452 0.038 0.032 1.015 6089.0 3.1545 15.590238 1.912567 16.540728 14.62816 "" "" 1873.97095 2223.04663 10935.82526 2.7929 3304.7 7.5627 11166.0 12.004 "" "" 0.0027692376213490338 0.0037361272 0.003955519 0.007691646 244.86892687807 -49.82354055188 2038.51074 -3.9930000000000003 -3.4519999999999995
244.89805591874 -49.82783918216 0.0283 0.0178 24.099 "" "" 5935507437154676608 1969.58337 0.4705 0.0349 -1.284 -2.492 0.04 0.031 0.934 8375.8 3.752 15.590598 1.190437 16.100775 14.910337 "" "" 1824.06787 2106.93872 10932.20045 2.8233 4955.7 10.701 8610.4 9.2777 "" "" 0.0027695508695415485 0.0036443877 0.0039563044 0.007600692 244.89805591874 -49.82783918216 1969.58337 -1.284 -2.4920000000000004
244.40374053684 -49.56101175365 0.028 0.019 6.4015 "" "" 5935529118148983552 1661.79907 0.5737 0.0364 -5.272 -5.889 0.04 0.031 1.011 5168.2 3.6355 15.592707 1.68948 16.394917 14.705437 "" "" 1564.95349 1796.99512 10910.98642 3.11 3779.6 8.1783 10399.0 10.1 "" "" 0.002772645310109286 0.0036475107 0.00392374 0.00757125 244.40374053684 -49.56101175365 1661.79907 -5.272 -5.888999999999999
244.34245115876 -49.45971538037 0.0294 0.0195 8.0363 "" "" 5935530767416494976 2138.09888 0.4313 0.0364 -2.58 -2.684 0.037 0.03 0.943 "" "" 15.594154 1.508953 16.286556 14.777603 "" "" 1982.77332 2288.5957 10896.44858 3.2418 4176.3 9.6285 9730.1 10.07 "" "" 0.0027741898773451608 0.0037484579 0.003942886 0.007691344 244.34245115876 -49.45971538037 2138.09888 -2.58 -2.6839999999999997
244.41877482436 -49.29059413855 0.0277 0.0189 13.4283 "" "" 5935627043408363008 1688.36096 0.558 0.0355 -3.219 -3.252 0.039 0.03 1.043 7172.0 3.8522 15.594511 1.395452 16.213013 14.817561 "" "" 1575.25122 1839.25354 10892.86966 3.4714 4469.0 9.0228 9378.5 11.194 "" "" 0.002776960790255446 0.0035482727 0.0039953873 0.00754366 244.41877482436 -49.29059413855 1688.36096 -3.219 -3.251999999999999
244.11891612636 -49.77763310895 0.032 0.0224 23.307 "" "" 5935544236434945280 1774.95361 0.5289 0.042 -0.36 -1.604 0.043 0.033 1.259 5276.1 3.219 15.595266 1.880776 16.517069 14.636292 "" "" 1636.00903 1937.54065 10885.29722 3.5242 3377.5 11.947 11083.0 11.744 "" "" 0.0027776523535308867 0.004747051 0.0039506145 0.008697665 244.11891612636 -49.77763310895 1774.95361 -0.36 -1.6040000000000003
244.52598270751 -49.32275912461 0.0263 0.0181 10.6642 "" "" 5935626459292795264 1914.26465 0.4878 0.0342 -2.688 -2.723 0.035 0.029 0.972 "" "" 15.59679 1.8258 16.485565 14.659765 "" "" 1792.96375 2072.90967 10870.02872 2.9494 3476.9 13.056 10846.0 13.006 "" "" 0.002771024428978767 0.004940354 0.0039973534 0.008937707 244.52598270751 -49.32275912461 1914.26465 -2.6880000000000006 -2.722999999999999
244.42355084974 -49.69267311136 0.0266 0.0188 12.3838 "" "" 5935519325623446016 2036.76929 0.4567 0.037 1.001 -4.668 0.038 0.031 1.013 4984.5 3.3108 15.600832 2.124635 16.689207 14.564572 "" "" 1901.38782 2218.99414 10829.64066 3.1508 2882.3 8.6447 11839.0 10.045 "" "" 0.002773368655663439 0.0042882464 0.003890033 0.00817828 244.42355084974 -49.69267311136 2036.76929 1.0009999999999992 -4.668
244.07528080489 -49.37907516876 0.031 0.0219 19.496 "" "" 5935576053554059648 1547.86853 0.6032 0.0403 0.492 -2.762 0.041 0.031 1.065 9630.0 4.2531 15.601433 1.379654 16.208485 14.828831 "" "" 1464.0238 1650.28015 10823.64772 3.136 4487.7 8.1258 9281.7 9.386 "" "" 0.002773219784958761 0.0034131955 0.0039356314 0.007348827 244.07528080489 -49.37907516876 1547.86853 0.49200000000000044 -2.7620000000000005
244.6422031151 -49.65999479539 0.026 0.0177 10.3904 "" "" 5935513140871067776 1603.33252 0.5927 0.0345 -0.324 -3.239 0.038 0.03 1.011 9005.5 3.7393 15.601612 1.567527 16.323952 14.756425 "" "" 1520.28833 1690.63196 10821.86088 2.8477 4034.9 10.572 9921.7 9.4177 "" "" 0.0027700931913311193 0.003984698 0.003917375 0.007902073 244.6422031151 -49.65999479539 1603.33252 -0.32399999999999995 -3.239
