Clusters/UBC_542/UBC_542_members.tsv
# %ECSV 1.0
# ---
# datatype:
# - name: RA_ICRS_1
#   unit: deg
#   datatype: float64
#   format: '{:15.11f}'
#   description: Right ascension (ICRS) at Ep=2016.0 (ra)
#   meta: !!omap
#   - {ucd: POS_EQ_RA_MAIN}
#   - {width: 15}
#   - {precision: '11'}
# - name: DE_ICRS_1
#   unit: deg
#   datatype: float64
#   format: '{:15.11f}'
#   description: Declination (ICRS) at Ep=2016.0 (dec)
#   meta: !!omap
#   - {ucd: POS_EQ_DEC_MAIN}
#   - {width: 15}
#   - {precision: '11'}
# - name: e_RA_ICRS
#   unit: mas
#   datatype: float64
#   format: '{:7.4f}'
#   description: Standard error of right ascension (ra_error)
#   meta: !!omap
#   - {ucd: ERROR}
#   - {width: 7}
#   - {precision: '4'}
# - name: e_DE_ICRS
#   unit: mas
#   datatype: float64
#   format: '{:7.4f}'
#   description: Standard error of declination (dec_error)
#   meta: !!omap
#   - {ucd: ERROR}
#   - {width: 7}
#   - {precision: '4'}
# - name: _r_1
#   unit: ''
#   datatype: float64
#   format: '{:7.4f}'
#   description: Distance from center (244.53891182000-49.50029610000)[ICRS], at Epoch=J2016.0
#   meta: !!omap
#   - {ucd: POS_ANG_DIST_GENERAL}
#   - {width: 7}
#   - {precision: '4'}
# - name: HIP
#   datatype: int32
#   description: '? HIP cross-id number, van Leeuwen, Cat. I/311 (hip_original_ext_source_id)'
#   meta: !!omap
#   - {ucd: ID_NUMBER}
#   - {width: 6}
#   - values: {'null': -2147483648}
# - name: TYC2
#   datatype: string
#   description: Tycho-2 cross-id name, Hog et al., Cat. I/259 (tyc2_original_ext_source_id)
#   meta: !!omap
#   - {ucd: ID_CROSSID}
#   - {_votable_string_dtype: char}
# - name: Source
#   datatype: int64
#   description: Source identifier, identical to the Gaia-EDR3 source_id (id)
#   meta: !!omap
#   - {ucd: ID_MAIN}
#   - {width: 19}
# - name: rgeo
#   unit: pc
#   datatype: float64
#   format: '{:15.8f}'
#   description: '? Median of the geometric distance posterior (r_med_geo)'
#   meta: !!omap
#   - {ucd: PHYS_DISTANCE_TRUE}
#   - {width: 15}
#   - {precision: '8'}
#   - values: {'null': .nan}
# - name: Plx
#   unit: mas
#   datatype: float64
#   format: '{:9.4f}'
#   description: '? Parallax (parallax)'
#   meta: !!omap
#   - {ucd: POS_PARLX_TRIG}
#   - {width: 9}
#   - {precision: '4'}
#   - values: {'null': .nan}
# - name: e_Plx
#   unit: mas
#   datatype: float32
#   format: '{:7.4f}'
#   description: '? Standard error of parallax (parallax_error)'
#   meta: !!omap
#   - {ucd: ERROR}
#   - {width: 7}
#   - {precision: '4'}
#   - values: {'null': .nan}
# - name: pmRA
#   unit: mas / yr
#   datatype: float64
#   format: '{:9.3f}'
#   description: '? Proper motion in right ascension direction, pmRA*cosDE (pmra)'
#   meta: !!omap
#   - {ucd: POS_EQ_PMRA}
#   - {width: 9}
#   - {precision: '3'}
#   - values: {'null': .nan}
# - name: pmDE
#   unit: mas / yr
#   datatype: float64
#   format: '{:9.3f}'
#   description: '? Proper motion in declination direction (pmdec)'
#   meta: !!omap
#   - {ucd: POS_EQ_PMDEC}
#   - {width: 9}
#   - {precision: '3'}
#   - values: {'null': .nan}
# - name: e_pmRA
#   unit: mas / yr
#   datatype: float32
#   format: '{:6.3f}'
#   description: '? Standard error of proper motion in right ascension direction (pmra_error)'
#   meta: !!omap
#   - {ucd: ERROR}
#   - {width: 6}
#   - {precision: '3'}
#   - values: {'null': .nan}
# - name: e_pmDE
[...]
#         unit: &id001 !astropy.units.Unit {unit: deg}
#         value: !astropy.table.SerializedColumn {name: SkyCoord.dec}
#       distance: !astropy.table.SerializedColumn
#         __class__: astropy.coordinates.distances.Distance
#         unit: !astropy.units.Unit {unit: pc}
#         value: !astropy.table.SerializedColumn {name: SkyCoord.distance}
#       frame: icrs
#       obstime: !astropy.time.Time {format: jyear_str, in_subfmt: '*', jd1: 367701545.0, jd2: 0.0, out_subfmt: '*', precision: 3, scale: tt}
#       pm_dec: !astropy.table.SerializedColumn
#         __class__: astropy.units.quantity.Quantity
#         unit: !astropy.units.Unit {unit: mas / yr}
#         value: !astropy.table.SerializedColumn {name: SkyCoord.pm_dec}
#       pm_ra_cosdec: !astropy.table.SerializedColumn
#         __class__: astropy.units.quantity.Quantity
#         unit: !astropy.units.Unit {unit: mas / yr}
#         value: !astropy.table.SerializedColumn {name: SkyCoord.pm_ra_cosdec}
#       ra: !astropy.table.SerializedColumn
#         __class__: astropy.coordinates.angles.Longitude
#         unit: *id001
#         value: !astropy.table.SerializedColumn {name: SkyCoord.ra}
#         wrap_angle: !astropy.coordinates.Angle
#           unit: *id001
#           value: 360.0
#       representation_type: spherical
# schema: astropy-2.0
RA_ICRS_1 DE_ICRS_1 e_RA_ICRS e_DE_ICRS _r_1 HIP TYC2 Source rgeo Plx e_Plx pmRA pmDE e_pmRA e_pmDE RUWE Teff logg Gmag BP-RP BPmag RPmag RV e_RV b_rgeo B_rgeo FG e_FG FBP e_FBP FRP e_FRP RAVE5 RAVE6 e_Gmag e_BPmag e_RPmag e_BP-RP SkyCoord.ra SkyCoord.dec SkyCoord.distance SkyCoord.pm_ra_cosdec SkyCoord.pm_dec Pmemb
[from data line 41]
244.56686398826 -49.49205783706 0.0369 0.0235 1.1962 "" "" 5935527945619120128 1663.53577 0.6038 0.0506 -0.238 -1.551 0.051 0.039 0.974 8731.0 4.1616 16.100899 1.556425 16.821321 15.264896 "" "" 1528.16614 1854.07166 6832.61975 2.5167 2552.0 10.69 6211.5 7.8035 "" "" 0.0027841914451735023 0.0053356756 0.0040179905 0.009353666 244.56686398826 -49.49205783706 1663.53577 -0.23799999999999988 -1.5510000000000002 0.8
244.54115619118 -49.30908407767 0.0355 0.0239 11.4731 "" "" 5935626424932751744 1431.87561 0.6757 0.045 -0.549 -1.155 0.048 0.037 1.019 7491.9 3.9952 16.135899 1.597807 16.881218 15.283411 "" "" 1357.24512 1515.43848 6615.87925 2.521 2415.1 9.9218 6106.5 10.92 "" "" 0.0027862081815211927 0.00526125 0.004248935 0.009510185 244.54115619118 -49.30908407767 1431.87561 -0.5490000000000003 -1.1550000000000005 0.86
244.58538856077 -49.46882738041 0.0395 0.0241 2.6167 "" "" 5935528362235243008 1486.28955 0.6393 0.048 -0.339 -1.334 0.053 0.041 0.979 8967.6 3.6218 16.191376 1.6288 16.947195 15.318395 "" "" 1399.34082 1592.45117 6286.31847 2.3536 2272.7 8.6724 5912.9 8.492 "" "" 0.0027851448228774613 0.004994999 0.0040884214 0.00908342 244.58538856077 -49.46882738041 1486.28955 -0.3390000000000001 -1.3340000000000005 0.96
244.50264097339 -49.41586451041 0.0372 0.0251 5.2597 "" "" 5935531660769863552 1547.25964 0.6271 0.0476 -0.524 -1.306 0.051 0.041 0.952 5511.1 4.2821 16.197763 1.662493 16.980171 15.317678 "" "" 1440.59875 1652.16602 6249.44316 2.4327 2204.7 9.738 5916.8 7.7443 "" "" 0.0027875463616807003 0.005548243 0.004037723 0.009585965 244.50264097339 -49.41586451041 1547.25964 -0.524 -1.306 0.97
244.38913853099 -49.45606575593 0.0427 0.0273 6.4136 "" "" 5935530698697014528 1583.85791 0.614 0.0523 -0.58 -1.266 0.055 0.044 1.096 6953.7 4.047 16.285059 1.687603 17.081343 15.39374 "" "" 1466.625 1712.22656 5766.64097 3.7917 2008.5 10.138 5516.5 12.736 "" "" 0.002846302477911547 0.0061496985 0.004535088 0.010684786 244.38913853099 -49.45606575593 1583.85791 -0.5799999999999998 -1.266 0.86
244.45487798297 -49.36117426876 0.0384 0.026 8.9683 "" "" 5935532829000993792 1534.8728 0.641 0.0492 -0.719 -1.105 0.052 0.04 1.013 8360.0 4.1601 16.304708 1.679082 17.090067 15.410985 "" "" 1422.69263 1644.63232 5663.2187 2.5778 1992.5 10.487 5429.6 11.042 "" "" 0.002799291236869903 0.0063592778 0.004377112 0.010736389 244.45487798297 -49.36117426876 1534.8728 -0.7189999999999999 -1.1049999999999998 0.88
244.61299406841 -49.54748492354 0.0364 0.0246 4.0425 "" "" 5935527022192790912 1866.32349 0.5067 0.0468 -0.435 -1.362 0.053 0.041 0.993 8230.2 3.9131 16.313429 1.700584 17.127123 15.426538 "" "" 1736.12634 2024.1803 5617.91081 2.1248 1925.6 5.3764 5352.3 8.6755 "" "" 0.0027857529489425997 0.004120038 0.0041690334 0.008289071 244.61299406841 -49.54748492354 1866.32349 -0.4350000000000001 -1.362 0.98
244.43228419507 -49.48424535915 0.0466 0.0289 4.2657 "" "" 5935529805343955456 1603.11707 0.5966 0.0558 -0.541 -1.352 0.061 0.047 0.972 6926.3 4.0037 16.468206 1.426572 17.102108 15.675536 "" "" 1473.7207 1783.29919 4871.52004 2.506 1970.5 7.2501 4255.4 7.9554 "" "" 0.002811358579842791 0.004872704 0.0042899507 0.009162655 244.43228419507 -49.48424535915 1603.11707 -0.541 -1.3519999999999996 0.97
244.54404483295 -49.56279143009 0.0421 0.0299 3.755 "" "" 5935526197571377920 1447.05237 0.6687 0.0559 -0.431 -1.247 0.061 0.05 1.035 4945.8 4.2759 16.482548 1.637186 17.24746 15.610273 "" "" 1355.53931 1565.93872 4807.59179 2.6857 1723.6 9.4691 4519.1 8.198 "" "" 0.002821288941101424 0.006585134 0.004261818 0.010846952 244.54404483295 -49.56279143009 1447.05237 -0.431 -1.2470000000000006 0.95
244.56397393841 -49.67622259535 0.0429 0.0304 10.6005 "" "" 5935524479584169088 1587.36804 0.6177 0.0559 -0.385 -1.465 0.06 0.049 1.0 7097.5 4.0091 16.656689 1.709614 17.478212 15.768599 "" "" 1463.47778 1748.23511 4095.16518 1.7931 1393.6 7.5953 3905.9 9.9845 "" "" 0.002796031598344097 0.006542225 0.0046889987 0.011231223 244.56397393841 -49.67622259535 1587.36804 -0.3849999999999999 -1.4649999999999999 0.87
