Clusters/IC_2581/IC_2581_stars_in_region.tsv
# %ECSV 1.0
# ---
# datatype:
# - name: RA_ICRS_1
#   unit: deg
#   datatype: float64
#   format: '{:15.11f}'
#   description: Right ascension (ICRS) at Ep=2016.0 (ra)
#   meta: !!omap
#   - {ucd: POS_EQ_RA_MAIN}
#   - {width: 15}
#   - {precision: '11'}
# - name: DE_ICRS_1
#   unit: deg
#   datatype: float64
#   format: '{:15.11f}'
#   description: Declination (ICRS) at Ep=2016.0 (dec)
#   meta: !!omap
#   - {ucd: POS_EQ_DEC_MAIN}
#   - {width: 15}
#   - {precision: '11'}
# - name: e_RA_ICRS
#   unit: mas
#   datatype: float64
#   format: '{:7.4f}'
#   description: Standard error of right ascension (ra_error)
#   meta: !!omap
#   - {ucd: ERROR}
#   - {width: 7}
#   - {precision: '4'}
# - name: e_DE_ICRS
#   unit: mas
#   datatype: float64
#   format: '{:7.4f}'
#   description: Standard error of declination (dec_error)
#   meta: !!omap
#   - {ucd: ERROR}
#   - {width: 7}
#   - {precision: '4'}
# - name: _r_1
#   unit: ''
#   datatype: float64
#   format: '{:7.4f}'
#   description: Distance from center (156.86281281000-57.62540450000)[ICRS], at Epoch=J2016.0
#   meta: !!omap
#   - {ucd: POS_ANG_DIST_GENERAL}
#   - {width: 7}
#   - {precision: '4'}
# - name: HIP
#   datatype: int32
#   description: '? HIP cross-id number, van Leeuwen, Cat. I/311 (hip_original_ext_source_id)'
#   meta: !!omap
#   - {ucd: ID_NUMBER}
#   - {width: 6}
#   - values: {'null': -2147483648}
# - name: TYC2
#   datatype: string
#   description: Tycho-2 cross-id name, Hog et al., Cat. I/259 (tyc2_original_ext_source_id)
#   meta: !!omap
#   - {ucd: ID_CROSSID}
#   - {_votable_string_dtype: char}
# - name: Source
#   datatype: int64
#   description: Source identifier, identical to the Gaia-EDR3 source_id (id)
#   meta: !!omap
#   - {ucd: ID_MAIN}
#   - {width: 19}
# - name: rgeo
#   unit: pc
#   datatype: float64
#   format: '{:15.8f}'
#   description: '? Median of the geometric distance posterior (r_med_geo)'
#   meta: !!omap
#   - {ucd: PHYS_DISTANCE_TRUE}
#   - {width: 15}
#   - {precision: '8'}
#   - values: {'null': .nan}
# - name: Plx
#   unit: mas
#   datatype: float64
#   format: '{:9.4f}'
#   description: '? Parallax (parallax)'
#   meta: !!omap
#   - {ucd: POS_PARLX_TRIG}
#   - {width: 9}
#   - {precision: '4'}
#   - values: {'null': .nan}
# - name: e_Plx
#   unit: mas
#   datatype: float32
#   format: '{:7.4f}'
#   description: '? Standard error of parallax (parallax_error)'
#   meta: !!omap
#   - {ucd: ERROR}
#   - {width: 7}
#   - {precision: '4'}
#   - values: {'null': .nan}
# - name: pmRA
#   unit: mas / yr
#   datatype: float64
#   format: '{:9.3f}'
#   description: '? Proper motion in right ascension direction, pmRA*cosDE (pmra)'
#   meta: !!omap
#   - {ucd: POS_EQ_PMRA}
#   - {width: 9}
#   - {precision: '3'}
#   - values: {'null': .nan}
# - name: pmDE
#   unit: mas / yr
#   datatype: float64
#   format: '{:9.3f}'
#   description: '? Proper motion in declination direction (pmdec)'
#   meta: !!omap
#   - {ucd: POS_EQ_PMDEC}
#   - {width: 9}
#   - {precision: '3'}
#   - values: {'null': .nan}
# - name: e_pmRA
#   unit: mas / yr
#   datatype: float32
#   format: '{:6.3f}'
#   description: '? Standard error of proper motion in right ascension direction (pmra_error)'
#   meta: !!omap
#   - {ucd: ERROR}
#   - {width: 6}
#   - {precision: '3'}
#   - values: {'null': .nan}
# - name: e_pmDE
[...]
#         unit: &id001 !astropy.units.Unit {unit: deg}
#         value: !astropy.table.SerializedColumn {name: SkyCoord.dec}
#       distance: !astropy.table.SerializedColumn
#         __class__: astropy.coordinates.distances.Distance
#         unit: !astropy.units.Unit {unit: pc}
#         value: !astropy.table.SerializedColumn {name: SkyCoord.distance}
#       frame: icrs
#       obstime: !astropy.time.Time {format: jyear_str, in_subfmt: '*', jd1: 367701545.0, jd2: 0.0, out_subfmt: '*', precision: 3, scale: tt}
#       pm_dec: !astropy.table.SerializedColumn
#         __class__: astropy.units.quantity.Quantity
#         unit: !astropy.units.Unit {unit: mas / yr}
#         value: !astropy.table.SerializedColumn {name: SkyCoord.pm_dec}
#       pm_ra_cosdec: !astropy.table.SerializedColumn
#         __class__: astropy.units.quantity.Quantity
#         unit: !astropy.units.Unit {unit: mas / yr}
#         value: !astropy.table.SerializedColumn {name: SkyCoord.pm_ra_cosdec}
#       ra: !astropy.table.SerializedColumn
#         __class__: astropy.coordinates.angles.Longitude
#         unit: *id001
#         value: !astropy.table.SerializedColumn {name: SkyCoord.ra}
#         wrap_angle: !astropy.coordinates.Angle
#           unit: *id001
#           value: 360.0
#       representation_type: spherical
# schema: astropy-2.0
RA_ICRS_1 DE_ICRS_1 e_RA_ICRS e_DE_ICRS _r_1 HIP TYC2 Source rgeo Plx e_Plx pmRA pmDE e_pmRA e_pmDE RUWE Teff logg Gmag BP-RP BPmag RPmag RV e_RV b_rgeo B_rgeo FG e_FG FBP e_FBP FRP e_FRP RAVE5 RAVE6 e_Gmag e_BPmag e_RPmag e_BP-RP SkyCoord.ra SkyCoord.dec SkyCoord.distance SkyCoord.pm_ra_cosdec SkyCoord.pm_dec
[from data line 1579]
157.19110974619 -57.61551439286 0.0347 0.0355 10.5653 "" "" 5351722288140150784 2072.22949 0.4638 0.039 -7.014 4.616 0.047 0.039 0.935 9502.2 4.1825 16.366808 1.410122 16.995966 15.585844 "" "" 1919.51697 2231.11816 5348.3936 2.6199 2172.9 11.347 4621.9 9.8723 "" "" 0.002806180543724278 0.0063191275 0.0044341874 0.010753315 157.19110974619 -57.61551439286 2072.22949 -7.014 4.616
156.53365685351 -57.40677547955 0.0336 0.0346 16.8693 "" "" 5351742319867380992 2471.69531 0.3798 0.0408 -7.687 6.377 0.046 0.04 0.981 5279.6 3.612 16.367655 1.852437 17.281994 15.429557 "" "" 2221.08936 2694.02222 5344.22429 2.5717 1669.6 8.8722 5337.5 9.9207 "" "" 0.0028044183909778017 0.0064088185 0.0042844126 0.010693232 156.53365685351 -57.40677547955 2471.69531 -7.687000000000001 6.376999999999999
157.01277191599 -57.87463455986 0.0419 0.0406 15.7057 "" "" 5351693872619300096 2758.70996 0.3401 0.0474 -7.305 3.71 0.057 0.045 1.091 "" "" 16.369171 2.184819 17.463366 15.278546 "" "" 2479.83667 3110.14185 5336.76393 4.3178 1412.8 18.183 6133.9 16.158 "" "" 0.0028919603422925466 0.014249466 0.004739586 0.018989053 157.01277191599 -57.87463455986 2758.70996 -7.305 3.710000000000001
157.12734251683 -57.79702809233 0.0382 0.0353 13.3387 "" "" 5351695247025038848 2406.58862 0.3943 0.0418 -4.608 1.146 0.053 0.043 0.996 6072.3 4.3761 16.370836 1.270419 16.927628 15.657208 "" "" 2202.26807 2698.0083 5328.58854 2.5565 2314.0 8.7308 4327.9 9.3447 "" "" 0.0028041274276336104 0.0049564624 0.0044474094 0.009403871 157.12734251683 -57.79702809233 2406.58862 -4.6080000000000005 1.1460000000000004
156.46945088731 -57.65178776385 0.0321 0.0304 12.7318 "" "" 5351714797715817088 1993.04651 0.4721 0.0365 -9.386 2.355 0.041 0.038 0.965 5152.9 4.3912 16.37189 0.98283 16.781078 15.798248 "" "" 1858.84399 2138.12891 5323.42863 2.2614 2648.4 8.1375 3800.7 6.1403 "" "" 0.0027936562696698496 0.0043490496 0.004166598 0.008515648 156.46945088731 -57.65178776385 1993.04651 -9.386000000000001 2.3550000000000004
156.55245335842 -57.85252983095 0.0388 0.0349 16.8673 "" "" 5351702359490220544 2468.79517 0.3821 0.0408 -7.424 2.676 0.053 0.046 1.01 5770.3 4.5455 16.372292 0.958073 16.76165 15.803577 "" "" 2270.62695 2809.45361 5321.45287 2.7009 2696.2 10.06 3782.0 8.6367 "" "" 0.0028098864229550526 0.004918969 0.0045200954 0.009439064 156.55245335842 -57.85252983095 2468.79517 -7.424000000000002 2.676
156.68012322268 -57.82021459481 0.0401 0.0345 13.0724 "" "" 5351704077477320960 2293.04492 0.4161 0.0416 -6.576 3.748 0.055 0.043 1.051 6101.2 4.3803 16.374392 1.227111 16.898863 15.671752 "" "" 2073.96094 2536.06274 5311.17133 2.5361 2376.1 8.2075 4270.3 9.859 "" "" 0.002803671111953029 0.0046744077 0.004535104 0.009209512 156.68012322268 -57.82021459481 2293.04492 -6.576 3.748
156.62719921459 -57.43698534734 0.0324 0.0325 13.6162 "" "" 5351741323435006976 2386.74927 0.3913 0.0384 -5.986 2.108 0.043 0.039 1.027 5990.3 4.4531 16.374504 1.010354 16.79282 15.782466 "" "" 2199.82104 2620.78882 5310.62257 4.8815 2619.9 10.429 3856.3 12.939 "" "" 0.0029304949555863644 0.0051443675 0.0052492735 0.010393641 156.62719921459 -57.43698534734 2386.74927 -5.986000000000001 2.108
157.28834801737 -57.68631788434 0.0405 0.0422 14.1402 "" "" 5351719642440260096 1968.12903 0.4809 0.047 -3.737 4.237 0.054 0.047 1.203 5641.6 4.6561 16.377056 1.101123 16.83434 15.733216 "" "" 1814.55408 2154.5061 5298.14683 2.6808 2521.6 9.0005 4035.3 11.339 "" "" 0.0028095545006237444 0.0047753165 0.00485711 0.009632426 157.28834801737 -57.68631788434 1968.12903 -3.737 4.237
157.23573743492 -57.82348869435 0.0389 0.0352 16.8528 "" "" 5351507642865567616 2704.47168 0.3514 0.0423 -7.466 5.665 0.053 0.041 0.959 "" "" 16.379953 1.167161 16.857342 15.690181 "" "" 2440.49536 2963.42261 5284.0273 2.5005 2468.8 13.301 4198.4 14.893 "" "" 0.002802814681809214 0.0064809197 0.005396044 0.011876963 157.23573743492 -57.82348869435 2704.47168 -7.466000000000001 5.665
157.3727558005 -57.66014457022 0.035 0.0367 16.5073 "" "" 5351533550110253312 2205.47583 0.4294 0.0425 -7.152 3.202 0.049 0.041 1.004 8914.8 4.3115 16.380423 1.484328 17.052128 15.5678 "" "" 2031.86719 2391.75342 5281.75008 2.7589 2063.3 8.0718 4699.4 11.977 "" "" 0.002813081141894009 0.0050819498 0.0046840953 0.009766045 157.3727558005 -57.66014457022 2205.47583 -7.151999999999999 3.2020000000000004
156.92464046354 -57.36447699496 0.0331 0.032 15.7821 "" "" 5351745579729487488 2222.32397 0.4337 0.0405 -11.616 5.743 0.044 0.036 0.967 5617.6 4.6214 16.380772 1.09525 16.817072 15.721822 "" "" 2067.5022 2411.34448 5280.04884 2.5051 2562.1 11.057 4077.8 22.979 "" "" 0.002803059349832187 0.0054534324 0.0071914606 0.012644893 156.92464046354 -57.36447699496 2222.32397 -11.615999999999996 5.743
157.09362818993 -57.77292937118 0.0419 0.0404 11.5375 "" "" 5351696002939301504 2562.08228 0.3809 0.0466 -7.134 3.359 0.058 0.046 1.139 5884.2 4.4403 16.382322 1.026509 16.715868 15.689359 "" "" 2269.99536 2921.3269 5272.5115 3.2299 2812.4 47.242 4201.6 26.452 "" "" 0.0028344603510119092 0.018450122 0.007810718 0.02626084 157.09362818993 -57.77292937118 2562.08228 -7.134 3.359
156.49848191492 -57.46805330153 0.0713 0.0704 15.0576 "" "" 5351718439848448128 2686.42627 0.3838 0.0861 -4.098 1.574 0.096 0.084 2.354 5313.1 4.612 16.382917 1.275538 16.893318 15.61778 "" "" 2185.60767 3455.15161 5269.62434 8.6269 2388.3 8.3579 4487.9 8.0538 "" "" 0.0032788941923732043 0.0047139847 0.004252065 0.008966049 156.49848191492 -57.46805330153 2686.42627 -4.098 1.5740000000000003
156.89346566389 -57.41296068994 0.0341 0.0311 12.7848 "" "" 5351739536728897408 2419.19995 0.3862 0.0401 -6.371 2.643 0.045 0.036 1.059 5304.9 4.3864 16.382942 0.976817 16.782053 15.805236 "" "" 2186.72607 2706.83374 5269.50552 2.5727 2646.0 9.9326 3776.3 9.4962 "" "" 0.0028058469345458074 0.0049392316 0.004662421 0.009601653 156.89346566389 -57.41296068994 2419.19995 -6.371000000000001 2.643
156.6696556142 -57.49477692442 0.0331 0.0322 10.0038 "" "" 5351737956180576000 2864.76221 0.3277 0.04 -7.069 4.084 0.042 0.038 0.999 6723.1 4.2864 16.38308 1.271849 16.93882 15.666971 "" "" 2613.72754 3283.21655 5268.83742 2.5821 2290.3 6.8234 4289.1 11.747 "" "" 0.0028062262628626954 0.0042717997 0.0048089633 0.009080763 156.6696556142 -57.49477692442 2864.76221 -7.069 4.084
156.98281540964 -57.47428869133 0.0324 0.032 9.8557 "" "" 5351727064143844736 2882.6958 0.3374 0.0395 -5.311 3.693 0.043 0.036 0.939 "" "" 16.383894 1.147704 16.87247 15.724767 "" "" 2564.9812 3277.88306 5264.88876 2.4125 2434.6 8.3955 4066.8 8.0036 "" "" 0.002799876115092461 0.004669375 0.0043416005 0.009010975 156.98281540964 -57.47428869133 2882.6958 -5.311 3.6930000000000005
157.11716478736 -57.70578727367 0.0352 0.0349 9.4809 "" "" 5351720089117440256 2476.62476 0.3894 0.0396 -4.563 4.019 0.048 0.042 1.041 5850.8 4.5363 16.384441 0.9435 16.764109 15.820608 "" "" 2266.06372 2723.63721 5262.23036 2.3572 2690.1 9.9402 3723.2 12.06 "" "" 0.0027979149066557096 0.004886763 0.005162562 0.0100493245 157.11716478736 -57.70578727367 2476.62476 -4.563000000000001 4.019
156.94735733638 -57.57122629779 0.0373 0.041 4.2374 "" "" 5351724658961958144 2387.8855 0.394 0.0452 -7.355 2.625 0.049 0.046 1.089 5618.9 4.5642 16.386358 0.998457 16.800095 15.801638 "" "" 2163.67554 2650.97437 5252.94869 2.6294 2602.4 8.9831 3788.8 10.435 "" "" 0.0028084073871861917 0.004672372 0.004819298 0.00949167 156.94735733638 -57.57122629779 2387.8855 -7.3549999999999995 2.625
156.88649216138 -57.45264005302 0.0328 0.0309 10.3939 "" "" 5351739017024866304 2795.50391 0.3378 0.0387 -5.236 2.627 0.044 0.037 1.036 6066.1 4.382 16.386992 1.223064 16.888727 15.665663 "" "" 2534.89478 3112.73291 5249.89334 2.1594 2398.4 9.3353 4294.3 14.433 "" "" 0.0027912775087542718 0.0050640153 0.005253554 0.01031757 156.88649216138 -57.45264005302 2795.50391 -5.236 2.627
156.63214687255 -57.54568242265 0.0328 0.0326 8.8271 "" "" 5351713938722704256 2875.30591 0.323 0.0391 -6.807 5.863 0.043 0.039 1.043 4880.0 4.0902 16.387375 1.830394 17.225428 15.395034 "" "" 2597.7876 3243.29199 5248.03847 2.9396 1758.9 14.479 5509.9 30.842 "" "" 0.002821638532171695 0.009363014 0.007156775 0.016519789 156.63214687255 -57.54568242265 2875.30591 -6.807000000000002 5.863
156.79815116411 -57.41237172768 0.0333 0.0308 12.9507 "" "" 5351739914685935104 2549.21021 0.3675 0.0386 -6.973 2.353 0.044 0.037 1.005 7323.8 4.3299 16.387922 1.206797 16.904118 15.697321 "" "" 2329.92285 2832.31274 5245.39119 2.1522 2364.7 7.3778 4170.9 8.9283 "" "" 0.0027911006087700464 0.00438862 0.0044368207 0.008825441 156.79815116411 -57.41237172768 2549.21021 -6.972999999999999 2.3529999999999998
157.22743611969 -57.72279195594 0.0343 0.0339 13.0767 "" "" 5351719161403803904 2303.36914 0.4176 0.0391 -5.8 3.458 0.047 0.039 1.0 "" "" 16.38859 1.295417 16.95377 15.658353 "" "" 2125.98389 2493.60034 5242.16702 2.296 2259.0 7.9071 4323.3 10.272 "" "" 0.002796055421113927 0.0047146394 0.004575852 0.009290491 157.22743611969 -57.72279195594 2303.36914 -5.799999999999999 3.4579999999999997
156.49510160952 -57.49136046278 0.0378 0.0389 14.3094 "" "" 5351718027515965312 2233.60938 0.4266 0.046 -4.847 2.733 0.05 0.046 1.249 9651.1 4.2598 16.391478 1.679912 17.03968 15.359769 "" "" 2036.17871 2479.51025 5228.2388 4.2414 2087.1 24.853 5691.8 105.06 "" "" 0.0028926805628071736 0.013226494 0.020393917 0.03362041 156.49510160952 -57.49136046278 2233.60938 -4.847000000000001 2.733
156.95830570934 -57.91299509652 0.0385 0.0351 17.5239 "" "" 5351687790961437824 2002.44458 0.4768 0.0418 -8.971 2.82 0.053 0.042 0.955 4787.2 4.3706 16.393185 1.159635 16.897583 15.737948 "" "" 1840.26428 2204.31396 5220.03001 2.5393 2378.9 8.1217 4017.7 9.1788 "" "" 0.0028054842943707778 0.0046395212 0.0045206663 0.009160187 156.95830570934 -57.91299509652 2002.44458 -8.971 2.8199999999999994
156.73882972339 -57.39337696721 0.0344 0.0313 14.4838 "" "" 5351740150890808960 2871.62891 0.3242 0.0405 -7.181 3.149 0.048 0.037 0.976 7535.6 4.1951 16.395004 1.102877 16.860415 15.757538 "" "" 2607.04004 3230.32275 5211.28441 2.5547 2461.8 8.2194 3945.9 13.161 "" "" 0.0028062580693136796 0.004574483 0.005234281 0.009808764 156.73882972339 -57.39337696721 2871.62891 -7.180999999999999 3.149
157.11761079481 -57.64957842194 0.0344 0.0344 8.3107 "" "" 5351720845031014784 2459.21289 0.3688 0.0388 -3.565 2.67 0.045 0.041 0.986 5162.3 4.2144 16.396215 1.493257 17.076376 15.583119 "" "" 2207.09595 2729.19971 5205.4787 2.4089 2017.7 10.011 4633.5 6.3256 "" "" 0.002800755838267367 0.006066678 0.0040596486 0.010126326 157.11761079481 -57.64957842194 2459.21289 -3.565000000000001 2.6699999999999995
157.09526584253 -57.77117324058 0.0403 0.0384 11.491 "" "" 5351696380896428288 2852.54224 0.3261 0.0453 -9.027 8.776 0.056 0.043 1.049 6703.5 4.2254 16.396215 1.280538 16.954262 15.673724 "" "" 2514.80859 3320.53589 5205.48051 2.4221 2257.9 8.6314 4262.5 8.9265 "" "" 0.0028012510259785607 0.0050011734 0.004410627 0.009411801 157.09526584253 -57.77117324058 2852.54224 -9.026999999999997 8.776
156.91872979964 -57.91021025283 0.039 0.0352 17.1818 "" "" 5351687962760091776 2676.79346 0.3501 0.0423 -6.46 5.122 0.054 0.042 0.936 8523.2 4.309 16.39624 1.23644 16.930515 15.694076 "" "" 2417.4248 2994.35132 5205.36264 2.6234 2307.9 10.464 4183.4 9.0268 "" "" 0.0028091290200510993 0.0056584636 0.0044466024 0.010105066 156.91872979964 -57.91021025283 2676.79346 -6.459999999999999 5.122
157.01365929151 -57.79177221089 0.0393 0.0366 11.0914 "" "" 5351696106018408704 2204.88354 0.4275 0.0429 -5.519 7.514 0.054 0.042 1.066 5582.2 4.5595 16.396484 1.064222 16.837164 15.772942 "" "" 2042.37915 2376.63794 5204.19261 2.7392 2515.1 13.871 3890.3 10.919 "" "" 0.0028139597133109446 0.0066060857 0.004854909 0.011460995 157.01365929151 -57.79177221089 2204.88354 -5.519 7.514
157.22681471873 -57.66039848407 0.0353 0.0346 11.8758 "" "" 5351719917318158592 2827.92529 0.3282 0.0395 -6.539 3.138 0.047 0.04 1.01 "" "" 16.396925 1.493674 17.07806 15.584386 "" "" 2596.09302 3170.26001 5202.07634 2.5365 2014.6 16.731 4628.1 10.126 "" "" 0.002805717701727546 0.009438728 0.0044639492 0.013902677 157.22681471873 -57.66039848407 2827.92529 -6.539000000000001 3.138
156.9520014473 -57.68866394403 0.0335 0.0343 4.7542 "" "" 5351699954309235968 2842.67261 0.3316 0.0377 -7.864 3.412 0.046 0.045 0.938 7455.2 4.284 16.398865 1.133238 16.881516 15.748278 "" "" 2603.69067 3106.27539 5192.78735 2.2242 2414.4 9.2718 3979.7 9.1581 "" "" 0.0027942904041103524 0.005016911 0.004530588 0.009547499 156.9520014473 -57.68866394403 2842.67261 -7.864000000000002 3.412
157.0693696319 -57.5056263021 0.0347 0.0333 9.7893 "" "" 5351726033351714304 2773.85107 0.3412 0.042 -6.084 3.218 0.046 0.037 1.061 7898.1 4.3485 16.399166 1.330746 16.986298 15.655552 "" "" 2454.93115 3144.10913 5191.34648 2.3575 2192.3 8.6524 4334.5 9.8095 "" "" 0.0027990879467424453 0.0051134257 0.0045079184 0.0096213445 157.0693696319 -57.5056263021 2773.85107 -6.084 3.2180000000000004
156.61305771324 -57.84428122027 0.0391 0.0339 15.3773 "" "" 5351703802600076032 2147.49268 0.447 0.0407 -2.75 -2.363 0.057 0.046 0.98 5503.9 4.5537 16.40017 1.088686 16.84751 15.758823 "" "" 1974.52173 2353.49756 5186.5581 2.3597 2491.2 7.5354 3941.2 9.471 "" "" 0.002799249394097425 0.0043093665 0.0045925113 0.008901877 156.61305771324 -57.84428122027 2147.49268 -2.7500000000000004 -2.3630000000000004
157.21099652878 -57.78180458974 0.0401 0.0366 14.5825 "" "" 5351695418823854720 2862.11523 0.3304 0.043 -7.325 4.257 0.053 0.042 1.055 9108.5 4.3414 16.400219 1.094728 16.857553 15.762825 "" "" 2555.43652 3247.90918 5186.32074 2.3205 2468.3 7.1552 3926.7 8.3994 "" "" 0.0027978168389247234 0.004206067 0.0044359285 0.0086419955 157.21099652878 -57.78180458974 2862.11523 -7.325000000000001 4.257
156.76008774146 -57.50306247669 0.0333 0.0318 8.0506 "" "" 5351737745709070080 2131.48096 0.4416 0.0389 -5.851 1.983 0.042 0.038 1.04 6087.6 4.4784 16.400927 0.989986 16.803783 15.813797 "" "" 1971.28845 2308.7417 5182.93516 3.0572 2593.6 12.327 3746.6 12.178 "" "" 0.002828770285106177 0.005866362 0.005170901 0.011037262 156.76008774146 -57.50306247669 2131.48096 -5.850999999999999 1.983
156.51749353194 -57.58865755969 0.0321 0.0311 11.3166 "" "" 5351715381831534336 2894.05103 0.3179 0.0374 -7.001 3.895 0.04 0.037 0.96 6049.5 4.4643 16.402538 0.969253 16.78575 15.816497 "" "" 2607.88208 3220.67456 5175.25249 2.3694 2637.0 10.486 3737.3 9.9297 "" "" 0.0027998006139360945 0.005140539 0.0047545023 0.009895042 156.51749353194 -57.58865755969 2894.05103 -7.001000000000001 3.895
156.90056873159 -57.65234054363 0.0364 0.034 2.0205 "" "" 5351700882022191616 2674.36938 0.3499 0.0408 -7.38 3.619 0.051 0.041 0.989 5298.0 4.3295 16.40264 1.323529 16.984322 15.660792 "" "" 2381.32739 3041.36206 5174.76934 8.9384 2196.3 18.695 4313.6 25.391 "" "" 0.0033330018690076097 0.009653835 0.0074248067 0.017078642 156.90056873159 -57.65234054363 2674.36938 -7.379999999999999 3.6189999999999998
156.39845191597 -57.70284750807 0.0378 0.0339 15.6102 "" "" 5351708406804297984 2793.58643 0.3267 0.042 -7.644 4.98 0.05 0.042 1.003 5035.7 4.1473 16.40383 1.641304 17.181402 15.540098 "" "" 2467.29395 3106.78418 5169.10025 2.5978 1831.7 8.4506 4820.8 6.4317 "" "" 0.0028088297498117393 0.0057337484 0.0040474683 0.009781217 156.39845191597 -57.70284750807 2793.58643 -7.644 4.98
