Clusters/IC_2581/IC_2581_stars_in_region.tsv
# %ECSV 1.0
# ---
# datatype:
# - name: RA_ICRS_1
#   unit: deg
#   datatype: float64
#   format: '{:15.11f}'
#   description: Right ascension (ICRS) at Ep=2016.0 (ra)
#   meta: !!omap
#   - {ucd: POS_EQ_RA_MAIN}
#   - {width: 15}
#   - {precision: '11'}
# - name: DE_ICRS_1
#   unit: deg
#   datatype: float64
#   format: '{:15.11f}'
#   description: Declination (ICRS) at Ep=2016.0 (dec)
#   meta: !!omap
#   - {ucd: POS_EQ_DEC_MAIN}
#   - {width: 15}
#   - {precision: '11'}
# - name: e_RA_ICRS
#   unit: mas
#   datatype: float64
#   format: '{:7.4f}'
#   description: Standard error of right ascension (ra_error)
#   meta: !!omap
#   - {ucd: ERROR}
#   - {width: 7}
#   - {precision: '4'}
# - name: e_DE_ICRS
#   unit: mas
#   datatype: float64
#   format: '{:7.4f}'
#   description: Standard error of declination (dec_error)
#   meta: !!omap
#   - {ucd: ERROR}
#   - {width: 7}
#   - {precision: '4'}
# - name: _r_1
#   unit: ''
#   datatype: float64
#   format: '{:7.4f}'
#   description: Distance from center (156.86281281000-57.62540450000)[ICRS], at Epoch=J2016.0
#   meta: !!omap
#   - {ucd: POS_ANG_DIST_GENERAL}
#   - {width: 7}
#   - {precision: '4'}
# - name: HIP
#   datatype: int32
#   description: '? HIP cross-id number, van Leeuwen, Cat. I/311 (hip_original_ext_source_id)'
#   meta: !!omap
#   - {ucd: ID_NUMBER}
#   - {width: 6}
#   - values: {'null': -2147483648}
# - name: TYC2
#   datatype: string
#   description: Tycho-2 cross-id name, Hog et al., Cat. I/259 (tyc2_original_ext_source_id)
#   meta: !!omap
#   - {ucd: ID_CROSSID}
#   - {_votable_string_dtype: char}
# - name: Source
#   datatype: int64
#   description: Source identifier, identical to the Gaia-EDR3 source_id (id)
#   meta: !!omap
#   - {ucd: ID_MAIN}
#   - {width: 19}
# - name: rgeo
#   unit: pc
#   datatype: float64
#   format: '{:15.8f}'
#   description: '? Median of the geometric distance posterior (r_med_geo)'
#   meta: !!omap
#   - {ucd: PHYS_DISTANCE_TRUE}
#   - {width: 15}
#   - {precision: '8'}
#   - values: {'null': .nan}
# - name: Plx
#   unit: mas
#   datatype: float64
#   format: '{:9.4f}'
#   description: '? Parallax (parallax)'
#   meta: !!omap
#   - {ucd: POS_PARLX_TRIG}
#   - {width: 9}
#   - {precision: '4'}
#   - values: {'null': .nan}
# - name: e_Plx
#   unit: mas
#   datatype: float32
#   format: '{:7.4f}'
#   description: '? Standard error of parallax (parallax_error)'
#   meta: !!omap
#   - {ucd: ERROR}
#   - {width: 7}
#   - {precision: '4'}
#   - values: {'null': .nan}
# - name: pmRA
#   unit: mas / yr
#   datatype: float64
#   format: '{:9.3f}'
#   description: '? Proper motion in right ascension direction, pmRA*cosDE (pmra)'
#   meta: !!omap
#   - {ucd: POS_EQ_PMRA}
#   - {width: 9}
#   - {precision: '3'}
#   - values: {'null': .nan}
# - name: pmDE
#   unit: mas / yr
#   datatype: float64
#   format: '{:9.3f}'
#   description: '? Proper motion in declination direction (pmdec)'
#   meta: !!omap
#   - {ucd: POS_EQ_PMDEC}
#   - {width: 9}
#   - {precision: '3'}
#   - values: {'null': .nan}
# - name: e_pmRA
#   unit: mas / yr
#   datatype: float32
#   format: '{:6.3f}'
#   description: '? Standard error of proper motion in right ascension direction (pmra_error)'
#   meta: !!omap
#   - {ucd: ERROR}
#   - {width: 6}
#   - {precision: '3'}
#   - values: {'null': .nan}
# - name: e_pmDE
[...]
#         unit: &id001 !astropy.units.Unit {unit: deg}
#         value: !astropy.table.SerializedColumn {name: SkyCoord.dec}
#       distance: !astropy.table.SerializedColumn
#         __class__: astropy.coordinates.distances.Distance
#         unit: !astropy.units.Unit {unit: pc}
#         value: !astropy.table.SerializedColumn {name: SkyCoord.distance}
#       frame: icrs
#       obstime: !astropy.time.Time {format: jyear_str, in_subfmt: '*', jd1: 367701545.0, jd2: 0.0, out_subfmt: '*', precision: 3, scale: tt}
#       pm_dec: !astropy.table.SerializedColumn
#         __class__: astropy.units.quantity.Quantity
#         unit: !astropy.units.Unit {unit: mas / yr}
#         value: !astropy.table.SerializedColumn {name: SkyCoord.pm_dec}
#       pm_ra_cosdec: !astropy.table.SerializedColumn
#         __class__: astropy.units.quantity.Quantity
#         unit: !astropy.units.Unit {unit: mas / yr}
#         value: !astropy.table.SerializedColumn {name: SkyCoord.pm_ra_cosdec}
#       ra: !astropy.table.SerializedColumn
#         __class__: astropy.coordinates.angles.Longitude
#         unit: *id001
#         value: !astropy.table.SerializedColumn {name: SkyCoord.ra}
#         wrap_angle: !astropy.coordinates.Angle
#           unit: *id001
#           value: 360.0
#       representation_type: spherical
# schema: astropy-2.0
RA_ICRS_1 DE_ICRS_1 e_RA_ICRS e_DE_ICRS _r_1 HIP TYC2 Source rgeo Plx e_Plx pmRA pmDE e_pmRA e_pmDE RUWE Teff logg Gmag BP-RP BPmag RPmag RV e_RV b_rgeo B_rgeo FG e_FG FBP e_FBP FRP e_FRP RAVE5 RAVE6 e_Gmag e_BPmag e_RPmag e_BP-RP SkyCoord.ra SkyCoord.dec SkyCoord.distance SkyCoord.pm_ra_cosdec SkyCoord.pm_dec
[from data line 281]
156.60719759804 -57.78713532117 0.0135 0.0123 12.7006 "" "" 5351704043117572608 2574.6084 0.3501 0.0143 -5.057 3.221 0.019 0.016 1.007 8726.4 3.5198 14.011354 0.900064 14.351083 13.451018 "" "" 2457.72144 2670.02832 46817.16486 100.72 24830.0 196.32 33018.0 233.51 "" "" 0.003612164501365061 0.0090265 0.008558259 0.01758476 156.60719759804 -57.78713532117 2574.6084 -5.0569999999999995 3.2209999999999996
156.51364498709 -57.57898522026 0.0108 0.0111 11.5653 "" "" 5351715381831546624 2700.87695 0.3311 0.0128 -6.786 2.443 0.014 0.014 0.95 8470.0 3.6761 14.011363 0.68862 14.276597 13.587977 "" "" 2606.45874 2796.30029 46816.78709 9.069 26594.0 19.632 29105.0 14.867 "" "" 0.002763335705102888 0.002903008 0.003819857 0.0067228647 156.51364498709 -57.57898522026 2700.87695 -6.785999999999999 2.4430000000000005
156.60354649585 -57.60201364385 0.0117 0.0116 8.4495 "" "" 5351712289455139968 2270.87085 0.4051 0.0133 -6.134 3.724 0.014 0.014 0.924 "" "" 14.017588 0.780367 14.321007 13.54064 "" "" 2221.75488 2331.4104 46549.15326 8.7615 25528.0 23.408 30402.0 12.854 "" "" 0.0027628882489643676 0.0029624666 0.0038071582 0.0067696245 156.60354649585 -57.60201364385 2270.87085 -6.134 3.7240000000000006
157.32297449584 -57.73256177926 0.0126 0.0133 16.1012 "" "" 5351531763403815680 2474.28076 0.3686 0.0148 -7.142 3.574 0.017 0.015 1.061 "" "" 14.022912 0.811395 14.336945 13.52555 "" "" 2381.74609 2569.71387 46321.44708 8.6567 25156.0 19.905 30827.0 16.975 "" "" 0.0027627812412177447 0.0029194357 0.0038263781 0.006745814 157.32297449584 -57.73256177926 2474.28076 -7.142 3.574
157.23558184133 -57.77653494801 0.014 0.0128 15.0018 "" "" 5351718920885534208 2485.10596 0.3669 0.0153 -5.774 2.14 0.019 0.015 1.017 "" "" 14.031033 0.554244 14.227782 13.673538 "" "" 2371.69238 2579.09204 45976.21623 13.893 27817.0 37.812 26899.0 40.965 "" "" 0.002774784592131314 0.0031564531 0.0041252575 0.0072817104 157.23558184133 -57.77653494801 2485.10596 -5.774000000000001 2.1400000000000006
156.94520983236 -57.56575486547 0.0123 0.0131 4.4529 "" "" 5351725036919088256 2097.83667 0.4434 0.0148 -7.44 0.758 0.016 0.015 0.997 5638.0 3.4381 14.037782 1.275213 14.598606 13.323393 63.18 4.86 2042.15247 2174.30078 45691.34465 7.0932 19769.0 18.271 37136.0 18.496 "" "" 0.0027604707945887196 0.0029651287 0.0038178726 0.006783001 156.94520983236 -57.56575486547 2097.83667 -7.44 0.7579999999999998
156.86056153329 -57.88837218967 0.0139 0.0122 15.7782 "" "" 5351690986417049600 2518.50024 0.3613 0.0146 -7.996 3.395 0.019 0.015 1.016 4681.6 2.5449 14.039962 2.01343 15.060958 13.047528 36.37 1.52 2440.81299 2608.07129 45599.71654 10.36 12913.0 13.66 47879.0 32.081 "" "" 0.002766340010248762 0.0030173173 0.003848762 0.0068660793 156.86056153329 -57.88837218967 2518.50024 -7.996000000000001 3.3950000000000005
156.97029460548 -57.63542089626 0.0118 0.0121 3.5045 "" "" 5351723658219626368 2306.09326 0.3974 0.014 -7.314 3.589 0.015 0.014 1.006 9616.8 3.9662 14.042854 0.503084 14.225599 13.722515 "" "" 2247.76709 2382.67944 45478.40053 13.715 27873.0 21.08 25713.0 17.297 "" "" 0.0027747068442745327 0.0029084876 0.003849307 0.006757795 156.97029460548 -57.63542089626 2306.09326 -7.313999999999999 3.588999999999999
156.57293326667 -57.57758936074 0.0115 0.0117 9.7507 "" "" 5351715313112130560 2370.56543 0.3854 0.0139 -9.133 6.284 0.015 0.014 1.073 4755.0 2.8101 14.043443 1.727595 14.875464 13.147869 5.19 1.57 2293.97559 2463.75317 45453.74355 7.9831 15319.0 14.3 43653.0 21.108 "" "" 0.0027619108959139184 0.002968545 0.0038156717 0.0067842165 156.57293326667 -57.57758936074 2370.56543 -9.133 6.284000000000001
157.13093476406 -57.3826445033 0.0132 0.0122 16.9367 "" "" 5351733042738583936 2168.44775 0.4293 0.016 -9.058 3.59 0.018 0.014 0.961 6774.6 3.7632 14.045789 0.870136 14.395515 13.525378 8.53 6.05 2085.7356 2242.52197 45355.6415 9.4217 23835.0 20.683 30832.0 16.448 "" "" 0.0027645356539411467 0.0029449458 0.0038235076 0.0067684534 157.13093476406 -57.3826445033 2168.44775 -9.058000000000002 3.59
156.77669216472 -57.5701609241 0.012 0.0116 4.319 "" "" 5351713285887781248 2406.29321 0.3781 0.014 -7.282 3.623 0.015 0.014 1.005 "" "" 14.047566 0.475286 14.219606 13.744321 "" "" 2333.48853 2488.77832 45281.42534 12.314 28027.0 19.523 25202.0 14.24 "" "" 0.002771094975893344 0.0028908544 0.0038288487 0.006719703 156.77669216472 -57.5701609241 2406.29321 -7.282 3.623
156.675241382 -57.62130127687 0.0123 0.0121 6.0315 "" "" 5351713423326538752 2153.35913 0.4369 0.014 -9.194 0.643 0.015 0.014 1.034 5085.5 3.0106 14.04981 1.351021 14.655578 13.304557 31.9 2.04 2083.74072 2209.6416 45187.95441 7.1271 18758.0 18.296 37786.0 26.618 "" "" 0.0027606364829894686 0.0029843792 0.0038559956 0.006840375 156.675241382 -57.62130127687 2153.35913 -9.194 0.6429999999999998
156.52404306958 -57.74643594266 0.0139 0.0126 13.0689 "" "" 5351705073909719808 2804.89673 0.3197 0.0146 -5.905 3.401 0.02 0.017 0.995 9152.7 3.7415 14.056602 0.508984 14.240719 13.731735 "" "" 2705.68042 2927.9939 44906.16847 15.419 27487.0 26.162 25496.0 21.778 "" "" 0.0027804259270928985 0.0029753926 0.0038915048 0.0068668975 156.52404306958 -57.74643594266 2804.89673 -5.905000000000001 3.4010000000000007
156.81638854238 -57.66212036589 0.0127 0.0126 2.6599 "" "" 5351700710223397888 2271.75806 0.4022 0.0141 -7.12 3.5 0.018 0.016 1.08 "" "" 14.056995 0.767612 14.350463 13.582851 "" "" 2202.54639 2347.63013 44889.9118 9.5182 24845.0 16.96 29243.0 19.949 "" "" 0.002764920896378658 0.0028869298 0.0038512745 0.0067382045 156.81638854238 -57.66212036589 2271.75806 -7.120000000000001 3.5
157.08131411486 -57.41730644149 0.0127 0.012 14.3338 "" "" 5351733248896922496 2186.26196 0.4237 0.0152 -5.288 4.075 0.017 0.014 0.949 9647.9 4.0758 14.059089 0.589036 14.280542 13.691506 "" "" 2115.23657 2256.31372 44803.43416 13.338 26497.0 17.534 26458.0 12.417 "" "" 0.0027742139818847603 0.0028811886 0.0038135764 0.006694765 157.08131411486 -57.41730644149 2186.26196 -5.288 4.075000000000001
156.90517648273 -57.89866958961 0.0146 0.0133 16.4519 "" "" 5351688065839918592 2220.12769 0.4125 0.016 -8.192 3.353 0.022 0.016 1.002 8954.4 4.114 14.063073 0.413502 14.214894 13.801393 "" "" 2142.70166 2299.86157 44639.29234 16.782 28149.0 18.449 23911.0 12.752 "" "" 0.002785390372903291 0.0028794822 0.0038234813 0.0067029633 156.90517648273 -57.89866958961 2220.12769 -8.191999999999998 3.3530000000000006
156.45946644351 -57.64329094765 0.0118 0.0115 12.9995 "" "" 5351714866435849600 2331.60474 0.3904 0.0135 -5.252 2.667 0.015 0.015 0.983 9307.5 3.8288 14.068241 0.530256 14.264354 13.734098 "" "" 2266.24243 2409.75146 44427.32222 8.8882 26895.0 15.34 25440.0 14.129 "" "" 0.0027638689117411622 0.0028580658 0.0038271842 0.00668525 156.45946644351 -57.64329094765 2331.60474 -5.252 2.6670000000000003
156.63517614714 -57.48648558248 0.0121 0.0121 11.0979 "" "" 5351717512135622912 2470.2085 0.3739 0.015 -7.09 3.797 0.016 0.014 1.029 9830.3 3.6942 14.070199 0.692254 14.331388 13.639134 "" "" 2380.31738 2568.20093 44347.30865 10.283 25285.0 22.289 27765.0 20.803 "" "" 0.002766797720590892 0.0029497568 0.0038659403 0.006815697 156.63517614714 -57.48648558248 2470.2085 -7.090000000000001 3.7969999999999997
157.20863873439 -57.79173758053 0.0158 0.0141 14.9156 "" "" 5351695418823830784 2304.52661 0.3996 0.0169 -7.941 3.781 0.021 0.016 1.086 9837.5 4.0978 14.072233 0.462131 14.240059 13.777928 "" "" 2187.05518 2405.98657 44264.28326 15.43 27504.0 19.277 24434.0 25.905 "" "" 0.00278119263235205 0.0028920795 0.0039507924 0.006842872 157.20863873439 -57.79173758053 2304.52661 -7.941000000000001 3.7810000000000006
157.14943483368 -57.43786692529 0.0128 0.0124 14.5549 "" "" 5351732527342438016 2219.00098 0.4175 0.0156 -8.646 5.468 0.017 0.014 0.942 8109.8 3.8554 14.08994 0.653673 14.339652 13.685979 "" "" 2146.70605 2291.16284 43548.25388 13.365 25093.0 17.651 26593.0 13.955 "" "" 0.0027753955751230845 0.0028928074 0.0038220866 0.006714894 157.14943483368 -57.43786692529 2219.00098 -8.646000000000003 5.468000000000002
156.77240362154 -57.48670769777 0.0128 0.0124 8.816 "" "" 5351737784382002432 2870.76538 0.3114 0.0151 -5.284 2.114 0.019 0.015 0.928 10657.8 3.8066 14.095232 0.423799 14.245542 13.821743 "" "" 2754.42603 3036.7168 43336.51686 12.641 27365.0 20.259 23467.0 23.22 "" "" 0.0027734617331682475 0.0029036424 0.0039291047 0.006832747 156.77240362154 -57.48670769777 2870.76538 -5.284000000000001 2.114
156.72668768243 -57.76861761562 0.0155 0.0133 9.6378 "" "" 5351710124796087936 2309.46533 0.3999 0.0163 -8.026 4.078 0.024 0.017 1.084 7147.0 3.8251 14.095956 0.755959 14.387493 13.631535 55.98 13.32 2217.20679 2389.06201 43307.61851 18.991 24012.0 26.883 27960.0 21.671 "" "" 0.0027961528357900722 0.0030434546 0.0038719361 0.0069153905 156.72668768243 -57.76861761562 2309.46533 -8.026 4.078
157.18406990327 -57.6777473609 0.0129 0.013 10.7812 "" "" 5351719814238874752 2179.60791 0.4217 0.0145 -5.873 2.218 0.017 0.015 0.997 "" "" 14.096557 0.347827 14.224245 13.876418 "" "" 2121.22217 2244.23022 43283.66092 17.915 27907.0 30.564 22315.0 15.461 "" "" 0.0027917261602914767 0.0030329896 0.0038535197 0.0068865092 157.18406990327 -57.6777473609 2179.60791 -5.873 2.218
157.16065029167 -57.83078864938 0.0148 0.0138 15.5852 "" "" 5351694937787365888 2821.40381 0.3233 0.0162 -4.518 0.339 0.021 0.016 1.061 "" "" 14.098905 1.73612 14.910016 13.173896 49.08 2.18 2721.82251 2936.71265 43190.15186 10.697 14839.0 53.371 42619.0 170.36 "" "" 0.0027684111322056337 0.0047994116 0.005754932 0.010554343 157.16065029167 -57.83078864938 2821.40381 -4.518 0.33899999999999986
156.90440234218 -57.61505289161 0.0139 0.0134 1.4736 "" "" 5351701019461225472 2423.82495 0.3706 0.0157 -7.335 3.551 0.017 0.016 1.112 9214.2 3.8316 14.099363 0.500098 14.281171 13.781073 "" "" 2331.16846 2517.13599 43171.92373 12.835 26482.0 22.547 24363.0 18.506 "" "" 0.002774163327816033 0.002939315 0.0038683186 0.0068076337 156.90440234218 -57.61505289161 2423.82495 -7.335000000000002 3.551
156.40136176116 -57.54239504504 0.0113 0.0117 15.6554 "" "" 5351716515702876288 2914.8689 0.3015 0.0136 -5.147 3.117 0.015 0.015 0.939 "" "" 14.106952 0.694512 14.369741 13.675228 "" "" 2815.46387 3043.65186 42871.24699 7.4986 24407.0 14.794 26858.0 16.853 "" "" 0.0027618569194863317 0.0028667317 0.003840296 0.0067070276 156.40136176116 -57.54239504504 2914.8689 -5.147000000000001 3.1170000000000004
156.53872989372 -57.72083638186 0.0141 0.0127 11.8705 "" "" 5351705554946123648 2837.59082 0.3199 0.0148 -2.809 1.95 0.02 0.016 0.983 "" "" 14.107584 1.766599 14.959574 13.192975 72.24 1.94 2732.47144 2976.56299 42846.29376 9.7231 14177.0 14.106 41876.0 27.142 "" "" 0.0027663144062470874 0.0029920049 0.00384434 0.006836345 156.53872989372 -57.72083638186 2837.59082 -2.809 1.95
156.97553662577 -57.70597129159 0.0136 0.0131 6.0377 "" "" 5351699748150796928 2574.06909 0.357 0.015 -7.26 3.554 0.02 0.017 0.921 9947.9 4.1392 14.108332 0.543417 14.304322 13.760905 "" "" 2475.84082 2675.8042 42816.8031 11.39 25923.0 21.751 24820.0 20.97 "" "" 0.002770416739016652 0.0029351267 0.0038891134 0.00682424 156.97553662577 -57.70597129159 2574.06909 -7.259999999999999 3.5539999999999994
156.41829109443 -57.64169092537 0.0126 0.0121 14.3114 "" "" 5351709746834238976 2166.09692 0.4266 0.0141 -6.643 3.879 0.016 0.016 0.918 7171.8 3.9007 14.114907 0.74066 14.403177 13.662518 -23.89 19.73 2107.59424 2229.8396 42558.27428 7.85 23667.0 15.23 27174.0 18.069 "" "" 0.0027625887088465325 0.0028763185 0.003847718 0.0067240363 156.41829109443 -57.64169092537 2166.09692 -6.643000000000001 3.879000000000001
156.39088049629 -57.53623007263 0.013 0.0137 16.0957 "" "" 5351716515702877312 2345.94971 0.3969 0.0158 -6.534 3.746 0.017 0.018 1.252 5609.0 2.9241 14.116892 1.67566 14.898281 13.222621 32.06 2.02 2255.51514 2417.18018 42480.53718 12.102 15000.0 13.062 40748.0 25.283 "" "" 0.0027726270885042744 0.0029460043 0.0038389526 0.006784957 156.39088049629 -57.53623007263 2345.94971 -6.534 3.7459999999999996
157.09591208841 -57.48457236378 0.0124 0.0124 11.3005 "" "" 5351726480028369536 2931.9248 0.311 0.0153 -8.959 7.252 0.017 0.014 0.9 4865.7 2.6534 14.120353 1.781076 14.984371 13.203296 12.83 2.2 2793.77417 3103.32666 42345.33141 9.6739 13857.0 13.905 41480.0 17.291 "" "" 0.002766462154902361 0.0029953385 0.0038063847 0.0068017235 157.09591208841 -57.48457236378 2931.9248 -8.959 7.252000000000002
156.93706810701 -57.58292302734 0.0123 0.0125 3.4921 "" "" 5351724624602187008 2431.95044 0.3769 0.0146 -7.279 3.612 0.016 0.015 1.075 "" "" 14.121867 0.576576 14.334832 13.758256 "" "" 2354.13159 2540.05518 42286.30766 9.3578 25205.0 20.504 24880.0 14.656 "" "" 0.0027657763348081605 0.002926628 0.0038331163 0.006759744 156.93706810701 -57.58292302734 2431.95044 -7.279 3.612
157.09221887645 -57.77245834532 0.019 0.0182 11.4869 "" "" 5351696002939300608 2144.64355 0.4354 0.021 1.349 -1.24 0.026 0.02 1.271 "" "" 14.123367 0.705706 14.394564 13.688858 "" "" 2058.0603 2233.08203 42227.91768 9.5635 23856.0 16.294 26523.0 13.427 "" "" 0.0027662703187409437 0.0028870364 0.0038191406 0.0067061773 157.09221887645 -57.77245834532 2144.64355 1.3489999999999998 -1.24
156.78017445022 -57.74715977924 0.0151 0.0133 7.7713 "" "" 5351698476840220416 2936.73462 0.3105 0.0157 -6.745 3.848 0.021 0.016 1.077 5043.9 2.9187 14.126529 1.780394 14.981924 13.20153 19.87 1.63 2796.02173 3112.63037 42105.16944 11.23 13888.0 29.401 41548.0 44.803 "" "" 0.0027704956244768474 0.003614997 0.0039565754 0.0075715724 156.78017445022 -57.74715977924 2936.73462 -6.744999999999999 3.848
156.81163439584 -57.63087066037 0.0134 0.0123 1.6765 "" "" 5351712873570833024 2479.48438 0.3685 0.0143 -7.287 3.619 0.017 0.015 1.008 9992.8 4.2432 14.129121 0.622113 14.359718 13.737605 "" "" 2408.30127 2558.03442 42004.76343 9.389 24634.0 18.336 25358.0 13.701 "" "" 0.0027659873455980377 0.0029048512 0.0038246382 0.006729489 156.81163439584 -57.63087066037 2479.48438 -7.287 3.6189999999999998
157.01748039787 -57.72992893642 0.016 0.016 7.997 "" "" 5351699679431315072 2883.14819 0.3124 0.0175 -7.662 3.823 0.021 0.019 1.214 4657.7 2.1774 14.13061 1.760431 14.978005 13.217574 16.62 1.71 2731.198 3049.09521 41947.14599 11.233 13938.0 13.492 40938.0 25.417 "" "" 0.002770618010493668 0.0029815491 0.0038390276 0.0068205767 157.01748039787 -57.72992893642 2883.14819 -7.661999999999999 3.8229999999999995
156.71707122818 -57.47679465167 0.012 0.0124 10.0757 "" "" 5351738024900137984 2301.42188 0.3961 0.0148 -5.239 3.041 0.016 0.015 0.977 8984.6 4.1447 14.135625 0.419758 14.290917 13.87116 "" "" 2221.95215 2377.37695 41753.893 17.566 26245.0 27.434 22423.0 24.73 "" "" 0.0027929251243644358 0.003012159 0.0039645424 0.0069767013 156.71707122818 -57.47679465167 2301.42188 -5.239 3.041
156.87577412784 -57.48959548578 0.0124 0.012 8.1592 "" "" 5351737268986019712 2217.55298 0.4144 0.0146 -9.978 0.626 0.016 0.014 1.031 "" "" 14.137187 1.477746 14.818037 13.340291 25.28 2.66 2154.58276 2296.98926 41693.85779 6.1817 16151.0 12.708 36563.0 19.164 "" "" 0.0027600185801859747 0.0029180213 0.0038219853 0.0067400066 156.87577412784 -57.48959548578 2217.55298 -9.977999999999998 0.625999999999999
156.56485497974 -57.87127482284 0.0202 0.0183 17.5682 "" "" 5351702187692360960 2026.79932 0.457 0.0213 -5.607 1.343 0.029 0.025 1.533 5941.8 3.6677 14.138553 1.151604 14.626658 13.475054 -15.6 6.43 1947.38342 2113.12646 41641.4294 36.628 19264.0 73.13 32295.0 74.758 "" "" 0.002916136141831949 0.004977271 0.0045387745 0.009516045 156.56485497974 -57.87127482284 2026.79932 -5.607000000000001 1.343
