Clusters/IC_2581/IC_2581_members.tsv
# %ECSV 1.0
# ---
# datatype:
# - name: RA_ICRS_1
#   unit: deg
#   datatype: float64
#   format: '{:15.11f}'
#   description: Right ascension (ICRS) at Ep=2016.0 (ra)
#   meta: !!omap
#   - {ucd: POS_EQ_RA_MAIN}
#   - {width: 15}
#   - {precision: '11'}
# - name: DE_ICRS_1
#   unit: deg
#   datatype: float64
#   format: '{:15.11f}'
#   description: Declination (ICRS) at Ep=2016.0 (dec)
#   meta: !!omap
#   - {ucd: POS_EQ_DEC_MAIN}
#   - {width: 15}
#   - {precision: '11'}
# - name: e_RA_ICRS
#   unit: mas
#   datatype: float64
#   format: '{:7.4f}'
#   description: Standard error of right ascension (ra_error)
#   meta: !!omap
#   - {ucd: ERROR}
#   - {width: 7}
#   - {precision: '4'}
# - name: e_DE_ICRS
#   unit: mas
#   datatype: float64
#   format: '{:7.4f}'
#   description: Standard error of declination (dec_error)
#   meta: !!omap
#   - {ucd: ERROR}
#   - {width: 7}
#   - {precision: '4'}
# - name: _r_1
#   unit: ''
#   datatype: float64
#   format: '{:7.4f}'
#   description: Distance from center (156.86281281000-57.62540450000)[ICRS], at Epoch=J2016.0
#   meta: !!omap
#   - {ucd: POS_ANG_DIST_GENERAL}
#   - {width: 7}
#   - {precision: '4'}
# - name: HIP
#   datatype: int32
#   description: '? HIP cross-id number, van Leeuwen, Cat. I/311 (hip_original_ext_source_id)'
#   meta: !!omap
#   - {ucd: ID_NUMBER}
#   - {width: 6}
#   - values: {'null': -2147483648}
# - name: TYC2
#   datatype: string
#   description: Tycho-2 cross-id name, Hog et al., Cat. I/259 (tyc2_original_ext_source_id)
#   meta: !!omap
#   - {ucd: ID_CROSSID}
#   - {_votable_string_dtype: char}
# - name: Source
#   datatype: int64
#   description: Source identifier, identical to the Gaia-EDR3 source_id (id)
#   meta: !!omap
#   - {ucd: ID_MAIN}
#   - {width: 19}
# - name: rgeo
#   unit: pc
#   datatype: float64
#   format: '{:15.8f}'
#   description: '? Median of the geometric distance posterior (r_med_geo)'
#   meta: !!omap
#   - {ucd: PHYS_DISTANCE_TRUE}
#   - {width: 15}
#   - {precision: '8'}
#   - values: {'null': .nan}
# - name: Plx
#   unit: mas
#   datatype: float64
#   format: '{:9.4f}'
#   description: '? Parallax (parallax)'
#   meta: !!omap
#   - {ucd: POS_PARLX_TRIG}
#   - {width: 9}
#   - {precision: '4'}
#   - values: {'null': .nan}
# - name: e_Plx
#   unit: mas
#   datatype: float32
#   format: '{:7.4f}'
#   description: '? Standard error of parallax (parallax_error)'
#   meta: !!omap
#   - {ucd: ERROR}
#   - {width: 7}
#   - {precision: '4'}
#   - values: {'null': .nan}
# - name: pmRA
#   unit: mas / yr
#   datatype: float64
#   format: '{:9.3f}'
#   description: '? Proper motion in right ascension direction, pmRA*cosDE (pmra)'
#   meta: !!omap
#   - {ucd: POS_EQ_PMRA}
#   - {width: 9}
#   - {precision: '3'}
#   - values: {'null': .nan}
# - name: pmDE
#   unit: mas / yr
#   datatype: float64
#   format: '{:9.3f}'
#   description: '? Proper motion in declination direction (pmdec)'
#   meta: !!omap
#   - {ucd: POS_EQ_PMDEC}
#   - {width: 9}
#   - {precision: '3'}
#   - values: {'null': .nan}
# - name: e_pmRA
#   unit: mas / yr
#   datatype: float32
#   format: '{:6.3f}'
#   description: '? Standard error of proper motion in right ascension direction (pmra_error)'
#   meta: !!omap
#   - {ucd: ERROR}
#   - {width: 6}
#   - {precision: '3'}
#   - values: {'null': .nan}
# - name: e_pmDE
[...]
#       distance: !astropy.table.SerializedColumn
#         __class__: astropy.coordinates.distances.Distance
#         unit: !astropy.units.Unit {unit: pc}
#         value: !astropy.table.SerializedColumn {name: SkyCoord.distance}
#       frame: icrs
#       obstime: !astropy.time.Time {format: jyear_str, in_subfmt: '*', jd1: 367701545.0, jd2: 0.0, out_subfmt: '*', precision: 3, scale: tt}
#       pm_dec: !astropy.table.SerializedColumn
#         __class__: astropy.units.quantity.Quantity
#         unit: !astropy.units.Unit {unit: mas / yr}
#         value: !astropy.table.SerializedColumn {name: SkyCoord.pm_dec}
#       pm_ra_cosdec: !astropy.table.SerializedColumn
#         __class__: astropy.units.quantity.Quantity
#         unit: !astropy.units.Unit {unit: mas / yr}
#         value: !astropy.table.SerializedColumn {name: SkyCoord.pm_ra_cosdec}
#       ra: !astropy.table.SerializedColumn
#         __class__: astropy.coordinates.angles.Longitude
#         unit: *id001
#         value: !astropy.table.SerializedColumn {name: SkyCoord.ra}
#         wrap_angle: !astropy.coordinates.Angle
#           unit: *id001
#           value: 360.0
#       representation_type: spherical
# schema: astropy-2.0
RA_ICRS_1 DE_ICRS_1 e_RA_ICRS e_DE_ICRS _r_1 HIP TYC2 Source rgeo Plx e_Plx pmRA pmDE e_pmRA e_pmDE RUWE Teff logg Gmag BP-RP BPmag RPmag RV e_RV b_rgeo B_rgeo FG e_FG FBP e_FBP FRP e_FRP RAVE5 RAVE6 e_Gmag e_BPmag e_RPmag e_BP-RP SkyCoord.ra SkyCoord.dec SkyCoord.distance SkyCoord.pm_ra_cosdec SkyCoord.pm_dec rmRA rmDE e_rmRA e_rmDE rRV e_rRV v_pec v_pec3d e_vpec e_vpec3d Pmemb
156.74574995552 -57.67575034056 0.0137 0.014 4.8218 "" 8609-591-1 5351710915065605120 2615.20288 0.3728 0.0156 -7.261 3.676 0.018 0.016 0.904 6512.6 1.8987 8.650812 0.469752 8.7922 8.322448 "" "" 2529.19336 2738.63232 6525620.49558 21695.0 4154700.0 40818.0 3716900.0 38834.0 "" "" 0.004541055417253064 0.011025734 0.011956744 0.022982478 156.74574995552 -57.67575034056 2615.20288 -7.261000000000002 3.6760000000000055 0.0063196792602537855 0.058166624069214024 0.0765562 0.0745562 "" "" 0.7252802623043095 "" 0.05409128892786707 "" 1.0
156.89648310836 -57.63629829796 0.0128 0.0128 1.2637 "" "" 5351700985101436160 2623.75415 0.3735 0.0147 -7.29 3.636 0.016 0.015 0.997 "" "" 9.755066 0.293043 9.842422 9.549378 "" "" 2515.81104 2743.89038 2360045.30468 899.86 1579200.0 1568.8 1200600.0 871.94 "" "" 0.002786246305343942 0.002991387 0.003860763 0.00685215 156.89648310836 -57.63629829796 2623.75415 -7.2899999999999965 3.6359999999999983 -0.02268032073974613 0.018166624069213988 0.0745562 0.0735562 "" "" 0.36139451192728955 "" 0.026803537944781346 "" 0.9
156.90524930827 -57.64156999422 0.0116 0.0119 1.6729 "" "" 5351700985101434880 2423.42017 0.4033 0.0134 -7.218 3.598 0.015 0.015 0.868 17388.6 3.431 10.239661 0.269112 10.319509 10.050397 "" "" 2339.72607 2530.3103 1510366.86763 985.79 1017700.0 2034.2 756830.0 1478.5 "" "" 0.0028449888307166557 0.003534796 0.004333879 0.007868675 156.90524930827 -57.64156999422 2423.42017 -7.217999999999999 3.5979999999999994 0.049319679260253935 -0.019833375930786268 0.0735562 0.0735562 "" "" 0.6106287885910695 "" 0.04491553309775597 "" 1.0
156.84518853412 -57.66265829693 0.0118 0.0125 2.3058 "" "" 5351700675863683072 2463.07471 0.3951 0.0135 -7.174 3.727 0.016 0.015 0.935 16043.1 3.4 10.575045 0.405704 10.711246 10.305543 "" "" 2388.32642 2546.77905 1108993.43167 355.33 709440.0 458.46 598330.0 204.19 "" "" 0.002777194381508878 0.002877036 0.0037975013 0.0066745374 156.84518853412 -57.66265829693 2463.07471 -7.174000000000001 3.7270000000000003 0.09331967926025353 0.10916662406921374 0.0745562 0.0735562 "" "" 1.6767276716281287 "" 0.12404442032217466 "" 1.0
156.83721455292 -57.59822487315 0.0124 0.0131 1.8265 "" "" 5351713006700348672 2757.96045 0.3259 0.0152 -7.324 3.701 0.016 0.016 1.071 7273.6 3.0331 12.109814 0.325502 12.218388 11.892885 "" "" 2643.22949 2883.79028 269787.05295 42.616 177040.0 111.2 138680.0 49.651 "" "" 0.002760652685264535 0.0028723013 0.00379932 0.0066716215 156.83721455292 -57.59822487315 2757.96045 -7.324 3.7009999999999996 -0.05668032073974594 0.08316662406921393 0.0745562 0.0745562 "" "" 1.315700625696957 "" 0.09809364122153659 "" 0.9
156.86170105821 -57.63009298745 0.0108 0.0111 0.2836 "" "" 5351701083873196928 2559.76733 0.3533 0.0126 -7.369 3.799 0.014 0.013 0.974 7169.2 2.857 12.192468 0.380255 12.321635 11.94138 "" "" 2491.76001 2634.37061 250011.30595 47.341 160980.0 91.465 132620.0 74.657 "" "" 0.002762979672003588 0.0028575514 0.0038284848 0.0066860365 156.86170105821 -57.63009298745 2559.76733 -7.369 3.7989999999999995 -0.10168032073974587 0.1811666240692138 0.0725562 0.071556196 "" "" 2.5206974694185 "" 0.18097854478212785 "" 0.8
156.83502951331 -57.58974735825 0.0113 0.0119 2.3183 "" "" 5351713045369636224 2641.99438 0.3412 0.0138 -7.329 3.684 0.014 0.014 1.071 13209.9 3.7221 12.44547 0.344883 12.561636 12.216753 "" "" 2536.16138 2754.09692 198042.64776 44.539 129050.0 93.409 102910.0 52.023 "" "" 0.0027661186110408535 0.002898733 0.0038190281 0.006717761 156.83502951331 -57.58974735825 2641.99438 -7.329 3.684 -0.06168032073974583 0.06616662406921403 0.0725562 0.0725562 "" "" 1.132798894087056 "" 0.08219158044946946 "" 0.9
156.77013685976 -57.60186557766 0.0097 0.0099 3.2963 "" "" 5351713144135759360 2415.80591 0.3898 0.0116 -7.26 3.72 0.013 0.011 1.018 7056.7 3.1318 12.543072 0.616212 12.769659 12.153447 "" "" 2355.44116 2479.23828 181016.51858 27.692 106550.0 51.925 109090.0 41.294 "" "" 0.0027603219813334278 0.0028398957 0.0038016622 0.006641558 156.77013685976 -57.60186557766 2415.80591 -7.26 3.7200000000000006 0.007319679260254119 0.10216662406921406 0.071556196 0.0695562 "" "" 1.1729005139700297 "" 0.08159465223527178 "" 0.8
156.81061181221 -57.5761857184 0.0117 0.0116 3.3967 "" "" 5351713114089114880 2649.7832 0.3478 0.0139 -7.271 3.694 0.016 0.014 1.01 "" "" 12.7611 0.352263 12.880733 12.528469 "" "" 2554.29248 2747.57397 148083.54814 33.33 96189.0 69.575 77227.0 46.062 "" "" 0.002766135835091099 0.0028985844 0.0038344616 0.006733046 156.81061181221 -57.5761857184 2649.7832 -7.270999999999999 3.693999999999999 -0.0036803207397460014 0.07616662406921382 0.0745562 0.0725562 "" "" 0.9577668166483818 "" 0.0694964416932252 "" 1.0
156.71550629642 -57.54829517628 0.0106 0.0106 6.6219 "" "" 5351714179240957056 2596.62622 0.3566 0.0122 -7.252 3.729 0.013 0.012 0.885 7155.0 3.5555 12.828753 0.40604 12.969182 12.563142 "" "" 2509.01294 2655.58691 139137.87864 32.05 88663.0 47.712 74800.0 30.084 "" "" 0.002766647334770034 0.0028506864 0.0038045251 0.0066552116 156.71550629642 -57.54829517628 2596.62622 -7.252000000000001 3.729 0.015319679260254127 0.11116662406921396 0.071556196 0.0705562 "" "" 1.3811708250350139 "" 0.09747608635396722 "" 1.0
156.84610646953 -57.61515395126 0.012 0.0122 0.8163 "" "" 5351701259979332352 2316.05322 0.4028 0.014 -7.274 3.65 0.016 0.015 1.036 7404.4 3.6714 13.003997 0.342718 13.122932 12.780214 "" "" 2240.1377 2393.33203 118399.01719 45.972 76956.0 45.793 61245.0 23.117 "" "" 0.002787384185507316 0.0028639932 0.0038015356 0.0066655288 156.84610646953 -57.61515395126 2316.05322 -7.274000000000001 3.6500000000000035 -0.006680320739746115 0.03216662406921378 0.0745562 0.0735562 "" "" 0.3606630613060886 "" 0.0265440136743671 "" 0.9
156.8974035284 -57.64475281198 0.0123 0.0119 1.6069 "" "" 5351700882006862080 2619.52759 0.345 0.0138 -7.237 3.59 0.015 0.014 1.051 "" "" 13.010509 0.457707 13.172487 12.71478 "" "" 2525.2207 2703.22998 117691.05612 31.568 73523.0 48.212 65050.0 43.896 "" "" 0.0027706679922604037 0.0028795723 0.0038497425 0.006729315 156.8974035284 -57.64475281198 2619.52759 -7.236999999999999 3.590000000000006 0.030319679260253807 -0.027833375930786275 0.0735562 0.0725562 "" "" 0.5110406277592237 "" 0.03735736258756822 "" 0.9
156.84606562715 -57.60378098314 0.0089 0.0092 1.4046 "" "" 5351713011009879552 2457.24878 0.3716 0.0107 -7.275 3.571 0.011 0.011 0.914 "" "" 13.112273 0.391965 13.249806 12.857841 "" "" 2396.15186 2504.05396 107161.18418 46.42 68469.0 68.737 57019.0 41.506 "" "" 0.0027951724024201543 0.0029955162 0.0038611358 0.006856652 156.84606562715 -57.60378098314 2457.24878 -7.274999999999999 3.570999999999999 -0.007680320739746449 -0.04683337593078596 0.0695562 0.0695562 "" "" 0.5527714991725571 "" 0.03844868440581681 "" 1.0
156.8934233562 -57.57823993695 0.0094 0.0099 2.9961 "" "" 5351724796400843776 2409.89062 0.379 0.0114 -7.238 3.579 0.013 0.012 0.98 "" "" 13.175241 0.405436 13.315141 12.909705 "" "" 2357.39502 2471.28174 101123.06771 30.024 64470.0 40.332 54360.0 20.363 "" "" 0.0027741135641101713 0.0028716547 0.0038012026 0.0066728573 156.8934233562 -57.57823993695 2409.89062 -7.238000000000001 3.578999999999997 0.029319679260253473 -0.03883337593078595 0.071556196 0.0705562 "" "" 0.5558232223558992 "" 0.03941948565296016 "" 1.0
157.04592639094 -57.62687429789 0.0096 0.0101 5.8835 "" "" 5351723559450320256 2413.69043 0.3785 0.0113 -7.296 3.512 0.013 0.013 0.906 "" "" 13.181904 0.472297 13.350061 12.877765 "" "" 2350.54419 2484.69043 100504.40779 21.949 62430.0 37.039 55982.0 24.321 "" "" 0.002765503860683723 0.0028635613 0.003808703 0.006672264 157.04592639094 -57.62687429789 2413.69043 -7.296000000000002 3.5119999999999942 -0.028680320739746357 -0.10583337593078612 0.071556196 0.071556196 "" "" 1.2545012733126981 "" 0.08976733851459039 "" 0.8
156.89944484423 -57.63722678926 0.0142 0.0151 1.374 "" "" 5351700985101437312 2696.10327 0.3359 0.0166 -7.183 3.838 0.018 0.019 1.427 17331.0 4.2896 13.196386 0.464074 13.284308 12.820233 "" "" 2593.59058 2807.68604 99172.70031 101.76 66328.0 318.65 59029.0 257.36 "" "" 0.0029720233837230116 0.0059154183 0.0060573556 0.011972774 156.89944484423 -57.63722678926 2696.10327 -7.182999999999999 3.8379999999999983 0.08431967926025408 0.22016662406921395 0.0765562 0.0775562 "" "" 3.0129119859644056 "" 0.23328678446996431 "" 0.8
156.88541250856 -57.64112021068 0.0099 0.0103 1.19 "" "" 5351701083873201536 2200.49878 0.4196 0.0116 -7.278 3.65 0.012 0.012 0.949 "" "" 13.210455 0.464398 13.37569 12.911292 "" "" 2142.21631 2258.20679 97895.94249 25.96 60973.0 45.902 54280.0 21.409 "" "" 0.0027703220831177796 0.0029074287 0.0038035656 0.006710994 156.88541250856 -57.64112021068 2200.49878 -7.2780000000000005 3.6499999999999995 -0.010680320739745675 0.03216662406921378 0.0705562 0.0705562 "" "" 0.35352025906734763 "" 0.02494304647073196 "" 1.0
156.91420688555 -57.68430752721 0.01 0.01 3.9003 "" "" 5351700400985802880 2388.9873 0.3828 0.0111 -7.2 3.605 0.014 0.013 0.999 "" "" 13.265917 0.36136 13.392052 13.030692 "" "" 2332.66626 2453.40967 93020.82429 25.731 60061.0 38.306 48627.0 28.588 "" "" 0.002771640016443336 0.0028748144 0.0038329056 0.00670772 156.91420688555 -57.68430752721 2388.9873 -7.200000000000003 3.6049999999999995 0.06731967926025373 -0.01283337593078615 0.0725562 0.071556196 "" "" 0.7760426256815023 "" 0.05627966985434769 "" 0.9
156.80300372167 -57.56061895277 0.0099 0.0098 4.3369 "" "" 5351736787949475456 2390.87329 0.3807 0.0116 -7.301 3.61 0.013 0.011 1.008 6980.3 3.5121 13.39119 0.468263 13.559338 13.091075 "" "" 2329.65381 2458.06738 82884.01096 23.002 51485.0 30.314 45997.0 24.979 "" "" 0.002771746645356534 0.0028624672 0.003825098 0.0066875652 156.80300372167 -57.56061895277 2390.87329 -7.300999999999995 3.6099999999999994 -0.03368032073974625 -0.007833375930786257 0.071556196 0.0695562 "" "" 0.3918778340419928 "" 0.028001600554837507 "" 0.9
156.89077511597 -57.6222744458 0.0105 0.0111 0.9178 "" "" 5351701225619629568 2485.9248 0.3631 0.0127 -7.152 3.496 0.014 0.013 1.052 6650.6 3.2712 13.527017 0.525819 13.716495 13.190676 "" "" 2393.8728 2559.55933 73137.52176 19.081 44547.0 39.598 41965.0 26.32 "" "" 0.002769842161740581 0.002952371 0.003840239 0.00679261 156.89077511597 -57.6222744458 2485.9248 -7.1520000000000055 3.4960000000000013 0.11531967926025377 -0.12183337593078614 0.0725562 0.071556196 "" "" 1.9767138597283407 "" 0.14238365059027283 "" 0.8
156.84635418087 -57.64087369307 0.0151 0.0136 1.0681 "" "" 5351701122540328960 2456.67212 0.3715 0.0157 -7.136 3.567 0.02 0.016 0.987 12290.2 4.0139 13.583377 0.402817 13.671072 13.268255 "" "" 2359.89844 2543.22119 69437.80743 24.911 46450.0 287.23 39071.0 294.56 "" "" 0.0027827159437995128 0.0072704996 0.009015854 0.016286355 156.84635418087 -57.64087369307 2456.67212 -7.136000000000003 3.567000000000002 0.13131967926025379 -0.05083337593078596 0.078556195 0.0745562 "" "" 1.6397390657683666 "" 0.12797597302508398 "" 0.9
156.87170558062 -57.63545966302 0.0103 0.0106 0.6675 "" "" 5351701088180627072 2456.39233 0.3744 0.0121 -7.262 3.642 0.013 0.013 1.026 7161.2 3.7871 13.611916 0.504329 13.794723 13.290395 "" "" 2367.99072 2539.50122 67636.41225 19.084 41450.0 28.612 38282.0 22.779 "" "" 0.0027722982655109213 0.002889072 0.003834202 0.006723274 156.87170558062 -57.63545966302 2456.39233 -7.262000000000001 3.6420000000000017 0.00531967926025434 0.02416662406921377 0.071556196 0.071556196 "" "" 0.28811572737273655 "" 0.020616465348137714 "" 1.0
157.08437042566 -57.50344434393 0.0109 0.0105 10.2168 "" "" 5351726342589377152 2379.14502 0.385 0.0133 -7.292 3.594 0.015 0.012 1.0 6613.8 3.5196 13.630033 0.676956 13.882835 13.205879 "" "" 2321.94653 2441.47754 66517.183 15.755 38219.0 25.404 41382.0 27.595 "" "" 0.0027672951294853035 0.0028819917 0.0038481052 0.006730097 157.08437042566 -57.50344434393 2379.14502 -7.292000000000001 3.5939999999999994 -0.02468032073974591 -0.02383337593078627 0.0735562 0.0705562 "" "" 0.38691431566416284 "" 0.027905861765347727 "" 0.9
156.81031418366 -57.71175211125 0.0119 0.011 5.4479 "" "" 5351698992236386560 2479.36938 0.3677 0.0127 -7.227 3.642 0.017 0.013 0.946 "" "" 13.678621 0.841863 14.005638 13.163775 "" "" 2397.42285 2576.27515 63606.03802 16.73 34132.0 25.937 43018.0 17.574 "" "" 0.0027700799856388123 0.0029095984 0.0038053207 0.006714919 156.81031418366 -57.71175211125 2479.36938 -7.227 3.6420000000000003 0.040319679260253594 0.02416662406921377 0.0755562 0.071556196 "" "" 0.5524417018355424 "" 0.041167887421624735 "" 1.0
156.85174935029 -57.59801907408 0.0102 0.0108 1.6812 "" "" 5351701294339114880 2531.82788 0.3578 0.0125 -7.262 3.575 0.013 0.013 0.961 "" "" 13.679486 0.435294 13.835045 13.399751 "" "" 2447.97607 2616.06299 63555.39143 21.023 39939.0 24.8 34614.0 23.981 "" "" 0.002778627830952103 0.0028704656 0.0038535113 0.0067239767 156.85174935029 -57.59801907408 2531.82788 -7.261999999999998 3.575 0.00531967926025434 -0.042833375930785955 0.071556196 0.071556196 "" "" 0.5179866976397804 "" 0.037065157463172016 "" 1.0
156.86806638248 -57.61451280589 0.0106 0.0111 0.675 "" "" 5351701259979358976 2462.05664 0.3666 0.0126 -7.269 3.573 0.013 0.013 0.961 "" "" 13.683784 0.441057 13.843698 13.40264 "" "" 2407.47485 2528.03516 63304.30691 24.246 39622.0 27.913 34522.0 15.528 "" "" 0.002786524034160427 0.0028931112 0.0038108039 0.006703915 156.86806638248 -57.61451280589 2462.05664 -7.269000000000002 3.5730000000000013 -0.0016803207397462216 -0.04483337593078618 0.071556196 0.071556196 "" "" 0.5235795010142615 "" 0.03746535719548225 "" 0.8
157.01076469074 -57.62184760569 0.0112 0.0119 4.7583 "" "" 5351723731249710976 2349.40454 0.3924 0.0135 -7.122 3.577 0.015 0.014 1.094 "" "" 13.734606 0.538753 13.929067 13.390313 "" "" 2274.53711 2443.47705 60409.39699 14.664 36626.0 21.835 34917.0 20.582 "" "" 0.0027678964851265116 0.0028642647 0.0038331863 0.0066974508 157.01076469074 -57.62184760569 2349.40454 -7.122 3.577 0.14531967926025402 -0.040833375930786175 0.0735562 0.0725562 "" "" 1.6809791157316385 "" 0.1235242009395647 "" 0.9
156.97877532537 -57.70582387223 0.0125 0.012 6.0935 "" "" 5351699748150800512 2373.59912 0.3847 0.0139 -7.272 3.562 0.018 0.015 0.937 7217.3 3.6221 13.805791 0.503546 13.986917 13.483371 "" "" 2311.69922 2446.17505 56575.77625 15.233 34726.0 29.202 32049.0 19.001 "" "" 0.002770784821526107 0.0029357555 0.0038338078 0.006769563 156.97877532537 -57.70582387223 2373.59912 -7.2719999999999985 3.561999999999994 -0.004680320739746335 -0.0558333759307863 0.0765562 0.0735562 "" "" 0.6303766772683383 "" 0.04638157592551103 "" 0.8
156.70495830673 -57.74015776164 0.014 0.0115 8.5466 "" "" 5351710227870681728 2349.29468 0.3942 0.0142 -7.307 3.669 0.019 0.014 0.992 7144.2 3.6256 13.878824 0.435065 14.036671 13.601605 "" "" 2265.70679 2441.20923 52895.29429 21.737 33170.0 24.666 28742.0 19.392 "" "" 0.0027912117507131054 0.0029046359 0.0038497192 0.006754355 156.70495830673 -57.74015776164 2349.29468 -7.306999999999996 3.668999999999996 -0.03968032073974648 0.051166624069213906 0.0775562 0.0725562 "" "" 0.721032811275857 "" 0.05369772111256392 "" 0.9
156.89021444782 -57.6515862238 0.0114 0.012 1.8006 "" "" 5351700882022181504 2424.42578 0.3793 0.0136 -7.18 3.704 0.014 0.014 0.943 7007.1 3.6743 13.902013 0.464258 14.067213 13.602955 "" "" 2342.48218 2500.60229 51777.56317 12.646 32250.0 25.016 28706.0 26.214 "" "" 0.0027680513445468343 0.002914505 0.0039072707 0.006821776 156.89021444782 -57.6515862238 2424.42578 -7.179999999999999 3.7040000000000006 0.08731967926025419 0.08616662406921405 0.0725562 0.0725562 "" "" 1.409765968230574 "" 0.10228725822170757 "" 1.0
