Clusters/IC_2581/IC_2581_stars_in_region.tsv
# %ECSV 1.0
# ---
# datatype:
# - name: RA_ICRS_1
#   unit: deg
#   datatype: float64
#   format: '{:15.11f}'
#   description: Right ascension (ICRS) at Ep=2016.0 (ra)
#   meta: !!omap
#   - {ucd: POS_EQ_RA_MAIN}
#   - {width: 15}
#   - {precision: '11'}
# - name: DE_ICRS_1
#   unit: deg
#   datatype: float64
#   format: '{:15.11f}'
#   description: Declination (ICRS) at Ep=2016.0 (dec)
#   meta: !!omap
#   - {ucd: POS_EQ_DEC_MAIN}
#   - {width: 15}
#   - {precision: '11'}
# - name: e_RA_ICRS
#   unit: mas
#   datatype: float64
#   format: '{:7.4f}'
#   description: Standard error of right ascension (ra_error)
#   meta: !!omap
#   - {ucd: ERROR}
#   - {width: 7}
#   - {precision: '4'}
# - name: e_DE_ICRS
#   unit: mas
#   datatype: float64
#   format: '{:7.4f}'
#   description: Standard error of declination (dec_error)
#   meta: !!omap
#   - {ucd: ERROR}
#   - {width: 7}
#   - {precision: '4'}
# - name: _r_1
#   unit: ''
#   datatype: float64
#   format: '{:7.4f}'
#   description: Distance from center (156.86281281000-57.62540450000)[ICRS], at Epoch=J2016.0
#   meta: !!omap
#   - {ucd: POS_ANG_DIST_GENERAL}
#   - {width: 7}
#   - {precision: '4'}
# - name: HIP
#   datatype: int32
#   description: '? HIP cross-id number, van Leeuwen, Cat. I/311 (hip_original_ext_source_id)'
#   meta: !!omap
#   - {ucd: ID_NUMBER}
#   - {width: 6}
#   - values: {'null': -2147483648}
# - name: TYC2
#   datatype: string
#   description: Tycho-2 cross-id name, Hog et al., Cat. I/259 (tyc2_original_ext_source_id)
#   meta: !!omap
#   - {ucd: ID_CROSSID}
#   - {_votable_string_dtype: char}
# - name: Source
#   datatype: int64
#   description: Source identifier, identical to the Gaia-EDR3 source_id (id)
#   meta: !!omap
#   - {ucd: ID_MAIN}
#   - {width: 19}
# - name: rgeo
#   unit: pc
#   datatype: float64
#   format: '{:15.8f}'
#   description: '? Median of the geometric distance posterior (r_med_geo)'
#   meta: !!omap
#   - {ucd: PHYS_DISTANCE_TRUE}
#   - {width: 15}
#   - {precision: '8'}
#   - values: {'null': .nan}
# - name: Plx
#   unit: mas
#   datatype: float64
#   format: '{:9.4f}'
#   description: '? Parallax (parallax)'
#   meta: !!omap
#   - {ucd: POS_PARLX_TRIG}
#   - {width: 9}
#   - {precision: '4'}
#   - values: {'null': .nan}
# - name: e_Plx
#   unit: mas
#   datatype: float32
#   format: '{:7.4f}'
#   description: '? Standard error of parallax (parallax_error)'
#   meta: !!omap
#   - {ucd: ERROR}
#   - {width: 7}
#   - {precision: '4'}
#   - values: {'null': .nan}
# - name: pmRA
#   unit: mas / yr
#   datatype: float64
#   format: '{:9.3f}'
#   description: '? Proper motion in right ascension direction, pmRA*cosDE (pmra)'
#   meta: !!omap
#   - {ucd: POS_EQ_PMRA}
#   - {width: 9}
#   - {precision: '3'}
#   - values: {'null': .nan}
# - name: pmDE
#   unit: mas / yr
#   datatype: float64
#   format: '{:9.3f}'
#   description: '? Proper motion in declination direction (pmdec)'
#   meta: !!omap
#   - {ucd: POS_EQ_PMDEC}
#   - {width: 9}
#   - {precision: '3'}
#   - values: {'null': .nan}
# - name: e_pmRA
#   unit: mas / yr
#   datatype: float32
#   format: '{:6.3f}'
#   description: '? Standard error of proper motion in right ascension direction (pmra_error)'
#   meta: !!omap
#   - {ucd: ERROR}
#   - {width: 6}
#   - {precision: '3'}
#   - values: {'null': .nan}
# - name: e_pmDE
[...]
#         unit: &id001 !astropy.units.Unit {unit: deg}
#         value: !astropy.table.SerializedColumn {name: SkyCoord.dec}
#       distance: !astropy.table.SerializedColumn
#         __class__: astropy.coordinates.distances.Distance
#         unit: !astropy.units.Unit {unit: pc}
#         value: !astropy.table.SerializedColumn {name: SkyCoord.distance}
#       frame: icrs
#       obstime: !astropy.time.Time {format: jyear_str, in_subfmt: '*', jd1: 367701545.0, jd2: 0.0, out_subfmt: '*', precision: 3, scale: tt}
#       pm_dec: !astropy.table.SerializedColumn
#         __class__: astropy.units.quantity.Quantity
#         unit: !astropy.units.Unit {unit: mas / yr}
#         value: !astropy.table.SerializedColumn {name: SkyCoord.pm_dec}
#       pm_ra_cosdec: !astropy.table.SerializedColumn
#         __class__: astropy.units.quantity.Quantity
#         unit: !astropy.units.Unit {unit: mas / yr}
#         value: !astropy.table.SerializedColumn {name: SkyCoord.pm_ra_cosdec}
#       ra: !astropy.table.SerializedColumn
#         __class__: astropy.coordinates.angles.Longitude
#         unit: *id001
#         value: !astropy.table.SerializedColumn {name: SkyCoord.ra}
#         wrap_angle: !astropy.coordinates.Angle
#           unit: *id001
#           value: 360.0
#       representation_type: spherical
# schema: astropy-2.0
RA_ICRS_1 DE_ICRS_1 e_RA_ICRS e_DE_ICRS _r_1 HIP TYC2 Source rgeo Plx e_Plx pmRA pmDE e_pmRA e_pmDE RUWE Teff logg Gmag BP-RP BPmag RPmag RV e_RV b_rgeo B_rgeo FG e_FG FBP e_FBP FRP e_FRP RAVE5 RAVE6 e_Gmag e_BPmag e_RPmag e_BP-RP SkyCoord.ra SkyCoord.dec SkyCoord.distance SkyCoord.pm_ra_cosdec SkyCoord.pm_dec
[from data line 1008]
156.43294952186 -57.77341498981 0.0266 0.0255 16.3955 "" "" 5351706517018592512 2441.12646 0.3765 0.0288 -7.432 4.779 0.038 0.035 0.933 8621.6 4.0097 15.698164 0.91196 16.064825 15.152865 "" "" 2289.62402 2618.67285 9901.04628 3.462 5122.6 8.6766 6886.7 8.3445 "" "" 0.0027813512538866305 0.0033417055 0.0040018056 0.007343511 156.43294952186 -57.77341498981 2441.12646 -7.432 4.779
157.40218792945 -57.59352323611 0.1838 0.2167 17.4414 "" "" 5351539971059349888 2201.15356 0.5461 0.2424 -7.125 6.135 0.283 0.215 6.579 "" "" 15.701478 0.952722 15.869212 14.916491 "" "" 1541.67786 4271.4248 9870.8731 15.932 6133.8 27.94 8561.7 58.491 "" "" 0.0032653908066294013 0.005678402 0.00832478 0.014003182 157.40218792945 -57.59352323611 2201.15356 -7.124999999999999 6.135
156.80003232949 -57.35989334359 0.0254 0.0233 16.0588 "" "" 5351740636240533120 2240.56592 0.4165 0.0284 -9.185 3.489 0.036 0.03 0.989 5871.8 4.2074 15.703212 0.998909 16.060886 15.061977 "" "" 2086.51831 2378.36938 9855.1235 3.5721 5141.2 26.968 7488.0 58.765 "" "" 0.0027832824085389997 0.0063419463 0.009321303 0.01566325 156.80003232949 -57.35989334359 2240.56592 -9.185 3.489
156.59206970043 -57.46974394683 0.0239 0.0243 12.7754 "" "" 5351717718294040448 2191.58008 0.427 0.0293 -8.037 8.771 0.032 0.029 1.066 4937.5 3.5387 15.704233 1.667319 16.49678 14.829461 "" "" 2075.74634 2327.24707 9845.85357 4.0826 3441.2 8.3639 9276.3 9.7868 "" "" 0.00279185808893587 0.0038404232 0.00394916 0.0077895834 156.59206970043 -57.46974394683 2191.58008 -8.037 8.771
157.23358539577 -57.81473119261 0.0285 0.0254 16.4375 "" "" 5351507642865571072 2511.20605 0.3688 0.0306 -5.887 4.137 0.038 0.03 1.013 5039.7 4.0966 15.704426 1.491274 16.39078 14.899506 "" "" 2359.64502 2707.30444 9844.1101 3.1783 3794.1 9.3486 8696.7 13.385 "" "" 0.00277752958637984 0.00386548 0.004132326 0.007997806 157.23358539577 -57.81473119261 2511.20605 -5.8870000000000005 4.1370000000000005
156.51168621405 -57.53680718426 0.0231 0.023 12.4829 "" "" 5351717065458804992 2872.81763 0.3196 0.0266 -5.812 3.677 0.03 0.029 0.996 4854.5 3.4483 15.704619 1.718616 16.53027 14.811653 "" "" 2659.58057 3109.53979 9842.35086 3.2559 3336.6 8.5495 9429.7 10.936 "" "" 0.002778631026837829 0.0039401404 0.0039836215 0.007923761 156.51168621405 -57.53680718426 2872.81763 -5.812000000000001 3.6769999999999996
156.66331402963 -57.88114225224 0.0275 0.0245 16.6204 "" "" 5351690299222103296 2088.96191 0.4506 0.0291 -7.259 2.811 0.039 0.031 1.018 5614.0 4.2559 15.705455 0.941121 16.082932 15.14181 "" "" 1929.22437 2247.4729 9834.7842 3.2933 5037.8 10.071 6957.2 10.68 "" "" 0.002779203877868283 0.0035349734 0.0041305763 0.0076655494 156.66331402963 -57.88114225224 2088.96191 -7.259 2.8109999999999995
157.15948860731 -57.76218735146 0.0281 0.0256 12.5642 "" "" 5351695693701747328 2861.11621 0.3161 0.0308 -5.551 3.534 0.038 0.03 0.993 8685.4 4.1338 15.706853 0.977406 16.09871 15.121304 "" "" 2664.81934 3114.46436 9822.13062 5.3213 4965.2 16.556 7089.8 16.571 "" "" 0.0028174077943381695 0.0045707244 0.004552319 0.009123044 157.15948860731 -57.76218735146 2861.11621 -5.550999999999999 3.534
156.55872040028 -57.69381791237 0.0259 0.0242 10.5884 "" "" 5351711567900419456 2122.22632 0.4354 0.0283 -11.269 6.475 0.035 0.033 1.008 6062.2 4.2157 15.708604 1.073001 16.15909 15.086089 "" "" 1998.29114 2283.48145 9806.29979 3.1255 4696.6 9.8403 7323.6 9.9566 "" "" 0.002776965950404127 0.0035999864 0.0040574064 0.007657393 156.55872040028 -57.69381791237 2122.22632 -11.269000000000002 6.475000000000001
157.10314788226 -57.56985163708 0.0322 0.0308 8.4154 "" "" 5351725517955559040 2522.98438 0.3663 0.0378 -6.095 2.332 0.045 0.036 1.49 "" "" 15.7087 0.92951 15.969859 15.040349 "" "" 2315.97388 2756.16162 9805.42692 3.8492 5590.8 103.9 7638.7 157.19 "" "" 0.0027880904272549554 0.020369435 0.022659797 0.043029234 157.10314788226 -57.56985163708 2522.98438 -6.095000000000001 2.332
157.29583069471 -57.76379395132 0.0283 0.0297 16.1784 "" "" 5351531316727200512 2555.58984 0.3559 0.0329 -5.535 3.388 0.038 0.032 1.205 10117.9 4.2045 15.709511 0.982362 16.08521 15.102849 "" "" 2356.72656 2804.66968 9798.11334 3.8499 5027.3 10.712 7211.4 11.671 "" "" 0.002788150947075021 0.0036245135 0.004167896 0.0077924095 157.29583069471 -57.76379395132 2555.58984 -5.534999999999999 3.388
157.12112289633 -57.50424981415 0.0244 0.0241 11.0427 "" "" 5351726170790716032 2185.95459 0.4276 0.0299 -4.987 -2.188 0.034 0.028 1.061 5703.0 4.2034 15.710608 1.014333 16.129686 15.115354 "" "" 2062.87085 2317.17676 9788.21503 2.8951 4825.5 11.236 7128.8 10.966 "" "" 0.002773971078529357 0.0037651455 0.0041319653 0.007897111 157.12112289633 -57.50424981415 2185.95459 -4.987 -2.1879999999999997
157.33436557606 -57.63827389219 0.032 0.0341 15.1666 "" "" 5351721291707826432 2543.36841 0.3587 0.0386 -4.985 2.118 0.048 0.036 1.196 6295.6 4.0207 15.710712 0.864782 16.040401 15.175619 "" "" 2340.45459 2776.90869 9787.28146 3.571 5239.1 11.628 6743.9 10.224 "" "" 0.0027836520525367343 0.0036867277 0.0041222684 0.0078089964 157.33436557606 -57.63827389219 2543.36841 -4.985000000000001 2.1179999999999994
157.29329007203 -57.56324839107 0.027 0.0271 14.3354 "" "" 5351722116341630848 2856.89502 0.3197 0.031 -5.392 1.846 0.038 0.03 1.004 9251.2 3.4814 15.713415 1.349526 16.305937 14.95641 "" "" 2605.19653 3175.4707 9762.94007 3.2779 4102.4 9.1937 8252.7 8.1121 "" "" 0.0027793300006081784 0.003702091 0.0039271777 0.007629269 157.29329007203 -57.56324839107 2856.89502 -5.392000000000001 1.846
157.07588069638 -57.65028246142 0.0245 0.0244 7.0038 "" "" 5351720535793329152 2586.61035 0.3523 0.0275 -7.241 3.509 0.032 0.03 0.986 9396.2 4.1822 15.720119 0.875258 16.068129 15.19287 "" "" 2416.87451 2800.64209 9702.83788 3.9315 5107.0 11.134 6637.6 11.565 "" "" 0.002790220067612882 0.003658966 0.0042263893 0.0078853555 157.07588069638 -57.65028246142 2586.61035 -7.2410000000000005 3.5090000000000003
157.08071702065 -57.51517284528 0.0228 0.0231 9.6385 "" "" 5351725964632231808 2475.59326 0.3657 0.0285 -7.25 3.861 0.031 0.026 0.994 9229.3 3.9596 15.721681 0.93086 16.099888 15.169028 "" "" 2301.04053 2682.29419 9688.89988 2.7204 4959.8 9.606 6785.0 13.158 "" "" 0.0027721330030194575 0.0034938392 0.00432632 0.007820159 157.08071702065 -57.51517284528 2475.59326 -7.250000000000001 3.8610000000000007
156.50864006639 -57.60432513439 0.0223 0.0221 11.4519 "" "" 5351715347471762432 2437.88354 0.3773 0.026 -7.168 3.596 0.028 0.028 0.976 6346.6 4.1928 15.721913 1.056944 16.16617 15.109226 "" "" 2293.77417 2574.52783 9686.82796 3.6782 4666.0 12.175 7169.1 9.8269 "" "" 0.002785992298291215 0.003976306 0.004061849 0.008038155 156.50864006639 -57.60432513439 2437.88354 -7.168000000000001 3.596
156.80314643742 -57.48514258567 0.0231 0.023 8.6321 "" "" 5351737406424912256 2824.91235 0.3239 0.0278 -9.148 4.678 0.03 0.028 0.999 6861.6 4.1005 15.722022 1.085209 16.175478 15.090269 "" "" 2637.73413 3029.52808 9685.85818 3.0108 4626.2 11.97 7295.4 9.7548 "" "" 0.002775912942774725 0.0039594276 0.0040486194 0.008008047 156.80314643742 -57.48514258567 2824.91235 -9.148 4.678
156.3734555616 -57.67231776826 0.0287 0.0271 15.9616 "" "" 5351709265797792000 2011.86328 0.4578 0.0325 -6.073 -0.659 0.038 0.035 1.197 6604.1 4.1898 15.723708 0.842531 16.057392 15.214861 "" "" 1900.29749 2144.33154 9670.82177 3.3833 5157.7 11.095 6504.5 9.8827 "" "" 0.0027813788542414616 0.0036386813 0.004123712 0.007762393 156.3734555616 -57.67231776826 2011.86328 -6.073 -0.6590000000000001
156.5561151431 -57.74972942843 0.0283 0.0264 12.345 "" "" 5351705245708437632 2787.31079 0.333 0.03 -6.759 3.069 0.04 0.034 1.093 5810.8 4.0138 15.72395 1.198669 16.225098 15.026428 "" "" 2591.18359 3032.19385 9668.66446 3.8049 4419.5 8.7093 7737.3 10.352 "" "" 0.002788251766884733 0.0035161022 0.0040489384 0.0075650406 156.5561151431 -57.74972942843 2787.31079 -6.759 3.069
157.01778960663 -57.85304339095 0.0274 0.0264 14.5322 "" "" 5351694250592425856 2190.82227 0.4295 0.0315 -7.273 2.6 0.039 0.031 1.021 5119.3 4.2381 15.729176 1.100459 16.196533 15.096074 "" "" 2033.65295 2388.22437 9622.24198 3.1669 4537.4 12.999 7256.5 11.697 "" "" 0.002778395527146862 0.004178531 0.004164937 0.0083434675 157.01778960663 -57.85304339095 2190.82227 -7.273 2.5999999999999996
157.1500818554 -57.70448815175 0.0247 0.0251 10.3685 "" "" 5351720054756962176 2250.79541 0.4126 0.028 -3.786 -1.76 0.033 0.03 1.034 5812.2 4.2224 15.730482 1.017999 16.15224 15.134242 "" "" 2117.55493 2450.50806 9610.67781 3.9374 4726.3 14.928 7005.9 10.593 "" "" 0.0027909944754808554 0.0044209845 0.004120525 0.0085415095 157.1500818554 -57.70448815175 2250.79541 -3.786 -1.7599999999999998
156.89568586617 -57.83778603176 0.0276 0.0249 12.7863 "" "" 5351697033731150208 2638.02808 0.3482 0.0292 -5.066 3.832 0.038 0.03 0.965 7648.4 3.4985 15.733285 1.153562 16.22204 15.068479 "" "" 2447.65698 2845.97974 9585.89565 2.9902 4432.0 9.9192 7443.3 8.928 "" "" 0.002776057411640909 0.0036999744 0.003997465 0.0076974398 156.89568586617 -57.83778603176 2638.02808 -5.065999999999999 3.832
156.7950567472 -57.63818071085 0.0243 0.0235 2.3075 "" "" 5351712491304658304 2317.95068 0.4029 0.0265 -7.401 3.542 0.032 0.03 1.006 9331.9 3.7609 15.734762 1.040682 16.160412 15.11973 "" "" 2184.54639 2486.84375 9572.86276 2.9707 4690.9 14.352 7100.1 9.1475 "" "" 0.002775844386162961 0.004338175 0.0040299413 0.008368116 156.7950567472 -57.63818071085 2317.95068 -7.401 3.5420000000000007
156.73422366268 -57.53162971557 0.0239 0.0233 6.9834 "" "" 5351714213600751744 2555.49536 0.3582 0.0278 -7.224 3.62 0.032 0.029 1.01 6670.8 4.1461 15.739765 1.113817 16.205708 15.09189 "" "" 2399.75171 2782.84351 9528.852 3.0311 4499.2 10.41 7284.5 13.679 "" "" 0.002776881253563499 0.003754434 0.004294242 0.008048676 156.73422366268 -57.53162971557 2555.49536 -7.224 3.6199999999999997
157.17827142435 -57.79479969755 0.0303 0.0266 14.3365 "" "" 5351695384464051968 2272.75928 0.4067 0.0306 -5.813 2.337 0.039 0.03 0.939 5695.9 4.2932 15.740854 0.941212 16.12485 15.183638 "" "" 2127.94727 2423.3811 9519.30381 3.1076 4847.0 9.2208 6694.3 8.6861 "" "" 0.0027780241153489245 0.0034714888 0.00403341 0.007504899 157.17827142435 -57.79479969755 2272.75928 -5.813 2.337
157.0906227616 -57.8042774829 0.0275 0.0266 12.9802 "" "" 5351695865500286336 2463.29541 0.3791 0.0308 -6.233 3.669 0.039 0.031 0.971 8146.8 4.1763 15.741535 0.878401 16.095251 15.21685 "" "" 2315.85083 2663.78247 9513.33453 3.5417 4981.0 10.707 6492.6 8.0677 "" "" 0.0027848109994694425 0.0036375774 0.0040129656 0.007650543 157.0906227616 -57.8042774829 2463.29541 -6.232999999999999 3.6690000000000005
157.06275537866 -57.48850409254 0.0246 0.0256 10.4349 "" "" 5351726411308859264 2456.49854 0.3769 0.031 -6.542 2.18 0.033 0.028 1.039 6474.6 3.7902 15.74234 1.379889 16.348742 14.968853 "" "" 2264.54443 2648.16968 9506.28564 3.3075 3943.8 9.7681 8158.6 18.128 "" "" 0.0027810951552123243 0.003875142 0.004483709 0.008358851 157.06275537866 -57.48850409254 2456.49854 -6.541999999999999 2.18
157.05632785421 -57.72058204641 0.0266 0.0257 8.4358 "" "" 5351696861932827648 2768.2229 0.3272 0.0284 -4.973 3.261 0.034 0.03 0.927 7171.5 4.242 15.743464 1.04809 16.178814 15.130724 "" "" 2573.32422 2960.45483 9496.43968 3.2373 4612.0 9.2941 7028.6 8.3562 "" "" 0.002780068461882945 0.0035457416 0.0039937366 0.007539478 157.05632785421 -57.72058204641 2768.2229 -4.972999999999999 3.261
156.96546719093 -57.42216772553 0.0246 0.0237 12.6347 "" "" 5351739296210774656 2218.14624 0.4135 0.0294 -7.898 3.757 0.034 0.029 1.018 6568.2 4.4012 15.744165 0.86355 16.087774 15.224224 "" "" 2106.32788 2376.31079 9490.31133 3.4035 5015.4 14.886 6448.6 10.004 "" "" 0.002782697141367258 0.0042625973 0.0041377246 0.008400322 156.96546719093 -57.42216772553 2218.14624 -7.898 3.757
157.16438954987 -57.52339391506 0.0243 0.0237 11.4716 "" "" 5351723147133743104 2128.33887 0.4345 0.0291 -8.257 3.252 0.033 0.028 0.994 5945.7 4.2012 15.744399 0.940869 16.128971 15.188102 "" "" 1990.75378 2252.41138 9488.27498 2.9294 4828.7 8.8298 6666.8 7.4492 "" "" 0.002775635871405806 0.0034244421 0.0039693164 0.0073937587 157.16438954987 -57.52339391506 2128.33887 -8.257 3.252
157.04640983016 -57.82298960529 0.0278 0.0272 13.2343 "" "" 5351694422391200384 2351.82373 0.3904 0.0317 -7.913 4.059 0.04 0.032 0.99 7297.7 3.9294 15.744991 1.267883 16.29846 15.030577 "" "" 2207.51025 2527.36084 9483.09866 3.652 4130.8 11.58 7707.8 8.8306 "" "" 0.0027868650561959007 0.0041290466 0.0039788196 0.008107866 157.04640983016 -57.82298960529 2351.82373 -7.912999999999999 4.059
156.96903263028 -57.90028038414 0.0281 0.0269 16.8393 "" "" 5351693700836478464 2932.83105 0.3075 0.0313 -5.601 -1.412 0.039 0.034 0.951 6330.7 3.7891 15.746012 1.845661 16.646952 14.801291 "" "" 2711.83813 3217.16064 9474.19081 3.9837 2996.7 9.6042 9520.1 13.232 "" "" 0.002792885346633908 0.0044602 0.0040695216 0.008529722 156.96903263028 -57.90028038414 2932.83105 -5.601 -1.4119999999999997
157.26594577608 -57.75700933495 0.0262 0.0255 15.1487 "" "" 5351531385446674304 2633.30981 0.3494 0.0281 -7.647 2.902 0.034 0.029 0.955 8104.8 4.1323 15.74783 1.010061 16.16597 15.155909 "" "" 2468.01172 2891.62964 9458.33293 2.8884 4666.9 11.524 6867.4 10.936 "" "" 0.002775197998854014 0.0038694812 0.0041560926 0.008025574 157.26594577608 -57.75700933495 2633.30981 -7.647000000000002 2.9020000000000006
156.72226943218 -57.73212039629 0.0266 0.0235 7.8311 "" "" 5351710330949932032 2374.67285 0.3905 0.0279 -5.616 3.264 0.038 0.03 1.021 8370.5 4.4065 15.748026 1.092777 16.208454 15.115677 "" "" 2243.37354 2509.24829 9456.63152 2.9636 4487.8 9.7203 7126.7 10.625 "" "" 0.0027762500631338728 0.0036490066 0.004111435 0.0077604414 156.72226943218 -57.73212039629 2374.67285 -5.616 3.264
156.8263462291 -57.39294207516 0.0239 0.0228 13.9972 "" "" 5351740052124948608 2273.16089 0.4036 0.029 -8.112 3.818 0.032 0.027 1.07 6590.0 4.3486 15.750911 0.872154 16.08908 15.216927 "" "" 2154.98242 2406.4231 9431.53779 3.1999 5009.4 13.704 6492.1 17.016 "" "" 0.0027798348989333866 0.004075187 0.004730963 0.00880615 156.8263462291 -57.39294207516 2273.16089 -8.112 3.8180000000000005
157.28685022541 -57.77151797499 0.0282 0.0272 16.1771 "" "" 5351531209322512768 2217.35498 0.418 0.0317 -4.913 2.74 0.036 0.03 0.943 5018.6 3.7098 15.751363 1.25444 16.304697 15.050257 "" "" 2059.73389 2389.21851 9427.60668 3.3382 4107.1 14.313 7569.3 14.857 "" "" 0.0027820115078332416 0.004701237 0.004338805 0.009040043 157.28685022541 -57.77151797499 2217.35498 -4.913 2.74
156.40498185484 -57.56154407868 0.0233 0.0247 15.2122 "" "" 5351716069026248704 2420.61694 0.3811 0.0278 -7.096 5.029 0.029 0.031 0.959 6875.5 4.0478 15.753514 1.181897 16.253952 15.072055 "" "" 2297.19214 2571.49805 9408.95001 2.912 4303.6 8.6503 7418.8 10.673 "" "" 0.002775734805889875 0.0035422707 0.004089441 0.0076317117 156.40498185484 -57.56154407868 2420.61694 -7.096 5.029
156.8386055089 -57.5668234492 0.0232 0.0234 3.6 "" "" 5351736581795152896 2535.40625 0.3603 0.0275 -5.435 1.579 0.031 0.028 1.013 7167.4 4.2871 15.75717 0.985347 16.156576 15.171229 "" "" 2390.6084 2728.08545 9377.32411 3.4077 4707.5 9.5708 6771.2 8.2206 "" "" 0.0027834263903201008 0.0035577647 0.004002652 0.007560417 156.8386055089 -57.5668234492 2535.40625 -5.4350000000000005 1.5790000000000002
156.65512573896 -57.85728984598 0.0288 0.0258 15.4211 "" "" 5351703562081153408 2370.39087 0.3889 0.0299 -4.887 2.351 0.04 0.035 1.072 6018.5 4.2485 15.757594 0.942392 16.1408 15.198408 "" "" 2213.13135 2521.07812 9373.66148 3.1517 4776.4 8.7103 6603.8 12.755 "" "" 0.0027793984129420475 0.0034213003 0.0043221973 0.0077434974 156.65512573896 -57.85728984598 2370.39087 -4.886999999999999 2.351
