Clusters/IC_2581/IC_2581_members.tsv
# %ECSV 1.0
# ---
# datatype:
# - name: RA_ICRS_1
#   unit: deg
#   datatype: float64
#   format: '{:15.11f}'
#   description: Right ascension (ICRS) at Ep=2016.0 (ra)
#   meta: !!omap
#   - {ucd: POS_EQ_RA_MAIN}
#   - {width: 15}
#   - {precision: '11'}
# - name: DE_ICRS_1
#   unit: deg
#   datatype: float64
#   format: '{:15.11f}'
#   description: Declination (ICRS) at Ep=2016.0 (dec)
#   meta: !!omap
#   - {ucd: POS_EQ_DEC_MAIN}
#   - {width: 15}
#   - {precision: '11'}
# - name: e_RA_ICRS
#   unit: mas
#   datatype: float64
#   format: '{:7.4f}'
#   description: Standard error of right ascension (ra_error)
#   meta: !!omap
#   - {ucd: ERROR}
#   - {width: 7}
#   - {precision: '4'}
# - name: e_DE_ICRS
#   unit: mas
#   datatype: float64
#   format: '{:7.4f}'
#   description: Standard error of declination (dec_error)
#   meta: !!omap
#   - {ucd: ERROR}
#   - {width: 7}
#   - {precision: '4'}
# - name: _r_1
#   unit: ''
#   datatype: float64
#   format: '{:7.4f}'
#   description: Distance from center (156.86281281000-57.62540450000)[ICRS], at Epoch=J2016.0
#   meta: !!omap
#   - {ucd: POS_ANG_DIST_GENERAL}
#   - {width: 7}
#   - {precision: '4'}
# - name: HIP
#   datatype: int32
#   description: '? HIP cross-id number, van Leeuwen, Cat. I/311 (hip_original_ext_source_id)'
#   meta: !!omap
#   - {ucd: ID_NUMBER}
#   - {width: 6}
#   - values: {'null': -2147483648}
# - name: TYC2
#   datatype: string
#   description: Tycho-2 cross-id name, Hog et al., Cat. I/259 (tyc2_original_ext_source_id)
#   meta: !!omap
#   - {ucd: ID_CROSSID}
#   - {_votable_string_dtype: char}
# - name: Source
#   datatype: int64
#   description: Source identifier, identical to the Gaia-EDR3 source_id (id)
#   meta: !!omap
#   - {ucd: ID_MAIN}
#   - {width: 19}
# - name: rgeo
#   unit: pc
#   datatype: float64
#   format: '{:15.8f}'
#   description: '? Median of the geometric distance posterior (r_med_geo)'
#   meta: !!omap
#   - {ucd: PHYS_DISTANCE_TRUE}
#   - {width: 15}
#   - {precision: '8'}
#   - values: {'null': .nan}
# - name: Plx
#   unit: mas
#   datatype: float64
#   format: '{:9.4f}'
#   description: '? Parallax (parallax)'
#   meta: !!omap
#   - {ucd: POS_PARLX_TRIG}
#   - {width: 9}
#   - {precision: '4'}
#   - values: {'null': .nan}
# - name: e_Plx
#   unit: mas
#   datatype: float32
#   format: '{:7.4f}'
#   description: '? Standard error of parallax (parallax_error)'
#   meta: !!omap
#   - {ucd: ERROR}
#   - {width: 7}
#   - {precision: '4'}
#   - values: {'null': .nan}
# - name: pmRA
#   unit: mas / yr
#   datatype: float64
#   format: '{:9.3f}'
#   description: '? Proper motion in right ascension direction, pmRA*cosDE (pmra)'
#   meta: !!omap
#   - {ucd: POS_EQ_PMRA}
#   - {width: 9}
#   - {precision: '3'}
#   - values: {'null': .nan}
# - name: pmDE
#   unit: mas / yr
#   datatype: float64
#   format: '{:9.3f}'
#   description: '? Proper motion in declination direction (pmdec)'
#   meta: !!omap
#   - {ucd: POS_EQ_PMDEC}
#   - {width: 9}
#   - {precision: '3'}
#   - values: {'null': .nan}
# - name: e_pmRA
#   unit: mas / yr
#   datatype: float32
#   format: '{:6.3f}'
#   description: '? Standard error of proper motion in right ascension direction (pmra_error)'
#   meta: !!omap
#   - {ucd: ERROR}
#   - {width: 6}
#   - {precision: '3'}
#   - values: {'null': .nan}
# - name: e_pmDE
[...]
#       distance: !astropy.table.SerializedColumn
#         __class__: astropy.coordinates.distances.Distance
#         unit: !astropy.units.Unit {unit: pc}
#         value: !astropy.table.SerializedColumn {name: SkyCoord.distance}
#       frame: icrs
#       obstime: !astropy.time.Time {format: jyear_str, in_subfmt: '*', jd1: 367701545.0, jd2: 0.0, out_subfmt: '*', precision: 3, scale: tt}
#       pm_dec: !astropy.table.SerializedColumn
#         __class__: astropy.units.quantity.Quantity
#         unit: !astropy.units.Unit {unit: mas / yr}
#         value: !astropy.table.SerializedColumn {name: SkyCoord.pm_dec}
#       pm_ra_cosdec: !astropy.table.SerializedColumn
#         __class__: astropy.units.quantity.Quantity
#         unit: !astropy.units.Unit {unit: mas / yr}
#         value: !astropy.table.SerializedColumn {name: SkyCoord.pm_ra_cosdec}
#       ra: !astropy.table.SerializedColumn
#         __class__: astropy.coordinates.angles.Longitude
#         unit: *id001
#         value: !astropy.table.SerializedColumn {name: SkyCoord.ra}
#         wrap_angle: !astropy.coordinates.Angle
#           unit: *id001
#           value: 360.0
#       representation_type: spherical
# schema: astropy-2.0
RA_ICRS_1 DE_ICRS_1 e_RA_ICRS e_DE_ICRS _r_1 HIP TYC2 Source rgeo Plx e_Plx pmRA pmDE e_pmRA e_pmDE RUWE Teff logg Gmag BP-RP BPmag RPmag RV e_RV b_rgeo B_rgeo FG e_FG FBP e_FBP FRP e_FRP RAVE5 RAVE6 e_Gmag e_BPmag e_RPmag e_BP-RP SkyCoord.ra SkyCoord.dec SkyCoord.distance SkyCoord.pm_ra_cosdec SkyCoord.pm_dec rmRA rmDE e_rmRA e_rmDE rRV e_rRV v_pec v_pec3d e_vpec e_vpec3d Pmemb
[from data line 62]
156.94257737788 -57.60954638106 0.0213 0.0211 2.7341 "" "" 5351724452803448576 2328.3501 0.3914 0.0246 -7.33 3.582 0.029 0.025 1.009 9297.0 4.1761 15.480797 0.820205 15.804132 14.983927 "" "" 2210.66113 2463.9917 12095.61737 4.4971 6512.7 10.323 8046.1 13.75 "" "" 0.0027847334880919923 0.0032782205 0.004210261 0.0074884817 156.94257737788 -57.60954638106 2328.3501 -7.330000000000003 3.5820000000000034 -0.06268032073974616 -0.03583337593078628 0.0875562 0.0835562 "" "" 0.7968276251265013 "" 0.06899576725677019 "" 0.9
157.05346466376 -57.72488272436 0.0244 0.0238 8.5463 "" "" 5351696690134122496 2481.8457 0.3662 0.0266 -7.3 3.637 0.034 0.028 0.918 7992.9 4.096 15.597893 0.818387 15.921313 15.102926 "" "" 2311.71558 2688.02197 10858.99546 3.4275 5846.4 13.257 7210.9 9.8822 "" "" 0.002776550308870734 0.0037210612 0.004061739 0.0077828 157.05346466376 -57.72488272436 2481.8457 -7.299999999999998 3.6370000000000013 -0.032680320739745916 0.019166624069213878 0.0925562 0.086556196 "" "" 0.44569110696978637 "" 0.040583848606633624 "" 0.8
156.94992944742 -57.64545780113 0.0214 0.0218 3.0458 "" "" 5351700194827494528 2472.87573 0.3657 0.0248 -7.325 3.673 0.028 0.027 0.947 7436.1 4.0841 15.600488 1.053377 16.038145 14.984768 "" "" 2327.17847 2641.57837 10833.07405 3.1739 5250.0 8.3593 8039.9 11.507 "" "" 0.0027736218235829995 0.0032823256 0.0040863766 0.0073687024 156.94992944742 -57.64545780113 2472.87573 -7.324999999999998 3.673 -0.05768032073974627 0.05516662406921391 0.086556196 0.0855562 "" "" 0.9355417228729132 "" 0.08053134944619018 "" 0.9
156.85839227463 -57.62880939455 0.0277 0.028 0.2488 "" "" 5351701152592672896 2351.84888 0.3854 0.0324 -7.276 3.765 0.036 0.033 1.087 7371.6 4.0934 15.681172 0.976956 16.061422 15.084466 "" "" 2177.43555 2548.86914 10057.21819 3.7832 5138.6 22.789 7334.5 18.096 "" "" 0.0027854255163896006 0.0055650854 0.0046324474 0.010197533 156.85839227463 -57.62880939455 2351.84888 -7.275999999999999 3.7649999999999997 -0.008680320739745895 0.147166624069214 0.0945562 0.0915562 "" "" 1.6434300472249812 "" 0.15048358025562614 "" 0.8
156.7950567472 -57.63818071085 0.0243 0.0235 2.3075 "" "" 5351712491304658304 2317.95068 0.4029 0.0265 -7.401 3.542 0.032 0.03 1.006 9331.9 3.7609 15.734762 1.040682 16.160412 15.11973 "" "" 2184.54639 2486.84375 9572.86276 2.9707 4690.9 14.352 7100.1 9.1475 "" "" 0.002775844386162961 0.004338175 0.0040299413 0.008368116 156.7950567472 -57.63818071085 2317.95068 -7.401000000000003 3.542000000000005 -0.1336803207397459 -0.07583337593078632 0.090556204 0.0885562 "" "" 1.6886236168792432 "" 0.15210003926318433 "" 0.9
156.73422366268 -57.53162971557 0.0239 0.0233 6.9834 "" "" 5351714213600751744 2555.49536 0.3582 0.0278 -7.224 3.62 0.032 0.029 1.01 6670.8 4.1461 15.739765 1.113817 16.205708 15.09189 "" "" 2399.75171 2782.84351 9528.852 3.0311 4499.2 10.41 7284.5 13.679 "" "" 0.002776881253563499 0.003754434 0.004294242 0.008048676 156.73422366268 -57.53162971557 2555.49536 -7.224 3.6199999999999997 0.04331967926025371 0.0021666240692139738 0.090556204 0.0875562 "" "" 0.5253892490133654 "" 0.0475733882510109 "" 0.8
156.6888575141 -57.55270585149 0.024 0.0241 7.0938 "" "" 5351714282320135680 2325.03418 0.3928 0.0286 -7.342 3.6 0.031 0.029 1.034 7768.6 4.1187 15.869716 1.008272 16.290195 15.281923 "" "" 2183.3772 2475.05298 8453.96684 5.0881 4162.3 12.329 6114.9 14.737 "" "" 0.002831748596800418 0.00425768 0.004596796 0.008854476 156.6888575141 -57.55270585149 2325.03418 -7.341999999999995 3.6 -0.07468032073974573 -0.017833375930786044 0.0895562 0.0875562 "" "" 0.8461672333790691 "" 0.07568919238940745 "" 0.8
156.97386629353 -57.66951418379 0.0266 0.0264 4.4405 "" "" 5351700091748252160 2245.23706 0.4041 0.0298 -7.339 3.577 0.037 0.033 0.966 7563.6 4.2916 15.906356 1.053871 16.338184 15.284313 "" "" 2122.55786 2432.00415 8173.43321 3.6762 3982.4 11.863 6101.4 13.003 "" "" 0.002798260463251804 0.004271468 0.004431445 0.008702913 156.97386629353 -57.66951418379 2245.23706 -7.339 3.577 -0.0716803207397465 -0.040833375930786175 0.0955562 0.0915562 "" "" 0.8779472527555471 "" 0.08304663312210815 "" 0.8
156.70968236535 -57.56789713934 0.0251 0.0246 6.0122 "" "" 5351714041801959680 2441.13403 0.3777 0.0287 -7.334 3.583 0.032 0.029 0.991 5853.8 4.172 15.929023 1.155927 16.397657 15.241731 "" "" 2275.96411 2600.61499 8004.56 2.9333 3770.1 13.552 6345.5 13.555 "" "" 0.0027838986140153927 0.004797582 0.0044342875 0.009231869 156.70968236535 -57.56789713934 2441.13403 -7.334 3.583 -0.06668032073974572 -0.03483337593078595 0.090556204 0.0875562 "" "" 0.870490343791764 "" 0.07827576625144654 "" 0.8
156.85386158239 -57.60707581208 0.0267 0.0269 1.1367 "" "" 5351701259979359232 2711.35498 0.3338 0.0307 -7.241 3.67 0.035 0.033 1.099 6482.9 4.2202 15.956581 0.803614 15.978664 15.175051 "" "" 2493.17432 2908.61157 7803.94932 6.2521 5545.6 158.62 6747.4 101.17 "" "" 0.0028893595376293002 0.031180244 0.016712392 0.047892638 156.85386158239 -57.60707581208 2711.35498 -7.241 3.67 0.026319679260254247 0.052166624069213796 0.093556195 0.0915562 "" "" 0.7509338955542113 "" 0.06906002644733444 "" 0.9
