Clusters/IC_2581/IC_2581_members.tsv
# %ECSV 1.0
# ---
# datatype:
# - name: RA_ICRS_1
#   unit: deg
#   datatype: float64
#   format: '{:15.11f}'
#   description: Right ascension (ICRS) at Ep=2016.0 (ra)
#   meta: !!omap
#   - {ucd: POS_EQ_RA_MAIN}
#   - {width: 15}
#   - {precision: '11'}
# - name: DE_ICRS_1
#   unit: deg
#   datatype: float64
#   format: '{:15.11f}'
#   description: Declination (ICRS) at Ep=2016.0 (dec)
#   meta: !!omap
#   - {ucd: POS_EQ_DEC_MAIN}
#   - {width: 15}
#   - {precision: '11'}
# - name: e_RA_ICRS
#   unit: mas
#   datatype: float64
#   format: '{:7.4f}'
#   description: Standard error of right ascension (ra_error)
#   meta: !!omap
#   - {ucd: ERROR}
#   - {width: 7}
#   - {precision: '4'}
# - name: e_DE_ICRS
#   unit: mas
#   datatype: float64
#   format: '{:7.4f}'
#   description: Standard error of declination (dec_error)
#   meta: !!omap
#   - {ucd: ERROR}
#   - {width: 7}
#   - {precision: '4'}
# - name: _r_1
#   unit: ''
#   datatype: float64
#   format: '{:7.4f}'
#   description: Distance from center (156.86281281000-57.62540450000)[ICRS], at Epoch=J2016.0
#   meta: !!omap
#   - {ucd: POS_ANG_DIST_GENERAL}
#   - {width: 7}
#   - {precision: '4'}
# - name: HIP
#   datatype: int32
#   description: '? HIP cross-id number, van Leeuwen, Cat. I/311 (hip_original_ext_source_id)'
#   meta: !!omap
#   - {ucd: ID_NUMBER}
#   - {width: 6}
#   - values: {'null': -2147483648}
# - name: TYC2
#   datatype: string
#   description: Tycho-2 cross-id name, Hog et al., Cat. I/259 (tyc2_original_ext_source_id)
#   meta: !!omap
#   - {ucd: ID_CROSSID}
#   - {_votable_string_dtype: char}
# - name: Source
#   datatype: int64
#   description: Source identifier, identical to the Gaia-EDR3 source_id (id)
#   meta: !!omap
#   - {ucd: ID_MAIN}
#   - {width: 19}
# - name: rgeo
#   unit: pc
#   datatype: float64
#   format: '{:15.8f}'
#   description: '? Median of the geometric distance posterior (r_med_geo)'
#   meta: !!omap
#   - {ucd: PHYS_DISTANCE_TRUE}
#   - {width: 15}
#   - {precision: '8'}
#   - values: {'null': .nan}
# - name: Plx
#   unit: mas
#   datatype: float64
#   format: '{:9.4f}'
#   description: '? Parallax (parallax)'
#   meta: !!omap
#   - {ucd: POS_PARLX_TRIG}
#   - {width: 9}
#   - {precision: '4'}
#   - values: {'null': .nan}
# - name: e_Plx
#   unit: mas
#   datatype: float32
#   format: '{:7.4f}'
#   description: '? Standard error of parallax (parallax_error)'
#   meta: !!omap
#   - {ucd: ERROR}
#   - {width: 7}
#   - {precision: '4'}
#   - values: {'null': .nan}
# - name: pmRA
#   unit: mas / yr
#   datatype: float64
#   format: '{:9.3f}'
#   description: '? Proper motion in right ascension direction, pmRA*cosDE (pmra)'
#   meta: !!omap
#   - {ucd: POS_EQ_PMRA}
#   - {width: 9}
#   - {precision: '3'}
#   - values: {'null': .nan}
# - name: pmDE
#   unit: mas / yr
#   datatype: float64
#   format: '{:9.3f}'
#   description: '? Proper motion in declination direction (pmdec)'
#   meta: !!omap
#   - {ucd: POS_EQ_PMDEC}
#   - {width: 9}
#   - {precision: '3'}
#   - values: {'null': .nan}
# - name: e_pmRA
#   unit: mas / yr
#   datatype: float32
#   format: '{:6.3f}'
#   description: '? Standard error of proper motion in right ascension direction (pmra_error)'
#   meta: !!omap
#   - {ucd: ERROR}
#   - {width: 6}
#   - {precision: '3'}
#   - values: {'null': .nan}
# - name: e_pmDE
[...]
#       distance: !astropy.table.SerializedColumn
#         __class__: astropy.coordinates.distances.Distance
#         unit: !astropy.units.Unit {unit: pc}
#         value: !astropy.table.SerializedColumn {name: SkyCoord.distance}
#       frame: icrs
#       obstime: !astropy.time.Time {format: jyear_str, in_subfmt: '*', jd1: 367701545.0, jd2: 0.0, out_subfmt: '*', precision: 3, scale: tt}
#       pm_dec: !astropy.table.SerializedColumn
#         __class__: astropy.units.quantity.Quantity
#         unit: !astropy.units.Unit {unit: mas / yr}
#         value: !astropy.table.SerializedColumn {name: SkyCoord.pm_dec}
#       pm_ra_cosdec: !astropy.table.SerializedColumn
#         __class__: astropy.units.quantity.Quantity
#         unit: !astropy.units.Unit {unit: mas / yr}
#         value: !astropy.table.SerializedColumn {name: SkyCoord.pm_ra_cosdec}
#       ra: !astropy.table.SerializedColumn
#         __class__: astropy.coordinates.angles.Longitude
#         unit: *id001
#         value: !astropy.table.SerializedColumn {name: SkyCoord.ra}
#         wrap_angle: !astropy.coordinates.Angle
#           unit: *id001
#           value: 360.0
#       representation_type: spherical
# schema: astropy-2.0
RA_ICRS_1 DE_ICRS_1 e_RA_ICRS e_DE_ICRS _r_1 HIP TYC2 Source rgeo Plx e_Plx pmRA pmDE e_pmRA e_pmDE RUWE Teff logg Gmag BP-RP BPmag RPmag RV e_RV b_rgeo B_rgeo FG e_FG FBP e_FBP FRP e_FRP RAVE5 RAVE6 e_Gmag e_BPmag e_RPmag e_BP-RP SkyCoord.ra SkyCoord.dec SkyCoord.distance SkyCoord.pm_ra_cosdec SkyCoord.pm_dec rmRA rmDE e_rmRA e_rmDE rRV e_rRV v_pec v_pec3d e_vpec e_vpec3d Pmemb
[from data line 31]
156.91867086094 -57.65092115024 0.0127 0.0123 2.3584 "" "" 5351700916381952128 2443.52319 0.3757 0.0143 -7.147 3.528 0.015 0.015 1.014 9027.3 3.8657 13.956424 0.46384 14.122568 13.658728 "" "" 2352.00024 2523.65991 49246.705 12.682 30647.0 27.986 27269.0 25.313 "" "" 0.0027694701191542602 0.0029610894 0.003911458 0.0068725473 156.91867086094 -57.65092115024 2443.52319 -7.147 3.5279999999999996 0.12031967926025366 -0.08983337593078611 0.0735562 0.0735562 "" "" 1.7391532273580483 "" 0.12792550204799166 "" 0.8
156.91525817173 -57.63938335973 0.0121 0.0134 1.8818 "" "" 5351700985101450880 2443.04956 0.371 0.0148 -7.329 3.633 0.015 0.016 1.052 9729.9 3.7778 13.986424 0.500933 14.168575 13.667643 "" "" 2367.98584 2550.53027 47904.57608 13.51 29376.0 34.842 27046.0 17.422 "" "" 0.002772281867636288 0.003073007 0.0038435496 0.0069165565 156.91525817173 -57.63938335973 2443.04956 -7.328999999999999 3.6330000000000027 -0.06168032073974583 0.015166624069213874 0.0735562 0.0745562 "" "" 0.7355375642540448 "" 0.05414555332810165 "" 0.9
156.97029460548 -57.63542089626 0.0118 0.0121 3.5045 "" "" 5351723658219626368 2306.09326 0.3974 0.014 -7.314 3.589 0.015 0.014 1.006 9616.8 3.9662 14.042854 0.503084 14.225599 13.722515 "" "" 2247.76709 2382.67944 45478.40053 13.715 27873.0 21.08 25713.0 17.297 "" "" 0.0027747068442745327 0.0029084876 0.003849307 0.006757795 156.97029460548 -57.63542089626 2306.09326 -7.313999999999999 3.588999999999996 -0.04668032073974615 -0.028833375930786165 0.0735562 0.0725562 "" "" 0.5997475169202399 "" 0.04395033808516503 "" 0.8
156.77669216472 -57.5701609241 0.012 0.0116 4.319 "" "" 5351713285887781248 2406.29321 0.3781 0.014 -7.282 3.623 0.015 0.014 1.005 "" "" 14.047566 0.475286 14.219606 13.744321 "" "" 2333.48853 2488.77832 45281.42534 12.314 28027.0 19.523 25202.0 14.24 "" "" 0.002771094975893344 0.0028908544 0.0038288487 0.006719703 156.77669216472 -57.5701609241 2406.29321 -7.282 3.623 -0.014680320739746122 0.0051666240692140875 0.0735562 0.0725562 "" "" 0.17750850885065528 "" 0.01303740620571353 "" 1.0
156.97553662577 -57.70597129159 0.0136 0.0131 6.0377 "" "" 5351699748150796928 2574.06909 0.357 0.015 -7.26 3.554 0.02 0.017 0.921 9947.9 4.1392 14.108332 0.543417 14.304322 13.760905 "" "" 2475.84082 2675.8042 42816.8031 11.39 25923.0 21.751 24820.0 20.97 "" "" 0.002770416739016652 0.0029351267 0.0038891134 0.00682424 156.97553662577 -57.70597129159 2574.06909 -7.259999999999997 3.5539999999999963 0.007319679260254119 -0.0638333759307863 0.078556195 0.0755562 "" "" 0.783940293298013 "" 0.05926267264812375 "" 0.9
156.93706810701 -57.58292302734 0.0123 0.0125 3.4921 "" "" 5351724624602187008 2431.95044 0.3769 0.0146 -7.279 3.612 0.016 0.015 1.075 "" "" 14.121867 0.576576 14.334832 13.758256 "" "" 2354.13159 2540.05518 42286.30766 9.3578 25205.0 20.504 24880.0 14.656 "" "" 0.0027657763348081605 0.002926628 0.0038331163 0.006759744 156.93706810701 -57.58292302734 2431.95044 -7.279 3.612 -0.011680320739746008 -0.005833375930786033 0.0745562 0.0735562 "" "" 0.15050189540780504 "" 0.01119096686894143 "" 0.9
156.81163439584 -57.63087066037 0.0134 0.0123 1.6765 "" "" 5351712873570833024 2479.48438 0.3685 0.0143 -7.287 3.619 0.017 0.015 1.008 9992.8 4.2432 14.129121 0.622113 14.359718 13.737605 "" "" 2408.30127 2558.03442 42004.76343 9.389 24634.0 18.336 25358.0 13.701 "" "" 0.0027659873455980377 0.0029048512 0.0038246382 0.006729489 156.81163439584 -57.63087066037 2479.48438 -7.287 3.6189999999999998 -0.019680320739746016 0.001166624069214084 0.0755562 0.0735562 "" "" 0.23170403714481175 "" 0.017505076136227416 "" 1.0
156.91421228671 -57.52279478859 0.0142 0.0136 6.3748 "" "" 5351725346156784512 2142.34766 0.4291 0.0171 -7.27 3.699 0.019 0.016 1.133 "" "" 14.168655 0.660199 14.415891 13.755692 "" "" 2080.25464 2228.7002 40502.74103 9.4207 23392.0 17.229 24939.0 17.77 "" "" 0.0027668689460724006 0.0029025055 0.0038577493 0.0067602545 156.91421228671 -57.52279478859 2142.34766 -7.27 3.699 -0.0026803207397456674 0.08116662406921371 0.0775562 0.0745562 "" "" 0.8246742615396513 "" 0.06148732967299495 "" 0.8
156.89051582001 -57.683032948 0.0136 0.0132 3.5702 "" "" 5351700400985781120 2515.20142 0.3645 0.0152 -7.219 3.68 0.019 0.016 0.947 "" "" 14.206264 0.514179 14.394056 13.879877 "" "" 2419.5376 2598.79272 39123.81067 14.197 23867.0 22.929 22244.0 14.638 "" "" 0.0027833457590300936 0.0029787638 0.003846325 0.0068250885 156.89051582001 -57.683032948 2515.20142 -7.219 3.679999999999998 0.0483196792602536 0.06216662406921403 0.0775562 0.0745562 "" "" 0.9387042025468577 "" 0.07105989981539582 "" 0.8
156.83636057748 -57.4838821018 0.0128 0.0124 8.5339 "" "" 5351737372065210624 2521.93359 0.3609 0.0153 -7.323 3.656 0.017 0.015 0.966 "" "" 14.301745 0.498544 14.484042 13.985498 "" "" 2434.39819 2627.32397 35830.15096 10.094 21968.0 13.881 20182.0 14.702 "" "" 0.002772245795027679 0.0028732752 0.0038612555 0.0067345304 156.83636057748 -57.4838821018 2521.93359 -7.3229999999999995 3.6559999999999997 -0.05568032073974649 0.038166624069214006 0.0755562 0.0735562 "" "" 0.8069581138522249 "" 0.06045946963526899 "" 1.0
156.83695863463 -57.56518726617 0.0133 0.0128 3.7074 "" "" 5351736581791072000 2448.05737 0.372 0.0157 -7.278 3.555 0.018 0.015 1.026 "" "" 14.319892 0.484509 14.495218 14.010709 "" "" 2350.48267 2534.58594 35236.28795 10.399 21743.0 21.134 19719.0 12.963 "" "" 0.002773889195765027 0.002983079 0.003846188 0.0068292674 156.83695863463 -57.56518726617 2448.05737 -7.278000000000001 3.5550000000000015 -0.010680320739745675 -0.06283337593078597 0.0765562 0.0735562 "" "" 0.7395633236620374 "" 0.054463004676024836 "" 0.9
156.77963122625 -57.70621643363 0.0146 0.0137 5.535 "" "" 5351699060955843584 2485.88184 0.3705 0.0159 -7.263 3.596 0.021 0.018 1.004 10980.3 4.1996 14.350905 0.836706 14.671639 13.834933 "" "" 2389.83398 2582.0708 34243.99893 10.387 18483.0 20.557 23184.0 28.966 "" "" 0.0027749318874690666 0.0030402744 0.0040154527 0.007055727 156.77963122625 -57.70621643363 2485.88184 -7.263 3.5959999999999996 0.004319679260254006 -0.021833375930786048 0.0795562 0.0765562 "" "" 0.26225121449298855 "" 0.02010715026790113 "" 1.0
156.75168308732 -57.6490536276 0.0145 0.0137 3.8408 "" "" 5351712426894146304 2405.89526 0.3845 0.0155 -7.28 3.645 0.02 0.017 1.022 7194.1 3.458 14.420493 1.26741 14.967126 13.699716 "" "" 2321.58594 2492.14355 32118.07527 7.8618 14079.0 14.066 26259.0 16.271 "" "" 0.0027681076786471035 0.002993609 0.0038387931 0.006832402 156.75168308732 -57.6490536276 2405.89526 -7.279999999999998 3.6450000000000036 -0.012680320739746342 0.027166624069213885 0.078556195 0.0755562 "" "" 0.34189319359365683 "" 0.026018606360264002 "" 1.0
156.89921267774 -57.61117971528 0.0141 0.0145 1.4479 "" "" 5351701225619656704 2329.63892 0.3894 0.0164 -7.312 3.604 0.019 0.018 0.969 "" "" 14.430821 0.589608 14.647441 14.057833 "" "" 2239.65894 2410.05908 31813.98173 9.0861 18899.0 19.334 18881.0 18.027 "" "" 0.0027727140924467954 0.0030031253 0.00391897 0.006922095 156.89921267774 -57.61117971528 2329.63892 -7.312000000000004 3.604000000000001 -0.04468032073974637 -0.01383337593078604 0.0775562 0.0765562 "" "" 0.5164879318329063 "" 0.04001192917885577 "" 0.8
157.00846052445 -57.70691361892 0.0212 0.0208 6.7649 "" "" 5351699713791089792 2544.11523 0.3554 0.0236 -7.312 3.481 0.03 0.025 1.351 9988.5 3.7631 14.605142 0.553732 14.790382 14.23665 "" "" 2379.34351 2707.65527 27095.06278 11.387 16568.0 18.063 16014.0 14.518 "" "" 0.0027928466424110327 0.003030876 0.0039054565 0.006936332 157.00846052445 -57.70691361892 2544.11523 -7.312 3.481 -0.04468032073974637 -0.13683337593078626 0.0885562 0.0835562 "" "" 1.7358288057306093 "" 0.14589796346335449 "" 1.0
156.8981654942 -57.64114685541 0.0149 0.0153 1.477 "" "" 5351700985101426944 2438.27368 0.3726 0.0174 -7.225 3.714 0.019 0.018 0.982 9511.6 3.8881 14.620851 0.599492 14.84116 14.241668 "" "" 2345.0769 2552.15674 26705.85845 7.5017 15811.0 39.658 15940.0 32.795 "" "" 0.0027721480505244816 0.0038989 0.004390168 0.008289068 156.8981654942 -57.64114685541 2438.27368 -7.224999999999998 3.7140000000000013 0.04231967926025426 0.09616662406921384 0.0775562 0.0765562 "" "" 1.2142976766273372 "" 0.09316009654656401 "" 1.0
156.90189908704 -57.63845264287 0.0166 0.0182 1.4796 "" "" 5351700985101437440 2390.9917 0.3823 0.0191 -7.369 3.537 0.02 0.022 1.12 7195.6 3.6787 14.702027 0.588829 14.911658 14.322829 "" "" 2275.09717 2514.13623 24781.97513 6.8452 14817.0 38.528 14792.0 37.525 "" "" 0.0027715931542976018 0.0039693154 0.0046765516 0.008645867 156.90189908704 -57.63845264287 2390.9917 -7.369000000000003 3.537000000000001 -0.10168032073974587 -0.08083337593078621 0.078556195 0.0805562 "" "" 1.4721483053513065 "" 0.11679535602696663 "" 0.9
156.88626095594 -57.63831300184 0.0166 0.0177 1.0804 "" "" 5351701088165297664 2403.90723 0.3809 0.0193 -7.221 3.643 0.021 0.023 1.014 9380.4 3.9921 14.80146 0.618416 15.035426 14.41701 "" "" 2306.44946 2524.28931 22613.23312 6.7526 13220.0 20.802 13563.0 16.823 "" "" 0.002774329569405926 0.003271665 0.004012149 0.007283814 156.88626095594 -57.63831300184 2403.90723 -7.220999999999995 3.643000000000002 0.04631967926025382 0.02516662406921366 0.0795562 0.0815562 "" "" 0.6006621823883584 "" 0.048062846678625946 "" 0.9
156.86773422709 -57.5654885945 0.0154 0.0156 3.5984 "" "" 5351736547431366272 2568.63306 0.3565 0.0186 -7.186 3.606 0.021 0.018 0.982 9460.0 3.9424 14.834567 0.623222 15.067759 14.444537 "" "" 2436.83301 2765.35254 21934.10561 6.3623 12833.0 13.77 13223.0 12.787 "" "" 0.002773260239853609 0.0030236235 0.003922511 0.0069461344 156.86773422709 -57.5654885945 2568.63306 -7.186000000000001 3.606 0.08131967926025396 -0.01183337593078626 0.0795562 0.0765562 "" "" 1.0005209354683344 "" 0.07953655015622596 "" 0.8
156.78649447953 -57.7447344705 0.0201 0.0169 7.5667 "" "" 5351698854797351424 2270.41772 0.4072 0.021 -7.222 3.629 0.028 0.021 0.928 8538.5 3.8989 14.928991 0.867694 15.261901 14.394207 "" "" 2183.23853 2377.39014 20107.1304 5.793 10731.0 21.711 13851.0 18.815 "" "" 0.0027730196916582466 0.0035511109 0.0040569576 0.007608068 156.78649447953 -57.7447344705 2270.41772 -7.222000000000002 3.6289999999999996 0.04531967926025349 0.01116662406921387 0.086556196 0.0795562 "" "" 0.5023073719251472 "" 0.043284270398919994 "" 0.8
156.82011733941 -57.58584720154 0.0167 0.0165 2.7417 "" "" 5351713114089219072 2327.33252 0.3908 0.0193 -7.324 3.574 0.022 0.02 1.02 9254.2 4.1349 14.956217 0.66198 15.2076 14.54562 "" "" 2222.26929 2432.6814 19609.20096 5.3779 11282.0 13.444 12048.0 10.544 "" "" 0.0027713633514308165 0.0030755429 0.0038969996 0.0069725425 156.82011733941 -57.58584720154 2327.33252 -7.324000000000006 3.5740000000000025 -0.05668032073974594 -0.04383337593078629 0.0805562 0.078556195 "" "" 0.7904341771479063 "" 0.06308738373517632 "" 0.9
156.71843018864 -57.58441396052 0.016 0.0164 5.2526 "" "" 5351713973082455680 2499.86353 0.3667 0.0188 -7.315 3.586 0.021 0.02 1.018 "" "" 14.979418 0.718371 15.255076 14.536705 "" "" 2390.48438 2628.2998 19194.62216 5.073 10799.0 10.495 12147.0 9.5489 "" "" 0.0027702221892901644 0.0029830246 0.0038745587 0.0068575833 156.71843018864 -57.58441396052 2499.86353 -7.314999999999997 3.5859999999999954 -0.047680320739746485 -0.03183337593078628 0.0795562 0.078556195 "" "" 0.6793283661290423 "" 0.05383624750676915 "" 1.0
156.69309733775 -57.54318770904 0.0172 0.017 7.3574 "" "" 5351714278009795456 2336.45166 0.3944 0.0203 -7.253 3.594 0.023 0.021 1.034 "" "" 14.981243 0.629094 15.219098 14.590004 "" "" 2222.10693 2438.47119 19162.38143 5.388 11163.0 12.372 11565.0 12.186 "" "" 0.00277218091503441 0.003038592 0.0039487397 0.0069873314 156.69309733775 -57.54318770904 2336.45166 -7.253 3.593999999999999 0.014319679260253793 -0.02383337593078627 0.0815562 0.0795562 "" "" 0.30792731116306266 "" 0.024662374575159386 "" 1.0
156.88017998268 -57.61615311741 0.0184 0.0192 0.7871 "" "" 5351701225619631360 2430.9187 0.383 0.0224 -7.324 3.589 0.024 0.024 0.989 9690.3 4.182 15.051195 0.635148 15.288275 14.653127 "" "" 2323.94946 2549.66431 17966.71929 6.1656 10474.0 18.98 10912.0 14.24 "" "" 0.0027803979032322147 0.0034140858 0.0040362417 0.0074503273 156.88017998268 -57.61615311741 2430.9187 -7.324 3.589 -0.05668032073974594 -0.028833375930786165 0.0825562 0.0825562 "" "" 0.7327495298687196 "" 0.06049301894163732 "" 0.8
156.8695857781 -57.62400081857 0.0217 0.0217 0.2333 "" "" 5351701191244551936 2634.43701 0.3476 0.025 -7.272 3.518 0.028 0.026 1.252 9968.6 4.1188 15.087838 0.699736 15.327719 14.627983 "" "" 2490.37573 2834.36035 17370.46304 7.0697 10100.0 35.339 11168.0 16.958 "" "" 0.0027905296807313818 0.004713454 0.0041233134 0.008836767 156.8695857781 -57.62400081857 2634.43701 -7.271999999999999 3.518 -0.004680320739746335 -0.09983337593078634 0.086556196 0.0845562 "" "" 1.248011689339809 "" 0.10553266397665069 "" 0.9
156.83847062596 -57.61947949463 0.0186 0.0184 0.8591 "" "" 5351701156900101120 2174.99561 0.4302 0.0211 -7.206 3.557 0.023 0.022 1.058 9737.8 4.339 15.166494 0.685153 15.42876 14.743607 "" "" 2090.9209 2272.38281 16156.56594 5.1645 9202.6 18.885 10040.0 16.254 "" "" 0.002777091910573517 0.0035706286 0.004168132 0.0077387607 156.83847062596 -57.61947949463 2174.99561 -7.206 3.5570000000000004 0.0613196792602535 -0.06083337593078619 0.0815562 0.0805562 "" "" 0.8904909370203875 "" 0.07218472964332436 "" 0.8
156.72084474836 -57.62126545261 0.0193 0.0179 4.568 "" "" 5351712701772073216 2396.34741 0.3844 0.0207 -7.237 3.647 0.025 0.022 1.023 7498.9 3.9384 15.169343 1.03707 15.592384 14.555314 "" "" 2272.70947 2542.46216 16114.22861 4.209 7915.2 11.806 11941.0 13.42 "" "" 0.0027698761232521634 0.0032260872 0.0039714794 0.0071975663 156.72084474836 -57.62126545261 2396.34741 -7.236999999999999 3.6469999999999994 0.030319679260253807 0.029166624069213665 0.0835562 0.0805562 "" "" 0.4778721014261276 "" 0.039246682674112354 "" 1.0
156.90879051482 -57.61922916655 0.0193 0.0191 1.523 "" "" 5351701019461222656 2456.02075 0.3738 0.0226 -7.292 3.537 0.024 0.024 0.98 9501.8 4.231 15.247656 0.755297 15.534698 14.779401 "" "" 2287.73218 2631.59521 14992.85208 4.259 8347.1 14.914 9714.0 20.402 "" "" 0.002772528549372897 0.003398282 0.00441403 0.007812312 156.90879051482 -57.61922916655 2456.02075 -7.292 3.537 -0.02468032073974591 -0.08083337593078621 0.0825562 0.0825562 "" "" 0.9839099362234329 "" 0.08122786843615297 "" 0.8
156.87757190853 -57.62648113939 0.023 0.0227 0.4785 "" "" 5351701191259866496 2488.74438 0.3639 0.0264 -7.249 3.584 0.03 0.027 1.097 9255.9 4.058 15.366054 0.755044 15.660347 14.905303 "" "" 2349.42896 2661.71509 13443.90514 4.0307 7434.9 13.297 8650.4 14.378 "" "" 0.002774482563770146 0.003399354 0.004188125 0.007587479 156.87757190853 -57.62648113939 2488.74438 -7.248999999999995 3.583999999999996 0.01831967926025424 -0.03383337593078606 0.0885562 0.0855562 "" "" 0.4538733399062779 "" 0.03914453292694746 "" 0.8
156.73174154914 -57.65041107034 0.021 0.02 4.4689 "" "" 5351712598692818176 2128.76587 0.4312 0.0227 -7.142 3.475 0.028 0.024 1.035 6648.8 4.0469 15.43512 0.908574 15.799898 14.891324 "" "" 2049.09009 2243.50708 12615.33998 3.6598 6538.2 9.5482 8762.5 10.833 "" "" 0.002773265526197085 0.0032092219 0.004010668 0.00721989 156.73174154914 -57.65041107034 2128.76587 -7.142000000000001 3.4749999999999974 0.12531967926025356 -0.14283337593078604 0.086556196 0.0825562 "" "" 1.9173363526664884 "" 0.16166861570788996 "" 0.8
