Clusters/UBC_281/UBC_281_stars_in_region.tsv
# %ECSV 1.0
# ---
# datatype:
# - name: RA_ICRS_1
#   unit: deg
#   datatype: float64
#   format: '{:15.11f}'
#   description: Right ascension (ICRS) at Ep=2016.0 (ra)
#   meta: !!omap
#   - {ucd: POS_EQ_RA_MAIN}
#   - {width: 15}
#   - {precision: '11'}
# - name: DE_ICRS_1
#   unit: deg
#   datatype: float64
#   format: '{:15.11f}'
#   description: Declination (ICRS) at Ep=2016.0 (dec)
#   meta: !!omap
#   - {ucd: POS_EQ_DEC_MAIN}
#   - {width: 15}
#   - {precision: '11'}
# - name: e_RA_ICRS
#   unit: mas
#   datatype: float64
#   format: '{:7.4f}'
#   description: Standard error of right ascension (ra_error)
#   meta: !!omap
#   - {ucd: ERROR}
#   - {width: 7}
#   - {precision: '4'}
# - name: e_DE_ICRS
#   unit: mas
#   datatype: float64
#   format: '{:7.4f}'
#   description: Standard error of declination (dec_error)
#   meta: !!omap
#   - {ucd: ERROR}
#   - {width: 7}
#   - {precision: '4'}
# - name: _r_1
#   unit: ''
#   datatype: float64
#   format: '{:7.4f}'
#   description: Distance from center (178.12021781000-64.57150271000)[ICRS], at Epoch=J2016.0
#   meta: !!omap
#   - {ucd: POS_ANG_DIST_GENERAL}
#   - {width: 7}
#   - {precision: '4'}
# - name: HIP
#   datatype: int32
#   description: '? HIP cross-id number, van Leeuwen, Cat. I/311 (hip_original_ext_source_id)'
#   meta: !!omap
#   - {ucd: ID_NUMBER}
#   - {width: 6}
#   - values: {'null': -2147483648}
# - name: TYC2
#   datatype: string
#   description: Tycho-2 cross-id name, Hog et al., Cat. I/259 (tyc2_original_ext_source_id)
#   meta: !!omap
#   - {ucd: ID_CROSSID}
#   - {_votable_string_dtype: char}
# - name: Source
#   datatype: int64
#   description: Source identifier, identical to the Gaia-EDR3 source_id (id)
#   meta: !!omap
#   - {ucd: ID_MAIN}
#   - {width: 19}
# - name: rgeo
#   unit: pc
#   datatype: float64
#   format: '{:15.8f}'
#   description: '? Median of the geometric distance posterior (r_med_geo)'
#   meta: !!omap
#   - {ucd: PHYS_DISTANCE_TRUE}
#   - {width: 15}
#   - {precision: '8'}
#   - values: {'null': .nan}
# - name: Plx
#   unit: mas
#   datatype: float64
#   format: '{:9.4f}'
#   description: '? Parallax (parallax)'
#   meta: !!omap
#   - {ucd: POS_PARLX_TRIG}
#   - {width: 9}
#   - {precision: '4'}
#   - values: {'null': .nan}
# - name: e_Plx
#   unit: mas
#   datatype: float32
#   format: '{:7.4f}'
#   description: '? Standard error of parallax (parallax_error)'
#   meta: !!omap
#   - {ucd: ERROR}
#   - {width: 7}
#   - {precision: '4'}
#   - values: {'null': .nan}
# - name: pmRA
#   unit: mas / yr
#   datatype: float64
#   format: '{:9.3f}'
#   description: '? Proper motion in right ascension direction, pmRA*cosDE (pmra)'
#   meta: !!omap
#   - {ucd: POS_EQ_PMRA}
#   - {width: 9}
#   - {precision: '3'}
#   - values: {'null': .nan}
# - name: pmDE
#   unit: mas / yr
#   datatype: float64
#   format: '{:9.3f}'
#   description: '? Proper motion in declination direction (pmdec)'
#   meta: !!omap
#   - {ucd: POS_EQ_PMDEC}
#   - {width: 9}
#   - {precision: '3'}
#   - values: {'null': .nan}
# - name: e_pmRA
#   unit: mas / yr
#   datatype: float32
#   format: '{:6.3f}'
#   description: '? Standard error of proper motion in right ascension direction (pmra_error)'
#   meta: !!omap
#   - {ucd: ERROR}
#   - {width: 6}
#   - {precision: '3'}
#   - values: {'null': .nan}
# - name: e_pmDE
[...]
#         value: !astropy.table.SerializedColumn {name: SkyCoord.dec}
#       distance: !astropy.table.SerializedColumn
#         __class__: astropy.coordinates.distances.Distance
#         unit: !astropy.units.Unit {unit: pc}
#         value: !astropy.table.SerializedColumn {name: SkyCoord.distance}
#       frame: icrs
#       obstime: !astropy.time.Time {format: jyear_str, in_subfmt: '*', jd1: 367701545.0, jd2: 0.0, out_subfmt: '*', precision: 3, scale: tt}
#       pm_dec: !astropy.table.SerializedColumn
#         __class__: astropy.units.quantity.Quantity
#         unit: !astropy.units.Unit {unit: mas / yr}
#         value: !astropy.table.SerializedColumn {name: SkyCoord.pm_dec}
#       pm_ra_cosdec: !astropy.table.SerializedColumn
#         __class__: astropy.units.quantity.Quantity
#         unit: !astropy.units.Unit {unit: mas / yr}
#         value: !astropy.table.SerializedColumn {name: SkyCoord.pm_ra_cosdec}
#       ra: !astropy.table.SerializedColumn
#         __class__: astropy.coordinates.angles.Longitude
#         unit: *id001
#         value: !astropy.table.SerializedColumn {name: SkyCoord.ra}
#         wrap_angle: !astropy.coordinates.Angle
#           unit: *id001
#           value: 360.0
#       representation_type: spherical
# schema: astropy-2.0
RA_ICRS_1 DE_ICRS_1 e_RA_ICRS e_DE_ICRS _r_1 HIP TYC2 Source rgeo Plx e_Plx pmRA pmDE e_pmRA e_pmDE RUWE Teff logg Gmag BP-RP BPmag RPmag RV e_RV b_rgeo B_rgeo FG e_FG FBP e_FBP FRP e_FRP RAVE5 RAVE6 e_Gmag e_BPmag e_RPmag e_BP-RP SkyCoord.ra SkyCoord.dec SkyCoord.distance SkyCoord.pm_ra_cosdec SkyCoord.pm_dec rmRA rmDE e_rmRA e_rmDE rRV e_rRV v_pec v_pec3d e_vpec e_vpec3d
[from data line 1742]
178.67842714518 -64.32693818486 0.0473 0.0469 20.5911 "" "" 5332904627675762816 2328.84839 0.4196 0.061 -5.531 2.78 0.065 0.062 1.24 5135.0 4.6565 16.677868 1.283958 17.129908 15.845949 "" "" 2011.48108 2748.64648 4016.05097 3.185 1920.7 9.5639 3637.3 64.478 "" "" 0.002886731276906493 0.0060838377 0.01961428 0.025698118 178.67842714518 -64.32693818486 2328.84839 -5.531 2.780000000000004 0.06460728073120148 2.496500014066696 0.1426422 0.1396422 "" "" 27.56744472060226 "" 3.8496344068159725 ""
178.58033897234 -64.66443521134 0.0392 0.0432 13.0817 "" "" 5332517908834497024 2957.08447 0.315 0.0516 -7.926 1.03 0.049 0.057 0.96 "" "" 16.678125 1.579426 17.413351 15.833925 "" "" 2567.51172 3547.3186 4015.10375 2.3274 1479.4 6.4513 3677.8 9.6613 "" "" 0.002826284192144373 0.0054956125 0.0047348137 0.010230426 178.58033897234 -64.66443521134 2957.08447 -7.926 1.03 -2.330392719268799 0.7465000140666962 0.1266422 0.1346422 "" "" 34.29909774655668 "" 4.369976161768695 ""
177.85115796828 -64.67847320434 0.0387 0.04 9.4369 "" "" 5332527078551860224 2871.50024 0.3257 0.0484 -6.944 0.408 0.046 0.048 1.045 "" "" 16.678474 1.675895 17.466827 15.790933 "" "" 2512.92017 3365.52441 4013.81203 2.1871 1408.3 8.4628 3826.4 8.2393 "" "" 0.002818118599659148 0.00709601 0.0044440366 0.011540046 177.85115796828 -64.67847320434 2871.50024 -6.944 0.40800000000000014 -1.3483927192687988 0.12450001406669614 0.12364219 0.1256422 "" "" 18.430918583259476 "" 2.27915325941422 ""
178.1125967211 -64.75675588384 0.0385 0.0395 11.1169 "" "" 5332513957463798912 2290.53857 0.4203 0.0482 -8.182 -0.37 0.048 0.049 1.056 6122.3 4.5133 16.679596 1.160157 17.14663 15.986472 "" "" 2059.60083 2502.54272 4009.66737 2.1701 1891.3 9.7409 3195.7 10.104 "" "" 0.0028172833212342296 0.0062493924 0.0051056845 0.011355077 178.1125967211 -64.75675588384 2290.53857 -8.182 -0.3699999999999999 -2.586392719268799 -0.6534999859333038 0.1256422 0.1266422 "" "" 28.963354389317978 "" 3.64076403000663 ""
178.67492964495 -64.34309378246 0.0373 0.0371 19.8434 "" "" 5332904215386175872 2475.5127 0.3686 0.0459 -6.116 -0.013 0.049 0.049 0.952 6036.3 4.4691 16.681412 1.234496 17.205235 15.970738 "" "" 2220.9895 2814.88818 4002.96456 2.2912 1791.9 6.8069 3242.4 7.4347 "" "" 0.002824533303917089 0.004979524 0.0045256596 0.009505183 178.67492964495 -64.34309378246 2475.5127 -6.116 -0.012999999999999911 -0.5203927192687985 -0.29649998593330384 0.1266422 0.1266422 "" "" 7.027838852197646 "" 0.8900209550082875 ""
178.21470979082 -64.37339873814 0.0789 0.0834 12.1347 "" "" 5332901329167539456 2720.87964 0.3899 0.0995 -7.209 -1.505 0.1 0.103 2.254 6006.4 4.4899 16.682255 1.336379 17.160248 15.823869 "" "" 2199.95215 3491.53418 3999.85892 8.3731 1867.7 11.648 3712.0 11.236 "" "" 0.003571767206114893 0.007323579 0.005008446 0.012332025 178.21470979082 -64.37339873814 2720.87964 -7.209000000000008 -1.5050000000000006 -1.6133927192687985 -1.7884999859333037 0.1776422 0.18064219 "" "" 31.06474991434026 "" 5.569984593595737 ""
178.67745165803 -64.71268585195 0.0394 0.0405 16.6368 "" "" 5332517221639742592 2647.12988 0.3687 0.0507 -4.085 0.595 0.052 0.059 0.985 6347.7 4.493 16.682413 1.167089 17.177307 16.010218 "" "" 2387.59204 3015.62524 3999.27762 2.216 1838.6 6.3375 3126.6 9.7128 "" "" 0.0028202339896880547 0.004668074 0.0050655515 0.009733626 178.67745165803 -64.71268585195 2647.12988 -4.085 0.5949999999999995 1.5106072807312012 0.31150001406669614 0.12964219 0.13664219 "" "" 19.352976340618262 "" 2.5146305045680073 ""
177.67548643566 -64.56221168194 0.0527 0.0418 11.4731 "" "" 5332531034239358336 2510.93018 0.3833 0.0567 -7.274 2.2 0.066 0.062 1.138 "" "" 16.684288 "" "" "" "" "" 2211.8623 2814.53271 3992.37378 3.7984 "" "" "" "" "" "" 0.0029425917727226632 "" "" "" 177.67548643566 -64.56221168194 2510.93018 -7.274 2.2000000000000006 -1.6783927192687988 1.9165000140666963 0.14364219 0.1396422 "" "" 30.32036820848523 "" 4.287066849084908 ""
177.48430529822 -64.48396869478 0.0377 0.0366 17.2293 "" "" 5332533645595079040 2464.90771 0.3875 0.0444 -6.726 4.763 0.049 0.048 1.016 "" "" 16.684467 1.165512 17.172192 16.00668 "" "" 2231.03589 2713.65234 3991.71851 2.087 1847.3 7.6684 3136.8 7.45 "" "" 0.002813187704666082 0.0053007994 0.004575282 0.009876082 177.48430529822 -64.48396869478 2464.90771 -6.726000000000001 4.762999999999999 -1.1303927192687988 4.479500014066696 0.1266422 0.1256422 "" "" 53.97764603827787 "" 6.785113528253002 ""
177.64586568564 -64.56373137227 0.0421 0.0409 12.2314 "" "" 5332531034257022464 2839.771 0.3339 0.0533 -7.355 1.514 0.052 0.054 1.172 5722.5 4.5968 16.68462 1.207147 17.183554 15.976407 "" "" 2487.71533 3415.3064 3991.15325 2.5076 1828.1 7.1638 3225.5 9.0633 "" "" 0.0028385079233968218 0.005087969 0.0048570675 0.009945037 177.64586568564 -64.56373137227 2839.771 -7.355 1.5139999999999996 -1.7593927192687993 1.2305000140666962 0.12964219 0.1316422 "" "" 28.89967464081884 "" 3.7657005215662394 ""
178.90228009418 -64.54726607908 0.0398 0.0381 20.2095 "" "" 5332847899770073344 2294.51978 0.4026 0.048 -8.933 0.911 0.051 0.054 0.967 "" "" 16.684708 1.580735 17.405304 15.824569 "" "" 2081.73828 2570.08057 3990.83637 2.0752 1490.4 7.5785 3709.6 8.8825 "" "" 0.0028125668755007178 0.006185843 0.004587205 0.010773048 178.90228009418 -64.54726607908 2294.51978 -8.932999999999998 0.9109999999999995 -3.3373927192687987 0.6275000140666962 0.1286422 0.1316422 "" "" 36.93358421196159 "" 4.75504341372406 ""
177.83612676202 -64.65653317852 0.0402 0.0387 8.9123 "" "" 5332527117244641408 2154.84229 0.4479 0.0496 -9.485 -2.828 0.047 0.048 1.002 5244.9 4.5943 16.685343 1.275681 17.2458 15.970118 "" "" 1941.64575 2454.53979 3988.50012 2.0169 1726.2 10.338 3244.2 8.4252 "" "" 0.0028094888291657714 0.0070756967 0.0047153174 0.011791014 177.83612676202 -64.65653317852 2154.84229 -9.48500000000001 -2.828000000000001 -3.8893927192687983 -3.1114999859333037 0.12464219 0.1256422 "" "" 50.87410475828086 "" 6.360961649186676 ""
177.63864181679 -64.34335301091 0.0362 0.0369 18.5096 "" "" 5332541548335332096 3050.51416 0.3165 0.0454 -7.469 0.699 0.048 0.05 1.034 "" "" 16.68626 1.597938 17.426592 15.828654 "" "" 2695.72363 3521.23389 3985.13307 2.1342 1461.4 6.976 3695.7 6.0146 "" "" 0.002816004280800662 0.0058860956 0.004172048 0.010058144 177.63864181679 -64.34335301091 3050.51416 -7.468999999999993 0.6989999999999998 -1.8733927192687991 0.4155000140666961 0.1256422 0.1276422 "" "" 27.746452498581252 "" 3.488746693282667 ""
178.17435069673 -64.33942855538 0.0401 0.0424 13.9947 "" "" 5332901535325767552 2803.78467 0.3453 0.0518 -6.974 0.306 0.052 0.051 1.07 5568.9 4.593 16.688953 1.217237 17.226196 16.008959 "" "" 2492.76367 3186.91821 3975.25693 2.1531 1757.7 6.2207 3130.2 12.169 "" "" 0.002817375834393726 0.004748704 0.005665676 0.010414381 178.17435069673 -64.33942855538 2803.78467 -6.973999999999999 0.30599999999999994 -1.378392719268799 0.02250001406669616 0.12964219 0.1286422 "" "" 18.321195995651223 "" 2.3751950841659517 ""
178.24306992865 -64.73282183238 0.0394 0.0398 10.1806 "" "" 5332513648226191744 2664.73682 0.3607 0.0499 -7.689 2.051 0.052 0.051 1.008 "" "" 16.68941 2.447418 18.014032 15.566614 "" "" 2370.22656 2985.97876 3973.58857 2.3744 850.75 6.4304 4704.5 9.2726 "" "" 0.0028306714211434937 0.008667896 0.0043431898 0.013011085 178.24306992865 -64.73282183238 2664.73682 -7.688999999999998 2.0510000000000006 -2.093392719268799 1.7675000140666963 0.12964219 0.1286422 "" "" 34.605653241873995 "" 4.471982865376147 ""
178.50500900597 -64.66251402648 0.0418 0.0433 11.3034 "" "" 5332518321151139584 2945.65259 0.3255 0.0538 -7.376 -3.947 0.052 0.061 0.994 5162.7 4.5313 16.689493 1.289707 17.261478 15.971771 "" "" 2490.99243 3364.89941 3973.28391 2.1832 1701.5 6.925 3239.3 7.2543 "" "" 0.002819165883189353 0.005226045 0.00449397 0.009720014 178.50500900597 -64.66251402648 2945.65259 -7.376000000000002 -3.947 -1.7803927192687992 -4.230499985933304 0.12964219 0.13864219 "" "" 64.08560310856781 "" 8.80060192362825 ""
177.94720846315 -64.88738643994 0.117 0.1187 19.4642 "" "" 5332499698171075968 2117.36597 0.6055 0.1454 -7.888 0.181 0.151 0.147 2.966 "" "" 16.68961 1.785644 17.474945 15.689301 "" "" 1554.80835 3492.44922 3972.85672 9.6027 1397.8 7.9026 4201.8 7.0513 "" "" 0.00380509928668808 0.0067426977 0.00419566 0.010938358 177.94720846315 -64.88738643994 2117.36597 -7.888000000000011 0.18100000000000016 -2.2923927192687987 -0.10249998593330384 0.2286422 0.22464219 "" "" 23.03016193555244 "" 5.265484585326826 ""
177.70099615256 -64.59497307146 0.0404 0.0404 10.8872 "" "" 5332530823763529600 2768.90356 0.3496 0.0493 -5.327 0.034 0.049 0.053 1.034 "" "" 16.689783 1.297708 17.26441 15.966701 "" "" 2417.73706 3184.95093 3972.22335 2.1295 1696.9 7.544 3254.5 7.9095 "" "" 0.002816129271376609 0.0055753174 0.0046093855 0.010184703 177.70099615256 -64.59497307146 2768.90356 -5.327 0.034 0.2686072807312012 -0.24949998593330383 0.1266422 0.13064219 "" "" 4.811560936011206 "" 0.6183354176678784 ""
178.49518704336 -64.33793531933 0.04 0.041 17.0445 "" "" 5332899336302788224 2299.83325 0.435 0.0502 -7.428 2.321 0.053 0.053 0.965 5400.4 4.6556 16.691036 1.135313 17.178242 16.042929 "" "" 2106.03125 2473.01025 3967.64215 2.2073 1837.0 8.3981 3033.8 9.545 "" "" 0.0028207503736005606 0.005694059 0.0050943634 0.010788422 178.49518704336 -64.33793531933 2299.83325 -7.427999999999999 2.3209999999999997 -1.8323927192687988 2.0375000140666963 0.13064219 0.13064219 "" "" 29.87223718077591 "" 3.902574502690441 ""
177.99786865341 -64.72231324548 0.0388 0.0384 9.5791 "" "" 5332525983373245824 2067.91479 0.4724 0.0487 -3.663 -0.106 0.046 0.046 0.949 5415.0 4.6389 16.691542 1.18288 17.203037 16.020157 "" "" 1877.1571 2303.29077 3965.7918 2.2241 1795.6 6.3575 3098.1 9.058 "" "" 0.0028217996549776496 0.0047500096 0.0049356376 0.009685647 177.99786865341 -64.72231324548 2067.91479 -3.663 -0.10599999999999996 1.9326072807312014 -0.3894999859333038 0.12364219 0.12364219 "" "" 19.324151672143955 "" 2.3892804575807265 ""
178.68641916899 -64.51219645185 0.0387 0.0404 15.0302 "" "" 5332895831609522176 2489.91284 0.3717 0.0466 -8.914 0.763 0.049 0.053 0.984 9759.5 4.4515 16.691994 1.269129 17.165955 15.896826 "" "" 2259.99683 2790.01074 3964.13979 2.4337 1858.0 20.65 3470.8 18.601 "" "" 0.0028348012407326314 0.012385358 0.0069384277 0.019323785 178.68641916899 -64.51219645185 2489.91284 -8.913999999999998 0.7629999999999998 -3.3183927192687985 0.4795000140666962 0.1266422 0.13064219 "" "" 39.57104560922549 "" 5.014651522619662 ""
178.12954546133 -64.48667284904 0.0404 0.0404 5.0955 "" "" 5332525051325604608 2230.00977 0.432 0.0512 -6.615 1.792 0.049 0.049 1.006 5491.1 4.6077 16.693417 1.279041 17.256016 15.976975 "" "" 2007.7428 2479.09839 3958.95402 9.216 1710.1 16.442 3223.8 26.035 "" "" 0.0037389706784284726 0.010805417 0.009548102 0.020353518 178.12954546133 -64.48667284904 2230.00977 -6.615000000000005 1.7920000000000023 -1.019392719268799 1.5085000140666962 0.1266422 0.1266422 "" "" 19.24462426938016 "" 2.437181505044518 ""
178.61225404818 -64.33784871386 0.0387 0.0423 18.9369 "" "" 5332904387184863616 2815.31201 0.3533 0.0492 -7.78 0.56 0.053 0.056 0.997 5153.0 4.4963 16.693819 1.156765 17.205282 16.048517 "" "" 2462.23877 3281.9541 3957.48664 2.12 1791.9 9.2942 3018.2 9.4874 "" "" 0.00281603858332885 0.0062847924 0.005092309 0.011377102 178.61225404818 -64.33784871386 2815.31201 -7.780000000000007 0.56 -2.184392719268799 0.2765000140666962 0.13064219 0.1336422 "" "" 29.382398645343006 "" 3.839986690879818 ""
177.6827022061 -64.36210499348 0.0457 0.0438 16.9079 "" "" 5332541307802636800 2653.73926 0.37 0.0547 -10.537 0.418 0.055 0.056 1.225 "" "" 16.693958 1.37829 17.156176 15.777885 "" "" 2342.67627 2976.15405 3956.97706 4.0904 1874.8 55.191 3872.6 76.305 "" "" 0.0029751384506488104 0.032083824 0.02172442 0.053808242 177.6827022061 -64.36210499348 2653.73926 -10.537000000000011 0.41800000000000004 -4.9413927192688 0.13450001406669615 0.1326422 0.1336422 "" "" 62.1794365037961 "" 8.247663125317631 ""
177.96035511691 -64.24355063708 0.039 0.039 20.1086 "" "" 5332915382301689728 2624.94287 0.3653 0.0491 -9.231 -1.835 0.049 0.05 1.102 4982.6 4.5253 16.693981 1.11298 17.163412 16.050432 "" "" 2332.31006 2932.17822 3956.89521 2.0824 1862.3 9.3114 3012.9 6.6296 "" "" 0.0028139434693948413 0.0061036865 0.0044711665 0.010574853 177.96035511691 -64.24355063708 2624.94287 -9.231 -1.835000000000002 -3.6353927192687987 -2.118499985933304 0.1266422 0.1276422 "" "" 52.35225575687228 "" 6.643315205935721 ""
178.30729887269 -64.44139881903 0.0404 0.041 9.1803 "" "" 5332899782979057664 2597.83618 0.3764 0.05 -11.0 1.141 0.049 0.051 0.968 6017.2 4.3899 16.694696 1.565541 17.415651 15.85011 "" "" 2299.98047 2925.80322 3954.28437 2.2793 1476.2 6.8272 3623.4 6.9135 "" "" 0.002825500893329934 0.0057444884 0.004309902 0.010054391 178.30729887269 -64.44139881903 2597.83618 -11.0 1.141 -5.404392719268799 0.8575000140666962 0.1266422 0.1286422 "" "" 67.38078519755578 "" 8.536585532369939 ""
178.11825289385 -64.50654150023 0.0399 0.0415 3.898 "" "" 5332523543831300992 2674.69067 0.3621 0.0524 -6.691 2.291 0.049 0.049 1.052 5419.6 4.6993 16.695509 1.098286 17.165564 16.067278 "" "" 2326.82007 3052.06445 3951.32654 2.0419 1858.6 6.4135 2966.5 10.885 "" "" 0.0028118654236475686 0.004671382 0.0054913736 0.010162756 178.11825289385 -64.50654150023 2674.69067 -6.690999999999993 2.291 -1.0953927192687987 2.007500014066696 0.1266422 0.1266422 "" "" 28.99347833739719 "" 3.6717978060628162 ""
177.65286149396 -64.62259302237 0.0398 0.0377 12.4136 "" "" 5332530445806350848 2780.16602 0.3502 0.0479 -7.755 2.642 0.047 0.05 1.01 5651.1 4.5894 16.696394 1.211245 17.21784 16.006596 "" "" 2476.42383 3144.97656 3948.11086 2.2195 1771.3 7.9394 3137.0 7.0641 "" "" 0.0028221154651618704 0.005609654 0.0045012683 0.010110922 177.65286149396 -64.62259302237 2780.16602 -7.755000000000008 2.6420000000000012 -2.1593927192687987 2.358500014066696 0.12464219 0.1276422 "" "" 42.13968965625849 "" 5.321526125391092 ""
178.37876213209 -64.38531249467 0.0407 0.0428 13.0181 "" "" 5332901878923452416 2422.04028 0.3967 0.0525 -8.603 1.277 0.053 0.056 1.006 5304.8 4.6511 16.696623 1.170874 17.197779 16.026905 "" "" 2199.94116 2745.99438 3947.27371 2.3568 1804.3 9.4253 3078.9 7.6002 "" "" 0.002830553229367533 0.006320827 0.0046332227 0.01095405 178.37876213209 -64.38531249467 2422.04028 -8.602999999999989 1.277 -3.0073927192687986 0.9935000140666961 0.13064219 0.1336422 "" "" 36.36148653522111 "" 4.761188472990797 ""
178.50297442478 -64.46233259282 0.0415 0.0453 11.8547 "" "" 5332896931120986624 2238.73877 0.4308 0.0525 -7.671 1.467 0.05 0.062 1.011 5330.8 4.6525 16.696941 1.041969 17.13652 16.094551 "" "" 2009.9873 2545.25366 3946.1185 2.1957 1909.0 6.8655 2892.9 5.7862 "" "" 0.0028207724107374007 0.0047991597 0.004358861 0.009158021 178.50297442478 -64.46233259282 2238.73877 -7.671000000000001 1.467 -2.075392719268799 1.1835000140666962 0.1276422 0.1396422 "" "" 25.35251075232877 "" 3.3132928473849135 ""
178.50176333698 -64.45273507689 0.0488 0.0538 12.1584 "" "" 5332896965451338112 2088.1731 0.4886 0.0628 -16.092 6.789 0.058 0.068 1.222 "" "" 16.697205 "" "" "" "" "" 1872.18335 2310.37427 3945.16468 4.2124 "" "" "" "" "" "" 0.0029892678296277483 "" "" "" 178.50176333698 -64.45273507689 2088.1731 -16.092 6.789 -10.496392719268798 6.505500014066696 0.1356422 0.14564219 "" "" 122.22886145230581 "" 16.927458601473454 ""
