Clusters/UBC_281/UBC_281_stars_in_region.tsv
# %ECSV 1.0
# ---
# datatype:
# - name: RA_ICRS_1
#   unit: deg
#   datatype: float64
#   format: '{:15.11f}'
#   description: Right ascension (ICRS) at Ep=2016.0 (ra)
#   meta: !!omap
#   - {ucd: POS_EQ_RA_MAIN}
#   - {width: 15}
#   - {precision: '11'}
# - name: DE_ICRS_1
#   unit: deg
#   datatype: float64
#   format: '{:15.11f}'
#   description: Declination (ICRS) at Ep=2016.0 (dec)
#   meta: !!omap
#   - {ucd: POS_EQ_DEC_MAIN}
#   - {width: 15}
#   - {precision: '11'}
# - name: e_RA_ICRS
#   unit: mas
#   datatype: float64
#   format: '{:7.4f}'
#   description: Standard error of right ascension (ra_error)
#   meta: !!omap
#   - {ucd: ERROR}
#   - {width: 7}
#   - {precision: '4'}
# - name: e_DE_ICRS
#   unit: mas
#   datatype: float64
#   format: '{:7.4f}'
#   description: Standard error of declination (dec_error)
#   meta: !!omap
#   - {ucd: ERROR}
#   - {width: 7}
#   - {precision: '4'}
# - name: _r_1
#   unit: ''
#   datatype: float64
#   format: '{:7.4f}'
#   description: Distance from center (178.12021781000-64.57150271000)[ICRS], at Epoch=J2016.0
#   meta: !!omap
#   - {ucd: POS_ANG_DIST_GENERAL}
#   - {width: 7}
#   - {precision: '4'}
# - name: HIP
#   datatype: int32
#   description: '? HIP cross-id number, van Leeuwen, Cat. I/311 (hip_original_ext_source_id)'
#   meta: !!omap
#   - {ucd: ID_NUMBER}
#   - {width: 6}
#   - values: {'null': -2147483648}
# - name: TYC2
#   datatype: string
#   description: Tycho-2 cross-id name, Hog et al., Cat. I/259 (tyc2_original_ext_source_id)
#   meta: !!omap
#   - {ucd: ID_CROSSID}
#   - {_votable_string_dtype: char}
# - name: Source
#   datatype: int64
#   description: Source identifier, identical to the Gaia-EDR3 source_id (id)
#   meta: !!omap
#   - {ucd: ID_MAIN}
#   - {width: 19}
# - name: rgeo
#   unit: pc
#   datatype: float64
#   format: '{:15.8f}'
#   description: '? Median of the geometric distance posterior (r_med_geo)'
#   meta: !!omap
#   - {ucd: PHYS_DISTANCE_TRUE}
#   - {width: 15}
#   - {precision: '8'}
#   - values: {'null': .nan}
# - name: Plx
#   unit: mas
#   datatype: float64
#   format: '{:9.4f}'
#   description: '? Parallax (parallax)'
#   meta: !!omap
#   - {ucd: POS_PARLX_TRIG}
#   - {width: 9}
#   - {precision: '4'}
#   - values: {'null': .nan}
# - name: e_Plx
#   unit: mas
#   datatype: float32
#   format: '{:7.4f}'
#   description: '? Standard error of parallax (parallax_error)'
#   meta: !!omap
#   - {ucd: ERROR}
#   - {width: 7}
#   - {precision: '4'}
#   - values: {'null': .nan}
# - name: pmRA
#   unit: mas / yr
#   datatype: float64
#   format: '{:9.3f}'
#   description: '? Proper motion in right ascension direction, pmRA*cosDE (pmra)'
#   meta: !!omap
#   - {ucd: POS_EQ_PMRA}
#   - {width: 9}
#   - {precision: '3'}
#   - values: {'null': .nan}
# - name: pmDE
#   unit: mas / yr
#   datatype: float64
#   format: '{:9.3f}'
#   description: '? Proper motion in declination direction (pmdec)'
#   meta: !!omap
#   - {ucd: POS_EQ_PMDEC}
#   - {width: 9}
#   - {precision: '3'}
#   - values: {'null': .nan}
# - name: e_pmRA
#   unit: mas / yr
#   datatype: float32
#   format: '{:6.3f}'
#   description: '? Standard error of proper motion in right ascension direction (pmra_error)'
#   meta: !!omap
#   - {ucd: ERROR}
#   - {width: 6}
#   - {precision: '3'}
#   - values: {'null': .nan}
# - name: e_pmDE
[...]
#         value: !astropy.table.SerializedColumn {name: SkyCoord.dec}
#       distance: !astropy.table.SerializedColumn
#         __class__: astropy.coordinates.distances.Distance
#         unit: !astropy.units.Unit {unit: pc}
#         value: !astropy.table.SerializedColumn {name: SkyCoord.distance}
#       frame: icrs
#       obstime: !astropy.time.Time {format: jyear_str, in_subfmt: '*', jd1: 367701545.0, jd2: 0.0, out_subfmt: '*', precision: 3, scale: tt}
#       pm_dec: !astropy.table.SerializedColumn
#         __class__: astropy.units.quantity.Quantity
#         unit: !astropy.units.Unit {unit: mas / yr}
#         value: !astropy.table.SerializedColumn {name: SkyCoord.pm_dec}
#       pm_ra_cosdec: !astropy.table.SerializedColumn
#         __class__: astropy.units.quantity.Quantity
#         unit: !astropy.units.Unit {unit: mas / yr}
#         value: !astropy.table.SerializedColumn {name: SkyCoord.pm_ra_cosdec}
#       ra: !astropy.table.SerializedColumn
#         __class__: astropy.coordinates.angles.Longitude
#         unit: *id001
#         value: !astropy.table.SerializedColumn {name: SkyCoord.ra}
#         wrap_angle: !astropy.coordinates.Angle
#           unit: *id001
#           value: 360.0
#       representation_type: spherical
# schema: astropy-2.0
RA_ICRS_1 DE_ICRS_1 e_RA_ICRS e_DE_ICRS _r_1 HIP TYC2 Source rgeo Plx e_Plx pmRA pmDE e_pmRA e_pmDE RUWE Teff logg Gmag BP-RP BPmag RPmag RV e_RV b_rgeo B_rgeo FG e_FG FBP e_FBP FRP e_FRP RAVE5 RAVE6 e_Gmag e_BPmag e_RPmag e_BP-RP SkyCoord.ra SkyCoord.dec SkyCoord.distance SkyCoord.pm_ra_cosdec SkyCoord.pm_dec rmRA rmDE e_rmRA e_rmDE rRV e_rRV v_pec v_pec3d e_vpec e_vpec3d
[from data line 1965]
178.84178218715 -64.47787305752 0.0414 0.0427 19.4505 "" "" 5332850373671156992 2478.22314 0.3886 0.0497 -8.368 -1.757 0.054 0.058 0.985 5102.1 4.6492 16.841753 1.211256 17.352766 16.14151 "" "" 2224.14282 2770.62622 3453.38814 1.8878 1564.3 8.322 2770.5 13.006 "" "" 0.002818519928318975 0.006414667 0.0063452795 0.012759946 178.84178218715 -64.47787305752 2478.22314 -8.368000000000013 -1.7569999999999988 -2.772392719268799 -2.0404999859333035 0.1316422 0.1356422 "" "" 40.43656803541412 "" 5.380545155883904 ""
177.87588276572 -64.49462683568 0.041 0.0422 7.811 "" "" 5332535878978338304 2892.27441 0.3349 0.0533 -5.831 0.323 0.053 0.052 0.994 4695.0 4.2983 16.842394 1.625125 17.613386 15.988261 "" "" 2469.69263 3389.40186 3451.35267 3.8899 1230.4 8.47 3190.5 15.346 "" "" 0.0030148333602118098 0.007977961 0.0064463946 0.014424356 177.87588276572 -64.49462683568 2892.27441 -5.830999999999992 0.323 -0.23539271926879923 0.039500014066696176 0.13064219 0.12964219 "" "" 3.2722078577294647 "" 0.42739911926332425 ""
178.29774557391 -64.64866854828 0.042 0.0462 6.5035 "" "" 5332515636759042304 2243.91479 0.4299 0.0523 -8.519 0.101 0.05 0.058 1.021 5222.8 4.6926 16.844402 1.183174 17.346146 16.162971 "" "" 2018.50598 2525.35229 3444.97441 2.1922 1573.8 7.895 2716.2 11.679 "" "" 0.002840623069765117 0.006119697 0.0060064713 0.012126168 178.29774557391 -64.64866854828 2243.91479 -8.518999999999997 0.10100000000000009 -2.923392719268799 -0.18249998593330383 0.1276422 0.1356422 "" "" 31.154191321102793 "" 3.9775872352450823 ""
177.53962106207 -64.33678400189 0.0456 0.0455 20.5913 "" "" 5332540861140545920 2336.34497 0.4207 0.0546 -7.747 0.995 0.055 0.059 1.125 5640.9 4.6362 16.844496 1.282257 17.382648 16.100391 "" "" 2073.74756 2721.74365 3444.6743 1.9906 1521.8 8.7104 2877.4 8.9777 "" "" 0.0028258535805086985 0.006812108 0.0050753723 0.0118874805 177.53962106207 -64.33678400189 2336.34497 -7.747000000000001 0.9950000000000001 -2.1513927192687987 0.7115000140666962 0.1326422 0.13664219 "" "" 25.09422663136717 "" 3.3385835368958556 ""
177.77423658193 -64.38459413586 0.0419 0.0417 14.3444 "" "" 5332538318519898880 2911.84033 0.3375 0.052 -4.908 0.138 0.053 0.057 1.004 5609.3 4.6285 16.845749 1.227417 17.373743 16.146326 "" "" 2535.54541 3358.65649 3440.70018 2.0845 1534.3 7.1107 2758.2 6.632 "" "" 0.002832748034530281 0.0057536433 0.0045933696 0.010347012 177.77423658193 -64.38459413586 2911.84033 -4.908 0.138 0.6876072807312008 -0.14549998593330382 0.13064219 0.1346422 "" "" 9.700585592753551 "" 1.2689930421617586 ""
177.78025400943 -64.73863029903 0.0427 0.0439 13.2964 "" "" 5332503202864180480 2897.65234 0.3372 0.0546 -6.261 0.358 0.052 0.055 1.061 5466.8 4.6919 16.846336 1.207714 17.372873 16.16516 "" "" 2513.19507 3375.375 3438.84218 2.0831 1535.6 8.6174 2710.8 7.8293 "" "" 0.0028327279132351305 0.006701359 0.0049109096 0.011612268 177.78025400943 -64.73863029903 2897.65234 -6.260999999999998 0.3580000000000002 -0.665392719268799 0.07450001406669615 0.12964219 0.1326422 "" "" 9.1961889470965 "" 1.1925595306340802 ""
177.6970644713 -64.57068937024 0.0415 0.0398 10.902 "" "" 5332530961202526080 2612.23633 0.3716 0.0502 -7.383 -0.018 0.052 0.053 0.976 5403.7 4.6952 16.847149 1.106642 17.226242 16.1196 "" "" 2332.43359 2984.2124 3436.26755 2.404 1757.6 23.644 2826.9 23.902 "" "" 0.002858101927423081 0.0148699125 0.00992765 0.024797563 177.6970644713 -64.57068937024 2612.23633 -7.383 -0.01800000000000036 -1.7873927192687988 -0.30149998593330385 0.12964219 0.13064219 "" "" 22.444147119702958 "" 2.9103316270199757 ""
177.61172914612 -64.56338581184 0.0419 0.0384 13.1112 "" "" 5332531206053573376 2993.4314 0.3249 0.0489 -9.927 0.796 0.054 0.05 0.989 "" "" 16.847187 1.535538 17.552692 16.017155 "" "" 2615.41846 3684.39453 3436.15095 2.053 1301.2 5.7919 3106.7 5.9518 "" "" 0.0028306528398841374 0.0055804364 0.0043139686 0.009894405 177.61172914612 -64.56338581184 2993.4314 -9.927 0.796 -4.331392719268798 0.5125000140666962 0.1316422 0.1276422 "" "" 61.88625793334168 "" 8.143476104951796 ""
177.81729794849 -64.29903727619 0.041 0.0389 18.132 "" "" 5332914282789906304 2264.30249 0.4215 0.0505 -5.102 2.359 0.051 0.05 0.983 5028.7 4.561 16.848982 1.120487 17.331078 16.21059 "" "" 2049.25928 2567.7124 3430.47059 1.8263 1595.8 5.846 2599.7 5.9246 "" "" 0.002815296843668654 0.004858513 0.0045173117 0.009375825 177.81729794849 -64.29903727619 2264.30249 -5.102 2.359 0.49360728073120086 2.075500014066696 0.1286422 0.1276422 "" "" 22.89722381177338 "" 2.9238823136858048 ""
177.90116417763 -64.5037619809 0.0399 0.0437 6.9604 "" "" 5332535123064089984 2358.9436 0.4004 0.0528 -5.43 -3.196 0.051 0.052 0.971 5193.0 4.6913 16.849222 1.199564 17.371979 16.172415 "" "" 2128.99292 2639.95801 3429.71461 2.244 1536.8 6.2141 2692.7 7.5007 "" "" 0.002845421847347484 0.005201825 0.0048405244 0.010042349 177.90116417763 -64.5037619809 2358.9436 -5.429999999999995 -3.1960000000000006 0.16560728073120146 -3.479499985933304 0.1286422 0.12964219 "" "" 38.9496971243737 "" 5.049436285197516 ""
177.82847599525 -64.45666678643 0.0441 0.0444 10.2081 "" "" 5332536360014709504 2299.72046 0.4148 0.0549 -8.566 1.778 0.056 0.06 1.055 6036.7 4.4805 16.849485 1.361921 17.45177 16.08985 "" "" 2090.40479 2626.33936 3428.88214 2.0562 1427.9 6.0556 2905.5 7.1629 "" "" 0.002831201151700212 0.005383919 0.004631221 0.010015139 177.82847599525 -64.45666678643 2299.72046 -8.565999999999995 1.778000000000001 -2.9703927192687996 1.4945000140666962 0.1336422 0.13764219 "" "" 36.24660999631201 "" 4.873712283411218 ""
178.72216679841 -64.51743823686 0.0937 0.0497 15.8587 "" "" 5332848930519420672 2538.39697 0.4342 0.0741 -3.837 2.717 0.104 0.069 1.064 "" "" 16.850166 "" "" "" "" "" 2131.42725 3449.3584 3426.731 3.2625 "" "" "" "" "" "" 0.0029428432670668076 "" "" "" 178.72216679841 -64.51743823686 2538.39697 -3.836999999999996 2.717 1.758607280731201 2.4335000140666962 0.1816422 0.1466422 "" "" 36.12531477362733 "" 5.76262302943634 ""
178.33439380608 -64.4422338063 0.0416 0.0456 9.5262 "" "" 5332899881710042368 2369.52588 0.416 0.0537 -6.834 1.358 0.053 0.058 0.972 5315.2 4.6403 16.850199 1.130087 17.325453 16.195366 "" "" 2099.99536 2646.39941 3426.63248 2.1534 1604.1 6.1646 2636.4 6.5624 "" "" 0.0028385446545726653 0.0050194543 0.0046462426 0.009665697 178.33439380608 -64.4422338063 2369.52588 -6.833999999999998 1.3580000000000005 -1.2383927192687985 1.0745000140666963 0.13064219 0.1356422 "" "" 18.414838111410933 "" 2.4457248525847315 ""
177.57320918154 -64.60762890209 0.0449 0.0396 14.2491 "" "" 5332530617605071104 2139.77197 0.4513 0.0505 -5.135 0.766 0.054 0.054 0.937 "" "" 16.850311 1.371981 17.45881 16.08683 "" "" 1961.68616 2461.83911 3426.27281 2.1457 1418.7 7.6953 2913.6 8.6906 "" "" 0.0028379762892844595 0.0065167635 0.00497711 0.011493873 177.57320918154 -64.60762890209 2139.77197 -5.135 0.766 0.4606072807312014 0.4825000140666962 0.1316422 0.1316422 "" "" 6.76564058855711 "" 0.8906437614358099 ""
178.79692976281 -64.52494798262 0.0472 0.0452 17.6711 "" "" 5332848754419065856 2474.16064 0.3868 0.0573 -6.347 0.532 0.061 0.062 1.141 5978.0 4.6887 16.850458 1.235475 17.236454 16.000978 "" "" 2190.44312 2756.63232 3425.81455 2.7045 1741.1 15.178 3153.3 25.045 "" "" 0.0028855612568284166 0.009867574 0.009415269 0.019282844 178.79692976281 -64.52494798262 2474.16064 -6.347 0.532 -0.7513927192687992 0.2485000140666962 0.13864219 0.1396422 "" "" 9.281377669305321 "" 1.2877085852228922 ""
177.6670237755 -64.36527612157 0.0394 0.0403 17.0428 "" "" 5332541303482026368 2529.79517 0.3719 0.0498 -5.904 0.213 0.051 0.054 1.01 5608.2 4.5972 16.850533 1.307581 17.431347 16.123766 "" "" 2237.72778 2917.25391 3425.57851 1.8936 1455.1 5.2175 2816.1 6.1347 "" "" 0.0028199291847431683 0.0047896933 0.0044584684 0.009248162 177.6670237755 -64.36527612157 2529.79517 -5.904 0.21299999999999963 -0.30839271926879874 -0.07049998593330384 0.1286422 0.1316422 "" "" 3.7934062768237338 "" 0.48856358211578127 ""
178.79042400411 -64.5142347261 0.0537 0.0419 17.6228 "" "" 5332848793123162496 3055.91699 0.3233 0.055 -3.869 -0.493 0.064 0.058 0.964 "" "" 16.851376 "" "" "" "" "" 2568.78027 3667.57544 3422.91688 2.04 "" "" "" "" "" "" 0.002830283054661236 "" "" "" 178.79042400411 -64.5142347261 3055.91699 -3.8690000000000033 -0.49299999999999994 1.726607280731201 -0.7764999859333038 0.1416422 0.1356422 "" "" 27.4227790387357 "" 3.857034043311815 ""
178.24083675235 -64.70814400433 0.0455 0.0457 8.7649 "" "" 5332515160054697984 3048.38721 0.3248 0.0564 -3.978 -0.374 0.057 0.059 1.101 7619.0 4.3032 16.852114 1.660004 17.632214 15.97221 "" "" 2588.84326 3553.07324 3420.59014 2.0582 1209.3 5.5523 3238.0 8.3822 "" "" 0.0028317109090450743 0.005712709 0.004709929 0.010422638 178.24083675235 -64.70814400433 3048.38721 -3.978000000000001 -0.374 1.617607280731201 -0.6574999859333038 0.1346422 0.13664219 "" "" 25.230409744106236 "" 3.404278055167422 ""
178.37808310857 -64.36675086347 0.0528 0.051 13.9782 "" "" 5332901913282900352 2440.79883 0.3904 0.0693 -8.403 -2.625 0.069 0.066 1.149 5410.5 4.7131 16.852787 1.15304 17.244461 16.091421 "" "" 2146.27832 2890.85376 3418.4688 2.5443 1728.4 28.013 2901.3 29.207 "" "" 0.0028713764424317736 0.017816871 0.011564937 0.029381808 178.37808310857 -64.36675086347 2440.79883 -8.403 -2.6250000000000004 -2.8073927192687993 -2.908499985933304 0.1466422 0.14364219 "" "" 46.76784208168103 "" 6.785868168610482 ""
178.05484924374 -64.90224945119 0.0479 0.0458 19.9153 "" "" 5332488256378202368 2291.06421 0.4226 0.0584 -6.456 0.71 0.059 0.059 1.07 5455.1 4.6252 16.853445 1.277672 17.417595 16.139923 "" "" 2019.04651 2575.5166 3416.40205 2.1972 1473.6 5.579 2774.5 7.4984 "" "" 0.002842423944960677 0.0049680737 0.0047847666 0.00975284 178.05484924374 -64.90224945119 2291.06421 -6.456 0.7100000000000001 -0.8603927192687992 0.42650001406669613 0.13664219 0.13664219 "" "" 10.428526671274685 "" 1.4249767002459628 ""
178.48674262987 -64.61089303109 0.0421 0.046 9.7274 "" "" 5332518935294001152 2175.11182 0.4389 0.053 -2.592 0.734 0.048 0.059 0.973 5210.8 4.6934 16.855183 1.145607 17.34141 16.195803 "" "" 1951.40991 2432.81128 3410.93586 1.8942 1580.7 8.1813 2635.3 7.0092 "" "" 0.0028205194832992084 0.0062740543 0.0047563585 0.011030413 178.48674262987 -64.61089303109 2175.11182 -2.592 0.7340000000000001 3.003607280731201 0.45050001406669615 0.1256422 0.13664219 "" "" 31.313662437973257 "" 3.9422193289474103 ""
177.81297832519 -64.53574235499 0.046 0.0458 8.2061 "" "" 5332529792972599296 2288.84888 0.4272 0.0571 -5.863 1.458 0.058 0.059 1.035 4943.5 4.3653 16.855423 1.484888 17.528898 16.04401 "" "" 1953.07568 2741.27637 3410.18087 1.9799 1330.0 7.986 3030.8 7.835 "" "" 0.002826507709131778 0.0070912987 0.0047076168 0.011798915 177.81297832519 -64.53574235499 2288.84888 -5.863 1.4580000000000015 -0.26739271926879926 1.1745000140666961 0.1356422 0.13664219 "" "" 13.068374072781415 "" 1.7850494998044364 ""
177.59008261738 -64.32848159857 0.04 0.0412 20.0203 "" "" 5332541617054820992 2108.71655 0.4623 0.0507 -9.36 3.3 0.049 0.052 1.044 5317.1 4.6609 16.856138 1.280981 17.404621 16.12364 "" "" 1897.44006 2392.37305 3407.93629 1.8466 1491.3 7.1388 2816.4 9.6707 "" "" 0.0028174274066799015 0.005898967 0.0053087175 0.011207685 177.59008261738 -64.32848159857 2108.71655 -9.360000000000008 3.3000000000000007 -3.7643927192687983 3.016500014066696 0.1266422 0.12964219 "" "" 48.21631756870892 "" 6.163186744593294 ""
178.35341494605 -64.43276380032 0.0415 0.0474 10.2749 "" "" 5332899851698750848 2260.34619 0.433 0.0552 0.799 -5.465 0.054 0.06 1.03 4700.4 4.5463 16.856255 1.155832 17.343594 16.187761 "" "" 2021.58838 2570.14624 3407.56946 1.9724 1577.5 9.823 2654.9 10.012 "" "" 0.0028260831179053644 0.0073139365 0.0055721053 0.012886042 178.35341494605 -64.43276380032 2260.34619 0.7990000000000002 -5.465 6.3946072807312015 -5.748499985933304 0.1316422 0.13764219 "" "" 92.12595952229653 "" 12.377764408262923 ""
178.77451283304 -64.6726359486 0.0427 0.045 17.886 "" "" 5332472068610721280 2082.11133 0.4642 0.0552 -4.375 1.512 0.053 0.064 1.043 5276.3 4.7126 16.856377 1.176491 17.369019 16.192528 "" "" 1872.80115 2389.03589 3407.18975 2.0461 1541.0 5.0814 2643.3 7.7975 "" "" 0.0028314144106234805 0.004539025 0.0049539697 0.009492995 178.77451283304 -64.6726359486 2082.11133 -4.375 1.512 1.2206072807312012 1.2285000140666962 0.13064219 0.1416422 "" "" 17.091388981886844 "" 2.3293625368261854 ""
178.37634793808 -64.30010873601 0.0437 0.0473 17.5822 "" "" 5332902596135714560 2149.38062 0.4519 0.0576 -12.799 -1.753 0.059 0.06 1.087 5477.2 4.6543 16.856487 1.218554 17.320574 16.10202 "" "" 1890.77209 2415.30103 3406.84062 2.327 1611.3 8.7562 2873.1 10.523 "" "" 0.0028533765476573703 0.00652663 0.005486088 0.012012718 178.37634793808 -64.30010873601 2149.38062 -12.798999999999989 -1.7530000000000003 -7.203392719268798 -2.036499985933304 0.13664219 0.13764219 "" "" 76.26512814322189 "" 10.426697600601711 ""
178.0461208964 -64.31174651901 0.0439 0.0462 15.703 "" "" 5332913458130295680 2295.08838 0.4169 0.0578 -8.27 0.822 0.059 0.059 0.981 5634.4 4.6075 16.858047 1.485546 17.363703 15.878157 "" "" 2018.69385 2606.75684 3401.94834 2.2034 1548.6 41.715 3531.0 142.82 "" "" 0.002843642870337062 0.029379519 0.044077605 0.07345712 178.0461208964 -64.31174651901 2295.08838 -8.269999999999987 0.8219999999999998 -2.6743927192687984 0.5385000140666961 0.13664219 0.13664219 "" "" 29.677892286161537 "" 4.0552521322765545 ""
177.67530834694 -64.42938728032 0.0396 0.0398 14.31 "" "" 5332539246232731264 2075.52417 0.4645 0.0492 -5.62 -1.073 0.05 0.051 0.991 5467.2 4.6709 16.858273 1.185625 17.356398 16.170773 "" "" 1857.46753 2306.64941 3401.24275 1.9884 1559.0 5.6281 2696.8 9.0614 "" "" 0.0028274854914887896 0.0048112567 0.005252867 0.010064123 177.67530834694 -64.42938728032 2075.52417 -5.62 -1.073 -0.024392719268798935 -1.3564999859333038 0.1276422 0.1286422 "" "" 13.34738337978768 "" 1.717032483416212 ""
178.43354886625 -64.53484638888 0.0424 0.0469 8.3719 "" "" 5332521173009530752 3038.58252 0.3345 0.0531 -9.802 4.56 0.052 0.059 0.938 4761.2 4.1521 16.858335 1.972017 17.860395 15.888378 "" "" 2528.10571 3540.62573 3401.04429 1.9869 980.07 5.2535 3497.9 8.8944 "" "" 0.0028273863404303275 0.0064541725 0.004680352 0.011134524 178.43354886625 -64.53484638888 3038.58252 -9.802 4.559999999999996 -4.206392719268798 4.276500014066696 0.12964219 0.13664219 "" "" 86.39591044416966 "" 11.511909401601828 ""
178.16061454499 -64.55813522351 0.0422 0.0406 1.3141 "" "" 5332523161544889728 3045.07178 0.303 0.0511 -10.98 3.86 0.051 0.05 1.013 5856.5 4.4488 16.859982 1.445379 17.438782 15.993403 "" "" 2654.83228 3500.82568 3395.89595 2.2183 1445.1 14.735 3175.4 27.169 "" "" 0.0028451368672382502 0.011416928 0.010029028 0.021445956 178.16061454499 -64.55813522351 3045.07178 -10.98 3.8600000000000003 -5.384392719268799 3.576500014066696 0.1286422 0.1276422 "" "" 93.29876167032913 "" 11.973673001290823 ""
178.4329436639 -64.43153271279 0.0433 0.0488 11.6522 "" "" 5332897236010221568 2243.93555 0.4286 0.0564 -12.5 0.145 0.058 0.064 1.002 5130.0 4.6834 16.86065 1.198578 17.36972 16.171143 "" "" 2006.32263 2565.34619 3393.80411 1.9505 1540.0 7.3361 2695.9 9.063 "" "" 0.002825095300725946 0.0058767255 0.0052541606 0.011130886 178.4329436639 -64.43153271279 2243.93555 -12.5 0.1449999999999997 -6.904392719268799 -0.13849998593330384 0.1356422 0.1416422 "" "" 73.45165186955502 "" 9.963324890589721 ""
