Clusters/UBC_281/UBC_281_stars_in_region.tsv
# %ECSV 1.0
# ---
# datatype:
# - name: RA_ICRS_1
#   unit: deg
#   datatype: float64
#   format: '{:15.11f}'
#   description: Right ascension (ICRS) at Ep=2016.0 (ra)
#   meta: !!omap
#   - {ucd: POS_EQ_RA_MAIN}
#   - {width: 15}
#   - {precision: '11'}
# - name: DE_ICRS_1
#   unit: deg
#   datatype: float64
#   format: '{:15.11f}'
#   description: Declination (ICRS) at Ep=2016.0 (dec)
#   meta: !!omap
#   - {ucd: POS_EQ_DEC_MAIN}
#   - {width: 15}
#   - {precision: '11'}
# - name: e_RA_ICRS
#   unit: mas
#   datatype: float64
#   format: '{:7.4f}'
#   description: Standard error of right ascension (ra_error)
#   meta: !!omap
#   - {ucd: ERROR}
#   - {width: 7}
#   - {precision: '4'}
# - name: e_DE_ICRS
#   unit: mas
#   datatype: float64
#   format: '{:7.4f}'
#   description: Standard error of declination (dec_error)
#   meta: !!omap
#   - {ucd: ERROR}
#   - {width: 7}
#   - {precision: '4'}
# - name: _r_1
#   unit: ''
#   datatype: float64
#   format: '{:7.4f}'
#   description: Distance from center (178.12021781000-64.57150271000)[ICRS], at Epoch=J2016.0
#   meta: !!omap
#   - {ucd: POS_ANG_DIST_GENERAL}
#   - {width: 7}
#   - {precision: '4'}
# - name: HIP
#   datatype: int32
#   description: '? HIP cross-id number, van Leeuwen, Cat. I/311 (hip_original_ext_source_id)'
#   meta: !!omap
#   - {ucd: ID_NUMBER}
#   - {width: 6}
#   - values: {'null': -2147483648}
# - name: TYC2
#   datatype: string
#   description: Tycho-2 cross-id name, Hog et al., Cat. I/259 (tyc2_original_ext_source_id)
#   meta: !!omap
#   - {ucd: ID_CROSSID}
#   - {_votable_string_dtype: char}
# - name: Source
#   datatype: int64
#   description: Source identifier, identical to the Gaia-EDR3 source_id (id)
#   meta: !!omap
#   - {ucd: ID_MAIN}
#   - {width: 19}
# - name: rgeo
#   unit: pc
#   datatype: float64
#   format: '{:15.8f}'
#   description: '? Median of the geometric distance posterior (r_med_geo)'
#   meta: !!omap
#   - {ucd: PHYS_DISTANCE_TRUE}
#   - {width: 15}
#   - {precision: '8'}
#   - values: {'null': .nan}
# - name: Plx
#   unit: mas
#   datatype: float64
#   format: '{:9.4f}'
#   description: '? Parallax (parallax)'
#   meta: !!omap
#   - {ucd: POS_PARLX_TRIG}
#   - {width: 9}
#   - {precision: '4'}
#   - values: {'null': .nan}
# - name: e_Plx
#   unit: mas
#   datatype: float32
#   format: '{:7.4f}'
#   description: '? Standard error of parallax (parallax_error)'
#   meta: !!omap
#   - {ucd: ERROR}
#   - {width: 7}
#   - {precision: '4'}
#   - values: {'null': .nan}
# - name: pmRA
#   unit: mas / yr
#   datatype: float64
#   format: '{:9.3f}'
#   description: '? Proper motion in right ascension direction, pmRA*cosDE (pmra)'
#   meta: !!omap
#   - {ucd: POS_EQ_PMRA}
#   - {width: 9}
#   - {precision: '3'}
#   - values: {'null': .nan}
# - name: pmDE
#   unit: mas / yr
#   datatype: float64
#   format: '{:9.3f}'
#   description: '? Proper motion in declination direction (pmdec)'
#   meta: !!omap
#   - {ucd: POS_EQ_PMDEC}
#   - {width: 9}
#   - {precision: '3'}
#   - values: {'null': .nan}
# - name: e_pmRA
#   unit: mas / yr
#   datatype: float32
#   format: '{:6.3f}'
#   description: '? Standard error of proper motion in right ascension direction (pmra_error)'
#   meta: !!omap
#   - {ucd: ERROR}
#   - {width: 6}
#   - {precision: '3'}
#   - values: {'null': .nan}
# - name: e_pmDE
[...]
#         value: !astropy.table.SerializedColumn {name: SkyCoord.dec}
#       distance: !astropy.table.SerializedColumn
#         __class__: astropy.coordinates.distances.Distance
#         unit: !astropy.units.Unit {unit: pc}
#         value: !astropy.table.SerializedColumn {name: SkyCoord.distance}
#       frame: icrs
#       obstime: !astropy.time.Time {format: jyear_str, in_subfmt: '*', jd1: 367701545.0, jd2: 0.0, out_subfmt: '*', precision: 3, scale: tt}
#       pm_dec: !astropy.table.SerializedColumn
#         __class__: astropy.units.quantity.Quantity
#         unit: !astropy.units.Unit {unit: mas / yr}
#         value: !astropy.table.SerializedColumn {name: SkyCoord.pm_dec}
#       pm_ra_cosdec: !astropy.table.SerializedColumn
#         __class__: astropy.units.quantity.Quantity
#         unit: !astropy.units.Unit {unit: mas / yr}
#         value: !astropy.table.SerializedColumn {name: SkyCoord.pm_ra_cosdec}
#       ra: !astropy.table.SerializedColumn
#         __class__: astropy.coordinates.angles.Longitude
#         unit: *id001
#         value: !astropy.table.SerializedColumn {name: SkyCoord.ra}
#         wrap_angle: !astropy.coordinates.Angle
#           unit: *id001
#           value: 360.0
#       representation_type: spherical
# schema: astropy-2.0
RA_ICRS_1 DE_ICRS_1 e_RA_ICRS e_DE_ICRS _r_1 HIP TYC2 Source rgeo Plx e_Plx pmRA pmDE e_pmRA e_pmDE RUWE Teff logg Gmag BP-RP BPmag RPmag RV e_RV b_rgeo B_rgeo FG e_FG FBP e_FBP FRP e_FRP RAVE5 RAVE6 e_Gmag e_BPmag e_RPmag e_BP-RP SkyCoord.ra SkyCoord.dec SkyCoord.distance SkyCoord.pm_ra_cosdec SkyCoord.pm_dec rmRA rmDE e_rmRA e_rmDE rRV e_rRV v_pec v_pec3d e_vpec e_vpec3d
[from data line 502]
178.50514387905 -64.76508919797 0.0174 0.0199 15.2498 "" "" 5332511724080956288 2309.56445 0.3937 0.023 -5.942 0.41 0.024 0.029 0.95 5783.9 4.0549 15.116642 1.075654 15.564101 14.488447 "" "" 2205.94458 2416.11426 16915.69355 4.0424 8124.1 11.425 12699.0 14.231 "" "" 0.002767509700269739 0.0031806312 0.003970407 0.0071510384 178.50514387905 -64.76508919797 2309.56445 -5.941999999999995 0.40999999999999986 -0.346392719268799 0.12650001406669614 0.10164219 0.106642194 "" "" 4.037031938502621 "" 0.4127592521488174 ""
177.53432429754 -64.61884057576 0.0186 0.0185 15.3464 "" "" 5332507875788646528 2851.80908 0.3123 0.0225 -3.772 0.658 0.023 0.024 1.008 4977.7 2.0235 15.116807 2.317583 16.348186 14.030603 "" "" 2691.04663 3038.92676 16913.12978 5.5492 3945.9 6.302 19361.0 13.986 "" "" 0.0027782529299229955 0.003285104 0.0038599062 0.00714501 177.53432429754 -64.61884057576 2851.80908 -3.7720000000000007 0.6580000000000003 1.8236072807312014 0.3745000140666962 0.1006422 0.10164219 "" "" 25.165186179540296 "" 2.533702827359251 ""
178.100440696 -64.33536110101 0.0173 0.0201 14.1777 "" "" 5332901707124451968 2383.16113 0.3876 0.0238 -5.076 2.328 0.026 0.025 0.919 6107.1 3.8406 15.124253 1.040276 15.554875 14.5146 "" "" 2263.40674 2506.96509 16797.52523 4.2461 8193.4 10.675 12397.0 13.981 "" "" 0.0027689554486840244 0.0031282725 0.0039727874 0.00710106 178.100440696 -64.33536110101 2383.16113 -5.076 2.328 0.5196072807312015 2.044500014066696 0.103642195 0.10264219 "" "" 23.829250860346004 "" 2.447338975322294 ""
177.58133638247 -64.77056861704 0.0172 0.0184 18.2754 "" "" 5332504680332872448 2557.10449 0.352 0.0223 -9.055 0.981 0.022 0.024 0.968 4771.8 2.4144 15.125604 2.382909 16.404476 14.021567 -5.58 3.07 2409.23413 2743.75513 16776.65855 6.2233 3746.5 7.6675 19522.0 11.609 "" "" 0.0027846005037950546 0.0035668642 0.0038341344 0.007400999 177.58133638247 -64.77056861704 2557.10449 -9.05500000000001 0.9810000000000009 -3.4593927192687985 0.6975000140666962 0.099642195 0.10164219 "" "" 42.77397170101012 "" 4.265466511139749 ""
177.32990186249 -64.59557223311 0.0181 0.0167 20.403 "" "" 5332695789187148928 2109.74219 0.4413 0.0213 -8.292 0.457 0.023 0.021 0.973 7305.2 4.032 15.127275 0.953079 15.51096 14.55788 "" "" 2027.36157 2206.63257 16750.84525 3.945 8531.7 10.103 11913.0 12.312 "" "" 0.00276715974364389 0.003072144 0.0039424403 0.0070145843 177.32990186249 -64.59557223311 2109.74219 -8.292 0.4569999999999999 -2.6963927192687986 0.17350001406669618 0.1006422 0.09864219 "" "" 27.02016992550743 "" 2.7191486435870025 ""
178.84041704991 -64.5744466412 0.0178 0.0187 18.5543 "" "" 5332848174647960960 2353.93823 0.3863 0.0222 -7.851 1.077 0.023 0.026 1.017 7690.3 4.0918 15.129532 0.762915 15.426531 14.663616 "" "" 2234.771 2500.57666 16716.06939 4.477 9221.6 14.289 10807.0 9.3208 "" "" 0.0027706221969307676 0.0032581277 0.0038936636 0.0071517914 178.84041704991 -64.5744466412 2353.93823 -7.851000000000005 1.0770000000000004 -2.255392719268799 0.7935000140666961 0.1006422 0.103642195 "" "" 26.67695002146558 "" 2.6937584468286224 ""
178.21143876431 -64.7180642819 0.0177 0.018 9.1007 "" "" 5332515194414425600 2047.7406 0.4622 0.0225 -4.292 2.45 0.023 0.023 0.987 7435.1 4.1578 15.133696 0.955558 15.522253 14.566695 "" "" 1944.2085 2155.36279 16652.07837 4.3142 8443.4 12.605 11816.0 9.2825 "" "" 0.0027696415182464945 0.0032268076 0.0038744335 0.007101241 178.21143876431 -64.7180642819 2047.7406 -4.292000000000005 2.4499999999999993 1.3036072807312014 2.1665000140666963 0.1006422 0.1006422 "" "" 24.54197535441285 "" 2.4699583143161385 ""
178.50273524361 -64.64330542719 0.0197 0.0217 10.7434 "" "" 5332518733468203264 3004.22168 0.3055 0.0259 -7.13 0.121 0.027 0.034 0.942 "" "" 15.133912 1.213907 15.653499 14.439591 "" "" 2804.34937 3263.59497 16648.76553 4.425 7482.0 16.559 13284.0 10.845 "" "" 0.0027703905377818596 0.0036822697 0.0038819343 0.007564204 178.50273524361 -64.64330542719 3004.22168 -7.129999999999993 0.12100000000000018 -1.5343927192687987 -0.16249998593330384 0.1046422 0.1116422 "" "" 21.971959435008298 "" 2.3009564126976283 ""
178.19866959664 -64.8102482446 0.0374 0.0403 14.4654 "" "" 5332489527688607488 2165.63379 0.4487 0.0482 -6.638 -1.28 0.047 0.051 2.162 5920.2 4.0266 15.147129 1.238958 15.663119 14.424161 "" "" 1940.91321 2443.89502 16447.32538 9.8435 7416.0 13.115 13474.0 13.23 "" "" 0.0028309057222880877 0.0033870067 0.0039268616 0.007313868 178.19866959664 -64.8102482446 2165.63379 -6.638 -1.2799999999999998 -1.0423927192687987 -1.5634999859333039 0.12464219 0.1286422 "" "" 19.28942484763297 "" 2.45794932197526 ""
178.35595498444 -64.70787040443 0.0199 0.0214 10.1807 "" "" 5332515400575805568 2089.59668 0.448 0.0254 -5.539 0.269 0.026 0.028 1.108 11531.0 4.3698 15.147659 0.797332 15.337383 14.540051 "" "" 1988.27893 2175.4502 16439.29549 8.2633 10011.0 90.428 12110.0 149.24 "" "" 0.0028088491715656957 0.010196486 0.013903805 0.02410029 178.35595498444 -64.70787040443 2089.59668 -5.539 0.269 0.05660728073120147 -0.014499985933303816 0.103642195 0.1056422 "" "" 0.5787791534167385 "" 0.060057861333862365 ""
178.49880726586 -64.38283952743 0.0172 0.0196 14.9643 "" "" 5332898820906678528 2181.9978 0.4303 0.023 -5.432 0.129 0.024 0.026 0.96 7050.0 4.0226 15.148679 0.825222 15.472817 14.647595 "" "" 2048.3833 2305.38794 16423.85615 15.169 8836.7 33.213 10968.0 27.855 "" "" 0.00293212538530185 0.0049434546 0.004678353 0.009621808 178.49880726586 -64.38283952743 2181.9978 -5.432000000000001 0.1290000000000001 0.1636072807312008 -0.15449998593330383 0.10164219 0.103642195 "" "" 2.327389953779469 "" 0.2387665604264779 ""
178.86695336549 -64.66848757471 0.018 0.02 20.0661 "" "" 5332471763703110400 2551.38721 0.3639 0.0231 -5.804 1.663 0.023 0.029 1.012 6941.7 3.7629 15.149762 1.134048 15.628948 14.494901 "" "" 2416.59155 2704.43115 16407.47418 4.0558 7653.1 12.545 12624.0 10.292 "" "" 0.0027683605614944842 0.0033094618 0.003881656 0.007191118 178.86695336549 -64.66848757471 2551.38721 -5.804 1.663 -0.2083927192687991 1.3795000140666962 0.1006422 0.106642194 "" "" 16.8723702860806 "" 1.7971101326106251 ""
178.12664692984 -64.6045994219 0.0197 0.0189 1.9927 "" "" 5332516740602580864 2859.90625 0.3191 0.0236 -7.752 0.525 0.024 0.023 0.978 7494.1 3.8695 15.152154 1.325374 15.734395 14.409021 "" "" 2693.82373 3059.57129 16371.36915 4.2797 6944.8 11.855 13663.0 11.622 "" "" 0.0027699001371864406 0.0033496404 0.003890587 0.0072402274 178.12664692984 -64.6045994219 2859.90625 -7.751999999999992 0.5249999999999997 -2.1563927192687986 0.2415000140666962 0.10164219 0.1006422 "" "" 29.414711409624516 "" 2.989413140279046 ""
177.66922944307 -64.45955735059 0.0174 0.0182 13.4412 "" "" 5332539108793742336 2761.06274 0.327 0.0219 -5.938 1.39 0.024 0.024 0.899 6061.6 3.0544 15.152616 2.156373 16.268887 14.112514 7.61 3.51 2618.54712 2910.95728 16364.41818 5.8438 4244.8 7.1375 17954.0 14.238 "" "" 0.0027824659564434184 0.0033343635 0.0038762195 0.007210583 177.66922944307 -64.45955735059 2761.06274 -5.938 1.39 -0.34239271926879855 1.106500014066696 0.10164219 0.10164219 "" "" 15.158705101766527 "" 1.5407640054824776 ""
178.27454989072 -64.88298089856 0.0182 0.02 19.1022 "" "" 5332488698735683200 2841.52637 0.3116 0.0238 -9.243 1.108 0.026 0.028 1.069 "" "" 15.152841 2.238157 16.322487 14.08433 -27.61 4.29 2623.45532 3078.66992 16361.02869 5.0313 4040.4 9.2676 18426.0 14.43 "" "" 0.0027754760076141513 0.0037399314 0.0038738477 0.007613779 178.27454989072 -64.88298089856 2841.52637 -9.243000000000013 1.1079999999999997 -3.647392719268799 0.8245000140666963 0.103642195 0.1056422 "" "" 50.36565253727341 "" 5.224948802426946 ""
178.19051775722 -64.56283447516 0.0196 0.0201 1.8846 "" "" 5332523092822443648 2713.95581 0.3299 0.0246 -7.985 2.418 0.025 0.026 1.006 6097.5 2.8209 15.165283 2.103663 16.228285 14.124621 -25.08 6.31 2550.93213 2929.19092 16174.60211 6.1828 4406.6 14.921 17755.0 19.345 "" "" 0.002786402059239931 0.0046152687 0.003960194 0.008575463 178.19051775722 -64.56283447516 2713.95581 -7.9849999999999985 2.418 -2.389392719268799 2.1345000140666963 0.10264219 0.103642195 "" "" 41.21607961130581 "" 4.248851323988961 ""
178.56014581876 -64.49693824233 0.0184 0.0208 12.1993 "" "" 5332895797249596288 2455.09082 0.373 0.0229 -6.684 2.961 0.024 0.027 0.957 6849.9 4.159 15.166782 0.864741 15.511147 14.646405 "" "" 2317.2749 2602.60791 16152.2779 3.8166 8530.2 10.805 10980.0 16.224 "" "" 0.002767237944515873 0.0031106966 0.004105781 0.0072164778 178.56014581876 -64.49693824233 2455.09082 -6.684 2.9610000000000003 -1.088392719268799 2.677500014066696 0.10164219 0.1046422 "" "" 33.634337127499485 "" 3.5054389157679866 ""
178.35524319166 -64.66460460031 0.0183 0.0201 8.2306 "" "" 5332521447887315840 2082.62573 0.4542 0.0234 0.275 -2.537 0.022 0.027 0.947 4945.1 3.5563 15.178175 1.482124 15.857005 14.374881 "" "" 1981.2749 2164.04272 15983.68009 4.0443 6203.2 11.331 14100.0 10.152 "" "" 0.0027689818874692155 0.0034232026 0.003859382 0.0072825844 178.35524319166 -64.66460460031 2082.62573 0.27500000000000036 -2.537 5.8706072807312015 -2.8204999859333038 0.099642195 0.1046422 "" "" 64.2940915354682 "" 6.4679097119838715 ""
177.34406772062 -64.54850860509 0.0271 0.0285 20.0518 "" "" 5332719424367633792 2590.67407 0.3507 0.033 -6.501 0.644 0.037 0.039 1.448 "" "" 15.178585 "" "" "" "" "" 2387.59741 2853.68408 15977.65032 16.401 "" "" "" "" "" "" 0.0029721892427625783 "" "" "" 177.34406772062 -64.54850860509 2590.67407 -6.501000000000001 0.6440000000000006 -0.9053927192687992 0.3605000140666962 0.114642195 0.11664219 "" "" 11.96695005264638 "" 1.3752172325558911 ""
177.60681064165 -64.58061310573 0.0191 0.0177 13.236 "" "" 5332531068614594688 2258.84302 0.4092 0.0226 -8.064 0.938 0.024 0.023 1.025 7812.6 4.0408 15.182764 0.892192 15.537459 14.645267 "" "" 2134.48218 2378.74097 15916.25959 5.6315 8325.9 15.455 10991.0 11.657 "" "" 0.0027819714356699496 0.0034419328 0.003950916 0.007392849 177.60681064165 -64.58061310573 2258.84302 -8.063999999999991 0.9379999999999993 -2.468392719268799 0.6545000140666961 0.10164219 0.1006422 "" "" 27.342144666077736 "" 2.777327733406827 ""
177.75448204173 -64.73806135849 0.0187 0.02 13.7153 "" "" 5332503202864176000 2247.35059 0.4098 0.0248 -6.377 2.695 0.024 0.024 0.995 6891.6 4.071 15.183401 1.150146 15.667529 14.517383 "" "" 2138.72046 2352.7146 15906.9272 4.0657 7385.9 12.119 12365.0 10.094 "" "" 0.002769259707392325 0.0033104105 0.0038819197 0.0071923304 177.75448204173 -64.73806135849 2247.35059 -6.377 2.6950000000000003 -0.7813927192687986 2.411500014066696 0.10164219 0.10164219 "" "" 27.00327159377921 "" 2.74467170003287 ""
178.196823739 -64.7661832083 0.0176 0.0187 11.8452 "" "" 5332513167189822464 2954.01147 0.3038 0.0228 -5.899 0.164 0.023 0.025 1.035 4674.1 2.6329 15.18586 2.301183 16.404766 14.103583 -3.54 4.04 2752.34985 3170.63721 15870.9515 5.624 3745.5 8.054 18102.0 18.56 "" "" 0.0027820520847690734 0.0036380969 0.0039399182 0.0075780153 178.196823739 -64.7661832083 2954.01147 -5.899000000000002 0.16400000000000012 -0.30339271926879885 -0.11949998593330383 0.1006422 0.10264219 "" "" 4.56576014856803 "" 0.4607450546853693 ""
177.49589428679 -64.68231994424 0.0192 0.0189 17.3743 "" "" 5332507257313311360 2587.39893 0.3493 0.0233 -6.516 0.161 0.023 0.025 0.958 6805.7 2.5664 15.187799 2.396407 16.47365 14.077243 -20.69 4.86 2447.5437 2748.89087 15842.62194 6.0912 3515.3 6.7098 18546.0 15.753 "" "" 0.002786763425117999 0.0034756076 0.0038902734 0.007365881 177.49589428679 -64.68231994424 2587.39893 -6.516 0.16099999999999998 -0.9203927192687988 -0.12249998593330383 0.1006422 0.10264219 "" "" 11.387486207075733 "" 1.1464619185680318 ""
177.41583321657 -64.52029169143 0.0188 0.0191 18.4221 "" "" 5332532271205472128 2172.71167 0.4256 0.0231 -9.506 0.408 0.025 0.026 0.946 7192.6 4.0751 15.191399 0.824322 15.520178 14.695856 "" "" 2081.96094 2282.99658 15790.18625 6.4033 8459.5 16.336 10491.0 14.662 "" "" 0.0027902771444179805 0.0034901258 0.00407262 0.007562746 177.41583321657 -64.52029169143 2172.71167 -9.506 0.4079999999999999 -3.910392719268799 0.12450001406669614 0.10264219 0.103642195 "" "" 40.292184989942356 "" 4.135719246115787 ""
177.82655299237 -64.54820744755 0.0214 0.0224 7.6969 "" "" 5332529762944642560 2645.27734 0.354 0.0268 -1.328 -2.612 0.028 0.028 1.119 5960.0 3.9014 15.191471 1.028589 15.618026 14.589437 "" "" 2460.37451 2809.8042 15789.13716 4.2463 7730.5 14.37 11571.0 12.146 "" "" 0.002770749166889349 0.0034435962 0.003947483 0.0073910793 177.82655299237 -64.54820744755 2645.27734 -1.328 -2.612 4.267607280731201 -2.895499985933304 0.1056422 0.1056422 "" "" 64.66375444621434 "" 6.831221248679774 ""
177.33294353517 -64.57439288484 0.0191 0.0183 20.2821 "" "" 5332695926626128000 2319.20239 0.3949 0.0231 -9.828 2.375 0.024 0.024 0.945 6599.4 3.8385 15.194469 1.028126 15.617148 14.589023 "" "" 2222.30713 2425.6001 15745.58741 4.3051 7736.7 11.933 11576.0 15.344 "" "" 0.0027712657850683746 0.0032541398 0.0040441146 0.0072982544 177.33294353517 -64.57439288484 2319.20239 -9.827999999999996 2.375 -4.232392719268798 2.091500014066696 0.10164219 0.10164219 "" "" 51.897671029988665 "" 5.274993012566678 ""
177.92036316365 -64.58962636447 0.1087 0.1293 5.2608 "" "" 5332528491634404992 2180.0332 0.5184 0.1397 -6.032 -2.36 0.14 0.172 4.378 "" "" 15.194627 2.551355 16.344858 13.793503 13.09 5.85 1639.15417 2881.87891 15743.31185 10.475 3958.0 18.047 24086.0 54.524 "" "" 0.0028484490578052084 0.005682694 0.004508273 0.0101909675 177.92036316365 -64.58962636447 2180.0332 -6.032000000000001 -2.3599999999999963 -0.43639271926879886 -2.6434999859333037 0.21764219 0.2496422 "" "" 27.68593740889796 "" 6.8895460973304825 ""
178.4304774571 -64.71300355022 0.0188 0.0198 11.6465 "" "" 5332512411275651584 2828.13257 0.3212 0.0237 -4.108 0.76 0.025 0.029 0.982 8564.9 3.7518 15.203316 1.490216 15.881921 14.391705 "" "" 2650.79126 3035.19604 15617.82731 8.587 6062.5 14.659 13883.0 24.113 "" "" 0.002819246444024078 0.0038310813 0.0042237323 0.008054813 178.4304774571 -64.71300355022 2828.13257 -4.108 0.7600000000000001 1.4876072807312015 0.4765000140666962 0.10264219 0.106642194 "" "" 20.939942365803482 "" 2.157252962163182 ""
178.00224765683 -64.89915702365 0.0184 0.0194 19.89 "" "" 5332499629451598080 2446.45386 0.369 0.0234 -8.347 0.942 0.026 0.024 0.957 9436.7 3.9021 15.204923 1.082506 15.65171 14.569203 "" "" 2305.4939 2603.70752 15594.72566 4.4181 7494.3 14.785 11789.0 10.389 "" "" 0.0027724367107762626 0.003517543 0.003898614 0.007416157 178.00224765683 -64.89915702365 2446.45386 -8.347 0.942 -2.7513927192687984 0.6585000140666961 0.103642195 0.10164219 "" "" 32.80673838514535 "" 3.396640107455968 ""
177.86357880136 -64.36733537261 0.0171 0.0183 13.9322 "" "" 5332538490304353920 2910.78027 0.3103 0.022 -6.128 0.224 0.023 0.023 0.966 9086.3 4.0477 15.205786 0.839729 15.533882 14.694153 "" "" 2734.47998 3123.3916 15582.33847 3.7689 8353.4 11.528 10507.0 17.391 "" "" 0.002767806321927263 0.0031670362 0.0041848854 0.007351922 177.86357880136 -64.36733537261 2910.78027 -6.128 0.22400000000000017 -0.5323927192687989 -0.05949998593330383 0.1006422 0.1006422 "" "" 7.3912056608201055 "" 0.7438671749574779 ""
178.67551817814 -64.40519818431 0.0177 0.0186 17.478 "" "" 5332898064992442112 2056.38477 0.4543 0.0223 -5.795 -0.014 0.024 0.024 1.035 7552.8 4.4125 15.211548 0.760058 15.508038 14.74798 "" "" 1981.9502 2158.08105 15499.85624 4.8989 8554.6 14.181 9999.2 11.221 "" "" 0.0027766071755076648 0.0033203065 0.003970923 0.0072912294 178.67551817814 -64.40519818431 2056.38477 -5.794999999999995 -0.014000000000000084 -0.19939271926879876 -0.29749998593330385 0.10164219 0.10164219 "" "" 3.490877420220221 "" 0.3548204309350966 ""
