Clusters/UBC_281/UBC_281_members.tsv
# %ECSV 1.0
# ---
# datatype:
# - name: RA_ICRS_1
#   unit: deg
#   datatype: float64
#   format: '{:15.11f}'
#   description: Right ascension (ICRS) at Ep=2016.0 (ra)
#   meta: !!omap
#   - {ucd: POS_EQ_RA_MAIN}
#   - {width: 15}
#   - {precision: '11'}
# - name: DE_ICRS_1
#   unit: deg
#   datatype: float64
#   format: '{:15.11f}'
#   description: Declination (ICRS) at Ep=2016.0 (dec)
#   meta: !!omap
#   - {ucd: POS_EQ_DEC_MAIN}
#   - {width: 15}
#   - {precision: '11'}
# - name: e_RA_ICRS
#   unit: mas
#   datatype: float64
#   format: '{:7.4f}'
#   description: Standard error of right ascension (ra_error)
#   meta: !!omap
#   - {ucd: ERROR}
#   - {width: 7}
#   - {precision: '4'}
# - name: e_DE_ICRS
#   unit: mas
#   datatype: float64
#   format: '{:7.4f}'
#   description: Standard error of declination (dec_error)
#   meta: !!omap
#   - {ucd: ERROR}
#   - {width: 7}
#   - {precision: '4'}
# - name: _r_1
#   unit: ''
#   datatype: float64
#   format: '{:7.4f}'
#   description: Distance from center (178.12021781000-64.57150271000)[ICRS], at Epoch=J2016.0
#   meta: !!omap
#   - {ucd: POS_ANG_DIST_GENERAL}
#   - {width: 7}
#   - {precision: '4'}
# - name: HIP
#   datatype: int32
#   description: '? HIP cross-id number, van Leeuwen, Cat. I/311 (hip_original_ext_source_id)'
#   meta: !!omap
#   - {ucd: ID_NUMBER}
#   - {width: 6}
#   - values: {'null': -2147483648}
# - name: TYC2
#   datatype: string
#   description: Tycho-2 cross-id name, Hog et al., Cat. I/259 (tyc2_original_ext_source_id)
#   meta: !!omap
#   - {ucd: ID_CROSSID}
#   - {_votable_string_dtype: char}
# - name: Source
#   datatype: int64
#   description: Source identifier, identical to the Gaia-EDR3 source_id (id)
#   meta: !!omap
#   - {ucd: ID_MAIN}
#   - {width: 19}
# - name: rgeo
#   unit: pc
#   datatype: float64
#   format: '{:15.8f}'
#   description: '? Median of the geometric distance posterior (r_med_geo)'
#   meta: !!omap
#   - {ucd: PHYS_DISTANCE_TRUE}
#   - {width: 15}
#   - {precision: '8'}
#   - values: {'null': .nan}
# - name: Plx
#   unit: mas
#   datatype: float64
#   format: '{:9.4f}'
#   description: '? Parallax (parallax)'
#   meta: !!omap
#   - {ucd: POS_PARLX_TRIG}
#   - {width: 9}
#   - {precision: '4'}
#   - values: {'null': .nan}
# - name: e_Plx
#   unit: mas
#   datatype: float32
#   format: '{:7.4f}'
#   description: '? Standard error of parallax (parallax_error)'
#   meta: !!omap
#   - {ucd: ERROR}
#   - {width: 7}
#   - {precision: '4'}
#   - values: {'null': .nan}
# - name: pmRA
#   unit: mas / yr
#   datatype: float64
#   format: '{:9.3f}'
#   description: '? Proper motion in right ascension direction, pmRA*cosDE (pmra)'
#   meta: !!omap
#   - {ucd: POS_EQ_PMRA}
#   - {width: 9}
#   - {precision: '3'}
#   - values: {'null': .nan}
# - name: pmDE
#   unit: mas / yr
#   datatype: float64
#   format: '{:9.3f}'
#   description: '? Proper motion in declination direction (pmdec)'
#   meta: !!omap
#   - {ucd: POS_EQ_PMDEC}
#   - {width: 9}
#   - {precision: '3'}
#   - values: {'null': .nan}
# - name: e_pmRA
#   unit: mas / yr
#   datatype: float32
#   format: '{:6.3f}'
#   description: '? Standard error of proper motion in right ascension direction (pmra_error)'
#   meta: !!omap
#   - {ucd: ERROR}
#   - {width: 6}
#   - {precision: '3'}
#   - values: {'null': .nan}
# - name: e_pmDE
[...]
#       distance: !astropy.table.SerializedColumn
#         __class__: astropy.coordinates.distances.Distance
#         unit: !astropy.units.Unit {unit: pc}
#         value: !astropy.table.SerializedColumn {name: SkyCoord.distance}
#       frame: icrs
#       obstime: !astropy.time.Time {format: jyear_str, in_subfmt: '*', jd1: 367701545.0, jd2: 0.0, out_subfmt: '*', precision: 3, scale: tt}
#       pm_dec: !astropy.table.SerializedColumn
#         __class__: astropy.units.quantity.Quantity
#         unit: !astropy.units.Unit {unit: mas / yr}
#         value: !astropy.table.SerializedColumn {name: SkyCoord.pm_dec}
#       pm_ra_cosdec: !astropy.table.SerializedColumn
#         __class__: astropy.units.quantity.Quantity
#         unit: !astropy.units.Unit {unit: mas / yr}
#         value: !astropy.table.SerializedColumn {name: SkyCoord.pm_ra_cosdec}
#       ra: !astropy.table.SerializedColumn
#         __class__: astropy.coordinates.angles.Longitude
#         unit: *id001
#         value: !astropy.table.SerializedColumn {name: SkyCoord.ra}
#         wrap_angle: !astropy.coordinates.Angle
#           unit: *id001
#           value: 360.0
#       representation_type: spherical
# schema: astropy-2.0
RA_ICRS_1 DE_ICRS_1 e_RA_ICRS e_DE_ICRS _r_1 HIP TYC2 Source rgeo Plx e_Plx pmRA pmDE e_pmRA e_pmDE RUWE Teff logg Gmag BP-RP BPmag RPmag RV e_RV b_rgeo B_rgeo FG e_FG FBP e_FBP FRP e_FRP RAVE5 RAVE6 e_Gmag e_BPmag e_RPmag e_BP-RP SkyCoord.ra SkyCoord.dec SkyCoord.distance SkyCoord.pm_ra_cosdec SkyCoord.pm_dec rmRA rmDE e_rmRA e_rmDE rRV e_rRV v_pec v_pec3d e_vpec e_vpec3d Pmemb
178.08043574017 -64.60609431313 0.0165 0.018 2.3145 "" 8981-3005-1 5332516981120746112 2369.17603 0.4107 0.0209 -5.662 0.322 0.02 0.02 0.967 16069.7 3.4119 10.851131 0.142126 10.886158 10.744032 "" "" 2276.47388 2542.21362 859992.22728 214.17 603880.0 350.53 399530.0 203.88 "" "" 0.0027685554727905743 0.0028604611 0.0038197774 0.0066802385 178.08043574017 -64.60609431313 2369.17603 -5.662 0.32199999999999995 -0.06639271926879875 0.038500014066696175 0.0976422 0.0976422 "" "" 0.8618711110615671 "" 0.0841549898534321 "" 0.91
178.02190561201 -64.57775168523 0.0124 0.0132 2.5601 "" "" 5332528762179256832 2262.61865 0.3975 0.0154 -5.619 0.406 0.016 0.016 0.867 7766.7 3.3497 12.138035 0.208516 12.204056 11.99554 -29.69 39.39 2196.51636 2362.66553 262864.96614 87.359 179390.0 183.35 126170.0 90.836 "" "" 0.0027788461015083683 0.0030027472 0.0038593707 0.006862118 178.02190561201 -64.57775168523 2262.61865 -5.619 0.406 -0.0233927192687986 0.1225000140666962 0.0936422 0.0936422 "" "" 1.337529565529281 "" 0.12524920780337997 "" 0.96
178.12488969076 -64.59598088863 0.0129 0.0128 1.4736 "" "" 5332522611786049408 2355.34888 0.3966 0.0157 -5.664 0.374 0.016 0.016 0.997 10189.4 3.7452 12.881957 0.36099 13.006649 12.645659 "" "" 2274.79956 2436.646 132484.13803 28.085 85656.0 35.562 69326.0 38.845 "" "" 0.0027649166796287427 0.0028263472 0.0038280326 0.00665438 178.12488969076 -64.59598088863 2355.34888 -5.664000000000002 0.3739999999999996 -0.06839271926879853 0.09050001406669617 0.0936422 0.0936422 "" "" 1.2664440787585733 "" 0.11859260660830616 "" 0.91
178.12998721286 -64.62647553351 0.0106 0.0104 3.3079 "" "" 5332516603163758976 2301.07666 0.4007 0.0129 -5.509 0.347 0.013 0.013 0.967 "" "" 13.061858 0.317425 13.170958 12.853534 "" "" 2222.73657 2365.13306 112254.44951 36.003 73626.0 36.176 57246.0 58.186 "" "" 0.0027772377908631693 0.0028407117 0.003937205 0.0067779166 178.12998721286 -64.62647553351 2301.07666 -5.509 0.347 0.08660728073120083 0.06350001406669614 0.0906422 0.0906422 "" "" 1.171337229232872 "" 0.1061725821348204 "" 0.92
177.90861079995 -64.64540306333 0.0112 0.0113 7.0214 "" "" 5332526876726500992 2184.83423 0.4214 0.0135 -5.656 0.245 0.014 0.013 0.976 "" "" 13.492834 0.499034 13.676681 13.177647 "" "" 2123.92896 2245.90967 75476.70522 24.347 46211.0 31.392 42472.0 21.027 "" "" 0.002777490309251739 0.0028860085 0.0038174156 0.0067034243 177.90861079995 -64.64540306333 2184.83423 -5.655999999999996 0.245 -0.06039271926879852 -0.03849998593330384 0.09164219 0.0906422 "" "" 0.7417124981198693 "" 0.06775866736969555 "" 0.98
178.23852500735 -64.58909406719 0.0122 0.0121 3.2246 "" "" 5332521963283431040 2191.41772 0.4218 0.015 -5.641 0.207 0.016 0.016 0.978 9738.9 4.3036 13.941731 0.597092 14.166009 13.568917 "" "" 2136.91699 2269.979 49917.6368 12.938 29445.0 17.876 29620.0 19.411 "" "" 0.0027696534475601608 0.0028669713 0.0038457753 0.006712747 178.23852500735 -64.58909406719 2191.41772 -5.641 0.20699999999999974 -0.04539271926879884 -0.07649998593330384 0.0936422 0.0936422 "" "" 0.9239897329333348 "" 0.08652442910490812 "" 0.98
177.74095290578 -64.53465881646 0.0124 0.0126 10.0244 "" "" 5332529659865424128 2257.26831 0.4091 0.0156 -5.715 0.119 0.017 0.016 0.969 8462.4 4.0913 14.111673 0.62601 14.337013 13.711003 "" "" 2172.31006 2337.09741 42685.2174 14.447 25154.0 44.819 25987.0 79.701 "" "" 0.002779716749381359 0.0033952205 0.0050370623 0.008432283 177.74095290578 -64.53465881646 2257.26831 -5.715 0.11899999999999984 -0.11939271926879869 -0.16449998593330384 0.09464219 0.0936422 "" "" 2.1747768660008675 "" 0.2044038455650031 "" 0.92
178.34924738345 -64.562409985 0.0125 0.0141 5.9266 "" "" 5332523646910652928 2156.48975 0.4275 0.0166 -5.394 0.236 0.016 0.018 0.941 9936.4 4.0553 14.116915 0.371091 14.251575 13.880484 "" "" 2079.57593 2231.3916 42479.63117 13.604 27214.0 17.351 22231.0 14.324 "" "" 0.0027771726203850333 0.0028747597 0.0038435818 0.0067183413 178.34924738345 -64.562409985 2156.48975 -5.394 0.236 0.20160728073120104 -0.047499985933303845 0.0936422 0.095642194 "" "" 2.1172064822717247 "" 0.19848481010163652 "" 0.93
178.05797618962 -64.56244259965 0.0143 0.0148 1.6934 "" "" 5332522921023754752 2221.82056 0.4115 0.018 -5.591 0.28 0.018 0.018 0.979 9624.8 4.1043 14.311133 0.417488 14.464448 14.04696 "" "" 2131.30591 2322.55176 35521.67612 14.472 22369.0 19.341 19071.0 12.954 "" "" 0.002790601538548228 0.0029438625 0.0038506642 0.0067945267 178.05797618962 -64.56244259965 2221.82056 -5.590999999999992 0.2799999999999999 0.00460728073120098 -0.0034999859333038064 0.095642194 0.095642194 "" "" 0.06093406930583081 "" 0.005827868087012282 "" 0.96
178.0858564902 -64.59225746547 0.0148 0.0156 1.5277 "" "" 5332516946761012992 2192.59131 0.4191 0.0185 -5.705 0.086 0.018 0.019 0.956 9905.6 4.2275 14.440907 0.499922 14.62203 14.122108 "" "" 2105.28003 2270.59424 31519.85627 8.4651 19347.0 18.332 17796.0 14.555 "" "" 0.002770706400759023 0.0029737898 0.003882303 0.0068560927 178.0858564902 -64.59225746547 2192.59131 -5.705 0.086 -0.1093927192687989 -0.19749998593330384 0.095642194 0.096642196 "" "" 2.3464222941362416 "" 0.22621472690009561 "" 0.93
178.12092118322 -64.61725819101 0.0153 0.0143 2.7454 "" "" 5332516912401268096 2075.33618 0.4422 0.0177 -5.574 0.317 0.019 0.018 0.958 9480.3 4.1614 14.4446 0.469733 14.617209 14.147476 "" "" 2008.89465 2133.14526 31412.81525 9.5422 19433.0 21.901 17385.0 10.651 "" "" 0.0027749892089291373 0.0030466877 0.0038374723 0.00688416 178.12092118322 -64.61725819101 2075.33618 -5.574 0.317 0.021607280731201328 0.03350001406669617 0.096642196 0.095642194 "" "" 0.39214429436789167 "" 0.037621174414691046 "" 0.95
178.08971993011 -64.60801262602 0.0164 0.0157 2.3271 "" "" 5332516912401269248 2255.24561 0.4071 0.0193 -5.687 0.145 0.02 0.019 0.983 7976.4 3.8393 14.500992 0.667166 14.754104 14.086938 "" "" 2178.87256 2341.98389 29822.92114 13.678 17131.0 23.449 18382.0 27.831 "" "" 0.0027999564564484144 0.003161285 0.004121401 0.007282686 178.08971993011 -64.60801262602 2255.24561 -5.686999999999995 0.14499999999999968 -0.0913927192687991 -0.13849998593330384 0.0976422 0.096642196 "" "" 1.7738371421477495 "" 0.1719675401738602 "" 0.92
177.67106390449 -64.64535899516 0.0157 0.0158 12.3764 "" "" 5332530243980813824 2105.36108 0.444 0.0194 -5.598 0.323 0.019 0.02 0.944 8389.6 4.3811 14.637838 0.595243 14.862563 14.267321 "" "" 2015.59644 2204.29736 26291.26608 9.0063 15502.0 15.005 15568.0 14.812 "" "" 0.0027803093437834695 0.0029815258 0.003918015 0.006899541 177.67106390449 -64.64535899516 2105.36108 -5.598 0.32300000000000034 -0.002392719268798693 0.039500014066696176 0.096642196 0.0976422 "" "" 0.3949094377779298 "" 0.03855838919722368 "" 0.97
178.03623970202 -64.59303357355 0.0158 0.017 2.5191 "" "" 5332528732152480384 2264.35059 0.4073 0.0201 -5.575 0.273 0.02 0.02 0.99 9895.7 4.2509 14.669134 0.578793 14.870272 14.291479 "" "" 2153.48706 2363.68018 25544.24786 8.1835 15392.0 17.726 15225.0 29.244 "" "" 0.0027771886731483082 0.003057529 0.004316585 0.0073741144 178.03623970202 -64.59303357355 2264.35059 -5.575000000000002 0.273 0.020607280731200994 -0.010499985933303813 0.0976422 0.0976422 "" "" 0.24823456711512684 "" 0.02423816880358615 "" 0.97
178.17911560092 -64.50648274952 0.0147 0.0162 4.1866 "" "" 5332524746422149632 2105.15283 0.4385 0.0193 -5.627 0.124 0.019 0.02 0.905 9407.6 4.3893 14.722349 0.578495 14.938195 14.3597 "" "" 2034.25464 2179.97437 24322.44606 7.7264 14459.0 15.532 14298.0 13.488 "" "" 0.0027768230037933093 0.0030241236 0.003915708 0.0069398317 178.17911560092 -64.50648274952 2105.15283 -5.627000000000001 0.12400000000000026 -0.03139271926879861 -0.15949998593330383 0.096642196 0.0976422 "" "" 1.6220925112065072 "" 0.15832448354585493 "" 0.84
177.9245625165 -64.5891786527 0.0194 0.0219 5.1494 "" "" 5332528491634287488 2042.7655 0.4533 0.0236 -5.572 0.476 0.025 0.028 1.125 8801.1 4.1601 14.879593 0.649343 15.119365 14.470022 "" "" 1954.67273 2122.65063 21043.1001 7.2862 12237.0 21.267 12917.0 18.187 "" "" 0.002780848509054197 0.0033683155 0.004076845 0.0074451603 177.9245625165 -64.5891786527 2042.7655 -5.572 0.476 0.023607280731201108 0.19250001406669615 0.10264219 0.1056422 "" "" 1.8778853377510691 "" 0.1983016340579772 "" 0.97
178.25250528563 -64.68242627666 0.019 0.019 7.4741 "" "" 5332515675450845568 2313.32471 0.3964 0.0235 -5.631 0.26 0.024 0.025 1.017 8574.1 4.2373 15.27278 0.763168 15.570934 14.807766 "" "" 2206.12329 2428.80762 14649.89597 4.2026 8073.1 9.9451 9463.5 11.103 "" "" 0.002772868408875296 0.0030941798 0.0039882804 0.0070824604 178.25250528563 -64.68242627666 2313.32471 -5.631000000000007 0.26 -0.035392719268799055 -0.023499985933303824 0.10164219 0.10264219 "" "" 0.4658442926215367 "" 0.04749245612629906 "" 0.96
178.45330808269 -64.69101888075 0.0192 0.0211 11.1687 "" "" 5332518218071907712 2283.64014 0.4072 0.0253 -5.516 0.273 0.026 0.031 0.968 8045.3 4.2235 15.299237 0.80928 15.618442 14.809161 "" "" 2157.58618 2446.76172 14297.22548 4.1579 7727.5 10.665 9451.3 10.542 "" "" 0.0027733533750759396 0.003167087 0.003968668 0.0071357554 178.45330808269 -64.69101888075 2283.64014 -5.515999999999997 0.273 0.07960728073120116 -0.010499985933303813 0.103642195 0.10864219 "" "" 0.8691685511021012 "" 0.0901586085701028 "" 0.94
178.21842172684 -64.74101079438 0.0206 0.0214 10.4785 "" "" 5332513682585918336 2376.09106 0.3836 0.0261 -5.698 0.377 0.029 0.029 0.988 7679.5 4.1912 15.398773 0.869559 15.742831 14.873272 "" "" 2220.48462 2512.9917 13044.79654 3.9978 6891.0 12.907 8909.4 11.602 "" "" 0.0027753390550227775 0.003452624 0.004035189 0.007487813 178.21842172684 -64.74101079438 2376.09106 -5.698 0.37699999999999967 -0.10239271926879923 0.09350001406669617 0.106642194 0.106642194 "" "" 1.56167904169088 "" 0.1665408794738348 "" 0.82
177.85180936202 -64.62287814269 0.0233 0.0218 7.565 "" "" 5332527667000499712 2232.95947 0.4164 0.0277 -5.585 0.234 0.028 0.027 1.001 7124.2 4.2875 15.44214 0.995777 15.853129 14.857352 "" "" 2119.10742 2374.11938 12534.03916 5.0695 6225.4 20.838 9041.0 13.333 "" "" 0.0027900948447364743 0.0045817806 0.0041045644 0.008686345 177.85180936202 -64.62287814269 2232.95947 -5.585 0.23399999999999996 0.010607280731201207 -0.04949998593330382 0.1056422 0.1046422 "" "" 0.5358131965446807 "" 0.05609230190472469 "" 0.82
178.35238553189 -64.6689293511 0.0219 0.025 8.3558 "" "" 5332515572371607040 2282.87769 0.4127 0.0279 -5.57 0.36 0.027 0.033 0.986 7257.4 3.9797 15.606561 0.898569 15.964419 15.06585 "" "" 2160.59253 2418.27856 10772.64756 3.0966 5618.9 9.9314 7461.4 8.9059 "" "" 0.0027729393718641865 0.0033864072 0.003995393 0.0073818 178.35238553189 -64.6689293511 2282.87769 -5.57 0.35999999999999993 0.025607280731200888 0.07650001406669615 0.1046422 0.110642195 "" "" 0.8729397230335383 "" 0.09606916936139533 "" 0.93
178.22251011413 -64.7386711356 0.0242 0.0245 10.3685 "" "" 5332513682585920512 2590.43286 0.3452 0.0301 -5.45 0.3 0.033 0.033 1.001 7372.5 4.3067 15.806529 0.989849 16.20616 15.216311 "" "" 2434.05811 2760.39062 8960.5558 3.3402 4497.3 7.6852 6495.8 9.4424 "" "" 0.002784886548000976 0.0033507315 0.004095678 0.0074464097 178.22251011413 -64.7386711356 2590.43286 -5.45 0.3 0.145607280731201 0.016500014066696156 0.110642195 0.110642195 "" "" 1.799303534376745 "" 0.1990788920611412 "" 0.86
177.66704172367 -64.60948341152 0.026 0.0263 11.8875 "" "" 5332530484499020288 2359.89795 0.394 0.0328 -5.511 0.374 0.032 0.034 0.98 7140.0 4.4683 15.881052 1.006211 16.282402 15.276191 "" "" 2172.65405 2597.70557 8366.15883 2.9924 4192.3 10.66 6147.3 18.048 "" "" 0.002782553020388676 0.0039251577 0.004944165 0.008869322 177.66704172367 -64.60948341152 2359.89795 -5.511000000000002 0.37400000000000017 0.08460728073120105 0.09050001406669617 0.10964219 0.1116422 "" "" 1.3858192135786067 "" 0.1534294759550829 "" 0.87
178.58063055977 -64.60690344614 0.0259 0.0294 12.0427 "" "" 5332519661181175296 2590.88232 0.3569 0.0336 -5.668 0.261 0.031 0.04 0.967 6354.8 4.3824 15.944084 0.961888 16.325008 15.36312 "" "" 2400.03101 2859.75635 7894.29013 2.5853 4031.0 9.5977 5674.3 12.424 "" "" 0.0027781680495049936 0.0038036602 0.004464864 0.008268524 178.58063055977 -64.60690344614 2590.88232 -5.668 0.261 -0.07239271926879898 -0.022499985933303823 0.10864219 0.117642194 "" "" 0.9309898234578741 "" 0.10191054585196077 "" 0.95
177.66599781142 -64.59325970594 0.0266 0.026 11.77 "" "" 5332530896816082560 2614.46411 0.3511 0.0321 -5.47 0.416 0.034 0.037 0.976 "" "" 15.948054 1.321998 16.529787 15.207789 "" "" 2381.74463 2884.95483 7865.47847 3.116 3338.1 9.6216 6547.0 9.3298 "" "" 0.0027886911864488497 0.0041926955 0.0040838267 0.008276522 177.66599781142 -64.59325970594 2614.46411 -5.469999999999994 0.4159999999999999 0.12560728073120142 0.13250001406669615 0.1116422 0.114642195 "" "" 2.2625652425001914 "" 0.25619515218892286 "" 0.85
178.09699534733 -64.59499519112 0.0278 0.0273 1.5312 "" "" 5332516946761012736 2083.375 0.4607 0.0338 -5.593 0.293 0.036 0.035 0.982 6157.9 4.3955 15.948567 0.954715 16.329416 15.374702 "" "" 1943.74194 2237.86841 7861.76336 2.9804 4014.7 13.412 5614.1 11.547 "" "" 0.0027858942395879746 0.0045761573 0.004389827 0.008965984 178.09699534733 -64.59499519112 2083.375 -5.593 0.293 0.0026072807312012003 0.00950001406669615 0.11364219 0.1126422 "" "" 0.09728356740905228 "" 0.010965077415536371 "" 0.9
177.93203133611 -64.60799677903 0.0277 0.0286 5.3168 "" "" 5332528457274524800 2496.79077 0.3699 0.0341 -5.602 0.241 0.034 0.033 0.975 6908.8 4.4284 15.971616 0.971536 16.37121 15.399674 "" "" 2302.98364 2702.34399 7696.62946 3.2077 3863.1 11.807 5486.4 13.253 "" "" 0.0027922293240301727 0.004335526 0.004600256 0.008935782 177.93203133611 -64.60799677903 2496.79077 -5.601999999999998 0.24099999999999996 -0.006392719268799141 -0.04249998593330384 0.1116422 0.110642195 "" "" 0.5086365179692731 "" 0.056287963844770514 "" 0.83
178.42873477712 -64.59890325126 0.0288 0.0316 8.1127 "" "" 5332519145784906496 2221.18481 0.4355 0.0364 -5.594 0.269 0.034 0.04 1.0 5607.2 4.1999 16.115644 1.022916 16.498009 15.475093 "" "" 2014.59265 2441.16138 6740.44609 3.8187 3437.3 23.171 5118.2 33.191 "" "" 0.002823144865048427 0.007832802 0.007991109 0.015823912 178.42873477712 -64.59890325126 2221.18481 -5.594 0.269 0.0016072807312008663 -0.014499985933303816 0.1116422 0.117642194 "" "" 0.1535969040838425 "" 0.018058572674202168 "" 0.91
