Clusters/Bochum_10/Bochum_10_members.tsv
# %ECSV 1.0
# ---
# datatype:
# - name: RA_ICRS_1
#   unit: deg
#   datatype: float64
#   format: '{:15.11f}'
#   description: Right ascension (ICRS) at Ep=2016.0 (ra)
#   meta: !!omap
#   - {ucd: POS_EQ_RA_MAIN}
#   - {width: 15}
#   - {precision: '11'}
# - name: DE_ICRS_1
#   unit: deg
#   datatype: float64
#   format: '{:15.11f}'
#   description: Declination (ICRS) at Ep=2016.0 (dec)
#   meta: !!omap
#   - {ucd: POS_EQ_DEC_MAIN}
#   - {width: 15}
#   - {precision: '11'}
# - name: e_RA_ICRS
#   unit: mas
#   datatype: float64
#   format: '{:7.4f}'
#   description: Standard error of right ascension (ra_error)
#   meta: !!omap
#   - {ucd: ERROR}
#   - {width: 7}
#   - {precision: '4'}
# - name: e_DE_ICRS
#   unit: mas
#   datatype: float64
#   format: '{:7.4f}'
#   description: Standard error of declination (dec_error)
#   meta: !!omap
#   - {ucd: ERROR}
#   - {width: 7}
#   - {precision: '4'}
# - name: _r_1
#   unit: ''
#   datatype: float64
#   format: '{:7.4f}'
#   description: Distance from center (160.50401367000-59.13240423000)[ICRS], at Epoch=J2016.0
#   meta: !!omap
#   - {ucd: POS_ANG_DIST_GENERAL}
#   - {width: 7}
#   - {precision: '4'}
# - name: HIP
#   datatype: int32
#   description: '? HIP cross-id number, van Leeuwen, Cat. I/311 (hip_original_ext_source_id)'
#   meta: !!omap
#   - {ucd: ID_NUMBER}
#   - {width: 6}
#   - values: {'null': -2147483648}
# - name: TYC2
#   datatype: string
#   description: Tycho-2 cross-id name, Hog et al., Cat. I/259 (tyc2_original_ext_source_id)
#   meta: !!omap
#   - {ucd: ID_CROSSID}
#   - {_votable_string_dtype: char}
# - name: Source
#   datatype: int64
#   description: Source identifier, identical to the Gaia-EDR3 source_id (id)
#   meta: !!omap
#   - {ucd: ID_MAIN}
#   - {width: 19}
# - name: rgeo
#   unit: pc
#   datatype: float64
#   format: '{:15.8f}'
#   description: '? Median of the geometric distance posterior (r_med_geo)'
#   meta: !!omap
#   - {ucd: PHYS_DISTANCE_TRUE}
#   - {width: 15}
#   - {precision: '8'}
#   - values: {'null': .nan}
# - name: Plx
#   unit: mas
#   datatype: float64
#   format: '{:9.4f}'
#   description: '? Parallax (parallax)'
#   meta: !!omap
#   - {ucd: POS_PARLX_TRIG}
#   - {width: 9}
#   - {precision: '4'}
#   - values: {'null': .nan}
# - name: e_Plx
#   unit: mas
#   datatype: float32
#   format: '{:7.4f}'
#   description: '? Standard error of parallax (parallax_error)'
#   meta: !!omap
#   - {ucd: ERROR}
#   - {width: 7}
#   - {precision: '4'}
#   - values: {'null': .nan}
# - name: pmRA
#   unit: mas / yr
#   datatype: float64
#   format: '{:9.3f}'
#   description: '? Proper motion in right ascension direction, pmRA*cosDE (pmra)'
#   meta: !!omap
#   - {ucd: POS_EQ_PMRA}
#   - {width: 9}
#   - {precision: '3'}
#   - values: {'null': .nan}
# - name: pmDE
#   unit: mas / yr
#   datatype: float64
#   format: '{:9.3f}'
#   description: '? Proper motion in declination direction (pmdec)'
#   meta: !!omap
#   - {ucd: POS_EQ_PMDEC}
#   - {width: 9}
#   - {precision: '3'}
#   - values: {'null': .nan}
# - name: e_pmRA
#   unit: mas / yr
#   datatype: float32
#   format: '{:6.3f}'
#   description: '? Standard error of proper motion in right ascension direction (pmra_error)'
#   meta: !!omap
#   - {ucd: ERROR}
#   - {width: 6}
#   - {precision: '3'}
#   - values: {'null': .nan}
# - name: e_pmDE
[...]
#         unit: &id001 !astropy.units.Unit {unit: deg}
#         value: !astropy.table.SerializedColumn {name: SkyCoord.dec}
#       distance: !astropy.table.SerializedColumn
#         __class__: astropy.coordinates.distances.Distance
#         unit: !astropy.units.Unit {unit: pc}
#         value: !astropy.table.SerializedColumn {name: SkyCoord.distance}
#       frame: icrs
#       obstime: !astropy.time.Time {format: jyear_str, in_subfmt: '*', jd1: 367701545.0, jd2: 0.0, out_subfmt: '*', precision: 3, scale: tt}
#       pm_dec: !astropy.table.SerializedColumn
#         __class__: astropy.units.quantity.Quantity
#         unit: !astropy.units.Unit {unit: mas / yr}
#         value: !astropy.table.SerializedColumn {name: SkyCoord.pm_dec}
#       pm_ra_cosdec: !astropy.table.SerializedColumn
#         __class__: astropy.units.quantity.Quantity
#         unit: !astropy.units.Unit {unit: mas / yr}
#         value: !astropy.table.SerializedColumn {name: SkyCoord.pm_ra_cosdec}
#       ra: !astropy.table.SerializedColumn
#         __class__: astropy.coordinates.angles.Longitude
#         unit: *id001
#         value: !astropy.table.SerializedColumn {name: SkyCoord.ra}
#         wrap_angle: !astropy.coordinates.Angle
#           unit: *id001
#           value: 360.0
#       representation_type: spherical
# schema: astropy-2.0
RA_ICRS_1 DE_ICRS_1 e_RA_ICRS e_DE_ICRS _r_1 HIP TYC2 Source rgeo Plx e_Plx pmRA pmDE e_pmRA e_pmDE RUWE Teff logg Gmag BP-RP BPmag RPmag RV e_RV b_rgeo B_rgeo FG e_FG FBP e_FBP FRP e_FRP RAVE5 RAVE6 e_Gmag e_BPmag e_RPmag e_BP-RP SkyCoord.ra SkyCoord.dec SkyCoord.distance SkyCoord.pm_ra_cosdec SkyCoord.pm_dec Pmemb
[from data line 40]
160.40482402825 -59.29562277982 0.0111 0.0121 10.2559 "" "" 5350569690720039040 2226.78516 0.4127 0.0137 -7.126 2.981 0.015 0.016 1.015 7999.5 3.8612 13.577678 0.501977 13.766528 13.264551 "" "" 2173.06543 2310.56543 69803.23218 31.651 42541.0 23.83 39205.0 27.508 "" "" 0.0027989561996262222 0.0028556867 0.0038553947 0.0067110816 160.40482402825 -59.29562277982 2226.78516 -7.126 2.981 0.99
160.52374702987 -59.24059980441 0.0107 0.0112 6.52 "" "" 5350405932218727680 2311.92505 0.3966 0.0125 -7.231 3.239 0.015 0.014 0.966 "" "" 13.592033 0.478127 13.763308 13.285181 "" "" 2249.35889 2378.54321 68886.36653 25.241 42667.0 29.114 38467.0 20.223 "" "" 0.0027838926237292796 0.0028868522 0.0038222424 0.0067090946 160.52374702987 -59.24059980441 2311.92505 -7.231000000000001 3.2390000000000003 0.98
160.27609441488 -59.1821876189 0.0108 0.012 7.6208 "" "" 5350597453389810304 2322.19287 0.3977 0.0133 -7.24 3.219 0.014 0.015 0.968 9988.5 4.1788 13.660919 0.525726 13.852826 13.3271 "" "" 2241.31812 2400.80713 64651.59053 21.73 39290.0 23.33 37010.0 17.376 "" "" 0.0027793812959817105 0.002863684 0.0038136032 0.006677287 160.27609441488 -59.1821876189 2322.19287 -7.239999999999999 3.219 0.97
160.829900965 -59.127499539 0.0115 0.0112 10.0369 "" "" 5350413285202882560 1988.54163 0.4674 0.0141 -7.178 2.984 0.016 0.015 0.994 "" "" 13.701036 0.388801 13.841845 13.453044 "" "" 1938.51819 2043.42834 62306.31031 17.153 39690.0 28.797 32956.0 28.116 "" "" 0.002771485750517124 0.0028992419 0.003891237 0.0067904787 160.829900965 -59.127499539 1988.54163 -7.178 2.984 0.99
160.36291968012 -59.13839573521 0.0125 0.0131 4.3578 "" "" 5350595112609588224 2408.35205 0.3818 0.0157 -7.618 2.902 0.017 0.016 0.978 10665.4 3.8833 13.718134 0.264624 13.812677 13.548054 "" "" 2299.45142 2519.98242 61332.84296 29.633 40770.0 28.699 30195.0 14.886 "" "" 0.0028048114636805522 0.0028929512 0.0038170975 0.0067100488 160.36291968012 -59.13839573521 2408.35205 -7.618 2.9020000000000006 0.98
160.21273791786 -59.08724121488 0.0277 0.0288 9.3726 "" "" 5350598346742494336 2302.2998 0.3988 0.0332 -6.899 2.917 0.036 0.033 2.235 11081.7 3.5899 13.719431 0.42158 13.850011 13.428431 "" "" 2148.99194 2513.74487 61259.64252 47.272 39392.0 27.066 33712.0 23.699 "" "" 0.002879885725927549 0.0028881773 0.0038556822 0.0067438595 160.21273791786 -59.08724121488 2302.2998 -6.899000000000001 2.9170000000000003 0.98
160.71985326494 -59.13481426357 0.0113 0.0115 6.6456 "" "" 5350413079044391808 2357.35889 0.3897 0.0138 -7.345 2.991 0.016 0.016 0.923 "" "" 13.762531 0.443992 13.920659 13.476667 "" "" 2288.08594 2423.80347 58875.43841 25.006 36911.0 29.374 32247.0 18.644 "" "" 0.0027936429743511734 0.0029208914 0.0038311584 0.0067520496 160.71985326494 -59.13481426357 2357.35889 -7.344999999999999 2.9910000000000005 0.99
160.42298599689 -59.10182731149 0.0121 0.012 3.0972 "" "" 5350596560036697216 2094.15088 0.4418 0.015 -7.336 2.916 0.017 0.015 0.953 7735.2 3.9507 13.800588 0.56198 14.012155 13.450174 "" "" 2032.44336 2173.78052 56847.53713 25.783 33928.0 24.546 33044.0 45.812 "" "" 0.002798978116889824 0.0028986307 0.004068111 0.0069667418 160.42298599689 -59.10182731149 2094.15088 -7.336 2.9159999999999995 0.99
160.23564519367 -59.06753249903 0.0125 0.0125 9.1394 "" "" 5350598484181476352 2294.47168 0.3983 0.0149 -7.622 3.088 0.016 0.014 0.922 7193.9 3.4696 13.807259 0.592113 14.027552 13.435438 "" "" 2232.06494 2382.40405 56499.35466 16.342 33450.0 23.495 33495.0 22.577 "" "" 0.002773159027469958 0.002892512 0.0038495848 0.0067420965 160.23564519367 -59.06753249903 2294.47168 -7.622 3.088 0.99
160.37813477489 -59.13655051605 0.0179 0.0184 3.8827 "" "" 5350595116927659904 2527.23291 0.3632 0.0215 -7.593 3.077 0.023 0.023 1.48 7995.7 3.7453 13.814823 0.479038 13.988752 13.509714 "" "" 2403.40894 2640.37817 56107.07874 21.928 34667.0 27.213 31280.0 26.826 "" "" 0.0027878032460998785 0.0029174367 0.0038923954 0.006809832 160.37813477489 -59.13655051605 2527.23291 -7.593 3.077 0.98
160.43003232088 -59.03069281825 0.0121 0.0121 6.515 "" "" 5350603191466244864 2348.74609 0.3894 0.015 -7.504 2.85 0.016 0.015 0.919 "" "" 13.834147 0.291735 13.940852 13.649117 "" "" 2273.66748 2435.16919 55117.27707 21.264 36231.0 20.577 27511.0 18.096 "" "" 0.002786977448392102 0.002857496 0.003846266 0.0067037623 160.43003232088 -59.03069281825 2348.74609 -7.5040000000000004 2.8500000000000014 0.99
160.79002947845 -59.12697637366 0.0115 0.0112 8.8112 "" "" 5350413525721028480 2444.01758 0.3713 0.0139 -7.644 2.772 0.016 0.015 1.001 9517.1 4.1561 13.847896 0.482676 14.027404 13.544728 "" "" 2362.28223 2532.71875 54423.74686 15.259 33455.0 20.303 30288.0 17.647 "" "" 0.0027720851600781583 0.0028669157 0.003831958 0.006698874 160.79002947845 -59.12697637366 2444.01758 -7.643999999999999 2.7719999999999994 0.98
160.72293813062 -59.21947557317 0.0115 0.0119 8.5203 "" "" 5350406924323259776 2243.46484 0.4082 0.0142 -7.633 2.847 0.017 0.016 0.908 "" "" 13.88133 0.504365 14.071192 13.566827 "" "" 2186.51172 2321.70996 52773.3639 23.678 32132.0 33.828 29678.0 19.209 "" "" 0.0027980521036367655 0.0030152276 0.0038441606 0.006859388 160.72293813062 -59.21947557317 2243.46484 -7.633 2.8470000000000004 0.97
160.56664389499 -58.92591833916 0.0115 0.012 12.5392 "" "" 5350605287410375808 2159.9751 0.4254 0.0141 -7.314 2.736 0.016 0.015 0.975 7981.9 3.8364 13.883995 0.539102 14.08549 13.546389 "" "" 2104.73608 2228.46411 52643.9887 14.061 31712.0 25.819 30241.0 17.174 "" "" 0.002770539111814897 0.0029268516 0.0038293493 0.006756201 160.56664389499 -58.92591833916 2159.9751 -7.314000000000001 2.7360000000000007 0.99
160.57690055246 -59.14271968324 0.0121 0.0123 2.3272 "" "" 5350595804122469376 2349.50391 0.3878 0.0143 -7.59 2.862 0.016 0.016 0.93 10469.7 4.0108 13.885366 0.389841 14.02424 13.634399 "" "" 2279.98804 2410.77588 52577.56991 17.532 33552.0 24.066 27887.0 24.643 "" "" 0.002779003701294895 0.0028968144 0.003899262 0.0067960764 160.57690055246 -59.14271968324 2349.50391 -7.589999999999999 2.8619999999999997 0.99
160.68215966277 -59.14121009537 0.012 0.0122 5.5086 "" "" 5350413800598879488 2423.79736 0.3779 0.0146 -7.456 2.854 0.016 0.016 0.955 10314.9 3.9478 13.889818 0.387723 14.029708 13.641985 "" "" 2340.59814 2519.66895 52362.36923 18.866 33384.0 26.436 27693.0 18.69 "" "" 0.0027829511250959046 0.002919632 0.0038497623 0.0067693945 160.68215966277 -59.14121009537 2423.79736 -7.456000000000002 2.8540000000000005 0.99
160.38773339584 -59.04883213366 0.013 0.012 6.1634 "" "" 5350597247231487104 2463.55859 0.3688 0.0156 -7.084 3.081 0.017 0.015 0.932 9418.3 4.0869 13.890193 0.32193 14.009724 13.687794 "" "" 2353.56909 2557.62036 52344.31415 21.898 34004.0 28.089 26549.0 22.975 "" "" 0.0027925075776018982 0.0029307725 0.003894423 0.0068251956 160.38773339584 -59.04883213366 2463.55859 -7.083999999999999 3.0809999999999995 0.99
160.51314904752 -59.23805505878 0.0131 0.0129 6.3453 "" "" 5350593570739718016 2424.40308 0.3747 0.0145 -7.591 2.863 0.018 0.017 0.952 10909.2 3.8931 13.96882 0.465749 14.133794 13.668045 "" "" 2344.66431 2522.83838 48687.65891 20.138 30332.0 23.67 27036.0 20.481 "" "" 0.0027916769930963043 0.0029159756 0.003867845 0.0067838207 160.51314904752 -59.23805505878 2424.40308 -7.591 2.8629999999999995 0.98
160.30052948605 -59.10758821936 0.013 0.0132 6.4407 "" "" 5350598140584632704 2267.31934 0.399 0.0154 -7.354 2.93 0.017 0.015 0.912 7917.5 3.7828 13.978932 0.402077 14.122416 13.720339 "" "" 2190.0896 2344.33521 48236.2873 17.661 30651.0 22.105 25765.0 23.834 "" "" 0.002783849215378779 0.002897958 0.003910559 0.0068085175 160.30052948605 -59.10758821936 2267.31934 -7.354 2.93 0.99
160.97400037913 -59.13538846231 0.0118 0.0117 14.4682 "" "" 5350411635935155712 2375.39722 0.3845 0.0146 -7.524 2.809 0.016 0.015 0.973 "" "" 13.98081 0.417729 14.130229 13.7125 "" "" 2301.82788 2455.01831 48152.90985 16.26 30432.0 18.746 25951.0 17.81 "" "" 0.0027796049066686735 0.0028692079 0.003852136 0.006721344 160.97400037913 -59.13538846231 2375.39722 -7.524000000000001 2.8090000000000006 0.99
160.38108656845 -59.13229269789 0.0132 0.0139 3.7841 "" "" 5350596590078351360 2185.2854 0.4211 0.0158 -7.599 2.686 0.018 0.018 1.007 9417.4 4.016 14.010763 0.377604 14.149775 13.772171 "" "" 2107.88452 2261.82202 46842.65468 20.805 29889.0 22.393 24563.0 18.334 "" "" 0.0027972006047072007 0.0029063262 0.0038652914 0.0067716176 160.38108656845 -59.13229269789 2185.2854 -7.598999999999998 2.685999999999999 0.93
160.17319439013 -59.22937992386 0.0121 0.0121 11.7162 "" "" 5350573676449309056 2286.19702 0.4013 0.0139 -7.656 3.314 0.016 0.015 0.96 10089.4 4.054 14.07532 0.420779 14.229376 13.808597 "" "" 2216.00146 2365.55176 44138.61138 14.827 27776.0 20.128 23753.0 16.019 "" "" 0.0027793541822540525 0.0028989785 0.0038496586 0.006748637 160.17319439013 -59.22937992386 2286.19702 -7.656 3.3140000000000005 0.84
160.83986285712 -59.20697147582 0.0122 0.0119 11.2548 "" "" 5350409746149825792 2453.70605 0.3709 0.0148 -7.618 2.859 0.017 0.016 1.006 10017.8 3.9267 14.096556 0.452325 14.261055 13.80873 "" "" 2386.0105 2530.24292 43283.69945 18.897 26977.0 19.765 23750.0 25.878 "" "" 0.0027957969031071933 0.00290135 0.0039602094 0.006861559 160.83986285712 -59.20697147582 2453.70605 -7.617999999999999 2.858999999999999 0.98
160.27221634886 -59.27768746722 0.0128 0.0135 11.2555 "" "" 5350570377914423808 2439.9314 0.3787 0.0155 -7.261 3.02 0.018 0.017 1.034 "" "" 14.250079 0.707798 14.515904 13.808106 "" "" 2333.64087 2523.36548 37576.3974 9.5381 21333.0 19.437 23764.0 16.064 "" "" 0.0027690687807904765 0.0029603452 0.0038499858 0.006810331 160.27221634886 -59.27768746722 2439.9314 -7.261000000000001 3.0200000000000005 0.99
160.74061487668 -59.11844406966 0.0129 0.0129 7.3329 "" "" 5350413216483357952 2449.16553 0.3751 0.0155 -7.583 2.815 0.017 0.017 0.942 9780.3 4.0698 14.256106 0.465977 14.427085 13.961108 "" "" 2354.84302 2550.44238 37368.38993 13.474 23152.0 17.692 20640.0 19.121 "" "" 0.002782993144214987 0.0029109146 0.0039109364 0.0068218512 160.74061487668 -59.11844406966 2449.16553 -7.583000000000001 2.8150000000000004 0.99
160.45419674919 -59.0184398401 0.0143 0.0149 7.0083 "" "" 5350603019667564672 2326.46069 0.3888 0.018 -7.397 2.961 0.019 0.018 0.92 9858.7 4.1757 14.288403 0.592585 14.504713 13.912128 "" "" 2230.06055 2422.0481 36273.14712 10.669 21554.0 21.45 21593.0 15.372 "" "" 0.002773764926672949 0.0029920766 0.0038576096 0.006849686 160.45419674919 -59.0184398401 2326.46069 -7.397000000000001 2.961 0.99
160.29533232623 -59.06442660594 0.0156 0.0155 7.6147 "" "" 5350599721132085248 2213.60352 0.4171 0.0183 -7.331 3.067 0.019 0.017 1.012 "" "" 14.324893 0.667398 14.535338 13.86794 "" "" 2138.46777 2308.65112 35074.34461 10.397 20955.0 33.621 22490.0 211.69 "" "" 0.0027740532989604574 0.0032893158 0.010896081 0.014185397 160.29533232623 -59.06442660594 2213.60352 -7.331000000000001 3.067 0.99
160.35905495531 -58.94044971569 0.0148 0.0137 12.356 "" "" 5350607039756519168 2204.74194 0.4188 0.0169 -7.478 2.962 0.019 0.016 0.935 9753.4 4.1044 14.334094 0.439423 14.489583 14.05016 "" "" 2130.28857 2293.09229 34778.35944 10.984 21857.0 16.953 19015.0 24.241 "" "" 0.002776575999439323 0.0029144872 0.0040248674 0.0069393544 160.35905495531 -58.94044971569 2204.74194 -7.478 2.9619999999999997 0.99
160.27326678012 -59.1333271522 0.0164 0.0163 7.1033 "" "" 5350598037505392896 2288.80078 0.3956 0.0188 -7.363 2.782 0.021 0.018 0.959 9664.8 3.8875 14.394842 0.490287 14.575258 14.084971 "" "" 2183.97559 2398.38892 32885.91701 12.463 20198.0 20.302 18415.0 17.417 "" "" 0.0027858743721173663 0.0029960044 0.0039164065 0.006912411 160.27326678012 -59.1333271522 2288.80078 -7.363 2.7820000000000005 0.97
160.92486052932 -59.02880509041 0.0141 0.0142 14.3868 "" "" 5350412666727641344 2594.09399 0.3525 0.0172 -6.918 2.759 0.02 0.019 0.986 "" "" 14.455121 0.881161 14.799627 13.918467 "" "" 2476.63501 2741.45435 31109.87625 6.7594 16427.0 14.617 21467.0 15.707 "" "" 0.0027654004787917774 0.002952695 0.0038619707 0.0068146656 160.92486052932 -59.02880509041 2594.09399 -6.917999999999999 2.759 0.94
160.52753278808 -59.25082418993 0.0147 0.0149 7.1419 "" "" 5350405897858989696 2512.91699 0.3603 0.017 -7.441 3.026 0.02 0.02 0.942 10394.6 3.8278 14.474827 0.585364 14.686734 14.10137 "" "" 2390.59912 2654.02856 30550.3382 8.7844 18227.0 14.55 18139.0 16.743 "" "" 0.0027729501656139797 0.0029216823 0.003909998 0.0068316804 160.52753278808 -59.25082418993 2512.91699 -7.441 3.026 0.99
160.61971666829 -59.29594671194 0.0155 0.0168 10.4361 "" "" 5350404798347387904 2336.88794 0.393 0.0189 -7.327 3.036 0.021 0.023 1.019 9983.7 4.0657 14.540949 0.788793 14.848343 14.05955 "" "" 2244.77051 2437.79102 28745.33183 7.4443 15707.0 15.533 18851.0 16.565 "" "" 0.0027696299937750323 0.0029896318 0.0038979459 0.0068875775 160.61971666829 -59.29594671194 2336.88794 -7.326999999999998 3.036 0.98
160.56052584258 -59.20595160385 0.0149 0.0157 4.7427 "" "" 5350407547126442496 2564.78296 0.3489 0.0175 -7.612 2.829 0.021 0.021 0.909 9863.9 3.8622 14.573072 0.557488 14.776525 14.219036 "" "" 2466.41479 2687.5354 27907.30099 10.754 16781.0 17.852 16276.0 14.191 "" "" 0.00278690432529757 0.003019792 0.0038961358 0.006915928 160.56052584258 -59.20595160385 2564.78296 -7.612 2.8289999999999997 0.98
160.47018851515 -59.3308389094 0.0146 0.0157 11.9513 "" "" 5350381742961140224 1996.72986 0.466 0.0175 -6.937 2.918 0.021 0.021 0.971 7828.1 4.0478 14.599893 0.736361 14.881585 14.145225 "" "" 1935.22754 2061.92578 27226.37623 9.3976 15233.0 18.345 17421.0 25.575 "" "" 0.0027806893534419613 0.0030813506 0.004101745 0.0071830954 160.47018851515 -59.3308389094 1996.72986 -6.937 2.9180000000000006 0.98
160.25770040839 -59.16926691779 0.015 0.0157 7.8944 "" "" 5350597522109289216 2308.29175 0.3993 0.0178 -7.458 2.909 0.021 0.019 0.978 7222.8 3.6475 14.617103 0.763629 14.915334 14.151705 7.7 8.03 2221.6748 2410.10718 26798.19591 9.1908 14767.0 18.489 17317.0 20.383 "" "" 0.002780368165768738 0.0031037077 0.0039896024 0.0070933104 160.25770040839 -59.16926691779 2308.29175 -7.458 2.9090000000000003 0.99
160.36272754915 -59.29600987887 0.015 0.0164 10.7325 "" "" 5350569725079716992 2352.98779 0.3903 0.0186 -7.229 3.267 0.02 0.02 0.967 9436.8 4.282 14.629377 0.489121 14.809804 14.320683 "" "" 2249.63403 2485.77832 26496.95239 10.593 16274.0 19.285 14821.0 20.216 "" "" 0.002789300163810909 0.0030725289 0.0040591815 0.0071317106 160.36272754915 -59.29600987887 2352.98779 -7.229 3.2670000000000003 0.93
160.58195949441 -59.01381434652 0.0164 0.017 7.5104 "" "" 5350602671756467584 2451.56592 0.3742 0.0202 -7.086 3.033 0.022 0.022 1.107 7974.8 4.0916 14.648644 0.561479 14.847796 14.286318 "" "" 2361.39526 2561.81641 26030.88667 9.7127 15714.0 18.716 15298.0 22.715 "" "" 0.0027849425994801824 0.003075272 0.0041088583 0.00718413 160.58195949441 -59.01381434652 2451.56592 -7.086 3.0329999999999995 0.99
160.14185080959 -59.15497110687 0.0157 0.0161 11.2268 "" "" 5350575050838601472 2372.35913 0.386 0.0185 -7.347 3.038 0.021 0.019 1.033 "" "" 14.652495 0.620908 14.86952 14.248612 "" "" 2258.75317 2496.07495 25938.73209 9.1762 15403.0 25.032 15838.0 32.081 "" "" 0.002781963012992651 0.0033012733 0.0043726843 0.0076739574 160.14185080959 -59.15497110687 2372.35913 -7.347 3.0380000000000003 0.99
