Clusters/Bochum_10/Bochum_10_stars_in_region.tsv
# %ECSV 1.0
# ---
# datatype:
# - name: RA_ICRS_1
#   unit: deg
#   datatype: float64
#   format: '{:15.11f}'
#   description: Right ascension (ICRS) at Ep=2016.0 (ra)
#   meta: !!omap
#   - {ucd: POS_EQ_RA_MAIN}
#   - {width: 15}
#   - {precision: '11'}
# - name: DE_ICRS_1
#   unit: deg
#   datatype: float64
#   format: '{:15.11f}'
#   description: Declination (ICRS) at Ep=2016.0 (dec)
#   meta: !!omap
#   - {ucd: POS_EQ_DEC_MAIN}
#   - {width: 15}
#   - {precision: '11'}
# - name: e_RA_ICRS
#   unit: mas
#   datatype: float64
#   format: '{:7.4f}'
#   description: Standard error of right ascension (ra_error)
#   meta: !!omap
#   - {ucd: ERROR}
#   - {width: 7}
#   - {precision: '4'}
# - name: e_DE_ICRS
#   unit: mas
#   datatype: float64
#   format: '{:7.4f}'
#   description: Standard error of declination (dec_error)
#   meta: !!omap
#   - {ucd: ERROR}
#   - {width: 7}
#   - {precision: '4'}
# - name: _r_1
#   unit: ''
#   datatype: float64
#   format: '{:7.4f}'
#   description: Distance from center (160.50401367000-59.13240423000)[ICRS], at Epoch=J2016.0
#   meta: !!omap
#   - {ucd: POS_ANG_DIST_GENERAL}
#   - {width: 7}
#   - {precision: '4'}
# - name: HIP
#   datatype: int32
#   description: '? HIP cross-id number, van Leeuwen, Cat. I/311 (hip_original_ext_source_id)'
#   meta: !!omap
#   - {ucd: ID_NUMBER}
#   - {width: 6}
#   - values: {'null': -2147483648}
# - name: TYC2
#   datatype: string
#   description: Tycho-2 cross-id name, Hog et al., Cat. I/259 (tyc2_original_ext_source_id)
#   meta: !!omap
#   - {ucd: ID_CROSSID}
#   - {_votable_string_dtype: char}
# - name: Source
#   datatype: int64
#   description: Source identifier, identical to the Gaia-EDR3 source_id (id)
#   meta: !!omap
#   - {ucd: ID_MAIN}
#   - {width: 19}
# - name: rgeo
#   unit: pc
#   datatype: float64
#   format: '{:15.8f}'
#   description: '? Median of the geometric distance posterior (r_med_geo)'
#   meta: !!omap
#   - {ucd: PHYS_DISTANCE_TRUE}
#   - {width: 15}
#   - {precision: '8'}
#   - values: {'null': .nan}
# - name: Plx
#   unit: mas
#   datatype: float64
#   format: '{:9.4f}'
#   description: '? Parallax (parallax)'
#   meta: !!omap
#   - {ucd: POS_PARLX_TRIG}
#   - {width: 9}
#   - {precision: '4'}
#   - values: {'null': .nan}
# - name: e_Plx
#   unit: mas
#   datatype: float32
#   format: '{:7.4f}'
#   description: '? Standard error of parallax (parallax_error)'
#   meta: !!omap
#   - {ucd: ERROR}
#   - {width: 7}
#   - {precision: '4'}
#   - values: {'null': .nan}
# - name: pmRA
#   unit: mas / yr
#   datatype: float64
#   format: '{:9.3f}'
#   description: '? Proper motion in right ascension direction, pmRA*cosDE (pmra)'
#   meta: !!omap
#   - {ucd: POS_EQ_PMRA}
#   - {width: 9}
#   - {precision: '3'}
#   - values: {'null': .nan}
# - name: pmDE
#   unit: mas / yr
#   datatype: float64
#   format: '{:9.3f}'
#   description: '? Proper motion in declination direction (pmdec)'
#   meta: !!omap
#   - {ucd: POS_EQ_PMDEC}
#   - {width: 9}
#   - {precision: '3'}
#   - values: {'null': .nan}
# - name: e_pmRA
#   unit: mas / yr
#   datatype: float32
#   format: '{:6.3f}'
#   description: '? Standard error of proper motion in right ascension direction (pmra_error)'
#   meta: !!omap
#   - {ucd: ERROR}
#   - {width: 6}
#   - {precision: '3'}
#   - values: {'null': .nan}
# - name: e_pmDE
[...]
#         value: !astropy.table.SerializedColumn {name: SkyCoord.dec}
#       distance: !astropy.table.SerializedColumn
#         __class__: astropy.coordinates.distances.Distance
#         unit: !astropy.units.Unit {unit: pc}
#         value: !astropy.table.SerializedColumn {name: SkyCoord.distance}
#       frame: icrs
#       obstime: !astropy.time.Time {format: jyear_str, in_subfmt: '*', jd1: 367701545.0, jd2: 0.0, out_subfmt: '*', precision: 3, scale: tt}
#       pm_dec: !astropy.table.SerializedColumn
#         __class__: astropy.units.quantity.Quantity
#         unit: !astropy.units.Unit {unit: mas / yr}
#         value: !astropy.table.SerializedColumn {name: SkyCoord.pm_dec}
#       pm_ra_cosdec: !astropy.table.SerializedColumn
#         __class__: astropy.units.quantity.Quantity
#         unit: !astropy.units.Unit {unit: mas / yr}
#         value: !astropy.table.SerializedColumn {name: SkyCoord.pm_ra_cosdec}
#       ra: !astropy.table.SerializedColumn
#         __class__: astropy.coordinates.angles.Longitude
#         unit: *id001
#         value: !astropy.table.SerializedColumn {name: SkyCoord.ra}
#         wrap_angle: !astropy.coordinates.Angle
#           unit: *id001
#           value: 360.0
#       representation_type: spherical
# schema: astropy-2.0
RA_ICRS_1 DE_ICRS_1 e_RA_ICRS e_DE_ICRS _r_1 HIP TYC2 Source rgeo Plx e_Plx pmRA pmDE e_pmRA e_pmDE RUWE Teff logg Gmag BP-RP BPmag RPmag RV e_RV b_rgeo B_rgeo FG e_FG FBP e_FBP FRP e_FRP RAVE5 RAVE6 e_Gmag e_BPmag e_RPmag e_BP-RP SkyCoord.ra SkyCoord.dec SkyCoord.distance SkyCoord.pm_ra_cosdec SkyCoord.pm_dec rmRA rmDE e_rmRA e_rmDE rRV e_rRV v_pec v_pec3d e_vpec e_vpec3d
[from data line 1455]
161.02319256105 -59.23758976204 0.0266 0.0255 17.1602 "" "" 5350408921515731328 2442.19067 0.3653 0.033 -7.585 2.871 0.037 0.031 0.916 6361.2 4.2638 15.871089 1.011618 16.282938 15.27132 "" "" 2291.81274 2652.04004 8443.28084 3.3072 4190.3 14.179 6174.9 10.474 "" "" 0.002787947505020039 0.0046132887 0.004204212 0.008817501 161.02319256105 -59.23758976204 2442.19067 -7.584999999999998 2.871000000000002 -0.1998719787597656 -0.10962825202941895 0.24701251 0.24101251 "" "" 2.63889680621369 "" 0.6482131494030829 ""
160.66891606837 -58.7699133097 0.0273 0.0279 22.3401 "" "" 5350701872636172288 2554.83643 0.3562 0.033 -8.243 3.417 0.035 0.036 0.987 6378.9 4.3821 15.871882 0.913838 16.239603 15.325765 "" "" 2307.80908 2815.21753 8437.11563 3.4368 4360.9 9.2806 5872.9 9.3253 "" "" 0.00279058945699343 0.0036226932 0.004154018 0.007776711 160.66891606837 -58.7699133097 2554.83643 -8.243 3.417 -0.857871978759766 0.43637174797058087 0.2450125 0.24601251 "" "" 11.65554070129861 "" 2.8581530042406476 ""
159.85282201141 -59.18018431996 0.0347 0.0359 20.2359 "" "" 5350585908515793920 2575.03589 0.3542 0.0418 -9.376 3.852 0.045 0.046 1.252 8316.1 3.8005 15.872042 2.795392 17.443542 14.64815 "" "" 2319.96289 2881.82251 8435.87666 4.5717 1438.8 10.795 10962.0 17.656 "" "" 0.0028174461178890665 0.008610633 0.0041643535 0.012774987 159.85282201141 -59.18018431996 2575.03589 -9.376000000000001 3.8520000000000003 -1.990871978759765 0.8713717479705809 0.2550125 0.2560125 "" "" 26.525535621949672 "" 6.768614913783918 ""
160.0434213798 -59.25529975502 0.0272 0.0268 15.9587 "" "" 5350572783096065536 2780.00366 0.3147 0.0312 -6.01 4.769 0.037 0.034 1.014 "" "" 15.872193 2.428217 17.18364 14.755423 "" "" 2581.08691 3030.44189 8434.69279 3.6952 1827.9 10.131 9930.9 11.787 "" "" 0.002796075465550068 0.006633001 0.003993041 0.010626042 160.0434213798 -59.25529975502 2780.00366 -6.010000000000001 4.769000000000001 1.3751280212402346 1.7883717479705812 0.24701251 0.2440125 "" "" 29.726968773090153 "" 7.287015928394352 ""
160.98760675385 -59.30998676099 0.0251 0.0239 18.2754 "" "" 5350402393165298560 2178.15234 0.4261 0.0298 -7.287 6.342 0.035 0.03 1.001 6131.6 4.1983 15.87296 1.107745 16.33481 15.227065 "" "" 2033.49426 2317.73486 8428.74201 2.9396 3994.8 10.134 6431.8 14.746 "" "" 0.002781217902125379 0.003920609 0.004525486 0.0084460955 160.98760675385 -59.30998676099 2178.15234 -7.287 6.341999999999999 0.09812802124023445 3.3613717479705807 0.2450125 0.24001251 "" "" 34.719072698333115 "" 8.33316119321876 ""
160.41037292437 -58.84200275984 0.026 0.026 17.6629 "" "" 5350609238779957248 2379.87476 0.3914 0.0311 -4.034 1.165 0.034 0.031 0.969 6289.4 4.2912 15.874894 1.148333 16.36906 15.220727 "" "" 2224.27808 2513.61694 8413.74007 3.0536 3870.7 11.284 6469.5 10.2 "" "" 0.0027833544448192275 0.0042194063 0.004148975 0.008368381 160.41037292437 -58.84200275984 2379.87476 -4.034 1.165 3.3511280212402346 -1.815628252029419 0.2440125 0.24101251 "" "" 42.99459972555214 "" 10.462089317695941 ""
159.77601643266 -59.17762627315 0.0271 0.0266 22.5591 "" "" 5350585839796296832 2247.48682 0.4142 0.0316 -9.354 3.781 0.037 0.031 1.139 5400.4 4.2763 15.874933 0.931007 16.031162 15.100155 "" "" 2113.66187 2400.39941 8413.43597 6.1269 5283.9 128.18 7229.3 165.96 "" "" 0.0028665202255581234 0.02648581 0.025209699 0.05169551 159.77601643266 -59.17762627315 2247.48682 -9.353999999999997 3.7809999999999997 -1.9688719787597648 0.8003717479705812 0.24701251 0.24101251 "" "" 22.641387150722473 "" 5.573641782290419 ""
160.38660252763 -59.04424780125 0.0288 0.0258 6.4089 "" "" 5350597247231489664 2001.04187 0.4705 0.0322 -6.837 3.344 0.038 0.032 0.986 5705.8 4.3743 15.876806 0.945468 16.192833 15.247365 "" "" 1866.57849 2129.74438 8398.93659 3.6054 4552.9 29.072 6312.7 50.426 "" "" 0.0027944611198987427 0.007473239 0.009460585 0.016933825 160.38660252763 -59.04424780125 2001.04187 -6.837 3.3440000000000003 0.5481280212402346 0.3633717479705809 0.24801251 0.24201252 "" "" 6.237624345645087 "" 1.5356793804784818 ""
160.55014902812 -58.87115010383 0.0255 0.0264 15.7399 "" "" 5350605871525653376 1956.82959 0.4741 0.0313 -5.556 1.48 0.034 0.033 0.928 5857.3 4.3818 15.878211 1.016775 16.284765 15.26799 "" "" 1861.03503 2095.05933 8388.07797 3.2202 4183.2 10.486 6193.9 11.657 "" "" 0.00278666919970271 0.0038977168 0.004296404 0.008194121 160.55014902812 -58.87115010383 1956.82959 -5.556 1.4799999999999986 1.8291280212402343 -1.500628252029419 0.2440125 0.24301252 "" "" 21.944822096835473 "" 5.345993655533503 ""
160.76550368955 -58.9124794773 0.0765 0.0792 15.4703 "" "" 5350510969933449984 2424.83203 0.4292 0.0941 -8.528 3.078 0.103 0.103 3.073 6306.6 4.4904 15.880339 1.004424 16.2595 15.255076 "" "" 1966.46167 2940.0376 8371.65263 10.768 4281.7 11.827 6268.0 10.052 "" "" 0.003089023533403531 0.0040962547 0.004161189 0.008257443 160.76550368955 -58.9124794773 2424.83203 -8.528 3.0779999999999976 -1.142871978759766 0.0973717479705809 0.3130125 0.3130125 "" "" 13.18342166466913 "" 4.126575912740478 ""
161.17640566199 -59.04021792439 0.0263 0.0242 21.4516 "" "" 5350505644174241664 2365.50586 0.391 0.0298 -6.385 1.954 0.036 0.03 0.979 8238.5 4.1957 15.881432 1.048866 16.320578 15.271711 "" "" 2223.02246 2533.3186 8363.23238 3.1456 4047.5 10.337 6172.7 12.276 "" "" 0.0027854183388985546 0.0039336933 0.004352718 0.008286411 161.17640566199 -59.04021792439 2365.50586 -6.384999999999996 1.953999999999999 1.0001280212402346 -1.026628252029419 0.24601251 0.24001251 "" "" 16.070375274182922 "" 3.904339177544625 ""
161.17712573518 -59.12936253052 0.0303 0.0306 20.7223 "" "" 5350399403868387968 2479.22119 0.3758 0.037 -5.178 3.18 0.043 0.036 1.212 7450.2 4.2026 15.881707 1.35235 16.480824 15.128473 "" "" 2261.28589 2722.6311 8361.11187 3.971 3492.1 10.564 7043.2 10.367 "" "" 0.002803157253866529 0.0043096202 0.0041033756 0.008412996 161.17712573518 -59.12936253052 2479.22119 -5.178000000000001 3.1799999999999984 2.2071280212402344 0.19937174797058121 0.2530125 0.24601251 "" "" 26.04268750684353 "" 6.587670477579882 ""
160.77909329488 -59.34302420529 0.0264 0.0267 15.1974 "" "" 5350401465452192768 2266.83398 0.4033 0.0318 -5.916 3.511 0.036 0.033 0.992 6154.5 4.2191 15.883037 1.109927 16.341887 15.231959 "" "" 2137.53247 2436.58521 8350.87895 3.0979 3968.8 13.182 6402.9 14.919 "" "" 0.002784603178736085 0.0045595528 0.004547928 0.009107481 160.77909329488 -59.34302420529 2266.83398 -5.916 3.511 1.469128021240234 0.5303717479705812 0.24601251 0.24301252 "" "" 16.782635300591526 "" 4.122964380700824 ""
160.09946707221 -58.95304894891 0.0322 0.0282 16.4834 "" "" 5350613052710593408 1987.2926 0.4701 0.0345 -13.118 4.66 0.044 0.031 0.994 5882.3 4.3432 15.883294 1.050832 16.309526 15.258695 "" "" 1891.82764 2112.66187 8348.89659 3.2468 4088.9 18.693 6247.1 23.967 "" "" 0.0027874843408200022 0.0056940657 0.0056244563 0.011318522 160.09946707221 -58.95304894891 1987.2926 -13.118000000000002 4.660000000000001 -5.732871978759766 1.6793717479705812 0.25401253 0.24101251 "" "" 56.271665008325655 "" 14.237262344316502 ""
160.35393448409 -59.12591228222 0.0291 0.0292 4.6368 "" "" 5350595116927660160 2275.68018 0.4052 0.0345 -4.675 2.08 0.038 0.037 1.008 6517.5 4.2538 15.88373 0.90855 16.252436 15.343885 "" "" 2129.03174 2445.07104 8345.54697 3.2945 4309.7 11.8 5775.7 14.082 "" "" 0.0027884571305440637 0.0040770485 0.0046142503 0.008691299 160.35393448409 -59.12591228222 2275.68018 -4.675 2.08 2.7101280212402346 -0.9006282520294189 0.24801251 0.24701251 "" "" 30.80535260358894 "" 7.637054784091424 ""
160.43052764465 -59.00574924142 0.028 0.0274 7.93 "" "" 5350603225825996160 2332.76123 0.3953 0.0347 -6.477 2.902 0.037 0.034 0.976 9579.0 4.0985 15.884045 0.987229 16.283543 15.296313 "" "" 2170.53882 2575.50879 8343.12978 3.7483 4187.9 13.525 6034.4 12.537 "" "" 0.002798164566859845 0.004481083 0.0044013597 0.0088824425 160.43052764465 -59.00574924142 2332.76123 -6.477000000000004 2.902 0.9081280212402341 -0.07862825202941881 0.24701251 0.2440125 "" "" 10.07900120060246 "" 2.4894157622057445 ""
160.78658276931 -59.29189877512 0.0259 0.0266 12.9185 "" "" 5350403183439182592 2448.58447 0.3677 0.0313 -7.564 3.018 0.036 0.034 1.023 7308.4 3.8635 15.884732 1.074799 16.32883 15.254032 "" "" 2295.63062 2605.10254 8337.84844 3.1153 4016.8 14.091 6274.0 15.226 "" "" 0.002785023428334649 0.004721425 0.0046072192 0.009328645 160.78658276931 -59.29189877512 2448.58447 -7.564000000000001 3.018 -0.17887197875976568 0.03737174797058085 0.24601251 0.2440125 "" "" 2.120867601615585 "" 0.5215832356153821 ""
160.67238649398 -59.16065939625 0.027 0.0266 5.4513 "" "" 5350407890723874048 2712.58667 0.3384 0.0335 -7.503 2.869 0.039 0.036 1.013 6169.3 4.2182 15.884936 0.962 16.242105 15.280106 "" "" 2505.66333 2944.3562 8336.27906 3.2466 4350.9 15.169 6125.1 37.829 "" "" 0.002787577263593517 0.004702517 0.0076973015 0.012399819 160.67238649398 -59.16065939625 2712.58667 -7.503 2.8689999999999998 -0.11787197875976574 -0.11162825202941873 0.24901251 0.24601251 "" "" 2.0873282765271304 "" 0.516819557427759 ""
160.43119303899 -59.10682736776 0.033 0.0335 2.7173 "" "" 5350596560041313920 2286.97754 0.4019 0.0396 -7.563 2.574 0.045 0.045 1.026 4914.4 3.5035 15.8877 2.174079 17.005756 14.831677 "" "" 2136.70996 2501.99023 8315.08697 3.9425 2153.3 11.198 9257.4 21.047 "" "" 0.0028029978676600417 0.006298032 0.00451409 0.010812122 160.43119303899 -59.10682736776 2286.97754 -7.563 2.573999999999999 -0.17787197875976535 -0.4066282520294191 0.2550125 0.2550125 "" "" 4.811237472722399 "" 1.226925754743547 ""
160.91564505191 -58.87761368981 0.0265 0.0271 19.8862 "" "" 5350511932006156672 2635.26318 0.3446 0.0323 -7.5 2.677 0.037 0.035 1.051 7505.3 3.9608 15.888098 1.107079 16.349836 15.242757 "" "" 2461.03613 2864.86719 8312.03943 2.9992 3939.9 12.103 6339.5 11.986 "" "" 0.0027830319364712426 0.0043484634 0.00430089 0.008649353 160.91564505191 -58.87761368981 2635.26318 -7.5 2.677 -0.11487197875976562 -0.3036282520294189 0.24701251 0.2450125 "" "" 4.055021405846259 "" 0.9945500600796916 ""
160.55346307947 -59.35545468731 0.0248 0.0265 13.4688 "" "" 5350381502442984832 2313.63623 0.3982 0.0302 -3.382 2.325 0.035 0.036 0.986 5819.7 4.132 15.888685 1.266849 16.440311 15.173462 "" "" 2160.17944 2449.16333 8307.54076 2.8908 3624.9 9.623 6757.3 12.244 "" "" 0.0027811018409151502 0.004011569 0.004260759 0.0082723275 160.55346307947 -59.35545468731 2313.63623 -3.382 2.325 4.003128021240235 -0.6556282520294188 0.2450125 0.24601251 "" "" 44.485738947106356 "" 10.90072682407893 ""
160.52077436868 -58.75137874884 0.0257 0.026 22.8674 "" "" 5350703556263256320 2596.13721 0.355 0.0314 -6.18 2.862 0.032 0.032 0.97 9482.3 4.0032 15.889682 0.939924 16.253149 15.313225 "" "" 2431.50391 2780.67798 8299.92374 3.07 4306.8 16.475 5941.1 21.348 "" "" 0.0027844331835089006 0.0050035072 0.00543178 0.010435287 160.52077436868 -58.75137874884 2596.13721 -6.18 2.862 1.2051280212402347 -0.11862825202941885 0.24201252 0.24201252 "" "" 14.901607807276763 "" 3.606375592878852 ""
160.37998847491 -59.07365202559 0.0354 0.039 5.1988 "" "" 5350596834914841600 2315.84814 0.4034 0.0428 -7.459 3.608 0.056 0.061 0.99 "" "" 15.890548 0.917112 15.952301 15.035189 "" "" 2081.4978 2506.32275 8293.30197 11.432 5681.9 198.66 7675.1 258.49 "" "" 0.003135560275541005 0.03806371 0.03676134 0.07482505 160.37998847491 -59.07365202559 2315.84814 -7.459 3.6080000000000005 -0.07387197875976526 0.6273717479705812 0.26601252 0.2710125 "" "" 6.934311891716085 "" 1.8788154838450997 ""
160.23637507034 -59.07488927728 0.0301 0.0289 8.9387 "" "" 5350598484181470976 2448.66968 0.3757 0.035 -12.783 6.201 0.037 0.033 1.071 5785.5 4.257 15.891059 1.102936 16.34276 15.239824 "" "" 2278.88428 2635.69312 8289.39854 3.3543 3965.6 9.4304 6356.7 17.22 "" "" 0.00279012745367653 0.003801505 0.0047889906 0.008590495 160.23637507034 -59.07488927728 2448.66968 -12.783 6.200999999999998 -5.397871978759765 3.2203717479705807 0.24701251 0.24301252 "" "" 72.95415929978674 "" 17.944447749563825 ""
160.33319748288 -59.44015865447 0.0251 0.0281 19.1929 "" "" 5350566838861675904 2305.04004 0.4071 0.0313 -6.863 2.965 0.037 0.039 1.003 6091.2 4.194 15.894599 1.115676 16.354465 15.23879 "" "" 2148.58057 2454.45532 8262.41822 3.133 3923.1 9.7119 6362.7 8.8041 "" "" 0.0027859080527294607 0.0038741953 0.0040670317 0.007941227 160.33319748288 -59.44015865447 2305.04004 -6.863 2.965 0.5221280212402339 -0.015628252029419087 0.24701251 0.24901251 "" "" 5.7072681131009775 "" 1.4097768856196835 ""
160.82937002536 -59.24129528831 0.0248 0.0252 11.9448 "" "" 5350403767554835072 2003.0321 0.4765 0.03 -7.105 -0.076 0.034 0.033 0.99 6300.3 4.3217 15.894808 1.16777 16.400126 15.232355 "" "" 1874.33325 2145.62476 8260.8268 2.8592 3761.5 11.788 6400.5 14.738 "" "" 0.002780828579117889 0.0044002654 0.004531444 0.008931709 160.82937002536 -59.24129528831 2003.0321 -7.105 -0.07600000000000012 0.28012802124023395 -3.056628252029419 0.2440125 0.24301252 "" "" 29.14238411375873 "" 7.082207355458782 ""
159.99199890096 -59.03127029815 0.0297 0.0275 16.9109 "" "" 5350611128565124992 2545.63721 0.3656 0.0318 -6.597 2.37 0.036 0.033 0.965 7881.0 4.0156 15.897175 1.52708 16.599268 15.072188 "" "" 2345.57324 2779.25122 8242.83613 3.2603 3131.2 12.544 7417.9 10.461 "" "" 0.002788585734596788 0.0051676 0.004077761 0.00924536 159.99199890096 -59.03127029815 2545.63721 -6.597 2.37 0.788128021240234 -0.6106282520294188 0.24601251 0.24301252 "" "" 12.03014344128245 "" 2.9460796448286573 ""
160.58022897941 -59.24030048242 0.026 0.0265 6.8845 "" "" 5350405966578482048 2139.55151 0.4348 0.0302 -7.628 2.334 0.036 0.036 0.927 5794.3 4.1922 15.897781 1.187401 16.410934 15.223534 "" "" 2016.12488 2274.7854 8238.23319 2.9229 3724.3 9.9663 6452.8 10.249 "" "" 0.002782118018689817 0.0040282374 0.0041542207 0.008182459 160.58022897941 -59.24030048242 2139.55151 -7.628 2.333999999999998 -0.24287197875976574 -0.6466282520294189 0.24601251 0.24601251 "" "" 7.00507154973588 "" 1.7233352267585764 ""
160.2555777282 -59.13598648741 0.0276 0.0283 7.6503 "" "" 5350598037505386240 2292.78027 0.4204 0.0328 -7.582 2.954 0.036 0.033 1.056 6659.7 4.3866 15.900366 0.938292 16.28347 15.345178 "" "" 2116.69971 2480.16064 8218.64736 3.4169 4188.2 9.5064 5768.8 10.727 "" "" 0.0027920505631338914 0.0037226826 0.004284825 0.008007508 160.2555777282 -59.13598648741 2292.78027 -7.582 2.954 -0.19687197875976548 -0.026628252029418764 0.24601251 0.24301252 "" "" 2.1590433168109016 "" 0.5310359942046855 ""
160.49519209627 -59.01483687202 0.0273 0.027 7.0593 "" "" 5350603088387053952 2026.38184 0.4626 0.034 -4.517 1.694 0.037 0.033 0.997 5799.4 4.3797 15.901573 0.914658 16.223763 15.309105 "" "" 1881.27905 2164.80786 8209.5124 3.361 4425.0 22.807 5963.7 26.29 "" "" 0.002790944822825344 0.006253037 0.00609855 0.012351587 160.49519209627 -59.01483687202 2026.38184 -4.516999999999999 1.6939999999999986 2.868128021240234 -1.286628252029419 0.24701251 0.24301252 "" "" 30.19344136030733 "" 7.438061890408135 ""
160.19920768579 -58.83159970722 0.0283 0.0272 20.3606 "" "" 5350620165176627200 2753.61548 0.3283 0.0338 -4.988 1.825 0.034 0.033 1.021 7363.2 3.482 15.901632 2.699971 17.417889 14.717917 "" "" 2537.54834 2999.26196 8209.06404 7.3028 1473.2 13.211 10280.0 24.867 "" "" 0.0029197089298721333 0.010128301 0.004602337 0.014730638 160.19920768579 -58.83159970722 2753.61548 -4.988000000000001 1.8250000000000002 2.397128021240234 -1.155628252029419 0.2440125 0.24301252 "" "" 34.733646536475824 "" 8.468904956788371 ""
