Clusters/Bochum_10/Bochum_10_members.tsv
# %ECSV 1.0
# ---
# datatype:
# - name: RA_ICRS_1
#   unit: deg
#   datatype: float64
#   format: '{:15.11f}'
#   description: Right ascension (ICRS) at Ep=2016.0 (ra)
#   meta: !!omap
#   - {ucd: POS_EQ_RA_MAIN}
#   - {width: 15}
#   - {precision: '11'}
# - name: DE_ICRS_1
#   unit: deg
#   datatype: float64
#   format: '{:15.11f}'
#   description: Declination (ICRS) at Ep=2016.0 (dec)
#   meta: !!omap
#   - {ucd: POS_EQ_DEC_MAIN}
#   - {width: 15}
#   - {precision: '11'}
# - name: e_RA_ICRS
#   unit: mas
#   datatype: float64
#   format: '{:7.4f}'
#   description: Standard error of right ascension (ra_error)
#   meta: !!omap
#   - {ucd: ERROR}
#   - {width: 7}
#   - {precision: '4'}
# - name: e_DE_ICRS
#   unit: mas
#   datatype: float64
#   format: '{:7.4f}'
#   description: Standard error of declination (dec_error)
#   meta: !!omap
#   - {ucd: ERROR}
#   - {width: 7}
#   - {precision: '4'}
# - name: _r_1
#   unit: ''
#   datatype: float64
#   format: '{:7.4f}'
#   description: Distance from center (160.50401367000-59.13240423000)[ICRS], at Epoch=J2016.0
#   meta: !!omap
#   - {ucd: POS_ANG_DIST_GENERAL}
#   - {width: 7}
#   - {precision: '4'}
# - name: HIP
#   datatype: int32
#   description: '? HIP cross-id number, van Leeuwen, Cat. I/311 (hip_original_ext_source_id)'
#   meta: !!omap
#   - {ucd: ID_NUMBER}
#   - {width: 6}
#   - values: {'null': -2147483648}
# - name: TYC2
#   datatype: string
#   description: Tycho-2 cross-id name, Hog et al., Cat. I/259 (tyc2_original_ext_source_id)
#   meta: !!omap
#   - {ucd: ID_CROSSID}
#   - {_votable_string_dtype: char}
# - name: Source
#   datatype: int64
#   description: Source identifier, identical to the Gaia-EDR3 source_id (id)
#   meta: !!omap
#   - {ucd: ID_MAIN}
#   - {width: 19}
# - name: rgeo
#   unit: pc
#   datatype: float64
#   format: '{:15.8f}'
#   description: '? Median of the geometric distance posterior (r_med_geo)'
#   meta: !!omap
#   - {ucd: PHYS_DISTANCE_TRUE}
#   - {width: 15}
#   - {precision: '8'}
#   - values: {'null': .nan}
# - name: Plx
#   unit: mas
#   datatype: float64
#   format: '{:9.4f}'
#   description: '? Parallax (parallax)'
#   meta: !!omap
#   - {ucd: POS_PARLX_TRIG}
#   - {width: 9}
#   - {precision: '4'}
#   - values: {'null': .nan}
# - name: e_Plx
#   unit: mas
#   datatype: float32
#   format: '{:7.4f}'
#   description: '? Standard error of parallax (parallax_error)'
#   meta: !!omap
#   - {ucd: ERROR}
#   - {width: 7}
#   - {precision: '4'}
#   - values: {'null': .nan}
# - name: pmRA
#   unit: mas / yr
#   datatype: float64
#   format: '{:9.3f}'
#   description: '? Proper motion in right ascension direction, pmRA*cosDE (pmra)'
#   meta: !!omap
#   - {ucd: POS_EQ_PMRA}
#   - {width: 9}
#   - {precision: '3'}
#   - values: {'null': .nan}
# - name: pmDE
#   unit: mas / yr
#   datatype: float64
#   format: '{:9.3f}'
#   description: '? Proper motion in declination direction (pmdec)'
#   meta: !!omap
#   - {ucd: POS_EQ_PMDEC}
#   - {width: 9}
#   - {precision: '3'}
#   - values: {'null': .nan}
# - name: e_pmRA
#   unit: mas / yr
#   datatype: float32
#   format: '{:6.3f}'
#   description: '? Standard error of proper motion in right ascension direction (pmra_error)'
#   meta: !!omap
#   - {ucd: ERROR}
#   - {width: 6}
#   - {precision: '3'}
#   - values: {'null': .nan}
# - name: e_pmDE
[...]
#         unit: &id001 !astropy.units.Unit {unit: deg}
#         value: !astropy.table.SerializedColumn {name: SkyCoord.dec}
#       distance: !astropy.table.SerializedColumn
#         __class__: astropy.coordinates.distances.Distance
#         unit: !astropy.units.Unit {unit: pc}
#         value: !astropy.table.SerializedColumn {name: SkyCoord.distance}
#       frame: icrs
#       obstime: !astropy.time.Time {format: jyear_str, in_subfmt: '*', jd1: 367701545.0, jd2: 0.0, out_subfmt: '*', precision: 3, scale: tt}
#       pm_dec: !astropy.table.SerializedColumn
#         __class__: astropy.units.quantity.Quantity
#         unit: !astropy.units.Unit {unit: mas / yr}
#         value: !astropy.table.SerializedColumn {name: SkyCoord.pm_dec}
#       pm_ra_cosdec: !astropy.table.SerializedColumn
#         __class__: astropy.units.quantity.Quantity
#         unit: !astropy.units.Unit {unit: mas / yr}
#         value: !astropy.table.SerializedColumn {name: SkyCoord.pm_ra_cosdec}
#       ra: !astropy.table.SerializedColumn
#         __class__: astropy.coordinates.angles.Longitude
#         unit: *id001
#         value: !astropy.table.SerializedColumn {name: SkyCoord.ra}
#         wrap_angle: !astropy.coordinates.Angle
#           unit: *id001
#           value: 360.0
#       representation_type: spherical
# schema: astropy-2.0
RA_ICRS_1 DE_ICRS_1 e_RA_ICRS e_DE_ICRS _r_1 HIP TYC2 Source rgeo Plx e_Plx pmRA pmDE e_pmRA e_pmDE RUWE Teff logg Gmag BP-RP BPmag RPmag RV e_RV b_rgeo B_rgeo FG e_FG FBP e_FBP FRP e_FRP RAVE5 RAVE6 e_Gmag e_BPmag e_RPmag e_BP-RP SkyCoord.ra SkyCoord.dec SkyCoord.distance SkyCoord.pm_ra_cosdec SkyCoord.pm_dec Pmemb
160.28740072075 -59.247764457 0.0179 0.0197 9.6032 "" 8626-2611-1 5350570790231305600 2106.83643 0.4605 0.0211 -7.256 3.179 0.024 0.024 0.867 19920.7 2.9219 8.223428 0.149418 8.251384 8.101966 "" "" 2025.76978 2188.76099 9673319.3647 4155.4 6837000.0 5195.1 4553800.0 3059.7 "" "" 0.0027945163146174926 0.0029095823 0.0038491436 0.006758726 160.28740072075 -59.247764457 2106.83643 -7.256 3.179 0.94
160.30260466924 -59.15244393782 0.0184 0.0191 6.3138 "" 8626-1828-1 5350595009529920512 2530.37427 0.3877 0.0221 -7.406 2.992 0.024 0.022 0.849 "" "" 8.577249 0.077244 8.580456 8.503212 -59.99 12.1 2396.79346 2676.85425 6983086.86882 2211.4 5049300.0 4041.4 3146800.0 2175.1 "" "" 0.0027766902378697253 0.0029223666 0.003853172 0.0067755384 160.30260466924 -59.15244393782 2530.37427 -7.406000000000001 2.992 0.95
160.53421768707 -59.33052186484 0.0096 0.0105 11.9232 "" 8626-1358-1 5350381605522196608 2236.08423 0.4366 0.0117 -7.696 2.636 0.014 0.013 0.857 "" "" 9.203836 0.606022 9.412683 8.806662 "" "" 2165.67847 2311.4187 3921140.64063 1922.8 2346100.0 3305.5 2379500.0 2948.7 "" "" 0.002806287505174963 0.003182 0.0040117297 0.0071937297 160.53421768707 -59.33052186484 2236.08423 -7.696000000000001 2.636 0.98
160.56587067218 -59.13719707969 0.0121 0.0131 1.9256 "" 8626-181-1 5350595804122469632 2407.823 0.4059 0.0151 -7.503 3.051 0.016 0.016 0.83 20396.5 3.6121 9.346723 0.217355 9.402828 9.185473 "" "" 2329.27563 2511.79858 3437620.03672 1033.9 2367500.0 1945.3 1678700.0 1243.1 "" "" 0.002774603032025442 0.0029293203 0.003863955 0.0067932755 160.56587067218 -59.13719707969 2407.823 -7.503000000000002 3.051 0.97
160.55546574286 -59.1629796485 0.0174 0.0172 2.4232 "" 8626-1658-1 5350595391805591040 2300.17554 0.4264 0.0207 -7.409 3.117 0.023 0.021 0.877 23593.8 3.7899 9.502964 0.050885 9.500651 9.449766 "" "" 2217.08716 2384.21191 2976878.57747 802.49 2163500.0 1266.2 1316000.0 469.62 "" "" 0.0027708220513977216 0.002861612 0.0037991898 0.006660802 160.55546574286 -59.1629796485 2300.17554 -7.409 3.117 0.97
160.47578597259 -59.11011681566 0.0213 0.0199 1.5949 "" 8626-301-1 5350596109041546624 2319.98267 0.421 0.0254 -7.513 2.967 0.029 0.024 0.964 18282.6 3.5977 9.647517 0.011576 9.634733 9.623157 "" "" 2200.92798 2453.27417 2605792.59695 1046.7 1912200.0 1350.6 1121700.0 681.17 "" "" 0.002789621949167414 0.0028936355 0.0038364625 0.0067300983 160.47578597259 -59.11011681566 2319.98267 -7.513 2.9669999999999996 0.96
160.7208376842 -59.11823093596 0.0118 0.0124 6.7299 "" 8626-1640-1 5350413972397592960 2140.16895 0.4542 0.0145 -7.701 2.794 0.016 0.015 0.806 "" "" 9.902037 0.205167 9.960444 9.755278 "" "" 2083.79004 2200.77344 2061257.40137 570.18 1416600.0 692.42 993220.0 376.34 "" "" 0.0027716402609848758 0.0028401916 0.0038017067 0.0066418983 160.7208376842 -59.11823093596 2140.16895 -7.700999999999999 2.794 0.88
160.34646674723 -59.15521133217 0.0159 0.0156 5.0376 "" 8626-271-1 5350594979488684928 2659.47144 0.3799 0.0193 -7.437 3.012 0.021 0.018 0.853 17902.5 3.6979 10.15957 0.089204 10.180784 10.09158 "" "" 2516.12036 2846.13794 1625993.6227 3136.9 1156400.0 4819.8 728660.0 3386.0 "" "" 0.0034611039037048224 0.005316313 0.006303864 0.011620177 160.34646674723 -59.15521133217 2659.47144 -7.4369999999999985 3.0119999999999996 0.99
160.49668172997 -59.1304614998 0.0147 0.0147 0.254 "" 8626-1797-1 5350595666683501952 2381.64722 0.4067 0.0177 -7.465 3.081 0.019 0.018 0.852 19269.0 3.5181 10.213172 0.076251 10.225266 10.149015 "" "" 2288.8728 2478.85229 1547669.09587 558.16 1110000.0 461.81 691120.0 178.37 "" "" 0.0027830043604279895 0.0028264988 0.0037897557 0.0066162543 160.49668172997 -59.1304614998 2381.64722 -7.464999999999999 3.081 0.98
160.75126942222 -59.08399605719 0.0138 0.0134 8.1517 "" 8626-2484-1 5350413731879443328 2405.82227 0.4083 0.0166 -7.675 2.877 0.018 0.018 0.864 15272.3 3.4239 10.380539 0.167068 10.428069 10.261001 "" "" 2311.11499 2508.29785 1326573.27696 376.5 920850.0 555.74 623390.0 179.36 "" "" 0.0027724977941907068 0.0028660775 0.0037922699 0.0066583473 160.75126942222 -59.08399605719 2405.82227 -7.674999999999999 2.8769999999999993 0.98
160.54868048171 -59.14146057919 0.0128 0.0128 1.4783 "" 8626-2560-1 5350595769762724608 2498.09839 0.3924 0.0152 -7.465 3.09 0.017 0.016 0.854 16033.3 3.7689 10.534393 0.179898 10.582208 10.402309 "" "" 2415.33569 2598.90771 1151302.47131 645.23 798980.0 1153.9 547310.0 807.13 "" "" 0.0028217091576295174 0.0032005922 0.004104563 0.0073051555 160.54868048171 -59.14146057919 2498.09839 -7.465 3.0900000000000003 0.96
160.68351919563 -59.11874135168 0.0132 0.0134 5.5873 "" 8626-2088-1 5350413903678097024 2289.52075 0.4279 0.0161 -7.486 2.969 0.019 0.019 0.781 15642.3 3.8732 10.733933 0.128687 10.763998 10.635311 "" "" 2222.39062 2388.05054 958017.2878 295.65 675800.0 512.18 441600.0 150.43 "" "" 0.0027756184610034248 0.0029089784 0.003797436 0.0067064143 160.68351919563 -59.11874135168 2289.52075 -7.4860000000000015 2.9689999999999994 0.99
160.69916037599 -59.08212809807 0.009 0.0091 6.7261 "" 8626-1025-1 5350414419073369088 2233.59155 0.4321 0.0108 -7.502 3.222 0.012 0.011 0.785 "" "" 10.861442 0.908681 11.214967 10.306286 -42.26 16.4 2190.35547 2279.19946 851863.42026 298.54 446100.0 491.75 597920.0 527.39 "" "" 0.002781469239144389 0.0030360299 0.0038988264 0.006934856 160.69916037599 -59.08212809807 2233.59155 -7.502000000000001 3.222 0.95
160.60353977471 -59.02860591701 0.0148 0.0149 6.9427 "" 8626-1683-1 5350602469911782784 2270.27588 0.4012 0.0182 -7.587 3.106 0.02 0.018 0.79 14504.3 3.6578 11.308781 0.05803 11.319404 11.261373 "" "" 2188.18262 2355.2915 564201.79009 266.94 405190.0 536.05 248090.0 308.54 "" "" 0.0028027967695411693 0.003138192 0.0040133535 0.0071515455 160.60353977471 -59.02860591701 2270.27588 -7.587 3.1060000000000003 0.98
160.49191577294 -59.01504568005 0.0125 0.0124 7.0514 "" 8626-1561-1 5350603088387052672 2224.10449 0.4182 0.0155 -7.43 2.962 0.017 0.015 0.797 14868.3 3.653 11.313962 0.307696 11.411181 11.103485 "" "" 2139.77563 2309.86548 561515.89644 202.32 372340.0 270.47 286920.0 150.87 "" "" 0.0027829531841169403 0.0028994952 0.003822259 0.006721754 160.49191577294 -59.01504568005 2224.10449 -7.430000000000001 2.9620000000000006 0.99
160.24173509146 -59.06037803345 0.0111 0.0103 9.1651 "" "" 5350599961650234752 2233.63037 0.4385 0.0126 -7.903 2.841 0.014 0.011 0.83 "" "" 11.585032 1.568601 12.321206 10.752605 -6.51 0.35 2178.50391 2296.53784 437455.52029 81.269 161040.0 109.8 396380.0 145.27 "" "" 0.00276269326097822 0.0028867032 0.0038002713 0.0066869743 160.24173509146 -59.06037803345 2233.63037 -7.902999999999999 2.8409999999999997 0.8
160.27710463242 -59.02555850601 0.0105 0.0105 9.489 "" "" 5350600133448972160 2368.04517 0.3765 0.0129 -7.594 3.285 0.013 0.012 0.756 14936.9 3.7737 11.719656 0.31737 11.826405 11.509034 "" "" 2302.33301 2448.91235 386442.11905 626.34 254010.0 1187.2 197490.0 665.01 "" "" 0.0032693265344120484 0.005791035 0.0052583395 0.011049375 160.27710463242 -59.02555850601 2368.04517 -7.594000000000001 3.285000000000001 0.98
160.2160930201 -59.21607612766 0.0085 0.009 10.1768 "" "" 5350573878290826368 2322.26147 0.4028 0.0104 -7.328 3.031 0.012 0.011 0.857 "" "" 12.165535 0.640158 12.396257 11.7561 "" "" 2265.95996 2384.29224 256290.72418 45.808 150280.0 125.61 157300.0 49.275 "" "" 0.0027621455641481238 0.0029340428 0.0037946545 0.0067286976 160.2160930201 -59.21607612766 2322.26147 -7.328000000000001 3.0309999999999993 0.99
160.60271683101 -59.13903390642 0.0112 0.0115 3.064 "" "" 5350408229993283072 2419.66772 0.3734 0.0135 -7.432 3.189 0.015 0.015 0.924 7402.6 3.2465 12.220466 0.294247 12.316709 12.022462 "" "" 2341.75757 2523.07983 243646.74082 46.613 161710.0 93.407 123080.0 61.071 "" "" 0.0027631387036429382 0.0028597827 0.0038175853 0.0066773677 160.60271683101 -59.13903390642 2419.66772 -7.4319999999999995 3.1889999999999996 0.98
160.94739859034 -59.20277255173 0.012 0.0118 14.2736 "" "" 5350409196393641728 2258.6582 0.4012 0.0146 -7.573 2.791 0.017 0.016 0.957 14281.4 3.8563 12.265543 0.229272 12.337766 12.108494 "" "" 2177.86816 2338.28369 233738.03733 82.079 158600.0 180.76 113700.0 92.623 "" "" 0.0027815737336350345 0.0030522617 0.0038814961 0.006933758 160.94739859034 -59.20277255173 2258.6582 -7.573 2.7910000000000004 0.95
160.32481979814 -58.95574586616 0.0138 0.0144 11.9555 "" 8626-1135-1 5350606520042267904 2229.80835 0.4128 0.0169 -7.026 3.002 0.019 0.017 1.044 14220.8 4.0095 12.348297 0.18328 12.407016 12.223736 "" "" 2157.75659 2295.13306 216584.85462 188.39 148800.0 437.9 102250.0 250.8 "" "" 0.002912674534007647 0.0042419652 0.004623404 0.0088653695 160.32481979814 -58.95574586616 2229.80835 -7.026000000000001 3.0019999999999993 0.99
160.26062211212 -59.1062199127 0.0113 0.0119 7.6582 "" "" 5350598381102790528 2441.05103 0.3732 0.0139 -7.324 3.21 0.015 0.013 0.832 7603.3 3.2072 12.424733 0.245091 12.504054 12.258963 "" "" 2361.9375 2523.21069 201861.41449 45.683 136080.0 92.007 98986.0 43.374 "" "" 0.0027662544301482535 0.002885124 0.003809208 0.0066943318 160.26062211212 -59.1062199127 2441.05103 -7.323999999999999 3.21 0.99
160.67571087932 -59.21933269914 0.0114 0.0123 7.4208 "" "" 5350406615092055808 2254.94971 0.4096 0.0141 -7.465 3.096 0.016 0.017 1.018 15194.9 4.0821 12.500045 0.323883 12.598514 12.274631 "" "" 2194.51147 2336.72583 188334.10554 96.602 124740.0 350.26 97568.0 167.76 "" "" 0.002811037718751689 0.0041327206 0.0042153043 0.008348025 160.67571087932 -59.21933269914 2254.94971 -7.465 3.095999999999999 0.99
160.91234327043 -59.19830300049 0.0108 0.0106 13.1654 "" "" 5350409643070228864 2381.78442 0.3896 0.0132 -6.93 3.021 0.015 0.013 0.909 12046.1 3.7167 12.540905 0.306473 12.641713 12.33524 "" "" 2304.35205 2457.51025 181377.98182 32.238 119880.0 60.346 92270.0 45.982 "" "" 0.0027620698604929484 0.0028431953 0.003817916 0.0066611115 160.91234327043 -59.19830300049 2381.78442 -6.929999999999999 3.020999999999999 0.98
160.66572255225 -59.11053829122 0.0089 0.0092 5.1495 "" "" 5350413899350112256 2267.36694 0.4137 0.0106 -7.533 3.19 0.012 0.012 0.887 "" "" 12.602468 0.564297 12.802778 12.238482 "" "" 2205.20459 2322.00391 171379.87486 34.057 103350.0 57.835 100870.0 70.289 "" "" 0.002763755012788663 0.0028555568 0.0038543646 0.006709921 160.66572255225 -59.11053829122 2267.36694 -7.533000000000001 3.1899999999999995 0.97
160.63650952801 -59.2967176146 0.011 0.0114 10.6654 "" "" 5350404798347394048 2498.58838 0.3707 0.0129 -7.229 3.196 0.015 0.015 0.992 "" "" 12.629047 0.432319 12.779248 12.34693 "" "" 2427.94946 2609.78857 167235.28854 30.325 105610.0 59.284 91282.0 32.065 "" "" 0.0027623450821014474 0.0028559603 0.0037985768 0.0066545373 160.63650952801 -59.2967176146 2498.58838 -7.229 3.1960000000000015 0.99
160.92969789013 -59.22157395584 0.0142 0.0137 14.1383 "" "" 5350409539990989440 2347.52295 0.4002 0.0175 -7.534 2.934 0.02 0.017 1.046 12343.0 3.738 12.890624 0.306215 12.995628 12.689413 "" "" 2254.073 2431.05957 131430.79142 29.204 86530.0 42.445 66588.0 28.333 "" "" 0.002765861811452058 0.0028405436 0.0038075123 0.006648056 160.92969789013 -59.22157395584 2347.52295 -7.534 2.9339999999999993 0.98
160.17935484823 -59.20821012296 0.0117 0.0121 10.9703 "" "" 5350574088766185216 2258.94165 0.4175 0.0138 -7.036 2.8 0.016 0.015 0.928 10718.2 4.1999 12.909629 0.396514 13.05337 12.656857 "" "" 2187.16772 2334.95825 129150.21933 161.11 82048.0 273.87 68614.0 268.76 "" "" 0.0030702163837329276 0.00457375 0.005689476 0.010263226 160.17935484823 -59.20821012296 2258.94165 -7.036 2.8 0.86
160.74743902663 -59.26670915961 0.013 0.0142 10.994 "" "" 5350406138377240576 2687.39844 0.3436 0.016 -7.655 2.969 0.018 0.019 0.968 11614.1 3.8356 12.937673 0.372026 13.067084 12.695058 "" "" 2577.27026 2789.78052 125857.14909 79.326 81018.0 143.07 66242.0 107.4 "" "" 0.0028390296150174943 0.003385426 0.0041692327 0.0075546587 160.74743902663 -59.26670915961 2687.39844 -7.654999999999999 2.9690000000000003 0.96
160.83926804428 -59.19121798743 0.0115 0.0114 10.8985 "" "" 5350409780509566464 2481.40771 0.3749 0.0139 -7.471 2.84 0.016 0.015 1.103 "" "" 13.038465 0.60743 13.247196 12.639766 "" "" 2387.98853 2559.7522 114699.28076 35.76 68634.0 45.304 69703.0 30.628 "" "" 0.002776035471244496 0.0028807411 0.0038093743 0.0066901157 160.83926804428 -59.19121798743 2481.40771 -7.470999999999999 2.84 0.98
160.88604924101 -59.21537490001 0.0098 0.0095 12.7575 "" "" 5350409505631230720 2366.26904 0.3871 0.0122 -7.457 2.998 0.014 0.012 0.886 6832.9 3.1971 13.056591 0.541912 13.244273 12.702361 "" "" 2311.85352 2421.80518 112800.32586 44.773 68819.0 46.573 65798.0 49.939 "" "" 0.0027888187613522367 0.002885296 0.0038681752 0.006753471 160.88604924101 -59.21537490001 2366.26904 -7.457 2.9979999999999998 0.99
160.51130772211 -59.18956135147 0.0099 0.0098 3.4368 "" "" 5350595288726354560 2379.36792 0.3834 0.0116 -7.357 3.054 0.013 0.013 0.892 "" "" 13.096259 0.49271 13.272329 12.779619 "" "" 2313.55542 2451.95923 108753.48654 31.449 67063.0 47.535 61279.0 32.6 "" "" 0.002773151001711068 0.0028943573 0.0038232647 0.0067176223 160.51130772211 -59.18956135147 2379.36792 -7.356999999999999 3.0540000000000003 0.99
160.56234516639 -58.98574624889 0.012 0.0125 8.9816 "" "" 5350602882228658816 2198.90381 0.4179 0.015 -7.446 2.599 0.016 0.015 1.363 6953.8 3.4765 13.172802 0.449113 13.331052 12.881939 "" "" 2128.83569 2274.62061 101350.5151 37.053 63533.0 43.991 55768.0 32.65 "" "" 0.0027837651635716013 0.0028896742 0.0038324648 0.006722139 160.56234516639 -58.98574624889 2198.90381 -7.446 2.599 0.97
160.25365176781 -59.03585163465 0.0133 0.0138 9.6502 "" "" 5350600094775990400 2530.28174 0.3619 0.0165 -7.276 3.369 0.017 0.016 1.276 "" "" 13.283262 1.153511 13.761948 12.608437 "" "" 2441.24536 2619.97192 91546.51804 19.149 42721.0 32.987 71744.0 29.496 "" "" 0.002764663909398923 0.0029133966 0.0038056509 0.006719047 160.25365176781 -59.03585163465 2530.28174 -7.276000000000001 3.3690000000000007 0.99
160.59269656312 -59.3071817405 0.0099 0.0104 10.8344 "" "" 5350405137616834560 2481.01904 0.3677 0.012 -7.254 2.954 0.014 0.013 0.946 "" "" 13.296761 0.487021 13.471895 12.984874 "" "" 2414.0813 2552.43359 90415.38929 30.545 55803.0 30.33 50723.0 32.493 "" "" 0.0027796271600875806 0.002851892 0.0038428472 0.006694739 160.59269656312 -59.3071817405 2481.01904 -7.2540000000000004 2.9540000000000006 0.99
160.55172372656 -59.05600450085 0.0128 0.0126 4.814 "" "" 5350602229393585024 2171.8584 0.4206 0.0156 -7.553 2.84 0.017 0.015 1.049 8708.7 3.7491 13.308782 0.170097 13.367872 13.197775 "" "" 2112.45459 2242.07031 89419.85835 38.049 61414.0 51.13 41692.0 42.296 "" "" 0.0027937833051243943 0.0029329387 0.003936617 0.006869556 160.55172372656 -59.05600450085 2171.8584 -7.553 2.839999999999999 0.98
160.36686689045 -59.13228569431 0.0115 0.0118 4.2219 "" "" 5350595112609602176 2304.68896 0.3978 0.0142 -7.31 2.973 0.015 0.014 0.946 "" "" 13.367641 0.238692 13.452787 13.214095 "" "" 2213.21899 2380.48706 84701.31863 40.47 56794.0 28.159 41070.0 21.537 "" "" 0.0028037300882355477 0.0028416254 0.0038220275 0.006663653 160.36686689045 -59.13228569431 2304.68896 -7.309999999999999 2.972999999999999 0.99
160.20800100383 -59.10997998376 0.0113 0.0113 9.214 "" "" 5350598312382730496 2440.91406 0.3745 0.0135 -7.577 2.791 0.015 0.013 0.923 7192.2 3.5454 13.446749 0.481184 13.619332 13.138148 "" "" 2371.27466 2517.30884 78749.41964 29.803 48717.0 39.082 44045.0 22.555 "" "" 0.002785790515818466 0.0029229603 0.0038200598 0.0067430204 160.20800100383 -59.10997998376 2440.91406 -7.576999999999999 2.791 0.97
160.57541398242 -59.20999104476 0.0109 0.0116 5.1469 "" "" 5350407478406970880 2475.57812 0.3702 0.0124 -7.325 2.952 0.015 0.015 1.002 7173.9 3.5331 13.49505 0.40959 13.642079 13.23249 "" "" 2401.49438 2537.15967 75322.82059 28.908 47707.0 26.428 40380.0 20.419 "" "" 0.0027866506992723027 0.0028542602 0.0038190517 0.006673312 160.57541398242 -59.20999104476 2475.57812 -7.325 2.952 0.99
