Clusters/Bochum_10/Bochum_10_members.tsv
# %ECSV 1.0
# ---
# datatype:
# - name: RA_ICRS_1
#   unit: deg
#   datatype: float64
#   format: '{:15.11f}'
#   description: Right ascension (ICRS) at Ep=2016.0 (ra)
#   meta: !!omap
#   - {ucd: POS_EQ_RA_MAIN}
#   - {width: 15}
#   - {precision: '11'}
# - name: DE_ICRS_1
#   unit: deg
#   datatype: float64
#   format: '{:15.11f}'
#   description: Declination (ICRS) at Ep=2016.0 (dec)
#   meta: !!omap
#   - {ucd: POS_EQ_DEC_MAIN}
#   - {width: 15}
#   - {precision: '11'}
# - name: e_RA_ICRS
#   unit: mas
#   datatype: float64
#   format: '{:7.4f}'
#   description: Standard error of right ascension (ra_error)
#   meta: !!omap
#   - {ucd: ERROR}
#   - {width: 7}
#   - {precision: '4'}
# - name: e_DE_ICRS
#   unit: mas
#   datatype: float64
#   format: '{:7.4f}'
#   description: Standard error of declination (dec_error)
#   meta: !!omap
#   - {ucd: ERROR}
#   - {width: 7}
#   - {precision: '4'}
# - name: _r_1
#   unit: ''
#   datatype: float64
#   format: '{:7.4f}'
#   description: Distance from center (160.50401367000-59.13240423000)[ICRS], at Epoch=J2016.0
#   meta: !!omap
#   - {ucd: POS_ANG_DIST_GENERAL}
#   - {width: 7}
#   - {precision: '4'}
# - name: HIP
#   datatype: int32
#   description: '? HIP cross-id number, van Leeuwen, Cat. I/311 (hip_original_ext_source_id)'
#   meta: !!omap
#   - {ucd: ID_NUMBER}
#   - {width: 6}
#   - values: {'null': -2147483648}
# - name: TYC2
#   datatype: string
#   description: Tycho-2 cross-id name, Hog et al., Cat. I/259 (tyc2_original_ext_source_id)
#   meta: !!omap
#   - {ucd: ID_CROSSID}
#   - {_votable_string_dtype: char}
# - name: Source
#   datatype: int64
#   description: Source identifier, identical to the Gaia-EDR3 source_id (id)
#   meta: !!omap
#   - {ucd: ID_MAIN}
#   - {width: 19}
# - name: rgeo
#   unit: pc
#   datatype: float64
#   format: '{:15.8f}'
#   description: '? Median of the geometric distance posterior (r_med_geo)'
#   meta: !!omap
#   - {ucd: PHYS_DISTANCE_TRUE}
#   - {width: 15}
#   - {precision: '8'}
#   - values: {'null': .nan}
# - name: Plx
#   unit: mas
#   datatype: float64
#   format: '{:9.4f}'
#   description: '? Parallax (parallax)'
#   meta: !!omap
#   - {ucd: POS_PARLX_TRIG}
#   - {width: 9}
#   - {precision: '4'}
#   - values: {'null': .nan}
# - name: e_Plx
#   unit: mas
#   datatype: float32
#   format: '{:7.4f}'
#   description: '? Standard error of parallax (parallax_error)'
#   meta: !!omap
#   - {ucd: ERROR}
#   - {width: 7}
#   - {precision: '4'}
#   - values: {'null': .nan}
# - name: pmRA
#   unit: mas / yr
#   datatype: float64
#   format: '{:9.3f}'
#   description: '? Proper motion in right ascension direction, pmRA*cosDE (pmra)'
#   meta: !!omap
#   - {ucd: POS_EQ_PMRA}
#   - {width: 9}
#   - {precision: '3'}
#   - values: {'null': .nan}
# - name: pmDE
#   unit: mas / yr
#   datatype: float64
#   format: '{:9.3f}'
#   description: '? Proper motion in declination direction (pmdec)'
#   meta: !!omap
#   - {ucd: POS_EQ_PMDEC}
#   - {width: 9}
#   - {precision: '3'}
#   - values: {'null': .nan}
# - name: e_pmRA
#   unit: mas / yr
#   datatype: float32
#   format: '{:6.3f}'
#   description: '? Standard error of proper motion in right ascension direction (pmra_error)'
#   meta: !!omap
#   - {ucd: ERROR}
#   - {width: 6}
#   - {precision: '3'}
#   - values: {'null': .nan}
# - name: e_pmDE
[...]
#         unit: &id001 !astropy.units.Unit {unit: deg}
#         value: !astropy.table.SerializedColumn {name: SkyCoord.dec}
#       distance: !astropy.table.SerializedColumn
#         __class__: astropy.coordinates.distances.Distance
#         unit: !astropy.units.Unit {unit: pc}
#         value: !astropy.table.SerializedColumn {name: SkyCoord.distance}
#       frame: icrs
#       obstime: !astropy.time.Time {format: jyear_str, in_subfmt: '*', jd1: 367701545.0, jd2: 0.0, out_subfmt: '*', precision: 3, scale: tt}
#       pm_dec: !astropy.table.SerializedColumn
#         __class__: astropy.units.quantity.Quantity
#         unit: !astropy.units.Unit {unit: mas / yr}
#         value: !astropy.table.SerializedColumn {name: SkyCoord.pm_dec}
#       pm_ra_cosdec: !astropy.table.SerializedColumn
#         __class__: astropy.units.quantity.Quantity
#         unit: !astropy.units.Unit {unit: mas / yr}
#         value: !astropy.table.SerializedColumn {name: SkyCoord.pm_ra_cosdec}
#       ra: !astropy.table.SerializedColumn
#         __class__: astropy.coordinates.angles.Longitude
#         unit: *id001
#         value: !astropy.table.SerializedColumn {name: SkyCoord.ra}
#         wrap_angle: !astropy.coordinates.Angle
#           unit: *id001
#           value: 360.0
#       representation_type: spherical
# schema: astropy-2.0
RA_ICRS_1 DE_ICRS_1 e_RA_ICRS e_DE_ICRS _r_1 HIP TYC2 Source rgeo Plx e_Plx pmRA pmDE e_pmRA e_pmDE RUWE Teff logg Gmag BP-RP BPmag RPmag RV e_RV b_rgeo B_rgeo FG e_FG FBP e_FBP FRP e_FRP RAVE5 RAVE6 e_Gmag e_BPmag e_RPmag e_BP-RP SkyCoord.ra SkyCoord.dec SkyCoord.distance SkyCoord.pm_ra_cosdec SkyCoord.pm_dec Pmemb
[from data line 119]
160.13102993947 -59.1586330428 0.0247 0.0247 11.5847 "" "" 5350575016479137280 2567.93042 0.3628 0.0272 -7.305 3.105 0.032 0.029 1.078 9517.4 3.447 15.517503 1.136916 15.990442 14.853526 "" "" 2393.70557 2800.23608 11693.52603 3.6019 5485.8 11.855 9072.9 12.235 "" "" 0.0027755423855781486 0.003645577 0.0040530763 0.0076986533 160.13102993947 -59.1586330428 2567.93042 -7.305000000000001 3.1050000000000004 0.99
160.17454043151 -59.08716911323 0.0254 0.0238 10.5056 "" "" 5350599137016460544 2450.78394 0.3794 0.0285 -7.343 3.025 0.033 0.027 0.979 9470.6 4.3369 15.520217 0.872417 15.868325 14.995909 "" "" 2314.80688 2579.26538 11664.33019 4.1106 6138.8 12.405 7957.8 15.203 "" "" 0.0027817600265897116 0.0035494654 0.004311175 0.00786064 160.17454043151 -59.08716911323 2450.78394 -7.342999999999998 3.025 0.99
160.21564748666 -59.16775171804 0.0232 0.023 9.1223 "" "" 5350597693907972224 2411.57202 0.3761 0.0266 -7.221 2.835 0.031 0.028 0.961 7814.8 4.1171 15.531493 0.899568 15.888068 14.988501 "" "" 2272.30493 2558.32812 11543.8167 3.4484 6028.2 12.997 8012.3 12.452 "" "" 0.0027743435206779026 0.0036420848 0.004138948 0.0077810325 160.21564748666 -59.16775171804 2411.57202 -7.221 2.835 0.99
160.74230087094 -58.96884327418 0.0222 0.0211 12.2626 "" "" 5350416858614826880 2191.35303 0.4288 0.0259 -7.178 3.122 0.03 0.029 0.947 5517.0 4.2001 15.537498 1.109168 16.010685 14.901517 "" "" 2071.42627 2299.77368 11480.1462 3.4057 5384.5 12.674 8680.6 14.703 "" "" 0.0027740825972273277 0.0037836665 0.00420305 0.007986717 160.74230087094 -58.96884327418 2191.35303 -7.178 3.122 0.99
160.31888831873 -59.15314560874 0.0245 0.026 5.8314 "" "" 5350595013848416640 2318.35669 0.3933 0.0299 -7.264 3.043 0.033 0.031 1.052 6047.4 4.1723 15.553108 1.032032 15.977523 14.945491 "" "" 2190.82812 2466.48364 11316.27243 4.0247 5551.5 11.995 8336.1 10.905 "" "" 0.0027822473151967436 0.0036453276 0.004037455 0.0076827826 160.31888831873 -59.15314560874 2318.35669 -7.263999999999999 3.0429999999999997 0.99
160.20603443003 -59.06230092895 0.0264 0.0258 10.0997 "" "" 5350599240095714048 2206.69458 0.4201 0.0292 -7.585 2.897 0.033 0.03 0.96 8032.8 4.1719 15.562293 0.906947 15.925969 15.019022 "" "" 2074.37158 2365.97559 11220.94416 4.0768 5821.4 11.884 7790.2 13.259 "" "" 0.002783414488890329 0.003563388 0.004206969 0.0077703567 160.20603443003 -59.06230092895 2206.69458 -7.584999999999999 2.8970000000000002 0.99
160.59142057801 -59.16848829031 0.0241 0.0233 3.4525 "" "" 5350407718925148928 2365.32764 0.3945 0.028 -7.399 2.972 0.032 0.029 0.957 6577.4 4.2737 15.606566 0.936398 15.985986 15.049588 "" "" 2231.73535 2517.29541 10772.5924 4.054 5508.4 13.647 7574.0 13.384 "" "" 0.002785450634745835 0.0038756428 0.004238486 0.008114128 160.59142057801 -59.16848829031 2365.32764 -7.398999999999999 2.9719999999999995 0.99
160.72098055438 -58.96956748638 0.0232 0.0216 11.8439 "" "" 5350416824255085440 2005.53625 0.4611 0.0271 -7.404 3.298 0.031 0.029 0.978 5944.6 4.0275 15.628895 1.205792 16.148912 14.94312 "" "" 1901.83813 2114.3877 10553.31356 7.5653 4740.8 18.16 8354.3 16.446 "" "" 0.002863141798791602 0.005008223 0.0043418854 0.009350108 160.72098055438 -58.96956748638 2005.53625 -7.404000000000001 3.298 0.94
160.76464634968 -59.07764780545 0.0249 0.0231 8.6757 "" "" 5350413766239361792 2429.56274 0.3767 0.029 -7.442 2.94 0.033 0.031 1.015 10011.2 4.1476 15.635616 0.962909 16.011003 15.048095 "" "" 2246.28442 2640.7644 10488.18357 3.6463 5382.9 22.647 7584.4 16.851 "" "" 0.0027810553850239903 0.005352659 0.00448362 0.009836279 160.76464634968 -59.07764780545 2429.56274 -7.441999999999999 2.94 0.98
160.14357209319 -59.08137307625 0.0256 0.0247 11.5183 "" "" 5350599343174882176 2099.23999 0.4456 0.0291 -7.481 3.016 0.034 0.03 0.987 9624.9 4.3904 15.642914 0.898291 16.000906 15.102615 "" "" 1963.71533 2228.52539 10417.92605 3.5878 5433.2 10.756 7212.9 11.16 "" "" 0.002780575619401866 0.0035220752 0.004135907 0.0076579824 160.14357209319 -59.08137307625 2099.23999 -7.480999999999999 3.016 0.99
160.64406734442 -59.11750878697 0.0241 0.0237 4.4039 "" "" 5350414075475975936 2255.94531 0.4022 0.0288 -6.646 3.034 0.033 0.032 0.936 6251.5 4.1113 15.661225 0.894773 16.014982 15.120209 "" "" 2105.95166 2428.93604 10243.69512 3.503 5363.2 16.8 7097.0 19.457 "" "" 0.0027802234089061443 0.0043990915 0.004810829 0.009209921 160.64406734442 -59.11750878697 2255.94531 -6.646 3.034 0.82
160.5927005177 -59.20616793689 0.0242 0.0264 5.1986 "" "" 5350407512766715392 2045.96985 0.4528 0.03 -7.491 2.916 0.033 0.033 0.98 6575.0 4.3094 15.688279 1.054243 16.12239 15.068148 "" "" 1919.97034 2166.13159 9991.6004 3.5533 4858.0 11.428 7445.6 15.277 "" "" 0.0027822432029780157 0.0037826512 0.004387085 0.008169736 160.5927005177 -59.20616793689 2045.96985 -7.491 2.9159999999999995 0.98
160.68935504868 -59.221382408 0.0235 0.0241 7.8083 "" "" 5350406619413555072 2092.66089 0.4582 0.0281 -7.313 2.983 0.032 0.033 0.943 5622.3 4.1654 15.728718 1.225977 16.266012 15.040035 "" "" 1982.08728 2224.6626 9626.30241 3.7407 4256.1 20.027 7640.9 17.118 "" "" 0.002787435327112689 0.00582117 0.0044944673 0.010315637 160.68935504868 -59.221382408 2092.66089 -7.313 2.9830000000000005 0.99
160.31034676778 -59.06306316354 0.0271 0.025 7.2749 "" "" 5350599824211307776 2534.64575 0.3564 0.031 -6.783 3.03 0.034 0.03 1.033 6005.2 4.3057 15.746699 1.027316 16.136013 15.108697 "" "" 2353.14575 2724.27979 9468.19248 3.763 4797.5 25.034 7172.6 36.559 "" "" 0.0027889049428028866 0.0063153096 0.006701438 0.013016747 160.31034676778 -59.06306316354 2534.64575 -6.7829999999999995 3.03 0.96
160.1677284594 -59.10061607545 0.0277 0.0258 10.5309 "" "" 5350598690339843072 2515.68384 0.3583 0.0308 -6.959 3.18 0.034 0.03 0.989 "" "" 15.747788 0.951356 16.130157 15.178802 "" "" 2345.88428 2741.31665 9458.69708 3.224 4823.4 12.036 6724.2 9.4369 "" "" 0.002780061837828775 0.003889116 0.004074989 0.007964104 160.1677284594 -59.10061607545 2515.68384 -6.959 3.1799999999999997 0.88
160.60914071514 -59.28108853853 0.0266 0.026 9.4875 "" "" 5350405554261628544 2644.06396 0.3508 0.0292 -7.442 3.004 0.037 0.035 0.982 7526.9 4.3961 15.769254 1.042455 16.195896 15.153441 "" "" 2460.82544 2920.9978 9273.53402 3.4316 4540.0 23.016 6883.1 13.188 "" "" 0.0027844581499126024 0.0061710486 0.0043140748 0.010485124 160.60914071514 -59.28108853853 2644.06396 -7.442000000000001 3.004 0.99
160.32178124102 -59.21298419385 0.0244 0.0266 7.4007 "" "" 5350594395373089792 2309.40747 0.4012 0.0301 -7.353 3.168 0.032 0.033 0.948 7155.2 4.2508 15.779634 1.027072 16.200777 15.173705 "" "" 2156.62305 2511.97095 9185.2887 3.2002 4519.7 8.892 6755.8 13.883 "" "" 0.002781165587259077 0.003513946 0.0043888274 0.007902773 160.32178124102 -59.21298419385 2309.40747 -7.353 3.168 0.98
160.79786500749 -59.1280734456 0.0269 0.0269 9.05 "" "" 5350413315234657152 1933.11487 0.4848 0.0325 -7.588 2.772 0.037 0.036 1.178 5152.7 4.1933 15.803649 1.385015 16.389782 15.004767 "" "" 1810.52649 2056.51147 8984.36321 10.228 3797.6 17.243 7893.2 25.295 "" "" 0.003019859325145157 0.005664611 0.005137123 0.010801734 160.79786500749 -59.1280734456 1933.11487 -7.588 2.7719999999999994 0.96
160.78658276931 -59.29189877512 0.0259 0.0266 12.9185 "" "" 5350403183439182592 2448.58447 0.3677 0.0313 -7.564 3.018 0.036 0.034 1.023 7308.4 3.8635 15.884732 1.074799 16.32883 15.254032 "" "" 2295.63062 2605.10254 8337.84844 3.1153 4016.8 14.091 6274.0 15.226 "" "" 0.002785023428334649 0.004721425 0.0046072192 0.009328645 160.78658276931 -59.29189877512 2448.58447 -7.564000000000001 3.018 0.99
160.67238649398 -59.16065939625 0.027 0.0266 5.4513 "" "" 5350407890723874048 2712.58667 0.3384 0.0335 -7.503 2.869 0.039 0.036 1.013 6169.3 4.2182 15.884936 0.962 16.242105 15.280106 "" "" 2505.66333 2944.3562 8336.27906 3.2466 4350.9 15.169 6125.1 37.829 "" "" 0.002787577263593517 0.004702517 0.0076973015 0.012399819 160.67238649398 -59.16065939625 2712.58667 -7.503 2.8689999999999998 0.98
160.2555777282 -59.13598648741 0.0276 0.0283 7.6503 "" "" 5350598037505386240 2292.78027 0.4204 0.0328 -7.582 2.954 0.036 0.033 1.056 6659.7 4.3866 15.900366 0.938292 16.28347 15.345178 "" "" 2116.69971 2480.16064 8218.64736 3.4169 4188.2 9.5064 5768.8 10.727 "" "" 0.0027920505631338914 0.0037226826 0.004284825 0.008007508 160.2555777282 -59.13598648741 2292.78027 -7.582 2.954 0.98
160.51641977321 -58.97564898539 0.0276 0.0281 9.4131 "" "" 5350603603783158912 2705.82642 0.3368 0.0335 -7.5 2.852 0.037 0.035 1.014 5539.5 4.2468 15.923327 1.082873 16.384953 15.302079 "" "" 2477.50439 2940.33325 8046.65989 3.1393 3814.5 7.9174 6002.4 9.1365 "" "" 0.0027876897975149324 0.003586584 0.004124919 0.0077115027 160.51641977321 -58.97564898539 2705.82642 -7.5 2.8519999999999994 0.99
160.57221726033 -58.99210115313 0.0317 0.031 8.6771 "" "" 5350602774831532160 2246.48413 0.4106 0.0379 -7.338 3.062 0.042 0.039 1.124 6003.3 4.2793 15.923481 1.257381 16.41486 15.157479 "" "" 2086.70093 2476.89258 8045.52398 4.5958 3710.8 15.919 6857.5 21.959 "" "" 0.0028242585304123127 0.0054294853 0.0051353076 0.010564793 160.57221726033 -58.99210115313 2246.48413 -7.337999999999999 3.062 0.99
160.83965961885 -59.16241673367 0.0273 0.0263 10.4836 "" "" 5350409917948523648 2226.43188 0.4157 0.0322 -7.582 2.702 0.039 0.035 1.007 6588.2 4.3674 15.943937 0.940106 16.325073 15.384967 "" "" 2089.1272 2402.33545 7895.35824 2.7562 4030.8 12.061 5561.2 9.0773 "" "" 0.002781267026074604 0.004282456 0.004174256 0.008456713 160.83965961885 -59.16241673367 2226.43188 -7.582000000000001 2.7020000000000004 0.92
160.63207566804 -58.93770158653 0.0261 0.0264 12.333 "" "" 5350604840733785728 2197.55396 0.4189 0.0317 -7.376 3.014 0.036 0.034 0.995 5986.8 4.1897 15.949257 1.149064 16.421848 15.272784 "" "" 2070.81689 2450.97705 7856.76846 3.9554 3687.0 11.61 6166.6 13.113 "" "" 0.002809014511347095 0.0044129086 0.0044287858 0.008841694 160.63207566804 -58.93770158653 2197.55396 -7.3759999999999994 3.014 0.99
160.54854571431 -59.16556754547 0.0283 0.0288 2.4159 "" "" 5350595357445850368 2749.34473 0.3413 0.0334 -7.52 2.931 0.037 0.035 0.932 5694.0 4.1862 15.990711 1.189034 16.489395 15.300362 "" "" 2507.70728 3062.24634 7562.44228 3.1058 3464.6 21.61 6011.9 12.178 "" "" 0.0027911672479461165 0.007324407 0.0043727267 0.011697134 160.54854571431 -59.16556754547 2749.34473 -7.52 2.931 0.99
160.28073006393 -59.21119250592 0.0272 0.0285 8.3356 "" "" 5350570992076850560 2414.9834 0.385 0.0328 -7.443 3.12 0.036 0.034 0.952 7368.6 4.3809 15.995034 1.050551 16.433191 15.38264 "" "" 2226.00562 2595.31177 7532.39588 3.0567 3648.7 12.893 5573.2 10.36 "" "" 0.00279032566282273 0.0047438503 0.0042845234 0.009028373 160.28073006393 -59.21119250592 2414.9834 -7.4430000000000005 3.12 0.99
160.81557821082 -59.15395515117 0.0288 0.0278 9.6748 "" "" 5350412872886009344 2301.9231 0.4091 0.0345 -7.604 2.812 0.039 0.037 0.945 7836.7 4.0795 16.05589 1.225236 16.572906 15.347671 "" "" 2115.41211 2519.82446 7121.81897 3.0516 3208.1 8.49 5755.6 11.098 "" "" 0.002794319530730083 0.004005124 0.0043204837 0.0083256075 160.81557821082 -59.15395515117 2301.9231 -7.604000000000001 2.8120000000000007 0.97
160.41931344208 -59.27096508777 0.0288 0.0308 8.7113 "" "" 5350593295861789440 2467.63062 0.3682 0.0354 -7.352 2.905 0.039 0.038 0.972 5338.2 4.1762 16.06287 1.449113 16.713367 15.264255 "" "" 2299.23657 2746.83203 7076.17274 7.0646 2818.8 13.978 6215.2 21.461 "" "" 0.002960871438074286 0.0060640336 0.0053234356 0.011387469 160.41931344208 -59.27096508777 2467.63062 -7.352 2.904999999999999 0.99
160.17485945458 -59.23401101272 0.0292 0.0272 11.8122 "" "" 5350573676449307520 2259.3833 0.4215 0.0323 -7.63 2.657 0.038 0.034 0.951 6945.0 4.4269 16.086021 1.025036 16.512297 15.487261 "" "" 2089.56421 2446.6333 6926.88533 2.978 3392.3 9.8506 5061.2 10.824 "" "" 0.0027945789856974896 0.0042101103 0.0044356873 0.008645797 160.17485945458 -59.23401101272 2259.3833 -7.629999999999999 2.657 0.83
160.42517270264 -59.23653886783 0.0283 0.0282 6.7016 "" "" 5350593428982217984 2541.59375 0.3614 0.0333 -7.171 3.226 0.037 0.035 1.035 5441.9 4.2218 16.09428 1.20268 16.591448 15.388768 "" "" 2323.77295 2799.56421 6874.40286 4.9024 3153.8 11.82 5541.8 15.562 "" "" 0.0028620445453648594 0.004933896 0.004855856 0.009789752 160.42517270264 -59.23653886783 2541.59375 -7.1709999999999985 3.226 0.98
160.64618666905 -59.19216593986 0.0301 0.0288 5.6549 "" "" 5350407444047262336 2389.22266 0.392 0.0357 -7.499 2.985 0.042 0.041 1.004 5374.3 4.1976 16.126394 1.388475 16.738386 15.349911 "" "" 2225.05249 2623.85791 6674.04437 10.084 2754.6 23.183 5743.7 23.73 "" "" 0.003206700455452811 0.009554164 0.005865597 0.015419761 160.64618666905 -59.19216593986 2389.22266 -7.499000000000001 2.9850000000000003 0.99
160.60128361582 -59.12494161448 0.0312 0.0305 3.0279 "" "" 5350408268680188672 2547.17261 0.3677 0.0367 -6.97 3.176 0.044 0.041 1.022 9011.9 4.2625 16.181871 1.282639 16.759727 15.477089 "" "" 2344.32959 2779.38232 6341.588 2.8884 2701.0 9.357 5108.8 7.6308 "" "" 0.002799346205421575 0.0046831956 0.004112627 0.008795822 160.60128361582 -59.12494161448 2547.17261 -6.97 3.1759999999999997 0.96
160.32651041228 -59.0986852255 0.0349 0.0319 5.8292 "" "" 5350599618053393280 2107.73999 0.4531 0.0399 -7.105 3.425 0.046 0.038 0.971 5743.5 4.5239 16.228807 0.949276 16.61765 15.668373 "" "" 1952.07556 2306.26245 6073.28394 3.2241 3078.6 10.156 4283.6 11.469 "" "" 0.0028149607153351076 0.004540252 0.0047680414 0.009308293 160.32651041228 -59.0986852255 2107.73999 -7.105 3.425 0.94
160.81272962331 -59.1253202996 0.033 0.031 9.5138 "" "" 5350413353922348672 2445.35107 0.3858 0.0385 -7.46 2.895 0.046 0.044 1.001 9065.2 3.4449 16.266207 1.52397 16.942787 15.418817 "" "" 2214.57031 2713.74707 5867.65125 2.8209 2281.9 6.9888 5390.5 12.598 "" "" 0.0028043260796699154 0.004340811 0.004552182 0.0088929925 160.81272962331 -59.1253202996 2445.35107 -7.460000000000001 2.8950000000000005 0.99
160.88742573679 -59.09909075634 0.0333 0.03 11.9764 "" "" 5350411979532852864 2149.77612 0.4361 0.0381 -7.733 2.986 0.045 0.042 0.975 6094.1 4.1576 16.295473 1.028648 16.716022 15.687374 "" "" 2014.80933 2356.53198 5711.59809 2.5707 2812.0 8.1302 4209.3 12.996 "" "" 0.002798319208104771 0.004199908 0.005051799 0.009251707 160.88742573679 -59.09909075634 2149.77612 -7.733 2.986 0.84
160.88915757365 -59.05833029865 0.0322 0.0305 12.6737 "" "" 5350415449866430976 2403.9873 0.3963 0.0384 -6.952 3.146 0.046 0.043 0.988 8327.0 3.7278 16.296276 1.603091 17.037926 15.434834 "" "" 2190.88452 2612.14673 5707.37569 2.5448 2090.5 9.0272 5311.6 12.54 "" "" 0.0027975255393358827 0.005455859 0.0045666336 0.010022493 160.88915757365 -59.05833029865 2403.9873 -6.952000000000001 3.146000000000001 0.99
