Clusters/Bochum_10/Bochum_10_stars_in_region.tsv
# %ECSV 1.0
# ---
# datatype:
# - name: RA_ICRS_1
#   unit: deg
#   datatype: float64
#   format: '{:15.11f}'
#   description: Right ascension (ICRS) at Ep=2016.0 (ra)
#   meta: !!omap
#   - {ucd: POS_EQ_RA_MAIN}
#   - {width: 15}
#   - {precision: '11'}
# - name: DE_ICRS_1
#   unit: deg
#   datatype: float64
#   format: '{:15.11f}'
#   description: Declination (ICRS) at Ep=2016.0 (dec)
#   meta: !!omap
#   - {ucd: POS_EQ_DEC_MAIN}
#   - {width: 15}
#   - {precision: '11'}
# - name: e_RA_ICRS
#   unit: mas
#   datatype: float64
#   format: '{:7.4f}'
#   description: Standard error of right ascension (ra_error)
#   meta: !!omap
#   - {ucd: ERROR}
#   - {width: 7}
#   - {precision: '4'}
# - name: e_DE_ICRS
#   unit: mas
#   datatype: float64
#   format: '{:7.4f}'
#   description: Standard error of declination (dec_error)
#   meta: !!omap
#   - {ucd: ERROR}
#   - {width: 7}
#   - {precision: '4'}
# - name: _r_1
#   unit: ''
#   datatype: float64
#   format: '{:7.4f}'
#   description: Distance from center (160.50401367000-59.13240423000)[ICRS], at Epoch=J2016.0
#   meta: !!omap
#   - {ucd: POS_ANG_DIST_GENERAL}
#   - {width: 7}
#   - {precision: '4'}
# - name: HIP
#   datatype: int32
#   description: '? HIP cross-id number, van Leeuwen, Cat. I/311 (hip_original_ext_source_id)'
#   meta: !!omap
#   - {ucd: ID_NUMBER}
#   - {width: 6}
#   - values: {'null': -2147483648}
# - name: TYC2
#   datatype: string
#   description: Tycho-2 cross-id name, Hog et al., Cat. I/259 (tyc2_original_ext_source_id)
#   meta: !!omap
#   - {ucd: ID_CROSSID}
#   - {_votable_string_dtype: char}
# - name: Source
#   datatype: int64
#   description: Source identifier, identical to the Gaia-EDR3 source_id (id)
#   meta: !!omap
#   - {ucd: ID_MAIN}
#   - {width: 19}
# - name: rgeo
#   unit: pc
#   datatype: float64
#   format: '{:15.8f}'
#   description: '? Median of the geometric distance posterior (r_med_geo)'
#   meta: !!omap
#   - {ucd: PHYS_DISTANCE_TRUE}
#   - {width: 15}
#   - {precision: '8'}
#   - values: {'null': .nan}
# - name: Plx
#   unit: mas
#   datatype: float64
#   format: '{:9.4f}'
#   description: '? Parallax (parallax)'
#   meta: !!omap
#   - {ucd: POS_PARLX_TRIG}
#   - {width: 9}
#   - {precision: '4'}
#   - values: {'null': .nan}
# - name: e_Plx
#   unit: mas
#   datatype: float32
#   format: '{:7.4f}'
#   description: '? Standard error of parallax (parallax_error)'
#   meta: !!omap
#   - {ucd: ERROR}
#   - {width: 7}
#   - {precision: '4'}
#   - values: {'null': .nan}
# - name: pmRA
#   unit: mas / yr
#   datatype: float64
#   format: '{:9.3f}'
#   description: '? Proper motion in right ascension direction, pmRA*cosDE (pmra)'
#   meta: !!omap
#   - {ucd: POS_EQ_PMRA}
#   - {width: 9}
#   - {precision: '3'}
#   - values: {'null': .nan}
# - name: pmDE
#   unit: mas / yr
#   datatype: float64
#   format: '{:9.3f}'
#   description: '? Proper motion in declination direction (pmdec)'
#   meta: !!omap
#   - {ucd: POS_EQ_PMDEC}
#   - {width: 9}
#   - {precision: '3'}
#   - values: {'null': .nan}
# - name: e_pmRA
#   unit: mas / yr
#   datatype: float32
#   format: '{:6.3f}'
#   description: '? Standard error of proper motion in right ascension direction (pmra_error)'
#   meta: !!omap
#   - {ucd: ERROR}
#   - {width: 6}
#   - {precision: '3'}
#   - values: {'null': .nan}
# - name: e_pmDE
[...]
#         value: !astropy.table.SerializedColumn {name: SkyCoord.dec}
#       distance: !astropy.table.SerializedColumn
#         __class__: astropy.coordinates.distances.Distance
#         unit: !astropy.units.Unit {unit: pc}
#         value: !astropy.table.SerializedColumn {name: SkyCoord.distance}
#       frame: icrs
#       obstime: !astropy.time.Time {format: jyear_str, in_subfmt: '*', jd1: 367701545.0, jd2: 0.0, out_subfmt: '*', precision: 3, scale: tt}
#       pm_dec: !astropy.table.SerializedColumn
#         __class__: astropy.units.quantity.Quantity
#         unit: !astropy.units.Unit {unit: mas / yr}
#         value: !astropy.table.SerializedColumn {name: SkyCoord.pm_dec}
#       pm_ra_cosdec: !astropy.table.SerializedColumn
#         __class__: astropy.units.quantity.Quantity
#         unit: !astropy.units.Unit {unit: mas / yr}
#         value: !astropy.table.SerializedColumn {name: SkyCoord.pm_ra_cosdec}
#       ra: !astropy.table.SerializedColumn
#         __class__: astropy.coordinates.angles.Longitude
#         unit: *id001
#         value: !astropy.table.SerializedColumn {name: SkyCoord.ra}
#         wrap_angle: !astropy.coordinates.Angle
#           unit: *id001
#           value: 360.0
#       representation_type: spherical
# schema: astropy-2.0
RA_ICRS_1 DE_ICRS_1 e_RA_ICRS e_DE_ICRS _r_1 HIP TYC2 Source rgeo Plx e_Plx pmRA pmDE e_pmRA e_pmDE RUWE Teff logg Gmag BP-RP BPmag RPmag RV e_RV b_rgeo B_rgeo FG e_FG FBP e_FBP FRP e_FRP RAVE5 RAVE6 e_Gmag e_BPmag e_RPmag e_BP-RP SkyCoord.ra SkyCoord.dec SkyCoord.distance SkyCoord.pm_ra_cosdec SkyCoord.pm_dec rmRA rmDE e_rmRA e_rmDE rRV e_rRV v_pec v_pec3d e_vpec e_vpec3d
[from data line 2475]
160.58464862547 -59.37288210778 0.0392 0.0397 14.6391 "" "" 5350380746528594432 1901.03394 0.5029 0.0471 -8.833 2.228 0.053 0.051 1.018 5457.1 4.6309 16.734829 1.236633 17.245026 16.008392 "" "" 1782.60876 2084.74023 3810.79238 2.4155 1727.5 10.624 3131.8 11.056 "" "" 0.0028399668339723913 0.007236714 0.005382834 0.012619548 160.58464862547 -59.37288210778 1901.03394 -8.833000000000009 2.2280000000000006 -1.4478719787597658 -0.7526282520294187 0.2630125 0.2610125 "" "" 14.704019283294985 "" 3.861103671940127 ""
159.7609925407 -59.19383294583 0.0485 0.0457 23.1474 "" "" 5350585702357323904 2214.40039 0.4308 0.052 -6.58 3.017 0.072 0.055 1.024 "" "" 16.734987 1.514404 17.431011 15.916607 "" "" 2015.34253 2502.54492 3810.23675 2.2956 1455.5 15.603 3408.1 16.855 "" "" 0.002831904712258119 0.011968884 0.0065662903 0.018535174 159.7609925407 -59.19383294583 2214.40039 -6.58 3.017000000000002 0.8051280212402343 0.03637174797058096 0.28201252 0.2650125 "" "" 8.459450105917451 "" 2.385386781871551 ""
161.17547687385 -59.10887249711 0.0422 0.0387 20.7251 "" "" 5350493274668368128 1971.021 0.5037 0.0497 -12.259 3.113 0.056 0.045 1.011 5656.0 4.6126 16.735546 1.412757 17.367222 15.954465 "" "" 1783.5188 2203.92041 3808.27427 2.13 1543.6 7.0419 3291.3 11.806 "" "" 0.0028214456984271773 0.005684937 0.0054269154 0.011111852 161.17547687385 -59.10887249711 1971.021 -12.258999999999995 3.1129999999999978 -4.873871978759766 0.13237174797058104 0.26601252 0.2550125 "" "" 45.55162004078807 "" 12.11693951596193 ""
160.48391468155 -58.9772087346 0.0431 0.0422 9.3324 "" "" 5350603565105542016 2687.87085 0.3485 0.0535 -8.039 5.174 0.059 0.054 0.963 5339.9 4.6811 16.735783 1.123079 17.196749 16.07367 "" "" 2347.79395 3064.1709 3807.44596 2.2199 1806.0 12.896 2949.1 16.362 "" "" 0.0028271037756346473 0.008239647 0.0071112583 0.015350906 160.48391468155 -58.9772087346 2687.87085 -8.039 5.1739999999999995 -0.6538719787597653 2.1933717479705814 0.2690125 0.26401252 "" "" 29.159980985887618 "" 7.710603102957186 ""
160.43170263874 -59.08888654095 0.0434 0.0399 3.432 "" "" 5350596937993830912 1994.04761 0.487 0.0494 -5.969 1.912 0.055 0.049 1.004 5168.2 4.7355 16.736465 0.997557 17.14478 16.147223 "" "" 1791.55615 2197.84839 3805.05273 2.3805 1894.5 10.255 2755.9 19.13 "" "" 0.0028378115814827174 0.006505822 0.008431142 0.014936964 160.43170263874 -59.08888654095 1994.04761 -5.969000000000001 1.912 1.416128021240234 -1.068628252029419 0.2650125 0.25901252 "" "" 16.768290699123288 "" 4.407568008936932 ""
161.04459511397 -59.20862457808 0.0426 0.0414 17.24 "" "" 5350409058954731648 2158.39551 0.445 0.0515 -4.539 1.476 0.058 0.051 0.962 5767.7 4.6848 16.73693 1.155809 17.212973 16.057163 "" "" 1976.06848 2398.76709 3803.41869 2.5817 1779.2 11.09 2994.3 9.944 "" "" 0.0028521797834604222 0.0073201577 0.0052234884 0.012543647 161.04459511397 -59.20862457808 2158.39551 -4.539 1.4759999999999986 2.8461280212402347 -1.504628252029419 0.26801252 0.2610125 "" "" 32.936725813405076 "" 8.777610698083365 ""
160.99016799202 -59.38710121134 0.0403 0.0392 21.3502 "" "" 5350389989299637248 2676.1272 0.3568 0.0481 -7.152 0.989 0.052 0.049 1.095 5705.4 4.5924 16.738195 1.182171 17.23696 16.054789 "" "" 2423.88208 3148.18823 3798.99654 2.2126 1740.3 14.808 3000.8 16.781 "" "" 0.0028269519624680023 0.009650544 0.0071518095 0.016802354 160.99016799202 -59.38710121134 2676.1272 -7.152 0.9889999999999985 0.23312802124023424 -1.991628252029419 0.2620125 0.25901252 "" "" 25.435978292167782 "" 6.589274143954558 ""
160.16491589877 -59.3534898304 0.0391 0.0422 16.8589 "" "" 5350571202548083584 2069.06201 0.4567 0.0459 -7.638 5.958 0.05 0.052 0.914 5053.1 4.4329 16.73827 1.29665 17.32431 16.02766 "" "" 1871.57666 2251.29395 3798.73315 2.1964 1605.8 12.943 3076.8 9.4632 "" "" 0.002825929580387178 0.009185239 0.0050433166 0.014228555 160.16491589877 -59.3534898304 2069.06201 -7.637999999999993 5.957999999999995 -0.2528719787597655 2.9773717479705812 0.2600125 0.2620125 "" "" 29.30526426305734 "" 7.677927730480353 ""
160.05263718633 -58.94087507279 0.0517 0.0445 18.0612 "" "" 5350613293228754816 2826.64355 0.3418 0.0536 -6.072 2.96 0.062 0.052 1.105 9426.6 3.8535 16.739262 1.668759 17.52819 15.859431 "" "" 2434.73486 3358.21411 3795.26276 2.3341 1330.9 7.2411 3592.4 10.137 "" "" 0.0028350758184133773 0.0065330192 0.0048651933 0.011398213 160.05263718633 -58.94087507279 2826.64355 -6.071999999999994 2.959999999999998 1.3131280212402343 -0.02062825202941898 0.2720125 0.2620125 "" "" 17.595841349304955 "" 4.786246214883508 ""
160.5088418337 -59.51588458167 0.0433 0.0454 23.0093 "" "" 5350377997749209216 2500.83545 0.3903 0.052 -7.59 2.386 0.061 0.059 1.162 5682.1 4.6246 16.740156 1.187202 17.242483 16.05528 "" "" 2258.7561 2828.32153 3792.13804 3.2207 1731.5 14.967 2999.5 13.037 "" "" 0.002905530319253279 0.009791027 0.006045908 0.015836935 160.5088418337 -59.51588458167 2500.83545 -7.59 2.386 -0.20487197875976548 -0.5946282520294188 0.2710125 0.2690125 "" "" 7.455333143883446 "" 2.0071653208238556 ""
159.91068667534 -59.25864846555 0.0408 0.0412 19.7418 "" "" 5350584323651495168 2791.65894 0.3355 0.0494 -7.284 3.133 0.054 0.05 1.042 9281.5 3.761 16.741398 1.879941 17.652481 15.77254 "" "" 2434.36938 3241.10449 3787.80673 3.3982 1186.9 9.2464 3891.7 12.222 "" "" 0.0029224272632568543 0.008906616 0.0050902236 0.0139968395 159.91068667534 -59.25864846555 2791.65894 -7.284 3.133000000000002 0.10112802124023457 0.15237174797058106 0.26401252 0.2600125 "" "" 2.4199142586424727 "" 0.632183662017596 ""
160.60631697198 -59.44826091466 0.039 0.0413 19.2089 "" "" 5350379818815505536 2478.40649 0.3963 0.048 -9.25 4.895 0.051 0.052 1.007 5498.0 4.6253 16.741592 1.11352 17.207657 16.094137 "" "" 2199.28955 2826.81006 3787.12703 2.3873 1787.9 11.505 2894.0 19.356 "" "" 0.0028390521969306227 0.0075231674 0.008186378 0.015709545 160.60631697198 -59.44826091466 2478.40649 -9.25 4.895 -1.8648719787597656 1.9143717479705806 0.2610125 0.2620125 "" "" 31.396268266741615 "" 8.210942855070368 ""
160.4485267284 -59.11139529042 0.0428 0.0408 2.1233 "" "" 5350596491317221632 2575.69116 0.3651 0.0499 -2.828 1.065 0.055 0.051 0.911 5887.1 4.4553 16.74242 1.542631 17.449516 15.906885 "" "" 2288.90991 2943.67529 3784.23886 2.4666 1430.9 8.7735 3438.8 13.972 "" "" 0.0028447526802040293 0.0072182133 0.00580897 0.013027184 160.4485267284 -59.11139529042 2575.69116 -2.827999999999998 1.064999999999999 4.557128021240235 -1.915628252029419 0.2650125 0.2610125 "" "" 60.35267093178446 "" 15.958193468941904 ""
160.89985311101 -59.22080309362 0.0423 0.0397 13.2751 "" "" 5350409505631231488 1994.9762 0.4769 0.0512 3.106 -6.51 0.06 0.051 0.988 5519.5 4.6374 16.743385 1.134304 17.248856 16.114552 "" "" 1810.45813 2251.86719 3780.88026 2.2258 1721.4 8.9655 2840.1 8.3363 "" "" 0.0028284854247357244 0.0063056936 0.004943668 0.011249362 160.89985311101 -59.22080309362 1994.9762 3.1060000000000008 -6.51 10.491128021240234 -9.490628252029419 0.2700125 0.2610125 "" "" 133.77607280973902 "" 35.584394197917106 ""
160.77368807212 -59.49093669076 0.0377 0.0394 23.0425 "" "" 5350375833085916032 2561.09619 0.3738 0.0458 -4.616 3.431 0.05 0.05 1.029 5211.2 4.3493 16.7435 1.249678 17.189943 15.940266 "" "" 2323.20972 2926.4082 3780.4771 2.5914 1817.4 20.447 3334.7 38.013 "" "" 0.0028540638205559682 0.012529887 0.012940742 0.02547063 160.77368807212 -59.49093669076 2561.09619 -4.616000000000004 3.431000000000002 2.7691280212402347 0.4503717479705811 0.2600125 0.2600125 "" "" 34.05779750647819 "" 8.855453327497523 ""
159.93367715283 -59.25886213715 0.0532 0.0537 19.0964 "" "" 5350584362327537664 2220.66504 0.483 0.0652 -13.071 5.724 0.069 0.064 1.354 5036.9 4.505 16.744251 1.274614 17.285904 16.01129 "" "" 1912.3667 2952.34448 3777.86598 4.1046 1663.6 9.0627 3123.5 10.137 "" "" 0.0029972210596471136 0.0065397834 0.005167186 0.011706969 159.93367715283 -59.25886213715 2220.66504 -13.071000000000002 5.723999999999995 -5.685871978759765 2.7433717479705813 0.2790125 0.2740125 "" "" 66.45138697886703 "" 18.478483354200034 ""
160.47944259294 -59.10565754133 0.0431 0.0408 1.7742 "" "" 5350596109042081536 2439.03101 0.3949 0.0513 -9.924 6.9 0.057 0.051 0.956 4910.2 4.5356 16.744455 1.101606 17.191343 16.089737 "" "" 2190.98926 2747.91284 3777.15314 2.2976 1815.0 20.264 2905.8 19.652 "" "" 0.0028333675965875847 0.01243893 0.008258411 0.02069734 160.47944259294 -59.10565754133 2439.03101 -9.924 6.900000000000001 -2.538871978759765 3.9193717479705814 0.2670125 0.2610125 "" "" 53.98797884448094 "" 14.188054612579514 ""
160.70608482238 -59.02991341184 0.0426 0.0399 8.7536 "" "" 5350416274499253632 2199.03101 0.4335 0.0492 -8.279 2.465 0.056 0.053 0.927 9040.4 4.3131 16.745134 1.805355 17.662573 15.857218 "" "" 2037.6012 2498.5083 3774.79135 2.518 1175.9 9.6848 3599.7 14.116 "" "" 0.0028489162864768305 0.009367393 0.005693091 0.015060484 160.70608482238 -59.02991341184 2199.03101 -8.279 2.4650000000000003 -0.8938719787597655 -0.5156282520294191 0.26601252 0.2630125 "" "" 10.756226795748994 "" 2.8532684761349807 ""
161.16205496841 -59.31986814216 0.0409 0.0406 23.1214 "" "" 5350395585615836800 2740.22949 0.3514 0.0499 -6.271 2.083 0.053 0.048 0.955 5484.6 3.9851 16.747238 1.573325 17.455906 15.882581 "" "" 2395.28296 3138.98071 3767.48485 6.5207 1422.5 16.189 3516.6 20.7 "" "" 0.003335128835444662 0.012667506 0.0074249003 0.020092405 161.16205496841 -59.31986814216 2740.22949 -6.271 2.083 1.1141280212402345 -0.8976282520294188 0.2630125 0.2580125 "" "" 18.583438693866388 "" 4.851315484534661 ""
160.16476710629 -59.05675713621 0.0501 0.0447 11.3974 "" "" 5350599274455440768 2230.72632 0.4191 0.0536 -6.705 1.806 0.061 0.053 0.996 6014.4 4.4824 16.74728 1.21114 17.279425 16.068285 "" "" 2003.32129 2505.33496 3767.33589 2.3442 1673.6 8.1538 2963.8 7.902 "" "" 0.0028369374554963636 0.005980484 0.004760605 0.010741089 160.16476710629 -59.05675713621 2230.72632 -6.704999999999999 1.8059999999999992 0.6801280212402343 -1.174628252029419 0.2710125 0.2630125 "" "" 14.351848232648564 "" 3.8038692493262167 ""
160.36779524291 -59.42811805059 0.0443 0.0497 18.2274 "" "" 5350567182459072256 2395.84326 0.4027 0.0568 -6.285 2.672 0.064 0.069 1.193 5595.8 4.5792 16.747524 1.309908 17.317383 16.007475 "" "" 2097.42114 2836.42725 3766.48884 3.6808 1616.1 13.09 3134.5 12.173 "" "" 0.0029525557341414208 0.009226201 0.0056623956 0.014888597 160.36779524291 -59.42811805059 2395.84326 -6.285000000000001 2.672 1.1001280212402342 -0.3086282520294188 0.2740125 0.2790125 "" "" 12.975696569233568 "" 3.560276631736846 ""
160.47618250121 -58.80146895945 0.0398 0.0413 19.8748 "" "" 5350703040867076224 2471.49658 0.3864 0.0486 -8.179 3.57 0.052 0.051 1.026 5521.4 4.6457 16.748426 1.08493 17.199106 16.114176 "" "" 2206.69775 2778.38892 3763.36631 2.2607 1802.1 11.576 2841.1 11.403 "" "" 0.002831461417122995 0.007511768 0.005768296 0.013280064 160.47618250121 -58.80146895945 2471.49658 -8.178999999999998 3.5700000000000003 -0.7938719787597659 0.5893717479705809 0.2620125 0.2610125 "" "" 11.582895153576857 "" 3.0307528022602526 ""
160.74174658264 -59.3453164369 0.0424 0.0429 14.7111 "" "" 5350401499811906432 2683.24609 0.366 0.0505 -7.899 4.753 0.056 0.054 1.034 5726.7 4.5865 16.748835 1.18737 17.243423 16.056053 "" "" 2420.15991 3122.65698 3761.94612 2.1289 1730.0 8.7554 2997.3 11.564 "" "" 0.0028229956127592843 0.006162645 0.005641878 0.011804523 160.74174658264 -59.3453164369 2683.24609 -7.899000000000005 4.753 -0.5138719787597656 1.7723717479705812 0.26601252 0.26401252 "" "" 23.470413777384195 "" 6.200135661892653 ""
160.67607159733 -59.39651043357 0.0406 0.041 16.7016 "" "" 5350380437290986240 2189.56958 0.4251 0.0493 -5.811 4.128 0.054 0.053 1.066 5500.6 4.6079 16.749636 1.217922 17.29692 16.078999 "" "" 1987.97766 2444.75293 3759.17207 2.5897 1646.8 12.07 2934.7 9.4072 "" "" 0.002855037956303553 0.008432731 0.0051377476 0.013570478 160.67607159733 -59.39651043357 2189.56958 -5.810999999999999 4.128 1.5741280212402344 1.1473717479705812 0.26401252 0.2630125 "" "" 20.21646736989484 "" 5.330394788612642 ""
160.59892698133 -58.98196774854 0.0422 0.0414 9.4893 "" "" 5350604290977942784 2236.42773 0.4343 0.0513 -7.95 4.526 0.056 0.051 1.072 4877.6 4.3731 16.75038 1.259608 17.23109 15.971482 "" "" 2040.30164 2467.24878 3756.59751 3.4198 1749.8 20.479 3240.2 29.153 "" "" 0.0029272364453639664 0.013009768 0.010474291 0.023484059 160.59892698133 -58.98196774854 2236.42773 -7.949999999999998 4.525999999999996 -0.5648719787597658 1.5453717479705809 0.26601252 0.2610125 "" "" 17.442058052882302 "" 4.562960498970892 ""
160.36497428766 -59.15061541762 0.1722 0.1769 4.4163 "" "" 5350595082567908096 2703.80078 0.4735 0.2124 -1.449 0.175 0.223 0.223 4.222 4404.5 4.2519 16.751162 1.390893 17.303448 15.912555 "" "" 1801.75867 3706.29785 3753.89368 16.25 1637.0 11.353 3420.9 9.7882 "" "" 0.005448079615002506 0.008030172 0.004892316 0.012922488 160.36497428766 -59.15061541762 2703.80078 -1.4490000000000003 0.17500000000000046 5.9361280212402345 -2.805628252029419 0.43301252 0.43301252 "" "" 84.1468455471082 "" 36.43663724545859 ""
160.82024427173 -59.04154928949 0.054 0.052 11.1683 "" "" 5350415346787190528 2293.93384 0.3896 0.0641 -10.628 3.609 0.078 0.076 0.96 8393.4 3.6183 16.751184 3.528652 18.95389 15.425238 "" "" 1996.72937 2582.21387 3753.81902 4.7414 357.98 10.985 5358.7 23.587 "" "" 0.003077737837713893 0.0334336 0.0060928343 0.039526436 160.82024427173 -59.04154928949 2293.93384 -10.627999999999993 3.6089999999999955 -3.2428719787597657 0.628371747970581 0.2880125 0.2860125 "" "" 35.9164079128744 "" 10.341783800127928 ""
160.38653560305 -58.83051185286 0.0418 0.0416 18.4741 "" "" 5350609307499435520 2358.02856 0.3978 0.0506 -1.559 0.064 0.051 0.049 1.034 5501.2 4.6249 16.752071 1.186708 17.260984 16.074276 "" "" 2123.88867 2717.94629 3750.75247 2.2452 1702.2 10.708 2947.5 11.286 "" "" 0.0028309340156705562 0.007377957 0.0056184344 0.012996391 160.38653560305 -58.83051185286 2358.02856 -1.559 0.06399999999999996 5.826128021240234 -2.916628252029419 0.2610125 0.25901252 "" "" 72.82303026289736 "" 18.978624468931976 ""
160.69889901791 -59.1253716011 0.0438 0.0395 6.0147 "" "" 5350413830637332480 2077.84912 0.4579 0.0494 -6.401 1.155 0.06 0.054 0.968 4826.3 4.4624 16.7525 1.246561 17.302025 16.055464 "" "" 1906.84509 2280.96045 3749.27035 2.1179 1639.1 7.8984 2999.0 10.548 "" "" 0.002822754614200467 0.005929388 0.005372742 0.01130213 160.69889901791 -59.1253716011 2077.84912 -6.401000000000001 1.154999999999999 0.9841280212402346 -1.825628252029419 0.2700125 0.26401252 "" "" 20.42671842677849 "" 5.420746604175347 ""
159.89898678437 -58.93038719566 0.0467 0.0449 22.2675 "" "" 5350615698410388864 2540.39502 0.3554 0.0528 -7.098 5.154 0.058 0.055 1.04 7684.4 2.9885 16.753613 3.414889 18.82216 15.407271 "" "" 2267.45996 2934.02905 3745.43035 3.0494 404.16 10.35 5448.2 27.456 "" "" 0.0028936465609619615 0.027943905 0.006649912 0.034593817 159.89898678437 -58.93038719566 2540.39502 -7.098 5.154 0.2871280212402345 2.173371747970581 0.26801252 0.2650125 "" "" 26.39799253940024 "" 6.997164137148828 ""
160.23342220647 -59.10713017586 0.0445 0.0441 8.4696 "" "" 5350598278023005184 2505.45654 0.3948 0.052 -12.564 1.229 0.056 0.051 0.949 "" "" 16.753897 1.929755 17.727411 15.797656 "" "" 2197.84692 2893.66455 3744.44922 2.5202 1107.8 7.361 3802.7 10.243 "" "" 0.002850577351763022 0.007735147 0.0047787796 0.012513926 160.23342220647 -59.10713017586 2505.45654 -12.563999999999998 1.2289999999999983 -5.178871978759766 -1.7516282520294189 0.26601252 0.2610125 "" "" 64.92624726732235 "" 17.238151507972592 ""
