Clusters/Bochum_10/Bochum_10_stars_in_region.tsv
# %ECSV 1.0
# ---
# datatype:
# - name: RA_ICRS_1
#   unit: deg
#   datatype: float64
#   format: '{:15.11f}'
#   description: Right ascension (ICRS) at Ep=2016.0 (ra)
#   meta: !!omap
#   - {ucd: POS_EQ_RA_MAIN}
#   - {width: 15}
#   - {precision: '11'}
# - name: DE_ICRS_1
#   unit: deg
#   datatype: float64
#   format: '{:15.11f}'
#   description: Declination (ICRS) at Ep=2016.0 (dec)
#   meta: !!omap
#   - {ucd: POS_EQ_DEC_MAIN}
#   - {width: 15}
#   - {precision: '11'}
# - name: e_RA_ICRS
#   unit: mas
#   datatype: float64
#   format: '{:7.4f}'
#   description: Standard error of right ascension (ra_error)
#   meta: !!omap
#   - {ucd: ERROR}
#   - {width: 7}
#   - {precision: '4'}
# - name: e_DE_ICRS
#   unit: mas
#   datatype: float64
#   format: '{:7.4f}'
#   description: Standard error of declination (dec_error)
#   meta: !!omap
#   - {ucd: ERROR}
#   - {width: 7}
#   - {precision: '4'}
# - name: _r_1
#   unit: ''
#   datatype: float64
#   format: '{:7.4f}'
#   description: Distance from center (160.50401367000-59.13240423000)[ICRS], at Epoch=J2016.0
#   meta: !!omap
#   - {ucd: POS_ANG_DIST_GENERAL}
#   - {width: 7}
#   - {precision: '4'}
# - name: HIP
#   datatype: int32
#   description: '? HIP cross-id number, van Leeuwen, Cat. I/311 (hip_original_ext_source_id)'
#   meta: !!omap
#   - {ucd: ID_NUMBER}
#   - {width: 6}
#   - values: {'null': -2147483648}
# - name: TYC2
#   datatype: string
#   description: Tycho-2 cross-id name, Hog et al., Cat. I/259 (tyc2_original_ext_source_id)
#   meta: !!omap
#   - {ucd: ID_CROSSID}
#   - {_votable_string_dtype: char}
# - name: Source
#   datatype: int64
#   description: Source identifier, identical to the Gaia-EDR3 source_id (id)
#   meta: !!omap
#   - {ucd: ID_MAIN}
#   - {width: 19}
# - name: rgeo
#   unit: pc
#   datatype: float64
#   format: '{:15.8f}'
#   description: '? Median of the geometric distance posterior (r_med_geo)'
#   meta: !!omap
#   - {ucd: PHYS_DISTANCE_TRUE}
#   - {width: 15}
#   - {precision: '8'}
#   - values: {'null': .nan}
# - name: Plx
#   unit: mas
#   datatype: float64
#   format: '{:9.4f}'
#   description: '? Parallax (parallax)'
#   meta: !!omap
#   - {ucd: POS_PARLX_TRIG}
#   - {width: 9}
#   - {precision: '4'}
#   - values: {'null': .nan}
# - name: e_Plx
#   unit: mas
#   datatype: float32
#   format: '{:7.4f}'
#   description: '? Standard error of parallax (parallax_error)'
#   meta: !!omap
#   - {ucd: ERROR}
#   - {width: 7}
#   - {precision: '4'}
#   - values: {'null': .nan}
# - name: pmRA
#   unit: mas / yr
#   datatype: float64
#   format: '{:9.3f}'
#   description: '? Proper motion in right ascension direction, pmRA*cosDE (pmra)'
#   meta: !!omap
#   - {ucd: POS_EQ_PMRA}
#   - {width: 9}
#   - {precision: '3'}
#   - values: {'null': .nan}
# - name: pmDE
#   unit: mas / yr
#   datatype: float64
#   format: '{:9.3f}'
#   description: '? Proper motion in declination direction (pmdec)'
#   meta: !!omap
#   - {ucd: POS_EQ_PMDEC}
#   - {width: 9}
#   - {precision: '3'}
#   - values: {'null': .nan}
# - name: e_pmRA
#   unit: mas / yr
#   datatype: float32
#   format: '{:6.3f}'
#   description: '? Standard error of proper motion in right ascension direction (pmra_error)'
#   meta: !!omap
#   - {ucd: ERROR}
#   - {width: 6}
#   - {precision: '3'}
#   - values: {'null': .nan}
# - name: e_pmDE
[...]
#         value: !astropy.table.SerializedColumn {name: SkyCoord.dec}
#       distance: !astropy.table.SerializedColumn
#         __class__: astropy.coordinates.distances.Distance
#         unit: !astropy.units.Unit {unit: pc}
#         value: !astropy.table.SerializedColumn {name: SkyCoord.distance}
#       frame: icrs
#       obstime: !astropy.time.Time {format: jyear_str, in_subfmt: '*', jd1: 367701545.0, jd2: 0.0, out_subfmt: '*', precision: 3, scale: tt}
#       pm_dec: !astropy.table.SerializedColumn
#         __class__: astropy.units.quantity.Quantity
#         unit: !astropy.units.Unit {unit: mas / yr}
#         value: !astropy.table.SerializedColumn {name: SkyCoord.pm_dec}
#       pm_ra_cosdec: !astropy.table.SerializedColumn
#         __class__: astropy.units.quantity.Quantity
#         unit: !astropy.units.Unit {unit: mas / yr}
#         value: !astropy.table.SerializedColumn {name: SkyCoord.pm_ra_cosdec}
#       ra: !astropy.table.SerializedColumn
#         __class__: astropy.coordinates.angles.Longitude
#         unit: *id001
#         value: !astropy.table.SerializedColumn {name: SkyCoord.ra}
#         wrap_angle: !astropy.coordinates.Angle
#           unit: *id001
#           value: 360.0
#       representation_type: spherical
# schema: astropy-2.0
RA_ICRS_1 DE_ICRS_1 e_RA_ICRS e_DE_ICRS _r_1 HIP TYC2 Source rgeo Plx e_Plx pmRA pmDE e_pmRA e_pmDE RUWE Teff logg Gmag BP-RP BPmag RPmag RV e_RV b_rgeo B_rgeo FG e_FG FBP e_FBP FRP e_FRP RAVE5 RAVE6 e_Gmag e_BPmag e_RPmag e_BP-RP SkyCoord.ra SkyCoord.dec SkyCoord.distance SkyCoord.pm_ra_cosdec SkyCoord.pm_dec rmRA rmDE e_rmRA e_rmDE rRV e_rRV v_pec v_pec3d e_vpec e_vpec3d
[from data line 2347]
160.94992415857 -59.0144162442 0.0387 0.0366 15.4656 "" "" 5350506503167998848 2328.32495 0.4117 0.0457 -0.522 -3.076 0.053 0.05 1.013 "" "" 16.63415 2.093087 17.692204 15.599116 "" "" 2117.03052 2599.46606 4181.0684 2.4438 1144.3 6.7485 4565.7 7.7134 "" "" 0.0028274567041477986 0.0069846255 0.004200984 0.011185609 160.94992415857 -59.0144162442 2328.32495 -0.5220000000000002 -3.0760000000000014 6.863128021240234 -6.0566282520294195 0.2630125 0.2600125 "" "" 101.01963050682954 "" 26.437168560523336 ""
160.47057767448 -58.75113720316 0.0369 0.0381 22.8994 "" "" 5350703418824271104 2051.96606 0.4709 0.0455 -9.1 4.077 0.046 0.045 0.984 5443.8 4.6314 16.634628 1.100904 17.102528 16.001623 "" "" 1887.54871 2257.96509 4179.22529 2.3087 1969.7 7.2511 3151.4 11.769 "" "" 0.002819846130110252 0.004874486 0.0055429633 0.010417449 160.47057767448 -58.75113720316 2051.96606 -9.100000000000007 4.077 -1.7148719787597653 1.096371747970581 0.2560125 0.2550125 "" "" 19.796863341720286 "" 5.062508484196766 ""
160.00487962607 -59.32419533632 0.0391 0.0389 19.162 "" "" 5350572194663748992 1913.84851 0.4989 0.0455 -0.915 1.043 0.051 0.049 1.065 5283.7 4.6421 16.636288 1.095124 17.093042 15.997918 "" "" 1746.38721 2120.05273 4172.8405 2.5212 1987.0 9.8715 3162.2 12.115 "" "" 0.002832334263971768 0.006072899 0.0056201904 0.011693089 160.00487962607 -59.32419533632 1913.84851 -0.915 1.043 6.470128021240234 -1.937628252029419 0.2610125 0.25901252 "" "" 61.27016772615113 "" 15.982229519292632 ""
160.87994773226 -59.10053972055 0.0399 0.0352 11.7347 "" "" 5350411945173111424 2114.44067 0.4508 0.0454 -6.218 4.66 0.054 0.049 1.021 5504.6 4.6103 16.63652 1.157428 17.119068 15.96164 "" "" 1952.46118 2328.78101 4171.94515 2.3798 1939.9 13.926 3269.7 11.175 "" "" 0.0028240690869482145 0.008278559 0.0052965586 0.013575118 160.87994773226 -59.10053972055 2114.44067 -6.218 4.66 1.1671280212402344 1.6793717479705812 0.26401252 0.25901252 "" "" 20.49701603237115 "" 5.342577916466374 ""
160.33438652415 -59.29644041012 0.0397 0.0393 11.1357 "" "" 5350570103036520192 1941.48999 0.4917 0.0456 -8.604 1.768 0.053 0.049 1.039 5440.3 4.5979 16.636988 1.178138 17.145842 15.967704 "" "" 1795.3479 2112.36255 4170.15336 2.2449 1892.7 8.1984 3251.4 11.14 "" "" 0.0028166301991055837 0.0054683555 0.005303007 0.010771362 160.33438652415 -59.29644041012 1941.48999 -8.604 1.7680000000000011 -1.2188719787597648 -1.212628252029419 0.2630125 0.25901252 "" "" 15.82246874776809 "" 4.130146018810428 ""
161.05637722726 -59.01636004456 0.0967 0.0942 18.4005 "" "" 5350506331369332992 2385.6748 0.4111 0.117 -7.501 5.273 0.128 0.113 2.376 5772.1 4.6116 16.63722 1.49606 17.292896 15.796836 "" "" 1923.05518 2998.64648 4169.25506 7.1585 1652.9 7.9607 3805.6 13.933 "" "" 0.0033267036322309207 0.0059269546 0.0054849777 0.011411932 161.05637722726 -59.01636004456 2385.6748 -7.501 5.273 -0.11587197875976596 2.2923717479705807 0.33801252 0.3230125 "" "" 25.955460024018304 "" 8.384953232834066 ""
160.0580231026 -59.30132808273 0.0369 0.0347 17.0377 "" "" 5350572297742998144 1968.62512 0.48 0.042 -7.272 3.882 0.049 0.043 1.009 4991.7 4.5218 16.63876 1.111689 17.1148 16.00311 "" "" 1857.19824 2107.39795 4163.35069 2.1648 1947.6 6.5059 3147.1 7.3955 "" "" 0.0028125613286810193 0.0045759403 0.004559984 0.009135924 160.0580231026 -59.30132808273 1968.62512 -7.271999999999999 3.881999999999998 0.11312802124023413 0.9013717479705812 0.25901252 0.2530125 "" "" 8.476940289577167 "" 2.1455698720413867 ""
160.31980992755 -58.75835373259 0.0394 0.0382 23.1559 "" "" 5350610475730612992 2522.09937 0.3713 0.0467 -2.646 4.198 0.05 0.044 1.005 5224.5 4.4763 16.639696 1.265964 17.214497 15.948533 "" "" 2251.65552 2871.11841 4159.75974 2.3831 1776.7 8.5878 3309.4 13.364 "" "" 0.00282465706676281 0.005943597 0.005788507 0.011732103 160.31980992755 -58.75835373259 2522.09937 -2.6460000000000004 4.197999999999997 4.7391280212402345 1.2173717479705815 0.2600125 0.25401253 "" "" 58.494449352042196 "" 15.187798775560578 ""
160.87578832157 -59.15039687768 0.0412 0.037 11.4923 "" "" 5350410330265401344 2708.86255 0.3626 0.0465 -7.496 2.829 0.057 0.049 1.04 9646.7 4.1349 16.641975 1.393858 17.258158 15.8643 "" "" 2415.49194 3025.84399 4151.0355 2.3913 1706.7 10.654 3576.3 10.454 "" "" 0.002825419242598511 0.0073295115 0.0049352227 0.012264734 160.87578832157 -59.15039687768 2708.86255 -7.496000000000001 2.8290000000000024 -0.11087197875976607 -0.15162825202941876 0.2670125 0.25901252 "" "" 2.411862302890967 "" 0.6314916476676106 ""
161.13821844359 -59.32532566506 0.168 0.1744 22.6491 "" "" 5350396242772215552 2173.03003 0.6315 0.2055 -6.921 3.097 0.214 0.204 4.136 5072.4 4.7626 16.642002 1.281734 17.14332 15.861587 "" "" 1564.34937 3386.97363 4150.93361 12.254 1897.1 10.708 3585.3 17.155 "" "" 0.004226719163916204 0.006733612 0.006424348 0.01315796 161.13821844359 -59.32532566506 2173.03003 -6.921000000000001 3.096999999999997 0.4641280212402341 0.11637174797058103 0.4240125 0.4140125 "" "" 4.928573368624911 "" 2.086893998647317 ""
160.40512692859 -58.90113119187 0.0376 0.0373 14.2085 "" "" 5350607001079520128 2142.3147 0.4557 0.0449 -5.716 2.475 0.05 0.045 1.081 5610.4 4.6428 16.644838 1.188049 17.168747 15.980698 "" "" 1955.20325 2328.41138 4140.10339 2.6665 1853.2 9.8325 3212.8 12.166 "" "" 0.0028426730500234055 0.0064007263 0.0055845533 0.01198528 160.40512692859 -58.90113119187 2142.3147 -5.715999999999999 2.475 1.6691280212402342 -0.5056282520294189 0.2600125 0.2550125 "" "" 17.709899884375176 "" 4.597418276675381 ""
160.27729699201 -58.94540287372 0.0435 0.0396 13.2236 "" "" 5350607344677724160 2363.38647 0.4044 0.0505 -7.044 3.107 0.055 0.048 0.957 6155.1 4.3486 16.648016 1.594731 17.386242 15.791511 "" "" 2140.81348 2632.83765 4128.00501 6.0363 1516.8 11.806 3824.3 20.835 "" "" 0.003180003694249027 0.0088995155 0.007019454 0.01591897 160.27729699201 -58.94540287372 2363.38647 -7.044 3.107 0.3411280212402348 0.12637174797058126 0.2650125 0.2580125 "" "" 4.075262694472247 "" 1.0765932135177327 ""
160.50565008827 -59.05732784218 0.0453 0.0392 4.5049 "" "" 5350602160674315008 2023.42834 0.4812 0.0505 -7.135 4.585 0.054 0.05 1.009 5290.2 4.6444 16.649393 1.018227 17.077322 16.059095 "" "" 1817.76697 2310.17627 4122.77044 2.7373 2016.0 7.6352 2989.0 14.857 "" "" 0.0028480597567869933 0.004969273 0.0065884953 0.011557769 160.50565008827 -59.05732784218 2023.42834 -7.135 4.5850000000000035 0.2501280212402346 1.604371747970581 0.26401252 0.2600125 "" "" 15.57349358216038 "" 4.050792407654555 ""
160.39905497279 -58.94093699664 0.0451 0.0398 11.9362 "" "" 5350606867957849600 2474.57397 0.3838 0.0496 -3.176 1.733 0.056 0.047 1.015 5409.7 4.3804 16.64952 1.177445 17.147724 15.97028 "" "" 2226.20825 2855.75439 4122.28763 2.46 1889.4 6.6409 3243.7 11.462 "" "" 0.0028304750927617872 0.0047273855 0.0053854487 0.010112834 160.39905497279 -58.94093699664 2474.57397 -3.176000000000001 1.7329999999999997 4.209128021240234 -1.2476282520294188 0.26601252 0.25701252 "" "" 51.49406970055399 "" 13.6612213980664 ""
160.08786863845 -59.07071165214 0.0445 0.0394 13.3455 "" "" 5350599033937221888 2163.18774 0.4323 0.0468 -10.286 4.647 0.057 0.046 1.0 5383.7 4.3903 16.649654 1.083002 17.10818 16.025177 "" "" 1992.46875 2373.69946 4121.78043 2.3961 1959.5 6.7869 3083.8 10.989 "" "" 0.00282668735303248 0.004682598 0.005408578 0.010091176 160.08786863845 -59.07071165214 2163.18774 -10.286 4.647 -2.900871978759765 1.6663717479705813 0.2670125 0.2560125 "" "" 34.30232472945298 "" 9.06699671373729 ""
159.96201354025 -59.27351916654 0.0374 0.0375 18.6793 "" "" 5350572611297013888 2676.24805 0.3566 0.0451 -6.056 3.115 0.049 0.044 1.027 5752.8 4.5665 16.651201 1.113039 17.120565 16.007526 "" "" 2424.54443 3034.26978 4115.9124 2.3034 1937.3 8.6577 3134.3 11.339 "" "" 0.0028215215426511684 0.005597137 0.0054508704 0.011048008 159.96201354025 -59.27351916654 2676.24805 -6.056 3.1149999999999998 1.3291280212402343 0.13437174797058127 0.25901252 0.25401253 "" "" 16.946486096444758 "" 4.388503001166636 ""
160.96840945065 -58.98863072768 0.039 0.0365 16.7224 "" "" 5350506674966694528 2484.32349 0.3925 0.0455 -3.73 2.38 0.052 0.05 1.011 9192.2 4.1891 16.651545 1.626115 17.419897 15.793782 "" "" 2186.34033 2815.05688 4114.61447 2.333 1470.5 7.4082 3816.3 11.807 "" "" 0.0028232556445892494 0.0061403443 0.0050564017 0.011196746 160.96840945065 -58.98863072768 2484.32349 -3.729999999999998 2.38 3.6551280212402344 -0.600628252029419 0.2620125 0.2600125 "" "" 43.618915303501105 "" 11.426416352479198 ""
160.359871396 -58.99286875555 0.0446 0.0401 9.4795 "" "" 5350606279524839296 2575.88672 0.3715 0.0516 -6.12 3.301 0.059 0.047 0.905 6049.0 4.3822 16.652199 1.493851 17.32344 15.82959 "" "" 2265.56079 2894.32568 4112.13409 2.6378 1607.1 9.3716 3692.5 11.69 "" "" 0.00284198029386831 0.0069188746 0.005108699 0.012027574 160.359871396 -58.99286875555 2575.88672 -6.120000000000001 3.3009999999999997 1.2651280212402343 0.3203717479705812 0.2690125 0.25701252 "" "" 15.934420155268702 "" 4.275277592505934 ""
160.22455622938 -59.38907622805 0.0367 0.0384 17.6244 "" "" 5350567938373268480 2313.59473 0.419 0.0458 -7.564 3.828 0.051 0.049 1.041 5534.8 4.5767 16.65276 1.247463 17.197775 15.950312 "" "" 2101.82495 2565.15942 4110.01113 2.6094 1804.3 8.2408 3304.0 10.881 "" "" 0.0028402383375344883 0.0056899637 0.0052027763 0.0108927395 160.22455622938 -59.38907622805 2313.59473 -7.564000000000001 3.8280000000000003 -0.17887197875976568 0.8473717479705809 0.2610125 0.25901252 "" "" 9.49743045379299 "" 2.4607666704087494 ""
160.86565121269 -59.28620327657 0.0371 0.0371 14.4405 "" "" 5350403355237931264 2482.44897 0.3916 0.0457 -8.772 2.59 0.05 0.046 1.029 5381.2 4.4711 16.653116 1.156202 17.15964 16.003437 "" "" 2163.17334 2923.11572 4108.66154 2.3622 1868.8 9.2319 3146.2 12.536 "" "" 0.0028251451697127246 0.006045887 0.0057444675 0.011790354 160.86565121269 -59.28620327657 2482.44897 -8.771999999999997 2.5899999999999976 -1.3868719787597659 -0.3906282520294191 0.2600125 0.2560125 "" "" 16.954024154151856 "" 4.403309267317395 ""
160.45680554097 -59.14813334304 0.0417 0.0388 1.7325 "" "" 5350595597964007808 1994.63879 0.4798 0.0489 -4.002 11.866 0.054 0.05 0.94 5538.8 4.6923 16.653835 1.168154 17.144852 15.976698 "" "" 1798.21301 2223.80664 4105.94234 2.315 1894.4 12.199 3224.6 11.253 "" "" 0.0028225033157372333 0.0075277877 0.00535161 0.012879398 160.45680554097 -59.14813334304 1994.63879 -4.001999999999999 11.866 3.3831280212402346 8.88537174797058 0.26401252 0.2600125 "" "" 89.89090126547107 "" 23.418590695981468 ""
161.21615905805 -59.03265882154 0.0383 0.0355 22.7551 "" "" 5350494030582693760 2105.76025 0.4476 0.0452 -5.958 3.78 0.051 0.044 0.977 5634.7 3.9115 16.654636 1.693685 17.45134 15.757654 "" "" 1943.57153 2281.19458 4102.9119 2.1697 1428.5 6.8363 3945.4 16.069 "" "" 0.0028145065960568103 0.0058977087 0.005817054 0.011714762 161.21615905805 -59.03265882154 2105.76025 -5.9580000000000055 3.7799999999999994 1.4271280212402342 0.7993717479705809 0.2610125 0.25401253 "" "" 16.32695248027876 "" 4.234525221710698 ""
160.75187474847 -59.03439274639 0.0491 0.0471 9.6419 "" "" 5350416033981089152 2530.22876 0.389 0.0583 -10.772 2.317 0.066 0.062 1.268 "" "" 16.654737 1.482884 17.300772 15.817888 "" "" 2215.19385 2939.51294 4102.53073 2.8743 1641.0 10.111 3732.5 15.514 "" "" 0.0028583964464511708 0.007248296 0.005886365 0.013134661 160.75187474847 -59.03439274639 2530.22876 -10.771999999999998 2.317 -3.386871978759766 -0.6636282520294188 0.2760125 0.2720125 "" "" 41.39213126632576 "" 11.41866713011204 ""
160.45653545632 -59.04101318272 0.0434 0.039 5.6754 "" "" 5350602985307815424 2567.63354 0.3837 0.049 -12.579 3.018 0.056 0.049 1.064 5041.6 4.4771 16.654947 1.158949 17.171759 16.01281 "" "" 2282.62622 2980.68237 4101.73658 2.3427 1848.0 7.6251 3119.1 12.285 "" "" 0.0028242403824233833 0.0052777375 0.005707069 0.010984806 160.45653545632 -59.04101318272 2567.63354 -12.579 3.018 -5.193871978759766 0.03737174797058085 0.26601252 0.25901252 "" "" 63.21408623462682 "" 16.815715746409843 ""
160.84348655331 -58.97658975561 0.0387 0.0388 14.0393 "" "" 5350509801702340224 1961.60498 0.4849 0.0468 -12.604 7.373 0.05 0.052 1.01 4968.1 4.3922 16.656643 1.206255 17.175274 15.969019 "" "" 1816.73352 2145.9812 4095.33833 2.3088 1842.1 7.9672 3247.5 10.29 "" "" 0.0028224905957885426 0.0054622637 0.0051106825 0.010572946 160.84348655331 -58.97658975561 1961.60498 -12.603999999999997 7.3729999999999976 -5.218871978759765 4.392371747970581 0.2600125 0.2620125 "" "" 63.42410439946822 "" 16.543774665950405 ""
160.65952412006 -58.92449055832 0.0392 0.0381 13.367 "" "" 5350604767696488320 2459.00806 0.3926 0.0473 -7.441 3.317 0.054 0.05 1.049 7108.0 4.344 16.657793 1.320656 17.252396 15.93174 "" "" 2197.22998 2746.08447 4091.00098 2.4213 1715.8 9.1512 3361.0 9.5198 "" "" 0.002829262993598507 0.0064279055 0.0048724767 0.011300382 160.65952412006 -58.92449055832 2459.00806 -7.440999999999999 3.317 -0.05587197875976546 0.3363717479705812 0.26401252 0.2600125 "" "" 3.974364596007177 "" 1.0338145306597262 ""
160.16202198562 -58.79138079729 0.0385 0.0364 23.0348 "" "" 5350620405678918400 2825.47876 0.3418 0.0448 -10.829 6.04 0.048 0.043 0.965 "" "" 16.658619 "" "" "" "" "" 2488.14868 3201.96802 4087.88677 2.5686 "" "" "" "" "" "" 0.0028385221742281684 "" "" "" 160.16202198562 -58.79138079729 2825.47876 -10.828999999999994 6.039999999999999 -3.4438719787597663 3.059371747970581 0.2580125 0.2530125 "" "" 61.69403529977934 "" 15.782515292238049 ""
159.97888189666 -58.88396138487 0.0419 0.039 22.0322 "" "" 5350614736337788288 2414.83569 0.3936 0.0459 -6.349 3.888 0.052 0.046 0.943 5178.3 4.3851 16.660595 1.049679 17.108738 16.05906 "" "" 2143.63086 2704.41528 4080.45318 2.5546 1958.5 8.7016 2989.1 10.333 "" "" 0.002837926587243189 0.0055727214 0.0053264243 0.010899145 159.97888189666 -58.88396138487 2414.83569 -6.349000000000001 3.8879999999999972 1.0361280212402342 0.907371747970581 0.2620125 0.2560125 "" "" 15.764725091358805 "" 4.089768728383561 ""
160.92710857832 -58.84519863966 0.0399 0.0397 21.6334 "" "" 5350512099487279360 2037.06152 0.4818 0.0481 -6.81 1.022 0.051 0.049 1.0 5577.4 4.6271 16.660816 1.180621 17.135353 15.954732 "" "" 1813.72131 2221.32642 4079.62872 2.9975 1911.1 10.21 3290.5 18.106 "" "" 0.0028684809201582804 0.006436695 0.0070693456 0.01350604 160.92710857832 -58.84519863966 2037.06152 -6.81 1.0219999999999998 0.5751280212402348 -1.958628252029419 0.2610125 0.25901252 "" "" 19.710338094699807 "" 5.1083645966315485 ""
160.00126990979 -59.34175222346 0.0361 0.0354 19.8952 "" "" 5350566323465208832 2159.29248 0.4443 0.0434 -6.716 3.186 0.05 0.045 0.973 5370.2 4.5943 16.662054 1.097593 17.131153 16.03356 "" "" 1966.50879 2367.29614 4074.97537 2.5645 1918.5 13.948 3060.1 9.8791 "" "" 0.002838779330936297 0.0083722025 0.0051545873 0.01352679 160.00126990979 -59.34175222346 2159.29248 -6.716 3.186 0.6691280212402342 0.205371747970581 0.2600125 0.2550125 "" "" 7.1638734544175335 "" 1.8596400669626298 ""
160.54053778889 -58.82409024035 0.0394 0.0406 18.5333 "" "" 5350699982850370304 2114.02441 0.4418 0.0504 -7.38 4.351 0.052 0.05 1.039 5621.0 4.6851 16.66334 1.040115 17.10368 16.063564 "" "" 1906.41687 2376.58813 4070.15161 2.6644 1967.6 11.497 2976.7 10.818 "" "" 0.0028455133740043275 0.006930586 0.0054638037 0.012394389 160.54053778889 -58.82409024035 2114.02441 -7.379999999999996 4.350999999999998 0.005128021240234482 1.370371747970581 0.2620125 0.2600125 "" "" 13.731872948250897 "" 3.5704591031546262 ""
