Clusters/NGC_884/NGC_884_members.tsv
# %ECSV 1.0
# ---
# datatype:
# - name: RA_ICRS_1
#   unit: deg
#   datatype: float64
#   format: '{:15.11f}'
#   description: Right ascension (ICRS) at Ep=2016.0 (ra)
#   meta: !!omap
#   - {ucd: POS_EQ_RA_MAIN}
#   - {width: 15}
#   - {precision: '11'}
# - name: DE_ICRS_1
#   unit: deg
#   datatype: float64
#   format: '{:15.11f}'
#   description: Declination (ICRS) at Ep=2016.0 (dec)
#   meta: !!omap
#   - {ucd: POS_EQ_DEC_MAIN}
#   - {width: 15}
#   - {precision: '11'}
# - name: e_RA_ICRS
#   unit: mas
#   datatype: float64
#   format: '{:7.4f}'
#   description: Standard error of right ascension (ra_error)
#   meta: !!omap
#   - {ucd: ERROR}
#   - {width: 7}
#   - {precision: '4'}
# - name: e_DE_ICRS
#   unit: mas
#   datatype: float64
#   format: '{:7.4f}'
#   description: Standard error of declination (dec_error)
#   meta: !!omap
#   - {ucd: ERROR}
#   - {width: 7}
#   - {precision: '4'}
# - name: _r_1
#   unit: ''
#   datatype: float64
#   format: '{:7.4f}'
#   description: Distance from center (035.62901560000+57.15469883000)[ICRS], at Epoch=J2016.0
#   meta: !!omap
#   - {ucd: POS_ANG_DIST_GENERAL}
#   - {width: 7}
#   - {precision: '4'}
# - name: HIP
#   datatype: int32
#   description: '? HIP cross-id number, van Leeuwen, Cat. I/311 (hip_original_ext_source_id)'
#   meta: !!omap
#   - {ucd: ID_NUMBER}
#   - {width: 6}
#   - values: {'null': -2147483648}
# - name: TYC2
#   datatype: string
#   description: Tycho-2 cross-id name, Hog et al., Cat. I/259 (tyc2_original_ext_source_id)
#   meta: !!omap
#   - {ucd: ID_CROSSID}
#   - {_votable_string_dtype: char}
# - name: Source
#   datatype: int64
#   description: Source identifier, identical to the Gaia-EDR3 source_id (id)
#   meta: !!omap
#   - {ucd: ID_MAIN}
#   - {width: 19}
# - name: rgeo
#   unit: pc
#   datatype: float64
#   format: '{:15.8f}'
#   description: '? Median of the geometric distance posterior (r_med_geo)'
#   meta: !!omap
#   - {ucd: PHYS_DISTANCE_TRUE}
#   - {width: 15}
#   - {precision: '8'}
#   - values: {'null': .nan}
# - name: Plx
#   unit: mas
#   datatype: float64
#   format: '{:9.4f}'
#   description: '? Parallax (parallax)'
#   meta: !!omap
#   - {ucd: POS_PARLX_TRIG}
#   - {width: 9}
#   - {precision: '4'}
#   - values: {'null': .nan}
# - name: e_Plx
#   unit: mas
#   datatype: float32
#   format: '{:7.4f}'
#   description: '? Standard error of parallax (parallax_error)'
#   meta: !!omap
#   - {ucd: ERROR}
#   - {width: 7}
#   - {precision: '4'}
#   - values: {'null': .nan}
# - name: pmRA
#   unit: mas / yr
#   datatype: float64
#   format: '{:9.3f}'
#   description: '? Proper motion in right ascension direction, pmRA*cosDE (pmra)'
#   meta: !!omap
#   - {ucd: POS_EQ_PMRA}
#   - {width: 9}
#   - {precision: '3'}
#   - values: {'null': .nan}
# - name: pmDE
#   unit: mas / yr
#   datatype: float64
#   format: '{:9.3f}'
#   description: '? Proper motion in declination direction (pmdec)'
#   meta: !!omap
#   - {ucd: POS_EQ_PMDEC}
#   - {width: 9}
#   - {precision: '3'}
#   - values: {'null': .nan}
# - name: e_pmRA
#   unit: mas / yr
#   datatype: float32
#   format: '{:6.3f}'
#   description: '? Standard error of proper motion in right ascension direction (pmra_error)'
#   meta: !!omap
#   - {ucd: ERROR}
#   - {width: 6}
#   - {precision: '3'}
#   - values: {'null': .nan}
# - name: e_pmDE
[...]
#       distance: !astropy.table.SerializedColumn
#         __class__: astropy.coordinates.distances.Distance
#         unit: !astropy.units.Unit {unit: pc}
#         value: !astropy.table.SerializedColumn {name: SkyCoord.distance}
#       frame: icrs
#       obstime: !astropy.time.Time {format: jyear_str, in_subfmt: '*', jd1: 367701545.0, jd2: 0.0, out_subfmt: '*', precision: 3, scale: tt}
#       pm_dec: !astropy.table.SerializedColumn
#         __class__: astropy.units.quantity.Quantity
#         unit: !astropy.units.Unit {unit: mas / yr}
#         value: !astropy.table.SerializedColumn {name: SkyCoord.pm_dec}
#       pm_ra_cosdec: !astropy.table.SerializedColumn
#         __class__: astropy.units.quantity.Quantity
#         unit: !astropy.units.Unit {unit: mas / yr}
#         value: !astropy.table.SerializedColumn {name: SkyCoord.pm_ra_cosdec}
#       ra: !astropy.table.SerializedColumn
#         __class__: astropy.coordinates.angles.Longitude
#         unit: *id001
#         value: !astropy.table.SerializedColumn {name: SkyCoord.ra}
#         wrap_angle: !astropy.coordinates.Angle
#           unit: *id001
#           value: 360.0
#       representation_type: spherical
# schema: astropy-2.0
RA_ICRS_1 DE_ICRS_1 e_RA_ICRS e_DE_ICRS _r_1 HIP TYC2 Source rgeo Plx e_Plx pmRA pmDE e_pmRA e_pmDE RUWE Teff logg Gmag BP-RP BPmag RPmag RV e_RV b_rgeo B_rgeo FG e_FG FBP e_FBP FRP e_FRP RAVE5 RAVE6 e_Gmag e_BPmag e_RPmag e_BP-RP SkyCoord.ra SkyCoord.dec SkyCoord.distance SkyCoord.pm_ra_cosdec SkyCoord.pm_dec rmRA rmDE e_rmRA e_rmDE rRV e_rRV v_pec v_pec3d e_vpec e_vpec3d Pmemb
[from data line 63]
35.36491880211 57.14687893084 0.0102 0.0125 8.608 "" "" 458454124972125824 2266.57446 0.41 0.0166 -0.637 -1.105 0.014 0.016 1.103 9892.7 3.9605 13.95934 0.725668 14.238842 13.513174 "" "" 2190.35449 2335.56567 49114.61216 10.276 27535.0 23.827 31181.0 16.531 "" "" 0.0027646685966325056 0.0029441053 0.003822965 0.0067670704 35.36491880211 57.14687893084 2266.57446 -0.6369999999999998 -1.1050000000000004 -0.011895691871643077 0.02753378868103029 0.108129695 0.1101297 "" "" 0.32223830192967173 "" 0.035387410409981876 "" 0.9
35.82473310124 57.23988372415 0.01 0.0122 8.1606 "" "" 458415057947507712 2393.92993 0.3825 0.0169 -0.475 -0.961 0.013 0.016 1.018 11368.1 3.7225 13.96221 0.730045 14.241154 13.511108 "" "" 2311.63794 2512.09644 48984.98603 12.31 27476.0 27.192 31240.0 18.302 "" "" 0.0027687966626904386 0.002989921 0.0038325351 0.006822456 35.82473310124 57.23988372415 2393.92993 -0.475 -0.9609999999999999 0.15010430812835696 0.1715337886810303 0.10712969 0.1101297 "" "" 2.58644979318314 "" 0.28150621151694766 "" 0.8
35.50608429624 57.10001381601 0.0099 0.0123 5.1762 "" "" 458406158775451392 2294.40259 0.3994 0.0159 -0.579 -1.26 0.014 0.017 0.982 "" "" 13.973774 0.568299 14.1823 13.614 "" "" 2200.13745 2399.2168 48465.99959 13.988 29007.0 24.564 28416.0 20.542 "" "" 0.002773081953679745 0.0029377555 0.0038600215 0.006797777 35.50608429624 57.10001381601 2294.40259 -0.579 -1.26 0.046104308128356974 -0.12746621131896974 0.108129695 0.1111297 "" "" 1.474147249931042 "" 0.1633160343490139 "" 0.9
35.45563136545 57.07449747047 0.0097 0.0122 7.4203 "" "" 458405986976797056 2466.76636 0.3811 0.0158 -0.529 -1.144 0.013 0.016 1.005 9789.6 3.9246 13.996992 0.735677 14.281054 13.545378 "" "" 2370.17627 2570.65747 47440.5655 9.5008 26485.0 18.51 30270.0 21.337 "" "" 0.0027638864860455655 0.0028915107 0.0038560922 0.006747603 35.45563136545 57.07449747047 2466.76636 -0.529 -1.144 0.09610430812835691 -0.011466211318969632 0.10712969 0.1101297 "" "" 1.1316665755182076 "" 0.1212833996675462 "" 0.9
35.48281460255 57.22964174947 0.0096 0.0117 6.5429 "" "" 458456255276025344 2144.50342 0.4298 0.0161 -0.63 -1.035 0.013 0.015 0.979 "" "" 14.035467 0.663242 14.285341 13.622099 "" "" 2076.60962 2211.60352 45788.87749 9.6274 26380.0 21.634 28205.0 13.751 "" "" 0.0027647608358053804 0.0029287993 0.0038162712 0.00674507 35.48281460255 57.22964174947 2144.50342 -0.6299999999999998 -1.0350000000000001 -0.004895691871643071 0.09753378868103035 0.10712969 0.1091297 "" "" 0.9926738888720761 "" 0.10832525684090152 "" 0.8
35.46176347613 57.1212956706 0.0102 0.0124 5.8024 "" "" 458453162899600512 2425.75146 0.379 0.0173 -0.513 -1.103 0.014 0.017 1.059 11306.1 4.0825 14.042886 0.677591 14.296698 13.619106 "" "" 2317.59497 2518.33447 45477.07905 10.204 26106.0 26.33 28282.0 19.404 "" "" 0.0027660689037618115 0.0029973635 0.0038520934 0.0068494566 35.46176347613 57.1212956706 2425.75146 -0.513 -1.103 0.11210430812835692 0.029533788681030293 0.108129695 0.1111297 "" "" 1.3329631612482493 "" 0.14439579310669398 "" 0.8
35.69543180371 57.18550115297 0.0113 0.0142 2.8431 "" "" 458413271241169024 2257.12183 0.4077 0.0178 -0.553 -1.053 0.016 0.017 1.017 11211.4 3.9588 14.061907 0.873348 14.407824 13.534475 "" "" 2170.03784 2348.05762 44687.29075 10.2 23566.0 23.973 30575.0 17.308 "" "" 0.0027664427182683346 0.0030008233 0.0038290313 0.0068298546 35.69543180371 57.18550115297 2257.12183 -0.553 -1.053 0.07210430812835689 0.07953378868103034 0.1101297 0.1111297 "" "" 1.1485431223201554 "" 0.12712040397905555 "" 0.8
35.59679470055 57.16823044757 0.0099 0.0122 1.326 "" "" 458408254719394176 2330.53247 0.3954 0.0161 -0.533 -1.021 0.013 0.017 1.044 "" "" 14.065813 0.654928 14.302215 13.647286 "" "" 2237.45483 2433.26514 44526.80423 12.855 25974.0 21.592 27558.0 30.812 "" "" 0.0027730927286396226 0.0029325194 0.0039695557 0.0069020754 35.59679470055 57.16823044757 2330.53247 -0.5330000000000005 -1.021 0.0921043081283569 0.11153378868103037 0.10712969 0.1111297 "" "" 1.5978844459700963 "" 0.17500911085356166 "" 0.8
35.55254638179 57.15749746026 0.0102 0.0127 2.4941 "" "" 458408186000293504 2260.0752 0.4114 0.0166 -0.611 -0.952 0.014 0.017 1.076 10935.7 4.0226 14.08553 0.623329 14.317912 13.694583 "" "" 2171.08716 2340.52051 43725.47165 9.6513 25601.0 20.104 26383.0 14.255 "" "" 0.00276572251807481 0.0029175314 0.0038246394 0.006742171 35.55254638179 57.15749746026 2260.0752 -0.611 -0.952 0.014104308128356946 0.18053378868103032 0.108129695 0.1111297 "" "" 1.93990776243606 "" 0.21554653772651866 "" 0.8
35.45115572179 57.22782917429 0.01 0.013 7.2586 "" "" 458456289635592576 2277.31836 0.4084 0.0174 -0.764 -1.294 0.013 0.016 0.996 10686.8 3.9515 14.113321 0.673212 14.365832 13.69262 "" "" 2196.01318 2376.70703 42620.48668 9.9004 24495.0 30.443 26431.0 19.44 "" "" 0.0027668390305940244 0.0030993347 0.003862826 0.0069621606 35.45115572179 57.22782917429 2277.31836 -0.7639999999999998 -1.2939999999999994 -0.13889569187164308 -0.16146621131896977 0.10712969 0.1101297 "" "" 2.299083007486343 "" 0.2502872982150261 "" 0.8
36.06489968319 57.03191052224 0.0118 0.0128 16.0047 "" "" 458396125731855232 2331.70557 0.3978 0.0173 -0.568 -1.173 0.017 0.017 1.029 8836.0 3.7328 14.140091 0.660269 14.387757 13.727488 "" "" 2241.44214 2461.19702 41582.49569 8.7154 24006.0 16.703 25595.0 15.229 "" "" 0.0027647014634713477 0.0028906288 0.003834196 0.0067248247 36.06489968319 57.03191052224 2331.70557 -0.5680000000000001 -1.173000000000001 0.057104308128356984 -0.04046621131896977 0.1111297 0.1111297 "" "" 0.7735348702646939 "" 0.08596269895198332 "" 1.0
35.64127916399 57.25200612238 0.0108 0.0129 5.852 "" "" 458414405112484352 2214.979 0.4197 0.0188 -0.485 -0.887 0.015 0.018 1.127 10704.1 3.8753 14.147314 0.790074 14.453931 13.663856 "" "" 2141.80298 2310.66748 41306.74979 7.9985 22586.0 20.032 27140.0 17.289 "" "" 0.0027633294306628506 0.002951668 0.0038421482 0.0067938166 35.64127916399 57.25200612238 2214.979 -0.4850000000000001 -0.8870000000000005 0.14010430812835695 0.24553378868103026 0.1091297 0.112129696 "" "" 2.9680074239559926 "" 0.33063695404242904 "" 1.0
35.6979424921 57.28384350263 0.0106 0.0127 8.0657 "" "" 458414954868276608 2551.08472 0.3645 0.0182 -0.524 -0.933 0.015 0.017 1.07 11198.0 3.7725 14.184567 0.875842 14.525255 13.649413 "" "" 2438.07764 2655.84131 39913.53327 8.2308 21150.0 24.326 27504.0 30.153 "" "" 0.0027644020658023232 0.003056876 0.003962393 0.007019269 35.6979424921 57.28384350263 2551.08472 -0.5240000000000004 -0.933 0.10110430812835691 0.19953378868103022 0.1091297 0.1111297 "" "" 2.704853249664483 "" 0.29949229581799086 "" 0.9
35.78306545022 57.27644086852 0.0108 0.0131 8.8547 "" "" 458416123099379584 2521.11914 0.3643 0.0177 -0.718 -1.124 0.015 0.017 1.091 10215.5 3.9534 14.190634 0.936494 14.54354 13.607046 "" "" 2413.19336 2647.28418 39691.10778 8.5848 20797.0 41.848 28598.0 157.48 "" "" 0.002765309473035392 0.0035437418 0.007073173 0.010616914 35.78306545022 57.27644086852 2521.11914 -0.7179999999999999 -1.124 -0.09289569187164304 0.008533788681030163 0.1091297 0.1111297 "" "" 1.1147875457881304 "" 0.1216752547374171 "" 0.8
35.37013642756 57.05114065345 0.01 0.0134 10.4775 "" "" 458452441344979072 2247.46973 0.414 0.0169 -0.682 -1.215 0.014 0.017 1.038 7074.0 3.5761 14.205103 0.682332 14.465419 13.783087 "" "" 2159.20459 2345.61987 39165.66003 8.7268 22349.0 19.265 24318.0 13.829 "" "" 0.0027659203272880663 0.0029429542 0.0038294839 0.006772438 35.37013642756 57.05114065345 2247.46973 -0.6820000000000003 -1.2150000000000007 -0.05689569187164312 -0.0824662113189698 0.108129695 0.1111297 "" "" 1.0673119458934983 "" 0.11758697883678634 "" 0.8
35.677643135 57.31423004417 0.0108 0.0131 9.7012 "" "" 458461885965846272 2512.0752 0.3689 0.0194 -0.68 -1.2 0.015 0.017 1.017 11298.4 4.0059 14.236041 0.898247 14.593049 13.694802 "" "" 2389.85693 2659.08374 38065.39868 9.5598 19870.0 15.994 26378.0 14.598 "" "" 0.0027687795447703598 0.0029238376 0.0038268478 0.006750685 35.677643135 57.31423004417 2512.0752 -0.6799999999999998 -1.2 -0.054895691871643115 -0.06746621131896968 0.1091297 0.1111297 "" "" 1.0356713198112546 "" 0.11427324198857054 "" 0.8
35.45992730629 57.14646351452 0.0125 0.0149 5.5253 "" "" 458454846526774528 2369.48877 0.3904 0.0186 -0.644 -1.122 0.017 0.019 1.06 10434.3 3.8551 14.251648 0.684172 14.511778 13.827606 "" "" 2266.0332 2487.36719 37522.12404 9.6639 21414.0 21.815 23341.0 18.668 "" "" 0.0027694736584147803 0.0030014054 0.0038778584 0.0068792636 35.45992730629 57.14646351452 2369.48877 -0.6440000000000005 -1.1220000000000008 -0.018895691871643083 0.010533788681030165 0.1111297 0.1131297 "" "" 0.24297387332485057 "" 0.027117615399918752 "" 0.8
35.41088715242 57.26528284022 0.0113 0.0133 9.7088 "" "" 458456598873214208 2148.12866 0.4252 0.0181 -0.703 -1.219 0.015 0.018 1.023 11266.3 4.0597 14.251737 0.754314 14.542655 13.788341 "" "" 2056.75146 2243.09985 37519.05954 7.9352 20814.0 16.32 24200.0 18.637 "" "" 0.002764872462775679 0.0029171528 0.0038707722 0.006787925 35.41088715242 57.26528284022 2148.12866 -0.7030000000000003 -1.2190000000000003 -0.07789569187164302 -0.08646621131896981 0.1091297 0.112129696 "" "" 1.184989277406425 "" 0.1312917747352287 "" 0.9
35.70817334182 57.14137268117 0.0113 0.0141 2.6977 "" "" 458413065082784640 2193.64673 0.4169 0.0182 -0.644 -1.057 0.015 0.018 1.088 10106.6 3.8689 14.258209 0.662054 14.50798 13.845926 "" "" 2112.77051 2296.89819 37296.06843 9.5077 21489.0 14.793 22950.0 14.932 "" "" 0.0027691871169452957 0.0028885435 0.003844834 0.0067333775 35.70817334182 57.14137268117 2193.64673 -0.6440000000000001 -1.0570000000000004 -0.018895691871643083 0.07553378868103033 0.1091297 0.112129696 "" "" 0.8095941086361096 "" 0.09063830081687527 "" 0.8
35.74229657743 57.00371978319 0.0113 0.0132 9.7829 "" "" 458403032039549568 2342.07056 0.3968 0.0184 -0.702 -1.122 0.016 0.016 1.011 10560.3 3.8712 14.259294 0.626386 14.482788 13.856402 "" "" 2247.76782 2451.86108 37258.82024 9.0115 21994.0 20.589 22730.0 24.23 "" "" 0.0027678055206730233 0.0029695241 0.003952628 0.006922152 35.74229657743 57.00371978319 2342.07056 -0.702 -1.122 -0.07689569187164302 0.010533788681030165 0.1101297 0.1101297 "" "" 0.8616234032957792 "" 0.09489032615194687 "" 0.8
35.50233631176 57.02583257458 0.0114 0.0138 8.7657 "" "" 458405265422341376 2438.47607 0.38 0.0186 -0.506 -1.147 0.015 0.018 0.931 10609.6 4.0437 14.296337 0.60436 14.519714 13.915355 "" "" 2320.70386 2546.72974 36009.05718 10.489 21258.0 18.328 21529.0 12.864 "" "" 0.002773411416311593 0.0029430103 0.003834658 0.0067776684 35.50233631176 57.02583257458 2438.47607 -0.5060000000000003 -1.1469999999999998 0.11910430812835693 -0.014466211318969746 0.1091297 0.112129696 "" "" 1.3867695455376992 "" 0.15139904048667366 "" 0.8
36.09516475573 57.07642713843 0.0112 0.0131 15.8952 "" "" 458397774999234560 2209.58301 0.4237 0.0179 -0.625 -1.17 0.016 0.017 1.059 10111.3 3.9534 14.338849 0.629798 14.568174 13.938376 "" "" 2130.81616 2300.49609 34626.38647 9.5005 20330.0 15.489 21077.0 18.255 "" "" 0.002771377090991613 0.0029102075 0.0038946138 0.006804821 36.09516475573 57.07642713843 2209.58301 -0.625 -1.17 0.0001043081283569336 -0.037466211318969656 0.1101297 0.1111297 "" "" 0.39240101760050783 "" 0.043607404784220406 "" 0.8
35.83150633102 57.04368438976 0.0116 0.0148 9.3765 "" "" 458402791521115648 2286.97241 0.4102 0.0192 -0.605 -1.255 0.016 0.019 1.053 10378.7 3.922 14.376865 0.70727 14.644026 13.936756 "" "" 2200.25122 2399.7749 33434.93396 7.3808 18959.0 17.306 21108.0 16.997 "" "" 0.0027657249876608487 0.0029609583 0.0038791867 0.006840145 35.83150633102 57.04368438976 2286.97241 -0.605 -1.255 0.02010430812835695 -0.12246621131896962 0.1101297 0.1131297 "" "" 1.345333719756012 "" 0.15209265282944687 "" 0.9
35.88570810727 57.23267057707 0.0172 0.0228 9.5665 "" "" 458412171729485184 2261.24951 0.4087 0.031 -0.654 -0.931 0.024 0.03 1.573 10211.4 3.5705 14.446349 1.07609 14.888345 13.812255 "" "" 2118.33081 2423.02539 31362.24784 8.2774 15138.0 19.013 23673.0 18.581 "" "" 0.002770181283302049 0.003105579 0.0038742698 0.0069798487 35.88570810727 57.23267057707 2261.24951 -0.654 -0.931 -0.028895691871643092 0.20153378868103022 0.1181297 0.1241297 "" "" 2.1821944039004015 "" 0.27061764252378445 "" 0.9
35.47685621805 57.11605814549 0.0139 0.0183 5.4699 "" "" 458453094180124288 2337.86475 0.3982 0.0233 -0.595 -1.158 0.02 0.024 1.171 10121.8 3.8257 14.494271 0.656265 14.736221 14.079956 "" "" 2225.32129 2482.87793 30008.08568 8.0118 17415.0 24.382 18500.0 15.726 "" "" 0.0027705268431661577 0.003177378 0.0038904415 0.0070678196 35.47685621805 57.11605814549 2337.86475 -0.5950000000000001 -1.158 0.03010430812835696 -0.025466211318969645 0.11412969 0.1181297 "" "" 0.4369528853631606 "" 0.05060567564428534 "" 0.9
35.69172795366 57.34453220936 0.0127 0.0146 11.5705 "" "" 458463470821038848 2181.21533 0.4228 0.0215 -0.58 -0.955 0.018 0.02 1.059 10767.8 4.0773 14.499344 1.004905 14.908553 13.903648 "" "" 2084.63916 2281.96436 29868.20066 7.3013 14859.0 21.406 21762.0 15.797 "" "" 0.0027680735680017704 0.0031986749 0.0038606843 0.007059359 35.69172795366 57.34453220936 2181.21533 -0.5799999999999996 -0.9549999999999993 0.045104308128356974 0.1775337886810303 0.112129696 0.11412969 "" "" 1.893826818143462 "" 0.21591410774976194 "" 0.9
35.45695997102 57.21318269025 0.0116 0.0143 6.6041 "" "" 458455842959003648 2336.89111 0.4009 0.0196 -0.665 -1.214 0.016 0.019 0.978 7998.4 3.6091 14.502765 0.722449 14.776567 14.054118 "" "" 2236.13745 2430.01294 29774.24715 7.5103 16780.0 15.554 18946.0 19.772 "" "" 0.0027688974191233777 0.0029661267 0.003945577 0.0069117034 35.45695997102 57.21318269025 2336.89111 -0.6649999999999996 -1.2140000000000002 -0.0398956918716431 -0.0814662113189697 0.1101297 0.1131297 "" "" 1.004788775527769 "" 0.11309463308197416 "" 0.8
35.5407881208 57.10778537507 0.0123 0.0155 4.0221 "" "" 458407601884447232 2222.15454 0.4182 0.0194 -0.664 -1.304 0.017 0.021 0.983 10189.1 4.1594 14.509704 0.644463 14.742772 14.098309 "" "" 2127.28394 2335.59766 29584.56552 8.1036 17310.0 28.019 18190.0 25.83 "" "" 0.002771323616410869 0.0032975194 0.0040817573 0.0073792767 35.5407881208 57.10778537507 2222.15454 -0.6640000000000004 -1.3040000000000007 -0.0388956918716431 -0.17146621131896977 0.1111297 0.115129694 "" "" 1.8519401433460532 "" 0.2128567751363649 "" 0.8
35.4507747001 57.25163185856 0.0122 0.0155 8.2086 "" "" 458456323995313920 2353.271 0.385 0.0216 -0.657 -1.097 0.016 0.021 0.979 10217.7 4.0121 14.535289 0.941146 14.913173 13.972027 "" "" 2235.14355 2493.16064 28895.56212 5.6042 14796.0 18.645 20434.0 14.871 "" "" 0.002763355067204638 0.0031075645 0.003861097 0.006968661 35.4507747001 57.25163185856 2353.271 -0.6569999999999996 -1.0969999999999998 -0.031895691871643095 0.0355337886810303 0.1101297 0.115129694 "" "" 0.5326185744304319 "" 0.06014650633753479 "" 0.9
35.44022189837 57.08962643092 0.0123 0.0148 7.284 "" "" 458452956741177216 2452.5 0.3736 0.02 -0.692 -1.148 0.017 0.02 0.994 9903.5 4.054 14.542375 0.668973 14.796252 14.127279 "" "" 2348.82715 2549.15039 28707.60893 6.9684 16478.0 23.885 17711.0 26.016 "" "" 0.002767895799589464 0.0032034111 0.004102109 0.00730552 35.44022189837 57.08962643092 2452.5 -0.692 -1.148 -0.06689569187164301 -0.015466211318969636 0.1111297 0.11412969 "" "" 0.7981657297207361 "" 0.08882297169488369 "" 0.9
