Clusters/NGC_884/NGC_884_stars_in_region.tsv
# %ECSV 1.0
# ---
# datatype:
# - name: RA_ICRS_1
#   unit: deg
#   datatype: float64
#   format: '{:15.11f}'
#   description: Right ascension (ICRS) at Ep=2016.0 (ra)
#   meta: !!omap
#   - {ucd: POS_EQ_RA_MAIN}
#   - {width: 15}
#   - {precision: '11'}
# - name: DE_ICRS_1
#   unit: deg
#   datatype: float64
#   format: '{:15.11f}'
#   description: Declination (ICRS) at Ep=2016.0 (dec)
#   meta: !!omap
#   - {ucd: POS_EQ_DEC_MAIN}
#   - {width: 15}
#   - {precision: '11'}
# - name: e_RA_ICRS
#   unit: mas
#   datatype: float64
#   format: '{:7.4f}'
#   description: Standard error of right ascension (ra_error)
#   meta: !!omap
#   - {ucd: ERROR}
#   - {width: 7}
#   - {precision: '4'}
# - name: e_DE_ICRS
#   unit: mas
#   datatype: float64
#   format: '{:7.4f}'
#   description: Standard error of declination (dec_error)
#   meta: !!omap
#   - {ucd: ERROR}
#   - {width: 7}
#   - {precision: '4'}
# - name: _r_1
#   unit: ''
#   datatype: float64
#   format: '{:7.4f}'
#   description: Distance from center (035.62901560000+57.15469883000)[ICRS], at Epoch=J2016.0
#   meta: !!omap
#   - {ucd: POS_ANG_DIST_GENERAL}
#   - {width: 7}
#   - {precision: '4'}
# - name: HIP
#   datatype: int32
#   description: '? HIP cross-id number, van Leeuwen, Cat. I/311 (hip_original_ext_source_id)'
#   meta: !!omap
#   - {ucd: ID_NUMBER}
#   - {width: 6}
#   - values: {'null': -2147483648}
# - name: TYC2
#   datatype: string
#   description: Tycho-2 cross-id name, Hog et al., Cat. I/259 (tyc2_original_ext_source_id)
#   meta: !!omap
#   - {ucd: ID_CROSSID}
#   - {_votable_string_dtype: char}
# - name: Source
#   datatype: int64
#   description: Source identifier, identical to the Gaia-EDR3 source_id (id)
#   meta: !!omap
#   - {ucd: ID_MAIN}
#   - {width: 19}
# - name: rgeo
#   unit: pc
#   datatype: float64
#   format: '{:15.8f}'
#   description: '? Median of the geometric distance posterior (r_med_geo)'
#   meta: !!omap
#   - {ucd: PHYS_DISTANCE_TRUE}
#   - {width: 15}
#   - {precision: '8'}
#   - values: {'null': .nan}
# - name: Plx
#   unit: mas
#   datatype: float64
#   format: '{:9.4f}'
#   description: '? Parallax (parallax)'
#   meta: !!omap
#   - {ucd: POS_PARLX_TRIG}
#   - {width: 9}
#   - {precision: '4'}
#   - values: {'null': .nan}
# - name: e_Plx
#   unit: mas
#   datatype: float32
#   format: '{:7.4f}'
#   description: '? Standard error of parallax (parallax_error)'
#   meta: !!omap
#   - {ucd: ERROR}
#   - {width: 7}
#   - {precision: '4'}
#   - values: {'null': .nan}
# - name: pmRA
#   unit: mas / yr
#   datatype: float64
#   format: '{:9.3f}'
#   description: '? Proper motion in right ascension direction, pmRA*cosDE (pmra)'
#   meta: !!omap
#   - {ucd: POS_EQ_PMRA}
#   - {width: 9}
#   - {precision: '3'}
#   - values: {'null': .nan}
# - name: pmDE
#   unit: mas / yr
#   datatype: float64
#   format: '{:9.3f}'
#   description: '? Proper motion in declination direction (pmdec)'
#   meta: !!omap
#   - {ucd: POS_EQ_PMDEC}
#   - {width: 9}
#   - {precision: '3'}
#   - values: {'null': .nan}
# - name: e_pmRA
#   unit: mas / yr
#   datatype: float32
#   format: '{:6.3f}'
#   description: '? Standard error of proper motion in right ascension direction (pmra_error)'
#   meta: !!omap
#   - {ucd: ERROR}
#   - {width: 6}
#   - {precision: '3'}
#   - values: {'null': .nan}
# - name: e_pmDE
[...]
#         value: !astropy.table.SerializedColumn {name: SkyCoord.dec}
#       distance: !astropy.table.SerializedColumn
#         __class__: astropy.coordinates.distances.Distance
#         unit: !astropy.units.Unit {unit: pc}
#         value: !astropy.table.SerializedColumn {name: SkyCoord.distance}
#       frame: icrs
#       obstime: !astropy.time.Time {format: jyear_str, in_subfmt: '*', jd1: 367701545.0, jd2: 0.0, out_subfmt: '*', precision: 3, scale: tt}
#       pm_dec: !astropy.table.SerializedColumn
#         __class__: astropy.units.quantity.Quantity
#         unit: !astropy.units.Unit {unit: mas / yr}
#         value: !astropy.table.SerializedColumn {name: SkyCoord.pm_dec}
#       pm_ra_cosdec: !astropy.table.SerializedColumn
#         __class__: astropy.units.quantity.Quantity
#         unit: !astropy.units.Unit {unit: mas / yr}
#         value: !astropy.table.SerializedColumn {name: SkyCoord.pm_ra_cosdec}
#       ra: !astropy.table.SerializedColumn
#         __class__: astropy.coordinates.angles.Longitude
#         unit: *id001
#         value: !astropy.table.SerializedColumn {name: SkyCoord.ra}
#         wrap_angle: !astropy.coordinates.Angle
#           unit: *id001
#           value: 360.0
#       representation_type: spherical
# schema: astropy-2.0
RA_ICRS_1 DE_ICRS_1 e_RA_ICRS e_DE_ICRS _r_1 HIP TYC2 Source rgeo Plx e_Plx pmRA pmDE e_pmRA e_pmDE RUWE Teff logg Gmag BP-RP BPmag RPmag RV e_RV b_rgeo B_rgeo FG e_FG FBP e_FBP FRP e_FRP RAVE5 RAVE6 e_Gmag e_BPmag e_RPmag e_BP-RP SkyCoord.ra SkyCoord.dec SkyCoord.distance SkyCoord.pm_ra_cosdec SkyCoord.pm_dec rmRA rmDE e_rmRA e_rmDE rRV e_rRV v_pec v_pec3d e_vpec e_vpec3d
[from data line 687]
35.79951839369 57.13731062671 0.022 0.0291 5.6471 "" "" 458409972706323200 1929.63477 0.489 0.0385 -0.513 -1.011 0.03 0.038 1.811 9880.4 3.8756 14.632187 0.924224 14.998441 14.074217 "" "" 1764.39746 2083.90161 26428.47206 7.4777 13679.0 14.012 18598.0 16.574 "" "" 0.00277239262213202 0.0030036585 0.003901273 0.0069049317 35.79951839369 57.13731062671 1929.63477 -0.5129999999999999 -1.011 0.11210430812835692 0.12153378868103037 0.1241297 0.1321297 "" "" 1.5122915937899288 "" 0.1943505039458788 ""
35.60369858514 57.30271887149 0.0123 0.0147 8.9192 "" "" 458462027712042624 2317.80127 0.3999 0.0211 -0.739 -1.257 0.017 0.02 1.043 11243.1 4.2202 14.633047 0.979787 15.031674 14.051887 "" "" 2214.21582 2428.26562 26407.54724 4.8334 13266.0 12.21 18985.0 17.854 "" "" 0.0027624772190543603 0.0029637252 0.0039148796 0.006878605 35.60369858514 57.30271887149 2317.80127 -0.7390000000000002 -1.257 -0.11389569187164306 -0.12446621131896962 0.1111297 0.11412969 "" "" 1.8535444698474641 "" 0.2090286079756486 ""
35.36846854254 57.31961144773 0.0132 0.016 13.0183 "" "" 458459931767792768 2175.55786 0.4281 0.0216 -0.643 -0.902 0.018 0.022 1.002 10522.0 4.0968 14.634362 0.843776 14.895129 14.051353 "" "" 2085.05249 2306.98755 26375.56203 10.128 15044.0 104.26 18994.0 151.87 "" "" 0.0027866837867206633 0.008025174 0.009468209 0.017493382 35.36846854254 57.31961144773 2175.55786 -0.6430000000000007 -0.9019999999999999 -0.017895691871643082 0.23053378868103025 0.112129696 0.1161297 "" "" 2.384449702776824 "" 0.2768492678591554 ""
35.53216339989 57.30666050124 0.0126 0.0146 9.645 "" "" 458462508748380800 2440.84814 0.3729 0.0206 -0.633 -1.105 0.017 0.019 0.919 8719.1 3.5319 14.636371 0.987937 15.038378 14.050441 "" "" 2330.06616 2560.30737 26326.83478 4.7498 13185.0 14.442 19010.0 17.031 "" "" 0.0027622744798457242 0.0030330436 0.0039025487 0.0069355923 35.53216339989 57.30666050124 2440.84814 -0.633 -1.105 -0.007895691871643074 0.02753378868103029 0.1111297 0.1131297 "" "" 0.33139469382899056 "" 0.03744063151762886 ""
34.91726521838 57.15738318866 0.0129 0.017 23.1617 "" "" 458375750409371904 2272.14697 0.4175 0.0215 -0.591 -0.917 0.017 0.021 1.035 10122.1 4.0893 14.638558 0.779715 14.921103 14.141388 "" "" 2164.29248 2380.04858 26273.82777 7.0253 14688.0 13.183 17482.0 18.249 "" "" 0.0027705722848177564 0.0029554479 0.003945663 0.006901111 34.91726521838 57.15738318866 2272.14697 -0.5909999999999995 -0.9169999999999996 0.034104308128356964 0.21553378868103024 0.1111297 0.115129694 "" "" 2.3501737013217214 "" 0.2703490558703068 ""
35.87655745328 57.16847215214 0.0609 0.0751 8.0964 "" "" 458410247584189440 2132.23828 0.4705 0.102 -1.358 -2.286 0.084 0.094 5.402 7515.6 3.9627 14.640333 1.141451 15.104083 13.962632 -33.91 12.87 1765.69702 2548.94775 26230.91408 16.885 12410.0 12.871 20611.0 17.503 "" "" 0.0028425769363820737 0.0030088334 0.0038902233 0.006899057 35.87655745328 57.16847215214 2132.23828 -1.3579999999999999 -2.2859999999999996 -0.7328956918716432 -1.1534662113189698 0.1781297 0.1881297 "" "" 13.812057627968914 "" 2.5594977812926407 ""
36.06059316319 57.04594392326 0.0139 0.0146 15.5051 "" "" 458396228811053056 2354.17603 0.3935 0.0205 -0.23 -1.072 0.02 0.019 0.985 9288.1 3.9975 14.642121 0.844395 14.977324 14.132929 "" "" 2223.87061 2478.03516 26187.75029 11.101 13947.0 25.301 17619.0 27.241 "" "" 0.0027934949481904906 0.0034153226 0.0041354164 0.0075507388 36.06059316319 57.04594392326 2354.17603 -0.2300000000000001 -1.072 0.39510430812835695 0.06053378868103021 0.11412969 0.1131297 "" "" 4.460332927165331 "" 0.5089545661043408 ""
35.35851962114 57.30640351853 0.0132 0.0167 12.6499 "" "" 458459828688587520 2387.6936 0.385 0.0221 -0.804 -1.086 0.018 0.023 1.059 "" "" 14.645693 0.719888 14.920965 14.201077 "" "" 2259.30371 2502.10425 26101.7564 6.5769 14690.0 16.07 16547.0 14.063 "" "" 0.0027688684469903318 0.0030324503 0.0038903973 0.0069228476 35.35851962114 57.30640351853 2387.6936 -0.8039999999999999 -1.0860000000000005 -0.17889569187164311 0.0465337886810302 0.112129696 0.1171297 "" "" 2.0920567721183057 "" 0.23525839213797015 ""
35.51406275775 56.84718847153 0.0138 0.0187 18.8291 "" "" 458306584254684672 1799.14294 0.5275 0.0237 -0.047 1.085 0.018 0.024 1.148 5443.2 3.5979 14.647137 1.564059 15.373212 13.809153 -27.95 8.29 1732.27405 1882.17957 26067.06136 18.366 9685.7 30.035 23741.0 56.513 "" "" 0.0028595410406933373 0.004372708 0.004578567 0.008951275 35.51406275775 56.84718847153 1799.14294 -0.04700000000000004 1.085 0.5781043081283569 2.2175337886810302 0.112129696 0.1181297 "" "" 19.543049862978734 "" 2.301330563820464 ""
35.94737111096 57.48448747903 0.0141 0.017 22.3139 "" "" 458442786257371776 2489.96631 0.3765 0.0253 -0.596 -1.051 0.02 0.021 1.045 9961.6 3.643 14.650044 0.82502 14.971099 14.146079 "" "" 2332.9021 2640.38745 25997.34659 6.0144 14027.0 18.02 17407.0 12.609 "" "" 0.002766745657795235 0.0031193807 0.0038603444 0.0069797253 35.94737111096 57.48448747903 2489.96631 -0.596 -1.051 0.02910430812835696 0.08153378868103034 0.11412969 0.115129694 "" "" 1.0217682423253798 "" 0.11752083073406086 ""
35.77749036449 57.34502791681 0.015 0.0164 12.395 "" "" 458416913373340800 2353.95068 0.3976 0.0234 -0.648 -1.11 0.021 0.021 1.153 9387.5 3.5982 14.651746 0.884688 15.001221 14.116532 "" "" 2216.79736 2533.30103 25956.64584 6.3448 13644.0 16.997 17887.0 12.276 "" "" 0.0027680722913997723 0.003100718 0.003852139 0.0069528567 35.77749036449 57.34502791681 2353.95068 -0.648000000000001 -1.1100000000000017 -0.022895691871643087 0.022533788681030176 0.115129694 0.115129694 "" "" 0.35843652164865747 "" 0.041266687178639405 ""
35.36900906441 56.79129835836 0.0149 0.0202 23.4032 "" "" 458307477607918080 1798.27893 0.5345 0.027 4.611 -3.526 0.019 0.027 1.271 7335.4 4.3229 14.653562 0.909794 15.018727 14.108933 "" "" 1696.82996 1895.8429 25913.26445 15.981 13425.0 33.553 18013.0 28.46 "" "" 0.0028355130530623067 0.0038921102 0.0041504735 0.008042583 35.36900906441 56.79129835836 1798.27893 4.611000000000001 -3.5259999999999994 5.236104308128357 -2.3934662113189695 0.1131297 0.1211297 "" "" 49.07355050560997 "" 5.621488930526436 ""
35.27605010482 57.31641748544 0.0133 0.015 15.017 "" "" 458460309724923776 2332.58032 0.3979 0.0218 -0.825 -1.094 0.02 0.02 0.92 "" "" 14.654504 0.764173 14.95119 14.187017 "" "" 2208.25488 2445.78467 25890.79621 6.8214 14287.0 16.617 16763.0 13.142 "" "" 0.0027701295918060166 0.003062633 0.0038740516 0.0069366847 35.27605010482 57.31641748544 2332.58032 -0.8250000000000002 -1.0940000000000003 -0.19989569187164302 0.03853378868103019 0.11412969 0.11412969 "" "" 2.2508226557694804 "" 0.25688569716097726 ""
35.67993526132 56.90526806783 0.0147 0.0172 15.0579 "" "" 458400111461678464 2223.26001 0.4168 0.0245 -0.418 -2.038 0.019 0.021 1.166 8546.5 4.0573 14.657391 0.933398 15.034534 14.101136 "" "" 2097.98535 2345.48584 25822.04681 4.7804 13231.0 16.085 18143.0 12.784 "" "" 0.0027626419849940036 0.0030866289 0.0038560352 0.0069426643 35.67993526132 56.90526806783 2223.26001 -0.4179999999999998 -2.0379999999999994 0.20710430812835695 -0.9054662113189695 0.1131297 0.115129694 "" "" 9.78844972606144 "" 1.125976000985636 ""
35.45283822779 57.22839101132 0.0326 0.0422 7.2356 "" "" 458456289635592064 2194.77759 0.4366 0.0569 -0.673 -1.137 0.044 0.055 3.125 9548.6 4.2884 14.66137 0.903471 15.010312 14.106841 "" "" 1937.09131 2537.41992 25727.55848 10.939 13530.0 22.425 18048.0 20.753 "" "" 0.0027937252598964225 0.0033201438 0.00398025 0.0073003937 35.45283822779 57.22839101132 2194.77759 -0.672999999999999 -1.137 -0.04789569187164311 -0.004466211318969737 0.1381297 0.14912969 "" "" 0.5004322770624161 "" 0.06917388325256789 ""
35.52828244753 57.12446138003 0.013 0.0155 3.7478 "" "" 458407670603900544 2332.35962 0.4013 0.0203 -0.432 -1.097 0.017 0.02 0.979 9783.7 4.0361 14.662018 0.688408 14.920146 14.231738 "" "" 2220.00391 2414.55615 25712.21938 7.8408 14701.0 31.036 16087.0 40.696 "" "" 0.0027751413477654233 0.003610956 0.0046720156 0.008282972 35.52828244753 57.12446138003 2332.35962 -0.43199999999999966 -1.097 0.19310430812835694 0.0355337886810303 0.1111297 0.11412969 "" "" 2.170685393464379 "" 0.24144368290994608 ""
35.41765715639 57.13955516705 0.0127 0.0153 6.9393 "" "" 458453403417621504 2260.43286 0.4129 0.021 -0.645 -1.144 0.017 0.02 1.025 9236.8 3.8085 14.668516 0.729588 14.95057 14.220983 "" "" 2152.31567 2368.83667 25558.78483 5.4452 14295.0 17.128 16247.0 12.968 "" "" 0.0027650125830676626 0.0030785406 0.0038774658 0.0069560064 35.41765715639 57.13955516705 2260.43286 -0.6449999999999991 -1.1440000000000001 -0.019895691871643084 -0.011466211318969632 0.1111297 0.11412969 "" "" 0.24603903241385375 "" 0.02752812931856889 ""
35.43477863183 57.12702577804 0.0129 0.0157 6.5377 "" "" 458453334698291584 2417.28247 0.3839 0.0211 -0.604 -1.115 0.017 0.021 1.007 10075.7 4.0243 14.669976 0.730614 14.939035 14.208422 "" "" 2291.23169 2564.01782 25524.44327 6.1863 14448.0 23.402 16436.0 21.522 "" "" 0.0027678576430022364 0.0032981446 0.004037943 0.0073360875 35.43477863183 57.12702577804 2417.28247 -0.604 -1.115 0.021104308128356952 0.017533788681030282 0.1111297 0.115129694 "" "" 0.3143785628130032 "" 0.035455718138556074 ""
35.24396371421 57.09409430849 0.0135 0.0161 13.0573 "" "" 458359979289494912 2200.36523 0.4278 0.022 -0.67 -1.101 0.019 0.021 1.182 10046.0 4.2062 14.672345 0.858629 15.007864 14.149235 "" "" 2087.49951 2336.91016 25468.81997 5.2273 13560.0 11.267 17357.0 14.455 "" "" 0.0027643167363786136 0.0029323883 0.0038860412 0.0068184296 35.24396371421 57.09409430849 2200.36523 -0.67 -1.101 -0.044895691871643106 0.031533788681030295 0.1131297 0.115129694 "" "" 0.5722114948912315 "" 0.06511440743442001 ""
35.8470687193 57.20489438946 0.0142 0.0173 7.7042 "" "" 458410556821804032 2091.18506 0.4464 0.024 -0.608 -1.165 0.021 0.022 1.026 10432.3 4.0071 14.676841 0.782561 14.975434 14.192873 "" "" 1984.9856 2214.62671 25363.57567 6.7606 13972.0 24.418 16673.0 19.222 "" "" 0.002770476849991928 0.003374234 0.003981274 0.0073555084 35.8470687193 57.20489438946 2091.18506 -0.6080000000000001 -1.1650000000000003 0.01710430812835695 -0.03246621131896976 0.115129694 0.1161297 "" "" 0.36374085814292795 "" 0.04216235779374274 ""
35.48853388434 57.00960525188 0.0135 0.0164 9.8371 "" "" 458405231062620928 2368.14551 0.3976 0.0222 -0.469 -1.174 0.019 0.022 1.092 9984.6 3.8561 14.679034 0.691929 14.940161 14.248232 "" "" 2241.04321 2498.60693 25312.38073 7.0307 14433.0 15.803 15844.0 12.159 "" "" 0.002771774630088708 0.0030328673 0.003870139 0.006903006 35.48853388434 57.00960525188 2368.14551 -0.46899999999999986 -1.174 0.15610430812835696 -0.04146621131896966 0.1131297 0.1161297 "" "" 1.8130389433539924 "" 0.2054714690321419 ""
35.43433536203 57.12793734524 0.0153 0.019 6.5379 "" "" 458453334698291200 2175.31958 0.4317 0.0256 -2.733 -0.426 0.02 0.024 1.203 9534.9 4.1215 14.681938 1.002101 15.028404 14.026303 "" "" 2049.35376 2277.45581 25244.78046 7.5099 13306.0 137.07 19437.0 137.21 "" "" 0.00277418652771072 0.011527343 0.008545612 0.020072956 35.43433536203 57.12793734524 2175.31958 -2.7330000000000005 -0.42600000000000005 -2.107895691871643 0.7065337886810303 0.11412969 0.1181297 "" "" 22.9229750569725 "" 2.6255984846430414 ""
36.23776692406 57.09503704578 0.0127 0.0149 20.1467 "" "" 458395129299340544 2153.70776 0.4307 0.0213 -0.602 -1.146 0.019 0.019 0.996 9945.3 4.1075 14.683532 0.820068 15.006678 14.186609 "" "" 2048.76294 2264.46973 25207.74893 4.9992 13575.0 15.425 16769.0 13.098 "" "" 0.002763720945897548 0.0030507483 0.00387336 0.0069241086 36.23776692406 57.09503704578 2153.70776 -0.602 -1.146 0.023104308128356954 -0.013466211318969634 0.1131297 0.1131297 "" "" 0.2730002525451318 "" 0.030884436053395716 ""
35.73463466141 57.39481632596 0.0138 0.0166 14.8088 "" "" 458464020576835712 2520.58691 0.3654 0.0235 -0.388 -0.922 0.019 0.023 1.081 9769.9 3.9295 14.687123 0.928205 15.058197 14.129993 "" "" 2385.9873 2707.3418 25124.49634 5.9801 12946.0 17.367 17667.0 15.397 "" "" 0.002767412717257059 0.0031474545 0.003896034 0.0070434883 35.73463466141 57.39481632596 2520.58691 -0.38799999999999985 -0.9220000000000004 0.23710430812835692 0.21053378868103023 0.1131297 0.1171297 "" "" 3.788399624387087 "" 0.4353260071910187 ""
35.411450265 57.48085248586 0.0136 0.0156 20.8 "" "" 458469140177541760 1949.91479 0.4835 0.0233 1.792 -1.304 0.02 0.021 0.979 "" "" 14.689643 0.88672 15.045677 14.158957 "" "" 1864.34741 2046.10559 25066.25801 4.869 13096.0 16.032 17202.0 16.531 "" "" 0.0027633797792276666 0.0030905795 0.003920763 0.0070113423 35.411450265 57.48085248586 1949.91479 1.7920000000000007 -1.3040000000000007 2.4171043081283567 -0.17146621131896977 0.11412969 0.115129694 "" "" 22.396459888574213 "" 2.5562137064121124 ""
35.55710173701 57.40311999135 0.0138 0.0156 15.0866 "" "" 458464810850822528 2366.89746 0.3892 0.0225 -0.615 -1.147 0.019 0.021 0.972 9148.0 4.2007 14.691695 0.962324 15.07983 14.117506 "" "" 2258.47437 2506.61841 25018.92296 5.0597 12691.0 15.188 17871.0 13.533 "" "" 0.0027640553622822125 0.0030778856 0.0038677792 0.006945665 35.55710173701 57.40311999135 2366.89746 -0.6149999999999995 -1.1469999999999998 0.010104308128356942 -0.014466211318969746 0.1131297 0.115129694 "" "" 0.19796799831174597 "" 0.022662930965616484 ""
36.13879074419 57.10132937422 0.0126 0.0153 16.9072 "" "" 458397912438154112 2485.78735 0.3687 0.0216 0.307 -1.312 0.018 0.02 1.043 8997.3 4.0703 14.70136 0.958317 15.090435 14.132118 "" "" 2354.13745 2654.29419 24797.22022 4.5446 12567.0 15.152 17632.0 10.758 "" "" 0.0027624959401696737 0.0030819979 0.003837 0.006918998 36.13879074419 57.10132937422 2485.78735 0.30700000000000055 -1.312 0.9321043081283569 -0.17946621131896978 0.112129696 0.11412969 "" "" 11.184359349287588 "" 1.2549052737171094 ""
35.36901713256 57.40893972804 0.0138 0.0155 17.4297 "" "" 458466906794606336 2049.28198 0.4594 0.0228 -2.117 -1.482 0.019 0.02 1.006 7193.4 3.9879 14.703755 1.26778 15.256375 13.988595 -28.93 10.14 1951.87451 2167.91919 24742.55285 4.8893 10786.0 13.706 20124.0 14.32 "" "" 0.002763660738033451 0.0031126407 0.0038575423 0.006970183 35.36901713256 57.40893972804 2049.28198 -2.117 -1.482000000000002 -1.491895691871643 -0.3494662113189697 0.1131297 0.11412969 "" "" 14.883941502385401 "" 1.684593240273586 ""
36.32017283592 57.24857624253 0.0128 0.0149 23.1586 "" "" 458424060200169728 2114.94482 0.4431 0.0215 -0.429 -1.199 0.017 0.019 0.937 9844.9 4.0884 14.704415 0.69311 14.96715 14.274039 "" "" 2015.15686 2204.25537 24727.53302 5.3216 14079.0 13.532 15472.0 12.626 "" "" 0.0027652100720632197 0.0029789344 0.00388185 0.0068607843 36.32017283592 57.24857624253 2114.94482 -0.4290000000000006 -1.1989999999999998 0.19610430812835694 -0.06646621131896979 0.1111297 0.1131297 "" "" 2.075762737046062 "" 0.2311101066890933 ""
36.11241032427 57.34645224904 0.0133 0.0154 19.4562 "" "" 458436601504604416 2153.34717 0.4305 0.0218 -0.524 -1.169 0.019 0.02 0.983 9934.4 3.9833 14.706472 0.920197 15.074389 14.154193 "" "" 2066.35864 2260.60107 24680.71743 5.2806 12754.0 12.319 17278.0 12.549 "" "" 0.002765095448518945 0.0029807433 0.003860773 0.006841516 36.11241032427 57.34645224904 2153.34717 -0.524 -1.1689999999999998 0.10110430812835691 -0.036466211318969766 0.1131297 0.11412969 "" "" 1.097029890904533 "" 0.12423343645754127 ""
35.70583701204 57.09051002459 0.0126 0.0162 4.5927 "" "" 458406777250725120 2178.91968 0.4228 0.0208 -1.764 -1.225 0.018 0.022 0.959 8594.3 4.3253 14.708333 0.758249 15.001214 14.242965 "" "" 2088.97632 2281.87769 24638.45349 5.3498 13644.0 20.358 15921.0 11.969 "" "" 0.0027653872461275352 0.0032263726 0.0038665175 0.0070928903 35.70583701204 57.09051002459 2178.91968 -1.7639999999999998 -1.2250000000000005 -1.138895691871643 -0.09246621131896982 0.112129696 0.1161297 "" "" 11.801309176475591 "" 1.3235918090100705 ""
