Clusters/NGC_884/NGC_884_members.tsv
# %ECSV 1.0
# ---
# datatype:
# - name: RA_ICRS_1
#   unit: deg
#   datatype: float64
#   format: '{:15.11f}'
#   description: Right ascension (ICRS) at Ep=2016.0 (ra)
#   meta: !!omap
#   - {ucd: POS_EQ_RA_MAIN}
#   - {width: 15}
#   - {precision: '11'}
# - name: DE_ICRS_1
#   unit: deg
#   datatype: float64
#   format: '{:15.11f}'
#   description: Declination (ICRS) at Ep=2016.0 (dec)
#   meta: !!omap
#   - {ucd: POS_EQ_DEC_MAIN}
#   - {width: 15}
#   - {precision: '11'}
# - name: e_RA_ICRS
#   unit: mas
#   datatype: float64
#   format: '{:7.4f}'
#   description: Standard error of right ascension (ra_error)
#   meta: !!omap
#   - {ucd: ERROR}
#   - {width: 7}
#   - {precision: '4'}
# - name: e_DE_ICRS
#   unit: mas
#   datatype: float64
#   format: '{:7.4f}'
#   description: Standard error of declination (dec_error)
#   meta: !!omap
#   - {ucd: ERROR}
#   - {width: 7}
#   - {precision: '4'}
# - name: _r_1
#   unit: ''
#   datatype: float64
#   format: '{:7.4f}'
#   description: Distance from center (035.62901560000+57.15469883000)[ICRS], at Epoch=J2016.0
#   meta: !!omap
#   - {ucd: POS_ANG_DIST_GENERAL}
#   - {width: 7}
#   - {precision: '4'}
# - name: HIP
#   datatype: int32
#   description: '? HIP cross-id number, van Leeuwen, Cat. I/311 (hip_original_ext_source_id)'
#   meta: !!omap
#   - {ucd: ID_NUMBER}
#   - {width: 6}
#   - values: {'null': -2147483648}
# - name: TYC2
#   datatype: string
#   description: Tycho-2 cross-id name, Hog et al., Cat. I/259 (tyc2_original_ext_source_id)
#   meta: !!omap
#   - {ucd: ID_CROSSID}
#   - {_votable_string_dtype: char}
# - name: Source
#   datatype: int64
#   description: Source identifier, identical to the Gaia-EDR3 source_id (id)
#   meta: !!omap
#   - {ucd: ID_MAIN}
#   - {width: 19}
# - name: rgeo
#   unit: pc
#   datatype: float64
#   format: '{:15.8f}'
#   description: '? Median of the geometric distance posterior (r_med_geo)'
#   meta: !!omap
#   - {ucd: PHYS_DISTANCE_TRUE}
#   - {width: 15}
#   - {precision: '8'}
#   - values: {'null': .nan}
# - name: Plx
#   unit: mas
#   datatype: float64
#   format: '{:9.4f}'
#   description: '? Parallax (parallax)'
#   meta: !!omap
#   - {ucd: POS_PARLX_TRIG}
#   - {width: 9}
#   - {precision: '4'}
#   - values: {'null': .nan}
# - name: e_Plx
#   unit: mas
#   datatype: float32
#   format: '{:7.4f}'
#   description: '? Standard error of parallax (parallax_error)'
#   meta: !!omap
#   - {ucd: ERROR}
#   - {width: 7}
#   - {precision: '4'}
#   - values: {'null': .nan}
# - name: pmRA
#   unit: mas / yr
#   datatype: float64
#   format: '{:9.3f}'
#   description: '? Proper motion in right ascension direction, pmRA*cosDE (pmra)'
#   meta: !!omap
#   - {ucd: POS_EQ_PMRA}
#   - {width: 9}
#   - {precision: '3'}
#   - values: {'null': .nan}
# - name: pmDE
#   unit: mas / yr
#   datatype: float64
#   format: '{:9.3f}'
#   description: '? Proper motion in declination direction (pmdec)'
#   meta: !!omap
#   - {ucd: POS_EQ_PMDEC}
#   - {width: 9}
#   - {precision: '3'}
#   - values: {'null': .nan}
# - name: e_pmRA
#   unit: mas / yr
#   datatype: float32
#   format: '{:6.3f}'
#   description: '? Standard error of proper motion in right ascension direction (pmra_error)'
#   meta: !!omap
#   - {ucd: ERROR}
#   - {width: 6}
#   - {precision: '3'}
#   - values: {'null': .nan}
# - name: e_pmDE
[...]
#       distance: !astropy.table.SerializedColumn
#         __class__: astropy.coordinates.distances.Distance
#         unit: !astropy.units.Unit {unit: pc}
#         value: !astropy.table.SerializedColumn {name: SkyCoord.distance}
#       frame: icrs
#       obstime: !astropy.time.Time {format: jyear_str, in_subfmt: '*', jd1: 367701545.0, jd2: 0.0, out_subfmt: '*', precision: 3, scale: tt}
#       pm_dec: !astropy.table.SerializedColumn
#         __class__: astropy.units.quantity.Quantity
#         unit: !astropy.units.Unit {unit: mas / yr}
#         value: !astropy.table.SerializedColumn {name: SkyCoord.pm_dec}
#       pm_ra_cosdec: !astropy.table.SerializedColumn
#         __class__: astropy.units.quantity.Quantity
#         unit: !astropy.units.Unit {unit: mas / yr}
#         value: !astropy.table.SerializedColumn {name: SkyCoord.pm_ra_cosdec}
#       ra: !astropy.table.SerializedColumn
#         __class__: astropy.coordinates.angles.Longitude
#         unit: *id001
#         value: !astropy.table.SerializedColumn {name: SkyCoord.ra}
#         wrap_angle: !astropy.coordinates.Angle
#           unit: *id001
#           value: 360.0
#       representation_type: spherical
# schema: astropy-2.0
RA_ICRS_1 DE_ICRS_1 e_RA_ICRS e_DE_ICRS _r_1 HIP TYC2 Source rgeo Plx e_Plx pmRA pmDE e_pmRA e_pmDE RUWE Teff logg Gmag BP-RP BPmag RPmag RV e_RV b_rgeo B_rgeo FG e_FG FBP e_FBP FRP e_FRP RAVE5 RAVE6 e_Gmag e_BPmag e_RPmag e_BP-RP SkyCoord.ra SkyCoord.dec SkyCoord.distance SkyCoord.pm_ra_cosdec SkyCoord.pm_dec rmRA rmDE e_rmRA e_rmDE rRV e_rRV v_pec v_pec3d e_vpec e_vpec3d Pmemb
[from data line 31]
35.49488764621 56.87354536162 0.0082 0.0105 17.4289 "" "" 458306652974151936 2213.47925 0.4231 0.0144 -0.553 -1.284 0.011 0.014 1.043 14178.1 4.1333 13.099031 0.429041 13.250363 12.821322 "" "" 2144.4021 2287.44507 108476.10309 83.493 68434.0 155.74 58970.0 132.58 "" "" 0.0028792622927874714 0.0037269723 0.0044991444 0.008226117 35.49488764621 56.87354536162 2213.47925 -0.553 -1.284 0.07210430812835689 -0.15146621131896976 0.1051297 0.108129695 "" "" 1.7600455302424072 "" 0.18934877547209747 "" 0.9
35.77399250657 57.17737499397 0.0086 0.0114 4.9088 "" "" 458413408680121856 2376.57324 0.3857 0.0139 -0.452 -1.139 0.012 0.015 1.094 12647.7 3.9002 13.206333 0.555408 13.411104 12.855696 "" "" 2285.7334 2473.09644 98268.33213 25.292 59017.0 33.653 57132.0 33.987 "" "" 0.0027694544631807487 0.0028580327 0.0038341752 0.006692208 35.77399250657 57.17737499397 2376.57324 -0.45200000000000035 -1.139 0.17310430812835692 -0.006466211318969739 0.1061297 0.1091297 "" "" 1.9513726184051563 "" 0.20710685986468919 "" 0.8
35.38139461743 57.16645260719 0.0076 0.0092 8.0877 "" "" 458454262411070976 2412.04956 0.3826 0.0125 -0.781 -1.173 0.01 0.012 1.061 12704.1 3.8359 13.30019 0.566549 13.508791 12.942242 "" "" 2343.29541 2477.73608 90130.30667 21.487 53939.0 32.341 52755.0 22.729 "" "" 0.0027674513331987986 0.0028651068 0.0038082206 0.0066733276 35.38139461743 57.16645260719 2412.04956 -0.7809999999999995 -1.173 -0.1558956918716431 -0.04046621131896977 0.104129694 0.1061297 "" "" 1.841440821381675 "" 0.19198324005832684 "" 0.9
35.47059253299 57.134406123 0.0083 0.0094 5.2987 "" "" 458454636060309504 2322.27637 0.3984 0.013 -0.611 -1.346 0.011 0.012 1.07 13194.3 4.0383 13.300615 0.548375 13.502655 12.95428 "" "" 2259.30859 2388.89355 90094.98531 22.097 54244.0 34.553 52173.0 20.805 "" "" 0.0027681583173779813 0.002874607 0.0038041004 0.0066787074 35.47059253299 57.134406123 2322.27637 -0.6110000000000001 -1.3460000000000003 0.014104308128356946 -0.2134662113189698 0.1051297 0.1061297 "" "" 2.354871993085914 "" 0.2499116667462087 "" 0.8
35.51802137159 57.14317275365 0.0084 0.0108 3.6782 "" "" 458454704779782528 2339.62158 0.3886 0.0136 -0.558 -1.265 0.011 0.014 1.097 12603.8 3.9892 13.320781 0.56033 13.523983 12.963653 "" "" 2270.06494 2414.06958 88437.08969 25.22 53189.0 81.27 51725.0 26.561 "" "" 0.00277266236014688 0.0032460985 0.0038202836 0.007066382 35.51802137159 57.14317275365 2339.62158 -0.558 -1.2649999999999992 0.06710430812835688 -0.13246621131896963 0.1051297 0.108129695 "" "" 1.6467628719586134 "" 0.17706628945904934 "" 1.0
35.4885435999 57.17250794723 0.0085 0.0108 4.6934 "" "" 458454983965720192 2347.34668 0.3888 0.0145 -0.579 -1.229 0.011 0.014 1.097 12435.4 3.7855 13.401495 0.581522 13.615349 13.033827 "" "" 2272.84888 2419.77319 82101.08026 18.764 48896.0 32.532 48487.0 20.435 "" "" 0.0027664714022033587 0.0028821644 0.0038069822 0.0066891466 35.4885435999 57.17250794723 2347.34668 -0.5789999999999998 -1.229 0.046104308128356974 -0.09646621131896982 0.1051297 0.108129695 "" "" 1.189608596858069 "" 0.12797594013445618 "" 0.9
35.8269251029 57.25887012622 0.0084 0.0105 8.9682 "" "" 458415298465666048 2322.73413 0.4014 0.0147 -0.528 -1.093 0.011 0.014 0.995 13749.5 3.9702 13.406522 0.657871 13.652248 12.994377 "" "" 2255.85571 2388.97363 81721.80974 29.072 47263.0 49.323 50281.0 42.373 "" "" 0.0027822604988282616 0.0030114567 0.0038885612 0.006900018 35.8269251029 57.25887012622 2322.73413 -0.528 -1.093 0.09710430812835691 0.0395337886810303 0.1051297 0.108129695 "" "" 1.1543021487856842 "" 0.12184980919175349 "" 0.8
35.66525289111 57.08044575307 0.0077 0.0104 4.6089 "" "" 458406433653643648 2318.84448 0.3967 0.0132 -0.651 -1.127 0.011 0.014 1.014 12723.4 3.9892 13.410715 0.511616 13.595762 13.084146 "" "" 2245.00146 2394.25586 81406.78078 28.173 49787.0 51.946 46291.0 40.654 "" "" 0.002780822910915881 0.0030113664 0.0038978113 0.0069091776 35.66525289111 57.08044575307 2318.84448 -0.651 -1.1270000000000002 -0.02589569187164309 0.005533788681030272 0.1051297 0.108129695 "" "" 0.2910542289167638 "" 0.030637094622410512 "" 0.8
35.4455415131 57.16494384443 0.0084 0.0105 6.0014 "" "" 458454949605985280 2403.98145 0.382 0.0139 -0.678 -1.238 0.011 0.014 1.052 12350.0 3.9582 13.413947 0.613013 13.643103 13.030089 "" "" 2332.0332 2480.66235 81164.80815 21.121 47662.0 28.632 48654.0 24.172 "" "" 0.0027697680358884924 0.0028653897 0.003817681 0.0066830707 35.4455415131 57.16494384443 2403.98145 -0.678 -1.238 -0.052895691871643113 -0.10546621131896972 0.1051297 0.108129695 "" "" 1.3444537141836121 "" 0.14457375310625886 "" 1.0
35.35718737508 57.0726784517 0.0078 0.0098 10.1313 "" "" 458452681863145728 2255.38696 0.409 0.0131 -0.765 -1.312 0.011 0.013 1.003 6851.2 3.5376 13.43457 0.662926 13.683379 13.020453 "" "" 2193.30713 2319.96436 79637.6978 19.106 45927.0 38.061 49088.0 28.348 "" "" 0.0027676053820182255 0.0029316638 0.0038310394 0.006762703 35.35718737508 57.0726784517 2255.38696 -0.765 -1.312 -0.13989569187164308 -0.17946621131896978 0.1051297 0.10712969 "" "" 2.432629248825643 "" 0.2587786661697432 "" 0.8
35.50690615762 57.11738515168 0.0085 0.0115 4.5628 "" "" 458407636244481280 2317.58057 0.397 0.0144 -0.606 -1.262 0.011 0.015 1.08 11633.6 4.0504 13.524575 0.546818 13.726325 13.179507 "" "" 2245.06567 2398.79785 73302.11788 21.961 44146.0 42.494 42399.0 18.692 "" "" 0.0027744544916546293 0.002979479 0.0038095722 0.006789051 35.50690615762 57.11738515168 2317.58057 -0.6059999999999997 -1.262 0.01910430812835695 -0.12946621131896974 0.1051297 0.1091297 "" "" 1.4376301377459808 "" 0.15676779441059138 "" 0.9
35.55528415879 57.15903656873 0.0084 0.0103 2.4133 "" "" 458408181694028800 2162.18896 0.426 0.0138 -0.688 -1.104 0.011 0.014 1.002 "" "" 13.525793 0.612479 13.752811 13.140332 "" "" 2102.23193 2230.57788 73219.93545 16.573 43082.0 27.221 43957.0 23.181 "" "" 0.0027662579750462953 0.0028732668 0.0038225076 0.0066957744 35.55528415879 57.15903656873 2162.18896 -0.6880000000000003 -1.1039999999999994 -0.06289569187164301 0.02853378868103018 0.1051297 0.108129695 "" "" 0.7078369542360775 "" 0.0747814041577903 "" 0.9
35.52064314829 57.14492735173 0.0087 0.0117 3.5756 "" "" 458454709087819392 2355.27783 0.3919 0.0143 -0.622 -1.044 0.011 0.015 1.058 7051.9 3.6691 13.535881 0.596042 13.754815 13.158773 "" "" 2289.823 2417.89478 72542.82471 16.925 43002.0 36.983 43216.0 27.384 "" "" 0.00276694003902007 0.0029422722 0.00384149 0.006783762 35.52064314829 57.14492735173 2355.27783 -0.6219999999999998 -1.044 0.0031043081283569363 0.08853378868103023 0.1051297 0.1091297 "" "" 0.9890001183306658 "" 0.10792451451071126 "" 0.8
35.6477744623 57.16190036478 0.0086 0.0105 0.7479 "" "" 458408014201226880 2261.18237 0.4096 0.014 -0.539 -1.126 0.011 0.014 0.992 7284.4 3.7238 13.550674 0.634323 13.787354 13.15303 "" "" 2179.90015 2330.625 71561.1439 18.623 41733.0 32.642 43446.0 20.096 "" "" 0.00276976973769894 0.0029165435 0.003812603 0.0067291465 35.6477744623 57.16190036478 2261.18237 -0.5390000000000005 -1.126 0.0861043081283569 0.006533788681030384 0.1051297 0.108129695 "" "" 0.925519528194186 "" 0.09731570871750991 "" 0.8
35.8364221547 56.95419684265 0.0087 0.0101 13.8031 "" "" 458390181497232512 2269.22046 0.4075 0.014 -0.66 -1.04 0.012 0.013 0.909 7189.1 3.5124 13.56763 0.635234 13.807056 13.171823 "" "" 2197.80103 2342.51953 70452.23046 18.023 40982.0 26.604 42700.0 19.461 "" "" 0.0027692842737970977 0.002877815 0.0038116388 0.0066894535 35.8364221547 56.95419684265 2269.22046 -0.6599999999999997 -1.0400000000000005 -0.0348956918716431 0.09253378868103024 0.1061297 0.10712969 "" "" 1.0637244763782558 "" 0.11382457750276125 "" 0.9
36.13044324469 57.16731957093 0.008 0.0094 16.3324 "" "" 458399252467886976 2370.92065 0.3891 0.0134 -0.65 -1.059 0.011 0.012 0.995 12821.7 3.8863 13.568896 0.587742 13.787334 13.199593 "" "" 2304.28784 2448.63843 70370.12512 16.311 41733.0 33.196 41622.0 21.215 "" "" 0.002766789269827871 0.0029207729 0.003819684 0.006740457 36.13044324469 57.16731957093 2370.92065 -0.6499999999999995 -1.0589999999999997 -0.02489569187164309 0.07353378868103033 0.1051297 0.1061297 "" "" 0.8724618483630356 "" 0.0925047715877859 "" 0.8
35.5006319284 57.32486409029 0.0085 0.0102 11.028 "" "" 458462680546845440 2311.35718 0.3993 0.0145 -0.507 -1.059 0.012 0.014 1.045 12255.3 4.0976 13.577188 0.756739 13.869875 13.113136 "" "" 2244.9856 2384.67358 69834.79652 15.25 38678.0 29.549 45072.0 31.07 "" "" 0.002765502379197956 0.002910855 0.0038527774 0.0067636324 35.5006319284 57.32486409029 2311.35718 -0.5069999999999998 -1.0590000000000002 0.11810430812835693 0.07353378868103033 0.1061297 0.108129695 "" "" 1.5242334226842162 "" 0.16262379912698013 "" 0.8
35.84164326582 57.0071208279 0.0086 0.0102 11.2461 "" "" 458402447923776512 2350.48096 0.3922 0.0141 -0.561 -1.155 0.012 0.013 0.989 12531.5 4.1497 13.624283 0.592222 13.842766 13.250544 "" "" 2277.39673 2442.38477 66870.35663 21.117 39656.0 42.528 39714.0 32.069 "" "" 0.0027765708460477114 0.003023376 0.0038797401 0.006903116 35.84164326582 57.0071208279 2350.48096 -0.5609999999999997 -1.1549999999999991 0.06410430812835688 -0.022466211318969753 0.1061297 0.10712969 "" "" 0.7567949924452657 "" 0.08040155587144596 "" 0.8
35.62092495078 57.13121435303 0.009 0.0112 1.4335 "" "" 458407842402574208 2451.5813 0.3737 0.0141 -0.706 -1.146 0.012 0.015 0.952 11797.6 3.8571 13.673742 0.58545 13.889907 13.304457 "" "" 2369.78442 2557.89087 63892.50793 15.857 37971.0 26.194 37790.0 22.488 "" "" 0.0027684650007974453 0.0028889496 0.0038342103 0.00672316 35.62092495078 57.13121435303 2451.5813 -0.7060000000000002 -1.1460000000000004 -0.08089569187164303 -0.013466211318969634 0.1061297 0.1091297 "" "" 0.9529834846150869 "" 0.10121799522673991 "" 1.0
35.46765650822 57.07839600098 0.0085 0.0106 6.9706 "" "" 458406021336529152 2485.44189 0.3682 0.0139 -0.492 -1.038 0.012 0.014 0.954 11033.4 4.1165 13.67891 0.677374 13.93312 13.255746 "" "" 2398.57666 2574.97974 63589.09567 11.288 36490.0 27.197 39524.0 19.748 "" "" 0.002762052833273062 0.0029051506 0.0038181166 0.006723267 35.46765650822 57.07839600098 2485.44189 -0.492 -1.038 0.13310430812835694 0.09453378868103024 0.1061297 0.108129695 "" "" 1.9233495286957591 "" 0.20542229313934265 "" 0.8
35.50161577046 57.13906707233 0.0097 0.0114 4.2515 "" "" 458454606008606976 2352.31714 0.3894 0.0161 -0.641 -1.138 0.014 0.015 0.954 11310.6 4.1617 13.752745 0.626845 13.967111 13.340265 "" "" 2256.64478 2466.83057 59408.53441 18.643 35365.0 218.48 36564.0 124.24 "" "" 0.0027763061998912035 0.007264705 0.005281469 0.012546174 35.50161577046 57.13906707233 2352.31714 -0.6409999999999999 -1.1379999999999992 -0.01589569187164308 -0.005466211318969627 0.108129695 0.1091297 "" "" 0.18742338672808434 "" 0.02028593528868502 "" 0.8
35.67362709029 57.17454123407 0.0092 0.0113 1.8772 "" "" 458413889716473216 2395.10107 0.3848 0.0149 -0.525 -1.082 0.013 0.015 0.993 11424.3 3.7839 13.769912 0.704676 14.036923 13.332248 "" "" 2305.99072 2470.11182 58476.5913 13.799 33163.0 35.671 36835.0 25.601 "" "" 0.002767206368868278 0.003024717 0.0038539795 0.0068786964 35.67362709029 57.17454123407 2395.10107 -0.525 -1.082 0.10010430812835691 0.0505337886810302 0.10712969 0.1091297 "" "" 1.2730579578007029 "" 0.1369032117849465 "" 0.8
35.5286164695 57.20049824552 0.0091 0.011 4.2677 "" "" 458455224483880704 2380.03198 0.3923 0.0159 -0.728 -1.19 0.013 0.015 1.025 11743.8 3.9748 13.786669 0.689374 14.04889 13.359516 "" "" 2288.05371 2475.64087 57580.99133 12.049 32799.0 18.397 35921.0 20.026 "" "" 0.0027646711115386045 0.002855857 0.0038275467 0.0066834036 35.5286164695 57.20049824552 2380.03198 -0.728 -1.19 -0.10289569187164305 -0.05746621131896967 0.10712969 0.1091297 "" "" 1.3295678944295233 "" 0.14307289811733065 "" 0.9
35.56730293149 57.14091295761 0.0093 0.0113 2.1723 "" "" 458407739323355008 2355.43262 0.3923 0.0148 -0.599 -1.247 0.012 0.015 0.998 11043.8 3.9577 13.789793 0.577118 14.002082 13.424964 "" "" 2255.21191 2441.36523 57415.53177 15.879 34244.0 23.758 33820.0 22.514 "" "" 0.002771633816521348 0.0028900625 0.0038478738 0.0067379363 35.56730293149 57.14091295761 2355.43262 -0.5990000000000001 -1.2469999999999999 0.026104308128356957 -0.11446621131896983 0.1061297 0.1091297 "" "" 1.3107982316420965 "" 0.14285515231690016 "" 0.8
35.57006578661 57.14151825962 0.0092 0.012 2.0753 "" "" 458407739323353600 2299.06909 0.3994 0.0148 -0.65 -1.247 0.012 0.015 0.998 10893.4 3.9097 13.837427 0.580148 14.040693 13.460546 "" "" 2226.85669 2376.78979 54951.02695 15.365 33048.0 52.77 32730.0 66.183 "" "" 0.0027719945092512803 0.0032849135 0.0043707844 0.007655698 35.57006578661 57.14151825962 2299.06909 -0.6500000000000004 -1.247 -0.02489569187164309 -0.11446621131896983 0.1061297 0.1091297 "" "" 1.27656802345247 "" 0.139140778549655 "" 0.9
35.44180992048 57.1906604987 0.009 0.0115 6.4601 "" "" 458455808599280768 2447.35474 0.378 0.0153 -0.41 -1.049 0.012 0.015 1.036 "" "" 13.845107 0.751997 14.13634 13.384343 "" "" 2353.1604 2532.85132 54563.73247 11.17 30261.0 20.593 35109.0 21.011 "" "" 0.0027642705485433593 0.00288634 0.0038348292 0.006721169 35.44180992048 57.1906604987 2447.35474 -0.41000000000000036 -1.0490000000000004 0.21510430812835696 0.08353378868103034 0.1061297 0.1091297 "" "" 2.676861650671806 "" 0.28515977030223943 "" 0.9
35.51664359168 57.14656631638 0.01 0.0114 3.6897 "" "" 458454709087819264 2315.56909 0.4016 0.0155 -0.697 -1.287 0.014 0.015 1.057 11032.6 3.952 13.862598 0.598103 14.086966 13.488863 "" "" 2231.59644 2394.95068 53691.72705 15.994 31669.0 28.699 31887.0 32.084 "" "" 0.002774237436281971 0.0029585694 0.003934102 0.006892672 35.51664359168 57.14656631638 2315.56909 -0.6969999999999996 -1.2869999999999997 -0.07189569187164302 -0.15446621131896965 0.108129695 0.1091297 "" "" 1.870038871257259 "" 0.2037450439225206 "" 0.9
35.81818811887 56.96612953159 0.0098 0.0113 12.888 "" "" 458401932527744896 2303.95557 0.4045 0.0159 -0.628 -1.113 0.013 0.014 0.974 11019.8 3.9984 13.872609 0.5864 14.091781 13.505381 "" "" 2233.74268 2386.6062 53198.9324 14.419 31529.0 15.888 31406.0 16.071 "" "" 0.002770990515762554 0.002843306 0.003820001 0.0066633066 35.81818811887 56.96612953159 2303.95557 -0.6280000000000002 -1.1130000000000002 -0.002895691871643069 0.019533788681030284 0.10712969 0.108129695 "" "" 0.21565478219821368 "" 0.02331406967020327 "" 0.8
35.51847426133 57.14923628421 0.0228 0.028 3.6124 "" "" 458454709087818368 2188.33545 0.4263 0.037 -0.351 -0.968 0.032 0.038 2.829 10591.6 3.8727 13.884045 0.707563 14.105302 13.397738 "" "" 2055.26221 2359.35156 52641.57292 15.22 31138.0 162.68 34679.0 221.29 "" "" 0.002773144629464972 0.0063214954 0.007891988 0.014213484 35.51847426133 57.14923628421 2188.33545 -0.3509999999999998 -0.9679999999999993 0.27410430812835695 0.1645337886810303 0.1261297 0.1321297 "" "" 3.3160977964251206 "" 0.4236195114859116 "" 0.8
35.5033521716 57.17446806811 0.0098 0.0113 4.2569 "" "" 458454812167026560 2558.07642 0.357 0.0154 -0.775 -1.162 0.013 0.014 1.003 9775.4 3.8475 13.899831 0.722708 14.177629 13.454921 "" "" 2476.12085 2653.97778 51881.73318 8.8398 29132.0 23.86 32900.0 20.129 "" "" 0.0027615233726346194 0.0029284493 0.003837316 0.006765765 35.5033521716 57.17446806811 2558.07642 -0.7749999999999998 -1.162 -0.1498956918716431 -0.02946621131896965 0.10712969 0.108129695 "" "" 1.852312026133159 "" 0.1985068441689837 "" 0.9
35.57397029784 57.10379696446 0.0098 0.0117 3.5413 "" "" 458407498805232896 2212.60986 0.4241 0.0156 -0.572 -1.066 0.014 0.016 0.936 "" "" 13.953121 0.548646 14.154233 13.605587 "" "" 2126.22754 2284.19946 49396.72022 16.446 29766.0 31.269 28637.0 26.739 "" "" 0.0027789311809143964 0.0030142865 0.003912987 0.0069272737 35.57397029784 57.10379696446 2212.60986 -0.5719999999999996 -1.0659999999999994 0.05310430812835698 0.06653378868103021 0.108129695 0.1101297 "" "" 0.8928051767987943 "" 0.0976333826470895 "" 1.0
