Clusters/NGC_884/NGC_884_stars_in_region.tsv
# %ECSV 1.0
# ---
# datatype:
# - name: RA_ICRS_1
#   unit: deg
#   datatype: float64
#   format: '{:15.11f}'
#   description: Right ascension (ICRS) at Ep=2016.0 (ra)
#   meta: !!omap
#   - {ucd: POS_EQ_RA_MAIN}
#   - {width: 15}
#   - {precision: '11'}
# - name: DE_ICRS_1
#   unit: deg
#   datatype: float64
#   format: '{:15.11f}'
#   description: Declination (ICRS) at Ep=2016.0 (dec)
#   meta: !!omap
#   - {ucd: POS_EQ_DEC_MAIN}
#   - {width: 15}
#   - {precision: '11'}
# - name: e_RA_ICRS
#   unit: mas
#   datatype: float64
#   format: '{:7.4f}'
#   description: Standard error of right ascension (ra_error)
#   meta: !!omap
#   - {ucd: ERROR}
#   - {width: 7}
#   - {precision: '4'}
# - name: e_DE_ICRS
#   unit: mas
#   datatype: float64
#   format: '{:7.4f}'
#   description: Standard error of declination (dec_error)
#   meta: !!omap
#   - {ucd: ERROR}
#   - {width: 7}
#   - {precision: '4'}
# - name: _r_1
#   unit: ''
#   datatype: float64
#   format: '{:7.4f}'
#   description: Distance from center (035.62901560000+57.15469883000)[ICRS], at Epoch=J2016.0
#   meta: !!omap
#   - {ucd: POS_ANG_DIST_GENERAL}
#   - {width: 7}
#   - {precision: '4'}
# - name: HIP
#   datatype: int32
#   description: '? HIP cross-id number, van Leeuwen, Cat. I/311 (hip_original_ext_source_id)'
#   meta: !!omap
#   - {ucd: ID_NUMBER}
#   - {width: 6}
#   - values: {'null': -2147483648}
# - name: TYC2
#   datatype: string
#   description: Tycho-2 cross-id name, Hog et al., Cat. I/259 (tyc2_original_ext_source_id)
#   meta: !!omap
#   - {ucd: ID_CROSSID}
#   - {_votable_string_dtype: char}
# - name: Source
#   datatype: int64
#   description: Source identifier, identical to the Gaia-EDR3 source_id (id)
#   meta: !!omap
#   - {ucd: ID_MAIN}
#   - {width: 19}
# - name: rgeo
#   unit: pc
#   datatype: float64
#   format: '{:15.8f}'
#   description: '? Median of the geometric distance posterior (r_med_geo)'
#   meta: !!omap
#   - {ucd: PHYS_DISTANCE_TRUE}
#   - {width: 15}
#   - {precision: '8'}
#   - values: {'null': .nan}
# - name: Plx
#   unit: mas
#   datatype: float64
#   format: '{:9.4f}'
#   description: '? Parallax (parallax)'
#   meta: !!omap
#   - {ucd: POS_PARLX_TRIG}
#   - {width: 9}
#   - {precision: '4'}
#   - values: {'null': .nan}
# - name: e_Plx
#   unit: mas
#   datatype: float32
#   format: '{:7.4f}'
#   description: '? Standard error of parallax (parallax_error)'
#   meta: !!omap
#   - {ucd: ERROR}
#   - {width: 7}
#   - {precision: '4'}
#   - values: {'null': .nan}
# - name: pmRA
#   unit: mas / yr
#   datatype: float64
#   format: '{:9.3f}'
#   description: '? Proper motion in right ascension direction, pmRA*cosDE (pmra)'
#   meta: !!omap
#   - {ucd: POS_EQ_PMRA}
#   - {width: 9}
#   - {precision: '3'}
#   - values: {'null': .nan}
# - name: pmDE
#   unit: mas / yr
#   datatype: float64
#   format: '{:9.3f}'
#   description: '? Proper motion in declination direction (pmdec)'
#   meta: !!omap
#   - {ucd: POS_EQ_PMDEC}
#   - {width: 9}
#   - {precision: '3'}
#   - values: {'null': .nan}
# - name: e_pmRA
#   unit: mas / yr
#   datatype: float32
#   format: '{:6.3f}'
#   description: '? Standard error of proper motion in right ascension direction (pmra_error)'
#   meta: !!omap
#   - {ucd: ERROR}
#   - {width: 6}
#   - {precision: '3'}
#   - values: {'null': .nan}
# - name: e_pmDE
[...]
#         value: !astropy.table.SerializedColumn {name: SkyCoord.dec}
#       distance: !astropy.table.SerializedColumn
#         __class__: astropy.coordinates.distances.Distance
#         unit: !astropy.units.Unit {unit: pc}
#         value: !astropy.table.SerializedColumn {name: SkyCoord.distance}
#       frame: icrs
#       obstime: !astropy.time.Time {format: jyear_str, in_subfmt: '*', jd1: 367701545.0, jd2: 0.0, out_subfmt: '*', precision: 3, scale: tt}
#       pm_dec: !astropy.table.SerializedColumn
#         __class__: astropy.units.quantity.Quantity
#         unit: !astropy.units.Unit {unit: mas / yr}
#         value: !astropy.table.SerializedColumn {name: SkyCoord.pm_dec}
#       pm_ra_cosdec: !astropy.table.SerializedColumn
#         __class__: astropy.units.quantity.Quantity
#         unit: !astropy.units.Unit {unit: mas / yr}
#         value: !astropy.table.SerializedColumn {name: SkyCoord.pm_ra_cosdec}
#       ra: !astropy.table.SerializedColumn
#         __class__: astropy.coordinates.angles.Longitude
#         unit: *id001
#         value: !astropy.table.SerializedColumn {name: SkyCoord.ra}
#         wrap_angle: !astropy.coordinates.Angle
#           unit: *id001
#           value: 360.0
#       representation_type: spherical
# schema: astropy-2.0
RA_ICRS_1 DE_ICRS_1 e_RA_ICRS e_DE_ICRS _r_1 HIP TYC2 Source rgeo Plx e_Plx pmRA pmDE e_pmRA e_pmDE RUWE Teff logg Gmag BP-RP BPmag RPmag RV e_RV b_rgeo B_rgeo FG e_FG FBP e_FBP FRP e_FRP RAVE5 RAVE6 e_Gmag e_BPmag e_RPmag e_BP-RP SkyCoord.ra SkyCoord.dec SkyCoord.distance SkyCoord.pm_ra_cosdec SkyCoord.pm_dec rmRA rmDE e_rmRA e_rmDE rRV e_rRV v_pec v_pec3d e_vpec e_vpec3d
[from data line 468]
35.05052891308 57.25798413355 0.0104 0.0126 19.7941 "" "" 458470274049115904 2389.73828 0.3873 0.0167 -0.666 -0.931 0.014 0.015 1.123 10156.8 4.0059 13.978456 0.722101 14.255743 13.533642 "" "" 2293.19434 2508.37866 48257.47023 9.9693 27109.0 19.687 30599.0 17.892 "" "" 0.002764434620853699 0.0028994393 0.0038323323 0.006731772 35.05052891308 57.25798413355 2389.73828 -0.6659999999999998 -0.9310000000000005 -0.0408956918716431 0.20153378868103022 0.108129695 0.1091297 "" "" 2.3293724080364178 "" 0.2541119864766254 ""
35.77461210591 57.11118863987 0.0097 0.0126 5.4121 "" "" 458409835267402752 2380.59619 0.3867 0.016 -0.548 -1.265 0.013 0.017 0.961 10393.9 3.8485 13.983153 0.605155 14.210841 13.605686 "" "" 2285.53613 2458.70239 48049.12825 13.483 28254.0 25.018 28634.0 16.762 "" "" 0.0027721131536537387 0.0029511536 0.0038324515 0.006783605 35.77461210591 57.11118863987 2380.59619 -0.5479999999999997 -1.2649999999999992 0.07710430812835689 -0.13246621131896963 0.10712969 0.1111297 "" "" 1.7295276346519284 "" 0.19047490987581994 ""
35.15191985452 56.94435302507 0.0095 0.0118 20.0425 "" "" 458357333589838208 2158.31836 0.4322 0.0167 -0.639 -1.197 0.013 0.016 1.017 10779.8 3.9761 13.985359 0.587107 14.202708 13.615602 "" "" 2082.04077 2230.41699 47951.59612 14.612 28466.0 20.534 28374.0 20.951 "" "" 0.0027751127934693906 0.0028980074 0.003863475 0.0067614825 35.15191985452 56.94435302507 2158.31836 -0.6389999999999998 -1.1969999999999996 -0.013895691871643079 -0.06446621131896979 0.10712969 0.1101297 "" "" 0.6746642294379269 "" 0.07421187629421354 ""
35.61646031558 57.35406516943 0.0109 0.0125 11.9689 "" "" 458464467253451136 2353.65601 0.3923 0.0185 -1.714 1.081 0.015 0.016 0.994 4872.4 2.6765 13.987008 1.943778 14.95839 13.014612 -61.28 1.51 2242.09473 2471.44775 47878.82542 11.983 14193.0 14.28 49353.0 22.995 "" "" 0.002768687338759995 0.0029963923 0.0038130877 0.00680948 35.61646031558 57.35406516943 2353.65601 -1.7139999999999995 1.0809999999999995 -1.088895691871643 2.2135337886810302 0.1091297 0.1101297 "" "" 27.52116492130975 "" 3.025554970928444 ""
35.54066594332 57.22948566549 0.0155 0.0196 5.3277 "" "" 458455568081256960 2469.48413 0.375 0.026 -0.862 -0.756 0.022 0.027 1.679 12366.5 3.942 13.987353 0.836624 14.31213 13.475506 "" "" 2325.25952 2646.34399 47863.61089 12.252 25737.0 26.413 32282.0 24.243 "" "" 0.0027693015507126544 0.0030044317 0.0038663344 0.006870766 35.54066594332 57.22948566549 2469.48413 -0.862 -0.756 -0.23689569187164305 0.37653378868103027 0.1161297 0.1211297 "" "" 5.2072025946127924 "" 0.6234740588695444 ""
35.04381473317 56.96890121306 0.0101 0.0122 22.1079 "" "" 458360219807848192 2282.1626 0.402 0.0172 -0.488 -1.207 0.014 0.016 0.987 7169.1 3.4978 13.987585 0.580234 14.202358 13.622124 "" "" 2203.55322 2381.10205 47853.38631 11.639 28476.0 31.168 28204.0 17.245 "" "" 0.00276794599077714 0.0030327032 0.0038372437 0.0068699466 35.04381473317 56.96890121306 2282.1626 -0.488 -1.2070000000000012 0.13710430812835694 -0.0744662113189698 0.108129695 0.1101297 "" "" 1.6877583365262832 "" 0.1832711963077822 ""
36.01296452803 57.20227454539 0.0095 0.0114 12.8087 "" "" 458411415815252864 2351.46997 0.3933 0.016 -0.579 -1.15 0.013 0.015 1.035 11324.1 3.9145 13.990857 0.709197 14.260941 13.551744 "" "" 2271.38525 2453.02197 47709.3755 11.258 26980.0 23.943 30093.0 24.381 "" "" 0.002767205930239846 0.0029518502 0.0038804011 0.0068322513 36.01296452803 57.20227454539 2351.46997 -0.579 -1.15 0.046104308128356974 -0.017466211318969638 0.10712969 0.1091297 "" "" 0.549517204519487 "" 0.059008670336238016 ""
36.3289256533 57.18005696038 0.0099 0.0115 22.8196 "" "" 458419215477104128 2559.42358 0.357 0.0171 -0.46 -1.142 0.013 0.014 0.981 11677.8 4.1606 13.991117 0.687518 14.251857 13.564339 "" "" 2467.18237 2684.85938 47697.93844 11.674 27207.0 32.159 29746.0 21.281 "" "" 0.002768104598897653 0.0030711633 0.0038583786 0.006929542 36.3289256533 57.18005696038 2559.42358 -0.45999999999999996 -1.142 0.1651043081283569 -0.00946621131896963 0.10712969 0.108129695 "" "" 2.006280099351286 "" 0.21493877534910938 ""
35.45563136545 57.07449747047 0.0097 0.0122 7.4203 "" "" 458405986976797056 2466.76636 0.3811 0.0158 -0.529 -1.144 0.013 0.016 1.005 9789.6 3.9246 13.996992 0.735677 14.281054 13.545378 "" "" 2370.17627 2570.65747 47440.5655 9.5008 26485.0 18.51 30270.0 21.337 "" "" 0.0027638864860455655 0.0028915107 0.0038560922 0.006747603 35.45563136545 57.07449747047 2466.76636 -0.529 -1.144 0.09610430812835691 -0.011466211318969632 0.10712969 0.1101297 "" "" 1.1316665755182076 "" 0.1212833996675462 ""
35.73393344867 56.85458999861 0.0176 0.0232 18.3299 "" "" 458387982474065664 2418.22803 0.3805 0.028 -0.73 -1.369 0.023 0.028 1.432 "" "" 13.99807 "" "" "" "" "" 2270.07446 2615.34961 47393.49244 58.445 "" "" "" "" "" "" 0.0030634102336896275 "" "" "" 35.73393344867 56.85458999861 2418.22803 -0.7299999999999999 -1.3690000000000002 -0.10489569187164305 -0.23646621131896972 0.1171297 0.12212969 "" "" 2.965183204156534 "" 0.35974116781831894 ""
36.01380775651 57.27311526672 0.0106 0.0134 14.3798 "" "" 458435879950175744 2001.22668 0.4637 0.0197 1.022 -1.245 0.015 0.017 1.082 "" "" 14.006074 0.975017 14.402879 13.427862 "" "" 1919.49988 2096.86914 47045.40883 7.0265 23674.0 17.468 33730.0 15.824 "" "" 0.0027600879620908055 0.0029029013 0.0038135513 0.0067164525 36.01380775651 57.27311526672 2001.22668 1.022 -1.245 1.647104308128357 -0.11246621131896983 0.1091297 0.1111297 "" "" 15.660505838343951 "" 1.7091729350977642 ""
35.52683071855 57.45738345872 0.0101 0.0116 18.4606 "" "" 458468178104876288 2324.25928 0.3973 0.0168 -0.561 -1.076 0.014 0.015 1.009 11175.6 4.0751 14.012492 0.853149 14.346684 13.493535 "" "" 2220.89429 2418.53687 46768.10331 8.6262 24931.0 25.368 31750.0 24.592 "" "" 0.002762588178395688 0.0030009265 0.0038718132 0.0068727396 35.52683071855 57.45738345872 2324.25928 -0.561 -1.076 0.06410430812835688 0.056533788681030206 0.108129695 0.1091297 "" "" 0.9416420718874744 "" 0.10223249919808938 ""
35.67905345237 57.20531641608 0.01 0.0131 3.4455 "" "" 458414095874872576 2202.3855 0.4163 0.0169 -0.554 -1.107 0.013 0.017 1.018 6842.0 3.4926 14.016923 0.668399 14.258512 13.590113 "" "" 2113.4126 2283.34717 46577.65513 14.986 27040.0 27.11 29048.0 76.402 "" "" 0.002777376260687174 0.002994993 0.0047369567 0.00773195 35.67905345237 57.20531641608 2202.3855 -0.5540000000000005 -1.1069999999999998 0.07110430812835689 0.02553378868103029 0.10712969 0.1111297 "" "" 0.7886892841788508 "" 0.0848583279498203 ""
35.52237133518 57.13008773056 0.0114 0.014 3.7726 "" "" 458407670603896064 2504.22559 0.3636 0.019 -0.606 -1.22 0.015 0.018 1.174 9613.9 3.6722 14.017181 0.716401 14.290256 13.573854 "" "" 2379.64771 2600.19287 46566.57506 11.972 26261.0 20.928 29486.0 23.752 "" "" 0.002769423517293858 0.0029212502 0.0038792589 0.006800509 35.52237133518 57.13008773056 2504.22559 -0.6059999999999997 -1.2200000000000009 0.01910430812835695 -0.0874662113189697 0.1091297 0.112129696 "" "" 1.0627032926721645 "" 0.11901728319107852 ""
35.1031953071 57.11469533676 0.0099 0.0122 17.2881 "" "" 458363483982801536 2316.86279 0.4003 0.0161 -0.642 -1.123 0.013 0.016 1.035 11482.5 4.1219 14.019953 0.665131 14.272798 13.607667 "" "" 2230.81665 2412.20923 46447.85616 10.655 26687.0 20.761 28582.0 18.553 "" "" 0.002766554282880999 0.0029152134 0.0038445317 0.006759745 35.1031953071 57.11469533676 2316.86279 -0.6420000000000001 -1.123 -0.01689569187164308 0.009533788681030275 0.10712969 0.1101297 "" "" 0.2130487357321363 "" 0.022979832763089774 ""
35.48833480213 57.3928499751 0.0109 0.0123 15.0 "" "" 458466322679056896 2391.01685 0.3913 0.0178 -0.413 -1.053 0.015 0.017 1.069 11102.3 3.9369 14.024978 0.75659 14.275235 13.518645 "" "" 2283.47607 2481.22461 46233.38681 11.066 26627.0 79.431 31024.0 85.606 "" "" 0.002767548154577219 0.0042749573 0.0048227883 0.009097746 35.48833480213 57.3928499751 2391.01685 -0.41300000000000003 -1.053 0.21210430812835696 0.07953378868103034 0.1091297 0.1111297 "" "" 2.5673100764218564 "" 0.28080780686819884 ""
35.2046436086 57.01679344908 0.01 0.0128 16.1212 "" "" 458359017216933504 2181.74902 0.4263 0.0166 -0.64 -1.202 0.013 0.017 0.917 "" "" 14.02608 0.59339 14.245749 13.652359 "" "" 2099.77246 2268.66235 46186.44306 13.228 27360.0 24.407 27429.0 22.318 "" "" 0.002772811799621645 0.002953496 0.0038812584 0.0068347547 35.2046436086 57.01679344908 2181.74902 -0.6399999999999998 -1.202 -0.01489569187164308 -0.06946621131896968 0.10712969 0.1111297 "" "" 0.7347143938212062 "" 0.08152162702167813 ""
35.89644182875 56.94528417353 0.0107 0.0129 15.2984 "" "" 458390318936187648 2490.30054 0.3671 0.017 -2.078 -1.096 0.014 0.016 1.042 5231.8 3.1575 14.028272 1.694722 14.836595 13.141872 -6.66 2.01 2396.62256 2584.01221 46093.3451 8.7424 15877.0 17.849 43894.0 17.112 "" "" 0.0027630048871469565 0.00304547 0.00380301 0.00684848 35.89644182875 56.94528417353 2490.30054 -2.0779999999999985 -1.0959999999999979 -1.452895691871643 0.03653378868103019 0.108129695 0.1101297 "" "" 17.155437517464158 "" 1.8550341086981381 ""
36.06454020446 57.39371498516 0.0298 0.04 20.1305 "" "" 458438422570688256 1783.12634 0.5238 0.0546 -0.658 -0.645 0.042 0.048 3.147 12409.1 4.1644 14.028348 1.044117 14.35247 13.308353 "" "" 1637.94128 1946.41089 46090.10614 37.198 24799.0 146.25 37655.0 275.41 "" "" 0.0028913028781034945 0.0069845496 0.008794601 0.01577915 36.06454020446 57.39371498516 1783.12634 -0.6579999999999999 -0.6449999999999997 -0.032895691871643096 0.48753378868103026 0.13612969 0.14212969 "" "" 4.130014141447951 "" 0.5868876827029925 ""
35.28600132567 57.23453080152 0.0096 0.0116 12.1357 "" "" 458457767104517760 2328.61426 0.3977 0.0156 -0.91 -1.228 0.013 0.015 0.931 11640.2 4.0828 14.028529 0.788831 14.334047 13.545217 "" "" 2254.21094 2409.93994 46082.38374 8.8699 25223.0 19.726 30274.0 19.028 "" "" 0.002763234105354565 0.0029165123 0.0038404968 0.006757009 35.28600132567 57.23453080152 2328.61426 -0.9099999999999999 -1.2279999999999984 -0.2848956918716431 -0.09546621131896971 0.10712969 0.1091297 "" "" 3.3164244840551684 "" 0.35596274025142477 ""
35.70853800303 57.24827586882 0.0098 0.0121 6.1809 "" "" 458414542551435520 2412.57031 0.3804 0.0164 -0.555 -1.127 0.013 0.016 1.036 11534.2 3.9617 14.029339 0.743597 14.312468 13.568871 "" "" 2322.79736 2515.78442 46048.05646 9.3419 25729.0 24.629 29622.0 27.051 "" "" 0.002764110468222939 0.0029774534 0.0039072754 0.0068847286 35.70853800303 57.24827586882 2412.57031 -0.5549999999999999 -1.1269999999999998 0.07010430812835688 0.005533788681030272 0.10712969 0.1101297 "" "" 0.804177408324954 "" 0.08616642610409832 ""
35.05391625975 57.15207386626 0.0104 0.0129 18.7164 "" "" 458364205537271424 2213.98145 0.4191 0.018 -0.549 -1.217 0.014 0.017 1.04 10741.4 3.7928 14.033394 0.748381 14.320438 13.572058 "" "" 2122.03931 2301.28784 45876.37904 11.564 25541.0 22.169 29535.0 33.945 "" "" 0.0027688788736853144 0.002945022 0.0039800582 0.00692508 35.05391625975 57.15207386626 2213.98145 -0.5490000000000006 -1.217 0.07610430812835689 -0.08446621131896981 0.108129695 0.1111297 "" "" 1.1931395042911161 "" 0.13100151638969784 ""
35.48281460255 57.22964174947 0.0096 0.0117 6.5429 "" "" 458456255276025344 2144.50342 0.4298 0.0161 -0.63 -1.035 0.013 0.015 0.979 "" "" 14.035467 0.663242 14.285341 13.622099 "" "" 2076.60962 2211.60352 45788.87749 9.6274 26380.0 21.634 28205.0 13.751 "" "" 0.0027647608358053804 0.0029287993 0.0038162712 0.00674507 35.48281460255 57.22964174947 2144.50342 -0.63 -1.0350000000000006 -0.004895691871643071 0.09753378868103035 0.10712969 0.1091297 "" "" 0.9926738888720761 "" 0.10832525684090152 ""
35.65940659742 57.07185807395 0.0099 0.0127 5.0681 "" "" 458406433653371392 2040.35242 0.4512 0.0175 -0.49 -0.994 0.013 0.017 0.99 10374.5 3.9494 14.038271 0.587222 14.254398 13.667176 "" "" 1981.35168 2124.93799 45670.77663 9.63 27143.0 22.095 27058.0 15.873 "" "" 0.002764814756022709 0.0029268027 0.0038326753 0.006759478 35.65940659742 57.07185807395 2040.35242 -0.48999999999999977 -0.9940000000000011 0.13510430812835694 0.13853378868103028 0.10712969 0.1111297 "" "" 1.8714541776301001 "" 0.20435928979245277 ""
35.46176347613 57.1212956706 0.0102 0.0124 5.8024 "" "" 458453162899600512 2425.75146 0.379 0.0173 -0.513 -1.103 0.014 0.017 1.059 11306.1 4.0825 14.042886 0.677591 14.296698 13.619106 "" "" 2317.59497 2518.33447 45477.07905 10.204 26106.0 26.33 28282.0 19.404 "" "" 0.0027660689037618115 0.0029973635 0.0038520934 0.0068494566 35.46176347613 57.1212956706 2425.75146 -0.513 -1.103 0.11210430812835692 0.029533788681030293 0.108129695 0.1111297 "" "" 1.3329631612482493 "" 0.14439579310669398 ""
35.69771849903 57.19077546849 0.0108 0.0132 3.1111 "" "" 458414027155407744 2218.13794 0.4164 0.0173 -0.449 -1.053 0.015 0.016 1.019 11686.2 4.1373 14.047286 0.888842 14.402375 13.513534 "" "" 2147.26099 2312.27417 45293.12553 16.355 23685.0 30.397 31171.0 29.338 "" "" 0.002783072647999429 0.00311876 0.003915097 0.007033857 35.69771849903 57.19077546849 2218.13794 -0.44900000000000007 -1.053 0.17610430812835692 0.07953378868103034 0.1091297 0.1101297 "" "" 2.031629256382186 "" 0.22205657938156376 ""
35.56370164564 57.25613776438 0.01 0.012 6.4458 "" "" 458461477956243968 2555.14771 0.3467 0.0169 2.167 1.389 0.013 0.016 1.072 4931.0 2.9544 14.049514 1.854471 14.962749 13.108277 -46.75 1.45 2448.17456 2705.57446 45200.27901 8.9488 14136.0 17.365 45274.0 20.567 "" "" 0.002763692303859587 0.003092559 0.0038114302 0.0069039892 35.56370164564 57.25613776438 2555.14771 2.166999999999999 1.3889999999999996 2.7921043081283567 2.5215337886810305 0.10712969 0.1101297 "" "" 45.56523643389069 "" 4.943262878298045 ""
35.23826745741 56.88960830936 0.0103 0.0135 20.392 "" "" 458356165358775424 2215.02637 0.4183 0.0177 -0.335 -1.182 0.013 0.018 1.028 9505.7 4.0491 14.049946 0.734702 14.333512 13.59881 "" "" 2119.30884 2305.87866 45182.31114 8.6636 25235.0 19.389 28816.0 18.162 "" "" 0.002763174145397898 0.0029122084 0.0038408346 0.0067530433 35.23826745741 56.88960830936 2215.02637 -0.3350000000000002 -1.182 0.2901043081283569 -0.049466211318969666 0.10712969 0.112129696 "" "" 3.0898314001292935 "" 0.3314590572137042 ""
35.26749293348 56.96916672269 0.0105 0.0132 16.218 "" "" 458358123863781888 2136.22021 0.4336 0.0171 -0.559 -1.213 0.014 0.017 0.98 10957.5 4.1492 14.049951 0.638556 14.290425 13.65187 "" "" 2060.73071 2239.06812 45182.10275 11.061 26257.0 25.445 27442.0 16.097 "" "" 0.002768110937415167 0.0029819603 0.003832667 0.006814627 35.26749293348 56.96916672269 2136.22021 -0.5589999999999999 -1.213 0.06610430812835688 -0.0804662113189698 0.108129695 0.1111297 "" "" 1.0544620257764454 "" 0.11591775985125391 ""
35.3488542408 57.1602132317 0.0096 0.0117 9.1224 "" "" 458454331130551680 2274.42676 0.4076 0.0157 -0.743 -1.159 0.013 0.016 0.995 11338.5 4.1737 14.050213 0.59464 14.270991 13.676352 "" "" 2199.36523 2349.30908 45171.17858 9.8855 26731.0 22.924 26830.0 27.546 "" "" 0.002765546435024267 0.0029414296 0.0039403434 0.006881773 35.3488542408 57.1602132317 2274.42676 -0.7429999999999999 -1.1589999999999998 -0.11789569187164306 -0.026466211318969757 0.10712969 0.1101297 "" "" 1.302640456370248 "" 0.13974145966411192 ""
