Clusters/NGC_884/NGC_884_members.tsv
# %ECSV 1.0
# ---
# datatype:
# - name: RA_ICRS_1
#   unit: deg
#   datatype: float64
#   format: '{:15.11f}'
#   description: Right ascension (ICRS) at Ep=2016.0 (ra)
#   meta: !!omap
#   - {ucd: POS_EQ_RA_MAIN}
#   - {width: 15}
#   - {precision: '11'}
# - name: DE_ICRS_1
#   unit: deg
#   datatype: float64
#   format: '{:15.11f}'
#   description: Declination (ICRS) at Ep=2016.0 (dec)
#   meta: !!omap
#   - {ucd: POS_EQ_DEC_MAIN}
#   - {width: 15}
#   - {precision: '11'}
# - name: e_RA_ICRS
#   unit: mas
#   datatype: float64
#   format: '{:7.4f}'
#   description: Standard error of right ascension (ra_error)
#   meta: !!omap
#   - {ucd: ERROR}
#   - {width: 7}
#   - {precision: '4'}
# - name: e_DE_ICRS
#   unit: mas
#   datatype: float64
#   format: '{:7.4f}'
#   description: Standard error of declination (dec_error)
#   meta: !!omap
#   - {ucd: ERROR}
#   - {width: 7}
#   - {precision: '4'}
# - name: _r_1
#   unit: ''
#   datatype: float64
#   format: '{:7.4f}'
#   description: Distance from center (035.62901560000+57.15469883000)[ICRS], at Epoch=J2016.0
#   meta: !!omap
#   - {ucd: POS_ANG_DIST_GENERAL}
#   - {width: 7}
#   - {precision: '4'}
# - name: HIP
#   datatype: int32
#   description: '? HIP cross-id number, van Leeuwen, Cat. I/311 (hip_original_ext_source_id)'
#   meta: !!omap
#   - {ucd: ID_NUMBER}
#   - {width: 6}
#   - values: {'null': -2147483648}
# - name: TYC2
#   datatype: string
#   description: Tycho-2 cross-id name, Hog et al., Cat. I/259 (tyc2_original_ext_source_id)
#   meta: !!omap
#   - {ucd: ID_CROSSID}
#   - {_votable_string_dtype: char}
# - name: Source
#   datatype: int64
#   description: Source identifier, identical to the Gaia-EDR3 source_id (id)
#   meta: !!omap
#   - {ucd: ID_MAIN}
#   - {width: 19}
# - name: rgeo
#   unit: pc
#   datatype: float64
#   format: '{:15.8f}'
#   description: '? Median of the geometric distance posterior (r_med_geo)'
#   meta: !!omap
#   - {ucd: PHYS_DISTANCE_TRUE}
#   - {width: 15}
#   - {precision: '8'}
#   - values: {'null': .nan}
# - name: Plx
#   unit: mas
#   datatype: float64
#   format: '{:9.4f}'
#   description: '? Parallax (parallax)'
#   meta: !!omap
#   - {ucd: POS_PARLX_TRIG}
#   - {width: 9}
#   - {precision: '4'}
#   - values: {'null': .nan}
# - name: e_Plx
#   unit: mas
#   datatype: float32
#   format: '{:7.4f}'
#   description: '? Standard error of parallax (parallax_error)'
#   meta: !!omap
#   - {ucd: ERROR}
#   - {width: 7}
#   - {precision: '4'}
#   - values: {'null': .nan}
# - name: pmRA
#   unit: mas / yr
#   datatype: float64
#   format: '{:9.3f}'
#   description: '? Proper motion in right ascension direction, pmRA*cosDE (pmra)'
#   meta: !!omap
#   - {ucd: POS_EQ_PMRA}
#   - {width: 9}
#   - {precision: '3'}
#   - values: {'null': .nan}
# - name: pmDE
#   unit: mas / yr
#   datatype: float64
#   format: '{:9.3f}'
#   description: '? Proper motion in declination direction (pmdec)'
#   meta: !!omap
#   - {ucd: POS_EQ_PMDEC}
#   - {width: 9}
#   - {precision: '3'}
#   - values: {'null': .nan}
# - name: e_pmRA
#   unit: mas / yr
#   datatype: float32
#   format: '{:6.3f}'
#   description: '? Standard error of proper motion in right ascension direction (pmra_error)'
#   meta: !!omap
#   - {ucd: ERROR}
#   - {width: 6}
#   - {precision: '3'}
#   - values: {'null': .nan}
# - name: e_pmDE
[...]
#       distance: !astropy.table.SerializedColumn
#         __class__: astropy.coordinates.distances.Distance
#         unit: !astropy.units.Unit {unit: pc}
#         value: !astropy.table.SerializedColumn {name: SkyCoord.distance}
#       frame: icrs
#       obstime: !astropy.time.Time {format: jyear_str, in_subfmt: '*', jd1: 367701545.0, jd2: 0.0, out_subfmt: '*', precision: 3, scale: tt}
#       pm_dec: !astropy.table.SerializedColumn
#         __class__: astropy.units.quantity.Quantity
#         unit: !astropy.units.Unit {unit: mas / yr}
#         value: !astropy.table.SerializedColumn {name: SkyCoord.pm_dec}
#       pm_ra_cosdec: !astropy.table.SerializedColumn
#         __class__: astropy.units.quantity.Quantity
#         unit: !astropy.units.Unit {unit: mas / yr}
#         value: !astropy.table.SerializedColumn {name: SkyCoord.pm_ra_cosdec}
#       ra: !astropy.table.SerializedColumn
#         __class__: astropy.coordinates.angles.Longitude
#         unit: *id001
#         value: !astropy.table.SerializedColumn {name: SkyCoord.ra}
#         wrap_angle: !astropy.coordinates.Angle
#           unit: *id001
#           value: 360.0
#       representation_type: spherical
# schema: astropy-2.0
RA_ICRS_1 DE_ICRS_1 e_RA_ICRS e_DE_ICRS _r_1 HIP TYC2 Source rgeo Plx e_Plx pmRA pmDE e_pmRA e_pmDE RUWE Teff logg Gmag BP-RP BPmag RPmag RV e_RV b_rgeo B_rgeo FG e_FG FBP e_FBP FRP e_FRP RAVE5 RAVE6 e_Gmag e_BPmag e_RPmag e_BP-RP SkyCoord.ra SkyCoord.dec SkyCoord.distance SkyCoord.pm_ra_cosdec SkyCoord.pm_dec rmRA rmDE e_rmRA e_rmDE rRV e_rRV v_pec v_pec3d e_vpec e_vpec3d Pmemb
35.47058216359 57.16636906545 0.0099 0.0124 5.2023 "" 3694-1792-1 458454880886508032 2228.04736 0.4249 0.0166 -0.792 -1.169 0.013 0.017 1.056 37524.8 4.1546 9.715952 0.706271 9.965959 9.259687 "" "" 2166.35791 2306.18774 2446616.26327 10328.0 1409400.0 15706.0 1567800.0 25113.0 "" "" 0.005347717284415773 0.012416722 0.017797228 0.03021395 35.47058216359 57.16636906545 2228.04736 -0.7919999999999997 -1.1689999999999996 -0.1668956918716431 -0.036466211318969766 0.10712969 0.1111297 "" "" 1.8041591475852494 "" 0.19361369590421923 "" 0.8
35.44468438734 57.12413916462 0.0103 0.013 6.2749 "" "" 458453162899636096 2299.37256 0.4064 0.018 -0.771 -1.157 0.014 0.017 1.068 17364.3 3.6785 10.995352 0.438794 11.146064 10.70727 "" "" 2194.88306 2399.28809 753019.23345 298.14 475330.0 509.16 413290.0 400.95 "" "" 0.0027886517838998405 0.0030228528 0.0039234175 0.0069462704 35.44468438734 57.12413916462 2299.37256 -0.7709999999999997 -1.1569999999999996 -0.14589569187164309 -0.024466211318969755 0.108129695 0.1111297 "" "" 1.6123247162806305 "" 0.174474269383276 "" 0.9
35.44739140676 57.06420121053 0.0192 0.0249 8.0313 "" 3694-1724-1 458405986976809856 2168.80859 0.4277 0.0329 -0.721 -1.369 0.027 0.033 1.975 17132.5 3.7839 11.158927 0.563188 11.364387 10.8012 "" "" 2032.11011 2372.1355 647703.08724 224.3 388740.0 237.42 379030.0 106.93 "" "" 0.002780855757583161 0.0028678835 0.0037917737 0.006659657 35.44739140676 57.06420121053 2168.80859 -0.7210000000000003 -1.3689999999999998 -0.09589569187164304 -0.23646621131896972 0.1211297 0.1271297 "" "" 2.623197122279273 "" 0.3313087293667067 "" 0.8
35.68133081811 57.10596959963 0.0113 0.0143 3.3839 "" 3694-1871-1 458406845970182656 2397.13745 0.372 0.0186 -0.754 -1.358 0.016 0.019 1.015 17116.7 3.5123 11.172175 0.428651 11.318944 10.890293 "" "" 2286.62451 2514.24878 639847.66858 244.1 405360.0 300.67 349170.0 252.54 "" "" 0.0027862798332422686 0.0029040668 0.0038601 0.006764167 35.68133081811 57.10596959963 2397.13745 -0.7540000000000002 -1.358 -0.12889569187164307 -0.22546621131896982 0.1101297 0.1131297 "" "" 2.95093331978435 "" 0.3316795031468307 "" 0.8
35.45689213517 57.13930815344 0.0151 0.0194 5.6781 "" "" 458454640368346624 2327.88574 0.3793 0.0254 -0.7 -1.193 0.02 0.025 1.333 17468.8 3.5688 11.292859 0.412859 11.43355 11.020691 "" "" 2205.87231 2456.63721 572536.65165 201.68 364750.0 206.94 309660.0 97.633 "" "" 0.0027817375084656245 0.0028573573 0.0037948533 0.006652211 35.45689213517 57.13930815344 2327.88574 -0.6999999999999997 -1.1930000000000003 -0.07489569187164302 -0.06046621131896979 0.11412969 0.119129695 "" "" 1.0621236354837589 "" 0.12334272108140253 "" 0.9
35.55122643389 57.11488929316 0.0121 0.0163 3.4814 "" "" 458407597578488064 2114.34692 0.4168 0.0212 -0.691 -1.165 0.016 0.022 1.168 16169.3 3.9376 11.405538 0.388107 11.536632 11.148524 "" "" 2039.4563 2212.28198 516097.6445 179.6 331710.0 361.06 275260.0 289.32 "" "" 0.002781105254870639 0.003030133 0.0039479174 0.0069780503 35.55122643389 57.11488929316 2114.34692 -0.6909999999999995 -1.1649999999999996 -0.06589569187164301 -0.03246621131896976 0.1101297 0.1161297 "" "" 0.7362113602733856 "" 0.08196026856088404 "" 0.8
35.5578498108 57.02347536249 0.011 0.0133 8.2081 "" 3694-2161-1 458404853105476992 2477.91455 0.3487 0.0182 -0.688 -1.276 0.015 0.018 0.999 "" "" 11.458648 0.441394 11.610301 11.168907 "" "" 2384.64966 2603.82739 491459.32069 154.87 309950.0 253.72 270140.0 139.16 "" "" 0.0027764814538949853 0.0029283022 0.0038205432 0.0067488453 35.5578498108 57.02347536249 2477.91455 -0.6879999999999996 -1.2760000000000002 -0.06289569187164301 -0.14346621131896975 0.1091297 0.112129696 "" "" 1.8398735735978076 "" 0.2054246672982132 "" 0.8
35.37560699398 57.20773114686 0.0109 0.0137 8.8336 "" "" 458455980397966848 2268.67188 0.3909 0.0181 -0.72 -1.105 0.015 0.018 1.23 16910.8 3.8799 11.654386 0.489798 11.827454 11.337656 "" "" 2180.18262 2365.75977 410385.99687 113.72 253770.0 164.12 231260.0 93.767 "" "" 0.0027716976536941366 0.0028771684 0.0038049342 0.0066821026 35.37560699398 57.20773114686 2268.67188 -0.7200000000000003 -1.105 -0.09489569187164304 0.02753378868103029 0.1091297 0.112129696 "" "" 1.0625475838427971 "" 0.11620614400598082 "" 0.9
35.74387292616 57.1689574035 0.0109 0.014 3.8337 "" "" 458412996363273088 2052.51123 0.4403 0.0181 -0.557 -1.1 0.015 0.018 1.199 16175.2 3.8456 11.727964 0.590423 11.944344 11.353921 "" "" 1979.21887 2152.12988 383496.03054 97.983 227870.0 123.58 227820.0 62.3 "" "" 0.002769249519320384 0.0028516243 0.0037910263 0.006642651 35.74387292616 57.1689574035 2052.51123 -0.5569999999999999 -1.1 0.06810430812835688 0.032533788681030185 0.1091297 0.112129696 "" "" 0.7342998355315582 "" 0.08054777858155386 "" 0.8
35.4349842004 57.1482785228 0.0109 0.013 6.3265 "" "" 458453369057878528 2242.77148 0.3866 0.017 -0.774 -1.237 0.015 0.017 1.221 16919.7 3.8024 11.79704 0.441473 11.950601 11.509128 "" "" 2180.51343 2329.3999 359857.53944 143.05 226560.0 216.48 197470.0 116.85 "" "" 0.0027889188002994517 0.0029767952 0.0038336006 0.006810396 35.4349842004 57.1482785228 2242.77148 -0.7739999999999996 -1.2369999999999994 -0.1488956918716431 -0.10446621131896983 0.1091297 0.1111297 "" "" 1.9335997120335575 "" 0.21229662006166633 "" 0.8
35.70952300129 57.14739092307 0.0091 0.0119 2.6566 "" "" 458413060776879232 2031.83875 0.4356 0.0146 -0.644 -1.254 0.012 0.016 1.044 19553.7 4.0859 11.809139 0.548602 12.002197 11.453595 "" "" 1970.96582 2106.88989 355869.59108 575.56 216040.0 722.69 207840.0 1779.1 "" "" 0.0032673106044843864 0.004579983 0.010032911 0.0146128945 35.70952300129 57.14739092307 2031.83875 -0.6439999999999999 -1.254 -0.018895691871643083 -0.12146621131896973 0.1061297 0.1101297 "" "" 1.1839011512153743 "" 0.1302727696368133 "" 0.8
35.76697387976 57.16911458034 0.011 0.0131 4.5712 "" "" 458413026417136128 2251.51831 0.405 0.0172 -0.634 -1.125 0.015 0.017 1.171 15018.8 3.878 11.993429 0.599143 12.214099 11.614956 "" "" 2164.1543 2347.0332 300313.53735 102.52 177740.0 189.04 179130.0 147.79 "" "" 0.002780137949450644 0.0030196896 0.0038840892 0.0069037788 35.76697387976 57.16911458034 2251.51831 -0.6339999999999997 -1.125 -0.008895691871643074 0.0075337886810302734 0.1091297 0.1111297 "" "" 0.1244083873833089 "" 0.013681123928220093 "" 0.9
35.57990857489 57.13642142736 0.0083 0.0105 1.9385 "" "" 458407739323358592 2082.99023 0.4489 0.0138 -0.717 -1.319 0.011 0.014 1.026 14363.1 3.9788 12.153132 0.458391 12.316447 11.858056 "" "" 2030.10437 2135.4104 259235.34451 55.785 161750.0 99.738 143200.0 50.011 "" "" 0.002765208334901924 0.0028693655 0.0037983556 0.006667721 35.57990857489 57.13642142736 2082.99023 -0.717 -1.319 -0.09189569187164304 -0.18646621131896968 0.1051297 0.108129695 "" "" 2.05248575089173 "" 0.220744893287162 "" 0.8
35.66189259334 57.19552369482 0.009 0.0104 2.6727 "" "" 458413992795668480 2277.59741 0.4201 0.0135 -0.704 -1.148 0.012 0.014 1.01 14866.4 3.7949 12.410445 0.536832 12.605839 12.069007 "" "" 2205.40454 2346.39185 204535.41823 48.841 123900.0 85.365 117910.0 67.384 "" "" 0.002767491036626346 0.002888708 0.0038299775 0.0067186854 35.66189259334 57.19552369482 2277.59741 -0.704 -1.148 -0.07889569187164303 -0.015466211318969636 0.1061297 0.108129695 "" "" 0.8679546537573621 "" 0.0921805889360947 "" 1.0
35.51161472336 57.14789824491 0.0093 0.0103 3.8426 "" "" 458454709087819008 2152.37183 0.4436 0.014 -0.668 -1.253 0.012 0.013 1.069 14878.4 3.8973 12.433201 0.47072 12.602407 12.131687 "" "" 2085.90552 2223.0686 200293.23686 48.228 124300.0 143.37 111300.0 62.848 "" "" 0.002767695003636582 0.0030583206 0.0038287858 0.006887106 35.51161472336 57.14789824491 2152.37183 -0.6679999999999999 -1.2530000000000001 -0.042895691871643105 -0.12046621131896962 0.1061297 0.10712969 "" "" 1.304617054989228 "" 0.13961703089805652 "" 1.0
35.75689378091 57.22086263821 0.0077 0.0099 5.7486 "" "" 458413713611890688 2193.91577 0.4308 0.0126 -0.549 -1.184 0.01 0.013 0.949 "" "" 12.503808 0.608954 12.729011 12.120057 "" "" 2135.74829 2272.20264 187682.31761 40.855 110610.0 94.838 112500.0 56.045 "" "" 0.0027654381740517472 0.0029413705 0.0038178905 0.006759261 35.75689378091 57.22086263821 2193.91577 -0.5489999999999999 -1.1839999999999997 0.07610430812835689 -0.05146621131896967 0.104129694 0.10712969 "" "" 0.9554014443933031 "" 0.10039391925993967 "" 0.8
35.5301754925 57.20329214367 0.0086 0.0104 4.3397 "" "" 458455224483879552 2379.75391 0.3991 0.0147 -0.576 -1.112 0.012 0.014 1.078 16311.2 4.0906 12.559336 0.536736 12.75424 12.217505 "" "" 2299.99585 2482.64722 178325.15778 78.019 108070.0 156.38 102840.0 123.33 "" "" 0.0027959673750151395 0.0032020875 0.003997385 0.0071994727 35.5301754925 57.20329214367 2379.75391 -0.5760000000000004 -1.1120000000000005 0.04910430812835698 0.020533788681030174 0.1061297 0.108129695 "" "" 0.6003764923887098 "" 0.06389792183297655 "" 0.9
35.56559795409 57.28291407572 0.0076 0.009 7.964 "" "" 458461645446903552 2147.92798 0.4454 0.013 -0.652 -1.165 0.01 0.012 0.994 6468.3 3.3137 12.564841 0.772553 12.864732 12.092178 "" "" 2078.12549 2233.14844 177423.05911 44.053 97617.0 81.719 115420.0 66.832 "" "" 0.0027684767428915245 0.0029344794 0.0038313135 0.006765793 35.56559795409 57.28291407572 2147.92798 -0.6520000000000004 -1.165 -0.02689569187164309 -0.03246621131896976 0.104129694 0.1061297 "" "" 0.429234568876724 "" 0.04520712288162256 "" 0.9
35.51456913504 57.11899788536 0.0091 0.0105 4.298 "" "" 458407636244172672 2115.37622 0.4466 0.0151 -0.688 -1.173 0.012 0.014 1.069 12855.7 3.9515 12.575836 0.498968 12.75744 12.258472 "" "" 2054.24048 2172.30078 175635.56199 57.762 107760.0 140.39 99031.0 96.289 "" "" 0.0027783608141441693 0.0031282355 0.003924051 0.0070522865 35.51456913504 57.11899788536 2115.37622 -0.6880000000000001 -1.173 -0.06289569187164301 -0.04046621131896977 0.1061297 0.108129695 "" "" 0.7498997555821372 "" 0.08002862420676164 "" 0.9
35.56103972764 57.10384985239 0.0083 0.0106 3.7694 "" "" 458407395726019840 2119.23706 0.4482 0.0139 -0.693 -0.998 0.011 0.013 1.0 13171.8 3.805 12.752798 0.490068 12.929975 12.439907 "" "" 2050.16602 2187.01758 149220.15958 26.971 91924.0 60.51 83791.0 35.047 "" "" 0.0027622998864023397 0.00288025 0.0038065678 0.006686818 35.56103972764 57.10384985239 2119.23706 -0.693 -0.998 -0.06789569187164302 0.13453378868103028 0.1051297 0.10712969 "" "" 1.513765026486088 "" 0.1615592026203392 "" 0.9
35.53554833499 57.16782879523 0.01 0.0118 3.1415 "" "" 458455121404673280 2327.40918 0.4042 0.0161 -0.717 -1.213 0.013 0.016 1.108 13784.1 3.7603 12.856856 0.559913 13.063361 12.503448 "" "" 2241.14648 2422.5022 135582.70573 34.435 81297.0 52.053 79028.0 33.15 "" "" 0.0027690845184684164 0.0028754687 0.003806724 0.006682193 35.53554833499 57.16782879523 2327.40918 -0.717 -1.213 -0.09189569187164304 -0.0804662113189698 0.10712969 0.1101297 "" "" 1.3475041197912974 "" 0.14612580947012227 "" 0.8
35.49533794487 57.10975722361 0.0104 0.0131 5.1204 "" "" 458406158775439616 2492.72363 0.3772 0.0171 -0.673 -1.143 0.015 0.017 1.122 12663.8 3.9315 12.910592 0.509935 13.097509 12.587574 "" "" 2380.56909 2594.19775 129035.74954 29.598 78779.0 43.334 73136.0 29.254 "" "" 0.002766552453212315 0.0028533724 0.003804252 0.0066576246 35.49533794487 57.10975722361 2492.72363 -0.6729999999999998 -1.1429999999999993 -0.04789569187164311 -0.010466211318969743 0.1091297 0.1111297 "" "" 0.5792660130284022 "" 0.06326838627370755 "" 0.8
35.55460619902 57.0228016913 0.0081 0.0103 8.2773 "" "" 458404921824954240 2330.18896 0.3957 0.0137 -0.775 -1.178 0.011 0.014 0.907 13370.2 3.9681 12.991412 0.58602 13.207547 12.621528 "" "" 2249.93286 2394.40308 119779.34328 46.973 71187.0 83.875 70884.0 52.281 "" "" 0.00278802484149735 0.0030694518 0.003863288 0.00693274 35.55460619902 57.0228016913 2330.18896 -0.7750000000000005 -1.1780000000000004 -0.1498956918716431 -0.04546621131896966 0.1051297 0.108129695 "" "" 1.7300969183410602 "" 0.18232755117332397 "" 0.9
35.52527566963 57.16984470375 0.0091 0.011 3.4954 "" "" 458454743447550336 2317.08203 0.4041 0.0149 -0.724 -1.223 0.012 0.014 1.055 14283.0 3.9593 12.992869 0.606637 13.218989 12.612352 "" "" 2242.47998 2405.49609 119618.63915 25.408 70440.0 40.473 71485.0 28.723 "" "" 0.0027649547444640325 0.002859059 0.003804477 0.0066635357 35.52527566963 57.16984470375 2317.08203 -0.7240000000000001 -1.223 -0.09889569187164304 -0.09046621131896981 0.1061297 0.108129695 "" "" 1.4720658452895061 "" 0.15757799018174817 "" 0.8
35.78640341027 57.29550025516 0.009 0.0109 9.8743 "" "" 458416226178586624 2399.0354 0.3855 0.0156 -0.737 -1.254 0.012 0.014 1.02 15169.4 3.7854 13.007087 0.811307 13.323699 12.512392 "" "" 2309.22241 2485.23633 118062.51999 28.783 63964.0 45.244 78379.0 32.842 "" "" 0.0027680053608523042 0.0028939317 0.0038066648 0.006700597 35.78640341027 57.29550025516 2399.0354 -0.737 -1.2539999999999998 -0.11189569187164305 -0.12146621131896973 0.1061297 0.108129695 "" "" 1.8779969415146938 "" 0.20135172227431222 "" 0.8
35.86904632243 57.13603103691 0.0101 0.0124 7.893 "" "" 458410041425793024 2163.75073 0.434 0.0168 -0.843 -0.964 0.014 0.016 1.196 11857.6 3.8202 13.009054 0.596262 13.231412 12.63515 "" "" 2087.23511 2240.60522 117848.75921 29.233 69639.0 36.18 70000.0 28.916 "" "" 0.0027684515569559864 0.002846618 0.0038059007 0.0066525186 35.86904632243 57.13603103691 2163.75073 -0.843 -0.964 -0.21789569187164304 0.1685337886810303 0.108129695 0.1101297 "" "" 2.8252406176955285 "" 0.30761961025107143 "" 0.8
35.55712171676 57.08811541778 0.0077 0.0097 4.6307 "" "" 458407361366301440 2255.91089 0.4123 0.0129 -0.593 -1.291 0.011 0.013 0.91 13804.2 3.9991 13.028692 0.469609 13.196629 12.727019 "" "" 2183.41309 2331.04907 115736.31707 54.098 71906.0 127.8 64321.0 97.51 "" "" 0.0028016683255970504 0.0033924615 0.004122248 0.0075147096 35.55712171676 57.08811541778 2255.91089 -0.5930000000000003 -1.2909999999999995 0.03210430812835696 -0.15846621131896965 0.1051297 0.10712969 "" "" 1.728906753968541 "" 0.18508214516244834 "" 0.8
35.52172646275 57.12150126829 0.0077 0.0099 4.021 "" "" 458407670603907072 2253.11377 0.4081 0.0133 -0.591 -1.307 0.01 0.013 1.014 "" "" 13.044318 0.524051 13.23503 12.710979 "" "" 2191.55591 2323.59106 114082.58444 28.491 69407.0 36.577 65278.0 26.753 "" "" 0.0027686301217473164 0.0028482333 0.0038054863 0.0066537196 35.52172646275 57.12150126829 2253.11377 -0.5910000000000003 -1.307 0.034104308128356964 -0.17446621131896967 0.104129694 0.10712969 "" "" 1.8985224767808346 "" 0.2031813333908491 "" 0.8
35.52855327944 56.98902835569 0.0076 0.0094 10.4663 "" 3694-3492-1 458404406428915968 2167.30493 0.4314 0.0131 -0.546 -1.148 0.01 0.013 1.001 12728.9 3.9265 13.074423 0.548986 13.275616 12.726629 "" "" 2106.66943 2250.35449 110962.83757 26.898 66861.0 38.952 64344.0 45.541 "" "" 0.0027678615464511213 0.0028609687 0.003856715 0.0067176837 35.52855327944 56.98902835569 2167.30493 -0.5459999999999998 -1.1479999999999992 0.07910430812835689 -0.015466211318969636 0.104129694 0.10712969 "" "" 0.8280272098104846 "" 0.08631495004569202 "" 0.8
35.46560954056 57.25163415128 0.0073 0.0088 7.8759 "" "" 458456427074527744 2229.07837 0.4165 0.012 -0.785 -1.114 0.01 0.012 1.001 15002.4 4.0775 13.076089 0.788002 13.381254 12.593252 "" "" 2170.64062 2307.64453 110792.71637 22.27 60662.0 61.689 72754.0 52.612 "" "" 0.0027639496870732485 0.0030006873 0.003860076 0.0068607633 35.46560954056 57.25163415128 2229.07837 -0.7850000000000001 -1.114 -0.1598956918716431 0.018533788681030172 0.104129694 0.1061297 "" "" 1.700742269252659 "" 0.17714329494412628 "" 0.8
