Clusters/NGC_884/NGC_884_stars_in_region.tsv
# %ECSV 1.0
# ---
# datatype:
# - name: RA_ICRS_1
#   unit: deg
#   datatype: float64
#   format: '{:15.11f}'
#   description: Right ascension (ICRS) at Ep=2016.0 (ra)
#   meta: !!omap
#   - {ucd: POS_EQ_RA_MAIN}
#   - {width: 15}
#   - {precision: '11'}
# - name: DE_ICRS_1
#   unit: deg
#   datatype: float64
#   format: '{:15.11f}'
#   description: Declination (ICRS) at Ep=2016.0 (dec)
#   meta: !!omap
#   - {ucd: POS_EQ_DEC_MAIN}
#   - {width: 15}
#   - {precision: '11'}
# - name: e_RA_ICRS
#   unit: mas
#   datatype: float64
#   format: '{:7.4f}'
#   description: Standard error of right ascension (ra_error)
#   meta: !!omap
#   - {ucd: ERROR}
#   - {width: 7}
#   - {precision: '4'}
# - name: e_DE_ICRS
#   unit: mas
#   datatype: float64
#   format: '{:7.4f}'
#   description: Standard error of declination (dec_error)
#   meta: !!omap
#   - {ucd: ERROR}
#   - {width: 7}
#   - {precision: '4'}
# - name: _r_1
#   unit: ''
#   datatype: float64
#   format: '{:7.4f}'
#   description: Distance from center (035.62901560000+57.15469883000)[ICRS], at Epoch=J2016.0
#   meta: !!omap
#   - {ucd: POS_ANG_DIST_GENERAL}
#   - {width: 7}
#   - {precision: '4'}
# - name: HIP
#   datatype: int32
#   description: '? HIP cross-id number, van Leeuwen, Cat. I/311 (hip_original_ext_source_id)'
#   meta: !!omap
#   - {ucd: ID_NUMBER}
#   - {width: 6}
#   - values: {'null': -2147483648}
# - name: TYC2
#   datatype: string
#   description: Tycho-2 cross-id name, Hog et al., Cat. I/259 (tyc2_original_ext_source_id)
#   meta: !!omap
#   - {ucd: ID_CROSSID}
#   - {_votable_string_dtype: char}
# - name: Source
#   datatype: int64
#   description: Source identifier, identical to the Gaia-EDR3 source_id (id)
#   meta: !!omap
#   - {ucd: ID_MAIN}
#   - {width: 19}
# - name: rgeo
#   unit: pc
#   datatype: float64
#   format: '{:15.8f}'
#   description: '? Median of the geometric distance posterior (r_med_geo)'
#   meta: !!omap
#   - {ucd: PHYS_DISTANCE_TRUE}
#   - {width: 15}
#   - {precision: '8'}
#   - values: {'null': .nan}
# - name: Plx
#   unit: mas
#   datatype: float64
#   format: '{:9.4f}'
#   description: '? Parallax (parallax)'
#   meta: !!omap
#   - {ucd: POS_PARLX_TRIG}
#   - {width: 9}
#   - {precision: '4'}
#   - values: {'null': .nan}
# - name: e_Plx
#   unit: mas
#   datatype: float32
#   format: '{:7.4f}'
#   description: '? Standard error of parallax (parallax_error)'
#   meta: !!omap
#   - {ucd: ERROR}
#   - {width: 7}
#   - {precision: '4'}
#   - values: {'null': .nan}
# - name: pmRA
#   unit: mas / yr
#   datatype: float64
#   format: '{:9.3f}'
#   description: '? Proper motion in right ascension direction, pmRA*cosDE (pmra)'
#   meta: !!omap
#   - {ucd: POS_EQ_PMRA}
#   - {width: 9}
#   - {precision: '3'}
#   - values: {'null': .nan}
# - name: pmDE
#   unit: mas / yr
#   datatype: float64
#   format: '{:9.3f}'
#   description: '? Proper motion in declination direction (pmdec)'
#   meta: !!omap
#   - {ucd: POS_EQ_PMDEC}
#   - {width: 9}
#   - {precision: '3'}
#   - values: {'null': .nan}
# - name: e_pmRA
#   unit: mas / yr
#   datatype: float32
#   format: '{:6.3f}'
#   description: '? Standard error of proper motion in right ascension direction (pmra_error)'
#   meta: !!omap
#   - {ucd: ERROR}
#   - {width: 6}
#   - {precision: '3'}
#   - values: {'null': .nan}
# - name: e_pmDE
[...]
#         value: !astropy.table.SerializedColumn {name: SkyCoord.dec}
#       distance: !astropy.table.SerializedColumn
#         __class__: astropy.coordinates.distances.Distance
#         unit: !astropy.units.Unit {unit: pc}
#         value: !astropy.table.SerializedColumn {name: SkyCoord.distance}
#       frame: icrs
#       obstime: !astropy.time.Time {format: jyear_str, in_subfmt: '*', jd1: 367701545.0, jd2: 0.0, out_subfmt: '*', precision: 3, scale: tt}
#       pm_dec: !astropy.table.SerializedColumn
#         __class__: astropy.units.quantity.Quantity
#         unit: !astropy.units.Unit {unit: mas / yr}
#         value: !astropy.table.SerializedColumn {name: SkyCoord.pm_dec}
#       pm_ra_cosdec: !astropy.table.SerializedColumn
#         __class__: astropy.units.quantity.Quantity
#         unit: !astropy.units.Unit {unit: mas / yr}
#         value: !astropy.table.SerializedColumn {name: SkyCoord.pm_ra_cosdec}
#       ra: !astropy.table.SerializedColumn
#         __class__: astropy.coordinates.angles.Longitude
#         unit: *id001
#         value: !astropy.table.SerializedColumn {name: SkyCoord.ra}
#         wrap_angle: !astropy.coordinates.Angle
#           unit: *id001
#           value: 360.0
#       representation_type: spherical
# schema: astropy-2.0
RA_ICRS_1 DE_ICRS_1 e_RA_ICRS e_DE_ICRS _r_1 HIP TYC2 Source rgeo Plx e_Plx pmRA pmDE e_pmRA e_pmDE RUWE Teff logg Gmag BP-RP BPmag RPmag RV e_RV b_rgeo B_rgeo FG e_FG FBP e_FBP FRP e_FRP RAVE5 RAVE6 e_Gmag e_BPmag e_RPmag e_BP-RP SkyCoord.ra SkyCoord.dec SkyCoord.distance SkyCoord.pm_ra_cosdec SkyCoord.pm_dec rmRA rmDE e_rmRA e_rmDE rRV e_rRV v_pec v_pec3d e_vpec e_vpec3d
[from data line 2053]
35.49027843442 57.06349764769 0.0358 0.0439 7.0977 "" "" 458405952617067392 2468.47607 0.3719 0.0571 -1.477 0.011 0.05 0.058 1.057 7209.5 4.3588 16.775822 1.260986 17.327991 16.067005 "" "" 2188.67603 2840.38599 3669.59251 1.8038 1600.4 8.6344 2967.3 9.7247 "" "" 0.0028065320252184185 0.0064882836 0.0051908595 0.011679143 35.49027843442 57.06349764769 2468.47607 -1.4770000000000003 0.011000000000000206 -0.8518956918716432 1.1435337886810302 0.1441297 0.1521297 "" "" 16.68469314300437 "" 2.4914194541966195 ""
35.70895160194 57.25068511999 0.0361 0.0435 6.318 "" "" 458414542551433600 2369.91211 0.4086 0.0597 -0.305 -0.775 0.049 0.055 1.064 7253.1 4.3175 16.777233 1.41135 17.403833 15.992483 "" "" 2039.03589 2773.38403 3664.82604 1.997 1492.4 5.7935 3178.1 9.5898 "" "" 0.0028181223405423462 0.005054685 0.0050017005 0.010056386 35.70895160194 57.25068511999 2369.91211 -0.30500000000000005 -0.7750000000000001 0.32010430812835694 0.35753378868103025 0.14312969 0.14912969 "" "" 5.390820734367707 "" 0.7897037142957777 ""
35.49962714852 57.1385430487 0.0397 0.0728 4.3216 "" "" 458454606008607104 2533.58618 0.3944 0.084 0.589 -0.404 0.06 0.105 0.985 5555.6 4.6846 16.78049 1.315108 17.28246 15.967351 "" "" 2137.13696 3084.63232 3653.8495 3.4201 1668.9 18.519 3252.5 17.858 "" "" 0.0029367686354605026 0.012366771 0.0070583737 0.019425144 35.49962714852 57.1385430487 2533.58618 0.589 -0.404 1.214104308128357 0.7285337886810302 0.1541297 0.1991297 "" "" 17.00398505267522 "" 2.8435072286723546 ""
35.97910115751 56.93304197927 0.0352 0.0403 17.534 "" "" 458389563021946752 1982.13721 0.4993 0.0558 4.043 -0.345 0.049 0.052 1.057 5539.0 4.6403 16.783375 1.356234 17.396221 16.039988 "" "" 1777.68652 2254.53882 3644.15578 1.8458 1502.9 8.6356 3042.0 9.0066 "" "" 0.002809665255662733 0.0068341135 0.0049615856 0.0117957 35.97910115751 56.93304197927 1982.13721 4.043 -0.34500000000000003 4.668104308128357 0.7875337886810303 0.14312969 0.1461297 "" "" 44.478140293414796 "" 6.369872752975481 ""
35.57337040755 56.90326946526 0.0361 0.0462 15.1948 "" "" 458307134010476416 1950.49487 0.472 0.0583 -0.667 -1.228 0.047 0.057 0.991 5380.5 4.6529 16.78345 1.272865 17.332497 16.059631 "" "" 1743.56238 2270.94043 3643.9044 2.7191 1593.7 9.6856 2987.5 10.656 "" "" 0.0028719651868914318 0.0071641514 0.0054112207 0.012575372 35.57337040755 56.90326946526 1950.49487 -0.6669999999999999 -1.228 -0.041895691871643104 -0.09546621131896971 0.1411297 0.1511297 "" "" 0.9638709193035498 "" 0.14415659720778629 ""
34.91021201987 57.14611103565 0.0361 0.0444 23.3998 "" "" 458374272940633472 2242.89429 0.4214 0.0572 -0.83 -0.986 0.049 0.056 1.044 5594.5 4.6142 16.784815 1.354292 17.3848 16.030508 "" "" 1986.06885 2564.65625 3639.32638 1.8291 1518.8 8.2971 3068.7 9.4249 "" "" 0.0028088360224851846 0.006554799 0.005040182 0.011594981 34.91021201987 57.14611103565 2242.89429 -0.8299999999999996 -0.9860000000000018 -0.20489569187164303 0.14653378868103029 0.14312969 0.1501297 "" "" 2.6780458211563696 "" 0.38975234479875887 ""
35.11151143622 57.13783231166 0.0333 0.0424 16.875 "" "" 458363896299634688 2093.45459 0.4516 0.0528 2.291 -0.225 0.044 0.055 1.01 "" "" 16.78557 1.575627 17.525812 15.950185 "" "" 1889.94653 2317.85132 3636.79548 1.9861 1333.8 6.8484 3304.3 7.3949 "" "" 0.0028183967727956824 0.0062339795 0.0044930875 0.010727067 35.11151143622 57.13783231166 2093.45459 2.2909999999999995 -0.22500000000000003 2.916104308128357 0.9075337886810303 0.1381297 0.14912969 "" "" 30.30535935895475 "" 4.216567311398833 ""
35.7670254904 57.48987509602 0.0372 0.0428 20.6015 "" "" 458488068087083776 1788.86389 0.5435 0.0626 2.18 3.477 0.052 0.054 0.971 4975.8 4.3768 16.78673 1.449278 17.451466 16.002188 "" "" 1621.78943 1964.7926 3632.9115 1.866 1428.3 7.9659 3149.8 9.1042 "" "" 0.0028111902774942085 0.0066672624 0.0049124476 0.01157971 35.7670254904 57.48987509602 1788.86389 2.18 3.4770000000000003 2.805104308128357 4.609533788681031 0.1461297 0.1481297 "" "" 45.75352579121496 "" 6.752848881184782 ""
36.19400157295 56.96030908644 0.036 0.0401 21.814 "" "" 458392586678873344 2397.47461 0.4008 0.057 -2.478 -0.179 0.05 0.051 0.962 5505.2 4.6472 16.787228 1.269325 17.34942 16.080095 "" "" 2151.6189 2943.96997 3631.24583 1.7691 1569.1 8.1343 2931.7 7.3581 "" "" 0.0028056346427680185 0.006282137 0.004659344 0.010941481 36.19400157295 56.96030908644 2397.47461 -2.478000000000001 -0.17900000000000119 -1.8528956918716433 0.9535337886810302 0.1441297 0.1451297 "" "" 23.68098311094539 "" 3.418104777341463 ""
35.00372989623 57.3342488388 0.0345 0.0406 22.9803 "" "" 458471510999640832 2540.4563 0.3965 0.0559 -1.526 1.374 0.049 0.053 0.989 6539.1 4.384 16.789795 1.444061 17.450367 16.006306 "" "" 2207.99365 3118.26221 3622.67311 1.8579 1429.8 6.9843 3137.9 9.7522 "" "" 0.0028110214755372167 0.005992776 0.0050665415 0.011059318 35.00372989623 57.3342488388 2540.4563 -1.5260000000000018 1.3740000000000012 -0.9008956918716431 2.5065337886810304 0.14312969 0.1471297 "" "" 32.073444324886786 "" 4.704456224597186 ""
35.3580627291 57.10131959129 0.0344 0.0423 9.3871 "" "" 458452888021569152 2171.42334 0.4431 0.056 -0.796 -1.096 0.048 0.054 1.012 5122.4 4.5412 16.79308 1.336418 17.372849 16.03643 "" "" 1940.88208 2417.51343 3611.72702 1.9592 1535.6 9.0206 3052.0 12.248 "" "" 0.0028175640329346475 0.0069615655 0.0057679024 0.012729468 35.3580627291 57.10131959129 2171.42334 -0.7959999999999999 -1.0959999999999999 -0.1708956918716431 0.03653378868103019 0.14212969 0.1481297 "" "" 1.7986959312220425 "" 0.2561292573892606 ""
36.27577102132 57.32927357093 0.0365 0.0426 23.4647 "" "" 458425331510417664 2177.38208 0.4314 0.0646 0.286 0.716 0.05 0.054 1.031 5631.5 4.6786 16.793192 1.358772 17.386786 16.028013 "" "" 1910.27991 2494.07959 3611.35496 2.298 1516.0 14.121 3075.8 9.7887 "" "" 0.0028406175360721035 0.0104910815 0.005120852 0.015611934 36.27577102132 57.32927357093 2177.38208 0.2859999999999999 0.7159999999999989 0.911104308128357 1.8485337886810302 0.1441297 0.1481297 "" "" 21.269816360636792 "" 3.134244400307878 ""
35.62984016319 56.83300885111 0.0356 0.0461 19.3014 "" "" 458306000139133440 1792.40222 0.542 0.0585 -4.402 1.117 0.046 0.057 1.032 5126.8 4.6305 16.793373 1.449024 17.458593 16.00957 "" "" 1633.30884 2016.8075 3610.75196 2.0409 1419.0 7.9096 3128.5 6.9551 "" "" 0.0028228361026733325 0.006664182 0.0044844057 0.011148588 35.62984016319 56.83300885111 1792.40222 -4.402000000000001 1.1169999999999973 -3.776895691871643 2.2495337886810303 0.1401297 0.1511297 "" "" 37.34886632991265 "" 5.3443175854090414 ""
35.8432730279 57.36525560936 0.0367 0.0431 14.4202 "" "" 458416879013598592 2327.63501 0.404 0.0608 -0.451 -1.08 0.051 0.054 1.012 6790.1 4.3445 16.79439 1.417399 17.428871 16.011473 "" "" 2089.44312 2704.05835 3607.37244 2.1314 1458.4 10.986 3123.0 14.806 "" "" 0.002829013037777314 0.008641591 0.0063858996 0.015027491 35.8432730279 57.36525560936 2327.63501 -0.45100000000000007 -1.08 0.17410430812835692 0.0525337886810302 0.1451297 0.1481297 "" "" 2.006430718250242 "" 0.2916997278240394 ""
34.99443419305 57.0166167367 0.0383 0.0429 22.2864 "" "" 458361284959691776 2032.46094 0.4986 0.0631 -0.512 -0.855 0.05 0.054 1.027 5634.4 4.6343 16.796824 1.3291 17.381422 16.052322 "" "" 1831.3363 2247.91089 3599.2918 2.0513 1523.5 10.234 3007.7 13.753 "" "" 0.0028239473102816405 0.007808845 0.0062394966 0.014048342 34.99443419305 57.0166167367 2032.46094 -0.5120000000000001 -0.8550000000000002 0.11310430812835692 0.2775337886810303 0.1441297 0.1481297 "" "" 2.8872290895702633 "" 0.4260586042017569 ""
36.11234169282 57.09964813554 0.0342 0.0401 16.0831 "" "" 458397878078422400 2012.75 0.484 0.0561 -0.562 -1.047 0.049 0.051 0.947 5253.5 4.4414 16.797674 1.521543 17.503256 15.981713 "" "" 1859.22925 2241.70825 3596.47237 4.1636 1361.8 8.5448 3209.8 13.397 "" "" 0.003028481867595982 0.007361831 0.005900792 0.013262623 36.11234169282 57.09964813554 2012.75 -0.5620000000000002 -1.0469999999999995 0.06310430812835688 0.08553378868103034 0.14312969 0.1451297 "" "" 1.0140805985565295 "" 0.14646156709363603 ""
35.55020123386 57.50513557896 0.0357 0.0442 21.1806 "" "" 458468689194701696 2040.21753 0.4804 0.0621 1.904 -1.759 0.05 0.055 0.984 5663.4 4.6626 16.798086 1.423164 17.4424 16.019236 "" "" 1838.76965 2240.97827 3595.10946 1.9674 1440.3 8.2126 3100.7 8.9212 "" "" 0.002818655317767575 0.0067905798 0.0049032704 0.01169385 35.55020123386 57.50513557896 2040.21753 1.904 -1.7590000000000001 2.529104308128357 -0.6264662113189696 0.1441297 0.14912969 "" "" 25.197197250997167 "" 3.639066305247872 ""
35.0062223084 57.20787034363 0.0341 0.0444 20.5023 "" "" 458376265805398656 2153.72949 0.4597 0.0559 -0.568 -1.147 0.046 0.056 1.089 5556.4 4.6148 16.801222 1.450844 17.461716 16.010872 "" "" 1927.51514 2375.91309 3584.74033 2.1376 1414.9 8.6035 3124.7 7.0622 "" "" 0.002830363117283912 0.007167363 0.0045061433 0.011673506 35.0062223084 57.20787034363 2153.72949 -0.567999999999999 -1.1470000000000002 0.057104308128356984 -0.014466211318969746 0.1401297 0.1501297 "" "" 0.6013745942250266 "" 0.08464521202163197 ""
36.01951890738 57.16458421315 0.034 0.0404 12.72 "" "" 458410831699730176 2244.2417 0.4353 0.0559 0.311 0.308 0.047 0.052 1.026 5716.3 4.6098 16.801308 1.337629 17.403643 16.066013 "" "" 1981.67822 2600.61621 3584.46248 1.8527 1492.7 7.7385 2970.0 8.4115 "" "" 0.0028118885067767003 0.0062823067 0.0048722876 0.011154594 36.01951890738 57.16458421315 2244.2417 0.31099999999999994 0.30799999999999994 0.9361043081283569 1.4405337886810303 0.1411297 0.1461297 "" "" 18.27528380603253 "" 2.64376135474791 ""
35.27658561884 57.26203099244 0.0366 0.0453 13.1387 "" "" 458459308986817792 2217.09546 0.4345 0.06 -0.654 -1.025 0.05 0.058 1.09 5695.2 4.6479 16.801672 1.463565 17.45373 15.990165 "" "" 1951.2583 2608.26074 3583.25382 2.3948 1425.4 6.7088 3184.9 7.6576 "" "" 0.0028492683356303506 0.005822244 0.004593295 0.010415539 35.27658561884 57.26203099244 2217.09546 -0.654 -1.025 -0.028895691871643092 0.10753378868103036 0.1441297 0.1521297 "" "" 1.1701644493516221 "" 0.17740184755800262 ""
35.16965689442 57.22978241444 0.0341 0.0441 15.5981 "" "" 458458316860175488 2452.7688 0.386 0.0561 -0.675 -1.139 0.046 0.055 0.93 6757.3 4.3634 16.807728 1.427805 17.4526 16.024796 "" "" 2180.36011 2829.80884 3563.32883 1.9864 1426.8 7.0571 3084.9 9.4085 "" "" 0.002821013558381074 0.0060517513 0.0050248075 0.011076558 35.16965689442 57.22978241444 2452.7688 -0.6749999999999999 -1.1389999999999998 -0.04989569187164311 -0.006466211318969739 0.1401297 0.14912969 "" "" 0.584944487736627 "" 0.08205779457613196 ""
34.97120953831 57.07784880585 0.0422 0.055 21.9192 "" "" 458362040873862784 1796.3064 0.5778 0.0682 -0.696 -1.12 0.057 0.068 1.273 5696.3 4.6437 16.808064 1.485845 17.463242 15.977397 "" "" 1585.8894 2045.74097 3562.2279 2.3685 1412.9 12.003 3222.5 16.78 "" "" 0.0028483199425427173 0.009636426 0.00680049 0.016436916 34.97120953831 57.07784880585 1796.3064 -0.6959999999999994 -1.1199999999999997 -0.07089569187164302 0.012533788681030167 0.1511297 0.1621297 "" "" 0.6130017603321375 "" 0.0928543319349243 ""
35.26379434198 57.10240167783 0.0329 0.0392 12.3005 "" "" 458453747015031040 2457.87305 0.3905 0.0524 0.963 0.351 0.046 0.053 1.02 6529.7 4.3882 16.808084 1.373913 17.426317 16.052404 "" "" 2244.7583 2801.9812 3562.15696 1.8264 1461.8 7.5927 3007.4 7.6025 "" "" 0.0028109934602173607 0.0062918863 0.0046708584 0.010962745 35.26379434198 57.10240167783 2457.87305 0.9629999999999999 0.35099999999999987 1.588104308128357 1.4835337886810303 0.1401297 0.1471297 "" "" 25.318872509749035 "" 3.631591714133768 ""
34.91401392395 57.1625874502 0.035 0.0449 23.2701 "" "" 458375750409367296 2303.09595 0.415 0.0557 -0.662 -0.923 0.047 0.056 0.95 5004.2 4.3911 16.808947 1.672307 17.615646 15.943339 "" "" 2096.44092 2638.14331 3559.33088 3.727 1227.9 7.0819 3325.2 13.091 "" "" 0.002980652586915291 0.0068554603 0.005705661 0.012561122 34.91401392395 57.1625874502 2303.09595 -0.6620000000000007 -0.9230000000000005 -0.0368956918716431 0.20953378868103023 0.1411297 0.1501297 "" "" 2.322603076375356 "" 0.348081388205054 ""
35.65742366996 57.21775986225 0.0369 0.0433 3.8948 "" "" 458414302033293568 2439.47314 0.3966 0.059 -0.677 -1.221 0.05 0.057 0.981 4941.1 4.2895 16.813026 1.609425 17.573366 15.963941 "" "" 2114.74976 2866.65991 3545.98138 4.1759 1276.6 8.7584 3262.7 18.086 "" "" 0.0030375371103845777 0.007954351 0.0071067796 0.015061131 35.65742366996 57.21775986225 2439.47314 -0.6770000000000003 -1.221 -0.05189569187164311 -0.08846621131896981 0.1441297 0.1511297 "" "" 1.1859614054841698 "" 0.17714564765775456 ""
36.23964280117 57.10521242455 0.0347 0.0417 20.1049 "" "" 458398118596567424 2337.51294 0.3966 0.0568 -3.295 -1.646 0.047 0.054 1.011 5735.4 4.5647 16.813993 1.443668 17.463032 16.019363 "" "" 2116.77051 2592.45996 3542.82389 1.7588 1413.2 5.8998 3100.4 8.8148 "" "" 0.0028075458413836987 0.005322641 0.004879808 0.010202449 36.23964280117 57.10521242455 2337.51294 -3.295000000000002 -1.6460000000000006 -2.669895691871643 -0.5134662113189696 0.1411297 0.1481297 "" "" 30.124029696508067 "" 4.259095851158518 ""
35.0533921399 57.21704880125 0.0351 0.0417 19.0865 "" "" 458376192780933632 2206.67261 0.4461 0.0559 1.481 -2.865 0.047 0.054 0.998 5478.3 4.6402 16.814821 1.375942 17.409924 16.033981 "" "" 1934.44861 2556.43774 3540.11961 2.1725 1484.0 7.9666 3058.9 11.333 "" "" 0.0028347376598827708 0.006462004 0.005519495 0.011981498 35.0533921399 57.21704880125 2206.67261 1.4809999999999999 -2.865 2.106104308128357 -1.73246621131897 0.1411297 0.1481297 "" "" 28.52452892519671 "" 4.107409288966487 ""
35.32197352018 56.91878014121 0.0362 0.0495 17.3448 "" "" 458310810502388608 2340.60181 0.4216 0.0663 -0.491 -1.135 0.047 0.067 1.074 "" "" 16.81604 1.606735 17.570562 15.963827 "" "" 2031.86365 2760.01953 3536.14925 3.838 1279.9 8.6764 3263.1 12.795 "" "" 0.0029967405918696 0.007871286 0.0056928312 0.013564117 35.32197352018 56.91878014121 2340.60181 -0.491 -1.135 0.13410430812835694 -0.0024662113189697354 0.1411297 0.1611297 "" "" 1.4880654561581437 "" 0.21002100945720334 ""
35.98099151144 57.17421091939 0.0368 0.0431 11.5108 "" "" 458410999192833536 2149.19043 0.4448 0.062 -0.607 -1.057 0.051 0.056 1.044 5561.5 4.6046 16.816538 1.474348 17.493145 16.018797 "" "" 1890.79163 2433.24463 3534.52681 2.4027 1374.5 8.9693 3102.0 9.8583 "" "" 0.0028524593196012147 0.007614583 0.005117599 0.012732182 35.98099151144 57.17421091939 2149.19043 -0.6070000000000004 -1.057 0.01810430812835695 0.07553378868103033 0.1451297 0.1501297 "" "" 0.7912690755692874 "" 0.1185814444006439 ""
35.84140236577 57.23406442098 0.0362 0.0452 8.3871 "" "" 458415092307249024 2516.93677 0.3929 0.0605 -0.673 -1.317 0.05 0.057 0.979 6018.3 4.4901 16.817307 1.369289 17.422314 16.053024 "" "" 2211.35107 2907.81958 3532.02952 1.8577 1467.2 10.831 3005.7 8.3559 "" "" 0.0028138744896717346 0.008486771 0.0048367614 0.013323532 35.84140236577 57.23406442098 2516.93677 -0.6730000000000003 -1.3170000000000002 -0.04789569187164311 -0.18446621131896968 0.1441297 0.1511297 "" "" 2.273705495090216 "" 0.34264107288000106 ""
