Clusters/BH_56/BH_56_stars_in_region.tsv
# %ECSV 1.0
# ---
# datatype:
# - name: RA_ICRS_1
#   unit: deg
#   datatype: float64
#   format: '{:15.11f}'
#   description: Right ascension (ICRS) at Ep=2016.0 (ra)
#   meta: !!omap
#   - {ucd: POS_EQ_RA_MAIN}
#   - {width: 15}
#   - {precision: '11'}
# - name: DE_ICRS_1
#   unit: deg
#   datatype: float64
#   format: '{:15.11f}'
#   description: Declination (ICRS) at Ep=2016.0 (dec)
#   meta: !!omap
#   - {ucd: POS_EQ_DEC_MAIN}
#   - {width: 15}
#   - {precision: '11'}
# - name: e_RA_ICRS
#   unit: mas
#   datatype: float64
#   format: '{:7.4f}'
#   description: Standard error of right ascension (ra_error)
#   meta: !!omap
#   - {ucd: ERROR}
#   - {width: 7}
#   - {precision: '4'}
# - name: e_DE_ICRS
#   unit: mas
#   datatype: float64
#   format: '{:7.4f}'
#   description: Standard error of declination (dec_error)
#   meta: !!omap
#   - {ucd: ERROR}
#   - {width: 7}
#   - {precision: '4'}
# - name: _r_1
#   unit: ''
#   datatype: float64
#   format: '{:7.4f}'
#   description: Distance from center (134.35640829000-43.16300572000)[ICRS], at Epoch=J2016.0
#   meta: !!omap
#   - {ucd: POS_ANG_DIST_GENERAL}
#   - {width: 7}
#   - {precision: '4'}
# - name: HIP
#   datatype: int32
#   description: '? HIP cross-id number, van Leeuwen, Cat. I/311 (hip_original_ext_source_id)'
#   meta: !!omap
#   - {ucd: ID_NUMBER}
#   - {width: 6}
#   - values: {'null': -2147483648}
# - name: TYC2
#   datatype: string
#   description: Tycho-2 cross-id name, Hog et al., Cat. I/259 (tyc2_original_ext_source_id)
#   meta: !!omap
#   - {ucd: ID_CROSSID}
#   - {_votable_string_dtype: char}
# - name: Source
#   datatype: int64
#   description: Source identifier, identical to the Gaia-EDR3 source_id (id)
#   meta: !!omap
#   - {ucd: ID_MAIN}
#   - {width: 19}
# - name: rgeo
#   unit: pc
#   datatype: float64
#   format: '{:15.8f}'
#   description: '? Median of the geometric distance posterior (r_med_geo)'
#   meta: !!omap
#   - {ucd: PHYS_DISTANCE_TRUE}
#   - {width: 15}
#   - {precision: '8'}
#   - values: {'null': .nan}
# - name: Plx
#   unit: mas
#   datatype: float64
#   format: '{:9.4f}'
#   description: '? Parallax (parallax)'
#   meta: !!omap
#   - {ucd: POS_PARLX_TRIG}
#   - {width: 9}
#   - {precision: '4'}
#   - values: {'null': .nan}
# - name: e_Plx
#   unit: mas
#   datatype: float32
#   format: '{:7.4f}'
#   description: '? Standard error of parallax (parallax_error)'
#   meta: !!omap
#   - {ucd: ERROR}
#   - {width: 7}
#   - {precision: '4'}
#   - values: {'null': .nan}
# - name: pmRA
#   unit: mas / yr
#   datatype: float64
#   format: '{:9.3f}'
#   description: '? Proper motion in right ascension direction, pmRA*cosDE (pmra)'
#   meta: !!omap
#   - {ucd: POS_EQ_PMRA}
#   - {width: 9}
#   - {precision: '3'}
#   - values: {'null': .nan}
# - name: pmDE
#   unit: mas / yr
#   datatype: float64
#   format: '{:9.3f}'
#   description: '? Proper motion in declination direction (pmdec)'
#   meta: !!omap
#   - {ucd: POS_EQ_PMDEC}
#   - {width: 9}
#   - {precision: '3'}
#   - values: {'null': .nan}
# - name: e_pmRA
#   unit: mas / yr
#   datatype: float32
#   format: '{:6.3f}'
#   description: '? Standard error of proper motion in right ascension direction (pmra_error)'
#   meta: !!omap
#   - {ucd: ERROR}
#   - {width: 6}
#   - {precision: '3'}
#   - values: {'null': .nan}
# - name: e_pmDE
[...]
#         unit: &id001 !astropy.units.Unit {unit: deg}
#         value: !astropy.table.SerializedColumn {name: SkyCoord.dec}
#       distance: !astropy.table.SerializedColumn
#         __class__: astropy.coordinates.distances.Distance
#         unit: !astropy.units.Unit {unit: pc}
#         value: !astropy.table.SerializedColumn {name: SkyCoord.distance}
#       frame: icrs
#       obstime: !astropy.time.Time {format: jyear_str, in_subfmt: '*', jd1: 367701545.0, jd2: 0.0, out_subfmt: '*', precision: 3, scale: tt}
#       pm_dec: !astropy.table.SerializedColumn
#         __class__: astropy.units.quantity.Quantity
#         unit: !astropy.units.Unit {unit: mas / yr}
#         value: !astropy.table.SerializedColumn {name: SkyCoord.pm_dec}
#       pm_ra_cosdec: !astropy.table.SerializedColumn
#         __class__: astropy.units.quantity.Quantity
#         unit: !astropy.units.Unit {unit: mas / yr}
#         value: !astropy.table.SerializedColumn {name: SkyCoord.pm_ra_cosdec}
#       ra: !astropy.table.SerializedColumn
#         __class__: astropy.coordinates.angles.Longitude
#         unit: *id001
#         value: !astropy.table.SerializedColumn {name: SkyCoord.ra}
#         wrap_angle: !astropy.coordinates.Angle
#           unit: *id001
#           value: 360.0
#       representation_type: spherical
# schema: astropy-2.0
RA_ICRS_1 DE_ICRS_1 e_RA_ICRS e_DE_ICRS _r_1 HIP TYC2 Source rgeo Plx e_Plx pmRA pmDE e_pmRA e_pmDE RUWE Teff logg Gmag BP-RP BPmag RPmag RV e_RV b_rgeo B_rgeo FG e_FG FBP e_FBP FRP e_FRP RAVE5 RAVE6 e_Gmag e_BPmag e_RPmag e_BP-RP SkyCoord.ra SkyCoord.dec SkyCoord.distance SkyCoord.pm_ra_cosdec SkyCoord.pm_dec
[from data line 1609]
134.23003370699 -43.21949125336 0.0352 0.0419 6.4844 "" "" 5332091087828770816 1026.64099 0.9485 0.0473 -5.518 5.435 0.05 0.05 1.047 6321.9 4.2488 16.673409 2.178679 17.794926 15.616246 "" "" 980.538696 1088.34998 4032.5854 8.1212 1041.0 14.53 4494.3 26.492 "" "" 0.003517502432383929 0.0154091325 0.007432575 0.022841707 134.23003370699 -43.21949125336 1026.64099 -5.518 5.435
133.28294863234 -43.28796604041 0.0385 0.0427 47.5263 "" "" 5523869456433734016 874.145386 1.1348 0.0489 -10.007 23.401 0.05 0.057 1.047 4725.9 4.5707 16.6741 1.484257 17.363144 15.878887 "" "" 840.651611 912.724365 4030.01346 2.1413 1549.4 7.179 3528.6 9.2144 "" "" 0.002815065719978691 0.005752613 0.004724646 0.010477259 133.28294863234 -43.28796604041 874.145386 -10.007000000000001 23.401000000000003
134.95571460222 -43.50335368254 0.0344 0.0426 33.1828 "" "" 5331839063443525888 885.753845 1.0851 0.0475 -6.396 4.369 0.045 0.061 1.038 5260.8 3.6539 16.674845 2.911951 18.354136 15.442184 "" "" 842.754395 931.874756 4027.2547 3.9139 621.96 8.1705 5275.8 25.172 "" "" 0.0029504551932683577 0.0145333335 0.0064124167 0.02094575 134.95571460222 -43.50335368254 885.753845 -6.395999999999999 4.369000000000001
133.39458168579 -42.73835890665 0.0338 0.0399 49.3289 "" "" 5524307508737820672 843.540894 1.1691 0.0442 -1.144 2.412 0.046 0.048 0.992 4468.3 4.5837 16.676416 1.511796 17.380983 15.869187 "" "" 810.776306 871.930237 4021.42895 2.088 1524.1 9.0575 3560.3 7.2095 "" "" 0.002812398563354696 0.0070298016 0.004372356 0.011402158 133.39458168579 -42.73835890665 843.540894 -1.144 2.412
135.45957415011 -42.92862858297 0.0361 0.0378 50.3744 "" "" 5331969389936354688 820.970886 1.1973 0.0464 -3.01 1.711 0.047 0.048 1.055 4602.1 4.477 16.67702 1.361203 17.285822 15.924619 "" "" 791.962341 854.466248 4019.19273 1.9748 1663.8 7.5655 3383.1 8.0303 "" "" 0.0028064885101086365 0.0056708693 0.004574437 0.010245306 135.45957415011 -42.92862858297 820.970886 -3.01 1.7109999999999999
134.43009865702 -43.26359291546 0.0341 0.0387 6.8416 "" "" 5332041785901288576 931.208862 1.0418 0.0448 -7.287 3.995 0.046 0.046 0.962 7743.8 4.3114 16.67906 2.451179 18.00675 15.555572 "" "" 899.016418 961.018066 4011.64801 2.361 856.48 10.561 4752.6 12.188 "" "" 0.002828445519727393 0.013675549 0.0046942933 0.018369842 134.43009865702 -43.26359291546 931.208862 -7.287000000000001 3.995000000000001
134.3958576815 -43.14313868364 0.0365 0.0465 2.0982 "" "" 5332090130053152640 886.260315 1.1007 0.0502 -5.389 5.307 0.053 0.052 1.001 "" "" 16.681189 1.894024 17.607658 15.713634 "" "" 850.479065 929.314026 4003.78677 6.9325 1237.0 16.512 4108.7 16.646 "" "" 0.0033355586721385976 0.014759004 0.005799377 0.020558381 134.3958576815 -43.14313868364 886.260315 -5.389000000000001 5.307
134.23680698879 -42.96253123306 0.1755 0.1869 13.1214 "" "" 5332106893309203584 751.634705 1.3831 0.2192 -12.545 14.829 0.233 0.232 4.86 "" "" 16.682858 2.43821 17.916216 15.478005 "" "" 634.0802 881.602905 3997.64163 12.147 930.96 9.8802 5104.5 11.779 "" "" 0.004298319410641578 0.011855825 0.0045344047 0.01639023 134.23680698879 -42.96253123306 751.634705 -12.545 14.829000000000002
135.22173924008 -43.17027175654 0.0356 0.0383 37.871 "" "" 5331942520621113600 759.497803 1.3038 0.0457 -14.123 1.035 0.045 0.05 0.983 4471.1 4.6066 16.689432 1.578964 17.437721 15.858757 "" "" 734.770996 780.405823 3973.5033 2.0436 1446.5 11.53 3594.6 10.7 "" "" 0.0028113345122208833 0.009093023 0.0049728146 0.0140658375 135.22173924008 -43.17027175654 759.497803 -14.122999999999998 1.0350000000000006
135.16059555778 -43.52508973106 0.0356 0.0421 41.271 "" "" 5331928948518784768 852.785217 1.133 0.0466 -10.231 5.68 0.046 0.055 0.992 "" "" 16.692976 "" "" "" "" "" 820.335327 887.016907 3960.56043 2.501 "" "" "" "" "" "" 0.0028393413891207695 "" "" "" 135.16059555778 -43.52508973106 852.785217 -10.230999999999998 5.68
134.85227548263 -43.1816385427 0.0338 0.0395 21.7269 "" "" 5332127204212727936 732.800293 1.34 0.0451 -7.332 9.024 0.047 0.052 1.03 4269.6 4.5138 16.696888 1.669641 17.496145 15.826505 "" "" 713.309448 753.97699 3946.31051 2.1067 1370.8 11.469 3703.0 11.097 "" "" 0.002815623725388801 0.009502819 0.0049870056 0.014489824 134.85227548263 -43.1816385427 732.800293 -7.332 9.024000000000001
134.38942757141 -42.67499226504 0.0328 0.0402 29.3167 "" "" 5332213722033483648 778.206177 1.2534 0.0449 -5.373 3.813 0.045 0.049 0.994 4413.7 4.4887 16.69973 1.45782 17.376177 15.918357 "" "" 749.566406 805.430481 3935.99645 1.9787 1530.9 9.2734 3402.6 8.6913 "" "" 0.002808862589067777 0.0071442085 0.0046877465 0.011831955 134.38942757141 -42.67499226504 778.206177 -5.373 3.813
135.41694820719 -43.05704809823 0.0335 0.0372 46.887 "" "" 5331967637589770368 1005.95868 0.9758 0.0446 -5.564 -8.93 0.044 0.045 0.981 5452.3 4.4878 16.699867 1.904504 17.646975 15.742471 "" "" 970.363525 1044.41296 3935.50014 3.0854 1193.0 9.3236 4001.0 16.234 "" "" 0.0028838073853004846 0.008932271 0.005804387 0.014736658 135.41694820719 -43.05704809823 1005.95868 -5.564000000000001 -8.93
135.0822579678 -43.67308744948 0.0345 0.0383 44.0149 "" "" 5331833222288005888 842.813477 1.161 0.0453 -9.477 9.0 0.048 0.052 1.042 4459.8 4.4576 16.707125 1.412558 17.357784 15.945227 "" "" 813.813965 876.071777 3909.28098 2.1453 1557.1 8.1759 3319.5 7.7725 "" "" 0.0028190053965079856 0.006347071 0.004554842 0.010901913 135.0822579678 -43.67308744948 842.813477 -9.477 9.0
133.71392064088 -43.83925241237 0.0372 0.0442 49.2763 "" "" 5331674686457944064 930.881226 1.0562 0.0494 -7.092 12.748 0.048 0.06 1.06 4777.6 4.6092 16.707928 1.612994 17.474743 15.861749 "" "" 883.079407 976.080505 3906.39327 2.8617 1398.0 9.4326 3584.7 9.7123 "" "" 0.002867823609609676 0.007839056 0.0047892733 0.012628329 133.71392064088 -43.83925241237 930.881226 -7.0920000000000005 12.748000000000001
133.96933307777 -43.55126764338 0.0915 0.1072 28.7721 "" "" 5332055048760515712 1021.76617 1.0083 0.1188 -4.782 5.142 0.117 0.124 2.854 6010.5 4.4735 16.709274 1.941608 17.590002 15.648394 "" "" 885.178223 1188.77393 3901.54724 6.8494 1257.2 9.5667 4363.2 11.515 "" "" 0.0033503598136635643 0.008720363 0.004742801 0.013463164 133.96933307777 -43.55126764338 1021.76617 -4.781999999999999 5.1419999999999995
134.18773930801 -43.4247310042 0.034 0.0394 17.3452 "" "" 5332062367384692864 797.269653 1.2398 0.0465 -13.547 -0.027 0.042 0.044 1.058 4514.8 4.6602 16.70991 1.491589 17.405327 15.913738 "" "" 771.360168 826.542786 3899.26829 2.0932 1490.3 9.2362 3417.1 8.9924 "" "" 0.0028162911533559393 0.007284443 0.0047378666 0.012022309 134.18773930801 -43.4247310042 797.269653 -13.547 -0.027000000000000652
133.86730943204 -43.46595536072 0.0399 0.0406 28.0412 "" "" 5332059068849907328 857.542786 1.1415 0.0481 -7.221 -1.75 0.052 0.049 0.961 4666.3 4.382 16.711346 1.516132 17.413784 15.897652 "" "" 829.619263 896.42627 3894.10976 2.1284 1478.8 8.4426 3468.1 10.14 "" "" 0.002818501085623094 0.0067975908 0.0049356823 0.011733273 133.86730943204 -43.46595536072 857.542786 -7.221 -1.7499999999999998
134.72606915977 -43.24181141976 0.0367 0.0429 16.8449 "" "" 5332044672119250432 709.655457 1.3762 0.0471 -4.786 12.387 0.048 0.053 1.003 4322.5 4.6468 16.71263 1.659684 17.510166 15.850482 "" "" 684.962952 733.721497 3889.51304 2.2838 1353.2 9.0953 3622.1 12.308 "" "" 0.002828110426444468 0.007812799 0.0052815834 0.013094382 134.72606915977 -43.24181141976 709.655457 -4.786 12.387000000000002
134.21819427529 -42.76569486338 0.0353 0.0371 24.5989 "" "" 5332118614276169728 730.466858 1.3407 0.046 -9.085 0.419 0.047 0.045 0.938 4349.9 4.6652 16.712906 1.624548 17.484144 15.859596 "" "" 709.858093 755.136414 3888.52237 1.9991 1386.0 11.288 3591.9 10.886 "" "" 0.0028112904878201954 0.009272321 0.0050111315 0.014283452 134.21819427529 -42.76569486338 730.466858 -9.085 0.41900000000000004
134.26991225376 -43.44089145445 0.0347 0.0391 17.0956 "" "" 5332015535061277696 792.668396 1.2444 0.0464 -2.718 0.959 0.043 0.049 0.991 4534.5 4.6268 16.716022 1.537298 17.44088 15.903582 "" "" 759.03186 829.684875 3877.37723 2.1291 1442.3 6.9482 3449.3 10.072 "" "" 0.0028190828402768703 0.0059281453 0.004933045 0.01086119 134.26991225376 -43.44089145445 792.668396 -2.718 0.9590000000000001
134.182868559 -43.25921747156 0.0342 0.0389 9.535 "" "" 5332090748528531072 912.078674 1.08 0.0456 -5.501 5.347 0.047 0.047 0.946 3758.5 4.067 16.717144 1.929331 17.68325 15.75392 "" "" 882.431702 957.029358 3873.37302 5.2028 1153.8 8.312 3959.0 16.102 "" "" 0.0031174790197808304 0.008304427 0.005812387 0.014116814 134.182868559 -43.25921747156 912.078674 -5.5009999999999994 5.347
134.49826871005 -43.09135990124 0.0373 0.0444 7.5544 "" "" 5332095799409951488 779.875427 1.2596 0.0508 1.776 -1.077 0.051 0.053 1.01 4461.2 4.6153 16.718702 1.641326 17.503843 15.862517 "" "" 753.878845 812.245117 3867.81542 2.3999 1361.1 8.9543 3582.2 10.885 "" "" 0.0028364819800629883 0.0076683788 0.005016788 0.012685167 134.49826871005 -43.09135990124 779.875427 1.7760000000000002 -1.0769999999999997
133.84432391589 -43.80960785837 0.0411 0.0456 44.7444 "" "" 5331675678591499008 913.632874 1.0699 0.0518 -4.928 3.327 0.056 0.062 1.067 5037.5 4.6089 16.718851 1.697722 17.53291 15.835187 "" "" 874.902039 957.821106 3867.28676 2.6145 1325.1 8.4138 3673.5 13.697 "" "" 0.0028514156952936594 0.0074371723 0.005538252 0.0129754245 133.84432391589 -43.80960785837 913.632874 -4.928 3.327
134.2248662582 -42.32347735695 0.0345 0.0374 50.7041 "" "" 5524376601874633216 841.884399 1.1648 0.0474 -5.58 1.166 0.045 0.044 1.022 4658.4 4.6559 16.720585 1.5058 17.419464 15.913664 "" "" 812.738525 875.243652 3861.117 2.1191 1471.1 8.5129 3417.4 8.0523 "" "" 0.002819019143898049 0.0068745757 0.004563829 0.011438405 134.2248662582 -42.32347735695 841.884399 -5.58 1.166
133.87465672817 -42.67520103254 0.0383 0.0435 36.1205 "" "" 5524271289274782080 883.826965 1.1011 0.0506 -9.554 7.338 0.053 0.053 1.156 4512.4 4.3431 16.726679 1.838405 17.617521 15.779117 "" "" 848.019714 930.737854 3839.50439 3.2003 1225.8 8.6106 3868.2 8.966 "" "" 0.002900134714245542 0.0081210835 0.0045405948 0.012661679 133.87465672817 -42.67520103254 883.826965 -9.553999999999998 7.337999999999999
135.35714196552 -42.92583957337 0.0362 0.0369 46.1309 "" "" 5332156925386250496 744.761353 1.3105 0.0464 -2.173 1.338 0.046 0.045 1.019 4403.2 4.6675 16.727978 1.588896 17.485065 15.89617 "" "" 717.865601 768.432373 3834.91564 2.1668 1384.8 8.2507 3472.9 7.9941 "" "" 0.0028227866434175886 0.0070449454 0.004530976 0.011575921 135.35714196552 -42.92583957337 744.761353 -2.173 1.338
135.23101853512 -43.09192029911 0.0339 0.0392 38.5358 "" "" 5332130983783975808 980.103699 0.9977 0.0447 -8.721 7.577 0.046 0.048 0.997 6805.6 4.3386 16.728554 2.04698 17.75908 15.712101 "" "" 946.537476 1024.05273 3832.88073 2.1407 1075.9 12.768 4114.5 8.3114 "" "" 0.0028212591070559123 0.01318337 0.0043696593 0.01755303 135.23101853512 -43.09192029911 980.103699 -8.721 7.577
134.50434995825 -42.67352422753 0.0422 0.0546 30.0797 "" "" 5332210247401815168 1018.5509 0.9568 0.0576 -6.906 3.636 0.057 0.061 1.297 5789.8 4.1637 16.728786 2.487338 18.032145 15.544806 "" "" 962.857971 1089.56787 3832.05915 22.501 836.68 25.972 4799.9 71.124 "" "" 0.0069451409653402685 0.033818435 0.016526189 0.050344624 134.50434995825 -42.67352422753 1018.5509 -6.905999999999999 3.636
134.28945214141 -43.05494936947 0.0396 0.0419 7.1159 "" "" 5332094493739926272 861.515564 1.1381 0.0496 -5.553 5.277 0.052 0.049 0.973 "" "" 16.729795 2.358912 17.988558 15.629646 "" "" 820.719849 901.231018 3828.49645 4.5316 870.95 7.8785 4439.1 15.396 "" "" 0.0030402882902394713 0.010210067 0.005335136 0.015545202 134.28945214141 -43.05494936947 861.515564 -5.552999999999999 5.276999999999999
133.61598495602 -42.51712953921 0.0364 0.0374 50.6246 "" "" 5524334103175119232 902.187012 1.0864 0.0453 -4.596 7.358 0.046 0.049 1.013 4682.4 4.5374 16.72981 1.489142 17.42005 15.930907 "" "" 864.943787 933.458435 3828.4474 2.0356 1470.3 7.6931 3363.5 11.377 "" "" 0.0028151470968148075 0.006329143 0.005269811 0.011598954 133.61598495602 -42.51712953921 902.187012 -4.596000000000002 7.3580000000000005
134.88605867272 -42.83656860231 0.0369 0.0443 30.394 "" "" 5332152389900884480 692.994019 1.4073 0.0465 -8.021 10.694 0.047 0.054 0.966 4341.1 4.5024 16.730257 1.603798 17.487398 15.8836 "" "" 672.727722 713.935547 3826.87436 4.3132 1381.8 9.6511 3513.3 14.484 "" "" 0.0030148405856719024 0.008080277 0.0058582416 0.013938518 134.88605867272 -42.83656860231 692.994019 -8.021000000000003 10.694000000000003
134.47415914407 -43.09178832011 0.0372 0.0441 6.6968 "" "" 5332095765050218240 772.410461 1.2779 0.0509 -15.637 6.37 0.052 0.051 0.997 4495.1 4.6037 16.7342 1.562174 17.465036 15.902863 "" "" 741.559143 806.097412 3813.00065 2.2383 1410.6 14.759 3451.5 13.874 "" "" 0.0028280735915802344 0.01169761 0.005773314 0.017470924 134.47415914407 -43.09178832011 772.410461 -15.637 6.369999999999999
133.40514497536 -43.13116785517 0.0559 0.0592 41.6861 "" "" 5524246103585539712 878.86499 1.104 0.0699 0.174 1.553 0.097 0.089 1.269 "" "" 16.734774 1.652773 17.225409 15.572636 "" "" 832.265564 941.002197 3810.98264 4.014 1759.0 16.613 4678.5 24.809 "" "" 0.0029832119196851635 0.010627135 0.0068870503 0.017514184 133.40514497536 -43.13116785517 878.86499 0.17400000000000015 1.553
134.27966790638 -42.56709546671 0.0367 0.042 35.9135 "" "" 5524368943952002304 918.290222 1.0584 0.0502 -6.903 4.329 0.049 0.046 1.003 3744.7 4.0541 16.736347 2.188864 17.890055 15.701191 "" "" 877.247559 970.072388 3805.46369 48.482 953.66 58.432 4156.1 148.21 "" "" 0.01410414197963567 0.06658297 0.03890228 0.105485246 134.27966790638 -42.56709546671 918.290222 -6.902999999999999 4.329
133.42721292708 -43.39779805567 0.0404 0.0422 42.9627 "" "" 5523853199978439424 894.946289 1.0972 0.0508 -3.822 -1.036 0.053 0.062 0.932 4576.7 4.5123 16.73661 1.420251 17.38928 15.969029 "" "" 857.272095 938.394104 3804.54516 2.3308 1512.5 10.751 3247.5 11.486 "" "" 0.002834471408032816 0.00820641 0.005387967 0.013594378 133.42721292708 -43.39779805567 894.946289 -3.822 -1.0360000000000003
134.41160589021 -43.28669834998 0.036 0.0418 7.8041 "" "" 5332041369287227264 867.94751 1.1252 0.0464 -5.484 5.216 0.049 0.049 0.978 6027.6 4.3993 16.739025 2.112914 17.81903 15.706117 "" "" 826.141235 906.830017 3796.09186 7.4054 1018.1 12.826 4137.2 24.088 "" "" 0.0034753305546443678 0.01395976 0.007365106 0.021324866 134.41160589021 -43.28669834998 867.94751 -5.484 5.216000000000001
135.20857786071 -43.06743024021 0.0323 0.0375 37.7618 "" "" 5332131808417696512 773.020691 1.2643 0.0437 -5.513 2.095 0.044 0.047 0.99 4387.3 4.6041 16.740473 1.56157 17.479721 15.918151 "" "" 744.51709 806.242493 3791.03123 2.2019 1391.6 8.5627 3403.3 8.4323 "" "" 0.0028265641891121462 0.0072399257 0.004639011 0.011878937 135.20857786071 -43.06743024021 773.020691 -5.513 2.095
134.1155089079 -43.8420010264 0.0417 0.0419 42.067 "" "" 5331999970100073856 905.281555 1.0762 0.0512 -8.26 2.416 0.051 0.049 0.989 5036.5 4.6011 16.746702 1.789189 17.619152 15.829963 "" "" 870.61322 947.996033 3769.34294 2.6252 1223.9 9.7714 3691.2 10.013 "" "" 0.0028571990989482115 0.00910631 0.004791469 0.0138977785 134.1155089079 -43.8420010264 905.281555 -8.26 2.4160000000000004
134.45984835665 -43.02063112993 0.0377 0.0433 9.6703 "" "" 5332097002000786944 858.330261 1.1374 0.0503 -9.984 8.936 0.05 0.049 1.002 5006.7 4.5832 16.749125 1.80032 17.639273 15.838953 "" "" 827.188599 894.134277 3760.94721 2.2639 1201.5 10.853 3660.8 12.612 "" "" 0.0028317711378072125 0.010196498 0.0053174463 0.0155139435 134.45984835665 -43.02063112993 858.330261 -9.984 8.936
