Clusters/BH_56/BH_56_stars_in_region.tsv
# %ECSV 1.0
# ---
# datatype:
# - name: RA_ICRS_1
#   unit: deg
#   datatype: float64
#   format: '{:15.11f}'
#   description: Right ascension (ICRS) at Ep=2016.0 (ra)
#   meta: !!omap
#   - {ucd: POS_EQ_RA_MAIN}
#   - {width: 15}
#   - {precision: '11'}
# - name: DE_ICRS_1
#   unit: deg
#   datatype: float64
#   format: '{:15.11f}'
#   description: Declination (ICRS) at Ep=2016.0 (dec)
#   meta: !!omap
#   - {ucd: POS_EQ_DEC_MAIN}
#   - {width: 15}
#   - {precision: '11'}
# - name: e_RA_ICRS
#   unit: mas
#   datatype: float64
#   format: '{:7.4f}'
#   description: Standard error of right ascension (ra_error)
#   meta: !!omap
#   - {ucd: ERROR}
#   - {width: 7}
#   - {precision: '4'}
# - name: e_DE_ICRS
#   unit: mas
#   datatype: float64
#   format: '{:7.4f}'
#   description: Standard error of declination (dec_error)
#   meta: !!omap
#   - {ucd: ERROR}
#   - {width: 7}
#   - {precision: '4'}
# - name: _r_1
#   unit: ''
#   datatype: float64
#   format: '{:7.4f}'
#   description: Distance from center (134.35640829000-43.16300572000)[ICRS], at Epoch=J2016.0
#   meta: !!omap
#   - {ucd: POS_ANG_DIST_GENERAL}
#   - {width: 7}
#   - {precision: '4'}
# - name: HIP
#   datatype: int32
#   description: '? HIP cross-id number, van Leeuwen, Cat. I/311 (hip_original_ext_source_id)'
#   meta: !!omap
#   - {ucd: ID_NUMBER}
#   - {width: 6}
#   - values: {'null': -2147483648}
# - name: TYC2
#   datatype: string
#   description: Tycho-2 cross-id name, Hog et al., Cat. I/259 (tyc2_original_ext_source_id)
#   meta: !!omap
#   - {ucd: ID_CROSSID}
#   - {_votable_string_dtype: char}
# - name: Source
#   datatype: int64
#   description: Source identifier, identical to the Gaia-EDR3 source_id (id)
#   meta: !!omap
#   - {ucd: ID_MAIN}
#   - {width: 19}
# - name: rgeo
#   unit: pc
#   datatype: float64
#   format: '{:15.8f}'
#   description: '? Median of the geometric distance posterior (r_med_geo)'
#   meta: !!omap
#   - {ucd: PHYS_DISTANCE_TRUE}
#   - {width: 15}
#   - {precision: '8'}
#   - values: {'null': .nan}
# - name: Plx
#   unit: mas
#   datatype: float64
#   format: '{:9.4f}'
#   description: '? Parallax (parallax)'
#   meta: !!omap
#   - {ucd: POS_PARLX_TRIG}
#   - {width: 9}
#   - {precision: '4'}
#   - values: {'null': .nan}
# - name: e_Plx
#   unit: mas
#   datatype: float32
#   format: '{:7.4f}'
#   description: '? Standard error of parallax (parallax_error)'
#   meta: !!omap
#   - {ucd: ERROR}
#   - {width: 7}
#   - {precision: '4'}
#   - values: {'null': .nan}
# - name: pmRA
#   unit: mas / yr
#   datatype: float64
#   format: '{:9.3f}'
#   description: '? Proper motion in right ascension direction, pmRA*cosDE (pmra)'
#   meta: !!omap
#   - {ucd: POS_EQ_PMRA}
#   - {width: 9}
#   - {precision: '3'}
#   - values: {'null': .nan}
# - name: pmDE
#   unit: mas / yr
#   datatype: float64
#   format: '{:9.3f}'
#   description: '? Proper motion in declination direction (pmdec)'
#   meta: !!omap
#   - {ucd: POS_EQ_PMDEC}
#   - {width: 9}
#   - {precision: '3'}
#   - values: {'null': .nan}
# - name: e_pmRA
#   unit: mas / yr
#   datatype: float32
#   format: '{:6.3f}'
#   description: '? Standard error of proper motion in right ascension direction (pmra_error)'
#   meta: !!omap
#   - {ucd: ERROR}
#   - {width: 6}
#   - {precision: '3'}
#   - values: {'null': .nan}
# - name: e_pmDE
[...]
#         value: !astropy.table.SerializedColumn {name: SkyCoord.dec}
#       distance: !astropy.table.SerializedColumn
#         __class__: astropy.coordinates.distances.Distance
#         unit: !astropy.units.Unit {unit: pc}
#         value: !astropy.table.SerializedColumn {name: SkyCoord.distance}
#       frame: icrs
#       obstime: !astropy.time.Time {format: jyear_str, in_subfmt: '*', jd1: 367701545.0, jd2: 0.0, out_subfmt: '*', precision: 3, scale: tt}
#       pm_dec: !astropy.table.SerializedColumn
#         __class__: astropy.units.quantity.Quantity
#         unit: !astropy.units.Unit {unit: mas / yr}
#         value: !astropy.table.SerializedColumn {name: SkyCoord.pm_dec}
#       pm_ra_cosdec: !astropy.table.SerializedColumn
#         __class__: astropy.units.quantity.Quantity
#         unit: !astropy.units.Unit {unit: mas / yr}
#         value: !astropy.table.SerializedColumn {name: SkyCoord.pm_ra_cosdec}
#       ra: !astropy.table.SerializedColumn
#         __class__: astropy.coordinates.angles.Longitude
#         unit: *id001
#         value: !astropy.table.SerializedColumn {name: SkyCoord.ra}
#         wrap_angle: !astropy.coordinates.Angle
#           unit: *id001
#           value: 360.0
#       representation_type: spherical
# schema: astropy-2.0
RA_ICRS_1 DE_ICRS_1 e_RA_ICRS e_DE_ICRS _r_1 HIP TYC2 Source rgeo Plx e_Plx pmRA pmDE e_pmRA e_pmDE RUWE Teff logg Gmag BP-RP BPmag RPmag RV e_RV b_rgeo B_rgeo FG e_FG FBP e_FBP FRP e_FRP RAVE5 RAVE6 e_Gmag e_BPmag e_RPmag e_BP-RP SkyCoord.ra SkyCoord.dec SkyCoord.distance SkyCoord.pm_ra_cosdec SkyCoord.pm_dec rmRA rmDE e_rmRA e_rmDE rRV e_rRV v_pec v_pec3d e_vpec e_vpec3d
[from data line 457]
134.83087487161 -43.67533982867 0.0113 0.0121 37.0473 "" "" 5331830439149203328 739.56781 1.3165 0.0143 -7.598 6.791 0.015 0.015 0.889 5596.6 4.3596 14.126119 0.852659 14.468045 13.615386 56.99 3.7 730.43335 748.641052 42121.05443 7.7129 22295.0 28.726 28379.0 17.354 "" "" 0.002762483600786464 0.0031212205 0.0038372567 0.006958477 134.83087487161 -43.67533982867 739.56781 -7.597999999999997 6.791 -2.100535343170166 1.3457604560852054 0.16673855 0.16673855 42.647894736842105 8.127317 8.745152873737581 43.535280225006076 1.4581541519809456 7.96704337393446
134.10808971048 -43.73908042718 0.0157 0.0162 36.2173 "" "" 5332004917902387712 957.912476 1.0097 0.0199 3.627 -1.481 0.024 0.02 1.355 "" "" 14.127879 1.787546 14.993619 13.206073 17.81 3.56 941.60083 974.99646 42052.83345 10.444 13739.0 23.346 41374.0 27.129 "" "" 0.0027684831620228703 0.0033449729 0.003845849 0.0071908217 134.10808971048 -43.73908042718 957.912476 3.6269999999999984 -1.4809999999999992 9.124464656829833 -6.926239543914795 0.17573856 0.17173855 3.467894736842103 7.987317 52.013790128871946 52.129268721862516 9.06532408425563 9.060835845262702
135.20136483492 -42.71396848788 0.0108 0.0115 45.8624 "" "" 5332174826809910400 800.642761 1.2109 0.0136 -6.041 -19.424 0.014 0.015 0.968 5718.2 4.3173 14.134279 0.873967 14.487021 13.613054 8.57 2.97 793.121521 808.447144 41805.6448 7.395 21908.0 14.965 28440.0 24.289 "" "" 0.0027620055850411268 0.0028870557 0.0038914713 0.006778527 135.20136483492 -42.71396848788 800.642761 -6.041 -19.424 -0.5435353431701664 -24.869239543914794 0.16573855 0.16673855 -5.772105263157895 7.397317 94.40246381603606 94.5787628049076 15.740485452616761 15.717629377343732
134.17017844124 -42.40247205002 0.0116 0.0122 46.363 "" "" 5524374338430902656 746.715759 1.3027 0.0149 -3.472 0.852 0.016 0.015 0.996 5944.1 4.4192 14.138347 0.803345 14.456454 13.65311 50.36 5.32 739.205688 754.160278 41649.35136 8.3344 22534.0 16.196 27410.0 22.153 "" "" 0.0027638729393096497 0.0028972412 0.0038799145 0.0067771557 134.17017844124 -42.40247205002 746.715759 -3.4719999999999995 0.8519999999999999 2.025464656829834 -4.593239543914795 0.16773856 0.16673855 36.0178947368421 9.747317 17.76793683661483 40.16202585408475 2.9654999130274393 8.839440256165153
134.42008514505 -42.30075890409 0.0111 0.0132 51.8109 "" "" 5524378938336620544 813.034668 1.1924 0.0153 -8.998 6.583 0.015 0.016 1.014 5834.3 4.3165 14.139475 0.829486 14.470678 13.641192 36.54 6.36 805.007629 821.807556 41606.09514 11.799 22241.0 28.13 27713.0 29.254 "" "" 0.002772470568226439 0.0031097874 0.003949341 0.007059128 134.42008514505 -42.30075890409 813.034668 -8.998000000000001 6.582999999999998 -3.5005353431701653 1.1377604560852053 0.16673855 0.16773856 22.197894736842102 10.787317 14.184987311233826 26.343128055866618 2.366543298955897 9.17876328344183
133.58007526177 -42.92163974723 0.0176 0.019 36.9951 "" "" 5524255110137305216 755.991089 1.2875 0.0221 -4.771 8.563 0.024 0.024 1.692 5637.4 4.3661 14.140979 0.98533 14.549417 13.564087 14.93 10.05 742.86615 767.640442 41548.47027 13.081 20685.0 23.604 29752.0 22.793 "" "" 0.002776443259064504 0.0030528756 0.0038698306 0.006922706 133.58007526177 -42.92163974723 755.991089 -4.771000000000001 8.562999999999999 0.7264646568298341 3.1177604560852057 0.17573856 0.17573856 0.5878947368421041 14.477318 11.471452602673963 11.486507086011914 2.015976540545891 2.145355312199465
134.48380536272 -42.32935853184 0.082 0.0822 50.3328 "" "" 5524377873184732160 1030.97205 0.9607 0.0968 -9.417 4.962 0.116 0.105 5.509 "" "" 14.147543 1.180864 14.38191 13.201046 62.85 5.33 929.235474 1171.85083 41298.0431 34.847 24135.0 63.111 41566.0 51.752 "" "" 0.002903634902171236 0.0039806515 0.004013863 0.007994514 134.48380536272 -42.32935853184 1030.97205 -9.416999999999998 4.9620000000000015 -3.919535343170166 -0.4832395439147952 0.26773855 0.25673854 48.507894736842104 9.757317 19.29904033697307 52.20602273424655 5.163982874410796 9.26493368527221
133.44267903967 -43.5252711065 0.0119 0.0133 45.4098 "" "" 5331696745409963904 774.848083 1.2527 0.0155 -4.037 -1.029 0.015 0.019 0.963 5626.0 4.37 14.153417 0.819362 14.479582 13.66022 0.3 6.02 765.791016 783.227966 41075.22078 8.4468 22059.0 13.78 27231.0 19.65 "" "" 0.0027643517022581093 0.0028714226 0.003859735 0.0067311577 133.44267903967 -43.5252711065 774.848083 -4.037000000000003 -1.0289999999999986 1.460464656829834 -6.474239543914795 0.16673855 0.17073855 -14.042105263157895 10.447317 24.37595409954859 28.131261231677943 4.157246310443369 6.338128486817318
134.26178019427 -43.16767904121 0.0111 0.0131 4.1507 "" "" 5332092913191993344 859.627258 1.1271 0.0146 -9.41 12.885 0.016 0.015 1.065 5895.7 4.1452 14.153969 0.951448 14.542129 13.590681 28.2 4.88 848.185364 870.949829 41054.3469 7.6448 20824.0 16.921 29033.0 13.815 "" "" 0.0027627277925551304 0.0029263278 0.0038145299 0.006740858 134.26178019427 -43.16767904121 859.627258 -9.41 12.885000000000009 -3.912535343170166 7.439760456085205 0.16773856 0.16673855 13.857894736842104 9.307318 34.25067170549212 36.94793307906133 5.7183452772604575 6.347090883709525
134.0685385653 -42.75505283902 0.0115 0.0127 27.5483 "" "" 5524272221286774912 869.276428 1.1152 0.0151 -5.598 5.616 0.016 0.016 0.962 5097.1 4.1094 14.159979 1.254022 14.710228 13.456206 0.16 4.71 858.625244 878.743042 40827.71271 27.615 17837.0 44.446 32861.0 77.201 "" "" 0.002851506112114625 0.003886433 0.0045596063 0.00844604 134.0685385653 -42.75505283902 869.276428 -5.597999999999997 5.615999999999998 -0.10053534317016588 0.17076045608520474 0.16773856 0.16773856 -14.182105263157895 9.137318 0.8164832465525276 14.20558885042052 0.13695572147862142 9.122215942761157
134.55889032956 -43.66855702081 0.0135 0.0146 31.5907 "" "" 5332020207985911040 1028.27148 0.9245 0.0175 -4.211 5.068 0.018 0.019 1.083 "" "" 14.164818 3.092708 15.979199 12.886492 "" "" 1012.06873 1049.72864 40646.18063 14.98 5542.9 14.448 55534.0 48.622 "" "" 0.00278422425074612 0.0039741998 0.0038970974 0.007871297 134.55889032956 -43.66855702081 1028.27148 -4.210999999999999 5.067999999999996 1.2864646568298337 -0.3772395439147953 0.16973856 0.17073855 "" "" 6.534261915417544 "" 1.1096349907991594 ""
133.96893527731 -43.7832871323 0.0125 0.0133 40.8623 "" "" 5332003818390669696 819.886047 1.1858 0.0162 -11.165 8.825 0.017 0.017 1.076 5861.6 4.3262 14.171642 0.833356 14.501535 13.66818 15.39 5.65 810.479065 829.841614 40391.4862 8.7612 21617.0 20.903 27033.0 17.739 "" "" 0.0027653664287358927 0.0029811552 0.003845949 0.006827104 133.96893527731 -43.7832871323 819.886047 -11.165 8.825 -5.667535343170165 3.3797604560852044 0.16873856 0.16873856 1.047894736842105 10.077317 25.644526777189114 25.66592755007056 4.327220491758783 4.343144723022823
133.81017420906 -42.8969222001 0.012 0.0121 28.7897 "" "" 5524244080661183744 769.963196 1.2615 0.0148 -23.692 3.921 0.016 0.015 0.918 5514.5 4.3542 14.172852 0.879406 14.530273 13.650867 52.47 3.36 757.276001 780.996521 40346.5173 8.753 21053.0 19.793 27467.0 17.317 "" "" 0.0027653699895834596 0.0029710252 0.0038408716 0.006811897 133.81017420906 -42.8969222001 769.963196 -23.692 3.9210000000000047 -18.194535343170166 -1.524239543914795 0.16773856 0.16673855 38.1278947368421 7.7873173 66.63584858813807 76.7728641782041 11.176938048096968 10.443623847469434
135.51759602027 -43.27190142799 0.0118 0.0125 51.1919 "" "" 5331927436695928320 785.050293 1.2407 0.015 -10.753 10.541 0.016 0.014 0.979 5765.6 4.3644 14.177246 0.9226 14.555735 13.633135 29.09 6.93 775.774597 794.09198 40183.55944 12.554 20565.0 30.461 27919.0 24.097 "" "" 0.002776120891315173 0.0032204583 0.003893827 0.0071142856 135.51759602027 -43.27190142799 785.050293 -10.753000000000002 10.540999999999997 -5.255535343170166 5.0957604560852054 0.16773856 0.16573855 14.747894736842104 11.357317 27.24001055919841 30.97609682374808 4.54288230023418 6.7229744324717755
133.69072421756 -43.16104399742 0.0135 0.0149 29.134 "" "" 5524231161399714816 942.44281 1.026 0.0167 -1.944 2.505 0.019 0.019 1.329 "" "" 14.180725 1.399591 14.809756 13.410165 6.61 4.34 928.850281 957.961121 40055.0018 10.147 16275.0 18.389 34284.0 26.859 "" "" 0.002769014204350797 0.0030479503 0.0038739177 0.006921868 133.69072421756 -43.16104399742 942.44281 -1.943999999999998 2.504999999999999 3.553464656829834 -2.940239543914795 0.17073855 0.17073855 -7.732105263157895 8.767317 20.603392245285907 22.00648140466034 3.5177932766667466 4.509583026693297
134.6435250056 -42.91288915838 0.0116 0.0132 19.5895 "" "" 5332192109758495104 899.03595 1.0774 0.0152 -1.884 2.487 0.015 0.018 0.975 6121.3 4.1872 14.181679 1.041313 14.614427 13.573113 -35.6 6.71 886.139465 910.405212 40019.83349 7.7826 19483.0 17.508 29506.0 18.288 "" "" 0.0027633982997345287 0.0029558397 0.0038388257 0.0067946655 134.6435250056 -42.91288915838 899.03595 -1.8840000000000003 2.487000000000001 3.613464656829834 -2.958239543914795 0.16673855 0.16973856 -49.9421052631579 11.137318 19.900609888226853 53.76102818994198 3.342284086594785 10.419887219886032
134.16491370646 -44.0147958711 0.0127 0.0138 51.7805 "" "" 5331985401571021440 713.77655 1.3655 0.0162 -4.321 1.491 0.016 0.019 1.103 5711.2 4.4141 14.182291 0.868758 14.532985 13.664227 11.27 4.69 705.791199 722.6297 39997.26151 8.6337 21000.0 19.628 27131.0 17.596 "" "" 0.0027652695917980896 0.0029689847 0.0038444207 0.006813405 134.16491370646 -44.0147958711 713.77655 -4.321000000000001 1.491 1.1764646568298343 -3.954239543914795 0.16773856 0.17073855 -3.072105263157896 9.117317 13.95794263510625 14.292025516099502 2.3797812206840794 3.040141403268071
135.32852189967 -43.42073477416 0.0122 0.0124 45.1826 "" "" 5331930494712716416 827.980469 1.17 0.0153 -10.7 -2.329 0.016 0.016 1.029 5843.9 4.2607 14.182761 0.910335 14.553916 13.643581 21.41 5.9 817.949829 838.14978 39979.93892 6.7454 20599.0 14.007 27652.0 13.124 "" "" 0.0027614029306521235 0.002886193 0.0038143499 0.0067005428 135.32852189967 -43.42073477416 827.980469 -10.699999999999996 -2.3290000000000033 -5.202535343170165 -7.7742395439147955 0.16773856 0.16773856 7.067894736842105 10.327317 36.71261345741461 37.38677738030681 6.158120799974668 6.354434639206235
135.25801540882 -43.59541657939 0.0107 0.0121 47.1066 "" "" 5331915857464206208 860.323608 1.1276 0.0141 -7.808 6.307 0.014 0.016 0.983 5865.7 4.2212 14.185909 0.914709 14.558673 13.643964 20.4 5.69 850.694458 870.59845 39864.18298 7.3225 20509.0 19.889 27642.0 17.837 "" "" 0.0027625284833183573 0.0029822264 0.003843772 0.0068259984 135.25801540882 -43.59541657939 860.323608 -7.808 6.307000000000002 -2.310535343170166 0.8617604560852055 0.16573855 0.16773856 6.057894736842103 10.117317 10.056225232137788 11.739921403576087 1.6691733258628552 5.412868006173661
133.35324986608 -43.37493829564 0.0124 0.0134 45.6337 "" "" 5523856331013420032 904.183044 1.0723 0.0162 -3.986 8.638 0.015 0.018 0.981 6117.0 4.1896 14.188892 1.015567 14.607841 13.592275 14.61 4.95 889.15802 919.691223 39754.82395 7.7875 19601.0 23.819 28990.0 18.823 "" "" 0.0027635164942328935 0.003086391 0.003844567 0.006930958 133.35324986608 -43.37493829564 904.183044 -3.9859999999999998 8.638 1.5114646568298338 3.192760456085205 0.16673855 0.16973856 0.26789473684210385 9.377317 15.13949712524914 15.141867150237934 2.5615014142926795 2.5664685182629188
134.02734709445 -43.91611546306 0.0123 0.0142 47.3989 "" "" 5331999282905324672 915.577881 1.0603 0.0162 0.321 -1.718 0.016 0.016 1.003 5842.0 4.0291 14.189656 1.107185 14.657493 13.550307 16.96 3.29 903.910339 932.696472 39726.86177 9.8714 18725.0 24.573 30133.0 25.846 "" "" 0.002768496645329162 0.0031329168 0.003892427 0.007025344 134.02734709445 -43.91611546306 915.577881 0.3209999999999996 -1.7180000000000009 5.818464656829834 -7.163239543914795 0.16773856 0.16773856 2.6178947368421053 7.717317 40.05051590104778 40.13598381494176 6.71801573881543 6.722581794887432
134.09883949972 -43.32403242662 0.0108 0.0115 14.835 "" "" 5332066765431197184 799.813599 1.2119 0.0136 -4.281 -1.086 0.014 0.014 0.975 5850.0 4.3865 14.194511 0.851542 14.536728 13.685185 -6.57 4.45 790.146851 809.643982 39549.61213 14.199 20928.0 30.45 26612.0 27.397 "" "" 0.002782756198144635 0.0032063385 0.003941208 0.007147547 134.09883949972 -43.32403242662 799.813599 -4.281 -1.0860000000000003 1.2164646568298343 -6.531239543914795 0.16573855 0.16573855 -20.912105263157898 8.877317 25.18650588860957 32.73646629394139 4.174375036287502 6.517141928490171
134.25794446443 -43.17755049581 0.0113 0.0129 4.3962 "" "" 5332092913191997824 907.21991 1.0684 0.0147 -3.483 2.93 0.016 0.015 0.957 5604.1 4.1131 14.203791 1.235819 14.733969 13.49815 23.51 7.0 893.724121 918.155579 39213.03186 7.3147 17451.0 21.675 31615.0 24.418 "" "" 0.002762753699264574 0.003098968 0.003871296 0.006970264 134.25794446443 -43.17755049581 907.21991 -3.4829999999999988 2.9299999999999993 2.014464656829834 -2.5152395439147948 0.16773856 0.16673855 9.167894736842106 11.427317 13.857460971553971 16.61564077861455 2.315998133878087 6.594393925004086
134.99138863228 -43.28950496825 0.0119 0.0134 28.7797 "" "" 5332122943605220736 842.223999 1.1521 0.0152 -6.752 -1.631 0.016 0.018 0.99 5814.7 4.1376 14.204196 1.011402 14.623233 13.611831 110.85 4.19 829.514038 853.257385 39198.38739 6.5797 19325.0 16.748 28473.0 17.932 "" "" 0.0027613409154442223 0.0029445612 0.0038407408 0.006785302 134.99138863228 -43.28950496825 842.223999 -6.752000000000001 -1.6310000000000004 -1.2545353431701658 -7.076239543914795 0.16773856 0.16973856 96.5078947368421 8.617317 28.689871902270156 100.6820862731105 4.8680390029452365 8.375720005407427
135.03511051037 -43.58391510731 0.0112 0.0135 38.9098 "" "" 5331834734116492288 831.686218 1.1687 0.0154 -4.691 3.384 0.015 0.017 1.037 6178.5 4.4001 14.208015 0.846887 14.546351 13.699465 24.0 4.01 820.055237 845.288696 39060.78194 6.7949 20743.0 18.684 26265.0 21.715 "" "" 0.0027617859890118213 0.002956596 0.0038845206 0.0068411166 135.03511051037 -43.58391510731 831.686218 -4.691 3.3840000000000003 0.8064646568298341 -2.061239543914795 0.16673855 0.16873856 9.657894736842104 8.437317 8.725608423483694 13.015804742999643 1.4700417541410962 6.337687656565967
135.37424024522 -43.55906552609 0.0113 0.0126 50.3592 "" "" 5331916922616838400 867.588257 1.1183 0.0149 0.553 2.762 0.015 0.016 0.994 5861.4 4.2253 14.210731 0.921341 14.584603 13.663262 15.8 5.9 858.049377 879.65387 38963.20562 10.413 20025.0 27.31 27155.0 21.375 "" "" 0.002770556860124144 0.0031587316 0.0038748067 0.007033538 135.37424024522 -43.55906552609 867.588257 0.5530000000000003 2.7619999999999996 6.050464656829834 -2.683239543914795 0.16673855 0.16773856 1.4578947368421051 10.327317 27.218752058178808 27.257768079362716 4.5428999590607795 4.569902009621145
133.66613997543 -43.0878713474 0.0107 0.0122 30.5621 "" "" 5524241125723824256 1028.96118 0.9384 0.0138 -7.355 4.164 0.015 0.016 1.004 "" "" 14.21509 1.264111 14.766135 13.502025 31.18 5.78 1013.1189 1043.94177 38807.05326 6.1304 16942.0 15.764 31503.0 12.967 "" "" 0.0027606533372901993 0.00296743 0.0038057126 0.0067731426 133.66613997543 -43.0878713474 1028.96118 -7.355000000000002 4.164000000000003 -1.8575353431701664 -1.2812395439147952 0.16673855 0.16773856 16.837894736842102 10.207317 11.005811109503316 20.115729600167167 1.8386483210654656 8.60306404286573
