Clusters/BH_56/BH_56_stars_in_region.tsv
# %ECSV 1.0
# ---
# datatype:
# - name: RA_ICRS_1
#   unit: deg
#   datatype: float64
#   format: '{:15.11f}'
#   description: Right ascension (ICRS) at Ep=2016.0 (ra)
#   meta: !!omap
#   - {ucd: POS_EQ_RA_MAIN}
#   - {width: 15}
#   - {precision: '11'}
# - name: DE_ICRS_1
#   unit: deg
#   datatype: float64
#   format: '{:15.11f}'
#   description: Declination (ICRS) at Ep=2016.0 (dec)
#   meta: !!omap
#   - {ucd: POS_EQ_DEC_MAIN}
#   - {width: 15}
#   - {precision: '11'}
# - name: e_RA_ICRS
#   unit: mas
#   datatype: float64
#   format: '{:7.4f}'
#   description: Standard error of right ascension (ra_error)
#   meta: !!omap
#   - {ucd: ERROR}
#   - {width: 7}
#   - {precision: '4'}
# - name: e_DE_ICRS
#   unit: mas
#   datatype: float64
#   format: '{:7.4f}'
#   description: Standard error of declination (dec_error)
#   meta: !!omap
#   - {ucd: ERROR}
#   - {width: 7}
#   - {precision: '4'}
# - name: _r_1
#   unit: ''
#   datatype: float64
#   format: '{:7.4f}'
#   description: Distance from center (134.35640829000-43.16300572000)[ICRS], at Epoch=J2016.0
#   meta: !!omap
#   - {ucd: POS_ANG_DIST_GENERAL}
#   - {width: 7}
#   - {precision: '4'}
# - name: HIP
#   datatype: int32
#   description: '? HIP cross-id number, van Leeuwen, Cat. I/311 (hip_original_ext_source_id)'
#   meta: !!omap
#   - {ucd: ID_NUMBER}
#   - {width: 6}
#   - values: {'null': -2147483648}
# - name: TYC2
#   datatype: string
#   description: Tycho-2 cross-id name, Hog et al., Cat. I/259 (tyc2_original_ext_source_id)
#   meta: !!omap
#   - {ucd: ID_CROSSID}
#   - {_votable_string_dtype: char}
# - name: Source
#   datatype: int64
#   description: Source identifier, identical to the Gaia-EDR3 source_id (id)
#   meta: !!omap
#   - {ucd: ID_MAIN}
#   - {width: 19}
# - name: rgeo
#   unit: pc
#   datatype: float64
#   format: '{:15.8f}'
#   description: '? Median of the geometric distance posterior (r_med_geo)'
#   meta: !!omap
#   - {ucd: PHYS_DISTANCE_TRUE}
#   - {width: 15}
#   - {precision: '8'}
#   - values: {'null': .nan}
# - name: Plx
#   unit: mas
#   datatype: float64
#   format: '{:9.4f}'
#   description: '? Parallax (parallax)'
#   meta: !!omap
#   - {ucd: POS_PARLX_TRIG}
#   - {width: 9}
#   - {precision: '4'}
#   - values: {'null': .nan}
# - name: e_Plx
#   unit: mas
#   datatype: float32
#   format: '{:7.4f}'
#   description: '? Standard error of parallax (parallax_error)'
#   meta: !!omap
#   - {ucd: ERROR}
#   - {width: 7}
#   - {precision: '4'}
#   - values: {'null': .nan}
# - name: pmRA
#   unit: mas / yr
#   datatype: float64
#   format: '{:9.3f}'
#   description: '? Proper motion in right ascension direction, pmRA*cosDE (pmra)'
#   meta: !!omap
#   - {ucd: POS_EQ_PMRA}
#   - {width: 9}
#   - {precision: '3'}
#   - values: {'null': .nan}
# - name: pmDE
#   unit: mas / yr
#   datatype: float64
#   format: '{:9.3f}'
#   description: '? Proper motion in declination direction (pmdec)'
#   meta: !!omap
#   - {ucd: POS_EQ_PMDEC}
#   - {width: 9}
#   - {precision: '3'}
#   - values: {'null': .nan}
# - name: e_pmRA
#   unit: mas / yr
#   datatype: float32
#   format: '{:6.3f}'
#   description: '? Standard error of proper motion in right ascension direction (pmra_error)'
#   meta: !!omap
#   - {ucd: ERROR}
#   - {width: 6}
#   - {precision: '3'}
#   - values: {'null': .nan}
# - name: e_pmDE
[...]
#         value: !astropy.table.SerializedColumn {name: SkyCoord.dec}
#       distance: !astropy.table.SerializedColumn
#         __class__: astropy.coordinates.distances.Distance
#         unit: !astropy.units.Unit {unit: pc}
#         value: !astropy.table.SerializedColumn {name: SkyCoord.distance}
#       frame: icrs
#       obstime: !astropy.time.Time {format: jyear_str, in_subfmt: '*', jd1: 367701545.0, jd2: 0.0, out_subfmt: '*', precision: 3, scale: tt}
#       pm_dec: !astropy.table.SerializedColumn
#         __class__: astropy.units.quantity.Quantity
#         unit: !astropy.units.Unit {unit: mas / yr}
#         value: !astropy.table.SerializedColumn {name: SkyCoord.pm_dec}
#       pm_ra_cosdec: !astropy.table.SerializedColumn
#         __class__: astropy.units.quantity.Quantity
#         unit: !astropy.units.Unit {unit: mas / yr}
#         value: !astropy.table.SerializedColumn {name: SkyCoord.pm_ra_cosdec}
#       ra: !astropy.table.SerializedColumn
#         __class__: astropy.coordinates.angles.Longitude
#         unit: *id001
#         value: !astropy.table.SerializedColumn {name: SkyCoord.ra}
#         wrap_angle: !astropy.coordinates.Angle
#           unit: *id001
#           value: 360.0
#       representation_type: spherical
# schema: astropy-2.0
RA_ICRS_1 DE_ICRS_1 e_RA_ICRS e_DE_ICRS _r_1 HIP TYC2 Source rgeo Plx e_Plx pmRA pmDE e_pmRA e_pmDE RUWE Teff logg Gmag BP-RP BPmag RPmag RV e_RV b_rgeo B_rgeo FG e_FG FBP e_FBP FRP e_FRP RAVE5 RAVE6 e_Gmag e_BPmag e_RPmag e_BP-RP SkyCoord.ra SkyCoord.dec SkyCoord.distance SkyCoord.pm_ra_cosdec SkyCoord.pm_dec rmRA rmDE e_rmRA e_rmDE rRV e_rRV v_pec v_pec3d e_vpec e_vpec3d
[from data line 1183]
134.18133511276 -42.97984182276 0.0703 0.0778 13.4037 "" "" 5332107550440511104 749.653076 1.3152 0.0858 -8.709 10.064 0.093 0.093 2.901 4435.6 4.4505 15.89722 1.409138 16.51568 15.106543 "" "" 697.607971 800.508179 8242.49942 7.7889 3381.8 12.066 7186.9 11.277 "" "" 0.0029401423234301054 0.0047740494 0.0041456115 0.008919661 134.18133511276 -42.97984182276 749.653076 -8.709000000000001 10.064 -3.2115353431701656 4.618760456085205 0.24473855 0.24473855 "" "" 19.98960936397254 "" 4.8922279906968 ""
134.3578985026 -43.44102839463 0.0219 0.0252 16.6815 "" "" 5332038075049620224 997.626587 0.9622 0.0292 -10.359 7.487 0.027 0.03 1.001 7667.8 4.2624 15.898759 2.103814 16.97899 14.875176 "" "" 969.089844 1025.55029 8230.81872 4.0669 2207.1 8.6871 8893.8 14.497 "" "" 0.002807060481523648 0.005103655 0.0041732225 0.009276878 134.3578985026 -43.44102839463 997.626587 -10.359000000000002 7.486999999999996 -4.861535343170166 2.041760456085205 0.17873855 0.18173856 "" "" 24.934153012423383 "" 4.4679899373115095 ""
135.08328280565 -42.80330737119 0.2577 0.2697 38.5186 "" "" 5332151084227270272 800.352844 1.4933 0.3121 1.219 -2.819 0.34 0.331 9.509 "" "" 15.903518 1.976625 16.475557 14.498932 1.89 6.93 623.065369 1093.30261 8194.82465 38.518 3509.1 314.49 12577.0 410.69 "" "" 0.005799580731702947 0.09734505 0.035654556 0.1329996 135.08328280565 -42.80330737119 800.352844 1.219000000000001 -2.8190000000000004 6.716464656829834 -8.264239543914794 0.49173856 0.48273855 -12.452105263157895 11.357317 40.400127738735 42.27558688878097 19.64813610087829 19.072161796843467
134.20547786761 -43.60774003738 0.0239 0.0256 27.4837 "" "" 5332012133447252096 939.690613 1.0201 0.0304 -8.133 10.023 0.032 0.032 0.982 7978.0 3.9723 15.904223 2.53414 17.290344 14.756205 "" "" 915.418396 967.25824 8189.49894 3.4793 1656.8 7.9498 9923.8 12.027 "" "" 0.0027936647921176254 0.005909799 0.0040018954 0.009911695 134.20547786761 -43.60774003738 939.690613 -8.133 10.023 -2.635535343170165 4.577760456085205 0.18373856 0.18373856 "" "" 23.527750698358943 "" 4.322955021226483 ""
134.36490421096 -42.89595874203 0.0227 0.0259 16.0272 "" "" 5332114628546564352 804.126038 1.2046 0.0294 -15.488 21.599 0.029 0.031 0.959 4891.6 4.6063 15.904517 1.17891 16.420101 15.241191 "" "" 786.303406 823.576477 8187.2838 2.733 3693.0 10.889 6348.7 12.79 "" "" 0.002779054672701212 0.0042466084 0.0043666973 0.008613305 134.36490421096 -42.89595874203 804.126038 -15.488000000000001 21.599 -9.990535343170166 16.153760456085205 0.18073855 0.18273856 "" "" 72.3949895513243 "" 13.189455569598026 ""
134.08416805523 -43.71417248074 0.025 0.0268 35.1325 "" "" 5332005188482073344 969.724915 0.992 0.0318 -0.632 -1.668 0.035 0.032 1.059 5456.1 3.8317 15.907707 1.891213 16.83866 14.947446 "" "" 942.346863 995.233215 8163.26331 3.2203 2511.6 10.056 8321.1 11.292 "" "" 0.0027884113184351547 0.0051654894 0.0040564234 0.009221913 134.08416805523 -43.71417248074 969.724915 -0.632 -1.668 4.865464656829834 -7.113239543914795 0.18673855 0.18373856 "" "" 39.61286981347089 "" 7.316499126272113 ""
134.73747447164 -42.50883429819 0.0228 0.0264 42.6811 "" "" 5332208430633729280 907.52063 1.0653 0.0296 -3.555 -6.223 0.033 0.035 1.008 4875.9 4.3104 15.909845 1.457776 16.573404 15.115628 "" "" 883.509277 934.796143 8147.20175 2.6644 3206.7 15.71 7127.0 10.424 "" "" 0.0027781045457342 0.0060065296 0.0040994496 0.010105979 134.73747447164 -42.50883429819 907.52063 -3.5550000000000015 -6.223000000000001 1.9424646568298338 -11.668239543914794 0.18473855 0.18673855 "" "" 50.883417439964525 "" 9.499165635822123 ""
133.44736212265 -42.74727897129 0.0229 0.0254 47.071 "" "" 5524260706475172352 856.906799 1.1291 0.0295 -3.773 8.118 0.03 0.031 1.02 5009.8 4.4418 15.914901 1.339847 16.513588 15.173741 "" "" 836.481018 878.988525 8109.35403 2.6387 3388.3 10.924 6755.6 11.905 "" "" 0.002777877129106949 0.004476406 0.0042361016 0.008712508 133.44736212265 -42.74727897129 856.906799 -3.773 8.118 1.7244646568298339 2.6727604560852054 0.18173856 0.18273856 "" "" 12.919537475040945 "" 2.3571075891056896 ""
134.09666218981 -43.66705535433 0.0245 0.0253 32.2923 "" "" 5332006429730725120 793.240662 1.2227 0.0305 -2.042 2.853 0.032 0.028 0.946 4698.1 4.5716 15.914929 1.278527 16.481009 15.202481 "" "" 775.076111 814.132935 8109.1424 2.9291 3491.5 12.088 6579.1 13.729 "" "" 0.0027830905922969283 0.004681321 0.0044064713 0.009087792 134.09666218981 -43.66705535433 793.240662 -2.042 2.853 3.455464656829834 -2.5922395439147947 0.18373856 0.17973855 "" "" 16.241960612092115 "" 2.9610428104696993 ""
135.49770651044 -43.05739994534 0.0221 0.0263 50.3912 "" "" 5331964888810670976 1008.88916 0.9526 0.0314 -7.861 7.518 0.029 0.032 1.019 5375.5 4.2266 15.915424 1.776901 16.774553 14.997652 "" "" 981.65387 1040.44434 8105.44603 3.0149 2664.4 10.335 7945.1 8.765 "" "" 0.0027847593053432554 0.0050518974 0.003964644 0.009016542 135.49770651044 -43.05739994534 1008.88916 -7.8610000000000015 7.518 -2.363535343170166 2.072760456085205 0.18073855 0.18373856 "" "" 15.033433480320948 "" 2.736819098085717 ""
133.48319432692 -43.57741477727 0.0257 0.0269 45.4836 "" "" 5331695645898339712 788.801514 1.2376 0.0318 -2.79 3.983 0.035 0.039 0.996 "" "" 15.916248 1.57097 16.65257 15.081601 "" "" 771.03125 811.72345 8099.2963 3.1719 2981.2 9.6892 7353.9 11.08 "" "" 0.002787936000087162 0.004498571 0.0041182237 0.008616795 133.48319432692 -43.57741477727 788.801514 -2.789999999999999 3.982999999999999 2.707464656829834 -1.4622395439147948 0.18673855 0.19073856 "" "" 11.505006898300985 "" 2.1589061616659007 ""
133.2304699739 -43.28347809207 0.0239 0.029 49.7551 "" "" 5523868288201988992 742.161621 1.3193 0.0311 -5.137 -19.438 0.03 0.038 1.03 4701.1 4.5431 15.91909 1.246179 16.468386 15.222207 "" "" 724.990601 759.719666 8078.1274 2.5742 3532.3 12.685 6460.6 8.207 "" "" 0.0027769577325954626 0.004794531 0.004023182 0.008817714 133.2304699739 -43.28347809207 742.161621 -5.137000000000007 -19.438000000000024 0.3604646568298344 -24.883239543914794 0.18173856 0.18973856 "" "" 87.54459100031785 "" 16.610440504224087 ""
134.93887130397 -42.78279600911 0.0241 0.0274 34.2673 "" "" 5332153042735881984 877.514465 1.1071 0.0314 -5.123 6.576 0.031 0.037 1.004 5017.8 4.5802 15.923958 1.30825 16.5061 15.197849 "" "" 849.431702 904.705994 8041.99441 3.8047 3411.7 10.565 6607.2 10.46 "" "" 0.0028027918809472767 0.0043691425 0.0041518887 0.008521032 134.93887130397 -42.78279600911 877.514465 -5.122999999999999 6.575999999999999 0.37446465682983376 1.1307604560852047 0.18273856 0.18873855 "" "" 4.954499568887943 "" 0.9322093946388634 ""
134.17376351506 -43.57218665829 0.0232 0.0268 25.811 "" "" 5332013026800447616 855.514526 1.1341 0.0298 -0.866 1.886 0.029 0.031 0.995 5087.4 4.5788 15.926517 1.321223 16.517422 15.196198 "" "" 835.564392 878.326843 8023.05981 3.0362 3376.4 10.171 6617.3 9.9627 "" "" 0.002785787411779626 0.004299093 0.0041177366 0.00841683 134.17376351506 -43.57218665829 855.514526 -0.866 1.886 4.631464656829834 -3.559239543914795 0.18073855 0.18273856 "" "" 23.68654160059139 "" 4.298721764629138 ""
134.31206495663 -42.90584066263 0.0238 0.0287 15.552 "" "" 5332113288516777344 769.244751 1.2772 0.0324 -12.942 16.169 0.031 0.037 0.993 4809.8 4.6206 15.933699 1.214317 16.469707 15.25539 "" "" 747.409546 788.307434 7970.16301 2.7485 3528.0 9.413 6266.2 9.7769 "" "" 0.0027806430448251668 0.004022027 0.0041416744 0.008163702 134.31206495663 -42.90584066263 769.244751 -12.942 16.169 -7.444535343170166 10.723760456085206 0.18273856 0.18873855 "" "" 47.59960492903463 "" 8.892010075856062 ""
133.74933132945 -43.61997286412 0.0242 0.0278 38.1095 "" "" 5332056629308549504 773.332825 1.2525 0.0312 5.823 -15.326 0.033 0.038 0.999 4777.7 4.6154 15.934995 1.276671 16.480083 15.203412 "" "" 758.478027 792.529541 7960.65385 2.952 3494.5 10.409 6573.5 16.938 "" "" 0.002784580701808269 0.0042713233 0.004702174 0.008973498 133.74933132945 -43.61997286412 773.332825 5.8229999999999995 -15.326000000000011 11.320464656829834 -20.771239543914795 0.18473855 0.18973856 "" "" 86.71267746288106 "" 16.354462820719423 ""
133.24950369887 -42.86173334228 0.0249 0.0298 51.8172 "" "" 5524299331120172288 811.61554 1.1921 0.0327 -20.836 -9.878 0.034 0.035 1.032 4652.1 4.4155 15.935334 1.235998 16.4746 15.238602 "" "" 790.252136 828.973328 7958.16859 2.9436 3512.2 12.84 6363.8 11.315 "" "" 0.002784433367907925 0.0048518153 0.0042438693 0.009095685 133.24950369887 -42.86173334228 811.61554 -20.836000000000002 -9.878000000000004 -15.338535343170165 -15.323239543914795 0.18573856 0.18673855 "" "" 83.40864049955769 "" 15.533919228955149 ""
134.78266463586 -43.76926563973 0.101 0.0987 40.8378 "" "" 5331827552931184384 764.462402 1.3548 0.1203 -1.421 -3.656 0.143 0.124 4.101 4299.0 4.4635 15.936459 1.446001 16.54173 15.09573 "" "" 702.143494 858.291382 7949.92868 11.503 3301.6 13.725 7258.8 14.772 "" "" 0.0031717164376861458 0.0053062807 0.0043778676 0.009684148 134.78266463586 -43.76926563973 764.462402 -1.4209999999999998 -3.6559999999999997 4.076464656829834 -9.101239543914796 0.29473856 0.27573854 "" "" 36.135755557482575 "" 10.081998247050448 ""
133.28269673071 -42.79843331879 0.0223 0.028 51.9588 "" "" 5524301805021302400 744.054138 1.3159 0.0296 -14.262 9.937 0.03 0.033 0.994 4477.6 4.4161 15.939578 1.400808 16.576975 15.176167 "" "" 723.505188 760.213684 7927.12391 9.6671 3196.1 19.135 6740.5 27.381 "" "" 0.0030569432016764975 0.0070738075 0.0058082417 0.012882049 133.28269673071 -42.79843331879 744.054138 -14.262 9.936999999999998 -8.764535343170166 4.4917604560852045 0.18173856 0.18473855 "" "" 34.73386050152324 "" 6.334298168160638 ""
134.90216103786 -42.44606249411 0.0232 0.0264 49.2704 "" "" 5332231589097365632 831.222351 1.1682 0.0311 -6.274 -3.203 0.03 0.035 1.011 4944.5 4.6609 15.940008 1.198574 16.460978 15.262403 "" "" 809.594604 853.844604 7923.98235 2.683 3556.5 12.159 6225.8 11.539 "" "" 0.0027797365578203837 0.0046436456 0.0042817243 0.00892537 134.90216103786 -42.44606249411 831.222351 -6.274000000000002 -3.2030000000000007 -0.776535343170166 -8.648239543914794 0.18173856 0.18673855 "" "" 34.211095679301685 "" 6.387180502023393 ""
134.06853951058 -43.95501930359 0.0255 0.0283 49.1414 "" "" 5331998389552127360 1034.7937 0.9238 0.0331 3.67 -16.426 0.032 0.035 0.973 7098.8 4.0298 15.940228 2.395185 17.214392 14.819207 "" "" 1003.42969 1072.74219 7922.3734 4.1226 1776.9 13.324 9364.3 11.193 "" "" 0.00281265040468933 0.008606188 0.0039959876 0.012602176 134.06853951058 -43.95501930359 1034.7937 3.67 -16.426000000000013 9.167464656829834 -21.871239543914793 0.18373856 0.18673855 "" "" 116.31943246319588 "" 21.669532235879803 ""
134.53162402131 -43.20305031551 0.0242 0.0272 8.0335 "" "" 5332047730135993728 924.126221 1.0434 0.0318 -5.491 5.219 0.034 0.035 1.064 "" "" 15.942142 2.106384 17.016724 14.910339 "" "" 901.854309 952.803101 7908.41745 5.5861 2131.7 12.358 8610.4 20.114 "" "" 0.0028600590480950326 0.006884989 0.004551539 0.011436528 134.53162402131 -43.20305031551 924.126221 -5.490999999999994 5.218999999999998 0.0064646568298343254 -0.22623954391479462 0.18573856 0.18673855 "" "" 0.9914147564297675 "" 0.18513454807035015 ""
133.62678790778 -42.48128084387 0.0258 0.0264 52.0004 "" "" 5524334446772483968 878.589233 1.1016 0.0329 -6.688 -0.596 0.033 0.033 1.002 4935.7 4.5004 15.944582 1.304063 16.51842 15.214356 "" "" 854.558655 902.41925 7890.67439 4.9604 3373.3 12.052 6507.5 18.997 "" "" 0.002838599595759853 0.0047783144 0.0049325107 0.009710825 133.62678790778 -42.48128084387 878.589233 -6.688000000000001 -0.595999999999999 -1.1905353431701657 -6.041239543914795 0.18473855 0.18473855 "" "" 25.642698897213705 "" 4.737194925425995 ""
135.34228968424 -42.91568461798 0.0371 0.0378 45.7094 "" "" 5332157646940757376 1010.19897 0.9614 0.0468 -4.6 7.117 0.05 0.046 1.62 5559.6 3.8972 15.94499 1.637279 16.694256 15.056976 "" "" 958.236633 1064.77808 7887.70434 6.314 2868.9 12.012 7522.6 9.9119 "" "" 0.0028891441293752112 0.005333917 0.004041076 0.009374993 135.34228968424 -42.91568461798 1010.19897 -4.6 7.117 0.8974646568298343 1.671760456085205 0.20173855 0.19773856 "" "" 9.08552724258207 "" 1.8047530498230289 ""
135.03379137161 -42.92969140492 0.0247 0.027 32.8354 "" "" 5332148232372526976 914.406311 1.0581 0.0315 6.776 -6.683 0.031 0.035 1.072 5381.4 4.2186 15.946244 1.809887 16.826658 15.016771 "" "" 888.95166 938.915405 7878.60153 2.9832 2539.5 9.2259 7806.4 10.554 "" "" 0.002785821323453042 0.004831523 0.0040544295 0.008885953 135.03379137161 -42.92969140492 914.406311 6.775999999999998 -6.682999999999999 12.273464656829834 -12.128239543914795 0.18273856 0.18673855 "" "" 74.78773973897286 "" 13.815208213440956 ""
134.58897458498 -43.96432996066 0.3372 0.3474 49.1311 "" "" 5331801233372263808 846.697693 1.8838 0.4218 -4.593 5.352 0.405 0.443 17.915 "" "" 15.949331 2.109495 16.579084 14.469589 "" "" 521.194275 1281.27026 7856.22876 13.522 3189.9 10.444 12922.0 15.435 "" "" 0.003329266399726104 0.0045190253 0.003995702 0.0085147275 134.58897458498 -43.96432996066 846.697693 -4.593 5.351999999999999 0.904464656829834 -0.09323954391479461 0.55673856 0.59473854 "" "" 3.6491675225654263 "" 2.0331396126602135 ""
134.52862553674 -43.14333244956 0.0243 0.0279 7.6301 "" "" 5332048486050224896 896.39032 1.0847 0.0322 -5.45 5.355 0.034 0.038 0.969 "" "" 15.958693 1.819829 16.833794 15.013965 "" "" 871.972778 922.657043 7788.78537 106.67 2522.9 115.99 7826.6 295.7 "" "" 0.015122642671890672 0.049994502 0.041194383 0.091188885 134.52862553674 -43.14333244956 896.39032 -5.450000000000001 5.355 0.04746465682983381 -0.0902395439147945 0.18573856 0.18973856 "" "" 0.4332215730271626 "" 0.08182642399844313 ""
134.4539894913 -43.21454711509 0.0264 0.0275 5.2713 "" "" 5332042022123062144 845.175842 1.1605 0.0323 -4.812 5.399 0.036 0.032 1.098 6064.0 4.5479 15.959843 1.205067 16.444548 15.239481 "" "" 820.831421 867.335754 7780.54008 130.06 3610.8 181.47 6358.7 309.47 "" "" 0.018357192051122476 0.054637738 0.052976407 0.107614145 134.4539894913 -43.21454711509 845.175842 -4.812000000000003 5.3990000000000045 0.6854646568298337 -0.0462395439147949 0.18773855 0.18373856 "" "" 2.7523037754629702 "" 0.5166641861182699 ""
133.20750547359 -43.02578316491 0.0249 0.0259 51.0062 "" "" 5523875950423584896 755.314941 1.2923 0.0305 -21.469 32.525 0.035 0.032 0.967 4358.5 4.4504 15.964674 1.430824 16.613539 15.182714 "" "" 739.297913 770.968506 7745.99413 2.9616 3090.3 10.897 6700.0 11.987 "" "" 0.0027864159664460447 0.0047373613 0.004249355 0.008986716 133.20750547359 -43.02578316491 755.314941 -21.469 32.525 -15.971535343170167 27.079760456085204 0.18673855 0.18373856 "" "" 112.55726338340425 "" 20.768782082439348 ""
133.95928285012 -42.49436380537 0.0654 0.0482 43.759 "" "" 5524290397589794688 1030.03906 0.9431 0.0625 -14.177 12.296 0.095 0.063 1.505 "" "" 15.965304 "" "" "" "" "" 972.395996 1107.41248 7741.49966 10.543 "" "" "" "" "" "" 0.003127007419880962 "" "" "" 133.95928285012 -42.49436380537 1030.03906 -14.177 12.296 -8.679535343170166 6.8507604560852045 0.24673855 0.21473855 "" "" 53.98674111669514 "" 12.685324256562652 ""
133.81529293993 -43.05279426183 0.0228 0.0255 24.6081 "" "" 5524239201578406400 842.510437 1.1557 0.0289 -1.644 -5.28 0.03 0.031 1.014 4692.3 4.4987 15.96566 1.231798 16.507202 15.275404 "" "" 819.177124 859.908386 7738.95997 2.6364 3408.3 10.318 6151.7 13.629 "" "" 0.0027800351943508884 0.0043114424 0.0044799363 0.008791379 133.81529293993 -43.05279426183 842.510437 -1.643999999999999 -5.279999999999997 3.853464656829834 -10.725239543914796 0.18173856 0.18273856 "" "" 45.511871326864345 "" 8.311582942906206 ""
