Clusters/BH_56/BH_56_stars_in_region.tsv
# %ECSV 1.0
# ---
# datatype:
# - name: RA_ICRS_1
#   unit: deg
#   datatype: float64
#   format: '{:15.11f}'
#   description: Right ascension (ICRS) at Ep=2016.0 (ra)
#   meta: !!omap
#   - {ucd: POS_EQ_RA_MAIN}
#   - {width: 15}
#   - {precision: '11'}
# - name: DE_ICRS_1
#   unit: deg
#   datatype: float64
#   format: '{:15.11f}'
#   description: Declination (ICRS) at Ep=2016.0 (dec)
#   meta: !!omap
#   - {ucd: POS_EQ_DEC_MAIN}
#   - {width: 15}
#   - {precision: '11'}
# - name: e_RA_ICRS
#   unit: mas
#   datatype: float64
#   format: '{:7.4f}'
#   description: Standard error of right ascension (ra_error)
#   meta: !!omap
#   - {ucd: ERROR}
#   - {width: 7}
#   - {precision: '4'}
# - name: e_DE_ICRS
#   unit: mas
#   datatype: float64
#   format: '{:7.4f}'
#   description: Standard error of declination (dec_error)
#   meta: !!omap
#   - {ucd: ERROR}
#   - {width: 7}
#   - {precision: '4'}
# - name: _r_1
#   unit: ''
#   datatype: float64
#   format: '{:7.4f}'
#   description: Distance from center (134.35640829000-43.16300572000)[ICRS], at Epoch=J2016.0
#   meta: !!omap
#   - {ucd: POS_ANG_DIST_GENERAL}
#   - {width: 7}
#   - {precision: '4'}
# - name: HIP
#   datatype: int32
#   description: '? HIP cross-id number, van Leeuwen, Cat. I/311 (hip_original_ext_source_id)'
#   meta: !!omap
#   - {ucd: ID_NUMBER}
#   - {width: 6}
#   - values: {'null': -2147483648}
# - name: TYC2
#   datatype: string
#   description: Tycho-2 cross-id name, Hog et al., Cat. I/259 (tyc2_original_ext_source_id)
#   meta: !!omap
#   - {ucd: ID_CROSSID}
#   - {_votable_string_dtype: char}
# - name: Source
#   datatype: int64
#   description: Source identifier, identical to the Gaia-EDR3 source_id (id)
#   meta: !!omap
#   - {ucd: ID_MAIN}
#   - {width: 19}
# - name: rgeo
#   unit: pc
#   datatype: float64
#   format: '{:15.8f}'
#   description: '? Median of the geometric distance posterior (r_med_geo)'
#   meta: !!omap
#   - {ucd: PHYS_DISTANCE_TRUE}
#   - {width: 15}
#   - {precision: '8'}
#   - values: {'null': .nan}
# - name: Plx
#   unit: mas
#   datatype: float64
#   format: '{:9.4f}'
#   description: '? Parallax (parallax)'
#   meta: !!omap
#   - {ucd: POS_PARLX_TRIG}
#   - {width: 9}
#   - {precision: '4'}
#   - values: {'null': .nan}
# - name: e_Plx
#   unit: mas
#   datatype: float32
#   format: '{:7.4f}'
#   description: '? Standard error of parallax (parallax_error)'
#   meta: !!omap
#   - {ucd: ERROR}
#   - {width: 7}
#   - {precision: '4'}
#   - values: {'null': .nan}
# - name: pmRA
#   unit: mas / yr
#   datatype: float64
#   format: '{:9.3f}'
#   description: '? Proper motion in right ascension direction, pmRA*cosDE (pmra)'
#   meta: !!omap
#   - {ucd: POS_EQ_PMRA}
#   - {width: 9}
#   - {precision: '3'}
#   - values: {'null': .nan}
# - name: pmDE
#   unit: mas / yr
#   datatype: float64
#   format: '{:9.3f}'
#   description: '? Proper motion in declination direction (pmdec)'
#   meta: !!omap
#   - {ucd: POS_EQ_PMDEC}
#   - {width: 9}
#   - {precision: '3'}
#   - values: {'null': .nan}
# - name: e_pmRA
#   unit: mas / yr
#   datatype: float32
#   format: '{:6.3f}'
#   description: '? Standard error of proper motion in right ascension direction (pmra_error)'
#   meta: !!omap
#   - {ucd: ERROR}
#   - {width: 6}
#   - {precision: '3'}
#   - values: {'null': .nan}
# - name: e_pmDE
[...]
#         value: !astropy.table.SerializedColumn {name: SkyCoord.dec}
#       distance: !astropy.table.SerializedColumn
#         __class__: astropy.coordinates.distances.Distance
#         unit: !astropy.units.Unit {unit: pc}
#         value: !astropy.table.SerializedColumn {name: SkyCoord.distance}
#       frame: icrs
#       obstime: !astropy.time.Time {format: jyear_str, in_subfmt: '*', jd1: 367701545.0, jd2: 0.0, out_subfmt: '*', precision: 3, scale: tt}
#       pm_dec: !astropy.table.SerializedColumn
#         __class__: astropy.units.quantity.Quantity
#         unit: !astropy.units.Unit {unit: mas / yr}
#         value: !astropy.table.SerializedColumn {name: SkyCoord.pm_dec}
#       pm_ra_cosdec: !astropy.table.SerializedColumn
#         __class__: astropy.units.quantity.Quantity
#         unit: !astropy.units.Unit {unit: mas / yr}
#         value: !astropy.table.SerializedColumn {name: SkyCoord.pm_ra_cosdec}
#       ra: !astropy.table.SerializedColumn
#         __class__: astropy.coordinates.angles.Longitude
#         unit: *id001
#         value: !astropy.table.SerializedColumn {name: SkyCoord.ra}
#         wrap_angle: !astropy.coordinates.Angle
#           unit: *id001
#           value: 360.0
#       representation_type: spherical
# schema: astropy-2.0
RA_ICRS_1 DE_ICRS_1 e_RA_ICRS e_DE_ICRS _r_1 HIP TYC2 Source rgeo Plx e_Plx pmRA pmDE e_pmRA e_pmDE RUWE Teff logg Gmag BP-RP BPmag RPmag RV e_RV b_rgeo B_rgeo FG e_FG FBP e_FBP FRP e_FRP RAVE5 RAVE6 e_Gmag e_BPmag e_RPmag e_BP-RP SkyCoord.ra SkyCoord.dec SkyCoord.distance SkyCoord.pm_ra_cosdec SkyCoord.pm_dec rmRA rmDE e_rmRA e_rmDE rRV e_rRV v_pec v_pec3d e_vpec e_vpec3d
[from data line 1120]
133.79823210615 -42.68023137713 0.0208 0.0232 37.9539 "" "" 5524281670214883456 795.230103 1.2232 0.0271 -6.621 7.158 0.029 0.03 0.989 4813.0 4.5538 15.78574 1.203045 16.312828 15.109783 "" "" 778.187988 813.100098 9133.78442 4.61 4076.5 11.583 7165.5 11.255 "" "" 0.0028092854954472877 0.004159615 0.004146333 0.008305948 133.79823210615 -42.68023137713 795.230103 -6.621 7.1579999999999995 -1.1235353431701665 1.7127604560852054 0.18073855 0.18173856 "" "" 7.721162368727809 "" 1.4009144521659913 ""
134.75902838569 -43.72147171787 0.0244 0.0236 37.8209 "" "" 5331829923753131648 851.113464 1.1439 0.0295 -15.831 11.074 0.035 0.029 0.96 4790.8 4.4651 15.786682 1.184991 16.29784 15.112849 "" "" 831.938721 872.922913 9125.86382 3.6854 4133.1 11.262 7145.3 13.835 "" "" 0.002789989419136811 0.004066628 0.004324714 0.008391342 134.75902838569 -43.72147171787 851.113464 -15.831 11.073999999999998 -10.333535343170166 5.628760456085205 0.18673855 0.18073855 "" "" 47.47179416371329 "" 8.80045371114392 ""
134.86005232341 -42.6002408986 0.0208 0.0246 40.3786 "" "" 5332204101307066368 893.161377 1.0874 0.0286 -8.678 18.166 0.03 0.033 0.979 5521.7 4.626 15.790068 1.179766 16.296059 15.116293 "" "" 873.075867 912.970825 9097.44998 3.3059 4139.9 9.9084 7122.6 10.405 "" "" 0.0027834247938475147 0.003812837 0.004098708 0.007911544 134.86005232341 -42.6002408986 893.161377 -8.678 18.166 -3.180535343170167 12.720760456085205 0.18173856 0.18473855 "" "" 55.51221973251543 "" 10.245523493328117 ""
133.54097681746 -43.75244074619 0.0224 0.0256 50.1197 "" "" 5331690423218129152 756.287964 1.288 0.0293 -4.704 9.448 0.029 0.036 0.974 4741.8 4.5262 15.791718 1.221913 16.330357 15.108443 "" "" 737.517334 776.926941 9083.63312 2.9634 4011.2 11.597 7174.3 12.519 "" "" 0.0027779940160675798 0.0041998294 0.004227669 0.008427499 133.54097681746 -43.75244074619 756.287964 -4.7040000000000015 9.44800000000001 0.7934646568298342 4.0027604560852055 0.18073855 0.18773855 "" "" 14.628322460490027 "" 2.7424980400016397 ""
133.73491239649 -42.97773374007 0.0212 0.0232 29.4215 "" "" 5524243359106748416 891.103577 1.0857 0.0266 -2.437 -2.161 0.029 0.029 0.963 5272.4 4.505 15.79449 1.358974 16.403156 15.044182 "" "" 870.463135 909.717529 9060.47305 2.6905 3751.1 10.002 7611.8 9.6966 "" "" 0.0027741190700515668 0.0040207244 0.0040245145 0.008045239 133.73491239649 -42.97773374007 891.103577 -2.4369999999999994 -2.1610000000000005 3.060464656829834 -7.6062395439147945 0.18073855 0.18073855 "" "" 34.630603458652644 "" 6.25908517265242 ""
135.08254501543 -42.80322527937 0.0257 0.027 38.4945 "" "" 5332151084227270400 969.303406 1.0055 0.0314 4.319 -1.21 0.032 0.034 1.005 5597.3 3.9149 15.795574 2.027378 16.692865 14.665487 "" "" 935.016479 996.995605 9051.42699 4.7423 2872.6 51.155 10789.0 215.5 "" "" 0.0028134280725709937 0.019534977 0.022013403 0.04154838 135.08254501543 -42.80322527937 969.303406 4.319 -1.21 9.816464656829833 -6.655239543914795 0.18373856 0.18573856 "" "" 54.48989411974476 "" 10.046339896235084 ""
133.75590280405 -42.56687648373 0.0219 0.0232 44.4604 "" "" 5524287373930906624 1000.96423 0.9658 0.0281 -2.996 6.339 0.029 0.03 1.037 7103.7 4.3187 15.79625 1.555461 16.511538 14.956077 "" "" 974.543091 1025.75562 9045.78953 2.9602 3394.7 15.063 8255.2 13.857 "" "" 0.002778134198969139 0.0055672885 0.0041958564 0.009763145 133.75590280405 -42.56687648373 1000.96423 -2.9960000000000027 6.339000000000003 2.501464656829834 0.8937604560852055 0.18073855 0.18173856 "" "" 12.603184220153606 "" 2.279311561159855 ""
133.85021719879 -42.80880371985 0.0235 0.0266 30.745 "" "" 5524268372997530880 962.33313 1.0041 0.0306 -7.646 4.591 0.03 0.033 1.006 "" "" 15.79758 1.539811 16.505783 14.965972 "" "" 938.111572 988.305603 9034.72178 4.3482 3412.7 9.1251 8180.3 17.57 "" "" 0.002804431635073012 0.0040265503 0.004440936 0.008467486 133.85021719879 -42.80880371985 962.33313 -7.6459999999999955 4.591000000000001 -2.148535343170166 -0.8542395439147947 0.18173856 0.18473855 "" "" 10.546670678512514 "" 1.9210862883594138 ""
134.17255723285 -42.52684660517 0.024 0.0241 39.017 "" "" 5524279161953812608 949.987488 1.0225 0.0302 -2.579 7.392 0.035 0.031 0.998 5801.9 4.4262 15.798557 1.514 16.48806 14.97406 "" "" 923.449524 971.416016 9026.589 3.4522 3468.9 12.568 8119.6 11.369 "" "" 0.002786433488414757 0.0048227445 0.0040736785 0.0088964235 134.17255723285 -42.52684660517 949.987488 -2.5790000000000015 7.392000000000003 2.918464656829834 1.9467604560852054 0.18673855 0.18273856 "" "" 15.797117055736344 "" 2.930617890891455 ""
134.48499474392 -43.229555348 0.0213 0.0245 6.8977 "" "" 5332047622760407808 861.778198 1.125 0.0287 -5.672 5.44 0.03 0.033 0.988 4823.5 4.3112 15.799942 1.466865 16.469048 15.002183 "" "" 843.638184 885.070801 9015.08673 20.703 3530.2 32.412 7912.0 58.749 "" "" 0.003716007262995271 0.010351642 0.008903835 0.019255478 134.48499474392 -43.229555348 861.778198 -5.671999999999999 5.440000000000003 -0.17453534317016572 -0.005239543914794531 0.18173856 0.18473855 "" "" 0.7132681525394987 "" 0.12963026621037219 ""
133.51607048133 -43.26227765509 0.0253 0.0274 37.2266 "" "" 5524229890089470592 822.123413 1.1846 0.0299 -21.434 6.865 0.032 0.037 1.042 4911.4 4.5329 15.800146 1.2269 16.336103 15.109203 "" "" 799.06604 841.879395 9013.38978 3.0926 3990.0 10.601 7169.3 15.16 "" "" 0.0027803897485583714 0.004013284 0.0044220733 0.008435357 133.51607048133 -43.26227765509 822.123413 -21.434 6.865 -15.936535343170167 1.4197604560852053 0.18373856 0.18873855 "" "" 62.348485283572394 "" 11.458308736335326 ""
134.53648464278 -42.72884355888 0.0213 0.0258 27.2239 "" "" 5332198122712693120 870.194763 1.1122 0.0288 -16.442 13.456 0.029 0.032 0.961 5038.1 4.5285 15.80262 1.147043 16.292048 15.145004 "" "" 849.260254 889.494751 8992.8808 3.0269 4155.3 9.6798 6936.8 13.49 "" "" 0.002779449656006551 0.0037659067 0.0043291883 0.008095095 134.53648464278 -42.72884355888 870.194763 -16.442 13.456000000000007 -10.944535343170166 8.010760456085205 0.18073855 0.18373856 "" "" 55.943645984547125 "" 10.170035733993759 ""
134.58220989533 -42.97839391459 0.0222 0.0252 14.8541 "" "" 5332098067152655232 893.936035 1.0877 0.0287 -13.508 16.462 0.029 0.035 0.975 5260.5 4.4899 15.80319 1.322355 16.390911 15.068556 "" "" 868.32489 915.547729 8988.15733 2.8618 3793.6 12.722 7442.8 11.421 "" "" 0.002776921735892966 0.004587198 0.004130315 0.008717513 134.58220989533 -42.97839391459 893.936035 -13.508000000000004 16.462 -8.010535343170165 11.016760456085205 0.18073855 0.18673855 "" "" 57.716615415388404 "" 10.659421265366035 ""
134.60404017136 -43.36531237513 0.023 0.0253 16.2605 "" "" 5332042404376565888 759.223938 1.2767 0.0298 -2.09 2.22 0.03 0.033 1.1 4850.5 4.6013 15.804918 1.234407 16.348867 15.11446 "" "" 746.583862 774.823059 8973.86647 3.966 3943.4 13.059 7134.7 11.621 "" "" 0.002796790458452968 0.004551144 0.004172665 0.008723808 134.60404017136 -43.36531237513 759.223938 -2.09 2.22 3.407464656829834 -3.2252395439147947 0.18173856 0.18473855 "" "" 16.884480708649345 "" 3.0926005891309325 ""
134.11938797067 -42.31293694805 0.0214 0.0238 52.0626 "" "" 5524387120253341952 715.990234 1.3547 0.029 -0.923 1.245 0.027 0.029 0.967 4664.9 4.5106 15.810535 1.289605 16.386072 15.096467 "" "" 700.917053 730.441101 8927.55675 2.671 3810.6 10.281 7253.9 10.229 "" "" 0.002774402371694389 0.004045484 0.0040777205 0.008123204 134.11938797067 -42.31293694805 715.990234 -0.923 1.245 4.574464656829834 -4.200239543914795 0.17873855 0.18073855 "" "" 21.07645330915638 "" 3.786514934979302 ""
133.68616182165 -43.06695620766 0.047 0.0544 29.9164 "" "" 5524238308225262080 878.396729 1.0942 0.0599 -11.905 14.742 0.065 0.069 2.227 5264.0 4.6412 15.812909 1.266923 16.355782 15.088859 "" "" 840.174866 928.393372 8908.05753 5.325 3918.4 11.415 7304.9 10.019 "" "" 0.002830728136662829 0.0042177318 0.0040621734 0.008279905 133.68616182165 -43.06695620766 878.396729 -11.905000000000005 14.742 -6.407535343170165 9.296760456085206 0.21673855 0.22073856 "" "" 47.01113633697324 "" 10.316985489007719 ""
133.41063621413 -43.68648592456 0.0238 0.0253 51.8171 "" "" 5331689014468866944 730.202515 1.331 0.0309 -12.243 -14.261 0.034 0.037 1.003 4774.6 4.4899 15.812985 1.204894 16.339 15.134107 "" "" 710.920593 748.247498 8907.43354 2.9456 3979.4 9.9124 7006.7 11.41 "" "" 0.002778614888384902 0.0038857842 0.0041724998 0.0080582835 133.41063621413 -43.68648592456 730.202515 -12.242999999999997 -14.261 -6.745535343170166 -19.706239543914794 0.18573856 0.18873855 "" "" 72.09174250791048 "" 13.583969395763821 ""
134.41050589628 -43.4779660646 0.0217 0.0266 19.0446 "" "" 5332034879593948160 747.182495 1.3057 0.029 -17.032 0.45 0.028 0.034 0.991 4814.3 4.5921 15.813061 1.192414 16.333313 15.140899 "" "" 733.012817 769.000244 8906.813 3.2117 4000.3 9.5185 6963.0 10.356 "" "" 0.0027829957439061415 0.0038025344 0.004109905 0.007912439 134.41050589628 -43.4779660646 747.182495 -17.032 0.4500000000000009 -11.534535343170166 -4.995239543914795 0.17973855 0.18573856 "" "" 44.51749516802788 "" 8.04428349678889 ""
133.53525616102 -42.64946538355 0.0214 0.0245 47.4522 "" "" 5524262875437585920 784.870239 1.2454 0.0278 -3.954 5.347 0.029 0.031 1.04 4764.1 4.5545 15.815029 1.264747 16.375103 15.110356 "" "" 765.575684 798.146423 8890.67911 3.1076 3849.2 9.3686 7161.7 16.055 "" "" 0.0027813326741895675 0.0038429531 0.004495334 0.0083382875 133.53525616102 -42.64946538355 784.870239 -3.9540000000000006 5.3469999999999995 1.5434646568298338 -0.0982395439147945 0.18073855 0.18273856 "" "" 5.753747688709094 "" 1.0399707204509936 ""
133.56164380863 -43.13456898574 0.0221 0.0256 34.8323 "" "" 5524234940970963840 728.505737 1.3407 0.0288 3.047 -4.36 0.031 0.035 1.043 4563.0 4.4328 15.815562 1.282832 16.38575 15.102918 "" "" 716.276489 740.117615 8886.31847 3.6843 3811.7 12.806 7210.9 14.945 "" "" 0.0027918496716745327 0.004592468 0.0043985625 0.008991031 133.56164380863 -43.13456898574 728.505737 3.047 -4.36 8.544464656829835 -9.805239543914794 0.18273856 0.18673855 "" "" 44.91052041600007 "" 8.30946586023639 ""
134.34416821792 -43.88833360194 0.0626 0.0786 43.5229 "" "" 5331987875472145792 862.833069 1.1475 0.0787 -1.851 8.025 0.074 0.086 1.632 "" "" 15.816307 1.490264 15.819604 14.32934 "" "" 794.061035 925.073608 8880.22213 12.309 6420.6 169.03 14704.0 375.05 "" "" 0.0031395343875957943 0.028719164 0.027950207 0.05666937 134.34416821792 -43.88833360194 862.833069 -1.8509999999999998 8.025 3.646464656829834 2.5797604560852054 0.22573856 0.23773855 "" "" 18.268248480785743 "" 4.198243379922496 ""
134.7075048504 -42.73303642128 0.0235 0.0277 30.055 "" "" 5332198775547910784 907.886475 1.066 0.0322 -11.631 3.242 0.03 0.039 1.019 5316.3 4.5799 15.818222 1.208476 16.342127 15.133651 "" "" 877.099487 933.909973 8864.57348 3.0658 3968.0 13.092 7009.7 12.4 "" "" 0.0027807894309604514 0.0045406744 0.0042394097 0.008780085 134.7075048504 -42.73303642128 907.886475 -11.630999999999997 3.241999999999999 -6.133535343170166 -2.203239543914795 0.18173856 0.19073856 "" "" 28.046206629524203 "" 5.1265538766145005 ""
133.32583349979 -42.80121393831 0.0219 0.0273 50.1744 "" "" 5524301392704429440 1009.36664 0.9598 0.0299 -5.178 3.959 0.031 0.033 0.939 5917.7 4.3818 15.821523 1.474076 16.495779 15.021703 "" "" 977.082642 1054.51135 8837.67122 3.1366 3444.3 11.921 7771.0 11.471 "" "" 0.0027821353927182796 0.0046804124 0.004105159 0.008785572 133.32583349979 -42.80121393831 1009.36664 -5.178 3.959 0.31946465682983405 -1.4862395439147948 0.18273856 0.18473855 "" "" 7.273174940101391 "" 1.3429966955403057 ""
133.87035194866 -43.59443576937 0.0222 0.0249 33.457 "" "" 5332056216991658240 860.564819 1.1276 0.0276 -4.633 12.374 0.029 0.031 1.033 5042.8 4.5161 15.822007 1.167553 16.324982 15.157429 "" "" 839.115173 879.841125 8833.72343 2.9135 4031.1 10.316 6857.8 10.927 "" "" 0.002778492366303305 0.0039376603 0.0041565066 0.008094167 133.87035194866 -43.59443576937 860.564819 -4.633000000000001 12.374000000000002 0.864464656829834 6.928760456085206 0.18073855 0.18273856 "" "" 28.48207340643675 "" 5.203904585878475 ""
133.4268473547 -43.40266913192 0.0253 0.0278 43.0729 "" "" 5523853169913423488 736.697632 1.3182 0.0318 -7.566 -0.838 0.033 0.041 0.943 4640.6 4.5564 15.82545 1.312862 16.415247 15.102385 "" "" 721.028137 752.533264 8805.75486 3.1842 3709.5 9.5901 7214.5 10.682 "" "" 0.0027831510310232987 0.003957767 0.004107069 0.008064836 133.4268473547 -43.40266913192 736.697632 -7.566000000000001 -0.8380000000000003 -2.068535343170166 -6.283239543914795 0.18473855 0.19273856 "" "" 23.09915207268372 "" 4.434367174406618 ""
134.49801936843 -43.44661011646 0.0207 0.0239 18.1048 "" "" 5332036563221091968 937.131592 1.0444 0.0267 -7.674 7.729 0.026 0.031 1.045 6853.9 4.3238 15.826829 1.887233 16.751202 14.863969 "" "" 916.031921 961.331543 8794.58377 3.1128 2722.3 10.342 8986.1 13.496 "" "" 0.002781990111695132 0.004979783 0.004116153 0.009095936 134.49801936843 -43.44661011646 937.131592 -7.6739999999999995 7.728999999999999 -2.1765353431701664 2.283760456085205 0.17773855 0.18273856 "" "" 14.013707254808981 "" 2.5277360195220533 ""
133.99195894811 -42.89502900353 0.0247 0.0262 22.6724 "" "" 5524263871870420864 935.949036 1.0376 0.0317 -8.097 4.665 0.031 0.031 1.042 4773.5 4.2595 15.827139 1.472226 16.505583 15.033357 "" "" 909.888062 963.55603 8792.06833 11.904 3413.4 28.355 7688.0 54.059 "" "" 0.003122943700472982 0.009440898 0.008518737 0.017959636 133.99195894811 -42.89502900353 935.949036 -8.097 4.665 -2.5995353431701655 -0.7802395439147949 0.18273856 0.18273856 "" "" 12.04084445696886 "" 2.2003265466417283 ""
135.31369703049 -43.21969231853 0.0557 0.0589 42.0136 "" "" 5331941558548432256 985.393738 0.9686 0.0708 -6.736 6.545 0.075 0.076 1.063 6345.8 2.5649 15.828149 4.341048 18.6947 14.353652 40.24 3.74 920.267883 1050.16589 8783.8945 8.1937 454.5 13.55 14378.0 25.064 "" "" 0.0029355617535111486 0.032489065 0.004226813 0.03671588 135.31369703049 -43.21969231853 985.393738 -6.736 6.545 -1.2385353431701658 1.099760456085205 0.22673856 0.22773856 25.897894736842105 8.167317 7.736349816608502 27.02872657535853 1.7575436435907423 7.841764361360862
134.56355015522 -42.38293457969 0.0247 0.0294 47.6851 "" "" 5332224064314690176 1016.81281 0.9469 0.0308 -8.234 5.28 0.032 0.036 1.093 "" "" 15.828264 1.969369 16.811802 14.842433 "" "" 985.141357 1047.80554 8782.96447 3.2895 2574.5 8.7389 9166.1 10.841 "" "" 0.002785165661272097 0.004622493 0.003991581 0.008614074 134.56355015522 -42.38293457969 1016.81281 -8.234000000000002 5.280000000000003 -2.736535343170166 -0.16523954391479467 0.18373856 0.18773855 "" "" 13.21328212135511 "" 2.427983511458034 ""
135.48292590121 -43.3706745 0.0255 0.0245 50.77 "" "" 5331925100233754240 918.71814 1.0586 0.0309 -2.395 -2.608 0.033 0.028 0.933 5580.1 3.9815 15.837561 1.668274 16.627102 14.958828 "" "" 895.51178 942.999512 8708.08142 3.0457 3051.9 11.084 8234.3 11.46 "" "" 0.0027813654191614244 0.0048305276 0.0040702624 0.00890079 135.48292590121 -43.3706745 918.71814 -2.3950000000000005 -2.6079999999999997 3.102464656829834 -8.053239543914795 0.18473855 0.17973855 "" "" 37.58203852423076 "" 6.779518444961914 ""
134.38143034666 -43.9598055922 0.0284 0.0298 47.8204 "" "" 5331984473858054784 796.969299 1.2268 0.0342 -11.697 7.902 0.033 0.036 1.263 4836.2 4.4712 15.840009 1.292758 16.39444 15.101682 "" "" 774.484741 816.226379 8688.47 3.5352 3781.3 14.038 7219.1 21.08 "" "" 0.002790510532221295 0.004902263 0.004933058 0.009835321 134.38143034666 -43.9598055922 796.969299 -11.697 7.902 -6.199535343170165 2.456760456085205 0.18473855 0.18773855 "" "" 25.191443898318084 "" 4.664159891128163 ""
