Clusters/BH_56/BH_56_members.tsv
# %ECSV 1.0
# ---
# datatype:
# - name: RA_ICRS_1
#   unit: deg
#   datatype: float64
#   format: '{:15.11f}'
#   description: Right ascension (ICRS) at Ep=2016.0 (ra)
#   meta: !!omap
#   - {ucd: POS_EQ_RA_MAIN}
#   - {width: 15}
#   - {precision: '11'}
# - name: DE_ICRS_1
#   unit: deg
#   datatype: float64
#   format: '{:15.11f}'
#   description: Declination (ICRS) at Ep=2016.0 (dec)
#   meta: !!omap
#   - {ucd: POS_EQ_DEC_MAIN}
#   - {width: 15}
#   - {precision: '11'}
# - name: e_RA_ICRS
#   unit: mas
#   datatype: float64
#   format: '{:7.4f}'
#   description: Standard error of right ascension (ra_error)
#   meta: !!omap
#   - {ucd: ERROR}
#   - {width: 7}
#   - {precision: '4'}
# - name: e_DE_ICRS
#   unit: mas
#   datatype: float64
#   format: '{:7.4f}'
#   description: Standard error of declination (dec_error)
#   meta: !!omap
#   - {ucd: ERROR}
#   - {width: 7}
#   - {precision: '4'}
# - name: _r_1
#   unit: ''
#   datatype: float64
#   format: '{:7.4f}'
#   description: Distance from center (134.35640829000-43.16300572000)[ICRS], at Epoch=J2016.0
#   meta: !!omap
#   - {ucd: POS_ANG_DIST_GENERAL}
#   - {width: 7}
#   - {precision: '4'}
# - name: HIP
#   datatype: int32
#   description: '? HIP cross-id number, van Leeuwen, Cat. I/311 (hip_original_ext_source_id)'
#   meta: !!omap
#   - {ucd: ID_NUMBER}
#   - {width: 6}
#   - values: {'null': -2147483648}
# - name: TYC2
#   datatype: string
#   description: Tycho-2 cross-id name, Hog et al., Cat. I/259 (tyc2_original_ext_source_id)
#   meta: !!omap
#   - {ucd: ID_CROSSID}
#   - {_votable_string_dtype: char}
# - name: Source
#   datatype: int64
#   description: Source identifier, identical to the Gaia-EDR3 source_id (id)
#   meta: !!omap
#   - {ucd: ID_MAIN}
#   - {width: 19}
# - name: rgeo
#   unit: pc
#   datatype: float64
#   format: '{:15.8f}'
#   description: '? Median of the geometric distance posterior (r_med_geo)'
#   meta: !!omap
#   - {ucd: PHYS_DISTANCE_TRUE}
#   - {width: 15}
#   - {precision: '8'}
#   - values: {'null': .nan}
# - name: Plx
#   unit: mas
#   datatype: float64
#   format: '{:9.4f}'
#   description: '? Parallax (parallax)'
#   meta: !!omap
#   - {ucd: POS_PARLX_TRIG}
#   - {width: 9}
#   - {precision: '4'}
#   - values: {'null': .nan}
# - name: e_Plx
#   unit: mas
#   datatype: float32
#   format: '{:7.4f}'
#   description: '? Standard error of parallax (parallax_error)'
#   meta: !!omap
#   - {ucd: ERROR}
#   - {width: 7}
#   - {precision: '4'}
#   - values: {'null': .nan}
# - name: pmRA
#   unit: mas / yr
#   datatype: float64
#   format: '{:9.3f}'
#   description: '? Proper motion in right ascension direction, pmRA*cosDE (pmra)'
#   meta: !!omap
#   - {ucd: POS_EQ_PMRA}
#   - {width: 9}
#   - {precision: '3'}
#   - values: {'null': .nan}
# - name: pmDE
#   unit: mas / yr
#   datatype: float64
#   format: '{:9.3f}'
#   description: '? Proper motion in declination direction (pmdec)'
#   meta: !!omap
#   - {ucd: POS_EQ_PMDEC}
#   - {width: 9}
#   - {precision: '3'}
#   - values: {'null': .nan}
# - name: e_pmRA
#   unit: mas / yr
#   datatype: float32
#   format: '{:6.3f}'
#   description: '? Standard error of proper motion in right ascension direction (pmra_error)'
#   meta: !!omap
#   - {ucd: ERROR}
#   - {width: 6}
#   - {precision: '3'}
#   - values: {'null': .nan}
# - name: e_pmDE
[...]
#         unit: &id001 !astropy.units.Unit {unit: deg}
#         value: !astropy.table.SerializedColumn {name: SkyCoord.dec}
#       distance: !astropy.table.SerializedColumn
#         __class__: astropy.coordinates.distances.Distance
#         unit: !astropy.units.Unit {unit: pc}
#         value: !astropy.table.SerializedColumn {name: SkyCoord.distance}
#       frame: icrs
#       obstime: !astropy.time.Time {format: jyear_str, in_subfmt: '*', jd1: 367701545.0, jd2: 0.0, out_subfmt: '*', precision: 3, scale: tt}
#       pm_dec: !astropy.table.SerializedColumn
#         __class__: astropy.units.quantity.Quantity
#         unit: !astropy.units.Unit {unit: mas / yr}
#         value: !astropy.table.SerializedColumn {name: SkyCoord.pm_dec}
#       pm_ra_cosdec: !astropy.table.SerializedColumn
#         __class__: astropy.units.quantity.Quantity
#         unit: !astropy.units.Unit {unit: mas / yr}
#         value: !astropy.table.SerializedColumn {name: SkyCoord.pm_ra_cosdec}
#       ra: !astropy.table.SerializedColumn
#         __class__: astropy.coordinates.angles.Longitude
#         unit: *id001
#         value: !astropy.table.SerializedColumn {name: SkyCoord.ra}
#         wrap_angle: !astropy.coordinates.Angle
#           unit: *id001
#           value: 360.0
#       representation_type: spherical
# schema: astropy-2.0
RA_ICRS_1 DE_ICRS_1 e_RA_ICRS e_DE_ICRS _r_1 HIP TYC2 Source rgeo Plx e_Plx pmRA pmDE e_pmRA e_pmDE RUWE Teff logg Gmag BP-RP BPmag RPmag RV e_RV b_rgeo B_rgeo FG e_FG FBP e_FBP FRP e_FRP RAVE5 RAVE6 e_Gmag e_BPmag e_RPmag e_BP-RP SkyCoord.ra SkyCoord.dec SkyCoord.distance SkyCoord.pm_ra_cosdec SkyCoord.pm_dec Pmemb
133.78624667189 -43.46660717404 0.0232 0.0246 30.8443 "" 7688-472-1 5332070987385762304 876.246399 1.1299 0.0294 -5.547 5.467 0.03 0.031 1.529 30162.4 4.0845 8.251668 0.283591 8.266493 7.982902 "" "" 852.621948 901.468384 9424957.6742 22482.0 6742500.0 77854.0 5081600.0 67647.0 "" "" 0.0037814380065199307 0.012843467 0.014939437 0.027782904 133.78624667189 -43.46660717404 876.246399 -5.547 5.467 0.8
134.26650941095 -43.26294790274 0.016 0.0165 7.1702 "" 7688-141-1 5332087999749437056 903.489197 1.0975 0.0201 -5.389 5.46 0.023 0.02 0.909 "" "" 8.958686 0.046927 8.956779 8.909852 "" "" 888.930176 919.758667 4914423.27047 1966.9 3570300.0 4607.1 2163800.0 1890.1 "" "" 0.0027893759371056294 0.0031221677 0.0038965615 0.007018729 134.26650941095 -43.26294790274 903.489197 -5.389 5.460000000000002 0.8
133.78558786366 -43.46628843064 0.0139 0.016 30.8563 "" 7688-472-2 5332070991676680448 858.06134 1.1509 0.0185 -5.463 5.327 0.018 0.023 0.888 "" "" 9.423618 0.175585 9.319344 9.14376 "" "" 845.019104 872.403076 3202575.92307 1842.9 2556700.0 132730.0 1744400.0 130110.0 "" "" 0.00282526788103882 0.056434553 0.081070215 0.13750477 133.78558786366 -43.46628843064 858.06134 -5.462999999999999 5.327 0.8
134.28223871668 -43.24422614006 0.0119 0.0139 5.8541 43956 7688-1667-1 5332088102825886720 844.794495 1.1701 0.0155 -5.586 5.36 0.016 0.016 1.076 11184.0 3.8674 10.053909 0.233793 10.127922 9.894129 "" "" 835.279358 854.861572 1792185.03192 1274.4 1214100.0 2505.0 873990.0 1393.4 "" "" 0.0028614429200713547 0.0035781742 0.0041569266 0.0077351006 134.28223871668 -43.24422614006 844.794495 -5.586 5.36 0.9
134.28066737844 -43.51410952472 0.0109 0.0104 21.3239 "" 7688-550-1 5332014362532004736 878.267151 1.123 0.0134 -5.42 5.789 0.015 0.013 0.952 "" "" 10.630457 0.396413 10.766012 10.369599 "" "" 869.466614 887.776855 1053813.73977 253.13 674550.0 284.09 564050.0 168.18 "" "" 0.0027676352618808283 0.0028273906 0.0037932212 0.006620612 134.28066737844 -43.51410952472 878.267151 -5.420000000000001 5.789 0.9
135.05479260528 -43.45128803835 0.0202 0.0243 35.0564 "" 7689-357-1 5331932453217842560 855.965271 1.1601 0.0264 -5.462 5.525 0.027 0.03 2.027 11678.6 3.9539 10.781834 0.496292 10.957733 10.461441 "" "" 838.521851 874.003662 916670.19358 435.91 565360.0 767.79 518300.0 681.01 "" "" 0.002803277073828998 0.0031558147 0.004039661 0.0071954755 135.05479260528 -43.45128803835 855.965271 -5.462 5.525 0.9
134.43618441709 -43.19817464082 0.0113 0.013 4.0786 "" 7688-93-1 5332089026245033472 912.382141 1.0815 0.0155 -5.293 5.277 0.017 0.016 1.002 10854.3 4.0028 10.81389 0.249962 10.894075 10.644114 16.96 8.56 899.297546 925.628723 890001.40128 205.26 599500.0 284.63 438040.0 167.6 "" "" 0.0027666750089349553 0.0028373883 0.003802144 0.0066395323 134.43618441709 -43.19817464082 912.382141 -5.293 5.277 0.9
134.96209420899 -43.34830968042 0.0123 0.0137 28.7077 "" 7688-145-1 5332122320830299392 872.71167 1.1303 0.015 -5.697 5.343 0.016 0.018 0.837 "" "" 10.874066 0.135065 10.912118 10.777053 "" "" 862.210571 882.896729 842015.46921 244.5 589620.0 523.66 387560.0 298.87 "" "" 0.00277329853870758 0.002952097 0.0038710146 0.0068231113 134.96209420899 -43.34830968042 872.71167 -5.697 5.343 0.8
134.96220582783 -43.34530141492 0.018 0.02 28.6434 "" 7688-1026-1 5332122320830299264 880.476379 1.1089 0.0221 -5.429 5.48 0.025 0.026 1.204 "" "" 11.029239 0.13306 11.067407 10.934346 "" "" 863.383606 897.698242 729879.80462 281.65 511040.0 535.08 335290.0 275.71 "" "" 0.002786992119864396 0.0030128702 0.003883404 0.006896274 134.96220582783 -43.34530141492 880.476379 -5.429000000000001 5.480000000000002 0.8
134.43847848264 -43.19181475927 0.0118 0.0136 3.9853 "" 7688-62-1 5332089030541526144 908.763184 1.0725 0.0159 -5.671 5.737 0.017 0.016 0.944 "" "" 11.119462 0.172195 11.171098 10.998902 3.42 13.45 893.449707 923.488525 671679.40617 184.11 464490.0 205.02 315930.0 93.185 "" "" 0.00277134586501454 0.0028310264 0.0037929253 0.0066239517 134.43847848264 -43.19181475927 908.763184 -5.671000000000001 5.737 1.0
134.27794641306 -43.23088727949 0.0152 0.0166 5.326 "" "" 5332088205907854336 906.121887 1.0747 0.019 -5.493 5.502 0.021 0.021 1.186 "" "" 11.26243 0.346042 11.377977 11.031936 32.12 12.94 889.292297 923.067688 588809.34155 219.74 383910.0 245.41 306470.0 251.92 "" "" 0.002784953922969464 0.002875195 0.0038833297 0.0067585246 134.27794641306 -43.23088727949 906.121887 -5.493 5.502000000000002 0.9
134.21199677158 -43.06972494766 0.0248 0.0287 8.4457 "" 7684-98-2 5332105969892560768 834.74115 1.1654 0.0308 -5.525 5.408 0.032 0.034 1.135 11343.2 4.3201 11.281845 0.131878 10.902861 10.770983 "" "" 814.265442 860.216858 578374.06576 467.49 594670.0 29533.0 389730.0 17666.0 "" "" 0.0028917018998170616 0.053992882 0.04936004 0.10335292 134.21199677158 -43.06972494766 834.74115 -5.525000000000001 5.408000000000002 0.8
134.60022884462 -43.19319575691 0.0111 0.0117 10.8208 "" 7688-31-1 5332047416601869696 867.058533 1.1076 0.0142 -5.246 5.659 0.015 0.015 0.852 "" "" 11.573065 0.247703 11.65533 11.407627 9.27 13.01 858.3302 878.829346 442303.80972 107.5 297360.0 143.97 216820.0 89.848 "" "" 0.002767927718983787 0.0028392565 0.0038060679 0.0066453246 134.60022884462 -43.19319575691 867.058533 -5.246 5.658999999999999 0.9
134.39733957013 -43.08077683928 0.0116 0.0133 5.2493 "" 7684-14-1 5332096417885260928 909.763428 1.0573 0.0151 -5.758 5.457 0.016 0.015 0.993 "" "" 11.871201 0.242819 11.954885 11.712067 11.13 13.4 895.446228 922.930725 336098.09013 71.923 225660.0 99.047 163810.0 61.59 "" "" 0.002765098875816558 0.0028305743 0.0038013642 0.0066319387 134.39733957013 -43.08077683928 909.763428 -5.758 5.457000000000001 1.0
134.00031829546 -42.91864529744 0.0097 0.0102 21.4196 "" 7684-1365-1 5524263803150949760 891.740601 1.0802 0.0122 -5.504 5.711 0.012 0.012 0.92 8171.1 4.1038 11.951192 0.366974 12.082242 11.715268 1.37 10.35 880.656738 901.463196 312226.54665 58.596 200690.0 137.3 163320.0 72.074 "" "" 0.002762844225631417 0.0028873505 0.003809633 0.0066969832 134.00031829546 -42.91864529744 891.740601 -5.504 5.711 0.8
134.04931943036 -43.36522433324 0.0086 0.0093 18.0897 "" "" 5332065116163786752 864.989441 1.1208 0.011 -5.325 5.498 0.011 0.012 0.898 "" "" 11.966318 0.404351 12.109966 11.705615 -29.29 27.25 856.161865 872.161011 307907.06619 51.75 195630.0 96.426 164780.0 59.182 "" "" 0.0027613562455653102 0.0028410286 0.0037994457 0.0066404743 134.04931943036 -43.36522433324 864.989441 -5.325 5.498 1.0
134.41505422479 -43.16916725719 0.0107 0.0114 2.593 "" 7688-66-1 5332089301122939520 899.463684 1.0728 0.0135 -5.491 5.445 0.016 0.013 1.035 11548.6 4.209 11.973545 0.523107 12.102586 11.579479 "" "" 888.068054 908.079346 305864.27734 124.55 196960.0 553.25 185080.0 861.61 "" "" 0.0027905660185727423 0.004133542 0.0063112113 0.010444753 134.41505422479 -43.16916725719 899.463684 -5.491 5.445 0.8
134.7477877325 -43.28133004498 0.0088 0.0107 18.5262 "" "" 5332044294162130816 860.674133 1.1317 0.0118 -5.329 5.271 0.012 0.014 1.001 8326.8 4.1829 12.42949 0.43201 12.586037 12.154027 "" "" 852.33606 870.108276 200978.9576 44.042 126180.0 81.868 109030.0 53.096 "" "" 0.0027655736994271515 0.0028777237 0.0038161878 0.0066939117 134.7477877325 -43.28133004498 860.674133 -5.329 5.270999999999999 0.9
134.18842547311 -43.43091246883 0.0081 0.0091 17.6691 "" "" 5332062298665217536 869.454651 1.1187 0.0108 -5.585 5.438 0.01 0.01 0.959 "" "" 12.487537 0.490853 12.668846 12.177993 "" "" 861.407349 878.286987 190516.14659 29.346 116920.0 48.827 106650.0 34.648 "" "" 0.0027603910570583624 0.0028267708 0.0037958063 0.006622577 134.18842547311 -43.43091246883 869.454651 -5.584999999999999 5.437999999999998 0.9
134.46096433328 -43.18301439047 0.0076 0.0083 4.73 "" "" 5332094871697043200 882.620483 1.1105 0.0102 -5.446 5.49 0.011 0.01 0.868 6378.5 3.7458 12.487794 0.838409 12.821082 11.982673 20.97 6.35 875.177124 893.354187 190471.11219 30.428 101620.0 51.507 127670.0 43.008 "" "" 0.002760774078278622 0.0028439225 0.0037970382 0.0066409605 134.46096433328 -43.18301439047 882.620483 -5.4460000000000015 5.49 1.0
133.91126837399 -43.68219656379 0.0083 0.0084 36.6974 "" "" 5332052536201336448 865.471436 1.1365 0.0102 -5.6 5.527 0.011 0.01 0.968 "" "" 12.500827 0.96755 12.895762 11.928211 17.27 1.88 855.636841 871.918579 188198.4337 36.921 94866.0 76.675 134240.0 70.17 "" "" 0.0027635410002987467 0.0029249147 0.0038217567 0.006746671 133.91126837399 -43.68219656379 865.471436 -5.6 5.527 1.0
133.49622751381 -43.0136908309 0.0085 0.0099 38.7414 "" "" 5524248513067603456 884.499268 1.1067 0.0108 -5.415 5.684 0.012 0.013 0.976 "" "" 12.734707 0.59991 12.957259 12.357349 "" "" 877.182556 892.311462 151727.38619 24.029 89642.0 43.122 90410.0 30.138 "" "" 0.0027606802362225317 0.0028386326 0.003796672 0.0066353045 133.49622751381 -43.0136908309 884.499268 -5.415000000000002 5.684 0.9
134.23795617121 -43.03857741785 0.0102 0.0111 9.092 "" "" 5332106382209408128 893.403198 1.0933 0.0127 -5.493 5.597 0.013 0.013 1.058 "" "" 12.796656 0.515465 12.986105 12.47064 "" "" 885.638733 903.495972 143312.67571 44.356 87292.0 104.17 81452.0 54.683 "" "" 0.0027757364525656074 0.003076328 0.003849031 0.006925359 134.23795617121 -43.03857741785 893.403198 -5.4929999999999986 5.597000000000001 0.8
134.11432581801 -43.31261864253 0.0088 0.01 13.8764 "" "" 5332067074668833664 886.799988 1.1062 0.0115 -5.487 5.561 0.012 0.012 0.889 "" "" 12.897174 0.662292 13.150111 12.48782 "" "" 878.712158 896.277222 130640.36156 24.264 75054.0 52.26 80173.0 40.348 "" "" 0.0027626896681602585 0.0028907747 0.0038186766 0.0067094513 134.11432581801 -43.31261864253 886.799988 -5.486999999999998 5.560999999999998 1.0
134.72533106517 -43.05630642603 0.0243 0.0272 17.3818 "" "" 5332143520788851072 955.673279 1.0282 0.0323 -5.847 5.227 0.033 0.034 2.235 6376.7 3.6311 12.944287 0.791524 13.252111 12.460588 5.45 3.5 926.56366 982.703186 125092.6245 39.948 68324.0 30.844 82210.0 40.553 "" "" 0.0027770504159703967 0.0028328937 0.0038171418 0.0066500353 134.72533106517 -43.05630642603 955.673279 -5.846999999999999 5.227 0.9
134.32565617762 -43.21694498838 0.0076 0.0094 3.5048 "" "" 5332089442858415104 858.015137 1.1321 0.0103 -5.519 5.442 0.011 0.012 0.961 5893.9 4.011 13.114041 0.967693 13.507568 12.539875 11.59 4.14 849.156311 867.012939 106986.83233 39.324 53999.0 71.234 76420.0 101.5 "" "" 0.002784070434419592 0.0031363124 0.004045153 0.0071814656 134.32565617762 -43.21694498838 858.015137 -5.519000000000001 5.441999999999998 1.0
134.86139529748 -43.33475148894 0.0124 0.0127 24.3567 "" "" 5332031684138632320 885.247925 1.0958 0.0152 -5.204 5.494 0.018 0.018 1.386 6123.9 4.0277 13.150393 0.865048 13.494661 12.629613 16.62 4.96 873.288452 898.367126 103464.11855 27.372 54645.0 44.109 70358.0 45.085 "" "" 0.0027702517492828762 0.002924572 0.0038428858 0.006767458 134.86139529748 -43.33475148894 885.247925 -5.203999999999999 5.493999999999997 0.9
134.29256765418 -43.27070607543 0.0152 0.0168 7.0392 "" "" 5332087827950740864 894.84375 1.0847 0.0185 -5.6 5.51 0.021 0.02 1.471 "" "" 13.550045 0.856286 13.891048 13.034761 14.78 4.97 880.985352 909.037903 71602.57407 17.157 37931.0 27.819 48446.0 28.608 "" "" 0.0027675750285434844 0.0029015732 0.0038333784 0.0067349514 134.29256765418 -43.27070607543 894.84375 -5.599999999999999 5.51 0.9
133.81340090947 -42.94923344817 0.0093 0.0104 27.0414 "" "" 5524240919565273344 893.231445 1.0806 0.0124 -5.481 5.639 0.012 0.013 0.956 7697.8 4.1762 13.589528 0.930238 13.966849 13.036612 "" "" 882.945312 902.22876 69045.51685 15.051 35373.0 33.426 48363.0 28.943 "" "" 0.0027654664930735554 0.0029728224 0.0038348297 0.0068076523 133.81340090947 -42.94923344817 893.231445 -5.481000000000001 5.639000000000001 0.9
134.28658572158 -43.30593813012 0.0091 0.0102 9.1029 "" "" 5332086934597556736 846.560791 1.1461 0.0117 -5.303 5.312 0.012 0.013 1.005 5867.8 4.103 13.599743 1.031485 14.02628 12.994796 21.32 4.67 838.511902 853.756897 68399.00209 17.472 33489.0 33.902 50262.0 37.042 "" "" 0.0027692433128222527 0.0029988543 0.003863158 0.006862012 134.28658572158 -43.30593813012 846.560791 -5.303000000000002 5.3119999999999985 0.9
134.37498113536 -43.08371032229 0.0101 0.0122 4.8267 "" "" 5332099269743549696 884.082703 1.0962 0.0136 -5.423 5.464 0.014 0.015 0.982 6279.9 4.2585 13.806161 0.840453 14.142491 13.302038 10.59 5.39 873.569641 894.002869 56556.46646 17.175 30090.0 35.692 37874.0 28.802 "" "" 0.002774977732995858 0.0030730548 0.0038685212 0.006941576 134.37498113536 -43.08371032229 884.082703 -5.422999999999999 5.463999999999999 0.8
134.0938413412 -42.83110593296 0.0101 0.011 23.0072 "" "" 5332112356507379456 870.25946 1.1117 0.0127 -5.712 5.81 0.013 0.014 1.0 6002.3 4.1666 13.844431 0.994189 14.254528 13.260339 21.82 5.04 859.944214 879.463135 54597.68283 49.409 27140.0 87.235 39357.0 114.57 "" "" 0.0029252693121202544 0.004468111 0.004926793 0.009394904 134.0938413412 -42.83110593296 870.25946 -5.712 5.81 1.0
134.18235655858 -43.11768248942 0.0098 0.0114 8.0908 "" "" 5332092603954356096 868.449402 1.1159 0.0128 -5.395 5.449 0.014 0.014 1.023 5441.6 4.0751 13.904364 1.234045 14.438378 13.204333 38.0 11.2 859.616638 880.330688 51665.56591 148.13 22912.0 233.64 41441.0 293.42 "" "" 0.004157160115043517 0.01141772 0.008566272 0.019983992 134.18235655858 -43.11768248942 868.449402 -5.395 5.449 1.0
134.44391467163 -43.14448686782 0.012 0.0138 3.9882 "" "" 5332095215294867712 865.617371 1.1207 0.0162 -5.528 5.29 0.017 0.016 1.088 5270.5 4.0684 13.960475 1.332528 14.548027 13.215499 16.13 3.16 853.303101 881.092407 49063.31858 92.23 20711.0 135.07 41017.0 174.29 "" "" 0.0034289073098168745 0.0076106987 0.0059639197 0.013574619 134.44391467163 -43.14448686782 865.617371 -5.528 5.290000000000001 0.9
134.21557866462 -42.86396204582 0.0102 0.0113 18.9766 "" "" 5332116965008732928 874.443481 1.1059 0.0136 -5.597 5.531 0.013 0.014 1.012 5516.0 4.2147 14.042293 0.956441 14.432177 13.475736 29.9 14.03 865.329285 885.093689 45501.91388 49.478 23043.0 89.085 32275.0 96.009 "" "" 0.0029976042861795085 0.0050402367 0.004971425 0.010011662 134.21557866462 -42.86396204582 874.443481 -5.597000000000001 5.531000000000001 0.9
134.0685385653 -42.75505283902 0.0115 0.0127 27.5483 "" "" 5524272221286774912 869.276428 1.1152 0.0151 -5.598 5.616 0.016 0.016 0.962 5097.1 4.1094 14.159979 1.254022 14.710228 13.456206 0.16 4.71 858.625244 878.743042 40827.71271 27.615 17837.0 44.446 32861.0 77.201 "" "" 0.002851506112114625 0.003886433 0.0045596063 0.00844604 134.0685385653 -42.75505283902 869.276428 -5.597999999999998 5.615999999999999 0.8
135.05284898436 -43.27285526938 0.0137 0.0159 31.1571 "" "" 5332122290770190208 890.541016 1.0894 0.0171 -5.589 5.359 0.018 0.02 1.153 5280.8 4.1021 14.383968 1.424639 15.022402 13.597763 9.85 5.78 878.737366 905.047058 33216.92813 127.78 13380.0 199.14 28844.0 334.12 "" "" 0.005003615237244801 0.016398568 0.013132419 0.029530987 135.05284898436 -43.27285526938 890.541016 -5.589000000000002 5.359000000000001 0.9
134.29690125115 -43.12164734115 0.0128 0.0151 3.5979 "" "" 5332093462947788544 898.653748 1.0783 0.0165 -5.433 5.321 0.019 0.017 0.968 5061.9 4.1285 14.467428 1.35367 15.074179 13.720509 -8.88 7.25 888.167908 910.898315 30759.2375 57.795 12757.0 82.216 25761.0 121.29 "" "" 0.003428346301223204 0.007533102 0.0063573387 0.013890441 134.29690125115 -43.12164734115 898.653748 -5.432999999999999 5.321 1.0
134.42651132367 -43.27924357842 0.0136 0.0156 7.6181 "" "" 5332041407944470528 846.559326 1.1457 0.0176 -5.487 5.272 0.019 0.018 0.96 5020.3 4.1478 14.590445 1.316219 15.172463 13.856244 41.11 10.25 834.847229 859.112549 27464.29059 56.791 11653.0 91.484 22733.0 136.62 "" "" 0.0035541887071749018 0.008968818 0.007540531 0.016509349 134.42651132367 -43.27924357842 846.559326 -5.487 5.272000000000002 0.8
