Clusters/BH_56/BH_56_members.tsv
# %ECSV 1.0
# ---
# datatype:
# - name: RA_ICRS_1
#   unit: deg
#   datatype: float64
#   format: '{:15.11f}'
#   description: Right ascension (ICRS) at Ep=2016.0 (ra)
#   meta: !!omap
#   - {ucd: POS_EQ_RA_MAIN}
#   - {width: 15}
#   - {precision: '11'}
# - name: DE_ICRS_1
#   unit: deg
#   datatype: float64
#   format: '{:15.11f}'
#   description: Declination (ICRS) at Ep=2016.0 (dec)
#   meta: !!omap
#   - {ucd: POS_EQ_DEC_MAIN}
#   - {width: 15}
#   - {precision: '11'}
# - name: e_RA_ICRS
#   unit: mas
#   datatype: float64
#   format: '{:7.4f}'
#   description: Standard error of right ascension (ra_error)
#   meta: !!omap
#   - {ucd: ERROR}
#   - {width: 7}
#   - {precision: '4'}
# - name: e_DE_ICRS
#   unit: mas
#   datatype: float64
#   format: '{:7.4f}'
#   description: Standard error of declination (dec_error)
#   meta: !!omap
#   - {ucd: ERROR}
#   - {width: 7}
#   - {precision: '4'}
# - name: _r_1
#   unit: ''
#   datatype: float64
#   format: '{:7.4f}'
#   description: Distance from center (134.35640829000-43.16300572000)[ICRS], at Epoch=J2016.0
#   meta: !!omap
#   - {ucd: POS_ANG_DIST_GENERAL}
#   - {width: 7}
#   - {precision: '4'}
# - name: HIP
#   datatype: int32
#   description: '? HIP cross-id number, van Leeuwen, Cat. I/311 (hip_original_ext_source_id)'
#   meta: !!omap
#   - {ucd: ID_NUMBER}
#   - {width: 6}
#   - values: {'null': -2147483648}
# - name: TYC2
#   datatype: string
#   description: Tycho-2 cross-id name, Hog et al., Cat. I/259 (tyc2_original_ext_source_id)
#   meta: !!omap
#   - {ucd: ID_CROSSID}
#   - {_votable_string_dtype: char}
# - name: Source
#   datatype: int64
#   description: Source identifier, identical to the Gaia-EDR3 source_id (id)
#   meta: !!omap
#   - {ucd: ID_MAIN}
#   - {width: 19}
# - name: rgeo
#   unit: pc
#   datatype: float64
#   format: '{:15.8f}'
#   description: '? Median of the geometric distance posterior (r_med_geo)'
#   meta: !!omap
#   - {ucd: PHYS_DISTANCE_TRUE}
#   - {width: 15}
#   - {precision: '8'}
#   - values: {'null': .nan}
# - name: Plx
#   unit: mas
#   datatype: float64
#   format: '{:9.4f}'
#   description: '? Parallax (parallax)'
#   meta: !!omap
#   - {ucd: POS_PARLX_TRIG}
#   - {width: 9}
#   - {precision: '4'}
#   - values: {'null': .nan}
# - name: e_Plx
#   unit: mas
#   datatype: float32
#   format: '{:7.4f}'
#   description: '? Standard error of parallax (parallax_error)'
#   meta: !!omap
#   - {ucd: ERROR}
#   - {width: 7}
#   - {precision: '4'}
#   - values: {'null': .nan}
# - name: pmRA
#   unit: mas / yr
#   datatype: float64
#   format: '{:9.3f}'
#   description: '? Proper motion in right ascension direction, pmRA*cosDE (pmra)'
#   meta: !!omap
#   - {ucd: POS_EQ_PMRA}
#   - {width: 9}
#   - {precision: '3'}
#   - values: {'null': .nan}
# - name: pmDE
#   unit: mas / yr
#   datatype: float64
#   format: '{:9.3f}'
#   description: '? Proper motion in declination direction (pmdec)'
#   meta: !!omap
#   - {ucd: POS_EQ_PMDEC}
#   - {width: 9}
#   - {precision: '3'}
#   - values: {'null': .nan}
# - name: e_pmRA
#   unit: mas / yr
#   datatype: float32
#   format: '{:6.3f}'
#   description: '? Standard error of proper motion in right ascension direction (pmra_error)'
#   meta: !!omap
#   - {ucd: ERROR}
#   - {width: 6}
#   - {precision: '3'}
#   - values: {'null': .nan}
# - name: e_pmDE
[...]
#         unit: &id001 !astropy.units.Unit {unit: deg}
#         value: !astropy.table.SerializedColumn {name: SkyCoord.dec}
#       distance: !astropy.table.SerializedColumn
#         __class__: astropy.coordinates.distances.Distance
#         unit: !astropy.units.Unit {unit: pc}
#         value: !astropy.table.SerializedColumn {name: SkyCoord.distance}
#       frame: icrs
#       obstime: !astropy.time.Time {format: jyear_str, in_subfmt: '*', jd1: 367701545.0, jd2: 0.0, out_subfmt: '*', precision: 3, scale: tt}
#       pm_dec: !astropy.table.SerializedColumn
#         __class__: astropy.units.quantity.Quantity
#         unit: !astropy.units.Unit {unit: mas / yr}
#         value: !astropy.table.SerializedColumn {name: SkyCoord.pm_dec}
#       pm_ra_cosdec: !astropy.table.SerializedColumn
#         __class__: astropy.units.quantity.Quantity
#         unit: !astropy.units.Unit {unit: mas / yr}
#         value: !astropy.table.SerializedColumn {name: SkyCoord.pm_ra_cosdec}
#       ra: !astropy.table.SerializedColumn
#         __class__: astropy.coordinates.angles.Longitude
#         unit: *id001
#         value: !astropy.table.SerializedColumn {name: SkyCoord.ra}
#         wrap_angle: !astropy.coordinates.Angle
#           unit: *id001
#           value: 360.0
#       representation_type: spherical
# schema: astropy-2.0
RA_ICRS_1 DE_ICRS_1 e_RA_ICRS e_DE_ICRS _r_1 HIP TYC2 Source rgeo Plx e_Plx pmRA pmDE e_pmRA e_pmDE RUWE Teff logg Gmag BP-RP BPmag RPmag RV e_RV b_rgeo B_rgeo FG e_FG FBP e_FBP FRP e_FRP RAVE5 RAVE6 e_Gmag e_BPmag e_RPmag e_BP-RP SkyCoord.ra SkyCoord.dec SkyCoord.distance SkyCoord.pm_ra_cosdec SkyCoord.pm_dec Pmemb
[from data line 40]
134.20431718875 -43.01320262593 0.0142 0.0152 11.1893 "" "" 5332106725806793216 888.539246 1.0846 0.0174 -5.53 5.471 0.018 0.018 0.995 5253.5 4.242 14.653074 1.2198 15.182816 13.963016 -8.92 8.09 877.207397 901.658813 25924.88788 46.483 11542.0 74.485 20604.0 95.033 "" "" 0.0033736441735145637 0.0075417873 0.006273899 0.013815686 134.20431718875 -43.01320262593 888.539246 -5.530000000000001 5.471000000000002 0.9
134.53972032249 -42.82828076082 0.0133 0.0148 21.6347 "" "" 5332196469146340352 872.604309 1.1141 0.0172 -5.739 5.384 0.017 0.019 1.014 5037.3 4.1701 14.690325 1.320674 15.274696 13.954022 3.96 8.47 858.815735 888.530212 25050.52802 44.982 10606.0 64.836 20775.0 105.94 "" "" 0.0033753134251883346 0.007199881 0.006703557 0.013903438 134.53972032249 -42.82828076082 872.604309 -5.738999999999999 5.383999999999999 1.0
134.68676534178 -42.87066340417 0.0154 0.0173 22.753 "" "" 5332192659514464256 878.896667 1.1043 0.0205 -5.62 5.24 0.02 0.024 1.019 5625.2 4.2144 14.815956 1.292839 15.389581 14.096742 7.33 7.65 862.077148 893.679016 22313.32739 32.22 9540.8 57.012 18216.0 73.769 "" "" 0.0031701306337116224 0.007062451 0.005797959 0.01286041 134.68676534178 -42.87066340417 878.896667 -5.62 5.24 1.0
134.17105391365 -42.86380511572 0.0136 0.0163 19.7079 "" "" 5332117102447688832 888.558228 1.0851 0.0181 -5.44 5.452 0.017 0.02 0.963 5598.9 4.2926 14.81774 1.095297 15.283754 14.188458 22.35 4.0 875.07196 902.506531 22276.68802 12.472 10518.0 24.959 16741.0 30.353 "" "" 0.0028215764706167146 0.0037977677 0.004261324 0.008059092 134.17105391365 -42.86380511572 888.558228 -5.44 5.452 0.8
134.58567700077 -43.37948412595 0.0142 0.0155 16.4021 "" "" 5332036494501572992 859.782532 1.1292 0.0186 -5.504 5.148 0.018 0.019 1.018 5422.5 3.8893 14.887068 1.495147 15.563379 14.068233 19.52 10.47 846.706238 875.010864 20898.70998 28.334 8129.5 41.252 18701.0 78.854 "" "" 0.0031238793728961974 0.006175654 0.005936541 0.012112195 134.58567700077 -43.37948412595 859.782532 -5.503999999999997 5.148 0.8
134.36711936348 -42.96647691885 0.0177 0.0212 11.8011 "" "" 5332100987730443520 880.65686 1.0982 0.0237 -5.293 5.49 0.023 0.024 1.077 5268.7 4.1676 15.188302 1.636873 15.953204 14.316331 36.11 11.06 863.311279 902.827271 15835.28522 46.688 5677.2 73.042 14881.0 124.65 "" "" 0.004223628766413042 0.014244847 0.009848645 0.024093492 134.36711936348 -42.96647691885 880.65686 -5.293 5.490000000000004 1.0
134.91965165535 -43.39122931953 0.0176 0.0204 28.1578 "" "" 5332028351243878528 885.751038 1.0994 0.0223 -5.575 5.215 0.023 0.026 0.992 "" "" 15.295607 1.578775 16.019897 14.441122 "" "" 868.989136 907.834778 14345.11175 19.001 5339.0 28.564 13265.0 70.487 "" "" 0.0031080531663719596 0.006444124 0.0068970285 0.013341153 134.91965165535 -43.39122931953 885.751038 -5.575000000000002 5.215 0.8
134.43463823595 -42.96943051486 0.0207 0.0235 12.1102 "" "" 5332101709284939392 874.20636 1.1092 0.0269 -5.449 5.504 0.027 0.028 1.103 4564.6 4.1348 15.412239 1.551636 16.129002 14.577366 "" "" 856.784241 894.113831 12884.01039 35.805 4828.5 54.371 11701.0 87.141 "" "" 0.004086052152223379 0.012540202 0.008925478 0.02146568 134.43463823595 -42.96943051486 874.20636 -5.4490000000000025 5.504000000000003 1.0
134.34079686232 -42.6899825938 0.022 0.0262 28.3897 "" "" 5332120023025430016 874.075867 1.107 0.0312 -5.751 5.624 0.032 0.034 1.08 6473.2 4.1709 15.576515 1.975353 16.56089 14.585537 "" "" 851.75354 898.76947 11074.92402 8.365 3243.9 13.819 11613.0 27.366 "" "" 0.002874769513920436 0.0054016495 0.00456397 0.009965619 134.34079686232 -42.6899825938 874.075867 -5.751 5.624 1.0
134.45591877035 -43.05294930442 0.0212 0.0233 7.9123 "" "" 5332096898921579136 866.466919 1.1104 0.0272 -5.553 5.321 0.027 0.027 0.993 4514.1 4.1905 15.627583 1.610683 16.387836 14.777154 "" "" 849.009277 887.892761 10566.07785 10.351 3804.4 15.401 9734.1 28.725 "" "" 0.002953491111350494 0.00520611 0.0049547106 0.010160821 134.45591877035 -43.05294930442 866.466919 -5.553000000000001 5.320999999999998 1.0
133.50091213314 -43.27487650327 0.02 0.0232 38.0035 "" "" 5524229512132355840 872.994202 1.108 0.026 -5.611 5.566 0.026 0.032 0.964 4572.7 4.149 15.674007 1.744824 16.512175 14.76735 "" "" 856.97345 895.095093 10123.80639 23.704 3392.7 35.206 9822.4 67.431 "" "" 0.003748912366517205 0.011607019 0.0083570285 0.019964047 133.50091213314 -43.27487650327 872.994202 -5.611000000000001 5.566000000000001 0.8
134.40415960957 -43.67140882005 0.0233 0.0243 30.5751 "" "" 5331997496198857472 838.122864 1.1606 0.0292 -5.449 5.366 0.034 0.032 1.009 4995.9 4.5985 15.761095 1.231693 16.296604 15.064911 "" "" 819.712097 857.156921 9343.48442 3.1854 4137.9 15.323 7467.8 9.7705 "" "" 0.002780072206466152 0.004893881 0.0040375255 0.008931406 134.40415960957 -43.67140882005 838.122864 -5.449 5.366 0.9
134.40205667716 -43.17038275211 0.0236 0.0258 2.0461 "" "" 5332089305419435520 891.539734 1.0875 0.0307 -5.399 5.288 0.036 0.03 1.035 "" "" 15.767786 1.777791 16.627264 14.849473 "" "" 869.951233 915.614868 9286.07506 13.748 3051.5 22.403 9106.9 38.725 "" "" 0.003189924043292577 0.008445303 0.0059664873 0.01441179 134.40205667716 -43.17038275211 891.539734 -5.399 5.288 1.0
134.48499474392 -43.229555348 0.0213 0.0245 6.8977 "" "" 5332047622760407808 861.778198 1.125 0.0287 -5.672 5.44 0.03 0.033 0.988 4823.5 4.3112 15.799942 1.466865 16.469048 15.002183 "" "" 843.638184 885.070801 9015.08673 20.703 3530.2 32.412 7912.0 58.749 "" "" 0.003716007262995271 0.010351642 0.008903835 0.019255478 134.48499474392 -43.229555348 861.778198 -5.671999999999999 5.440000000000002 1.0
134.70728212392 -42.93550396913 0.0228 0.0264 20.5671 "" "" 5332145243075356416 914.540283 1.0652 0.0308 -5.329 5.44 0.029 0.036 1.01 4521.3 4.1547 15.847276 1.589438 16.591875 15.002437 "" "" 886.793274 944.107056 8630.50901 11.206 3152.6 18.623 7910.1 39.292 "" "" 0.0030950204533692544 0.0069942772 0.0065856148 0.013579892 134.70728212392 -42.93550396913 914.540283 -5.328999999999999 5.4399999999999995 1.0
133.84371341855 -42.95674113254 0.0228 0.0246 25.6577 "" "" 5524240747766573184 847.098877 1.1382 0.0294 -5.518 5.501 0.031 0.03 1.047 4584.4 4.1803 15.891379 1.690646 16.697632 15.006986 "" "" 826.543457 867.841309 8286.95379 18.788 2860.0 28.858 7877.1 49.895 "" "" 0.0036947332235907036 0.011305033 0.007847314 0.019152347 133.84371341855 -42.95674113254 847.098877 -5.517999999999999 5.501 1.0
134.53162402131 -43.20305031551 0.0242 0.0272 8.0335 "" "" 5332047730135993728 924.126221 1.0434 0.0318 -5.491 5.219 0.034 0.035 1.064 "" "" 15.942142 2.106384 17.016724 14.910339 "" "" 901.854309 952.803101 7908.41745 5.5861 2131.7 12.358 8610.4 20.114 "" "" 0.0028600590480950326 0.006884989 0.004551539 0.011436528 134.53162402131 -43.20305031551 924.126221 -5.490999999999996 5.2189999999999985 1.0
134.52862553674 -43.14333244956 0.0243 0.0279 7.6301 "" "" 5332048486050224896 896.39032 1.0847 0.0322 -5.45 5.355 0.034 0.038 0.969 "" "" 15.958693 1.819829 16.833794 15.013965 "" "" 871.972778 922.657043 7788.78537 106.67 2522.9 115.99 7826.6 295.7 "" "" 0.015122642671890672 0.049994502 0.041194383 0.091188885 134.52862553674 -43.14333244956 896.39032 -5.450000000000001 5.355 1.0
134.4539894913 -43.21454711509 0.0264 0.0275 5.2713 "" "" 5332042022123062144 845.175842 1.1605 0.0323 -4.812 5.399 0.036 0.032 1.098 6064.0 4.5479 15.959843 1.205067 16.444548 15.239481 "" "" 820.831421 867.335754 7780.54008 130.06 3610.8 181.47 6358.7 309.47 "" "" 0.018357192051122476 0.054637738 0.052976407 0.107614145 134.4539894913 -43.21454711509 845.175842 -4.812000000000002 5.399000000000003 0.8
134.17956563216 -42.954804412 0.0268 0.0288 14.7022 "" "" 5332107790958674816 842.007507 1.1508 0.0325 -5.58 5.46 0.034 0.034 0.971 4441.3 4.1878 16.074299 1.789022 16.943378 15.154357 "" "" 822.722168 863.008484 7002.07719 15.058 2280.7 17.941 6877.3 41.169 "" "" 0.0036115726327832307 0.0089850845 0.0075184167 0.016503502 134.17956563216 -42.954804412 842.007507 -5.579999999999999 5.460000000000002 1.0
134.05220811164 -43.03244373039 0.027 0.0287 15.4592 "" "" 5332108649952185856 867.86499 1.1253 0.0329 -5.522 5.472 0.037 0.035 1.044 4448.6 4.1716 16.087507 1.728467 16.914953 15.186486 "" "" 842.155151 896.058472 6917.412 21.787 2341.2 31.526 6676.7 67.403 "" "" 0.004391537737775589 0.014884106 0.011594074 0.026478179 134.05220811164 -43.03244373039 867.86499 -5.521999999999999 5.4719999999999995 1.0
134.26188347384 -43.28378671717 0.0285 0.0293 8.3425 "" "" 5332087759231277696 877.921875 1.1064 0.0356 -5.57 5.32 0.042 0.036 1.051 "" "" 16.128815 1.673184 16.926208 15.253024 "" "" 850.991577 902.422119 6659.18647 11.847 2317.0 15.816 6279.8 31.103 "" "" 0.003364932474063165 0.007919125 0.0065727686 0.014491893 134.26188347384 -43.28378671717 877.921875 -5.569999999999999 5.319999999999998 1.0
134.25032808831 -42.94105827517 0.0267 0.0287 14.1057 "" "" 5332113563394704512 833.074402 1.1649 0.0337 -5.503 5.534 0.035 0.036 0.995 6003.0 4.3426 16.182812 1.969312 17.166368 15.197057 "" "" 813.334351 856.600525 6336.10284 6.2726 1857.2 8.6501 6612.0 18.241 "" "" 0.0029575499271979502 0.005775601 0.0048224 0.010598001 134.25032808831 -42.94105827517 833.074402 -5.503 5.534 0.9
134.64684262214 -42.92447152625 0.0306 0.0332 19.158 "" "" 5332192109758496512 883.542786 1.1106 0.0399 -5.345 5.454 0.038 0.046 1.049 4681.9 4.3047 16.291046 1.782261 17.132559 15.350298 "" "" 847.470215 914.893921 5734.93625 9.6928 1916.0 20.382 5741.7 31.25 "" "" 0.0033104609713014493 0.011882071 0.0070144995 0.01889657 134.64684262214 -42.92447152625 883.542786 -5.345000000000002 5.454000000000001 0.9
134.13312943025 -42.83570263559 0.03 0.0333 21.9466 "" "" 5332117995800887040 876.486328 1.1213 0.0394 -5.7 5.483 0.04 0.042 0.97 3733.9 4.1154 16.491417 1.840798 17.387743 15.546945 "" "" 846.382324 906.525269 4768.4842 8.6256 1514.7 15.531 4790.5 24.79 "" "" 0.003383628133533894 0.011476939 0.006771352 0.01824829 134.13312943025 -42.83570263559 876.486328 -5.7 5.483 1.0
134.23003370699 -43.21949125336 0.0352 0.0419 6.4844 "" "" 5332091087828770816 1026.64099 0.9485 0.0473 -5.518 5.435 0.05 0.05 1.047 6321.9 4.2488 16.673409 2.178679 17.794926 15.616246 "" "" 980.538696 1088.34998 4032.5854 8.1212 1041.0 14.53 4494.3 26.492 "" "" 0.003517502432383929 0.0154091325 0.007432575 0.022841707 134.23003370699 -43.21949125336 1026.64099 -5.518 5.435 0.8
134.3958576815 -43.14313868364 0.0365 0.0465 2.0982 "" "" 5332090130053152640 886.260315 1.1007 0.0502 -5.389 5.307 0.053 0.052 1.001 "" "" 16.681189 1.894024 17.607658 15.713634 "" "" 850.479065 929.314026 4003.78677 6.9325 1237.0 16.512 4108.7 16.646 "" "" 0.0033355586721385976 0.014759004 0.005799377 0.020558381 134.3958576815 -43.14313868364 886.260315 -5.389000000000001 5.307 1.0
134.182868559 -43.25921747156 0.0342 0.0389 9.535 "" "" 5332090748528531072 912.078674 1.08 0.0456 -5.501 5.347 0.047 0.047 0.946 3758.5 4.067 16.717144 1.929331 17.68325 15.75392 "" "" 882.431702 957.029358 3873.37302 5.2028 1153.8 8.312 3959.0 16.102 "" "" 0.0031174790197808304 0.008304427 0.005812387 0.014116814 134.182868559 -43.25921747156 912.078674 -5.500999999999999 5.347 0.9
134.20883292542 -43.12581211007 0.0377 0.0438 6.8351 "" "" 5332094012703623296 833.640198 1.1733 0.0481 -5.713 5.494 0.055 0.052 1.006 6113.1 4.4314 16.783426 2.144999 17.880175 15.735176 "" "" 800.170166 864.873535 3643.98156 4.8638 962.38 9.8796 4028.0 17.62 "" "" 0.0031131859530472436 0.011489875 0.006069657 0.017559532 134.20883292542 -43.12581211007 833.640198 -5.713 5.494 1.0
134.5564350853 -43.25039499789 0.0389 0.0431 10.1989 "" "" 5332046664984109312 839.608093 1.1743 0.0509 -5.488 5.351 0.051 0.057 0.95 3637.2 4.0207 16.832539 1.992657 17.834778 15.842121 "" "" 802.938477 881.419312 3482.82292 6.6751 1003.5 12.267 3650.1 22.56 "" "" 0.0034528138827924545 0.013562384 0.0077016433 0.021264028 134.5564350853 -43.25039499789 839.608093 -5.488 5.351 0.8
134.45237791865 -43.22311530151 0.0392 0.0458 5.5345 "" "" 5332042026419442688 902.772583 1.074 0.0543 -5.35 5.339 0.056 0.053 0.995 4848.2 4.2608 16.897696 2.214848 18.062805 15.847958 "" "" 864.55011 942.799866 3279.95885 5.7014 813.38 11.258 3630.6 19.866 "" "" 0.003339705501995919 0.015284513 0.0070412126 0.022325726 134.45237791865 -43.22311530151 902.772583 -5.349999999999999 5.339 0.8
