Clusters/BH_56/BH_56_stars_in_region.tsv
# %ECSV 1.0
# ---
# datatype:
# - name: RA_ICRS_1
#   unit: deg
#   datatype: float64
#   format: '{:15.11f}'
#   description: Right ascension (ICRS) at Ep=2016.0 (ra)
#   meta: !!omap
#   - {ucd: POS_EQ_RA_MAIN}
#   - {width: 15}
#   - {precision: '11'}
# - name: DE_ICRS_1
#   unit: deg
#   datatype: float64
#   format: '{:15.11f}'
#   description: Declination (ICRS) at Ep=2016.0 (dec)
#   meta: !!omap
#   - {ucd: POS_EQ_DEC_MAIN}
#   - {width: 15}
#   - {precision: '11'}
# - name: e_RA_ICRS
#   unit: mas
#   datatype: float64
#   format: '{:7.4f}'
#   description: Standard error of right ascension (ra_error)
#   meta: !!omap
#   - {ucd: ERROR}
#   - {width: 7}
#   - {precision: '4'}
# - name: e_DE_ICRS
#   unit: mas
#   datatype: float64
#   format: '{:7.4f}'
#   description: Standard error of declination (dec_error)
#   meta: !!omap
#   - {ucd: ERROR}
#   - {width: 7}
#   - {precision: '4'}
# - name: _r_1
#   unit: ''
#   datatype: float64
#   format: '{:7.4f}'
#   description: Distance from center (134.35640829000-43.16300572000)[ICRS], at Epoch=J2016.0
#   meta: !!omap
#   - {ucd: POS_ANG_DIST_GENERAL}
#   - {width: 7}
#   - {precision: '4'}
# - name: HIP
#   datatype: int32
#   description: '? HIP cross-id number, van Leeuwen, Cat. I/311 (hip_original_ext_source_id)'
#   meta: !!omap
#   - {ucd: ID_NUMBER}
#   - {width: 6}
#   - values: {'null': -2147483648}
# - name: TYC2
#   datatype: string
#   description: Tycho-2 cross-id name, Hog et al., Cat. I/259 (tyc2_original_ext_source_id)
#   meta: !!omap
#   - {ucd: ID_CROSSID}
#   - {_votable_string_dtype: char}
# - name: Source
#   datatype: int64
#   description: Source identifier, identical to the Gaia-EDR3 source_id (id)
#   meta: !!omap
#   - {ucd: ID_MAIN}
#   - {width: 19}
# - name: rgeo
#   unit: pc
#   datatype: float64
#   format: '{:15.8f}'
#   description: '? Median of the geometric distance posterior (r_med_geo)'
#   meta: !!omap
#   - {ucd: PHYS_DISTANCE_TRUE}
#   - {width: 15}
#   - {precision: '8'}
#   - values: {'null': .nan}
# - name: Plx
#   unit: mas
#   datatype: float64
#   format: '{:9.4f}'
#   description: '? Parallax (parallax)'
#   meta: !!omap
#   - {ucd: POS_PARLX_TRIG}
#   - {width: 9}
#   - {precision: '4'}
#   - values: {'null': .nan}
# - name: e_Plx
#   unit: mas
#   datatype: float32
#   format: '{:7.4f}'
#   description: '? Standard error of parallax (parallax_error)'
#   meta: !!omap
#   - {ucd: ERROR}
#   - {width: 7}
#   - {precision: '4'}
#   - values: {'null': .nan}
# - name: pmRA
#   unit: mas / yr
#   datatype: float64
#   format: '{:9.3f}'
#   description: '? Proper motion in right ascension direction, pmRA*cosDE (pmra)'
#   meta: !!omap
#   - {ucd: POS_EQ_PMRA}
#   - {width: 9}
#   - {precision: '3'}
#   - values: {'null': .nan}
# - name: pmDE
#   unit: mas / yr
#   datatype: float64
#   format: '{:9.3f}'
#   description: '? Proper motion in declination direction (pmdec)'
#   meta: !!omap
#   - {ucd: POS_EQ_PMDEC}
#   - {width: 9}
#   - {precision: '3'}
#   - values: {'null': .nan}
# - name: e_pmRA
#   unit: mas / yr
#   datatype: float32
#   format: '{:6.3f}'
#   description: '? Standard error of proper motion in right ascension direction (pmra_error)'
#   meta: !!omap
#   - {ucd: ERROR}
#   - {width: 6}
#   - {precision: '3'}
#   - values: {'null': .nan}
# - name: e_pmDE
[...]
#         unit: &id001 !astropy.units.Unit {unit: deg}
#         value: !astropy.table.SerializedColumn {name: SkyCoord.dec}
#       distance: !astropy.table.SerializedColumn
#         __class__: astropy.coordinates.distances.Distance
#         unit: !astropy.units.Unit {unit: pc}
#         value: !astropy.table.SerializedColumn {name: SkyCoord.distance}
#       frame: icrs
#       obstime: !astropy.time.Time {format: jyear_str, in_subfmt: '*', jd1: 367701545.0, jd2: 0.0, out_subfmt: '*', precision: 3, scale: tt}
#       pm_dec: !astropy.table.SerializedColumn
#         __class__: astropy.units.quantity.Quantity
#         unit: !astropy.units.Unit {unit: mas / yr}
#         value: !astropy.table.SerializedColumn {name: SkyCoord.pm_dec}
#       pm_ra_cosdec: !astropy.table.SerializedColumn
#         __class__: astropy.units.quantity.Quantity
#         unit: !astropy.units.Unit {unit: mas / yr}
#         value: !astropy.table.SerializedColumn {name: SkyCoord.pm_ra_cosdec}
#       ra: !astropy.table.SerializedColumn
#         __class__: astropy.coordinates.angles.Longitude
#         unit: *id001
#         value: !astropy.table.SerializedColumn {name: SkyCoord.ra}
#         wrap_angle: !astropy.coordinates.Angle
#           unit: *id001
#           value: 360.0
#       representation_type: spherical
# schema: astropy-2.0
RA_ICRS_1 DE_ICRS_1 e_RA_ICRS e_DE_ICRS _r_1 HIP TYC2 Source rgeo Plx e_Plx pmRA pmDE e_pmRA e_pmDE RUWE Teff logg Gmag BP-RP BPmag RPmag RV e_RV b_rgeo B_rgeo FG e_FG FBP e_FBP FRP e_FRP RAVE5 RAVE6 e_Gmag e_BPmag e_RPmag e_BP-RP SkyCoord.ra SkyCoord.dec SkyCoord.distance SkyCoord.pm_ra_cosdec SkyCoord.pm_dec
[from data line 277]
133.64905880077 -42.4780787637 0.0093 0.0089 51.5545 "" "" 5524335718082795136 726.804626 1.3408 0.0116 -5.075 -2.062 0.012 0.011 0.848 6054.8 4.2566 13.34089 0.713561 13.620448 12.906887 11.0 2.1 720.291016 733.231873 86814.23568 18.265 48667.0 22.669 54501.0 27.513 "" "" 0.0027647729821144843 0.0028356332 0.0038189185 0.0066545517 133.64905880077 -42.4780787637 726.804626 -5.074999999999999 -2.0619999999999994
134.79804614399 -43.29573941082 0.009 0.0097 20.8851 "" "" 5332032405692650880 858.849243 1.1262 0.0118 -8.91 3.474 0.012 0.013 0.939 6364.1 4.239 13.363995 0.756979 13.661942 12.904963 26.43 3.19 851.501709 867.183228 84986.31863 15.694 46843.0 22.108 54598.0 22.158 "" "" 0.002762605409039267 0.0028368337 0.0038049817 0.0066418154 134.79804614399 -43.29573941082 858.849243 -8.910000000000002 3.4740000000000006
134.32226325504 -43.96226234005 0.0167 0.0172 47.9784 "" "" 5331984680016491776 890.817932 1.0891 0.0215 -6.176 -0.433 0.021 0.023 1.817 "" "" 13.370295 0.878929 13.6742 12.795271 23.55 3.48 874.011475 906.311768 84494.55798 19.454 46317.0 275.81 60402.0 315.96 "" "" 0.0027666367998779575 0.0070417435 0.006822001 0.013863744 134.32226325504 -43.96226234005 890.817932 -6.175999999999999 -0.4329999999999997
134.93403078615 -42.96785318121 0.0089 0.0106 27.8961 "" "" 5332142803533894528 764.845825 1.2712 0.0115 3.996 -12.095 0.012 0.014 1.023 5536.1 4.142 13.377377 0.94282 13.764243 12.821424 19.78 2.76 759.582581 769.677063 83945.28534 11.479 42630.0 25.087 58964.0 28.023 "" "" 0.002759317319372716 0.002862392 0.0038144444 0.0066768364 134.93403078615 -42.96785318121 764.845825 3.995999999999999 -12.095
133.83772812271 -43.08158290529 0.0086 0.0092 23.2343 "" "" 5524238926700502912 917.044861 1.054 0.0105 -3.696 5.244 0.011 0.011 0.976 7316.6 4.1084 13.385116 0.804287 13.69939 12.895103 7.34 4.47 909.380859 925.20752 83349.04808 87.586 45254.0 162.13 55096.0 150.64 "" "" 0.002982198295657357 0.0047870483 0.004805832 0.0095928805 133.83772812271 -43.08158290529 917.044861 -3.6960000000000006 5.244
134.86921665211 -43.14619321044 0.009 0.0105 22.4686 "" "" 5332139367560160000 849.321899 1.139 0.0121 -6.959 2.56 0.012 0.014 0.962 6613.6 4.1725 13.399557 0.805889 13.717423 12.911534 3.42 4.26 839.313721 860.944153 82247.72272 14.496 44509.0 25.566 54268.0 28.773 "" "" 0.002761957208715212 0.002859018 0.0038229714 0.0066819894 134.86921665211 -43.14619321044 849.321899 -6.959 2.559999999999999
134.29220281736 -42.709476025 0.0085 0.0098 27.3575 "" "" 5332119915649819264 784.192688 1.2388 0.0116 -3.63 -0.286 0.012 0.012 1.008 6225.2 4.271 13.402081 0.676837 13.66284 12.986003 -2.39 4.72 776.263245 792.29303 82056.70679 20.947 46804.0 28.75 50671.0 27.155 "" "" 0.0027692250911601204 0.0028687702 0.0038239092 0.0066926796 134.29220281736 -42.709476025 784.192688 -3.6299999999999994 -0.2859999999999998
134.70319167651 -43.11360221848 0.0088 0.0098 15.4696 "" "" 5332049345043651712 773.426941 1.2575 0.0115 11.142 -10.176 0.012 0.012 0.957 5582.8 4.1547 13.41284 0.823684 13.739265 12.915581 0.61 2.64 765.100525 780.988281 81247.62154 13.188 43623.0 30.723 54066.0 30.704 "" "" 0.00276095060435101 0.0028930544 0.0038293481 0.0067224028 134.70319167651 -43.11360221848 773.426941 11.142 -10.175999999999998
134.16347034529 -42.34226762056 0.0107 0.0121 49.9725 "" "" 5524386806716708096 726.793823 1.3387 0.0148 -4.736 -2.54 0.014 0.014 1.257 6134.9 4.3142 13.412905 0.711038 13.687551 12.976513 20.25 2.42 718.130066 733.952515 81242.81859 16.33 45751.0 34.964 51116.0 20.474 "" "" 0.0027639493780156426 0.002910932 0.0038043198 0.006715252 134.16347034529 -42.34226762056 726.793823 -4.736000000000001 -2.54
135.24643706091 -43.28414454725 0.0094 0.0097 39.5859 "" "" 5331935305076076672 849.914124 1.1433 0.0116 -17.936 13.556 0.012 0.012 0.954 5843.9 4.1085 13.415222 0.930111 13.794669 12.864558 66.6 2.12 840.673035 858.809143 81069.58474 12.822 41452.0 23.575 56668.0 21.75 "" "" 0.0027606661025829657 0.0028576814 0.0038022867 0.006659968 135.24643706091 -43.28414454725 849.914124 -17.936 13.556000000000001
135.11003501852 -43.62667255047 0.0094 0.0105 43.0522 "" "" 5331833600245124736 908.276794 1.0646 0.0123 -0.744 -0.264 0.013 0.013 1.013 "" "" 13.417912 1.848291 14.316402 12.468111 "" "" 900.264893 918.054321 80868.96748 32.833 25636.0 43.403 81642.0 77.021 "" "" 0.0027903591593663995 0.0033412639 0.0039157225 0.0072569866 135.11003501852 -43.62667255047 908.276794 -0.744 -0.264
133.86762927744 -42.77312638777 0.0087 0.0098 31.7446 "" "" 5524269266349342336 976.69043 0.9886 0.0113 -6.983 4.901 0.011 0.012 0.887 "" "" 13.426328 1.254571 13.970616 12.716045 44.31 4.82 966.605042 987.623108 80244.567 11.73 35251.0 21.42 64974.0 24.839 "" "" 0.0027598874147738025 0.0028671073 0.0038021058 0.006669213 133.86762927744 -42.77312638777 976.69043 -6.982999999999999 4.900999999999999
133.61920364981 -42.51478600871 0.0095 0.0097 50.6419 "" "" 5524334103175116800 960.035889 1.004 0.0119 -8.041 6.004 0.012 0.013 1.068 "" "" 13.433001 0.800323 13.748736 12.948414 "" "" 950.648804 971.100647 79752.80497 14.227 43244.0 29.468 52456.0 27.254 "" "" 0.002762119211638818 0.0028865966 0.0038212487 0.0067078453 133.61920364981 -42.51478600871 960.035889 -8.041 6.004
134.08154733882 -43.69293514994 0.0088 0.0092 33.9766 "" "" 5332006326651522048 924.205017 1.0477 0.0111 -6.297 5.525 0.012 0.011 1.004 "" "" 13.452828 0.973345 13.850431 12.877087 "" "" 915.602539 934.813477 78309.68885 8.9997 39377.0 19.07 56017.0 20.819 "" "" 0.002758144098445704 0.0028392833 0.0038008625 0.0066401456 134.08154733882 -43.69293514994 924.205017 -6.296999999999999 5.525
135.1355929794 -43.75211354701 0.0125 0.0131 48.9997 "" "" 5331821058940669056 724.558655 1.3441 0.0162 -10.024 -4.687 0.017 0.018 1.344 6140.9 4.2621 13.454797 0.751772 13.745026 12.993254 -13.58 2.58 715.730286 732.88562 78167.79373 17.353 43392.0 23.222 50333.0 27.524 "" "" 0.002765842520196859 0.0028500294 0.003825733 0.006675762 135.1355929794 -43.75211354701 724.558655 -10.024 -4.686999999999999
135.49212063182 -43.42631732021 0.0105 0.0111 52.0518 "" "" 5331923932002659712 881.663757 1.0945 0.0134 -10.644 8.744 0.014 0.013 1.149 "" "" 13.459547 0.839072 13.794988 12.955915 22.22 3.72 872.046143 890.630493 77826.56045 11.991 41440.0 23.483 52095.0 19.985 "" "" 0.0027603936337407325 0.0028571999 0.003802264 0.006659464 135.49212063182 -43.42631732021 881.663757 -10.643999999999998 8.744000000000002
134.59009256562 -42.54694802392 0.0085 0.0104 38.3659 "" "" 5332219077853512320 774.621704 1.2523 0.0115 -3.853 -4.133 0.012 0.013 1.005 6194.2 4.3101 13.47844 0.679862 13.739995 13.060133 3.05 3.14 768.384705 779.829285 76483.99571 14.14 43593.0 26.839 47327.0 22.396 "" "" 0.0027626219865954805 0.002869126 0.0038141457 0.0066832714 134.59009256562 -42.54694802392 774.621704 -3.853 -4.133
134.96168834573 -43.28905414757 0.0128 0.0148 27.522 "" "" 5332122771806530816 901.905518 1.0734 0.0172 -9.75 5.91 0.017 0.019 1.404 6262.0 4.0917 13.479828 0.849068 13.819874 12.970806 18.17 5.03 885.255005 914.908447 76386.3221 33.283 40501.0 59.486 51385.0 62.79 "" "" 0.002795637778566588 0.0032137283 0.0040054847 0.007219213 134.96168834573 -43.28905414757 901.905518 -9.75 5.909999999999999
134.82551131357 -42.63828153013 0.0083 0.0106 37.6338 "" "" 5332202486399383424 748.242493 1.2979 0.0117 -6.571 3.175 0.011 0.015 0.996 6057.8 4.219 13.480342 0.710855 13.756469 13.045614 11.86 2.37 742.691589 754.721985 76350.1631 15.22 42937.0 28.705 47964.0 23.061 "" "" 0.002763807850632783 0.002883039 0.003815263 0.006698302 134.82551131357 -42.63828153013 748.242493 -6.571 3.1750000000000007
133.52088084769 -42.62420381933 0.0086 0.0099 48.9281 "" "" 5524309913919403520 997.661438 0.9703 0.011 -6.193 0.444 0.011 0.012 1.001 "" "" 13.485754 1.658306 14.274386 12.61608 53.1 1.57 987.095032 1010.8772 75970.50257 11.299 26648.0 23.162 71240.0 21.493 "" "" 0.0027600480543594095 0.0029454415 0.0037935504 0.006738992 133.52088084769 -42.62420381933 997.661438 -6.193 0.44400000000000084
134.82059304935 -42.8620057087 0.2159 0.2547 27.2192 "" "" 5332147167220667008 711.477539 1.492 0.2696 -8.021 4.392 0.282 0.319 22.251 6046.2 4.0955 13.489579 0.858825 13.760585 12.90176 30.96 2.41 594.283447 891.849243 75703.35305 201.33 42774.0 26.674 54759.0 31.769 "" "" 0.003991150233368547 0.0028711443 0.0038315144 0.0067026587 134.82059304935 -42.8620057087 711.477539 -8.021 4.392
133.54359519843 -43.73443219498 0.0188 0.021 49.285 "" "" 5331690663736294272 966.916626 0.9987 0.0243 -12.699 16.847 0.025 0.029 2.076 9916.0 4.148 13.497752 1.419818 14.133367 12.713549 "" "" 945.856689 989.752563 75135.61692 73.433 30344.0 104.53 65124.0 178.46 "" "" 0.002952590723491201 0.0046662604 0.0048099756 0.009476236 133.54359519843 -43.73443219498 966.916626 -12.698999999999996 16.847
135.26574891819 -43.70356915662 0.0743 0.0826 51.2023 "" "" 5331820680983527680 993.341064 1.021 0.0968 -4.386 -1.565 0.098 0.112 8.259 5860.5 4.2994 13.508863 0.995007 13.908082 12.913075 11.41 12.65 916.763245 1098.29565 74370.63561 79.486 37341.0 123.58 54191.0 109.08 "" "" 0.0029897078762232267 0.0045493343 0.00436577 0.008915104 135.26574891819 -43.70356915662 993.341064 -4.386 -1.565
135.07113432847 -43.26570267319 0.0101 0.0115 31.8549 "" "" 5332123699519461760 796.659241 1.2192 0.0125 0.567 -4.754 0.013 0.014 1.068 6459.5 4.1873 13.510283 0.834134 13.843378 13.009244 20.16 4.19 787.13324 804.135864 74273.39321 13.375 39634.0 32.285 49598.0 28.826 "" "" 0.0027622484236142575 0.002926985 0.0038316988 0.006758684 135.07113432847 -43.26570267319 796.659241 0.5670000000000002 -4.754
134.05101291102 -43.54912689495 0.0089 0.0094 26.725 "" "" 5332059996562820992 836.610474 1.1578 0.0112 -9.376 8.558 0.011 0.011 0.995 6028.1 4.1725 13.519481 0.858162 13.863545 13.005384 25.99 3.29 828.465637 846.170776 73646.9298 9.8423 38904.0 19.037 49774.0 23.121 "" "" 0.0027591381448246887 0.0028403017 0.003812885 0.006653187 134.05101291102 -43.54912689495 836.610474 -9.376 8.557999999999998
134.20678525327 -43.20241072862 0.0095 0.0103 6.96 "" "" 5332091367003795840 915.87439 1.0552 0.012 -1.587 5.558 0.013 0.012 0.915 "" "" 13.519713 1.221294 14.049781 12.828486 29.43 2.05 908.395447 928.412842 73631.1314 10.161 32772.0 20.973 58582.0 21.74 "" "" 0.002759390963017228 0.002875386 0.003800799 0.006676185 134.20678525327 -43.20241072862 915.87439 -1.587 5.558
133.93173945881 -43.34132092635 0.0094 0.0102 21.4214 "" "" 5332077481371381248 764.205139 1.272 0.0123 -0.124 6.046 0.012 0.012 1.122 5911.2 4.1679 13.526022 0.810383 13.847579 13.037196 29.52 3.2 756.792419 770.976807 73204.51713 14.677 39481.0 30.416 48337.0 26.368 "" "" 0.002763905772261768 0.0029128494 0.0038255083 0.0067383577 133.93173945881 -43.34132092635 764.205139 -0.12400000000000011 6.045999999999999
134.90102099848 -42.64003416452 0.0082 0.0098 39.4657 "" "" 5332203070514916736 867.368958 1.1176 0.0111 -4.886 -3.236 0.011 0.012 0.961 6435.2 4.1045 13.532067 0.816406 13.855401 13.038995 31.58 3.86 859.224243 875.032837 72798.07671 10.997 39197.0 25.285 48257.0 20.905 "" "" 0.00276019740433161 0.002876731 0.0038085363 0.006685267 134.90102099848 -42.64003416452 867.368958 -4.886 -3.236
134.86345653799 -43.68765705629 0.0092 0.0101 38.4593 "" "" 5331829717594697472 751.994324 1.2957 0.012 -11.066 -1.178 0.012 0.013 0.943 5796.6 4.1234 13.537574 0.915569 13.910295 12.994725 83.19 2.29 746.342834 758.059631 72429.78144 11.227 37265.0 24.978 50265.0 19.863 "" "" 0.002760455137196299 0.002883516 0.0038036571 0.006687173 134.86345653799 -43.68765705629 751.994324 -11.066 -1.1780000000000015
133.40457995543 -42.63064710405 0.0166 0.0198 52.6362 "" "" 5524309158005221248 1037.20105 0.9345 0.0223 -4.099 7.524 0.022 0.028 2.499 "" "" 13.544626 1.029301 13.967882 12.938581 28.53 6.49 1012.99622 1060.01025 71960.81849 15.683 35340.0 29.514 52933.0 42.553 "" "" 0.0027654619766956092 0.0029338093 0.0038788598 0.0068126693 133.40457995543 -42.63064710405 1037.20105 -4.099 7.524
134.70090820252 -42.6823528253 0.0096 0.0118 32.5698 "" "" 5332199187864544256 816.074402 1.1905 0.013 -7.401 5.152 0.013 0.015 1.078 "" "" 13.549309 0.891929 13.914105 13.022177 29.62 5.74 807.73938 824.890503 71651.16182 11.347 37134.0 25.7 49010.0 21.092 "" "" 0.002760679893625029 0.0028895827 0.0038081568 0.0066977395 134.70090820252 -42.6823528253 816.074402 -7.401 5.152
134.29256765418 -43.27070607543 0.0152 0.0168 7.0392 "" "" 5332087827950740864 894.84375 1.0847 0.0185 -5.6 5.51 0.021 0.02 1.471 "" "" 13.550045 0.856286 13.891048 13.034761 14.78 4.97 880.985352 909.037903 71602.57407 17.157 37931.0 27.819 48446.0 28.608 "" "" 0.0027675750285434844 0.0029015732 0.0038333784 0.0067349514 134.29256765418 -43.27070607543 894.84375 -5.599999999999999 5.51
135.00563551418 -43.46167549517 0.0091 0.0113 33.5333 "" "" 5331839407040904448 803.93927 1.2084 0.0121 -1.554 -1.287 0.011 0.014 0.933 6139.7 4.2391 13.554439 0.791077 13.866831 13.075754 -2.48 3.67 797.807068 811.355591 71313.40549 12.741 38787.0 21.148 46651.0 21.469 "" "" 0.0027621400382699954 0.0028522778 0.0038122681 0.006664546 135.00563551418 -43.46167549517 803.93927 -1.554 -1.287
133.84890708121 -43.04381550489 0.0086 0.0095 23.3541 "" "" 5524239132858909568 916.515015 1.0564 0.0108 -4.89 -2.623 0.011 0.011 0.964 "" "" 13.566671 1.276907 14.128787 12.85188 32.3 1.97 908.009521 925.951477 70514.47592 8.2343 30472.0 23.289 57333.0 25.12 "" "" 0.002758235703802377 0.0029109481 0.0038092025 0.006720151 133.84890708121 -43.04381550489 916.515015 -4.889999999999999 -2.623
134.28084454836 -42.56196849614 0.0106 0.0119 36.215 "" "" 5524368943952000384 892.997925 1.084 0.0143 -6.656 4.525 0.014 0.014 1.217 5808.5 4.0342 13.575363 1.115911 14.002738 12.886827 -5.41 6.18 880.349304 903.036865 69952.22055 54.644 34223.0 101.0 55517.0 223.78 "" "" 0.0028829019040552155 0.0042488026 0.005782459 0.0100312615 134.28084454836 -42.56196849614 892.997925 -6.655999999999999 4.525
134.2674936452 -43.96989167608 0.0101 0.0106 48.5672 "" "" 5331987188277399552 753.395203 1.2931 0.0136 -18.532 16.751 0.013 0.014 0.944 5339.2 4.1921 13.577714 0.951428 13.970921 13.019492 7.7 2.72 744.759583 761.559814 69800.93215 11.636 35241.0 19.336 49132.0 22.498 "" "" 0.0027612585223169414 0.0028530564 0.0038119424 0.006664999 134.2674936452 -43.96989167608 753.395203 -18.532 16.751000000000005
134.45251544869 -43.90281047283 0.0098 0.0101 44.5847 "" "" 5331990177574603264 824.513062 1.1773 0.0124 -15.927 8.966 0.012 0.013 0.923 5052.8 4.0934 13.578945 1.210551 14.110102 12.89955 27.1 1.35 815.84729 831.598083 69721.8068 8.2767 31001.0 19.017 54870.0 27.661 "" "" 0.002758333111316331 0.0028685601 0.0038188098 0.00668737 134.45251544869 -43.90281047283 824.513062 -15.927 8.965999999999998
134.23030246038 -43.59339909848 0.0094 0.0104 26.4027 "" "" 5332012236526455168 885.722717 1.0939 0.0123 -9.019 1.39 0.012 0.013 0.973 6392.1 3.8535 13.579232 1.245679 14.119932 12.874253 45.53 3.7 877.622009 894.649292 69703.38986 13.85 30722.0 25.808 56164.0 24.845 "" "" 0.0027637530467111817 0.0029354598 0.0038097778 0.006745238 134.23030246038 -43.59339909848 885.722717 -9.018999999999998 1.3899999999999997
133.82062557549 -43.28749564217 0.0684 0.0677 24.5864 "" "" 5332081643198941184 822.610779 1.2101 0.0795 -5.746 5.097 0.086 0.082 6.471 "" "" 13.585707 1.083728 13.900434 12.816706 17.2 6.66 764.458862 882.072571 69288.97278 46.434 37605.0 38.469 59221.0 43.871 "" "" 0.0028497718922819294 0.0030031088 0.0038640199 0.0068671284 133.82062557549 -43.28749564217 822.610779 -5.746 5.0969999999999995
