Clusters/BH_56/BH_56_stars_in_region.tsv
# %ECSV 1.0
# ---
# datatype:
# - name: RA_ICRS_1
#   unit: deg
#   datatype: float64
#   format: '{:15.11f}'
#   description: Right ascension (ICRS) at Ep=2016.0 (ra)
#   meta: !!omap
#   - {ucd: POS_EQ_RA_MAIN}
#   - {width: 15}
#   - {precision: '11'}
# - name: DE_ICRS_1
#   unit: deg
#   datatype: float64
#   format: '{:15.11f}'
#   description: Declination (ICRS) at Ep=2016.0 (dec)
#   meta: !!omap
#   - {ucd: POS_EQ_DEC_MAIN}
#   - {width: 15}
#   - {precision: '11'}
# - name: e_RA_ICRS
#   unit: mas
#   datatype: float64
#   format: '{:7.4f}'
#   description: Standard error of right ascension (ra_error)
#   meta: !!omap
#   - {ucd: ERROR}
#   - {width: 7}
#   - {precision: '4'}
# - name: e_DE_ICRS
#   unit: mas
#   datatype: float64
#   format: '{:7.4f}'
#   description: Standard error of declination (dec_error)
#   meta: !!omap
#   - {ucd: ERROR}
#   - {width: 7}
#   - {precision: '4'}
# - name: _r_1
#   unit: ''
#   datatype: float64
#   format: '{:7.4f}'
#   description: Distance from center (134.35640829000-43.16300572000)[ICRS], at Epoch=J2016.0
#   meta: !!omap
#   - {ucd: POS_ANG_DIST_GENERAL}
#   - {width: 7}
#   - {precision: '4'}
# - name: HIP
#   datatype: int32
#   description: '? HIP cross-id number, van Leeuwen, Cat. I/311 (hip_original_ext_source_id)'
#   meta: !!omap
#   - {ucd: ID_NUMBER}
#   - {width: 6}
#   - values: {'null': -2147483648}
# - name: TYC2
#   datatype: string
#   description: Tycho-2 cross-id name, Hog et al., Cat. I/259 (tyc2_original_ext_source_id)
#   meta: !!omap
#   - {ucd: ID_CROSSID}
#   - {_votable_string_dtype: char}
# - name: Source
#   datatype: int64
#   description: Source identifier, identical to the Gaia-EDR3 source_id (id)
#   meta: !!omap
#   - {ucd: ID_MAIN}
#   - {width: 19}
# - name: rgeo
#   unit: pc
#   datatype: float64
#   format: '{:15.8f}'
#   description: '? Median of the geometric distance posterior (r_med_geo)'
#   meta: !!omap
#   - {ucd: PHYS_DISTANCE_TRUE}
#   - {width: 15}
#   - {precision: '8'}
#   - values: {'null': .nan}
# - name: Plx
#   unit: mas
#   datatype: float64
#   format: '{:9.4f}'
#   description: '? Parallax (parallax)'
#   meta: !!omap
#   - {ucd: POS_PARLX_TRIG}
#   - {width: 9}
#   - {precision: '4'}
#   - values: {'null': .nan}
# - name: e_Plx
#   unit: mas
#   datatype: float32
#   format: '{:7.4f}'
#   description: '? Standard error of parallax (parallax_error)'
#   meta: !!omap
#   - {ucd: ERROR}
#   - {width: 7}
#   - {precision: '4'}
#   - values: {'null': .nan}
# - name: pmRA
#   unit: mas / yr
#   datatype: float64
#   format: '{:9.3f}'
#   description: '? Proper motion in right ascension direction, pmRA*cosDE (pmra)'
#   meta: !!omap
#   - {ucd: POS_EQ_PMRA}
#   - {width: 9}
#   - {precision: '3'}
#   - values: {'null': .nan}
# - name: pmDE
#   unit: mas / yr
#   datatype: float64
#   format: '{:9.3f}'
#   description: '? Proper motion in declination direction (pmdec)'
#   meta: !!omap
#   - {ucd: POS_EQ_PMDEC}
#   - {width: 9}
#   - {precision: '3'}
#   - values: {'null': .nan}
# - name: e_pmRA
#   unit: mas / yr
#   datatype: float32
#   format: '{:6.3f}'
#   description: '? Standard error of proper motion in right ascension direction (pmra_error)'
#   meta: !!omap
#   - {ucd: ERROR}
#   - {width: 6}
#   - {precision: '3'}
#   - values: {'null': .nan}
# - name: e_pmDE
[...]
#         unit: &id001 !astropy.units.Unit {unit: deg}
#         value: !astropy.table.SerializedColumn {name: SkyCoord.dec}
#       distance: !astropy.table.SerializedColumn
#         __class__: astropy.coordinates.distances.Distance
#         unit: !astropy.units.Unit {unit: pc}
#         value: !astropy.table.SerializedColumn {name: SkyCoord.distance}
#       frame: icrs
#       obstime: !astropy.time.Time {format: jyear_str, in_subfmt: '*', jd1: 367701545.0, jd2: 0.0, out_subfmt: '*', precision: 3, scale: tt}
#       pm_dec: !astropy.table.SerializedColumn
#         __class__: astropy.units.quantity.Quantity
#         unit: !astropy.units.Unit {unit: mas / yr}
#         value: !astropy.table.SerializedColumn {name: SkyCoord.pm_dec}
#       pm_ra_cosdec: !astropy.table.SerializedColumn
#         __class__: astropy.units.quantity.Quantity
#         unit: !astropy.units.Unit {unit: mas / yr}
#         value: !astropy.table.SerializedColumn {name: SkyCoord.pm_ra_cosdec}
#       ra: !astropy.table.SerializedColumn
#         __class__: astropy.coordinates.angles.Longitude
#         unit: *id001
#         value: !astropy.table.SerializedColumn {name: SkyCoord.ra}
#         wrap_angle: !astropy.coordinates.Angle
#           unit: *id001
#           value: 360.0
#       representation_type: spherical
# schema: astropy-2.0
RA_ICRS_1 DE_ICRS_1 e_RA_ICRS e_DE_ICRS _r_1 HIP TYC2 Source rgeo Plx e_Plx pmRA pmDE e_pmRA e_pmDE RUWE Teff logg Gmag BP-RP BPmag RPmag RV e_RV b_rgeo B_rgeo FG e_FG FBP e_FBP FRP e_FRP RAVE5 RAVE6 e_Gmag e_BPmag e_RPmag e_BP-RP SkyCoord.ra SkyCoord.dec SkyCoord.distance SkyCoord.pm_ra_cosdec SkyCoord.pm_dec
[from data line 1405]
134.0279665899 -42.8655574401 0.0302 0.0353 22.9375 "" "" 5524265486778101248 942.171692 1.0426 0.0399 -3.987 7.587 0.039 0.042 1.097 4855.5 4.3063 16.35001 1.77125 17.193926 15.422676 "" "" 902.101074 981.77533 5431.78857 2.6341 1810.7 10.63 5371.4 9.6969 "" "" 0.0028051757933947965 0.0069579263 0.0042574136 0.01121534 134.0279665899 -42.8655574401 942.171692 -3.9870000000000005 7.587
135.43431005353 -43.34632070022 0.0377 0.0364 48.3699 "" "" 5331925340751926912 862.793213 1.1377 0.0455 -5.693 5.109 0.049 0.044 1.169 4481.2 4.339 16.350687 1.640034 17.105936 15.465902 "" "" 830.856445 895.193298 5428.40423 8.0393 1963.6 12.1 5161.8 24.629 "" "" 0.003190182834277304 0.007248962 0.0064125727 0.0136615345 135.43431005353 -43.34632070022 862.793213 -5.692999999999999 5.109
134.36908937048 -42.32180551317 0.03 0.0335 50.4751 "" "" 5524372998401019264 874.589111 1.1122 0.0404 -15.072 2.106 0.039 0.039 0.978 6032.4 4.3711 16.355995 1.908256 17.294703 15.386447 "" "" 845.528992 905.206482 5401.92568 2.8161 1650.2 10.04 5553.7 11.585 "" "" 0.00281285552120657 0.007170833 0.0044060457 0.011576879 134.36908937048 -42.32180551317 874.589111 -15.072 2.1060000000000016
134.98394316666 -42.66131271798 0.0297 0.0358 40.8233 "" "" 5332156169472029952 887.807983 1.1025 0.0414 -3.859 7.451 0.042 0.048 1.105 5140.4 4.5691 16.357552 1.549102 17.079699 15.530597 "" "" 858.742065 923.919922 5394.18756 2.4434 2011.6 8.7327 4863.2 8.772 "" "" 0.0027988678802643094 0.0054773055 0.0042566475 0.009733953 134.98394316666 -42.66131271798 887.807983 -3.859 7.4510000000000005
135.51208662137 -43.3951932077 0.0316 0.0356 52.3681 "" "" 5331924103801341440 862.061951 1.1404 0.0418 -3.443 4.251 0.042 0.039 1.002 4559.8 4.473 16.358809 1.338161 16.94718 15.609019 "" "" 833.02594 893.991089 5387.94781 2.772 2272.7 21.894 4524.3 15.73 "" "" 0.002811372197780335 0.010825173 0.005341661 0.016166834 135.51208662137 -43.3951932077 862.061951 -3.442999999999999 4.2509999999999994
133.410396048 -43.18737681226 0.0295 0.0345 41.4192 "" "" 5524233875819127936 782.997864 1.2526 0.0389 3.979 1.133 0.04 0.044 1.026 4424.4 4.5354 16.359457 1.417376 17.009644 15.592268 "" "" 760.543884 803.946411 5384.73187 2.663 2145.7 10.064 4594.6 11.519 "" "" 0.0028071518399955474 0.00580672 0.0046575875 0.010464307 133.410396048 -43.18737681226 782.997864 3.979 1.1330000000000002
135.32130712195 -43.39011876943 0.0317 0.0319 44.2975 "" "" 5331930872669835008 1004.79822 0.9744 0.0392 -11.606 -5.297 0.042 0.04 1.006 5692.0 4.2908 16.362404 1.957505 17.336784 15.379279 "" "" 967.480896 1047.09021 5370.13923 2.7118 1587.5 12.204 5590.4 9.1565 "" "" 0.002809340153422996 0.0088006705 0.0041768607 0.012977531 135.32130712195 -43.39011876943 1004.79822 -11.605999999999998 -5.296999999999999
133.63309226591 -43.66884002317 0.0337 0.0372 43.7593 "" "" 5331692514863076352 830.556641 1.168 0.0438 -0.47 3.852 0.051 0.051 1.155 4522.1 4.3717 16.365128 1.503882 16.95384 15.449959 "" "" 799.507019 866.664185 5356.6826 4.2259 2258.8 26.597 5238.1 85.681 "" "" 0.0028853855965005337 0.013085298 0.018157363 0.031242661 133.63309226591 -43.66884002317 830.556641 -0.4700000000000002 3.8519999999999994
133.52786022463 -43.424616004 0.0372 0.0384 39.4411 "" "" 5523852551439111168 956.518494 1.0309 0.0463 -14.902 5.445 0.048 0.052 1.029 5470.1 4.5554 16.368141 1.661089 17.100813 15.439724 "" "" 914.995544 994.285278 5341.8341 3.0814 1972.8 21.362 5287.7 69.247 "" "" 0.0028256044109398705 0.012083193 0.01471237 0.026795562 133.52786022463 -43.424616004 956.518494 -14.901999999999997 5.445000000000002
134.36095745557 -43.90903961645 0.0314 0.0334 44.7625 "" "" 5331984851815169792 1033.63171 0.9396 0.039 -7.001 11.276 0.038 0.041 0.955 7115.1 4.2313 16.369982 2.243223 17.549984 15.306761 "" "" 977.652893 1090.31946 5332.7862 2.8833 1304.4 9.1128 5976.6 13.042 "" "" 0.0028171604707376108 0.008082069 0.0044606235 0.012542693 134.36095745557 -43.90903961645 1033.63171 -7.0009999999999994 11.276
133.77902569175 -42.62283606613 0.0295 0.0324 41.1651 "" "" 5524284247195628672 986.002563 0.9937 0.0387 -0.407 6.513 0.041 0.043 0.963 5460.4 4.6167 16.371284 1.512349 17.063782 15.551433 "" "" 946.752197 1030.48047 5326.38915 2.3019 2041.3 10.951 4770.7 10.209 "" "" 0.0027949880407953827 0.0064584687 0.0044364342 0.010894903 133.77902569175 -42.62283606613 986.002563 -0.4069999999999998 6.513000000000001
133.9113465121 -43.37319928573 0.0296 0.033 23.1762 "" "" 5332077348230683264 1012.32135 0.9652 0.0393 -9.406 -7.211 0.038 0.039 1.035 5884.4 4.1699 16.373877 1.933963 17.333662 15.399699 "" "" 971.679565 1056.19934 5313.68669 2.5636 1592.0 9.2252 5486.3 12.715 "" "" 0.002804669760168945 0.0068824803 0.004540425 0.011422905 133.9113465121 -43.37319928573 1012.32135 -9.406 -7.211000000000002
135.21269737442 -43.23859005475 0.0372 0.0342 37.7254 "" "" 5331942073938679424 901.633545 1.0766 0.0439 -6.329 3.415 0.054 0.043 1.025 4812.3 4.7166 16.374828 1.110556 16.581966 15.471411 "" "" 873.28186 932.893188 5309.02965 6.2828 3181.5 103.3 5135.6 87.551 "" "" 0.003040181674020136 0.035362974 0.01889139 0.054254364 135.21269737442 -43.23859005475 901.633545 -6.329 3.415
134.14430414407 -43.92816740279 0.033 0.0355 46.8272 "" "" 5331998660131588608 822.321411 1.1935 0.0405 -10.679 18.22 0.041 0.046 0.993 4591.0 4.618 16.375614 1.473813 17.057838 15.584025 "" "" 795.199341 852.88385 5305.19144 2.5826 2052.5 10.569 4629.6 10.813 "" "" 0.0028055564883946696 0.0062483796 0.0045513036 0.010799684 134.14430414407 -43.92816740279 822.321411 -10.678999999999998 18.219999999999995
133.31306479196 -43.26183657431 0.028 0.0328 46.008 "" "" 5523869628231757952 721.098877 1.367 0.0368 -23.766 17.501 0.036 0.041 1.022 4497.3 4.544 16.375898 1.398474 17.004782 15.606308 "" "" 703.326294 739.221619 5303.80745 2.4058 2155.3 13.861 4535.6 10.639 "" "" 0.0027989880881255686 0.007519335 0.004557388 0.012076722 133.31306479196 -43.26183657431 721.098877 -23.766 17.500999999999998
134.17823809414 -42.87636791094 0.0294 0.0334 18.8909 "" "" 5332116896289259136 1003.53357 0.97 0.0389 -5.773 7.429 0.037 0.042 1.046 5548.0 4.2282 16.378609 1.962689 17.360516 15.397826 "" "" 963.284058 1045.05188 5290.57577 2.5506 1553.1 7.3134 5495.8 12.328 "" "" 0.0028045988728888746 0.0058244327 0.004496146 0.010320579 134.17823809414 -42.87636791094 1003.53357 -5.773000000000001 7.429
133.4125510379 -43.01626699036 0.0317 0.0352 42.2837 "" "" 5524249097179106304 786.525024 1.2399 0.0403 -17.331 13.475 0.043 0.045 1.055 4562.5 4.4503 16.378681 1.31206 16.960201 15.648141 "" "" 768.432678 807.040466 5290.22858 2.55 2245.6 9.1712 4364.2 8.9051 "" "" 0.002804582297750714 0.0052390294 0.0043808524 0.009619882 133.4125510379 -43.01626699036 786.525024 -17.331 13.475
133.97724199546 -42.35694368969 0.0334 0.0371 51.1667 "" "" 5524296616700264320 990.763428 0.9897 0.0453 -11.813 9.725 0.044 0.046 1.163 4571.7 4.1821 16.379324 1.730967 17.198893 15.467926 "" "" 950.424744 1029.40991 5287.09301 4.073 1802.4 8.7849 5152.1 7.1418 "" "" 0.0028794755326475943 0.005982394 0.00406803 0.010050423 133.97724199546 -42.35694368969 990.763428 -11.812999999999999 9.724999999999998
133.76646129587 -42.49080216062 0.0295 0.0305 47.9646 "" "" 5524288954478833280 845.565369 1.147 0.0378 -10.687 1.97 0.038 0.039 0.951 4668.3 4.4815 16.380676 1.361679 16.993319 15.63164 "" "" 825.634888 874.987488 5280.5112 2.3531 2178.2 10.293 4431.0 9.0536 "" "" 0.0027974768076526294 0.0058402186 0.0043823645 0.010222583 133.76646129587 -42.49080216062 845.565369 -10.687 1.9700000000000002
134.57301452093 -43.72951829261 0.1852 0.2054 35.276 "" "" 5332016840731554688 807.876404 1.3035 0.2421 -8.955 -11.388 0.258 0.266 5.638 4554.0 4.3632 16.381083 1.726354 17.135296 15.408942 "" "" 671.578186 1020.1236 5278.54007 15.498 1911.2 12.965 5439.8 8.4092 "" "" 0.0042135052784027585 0.007876088 0.0041353065 0.012011394 134.57301452093 -43.72951829261 807.876404 -8.954999999999998 -11.388
135.2727923827 -43.61117368128 0.0289 0.0329 48.1628 "" "" 5331915032831091584 864.212646 1.136 0.0379 -7.771 5.86 0.04 0.042 0.976 4688.8 4.6273 16.382072 1.376337 17.005741 15.629404 "" "" 836.255432 887.315186 5273.72572 2.6836 2153.4 8.1525 4440.1 7.3027 "" "" 0.0028101663240652245 0.004967991 0.0041800174 0.009148008 135.2727923827 -43.61117368128 864.212646 -7.771000000000001 5.860000000000001
133.76104171013 -43.3980981001 0.0336 0.0365 29.5848 "" "" 5332072056831019008 724.81604 1.358 0.042 -9.683 11.799 0.041 0.043 1.04 4264.2 4.4874 16.384855 1.736861 17.222864 15.486003 "" "" 705.957092 744.24939 5260.22992 2.768 1763.1 12.102 5067.1 10.673 "" "" 0.0028139305719987245 0.0079577295 0.0044174357 0.012375165 133.76104171013 -43.3980981001 724.81604 -9.683 11.799
134.45422913583 -42.33196076358 0.0298 0.0337 50.0486 "" "" 5524377911843587840 728.461487 1.3406 0.0385 -2.934 3.835 0.039 0.042 0.91 4496.1 4.6515 16.38557 1.484259 17.07388 15.589621 "" "" 710.952698 750.553833 5256.76633 2.2363 2022.4 13.851 4605.9 10.078 "" "" 0.002793766086188453 0.007942222 0.004464021 0.012406243 134.45422913583 -42.33196076358 728.461487 -2.9340000000000006 3.835
133.51199700579 -42.79504434042 0.0309 0.0345 43.143 "" "" 5524259645622747008 916.965271 1.0704 0.04 -3.395 -7.475 0.042 0.043 1.108 4658.2 4.3699 16.385841 1.591832 17.129927 15.538094 "" "" 887.432617 949.977356 5255.45139 2.4716 1920.6 10.07 4829.7 10.725 "" "" 0.002802234066950996 0.0063396897 0.0044829412 0.010822631 133.51199700579 -42.79504434042 916.965271 -3.3949999999999996 -7.475
134.63014651865 -42.37710862285 0.031 0.0368 48.6708 "" "" 5332224648430235008 897.735779 1.0864 0.0409 -5.579 8.641 0.04 0.044 1.06 4876.7 4.1812 16.386703 2.17405 17.513979 15.339929 "" "" 868.060425 928.270813 5251.28604 4.0574 1348.4 11.476 5796.8 20.525 "" "" 0.0028801962796970977 0.009652571 0.0053909644 0.015043535 134.63014651865 -42.37710862285 897.735779 -5.578999999999999 8.640999999999998
134.07713069574 -43.16235166128 0.0297 0.0336 12.2226 "" "" 5332103908308325760 805.786743 1.2186 0.0386 -3.363 0.373 0.042 0.042 1.062 4500.8 4.5939 16.387209 1.449204 17.0587 15.609497 "" "" 784.95105 831.296143 5248.8383 2.9454 2050.9 9.7025 4522.3 12.754 "" "" 0.002821877353532144 0.0058453586 0.004864138 0.010709496 134.07713069574 -43.16235166128 805.786743 -3.3629999999999995 0.373
134.06182241586 -43.43972965262 0.0298 0.0336 21.0032 "" "" 5332064635127466112 749.327271 1.3075 0.0395 -4.178 2.471 0.037 0.039 0.985 4391.1 4.4225 16.389626 1.541067 17.109076 15.568008 "" "" 729.47821 776.220154 5237.16962 2.522 1957.9 8.8306 4698.5 12.49 "" "" 0.0028044885521999476 0.0056360434 0.0047554094 0.010391453 134.06182241586 -43.43972965262 749.327271 -4.177999999999999 2.471000000000001
133.86468910936 -43.30102674631 0.0312 0.0333 23.0356 "" "" 5332078756979949056 763.027161 1.2924 0.0391 -16.475 8.419 0.039 0.04 0.987 4278.1 4.6441 16.39165 1.524001 17.098278 15.574277 "" "" 740.268677 787.378174 5227.41446 2.6588 1977.5 7.4931 4671.4 6.5264 "" "" 0.002810115946511136 0.0049709594 0.0040724254 0.009043384 133.86468910936 -43.30102674631 763.027161 -16.475 8.419
134.93767392904 -43.4996546314 0.0296 0.035 32.4277 "" "" 5331839024787301632 921.054993 1.0534 0.0402 -5.965 0.297 0.039 0.048 0.965 4837.4 4.3521 16.392406 1.602356 17.151035 15.548679 "" "" 893.013062 957.982361 5223.77002 2.4063 1883.7 10.501 4782.8 7.4027 "" "" 0.002800344199648154 0.006664776 0.004136149 0.010800924 134.93767392904 -43.4996546314 921.054993 -5.965000000000002 0.2969999999999994
134.43753185348 -43.33883958694 0.0296 0.0355 11.1298 "" "" 5332040239713079424 964.651123 1.0176 0.0396 -6.105 5.56 0.04 0.043 1.03 7115.0 4.3393 16.393015 2.063284 17.43731 15.374025 "" "" 931.513977 1000.02673 5220.84404 2.5901 1447.1 9.9854 5617.6 8.3273 "" "" 0.002807476532720253 0.007994587 0.0041078045 0.012102392 134.43753185348 -43.33883958694 964.651123 -6.105000000000001 5.560000000000001
134.15219463453 -43.72872504887 0.0323 0.0329 35.0895 "" "" 5332005261499761664 1000.35913 0.976 0.0394 -3.808 4.02 0.047 0.039 1.017 7379.1 4.0896 16.395086 2.003162 17.408934 15.405771 "" "" 966.327942 1034.60437 5210.89555 2.5768 1485.4 12.073 5455.7 13.437 "" "" 0.002807142677765768 0.009255215 0.0046297396 0.013884954 134.15219463453 -43.72872504887 1000.35913 -3.8080000000000003 4.019999999999999
134.81375820795 -42.65420936606 0.0288 0.0357 36.55 "" "" 5332202344662030336 728.000244 1.3529 0.04 -4.938 2.749 0.04 0.05 1.042 4497.1 4.6352 16.395922 1.563932 17.130966 15.567034 "" "" 704.427368 752.712646 5206.88397 2.5043 1918.8 8.3137 4702.7 11.801 "" "" 0.002804367504453161 0.0054694484 0.00465907 0.010128519 134.81375820795 -42.65420936606 728.000244 -4.937999999999999 2.749
135.21071417095 -42.72659642047 0.0306 0.0321 45.7544 "" "" 5332174620651482752 773.378113 1.2609 0.0381 -7.663 4.539 0.04 0.04 1.027 4570.3 4.6078 16.396988 1.456741 17.070564 15.613823 "" "" 752.372009 799.225952 5201.7716 2.7916 2028.6 9.4462 4504.3 12.689 "" "" 0.0028162562522672124 0.0057745646 0.0048619783 0.010636543 135.21071417095 -42.72659642047 773.378113 -7.663 4.539
133.88245421032 -43.84066243624 0.0317 0.0356 45.5921 "" "" 5331628472609808896 909.316772 1.0741 0.041 -11.936 8.912 0.04 0.046 1.073 5251.1 4.6553 16.39739 1.561881 17.125963 15.564082 "" "" 870.678406 949.021545 5199.84846 2.5848 1927.7 9.4658 4715.5 9.2027 "" "" 0.0028076816786158938 0.006017391 0.0043328386 0.010350229 133.88245421032 -43.84066243624 909.316772 -11.936 8.911999999999999
134.98904299529 -42.53972957059 0.0283 0.0334 46.614 "" "" 5332227259770668288 763.17572 1.2824 0.038 -5.429 7.228 0.04 0.041 1.022 4457.6 4.6448 16.404055 1.440674 17.062553 15.62188 "" "" 740.608826 781.219971 5168.03246 5.1415 2043.6 9.7172 4471.0 14.61 "" "" 0.002959482974884068 0.0058683576 0.005183747 0.011052105 134.98904299529 -42.53972957059 763.17572 -5.428999999999999 7.228
134.94198749279 -42.64448208257 0.029 0.034 40.3764 "" "" 5332203207953861760 906.617615 1.0832 0.0385 -17.854 -1.687 0.04 0.041 1.017 4926.2 4.523 16.40419 1.44028 17.057041 15.616761 "" "" 877.043884 948.154968 5167.38246 2.2626 2054.0 10.917 4492.1 11.296 "" "" 0.0027960323589804486 0.0064098225 0.0046623917 0.011072215 134.94198749279 -42.64448208257 906.617615 -17.854 -1.6870000000000003
133.57892087913 -43.61479716709 0.0308 0.0349 43.4053 "" "" 5331693824832195968 1036.755 0.9368 0.0398 -6.927 8.961 0.042 0.049 0.954 4970.3 4.2808 16.408445 1.664984 17.196363 15.53138 "" "" 1006.44861 1075.96631 5147.17422 2.6043 1806.6 14.399 4859.7 12.409 "" "" 0.002809549977973482 0.009092255 0.004687193 0.013779447 133.57892087913 -43.61479716709 1036.755 -6.926999999999998 8.960999999999999
133.51166967804 -42.62501357296 0.0858 0.0957 49.2007 "" "" 5524310081419528064 786.225769 1.269 0.1085 -6.505 5.48 0.112 0.119 2.953 4594.2 4.7082 16.408562 1.645957 17.150677 15.50472 "" "" 726.756897 866.274109 5146.61606 6.851 1884.3 8.9927 4980.5 14.091 "" "" 0.003111377021784451 0.005885073 0.0048702867 0.01075536 133.51166967804 -42.62501357296 786.225769 -6.505000000000001 5.48
133.66660213123 -42.58934019305 0.0281 0.0308 45.8763 "" "" 5524286751157250048 826.652405 1.188 0.0357 -4.893 5.084 0.037 0.037 1.026 4584.2 4.6209 16.408842 1.391315 17.046429 15.655113 "" "" 803.10498 853.937439 5145.28613 2.2213 2074.2 8.9015 4336.2 11.517 "" "" 0.0027949054388675698 0.0054309987 0.0047539053 0.010184905 133.66660213123 -42.58934019305 826.652405 -4.893000000000001 5.084
134.86554007824 -43.7606181689 0.0481 0.0493 42.1582 "" "" 5331825972383217536 983.855469 0.9761 0.0593 -6.975 4.075 0.064 0.064 1.04 "" "" 16.410734 4.378925 19.29314 14.914215 "" "" 936.277832 1056.55359 5136.33254 4.622 261.92 9.7828 8579.7 23.493 "" "" 0.002923413640174683 0.04064848 0.0048085637 0.045457043 134.86554007824 -43.7606181689 983.855469 -6.975 4.074999999999999
