Clusters/Gulliver_40/Gulliver_40_stars_in_region.tsv
# %ECSV 1.0
# ---
# datatype:
# - name: RA_ICRS_1
#   unit: deg
#   datatype: float64
#   format: '{:15.11f}'
#   description: Right ascension (ICRS) at Ep=2016.0 (ra)
#   meta: !!omap
#   - {ucd: POS_EQ_RA_MAIN}
#   - {width: 15}
#   - {precision: '11'}
# - name: DE_ICRS_1
#   unit: deg
#   datatype: float64
#   format: '{:15.11f}'
#   description: Declination (ICRS) at Ep=2016.0 (dec)
#   meta: !!omap
#   - {ucd: POS_EQ_DEC_MAIN}
#   - {width: 15}
#   - {precision: '11'}
# - name: e_RA_ICRS
#   unit: mas
#   datatype: float64
#   format: '{:7.4f}'
#   description: Standard error of right ascension (ra_error)
#   meta: !!omap
#   - {ucd: ERROR}
#   - {width: 7}
#   - {precision: '4'}
# - name: e_DE_ICRS
#   unit: mas
#   datatype: float64
#   format: '{:7.4f}'
#   description: Standard error of declination (dec_error)
#   meta: !!omap
#   - {ucd: ERROR}
#   - {width: 7}
#   - {precision: '4'}
# - name: _r_1
#   unit: ''
#   datatype: float64
#   format: '{:7.4f}'
#   description: Distance from center (163.10001376000-58.40030403000)[ICRS], at Epoch=J2016.0
#   meta: !!omap
#   - {ucd: POS_ANG_DIST_GENERAL}
#   - {width: 7}
#   - {precision: '4'}
# - name: HIP
#   datatype: int32
#   description: '? HIP cross-id number, van Leeuwen, Cat. I/311 (hip_original_ext_source_id)'
#   meta: !!omap
#   - {ucd: ID_NUMBER}
#   - {width: 6}
#   - values: {'null': -2147483648}
# - name: TYC2
#   datatype: string
#   description: Tycho-2 cross-id name, Hog et al., Cat. I/259 (tyc2_original_ext_source_id)
#   meta: !!omap
#   - {ucd: ID_CROSSID}
#   - {_votable_string_dtype: char}
# - name: Source
#   datatype: int64
#   description: Source identifier, identical to the Gaia-EDR3 source_id (id)
#   meta: !!omap
#   - {ucd: ID_MAIN}
#   - {width: 19}
# - name: rgeo
#   unit: pc
#   datatype: float64
#   format: '{:15.8f}'
#   description: '? Median of the geometric distance posterior (r_med_geo)'
#   meta: !!omap
#   - {ucd: PHYS_DISTANCE_TRUE}
#   - {width: 15}
#   - {precision: '8'}
#   - values: {'null': .nan}
# - name: Plx
#   unit: mas
#   datatype: float64
#   format: '{:9.4f}'
#   description: '? Parallax (parallax)'
#   meta: !!omap
#   - {ucd: POS_PARLX_TRIG}
#   - {width: 9}
#   - {precision: '4'}
#   - values: {'null': .nan}
# - name: e_Plx
#   unit: mas
#   datatype: float32
#   format: '{:7.4f}'
#   description: '? Standard error of parallax (parallax_error)'
#   meta: !!omap
#   - {ucd: ERROR}
#   - {width: 7}
#   - {precision: '4'}
#   - values: {'null': .nan}
# - name: pmRA
#   unit: mas / yr
#   datatype: float64
#   format: '{:9.3f}'
#   description: '? Proper motion in right ascension direction, pmRA*cosDE (pmra)'
#   meta: !!omap
#   - {ucd: POS_EQ_PMRA}
#   - {width: 9}
#   - {precision: '3'}
#   - values: {'null': .nan}
# - name: pmDE
#   unit: mas / yr
#   datatype: float64
#   format: '{:9.3f}'
#   description: '? Proper motion in declination direction (pmdec)'
#   meta: !!omap
#   - {ucd: POS_EQ_PMDEC}
#   - {width: 9}
#   - {precision: '3'}
#   - values: {'null': .nan}
# - name: e_pmRA
#   unit: mas / yr
#   datatype: float32
#   format: '{:6.3f}'
#   description: '? Standard error of proper motion in right ascension direction (pmra_error)'
#   meta: !!omap
#   - {ucd: ERROR}
#   - {width: 6}
#   - {precision: '3'}
#   - values: {'null': .nan}
# - name: e_pmDE
[...]
#         value: !astropy.table.SerializedColumn {name: SkyCoord.dec}
#       distance: !astropy.table.SerializedColumn
#         __class__: astropy.coordinates.distances.Distance
#         unit: !astropy.units.Unit {unit: pc}
#         value: !astropy.table.SerializedColumn {name: SkyCoord.distance}
#       frame: icrs
#       obstime: !astropy.time.Time {format: jyear_str, in_subfmt: '*', jd1: 367701545.0, jd2: 0.0, out_subfmt: '*', precision: 3, scale: tt}
#       pm_dec: !astropy.table.SerializedColumn
#         __class__: astropy.units.quantity.Quantity
#         unit: !astropy.units.Unit {unit: mas / yr}
#         value: !astropy.table.SerializedColumn {name: SkyCoord.pm_dec}
#       pm_ra_cosdec: !astropy.table.SerializedColumn
#         __class__: astropy.units.quantity.Quantity
#         unit: !astropy.units.Unit {unit: mas / yr}
#         value: !astropy.table.SerializedColumn {name: SkyCoord.pm_ra_cosdec}
#       ra: !astropy.table.SerializedColumn
#         __class__: astropy.coordinates.angles.Longitude
#         unit: *id001
#         value: !astropy.table.SerializedColumn {name: SkyCoord.ra}
#         wrap_angle: !astropy.coordinates.Angle
#           unit: *id001
#           value: 360.0
#       representation_type: spherical
# schema: astropy-2.0
RA_ICRS_1 DE_ICRS_1 e_RA_ICRS e_DE_ICRS _r_1 HIP TYC2 Source rgeo Plx e_Plx pmRA pmDE e_pmRA e_pmDE RUWE Teff logg Gmag BP-RP BPmag RPmag RV e_RV b_rgeo B_rgeo FG e_FG FBP e_FBP FRP e_FRP RAVE5 RAVE6 e_Gmag e_BPmag e_RPmag e_BP-RP SkyCoord.ra SkyCoord.dec SkyCoord.distance SkyCoord.pm_ra_cosdec SkyCoord.pm_dec rmRA rmDE e_rmRA e_rmDE rRV e_rRV v_pec v_pec3d e_vpec e_vpec3d
[from data line 1665]
162.62252498581 -58.67936885221 0.0311 0.0325 22.4482 "" "" 5350846213581779584 1741.51379 0.559 0.0403 -9.522 3.712 0.04 0.039 0.952 5649.8 4.5207 16.38576 1.205109 16.908184 15.703075 "" "" 1628.03381 1868.0437 5255.855 2.3945 2355.8 7.0727 4148.9 6.553 "" "" 0.0027993687711967063 0.004290731 0.004150242 0.008440973 162.62252498581 -58.67936885221 1741.51379 -9.521999999999998 3.7119999999999997 -1.800190612792969 1.1916667098999025 0.09224358 0.09124359 "" "" 17.82105593302327 "" 1.6384687600478107 ""
162.54392247889 -58.37311081889 0.0327 0.0328 17.5655 "" "" 5350868345579960832 1568.94128 0.6182 0.0407 -10.199 3.306 0.04 0.04 0.988 5961.5 4.4066 16.385769 1.464394 17.052341 15.587948 "" "" 1468.83704 1683.98926 5255.80284 2.2338 2062.9 7.5926 4613.0 8.728 "" "" 0.002793694732770425 0.004873796 0.0043015946 0.00917539 162.54392247889 -58.37311081889 1568.94128 -10.199 3.3060000000000054 -2.4771906127929686 0.7856667098999024 0.09224358 0.09224358 "" "" 19.326685405543486 "" 1.7827626901929226 ""
162.55885884566 -58.59040181321 0.034 0.0362 20.4446 "" "" 5350847867176053248 1314.16248 0.7338 0.0461 -10.345 3.716 0.046 0.045 1.034 5130.6 4.6856 16.386139 1.220955 16.903316 15.682362 "" "" 1255.81372 1388.42847 5254.01804 2.7123 2366.4 8.1016 4228.8 8.9234 "" "" 0.0028117507420496787 0.0046478007 0.0044195824 0.009067383 162.55885884566 -58.59040181321 1314.16248 -10.345 3.7160000000000006 -2.6231906127929694 1.1956667098999025 0.09824359 0.09724359 "" "" 17.957565488661228 "" 1.7611396296809616 ""
163.62956556285 -58.29160154736 0.0329 0.0294 17.9043 "" "" 5338964998338364032 1370.86914 0.7079 0.0362 -8.679 7.215 0.039 0.037 0.97 5095.7 4.6308 16.387848 1.075818 16.84249 15.766671 "" "" 1309.05884 1427.85852 5245.74637 2.2855 2502.8 7.2268 3912.8 9.309 "" "" 0.0027956317078881867 0.004196853 0.0045777815 0.008774634 163.62956556285 -58.29160154736 1370.86914 -8.679 7.215 -0.957190612792969 4.694666709899902 0.09124359 0.08924359 "" "" 31.133180133573795 "" 2.7809486430208046 ""
163.56180085612 -58.17103666269 0.0324 0.0309 20.0343 "" "" 5338968159413129856 1786.82666 0.5369 0.0377 -4.757 3.608 0.04 0.039 0.951 5706.0 4.5703 16.389471 1.100487 16.788668 15.688181 "" "" 1672.72986 1912.4353 5237.91097 2.7745 2630.0 7.4032 4206.2 14.611 "" "" 0.0028147008534944863 0.004138318 0.005339284 0.009477602 163.56180085612 -58.17103666269 1786.82666 -4.757 3.608 2.9648093872070316 1.0876667098999024 0.09224358 0.09124359 "" "" 26.747065901105028 "" 2.4640876024237937 ""
163.37729053724 -58.1361369028 0.0338 0.0344 18.1048 "" "" 5338970667695287808 1503.92249 0.6454 0.0403 -7.138 7.614 0.041 0.042 0.967 5052.6 4.5038 16.390938 1.150575 16.89891 15.748336 "" "" 1418.90417 1594.19995 5230.84181 2.5541 2376.0 6.6436 3979.5 6.8562 "" "" 0.002805857777089279 0.0041232845 0.004216971 0.008340255 163.37729053724 -58.1361369028 1503.92249 -7.138000000000001 7.614000000000001 0.5838093872070313 5.093666709899902 0.093243584 0.094243586 "" "" 36.54839504428136 "" 3.443980400585659 ""
162.8435220933 -58.22115252348 0.0537 0.0543 13.4498 "" "" 5350882158169217408 1579.20044 0.6297 0.0663 -2.894 5.234 0.066 0.065 1.391 "" "" 16.393364 1.34956 16.865269 15.515709 "" "" 1442.47522 1818.29224 5219.1662 3.8762 2450.8 8.3041 4930.3 14.05 "" "" 0.0028708895758886048 0.0046172277 0.0048843496 0.009501577 162.8435220933 -58.22115252348 1579.20044 -2.8940000000000023 5.234000000000001 4.827809387207031 2.7136667098999023 0.11824359 0.11724359 "" "" 41.45574628775367 "" 4.891955169294835 ""
163.74037607899 -58.35892319181 0.035 0.03 20.2964 "" "" 5338952800630231424 1774.61084 0.5392 0.037 -9.124 3.113 0.043 0.038 0.96 5687.3 4.4892 16.395536 1.254777 16.945324 15.690547 "" "" 1660.01843 1912.12305 5208.73164 2.4289 2276.6 6.1852 4197.0 6.8708 "" "" 0.0028014499896922016 0.0040603345 0.00417648 0.008236814 163.74037607899 -58.35892319181 1774.61084 -9.124 3.1130000000000018 -1.4021906127929693 0.5926667098999023 0.09524359 0.090243585 "" "" 12.805049321510598 "" 1.2101121793012846 ""
163.64320658633 -58.66102161969 0.0321 0.0289 23.1124 "" "" 5338849171667947008 1552.29944 0.6147 0.0369 -17.285 -1.261 0.044 0.038 1.011 5607.6 4.5324 16.39611 1.279861 16.958355 15.678494 "" "" 1469.47852 1640.42444 5205.98055 2.2523 2249.4 8.1509 4243.9 7.8599 "" "" 0.0027950734116389073 0.004823221 0.0042810254 0.009104246 163.64320658633 -58.66102161969 1552.29944 -17.285000000000004 -1.2609999999999963 -9.563190612792969 -3.7813332901000978 0.09624359 0.090243585 "" "" 75.6659323958053 "" 7.222646427107882 ""
163.59200587186 -58.29358276596 0.0357 0.0311 16.7623 "" "" 5338964963978596480 1716.86877 0.5599 0.0386 -5.807 3.018 0.043 0.039 1.05 6312.3 4.3865 16.397444 1.366319 17.005991 15.639672 "" "" 1581.5929 1828.25891 5199.59283 2.5216 2152.9 7.5753 4398.3 11.746 "" "" 0.0028051797628057536 0.0047307434 0.0047635147 0.009494258 163.59200587186 -58.29358276596 1716.86877 -5.807000000000003 3.0179999999999993 1.9148093872070309 0.49766670989990214 0.09524359 0.09124359 "" "" 16.100342916352425 "" 1.5294597462807145 ""
163.36640939034 -58.63237804588 0.0337 0.0317 16.2349 "" "" 5338860338583840128 1470.12256 0.6561 0.0401 -7.669 2.508 0.045 0.039 0.935 5197.6 4.4883 16.39958 1.039364 16.836094 15.79673 "" "" 1395.68445 1557.32947 5189.37384 3.6291 2517.6 10.999 3806.0 8.1414 "" "" 0.0028580259471804553 0.0055031804 0.004435956 0.009939136 163.36640939034 -58.63237804588 1470.12256 -7.668999999999999 2.5080000000000027 0.052809387207031655 -0.01233329010009765 0.09724359 0.09124359 "" "" 0.37789841551227366 "" 0.0366343679660773 ""
163.10353626178 -58.2056503069 0.0346 0.0347 11.6798 "" "" 5350885834688569472 1497.74463 0.6614 0.0443 -6.965 2.651 0.042 0.042 1.031 4888.3 4.4454 16.40319 1.235138 16.94243 15.707293 "" "" 1401.95581 1624.95288 5172.14192 2.7838 2282.7 10.192 4132.8 14.39 "" "" 0.0028166085868047757 0.0055933134 0.0053455913 0.010938905 163.10353626178 -58.2056503069 1497.74463 -6.965 2.651 0.7568093872070314 0.13066670989990214 0.094243586 0.094243586 "" "" 5.452317049102246 "" 0.5138459110619289 ""
163.68440382175 -58.17428659944 0.0339 0.0321 22.8826 "" "" 5338967609678701696 1808.23206 0.5315 0.0402 -5.635 2.818 0.042 0.039 0.946 5297.3 4.5987 16.405094 1.029672 16.841803 15.812131 "" "" 1697.24426 1916.37378 5163.07935 3.6334 2504.4 15.085 3752.4 9.358 "" "" 0.0028592971878068666 0.007110156 0.004649224 0.01175938 163.68440382175 -58.17428659944 1808.23206 -5.635 2.8179999999999996 2.0868093872070315 0.2976667098999024 0.094243586 0.09124359 "" "" 18.067130451727294 "" 1.7016472038517299 ""
163.12346906039 -58.2841845395 0.0359 0.0338 7.0062 "" "" 5350883738717574400 1825.40308 0.5306 0.0433 -5.402 -2.391 0.045 0.042 0.967 5801.4 4.462 16.406834 1.309236 16.875196 15.56596 "" "" 1667.83167 2049.46509 5154.81382 2.9917 2428.5 10.538 4707.3 34.158 "" "" 0.002826455688042063 0.0054755607 0.0087381285 0.014213689 163.12346906039 -58.2841845395 1825.40308 -5.402000000000003 -2.3910000000000036 2.319809387207031 -4.911333290100098 0.09724359 0.094243586 "" "" 46.99677726877936 "" 4.455195289590663 ""
162.88538602598 -58.70080088113 0.0625 0.0693 19.241 "" "" 5350842507056261504 1832.05225 0.5333 0.0805 -5.889 2.846 0.08 0.08 1.867 "" "" 16.409365 1.603995 17.058174 15.454179 "" "" 1619.5658 2121.04956 5142.81726 12.208 2051.9 19.517 5217.8 50.018 "" "" 0.0037728436551196375 0.01069745 0.011072858 0.021770308 162.88538602598 -58.70080088113 1832.05225 -5.889000000000006 2.8460000000000014 1.832809387207031 0.32566670989990243 0.13224359 0.13224359 "" "" 16.165287172649165 "" 2.1377555859236637 ""
162.97490837442 -58.53314174066 0.035 0.0336 8.8846 "" "" 5350851165710818944 1682.54346 0.5747 0.0448 -7.027 2.18 0.046 0.037 0.909 4716.1 4.2788 16.410381 1.138641 16.898447 15.759806 "" "" 1564.78101 1813.8291 5137.99691 3.6706 2377.0 9.6135 3937.6 9.0696 "" "" 0.0028624163071933554 0.0052026054 0.004531863 0.009734469 162.97490837442 -58.53314174066 1682.54346 -7.027 2.1799999999999997 0.6948093872070311 -0.3403332901000975 0.09824359 0.08924359 "" "" 6.170327453393517 "" 0.5958534462412879 ""
163.46603223199 -58.47727572808 0.0369 0.0328 12.3877 "" "" 5338868928518883584 1845.9801 0.515 0.0416 -5.512 2.479 0.048 0.042 1.12 5324.1 4.4503 16.41169 1.247038 16.87546 15.628422 "" "" 1701.57056 2019.42871 5131.81018 3.4224 2427.9 21.785 4444.2 40.922 "" "" 0.0028488728043255937 0.010133751 0.010687935 0.020821687 163.46603223199 -58.47727572808 1845.9801 -5.511999999999993 2.479000000000001 2.2098093872070317 -0.041333290100097564 0.10024358 0.094243586 "" "" 19.339094157387166 "" 1.938580729343362 ""
163.40133686195 -58.38082238534 0.0364 0.0332 9.5477 "" "" 5338872811169425152 1424.77637 0.6725 0.0417 -7.442 -2.051 0.042 0.038 0.999 4940.3 4.3953 16.412043 1.036003 16.846317 15.810314 "" "" 1355.32544 1500.91736 5130.14277 2.2541 2494.0 9.5635 3758.7 7.7343 "" "" 0.0027963137230098967 0.0050118533 0.004390335 0.0094021885 163.40133686195 -58.38082238534 1424.77637 -7.442000000000001 -2.051 0.2798093872070311 -4.571333290100098 0.094243586 0.090243585 "" "" 30.930004131553915 "" 2.791706465002126 ""
162.79621605874 -58.67863576829 0.0325 0.0334 19.2195 "" "" 5350843366049689344 1565.00598 0.6191 0.0411 -0.283 -0.608 0.041 0.039 0.993 5294.8 4.6038 16.413364 1.122416 16.890503 15.768087 "" "" 1461.25366 1700.1947 5123.90464 2.4089 2394.5 5.8489 3907.7 8.2029 "" "" 0.002802201850167522 0.0038494777 0.004413411 0.0082628885 162.79621605874 -58.67863576829 1565.00598 -0.2829999999999999 -0.6080000000000004 7.438809387207031 -3.1283332901000978 0.093243584 0.09124359 "" "" 59.86312568919197 "" 5.564024666967689 ""
163.11479661104 -58.74633329111 0.0357 0.0331 20.7669 "" "" 5338837558082879232 1753.22473 0.5555 0.043 -6.833 2.998 0.05 0.041 1.014 5081.1 4.4059 16.414217 1.251035 16.96519 15.714156 "" "" 1628.00964 1874.81543 5119.88356 2.5135 2235.3 8.6857 4106.7 9.4564 "" "" 0.002806403245754686 0.005058031 0.00453147 0.009589501 163.11479661104 -58.74633329111 1753.22473 -6.833 2.9980000000000033 0.8888093872070311 0.47766670989990256 0.10224359 0.093243584 "" "" 8.385352098431355 "" 0.8410251217197182 ""
163.24049264901 -58.51517029417 0.0349 0.0317 8.1818 "" "" 5338864427392771456 1737.25952 0.5441 0.0415 -6.754 3.069 0.046 0.038 0.988 5406.8 4.5945 16.416018 1.06763 16.851608 15.783978 "" "" 1633.27686 1885.28577 5111.39995 2.3702 2481.8 8.6254 3850.9 18.415 "" "" 0.0028009402981901566 0.0046929577 0.0064218747 0.011114832 163.24049264901 -58.51517029417 1737.25952 -6.754000000000001 3.0690000000000004 0.9678093872070317 0.5486667098999023 0.09824359 0.090243585 "" "" 9.161129293665491 "" 0.8827567597700334 ""
162.67343744832 -58.37506439716 0.0347 0.0372 13.5011 "" "" 5350856800707987200 1879.00757 0.5245 0.0452 -4.59 -3.641 0.042 0.043 1.033 7272.9 4.4325 16.416412 1.550577 17.136944 15.586367 "" "" 1734.09949 2031.28723 5109.53906 2.6008 1908.3 6.6428 4619.7 8.0005 "" "" 0.0028101975988596047 0.004697798 0.004221287 0.008919084 162.67343744832 -58.37506439716 1879.00757 -4.589999999999998 -3.6409999999999973 3.1318093872070314 -6.161333290100098 0.094243586 0.09524359 "" "" 61.55816489314664 "" 5.850434142524856 ""
162.57181646833 -58.66080156578 0.0341 0.0348 22.7598 "" "" 5350847042541516544 1479.4231 0.6519 0.0437 -6.88 4.497 0.043 0.04 1.059 5232.1 4.6021 16.417276 1.184146 16.925365 15.741219 "" "" 1378.94995 1600.92786 5105.47615 3.2404 2318.8 11.038 4005.6 10.655 "" "" 0.002840186242791918 0.0058734003 0.00475655 0.01062995 162.57181646833 -58.66080156578 1479.4231 -6.88 4.497 0.8418093872070314 1.9766667098999022 0.09524359 0.09224358 "" "" 15.065959110093914 "" 1.3967720300703175 ""
163.75512539832 -58.58516703467 0.0366 0.0299 23.3451 "" "" 5338854944104526080 1289.47595 0.7583 0.039 -11.078 4.716 0.047 0.039 0.948 4932.0 4.5224 16.418179 1.149085 16.922628 15.773543 "" "" 1234.17078 1344.35718 5101.23095 3.4914 2324.7 9.4331 3888.1 12.929 "" "" 0.0028537679061164676 0.005214879 0.0052267103 0.010441589 163.75512539832 -58.58516703467 1289.47595 -11.077999999999989 4.716 -3.356190612792968 2.1956667098999025 0.09924358 0.09124359 "" "" 24.513294633546508 "" 2.375710032144741 ""
162.91974572544 -58.37824296612 0.0364 0.0337 5.8217 "" "" 5350876557558716544 1269.08911 0.7653 0.0433 -0.831 -0.543 0.043 0.041 1.0 4723.4 4.4481 16.419502 1.164757 16.929745 15.764988 "" "" 1214.1134 1336.39807 5095.01738 3.0882 2309.5 9.9599 3918.9 12.556 "" "" 0.002832820048572436 0.0054506143 0.005136611 0.010587225 162.91974572544 -58.37824296612 1269.08911 -0.831 -0.5430000000000004 6.890809387207032 -3.063333290100098 0.09524359 0.093243584 "" "" 45.362985509959366 "" 4.3056939408087 ""
162.51136160267 -58.47461664622 0.0346 0.0339 19.0171 "" "" 5350865940398005632 1481.14868 0.6571 0.0427 -5.786 4.552 0.047 0.04 0.981 5550.3 4.5743 16.419693 1.273992 16.984829 15.710837 "" "" 1388.12708 1594.03662 5094.1263 2.402 2195.3 5.3898 4119.3 7.2227 "" "" 0.002802477880988289 0.0038588517 0.004231765 0.008090617 162.51136160267 -58.47461664622 1481.14868 -5.786 4.552 1.9358093872070317 2.031666709899902 0.09924358 0.09224358 "" "" 19.701669976869148 "" 1.8842375752772453 ""
162.84991308143 -58.46914059592 0.0335 0.0328 8.8748 "" "" 5350852437021169152 1379.36096 0.7047 0.0432 -7.385 2.932 0.045 0.04 1.022 5102.1 4.3887 16.422762 1.220511 16.928587 15.708077 "" "" 1290.77686 1476.43372 5079.74644 3.3938 2312.0 9.3384 4129.8 11.521 "" "" 0.0028492056154980397 0.005197765 0.0048433444 0.010041109 162.84991308143 -58.46914059592 1379.36096 -7.385 2.9319999999999995 0.33680938720703146 0.4116667098999023 0.09724359 0.09224358 "" "" 3.477606623180125 "" 0.327869882313262 ""
163.73305493778 -58.11757422024 0.034 0.0325 26.2114 "" "" 5338973687034862848 1583.08215 0.6143 0.0396 -7.831 3.677 0.041 0.038 0.931 5097.5 4.4597 16.423143 1.100185 16.864302 15.764116 "" "" 1498.67053 1704.06995 5077.96256 2.1287 2453.0 10.333 3922.0 14.227 "" "" 0.0027926592870071145 0.005357461 0.005458521 0.010815982 163.73305493778 -58.11757422024 1583.08215 -7.831000000000001 3.6769999999999987 -0.10919061279296916 1.1566667098999024 0.093243584 0.090243585 "" "" 8.717994302746531 "" 0.7869778824397112 ""
163.88854757032 -58.41248445052 0.0363 0.0307 24.797 "" "" 5338951421910696704 1699.93164 0.5643 0.039 -7.974 3.033 0.044 0.038 1.026 5468.6 4.3553 16.423916 1.334359 17.006851 15.672492 "" "" 1606.12231 1825.78613 5074.34681 2.3337 2151.2 11.452 4267.4 11.027 "" "" 0.0028002002790758866 0.0064181765 0.004706894 0.011125071 163.88854757032 -58.41248445052 1699.93164 -7.974 3.032999999999999 -0.25219061279296895 0.5126667098999023 0.09624359 0.090243585 "" "" 4.603657535796985 "" 0.4209745273337448 ""
162.58186566463 -58.13764190666 0.0363 0.0353 22.7092 "" "" 5350895936451355136 1898.89929 0.5092 0.0438 -8.936 3.897 0.047 0.046 1.009 6157.7 4.3154 16.424913 1.496143 17.110321 15.614178 "" "" 1777.13916 2055.05786 5069.69276 2.4733 1955.6 9.1125 4502.8 7.6597 "" "" 0.0028057722442142202 0.0057775904 0.0042065335 0.009984124 162.58186566463 -58.13764190666 1898.89929 -8.936 3.8969999999999994 -1.2141906127929687 1.3766667098999021 0.09924358 0.09824359 "" "" 16.521941327672202 "" 1.630424254420448 ""
