Clusters/Gulliver_40/Gulliver_40_stars_in_region.tsv
# %ECSV 1.0
# ---
# datatype:
# - name: RA_ICRS_1
#   unit: deg
#   datatype: float64
#   format: '{:15.11f}'
#   description: Right ascension (ICRS) at Ep=2016.0 (ra)
#   meta: !!omap
#   - {ucd: POS_EQ_RA_MAIN}
#   - {width: 15}
#   - {precision: '11'}
# - name: DE_ICRS_1
#   unit: deg
#   datatype: float64
#   format: '{:15.11f}'
#   description: Declination (ICRS) at Ep=2016.0 (dec)
#   meta: !!omap
#   - {ucd: POS_EQ_DEC_MAIN}
#   - {width: 15}
#   - {precision: '11'}
# - name: e_RA_ICRS
#   unit: mas
#   datatype: float64
#   format: '{:7.4f}'
#   description: Standard error of right ascension (ra_error)
#   meta: !!omap
#   - {ucd: ERROR}
#   - {width: 7}
#   - {precision: '4'}
# - name: e_DE_ICRS
#   unit: mas
#   datatype: float64
#   format: '{:7.4f}'
#   description: Standard error of declination (dec_error)
#   meta: !!omap
#   - {ucd: ERROR}
#   - {width: 7}
#   - {precision: '4'}
# - name: _r_1
#   unit: ''
#   datatype: float64
#   format: '{:7.4f}'
#   description: Distance from center (163.10001376000-58.40030403000)[ICRS], at Epoch=J2016.0
#   meta: !!omap
#   - {ucd: POS_ANG_DIST_GENERAL}
#   - {width: 7}
#   - {precision: '4'}
# - name: HIP
#   datatype: int32
#   description: '? HIP cross-id number, van Leeuwen, Cat. I/311 (hip_original_ext_source_id)'
#   meta: !!omap
#   - {ucd: ID_NUMBER}
#   - {width: 6}
#   - values: {'null': -2147483648}
# - name: TYC2
#   datatype: string
#   description: Tycho-2 cross-id name, Hog et al., Cat. I/259 (tyc2_original_ext_source_id)
#   meta: !!omap
#   - {ucd: ID_CROSSID}
#   - {_votable_string_dtype: char}
# - name: Source
#   datatype: int64
#   description: Source identifier, identical to the Gaia-EDR3 source_id (id)
#   meta: !!omap
#   - {ucd: ID_MAIN}
#   - {width: 19}
# - name: rgeo
#   unit: pc
#   datatype: float64
#   format: '{:15.8f}'
#   description: '? Median of the geometric distance posterior (r_med_geo)'
#   meta: !!omap
#   - {ucd: PHYS_DISTANCE_TRUE}
#   - {width: 15}
#   - {precision: '8'}
#   - values: {'null': .nan}
# - name: Plx
#   unit: mas
#   datatype: float64
#   format: '{:9.4f}'
#   description: '? Parallax (parallax)'
#   meta: !!omap
#   - {ucd: POS_PARLX_TRIG}
#   - {width: 9}
#   - {precision: '4'}
#   - values: {'null': .nan}
# - name: e_Plx
#   unit: mas
#   datatype: float32
#   format: '{:7.4f}'
#   description: '? Standard error of parallax (parallax_error)'
#   meta: !!omap
#   - {ucd: ERROR}
#   - {width: 7}
#   - {precision: '4'}
#   - values: {'null': .nan}
# - name: pmRA
#   unit: mas / yr
#   datatype: float64
#   format: '{:9.3f}'
#   description: '? Proper motion in right ascension direction, pmRA*cosDE (pmra)'
#   meta: !!omap
#   - {ucd: POS_EQ_PMRA}
#   - {width: 9}
#   - {precision: '3'}
#   - values: {'null': .nan}
# - name: pmDE
#   unit: mas / yr
#   datatype: float64
#   format: '{:9.3f}'
#   description: '? Proper motion in declination direction (pmdec)'
#   meta: !!omap
#   - {ucd: POS_EQ_PMDEC}
#   - {width: 9}
#   - {precision: '3'}
#   - values: {'null': .nan}
# - name: e_pmRA
#   unit: mas / yr
#   datatype: float32
#   format: '{:6.3f}'
#   description: '? Standard error of proper motion in right ascension direction (pmra_error)'
#   meta: !!omap
#   - {ucd: ERROR}
#   - {width: 6}
#   - {precision: '3'}
#   - values: {'null': .nan}
# - name: e_pmDE
[...]
#         value: !astropy.table.SerializedColumn {name: SkyCoord.dec}
#       distance: !astropy.table.SerializedColumn
#         __class__: astropy.coordinates.distances.Distance
#         unit: !astropy.units.Unit {unit: pc}
#         value: !astropy.table.SerializedColumn {name: SkyCoord.distance}
#       frame: icrs
#       obstime: !astropy.time.Time {format: jyear_str, in_subfmt: '*', jd1: 367701545.0, jd2: 0.0, out_subfmt: '*', precision: 3, scale: tt}
#       pm_dec: !astropy.table.SerializedColumn
#         __class__: astropy.units.quantity.Quantity
#         unit: !astropy.units.Unit {unit: mas / yr}
#         value: !astropy.table.SerializedColumn {name: SkyCoord.pm_dec}
#       pm_ra_cosdec: !astropy.table.SerializedColumn
#         __class__: astropy.units.quantity.Quantity
#         unit: !astropy.units.Unit {unit: mas / yr}
#         value: !astropy.table.SerializedColumn {name: SkyCoord.pm_ra_cosdec}
#       ra: !astropy.table.SerializedColumn
#         __class__: astropy.coordinates.angles.Longitude
#         unit: *id001
#         value: !astropy.table.SerializedColumn {name: SkyCoord.ra}
#         wrap_angle: !astropy.coordinates.Angle
#           unit: *id001
#           value: 360.0
#       representation_type: spherical
# schema: astropy-2.0
RA_ICRS_1 DE_ICRS_1 e_RA_ICRS e_DE_ICRS _r_1 HIP TYC2 Source rgeo Plx e_Plx pmRA pmDE e_pmRA e_pmDE RUWE Teff logg Gmag BP-RP BPmag RPmag RV e_RV b_rgeo B_rgeo FG e_FG FBP e_FBP FRP e_FRP RAVE5 RAVE6 e_Gmag e_BPmag e_RPmag e_BP-RP SkyCoord.ra SkyCoord.dec SkyCoord.distance SkyCoord.pm_ra_cosdec SkyCoord.pm_dec rmRA rmDE e_rmRA e_rmDE rRV e_rRV v_pec v_pec3d e_vpec e_vpec3d
[from data line 2077]
163.31623119826 -58.64771750732 0.1536 0.1641 16.3172 "" "" 5338860407291413120 1417.75989 0.9175 0.1987 -7.733 1.704 0.199 0.201 4.197 "" "" 16.835283 1.312681 17.034592 15.72191 "" "" 1090.76599 1770.95532 3474.02864 5.0443 2096.9 15.927 4077.5 17.928 "" "" 0.003174447510692484 0.008705931 0.006088733 0.014794664 163.31623119826 -58.64771750732 1417.75989 -7.7329999999999925 1.703999999999998 -0.011190612792968402 -0.8163332901000977 0.2512436 0.2532436 "" "" 5.486423614414529 "" 1.389399588298253 ""
162.47760516074 -58.48673706037 0.0442 0.0432 20.2201 "" "" 5350866112197138176 1870.41443 0.5169 0.0546 -5.429 4.066 0.061 0.051 0.999 6196.4 4.3037 16.836132 1.843196 17.7431 15.899903 "" "" 1707.0332 2045.32007 3471.31542 2.3048 1091.9 6.2188 3461.0 8.519 "" "" 0.0028480622455017823 0.006784035 0.0046287985 0.011412833 162.47760516074 -58.48673706037 1870.41443 -5.429000000000001 4.066 2.292809387207031 1.5456667098999022 0.11324359 0.10324359 "" "" 24.51517795090289 "" 2.701976911009918 ""
163.31755984619 -58.4621325098 0.0427 0.0397 7.7754 "" "" 5338866278483154816 1455.85425 0.6656 0.0504 -7.968 2.494 0.053 0.047 1.013 5016.8 4.7006 16.83827 1.195869 17.272604 16.076735 "" "" 1375.18933 1557.2572 3464.48368 2.8727 1684.1 27.578 2940.8 31.642 "" "" 0.002898669987720594 0.017997086 0.012278286 0.03027537 163.31755984619 -58.4621325098 1455.85425 -7.967999999999997 2.493999999999998 -0.24619061279296872 -0.02633329010009744 0.105243586 0.09924358 "" "" 1.7085906496830099 "" 0.17970551505265744 ""
162.86666382196 -58.20334062602 0.0488 0.0469 13.9205 "" "" 5350888068071373696 1898.50098 0.5112 0.0613 -7.137 3.788 0.058 0.054 1.104 5443.0 4.6189 16.838894 1.401949 17.463884 16.061935 "" "" 1730.65063 2101.50781 3462.49409 2.6924 1412.1 8.1323 2981.1 10.247 "" "" 0.0028817633116095744 0.006847054 0.005311472 0.012158526 162.86666382196 -58.20334062602 1898.50098 -7.136999999999995 3.7880000000000003 0.5848093872070317 1.2676667098999022 0.11024359 0.10624359 "" "" 12.562988424381452 "" 1.343691011563223 ""
163.49224885911 -58.05312679823 0.0468 0.0407 24.2379 "" "" 5338972145164231552 1407.52881 0.6861 0.0503 -8.867 3.611 0.054 0.049 0.979 4978.8 4.711 16.839392 1.165518 17.201664 16.036146 "" "" 1309.88684 1554.51453 3460.90594 2.7685 1797.8 31.15 3052.8 39.435 "" "" 0.002888964114450177 0.019018048 0.0145254545 0.033543505 163.49224885911 -58.05312679823 1407.52881 -8.866999999999997 3.610999999999996 -1.1451906127929696 1.0906667098999026 0.10624359 0.101243585 "" "" 10.551004751476988 "" 1.0962014514284903 ""
163.35458463554 -58.38848527693 0.0463 0.0424 8.0361 "" "" 5338872467560853504 1617.75342 0.6038 0.0539 -3.039 1.156 0.053 0.051 1.04 "" "" 16.839865 1.074333 17.266647 16.192314 "" "" 1477.6759 1735.44226 3459.39969 2.0988 1693.4 13.849 2643.8 13.981 "" "" 0.002832964697365329 0.00930745 0.0068738526 0.016181301 163.35458463554 -58.38848527693 1617.75342 -3.039000000000001 1.1560000000000001 4.6828093872070315 -1.3643332901000977 0.105243586 0.10324359 "" "" 37.40148836523664 "" 3.930465307702673 ""
162.97151434012 -58.55180239082 0.0415 0.0407 9.9437 "" "" 5350851127024524544 1711.72156 0.5814 0.0522 -7.028 0.944 0.052 0.046 0.984 5269.2 4.651 16.841835 1.138992 17.332264 16.193272 "" "" 1532.48694 1857.52771 3453.1281 2.0871 1594.1 7.7321 2641.5 7.7605 "" "" 0.002832388529691646 0.0059597855 0.0049455585 0.010905344 162.97151434012 -58.55180239082 1711.72156 -7.027999999999991 0.9439999999999986 0.6938093872070317 -1.5763332901000977 0.10424359 0.09824359 "" "" 13.973703991788598 "" 1.3867778059303786 ""
162.98753819387 -58.19160642881 0.0432 0.0442 13.0144 "" "" 5350885314964682496 1433.67102 0.6857 0.0557 -7.586 3.583 0.052 0.052 0.962 4964.8 4.6699 16.84247 1.18441 17.369806 16.185396 "" "" 1324.90674 1566.22546 3451.10658 2.3336 1539.9 7.618 2660.7 8.8711 "" "" 0.002851453031776033 0.0060526878 0.0052333516 0.011286039 162.98753819387 -58.19160642881 1433.67102 -7.586 3.5829999999999993 0.13580938720703095 1.0626667098999025 0.10424359 0.10424359 "" "" 7.280193678760304 "" 0.7589135353639634 ""
163.34696615035 -58.54295507446 0.0411 0.0407 11.5452 "" "" 5338862675046131200 1512.50757 0.6281 0.0519 -11.465 1.967 0.053 0.047 1.041 5036.0 4.5992 16.843184 1.144279 17.336466 16.192186 "" "" 1400.58716 1633.62402 3448.84063 1.8704 1587.9 9.3022 2644.1 9.1755 "" "" 0.0028175349727395218 0.0069455155 0.005336598 0.012282114 163.34696615035 -58.54295507446 1512.50757 -11.465000000000002 1.9669999999999974 -3.7431906127929686 -0.5533332901000976 0.105243586 0.09924358 "" "" 27.12762825947004 "" 2.8516254025451953 ""
163.77397866451 -58.44319867008 0.0488 0.039 21.3315 "" "" 5338857727243418112 1327.42407 0.7373 0.0496 -24.361 8.572 0.059 0.05 1.04 4512.2 4.3213 16.843435 1.301306 17.419172 16.117867 "" "" 1236.69629 1425.48914 3448.04482 2.0715 1471.5 8.2344 2831.5 9.1058 "" "" 0.0028314771960613696 0.0066857403 0.0051453933 0.011831134 163.77397866451 -58.44319867008 1327.42407 -24.360999999999997 8.571999999999997 -16.63919061279297 6.0516667098999015 0.11124359 0.10224359 "" "" 111.40293788588365 "" 12.279955592396883 ""
163.61432686835 -58.29542809163 0.0488 0.0399 17.3731 "" "" 5338964890928424192 1817.33813 0.5358 0.0495 -10.765 4.722 0.056 0.05 0.981 5491.6 4.5886 16.843443 1.410654 17.480495 16.069841 "" "" 1674.76111 2003.76917 3448.01668 2.2565 1390.7 8.4435 2959.5 8.099 "" "" 0.0028454631493407745 0.0071581244 0.004807492 0.011965616 163.61432686835 -58.29542809163 1817.33813 -10.765 4.722 -3.0431906127929693 2.2016667098999028 0.108243585 0.10224359 "" "" 32.355798509743 "" 3.4368437502651497 ""
162.91521851513 -58.42198663888 0.0446 0.0405 5.9519 "" "" 5350876042162548480 1455.18433 0.6693 0.0548 -15.145 11.715 0.055 0.048 1.046 4561.5 4.3098 16.844458 1.49173 17.537258 16.045528 "" "" 1327.64478 1583.72119 3444.79538 1.986 1319.8 6.6367 3026.5 8.1409 "" "" 0.002825527142088353 0.0061313384 0.0047762957 0.010907634 162.91521851513 -58.42198663888 1455.18433 -15.144999999999998 11.714999999999998 -7.423190612792968 9.194666709899902 0.10724358 0.10024358 "" "" 81.50984447107966 "" 8.40061378314533 ""
163.15790641373 -58.03342726723 0.0674 0.0685 22.0885 "" "" 5350981732720821376 1742.43115 0.5669 0.0806 -8.312 4.013 0.086 0.086 1.468 5175.7 4.7509 16.84571 1.227213 17.354176 16.126963 "" "" 1478.6416 2039.2666 3440.82248 3.8907 1562.2 9.0318 2807.8 8.2293 "" "" 0.0030164581072819187 0.006869321 0.00494063 0.011809951 163.15790641373 -58.03342726723 1742.43115 -8.311999999999996 4.013 -0.5901906127929681 1.4926667098999022 0.13824359 0.13824359 "" "" 13.256803903760433 "" 1.8326681082342553 ""
162.93663373062 -58.52870970869 0.0462 0.0423 9.2544 "" "" 5350851234430268288 1278.19604 0.7595 0.0582 -5.188 1.868 0.064 0.05 1.009 "" "" 16.84596 1.309378 17.35944 16.050062 "" "" 1181.41675 1383.79504 3440.03488 2.3551 1554.7 12.429 3013.9 42.787 "" "" 0.002853822212092235 0.009117315 0.015870295 0.02498761 162.93663373062 -58.52870970869 1278.19604 -5.188 1.868 2.5338093872070315 -0.6523332901000976 0.116243586 0.10224359 "" "" 15.852057986958556 "" 1.8296895078463422 ""
163.78873029663 -58.44269550148 0.0446 0.037 21.7883 "" "" 5338857722908321920 1555.7771 0.6294 0.0474 -15.251 -1.821 0.056 0.048 0.969 4942.6 4.4995 16.84672 1.110834 17.326014 16.21518 "" "" 1449.62622 1661.31812 3437.62891 1.859 1603.3 6.7572 2588.7 8.3636 "" "" 0.0028171843369938533 0.005359466 0.0051563983 0.010515865 163.78873029663 -58.44269550148 1555.7771 -15.251000000000001 -1.820999999999998 -7.529190612792968 -4.341333290100097 0.108243585 0.10024358 "" "" 64.09178692979448 "" 6.813204665523293 ""
162.93209615317 -58.47002024852 0.041 0.0394 6.7314 "" "" 5350875595485880448 1324.41113 0.7541 0.0521 -13.121 3.122 0.053 0.046 1.006 4976.9 4.6295 16.84699 1.278938 17.407679 16.12874 "" "" 1234.67358 1397.15869 3436.76898 1.8876 1487.1 6.5703 2803.3 10.029 "" "" 0.0028191123462800965 0.005549434 0.0054195467 0.010968981 162.93209615317 -58.47002024852 1324.41113 -13.120999999999999 3.1220000000000034 -5.399190612792969 0.6016667098999022 0.105243586 0.09824359 "" "" 34.1043495430517 "" 3.5864320961643816 ""
162.70400825235 -58.56111943721 0.0513 0.0517 15.7288 "" "" 5350852952424788864 1742.00293 0.5708 0.0668 -8.922 3.581 0.068 0.063 1.268 4933.0 4.7054 16.852287 1.34354 17.434853 16.091312 "" "" 1576.42175 1916.69641 3420.04637 4.1735 1450.4 5.5762 2901.6 6.5206 "" "" 0.003057323568876418 0.0050208685 0.004498544 0.009519413 162.70400825235 -58.56111943721 1742.00293 -8.922 3.5809999999999973 -1.2001906127929693 1.0606667098999023 0.120243594 0.115243584 "" "" 13.225460707485519 "" 1.5616234075153332 ""
163.13245250212 -58.46371103079 0.045 0.0518 3.9385 "" "" 5338865526904408960 1604.67688 0.6349 0.0591 -5.34 1.643 0.057 0.059 1.012 4652.4 4.4124 16.852797 1.197491 17.37793 16.180439 "" "" 1448.48572 1730.64648 3418.44367 2.4034 1528.4 8.102 2672.9 10.194 "" "" 0.0028591061222416796 0.006396115 0.005606256 0.012002371 163.13245250212 -58.46371103079 1604.67688 -5.34 1.6429999999999996 2.3818093872070314 -0.8773332901000976 0.10924359 0.11124359 "" "" 19.30638183626502 "" 2.1137485793215345 ""
163.46893433536 -58.57874494015 0.044 0.0381 15.7629 "" "" 5338861609894253440 1708.82397 0.5614 0.0506 -11.479 2.34 0.057 0.048 1.003 5485.8 4.5892 16.853008 1.507797 17.550764 16.042967 "" "" 1582.64465 1884.90894 3417.77273 2.1586 1303.5 7.5917 3033.7 10.538 "" "" 0.002839368833516548 0.006911638 0.0053392565 0.012250895 163.46893433536 -58.57874494015 1708.82397 -11.479 2.34 -3.757190612792968 -0.1803332901000978 0.10924359 0.10024358 "" "" 30.467622343004646 "" 3.3277880061459957 ""
163.31808815877 -58.70516935835 0.0407 0.0418 19.5241 "" "" 5338836557311898368 1454.03906 0.6647 0.051 -7.735 3.287 0.055 0.053 1.046 4915.9 4.6391 16.854376 1.205849 17.36242 16.15657 "" "" 1357.85608 1580.36255 3413.47394 3.024 1550.4 7.515 2732.3 11.79 "" "" 0.0029183820745823153 0.005956608 0.006019382 0.01197599 163.31808815877 -58.70516935835 1454.03906 -7.735000000000001 3.287 -0.01319061279296907 0.7666667098999023 0.10724358 0.105243586 "" "" 5.28476025797801 "" 0.5561902782578604 ""
163.32532203805 -58.75279379851 0.043 0.0417 22.2928 "" "" 5338835977535191168 1702.3667 0.577 0.0534 -8.922 -0.867 0.056 0.049 1.002 "" "" 16.85634 "" "" "" "" "" 1562.78015 1886.92896 3407.29879 2.5127 "" "" "" "" "" "" 0.0028692970152372904 "" "" "" 163.32532203805 -58.75279379851 1702.3667 -8.922 -0.866999999999996 -1.2001906127929693 -3.3873332901000976 0.108243585 0.101243585 "" "" 28.998129959638785 "" 2.959205416095925 ""
163.63061944851 -58.55052067868 0.0426 0.037 18.9294 "" "" 5338856004921253120 1852.14783 0.5247 0.0486 -5.874 3.239 0.055 0.047 0.95 5480.7 4.643 16.857288 1.348854 17.45746 16.108606 "" "" 1734.94556 1988.03979 3404.33052 2.0726 1420.5 7.4354 2855.7 8.1302 "" "" 0.002833500247753653 0.0063311122 0.0048824814 0.011213593 163.63061944851 -58.55052067868 1852.14783 -5.874000000000004 3.2390000000000008 1.8478093872070316 0.7186667098999022 0.10724358 0.09924358 "" "" 17.405999135317444 "" 1.8489843055405322 ""
162.37214633409 -58.62200308231 0.0416 0.044 26.4062 "" "" 5350857831499264768 1768.05908 0.5642 0.0527 -6.882 2.153 0.054 0.048 0.973 5387.1 4.6836 16.85838 1.201502 17.38993 16.188429 "" "" 1615.65942 1894.4928 3400.91004 2.7186 1511.6 8.6603 2653.3 9.3475 "" "" 0.002888781127945332 0.006817536 0.005377219 0.012194755 162.37214633409 -58.62200308231 1768.05908 -6.881999999999996 2.1529999999999987 0.8398093872070316 -0.36733329010009763 0.10624359 0.10024358 "" "" 7.681923109694307 "" 0.8089300490805112 ""
162.75158712417 -58.02237466194 0.0434 0.0423 25.2085 "" "" 5350903186356518272 1336.4856 0.7286 0.0541 -10.842 4.942 0.06 0.054 0.934 4661.7 4.6874 16.86051 1.236401 17.393583 16.157183 "" "" 1235.39246 1439.33813 3394.24358 2.4749 1506.6 11.241 2730.8 9.6979 "" "" 0.002866795373654853 0.008567908 0.0053991443 0.013967052 162.75158712417 -58.02237466194 1336.4856 -10.842000000000002 4.942 -3.1201906127929693 2.4216667098999025 0.112243585 0.10624359 "" "" 25.021062486846926 "" 2.752977856912835 ""
162.94558178229 -58.82057216043 0.0423 0.0443 25.6738 "" "" 5338831854365710848 1623.12708 0.6056 0.0527 -10.227 2.39 0.053 0.054 0.973 5021.3 4.6392 16.86072 1.287499 17.413307 16.125809 "" "" 1488.76355 1761.40613 3393.58605 2.0068 1479.4 7.6964 2810.8 11.933 "" "" 0.0028291374727244995 0.006299969 0.005960726 0.012260695 162.94558178229 -58.82057216043 1623.12708 -10.227 2.39 -2.505190612792969 -0.13033329010009753 0.105243586 0.10624359 "" "" 19.300056683647053 "" 2.031259519540493 ""
163.49798084921 -58.42091492019 0.0444 0.039 12.5689 "" "" 5338869512634539904 1502.23193 0.6418 0.0496 -8.666 5.849 0.056 0.049 1.001 4947.8 4.4739 16.861479 1.402575 17.489195 16.08662 "" "" 1399.9552 1609.62683 3391.21269 2.0198 1379.6 6.2289 2914.1 9.3763 "" "" 0.0028301875711254777 0.005640538 0.005146624 0.010787162 163.49798084921 -58.42091492019 1502.23193 -8.666 5.849000000000003 -0.9441906127929691 3.3286667098999025 0.108243585 0.101243585 "" "" 24.63712014609023 "" 2.5076019024200833 ""
162.31804952885 -58.44824409337 0.0437 0.0418 24.735 "" "" 5350861267473455616 1497.08948 0.6386 0.0506 -1.952 -4.14 0.058 0.05 0.924 5000.0 4.612 16.861883 1.355627 17.480427 16.1248 "" "" 1395.30493 1593.21411 3389.95442 2.2781 1390.7 6.6636 2813.4 7.1596 "" "" 0.0028502895828110375 0.0059033483 0.004681658 0.010585006 162.31804952885 -58.44824409337 1497.08948 -1.9519999999999993 -4.14 5.769809387207031 -6.660333290100097 0.11024359 0.10224359 "" "" 62.531507601420664 "" 6.612551653530489 ""
163.38353727523 -58.49279594407 0.0438 0.0397 10.4901 "" "" 5338863190442276608 1596.12659 0.6303 0.051 12.138 3.482 0.055 0.048 1.008 4954.5 4.6697 16.863317 1.196304 17.389624 16.19332 "" "" 1458.79602 1732.76282 3385.47654 1.9981 1512.1 7.807 2641.4 5.9757 "" "" 0.0028288535815430204 0.006261681 0.0045074457 0.010769127 163.38353727523 -58.49279594407 1596.12659 12.138000000000003 3.4820000000000033 19.85980938720703 0.9616667098999025 0.10724358 0.10024358 "" "" 150.4282187686021 "" 16.13007806654235 ""
162.9732834169 -58.50789849267 0.0449 0.0417 7.583 "" "" 5350851367542753920 1826.30518 0.5325 0.0563 -9.967 8.597 0.059 0.049 1.047 4927.5 4.3682 16.863909 1.517208 17.563025 16.045816 "" "" 1653.43262 2016.49915 3383.63094 2.0377 1288.9 6.4406 3025.7 8.8282 "" "" 0.0028318396761724818 0.0061008167 0.0049314583 0.011032275 162.9732834169 -58.50789849267 1826.30518 -9.967 8.596999999999994 -2.2451906127929693 6.076666709899902 0.11124359 0.101243585 "" "" 56.07953566361206 "" 5.747945835036796 ""
163.33704518991 -58.66165989383 0.05 0.0495 17.3501 "" "" 5338860201132970240 1723.34961 0.564 0.0604 3.563 -1.768 0.066 0.06 1.326 4808.0 4.6384 16.864353 1.356564 17.383287 16.026724 "" "" 1542.24548 1918.7616 3382.25089 2.9144 1520.9 9.6562 3079.4 35.229 "" "" 0.0029098188546442098 0.007436614 0.01298331 0.020419924 163.33704518991 -58.66165989383 1723.34961 3.5629999999999997 -1.768000000000001 11.284809387207032 -4.2883332901000975 0.11824359 0.112243585 "" "" 98.61346870222586 "" 11.587414984511518 ""
