Clusters/Gulliver_40/Gulliver_40_stars_in_region.tsv
# %ECSV 1.0
# ---
# datatype:
# - name: RA_ICRS_1
#   unit: deg
#   datatype: float64
#   format: '{:15.11f}'
#   description: Right ascension (ICRS) at Ep=2016.0 (ra)
#   meta: !!omap
#   - {ucd: POS_EQ_RA_MAIN}
#   - {width: 15}
#   - {precision: '11'}
# - name: DE_ICRS_1
#   unit: deg
#   datatype: float64
#   format: '{:15.11f}'
#   description: Declination (ICRS) at Ep=2016.0 (dec)
#   meta: !!omap
#   - {ucd: POS_EQ_DEC_MAIN}
#   - {width: 15}
#   - {precision: '11'}
# - name: e_RA_ICRS
#   unit: mas
#   datatype: float64
#   format: '{:7.4f}'
#   description: Standard error of right ascension (ra_error)
#   meta: !!omap
#   - {ucd: ERROR}
#   - {width: 7}
#   - {precision: '4'}
# - name: e_DE_ICRS
#   unit: mas
#   datatype: float64
#   format: '{:7.4f}'
#   description: Standard error of declination (dec_error)
#   meta: !!omap
#   - {ucd: ERROR}
#   - {width: 7}
#   - {precision: '4'}
# - name: _r_1
#   unit: ''
#   datatype: float64
#   format: '{:7.4f}'
#   description: Distance from center (163.10001376000-58.40030403000)[ICRS], at Epoch=J2016.0
#   meta: !!omap
#   - {ucd: POS_ANG_DIST_GENERAL}
#   - {width: 7}
#   - {precision: '4'}
# - name: HIP
#   datatype: int32
#   description: '? HIP cross-id number, van Leeuwen, Cat. I/311 (hip_original_ext_source_id)'
#   meta: !!omap
#   - {ucd: ID_NUMBER}
#   - {width: 6}
#   - values: {'null': -2147483648}
# - name: TYC2
#   datatype: string
#   description: Tycho-2 cross-id name, Hog et al., Cat. I/259 (tyc2_original_ext_source_id)
#   meta: !!omap
#   - {ucd: ID_CROSSID}
#   - {_votable_string_dtype: char}
# - name: Source
#   datatype: int64
#   description: Source identifier, identical to the Gaia-EDR3 source_id (id)
#   meta: !!omap
#   - {ucd: ID_MAIN}
#   - {width: 19}
# - name: rgeo
#   unit: pc
#   datatype: float64
#   format: '{:15.8f}'
#   description: '? Median of the geometric distance posterior (r_med_geo)'
#   meta: !!omap
#   - {ucd: PHYS_DISTANCE_TRUE}
#   - {width: 15}
#   - {precision: '8'}
#   - values: {'null': .nan}
# - name: Plx
#   unit: mas
#   datatype: float64
#   format: '{:9.4f}'
#   description: '? Parallax (parallax)'
#   meta: !!omap
#   - {ucd: POS_PARLX_TRIG}
#   - {width: 9}
#   - {precision: '4'}
#   - values: {'null': .nan}
# - name: e_Plx
#   unit: mas
#   datatype: float32
#   format: '{:7.4f}'
#   description: '? Standard error of parallax (parallax_error)'
#   meta: !!omap
#   - {ucd: ERROR}
#   - {width: 7}
#   - {precision: '4'}
#   - values: {'null': .nan}
# - name: pmRA
#   unit: mas / yr
#   datatype: float64
#   format: '{:9.3f}'
#   description: '? Proper motion in right ascension direction, pmRA*cosDE (pmra)'
#   meta: !!omap
#   - {ucd: POS_EQ_PMRA}
#   - {width: 9}
#   - {precision: '3'}
#   - values: {'null': .nan}
# - name: pmDE
#   unit: mas / yr
#   datatype: float64
#   format: '{:9.3f}'
#   description: '? Proper motion in declination direction (pmdec)'
#   meta: !!omap
#   - {ucd: POS_EQ_PMDEC}
#   - {width: 9}
#   - {precision: '3'}
#   - values: {'null': .nan}
# - name: e_pmRA
#   unit: mas / yr
#   datatype: float32
#   format: '{:6.3f}'
#   description: '? Standard error of proper motion in right ascension direction (pmra_error)'
#   meta: !!omap
#   - {ucd: ERROR}
#   - {width: 6}
#   - {precision: '3'}
#   - values: {'null': .nan}
# - name: e_pmDE
[...]
#         value: !astropy.table.SerializedColumn {name: SkyCoord.dec}
#       distance: !astropy.table.SerializedColumn
#         __class__: astropy.coordinates.distances.Distance
#         unit: !astropy.units.Unit {unit: pc}
#         value: !astropy.table.SerializedColumn {name: SkyCoord.distance}
#       frame: icrs
#       obstime: !astropy.time.Time {format: jyear_str, in_subfmt: '*', jd1: 367701545.0, jd2: 0.0, out_subfmt: '*', precision: 3, scale: tt}
#       pm_dec: !astropy.table.SerializedColumn
#         __class__: astropy.units.quantity.Quantity
#         unit: !astropy.units.Unit {unit: mas / yr}
#         value: !astropy.table.SerializedColumn {name: SkyCoord.pm_dec}
#       pm_ra_cosdec: !astropy.table.SerializedColumn
#         __class__: astropy.units.quantity.Quantity
#         unit: !astropy.units.Unit {unit: mas / yr}
#         value: !astropy.table.SerializedColumn {name: SkyCoord.pm_ra_cosdec}
#       ra: !astropy.table.SerializedColumn
#         __class__: astropy.coordinates.angles.Longitude
#         unit: *id001
#         value: !astropy.table.SerializedColumn {name: SkyCoord.ra}
#         wrap_angle: !astropy.coordinates.Angle
#           unit: *id001
#           value: 360.0
#       representation_type: spherical
# schema: astropy-2.0
RA_ICRS_1 DE_ICRS_1 e_RA_ICRS e_DE_ICRS _r_1 HIP TYC2 Source rgeo Plx e_Plx pmRA pmDE e_pmRA e_pmDE RUWE Teff logg Gmag BP-RP BPmag RPmag RV e_RV b_rgeo B_rgeo FG e_FG FBP e_FBP FRP e_FRP RAVE5 RAVE6 e_Gmag e_BPmag e_RPmag e_BP-RP SkyCoord.ra SkyCoord.dec SkyCoord.distance SkyCoord.pm_ra_cosdec SkyCoord.pm_dec rmRA rmDE e_rmRA e_rmDE rRV e_rRV v_pec v_pec3d e_vpec e_vpec3d
[from data line 1222]
163.12659215189 -58.68313186095 0.0264 0.0264 16.9901 "" "" 5338839585307497984 1568.73511 0.6087 0.0322 -5.398 1.556 0.035 0.032 1.06 5823.1 4.411 15.859489 1.057041 16.30022 15.243179 "" "" 1494.50427 1661.17834 8533.9681 3.2734 4124.1 8.7682 6337.0 8.8299 "" "" 0.002786615796352741 0.003621274 0.004070927 0.007692201 163.12659215189 -58.68313186095 1568.73511 -5.397999999999997 1.5560000000000012 2.3238093872070316 -0.9643332901000976 0.08724359 0.08424359 "" "" 18.708148131512253 "" 1.6240423031787121 ""
162.32167445105 -58.39146108875 0.0257 0.0248 24.4788 "" "" 5350870269725049344 1361.3584 0.7093 0.0307 -9.218 2.735 0.033 0.029 0.954 5709.1 4.5023 15.867216 1.165526 16.358475 15.192948 "" "" 1303.41309 1426.45667 8473.44986 10.057 3908.7 16.295 6637.1 22.737 "" "" 0.003041774020581354 0.0053172098 0.005302646 0.010619856 162.32167445105 -58.39146108875 1361.3584 -9.218000000000002 2.735000000000001 -1.4961906127929687 0.21466670989990222 0.08524358 0.08124359 "" "" 9.753542493326137 "" 0.8306580985034385 ""
163.76616410233 -58.59512984917 0.0261 0.0232 23.9338 "" "" 5338854737946093824 1586.24011 0.5915 0.0297 -3.913 1.698 0.034 0.029 0.988 5798.1 4.4462 15.868074 0.945562 16.251982 15.306419 "" "" 1520.48242 1653.43542 8466.75639 2.9986 4311.5 10.232 5978.5 11.426 "" "" 0.002782022589969566 0.0037979214 0.004311556 0.008109477 163.76616410233 -58.59512984917 1586.24011 -3.913 1.698 3.8088093872070314 -0.8223332901000977 0.086243585 0.08124359 "" "" 29.297448374212706 "" 2.5203738901955846 ""
162.48715207646 -58.31461722494 0.0265 0.0258 19.9644 "" "" 5350869685609839616 1899.0 0.4901 0.0319 -6.872 2.033 0.032 0.033 1.027 7867.2 4.1845 15.868217 1.399703 16.492664 15.092961 "" "" 1798.95874 2014.64172 8465.63624 4.2648 3454.2 10.407 7277.4 12.728 "" "" 0.0028090862271740037 0.004299484 0.004229616 0.008529101 162.48715207646 -58.31461722494 1899.0 -6.8720000000000026 2.0330000000000026 0.8498093872070314 -0.48733329010009774 0.08424359 0.08524358 "" "" 8.817880413187527 "" 0.745041791911912 ""
163.33169668354 -58.33544233448 0.0275 0.0282 8.2642 "" "" 5338873189126572032 1712.45923 0.5483 0.0336 -8.871 3.8 0.035 0.033 1.091 5252.7 4.3079 15.874388 1.046111 16.302439 15.256328 "" "" 1630.94287 1801.53992 8417.66801 3.2297 4115.7 8.6345 6260.8 9.8595 "" "" 0.002786633331214291 0.0036018707 0.004148156 0.007750027 163.33169668354 -58.33544233448 1712.45923 -8.871 3.800000000000001 -1.1491906127929692 1.2796667098999022 0.08724359 0.08524358 "" "" 13.960832533768722 "" 1.2026167359088098 ""
163.22305324829 -58.13016646586 0.0265 0.0277 16.6669 "" "" 5350980152172496384 1889.07031 0.5059 0.0341 -28.003 3.804 0.034 0.033 1.012 5420.6 3.7718 15.875876 1.617288 16.638329 15.021041 "" "" 1774.48499 2003.37122 8406.13045 4.5799 3020.5 8.24 7775.7 13.659 "" "" 0.0028181038004490293 0.0040691514 0.0042333514 0.008302502 163.22305324829 -58.13016646586 1889.07031 -28.003 3.803999999999994 -20.28119061279297 1.2836667098999022 0.086243585 0.08524358 "" "" 181.9650907365698 "" 15.692599861319863 ""
162.98131539147 -58.73269320092 0.0522 0.0547 20.2862 "" "" 5338838485795783040 1730.9447 0.5493 0.0663 -10.73 2.615 0.071 0.067 1.955 5300.7 4.6429 15.87588 1.095264 16.310719 15.215454 "" "" 1545.78613 1986.62903 8406.09962 9.1247 4084.4 22.249 6500.9 20.602 "" "" 0.0029967935357682112 0.006539458 0.005111054 0.011650512 162.98131539147 -58.73269320092 1730.9447 -10.73000000000001 2.615000000000002 -3.008190612792969 0.09466670989990256 0.123243585 0.11924359 "" "" 24.69345334352701 "" 3.0432135834523173 ""
162.50087490364 -58.69041276099 0.0267 0.0267 25.5904 "" "" 5350845633792107904 1635.27917 0.5667 0.033 -9.432 2.24 0.034 0.03 1.095 5673.7 4.2761 15.875917 1.31268 16.445816 15.133136 "" "" 1559.2583 1720.72632 8405.81286 3.0054 3606.5 10.557 7013.0 31.858 "" "" 0.0027825316920849644 0.004229172 0.006213705 0.010442877 162.50087490364 -58.69041276099 1635.27917 -9.432000000000011 2.2400000000000007 -1.7101906127929691 -0.28033329010009744 0.086243585 0.082243584 "" "" 13.432981034105808 "" 1.1571342533354314 ""
163.00134453341 -57.96720272789 0.0281 0.0282 26.1728 "" "" 5350985306133379712 1478.17078 0.6385 0.032 -8.357 2.362 0.035 0.036 0.9 5457.5 4.4502 15.879061 1.05982 16.257315 15.197494 "" "" 1399.41882 1548.88025 8381.51556 5.6979 4290.3 22.369 6609.4 94.272 "" "" 0.00285246987144818 0.006311141 0.01594071 0.022251852 163.00134453341 -57.96720272789 1478.17078 -8.356999999999992 2.3619999999999988 -0.6351906127929681 -0.15833329010009756 0.08724359 0.08824359 "" "" 4.586663578917386 "" 0.4004267496322266 ""
162.80621805152 -58.44031378262 0.0261 0.0258 9.5384 "" "" 5350855495037907840 1856.29944 0.5138 0.0334 -7.66 5.435 0.034 0.03 1.024 6046.4 4.0329 15.879544 1.322456 16.384653 15.062197 "" "" 1720.63757 1989.46472 8377.77834 3.3339 3815.5 34.526 7486.5 56.371 "" "" 0.0027889906116946965 0.010213212 0.00900658 0.019219793 162.80621805152 -58.44031378262 1856.29944 -7.66 5.434999999999997 0.06180938720703111 2.914666709899902 0.086243585 0.082243584 "" "" 25.65150832542864 "" 2.1097192252997785 ""
162.74180218456 -58.53280624722 0.0241 0.0258 13.7679 "" "" 5350853261654630528 1279.52881 0.7485 0.0321 -29.109 -3.629 0.033 0.031 1.004 5151.9 4.4035 15.880429 1.031085 16.312168 15.281083 "" "" 1224.9209 1329.9447 8370.95809 2.6946 4079.0 9.0984 6119.6 8.4191 "" "" 0.0027773976248533813 0.003694603 0.004063853 0.0077584563 162.74180218456 -58.53280624722 1279.52881 -29.109 -3.629000000000002 -21.38719061279297 -6.149333290100097 0.08524358 0.083243586 "" "" 134.96781803003594 "" 11.48475248338188 ""
162.95489852391 -58.04447507715 0.0251 0.0261 21.8366 "" "" 5350890919930036864 1684.47131 0.5526 0.0314 -10.295 2.182 0.033 0.033 0.91 5877.3 4.3465 15.880942 1.114475 16.353115 15.23864 "" "" 1605.65015 1763.76526 8367.00266 2.7973 3928.0 8.9441 6363.6 9.4769 "" "" 0.0027791276354909447 0.003727866 0.004110736 0.007838602 162.95489852391 -58.04447507715 1684.47131 -10.294999999999996 2.181999999999997 -2.5731906127929687 -0.3383332901000977 0.08524358 0.08524358 "" "" 20.722201196045283 "" 1.7664346719100572 ""
163.62620947575 -58.30760653946 0.0272 0.0248 17.4735 "" "" 5338964895259119360 1338.20996 0.7119 0.0296 5.511 -6.292 0.033 0.03 1.022 5252.3 4.4301 15.882297 0.985065 16.28249 15.297425 "" "" 1284.19104 1402.92273 8356.56941 3.1371 4192.0 9.9537 6028.2 7.927 "" "" 0.0027853042675499177 0.0037988517 0.004040066 0.007838918 163.62620947575 -58.30760653946 1338.20996 5.511000000000001 -6.292 13.23280938720703 -8.812333290100097 0.08524358 0.082243584 "" "" 100.84644807415246 "" 8.50470834892326 ""
162.87820372462 -58.33651116471 0.0271 0.0264 7.9604 "" "" 5350881093044229760 1420.33398 0.674 0.0346 -7.441 3.749 0.034 0.031 1.021 5671.1 4.4169 15.883915 1.243637 16.417961 15.174324 "" "" 1350.90063 1478.22815 8344.12078 2.8218 3700.3 9.0174 6751.9 13.722 "" "" 0.0027796771254801483 0.0038452155 0.0043763723 0.008221588 162.87820372462 -58.33651116471 1420.33398 -7.441000000000001 3.7489999999999997 0.2808093872070314 1.2286667098999025 0.086243585 0.083243586 "" "" 8.485142099039814 "" 0.7076188961936053 ""
163.61161229089 -58.04952586467 0.0275 0.0265 26.5374 "" "" 5338974893943558784 1875.58655 0.4975 0.0313 -4.936 1.211 0.033 0.03 0.997 5442.3 4.3144 15.884208 1.362054 16.496838 15.134784 "" "" 1780.83386 2000.9502 8341.87157 2.9909 3441.0 6.7835 7002.4 9.3568 "" "" 0.0027826837305868586 0.0035165793 0.004048274 0.007564853 163.61161229089 -58.04952586467 1875.58655 -4.936 1.2110000000000014 2.7858093872070313 -1.3093332901000976 0.08524358 0.082243584 "" "" 27.365731935225572 "" 2.318114420284867 ""
162.80025581686 -58.02572132974 0.0292 0.028 24.3901 "" "" 5350903255076024704 1521.4281 0.6286 0.0365 0.409 -0.815 0.038 0.034 1.035 5630.2 4.5152 15.884753 0.964045 16.281052 15.317006 "" "" 1435.09766 1590.04297 8337.68555 3.0989 4197.6 7.5587 5920.5 7.1918 "" "" 0.0027847143045066944 0.0034069763 0.004002894 0.00740987 162.80025581686 -58.02572132974 1521.4281 0.409 -0.815 8.130809387207032 -3.3353332901000976 0.090243585 0.086243585 "" "" 63.37755358188534 "" 5.683600487713634 ""
163.77248291285 -58.48203587107 0.028 0.0247 21.679 "" "" 5338857207512188672 1638.94946 0.5764 0.0306 -13.991 -0.3 0.035 0.032 0.993 5428.0 3.9877 15.88483 1.074848 16.340315 15.265467 "" "" 1569.82385 1704.67664 8337.09869 2.9731 3974.6 9.3282 6208.3 8.6081 "" "" 0.00278239139273415 0.0037786544 0.0040681725 0.007846827 163.77248291285 -58.48203587107 1638.94946 -13.991 -0.30000000000000027 -6.269190612792968 -2.8203332901000975 0.08724359 0.08424359 "" "" 53.4044096688164 "" 4.632613087984545 ""
163.02461069682 -58.31035859934 0.0276 0.0272 5.8956 "" "" 5350878481704286848 1482.03784 0.6431 0.0347 -7.031 3.833 0.034 0.032 0.966 5789.9 4.4352 15.886057 1.079388 16.339703 15.260315 "" "" 1400.87646 1564.64636 8327.67873 3.2795 3976.8 9.1172 6237.8 9.5826 "" "" 0.0027882980736089282 0.00373911 0.0041310648 0.007870175 163.02461069682 -58.31035859934 1482.03784 -7.031 3.833 0.6908093872070316 1.3126667098999025 0.086243585 0.08424359 "" "" 10.420287906335002 "" 0.882404273372386 ""
162.87946642773 -58.80925902969 0.0502 0.0516 25.4872 "" "" 5350841579343060992 1692.28772 0.5651 0.0625 -8.056 4.065 0.065 0.067 2.048 6874.7 4.0678 15.88693 1.293625 16.394793 15.101168 "" "" 1525.14136 1892.30017 8320.98189 8.1967 3780.1 12.15 7222.6 10.573 "" "" 0.0029556153012842926 0.004468061 0.004099984 0.008568045 162.87946642773 -58.80925902969 1692.28772 -8.056 4.065 -0.3341906127929679 1.5446667098999027 0.11724359 0.11924359 "" "" 12.677126442033723 "" 1.5105414683858938 ""
162.97595443753 -58.23857345546 0.0273 0.0282 10.4617 "" "" 5350884872615725824 1449.28613 0.6578 0.0353 -8.508 2.157 0.034 0.034 1.006 4803.6 4.2727 15.888082 1.312051 16.457773 15.145722 "" "" 1380.06934 1529.27649 8312.16396 3.0798 3567.0 8.4211 6932.2 8.6915 "" "" 0.002784532596235254 0.0037888347 0.0040170653 0.0078058997 162.97595443753 -58.23857345546 1449.28613 -8.507999999999997 2.156999999999999 -0.7861906127929679 -0.36333329010009763 0.086243585 0.086243585 "" "" 5.949685603251018 "" 0.5131222145722261 ""
163.23629243631 -58.01248645319 0.0302 0.0274 23.6645 "" "" 5350982557354392192 1511.19336 0.6406 0.0345 1.109 -1.628 0.036 0.033 0.948 5362.5 4.4298 15.890423 0.991046 16.303677 15.312631 "" "" 1443.32043 1580.52039 8294.26255 3.0579 4111.0 9.2678 5944.4 12.081 "" "" 0.002784244574253325 0.003711624 0.004376381 0.008088006 163.23629243631 -58.01248645319 1511.19336 1.1089999999999987 -1.6280000000000014 8.830809387207031 -4.148333290100098 0.08824359 0.08524358 "" "" 69.88730488442982 "" 6.129735144140795 ""
163.38716483377 -58.41323295413 0.027 0.0254 9.0593 "" "" 5338872364481564800 1621.53552 0.5825 0.031 -10.81 3.73 0.034 0.031 1.041 5587.6 4.4348 15.891256 1.090093 16.351046 15.260953 "" "" 1552.94556 1719.82837 8287.89676 2.7045 3935.5 11.335 6234.1 9.5327 "" "" 0.0027780056642633224 0.0041909413 0.0041279616 0.008318903 163.38716483377 -58.41323295413 1621.53552 -10.81 3.729999999999996 -3.0881906127929692 1.2096667098999023 0.086243585 0.083243586 "" "" 25.49208694869885 "" 2.188509889665219 ""
163.315683689 -58.55527096074 0.0263 0.0244 11.4989 "" "" 5338864118155115136 1457.28699 0.657 0.0313 -8.748 4.585 0.034 0.029 0.962 5412.2 4.4925 15.89257 1.14087 16.38387 15.242999 "" "" 1385.28418 1522.58582 8277.87201 3.1429 3818.3 12.711 6338.1 11.169 "" "" 0.0027859864123057436 0.0045660487 0.004236081 0.00880213 163.315683689 -58.55527096074 1457.28699 -8.748 4.585 -1.026190612792968 2.0646667098999023 0.086243585 0.08124359 "" "" 15.926211395002435 "" 1.3100617511369836 ""
162.59045481424 -58.64975354336 0.0251 0.026 21.8822 "" "" 5350847141294751616 1895.10022 0.4939 0.0321 -2.876 2.891 0.033 0.032 0.919 5431.1 4.2968 15.894045 1.192368 16.405838 15.21347 "" "" 1781.02319 2014.82935 8266.63896 2.9826 3741.8 11.195 6512.8 11.354 "" "" 0.002783027895454111 0.00428218 0.00422687 0.00850905 162.59045481424 -58.64975354336 1895.10022 -2.876 2.891 4.845809387207032 0.37066670989990236 0.08524358 0.08424359 "" "" 43.655974737492826 "" 3.7211392284979454 ""
163.01555093138 -58.37647204018 0.027 0.027 3.0167 "" "" 5350877072954871808 1653.08752 0.5772 0.0344 -8.248 3.564 0.033 0.031 1.018 5781.2 3.9828 15.896904 1.047517 16.33814 15.290624 "" "" 1558.3595 1768.86145 8244.89338 2.7107 3982.5 11.352 6066.1 13.864 "" "" 0.0027783467251434176 0.004166918 0.004521201 0.008688118 163.01555093138 -58.37647204018 1653.08752 -8.248 3.5639999999999983 -0.5261906127929681 1.0436667098999024 0.08524358 0.083243586 "" "" 9.158368182764558 "" 0.7661231176168871 ""
163.59452053427 -58.28948173865 0.0262 0.0238 16.9314 "" "" 5338964963978605952 1485.40588 0.6409 0.0289 0.341 3.52 0.031 0.029 0.962 5185.8 4.2002 15.898232 0.956128 16.289478 15.33335 "" "" 1422.03381 1538.5238 8234.81421 3.0159 4165.1 8.9278 5832.0 8.9061 "" "" 0.0027838651264962774 0.0036333385 0.004127083 0.0077604214 163.59452053427 -58.28948173865 1485.40588 0.3410000000000001 3.52 8.06280938720703 0.9996667098999024 0.083243586 0.08124359 "" "" 57.20348920363949 "" 4.760112014722372 ""
163.24018754957 -58.36754591857 0.0278 0.0273 4.8272 "" "" 5338873429644636416 1603.65588 0.595 0.0323 -15.933 3.021 0.034 0.033 0.951 4953.9 4.3128 15.898575 1.18899 16.418 15.22901 "" "" 1509.28796 1682.95679 8232.21637 2.8041 3700.1 8.8142 6420.3 10.065 "" "" 0.0027800293037632128 0.0038045305 0.004144978 0.007949509 163.24018754957 -58.36754591857 1603.65588 -15.933 3.0209999999999995 -8.211190612792969 0.5006667098999023 0.086243585 0.08524358 "" "" 62.53187743172926 "" 5.39274298899041 ""
163.80110369096 -58.3757876205 0.0982 0.0874 22.0981 "" "" 5338952525731382272 1480.09717 0.6998 0.1062 -12.079 1.745 0.121 0.106 3.661 4910.5 4.6195 15.900386 1.19125 16.358734 15.167484 "" "" 1254.99231 1907.59985 8218.49794 10.806 3907.7 31.08 6794.6 21.558 "" "" 0.00310318221217017 0.0090750065 0.00511377 0.014188776 163.80110369096 -58.3757876205 1480.09717 -12.078999999999997 1.7450000000000028 -4.357190612792969 -0.7753332901000975 0.17324358 0.15824358 "" "" 31.048758262929137 "" 5.365305259556006 ""
163.45541850816 -58.04103960153 0.0278 0.0259 24.3058 "" "" 5338972213883704960 1607.22363 0.5831 0.0316 -7.151 3.618 0.034 0.033 1.065 5883.2 4.3671 15.903017 1.169079 16.40225 15.233171 "" "" 1542.43347 1685.49487 8198.60356 2.8432 3754.2 8.7817 6395.7 8.537 "" "" 0.0027809277558209764 0.0037729586 0.0040477198 0.007820679 163.45541850816 -58.04103960153 1607.22363 -7.151 3.6179999999999986 0.5708093872070314 1.0976667098999022 0.086243585 0.08524358 "" "" 9.4253842032741 "" 0.8054690462529956 ""
163.16214672846 -58.7080189953 0.0263 0.0277 18.565 "" "" 5338838039119262592 1854.7998 0.5162 0.033 -9.781 1.224 0.036 0.033 0.975 5331.3 4.2889 15.905789 1.259234 16.457844 15.198609 "" "" 1735.78503 1977.4707 8177.69861 2.9322 3566.8 11.178 6602.6 9.0361 "" "" 0.002782686749606262 0.004400303 0.0040609892 0.008461293 163.16214672846 -58.7080189953 1854.7998 -9.78100000000001 1.2240000000000015 -2.0591906127929693 -1.2963332901000977 0.08824359 0.08524358 "" "" 21.392601262744307 "" 1.869768243717964 ""
