Clusters/Berkeley_65/Berkeley_65_stars_in_region.tsv
# %ECSV 1.0
# ---
# datatype:
# - name: RA_ICRS_1
#   unit: deg
#   datatype: float64
#   format: '{:15.11f}'
#   description: Right ascension (ICRS) at Ep=2016.0 (ra)
#   meta: !!omap
#   - {ucd: POS_EQ_RA_MAIN}
#   - {width: 15}
#   - {precision: '11'}
# - name: DE_ICRS_1
#   unit: deg
#   datatype: float64
#   format: '{:15.11f}'
#   description: Declination (ICRS) at Ep=2016.0 (dec)
#   meta: !!omap
#   - {ucd: POS_EQ_DEC_MAIN}
#   - {width: 15}
#   - {precision: '11'}
# - name: e_RA_ICRS
#   unit: mas
#   datatype: float64
#   format: '{:7.4f}'
#   description: Standard error of right ascension (ra_error)
#   meta: !!omap
#   - {ucd: ERROR}
#   - {width: 7}
#   - {precision: '4'}
# - name: e_DE_ICRS
#   unit: mas
#   datatype: float64
#   format: '{:7.4f}'
#   description: Standard error of declination (dec_error)
#   meta: !!omap
#   - {ucd: ERROR}
#   - {width: 7}
#   - {precision: '4'}
# - name: _r_1
#   unit: ''
#   datatype: float64
#   format: '{:7.4f}'
#   description: Distance from center (039.76361669000+60.41099841000)[ICRS], at Epoch=J2016.0
#   meta: !!omap
#   - {ucd: POS_ANG_DIST_GENERAL}
#   - {width: 7}
#   - {precision: '4'}
# - name: HIP
#   datatype: int32
#   description: '? HIP cross-id number, van Leeuwen, Cat. I/311 (hip_original_ext_source_id)'
#   meta: !!omap
#   - {ucd: ID_NUMBER}
#   - {width: 6}
#   - values: {'null': -2147483648}
# - name: TYC2
#   datatype: string
#   description: Tycho-2 cross-id name, Hog et al., Cat. I/259 (tyc2_original_ext_source_id)
#   meta: !!omap
#   - {ucd: ID_CROSSID}
#   - {_votable_string_dtype: char}
# - name: Source
#   datatype: int64
#   description: Source identifier, identical to the Gaia-EDR3 source_id (id)
#   meta: !!omap
#   - {ucd: ID_MAIN}
#   - {width: 19}
# - name: rgeo
#   unit: pc
#   datatype: float64
#   format: '{:15.8f}'
#   description: '? Median of the geometric distance posterior (r_med_geo)'
#   meta: !!omap
#   - {ucd: PHYS_DISTANCE_TRUE}
#   - {width: 15}
#   - {precision: '8'}
#   - values: {'null': .nan}
# - name: Plx
#   unit: mas
#   datatype: float64
#   format: '{:9.4f}'
#   description: '? Parallax (parallax)'
#   meta: !!omap
#   - {ucd: POS_PARLX_TRIG}
#   - {width: 9}
#   - {precision: '4'}
#   - values: {'null': .nan}
# - name: e_Plx
#   unit: mas
#   datatype: float32
#   format: '{:7.4f}'
#   description: '? Standard error of parallax (parallax_error)'
#   meta: !!omap
#   - {ucd: ERROR}
#   - {width: 7}
#   - {precision: '4'}
#   - values: {'null': .nan}
# - name: pmRA
#   unit: mas / yr
#   datatype: float64
#   format: '{:9.3f}'
#   description: '? Proper motion in right ascension direction, pmRA*cosDE (pmra)'
#   meta: !!omap
#   - {ucd: POS_EQ_PMRA}
#   - {width: 9}
#   - {precision: '3'}
#   - values: {'null': .nan}
# - name: pmDE
#   unit: mas / yr
#   datatype: float64
#   format: '{:9.3f}'
#   description: '? Proper motion in declination direction (pmdec)'
#   meta: !!omap
#   - {ucd: POS_EQ_PMDEC}
#   - {width: 9}
#   - {precision: '3'}
#   - values: {'null': .nan}
# - name: e_pmRA
#   unit: mas / yr
#   datatype: float32
#   format: '{:6.3f}'
#   description: '? Standard error of proper motion in right ascension direction (pmra_error)'
#   meta: !!omap
#   - {ucd: ERROR}
#   - {width: 6}
#   - {precision: '3'}
#   - values: {'null': .nan}
# - name: e_pmDE
[...]
#         unit: &id001 !astropy.units.Unit {unit: deg}
#         value: !astropy.table.SerializedColumn {name: SkyCoord.dec}
#       distance: !astropy.table.SerializedColumn
#         __class__: astropy.coordinates.distances.Distance
#         unit: !astropy.units.Unit {unit: pc}
#         value: !astropy.table.SerializedColumn {name: SkyCoord.distance}
#       frame: icrs
#       obstime: !astropy.time.Time {format: jyear_str, in_subfmt: '*', jd1: 367701545.0, jd2: 0.0, out_subfmt: '*', precision: 3, scale: tt}
#       pm_dec: !astropy.table.SerializedColumn
#         __class__: astropy.units.quantity.Quantity
#         unit: !astropy.units.Unit {unit: mas / yr}
#         value: !astropy.table.SerializedColumn {name: SkyCoord.pm_dec}
#       pm_ra_cosdec: !astropy.table.SerializedColumn
#         __class__: astropy.units.quantity.Quantity
#         unit: !astropy.units.Unit {unit: mas / yr}
#         value: !astropy.table.SerializedColumn {name: SkyCoord.pm_ra_cosdec}
#       ra: !astropy.table.SerializedColumn
#         __class__: astropy.coordinates.angles.Longitude
#         unit: *id001
#         value: !astropy.table.SerializedColumn {name: SkyCoord.ra}
#         wrap_angle: !astropy.coordinates.Angle
#           unit: *id001
#           value: 360.0
#       representation_type: spherical
# schema: astropy-2.0
RA_ICRS_1 DE_ICRS_1 e_RA_ICRS e_DE_ICRS _r_1 HIP TYC2 Source rgeo Plx e_Plx pmRA pmDE e_pmRA e_pmDE RUWE Teff logg Gmag BP-RP BPmag RPmag RV e_RV b_rgeo B_rgeo FG e_FG FBP e_FBP FRP e_FRP RAVE5 RAVE6 e_Gmag e_BPmag e_RPmag e_BP-RP SkyCoord.ra SkyCoord.dec SkyCoord.distance SkyCoord.pm_ra_cosdec SkyCoord.pm_dec
39.72220460183 60.52040072268 0.0133 0.0205 6.6774 "" 4047-1949-1 465197425479611008 2170.39258 0.4348 0.0276 -0.752 -0.416 0.026 0.027 1.848 16771.9 3.231 10.58044 0.944064 10.956075 10.012011 "" "" 2052.48071 2334.55908 1103495.87184 197.85 566220.0 243.9 784070.0 257.68 "" "" 0.002762188295552497 0.0028290944 0.0037961886 0.006625283 39.72220460183 60.52040072268 2170.39258 -0.752 -0.41600000000000004
39.77333502101 60.39926456918 0.0762 0.1143 0.7606 "" 4047-1766-1 465192756854840064 2527.41553 0.3836 0.1578 -0.183 -1.086 0.132 0.142 10.439 19802.7 3.3207 10.695674 1.062008 11.097749 10.035741 43.96 35.86 1884.33838 3322.17236 992377.78851 386.5 496960.0 170.77 767120.0 132.46 "" "" 0.0027875796157061502 0.0028150035 0.0037840288 0.0065990323 39.77333502101 60.39926456918 2527.41553 -0.1830000000000001 -1.0859999999999999
39.9524980893 60.5365592713 0.0099 0.0156 9.3781 "" 4047-1801-1 465199899380772864 2281.89575 0.3988 0.0199 -0.844 -0.494 0.019 0.019 1.083 18377.7 3.3173 11.531351 1.104683 11.989231 10.884548 "" "" 2169.73242 2380.47656 459627.92385 122.04 218640.0 96.835 351030.0 65.067 "" "" 0.00277036042630525 0.0028313042 0.0037847364 0.0066160406 39.9524980893 60.5365592713 2281.89575 -0.8439999999999999 -0.49399999999999994
39.63507223541 60.13417734664 0.0094 0.0126 17.0439 "" "" 465153999069274880 2647.82373 0.3696 0.0197 -1.398 0.281 0.017 0.016 1.226 4786.7 2.108 12.089188 2.438232 13.407579 10.969348 -50.52 0.24 2547.87012 2752.18018 274961.4408 47.229 59209.0 34.631 324650.0 87.664 "" "" 0.002761624311559501 0.002861525 0.003790736 0.006652261 39.63507223541 60.13417734664 2647.82373 -1.398 0.2809999999999999
40.09983598164 60.24959342245 0.0072 0.0107 13.9104 "" "" 465176058022110976 2253.43066 0.4349 0.015 -0.671 -0.693 0.012 0.014 1.249 "" "" 12.151585 1.616293 12.903224 11.286931 "" "" 2182.59692 2327.3186 259605.01902 38.972 94217.0 60.544 242320.0 73.116 "" "" 0.0027601368633799286 0.0028760785 0.0037935537 0.006669632 40.09983598164 60.24959342245 2253.43066 -0.671 -0.6930000000000001
39.55584085351 60.34863163896 0.0068 0.0102 7.2088 "" "" 465191653044892032 1788.4939 0.5483 0.0139 0.66 -1.683 0.012 0.014 1.024 "" "" 12.182923 1.236971 12.712536 11.475565 -25.49 5.18 1739.09888 1828.93872 252218.74888 28.511 112310.0 60.842 203670.0 38.931 "" "" 0.002758052330399813 0.0028514913 0.0037850756 0.006636567 39.55584085351 60.34863163896 1788.4939 0.66 -1.6830000000000003
39.46592643922 60.17103978495 0.0082 0.0117 16.9011 "" "" 465164818089230848 2148.66284 0.4531 0.0174 0.196 -0.848 0.015 0.014 1.198 "" "" 12.198563 1.089392 12.631201 11.541809 "" "" 2071.93677 2233.78564 248611.69791 63.928 121040.0 102.97 191620.0 111.42 "" "" 0.002769428517178203 0.0029390769 0.0038317472 0.006770824 39.46592643922 60.17103978495 2148.66284 0.19599999999999995 -0.8479999999999999
40.12824547079 60.57768676685 0.0254 0.0367 14.7012 "" "" 465189969416700928 2372.75586 0.4242 0.049 0.251 -1.04 0.047 0.047 1.149 "" "" 12.259531 4.71053 15.477017 10.766487 -46.55 0.32 2124.6123 2661.05493 235035.89024 399.61 8802.6 114.36 391350.0 1604.6 "" "" 0.0033165377908512712 0.014378779 0.005839636 0.020218415 40.12824547079 60.57768676685 2372.75586 0.2509999999999999 -1.04
40.00818443839 60.62653582492 0.006 0.0088 14.812 "" "" 465202515020407040 2338.34741 0.4091 0.0118 -0.171 -0.189 0.01 0.011 1.008 "" "" 12.63931 1.007494 13.050784 12.04329 -38.84 23.46 2269.92017 2396.45947 165661.91083 17.608 82244.0 34.742 120740.0 22.025 "" "" 0.0027577358326166517 0.002827614 0.0037845678 0.0066121817 40.00818443839 60.62653582492 2338.34741 -0.17100000000000004 -0.189
39.99339292813 60.32800002422 0.0113 0.0166 8.4415 "" "" 465180009391926656 1831.55737 0.5247 0.0231 -0.924 -0.8 0.02 0.022 0.99 "" "" 12.889663 3.205241 14.809348 11.604107 -83.71 0.21 1747.32373 1927.42065 131547.24301 32.188 16281.0 22.001 180930.0 71.543 "" "" 0.0027680982651535958 0.0031524098 0.003803688 0.0069560977 39.99339292813 60.32800002422 1831.55737 -0.924 -0.7999999999999999
39.441626905 60.43218382964 0.0061 0.0093 9.6207 "" "" 465195982370602752 2009.40161 0.48 0.0128 -0.041 -0.314 0.011 0.013 0.858 13295.6 3.8158 12.897676 0.978287 13.295911 12.317624 "" "" 1959.20483 2049.51294 130579.85837 17.084 65622.0 29.35 93780.0 28.525 "" "" 0.0027589793898322897 0.0028321124 0.0037937833 0.0066258954 39.441626905 60.43218382964 2009.40161 -0.04099999999999997 -0.31400000000000006
39.30146525142 60.44116295434 0.0064 0.0092 13.8047 "" "" 465219729250249088 2068.35059 0.4476 0.0128 -1.025 -0.389 0.011 0.012 1.07 "" "" 13.116259 1.244565 13.645725 12.40116 "" "" 2009.96045 2139.81714 106768.57705 39.423 47547.0 70.515 86835.0 59.463 "" "" 0.0027843322591061194 0.0032214634 0.0038518186 0.0070732823 39.30146525142 60.44116295434 2068.35059 -1.025 -0.389
39.8509358334 60.64237943414 0.0062 0.0095 14.1201 "" "" 465204370446281984 1791.61401 0.5199 0.0122 0.551 -1.756 0.011 0.012 1.0 "" "" 13.150868 1.946837 14.123364 12.176527 -31.13 0.81 1754.80212 1842.65576 103418.81059 12.572 30625.0 22.837 106790.0 26.069 "" "" 0.002758479619225169 0.0029052626 0.003788664 0.0066939266 39.8509358334 60.64237943414 1791.61401 0.551 -1.756
39.91190811768 60.53372262196 0.2673 0.4284 8.5702 "" "" 465200247280691200 2185.40967 1.8202 0.5419 4.036 -1.957 0.479 0.524 32.643 6264.3 4.4867 13.223853 1.316216 13.711808 12.395592 12.44 2.2 1363.81738 2974.61108 96695.32938 274.7 44740.0 29.233 87281.0 37.438 "" "" 0.004135892940135468 0.0028789444 0.0038079673 0.006686912 39.91190811768 60.53372262196 2185.40967 4.036 -1.957
39.51067909318 60.62593751768 0.0063 0.0092 14.903 "" "" 465246048810714624 1982.5863 0.4717 0.0124 -0.25 -0.33 0.011 0.012 0.948 "" "" 13.228558 0.846791 13.558695 12.711904 "" "" 1934.03418 2033.21338 96277.28383 41.068 51516.0 72.966 65222.0 93.641 "" "" 0.0027939720641360307 0.003185892 0.004088233 0.0072741252 39.51067909318 60.62593751768 1982.5863 -0.24999999999999997 -0.3299999999999999
39.9808928269 60.63692412627 0.0115 0.0173 14.9967 "" "" 465202686819095424 2072.45801 0.4596 0.0231 -0.637 -0.471 0.02 0.023 1.965 11052.8 3.8113 13.504194 0.977287 13.89609 12.918802 "" "" 1993.01514 2177.08423 74691.13989 18.987 37756.0 31.205 53906.0 33.648 "" "" 0.0027691092921622537 0.0029309192 0.0038396646 0.006770584 39.9808928269 60.63692412627 2072.45801 -0.637 -0.4709999999999999
39.87683598365 60.65615165906 0.0071 0.0101 15.084 "" "" 465205847915023232 2493.9873 0.3694 0.0132 -0.243 -0.23 0.012 0.013 0.986 14693.7 3.8724 13.505732 0.882383 13.852066 12.969683 "" "" 2422.95044 2576.66211 74585.43009 39.766 39318.0 71.285 51438.0 81.256 "" "" 0.0028154718417019815 0.0034146686 0.004150347 0.0075650155 39.87683598365 60.65615165906 2493.9873 -0.24299999999999994 -0.23
39.75048465663 60.60594476791 0.0068 0.0106 11.7032 "" "" 465203855050228608 2288.13379 0.3911 0.0139 -1.668 -0.945 0.012 0.014 1.007 "" "" 13.534042 2.588102 14.965751 12.377648 -73.28 0.38 2223.42188 2362.39014 72665.74142 15.531 14097.0 13.27 88736.0 30.839 "" "" 0.002765074988018238 0.0029714673 0.0037981716 0.006769639 39.75048465663 60.60594476791 2288.13379 -1.6679999999999997 -0.9450000000000001
39.94148858565 60.4198440576 0.0075 0.0113 5.2957 "" "" 465181349421677184 2078.48169 0.4469 0.0147 0.323 -0.708 0.013 0.014 0.983 6769.6 3.1065 13.682913 1.386989 14.296386 12.909397 "" "" 2009.57556 2151.53149 63355.08091 9.7894 26113.0 19.235 54375.0 14.236 "" "" 0.002760422827464245 0.002902527 0.0037900568 0.0066925837 39.94148858565 60.4198440576 2078.48169 0.3230000000000001 -0.7079999999999999
39.64006733827 60.36468650558 0.0078 0.0119 4.5976 "" "" 465191897861489536 1916.2533 0.4878 0.0157 -3.132 -3.045 0.014 0.016 1.098 "" "" 13.763243 1.247465 14.297837 13.050372 "" "" 1869.80212 1965.2821 58836.8729 7.9617 26078.0 15.544 47754.0 15.036 "" "" 0.0027592344681612833 0.0028642393 0.0037948114 0.0066590505 39.64006733827 60.36468650558 1916.2533 -3.132 -3.045
39.77996737084 60.39950904842 0.0078 0.0121 0.8426 "" "" 465192756854839296 1997.66064 0.4688 0.0161 -0.691 -0.47 0.014 0.015 1.002 13455.0 3.8068 13.821329 1.152217 14.301744 13.149528 "" "" 1923.5199 2071.91895 55771.83797 14.417 25985.0 31.059 43586.0 43.596 "" "" 0.0027695777275356867 0.0030772046 0.0039323135 0.0070095183 39.77996737084 60.39950904842 1997.66064 -0.691 -0.46999999999999986
40.23647401766 60.44324718665 0.0077 0.0113 14.1352 "" "" 465185025913790464 1975.7113 0.4589 0.0162 0.354 -1.561 0.014 0.015 1.001 "" "" 13.915614 3.005963 15.671472 12.665508 -33.06 0.69 1904.10913 2050.7583 51132.9773 12.285 7359.2 11.6 68070.0 25.302 "" "" 0.002767640599037614 0.0032732156 0.0038008683 0.007074084 40.23647401766 60.44324718665 1975.7113 0.35399999999999987 -1.5609999999999997
39.56937167909 60.58316614242 0.0078 0.0111 11.8175 "" "" 465245705213346432 2341.02612 0.3944 0.0154 1.517 -1.956 0.014 0.015 1.012 "" "" 13.921701 1.061936 14.358835 13.296899 "" "" 2262.40894 2428.19897 50847.08581 6.5852 24654.0 11.468 38054.0 13.732 "" "" 0.0027589058656416455 0.0028355091 0.0037996355 0.0066351444 39.56937167909 60.58316614242 2341.02612 1.5169999999999997 -1.956
39.7820120952 60.40364810619 0.0084 0.013 0.7011 "" "" 465192859934051328 2288.1792 0.4081 0.0177 -0.624 -0.578 0.015 0.016 1.049 "" "" 13.976757 1.231927 14.501973 13.270046 -60.43 7.02 2191.08325 2374.08936 48333.01192 7.5992 21609.0 20.484 39007.0 16.833 "" "" 0.002760603172616288 0.0029739407 0.0038083137 0.006782254 39.7820120952 60.40364810619 2288.1792 -0.6239999999999999 -0.578
39.81324837181 60.37377140122 0.0086 0.0127 2.6746 "" "" 465192481976943616 1991.75317 0.4657 0.017 -0.72 -0.448 0.014 0.016 1.041 "" "" 13.991388 1.294195 14.551232 13.257037 "" "" 1910.14453 2084.89551 47686.03735 8.6166 20650.0 14.503 39477.0 16.663 "" "" 0.002762295879714822 0.0028924926 0.0038070658 0.0066995583 39.81324837181 60.37377140122 1991.75317 -0.7200000000000001 -0.4480000000000002
39.97432492026 60.59579222944 0.0082 0.0122 12.7155 "" "" 465202343221907584 2464.35107 0.3724 0.017 2.013 -1.986 0.015 0.016 0.999 "" "" 14.041456 2.103871 15.12006 13.016189 -44.6 1.31 2351.23901 2593.5271 45536.97966 7.7553 12229.0 12.317 49281.0 15.292 "" "" 0.002761517851549767 0.0029968147 0.0037943686 0.0067911833 39.97432492026 60.59579222944 2464.35107 2.013 -1.9860000000000002
39.82387365139 60.38661945027 0.0086 0.013 2.3084 "" "" 465192585056249600 2166.03198 0.43 0.0176 -0.545 -0.689 0.015 0.017 1.064 "" "" 14.056003 1.287081 14.612514 13.325434 "" "" 2097.19922 2250.49121 44930.94638 7.2079 19517.0 13.641 37067.0 15.038 "" "" 0.00276081990871728 0.002891523 0.003804964 0.006696487 39.82387365139 60.38661945027 2166.03198 -0.5450000000000002 -0.6890000000000001
39.21755873057 60.35421819207 0.0643 0.1004 16.5464 "" "" 465217358428417536 2250.3291 0.501 0.1407 0.237 -2.081 0.118 0.135 9.435 "" "" 14.060889 1.430288 14.63773 13.207441 "" "" 1679.51062 3630.28931 44729.18364 39.475 19069.0 55.635 41322.0 48.883 "" "" 0.002917179044777519 0.004221302 0.003991668 0.008212971 39.21755873057 60.35421819207 2250.3291 0.23699999999999977 -2.0809999999999995
40.18120011013 60.5489165385 0.0095 0.0139 14.8621 "" "" 465189698838191232 1816.53796 0.508 0.0189 -0.095 0.982 0.017 0.018 1.176 "" "" 14.112566 2.577895 15.534587 12.956692 -43.65 1.04 1760.70898 1879.44043 42650.13597 8.5986 8348.0 9.3531 52057.0 22.277 "" "" 0.0027640013572322285 0.003043817 0.0038078343 0.0068516512 40.18120011013 60.5489165385 1816.53796 -0.09500000000000003 0.982
39.75179428351 60.39910966141 0.009 0.0143 0.7947 "" "" 465192756854842496 1859.15942 0.5049 0.0184 -0.658 -0.492 0.016 0.018 0.976 6940.2 3.5838 14.140264 1.190197 14.644815 13.454617 "" "" 1788.98425 1925.23669 41575.87509 10.447 18945.0 21.694 32909.0 21.482 "" "" 0.002768793881790085 0.0030546351 0.0038452612 0.006899896 39.75179428351 60.39910966141 1859.15942 -0.658 -0.492
39.45069599562 60.56469029224 0.008 0.0122 13.0605 "" "" 465245430335450880 2163.31445 0.427 0.0161 -0.297 -0.632 0.015 0.017 1.034 "" "" 14.145423 1.177848 14.640177 13.462329 "" "" 2094.06445 2244.55347 41378.76603 16.787 19026.0 28.352 32676.0 35.04 "" "" 0.002790305787113574 0.0032253303 0.003954654 0.0071799844 39.45069599562 60.56469029224 2163.31445 -0.29700000000000004 -0.6319999999999999
39.44275667147 60.60865987931 0.0084 0.012 15.1811 "" "" 465246392408109696 2333.9585 0.389 0.0164 -3.48 1.6 0.016 0.017 0.977 "" "" 14.157673 2.116534 15.245323 13.128789 -93.29 1.4 2242.9707 2418.32251 40914.54043 7.2463 10897.0 11.895 44427.0 13.47 "" "" 0.0027620220691124656 0.0030314492 0.003793691 0.00682514 39.44275667147 60.60865987931 2333.9585 -3.4799999999999995 1.5999999999999999
39.66529649679 60.46315561631 0.0084 0.013 4.2737 "" "" 465196807004424448 2263.37061 0.4038 0.017 -3.061 -1.207 0.015 0.017 1.049 "" "" 14.178753 2.175772 15.301706 13.125935 -85.47 1.21 2176.1665 2352.25293 40127.8319 7.4509 10345.0 12.782 44544.0 32.851 "" "" 0.002762685534846943 0.0030959144 0.0038632744 0.0069591887 39.66529649679 60.46315561631 2263.37061 -3.0610000000000004 -1.2070000000000003
39.79906525242 60.41438262479 0.064 0.0953 1.0696 "" "" 465192894293780480 1829.22717 0.5988 0.1213 0.001 0.109 0.117 0.115 8.783 10119.2 2.8004 14.180191 1.377581 14.666932 13.289351 "" "" 1440.22937 2330.71167 40074.71599 15.742 18563.0 22.068 38319.0 31.939 "" "" 0.0027881332844147755 0.0030742576 0.0038862175 0.006960475 39.79906525242 60.41438262479 1829.22717 0.000999999999999994 0.10899999999999997
40.13841673999 60.52541317228 0.0089 0.0131 13.0381 "" "" 465189183442118784 2011.06287 0.4592 0.0177 0.572 -1.397 0.016 0.017 1.022 "" "" 14.211524 2.364866 15.477925 13.113059 10.48 1.21 1947.84839 2085.93921 38934.73867 8.154 8795.2 9.178 45075.0 17.406 "" "" 0.0027646866694507805 0.003011431 0.003802566 0.0068139974 40.13841673999 60.52541317228 2011.06287 0.5720000000000001 -1.3969999999999998
39.43427164881 60.61311584484 0.0091 0.0129 15.546 "" "" 465246392408108928 2003.43591 0.4598 0.0172 -2.346 -2.421 0.017 0.018 1.067 "" "" 14.227562 2.307379 15.452365 13.144986 -84.5 0.99 1932.96802 2074.05054 38363.82156 7.1604 9004.7 9.0442 43769.0 14.746 "" "" 0.0027627622267471694 0.002995703 0.0037970422 0.006792745 39.43427164881 60.61311584484 2003.43591 -2.346 -2.421
39.48710811555 60.29719374416 0.0093 0.0135 10.6756 "" "" 465167983482744064 2415.93823 0.3667 0.0191 1.195 -0.659 0.016 0.017 1.033 "" "" 14.233897 2.686357 15.73974 13.053384 -40.23 1.11 2311.91797 2519.10229 38140.6409 9.6372 6910.7 11.156 47622.0 20.654 "" "" 0.0027689440539359713 0.003295004 0.003808604 0.007103608 39.48710811555 60.29719374416 2415.93823 1.195 -0.659
39.91441600067 60.25545099039 0.0421 0.0623 10.3517 "" "" 465177741649214336 1995.17773 0.4831 0.0872 0.87 -1.444 0.072 0.08 5.333 "" "" 14.240782 2.357967 15.481404 13.123437 -49.12 1.82 1742.47339 2414.36084 37899.53959 17.171 8767.1 13.014 44646.0 18.569 "" "" 0.0027988864178181932 0.0032221987 0.0038062644 0.0070284633 39.91441600067 60.25545099039 1995.17773 0.8699999999999999 -1.444
39.62869050998 60.39375152098 0.0105 0.0168 4.1302 "" "" 465192207101944064 2000.88623 0.4671 0.0217 -1.701 1.136 0.018 0.022 1.008 8603.7 3.5015 14.26566 1.516105 14.957443 13.441339 "" "" 1917.1792 2078.19287 37040.98529 11.042 14205.0 19.233 33314.0 27.562 "" "" 0.002774264843555473 0.0031537397 0.0038846647 0.0070384042 39.62869050998 60.39375152098 2000.88623 -1.701 1.136
39.96248713619 60.18577895328 0.0097 0.0136 14.7499 "" "" 465174340035200640 2525.95288 0.3482 0.0197 0.293 -1.467 0.018 0.018 1.105 "" "" 14.30037 2.443071 15.623681 13.18061 -31.27 1.67 2391.88745 2677.35278 35875.5574 7.7328 7690.3 9.5081 42356.0 17.017 "" "" 0.00276524088416551 0.0030962923 0.0038044716 0.006900764 39.96248713619 60.18577895328 2525.95288 0.2929999999999999 -1.467
