Clusters/Berkeley_65/Berkeley_65_members.tsv
# %ECSV 1.0
# ---
# datatype:
# - name: RA_ICRS_1
#   unit: deg
#   datatype: float64
#   format: '{:15.11f}'
#   description: Right ascension (ICRS) at Ep=2016.0 (ra)
#   meta: !!omap
#   - {ucd: POS_EQ_RA_MAIN}
#   - {width: 15}
#   - {precision: '11'}
# - name: DE_ICRS_1
#   unit: deg
#   datatype: float64
#   format: '{:15.11f}'
#   description: Declination (ICRS) at Ep=2016.0 (dec)
#   meta: !!omap
#   - {ucd: POS_EQ_DEC_MAIN}
#   - {width: 15}
#   - {precision: '11'}
# - name: e_RA_ICRS
#   unit: mas
#   datatype: float64
#   format: '{:7.4f}'
#   description: Standard error of right ascension (ra_error)
#   meta: !!omap
#   - {ucd: ERROR}
#   - {width: 7}
#   - {precision: '4'}
# - name: e_DE_ICRS
#   unit: mas
#   datatype: float64
#   format: '{:7.4f}'
#   description: Standard error of declination (dec_error)
#   meta: !!omap
#   - {ucd: ERROR}
#   - {width: 7}
#   - {precision: '4'}
# - name: _r_1
#   unit: ''
#   datatype: float64
#   format: '{:7.4f}'
#   description: Distance from center (039.76361669000+60.41099841000)[ICRS], at Epoch=J2016.0
#   meta: !!omap
#   - {ucd: POS_ANG_DIST_GENERAL}
#   - {width: 7}
#   - {precision: '4'}
# - name: HIP
#   datatype: int32
#   description: '? HIP cross-id number, van Leeuwen, Cat. I/311 (hip_original_ext_source_id)'
#   meta: !!omap
#   - {ucd: ID_NUMBER}
#   - {width: 6}
#   - values: {'null': -2147483648}
# - name: TYC2
#   datatype: string
#   description: Tycho-2 cross-id name, Hog et al., Cat. I/259 (tyc2_original_ext_source_id)
#   meta: !!omap
#   - {ucd: ID_CROSSID}
#   - {_votable_string_dtype: char}
# - name: Source
#   datatype: int64
#   description: Source identifier, identical to the Gaia-EDR3 source_id (id)
#   meta: !!omap
#   - {ucd: ID_MAIN}
#   - {width: 19}
# - name: rgeo
#   unit: pc
#   datatype: float64
#   format: '{:15.8f}'
#   description: '? Median of the geometric distance posterior (r_med_geo)'
#   meta: !!omap
#   - {ucd: PHYS_DISTANCE_TRUE}
#   - {width: 15}
#   - {precision: '8'}
#   - values: {'null': .nan}
# - name: Plx
#   unit: mas
#   datatype: float64
#   format: '{:9.4f}'
#   description: '? Parallax (parallax)'
#   meta: !!omap
#   - {ucd: POS_PARLX_TRIG}
#   - {width: 9}
#   - {precision: '4'}
#   - values: {'null': .nan}
# - name: e_Plx
#   unit: mas
#   datatype: float32
#   format: '{:7.4f}'
#   description: '? Standard error of parallax (parallax_error)'
#   meta: !!omap
#   - {ucd: ERROR}
#   - {width: 7}
#   - {precision: '4'}
#   - values: {'null': .nan}
# - name: pmRA
#   unit: mas / yr
#   datatype: float64
#   format: '{:9.3f}'
#   description: '? Proper motion in right ascension direction, pmRA*cosDE (pmra)'
#   meta: !!omap
#   - {ucd: POS_EQ_PMRA}
#   - {width: 9}
#   - {precision: '3'}
#   - values: {'null': .nan}
# - name: pmDE
#   unit: mas / yr
#   datatype: float64
#   format: '{:9.3f}'
#   description: '? Proper motion in declination direction (pmdec)'
#   meta: !!omap
#   - {ucd: POS_EQ_PMDEC}
#   - {width: 9}
#   - {precision: '3'}
#   - values: {'null': .nan}
# - name: e_pmRA
#   unit: mas / yr
#   datatype: float32
#   format: '{:6.3f}'
#   description: '? Standard error of proper motion in right ascension direction (pmra_error)'
#   meta: !!omap
#   - {ucd: ERROR}
#   - {width: 6}
#   - {precision: '3'}
#   - values: {'null': .nan}
# - name: e_pmDE
#   unit: mas / yr
#   datatype: float32
#   format: '{:6.3f}'
#   description: '? Standard error of proper motion in declination direction (pmdec_error)'
#   meta: !!omap
#   - {ucd: ERROR}
#   - {width: 6}
#   - {precision: '3'}
#   - values: {'null': .nan}
# - name: RUWE
#   datatype: float64
#   format: '{:7.3f}'
#   description: '? Renormalised unit weight error (ruwe)'
#   meta: !!omap
#   - {ucd: ERROR}
#   - {width: 7}
#   - {precision: '3'}
#   - values: {'null': .nan}
# - name: Teff
#   unit: K
#   datatype: float64
#   format: '{:7.1f}'
#   description: '? Effective temperature from GSP-Phot Aeneas best library using BP/RP spectra (teff_gspphot)'
#   meta: !!omap
#   - {ucd: PHYS_TEMP_EFFEC}
#   - {width: 7}
#   - {precision: '1'}
#   - values: {'null': .nan}
# - name: logg
#   unit: log(cm.s**-2)
#   datatype: float64
#   format: '{:7.4f}'
#   description: '? Surface gravity from GSP-Phot Aeneas best library using BP/RP spectra (logg_gspphot)'
#   meta: !!omap
#   - {ucd: PHYS_GRAVITY_SURFACE}
#   - {width: 7}
#   - {precision: '4'}
#   - values: {'null': .nan}
# - name: Gmag
#   unit: mag
#   datatype: float64
#   format: '{:9.6f}'
#   description: '? G-band mean magnitude (phot_g_mean_mag)'
#   meta: !!omap
#   - {ucd: PHOT_MAG_OPTICAL}
#   - {width: 9}
#   - {precision: '6'}
#   - values: {'null': .nan}
# - name: BP-RP
#   unit: mag
#   datatype: float64
#   format: '{:9.6f}'
#   description: '? BP-RP colour (bp_rp)'
#   meta: !!omap
#   - {ucd: PHOT_CI_B-R}
#   - {width: 9}
#   - {precision: '6'}
#   - values: {'null': .nan}
# - name: BPmag
#   unit: mag
#   datatype: float64
#   format: '{:9.6f}'
#   description: '? Integrated BP mean magnitude (phot_bp_mean_mag)'
#   meta: !!omap
#   - {ucd: PHOT_MAG_B}
#   - {width: 9}
#   - {precision: '6'}
#   - values: {'null': .nan}
# - name: RPmag
#   unit: mag
#   datatype: float64
#   format: '{:9.6f}'
#   description: '? Integrated RP mean magnitude (phot_rp_mean_mag)'
#   meta: !!omap
#   - {ucd: PHOT_MAG_R}
#   - {width: 9}
#   - {precision: '6'}
#   - values: {'null': .nan}
# - name: RV
#   unit: km / s
#   datatype: float64
#   format: '{:7.2f}'
#   description: '? Radial velocity (radial_velocity)'
#   meta: !!omap
#   - {ucd: VELOC_BARYCENTER}
#   - {width: 7}
#   - {precision: '2'}
#   - values: {'null': .nan}
# - name: e_RV
#   unit: km / s
#   datatype: float32
#   format: '{:5.2f}'
#   description: '? Radial velocity error (radial_velocity_error)'
#   meta: !!omap
#   - {ucd: ERROR}
#   - {width: 5}
#   - {precision: '2'}
#   - values: {'null': .nan}
# - name: b_rgeo
#   unit: pc
#   datatype: float64
#   format: '{:14.8f}'
#   description: '? 16th percentile of the geometric distance posterior (r_lo_geo)'
#   meta: !!omap
#   - {ucd: ERROR}
#   - {width: 14}
#   - {precision: '8'}
#   - values: {'null': .nan}
# - name: B_rgeo
#   unit: pc
#   datatype: float64
#   format: '{:14.8f}'
#   description: '? 84th percentile of the geometric distance posterior (r_hi_geo)'
#   meta: !!omap
#   - {ucd: ERROR}
#   - {width: 14}
#   - {precision: '8'}
#   - values: {'null': .nan}
# - name: FG
#   unit: ''
#   datatype: float64
#   format: '{:16.5f}'
#   description: '? G-band mean flux (phot_g_mean_flux)'
#   meta: !!omap
#   - {ucd: PHOT_FLUX_OPTICAL}
#   - {width: 16}
#   - {precision: '5'}
#   - values: {'null': .nan}
# - name: e_FG
#   unit: ''
#   datatype: float32
#   format: '{:11.4g}'
#   description: '? Error on G-band mean flux (phot_g_mean_flux_error)'
#   meta: !!omap
#   - {ucd: ERROR}
#   - {width: 11}
#   - {precision: E4}
#   - values: {'null': .nan}
# - name: FBP
#   unit: ''
#   datatype: float32
#   format: '{:11.4g}'
#   description: '? Integrated BP mean flux (phot_bp_mean_flux)'
#   meta: !!omap
#   - {ucd: PHOT_FLUX_B}
#   - {width: 11}
#   - {precision: E4}
#   - values: {'null': .nan}
# - name: e_FBP
#   unit: ''
#   datatype: float32
#   format: '{:11.4g}'
#   description: '? Error on the integrated BP mean flux (phot_bp_mean_flux_error)'
#   meta: !!omap
#   - {ucd: ERROR}
#   - {width: 11}
#   - {precision: E4}
#   - values: {'null': .nan}
# - name: FRP
#   unit: ''
#   datatype: float32
#   format: '{:11.4g}'
#   description: '? Integrated RP mean flux (phot_rp_mean_flux)'
#   meta: !!omap
#   - {ucd: PHOT_FLUX_R}
#   - {width: 11}
#   - {precision: E4}
#   - values: {'null': .nan}
# - name: e_FRP
#   unit: ''
#   datatype: float32
#   format: '{:11.4g}'
#   description: '? Error on the integrated RP mean flux (phot_rp_mean_flux_error)'
#   meta: !!omap
#   - {ucd: ERROR}
#   - {width: 11}
#   - {precision: E4}
#   - values: {'null': .nan}
# - name: RAVE5
#   datatype: string
#   description: RAVE DR5 cross-id name, Kunder et al., Cat. III/279 (rave5_original_ext_source_id)
#   meta: !!omap
#   - {ucd: ID_CROSSID}
#   - {_votable_string_dtype: char}
# - name: RAVE6
#   datatype: string
#   description: RAVE DR6 cross-id name, Steinmetz et al., Cat. III/283 (rave6_original_ext_source_id)
#   meta: !!omap
#   - {ucd: ID_CROSSID}
#   - {_votable_string_dtype: char}
# - name: e_Gmag
#   unit: ''
#   datatype: float64
#   format: '{:11.4g}'
#   description: '? Error on G-band mean flux (phot_g_mean_flux_error)'
#   meta: !!omap
#   - {ucd: ERROR}
#   - {width: 11}
#   - {precision: E4}
#   - values: {'null': .nan}
# - name: e_BPmag
#   unit: ''
#   datatype: float32
#   format: '{:11.4g}'
#   description: '? Error on the integrated BP mean flux (phot_bp_mean_flux_error)'
#   meta: !!omap
#   - {ucd: ERROR}
#   - {width: 11}
#   - {precision: E4}
#   - values: {'null': .nan}
# - name: e_RPmag
#   unit: ''
#   datatype: float32
#   format: '{:11.4g}'
#   description: '? Error on the integrated RP mean flux (phot_rp_mean_flux_error)'
#   meta: !!omap
#   - {ucd: ERROR}
#   - {width: 11}
#   - {precision: E4}
#   - values: {'null': .nan}
# - name: e_BP-RP
#   unit: ''
#   datatype: float32
#   format: '{:11.4g}'
#   description: '? Error on the integrated BP mean flux (phot_bp_mean_flux_error)'
#   meta: !!omap
#   - {ucd: ERROR}
#   - {width: 11}
#   - {precision: E4}
#   - values: {'null': .nan}
# - name: SkyCoord.ra
#   unit: deg
#   datatype: float64
#   format: '{:15.11f}'
#   description: Right ascension (ICRS) at Ep=2016.0 (ra)
#   meta: !!omap
#   - {ucd: POS_EQ_RA_MAIN}
#   - {width: 15}
#   - {precision: '11'}
# - name: SkyCoord.dec
#   unit: deg
#   datatype: float64
#   format: '{:15.11f}'
#   description: Declination (ICRS) at Ep=2016.0 (dec)
#   meta: !!omap
#   - {ucd: POS_EQ_DEC_MAIN}
#   - {width: 15}
#   - {precision: '11'}
# - name: SkyCoord.distance
#   unit: pc
#   datatype: float64
#   format: '{:15.8f}'
#   description: '? Median of the geometric distance posterior (r_med_geo)'
#   meta: !!omap
#   - {ucd: PHYS_DISTANCE_TRUE}
#   - {width: 15}
#   - {precision: '8'}
#   - values: {'null': .nan}
# - {name: SkyCoord.pm_ra_cosdec, unit: mas / yr, datatype: float64}
# - {name: SkyCoord.pm_dec, unit: mas / yr, datatype: float64}
# - {name: Pmemb, datatype: float64}
# meta: !!omap
# - {ID: I_352_gedr3dis}
# - {name: I/352/gedr3dis}
# - {description: Estimating distances from parallaxes (1467744818 sources)}
# - __serialized_columns__:
#     SkyCoord:
#       __class__: astropy.coordinates.sky_coordinate.SkyCoord
#       dec: !astropy.table.SerializedColumn
#         __class__: astropy.coordinates.angles.Latitude
#         unit: &id001 !astropy.units.Unit {unit: deg}
#         value: !astropy.table.SerializedColumn {name: SkyCoord.dec}
#       distance: !astropy.table.SerializedColumn
#         __class__: astropy.coordinates.distances.Distance
#         unit: !astropy.units.Unit {unit: pc}
#         value: !astropy.table.SerializedColumn {name: SkyCoord.distance}
#       frame: icrs
#       obstime: !astropy.time.Time {format: jyear_str, in_subfmt: '*', jd1: 367701545.0, jd2: 0.0, out_subfmt: '*', precision: 3, scale: tt}
#       pm_dec: !astropy.table.SerializedColumn
#         __class__: astropy.units.quantity.Quantity
#         unit: !astropy.units.Unit {unit: mas / yr}
#         value: !astropy.table.SerializedColumn {name: SkyCoord.pm_dec}
#       pm_ra_cosdec: !astropy.table.SerializedColumn
#         __class__: astropy.units.quantity.Quantity
#         unit: !astropy.units.Unit {unit: mas / yr}
#         value: !astropy.table.SerializedColumn {name: SkyCoord.pm_ra_cosdec}
#       ra: !astropy.table.SerializedColumn
#         __class__: astropy.coordinates.angles.Longitude
#         unit: *id001
#         value: !astropy.table.SerializedColumn {name: SkyCoord.ra}
#         wrap_angle: !astropy.coordinates.Angle
#           unit: *id001
#           value: 360.0
#       representation_type: spherical
# schema: astropy-2.0
RA_ICRS_1 DE_ICRS_1 e_RA_ICRS e_DE_ICRS _r_1 HIP TYC2 Source rgeo Plx e_Plx pmRA pmDE e_pmRA e_pmDE RUWE Teff logg Gmag BP-RP BPmag RPmag RV e_RV b_rgeo B_rgeo FG e_FG FBP e_FBP FRP e_FRP RAVE5 RAVE6 e_Gmag e_BPmag e_RPmag e_BP-RP SkyCoord.ra SkyCoord.dec SkyCoord.distance SkyCoord.pm_ra_cosdec SkyCoord.pm_dec Pmemb
39.77996737084 60.39950904842 0.0078 0.0121 0.8426 "" "" 465192756854839296 1997.66064 0.4688 0.0161 -0.691 -0.47 0.014 0.015 1.002 13455.0 3.8068 13.821329 1.152217 14.301744 13.149528 "" "" 1923.5199 2071.91895 55771.83797 14.417 25985.0 31.059 43586.0 43.596 "" "" 0.0027695777275356867 0.0030772046 0.0039323135 0.0070095183 39.77996737084 60.39950904842 1997.66064 -0.691 -0.46999999999999986 0.9
39.81324837181 60.37377140122 0.0086 0.0127 2.6746 "" "" 465192481976943616 1991.75317 0.4657 0.017 -0.72 -0.448 0.014 0.016 1.041 "" "" 13.991388 1.294195 14.551232 13.257037 "" "" 1910.14453 2084.89551 47686.03735 8.6166 20650.0 14.503 39477.0 16.663 "" "" 0.002762295879714822 0.0028924926 0.0038070658 0.0066995583 39.81324837181 60.37377140122 1991.75317 -0.7200000000000002 -0.4480000000000002 0.9
39.75179428351 60.39910966141 0.009 0.0143 0.7947 "" "" 465192756854842496 1859.15942 0.5049 0.0184 -0.658 -0.492 0.016 0.018 0.976 6940.2 3.5838 14.140264 1.190197 14.644815 13.454617 "" "" 1788.98425 1925.23669 41575.87509 10.447 18945.0 21.694 32909.0 21.482 "" "" 0.002768793881790085 0.0030546351 0.0038452612 0.006899896 39.75179428351 60.39910966141 1859.15942 -0.658 -0.492 1.0
39.7813291079 60.40757713837 0.0112 0.0167 0.5635 "" "" 465192859934048384 2038.55872 0.4606 0.0221 -0.783 -0.435 0.02 0.021 1.07 "" "" 14.567911 1.308631 15.135275 13.826644 "" "" 1954.50916 2117.0271 28040.26707 4.6945 12059.0 11.785 23361.0 12.464 "" "" 0.002761309679979938 0.002985115 0.0038235188 0.006808634 39.7813291079 60.40757713837 2038.55872 -0.7830000000000001 -0.435 0.9
39.76871221836 60.40270319862 0.0106 0.0168 0.5201 "" "" 465192756854836992 2136.57178 0.4367 0.0211 -0.688 -0.349 0.018 0.02 0.979 "" "" 14.572223 1.245718 15.099194 13.853476 "" "" 2049.84131 2217.61841 27929.15244 5.1149 12466.0 15.114 22791.0 19.961 "" "" 0.00276248560908416 0.003085104 0.003897175 0.006982279 39.76871221836 60.40270319862 2136.57178 -0.688 -0.3490000000000003 1.0
39.76582424186 60.40137519599 0.0112 0.0179 0.5811 "" "" 465192756854839168 1947.86707 0.4814 0.0224 -0.745 -0.449 0.02 0.023 0.994 "" "" 14.754727 1.371974 15.358035 13.986061 "" "" 1866.28247 2033.61926 23607.82126 5.7309 9822.1 12.718 20171.0 13.106 "" "" 0.0027678975822555455 0.0031243337 0.0038446572 0.006968991 39.76582424186 60.40137519599 1947.86707 -0.7450000000000001 -0.449 0.9
39.73655078754 60.39786924117 0.0115 0.0177 1.1242 "" "" 465193478409350656 2034.06677 0.4621 0.0228 -0.595 -0.444 0.02 0.022 0.972 7956.3 3.9201 14.769005 1.305632 15.322994 14.017363 "" "" 1964.17273 2102.77393 23299.40421 4.0298 10144.0 21.549 19598.0 37.595 "" "" 0.0027617119593806023 0.0036200434 0.004315285 0.007935328 39.73655078754 60.39786924117 2034.06677 -0.5949999999999999 -0.4440000000000001 0.9
39.76772969636 60.42142309078 0.014 0.0199 0.6372 "" "" 465193615848284672 1961.43652 0.4754 0.025 -0.635 -0.595 0.025 0.024 1.035 "" "" 14.901578 1.343195 15.488472 14.145277 "" "" 1865.06592 2064.4126 20621.28619 4.202 8710.2 10.835 17420.0 9.5735 "" "" 0.002764188264126934 0.0030998637 0.0038261944 0.006926058 39.76772969636 60.42142309078 1961.43652 -0.635 -0.595 0.8
39.76018490029 60.41762036226 0.0123 0.0197 0.4101 "" "" 465193611549751680 1976.53113 0.4728 0.025 -0.657 -0.336 0.022 0.025 0.985 10141.9 4.1689 15.008373 1.428686 15.633124 14.204438 "" "" 1863.96204 2096.8418 18689.49196 3.8684 7623.7 8.7427 16496.0 15.593 "" "" 0.00276446962554393 0.0030553758 0.0039162515 0.0069716275 39.76018490029 60.41762036226 1976.53113 -0.657 -0.336 1.0
39.81734273507 60.38848609599 0.0143 0.0227 2.088 "" "" 465192585056152064 2248.23169 0.4173 0.0295 -0.768 -0.367 0.025 0.029 1.014 "" "" 15.333475 1.375621 15.939032 14.563411 "" "" 2141.57544 2413.35571 13853.41149 3.0971 5751.8 6.6556 11852.0 10.236 "" "" 0.002765991156631185 0.0030599742 0.0038939703 0.0069539445 39.81734273507 60.38848609599 2248.23169 -0.7679999999999999 -0.3669999999999999 0.8
39.79270410939 60.39750171798 0.0148 0.0222 1.1827 "" "" 465192791214578048 2022.21875 0.4589 0.0297 -0.777 -0.345 0.026 0.028 0.983 "" "" 15.363182 1.440631 16.005205 14.564574 "" "" 1911.78748 2148.54321 13479.50661 3.2265 5411.7 7.6053 11839.0 10.773 "" "" 0.002767549431950695 0.0031801278 0.0039063822 0.00708651 39.79270410939 60.39750171798 2022.21875 -0.7769999999999998 -0.345 1.0
39.7855152968 60.40293166473 0.0153 0.0249 0.8095 "" "" 465192859934051456 2056.56445 0.4533 0.0327 -0.749 -0.45 0.028 0.031 1.0 9245.7 3.6313 15.518035 1.335517 16.097805 14.762288 "" "" 1943.12085 2190.59717 11687.80137 2.5718 4969.3 9.4808 9868.3 9.1229 "" "" 0.0027656583126486668 0.003475046 0.0039103953 0.007385441 39.7855152968 60.40293166473 2056.56445 -0.7490000000000003 -0.45000000000000007 1.0
39.72579547372 60.40373772864 0.0177 0.0268 1.2023 "" "" 465193478409347456 2097.65356 0.4509 0.0346 -0.846 -0.454 0.031 0.034 1.114 9572.5 3.6168 15.728065 1.407643 16.316446 14.908803 "" "" 1912.1853 2286.29419 9632.10248 2.5011 4062.9 8.1237 8622.6 18.531 "" "" 0.0027697060052908687 0.0035352374 0.0044416636 0.007976901 39.72579547372 60.40373772864 2097.65356 -0.8460000000000003 -0.4540000000000002 1.0
39.77770341896 60.40244661334 0.0173 0.0281 0.6614 "" "" 465192756854836608 2022.92407 0.4642 0.0369 -0.752 -0.403 0.03 0.034 1.115 "" "" 15.770091 1.374603 16.37714 15.002537 "" "" 1890.52795 2162.91113 9266.38633 2.5107 3842.0 8.7231 7909.4 9.7747 "" "" 0.002770979884569335 0.0037231513 0.004010502 0.0077336533 39.77770341896 60.40244661334 2022.92407 -0.752 -0.403 0.9
39.80556096691 60.39476661164 0.0181 0.0275 1.5791 "" "" 465192791214578816 2257.47852 0.4244 0.0361 -0.741 -0.554 0.032 0.036 1.037 7193.8 3.4396 15.793458 1.415666 16.425335 15.009669 "" "" 2104.96436 2499.90698 9069.08398 2.4913 3675.2 8.1908 7857.6 6.3404 "" "" 0.0027714157237992373 0.003693266 0.0038795965 0.0075728623 39.80556096691 60.39476661164 2257.47852 -0.7410000000000001 -0.5539999999999999 1.0
39.73342935211 60.41765126518 0.019 0.0289 0.9793 "" "" 465193581488551680 2308.91113 0.4133 0.0366 -0.738 -0.308 0.034 0.037 1.047 "" "" 15.863808 1.352773 16.457756 15.104983 "" "" 2132.94604 2594.0686 8500.09221 2.2194 3567.1 6.7139 7197.2 6.6696 "" "" 0.0027698655969195345 0.0034584848 0.003911017 0.0073695015 39.73342935211 60.41765126518 2308.91113 -0.738 -0.308 1.0
39.73274725368 60.39417316571 0.0209 0.0311 1.3623 "" "" 465193478409352960 2085.61694 0.4535 0.04 -0.71 -0.369 0.037 0.039 0.988 9063.6 3.7899 15.954369 1.417135 16.58588 15.168745 "" "" 1925.82227 2259.9751 7819.86383 2.2898 3170.0 6.7834 6786.7 8.5574 "" "" 0.0027736014065863675 0.0036308332 0.004019692 0.0076505253 39.73274725368 60.39417316571 2085.61694 -0.71 -0.36899999999999994 1.0
39.70393094699 60.41904572108 0.0221 0.0326 1.8328 "" "" 465193753287245056 2099.64355 0.4549 0.0431 -0.698 -0.39 0.039 0.042 0.979 8987.1 3.6336 16.240309 1.461121 16.896425 15.435305 "" "" 1932.44763 2298.64233 6009.29359 1.8646 2381.5 7.1515 5309.3 8.7405 "" "" 0.002775839235649527 0.0042913 0.0041807354 0.008472036 39.70393094699 60.41904572108 2099.64355 -0.698 -0.39 0.9
39.73708585592 60.39838407832 0.0273 0.0413 1.0913 "" "" 465193478409350272 1815.17041 0.5258 0.0525 -0.636 -0.435 0.046 0.051 0.978 "" "" 16.572374 1.534056 17.198788 15.664732 "" "" 1653.64648 1989.71362 4425.85163 2.2532 1802.6 29.312 4298.0 33.532 "" "" 0.0028102170396969504 0.017874224 0.009275551 0.027149774 39.73708585592 60.39838407832 1815.17041 -0.636 -0.43500000000000005 0.9
