Clusters/Berkeley_65/Berkeley_65_stars_in_region.tsv
# %ECSV 1.0
# ---
# datatype:
# - name: RA_ICRS_1
#   unit: deg
#   datatype: float64
#   format: '{:15.11f}'
#   description: Right ascension (ICRS) at Ep=2016.0 (ra)
#   meta: !!omap
#   - {ucd: POS_EQ_RA_MAIN}
#   - {width: 15}
#   - {precision: '11'}
# - name: DE_ICRS_1
#   unit: deg
#   datatype: float64
#   format: '{:15.11f}'
#   description: Declination (ICRS) at Ep=2016.0 (dec)
#   meta: !!omap
#   - {ucd: POS_EQ_DEC_MAIN}
#   - {width: 15}
#   - {precision: '11'}
# - name: e_RA_ICRS
#   unit: mas
#   datatype: float64
#   format: '{:7.4f}'
#   description: Standard error of right ascension (ra_error)
#   meta: !!omap
#   - {ucd: ERROR}
#   - {width: 7}
#   - {precision: '4'}
# - name: e_DE_ICRS
#   unit: mas
#   datatype: float64
#   format: '{:7.4f}'
#   description: Standard error of declination (dec_error)
#   meta: !!omap
#   - {ucd: ERROR}
#   - {width: 7}
#   - {precision: '4'}
# - name: _r_1
#   unit: ''
#   datatype: float64
#   format: '{:7.4f}'
#   description: Distance from center (039.76361669000+60.41099841000)[ICRS], at Epoch=J2016.0
#   meta: !!omap
#   - {ucd: POS_ANG_DIST_GENERAL}
#   - {width: 7}
#   - {precision: '4'}
# - name: HIP
#   datatype: int32
#   description: '? HIP cross-id number, van Leeuwen, Cat. I/311 (hip_original_ext_source_id)'
#   meta: !!omap
#   - {ucd: ID_NUMBER}
#   - {width: 6}
#   - values: {'null': -2147483648}
# - name: TYC2
#   datatype: string
#   description: Tycho-2 cross-id name, Hog et al., Cat. I/259 (tyc2_original_ext_source_id)
#   meta: !!omap
#   - {ucd: ID_CROSSID}
#   - {_votable_string_dtype: char}
# - name: Source
#   datatype: int64
#   description: Source identifier, identical to the Gaia-EDR3 source_id (id)
#   meta: !!omap
#   - {ucd: ID_MAIN}
#   - {width: 19}
# - name: rgeo
#   unit: pc
#   datatype: float64
#   format: '{:15.8f}'
#   description: '? Median of the geometric distance posterior (r_med_geo)'
#   meta: !!omap
#   - {ucd: PHYS_DISTANCE_TRUE}
#   - {width: 15}
#   - {precision: '8'}
#   - values: {'null': .nan}
# - name: Plx
#   unit: mas
#   datatype: float64
#   format: '{:9.4f}'
#   description: '? Parallax (parallax)'
#   meta: !!omap
#   - {ucd: POS_PARLX_TRIG}
#   - {width: 9}
#   - {precision: '4'}
#   - values: {'null': .nan}
# - name: e_Plx
#   unit: mas
#   datatype: float32
#   format: '{:7.4f}'
#   description: '? Standard error of parallax (parallax_error)'
#   meta: !!omap
#   - {ucd: ERROR}
#   - {width: 7}
#   - {precision: '4'}
#   - values: {'null': .nan}
# - name: pmRA
#   unit: mas / yr
#   datatype: float64
#   format: '{:9.3f}'
#   description: '? Proper motion in right ascension direction, pmRA*cosDE (pmra)'
#   meta: !!omap
#   - {ucd: POS_EQ_PMRA}
#   - {width: 9}
#   - {precision: '3'}
#   - values: {'null': .nan}
# - name: pmDE
#   unit: mas / yr
#   datatype: float64
#   format: '{:9.3f}'
#   description: '? Proper motion in declination direction (pmdec)'
#   meta: !!omap
#   - {ucd: POS_EQ_PMDEC}
#   - {width: 9}
#   - {precision: '3'}
#   - values: {'null': .nan}
# - name: e_pmRA
#   unit: mas / yr
#   datatype: float32
#   format: '{:6.3f}'
#   description: '? Standard error of proper motion in right ascension direction (pmra_error)'
#   meta: !!omap
#   - {ucd: ERROR}
#   - {width: 6}
#   - {precision: '3'}
#   - values: {'null': .nan}
# - name: e_pmDE
[...]
#         unit: &id001 !astropy.units.Unit {unit: deg}
#         value: !astropy.table.SerializedColumn {name: SkyCoord.dec}
#       distance: !astropy.table.SerializedColumn
#         __class__: astropy.coordinates.distances.Distance
#         unit: !astropy.units.Unit {unit: pc}
#         value: !astropy.table.SerializedColumn {name: SkyCoord.distance}
#       frame: icrs
#       obstime: !astropy.time.Time {format: jyear_str, in_subfmt: '*', jd1: 367701545.0, jd2: 0.0, out_subfmt: '*', precision: 3, scale: tt}
#       pm_dec: !astropy.table.SerializedColumn
#         __class__: astropy.units.quantity.Quantity
#         unit: !astropy.units.Unit {unit: mas / yr}
#         value: !astropy.table.SerializedColumn {name: SkyCoord.pm_dec}
#       pm_ra_cosdec: !astropy.table.SerializedColumn
#         __class__: astropy.units.quantity.Quantity
#         unit: !astropy.units.Unit {unit: mas / yr}
#         value: !astropy.table.SerializedColumn {name: SkyCoord.pm_ra_cosdec}
#       ra: !astropy.table.SerializedColumn
#         __class__: astropy.coordinates.angles.Longitude
#         unit: *id001
#         value: !astropy.table.SerializedColumn {name: SkyCoord.ra}
#         wrap_angle: !astropy.coordinates.Angle
#           unit: *id001
#           value: 360.0
#       representation_type: spherical
# schema: astropy-2.0
RA_ICRS_1 DE_ICRS_1 e_RA_ICRS e_DE_ICRS _r_1 HIP TYC2 Source rgeo Plx e_Plx pmRA pmDE e_pmRA e_pmDE RUWE Teff logg Gmag BP-RP BPmag RPmag RV e_RV b_rgeo B_rgeo FG e_FG FBP e_FBP FRP e_FRP RAVE5 RAVE6 e_Gmag e_BPmag e_RPmag e_BP-RP SkyCoord.ra SkyCoord.dec SkyCoord.distance SkyCoord.pm_ra_cosdec SkyCoord.pm_dec
[from data line 327]
39.96175237765 60.43351857252 0.0292 0.0439 6.0216 "" "" 465187224936929280 2082.46143 0.4667 0.0573 -0.636 -0.316 0.05 0.055 0.971 8172.9 4.2389 16.828588 1.939321 17.795658 15.856337 "" "" 1842.15002 2368.52881 3495.51854 1.4538 1040.3 5.9427 3602.7 5.9553 "" "" 0.002792077649274856 0.006800955 0.004183873 0.010984829 39.96175237765 60.43351857252 2082.46143 -0.6359999999999999 -0.31599999999999984
39.88976540246 60.51346747388 0.031 0.0496 7.1919 "" "" 465200212917994240 2413.89478 0.3894 0.0624 -0.17 0.227 0.056 0.059 1.056 7522.0 3.6461 16.829838 2.59868 18.271448 15.672768 "" "" 2091.78491 2833.87231 3491.49641 1.6637 671.18 6.1161 4266.3 7.8038 "" "" 0.0028034700740793544 0.010279633 0.004269417 0.0145490505 39.88976540246 60.51346747388 2413.89478 -0.16999999999999998 0.22700000000000004
39.8365334007 60.47998617439 0.0298 0.0504 4.668 "" "" 465194199963801216 2051.8667 0.4864 0.059 -1.504 -1.678 0.052 0.063 0.99 7511.4 4.0983 16.83249 1.677399 17.623001 15.945602 "" "" 1795.2373 2293.90942 3482.97425 1.4914 1219.6 5.4952 3318.3 7.5222 "" "" 0.0027942673448068615 0.005631798 0.004510146 0.0101419445 39.8365334007 60.47998617439 2051.8667 -1.504 -1.678
39.51008266516 60.42737017284 0.0286 0.0448 7.5734 "" "" 465195093317053824 2072.49951 0.4685 0.0598 -1.425 -0.537 0.051 0.06 1.029 8983.2 4.0685 16.835974 1.503399 17.522083 16.018684 "" "" 1833.58215 2413.70679 3471.82284 1.46 1338.4 6.1467 3102.3 9.0178 "" "" 0.0027928940745854352 0.005713883 0.004923845 0.0106377285 39.51008266516 60.42737017284 2072.49951 -1.425 -0.5370000000000003
39.29098549972 60.44612458552 0.0281 0.0395 14.1526 "" "" 465219729250247552 2037.62683 0.4595 0.0544 -1.534 -1.021 0.048 0.052 0.958 5382.6 4.2486 16.845524 1.731296 17.675308 15.944013 "" "" 1851.09863 2363.87451 3441.41816 1.4229 1162.2 5.9558 3323.2 8.0748 "" "" 0.0027916503016658413 0.0062243585 0.0046090744 0.010833433 39.29098549972 60.44612458552 2037.62683 -1.534 -1.0209999999999997
40.06858294188 60.45258500916 0.029 0.0424 9.3677 "" "" 465187426795831168 2251.33691 0.431 0.057 -0.735 -0.107 0.05 0.053 0.999 9361.1 4.1937 16.845652 1.551024 17.554775 16.003752 "" "" 2035.34326 2577.88428 3441.01277 1.4138 1298.7 6.0754 3145.3 8.8212 "" "" 0.002791198471956425 0.0057950607 0.004853438 0.010648498 40.06858294188 60.45258500916 2251.33691 -0.7350000000000001 -0.10700000000000003
39.49645349448 60.50169180155 0.0296 0.0442 9.5961 "" "" 465196703925289728 2478.39258 0.3707 0.0586 -2.004 1.684 0.052 0.06 1.009 7693.1 4.1386 16.851358 1.768084 17.707367 15.939283 "" "" 2175.62769 2888.27368 3422.97244 1.4307 1128.4 6.3086 3337.7 6.659 "" "" 0.002792441322856642 0.006680635 0.0043561314 0.011036767 39.49645349448 60.50169180155 2478.39258 -2.004 1.684
39.28947839553 60.36124699634 0.0317 0.044 14.3712 "" "" 465171969212388736 2625.62451 0.3632 0.0622 -1.461 -0.405 0.056 0.058 1.072 9131.0 4.2267 16.857113 1.502638 17.545187 16.04255 "" "" 2283.86279 2997.26465 3404.87545 1.635 1310.2 5.5075 3034.9 5.7052 "" "" 0.002804212819931563 0.005349273 0.004295295 0.009644568 39.28947839553 60.36124699634 2625.62451 -1.4610000000000003 -0.4050000000000001
39.63034896498 60.57020173471 0.0278 0.041 10.3323 "" "" 465198529290804480 2281.14893 0.423 0.0557 -1.588 -0.536 0.048 0.054 1.017 8138.3 4.227 16.862783 1.599331 17.612583 16.013252 "" "" 2042.47485 2508.12646 3387.13901 1.4578 1231.4 5.1936 3117.9 7.7101 "" "" 0.0027946649373091245 0.005362323 0.00463597 0.009998294 39.63034896498 60.57020173471 2281.14893 -1.5880000000000003 -0.5360000000000001
39.8464350232 60.56758585425 0.0297 0.0454 9.7089 "" "" 465200586575833600 2477.36084 0.3815 0.0592 1.8 -0.312 0.052 0.057 0.979 8875.4 4.0432 16.865934 1.85156 17.771074 15.919515 "" "" 2190.13403 2791.50659 3377.3248 1.4835 1064.1 5.8662 3399.0 6.8528 "" "" 0.002796289556454197 0.0066038608 0.004367533 0.010971393 39.8464350232 60.56758585425 2477.36084 1.7999999999999998 -0.312
39.93707003084 60.43331966011 0.0295 0.0454 5.3088 "" "" 465181349421670784 2030.55359 0.4629 0.0586 -1.671 0.219 0.052 0.058 0.992 6632.5 4.2405 16.86658 1.964654 17.84968 15.885026 "" "" 1821.56934 2323.07593 3375.3189 1.4534 989.79 5.7338 3508.7 6.5067 "" "" 0.0027947019087118485 0.006880716 0.0042822505 0.0111629665 39.93707003084 60.43331966011 2030.55359 -1.6709999999999998 0.2189999999999998
39.95062219061 60.35656933314 0.0299 0.0447 6.4352 "" "" 465180834025636736 1811.76111 0.5343 0.0599 -2.49 2.19 0.051 0.058 0.921 6783.6 4.2281 16.86761 2.047708 17.878956 15.831248 "" "" 1593.88416 2067.34546 3372.11431 1.5734 963.46 5.2589 3686.9 11.336 "" "" 0.0028015046314704517 0.0065502967 0.005042603 0.011592899 39.95062219061 60.35656933314 1811.76111 -2.4900000000000007 2.1900000000000004
39.66523111095 60.16045160989 0.0318 0.0442 15.3149 "" "" 465154136508214912 2496.18872 0.3805 0.0654 1.514 -1.427 0.057 0.056 0.988 7650.0 4.2233 16.868256 1.891347 17.803127 15.91178 "" "" 2206.83496 2810.16772 3370.11098 1.617 1033.2 5.7858 3423.3 7.8203 "" "" 0.0028041346093901284 0.006689649 0.0045205723 0.011210222 39.66523111095 60.16045160989 2496.18872 1.5139999999999998 -1.427
39.84620406895 60.63090150297 0.0307 0.0454 13.4176 "" "" 465204125628998912 1789.26013 0.5498 0.0585 1.397 -1.871 0.053 0.058 0.979 6777.6 4.3411 16.869143 1.624121 17.63192 16.0078 "" "" 1607.31409 1992.12122 3367.35982 1.4091 1209.6 7.8439 3133.6 6.6613 "" "" 0.0027925275470522134 0.007573389 0.0044283955 0.0120017845 39.84620406895 60.63090150297 1789.26013 1.3969999999999998 -1.8709999999999996
39.86397523622 60.42438531768 0.031 0.0484 3.0793 "" "" 465193031732725376 2033.52722 0.4746 0.0597 -0.694 -0.481 0.053 0.062 1.06 7881.9 4.4123 16.87136 1.955738 17.847574 15.891836 "" "" 1818.69287 2313.64136 3360.48871 1.6398 991.72 5.4865 3486.8 8.1704 "" "" 0.002805793731077942 0.0066230358 0.004555915 0.011178951 39.86397523622 60.42438531768 2033.52722 -0.694 -0.4809999999999999
39.97419276157 60.42050936578 0.0307 0.0449 6.2638 "" "" 465187151918941952 2259.05151 0.4404 0.0596 0.712 -1.002 0.053 0.057 0.979 7805.8 4.1847 16.872288 1.93335 17.832355 15.899006 "" "" 1951.85938 2586.93311 3357.61829 1.3971 1005.7 6.6292 3463.8 8.9732 "" "" 0.0027921118216012266 0.007681431 0.00471114 0.012392571 39.97419276157 60.42050936578 2259.05151 0.7120000000000001 -1.0019999999999998
39.68093462812 60.16820204569 0.0315 0.0457 14.7738 "" "" 465154514465332736 1849.98975 0.5201 0.0654 -3.227 -0.283 0.058 0.058 0.98 7403.3 4.2531 16.876312 1.896885 17.80209 15.905205 "" "" 1668.86707 2095.16821 3345.1953 1.5087 1034.1 5.8822 3444.1 7.2784 "" "" 0.0027984939837893646 0.0067769475 0.004421354 0.011198301 39.68093462812 60.16820204569 1849.98975 -3.2270000000000003 -0.28300000000000003
39.86057223977 60.42253270096 0.0305 0.0479 2.9542 "" "" 465193031732726656 2050.32812 0.4645 0.0592 1.359 0.59 0.052 0.062 1.055 6114.0 4.0615 16.88351 2.04123 17.89871 15.85748 "" "" 1818.01038 2278.77466 3323.09032 1.5186 946.09 5.6528 3598.9 7.1734 "" "" 0.0027996372023769223 0.00706176 0.0043551237 0.011416884 39.86057223977 60.42253270096 2050.32812 1.359 0.5899999999999999
39.53688631158 60.48545106592 0.0298 0.0476 8.0606 "" "" 465196463407090432 2567.9917 0.3705 0.0595 -1.152 -0.064 0.053 0.065 1.022 9245.5 3.626 16.890635 1.428907 17.530388 16.10148 "" "" 2257.93311 2989.71899 3301.35901 1.4225 1328.2 5.7114 2874.5 7.0699 "" "" 0.0027947540210349737 0.005438985 0.004627605 0.010066589 39.53688631158 60.48545106592 2567.9917 -1.152 -0.06400000000000008
39.37429627516 60.3634794046 0.0307 0.0427 11.8895 "" "" 465172106651338624 1948.17798 0.4949 0.0618 -3.483 -0.159 0.053 0.056 0.999 7421.5 4.3614 16.891506 1.752867 17.730724 15.977858 "" "" 1754.31165 2151.3584 3298.71094 1.5026 1104.4 6.8099 3221.2 7.3722 "" "" 0.0027993542051374955 0.007252972 0.004523086 0.011776058 39.37429627516 60.3634794046 1948.17798 -3.482999999999999 -0.15900000000000009
39.55874356216 60.47974304128 0.0311 0.0499 7.3332 "" "" 465196398987077888 2518.42334 0.3705 0.0614 -2.61 0.433 0.056 0.067 1.004 7535.1 4.3484 16.893114 1.753386 17.737574 15.984187 "" "" 2164.55859 2984.06421 3293.82843 1.579 1097.5 5.0876 3202.5 9.6115 "" "" 0.0028040489651633693 0.0057547214 0.004990187 0.010744909 39.55874356216 60.47974304128 2518.42334 -2.6100000000000003 0.43300000000000005
39.74893405185 60.38898105719 0.0314 0.048 1.3909 "" "" 465192718196506752 2031.4054 0.4793 0.063 -0.717 -0.306 0.053 0.059 0.984 7650.3 4.3643 16.8933 1.848591 17.799831 15.951241 "" "" 1825.81091 2344.06689 3293.26852 1.5026 1036.3 6.3858 3301.1 7.1678 "" "" 0.002799498716285403 0.007248925 0.004454383 0.011703309 39.74893405185 60.38898105719 2031.4054 -0.7170000000000001 -0.306
39.78366773007 60.6867221592 0.0318 0.0452 16.554 "" "" 465205259500453248 2539.93652 0.387 0.0599 -0.606 -1.052 0.054 0.059 0.959 7723.2 4.4083 16.909658 1.685585 17.714144 16.028559 "" "" 2197.44312 2932.37109 3244.01738 1.4796 1121.4 6.8412 3074.2 6.4732 "" "" 0.0027994674277434304 0.007187316 0.004417054 0.011604371 39.78366773007 60.6867221592 2539.93652 -0.6060000000000001 -1.0520000000000003
39.39685832432 60.40451301575 0.0292 0.042 10.8738 "" "" 465172484603982336 2520.15259 0.3863 0.0572 -2.483 0.499 0.05 0.058 0.98 5359.5 4.2722 16.910534 1.758006 17.65345 15.895444 "" "" 2135.3811 3044.33179 3241.405 1.8241 1185.9 8.5702 3475.2 28.796 "" "" 0.0028222522468288103 0.008327671 0.00975817 0.018085841 39.39685832432 60.40451301575 2520.15259 -2.4829999999999997 0.49900000000000005
39.89718302127 60.68183538104 0.0328 0.0466 16.7212 "" "" 465205985354168576 2440.41357 0.3939 0.0594 2.103 -1.323 0.056 0.062 1.031 4813.0 4.1759 16.917164 2.141091 18.025099 15.884007 "" "" 2170.48047 2811.17993 3221.66837 1.5098 842.13 6.0374 3512.0 7.6044 "" "" 0.002801907503986946 0.008268829 0.004450896 0.012719725 39.89718302127 60.68183538104 2440.41357 2.103 -1.323
40.04137215678 60.35585636392 0.0317 0.0467 8.8756 "" "" 465180181190603136 2443.53857 0.388 0.0639 -1.329 -0.114 0.054 0.06 1.009 8689.9 3.4086 16.918257 1.955895 17.884054 15.928159 "" "" 2147.44287 2859.3186 3218.43048 1.4165 958.95 5.8875 3372.1 7.3158 "" "" 0.002796450509302402 0.0072262967 0.004453333 0.01167963 40.04137215678 60.35585636392 2443.53857 -1.3289999999999997 -0.11400000000000002
40.06856371699 60.56967403363 0.0323 0.0461 13.1097 "" "" 465201381149064576 2127.15063 0.4519 0.0612 -2.56 4.96 0.058 0.061 1.0 7169.3 4.346 16.923588 1.835627 17.81911 15.983484 "" "" 1855.86133 2487.073 3202.66466 1.4112 1018.1 6.7125 3204.5 6.7613 "" "" 0.002796545505296017 0.007682985 0.004419464 0.012102449 40.06856371699 60.56967403363 2127.15063 -2.5600000000000005 4.96
39.46772192732 60.37379298413 0.0312 0.0459 9.0509 "" "" 465171453816305792 2564.99438 0.3895 0.0633 -0.279 0.171 0.054 0.06 1.03 8275.7 4.4396 16.93378 1.726026 17.76296 16.036934 "" "" 2236.42163 3062.56372 3172.73958 1.4405 1072.1 5.6402 3050.6 6.4251 "" "" 0.0027990693850557026 0.0063569876 0.0044173473 0.010774335 39.46772192732 60.37379298413 2564.99438 -0.2790000000000001 0.17099999999999999
39.34515524279 60.37234005145 0.0308 0.0443 12.6199 "" "" 465172312809767936 2346.58472 0.4007 0.0629 0.713 -0.789 0.053 0.058 1.014 6570.4 3.938 16.934645 2.923453 18.632978 15.709525 "" "" 2074.78394 2801.74414 3170.21847 1.9009 481.09 7.3009 4124.3 7.5494 "" "" 0.002831186423055819 0.016711429 0.004270071 0.0209815 39.34515524279 60.37234005145 2346.58472 0.7130000000000001 -0.789
39.98043389616 60.55777150494 0.0315 0.0487 10.8916 "" "" 465200036820004992 2597.1875 0.3691 0.0616 -0.611 -0.895 0.057 0.063 0.964 7275.9 4.4992 16.935219 1.740204 17.772038 16.031834 "" "" 2230.00049 2948.42285 3168.53846 1.4655 1063.2 4.9398 3065.0 6.7542 "" "" 0.0028007078666793164 0.0057647284 0.0044730525 0.010237781 39.98043389616 60.55777150494 2597.1875 -0.611 -0.895
39.99324094567 60.59503770402 0.0331 0.0518 12.9596 "" "" 465202304562805760 2431.66089 0.4 0.0664 -0.207 0.383 0.059 0.065 1.041 7899.0 4.0736 16.942822 1.565725 17.654236 16.08851 "" "" 2070.68042 3049.26416 3146.43163 1.4248 1185.0 7.4276 2909.1 10.334 "" "" 0.0027988414451902027 0.007355181 0.0053999177 0.012755099 39.99324094567 60.59503770402 2431.66089 -0.20699999999999993 0.383
39.25253117043 60.4957479646 0.0481 0.0801 15.954 "" "" 465220656963174272 2086.98096 0.4773 0.1051 -5.802 3.549 0.086 0.108 1.768 "" "" 16.942883 1.868857 17.322014 15.453156 "" "" 1673.68567 2722.90088 3146.25102 6.276 1609.2 9.1399 5222.7 20.69 "" "" 0.0035046229994965686 0.006768585 0.0057257363 0.012494322 39.25253117043 60.4957479646 2086.98096 -5.802 3.5489999999999995
39.60745798327 60.44795397345 0.0303 0.0462 5.128 "" "" 465195368194938240 1878.41296 0.5153 0.061 2.316 -4.038 0.053 0.06 0.997 5466.5 4.5297 16.950678 1.830021 17.848997 16.018976 "" "" 1664.58618 2142.15796 3123.74424 1.3949 990.42 6.3671 3101.5 6.3803 "" "" 0.0027976511843158776 0.007516878 0.004390037 0.011906915 39.60745798327 60.44795397345 1878.41296 2.316 -4.038
39.75992696598 60.4812029996 0.0313 0.0477 4.2137 "" "" 465194337402758784 2364.771 0.4228 0.0613 -0.569 -0.373 0.056 0.063 0.937 8580.0 4.4663 16.954 1.48169 17.63439 16.1527 "" "" 2042.85791 2854.70142 3114.20137 2.7664 1206.9 8.5188 2742.1 9.6711 "" "" 0.002919247911689714 0.0081557 0.0053802505 0.01353595 39.75992696598 60.4812029996 2364.771 -0.5689999999999998 -0.3729999999999999
39.89313027576 60.22913885895 0.0327 0.0458 11.5701 "" "" 465177638570003456 2601.37866 0.3727 0.0637 -0.607 -0.065 0.055 0.059 0.993 9213.3 3.6281 16.972355 2.043674 17.998606 15.954931 "" "" 2292.91235 3107.88062 3061.99613 1.4425 862.93 8.0983 3289.9 9.1687 "" "" 0.0028023935155302914 0.010564376 0.0048414436 0.015405819 39.89313027576 60.22913885895 2601.37866 -0.607 -0.06499999999999999
39.30433187983 60.37458030264 0.0335 0.049 13.7888 "" "" 465172003572123008 2296.96948 0.422 0.0706 -2.746 1.294 0.059 0.064 1.103 7618.3 4.4418 16.975256 1.64699 17.746964 16.099974 "" "" 2030.53394 2620.59546 3053.82627 1.4567 1088.0 6.5311 2878.5 6.9406 "" "" 0.0028035718247727756 0.0070896395 0.00459752 0.01168716 39.30433187983 60.37458030264 2296.96948 -2.7460000000000004 1.294
39.90786951311 60.39553049366 0.0327 0.049 4.3743 "" "" 465181207684170496 1776.18433 0.5467 0.0629 -0.683 -0.578 0.056 0.064 1.03 7579.6 4.1613 16.976685 1.933519 17.94054 16.00702 "" "" 1588.71655 2018.24841 3049.81252 1.4377 910.33 5.5462 3135.8 6.8176 "" "" 0.0028024545953333913 0.0071792393 0.004455982 0.011635222 39.90786951311 60.39553049366 1776.18433 -0.683 -0.5779999999999998
39.99611667355 60.65215028227 0.0335 0.0469 16.0141 "" "" 465202721178826496 2244.84302 0.4301 0.0616 -3.006 2.979 0.057 0.062 1.035 7491.2 4.3647 16.986124 1.651388 17.7692 16.117811 "" "" 1994.70959 2561.60352 3023.40806 1.3993 1066.0 5.9166 2831.6 6.3811 "" "" 0.0028007674502131936 0.00664074 0.0045022513 0.0111429915 39.99611667355 60.65215028227 2244.84302 -3.006 2.979
39.45599097447 60.5675987481 0.03 0.0454 13.0747 "" "" 465245430335449216 1908.28687 0.5063 0.0588 -1.188 0.3 0.054 0.064 0.966 8004.6 4.2916 16.988823 1.648081 17.764862 16.116781 "" "" 1720.88062 2224.36523 3015.90571 1.3179 1070.2 6.19 2834.3 5.6393 "" "" 0.0027958702915228907 0.006871805 0.0043532057 0.011225011 39.45599097447 60.5675987481 1908.28687 -1.188 0.29999999999999993
39.70972513231 60.44862112906 0.0331 0.0516 2.7644 "" "" 465193959445659008 2007.27905 0.4838 0.0624 -2.929 -0.229 0.058 0.065 1.019 7211.7 4.2969 16.993711 1.666864 17.779453 16.112589 "" "" 1819.82056 2322.31226 3002.35322 1.3452 1055.9 6.3286 2845.3 7.042 "" "" 0.0027979340856091146 0.007080369 0.004637296 0.011717665 39.70972513231 60.44862112906 2007.27905 -2.929 -0.2289999999999997
