Clusters/Berkeley_65/Berkeley_65_stars_in_region.tsv
# %ECSV 1.0
# ---
# datatype:
# - name: RA_ICRS_1
#   unit: deg
#   datatype: float64
#   format: '{:15.11f}'
#   description: Right ascension (ICRS) at Ep=2016.0 (ra)
#   meta: !!omap
#   - {ucd: POS_EQ_RA_MAIN}
#   - {width: 15}
#   - {precision: '11'}
# - name: DE_ICRS_1
#   unit: deg
#   datatype: float64
#   format: '{:15.11f}'
#   description: Declination (ICRS) at Ep=2016.0 (dec)
#   meta: !!omap
#   - {ucd: POS_EQ_DEC_MAIN}
#   - {width: 15}
#   - {precision: '11'}
# - name: e_RA_ICRS
#   unit: mas
#   datatype: float64
#   format: '{:7.4f}'
#   description: Standard error of right ascension (ra_error)
#   meta: !!omap
#   - {ucd: ERROR}
#   - {width: 7}
#   - {precision: '4'}
# - name: e_DE_ICRS
#   unit: mas
#   datatype: float64
#   format: '{:7.4f}'
#   description: Standard error of declination (dec_error)
#   meta: !!omap
#   - {ucd: ERROR}
#   - {width: 7}
#   - {precision: '4'}
# - name: _r_1
#   unit: ''
#   datatype: float64
#   format: '{:7.4f}'
#   description: Distance from center (039.76361669000+60.41099841000)[ICRS], at Epoch=J2016.0
#   meta: !!omap
#   - {ucd: POS_ANG_DIST_GENERAL}
#   - {width: 7}
#   - {precision: '4'}
# - name: HIP
#   datatype: int32
#   description: '? HIP cross-id number, van Leeuwen, Cat. I/311 (hip_original_ext_source_id)'
#   meta: !!omap
#   - {ucd: ID_NUMBER}
#   - {width: 6}
#   - values: {'null': -2147483648}
# - name: TYC2
#   datatype: string
#   description: Tycho-2 cross-id name, Hog et al., Cat. I/259 (tyc2_original_ext_source_id)
#   meta: !!omap
#   - {ucd: ID_CROSSID}
#   - {_votable_string_dtype: char}
# - name: Source
#   datatype: int64
#   description: Source identifier, identical to the Gaia-EDR3 source_id (id)
#   meta: !!omap
#   - {ucd: ID_MAIN}
#   - {width: 19}
# - name: rgeo
#   unit: pc
#   datatype: float64
#   format: '{:15.8f}'
#   description: '? Median of the geometric distance posterior (r_med_geo)'
#   meta: !!omap
#   - {ucd: PHYS_DISTANCE_TRUE}
#   - {width: 15}
#   - {precision: '8'}
#   - values: {'null': .nan}
# - name: Plx
#   unit: mas
#   datatype: float64
#   format: '{:9.4f}'
#   description: '? Parallax (parallax)'
#   meta: !!omap
#   - {ucd: POS_PARLX_TRIG}
#   - {width: 9}
#   - {precision: '4'}
#   - values: {'null': .nan}
# - name: e_Plx
#   unit: mas
#   datatype: float32
#   format: '{:7.4f}'
#   description: '? Standard error of parallax (parallax_error)'
#   meta: !!omap
#   - {ucd: ERROR}
#   - {width: 7}
#   - {precision: '4'}
#   - values: {'null': .nan}
# - name: pmRA
#   unit: mas / yr
#   datatype: float64
#   format: '{:9.3f}'
#   description: '? Proper motion in right ascension direction, pmRA*cosDE (pmra)'
#   meta: !!omap
#   - {ucd: POS_EQ_PMRA}
#   - {width: 9}
#   - {precision: '3'}
#   - values: {'null': .nan}
# - name: pmDE
#   unit: mas / yr
#   datatype: float64
#   format: '{:9.3f}'
#   description: '? Proper motion in declination direction (pmdec)'
#   meta: !!omap
#   - {ucd: POS_EQ_PMDEC}
#   - {width: 9}
#   - {precision: '3'}
#   - values: {'null': .nan}
# - name: e_pmRA
#   unit: mas / yr
#   datatype: float32
#   format: '{:6.3f}'
#   description: '? Standard error of proper motion in right ascension direction (pmra_error)'
#   meta: !!omap
#   - {ucd: ERROR}
#   - {width: 6}
#   - {precision: '3'}
#   - values: {'null': .nan}
# - name: e_pmDE
[...]
#         unit: &id001 !astropy.units.Unit {unit: deg}
#         value: !astropy.table.SerializedColumn {name: SkyCoord.dec}
#       distance: !astropy.table.SerializedColumn
#         __class__: astropy.coordinates.distances.Distance
#         unit: !astropy.units.Unit {unit: pc}
#         value: !astropy.table.SerializedColumn {name: SkyCoord.distance}
#       frame: icrs
#       obstime: !astropy.time.Time {format: jyear_str, in_subfmt: '*', jd1: 367701545.0, jd2: 0.0, out_subfmt: '*', precision: 3, scale: tt}
#       pm_dec: !astropy.table.SerializedColumn
#         __class__: astropy.units.quantity.Quantity
#         unit: !astropy.units.Unit {unit: mas / yr}
#         value: !astropy.table.SerializedColumn {name: SkyCoord.pm_dec}
#       pm_ra_cosdec: !astropy.table.SerializedColumn
#         __class__: astropy.units.quantity.Quantity
#         unit: !astropy.units.Unit {unit: mas / yr}
#         value: !astropy.table.SerializedColumn {name: SkyCoord.pm_ra_cosdec}
#       ra: !astropy.table.SerializedColumn
#         __class__: astropy.coordinates.angles.Longitude
#         unit: *id001
#         value: !astropy.table.SerializedColumn {name: SkyCoord.ra}
#         wrap_angle: !astropy.coordinates.Angle
#           unit: *id001
#           value: 360.0
#       representation_type: spherical
# schema: astropy-2.0
RA_ICRS_1 DE_ICRS_1 e_RA_ICRS e_DE_ICRS _r_1 HIP TYC2 Source rgeo Plx e_Plx pmRA pmDE e_pmRA e_pmDE RUWE Teff logg Gmag BP-RP BPmag RPmag RV e_RV b_rgeo B_rgeo FG e_FG FBP e_FBP FRP e_FRP RAVE5 RAVE6 e_Gmag e_BPmag e_RPmag e_BP-RP SkyCoord.ra SkyCoord.dec SkyCoord.distance SkyCoord.pm_ra_cosdec SkyCoord.pm_dec
[from data line 81]
39.76018490029 60.41762036226 0.0123 0.0197 0.4101 "" "" 465193611549751680 1976.53113 0.4728 0.025 -0.657 -0.336 0.022 0.025 0.985 10141.9 4.1689 15.008373 1.428686 15.633124 14.204438 "" "" 1863.96204 2096.8418 18689.49196 3.8684 7623.7 8.7427 16496.0 15.593 "" "" 0.00276446962554393 0.0030553758 0.0039162515 0.0069716275 39.76018490029 60.41762036226 1976.53113 -0.657 -0.336
40.00721200101 60.51818659029 0.0126 0.0195 9.6578 "" "" 465199628802433280 1872.97473 0.4904 0.0243 -1.934 -2.63 0.023 0.025 0.994 "" "" 15.029199 2.261999 16.218893 13.956894 -58.51 2.32 1794.13562 1970.21155 18334.42662 4.0452 4444.9 6.9716 20721.0 11.701 "" "" 0.002765713978741598 0.0032687904 0.0038287893 0.0070975795 40.00721200101 60.51818659029 1872.97473 -1.9339999999999995 -2.629999999999999
39.88369690858 60.61931021923 0.0124 0.0184 12.992 "" "" 465204095568384768 2501.34644 0.3675 0.0249 -0.596 0.239 0.021 0.024 1.027 10377.1 3.5261 15.044724 1.152675 15.527677 14.375002 "" "" 2340.7373 2732.89673 18074.1165 3.4937 8401.3 10.087 14098.0 10.491 "" "" 0.0027633015261717556 0.003079673 0.0038647777 0.0069444505 39.88369690858 60.61931021923 2501.34644 -0.596 0.23900000000000007
39.37464165353 60.50388969183 0.0118 0.018 12.7862 "" "" 465243403110904960 2632.15601 0.3582 0.0241 -0.766 0.969 0.021 0.024 1.019 8402.6 3.6567 15.06543 1.625417 15.822707 14.19729 -38.72 6.45 2458.87305 2822.63013 17732.69555 6.8119 6402.3 13.018 16605.0 25.031 "" "" 0.002786708434550001 0.0035579235 0.004118549 0.007676473 39.37464165353 60.50388969183 2632.15601 -0.766 0.9689999999999998
39.97729612606 60.43790311513 0.0127 0.019 6.5306 "" "" 465187190580124928 1785.61328 0.5299 0.0244 -0.8 -0.587 0.022 0.024 0.992 "" "" 15.092503 1.312549 15.662936 14.350388 "" "" 1700.39062 1879.09106 17296.00654 3.7196 7417.2 7.8471 14421.0 10.79 "" "" 0.002765195941091313 0.0030173631 0.0038657032 0.006883066 39.97729612606 60.43790311513 1785.61328 -0.8 -0.587
39.96968724281 60.42679323089 0.0143 0.022 6.1768 "" "" 465187156217456256 1777.28491 0.5378 0.0286 3.486 3.455 0.026 0.028 1.221 "" "" 15.099073 2.148869 16.207964 14.059094 3.91 3.0 1688.39014 1848.62378 17191.64725 3.9192 4489.8 9.0057 18859.0 9.8781 "" "" 0.002766415341737015 0.0035394619 0.003821929 0.0073613906 39.96968724281 60.42679323089 1777.28491 3.4860000000000007 3.454999999999999
39.62047702919 60.56844913676 0.0117 0.0176 10.351 "" "" 465198735449236224 2552.74658 0.3514 0.024 -0.657 -0.116 0.021 0.024 1.013 5308.4 2.5771 15.099103 2.198699 16.24313 14.044431 -80.3 2.62 2430.41431 2719.19141 17191.1814 3.4186 4346.8 6.973 19116.0 9.4249 "" "" 0.002763766501118066 0.0032891612 0.003817104 0.007106265 39.62047702919 60.56844913676 2552.74658 -0.657 -0.11600000000000002
40.20011164163 60.33917034364 0.0126 0.0184 13.6446 "" "" 465182655091860480 2457.57031 0.355 0.0258 -0.84 -0.015 0.022 0.025 1.054 "" "" 15.127786 2.653993 16.604383 13.950391 -58.31 2.19 2315.10913 2626.40356 16742.96295 4.9177 3116.5 9.5273 20845.0 10.671 "" "" 0.0027737134621896504 0.0043361057 0.003820033 0.0081561385 40.20011164163 60.33917034364 2457.57031 -0.8400000000000001 -0.015000000000000013
39.34495606382 60.58944919837 0.0122 0.0189 16.3598 "" "" 465245013717582720 2206.41162 0.4235 0.0245 -1.256 -0.85 0.022 0.025 1.023 "" "" 15.133502 1.773874 15.9834 14.209526 -28.6 9.3 2111.22119 2343.927 16655.05575 7.1563 5521.5 13.063 16419.0 18.479 "" "" 0.0027945351643277063 0.003792515 0.0039720153 0.0077645304 39.34495606382 60.58944919837 2206.41162 -1.256 -0.85
40.13835913348 60.28345241606 0.0128 0.0183 13.5022 "" "" 465176573418179712 2190.36914 0.4121 0.0248 -2.221 1.628 0.021 0.024 1.018 4981.1 2.6023 15.138947 2.550251 16.541037 13.990786 -80.89 4.16 2095.04443 2303.64331 16571.7439 4.2285 3303.7 7.0824 20084.0 10.684 "" "" 0.002769212983371025 0.003633547 0.0038232603 0.0074568074 40.13835913348 60.28345241606 2190.36914 -2.2210000000000005 1.6280000000000001
39.39709413019 60.37456811895 0.0128 0.0192 11.0825 "" "" 465172141011074560 2260.94946 0.415 0.0268 0.317 -0.844 0.023 0.026 1.041 "" "" 15.146946 1.192902 15.644503 14.451601 "" "" 2119.66675 2401.13574 16450.09722 3.6288 7544.2 11.097 13138.0 10.886 "" "" 0.002765710248096057 0.003214902 0.0038849786 0.007099881 39.39709413019 60.37456811895 2260.94946 0.3170000000000001 -0.844
39.33325603011 60.4125507608 0.0131 0.0192 12.7501 "" "" 465219351293136000 2185.1167 0.4269 0.0271 -0.69 -2.008 0.023 0.026 1.067 "" "" 15.171426 1.79069 16.031261 14.240571 8.54 11.87 2081.35034 2301.99292 16083.34591 3.5833 5283.4 7.1127 15956.0 13.887 "" "" 0.0027659182422122785 0.0031498394 0.003895723 0.0070455624 39.33325603011 60.4125507608 2185.1167 -0.6900000000000002 -2.008
39.75372260198 60.25190099971 0.0138 0.0213 9.5504 "" "" 465178497563462272 2599.15112 0.3415 0.0294 1.969 -0.377 0.024 0.028 0.985 6378.2 2.5938 15.178382 2.633383 16.642483 14.0091 -30.67 3.5 2406.86035 2798.19678 15980.63852 5.0569 3009.0 7.392 19748.0 12.478 "" "" 0.002776657948320282 0.0038599588 0.003841142 0.007701101 39.75372260198 60.25190099971 2599.15112 1.9690000000000003 -0.37700000000000017
39.29343045712 60.42921366406 0.0128 0.0185 13.9689 "" "" 465219626171038720 2510.04028 0.3638 0.0265 4.564 -1.294 0.023 0.024 0.985 "" "" 15.244125 2.457789 16.574247 14.116458 31.65 3.36 2363.69116 2676.82642 15041.69143 4.2413 3204.2 7.009 17889.0 11.766 "" "" 0.0027722759472892386 0.003664096 0.0038462558 0.007510352 39.29343045712 60.42921366406 2510.04028 4.564 -1.2939999999999996
40.08802823547 60.38006110465 0.0144 0.0213 9.7933 "" "" 465185884907262080 2497.4043 0.3562 0.0283 0.445 -1.372 0.025 0.027 1.068 "" "" 15.247355 2.707817 16.765379 14.057562 -42.09 3.0 2329.43677 2710.47632 14996.99961 4.1179 2687.0 8.0176 18886.0 11.493 "" "" 0.002771401599547672 0.0042755725 0.0038367014 0.008112274 40.08802823547 60.38006110465 2497.4043 0.4450000000000001 -1.372
39.8870929025 60.34673996748 0.0137 0.0207 5.3173 "" "" 465180696586691840 1836.5155 0.5037 0.0279 2.481 -2.069 0.024 0.027 0.951 "" "" 15.249109 2.599573 16.686445 14.086872 4.65 2.51 1750.18311 1945.1991 14972.79688 4.5617 2889.6 7.3459 18383.0 10.25 "" "" 0.002775105272133351 0.0039247214 0.0038275602 0.0077522816 39.8870929025 60.34673996748 1836.5155 2.481 -2.0689999999999995
39.80076230551 60.4125103978 0.0134 0.0213 1.1042 "" "" 465192894293782016 2025.26733 0.4703 0.0282 0.174 0.556 0.024 0.026 0.949 "" "" 15.256138 1.380953 15.860328 14.479375 "" "" 1894.30981 2154.64111 14876.18611 2.8814 6184.2 10.264 12806.0 13.547 "" "" 0.0027633340161820922 0.0033214893 0.003950053 0.007271542 39.80076230551 60.4125103978 2025.26733 0.17399999999999993 0.556
39.90704092777 60.54396304087 0.0135 0.0209 9.0348 "" "" 465200625234840960 1786.64417 0.5354 0.0267 3.824 -3.0 0.024 0.026 1.049 6639.5 3.7948 15.26421 1.459042 15.925852 14.46681 "" "" 1705.82666 1866.70142 14766.00247 3.4346 5822.1 8.7499 12955.0 10.246 "" "" 0.002766869714713698 0.0032322723 0.0038757054 0.0071079778 39.90704092777 60.54396304087 1786.64417 3.823999999999999 -2.999999999999999
39.93226799222 60.63376498142 0.0132 0.0194 14.2634 "" "" 465202652459362688 1838.21533 0.5076 0.0255 0.166 -0.36 0.023 0.026 1.039 7491.9 3.6175 15.265582 1.095563 15.714908 14.619345 "" "" 1768.47485 1930.56506 14747.3476 3.0057 7070.6 11.5 11257.0 11.377 "" "" 0.002764191991913654 0.0033020368 0.0039354563 0.007237493 39.93226799222 60.63376498142 1838.21533 0.16600000000000006 -0.36
39.3855595017 60.30481073512 0.0144 0.0206 12.9017 "" "" 465170800981291520 1916.24341 0.4893 0.03 -0.299 -0.725 0.024 0.026 0.945 "" "" 15.279999 1.333057 15.863477 14.530419 "" "" 1806.62659 2026.33435 14552.81712 3.0145 6166.3 9.6777 12218.0 8.3884 "" "" 0.002764483699793877 0.003269357 0.003852192 0.007121549 39.3855595017 60.30481073512 1916.24341 -0.29899999999999993 -0.725
39.24643199252 60.39329032199 0.0139 0.0198 15.3633 "" "" 465219179494453248 2124.1062 0.4453 0.0284 -0.677 -0.475 0.024 0.026 0.979 "" "" 15.295533 1.231285 15.816365 14.58508 "" "" 1974.28198 2259.2334 14346.08761 3.2047 6439.8 10.155 11618.0 16.922 "" "" 0.0027659742681893167 0.003273587 0.0040968996 0.007370487 39.24643199252 60.39329032199 2124.1062 -0.677 -0.475
40.25044068329 60.32389191963 0.0141 0.0196 15.3587 "" "" 465181830458140672 2422.20679 0.3675 0.0272 0.508 -0.171 0.024 0.026 0.971 "" "" 15.326792 1.937077 16.278973 14.341896 "" "" 2241.59106 2608.573 13938.9475 5.7814 4205.6 10.935 14534.0 16.138 "" "" 0.0027918780815368834 0.003969198 0.0039670016 0.0079362 40.25044068329 60.32389191963 2422.20679 0.5079999999999999 -0.1709999999999999
39.81734273507 60.38848609599 0.0143 0.0227 2.088 "" "" 465192585056152064 2248.23169 0.4173 0.0295 -0.768 -0.367 0.025 0.029 1.014 "" "" 15.333475 1.375621 15.939032 14.563411 "" "" 2141.57544 2413.35571 13853.41149 3.0971 5751.8 6.6556 11852.0 10.236 "" "" 0.002765991156631185 0.0030599742 0.0038939703 0.0069539445 39.81734273507 60.38848609599 2248.23169 -0.768 -0.3669999999999999
40.11610843424 60.39019931249 0.0147 0.0209 10.5207 "" "" 465186022346213120 2022.01636 0.4576 0.0283 -0.741 -0.459 0.025 0.026 1.041 "" "" 15.349204 1.844985 16.243107 14.398122 "" "" 1916.18665 2120.27905 13654.16327 3.4668 4346.8 7.7929 13801.0 9.1725 "" "" 0.0027690761672562922 0.0034020434 0.0038476544 0.007249698 40.11610843424 60.39019931249 2022.01636 -0.741 -0.4590000000000001
39.75229616335 60.29532712932 0.0158 0.024 6.9484 "" "" 465190725331522688 1986.33142 0.469 0.0313 -0.895 1.323 0.028 0.032 0.965 "" "" 15.352817 2.480619 16.687931 14.207312 -32.36 3.9 1845.05994 2104.68848 13608.80472 4.3828 2885.7 8.1839 16453.0 11.449 "" "" 0.0027774191551204835 0.0041552773 0.0038541588 0.008009436 39.75229616335 60.29532712932 1986.33142 -0.8950000000000001 1.3230000000000002
39.26369119563 60.39346675906 0.0146 0.0205 14.8523 "" "" 465218973336022400 2344.20361 0.3973 0.0296 -0.3 -0.519 0.025 0.026 1.034 9251.0 3.6611 15.357591 1.128719 15.827144 14.698424 "" "" 2203.88721 2479.27783 13549.09511 3.0466 6376.2 11.889 10466.0 10.367 "" "" 0.0027661148099513053 0.003447239 0.0039294213 0.0073766606 39.26369119563 60.39346675906 2344.20361 -0.30000000000000004 -0.5190000000000001
39.79270410939 60.39750171798 0.0148 0.0222 1.1827 "" "" 465192791214578048 2022.21875 0.4589 0.0297 -0.777 -0.345 0.026 0.028 0.983 "" "" 15.363182 1.440631 16.005205 14.564574 "" "" 1911.78748 2148.54321 13479.50661 3.2265 5411.7 7.6053 11839.0 10.773 "" "" 0.002767549431950695 0.0031801278 0.0039063822 0.00708651 39.79270410939 60.39750171798 2022.21875 -0.7769999999999999 -0.345
39.74789769444 60.49366197895 0.0143 0.0215 4.9816 "" "" 465194406122230656 2353.49512 0.3916 0.0265 -2.067 -0.124 0.025 0.028 1.003 7194.0 3.3667 15.366367 1.55729 16.082531 14.525241 "" "" 2213.99683 2502.60889 13440.01607 2.6898 5039.7 10.336 12276.0 9.7451 "" "" 0.0027638750674812682 0.0035698009 0.0038764144 0.0074462155 39.74789769444 60.49366197895 2353.49512 -2.067 -0.12399999999999982
40.09567285458 60.19114420539 0.0151 0.0198 16.4755 "" "" 465175095949442944 1965.59814 0.4863 0.0316 -0.088 -0.113 0.028 0.028 0.939 "" "" 15.366663 1.56233 16.084412 14.522081 "" "" 1814.8208 2064.20093 13436.36189 2.8809 5031.0 9.0695 12312.0 9.5841 "" "" 0.0027651369229406285 0.0034082253 0.0038727315 0.007280957 40.09567285458 60.19114420539 1965.59814 -0.08799999999999998 -0.11299999999999999
40.23907204355 60.55350493721 0.0145 0.0199 16.4516 "" "" 465189011643421440 2596.97046 0.35 0.0275 -1.059 -0.592 0.027 0.026 1.004 9427.1 3.5239 15.370464 1.73387 16.166437 14.432568 "" "" 2445.79492 2774.46729 13389.39285 3.2421 4664.9 11.82 13370.0 41.663 "" "" 0.0027678340947491827 0.003918336 0.0050725336 0.008990869 40.23907204355 60.55350493721 2596.97046 -1.059 -0.5919999999999999
39.74292645664 60.12822536563 0.0162 0.0216 16.9775 "" "" 465153243155026560 1974.08093 0.4876 0.0339 -1.772 3.074 0.03 0.027 1.037 7492.5 3.9515 15.377734 1.528443 16.076397 14.547954 "" "" 1852.33691 2146.8562 13300.04758 3.2152 5068.3 10.638 12022.0 10.967 "" "" 0.0027677932943264635 0.0036025483 0.0039070104 0.0075095585 39.74292645664 60.12822536563 1974.08093 -1.7720000000000005 3.074
39.42784906031 60.36166330287 0.0147 0.0233 10.3859 "" "" 465171419456834816 2123.00293 0.4448 0.0319 -2.237 2.079 0.026 0.031 0.983 "" "" 15.424924 1.739819 16.25713 14.517311 "" "" 2008.10132 2328.15527 12734.36293 2.8447 4291.1 7.7892 12366.0 7.3375 "" "" 0.0027659745311612105 0.0034160223 0.0038338967 0.0072499188 39.42784906031 60.36166330287 2123.00293 -2.237 2.079
39.74972816547 60.46336089063 0.0147 0.0229 3.1685 "" "" 465194303043032320 2618.40649 0.3508 0.0289 -1.686 -0.017 0.026 0.029 1.014 6295.1 3.3932 15.433467 2.200389 16.577137 14.376748 -70.53 3.18 2421.33618 2878.10522 12634.56009 3.173 3195.7 7.316 14075.0 10.579 "" "" 0.002768779022136639 0.003736747 0.0038664811 0.007603228 39.74972816547 60.46336089063 2618.40649 -1.6859999999999997 -0.01700000000000001
39.98258172876 60.61904268167 0.0148 0.021 14.0581 "" "" 465202377581643136 1962.62915 0.4848 0.0289 0.143 -0.33 0.026 0.027 0.982 7756.4 3.5152 15.440777 1.089354 15.893347 14.803993 "" "" 1869.81433 2060.50269 12549.77676 2.5434 5999.0 7.9952 9496.4 9.0985 "" "" 0.002764092492724645 0.0031430745 0.003919928 0.0070630023 39.98258172876 60.61904268167 1962.62915 0.143 -0.33000000000000007
39.42268415203 60.57434996837 0.0198 0.0288 14.056 "" "" 465245499054925184 2111.63818 0.4424 0.0397 -2.759 -2.588 0.037 0.041 1.511 5273.9 3.2714 15.443482 2.088807 16.470709 14.381902 -120.18 3.41 1941.72974 2308.45361 12518.54272 3.677 3524.8 16.59 14009.0 58.329 "" "" 0.0027737143199306562 0.0058222837 0.0058923746 0.011714658 39.42268415203 60.57434996837 2111.63818 -2.7589999999999995 -2.5880000000000005
39.38857719582 60.35518748 0.0167 0.024 11.6139 "" "" 465172037931863936 1843.66467 0.5144 0.0357 -0.266 2.03 0.03 0.031 1.145 7010.6 3.5802 15.447553 1.713547 16.255665 14.542118 "" "" 1707.77124 1980.13623 12471.69708 3.1175 4296.9 7.483 12087.0 11.017 "" "" 0.002768654148898068 0.0033704836 0.003906799 0.007277283 39.38857719582 60.35518748 1843.66467 -0.2659999999999998 2.03
39.33091479675 60.35130130476 0.015 0.0209 13.3217 "" "" 465171896194976000 2318.45093 0.4029 0.0304 0.669 -0.334 0.026 0.027 1.01 8715.4 3.9493 15.449593 1.342685 16.0364 14.693715 "" "" 2169.26392 2505.16675 12448.29375 2.7999 5258.4 9.6819 10512.0 10.034 "" "" 0.002766121139900475 0.0034324029 0.0039189006 0.0073513035 39.33091479675 60.35130130476 2318.45093 0.669 -0.33399999999999996
39.75009900304 60.52115746824 0.0148 0.0235 6.6216 "" "" 465197464138930176 1875.61267 0.4973 0.0298 0.023 0.319 0.028 0.031 1.002 7979.2 4.0224 15.451336 1.318119 16.026398 14.708279 "" "" 1787.43713 2039.72327 12428.31928 2.5843 5307.1 8.4595 10372.0 8.5147 "" "" 0.002764553999945189 0.0032833263 0.0038830617 0.007166388 39.75009900304 60.52115746824 1875.61267 0.023000000000000034 0.319
40.09848729243 60.18165905751 0.0161 0.0211 16.9843 "" "" 465174855431274880 2314.64648 0.4134 0.0325 -0.539 -0.518 0.03 0.029 1.05 "" "" 15.476431 1.392765 16.092052 14.699287 "" "" 2080.7644 2575.54102 12144.35634 2.7295 4995.7 10.187 10458.0 9.5289 "" "" 0.0027661050629257155 0.003561849 0.003906712 0.0074685607 40.09848729243 60.18165905751 2314.64648 -0.539 -0.518
40.03710211717 60.45534432585 0.0149 0.0237 8.5229 "" "" 465187121857696768 2632.54565 0.347 0.0295 -0.702 -0.188 0.026 0.03 1.034 9229.7 3.7062 15.487117 1.341574 16.074528 14.732954 "" "" 2474.8457 2807.83716 12025.40957 2.7717 5077.0 7.978 10139.0 9.698 "" "" 0.0027666610689692462 0.003270461 0.0039194683 0.0071899295 40.03710211717 60.45534432585 2632.54565 -0.7019999999999998 -0.18799999999999997
