Clusters/UPK_604/UPK_604_stars_in_region.tsv
# %ECSV 1.0
# ---
# datatype:
# - name: RA_ICRS_1
#   unit: deg
#   datatype: float64
#   format: '{:15.11f}'
#   description: Right ascension (ICRS) at Ep=2016.0 (ra)
#   meta: !!omap
#   - {ucd: POS_EQ_RA_MAIN}
#   - {width: 15}
#   - {precision: '11'}
# - name: DE_ICRS_1
#   unit: deg
#   datatype: float64
#   format: '{:15.11f}'
#   description: Declination (ICRS) at Ep=2016.0 (dec)
#   meta: !!omap
#   - {ucd: POS_EQ_DEC_MAIN}
#   - {width: 15}
#   - {precision: '11'}
# - name: e_RA_ICRS
#   unit: mas
#   datatype: float64
#   format: '{:7.4f}'
#   description: Standard error of right ascension (ra_error)
#   meta: !!omap
#   - {ucd: ERROR}
#   - {width: 7}
#   - {precision: '4'}
# - name: e_DE_ICRS
#   unit: mas
#   datatype: float64
#   format: '{:7.4f}'
#   description: Standard error of declination (dec_error)
#   meta: !!omap
#   - {ucd: ERROR}
#   - {width: 7}
#   - {precision: '4'}
# - name: _r_1
#   unit: ''
#   datatype: float64
#   format: '{:7.4f}'
#   description: Distance from center (224.31641619000-59.80949795000)[ICRS], at Epoch=J2016.0
#   meta: !!omap
#   - {ucd: POS_ANG_DIST_GENERAL}
#   - {width: 7}
#   - {precision: '4'}
# - name: HIP
#   datatype: int32
#   description: '? HIP cross-id number, van Leeuwen, Cat. I/311 (hip_original_ext_source_id)'
#   meta: !!omap
#   - {ucd: ID_NUMBER}
#   - {width: 6}
#   - values: {'null': -2147483648}
# - name: TYC2
#   datatype: string
#   description: Tycho-2 cross-id name, Hog et al., Cat. I/259 (tyc2_original_ext_source_id)
#   meta: !!omap
#   - {ucd: ID_CROSSID}
#   - {_votable_string_dtype: char}
# - name: Source
#   datatype: int64
#   description: Source identifier, identical to the Gaia-EDR3 source_id (id)
#   meta: !!omap
#   - {ucd: ID_MAIN}
#   - {width: 19}
# - name: rgeo
#   unit: pc
#   datatype: float64
#   format: '{:15.8f}'
#   description: '? Median of the geometric distance posterior (r_med_geo)'
#   meta: !!omap
#   - {ucd: PHYS_DISTANCE_TRUE}
#   - {width: 15}
#   - {precision: '8'}
#   - values: {'null': .nan}
# - name: Plx
#   unit: mas
#   datatype: float64
#   format: '{:9.4f}'
#   description: '? Parallax (parallax)'
#   meta: !!omap
#   - {ucd: POS_PARLX_TRIG}
#   - {width: 9}
#   - {precision: '4'}
#   - values: {'null': .nan}
# - name: e_Plx
#   unit: mas
#   datatype: float32
#   format: '{:7.4f}'
#   description: '? Standard error of parallax (parallax_error)'
#   meta: !!omap
#   - {ucd: ERROR}
#   - {width: 7}
#   - {precision: '4'}
#   - values: {'null': .nan}
# - name: pmRA
#   unit: mas / yr
#   datatype: float64
#   format: '{:9.3f}'
#   description: '? Proper motion in right ascension direction, pmRA*cosDE (pmra)'
#   meta: !!omap
#   - {ucd: POS_EQ_PMRA}
#   - {width: 9}
#   - {precision: '3'}
#   - values: {'null': .nan}
# - name: pmDE
#   unit: mas / yr
#   datatype: float64
#   format: '{:9.3f}'
#   description: '? Proper motion in declination direction (pmdec)'
#   meta: !!omap
#   - {ucd: POS_EQ_PMDEC}
#   - {width: 9}
#   - {precision: '3'}
#   - values: {'null': .nan}
# - name: e_pmRA
#   unit: mas / yr
#   datatype: float32
#   format: '{:6.3f}'
#   description: '? Standard error of proper motion in right ascension direction (pmra_error)'
#   meta: !!omap
#   - {ucd: ERROR}
#   - {width: 6}
#   - {precision: '3'}
#   - values: {'null': .nan}
# - name: e_pmDE
[...]
#         unit: &id001 !astropy.units.Unit {unit: deg}
#         value: !astropy.table.SerializedColumn {name: SkyCoord.dec}
#       distance: !astropy.table.SerializedColumn
#         __class__: astropy.coordinates.distances.Distance
#         unit: !astropy.units.Unit {unit: pc}
#         value: !astropy.table.SerializedColumn {name: SkyCoord.distance}
#       frame: icrs
#       obstime: !astropy.time.Time {format: jyear_str, in_subfmt: '*', jd1: 367701545.0, jd2: 0.0, out_subfmt: '*', precision: 3, scale: tt}
#       pm_dec: !astropy.table.SerializedColumn
#         __class__: astropy.units.quantity.Quantity
#         unit: !astropy.units.Unit {unit: mas / yr}
#         value: !astropy.table.SerializedColumn {name: SkyCoord.pm_dec}
#       pm_ra_cosdec: !astropy.table.SerializedColumn
#         __class__: astropy.units.quantity.Quantity
#         unit: !astropy.units.Unit {unit: mas / yr}
#         value: !astropy.table.SerializedColumn {name: SkyCoord.pm_ra_cosdec}
#       ra: !astropy.table.SerializedColumn
#         __class__: astropy.coordinates.angles.Longitude
#         unit: *id001
#         value: !astropy.table.SerializedColumn {name: SkyCoord.ra}
#         wrap_angle: !astropy.coordinates.Angle
#           unit: *id001
#           value: 360.0
#       representation_type: spherical
# schema: astropy-2.0
RA_ICRS_1 DE_ICRS_1 e_RA_ICRS e_DE_ICRS _r_1 HIP TYC2 Source rgeo Plx e_Plx pmRA pmDE e_pmRA e_pmDE RUWE Teff logg Gmag BP-RP BPmag RPmag RV e_RV b_rgeo B_rgeo FG e_FG FBP e_FBP FRP e_FRP RAVE5 RAVE6 e_Gmag e_BPmag e_RPmag e_BP-RP SkyCoord.ra SkyCoord.dec SkyCoord.distance SkyCoord.pm_ra_cosdec SkyCoord.pm_dec
[from data line 2436]
224.58410635719 -58.84872421143 0.037 0.0379 58.2256 "" "" 5879781301632008832 700.547852 1.4138 0.048 12.223 -7.562 0.054 0.049 0.979 4543.6 4.651 16.44778 1.527738 17.15846 15.630723 "" "" 677.232361 722.360718 4964.03274 2.6831 1870.8 7.0888 4434.7 11.487 "" "" 0.002817122891302848 0.0049709617 0.0047109383 0.0096819 224.58410635719 -58.84872421143 700.547852 12.223000000000003 -7.562000000000002
222.88884996863 -59.30373137806 0.0396 0.0398 52.9549 "" "" 5878302836454086400 821.087219 1.2032 0.0551 -4.094 -4.375 0.055 0.057 0.959 4700.6 4.4284 16.447788 1.795845 17.315716 15.519871 "" "" 783.053406 865.382935 4963.99833 2.9746 1618.6 7.5312 4911.4 9.8666 "" "" 0.0028310923375059844 0.00577114 0.0043636183 0.010134758 222.88884996863 -59.30373137806 821.087219 -4.094 -4.375
225.71358645389 -59.07659445665 0.0343 0.0454 61.2355 "" "" 5879664409813211392 892.358948 1.0845 0.0525 -11.019 -6.071 0.052 0.064 1.009 5489.6 4.5818 16.44855 1.77116 17.30761 15.536449 "" "" 846.399048 939.878052 4960.5199 2.4562 1630.7 7.1199 4837.0 8.0783 "" "" 0.0028072771905233267 0.005500672 0.0041918685 0.00969254 225.71358645389 -59.07659445665 892.358948 -11.019000000000002 -6.071000000000001
223.01384398029 -60.67977070974 0.0335 0.0356 65.0438 "" "" 5877883166657800192 715.367981 1.3825 0.0527 -0.911 -8.165 0.05 0.045 1.179 4521.6 4.5061 16.449045 1.614569 17.206964 15.592396 "" "" 690.121826 741.531555 4958.25424 1.9274 1789.1 6.9213 4594.1 7.983 "" "" 0.002787457341585549 0.005042552 0.0042241155 0.009266667 223.01384398029 -60.67977070974 715.367981 -0.9109999999999996 -8.165000000000001
223.2506921925 -59.64210165475 0.0286 0.0377 33.7644 "" "" 5878239442734945792 887.032043 1.1113 0.0468 -0.844 2.011 0.048 0.055 0.969 6867.4 4.3316 16.449305 1.743673 17.287956 15.544283 "" "" 849.527527 925.453491 4957.06501 2.1056 1660.5 7.7841 4802.3 9.6212 "" "" 0.0027936501930970726 0.005804334 0.0043606577 0.010164991 223.2506921925 -59.64210165475 887.032043 -0.8440000000000003 2.011
226.33188953972 -60.00670595563 0.0316 0.0445 61.7733 "" "" 5876474383047544704 773.428528 1.2731 0.0561 5.486 -13.275 0.054 0.066 0.96 4807.9 4.664 16.450285 1.511034 17.151806 15.640772 "" "" 740.507751 813.221069 4952.59466 2.2541 1882.3 6.4723 4393.9 6.2371 "" "" 0.0027992820973474376 0.004660757 0.004081544 0.008742301 226.33188953972 -60.00670595563 773.428528 5.486 -13.274999999999999
223.86650631337 -60.53440390663 0.0297 0.0366 45.5195 "" "" 5877934706241344768 682.795227 1.4544 0.0554 -7.313 -9.844 0.051 0.055 0.996 4645.6 4.3902 16.451677 1.676386 17.213703 15.537317 "" "" 653.061035 711.938721 4946.25008 8.4257 1778.0 16.326 4833.2 33.612 "" "" 0.003318499381169207 0.01035256 0.008443691 0.01879625 223.86650631337 -60.53440390663 682.795227 -7.3130000000000015 -9.844
224.0059378734 -59.83692381234 0.0272 0.0466 9.5076 "" "" 5878037270056448512 656.610413 1.4889 0.048 -27.538 -8.403 0.047 0.066 1.0 4551.2 4.4593 16.452005 1.58424 17.196108 15.611868 "" "" 636.602722 673.964783 4944.75135 1.8909 1807.1 6.711 4512.4 9.7134 "" "" 0.0027864266290896114 0.004903339 0.0044436506 0.00934699 224.0059378734 -59.83692381234 656.610413 -27.537999999999997 -8.403000000000002
223.34018318341 -59.11529174345 0.0348 0.0468 51.1914 "" "" 5879806315522408576 840.791931 1.168 0.0561 -4.029 -4.772 0.05 0.077 0.963 5128.0 4.6332 16.45362 1.654797 17.241678 15.586882 "" "" 797.723206 877.093079 4937.40495 2.7311 1732.8 9.5576 4617.5 12.806 "" "" 0.0028200129335682837 0.0066066845 0.004832255 0.01143894 223.34018318341 -59.11529174345 840.791931 -4.029000000000001 -4.772
222.32853795353 -60.28820031123 0.026 0.0313 66.1096 "" "" 5878106019563719296 838.753845 1.1671 0.0516 -27.717 -5.456 0.046 0.04 0.951 4518.1 4.4027 16.454664 1.689166 17.263521 15.574355 "" "" 808.13092 879.112427 4932.65616 1.6609 1698.3 5.3797 4671.1 7.3574 "" "" 0.0027794677404447085 0.004428738 0.004148286 0.008577024 222.32853795353 -60.28820031123 838.753845 -27.717000000000006 -5.455999999999999
223.47245850504 -59.5492602787 0.0325 0.0425 29.9548 "" "" 5878246722690219520 765.502869 1.2868 0.05 5.054 1.033 0.049 0.06 1.029 4444.1 4.4115 16.455349 1.620851 17.20967 15.588819 "" "" 738.343079 795.617676 4929.54626 3.4408 1784.6 7.8245 4609.3 10.91 "" "" 0.0028576404455095392 0.005517798 0.0045703445 0.010088142 223.47245850504 -59.5492602787 765.502869 5.053999999999999 1.032999999999999
223.22929333125 -60.60067320701 0.0279 0.03 57.4782 "" "" 5877976998747798272 832.627258 1.1699 0.0463 -10.331 -11.975 0.041 0.037 0.991 4644.6 4.3928 16.455893 1.767681 17.230103 15.462421 "" "" 803.272644 864.062988 4927.07731 2.2214 1751.4 8.3845 5178.3 31.064 "" "" 0.0027984655749894024 0.0058993 0.007530306 0.013429606 223.22929333125 -60.60067320701 832.627258 -10.331 -11.975000000000001
223.83486759466 -59.15167314524 0.0407 0.0468 42.1083 "" "" 5879761750940202368 818.361267 1.1915 0.0553 3.778 -3.842 0.052 0.059 1.102 4668.9 4.3973 16.456411 1.57681 17.192213 15.615403 "" "" 780.36615 855.819092 4924.72914 2.9349 1813.6 13.087 4497.8 8.4702 "" "" 0.002830275272926653 0.008316713 0.00429701 0.012613723 223.83486759466 -59.15167314524 818.361267 3.7780000000000005 -3.8420000000000005
223.62793796962 -60.80243072749 0.0337 0.0372 62.9914 "" "" 5877922405454094976 874.337036 1.112 0.0541 -2.568 1.001 0.051 0.047 1.185 5063.6 4.2974 16.45655 1.855703 17.35653 15.500826 "" "" 842.224426 912.104675 4924.09547 2.2629 1558.9 5.0596 4998.4 8.5893 "" "" 0.0028001334998236757 0.0044947574 0.0042148205 0.008709578 223.62793796962 -60.80243072749 874.337036 -2.5680000000000005 1.001
226.1403871686 -59.39708062095 0.0286 0.04 60.6488 "" "" 5879597511400286720 699.469971 1.4098 0.0495 -12.939 -4.677 0.049 0.055 0.982 "" "" 16.457054 1.865732 17.381208 15.515476 "" "" 675.11322 725.311157 4921.81108 1.8789 1523.8 6.9861 4931.4 7.5102 "" "" 0.0027863206287176995 0.0057063843 0.0041252645 0.009831648 226.1403871686 -59.39708062095 699.469971 -12.938999999999998 -4.677
224.52270491962 -59.72052194492 0.0254 0.0391 8.2064 "" "" 5879533980242646656 729.810608 1.3445 0.0493 -4.73 -3.689 0.046 0.054 1.0 "" "" 16.457415 2.174726 17.572868 15.398143 "" "" 699.471558 761.899536 4920.18312 2.8722 1277.2 8.3869 5494.2 13.342 "" "" 0.0028272781908364676 0.007656151 0.004608175 0.012264326 224.52270491962 -59.72052194492 729.810608 -4.730000000000001 -3.689
225.4228300869 -60.35116002308 0.0329 0.0386 46.3952 "" "" 5876445417785970816 836.714355 1.1742 0.0509 -3.929 0.942 0.052 0.052 1.047 5182.4 4.6455 16.458347 1.499867 17.13212 15.632253 "" "" 794.601685 875.0802 4915.95768 2.4473 1916.8 6.1251 4428.5 8.4203 "" "" 0.002807835463794647 0.0044522057 0.0043064486 0.008758655 225.4228300869 -60.35116002308 836.714355 -3.9289999999999994 0.9420000000000002
222.40263078284 -59.72736017764 0.028 0.0316 58.0226 "" "" 5878266449490203904 832.050842 1.1859 0.0487 -2.975 -1.267 0.042 0.038 0.963 4848.9 4.4603 16.460108 1.568044 17.192629 15.624585 "" "" 800.615234 864.696411 4907.99099 1.9339 1812.9 8.0068 4459.9 10.538 "" "" 0.002788335321981572 0.005547907 0.0045678304 0.010115737 222.40263078284 -59.72736017764 832.050842 -2.975 -1.2670000000000001
225.10124592743 -60.23459252436 0.0289 0.0362 34.7006 "" "" 5879452856897320960 724.161804 1.3619 0.0473 6.753 -5.843 0.049 0.051 0.992 4630.9 4.601 16.461334 1.593771 17.21703 15.623259 "" "" 691.63501 752.008301 4902.44816 2.06 1772.6 5.7338 4465.3 8.3496 "" "" 0.0027928354927529014 0.004485452 0.004290157 0.008775609 225.10124592743 -60.23459252436 724.161804 6.752999999999999 -5.843000000000002
225.03405116859 -59.46382596109 0.1126 0.1562 30.0643 "" "" 5879561605473124480 772.167725 1.4135 0.2117 -5.311 2.074 0.193 0.219 3.9 5134.4 4.7209 16.462843 1.650348 17.183985 15.533637 "" "" 657.774536 944.428528 4895.64038 9.2946 1827.4 9.7041 4849.6 8.145 "" "" 0.0034410508523474276 0.006405264 0.0041963 0.010601564 225.03405116859 -59.46382596109 772.167725 -5.311 2.074
224.67294135282 -60.13830277508 0.0402 0.0479 22.4451 "" "" 5879468250060957824 705.256775 1.3989 0.0564 -0.801 -18.155 0.068 0.061 0.994 "" "" 16.465813 "" "" "" "" "" 677.723389 728.960815 4882.27225 2.7973 "" "" "" "" "" "" 0.0028246706455635207 "" "" "" 224.67294135282 -60.13830277508 705.256775 -0.8009999999999993 -18.155
225.38425565868 -60.07033000707 0.0348 0.0439 35.7052 "" "" 5879461545601244288 679.687622 1.4387 0.058 -2.645 2.232 0.058 0.059 1.212 4619.8 4.4005 16.465847 1.531605 17.10715 15.575544 "" "" 651.345154 700.462708 4882.11098 3.2701 1961.4 12.184 4666.0 21.893 "" "" 0.0028496784473418003 0.0072988328 0.0063431584 0.013641991 225.38425565868 -60.07033000707 679.687622 -2.6449999999999996 2.2319999999999998
223.73768334215 -60.46569051149 0.0338 0.0375 43.0002 "" "" 5877982981674946432 755.895874 1.3027 0.0578 -24.323 -5.179 0.052 0.05 0.938 4930.6 4.6472 16.468327 1.625802 17.234507 15.608705 "" "" 722.734009 785.634644 4870.97499 1.9656 1744.3 5.7872 4525.6 6.3028 "" "" 0.0027899368823956247 0.004556437 0.0040706494 0.008627087 223.73768334215 -60.46569051149 755.895874 -24.323 -5.179000000000001
225.23768694488 -58.95845694358 0.036 0.0473 58.3071 "" "" 5879680039178200064 762.053772 1.2921 0.0544 -13.768 3.208 0.051 0.08 0.949 4507.0 4.4965 16.469553 1.590961 17.214138 15.623177 "" "" 724.734375 797.03717 4865.47737 2.7656 1777.3 7.5647 4465.7 8.4282 "" "" 0.0028235897481287213 0.005398202 0.0042991466 0.009697349 225.23768694488 -58.95845694358 762.053772 -13.768 3.208000000000001
222.84459718563 -59.09259429743 0.0318 0.0374 62.1657 "" "" 5878321218914420352 779.082031 1.2622 0.046 5.601 -19.41 0.045 0.055 0.959 5035.7 4.7058 16.470377 1.541623 17.18726 15.645637 "" "" 751.124634 804.542969 4861.79033 2.381 1821.9 7.2664 4374.2 11.193 "" "" 0.002806157764797835 0.0051513724 0.0046906746 0.0098420475 222.84459718563 -59.09259429743 779.082031 5.601000000000002 -19.41
223.16722797709 -59.72322652057 0.0778 0.0955 35.1021 "" "" 5878237999625902208 639.43457 1.6416 0.1439 -6.576 -3.384 0.13 0.126 2.656 4687.0 4.2871 16.47106 2.232311 17.585478 15.353167 "" "" 580.769836 697.575867 4858.73052 7.8009 1262.5 7.7698 5726.5 7.8355 "" "" 0.003260448008326587 0.007241092 0.0040608784 0.01130197 223.16722797709 -59.72322652057 639.43457 -6.5760000000000005 -3.3840000000000003
224.75225679139 -59.51813766691 0.0292 0.0401 21.9101 "" "" 5879537175698506496 810.142212 1.205 0.0511 9.15 -8.474 0.047 0.053 0.995 4753.6 4.4568 16.471163 1.583818 17.213331 15.629514 "" "" 773.928162 846.507874 4858.27296 2.0083 1778.6 8.0406 4439.7 8.9634 "" "" 0.002791635306743322 0.0056459573 0.0043690563 0.010015014 224.75225679139 -59.51813766691 810.142212 9.15 -8.473999999999998
224.95855337589 -59.71836675541 0.027 0.0393 20.1571 "" "" 5879484330418934272 785.713257 1.2559 0.0492 2.71 -1.64 0.047 0.053 0.978 5444.1 4.6118 16.474195 1.849241 17.375597 15.526356 "" "" 756.326538 816.460327 4844.71657 1.9136 1531.7 7.0579 4882.2 7.5611 "" "" 0.0027884947781692832 0.0057283984 0.00413656 0.009864958 224.95855337589 -59.71836675541 785.713257 2.71 -1.6399999999999997
223.55773056716 -58.86881707134 0.0378 0.0467 61.0273 "" "" 5879816245486548608 800.50592 1.2367 0.0566 -11.317 -7.679 0.054 0.062 1.082 5249.6 4.6482 16.47444 1.731671 17.298416 15.566745 "" "" 759.644348 835.871582 4843.63308 2.7394 1644.6 6.565 4703.9 8.9328 "" "" 0.002822916062112773 0.0051545566 0.0043052165 0.009459773 223.55773056716 -58.86881707134 800.50592 -11.317000000000004 -7.679000000000001
222.59386523881 -59.32412564829 0.042 0.0422 59.9041 "" "" 5878307715536951936 719.528137 1.3673 0.0612 -1.065 -11.639 0.059 0.056 1.172 4987.1 4.7319 16.478418 1.602182 17.186003 15.58382 "" "" 689.203125 753.637756 4825.91133 3.7765 1824.0 7.1368 4630.5 14.32 "" "" 0.002883344568838681 0.005082528 0.005055467 0.010137996 222.59386523881 -59.32412564829 719.528137 -1.0649999999999995 -11.639
224.41105690164 -60.57337863916 0.0378 0.0466 45.9197 "" "" 5877943296169845888 646.893311 1.5304 0.0663 -31.696 -22.251 0.056 0.065 1.268 4359.5 4.4047 16.4788 1.709076 17.252481 15.543406 "" "" 620.578735 672.088623 4824.21425 3.4824 1715.6 8.4275 4806.1 23.726 "" "" 0.0028646204065086037 0.0060191844 0.006558366 0.0125775505 224.41105690164 -60.57337863916 646.893311 -31.696000000000005 -22.250999999999998
223.19388790519 -59.89766881919 0.0253 0.0338 34.2356 "" "" 5878222675185522944 761.606628 1.2799 0.0505 0.035 1.946 0.043 0.044 0.996 "" "" 16.478891 1.877026 17.407898 15.530872 "" "" 736.186646 794.589661 4823.81239 1.8273 1486.8 6.4777 4861.9 6.3823 "" "" 0.002785847345139987 0.0054919203 0.0040391963 0.009531116 223.19388790519 -59.89766881919 761.606628 0.03500000000000014 1.9460000000000002
225.38391790937 -59.14874775829 0.0341 0.045 51.2802 "" "" 5879665131368341888 698.523193 1.4122 0.0537 -7.51 -6.357 0.054 0.071 0.866 4656.8 4.5788 16.479675 1.593146 17.231539 15.638392 "" "" 670.233582 725.674988 4820.33186 2.4449 1749.0 7.8616 4403.5 9.3342 "" "" 0.0028098132833276287 0.0056215883 0.0044249794 0.010046568 225.38391790937 -59.14874775829 698.523193 -7.51 -6.357000000000002
225.72527862306 -59.82972739839 0.0297 0.0426 42.5127 "" "" 5879488487947697536 841.159363 1.1613 0.0555 -10.546 -2.594 0.053 0.067 0.984 4540.3 4.3574 16.47977 1.823239 17.370022 15.546783 "" "" 803.046753 885.018677 4819.90861 1.9517 1539.6 7.9863 4791.2 9.8774 "" "" 0.0027901745344324196 0.0062852516 0.0043924726 0.010677724 225.72527862306 -59.82972739839 841.159363 -10.546 -2.594
224.13672427617 -58.74721826945 0.0357 0.0379 63.9743 "" "" 5879839197792431616 653.044739 1.5048 0.0494 -37.718 -37.802 0.052 0.052 1.017 4447.5 4.4223 16.480051 1.602246 17.237946 15.635699 "" "" 631.073975 672.281921 4818.65669 2.4541 1738.8 7.5289 4414.5 9.4962 "" "" 0.002810257944398131 0.005466816 0.004442815 0.009909632 224.13672427617 -58.74721826945 653.044739 -37.718 -37.80199999999999
222.75124769356 -59.08048607831 0.0343 0.0381 64.7458 "" "" 5878320806597387136 822.283875 1.1941 0.0476 -1.64 -5.59 0.048 0.053 1.076 4489.8 4.3344 16.48393 1.663174 17.279804 15.616631 "" "" 789.913269 855.787292 4801.46985 2.28 1673.0 10.133 4492.7 7.8434 "" "" 0.002803140831682169 0.007143511 0.0042280736 0.011371585 222.75124769356 -59.08048607831 822.283875 -1.64 -5.589999999999999
223.28328084795 -60.43280116691 0.0273 0.03 48.4986 "" "" 5877992087005959424 828.405579 1.1764 0.0474 -3.634 -5.67 0.044 0.039 1.009 5598.2 4.5849 16.48512 1.877341 17.405043 15.527701 "" "" 798.441711 858.425232 4796.21645 1.8332 1490.7 5.0429 4876.2 8.5644 "" "" 0.002786396293622653 0.004612545 0.004233225 0.00884577 223.28328084795 -60.43280116691 828.405579 -3.633999999999999 -5.669999999999998
222.16760796054 -59.99337942128 0.0261 0.031 65.5877 "" "" 5878254148703585408 650.783875 1.5254 0.0512 -14.317 -14.495 0.045 0.04 1.058 4436.9 4.6312 16.48537 1.690786 17.270245 15.579458 "" "" 630.469849 669.608398 4795.10673 2.3118 1687.8 6.2164 4649.2 14.924 "" "" 0.0028046016914666746 0.004876103 0.0051410645 0.010017168 222.16760796054 -59.99337942128 650.783875 -14.317000000000002 -14.495000000000001
224.01979677799 -60.24524973281 0.028 0.0367 27.6155 "" "" 5878010228942427648 847.263123 1.1513 0.0512 -10.363 -5.488 0.047 0.053 0.999 8619.7 4.1808 16.486692 2.190193 17.618889 15.428696 "" "" 811.287415 888.396545 4789.27373 2.0082 1224.2 6.5997 5341.7 9.6391 "" "" 0.0027926784783481374 0.0064842454 0.004257022 0.010741267 224.01979677799 -60.24524973281 847.263123 -10.363000000000001 -5.488
224.61499938047 -59.9775568188 0.0267 0.0367 13.5067 "" "" 5879474881490578688 833.845215 1.184 0.0469 3.412 -0.145 0.049 0.053 0.986 5029.9 4.5071 16.487198 1.705594 17.295267 15.589673 "" "" 803.041992 863.041992 4787.04573 1.907 1649.3 5.2912 4605.6 8.7566 "" "" 0.0027890614877361455 0.004462931 0.0043063997 0.008769331 224.61499938047 -59.9775568188 833.845215 3.412 -0.1449999999999995
