Clusters/UPK_604/UPK_604_stars_in_region.tsv
# %ECSV 1.0
# ---
# datatype:
# - name: RA_ICRS_1
#   unit: deg
#   datatype: float64
#   format: '{:15.11f}'
#   description: Right ascension (ICRS) at Ep=2016.0 (ra)
#   meta: !!omap
#   - {ucd: POS_EQ_RA_MAIN}
#   - {width: 15}
#   - {precision: '11'}
# - name: DE_ICRS_1
#   unit: deg
#   datatype: float64
#   format: '{:15.11f}'
#   description: Declination (ICRS) at Ep=2016.0 (dec)
#   meta: !!omap
#   - {ucd: POS_EQ_DEC_MAIN}
#   - {width: 15}
#   - {precision: '11'}
# - name: e_RA_ICRS
#   unit: mas
#   datatype: float64
#   format: '{:7.4f}'
#   description: Standard error of right ascension (ra_error)
#   meta: !!omap
#   - {ucd: ERROR}
#   - {width: 7}
#   - {precision: '4'}
# - name: e_DE_ICRS
#   unit: mas
#   datatype: float64
#   format: '{:7.4f}'
#   description: Standard error of declination (dec_error)
#   meta: !!omap
#   - {ucd: ERROR}
#   - {width: 7}
#   - {precision: '4'}
# - name: _r_1
#   unit: ''
#   datatype: float64
#   format: '{:7.4f}'
#   description: Distance from center (224.31641619000-59.80949795000)[ICRS], at Epoch=J2016.0
#   meta: !!omap
#   - {ucd: POS_ANG_DIST_GENERAL}
#   - {width: 7}
#   - {precision: '4'}
# - name: HIP
#   datatype: int32
#   description: '? HIP cross-id number, van Leeuwen, Cat. I/311 (hip_original_ext_source_id)'
#   meta: !!omap
#   - {ucd: ID_NUMBER}
#   - {width: 6}
#   - values: {'null': -2147483648}
# - name: TYC2
#   datatype: string
#   description: Tycho-2 cross-id name, Hog et al., Cat. I/259 (tyc2_original_ext_source_id)
#   meta: !!omap
#   - {ucd: ID_CROSSID}
#   - {_votable_string_dtype: char}
# - name: Source
#   datatype: int64
#   description: Source identifier, identical to the Gaia-EDR3 source_id (id)
#   meta: !!omap
#   - {ucd: ID_MAIN}
#   - {width: 19}
# - name: rgeo
#   unit: pc
#   datatype: float64
#   format: '{:15.8f}'
#   description: '? Median of the geometric distance posterior (r_med_geo)'
#   meta: !!omap
#   - {ucd: PHYS_DISTANCE_TRUE}
#   - {width: 15}
#   - {precision: '8'}
#   - values: {'null': .nan}
# - name: Plx
#   unit: mas
#   datatype: float64
#   format: '{:9.4f}'
#   description: '? Parallax (parallax)'
#   meta: !!omap
#   - {ucd: POS_PARLX_TRIG}
#   - {width: 9}
#   - {precision: '4'}
#   - values: {'null': .nan}
# - name: e_Plx
#   unit: mas
#   datatype: float32
#   format: '{:7.4f}'
#   description: '? Standard error of parallax (parallax_error)'
#   meta: !!omap
#   - {ucd: ERROR}
#   - {width: 7}
#   - {precision: '4'}
#   - values: {'null': .nan}
# - name: pmRA
#   unit: mas / yr
#   datatype: float64
#   format: '{:9.3f}'
#   description: '? Proper motion in right ascension direction, pmRA*cosDE (pmra)'
#   meta: !!omap
#   - {ucd: POS_EQ_PMRA}
#   - {width: 9}
#   - {precision: '3'}
#   - values: {'null': .nan}
# - name: pmDE
#   unit: mas / yr
#   datatype: float64
#   format: '{:9.3f}'
#   description: '? Proper motion in declination direction (pmdec)'
#   meta: !!omap
#   - {ucd: POS_EQ_PMDEC}
#   - {width: 9}
#   - {precision: '3'}
#   - values: {'null': .nan}
# - name: e_pmRA
#   unit: mas / yr
#   datatype: float32
#   format: '{:6.3f}'
#   description: '? Standard error of proper motion in right ascension direction (pmra_error)'
#   meta: !!omap
#   - {ucd: ERROR}
#   - {width: 6}
#   - {precision: '3'}
#   - values: {'null': .nan}
# - name: e_pmDE
[...]
#         unit: &id001 !astropy.units.Unit {unit: deg}
#         value: !astropy.table.SerializedColumn {name: SkyCoord.dec}
#       distance: !astropy.table.SerializedColumn
#         __class__: astropy.coordinates.distances.Distance
#         unit: !astropy.units.Unit {unit: pc}
#         value: !astropy.table.SerializedColumn {name: SkyCoord.distance}
#       frame: icrs
#       obstime: !astropy.time.Time {format: jyear_str, in_subfmt: '*', jd1: 367701545.0, jd2: 0.0, out_subfmt: '*', precision: 3, scale: tt}
#       pm_dec: !astropy.table.SerializedColumn
#         __class__: astropy.units.quantity.Quantity
#         unit: !astropy.units.Unit {unit: mas / yr}
#         value: !astropy.table.SerializedColumn {name: SkyCoord.pm_dec}
#       pm_ra_cosdec: !astropy.table.SerializedColumn
#         __class__: astropy.units.quantity.Quantity
#         unit: !astropy.units.Unit {unit: mas / yr}
#         value: !astropy.table.SerializedColumn {name: SkyCoord.pm_ra_cosdec}
#       ra: !astropy.table.SerializedColumn
#         __class__: astropy.coordinates.angles.Longitude
#         unit: *id001
#         value: !astropy.table.SerializedColumn {name: SkyCoord.ra}
#         wrap_angle: !astropy.coordinates.Angle
#           unit: *id001
#           value: 360.0
#       representation_type: spherical
# schema: astropy-2.0
RA_ICRS_1 DE_ICRS_1 e_RA_ICRS e_DE_ICRS _r_1 HIP TYC2 Source rgeo Plx e_Plx pmRA pmDE e_pmRA e_pmDE RUWE Teff logg Gmag BP-RP BPmag RPmag RV e_RV b_rgeo B_rgeo FG e_FG FBP e_FBP FRP e_FRP RAVE5 RAVE6 e_Gmag e_BPmag e_RPmag e_BP-RP SkyCoord.ra SkyCoord.dec SkyCoord.distance SkyCoord.pm_ra_cosdec SkyCoord.pm_dec
[from data line 2517]
225.48853694905 -59.95534764551 0.0316 0.0468 36.3569 "" "" 5879486014046334080 621.082458 1.5717 0.0579 0.093 -2.54 0.056 0.066 1.07 3695.2 4.1758 16.532532 1.971807 17.52105 15.549242 "" "" 600.008545 647.785889 4591.28357 2.8505 1339.7 5.2811 4780.4 10.882 "" "" 0.002836577665480986 0.005109132 0.00451578 0.0096249115 225.48853694905 -59.95534764551 621.082458 0.09299999999999997 -2.54
225.82354054416 -59.20553920667 0.0333 0.0507 58.4665 "" "" 5879615137946498304 814.672913 1.1921 0.0577 -8.718 -4.002 0.054 0.079 0.968 5003.6 4.6549 16.533062 1.658359 17.317047 15.658689 "" "" 781.365479 854.333313 4589.04104 2.075 1616.6 7.1106 4322.0 8.0611 "" "" 0.002798714464088357 0.00553095 0.0042877174 0.009818668 225.82354054416 -59.20553920667 814.672913 -8.718 -4.002000000000001
223.77810466241 -59.97984657304 0.0261 0.0366 19.1554 "" "" 5878028645762362112 889.546997 1.1032 0.0482 -20.028 -13.011 0.047 0.053 0.998 7137.8 4.3068 16.533516 1.861103 17.44709 15.585987 "" "" 846.377808 930.550964 4587.12 1.6864 1434.1 4.8082 4621.3 8.241 "" "" 0.0027840827028465073 0.0045865276 0.00424646 0.008832987 223.77810466241 -59.97984657304 889.546997 -20.028 -13.010999999999997
225.06259959103 -60.14604511698 0.0316 0.0403 30.1582 "" "" 5879456872676747648 879.186401 1.1094 0.0517 -3.52 -3.565 0.054 0.054 1.012 4850.9 4.3792 16.533812 1.587297 17.26965 15.682353 "" "" 845.159546 922.604858 4585.87666 2.5514 1688.7 5.6091 4228.8 12.643 "" "" 0.002820758502297428 0.0045596748 0.0049820347 0.009541709 225.06259959103 -60.14604511698 879.186401 -3.52 -3.565
223.06342522068 -59.22875230294 0.0365 0.0424 51.6552 "" "" 5878304760599675776 840.852051 1.1698 0.052 -5.786 -7.53 0.051 0.064 1.008 "" "" 16.535425 1.636257 17.311287 15.67503 "" "" 807.6203 873.090698 4579.06177 2.525 1625.2 13.212 4257.4 9.6309 "" "" 0.0028196153996098167 0.009256957 0.0045073465 0.013764303 223.06342522068 -59.22875230294 840.852051 -5.786 -7.529999999999999
224.35567436883 -60.60233964095 0.0319 0.0389 47.5849 "" "" 5877941818701075712 801.140503 1.2201 0.0531 -4.41 -5.189 0.047 0.052 1.009 4608.1 4.4544 16.536163 1.640545 17.317114 15.676569 "" "" 766.789062 833.426208 4575.95312 2.3624 1616.5 5.4223 4251.4 6.8879 "" "" 0.0028117573478967733 0.00458789 0.0041686925 0.008756583 224.35567436883 -60.60233964095 801.140503 -4.41 -5.189
224.17943263011 -60.2092725606 0.0288 0.0404 24.3358 "" "" 5878015760860064256 803.557739 1.2236 0.0545 -5.959 -10.189 0.049 0.062 1.027 7141.5 4.3313 16.536806 1.844148 17.438599 15.594451 "" "" 768.921997 840.155273 4573.24142 1.9902 1445.4 8.1414 4585.4 8.6133 "" "" 0.0027955394133752443 0.006721977 0.004294549 0.011016526 224.17943263011 -60.2092725606 803.557739 -5.9590000000000005 -10.189000000000002
224.63473988648 -59.5753676487 0.034 0.0473 17.0364 "" "" 5879536557223170944 854.937439 1.1557 0.0598 -6.411 -8.734 0.059 0.063 1.146 5957.5 4.436 16.536993 1.745789 17.375961 15.630173 "" "" 808.306091 895.416138 4572.45366 2.0981 1531.2 8.0681 4437.0 8.639 "" "" 0.0027999981626282435 0.0063650324 0.004330426 0.010695458 224.63473988648 -59.5753676487 854.937439 -6.4110000000000005 -8.734000000000002
225.85047327301 -60.08677609517 0.0354 0.0469 49.0029 "" "" 5876478334417873536 769.062256 1.2928 0.0608 -6.416 -6.875 0.057 0.067 1.106 4572.0 4.675 16.53714 1.616378 17.288574 15.672196 "" "" 733.315491 811.644165 4571.83784 2.7675 1659.5 6.2508 4268.5 8.5822 "" "" 0.0028326221249142416 0.004950759 0.0043645254 0.009315284 225.85047327301 -60.08677609517 769.062256 -6.416000000000001 -6.875
225.20343201727 -59.4833622636 0.0307 0.0392 33.2594 "" "" 5879558027747108992 706.734558 1.3897 0.0565 -18.912 -12.918 0.053 0.058 1.025 4501.4 4.5936 16.537333 1.696998 17.34727 15.650271 "" "" 682.032898 734.187256 4571.02976 2.0629 1572.2 7.1335 4355.6 9.2673 "" "" 0.0027985497948472297 0.0056615626 0.004429476 0.010091038 225.20343201727 -59.4833622636 706.734558 -18.912 -12.918000000000001
223.80118760481 -59.23739642959 0.0393 0.0454 37.7371 "" "" 5879752679969191040 857.215271 1.143 0.0552 2.704 -5.741 0.055 0.061 0.925 4689.0 4.3964 16.53934 1.937762 17.503082 15.56532 "" "" 805.462341 899.367371 4562.58739 2.846 1362.0 8.8325 4710.1 13.296 "" "" 0.002837332346457564 0.0075736344 0.0048659313 0.012439566 223.80118760481 -59.23739642959 857.215271 2.7039999999999993 -5.740999999999999
223.29414829002 -60.56569375547 0.0291 0.0301 54.6655 "" "" 5877978583627892352 827.872253 1.1848 0.0472 -7.389 -2.69 0.044 0.038 1.011 4764.3 4.422 16.540188 1.66835 17.328161 15.659811 "" "" 793.636963 863.329773 4559.02011 1.6502 1600.1 5.8975 4317.5 6.5219 "" "" 0.0027832060900504605 0.0048783906 0.0041199033 0.008998293 223.29414829002 -60.56569375547 827.872253 -7.388999999999999 -2.69
225.00539904918 -59.94086329803 0.0285 0.0392 22.194 "" "" 5879477389751654784 886.051575 1.1029 0.0514 5.11 5.972 0.051 0.054 1.006 "" "" 16.541285 1.953834 17.499084 15.54525 "" "" 851.692261 926.401184 4554.42169 1.9765 1367.0 5.8723 4798.0 26.462 "" "" 0.0027953176999215464 0.0054349327 0.0070810085 0.012515942 225.00539904918 -59.94086329803 886.051575 5.11 5.972000000000001
225.09508772188 -60.34210475899 0.0362 0.0435 39.552 "" "" 5879450073758652160 871.67688 1.1192 0.0553 -4.462 -6.14 0.057 0.063 1.117 4899.7 4.6909 16.542036 1.594021 17.248564 15.654543 "" "" 837.687622 914.304932 4551.27063 2.8711 1721.8 8.0505 4338.5 11.035 "" "" 0.00283917330630714 0.005792746 0.004680815 0.010473561 225.09508772188 -60.34210475899 871.67688 -4.462 -6.14
224.55510541952 -60.20332925101 0.0306 0.0423 24.6906 "" "" 5877966935671478656 636.184998 1.5492 0.0519 -11.926 -3.446 0.052 0.057 0.953 4418.4 4.4884 16.542854 1.735592 17.385027 15.649435 "" "" 613.231689 656.010864 4547.83898 1.991 1518.5 4.5905 4359.0 6.5514 "" "" 0.0027960191496239806 0.0043079117 0.0041166195 0.008424532 224.55510541952 -60.20332925101 636.184998 -11.926 -3.4459999999999984
224.89867831844 -60.11039920217 0.1075 0.1384 25.1358 "" "" 5879469246493362560 630.415527 1.6228 0.1869 -24.031 -14.381 0.186 0.186 3.345 4273.6 4.3928 16.543236 1.821902 17.3406 15.518697 "" "" 571.047058 700.329712 4546.24087 6.4078 1581.9 5.5874 4916.8 8.6548 "" "" 0.00315176987397375 0.004742528 0.0042351256 0.008977653 224.89867831844 -60.11039920217 630.415527 -24.031 -14.381
222.75230636163 -59.80614198667 0.0292 0.0322 47.195 "" "" 5878216039444363776 856.34552 1.1381 0.05 -1.724 -6.52 0.048 0.04 1.026 4795.3 4.378 16.543306 1.686904 17.339916 15.653012 "" "" 828.847656 888.729187 4545.94269 1.7689 1582.9 6.2643 4344.6 6.7599 "" "" 0.0027875216012646373 0.0051232204 0.0041397545 0.009262975 222.75230636163 -59.80614198667 856.34552 -1.7239999999999998 -6.52
225.24700898072 -60.51726525181 0.0346 0.0396 50.7441 "" "" 5876442394128652160 825.693604 1.1892 0.0545 -1.544 -6.059 0.055 0.054 0.992 4649.5 4.5065 16.546621 1.642636 17.319094 15.676457 "" "" 787.395691 860.982056 4532.09063 2.091 1613.5 6.487 4251.8 10.622 "" "" 0.0028004862823507873 0.0051806937 0.0046519865 0.00983268 225.24700898072 -60.51726525181 825.693604 -1.5440000000000005 -6.058999999999999
225.68247558104 -60.45961517631 0.0337 0.0381 56.455 "" "" 5876437137087822208 735.192505 1.3344 0.0508 -14.474 -9.433 0.051 0.052 1.058 4642.3 4.6125 16.547829 1.633179 17.268593 15.635414 "" "" 712.098816 762.07251 4527.04697 2.321 1690.4 15.416 4415.6 46.826 "" "" 0.002810987699229197 0.010287237 0.012118298 0.022405535 225.68247558104 -60.45961517631 735.192505 -14.474000000000002 -9.433000000000002
225.3437590153 -59.23318673025 0.0335 0.0474 46.6165 "" "" 5879570813878264064 705.573792 1.3861 0.0555 -16.623 4.511 0.056 0.074 0.986 4586.2 4.5847 16.549986 1.639222 17.294605 15.655383 "" "" 680.424316 735.694763 4518.06736 2.434 1650.3 10.709 4335.2 16.403 "" "" 0.0028167204417608852 0.0075778468 0.0055821156 0.013159962 225.3437590153 -59.23318673025 705.573792 -16.623000000000005 4.511000000000002
226.07434153735 -59.46861935522 0.0354 0.0572 57.0986 "" "" 5879596721126211328 693.840759 1.4228 0.0681 -2.815 -1.147 0.068 0.082 1.209 4280.0 4.6693 16.55194 1.844245 17.44161 15.597365 "" "" 658.353638 724.222839 4509.9344 2.5792 1441.4 6.9778 4573.1 8.3626 "" "" 0.002824418020751848 0.0059507103 0.004269153 0.010219863 226.07434153735 -59.46861935522 693.840759 -2.8150000000000004 -1.1469999999999998
224.70653601266 -60.25330973259 0.0314 0.0424 29.0826 "" "" 5877965698720808960 831.407104 1.1825 0.0506 -3.949 0.059 0.048 0.056 1.034 4593.9 4.4066 16.552223 1.620494 17.319302 15.698808 "" "" 801.383545 868.662842 4508.76582 2.0061 1613.2 7.1523 4165.2 7.5095 "" "" 0.002797348003252275 0.0055639064 0.00425623 0.009820136 224.70653601266 -60.25330973259 831.407104 -3.9489999999999994 0.05899999999999988
223.908373994 -60.48587752738 0.28 0.3428 42.3728 "" "" 5877935977551711744 699.206116 2.181 0.489 -4.498 0.643 0.42 0.44 8.69 "" "" 16.552397 2.236463 17.528383 15.291921 "" "" 466.132721 1044.35327 4508.04462 18.762 1330.6 9.8412 6058.8 20.777 "" "" 0.005292503979031335 0.0085011 0.0053053005 0.013806401 223.908373994 -60.48587752738 699.206116 -4.498000000000001 0.6430000000000001
224.20244524798 -59.1609755163 0.0374 0.0415 39.0659 "" "" 5879748041404519808 604.34491 1.6291 0.0547 6.687 -11.938 0.051 0.053 0.984 4507.2 4.6459 16.553078 1.740605 17.393127 15.652522 "" "" 586.47052 618.094543 4505.21648 2.5562 1507.2 9.7769 4346.6 9.3745 "" "" 0.002823346444614796 0.0075755 0.0044460176 0.012021517 224.20244524798 -59.1609755163 604.34491 6.686999999999999 -11.937999999999999
225.83511597816 -59.82925953173 0.0319 0.051 45.8239 "" "" 5879493401379287936 779.227112 1.2535 0.0602 -2.414 4.443 0.061 0.092 1.167 4695.1 4.3533 16.553474 1.691522 17.281658 15.590137 "" "" 751.035706 813.664917 4503.57261 2.3955 1670.1 8.1207 4603.7 27.536 "" "" 0.0028151932459280675 0.005971258 0.00751378 0.013485039 225.83511597816 -59.82925953173 779.227112 -2.4139999999999997 4.443
222.79510447122 -59.55674995047 0.0311 0.0374 48.506 "" "" 5878289951552078464 681.635742 1.4423 0.0496 -14.743 -11.725 0.045 0.05 1.008 4559.8 4.7042 16.555933 1.551458 17.278133 15.726675 "" "" 659.957458 700.586609 4493.38617 2.1033 1675.6 9.0958 4059.6 13.164 "" "" 0.002801798890530855 0.0065208776 0.0051651765 0.011686054 222.79510447122 -59.55674995047 681.635742 -14.742999999999997 -11.724999999999996
222.43767556506 -60.33363304028 0.0273 0.0338 64.4322 "" "" 5878093860538417024 787.137207 1.2528 0.0524 -14.066 -10.045 0.045 0.042 1.033 4640.0 4.4275 16.556162 1.604059 17.300817 15.696758 "" "" 757.824402 815.585632 4492.43783 1.5892 1640.9 6.1015 4173.1 8.5817 "" "" 0.0027819608623338957 0.004907537 0.004389632 0.009297169 222.43767556506 -60.33363304028 787.137207 -14.065999999999999 -10.044999999999998
224.37534714926 -59.98846742685 0.0425 0.0647 10.8836 "" "" 5879520786102872064 815.529724 1.2074 0.0771 -4.182 -4.086 0.076 0.092 1.47 3750.5 4.02 16.55636 2.539267 17.925425 15.386157 "" "" 772.436279 859.697388 4491.61315 6.6663 923.1 9.0715 5555.1 30.757 "" "" 0.0031919336390745403 0.011028547 0.007100759 0.018129306 224.37534714926 -59.98846742685 815.529724 -4.182 -4.086
223.76094356392 -58.73728282205 0.0368 0.0411 66.5479 "" "" 5879841980931277312 817.262451 1.212 0.0551 -11.319 -5.603 0.049 0.052 1.016 5418.3 4.6804 16.55723 1.744374 17.387506 15.643132 "" "" 786.240906 851.176575 4488.01736 7.9621 1515.0 12.504 4384.4 23.466 "" "" 0.003361839985746503 0.00938542 0.006931941 0.01631736 223.76094356392 -58.73728282205 817.262451 -11.319 -5.602999999999998
222.29292529723 -60.20126630537 0.0333 0.0481 65.0843 "" "" 5878107707492846720 803.229187 1.2339 0.0706 0.722 -5.019 0.061 0.065 1.428 "" "" 16.557693 1.748012 17.298237 15.550225 "" "" 764.897522 845.96405 4486.10185 2.1792 1644.8 6.5071 4776.0 7.2426 "" "" 0.0028053441317267298 0.00512202 0.0041224505 0.00924447 222.29292529723 -60.20126630537 803.229187 0.7219999999999998 -5.019
222.80025858752 -59.01102904294 0.0336 0.0376 66.617 "" "" 5878322524584502784 844.689514 1.1321 0.0465 -21.424 -0.835 0.048 0.054 0.997 5547.1 4.6007 16.558113 1.715892 17.380156 15.664264 "" "" 818.573975 874.685608 4484.3708 2.2962 1525.3 8.2736 4299.8 7.6493 "" "" 0.0028108477785236756 0.006516815 0.0042443457 0.01076116 222.80025858752 -59.01102904294 844.689514 -21.424 -0.8349999999999995
222.92023120532 -59.92217419466 0.0299 0.0366 42.5944 "" "" 5878211370827739136 762.182983 1.2856 0.055 -0.766 -4.775 0.049 0.045 1.154 4933.8 4.6544 16.558321 1.673546 17.343285 15.669739 "" "" 731.212952 794.026062 4483.50969 1.9914 1578.0 6.5265 4278.2 8.8073 "" "" 0.002797203311370285 0.005286768 0.004390855 0.0096776225 222.92023120532 -59.92217419466 762.182983 -0.766 -4.775
225.24872970272 -60.50160799063 0.1202 0.115 49.9929 "" "" 5876442978244242560 656.9328 1.5607 0.1606 -5.455 -8.168 0.191 0.154 3.815 4352.0 4.8515 16.558525 1.748504 17.178022 15.429519 "" "" 596.661194 736.308167 4482.66684 10.269 1837.4 11.979 5337.7 58.361 "" "" 0.0037118868123236118 0.0076085604 0.012458249 0.020066809 225.24872970272 -60.50160799063 656.9328 -5.454999999999999 -8.168
224.6295847468 -59.5949162193 0.0322 0.0435 15.9882 "" "" 5879536454146315648 601.080383 1.6438 0.0559 1.776 -15.213 0.055 0.058 1.078 4274.7 4.6691 16.558659 1.852767 17.452122 15.599355 "" "" 580.832031 618.816345 4482.11803 2.2717 1427.5 6.6576 4564.7 9.1872 "" "" 0.0028097346785154955 0.0057815104 0.004365652 0.010147162 224.6295847468 -59.5949162193 601.080383 1.7760000000000007 -15.212999999999997
224.74316474549 -58.84450421337 0.0354 0.036 59.3544 "" "" 5879781817028319360 659.752808 1.4927 0.0483 -11.443 -9.118 0.053 0.051 0.986 4564.9 4.5978 16.55973 1.756166 17.41681 15.660643 "" "" 641.441528 682.189453 4477.69564 2.3167 1474.7 6.6803 4314.2 8.5904 "" "" 0.002812000582240424 0.0056546354 0.00435403 0.010008665 224.74316474549 -58.84450421337 659.752808 -11.443000000000001 -9.117999999999999
225.84354750499 -59.64451733023 0.029 0.045 47.2391 "" "" 5879500032820141184 787.720276 1.2519 0.0548 -4.457 -3.292 0.055 0.077 1.029 4645.7 4.652 16.56022 1.599301 17.315018 15.715716 "" "" 759.749573 823.446045 4475.67691 2.2827 1619.6 6.0815 4100.8 6.9085 "" "" 0.0028104144598617656 0.0049402374 0.0041987337 0.009138972 225.84354750499 -59.64451733023 787.720276 -4.457 -3.2919999999999994
225.52595031167 -60.60839353654 0.0339 0.0406 59.9789 "" "" 5876428650231570432 854.955994 1.1449 0.0499 -13.98 1.294 0.05 0.053 0.915 4582.0 4.3879 16.561487 1.508246 17.264801 15.756555 "" "" 821.2229 895.708191 4470.45325 2.1213 1696.3 6.7074 3949.4 10.571 "" "" 0.0028030731705061406 0.005120172 0.004767504 0.009887677 225.52595031167 -60.60839353654 854.955994 -13.98 1.294000000000001
226.02484200999 -59.22927874133 0.0343 0.0448 62.571 "" "" 5879617577487813760 647.80249 1.4995 0.0573 -22.875 -11.181 0.053 0.064 1.08 4335.7 4.5183 16.562157 1.765644 17.423641 15.657997 "" "" 626.09491 669.716492 4467.70248 2.0647 1465.4 7.3181 4324.7 7.6052 "" "" 0.0028006344980053294 0.006097874 0.0042342925 0.010332167 226.02484200999 -59.22927874133 647.80249 -22.874999999999996 -11.180999999999997
222.8449192666 -60.23655167397 0.0279 0.0341 51.0141 "" "" 5878186391297453184 874.656311 1.112 0.0567 -16.204 -2.804 0.048 0.043 1.066 4589.8 4.4312 16.56238 1.735339 17.381908 15.646569 "" "" 829.399963 919.403137 4466.77919 1.613 1522.8 4.8398 4370.5 14.706 "" "" 0.002783075403575278 0.0044376194 0.00525647 0.009694089 222.8449192666 -60.23655167397 874.656311 -16.204 -2.803999999999999
