Clusters/UPK_604/UPK_604_stars_in_region.tsv
# %ECSV 1.0
# ---
# datatype:
# - name: RA_ICRS_1
#   unit: deg
#   datatype: float64
#   format: '{:15.11f}'
#   description: Right ascension (ICRS) at Ep=2016.0 (ra)
#   meta: !!omap
#   - {ucd: POS_EQ_RA_MAIN}
#   - {width: 15}
#   - {precision: '11'}
# - name: DE_ICRS_1
#   unit: deg
#   datatype: float64
#   format: '{:15.11f}'
#   description: Declination (ICRS) at Ep=2016.0 (dec)
#   meta: !!omap
#   - {ucd: POS_EQ_DEC_MAIN}
#   - {width: 15}
#   - {precision: '11'}
# - name: e_RA_ICRS
#   unit: mas
#   datatype: float64
#   format: '{:7.4f}'
#   description: Standard error of right ascension (ra_error)
#   meta: !!omap
#   - {ucd: ERROR}
#   - {width: 7}
#   - {precision: '4'}
# - name: e_DE_ICRS
#   unit: mas
#   datatype: float64
#   format: '{:7.4f}'
#   description: Standard error of declination (dec_error)
#   meta: !!omap
#   - {ucd: ERROR}
#   - {width: 7}
#   - {precision: '4'}
# - name: _r_1
#   unit: ''
#   datatype: float64
#   format: '{:7.4f}'
#   description: Distance from center (224.31641619000-59.80949795000)[ICRS], at Epoch=J2016.0
#   meta: !!omap
#   - {ucd: POS_ANG_DIST_GENERAL}
#   - {width: 7}
#   - {precision: '4'}
# - name: HIP
#   datatype: int32
#   description: '? HIP cross-id number, van Leeuwen, Cat. I/311 (hip_original_ext_source_id)'
#   meta: !!omap
#   - {ucd: ID_NUMBER}
#   - {width: 6}
#   - values: {'null': -2147483648}
# - name: TYC2
#   datatype: string
#   description: Tycho-2 cross-id name, Hog et al., Cat. I/259 (tyc2_original_ext_source_id)
#   meta: !!omap
#   - {ucd: ID_CROSSID}
#   - {_votable_string_dtype: char}
# - name: Source
#   datatype: int64
#   description: Source identifier, identical to the Gaia-EDR3 source_id (id)
#   meta: !!omap
#   - {ucd: ID_MAIN}
#   - {width: 19}
# - name: rgeo
#   unit: pc
#   datatype: float64
#   format: '{:15.8f}'
#   description: '? Median of the geometric distance posterior (r_med_geo)'
#   meta: !!omap
#   - {ucd: PHYS_DISTANCE_TRUE}
#   - {width: 15}
#   - {precision: '8'}
#   - values: {'null': .nan}
# - name: Plx
#   unit: mas
#   datatype: float64
#   format: '{:9.4f}'
#   description: '? Parallax (parallax)'
#   meta: !!omap
#   - {ucd: POS_PARLX_TRIG}
#   - {width: 9}
#   - {precision: '4'}
#   - values: {'null': .nan}
# - name: e_Plx
#   unit: mas
#   datatype: float32
#   format: '{:7.4f}'
#   description: '? Standard error of parallax (parallax_error)'
#   meta: !!omap
#   - {ucd: ERROR}
#   - {width: 7}
#   - {precision: '4'}
#   - values: {'null': .nan}
# - name: pmRA
#   unit: mas / yr
#   datatype: float64
#   format: '{:9.3f}'
#   description: '? Proper motion in right ascension direction, pmRA*cosDE (pmra)'
#   meta: !!omap
#   - {ucd: POS_EQ_PMRA}
#   - {width: 9}
#   - {precision: '3'}
#   - values: {'null': .nan}
# - name: pmDE
#   unit: mas / yr
#   datatype: float64
#   format: '{:9.3f}'
#   description: '? Proper motion in declination direction (pmdec)'
#   meta: !!omap
#   - {ucd: POS_EQ_PMDEC}
#   - {width: 9}
#   - {precision: '3'}
#   - values: {'null': .nan}
# - name: e_pmRA
#   unit: mas / yr
#   datatype: float32
#   format: '{:6.3f}'
#   description: '? Standard error of proper motion in right ascension direction (pmra_error)'
#   meta: !!omap
#   - {ucd: ERROR}
#   - {width: 6}
#   - {precision: '3'}
#   - values: {'null': .nan}
# - name: e_pmDE
[...]
#         unit: &id001 !astropy.units.Unit {unit: deg}
#         value: !astropy.table.SerializedColumn {name: SkyCoord.dec}
#       distance: !astropy.table.SerializedColumn
#         __class__: astropy.coordinates.distances.Distance
#         unit: !astropy.units.Unit {unit: pc}
#         value: !astropy.table.SerializedColumn {name: SkyCoord.distance}
#       frame: icrs
#       obstime: !astropy.time.Time {format: jyear_str, in_subfmt: '*', jd1: 367701545.0, jd2: 0.0, out_subfmt: '*', precision: 3, scale: tt}
#       pm_dec: !astropy.table.SerializedColumn
#         __class__: astropy.units.quantity.Quantity
#         unit: !astropy.units.Unit {unit: mas / yr}
#         value: !astropy.table.SerializedColumn {name: SkyCoord.pm_dec}
#       pm_ra_cosdec: !astropy.table.SerializedColumn
#         __class__: astropy.units.quantity.Quantity
#         unit: !astropy.units.Unit {unit: mas / yr}
#         value: !astropy.table.SerializedColumn {name: SkyCoord.pm_ra_cosdec}
#       ra: !astropy.table.SerializedColumn
#         __class__: astropy.coordinates.angles.Longitude
#         unit: *id001
#         value: !astropy.table.SerializedColumn {name: SkyCoord.ra}
#         wrap_angle: !astropy.coordinates.Angle
#           unit: *id001
#           value: 360.0
#       representation_type: spherical
# schema: astropy-2.0
RA_ICRS_1 DE_ICRS_1 e_RA_ICRS e_DE_ICRS _r_1 HIP TYC2 Source rgeo Plx e_Plx pmRA pmDE e_pmRA e_pmDE RUWE Teff logg Gmag BP-RP BPmag RPmag RV e_RV b_rgeo B_rgeo FG e_FG FBP e_FBP FRP e_FRP RAVE5 RAVE6 e_Gmag e_BPmag e_RPmag e_BP-RP SkyCoord.ra SkyCoord.dec SkyCoord.distance SkyCoord.pm_ra_cosdec SkyCoord.pm_dec
[from data line 1627]
224.35816647851 -60.51409217992 0.019 0.0231 42.294 "" "" 5877944498760699392 609.486267 1.6065 0.0335 -24.401 -14.703 0.028 0.031 1.034 4808.2 4.5219 15.485138 1.382501 16.103813 14.721312 "" "" 597.428467 620.503662 12047.35493 2.9122 4941.9 6.6156 10248.0 10.037 "" "" 0.002767791843946508 0.0031460386 0.0039261314 0.0070721703 224.35816647851 -60.51409217992 609.486267 -24.400999999999996 -14.703
223.49007285892 -59.42375191189 0.0193 0.0268 34.1249 "" "" 5878248578116135552 840.072449 1.1433 0.0311 -5.596 -4.054 0.03 0.044 1.001 5509.2 4.2314 15.48519 1.589486 16.214767 14.625281 "" "" 823.380798 861.243103 12046.77028 4.1536 4461.8 8.8718 11196.0 12.267 "" "" 0.002780634402354359 0.0035278546 0.0039621796 0.007490034 223.49007285892 -59.42375191189 840.072449 -5.596 -4.054000000000001
223.36768836279 -59.27325029849 0.0228 0.0267 43.2179 "" "" 5879801230281288192 703.613525 1.391 0.0351 -7.416 -8.865 0.034 0.045 1.001 5028.1 4.4967 15.490226 1.35818 16.098269 14.740088 "" "" 685.134094 720.262085 11991.0333 6.7642 4967.2 11.84 10072.0 21.098 "" "" 0.002822571121464573 0.0038056266 0.00441092 0.008216547 223.36768836279 -59.27325029849 703.613525 -7.416000000000001 -8.865000000000002
222.47070823391 -59.63068222222 0.1523 0.1791 56.8585 "" "" 5878268785952522624 709.928101 1.5243 0.2626 -11.398 -7.725 0.221 0.217 10.337 "" "" 15.49071 1.624702 15.997984 14.373281 "" "" 604.24707 847.723267 11985.68291 6.2365 5447.8 16.402 14120.0 18.168 "" "" 0.0028126405347860726 0.004297752 0.00402931 0.008327061 222.47070823391 -59.63068222222 709.928101 -11.398 -7.725
222.21554572569 -59.60290102011 0.0207 0.0234 64.7791 "" "" 5878280571342863744 608.949158 1.6043 0.0346 -9.389 1.595 0.03 0.029 1.182 4821.5 4.404 15.491177 1.451403 16.154278 14.702875 "" "" 599.02771 620.386536 11980.5268 2.9321 4717.4 8.3225 10423.0 9.0394 "" "" 0.002768103587351262 0.003384387 0.0038949142 0.007279301 222.21554572569 -59.60290102011 608.949158 -9.389 1.5949999999999998
225.425049234 -58.93848054248 0.0223 0.0274 62.2838 "" "" 5879680661970159104 825.153259 1.1725 0.0323 -5.959 -5.587 0.032 0.046 0.982 5777.4 4.4047 15.492869 1.474817 16.16739 14.692574 "" "" 807.1203 844.741028 11961.87296 4.0501 4660.8 12.763 10523.0 12.204 "" "" 0.0027797353670832217 0.004077335 0.0039836233 0.008060958 225.425049234 -58.93848054248 825.153259 -5.9590000000000005 -5.587000000000001
225.69558364685 -60.33439658603 0.0198 0.0274 51.9243 "" "" 5876452049216236032 631.889099 1.5456 0.0343 -4.901 -10.527 0.033 0.04 0.956 4705.1 4.5136 15.493522 1.374303 16.114447 14.740144 "" "" 619.418823 646.55481 11954.68648 2.9644 4893.7 7.9067 10072.0 11.044 "" "" 0.0027684425268745608 0.0032958018 0.003962456 0.007258258 225.69558364685 -60.33439658603 631.889099 -4.901 -10.527
224.67430016843 -59.48258151604 0.286 0.501 22.4164 "" "" 5879549029808298624 788.984497 1.6808 0.4536 -4.021 -8.242 0.428 0.59 10.239 7770.7 2.9411 15.494901 1.813336 16.330177 14.516841 "" "" 569.139954 1129.849 11939.51011 19.413 4011.9 10.182 12371.0 13.438 "" "" 0.003272345453836674 0.0039214883 0.0039591244 0.007880613 224.67430016843 -59.48258151604 788.984497 -4.020999999999999 -8.242
225.85368761691 -59.76752231284 0.0172 0.0263 46.4799 "" "" 5879494226024255360 767.043884 1.2767 0.0341 8.895 1.011 0.032 0.043 0.937 5263.9 4.5848 15.49578 1.304314 16.073666 14.769352 "" "" 742.348877 789.874512 11929.84652 2.656 5081.0 8.6186 9804.3 8.0516 "" "" 0.0027659029784336655 0.0033431717 0.0038831367 0.0072263083 225.85368761691 -59.76752231284 767.043884 8.895 1.011
223.84055767133 -60.39846026356 0.0179 0.0232 38.0953 "" "" 5878007033486382336 732.544189 1.3384 0.0327 1.833 -5.256 0.028 0.032 1.05 "" "" 15.49856 1.419405 15.995546 14.576141 "" "" 714.748535 746.803589 11899.3402 4.2042 5460.1 68.714 11714.0 191.59 "" "" 0.002781895492078992 0.013945689 0.018155638 0.032101326 223.84055767133 -60.39846026356 732.544189 1.8330000000000002 -5.256
225.15582505434 -60.42543598373 0.0196 0.0247 44.6693 "" "" 5876446345499057536 641.21759 1.522 0.0326 -16.942 -3.135 0.032 0.038 0.98 4815.5 4.5903 15.500922 1.349966 16.107372 14.757406 "" "" 629.32843 655.831787 11873.47594 3.0726 4925.7 7.4037 9912.8 11.078 "" "" 0.0027696084229012798 0.003232381 0.003969379 0.00720176 225.15582505434 -60.42543598373 641.21759 -16.942000000000004 -3.135000000000002
223.70056836636 -59.60833732995 0.0224 0.0368 22.2044 "" "" 5878233807738121728 742.631775 1.3149 0.0432 -7.142 -10.537 0.039 0.062 1.285 7301.6 4.4955 15.504876 1.675742 16.295809 14.620067 "" "" 723.141357 762.996948 11830.31672 3.1978 4140.9 8.4881 11249.0 10.875 "" "" 0.0027709060240839866 0.003569059 0.0039224313 0.0074914903 223.70056836636 -59.60833732995 742.631775 -7.142 -10.537
225.07602874708 -60.73653765805 0.0349 0.04 60.0374 "" "" 5874937570653708288 875.505188 1.1171 0.0573 -6.464 -8.304 0.054 0.053 2.253 6108.5 3.9516 15.50618 1.39189 16.06186 14.669969 "" "" 834.925171 924.381653 11816.12271 5.912 5136.6 17.237 10744.0 40.129 "" "" 0.0028083604182796798 0.0045890757 0.005543348 0.010132424 225.07602874708 -60.73653765805 875.505188 -6.464 -8.304
222.4383846007 -59.95609405505 0.016 0.0201 57.2185 "" "" 5878208381530554752 830.383301 1.1646 0.0305 -5.16 -0.019 0.026 0.025 1.009 "" "" 15.507009 1.420835 16.134325 14.71349 "" "" 808.372437 853.527039 11807.10076 2.7048 4804.9 8.1771 10322.0 13.836 "" "" 0.0027665235592556495 0.0033465154 0.0040499144 0.00739643 222.4383846007 -59.95609405505 830.383301 -5.16 -0.018999999999999836
223.36836316988 -60.77169566744 0.0179 0.0194 64.2458 "" "" 5877924810635902080 718.802795 1.3536 0.0302 -12.224 -11.696 0.028 0.025 1.002 5050.0 4.5617 15.508601 1.310254 16.090132 14.779878 "" "" 704.527954 732.963928 11789.79202 3.5953 5004.5 8.0685 9709.7 10.502 "" "" 0.002775142092339028 0.003293815 0.003957623 0.007251438 223.36836316988 -60.77169566744 718.802795 -12.223999999999997 -11.695999999999998
225.4795094518 -60.25202815363 0.0732 0.1028 43.8195 "" "" 5876454901078158592 702.859375 1.4325 0.1395 -9.292 -5.577 0.116 0.154 3.995 "" "" 15.50891 1.449617 15.850526 14.400908 -10.08 8.76 637.960327 780.527832 11786.43804 6.8616 6240.3 12.22 13766.0 18.125 "" "" 0.00282688971662668 0.003507917 0.004040705 0.007548622 225.4795094518 -60.25202815363 702.859375 -9.292 -5.577
224.07088478259 -59.30638379325 0.022 0.027 31.0959 "" "" 5879744880308438912 695.328857 1.3968 0.0324 -14.734 -8.608 0.031 0.035 0.959 5022.2 4.4888 15.510162 1.297262 16.085241 14.787979 "" "" 680.507446 710.479431 11772.85791 3.8855 5027.1 10.755 9637.6 12.37 "" "" 0.0027785236063352947 0.003630507 0.0040281177 0.007658625 224.07088478259 -59.30638379325 695.328857 -14.734 -8.607999999999999
223.04717927654 -59.27431097171 0.0235 0.0298 50.2114 "" "" 5878302424137449472 759.529602 1.2712 0.0349 -13.525 -7.233 0.033 0.041 1.021 4845.3 4.319 15.510333 1.424006 16.108248 14.684241 "" "" 741.140808 779.039185 11771.00443 4.5285 4921.7 40.377 10604.0 46.507 "" "" 0.0027868016136961384 0.009334023 0.0060793627 0.015413386 223.04717927654 -59.27431097171 759.529602 -13.524999999999999 -7.232999999999999
225.16148458153 -59.0746481239 0.2397 0.2941 51.073 "" "" 5879585244973621504 810.926819 1.4548 0.3303 -49.284 -13.897 0.338 0.451 11.644 4893.7 4.709 15.510546 1.449206 16.090836 14.641629 "" "" 682.016541 1040.27832 11768.70104 33.134 5001.3 12.366 11028.0 23.977 "" "" 0.004115328382427295 0.0038719282 0.0044560246 0.008327953 225.16148458153 -59.0746481239 810.926819 -49.284 -13.897000000000006
224.43664808907 -58.83656749393 0.0218 0.0242 58.4917 "" "" 5879793602418375040 671.850647 1.4527 0.0297 -1.38 -0.515 0.031 0.032 0.986 4853.0 4.5588 15.512452 1.39664 16.145557 14.748918 "" "" 658.062439 684.314392 11748.05348 3.533 4755.5 10.302 9990.6 12.03 "" "" 0.0027745992323057783 0.0036492832 0.0039991178 0.007648401 224.43664808907 -58.83656749393 671.850647 -1.38 -0.5149999999999998
225.71343453483 -59.6113674855 0.0175 0.0267 43.9155 "" "" 5879499586143553792 661.720154 1.4745 0.0327 -9.939 5.508 0.036 0.047 1.009 4493.6 4.4053 15.513724 1.540348 16.22455 14.684202 "" "" 649.50708 673.817322 11734.29542 3.2798 4421.8 10.17 10604.0 13.14 "" "" 0.00277198177707154 0.0037444425 0.0040117097 0.007756152 225.71343453483 -59.6113674855 661.720154 -9.939 5.508000000000001
224.65337577824 -59.9325278292 0.0158 0.023 12.5489 "" "" 5879475122008759296 734.855225 1.3243 0.0305 -6.079 -3.433 0.029 0.032 1.012 5325.8 4.5855 15.515487 1.365242 16.12215 14.756908 "" "" 718.47876 752.035217 11715.25862 5.8916 4859.1 15.589 9917.3 15.808 "" "" 0.002808900729362408 0.00446298 0.0041567846 0.008619765 224.65337577824 -59.9325278292 734.855225 -6.078999999999999 -3.4330000000000003
223.14137492015 -60.05519841978 0.0155 0.0212 38.2755 "" "" 5878194981232254208 867.902161 1.1128 0.0299 -11.244 -9.277 0.027 0.028 1.001 6119.9 4.2142 15.517283 1.518237 16.209238 14.691001 "" "" 842.493103 890.53363 11695.90277 2.7393 4484.6 7.2661 10538.0 14.89 "" "" 0.0027670296472285306 0.0032984305 0.0040788804 0.0073773107 223.14137492015 -60.05519841978 867.902161 -11.244 -9.276999999999997
225.06993647415 -59.3778777304 0.0191 0.0252 34.558 "" "" 5879562430107185664 598.69104 1.6288 0.0325 6.914 -7.972 0.03 0.035 1.039 4813.6 4.5002 15.517446 1.318848 16.100481 14.781633 "" "" 587.762756 611.518188 11694.14909 3.1898 4957.1 9.8663 9694.0 16.271 "" "" 0.0027711905763367025 0.003529148 0.0041958005 0.007724948 225.06993647415 -59.3778777304 598.69104 6.914000000000001 -7.972000000000001
222.77968797657 -59.25308531253 0.0233 0.0246 57.4471 "" "" 5878314965443218048 837.467651 1.1557 0.0322 -4.555 -8.236 0.032 0.035 0.949 4975.9 4.2116 15.518332 1.627852 16.280994 14.653142 "" "" 814.046936 860.534424 11684.60128 4.1867 4197.8 8.4238 10912.0 17.484 "" "" 0.002782648584734534 0.0035400665 0.0041605397 0.0077006062 222.77968797657 -59.25308531253 837.467651 -4.555 -8.236
226.24100191382 -59.91676057336 0.2384 0.3179 58.3303 "" "" 5876487336669784320 644.89917 2.1988 0.4334 -9.568 -5.715 0.445 0.52 14.7 6690.4 4.1249 15.518902 1.527296 16.08698 14.559685 "" "" 471.26358 1083.36414 11678.47526 40.596 5019.1 8.9118 11893.0 12.063 "" "" 0.004672916134040704 0.0033913853 0.003936558 0.007327943 226.24100191382 -59.91676057336 644.89917 -9.568000000000001 -5.715
222.47669810598 -59.3602207302 0.0326 0.0333 62.0418 "" "" 5878307440659033344 596.896606 1.6323 0.051 -8.01 -6.097 0.046 0.045 1.454 4651.3 4.2789 15.519906 1.654718 16.285078 14.63036 "" "" 581.055847 617.202393 11667.6745 11.894 4182.0 18.246 11143.0 26.896 "" "" 0.002969307792387361 0.005497698 0.0045990823 0.010096781 222.47669810598 -59.3602207302 596.896606 -8.010000000000002 -6.097000000000001
225.2101231608 -60.52288211155 0.0203 0.0238 50.4344 "" "" 5876442565927346432 620.688843 1.5801 0.0323 -5.516 -6.931 0.034 0.033 0.984 4896.4 4.596 15.521009 1.324068 16.108318 14.78425 "" "" 607.883545 632.26825 11655.83602 5.6274 4921.4 9.6136 9670.7 14.219 "" "" 0.002804739639266718 0.0035047533 0.0041027 0.0076074535 225.2101231608 -60.52288211155 620.688843 -5.516 -6.931
224.66129833088 -59.26628274604 0.0328 0.0402 34.2395 "" "" 5879577926349042560 863.476685 1.1235 0.0505 -7.905 -9.975 0.048 0.052 1.624 4943.8 4.2701 15.521614 1.738379 16.295279 14.556899 "" "" 832.186523 904.589844 11649.33785 6.2435 4142.9 11.811 11923.0 85.976 "" "" 0.0028160968417185097 0.004167265 0.008693658 0.012860922 224.66129833088 -59.26628274604 863.476685 -7.904999999999998 -9.974999999999998
224.83181063776 -59.59462489338 0.0502 0.0745 20.2385 "" "" 5879535766951538176 795.687317 1.2571 0.0975 -5.197 -3.978 0.088 0.094 2.576 5292.8 3.5775 15.525378 1.555787 16.227835 14.672048 "" "" 725.909119 868.345703 11609.02094 5.85 4408.4 7.988 10724.0 8.4418 "" "" 0.0028091159481594204 0.0034140167 0.0038748162 0.007288833 224.83181063776 -59.59462489338 795.687317 -5.196999999999999 -3.9779999999999998
224.86850831537 -59.79889311461 0.0162 0.0237 16.6728 "" "" 5879482200115141760 683.551941 1.4258 0.0313 -9.24 -9.009 0.031 0.033 1.019 5024.1 4.5074 15.52542 1.278989 16.090548 14.811559 "" "" 669.845703 696.116516 11608.56857 3.2526 5002.6 11.567 9430.5 9.0531 "" "" 0.0027720631875204076 0.0037533105 0.0039204704 0.007673781 224.86850831537 -59.79889311461 683.551941 -9.240000000000002 -9.009
223.32961918761 -60.736808166 0.017 0.0205 62.9079 "" "" 5877972398874720128 775.442627 1.2535 0.0308 4.356 -1.329 0.025 0.026 0.979 4922.6 4.2855 15.526866 1.506678 16.206636 14.699959 "" "" 756.755188 791.611328 11593.11962 2.8234 4495.3 8.3968 10451.0 10.298 "" "" 0.002767979049938511 0.003449355 0.003927886 0.007377241 223.32961918761 -60.736808166 775.442627 4.356 -1.3290000000000006
222.61153982903 -59.45511099951 0.0225 0.0246 55.9125 "" "" 5878294246520958976 772.704407 1.264 0.0358 -5.564 -6.57 0.032 0.033 1.053 5631.9 4.534 15.527937 1.344624 16.082178 14.737554 "" "" 750.941956 792.930786 11581.69074 7.8129 5041.3 36.91 10096.0 42.095 "" "" 0.0028510067258423286 0.0084246965 0.005897201 0.014321897 222.61153982903 -59.45511099951 772.704407 -5.564000000000001 -6.57
225.90783727106 -59.13658898805 0.0254 0.0341 63.1038 "" "" 5879621219620270720 614.156372 1.5953 0.0439 -10.768 -17.136 0.041 0.05 1.294 "" "" 15.528252 1.365277 16.139114 14.773837 "" "" 599.120056 632.374573 11578.33574 3.4158 4783.8 11.011 9763.9 12.152 "" "" 0.002773875980843546 0.003745716 0.0040136906 0.0077594067 225.90783727106 -59.13658898805 614.156372 -10.768 -17.136
223.24377155434 -60.73954449849 0.0175 0.0196 64.2812 "" "" 5877972708112375424 807.04657 1.2152 0.0303 -17.593 -10.152 0.027 0.025 0.898 4809.8 4.2699 15.529306 1.525662 16.235012 14.709351 "" "" 787.582275 826.926697 11567.08762 2.6708 4379.4 6.8465 10361.0 9.3096 "" "" 0.0027667013246265863 0.0032659052 0.0039032607 0.0071691656 223.24377155434 -60.73954449849 807.04657 -17.593 -10.152000000000001
224.2064111202 -58.93936790029 0.021 0.0254 52.3159 "" "" 5879785665318761344 699.341003 1.3851 0.0317 -24.727 -6.618 0.03 0.033 0.983 4928.4 4.5033 15.529435 1.330073 16.123228 14.793155 "" "" 686.884827 713.404297 11565.72012 3.6867 4854.3 9.0545 9591.7 11.218 "" "" 0.002776970996248278 0.003447662 0.003987002 0.0074346643 224.2064111202 -58.93936790029 699.341003 -24.726999999999993 -6.617999999999998
224.89918366608 -59.20636950325 0.0207 0.0245 40.3028 "" "" 5879582633633209984 626.066772 1.5634 0.0318 -16.118 -16.96 0.031 0.034 0.969 4770.8 4.5322 15.529453 1.385223 16.157213 14.77199 "" "" 613.538391 641.786682 11565.52776 3.4406 4704.7 9.4539 9780.5 12.249 "" "" 0.0027741870596716517 0.0035418987 0.0040165517 0.00755845 224.89918366608 -59.20636950325 626.066772 -16.118 -16.959999999999997
223.25844744252 -59.3524312782 0.0227 0.0243 42.2492 "" "" 5878299434840164096 841.297974 1.1541 0.0315 -5.34 -4.625 0.033 0.036 0.958 8351.7 4.2326 15.529587 1.745814 16.365543 14.619729 "" "" 818.720703 869.911194 11564.10644 4.4348 3883.3 9.7605 11253.0 11.928 "" "" 0.0027866034612894597 0.0039028465 0.003950723 0.007853569 223.25844744252 -59.3524312782 841.297974 -5.34 -4.625000000000001
223.79261491508 -59.30969057795 0.0232 0.0273 33.9533 "" "" 5879751099424211840 847.321594 1.152 0.0333 -3.388 -3.607 0.032 0.038 0.968 5945.0 4.3855 15.532403 1.465396 16.196188 14.730792 "" "" 825.017334 873.660889 11534.15053 5.6837 4538.8 14.303 10159.0 15.75 "" "" 0.0028067838462748143 0.0044149044 0.004137285 0.00855219 223.79261491508 -59.30969057795 847.321594 -3.3879999999999995 -3.607
224.19492801028 -59.54718401835 0.0189 0.0257 16.1633 "" "" 5879545628194222464 647.910583 1.5103 0.0315 -26.641 -29.201 0.031 0.034 1.003 4940.9 4.3987 15.532638 1.354407 16.136309 14.781901 "" "" 637.057007 659.060242 11531.65879 3.0655 4796.2 8.8215 9691.6 10.164 "" "" 0.0027703959572768565 0.0034311656 0.003947185 0.0073783505 224.19492801028 -59.54718401835 647.910583 -26.641 -29.201
