Clusters/Lynga_4/Lynga_4_stars_in_region.tsv
# %ECSV 1.0
# ---
# datatype:
# - name: RA_ICRS_1
#   unit: deg
#   datatype: float64
#   format: '{:15.11f}'
#   description: Right ascension (ICRS) at Ep=2016.0 (ra)
#   meta: !!omap
#   - {ucd: POS_EQ_RA_MAIN}
#   - {width: 15}
#   - {precision: '11'}
# - name: DE_ICRS_1
#   unit: deg
#   datatype: float64
#   format: '{:15.11f}'
#   description: Declination (ICRS) at Ep=2016.0 (dec)
#   meta: !!omap
#   - {ucd: POS_EQ_DEC_MAIN}
#   - {width: 15}
#   - {precision: '11'}
# - name: e_RA_ICRS
#   unit: mas
#   datatype: float64
#   format: '{:7.4f}'
#   description: Standard error of right ascension (ra_error)
#   meta: !!omap
#   - {ucd: ERROR}
#   - {width: 7}
#   - {precision: '4'}
# - name: e_DE_ICRS
#   unit: mas
#   datatype: float64
#   format: '{:7.4f}'
#   description: Standard error of declination (dec_error)
#   meta: !!omap
#   - {ucd: ERROR}
#   - {width: 7}
#   - {precision: '4'}
# - name: _r_1
#   unit: ''
#   datatype: float64
#   format: '{:7.4f}'
#   description: Distance from center (233.34231404000-55.24039707000)[ICRS], at Epoch=J2016.0
#   meta: !!omap
#   - {ucd: POS_ANG_DIST_GENERAL}
#   - {width: 7}
#   - {precision: '4'}
# - name: HIP
#   datatype: int32
#   description: '? HIP cross-id number, van Leeuwen, Cat. I/311 (hip_original_ext_source_id)'
#   meta: !!omap
#   - {ucd: ID_NUMBER}
#   - {width: 6}
#   - values: {'null': -2147483648}
# - name: TYC2
#   datatype: string
#   description: Tycho-2 cross-id name, Hog et al., Cat. I/259 (tyc2_original_ext_source_id)
#   meta: !!omap
#   - {ucd: ID_CROSSID}
#   - {_votable_string_dtype: char}
# - name: Source
#   datatype: int64
#   description: Source identifier, identical to the Gaia-EDR3 source_id (id)
#   meta: !!omap
#   - {ucd: ID_MAIN}
#   - {width: 19}
# - name: rgeo
#   unit: pc
#   datatype: float64
#   format: '{:15.8f}'
#   description: '? Median of the geometric distance posterior (r_med_geo)'
#   meta: !!omap
#   - {ucd: PHYS_DISTANCE_TRUE}
#   - {width: 15}
#   - {precision: '8'}
#   - values: {'null': .nan}
# - name: Plx
#   unit: mas
#   datatype: float64
#   format: '{:9.4f}'
#   description: '? Parallax (parallax)'
#   meta: !!omap
#   - {ucd: POS_PARLX_TRIG}
#   - {width: 9}
#   - {precision: '4'}
#   - values: {'null': .nan}
# - name: e_Plx
#   unit: mas
#   datatype: float32
#   format: '{:7.4f}'
#   description: '? Standard error of parallax (parallax_error)'
#   meta: !!omap
#   - {ucd: ERROR}
#   - {width: 7}
#   - {precision: '4'}
#   - values: {'null': .nan}
# - name: pmRA
#   unit: mas / yr
#   datatype: float64
#   format: '{:9.3f}'
#   description: '? Proper motion in right ascension direction, pmRA*cosDE (pmra)'
#   meta: !!omap
#   - {ucd: POS_EQ_PMRA}
#   - {width: 9}
#   - {precision: '3'}
#   - values: {'null': .nan}
# - name: pmDE
#   unit: mas / yr
#   datatype: float64
#   format: '{:9.3f}'
#   description: '? Proper motion in declination direction (pmdec)'
#   meta: !!omap
#   - {ucd: POS_EQ_PMDEC}
#   - {width: 9}
#   - {precision: '3'}
#   - values: {'null': .nan}
# - name: e_pmRA
#   unit: mas / yr
#   datatype: float32
#   format: '{:6.3f}'
#   description: '? Standard error of proper motion in right ascension direction (pmra_error)'
#   meta: !!omap
#   - {ucd: ERROR}
#   - {width: 6}
#   - {precision: '3'}
#   - values: {'null': .nan}
# - name: e_pmDE
[...]
#         unit: &id001 !astropy.units.Unit {unit: deg}
#         value: !astropy.table.SerializedColumn {name: SkyCoord.dec}
#       distance: !astropy.table.SerializedColumn
#         __class__: astropy.coordinates.distances.Distance
#         unit: !astropy.units.Unit {unit: pc}
#         value: !astropy.table.SerializedColumn {name: SkyCoord.distance}
#       frame: icrs
#       obstime: !astropy.time.Time {format: jyear_str, in_subfmt: '*', jd1: 367701545.0, jd2: 0.0, out_subfmt: '*', precision: 3, scale: tt}
#       pm_dec: !astropy.table.SerializedColumn
#         __class__: astropy.units.quantity.Quantity
#         unit: !astropy.units.Unit {unit: mas / yr}
#         value: !astropy.table.SerializedColumn {name: SkyCoord.pm_dec}
#       pm_ra_cosdec: !astropy.table.SerializedColumn
#         __class__: astropy.units.quantity.Quantity
#         unit: !astropy.units.Unit {unit: mas / yr}
#         value: !astropy.table.SerializedColumn {name: SkyCoord.pm_ra_cosdec}
#       ra: !astropy.table.SerializedColumn
#         __class__: astropy.coordinates.angles.Longitude
#         unit: *id001
#         value: !astropy.table.SerializedColumn {name: SkyCoord.ra}
#         wrap_angle: !astropy.coordinates.Angle
#           unit: *id001
#           value: 360.0
#       representation_type: spherical
# schema: astropy-2.0
RA_ICRS_1 DE_ICRS_1 e_RA_ICRS e_DE_ICRS _r_1 HIP TYC2 Source rgeo Plx e_Plx pmRA pmDE e_pmRA e_pmDE RUWE Teff logg Gmag BP-RP BPmag RPmag RV e_RV b_rgeo B_rgeo FG e_FG FBP e_FBP FRP e_FRP RAVE5 RAVE6 e_Gmag e_BPmag e_RPmag e_BP-RP SkyCoord.ra SkyCoord.dec SkyCoord.distance SkyCoord.pm_ra_cosdec SkyCoord.pm_dec
[from data line 322]
233.26163238588 -55.10532758727 0.0293 0.0285 8.5628 "" "" 5883861451851167488 1787.12097 0.5162 0.0393 3.263 -1.393 0.039 0.039 1.078 8078.4 4.1796 15.832171 1.583387 16.557716 14.974329 "" "" 1678.36572 1929.19861 8751.42185 3.2655 3253.3 9.0805 8117.6 11.293 "" "" 0.002784945323065443 0.00411932 0.0040700347 0.008189354 233.26163238588 -55.10532758727 1787.12097 3.2630000000000003 -1.393
233.14058631636 -55.25545989572 0.0301 0.0298 6.9583 "" "" 5883854236309651968 2029.77014 0.455 0.0407 -3.46 -4.251 0.039 0.041 0.982 9235.9 3.6995 15.833942 1.923959 16.775269 14.85131 "" "" 1897.2771 2223.02344 8737.15049 3.1636 2662.6 8.7465 9091.5 13.161 "" "" 0.0027832248400168425 0.0045283088 0.004093172 0.00862148 233.14058631636 -55.25545989572 2029.77014 -3.4600000000000004 -4.2509999999999994
233.04017216204 -55.35694330135 0.0275 0.0286 12.4664 "" "" 5883852037282602112 2305.3606 0.3955 0.0386 -2.538 -4.272 0.038 0.042 0.977 8533.8 3.6912 15.839503 2.069428 16.890045 14.820618 "" "" 2117.29858 2562.30176 8692.51784 3.8822 2395.5 7.9576 9352.1 10.925 "" "" 0.0027976637075018407 0.0045599723 0.0039865295 0.008546501 233.04017216204 -55.35694330135 2305.3606 -2.538 -4.272
233.53196120524 -55.28368262955 0.0279 0.0275 6.9847 "" "" 5883668693715183616 2443.23633 0.3502 0.0375 -2.087 -2.449 0.038 0.037 1.012 15003.4 3.7899 15.846027 3.222695 17.770617 14.547921 -47.26 5.46 2259.10938 2678.49902 8640.43983 4.7932 1064.6 7.0522 12022.0 12.748 "" "" 0.002820382352423577 0.0077144643 0.003950851 0.011665315 233.53196120524 -55.28368262955 2443.23633 -2.0869999999999997 -2.4490000000000003
233.33395525639 -55.24635487523 0.0296 0.0294 0.4577 "" "" 5883851380132998016 2208.20605 0.422 0.0395 -4.49 -3.006 0.039 0.04 1.031 9146.2 3.4617 15.848513 2.162205 16.957842 14.795637 "" "" 2031.76221 2454.49219 8620.68377 3.7859 2250.5 11.314 9569.8 12.791 "" "" 0.0027962732052671554 0.0061301426 0.0040484187 0.010178561 233.33395525639 -55.24635487523 2208.20605 -4.49 -3.006
233.14783825458 -55.41434363342 0.0296 0.0318 12.3689 "" "" 5883848566948951808 2263.15723 0.3864 0.0417 -0.503 -3.829 0.042 0.046 0.961 "" "" 15.852216 3.36521 17.895418 14.530208 40.22 6.75 2103.94897 2477.98999 8591.33289 5.1186 948.96 7.712 12220.0 13.592 "" "" 0.002830234299386226 0.009254194 0.0039676335 0.013221827 233.14783825458 -55.41434363342 2263.15723 -0.5029999999999997 -3.829
233.50243874748 -55.3206443265 0.0283 0.0279 7.2887 "" "" 5883668178319090944 1737.75598 0.5392 0.0373 1.75 -3.751 0.04 0.038 0.966 8118.6 4.1419 15.852228 1.774096 16.697546 14.92345 "" "" 1651.10327 1860.44458 8591.22934 56.172 2860.2 57.637 8507.0 164.55 "" "" 0.0076148319360748555 0.022056285 0.021338638 0.043394923 233.50243874748 -55.3206443265 1737.75598 1.75 -3.7510000000000003
233.59825026187 -55.46479227665 0.0302 0.031 16.0465 "" "" 5883657732958474752 1989.07959 0.462 0.04 -3.414 -3.592 0.042 0.043 1.039 "" "" 15.853264 2.225253 17.005322 14.780068 "" "" 1856.95398 2140.48755 8583.04031 4.1964 2154.2 9.4642 9708.0 13.572 "" "" 0.0028059892795495975 0.005526151 0.0040728 0.009598951 233.59825026187 -55.46479227665 1989.07959 -3.4139999999999997 -3.5919999999999996
233.42245693323 -54.97995785673 0.0286 0.0266 15.8666 "" "" 5883863753953747200 1915.80066 0.4762 0.039 -3.674 -2.77 0.04 0.037 1.04 8391.5 3.0942 15.856727 2.097441 16.919064 14.821623 "" "" 1766.39478 2063.13232 8555.70995 3.597 2332.3 7.6045 9343.5 11.45 "" "" 0.002792875014579948 0.0045074457 0.0040067444 0.00851419 233.42245693323 -54.97995785673 1915.80066 -3.6739999999999995 -2.77
232.88252403252 -55.39585969686 0.0273 0.0267 18.2599 "" "" 5883828981897613568 1803.6532 0.5134 0.0398 -2.059 -2.604 0.041 0.044 1.021 9623.1 4.278 15.859031 1.782484 16.716555 14.934071 "" "" 1693.81555 1929.84607 8537.5752 3.0564 2810.6 7.452 8424.2 9.8193 "" "" 0.0027826007519869606 0.004008993 0.003985639 0.007994632 232.88252403252 -55.39585969686 1803.6532 -2.059 -2.6039999999999996
233.74612980195 -55.34020794705 0.0324 0.0251 15.0401 "" "" 5883665189021785344 1760.1438 0.5399 0.0397 -1.978 -1.916 0.047 0.036 1.018 9202.6 3.6786 15.865941 1.543133 16.572636 15.029503 "" "" 1634.3606 1884.23181 8483.40518 3.0203 3208.9 9.0046 7715.4 8.1432 "" "" 0.00278230286880314 0.004131289 0.003949291 0.00808058 233.74612980195 -55.34020794705 1760.1438 -1.978 -1.916
233.09253764573 -55.26730531698 0.0296 0.0301 8.6927 "" "" 5883853549111196160 2494.29224 0.3593 0.0402 -6.238 -5.929 0.04 0.044 1.029 6590.5 2.627 15.874619 2.980187 17.594183 14.613996 "" "" 2264.78833 2859.88574 8415.87149 3.9899 1252.4 6.9912 11313.0 20.917 "" "" 0.0028029887315067564 0.006672245 0.00427944 0.010951685 233.09253764573 -55.26730531698 2494.29224 -6.2379999999999995 -5.928999999999999
232.94297645977 -55.35590408303 0.0279 0.0261 15.3003 "" "" 5883829325494667008 2035.75366 0.4603 0.0382 -4.964 -4.837 0.042 0.04 0.957 "" "" 15.87746 1.734098 16.69585 14.961753 "" "" 1878.87427 2244.20679 8393.8856 5.8162 2864.7 16.255 8212.1 19.203 "" "" 0.0028561809265093365 0.0067631076 0.0045529716 0.01131608 232.94297645977 -55.35590408303 2035.75366 -4.964 -4.837
233.24939461704 -55.1787739945 0.0279 0.028 4.8775 "" "" 5883860627217363200 1987.0752 0.475 0.0377 -1.422 -3.689 0.037 0.04 0.949 7769.3 3.8144 15.882569 1.835253 16.780947 14.945694 "" "" 1846.72168 2142.229 8354.47575 3.0284 2648.7 9.4165 8334.5 10.588 "" "" 0.0027832865705709788 0.0047627953 0.004023207 0.008786002 233.24939461704 -55.1787739945 1987.0752 -1.4220000000000002 -3.6890000000000005
233.12687892042 -55.25167952362 0.0283 0.0272 7.3996 "" "" 5883854305025450240 1817.67676 0.5158 0.0376 -5.632 -6.705 0.038 0.038 1.051 4815.1 2.9158 15.884367 2.354043 17.139841 14.785798 "" "" 1714.18164 1931.95972 8340.65098 3.4082 1903.2 10.282 9656.9 11.123 "" "" 0.0027908104272089894 0.0064954683 0.0039809113 0.01047638 233.12687892042 -55.25167952362 1817.67676 -5.632 -6.705
233.1719594992 -54.98353118096 0.0283 0.0292 16.4835 "" "" 5883874817789590784 2480.51855 0.3694 0.0402 -4.647 -5.96 0.04 0.041 1.007 "" "" 15.89061 2.220326 17.049679 14.829352 "" "" 2277.32324 2733.86768 8292.833 3.2976 2068.0 8.3015 9277.2 11.151 "" "" 0.002788940001280878 0.0051750345 0.003998354 0.009173389 233.1719594992 -54.98353118096 2480.51855 -4.646999999999999 -5.96
233.42918972545 -55.04347351398 0.0286 0.0262 12.1852 "" "" 5883863307277061632 2148.84497 0.4133 0.0382 -1.448 -3.994 0.04 0.035 0.973 "" "" 15.892907 3.003332 17.636255 14.632923 "" "" 1997.93408 2328.54688 8275.30123 3.877 1204.8 7.438 11117.0 13.468 "" "" 0.0028018805806382095 0.0072604744 0.004001732 0.011262206 233.42918972545 -55.04347351398 2148.84497 -1.448 -3.9940000000000007
233.47883510377 -55.43135696202 0.0295 0.0303 12.3686 "" "" 5883660687896043392 2432.81152 0.3637 0.0403 -6.328 -1.097 0.041 0.042 0.939 "" "" 15.899272 3.216265 17.81882 14.602556 -14.93 7.12 2235.75903 2729.75659 8226.93662 4.1186 1018.3 4.9705 11432.0 12.936 "" "" 0.002808421421129823 0.0059892843 0.003974057 0.009963341 233.47883510377 -55.43135696202 2432.81152 -6.328 -1.097
233.38065892141 -55.20403494665 0.0306 0.03 2.546 "" "" 5883857431761607168 1875.42725 0.4954 0.0421 -3.522 -3.446 0.04 0.041 1.024 9164.3 3.7154 15.90089 1.961102 16.849852 14.888749 "" "" 1757.59802 2028.18835 8214.68137 3.4338 2485.9 11.702 8783.3 22.379 "" "" 0.0027924479654364153 0.0058229505 0.004683634 0.010506584 233.38065892141 -55.20403494665 1875.42725 -3.5219999999999994 -3.4459999999999997
233.01484413887 -55.49267161358 0.029 0.0289 18.8096 "" "" 5883824549490984832 2058.08179 0.4449 0.0418 -2.631 -3.825 0.044 0.045 0.958 9208.8 3.4466 15.90378 1.864972 16.809992 14.94502 "" "" 1892.56628 2244.323 8192.84765 3.2305 2578.8 9.4969 8339.7 9.8626 "" "" 0.002788381389736138 0.0048756963 0.003991539 0.008867236 233.01484413887 -55.49267161358 2058.08179 -2.6309999999999993 -3.825000000000001
233.30215804508 -54.96520484735 0.0267 0.0248 16.569 "" "" 5883864750386220672 2133.16553 0.4287 0.0368 -2.732 -2.306 0.037 0.035 0.968 7968.1 4.0269 15.903865 1.595995 16.638147 15.042152 "" "" 1967.59082 2292.61157 8192.20558 3.2644 3021.1 9.2334 7626.0 10.096 "" "" 0.0027890799412581073 0.0043354845 0.0040434934 0.008378978 233.30215804508 -54.96520484735 2133.16553 -2.732 -2.306
233.67252020482 -55.49254764222 0.0355 0.0339 18.8592 "" "" 5883656805245490432 2014.37646 0.4385 0.0447 -7.796 -4.908 0.049 0.048 1.188 "" "" 15.908687 3.04844 17.678816 14.630376 "" "" 1866.17786 2185.37939 8155.9002 5.4179 1158.5 6.9539 11143.0 11.637 "" "" 0.002848154689586143 0.007089294 0.003945806 0.0110351 233.67252020482 -55.49254764222 2014.37646 -7.796000000000001 -4.9079999999999995
233.65217600185 -54.99771500914 0.0267 0.0254 18.0294 "" "" 5885361254433229184 1708.67993 0.5546 0.0367 -2.393 -2.903 0.039 0.037 0.998 8367.1 3.707 15.911389 1.567924 16.617945 15.050021 "" "" 1614.35181 1802.22229 8135.62485 3.161 3077.8 9.16 7570.9 26.17 "" "" 0.002787426536461749 0.0042692446 0.005326243 0.009595487 233.65217600185 -54.99771500914 1708.67993 -2.393 -2.9029999999999996
233.34895567865 -55.18591251093 0.0287 0.0286 3.277 "" "" 5883857706639555072 1729.08276 0.5404 0.0385 1.571 -8.101 0.038 0.039 1.021 "" "" 15.914589 1.832463 16.80754 14.975078 "" "" 1626.40503 1849.55176 8111.68562 3.1804 2584.6 10.326 8112.0 9.7993 "" "" 0.0027880105112099997 0.0051576155 0.004000493 0.009158108 233.34895567865 -55.18591251093 1729.08276 1.571000000000001 -8.101
233.53075178917 -55.49220747105 0.0312 0.0296 16.4183 "" "" 5883657355001345664 1924.12683 0.4727 0.0407 -0.058 -1.456 0.043 0.041 0.976 7953.1 3.5934 15.923277 2.140328 17.025084 14.884755 "" "" 1807.31726 2062.36279 8047.03811 3.3907 2115.4 8.5524 8815.7 9.6614 "" "" 0.0027930418319175626 0.005201267 0.003962268 0.009163535 233.53075178917 -55.49220747105 1924.12683 -0.05800000000000005 -1.456
233.26142393227 -54.97544615526 0.0271 0.0254 16.1377 "" "" 5883876089099883776 1950.77673 0.4789 0.0374 -6.463 -2.604 0.038 0.036 1.006 7687.4 3.9118 15.924303 1.76864 16.774395 15.005755 "" "" 1809.38013 2122.82153 8039.43719 2.9487 2664.8 5.3034 7886.0 10.493 "" "" 0.0027839491880772447 0.003529036 0.0040460825 0.0075751184 233.26142393227 -54.97544615526 1950.77673 -6.463000000000001 -2.6039999999999996
233.09838328474 -55.50572252965 0.0384 0.0387 17.9609 "" "" 5883823690497510528 2187.52783 0.4157 0.0541 -5.785 -4.958 0.056 0.056 1.212 4682.6 2.8122 15.926106 3.154183 17.781261 14.627078 "" "" 1970.53857 2424.96631 8026.09685 6.0362 1054.2 8.7478 11177.0 17.835 "" "" 0.002873768529967874 0.009431645 0.0041575558 0.0135892015 233.09838328474 -55.50572252965 2187.52783 -5.785 -4.958000000000002
233.6744367426 -55.17780445912 0.0286 0.0254 11.9744 "" "" 5883670274263183104 1773.95618 0.5294 0.0368 -3.131 -2.199 0.039 0.035 0.986 8952.8 4.3076 15.930076 1.784123 16.791718 15.007594 "" "" 1678.6958 1916.14954 7996.80424 3.1931 2622.6 7.701 7872.6 8.3993 "" "" 0.00278921829599717 0.0042366707 0.0039529176 0.008189589 233.6744367426 -55.17780445912 1773.95618 -3.131 -2.199
233.43562728238 -55.1755828578 0.0293 0.0293 5.0328 "" "" 5883857191243456640 1816.46179 0.5181 0.0403 -6.281 -5.008 0.039 0.041 1.018 7074.5 3.5853 15.932424 1.788055 16.797981 15.009926 "" "" 1691.15259 1955.69775 7979.52989 3.0943 2607.5 7.3664 7855.8 11.413 "" "" 0.002787302047217158 0.0041464847 0.004095342 0.008241827 233.43562728238 -55.1755828578 1816.46179 -6.281 -5.008
233.26632152947 -55.10437464955 0.0291 0.0286 8.5667 "" "" 5883861451851166976 2376.95508 0.373 0.039 -0.114 -3.335 0.039 0.039 0.914 "" "" 15.935342 3.2807 17.909126 14.628427 "" "" 2177.24927 2618.51538 7958.10888 4.2278 937.06 7.9167 11163.0 15.08 "" "" 0.0028150476311086118 0.009587752 0.0040540067 0.013641758 233.26632152947 -55.10437464955 2376.95508 -0.1140000000000001 -3.335000000000001
233.29731594751 -55.32743616296 0.0286 0.029 5.444 "" "" 5883850044403623040 2321.2915 0.3981 0.0386 -5.775 -5.409 0.039 0.041 1.01 8063.1 3.4041 15.93955 2.191986 17.029783 14.837797 "" "" 2120.70972 2562.6145 7927.32647 4.1945 2106.2 9.8921 9205.3 24.263 "" "" 0.0028145729619779175 0.005812764 0.0047406023 0.0105533665 233.29731594751 -55.32743616296 2321.2915 -5.775 -5.409
233.59262028126 -54.98905549572 0.0281 0.0276 17.3551 "" "" 5885361975987748736 2005.1604 0.4638 0.0392 -1.009 -2.372 0.042 0.043 1.02 7978.0 3.9059 15.941756 1.869149 16.857843 14.988694 "" "" 1875.08875 2177.87549 7911.23467 3.4845 2467.6 8.636 8010.9 7.4805 "" "" 0.002796511422397203 0.0047141933 0.0039130063 0.0086272 233.59262028126 -54.98905549572 2005.1604 -1.009 -2.372
232.88877619972 -55.30991253383 0.0772 0.0751 16.0524 "" "" 5883841420122584064 2363.42017 0.4189 0.1039 0.32 -3.518 0.11 0.112 2.749 7633.5 3.8902 15.944303 1.55643 16.642134 15.085704 "" "" 1924.33215 3026.66602 7892.70559 7.535 3010.0 7.6539 7326.2 10.128 "" "" 0.002943838086681437 0.0039252085 0.004066523 0.007991731 232.88877619972 -55.30991253383 2363.42017 0.31999999999999984 -3.5180000000000007
233.05319422245 -55.49827512448 0.0286 0.0288 18.3463 "" "" 5883824377692286336 1878.9021 0.508 0.0411 -4.874 -0.491 0.043 0.045 0.938 8209.3 4.2362 15.946827 1.664657 16.736387 15.071731 "" "" 1746.27222 2034.1416 7874.37377 3.3547 2759.7 7.4656 7421.1 10.021 "" "" 0.0027938763665073902 0.004051165 0.0040537897 0.008104955 233.05319422245 -55.49827512448 1878.9021 -4.874 -0.4909999999999994
233.00735569242 -55.29995126579 0.0302 0.03 11.9943 "" "" 5883853068074843008 1745.30481 0.5491 0.0401 -2.525 -4.726 0.042 0.045 1.029 6642.0 3.8134 15.956841 1.731211 16.679552 14.948341 "" "" 1626.97766 1890.36035 7802.07688 3.712 2908.0 9.9348 8314.2 11.833 "" "" 0.002803323951538991 0.0046415264 0.004083078 0.008724604 233.00735569242 -55.29995126579 1745.30481 -2.525 -4.725999999999999
233.24509824765 -54.97854318662 0.0276 0.0267 16.0616 "" "" 5883875986020670720 1915.28857 0.484 0.0389 -2.668 -2.181 0.039 0.039 1.004 "" "" 15.963152 1.516772 16.654139 15.137366 "" "" 1793.81238 2070.8103 7756.86277 3.1066 2976.9 7.1787 6985.7 8.1871 "" "" 0.0027894210943953035 0.0038262405 0.0039878422 0.007814083 233.24509824765 -54.97854318662 1915.28857 -2.668 -2.181
233.67635570224 -55.18950085684 0.0298 0.0268 11.835 "" "" 5883670171183962240 2058.20581 0.4447 0.0382 -6.864 -4.968 0.04 0.037 1.013 8746.8 3.5885 15.963844 2.533823 17.352104 14.818281 "" "" 1919.92944 2236.8252 7751.91831 5.8149 1565.2 7.404 9372.3 18.717 "" "" 0.0028731683889889332 0.0058449158 0.0043571945 0.01020211 233.67635570224 -55.18950085684 2058.20581 -6.864 -4.968
233.06526242763 -55.44627701969 0.0303 0.0291 15.5546 "" "" 5883825099246811776 2305.84888 0.4006 0.0437 -3.88 -3.331 0.046 0.044 0.999 9000.6 4.0268 15.971289 1.713136 16.773905 15.060769 "" "" 2075.30737 2580.44702 7698.94652 3.6268 2666.0 9.3821 7496.4 14.227 "" "" 0.0028023894597800064 0.0047311974 0.004304605 0.009035802 233.06526242763 -55.44627701969 2305.84888 -3.880000000000001 -3.331000000000001
232.99997167622 -55.06606235401 0.0447 0.0433 15.7213 "" "" 5883869114076465920 2041.27466 0.4665 0.0582 -1.632 -4.211 0.06 0.059 1.16 "" "" 15.971348 2.749538 17.517673 14.768136 "" "" 1834.93079 2258.28931 7698.52834 4.4436 1343.8 7.6357 9815.3 13.773 "" "" 0.002825690637704056 0.0067709507 0.004074905 0.010845856 232.99997167622 -55.06606235401 2041.27466 -1.632 -4.210999999999999
232.90533284367 -55.12239640397 0.0378 0.0428 16.5602 "" "" 5883867121211623808 1838.15491 0.5031 0.0504 -2.274 -4.423 0.057 0.066 1.042 5144.6 3.2192 15.972543 2.153576 17.081705 14.928129 "" "" 1708.69153 2011.76587 7690.05933 3.9131 2007.9 9.7581 8470.5 10.094 "" "" 0.0028101640809650883 0.00596881 0.003994713 0.009963524 232.90533284367 -55.12239640397 1838.15491 -2.2740000000000005 -4.423
