Clusters/Lynga_4/Lynga_4_stars_in_region.tsv
# %ECSV 1.0
# ---
# datatype:
# - name: RA_ICRS_1
#   unit: deg
#   datatype: float64
#   format: '{:15.11f}'
#   description: Right ascension (ICRS) at Ep=2016.0 (ra)
#   meta: !!omap
#   - {ucd: POS_EQ_RA_MAIN}
#   - {width: 15}
#   - {precision: '11'}
# - name: DE_ICRS_1
#   unit: deg
#   datatype: float64
#   format: '{:15.11f}'
#   description: Declination (ICRS) at Ep=2016.0 (dec)
#   meta: !!omap
#   - {ucd: POS_EQ_DEC_MAIN}
#   - {width: 15}
#   - {precision: '11'}
# - name: e_RA_ICRS
#   unit: mas
#   datatype: float64
#   format: '{:7.4f}'
#   description: Standard error of right ascension (ra_error)
#   meta: !!omap
#   - {ucd: ERROR}
#   - {width: 7}
#   - {precision: '4'}
# - name: e_DE_ICRS
#   unit: mas
#   datatype: float64
#   format: '{:7.4f}'
#   description: Standard error of declination (dec_error)
#   meta: !!omap
#   - {ucd: ERROR}
#   - {width: 7}
#   - {precision: '4'}
# - name: _r_1
#   unit: ''
#   datatype: float64
#   format: '{:7.4f}'
#   description: Distance from center (233.34231404000-55.24039707000)[ICRS], at Epoch=J2016.0
#   meta: !!omap
#   - {ucd: POS_ANG_DIST_GENERAL}
#   - {width: 7}
#   - {precision: '4'}
# - name: HIP
#   datatype: int32
#   description: '? HIP cross-id number, van Leeuwen, Cat. I/311 (hip_original_ext_source_id)'
#   meta: !!omap
#   - {ucd: ID_NUMBER}
#   - {width: 6}
#   - values: {'null': -2147483648}
# - name: TYC2
#   datatype: string
#   description: Tycho-2 cross-id name, Hog et al., Cat. I/259 (tyc2_original_ext_source_id)
#   meta: !!omap
#   - {ucd: ID_CROSSID}
#   - {_votable_string_dtype: char}
# - name: Source
#   datatype: int64
#   description: Source identifier, identical to the Gaia-EDR3 source_id (id)
#   meta: !!omap
#   - {ucd: ID_MAIN}
#   - {width: 19}
# - name: rgeo
#   unit: pc
#   datatype: float64
#   format: '{:15.8f}'
#   description: '? Median of the geometric distance posterior (r_med_geo)'
#   meta: !!omap
#   - {ucd: PHYS_DISTANCE_TRUE}
#   - {width: 15}
#   - {precision: '8'}
#   - values: {'null': .nan}
# - name: Plx
#   unit: mas
#   datatype: float64
#   format: '{:9.4f}'
#   description: '? Parallax (parallax)'
#   meta: !!omap
#   - {ucd: POS_PARLX_TRIG}
#   - {width: 9}
#   - {precision: '4'}
#   - values: {'null': .nan}
# - name: e_Plx
#   unit: mas
#   datatype: float32
#   format: '{:7.4f}'
#   description: '? Standard error of parallax (parallax_error)'
#   meta: !!omap
#   - {ucd: ERROR}
#   - {width: 7}
#   - {precision: '4'}
#   - values: {'null': .nan}
# - name: pmRA
#   unit: mas / yr
#   datatype: float64
#   format: '{:9.3f}'
#   description: '? Proper motion in right ascension direction, pmRA*cosDE (pmra)'
#   meta: !!omap
#   - {ucd: POS_EQ_PMRA}
#   - {width: 9}
#   - {precision: '3'}
#   - values: {'null': .nan}
# - name: pmDE
#   unit: mas / yr
#   datatype: float64
#   format: '{:9.3f}'
#   description: '? Proper motion in declination direction (pmdec)'
#   meta: !!omap
#   - {ucd: POS_EQ_PMDEC}
#   - {width: 9}
#   - {precision: '3'}
#   - values: {'null': .nan}
# - name: e_pmRA
#   unit: mas / yr
#   datatype: float32
#   format: '{:6.3f}'
#   description: '? Standard error of proper motion in right ascension direction (pmra_error)'
#   meta: !!omap
#   - {ucd: ERROR}
#   - {width: 6}
#   - {precision: '3'}
#   - values: {'null': .nan}
# - name: e_pmDE
[...]
#         unit: &id001 !astropy.units.Unit {unit: deg}
#         value: !astropy.table.SerializedColumn {name: SkyCoord.dec}
#       distance: !astropy.table.SerializedColumn
#         __class__: astropy.coordinates.distances.Distance
#         unit: !astropy.units.Unit {unit: pc}
#         value: !astropy.table.SerializedColumn {name: SkyCoord.distance}
#       frame: icrs
#       obstime: !astropy.time.Time {format: jyear_str, in_subfmt: '*', jd1: 367701545.0, jd2: 0.0, out_subfmt: '*', precision: 3, scale: tt}
#       pm_dec: !astropy.table.SerializedColumn
#         __class__: astropy.units.quantity.Quantity
#         unit: !astropy.units.Unit {unit: mas / yr}
#         value: !astropy.table.SerializedColumn {name: SkyCoord.pm_dec}
#       pm_ra_cosdec: !astropy.table.SerializedColumn
#         __class__: astropy.units.quantity.Quantity
#         unit: !astropy.units.Unit {unit: mas / yr}
#         value: !astropy.table.SerializedColumn {name: SkyCoord.pm_ra_cosdec}
#       ra: !astropy.table.SerializedColumn
#         __class__: astropy.coordinates.angles.Longitude
#         unit: *id001
#         value: !astropy.table.SerializedColumn {name: SkyCoord.ra}
#         wrap_angle: !astropy.coordinates.Angle
#           unit: *id001
#           value: 360.0
#       representation_type: spherical
# schema: astropy-2.0
RA_ICRS_1 DE_ICRS_1 e_RA_ICRS e_DE_ICRS _r_1 HIP TYC2 Source rgeo Plx e_Plx pmRA pmDE e_pmRA e_pmDE RUWE Teff logg Gmag BP-RP BPmag RPmag RV e_RV b_rgeo B_rgeo FG e_FG FBP e_FBP FRP e_FRP RAVE5 RAVE6 e_Gmag e_BPmag e_RPmag e_BP-RP SkyCoord.ra SkyCoord.dec SkyCoord.distance SkyCoord.pm_ra_cosdec SkyCoord.pm_dec
[from data line 404]
233.16556422048 -54.97761323045 0.0315 0.0317 16.8937 "" "" 5883874817789603328 1762.30981 0.5455 0.0431 -5.308 -4.022 0.044 0.044 1.012 7737.9 4.1927 16.074543 1.483979 16.750826 15.266847 "" "" 1644.85925 1926.302 7000.51353 2.7885 2723.2 8.0522 6200.4 9.5166 "" "" 0.002789054949292042 0.004253437 0.004130461 0.008383898 233.16556422048 -54.97761323045 1762.30981 -5.308 -4.022
233.39749213247 -55.08024037606 0.0297 0.0281 9.7938 "" "" 5883862894963762688 1781.76013 0.5186 0.0406 -4.507 -2.984 0.041 0.039 0.995 9114.9 4.1883 16.076319 1.681834 16.873539 15.191705 "" "" 1655.64209 1912.64893 6989.06437 2.8565 2432.2 9.7034 6644.7 7.9301 "" "" 0.0027908250502777197 0.0051524616 0.0039953403 0.009147802 233.39749213247 -55.08024037606 1781.76013 -4.507 -2.984
233.73555431581 -55.3320315742 0.0314 0.029 14.5178 "" "" 5883665944936040960 1761.94556 0.5412 0.0421 -2.294 -4.897 0.045 0.04 0.916 9257.1 3.7283 16.079893 1.871198 16.993649 15.122451 "" "" 1649.85144 1918.74988 6966.09405 3.1381 2177.5 7.629 7082.4 9.0246 "" "" 0.0027983946662423435 0.004717522 0.004024641 0.008742163 233.73555431581 -55.3320315742 1761.94556 -2.294 -4.897
233.57526457443 -55.00585984129 0.0293 0.0279 16.1834 "" "" 5885361563670882048 2065.22144 0.4506 0.0413 -2.519 -0.873 0.042 0.041 1.035 7839.3 4.0403 16.082027 1.8567 16.990484 15.133784 "" "" 1903.25171 2231.03809 6952.42154 3.0617 2183.9 8.0489 7008.8 7.7324 "" "" 0.002796498312967113 0.0048782616 0.0039646593 0.008842921 233.57526457443 -55.00585984129 2065.22144 -2.519 -0.8729999999999997
232.90371364248 -55.37663820129 0.0307 0.0295 17.0634 "" "" 5883829084976495744 1813.29431 0.5224 0.0421 -5.93 -6.652 0.046 0.045 1.027 "" "" 16.083382 1.868035 16.998854 15.130818 "" "" 1705.04236 1952.47583 6943.75197 2.7197 2167.1 6.1553 7028.0 12.123 "" "" 0.0027879441593701973 0.0041587544 0.004217972 0.008376727 232.90371364248 -55.37663820129 1813.29431 -5.93 -6.651999999999999
233.17164291288 -55.46180350065 0.0327 0.0327 14.5042 "" "" 5883824171533858304 1743.71521 0.5484 0.045 -2.742 -2.798 0.047 0.048 0.896 8893.5 4.192 16.089373 2.06502 17.139336 15.074316 "" "" 1627.71216 1854.49805 6905.53602 3.3568 1904.1 6.8898 7403.4 17.441 "" "" 0.0028054127021850186 0.0048186285 0.004563552 0.009382181 233.17164291288 -55.46180350065 1743.71521 -2.742000000000001 -2.7980000000000005
233.73961505889 -55.04488312995 0.0472 0.045 17.9787 "" "" 5885173272298027392 1832.39905 0.5015 0.0634 -4.803 -5.565 0.067 0.064 0.98 7185.5 2.2521 16.094896 3.433003 18.18971 14.756708 "" "" 1677.86731 2062.83276 6870.49581 4.4546 723.66 5.0202 9919.2 10.851 "" "" 0.0028438252603718807 0.008032197 0.0039616195 0.011993816 233.73961505889 -55.04488312995 1832.39905 -4.802999999999999 -5.565000000000001
233.37236259635 -55.2619920564 0.0338 0.0395 1.6537 "" "" 5883856435329802112 1881.96472 0.5023 0.0474 -2.911 -1.022 0.045 0.058 0.97 8078.9 4.2487 16.101574 1.710486 16.91505 15.204564 "" "" 1742.29041 2054.59839 6828.36824 3.6827 2341.0 8.1025 6566.5 17.409 "" "" 0.002816855259624157 0.004680454 0.004750727 0.0094311815 233.37236259635 -55.2619920564 1881.96472 -2.911 -1.0219999999999998
233.36397365425 -55.5030763731 0.036 0.0386 15.778 "" "" 5883658763750652544 1837.00037 0.5155 0.0471 -4.245 -3.712 0.049 0.057 1.036 8573.5 4.0612 16.1021 2.197589 17.243816 15.046227 "" "" 1680.70532 2020.78577 6825.0592 3.7775 1729.4 7.672 7597.4 9.7521 "" "" 0.002820089313134071 0.0055663586 0.0040281536 0.009594512 233.36397365425 -55.5030763731 1837.00037 -4.245 -3.7119999999999997
233.00776571668 -55.41956554011 0.0304 0.0317 15.6826 "" "" 5883828191623279104 1948.75134 0.4851 0.0435 -7.645 -6.527 0.044 0.048 1.047 "" "" 16.10289 1.795587 16.974926 15.179338 "" "" 1809.13721 2181.38647 6820.10364 2.7763 2215.4 6.5443 6720.8 11.254 "" "" 0.002790543514311961 0.004251073 0.004193936 0.00844501 233.00776571668 -55.41956554011 1948.75134 -7.6450000000000005 -6.526999999999999
232.93239080592 -55.4290771414 0.0294 0.0295 17.9962 "" "" 5883827951105437440 2120.66333 0.4498 0.0426 -2.513 -3.846 0.045 0.05 1.013 "" "" 16.108713 2.0997 17.184721 15.085021 "" "" 1970.20862 2301.62134 6783.6165 2.7625 1826.1 5.4406 7330.8 6.8292 "" "" 0.0027905702186259524 0.004271877 0.003912384 0.008184262 232.93239080592 -55.4290771414 2120.66333 -2.513 -3.8460000000000005
233.43561149768 -55.13844713981 0.0465 0.0428 6.9014 "" "" 5883859527705721728 2272.69702 0.4182 0.0621 -3.923 -3.003 0.062 0.06 1.516 "" "" 16.11387 1.908659 17.03381 15.125151 "" "" 2004.00317 2620.88623 6751.47333 8.2044 2098.4 7.1848 7064.8 9.9872 "" "" 0.00305492627431353 0.0046481006 0.0040791566 0.008727257 233.43561149768 -55.13844713981 2272.69702 -3.9230000000000005 -3.003
233.6755483071 -55.09383142868 0.0335 0.0288 14.4137 "" "" 5885172688182460160 2456.72778 0.3903 0.0432 -2.453 -3.789 0.048 0.04 0.956 6997.6 2.6567 16.114317 2.196606 17.215572 15.018967 "" "" 2207.74146 2799.76758 6748.69873 3.8701 1775.0 9.3631 7790.6 18.482 "" "" 0.0028247922272032254 0.006370743 0.004573639 0.010944381 233.6755483071 -55.09383142868 2456.72778 -2.452999999999999 -3.7889999999999993
233.02935352128 -55.4011613513 0.03 0.033 14.3942 "" "" 5883828221672513536 1903.67444 0.5066 0.0447 -3.797 -3.714 0.043 0.049 1.01 "" "" 16.114597 2.055784 17.146906 15.091122 "" "" 1719.76941 2058.83154 6746.9533 3.4265 1890.8 6.9857 7289.7 9.7208 "" "" 0.002809952341491739 0.0048862905 0.0040472127 0.008933503 233.02935352128 -55.4011613513 1903.67444 -3.7969999999999997 -3.7139999999999995
233.13919377951 -55.33567442809 0.0333 0.0345 8.9913 "" "" 5883852312160502784 2229.80835 0.4279 0.0453 -3.446 -3.67 0.045 0.051 1.02 "" "" 16.118305 1.877991 17.03752 15.159529 "" "" 2053.43604 2540.57959 6723.95203 3.0189 2091.3 8.7181 6844.6 11.896 "" "" 0.0027981095351863328 0.0053170635 0.004224285 0.009541349 233.13919377951 -55.33567442809 2229.80835 -3.4459999999999997 -3.669999999999999
233.43674690737 -54.93517618835 0.0301 0.0282 18.5981 "" "" 5885365171443486720 2271.89722 0.4021 0.0435 -3.76 -4.038 0.044 0.042 1.009 "" "" 16.120697 2.466464 17.452667 14.986203 "" "" 2015.59924 2572.84863 6709.16178 3.3879 1426.8 7.3367 8029.3 10.57 "" "" 0.002809337740751919 0.0062413234 0.00404062 0.010281943 233.43674690737 -54.93517618835 2271.89722 -3.7599999999999993 -4.037999999999999
233.31754033026 -55.34329656706 0.0312 0.0314 6.2317 "" "" 5883849769539812224 2183.2981 0.4352 0.0413 -0.899 -2.763 0.043 0.043 0.978 6919.0 3.885 16.121391 2.052221 17.161127 15.108906 "" "" 2016.72351 2335.74194 6704.86719 3.1938 1866.2 7.8285 7171.3 8.8801 "" "" 0.0028034380155818454 0.005341245 0.0040113926 0.009352637 233.31754033026 -55.34329656706 2183.2981 -0.8989999999999999 -2.763
232.85175089771 -55.34097385852 0.0311 0.0296 17.8133 "" "" 5883840973446345728 1995.26379 0.4777 0.0436 0.099 -2.023 0.046 0.049 1.007 7257.2 3.3929 16.1216 1.492909 16.804165 15.311255 "" "" 1785.3894 2267.05786 6703.58944 2.6947 2592.7 8.8889 5951.9 11.091 "" "" 0.002789672332001915 0.0046520014 0.004286849 0.008938851 232.85175089771 -55.34097385852 1995.26379 0.09899999999999998 -2.0230000000000006
233.81614420144 -55.27529237449 0.0597 0.057 16.3364 "" "" 5883665876216594176 2491.54248 0.3582 0.0802 -3.637 -2.904 0.084 0.082 1.117 "" "" 16.124624 4.001501 18.696371 14.69487 "" "" 2103.70996 2969.98193 6684.93618 4.6627 453.8 5.7994 10501.0 11.496 "" "" 0.0028574960486797696 0.014153072 0.0039618844 0.018114956 233.81614420144 -55.27529237449 2491.54248 -3.637 -2.904
232.82662011951 -55.35904029171 0.0328 0.0291 18.9986 "" "" 5883840870367114496 2029.06848 0.4648 0.0445 -4.862 -3.996 0.046 0.046 0.968 9245.7 3.8085 16.127213 1.985058 17.120626 15.135569 "" "" 1844.19861 2217.78809 6669.01777 2.9787 1937.2 6.0014 6997.3 11.088 "" "" 0.002797670009108171 0.004370212 0.0041525587 0.008522771 232.82662011951 -55.35904029171 2029.06848 -4.861999999999999 -3.9959999999999996
233.65327936955 -55.02865665783 0.0298 0.0289 16.588 "" "" 5885360945195573376 1815.77051 0.5224 0.0412 -7.613 -3.236 0.042 0.042 0.945 7029.4 3.6642 16.128508 1.796709 17.001461 15.204752 "" "" 1697.49133 1965.90454 6661.06337 2.6212 2161.9 10.893 6565.3 8.6792 "" "" 0.0027882487331066922 0.0061410656 0.0040427563 0.010183822 233.65327936955 -55.02865665783 1815.77051 -7.613000000000001 -3.236
233.39211968894 -55.16621477535 0.0316 0.0334 4.7664 "" "" 5883857912797996544 1912.77893 0.4932 0.0433 -6.119 -4.748 0.042 0.046 0.995 7937.8 4.1688 16.135626 1.764008 16.983175 15.219168 "" "" 1759.44373 2085.61694 6617.53834 2.9214 2198.6 10.188 6478.7 9.7997 "" "" 0.0027966998424736565 0.0057530412 0.004120781 0.009873822 233.39211968894 -55.16621477535 1912.77893 -6.118999999999999 -4.748
233.56112461077 -55.30003733619 0.033 0.0378 8.2914 "" "" 5883667937800924032 2390.50464 0.3639 0.0462 -3.961 -4.477 0.046 0.051 0.989 "" "" 16.137281 3.411217 18.214935 14.803719 "" "" 2178.80103 2647.78809 6607.45989 4.4741 707.04 10.03 9498.8 13.578 "" "" 0.0028517158800941533 0.015652834 0.0040856367 0.01973847 233.56112461077 -55.30003733619 2390.50464 -3.960999999999999 -4.477
233.52419798648 -55.51547158614 0.0416 0.0383 17.6307 "" "" 5883657217562370304 1958.2229 0.4827 0.0526 1.813 0.145 0.059 0.053 1.206 9794.5 4.0145 16.137833 2.301557 17.3357 15.034142 "" "" 1787.01855 2152.86353 6604.10503 5.117 1589.0 6.535 7682.5 9.7162 "" "" 0.0028808841049107396 0.0052653137 0.004021103 0.009286417 233.52419798648 -55.51547158614 1958.2229 1.8130000000000002 0.14499999999999977
233.09138690514 -55.3176656931 0.041 0.0446 9.7484 "" "" 5883852587042179840 2110.84692 0.4376 0.0546 -8.272 -7.311 0.057 0.066 0.988 "" "" 16.139772 2.609091 17.578754 14.969664 "" "" 1874.41492 2430.479 6592.3157 3.7896 1270.3 11.696 8152.5 11.639 "" "" 0.002825125828941327 0.010378751 0.0040849014 0.014463652 233.09138690514 -55.3176656931 2110.84692 -8.272 -7.311
233.37847850887 -55.24666607452 0.1081 0.1156 1.2929 "" "" 5883856538412087680 2374.47192 0.4764 0.1505 -2.414 -4.062 0.141 0.144 4.232 "" "" 16.143684 1.692686 16.724411 15.031725 "" "" 1731.81897 3835.01538 6568.60719 5.1093 2790.3 14.569 7699.6 22.047 "" "" 0.0028818417001022782 0.0063183955 0.0048937653 0.011212161 233.37847850887 -55.24666607452 2374.47192 -2.4140000000000006 -4.062
233.54846756113 -55.05886190497 0.0318 0.0302 12.9845 "" "" 5885360635957927424 2025.58313 0.4623 0.0433 -5.268 -4.627 0.043 0.042 1.056 6735.3 3.8585 16.144375 1.815206 17.026035 15.21083 "" "" 1866.4563 2246.88403 6564.42645 3.0809 2113.5 8.6341 6528.7 11.896 "" "" 0.0028020443390564965 0.0052400758 0.0042658546 0.00950593 233.54846756113 -55.05886190497 2025.58313 -5.267999999999999 -4.627
233.26908911236 -54.94171237183 0.03 0.0282 18.0966 "" "" 5883876570136272512 1883.46667 0.5064 0.0419 -5.098 -1.655 0.042 0.04 1.005 8260.9 4.2113 16.149118 1.541214 16.856943 15.315729 "" "" 1722.50146 2065.68677 6535.81057 2.6982 2469.7 6.6042 5927.4 8.6494 "" "" 0.0027915403877958075 0.0040267264 0.004098028 0.008124754 233.26908911236 -54.94171237183 1883.46667 -5.098 -1.6549999999999998
233.40567516534 -55.41709097726 0.0338 0.0331 10.82 "" "" 5883661576938047872 1863.69922 0.5138 0.0447 0.155 -3.119 0.048 0.047 1.078 9219.9 3.8664 16.15053 2.011068 17.148554 15.137486 "" "" 1719.30432 2041.90479 6527.32366 3.1453 1888.0 8.9772 6985.0 23.175 "" "" 0.0028045510915693816 0.005868291 0.005221126 0.011089417 233.40567516534 -55.41709097726 1863.69922 0.15500000000000003 -3.119
233.49183178779 -54.93420219485 0.0299 0.0278 19.0757 "" "" 5885365515041231488 2134.49097 0.4345 0.0421 -4.309 -3.851 0.043 0.04 1.028 "" "" 16.15105 2.168432 17.270994 15.102562 "" "" 1951.91125 2337.74341 6524.18933 3.0913 1686.6 5.8865 7213.3 8.9713 "" "" 0.002802934710178487 0.0047057974 0.0040133735 0.0087191705 233.49183178779 -54.93420219485 2134.49097 -4.309 -3.8509999999999995
233.25051146051 -55.37254808765 0.033 0.0325 8.5264 "" "" 5883848395150269056 1867.01807 0.508 0.0443 -1.941 -7.501 0.046 0.046 1.102 6673.6 3.8948 16.152935 1.951465 17.120508 15.169044 "" "" 1723.57544 2006.39709 6512.8753 3.7031 1937.4 6.9221 6784.9 10.136 "" "" 0.002823629753214001 0.004778419 0.0041127326 0.008891152 233.25051146051 -55.37254808765 1867.01807 -1.9410000000000005 -7.501000000000001
233.33915606734 -55.48138169375 0.0343 0.0362 14.4595 "" "" 5883659897622047104 1734.90112 0.5339 0.0476 -7.74 -5.744 0.052 0.056 0.876 15177.6 4.1506 16.154108 2.309416 17.319252 15.009836 "" "" 1605.47485 1860.46484 6505.84644 3.7649 1613.3 10.844 7856.4 50.348 "" "" 0.002826050739444846 0.007813103 0.007918154 0.015731256 233.33915606734 -55.48138169375 1734.90112 -7.740000000000001 -5.744000000000001
233.62619501839 -55.10536947968 0.0339 0.0304 12.6594 "" "" 5885172619463192064 1982.07532 0.4757 0.0469 -0.806 -0.282 0.049 0.043 0.987 "" "" 16.157814 2.080724 17.211723 15.131 "" "" 1812.50598 2185.55981 6483.67725 2.8115 1781.3 6.6707 7026.8 10.565 "" "" 0.002795254315266499 0.0049312003 0.004116865 0.009048065 233.62619501839 -55.10536947968 1982.07532 -0.8059999999999998 -0.28199999999999986
233.34747309243 -54.9544496784 0.0322 0.0293 17.1578 "" "" 5883864814791549696 2248.77319 0.4115 0.0444 -3.659 -2.318 0.046 0.042 1.063 8736.4 3.5326 16.159132 2.357796 17.366861 15.009066 "" "" 2027.28711 2517.88989 6475.80717 4.589 1544.1 7.4498 7862.0 20.407 "" "" 0.002860726414241904 0.005935085 0.004714438 0.010649523 233.34747309243 -54.9544496784 2248.77319 -3.6590000000000003 -2.3180000000000005
233.17253794692 -54.95709685784 0.0352 0.0336 17.9695 "" "" 5883877051172627200 2220.49609 0.4163 0.0482 -1.938 -2.075 0.049 0.048 0.971 6343.6 4.0305 16.163073 2.118135 17.252337 15.134202 "" "" 2021.58899 2435.91382 6452.34959 2.8164 1715.9 11.021 7006.1 11.854 "" "" 0.0027957798787354997 0.007511013 0.0042021843 0.011713197 233.17253794692 -54.95709685784 2220.49609 -1.938 -2.075
233.53237008946 -55.09358015086 0.0306 0.0304 10.9555 "" "" 5883859287187575680 2047.3562 0.4558 0.043 -3.405 -3.545 0.042 0.042 0.949 7244.9 3.6496 16.166279 1.938669 17.12699 15.18832 "" "" 1890.5448 2265.6604 6433.31605 2.6317 1925.8 7.4573 6665.5 16.028 "" "" 0.0027908878747080605 0.0050459164 0.004593465 0.009639381 233.53237008946 -55.09358015086 2047.3562 -3.4050000000000002 -3.5450000000000004
233.01032920627 -55.19858934674 0.0321 0.0346 11.6361 "" "" 5883865746818435840 1999.2168 0.4836 0.0437 -2.753 -1.591 0.046 0.051 0.964 7968.8 4.1426 16.169712 1.593522 16.899775 15.306252 "" "" 1846.27332 2182.59717 6413.01036 3.1009 2374.1 8.2823 5979.4 10.844 "" "" 0.0028048890741149608 0.0047044405 0.004261558 0.008965999 233.01032920627 -55.19858934674 1999.2168 -2.7530000000000006 -1.5909999999999997
233.32681911532 -55.37792593182 0.0319 0.0319 8.2687 "" "" 5883849563381358208 1711.87341 0.5559 0.0425 -0.539 -1.591 0.044 0.045 0.976 7043.5 3.8342 16.171944 1.902832 17.115253 15.212421 "" "" 1594.9762 1850.45007 6399.84294 2.8402 1946.8 5.8905 6519.1 7.7304 "" "" 0.0027971343045245494 0.004310134 0.003992658 0.008302792 233.32681911532 -55.37792593182 1711.87341 -0.5390000000000001 -1.5910000000000002
233.62159078384 -55.49712830928 0.0356 0.0345 18.1096 "" "" 5883656873964978560 2416.0083 0.3837 0.0459 -4.315 -3.517 0.049 0.047 1.065 7984.2 2.6289 16.173374 2.346868 17.409447 15.062578 "" "" 2201.59741 2701.02246 6391.41825 2.9484 1484.7 9.842 7483.9 10.861 "" "" 0.002800472605871052 0.0077191982 0.004094688 0.011813886 233.62159078384 -55.49712830928 2416.0083 -4.315 -3.517
