Clusters/Lynga_4/Lynga_4_members.tsv
# %ECSV 1.0
# ---
# datatype:
# - name: RA_ICRS_1
#   unit: deg
#   datatype: float64
#   format: '{:15.11f}'
#   description: Right ascension (ICRS) at Ep=2016.0 (ra)
#   meta: !!omap
#   - {ucd: POS_EQ_RA_MAIN}
#   - {width: 15}
#   - {precision: '11'}
# - name: DE_ICRS_1
#   unit: deg
#   datatype: float64
#   format: '{:15.11f}'
#   description: Declination (ICRS) at Ep=2016.0 (dec)
#   meta: !!omap
#   - {ucd: POS_EQ_DEC_MAIN}
#   - {width: 15}
#   - {precision: '11'}
# - name: e_RA_ICRS
#   unit: mas
#   datatype: float64
#   format: '{:7.4f}'
#   description: Standard error of right ascension (ra_error)
#   meta: !!omap
#   - {ucd: ERROR}
#   - {width: 7}
#   - {precision: '4'}
# - name: e_DE_ICRS
#   unit: mas
#   datatype: float64
#   format: '{:7.4f}'
#   description: Standard error of declination (dec_error)
#   meta: !!omap
#   - {ucd: ERROR}
#   - {width: 7}
#   - {precision: '4'}
# - name: _r_1
#   unit: ''
#   datatype: float64
#   format: '{:7.4f}'
#   description: Distance from center (233.34231404000-55.24039707000)[ICRS], at Epoch=J2016.0
#   meta: !!omap
#   - {ucd: POS_ANG_DIST_GENERAL}
#   - {width: 7}
#   - {precision: '4'}
# - name: HIP
#   datatype: int32
#   description: '? HIP cross-id number, van Leeuwen, Cat. I/311 (hip_original_ext_source_id)'
#   meta: !!omap
#   - {ucd: ID_NUMBER}
#   - {width: 6}
#   - values: {'null': -2147483648}
# - name: TYC2
#   datatype: string
#   description: Tycho-2 cross-id name, Hog et al., Cat. I/259 (tyc2_original_ext_source_id)
#   meta: !!omap
#   - {ucd: ID_CROSSID}
#   - {_votable_string_dtype: char}
# - name: Source
#   datatype: int64
#   description: Source identifier, identical to the Gaia-EDR3 source_id (id)
#   meta: !!omap
#   - {ucd: ID_MAIN}
#   - {width: 19}
# - name: rgeo
#   unit: pc
#   datatype: float64
#   format: '{:15.8f}'
#   description: '? Median of the geometric distance posterior (r_med_geo)'
#   meta: !!omap
#   - {ucd: PHYS_DISTANCE_TRUE}
#   - {width: 15}
#   - {precision: '8'}
#   - values: {'null': .nan}
# - name: Plx
#   unit: mas
#   datatype: float64
#   format: '{:9.4f}'
#   description: '? Parallax (parallax)'
#   meta: !!omap
#   - {ucd: POS_PARLX_TRIG}
#   - {width: 9}
#   - {precision: '4'}
#   - values: {'null': .nan}
# - name: e_Plx
#   unit: mas
#   datatype: float32
#   format: '{:7.4f}'
#   description: '? Standard error of parallax (parallax_error)'
#   meta: !!omap
#   - {ucd: ERROR}
#   - {width: 7}
#   - {precision: '4'}
#   - values: {'null': .nan}
# - name: pmRA
#   unit: mas / yr
#   datatype: float64
#   format: '{:9.3f}'
#   description: '? Proper motion in right ascension direction, pmRA*cosDE (pmra)'
#   meta: !!omap
#   - {ucd: POS_EQ_PMRA}
#   - {width: 9}
#   - {precision: '3'}
#   - values: {'null': .nan}
# - name: pmDE
#   unit: mas / yr
#   datatype: float64
#   format: '{:9.3f}'
#   description: '? Proper motion in declination direction (pmdec)'
#   meta: !!omap
#   - {ucd: POS_EQ_PMDEC}
#   - {width: 9}
#   - {precision: '3'}
#   - values: {'null': .nan}
# - name: e_pmRA
#   unit: mas / yr
#   datatype: float32
#   format: '{:6.3f}'
#   description: '? Standard error of proper motion in right ascension direction (pmra_error)'
#   meta: !!omap
#   - {ucd: ERROR}
#   - {width: 6}
#   - {precision: '3'}
#   - values: {'null': .nan}
# - name: e_pmDE
[...]
#       distance: !astropy.table.SerializedColumn
#         __class__: astropy.coordinates.distances.Distance
#         unit: !astropy.units.Unit {unit: pc}
#         value: !astropy.table.SerializedColumn {name: SkyCoord.distance}
#       frame: icrs
#       obstime: !astropy.time.Time {format: jyear_str, in_subfmt: '*', jd1: 367701545.0, jd2: 0.0, out_subfmt: '*', precision: 3, scale: tt}
#       pm_dec: !astropy.table.SerializedColumn
#         __class__: astropy.units.quantity.Quantity
#         unit: !astropy.units.Unit {unit: mas / yr}
#         value: !astropy.table.SerializedColumn {name: SkyCoord.pm_dec}
#       pm_ra_cosdec: !astropy.table.SerializedColumn
#         __class__: astropy.units.quantity.Quantity
#         unit: !astropy.units.Unit {unit: mas / yr}
#         value: !astropy.table.SerializedColumn {name: SkyCoord.pm_ra_cosdec}
#       ra: !astropy.table.SerializedColumn
#         __class__: astropy.coordinates.angles.Longitude
#         unit: *id001
#         value: !astropy.table.SerializedColumn {name: SkyCoord.ra}
#         wrap_angle: !astropy.coordinates.Angle
#           unit: *id001
#           value: 360.0
#       representation_type: spherical
# schema: astropy-2.0
RA_ICRS_1 DE_ICRS_1 e_RA_ICRS e_DE_ICRS _r_1 HIP TYC2 Source rgeo Plx e_Plx pmRA pmDE e_pmRA e_pmDE RUWE Teff logg Gmag BP-RP BPmag RPmag RV e_RV b_rgeo B_rgeo FG e_FG FBP e_FBP FRP e_FRP RAVE5 RAVE6 e_Gmag e_BPmag e_RPmag e_BP-RP SkyCoord.ra SkyCoord.dec SkyCoord.distance SkyCoord.pm_ra_cosdec SkyCoord.pm_dec rmRA rmDE e_rmRA e_rmDE rRV e_rRV v_pec v_pec3d e_vpec e_vpec3d Pmemb
233.32398567021 -55.23445788323 0.0108 0.0109 0.7212 "" "" 5883851453167109632 2268.42773 0.3872 0.0147 -4.085 -2.857 0.014 0.016 0.993 "" "" 13.184255 2.870175 14.831277 11.961102 -46.15 0.41 2214.01465 2348.2478 100287.09781 34.454 15955.0 23.845 130230.0 49.845 "" "" 0.002780454069147203 0.003227699 0.0038021598 0.007029859 233.32398567021 -55.23445788323 2268.42773 -4.085000000000001 -2.8570000000000015 -0.06575008392333981 0.20587503242492655 0.09265152 0.09465153 -45.91833333333334 5.2266665 2.3237910628309058 45.977095830585085 0.21952434332320786 5.219998134047567 0.8
233.39598504928 -55.21342699267 0.0107 0.011 2.4478 "" "" 5883856675847342720 2212.4978 0.3967 0.0149 -4.018 -3.051 0.014 0.016 1.002 4570.5 1.6996 13.289219 2.891294 14.951297 12.060002 -52.2 0.91 2130.11597 2296.62695 91045.63718 38.768 14286.0 18.013 118890.0 63.765 "" "" 0.0027938369910529863 0.0031079217 0.00382398 0.006931902 233.39598504928 -55.21342699267 2212.4978 -4.017999999999999 -3.050999999999999 0.0012499160766603623 0.011875032424926601 0.09265152 0.09465153 -51.96833333333334 5.7266665 0.1252242652335576 51.96848420495877 0.011849952424493848 5.726649825274847 1.0
233.31403351726 -55.23561511052 0.014 0.0138 1.0091 "" "" 5883851453167111936 2501.75171 0.3611 0.0188 -4.07 -2.948 0.018 0.019 0.991 "" "" 14.089738 2.068726 15.132375 13.063649 "" "" 2397.81543 2597.95605 43556.3585 12.75 12091.0 12.908 47174.0 19.044 "" "" 0.0027735896856993882 0.003021351 0.003804713 0.006826064 233.31403351726 -55.23561511052 2501.75171 -4.07 -2.948 -0.05075008392334013 0.1148750324249268 0.096651524 0.09765153 "" "" 1.489236886694556 "" 0.14518410307062765 "" 1.0
233.28533930653 -55.22916204558 0.0146 0.0166 2.0625 "" "" 5883851624965824128 2219.93726 0.4151 0.0208 -4.014 -3.059 0.02 0.023 0.998 "" "" 14.136953 2.14977 15.230734 13.080964 40.99 4.85 2133.15674 2325.01343 41702.80054 14.235 11044.0 14.341 46427.0 55.914 "" "" 0.00278013323471143 0.0031261423 0.0039991923 0.007125335 233.28533930653 -55.22916204558 2219.93726 -4.014 -3.059 0.005249916076659922 0.0038750324249265944 0.09865153 0.10165153 41.221666666666664 9.666666 0.0686608374372006 41.221723849062585 0.006846848102187376 9.66665262138037 0.9
233.35480083899 -55.23241957229 0.0175 0.0159 0.6416 "" "" 5883857294322620160 2178.24805 0.4126 0.0228 -4.077 -3.131 0.024 0.022 1.144 "" "" 14.306446 2.014226 15.261602 13.247376 55.99 9.15 2073.31885 2283.9209 35675.3652 14.613 10734.0 82.303 39830.0 473.01 "" "" 0.0027909806696844895 0.008780023 0.013436384 0.022216406 233.35480083899 -55.23241957229 2178.24805 -4.077 -3.131 -0.0577500839233398 -0.06812496757507303 0.10265152 0.100651525 56.221666666666664 13.966666 0.9221053012335172 56.22922799545038 0.09358685174396895 13.964788162519334 0.8
233.36152713918 -55.21352645134 0.0155 0.016 1.7411 "" "" 5883857397401862656 2428.4751 0.3723 0.0217 -4.032 -3.16 0.02 0.022 1.052 "" "" 14.425196 1.889914 15.347972 13.458058 "" "" 2294.88965 2594.66309 31979.26414 11.057 9913.5 15.694 32805.0 21.277 "" "" 0.0027807757620866946 0.003277102 0.0038444274 0.0071215294 233.36152713918 -55.21352645134 2428.4751 -4.031999999999999 -3.16 -0.012750083923339872 -0.09712496757507338 0.09865153 0.100651525 "" "" 1.1275949772730571 "" 0.11345632174901693 "" 1.0
233.37111861104 -55.22766599938 0.0176 0.017 1.2469 "" "" 5883857294322621440 2305.28149 0.3913 0.0236 -4.128 -3.042 0.023 0.024 0.987 "" "" 14.647361 1.891871 15.571311 13.679441 "" "" 2176.90942 2409.25903 26061.6758 7.8028 8070.4 14.556 26754.0 23.935 "" "" 0.002774429266962843 0.0034087896 0.003902207 0.0073109968 233.37111861104 -55.22766599938 2305.28149 -4.128 -3.0420000000000007 -0.10875008392333996 0.020875032424926943 0.10165153 0.10265152 "" "" 1.2100104433130159 "" 0.12304261305193048 "" 0.9
233.36123310553 -55.2375980545 0.0172 0.017 0.6686 "" "" 5883857294322611456 2470.27783 0.3612 0.023 -4.035 -3.17 0.023 0.024 1.002 "" "" 14.652162 2.040996 15.676408 13.635412 "" "" 2346.25903 2605.04053 25946.70405 8.0696 7325.8 12.941 27861.0 18.995 "" "" 0.0027759343094909015 0.0033857904 0.0038511904 0.007236981 233.36123310553 -55.2375980545 2470.27783 -4.035 -3.169999999999999 -0.015750083923339986 -0.10712496757507317 0.10165153 0.10265152 "" "" 1.2678234611483272 "" 0.13011730947336395 "" 1.0
233.28419678641 -55.24971254892 0.0184 0.0185 2.0649 "" "" 5883851521886580096 2296.92334 0.3933 0.0254 -4.08 -3.058 0.024 0.025 0.963 "" "" 14.798717 2.10447 15.868296 13.763825 -8.71 9.66 2147.48022 2454.81226 22670.45496 8.0901 6139.0 11.458 24753.0 13.782 "" "" 0.0027824285250731954 0.0034484111 0.0038274233 0.0072758347 233.28419678641 -55.24971254892 2296.92334 -4.08 -3.057999999999997 -0.060750083923339915 0.004875032424926928 0.10265152 0.10365152 -8.478333333333337 14.476666 0.6635376808144766 8.50425883689883 0.06811741870546664 14.43253485094896 1.0
233.29896240856 -55.25726061676 0.0193 0.0194 1.795 "" "" 5883851315728131840 2252.92505 0.4061 0.0259 -4.014 -3.085 0.025 0.027 0.965 "" "" 14.92949 2.108583 16.001673 13.893089 "" "" 2113.09399 2379.97144 20097.89622 7.9056 5429.3 9.7915 21975.0 13.393 "" "" 0.002788222759149999 0.0034086818 0.0038368735 0.0072455555 233.29896240856 -55.25726061676 2252.92505 -4.014000000000001 -3.084999999999999 0.005249916076659922 -0.022124967575073207 0.10365152 0.10565153 "" "" 0.2428299193678421 "" 0.025629697025230016 "" 1.0
233.38658175409 -55.19787563222 0.0189 0.0193 2.9673 "" "" 5883857431761613696 2165.48242 0.4235 0.0261 -3.904 -3.023 0.025 0.027 1.009 "" "" 14.989941 1.990281 15.980949 13.990668 "" "" 2037.95398 2275.07275 19009.48745 6.0241 5534.0 11.62 20086.0 10.724 "" "" 0.002776719856865599 0.0036031106 0.0038235788 0.0074266894 233.38658175409 -55.19787563222 2165.48242 -3.9039999999999995 -3.0230000000000015 0.11524991607666024 0.039875032424926626 0.10365152 0.10565153 "" "" 1.2517738905454818 "" 0.130018225962995 "" 0.9
233.31902217641 -55.25189371444 0.0204 0.0205 1.0538 "" "" 5883851418807346304 2382.45972 0.3811 0.028 -3.983 -3.05 0.027 0.029 1.001 "" "" 15.064548 2.05191 16.093822 14.041912 "" "" 2247.83887 2475.94067 17747.10908 6.5509 4987.6 11.625 19160.0 18.598 "" "" 0.0027843146015667573 0.0037668352 0.003923571 0.0076904064 233.31902217641 -55.25189371444 2382.45972 -3.9829999999999997 -3.0500000000000007 0.03624991607666006 0.012875032424926935 0.10565153 0.107651524 "" "" 0.4344189651548477 "" 0.045995168689492785 "" 1.0
233.31779147127 -55.23763268742 0.0224 0.0225 0.8551 "" "" 5883851453167107200 2511.09229 0.3553 0.0306 -4.073 -3.077 0.029 0.03 1.019 "" "" 15.301374 1.930727 16.251131 14.320404 "" "" 2334.63452 2726.37012 14269.122 5.4181 4314.8 10.603 14825.0 14.856 "" "" 0.002785991735929866 0.0038605037 0.0039328723 0.007793376 233.31779147127 -55.23763268742 2511.09229 -4.073 -3.077 -0.05375008392334024 -0.0141249675750732 0.107651524 0.108651526 "" "" 0.6614863423362721 "" 0.0712529289541121 "" 1.0
233.33564844331 -55.22241627417 0.0228 0.0232 1.1027 "" "" 5883857328682384000 2193.73999 0.4228 0.0312 -3.978 -3.098 0.03 0.032 1.045 8980.1 3.442 15.379918 1.943363 16.337904 14.394541 "" "" 2054.0459 2377.09497 13273.31664 4.8472 3983.4 8.5086 13847.0 13.455 "" "" 0.002783701903237809 0.0036281534 0.0039238697 0.007552023 233.33564844331 -55.22241627417 2193.73999 -3.9779999999999998 -3.097999999999998 0.041249916076659954 -0.03512496757507311 0.108651526 0.11065152 "" "" 0.563366658856235 "" 0.061686738514150796 "" 0.9
233.45232857167 -55.22143062582 0.0247 0.0243 3.9325 "" "" 5883856778926521984 2219.7522 0.4144 0.0322 -4.029 -3.137 0.032 0.034 1.023 "" "" 15.447071 1.883807 16.361391 14.477584 "" "" 2063.39819 2395.51514 12477.2358 4.466 3898.2 8.6709 12827.0 12.917 "" "" 0.0027825913407994434 0.0036901855 0.003934355 0.0076245405 233.45232857167 -55.22143062582 2219.7522 -4.028999999999997 -3.1369999999999996 -0.009750083923339758 -0.07412496757507325 0.11065152 0.11265153 "" "" 0.7866331220567219 "" 0.08858889866251424 "" 1.0
233.41092507357 -55.27544174749 0.0247 0.0241 3.1504 "" "" 5883856229170663296 2261.33789 0.3955 0.0331 -3.788 -3.06 0.033 0.034 1.003 7941.0 3.5195 15.467304 2.848672 17.096743 14.248071 8.69 3.92 2087.97729 2480.30151 12246.86835 5.0637 1980.2 6.3795 15846.0 15.786 "" "" 0.0027916512981914785 0.0044743763 0.0039311117 0.008405488 233.41092507357 -55.27544174749 2261.33789 -3.7879999999999976 -3.0599999999999987 0.23124991607666034 0.0028750324249267045 0.111651525 0.11265153 8.921666666666663 8.736667 2.478899653406305 9.259647920022065 0.2767733111982333 8.418100566264519 0.8
