Clusters/Lynga_4/Lynga_4_stars_in_region.tsv
# %ECSV 1.0
# ---
# datatype:
# - name: RA_ICRS_1
#   unit: deg
#   datatype: float64
#   format: '{:15.11f}'
#   description: Right ascension (ICRS) at Ep=2016.0 (ra)
#   meta: !!omap
#   - {ucd: POS_EQ_RA_MAIN}
#   - {width: 15}
#   - {precision: '11'}
# - name: DE_ICRS_1
#   unit: deg
#   datatype: float64
#   format: '{:15.11f}'
#   description: Declination (ICRS) at Ep=2016.0 (dec)
#   meta: !!omap
#   - {ucd: POS_EQ_DEC_MAIN}
#   - {width: 15}
#   - {precision: '11'}
# - name: e_RA_ICRS
#   unit: mas
#   datatype: float64
#   format: '{:7.4f}'
#   description: Standard error of right ascension (ra_error)
#   meta: !!omap
#   - {ucd: ERROR}
#   - {width: 7}
#   - {precision: '4'}
# - name: e_DE_ICRS
#   unit: mas
#   datatype: float64
#   format: '{:7.4f}'
#   description: Standard error of declination (dec_error)
#   meta: !!omap
#   - {ucd: ERROR}
#   - {width: 7}
#   - {precision: '4'}
# - name: _r_1
#   unit: ''
#   datatype: float64
#   format: '{:7.4f}'
#   description: Distance from center (233.34231404000-55.24039707000)[ICRS], at Epoch=J2016.0
#   meta: !!omap
#   - {ucd: POS_ANG_DIST_GENERAL}
#   - {width: 7}
#   - {precision: '4'}
# - name: HIP
#   datatype: int32
#   description: '? HIP cross-id number, van Leeuwen, Cat. I/311 (hip_original_ext_source_id)'
#   meta: !!omap
#   - {ucd: ID_NUMBER}
#   - {width: 6}
#   - values: {'null': -2147483648}
# - name: TYC2
#   datatype: string
#   description: Tycho-2 cross-id name, Hog et al., Cat. I/259 (tyc2_original_ext_source_id)
#   meta: !!omap
#   - {ucd: ID_CROSSID}
#   - {_votable_string_dtype: char}
# - name: Source
#   datatype: int64
#   description: Source identifier, identical to the Gaia-EDR3 source_id (id)
#   meta: !!omap
#   - {ucd: ID_MAIN}
#   - {width: 19}
# - name: rgeo
#   unit: pc
#   datatype: float64
#   format: '{:15.8f}'
#   description: '? Median of the geometric distance posterior (r_med_geo)'
#   meta: !!omap
#   - {ucd: PHYS_DISTANCE_TRUE}
#   - {width: 15}
#   - {precision: '8'}
#   - values: {'null': .nan}
# - name: Plx
#   unit: mas
#   datatype: float64
#   format: '{:9.4f}'
#   description: '? Parallax (parallax)'
#   meta: !!omap
#   - {ucd: POS_PARLX_TRIG}
#   - {width: 9}
#   - {precision: '4'}
#   - values: {'null': .nan}
# - name: e_Plx
#   unit: mas
#   datatype: float32
#   format: '{:7.4f}'
#   description: '? Standard error of parallax (parallax_error)'
#   meta: !!omap
#   - {ucd: ERROR}
#   - {width: 7}
#   - {precision: '4'}
#   - values: {'null': .nan}
# - name: pmRA
#   unit: mas / yr
#   datatype: float64
#   format: '{:9.3f}'
#   description: '? Proper motion in right ascension direction, pmRA*cosDE (pmra)'
#   meta: !!omap
#   - {ucd: POS_EQ_PMRA}
#   - {width: 9}
#   - {precision: '3'}
#   - values: {'null': .nan}
# - name: pmDE
#   unit: mas / yr
#   datatype: float64
#   format: '{:9.3f}'
#   description: '? Proper motion in declination direction (pmdec)'
#   meta: !!omap
#   - {ucd: POS_EQ_PMDEC}
#   - {width: 9}
#   - {precision: '3'}
#   - values: {'null': .nan}
# - name: e_pmRA
#   unit: mas / yr
#   datatype: float32
#   format: '{:6.3f}'
#   description: '? Standard error of proper motion in right ascension direction (pmra_error)'
#   meta: !!omap
#   - {ucd: ERROR}
#   - {width: 6}
#   - {precision: '3'}
#   - values: {'null': .nan}
# - name: e_pmDE
[...]
#         unit: &id001 !astropy.units.Unit {unit: deg}
#         value: !astropy.table.SerializedColumn {name: SkyCoord.dec}
#       distance: !astropy.table.SerializedColumn
#         __class__: astropy.coordinates.distances.Distance
#         unit: !astropy.units.Unit {unit: pc}
#         value: !astropy.table.SerializedColumn {name: SkyCoord.distance}
#       frame: icrs
#       obstime: !astropy.time.Time {format: jyear_str, in_subfmt: '*', jd1: 367701545.0, jd2: 0.0, out_subfmt: '*', precision: 3, scale: tt}
#       pm_dec: !astropy.table.SerializedColumn
#         __class__: astropy.units.quantity.Quantity
#         unit: !astropy.units.Unit {unit: mas / yr}
#         value: !astropy.table.SerializedColumn {name: SkyCoord.pm_dec}
#       pm_ra_cosdec: !astropy.table.SerializedColumn
#         __class__: astropy.units.quantity.Quantity
#         unit: !astropy.units.Unit {unit: mas / yr}
#         value: !astropy.table.SerializedColumn {name: SkyCoord.pm_ra_cosdec}
#       ra: !astropy.table.SerializedColumn
#         __class__: astropy.coordinates.angles.Longitude
#         unit: *id001
#         value: !astropy.table.SerializedColumn {name: SkyCoord.ra}
#         wrap_angle: !astropy.coordinates.Angle
#           unit: *id001
#           value: 360.0
#       representation_type: spherical
# schema: astropy-2.0
RA_ICRS_1 DE_ICRS_1 e_RA_ICRS e_DE_ICRS _r_1 HIP TYC2 Source rgeo Plx e_Plx pmRA pmDE e_pmRA e_pmDE RUWE Teff logg Gmag BP-RP BPmag RPmag RV e_RV b_rgeo B_rgeo FG e_FG FBP e_FBP FRP e_FRP RAVE5 RAVE6 e_Gmag e_BPmag e_RPmag e_BP-RP SkyCoord.ra SkyCoord.dec SkyCoord.distance SkyCoord.pm_ra_cosdec SkyCoord.pm_dec
[from data line 282]
232.96287663064 -55.1502209544 0.0412 0.0422 14.0759 "" "" 5883868255079413376 2012.2533 0.4706 0.0584 -4.594 -3.791 0.064 0.068 1.358 "" "" 15.696763 3.120333 17.30514 14.184807 -36.83 6.24 1811.88953 2208.34106 9913.83108 7.2438 1634.4 30.723 16797.0 86.78 "" "" 0.0028672545186318762 0.020599207 0.006763763 0.027362969 232.96287663064 -55.1502209544 2012.2533 -4.593999999999999 -3.7910000000000004
232.83863936096 -55.29483950442 0.0244 0.0249 17.525 "" "" 5883841660640757248 1896.11755 0.483 0.0348 -3.837 -2.004 0.035 0.039 0.912 7906.9 3.8759 15.698136 1.752112 16.538527 14.786414 "" "" 1787.92639 2042.20227 9901.29778 3.5597 3311.4 9.03 9651.4 9.025 "" "" 0.0027828324592997344 0.0040682964 0.003913374 0.007981671 232.83863936096 -55.29483950442 1896.11755 -3.8370000000000006 -2.0039999999999996
233.40547989045 -55.24356170581 0.0274 0.029 2.169 "" "" 5883856572768081152 2459.33032 0.3677 0.0385 -5.011 -5.235 0.036 0.04 1.017 "" "" 15.698182 2.649857 17.134714 14.484857 -43.26 6.25 2272.73022 2699.05176 9900.88478 6.0742 1912.2 7.1829 12741.0 9.9402 "" "" 0.002834691965896659 0.004941505 0.0038731438 0.008814649 233.40547989045 -55.24356170581 2459.33032 -5.011 -5.235
233.54660195043 -55.19994649646 0.0279 0.0242 7.4011 "" "" 5883670720939785600 1740.45984 0.5444 0.0363 -1.858 -2.921 0.04 0.034 0.96 9263.2 4.0424 15.702435 1.539174 16.408602 14.869428 "" "" 1637.98254 1838.80432 9862.1717 3.4094 3732.3 8.1099 8941.0 12.506 "" "" 0.00278076835808528 0.0036538795 0.004073084 0.0077269636 233.54660195043 -55.19994649646 1740.45984 -1.8579999999999999 -2.9209999999999994
233.08166991559 -54.9767919182 0.0261 0.0265 18.1708 "" "" 5883875676783103104 1708.83093 0.5438 0.0366 -3.531 -4.574 0.037 0.038 0.949 7979.1 4.1134 15.704535 1.457044 16.362518 14.905475 "" "" 1601.88245 1809.46204 9843.12665 3.5278 3894.1 10.775 8649.0 10.505 "" "" 0.0027826627339195054 0.004100061 0.0040028444 0.008102905 233.08166991559 -54.9767919182 1708.83093 -3.531 -4.574
233.67331679356 -55.44017089539 0.0266 0.0258 16.4693 "" "" 5883662955638710784 1742.56946 0.5367 0.0347 -4.541 -2.532 0.037 0.037 0.947 8524.1 3.52 15.705623 1.746896 16.539604 14.792708 "" "" 1659.04163 1850.30945 9833.26079 3.2555 3308.1 7.3473 9595.7 9.4951 "" "" 0.002778668251606795 0.0036878192 0.003929117 0.007616936 233.67331679356 -55.44017089539 1742.56946 -4.541 -2.532
233.4733918229 -55.1026844285 0.0259 0.0252 9.4047 "" "" 5883859630784967168 2079.04297 0.4198 0.0354 -5.702 -3.242 0.035 0.036 1.041 "" "" 15.709079 3.155875 17.58016 14.424285 -30.0 3.21 1940.40442 2213.24976 9802.01008 4.7801 1268.7 7.0462 13472.0 15.989 "" "" 0.002805732350801482 0.0066442797 0.0039930167 0.010637296 233.4733918229 -55.1026844285 2079.04297 -5.701999999999999 -3.242
233.39338533063 -55.16470908347 0.0353 0.0358 4.8663 "" "" 5883857912797998464 2272.43408 0.3788 0.0485 -7.891 -6.614 0.046 0.048 1.03 4639.6 2.4233 15.711677 3.852196 18.166836 14.31464 -83.99 4.14 2048.80298 2551.99121 9778.58857 5.312 739.06 6.1471 14904.0 16.998 "" "" 0.0028177394678002552 0.00945178 0.003977068 0.013428847 233.39338533063 -55.16470908347 2272.43408 -7.891000000000001 -6.614
233.43180178777 -55.19060247347 0.0258 0.0249 4.2789 "" "" 5883857083849705984 1709.52515 0.5603 0.0355 -4.458 2.324 0.033 0.034 0.964 6098.1 3.2218 15.713223 2.183196 16.829012 14.645816 "" "" 1594.66602 1837.19006 9764.67548 4.1405 2534.0 9.1199 10986.0 16.949 "" "" 0.002793517837314942 0.004801481 0.0041339486 0.008935429 233.43180178777 -55.19060247347 1709.52515 -4.458000000000001 2.3240000000000003
233.4478292371 -55.40242873657 0.0292 0.0279 10.3678 "" "" 5883660962773989120 2195.28931 0.4145 0.0385 -4.122 -3.75 0.039 0.039 0.958 15004.7 3.6297 15.72344 2.986855 17.459864 14.473009 -17.2 5.93 2018.7262 2374.69043 9673.20835 5.3304 1417.3 4.6484 12881.0 13.725 "" "" 0.002819528915225943 0.004523872 0.003952479 0.00847635 233.4478292371 -55.40242873657 2195.28931 -4.122 -3.7500000000000004
233.43739693352 -55.29592916323 0.0264 0.0277 4.6547 "" "" 5883668487556761472 1970.82715 0.459 0.0359 -5.77 -4.72 0.035 0.038 0.948 4906.5 2.8657 15.725829 2.669224 17.215267 14.546043 "" "" 1845.93933 2101.86987 9651.95248 4.8096 1775.5 8.3016 12043.0 11.728 "" "" 0.0028079349042109476 0.005792756 0.0039244983 0.009717254 233.43739693352 -55.29592916323 1970.82715 -5.769999999999998 -4.719999999999999
233.59892112612 -55.36900275441 0.0287 0.0289 11.6767 "" "" 5883664226949124480 2008.60547 0.4373 0.0369 -0.463 -6.695 0.04 0.04 1.001 7793.3 3.4677 15.733001 3.172248 17.596302 14.424054 -22.69 4.07 1859.26099 2168.9751 9588.40263 5.9375 1250.0 8.8171 13475.0 27.587 "" "" 0.002836162074608209 0.00815087 0.004384582 0.012535452 233.59892112612 -55.36900275441 2008.60547 -0.4630000000000005 -6.695000000000001
232.82608901569 -55.30751752257 0.0249 0.0255 18.0979 "" "" 5883841278373344384 1691.49097 0.5652 0.0373 -7.366 -3.725 0.037 0.042 0.887 10494.5 4.2754 15.743968 1.49376 16.30086 14.807099 "" "" 1598.95374 1825.04309 9492.03984 5.6468 4121.7 73.732 9469.3 126.83 "" "" 0.0028300141064489855 0.019621836 0.015025235 0.03464707 232.82608901569 -55.30751752257 1691.49097 -7.3660000000000005 -3.7250000000000005
233.20846979188 -55.34094571869 0.0262 0.0271 7.5701 "" "" 5883849219787794304 1895.21472 0.4865 0.0361 -4.466 -4.354 0.036 0.038 0.933 6333.6 3.978 15.744883 1.874727 16.666199 14.791472 "" "" 1765.72192 2076.9187 9484.04379 3.3587 2944.0 6.2489 9606.6 12.078 "" "" 0.0027820196761381387 0.0036188527 0.0040183454 0.007637198 233.20846979188 -55.34094571869 1895.21472 -4.466000000000001 -4.354
233.26847014225 -55.36070316021 0.0256 0.0253 7.6463 "" "" 5883848429510759808 2067.29346 0.4461 0.0352 -0.735 -0.585 0.037 0.038 0.976 "" "" 15.745726 1.590815 16.471907 14.881091 "" "" 1895.2395 2199.4873 9476.68541 3.6486 3520.9 8.293 8845.5 17.555 "" "" 0.002786849069528436 0.0037848186 0.004350494 0.008135313 233.26847014225 -55.36070316021 2067.29346 -0.735 -0.585
233.02618303362 -55.11361834318 0.0284 0.0275 13.2356 "" "" 5883867670963886848 2136.43579 0.412 0.0377 -2.193 -2.48 0.039 0.038 0.972 15004.3 3.6118 15.752143 3.229704 17.680866 14.451162 -19.71 38.3 1985.94128 2296.74072 9420.83744 4.6874 1156.3 7.8725 13143.0 12.227 "" "" 0.0028077788151574445 0.007901128 0.0039120275 0.011813156 233.02618303362 -55.11361834318 2136.43579 -2.193 -2.4800000000000004
232.87853088659 -55.18999686647 0.0272 0.0289 16.1606 "" "" 5883866296574307456 1912.23792 0.4833 0.0366 -4.635 -5.061 0.038 0.043 1.002 9101.2 3.4788 15.75523 2.084513 16.81097 14.726458 "" "" 1789.61548 2059.84888 9394.08841 3.5976 2576.5 9.5877 10199.0 12.62 "" "" 0.002786517090803578 0.0049100607 0.0040110624 0.008921123 232.87853088659 -55.18999686647 1912.23792 -4.635 -5.061
233.18035161344 -55.47957813067 0.0277 0.0282 15.3772 "" "" 5883823965375419136 2135.3291 0.4246 0.0386 -6.494 -2.672 0.04 0.041 0.983 5067.8 3.2679 15.75583 2.491298 17.113361 14.622064 "" "" 1985.37585 2278.91357 9388.90301 3.9863 1950.2 6.8438 11229.0 10.834 "" "" 0.0027936158250305375 0.004722533 0.003921871 0.008644404 233.18035161344 -55.47957813067 2135.3291 -6.494 -2.6720000000000006
233.27182039938 -54.9353566997 0.0257 0.0246 18.4618 "" "" 5883876570136280320 2271.36377 0.38 0.0362 -4.116 -4.507 0.036 0.034 1.013 "" "" 15.759667 2.868603 17.407211 14.538609 -41.92 3.66 2115.72632 2478.1167 9355.772 4.3022 1487.8 10.431 12126.0 11.156 "" "" 0.0028001892224051006 0.008107369 0.0039091557 0.012016525 233.27182039938 -54.9353566997 2271.36377 -4.116 -4.507
233.14817168572 -54.97455004985 0.0275 0.0269 17.2867 "" "" 5883875539344122240 1998.95483 0.4788 0.038 -2.894 -5.004 0.039 0.039 0.976 7947.8 4.0947 15.759808 1.415968 16.397678 14.98171 "" "" 1837.39331 2142.23608 9354.56434 3.4997 3770.0 10.68 8062.6 9.9226 "" "" 0.002785099905731747 0.004152761 0.0040086387 0.0081613995 233.14817168572 -54.97455004985 1998.95483 -2.8940000000000006 -5.004
233.06451989455 -55.34040488113 0.0277 0.0293 11.2286 "" "" 5883852174721566592 2188.19043 0.4259 0.0397 -5.777 -2.227 0.04 0.044 0.961 7927.3 3.9677 15.763962 1.932702 16.724827 14.792125 "" "" 2025.27905 2371.10815 9318.8403 3.626 2789.2 8.8759 9600.8 11.383 "" "" 0.0027875196239244616 0.00444101 0.0039925957 0.008433606 233.06451989455 -55.34040488113 2188.19043 -5.776999999999999 -2.2270000000000008
233.44672194042 -55.03199999915 0.0263 0.0236 13.0065 "" "" 5883863444716023552 1746.68994 0.538 0.0364 -2.988 -1.95 0.037 0.032 0.998 "" "" 15.769068 1.918929 16.716442 14.797513 "" "" 1644.2301 1861.1908 9275.11942 5.2103 2810.9 11.177 9553.3 16.334 "" "" 0.0028220174752240177 0.005140373 0.0042106793 0.009351052 233.44672194042 -55.03199999915 1746.68994 -2.9880000000000004 -1.9500000000000002
233.32167234446 -55.23658018608 0.0283 0.028 0.7424 "" "" 5883851453167107072 1926.76013 0.4821 0.0381 -1.316 -0.699 0.036 0.038 1.001 8405.3 3.1573 15.772319 1.73228 16.591778 14.859498 "" "" 1817.30603 2085.28198 9247.39423 4.2755 3152.9 12.036 9023.2 12.909 "" "" 0.0028006748436993647 0.0049963826 0.0040861326 0.009082515 233.32167234446 -55.23658018608 1926.76013 -1.3159999999999998 -0.6989999999999998
233.05752935369 -55.07332279409 0.0273 0.0276 13.9926 "" "" 5883868216405261184 1808.7334 0.5153 0.0378 -5.32 -5.319 0.038 0.038 1.006 8113.6 3.9217 15.778523 1.844941 16.668118 14.823176 "" "" 1684.40833 1911.82861 9194.69526 3.8025 2938.8 8.8461 9330.1 19.262 "" "" 0.00279166609019724 0.0042972146 0.004394094 0.008691309 233.05752935369 -55.07332279409 1808.7334 -5.320000000000001 -5.319000000000001
232.93597719519 -55.43108721375 0.0294 0.0283 17.9774 "" "" 5883827951105436160 2428.95703 0.3636 0.0412 -2.372 -2.595 0.044 0.048 1.072 7804.3 3.4685 15.791317 2.033529 16.806955 14.773426 "" "" 2247.26978 2672.68433 9086.98745 6.1628 2586.0 11.071 9767.6 13.519 "" "" 0.0028520161422137076 0.0054213097 0.0040671765 0.009488486 232.93597719519 -55.43108721375 2428.95703 -2.372 -2.595
233.18972338095 -55.39541824811 0.028 0.0303 10.6609 "" "" 5883848635668433152 1953.44128 0.4744 0.0357 -1.208 -2.163 0.04 0.046 0.992 "" "" 15.792462 1.60449 16.533422 14.928932 "" "" 1846.72266 2096.38257 9077.40698 3.489 3327.0 7.0969 8464.2 8.7449 "" "" 0.0027867437633396224 0.0036261475 0.0039423387 0.007568486 233.18972338095 -55.39541824811 1953.44128 -1.2079999999999997 -2.163
233.72045807194 -55.19342238352 0.0273 0.0255 13.2465 "" "" 5883670033744999936 1948.15125 0.4709 0.0366 -2.532 -1.765 0.037 0.036 0.987 "" "" 15.796776 2.028033 16.812931 14.784898 "" "" 1840.17725 2078.95435 9041.41909 3.4918 2571.8 10.454 9664.9 9.8412 "" "" 0.002787043556997559 0.005221381 0.0039377594 0.00915914 233.72045807194 -55.19342238352 1948.15125 -2.532 -1.7650000000000001
233.45202624651 -54.92866170234 0.1083 0.0956 19.0798 "" "" 5885365205803226496 2321.85474 0.4397 0.1492 -0.65 -3.822 0.158 0.136 1.285 3713.9 0.4105 15.796927 6.898578 20.99179 14.093213 "" "" 1826.3064 3317.88892 9040.15143 37.431 54.79 5.6043 18276.0 200.92 "" "" 0.005272712584268279 0.111091636 0.012520254 0.12361189 233.45202624651 -54.92866170234 2321.85474 -0.6499999999999999 -3.8220000000000005
233.47291313511 -54.99714524209 0.0455 0.0414 15.2676 "" "" 5885364690407097600 1917.37622 0.5004 0.0636 -8.771 -7.446 0.065 0.057 1.887 "" "" 15.799243 1.930825 16.735647 14.804822 "" "" 1682.86194 2202.90918 9020.89229 8.1812 2761.6 8.269 9489.2 17.73 "" "" 0.0029259817754866226 0.0042841597 0.0042894147 0.008573575 233.47291313511 -54.99714524209 1917.37622 -8.771 -7.446
233.34495544556 -55.38744165056 0.0274 0.0273 8.8231 "" "" 5883661924846694912 1919.87769 0.4829 0.0365 -5.114 -4.493 0.039 0.038 0.944 7807.3 3.4383 15.799736 1.78116 16.645788 14.864628 "" "" 1799.37537 2079.37354 9016.79508 3.8013 2999.9 6.3951 8980.6 32.885 "" "" 0.0027930809498642015 0.0036252101 0.005485449 0.009110659 233.34495544556 -55.38744165056 1919.87769 -5.114000000000001 -4.493
233.0317014614 -55.09884689406 0.029 0.029 13.6174 "" "" 5883868048921028096 1955.63464 0.4783 0.0379 -2.074 -6.63 0.04 0.039 1.002 7841.0 3.851 15.801626 1.839573 16.698961 14.859388 "" "" 1789.59509 2127.19409 9001.11175 3.6089 2856.5 11.545 9024.1 11.543 "" "" 0.002789496012320322 0.0052001094 0.0040264735 0.009226583 233.0317014614 -55.09884689406 1955.63464 -2.074 -6.63
233.55942107794 -55.01051876879 0.0267 0.0249 15.6753 "" "" 5885361598030620288 2157.44897 0.4232 0.0368 -1.767 -4.582 0.037 0.035 1.076 8205.7 3.5447 15.802866 1.643656 16.570957 14.927301 "" "" 1997.48694 2358.18066 8990.84461 3.4125 3213.9 6.7914 8476.9 12.021 "" "" 0.002785966798160463 0.0036123244 0.0040809694 0.0076932935 233.55942107794 -55.01051876879 2157.44897 -1.7670000000000003 -4.581999999999999
233.72240140648 -55.23542229719 0.029 0.0268 13.0063 "" "" 5883669827586546688 2205.30713 0.413 0.038 -1.282 -2.372 0.041 0.038 1.016 7998.7 2.6248 15.804985 2.484488 17.146692 14.662205 "" "" 2052.65918 2396.71606 8973.30857 4.1976 1891.2 9.2995 10821.0 11.376 "" "" 0.0028017396953796295 0.006023969 0.0039479835 0.009971952 233.72240140648 -55.23542229719 2205.30713 -1.282 -2.372
233.09905003672 -55.49640401086 0.027 0.0271 17.4569 "" "" 5883824446411757568 2367.23364 0.3726 0.0381 -5.78 -4.819 0.04 0.04 0.958 "" "" 15.806119 2.52554 17.185694 14.660153 "" "" 2222.03955 2620.82471 8963.94248 4.1831 1824.5 7.465 10842.0 15.504 "" "" 0.0028015177886083205 0.0052458835 0.004085864 0.009331748 233.09905003672 -55.49640401086 2367.23364 -5.78 -4.819000000000001
232.99545781435 -55.21581252229 0.0281 0.0298 11.9602 "" "" 5883865609379465856 1701.65112 0.5614 0.0378 -4.235 -4.985 0.039 0.045 1.047 9061.1 4.2816 15.807926 1.499471 16.490135 14.990664 "" "" 1588.65759 1802.83582 8949.03277 3.1298 3462.3 9.6142 7996.4 10.573 "" "" 0.0027813625371184286 0.004107878 0.0040428485 0.008150727 232.99545781435 -55.21581252229 1701.65112 -4.235 -4.985000000000001
233.62086005547 -55.43968577452 0.0305 0.0302 15.2746 "" "" 5883657870397446400 1834.2887 0.5114 0.0409 -1.981 -4.716 0.045 0.04 1.051 7671.3 3.5637 15.809135 2.017314 16.826239 14.808925 "" "" 1728.33447 1973.57422 8939.08458 3.9801 2540.5 7.2564 9453.4 11.378 "" "" 0.0027974068241936635 0.004171611 0.0039989245 0.008170536 233.62086005547 -55.43968577452 1834.2887 -1.9810000000000005 -4.716000000000001
233.44572228478 -54.93394794466 0.0257 0.0244 18.7267 "" "" 5885365167126119424 1945.58374 0.473 0.0365 3.257 4.106 0.037 0.035 1.022 7585.8 3.7499 15.81387 1.776394 16.671408 14.895014 "" "" 1819.10571 2077.43359 8900.17375 3.2837 2929.9 7.4049 8732.8 11.935 "" "" 0.0027842869390328046 0.003913414 0.004060243 0.007973657 233.44572228478 -54.93394794466 1945.58374 3.257 4.105999999999999
233.42498716115 -54.94952994106 0.036 0.0351 17.6813 "" "" 5885365068364264320 2452.70166 0.3945 0.0538 -4.93 -3.534 0.052 0.05 1.513 8392.9 3.8864 15.814137 2.107639 16.872723 14.765083 "" "" 2134.62671 3049.56665 8897.99284 6.7384 2434.0 11.513 9842.9 20.751 "" "" 0.0028753848840671 0.0058446177 0.004418497 0.010263115 233.42498716115 -54.94952994106 2452.70166 -4.93 -3.534
233.36307053351 -55.34587365317 0.0273 0.0289 6.3682 "" "" 5883849735180062208 2432.7937 0.3652 0.0375 -2.944 2.386 0.037 0.039 0.936 7805.8 3.4064 15.818177 2.723062 17.346527 14.623466 "" "" 2249.76172 2632.92017 8864.9406 4.2373 1573.3 7.2948 11214.0 14.342 "" "" 0.002803767748993477 0.0057556676 0.004026401 0.009782068 233.36307053351 -55.34587365317 2432.7937 -2.944 2.386
