Clusters/King_14/King_14_members.tsv
# %ECSV 1.0
# ---
# datatype:
# - name: RA_ICRS_1
#   unit: deg
#   datatype: float64
#   format: '{:15.11f}'
#   description: Right ascension (ICRS) at Ep=2016.0 (ra)
#   meta: !!omap
#   - {ucd: POS_EQ_RA_MAIN}
#   - {width: 15}
#   - {precision: '11'}
# - name: DE_ICRS_1
#   unit: deg
#   datatype: float64
#   format: '{:15.11f}'
#   description: Declination (ICRS) at Ep=2016.0 (dec)
#   meta: !!omap
#   - {ucd: POS_EQ_DEC_MAIN}
#   - {width: 15}
#   - {precision: '11'}
# - name: e_RA_ICRS
#   unit: mas
#   datatype: float64
#   format: '{:7.4f}'
#   description: Standard error of right ascension (ra_error)
#   meta: !!omap
#   - {ucd: ERROR}
#   - {width: 7}
#   - {precision: '4'}
# - name: e_DE_ICRS
#   unit: mas
#   datatype: float64
#   format: '{:7.4f}'
#   description: Standard error of declination (dec_error)
#   meta: !!omap
#   - {ucd: ERROR}
#   - {width: 7}
#   - {precision: '4'}
# - name: _r_1
#   unit: ''
#   datatype: float64
#   format: '{:7.4f}'
#   description: Distance from center (008.00361788000+63.16440173000)[ICRS], at Epoch=J2016.0
#   meta: !!omap
#   - {ucd: POS_ANG_DIST_GENERAL}
#   - {width: 7}
#   - {precision: '4'}
# - name: HIP
#   datatype: int32
#   description: '? HIP cross-id number, van Leeuwen, Cat. I/311 (hip_original_ext_source_id)'
#   meta: !!omap
#   - {ucd: ID_NUMBER}
#   - {width: 6}
#   - values: {'null': -2147483648}
# - name: TYC2
#   datatype: string
#   description: Tycho-2 cross-id name, Hog et al., Cat. I/259 (tyc2_original_ext_source_id)
#   meta: !!omap
#   - {ucd: ID_CROSSID}
#   - {_votable_string_dtype: char}
# - name: Source
#   datatype: int64
#   description: Source identifier, identical to the Gaia-EDR3 source_id (id)
#   meta: !!omap
#   - {ucd: ID_MAIN}
#   - {width: 19}
# - name: rgeo
#   unit: pc
#   datatype: float64
#   format: '{:15.8f}'
#   description: '? Median of the geometric distance posterior (r_med_geo)'
#   meta: !!omap
#   - {ucd: PHYS_DISTANCE_TRUE}
#   - {width: 15}
#   - {precision: '8'}
#   - values: {'null': .nan}
# - name: Plx
#   unit: mas
#   datatype: float64
#   format: '{:9.4f}'
#   description: '? Parallax (parallax)'
#   meta: !!omap
#   - {ucd: POS_PARLX_TRIG}
#   - {width: 9}
#   - {precision: '4'}
#   - values: {'null': .nan}
# - name: e_Plx
#   unit: mas
#   datatype: float32
#   format: '{:7.4f}'
#   description: '? Standard error of parallax (parallax_error)'
#   meta: !!omap
#   - {ucd: ERROR}
#   - {width: 7}
#   - {precision: '4'}
#   - values: {'null': .nan}
# - name: pmRA
#   unit: mas / yr
#   datatype: float64
#   format: '{:9.3f}'
#   description: '? Proper motion in right ascension direction, pmRA*cosDE (pmra)'
#   meta: !!omap
#   - {ucd: POS_EQ_PMRA}
#   - {width: 9}
#   - {precision: '3'}
#   - values: {'null': .nan}
# - name: pmDE
#   unit: mas / yr
#   datatype: float64
#   format: '{:9.3f}'
#   description: '? Proper motion in declination direction (pmdec)'
#   meta: !!omap
#   - {ucd: POS_EQ_PMDEC}
#   - {width: 9}
#   - {precision: '3'}
#   - values: {'null': .nan}
# - name: e_pmRA
#   unit: mas / yr
#   datatype: float32
#   format: '{:6.3f}'
#   description: '? Standard error of proper motion in right ascension direction (pmra_error)'
#   meta: !!omap
#   - {ucd: ERROR}
#   - {width: 6}
#   - {precision: '3'}
#   - values: {'null': .nan}
# - name: e_pmDE
[...]
#       distance: !astropy.table.SerializedColumn
#         __class__: astropy.coordinates.distances.Distance
#         unit: !astropy.units.Unit {unit: pc}
#         value: !astropy.table.SerializedColumn {name: SkyCoord.distance}
#       frame: icrs
#       obstime: !astropy.time.Time {format: jyear_str, in_subfmt: '*', jd1: 367701545.0, jd2: 0.0, out_subfmt: '*', precision: 3, scale: tt}
#       pm_dec: !astropy.table.SerializedColumn
#         __class__: astropy.units.quantity.Quantity
#         unit: !astropy.units.Unit {unit: mas / yr}
#         value: !astropy.table.SerializedColumn {name: SkyCoord.pm_dec}
#       pm_ra_cosdec: !astropy.table.SerializedColumn
#         __class__: astropy.units.quantity.Quantity
#         unit: !astropy.units.Unit {unit: mas / yr}
#         value: !astropy.table.SerializedColumn {name: SkyCoord.pm_ra_cosdec}
#       ra: !astropy.table.SerializedColumn
#         __class__: astropy.coordinates.angles.Longitude
#         unit: *id001
#         value: !astropy.table.SerializedColumn {name: SkyCoord.ra}
#         wrap_angle: !astropy.coordinates.Angle
#           unit: *id001
#           value: 360.0
#       representation_type: spherical
# schema: astropy-2.0
RA_ICRS_1 DE_ICRS_1 e_RA_ICRS e_DE_ICRS _r_1 HIP TYC2 Source rgeo Plx e_Plx pmRA pmDE e_pmRA e_pmDE RUWE Teff logg Gmag BP-RP BPmag RPmag RV e_RV b_rgeo B_rgeo FG e_FG FBP e_FBP FRP e_FRP RAVE5 RAVE6 e_Gmag e_BPmag e_RPmag e_BP-RP SkyCoord.ra SkyCoord.dec SkyCoord.distance SkyCoord.pm_ra_cosdec SkyCoord.pm_dec rmRA rmDE e_rmRA e_rmDE rRV e_rRV v_pec v_pec3d e_vpec e_vpec3d Pmemb
8.0298182578 63.14963194516 0.0112 0.0125 1.1354 "" 4019-2249-1 430789347265933824 2158.8313 0.45 0.0153 -3.285 -1.122 0.015 0.017 0.925 6598.8 2.6014 10.409901 0.492758 10.581804 10.089047 "" "" 2087.49609 2231.97949 1291179.05866 421.48 799270.0 640.71 730360.0 509.37 "" "" 0.0027780210525426797 0.0029227645 0.0038544915 0.006777256 8.0298182578 63.14963194516 2158.8313 -3.284999999999998 -1.1219999999999974 -0.01159564018249526 -0.02304258060455333 0.07036173 0.07236174 "" "" 0.26396404469807927 "" 0.018995403085611446 "" 0.9
8.04542526716 63.17512593231 0.0124 0.0136 1.3023 "" 4019-242-1 430779103755470464 2303.08765 0.3852 0.0173 -3.289 -1.186 0.017 0.019 0.949 15011.8 3.4295 11.21953 0.463664 11.381699 10.918035 "" "" 2218.40479 2405.9917 612540.34151 213.65 382590.0 228.83 340360.0 173.26 "" "" 0.0027812229760001733 0.002864743 0.0038195807 0.006684324 8.04542526716 63.17512593231 2303.08765 -3.2890000000000015 -1.186 -0.015595640182495263 -0.08704258060455317 0.07236174 0.074361734 "" "" 0.9653438727653665 "" 0.07172537495665927 "" 0.8
7.92204262414 63.19044848437 0.0124 0.0135 2.7056 "" "" 430789690863254272 2088.02197 0.4502 0.0178 -3.302 -0.995 0.016 0.018 1.07 13329.3 3.865 12.940471 0.498251 13.120996 12.622746 "" "" 2021.4386 2161.36353 125533.11333 25.811 77094.0 39.316 70804.0 31.852 "" "" 0.002764348971348916 0.002844579 0.0038108125 0.0066553913 7.92204262414 63.19044848437 2088.02197 -3.3019999999999974 -0.9950000000000004 -0.028595640182495163 0.10395741939544678 0.071361735 0.07336174 "" "" 1.0671050881203101 "" 0.0781364675505151 "" 1.0
7.88967206554 63.17415942926 0.0117 0.0123 3.1409 "" "" 430789553424315648 2272.37085 0.4132 0.0164 -3.248 -1.059 0.016 0.016 1.034 12803.0 3.7515 12.978053 0.536397 13.173989 12.637592 "" "" 2195.12109 2355.00854 121262.18193 39.141 73421.0 56.901 69843.0 35.075 "" "" 0.0027775181927418265 0.0029142874 0.0038185113 0.0067327986 7.88967206554 63.17415942926 2272.37085 -3.2479999999999998 -1.0589999999999997 0.025404359817504663 0.039957419395446836 0.071361735 0.071361735 "" "" 0.5100034504328602 "" 0.03639473131507963 "" 0.9
8.01582165575 63.1668802431 0.0111 0.0124 0.3624 "" "" 430789381625648896 2322.42358 0.4033 0.0158 -3.206 -1.082 0.015 0.017 0.983 13376.9 3.7522 12.984588 0.479359 13.157836 12.678477 "" "" 2238.06079 2408.94287 120534.56739 42.251 74522.0 53.828 67262.0 42.647 "" "" 0.0027814803622780073 0.0028982887 0.0038415657 0.0067398543 8.01582165575 63.1668802431 2322.42358 -3.2060000000000026 -1.0819999999999999 0.06740435981750492 0.016957419395446705 0.07036173 0.07236174 "" "" 0.7651276179770747 "" 0.05392800785939317 "" 0.9
7.95285919654 63.17730590233 0.0093 0.0099 1.5776 "" "" 430789622143796608 2295.71997 0.4076 0.0133 -3.217 -1.162 0.012 0.013 0.95 12737.4 3.8928 13.207329 0.521119 13.397309 12.87619 "" "" 2239.87109 2359.68628 98178.20952 38.954 59771.0 58.012 56064.0 42.331 "" "" 0.002788792875105038 0.002982534 0.0038672693 0.006849803 7.95285919654 63.17730590233 2295.71997 -3.2170000000000027 -1.162 0.0564043598175048 -0.06304258060455314 0.067361735 0.06836174 "" "" 0.9205066290223708 "" 0.0625198504501695 "" 0.8
8.21429020291 63.21921346457 0.0087 0.0095 6.5814 "" "" 430872566550452352 2264.72534 0.4124 0.0123 -3.189 -1.031 0.012 0.013 0.953 "" "" 13.331991 0.633534 13.566012 12.932478 "" "" 2202.08569 2327.99756 87528.6448 73.266 51170.0 151.78 53231.0 111.02 "" "" 0.0029013338801406334 0.004261065 0.004405839 0.008666904 8.21429020291 63.21921346457 2264.72534 -3.1889999999999996 -1.0310000000000001 0.08440435981750483 0.06795741939544686 0.067361735 0.06836174 "" "" 1.1632433887204998 "" 0.0788176417056112 "" 0.8
8.03653557535 63.14699569083 0.0098 0.0111 1.3734 "" "" 430777596235416320 2481.61377 0.3761 0.0137 -3.209 -1.116 0.013 0.015 1.08 11524.1 3.8361 13.410589 0.59324 13.630321 13.037081 "" "" 2400.64868 2569.62451 81416.25479 23.168 48227.0 33.754 48342.0 25.397 "" "" 0.002772588222295114 0.0028917994 0.0038221835 0.0067139827 8.03653557535 63.14699569083 2481.61377 -3.209 -1.1159999999999997 0.06440435981750481 -0.017042580604553326 0.06836174 0.07036173 "" "" 0.7836539709031486 "" 0.05367591133521878 "" 0.8
7.97353916475 63.20706339976 0.0098 0.0118 2.686 "" "" 430791168331991168 2329.47974 0.3987 0.0136 -3.302 -1.104 0.013 0.017 0.916 10538.8 3.8299 13.426623 0.654186 13.673758 13.019571 "" "" 2258.13379 2405.87842 80222.73513 19.061 46335.0 27.725 49128.0 22.396 "" "" 0.002767370402124719 0.002864805 0.0038116542 0.006676459 7.97353916475 63.20706339976 2329.47974 -3.302 -1.104 -0.028595640182495163 -0.005042580604553315 0.06836174 0.07236174 "" "" 0.320617096652425 "" 0.021957714118610826 "" 1.0
8.19315759971 63.08496645905 0.01 0.0108 7.0103 "" "" 430776393644669312 2309.6145 0.4078 0.014 -3.326 -1.098 0.013 0.015 0.989 "" "" 13.476865 0.615644 13.706178 13.090533 "" "" 2245.6084 2381.72705 76595.05819 48.138 44972.0 78.414 46020.0 71.019 "" "" 0.002838556033849739 0.0033717817 0.004134142 0.0075059235 8.19315759971 63.08496645905 2309.6145 -3.3259999999999974 -1.0979999999999999 -0.052595640182495185 0.0009574193954466903 0.06836174 0.07036173 "" "" 0.575889986995532 "" 0.03936922684651851 "" 0.9
7.92474364711 63.13489734821 0.0104 0.0104 2.7754 "" "" 430789072388030720 2442.65625 0.3823 0.014 -3.238 -1.107 0.014 0.014 0.937 12052.8 3.835 13.553609 0.571394 13.764238 13.192844 "" "" 2353.87354 2530.9563 71367.9415 18.512 42631.0 26.346 41881.0 25.365 "" "" 0.0027696756532075303 0.0028697161 0.0038361603 0.0067058764 7.92474364711 63.13489734821 2442.65625 -3.238 -1.1070000000000015 0.035404359817504893 -0.008042580604553207 0.06936174 0.06936174 "" "" 0.42036196023562933 "" 0.029157036512796646 "" 0.8
7.96121985044 63.18194269322 0.0101 0.0111 1.5575 "" "" 430789656503530880 2509.88281 0.3676 0.0145 -3.278 -1.168 0.013 0.015 0.983 12526.7 3.8593 13.62322 0.533757 13.82002 13.286262 "" "" 2394.4873 2639.82129 66935.81701 22.877 40496.0 27.517 38428.0 23.729 "" "" 0.0027801956831091834 0.0028860585 0.0038383862 0.0067244447 7.96121985044 63.18194269322 2509.88281 -3.278 -1.1679999999999995 -0.004595640182495142 -0.06904258060455315 0.06836174 0.07036173 "" "" 0.8232064393575688 "" 0.0579150724887975 "" 1.0
7.97738605711 63.15484891133 0.0109 0.0124 0.913 "" "" 430789312906180736 2334.98901 0.3973 0.0156 -3.256 -1.226 0.015 0.017 0.958 11758.3 3.9342 13.961788 0.612081 14.177644 13.565563 "" "" 2269.3291 2407.54272 49003.98942 13.989 29131.0 42.836 29712.0 85.107 "" "" 0.0027726977928583395 0.0032146485 0.004894457 0.008109106 7.97738605711 63.15484891133 2334.98901 -3.256 -1.226 0.0174043598175051 -0.1270425806045532 0.07036173 0.07236174 "" "" 1.4192213387615056 "" 0.1026457410796183 "" 0.9
7.76788797138 63.15287806759 0.0124 0.0128 6.4235 "" "" 430784154637515392 2371.65894 0.396 0.0171 -3.253 -1.076 0.017 0.018 1.102 10307.7 3.7451 14.209211 0.700007 14.456236 13.756228 "" "" 2290.11328 2476.40625 39017.75514 11.473 22538.0 39.757 24927.0 75.981 "" "" 0.0027737544538454207 0.0033842549 0.0050235805 0.008407835 7.76788797138 63.15287806759 2371.65894 -3.253000000000001 -1.076 0.02040435981750477 0.02295741939544671 0.07236174 0.07336174 "" "" 0.34528216026485986 "" 0.025178701567897074 "" 0.9
7.74789320512 63.14558249487 0.0128 0.0137 7.0202 "" "" 430784193305145728 2235.9939 0.4212 0.0179 -3.253 -1.148 0.017 0.018 0.978 "" "" 14.353434 0.747759 14.640441 13.892682 "" "" 2126.95947 2339.71973 34164.36723 9.721 19021.0 16.408 21983.0 19.68 "" "" 0.0027725850606575104 0.002943168 0.0039023703 0.0068455385 7.74789320512 63.14558249487 2235.9939 -3.253 -1.1479999999999984 0.02040435981750477 -0.04904258060455313 0.07236174 0.07336174 "" "" 0.5629760946474064 "" 0.04121831719366714 "" 1.0
8.08298612232 63.14694012672 0.0141 0.0143 2.3921 "" "" 430777557567247232 2317.6958 0.4019 0.0194 -3.211 -1.141 0.019 0.02 1.057 9988.3 3.763 14.392504 0.602974 14.616046 14.013072 "" "" 2218.52271 2422.03467 32956.80602 9.375 19454.0 16.105 19676.0 11.71 "" "" 0.0027725762363865515 0.0029313716 0.003834222 0.006765594 8.08298612232 63.14694012672 2317.6958 -3.210999999999998 -1.1409999999999996 0.06240435981750503 -0.04204258060455324 0.074361734 0.075361736 "" "" 0.8266377029356959 "" 0.0617294694393741 "" 1.0
7.96529260706 63.14506683488 0.0146 0.0156 1.557 "" "" 430789278546452224 2437.42773 0.3813 0.02 -3.253 -1.084 0.019 0.021 1.014 10391.7 4.0161 14.503786 0.729003 14.783957 14.054955 "" "" 2340.09399 2584.54053 29746.24681 7.6406 16666.0 17.789 18931.0 14.06 "" "" 0.002769397816082925 0.0030212726 0.0038644488 0.0068857213 7.96529260706 63.14506683488 2437.42773 -3.253 -1.084 0.02040435981750477 0.014957419395446703 0.074361734 0.07636174 "" "" 0.29229488222902245 "" 0.021941660175474945 "" 1.0
7.97586429731 63.120482998 0.0149 0.0151 2.7404 "" "" 430788866229624832 2334.58862 0.4004 0.021 -3.215 -1.166 0.021 0.021 1.035 9963.7 3.8209 14.535006 0.689038 14.794646 14.105608 "" "" 2229.49268 2443.72021 28903.11207 8.1919 16503.0 17.718 18068.0 20.951 "" "" 0.0027724510391003254 0.003023878 0.003983561 0.0070074387 7.97586429731 63.120482998 2334.58862 -3.2150000000000007 -1.166 0.058404359817505025 -0.06704258060455315 0.07636174 0.07636174 "" "" 0.983922703964518 "" 0.07513404787540463 "" 0.9
7.88810976339 63.13011840955 0.0148 0.015 3.7458 "" "" 430789038028293632 2395.88184 0.3915 0.0202 -3.197 -1.021 0.019 0.02 1.046 7198.5 3.6214 14.556941 0.943343 14.934673 13.99133 "" "" 2307.87744 2514.43115 28325.02177 6.2647 14506.0 16.263 20074.0 25.888 "" "" 0.0027657646175171828 0.0030441303 0.004030419 0.0070745493 7.88810976339 63.13011840955 2395.88184 -3.197 -1.0210000000000001 0.07640435981750482 0.07795741939544687 0.074361734 0.075361736 "" "" 1.239625482705364 "" 0.0928150540854443 "" 0.9
8.05418605165 63.15442407069 0.0153 0.0167 1.495 "" "" 430777630595145984 2292.10645 0.4123 0.0212 -3.263 -1.047 0.021 0.024 1.038 "" "" 14.664429 0.648952 14.909055 14.260103 "" "" 2177.50415 2431.70874 25655.20168 8.9432 14852.0 15.353 15672.0 18.379 "" "" 0.002781193231367218 0.0030074478 0.003988101 0.006995549 8.05418605165 63.15442407069 2292.10645 -3.263 -1.047 0.010404359817504982 0.05195741939544685 0.07636174 0.07936174 "" "" 0.575702448040185 "" 0.04562337234629768 "" 1.0
8.03964598042 63.20206216564 0.0181 0.0197 2.4611 "" "" 430790996533313920 2009.63037 0.4716 0.0254 -3.412 -1.008 0.024 0.027 1.36 10244.4 3.9355 14.686688 0.859266 14.997156 14.13789 "" "" 1900.78845 2103.5498 25134.57311 7.0824 13695.0 25.814 17539.0 54.491 "" "" 0.0027722531236777496 0.003460249 0.0050657988 0.008526048 8.03964598042 63.20206216564 2009.63037 -3.4119999999999973 -1.0080000000000005 -0.13859564018249504 0.09095741939544677 0.07936174 0.082361735 "" "" 1.5791330504217982 "" 0.12676752688839277 "" 1.0
7.97146993341 63.19087527991 0.0163 0.0188 1.8112 "" "" 430790927814341120 2438.50537 0.3818 0.023 -3.208 -1.158 0.022 0.027 1.064 "" "" 14.733239 0.721308 15.009382 14.288075 "" "" 2307.29248 2592.96069 24079.69266 6.5765 13541.0 14.573 15273.0 13.054 "" "" 0.0027712306396774195 0.0030249632 0.003891644 0.0069166073 7.97146993341 63.19087527991 2438.50537 -3.2079999999999993 -1.157999999999999 0.0654043598175047 -0.05904258060455314 0.07736173 0.082361735 "" "" 1.018446016710409 "" 0.08111478060613617 "" 0.9
7.97996926333 63.16006794926 0.015 0.0168 0.6914 "" "" 430789312906176000 2364.95142 0.3929 0.0214 -3.265 -1.063 0.02 0.023 0.952 9342.1 3.7761 14.751594 0.681961 15.006752 14.324791 "" "" 2245.83447 2502.66333 23676.04422 7.1224 13574.0 13.77 14765.0 21.406 "" "" 0.0027746115776140336 0.0029996934 0.004094075 0.0070937686 7.97996926333 63.16006794926 2364.95142 -3.265 -1.0630000000000004 0.008404359817504758 0.03595741939544683 0.075361736 0.078361735 "" "" 0.41394169043378093 "" 0.03237403195421135 "" 0.9
7.94957696466 63.14633630677 0.015 0.0165 1.8218 "" "" 430789484704878720 2452.54395 0.3844 0.0216 -3.305 -1.077 0.021 0.023 0.981 9714.6 4.0111 14.764168 0.689361 15.029645 14.340284 "" "" 2330.89233 2589.80493 23403.44012 6.3843 13291.0 14.393 14556.0 12.114 "" "" 0.0027711934019129564 0.0030277804 0.003885897 0.006913678 7.94957696466 63.14633630677 2452.54395 -3.305 -1.077 -0.03159564018249528 0.02195741939544682 0.07636174 0.078361735 "" "" 0.4472872802607671 "" 0.03444952198657443 "" 0.8
8.04501618669 63.21327772843 0.0153 0.0169 3.1393 "" "" 430791030893039232 2512.60132 0.3726 0.0222 -3.259 -1.173 0.02 0.023 1.0 "" "" 14.852864 0.725353 15.133696 14.408342 "" "" 2368.53564 2654.64087 21567.55886 6.1163 12076.0 11.099 13672.0 12.734 "" "" 0.0027724705334175826 0.0029632489 0.0039123325 0.006875581 8.04501618669 63.21327772843 2512.60132 -3.2589999999999995 -1.173 0.014404359817504986 -0.07404258060455327 0.075361736 0.078361735 "" "" 0.8983591970722465 "" 0.07030052081037245 "" 0.9
7.9178393055 63.15222338478 0.0155 0.0168 2.4361 "" "" 430789175467223424 2370.92749 0.3924 0.0216 -3.206 -1.096 0.021 0.022 0.968 9401.4 4.1022 14.892317 0.673647 15.150182 14.476535 "" "" 2267.10449 2508.12744 20797.92076 6.5528 11894.0 15.304 12839.0 13.803 "" "" 0.0027764743982094365 0.0031203688 0.00395553 0.007075899 7.9178393055 63.15222338478 2370.92749 -3.2060000000000004 -1.0959999999999994 0.06740435981750492 0.002957419395446692 0.07636174 0.07736173 "" "" 0.7582322058621909 "" 0.057901395526721376 "" 0.8
7.83032461963 63.20813824024 0.0168 0.0167 5.3745 "" "" 430790412417729408 2235.04272 0.4185 0.0223 -3.345 -1.028 0.022 0.023 1.018 "" "" 14.974438 0.737914 15.256446 14.518532 "" "" 2145.86499 2354.5625 19282.87032 5.1538 10785.0 11.364 12352.0 11.055 "" "" 0.0027705592865292917 0.0030155997 0.0039023054 0.006917905 7.83032461963 63.20813824024 2235.04272 -3.344999999999998 -1.0280000000000011 -0.07159564018249531 0.07095741939544675 0.07736173 0.078361735 "" "" 1.0678987244449136 "" 0.08314537952696689 "" 0.9
8.08900193433 63.14976831185 0.0181 0.0192 2.4743 "" "" 430777561875681792 2256.35718 0.4138 0.0242 -3.296 -1.071 0.024 0.027 1.045 "" "" 15.067323 0.787841 15.374364 14.586523 "" "" 2139.29932 2409.22803 17701.80514 10.212 9675.5 30.718 11602.0 27.117 "" "" 0.002825615788539466 0.0044347486 0.0045523 0.008987049 8.08900193433 63.14976831185 2256.35718 -3.296000000000001 -1.0709999999999997 -0.022595640182494936 0.027957419395446825 0.07936174 0.082361735 "" "" 0.3844569720806692 "" 0.031213919866752617 "" 0.8
7.95863472416 63.15018392965 0.0177 0.0189 1.4876 "" "" 430789484704875776 2543.4187 0.3628 0.0251 -3.298 -1.117 0.024 0.026 0.935 9405.2 4.0368 15.093578 0.720118 15.372918 14.6528 "" "" 2408.65918 2729.6936 17278.86736 5.442 9688.3 14.637 10915.0 15.45 "" "" 0.0027764585124750905 0.0032366188 0.004079903 0.007316522 7.95863472416 63.15018392965 2543.4187 -3.298 -1.117 -0.02459564018249516 -0.018042580604553216 0.07936174 0.08136174 "" "" 0.3677475405825561 "" 0.029444491394240307 "" 0.9
8.07882998003 63.14761136923 0.019 0.0195 2.2732 "" "" 430777561875683712 2240.53296 0.4191 0.026 -3.277 -1.087 0.025 0.027 1.063 9123.6 4.2834 15.179985 0.97271 15.576951 14.604241 "" "" 2119.14355 2365.97754 15957.05977 7.9421 8028.5 27.782 11415.0 30.019 "" "" 0.0028078123226910555 0.0046798387 0.004736686 0.009416524 8.07882998003 63.14761136923 2240.53296 -3.2770000000000015 -1.087 -0.003595640182495252 0.011957419395446811 0.08036174 0.082361735 "" "" 0.13260643054531465 "" 0.010899948522666519 "" 0.8
8.04115670303 63.16061069061 0.0182 0.0207 1.042 "" "" 430777630595137152 2081.7063 0.4511 0.026 -3.327 -1.063 0.024 0.029 0.971 "" "" 15.185711 0.812093 15.501437 14.689344 "" "" 1971.63989 2187.04053 15873.11902 4.9156 8606.8 15.596 10554.0 13.894 "" "" 0.0027757595527720474 0.0034140544 0.0040406347 0.007454689 8.04115670303 63.16061069061 2081.7063 -3.3270000000000026 -1.0630000000000002 -0.053595640182495075 0.03595741939544683 0.07936174 0.08436173 "" "" 0.6368360624388963 "" 0.05154982899226406 "" 0.9
