Clusters/King_14/King_14_members.tsv
# %ECSV 1.0
# ---
# datatype:
# - name: RA_ICRS_1
#   unit: deg
#   datatype: float64
#   format: '{:15.11f}'
#   description: Right ascension (ICRS) at Ep=2016.0 (ra)
#   meta: !!omap
#   - {ucd: POS_EQ_RA_MAIN}
#   - {width: 15}
#   - {precision: '11'}
# - name: DE_ICRS_1
#   unit: deg
#   datatype: float64
#   format: '{:15.11f}'
#   description: Declination (ICRS) at Ep=2016.0 (dec)
#   meta: !!omap
#   - {ucd: POS_EQ_DEC_MAIN}
#   - {width: 15}
#   - {precision: '11'}
# - name: e_RA_ICRS
#   unit: mas
#   datatype: float64
#   format: '{:7.4f}'
#   description: Standard error of right ascension (ra_error)
#   meta: !!omap
#   - {ucd: ERROR}
#   - {width: 7}
#   - {precision: '4'}
# - name: e_DE_ICRS
#   unit: mas
#   datatype: float64
#   format: '{:7.4f}'
#   description: Standard error of declination (dec_error)
#   meta: !!omap
#   - {ucd: ERROR}
#   - {width: 7}
#   - {precision: '4'}
# - name: _r_1
#   unit: ''
#   datatype: float64
#   format: '{:7.4f}'
#   description: Distance from center (008.00361788000+63.16440173000)[ICRS], at Epoch=J2016.0
#   meta: !!omap
#   - {ucd: POS_ANG_DIST_GENERAL}
#   - {width: 7}
#   - {precision: '4'}
# - name: HIP
#   datatype: int32
#   description: '? HIP cross-id number, van Leeuwen, Cat. I/311 (hip_original_ext_source_id)'
#   meta: !!omap
#   - {ucd: ID_NUMBER}
#   - {width: 6}
#   - values: {'null': -2147483648}
# - name: TYC2
#   datatype: string
#   description: Tycho-2 cross-id name, Hog et al., Cat. I/259 (tyc2_original_ext_source_id)
#   meta: !!omap
#   - {ucd: ID_CROSSID}
#   - {_votable_string_dtype: char}
# - name: Source
#   datatype: int64
#   description: Source identifier, identical to the Gaia-EDR3 source_id (id)
#   meta: !!omap
#   - {ucd: ID_MAIN}
#   - {width: 19}
# - name: rgeo
#   unit: pc
#   datatype: float64
#   format: '{:15.8f}'
#   description: '? Median of the geometric distance posterior (r_med_geo)'
#   meta: !!omap
#   - {ucd: PHYS_DISTANCE_TRUE}
#   - {width: 15}
#   - {precision: '8'}
#   - values: {'null': .nan}
# - name: Plx
#   unit: mas
#   datatype: float64
#   format: '{:9.4f}'
#   description: '? Parallax (parallax)'
#   meta: !!omap
#   - {ucd: POS_PARLX_TRIG}
#   - {width: 9}
#   - {precision: '4'}
#   - values: {'null': .nan}
# - name: e_Plx
#   unit: mas
#   datatype: float32
#   format: '{:7.4f}'
#   description: '? Standard error of parallax (parallax_error)'
#   meta: !!omap
#   - {ucd: ERROR}
#   - {width: 7}
#   - {precision: '4'}
#   - values: {'null': .nan}
# - name: pmRA
#   unit: mas / yr
#   datatype: float64
#   format: '{:9.3f}'
#   description: '? Proper motion in right ascension direction, pmRA*cosDE (pmra)'
#   meta: !!omap
#   - {ucd: POS_EQ_PMRA}
#   - {width: 9}
#   - {precision: '3'}
#   - values: {'null': .nan}
# - name: pmDE
#   unit: mas / yr
#   datatype: float64
#   format: '{:9.3f}'
#   description: '? Proper motion in declination direction (pmdec)'
#   meta: !!omap
#   - {ucd: POS_EQ_PMDEC}
#   - {width: 9}
#   - {precision: '3'}
#   - values: {'null': .nan}
# - name: e_pmRA
#   unit: mas / yr
#   datatype: float32
#   format: '{:6.3f}'
#   description: '? Standard error of proper motion in right ascension direction (pmra_error)'
#   meta: !!omap
#   - {ucd: ERROR}
#   - {width: 6}
#   - {precision: '3'}
#   - values: {'null': .nan}
# - name: e_pmDE
[...]
#       distance: !astropy.table.SerializedColumn
#         __class__: astropy.coordinates.distances.Distance
#         unit: !astropy.units.Unit {unit: pc}
#         value: !astropy.table.SerializedColumn {name: SkyCoord.distance}
#       frame: icrs
#       obstime: !astropy.time.Time {format: jyear_str, in_subfmt: '*', jd1: 367701545.0, jd2: 0.0, out_subfmt: '*', precision: 3, scale: tt}
#       pm_dec: !astropy.table.SerializedColumn
#         __class__: astropy.units.quantity.Quantity
#         unit: !astropy.units.Unit {unit: mas / yr}
#         value: !astropy.table.SerializedColumn {name: SkyCoord.pm_dec}
#       pm_ra_cosdec: !astropy.table.SerializedColumn
#         __class__: astropy.units.quantity.Quantity
#         unit: !astropy.units.Unit {unit: mas / yr}
#         value: !astropy.table.SerializedColumn {name: SkyCoord.pm_ra_cosdec}
#       ra: !astropy.table.SerializedColumn
#         __class__: astropy.coordinates.angles.Longitude
#         unit: *id001
#         value: !astropy.table.SerializedColumn {name: SkyCoord.ra}
#         wrap_angle: !astropy.coordinates.Angle
#           unit: *id001
#           value: 360.0
#       representation_type: spherical
# schema: astropy-2.0
RA_ICRS_1 DE_ICRS_1 e_RA_ICRS e_DE_ICRS _r_1 HIP TYC2 Source rgeo Plx e_Plx pmRA pmDE e_pmRA e_pmDE RUWE Teff logg Gmag BP-RP BPmag RPmag RV e_RV b_rgeo B_rgeo FG e_FG FBP e_FBP FRP e_FRP RAVE5 RAVE6 e_Gmag e_BPmag e_RPmag e_BP-RP SkyCoord.ra SkyCoord.dec SkyCoord.distance SkyCoord.pm_ra_cosdec SkyCoord.pm_dec rmRA rmDE e_rmRA e_rmDE rRV e_rRV v_pec v_pec3d e_vpec e_vpec3d Pmemb
[from data line 32]
8.06048030149 63.110345487 0.0208 0.023 3.5911 "" "" 430777458796509440 2113.27783 0.4536 0.0301 -3.291 -1.16 0.03 0.033 1.012 9624.6 4.3402 15.278151 1.096865 15.734605 14.63774 "" "" 1960.49255 2280.84229 14577.61047 4.3799 6943.4 12.675 11068.0 14.12 "" "" 0.0027745638878445204 0.003422471 0.0040252088 0.0074476795 8.06048030149 63.110345487 2113.27783 -3.2910000000000026 -1.1599999999999997 -0.017595640182495043 -0.06104258060455314 0.085361734 0.08836174 "" "" 0.6363556857504086 "" 0.056085342776110526 "" 1.0
8.0769684554 63.18631470161 0.0183 0.0199 2.3818 "" "" 430779245502815744 2283.44409 0.4125 0.0259 -3.204 -1.143 0.025 0.027 1.003 "" "" 15.292859 0.787416 15.601146 14.81373 "" "" 2161.24561 2415.72803 14381.45902 4.3627 7851.6 12.555 9411.7 11.043 "" "" 0.0027749360952796596 0.0032862143 0.003988309 0.0072745234 8.0769684554 63.18631470161 2283.44409 -3.204 -1.1430000000000002 0.0694043598175047 -0.04404258060455324 0.08036174 0.082361735 "" "" 0.8896854629335038 "" 0.07201199943913833 "" 1.0
7.83435519591 63.08325386198 0.0207 0.0219 6.6921 "" "" 430783712268895744 2579.75684 0.3663 0.0289 -3.33 -0.953 0.027 0.031 1.071 8871.9 3.5877 15.363272 0.956116 15.747684 14.791568 "" "" 2414.1355 2759.19556 13478.38673 4.797 6860.3 11.368 9605.7 11.837 "" "" 0.0027822845679041 0.0033199333 0.004009216 0.007329149 7.83435519591 63.08325386198 2579.75684 -3.3299999999999996 -0.9530000000000002 -0.05659564018249519 0.14595741939544682 0.082361735 0.086361736 "" "" 1.9142513120871645 "" 0.1643375492475199 "" 0.8
7.96538802031 63.07882438512 0.0209 0.0229 5.2383 "" "" 430782853275461504 2319.49731 0.4089 0.0306 -3.266 -1.079 0.028 0.03 0.971 8730.5 3.6111 15.483909 0.934362 15.857496 14.923134 "" "" 2195.31396 2461.89062 12061.00154 3.6507 6200.4 14.629 8509.5 10.527 "" "" 0.0027748499058713435 0.0037877543 0.0040109577 0.007798712 7.96538802031 63.07882438512 2319.49731 -3.2660000000000027 -1.0790000000000008 0.007404359817504869 0.019957419395446818 0.08336174 0.085361734 "" "" 0.23403474192508866 "" 0.019921563370425787 "" 1.0
7.96618233917 63.09648228814 0.0233 0.0245 4.1997 "" "" 430788728790700160 1961.97729 0.4859 0.0324 -3.428 -1.088 0.032 0.033 1.097 9399.0 3.8669 15.526023 0.982917 15.921847 14.93893 "" "" 1847.58521 2113.31885 11602.12127 3.8645 5843.6 11.714 8386.6 10.164 "" "" 0.002778952169449296 0.0035386425 0.0040018945 0.007540537 7.96618233917 63.09648228814 1961.97729 -3.4280000000000044 -1.0880000000000012 -0.15459564018249505 0.0109574193954467 0.08736174 0.08836174 "" "" 1.4413110206285862 "" 0.12592268141847257 "" 0.9
7.99108589225 63.18291161791 0.0219 0.0246 1.1613 "" "" 430789450345102720 2480.92407 0.3747 0.0311 -3.191 -1.055 0.029 0.034 0.997 9458.9 4.3459 15.55278 0.855864 15.894567 15.038703 "" "" 2335.07983 2646.40186 11319.69358 3.8891 5992.3 9.7744 7650.3 11.186 "" "" 0.0027804563606704585 0.0033047728 0.004099264 0.007404037 7.99108589225 63.18291161791 2480.92407 -3.191 -1.055 0.08240435981750505 0.04395741939544684 0.08436173 0.08936174 "" "" 1.0982927322980827 "" 0.0938980412765906 "" 0.8
7.89095908158 63.19613985574 0.0216 0.0234 3.5955 "" "" 430790446777487360 2491.44458 0.373 0.0299 -3.292 -1.088 0.028 0.032 1.012 8939.9 4.0327 15.569518 0.982086 15.969849 14.987762 "" "" 2365.56055 2676.38159 11146.52308 3.533 5590.8 10.144 8017.8 13.83 "" "" 0.0027767279524369766 0.0034155278 0.00421795 0.007633478 7.89095908158 63.19613985574 2491.44458 -3.291999999999999 -1.087999999999999 -0.018595640182494932 0.0109574193954467 0.08336174 0.08736174 "" "" 0.2548934194014486 "" 0.02151575102722568 "" 0.9
7.96728423155 63.1256500608 0.0222 0.0235 2.5251 "" "" 430788866229617536 2335.35693 0.4043 0.0313 -3.227 -1.136 0.03 0.032 0.97 7992.0 3.8327 15.590981 0.868696 15.938437 15.069741 "" "" 2197.25317 2490.13867 10928.34169 3.6895 5755.0 12.635 7434.7 11.143 "" "" 0.0027795954720141653 0.0036697607 0.004114824 0.0077845845 7.96728423155 63.1256500608 2335.35693 -3.2270000000000003 -1.1360000000000001 0.046404359817505014 -0.03704258060455312 0.085361734 0.08736174 "" "" 0.6572688324175463 "" 0.05662086202509677 "" 1.0
8.03464815064 63.07909701013 0.0232 0.0254 5.187 "" "" 430776943400471680 2290.46191 0.4087 0.0348 -3.29 -1.121 0.032 0.036 0.993 9302.4 4.1864 15.654104 0.988477 16.058483 15.070006 "" "" 2117.89331 2518.00586 10311.10477 3.7899 5152.6 13.009 7432.9 11.014 "" "" 0.002784069796829267 0.003911427 0.004107563 0.00801899 8.03464815064 63.07909701013 2290.46191 -3.29 -1.1210000000000018 -0.016595640182495153 -0.02204258060455322 0.08736174 0.09136173 "" "" 0.299555059088812 "" 0.026940537585985237 "" 0.9
8.08818888884 63.16301394497 0.0222 0.0244 2.2923 "" "" 430779039344413440 2430.875 0.3898 0.0315 -3.234 -1.171 0.029 0.033 0.932 9406.1 4.328 15.690871 0.905237 16.051027 15.14579 "" "" 2245.99854 2626.18994 9967.77965 2.9052 5188.1 14.84 6931.7 9.1864 "" "" 0.00277343262645226 0.004174924 0.004044027 0.0082189515 8.08818888884 63.16301394497 2430.875 -3.2340000000000013 -1.171 0.0394043598175049 -0.07204258060455326 0.08436173 0.08836174 "" "" 0.9461550229137623 "" 0.08274774289591282 "" 0.8
8.05604371061 63.15579741861 0.0237 0.026 1.5111 "" "" 430777630595144832 2498.18872 0.3811 0.0334 -3.285 -0.989 0.032 0.035 1.037 8941.1 4.2348 15.714623 0.93345 16.089876 15.156426 "" "" 2318.85913 2727.67065 9752.09228 3.4342 5005.7 11.567 6864.2 10.167 "" "" 0.002781721563533034 0.003752271 0.004107296 0.007859567 8.05604371061 63.15579741861 2498.18872 -3.285 -0.9890000000000003 -0.01159564018249526 0.10995741939544679 0.08736174 0.09036174 "" "" 1.3092713654114814 "" 0.11826554347880806 "" 0.8
8.00592413555 63.18514677587 0.025 0.0289 1.2463 "" "" 430790927813851776 2084.36572 0.459 0.0355 -3.327 -1.073 0.034 0.039 0.916 8101.4 4.3817 15.848366 1.028222 16.271923 15.243701 "" "" 1938.26465 2203.32812 8621.84918 3.1208 4233.0 6.9529 6334.0 10.245 "" "" 0.0027832061493866366 0.0033114143 0.0041674622 0.0074788765 8.00592413555 63.18514677587 2084.36572 -3.3269999999999964 -1.0729999999999995 -0.053595640182495075 0.025957419395446824 0.08936174 0.09436174 "" "" 0.5883541098857552 "" 0.0531478105336063 "" 1.0
8.2483792598 63.125451867 0.0304 0.0295 7.0336 "" "" 430778077271809152 2300.8894 0.407 0.0397 -3.284 -1.111 0.04 0.041 0.96 8205.3 4.3744 15.95252 1.073075 16.39875 15.325675 "" "" 2131.78369 2570.47681 7833.18799 2.8522 3766.3 10.239 5873.4 11.357 "" "" 0.002783537227952471 0.0040616957 0.0043233405 0.008385036 8.2483792598 63.125451867 2300.8894 -3.2840000000000016 -1.110999999999999 -0.010595640182494925 -0.01204258060455321 0.09536174 0.09636174 "" "" 0.1749390114841062 "" 0.016781318273516654 "" 0.9
7.94091964218 63.15889901007 0.0264 0.0301 1.7302 "" "" 430789484704863232 2409.53442 0.3927 0.0381 -3.306 -1.115 0.035 0.039 0.935 7190.7 4.2989 15.990306 1.175802 16.488863 15.313061 "" "" 2230.34717 2597.7251 7565.27245 3.2367 3466.3 10.242 5942.0 14.214 "" "" 0.002794202216056143 0.0042516724 0.0045857667 0.008837439 7.94091964218 63.15889901007 2409.53442 -3.3060000000000027 -1.1150000000000002 -0.03259564018249517 -0.016042580604553214 0.09036174 0.09436174 "" "" 0.4149274282371708 "" 0.03782291748338735 "" 1.0
7.92166935173 63.21644683442 0.0264 0.029 3.8301 "" "" 430791202691713920 2097.1748 0.4566 0.0376 -3.305 -1.171 0.035 0.039 1.036 7493.2 4.3079 16.02299 1.087901 16.47811 15.390208 "" "" 1952.37988 2237.70264 7340.92593 2.7166 3500.8 9.5319 5534.5 8.7814 "" "" 0.002784461281594342 0.004065006 0.004153483 0.00821849 7.92166935173 63.21644683442 2097.1748 -3.305000000000001 -1.1709999999999996 -0.03159564018249528 -0.07204258060455326 0.09036174 0.09436174 "" "" 0.7819928622137147 "" 0.07329464712021251 "" 0.8
