Clusters/King_14/King_14_stars_in_region.tsv
# %ECSV 1.0
# ---
# datatype:
# - name: RA_ICRS_1
#   unit: deg
#   datatype: float64
#   format: '{:15.11f}'
#   description: Right ascension (ICRS) at Ep=2016.0 (ra)
#   meta: !!omap
#   - {ucd: POS_EQ_RA_MAIN}
#   - {width: 15}
#   - {precision: '11'}
# - name: DE_ICRS_1
#   unit: deg
#   datatype: float64
#   format: '{:15.11f}'
#   description: Declination (ICRS) at Ep=2016.0 (dec)
#   meta: !!omap
#   - {ucd: POS_EQ_DEC_MAIN}
#   - {width: 15}
#   - {precision: '11'}
# - name: e_RA_ICRS
#   unit: mas
#   datatype: float64
#   format: '{:7.4f}'
#   description: Standard error of right ascension (ra_error)
#   meta: !!omap
#   - {ucd: ERROR}
#   - {width: 7}
#   - {precision: '4'}
# - name: e_DE_ICRS
#   unit: mas
#   datatype: float64
#   format: '{:7.4f}'
#   description: Standard error of declination (dec_error)
#   meta: !!omap
#   - {ucd: ERROR}
#   - {width: 7}
#   - {precision: '4'}
# - name: _r_1
#   unit: ''
#   datatype: float64
#   format: '{:7.4f}'
#   description: Distance from center (008.00361788000+63.16440173000)[ICRS], at Epoch=J2016.0
#   meta: !!omap
#   - {ucd: POS_ANG_DIST_GENERAL}
#   - {width: 7}
#   - {precision: '4'}
# - name: HIP
#   datatype: int32
#   description: '? HIP cross-id number, van Leeuwen, Cat. I/311 (hip_original_ext_source_id)'
#   meta: !!omap
#   - {ucd: ID_NUMBER}
#   - {width: 6}
#   - values: {'null': -2147483648}
# - name: TYC2
#   datatype: string
#   description: Tycho-2 cross-id name, Hog et al., Cat. I/259 (tyc2_original_ext_source_id)
#   meta: !!omap
#   - {ucd: ID_CROSSID}
#   - {_votable_string_dtype: char}
# - name: Source
#   datatype: int64
#   description: Source identifier, identical to the Gaia-EDR3 source_id (id)
#   meta: !!omap
#   - {ucd: ID_MAIN}
#   - {width: 19}
# - name: rgeo
#   unit: pc
#   datatype: float64
#   format: '{:15.8f}'
#   description: '? Median of the geometric distance posterior (r_med_geo)'
#   meta: !!omap
#   - {ucd: PHYS_DISTANCE_TRUE}
#   - {width: 15}
#   - {precision: '8'}
#   - values: {'null': .nan}
# - name: Plx
#   unit: mas
#   datatype: float64
#   format: '{:9.4f}'
#   description: '? Parallax (parallax)'
#   meta: !!omap
#   - {ucd: POS_PARLX_TRIG}
#   - {width: 9}
#   - {precision: '4'}
#   - values: {'null': .nan}
# - name: e_Plx
#   unit: mas
#   datatype: float32
#   format: '{:7.4f}'
#   description: '? Standard error of parallax (parallax_error)'
#   meta: !!omap
#   - {ucd: ERROR}
#   - {width: 7}
#   - {precision: '4'}
#   - values: {'null': .nan}
# - name: pmRA
#   unit: mas / yr
#   datatype: float64
#   format: '{:9.3f}'
#   description: '? Proper motion in right ascension direction, pmRA*cosDE (pmra)'
#   meta: !!omap
#   - {ucd: POS_EQ_PMRA}
#   - {width: 9}
#   - {precision: '3'}
#   - values: {'null': .nan}
# - name: pmDE
#   unit: mas / yr
#   datatype: float64
#   format: '{:9.3f}'
#   description: '? Proper motion in declination direction (pmdec)'
#   meta: !!omap
#   - {ucd: POS_EQ_PMDEC}
#   - {width: 9}
#   - {precision: '3'}
#   - values: {'null': .nan}
# - name: e_pmRA
#   unit: mas / yr
#   datatype: float32
#   format: '{:6.3f}'
#   description: '? Standard error of proper motion in right ascension direction (pmra_error)'
#   meta: !!omap
#   - {ucd: ERROR}
#   - {width: 6}
#   - {precision: '3'}
#   - values: {'null': .nan}
# - name: e_pmDE
[...]
#         value: !astropy.table.SerializedColumn {name: SkyCoord.dec}
#       distance: !astropy.table.SerializedColumn
#         __class__: astropy.coordinates.distances.Distance
#         unit: !astropy.units.Unit {unit: pc}
#         value: !astropy.table.SerializedColumn {name: SkyCoord.distance}
#       frame: icrs
#       obstime: !astropy.time.Time {format: jyear_str, in_subfmt: '*', jd1: 367701545.0, jd2: 0.0, out_subfmt: '*', precision: 3, scale: tt}
#       pm_dec: !astropy.table.SerializedColumn
#         __class__: astropy.units.quantity.Quantity
#         unit: !astropy.units.Unit {unit: mas / yr}
#         value: !astropy.table.SerializedColumn {name: SkyCoord.pm_dec}
#       pm_ra_cosdec: !astropy.table.SerializedColumn
#         __class__: astropy.units.quantity.Quantity
#         unit: !astropy.units.Unit {unit: mas / yr}
#         value: !astropy.table.SerializedColumn {name: SkyCoord.pm_ra_cosdec}
#       ra: !astropy.table.SerializedColumn
#         __class__: astropy.coordinates.angles.Longitude
#         unit: *id001
#         value: !astropy.table.SerializedColumn {name: SkyCoord.ra}
#         wrap_angle: !astropy.coordinates.Angle
#           unit: *id001
#           value: 360.0
#       representation_type: spherical
# schema: astropy-2.0
RA_ICRS_1 DE_ICRS_1 e_RA_ICRS e_DE_ICRS _r_1 HIP TYC2 Source rgeo Plx e_Plx pmRA pmDE e_pmRA e_pmDE RUWE Teff logg Gmag BP-RP BPmag RPmag RV e_RV b_rgeo B_rgeo FG e_FG FBP e_FBP FRP e_FRP RAVE5 RAVE6 e_Gmag e_BPmag e_RPmag e_BP-RP SkyCoord.ra SkyCoord.dec SkyCoord.distance SkyCoord.pm_ra_cosdec SkyCoord.pm_dec rmRA rmDE e_rmRA e_rmDE rRV e_rRV v_pec v_pec3d e_vpec e_vpec3d
[from data line 158]
7.97996926333 63.16006794926 0.015 0.0168 0.6914 "" "" 430789312906176000 2364.95142 0.3929 0.0214 -3.265 -1.063 0.02 0.023 0.952 9342.1 3.7761 14.751594 0.681961 15.006752 14.324791 "" "" 2245.83447 2502.66333 23676.04422 7.1224 13574.0 13.77 14765.0 21.406 "" "" 0.0027746115776140336 0.0029996934 0.004094075 0.0070937686 7.97996926333 63.16006794926 2364.95142 -3.265 -1.0630000000000004 0.008404359817504758 0.03595741939544683 0.075361736 0.078361735 "" "" 0.41394169043378093 "" 0.03237403195421135 ""
7.97303030401 63.37245814863 0.0143 0.0159 12.5107 "" "" 430886447884661504 2551.03394 0.3673 0.0196 -1.558 -0.833 0.019 0.022 0.991 9449.1 3.9848 14.76227 0.738336 15.04548 14.307144 "" "" 2426.04321 2694.05127 23444.37855 6.1414 13099.0 14.78 15007.0 14.076 "" "" 0.0027699605521068504 0.0030472681 0.0039141825 0.006961451 7.97303030401 63.37245814863 2551.03394 -1.558 -0.8329999999999997 1.7154043598175048 0.2659574193954468 0.074361734 0.07736173 "" "" 20.990319085296285 "" 1.5623837545383552 ""
7.94957696466 63.14633630677 0.015 0.0165 1.8218 "" "" 430789484704878720 2452.54395 0.3844 0.0216 -3.305 -1.077 0.021 0.023 0.981 9714.6 4.0111 14.764168 0.689361 15.029645 14.340284 "" "" 2330.89233 2589.80493 23403.44012 6.3843 13291.0 14.393 14556.0 12.114 "" "" 0.0027711934019129564 0.0030277804 0.003885897 0.006913678 7.94957696466 63.14633630677 2452.54395 -3.305 -1.077 -0.03159564018249528 0.02195741939544682 0.07636174 0.078361735 "" "" 0.4472872802607671 "" 0.03444952198657443 ""
8.18826552638 63.12148319981 0.0161 0.017 5.6287 "" "" 430778008552327808 2442.51514 0.3869 0.0226 -1.456 -0.004 0.022 0.023 1.031 9331.3 3.7172 14.795929 0.915629 15.137848 14.222219 "" "" 2321.92969 2584.93213 22728.73766 5.402 12030.0 24.732 16228.0 44.557 "" "" 0.0027673776600893813 0.0035731522 0.0048135878 0.00838674 8.18826552638 63.12148319981 2442.51514 -1.4559999999999986 -0.004000000000000075 1.817404359817505 1.0949574193954468 0.07736173 0.078361735 "" "" 24.564790401527812 "" 1.9069477089318463 ""
7.35042639863 63.06161391044 0.0148 0.0146 18.7659 "" "" 430949841600640896 2175.74121 0.4308 0.0198 -2.085 -0.285 0.019 0.021 1.011 6425.7 3.6392 14.796595 1.443039 15.450007 14.006968 -41.16 6.0 2082.53467 2278.36377 22714.79574 4.5654 9024.3 13.839 19787.0 14.983 "" "" 0.0027639481400268 0.0032491982 0.0038677684 0.007116967 7.35042639863 63.06161391044 2175.74121 -2.0850000000000004 -0.2849999999999999 1.188404359817505 0.8139574193954469 0.074361734 0.07636174 "" "" 14.855148804694563 "" 1.1142277127179698 ""
7.78215517968 63.03681790761 0.0234 0.0226 9.7334 "" "" 430781753758684160 2636.91113 0.3528 0.0306 -3.1 -1.13 0.028 0.03 1.583 15022.1 4.5507 14.835865 0.982086 15.041863 14.059776 "" "" 2417.87305 2901.41602 21907.90589 12.537 13142.0 185.06 18847.0 255.03 "" "" 0.0028245054405561555 0.015541383 0.015170071 0.030711453 7.78215517968 63.03681790761 2636.91113 -3.1 -1.1299999999999992 0.1734043598175048 -0.031042580604553116 0.08336174 0.085361734 "" "" 2.201829637281156 "" 0.18368667650900297 ""
7.85897048072 63.42521525281 0.0141 0.0154 16.1275 "" "" 430887513036502656 2633.40918 0.3502 0.019 -2.878 -0.534 0.02 0.021 0.942 10042.5 3.9689 14.842096 0.701056 15.10917 14.408114 "" "" 2505.50146 2811.90649 21782.53259 5.962 12352.0 14.484 13675.0 9.5485 "" "" 0.0027712994431838083 0.0030669086 0.003854667 0.0069215754 7.85897048072 63.42521525281 2633.40918 -2.878 -0.534 0.39540435981750477 0.5649574193954467 0.075361736 0.07636174 "" "" 8.60759377343634 "" 0.6544732550840899 ""
8.06682098377 63.25882837528 0.0139 0.0163 5.9178 "" "" 430791580648812416 2289.1272 0.4157 0.0202 -3.247 -1.086 0.019 0.022 1.024 "" "" 14.850143 0.846618 15.184722 14.338104 "" "" 2176.40796 2399.53833 21621.70535 4.8219 11522.0 11.598 14585.0 14.4 "" "" 0.002765938792819209 0.002996577 0.003928465 0.006925042 8.06682098377 63.25882837528 2289.1272 -3.247 -1.086 0.026404359817504996 0.012957419395446701 0.074361734 0.07736173 "" "" 0.3191373554774208 "" 0.02392041761443117 ""
8.04501618669 63.21327772843 0.0153 0.0169 3.1393 "" "" 430791030893039232 2512.60132 0.3726 0.0222 -3.259 -1.173 0.02 0.023 1.0 "" "" 14.852864 0.725353 15.133696 14.408342 "" "" 2368.53564 2654.64087 21567.55886 6.1163 12076.0 11.099 13672.0 12.734 "" "" 0.0027724705334175826 0.0029632489 0.0039123325 0.006875581 8.04501618669 63.21327772843 2512.60132 -3.2589999999999995 -1.173 0.014404359817504986 -0.07404258060455327 0.075361736 0.078361735 "" "" 0.8983591970722465 "" 0.07030052081037245 ""
7.96205447711 63.19355234017 0.0176 0.0198 2.0797 "" "" 430791133972770688 1781.40674 0.5423 0.0248 -5.338 -2.283 0.024 0.029 1.119 7387.2 3.9708 14.855999 1.165688 15.354053 14.188366 -53.54 13.07 1687.35596 1868.97388 21505.38727 4.8655 9858.2 11.747 16742.0 11.838 "" "" 0.002766248346638074 0.0030755263 0.0038565658 0.006932092 7.96205447711 63.19355234017 1781.40674 -5.337999999999997 -2.283 -2.064595640182495 -1.1840425806045531 0.07936174 0.08436173 "" "" 20.09660437607036 "" 1.6203511425864328 ""
7.64340905891 63.38545142486 0.014 0.0159 16.443 "" "" 430796287932864512 2221.59595 0.4217 0.0191 -2.316 -1.583 0.019 0.02 1.023 "" "" 14.859373 0.822715 15.18322 14.360505 "" "" 2140.03296 2304.19604 21438.64962 4.8386 11538.0 10.188 14287.0 13.336 "" "" 0.002766195342014135 0.0029502802 0.0039129066 0.006863187 7.64340905891 63.38545142486 2221.59595 -2.316 -1.5829999999999997 0.957404359817505 -0.4840425806045532 0.074361734 0.075361736 "" "" 11.297075913199313 "" 0.8423822302539631 ""
8.2807953871 62.87817047607 0.0171 0.0162 18.758 "" "" 430764432153000832 2534.91968 0.3702 0.0223 -2.997 -0.597 0.021 0.022 0.999 9704.2 3.9798 14.879321 0.68092 15.136679 14.455759 "" "" 2407.93481 2683.28491 21048.3698 5.8351 12043.0 24.342 13087.0 14.207 "" "" 0.0027717116103837722 0.0035498037 0.003958908 0.007508712 8.2807953871 62.87817047607 2534.91968 -2.996999999999999 -0.597 0.276404359817505 0.5019574193954468 0.07636174 0.07736173 "" "" 6.885224079583415 "" 0.5310588633973199 ""
7.9178393055 63.15222338478 0.0155 0.0168 2.4361 "" "" 430789175467223424 2370.92749 0.3924 0.0216 -3.206 -1.096 0.021 0.022 0.968 9401.4 4.1022 14.892317 0.673647 15.150182 14.476535 "" "" 2267.10449 2508.12744 20797.92076 6.5528 11894.0 15.304 12839.0 13.803 "" "" 0.0027764743982094365 0.0031203688 0.00395553 0.007075899 7.9178393055 63.15222338478 2370.92749 -3.2060000000000004 -1.0959999999999994 0.06740435981750492 0.002957419395446692 0.07636174 0.07736173 "" "" 0.7582322058621909 "" 0.057901395526721376 ""
7.64696169863 63.09515386641 0.0181 0.0176 10.5265 "" "" 430786529767402240 2621.62305 0.3479 0.0243 -0.835 -1.691 0.022 0.023 1.033 4688.8 2.3042 14.900672 1.768525 15.753999 13.985474 6.15 3.48 2477.33252 2806.1499 20638.49038 5.5846 6820.5 12.281 20182.0 17.939 "" "" 0.002770938927604259 0.0034069028 0.0039006518 0.0073075546 7.64696169863 63.09515386641 2621.62305 -0.835 -1.691 2.438404359817505 -0.5920425806045533 0.07736173 0.078361735 "" "" 31.18116502396884 "" 2.4139753890252145 ""
8.60836139213 63.01956547663 0.029 0.0274 18.5786 "" "" 430773438707466496 2119.01465 0.445 0.0376 -0.38 -1.619 0.036 0.037 1.87 "" "" 14.902236 1.249952 15.298838 14.048885 -9.2 11.75 1897.69702 2269.28906 20608.79013 8.1653 10372.0 12.94 19037.0 14.047 "" "" 0.002788698429005606 0.0031015903 0.0038633607 0.006964951 8.60836139213 63.01956547663 2119.01465 -0.3800000000000001 -1.619 2.893404359817505 -0.5200425806045532 0.09136173 0.09236173 "" "" 29.527405503145822 "" 2.6986037971001307 ""
8.09243509553 63.06424346975 0.0164 0.0184 6.4747 "" "" 430776668522588288 2103.08325 0.4427 0.0245 -4.065 2.745 0.023 0.026 0.993 5331.7 3.3185 14.906472 1.928136 15.866487 13.938352 -56.27 5.1 1994.90173 2247.24268 20528.53514 5.5704 6149.2 9.3495 21077.0 18.122 "" "" 0.0027710262650616135 0.0032419413 0.0038929651 0.0071349065 8.09243509553 63.06424346975 2103.08325 -4.065 2.745 -0.7915956401824955 3.843957419395447 0.078361735 0.08136174 "" "" 39.12301174818018 "" 3.178425996431837 ""
7.65828866449 62.91678439072 0.0166 0.0179 17.5775 "" "" 430760210206883968 1771.49561 0.5425 0.0236 -4.391 -3.158 0.02 0.024 0.968 7208.6 3.9577 14.92333 1.219572 15.448681 14.229109 "" "" 1693.5426 1856.19995 20212.24115 4.6727 9035.3 13.39 16126.0 14.245 "" "" 0.00276672939940336 0.0032208702 0.0038991773 0.0071200477 7.65828866449 62.91678439072 1771.49561 -4.390999999999999 -3.1579999999999964 -1.1175956401824951 -2.059042580604553 0.075361736 0.07936174 "" "" 19.67216842174934 "" 1.5436633923508618 ""
8.431735344 62.9390015453 0.0164 0.0165 17.844 "" "" 430772167397010176 2637.53809 0.352 0.0221 -2.913 -0.989 0.021 0.022 0.972 9459.3 3.9847 14.935094 0.66638 15.187457 14.521077 "" "" 2500.14014 2807.53589 19994.44055 5.1298 11493.0 11.63 12323.0 13.629 "" "" 0.0027693652526234276 0.0029986901 0.0039655585 0.0069642486 8.431735344 62.9390015453 2637.53809 -2.9130000000000003 -0.989 0.36040435981750507 0.10995741939544679 0.07636174 0.07736173 "" "" 4.710788755636154 "" 0.3601275681130314 ""
8.15120766137 63.11684403633 0.0174 0.0183 4.9142 "" "" 430777252638084864 1860.63623 0.5098 0.0239 3.486 -0.363 0.024 0.025 1.048 5347.3 3.5849 14.941412 1.745027 15.782361 14.037334 16.86 4.54 1796.93872 1932.24182 19878.42032 5.1895 6644.7 10.221 19241.0 16.991 "" "" 0.0027698610344739933 0.0032518117 0.0038990988 0.007150911 8.15120766137 63.11684403633 1860.63623 3.4860000000000024 -0.3630000000000002 6.7594043598175055 0.7359574193954468 0.07936174 0.08036174 "" "" 59.96630744593127 "" 4.759737232797188 ""
8.43689589394 62.93955410192 0.0162 0.0166 17.9108 "" "" 430771411482766208 2374.9314 0.3962 0.0221 0.791 -0.663 0.02 0.023 1.001 7192.0 4.0475 14.944793 1.022517 15.367218 14.344701 "" "" 2261.13501 2499.2749 19816.6192 4.8011 9739.3 13.254 14497.0 13.594 "" "" 0.0027678482257578033 0.003157248 0.0039141118 0.00707136 8.43689589394 62.93955410192 2374.9314 0.7909999999999991 -0.6630000000000001 4.064404359817505 0.43595741939544674 0.075361736 0.078361735 "" "" 46.01616064569934 "" 3.4694588492700524 ""
8.28191610038 63.40386146222 0.0142 0.0158 16.2104 "" "" 430881358337977600 2458.36255 0.3839 0.0204 -1.859 0.259 0.018 0.022 0.978 9004.1 3.8455 14.962069 0.915739 15.324769 14.40903 "" "" 2331.64697 2580.35352 19503.80672 4.7893 10128.0 17.561 13663.0 13.872 "" "" 0.00276818902408279 0.0033658727 0.003936863 0.007302736 8.28191610038 63.40386146222 2458.36255 -1.859 0.259 1.414404359817505 1.3579574193954467 0.07336174 0.07736173 "" "" 22.848052008860776 "" 1.7206147387163322 ""
7.83032461963 63.20813824024 0.0168 0.0167 5.3745 "" "" 430790412417729408 2235.04272 0.4185 0.0223 -3.345 -1.028 0.022 0.023 1.018 "" "" 14.974438 0.737914 15.256446 14.518532 "" "" 2145.86499 2354.5625 19282.87032 5.1538 10785.0 11.364 12352.0 11.055 "" "" 0.0027705592865292917 0.0030155997 0.0039023054 0.006917905 7.83032461963 63.20813824024 2235.04272 -3.344999999999998 -1.0280000000000011 -0.07159564018249531 0.07095741939544675 0.07736173 0.078361735 "" "" 1.0678987244449136 "" 0.08314537952696689 ""
8.01251078163 63.13815640847 0.0189 0.0208 1.5931 "" "" 430789244186730880 2420.16357 0.3882 0.0253 -3.196 -1.184 0.026 0.031 1.029 9225.5 3.9775 14.98251 0.702148 15.250502 14.548353 "" "" 2289.80469 2570.23242 19140.03695 5.8947 10845.0 14.512 12018.0 10.189 "" "" 0.002775536146308694 0.0031457643 0.0038898645 0.007035629 8.01251078163 63.13815640847 2420.16357 -3.1960000000000033 -1.1839999999999997 0.07740435981750471 -0.08504258060455316 0.08136174 0.086361736 "" "" 1.319165095781855 "" 0.11098550565061971 ""
7.94242500749 63.22387088334 0.032 0.0372 3.9336 "" "" 430791168331971456 1956.44446 0.5006 0.0464 -2.617 -1.289 0.043 0.053 2.01 9266.0 4.0704 14.986531 0.91662 15.328967 14.412347 "" "" 1787.9209 2163.11255 19069.27984 10.264 10089.0 13.877 13621.0 11.067 "" "" 0.002816612716206084 0.0031646874 0.0038809697 0.0070456574 7.94242500749 63.22387088334 1956.44446 -2.617 -1.288999999999998 0.6564043598175049 -0.19004258060455315 0.09836174 0.108361736 "" "" 6.33718431109328 "" 0.6284656389693677 ""
7.55706621041 63.30625730578 0.0155 0.017 14.7655 "" "" 430794913543358464 2029.28699 0.4703 0.0211 -2.003 -0.315 0.021 0.023 1.006 "" "" 14.989368 1.147286 15.476657 14.32937 "" "" 1941.47961 2120.71802 19019.50932 5.1088 8805.5 14.912 14703.0 10.851 "" "" 0.0027707114677331165 0.0033415253 0.0038633908 0.0072049163 7.55706621041 63.30625730578 2029.28699 -2.003 -0.315 1.2704043598175048 0.7839574193954468 0.07636174 0.078361735 "" "" 14.359183221150065 "" 1.1044868148625917 ""
7.89370977081 63.20931967557 0.0167 0.0188 4.014 "" "" 430790481137212288 2019.38379 0.4633 0.0239 2.52 0.386 0.022 0.026 0.965 6575.1 3.9677 14.989648 1.254602 15.532035 14.277432 "" "" 1929.37708 2147.53296 19014.62477 4.3775 8367.6 12.323 15424.0 13.777 "" "" 0.0027666346263010818 0.0032158587 0.003901825 0.007117684 7.89370977081 63.20931967557 2019.38379 2.5200000000000027 0.38600000000000045 5.7934043598175045 1.484957419395447 0.07736173 0.08136174 "" "" 57.24642578636425 "" 4.443140801908896 ""
7.60827648326 62.98355315899 0.0184 0.0193 15.2683 "" "" 430760824381616768 2314.57373 0.4058 0.0262 -3.143 -0.092 0.023 0.026 1.158 11571.5 4.3924 14.994869 0.843946 15.155634 14.311687 "" "" 2175.53442 2466.73608 18923.39878 7.725 11835.0 97.485 14945.0 189.02 "" "" 0.0027907413471994773 0.009368361 0.014242668 0.023611028 7.60827648326 62.98355315899 2314.57373 -3.1430000000000016 -0.09199999999999921 0.1304043598175051 1.0069574193954467 0.078361735 0.08136174 "" "" 11.139663397498293 "" 0.9058011770443639 ""
7.72612037834 63.08417122069 0.0179 0.0188 8.9344 "" "" 430783540470189312 1916.07483 0.4932 0.0258 -5.171 -2.684 0.023 0.024 1.004 6647.6 3.884 15.018209 1.416139 15.654608 14.238469 "" "" 1831.38635 1990.81763 18520.95438 4.6213 7474.4 11.178 15987.0 19.0 "" "" 0.0027686064478838397 0.0032282388 0.0039935894 0.007221828 7.72612037834 63.08417122069 1916.07483 -5.171000000000008 -2.684000000000001 -1.8975956401824954 -1.5850425806045534 0.078361735 0.07936174 "" "" 22.455676692785193 "" 1.7689289351445117 ""
8.54592218398 63.32284888065 0.0236 0.0258 17.4631 "" "" 430877754871087616 1812.1925 0.5278 0.0322 -6.418 1.785 0.032 0.034 1.745 6573.7 3.7875 15.019591 1.267376 15.564997 14.297621 "" "" 1706.06494 1915.65442 18497.38727 5.8547 8117.4 9.7034 15139.0 13.773 "" "" 0.002776668133993768 0.0030772577 0.00390633 0.0069835875 8.54592218398 63.32284888065 1812.1925 -6.417999999999998 1.785 -3.1445956401824953 2.883957419395447 0.08736174 0.08936174 "" "" 36.65103704628972 "" 3.235592220327317 ""
8.34690916849 62.90230878319 0.0171 0.0167 18.2903 "" "" 430766017004042496 2408.28589 0.3858 0.0231 -3.05 -1.161 0.023 0.025 0.984 "" "" 15.02174 0.928252 15.395265 14.467012 "" "" 2307.78857 2562.11963 18460.80833 4.4696 9491.0 13.085 12952.0 12.825 "" "" 0.002767831359888558 0.0031663368 0.003929319 0.0070956554 8.34690916849 62.90230878319 2408.28589 -3.0500000000000007 -1.1610000000000007 0.22340435981750506 -0.062042580604553255 0.078361735 0.08036174 "" "" 2.64673904723457 "" 0.20778657432268524 ""
7.89372345546 62.8601449515 0.0161 0.0171 18.499 "" "" 430756293196742272 1907.42407 0.4972 0.023 -4.761 -0.635 0.019 0.022 1.009 6774.6 3.9582 15.026491 1.325964 15.610631 14.284667 "" "" 1829.37598 2014.63 18380.19973 4.0176 7783.3 12.973 15321.0 16.31 "" "" 0.0027655219872817676 0.0033256544 0.0039521707 0.007277825 7.89372345546 62.8601449515 1907.42407 -4.761000000000001 -0.6349999999999998 -1.4875956401824952 0.46395741939544677 0.074361734 0.07736173 "" "" 14.08859173605813 "" 1.0514675474770907 ""
