Clusters/King_14/King_14_stars_in_region.tsv
# %ECSV 1.0
# ---
# datatype:
# - name: RA_ICRS_1
#   unit: deg
#   datatype: float64
#   format: '{:15.11f}'
#   description: Right ascension (ICRS) at Ep=2016.0 (ra)
#   meta: !!omap
#   - {ucd: POS_EQ_RA_MAIN}
#   - {width: 15}
#   - {precision: '11'}
# - name: DE_ICRS_1
#   unit: deg
#   datatype: float64
#   format: '{:15.11f}'
#   description: Declination (ICRS) at Ep=2016.0 (dec)
#   meta: !!omap
#   - {ucd: POS_EQ_DEC_MAIN}
#   - {width: 15}
#   - {precision: '11'}
# - name: e_RA_ICRS
#   unit: mas
#   datatype: float64
#   format: '{:7.4f}'
#   description: Standard error of right ascension (ra_error)
#   meta: !!omap
#   - {ucd: ERROR}
#   - {width: 7}
#   - {precision: '4'}
# - name: e_DE_ICRS
#   unit: mas
#   datatype: float64
#   format: '{:7.4f}'
#   description: Standard error of declination (dec_error)
#   meta: !!omap
#   - {ucd: ERROR}
#   - {width: 7}
#   - {precision: '4'}
# - name: _r_1
#   unit: ''
#   datatype: float64
#   format: '{:7.4f}'
#   description: Distance from center (008.00361788000+63.16440173000)[ICRS], at Epoch=J2016.0
#   meta: !!omap
#   - {ucd: POS_ANG_DIST_GENERAL}
#   - {width: 7}
#   - {precision: '4'}
# - name: HIP
#   datatype: int32
#   description: '? HIP cross-id number, van Leeuwen, Cat. I/311 (hip_original_ext_source_id)'
#   meta: !!omap
#   - {ucd: ID_NUMBER}
#   - {width: 6}
#   - values: {'null': -2147483648}
# - name: TYC2
#   datatype: string
#   description: Tycho-2 cross-id name, Hog et al., Cat. I/259 (tyc2_original_ext_source_id)
#   meta: !!omap
#   - {ucd: ID_CROSSID}
#   - {_votable_string_dtype: char}
# - name: Source
#   datatype: int64
#   description: Source identifier, identical to the Gaia-EDR3 source_id (id)
#   meta: !!omap
#   - {ucd: ID_MAIN}
#   - {width: 19}
# - name: rgeo
#   unit: pc
#   datatype: float64
#   format: '{:15.8f}'
#   description: '? Median of the geometric distance posterior (r_med_geo)'
#   meta: !!omap
#   - {ucd: PHYS_DISTANCE_TRUE}
#   - {width: 15}
#   - {precision: '8'}
#   - values: {'null': .nan}
# - name: Plx
#   unit: mas
#   datatype: float64
#   format: '{:9.4f}'
#   description: '? Parallax (parallax)'
#   meta: !!omap
#   - {ucd: POS_PARLX_TRIG}
#   - {width: 9}
#   - {precision: '4'}
#   - values: {'null': .nan}
# - name: e_Plx
#   unit: mas
#   datatype: float32
#   format: '{:7.4f}'
#   description: '? Standard error of parallax (parallax_error)'
#   meta: !!omap
#   - {ucd: ERROR}
#   - {width: 7}
#   - {precision: '4'}
#   - values: {'null': .nan}
# - name: pmRA
#   unit: mas / yr
#   datatype: float64
#   format: '{:9.3f}'
#   description: '? Proper motion in right ascension direction, pmRA*cosDE (pmra)'
#   meta: !!omap
#   - {ucd: POS_EQ_PMRA}
#   - {width: 9}
#   - {precision: '3'}
#   - values: {'null': .nan}
# - name: pmDE
#   unit: mas / yr
#   datatype: float64
#   format: '{:9.3f}'
#   description: '? Proper motion in declination direction (pmdec)'
#   meta: !!omap
#   - {ucd: POS_EQ_PMDEC}
#   - {width: 9}
#   - {precision: '3'}
#   - values: {'null': .nan}
# - name: e_pmRA
#   unit: mas / yr
#   datatype: float32
#   format: '{:6.3f}'
#   description: '? Standard error of proper motion in right ascension direction (pmra_error)'
#   meta: !!omap
#   - {ucd: ERROR}
#   - {width: 6}
#   - {precision: '3'}
#   - values: {'null': .nan}
# - name: e_pmDE
[...]
#         value: !astropy.table.SerializedColumn {name: SkyCoord.dec}
#       distance: !astropy.table.SerializedColumn
#         __class__: astropy.coordinates.distances.Distance
#         unit: !astropy.units.Unit {unit: pc}
#         value: !astropy.table.SerializedColumn {name: SkyCoord.distance}
#       frame: icrs
#       obstime: !astropy.time.Time {format: jyear_str, in_subfmt: '*', jd1: 367701545.0, jd2: 0.0, out_subfmt: '*', precision: 3, scale: tt}
#       pm_dec: !astropy.table.SerializedColumn
#         __class__: astropy.units.quantity.Quantity
#         unit: !astropy.units.Unit {unit: mas / yr}
#         value: !astropy.table.SerializedColumn {name: SkyCoord.pm_dec}
#       pm_ra_cosdec: !astropy.table.SerializedColumn
#         __class__: astropy.units.quantity.Quantity
#         unit: !astropy.units.Unit {unit: mas / yr}
#         value: !astropy.table.SerializedColumn {name: SkyCoord.pm_ra_cosdec}
#       ra: !astropy.table.SerializedColumn
#         __class__: astropy.coordinates.angles.Longitude
#         unit: *id001
#         value: !astropy.table.SerializedColumn {name: SkyCoord.ra}
#         wrap_angle: !astropy.coordinates.Angle
#           unit: *id001
#           value: 360.0
#       representation_type: spherical
# schema: astropy-2.0
RA_ICRS_1 DE_ICRS_1 e_RA_ICRS e_DE_ICRS _r_1 HIP TYC2 Source rgeo Plx e_Plx pmRA pmDE e_pmRA e_pmDE RUWE Teff logg Gmag BP-RP BPmag RPmag RV e_RV b_rgeo B_rgeo FG e_FG FBP e_FBP FRP e_FRP RAVE5 RAVE6 e_Gmag e_BPmag e_RPmag e_BP-RP SkyCoord.ra SkyCoord.dec SkyCoord.distance SkyCoord.pm_ra_cosdec SkyCoord.pm_dec rmRA rmDE e_rmRA e_rmDE rRV e_rRV v_pec v_pec3d e_vpec e_vpec3d
[from data line 349]
8.16172673159 63.21436567622 0.0219 0.0244 5.2245 "" "" 430779520380700032 2569.91528 0.3682 0.0323 -2.468 -0.797 0.03 0.033 0.999 8604.1 3.6302 15.753526 0.989752 16.157932 15.16818 "" "" 2381.40137 2867.14136 9408.85036 2.8443 4701.6 11.286 6790.3 9.6765 "" "" 0.002774800322202973 0.0038180712 0.004083826 0.007901898 8.16172673159 63.21436567622 2569.91528 -2.467999999999999 -0.7970000000000002 0.8054043598175049 0.30195741939544674 0.085361734 0.08836174 "" "" 10.477804673226393 "" 0.8983368021775953 ""
7.5305876984 63.07355068825 0.0241 0.0263 13.9423 "" "" 430785533334999424 2429.68774 0.3894 0.0337 -1.961 -0.35 0.031 0.042 0.969 8140.7 4.2959 15.755353 1.208463 16.274122 15.06566 "" "" 2251.44751 2704.98022 9393.02598 2.9549 4224.4 11.387 7462.7 11.705 "" "" 0.002776409499825927 0.0040435432 0.004145327 0.00818887 7.5305876984 63.07355068825 2429.68774 -1.9609999999999999 -0.34999999999999964 1.3124043598175048 0.7489574193954468 0.086361736 0.097361736 "" "" 17.402607551370725 "" 1.552135831829419 ""
7.79979436142 63.00954056164 0.0298 0.0303 10.8156 "" "" 430781616324936576 2053.34863 0.4681 0.0415 -2.154 -1.818 0.037 0.04 1.221 6317.5 4.2332 15.758268 1.334401 16.34543 15.011029 "" "" 1911.125 2258.51172 9367.84131 3.1081 3955.9 11.13 7847.8 9.8806 "" "" 0.0027787686099622084 0.004137207 0.0040189973 0.008156205 7.79979436142 63.00954056164 2053.34863 -2.154000000000002 -1.8180000000000016 1.119404359817505 -0.7190425806045533 0.09236173 0.09536174 "" "" 12.949067858521484 "" 1.2074744119116214 ""
8.24925467359 63.42139648278 0.0198 0.0232 16.7821 "" "" 430882152917355008 1838.64758 0.5148 0.0282 0.716 -2.743 0.026 0.03 1.006 7145.8 3.9707 15.765668 1.303705 16.337994 15.034288 "" "" 1760.71362 1917.21387 9304.2144 2.6644 3983.1 9.2935 7681.4 9.2669 "" "" 0.0027728069888673964 0.0037686247 0.003999926 0.007768551 8.24925467359 63.42139648278 1838.64758 0.7160000000000006 -2.7429999999999968 3.989404359817505 -1.644042580604553 0.08136174 0.085361734 "" "" 37.6050310683028 "" 3.0819033721394375 ""
7.53878144156 63.40193131842 0.0203 0.0229 18.9825 "" "" 430797215645794304 1794.74475 0.5315 0.0286 -4.202 -1.493 0.028 0.031 0.948 7678.6 4.2282 15.779219 1.257226 16.3268 15.069573 "" "" 1716.54578 1907.12158 9188.81346 4.7944 4024.4 12.88 7435.8 14.049 "" "" 0.0028129540612455996 0.004456433 0.00430021 0.008756643 7.53878144156 63.40193131842 1794.74475 -4.201999999999996 -1.4930000000000005 -0.9285956401824951 -0.3940425806045533 0.08336174 0.086361736 "" "" 8.58145486210228 "" 0.7193528922482045 ""
8.64206653513 63.11412961263 0.0241 0.0223 17.5688 "" "" 430867996705464832 2024.91479 0.4733 0.0313 -1.532 0.153 0.031 0.031 0.999 9110.1 4.449 15.785142 1.217622 16.24051 15.022889 "" "" 1916.56445 2183.32935 9138.81646 3.0095 4357.3 25.212 7762.5 97.456 "" "" 0.0027784216115474005 0.006873974 0.014145349 0.021019323 8.64206653513 63.11412961263 2024.91479 -1.5320000000000014 0.15300000000000016 1.7414043598175049 1.2519574193954468 0.086361736 0.086361736 "" "" 20.585368854264082 "" 1.7777881916730016 ""
7.97238467819 63.16442687985 0.025 0.0259 0.846 "" "" 430789415985384704 2616.98633 0.3603 0.0357 -3.192 -1.136 0.036 0.036 0.934 7736.9 4.046 15.798794 1.068542 16.242208 15.173666 "" "" 2431.24487 2846.28955 9024.62639 3.3073 4350.4 15.284 6756.0 12.511 "" "" 0.002783901934407115 0.004726002 0.004280918 0.009006919 7.97238467819 63.16442687985 2616.98633 -3.1920000000000015 -1.1359999999999997 0.08140435981750471 -0.03704258060455312 0.09136173 0.09136173 "" "" 1.1094119193947636 "" 0.10135779367057422 ""
7.62908763598 63.1260156034 0.0255 0.0278 10.4092 "" "" 430786869056776064 1938.59778 0.49 0.0358 -1.938 1.504 0.035 0.037 1.102 5587.7 4.2359 15.800701 1.304797 16.343838 15.039041 "" "" 1813.82825 2054.38062 9008.78296 3.5024 3961.7 16.749 7647.9 31.467 "" "" 0.0027874656645281277 0.0053716837 0.005851478 0.011223162 7.62908763598 63.1260156034 1938.59778 -1.9380000000000002 1.5039999999999998 1.335404359817505 2.602957419395447 0.09036174 0.09236173 "" "" 26.882506220353303 "" 2.471808763720602 ""
7.40225032203 63.00718599869 0.026 0.0244 18.8609 "" "" 430761687675437568 2397.67285 0.3967 0.0348 -2.503 1.476 0.033 0.034 0.99 6041.6 3.8048 15.803671 1.367145 16.409481 15.042336 "" "" 2196.85132 2649.15186 8984.17649 2.9323 3729.3 9.2929 7624.7 10.939 "" "" 0.0027780147665551484 0.0038864897 0.004087799 0.007974289 7.40225032203 63.00718599869 2397.67285 -2.503 1.4759999999999998 0.7704043598175048 2.5749574193954468 0.08836174 0.08936174 "" "" 30.54604515014587 "" 2.72715102160663 ""
8.5230420242 63.34830500242 0.0201 0.0226 17.8447 "" "" 430877926669765376 2118.90259 0.4511 0.0282 1.627 -0.059 0.026 0.029 0.98 5817.0 3.9465 15.805006 1.37236 16.417534 15.045174 "" "" 1969.2688 2255.67017 8973.14154 2.7438 3701.7 8.4501 7604.8 8.1816 "" "" 0.002775249615461054 0.0037320098 0.0039557745 0.0076877843 8.5230420242 63.34830500242 2118.90259 1.627 -0.05899999999999999 4.900404359817505 1.0399574193954468 0.08136174 0.08436173 "" "" 50.31379058199252 "" 4.100237094589926 ""
7.60571948157 63.27105123522 0.0241 0.0267 12.5169 "" "" 430794707384953088 1903.26648 0.508 0.0323 -2.828 -1.169 0.032 0.037 1.025 6013.5 4.2669 15.806125 1.178945 16.29075 15.111805 "" "" 1794.41443 2023.62488 8963.89948 3.0886 4160.2 17.817 7152.1 12.692 "" "" 0.0027806008390957346 0.0054227966 0.004242171 0.009664968 7.60571948157 63.27105123522 1903.26648 -2.827999999999997 -1.1689999999999996 0.44540435981750504 -0.07004258060455326 0.08736174 0.09236173 "" "" 4.067588623753435 "" 0.3558561084041752 ""
7.46737292079 63.19190192562 0.0248 0.0232 14.6112 "" "" 430788075955499008 2004.88574 0.4746 0.0314 1.222 -1.796 0.033 0.034 0.976 7360.2 4.3364 15.808925 1.219707 16.339165 15.119457 "" "" 1892.51819 2120.68701 8940.8126 2.8479 3978.8 8.2624 7101.9 8.7345 "" "" 0.0027769394945028982 0.003587266 0.0040083444 0.0075956103 7.46737292079 63.19190192562 2004.88574 1.221999999999999 -1.795999999999998 4.495404359817504 -0.6970425806045533 0.08836174 0.08936174 "" "" 43.23104551785706 "" 3.820991001027132 ""
7.41288669552 63.03422355991 0.0261 0.0243 17.8373 "" "" 430762099992292480 2586.45215 0.3631 0.0334 -1.322 0.149 0.033 0.034 1.053 9347.0 4.3163 15.809933 0.909477 16.175463 15.265985 "" "" 2346.93042 2936.3208 8932.51447 2.7664 4626.3 11.343 6205.3 8.7294 "" "" 0.0027757620876050332 0.0038563758 0.0040763468 0.007932723 7.41288669552 63.03422355991 2586.45215 -1.322 0.149 1.9514043598175048 1.2479574193954468 0.08836174 0.08936174 "" "" 28.397682499838087 "" 2.5175445946676356 ""
8.42830562052 63.11289657092 0.0242 0.0238 11.9208 "" "" 430775019255131648 1911.27246 0.5025 0.032 -3.265 -0.68 0.031 0.032 1.009 6734.8 4.1827 15.810079 1.455435 16.462267 15.006832 "" "" 1800.16223 2020.1853 8931.31481 3.141 3552.3 10.833 7878.2 13.348 "" "" 0.002781652049498653 0.004329894 0.0042032963 0.008533191 8.42830562052 63.11289657092 1911.27246 -3.2650000000000006 -0.6799999999999999 0.008404359817504758 0.41895741939544673 0.086361736 0.08736174 "" "" 3.796279627128244 "" 0.33164806816971965 ""
7.55556002352 63.11868300095 0.0241 0.0266 12.4515 "" "" 430786083091220352 2425.2356 0.3966 0.035 -0.908 -0.383 0.034 0.044 0.958 7533.1 4.0728 15.81029 1.021723 16.228495 15.206772 "" "" 2231.18066 2739.67188 8929.5682 3.3722 4405.7 8.9869 6553.1 9.0427 "" "" 0.0027856610440825805 0.0035623086 0.004065512 0.0076278206 7.55556002352 63.11868300095 2425.2356 -0.9079999999999999 -0.38299999999999995 2.365404359817505 0.7159574193954468 0.08936174 0.09936173 "" "" 28.41006918880628 "" 2.5638270362066407 ""
8.21640985499 63.04442628027 0.0723 0.0752 9.2291 "" "" 430775912608379648 1793.04858 0.5627 0.1021 -2.571 -1.605 0.098 0.103 3.06 5975.8 3.7385 15.810644 1.476154 16.46578 14.989626 "" "" 1528.84485 2167.28638 8926.66288 7.6405 3540.8 12.549 8004.0 10.227 "" "" 0.0029078156743223933 0.0047530984 0.0040259515 0.00877905 8.21640985499 63.04442628027 1793.04858 -2.571 -1.6049999999999998 0.7024043598175047 -0.5060425806045532 0.15336174 0.15836173 "" "" 7.357698936382663 "" 1.1410931046496087 ""
8.33845634356 63.05327715604 0.0249 0.0234 11.2705 "" "" 430773198189052672 2574.12207 0.3741 0.0323 -2.446 -1.552 0.033 0.034 1.006 7634.1 4.1279 15.812056 1.456918 16.463882 15.006965 "" "" 2347.25 2823.73706 8915.06279 3.0902 3547.0 9.3058 7877.2 10.616 "" "" 0.002780903662614094 0.003987358 0.0040527494 0.008040108 8.33845634356 63.05327715604 2574.12207 -2.446 -1.552 0.8274043598175047 -0.45304258060455327 0.08836174 0.08936174 "" "" 11.509721029351715 "" 1.0196852888759804 ""
8.50618388847 62.99350629684 0.0226 0.0237 17.0742 "" "" 430772029958018816 2391.31812 0.3973 0.0314 1.915 0.023 0.03 0.032 1.036 5180.0 3.5996 15.813352 1.64473 16.593498 14.948769 "" "" 2252.65527 2592.38843 8904.42575 2.9708 3147.9 8.0447 8310.9 9.1058 "" "" 0.0027790294044400168 0.00393496 0.003962175 0.007897135 8.50618388847 62.99350629684 2391.31812 1.9149999999999998 0.022999999999999892 5.188404359817505 1.1219574193954467 0.085361734 0.08736174 "" "" 60.16907130903909 "" 5.141572144889492 ""
7.95577698814 63.05299965619 0.026 0.026 6.809 "" "" 430782681476798080 2109.81909 0.4467 0.0367 -6.58 -0.478 0.032 0.034 1.036 7148.6 4.2309 15.826344 1.350393 16.42265 15.072256 "" "" 1968.82178 2305.97876 8798.50678 3.275 3684.3 12.45 7417.5 9.184 "" "" 0.002784800644103656 0.0046093436 0.004011345 0.008620689 7.95577698814 63.05299965619 2109.81909 -6.579999999999995 -0.4779999999999994 -3.306595640182495 0.6209574193954468 0.08736174 0.08936174 "" "" 33.64578870604872 "" 2.9416722033137583 ""
8.36399222944 63.0459342728 0.025 0.0264 12.091 "" "" 430773163829324032 2387.44727 0.3898 0.0355 -5.7 -1.398 0.033 0.038 1.04 6359.3 3.6663 15.827512 1.781233 16.68669 14.905457 "" "" 2201.77539 2592.59302 8789.05492 3.5282 2889.0 8.4192 8649.2 10.879 "" "" 0.0027895793770422533 0.0042185844 0.0040185456 0.00823713 8.36399222944 63.0459342728 2387.44727 -5.7 -1.3980000000000006 -2.4265956401824953 -0.29904258060455313 0.08836174 0.093361735 "" "" 27.668305433471325 "" 2.4469467989392077 ""
8.07297655661 62.90755143656 0.0243 0.0265 15.5261 "" "" 430768387825784192 2517.55371 0.3725 0.0358 -0.665 -0.247 0.031 0.034 1.056 8267.3 4.2965 15.828814 1.179016 16.331966 15.15295 "" "" 2296.22559 2772.38159 8778.52182 3.1753 4005.3 11.79 6886.2 10.924 "" "" 0.0027831675652809666 0.0042425566 0.004153346 0.008395903 8.07297655661 62.90755143656 2517.55371 -0.6650000000000005 -0.24700000000000036 2.608404359817505 0.8519574193954468 0.086361736 0.08936174 "" "" 32.74486287055904 "" 2.837520865271406 ""
8.18186290307 63.16609043105 0.0254 0.0283 4.8289 "" "" 430778936265208448 2567.65405 0.3711 0.0365 -0.678 -0.715 0.034 0.039 1.076 7937.2 4.0996 15.82893 1.341375 16.418058 15.076683 "" "" 2303.72949 2785.76514 8777.57702 2.8355 3699.9 9.9327 7387.3 12.971 "" "" 0.0027775537009155703 0.004034951 0.0042329724 0.008267923 8.18186290307 63.16609043105 2567.65405 -0.678 -0.7150000000000004 2.595404359817505 0.3839574193954468 0.08936174 0.09436174 "" "" 31.931623116944984 "" 2.856978326023833 ""
8.60507192762 63.15111756609 0.0228 0.0218 16.3141 "" "" 430868477741792000 1868.39648 0.5089 0.0304 -0.308 -0.817 0.03 0.03 0.971 5367.9 4.1518 15.83017 1.513647 16.524454 15.010807 "" "" 1783.52002 1972.70483 8767.56054 2.8692 3354.6 9.5789 7849.4 10.661 "" "" 0.002778134979463405 0.004170936 0.0040568816 0.008227818 8.60507192762 63.15111756609 1868.39648 -0.308 -0.817 2.965404359817505 0.28195741939544683 0.085361734 0.085361734 "" "" 26.380658566889384 "" 2.2518987601924576 ""
7.78176714253 63.0364633266 0.0427 0.0293 9.7567 "" "" 430781753765140736 2479.21216 0.3887 0.0449 -2.963 -0.576 0.051 0.042 1.05 "" "" 15.831144 "" "" "" "" "" 2249.33081 2731.33032 8759.69931 5.7 "" "" "" "" "" "" 0.0028444554045341454 "" "" "" 7.78176714253 63.0364633266 2479.21216 -2.9629999999999996 -0.5760000000000004 0.3104043598175048 0.5229574193954468 0.10636173 0.097361736 "" "" 7.146546646580825 "" 0.7131158047721035 ""
7.66568628971 63.01035113193 0.0288 0.0288 13.0253 "" "" 430784399463726848 2012.37085 0.4719 0.0391 1.303 -1.758 0.036 0.036 1.184 6698.4 4.2861 15.837076 1.276192 16.395359 15.119167 "" "" 1874.3678 2182.86694 8711.97086 2.9474 3778.1 10.494 7103.8 9.5002 "" "" 0.002779696902985085 0.0041084858 0.004048707 0.008157193 7.66568628971 63.01035113193 2012.37085 1.3030000000000008 -1.7580000000000016 4.576404359817505 -0.6590425806045532 0.09136173 0.09136173 "" "" 44.10298721215207 "" 4.029325266798987 ""
7.87387491789 63.15616144764 0.0239 0.0257 3.5493 "" "" 430789897021718400 2452.47461 0.3911 0.0334 -2.822 1.399 0.032 0.034 0.923 7335.8 4.3101 15.837445 1.229714 16.376574 15.146859 "" "" 2255.56616 2714.55273 8709.0097 3.1908 3844.0 8.8832 6924.9 8.6851 "" "" 0.0027838870661456207 0.0037523871 0.004017212 0.007769599 7.87387491789 63.15616144764 2452.47461 -2.8219999999999987 1.398999999999998 0.4514043598175048 2.497957419395447 0.08736174 0.08936174 "" "" 29.508402893771045 "" 2.6350762249599295 ""
8.46933696484 63.38194761299 0.02 0.0235 18.1191 "" "" 430878167187912448 2091.29419 0.4625 0.0288 2.573 -1.603 0.026 0.031 0.983 5710.5 4.1676 15.838143 1.333681 16.424034 15.090353 "" "" 1976.15833 2248.47314 8703.40632 2.603 3679.6 9.4574 7294.9 11.553 "" "" 0.00277438868257279 0.0039461907 0.004152153 0.008098343 8.46933696484 63.38194761299 2091.29419 2.573 -1.6029999999999998 5.846404359817505 -0.5040425806045532 0.08136174 0.086361736 "" "" 58.1688370609113 "" 4.734929120361139 ""
8.64959389629 63.28053888841 0.0216 0.0222 18.8007 "" "" 430876689719221632 1802.44861 0.5262 0.0297 -2.099 -1.122 0.028 0.032 1.013 7299.0 4.5063 15.841586 1.308029 16.413599 15.10557 "" "" 1723.47119 1899.89246 8675.85206 2.3189 3715.2 9.372 7193.3 9.1042 "" "" 0.0027705602697062604 0.003909803 0.0040214485 0.007931251 8.64959389629 63.28053888841 1802.44861 -2.099 -1.1220000000000008 1.1744043598175047 -0.02304258060455333 0.08336174 0.08736174 "" "" 10.035579759278345 "" 0.8365991829648475 ""
7.83894141944 63.47162841625 0.0208 0.0237 18.96 "" "" 430889196663640192 2048.43579 0.4637 0.0289 2.274 0.835 0.029 0.032 1.005 7443.3 4.1574 15.842765 1.335176 16.432358 15.097181 "" "" 1945.14148 2174.36157 8666.4409 2.5919 3651.5 8.3871 7249.1 12.498 "" "" 0.00277438803207784 0.003742216 0.0042175474 0.0079597635 7.83894141944 63.47162841625 2048.43579 2.2740000000000027 0.8349999999999995 5.547404359817505 1.9339574193954467 0.08436173 0.08736174 "" "" 57.042378981708644 "" 4.831031450213011 ""
8.07833790915 62.91628467739 0.0246 0.0255 15.0251 "" "" 430768422185515520 2204.22021 0.4336 0.0353 -3.457 -2.104 0.03 0.033 0.981 7351.2 4.2804 15.847682 1.406723 16.477875 15.071152 "" "" 2030.43005 2350.17212 8627.27801 3.181 3501.6 9.899 7425.0 11.755 "" "" 0.0027842504549496715 0.0041480204 0.004151908 0.008299928 8.07833790915 62.91628467739 2204.22021 -3.456999999999997 -2.1039999999999996 -0.18359564018249497 -1.0050425806045533 0.085361734 0.08836174 "" "" 10.674454778904094 "" 0.9421962928727946 ""
8.21027711881 63.13535545605 0.0254 0.0262 5.8653 "" "" 430778042912052736 1976.15173 0.4823 0.0346 0.358 -1.136 0.034 0.035 1.03 7981.7 4.0165 15.847824 1.222813 16.374224 15.151411 "" "" 1828.18372 2113.01514 8626.14998 2.8623 3852.4 7.7668 6895.9 7.7843 "" "" 0.002778773198646366 0.0035463409 0.0039731413 0.007519482 8.21027711881 63.13535545605 1976.15173 0.358 -1.1359999999999995 3.631404359817505 -0.03704258060455312 0.08936174 0.09036174 "" "" 34.01698611893175 "" 3.0398207008724802 ""
