Clusters/King_14/King_14_stars_in_region.tsv
# %ECSV 1.0
# ---
# datatype:
# - name: RA_ICRS_1
#   unit: deg
#   datatype: float64
#   format: '{:15.11f}'
#   description: Right ascension (ICRS) at Ep=2016.0 (ra)
#   meta: !!omap
#   - {ucd: POS_EQ_RA_MAIN}
#   - {width: 15}
#   - {precision: '11'}
# - name: DE_ICRS_1
#   unit: deg
#   datatype: float64
#   format: '{:15.11f}'
#   description: Declination (ICRS) at Ep=2016.0 (dec)
#   meta: !!omap
#   - {ucd: POS_EQ_DEC_MAIN}
#   - {width: 15}
#   - {precision: '11'}
# - name: e_RA_ICRS
#   unit: mas
#   datatype: float64
#   format: '{:7.4f}'
#   description: Standard error of right ascension (ra_error)
#   meta: !!omap
#   - {ucd: ERROR}
#   - {width: 7}
#   - {precision: '4'}
# - name: e_DE_ICRS
#   unit: mas
#   datatype: float64
#   format: '{:7.4f}'
#   description: Standard error of declination (dec_error)
#   meta: !!omap
#   - {ucd: ERROR}
#   - {width: 7}
#   - {precision: '4'}
# - name: _r_1
#   unit: ''
#   datatype: float64
#   format: '{:7.4f}'
#   description: Distance from center (008.00361788000+63.16440173000)[ICRS], at Epoch=J2016.0
#   meta: !!omap
#   - {ucd: POS_ANG_DIST_GENERAL}
#   - {width: 7}
#   - {precision: '4'}
# - name: HIP
#   datatype: int32
#   description: '? HIP cross-id number, van Leeuwen, Cat. I/311 (hip_original_ext_source_id)'
#   meta: !!omap
#   - {ucd: ID_NUMBER}
#   - {width: 6}
#   - values: {'null': -2147483648}
# - name: TYC2
#   datatype: string
#   description: Tycho-2 cross-id name, Hog et al., Cat. I/259 (tyc2_original_ext_source_id)
#   meta: !!omap
#   - {ucd: ID_CROSSID}
#   - {_votable_string_dtype: char}
# - name: Source
#   datatype: int64
#   description: Source identifier, identical to the Gaia-EDR3 source_id (id)
#   meta: !!omap
#   - {ucd: ID_MAIN}
#   - {width: 19}
# - name: rgeo
#   unit: pc
#   datatype: float64
#   format: '{:15.8f}'
#   description: '? Median of the geometric distance posterior (r_med_geo)'
#   meta: !!omap
#   - {ucd: PHYS_DISTANCE_TRUE}
#   - {width: 15}
#   - {precision: '8'}
#   - values: {'null': .nan}
# - name: Plx
#   unit: mas
#   datatype: float64
#   format: '{:9.4f}'
#   description: '? Parallax (parallax)'
#   meta: !!omap
#   - {ucd: POS_PARLX_TRIG}
#   - {width: 9}
#   - {precision: '4'}
#   - values: {'null': .nan}
# - name: e_Plx
#   unit: mas
#   datatype: float32
#   format: '{:7.4f}'
#   description: '? Standard error of parallax (parallax_error)'
#   meta: !!omap
#   - {ucd: ERROR}
#   - {width: 7}
#   - {precision: '4'}
#   - values: {'null': .nan}
# - name: pmRA
#   unit: mas / yr
#   datatype: float64
#   format: '{:9.3f}'
#   description: '? Proper motion in right ascension direction, pmRA*cosDE (pmra)'
#   meta: !!omap
#   - {ucd: POS_EQ_PMRA}
#   - {width: 9}
#   - {precision: '3'}
#   - values: {'null': .nan}
# - name: pmDE
#   unit: mas / yr
#   datatype: float64
#   format: '{:9.3f}'
#   description: '? Proper motion in declination direction (pmdec)'
#   meta: !!omap
#   - {ucd: POS_EQ_PMDEC}
#   - {width: 9}
#   - {precision: '3'}
#   - values: {'null': .nan}
# - name: e_pmRA
#   unit: mas / yr
#   datatype: float32
#   format: '{:6.3f}'
#   description: '? Standard error of proper motion in right ascension direction (pmra_error)'
#   meta: !!omap
#   - {ucd: ERROR}
#   - {width: 6}
#   - {precision: '3'}
#   - values: {'null': .nan}
# - name: e_pmDE
[...]
#         value: !astropy.table.SerializedColumn {name: SkyCoord.dec}
#       distance: !astropy.table.SerializedColumn
#         __class__: astropy.coordinates.distances.Distance
#         unit: !astropy.units.Unit {unit: pc}
#         value: !astropy.table.SerializedColumn {name: SkyCoord.distance}
#       frame: icrs
#       obstime: !astropy.time.Time {format: jyear_str, in_subfmt: '*', jd1: 367701545.0, jd2: 0.0, out_subfmt: '*', precision: 3, scale: tt}
#       pm_dec: !astropy.table.SerializedColumn
#         __class__: astropy.units.quantity.Quantity
#         unit: !astropy.units.Unit {unit: mas / yr}
#         value: !astropy.table.SerializedColumn {name: SkyCoord.pm_dec}
#       pm_ra_cosdec: !astropy.table.SerializedColumn
#         __class__: astropy.units.quantity.Quantity
#         unit: !astropy.units.Unit {unit: mas / yr}
#         value: !astropy.table.SerializedColumn {name: SkyCoord.pm_ra_cosdec}
#       ra: !astropy.table.SerializedColumn
#         __class__: astropy.coordinates.angles.Longitude
#         unit: *id001
#         value: !astropy.table.SerializedColumn {name: SkyCoord.ra}
#         wrap_angle: !astropy.coordinates.Angle
#           unit: *id001
#           value: 360.0
#       representation_type: spherical
# schema: astropy-2.0
RA_ICRS_1 DE_ICRS_1 e_RA_ICRS e_DE_ICRS _r_1 HIP TYC2 Source rgeo Plx e_Plx pmRA pmDE e_pmRA e_pmDE RUWE Teff logg Gmag BP-RP BPmag RPmag RV e_RV b_rgeo B_rgeo FG e_FG FBP e_FBP FRP e_FRP RAVE5 RAVE6 e_Gmag e_BPmag e_RPmag e_BP-RP SkyCoord.ra SkyCoord.dec SkyCoord.distance SkyCoord.pm_ra_cosdec SkyCoord.pm_dec rmRA rmDE e_rmRA e_rmDE rRV e_rRV v_pec v_pec3d e_vpec e_vpec3d
[from data line 797]
8.49679502939 63.02646573965 0.0403 0.0394 15.7411 "" "" 430773610505954176 2026.21729 0.4777 0.0538 -1.827 -0.451 0.052 0.053 0.973 5566.3 4.5854 16.848473 1.377108 17.471193 16.094086 "" "" 1812.69006 2278.85205 3432.08037 2.053 1402.6 8.1031 2894.2 9.3999 "" "" 0.00283082925597451 0.0068650916 0.005168995 0.0120340865 8.49679502939 63.02646573965 2026.21729 -1.8269999999999997 -0.45099999999999907 1.446404359817505 0.6479574193954467 0.107361734 0.108361736 "" "" 15.221887378700705 "" 1.6368022917175997 ""
8.54282441803 63.21906464162 0.0369 0.0402 14.9552 "" "" 430870401887118208 2099.23145 0.4663 0.0514 -2.474 -1.555 0.047 0.051 1.058 7184.2 4.3442 16.850002 1.362755 17.448053 16.085299 "" "" 1890.49951 2355.65015 3427.24973 1.8329 1432.8 6.3563 2917.7 11.365 "" "" 0.0028158388360117075 0.005566413 0.0056718104 0.011238223 8.54282441803 63.21906464162 2099.23145 -2.473999999999999 -1.5549999999999977 0.7994043598175047 -0.45604258060455316 0.10236174 0.10636173 "" "" 9.157692439124737 "" 0.9465228099949649 ""
8.0962544579 63.09837535343 0.0443 0.0464 4.6909 "" "" 430777390077054464 2632.28271 0.3646 0.0651 -1.624 1.139 0.062 0.064 0.962 7204.8 4.3361 16.851244 1.396696 17.475853 16.079157 "" "" 2209.35864 3142.74683 3423.33269 2.1316 1396.6 12.2 2934.2 7.8905 "" "" 0.0028370472994415172 0.009886346 0.004775815 0.0146621615 8.0962544579 63.09837535343 2632.28271 -1.6240000000000006 1.1389999999999991 1.6494043598175048 2.237957419395447 0.11736174 0.11936174 "" "" 34.68743555711208 "" 4.116066752042592 ""
8.03085827737 63.32185604392 0.0473 0.0574 9.4759 "" "" 430885657610714368 2052.30005 0.496 0.0693 -1.596 -1.116 0.062 0.077 1.356 5000.0 4.3139 16.852097 1.625145 17.590265 15.96512 "" "" 1781.6731 2443.16577 3420.64354 2.6269 1256.9 8.7759 3259.2 8.541 "" "" 0.0028787159964807564 0.008077972 0.0047306693 0.012808641 8.03085827737 63.32185604392 2052.30005 -1.5960000000000014 -1.116 1.6774043598175048 -0.017042580604553326 0.11736174 0.13236174 "" "" 16.318467815889896 "" 1.9151906446985132 ""
8.47168743858 63.19856913881 0.0409 0.0407 12.8354 "" "" 430869577253401600 2321.31152 0.4221 0.0544 -3.947 1.857 0.051 0.052 1.035 4833.6 4.3122 16.854143 1.507265 17.534534 16.02727 "" "" 2043.31653 2826.38501 3414.20615 1.9442 1323.1 13.473 3077.9 12.877 "" "" 0.002823834713907981 0.011402587 0.005909065 0.017311651 8.47168743858 63.19856913881 2321.31152 -3.9469999999999996 1.857000000000001 -0.6735956401824952 2.955957419395447 0.10636173 0.107361734 "" "" 33.358227355357066 "" 3.5797577020995637 ""
8.13644163295 63.15684765203 0.0415 0.0435 3.6266 "" "" 430778867545737472 1795.41699 0.5443 0.0579 -3.282 -1.117 0.056 0.058 0.943 8143.9 4.4449 16.854168 1.324444 17.444008 16.119564 "" "" 1639.10901 1971.2113 3414.12656 1.8132 1438.2 6.2575 2827.0 7.5895 "" "" 0.0028150099614849228 0.005486421 0.0047728294 0.01025925 8.13644163295 63.15684765203 1795.41699 -3.282 -1.117 -0.008595640182495146 -0.018042580604553216 0.11136174 0.11336173 "" "" 0.17008203258926505 "" 0.019218324001347015 ""
8.06357043205 63.25987476464 0.0363 0.0424 5.9534 "" "" 430791576341246080 2531.33838 0.38 0.053 -2.111 0.544 0.05 0.056 1.033 4928.3 4.231 16.854353 1.800445 17.732082 15.931638 "" "" 2251.25928 2853.88647 3413.54245 2.0504 1103.0 7.1362 3361.3 7.7868 "" "" 0.0028314499446344967 0.007558355 0.00453983 0.012098186 8.06357043205 63.25987476464 2531.33838 -2.111000000000003 0.544 1.1624043598175047 1.6429574193954468 0.10536174 0.11136174 "" "" 24.148073407317383 "" 2.6417223013906885 ""
8.20406757052 63.44218335716 0.0362 0.0391 17.5209 "" "" 430882221636811136 2451.63623 0.3939 0.0493 -0.889 -1.471 0.044 0.051 0.922 5759.3 4.5382 16.855738 1.309345 17.432222 16.122877 "" "" 2225.40625 2753.59717 3409.19079 1.9099 1453.9 8.4482 2818.4 7.4738 "" "" 0.002821659092907213 0.006898357 0.004751125 0.011649482 8.20406757052 63.44218335716 2451.63623 -0.889 -1.4709999999999992 2.3844043598175046 -0.3720425806045533 0.09936173 0.10636173 "" "" 28.043847201643597 "" 2.7913110900563334 ""
7.76470832093 63.07487259578 0.0453 0.0446 8.4178 "" "" 430783467442508032 2448.08691 0.4012 0.0594 -3.475 -3.04 0.056 0.057 0.969 5613.5 4.5693 16.85583 1.542679 17.569574 16.026896 "" "" 2155.65991 2787.35938 3408.90566 2.05 1281.1 10.391 3078.9 7.0745 "" "" 0.0028316250091625097 0.009237845 0.004528513 0.013766359 7.76470832093 63.07487259578 2448.08691 -3.475000000000004 -3.040000000000005 -0.2015956401824952 -1.9410425806045533 0.11136174 0.11236174 "" "" 22.64487951558947 "" 2.54417739386141 ""
7.60051273108 63.37606052117 0.0342 0.0407 16.7218 "" "" 430796906408156800 2433.70142 0.397 0.0481 -5.854 0.344 0.048 0.053 1.007 6067.2 4.4529 16.857157 1.381846 17.473059 16.091213 "" "" 2210.2998 2678.75952 3404.73816 1.5903 1400.2 9.0171 2901.8 9.1906 "" "" 0.0028016014411761 0.0075281505 0.0051096706 0.012637821 7.60051273108 63.37606052117 2433.70142 -5.854000000000002 0.3439999999999999 -2.580595640182495 1.4429574193954466 0.10336174 0.108361736 "" "" 34.10680997287328 "" 3.5666978567997814 ""
8.13873064539 63.15298229434 0.0438 0.0443 3.7239 "" "" 430778867545742976 2577.91943 0.3532 0.0601 -1.015 -0.816 0.057 0.059 1.022 4958.3 4.2718 16.862234 1.764564 17.718004 15.953441 "" "" 2273.73926 3181.1145 3388.8563 1.8871 1117.4 7.0725 3294.4 7.6658 "" "" 0.002820873459402678 0.007416914 0.004546045 0.01196296 8.13873064539 63.15298229434 2577.91943 -1.0150000000000006 -0.8160000000000005 2.258404359817505 0.28295741939544683 0.11236174 0.11436173 "" "" 27.811962858312825 "" 3.125867652218454 ""
7.72762180612 63.16647978115 0.0402 0.0423 7.4764 "" "" 430787182602356224 2156.21924 0.4493 0.0547 -1.773 -0.303 0.055 0.056 1.019 5194.4 4.508 16.863214 1.30868 17.438305 16.129625 "" "" 1966.56372 2455.8667 3385.79621 1.8897 1445.8 11.866 2801.0 14.447 "" "" 0.002821169594464789 0.009337493 0.006756023 0.016093517 7.72762180612 63.16647978115 2156.21924 -1.7730000000000012 -0.30300000000000027 1.500404359817505 0.7959574193954468 0.11036174 0.11136174 "" "" 17.359060309497515 "" 1.9196019384417093 ""
7.50906298733 63.18048425044 0.0424 0.0417 13.4264 "" "" 430787801077607040 2445.21802 0.3925 0.0554 -3.417 1.403 0.059 0.061 1.112 5650.2 4.5633 16.865316 1.468897 17.528175 16.059278 "" "" 2145.83569 2733.44336 3379.24876 2.7771 1330.9 7.0383 2988.5 8.5228 "" "" 0.002896192826333704 0.006383816 0.004885822 0.011269638 7.50906298733 63.18048425044 2445.21802 -3.417000000000002 1.403 -0.14359564018249493 2.501957419395447 0.11436173 0.11636174 "" "" 29.046241877356906 "" 3.3796820709142685 ""
7.87183791495 63.24125165941 0.039 0.044 5.8282 "" "" 430791992965669760 1906.32861 0.5265 0.058 -4.381 4.767 0.052 0.057 0.972 5331.9 4.6771 16.865402 1.434803 17.50094 16.066137 "" "" 1697.18323 2136.55786 3378.98452 1.9073 1364.7 9.7424 2969.6 14.153 "" "" 0.0028226547062888277 0.008237825 0.0064078057 0.0146456305 7.87183791495 63.24125165941 1906.32861 -4.3809999999999985 4.767 -1.1075956401824953 5.865957419395447 0.107361734 0.11236174 "" "" 53.94136731829052 "" 6.051860880623302 ""
7.97621662659 63.18813792609 0.0423 0.0459 1.6058 "" "" 430789450345095552 2164.15894 0.4663 0.0586 -3.363 -1.081 0.056 0.064 0.957 5550.2 4.6428 16.867779 1.232124 17.40437 16.172245 "" "" 1898.0354 2448.34985 3371.59189 2.1021 1491.7 6.0899 2693.1 8.2167 "" "" 0.002837255934670077 0.005237603 0.0050256397 0.010263243 7.97621662659 63.18813792609 2164.15894 -3.363000000000002 -1.0810000000000006 -0.0895956401824951 0.017957419395446816 0.11136174 0.11936174 "" "" 0.937360763106859 "" 0.10468570496989013 ""
8.25649916546 63.42198518284 0.0349 0.0387 16.8925 "" "" 430882152917355264 2638.04321 0.3614 0.0484 -0.854 -2.279 0.044 0.052 1.007 5880.9 4.4726 16.868217 1.546274 17.581776 16.035501 "" "" 2311.29102 2961.32593 3370.23464 1.7606 1266.8 7.6193 3054.6 7.173 "" "" 0.0028130923211492566 0.007101374 0.0045589632 0.011660337 8.25649916546 63.42198518284 2638.04321 -0.854 -2.279 2.419404359817505 -1.1800425806045531 0.09936173 0.107361734 "" "" 33.659677393117356 "" 3.3978889879202914 ""
7.41543155518 63.13279067314 0.0417 0.0394 16.0526 "" "" 430786289248980736 1896.01086 0.503 0.0537 -3.304 -3.375 0.055 0.057 0.961 5451.5 4.6821 16.870342 1.308815 17.443466 16.134651 "" "" 1752.10742 2096.06226 3363.64415 1.7713 1438.9 7.9055 2788.0 8.8468 "" "" 0.002814016301918758 0.006585464 0.0051140306 0.011699494 7.41543155518 63.13279067314 1896.01086 -3.303999999999998 -3.375 -0.030595640182494943 -2.2760425806045532 0.11036174 0.11236174 "" "" 20.45685090283436 "" 2.298559966733377 ""
7.9921410985 63.39536825026 0.035 0.0432 13.8614 "" "" 430887959713137536 1922.1145 0.5258 0.0494 0.482 -1.724 0.047 0.056 1.001 5378.6 4.6106 16.870407 1.400961 17.505896 16.104935 "" "" 1754.97241 2121.87793 3363.44372 1.864 1358.5 9.2604 2865.4 8.7866 "" "" 0.002820255715651647 0.007909542 0.0050366977 0.01294624 7.9921410985 63.39536825026 1922.1145 0.48200000000000026 -1.7239999999999984 3.755404359817505 -0.6250425806045532 0.10236174 0.11136174 "" "" 34.685489812460204 "" 3.5592406388898414 ""
7.84690641885 63.46527481048 0.0352 0.0392 18.5397 "" "" 430889196663646336 2416.35913 0.4027 0.0488 -1.469 -2.258 0.048 0.053 0.933 5692.0 4.5489 16.871397 1.402569 17.503325 16.100756 "" "" 2132.6311 2796.37012 3360.37893 1.7032 1361.7 8.0303 2876.4 8.7599 "" "" 0.0028097370907233174 0.006984396 0.0050216485 0.012006044 7.84690641885 63.46527481048 2416.35913 -1.469 -2.2579999999999996 1.8044043598175048 -1.1590425806045532 0.10336174 0.108361736 "" "" 24.56312159945317 "" 2.575365330356723 ""
7.6176124221 63.23600876039 0.0415 0.0454 11.2917 "" "" 430793539153874944 1855.80835 0.5304 0.0561 -2.203 -0.326 0.055 0.061 1.05 4962.0 4.5198 16.872389 1.338621 17.471842 16.13322 "" "" 1701.87439 2056.6189 3357.31109 2.0802 1401.8 7.8172 2791.7 7.344 "" "" 0.0028362561227275027 0.006666627 0.0047372556 0.011403883 7.6176124221 63.23600876039 1855.80835 -2.2030000000000003 -0.32600000000000007 1.070404359817505 0.7729574193954467 0.11036174 0.11636174 "" "" 11.614182486419198 "" 1.3060636503105103 ""
8.46934897205 63.28380832554 0.0364 0.0392 14.4846 "" "" 430871741916887168 1778.11804 0.5522 0.0496 -0.819 -1.214 0.047 0.051 1.034 5554.1 4.5628 16.879614 1.486708 17.56955 16.082842 "" "" 1635.15942 1926.5835 3335.03989 1.7674 1281.1 6.0624 2924.3 7.6042 "" "" 0.0028147569444500324 0.005846631 0.0047174897 0.0105641205 8.46934897205 63.28380832554 1778.11804 -0.8190000000000001 -1.2139999999999995 2.454404359817505 -0.11504258060455319 0.10236174 0.10636173 "" "" 20.70911725945159 "" 2.120006379510789 ""
8.03037625661 63.16674668144 0.0416 0.0478 0.7383 "" "" 430789377317762560 2591.79028 0.3769 0.0601 -2.647 -2.262 0.056 0.063 1.003 7449.5 4.3377 16.879719 1.450756 17.53963 16.088875 "" "" 2207.23267 2948.59058 3334.72062 1.9676 1316.9 7.9983 2908.1 6.9754 "" "" 0.002828813453800694 0.007160303 0.004589759 0.011750062 8.03037625661 63.16674668144 2591.79028 -2.6469999999999976 -2.2620000000000013 0.6264043598175051 -1.1630425806045532 0.11136174 0.11836174 "" "" 16.22864252728868 "" 1.8959001007613647 ""
7.97037193616 63.21574174262 0.0397 0.0484 3.2091 "" "" 430791168331981056 2276.88037 0.429 0.0583 -2.376 -1.608 0.053 0.066 1.048 5598.4 4.6162 16.880297 1.365442 17.487465 16.122023 "" "" 1996.07935 2620.29492 3332.94183 2.1494 1381.8 8.9106 2820.7 9.4401 "" "" 0.0028428947811916486 0.0075369035 0.005242823 0.012779727 7.97037193616 63.21574174262 2276.88037 -2.3760000000000003 -1.608 0.897404359817505 -0.5090425806045533 0.108361736 0.12136173 "" "" 11.13481511214583 "" 1.24337823931633 ""
7.75642005325 63.0083194486 0.0536 0.0617 11.5228 "" "" 430781788123624448 2102.34888 0.484 0.0753 -2.699 -0.587 0.072 0.093 1.221 "" "" 16.882412 1.23998 16.98293 15.742949 "" "" 1808.80188 2440.88574 3326.45977 3.5877 2199.1 15.343 3999.2 14.79 "" "" 0.0029938333525239913 0.00807264 0.0055142054 0.013586845 7.75642005325 63.0083194486 2102.34888 -2.699 -0.587 0.574404359817505 0.5119574193954468 0.12736173 0.14836174 "" "" 7.6675909502552315 "" 1.0508899515078818 ""
8.13299637798 62.88897779859 0.0436 0.0438 16.8964 "" "" 430767563192223872 1826.00598 0.5598 0.0633 -5.987 -1.03 0.057 0.061 1.066 5112.1 4.368 16.88243 1.453768 17.547207 16.09344 "" "" 1635.76416 2044.4104 3326.40506 1.9262 1307.8 9.0512 2895.9 6.9669 "" "" 0.0028261397747499587 0.008015604 0.0045941803 0.012609784 8.13299637798 62.88897779859 1826.00598 -5.987 -1.0300000000000002 -2.713595640182495 0.06895741939544675 0.11236174 0.11636174 "" "" 23.494480682424662 "" 2.639942376795943 ""
7.65374140181 62.9610538987 0.0463 0.047 15.4693 "" "" 430760652576036224 2064.63208 0.475 0.0648 -2.541 -1.406 0.057 0.063 1.06 5443.8 4.6051 16.88502 1.458034 17.554798 16.096764 "" "" 1834.64014 2379.12598 3318.47949 1.9684 1298.7 7.1957 2887.0 8.9586 "" "" 0.0028295847067693254 0.006631296 0.005063078 0.011694374 7.65374140181 62.9610538987 2064.63208 -2.5409999999999995 -1.406 0.732404359817505 -0.30704258060455314 0.11236174 0.11836174 "" "" 7.771939841514694 "" 0.8803961378087837 ""
7.49573180899 63.15869068236 0.0412 0.0409 13.7621 "" "" 430787869797103616 1888.2207 0.5188 0.0556 -2.943 -0.638 0.056 0.059 0.992 5680.0 4.6234 16.885078 1.404653 17.516464 16.11181 "" "" 1695.87329 2089.2439 3318.29654 1.8674 1345.3 9.9896 2847.3 8.983 "" "" 0.002822254319297134 0.008531355 0.0051007015 0.013632057 7.49573180899 63.15869068236 1888.2207 -2.9429999999999965 -0.6380000000000002 0.3304043598175048 0.46095741939544677 0.11136174 0.11436173 "" "" 5.076005133403106 "" 0.5753775800930889 ""
7.9733980035 63.33379280369 0.0353 0.041 10.1962 "" "" 430885932488609536 2026.93079 0.4818 0.0501 -5.317 -0.769 0.046 0.055 0.986 5313.3 4.3792 16.887718 1.381529 17.49017 16.10864 "" "" 1825.2395 2264.9895 3310.23837 1.7419 1378.3 8.6491 2855.6 10.347 "" "" 0.0028139312735788314 0.007362392 0.005455326 0.012817718 7.9733980035 63.33379280369 2026.93079 -5.317 -0.7689999999999998 -2.0435956401824953 0.32995741939544676 0.10136174 0.11036174 "" "" 19.888431383119322 "" 2.0206699667424415 ""
7.95562779881 63.18375931154 0.0425 0.046 1.7428 "" "" 430789656504933376 2196.47217 0.4297 0.0601 -3.299 -1.028 0.056 0.061 1.026 5553.6 4.6932 16.8884 1.240757 17.40692 16.166162 "" "" 2001.23254 2464.61206 3308.16368 2.2205 1488.2 17.119 2708.3 12.05 "" "" 0.0028500682963840274 0.012797266 0.006133504 0.01893077 7.95562779881 63.18375931154 2196.47217 -3.2990000000000026 -1.0280000000000002 -0.02559564018249505 0.07095741939544675 0.11136174 0.11636174 "" "" 0.7853508119303366 "" 0.09094131032475611 ""
7.76179121143 63.11626502514 0.0478 0.0501 7.1636 "" "" 430783987146753024 2080.26074 0.4672 0.0684 -3.513 -1.994 0.066 0.068 1.151 4729.1 4.3401 16.890926 1.504019 17.564445 16.060427 "" "" 1842.31689 2359.61597 3300.47467 2.4705 1287.2 9.7189 2985.3 9.5841 "" "" 0.002872677884192033 0.0086595835 0.0051413714 0.013800954 7.76179121143 63.11626502514 2080.26074 -3.5129999999999972 -1.993999999999998 -0.23959564018249502 -0.8950425806045532 0.12136173 0.12336174 "" "" 9.136252814498741 "" 1.1258514291251531 ""
8.6454141214 63.0414782496 0.0448 0.0383 18.9174 "" "" 430726915619106560 1844.08435 0.5283 0.0559 -3.813 -0.555 0.054 0.054 0.945 5071.0 4.37 16.8944 1.382118 17.487404 16.105286 "" "" 1701.73145 1998.66687 3289.93059 1.9115 1381.8 9.6463 2864.5 13.179 "" "" 0.002826611931705096 0.008076738 0.006263891 0.014340628 8.6454141214 63.0414782496 1844.08435 -3.8129999999999997 -0.555 -0.5395956401824953 0.5439574193954467 0.10936174 0.10936174 "" "" 6.697270302360619 "" 0.7324251198978352 ""
