Clusters/UPK_62/UPK_62_stars_in_region.tsv
# %ECSV 1.0
# ---
# datatype:
# - name: RA_ICRS_1
#   unit: deg
#   datatype: float64
#   format: '{:15.11f}'
#   description: Right ascension (ICRS) at Ep=2016.0 (ra)
#   meta: !!omap
#   - {ucd: POS_EQ_RA_MAIN}
#   - {width: 15}
#   - {precision: '11'}
# - name: DE_ICRS_1
#   unit: deg
#   datatype: float64
#   format: '{:15.11f}'
#   description: Declination (ICRS) at Ep=2016.0 (dec)
#   meta: !!omap
#   - {ucd: POS_EQ_DEC_MAIN}
#   - {width: 15}
#   - {precision: '11'}
# - name: e_RA_ICRS
#   unit: mas
#   datatype: float64
#   format: '{:7.4f}'
#   description: Standard error of right ascension (ra_error)
#   meta: !!omap
#   - {ucd: ERROR}
#   - {width: 7}
#   - {precision: '4'}
# - name: e_DE_ICRS
#   unit: mas
#   datatype: float64
#   format: '{:7.4f}'
#   description: Standard error of declination (dec_error)
#   meta: !!omap
#   - {ucd: ERROR}
#   - {width: 7}
#   - {precision: '4'}
# - name: _r_1
#   unit: ''
#   datatype: float64
#   format: '{:7.4f}'
#   description: Distance from center (289.72680617000+20.82630606000)[ICRS], at Epoch=J2016.0
#   meta: !!omap
#   - {ucd: POS_ANG_DIST_GENERAL}
#   - {width: 7}
#   - {precision: '4'}
# - name: HIP
#   datatype: int32
#   description: '? HIP cross-id number, van Leeuwen, Cat. I/311 (hip_original_ext_source_id)'
#   meta: !!omap
#   - {ucd: ID_NUMBER}
#   - {width: 6}
#   - values: {'null': -2147483648}
# - name: TYC2
#   datatype: string
#   description: Tycho-2 cross-id name, Hog et al., Cat. I/259 (tyc2_original_ext_source_id)
#   meta: !!omap
#   - {ucd: ID_CROSSID}
#   - {_votable_string_dtype: char}
# - name: Source
#   datatype: int64
#   description: Source identifier, identical to the Gaia-EDR3 source_id (id)
#   meta: !!omap
#   - {ucd: ID_MAIN}
#   - {width: 19}
# - name: rgeo
#   unit: pc
#   datatype: float64
#   format: '{:15.8f}'
#   description: '? Median of the geometric distance posterior (r_med_geo)'
#   meta: !!omap
#   - {ucd: PHYS_DISTANCE_TRUE}
#   - {width: 15}
#   - {precision: '8'}
#   - values: {'null': .nan}
# - name: Plx
#   unit: mas
#   datatype: float64
#   format: '{:9.4f}'
#   description: '? Parallax (parallax)'
#   meta: !!omap
#   - {ucd: POS_PARLX_TRIG}
#   - {width: 9}
#   - {precision: '4'}
#   - values: {'null': .nan}
# - name: e_Plx
#   unit: mas
#   datatype: float32
#   format: '{:7.4f}'
#   description: '? Standard error of parallax (parallax_error)'
#   meta: !!omap
#   - {ucd: ERROR}
#   - {width: 7}
#   - {precision: '4'}
#   - values: {'null': .nan}
# - name: pmRA
#   unit: mas / yr
#   datatype: float64
#   format: '{:9.3f}'
#   description: '? Proper motion in right ascension direction, pmRA*cosDE (pmra)'
#   meta: !!omap
#   - {ucd: POS_EQ_PMRA}
#   - {width: 9}
#   - {precision: '3'}
#   - values: {'null': .nan}
# - name: pmDE
#   unit: mas / yr
#   datatype: float64
#   format: '{:9.3f}'
#   description: '? Proper motion in declination direction (pmdec)'
#   meta: !!omap
#   - {ucd: POS_EQ_PMDEC}
#   - {width: 9}
#   - {precision: '3'}
#   - values: {'null': .nan}
# - name: e_pmRA
#   unit: mas / yr
#   datatype: float32
#   format: '{:6.3f}'
#   description: '? Standard error of proper motion in right ascension direction (pmra_error)'
#   meta: !!omap
#   - {ucd: ERROR}
#   - {width: 6}
#   - {precision: '3'}
#   - values: {'null': .nan}
# - name: e_pmDE
[...]
#         value: !astropy.table.SerializedColumn {name: SkyCoord.dec}
#       distance: !astropy.table.SerializedColumn
#         __class__: astropy.coordinates.distances.Distance
#         unit: !astropy.units.Unit {unit: pc}
#         value: !astropy.table.SerializedColumn {name: SkyCoord.distance}
#       frame: icrs
#       obstime: !astropy.time.Time {format: jyear_str, in_subfmt: '*', jd1: 367701545.0, jd2: 0.0, out_subfmt: '*', precision: 3, scale: tt}
#       pm_dec: !astropy.table.SerializedColumn
#         __class__: astropy.units.quantity.Quantity
#         unit: !astropy.units.Unit {unit: mas / yr}
#         value: !astropy.table.SerializedColumn {name: SkyCoord.pm_dec}
#       pm_ra_cosdec: !astropy.table.SerializedColumn
#         __class__: astropy.units.quantity.Quantity
#         unit: !astropy.units.Unit {unit: mas / yr}
#         value: !astropy.table.SerializedColumn {name: SkyCoord.pm_ra_cosdec}
#       ra: !astropy.table.SerializedColumn
#         __class__: astropy.coordinates.angles.Longitude
#         unit: *id001
#         value: !astropy.table.SerializedColumn {name: SkyCoord.ra}
#         wrap_angle: !astropy.coordinates.Angle
#           unit: *id001
#           value: 360.0
#       representation_type: spherical
# schema: astropy-2.0
RA_ICRS_1 DE_ICRS_1 e_RA_ICRS e_DE_ICRS _r_1 HIP TYC2 Source rgeo Plx e_Plx pmRA pmDE e_pmRA e_pmDE RUWE Teff logg Gmag BP-RP BPmag RPmag RV e_RV b_rgeo B_rgeo FG e_FG FBP e_FBP FRP e_FRP RAVE5 RAVE6 e_Gmag e_BPmag e_RPmag e_BP-RP SkyCoord.ra SkyCoord.dec SkyCoord.distance SkyCoord.pm_ra_cosdec SkyCoord.pm_dec rmRA rmDE e_rmRA e_rmDE rRV e_rRV v_pec v_pec3d e_vpec e_vpec3d
290.49627447743 20.77148018369 0.0226 0.0293 43.2846 "" "" 4516747179425046016 976.685059 0.9756 0.0398 -1.798 -7.621 0.037 0.041 1.004 "" "" 10.081708 4.156741 12.820583 8.663842 17.61 0.14 942.758179 1012.27283 1746882.28903 1510.2 101670.0 444.37 2714100.0 3490.7 "" "" 0.002910810619495629 0.0055049267 0.004029103 0.009534029 290.49627447743 20.77148018369 976.685059 -1.7979999999999994 -7.620999999999995 -1.3441304485797883 -2.1915218315124516 0.11463421 0.11863421 9.699166666666667 3.3090322 11.901883575503955 15.353457808344952 1.399117970568613 2.355014741915594
289.46866131197 20.32440170988 0.0121 0.018 33.4236 "" 1607-38-1 4516671759806106112 882.530701 1.096 0.0244 -27.077 -18.131 0.021 0.022 1.532 "" "" 10.4504 2.404679 11.749399 9.34472 18.29 2.78 865.559875 902.019409 1243903.11233 285.3 272680.0 168.56 1449700.0 683.5 "" "" 0.0027665505353028116 0.0028697567 0.0038138914 0.006683648 289.46866131197 20.32440170988 882.530701 -27.077 -18.131 -26.62313044857979 -12.701521831512451 0.098634206 0.09963421 10.379166666666666 5.949032 123.39503134309206 123.83077509592322 12.193943892461267 12.161261726182289
289.62682022562 20.52288252441 0.0081 0.0126 19.051 "" "" 4516681002576549376 802.332397 1.1988 0.018 -5.696 -8.702 0.016 0.017 0.944 "" "" 10.652193 2.71238 12.187158 9.474777 20.17 0.12 792.001343 812.086792 1032926.80529 221.78 182200.0 148.2 1286000.0 435.17 "" "" 0.0027651643230645123 0.0029265962 0.003797198 0.006723794 289.62682022562 20.52288252441 802.332397 -5.696 -8.702 -5.242130448579788 -3.272521831512451 0.09363421 0.094634205 12.259166666666669 3.289032 23.501938982024356 26.507136836631513 2.2072013421303622 2.4786172073902386
290.3303803391 20.7732641017 0.0096 0.0137 34.0035 "" "" 4516771368673237760 749.717468 1.2954 0.0197 5.665 0.502 0.016 0.018 1.011 4650.7 1.5266 10.895084 2.499095 12.26554 9.766445 -35.68 0.15 739.975586 760.177917 825872.57601 183.76 169510.0 95.712 983060.0 311.58 "" "" 0.0027658905691447344 0.002856725 0.003795016 0.006651741 290.3303803391 20.7732641017 749.717468 5.665 0.5020000000000002 6.118869551420212 5.931478168487549 0.09363421 0.09563421 -43.590833333333336 3.3190322 30.283987460686905 53.07806182608297 2.865119446540411 3.1783927153406846
289.72800078694 20.79819279477 0.0146 0.0217 1.6881 "" "" 4516970242815098624 732.522095 1.3328 0.0295 -16.085 -9.098 0.026 0.029 1.164 4722.5 2.2093 11.04172 3.010652 12.813683 9.803031 "" "" 717.731201 746.261108 721537.23945 245.39 102320.0 104.71 950490.0 386.15 "" "" 0.002779952548429594 0.0030032622 0.0038050353 0.0068082977 289.72800078694 20.79819279477 732.522095 -16.085 -9.098 -15.631130448579789 -3.668521831512452 0.10363421 0.10663421 "" "" 55.748392532039496 "" 5.786291228355362 ""
289.18466496453 21.04888369096 0.0125 0.0176 33.1862 "" "" 4516946878226453120 759.350281 1.2738 0.0242 7.254 -14.078 0.022 0.022 1.037 4628.3 2.1431 11.085044 2.881426 12.753079 9.871654 26.76 0.14 745.414429 775.541321 693312.80007 192.93 108190.0 100.89 892270.0 293.66 "" "" 0.002771835556759838 0.0029681912 0.0037962368 0.0067644278 289.18466496453 21.04888369096 759.350281 7.253999999999999 -14.078000000000003 7.707869551420211 -8.64852183151245 0.09963421 0.09963421 18.84916666666667 3.3090322 41.6974981235757 45.759943551029174 4.15449719216439 4.02357836482381
289.31617587694 21.09335317119 0.0126 0.0174 28.0371 "" "" 4517040336711758464 880.797302 1.112 0.0228 1.757 -2.108 0.02 0.021 1.079 "" "" 11.514976 2.651879 12.998481 10.346602 -2.77 0.15 866.045837 898.88739 466612.55499 139.65 86303.0 65.23 576130.0 171.22 "" "" 0.0027744149189502768 0.002908346 0.003793131 0.006701477 289.31617587694 21.09335317119 880.797302 1.757 -2.1080000000000005 2.2108695514202115 3.3214781684875487 0.09763421 0.098634206 -10.680833333333334 3.3190322 16.658199175549687 19.788274317553025 1.6379717522953603 2.260677481910922
289.96183748274 21.42597494332 0.016 0.022 38.3092 "" "" 4517026519773113856 860.444641 1.1337 0.0314 -2.224 -0.451 0.027 0.031 1.62 "" "" 11.573669 2.207983 12.727424 10.519441 -1.29 1.19 837.278564 887.576965 442057.86002 118.05 110780.0 79.125 491340.0 128.53 "" "" 0.002770533484949193 0.002895934 0.0037900389 0.006685973 289.96183748274 21.42597494332 860.444641 -2.2239999999999975 -0.45100000000000035 -1.7701304485797884 4.978478168487549 0.10463421 0.1086342 -9.200833333333334 4.359032 21.550043240823623 23.432022911160395 2.3315561534744558 2.7436543643768156
289.9068849909 20.17053209368 0.0241 0.0347 40.6272 "" "" 4516607507090419840 987.289124 0.9825 0.0456 -0.194 -5.045 0.041 0.045 2.184 "" "" 11.637633 2.956232 13.357505 10.401273 -5.21 0.19 941.335449 1035.11377 416767.10287 142.13 62003.0 44.468 547830.0 208.17 "" "" 0.0027800877852815885 0.0028967897 0.0038018338 0.0066986233 289.9068849909 20.17053209368 987.289124 -0.19400000000000045 -5.045 0.2598695514202118 0.3844781684875489 0.11863421 0.12263421 -13.120833333333334 3.3590322 2.1717049708255893 13.299344714737629 0.2636320784091441 3.3142249152798837
289.51284487227 21.31855647971 0.008 0.0114 31.8719 "" "" 4517050502870497792 968.88147 1.0072 0.0145 11.608 -13.67 0.013 0.016 1.096 "" "" 11.906606 2.138131 13.010866 10.872735 -10.1 0.23 952.005005 981.968384 325315.34731 63.671 85324.0 51.397 354870.0 81.688 "" "" 0.0027635025185043507 0.0028657964 0.0037876365 0.0066534327 289.51284487227 21.31855647971 968.88147 11.607999999999993 -13.669999999999987 12.061869551420212 -8.240521831512451 0.09063421 0.09363421 -18.010833333333334 3.399032 67.08740707230443 69.46301393580755 6.145174679263066 6.000091774650967
290.5088308407 20.95716129431 0.0102 0.0143 44.5342 "" "" 4516803735549005568 819.543213 1.1945 0.0191 0.145 -4.548 0.017 0.021 1.66 "" "" 11.916416 1.566171 12.639364 11.073194 -11.47 4.88 809.687378 831.423645 322389.17394 49.647 120140.0 74.674 295040.0 56.924 "" "" 0.002760388617365466 0.0028706216 0.0037851827 0.0066558043 290.5088308407 20.95716129431 819.543213 0.14500000000000002 -4.548 0.5988695514202118 0.8814781684875488 0.094634205 0.098634206 -19.380833333333335 8.049032 4.139731421320706 19.81802404214695 0.4031631939883736 7.871918982125327
289.07750412214 20.78017783271 0.0083 0.0129 36.5233 "" "" 4516887981306433792 859.422607 1.1544 0.0193 -0.006 -2.725 0.017 0.017 1.578 9001.8 3.4707 12.117036 1.544741 12.808971 11.264231 -6.37 15.71 845.098938 872.123596 267998.59208 57.752 102760.0 50.536 247440.0 72.205 "" "" 0.002765236160286681 0.0028408011 0.0037926384 0.0066334396 289.07750412214 20.78017783271 859.422607 -0.006000000000000227 -2.724999999999998 0.4478695514202118 2.7044781684875487 0.094634205 0.094634205 -14.280833333333334 18.879032 11.167180075161367 18.128654432293796 1.056797209654068 14.886183556240976
289.40199656577 20.96753088048 0.0299 0.0432 20.0819 "" "" 4516897808191600512 945.758606 1.0737 0.0588 3.323 -0.596 0.054 0.057 4.261 "" "" 12.191494 2.293987 13.403095 11.109108 7.09 0.35 902.591187 991.377319 250235.56522 46.569 59454.0 49.064 285440.0 67.519 "" "" 0.002762718970400248 0.0029305047 0.0037880978 0.0067186025 289.40199656577 20.96753088048 945.758606 3.3229999999999973 -0.5959999999999996 3.7768695514202117 4.833478168487549 0.1316342 0.13463421 -0.8208333333333337 3.519032 27.498557391102832 27.51080562166232 3.67119005426011 3.6710574029390926
289.40698626151 20.53030903533 0.0071 0.0112 25.2531 "" "" 4516866609554643968 920.914795 1.0809 0.0157 -3.583 -9.831 0.013 0.015 1.178 "" "" 12.293588 2.211508 13.450012 11.238504 18.59 0.43 908.210632 934.338989 227778.04557 29.367 56939.0 30.038 253370.0 48.071 "" "" 0.002758873746864202 0.0028483542 0.0037849916 0.006633346 289.40698626151 20.53030903533 920.914795 -3.583 -9.831 -3.1291304485797884 -4.401521831512451 0.09063421 0.09263421 10.679166666666667 3.5990322 23.57369600723778 25.879794128549452 2.168016329924107 2.470938456617379
289.1783158186 21.119684826 0.0101 0.014 35.4137 "" "" 4516950344236375424 947.798523 1.0418 0.0185 -0.851 -0.819 0.017 0.018 0.985 4685.8 2.2903 12.30374 2.838015 13.931842 11.093827 -2.74 0.25 932.333862 965.514954 225657.954 52.539 36533.0 34.129 289490.0 102.64 "" "" 0.0027668919189899827 0.0029688103 0.003798936 0.006767746 289.1783158186 21.119684826 947.798523 -0.851 -0.819 -0.3971304485797882 4.610478168487549 0.094634205 0.09563421 -10.650833333333335 3.419032 20.78957039066915 23.35907720187234 1.988041763112336 2.358163492784525
289.1371386816 21.3337441372 0.006 0.0086 44.9086 "" "" 4517059578166418176 945.446289 1.0376 0.0112 -1.215 -1.917 0.01 0.011 0.919 "" "" 12.563246 0.934787 12.940153 12.005366 "" "" 936.366272 954.234802 177684.06327 21.285 91066.0 45.233 125030.0 28.018 "" "" 0.002758388198558457 0.00284181 0.0037872053 0.0066290153 289.1371386816 21.3337441372 945.446289 -1.2149999999999999 -1.9170000000000016 -0.7611304485797883 3.512478168487549 0.087634206 0.08863421 "" "" 16.106198531350078 "" 1.4268416778434807 ""
289.18873606492 21.34407903591 0.0064 0.0095 43.2722 "" "" 4517059475087335680 797.82373 1.2358 0.0122 0.969 -0.501 0.01 0.012 1.055 "" "" 12.590902 1.412485 13.225143 11.812658 28.58 18.02 789.918579 806.608337 173215.14976 21.252 70042.0 35.193 149310.0 29.713 "" "" 0.0027585384582454364 0.0028430012 0.003785553 0.0066285543 289.18873606492 21.34407903591 797.82373 0.969 -0.501 1.4228695514202117 4.9284781684875485 0.087634206 0.08963421 20.669166666666666 21.189034 19.39914010437453 28.3468003041542 1.7358723551935575 15.495659299837682
290.00740034605 21.48703714676 0.0064 0.0092 42.6398 "" "" 4517032807605245056 1004.23492 0.9811 0.0128 -2.202 -4.694 0.011 0.013 0.857 "" "" 12.666077 1.293705 13.231316 11.937611 -11.31 26.64 989.851196 1015.23242 161627.8185 20.009 69645.0 32.712 133080.0 32.67 "" "" 0.002758596675612164 0.0028363909 0.003788769 0.0066251596 290.00740034605 21.48703714676 1004.23492 -2.202 -4.693999999999995 -1.7481304485797882 0.7354781684875489 0.08863421 0.09063421 -19.220833333333335 29.809032 9.027700242158547 21.23534331462638 0.8029043168080876 26.983330725398808
290.05072721511 21.50650109353 0.0098 0.0149 44.655 "" "" 4517033116847758848 1017.85571 0.9746 0.0225 3.871 1.987 0.018 0.023 1.115 5378.6 2.7935 12.698097 2.254223 13.841848 11.587625 6.57 0.44 996.455078 1043.46191 156930.67711 55.81 39690.0 396.96 183700.0 490.35 "" "" 0.0027822441135339003 0.011211734 0.0047626696 0.015974404 290.05072721511 21.50650109353 1017.85571 3.8709999999999996 1.9869999999999997 4.324869551420212 7.416478168487549 0.09563421 0.10063421 -1.3408333333333333 3.6090322 41.421304569083155 41.4430006904969 4.116830962890017 4.11633217123808
290.4225154874 21.07363474214 0.0086 0.0121 41.712 "" "" 4516808545912408960 948.763733 1.0387 0.0166 -0.468 -16.645 0.014 0.017 1.106 "" "" 12.727834 2.376034 14.003825 11.627791 12.06 0.34 932.635254 962.128601 152690.92138 24.614 34189.0 20.66 177030.0 53.191 "" "" 0.002760873447936153 0.0028662714 0.003793435 0.006659706 290.4225154874 21.07363474214 948.763733 -0.4679999999999993 -16.64499999999998 -0.014130448579788235 -11.21552183151245 0.09163421 0.094634205 4.149166666666667 3.509032 50.437812939542354 50.608186671249584 4.773142098283444 4.765764570378083
290.2223067909 20.49857528805 0.0063 0.0093 34.0659 "" "" 4516713300720478080 902.084351 1.0978 0.0137 0.401 -1.438 0.011 0.013 1.065 "" "" 12.741292 1.830413 13.631404 11.800991 -1.88 6.41 889.622864 913.209839 150809.99152 19.489 48179.0 29.978 150930.0 29.617 "" "" 0.0027588903309378227 0.002870791 0.0037853823 0.006656173 290.2223067909 20.49857528805 902.084351 0.40100000000000036 -1.4380000000000002 0.8548695514202118 3.991478168487549 0.08863421 0.09063421 -9.790833333333333 9.579032 17.454128828363075 20.012671748624822 1.5804263489774792 4.884868895204465
290.29933010333 20.93449547562 0.0074 0.01 32.7453 "" "" 4516799917297444480 979.696899 1.0075 0.014 -0.094 -5.471 0.013 0.013 0.88 "" "" 12.885632 1.414188 13.520486 12.106298 7.77 7.96 968.012878 993.124756 132036.42596 18.995 53361.0 33.348 113930.0 29.586 "" "" 0.002759743935779164 0.0028714899 0.0037898843 0.006661374 290.29933010333 20.93449547562 979.696899 -0.09399999999999986 -5.471 0.3598695514202118 -0.04152183151245126 0.09063421 0.09063421 -0.14083333333333403 11.129032 1.6822359063260472 1.688120751697104 0.15246812559612677 0.9408014755465613
289.68271771839 20.76918544733 0.006 0.0089 4.2263 "" "" 4516969796163496960 921.099976 1.0455 0.0125 -2.56 -4.723 0.011 0.013 0.883 4879.8 2.5733 13.02652 2.859879 14.670972 11.811092 -7.43 0.3 910.9422 932.960144 115968.18918 28.993 18494.0 14.395 149530.0 47.23 "" "" 0.0027686586434686362 0.0029153444 0.0037949088 0.006710253 289.68271771839 20.76918544733 921.099976 -2.56 -4.723 -2.1061304485797883 0.706478168487549 0.08863421 0.09063421 -15.340833333333332 3.469032 9.69893733154574 18.149670870910104 0.8616393668485407 2.9680984516511195
289.64723040141 20.84195687288 0.0071 0.0101 4.5601 "" "" 4516971239272202752 860.966492 1.1352 0.0144 -0.444 -5.479 0.012 0.014 1.085 "" "" 13.027918 1.788375 13.891615 12.10324 18.06 22.52 850.678223 874.628296 115818.9626 53.736 37911.0 52.839 114250.0 153.86 "" "" 0.0028009904502965233 0.0031741147 0.004052361 0.0072264755 289.64723040141 20.84195687288 860.966492 -0.4440000000000001 -5.478999999999998 0.009869551420211786 -0.049521831512451264 0.08963421 0.09163421 10.149166666666666 25.689034 0.20607216758183455 10.15125853113936 0.018867680263444313 25.683739785618247
289.6568974221 20.2707883325 0.0059 0.0091 33.5617 "" "" 4516658187708040704 945.858154 1.0267 0.012 -3.612 -12.431 0.01 0.013 1.014 "" "" 13.029891 2.116377 14.120684 12.004307 -12.69 0.64 934.896912 958.012817 115608.60596 20.628 30700.0 14.027 125150.0 28.492 "" "" 0.002762122327013619 0.002833927 0.0037874563 0.006621383 289.6568974221 20.2707883325 945.858154 -3.611999999999999 -12.431 -3.1581304485797883 -7.00152183151245 0.087634206 0.09063421 -20.600833333333334 3.809032 34.43596910300427 40.12767501476808 3.103853043712546 3.304348293472911
289.4260898437 20.76682545257 0.0061 0.0088 17.2408 "" "" 4516879086457887744 755.578979 1.2952 0.014 0.385 -2.268 0.013 0.012 0.982 "" "" 13.054377 1.445225 13.705832 12.260607 -9.32 16.32 748.478699 761.167908 113030.64648 16.647 44987.0 25.062 98836.0 20.644 "" "" 0.002759956385614555 0.0028549782 0.0037861797 0.006641158 289.4260898437 20.76682545257 755.578979 0.38500000000000006 -2.2680000000000002 0.8388695514202118 3.161478168487549 0.09063421 0.08963421 -17.230833333333333 19.489033 11.714469451938141 20.83579640670121 1.0507917451890825 16.12790792679686
288.93701300395 20.88216190923 0.0061 0.0102 44.4098 "" "" 4516939525241893632 983.891235 0.9852 0.0152 -1.321 -0.42 0.012 0.014 0.991 "" "" 13.085722 1.351999 13.678386 12.326386 "" "" 969.606995 1001.37189 109814.03219 17.04 46138.0 34.984 93026.0 45.06 "" "" 0.0027604661394517796 0.002909089 0.0038157972 0.006724886 288.93701300395 20.88216190923 983.891235 -1.3210000000000004 -0.4199999999999994 -0.8671304485797882 5.009478168487549 0.08963421 0.09163421 "" "" 23.709844902684083 "" 2.1712679534215757 ""
289.23199452699 20.49980445509 0.0058 0.0093 33.9917 "" "" 4516845070314490880 715.019897 1.3575 0.0124 -4.996 0.863 0.01 0.012 1.063 4799.5 2.9246 13.092958 2.367703 14.363289 11.995585 3.13 0.39 709.391541 724.173523 109084.55749 21.568 24553.0 15.993 126160.0 31.674 "" "" 0.0027636701177308886 0.002878402 0.0037891993 0.006667601 289.23199452699 20.49980445509 715.019897 -4.995999999999996 0.863 -4.542130448579789 6.292478168487548 0.087634206 0.08963421 -4.780833333333334 3.559032 26.30203248808108 26.732999838498927 2.339675130741351 2.3883294693513486
