Clusters/UPK_62/UPK_62_stars_in_region.tsv
# %ECSV 1.0
# ---
# datatype:
# - name: RA_ICRS_1
#   unit: deg
#   datatype: float64
#   format: '{:15.11f}'
#   description: Right ascension (ICRS) at Ep=2016.0 (ra)
#   meta: !!omap
#   - {ucd: POS_EQ_RA_MAIN}
#   - {width: 15}
#   - {precision: '11'}
# - name: DE_ICRS_1
#   unit: deg
#   datatype: float64
#   format: '{:15.11f}'
#   description: Declination (ICRS) at Ep=2016.0 (dec)
#   meta: !!omap
#   - {ucd: POS_EQ_DEC_MAIN}
#   - {width: 15}
#   - {precision: '11'}
# - name: e_RA_ICRS
#   unit: mas
#   datatype: float64
#   format: '{:7.4f}'
#   description: Standard error of right ascension (ra_error)
#   meta: !!omap
#   - {ucd: ERROR}
#   - {width: 7}
#   - {precision: '4'}
# - name: e_DE_ICRS
#   unit: mas
#   datatype: float64
#   format: '{:7.4f}'
#   description: Standard error of declination (dec_error)
#   meta: !!omap
#   - {ucd: ERROR}
#   - {width: 7}
#   - {precision: '4'}
# - name: _r_1
#   unit: ''
#   datatype: float64
#   format: '{:7.4f}'
#   description: Distance from center (289.72680617000+20.82630606000)[ICRS], at Epoch=J2016.0
#   meta: !!omap
#   - {ucd: POS_ANG_DIST_GENERAL}
#   - {width: 7}
#   - {precision: '4'}
# - name: HIP
#   datatype: int32
#   description: '? HIP cross-id number, van Leeuwen, Cat. I/311 (hip_original_ext_source_id)'
#   meta: !!omap
#   - {ucd: ID_NUMBER}
#   - {width: 6}
#   - values: {'null': -2147483648}
# - name: TYC2
#   datatype: string
#   description: Tycho-2 cross-id name, Hog et al., Cat. I/259 (tyc2_original_ext_source_id)
#   meta: !!omap
#   - {ucd: ID_CROSSID}
#   - {_votable_string_dtype: char}
# - name: Source
#   datatype: int64
#   description: Source identifier, identical to the Gaia-EDR3 source_id (id)
#   meta: !!omap
#   - {ucd: ID_MAIN}
#   - {width: 19}
# - name: rgeo
#   unit: pc
#   datatype: float64
#   format: '{:15.8f}'
#   description: '? Median of the geometric distance posterior (r_med_geo)'
#   meta: !!omap
#   - {ucd: PHYS_DISTANCE_TRUE}
#   - {width: 15}
#   - {precision: '8'}
#   - values: {'null': .nan}
# - name: Plx
#   unit: mas
#   datatype: float64
#   format: '{:9.4f}'
#   description: '? Parallax (parallax)'
#   meta: !!omap
#   - {ucd: POS_PARLX_TRIG}
#   - {width: 9}
#   - {precision: '4'}
#   - values: {'null': .nan}
# - name: e_Plx
#   unit: mas
#   datatype: float32
#   format: '{:7.4f}'
#   description: '? Standard error of parallax (parallax_error)'
#   meta: !!omap
#   - {ucd: ERROR}
#   - {width: 7}
#   - {precision: '4'}
#   - values: {'null': .nan}
# - name: pmRA
#   unit: mas / yr
#   datatype: float64
#   format: '{:9.3f}'
#   description: '? Proper motion in right ascension direction, pmRA*cosDE (pmra)'
#   meta: !!omap
#   - {ucd: POS_EQ_PMRA}
#   - {width: 9}
#   - {precision: '3'}
#   - values: {'null': .nan}
# - name: pmDE
#   unit: mas / yr
#   datatype: float64
#   format: '{:9.3f}'
#   description: '? Proper motion in declination direction (pmdec)'
#   meta: !!omap
#   - {ucd: POS_EQ_PMDEC}
#   - {width: 9}
#   - {precision: '3'}
#   - values: {'null': .nan}
# - name: e_pmRA
#   unit: mas / yr
#   datatype: float32
#   format: '{:6.3f}'
#   description: '? Standard error of proper motion in right ascension direction (pmra_error)'
#   meta: !!omap
#   - {ucd: ERROR}
#   - {width: 6}
#   - {precision: '3'}
#   - values: {'null': .nan}
# - name: e_pmDE
[...]
#         value: !astropy.table.SerializedColumn {name: SkyCoord.dec}
#       distance: !astropy.table.SerializedColumn
#         __class__: astropy.coordinates.distances.Distance
#         unit: !astropy.units.Unit {unit: pc}
#         value: !astropy.table.SerializedColumn {name: SkyCoord.distance}
#       frame: icrs
#       obstime: !astropy.time.Time {format: jyear_str, in_subfmt: '*', jd1: 367701545.0, jd2: 0.0, out_subfmt: '*', precision: 3, scale: tt}
#       pm_dec: !astropy.table.SerializedColumn
#         __class__: astropy.units.quantity.Quantity
#         unit: !astropy.units.Unit {unit: mas / yr}
#         value: !astropy.table.SerializedColumn {name: SkyCoord.pm_dec}
#       pm_ra_cosdec: !astropy.table.SerializedColumn
#         __class__: astropy.units.quantity.Quantity
#         unit: !astropy.units.Unit {unit: mas / yr}
#         value: !astropy.table.SerializedColumn {name: SkyCoord.pm_ra_cosdec}
#       ra: !astropy.table.SerializedColumn
#         __class__: astropy.coordinates.angles.Longitude
#         unit: *id001
#         value: !astropy.table.SerializedColumn {name: SkyCoord.ra}
#         wrap_angle: !astropy.coordinates.Angle
#           unit: *id001
#           value: 360.0
#       representation_type: spherical
# schema: astropy-2.0
RA_ICRS_1 DE_ICRS_1 e_RA_ICRS e_DE_ICRS _r_1 HIP TYC2 Source rgeo Plx e_Plx pmRA pmDE e_pmRA e_pmDE RUWE Teff logg Gmag BP-RP BPmag RPmag RV e_RV b_rgeo B_rgeo FG e_FG FBP e_FBP FRP e_FRP RAVE5 RAVE6 e_Gmag e_BPmag e_RPmag e_BP-RP SkyCoord.ra SkyCoord.dec SkyCoord.distance SkyCoord.pm_ra_cosdec SkyCoord.pm_dec rmRA rmDE e_rmRA e_rmDE rRV e_rRV v_pec v_pec3d e_vpec e_vpec3d
[from data line 414]
290.2837910752 20.99536454278 0.0166 0.0233 32.8246 "" "" 4516812153685372032 945.050354 1.0241 0.0319 0.67 -3.73 0.027 0.031 0.969 7088.9 4.3197 15.814799 1.934163 16.776434 14.842271 "" "" 918.63208 968.567993 8892.56684 2.7041 2659.8 6.5889 9167.5 8.7695 "" "" 0.002775030223889182 0.0038754372 0.003919492 0.007794929 290.2837910752 20.99536454278 945.050354 0.6700000000000002 -3.73 1.1238695514202117 1.6994781684875488 0.10463421 0.1086342 "" "" 9.126952946675171 "" 0.9805352489935507 ""
290.13766819096 21.46190350806 0.0193 0.0261 44.5306 "" "" 4517021713730092416 783.708679 1.2422 0.0415 -1.153 -3.102 0.034 0.041 0.994 7490.1 4.4113 15.823553 2.082364 16.887758 14.805394 "" "" 758.067993 809.694519 8821.15917 3.256 2400.6 6.3234 9484.2 10.698 "" "" 0.002784312662451057 0.003995527 0.0039728573 0.007968385 290.13766819096 21.46190350806 783.708679 -1.153 -3.102 -0.6991304485797882 2.327478168487549 0.11163421 0.11863421 "" "" 9.027706681854726 "" 1.0659070393699728 ""
289.35105101424 20.62105055242 0.0159 0.0244 24.4195 "" "" 4516870943199142912 856.578979 1.135 0.0336 1.087 -29.204 0.031 0.032 0.968 6748.1 4.2194 15.847568 1.999018 16.84547 14.846453 "" "" 834.563293 881.323364 8628.18788 2.4003 2495.9 7.3154 9132.2 10.485 "" "" 0.0027718261106305614 0.0042322343 0.003979657 0.008211891 289.35105101424 20.62105055242 856.578979 1.0869999999999997 -29.204 1.5408695514202118 -23.774521831512452 0.1086342 0.109634206 "" "" 96.73146751931384 "" 10.604674816889755 ""
289.51222898499 20.13314419314 0.0169 0.0256 43.3032 "" "" 4516633345615224064 759.84198 1.2816 0.0337 -18.414 -4.346 0.029 0.033 0.935 5753.9 4.436 15.851872 1.77525 16.704025 14.928775 "" "" 741.569458 775.870605 8594.04815 2.6232 2843.2 5.5596 8465.4 7.1744 "" "" 0.002775178931457829 0.0035060511 0.0038897838 0.0073958347 289.51222898499 20.13314419314 759.84198 -18.414000000000005 -4.346 -17.96013044857979 1.0834781684875487 0.10663421 0.11063421 "" "" 64.8037216745608 "" 6.911250986706034 ""
290.23867245993 20.4986094947 0.0167 0.0235 34.819 "" "" 4516713232000995072 929.115173 1.0399 0.0345 0.144 -9.381 0.03 0.031 1.055 5822.7 4.0449 15.855441 2.352591 17.110111 14.75752 "" "" 899.327209 955.697998 8565.84772 2.587 1956.0 5.3322 9911.7 10.114 "" "" 0.0027747634565290307 0.004067609 0.003938421 0.008006031 290.23867245993 20.4986094947 929.115173 0.14400000000000124 -9.381000000000004 0.5978695514202118 -3.9515218315124514 0.10763421 0.1086342 "" "" 17.60058791504796 "" 1.911633731249334 ""
289.5077962964 20.14069118189 0.0196 0.029 42.9392 "" "" 4516633345615237248 924.856262 1.0476 0.04 1.466 -2.786 0.033 0.037 1.283 4961.4 4.1869 15.855727 1.759823 16.70595 14.946127 "" "" 889.647766 976.495117 8563.59175 2.4736 2838.2 7.024 8331.2 7.2404 "" "" 0.0027731109265991915 0.0038736232 0.0038953912 0.0077690147 289.5077962964 20.14069118189 924.856262 1.4660000000000002 -2.786 1.9198695514202118 2.643478168487549 0.11063421 0.11463421 "" "" 14.322329408284327 "" 1.6222744678494587 ""
289.67104224485 20.24033475863 0.0168 0.0247 35.2976 "" "" 4516655159724594688 894.5672 1.0921 0.0334 -2.99 -12.71 0.03 0.036 0.973 5289.9 3.8325 15.864337 1.943468 16.834387 14.890919 "" "" 865.929871 919.785767 8495.95388 2.5756 2521.5 5.9808 8765.8 7.9339 "" "" 0.002774910355888999 0.0037969882 0.0039050505 0.0077020386 289.67104224485 20.24033475863 894.5672 -2.99 -12.709999999999996 -2.5361304485797884 -7.280521831512452 0.10763421 0.11363421 "" "" 32.690626550039234 "" 3.6940506719501474 ""
289.52888551512 20.92460844172 0.0175 0.0258 12.5659 "" "" 4516987319629828224 739.643311 1.3081 0.0354 -8.804 6.352 0.03 0.034 0.983 5529.4 4.1003 15.866455 2.480278 17.213455 14.733177 "" "" 722.365051 758.247925 8479.39272 2.8389 1778.4 5.131 10136.0 12.421 "" "" 0.0027791949980022932 0.004194981 0.0040067383 0.008201719 289.52888551512 20.92460844172 739.643311 -8.804000000000002 6.352 -8.350130448579788 11.78147816848755 0.10763421 0.11163421 "" "" 50.62706690682962 "" 5.584817894826893 ""
289.58797275164 20.22612271605 0.0161 0.0233 36.8463 "" "" 4516657741031440768 951.996582 1.0193 0.0311 -5.575 -10.38 0.028 0.03 0.992 6445.7 4.0543 15.867581 1.779741 16.729149 14.949408 "" "" 923.244263 984.543823 8470.59733 2.6108 2778.2 5.9103 8306.1 7.2956 "" "" 0.002775567769329 0.003622171 0.003897842 0.007520013 289.58797275164 20.22612271605 951.996582 -5.574999999999999 -10.380000000000015 -5.121130448579788 -4.950521831512452 0.10563421 0.10763421 "" "" 32.14117556860471 "" 3.4264108737345804 ""
289.36902974151 20.82409460815 0.0168 0.0243 20.0646 "" "" 4516891387245297408 777.167297 1.2469 0.0371 -2.624 -3.886 0.033 0.035 0.991 6320.7 4.0762 15.867631 2.050461 16.90065 14.850189 "" "" 756.610596 801.736755 8470.21289 2.8649 2372.2 5.4535 9100.9 10.096 "" "" 0.002779684889750878 0.0037436842 0.003966665 0.007710349 289.36902974151 20.82409460815 777.167297 -2.6240000000000006 -3.8859999999999966 -2.1701304485797883 1.5434781684875487 0.11063421 0.11263421 "" "" 9.810041027580565 "" 1.0919563697487626 ""
289.30224016026 21.04347687648 0.0174 0.0238 27.1268 "" "" 4516946087952403712 1020.62317 0.9484 0.0322 -2.751 -10.427 0.029 0.031 1.017 7588.0 4.2468 15.872865 1.885352 16.800253 14.914901 "" "" 979.312988 1056.29309 8429.48501 2.6806 2602.0 5.9422 8574.3 7.7154 "" "" 0.00277686852528222 0.00373269 0.003903615 0.007636305 289.30224016026 21.04347687648 1020.62317 -2.751 -10.427 -2.297130448579788 -4.997521831512451 0.10663421 0.1086342 "" "" 26.608540023661863 "" 2.8813857809501253 ""
289.37739325199 21.41810277111 0.0183 0.0249 40.537 "" "" 4517054870883822208 967.283936 1.0003 0.0321 -3.958 -9.774 0.028 0.032 0.992 5091.2 4.2717 15.873174 1.689523 16.67796 14.988437 "" "" 935.342041 999.974854 8427.08311 2.525 2912.3 6.5677 8012.8 7.8605 "" "" 0.002774458752273286 0.0037121742 0.003926597 0.007638771 289.37739325199 21.41810277111 967.283936 -3.9580000000000006 -9.773999999999997 -3.5041304485797884 -4.34452183151245 0.10563421 0.109634206 "" "" 25.59103388155404 "" 2.7657594192332655 ""
289.57576992978 21.09401159336 0.0644 0.0892 18.1552 "" "" 4516991408439103872 737.875305 1.3665 0.1189 -6.425 -17.024 0.105 0.127 3.134 "" "" 15.883999 1.975363 16.676558 14.701195 "" "" 668.932068 815.181091 8343.47657 7.317 2916.0 38.64 10440.0 153.36 "" "" 0.0029152014609379823 0.014655179 0.016390765 0.031045943 289.57576992978 21.09401159336 737.875305 -6.424999999999999 -17.024 -5.971130448579788 -11.594521831512452 0.1826342 0.20463422 "" "" 45.6139105004244 "" 9.132946669365904 ""
289.43008859313 20.18886894934 0.0173 0.0256 41.7231 "" "" 4516634685645160192 945.281067 1.0257 0.0343 3.543 -4.113 0.03 0.032 0.982 5372.6 3.8225 15.88708 1.77876 16.744633 14.965873 "" "" 901.253174 976.409851 8319.83379 2.3602 2738.8 6.2428 8181.1 9.1083 "" "" 0.002772482060759633 0.0037295814 0.0039679836 0.007697565 289.43008859313 20.18886894934 945.281067 3.543 -4.113 3.996869551420212 1.3164781684875484 0.10763421 0.109634206 "" "" 18.854935490112926 "" 2.033157657836896 ""
289.34277518153 20.28085112533 0.0172 0.0259 39.1989 "" "" 4516650864757598464 948.427551 1.0336 0.0347 -8.059 5.478 0.03 0.032 0.979 6561.2 4.2032 15.891717 1.970703 16.873163 14.90246 "" "" 914.76123 979.317322 8284.37862 2.7269 2433.1 5.3448 8673.1 8.9849 "" "" 0.0027784009501547586 0.0036706221 0.0039432007 0.007613823 289.34277518153 20.28085112533 948.427551 -8.058999999999997 5.478000000000003 -7.6051304485797875 10.907478168487549 0.10763421 0.109634206 "" "" 59.77743181156695 "" 6.514784293455988 ""
289.26885045829 21.16404647476 0.0177 0.026 32.6914 "" "" 4517044597319334144 1057.5354 0.9147 0.0342 -1.326 -13.148 0.03 0.033 0.978 6540.3 3.9735 15.891813 2.027567 16.917747 14.890181 "" "" 1023.6012 1111.047 8283.64065 2.5649 2335.2 5.3652 8771.7 9.1054 "" "" 0.0027757534527450057 0.00374268 0.0039438494 0.0076865293 289.26885045829 21.16404647476 1057.5354 -1.326000000000001 -13.147999999999993 -0.8721304485797883 -7.718521831512451 0.10763421 0.11063421 "" "" 38.93697422946706 "" 4.306308471194012 ""
290.45121620718 20.59150122221 0.0179 0.0251 43.028 "" "" 4516718145444081536 1019.30438 0.9481 0.0354 4.286 7.183 0.03 0.037 1.02 6305.5 3.9413 15.894254 2.322846 17.126247 14.803401 "" "" 986.471313 1053.30591 8265.04249 3.0528 1927.2 7.4179 9501.6 8.3362 "" "" 0.0027843518075941565 0.005024896 0.0038975778 0.0089224735 290.45121620718 20.59150122221 1019.30438 4.286 7.183 4.739869551420211 12.612478168487549 0.10763421 0.11463421 "" "" 65.09828638767317 "" 7.407617505826868 ""
289.22124736079 21.33066124584 0.0238 0.0338 41.4349 "" "" 4517060127922343296 885.644592 1.1053 0.0448 -0.019 -12.566 0.038 0.043 1.36 6184.2 4.4014 15.897432 1.844157 16.735933 14.891776 "" "" 848.00177 924.853821 8240.88341 4.3149 2760.9 7.1155 8758.9 8.8313 "" "" 0.0028133552875813064 0.00395158 0.0039347326 0.007886313 289.22124736079 21.33066124584 885.644592 -0.01900000000000146 -12.565999999999997 0.4348695514202118 -7.136521831512452 0.1156342 0.12063421 "" "" 30.014369635912853 "" 3.62021614520864 ""
288.99250681936 21.11972167995 0.0178 0.0271 44.7476 "" "" 4516961339352804224 1047.00305 0.9286 0.0369 4.628 -8.884 0.032 0.036 0.959 4965.2 4.1569 15.903064 1.820753 16.790876 14.970123 "" "" 1012.65631 1100.31763 8198.25142 2.6307 2624.6 6.9119 8149.1 7.1072 "" "" 0.002777259418373244 0.003995072 0.0038962013 0.007891273 288.99250681936 21.11972167995 1047.00305 4.628000000000001 -8.884 5.081869551420212 -3.4545218315124515 0.109634206 0.11363421 "" "" 30.495602361080767 "" 3.3823890323926475 ""
290.17215228918 21.05886290105 0.0179 0.026 28.5915 "" "" 4516816409976189568 784.051086 1.2423 0.0345 -2.757 2.422 0.029 0.035 0.983 7103.0 4.2763 15.903714 2.288103 17.11217 14.824066 "" "" 759.789673 808.105042 8193.3445 3.153 1952.3 6.147 9322.5 8.1568 "" "" 0.002786819195552526 0.0044126497 0.0038969447 0.008309594 290.17215228918 21.05886290105 784.051086 -2.7570000000000014 2.422000000000001 -2.3031304485797883 7.851478168487549 0.10663421 0.11263421 "" "" 30.408736824011168 "" 3.41096451990655 ""
289.5542550098 21.56170043244 0.0196 0.0254 45.1672 "" "" 4517081220481361408 961.533936 1.0117 0.0347 -3.364 -16.698 0.032 0.034 0.994 "" "" 15.909712 1.680017 16.676207 14.996189 "" "" 937.180908 996.918152 8148.20737 2.8364 2917.0 15.229 7955.8 24.691 "" "" 0.002781120735551229 0.0063178814 0.0050633955 0.011381277 289.5542550098 21.56170043244 961.533936 -3.364 -16.698 -2.910130448579788 -11.268521831512452 0.109634206 0.11163421 "" "" 53.04323069353289 "" 5.914861879342388 ""
290.38837006862 20.96147286509 0.0185 0.0262 37.9601 "" "" 4516800849330434304 832.244446 1.1642 0.0331 4.822 2.235 0.029 0.034 1.0 6251.2 4.2919 15.910374 2.011983 16.928072 14.916089 "" "" 814.073547 854.242249 8143.23835 2.6677 2313.1 6.2942 8564.9 10.21 "" "" 0.0027781829318178283 0.0040636896 0.003994857 0.008058546 290.38837006862 20.96147286509 832.244446 4.821999999999999 2.2350000000000025 5.275869551420212 7.664478168487548 0.10663421 0.11163421 "" "" 36.70587598079288 "" 4.039537038557382 ""
290.06114407593 21.43097095808 0.0197 0.0269 40.821 "" "" 4517031506255286784 1057.56555 0.9245 0.0376 0.663 -0.026 0.032 0.039 1.007 7342.0 4.2948 15.912001 1.944604 16.876842 14.932239 "" "" 1014.35797 1096.58936 8131.045 3.0005 2424.8 6.7595 8438.4 7.8559 "" "" 0.0027842978579933715 0.004116514 0.003912214 0.008028729 290.06114407593 21.43097095808 1057.56555 0.663 -0.025999999999999836 1.1168695514202118 5.403478168487549 0.109634206 0.116634205 "" "" 27.659443635539567 "" 3.2183331951463554 ""
289.28026700381 20.48644411968 0.0165 0.0262 32.316 "" "" 4516865308201936256 788.663025 1.2426 0.0353 3.364 5.45 0.03 0.033 0.989 6572.3 4.1894 15.912204 1.951978 16.884602 14.932624 "" "" 764.974731 806.188171 8129.52867 2.5556 2407.6 7.407 8435.5 6.5945 "" "" 0.0027763795530451997 0.0043522967 0.0038735198 0.008225816 289.28026700381 20.48644411968 788.663025 3.364 5.45 3.8178695514202117 10.879478168487548 0.10763421 0.11063421 "" "" 43.101889430682455 "" 4.754537318260087 ""
290.15000733877 20.87180643459 0.0181 0.0261 23.8859 "" "" 4516787414671188096 925.314514 1.0484 0.0345 -2.353 -1.196 0.03 0.035 1.028 6375.8 4.112 15.916842 2.302628 17.133406 14.830777 "" "" 898.146545 957.931702 8094.86693 2.8091 1914.5 5.2783 9265.0 10.875 "" "" 0.002780961812330333 0.004092117 0.0039884634 0.00808058 290.15000733877 20.87180643459 925.314514 -2.3529999999999975 -1.1960000000000002 -1.8991304485797884 4.233478168487549 0.10763421 0.11263421 "" "" 20.350729721343324 "" 2.2754592114255474 ""
288.93730966409 20.87597601637 0.0167 0.0275 44.3676 "" "" 4516939456522408448 858.494324 1.1319 0.0392 2.66 -5.321 0.032 0.035 0.982 6503.1 4.3525 15.917829 1.892243 16.8535 14.961257 "" "" 824.154114 894.137329 8087.52228 2.2797 2477.5 4.8709 8215.9 6.7706 "" "" 0.002772265044043634 0.0035130663 0.0038838491 0.0073969155 288.93730966409 20.87597601637 858.494324 2.66 -5.321000000000001 3.113869551420212 0.1084781684875491 0.109634206 0.11263421 "" "" 12.67884112243509 "" 1.3900814118190854 ""
289.51369829562 20.31842760723 0.0161 0.0241 32.7397 "" "" 4516671033924301440 749.698792 1.3118 0.0324 -2.353 -0.893 0.028 0.03 0.989 4970.7 4.3131 15.920094 1.84545 16.827677 14.982226 "" "" 729.481873 767.628113 8070.6669 2.3425 2537.2 6.4468 8058.7 5.8405 "" "" 0.0027732829782460685 0.003923748 0.0038604287 0.0077841766 289.51369829562 20.31842760723 749.698792 -2.353 -0.893 -1.8991304485797884 4.536478168487549 0.10563421 0.10763421 "" "" 17.476326327150705 "" 1.8758797045367643 ""
289.51863332848 20.19474895299 0.0449 0.0638 39.6581 "" "" 4516634891784084224 967.784668 1.0345 0.0863 -6.671 -6.131 0.076 0.077 2.877 "" "" 15.921527 1.74992 16.719679 14.969759 "" "" 887.406372 1067.64441 8060.01538 6.9388 2802.5 7.9951 8151.8 16.6 "" "" 0.0029095456105379097 0.0041688327 0.0043785875 0.00854742 289.51863332848 20.19474895299 967.784668 -6.671 -6.131 -6.2171304485797885 -0.7015218315124514 0.1536342 0.15463421 "" "" 28.700823768313406 "" 4.409790245517254 ""
290.34892387452 20.43329405179 0.0169 0.0244 42.1473 "" "" 4516708967070847232 844.352966 1.1465 0.0361 -4.025 -2.958 0.03 0.037 1.005 6850.9 4.2272 15.926337 2.394645 17.21151 14.816865 "" "" 822.988892 867.240417 8024.3838 2.5615 1781.6 5.3801 9384.5 7.9668 "" "" 0.002777032412396755 0.004305236 0.0038901526 0.008195389 290.34892387452 20.43329405179 844.352966 -4.025 -2.958 -3.5711304485797886 2.4714781684875486 0.10763421 0.11463421 "" "" 17.38148069889813 "" 1.9110932344023004 ""
289.97103584381 20.98997470578 0.0188 0.026 16.847 "" "" 4516793045353883520 846.498962 1.1506 0.0356 -1.983 -1.935 0.033 0.036 1.02 7070.6 4.3362 15.928 2.081626 16.991297 14.909671 "" "" 821.687439 871.055542 8012.10431 2.94 2182.2 5.7678 8615.7 9.659 "" "" 0.0027839748803271578 0.004002544 0.003970558 0.007973102 289.97103584381 20.98997470578 846.498962 -1.983 -1.9349999999999994 -1.5291304485797883 3.4944781684875488 0.11063421 0.11363421 "" "" 15.304902283641194 "" 1.7318636627512278 ""
289.59708373568 21.46098246016 0.0192 0.026 38.7663 "" "" 4517056176551738496 778.234863 1.255 0.033 17.909 15.566 0.031 0.035 1.039 5364.8 4.3422 15.935508 1.746618 16.773668 15.02705 "" "" 759.165588 801.174988 7956.89441 3.0157 2666.5 7.0242 7732.8 7.2529 "" "" 0.0027858788343894368 0.003995642 0.003914176 0.007909818 289.59708373568 21.46098246016 778.234863 17.908999999999995 15.566 18.36286955142021 20.99547816848755 0.1086342 0.11263421 "" "" 102.89167582063419 "" 11.412567942149694 ""
