Clusters/UPK_62/UPK_62_stars_in_region.tsv
# %ECSV 1.0
# ---
# datatype:
# - name: RA_ICRS_1
#   unit: deg
#   datatype: float64
#   format: '{:15.11f}'
#   description: Right ascension (ICRS) at Ep=2016.0 (ra)
#   meta: !!omap
#   - {ucd: POS_EQ_RA_MAIN}
#   - {width: 15}
#   - {precision: '11'}
# - name: DE_ICRS_1
#   unit: deg
#   datatype: float64
#   format: '{:15.11f}'
#   description: Declination (ICRS) at Ep=2016.0 (dec)
#   meta: !!omap
#   - {ucd: POS_EQ_DEC_MAIN}
#   - {width: 15}
#   - {precision: '11'}
# - name: e_RA_ICRS
#   unit: mas
#   datatype: float64
#   format: '{:7.4f}'
#   description: Standard error of right ascension (ra_error)
#   meta: !!omap
#   - {ucd: ERROR}
#   - {width: 7}
#   - {precision: '4'}
# - name: e_DE_ICRS
#   unit: mas
#   datatype: float64
#   format: '{:7.4f}'
#   description: Standard error of declination (dec_error)
#   meta: !!omap
#   - {ucd: ERROR}
#   - {width: 7}
#   - {precision: '4'}
# - name: _r_1
#   unit: ''
#   datatype: float64
#   format: '{:7.4f}'
#   description: Distance from center (289.72680617000+20.82630606000)[ICRS], at Epoch=J2016.0
#   meta: !!omap
#   - {ucd: POS_ANG_DIST_GENERAL}
#   - {width: 7}
#   - {precision: '4'}
# - name: HIP
#   datatype: int32
#   description: '? HIP cross-id number, van Leeuwen, Cat. I/311 (hip_original_ext_source_id)'
#   meta: !!omap
#   - {ucd: ID_NUMBER}
#   - {width: 6}
#   - values: {'null': -2147483648}
# - name: TYC2
#   datatype: string
#   description: Tycho-2 cross-id name, Hog et al., Cat. I/259 (tyc2_original_ext_source_id)
#   meta: !!omap
#   - {ucd: ID_CROSSID}
#   - {_votable_string_dtype: char}
# - name: Source
#   datatype: int64
#   description: Source identifier, identical to the Gaia-EDR3 source_id (id)
#   meta: !!omap
#   - {ucd: ID_MAIN}
#   - {width: 19}
# - name: rgeo
#   unit: pc
#   datatype: float64
#   format: '{:15.8f}'
#   description: '? Median of the geometric distance posterior (r_med_geo)'
#   meta: !!omap
#   - {ucd: PHYS_DISTANCE_TRUE}
#   - {width: 15}
#   - {precision: '8'}
#   - values: {'null': .nan}
# - name: Plx
#   unit: mas
#   datatype: float64
#   format: '{:9.4f}'
#   description: '? Parallax (parallax)'
#   meta: !!omap
#   - {ucd: POS_PARLX_TRIG}
#   - {width: 9}
#   - {precision: '4'}
#   - values: {'null': .nan}
# - name: e_Plx
#   unit: mas
#   datatype: float32
#   format: '{:7.4f}'
#   description: '? Standard error of parallax (parallax_error)'
#   meta: !!omap
#   - {ucd: ERROR}
#   - {width: 7}
#   - {precision: '4'}
#   - values: {'null': .nan}
# - name: pmRA
#   unit: mas / yr
#   datatype: float64
#   format: '{:9.3f}'
#   description: '? Proper motion in right ascension direction, pmRA*cosDE (pmra)'
#   meta: !!omap
#   - {ucd: POS_EQ_PMRA}
#   - {width: 9}
#   - {precision: '3'}
#   - values: {'null': .nan}
# - name: pmDE
#   unit: mas / yr
#   datatype: float64
#   format: '{:9.3f}'
#   description: '? Proper motion in declination direction (pmdec)'
#   meta: !!omap
#   - {ucd: POS_EQ_PMDEC}
#   - {width: 9}
#   - {precision: '3'}
#   - values: {'null': .nan}
# - name: e_pmRA
#   unit: mas / yr
#   datatype: float32
#   format: '{:6.3f}'
#   description: '? Standard error of proper motion in right ascension direction (pmra_error)'
#   meta: !!omap
#   - {ucd: ERROR}
#   - {width: 6}
#   - {precision: '3'}
#   - values: {'null': .nan}
# - name: e_pmDE
[...]
#         value: !astropy.table.SerializedColumn {name: SkyCoord.dec}
#       distance: !astropy.table.SerializedColumn
#         __class__: astropy.coordinates.distances.Distance
#         unit: !astropy.units.Unit {unit: pc}
#         value: !astropy.table.SerializedColumn {name: SkyCoord.distance}
#       frame: icrs
#       obstime: !astropy.time.Time {format: jyear_str, in_subfmt: '*', jd1: 367701545.0, jd2: 0.0, out_subfmt: '*', precision: 3, scale: tt}
#       pm_dec: !astropy.table.SerializedColumn
#         __class__: astropy.units.quantity.Quantity
#         unit: !astropy.units.Unit {unit: mas / yr}
#         value: !astropy.table.SerializedColumn {name: SkyCoord.pm_dec}
#       pm_ra_cosdec: !astropy.table.SerializedColumn
#         __class__: astropy.units.quantity.Quantity
#         unit: !astropy.units.Unit {unit: mas / yr}
#         value: !astropy.table.SerializedColumn {name: SkyCoord.pm_ra_cosdec}
#       ra: !astropy.table.SerializedColumn
#         __class__: astropy.coordinates.angles.Longitude
#         unit: *id001
#         value: !astropy.table.SerializedColumn {name: SkyCoord.ra}
#         wrap_angle: !astropy.coordinates.Angle
#           unit: *id001
#           value: 360.0
#       representation_type: spherical
# schema: astropy-2.0
RA_ICRS_1 DE_ICRS_1 e_RA_ICRS e_DE_ICRS _r_1 HIP TYC2 Source rgeo Plx e_Plx pmRA pmDE e_pmRA e_pmDE RUWE Teff logg Gmag BP-RP BPmag RPmag RV e_RV b_rgeo B_rgeo FG e_FG FBP e_FBP FRP e_FRP RAVE5 RAVE6 e_Gmag e_BPmag e_RPmag e_BP-RP SkyCoord.ra SkyCoord.dec SkyCoord.distance SkyCoord.pm_ra_cosdec SkyCoord.pm_dec rmRA rmDE e_rmRA e_rmDE rRV e_rRV v_pec v_pec3d e_vpec e_vpec3d
[from data line 605]
290.01596413931 21.50094609636 0.2613 0.3719 43.592 "" "" 4517033189882973568 883.526489 1.767 0.5343 2.415 -2.145 0.483 0.594 10.703 "" "" 16.377357 2.051499 17.210854 15.159354 "" "" 652.697876 1361.19055 5296.68043 28.348 1782.7 6.664 6845.7 7.9879 "" "" 0.006431040160783266 0.0049252054 0.003986068 0.008911273 290.01596413931 21.50094609636 883.526489 2.4150000000000005 -2.145 2.868869551420212 3.284478168487549 0.5606342 0.6716342 "" "" 18.26344613471705 "" 11.433240280132724 ""
289.89000532545 21.08495978256 0.0223 0.0319 18.0129 "" "" 4516982264433214720 832.552124 1.1793 0.0416 -12.257 -20.041 0.036 0.044 1.037 4781.6 4.3214 16.381756 2.260722 17.545046 15.284324 "" "" 803.73822 858.901489 5275.26884 40.515 1310.4 31.597 6101.4 148.8 "" "" 0.008782072741889664 0.026328059 0.026747126 0.053075187 289.89000532545 21.08495978256 832.552124 -12.256999999999998 -20.040999999999997 -11.803130448579788 -14.611521831512452 0.11363421 0.12163421 "" "" 74.12428209287097 "" 8.7866759088761 ""
289.58936104882 21.51212268757 0.0237 0.0328 41.8614 "" "" 4517080056567172480 1021.66547 0.9488 0.0426 -1.697 -2.413 0.037 0.043 1.005 5635.0 4.4581 16.385546 1.772437 17.247719 15.475282 "" "" 983.098694 1070.24731 5256.88109 2.982 1723.2 6.8075 5117.4 9.2091 "" "" 0.002823315612810531 0.0051168627 0.004254559 0.009371422 289.58936104882 21.51212268757 1021.66547 -1.697 -2.413 -1.2431304485797883 3.016478168487549 0.11463421 0.12063421 "" "" 15.799741186107047 "" 1.8925211492137555 ""
289.4293153928 20.24771389218 0.021 0.0326 38.53 "" "" 4516646883353244416 866.470093 1.1201 0.0431 -2.917 -0.631 0.036 0.04 0.976 4886.3 4.2915 16.386293 1.875272 17.308617 15.433345 "" "" 839.737122 898.526001 5253.26889 2.0131 1629.2 4.9346 5318.9 6.5557 "" "" 0.0027865567556479426 0.004312712 0.004009303 0.008322015 289.4293153928 20.24771389218 866.470093 -2.917 -0.6310000000000002 -2.463130448579788 4.798478168487549 0.11363421 0.11763421 "" "" 22.15244803173903 "" 2.5876571407782802 ""
289.09704768641 20.89592021115 0.0222 0.0353 35.5547 "" "" 4516937532376982272 800.334656 1.2164 0.0529 -0.492 -4.837 0.052 0.047 0.99 4841.7 4.1918 16.391779 2.019639 17.36247 15.342832 "" "" 771.812561 833.555847 5226.79506 2.9852 1550.3 8.7805 5781.3 21.438 "" "" 0.0028242369438572813 0.006752726 0.0055220556 0.012274781 289.09704768641 20.89592021115 800.334656 -0.4919999999999999 -4.836999999999999 -0.0381304485797882 0.5924781684875491 0.1296342 0.12463421 "" "" 2.2522669323803606 "" 0.28075688005677296 ""
288.99307293236 20.75951377037 0.0201 0.0327 41.3513 "" "" 4516934543079683840 724.180847 1.3387 0.0443 9.656 7.373 0.04 0.041 0.998 6308.0 4.392 16.395174 2.19164 17.531622 15.339982 "" "" 700.919861 749.750061 5210.47114 2.0277 1326.7 5.0734 5796.5 6.8062 "" "" 0.002787528585841473 0.0050023617 0.0039886087 0.00899097 288.99307293236 20.75951377037 724.180847 9.656 7.373 10.109869551420212 12.80247816848755 0.11763421 0.11863421 "" "" 55.99617316410055 "" 6.621610498010458 ""
289.06964355893 20.42297099369 0.0416 0.063 44.1298 "" "" 4516843421047075200 982.665771 1.014 0.084 -7.039 -11.207 0.072 0.076 1.979 "" "" 16.40399 1.854561 17.20634 15.35178 "" "" 910.734375 1048.37317 5168.33929 5.5083 1790.1 4.7473 5733.8 7.3571 "" "" 0.0029884432255741595 0.0040094485 0.004027966 0.008037414 289.06964355893 20.42297099369 982.665771 -7.038999999999993 -11.206999999999988 -6.585130448579788 -5.777521831512452 0.14963421 0.1536342 "" "" 40.804263321578766 "" 6.177235086544491 ""
289.43853311552 20.94971889749 0.0227 0.0335 17.7754 "" "" 4516894617060777728 996.920654 0.975 0.0433 0.44 -8.671 0.039 0.044 1.005 6567.3 4.2434 16.404654 2.20181 17.554295 15.352485 "" "" 949.65332 1040.46484 5165.17775 2.3016 1299.3 4.862 5730.1 7.2561 "" "" 0.0027974729793973276 0.0049286634 0.0040216944 0.008950358 289.43853311552 20.94971889749 996.920654 0.4400000000000007 -8.671000000000005 0.8938695514202117 -3.2415218315124505 0.116634205 0.12163421 "" "" 15.889212990508979 "" 1.9271651009290487 ""
290.17855251827 21.41504652151 0.0353 0.0495 43.4406 "" "" 4517020614218433024 844.956055 1.1533 0.069 -6.026 6.654 0.06 0.074 1.111 6332.1 4.246 16.405275 2.189897 17.274023 15.084126 "" "" 808.497681 908.723572 5162.22347 4.6119 1681.9 27.805 7336.8 103.48 "" "" 0.0029210735257469214 0.018164847 0.01577297 0.03393782 290.17855251827 21.41504652151 844.956055 -6.025999999999992 6.654000000000002 -5.572130448579788 12.083478168487549 0.1376342 0.15163422 "" "" 53.29317182631368 "" 7.955294282832044 ""
290.42184344325 20.63404423518 0.022 0.0311 40.6725 "" "" 4516721443978993664 888.830933 1.0942 0.0442 -0.978 -11.027 0.036 0.042 0.973 5802.0 4.249 16.406246 2.116394 17.49884 15.382446 "" "" 859.026123 923.47467 5157.61139 2.0622 1367.4 5.1892 5574.2 6.5964 "" "" 0.0027893093569703892 0.004976137 0.0039918087 0.008967945 290.42184344325 20.63404423518 888.830933 -0.9779999999999989 -11.027000000000008 -0.5241304485797882 -5.59752183151245 0.11363421 0.11963421 "" "" 23.68584531895092 "" 2.832432938760248 ""
289.84143715233 20.10665428754 0.0216 0.0316 43.6573 "" "" 4516605445506102656 728.337036 1.3352 0.0427 -1.029 -3.458 0.038 0.042 1.007 5887.8 4.2541 16.4068 2.321711 17.642681 15.320971 "" "" 702.854309 750.178284 5154.98193 2.307 1197.7 5.1475 5898.9 6.5787 "" "" 0.0027978359223060187 0.005436856 0.003968615 0.009405471 289.84143715233 20.10665428754 728.337036 -1.029 -3.458 -0.5751304485797881 1.9714781684875486 0.1156342 0.11963421 "" "" 7.089871168553644 "" 0.846001285796972 ""
290.14620787082 20.48749789157 0.0216 0.0314 31.1074 "" "" 4516713781756833920 872.863831 1.1197 0.0485 1.837 -0.039 0.041 0.043 0.995 6642.8 4.0871 16.409601 2.561401 17.822796 15.261394 "" "" 843.867249 910.666199 5141.6979 1.9368 1014.6 6.1474 6231.6 5.5036 "" "" 0.002785507923126918 0.0071456647 0.0038991293 0.011044794 290.14620787082 20.48749789157 872.863831 1.8369999999999986 -0.03899999999999994 2.2908695514202115 5.390478168487549 0.11863421 0.12063421 "" "" 24.232916849593888 "" 2.9159566536235557 ""
289.92782335615 20.82096365732 0.0537 0.0597 11.2777 "" "" 4516783532030336512 725.643066 1.3348 0.0881 -1.44 -3.107 0.08 0.079 1.26 "" "" 16.40981 2.132073 16.954397 14.822324 "" "" 685.796631 778.952271 5140.71246 10.791 2257.7 57.512 9337.5 236.74 "" "" 0.0035757613846042566 0.027798116 0.027785644 0.05558376 289.92782335615 20.82096365732 725.643066 -1.44 -3.1070000000000015 -0.9861304485797882 2.3224781684875486 0.1576342 0.15663421 "" "" 8.67854507049292 "" 1.3606862659695855 ""
289.45261688793 21.45038210911 0.0233 0.0319 40.4666 "" "" 4517056829386888960 922.031616 1.0527 0.0412 -7.503 -5.003 0.036 0.04 1.022 5565.5 4.5323 16.411911 1.662556 17.200386 15.53783 "" "" 886.402832 968.572144 5130.77057 2.1093 1800.0 4.9017 4830.9 7.7071 "" "" 0.0027912402027241512 0.004065313 0.0041574147 0.008222727 289.45261688793 21.45038210911 922.031616 -7.503 -5.003 -7.049130448579788 0.4264781684875487 0.11363421 0.11763421 "" "" 30.864062221317536 "" 3.507671354935989 ""
289.47798727891 21.22223384107 0.024 0.0335 27.5413 "" "" 4517043016771437440 732.539124 1.3456 0.0426 12.294 -4.124 0.038 0.044 1.083 5610.1 4.4817 16.414474 2.020524 17.3897 15.369176 "" "" 710.504578 754.581726 5118.66695 2.2232 1511.9 11.084 5642.7 39.693 "" "" 0.0027953832463913264 0.0084345825 0.008521453 0.016956035 289.47798727891 21.22223384107 732.539124 12.294000000000008 -4.124000000000002 12.747869551420212 1.3054781684875492 0.1156342 0.12163421 "" "" 44.4951021938641 "" 5.147997524310484 ""
289.82296879726 21.52831662638 0.0254 0.0345 42.4628 "" "" 4517078098062097152 991.604248 0.9797 0.0476 0.595 -3.811 0.041 0.046 0.962 6675.7 4.3297 16.41641 2.089952 17.482475 15.392524 "" "" 942.145386 1034.48523 5109.54514 2.2806 1388.1 6.9286 5522.7 7.8088 "" "" 0.0027976123736150036 0.006095461 0.0040792744 0.010174735 289.82296879726 21.52831662638 991.604248 0.595000000000001 -3.8110000000000026 1.0488695514202118 1.6184781684875489 0.11863421 0.123634204 "" "" 9.064936717358604 "" 1.1075239850129348 ""
290.25246778324 21.07115281685 0.0254 0.0365 32.9152 "" "" 4516815074263268608 741.067566 1.3386 0.0487 9.56 -5.332 0.04 0.049 1.101 5713.6 4.4659 16.416956 2.056524 17.461082 15.404558 "" "" 709.056763 768.574524 5106.9831 2.3761 1415.7 5.6845 5461.8 7.2917 "" "" 0.0028012445312679077 0.005176007 0.0040478106 0.009223817 290.25246778324 21.07115281685 741.067566 9.559999999999997 -5.331999999999999 10.013869551420212 0.09747816848754898 0.11763421 0.12663421 "" "" 35.176988163346174 "" 4.138048251511872 ""
289.70769339214 20.32558998971 0.0228 0.0345 30.0621 "" "" 4516660077493686784 889.258179 1.0911 0.0477 -6.22 -21.218 0.042 0.046 1.023 4976.8 4.3492 16.419762 1.921946 17.371542 15.449596 "" "" 860.277344 925.614807 5093.80538 1.8754 1537.4 4.0728 5239.9 7.0541 "" "" 0.0027841659763943715 0.004007245 0.0040521775 0.0080594225 289.70769339214 20.32558998971 889.258179 -6.2200000000000015 -21.21800000000001 -5.766130448579788 -15.788521831512451 0.11963421 0.123634204 "" "" 70.84923674143144 "" 8.72651609312325 ""
289.95451886524 20.89806926713 0.0234 0.0329 13.4736 "" "" 4516789888572504576 844.960205 1.1527 0.0427 -0.354 -5.445 0.038 0.044 1.008 6369.3 4.41 16.421778 2.165053 17.541328 15.376275 "" "" 819.488953 871.817505 5084.35602 2.2947 1314.9 5.806 5605.9 7.6136 "" "" 0.002798554892252937 0.0055469456 0.0040568607 0.009603806 289.95451886524 20.89806926713 844.960205 -0.3540000000000008 -5.444999999999999 0.09986955142021181 -0.015521831512451456 0.1156342 0.12163421 "" "" 0.4047908535187493 "" 0.04686640139610139 ""
289.06249667877 20.38687216799 0.0221 0.0345 45.6845 "" "" 4516842458974371328 755.327393 1.2999 0.0437 -1.412 -15.458 0.037 0.041 0.969 6695.0 4.3583 16.423567 2.295525 17.63728 15.341755 "" "" 731.270386 779.426941 5075.97744 1.9972 1203.7 6.2242 5787.0 8.0837 "" "" 0.0027882404812917235 0.006269333 0.0040723346 0.010341668 289.06249667877 20.38687216799 755.327393 -1.4120000000000004 -15.458 -0.9581304485797881 -10.028521831512451 0.11463421 0.11863421 "" "" 36.068130191411875 "" 4.27763089771834 ""
289.68131385423 20.49179103387 0.0225 0.0342 20.2327 "" "" 4516679937424628608 938.30603 1.0267 0.0467 3.842 -2.553 0.042 0.047 1.048 4963.0 4.175 16.435873 2.324762 17.673496 15.348734 "" "" 898.226624 981.22168 5018.77242 1.9524 1164.2 4.1722 5750.0 6.6051 "" "" 0.002787505677519272 0.0047880034 0.0039798534 0.008767856 289.68131385423 20.49179103387 938.30603 3.8420000000000005 -2.5529999999999995 4.295869551420212 2.876478168487549 0.11963421 0.12463421 "" "" 22.993820271134492 "" 2.786944300950274 ""
289.32101678687 20.99604003669 0.0246 0.0335 24.9197 "" "" 4516898838988171904 965.115967 1.0252 0.044 -1.332 -0.09 0.044 0.045 0.985 5130.9 4.4919 16.435938 1.992852 17.426884 15.434031 "" "" 915.0896 1028.3783 5018.47242 2.2539 1461.0 5.3315 5315.5 6.8017 "" "" 0.002798136722058401 0.004845941 0.004026648 0.008872589 289.32101678687 20.99604003669 965.115967 -1.3319999999999987 -0.08999999999999973 -0.8781304485797883 5.339478168487549 0.12163421 0.12263421 "" "" 24.754367513447843 "" 3.0350829821936736 ""
289.70380712469 20.22105259229 0.0217 0.0321 36.3382 "" "" 4516654889173031680 912.515564 1.0733 0.0437 -3.294 -6.685 0.037 0.042 1.004 5474.7 4.5249 16.43794 1.875544 17.356728 15.481184 "" "" 874.706299 948.562988 5009.22505 2.4098 1558.6 4.4264 5089.6 6.6138 "" "" 0.002804390350184439 0.0041584685 0.004034145 0.008192614 289.70380712469 20.22105259229 912.515564 -3.2939999999999996 -6.684999999999992 -2.8401304485797882 -1.2555218315124508 0.11463421 0.11963421 "" "" 13.431280228107791 "" 1.550861417411344 ""
289.60206771229 21.33507489094 0.0234 0.0321 31.3147 "" "" 4517051160029873664 1029.91797 0.9468 0.042 1.412 -2.435 0.038 0.043 0.999 6325.4 4.408 16.438274 1.833642 17.33686 15.503219 "" "" 983.773193 1084.2334 5007.68518 2.0747 1587.4 6.3851 4987.4 7.5881 "" "" 0.002791797092999989 0.0051824423 0.0041246205 0.009307062 289.60206771229 21.33507489094 1029.91797 1.4119999999999984 -2.435 1.8658695514202117 2.9944781684875488 0.1156342 0.12063421 "" "" 17.22412619073735 "" 2.0540970026846375 ""
288.95347948411 20.91007415568 0.0226 0.0356 43.6462 "" "" 4516939662683923968 708.910278 1.3867 0.0536 2.678 -7.768 0.042 0.046 0.971 4591.4 4.4189 16.440575 1.891986 17.385504 15.493518 "" "" 686.56189 731.456421 4997.09016 2.4399 1517.8 4.864 5032.1 7.5289 "" "" 0.0028058551340545117 0.0044599567 0.004113705 0.008573662 288.95347948411 20.91007415568 708.910278 2.6779999999999995 -7.768000000000002 3.1318695514202117 -2.338521831512451 0.11963421 0.123634204 "" "" 13.13387242909025 "" 1.5902655725658976 ""
289.1546048561 21.02688127778 0.0237 0.0343 34.2513 "" "" 4516945366398107776 833.61615 1.1746 0.0464 -0.759 -12.549 0.041 0.045 1.045 6612.5 4.3245 16.44554 2.278128 17.646936 15.368809 "" "" 805.148376 865.806702 4974.29116 2.2636 1193.0 5.6224 5644.6 5.8296 "" "" 0.0027992676629414654 0.0058281687 0.0039422186 0.009770388 289.1546048561 21.02688127778 833.61615 -0.7589999999999999 -12.548999999999985 -0.3051304485797882 -7.119521831512451 0.11863421 0.12263421 "" "" 28.1574800258218 "" 3.452867168744004 ""
289.34991088497 20.2489527336 0.0227 0.0366 40.6011 "" "" 4516646333597501312 772.263977 1.2704 0.0473 13.333 2.366 0.04 0.043 1.006 6358.6 4.4024 16.447733 2.07932 17.511168 15.431848 "" "" 737.532776 806.539673 4964.25085 1.9636 1351.9 5.9186 5326.2 6.9704 "" "" 0.0027885885421665983 0.0055117398 0.004037659 0.009549399 289.34991088497 20.2489527336 772.263977 13.333000000000013 2.3660000000000005 13.786869551420212 7.7954781684875485 0.11763421 0.12063421 "" "" 57.97607267176199 "" 6.862509345220746 ""
289.40344120492 21.27473556897 0.024 0.0346 32.4312 "" "" 4517044288081819264 845.52063 1.1602 0.0426 -3.563 -16.179 0.038 0.044 1.019 4598.6 4.1769 16.448902 2.125388 17.5457 15.420312 "" "" 815.414062 874.988403 4958.9042 2.3467 1309.6 5.6107 5383.1 8.7446 "" "" 0.0028028168610515574 0.005424248 0.0041706674 0.009594915 289.40344120492 21.27473556897 845.52063 -3.5630000000000015 -16.17899999999999 -3.1091304485797884 -10.74952183151245 0.1156342 0.12163421 "" "" 44.847425048026 "" 5.434682694489683 ""
289.11125806126 21.2480128949 0.0245 0.035 42.7606 "" "" 4516964161176010880 812.141174 1.2009 0.0451 -24.467 -27.052 0.041 0.044 0.969 4632.0 4.3272 16.449213 1.852026 17.334534 15.482508 "" "" 782.720642 837.849854 4957.48485 2.015 1590.8 6.2842 5083.4 23.237 "" "" 0.0027904370129300123 0.005116717 0.006238249 0.011354966 289.11125806126 21.2480128949 812.141174 -24.467 -27.052 -24.013130448579787 -21.62252183151245 0.11863421 0.12163421 "" "" 124.39250236226964 "" 14.92545314206712 ""
290.21900084648 21.42367385225 0.0265 0.0339 45.2049 "" "" 4517020476779479808 920.31781 1.0835 0.0501 -2.281 -6.81 0.047 0.051 1.01 6445.1 4.3268 16.45024 2.240128 17.62647 15.386342 "" "" 868.374756 960.925781 4952.80517 2.2964 1215.7 6.2903 5554.2 6.9285 "" "" 0.0028009301348220815 0.0062725716 0.0040147337 0.010287305 290.21900084648 21.42367385225 920.31781 -2.281 -6.809999999999994 -1.8271304485797883 -1.3805218315124508 0.12463421 0.12863421 "" "" 9.989820953619928 "" 1.259741885220952 ""
289.54162856941 20.14778354849 0.0226 0.034 42.0207 "" "" 4516633414334695168 971.434204 1.0032 0.0455 1.065 -8.705 0.039 0.044 1.028 5448.6 4.503 16.452747 1.732101 17.273327 15.541225 "" "" 929.397095 1007.27692 4941.37687 2.0421 1683.0 7.3791 4815.8 11.187 "" "" 0.0027916157562239276 0.0055178325 0.0045436686 0.010061501 289.54162856941 20.14778354849 971.434204 1.0649999999999997 -8.705 1.5188695514202117 -3.2755218315124512 0.116634205 0.12163421 "" "" 16.625091390974198 "" 2.007719865415711 ""
