Clusters/Berkeley_97/Berkeley_97_members.tsv
# %ECSV 1.0
# ---
# datatype:
# - name: RA_ICRS_1
#   unit: deg
#   datatype: float64
#   format: '{:15.11f}'
#   description: Right ascension (ICRS) at Ep=2016.0 (ra)
#   meta: !!omap
#   - {ucd: POS_EQ_RA_MAIN}
#   - {width: 15}
#   - {precision: '11'}
# - name: DE_ICRS_1
#   unit: deg
#   datatype: float64
#   format: '{:15.11f}'
#   description: Declination (ICRS) at Ep=2016.0 (dec)
#   meta: !!omap
#   - {ucd: POS_EQ_DEC_MAIN}
#   - {width: 15}
#   - {precision: '11'}
# - name: e_RA_ICRS
#   unit: mas
#   datatype: float64
#   format: '{:7.4f}'
#   description: Standard error of right ascension (ra_error)
#   meta: !!omap
#   - {ucd: ERROR}
#   - {width: 7}
#   - {precision: '4'}
# - name: e_DE_ICRS
#   unit: mas
#   datatype: float64
#   format: '{:7.4f}'
#   description: Standard error of declination (dec_error)
#   meta: !!omap
#   - {ucd: ERROR}
#   - {width: 7}
#   - {precision: '4'}
# - name: _r_1
#   unit: ''
#   datatype: float64
#   format: '{:7.4f}'
#   description: Distance from center (339.84991355000+59.00460428000)[ICRS], at Epoch=J2016.0
#   meta: !!omap
#   - {ucd: POS_ANG_DIST_GENERAL}
#   - {width: 7}
#   - {precision: '4'}
# - name: HIP
#   datatype: int32
#   description: '? HIP cross-id number, van Leeuwen, Cat. I/311 (hip_original_ext_source_id)'
#   meta: !!omap
#   - {ucd: ID_NUMBER}
#   - {width: 6}
#   - values: {'null': -2147483648}
# - name: TYC2
#   datatype: string
#   description: Tycho-2 cross-id name, Hog et al., Cat. I/259 (tyc2_original_ext_source_id)
#   meta: !!omap
#   - {ucd: ID_CROSSID}
#   - {_votable_string_dtype: char}
# - name: Source
#   datatype: int64
#   description: Source identifier, identical to the Gaia-EDR3 source_id (id)
#   meta: !!omap
#   - {ucd: ID_MAIN}
#   - {width: 19}
# - name: rgeo
#   unit: pc
#   datatype: float64
#   format: '{:15.8f}'
#   description: '? Median of the geometric distance posterior (r_med_geo)'
#   meta: !!omap
#   - {ucd: PHYS_DISTANCE_TRUE}
#   - {width: 15}
#   - {precision: '8'}
#   - values: {'null': .nan}
# - name: Plx
#   unit: mas
#   datatype: float64
#   format: '{:9.4f}'
#   description: '? Parallax (parallax)'
#   meta: !!omap
#   - {ucd: POS_PARLX_TRIG}
#   - {width: 9}
#   - {precision: '4'}
#   - values: {'null': .nan}
# - name: e_Plx
#   unit: mas
#   datatype: float32
#   format: '{:7.4f}'
#   description: '? Standard error of parallax (parallax_error)'
#   meta: !!omap
#   - {ucd: ERROR}
#   - {width: 7}
#   - {precision: '4'}
#   - values: {'null': .nan}
# - name: pmRA
#   unit: mas / yr
#   datatype: float64
#   format: '{:9.3f}'
#   description: '? Proper motion in right ascension direction, pmRA*cosDE (pmra)'
#   meta: !!omap
#   - {ucd: POS_EQ_PMRA}
#   - {width: 9}
#   - {precision: '3'}
#   - values: {'null': .nan}
# - name: pmDE
#   unit: mas / yr
#   datatype: float64
#   format: '{:9.3f}'
#   description: '? Proper motion in declination direction (pmdec)'
#   meta: !!omap
#   - {ucd: POS_EQ_PMDEC}
#   - {width: 9}
#   - {precision: '3'}
#   - values: {'null': .nan}
# - name: e_pmRA
#   unit: mas / yr
#   datatype: float32
#   format: '{:6.3f}'
#   description: '? Standard error of proper motion in right ascension direction (pmra_error)'
#   meta: !!omap
#   - {ucd: ERROR}
#   - {width: 6}
#   - {precision: '3'}
#   - values: {'null': .nan}
# - name: e_pmDE
[...]
#         unit: &id001 !astropy.units.Unit {unit: deg}
#         value: !astropy.table.SerializedColumn {name: SkyCoord.dec}
#       distance: !astropy.table.SerializedColumn
#         __class__: astropy.coordinates.distances.Distance
#         unit: !astropy.units.Unit {unit: pc}
#         value: !astropy.table.SerializedColumn {name: SkyCoord.distance}
#       frame: icrs
#       obstime: !astropy.time.Time {format: jyear_str, in_subfmt: '*', jd1: 367701545.0, jd2: 0.0, out_subfmt: '*', precision: 3, scale: tt}
#       pm_dec: !astropy.table.SerializedColumn
#         __class__: astropy.units.quantity.Quantity
#         unit: !astropy.units.Unit {unit: mas / yr}
#         value: !astropy.table.SerializedColumn {name: SkyCoord.pm_dec}
#       pm_ra_cosdec: !astropy.table.SerializedColumn
#         __class__: astropy.units.quantity.Quantity
#         unit: !astropy.units.Unit {unit: mas / yr}
#         value: !astropy.table.SerializedColumn {name: SkyCoord.pm_ra_cosdec}
#       ra: !astropy.table.SerializedColumn
#         __class__: astropy.coordinates.angles.Longitude
#         unit: *id001
#         value: !astropy.table.SerializedColumn {name: SkyCoord.ra}
#         wrap_angle: !astropy.coordinates.Angle
#           unit: *id001
#           value: 360.0
#       representation_type: spherical
# schema: astropy-2.0
RA_ICRS_1 DE_ICRS_1 e_RA_ICRS e_DE_ICRS _r_1 HIP TYC2 Source rgeo Plx e_Plx pmRA pmDE e_pmRA e_pmDE RUWE Teff logg Gmag BP-RP BPmag RPmag RV e_RV b_rgeo B_rgeo FG e_FG FBP e_FBP FRP e_FRP RAVE5 RAVE6 e_Gmag e_BPmag e_RPmag e_BP-RP SkyCoord.ra SkyCoord.dec SkyCoord.distance SkyCoord.pm_ra_cosdec SkyCoord.pm_dec Pmemb
339.8439203263 59.00715291679 0.0293 0.0308 0.2402 "" 3995-625-1 2008383302396655488 2630.22485 0.3652 0.0363 -2.873 -2.301 0.038 0.038 3.035 18135.5 3.3302 9.473729 0.937676 9.843719 8.906042 "" "" 2393.19263 2940.37549 3058125.18769 951.51 1577400.0 1153.5 2171400.0 1124.3 "" "" 0.0027759521274692872 0.002900935 0.0038209634 0.0067218984 339.8439203263 59.00715291679 2630.22485 -2.873 -2.301 1.0
339.82384023875 59.01681945374 0.0097 0.0105 1.089 "" 3995-1075-1 2008430237808841600 2657.5686 0.3583 0.0125 -2.747 -1.911 0.013 0.013 0.986 "" "" 9.840384 0.868947 10.178231 9.309284 "" "" 2587.60059 2734.51587 2181691.83228 1048.2 1159100.0 1141.1 1497800.0 1215.3 "" "" 0.0028042651256774583 0.0029878994 0.003880697 0.006868596 339.82384023875 59.01681945374 2657.5686 -2.747 -1.9109999999999998 1.0
340.10268328507 58.97390297864 0.0097 0.0107 8.0278 "" 3996-1228-1 2008380794144211712 2570.86328 0.3525 0.0122 -2.679 -1.93 0.013 0.014 0.903 "" "" 11.482301 1.201067 11.985507 10.78444 "" "" 2498.03125 2653.1687 480868.62054 798.23 219390.0 725.55 384930.0 2490.9 "" "" 0.0032924242068071625 0.004547298 0.007977863 0.012525161 340.10268328507 58.97390297864 2570.86328 -2.6789999999999994 -1.9300000000000002 0.9
339.82166004461 59.00297803329 0.0089 0.0097 0.8784 "" "" 2008430203449108224 2525.15747 0.3648 0.0114 -2.953 -1.724 0.012 0.012 0.988 "" "" 13.262117 0.961862 13.648018 12.686156 "" "" 2459.89844 2592.30542 93346.90312 21.669 47447.0 60.239 66788.0 44.706 "" "" 0.0027668234043678364 0.0031121043 0.0038486242 0.006960728 339.82166004461 59.00297803329 2525.15747 -2.9529999999999994 -1.7239999999999998 1.0
339.83338202067 58.98750271338 0.0091 0.0096 1.1463 "" "" 2008383199325604224 2978.19849 0.3072 0.0117 -2.775 -2.013 0.012 0.011 0.977 12569.3 3.7629 13.395822 1.084518 13.845118 12.7606 "" "" 2882.58301 3083.82324 82531.22131 15.524 39570.0 24.208 62362.0 37.176 "" "" 0.002762878463734771 0.0028681434 0.0038344034 0.006702547 339.83338202067 58.98750271338 2978.19849 -2.7749999999999995 -2.013 1.0
339.8314950941 59.00643294158 0.0115 0.0121 0.5796 "" "" 2008430233501492608 2819.80103 0.3264 0.0143 -2.683 -1.821 0.015 0.015 1.106 11137.8 3.7591 13.733361 1.05112 14.166042 13.114923 "" "" 2711.16553 2953.69116 60478.66064 18.066 29444.0 28.91 44998.0 48.772 "" "" 0.002774342790196527 0.0029868882 0.0039583556 0.006945244 339.8314950941 59.00643294158 2819.80103 -2.683 -1.821 1.0
339.84074866849 59.0051493493 0.0134 0.0139 0.2851 "" "" 2008383302404812544 2604.80005 0.3569 0.0163 -2.626 -1.913 0.018 0.017 1.124 11638.8 3.8049 14.199184 1.058014 14.629308 13.571294 "" "" 2466.69116 2720.19312 39379.74224 11.706 19217.0 51.213 29556.0 27.212 "" "" 0.002774158242756344 0.0040196036 0.003909346 0.00792895 339.84074866849 59.0051493493 2604.80005 -2.6259999999999994 -1.9130000000000003 1.0
339.85983016055 59.00845000045 0.0134 0.0137 0.3836 "" "" 2008384779873564032 2623.4231 0.3563 0.0168 -2.78 -1.834 0.017 0.016 1.021 10857.5 3.8294 14.490845 1.049156 14.918883 13.869727 "" "" 2502.20532 2719.62866 30102.94455 6.8698 14718.0 15.673 22453.0 17.554 "" "" 0.0027664385772970786 0.003020234 0.0038735329 0.006893767 339.85983016055 59.00845000045 2623.4231 -2.78 -1.834 1.0
339.76936809268 58.9833015138 0.0146 0.0149 2.7984 "" "" 2008430066010153216 2691.21167 0.3452 0.0179 -2.744 -1.877 0.018 0.017 1.106 10748.6 3.8311 14.639523 1.056804 15.072841 14.016037 "" "" 2552.40112 2831.95532 26250.49507 6.0707 12773.0 12.925 19622.0 16.58 "" "" 0.0027667371549783886 0.002998682 0.0038891356 0.0068878178 339.76936809268 58.9833015138 2691.21167 -2.744 -1.8769999999999998 1.0
339.89094820856 59.02634478779 0.0143 0.0145 1.8188 "" "" 2008384814233517312 2823.75195 0.3254 0.0178 -2.517 -1.719 0.018 0.018 1.068 11708.9 3.8643 14.663782 1.042815 15.089732 14.046917 "" "" 2696.86523 2978.35889 25670.48238 8.1694 12575.0 13.786 19072.0 13.129 "" "" 0.002776900692534571 0.0030334552 0.0038525772 0.0068860324 339.89094820856 59.02634478779 2823.75195 -2.5170000000000003 -1.7189999999999999 0.8
339.89915881624 59.04024321752 0.0151 0.0151 2.624 "" "" 2008431749637657856 2690.27222 0.3456 0.0189 -2.655 -1.86 0.021 0.02 1.05 9068.6 3.7741 14.804451 1.156634 15.2929 14.136266 "" "" 2563.39746 2837.99658 22551.01862 5.4763 10429.0 11.123 17565.0 18.508 "" "" 0.002767906492216242 0.003020924 0.0039487365 0.0069696605 339.89915881624 59.04024321752 2690.27222 -2.6549999999999994 -1.8600000000000003 1.0
339.83694211349 59.0084268158 0.0168 0.0171 0.4618 "" "" 2008430237808846848 2941.10645 0.3148 0.0206 -2.573 -1.897 0.021 0.02 1.147 10797.6 3.699 14.821124 1.047898 15.229031 14.181132 "" "" 2748.78345 3152.45605 22207.36445 6.083 11061.0 28.242 16854.0 31.289 "" "" 0.0027713242055267197 0.0039332137 0.0042832852 0.008216498 339.83694211349 59.0084268158 2941.10645 -2.573 -1.8970000000000002 1.0
339.9074188874 58.96277690612 0.0144 0.0156 3.0756 "" "" 2008383611642487040 2901.56274 0.3256 0.0183 -2.674 -1.82 0.019 0.018 1.007 9859.2 3.7737 14.840942 1.099418 15.289187 14.18977 "" "" 2750.19629 3065.42188 21805.69717 5.9437 10465.0 16.112 16721.0 26.565 "" "" 0.0027711681521094696 0.003252587 0.0041544093 0.0074069966 339.9074188874 58.96277690612 2901.56274 -2.6740000000000004 -1.8199999999999998 0.9
339.88350051641 59.03856082402 0.0159 0.0157 2.2862 "" "" 2008431749637654912 2803.0564 0.3364 0.0197 -2.723 -1.83 0.021 0.019 0.976 10698.9 3.8571 14.842507 1.094524 15.293665 14.199141 "" "" 2633.7832 2972.17554 21774.28896 5.9952 10422.0 12.296 16577.0 11.78 "" "" 0.0027714895835350382 0.0030701659 0.0038573325 0.0069274986 339.88350051641 59.03856082402 2803.0564 -2.723 -1.83 1.0
339.89306630231 58.98476312947 0.0162 0.0165 1.7877 "" "" 2008384436276195712 2622.38867 0.3597 0.0201 -2.75 -1.896 0.021 0.02 0.947 "" "" 15.036896 1.065319 15.47533 14.410011 "" "" 2473.01392 2788.69727 18204.89881 4.8076 8816.3 14.203 13651.0 9.3084 "" "" 0.0027701985807204385 0.0032930907 0.0038512128 0.0071443035 339.89306630231 58.98476312947 2622.38867 -2.7500000000000004 -1.896 1.0
339.84235402874 58.99638611971 0.017 0.0176 0.5456 "" "" 2008383302404816640 2635.45435 0.3503 0.0211 -2.724 -1.902 0.022 0.021 1.023 "" "" 15.111544 1.133469 15.584981 14.451512 "" "" 2460.71118 2804.33057 16995.32243 5.4114 7969.4 13.158 13139.0 14.219 "" "" 0.002776922886689047 0.0033164045 0.0039578164 0.0072742207 339.84235402874 58.99638611971 2635.45435 -2.7239999999999998 -1.9019999999999997 1.0
339.8371307294 59.01514090544 0.0171 0.0175 0.7454 "" "" 2008430237808844672 2871.62817 0.3277 0.0209 -2.749 -1.859 0.022 0.021 1.004 "" "" 15.122823 1.072093 15.565914 14.493821 "" "" 2720.88013 3081.0542 16819.66961 4.1831 8110.6 11.352 12637.0 14.449 "" "" 0.0027685200541440183 0.0031771662 0.0039780457 0.0071552116 339.8371307294 59.01514090544 2871.62817 -2.7489999999999997 -1.859 1.0
339.88837770334 59.00313737645 0.0176 0.0174 1.1918 "" "" 2008384711154095872 2862.948 0.3242 0.0214 -2.801 -1.795 0.022 0.021 1.061 "" "" 15.208037 1.20223 15.716065 14.513836 "" "" 2722.69629 3036.86694 15550.04466 5.0502 7063.0 11.344 12406.0 12.851 "" "" 0.002777791750033164 0.0032902814 0.0039431755 0.0072334567 339.88837770334 59.00313737645 2862.948 -2.8009999999999993 -1.7949999999999995 1.0
339.85013597027 59.01876529425 0.018 0.0187 0.8497 "" "" 2008431715277595264 2965.00854 0.3091 0.0223 -2.789 -1.99 0.023 0.023 1.006 10496.6 3.8085 15.223435 1.07307 15.667108 14.594038 "" "" 2783.73315 3157.08447 15331.07226 8.7362 7388.8 16.837 11522.0 18.969 "" "" 0.00282392792636377 0.0037290964 0.004180766 0.007909862 339.85013597027 59.01876529425 2965.00854 -2.7890000000000006 -1.99 1.0
339.8483138741 59.01539206608 0.0205 0.0209 0.6492 "" "" 2008430237808846464 2872.26343 0.3298 0.0256 -2.686 -1.932 0.026 0.025 1.154 9615.6 3.5186 15.255099 1.167275 15.747628 14.580353 "" "" 2664.16724 3106.97095 14890.4234 4.9846 6860.7 20.799 11669.0 15.098 "" "" 0.002779188204319542 0.004315002 0.004032016 0.008347018 339.8483138741 59.01539206608 2872.26343 -2.6860000000000004 -1.932 0.8
339.84102354496 59.00765982643 0.0239 0.0287 0.3302 "" "" 2008383302396651264 2738.44067 0.3387 0.0322 -2.703 -1.952 0.031 0.034 1.171 10549.3 3.9623 15.479683 1.117935 15.842126 14.724191 "" "" 2475.84814 3047.75464 12108.03707 5.3337 6288.8 95.438 10221.0 80.053 "" "" 0.002796522474509347 0.016711561 0.009305743 0.026017305 339.84102354496 59.00765982643 2738.44067 -2.703 -1.9519999999999995 0.9
339.86767041507 58.99242334208 0.0211 0.0214 0.9139 "" "" 2008384711154096256 2834.92456 0.3209 0.0266 -2.812 -1.916 0.027 0.025 0.967 9800.2 3.7324 15.563934 1.124809 16.032248 14.907438 "" "" 2636.82031 3045.08301 11204.00057 3.5344 5278.6 12.918 8633.4 9.9947 "" "" 0.0027765264384055893 0.0038529208 0.0039829146 0.007835835 339.86767041507 58.99242334208 2834.92456 -2.8119999999999994 -1.916 1.0
339.87289369138 58.99750815958 0.0212 0.0214 0.828 "" "" 2008384706850332672 2628.48999 0.3584 0.0261 -2.643 -1.912 0.027 0.025 1.049 9718.0 3.9093 15.589004 1.2961 16.11008 14.813981 "" "" 2447.87427 2821.11646 10948.26647 3.7544 4913.4 22.343 9409.5 57.683 "" "" 0.00278036212950931 0.0056710956 0.0076540504 0.0133251455 339.87289369138 58.99750815958 2628.48999 -2.643 -1.9119999999999997 1.0
339.68492479457 58.98092636708 0.0214 0.0207 5.2938 "" "" 2008429928571503872 2804.53882 0.3256 0.0253 -2.668 -1.847 0.028 0.026 0.995 9362.3 3.6086 15.646296 1.253544 16.18863 14.935085 "" "" 2623.29712 3011.97534 10385.52744 3.2577 4570.5 9.9954 8416.4 10.869 "" "" 0.0027762884500494374 0.0036637415 0.0040310905 0.007694832 339.68492479457 58.98092636708 2804.53882 -2.668 -1.847 1.0
339.83336433301 58.9173158241 0.0211 0.0219 5.2623 "" "" 2008381996734789760 2905.41797 0.3232 0.0259 -2.758 -1.912 0.027 0.027 0.993 9241.2 3.9252 15.658186 1.256216 16.20484 14.948624 "" "" 2715.62085 3118.02393 10272.40752 3.1872 4502.8 9.8361 8312.1 11.991 "" "" 0.0027758368648337895 0.003661985 0.004091082 0.007753067 339.83336433301 58.9173158241 2905.41797 -2.7580000000000005 -1.912 1.0
339.84101326286 58.96394402801 0.0234 0.0237 2.4551 "" "" 2008382924447706624 2856.8584 0.3286 0.029 -3.002 -1.543 0.031 0.029 1.081 "" "" 15.730228 1.321281 16.30741 14.986128 "" "" 2644.49658 3102.47217 9612.92056 2.8969 4096.9 7.9784 8029.8 9.456 "" "" 0.0027746790603166453 0.0035008122 0.003989798 0.0074906102 339.84101326286 58.96394402801 2856.8584 -3.0019999999999993 -1.5429999999999997 0.9
339.84610156878 59.01015714201 0.0239 0.024 0.3534 "" "" 2008383302404810880 2960.58398 0.3244 0.0296 -2.726 -1.956 0.031 0.029 1.041 9518.8 3.5762 15.754855 1.137193 16.225517 15.088325 "" "" 2675.10107 3193.39697 9397.3377 3.2223 4417.8 20.218 7308.5 28.883 "" "" 0.002780358221856894 0.0056986474 0.0057179276 0.011416575 339.84610156878 59.01015714201 2960.58398 -2.726 -1.956 0.9
339.86091688669 58.99536617272 0.0274 0.0276 0.6503 "" "" 2008383233685344512 2712.96948 0.3577 0.0343 -2.721 -1.895 0.035 0.034 0.978 9472.5 3.8688 16.096376 1.206666 16.607239 15.400573 "" "" 2396.92847 3118.50732 6861.14434 2.9073 3108.3 10.669 5481.9 12.595 "" "" 0.0027934651668088664 0.004655468 0.0045284084 0.009183876 339.86091688669 58.99536617272 2712.96948 -2.721 -1.895 1.0
