Clusters/Berkeley_97/Berkeley_97_stars_fromDR3_dis.tsv
# %ECSV 1.0
# ---
# datatype:
# - name: _r
#   unit: ''
#   datatype: float64
#   format: '{:7.4f}'
#   description: Distance from center (339.84991355000+59.00460428000)[ICRS], at Epoch=J2016.0
#   meta: !!omap
#   - {ucd: POS_ANG_DIST_GENERAL}
#   - {width: 7}
#   - {precision: '4'}
# - name: Source
#   datatype: int64
#   description: Source identifier, identical to the Gaia-EDR3 source_id (id)
#   meta: !!omap
#   - {ucd: ID_MAIN}
#   - {width: 19}
# - name: RA_ICRS
#   unit: deg
#   datatype: float64
#   format: '{:15.11f}'
#   description: Barycentric right ascension (ICRS) at Ep=2016.0 (ra)
#   meta: !!omap
#   - {ucd: POS_EQ_RA_MAIN}
#   - {width: 15}
#   - {precision: '11'}
# - name: DE_ICRS
#   unit: deg
#   datatype: float64
#   format: '{:15.11f}'
#   description: Barycentric declination (ICRS) at Ep=2016.0 (dec)
#   meta: !!omap
#   - {ucd: POS_EQ_DEC_MAIN}
#   - {width: 15}
#   - {precision: '11'}
# - name: rgeo
#   unit: pc
#   datatype: float64
#   format: '{:15.8f}'
#   description: '? Median of the geometric distance posterior (r_med_geo)'
#   meta: !!omap
#   - {ucd: PHYS_DISTANCE_TRUE}
#   - {width: 15}
#   - {precision: '8'}
#   - values: {'null': .nan}
# - name: b_rgeo
#   unit: pc
#   datatype: float64
#   format: '{:14.8f}'
#   description: '? 16th percentile of the geometric distance posterior (r_lo_geo)'
#   meta: !!omap
#   - {ucd: ERROR}
#   - {width: 14}
#   - {precision: '8'}
#   - values: {'null': .nan}
# - name: B_rgeo
#   unit: pc
#   datatype: float64
#   format: '{:14.8f}'
#   description: '? 84th percentile of the geometric distance posterior (r_hi_geo)'
#   meta: !!omap
#   - {ucd: ERROR}
#   - {width: 14}
#   - {precision: '8'}
#   - values: {'null': .nan}
# - name: rpgeo
#   unit: pc
#   datatype: float64
#   format: '{:15.8f}'
#   description: '? Median of the photogeometric distance posterior (r_med_photogeo)'
#   meta: !!omap
#   - {ucd: PHYS_DISTANCE_TRUE}
#   - {width: 15}
#   - {precision: '8'}
#   - values: {'null': .nan}
# - name: b_rpgeo
#   unit: pc
#   datatype: float64
#   format: '{:14.8f}'
#   description: '? 16th percentile of the photogeometric distance posterior (r_lo_photogeo)'
#   meta: !!omap
#   - {ucd: ERROR}
#   - {width: 14}
#   - {precision: '8'}
#   - values: {'null': .nan}
# - name: B_rpgeo
#   unit: pc
#   datatype: float64
#   format: '{:14.8f}'
#   description: '? 84th percentile of the photogeometric distance posterior (r_hi_photogeo)'
#   meta: !!omap
#   - {ucd: ERROR}
#   - {width: 14}
#   - {precision: '8'}
#   - values: {'null': .nan}
# - name: Flag
#   datatype: int32
#   description: Flag (flag) (1)
#   meta: !!omap
#   - {ucd: CODE_MISC}
#   - {width: 5}
# meta: !!omap
# - {ID: I_352_gedr3dis}
# - {description: Estimating distances from parallaxes (1467744818 sources)}
# - {name: I/352/gedr3dis}
# schema: astropy-2.0
_r Source RA_ICRS DE_ICRS rgeo b_rgeo B_rgeo rpgeo b_rpgeo B_rpgeo Flag
[from data line 3105]
15.7537 2008386532220548352 340.35706765639 59.03262294987 2449.93604 2235.56934 2808.17188 2325.99268 2153.49536 2522.00073 10033
15.7544 2008357120283753088 339.59137525956 58.77854569779 2397.78198 1900.98132 2802.64282 2218.03027 1925.03528 2766.75098 10033
15.7545 2008439167036627584 340.19233909233 59.19960897235 2003.55151 1723.15723 2384.55762 2094.38647 1742.43164 2523.95483 10033
15.7563 2008449857219619712 339.84428373947 59.2671935466 2218.06934 1903.13367 2538.37451 2194.75903 1912.9939 2529.85596 10033
15.7586 2008424671530792192 339.41694259805 59.14413729383 2847.31616 2407.13672 3322.31006 2479.82935 2182.92725 2946.77002 10033
15.7613 2008448925202583296 339.68950932444 59.25406593604 2611.54761 2138.4751 3260.61108 2700.08594 2171.74854 3676.99976 10033
15.7614 2008366466133412224 340.2298144895 58.82985314787 2314.51782 1894.60364 2807.16724 2401.87207 2011.95105 2926.93945 10033
15.7635 2008442847829897472 340.06398586746 59.24325926749 2920.177 1530.24292 4937.80664 4919.56836 3121.18359 6882.2041 20033
15.7726 2008364576347527552 339.96807519664 58.74892146038 2885.9519 2086.58154 3936.20605 2930.66357 2204.79761 3835.86475 10033
15.7739 2008424671526328960 339.41339325086 59.14166216769 2375.96606 1260.37061 4591.55322 4378.98535 3176.7981 6155.60449 20033
15.7767 2008366324389291392 340.17441437055 58.80199521157 2536.54395 1778.25781 3704.60303 2381.69897 1837.10901 3156.63892 10033
15.7767 2008354165346256512 339.59902662326 58.77583121136 2171.26025 2058.97729 2303.78687 2180.72681 2008.34119 2361.35791 10033
15.7778 2008448482826577408 339.49288014816 59.19309943793 2477.66968 1204.00952 4504.26123 4716.91455 3066.2124 6634.0332 10033
15.7782 2008448620268817664 339.53360767118 59.21143940008 2494.81348 1579.1543 6652.3916 2627.70728 1777.37537 3624.28638 10033
15.7783 2008354538998954880 339.6138238959 58.77163998847 2200.6377 1512.20105 3539.09351 3649.90771 2306.58472 5635.04688 10033
15.7828 2008448895143981696 339.65992625156 59.2489182077 2611.97925 1484.30371 4513.36865 3922.41504 3224.58325 5502.34717 10033
15.783 2008438960878172672 340.2046803834 59.19434651139 2679.4834 1613.94446 5200.16699 3030.5957 2048.28369 3980.11572 10033
15.7849 2008424667226816256 339.40519137155 59.13484048963 2020.24646 1647.87158 2533.35327 2098.60425 1696.19177 2700.63672 10033
15.7908 2008374093988659968 340.35266833022 58.95831589599 2922.83203 1713.88928 5353.70361 5821.94873 4725.51172 6791.43604 10033
15.7923 2008405013455172224 339.39635856901 58.88405161645 2690.69263 1933.01428 4708.22266 3313.51611 2361.05762 4091.79419 10133
15.7984 2008387627428524544 340.33355751837 59.09094183823 2096.96436 1391.61182 3061.83545 1708.39453 1339.80359 2995.50146 10033
15.8043 2008448482826578048 339.49449653454 59.19451905224 2747.55396 1427.69678 5322.32178 4435.28223 3511.47388 6203.15576 10033
15.8086 2008364885585154176 339.85640107124 58.74114880392 2610.86328 2461.16772 2794.84546 2571.25562 2438.68286 2743.24243 10033
15.8088 2008448654625301504 339.57370774819 59.22668640883 2494.22998 1483.12329 3945.5271 "" "" "" 20099
15.8108 2008425010824387328 339.46111847916 59.17651216924 2080.41943 1493.38147 3092.52271 1666.92126 1220.87891 3667.13672 10033
15.8122 2008372547799648512 340.28712698148 58.86837607956 2099.33569 993.190613 3846.46875 3691.03687 2762.53491 5635.06738 10033
15.813 2008448860787157760 339.62273705433 59.24096439601 2730.3208 2434.82983 3129.38721 2734.84717 2366.11182 3330.27271 10033
15.8131 2008440030334551680 340.12388999143 59.2274995884 2679.89795 2097.17896 3683.85474 2812.09277 2199.66504 3697.09985 10033
15.8135 2008365023016117760 339.79408475921 58.74263069299 2640.88232 1473.31531 3613.01514 3338.81323 2129.07935 4614.98096 10033
15.8139 2008373230697278976 340.33582369839 58.92273095143 2963.62671 2078.39893 4174.38428 2861.92603 2081.50073 3870.88428 10033
15.8152 2008422949239379968 339.34088348895 59.03325092163 2806.08618 1884.61218 4312.07227 3711.71802 2344.90283 5532.02832 10033
15.8213 2008437998805799424 339.93720331914 59.26446149855 2935.32837 1611.12903 5997.81348 3455.47461 2192.17651 5603.53711 10033
15.8215 2008365057384212992 339.82770293933 58.74116299501 2182.66821 1978.19812 2399.83472 2118.92212 1940.92859 2351.90771 10033
15.823 2008448826424007808 339.593604562 59.2331657417 2706.99585 1473.96143 4295.89453 4582.86328 3652.48145 6409.28125 10033
15.8371 2008423400215988224 339.35928985137 59.08192743879 2193.5083 1297.37256 3554.18188 2700.03149 1751.83093 4290.19434 10033
15.8402 2008408586868399616 339.34292742695 58.96641534758 2825.11816 1891.3241 3814.48901 3878.19458 2022.41089 6143.26514 10033
15.8421 2008443809905707520 339.97051804646 59.2612868925 2322.229 2141.15649 2532.01001 2238.08105 2053.05469 2404.11499 10033
15.8436 2008439858531970688 340.106033283 59.23361920506 2351.34888 1358.25464 3933.34131 4360.24414 3129.41357 6185.29639 10033
15.8444 2008373234995194368 340.33689814783 58.92278893626 2947.92676 1543.19775 4166.01221 "" "" "" 20099
15.846 2008449543677916032 339.81512701745 59.26810009255 2129.51074 1519.23804 3594.57642 1796.7522 1279.63049 3167.28418 10033
15.8584 2008365847649965312 340.05976911832 58.76357041428 1995.38562 1667.90637 2700.08398 2099.06226 1666.72339 2651.60278 10033
15.8601 2008364468967758848 339.92744574784 58.74332563318 2342.59473 1486.40417 4096.23633 2350.25586 1596.90308 3501.80493 10033
15.8652 2008353546861467008 339.72858950208 58.74772861642 2218.72656 1465.25952 4290.37988 3729.30835 2432.1189 4956.41699 10033
15.8697 2008448929506647296 339.69131104475 59.25627045029 2610.92285 2148.02222 3159.23706 2371.32715 2032.33923 2825.40015 10033
15.88 2008448860787159296 339.63550252283 59.2453162658 2084.15527 1786.14685 2545.88086 2112.26196 1925.35791 2419.38574 10033
15.884 2008424671526329088 339.41413732598 59.14577944641 2750.77417 1328.38379 4827.17822 3517.57227 2696.33154 5126.9707 20033
15.8841 2008365847657859328 340.06041752468 58.76325211267 2068.26343 1596.72351 2701.25391 "" "" "" 10099
15.8877 2008372341641949952 340.25042789877 58.83915859487 2266.15161 1501.85083 3239.01733 4000.28613 2723.78076 5442.00195 10033
15.8881 2008353576926190848 339.69659144852 58.75193904142 2856.03711 2184.6897 3657.41846 2643.18945 2258.05786 3081.08057 10033
15.8898 2008364503322947328 339.96583968426 58.7466421898 2818.60986 2546.25464 3157.67529 2742.06665 2484.35352 3011.8335 10033
15.8917 2008374020973411584 340.34977130772 58.94317462971 2935.79297 2180.21167 4364.77441 2716.44263 2236.77295 3302.85693 10033
15.8953 2008424637171054464 339.39919041735 59.13309652704 2942.58228 2520.49585 3586.74707 2618.79761 2304.39868 3106.60107 10033
15.8962 2008449719777346560 339.77092579824 59.26642312947 2692.75537 1268.98755 4867.30762 4121.65674 2751.27759 5576.02734 10033
15.8969 2008354543303383680 339.61274948658 58.76970152084 2531.41821 2318.10034 2817.25757 2570.69556 2336.68115 2943.2876 10033
15.9112 2008405597570585600 339.42301568514 58.85699718152 2930.01562 2116.52417 4258.1123 2890.37402 1866.03271 4569.3291 10033
15.9127 2008366328687692416 340.17990377158 58.80140769121 2592.15601 1198.19348 4725.83008 4869.11182 3697.54102 6936.44385 20033
15.9155 2008422953543905536 339.33919517744 59.04014217828 2609.99121 2164.22729 3285.53809 2149.18481 1826.0509 2508.09619 10033
15.9169 2008439171341125376 340.19244908908 59.2031971779 2066.55811 2018.1123 2114.04565 2056.05518 2004.72864 2095.30396 10033
15.9189 2008353336407992704 339.73339799372 58.746214885 2907.1875 2212.08301 3782.86328 2534.59912 2129.93359 3136.40625 10033
15.9209 2008365877712557440 340.08296706404 58.76815706485 2796.72314 2267.45483 3657.59302 2528.75464 2054.55054 3065.91553 10033
15.9217 2008423017958968448 339.34340561506 59.05440554724 2647.98047 1867.37085 3457.59106 2449.28882 1891.2605 3143.6582 10033
15.9277 2008354298480726784 339.65638980138 58.75870446524 2943.1875 2175.19922 4879.47559 3278.13989 2340.65381 4656.86377 10033
15.9292 2008440236489114240 340.12272783973 59.23015975578 2909.59009 1810.68518 4419.11279 "" "" "" 10099
15.9296 2008449032585842304 339.57874496358 59.23069027201 2436.75098 2161.4043 2743.06714 2354.20044 2167.17529 2577.45215 10033
15.9309 2008390930266990976 340.30504690158 59.13016309038 2817.021 2557.05518 3140.55005 2801.1626 2472.10522 3154.40723 10033
15.9309 2008353576926190976 339.69258389122 58.75184780692 2055.09326 1642.02014 2759.67969 2193.11987 1738.07275 3133.51392 10033
