Clusters/Berkeley_97/Berkeley_97_stars_in_region.tsv
# %ECSV 1.0
# ---
# datatype:
# - name: RA_ICRS_1
#   unit: deg
#   datatype: float64
#   format: '{:15.11f}'
#   description: Right ascension (ICRS) at Ep=2016.0 (ra)
#   meta: !!omap
#   - {ucd: POS_EQ_RA_MAIN}
#   - {width: 15}
#   - {precision: '11'}
# - name: DE_ICRS_1
#   unit: deg
#   datatype: float64
#   format: '{:15.11f}'
#   description: Declination (ICRS) at Ep=2016.0 (dec)
#   meta: !!omap
#   - {ucd: POS_EQ_DEC_MAIN}
#   - {width: 15}
#   - {precision: '11'}
# - name: e_RA_ICRS
#   unit: mas
#   datatype: float64
#   format: '{:7.4f}'
#   description: Standard error of right ascension (ra_error)
#   meta: !!omap
#   - {ucd: ERROR}
#   - {width: 7}
#   - {precision: '4'}
# - name: e_DE_ICRS
#   unit: mas
#   datatype: float64
#   format: '{:7.4f}'
#   description: Standard error of declination (dec_error)
#   meta: !!omap
#   - {ucd: ERROR}
#   - {width: 7}
#   - {precision: '4'}
# - name: _r_1
#   unit: ''
#   datatype: float64
#   format: '{:7.4f}'
#   description: Distance from center (339.84991355000+59.00460428000)[ICRS], at Epoch=J2016.0
#   meta: !!omap
#   - {ucd: POS_ANG_DIST_GENERAL}
#   - {width: 7}
#   - {precision: '4'}
# - name: HIP
#   datatype: int32
#   description: '? HIP cross-id number, van Leeuwen, Cat. I/311 (hip_original_ext_source_id)'
#   meta: !!omap
#   - {ucd: ID_NUMBER}
#   - {width: 6}
#   - values: {'null': -2147483648}
# - name: TYC2
#   datatype: string
#   description: Tycho-2 cross-id name, Hog et al., Cat. I/259 (tyc2_original_ext_source_id)
#   meta: !!omap
#   - {ucd: ID_CROSSID}
#   - {_votable_string_dtype: char}
# - name: Source
#   datatype: int64
#   description: Source identifier, identical to the Gaia-EDR3 source_id (id)
#   meta: !!omap
#   - {ucd: ID_MAIN}
#   - {width: 19}
# - name: rgeo
#   unit: pc
#   datatype: float64
#   format: '{:15.8f}'
#   description: '? Median of the geometric distance posterior (r_med_geo)'
#   meta: !!omap
#   - {ucd: PHYS_DISTANCE_TRUE}
#   - {width: 15}
#   - {precision: '8'}
#   - values: {'null': .nan}
# - name: Plx
#   unit: mas
#   datatype: float64
#   format: '{:9.4f}'
#   description: '? Parallax (parallax)'
#   meta: !!omap
#   - {ucd: POS_PARLX_TRIG}
#   - {width: 9}
#   - {precision: '4'}
#   - values: {'null': .nan}
# - name: e_Plx
#   unit: mas
#   datatype: float32
#   format: '{:7.4f}'
#   description: '? Standard error of parallax (parallax_error)'
#   meta: !!omap
#   - {ucd: ERROR}
#   - {width: 7}
#   - {precision: '4'}
#   - values: {'null': .nan}
# - name: pmRA
#   unit: mas / yr
#   datatype: float64
#   format: '{:9.3f}'
#   description: '? Proper motion in right ascension direction, pmRA*cosDE (pmra)'
#   meta: !!omap
#   - {ucd: POS_EQ_PMRA}
#   - {width: 9}
#   - {precision: '3'}
#   - values: {'null': .nan}
# - name: pmDE
#   unit: mas / yr
#   datatype: float64
#   format: '{:9.3f}'
#   description: '? Proper motion in declination direction (pmdec)'
#   meta: !!omap
#   - {ucd: POS_EQ_PMDEC}
#   - {width: 9}
#   - {precision: '3'}
#   - values: {'null': .nan}
# - name: e_pmRA
#   unit: mas / yr
#   datatype: float32
#   format: '{:6.3f}'
#   description: '? Standard error of proper motion in right ascension direction (pmra_error)'
#   meta: !!omap
#   - {ucd: ERROR}
#   - {width: 6}
#   - {precision: '3'}
#   - values: {'null': .nan}
# - name: e_pmDE
[...]
#         unit: &id001 !astropy.units.Unit {unit: deg}
#         value: !astropy.table.SerializedColumn {name: SkyCoord.dec}
#       distance: !astropy.table.SerializedColumn
#         __class__: astropy.coordinates.distances.Distance
#         unit: !astropy.units.Unit {unit: pc}
#         value: !astropy.table.SerializedColumn {name: SkyCoord.distance}
#       frame: icrs
#       obstime: !astropy.time.Time {format: jyear_str, in_subfmt: '*', jd1: 367701545.0, jd2: 0.0, out_subfmt: '*', precision: 3, scale: tt}
#       pm_dec: !astropy.table.SerializedColumn
#         __class__: astropy.units.quantity.Quantity
#         unit: !astropy.units.Unit {unit: mas / yr}
#         value: !astropy.table.SerializedColumn {name: SkyCoord.pm_dec}
#       pm_ra_cosdec: !astropy.table.SerializedColumn
#         __class__: astropy.units.quantity.Quantity
#         unit: !astropy.units.Unit {unit: mas / yr}
#         value: !astropy.table.SerializedColumn {name: SkyCoord.pm_ra_cosdec}
#       ra: !astropy.table.SerializedColumn
#         __class__: astropy.coordinates.angles.core.Longitude
#         unit: *id001
#         value: !astropy.table.SerializedColumn {name: SkyCoord.ra}
#         wrap_angle: !astropy.coordinates.Angle
#           unit: *id001
#           value: 360.0
#       representation_type: spherical
# schema: astropy-2.0
RA_ICRS_1 DE_ICRS_1 e_RA_ICRS e_DE_ICRS _r_1 HIP TYC2 Source rgeo Plx e_Plx pmRA pmDE e_pmRA e_pmDE RUWE Teff logg Gmag BP-RP BPmag RPmag RV e_RV b_rgeo B_rgeo FG e_FG FBP e_FBP FRP e_FRP RAVE5 RAVE6 e_Gmag e_BPmag e_RPmag e_BP-RP SkyCoord.ra SkyCoord.dec SkyCoord.distance SkyCoord.pm_ra_cosdec SkyCoord.pm_dec
[from data line 81]
339.4165883166 59.04339307521 0.0142 0.0143 13.5823 "" "" 2008411271232873472 2161.86938 0.436 0.0168 -1.894 -1.757 0.019 0.017 1.232 "" "" 14.073764 1.21449 14.592003 13.377513 "" "" 2084.20215 2254.25537 44201.92379 8.5843 19889.0 22.289 35331.0 20.389 "" "" 0.0027633765717067966 0.0030439338 0.003830967 0.006874901 339.4165883166 59.04339307521 2161.86938 -1.8940000000000001 -1.757
340.23236442803 59.07775790571 0.0114 0.0114 12.594 "" "" 2008390483590405504 3060.06616 0.3021 0.0138 -2.307 -1.661 0.014 0.015 1.029 "" "" 14.073807 1.349349 14.667181 13.317832 "" "" 2957.97046 3188.66309 44200.17314 9.4854 18559.0 18.811 37327.0 19.055 "" "" 0.00276515432185681 0.0029993502 0.0038198072 0.0068191574 340.23236442803 59.07775790571 3060.06616 -2.307 -1.661
340.04188030599 59.21159510394 0.0128 0.0128 13.7555 "" "" 2008439789816368896 1455.39429 0.6573 0.0154 2.149 0.305 0.016 0.016 1.168 "" "" 14.098937 1.580426 14.812738 13.232312 -44.18 8.16 1427.24585 1483.46057 43188.86441 12.568 16230.0 54.252 40386.0 90.293 "" "" 0.0027733759125873805 0.0045778584 0.004491789 0.009069648 340.04188030599 59.21159510394 1455.39429 2.149 0.3049999999999999
339.37474343296 58.98470776523 0.0131 0.0128 14.7345 "" "" 2008410858916032768 2414.48267 0.3849 0.0161 -1.311 -1.298 0.017 0.015 1.163 "" "" 14.119896 2.225037 15.284213 13.059176 -29.48 1.68 2297.07959 2548.6731 42363.17566 11.41 10513.0 13.424 47368.0 22.943 "" "" 0.0027707949248012395 0.0031156177 0.0038157937 0.006931411 339.37474343296 58.98470776523 2414.48267 -1.3110000000000002 -1.2980000000000003
340.02358588428 58.88938886293 0.0143 0.0151 8.7567 "" "" 2008379351034975360 2485.86938 0.3764 0.0178 -4.631 -4.046 0.019 0.018 1.343 "" "" 14.124195 1.268047 14.674416 13.406368 "" "" 2336.51465 2632.52344 42195.74532 6.0179 18435.0 14.245 34404.0 26.236 "" "" 0.002759667870611883 0.0029135733 0.0038690122 0.0067825858 340.02358588428 58.88938886293 2485.86938 -4.630999999999999 -4.046
340.11257523244 58.94436811735 0.0111 0.0119 8.8906 "" "" 2008379969510509312 1436.20874 0.6681 0.0137 -1.095 -2.136 0.015 0.015 0.959 "" "" 14.129493 1.271371 14.68125 13.409879 "" "" 1408.25366 1466.11719 41990.35899 6.4455 18320.0 16.168 34293.0 24.411 "" "" 0.0027603559466074434 0.0029501172 0.0038575963 0.006807714 340.11257523244 58.94436811735 1436.20874 -1.0949999999999998 -2.136
339.83996759699 59.20902760159 0.0182 0.0185 12.2692 "" "" 2008437453354106624 1366.55859 0.7064 0.0215 -1.166 -2.556 0.023 0.025 1.592 7984.4 4.1773 14.131486 1.016633 14.551333 13.5347 "" "" 1327.43213 1417.77844 41913.36447 6.9637 20648.0 16.879 30569.0 18.797 "" "" 0.0027612189081935804 0.0029279334 0.0038378963 0.0067658294 339.83996759699 59.20902760159 1366.55859 -1.1659999999999997 -2.556
340.22785154654 58.93958614651 0.0155 0.0162 12.3224 "" "" 2008373819117368192 1305.25403 0.7451 0.0187 0.861 -1.273 0.02 0.021 1.499 "" "" 14.134216 1.201591 14.636224 13.434633 "" "" 1270.94543 1338.91846 41808.06228 10.235 19095.0 16.694 33520.0 18.51 "" "" 0.0027681109264823685 0.0029472122 0.003826642 0.006773854 340.22785154654 58.93958614651 1305.25403 0.8610000000000001 -1.273
339.54630730365 58.9996729742 0.0167 0.0168 9.3862 "" "" 2008410412239461120 1902.41455 0.4923 0.0199 0.095 0.374 0.023 0.021 1.421 "" "" 14.156249 2.083906 15.209317 13.125411 -41.79 7.98 1834.77502 1980.7561 40968.21333 32.275 11264.0 30.646 44565.0 84.874 "" "" 0.0028850324122290634 0.0040633683 0.0043080687 0.008371437 339.54630730365 58.9996729742 1902.41455 0.09499999999999999 0.374
340.05588361488 58.8177032041 0.0127 0.0133 12.9026 "" "" 2008366981529199616 2631.17554 0.3528 0.0158 -2.707 -2.076 0.017 0.016 1.08 9669.0 3.6676 14.161031 0.952089 14.543823 13.591734 "" "" 2517.38721 2756.2627 40788.17956 8.0775 20792.0 16.835 29004.0 14.292 "" "" 0.002763696884422575 0.0029253846 0.0038170617 0.006742446 340.05588361488 58.8177032041 2631.17554 -2.707 -2.076
339.93963024714 58.99035608801 0.0118 0.0124 2.9015 "" "" 2008383817801137152 2751.07642 0.3299 0.0149 -6.094 -3.118 0.015 0.015 1.025 "" "" 14.185446 2.151579 15.295627 13.144048 -56.08 2.23 2652.34058 2853.28003 39881.22918 10.713 10403.0 12.769 43807.0 25.516 "" "" 0.0027707130933267844 0.003092096 0.0038319263 0.006924022 339.93963024714 58.99035608801 2751.07642 -6.093999999999999 -3.1180000000000003
339.84074866849 59.0051493493 0.0134 0.0139 0.2851 "" "" 2008383302404812544 2604.80005 0.3569 0.0163 -2.626 -1.913 0.018 0.017 1.124 11638.8 3.8049 14.199184 1.058014 14.629308 13.571294 "" "" 2466.69116 2720.19312 39379.74224 11.706 19217.0 51.213 29556.0 27.212 "" "" 0.002774158242756344 0.0040196036 0.003909346 0.00792895 339.84074866849 59.0051493493 2604.80005 -2.6259999999999994 -1.9130000000000003
339.88677399181 59.07609090103 0.0121 0.0124 4.4375 "" "" 2008432127594755072 1939.16284 0.4814 0.0147 0.565 0.442 0.016 0.016 1.048 5872.9 2.8179 14.20041 2.106561 15.283548 13.176988 -42.19 1.71 1888.89709 2010.49573 39335.33468 9.4113 10520.0 14.115 42497.0 24.687 "" "" 0.002767538707343155 0.0031475723 0.0038316485 0.0069792205 339.88677399181 59.07609090103 1939.16284 0.565 0.442
339.74463775775 58.94229578817 0.012 0.0121 4.9575 "" "" 2008382683929749760 1078.9707 0.8966 0.014 -0.027 -1.364 0.016 0.015 1.031 7605.7 3.9289 14.218501 1.648101 14.994505 13.346404 -41.8 3.06 1064.23486 1092.54382 38685.31445 8.8233 13728.0 13.813 36358.0 17.333 "" "" 0.002766425799396873 0.002996417 0.0038146614 0.0068110786 339.74463775775 58.94229578817 1078.9707 -0.027000000000000135 -1.364
340.1736946178 59.15920281292 0.0142 0.0128 13.6263 "" "" 2008391926699354368 1060.30017 0.9145 0.016 -2.462 -0.968 0.018 0.016 1.071 "" "" 14.24566 1.34089 14.81848 13.477591 "" "" 1044.1106 1084.20874 37729.6568 8.2853 16145.0 28.404 32220.0 102.21 "" "" 0.0027656166292596863 0.0033813743 0.00511336 0.008494735 340.1736946178 59.15920281292 1060.30017 -2.4620000000000006 -0.9680000000000002
340.23485293183 58.86808741907 0.0122 0.0128 14.4609 "" "" 2008372616526560384 2730.41162 0.3332 0.015 -4.801 -3.578 0.017 0.016 1.001 5027.0 2.4885 14.253956 2.055411 15.302332 13.246921 -79.8 1.57 2632.45825 2840.78955 37442.46398 8.5431 10339.0 14.326 39846.0 15.842 "" "" 0.002766434283756044 0.0031699124 0.0038039538 0.0069738664 340.23485293183 58.86808741907 2730.41162 -4.801000000000001 -3.5780000000000003
339.69674208684 58.85775240752 0.0119 0.0121 10.0065 "" "" 2008381412619235840 1241.50427 0.7737 0.0142 -0.061 -0.549 0.016 0.015 0.98 9248.6 4.0815 14.260307 1.137818 14.741091 13.603272 "" "" 1220.87476 1266.25647 37224.07228 5.9416 17337.0 19.814 28698.0 17.095 "" "" 0.0027607649340409476 0.0030536503 0.0038343216 0.006887972 339.69674208684 58.85775240752 1241.50427 -0.061 -0.549
339.77606245495 59.18244460555 0.1469 0.1449 10.9104 "" "" 2008437281555560192 2587.45874 0.5011 0.169 -9.332 -6.003 0.196 0.196 14.916 7239.1 3.5437 14.267675 1.39345 14.854293 13.460843 -37.2 5.82 1826.47803 4430.71729 36972.30844 52.784 15621.0 16.695 32721.0 17.677 "" "" 0.0031614066958511535 0.003021844 0.0038246268 0.0068464708 339.77606245495 59.18244460555 2587.45874 -9.332 -6.003
339.81501057625 58.93532359413 0.1271 0.1292 4.2947 "" "" 2008382065454255232 2577.95776 0.5911 0.1566 -3.56 -1.231 0.166 0.154 11.306 "" "" 14.28376 1.081822 14.702623 13.620801 "" "" 1710.05737 3730.50977 36428.6128 41.385 17963.0 25.128 28238.0 30.734 "" "" 0.00301880932976434 0.0031767644 0.003959818 0.0071365824 339.81501057625 58.93532359413 2577.95776 -3.56 -1.231
339.82932796993 59.05766806717 0.013 0.013 3.2466 "" "" 2008432058875274496 2871.58228 0.3101 0.0157 -4.105 -3.146 0.017 0.016 1.007 "" "" 14.307821 2.386921 15.58683 13.199909 -86.26 1.8 2737.18652 3026.56201 35630.20225 11.555 7955.8 15.891 41610.0 25.089 "" "" 0.0027777273987107257 0.003533856 0.003835661 0.0073695173 339.82932796993 59.05766806717 2871.58228 -4.1049999999999995 -3.1459999999999995
339.98055814086 59.25345770232 0.0141 0.0136 15.4634 "" "" 2008443053991472896 2876.9502 0.3214 0.0166 -4.123 -3.798 0.018 0.017 1.118 5763.3 2.818 14.314516 2.042184 15.346576 13.304392 -63.12 2.69 2718.57812 3039.92432 35411.15925 8.9778 9926.3 20.294 37792.0 30.389 "" "" 0.0027690361692948554 0.003565438 0.0038789108 0.007444349 339.98055814086 59.25345770232 2876.9502 -4.123 -3.7979999999999996
339.82008413441 58.90368960121 0.0119 0.0125 6.1248 "" "" 2008381756216623872 1001.29352 0.9688 0.0145 -1.241 -5.304 0.016 0.015 1.035 7497.6 4.0168 14.330431 1.452889 14.988207 13.535318 "" "" 983.908325 1019.25366 34895.89545 6.9164 13808.0 15.812 30551.0 16.371 "" "" 0.002763710882257349 0.003054648 0.003823901 0.0068785492 339.82008413441 58.90368960121 1001.29352 -1.2410000000000003 -5.304
340.28557652341 58.91964136965 0.0125 0.013 14.4096 "" "" 2008373612958961152 2613.55884 0.3486 0.0149 -6.795 -1.803 0.016 0.017 0.998 4829.4 2.3881 14.335844 2.170336 15.463711 13.293375 -83.08 1.48 2505.99902 2727.61328 34722.36155 9.3667 8911.1 9.8737 38178.0 17.727 "" "" 0.002770843342067902 0.003038471 0.003812857 0.006851328 340.28557652341 58.91964136965 2613.55884 -6.795000000000001 -1.8030000000000004
339.63933499807 58.79495357939 0.0125 0.0124 14.1712 "" "" 2008354577663116288 2179.76538 0.4236 0.0151 -3.768 -0.634 0.016 0.015 1.011 "" "" 14.34127 2.058106 15.38766 13.329554 -30.07 1.92 2102.67041 2265.11914 34549.25896 11.534 9557.7 15.258 36926.0 29.757 "" "" 0.002779059184789803 0.0032847077 0.003879337 0.007164045 339.63933499807 58.79495357939 2179.76538 -3.7679999999999993 -0.6340000000000001
340.06411679844 58.76795598195 0.0138 0.0144 15.6753 "" "" 2008365847657857664 2681.84619 0.3449 0.018 -2.665 -1.994 0.02 0.017 1.071 10659.7 3.6676 14.382719 1.048229 14.81239 13.764161 "" "" 2569.49268 2784.84106 33255.16018 9.6043 16235.0 15.884 24745.0 15.956 "" "" 0.0027731054689234583 0.00298554 0.003843679 0.006829219 340.06411679844 58.76795598195 2681.84619 -2.6649999999999996 -1.994
339.84475973886 59.19209634517 0.0159 0.0151 11.2506 "" "" 2008436628720398848 1590.11536 0.5996 0.0183 -4.074 -2.517 0.02 0.02 1.242 7161.8 3.8947 14.384507 1.481256 15.060353 13.579097 -40.69 5.4 1550.03223 1644.55652 33200.4535 8.261 12920.0 20.706 29344.0 17.99 "" "" 0.002768532659479849 0.0032882777 0.003837551 0.0071258284 339.84475973886 59.19209634517 1590.11536 -4.073999999999999 -2.5169999999999995
339.6607149568 59.22627649861 0.0122 0.0128 14.5208 "" "" 2008448139232675328 1734.45288 0.5449 0.0148 0.802 -1.086 0.016 0.017 1.097 "" "" 14.398669 1.072656 14.844948 13.772292 "" "" 1692.49548 1777.23511 32770.21058 6.3048 15756.0 12.448 24561.0 13.805 "" "" 0.0027632271318073012 0.002919048 0.0038283344 0.0067473827 339.6607149568 59.22627649861 1734.45288 0.802 -1.0859999999999999
339.82897841197 58.93651409407 0.012 0.0128 4.1364 "" "" 2008382065454257024 1015.83936 0.9591 0.015 1.819 -3.28 0.016 0.015 1.003 "" "" 14.398672 1.380836 15.010238 13.629402 "" "" 997.244263 1033.39014 32770.11802 6.4841 13531.0 18.56 28015.0 30.777 "" "" 0.0027636826087881145 0.0031627459 0.003963136 0.007125882 339.82897841197 58.93651409407 1015.83936 1.819 -3.28
339.6107884821 59.19009059234 0.0129 0.0132 13.3475 "" "" 2008447933074254336 1030.42261 0.9396 0.0155 -5.074 -3.125 0.016 0.017 1.066 "" "" 14.400139 1.252159 14.943061 13.690902 "" "" 1014.24152 1046.1001 32725.87745 5.9413 14394.0 16.916 26473.0 15.67 "" "" 0.0027623618150082437 0.0030680855 0.0038336348 0.0069017205 339.6107884821 59.19009059234 1030.42261 -5.073999999999999 -3.124999999999999
339.87049916569 59.19596775148 0.0132 0.0132 11.4993 "" "" 2008437006677526784 1203.78894 0.8009 0.0158 -1.999 -1.304 0.017 0.017 1.035 9081.1 4.1673 14.409073 1.221618 14.934142 13.712524 "" "" 1183.71301 1222.46826 32457.69902 5.8876 14513.0 19.823 25951.0 16.995 "" "" 0.0027623498550738436 0.0031597926 0.0038456856 0.0070054783 339.87049916569 59.19596775148 1203.78894 -1.9990000000000003 -1.304
340.01380708277 58.80569135266 0.0136 0.0147 12.9704 "" "" 2008366912809720448 1531.26367 0.6239 0.0175 1.57 0.144 0.019 0.017 1.016 7279.1 3.9468 14.42477 1.357384 15.02715 13.669766 "" "" 1497.01599 1569.3866 31991.79741 7.9458 13322.0 19.307 26993.0 24.155 "" "" 0.002768484815657657 0.003203277 0.0039022688 0.007105546 340.01380708277 58.80569135266 1531.26367 1.57 0.14400000000000002
339.75380472617 59.20672807612 0.013 0.0134 12.4836 "" "" 2008437556433297920 2801.74146 0.3235 0.0153 -1.399 -2.257 0.017 0.017 0.982 4665.8 2.0433 14.455203 2.387478 15.730708 13.34323 -19.68 1.76 2647.78394 2944.42725 31107.52768 9.6997 6968.4 11.256 36464.0 28.002 "" "" 0.00277604079760581 0.003295572 0.0038702595 0.0071658315 339.75380472617 59.20672807612 2801.74146 -1.399 -2.2570000000000006
339.4525195411 59.10076854974 0.0135 0.0144 13.5513 "" "" 2008423572019192192 1435.79053 0.6693 0.0168 0.251 -2.694 0.017 0.016 1.014 4908.2 3.2781 14.469775 2.049128 15.513683 13.464556 -16.63 2.21 1399.00696 1470.80762 30692.81158 8.6259 8510.3 12.756 32609.0 19.539 "" "" 0.002772164639355115 0.0032300889 0.0038349652 0.007065054 339.4525195411 59.10076854974 1435.79053 0.251 -2.694
339.87464861296 59.04929262798 0.0187 0.018 2.788 "" "" 2008431818357122688 2064.69946 0.4614 0.0223 1.954 0.606 0.024 0.023 1.417 7570.6 3.4294 14.471924 1.428951 15.117186 13.688234 "" "" 1961.67468 2192.51685 30632.11929 8.8556 12261.0 18.89 26538.0 27.767 "" "" 0.002773140961076002 0.0032531726 0.003946424 0.0071995966 339.87464861296 59.04929262798 2064.69946 1.9540000000000002 0.606
339.58253777102 59.12134321035 0.0135 0.013 10.8204 "" "" 2008435426129295104 2665.01147 0.3508 0.0158 -5.238 -2.306 0.017 0.016 1.015 9816.9 3.5349 14.478281 1.120544 14.883472 13.762928 "" "" 2551.05103 2789.11304 30453.29725 9.2427 15206.0 47.471 24773.0 102.99 "" "" 0.0027749551995010172 0.0043902015 0.005887102 0.010277303 339.58253777102 59.12134321035 2665.01147 -5.238 -2.306
339.67432461781 59.1294426419 0.0137 0.0133 9.243 "" "" 2008435563568254208 2919.38696 0.3101 0.0162 -0.771 -0.759 0.017 0.016 1.018 6350.9 2.5408 14.486718 2.08805 15.545829 13.457779 -13.21 2.49 2789.78809 3035.77588 30217.56964 8.7171 8262.0 13.047 32813.0 19.031 "" "" 0.0027730651714402378 0.0032748627 0.0038314827 0.007106345 339.67432461781 59.1294426419 2919.38696 -0.771 -0.759
339.85983016055 59.00845000045 0.0134 0.0137 0.3836 "" "" 2008384779873564032 2623.4231 0.3563 0.0168 -2.78 -1.834 0.017 0.016 1.021 10857.5 3.8294 14.490845 1.049156 14.918883 13.869727 "" "" 2502.20532 2719.62866 30102.94455 6.8698 14718.0 15.673 22453.0 17.554 "" "" 0.0027664385772970786 0.003020234 0.0038735329 0.006893767 339.85983016055 59.00845000045 2623.4231 -2.78 -1.834
339.72147375967 59.02193255809 0.014 0.0132 4.1015 "" "" 2008431165521763072 1232.27759 0.7788 0.0166 2.594 0.247 0.019 0.016 1.022 5128.7 3.26 14.505125 2.071683 15.560448 13.488765 -27.51 2.54 1208.21716 1255.28284 29709.59299 7.9121 8151.5 13.56 31890.0 18.414 "" "" 0.002770450442474098 0.00332372 0.0038310268 0.007154747 339.72147375967 59.02193255809 1232.27759 2.5939999999999994 0.24699999999999983
339.62838265312 59.08766879629 0.0139 0.0132 8.4604 "" "" 2008434395337153280 2159.0769 0.4343 0.0162 -4.558 -2.39 0.018 0.016 1.014 6034.3 3.1389 14.508667 1.989363 15.508965 13.519602 -37.89 4.21 2076.82812 2244.26343 29612.83872 7.5793 8547.3 10.084 30997.0 16.093 "" "" 0.0027692981811655833 0.0030701547 0.0038211877 0.0068913423 339.62838265312 59.08766879629 2159.0769 -4.558 -2.39
