Clusters/Berkeley_97/Berkeley_97_stars_in_region.tsv
# %ECSV 1.0
# ---
# datatype:
# - name: RA_ICRS_1
#   unit: deg
#   datatype: float64
#   format: '{:15.11f}'
#   description: Right ascension (ICRS) at Ep=2016.0 (ra)
#   meta: !!omap
#   - {ucd: POS_EQ_RA_MAIN}
#   - {width: 15}
#   - {precision: '11'}
# - name: DE_ICRS_1
#   unit: deg
#   datatype: float64
#   format: '{:15.11f}'
#   description: Declination (ICRS) at Ep=2016.0 (dec)
#   meta: !!omap
#   - {ucd: POS_EQ_DEC_MAIN}
#   - {width: 15}
#   - {precision: '11'}
# - name: e_RA_ICRS
#   unit: mas
#   datatype: float64
#   format: '{:7.4f}'
#   description: Standard error of right ascension (ra_error)
#   meta: !!omap
#   - {ucd: ERROR}
#   - {width: 7}
#   - {precision: '4'}
# - name: e_DE_ICRS
#   unit: mas
#   datatype: float64
#   format: '{:7.4f}'
#   description: Standard error of declination (dec_error)
#   meta: !!omap
#   - {ucd: ERROR}
#   - {width: 7}
#   - {precision: '4'}
# - name: _r_1
#   unit: ''
#   datatype: float64
#   format: '{:7.4f}'
#   description: Distance from center (339.84991355000+59.00460428000)[ICRS], at Epoch=J2016.0
#   meta: !!omap
#   - {ucd: POS_ANG_DIST_GENERAL}
#   - {width: 7}
#   - {precision: '4'}
# - name: HIP
#   datatype: int32
#   description: '? HIP cross-id number, van Leeuwen, Cat. I/311 (hip_original_ext_source_id)'
#   meta: !!omap
#   - {ucd: ID_NUMBER}
#   - {width: 6}
#   - values: {'null': -2147483648}
# - name: TYC2
#   datatype: string
#   description: Tycho-2 cross-id name, Hog et al., Cat. I/259 (tyc2_original_ext_source_id)
#   meta: !!omap
#   - {ucd: ID_CROSSID}
#   - {_votable_string_dtype: char}
# - name: Source
#   datatype: int64
#   description: Source identifier, identical to the Gaia-EDR3 source_id (id)
#   meta: !!omap
#   - {ucd: ID_MAIN}
#   - {width: 19}
# - name: rgeo
#   unit: pc
#   datatype: float64
#   format: '{:15.8f}'
#   description: '? Median of the geometric distance posterior (r_med_geo)'
#   meta: !!omap
#   - {ucd: PHYS_DISTANCE_TRUE}
#   - {width: 15}
#   - {precision: '8'}
#   - values: {'null': .nan}
# - name: Plx
#   unit: mas
#   datatype: float64
#   format: '{:9.4f}'
#   description: '? Parallax (parallax)'
#   meta: !!omap
#   - {ucd: POS_PARLX_TRIG}
#   - {width: 9}
#   - {precision: '4'}
#   - values: {'null': .nan}
# - name: e_Plx
#   unit: mas
#   datatype: float32
#   format: '{:7.4f}'
#   description: '? Standard error of parallax (parallax_error)'
#   meta: !!omap
#   - {ucd: ERROR}
#   - {width: 7}
#   - {precision: '4'}
#   - values: {'null': .nan}
# - name: pmRA
#   unit: mas / yr
#   datatype: float64
#   format: '{:9.3f}'
#   description: '? Proper motion in right ascension direction, pmRA*cosDE (pmra)'
#   meta: !!omap
#   - {ucd: POS_EQ_PMRA}
#   - {width: 9}
#   - {precision: '3'}
#   - values: {'null': .nan}
# - name: pmDE
#   unit: mas / yr
#   datatype: float64
#   format: '{:9.3f}'
#   description: '? Proper motion in declination direction (pmdec)'
#   meta: !!omap
#   - {ucd: POS_EQ_PMDEC}
#   - {width: 9}
#   - {precision: '3'}
#   - values: {'null': .nan}
# - name: e_pmRA
#   unit: mas / yr
#   datatype: float32
#   format: '{:6.3f}'
#   description: '? Standard error of proper motion in right ascension direction (pmra_error)'
#   meta: !!omap
#   - {ucd: ERROR}
#   - {width: 6}
#   - {precision: '3'}
#   - values: {'null': .nan}
# - name: e_pmDE
[...]
#         unit: &id001 !astropy.units.Unit {unit: deg}
#         value: !astropy.table.SerializedColumn {name: SkyCoord.dec}
#       distance: !astropy.table.SerializedColumn
#         __class__: astropy.coordinates.distances.Distance
#         unit: !astropy.units.Unit {unit: pc}
#         value: !astropy.table.SerializedColumn {name: SkyCoord.distance}
#       frame: icrs
#       obstime: !astropy.time.Time {format: jyear_str, in_subfmt: '*', jd1: 367701545.0, jd2: 0.0, out_subfmt: '*', precision: 3, scale: tt}
#       pm_dec: !astropy.table.SerializedColumn
#         __class__: astropy.units.quantity.Quantity
#         unit: !astropy.units.Unit {unit: mas / yr}
#         value: !astropy.table.SerializedColumn {name: SkyCoord.pm_dec}
#       pm_ra_cosdec: !astropy.table.SerializedColumn
#         __class__: astropy.units.quantity.Quantity
#         unit: !astropy.units.Unit {unit: mas / yr}
#         value: !astropy.table.SerializedColumn {name: SkyCoord.pm_ra_cosdec}
#       ra: !astropy.table.SerializedColumn
#         __class__: astropy.coordinates.angles.core.Longitude
#         unit: *id001
#         value: !astropy.table.SerializedColumn {name: SkyCoord.ra}
#         wrap_angle: !astropy.coordinates.Angle
#           unit: *id001
#           value: 360.0
#       representation_type: spherical
# schema: astropy-2.0
RA_ICRS_1 DE_ICRS_1 e_RA_ICRS e_DE_ICRS _r_1 HIP TYC2 Source rgeo Plx e_Plx pmRA pmDE e_pmRA e_pmDE RUWE Teff logg Gmag BP-RP BPmag RPmag RV e_RV b_rgeo B_rgeo FG e_FG FBP e_FBP FRP e_FRP RAVE5 RAVE6 e_Gmag e_BPmag e_RPmag e_BP-RP SkyCoord.ra SkyCoord.dec SkyCoord.distance SkyCoord.pm_ra_cosdec SkyCoord.pm_dec
[from data line 367]
339.80492532037 58.95245394682 0.0412 0.0396 3.4243 "" "" 2008382890087966464 2192.94727 0.4368 0.0487 -3.054 -1.607 0.051 0.046 1.069 8593.9 4.4624 16.768332 1.591598 17.51076 15.919162 "" "" 2015.63477 2518.92896 3694.99626 2.1261 1352.4 7.1017 3400.1 9.087 "" "" 0.00282525749549595 0.006347519 0.004764831 0.01111235 339.80492532037 58.95245394682 2192.94727 -3.0539999999999994 -1.607
340.11923251631 58.89814924827 0.0374 0.0387 10.5004 "" "" 2008379522833934208 2548.96289 0.3729 0.0452 -3.475 -1.599 0.049 0.049 1.007 6767.0 4.2142 16.774946 1.808585 17.656069 15.847484 "" "" 2310.42627 2840.61963 3672.55493 2.1045 1183.0 6.4734 3632.2 7.7977 "" "" 0.0028246907076728243 0.0065637305 0.0044403556 0.011004087 340.11923251631 58.89814924827 2548.96289 -3.475 -1.599
339.42321634141 58.95390011383 0.0415 0.0399 13.54 "" "" 2008409862483642624 2298.87622 0.4253 0.051 -4.474 -2.069 0.052 0.051 1.042 9287.4 4.3079 16.77901 1.622547 17.541595 15.919048 "" "" 2074.60107 2592.84546 3658.83306 2.056 1314.6 8.2821 3400.5 12.683 "" "" 0.0028220591643832397 0.0073874146 0.005539164 0.0129265785 339.42321634141 58.95390011383 2298.87622 -4.473999999999999 -2.069
340.06140100111 58.87671957822 0.0368 0.0395 10.0864 "" "" 2008379110516819328 2080.50684 0.4689 0.0448 -2.757 -3.933 0.047 0.048 0.979 8080.0 4.3529 16.780767 1.62149 17.500565 15.879075 "" "" 1932.22961 2280.69116 3652.91615 2.0124 1365.2 10.682 3528.0 22.287 "" "" 0.0028194954044729395 0.008941801 0.007831136 0.016772937 340.06140100111 58.87671957822 2080.50684 -2.7570000000000006 -3.932999999999999
339.91421957785 58.91950602232 0.0381 0.0412 5.4798 "" "" 2008380381827099008 2259.36572 0.4158 0.0484 -3.542 -2.672 0.047 0.047 1.012 "" "" 16.785976 1.582857 17.47294 15.890083 "" "" 2038.01672 2506.62866 3635.4317 2.2814 1400.4 11.042 3492.4 21.822 "" "" 0.002838313950245908 0.009004123 0.0077658417 0.016769964 339.91421957785 58.91950602232 2259.36572 -3.542 -2.6719999999999993
339.76881256866 59.2358619183 0.0387 0.037 14.0984 "" "" 2008449337519369600 2373.99829 0.3904 0.044 -4.381 -3.641 0.049 0.049 1.006 "" "" 16.78617 1.694556 17.593904 15.899348 "" "" 2169.33594 2627.59741 3634.78912 1.9663 1252.7 6.5193 3462.7 7.1349 "" "" 0.002817226658555953 0.0063017397 0.004391881 0.010693621 339.76881256866 59.2358619183 2373.99829 -4.381000000000001 -3.6410000000000005
339.76593076117 58.77597212025 0.0391 0.0393 13.9628 "" "" 2008377010267852544 2499.0332 0.3865 0.0496 -4.865 -2.838 0.056 0.048 0.997 "" "" 16.787788 1.640466 17.55446 15.913995 "" "" 2177.27344 2820.81714 3629.36828 2.1598 1299.1 7.7392 3416.3 7.1994 "" "" 0.0028300615240973727 0.007044258 0.0044180173 0.011462275 339.76593076117 58.77597212025 2499.0332 -4.865 -2.8379999999999996
339.68913811705 59.01399321155 0.0397 0.0366 4.9988 "" "" 2008430787564640256 2075.31152 0.4614 0.0463 -1.923 -1.052 0.048 0.044 1.063 8160.7 4.4191 16.790703 1.705339 17.595743 15.890404 "" "" 1863.93054 2297.2373 3619.63947 2.0207 1250.6 8.1215 3491.4 9.42 "" "" 0.002821200916330425 0.0075828545 0.004781735 0.01236459 339.68913811705 59.01399321155 2075.31152 -1.9230000000000003 -1.052
339.89113584822 59.19997802402 0.0451 0.042 11.791 "" "" 2008436937958054144 2454.47168 0.3797 0.0521 -1.997 -2.403 0.056 0.054 1.11 8104.1 3.8496 16.792673 2.37075 18.062256 15.691505 "" "" 2163.85107 2769.81323 3613.08123 2.0207 813.79 7.3312 4193.3 8.8108 "" "" 0.002821437493587459 0.010171267 0.0044145314 0.014585799 339.89113584822 59.19997802402 2454.47168 -1.9970000000000003 -2.403
339.61274948658 58.76970152084 0.0403 0.0387 15.8969 "" "" 2008354543303383680 2531.41821 0.3683 0.0479 -3.363 -2.327 0.057 0.047 1.086 "" "" 16.796337 1.398439 17.421602 16.023163 "" "" 2318.10034 2817.25757 3600.9065 2.0528 1468.2 7.0025 3089.5 7.7878 "" "" 0.002823985606215144 0.0058822157 0.0046662693 0.010548485 339.61274948658 58.76970152084 2531.41821 -3.3629999999999995 -2.327
339.84510614015 59.08970200119 0.042 0.0387 5.108 "" "" 2008432913563740800 2972.45483 0.3189 0.049 -4.404 -4.093 0.052 0.048 1.031 8196.3 4.2345 16.797657 1.748194 17.611824 15.86363 "" "" 2550.18945 3571.104 3596.53062 2.1769 1232.2 7.5749 3578.5 7.6695 "" "" 0.0028326073420719237 0.0072342427 0.0044382997 0.011672542 339.84510614015 59.08970200119 2972.45483 -4.404000000000001 -4.093
339.58086119318 58.92775530883 0.0421 0.0403 9.5144 "" "" 2008406289070887424 2681.86279 0.354 0.05 -5.099 -3.118 0.052 0.053 1.08 8555.1 4.4505 16.799875 1.605408 17.550203 15.944796 "" "" 2412.02979 3033.65137 3589.18988 2.2474 1304.2 8.168 3320.8 7.8621 "" "" 0.002837952626303566 0.007349984 0.0045706974 0.011920681 339.58086119318 58.92775530883 2681.86279 -5.099 -3.1180000000000003
339.82229092673 58.86556691738 0.0404 0.042 8.386 "" "" 2008378732559659264 2415.24658 0.3897 0.0488 -0.707 -1.426 0.053 0.051 1.066 "" "" 16.802813 1.669744 17.58647 15.916725 "" "" 2156.51489 2893.97021 3579.49456 2.5553 1261.3 11.25 3407.8 10.25 "" "" 0.0028622600822565064 0.010078019 0.004994839 0.015072858 339.82229092673 58.86556691738 2415.24658 -0.7070000000000001 -1.4260000000000002
339.88529570506 59.18059353197 0.041 0.0386 10.6155 "" "" 2008436727495148928 2100.34229 0.4598 0.0477 -1.15 -2.491 0.051 0.049 1.024 8482.5 4.4529 16.803757 1.681421 17.596428 15.915007 "" "" 1913.12659 2394.49756 3576.38399 2.2162 1249.8 7.1351 3413.2 9.0712 "" "" 0.0028362749829133997 0.006797496 0.0047550057 0.0115525015 339.88529570506 59.18059353197 2100.34229 -1.1500000000000001 -2.4910000000000005
339.78190425974 59.21234409076 0.0402 0.0384 12.6392 "" "" 2008437517769277952 2640.9873 0.3613 0.0458 -5.553 -4.354 0.051 0.05 0.995 7793.1 4.1275 16.804657 1.513361 17.496803 15.983442 "" "" 2348.23633 3035.11816 3573.42119 2.0707 1369.9 7.9162 3204.7 7.3508 "" "" 0.002826238615102006 0.0068665505 0.004526134 0.011392685 339.78190425974 59.21234409076 2640.9873 -5.553000000000001 -4.354000000000001
340.04858816927 58.87681695822 0.0369 0.0402 9.829 "" "" 2008379179236293632 2345.20483 0.4038 0.0463 -4.721 -3.715 0.047 0.048 1.01 7638.6 4.3585 16.807472 1.589711 17.549597 15.959886 "" "" 2138.44312 2630.28613 3564.16336 1.9873 1304.9 5.8363 3274.9 9.1932 "" "" 0.002821041984889819 0.0056005744 0.0048552128 0.010455787 340.04858816927 58.87681695822 2345.20483 -4.721 -3.7150000000000007
339.52521049416 58.89182409435 0.0453 0.0448 12.1151 "" "" 2008405563211013632 2977.37354 0.3225 0.0536 -3.413 -2.571 0.057 0.054 1.159 8989.5 4.301 16.826643 1.863041 17.706896 15.843855 "" "" 2547.54443 3377.08862 3501.7865 2.5674 1128.9 8.1627 3644.3 7.2835 "" "" 0.0028680044402738182 0.008331682 0.00435803 0.0126897115 339.52521049416 58.89182409435 2977.37354 -3.4130000000000003 -2.5710000000000006
339.90185900387 59.12473696998 0.0448 0.0413 7.3839 "" "" 2008433051002877184 1999.72827 0.476 0.052 -3.436 -2.352 0.056 0.051 1.043 "" "" 16.831059 1.707666 17.638596 15.930929 "" "" 1820.78979 2251.29712 3487.57563 2.264 1202.2 9.1758 3363.5 8.6823 "" "" 0.0028440390282917093 0.008744002 0.00470516 0.013449162 339.90185900387 59.12473696998 1999.72827 -3.4359999999999995 -2.3519999999999994
339.58955103596 58.94660188666 0.0439 0.0407 8.7714 "" "" 2008406357790358016 2275.43848 0.4039 0.052 -4.349 -1.6 0.055 0.05 1.037 7167.3 4.3175 16.832182 1.911049 17.783325 15.872276 "" "" 2058.55835 2569.43506 3483.96886 2.0921 1052.2 6.0985 3550.2 10.636 "" "" 0.0028314066690902843 0.006883699 0.004986388 0.011870087 339.58955103596 58.94660188666 2275.43848 -4.349000000000001 -1.6000000000000003
339.58225514735 59.1096914714 0.0434 0.0414 10.3895 "" "" 2008435323050081536 2078.52759 0.4698 0.0512 -4.5 -3.157 0.055 0.052 1.007 9504.8 4.3526 16.833328 1.47378 17.504227 16.030447 "" "" 1888.89478 2310.58496 3480.28746 2.0932 1360.6 7.3433 3068.9 7.5982 "" "" 0.002831644681301242 0.006490198 0.00463787 0.011128068 339.58225514735 59.1096914714 2078.52759 -4.500000000000001 -3.1570000000000005
339.73956810222 59.08505888119 0.0425 0.039 5.9076 "" "" 2008431646558091776 2621.25073 0.3581 0.0503 -9.162 -2.833 0.053 0.048 1.038 6576.9 4.0238 16.835274 1.71774 17.65231 15.934569 "" "" 2284.07397 2976.49146 3474.05985 2.2966 1187.1 6.8606 3352.2 6.616 "" "" 0.002847271059465563 0.00686717 0.0043445937 0.011211764 339.73956810222 59.08505888119 2621.25073 -9.161999999999999 -2.833
339.38551404815 59.07301153869 0.0447 0.0414 14.9108 "" "" 2008423159702330752 2336.4856 0.4043 0.0508 -4.101 -2.178 0.056 0.051 0.955 8400.7 4.2 16.836344 1.918772 17.786303 15.867531 "" "" 2114.52832 2708.15625 3470.6345 2.3631 1049.3 8.2313 3565.7 7.722 "" "" 0.002852769804702489 0.008962504 0.004451109 0.013413613 339.38551404815 59.07301153869 2336.4856 -4.101 -2.1779999999999995
339.88475794229 58.94858526413 0.0396 0.0395 3.5296 "" "" 2008382134173739008 2204.44678 0.4604 0.0472 -2.604 -1.844 0.049 0.049 1.011 9178.1 4.342 16.837881 1.364424 17.431217 16.066793 "" "" 1991.00476 2483.31958 3465.72935 1.9484 1455.2 9.2713 2967.8 9.6441 "" "" 0.0028221208257125045 0.00745891 0.005170282 0.012629192 339.88475794229 58.94858526413 2204.44678 -2.6039999999999996 -1.844
339.76887254393 58.81272985418 0.0396 0.0391 11.7831 "" "" 2008377942285687552 2305.6792 0.4215 0.0482 -0.169 -2.006 0.054 0.048 1.028 6766.5 4.2727 16.838076 1.844869 17.735209 15.89034 "" "" 2075.4082 2594.17773 3465.1086 2.0533 1099.8 7.2906 3491.6 8.737 "" "" 0.002829436786432432 0.007719274 0.004654555 0.012373829 339.76887254393 58.81272985418 2305.6792 -0.16900000000000004 -2.006
339.99517584007 58.91780608061 0.0377 0.0387 6.8788 "" "" 2008380244388156544 2545.80371 0.3869 0.0468 -3.866 -4.0 0.05 0.048 1.025 7281.1 4.3302 16.842838 1.551067 17.562449 16.011381 "" "" 2316.79468 2866.17285 3449.94171 1.9764 1289.5 7.4928 3123.2 8.0088 "" "" 0.0028246536220243594 0.006898266 0.004694166 0.011592432 339.99517584007 58.91780608061 2545.80371 -3.866000000000001 -3.999999999999999
339.91408165372 58.81390366768 0.0409 0.041 11.6135 "" "" 2008377422584872960 2856.66235 0.336 0.0512 -2.855 -0.253 0.056 0.05 1.07 7100.8 4.324 16.845905 1.806852 17.727034 15.920181 "" "" 2418.68115 3484.3418 3440.20443 2.0065 1108.2 7.9173 3396.9 6.6995 "" "" 0.0028271544610805237 0.008243372 0.0043438496 0.012587221 339.91408165372 58.81390366768 2856.66235 -2.855 -0.253
339.57475980761 59.08995793165 0.0442 0.0399 9.916 "" "" 2008435116891654400 2497.31885 0.3934 0.0513 -1.798 -2.837 0.057 0.049 0.998 8305.3 4.4034 16.8578 1.630646 17.622377 15.991732 "" "" 2230.46997 2843.01978 3402.72797 2.0717 1220.3 6.1821 3180.3 7.8871 "" "" 0.002833505903926648 0.006167606 0.0046404614 0.010808067 339.57475980761 59.08995793165 2497.31885 -1.7980000000000005 -2.8369999999999997
340.02023671047 58.79735329317 0.0415 0.0439 13.509 "" "" 2008366844090248320 2358.51489 0.4213 0.0524 -3.032 -3.282 0.059 0.052 0.961 5338.8 4.3199 16.864471 1.560123 17.568895 16.008772 "" "" 2049.84814 2683.88672 3381.87906 2.0499 1281.9 7.1398 3130.8 12.297 "" "" 0.0028328252685301614 0.0066598793 0.005698218 0.012358097 340.02023671047 58.79735329317 2358.51489 -3.032 -3.282
339.98262818516 58.82438909752 0.0403 0.0431 11.5682 "" "" 2008367187687612928 2683.8606 0.3762 0.0505 -2.423 -3.022 0.054 0.051 0.971 7142.3 4.3204 16.870249 1.531784 17.587412 16.055628 "" "" 2356.44653 3019.74097 3363.93441 1.9451 1260.2 7.2198 2998.5 7.4415 "" "" 0.002825936568483555 0.0068174005 0.004641567 0.011458967 339.98262818516 58.82438909752 2683.8606 -2.4229999999999996 -3.0219999999999994
339.50030305256 58.93470094233 0.0502 0.0486 11.5982 "" "" 2008407044985185792 2049.29614 0.4773 0.0602 -1.052 0.083 0.063 0.062 1.171 5274.9 4.3095 16.87124 1.781343 17.725765 15.944423 "" "" 1807.46362 2391.18311 3360.85848 2.5576 1109.5 6.6673 3321.9 6.3433 "" "" 0.002876536715876119 0.0070960624 0.0043106982 0.011406761 339.50030305256 58.93470094233 2049.29614 -1.052 0.08299999999999999
339.60759264768 59.00616966026 0.0422 0.0381 7.4877 "" "" 2008430890643850880 2106.20337 0.4668 0.05 -4.54 -4.274 0.054 0.047 1.004 6874.0 4.2907 16.878874 1.679491 17.679552 16.000061 "" "" 1903.19055 2335.32886 3337.31771 1.864 1157.7 8.0407 3156.0 7.0874 "" "" 0.0028212644528130297 0.008040519 0.0044976305 0.01253815 339.60759264768 59.00616966026 2106.20337 -4.54 -4.274
339.72574294861 58.90086167091 0.0409 0.0403 7.315 "" "" 2008382374691897728 2437.11816 0.389 0.0486 -5.386 -5.159 0.053 0.05 1.058 8479.2 4.4474 16.87889 1.71339 17.69651 15.98312 "" "" 2201.25464 2686.80347 3337.26628 1.8116 1139.8 6.4846 3205.6 8.331 "" "" 0.0028176512795795 0.0067779487 0.0047165416 0.01149449 339.72574294861 58.90086167091 2437.11816 -5.386 -5.159000000000001
339.74185866879 59.14445688095 0.052 0.0418 9.0285 "" "" 2008434979452958336 2473.46582 0.3805 0.0525 -3.084 -2.172 0.076 0.058 1.048 "" "" 16.87896 "" "" "" "" "" 2187.05225 2811.58301 3337.053 2.558 "" "" "" "" "" "" 0.002878272892284996 "" "" "" 339.74185866879 59.14445688095 2473.46582 -3.084 -2.1720000000000006
340.1821878389 59.17215469122 0.0452 0.0403 14.3511 "" "" 2008438862103495424 1999.58899 0.4741 0.0513 -6.352 -2.831 0.055 0.051 0.929 7124.9 4.3243 16.885445 1.720756 17.712263 15.991508 "" "" 1827.73145 2250.72949 3317.17934 2.0388 1123.3 7.9883 3180.9 6.9393 "" "" 0.0028349774032978775 0.0082098385 0.004460263 0.012670102 340.1821878389 59.17215469122 1999.58899 -6.352 -2.831
339.57874496358 59.23069027201 0.0406 0.0393 15.9296 "" "" 2008449032585842304 2436.75098 0.387 0.0475 -2.886 0.715 0.05 0.049 0.994 "" "" 16.885616 1.818763 17.770945 15.952182 "" "" 2161.4043 2743.06714 3316.65687 1.9226 1064.2 7.4412 3298.3 8.0382 "" "" 0.0028262887653957933 0.00808828 0.0046135825 0.012701863 339.57874496358 59.23069027201 2436.75098 -2.886000000000001 0.7150000000000001
340.34533953218 58.99101109483 0.0406 0.0424 15.3324 "" "" 2008374471952553216 2731.03345 0.3499 0.0495 -3.178 -2.143 0.052 0.055 0.967 "" "" 16.887354 1.368429 17.48955 16.12112 "" "" 2409.21777 3186.23291 3311.35339 3.2673 1379.1 8.4596 2823.0 12.692 "" "" 0.0029562569880880957 0.007220907 0.006173467 0.013394374 340.34533953218 58.99101109483 2731.03345 -3.1780000000000004 -2.143
339.74960349699 59.07517642951 0.0429 0.0404 5.2456 "" "" 2008431577838617472 2871.42334 0.341 0.0512 -2.62 -2.472 0.052 0.05 1.042 "" "" 16.888184 1.497845 17.575909 16.078064 "" "" 2473.10815 3282.9978 3308.82382 1.9818 1273.7 6.6467 2937.2 6.5928 "" "" 0.0028310198040616213 0.0063155866 0.004496981 0.010812568 339.74960349699 59.07517642951 2871.42334 -2.6199999999999997 -2.4719999999999995
340.23063107867 59.03426938665 0.0427 0.0423 11.8923 "" "" 2008386875817900544 2066.29736 0.4676 0.0528 -4.027 -3.259 0.051 0.053 1.038 8114.8 4.2833 16.891924 1.954908 17.87761 15.922701 "" "" 1876.80176 2266.80078 3297.4436 2.2287 964.66 6.7573 3389.1 8.8073 "" "" 0.0028513686942629817 0.008101078 0.004716427 0.012817505 340.23063107867 59.03426938665 2066.29736 -4.026999999999999 -3.259
339.66359033465 59.10499692833 0.0476 0.043 8.3265 "" "" 2008434807654013440 2538.6106 0.3833 0.0537 -0.812 -1.182 0.061 0.055 1.001 8582.2 4.2384 16.893587 1.550318 17.613914 16.063597 "" "" 2196.54565 3066.79468 3292.39565 2.2821 1229.8 6.4679 2976.6 9.6479 "" "" 0.0028562477320650684 0.0063554463 0.0051641143 0.011519561 339.66359033465 59.10499692833 2538.6106 -0.8120000000000003 -1.182
339.90764763764 58.77343235988 0.0426 0.0423 13.9853 "" "" 2008365504060440704 2213.44897 0.4316 0.0523 -0.425 -1.95 0.06 0.051 1.023 6841.0 4.2738 16.89471 1.885758 17.827757 15.941999 "" "" 1978.15161 2541.58301 3288.99229 2.1865 1010.0 5.8698 3329.3 6.53 "" "" 0.002848292539838555 0.006899317 0.004338046 0.011237362 339.90764763764 58.77343235988 2213.44897 -0.425 -1.9499999999999995
