Clusters/Berkeley_97/Berkeley_97_stars_in_region.tsv
# %ECSV 1.0
# ---
# datatype:
# - name: RA_ICRS_1
#   unit: deg
#   datatype: float64
#   format: '{:15.11f}'
#   description: Right ascension (ICRS) at Ep=2016.0 (ra)
#   meta: !!omap
#   - {ucd: POS_EQ_RA_MAIN}
#   - {width: 15}
#   - {precision: '11'}
# - name: DE_ICRS_1
#   unit: deg
#   datatype: float64
#   format: '{:15.11f}'
#   description: Declination (ICRS) at Ep=2016.0 (dec)
#   meta: !!omap
#   - {ucd: POS_EQ_DEC_MAIN}
#   - {width: 15}
#   - {precision: '11'}
# - name: e_RA_ICRS
#   unit: mas
#   datatype: float64
#   format: '{:7.4f}'
#   description: Standard error of right ascension (ra_error)
#   meta: !!omap
#   - {ucd: ERROR}
#   - {width: 7}
#   - {precision: '4'}
# - name: e_DE_ICRS
#   unit: mas
#   datatype: float64
#   format: '{:7.4f}'
#   description: Standard error of declination (dec_error)
#   meta: !!omap
#   - {ucd: ERROR}
#   - {width: 7}
#   - {precision: '4'}
# - name: _r_1
#   unit: ''
#   datatype: float64
#   format: '{:7.4f}'
#   description: Distance from center (339.84991355000+59.00460428000)[ICRS], at Epoch=J2016.0
#   meta: !!omap
#   - {ucd: POS_ANG_DIST_GENERAL}
#   - {width: 7}
#   - {precision: '4'}
# - name: HIP
#   datatype: int32
#   description: '? HIP cross-id number, van Leeuwen, Cat. I/311 (hip_original_ext_source_id)'
#   meta: !!omap
#   - {ucd: ID_NUMBER}
#   - {width: 6}
#   - values: {'null': -2147483648}
# - name: TYC2
#   datatype: string
#   description: Tycho-2 cross-id name, Hog et al., Cat. I/259 (tyc2_original_ext_source_id)
#   meta: !!omap
#   - {ucd: ID_CROSSID}
#   - {_votable_string_dtype: char}
# - name: Source
#   datatype: int64
#   description: Source identifier, identical to the Gaia-EDR3 source_id (id)
#   meta: !!omap
#   - {ucd: ID_MAIN}
#   - {width: 19}
# - name: rgeo
#   unit: pc
#   datatype: float64
#   format: '{:15.8f}'
#   description: '? Median of the geometric distance posterior (r_med_geo)'
#   meta: !!omap
#   - {ucd: PHYS_DISTANCE_TRUE}
#   - {width: 15}
#   - {precision: '8'}
#   - values: {'null': .nan}
# - name: Plx
#   unit: mas
#   datatype: float64
#   format: '{:9.4f}'
#   description: '? Parallax (parallax)'
#   meta: !!omap
#   - {ucd: POS_PARLX_TRIG}
#   - {width: 9}
#   - {precision: '4'}
#   - values: {'null': .nan}
# - name: e_Plx
#   unit: mas
#   datatype: float32
#   format: '{:7.4f}'
#   description: '? Standard error of parallax (parallax_error)'
#   meta: !!omap
#   - {ucd: ERROR}
#   - {width: 7}
#   - {precision: '4'}
#   - values: {'null': .nan}
# - name: pmRA
#   unit: mas / yr
#   datatype: float64
#   format: '{:9.3f}'
#   description: '? Proper motion in right ascension direction, pmRA*cosDE (pmra)'
#   meta: !!omap
#   - {ucd: POS_EQ_PMRA}
#   - {width: 9}
#   - {precision: '3'}
#   - values: {'null': .nan}
# - name: pmDE
#   unit: mas / yr
#   datatype: float64
#   format: '{:9.3f}'
#   description: '? Proper motion in declination direction (pmdec)'
#   meta: !!omap
#   - {ucd: POS_EQ_PMDEC}
#   - {width: 9}
#   - {precision: '3'}
#   - values: {'null': .nan}
# - name: e_pmRA
#   unit: mas / yr
#   datatype: float32
#   format: '{:6.3f}'
#   description: '? Standard error of proper motion in right ascension direction (pmra_error)'
#   meta: !!omap
#   - {ucd: ERROR}
#   - {width: 6}
#   - {precision: '3'}
#   - values: {'null': .nan}
# - name: e_pmDE
[...]
#         unit: &id001 !astropy.units.Unit {unit: deg}
#         value: !astropy.table.SerializedColumn {name: SkyCoord.dec}
#       distance: !astropy.table.SerializedColumn
#         __class__: astropy.coordinates.distances.Distance
#         unit: !astropy.units.Unit {unit: pc}
#         value: !astropy.table.SerializedColumn {name: SkyCoord.distance}
#       frame: icrs
#       obstime: !astropy.time.Time {format: jyear_str, in_subfmt: '*', jd1: 367701545.0, jd2: 0.0, out_subfmt: '*', precision: 3, scale: tt}
#       pm_dec: !astropy.table.SerializedColumn
#         __class__: astropy.units.quantity.Quantity
#         unit: !astropy.units.Unit {unit: mas / yr}
#         value: !astropy.table.SerializedColumn {name: SkyCoord.pm_dec}
#       pm_ra_cosdec: !astropy.table.SerializedColumn
#         __class__: astropy.units.quantity.Quantity
#         unit: !astropy.units.Unit {unit: mas / yr}
#         value: !astropy.table.SerializedColumn {name: SkyCoord.pm_ra_cosdec}
#       ra: !astropy.table.SerializedColumn
#         __class__: astropy.coordinates.angles.core.Longitude
#         unit: *id001
#         value: !astropy.table.SerializedColumn {name: SkyCoord.ra}
#         wrap_angle: !astropy.coordinates.Angle
#           unit: *id001
#           value: 360.0
#       representation_type: spherical
# schema: astropy-2.0
RA_ICRS_1 DE_ICRS_1 e_RA_ICRS e_DE_ICRS _r_1 HIP TYC2 Source rgeo Plx e_Plx pmRA pmDE e_pmRA e_pmDE RUWE Teff logg Gmag BP-RP BPmag RPmag RV e_RV b_rgeo B_rgeo FG e_FG FBP e_FBP FRP e_FRP RAVE5 RAVE6 e_Gmag e_BPmag e_RPmag e_BP-RP SkyCoord.ra SkyCoord.dec SkyCoord.distance SkyCoord.pm_ra_cosdec SkyCoord.pm_dec
[from data line 446]
339.70046096072 59.20954886063 0.0271 0.0273 13.1303 "" "" 2008447898714710400 2231.16846 0.4235 0.0318 0.819 -0.395 0.036 0.038 1.065 6618.1 4.0215 15.996208 1.64788 16.77112 15.12324 "" "" 2084.4751 2432.97705 7524.25242 2.7755 2672.8 9.3098 7077.2 11.201 "" "" 0.0027842753847694976 0.0046996847 0.004151694 0.008851379 339.70046096072 59.20954886063 2231.16846 0.8190000000000001 -0.395
340.11687012254 58.80294809436 0.026 0.0282 14.6571 "" "" 2008366191255237248 1976.85303 0.4875 0.0332 0.297 -1.782 0.036 0.034 0.985 7510.0 4.1625 15.99852 1.544633 16.71345 15.168817 "" "" 1858.59229 2130.21484 7508.25416 2.9106 2818.6 7.7792 6786.3 8.2706 "" "" 0.0027872813245688787 0.0040944517 0.004004324 0.0080987755 340.11687012254 58.80294809436 1976.85303 0.29700000000000004 -1.782
339.6450418815 59.11271849991 0.0288 0.0264 9.0567 "" "" 2008435185611132928 2515.2959 0.3721 0.0332 -3.474 -1.968 0.039 0.034 1.024 9260.9 4.0291 16.00043 1.183071 16.50505 15.321979 "" "" 2333.1416 2727.32666 7495.06323 2.6604 3415.0 7.413 5893.4 8.9171 "" "" 0.0027821415787209515 0.0036523526 0.0041209813 0.007773334 339.6450418815 59.11271849991 2515.2959 -3.474 -1.9680000000000002
340.00165982144 58.78067411246 0.0314 0.0326 14.2354 "" "" 2008366844090251904 1934.19397 0.5044 0.0408 -1.314 -0.822 0.046 0.039 1.192 7742.9 4.0357 16.003824 1.497459 16.667023 15.169564 "" "" 1804.06555 2135.89307 7471.66357 3.5927 2941.8 8.3579 6781.6 11.503 "" "" 0.0028043440372793617 0.004159353 0.0042042052 0.008363558 340.00165982144 58.78067411246 1934.19397 -1.314 -0.8220000000000001
339.46286185013 59.12049709319 0.0263 0.026 13.8164 "" "" 2008423881256829824 1351.07434 0.7147 0.0317 -0.124 1.208 0.033 0.031 0.989 7133.5 4.306 16.010891 1.64581 16.790041 15.144231 "" "" 1293.09119 1414.63184 7423.18307 2.94 2626.6 10.39 6941.7 9.9994 "" "" 0.0027886736051807434 0.0051215827 0.0040902044 0.009211787 339.46286185013 59.12049709319 1351.07434 -0.12400000000000008 1.2079999999999997
339.76140456251 58.94647040399 0.0309 0.0308 4.4337 "" "" 2008383061888626816 2365.80688 0.3848 0.0377 -0.2 -0.968 0.039 0.037 1.087 5263.4 3.5645 16.023985 2.175365 17.154522 14.979157 "" "" 2176.02686 2688.73413 7334.19977 3.1905 1877.6 6.1811 8081.6 16.888 "" "" 0.0027955087916703885 0.0045343614 0.0044081053 0.008942466 339.76140456251 58.94647040399 2365.80688 -0.2 -0.968
339.99169599685 59.2044297124 0.0275 0.027 12.7604 "" "" 2008436834878973312 1418.89856 0.6853 0.0326 2.402 2.226 0.035 0.034 0.971 6864.1 4.1647 16.024641 1.782772 16.88862 15.105848 "" "" 1351.30444 1488.12268 7329.76724 4.0211 2398.7 10.538 7191.5 13.884 "" "" 0.002818965854241576 0.005526003 0.004321749 0.009847752 339.99169599685 59.2044297124 1418.89856 2.402 2.226
340.02923074466 58.81564950357 0.0282 0.0287 12.6254 "" "" 2008366947169457408 3010.83569 0.3121 0.0347 -3.008 -2.193 0.038 0.034 0.999 9823.2 3.8124 16.030369 1.363152 16.626173 15.26302 "" "" 2690.5813 3376.2168 7291.20053 3.0006 3054.6 12.12 6222.3 13.182 "" "" 0.0027913147831344935 0.0051326063 0.0044242945 0.009556901 340.02923074466 58.81564950357 3010.83569 -3.008 -2.1929999999999996
340.11984271317 58.87332033592 0.0277 0.0316 11.4836 "" "" 2008367698779175936 2819.93701 0.3366 0.0334 -1.297 -0.741 0.036 0.04 1.115 7456.1 4.1344 16.032299 1.554172 16.698055 15.143883 "" "" 2571.08008 3056.65552 7278.24676 3.8144 2858.9 12.769 6943.9 26.454 "" "" 0.00281346183739088 0.0055947388 0.0056029204 0.011197659 340.11984271317 58.87332033592 2819.93701 -1.297 -0.7409999999999999
340.29331200773 58.88292532155 0.0266 0.0286 15.5454 "" "" 2008372753965520128 1433.41968 0.6714 0.0328 5.971 -2.038 0.036 0.037 0.988 5683.1 4.2661 16.039892 1.612772 16.790758 15.177986 "" "" 1372.07947 1507.63257 7227.52916 3.0434 2624.9 7.9926 6729.2 10.966 "" "" 0.0027929928357666735 0.0043260283 0.0041730395 0.008499067 340.29331200773 58.88292532155 1433.41968 5.971000000000001 -2.0379999999999994
339.82346681274 59.13036537451 0.0274 0.0268 7.5896 "" "" 2008436147684094336 1597.53772 0.6126 0.0321 -0.79 0.484 0.035 0.034 1.011 7067.3 4.3026 16.042084 1.594027 16.788815 15.194788 "" "" 1525.16101 1683.79065 7212.95127 2.7352 2629.6 8.0854 6625.9 9.363 "" "" 0.002785911253512688 0.0043508443 0.0040789256 0.008429769 339.82346681274 59.13036537451 1597.53772 -0.7900000000000003 0.4839999999999999
340.13956452965 59.07824807503 0.0281 0.0262 9.9724 "" "" 2008390311791688832 1120.64001 0.8619 0.0328 0.569 -0.431 0.034 0.033 1.009 7085.7 4.208 16.047348 1.973771 17.034073 15.060302 "" "" 1085.01282 1156.28052 7178.0723 3.2574 2097.9 6.5013 7499.6 9.8529 "" "" 0.002799026308653864 0.0043710307 0.0040396075 0.008410638 340.13956452965 59.07824807503 1120.64001 0.569 -0.43100000000000016
339.54807283006 59.21328740448 0.0261 0.0271 15.5958 "" "" 2008448414110554112 1304.76453 0.7397 0.0313 1.926 -3.514 0.033 0.033 1.042 5544.3 3.8426 16.051329 1.795285 16.898691 15.103406 "" "" 1244.32703 1360.22253 7151.79982 2.9025 2376.5 12.935 7207.7 36.39 "" "" 0.0027903316199014093 0.006535105 0.0066582267 0.013193332 339.54807283006 59.21328740448 1304.76453 1.9260000000000002 -3.5140000000000002
339.69693201586 59.0900519636 0.0337 0.0309 6.9694 "" "" 2008434532776109568 1236.19434 0.7864 0.0383 -5.033 -4.949 0.044 0.038 1.181 "" "" 16.05308 1.684282 16.846481 15.162199 "" "" 1185.35229 1297.93469 7140.26852 2.9922 2493.6 8.8559 6827.8 9.8294 "" "" 0.002792633863542529 0.00475955 0.0040898444 0.0088493945 339.69693201586 59.0900519636 1236.19434 -5.033000000000001 -4.949
340.25635660011 58.88307292274 0.0265 0.0286 14.541 "" "" 2008372719605773184 2427.52783 0.3968 0.0329 -4.93 -4.621 0.035 0.037 1.077 6573.4 3.8827 16.064735 1.548025 16.779675 15.231649 "" "" 2265.49463 2605.7522 7064.03056 2.8305 2651.8 8.9186 6404.7 8.9343 "" "" 0.0027894540987062452 0.0045955465 0.0040715616 0.008667108 340.25635660011 58.88307292274 2427.52783 -4.929999999999999 -4.621000000000001
340.12097026053 59.1202095849 0.0275 0.0267 10.8637 "" "" 2008391445663028096 2435.27783 0.3837 0.0324 -3.267 -2.19 0.033 0.033 1.006 9247.0 4.0573 16.064823 1.702345 16.875027 15.172682 "" "" 2250.98999 2624.54321 7063.45714 3.0823 2428.9 9.2845 6762.2 9.8436 "" "" 0.0027957578995909606 0.0050009545 0.004096542 0.009097496 340.12097026053 59.1202095849 2435.27783 -3.2669999999999995 -2.1899999999999995
339.43829701348 59.01843799423 0.0293 0.0278 12.7427 "" "" 2008410996354983808 1469.08398 0.6596 0.0345 0.308 -3.012 0.038 0.035 0.933 7982.7 4.2289 16.067709 1.756912 16.909243 15.15233 "" "" 1396.0304 1574.87463 7044.71596 3.0601 2353.5 7.6596 6890.1 9.6486 "" "" 0.002795392489529574 0.0045023668 0.004073745 0.008576112 339.43829701348 59.01843799423 1469.08398 0.30799999999999983 -3.0119999999999996
340.00903047707 58.7872214326 0.0303 0.0315 13.9443 "" "" 2008366844090506496 2229.88867 0.42 0.0386 -2.518 -1.826 0.043 0.038 1.105 "" "" 16.072044 1.297378 16.64032 15.342941 "" "" 2050.27856 2409.71289 7016.64056 3.2726 3015.0 9.7973 5780.7 9.753 "" "" 0.002801468116774187 0.004498075 0.004199914 0.008697989 340.00903047707 58.7872214326 2229.88867 -2.5180000000000002 -1.826
339.50687541745 58.86828511813 0.0273 0.0274 13.4047 "" "" 2008405464437175808 2068.7124 0.456 0.0324 -1.74 -1.396 0.036 0.034 1.067 8840.8 4.108 16.075258 1.693433 16.878395 15.184962 "" "" 1955.56189 2230.89453 6995.90134 3.0521 2421.4 9.0046 6686.1 14.173 "" "" 0.0027957389525456165 0.004907869 0.004425007 0.009332876 339.50687541745 58.86828511813 2068.7124 -1.7399999999999998 -1.3959999999999997
339.45816861895 58.97877016284 0.0311 0.0282 12.2075 "" "" 2008409965562853504 1028.24255 0.9477 0.0361 -0.287 -3.473 0.041 0.035 1.028 "" "" 16.076538 1.758946 16.920923 15.161977 "" "" 990.231995 1066.36755 6987.65133 3.4558 2328.3 8.279 6829.2 10.969 "" "" 0.0028071542738048586 0.004763387 0.004162321 0.008925708 339.45816861895 58.97877016284 1028.24255 -0.28700000000000025 -3.473
339.7979981553 59.03647056217 0.0277 0.0263 2.4953 "" "" 2008430547046476800 1728.17236 0.5573 0.0334 -0.876 -2.19 0.035 0.033 1.021 7848.4 4.1686 16.083153 1.599374 16.828041 15.228667 "" "" 1628.97192 1844.90137 6945.20926 2.7484 2536.3 7.2991 6422.3 13.116 "" "" 0.002788618294361333 0.004189046 0.0043818248 0.00857087 339.7979981553 59.03647056217 1728.17236 -0.876 -2.1899999999999995
340.29242870473 59.11269504698 0.0292 0.0285 15.1136 "" "" 2008390689748830208 2346.01147 0.4078 0.0349 -15.461 -2.466 0.034 0.035 1.03 7897.1 4.0202 16.084082 1.807979 16.956017 15.148038 "" "" 2162.4873 2586.29297 6939.27935 3.3838 2254.3 8.0551 6917.4 8.5641 "" "" 0.002805725103373581 0.0047787144 0.0040113083 0.008790023 340.29242870473 59.11269504698 2346.01147 -15.461 -2.4659999999999997
339.7052456622 58.90051712999 0.0306 0.0321 7.684 "" "" 2008382271612678656 1450.07617 0.6738 0.0376 2.422 1.313 0.04 0.039 1.227 7798.6 4.2218 16.089134 1.841844 16.989073 15.147229 "" "" 1374.51746 1550.34167 6907.05515 2.913 2186.7 8.1079 6922.6 13.581 "" "" 0.002793109916313607 0.004898108 0.004338292 0.0092364 339.7052456622 58.90051712999 1450.07617 2.422 1.313
340.01894322947 58.94043615741 0.0274 0.0283 6.4924 "" "" 2008380480602201600 1414.91956 0.6902 0.0328 -5.863 -4.541 0.036 0.036 0.983 7608.3 4.2323 16.089539 1.562022 16.813578 15.251555 "" "" 1358.27405 1481.10608 6904.48836 2.8015 2570.3 8.2839 6288.3 11.353 "" "" 0.0027903159646199558 0.004475469 0.0042574797 0.008732948 340.01894322947 58.94043615741 1414.91956 -5.863000000000001 -4.541
339.59055922491 58.97833904159 0.0288 0.0276 8.17 "" "" 2008407216783808384 1132.01416 0.8539 0.0338 -2.133 -3.154 0.038 0.035 1.071 6740.3 4.2907 16.090927 1.816104 16.973095 15.156991 "" "" 1095.2019 1167.05945 6895.66215 3.1963 2219.1 11.119 6860.6 8.8516 "" "" 0.0028009041518704337 0.006113967 0.0040306374 0.010144604 339.59055922491 58.97833904159 1132.01416 -2.1329999999999996 -3.1539999999999995
339.76446586485 59.26253330565 0.0355 0.0348 15.6977 "" "" 2008449719780645248 1016.30896 0.9496 0.0407 6.004 -1.95 0.046 0.045 1.363 6735.9 4.2035 16.09395 1.769248 16.933273 15.164025 "" "" 970.650696 1064.70642 6876.4844 5.2539 2302.0 7.944 6816.3 9.0508 "" "" 0.0028774873232837134 0.004671553 0.00404501 0.008716563 339.76446586485 59.26253330565 1016.30896 6.004 -1.9500000000000002
339.86091688669 58.99536617272 0.0274 0.0276 0.6503 "" "" 2008383233685344512 2712.96948 0.3577 0.0343 -2.721 -1.895 0.035 0.034 0.978 9472.5 3.8688 16.096376 1.206666 16.607239 15.400573 "" "" 2396.92847 3118.50732 6861.14434 2.9073 3108.3 10.669 5481.9 12.595 "" "" 0.0027934651668088664 0.004655468 0.0045284084 0.009183876 339.86091688669 58.99536617272 2712.96948 -2.721 -1.895
340.1767332506 58.90978250316 0.0459 0.0468 11.6026 "" "" 2008367909242373120 3063.38574 0.3135 0.0552 -3.482 -2.744 0.06 0.059 1.928 8028.9 4.092 16.101542 1.528477 16.771873 15.243397 "" "" 2650.73828 3545.08252 6828.5708 8.3352 2671.0 8.5392 6335.8 8.4755 "" "" 0.0030574793307005343 0.004453494 0.004048853 0.008502347 340.1767332506 58.90978250316 3063.38574 -3.4819999999999993 -2.7439999999999998
339.57764987841 59.02113146976 0.0312 0.0296 8.4687 "" "" 2008410446599195648 1623.92493 0.5907 0.0361 -1.488 -2.126 0.039 0.037 1.057 7783.6 4.2841 16.10273 1.71039 16.9185 15.208111 "" "" 1549.32263 1754.83972 6821.11175 3.0308 2333.5 8.328 6545.1 7.1943 "" "" 0.0027972342868441726 0.0047749 0.0039633317 0.008738232 339.57764987841 59.02113146976 1623.92493 -1.4879999999999998 -2.1260000000000003
339.8410482124 59.04771628263 0.0294 0.027 2.6012 "" "" 2008431990155807488 1492.76135 0.6509 0.0341 -7.346 -0.948 0.037 0.034 0.986 7661.7 4.1825 16.102812 1.704181 16.915808 15.211627 "" "" 1428.38843 1569.79785 6820.59713 2.8709 2339.3 8.9818 6523.9 9.8543 "" "" 0.0027929629476217198 0.0050162934 0.0041198684 0.009136162 339.8410482124 59.04771628263 1492.76135 -7.346 -0.948
340.18975097036 59.17757697231 0.0348 0.0318 14.7449 "" "" 2008438896463232768 1929.9823 0.507 0.0408 -0.291 -1.243 0.045 0.04 1.101 8492.9 4.4281 16.103624 1.530597 16.804611 15.274014 "" "" 1799.50842 2104.79736 6815.49271 3.2341 2591.6 7.5887 6159.6 13.312 "" "" 0.0028030744076070154 0.0042299684 0.0044485563 0.008678525 340.18975097036 59.17757697231 1929.9823 -0.291 -1.2430000000000003
339.94351050134 59.24778067423 0.1958 0.1982 14.8724 "" "" 2008437934390448128 3352.63257 0.3973 0.2363 -3.736 -3.328 0.254 0.253 7.788 "" "" 16.103703 1.680712 16.801395 15.120684 "" "" 2095.25635 5152.8916 6815.00273 30.66 2599.3 9.6079 7093.9 16.041 "" "" 0.005608142322349721 0.0048878663 0.0045068045 0.009394671 339.94351050134 59.24778067423 3352.63257 -3.7360000000000007 -3.3280000000000003
340.21000539697 58.84381136293 0.0278 0.029 14.746 "" "" 2008366741011307520 2491.2312 0.3783 0.0352 -6.21 -2.892 0.041 0.038 1.031 6430.1 3.664 16.106308 1.937116 17.069994 15.132878 "" "" 2289.41919 2693.49316 6798.66775 3.0245 2029.6 7.1493 7014.7 10.582 "" "" 0.002797335491722008 0.004734135 0.004119028 0.008853163 340.21000539697 58.84381136293 2491.2312 -6.209999999999999 -2.892
339.79094178847 59.24764572247 0.0286 0.0287 14.6951 "" "" 2008449513622232192 1541.27185 0.6152 0.0334 0.929 -0.671 0.038 0.038 1.065 7808.3 4.2651 16.106674 1.573968 16.83625 15.262282 "" "" 1470.0658 1628.68433 6796.3748 2.6864 2517.2 8.5936 6226.5 16.264 "" "" 0.002788541978896579 0.00463943 0.004725111 0.009364542 339.79094178847 59.24764572247 1541.27185 0.929 -0.6709999999999999
340.33120038039 58.96881743743 0.0278 0.0283 15.0327 "" "" 2008374300153713664 1571.10242 0.6197 0.0324 -2.533 -1.751 0.034 0.037 1.04 8370.0 4.4372 16.11472 1.509264 16.806963 15.297699 "" "" 1490.95325 1641.74866 6746.2007 2.5474 2586.0 7.0788 6026.7 7.9541 "" "" 0.0027856547940330123 0.0040765307 0.00404192 0.008118451 340.33120038039 58.96881743743 1571.10242 -2.533 -1.7510000000000001
339.87447991528 58.9208067716 0.1186 0.126 5.085 "" "" 2008381893655580160 2547.42554 0.4618 0.1501 -6.114 -3.285 0.15 0.149 4.462 7861.2 3.6737 16.116764 1.501699 16.753544 15.251844 "" "" 1885.64404 3648.60693 6733.50248 10.983 2716.4 8.3072 6286.7 11.084 "" "" 0.0032753661748722196 0.004337032 0.004236516 0.008573548 339.87447991528 58.9208067716 2547.42554 -6.114 -3.285
340.0124771959 59.21034298388 0.0299 0.0294 13.3215 "" "" 2008442710394124928 1893.20386 0.5009 0.0358 -0.283 1.616 0.037 0.035 1.011 6350.8 3.7884 16.117155 2.277034 17.319345 15.042312 "" "" 1784.19165 2044.50208 6731.0846 3.4506 1613.2 9.0219 7624.9 9.1502 "" "" 0.0028109748560042865 0.0066824127 0.003997668 0.010680081 340.0124771959 59.21034298388 1893.20386 -0.2829999999999999 1.616
339.90145018299 59.16254846082 0.028 0.0277 9.6089 "" "" 2008436658775587584 2360.57886 0.4008 0.0343 -1.611 -1.368 0.036 0.036 1.009 8398.8 3.9527 16.11944 1.722265 16.928415 15.20615 "" "" 2204.62427 2536.79517 6716.93164 2.9654 2312.3 10.605 6556.9 16.846 "" "" 0.0027967032030273443 0.0057079806 0.0046973294 0.0104053095 339.90145018299 59.16254846082 2360.57886 -1.611 -1.3680000000000003
340.24513341249 58.85607400696 0.0278 0.0286 15.1389 "" "" 2008372410368140288 1609.32898 0.5977 0.0332 -0.96 0.338 0.037 0.037 0.952 7105.1 4.3426 16.11987 1.488326 16.798412 15.310086 "" "" 1533.0979 1705.36157 6714.27359 2.6723 2606.5 6.9646 5958.3 12.793 "" "" 0.002789000242633481 0.0040251003 0.0044405055 0.008465606 340.24513341249 58.85607400696 1609.32898 -0.9600000000000001 0.3380000000000001
339.72734781563 58.74872875696 0.0282 0.0268 15.8161 "" "" 2008353546870997504 1435.37476 0.677 0.0337 0.366 -3.066 0.04 0.033 0.986 7723.9 4.2942 16.12083 1.536794 16.826538 15.289744 "" "" 1371.7804 1497.04565 6708.33392 2.9751 2539.8 8.5067 6071.0 7.8356 "" "" 0.0027970783974019635 0.0045835925 0.0040308083 0.0086144 339.72734781563 58.74872875696 1435.37476 0.366 -3.066
