Clusters/Berkeley_97/Berkeley_97_fs.tsv
# %ECSV 1.0
# ---
# datatype:
# - name: RA_ICRS_1
#   unit: deg
#   datatype: float64
#   format: '{:15.11f}'
#   description: Right ascension (ICRS) at Ep=2016.0 (ra)
#   meta: !!omap
#   - {ucd: POS_EQ_RA_MAIN}
#   - {width: 15}
#   - {precision: '11'}
# - name: DE_ICRS_1
#   unit: deg
#   datatype: float64
#   format: '{:15.11f}'
#   description: Declination (ICRS) at Ep=2016.0 (dec)
#   meta: !!omap
#   - {ucd: POS_EQ_DEC_MAIN}
#   - {width: 15}
#   - {precision: '11'}
# - name: e_RA_ICRS
#   unit: mas
#   datatype: float64
#   format: '{:7.4f}'
#   description: Standard error of right ascension (ra_error)
#   meta: !!omap
#   - {ucd: ERROR}
#   - {width: 7}
#   - {precision: '4'}
# - name: e_DE_ICRS
#   unit: mas
#   datatype: float64
#   format: '{:7.4f}'
#   description: Standard error of declination (dec_error)
#   meta: !!omap
#   - {ucd: ERROR}
#   - {width: 7}
#   - {precision: '4'}
# - name: _r_1
#   unit: ''
#   datatype: float64
#   format: '{:7.4f}'
#   description: Distance from center (339.84991355000+59.00460428000)[ICRS], at Epoch=J2016.0
#   meta: !!omap
#   - {ucd: POS_ANG_DIST_GENERAL}
#   - {width: 7}
#   - {precision: '4'}
# - name: HIP
#   datatype: int32
#   description: '? HIP cross-id number, van Leeuwen, Cat. I/311 (hip_original_ext_source_id)'
#   meta: !!omap
#   - {ucd: ID_NUMBER}
#   - {width: 6}
#   - values: {'null': -2147483648}
# - name: TYC2
#   datatype: string
#   description: Tycho-2 cross-id name, Hog et al., Cat. I/259 (tyc2_original_ext_source_id)
#   meta: !!omap
#   - {ucd: ID_CROSSID}
#   - {_votable_string_dtype: char}
# - name: Source
#   datatype: int64
#   description: Source identifier, identical to the Gaia-EDR3 source_id (id)
#   meta: !!omap
#   - {ucd: ID_MAIN}
#   - {width: 19}
# - name: rgeo
#   unit: pc
#   datatype: float64
#   format: '{:15.8f}'
#   description: '? Median of the geometric distance posterior (r_med_geo)'
#   meta: !!omap
#   - {ucd: PHYS_DISTANCE_TRUE}
#   - {width: 15}
#   - {precision: '8'}
#   - values: {'null': .nan}
# - name: Plx
#   unit: mas
#   datatype: float64
#   format: '{:9.4f}'
#   description: '? Parallax (parallax)'
#   meta: !!omap
#   - {ucd: POS_PARLX_TRIG}
#   - {width: 9}
#   - {precision: '4'}
#   - values: {'null': .nan}
# - name: e_Plx
#   unit: mas
#   datatype: float32
#   format: '{:7.4f}'
#   description: '? Standard error of parallax (parallax_error)'
#   meta: !!omap
#   - {ucd: ERROR}
#   - {width: 7}
#   - {precision: '4'}
#   - values: {'null': .nan}
# - name: v_pec
#   unit: km / s
#   datatype: float64
#   format: '{:9.3f}'
#   description: '? Proper motion in right ascension direction, pmRA*cosDE (pmra)'
#   meta: !!omap
#   - {ucd: POS_EQ_PMRA}
#   - {width: 9}
#   - {precision: '3'}
#   - values: {'null': .nan}
# - name: "\xB5_pec"
#   unit: mas / yr
#   datatype: float64
#   format: '{:9.3f}'
#   description: '? Proper motion in right ascension direction, pmRA*cosDE (pmra)'
#   meta: !!omap
#   - {ucd: POS_EQ_PMRA}
#   - {width: 9}
#   - {precision: '3'}
#   - values: {'null': .nan}
# - name: rmRA
#   unit: mas / yr
#   datatype: float64
#   format: '{:9.3f}'
#   description: '? Proper motion in right ascension direction, pmRA*cosDE (pmra)'
#   meta: !!omap
#   - {ucd: POS_EQ_PMRA}
#   - {width: 9}
#   - {precision: '3'}
#   - values: {'null': .nan}
[...]
#   description: RAVE DR6 cross-id name, Steinmetz et al., Cat. III/283 (rave6_original_ext_source_id)
#   meta: !!omap
#   - {ucd: ID_CROSSID}
#   - {_votable_string_dtype: char}
# - name: e_Gmag
#   unit: ''
#   datatype: float64
#   format: '{:11.4g}'
#   description: '? Error on G-band mean flux (phot_g_mean_flux_error)'
#   meta: !!omap
#   - {ucd: ERROR}
#   - {width: 11}
#   - {precision: E4}
#   - values: {'null': .nan}
# - name: e_BPmag
#   unit: ''
#   datatype: float32
#   format: '{:11.4g}'
#   description: '? Error on the integrated BP mean flux (phot_bp_mean_flux_error)'
#   meta: !!omap
#   - {ucd: ERROR}
#   - {width: 11}
#   - {precision: E4}
#   - values: {'null': .nan}
# - name: e_RPmag
#   unit: ''
#   datatype: float32
#   format: '{:11.4g}'
#   description: '? Error on the integrated RP mean flux (phot_rp_mean_flux_error)'
#   meta: !!omap
#   - {ucd: ERROR}
#   - {width: 11}
#   - {precision: E4}
#   - values: {'null': .nan}
# - name: e_BP-RP
#   unit: ''
#   datatype: float32
#   format: '{:11.4g}'
#   description: '? Error on the integrated BP mean flux (phot_bp_mean_flux_error)'
#   meta: !!omap
#   - {ucd: ERROR}
#   - {width: 11}
#   - {precision: E4}
#   - values: {'null': .nan}
# meta: !!omap
# - {ID: I_352_gedr3dis}
# - {description: Estimating distances from parallaxes (1467744818 sources)}
# - {name: I/352/gedr3dis}
# schema: astropy-2.0
RA_ICRS_1 DE_ICRS_1 e_RA_ICRS e_DE_ICRS _r_1 HIP TYC2 Source rgeo Plx e_Plx v_pec µ_pec rmRA e_rmRA rmDE e_rmDE pmRA pmDE e_pmRA e_pmDE RUWE Teff logg Gmag BP-RP BPmag RPmag RV e_RV b_rgeo B_rgeo FG e_FG FBP e_FBP FRP e_FRP RAVE5 RAVE6 e_Gmag e_BPmag e_RPmag e_BP-RP
[from data line 38]
340.00305280544 58.79119836991 0.0156 0.0178 13.6557 "" "" 2008366844090503552 2060.6814 0.4547 0.0205 28.120441702786543 2.878942197332727 2.589185185185185 0.12000899 1.2587407407407407 0.11406811 -0.139 -0.61 0.023 0.021 1.074 7865.8 3.5989 14.666838 1.431401 15.31137 13.879969 "" "" 1970.43884 2153.86768 25598.33397 6.1514 10253.0 12.942 22242.0 18.025 "" "" 0.002767645594412422 0.0031085818 0.0038804542 0.0069890358
340.01742509564 58.79810932184 0.0151 0.0172 13.4333 "" "" 2008366844090247424 2731.59717 0.3333 0.0196 19.24990851024584 1.4867353713663634 1.195185185185185 0.11900899 -0.8842592592592593 0.11406811 -1.533 -2.753 0.022 0.021 1.002 5032.0 2.4588 14.689839 2.31177 15.913245 13.601476 -41.31 2.55 2595.78345 2894.05273 25061.71826 9.7016 5890.0 11.143 28745.0 16.701 "" "" 0.0027871920272846606 0.0034647037 0.0038316653 0.007296369
339.73885554054 59.25822683441 0.0138 0.0143 15.5967 "" "" 2008449685420903168 2728.60522 0.3422 0.0165 22.647562042384624 1.751065577602527 1.4191851851851849 0.11500899 1.0257407407407408 0.11206812 -1.309 -0.843 0.018 0.019 1.06 "" "" 14.744458 1.244615 15.280843 14.036228 "" "" 2631.54077 2838.01904 23832.1604 4.792 10546.0 11.274 19260.0 12.072 "" "" 0.002763955417510512 0.0030219594 0.0038401624 0.0068621216
340.07512768608 58.85146348324 0.0152 0.0169 11.5354 "" "" 2008367290766834432 2607.9209 0.3535 0.0189 35.62757866143222 2.8821299013360906 2.549185185185185 0.118008986 1.3447407407407408 0.11406811 -0.179 -0.524 0.021 0.021 1.008 7551.6 3.2097 14.767358 1.291532 15.331209 14.039678 "" "" 2500.71167 2709.79834 23334.7757 5.2005 10068.0 9.5755 19199.0 12.33 "" "" 0.00276592480564237 0.002975124 0.0038431666 0.006818291
340.11961278418 58.99915127691 0.0159 0.0166 8.3403 "" "" 2008381034662369920 2768.34961 0.3392 0.0194 32.54152551603249 2.4799254823089365 2.2811851851851848 0.118008986 0.9727407407407408 0.11406811 -0.447 -0.896 0.021 0.021 1.142 9221.7 3.4526 14.785446 1.218026 15.304078 14.086052 "" "" 2622.75366 2950.88965 22949.24853 4.602 10323.0 11.254 18397.0 13.884 "" "" 0.002763908882340544 0.0030308561 0.0038671864 0.0068980427
339.7606375486 58.76191766916 0.0155 0.0157 14.822 "" "" 2008377014572770048 2251.64551 0.4153 0.0198 72.89905067894242 6.830358725845308 -5.154814814814815 0.11900899 -4.481259259259259 0.11206812 -7.883 -6.35 0.022 0.019 0.99 "" "" 14.822776 2.020771 15.843654 13.822883 -23.93 3.69 2167.62134 2331.17798 22173.60444 5.6528 6279.9 11.003 23443.0 13.801 "" "" 0.002769188065178196 0.0033769594 0.0038330504 0.0072100097
339.60158292282 58.8570802782 0.015 0.0158 11.7249 "" "" 2008358700831693056 2876.06152 0.3219 0.0183 25.204591949775043 1.8488563005348564 -0.22381481481481513 0.117008984 -1.8352592592592594 0.11206812 -2.952 -3.704 0.02 0.019 1.05 "" "" 14.890521 1.517932 15.569942 14.052011 -33.69 5.99 2740.43286 3065.49097 20832.35752 19.82 8080.5 37.645 18983.0 42.907 "" "" 0.0029425882158247755 0.0057766885 0.0045062406 0.010282929
340.22693944407 59.08384690619 0.0171 0.0168 12.5699 "" "" 2008390548006263296 2587.00024 0.351 0.0203 23.515173740672715 1.917667822978394 -0.7078148148148151 0.11900899 -1.782259259259259 0.11406811 -3.436 -3.651 0.022 0.021 1.121 4516.8 1.6895 14.942698 2.355082 16.200338 13.845256 -77.55 2.85 2452.82397 2717.82715 19854.9019 6.714 4521.5 11.112 22964.0 15.93 "" "" 0.0027796735481921304 0.0038606804 0.0038536983 0.0077143786
339.91052548183 59.19218671237 0.041 0.0436 11.4089 "" "" 2008436766159369856 2538.7334 0.3798 0.0511 36.695266877048034 3.049401518335596 -2.973814814814815 0.14800899 0.6747407407407409 0.14706811 -5.702 -1.194 0.051 0.054 2.761 7643.3 3.4215 14.949177 2.096973 15.905467 13.808495 -81.31 3.8 2295.32544 2895.74634 19736.76162 11.081 5932.4 24.608 23755.0 30.358 "" "" 0.002821944629525414 0.0052979644 0.0040260362 0.009324001
339.38789823984 59.00458401285 0.0182 0.0182 14.2754 "" "" 2008411030714832384 2057.80811 0.4495 0.0224 37.51389516764161 3.8459970278909412 3.714185185185185 0.12200899 -0.9982592592592592 0.11606812 0.986 -2.867 0.025 0.023 1.053 5660.3 3.2911 14.998761 2.328563 16.237478 13.908916 -23.16 2.65 1973.47424 2152.83252 18855.67885 5.785 4369.4 10.999 21657.0 19.243 "" "" 0.0027753829565299974 0.0039057508 0.0039005643 0.007806315
339.72494003891 59.09126602459 0.0168 0.0164 6.4738 "" "" 2008434498416374016 2233.89771 0.4168 0.0199 23.909518762905694 2.2580274146282235 0.8781851851851847 0.11900899 -2.0802592592592593 0.11306812 -1.85 -3.949 0.022 0.02 0.94 5235.8 3.0177 15.005447 2.157281 16.12271 13.965428 -91.52 3.49 2148.56421 2344.41064 18739.9232 5.7853 4856.6 9.794 20558.0 15.119 "" "" 0.002775632764428683 0.0035467045 0.0038628106 0.007409515
339.69347551605 59.19535323829 0.0172 0.0165 12.4186 "" "" 2008447795635320704 1998.3363 0.4749 0.0198 34.31694619695476 3.6229447800493304 1.6541851851851848 0.11900899 -3.223259259259259 0.115068115 -1.074 -5.092 0.022 0.022 1.113 5131.2 3.1112 15.008702 2.107202 16.074766 13.967565 -67.69 2.52 1915.30286 2091.5332 18683.82031 6.23 5075.9 10.642 20518.0 26.225 "" "" 0.0027790027704885658 0.0036009317 0.0040261047 0.0076270364
339.96314953072 59.05969664937 0.0179 0.0179 4.8113 "" "" 2008385325325934464 2474.56396 0.3626 0.0215 61.198814809359696 5.217542392738888 -4.758814814814816 0.11900899 -2.1392592592592594 0.11606812 -7.487 -4.008 0.022 0.023 1.091 5860.4 2.9174 15.033974 2.221291 16.194075 13.972784 -70.2 4.04 2365.63281 2598.02686 18253.97097 6.4099 4547.7 9.9844 20419.0 20.194 "" "" 0.0027815726769640364 0.0036697614 0.0039289584 0.0075987196
339.61271249771 59.10656557801 0.0171 0.0166 9.5385 "" "" 2008435219970869888 2034.38721 0.4526 0.0201 18.669549154570838 1.9360736397528768 -0.28981481481481497 0.11900899 -1.914259259259259 0.11406811 -3.018 -3.783 0.022 0.021 1.004 4692.7 2.7951 15.050013 2.269556 16.246834 13.977278 -77.27 2.92 1965.7511 2122.59058 17986.30276 6.0035 4331.9 7.4284 20335.0 15.989 "" "" 0.0027790506288178063 0.0033543224 0.003874599 0.007228921
339.77876948951 58.88994653907 0.1384 0.1517 7.2232 "" "" 2008381378259500032 2953.18408 0.3948 0.1707 27.86871440115108 1.9908937109186873 0.174185185185185 0.282009 -1.983259259259259 0.27306813 -2.554 -3.852 0.185 0.18 9.399 "" "" 15.083056 1.644508 15.820739 14.17623 -38.87 6.0 2057.41357 4250.69189 17447.13825 31.195 6413.9 12.332 16930.0 15.31 "" "" 0.0033705049066459184 0.0034846647 0.003904836 0.0073895007
339.50413823114 58.88763602082 0.0172 0.0176 12.7979 "" "" 2008405773674813952 2879.04126 0.3095 0.0203 33.188745610481334 2.4320058078995337 2.3821851851851847 0.12000899 0.4897407407407408 0.115068115 -0.346 -1.379 0.023 0.022 1.016 7070.0 2.3702 15.084533 2.481906 16.43247 13.950564 -45.15 3.36 2700.95093 3034.98145 17423.43651 6.6142 3651.1 10.787 20842.0 19.775 "" "" 0.0027859768158752093 0.00425144 0.003917262 0.008168702
339.820146973 59.24157745628 0.0164 0.0173 14.2479 "" "" 2008437728231986560 2824.26172 0.3277 0.0194 20.37720512749869 1.5221636129115292 -0.7558148148148152 0.118008986 -1.3212592592592591 0.115068115 -3.484 -3.19 0.021 0.022 0.951 7194.8 3.4772 15.102484 1.1641 15.595699 14.4316 "" "" 2700.18018 2972.7229 17137.72914 3.8446 7891.1 10.863 13382.0 11.155 "" "" 0.002766064949461561 0.0031652797 0.0038862377 0.0070515173
339.92165510463 58.85416128086 0.0171 0.0177 9.2959 "" "" 2008377804846743552 2029.28406 0.4668 0.0205 37.54991351960739 3.9038017592576333 -2.600814814814815 0.12000899 -2.9112592592592597 0.11406811 -5.329 -4.78 0.023 0.021 1.06 "" "" 15.14232 1.532288 15.843317 14.311029 -56.65 6.72 1951.01147 2113.81909 16520.33284 13.014 6281.9 19.633 14954.0 31.329 "" "" 0.0028850164999632286 0.0043931096 0.004411092 0.008804202
339.68152272449 58.94980063744 0.0176 0.0172 6.1584 "" "" 2008429550614076032 2234.62158 0.4199 0.0206 27.099157509160978 2.5584295294309896 -1.9508148148148154 0.12000899 -1.6552592592592592 0.11406811 -4.679 -3.524 0.023 0.021 0.968 "" "" 15.150113 1.394881 15.771441 14.376559 "" "" 2138.99561 2340.34644 16402.18114 4.4097 6711.8 12.493 14078.0 18.718 "" "" 0.0027707389071741427 0.0034451736 0.0040456974 0.007490871
339.81798879621 59.26235583467 0.018 0.0186 15.4963 "" "" 2008449547981969024 2719.01782 0.3298 0.0206 90.84732391355121 7.048906392039203 6.184185185185185 0.12100899 3.382740740740741 0.118068114 3.456 1.514 0.024 0.025 1.012 4604.1 2.6401 15.188974 2.249146 16.372694 14.123549 -60.01 4.33 2607.72217 2864.94434 15825.47863 4.4913 3857.8 6.8698 17772.0 13.755 "" "" 0.002772496335412784 0.0033945844 0.0038716763 0.0072662607
339.87089887028 58.76410101682 0.1165 0.1263 14.4449 "" "" 2008365091743577216 2020.1394 0.5534 0.1459 25.862378295092828 2.7009017063630507 2.180185185185185 0.254009 -1.5942592592592593 0.23406813 -0.548 -3.463 0.157 0.141 8.492 "" "" 15.206445 1.544602 15.764291 14.219688 -58.8 6.25 1650.20972 2750.26807 15572.87843 10.03 6756.2 12.066 16266.0 13.23 "" "" 0.00284267368896317 0.0033977781 0.0038811816 0.0072789597
339.56181104127 58.99642344704 0.0192 0.019 8.9164 "" "" 2008407491661703680 2807.2063 0.3111 0.0226 25.26161025839262 1.898490196823476 1.711185185185185 0.12200899 -0.822259259259259 0.11706811 -1.017 -2.691 0.025 0.024 1.027 "" "" 15.229501 2.71672 16.758257 14.041537 -44.15 3.62 2656.29419 2977.0083 15245.66239 5.9527 2704.7 8.6187 19167.0 16.89 "" "" 0.002787741788310708 0.004444665 0.0038986027 0.008343267
340.10525275305 59.09508908193 0.0734 0.0752 9.5685 "" "" 2008391136425391232 2038.42224 0.5026 0.0881 34.49946655272554 3.570589217589749 2.700185185185185 0.18900898 -2.3362592592592595 0.18506812 -0.028 -4.205 0.092 0.092 4.092 9059.5 3.7798 15.264737 1.626962 15.967584 14.340622 "" "" 1772.56848 2430.28906 14758.83272 13.874 5602.5 13.348 14552.0 15.628 "" "" 0.002938282165806372 0.0038047933 0.003955164 0.0077599576
339.55127558593 58.9179958745 0.019 0.0186 10.6001 "" "" 2008406185991730560 2902.17993 0.3132 0.0227 32.178295728775545 2.3391623361456237 -2.271814814814815 0.12200899 -0.5572592592592593 0.11606812 -5.0 -2.426 0.025 0.023 1.006 8971.7 3.5187 15.297109 1.432618 15.936389 14.503771 "" "" 2719.46582 3068.63403 14325.28459 5.5922 5765.8 15.752 12521.0 14.603 "" "" 0.0027877286837874812 0.0040722713 0.0039858716 0.008058143
340.05467244298 58.99693287919 0.0182 0.0198 6.3441 "" "" 2008383920880379776 2079.48291 0.446 0.0223 56.89139130708013 5.771821048215201 -4.702814814814815 0.12100899 -3.3462592592592593 0.119068116 -7.431 -5.215 0.024 0.026 0.996 "" "" 15.321362 2.216688 16.478804 14.262116 -59.94 3.9 2000.62256 2166.97485 14008.83897 4.6123 3498.6 9.79 15643.0 14.819 "" "" 0.002778412185434796 0.004124991 0.0039168396 0.008041831
339.69805696343 58.92918778013 0.019 0.0193 6.5222 "" "" 2008382546490573824 2077.95093 0.4561 0.0228 29.716176334776524 3.0170276993335605 -2.191814814814815 0.12200899 -2.0732592592592596 0.11606812 -4.92 -3.942 0.025 0.023 1.046 "" "" 15.324805 1.278546 15.877747 14.5992 "" "" 1973.40735 2173.33203 13964.47166 3.9157 6085.8 13.274 11468.0 11.214 "" "" 0.0027720888006864367 0.003659667 0.003925673 0.00758534
340.16132348421 59.10487438591 0.0192 0.0188 11.3361 "" "" 2008391170785416832 2348.90039 0.4012 0.0225 18.621008318448858 1.6724773789173941 1.6621851851851848 0.12200899 -0.185259259259259 0.11706811 -1.066 -2.054 0.025 0.024 0.979 8230.5 3.4706 15.332447 1.56943 16.058178 14.488748 "" "" 2204.34619 2483.5105 13866.53451 4.2932 5154.0 11.287 12696.0 14.607 "" "" 0.0027757500795310744 0.0036658614 0.0039804685 0.0076463297
340.17786590945 59.04319591538 0.0647 0.0626 10.3888 "" "" 2008390071273550976 2411.9165 0.4323 0.0781 29.196759566311663 2.5538421072799946 -2.456814814814815 0.18400899 -0.697259259259259 0.17406812 -5.185 -2.566 0.087 0.081 3.819 "" "" 15.355453 1.533464 16.03627 14.502806 "" "" 2026.75134 3013.06543 13575.79242 8.4852 5259.1 12.634 12532.0 13.657 "" "" 0.0028376580011151985 0.0038194447 0.003960265 0.0077797095
339.95723736877 58.7842606669 0.0199 0.0216 13.6327 "" "" 2008365400981230720 2523.17603 0.3651 0.027 19.35509132649091 1.6183383767027573 0.7201851851851848 0.12700899 -1.4492592592592592 0.119068116 -2.008 -3.318 0.03 0.026 0.972 6106.1 2.603 15.364636 2.248656 16.54281 14.294154 -54.63 4.87 2349.55908 2686.80249 13461.46424 4.7672 3298.3 10.17 15188.0 12.35 "" "" 0.002782018870198942 0.004358048 0.0038811294 0.008239178
340.01525601708 59.22488256815 0.0211 0.0205 14.1638 "" "" 2008442710394115200 2464.03882 0.376 0.025 26.352415102016572 2.25628800976081 1.697185185185185 0.12400899 1.486740740740741 0.119068116 -1.031 -0.382 0.027 0.026 1.15 6097.7 2.8705 15.369587 2.134099 16.468908 14.334809 -11.3 6.9 2309.60693 2607.58765 13400.22012 4.912 3530.6 8.121 14630.0 11.652 "" "" 0.0027839153011008106 0.0037445927 0.0038770458 0.0076216385
339.89581711423 58.99547917199 0.0202 0.0197 1.5205 "" "" 2008384504995669248 2620.3623 0.356 0.0241 29.875648446326295 2.4053465503820526 2.349185185185185 0.12200899 0.5167407407407407 0.11706811 -0.379 -1.352 0.025 0.024 1.086 9168.0 3.7061 15.384143 1.18207 15.883185 14.701116 "" "" 2461.53345 2759.61401 13221.76503 3.482 6055.4 14.813 10440.0 18.249 "" "" 0.002770116755961289 0.0038521772 0.0042291344 0.008081311
339.90107322932 58.83525910748 0.0193 0.0204 10.2835 "" "" 2008377697462886656 2729.36255 0.3379 0.0243 24.10783055497735 1.8634535017973393 1.8621851851851847 0.12400899 0.06874074074074077 0.118068114 -0.866 -1.8 0.027 0.025 1.029 9014.1 3.5057 15.495124 1.293016 16.054476 14.761459 "" "" 2515.90039 2954.25781 11937.05356 3.752 5171.6 8.6048 9875.8 11.183 "" "" 0.002776373583326779 0.003323932 0.0039743264 0.007298258
339.43767842359 59.0489041952 0.0218 0.0218 13.0036 "" "" 2008411649189997952 2723.94507 0.3341 0.0257 20.38022049860238 1.5784549494473523 -0.6448148148148154 0.12600899 1.4407407407407409 0.119068116 -3.373 -0.428 0.029 0.026 1.064 5012.8 2.7965 15.499652 2.534523 16.889555 14.355032 -58.89 3.34 2523.35376 2910.37891 11887.37286 4.5303 2396.6 7.9656 14360.0 10.365 "" "" 0.002786216082862642 0.0045615295 0.0038597775 0.008421307
340.09638899897 58.93853072252 0.0195 0.0207 8.5922 "" "" 2008379866431293952 2569.08252 0.359 0.0242 27.219285135831015 2.235220228943736 -1.5778148148148152 0.12300899 -1.5832592592592591 0.119068116 -4.306 -3.452 0.026 0.026 0.987 6084.0 3.2936 15.514714 2.137829 16.61511 14.477282 "" "" 2422.87134 2757.25098 11723.60366 4.3094 3085.8 9.0522 12831.0 12.096 "" "" 0.0027840741636844476 0.004234304 0.0039155288 0.0081498325
340.07002419209 58.89042465642 0.0202 0.0214 9.6613 "" "" 2008379557193414016 2501.65039 0.3726 0.0249 43.4747282801707 3.666333089577533 2.6441851851851847 0.12400899 2.539740740740741 0.119068116 -0.084 0.671 0.027 0.026 1.003 5226.6 3.145 15.526055 2.109534 16.606846 14.497312 "" "" 2357.08521 2673.80786 11601.77709 4.0247 3109.4 10.723 12596.0 11.41 "" "" 0.0027809443684697088 0.0046695187 0.0039052544 0.008574773
340.08972267079 59.06978560505 0.023 0.0224 8.3722 "" "" 2008391033346185856 2187.87646 0.4356 0.0269 45.283715743622615 4.366574942805694 3.703185185185185 0.12600899 2.313740740740741 0.122068115 0.975 0.445 0.029 0.029 1.1 "" "" 15.528501 1.724112 16.347023 14.622911 "" "" 2049.56567 2322.68335 11575.68474 4.7646 3950.1 12.726 11220.0 14.604 "" "" 0.002791326421415347 0.0044744154 0.0040349546 0.00850937
339.36972759787 59.07696507828 0.0228 0.0221 15.444 "" "" 2008423331501016832 2001.03442 0.4766 0.0266 37.372105962269934 3.940167376312936 -2.621814814814815 0.12700899 -2.941259259259259 0.119068116 -5.35 -4.81 0.03 0.026 0.971 6816.7 3.1995 15.532382 2.161187 16.650928 14.489741 "" "" 1921.17639 2090.16064 11534.37019 4.5486 2985.7 7.9839 12684.0 10.202 "" "" 0.002788388807825634 0.0040266924 0.0038789618 0.007905655
