Clusters/Berkeley_97/Berkeley_97_stars_in_region.tsv
# %ECSV 1.0
# ---
# datatype:
# - name: RA_ICRS_1
#   unit: deg
#   datatype: float64
#   format: '{:15.11f}'
#   description: Right ascension (ICRS) at Ep=2016.0 (ra)
#   meta: !!omap
#   - {ucd: POS_EQ_RA_MAIN}
#   - {width: 15}
#   - {precision: '11'}
# - name: DE_ICRS_1
#   unit: deg
#   datatype: float64
#   format: '{:15.11f}'
#   description: Declination (ICRS) at Ep=2016.0 (dec)
#   meta: !!omap
#   - {ucd: POS_EQ_DEC_MAIN}
#   - {width: 15}
#   - {precision: '11'}
# - name: e_RA_ICRS
#   unit: mas
#   datatype: float64
#   format: '{:7.4f}'
#   description: Standard error of right ascension (ra_error)
#   meta: !!omap
#   - {ucd: ERROR}
#   - {width: 7}
#   - {precision: '4'}
# - name: e_DE_ICRS
#   unit: mas
#   datatype: float64
#   format: '{:7.4f}'
#   description: Standard error of declination (dec_error)
#   meta: !!omap
#   - {ucd: ERROR}
#   - {width: 7}
#   - {precision: '4'}
# - name: _r_1
#   unit: ''
#   datatype: float64
#   format: '{:7.4f}'
#   description: Distance from center (339.84991355000+59.00460428000)[ICRS], at Epoch=J2016.0
#   meta: !!omap
#   - {ucd: POS_ANG_DIST_GENERAL}
#   - {width: 7}
#   - {precision: '4'}
# - name: HIP
#   datatype: int32
#   description: '? HIP cross-id number, van Leeuwen, Cat. I/311 (hip_original_ext_source_id)'
#   meta: !!omap
#   - {ucd: ID_NUMBER}
#   - {width: 6}
#   - values: {'null': -2147483648}
# - name: TYC2
#   datatype: string
#   description: Tycho-2 cross-id name, Hog et al., Cat. I/259 (tyc2_original_ext_source_id)
#   meta: !!omap
#   - {ucd: ID_CROSSID}
#   - {_votable_string_dtype: char}
# - name: Source
#   datatype: int64
#   description: Source identifier, identical to the Gaia-EDR3 source_id (id)
#   meta: !!omap
#   - {ucd: ID_MAIN}
#   - {width: 19}
# - name: rgeo
#   unit: pc
#   datatype: float64
#   format: '{:15.8f}'
#   description: '? Median of the geometric distance posterior (r_med_geo)'
#   meta: !!omap
#   - {ucd: PHYS_DISTANCE_TRUE}
#   - {width: 15}
#   - {precision: '8'}
#   - values: {'null': .nan}
# - name: Plx
#   unit: mas
#   datatype: float64
#   format: '{:9.4f}'
#   description: '? Parallax (parallax)'
#   meta: !!omap
#   - {ucd: POS_PARLX_TRIG}
#   - {width: 9}
#   - {precision: '4'}
#   - values: {'null': .nan}
# - name: e_Plx
#   unit: mas
#   datatype: float32
#   format: '{:7.4f}'
#   description: '? Standard error of parallax (parallax_error)'
#   meta: !!omap
#   - {ucd: ERROR}
#   - {width: 7}
#   - {precision: '4'}
#   - values: {'null': .nan}
# - name: pmRA
#   unit: mas / yr
#   datatype: float64
#   format: '{:9.3f}'
#   description: '? Proper motion in right ascension direction, pmRA*cosDE (pmra)'
#   meta: !!omap
#   - {ucd: POS_EQ_PMRA}
#   - {width: 9}
#   - {precision: '3'}
#   - values: {'null': .nan}
# - name: pmDE
#   unit: mas / yr
#   datatype: float64
#   format: '{:9.3f}'
#   description: '? Proper motion in declination direction (pmdec)'
#   meta: !!omap
#   - {ucd: POS_EQ_PMDEC}
#   - {width: 9}
#   - {precision: '3'}
#   - values: {'null': .nan}
# - name: e_pmRA
#   unit: mas / yr
#   datatype: float32
#   format: '{:6.3f}'
#   description: '? Standard error of proper motion in right ascension direction (pmra_error)'
#   meta: !!omap
#   - {ucd: ERROR}
#   - {width: 6}
#   - {precision: '3'}
#   - values: {'null': .nan}
# - name: e_pmDE
[...]
#         unit: &id001 !astropy.units.Unit {unit: deg}
#         value: !astropy.table.SerializedColumn {name: SkyCoord.dec}
#       distance: !astropy.table.SerializedColumn
#         __class__: astropy.coordinates.distances.Distance
#         unit: !astropy.units.Unit {unit: pc}
#         value: !astropy.table.SerializedColumn {name: SkyCoord.distance}
#       frame: icrs
#       obstime: !astropy.time.Time {format: jyear_str, in_subfmt: '*', jd1: 367701545.0, jd2: 0.0, out_subfmt: '*', precision: 3, scale: tt}
#       pm_dec: !astropy.table.SerializedColumn
#         __class__: astropy.units.quantity.Quantity
#         unit: !astropy.units.Unit {unit: mas / yr}
#         value: !astropy.table.SerializedColumn {name: SkyCoord.pm_dec}
#       pm_ra_cosdec: !astropy.table.SerializedColumn
#         __class__: astropy.units.quantity.Quantity
#         unit: !astropy.units.Unit {unit: mas / yr}
#         value: !astropy.table.SerializedColumn {name: SkyCoord.pm_ra_cosdec}
#       ra: !astropy.table.SerializedColumn
#         __class__: astropy.coordinates.angles.core.Longitude
#         unit: *id001
#         value: !astropy.table.SerializedColumn {name: SkyCoord.ra}
#         wrap_angle: !astropy.coordinates.Angle
#           unit: *id001
#           value: 360.0
#       representation_type: spherical
# schema: astropy-2.0
RA_ICRS_1 DE_ICRS_1 e_RA_ICRS e_DE_ICRS _r_1 HIP TYC2 Source rgeo Plx e_Plx pmRA pmDE e_pmRA e_pmDE RUWE Teff logg Gmag BP-RP BPmag RPmag RV e_RV b_rgeo B_rgeo FG e_FG FBP e_FBP FRP e_FRP RAVE5 RAVE6 e_Gmag e_BPmag e_RPmag e_BP-RP SkyCoord.ra SkyCoord.dec SkyCoord.distance SkyCoord.pm_ra_cosdec SkyCoord.pm_dec
[from data line 326]
339.51801684779 59.08384953279 0.039 0.0347 11.2929 "" "" 2008411820988690560 2828.72046 0.3402 0.044 -2.966 -2.393 0.049 0.045 0.926 9209.2 3.7592 16.620617 1.467483 17.279482 15.811998 "" "" 2523.93433 3468.42188 4233.50328 2.4005 1673.5 7.8979 3752.8 7.2704 "" "" 0.0028232606612712315 0.005834429 0.0043252893 0.010159718 339.51801684779 59.08384953279 2828.72046 -2.966 -2.393
340.08189964914 58.7764940383 0.0379 0.0394 15.461 "" "" 2008365946432070400 2818.77197 0.3245 0.0479 -3.33 -2.533 0.054 0.047 0.99 4883.4 3.4917 16.62253 2.430705 17.939137 15.508431 "" "" 2524.86963 3190.79248 4226.05352 2.5268 911.51 6.522 4963.5 7.0685 "" "" 0.002830762163146876 0.00825448 0.0040834346 0.012337914 340.08189964914 58.7764940383 2818.77197 -3.33 -2.5329999999999995
339.5126420005 59.08947931532 0.037 0.0349 11.5872 "" "" 2008411820988685568 2099.80103 0.4686 0.0427 2.676 0.518 0.046 0.044 0.95 7485.4 4.1208 16.639658 1.737151 17.473753 15.736602 "" "" 1922.68213 2291.61499 4159.90867 2.215 1399.3 6.8069 4022.7 7.8256 "" "" 0.0028153163846656253 0.0059732744 0.0043295375 0.010302812 339.5126420005 59.08947931532 2099.80103 2.676 0.5179999999999999
339.65476702852 59.18588634575 0.0378 0.0352 12.4287 "" "" 2008447761275576448 2473.95239 0.3892 0.0432 -4.306 -1.792 0.046 0.046 0.979 8023.1 4.2651 16.641346 1.508922 17.340462 15.83154 "" "" 2247.98315 2721.3999 4153.44612 2.4107 1582.1 6.6761 3685.9 8.4181 "" "" 0.0028264652437087565 0.0053643007 0.004520234 0.009884534 339.65476702852 59.18588634575 2473.95239 -4.306 -1.7919999999999998
340.26791043929 59.00219324088 0.0356 0.0378 12.9166 "" "" 2008386356117755008 2295.94531 0.4196 0.044 -0.52 -1.674 0.044 0.047 1.019 9262.2 4.2959 16.652874 1.644866 17.428013 15.783147 "" "" 2097.81543 2540.52319 4109.57824 2.217 1459.5 6.9407 3853.9 11.075 "" "" 0.0028168886332777436 0.0058689215 0.004900889 0.0107698105 340.26791043929 59.00219324088 2295.94531 -0.5200000000000001 -1.674
339.69736659157 58.80214360277 0.2757 0.2682 13.035 "" "" 2008354642078293888 2188.12354 0.661 0.3278 1.426 0.019 0.366 0.339 7.971 "" "" 16.654049 1.573939 17.166086 15.592147 "" "" 1335.95642 4094.70776 4105.1334 10.381 1857.7 9.389 4595.1 12.975 "" "" 0.0038897392941525657 0.006156038 0.004866472 0.01102251 339.69736659157 58.80214360277 2188.12354 1.4260000000000002 0.019000000000000107
339.980327978 59.20782884392 0.0387 0.0364 12.8383 "" "" 2008436830574473088 2091.42114 0.4602 0.0447 -0.891 -1.334 0.048 0.046 1.018 "" "" 16.65463 1.596826 17.40451 15.807685 "" "" 1893.39392 2328.54028 4102.93353 2.2481 1491.5 9.1844 3767.8 10.001 "" "" 0.002818811426421326 0.0072446293 0.0047528003 0.01199743 339.980327978 59.20782884392 2091.42114 -0.8910000000000002 -1.334
340.2115329836 59.18766485539 0.0385 0.0354 15.6467 "" "" 2008438892158667392 2601.00293 0.364 0.0447 -3.185 -2.003 0.047 0.044 0.934 8946.9 4.3852 16.657915 1.491979 17.333899 15.84192 "" "" 2360.65698 2931.06299 4090.53827 2.4434 1591.7 7.965 3650.8 10.336 "" "" 0.002830617719364618 0.0061076824 0.004871606 0.010979288 340.2115329836 59.18766485539 2601.00293 -3.185 -2.003
339.97051804646 59.2612868925 0.0375 0.0371 15.8421 "" "" 2008443809905707520 2322.229 0.4086 0.0439 -0.213 -1.856 0.048 0.048 1.022 "" "" 16.662973 1.531012 17.368687 15.837675 "" "" 2141.15649 2532.01001 4071.52739 2.2711 1541.5 8.0838 3665.1 8.876 "" "" 0.0028210937743760847 0.0063406257 0.004604068 0.010944694 339.97051804646 59.2612868925 2322.229 -0.2129999999999999 -1.856
339.52180315756 59.11879578039 0.0382 0.0369 12.2221 "" "" 2008447108440336384 2060.70605 0.4643 0.0442 -5.738 -5.167 0.047 0.047 1.006 8373.3 4.4138 16.676573 1.622811 17.442434 15.819623 "" "" 1892.37354 2229.32129 4020.84931 2.1757 1440.3 6.0799 3726.6 7.7971 "" "" 0.002817257863805253 0.0053656935 0.004409557 0.009775251 339.52180315756 59.11879578039 2060.70605 -5.738000000000001 -5.167
339.62207992892 59.18852409312 0.0387 0.0366 13.0793 "" "" 2008447933074258432 2661.5686 0.3514 0.0447 -1.208 -2.143 0.049 0.048 1.019 "" "" 16.680977 1.572515 17.388672 15.816156 "" "" 2408.71851 3097.51294 4004.56826 2.3562 1513.4 6.0049 3738.5 10.354 "" "" 0.0028284067300174414 0.0051326375 0.004829684 0.009962321 339.62207992892 59.18852409312 2661.5686 -1.2079999999999997 -2.143
339.66251859664 58.80476352288 0.036 0.0354 13.3226 "" "" 2008354680742331904 2217.2605 0.4441 0.0435 -0.655 -1.966 0.049 0.044 1.023 "" "" 16.681131 1.62498 17.445032 15.820052 "" "" 1999.84741 2501.39429 4004.00342 2.0476 1436.8 9.0713 3725.1 8.8587 "" "" 0.0028107067934713555 0.00740094 0.0045771664 0.011978107 339.66251859664 58.80476352288 2217.2605 -0.6549999999999998 -1.9659999999999997
339.80229301633 59.25020058201 0.0402 0.0366 14.8085 "" "" 2008449474958375296 2488.42065 0.3958 0.0449 -1.172 -0.217 0.05 0.048 1.011 9107.0 4.458 16.683638 1.526255 17.387884 15.861629 "" "" 2200.76782 2838.84009 3994.76995 2.4172 1514.5 8.6186 3585.1 8.5373 "" "" 0.002832560361087078 0.006779413 0.0045791385 0.011358552 339.80229301633 59.25020058201 2488.42065 -1.1720000000000002 -0.21700000000000008
340.22632734649 58.84394114346 0.0364 0.0388 15.1269 "" "" 2008372406063171584 2439.65503 0.3961 0.0455 -0.827 -3.329 0.051 0.049 1.041 7103.5 4.3235 16.685827 1.478975 17.363247 15.884272 "" "" 2177.0376 2791.48413 3986.71806 2.1171 1549.2 7.116 3511.2 9.8544 "" "" 0.0028149990234154353 0.0057146084 0.0048547983 0.010569407 340.22632734649 58.84394114346 2439.65503 -0.8269999999999998 -3.3289999999999997
339.83774510356 59.0073651907 0.0443 0.0445 0.4108 "" "" 2008383302396650240 2920.82642 0.3306 0.0523 -2.531 -1.924 0.055 0.055 1.055 "" "" 16.686316 "" "" "" "" "" 2580.84058 3549.01392 3984.92877 2.7441 "" "" "" "" "" "" 0.002854957739668909 "" "" "" 339.83774510356 59.0073651907 2920.82642 -2.5310000000000006 -1.9240000000000004
339.34460394241 58.97550246822 0.0443 0.0402 15.717 "" "" 2008410824556292352 2090.1709 0.4586 0.0536 0.491 1.065 0.058 0.049 1.045 7946.6 4.1783 16.686329 2.062241 17.742393 15.680153 "" "" 1856.64246 2306.98096 3984.88159 2.5622 1092.6 6.7229 4237.4 7.9605 "" "" 0.0028423832624562394 0.0072399136 0.004294657 0.011534571 339.34460394241 58.97550246822 2090.1709 0.4910000000000001 1.065
339.98945429478 58.81103535578 0.0395 0.0418 12.3928 "" "" 2008367114663338496 2683.14917 0.3553 0.0499 0.025 -0.999 0.057 0.05 1.101 6732.4 4.1819 16.687757 1.751582 17.534 15.782418 "" "" 2414.5332 3044.19116 3979.64221 2.123 1323.8 9.9887 3856.5 8.6481 "" "" 0.0028155398500635804 0.0086545 0.004495738 0.013150238 339.98945429478 58.81103535578 2683.14917 0.025000000000000078 -0.999
340.08684394231 58.87353348627 0.035 0.0408 10.7537 "" "" 2008367737443425024 2525.41748 0.3864 0.0443 -5.005 -2.676 0.045 0.049 1.016 6463.9 4.0554 16.691687 1.585084 17.423561 15.838477 "" "" 2299.11157 2837.67261 3965.26687 2.129 1465.5 7.9203 3662.4 11.886 "" "" 0.002816312164516362 0.006497452 0.005167197 0.0116646495 340.08684394231 58.87353348627 2525.41748 -5.005 -2.676
339.62695995031 59.2126873755 0.0383 0.0363 14.2494 "" "" 2008448036153459328 2310.17383 0.4189 0.0442 -4.427 -2.712 0.048 0.048 1.036 6954.2 4.1167 16.693115 1.707325 17.50787 15.800545 "" "" 2116.0708 2531.06079 3960.0518 2.0354 1356.0 8.704 3792.6 9.3897 "" "" 0.0028112647182204514 0.0075069917 0.004637822 0.012144813 339.62695995031 59.2126873755 2310.17383 -4.427 -2.7119999999999997
339.73211452409 58.75392441285 0.0395 0.0379 15.478 "" "" 2008353546870995712 2937.98511 0.3179 0.0473 -2.247 -2.056 0.056 0.045 1.065 8284.7 4.4387 16.694159 1.61192 17.447588 15.835668 "" "" 2625.81274 3306.44458 3956.24524 2.279 1433.4 7.4237 3671.9 8.6696 "" "" 0.002825413981143105 0.006277302 0.0045667533 0.010844056 339.73211452409 58.75392441285 2937.98511 -2.247 -2.056
340.10024324345 58.91194638653 0.0346 0.0371 9.5339 "" "" 2008379587248846592 2349.78345 0.4104 0.0428 -5.837 -3.992 0.046 0.049 0.955 8245.1 4.4402 16.694963 1.556049 17.41116 15.85511 "" "" 2099.07202 2653.30005 3953.31103 2.0445 1482.4 11.045 3606.7 13.421 "" "" 0.002811951748480064 0.008557216 0.005532329 0.014089545 340.10024324345 58.91194638653 2349.78345 -5.836999999999999 -3.992
339.86590073968 59.01069960562 0.0387 0.0372 0.6146 "" "" 2008384779873564160 2957.05151 0.3227 0.0474 0.594 0.211 0.046 0.044 1.074 7807.8 4.2979 16.695457 1.793933 17.571976 15.778043 "" "" 2557.86914 3448.42041 3951.51579 2.2569 1278.3 8.8326 3872.1 6.8693 "" "" 0.002824240286527801 0.008004112 0.004241908 0.01224602 339.86590073968 59.01069960562 2957.05151 0.5939999999999999 0.21100000000000002
339.39415988408 59.03291678036 0.0408 0.0388 14.1783 "" "" 2008411236873135232 2532.99146 0.3769 0.0477 -5.029 -2.873 0.051 0.046 0.963 7890.3 4.2597 16.695637 1.819533 17.572432 15.752898 "" "" 2245.01172 2943.03369 3950.86468 2.3537 1277.7 7.5374 3962.8 7.0049 "" "" 0.002830223515781009 0.0069863196 0.004238764 0.011225084 339.39415988408 59.03291678036 2532.99146 -5.029 -2.8729999999999998
339.62273705433 59.24096439601 0.0402 0.041 15.813 "" "" 2008448860787157760 2730.3208 0.3356 0.048 -3.588 -0.934 0.051 0.057 1.079 "" "" 16.69591 1.862971 17.611746 15.748775 "" "" 2434.82983 3129.38721 3949.86873 2.1675 1232.3 5.9275 3977.9 7.0333 "" "" 0.0028190011494488164 0.005921121 0.0042389752 0.010160096 339.62273705433 59.24096439601 2730.3208 -3.588 -0.9339999999999999
340.09567434283 59.14448115816 0.0419 0.0376 11.3077 "" "" 2008438415426942976 2756.02515 0.3463 0.0479 -7.196 -3.761 0.053 0.048 1.03 7984.8 4.0087 16.697695 2.025511 17.717957 15.692446 "" "" 2434.23901 3159.78271 3943.38005 2.6773 1117.5 10.266 4189.7 9.0211 "" "" 0.0028522222133013425 0.010357108 0.00444397 0.014801078 340.09567434283 59.14448115816 2756.02515 -7.196000000000001 -3.7610000000000006
339.55292562509 59.14032037897 0.0399 0.0367 12.2549 "" "" 2008447211519550336 2391.38477 0.3979 0.0454 -0.624 -1.871 0.05 0.047 0.973 6505.9 4.1479 16.698244 1.708771 17.46172 15.752949 "" "" 2142.65381 2706.32935 3941.38388 2.5618 1414.9 20.117 3962.6 22.609 "" "" 0.0028442579712322142 0.01568709 0.0072566476 0.022943737 339.55292562509 59.14032037897 2391.38477 -0.6240000000000002 -1.871
339.76074147853 59.05762009024 0.0409 0.0387 4.2069 "" "" 2008431371680190976 2076.63623 0.4674 0.0476 -2.754 -1.93 0.05 0.047 1.04 "" "" 16.702896 1.407728 17.337372 15.929644 "" "" 1869.90869 2316.75854 3924.53433 2.2622 1586.6 6.9151 3367.4 7.497 "" "" 0.0028255038641985812 0.005493447 0.0044862796 0.009979727 339.76074147853 59.05762009024 2076.63623 -2.7540000000000004 -1.9300000000000002
339.81286581629 58.81626273928 0.0401 0.042 11.3586 "" "" 2008378011005169408 2959.02881 0.328 0.05 -1.33 -0.962 0.054 0.049 1.142 9663.1 4.3449 16.702953 1.51736 17.337866 15.820506 "" "" 2554.52026 3445.2605 3924.32726 2.3065 1585.9 12.406 3723.5 28.201 "" "" 0.00282825133060576 0.008939936 0.009050065 0.01799 339.81286581629 58.81626273928 2959.02881 -1.33 -0.962
339.44413240778 59.04605820238 0.042 0.038 12.7748 "" "" 2008411649190001536 2637.21069 0.357 0.0481 -0.443 -1.905 0.053 0.048 1.036 7182.2 4.3256 16.707407 1.836987 17.599152 15.762165 "" "" 2360.59546 3090.7627 3908.26691 2.3445 1246.7 9.3093 3929.1 9.8082 "" "" 0.002831253987423996 0.008574049 0.004650759 0.0132248085 339.44413240778 59.04605820238 2637.21069 -0.44300000000000006 -1.9050000000000002
340.26118284844 58.89634196016 0.0368 0.039 14.2892 "" "" 2008372822684983680 2147.16162 0.4524 0.0443 -4.126 -3.984 0.048 0.05 1.063 7226.0 4.3371 16.711964 1.567054 17.44104 15.873986 "" "" 1985.59253 2312.73169 3891.8985 1.8945 1442.1 9.3734 3544.6 6.9867 "" "" 0.002805551218026607 0.007588654 0.0043432307 0.011931885 340.26118284844 58.89634196016 2147.16162 -4.1259999999999994 -3.983999999999999
340.17457139424 58.8473073197 0.2747 0.2882 13.7898 "" "" 2008366775371035264 2668.73389 0.6263 0.3351 -0.814 -1.92 0.373 0.375 7.255 4838.1 4.355 16.714678 1.770992 17.467257 15.696264 "" "" 1501.59387 4731.42627 3882.18044 13.728 1407.7 6.963 4175.0 10.335 "" "" 0.004725703244125198 0.0060520056 0.0046376046 0.010689611 340.17457139424 58.8473073197 2668.73389 -0.8139999999999998 -1.9199999999999995
340.00793828535 59.18699779445 0.0407 0.0386 11.9782 "" "" 2008433811221900416 2883.91113 0.334 0.0478 -3.59 -2.667 0.051 0.049 0.955 "" "" 16.716326 1.771534 17.56681 15.795277 "" "" 2521.57788 3342.21826 3876.29132 2.1685 1284.4 9.4133 3811.1 10.475 "" "" 0.002821473275266464 0.008432303 0.004815514 0.013247817 340.00793828535 59.18699779445 2883.91113 -3.59 -2.667
339.42356675549 59.05578007436 0.0439 0.0396 13.5169 "" "" 2008411717909468032 2016.45642 0.493 0.0497 -6.076 -5.416 0.054 0.048 1.045 6583.9 3.9717 16.731123 1.97479 17.724707 15.749917 "" "" 1811.49182 2252.36108 3823.81984 2.399 1110.5 6.1588 3973.7 7.7856 "" "" 0.0028382715538068882 0.006636493 0.0043369317 0.010973425 339.42356675549 59.05578007436 2016.45642 -6.076 -5.416
340.17565129861 59.04207656557 0.0396 0.0358 10.3074 "" "" 2008390071273551104 2439.10645 0.3894 0.046 -2.851 -2.154 0.051 0.045 0.982 9523.8 4.3634 16.738201 1.534222 17.440638 15.906416 "" "" 2221.99316 2766.4541 3798.97107 2.1173 1442.7 7.676 3440.3 8.1258 "" "" 0.0028209853467462596 0.0064152824 0.004567289 0.010982571 340.17565129861 59.04207656557 2439.10645 -2.851 -2.1540000000000004
340.15811655185 59.1676110767 0.0423 0.038 13.635 "" "" 2008438484146370688 2023.50769 0.4849 0.0485 -0.392 0.902 0.053 0.048 1.063 "" "" 16.746529 1.712679 17.553934 15.841255 "" "" 1786.31519 2266.56128 3769.94414 2.3885 1299.7 8.0126 3653.1 7.9438 "" "" 0.0028398895292580505 0.0072517777 0.004456223 0.011708001 340.15811655185 59.1676110767 2023.50769 -0.392 0.902
339.50087862543 58.92498471091 0.0416 0.0398 11.8066 "" "" 2008406598308521344 2124.77124 0.4546 0.0499 -0.498 -3.627 0.051 0.049 1.046 "" "" 16.74756 1.773982 17.606607 15.832625 "" "" 1914.40149 2434.30249 3766.36951 2.1502 1238.2 7.5986 3682.2 11.279 "" "" 0.0028241798950428493 0.007223577 0.005034306 0.012257883 339.50087862543 58.92498471091 2124.77124 -0.4980000000000001 -3.6269999999999993
339.82770293933 58.74116299501 0.0405 0.0395 15.8215 "" "" 2008365057384212992 2182.66821 0.4444 0.0498 -3.884 -2.45 0.059 0.047 1.041 "" "" 16.747889 1.544933 17.44903 15.904097 "" "" 1978.19812 2399.83472 3765.23084 2.331 1431.5 11.896 3447.6 12.285 "" "" 0.0028361229368761083 0.009444214 0.005408491 0.014852705 339.82770293933 58.74116299501 2182.66821 -3.884 -2.45
339.81261718771 59.13905384016 0.0406 0.036 8.1486 "" "" 2008436216403562368 2532.27905 0.3796 0.0452 -4.469 -3.97 0.05 0.045 0.935 8510.1 4.4234 16.751637 1.615275 17.510908 15.895633 "" "" 2268.99927 2909.39648 3752.25356 2.0522 1352.2 6.3046 3474.6 7.8947 "" "" 0.0028185823923415703 0.005780234 0.0045132497 0.010293484 339.81261718771 59.13905384016 2532.27905 -4.468999999999999 -3.9700000000000006
340.29660540392 59.04821705232 0.039 0.0387 14.0392 "" "" 2008387219415293696 2924.49365 0.3124 0.0471 -2.983 -1.859 0.047 0.049 1.042 9297.0 3.7815 16.7523 1.441997 17.396248 15.954251 "" "" 2587.59424 3333.73242 3749.96196 1.9839 1502.9 7.0837 3292.0 10.26 "" "" 0.0028145566237748813 0.0058286735 0.0050728894 0.010901563 340.29660540392 59.04821705232 2924.49365 -2.983 -1.859
339.73922233573 58.76681135346 0.0418 0.04 14.6745 "" "" 2008353615590469248 2063.65137 0.4715 0.0486 -2.374 -2.197 0.061 0.05 1.042 8073.2 4.4022 16.764994 1.723921 17.582373 15.858452 "" "" 1889.13708 2291.61084 3706.37355 2.3592 1266.1 6.2844 3595.7 8.0758 "" "" 0.002840670062948227 0.0060686045 0.0044977893 0.010566394 339.73922233573 58.76681135346 2063.65137 -2.3740000000000006 -2.197
