Clusters/Berkeley_97/Berkeley_97_fs.tsv
# %ECSV 1.0
# ---
# datatype:
# - name: RA_ICRS_1
#   unit: deg
#   datatype: float64
#   format: '{:15.11f}'
#   description: Right ascension (ICRS) at Ep=2016.0 (ra)
#   meta: !!omap
#   - {ucd: POS_EQ_RA_MAIN}
#   - {width: 15}
#   - {precision: '11'}
# - name: DE_ICRS_1
#   unit: deg
#   datatype: float64
#   format: '{:15.11f}'
#   description: Declination (ICRS) at Ep=2016.0 (dec)
#   meta: !!omap
#   - {ucd: POS_EQ_DEC_MAIN}
#   - {width: 15}
#   - {precision: '11'}
# - name: e_RA_ICRS
#   unit: mas
#   datatype: float64
#   format: '{:7.4f}'
#   description: Standard error of right ascension (ra_error)
#   meta: !!omap
#   - {ucd: ERROR}
#   - {width: 7}
#   - {precision: '4'}
# - name: e_DE_ICRS
#   unit: mas
#   datatype: float64
#   format: '{:7.4f}'
#   description: Standard error of declination (dec_error)
#   meta: !!omap
#   - {ucd: ERROR}
#   - {width: 7}
#   - {precision: '4'}
# - name: _r_1
#   unit: ''
#   datatype: float64
#   format: '{:7.4f}'
#   description: Distance from center (339.84991355000+59.00460428000)[ICRS], at Epoch=J2016.0
#   meta: !!omap
#   - {ucd: POS_ANG_DIST_GENERAL}
#   - {width: 7}
#   - {precision: '4'}
# - name: HIP
#   datatype: int32
#   description: '? HIP cross-id number, van Leeuwen, Cat. I/311 (hip_original_ext_source_id)'
#   meta: !!omap
#   - {ucd: ID_NUMBER}
#   - {width: 6}
#   - values: {'null': -2147483648}
# - name: TYC2
#   datatype: string
#   description: Tycho-2 cross-id name, Hog et al., Cat. I/259 (tyc2_original_ext_source_id)
#   meta: !!omap
#   - {ucd: ID_CROSSID}
#   - {_votable_string_dtype: char}
# - name: Source
#   datatype: int64
#   description: Source identifier, identical to the Gaia-EDR3 source_id (id)
#   meta: !!omap
#   - {ucd: ID_MAIN}
#   - {width: 19}
# - name: rgeo
#   unit: pc
#   datatype: float64
#   format: '{:15.8f}'
#   description: '? Median of the geometric distance posterior (r_med_geo)'
#   meta: !!omap
#   - {ucd: PHYS_DISTANCE_TRUE}
#   - {width: 15}
#   - {precision: '8'}
#   - values: {'null': .nan}
# - name: Plx
#   unit: mas
#   datatype: float64
#   format: '{:9.4f}'
#   description: '? Parallax (parallax)'
#   meta: !!omap
#   - {ucd: POS_PARLX_TRIG}
#   - {width: 9}
#   - {precision: '4'}
#   - values: {'null': .nan}
# - name: e_Plx
#   unit: mas
#   datatype: float32
#   format: '{:7.4f}'
#   description: '? Standard error of parallax (parallax_error)'
#   meta: !!omap
#   - {ucd: ERROR}
#   - {width: 7}
#   - {precision: '4'}
#   - values: {'null': .nan}
# - name: v_pec
#   unit: km / s
#   datatype: float64
#   format: '{:9.3f}'
#   description: '? Proper motion in right ascension direction, pmRA*cosDE (pmra)'
#   meta: !!omap
#   - {ucd: POS_EQ_PMRA}
#   - {width: 9}
#   - {precision: '3'}
#   - values: {'null': .nan}
# - name: "\xB5_pec"
#   unit: mas / yr
#   datatype: float64
#   format: '{:9.3f}'
#   description: '? Proper motion in right ascension direction, pmRA*cosDE (pmra)'
#   meta: !!omap
#   - {ucd: POS_EQ_PMRA}
#   - {width: 9}
#   - {precision: '3'}
#   - values: {'null': .nan}
# - name: rmRA
#   unit: mas / yr
#   datatype: float64
#   format: '{:9.3f}'
#   description: '? Proper motion in right ascension direction, pmRA*cosDE (pmra)'
#   meta: !!omap
#   - {ucd: POS_EQ_PMRA}
#   - {width: 9}
#   - {precision: '3'}
#   - values: {'null': .nan}
[...]
#   description: RAVE DR6 cross-id name, Steinmetz et al., Cat. III/283 (rave6_original_ext_source_id)
#   meta: !!omap
#   - {ucd: ID_CROSSID}
#   - {_votable_string_dtype: char}
# - name: e_Gmag
#   unit: ''
#   datatype: float64
#   format: '{:11.4g}'
#   description: '? Error on G-band mean flux (phot_g_mean_flux_error)'
#   meta: !!omap
#   - {ucd: ERROR}
#   - {width: 11}
#   - {precision: E4}
#   - values: {'null': .nan}
# - name: e_BPmag
#   unit: ''
#   datatype: float32
#   format: '{:11.4g}'
#   description: '? Error on the integrated BP mean flux (phot_bp_mean_flux_error)'
#   meta: !!omap
#   - {ucd: ERROR}
#   - {width: 11}
#   - {precision: E4}
#   - values: {'null': .nan}
# - name: e_RPmag
#   unit: ''
#   datatype: float32
#   format: '{:11.4g}'
#   description: '? Error on the integrated RP mean flux (phot_rp_mean_flux_error)'
#   meta: !!omap
#   - {ucd: ERROR}
#   - {width: 11}
#   - {precision: E4}
#   - values: {'null': .nan}
# - name: e_BP-RP
#   unit: ''
#   datatype: float32
#   format: '{:11.4g}'
#   description: '? Error on the integrated BP mean flux (phot_bp_mean_flux_error)'
#   meta: !!omap
#   - {ucd: ERROR}
#   - {width: 11}
#   - {precision: E4}
#   - values: {'null': .nan}
# meta: !!omap
# - {ID: I_352_gedr3dis}
# - {description: Estimating distances from parallaxes (1467744818 sources)}
# - {name: I/352/gedr3dis}
# schema: astropy-2.0
RA_ICRS_1 DE_ICRS_1 e_RA_ICRS e_DE_ICRS _r_1 HIP TYC2 Source rgeo Plx e_Plx v_pec µ_pec rmRA e_rmRA rmDE e_rmDE pmRA pmDE e_pmRA e_pmDE RUWE Teff logg Gmag BP-RP BPmag RPmag RV e_RV b_rgeo B_rgeo FG e_FG FBP e_FBP FRP e_FRP RAVE5 RAVE6 e_Gmag e_BPmag e_RPmag e_BP-RP
339.78276898862 59.07086926297 0.0265 0.0264 4.4837 "" "" 2008431406040225664 2606.06836 0.3659 0.0315 20.307084782859633 1.6439304385204694 -1.2228148148148152 0.13200898 1.0987407407407408 0.12706812 -3.951 -0.77 0.035 0.034 0.995 "" "" 11.117977 3.769605 13.508001 9.738397 -69.25 0.34 2369.06812 2884.74414 672598.26706 1163.0 53978.0 605.7 1008800.0 4435.7 "" "" 0.0033341088301941705 0.012498718 0.0060888994 0.018587617
340.11072199405 58.92710174793 0.0187 0.0209 9.3118 "" "" 2008379900791042048 2509.77856 0.3757 0.0235 45.545183737570184 3.828500532027015 -3.116814814814815 0.12200899 -2.223259259259259 0.12006812 -5.845 -4.092 0.025 0.027 1.039 3695.2 0.5505 11.359638 3.303004 13.357115 10.054111 -89.02 0.35 2353.26758 2706.65967 538383.27321 457.95 62026.0 346.31 754250.0 1542.5 "" "" 0.0029059759689880234 0.006673292 0.0043833745 0.011056666
339.74109632951 58.8360073633 0.0092 0.0096 10.6625 "" "" 2008378212857607680 2628.28149 0.3736 0.0111 19.077856759376505 1.5313672871573243 -1.499814814814815 0.10900899 -0.3092592592592591 0.10506812 -4.228 -2.178 0.012 0.012 0.984 "" "" 12.033627 2.239635 13.207543 10.967909 -43.07 0.24 2548.67554 2691.39307 289398.40372 52.27 71187.0 45.753 325080.0 80.88 "" "" 0.0027622898402268063 0.0028761085 0.0037890233 0.006665132
339.43148475774 58.95033027843 0.0375 0.038 13.3423 "" "" 2008409862483646080 2365.09619 0.4191 0.0452 29.787007956785274 2.6570500262978967 2.6531851851851846 0.14800899 -0.1432592592592592 0.13906811 -0.075 -2.012 0.051 0.046 1.027 "" "" 12.311062 4.622185 15.445667 10.823483 -33.77 0.33 2146.03052 2611.00269 224141.35144 321.28 9060.5 87.731 371330.0 1418.8 "" "" 0.003164455341686793 0.010876925 0.005611892 0.016488817
339.78212101782 58.86686000942 0.0101 0.0109 8.527 "" "" 2008381309540033024 2141.31763 0.4553 0.0126 33.41728601642509 3.2923935441646504 -2.4528148148148152 0.11100899 -2.19625925925926 0.10606812 -5.181 -4.065 0.014 0.013 0.958 4666.5 1.7444 12.509231 2.744433 14.062089 11.317656 -68.77 0.26 2091.26025 2198.20801 186747.30108 44.383 32403.0 38.835 235560.0 122.06 "" "" 0.002767376722072824 0.0030786868 0.003821026 0.0068997126
339.41403033977 58.99750133848 0.0125 0.0125 13.4761 "" "" 2008410201776259968 2186.04419 0.4479 0.0151 38.02008646861135 3.6692374863367117 -2.542814814814815 0.11400899 -2.6452592592592596 0.10906812 -5.271 -4.514 0.017 0.016 0.996 "" "" 12.627661 2.667293 14.122107 11.454813 -60.34 0.27 2125.72095 2255.96118 167448.92287 36.616 30660.0 41.422 207600.0 79.323 "" "" 0.002765530059648407 0.003152249 0.0038020825 0.0069543314
339.56494819769 58.99344914887 0.0102 0.0102 8.8317 "" "" 2008407491661705216 2915.46533 0.3094 0.0119 33.94260732459202 2.4561731355666456 -1.603814814814815 0.110008985 -1.8602592592592593 0.10606812 -4.332 -3.729 0.013 0.013 1.234 6899.3 2.8208 13.123951 1.392846 13.738716 12.34587 "" "" 2842.50513 3028.43872 106014.76839 30.591 43645.0 44.127 91371.0 21.253 "" "" 0.0027730745229384464 0.0029983416 0.0037878102 0.006786152
339.91038508587 58.88525715423 0.0083 0.0093 7.4014 "" "" 2008378625176070272 2198.47217 0.4177 0.0105 33.429765696092794 3.2079974816464025 -0.20781481481481512 0.10800899 -3.2012592592592597 0.104068115 -2.936 -5.07 0.011 0.011 0.97 "" "" 13.215298 2.382625 14.493308 12.110683 -24.02 0.39 2155.42188 2252.22729 97460.24032 25.167 21782.0 22.507 113470.0 42.073 "" "" 0.002769547898177594 0.0030072662 0.0038007621 0.0068080286
339.99450594962 59.24767717932 0.0088 0.0096 15.2487 "" "" 2008443049687284736 2183.85132 0.4321 0.0109 40.524392684460054 3.9148498137823733 -3.0888148148148153 0.10800899 -2.4052592592592594 0.10506812 -5.817 -4.274 0.011 0.012 1.071 "" "" 13.350976 1.233256 13.879968 12.646711 "" "" 2139.87354 2225.87646 86011.47093 11.99 38320.0 28.569 69259.0 27.428 "" "" 0.002759473993103221 0.0029052142 0.003803762 0.006708976
340.00181053411 58.88437204646 0.0092 0.0102 8.6108 "" "" 2008379351034972928 2270.54688 0.4017 0.0117 58.02731028656089 5.3916740021957335 -4.917814814814815 0.10900899 -2.210259259259259 0.10506812 -7.646 -4.079 0.012 0.012 1.122 "" "" 13.471821 2.428714 14.789395 12.360682 -114.35 11.35 2207.85205 2332.77197 76951.76384 284.82 16583.0 185.52 90133.0 940.52 "" "" 0.004872478022260329 0.0124628665 0.011943198 0.024406064
339.690635915 58.92971941004 0.0091 0.0096 6.6679 "" "" 2008382615210048384 2143.0188 0.4374 0.0111 31.09981916741695 3.0616358961784096 2.9791851851851847 0.10900899 0.7057407407407408 0.10506812 0.251 -1.163 0.012 0.012 1.091 "" "" 13.485981 1.343245 14.07475 12.731505 "" "" 2094.70679 2198.05469 75954.67093 14.677 32027.0 27.575 64055.0 31.936 "" "" 0.0027632961790668726 0.002942604 0.0038179513 0.0067605553
340.06569853831 58.79233148227 0.0104 0.0112 14.3855 "" "" 2008366225614969728 2094.7771 0.4455 0.0129 21.923253869660474 2.2079480648476477 -0.6718148148148151 0.11100899 -2.103259259259259 0.10606812 -3.4 -3.972 0.014 0.013 1.097 5010.5 2.6339 13.490066 2.020316 14.513527 12.493211 -41.96 1.09 2042.5343 2155.25903 75669.42895 17.426 21380.0 18.793 79776.0 24.274 "" "" 0.002766641849047616 0.0029488732 0.0037937933 0.0067426665
339.65637630707 59.23017774283 0.0161 0.017 14.7887 "" "" 2008448139232671872 2794.93457 0.3089 0.0195 32.347920454649966 2.4417229173705652 -2.3928148148148156 0.118008986 -0.48625925925925917 0.115068115 -5.121 -2.355 0.021 0.022 1.215 "" "" 13.552204 3.48761 15.69661 12.209001 -117.0 0.55 2653.71826 2997.34204 71460.36719 37.059 7190.7 16.564 103650.0 120.71 "" "" 0.0028122629896211258 0.0037470232 0.00398529 0.007732313
340.19244908908 59.2031971779 0.0102 0.0101 15.9169 "" "" 2008439171341125376 2066.55811 0.455 0.0122 59.56559857487691 6.08092359804106 -3.5678148148148154 0.110008985 -4.92425925925926 0.10606812 -6.296 -6.793 0.013 0.013 1.124 "" "" 13.614902 2.015206 14.630543 12.615336 -61.41 1.09 2018.1123 2114.04565 67450.6423 15.854 19196.0 17.947 71289.0 32.711 "" "" 0.0027671131817201297 0.002969084 0.0038120756 0.00678116
340.32554681214 59.08917588293 0.0106 0.0106 15.5304 "" "" 2008387631732136960 2824.42261 0.3265 0.0129 41.84354279089146 3.1255066477633062 2.722185185185185 0.110008985 1.5357407407407409 0.107068114 -0.006 -0.333 0.013 0.014 0.995 "" "" 13.642736 1.077882 14.088285 13.010404 "" "" 2732.43237 2929.26953 65743.41324 14.962 31630.0 32.934 49545.0 23.329 "" "" 0.002766377541553408 0.0030104937 0.0038138023 0.006824296
340.26711999681 59.0880083313 0.012 0.0124 13.8136 "" "" 2008390517950146944 2456.92603 0.3716 0.0148 23.679525945945013 2.033305243346416 0.7351851851851847 0.11200899 1.8957407407407407 0.10906812 -1.993 0.027 0.015 0.016 1.365 5674.9 2.5931 13.701063 2.148784 14.798989 12.650206 -16.35 1.12 2389.99341 2545.15503 62304.78745 17.927 16437.0 41.756 69036.0 84.667 "" "" 0.002772973660080252 0.0039233323 0.004007093 0.007930426
339.64939816045 59.12325593549 0.0103 0.0101 9.4305 "" "" 2008435632287730176 2390.60474 0.3837 0.0122 42.814800606381276 3.778398914986105 3.1331851851851846 0.110008985 2.111740740740741 0.10606812 0.405 0.243 0.013 0.013 0.995 "" "" 13.717872 1.927404 14.676832 12.749429 -28.94 1.49 2323.58545 2453.20532 61347.6716 13.939 18394.0 19.429 63007.0 25.028 "" "" 0.0027663418302895284 0.0030166644 0.00380391 0.0068205744
339.47499534246 59.16172498824 0.0103 0.0111 14.9149 "" "" 2008424740250271744 2042.80298 0.4548 0.0131 35.63307140849237 3.6800052120572024 3.536185185185185 0.110008985 1.018740740740741 0.10606812 0.808 -0.85 0.013 0.013 1.076 5223.8 2.7166 13.769039 2.110715 14.852409 12.741694 -39.15 1.1 1984.65771 2087.32056 58523.62129 15.449 15648.0 14.309 63457.0 24.425 "" "" 0.0027701869096512046 0.0029615469 0.0038024166 0.0067639635
339.78999731245 59.08720531977 0.0114 0.0111 5.2898 "" "" 2008431612198647680 2665.33862 0.3437 0.0132 24.944182787349348 1.9744154760027812 -1.9188148148148154 0.11200899 -0.46525925925925926 0.10606812 -4.647 -2.334 0.015 0.013 1.078 5178.0 2.5433 14.00316 2.061663 15.054283 12.99262 -81.01 1.31 2574.69727 2758.68506 47171.86504 11.186 12993.0 19.857 50363.0 20.572 "" "" 0.00276732307055413 0.0032462857 0.0038053142 0.0070516
339.88973676525 58.82690673594 0.0113 0.0116 10.733 "" "" 2008377598688320128 2264.1709 0.4049 0.0144 47.241971662530865 4.401903004891394 -3.3528148148148156 0.11200899 -2.8522592592592595 0.107068114 -6.081 -4.721 0.015 0.014 1.072 "" "" 14.040619 2.083749 15.104176 13.020427 -91.93 1.58 2198.05542 2327.70557 45572.11516 10.495 12409.0 13.66 49089.0 26.985 "" "" 0.0027666421618257994 0.0030353807 0.0038262191 0.0068616
339.73139927264 59.05465325991 0.012 0.0115 4.7337 "" "" 2008431474759403904 2057.91479 0.4533 0.0137 40.737024777966674 4.176222002315015 -3.3898148148148155 0.11300899 -2.4392592592592592 0.107068114 -6.118 -4.308 0.016 0.014 1.062 5400.2 2.9286 14.071098 2.123779 15.164422 13.040643 -59.63 1.84 2000.94861 2119.95264 44310.57222 10.363 11739.0 14.18 48184.0 26.814 "" "" 0.0027669959187996617 0.0030830326 0.0038273735 0.006910406
340.306399326 58.93942014433 0.0109 0.0112 14.6496 "" "" 2008374059635553280 2208.21069 0.4234 0.0129 40.00329890827615 3.821879214619236 -3.215814814814815 0.11100899 -2.0652592592592596 0.107068114 -5.944 -3.934 0.014 0.014 1.061 "" "" 14.072479 1.260874 14.615997 13.355123 "" "" 2134.34521 2264.9729 44254.27041 7.8587 19454.0 15.91 36067.0 19.053 "" "" 0.002762057825822435 0.0029280528 0.0038226556 0.0067507084
340.02358588428 58.88938886293 0.0143 0.0151 8.7567 "" "" 2008379351034975360 2485.86938 0.3764 0.0178 34.071399144025435 2.891567412582477 -1.9028148148148154 0.11600899 -2.1772592592592597 0.111068115 -4.631 -4.046 0.019 0.018 1.343 "" "" 14.124195 1.268047 14.674416 13.406368 "" "" 2336.51465 2632.52344 42195.74532 6.0179 18435.0 14.245 34404.0 26.236 "" "" 0.002759667870611883 0.0029135733 0.0038690122 0.0067825858
339.93963024714 58.99035608801 0.0118 0.0124 2.9015 "" "" 2008383817801137152 2751.07642 0.3299 0.0149 46.816251812053565 3.59017521361728 -3.3658148148148155 0.11200899 -1.249259259259259 0.108068116 -6.094 -3.118 0.015 0.015 1.025 "" "" 14.185446 2.151579 15.295627 13.144048 -56.08 2.23 2652.34058 2853.28003 39881.22918 10.713 10403.0 12.769 43807.0 25.516 "" "" 0.0027707130933267844 0.003092096 0.0038319263 0.006924022
340.23485293183 58.86808741907 0.0122 0.0128 14.4609 "" "" 2008372616526560384 2730.41162 0.3332 0.015 34.771127140532876 2.6866574906152976 -2.0728148148148153 0.11400899 -1.709259259259259 0.10906812 -4.801 -3.578 0.017 0.016 1.001 5027.0 2.4885 14.253956 2.055411 15.302332 13.246921 -79.8 1.57 2632.45825 2840.78955 37442.46398 8.5431 10339.0 14.326 39846.0 15.842 "" "" 0.002766434283756044 0.0031699124 0.0038039538 0.0069738664
339.77606245495 59.18244460555 0.1469 0.1449 10.9104 "" "" 2008437281555560192 2587.45874 0.5011 0.169 95.55533852373986 7.791178969266369 -6.603814814814816 0.29300898 -4.1342592592592595 0.2890681 -9.332 -6.003 0.196 0.196 14.916 7239.1 3.5437 14.267675 1.39345 14.854293 13.460843 -37.2 5.82 1826.47803 4430.71729 36972.30844 52.784 15621.0 16.695 32721.0 17.677 "" "" 0.0031614066958511535 0.003021844 0.0038246268 0.0068464708
339.82932796993 59.05766806717 0.013 0.013 3.2466 "" "" 2008432058875274496 2871.58228 0.3101 0.0157 25.56247892326071 1.8780336124939474 -1.3768148148148156 0.11400899 -1.277259259259259 0.10906812 -4.105 -3.146 0.017 0.016 1.007 "" "" 14.307821 2.386921 15.58683 13.199909 -86.26 1.8 2737.18652 3026.56201 35630.20225 11.555 7955.8 15.891 41610.0 25.089 "" "" 0.0027777273987107257 0.003533856 0.003835661 0.0073695173
339.98055814086 59.25345770232 0.0141 0.0136 15.4634 "" "" 2008443053991472896 2876.9502 0.3214 0.0166 32.46447267563037 2.3806616007035677 -1.3948148148148154 0.11500899 -1.9292592592592592 0.11006811 -4.123 -3.798 0.018 0.017 1.118 5763.3 2.818 14.314516 2.042184 15.346576 13.304392 -63.12 2.69 2718.57812 3039.92432 35411.15925 8.9778 9926.3 20.294 37792.0 30.389 "" "" 0.0027690361692948554 0.003565438 0.0038789108 0.007444349
340.28557652341 58.91964136965 0.0125 0.013 14.4096 "" "" 2008373612958961152 2613.55884 0.3486 0.0149 50.38737763792488 4.0673461351341125 -4.0668148148148155 0.11300899 0.06574074074074088 0.11006811 -6.795 -1.803 0.016 0.017 0.998 4829.4 2.3881 14.335844 2.170336 15.463711 13.293375 -83.08 1.48 2505.99902 2727.61328 34722.36155 9.3667 8911.1 9.8737 38178.0 17.727 "" "" 0.002770843342067902 0.003038471 0.003812857 0.006851328
339.75380472617 59.20672807612 0.013 0.0134 12.4836 "" "" 2008437556433297920 2801.74146 0.3235 0.0153 18.389573248565352 1.384730482410322 1.3291851851851848 0.11400899 -0.3882592592592593 0.11006811 -1.399 -2.257 0.017 0.017 0.982 4665.8 2.0433 14.455203 2.387478 15.730708 13.34323 -19.68 1.76 2647.78394 2944.42725 31107.52768 9.6997 6968.4 11.256 36464.0 28.002 "" "" 0.00277604079760581 0.003295572 0.0038702595 0.0071658315
339.87464861296 59.04929262798 0.0187 0.018 2.788 "" "" 2008431818357122688 2064.69946 0.4614 0.0223 51.82984861423696 5.2959607100364385 4.682185185185185 0.12100899 2.474740740740741 0.11606812 1.954 0.606 0.024 0.023 1.417 7570.6 3.4294 14.471924 1.428951 15.117186 13.688234 "" "" 1961.67468 2192.51685 30632.11929 8.8556 12261.0 18.89 26538.0 27.767 "" "" 0.002773140961076002 0.0032531726 0.003946424 0.0071995966
339.58253777102 59.12134321035 0.0135 0.013 10.8204 "" "" 2008435426129295104 2665.01147 0.3508 0.0158 32.181925143941505 2.5476196859955142 -2.5098148148148156 0.11400899 -0.43725925925925924 0.10906812 -5.238 -2.306 0.017 0.016 1.015 9816.9 3.5349 14.478281 1.120544 14.883472 13.762928 "" "" 2551.05103 2789.11304 30453.29725 9.2427 15206.0 47.471 24773.0 102.99 "" "" 0.0027749551995010172 0.0043902015 0.005887102 0.010277303
339.67432461781 59.1294426419 0.0137 0.0133 9.243 "" "" 2008435563568254208 2919.38696 0.3101 0.0162 31.134026828081886 2.2499107450670515 1.957185185185185 0.11400899 1.1097407407407407 0.10906812 -0.771 -0.759 0.017 0.016 1.018 6350.9 2.5408 14.486718 2.08805 15.545829 13.457779 -13.21 2.49 2789.78809 3035.77588 30217.56964 8.7171 8262.0 13.047 32813.0 19.031 "" "" 0.0027730651714402378 0.0032748627 0.0038314827 0.007106345
339.62838265312 59.08766879629 0.0139 0.0132 8.4604 "" "" 2008434395337153280 2159.0769 0.4343 0.0162 19.47138065556213 1.9026122757617452 -1.829814814814815 0.11500899 -0.5212592592592593 0.10906812 -4.558 -2.39 0.018 0.016 1.014 6034.3 3.1389 14.508667 1.989363 15.508965 13.519602 -37.89 4.21 2076.82812 2244.26343 29612.83872 7.5793 8547.3 10.084 30997.0 16.093 "" "" 0.0027692981811655833 0.0030701547 0.0038211877 0.0068913423
339.5962191129 59.04084170152 0.0142 0.014 8.1307 "" "" 2008433983020297088 2673.51855 0.3367 0.0164 34.92013454815399 2.75558850836529 2.363185185185185 0.11500899 -1.4172592592592592 0.111068115 -0.365 -3.286 0.018 0.018 1.073 "" "" 14.547994 2.191909 15.687794 13.495885 -28.17 1.71 2537.22754 2814.09692 28559.4228 8.6173 7249.4 13.77 31681.0 22.198 "" "" 0.0027747274197223986 0.0034696131 0.0038551863 0.0073247994
339.89659683457 59.22989513585 0.0156 0.016 13.5937 "" "" 2008437796951492608 2424.51611 0.3778 0.0187 42.65165326656077 3.711354628108581 3.6811851851851847 0.117008984 -0.4722592592592594 0.11306812 0.953 -2.341 0.02 0.02 1.167 "" "" 14.607451 2.092875 15.680292 13.587417 -38.99 2.5 2328.78394 2535.80396 27037.48522 6.9959 7299.6 11.296 29120.0 19.599 "" "" 0.0027696050867355012 0.0032569887 0.0038493788 0.0071063675
339.9293772302 59.00404480063 0.0142 0.0142 2.4555 "" "" 2008384573715370624 2923.9541 0.3111 0.0174 22.14688912402487 1.5979524020716938 -1.5628148148148155 0.11500899 -0.33325925925925914 0.111068115 -4.291 -2.202 0.018 0.018 1.104 9302.7 3.5455 14.625331 1.209811 15.134336 13.924525 "" "" 2765.6897 3111.05029 26595.89065 6.8875 12069.0 14.304 21348.0 25.375 "" "" 0.002769629369602957 0.0030726043 0.003993649 0.0070662536
