Clusters/Berkeley_97/Berkeley_97_stars_in_region.tsv
# %ECSV 1.0
# ---
# datatype:
# - name: RA_ICRS_1
#   unit: deg
#   datatype: float64
#   format: '{:15.11f}'
#   description: Right ascension (ICRS) at Ep=2016.0 (ra)
#   meta: !!omap
#   - {ucd: POS_EQ_RA_MAIN}
#   - {width: 15}
#   - {precision: '11'}
# - name: DE_ICRS_1
#   unit: deg
#   datatype: float64
#   format: '{:15.11f}'
#   description: Declination (ICRS) at Ep=2016.0 (dec)
#   meta: !!omap
#   - {ucd: POS_EQ_DEC_MAIN}
#   - {width: 15}
#   - {precision: '11'}
# - name: e_RA_ICRS
#   unit: mas
#   datatype: float64
#   format: '{:7.4f}'
#   description: Standard error of right ascension (ra_error)
#   meta: !!omap
#   - {ucd: ERROR}
#   - {width: 7}
#   - {precision: '4'}
# - name: e_DE_ICRS
#   unit: mas
#   datatype: float64
#   format: '{:7.4f}'
#   description: Standard error of declination (dec_error)
#   meta: !!omap
#   - {ucd: ERROR}
#   - {width: 7}
#   - {precision: '4'}
# - name: _r_1
#   unit: ''
#   datatype: float64
#   format: '{:7.4f}'
#   description: Distance from center (339.84991355000+59.00460428000)[ICRS], at Epoch=J2016.0
#   meta: !!omap
#   - {ucd: POS_ANG_DIST_GENERAL}
#   - {width: 7}
#   - {precision: '4'}
# - name: HIP
#   datatype: int32
#   description: '? HIP cross-id number, van Leeuwen, Cat. I/311 (hip_original_ext_source_id)'
#   meta: !!omap
#   - {ucd: ID_NUMBER}
#   - {width: 6}
#   - values: {'null': -2147483648}
# - name: TYC2
#   datatype: string
#   description: Tycho-2 cross-id name, Hog et al., Cat. I/259 (tyc2_original_ext_source_id)
#   meta: !!omap
#   - {ucd: ID_CROSSID}
#   - {_votable_string_dtype: char}
# - name: Source
#   datatype: int64
#   description: Source identifier, identical to the Gaia-EDR3 source_id (id)
#   meta: !!omap
#   - {ucd: ID_MAIN}
#   - {width: 19}
# - name: rgeo
#   unit: pc
#   datatype: float64
#   format: '{:15.8f}'
#   description: '? Median of the geometric distance posterior (r_med_geo)'
#   meta: !!omap
#   - {ucd: PHYS_DISTANCE_TRUE}
#   - {width: 15}
#   - {precision: '8'}
#   - values: {'null': .nan}
# - name: Plx
#   unit: mas
#   datatype: float64
#   format: '{:9.4f}'
#   description: '? Parallax (parallax)'
#   meta: !!omap
#   - {ucd: POS_PARLX_TRIG}
#   - {width: 9}
#   - {precision: '4'}
#   - values: {'null': .nan}
# - name: e_Plx
#   unit: mas
#   datatype: float32
#   format: '{:7.4f}'
#   description: '? Standard error of parallax (parallax_error)'
#   meta: !!omap
#   - {ucd: ERROR}
#   - {width: 7}
#   - {precision: '4'}
#   - values: {'null': .nan}
# - name: pmRA
#   unit: mas / yr
#   datatype: float64
#   format: '{:9.3f}'
#   description: '? Proper motion in right ascension direction, pmRA*cosDE (pmra)'
#   meta: !!omap
#   - {ucd: POS_EQ_PMRA}
#   - {width: 9}
#   - {precision: '3'}
#   - values: {'null': .nan}
# - name: pmDE
#   unit: mas / yr
#   datatype: float64
#   format: '{:9.3f}'
#   description: '? Proper motion in declination direction (pmdec)'
#   meta: !!omap
#   - {ucd: POS_EQ_PMDEC}
#   - {width: 9}
#   - {precision: '3'}
#   - values: {'null': .nan}
# - name: e_pmRA
#   unit: mas / yr
#   datatype: float32
#   format: '{:6.3f}'
#   description: '? Standard error of proper motion in right ascension direction (pmra_error)'
#   meta: !!omap
#   - {ucd: ERROR}
#   - {width: 6}
#   - {precision: '3'}
#   - values: {'null': .nan}
# - name: e_pmDE
[...]
#         unit: &id001 !astropy.units.Unit {unit: deg}
#         value: !astropy.table.SerializedColumn {name: SkyCoord.dec}
#       distance: !astropy.table.SerializedColumn
#         __class__: astropy.coordinates.distances.Distance
#         unit: !astropy.units.Unit {unit: pc}
#         value: !astropy.table.SerializedColumn {name: SkyCoord.distance}
#       frame: icrs
#       obstime: !astropy.time.Time {format: jyear_str, in_subfmt: '*', jd1: 367701545.0, jd2: 0.0, out_subfmt: '*', precision: 3, scale: tt}
#       pm_dec: !astropy.table.SerializedColumn
#         __class__: astropy.units.quantity.Quantity
#         unit: !astropy.units.Unit {unit: mas / yr}
#         value: !astropy.table.SerializedColumn {name: SkyCoord.pm_dec}
#       pm_ra_cosdec: !astropy.table.SerializedColumn
#         __class__: astropy.units.quantity.Quantity
#         unit: !astropy.units.Unit {unit: mas / yr}
#         value: !astropy.table.SerializedColumn {name: SkyCoord.pm_ra_cosdec}
#       ra: !astropy.table.SerializedColumn
#         __class__: astropy.coordinates.angles.core.Longitude
#         unit: *id001
#         value: !astropy.table.SerializedColumn {name: SkyCoord.ra}
#         wrap_angle: !astropy.coordinates.Angle
#           unit: *id001
#           value: 360.0
#       representation_type: spherical
# schema: astropy-2.0
RA_ICRS_1 DE_ICRS_1 e_RA_ICRS e_DE_ICRS _r_1 HIP TYC2 Source rgeo Plx e_Plx pmRA pmDE e_pmRA e_pmDE RUWE Teff logg Gmag BP-RP BPmag RPmag RV e_RV b_rgeo B_rgeo FG e_FG FBP e_FBP FRP e_FRP RAVE5 RAVE6 e_Gmag e_BPmag e_RPmag e_BP-RP SkyCoord.ra SkyCoord.dec SkyCoord.distance SkyCoord.pm_ra_cosdec SkyCoord.pm_dec
[from data line 650]
340.08988907459 58.92541663464 0.0314 0.0338 8.8136 "" "" 2008379866431299456 2865.52026 0.3278 0.0392 -4.464 -2.472 0.042 0.042 1.031 7130.3 4.1578 16.50958 1.679403 17.30827 15.628866 "" "" 2611.16455 3167.24512 4689.36893 2.2269 1629.7 7.0183 4442.3 6.9573 "" "" 0.0028031464420387535 0.005444944 0.0041442937 0.009589238 340.08988907459 58.92541663464 2865.52026 -4.464 -2.472
339.87701052147 59.02024483711 0.0354 0.0353 1.2575 "" "" 2008384779873778816 2989.80933 0.3159 0.0428 -2.639 -1.995 0.044 0.045 0.991 9284.8 4.1804 16.511864 1.288158 17.072636 15.784478 "" "" 2687.77368 3409.98926 4679.52307 2.3555 2024.7 10.671 3849.2 10.023 "" "" 0.0028089986068921074 0.006366277 0.0047198096 0.011086087 339.87701052147 59.02024483711 2989.80933 -2.6390000000000002 -1.995
339.87490251609 58.80678658159 0.0352 0.0362 11.8943 "" "" 2008377358170156672 1219.4762 0.7894 0.0441 -0.832 -0.821 0.049 0.044 1.08 6709.9 4.3491 16.51304 1.765183 17.3618 15.596617 "" "" 1146.83447 1284.79858 4674.45156 2.6806 1551.3 8.0486 4576.3 11.886 "" "" 0.002824791966053745 0.00628626 0.004715506 0.011001766 339.87490251609 58.80678658159 1219.4762 -0.8320000000000001 -0.8210000000000002
339.86575061115 58.9184388264 0.0337 0.0338 5.1931 "" "" 2008381893655580032 2806.4436 0.3266 0.0414 -3.581 -2.566 0.042 0.04 1.099 "" "" 16.513311 1.339313 17.096582 15.75727 "" "" 2527.45679 3131.20874 4673.28221 2.2798 1980.5 9.7981 3946.8 11.29 "" "" 0.0028057675443510107 0.0060528917 0.0048917998 0.0109446915 339.86575061115 58.9184388264 2806.4436 -3.5810000000000004 -2.566
339.57212568342 59.0400768009 0.0354 0.0334 8.8388 "" "" 2008433978715406336 2920.62378 0.3214 0.0407 -4.667 -3.202 0.044 0.043 1.001 "" "" 16.51418 1.461832 17.176619 15.714787 "" "" 2555.96191 3251.21265 4669.55275 2.2755 1839.8 10.764 4104.3 8.2095 "" "" 0.002805658726619483 0.0069380174 0.004358905 0.011296922 339.57212568342 59.0400768009 2920.62378 -4.666999999999998 -3.202
339.72299608412 59.03623878701 0.0358 0.0324 4.3551 "" "" 2008431234241238016 2815.42432 0.345 0.0415 -2.757 -1.87 0.043 0.039 1.011 9364.3 4.1395 16.515331 1.357758 17.116718 15.758961 "" "" 2542.49878 3179.40967 4664.60069 2.3812 1944.1 9.3676 3940.7 10.605 "" "" 0.002810512852381418 0.005929134 0.004777141 0.010706275 339.72299608412 59.03623878701 2815.42432 -2.757 -1.8700000000000003
339.95710941556 59.23040575977 0.0393 0.0386 13.9445 "" "" 2008437109756745472 1777.19556 0.5467 0.0469 -2.806 -0.52 0.048 0.048 1.128 6699.9 4.0218 16.517132 1.741391 17.337664 15.596272 "" "" 1626.13916 1959.05811 4656.86926 3.1586 1586.2 9.8738 4577.7 7.2168 "" "" 0.002852034740078609 0.0073118024 0.004148923 0.011460725 339.95710941556 59.23040575977 1777.19556 -2.806 -0.52
340.21739817437 58.92878963653 0.0492 0.0515 12.2435 "" "" 2008373814812877056 2027.05249 0.5062 0.06 -1.126 -2.248 0.064 0.066 1.45 8602.7 4.1819 16.521725 1.66364 17.246496 15.582856 "" "" 1775.91394 2517.15405 4637.20872 3.947 1725.1 8.2078 4634.6 7.7551 "" "" 0.0029061680106511924 0.005871153 0.0041933726 0.0100645255 340.21739817437 58.92878963653 2027.05249 -1.126 -2.2480000000000007
339.53194171508 58.80091728029 0.0338 0.0342 15.6989 "" "" 2008357429521381760 1353.78467 0.7162 0.0409 -7.964 -8.019 0.044 0.042 1.05 8204.8 4.2199 16.522697 1.845622 17.41966 15.574039 "" "" 1293.03467 1433.2926 4633.05469 2.5029 1470.8 7.7803 4672.4 8.6605 "" "" 0.002817059265867948 0.0063852477 0.0042817895 0.010667037 339.53194171508 58.80091728029 1353.78467 -7.963999999999999 -8.018999999999998
339.50769820974 58.94588812026 0.0359 0.0351 11.1538 "" "" 2008407044985114752 2726.65552 0.3441 0.0431 -3.439 -2.583 0.044 0.043 1.002 "" "" 16.523672 1.799613 17.392742 15.593129 "" "" 2471.61035 3047.15625 4628.90289 2.3863 1507.7 9.2117 4591.0 10.708 "" "" 0.0028115967985273445 0.007196505 0.0045493487 0.011745853 339.50769820974 58.94588812026 2726.65552 -3.439 -2.583
339.75857237629 59.13002690305 0.0395 0.0357 8.0354 "" "" 2008434910729564544 2839.07739 0.3151 0.0452 -3.226 -1.888 0.05 0.045 1.124 "" "" 16.523882 2.487075 17.846197 15.359122 "" "" 2513.88208 3298.5061 4628.00351 2.9842 992.97 8.4932 5695.2 13.819 "" "" 0.0028428728385199017 0.009696757 0.004606964 0.0143037215 339.75857237629 59.13002690305 2839.07739 -3.2260000000000004 -1.888
340.24315608736 58.90800000171 0.0327 0.0346 13.4775 "" "" 2008373544239479936 2027.78333 0.4687 0.0393 -5.866 -3.996 0.042 0.045 0.996 8374.6 4.4469 16.524174 1.554594 17.245634 15.69104 "" "" 1844.47119 2203.94238 4626.76137 2.3153 1726.5 8.379 4195.1 7.9562 "" "" 0.002808377532544739 0.005962397 0.004303931 0.010266328 340.24315608736 58.90800000171 2027.78333 -5.866 -3.9959999999999987
339.92623019196 59.11685445224 0.0366 0.0336 7.1346 "" "" 2008433364545322112 2777.4021 0.3329 0.0424 -3.061 -2.106 0.046 0.043 1.049 9219.3 3.6262 16.524632 1.859053 17.433659 15.574606 "" "" 2517.2998 3165.12427 4624.8116 2.8944 1452.0 7.4867 4670.0 8.613 "" "" 0.002837870362938779 0.006254986 0.0042770943 0.01053208 339.92623019196 59.11685445224 2777.4021 -3.061 -2.106
339.68069893831 58.85859737678 0.1652 0.1762 10.2077 "" "" 2008357944917461248 1264.51099 0.8798 0.1936 3.261 -3.858 0.21 0.202 6.161 "" "" 16.52489 1.711002 17.026705 15.315702 "" "" 1038.4834 1661.97339 4623.71027 4.3792 2112.2 13.079 5927.6 10.341 "" "" 0.0029409577280156206 0.0072790063 0.004227461 0.011506467 339.68069893831 58.85859737678 1264.51099 3.261 -3.8579999999999997
339.94181500545 58.99061605625 0.0491 0.0465 2.9616 "" "" 2008383817801137536 2388.22827 0.3883 0.058 -2.084 -1.9 0.063 0.057 1.333 8272.3 3.8918 16.524965 2.438679 17.779032 15.340353 "" "" 2074.16406 2752.17456 4623.38933 3.8251 1056.3 9.5391 5794.5 13.357 "" "" 0.0028980471769443975 0.010194196 0.004532933 0.014727129 339.94181500545 58.99061605625 2388.22827 -2.0840000000000005 -1.9000000000000004
339.53425261274 59.08519653626 0.0377 0.0346 10.876 "" "" 2008411820990329344 1225.08337 0.8007 0.0435 -0.334 0.144 0.047 0.044 1.024 6021.9 4.4109 16.526846 1.69133 17.334208 15.642878 "" "" 1158.1416 1306.34021 4615.39327 2.509 1591.2 7.018 4385.4 9.1037 "" "" 0.0028178276724573252 0.0055422196 0.0044004265 0.009942646 339.53425261274 59.08519653626 1225.08337 -0.334 0.14400000000000002
340.03476136149 59.03717055733 0.0471 0.0541 6.0339 "" "" 2008385020393773056 2665.92017 0.3545 0.0552 -0.881 -1.417 0.061 0.075 1.051 "" "" 16.527714 "" "" "" "" "" 2348.33252 3126.21948 4611.70203 4.4495 "" "" "" "" "" "" 0.0029477360803533015 "" "" "" 340.03476136149 59.03717055733 2665.92017 -0.881 -1.417
339.84160635869 59.07644656628 0.0352 0.0325 4.3182 "" "" 2008432814789510400 2698.85156 0.357 0.041 -4.278 -1.136 0.044 0.041 1.001 9072.3 4.4591 16.529333 1.547975 17.241001 15.693027 "" "" 2442.93677 3009.74097 4604.83041 2.2475 1733.9 8.2961 4187.4 9.2087 "" "" 0.0028058162215707063 0.0058967504 0.004470436 0.010367187 339.84160635869 59.07644656628 2698.85156 -4.2780000000000005 -1.136
339.81742561198 59.00862397961 0.0375 0.0351 1.0323 "" "" 2008430203449105664 1156.97534 0.8384 0.0452 -2.294 -1.683 0.045 0.043 1.013 5020.6 4.2896 16.530512 1.678981 17.339413 15.660432 "" "" 1102.15149 1217.30859 4599.83471 2.418 1583.6 9.2544 4315.0 9.9673 "" "" 0.0028138112271526906 0.0069313226 0.0045358134 0.011467136 339.81742561198 59.00862397961 1156.97534 -2.2940000000000005 -1.6830000000000003
339.37571999127 59.04049638956 0.0384 0.0384 14.8015 "" "" 2008411305592606080 1526.98096 0.6347 0.0459 -7.264 -5.149 0.048 0.047 1.02 7720.1 4.404 16.532406 1.724933 17.357954 15.633021 "" "" 1416.60632 1627.24609 4591.81384 2.5328 1556.8 7.7568 4425.4 9.8465 "" "" 0.002819653969248822 0.006086873 0.00448549 0.010572363 339.37571999127 59.04049638956 1526.98096 -7.264 -5.148999999999999
339.87729597814 59.02636922696 0.0384 0.0363 1.5559 "" "" 2008384814233513472 2274.39209 0.4347 0.0452 -1.795 -0.456 0.047 0.045 1.098 8275.2 4.3464 16.533205 1.658024 17.318438 15.660414 "" "" 2053.16479 2610.05786 4588.43288 2.416 1614.5 6.4154 4315.1 7.2661 "" "" 0.002814003053977012 0.005137918 0.0041983584 0.009336276 339.87729597814 59.02636922696 2274.39209 -1.7949999999999997 -0.45599999999999996
339.57836899837 58.91685688745 0.0454 0.0429 9.9143 "" "" 2008406082912460672 1562.17615 0.6419 0.0548 0.684 -0.001 0.059 0.053 1.278 5108.2 4.3098 16.538975 1.706098 17.315346 15.609248 "" "" 1437.86743 1699.03259 4564.11557 3.1069 1619.1 8.0292 4523.3 18.62 "" "" 0.002852724560804334 0.00606423 0.005853137 0.011917368 339.57836899837 58.91685688745 1562.17615 0.6839999999999999 -0.0010000000000000117
339.51860278554 58.99326177675 0.0374 0.0361 10.2612 "" "" 2008410309160242560 1380.88574 0.7082 0.0443 -2.155 -4.02 0.048 0.047 1.013 6703.2 3.9669 16.54016 1.944677 17.50964 15.564962 "" "" 1284.12988 1462.1731 4559.14032 2.4514 1353.8 8.4235 4711.7 10.786 "" "" 0.0028164868909605354 0.0073090936 0.004523411 0.0118325045 339.51860278554 58.99326177675 1380.88574 -2.1550000000000002 -4.02
339.81776381585 58.79125907005 0.0833 0.0826 12.8394 "" "" 2008377152011722752 1964.94519 0.4891 0.1043 -0.621 -2.418 0.118 0.098 2.5 7704.3 4.2309 16.54168 1.65829 17.279545 15.621255 "" "" 1671.83826 2401.0083 4552.76455 7.4415 1673.4 7.8326 4473.6 10.913 "" "" 0.0032773658712260878 0.005797523 0.0046150456 0.010412568 339.81776381585 58.79125907005 1964.94519 -0.6210000000000001 -2.418
339.90843122705 59.11011992566 0.0423 0.0403 6.5833 "" "" 2008432986588199552 1909.38 0.5047 0.0489 -3.77 -0.607 0.051 0.051 1.146 7866.1 4.1823 16.545103 1.779774 17.34791 15.568136 "" "" 1773.2561 2095.50269 4538.43205 3.7007 1571.3 8.9668 4697.9 10.212 "" "" 0.002894060886983312 0.006795139 0.004455763 0.011250902 339.90843122705 59.11011992566 1909.38 -3.7699999999999996 -0.6070000000000001
340.04574063876 58.81299871157 0.037 0.0377 12.9992 "" "" 2008366981529199744 2970.97852 0.3107 0.045 -3.816 -2.735 0.05 0.045 1.064 "" "" 16.546253 1.272722 17.093235 15.820513 "" "" 2654.01709 3501.76074 4533.62535 2.2194 1986.7 10.794 3723.5 8.2734 "" "" 0.0028061175899437327 0.006525535 0.0044837045 0.01100924 340.04574063876 58.81299871157 2970.97852 -3.8159999999999994 -2.7349999999999994
339.91352307007 58.96833303639 0.0344 0.0343 2.9331 "" "" 2008383680361962368 1821.98462 0.532 0.0427 0.979 -0.83 0.042 0.04 0.982 8154.4 4.271 16.546595 1.647872 17.316822 15.66895 "" "" 1701.22375 2015.80945 4532.19465 2.2946 1616.9 7.4218 4281.3 8.5004 "" "" 0.002809618356565734 0.0057115797 0.0043509495 0.010062529 339.91352307007 58.96833303639 1821.98462 0.9789999999999999 -0.83
339.57354519005 58.91277828887 0.0354 0.035 10.172 "" "" 2008405979833246592 2714.92017 0.3597 0.0418 -5.506 -3.238 0.043 0.042 0.951 8241.0 4.3536 16.548073 1.556037 17.267221 15.711184 "" "" 2418.83765 3029.0769 4526.03042 2.3354 1692.5 7.6086 4118.0 9.0817 "" "" 0.0028116987047775467 0.0056221243 0.0044740476 0.010096172 339.57354519005 58.91277828887 2714.92017 -5.506 -3.238
339.96150942069 59.05945190536 0.0364 0.0338 4.7645 "" "" 2008385329629591424 2716.0791 0.3593 0.0427 -4.513 -3.04 0.043 0.044 0.975 9604.5 4.0106 16.551115 1.518426 17.218628 15.700202 "" "" 2433.93335 3059.97217 4513.36761 2.7234 1770.0 15.181 4159.8 12.177 "" "" 0.0028321369392905523 0.009721203 0.0049381363 0.01465934 339.96150942069 59.05945190536 2716.0791 -4.513 -3.0400000000000005
340.26019285839 58.85795445078 0.0347 0.0356 15.4535 "" "" 2008372444727881216 2436.94287 0.3847 0.0416 -3.561 -2.894 0.045 0.048 0.954 6726.9 4.2409 16.551296 1.642841 17.328085 15.685244 "" "" 2237.97021 2712.0813 4512.61255 2.513 1600.2 8.1666 4217.6 9.2344 "" "" 0.0028208802298679207 0.0062038847 0.0044648466 0.010668731 340.26019285839 58.85795445078 2436.94287 -3.5609999999999995 -2.8939999999999997
339.4804330651 59.12237323701 0.0355 0.0338 13.4095 "" "" 2008423915616571008 2615.3479 0.3609 0.0418 -3.963 -3.23 0.043 0.041 1.026 "" "" 16.554167 1.622959 17.318602 15.695642 "" "" 2395.45776 2951.27344 4500.69657 2.2688 1614.3 7.3293 4177.4 8.6142 "" "" 0.002809154289802738 0.0056643602 0.0043927627 0.010057123 339.4804330651 59.12237323701 2615.3479 -3.9630000000000005 -3.2300000000000004
339.70589013103 58.98844329355 0.0393 0.0366 4.5555 "" "" 2008429962930926464 1849.7887 0.5178 0.0457 -1.769 -6.034 0.048 0.044 1.116 4791.7 4.1475 16.554596 1.932347 17.514502 15.582154 "" "" 1692.67773 2048.46191 4498.91883 2.4041 1347.8 7.4849 4637.6 8.0558 "" "" 0.0028157427809630815 0.006643833 0.0042238245 0.010867657 339.70589013103 58.98844329355 1849.7887 -1.769 -6.034000000000001
340.19258245825 58.80744580749 0.0363 0.0364 15.8959 "" "" 2008366431773418368 1591.08508 0.6074 0.0449 -8.015 -4.215 0.051 0.045 1.019 7149.8 4.3507 16.554604 1.488546 17.22627 15.737724 "" "" 1474.67224 1708.68188 4498.88996 2.3082 1757.6 8.7926 4018.5 9.0131 "" "" 0.0028110659010415063 0.006106266 0.0044959895 0.010602255 340.19258245825 58.80744580749 1591.08508 -8.015 -4.215
340.0355220766 59.13830118148 0.0434 0.0377 9.8545 "" "" 2008432711710310016 2608.79517 0.3632 0.0487 -5.096 -2.274 0.054 0.047 1.153 "" "" 16.558842 1.910643 17.510466 15.599823 "" "" 2301.7998 2936.11963 4481.36462 2.9278 1352.8 12.924 4562.8 11.208 "" "" 0.0028451634172404665 0.010741317 0.0046256403 0.015366957 340.0355220766 59.13830118148 2608.79517 -5.096000000000001 -2.274
340.03980651806 58.99461061728 0.0437 0.0436 5.8987 "" "" 2008383989599852928 1994.69104 0.4831 0.0528 2.077 -2.929 0.056 0.056 1.391 10020.9 4.2139 16.561914 1.530999 17.21414 15.683141 "" "" 1838.66748 2202.75562 4468.69498 4.941 1777.3 14.561 4225.7 14.674 "" "" 0.0030054891162182907 0.009322515 0.005338424 0.014660939 340.03980651806 58.99461061728 1994.69104 2.077 -2.9290000000000003
339.80137640183 59.23925985 0.0376 0.0372 14.1584 "" "" 2008449444902766336 2121.67529 0.4514 0.0436 -3.455 -2.353 0.048 0.049 1.094 5045.4 4.1716 16.562323 1.925423 17.518145 15.592722 "" "" 1952.47595 2322.57983 4467.01847 2.5668 1343.3 6.6479 4592.7 9.0227 "" "" 0.0028250683580318295 0.0060544773 0.004339753 0.0103942305 339.80137640183 59.23925985 2121.67529 -3.455 -2.353
339.79858894598 59.07098419486 0.0375 0.0354 4.2863 "" "" 2008431406040229504 2720.41211 0.3471 0.0444 -2.685 -1.875 0.048 0.043 1.03 9384.1 4.1352 16.564386 1.341292 17.159258 15.817965 "" "" 2373.51221 3028.24536 4458.53778 2.4687 1869.4 11.027 3732.3 8.527 "" "" 0.0028201417544650646 0.006985813 0.0045207017 0.011506515 339.79858894598 59.07098419486 2720.41211 -2.685 -1.875
340.16860499557 59.10810910973 0.037 0.0345 11.6292 "" "" 2008391205144876032 1730.58765 0.5608 0.0429 -3.356 -1.406 0.044 0.043 1.007 8378.2 4.4364 16.566751 1.675807 17.362692 15.686885 "" "" 1630.59888 1884.93066 4448.83052 2.421 1550.0 8.6349 4211.2 9.1924 "" "" 0.002817957890758283 0.0066610645 0.004461009 0.011122074 340.16860499557 59.10810910973 1730.58765 -3.3559999999999994 -1.4059999999999997
339.82327510265 59.02791551662 0.0373 0.0353 1.6227 "" "" 2008430306528315136 2914.14893 0.3154 0.0444 -3.764 -3.026 0.045 0.043 1.051 "" "" 16.566925 1.372125 17.177988 15.805863 "" "" 2617.7439 3300.76758 4448.12149 2.3977 1837.5 8.274 3774.1 7.5253 "" "" 0.0028167904911252624 0.0056290794 0.0043555084 0.009984588 339.82327510265 59.02791551662 2914.14893 -3.764 -3.026
339.78727681707 58.78135131391 0.044 0.0427 13.5352 "" "" 2008377048932505600 1911.25647 0.509 0.0536 -1.072 -1.816 0.063 0.051 1.424 6087.5 4.3089 16.56693 1.671351 17.297876 15.626525 "" "" 1750.44275 2101.05786 4448.10053 3.2708 1645.4 7.9131 4451.9 8.4327 "" "" 0.002868655187130726 0.005920273 0.0043027024 0.010222975 339.78727681707 58.78135131391 1911.25647 -1.0719999999999998 -1.816
