Clusters/Berkeley_97/Berkeley_97_fs.tsv
# %ECSV 1.0
# ---
# datatype:
# - name: RA_ICRS_1
#   unit: deg
#   datatype: float64
#   format: '{:15.11f}'
#   description: Right ascension (ICRS) at Ep=2016.0 (ra)
#   meta: !!omap
#   - {ucd: POS_EQ_RA_MAIN}
#   - {width: 15}
#   - {precision: '11'}
# - name: DE_ICRS_1
#   unit: deg
#   datatype: float64
#   format: '{:15.11f}'
#   description: Declination (ICRS) at Ep=2016.0 (dec)
#   meta: !!omap
#   - {ucd: POS_EQ_DEC_MAIN}
#   - {width: 15}
#   - {precision: '11'}
# - name: e_RA_ICRS
#   unit: mas
#   datatype: float64
#   format: '{:7.4f}'
#   description: Standard error of right ascension (ra_error)
#   meta: !!omap
#   - {ucd: ERROR}
#   - {width: 7}
#   - {precision: '4'}
# - name: e_DE_ICRS
#   unit: mas
#   datatype: float64
#   format: '{:7.4f}'
#   description: Standard error of declination (dec_error)
#   meta: !!omap
#   - {ucd: ERROR}
#   - {width: 7}
#   - {precision: '4'}
# - name: _r_1
#   unit: ''
#   datatype: float64
#   format: '{:7.4f}'
#   description: Distance from center (339.84991355000+59.00460428000)[ICRS], at Epoch=J2016.0
#   meta: !!omap
#   - {ucd: POS_ANG_DIST_GENERAL}
#   - {width: 7}
#   - {precision: '4'}
# - name: HIP
#   datatype: int32
#   description: '? HIP cross-id number, van Leeuwen, Cat. I/311 (hip_original_ext_source_id)'
#   meta: !!omap
#   - {ucd: ID_NUMBER}
#   - {width: 6}
#   - values: {'null': -2147483648}
# - name: TYC2
#   datatype: string
#   description: Tycho-2 cross-id name, Hog et al., Cat. I/259 (tyc2_original_ext_source_id)
#   meta: !!omap
#   - {ucd: ID_CROSSID}
#   - {_votable_string_dtype: char}
# - name: Source
#   datatype: int64
#   description: Source identifier, identical to the Gaia-EDR3 source_id (id)
#   meta: !!omap
#   - {ucd: ID_MAIN}
#   - {width: 19}
# - name: rgeo
#   unit: pc
#   datatype: float64
#   format: '{:15.8f}'
#   description: '? Median of the geometric distance posterior (r_med_geo)'
#   meta: !!omap
#   - {ucd: PHYS_DISTANCE_TRUE}
#   - {width: 15}
#   - {precision: '8'}
#   - values: {'null': .nan}
# - name: Plx
#   unit: mas
#   datatype: float64
#   format: '{:9.4f}'
#   description: '? Parallax (parallax)'
#   meta: !!omap
#   - {ucd: POS_PARLX_TRIG}
#   - {width: 9}
#   - {precision: '4'}
#   - values: {'null': .nan}
# - name: e_Plx
#   unit: mas
#   datatype: float32
#   format: '{:7.4f}'
#   description: '? Standard error of parallax (parallax_error)'
#   meta: !!omap
#   - {ucd: ERROR}
#   - {width: 7}
#   - {precision: '4'}
#   - values: {'null': .nan}
# - name: v_pec
#   unit: km / s
#   datatype: float64
#   format: '{:9.3f}'
#   description: '? Proper motion in right ascension direction, pmRA*cosDE (pmra)'
#   meta: !!omap
#   - {ucd: POS_EQ_PMRA}
#   - {width: 9}
#   - {precision: '3'}
#   - values: {'null': .nan}
# - name: "\xB5_pec"
#   unit: mas / yr
#   datatype: float64
#   format: '{:9.3f}'
#   description: '? Proper motion in right ascension direction, pmRA*cosDE (pmra)'
#   meta: !!omap
#   - {ucd: POS_EQ_PMRA}
#   - {width: 9}
#   - {precision: '3'}
#   - values: {'null': .nan}
# - name: rmRA
#   unit: mas / yr
#   datatype: float64
#   format: '{:9.3f}'
#   description: '? Proper motion in right ascension direction, pmRA*cosDE (pmra)'
#   meta: !!omap
#   - {ucd: POS_EQ_PMRA}
#   - {width: 9}
#   - {precision: '3'}
#   - values: {'null': .nan}
[...]
#   description: RAVE DR6 cross-id name, Steinmetz et al., Cat. III/283 (rave6_original_ext_source_id)
#   meta: !!omap
#   - {ucd: ID_CROSSID}
#   - {_votable_string_dtype: char}
# - name: e_Gmag
#   unit: ''
#   datatype: float64
#   format: '{:11.4g}'
#   description: '? Error on G-band mean flux (phot_g_mean_flux_error)'
#   meta: !!omap
#   - {ucd: ERROR}
#   - {width: 11}
#   - {precision: E4}
#   - values: {'null': .nan}
# - name: e_BPmag
#   unit: ''
#   datatype: float32
#   format: '{:11.4g}'
#   description: '? Error on the integrated BP mean flux (phot_bp_mean_flux_error)'
#   meta: !!omap
#   - {ucd: ERROR}
#   - {width: 11}
#   - {precision: E4}
#   - values: {'null': .nan}
# - name: e_RPmag
#   unit: ''
#   datatype: float32
#   format: '{:11.4g}'
#   description: '? Error on the integrated RP mean flux (phot_rp_mean_flux_error)'
#   meta: !!omap
#   - {ucd: ERROR}
#   - {width: 11}
#   - {precision: E4}
#   - values: {'null': .nan}
# - name: e_BP-RP
#   unit: ''
#   datatype: float32
#   format: '{:11.4g}'
#   description: '? Error on the integrated BP mean flux (phot_bp_mean_flux_error)'
#   meta: !!omap
#   - {ucd: ERROR}
#   - {width: 11}
#   - {precision: E4}
#   - values: {'null': .nan}
# meta: !!omap
# - {ID: I_352_gedr3dis}
# - {description: Estimating distances from parallaxes (1467744818 sources)}
# - {name: I/352/gedr3dis}
# schema: astropy-2.0
RA_ICRS_1 DE_ICRS_1 e_RA_ICRS e_DE_ICRS _r_1 HIP TYC2 Source rgeo Plx e_Plx v_pec µ_pec rmRA e_rmRA rmDE e_rmDE pmRA pmDE e_pmRA e_pmDE RUWE Teff logg Gmag BP-RP BPmag RPmag RV e_RV b_rgeo B_rgeo FG e_FG FBP e_FBP FRP e_FRP RAVE5 RAVE6 e_Gmag e_BPmag e_RPmag e_BP-RP
[from data line 190]
339.980327978 59.20782884392 0.0387 0.0364 12.8383 "" "" 2008436830574473088 2091.42114 0.4602 0.0447 18.96843007589618 1.9134254792052596 1.8371851851851848 0.14500898 0.5347407407407407 0.13906811 -0.891 -1.334 0.048 0.046 1.018 "" "" 16.65463 1.596826 17.40451 15.807685 "" "" 1893.39392 2328.54028 4102.93353 2.2481 1491.5 9.1844 3767.8 10.001 "" "" 0.002818811426421326 0.0072446293 0.0047528003 0.01199743
339.97051804646 59.2612868925 0.0375 0.0371 15.8421 "" "" 2008443809905707520 2322.229 0.4086 0.0439 27.68591773048833 2.515217454267057 2.5151851851851847 0.14500898 0.01274074074074072 0.14106812 -0.213 -1.856 0.048 0.048 1.022 "" "" 16.662973 1.531012 17.368687 15.837675 "" "" 2141.15649 2532.01001 4071.52739 2.2711 1541.5 8.0838 3665.1 8.876 "" "" 0.0028210937743760847 0.0063406257 0.004604068 0.010944694
339.52180315756 59.11879578039 0.0382 0.0369 12.2221 "" "" 2008447108440336384 2060.70605 0.4643 0.0442 43.61438280241822 4.465142703292716 -3.0098148148148156 0.144009 -3.2982592592592592 0.14006811 -5.738 -5.167 0.047 0.047 1.006 8373.3 4.4138 16.676573 1.622811 17.442434 15.819623 "" "" 1892.37354 2229.32129 4020.84931 2.1757 1440.3 6.0799 3726.6 7.7971 "" "" 0.002817257863805253 0.0053656935 0.004409557 0.009775251
339.62207992892 59.18852409312 0.0387 0.0366 13.0793 "" "" 2008447933074258432 2661.5686 0.3514 0.0447 19.4880197108825 1.5447268815379476 1.5201851851851849 0.14600898 -0.274259259259259 0.14106812 -1.208 -2.143 0.049 0.048 1.019 "" "" 16.680977 1.572515 17.388672 15.816156 "" "" 2408.71851 3097.51294 4004.56826 2.3562 1513.4 6.0049 3738.5 10.354 "" "" 0.0028284067300174414 0.0051326375 0.004829684 0.009962321
339.66251859664 58.80476352288 0.036 0.0354 13.3226 "" "" 2008354680742331904 2217.2605 0.4441 0.0435 21.812755773613212 2.0754652913462537 2.073185185185185 0.14600898 -0.09725925925925916 0.13706812 -0.655 -1.966 0.049 0.044 1.023 "" "" 16.681131 1.62498 17.445032 15.820052 "" "" 1999.84741 2501.39429 4004.00342 2.0476 1436.8 9.0713 3725.1 8.8587 "" "" 0.0028107067934713555 0.00740094 0.0045771664 0.011978107
339.80229301633 59.25020058201 0.0402 0.0366 14.8085 "" "" 2008449474958375296 2488.42065 0.3958 0.0449 26.767268668290782 2.269352287594991 1.556185185185185 0.14700899 1.6517407407407407 0.14106812 -1.172 -0.217 0.05 0.048 1.011 9107.0 4.458 16.683638 1.526255 17.387884 15.861629 "" "" 2200.76782 2838.84009 3994.76995 2.4172 1514.5 8.6186 3585.1 8.5373 "" "" 0.002832560361087078 0.006779413 0.0045791385 0.011358552
340.22632734649 58.84394114346 0.0364 0.0388 15.1269 "" "" 2008372406063171584 2439.65503 0.3961 0.0455 27.72184652953224 2.3972613984753575 1.9011851851851849 0.14800899 -1.4602592592592594 0.14206812 -0.827 -3.329 0.051 0.049 1.041 7103.5 4.3235 16.685827 1.478975 17.363247 15.884272 "" "" 2177.0376 2791.48413 3986.71806 2.1171 1549.2 7.116 3511.2 9.8544 "" "" 0.0028149990234154353 0.0057146084 0.0048547983 0.010569407
339.34460394241 58.97550246822 0.0443 0.0402 15.717 "" "" 2008410824556292352 2090.1709 0.4586 0.0536 43.151278405759854 4.355454969391579 3.219185185185185 0.15500899 2.933740740740741 0.14206812 0.491 1.065 0.058 0.049 1.045 7946.6 4.1783 16.686329 2.062241 17.742393 15.680153 "" "" 1856.64246 2306.98096 3984.88159 2.5622 1092.6 6.7229 4237.4 7.9605 "" "" 0.0028423832624562394 0.0072399136 0.004294657 0.011534571
339.98945429478 58.81103535578 0.0395 0.0418 12.3928 "" "" 2008367114663338496 2683.14917 0.3553 0.0499 36.72099614569299 2.8872959010166297 2.7531851851851847 0.15400898 0.8697407407407408 0.14306812 0.025 -0.999 0.057 0.05 1.101 6732.4 4.1819 16.687757 1.751582 17.534 15.782418 "" "" 2414.5332 3044.19116 3979.64221 2.123 1323.8 9.9887 3856.5 8.6481 "" "" 0.0028155398500635804 0.0086545 0.004495738 0.013150238
340.08684394231 58.87353348627 0.035 0.0408 10.7537 "" "" 2008367737443425024 2525.41748 0.3864 0.0443 28.91695376793885 2.415688972657703 -2.276814814814815 0.14200899 -0.8072592592592593 0.14206812 -5.005 -2.676 0.045 0.049 1.016 6463.9 4.0554 16.691687 1.585084 17.423561 15.838477 "" "" 2299.11157 2837.67261 3965.26687 2.129 1465.5 7.9203 3662.4 11.886 "" "" 0.002816312164516362 0.006497452 0.005167197 0.0116646495
339.62695995031 59.2126873755 0.0383 0.0363 14.2494 "" "" 2008448036153459328 2310.17383 0.4189 0.0442 20.768097735537232 1.8965911402726652 -1.6988148148148148 0.14500898 -0.8432592592592594 0.14106812 -4.427 -2.712 0.048 0.048 1.036 6954.2 4.1167 16.693115 1.707325 17.50787 15.800545 "" "" 2116.0708 2531.06079 3960.0518 2.0354 1356.0 8.704 3792.6 9.3897 "" "" 0.0028112647182204514 0.0075069917 0.004637822 0.012144813
340.10024324345 58.91194638653 0.0346 0.0371 9.5339 "" "" 2008379587248846592 2349.78345 0.4104 0.0428 41.93111919023985 3.7646991161103767 -3.108814814814815 0.14300899 -2.1232592592592594 0.14206812 -5.837 -3.992 0.046 0.049 0.955 8245.1 4.4402 16.694963 1.556049 17.41116 15.85511 "" "" 2099.07202 2653.30005 3953.31103 2.0445 1482.4 11.045 3606.7 13.421 "" "" 0.002811951748480064 0.008557216 0.005532329 0.014089545
339.86590073968 59.01069960562 0.0387 0.0372 0.6146 "" "" 2008384779873564160 2957.05151 0.3227 0.0474 54.93693767169691 3.9194688356154543 3.3221851851851847 0.14300899 2.079740740740741 0.13706812 0.594 0.211 0.046 0.044 1.074 7807.8 4.2979 16.695457 1.793933 17.571976 15.778043 "" "" 2557.86914 3448.42041 3951.51579 2.2569 1278.3 8.8326 3872.1 6.8693 "" "" 0.002824240286527801 0.008004112 0.004241908 0.01224602
339.39415988408 59.03291678036 0.0408 0.0388 14.1783 "" "" 2008411236873135232 2532.99146 0.3769 0.0477 30.141239155887856 2.5104353152151297 -2.300814814814815 0.14800899 -1.0042592592592594 0.13906811 -5.029 -2.873 0.051 0.046 0.963 7890.3 4.2597 16.695637 1.819533 17.572432 15.752898 "" "" 2245.01172 2943.03369 3950.86468 2.3537 1277.7 7.5374 3962.8 7.0049 "" "" 0.002830223515781009 0.0069863196 0.004238764 0.011225084
340.09567434283 59.14448115816 0.0419 0.0376 11.3077 "" "" 2008438415426942976 2756.02515 0.3463 0.0479 63.38453780979609 4.852011368879008 -4.467814814814815 0.15000899 -1.8922592592592593 0.14106812 -7.196 -3.761 0.053 0.048 1.03 7984.8 4.0087 16.697695 2.025511 17.717957 15.692446 "" "" 2434.23901 3159.78271 3943.38005 2.6773 1117.5 10.266 4189.7 9.0211 "" "" 0.0028522222133013425 0.010357108 0.00444397 0.014801078
339.55292562509 59.14032037897 0.0399 0.0367 12.2549 "" "" 2008447211519550336 2391.38477 0.3979 0.0454 23.851297508429106 2.10418639806582 2.1041851851851847 0.14700899 -0.002259259259259183 0.14006811 -0.624 -1.871 0.05 0.047 0.973 6505.9 4.1479 16.698244 1.708771 17.46172 15.752949 "" "" 2142.65381 2706.32935 3941.38388 2.5618 1414.9 20.117 3962.6 22.609 "" "" 0.0028442579712322142 0.01568709 0.0072566476 0.022943737
339.81286581629 58.81626273928 0.0401 0.042 11.3586 "" "" 2008378011005169408 2959.02881 0.328 0.05 23.373477966415678 1.6664634958469378 1.3981851851851848 0.151009 0.9067407407407408 0.14206812 -1.33 -0.962 0.054 0.049 1.142 9663.1 4.3449 16.702953 1.51736 17.337866 15.820506 "" "" 2554.52026 3445.2605 3924.32726 2.3065 1585.9 12.406 3723.5 28.201 "" "" 0.00282825133060576 0.008939936 0.009050065 0.01799
339.44413240778 59.04605820238 0.042 0.038 12.7748 "" "" 2008411649190001536 2637.21069 0.357 0.0481 28.569275837708876 2.285472831707233 2.2851851851851848 0.15000899 -0.03625925925925921 0.14106812 -0.443 -1.905 0.053 0.048 1.036 7182.2 4.3256 16.707407 1.836987 17.599152 15.762165 "" "" 2360.59546 3090.7627 3908.26691 2.3445 1246.7 9.3093 3929.1 9.8082 "" "" 0.002831253987423996 0.008574049 0.004650759 0.0132248085
340.26118284844 58.89634196016 0.0368 0.039 14.2892 "" "" 2008372822684983680 2147.16162 0.4524 0.0443 25.804059668625893 2.5353910921981657 -1.3978148148148155 0.14500898 -2.1152592592592594 0.14306812 -4.126 -3.984 0.048 0.05 1.063 7226.0 4.3371 16.711964 1.567054 17.44104 15.873986 "" "" 1985.59253 2312.73169 3891.8985 1.8945 1442.1 9.3734 3544.6 6.9867 "" "" 0.002805551218026607 0.007588654 0.0043432307 0.011931885
340.17457139424 58.8473073197 0.2747 0.2882 13.7898 "" "" 2008366775371035264 2668.73389 0.6263 0.3351 24.222737484485332 1.9148713885904316 1.9141851851851848 0.47000897 -0.051259259259259116 0.46806812 -0.814 -1.92 0.373 0.375 7.255 4838.1 4.355 16.714678 1.770992 17.467257 15.696264 "" "" 1501.59387 4731.42627 3882.18044 13.728 1407.7 6.963 4175.0 10.335 "" "" 0.004725703244125198 0.0060520056 0.0046376046 0.010689611
339.42356675549 59.05578007436 0.0439 0.0396 13.5169 "" "" 2008411717909468032 2016.45642 0.493 0.0497 46.620049465083184 4.8775928783257525 -3.347814814814815 0.151009 -3.54725925925926 0.14106812 -6.076 -5.416 0.054 0.048 1.045 6583.9 3.9717 16.731123 1.97479 17.724707 15.749917 "" "" 1811.49182 2252.36108 3823.81984 2.399 1110.5 6.1588 3973.7 7.7856 "" "" 0.0028382715538068882 0.006636493 0.0043369317 0.010973425
340.15811655185 59.1676110767 0.0423 0.038 13.635 "" "" 2008438484146370688 2023.50769 0.4849 0.0485 34.76116812486407 3.624191699107442 2.336185185185185 0.15000899 2.7707407407407407 0.14106812 -0.392 0.902 0.053 0.048 1.063 "" "" 16.746529 1.712679 17.553934 15.841255 "" "" 1786.31519 2266.56128 3769.94414 2.3885 1299.7 8.0126 3653.1 7.9438 "" "" 0.0028398895292580505 0.0072517777 0.004456223 0.011708001
339.50087862543 58.92498471091 0.0416 0.0398 11.8066 "" "" 2008406598308521344 2124.77124 0.4546 0.0499 28.602114067892636 2.8399298552940344 2.230185185185185 0.14800899 -1.758259259259259 0.14206812 -0.498 -3.627 0.051 0.049 1.046 "" "" 16.74756 1.773982 17.606607 15.832625 "" "" 1914.40149 2434.30249 3766.36951 2.1502 1238.2 7.5986 3682.2 11.279 "" "" 0.0028241798950428493 0.007223577 0.005034306 0.012257883
339.81261718771 59.13905384016 0.0406 0.036 8.1486 "" "" 2008436216403562368 2532.27905 0.3796 0.0452 32.752424114127365 2.728685891432268 -1.7408148148148155 0.14700899 -2.101259259259259 0.13806811 -4.469 -3.97 0.05 0.045 0.935 8510.1 4.4234 16.751637 1.615275 17.510908 15.895633 "" "" 2268.99927 2909.39648 3752.25356 2.0522 1352.2 6.3046 3474.6 7.8947 "" "" 0.0028185823923415703 0.005780234 0.0045132497 0.010293484
339.99636473081 59.10499893087 0.04 0.0371 7.53 "" "" 2008432471192150656 2958.56348 0.3231 0.0461 26.13245937603161 1.8634641848384381 -1.3578148148148155 0.14600898 -1.2762592592592592 0.14006811 -4.086 -3.145 0.049 0.047 0.958 8550.7 3.509 16.765175 1.885852 17.686865 15.801013 "" "" 2612.03638 3555.57544 3705.75756 2.2603 1149.9 7.8842 3791.0 7.8222 "" "" 0.0028337867100129504 0.007949977 0.0043934626 0.01234344
339.42321634141 58.95390011383 0.0415 0.0399 13.54 "" "" 2008409862483642624 2298.87622 0.4253 0.051 19.148320433768895 1.757262967954983 -1.7458148148148154 0.14900899 -0.20025925925925914 0.14406812 -4.474 -2.069 0.052 0.051 1.042 9287.4 4.3079 16.77901 1.622547 17.541595 15.919048 "" "" 2074.60107 2592.84546 3658.83306 2.056 1314.6 8.2821 3400.5 12.683 "" "" 0.0028220591643832397 0.0073874146 0.005539164 0.0129265785
340.06140100111 58.87671957822 0.0368 0.0395 10.0864 "" "" 2008379110516819328 2080.50684 0.4689 0.0448 20.35888729736532 2.0644603612059007 -0.028814814814815293 0.144009 -2.0642592592592592 0.14106812 -2.757 -3.933 0.047 0.048 0.979 8080.0 4.3529 16.780767 1.62149 17.500565 15.879075 "" "" 1932.22961 2280.69116 3652.91615 2.0124 1365.2 10.682 3528.0 22.287 "" "" 0.0028194954044729395 0.008941801 0.007831136 0.016772937
339.76881256866 59.2358619183 0.0387 0.037 14.0984 "" "" 2008449337519369600 2373.99829 0.3904 0.044 27.269529206537133 2.423365365375496 -1.6528148148148154 0.14600898 -1.7722592592592592 0.14206812 -4.381 -3.641 0.049 0.049 1.006 "" "" 16.78617 1.694556 17.593904 15.899348 "" "" 2169.33594 2627.59741 3634.78912 1.9663 1252.7 6.5193 3462.7 7.1349 "" "" 0.002817226658555953 0.0063017397 0.004391881 0.010693621
339.76593076117 58.77597212025 0.0391 0.0393 13.9628 "" "" 2008377010267852544 2499.0332 0.3865 0.0496 27.793703899741704 2.3463676319945863 -2.1368148148148154 0.153009 -0.9692592592592593 0.14106812 -4.865 -2.838 0.056 0.048 0.997 "" "" 16.787788 1.640466 17.55446 15.913995 "" "" 2177.27344 2820.81714 3629.36828 2.1598 1299.1 7.7392 3416.3 7.1994 "" "" 0.0028300615240973727 0.007044258 0.0044180173 0.011462275
339.84510614015 59.08970200119 0.042 0.0387 5.108 "" "" 2008432913563740800 2972.45483 0.3189 0.049 39.23771185129018 2.784902968857867 -1.675814814814815 0.14900899 -2.2242592592592594 0.14106812 -4.404 -4.093 0.052 0.048 1.031 8196.3 4.2345 16.797657 1.748194 17.611824 15.86363 "" "" 2550.18945 3571.104 3596.53062 2.1769 1232.2 7.5749 3578.5 7.6695 "" "" 0.0028326073420719237 0.0072342427 0.0044382997 0.011672542
339.58086119318 58.92775530883 0.0421 0.0403 9.5144 "" "" 2008406289070887424 2681.86279 0.354 0.05 34.065895136723185 2.679815587496722 -2.3708148148148154 0.14900899 -1.249259259259259 0.14606811 -5.099 -3.118 0.052 0.053 1.08 8555.1 4.4505 16.799875 1.605408 17.550203 15.944796 "" "" 2412.02979 3033.65137 3589.18988 2.2474 1304.2 8.168 3320.8 7.8621 "" "" 0.002837952626303566 0.007349984 0.0045706974 0.011920681
339.82229092673 58.86556691738 0.0404 0.042 8.386 "" "" 2008378732559659264 2415.24658 0.3897 0.0488 23.687707306183437 2.0691082418094346 2.021185185185185 0.15000899 0.4427407407407409 0.14406812 -0.707 -1.426 0.053 0.051 1.066 "" "" 16.802813 1.669744 17.58647 15.916725 "" "" 2156.51489 2893.97021 3579.49456 2.5553 1261.3 11.25 3407.8 10.25 "" "" 0.0028622600822565064 0.010078019 0.004994839 0.015072858
339.78190425974 59.21234409076 0.0402 0.0384 12.6392 "" "" 2008437517769277952 2640.9873 0.3613 0.0458 47.09950551732966 3.762458281992126 -2.824814814814815 0.14800899 -2.4852592592592595 0.14306812 -5.553 -4.354 0.051 0.05 0.995 7793.1 4.1275 16.804657 1.513361 17.496803 15.983442 "" "" 2348.23633 3035.11816 3573.42119 2.0707 1369.9 7.9162 3204.7 7.3508 "" "" 0.002826238615102006 0.0068665505 0.004526134 0.011392685
340.04858816927 58.87681695822 0.0369 0.0402 9.829 "" "" 2008379179236293632 2345.20483 0.4038 0.0463 30.198601821852083 2.716612622098696 -1.9928148148148153 0.144009 -1.846259259259259 0.14106812 -4.721 -3.715 0.047 0.048 1.01 7638.6 4.3585 16.807472 1.589711 17.549597 15.959886 "" "" 2138.44312 2630.28613 3564.16336 1.9873 1304.9 5.8363 3274.9 9.1932 "" "" 0.002821041984889819 0.0056005744 0.0048552128 0.010455787
339.58955103596 58.94660188666 0.0439 0.0407 8.7714 "" "" 2008406357790358016 2275.43848 0.4039 0.052 17.720092325437314 1.642943166898072 -1.6208148148148154 0.15200898 0.2687407407407407 0.14306812 -4.349 -1.6 0.055 0.05 1.037 7167.3 4.3175 16.832182 1.911049 17.783325 15.872276 "" "" 2058.55835 2569.43506 3483.96886 2.0921 1052.2 6.0985 3550.2 10.636 "" "" 0.0028314066690902843 0.006883699 0.004986388 0.011870087
339.58225514735 59.1096914714 0.0434 0.0414 10.3895 "" "" 2008435323050081536 2078.52759 0.4698 0.0512 21.582749982131986 2.1906482275948536 -1.7718148148148152 0.15200898 -1.2882592592592592 0.14506811 -4.5 -3.157 0.055 0.052 1.007 9504.8 4.3526 16.833328 1.47378 17.504227 16.030447 "" "" 1888.89478 2310.58496 3480.28746 2.0932 1360.6 7.3433 3068.9 7.5982 "" "" 0.002831644681301242 0.006490198 0.00463787 0.011128068
339.73956810222 59.08505888119 0.0425 0.039 5.9076 "" "" 2008431646558091776 2621.25073 0.3581 0.0503 80.83120883302394 6.505672062930764 -6.433814814814816 0.15000899 -0.9642592592592594 0.14106812 -9.162 -2.833 0.053 0.048 1.038 6576.9 4.0238 16.835274 1.71774 17.65231 15.934569 "" "" 2284.07397 2976.49146 3474.05985 2.2966 1187.1 6.8606 3352.2 6.616 "" "" 0.002847271059465563 0.00686717 0.0043445937 0.011211764
