Clusters/Berkeley_97/Berkeley_97_stars_fromDR3_dis.tsv
# %ECSV 1.0
# ---
# datatype:
# - name: _r
#   unit: ''
#   datatype: float64
#   format: '{:7.4f}'
#   description: Distance from center (339.84991355000+59.00460428000)[ICRS], at Epoch=J2016.0
#   meta: !!omap
#   - {ucd: POS_ANG_DIST_GENERAL}
#   - {width: 7}
#   - {precision: '4'}
# - name: Source
#   datatype: int64
#   description: Source identifier, identical to the Gaia-EDR3 source_id (id)
#   meta: !!omap
#   - {ucd: ID_MAIN}
#   - {width: 19}
# - name: RA_ICRS
#   unit: deg
#   datatype: float64
#   format: '{:15.11f}'
#   description: Barycentric right ascension (ICRS) at Ep=2016.0 (ra)
#   meta: !!omap
#   - {ucd: POS_EQ_RA_MAIN}
#   - {width: 15}
#   - {precision: '11'}
# - name: DE_ICRS
#   unit: deg
#   datatype: float64
#   format: '{:15.11f}'
#   description: Barycentric declination (ICRS) at Ep=2016.0 (dec)
#   meta: !!omap
#   - {ucd: POS_EQ_DEC_MAIN}
#   - {width: 15}
#   - {precision: '11'}
# - name: rgeo
#   unit: pc
#   datatype: float64
#   format: '{:15.8f}'
#   description: '? Median of the geometric distance posterior (r_med_geo)'
#   meta: !!omap
#   - {ucd: PHYS_DISTANCE_TRUE}
#   - {width: 15}
#   - {precision: '8'}
#   - values: {'null': .nan}
# - name: b_rgeo
#   unit: pc
#   datatype: float64
#   format: '{:14.8f}'
#   description: '? 16th percentile of the geometric distance posterior (r_lo_geo)'
#   meta: !!omap
#   - {ucd: ERROR}
#   - {width: 14}
#   - {precision: '8'}
#   - values: {'null': .nan}
# - name: B_rgeo
#   unit: pc
#   datatype: float64
#   format: '{:14.8f}'
#   description: '? 84th percentile of the geometric distance posterior (r_hi_geo)'
#   meta: !!omap
#   - {ucd: ERROR}
#   - {width: 14}
#   - {precision: '8'}
#   - values: {'null': .nan}
# - name: rpgeo
#   unit: pc
#   datatype: float64
#   format: '{:15.8f}'
#   description: '? Median of the photogeometric distance posterior (r_med_photogeo)'
#   meta: !!omap
#   - {ucd: PHYS_DISTANCE_TRUE}
#   - {width: 15}
#   - {precision: '8'}
#   - values: {'null': .nan}
# - name: b_rpgeo
#   unit: pc
#   datatype: float64
#   format: '{:14.8f}'
#   description: '? 16th percentile of the photogeometric distance posterior (r_lo_photogeo)'
#   meta: !!omap
#   - {ucd: ERROR}
#   - {width: 14}
#   - {precision: '8'}
#   - values: {'null': .nan}
# - name: B_rpgeo
#   unit: pc
#   datatype: float64
#   format: '{:14.8f}'
#   description: '? 84th percentile of the photogeometric distance posterior (r_hi_photogeo)'
#   meta: !!omap
#   - {ucd: ERROR}
#   - {width: 14}
#   - {precision: '8'}
#   - values: {'null': .nan}
# - name: Flag
#   datatype: int32
#   description: Flag (flag) (1)
#   meta: !!omap
#   - {ucd: CODE_MISC}
#   - {width: 5}
# meta: !!omap
# - {ID: I_352_gedr3dis}
# - {description: Estimating distances from parallaxes (1467744818 sources)}
# - {name: I/352/gedr3dis}
# schema: astropy-2.0
_r Source RA_ICRS DE_ICRS rgeo b_rgeo B_rgeo rpgeo b_rpgeo B_rpgeo Flag
[from data line 250]
3.7765 2008431848411677056 339.91493389743 59.05791781817 2966.14014 2567.02319 3566.26807 2875.94727 2494.58057 3377.88916 10033
3.7823 2008429958629140992 339.72950016538 58.99331205063 2631.97192 1382.93909 4805.64893 1483.08691 1190.71155 3015.81055 10033
3.7849 2008430409603166208 339.73115204034 59.02011898858 2002.87439 1273.79468 3333.875 "" "" "" 11099
3.7867 2008384947368741632 339.94139077732 59.04663629159 2224.5603 1316.59607 3993.68115 3594.43066 2434.50098 5020.15771 10033
3.8059 2008383061886652032 339.77055571527 58.95611510247 2895.53149 2101.01636 3957.14087 2606.43604 2067.64185 3320.6438 10033
3.8144 2008382817064451328 339.81608697451 58.94346814128 2204.24048 1749.2627 2893.04468 2106.78149 1752.6178 2716.11841 10033
3.8302 2008384951666148480 339.93321591203 59.05190622062 2394.05249 1400.56665 5933.57666 4081.53149 2894.79492 5936.89404 10033
3.8418 2008432814789512576 339.83280098874 59.06802646701 2975.79614 2354.7793 4276.62012 2578.10059 2119.65015 3526.89624 10033
3.8436 2008383439844243456 339.92713087207 58.95440367337 2521.03125 1330.60876 3844.54736 3241.89355 1964.48792 6449.19678 10033
3.8531 2008383061888751616 339.77488729332 58.95333026205 2720.88257 952.736023 5334.81641 4499.62988 3374.4729 6225.72266 20033
3.8616 2008431195576537344 339.73802645724 59.03332961015 2672.62354 1665.35779 4120.81592 3357.55591 2349.75317 4793.89551 10033
3.8633 2008429962930926592 339.72579479827 58.99688359211 2428.65454 1814.56104 4204.55713 2253.91309 1878.28235 2774.4856 10033
3.8695 2008383439835724928 339.92629707836 58.95351973742 2891.42261 1793.75781 4800.72559 5913.00195 4737.89648 8169.56592 10033
3.8998 2008383749081671808 339.96935392619 58.98365172709 2879.82642 1876.96838 5177.35254 4780.42822 3060.13086 6607.88281 10033
3.9068 2008384878649238784 339.9535626878 59.04193812778 2064.57349 1811.45032 2505.40625 2060.86108 1783.17957 2407.49414 10033
3.9141 2008431199878142336 339.75255259015 59.04637643515 2569.22827 1297.8739 5023.85156 2859.07764 2200.19849 4063.5481 10033
3.9153 2008431848411680128 339.9208323709 59.05870257274 2487.10181 1577.75916 3702.56812 2965.33423 1981.94824 4153.3208 10033
3.9231 2008431367375334528 339.76625781115 59.05381660699 2517.9812 1693.08276 3734.10645 4872.12549 1696.59753 7017.12598 10133
3.9353 2008382168526008704 339.85171206383 58.93902205805 2245.76758 1346.53027 3297.23071 "" "" "" 10099
3.9369 2008384947368754816 339.94427056197 59.04873326015 2351.4248 1994.10486 2773.83423 2410.08594 2043.85779 2813.99219 10033
3.9397 2008430031646050944 339.72244090085 59.00313738874 2604.02808 1646.76318 4022.72974 3486.38672 1850.26624 5779.63037 10033
3.9583 2008384882946674688 339.95359302997 59.04339728737 2652.43994 1446.18311 4489.95312 4678.84229 3134.45264 6429.62793 20033
3.9625 2008383061886650496 339.76302092964 58.95606110751 2903.67139 2438.17261 3527.20801 2564.79834 2260.50439 3028.47363 10033
3.9683 2008431264296094720 339.75404577362 59.04865210631 2141.0686 1848.172 2576.15063 2291.24268 1889.88171 2639.17041 10033
3.9751 2008429752467297408 339.72565490339 58.98749885931 2138.18555 1685.45972 2813.22632 2277.2478 1904.83191 2848.55493 10033
3.9791 2008382134165655296 339.87535725468 58.93959653204 2888.15601 1833.62292 4134.49707 3451.86377 2824.05737 4657.37744 11033
3.9936 2008429962926593408 339.72466894424 58.98822002759 2900.41528 1820.0968 4842.88135 4893.18213 3801.80786 7229.24854 10033
4.0107 2008384951666149120 339.93768605658 59.05388008609 2065.34448 1456.65601 2886.82764 3989.01611 2912.79419 5449.21631 10033
4.0195 2008432088929924480 339.86024052761 59.07138429085 2792.48462 1915.65442 3863.82715 3235.64502 2061.66772 5143.98682 10033
4.0292 2008431367375377664 339.78225154185 59.06202835722 2468.83716 1680.46436 3563.39941 2980.39551 2100.26953 4278.30469 10033
4.0467 2008432093231192320 339.85971620242 59.07186130375 2960.35596 1869.84277 5205.07666 "" "" "" 10099
4.0629 2008382821362692352 339.81337572211 58.93956030464 2545.49097 1517.20251 4293.04102 "" "" "" 20099
4.098 2008384672490723072 339.97554965839 59.02655063221 2267.11206 1503.84692 3439.30786 3086.07764 1996.20007 4517.25928 10033
4.1041 2008383439843805184 339.93085725301 58.9503949958 2687.53467 1556.44373 3782.72412 3706.16333 2340.07471 5950.21094 10033
4.1214 2008383439845760768 339.92761741201 58.94879731341 2820.17847 2211.54541 3718.32471 2395.15479 1952.81897 2933.72632 10033
4.1379 2008431921436342272 339.92038106616 59.06326970084 2551.88232 1757.5752 3686.78296 "" "" "" 10099
4.1382 2008384882953000960 339.9568928388 59.0461438995 2809.79541 2315.60449 3723.25024 3402.89258 2823.37451 4036.29468 10033
4.1457 2008383439843805312 339.9458989335 58.95636066126 2498.35645 2149.1731 2924.45337 2487.15967 2185.38965 2876.47217 10033
4.1647 2008431371675828608 339.76569408794 59.05882588149 2780.86377 1787.05042 4366.27393 3604.45996 2545.54395 4925.4165 10033
4.1653 2008431921433020928 339.90507814895 59.06795990035 2830.33301 1551.31628 5267.78711 5135.52002 4238.47266 6644.40527 20033
4.1891 2008382855721404416 339.78835442343 58.94241201877 2784.14136 1256.33228 5446.45996 7676.12793 6223.16406 10053.8232 10033
4.1986 2008383779137317376 339.98020889497 58.98480507171 2713.35742 1772.32556 4267.31982 2739.79834 1936.97839 3806.95532 10033
4.2069 2008431371680190976 339.76074147853 59.05762009024 2076.63623 1869.90869 2316.75854 2086.57373 1882.00793 2374.29004 10033
4.2144 2008383542916368256 339.97392156788 58.97541555017 2961.14087 1695.93042 4790.4375 6609.35498 5416.41943 7972.4668 10033
4.2153 2008382095509891840 339.8640963035 58.93472991117 2944.04614 1560.00745 6206.9585 2868.21851 2192.58813 4237.3418 10033
4.223 2008383435539774592 339.94288163157 58.95304497788 2821.83154 1904.42737 4242.96387 2937.24609 2101.09814 4011.3269 10033
4.2384 2008381923711203712 339.88278781498 58.93602627697 2243.09619 1507.20251 3516.44385 1881.03296 1391.45117 2813.88745 10033
4.2389 2008382752640860032 339.75002964488 58.95621337218 2795.7085 1524.77258 3792.44727 4698.68896 3789.95142 6525.81055 10033
4.2404 2008381923711203200 339.87817727058 58.93544940393 2432.19775 1965.8042 3475.31274 2453.78052 2018.00513 2904.43359 10033
4.2416 2008432093235793024 339.87681065117 59.07393005869 2517.21802 1867.01489 3867.37866 2957.09814 2108.61499 3882.33105 10033
4.2438 2008431406036384256 339.79676260549 59.06983368473 2949.50952 2224.94897 4071.96118 2839.95044 2199.01611 3486.68823 10033
4.244 2008382855720109696 339.78569036408 58.94209533986 2156.00244 1312.2417 4509.47998 3065.03662 2248.40527 4134.13916 10033
4.2443 2008383542915585536 339.96894539692 58.96935391149 2652.51953 1644.23083 4305.89551 4048.62476 3185.52222 5374.90771 10033
4.2453 2008383405475994112 339.92500855159 58.94537368232 2914.31885 1822.63623 5128.68164 3227.36768 2180.21289 5048.91699 10033
4.2522 2008383061878516608 339.76127688789 58.95042199029 2203.75977 1683.776 3161.48877 2984.44849 1878.92517 5322.30713 10033
4.2586 2008385050447869184 339.97797285109 59.03091325062 2310.21802 1668.3634 3387.67358 2289.36694 1685.46875 2934.98828 10033
4.2624 2008384951666151936 339.95689429262 59.04949794508 2824.75732 1448.52112 4407.77246 4490.19434 3259.18018 6207.02637 10033
4.2767 2008432810484445952 339.81717668801 59.07386360799 2576.79907 2121.93896 3295.6709 2799.04688 2147.94067 3610.35327 10033
4.2793 2008382787008755584 339.79713207662 58.93867525418 1993.22229 1877.86548 2146.68823 1994.07739 1869.90625 2109.66211 10033
4.2863 2008431406040229504 339.79858894598 59.07098419486 2720.41211 2373.51221 3028.24536 2642.29419 2399.37573 2975.02612 10033
4.2868 2008432088929961472 339.85947821912 59.07588092269 2408.36743 2049.71338 2832.49146 2230.60059 1966.8147 2543.36011 10033
4.2918 2008431268596612352 339.75173837538 59.05524177682 2443.01099 1340.53247 4308.44775 4186.01562 3262.12451 5854.3584 10033
4.2947 2008382065454255232 339.81501057625 58.93532359413 2577.95776 1710.05737 3730.50977 1505.72046 1241.05554 2074.18066 10033
4.2961 2008382855720103936 339.77668386352 58.94375794194 2777.03101 1887.54626 4180.04541 3678.34155 2853.70581 4858.44775 10033
4.3095 2008382851426233984 339.77445121266 58.94422163267 2006.33142 1920.4563 2100.39258 2011.99805 1928.64563 2095.95654 10033
4.3132 2008432123289664128 339.89574762199 59.07251420336 2417.72046 1713.88171 3520.55029 3020.81152 2313.72974 4704.0376 10033
4.3139 2008431161216786560 339.71961784108 59.03050095094 2920.19946 1992.42822 4322.28662 4524.29297 3303.50977 6184.20068 10033
4.3182 2008432814789510400 339.84160635869 59.07644656628 2698.85156 2442.93677 3009.74097 2612.01196 2386.49561 3057.70361 10033
4.3201 2008430027345310976 339.71034427717 59.00897004979 2811.93481 1978.94019 3896.1123 2947.58569 2009.948 4459.28711 10033
4.3258 2008382855720112384 339.78604404765 58.9404632031 2669.38525 2262.79419 3319.53906 2404.41968 2117.98022 2782.17334 10033
4.3348 2008382065447449600 339.8238918736 58.93361380583 2591.30347 1232.01562 7274.56885 4484.17432 2856.83105 7198.85986 10033
4.3412 2008432093231179392 339.85579384263 59.07689372396 2473.45337 1501.31445 3989.20093 2460.0835 1753.85901 3523.08618 10033
4.3551 2008431234241238016 339.72299608412 59.03623878701 2815.42432 2542.49878 3179.40967 2584.33545 2349.30103 2829.01831 10033
4.3581 2008431882771450112 339.92986574238 59.06446794118 2466.19775 2150.18433 2933.91675 2442.78198 2127.56958 2884.94434 10033
4.3611 2008431264296075136 339.73141932682 59.04414872329 2612.21802 1800.5426 3453.53442 2242.68994 1663.8573 2969.20557 10033
4.3617 2008430031647031552 339.70888516802 59.00149621764 2714.05908 1304.0946 6236.60352 4668.19189 3615.84546 7475.16602 10033
4.3709 2008382134166971520 339.87183173796 58.93263728848 2627.13184 1848.57764 3524.69165 3563.7749 2705.43677 5440.96631 10033
4.3871 2008432123289671040 339.89308396067 59.07426768183 2635.56665 1770.99292 3733.19604 3045.23291 2245.54321 4331.77783 10033
4.3898 2008383439843807360 339.93395332251 58.94564077691 2720.83984 2598.0022 2822.18408 2663.38892 2527.94482 2817.89185 10033
4.3964 2008431234236876160 339.72063047528 59.03527110565 2499.73438 1795.87036 3882.19019 2935.35693 1834.33813 4444.51855 10033
4.3965 2008381923711195520 339.88880110067 58.93412465396 2923.00366 1598.94849 5731.53174 2802.30127 1483.15601 4123.16406 10033
4.4066 2008382065447455232 339.82986964995 58.93189107815 2050.03589 878.378357 3796.4563 2149.28271 1736.0592 2516.03516 20033
4.4071 2008431264296094848 339.73466300546 59.04792965784 2739.58374 2184.30859 3504.7229 2536.19922 2141.03442 3057.37476 10033
4.4084 2008382752640863488 339.7480756413 58.95318453481 2967.12036 1796.56897 4216.36914 4236.0332 2719.69629 6067.91406 10033
4.4104 2008430783261205376 339.70943014247 59.01769956763 2610.84351 1338.4967 7018.08936 2778.0957 1924.32983 4039.09546 10033
4.4127 2008431882771446912 339.93333537128 59.06432554345 2771.03027 1735.28479 4539.81104 2376.74731 1589.91479 3697.35742 10033
4.4317 2008381928015315200 339.8792449756 58.93230751126 2345.19238 1479.96191 3412.80127 4166.9502 2806.85864 5929.20605 10033
4.4337 2008383061888626816 339.76140456251 58.94647040399 2365.80688 2176.02686 2688.73413 2359.375 2149.38696 2556.00537 10033
4.4372 2008382752640856064 339.74300790492 58.95527022562 2807.41479 1724.86926 4081.82129 3286.21265 2082.51221 4650.01221 10033
4.4378 2008383542923254272 339.96857729021 58.96298819928 2108.38281 1745.87964 2778.25293 2186.31885 1781.33765 2702.34106 10033
4.446 2008429962930928768 339.7113186556 58.98475938741 2378.72314 1861.42773 3823.88647 2206.50977 1811.36426 2914.29614 10033
4.4534 2008382787008755072 339.79149405925 58.93676442066 2562.33154 2404.44067 2711.33862 2547.50854 2386.51172 2705.69019 10033
4.464 2008384225814046720 339.99387491799 59.01094888978 2009.39941 1332.52881 3037.38599 3506.17236 2184.07959 5315.4707 10033
4.4737 2008429962930927488 339.70907225506 58.98738634674 2981.37817 2567.86621 3432.49121 2632.19873 2331.05322 2929.62988 10033
4.4837 2008431406040225664 339.78276898862 59.07086926297 2606.06836 2369.06812 2884.74414 2521.28125 2364.73779 2749.08911 10033
4.4851 2008382683929531904 339.75930867708 58.94623297406 2875.9729 1785.87036 4289.50781 1537.58948 1331.27795 2763.67188 10033
4.4854 2008383572978859392 339.98635006023 58.9791390272 2961.48364 2282.271 4062.97705 2804.99561 2320.42432 3480.14307 10033
4.4927 2008432127591452032 339.90695761729 59.07349164281 2837.84863 1321.59827 4680.52246 3992.06152 2616.9978 6601.07568 10033
4.4956 2008383538624684032 339.96936349095 58.96187759594 2836.89795 1771.27991 3972.63232 2405.44214 1578.08496 3563.16919 10033
4.5072 2008431951490959616 339.9194446834 59.07065974539 1990.50098 1448.39734 2958.11768 2209.11401 1595.32983 3559.60547 10033
4.5162 2008383469899538816 339.96563413813 58.95867471376 2162.36279 1576.1344 3108.61255 2752.41724 2077.90479 3964.14111 10033
4.5212 2008431234236875520 339.71504531027 59.033905382 2503.89111 1386.19214 3526.44165 3430.08276 2294.88477 5533.97607 10033
4.5296 2008385329623275008 339.96339859478 59.05244313996 2810.38525 1596.08875 3733.66626 4848.14355 3797.75513 6540.95264 10033
4.5319 2008383371124331392 339.93071432537 58.94159280659 2677.1123 2412.26343 3045.22168 2572.01514 2367.76245 2810.5144 10033
4.5326 2008383474196124288 339.96750859256 58.95949630751 2227.29297 939.187134 4567.95215 "" "" "" 20099
4.5342 2008431406036847104 339.7903773128 59.07368987073 2072.13184 1195.98682 4204.8457 4421.76904 3721.30273 5710.26221 10033
4.5351 2008381928017271936 339.87303888977 58.92996462273 2828.24438 1807.05151 3869.54956 3152.35596 1886.17615 4227.59912 10033
4.5417 2008383577284767104 339.98146758561 58.97090482575 2239.25098 1374.04651 4342.29932 3413.51538 2555.61646 4858.96826 10033
4.5427 2008384947368798976 339.95463695253 59.0577872406 1993.3208 1379.75476 2956.41577 2681.25244 1968.4873 3837.99487 10033
4.5455 2008432127590952064 339.89774113372 59.07625514256 2240.13208 1465.38867 3504.30371 1434.88416 1198.18115 2790.34033 10033
4.5477 2008384225814053248 339.99632505277 59.01243512079 2666.82129 1569.37573 4360.98047 3586.35278 2123.97803 5442.35059 10033
4.5591 2008384161400316672 339.99746694386 59.00489422274 2773.47705 1653.51379 4400.00098 1559.63086 1257.13452 7291.63232 10133
4.5684 2008383783433732224 339.9956407617 58.99181650921 2359.00708 1116.8833 4624.79834 2829.63623 1934.36548 4425.37109 10033
4.5705 2008382782706754816 339.78659498911 58.93577549787 2807.75781 2054.15308 3846.02051 2567.36157 2003.6582 3274.09717 10033
4.5831 2008381923711172864 339.87549653318 58.92936590913 2514.33984 1706.87317 3499.18726 2267.16138 1531.77661 3553.91626 10033
4.5907 2008381992430648448 339.83403526698 58.92853190279 2976.41919 2159.4541 4588.76123 3010.65479 2181.3418 4032.7666 10033
4.6043 2008431229936316032 339.71802068849 59.04038580524 2664.6416 2064.43091 3689.79175 3856.94458 2382.28223 5354.55859 10133
4.6061 2008432123289691520 339.89249872189 59.07817996061 2605.22583 1999.30188 4227.81934 2501.93823 1898.15979 3142.72314 10033
4.6114 2008383366820265088 339.94871573418 58.94703904441 2773.25903 2188.16382 3857.90503 2937.37817 2330.04541 3748.77417 10033
4.6128 2008429962926592768 339.70776894444 58.98117987606 2705.10205 1758.72668 4101.87012 4533.60645 3728.29565 6012.46387 10033
4.6141 2008430787561273984 339.70103401927 59.01067034084 2287.4707 1328.77527 3522.92627 5007.65869 3243.57202 7084.52002 20033
4.6372 2008431406036850944 339.79506964947 59.07655725994 2792.19946 1629.28003 4475.06641 4871.99805 3380.35645 6836.36963 20033
4.6544 2008383366823918080 339.94913577411 58.94627406859 2653.22241 2020.08105 3650.6604 2671.64282 2087.43579 3451.32861 10033
4.6711 2008429962930927616 339.70376993828 58.98476082711 2152.89233 1696.39929 2676.1272 2081.74438 1726.59912 2591.51172 10033
