Clusters/NGC_6530/NGC_6530_stars_in_region.tsv
# %ECSV 1.0
# ---
# datatype:
# - name: RA_ICRS_1
#   unit: deg
#   datatype: float64
#   format: '{:15.11f}'
#   description: Right ascension (ICRS) at Ep=2016.0 (ra)
#   meta: !!omap
#   - {ucd: POS_EQ_RA_MAIN}
#   - {width: 15}
#   - {precision: '11'}
# - name: DE_ICRS_1
#   unit: deg
#   datatype: float64
#   format: '{:15.11f}'
#   description: Declination (ICRS) at Ep=2016.0 (dec)
#   meta: !!omap
#   - {ucd: POS_EQ_DEC_MAIN}
#   - {width: 15}
#   - {precision: '11'}
# - name: e_RA_ICRS
#   unit: mas
#   datatype: float64
#   format: '{:7.4f}'
#   description: Standard error of right ascension (ra_error)
#   meta: !!omap
#   - {ucd: ERROR}
#   - {width: 7}
#   - {precision: '4'}
# - name: e_DE_ICRS
#   unit: mas
#   datatype: float64
#   format: '{:7.4f}'
#   description: Standard error of declination (dec_error)
#   meta: !!omap
#   - {ucd: ERROR}
#   - {width: 7}
#   - {precision: '4'}
# - name: _r_1
#   unit: ''
#   datatype: float64
#   format: '{:7.4f}'
#   description: Distance from center (271.10880746000-24.35719442000)[ICRS], at Epoch=J2016.0
#   meta: !!omap
#   - {ucd: POS_ANG_DIST_GENERAL}
#   - {width: 7}
#   - {precision: '4'}
# - name: HIP
#   datatype: int32
#   description: '? HIP cross-id number, van Leeuwen, Cat. I/311 (hip_original_ext_source_id)'
#   meta: !!omap
#   - {ucd: ID_NUMBER}
#   - {width: 6}
#   - values: {'null': -2147483648}
# - name: TYC2
#   datatype: string
#   description: Tycho-2 cross-id name, Hog et al., Cat. I/259 (tyc2_original_ext_source_id)
#   meta: !!omap
#   - {ucd: ID_CROSSID}
#   - {_votable_string_dtype: char}
# - name: Source
#   datatype: int64
#   description: Source identifier, identical to the Gaia-EDR3 source_id (id)
#   meta: !!omap
#   - {ucd: ID_MAIN}
#   - {width: 19}
# - name: rgeo
#   unit: pc
#   datatype: float64
#   format: '{:15.8f}'
#   description: '? Median of the geometric distance posterior (r_med_geo)'
#   meta: !!omap
#   - {ucd: PHYS_DISTANCE_TRUE}
#   - {width: 15}
#   - {precision: '8'}
#   - values: {'null': .nan}
# - name: Plx
#   unit: mas
#   datatype: float64
#   format: '{:9.4f}'
#   description: '? Parallax (parallax)'
#   meta: !!omap
#   - {ucd: POS_PARLX_TRIG}
#   - {width: 9}
#   - {precision: '4'}
#   - values: {'null': .nan}
# - name: e_Plx
#   unit: mas
#   datatype: float32
#   format: '{:7.4f}'
#   description: '? Standard error of parallax (parallax_error)'
#   meta: !!omap
#   - {ucd: ERROR}
#   - {width: 7}
#   - {precision: '4'}
#   - values: {'null': .nan}
# - name: pmRA
#   unit: mas / yr
#   datatype: float64
#   format: '{:9.3f}'
#   description: '? Proper motion in right ascension direction, pmRA*cosDE (pmra)'
#   meta: !!omap
#   - {ucd: POS_EQ_PMRA}
#   - {width: 9}
#   - {precision: '3'}
#   - values: {'null': .nan}
# - name: pmDE
#   unit: mas / yr
#   datatype: float64
#   format: '{:9.3f}'
#   description: '? Proper motion in declination direction (pmdec)'
#   meta: !!omap
#   - {ucd: POS_EQ_PMDEC}
#   - {width: 9}
#   - {precision: '3'}
#   - values: {'null': .nan}
# - name: e_pmRA
#   unit: mas / yr
#   datatype: float32
#   format: '{:6.3f}'
#   description: '? Standard error of proper motion in right ascension direction (pmra_error)'
#   meta: !!omap
#   - {ucd: ERROR}
#   - {width: 6}
#   - {precision: '3'}
#   - values: {'null': .nan}
# - name: e_pmDE
[...]
#         value: !astropy.table.SerializedColumn {name: SkyCoord.dec}
#       distance: !astropy.table.SerializedColumn
#         __class__: astropy.coordinates.distances.Distance
#         unit: !astropy.units.Unit {unit: pc}
#         value: !astropy.table.SerializedColumn {name: SkyCoord.distance}
#       frame: icrs
#       obstime: !astropy.time.Time {format: jyear_str, in_subfmt: '*', jd1: 367701545.0, jd2: 0.0, out_subfmt: '*', precision: 3, scale: tt}
#       pm_dec: !astropy.table.SerializedColumn
#         __class__: astropy.units.quantity.Quantity
#         unit: !astropy.units.Unit {unit: mas / yr}
#         value: !astropy.table.SerializedColumn {name: SkyCoord.pm_dec}
#       pm_ra_cosdec: !astropy.table.SerializedColumn
#         __class__: astropy.units.quantity.Quantity
#         unit: !astropy.units.Unit {unit: mas / yr}
#         value: !astropy.table.SerializedColumn {name: SkyCoord.pm_ra_cosdec}
#       ra: !astropy.table.SerializedColumn
#         __class__: astropy.coordinates.angles.Longitude
#         unit: *id001
#         value: !astropy.table.SerializedColumn {name: SkyCoord.ra}
#         wrap_angle: !astropy.coordinates.Angle
#           unit: *id001
#           value: 360.0
#       representation_type: spherical
# schema: astropy-2.0
RA_ICRS_1 DE_ICRS_1 e_RA_ICRS e_DE_ICRS _r_1 HIP TYC2 Source rgeo Plx e_Plx pmRA pmDE e_pmRA e_pmDE RUWE Teff logg Gmag BP-RP BPmag RPmag RV e_RV b_rgeo B_rgeo FG e_FG FBP e_FBP FRP e_FRP RAVE5 RAVE6 e_Gmag e_BPmag e_RPmag e_BP-RP SkyCoord.ra SkyCoord.dec SkyCoord.distance SkyCoord.pm_ra_cosdec SkyCoord.pm_dec rmRA rmDE e_rmRA e_rmDE rRV e_rRV v_pec v_pec3d e_vpec e_vpec3d
[from data line 2058]
270.84268838455 -24.74726016386 0.0461 0.038 27.544 "" "" 4065959163067980288 1174.25342 0.8392 0.06 -2.027 -4.802 0.061 0.044 1.032 4702.7 4.4156 16.292517 1.257593 16.851492 15.593899 "" "" 1103.67004 1262.76636 5727.16632 4.2633 2482.1 14.374 4587.7 10.918 "" "" 0.002871412789454097 0.006878848 0.004578227 0.011457075 270.84268838455 -24.74726016386 1174.25342 -2.027 -4.802 -3.3673030633926393 -2.757621242523193 0.3740463 0.3570463 "" "" 24.22517388972033 "" 8.898304514735875 ""
271.61964607472 -24.36300887278 0.05 0.0405 27.9237 "" "" 4066056607283855360 1068.19482 0.9143 0.0556 -3.506 -5.406 0.058 0.046 1.065 4834.0 4.508 16.293892 1.326728 16.878498 15.55177 "" "" 1014.39948 1156.19385 5719.91606 4.3803 2421.1 10.045 4769.3 19.761 "" "" 0.0028780385850271963 0.0052987696 0.005875478 0.011174248 271.61964607472 -24.36300887278 1068.19482 -3.5060000000000047 -5.406000000000001 -4.846303063392639 -3.361621242523193 0.3710463 0.3590463 "" "" 29.863330382421747 "" 10.965550674819067 ""
271.01993574735 -24.44368970489 0.0621 0.0543 7.1073 "" "" 4065973010042942208 1170.38745 0.8219 0.075 1.126 -1.964 0.077 0.054 1.083 5304.3 3.8128 16.294048 1.861153 17.207754 15.346602 "" "" 1073.6991 1278.07788 5719.09701 9.149 1787.8 31.1 5761.3 59.408 "" "" 0.0032570770044729204 0.019092103 0.011816343 0.030908447 271.01993574735 -24.44368970489 1170.38745 1.126 -1.964 -0.21430306339263927 0.08037875747680667 0.3900463 0.3670463 "" "" 1.2697490226183243 "" 0.4917529660591602 ""
270.95464667418 -24.62088256172 0.0485 0.0403 17.9212 "" "" 4065962289804203648 1242.58813 0.7839 0.0583 1.608 -6.453 0.064 0.044 1.027 4835.9 4.3453 16.29598 1.402402 16.916443 15.514041 "" "" 1147.82312 1335.61804 5708.92621 3.5212 2338.0 10.891 4937.9 26.433 "" "" 0.0028355328829554045 0.005776221 0.0069327857 0.012709007 270.95464667418 -24.62088256172 1242.58813 1.6080000000000005 -6.452999999999999 0.26769693660736094 -4.408621242523194 0.37704632 0.3570463 "" "" 26.014021547778967 "" 9.290174887161019 ""
271.10823949952 -24.57104379654 0.0461 0.0388 12.831 "" "" 4065968195356384000 1229.73157 0.7857 0.0523 -11.102 -10.455 0.063 0.044 0.998 5607.9 4.1979 16.29643 1.603235 17.048456 15.445221 "" "" 1161.72559 1313.64087 5706.55936 3.4803 2070.3 9.9376 5261.0 13.472 "" "" 0.002833770055396567 0.005911514 0.0046918727 0.010603387 271.10823949952 -24.57104379654 1229.73157 -11.101999999999997 -10.455 -12.44230306339264 -8.410621242523193 0.3760463 0.3570463 "" "" 87.54060735156064 "" 32.4068632450857 ""
271.21190718957 -24.57499348237 0.0501 0.0451 14.2293 "" "" 4065956998404752128 1272.68652 0.7773 0.0577 1.213 -2.678 0.063 0.046 1.015 4910.1 4.4576 16.297108 1.30682 16.882904 15.576084 "" "" 1200.03027 1369.94934 5703.00361 3.6774 2411.3 13.698 4663.6 15.369 "" "" 0.002842874023831572 0.0067695486 0.00520445 0.0119739985 271.21190718957 -24.57499348237 1272.68652 1.213 -2.6779999999999995 -0.12730306339263908 -0.6336212425231933 0.3760463 0.3590463 "" "" 3.898725325524748 "" 1.4024529507826156 ""
270.94709882183 -24.22954184174 0.0491 0.0417 11.699 "" "" 4066027676388849408 1344.78064 0.713 0.0526 -0.796 -2.416 0.062 0.042 0.984 7604.9 4.4327 16.297739 1.405696 16.945595 15.539899 "" "" 1241.85559 1434.06689 5699.68494 3.2596 2276.0 26.317 4821.7 24.178 "" "" 0.002824417604431762 0.012860502 0.006627553 0.019488055 270.94709882183 -24.22954184174 1344.78064 -0.796 -2.4160000000000004 -2.1363030633926394 -0.3716212425231933 0.3750463 0.3550463 "" "" 13.821849715649877 "" 5.175924815484052 ""
270.80188434794 -23.99320891942 0.056 0.0476 27.5535 "" "" 4066139581728610816 1067.22424 0.9212 0.0548 -5.594 -8.44 0.074 0.051 0.954 4946.6 4.6474 16.298164 1.258218 16.849857 15.591639 "" "" 1010.31128 1155.04163 5697.45126 3.805 2485.8 12.081 4597.3 15.519 "" "" 0.0028491332843347725 0.005968956 0.0052646603 0.011233617 270.80188434794 -23.99320891942 1067.22424 -5.593999999999997 -8.44 -6.9343030633926395 -6.395621242523193 0.3870463 0.3640463 "" "" 47.72006637138512 "" 17.97370161253258 ""
271.23049416467 -24.31984431065 0.048 0.0391 7.0196 "" "" 4066066434169637632 1360.05188 0.708 0.0511 7.393 -14.336 0.062 0.044 0.935 8837.8 4.3409 16.298388 1.806433 17.162687 15.356255 "" "" 1283.40344 1449.0332 5696.28849 3.246 1863.6 10.784 5710.3 13.242 "" "" 0.002823929953683423 0.0068744677 0.0045412527 0.01141572 271.23049416467 -24.31984431065 1360.05188 7.392999999999999 -14.336000000000004 6.052696936607361 -12.291621242523194 0.3750463 0.3570463 "" "" 88.32589368591617 "" 31.852944264052635 ""
271.15707302534 -24.01727357727 0.0468 0.038 20.5656 "" "" 4066130545117352576 1156.92493 0.8412 0.0508 1.359 0.408 0.055 0.04 0.96 5282.5 4.6472 16.29858 1.270885 16.803278 15.532393 "" "" 1086.50879 1224.46838 5695.27416 3.8114 2594.8 25.521 4855.1 76.223 "" "" 0.002849514693175043 0.011037189 0.017459555 0.028496742 271.15707302534 -24.01727357727 1156.92493 1.359 0.408 0.018696936607360826 2.4523787574768066 0.3680463 0.3530463 "" "" 13.448804741249646 "" 4.748062700939962 ""
270.9053594213 -24.37976986624 0.0638 0.0559 11.2016 "" "" 4066021251117427072 1231.69946 0.7861 0.0755 1.871 -2.243 0.076 0.055 1.014 4791.5 3.3816 16.300083 2.430074 17.627554 15.19748 "" "" 1125.03271 1358.87292 5687.39665 25.294 1214.5 124.51 6609.5 304.31 "" "" 0.005559489725157339 0.11134416 0.050131373 0.16147554 270.9053594213 -24.37976986624 1231.69946 1.8709999999999998 -2.243 0.5306969366073608 -0.19862124252319324 0.3890463 0.3680463 "" "" 3.308234123389173 "" 1.2787239543640065 ""
270.70905050716 -24.01255665689 0.048 0.0414 30.1053 "" "" 4066046432489594368 1297.00964 0.7529 0.0528 2.04 -7.009 0.061 0.043 1.053 4993.8 4.598 16.300266 1.28937 16.875338 15.585968 "" "" 1212.90015 1392.7085 5686.43896 3.3081 2428.2 12.694 4621.4 19.828 "" "" 0.0028267906661939464 0.006324668 0.0059986417 0.01232331 270.70905050716 -24.01255665689 1297.00964 2.04 -7.009000000000002 0.6996969366073609 -4.964621242523194 0.3740463 0.35604632 "" "" 30.82326306011293 "" 10.98558269613378 ""
271.07321216972 -24.24146397527 0.0676 0.0621 7.2115 "" "" 4066117389650246400 1197.46631 0.8145 0.0688 0.995 -1.962 0.09 0.067 1.048 "" "" 16.301222 2.160199 17.312172 15.151973 "" "" 1116.71887 1289.49866 5681.43241 7.5243 1623.9 22.958 6892.4 92.551 "" "" 0.003107954782176841 0.015601199 0.015061143 0.030662343 271.07321216972 -24.24146397527 1197.46631 0.995 -1.9619999999999997 -0.34530306339263916 0.08237875747680667 0.4030463 0.3800463 "" "" 2.014940307294647 "" 0.8096862071789578 ""
271.40395423828 -24.83253105414 0.0496 0.0442 32.7518 "" "" 4065758261724486272 1133.75049 0.8578 0.0538 3.286 -2.409 0.062 0.046 0.989 5266.0 4.5942 16.302795 1.242722 16.849382 15.60666 "" "" 1075.59424 1205.83228 5673.20897 2.9504 2486.9 10.284 4534.1 13.41 "" "" 0.0028125815123738163 0.0052861567 0.0049593626 0.010245519 271.40395423828 -24.83253105414 1133.75049 3.2860000000000027 -2.4090000000000025 1.9456969366073609 -0.36462124252319317 0.3750463 0.3590463 "" "" 10.63814777582821 "" 3.984142565892201 ""
271.65158355306 -24.26956909241 0.0469 0.0432 30.1402 "" "" 4066059699660399616 1081.88635 0.8995 0.0648 2.337 -3.62 0.063 0.048 0.981 4880.0 4.6063 16.303133 1.353784 16.888279 15.534495 "" "" 1011.92999 1156.13806 5671.44632 3.6218 2399.4 10.326 4845.7 12.723 "" "" 0.0028412196274697197 0.00544222 0.0047339657 0.0101761855 271.65158355306 -24.26956909241 1081.88635 2.337 -3.62 0.996696936607361 -1.5756212425231935 0.3760463 0.3610463 "" "" 9.560906257360973 "" 3.4935170913982287 ""
271.14517716013 -23.90669762843 0.0521 0.0443 27.1031 "" "" 4066132434903353216 1375.31128 0.692 0.0596 -0.891 1.178 0.067 0.047 0.899 "" "" 16.30387 3.663369 18.588894 14.925525 "" "" 1265.91821 1502.02087 5667.6002 5.1489 501.03 10.253 8490.8 20.867 "" "" 0.0029265532270066007 0.022392847 0.0046264012 0.027019247 271.14517716013 -23.90669762843 1375.31128 -0.8909999999999999 1.178 -2.231303063392639 3.2223787574768066 0.3800463 0.3600463 "" "" 25.551089388970883 "" 9.36824256431074 ""
271.18852959959 -24.28266765123 0.0705 0.0576 6.2446 "" "" 4066069732704547840 1279.48621 0.7559 0.0753 0.794 -1.474 0.088 0.063 1.224 5177.0 3.6872 16.304237 1.946925 17.250986 15.304061 "" "" 1169.12036 1407.44495 5665.67758 9.7983 1718.0 16.351 5991.5 30.159 "" "" 0.003334291157374212 0.010703518 0.0066447034 0.017348222 271.18852959959 -24.28266765123 1279.48621 0.794 -1.4739999999999998 -0.5463030633926391 0.5703787574768067 0.4010463 0.3760463 "" "" 4.789931620252722 "" 1.8594920528744832 ""
270.9261417706 -24.20993875901 0.0496 0.0418 13.3367 "" "" 4066027951266768640 1375.41846 0.6982 0.0528 1.232 -7.465 0.061 0.042 0.993 5768.2 4.4726 16.305159 1.57535 17.045027 15.469677 "" "" 1283.43848 1479.45044 5660.87649 3.5341 2076.9 18.977 5143.8 16.859 "" "" 0.002837470726719008 0.010305464 0.0051910444 0.015496509 270.9261417706 -24.20993875901 1375.41846 1.232 -7.465 -0.10830306339263918 -5.420621242523193 0.3740463 0.3550463 "" "" 35.3467037264811 "" 12.54999160249998 ""
271.54684568137 -24.52216029739 0.0595 0.0456 25.8937 "" "" 4065861405285731840 1387.08374 0.6878 0.0609 -3.804 -6.474 0.07 0.049 1.057 8889.2 4.1852 16.30619 1.927806 17.264343 15.336537 "" "" 1292.68689 1515.34607 5655.49633 4.0862 1697.0 11.873 5814.9 17.617 "" "" 0.002864816529963451 0.00809253 0.005010364 0.013102895 271.54684568137 -24.52216029739 1387.08374 -3.803999999999996 -6.474 -5.144303063392639 -4.429621242523194 0.3830463 0.3620463 "" "" 44.633679993678435 "" 16.704124084150344 ""
270.68670398262 -24.2745904511 0.0562 0.0499 23.6057 "" "" 4066038053029916032 1280.79431 0.7583 0.067 1.873 -2.019 0.071 0.05 0.965 9119.5 4.1515 16.308014 2.13654 17.393608 15.257069 "" "" 1158.49768 1392.54285 5646.00168 20.418 1506.5 27.608 6256.5 68.0 "" "" 0.0047967222250341396 0.020091794 0.01239098 0.032482773 270.68670398262 -24.2745904511 1280.79431 1.873 -2.019 0.5326969366073608 0.025378757476806513 0.38404632 0.36304632 "" "" 3.2376525806223393 "" 1.2432587740125116 ""
270.91894592525 -24.39229519585 0.0499 0.0463 10.5879 "" "" 4066021044958931840 1427.94434 0.668 0.0612 1.879 -1.86 0.061 0.044 0.899 "" "" 16.308035 2.404738 17.577827 15.173089 "" "" 1309.95959 1554.76416 5645.89101 15.566 1271.4 185.45 6759.6 486.51 "" "" 0.0040684643759961 0.15839311 0.07823524 0.23662835 270.91894592525 -24.39229519585 1427.94434 1.879 -1.8600000000000003 0.5386969366073608 0.18437875747680654 0.3740463 0.3570463 "" "" 3.853801769356812 "" 1.4347706301042205 ""
270.66998269558 -24.4519584488 0.0521 0.0476 24.6419 "" "" 4066016749991738880 1088.47351 0.8907 0.0702 5.072 -0.03 0.062 0.046 1.02 4510.0 4.3804 16.308086 1.509387 17.000757 15.49137 "" "" 1010.54639 1183.56775 5645.62395 5.376 2163.3 15.196 5042.1 18.754 "" "" 0.002942907487204654 0.008121061 0.0055310223 0.013652083 270.66998269558 -24.4519584488 1088.47351 5.071999999999995 -0.03000000000000002 3.731696936607361 2.014378757476807 0.3750463 0.3590463 "" "" 21.879163057176186 "" 8.128028184130624 ""
270.59210536444 -24.23386108033 0.0555 0.0493 29.2093 "" "" 4066036468154488832 1105.69714 0.8911 0.0659 -8.876 -11.082 0.066 0.051 1.013 5040.6 4.6835 16.308783 1.239702 16.84965 15.609947 "" "" 1039.07788 1202.62952 5642.01068 3.4914 2486.3 12.099 4520.4 15.767 "" "" 0.002836055113182267 0.0059749675 0.0053502503 0.011325218 270.59210536444 -24.23386108033 1105.69714 -8.876 -11.082 -10.216303063392639 -9.037621242523194 0.37904632 0.3640463 "" "" 71.48765526259938 "" 26.631691704058074 ""
271.20904129897 -23.89957119036 0.0532 0.0456 28.0006 "" "" 4066133774933172736 1180.39465 0.823 0.0635 1.666 -4.456 0.065 0.047 1.058 4894.0 4.4689 16.309599 1.314829 16.897873 15.583044 "" "" 1096.51477 1274.75061 5637.76425 3.6569 2378.3 15.285 4633.8 16.409 "" "" 0.0028438997362756177 0.007515036 0.00539128 0.012906317 271.20904129897 -23.89957119036 1180.39465 1.665999999999999 -4.455999999999999 0.32569693660736077 -2.4116212425231938 0.3780463 0.3600463 "" "" 13.615688626008367 "" 4.906776020620423 ""
271.07647277933 -24.84683094051 0.0546 0.0544 29.4311 "" "" 4065943013990523648 1103.81079 0.8988 0.0755 1.564 -0.08 0.066 0.053 0.948 6018.1 4.464 16.311306 1.645821 17.090351 15.444531 "" "" 1028.4845 1193.17371 5628.90916 4.8213 1991.9 10.572 5264.4 16.271 "" "" 0.002908025924561452 0.0064024925 0.0050541856 0.011456678 271.07647277933 -24.84683094051 1103.81079 1.5640000000000014 -0.08 0.2236969366073609 1.9643787574768066 0.37904632 0.3660463 "" "" 10.344179477342351 "" 3.7882004132290215 ""
271.34629800062 -24.81996684069 0.0507 0.0517 30.6408 "" "" 4065761147942586368 1132.4021 0.875 0.0681 -0.06 -5.034 0.057 0.046 0.952 4843.4 4.1962 16.31175 1.275689 16.872326 15.596637 "" "" 1045.10083 1231.94971 5626.60773 4.1857 2434.9 11.974 4576.2 17.753 "" "" 0.0028712637747688825 0.006024361 0.005659054 0.011683416 271.34629800062 -24.81996684069 1132.4021 -0.06000000000000006 -5.034 -1.4003030633926392 -2.989621242523193 0.37004632 0.3590463 "" "" 17.720094555137678 "" 6.397842147325004 ""
270.71949754362 -24.5942381121 0.0505 0.0431 25.5783 "" "" 4066011733469820928 1410.12683 0.684 0.0662 0.526 0.448 0.059 0.043 0.952 "" "" 16.311802 1.920976 17.254751 15.333775 "" "" 1304.55811 1574.15833 5626.33871 3.5925 1712.0 10.837 5829.7 15.695 "" "" 0.002841196362687725 0.007417516 0.0047778734 0.01219539 270.71949754362 -24.5942381121 1410.12683 0.5260000000000001 0.44800000000000006 -0.8143030633926391 2.4923787574768066 0.3720463 0.35604632 "" "" 17.52565163558779 "" 6.267535630044928 ""
271.66158372054 -24.23384842882 0.0453 0.0371 31.1219 "" "" 4066059905818865536 1074.69153 0.9067 0.0521 3.072 2.939 0.058 0.045 0.934 4735.3 4.4016 16.311882 1.259388 16.86615 15.606762 "" "" 1009.36658 1143.22632 5625.92367 3.4583 2448.8 9.7909 4533.7 10.087 "" "" 0.002835000249220358 0.005160393 0.0044854297 0.009645823 271.66158372054 -24.23384842882 1074.69153 3.072000000000003 2.939 1.731696936607361 4.983378757476807 0.3710463 0.3580463 "" "" 26.87453227974635 "" 9.660575845996805 ""
270.66543974773 -24.35518303582 0.0786 0.0699 24.2348 "" "" 4066019734961582336 1022.37921 0.9726 0.0887 2.031 -1.777 0.103 0.076 1.386 5456.9 4.5541 16.313255 1.893274 17.137753 15.244478 "" "" 915.534607 1106.97742 5618.81332 45.454 1906.8 69.211 6329.5 123.15 "" "" 0.00920521853643474 0.039507546 0.021460058 0.0609676 270.66543974773 -24.35518303582 1022.37921 2.031000000000003 -1.7770000000000015 0.690696936607361 0.2673787574768067 0.41604632 0.3890463 "" "" 3.5892185947561934 "" 1.4810107374024735 ""
271.1620272003 -24.45463969189 0.0478 0.0399 6.5299 "" "" 4065970742300156928 1279.09875 0.7579 0.0528 1.868 -2.508 0.069 0.046 0.91 6352.2 4.0317 16.314362 2.267296 17.498024 15.230728 "" "" 1186.13025 1379.9425 5613.08772 12.027 1368.4 23.968 6410.1 43.883 "" "" 0.003606079870006273 0.01922064 0.008338531 0.027559172 271.1620272003 -24.45463969189 1279.09875 1.8679999999999999 -2.508 0.527696936607361 -0.46362124252319337 0.3820463 0.3590463 "" "" 4.25878605705078 "" 1.5851266848035344 ""
270.99387925119 -23.94938595657 0.0524 0.0443 25.2645 "" "" 4066137971148361856 1431.70593 0.6782 0.0542 0.238 -4.292 0.067 0.047 1.009 "" "" 16.316696 2.25418 17.495186 15.241006 "" "" 1332.16406 1538.40723 5601.03677 3.9912 1372.0 9.6173 6349.7 9.1859 "" "" 0.0028618813133021253 0.008106015 0.0040927767 0.012198791 270.99387925119 -23.94938595657 1431.70593 0.23800000000000004 -4.292 -1.1023030633926392 -2.247621242523193 0.3800463 0.3600463 "" "" 16.98860123377688 "" 6.184019810184526 ""
