Clusters/NGC_6530/NGC_6530_stars_in_region.tsv
# %ECSV 1.0
# ---
# datatype:
# - name: RA_ICRS_1
#   unit: deg
#   datatype: float64
#   format: '{:15.11f}'
#   description: Right ascension (ICRS) at Ep=2016.0 (ra)
#   meta: !!omap
#   - {ucd: POS_EQ_RA_MAIN}
#   - {width: 15}
#   - {precision: '11'}
# - name: DE_ICRS_1
#   unit: deg
#   datatype: float64
#   format: '{:15.11f}'
#   description: Declination (ICRS) at Ep=2016.0 (dec)
#   meta: !!omap
#   - {ucd: POS_EQ_DEC_MAIN}
#   - {width: 15}
#   - {precision: '11'}
# - name: e_RA_ICRS
#   unit: mas
#   datatype: float64
#   format: '{:7.4f}'
#   description: Standard error of right ascension (ra_error)
#   meta: !!omap
#   - {ucd: ERROR}
#   - {width: 7}
#   - {precision: '4'}
# - name: e_DE_ICRS
#   unit: mas
#   datatype: float64
#   format: '{:7.4f}'
#   description: Standard error of declination (dec_error)
#   meta: !!omap
#   - {ucd: ERROR}
#   - {width: 7}
#   - {precision: '4'}
# - name: _r_1
#   unit: ''
#   datatype: float64
#   format: '{:7.4f}'
#   description: Distance from center (271.10880746000-24.35719442000)[ICRS], at Epoch=J2016.0
#   meta: !!omap
#   - {ucd: POS_ANG_DIST_GENERAL}
#   - {width: 7}
#   - {precision: '4'}
# - name: HIP
#   datatype: int32
#   description: '? HIP cross-id number, van Leeuwen, Cat. I/311 (hip_original_ext_source_id)'
#   meta: !!omap
#   - {ucd: ID_NUMBER}
#   - {width: 6}
#   - values: {'null': -2147483648}
# - name: TYC2
#   datatype: string
#   description: Tycho-2 cross-id name, Hog et al., Cat. I/259 (tyc2_original_ext_source_id)
#   meta: !!omap
#   - {ucd: ID_CROSSID}
#   - {_votable_string_dtype: char}
# - name: Source
#   datatype: int64
#   description: Source identifier, identical to the Gaia-EDR3 source_id (id)
#   meta: !!omap
#   - {ucd: ID_MAIN}
#   - {width: 19}
# - name: rgeo
#   unit: pc
#   datatype: float64
#   format: '{:15.8f}'
#   description: '? Median of the geometric distance posterior (r_med_geo)'
#   meta: !!omap
#   - {ucd: PHYS_DISTANCE_TRUE}
#   - {width: 15}
#   - {precision: '8'}
#   - values: {'null': .nan}
# - name: Plx
#   unit: mas
#   datatype: float64
#   format: '{:9.4f}'
#   description: '? Parallax (parallax)'
#   meta: !!omap
#   - {ucd: POS_PARLX_TRIG}
#   - {width: 9}
#   - {precision: '4'}
#   - values: {'null': .nan}
# - name: e_Plx
#   unit: mas
#   datatype: float32
#   format: '{:7.4f}'
#   description: '? Standard error of parallax (parallax_error)'
#   meta: !!omap
#   - {ucd: ERROR}
#   - {width: 7}
#   - {precision: '4'}
#   - values: {'null': .nan}
# - name: pmRA
#   unit: mas / yr
#   datatype: float64
#   format: '{:9.3f}'
#   description: '? Proper motion in right ascension direction, pmRA*cosDE (pmra)'
#   meta: !!omap
#   - {ucd: POS_EQ_PMRA}
#   - {width: 9}
#   - {precision: '3'}
#   - values: {'null': .nan}
# - name: pmDE
#   unit: mas / yr
#   datatype: float64
#   format: '{:9.3f}'
#   description: '? Proper motion in declination direction (pmdec)'
#   meta: !!omap
#   - {ucd: POS_EQ_PMDEC}
#   - {width: 9}
#   - {precision: '3'}
#   - values: {'null': .nan}
# - name: e_pmRA
#   unit: mas / yr
#   datatype: float32
#   format: '{:6.3f}'
#   description: '? Standard error of proper motion in right ascension direction (pmra_error)'
#   meta: !!omap
#   - {ucd: ERROR}
#   - {width: 6}
#   - {precision: '3'}
#   - values: {'null': .nan}
# - name: e_pmDE
[...]
#         value: !astropy.table.SerializedColumn {name: SkyCoord.dec}
#       distance: !astropy.table.SerializedColumn
#         __class__: astropy.coordinates.distances.Distance
#         unit: !astropy.units.Unit {unit: pc}
#         value: !astropy.table.SerializedColumn {name: SkyCoord.distance}
#       frame: icrs
#       obstime: !astropy.time.Time {format: jyear_str, in_subfmt: '*', jd1: 367701545.0, jd2: 0.0, out_subfmt: '*', precision: 3, scale: tt}
#       pm_dec: !astropy.table.SerializedColumn
#         __class__: astropy.units.quantity.Quantity
#         unit: !astropy.units.Unit {unit: mas / yr}
#         value: !astropy.table.SerializedColumn {name: SkyCoord.pm_dec}
#       pm_ra_cosdec: !astropy.table.SerializedColumn
#         __class__: astropy.units.quantity.Quantity
#         unit: !astropy.units.Unit {unit: mas / yr}
#         value: !astropy.table.SerializedColumn {name: SkyCoord.pm_ra_cosdec}
#       ra: !astropy.table.SerializedColumn
#         __class__: astropy.coordinates.angles.Longitude
#         unit: *id001
#         value: !astropy.table.SerializedColumn {name: SkyCoord.ra}
#         wrap_angle: !astropy.coordinates.Angle
#           unit: *id001
#           value: 360.0
#       representation_type: spherical
# schema: astropy-2.0
RA_ICRS_1 DE_ICRS_1 e_RA_ICRS e_DE_ICRS _r_1 HIP TYC2 Source rgeo Plx e_Plx pmRA pmDE e_pmRA e_pmDE RUWE Teff logg Gmag BP-RP BPmag RPmag RV e_RV b_rgeo B_rgeo FG e_FG FBP e_FBP FRP e_FRP RAVE5 RAVE6 e_Gmag e_BPmag e_RPmag e_BP-RP SkyCoord.ra SkyCoord.dec SkyCoord.distance SkyCoord.pm_ra_cosdec SkyCoord.pm_dec rmRA rmDE e_rmRA e_rmDE rRV e_rRV v_pec v_pec3d e_vpec e_vpec3d
[from data line 2378]
270.91273520684 -24.0094524246 0.0577 0.0481 23.4628 "" "" 4066136562399357952 1263.55444 0.773 0.06 0.758 -3.505 0.077 0.051 0.99 4721.8 4.4785 16.554678 1.511084 17.255398 15.744314 "" "" 1169.02856 1337.16772 4498.57742 3.704 1711.0 9.2682 3994.2 10.207 "" "" 0.0028967156017697046 0.0065095434 0.0046884813 0.011198025 270.91273520684 -24.0094524246 1263.55444 0.7579999999999993 -3.505 -0.5823030633926392 -1.4606212425231933 0.3900463 0.3640463 "" "" 9.417587921179644 "" 3.4630422352059993 ""
271.13051412781 -24.31324206562 0.0644 0.0528 2.8918 "" "" 4066069247348193792 1370.23804 0.7193 0.0688 -5.058 -2.674 0.087 0.059 0.993 4891.5 4.6369 16.55608 1.343386 17.139326 15.79594 "" "" 1259.87915 1509.13684 4492.77436 3.0861 1904.1 19.188 3808.7 12.306 "" "" 0.0028544702055912376 0.0112913465 0.0051565557 0.016447902 271.13051412781 -24.31324206562 1370.23804 -5.058 -2.6739999999999995 -6.398303063392639 -0.6296212425231933 0.4000463 0.3720463 "" "" 41.75723974019939 "" 16.694004402895473 ""
271.058647272 -24.67880003932 0.086 0.079 19.4897 "" "" 4065949576700816000 1410.41772 0.7251 0.1114 -0.366 -0.307 0.105 0.078 1.467 "" "" 16.557032 1.772976 17.29402 15.521044 "" "" 1203.44861 1720.45471 4488.84146 6.3815 1651.2 12.063 4906.1 38.22 "" "" 0.003158203487045264 0.008408381 0.009264184 0.017672565 271.058647272 -24.67880003932 1410.41772 -0.366 -0.307 -1.7063030633926393 1.7373787574768067 0.4180463 0.39104632 "" "" 16.279902497256636 "" 6.58567525543014 ""
270.60081802353 -24.34382562376 0.0563 0.0486 27.7795 "" "" 4066031696477998080 1242.91956 0.7902 0.0666 0.34 -3.582 0.073 0.05 1.062 4998.6 4.6344 16.557331 1.334205 17.152494 15.81829 "" "" 1157.29236 1360.14075 4487.59895 3.1874 1881.1 12.26 3731.1 12.164 "" "" 0.002861203167782142 0.0076064644 0.005178132 0.0127845965 270.60081802353 -24.34382562376 1242.91956 0.34 -3.582 -1.000303063392639 -1.5376212425231932 0.3860463 0.36304632 "" "" 10.807033482245108 "" 3.998982071281141 ""
270.94511851841 -24.251879068 0.056 0.048 10.9566 "" "" 4066024618372127360 1157.50769 0.853 0.0591 -10.354 -4.546 0.07 0.049 0.997 4507.8 4.1908 16.557964 1.314908 17.162544 15.847636 "" "" 1085.52686 1241.06433 4484.98534 2.8142 1863.8 12.64 3631.6 15.833 "" "" 0.00283829455349977 0.007874207 0.006057267 0.013931474 270.94511851841 -24.251879068 1157.50769 -10.354 -4.546 -11.694303063392638 -2.5016212425231936 0.3830463 0.3620463 "" "" 65.61343404771651 "" 25.074273294322314 ""
270.5517061097 -24.45744296831 0.0724 0.067 31.0274 "" "" 4066017471536968064 1145.297 0.9019 0.0994 1.939 3.696 0.082 0.063 0.988 "" "" 16.558548 "" "" "" "" "" 1007.33075 1311.06958 4482.57488 3.6405 "" "" "" "" "" "" 0.002892977122069645 "" "" "" 270.5517061097 -24.45744296831 1145.297 1.9389999999999998 3.6959999999999997 0.5986969366073609 5.740378757476806 0.3950463 0.3760463 "" "" 31.331868808965556 "" 11.788799146777208 ""
271.44320026833 -24.24502463336 0.0582 0.0487 19.485 "" "" 4066073714115252864 1275.02832 0.7692 0.0627 0.815 -1.595 0.077 0.054 1.136 6011.9 4.4767 16.562021 1.544431 17.223497 15.679067 "" "" 1182.99805 1378.18457 4468.25816 3.7382 1762.0 8.1636 4241.6 14.62 "" "" 0.0029011844791041546 0.005752364 0.005318717 0.011071081 271.44320026833 -24.24502463336 1275.02832 0.815 -1.5950000000000004 -0.5253030633926392 0.44937875747680667 0.3900463 0.3670463 "" "" 4.1779157663496065 "" 1.5896834462815872 ""
271.1972780775 -24.60813650654 0.0543 0.0485 15.8126 "" "" 4065955417856996480 1401.57532 0.7018 0.0662 -3.851 -7.336 0.069 0.05 0.906 4954.4 4.6549 16.56246 1.295266 17.131004 15.835738 "" "" 1286.87256 1509.07849 4466.44982 2.5655 1918.7 10.802 3671.7 13.171 "" "" 0.002825016122204538 0.0067192367 0.0054270197 0.012146257 271.1972780775 -24.60813650654 1401.57532 -3.8510000000000004 -7.335999999999999 -5.191303063392639 -5.291621242523194 0.3820463 0.36304632 "" "" 49.24726544226084 "" 18.343898641528728 ""
270.78759739176 -24.03018635564 0.0624 0.0541 26.3441 "" "" 4066139203770575872 1434.9834 0.6782 0.0618 1.292 -2.029 0.08 0.057 0.983 "" "" 16.563387 1.886931 17.497606 15.610676 "" "" 1313.57544 1594.17285 4462.64234 3.2548 1368.9 9.5098 4517.4 15.895 "" "" 0.002866854580728479 0.008042177 0.005373857 0.013416034 270.78759739176 -24.03018635564 1434.9834 1.2919999999999998 -2.029 -0.04830306339263912 0.015378757476806726 0.39304632 0.37004632 "" "" 0.34479881513113186 "" 0.13481151280587275 ""
271.32736456119 -24.38025854573 0.0587 0.0488 12.025 "" "" 4066054816258320256 1216.69531 0.8252 0.0605 2.851 -0.91 0.081 0.055 1.01 6085.8 4.4846 16.563692 1.522028 17.256695 15.734667 "" "" 1129.89282 1340.599 4461.3895 3.0363 1709.0 13.839 4029.9 15.521 "" "" 0.0028526821954161915 0.009224102 0.0056364965 0.014860598 271.32736456119 -24.38025854573 1216.69531 2.8509999999999995 -0.9099999999999999 1.5106969366073608 1.1343787574768065 0.3940463 0.3680463 "" "" 10.89518705318753 "" 4.193279684652286 ""
271.12260801498 -24.44404876751 0.0525 0.045 5.2655 "" "" 4065971150291283200 1069.95178 0.885 0.0585 -0.268 -0.869 0.07 0.049 1.01 4835.7 4.6235 16.565725 1.395782 17.212872 15.81709 "" "" 992.713074 1159.05676 4453.03786 2.7633 1779.4 16.381 3735.3 32.655 "" "" 0.002836498283340247 0.010377326 0.010216553 0.020593878 271.12260801498 -24.44404876751 1069.95178 -0.2680000000000002 -0.8690000000000004 -1.6083030633926392 1.1753787574768066 0.3830463 0.3620463 "" "" 10.102684829189602 "" 3.7972789137061014 ""
270.57988521066 -24.38769109314 0.059 0.0544 28.965 "" "" 4066029836724582272 1227.26355 0.8016 0.0831 1.056 0.795 0.08 0.051 0.981 9449.3 3.9784 16.565983 2.222132 17.707882 15.48575 "" "" 1111.22681 1358.37134 4451.98728 3.8371 1127.9 14.375 5068.2 20.519 "" "" 0.002909892185996823 0.014116121 0.00579705 0.01991317 270.57988521066 -24.38769109314 1227.26355 1.0559999999999994 0.7950000000000005 -0.2843030633926391 2.8393787574768066 0.39304632 0.3640463 "" "" 16.599909757773982 "" 6.048102562714955 ""
270.92755901859 -24.42146293134 0.0646 0.0587 10.6286 "" "" 4065974006475166464 1227.51953 0.7555 0.0796 -0.354 -4.676 0.074 0.056 0.912 7199.4 3.7848 16.56651 2.445248 17.69311 15.247862 "" "" 1100.99915 1339.84277 4449.82696 6.0205 1143.3 45.111 6309.8 114.18 "" "" 0.0031224462067066315 0.04293048 0.020007318 0.062937796 270.92755901859 -24.42146293134 1227.51953 -0.354 -4.676 -1.6943030633926393 -2.6316212425231935 0.3870463 0.3690463 "" "" 18.210975376531035 "" 6.818384034848335 ""
271.48761470166 -24.10986302853 0.1029 0.0899 25.4906 "" "" 4066077085660111488 1063.0116 0.9824 0.1256 -2.41 -6.067 0.136 0.099 1.874 4681.8 4.7282 16.568071 1.757814 17.359806 15.601992 "" "" 929.193481 1201.72192 4443.42934 6.6034 1554.2 11.491 4553.7 15.109 "" "" 0.0031929966653916893 0.008498488 0.005221229 0.013719717 271.48761470166 -24.10986302853 1063.0116 -2.41 -6.067 -3.7503030633926393 -4.0226212425231935 0.4490463 0.4120463 "" "" 27.71099679454308 "" 11.905978800058556 ""
271.58342644038 -24.11314763845 0.0539 0.0443 29.8113 "" "" 4066099591296579584 1038.99585 0.9417 0.0629 -7.529 -4.767 0.072 0.051 1.068 4833.0 4.6944 16.568123 1.497061 17.162664 15.665604 "" "" 956.200562 1107.13782 4443.21892 3.2169 1863.6 31.562 4294.5 69.304 "" "" 0.002865258079237543 0.01859855 0.01792442 0.03652297 271.58342644038 -24.11314763845 1038.99585 -7.529000000000006 -4.767000000000004 -8.869303063392639 -2.7226212425231937 0.3850463 0.3640463 "" "" 45.69158551423688 "" 17.51281416948251 ""
271.45136731405 -24.18897199179 0.1002 0.0844 21.2823 "" "" 4066074229505061504 1221.23608 0.8206 0.1128 -0.031 -0.578 0.13 0.092 1.782 9250.1 3.6662 16.568325 2.139916 17.579296 15.43938 "" "" 1071.93079 1397.05029 4442.39377 14.397 1269.7 11.03 5289.4 20.423 "" "" 0.004469101633017002 0.009835933 0.0056442805 0.015480214 271.45136731405 -24.18897199179 1221.23608 -0.031 -0.5780000000000001 -1.371303063392639 1.4663787574768068 0.4430463 0.4050463 "" "" 11.621716942286463 "" 4.918303311846122 ""
271.67048767886 -24.34170044496 0.063 0.0541 30.7171 "" "" 4066057874274032640 1404.90674 0.7073 0.0892 -0.032 -1.822 0.078 0.055 0.956 "" "" 16.570082 1.978432 17.56469 15.586258 "" "" 1261.59448 1619.84741 4435.20904 3.382 1286.9 6.8811 4620.1 10.617 "" "" 0.0028770169462417365 0.006441159 0.0045286724 0.010969832 271.67048767886 -24.34170044496 1404.90674 -0.032 -1.822 -1.3723030633926392 0.22237875747680658 0.39104632 0.3680463 "" "" 9.257729066699035 "" 3.614908889992751 ""
271.5906206487 -24.54419281745 0.0708 0.0538 28.6082 "" "" 4065860752450682368 1322.16467 0.7352 0.0735 -1.872 -2.488 0.081 0.059 1.026 "" "" 16.570982 1.868883 17.471691 15.602808 "" "" 1196.9447 1462.00378 4431.53115 3.5816 1402.0 11.413 4550.2 17.748 "" "" 0.0028916772366672223 0.009268401 0.0056760996 0.014944501 271.5906206487 -24.54419281745 1322.16467 -1.872 -2.4880000000000004 -3.212303063392639 -0.44362124252319335 0.3940463 0.3720463 "" "" 20.322764900861138 "" 7.999972455361395 ""
271.47623270804 -24.42752916412 0.0577 0.0475 20.5164 "" "" 4066050903538311168 1117.75171 0.8749 0.0621 -1.059 -2.966 0.073 0.051 0.929 5065.1 4.6714 16.572266 1.426964 17.223408 15.796444 "" "" 1052.42798 1197.0304 4426.29989 3.082 1762.2 8.5018 3807.0 14.04 "" "" 0.0028571507521446098 0.0059349407 0.0055060703 0.011441011 271.47623270804 -24.42752916412 1117.75171 -1.059 -2.9660000000000037 -2.3993030633926393 -0.9216212425231936 0.3860463 0.3640463 "" "" 13.617403737148125 "" 5.219392140875482 ""
271.52806689866 -24.4468015544 0.0568 0.0451 23.5308 "" "" 4066050010214085760 1245.82202 0.783 0.0616 -4.779 -7.148 0.064 0.047 0.949 4711.6 4.2592 16.573889 1.801487 17.452301 15.650814 "" "" 1164.53784 1401.34192 4419.68079 3.0914 1427.2 8.1582 4353.4 17.753 "" "" 0.002858063248768635 0.0068046595 0.005821279 0.012625938 271.52806689866 -24.4468015544 1245.82202 -4.779 -7.1480000000000015 -6.119303063392639 -5.103621242523193 0.37704632 0.3600463 "" "" 47.054011242081415 "" 17.417831781844214 ""
271.12105010822 -24.51225230104 0.0619 0.0492 9.3275 "" "" 4065970089465122688 1042.63855 0.9332 0.0751 -2.145 -5.267 0.076 0.054 1.039 4960.0 4.7321 16.574173 1.289592 17.124092 15.8345 "" "" 970.213684 1119.10132 4418.52672 2.8238 1931.0 13.844 3675.9 19.327 "" "" 0.002841346657805867 0.008268974 0.0068462514 0.015115226 271.12105010822 -24.51225230104 1042.63855 -2.1450000000000027 -5.267 -3.485303063392639 -3.2226212425231937 0.3890463 0.3670463 "" "" 23.459460240696778 "" 8.892664152858526 ""
270.65131518878 -23.9840325175 0.0521 0.0463 33.5924 "" "" 4069049065605226880 1022.33191 0.9765 0.0601 0.855 -6.537 0.063 0.045 1.005 4916.6 4.543 16.57497 1.320555 17.16582 15.845264 "" "" 952.397095 1092.20996 4415.28578 3.3752 1858.2 13.097 3639.6 10.137 "" "" 0.002877611490058394 0.008145299 0.0048402715 0.01298557 270.65131518878 -23.9840325175 1022.33191 0.8549999999999993 -6.536999999999999 -0.4853030633926392 -4.492621242523193 0.3760463 0.3580463 "" "" 21.897233238492465 "" 7.844882300254332 ""
271.05363089348 -24.64197631796 0.0627 0.0535 17.3504 "" "" 4065949988999397632 1275.08875 0.7365 0.0761 0.606 1.066 0.09 0.059 0.969 6023.8 4.4946 16.575207 1.68984 17.259232 15.569391 "" "" 1139.79541 1448.1134 4414.3255 3.5283 1705.0 13.249 4692.5 208.42 "" "" 0.0028887517017381842 0.008886302 0.048371445 0.05725775 271.05363089348 -24.64197631796 1275.08875 0.6060000000000006 1.066 -0.7343030633926392 3.1103787574768065 0.4030463 0.3720463 "" "" 19.3156527993248 "" 7.219170055004916 ""
271.42943533447 -24.4051970119 0.0549 0.045 17.7572 "" "" 4066053613666213504 1195.01746 0.8085 0.0574 2.392 -10.801 0.07 0.05 0.96 4696.6 4.3678 16.575415 1.341129 17.19681 15.85568 "" "" 1127.729 1313.69897 4413.47887 3.06 1805.9 8.6439 3604.8 18.736 "" "" 0.0028563015022641954 0.0058985013 0.006791806 0.012690308 271.42943533447 -24.4051970119 1195.01746 2.392 -10.801 1.0516969366073607 -8.756621242523194 0.3830463 0.36304632 "" "" 49.95731334209599 "" 18.151411625365853 ""
270.77551764022 -24.74126901622 0.0551 0.0461 29.3583 "" "" 4065936653112843008 1009.66907 0.9741 0.0737 5.197 0.412 0.073 0.047 0.998 4429.0 4.4022 16.575943 1.469789 17.239214 15.769425 "" "" 940.088745 1095.41504 4411.32788 3.049 1736.7 12.363 3902.9 17.606 "" "" 0.0028556856082812584 0.008217208 0.00618642 0.014403628 270.77551764022 -24.74126901622 1009.66907 5.197 0.412 3.856696936607361 2.4563787574768066 0.3860463 0.3600463 "" "" 21.883293381100966 "" 8.28777753466636 ""
271.4152525309 -23.90130014681 0.0568 0.0471 32.0904 "" "" 4066152780196727680 1340.93738 0.7343 0.0674 -0.537 -1.894 0.069 0.049 1.022 5271.2 4.6559 16.576025 1.454149 17.238224 15.784075 "" "" 1237.08154 1455.55066 4410.99427 3.7356 1738.3 15.147 3850.6 15.781 "" "" 0.0029046954586623383 0.009863625 0.00583811 0.015701735 271.4152525309 -23.90130014681 1340.93738 -0.5370000000000001 -1.894 -1.877303063392639 0.15037875747680673 0.3820463 0.3620463 "" "" 11.970440193540902 "" 4.571775847161284 ""
271.22855086089 -24.21051833792 0.0624 0.0497 10.9699 "" "" 4066072614597315456 1124.61108 0.8566 0.0657 -1.292 -4.253 0.073 0.052 1.052 4833.7 4.6672 16.576468 1.318719 17.16794 15.849221 "" "" 1041.27563 1231.66418 4409.20116 2.6348 1854.6 19.049 3626.4 12.908 "" "" 0.0028306771519592258 0.011495583 0.0054054665 0.01690105 271.22855086089 -24.21051833792 1124.61108 -1.2920000000000011 -4.253 -2.632303063392639 -2.2086212425231935 0.3860463 0.36504632 "" "" 18.31685813193977 "" 6.914832132055674 ""
271.10528909263 -24.41489076268 0.0666 0.0565 3.4671 "" "" 4065971807452081408 1219.48474 0.7782 0.0753 1.284 -2.427 0.089 0.062 1.059 "" "" 16.58324 2.418119 17.850767 15.432648 "" "" 1108.99341 1328.47107 4381.77762 14.043 988.8 23.357 5322.3 83.77 "" "" 0.004438429805396001 0.025798112 0.017501809 0.04329992 271.10528909263 -24.41489076268 1219.48474 1.284 -2.4269999999999996 -0.05630306339263913 -0.3826212425231934 0.40204632 0.3750463 "" "" 2.2355046608936333 "" 0.8397420513412889 ""
270.7072388511 -23.94549507158 0.0538 0.0464 33.0685 "" "" 4069143039490808448 1037.76562 0.9393 0.0585 2.156 -5.104 0.068 0.048 0.993 4746.2 4.518 16.58345 1.372958 17.200762 15.827804 "" "" 990.870667 1088.33167 4380.92996 3.1611 1799.3 25.051 3698.6 15.055 "" "" 0.002864531504488886 0.015371658 0.0058150855 0.021186743 270.7072388511 -23.94549507158 1037.76562 2.155999999999998 -5.104 0.815696936607361 -3.0596212425231935 0.3810463 0.3610463 "" "" 15.575981062838691 "" 5.644855357026157 ""
270.82970408618 -23.90123402328 0.0609 0.0504 31.337 "" "" 4066142540993879680 1380.52795 0.6979 0.0651 -0.103 0.278 0.075 0.052 1.011 5540.1 4.6009 16.583504 1.519232 17.278406 15.759174 "" "" 1273.62988 1521.823 4380.72016 3.0011 1675.2 11.259 3939.9 14.952 "" "" 0.0028539508952314836 0.007812456 0.005591185 0.013403641 270.82970408618 -23.90123402328 1380.52795 -0.103 0.278 -1.4433030633926391 2.3223787574768067 0.38804632 0.36504632 "" "" 17.892649521381184 "" 6.648867094003294 ""
271.16382253534 -24.37625141016 0.0566 0.0476 3.2169 "" "" 4066065850053379584 1172.34961 0.7995 0.0594 1.322 -2.049 0.076 0.052 0.914 5450.8 4.2086 16.584867 2.191912 17.74344 15.551529 "" "" 1088.64941 1279.70532 4375.21908 17.435 1091.5 35.046 4770.3 54.708 "" "" 0.0051294474027640145 0.034972414 0.013012653 0.04798507 271.16382253534 -24.37625141016 1172.34961 1.322 -2.049 -0.018303063392639096 -0.004621242523193292 0.3890463 0.36504632 "" "" 0.10490078755510783 "" 0.04066477907228614 ""
271.37596545137 -24.6803167026 0.0601 0.0584 24.2603 "" "" 4065764648268727808 1136.0 0.8813 0.0728 0.878 -4.089 0.08 0.057 0.881 4468.3 4.5259 16.585077 1.39841 17.229036 15.830626 "" "" 1055.50696 1240.14404 4374.3727 3.3406 1753.1 7.6564 3689.0 9.6171 "" "" 0.0028773735839175865 0.005501783 0.0047217933 0.010223577 271.37596545137 -24.6803167026 1136.0 0.878 -4.089 -0.46230306339263916 -2.0446212425231938 0.39304632 0.37004632 "" "" 11.287469510815649 "" 4.1898856510531655 ""
