Clusters/NGC_6530/NGC_6530_members.tsv
# %ECSV 1.0
# ---
# datatype:
# - name: RA_ICRS_1
#   unit: deg
#   datatype: float64
#   format: '{:15.11f}'
#   description: Right ascension (ICRS) at Ep=2016.0 (ra)
#   meta: !!omap
#   - {ucd: POS_EQ_RA_MAIN}
#   - {width: 15}
#   - {precision: '11'}
# - name: DE_ICRS_1
#   unit: deg
#   datatype: float64
#   format: '{:15.11f}'
#   description: Declination (ICRS) at Ep=2016.0 (dec)
#   meta: !!omap
#   - {ucd: POS_EQ_DEC_MAIN}
#   - {width: 15}
#   - {precision: '11'}
# - name: e_RA_ICRS
#   unit: mas
#   datatype: float64
#   format: '{:7.4f}'
#   description: Standard error of right ascension (ra_error)
#   meta: !!omap
#   - {ucd: ERROR}
#   - {width: 7}
#   - {precision: '4'}
# - name: e_DE_ICRS
#   unit: mas
#   datatype: float64
#   format: '{:7.4f}'
#   description: Standard error of declination (dec_error)
#   meta: !!omap
#   - {ucd: ERROR}
#   - {width: 7}
#   - {precision: '4'}
# - name: _r_1
#   unit: ''
#   datatype: float64
#   format: '{:7.4f}'
#   description: Distance from center (271.10880746000-24.35719442000)[ICRS], at Epoch=J2016.0
#   meta: !!omap
#   - {ucd: POS_ANG_DIST_GENERAL}
#   - {width: 7}
#   - {precision: '4'}
# - name: HIP
#   datatype: int32
#   description: '? HIP cross-id number, van Leeuwen, Cat. I/311 (hip_original_ext_source_id)'
#   meta: !!omap
#   - {ucd: ID_NUMBER}
#   - {width: 6}
#   - values: {'null': -2147483648}
# - name: TYC2
#   datatype: string
#   description: Tycho-2 cross-id name, Hog et al., Cat. I/259 (tyc2_original_ext_source_id)
#   meta: !!omap
#   - {ucd: ID_CROSSID}
#   - {_votable_string_dtype: char}
# - name: Source
#   datatype: int64
#   description: Source identifier, identical to the Gaia-EDR3 source_id (id)
#   meta: !!omap
#   - {ucd: ID_MAIN}
#   - {width: 19}
# - name: rgeo
#   unit: pc
#   datatype: float64
#   format: '{:15.8f}'
#   description: '? Median of the geometric distance posterior (r_med_geo)'
#   meta: !!omap
#   - {ucd: PHYS_DISTANCE_TRUE}
#   - {width: 15}
#   - {precision: '8'}
#   - values: {'null': .nan}
# - name: Plx
#   unit: mas
#   datatype: float64
#   format: '{:9.4f}'
#   description: '? Parallax (parallax)'
#   meta: !!omap
#   - {ucd: POS_PARLX_TRIG}
#   - {width: 9}
#   - {precision: '4'}
#   - values: {'null': .nan}
# - name: e_Plx
#   unit: mas
#   datatype: float32
#   format: '{:7.4f}'
#   description: '? Standard error of parallax (parallax_error)'
#   meta: !!omap
#   - {ucd: ERROR}
#   - {width: 7}
#   - {precision: '4'}
#   - values: {'null': .nan}
# - name: pmRA
#   unit: mas / yr
#   datatype: float64
#   format: '{:9.3f}'
#   description: '? Proper motion in right ascension direction, pmRA*cosDE (pmra)'
#   meta: !!omap
#   - {ucd: POS_EQ_PMRA}
#   - {width: 9}
#   - {precision: '3'}
#   - values: {'null': .nan}
# - name: pmDE
#   unit: mas / yr
#   datatype: float64
#   format: '{:9.3f}'
#   description: '? Proper motion in declination direction (pmdec)'
#   meta: !!omap
#   - {ucd: POS_EQ_PMDEC}
#   - {width: 9}
#   - {precision: '3'}
#   - values: {'null': .nan}
# - name: e_pmRA
#   unit: mas / yr
#   datatype: float32
#   format: '{:6.3f}'
#   description: '? Standard error of proper motion in right ascension direction (pmra_error)'
#   meta: !!omap
#   - {ucd: ERROR}
#   - {width: 6}
#   - {precision: '3'}
#   - values: {'null': .nan}
# - name: e_pmDE
[...]
#       distance: !astropy.table.SerializedColumn
#         __class__: astropy.coordinates.distances.Distance
#         unit: !astropy.units.Unit {unit: pc}
#         value: !astropy.table.SerializedColumn {name: SkyCoord.distance}
#       frame: icrs
#       obstime: !astropy.time.Time {format: jyear_str, in_subfmt: '*', jd1: 367701545.0, jd2: 0.0, out_subfmt: '*', precision: 3, scale: tt}
#       pm_dec: !astropy.table.SerializedColumn
#         __class__: astropy.units.quantity.Quantity
#         unit: !astropy.units.Unit {unit: mas / yr}
#         value: !astropy.table.SerializedColumn {name: SkyCoord.pm_dec}
#       pm_ra_cosdec: !astropy.table.SerializedColumn
#         __class__: astropy.units.quantity.Quantity
#         unit: !astropy.units.Unit {unit: mas / yr}
#         value: !astropy.table.SerializedColumn {name: SkyCoord.pm_ra_cosdec}
#       ra: !astropy.table.SerializedColumn
#         __class__: astropy.coordinates.angles.Longitude
#         unit: *id001
#         value: !astropy.table.SerializedColumn {name: SkyCoord.ra}
#         wrap_angle: !astropy.coordinates.Angle
#           unit: *id001
#           value: 360.0
#       representation_type: spherical
# schema: astropy-2.0
RA_ICRS_1 DE_ICRS_1 e_RA_ICRS e_DE_ICRS _r_1 HIP TYC2 Source rgeo Plx e_Plx pmRA pmDE e_pmRA e_pmDE RUWE Teff logg Gmag BP-RP BPmag RPmag RV e_RV b_rgeo B_rgeo FG e_FG FBP e_FBP FRP e_FRP RAVE5 RAVE6 e_Gmag e_BPmag e_RPmag e_BP-RP SkyCoord.ra SkyCoord.dec SkyCoord.distance SkyCoord.pm_ra_cosdec SkyCoord.pm_dec rmRA rmDE e_rmRA e_rmDE rRV e_rRV v_pec v_pec3d e_vpec e_vpec3d Pmemb
[from data line 31]
271.0577863887 -24.22448445455 0.0142 0.0116 8.4373 "" "" 4066117660220205696 1205.10303 0.7951 0.0159 0.872 -1.734 0.02 0.013 0.795 9362.6 3.9646 12.056053 0.764473 12.352975 11.588502 6.22 8.29 1180.11133 1228.29456 283482.11269 258.64 156400.0 497.1 183550.0 457.67 "" "" 0.0029279788016365635 0.0044377586 0.004648949 0.009086708 271.0577863887 -24.22448445455 1205.10303 0.8720000000000001 -1.734 -0.46830306339263916 0.31037875747680665 0.33304632 0.32604632 1.2679487179487179 10.477455 3.2092268503347645 3.4506276136751395 1.0620153179789 3.974669430407786 0.96
271.08138229161 -24.24316413234 0.0145 0.0119 7.0043 "" "" 4066117385336343808 1211.76172 0.7844 0.0161 0.901 -1.89 0.019 0.013 0.761 "" "" 12.058898 0.514863 12.244958 11.730095 -7.0 8.48 1192.30981 1239.48438 282740.25848 59.48 172760.0 97.061 161110.0 71.561 "" "" 0.0027647710095116784 0.002856071 0.003810026 0.006666097 271.08138229161 -24.24316413234 1211.76172 0.9010000000000004 -1.8899999999999997 -0.43930306339263914 0.15437875747680674 0.3320463 0.32604632 -11.952051282051283 10.667456 2.674516138267361 12.247635135920577 0.8863135134519304 10.411806842072613 0.99
270.9762206571 -24.38470788874 0.0202 0.0179 7.432 "" "" 4065975651427092096 1309.10986 0.7267 0.0239 0.742 -2.139 0.024 0.018 1.069 "" "" 12.144804 0.384598 12.272889 11.888291 -61.02 33.97 1267.01978 1348.25134 261231.14642 66.832 168370.0 170.91 139260.0 124.34 "" "" 0.0027692860152650654 0.0029999511 0.003901729 0.00690168 270.9762206571 -24.38470788874 1309.10986 0.7419999999999999 -2.1389999999999985 -0.5983030633926392 -0.09462124252319315 0.3370463 0.3310463 -65.97205128205128 36.157455 3.7587199693772937 66.07903999128467 1.266317126019006 36.09898469828767 0.99
271.09814059281 -24.35466251943 0.0153 0.0136 0.6025 "" "" 4065975273470098944 1213.15356 0.812 0.019 1.316 -2.203 0.021 0.014 0.787 6016.0 3.0361 12.170927 1.442547 12.823102 11.380555 2.93 8.46 1187.55908 1245.97559 255020.9736 201.97 101430.0 349.62 222300.0 588.0 "" "" 0.0028863773556153066 0.004668068 0.004746711 0.009414779 271.09814059281 -24.35466251943 1213.15356 1.315999999999999 -2.203 -0.0243030633926391 -0.1586212425231932 0.3340463 0.3270463 -2.0220512820512817 10.647455 0.9227711622451056 2.222655619999737 0.3019386016123695 9.68728715341428 0.99
270.96093288064 -24.35006036905 0.0217 0.0187 8.0943 "" "" 4066022694226747648 1225.72546 0.7821 0.0252 1.192 -1.872 0.027 0.019 1.122 "" "" 12.220761 0.385632 12.343697 11.958065 "" "" 1190.1958 1259.81982 243580.34855 89.913 157740.0 339.67 130600.0 75.678 "" "" 0.002784315518363681 0.0036402156 0.0038313903 0.007471606 270.96093288064 -24.35006036905 1225.72546 1.191999999999999 -1.8720000000000003 -0.1483030633926392 0.17237875747680653 0.34004632 0.3320463 "" "" 1.321147794795608 "" 0.4432085911449964 "" 0.96
271.05959998071 -24.27798967624 0.0144 0.0123 5.461 "" "" 4066117183506436864 1229.57605 0.7831 0.0163 0.988 -1.906 0.018 0.013 0.828 "" "" 12.425903 0.545563 12.621411 12.075849 "" "" 1205.37708 1249.05945 201644.08674 65.44 122140.0 132.29 117170.0 94.162 "" "" 0.002777758881705971 0.0030278598 0.0038787946 0.0069066547 271.05959998071 -24.27798967624 1229.57605 0.9879999999999999 -1.9060000000000001 -0.35230306339263917 0.13837875747680672 0.3310463 0.32604632 "" "" 2.2059999599809346 "" 0.7288235704073177 "" 0.99
271.14358519386 -24.32394900531 0.0163 0.0133 2.7556 "" "" 4066069178628731904 1116.64343 0.8737 0.0182 1.095 -1.719 0.022 0.015 0.916 6076.1 3.4012 12.586038 1.158215 13.080363 11.922149 -21.15 9.59 1098.85522 1138.15735 173992.91943 74.751 80033.0 136.99 134990.0 129.71 "" "" 0.002794524944731928 0.0033524283 0.0039207316 0.00727316 271.14358519386 -24.32394900531 1116.64343 1.0949999999999993 -1.7189999999999992 -0.2453030633926392 0.32537875747680656 0.3350463 0.3280463 -26.10205128205128 11.777456 2.156779091728641 26.191005654257584 0.7130315343092882 11.737602537350542 0.99
271.1114072243 -24.39770017103 0.0174 0.0144 2.4345 "" "" 4065974792433773056 1246.08862 0.7706 0.0189 1.675 -2.479 0.024 0.017 0.992 "" "" 12.597564 0.609086 12.814908 12.205822 "" "" 1217.38782 1270.46155 172155.64439 41.245 102200.0 127.35 103950.0 50.642 "" "" 0.0027675714980852787 0.0031008776 0.0038162167 0.0069170943 271.1114072243 -24.39770017103 1246.08862 1.6749999999999998 -2.479000000000001 0.3346969366073609 -0.43462124252319345 0.3370463 0.3300463 "" "" 3.24004552379754 "" 1.0778639450123546 "" 0.97
271.29720663846 -24.41039224667 0.0323 0.0265 10.7791 "" "" 4066053201350041088 1130.24268 0.8567 0.0348 1.192 -1.986 0.045 0.032 1.753 "" "" 12.754539 0.790292 13.062664 12.272372 "" "" 1082.11536 1186.08215 148981.18138 32.63 81349.0 48.056 97771.0 43.778 "" "" 0.002765562827170363 0.0028629398 0.0038105207 0.006673461 271.29720663846 -24.41039224667 1130.24268 1.192 -1.986 -0.1483030633926392 0.05837875747680665 0.3580463 0.3450463 "" "" 0.8538527020010389 "" 0.3042530606229695 "" 0.97
271.11369999162 -24.32936487284 0.017 0.0139 1.6911 "" "" 4066069148588271104 1226.72168 0.7725 0.0197 1.494 -1.84 0.024 0.015 0.9 6271.6 3.4627 13.062675 1.165868 13.561526 12.395658 -21.23 4.92 1201.03674 1260.29016 112169.9103 31.104 51381.0 57.321 87276.0 50.106 "" "" 0.0027717198926641173 0.0030417405 0.0038304399 0.0068721804 271.11369999162 -24.32936487284 1226.72168 1.4939999999999998 -1.8399999999999996 0.15369693660736083 0.20437875747680656 0.3370463 0.3280463 -26.182051282051283 7.1074557 1.4869330818866318 26.22424030026365 0.49265909034939337 7.096076384265909 0.99
271.00069255969 -24.25079305071 0.016 0.0138 8.701 "" "" 4066024407886273024 1199.57837 0.7885 0.0185 1.225 -1.418 0.021 0.015 0.953 "" "" 13.265817 0.611366 13.497656 12.88629 "" "" 1168.78186 1230.79639 93029.37206 43.465 54495.0 62.9 55545.0 42.051 "" "" 0.002801627711097289 0.0030586834 0.0038677333 0.0069264164 271.00069255969 -24.25079305071 1199.57837 1.225 -1.418 -0.11530306339263907 0.6263787574768067 0.3340463 0.3280463 "" "" 3.621430114831936 "" 1.1887151602359032 "" 0.97
271.11419926916 -24.39897128735 0.0168 0.0139 2.5239 "" "" 4065974796749321856 1248.55127 0.7603 0.018 1.326 -2.176 0.023 0.016 0.871 5897.5 3.4887 13.403643 1.467821 14.061657 12.593836 10.55 7.34 1221.34888 1280.32373 81938.84004 109.86 32416.0 185.45 72715.0 288.05 "" "" 0.0031162274406602757 0.0068093264 0.005725575 0.0125349015 271.11419926916 -24.39897128735 1248.55127 1.3260000000000003 -2.176000000000001 -0.014303063392639093 -0.13162124252319352 0.3360463 0.3290463 5.597948717948719 9.527456 0.7835377715687923 5.652518136924347 0.25788489709123813 9.435545921792666 0.99
271.19130996977 -24.45535386524 0.0183 0.0158 7.4167 "" "" 4065970772343582976 1190.10693 0.7979 0.0209 1.13 -1.33 0.028 0.019 0.977 5860.8 3.6394 13.77447 1.460128 14.439067 12.978939 21.86 6.04 1164.81274 1219.57751 58231.58586 69.076 22898.0 106.49 51001.0 187.93 "" "" 0.0030414729175817657 0.0057689683 0.0055036126 0.011272581 271.19130996977 -24.45535386524 1190.10693 1.1299999999999992 -1.33 -0.21030306339263927 0.7143787574768066 0.3410463 0.3320463 16.907948717948717 8.227455 4.200880371678333 17.422001198081006 1.397939550118554 7.991808161791999 0.93
271.10101037605 -24.30868104155 0.0267 0.0225 2.9418 "" "" 4066069968902677120 1418.10437 0.6683 0.0298 0.964 -1.753 0.032 0.022 1.402 6029.6 3.5569 13.784912 1.462303 14.433176 12.970873 -17.36 14.72 1358.08264 1470.38391 57674.25042 88.351 23022.0 109.18 51382.0 250.83 "" "" 0.0032184068153436243 0.0058564004 0.006509679 0.012366079 271.10101037605 -24.30868104155 1418.10437 0.964 -1.7529999999999997 -0.3763030633926392 0.29137875747680675 0.3450463 0.3350463 -22.312051282051282 16.907455 3.199086519074487 22.540225974231276 1.0919515922348761 16.737018819939482 0.98
271.07047371473 -24.4040688142 0.0203 0.0191 3.5069 "" "" 4065974659310381824 1203.31042 0.7907 0.0279 1.377 -2.133 0.026 0.018 0.95 5767.0 3.5278 13.788094 1.591438 14.529315 12.937877 19.01 8.95 1168.29431 1239.13281 57505.4652 124.01 21071.0 163.46 52967.0 335.68 "" "" 0.003615777766224365 0.008872807 0.007850499 0.016723305 271.07047371473 -24.4040688142 1203.31042 1.377 -2.132999999999999 0.03669693660736084 -0.08862124252319337 0.3390463 0.3310463 14.057948717948719 11.137455 0.5470904485350785 14.068590196439526 0.1817594819469322 11.129032862623374 0.99
271.11920309529 -24.3157607471 0.0205 0.017 2.5502 "" "" 4066069904503243264 1242.19153 0.7667 0.0222 1.383 -2.005 0.027 0.018 0.883 6306.6 3.82 13.852953 1.337462 14.44509 13.107629 -4.04 9.09 1207.76282 1275.21704 54170.81978 80.586 22771.0 144.49 45301.0 206.52 "" "" 0.0031938325696541773 0.0074329386 0.006227618 0.013660557 271.11920309529 -24.3157607471 1242.19153 1.383 -2.005 0.04269693660736085 0.03937875747680675 0.34004632 0.3310463 -8.992051282051282 11.277456 0.3419960556596693 8.998552525885865 0.1148899907624808 11.269309430974477 1.0
271.16222868007 -24.31599168296 0.0195 0.016 3.8263 "" "" 4066069217308468864 1030.5636 0.9321 0.0216 1.168 -2.141 0.025 0.017 0.814 "" "" 13.862422 0.806497 14.181519 13.375022 -12.61 7.3 1009.17987 1050.28076 53700.47226 14.48 29027.0 36.692 35412.0 23.424 "" "" 0.0027708300222178345 0.003109444 0.0038470135 0.006956457 271.16222868007 -24.31599168296 1030.5636 1.1679999999999997 -2.141 -0.17230306339263923 -0.09662124252319337 0.3380463 0.3300463 -17.562051282051282 9.487455 0.9649817248529114 17.588542718562536 0.32437841821123803 9.473182309785269 0.99
271.06024661584 -24.32690131932 0.0202 0.0177 3.2172 "" "" 4065976274218115840 1221.65613 0.7771 0.0233 1.476 -1.74 0.026 0.018 1.145 5338.0 3.5646 13.863229 1.573949 14.585892 13.011943 -22.98 5.62 1184.41833 1245.85425 53660.54225 94.1 20001.0 135.19 49474.0 237.87 "" "" 0.003349159659816567 0.0078511825 0.006444703 0.014295885 271.06024661584 -24.32690131932 1221.65613 1.476 -1.74 0.13569693660736082 0.30437875747680665 0.3390463 0.3310463 -27.932051282051283 7.8074555 1.9297734369420476 27.9986341513487 0.6414297105060615 7.789014286614495 0.98
271.12307225855 -24.37516480774 0.0307 0.0258 1.3306 "" "" 4065975002907757312 1250.11414 0.7529 0.035 1.282 -2.097 0.041 0.029 1.544 "" "" 13.931147 1.681497 14.678611 12.997114 3.68 10.02 1200.26233 1308.13 50406.69565 65.581 18364.0 193.47 50155.0 309.41 "" "" 0.003096317418459369 0.011773923 0.007690694 0.019464618 271.12307225855 -24.37516480774 1250.11414 1.2820000000000005 -2.0969999999999995 -0.05830306339263913 -0.052621242523193335 0.35404631 0.34204632 -1.2720512820512817 12.207457 0.4653810810558549 1.354508772497626 0.16228325201799917 11.464447314392585 0.99
271.09426462397 -24.34228229575 0.0216 0.0188 1.1969 "" "" 4065975273470096256 1163.56323 0.8179 0.0243 1.11 -2.035 0.028 0.019 1.083 5041.5 3.4116 13.970005 1.715901 14.78912 13.073218 33.39 7.23 1128.96594 1194.03271 48634.52804 54.205 16587.0 70.852 46760.0 144.69 "" "" 0.0030093381053693594 0.0054123835 0.005056746 0.010469129 271.09426462397 -24.34228229575 1163.56323 1.11 -2.035 -0.23030306339263906 0.009378757476806499 0.3410463 0.3320463 28.437948717948718 9.417456 1.2712409240172322 28.46634821629879 0.43353332483927814 9.408080254123835 0.99
271.14037052052 -24.45271464264 0.0191 0.0161 5.9851 "" "" 4065971463854669440 1280.56018 0.7419 0.0213 1.297 -2.384 0.028 0.019 1.004 5516.0 3.4189 14.026174 1.675026 14.812522 13.137496 -5.22 5.52 1252.01587 1310.45264 46182.46939 65.57 16233.0 116.63 44072.0 133.96 "" "" 0.0031572310577061384 0.00828472 0.005017456 0.013302175 271.14037052052 -24.45271464264 1280.56018 1.2969999999999997 -2.384 -0.04330306339263923 -0.33962124252319326 0.3410463 0.3320463 -10.172051282051282 7.7074556 2.0781410125875768 10.382162460339352 0.6903422227028181 7.552738563110588 0.99
271.0863789733 -24.46495039283 0.019 0.0161 6.5805 "" "" 4065971223336516224 1175.97229 0.8131 0.0223 1.606 -2.301 0.025 0.017 0.89 6669.9 3.9792 14.070969 1.130738 14.545316 13.414578 "" "" 1143.62891 1212.30701 44315.87152 9.7412 20763.0 29.877 34145.0 55.541 "" "" 0.002765636894363365 0.0031977969 0.004171663 0.0073694596 271.0863789733 -24.46495039283 1175.97229 1.6059999999999999 -2.301 0.26569693660736093 -0.2566212425231935 0.3380463 0.3300463 "" "" 2.0590226527987188 "" 0.6881442684498328 "" 0.97
271.1344290708 -24.40285465795 0.0206 0.0172 3.0767 "" "" 4065971944891029504 1259.29041 0.7556 0.0223 1.386 -2.129 0.029 0.02 1.116 5753.7 3.5056 14.09774 1.585935 14.835062 13.249127 "" "" 1223.83618 1298.11987 43236.49865 59.773 15900.0 74.607 39766.0 145.89 "" "" 0.0031376378066242075 0.0058085797 0.0054909047 0.011299484 271.1344290708 -24.40285465795 1259.29041 1.386 -2.1289999999999996 0.04569693660736074 -0.08462124252319336 0.34204632 0.33304632 "" "" 0.5740514241419273 "" 0.19236431328477963 "" 1.0
271.00277485352 -24.34036872308 0.0414 0.0364 5.8833 "" "" 4066022762946215936 1217.96936 0.7899 0.0487 1.275 -2.548 0.053 0.037 2.148 6360.4 3.6114 14.111109 1.280455 14.646893 13.366439 1.54 6.34 1155.5896 1294.20825 42707.41897 28.497 18909.0 49.31 35693.0 49.37 "" "" 0.002848972710042196 0.0039751087 0.004066823 0.008041931 271.00277485352 -24.34036872308 1217.96936 1.2749999999999992 -2.548 -0.06530306339263925 -0.5036212425231934 0.3660463 0.3500463 -3.412051282051282 8.527456 2.9318341834478643 4.498638197341636 1.0270708193387281 6.502305532461466 0.99
271.14700285148 -24.29519589564 0.0223 0.0188 4.266 "" "" 4066069663985074560 1256.44739 0.7584 0.024 1.943 -1.879 0.028 0.02 0.901 "" "" 14.116226 1.460591 14.772377 13.311786 -16.07 4.1 1216.81799 1297.60278 42506.58471 517.86 16845.0 706.41 37536.0 1200.4 "" "" 0.013511503143765787 0.04561672 0.034926888 0.08054361 271.14700285148 -24.29519589564 1256.44739 1.9429999999999998 -1.879 0.6026969366073609 0.16537875747680664 0.3410463 0.33304632 -21.022051282051283 6.2874556 3.722076409497844 21.349016204578007 1.2673381672367945 6.195103262637787 0.92
271.11298050016 -24.24629275707 0.0213 0.0175 6.658 "" "" 4066070793531110144 1082.4397 0.8785 0.023 1.889 -1.402 0.026 0.018 1.077 6663.4 4.0133 14.14684 0.914331 14.516286 13.601955 -58.86 8.33 1053.07861 1112.47375 41324.78742 10.114 21326.0 43.157 28733.0 28.912 "" "" 0.002768104142969784 0.0035514308 0.003934118 0.007485549 271.11298050016 -24.24629275707 1082.4397 1.8890000000000007 -1.4019999999999995 0.5486969366073609 0.6423787574768067 0.3390463 0.3310463 -63.81205128205128 10.517456 4.334566010027483 63.95909905024013 1.4496708401972442 10.493735381598587 0.97
271.01197444393 -24.36112710536 0.0205 0.0179 5.298 "" "" 4065975724462453376 1243.04883 0.7576 0.0235 0.773 -1.805 0.026 0.018 0.972 5251.8 3.4018 14.198441 1.703505 15.005973 13.302467 -57.02 10.57 1211.81897 1277.04297 39406.69436 43.136 13584.0 81.782 37859.0 125.89 "" "" 0.003000714761933874 0.007107226 0.0052266796 0.012333905 271.01197444393 -24.36112710536 1243.04883 0.7730000000000002 -1.805 -0.5673030633926391 0.2393787574768067 0.3390463 0.3310463 -61.97205128205128 12.757456 3.627967971461435 62.07815470604087 1.2257065815742283 12.73585234720994 0.9
271.20020419218 -24.41701698489 0.0211 0.0179 6.1505 "" "" 4066064711857217664 1226.91357 0.7776 0.0227 1.828 -2.142 0.033 0.022 1.008 "" "" 14.314696 1.209328 14.82351 13.614182 "" "" 1195.23218 1269.55811 35405.28678 9.4433 16070.0 26.816 28411.0 38.88 "" "" 0.0027704964160147495 0.0033267927 0.0040609566 0.0073877494 271.20020419218 -24.41701698489 1226.91357 1.828 -2.1419999999999995 0.4876969366073609 -0.09762124252319326 0.3460463 0.3350463 "" "" 2.8924977647892063 "" 0.999731173875194 "" 0.94
