Clusters/NGC_6530/NGC_6530_members.tsv
# %ECSV 1.0
# ---
# datatype:
# - name: RA_ICRS_1
#   unit: deg
#   datatype: float64
#   format: '{:15.11f}'
#   description: Right ascension (ICRS) at Ep=2016.0 (ra)
#   meta: !!omap
#   - {ucd: POS_EQ_RA_MAIN}
#   - {width: 15}
#   - {precision: '11'}
# - name: DE_ICRS_1
#   unit: deg
#   datatype: float64
#   format: '{:15.11f}'
#   description: Declination (ICRS) at Ep=2016.0 (dec)
#   meta: !!omap
#   - {ucd: POS_EQ_DEC_MAIN}
#   - {width: 15}
#   - {precision: '11'}
# - name: e_RA_ICRS
#   unit: mas
#   datatype: float64
#   format: '{:7.4f}'
#   description: Standard error of right ascension (ra_error)
#   meta: !!omap
#   - {ucd: ERROR}
#   - {width: 7}
#   - {precision: '4'}
# - name: e_DE_ICRS
#   unit: mas
#   datatype: float64
#   format: '{:7.4f}'
#   description: Standard error of declination (dec_error)
#   meta: !!omap
#   - {ucd: ERROR}
#   - {width: 7}
#   - {precision: '4'}
# - name: _r_1
#   unit: ''
#   datatype: float64
#   format: '{:7.4f}'
#   description: Distance from center (271.10880746000-24.35719442000)[ICRS], at Epoch=J2016.0
#   meta: !!omap
#   - {ucd: POS_ANG_DIST_GENERAL}
#   - {width: 7}
#   - {precision: '4'}
# - name: HIP
#   datatype: int32
#   description: '? HIP cross-id number, van Leeuwen, Cat. I/311 (hip_original_ext_source_id)'
#   meta: !!omap
#   - {ucd: ID_NUMBER}
#   - {width: 6}
#   - values: {'null': -2147483648}
# - name: TYC2
#   datatype: string
#   description: Tycho-2 cross-id name, Hog et al., Cat. I/259 (tyc2_original_ext_source_id)
#   meta: !!omap
#   - {ucd: ID_CROSSID}
#   - {_votable_string_dtype: char}
# - name: Source
#   datatype: int64
#   description: Source identifier, identical to the Gaia-EDR3 source_id (id)
#   meta: !!omap
#   - {ucd: ID_MAIN}
#   - {width: 19}
# - name: rgeo
#   unit: pc
#   datatype: float64
#   format: '{:15.8f}'
#   description: '? Median of the geometric distance posterior (r_med_geo)'
#   meta: !!omap
#   - {ucd: PHYS_DISTANCE_TRUE}
#   - {width: 15}
#   - {precision: '8'}
#   - values: {'null': .nan}
# - name: Plx
#   unit: mas
#   datatype: float64
#   format: '{:9.4f}'
#   description: '? Parallax (parallax)'
#   meta: !!omap
#   - {ucd: POS_PARLX_TRIG}
#   - {width: 9}
#   - {precision: '4'}
#   - values: {'null': .nan}
# - name: e_Plx
#   unit: mas
#   datatype: float32
#   format: '{:7.4f}'
#   description: '? Standard error of parallax (parallax_error)'
#   meta: !!omap
#   - {ucd: ERROR}
#   - {width: 7}
#   - {precision: '4'}
#   - values: {'null': .nan}
# - name: pmRA
#   unit: mas / yr
#   datatype: float64
#   format: '{:9.3f}'
#   description: '? Proper motion in right ascension direction, pmRA*cosDE (pmra)'
#   meta: !!omap
#   - {ucd: POS_EQ_PMRA}
#   - {width: 9}
#   - {precision: '3'}
#   - values: {'null': .nan}
# - name: pmDE
#   unit: mas / yr
#   datatype: float64
#   format: '{:9.3f}'
#   description: '? Proper motion in declination direction (pmdec)'
#   meta: !!omap
#   - {ucd: POS_EQ_PMDEC}
#   - {width: 9}
#   - {precision: '3'}
#   - values: {'null': .nan}
# - name: e_pmRA
#   unit: mas / yr
#   datatype: float32
#   format: '{:6.3f}'
#   description: '? Standard error of proper motion in right ascension direction (pmra_error)'
#   meta: !!omap
#   - {ucd: ERROR}
#   - {width: 6}
#   - {precision: '3'}
#   - values: {'null': .nan}
# - name: e_pmDE
[...]
#       distance: !astropy.table.SerializedColumn
#         __class__: astropy.coordinates.distances.Distance
#         unit: !astropy.units.Unit {unit: pc}
#         value: !astropy.table.SerializedColumn {name: SkyCoord.distance}
#       frame: icrs
#       obstime: !astropy.time.Time {format: jyear_str, in_subfmt: '*', jd1: 367701545.0, jd2: 0.0, out_subfmt: '*', precision: 3, scale: tt}
#       pm_dec: !astropy.table.SerializedColumn
#         __class__: astropy.units.quantity.Quantity
#         unit: !astropy.units.Unit {unit: mas / yr}
#         value: !astropy.table.SerializedColumn {name: SkyCoord.pm_dec}
#       pm_ra_cosdec: !astropy.table.SerializedColumn
#         __class__: astropy.units.quantity.Quantity
#         unit: !astropy.units.Unit {unit: mas / yr}
#         value: !astropy.table.SerializedColumn {name: SkyCoord.pm_ra_cosdec}
#       ra: !astropy.table.SerializedColumn
#         __class__: astropy.coordinates.angles.Longitude
#         unit: *id001
#         value: !astropy.table.SerializedColumn {name: SkyCoord.ra}
#         wrap_angle: !astropy.coordinates.Angle
#           unit: *id001
#           value: 360.0
#       representation_type: spherical
# schema: astropy-2.0
RA_ICRS_1 DE_ICRS_1 e_RA_ICRS e_DE_ICRS _r_1 HIP TYC2 Source rgeo Plx e_Plx pmRA pmDE e_pmRA e_pmDE RUWE Teff logg Gmag BP-RP BPmag RPmag RV e_RV b_rgeo B_rgeo FG e_FG FBP e_FBP FRP e_FRP RAVE5 RAVE6 e_Gmag e_BPmag e_RPmag e_BP-RP SkyCoord.ra SkyCoord.dec SkyCoord.distance SkyCoord.pm_ra_cosdec SkyCoord.pm_dec rmRA rmDE e_rmRA e_rmDE rRV e_rRV v_pec v_pec3d e_vpec e_vpec3d Pmemb
271.29396932962 -24.39857822451 0.0288 0.0237 10.4194 88581 6846-1128-1 4066064956700837248 1223.32422 0.7893 0.0297 1.69 -2.113 0.041 0.027 0.789 "" "" 6.789126 0.207315 6.836515 6.6292 -3.37 7.63 1182.80688 1262.71741 36249015.92994 14040.0 25166000.0 41871.0 17680000.0 24800.0 "" "" 0.00278722683259211 0.0033238942 0.004074701 0.007398595 271.29396932962 -24.39857822451 1223.32422 1.69 -2.113 0.3496969366073608 -0.06862124252319335 0.35404631 0.34004632 -8.322051282051282 9.817455 2.0664092782073595 8.57476441928015 0.730552365618989 9.529744265793266 0.99
270.98685232831 -24.312540423 0.0314 0.0264 7.1854 "" 6842-1472-1 4066023415781257984 1241.33252 0.7749 0.0348 1.685 -1.717 0.038 0.028 0.809 25629.2 3.6188 7.040556 0.025893 7.025239 6.999346 "" "" 1187.65027 1288.33838 28755713.9991 15484.0 21151000.0 32312.0 12572000.0 20036.0 "" "" 0.002816662056022035 0.0032459514 0.004156657 0.007402608 270.98685232831 -24.312540423 1241.33252 1.685 -1.717 0.3446969366073609 0.32737875747680656 0.3510463 0.3410463 "" "" 2.7971374249382337 "" 0.9687600366737813 "" 0.97
271.1167797474 -24.36189523491 0.0294 0.0252 0.5191 "" 6842-1704-1 4065975002907765760 1244.37085 0.7727 0.0336 1.476 -2.15 0.037 0.026 0.856 16227.3 3.4696 8.231928 0.181708 8.269448 8.08774 "" "" 1198.56226 1290.91528 9597885.81856 3748.5 6724200.0 7586.8 4613800.0 3961.8 "" "" 0.0027877587497839302 0.0030472474 0.0038926753 0.0069399225 271.1167797474 -24.36189523491 1244.37085 1.4760000000000006 -2.15 0.13569693660736082 -0.10562124252319327 0.3500463 0.3390463 "" "" 1.014262109090525 "" 0.3508711613979834 "" 0.99
271.14998313492 -24.33112956782 0.0308 0.0255 2.7408 "" 6842-1681-1 4066068972464771968 1377.28833 0.6953 0.0347 1.411 -2.264 0.039 0.026 0.826 "" "" 8.525921 0.113197 8.540619 8.427422 "" "" 1309.91113 1455.5166 7321132.05315 2715.8 5238000.0 4795.4 3374300.0 1498.2 "" "" 0.0027846010795790454 0.002961937 0.0038100025 0.00677194 271.14998313492 -24.33112956782 1377.28833 1.4109999999999998 -2.264 0.07069693660736087 -0.21962124252319315 0.3520463 0.3390463 "" "" 1.506217722234293 "" 0.5125478664457336 "" 0.99
271.09679092678 -24.43798753384 0.0326 0.028 4.8919 88506 6846-340-1 4065971429495136896 1128.59998 0.8672 0.0385 1.61 -2.158 0.044 0.029 1.309 "" "" 8.849206 0.2496 8.915067 8.665466 "" "" 1086.81201 1177.70154 5435811.44578 2321.7 3710100.0 2716.6 2710000.0 1191.9 "" "" 0.0027940715344958364 0.002901218 0.00380943 0.0067106476 271.09679092678 -24.43798753384 1128.59998 1.61 -2.1580000000000013 0.26969693660736094 -0.11362124252319328 0.3570463 0.34204632 "" "" 1.565570001506333 "" 0.5555047690802247 "" 0.98
271.08864833601 -24.35503903169 0.0727 0.0606 1.1095 "" 6842-1562-1 4065975243425948288 979.073853 1.0262 0.0778 1.853 -1.883 0.097 0.064 2.474 17670.3 3.4992 9.011311 0.228845 9.070261 8.841416 -19.6 11.68 904.166565 1064.50793 4681904.79127 3223.0 3216000.0 7144.9 2304600.0 3571.8 "" "" 0.0028548938948700247 0.003688295 0.004137067 0.007825362 271.08864833601 -24.35503903169 979.073853 1.8530000000000013 -1.883 0.5126969366073608 0.16137875747680663 0.4100463 0.37704632 -24.552051282051284 13.867456 2.4944138330980565 24.67843841346585 1.0156784371422891 13.796818173781029 0.97
271.06261818552 -24.3910412838 0.0256 0.0228 3.2398 88496 6846-618-1 4065974723702431104 1330.31323 0.7251 0.03 1.299 -2.195 0.032 0.023 0.735 "" "" 9.128237 0.100115 9.142656 9.042542 -64.93 9.66 1283.42456 1384.54749 4203897.28354 1865.1 3008500.0 2179.8 1914900.0 1361.8 "" "" 0.0027971095451656018 0.0028989469 0.0038574494 0.006756396 271.06261818552 -24.3910412838 1330.31323 1.2990000000000002 -2.1949999999999994 -0.04130306339263923 -0.1506212425231932 0.3450463 0.3360463 -69.8820512820513 11.847456 0.9848321202494575 69.88899044693893 0.3315767867598819 11.846280585072217 0.96
271.13746813732 -24.38680872887 0.0177 0.0154 2.3687 "" 6846-1052-1 4065971979250772992 1151.34985 0.8318 0.0206 1.476 -2.043 0.023 0.016 0.613 17265.2 3.7158 9.330941 0.176883 9.369054 9.192171 "" "" 1123.10522 1188.53821 3487948.89541 1178.4 2442300.0 1123.2 1668400.0 1006.6 "" "" 0.002779629930933845 0.0028344968 0.0038357307 0.0066702273 271.13746813732 -24.38680872887 1151.34985 1.476 -2.043 0.13569693660736082 0.0013787574768064914 0.3360463 0.3290463 "" "" 0.7405904548985514 "" 0.24887215874896354 "" 0.99
271.12196394083 -24.3236503914 0.0231 0.0189 2.1373 "" "" 4066069144263463552 1307.75073 0.7413 0.0253 1.423 -1.945 0.031 0.02 0.749 16413.6 3.5534 9.482154 0.140616 9.511608 9.370992 "" "" 1270.55615 1351.1239 3034487.62353 1516.7 2141800.0 2074.4 1415000.0 831.76 "" "" 0.0028082528218771204 0.0029817522 0.0038328897 0.006814642 271.12196394083 -24.3236503914 1307.75073 1.423 -1.9449999999999998 0.08269693660736088 0.09937875747680658 0.3440463 0.33304632 "" "" 0.8014113223678307 "" 0.2705486091739267 "" 0.99
271.09998130527 -24.35742817022 0.0224 0.0191 0.4826 "" "" 4065975209066204928 1273.28137 0.7587 0.0254 1.171 -2.213 0.029 0.021 0.796 "" "" 9.601338 0.214688 9.658873 9.444184 "" "" 1233.46082 1310.64502 2719013.32756 1280.1 1870100.0 1364.3 1322800.0 1336.7 "" "" 0.002802333659950542 0.0029004205 0.00393541 0.0068358304 271.09998130527 -24.35742817022 1273.28137 1.1709999999999998 -2.2129999999999996 -0.16930306339263912 -0.16862124252319344 0.34204632 0.3340463 "" "" 1.4421420594359604 "" 0.4875682087990354 "" 0.99
271.09476573881 -24.36937736067 0.0173 0.0144 1.0599 "" "" 4065975170390881536 1189.69299 0.8055 0.0203 1.367 -2.124 0.024 0.015 0.807 19966.7 3.825 9.711533 0.5098 9.885986 9.376186 "" "" 1161.9978 1216.71973 2456596.61112 8285.8 1517100.0 16615.0 1408300.0 17995.0 "" "" 0.004582841657624502 0.012213753 0.0143789165 0.026592668 271.09476573881 -24.36937736067 1189.69299 1.3670000000000004 -2.1239999999999997 0.026696936607360833 -0.07962124252319347 0.3370463 0.3280463 "" "" 0.47356289776093974 "" 0.15578658859359018 "" 0.99
271.17352014243 -24.34870812448 0.0201 0.0165 3.5737 "" "" 4066068903750862976 1217.60193 0.7946 0.0213 1.593 -2.2 0.027 0.019 0.726 "" "" 9.761456 0.200831 9.808606 9.607775 "" "" 1182.36792 1248.94629 2346194.89486 965.5 1629200.0 1963.9 1137800.0 925.61 "" "" 0.002791311341353019 0.0030818784 0.0038812198 0.0069630984 271.17352014243 -24.34870812448 1217.60193 1.593 -2.1999999999999993 0.2526969366073608 -0.15562124252319354 0.34004632 0.3320463 "" "" 1.712800661696411 "" 0.5786960868271942 "" 0.99
271.04650544203 -24.36255841129 0.0194 0.0173 3.4205 "" "" 4065975930620727040 1275.60181 0.7615 0.0227 1.243 -2.154 0.024 0.017 0.837 "" "" 10.350207 0.231459 10.417 10.185541 "" "" 1241.08728 1311.43628 1364155.27458 787.43 930290.0 943.92 668250.0 970.37 "" "" 0.002825697324299271 0.002999778 0.004095047 0.0070948247 271.04650544203 -24.36255841129 1275.60181 1.243 -2.154 -0.09730306339263906 -0.10962124252319327 0.3370463 0.3300463 "" "" 0.88625387135413 "" 0.2952547549759092 "" 0.95
271.1371677605 -24.31236832639 0.0218 0.0178 3.1045 "" "" 4066069251668212480 1184.59119 0.8168 0.0245 1.162 -1.795 0.028 0.02 0.815 "" "" 10.415965 0.215948 10.476924 10.260976 "" "" 1158.33569 1226.23535 1283986.84576 525.05 880330.0 954.29 623400.0 433.9 "" "" 0.0027908616076222676 0.003028245 0.003854193 0.006882438 271.1371677605 -24.31236832639 1184.59119 1.162 -1.7949999999999995 -0.17830306339263924 0.2493787574768067 0.3410463 0.33304632 "" "" 1.721347674535262 "" 0.5779835741942475 "" 0.97
271.06085430022 -24.2426056509 0.0179 0.0147 7.3584 "" "" 4066117557135044480 1218.80408 0.7958 0.0199 1.002 -1.767 0.023 0.016 0.788 "" "" 10.592133 0.196283 10.621596 10.425313 "" "" 1188.96167 1245.64636 1091676.12568 458.42 770510.0 2181.8 535840.0 1691.4 "" "" 0.0027927867133251817 0.0041517476 0.0051018833 0.00925363 271.06085430022 -24.2426056509 1218.80408 1.0019999999999998 -1.7669999999999995 -0.33830306339263916 0.27737875747680674 0.3360463 0.3290463 "" "" 2.5273740528843627 "" 0.8422472645718335 "" 0.95
271.12079491833 -24.42393268368 0.0137 0.0116 4.0575 "" "" 4065971738732595584 1196.55005 0.8157 0.0153 1.385 -2.254 0.019 0.013 0.686 7619.8 3.2673 10.621711 0.220808 10.683019 10.462211 "" "" 1164.70447 1223.62903 1062337.64604 309.84 728130.0 383.33 517930.0 247.16 "" "" 0.0027734573598494315 0.0028481167 0.0038147315 0.0066628484 271.12079491833 -24.42393268368 1196.55005 1.3849999999999996 -2.2539999999999996 0.04469693660736085 -0.20962124252319336 0.3320463 0.32604632 "" "" 1.2156244295931167 "" 0.3966698521442763 "" 0.98
271.24593060238 -24.45648302528 0.0192 0.0153 9.5719 "" "" 4066052617233631488 1187.04688 0.8165 0.0209 1.622 -2.355 0.028 0.018 0.892 "" "" 10.729581 0.463857 10.88376 10.419903 "" "" 1162.40491 1217.90344 961866.02493 191.26 605220.0 335.06 538510.0 185.25 "" "" 0.0027637652188171762 0.0028541808 0.0037977926 0.0066519734 271.24593060238 -24.45648302528 1187.04688 1.622 -2.355 0.28169693660736095 -0.31062124252319334 0.3410463 0.3310463 "" "" 2.359410293950462 "" 0.79180875650121 "" 0.98
271.16627804596 -24.37907976083 0.0158 0.0132 3.4045 "" "" 4066065781333902336 1223.72278 0.7944 0.0168 1.536 -2.034 0.022 0.016 0.671 7608.0 3.2745 10.741042 0.229288 10.806219 10.576931 "" "" 1195.30042 1253.01929 951765.43283 207.07 650020.0 260.03 466000.0 190.12 "" "" 0.0027654272698058656 0.0028237726 0.003805252 0.0066290246 271.16627804596 -24.37907976083 1223.72278 1.536000000000001 -2.034 0.19569693660736087 0.010378757476806832 0.3350463 0.3290463 "" "" 1.1367247743963753 "" 0.3808364610638422 "" 1.0
271.06904436408 -24.28794248639 0.0189 0.0161 4.6895 "" "" 4066070248099903104 1326.63647 0.7164 0.0209 1.171 -1.892 0.024 0.017 0.756 13861.6 4.0014 11.043408 0.244931 11.119605 10.874674 "" "" 1298.59583 1361.11914 720416.17476 267.19 487050.0 501.1 354230.0 154.17 "" "" 0.002784589973076264 0.0030054722 0.0038088085 0.0068142805 271.06904436408 -24.28794248639 1326.63647 1.1709999999999998 -1.892 -0.16930306339263912 0.15237875747680674 0.3370463 0.3300463 "" "" 1.4323265137591086 "" 0.4782992324623882 "" 0.99
271.19912112042 -24.47338555303 0.0164 0.0137 8.541 "" "" 4065970398702755968 1157.10303 0.8158 0.0181 1.905 -2.588 0.025 0.017 0.655 "" "" 11.15947 0.322309 11.260534 10.938226 "" "" 1131.44055 1178.59473 647379.661 197.13 427760.0 292.56 334090.0 158.65 "" "" 0.0027750843918068107 0.0028872935 0.003814388 0.0067016818 271.19912112042 -24.47338555303 1157.10303 1.905 -2.5879999999999987 0.5646969366073609 -0.5436212425231934 0.3380463 0.3300463 "" "" 4.299107836627669 "" 1.436857620783016 "" 0.92
271.03849606665 -24.261999451 0.0185 0.0157 6.8851 "" "" 4066117424024608640 1247.05994 0.7506 0.0207 0.973 -1.955 0.024 0.017 0.675 "" "" 11.387004 0.232487 11.458384 11.225898 "" "" 1216.88135 1280.46704 524982.99721 176.39 356500.0 444.58 256330.0 180.48 "" "" 0.0027793645563401 0.0031013433 0.0038559206 0.0069572637 271.03849606665 -24.261999451 1247.05994 0.973 -1.955 -0.3673030633926392 0.08937875747680657 0.3370463 0.3300463 "" "" 2.2345081367654225 "" 0.7522668602102318 "" 0.98
271.08895241568 -24.39321310445 0.0145 0.0124 2.4182 "" "" 4065974826793492992 1204.04736 0.7779 0.0173 1.169 -2.043 0.019 0.013 0.598 "" "" 11.49044 0.488128 11.659987 11.17186 21.36 13.0 1181.91296 1225.33875 477277.21591 112.93 296090.0 234.78 269410.0 226.21 "" "" 0.0027672706146685765 0.0029199703 0.003887777 0.0068077473 271.08895241568 -24.39321310445 1204.04736 1.1690000000000007 -2.042999999999999 -0.17130306339263912 0.0013787574768064914 0.3320463 0.32604632 16.407948717948717 15.187456 0.9776898520354594 16.437051395478694 0.324637921531033 15.160578225848298 0.99
271.06993242625 -24.47697954756 0.0469 0.0409 7.4944 "" "" 4065969707191576832 1209.57935 0.7775 0.0559 1.479 -2.21 0.061 0.043 1.895 6800.1 2.8625 11.505537 0.448353 11.655528 11.207175 "" "" 1142.60718 1300.90271 470686.70756 169.05 297310.0 169.47 260790.0 177.77 "" "" 0.002782777289916129 0.0028579822 0.0038511658 0.006709148 271.06993242625 -24.47697954756 1209.57935 1.4790000000000005 -2.21 0.13869693660736093 -0.16562124252319332 0.3740463 0.35604632 "" "" 1.238564837016481 "" 0.4503101194059304 "" 0.9
271.00523951092 -24.39650902796 0.0188 0.0163 6.132 "" "" 4065975376537460352 1266.50854 0.7389 0.0225 1.972 -1.945 0.023 0.016 0.689 "" "" 11.533791 0.324056 11.639554 11.315498 "" "" 1233.76343 1298.90869 458596.39064 175.25 301710.0 233.61 236030.0 117.9 "" "" 0.002786384391239018 0.002914065 0.0038180961 0.006732161 271.00523951092 -24.39650902796 1266.50854 1.9719999999999998 -1.945000000000001 0.6316969366073608 0.09937875747680658 0.3360463 0.3290463 "" "" 3.8388764112217455 "" 1.289397831823027 "" 0.88
271.23440442182 -24.40101749767 0.0154 0.0124 7.3503 "" "" 4066064819261901440 1299.00256 0.716 0.0171 1.731 -2.16 0.022 0.015 0.597 "" "" 11.621091 0.435217 11.769494 11.334277 "" "" 1270.90979 1322.70093 423165.73315 119.5 267680.0 162.85 231980.0 78.852 "" "" 0.0027723270190864527 0.0028672905 0.0037973577 0.006664648 271.23440442182 -24.40101749767 1299.00256 1.731000000000001 -2.160000000000001 0.39069693660736093 -0.1156212425231935 0.3350463 0.3280463 "" "" 2.508756847176521 "" 0.839149146602225 "" 0.99
271.04826824229 -24.42499704828 0.0222 0.02 5.2435 "" "" 4065974521871427200 1437.922 0.645 0.0282 0.928 -2.544 0.027 0.019 1.006 "" "" 11.64658 0.463077 11.799333 11.336256 19.31 21.57 1390.51404 1502.96045 413346.95209 106.47 260430.0 189.19 231560.0 114.0 "" "" 0.0027694767459267486 0.002899509 0.0038169937 0.006716503 271.04826824229 -24.42499704828 1437.922 0.928 -2.544 -0.4123030633926391 -0.4996212425231934 0.34004632 0.3320463 14.357948717948716 23.757456 4.415087112626906 15.021440862957501 1.48042397999374 22.712265221437054 0.9
271.13771921821 -24.38138371972 0.0209 0.0177 2.1455 "" "" 4065974929872743808 1283.58862 0.7285 0.0234 0.891 -2.005 0.029 0.02 0.832 "" "" 11.655168 0.333775 11.760978 11.427203 "" "" 1240.64258 1314.1582 410090.35293 135.05 269790.0 295.96 212950.0 204.82 "" "" 0.0027784227408786553 0.003033753 0.003921002 0.006954755 271.13771921821 -24.38138371972 1283.58862 0.891 -2.0050000000000003 -0.44930306339263915 0.03937875747680675 0.34204632 0.33304632 "" "" 2.744133395980069 "" 0.9384349242131139 "" 0.98
271.21084182484 -24.42836944088 0.0139 0.0115 7.0231 "" "" 4066064643142852224 1235.87952 0.7632 0.0153 1.806 -2.158 0.021 0.014 0.669 "" "" 11.721603 0.771928 11.994288 11.22236 "" "" 1216.89551 1256.86182 385749.67902 591.82 217620.0 721.5 257170.0 1549.9 "" "" 0.003219703989084144 0.0045544067 0.0075564967 0.012110904 271.21084182484 -24.42836944088 1235.87952 1.8059999999999996 -2.158 0.4656969366073609 -0.11362124252319328 0.3340463 0.3270463 "" "" 2.8081081180051024 "" 0.9369447085955352 "" 0.96
271.04202894414 -24.40315933872 0.0152 0.0132 4.5743 "" "" 4065974689353617536 1253.66187 0.7352 0.0184 1.16 -2.25 0.019 0.013 0.629 7585.8 3.6984 11.824793 0.331748 11.935925 11.604177 19.57 26.93 1223.42297 1282.0238 350775.76287 101.78 229640.0 252.84 180920.0 130.22 "" "" 0.002773271661227057 0.003035472 0.0038593304 0.0068948027 271.04202894414 -24.40315933872 1253.66187 1.1600000000000006 -2.25 -0.18030306339263924 -0.20562124252319336 0.3320463 0.32604632 14.617948717948718 29.117456 1.6250939145460588 14.708003091911328 0.5341160922646592 28.939235826298017 0.99
271.10718322745 -24.3304514865 0.0142 0.0121 1.607 "" "" 4066069114228533120 1236.06262 0.7583 0.0163 0.771 -1.883 0.019 0.013 0.712 "" "" 11.892653 0.558653 12.094836 11.536183 5.11 24.05 1212.5072 1258.01514 329522.74117 68.552 198370.0 201.75 192610.0 87.769 "" "" 0.002764562674750302 0.0030007306 0.0038116276 0.0068123583 271.10718322745 -24.3304514865 1236.06262 0.771 -1.883 -0.5693030633926391 0.16137875747680663 0.3320463 0.32604632 0.15794871794871845 26.237455 3.4669318947613994 3.4705279944722403 1.1496477053576495 1.6567550652942955 0.96
