Clusters/NGC_6530/NGC_6530_stars_in_region.tsv
# %ECSV 1.0
# ---
# datatype:
# - name: RA_ICRS_1
#   unit: deg
#   datatype: float64
#   format: '{:15.11f}'
#   description: Right ascension (ICRS) at Ep=2016.0 (ra)
#   meta: !!omap
#   - {ucd: POS_EQ_RA_MAIN}
#   - {width: 15}
#   - {precision: '11'}
# - name: DE_ICRS_1
#   unit: deg
#   datatype: float64
#   format: '{:15.11f}'
#   description: Declination (ICRS) at Ep=2016.0 (dec)
#   meta: !!omap
#   - {ucd: POS_EQ_DEC_MAIN}
#   - {width: 15}
#   - {precision: '11'}
# - name: e_RA_ICRS
#   unit: mas
#   datatype: float64
#   format: '{:7.4f}'
#   description: Standard error of right ascension (ra_error)
#   meta: !!omap
#   - {ucd: ERROR}
#   - {width: 7}
#   - {precision: '4'}
# - name: e_DE_ICRS
#   unit: mas
#   datatype: float64
#   format: '{:7.4f}'
#   description: Standard error of declination (dec_error)
#   meta: !!omap
#   - {ucd: ERROR}
#   - {width: 7}
#   - {precision: '4'}
# - name: _r_1
#   unit: ''
#   datatype: float64
#   format: '{:7.4f}'
#   description: Distance from center (271.10880746000-24.35719442000)[ICRS], at Epoch=J2016.0
#   meta: !!omap
#   - {ucd: POS_ANG_DIST_GENERAL}
#   - {width: 7}
#   - {precision: '4'}
# - name: HIP
#   datatype: int32
#   description: '? HIP cross-id number, van Leeuwen, Cat. I/311 (hip_original_ext_source_id)'
#   meta: !!omap
#   - {ucd: ID_NUMBER}
#   - {width: 6}
#   - values: {'null': -2147483648}
# - name: TYC2
#   datatype: string
#   description: Tycho-2 cross-id name, Hog et al., Cat. I/259 (tyc2_original_ext_source_id)
#   meta: !!omap
#   - {ucd: ID_CROSSID}
#   - {_votable_string_dtype: char}
# - name: Source
#   datatype: int64
#   description: Source identifier, identical to the Gaia-EDR3 source_id (id)
#   meta: !!omap
#   - {ucd: ID_MAIN}
#   - {width: 19}
# - name: rgeo
#   unit: pc
#   datatype: float64
#   format: '{:15.8f}'
#   description: '? Median of the geometric distance posterior (r_med_geo)'
#   meta: !!omap
#   - {ucd: PHYS_DISTANCE_TRUE}
#   - {width: 15}
#   - {precision: '8'}
#   - values: {'null': .nan}
# - name: Plx
#   unit: mas
#   datatype: float64
#   format: '{:9.4f}'
#   description: '? Parallax (parallax)'
#   meta: !!omap
#   - {ucd: POS_PARLX_TRIG}
#   - {width: 9}
#   - {precision: '4'}
#   - values: {'null': .nan}
# - name: e_Plx
#   unit: mas
#   datatype: float32
#   format: '{:7.4f}'
#   description: '? Standard error of parallax (parallax_error)'
#   meta: !!omap
#   - {ucd: ERROR}
#   - {width: 7}
#   - {precision: '4'}
#   - values: {'null': .nan}
# - name: pmRA
#   unit: mas / yr
#   datatype: float64
#   format: '{:9.3f}'
#   description: '? Proper motion in right ascension direction, pmRA*cosDE (pmra)'
#   meta: !!omap
#   - {ucd: POS_EQ_PMRA}
#   - {width: 9}
#   - {precision: '3'}
#   - values: {'null': .nan}
# - name: pmDE
#   unit: mas / yr
#   datatype: float64
#   format: '{:9.3f}'
#   description: '? Proper motion in declination direction (pmdec)'
#   meta: !!omap
#   - {ucd: POS_EQ_PMDEC}
#   - {width: 9}
#   - {precision: '3'}
#   - values: {'null': .nan}
# - name: e_pmRA
#   unit: mas / yr
#   datatype: float32
#   format: '{:6.3f}'
#   description: '? Standard error of proper motion in right ascension direction (pmra_error)'
#   meta: !!omap
#   - {ucd: ERROR}
#   - {width: 6}
#   - {precision: '3'}
#   - values: {'null': .nan}
# - name: e_pmDE
[...]
#         value: !astropy.table.SerializedColumn {name: SkyCoord.dec}
#       distance: !astropy.table.SerializedColumn
#         __class__: astropy.coordinates.distances.Distance
#         unit: !astropy.units.Unit {unit: pc}
#         value: !astropy.table.SerializedColumn {name: SkyCoord.distance}
#       frame: icrs
#       obstime: !astropy.time.Time {format: jyear_str, in_subfmt: '*', jd1: 367701545.0, jd2: 0.0, out_subfmt: '*', precision: 3, scale: tt}
#       pm_dec: !astropy.table.SerializedColumn
#         __class__: astropy.units.quantity.Quantity
#         unit: !astropy.units.Unit {unit: mas / yr}
#         value: !astropy.table.SerializedColumn {name: SkyCoord.pm_dec}
#       pm_ra_cosdec: !astropy.table.SerializedColumn
#         __class__: astropy.units.quantity.Quantity
#         unit: !astropy.units.Unit {unit: mas / yr}
#         value: !astropy.table.SerializedColumn {name: SkyCoord.pm_ra_cosdec}
#       ra: !astropy.table.SerializedColumn
#         __class__: astropy.coordinates.angles.Longitude
#         unit: *id001
#         value: !astropy.table.SerializedColumn {name: SkyCoord.ra}
#         wrap_angle: !astropy.coordinates.Angle
#           unit: *id001
#           value: 360.0
#       representation_type: spherical
# schema: astropy-2.0
RA_ICRS_1 DE_ICRS_1 e_RA_ICRS e_DE_ICRS _r_1 HIP TYC2 Source rgeo Plx e_Plx pmRA pmDE e_pmRA e_pmDE RUWE Teff logg Gmag BP-RP BPmag RPmag RV e_RV b_rgeo B_rgeo FG e_FG FBP e_FBP FRP e_FRP RAVE5 RAVE6 e_Gmag e_BPmag e_RPmag e_BP-RP SkyCoord.ra SkyCoord.dec SkyCoord.distance SkyCoord.pm_ra_cosdec SkyCoord.pm_dec rmRA rmDE e_rmRA e_rmDE rRV e_rRV v_pec v_pec3d e_vpec e_vpec3d
[from data line 385]
271.448734408 -24.06495104911 0.0186 0.0163 25.5633 "" "" 4066080414258978688 1226.6637 0.7792 0.0229 1.737 -5.425 0.024 0.017 0.886 5900.7 3.9986 13.705473 0.9621 14.098409 13.136309 -9.77 5.81 1192.48511 1260.6853 62052.26105 13.471 31337.0 29.012 44120.0 32.249 "" "" 0.0027653834582140762 0.0029657104 0.003861805 0.0068275155 271.448734408 -24.06495104911 1226.6637 1.7369999999999999 -5.425 0.39669693660736094 -3.380621242523193 0.3370463 0.3300463 -14.722051282051282 7.9974556 19.791104227368308 24.666304962233472 6.533882037334386 7.089976391550772
271.65200300236 -24.6086273897 0.0216 0.0177 33.2772 "" "" 4065856801080706176 1276.66211 0.7314 0.0216 0.453 -5.005 0.026 0.019 0.912 "" "" 13.712866 2.511664 15.070598 12.558933 -13.63 1.39 1239.52917 1314.97388 61631.15518 30.902 12799.0 33.197 75090.0 285.33 "" "" 0.002808585137148377 0.0039642695 0.005595043 0.009559313 271.65200300236 -24.6086273897 1276.66211 0.45300000000000035 -5.005 -0.8873030633926391 -2.9606212425231933 0.3390463 0.3320463 -18.58205128205128 3.5774555 18.703150271175275 26.36475791496951 6.2212063881085236 5.082807827209545
271.33465803046 -24.00767744998 0.0188 0.0165 24.3434 "" "" 4066128346094122112 1260.97327 0.7527 0.0245 -0.495 -3.933 0.023 0.017 0.871 "" "" 13.721056 1.102055 14.175377 13.073322 "" "" 1216.47766 1302.83887 61168.00829 20.383 29192.0 45.928 46755.0 41.221 "" "" 0.002778972533712793 0.0032715418 0.003898719 0.007170261 271.33465803046 -24.00767744998 1260.97327 -0.495 -3.933 -1.8353030633926393 -1.8886212425231932 0.3360463 0.3300463 "" "" 15.740357038516 "" 5.24112833836159 ""
270.93558031065 -24.33302702802 0.0266 0.0214 9.5798 "" "" 4066022934744929152 1274.76453 0.7361 0.0322 2.016 -2.054 0.033 0.022 1.063 7493.4 3.6251 13.72144 1.58161 14.428861 12.847251 "" "" 1219.19763 1324.86914 61146.34844 40.18 23114.0 80.452 57578.0 120.58 "" "" 0.0028461905543880157 0.0046974984 0.004410632 0.00910813 270.93558031065 -24.33302702802 1274.76453 2.0160000000000005 -2.054000000000002 0.6756969366073609 -0.009621242523193185 0.3460463 0.3350463 "" "" 4.08323414485523 "" 1.4129791026642333 ""
271.12037713053 -24.36179269909 0.0187 0.0158 0.6899 "" "" 4065974998592209408 1054.49829 0.9058 0.0212 -0.173 -4.577 0.026 0.019 0.915 5025.3 3.5528 13.725994 1.452286 14.385104 12.932818 -24.04 2.17 1030.76538 1081.94238 60890.42033 12.656 24064.0 50.421 53215.0 127.29 "" "" 0.0027645462329199235 0.0036000488 0.004585687 0.008185736 271.12037713053 -24.36179269909 1054.49829 -0.17300000000000015 -4.577 -1.5133030633926392 -2.5326212425231933 0.3390463 0.3320463 -28.992051282051282 4.3574557 14.746537590453523 32.52690284130585 4.92390168380508 4.479734336590684
271.52317758151 -24.35234215013 0.0169 0.014 22.6516 "" "" 4066057157039803264 1242.3031 0.7614 0.0184 1.863 -1.419 0.023 0.016 0.831 "" "" 13.726848 0.732501 14.0095 13.276998 "" "" 1209.28015 1278.11182 60842.57264 18.212 34011.0 37.761 38758.0 24.719 "" "" 0.002774420664546075 0.003039433 0.0038422944 0.0068817274 271.52317758151 -24.35234215013 1242.3031 1.8629999999999987 -1.4189999999999998 0.5226969366073608 0.6253787574768066 0.3360463 0.3290463 "" "" 4.7994506142814375 "" 1.593144423883659 ""
271.36149545367 -24.62706153909 0.0269 0.0228 21.273 "" "" 4065952875236090112 1239.21411 0.7585 0.0298 -0.959 -5.221 0.035 0.025 1.717 "" "" 13.734638 2.257155 14.903981 12.646826 10.57 5.97 1192.24194 1292.00549 60407.59177 24.464 14922.0 19.955 69251.0 61.106 "" "" 0.002790184381796652 0.003145343 0.003898918 0.007044261 271.36149545367 -24.62706153909 1239.21411 -0.9590000000000001 -5.221000000000003 -2.2993030633926392 -3.1766212425231934 0.3480463 0.3380463 5.617948717948718 8.157455 23.03406695468596 23.709272200353546 7.866532301748644 7.883150967216836
271.54921862366 -24.68114630571 0.0199 0.0168 30.9161 "" "" 4065854812566557184 1122.32056 0.8505 0.0196 0.577 -2.928 0.025 0.018 0.905 7242.5 4.0591 13.735147 0.753306 14.024794 13.271487 "" "" 1091.62598 1147.40161 60379.28414 17.732 33535.0 56.749 38955.0 31.647 "" "" 0.0027737084031024296 0.003340776 0.0038809457 0.007221722 271.54921862366 -24.68114630571 1122.32056 0.5769999999999997 -2.928 -0.7633030633926392 -0.8836212425231933 0.3380463 0.3310463 "" "" 6.211690130772935 "" 2.0750497624932165 ""
271.72435343297 -24.35461703485 0.0215 0.019 33.6461 "" "" 4065870201381950464 1249.61853 0.7641 0.0254 -8.675 -7.457 0.027 0.019 0.905 5164.9 3.3054 13.735346 1.789159 14.606093 12.816935 -57.67 2.64 1212.73633 1288.74365 60368.225 17.975 19633.0 21.981 59209.0 43.144 "" "" 0.002774221013357941 0.0030434674 0.0038613004 0.006904768 271.72435343297 -24.35461703485 1249.61853 -8.675000000000002 -7.456999999999999 -10.01530306339264 -5.412621242523193 0.34004632 0.3320463 -62.62205128205128 4.8274555 67.43151704152403 92.02462060390799 22.809012642006493 17.033203114798667
271.12067988905 -24.91241089388 0.018 0.0168 33.3193 "" "" 4065754035476877824 1118.76794 0.8533 0.0242 -0.489 0.853 0.022 0.017 0.884 "" "" 13.738274 0.797896 14.051511 13.253614 "" "" 1095.5094 1147.68799 60205.65357 60.425 32720.0 111.99 39602.0 86.101 "" "" 0.0029629744497478567 0.004647002 0.004456005 0.009103008 271.12067988905 -24.91241089388 1118.76794 -0.489 0.853 -1.829303063392639 2.8973787574768064 0.3350463 0.3300463 "" "" 18.170786875402737 "" 6.023234822976521 ""
271.45123717716 -24.40505636587 0.0196 0.0161 18.9326 "" "" 4066053927224411776 1077.17822 0.885 0.0198 2.312 -4.845 0.026 0.018 0.848 6351.6 4.068 13.74682 0.955827 14.138887 13.183061 -2.15 4.04 1051.24219 1098.09961 59733.58289 11.665 30190.0 27.798 42260.0 39.29 "" "" 0.0027634660685629743 0.0029638608 0.003911864 0.0068757245 271.45123717716 -24.40505636587 1077.17822 2.311999999999997 -4.845000000000001 0.9716969366073607 -2.800621242523193 0.3390463 0.3310463 -7.102051282051281 6.2274556 15.135712886868987 16.719118906408262 5.023771966476383 5.261369985512681
271.62750156979 -24.54978276285 0.0194 0.0161 30.5959 "" "" 4065860516282833664 987.634277 0.9707 0.0204 1.229 9.373 0.024 0.017 0.849 "" "" 13.75035 1.137112 14.228675 13.091563 -5.2 5.75 964.843384 1008.00867 59539.68984 13.875 27794.0 25.089 45976.0 89.44 "" "" 0.0027669129568985086 0.002957293 0.004329539 0.0072868317 271.62750156979 -24.54978276285 987.634277 1.2290000000000014 9.372999999999998 -0.11130306339263907 11.417378757476806 0.3370463 0.3300463 -10.152051282051282 7.9374557 53.451702169743896 54.407247771564435 17.641572254342964 17.39490374174463
271.07530771183 -24.23206771272 0.0205 0.0164 7.7279 "" "" 4066117969451914880 1190.62988 0.7975 0.0223 -3.262 -3.746 0.025 0.017 0.929 6426.4 3.989 13.751853 0.985144 14.15931 13.174167 "" "" 1155.74146 1222.04041 59457.32438 11.538 29627.0 44.496 42608.0 32.137 "" "" 0.0027633640393472624 0.0032317222 0.003867085 0.007098807 271.07530771183 -24.23206771272 1190.62988 -3.262000000000003 -3.746 -4.60230306339264 -1.7016212425231934 0.3380463 0.3300463 "" "" 27.691958684577138 "" 9.334800248358642 ""
270.83533674259 -24.77233196327 0.0181 0.0152 29.0365 "" "" 4065935592284979072 1001.84119 0.9577 0.0243 -2.029 -3.773 0.025 0.017 0.888 6621.6 4.1204 13.760308 0.907497 14.128346 13.220848 -28.99 9.86 977.268188 1026.89575 58996.1145 12.467 30484.0 31.554 40815.0 25.625 "" "" 0.002764856342239763 0.0030080024 0.0038403631 0.0068483655 270.83533674259 -24.77233196327 1001.84119 -2.0290000000000026 -3.773 -3.369303063392639 -1.7286212425231935 0.3380463 0.3300463 -33.94205128205128 12.047455 17.982781461025485 38.41149924577796 6.049318142903106 11.015915133782569
271.35358923112 -24.27184659239 0.0195 0.016 14.3304 "" "" 4066067598081729792 1343.17859 0.6973 0.0203 -1.652 -5.14 0.029 0.019 0.83 "" "" 13.761567 2.051698 14.803649 12.751951 -110.27 1.71 1298.21692 1390.16565 58927.76384 18.177 16367.0 21.647 62860.0 49.257 "" "" 0.002775599629017456 0.0031380136 0.0038739587 0.0070119724 271.35358923112 -24.27184659239 1343.17859 -1.652 -5.14 -2.9923030633926393 -3.095621242523193 0.34204632 0.3320463 -115.22205128205128 3.8974557 27.411252558887988 118.43773836278199 9.23522678875721 4.352585047176865
270.83270139411 -24.28574171135 0.0182 0.0152 15.693 "" "" 4066025752243517312 1163.98474 0.8192 0.022 -0.262 0.461 0.024 0.017 0.87 6678.9 4.1081 13.762812 0.85332 14.102188 13.248868 -51.9 5.96 1133.7594 1196.30823 58860.25718 13.481 31228.0 24.334 39775.0 28.536 "" "" 0.002766518826995569 0.00291562 0.003858819 0.006774439 270.83270139411 -24.28574171135 1163.98474 -0.262 0.4610000000000002 -1.6023030633926392 2.5053787574768065 0.3370463 0.3300463 -56.85205128205128 8.147455 16.408062729813125 59.172461986319874 5.449010925702497 7.972449444644743
271.47746061155 -24.44923755116 0.0202 0.0159 20.8864 "" "" 4066050315131262848 1203.42261 0.7854 0.0215 -0.641 -4.015 0.026 0.017 0.813 7032.6 3.9127 13.766945 0.889686 14.127104 13.237418 "" "" 1172.8075 1243.15039 58636.60898 19.814 30519.0 31.316 40197.0 27.852 "" "" 0.002779638923553173 0.003004371 0.0038535271 0.006857898 271.47746061155 -24.44923755116 1203.42261 -0.6410000000000007 -4.015 -1.9813030633926392 -1.970621242523193 0.3390463 0.3300463 "" "" 15.94012470547789 "" 5.3335798260250975 ""
270.9695129505 -24.73288156873 0.0227 0.0196 23.7887 "" "" 4065947682592296320 1440.44519 0.6528 0.0299 -0.841 -0.531 0.031 0.021 1.263 "" "" 13.771186 1.343702 14.354048 13.010345 "" "" 1387.29517 1505.09973 58407.99895 21.321 24763.0 37.691 49547.0 46.966 "" "" 0.0027836789923000086 0.0032428417 0.003917006 0.0071598478 270.9695129505 -24.73288156873 1440.44519 -0.8410000000000002 -0.531 -2.1813030633926394 1.5133787574768065 0.3440463 0.3340463 "" "" 18.12676476365851 "" 6.178128311601354 ""
271.19130996977 -24.45535386524 0.0183 0.0158 7.4167 "" "" 4065970772343582976 1190.10693 0.7979 0.0209 1.13 -1.33 0.028 0.019 0.977 5860.8 3.6394 13.77447 1.460128 14.439067 12.978939 21.86 6.04 1164.81274 1219.57751 58231.58586 69.076 22898.0 106.49 51001.0 187.93 "" "" 0.0030414729175817657 0.0057689683 0.0055036126 0.011272581 271.19130996977 -24.45535386524 1190.10693 1.129999999999999 -1.3299999999999998 -0.21030306339263927 0.7143787574768066 0.3410463 0.3320463 16.907948717948717 8.227455 4.200880371678333 17.422001198081006 1.397939550118554 7.991808161791999
271.27413118821 -24.42390334543 0.0185 0.0153 9.8811 "" "" 4066052793353449856 1096.90796 0.872 0.0195 -0.057 -3.927 0.027 0.018 0.988 6660.3 3.9025 13.777697 1.071264 14.222787 13.151523 -31.65 13.45 1074.53259 1122.93311 58058.82463 12.752 27945.0 21.696 43506.0 27.357 "" "" 0.002765620636516982 0.0029147223 0.0038405515 0.006755274 271.27413118821 -24.42390334543 1096.90796 -0.05700000000000002 -3.9269999999999987 -1.397303063392639 -1.8826212425231934 0.34004632 0.3310463 -36.60205128205128 15.637455 12.189903892892689 38.5785421571613 4.074730145746448 14.892064350953465
270.64931021337 -24.13190570218 0.0185 0.016 28.542 "" "" 4066043241350184064 984.6073 0.9706 0.0225 -1.462 -2.524 0.023 0.016 1.125 6641.0 4.0591 13.782989 0.830597 14.106189 13.275592 5.54 6.37 960.365906 1008.01422 57776.48023 17.711 31113.0 33.482 38808.0 39.125 "" "" 0.0027753489997529427 0.0030249332 0.003934703 0.0069596358 270.64931021337 -24.13190570218 984.6073 -1.4619999999999986 -2.524 -2.802303063392639 -0.4796212425231934 0.3360463 0.3290463 0.5879487179487182 8.557455 13.268628770018164 13.281648735435345 4.456257146207951 4.467976829981141
271.10101037605 -24.30868104155 0.0267 0.0225 2.9418 "" "" 4066069968902677120 1418.10437 0.6683 0.0298 0.964 -1.753 0.032 0.022 1.402 6029.6 3.5569 13.784912 1.462303 14.433176 12.970873 -17.36 14.72 1358.08264 1470.38391 57674.25042 88.351 23022.0 109.18 51382.0 250.83 "" "" 0.0032184068153436243 0.0058564004 0.006509679 0.012366079 271.10101037605 -24.30868104155 1418.10437 0.964 -1.7529999999999997 -0.3763030633926392 0.29137875747680675 0.3450463 0.3350463 -22.312051282051282 16.907455 3.199086519074487 22.540225974231276 1.0919515922348761 16.737018819939482
271.07047371473 -24.4040688142 0.0203 0.0191 3.5069 "" "" 4065974659310381824 1203.31042 0.7907 0.0279 1.377 -2.133 0.026 0.018 0.95 5767.0 3.5278 13.788094 1.591438 14.529315 12.937877 19.01 8.95 1168.29431 1239.13281 57505.4652 124.01 21071.0 163.46 52967.0 335.68 "" "" 0.003615777766224365 0.008872807 0.007850499 0.016723305 271.07047371473 -24.4040688142 1203.31042 1.377 -2.132999999999999 0.03669693660736084 -0.08862124252319337 0.3390463 0.3310463 14.057948717948719 11.137455 0.5470904485350785 14.068590196439526 0.1817594819469322 11.129032862623374
270.91780756305 -24.38893286439 0.0203 0.0184 10.6109 "" "" 4066021044958984320 1281.64233 0.7395 0.0249 2.01 -2.607 0.025 0.018 0.879 6345.8 3.395 13.788899 1.621506 14.508649 12.887143 "" "" 1237.12292 1321.84253 57462.83357 57.891 21476.0 236.85 55501.0 235.79 "" "" 0.002964497443114239 0.012294919 0.005963229 0.018258149 270.91780756305 -24.38893286439 1281.64233 2.01 -2.6069999999999998 0.6696969366073606 -0.5626212425231936 0.3380463 0.3310463 "" "" 5.313568759364634 "" 1.7809366934155468 ""
271.41247882703 -24.79209785521 0.0194 0.0172 30.9106 "" "" 4065760147142915328 1028.14307 0.933 0.0215 0.159 -2.427 0.024 0.018 0.861 6788.9 4.2829 13.79003 0.829365 14.120483 13.291119 "" "" 1010.10822 1048.47351 57403.06572 13.989 30706.0 31.279 38257.0 21.978 "" "" 0.0027679953151451236 0.0030013793 0.0038305058 0.0068318853 271.41247882703 -24.79209785521 1028.14307 0.15899999999999984 -2.427 -1.1813030633926391 -0.3826212425231934 0.3370463 0.3310463 "" "" 6.051410443892813 "" 2.036185861580313 ""
270.87599733997 -24.19853801101 0.0174 0.0149 15.8982 "" "" 4066028638461567104 1101.02881 0.8659 0.0199 0.756 -4.444 0.023 0.016 0.903 6204.3 4.0865 13.79552 0.935151 14.179496 13.244345 -28.24 3.51 1074.72681 1124.61035 57113.52308 11.426 29082.0 31.139 39941.0 34.911 "" "" 0.0027638685803602703 0.0030226689 0.0038967081 0.006919377 270.87599733997 -24.19853801101 1101.02881 0.755999999999999 -4.444 -0.5843030633926392 -2.3996212425231933 0.3360463 0.3290463 -33.19205128205128 5.6974554 12.88924337495177 35.606809223645136 4.246258719257908 5.529025187979825
271.11728414963 -23.80907291475 0.0193 0.0166 32.8906 "" "" 4066147037792567552 1000.93457 0.9611 0.0218 1.816 0.902 0.028 0.018 0.875 "" "" 13.806881 0.97046 14.205271 13.234811 -47.88 6.24 978.699097 1029.67725 56518.98783 13.47 28399.0 32.58 40293.0 23.02 "" "" 0.0027674439945455658 0.0030555725 0.0038299472 0.0068855197 271.11728414963 -23.80907291475 1000.93457 1.816 0.9020000000000005 0.4756969366073609 2.9463787574768068 0.3410463 0.3310463 -52.83205128205128 8.427456 14.159906002319506 54.696696249991376 4.691234813331551 8.230256197797337
271.23415382511 -24.08747694613 0.0189 0.0155 17.5765 "" "" 4066126357557120256 1172.00708 0.8187 0.0204 1.105 -3.324 0.023 0.017 0.952 6253.6 3.8611 13.807356 0.92873 14.18227 13.25354 -1.0 9.04 1146.69836 1197.9104 56494.27562 13.7 29007.0 46.826 39604.0 44.493 "" "" 0.002767871557911244 0.0032949992 0.003971342 0.0072663412 271.23415382511 -24.08747694613 1172.00708 1.104999999999999 -3.324 -0.23530306339263918 -1.2796212425231932 0.3360463 0.3300463 -5.952051282051282 11.227455 7.227883646045091 9.363184098635163 2.3869671377974266 7.371162647577233
