Clusters/Barkhatova_1/Barkhatova_1_stars_in_region.tsv
# %ECSV 1.0
# ---
# datatype:
# - name: RA_ICRS_1
#   unit: deg
#   datatype: float64
#   format: '{:15.11f}'
#   description: Right ascension (ICRS) at Ep=2016.0 (ra)
#   meta: !!omap
#   - {ucd: POS_EQ_RA_MAIN}
#   - {width: 15}
#   - {precision: '11'}
# - name: DE_ICRS_1
#   unit: deg
#   datatype: float64
#   format: '{:15.11f}'
#   description: Declination (ICRS) at Ep=2016.0 (dec)
#   meta: !!omap
#   - {ucd: POS_EQ_DEC_MAIN}
#   - {width: 15}
#   - {precision: '11'}
# - name: e_RA_ICRS
#   unit: mas
#   datatype: float64
#   format: '{:7.4f}'
#   description: Standard error of right ascension (ra_error)
#   meta: !!omap
#   - {ucd: ERROR}
#   - {width: 7}
#   - {precision: '4'}
# - name: e_DE_ICRS
#   unit: mas
#   datatype: float64
#   format: '{:7.4f}'
#   description: Standard error of declination (dec_error)
#   meta: !!omap
#   - {ucd: ERROR}
#   - {width: 7}
#   - {precision: '4'}
# - name: _r_1
#   unit: ''
#   datatype: float64
#   format: '{:7.4f}'
#   description: Distance from center (313.41480840000+46.05200575000)[ICRS], at Epoch=J2016.0
#   meta: !!omap
#   - {ucd: POS_ANG_DIST_GENERAL}
#   - {width: 7}
#   - {precision: '4'}
# - name: HIP
#   datatype: int32
#   description: '? HIP cross-id number, van Leeuwen, Cat. I/311 (hip_original_ext_source_id)'
#   meta: !!omap
#   - {ucd: ID_NUMBER}
#   - {width: 6}
#   - values: {'null': -2147483648}
# - name: TYC2
#   datatype: string
#   description: Tycho-2 cross-id name, Hog et al., Cat. I/259 (tyc2_original_ext_source_id)
#   meta: !!omap
#   - {ucd: ID_CROSSID}
#   - {_votable_string_dtype: char}
# - name: Source
#   datatype: int64
#   description: Source identifier, identical to the Gaia-EDR3 source_id (id)
#   meta: !!omap
#   - {ucd: ID_MAIN}
#   - {width: 19}
# - name: rgeo
#   unit: pc
#   datatype: float64
#   format: '{:15.8f}'
#   description: '? Median of the geometric distance posterior (r_med_geo)'
#   meta: !!omap
#   - {ucd: PHYS_DISTANCE_TRUE}
#   - {width: 15}
#   - {precision: '8'}
#   - values: {'null': .nan}
# - name: Plx
#   unit: mas
#   datatype: float64
#   format: '{:9.4f}'
#   description: '? Parallax (parallax)'
#   meta: !!omap
#   - {ucd: POS_PARLX_TRIG}
#   - {width: 9}
#   - {precision: '4'}
#   - values: {'null': .nan}
# - name: e_Plx
#   unit: mas
#   datatype: float32
#   format: '{:7.4f}'
#   description: '? Standard error of parallax (parallax_error)'
#   meta: !!omap
#   - {ucd: ERROR}
#   - {width: 7}
#   - {precision: '4'}
#   - values: {'null': .nan}
# - name: pmRA
#   unit: mas / yr
#   datatype: float64
#   format: '{:9.3f}'
#   description: '? Proper motion in right ascension direction, pmRA*cosDE (pmra)'
#   meta: !!omap
#   - {ucd: POS_EQ_PMRA}
#   - {width: 9}
#   - {precision: '3'}
#   - values: {'null': .nan}
# - name: pmDE
#   unit: mas / yr
#   datatype: float64
#   format: '{:9.3f}'
#   description: '? Proper motion in declination direction (pmdec)'
#   meta: !!omap
#   - {ucd: POS_EQ_PMDEC}
#   - {width: 9}
#   - {precision: '3'}
#   - values: {'null': .nan}
# - name: e_pmRA
#   unit: mas / yr
#   datatype: float32
#   format: '{:6.3f}'
#   description: '? Standard error of proper motion in right ascension direction (pmra_error)'
#   meta: !!omap
#   - {ucd: ERROR}
#   - {width: 6}
#   - {precision: '3'}
#   - values: {'null': .nan}
# - name: e_pmDE
[...]
#         value: !astropy.table.SerializedColumn {name: SkyCoord.dec}
#       distance: !astropy.table.SerializedColumn
#         __class__: astropy.coordinates.distances.Distance
#         unit: !astropy.units.Unit {unit: pc}
#         value: !astropy.table.SerializedColumn {name: SkyCoord.distance}
#       frame: icrs
#       obstime: !astropy.time.Time {format: jyear_str, in_subfmt: '*', jd1: 367701545.0, jd2: 0.0, out_subfmt: '*', precision: 3, scale: tt}
#       pm_dec: !astropy.table.SerializedColumn
#         __class__: astropy.units.quantity.Quantity
#         unit: !astropy.units.Unit {unit: mas / yr}
#         value: !astropy.table.SerializedColumn {name: SkyCoord.pm_dec}
#       pm_ra_cosdec: !astropy.table.SerializedColumn
#         __class__: astropy.units.quantity.Quantity
#         unit: !astropy.units.Unit {unit: mas / yr}
#         value: !astropy.table.SerializedColumn {name: SkyCoord.pm_ra_cosdec}
#       ra: !astropy.table.SerializedColumn
#         __class__: astropy.coordinates.angles.Longitude
#         unit: *id001
#         value: !astropy.table.SerializedColumn {name: SkyCoord.ra}
#         wrap_angle: !astropy.coordinates.Angle
#           unit: *id001
#           value: 360.0
#       representation_type: spherical
# schema: astropy-2.0
RA_ICRS_1 DE_ICRS_1 e_RA_ICRS e_DE_ICRS _r_1 HIP TYC2 Source rgeo Plx e_Plx pmRA pmDE e_pmRA e_pmDE RUWE Teff logg Gmag BP-RP BPmag RPmag RV e_RV b_rgeo B_rgeo FG e_FG FBP e_FBP FRP e_FRP RAVE5 RAVE6 e_Gmag e_BPmag e_RPmag e_BP-RP SkyCoord.ra SkyCoord.dec SkyCoord.distance SkyCoord.pm_ra_cosdec SkyCoord.pm_dec rmRA rmDE e_rmRA e_rmDE rRV e_rRV v_pec v_pec3d e_vpec e_vpec3d
[from data line 515]
313.8099245567 45.79453792367 0.0171 0.019 22.5964 "" "" 2163331875476996352 1538.63062 0.6245 0.021 -2.084 2.633 0.022 0.024 1.025 5963.3 4.0777 15.251817 1.185131 15.753671 14.56854 "" "" 1493.03149 1602.99268 14935.50671 3.7696 6822.6 10.581 11796.0 18.608 "" "" 0.002768913571357127 0.0032588907 0.0041493583 0.007408249 313.8099245567 45.79453792367 1538.63062 -2.0839999999999983 2.633 0.35064708328247063 7.1010585861206055 0.099392004 0.101392 "" "" 51.85189617417092 "" 5.257117736583072 ""
313.51253072727 45.75479643 0.0181 0.0185 18.2934 "" "" 2163334280658934528 2094.42529 0.4488 0.0213 -1.205 -3.134 0.023 0.024 1.081 7963.2 4.1306 15.253784 1.166046 15.750472 14.584426 "" "" 2018.66382 2185.54321 14908.46494 3.5034 6842.7 12.509 11625.0 8.973 "" "" 0.0027671079833063547 0.0034241097 0.0038711822 0.007295292 313.51253072727 45.75479643 2094.42529 -1.205 -3.1339999999999995 1.2296470832824706 1.3340585861206056 0.10039201 0.101392 "" "" 18.01176443647163 "" 1.817997504260765 ""
313.34390122971 46.08716490947 0.0198 0.0201 3.628 "" "" 2163399869087444224 1953.6134 0.4837 0.0216 -2.501 -4.473 0.026 0.025 1.087 8955.5 4.1981 15.254785 1.038808 15.685835 14.647027 "" "" 1866.51514 2053.8999 14894.7371 3.9252 7262.4 10.886 10974.0 12.807 "" "" 0.0027701364512573547 0.003230124 0.003986131 0.007216255 313.34390122971 46.08716490947 1953.6134 -2.501 -4.473000000000001 -0.06635291671752919 -0.004941413879394396 0.103392005 0.102392 "" "" 0.6161379563737104 "" 0.06370035670861847 ""
313.08512120036 46.2428901881 0.0184 0.0192 17.8602 "" "" 2166407793621177088 2048.23145 0.4602 0.0221 -1.283 -3.496 0.024 0.024 0.988 6394.8 3.9033 15.255694 1.311785 15.83359 14.521805 "" "" 1968.53723 2129.2915 14882.25933 3.9262 6338.4 7.9849 12315.0 13.177 "" "" 0.002770168782720348 0.0031073866 0.0039539034 0.00706129 313.08512120036 46.2428901881 2048.23145 -1.2829999999999986 -3.4960000000000004 1.1516470832824708 0.9720585861206055 0.101392 0.101392 "" "" 14.631336561943598 "" 1.483500490056067 ""
313.74176099488 46.319679393 0.0191 0.0201 21.0331 "" "" 2163773020162065536 1845.69641 0.5144 0.023 -3.516 -7.266 0.026 0.025 0.967 7883.2 3.8636 15.256311 1.228246 15.787095 14.558849 "" "" 1770.48181 1913.32202 14873.81298 5.1905 6615.7 12.971 11902.0 13.55 "" "" 0.0027812489510246 0.0035094968 0.0039763805 0.0074858773 313.74176099488 46.319679393 1845.69641 -3.5160000000000027 -7.265999999999996 -1.0813529167175293 -2.7979414138793945 0.103392005 0.102392 "" "" 26.24259535084222 "" 2.690456778489432 ""
313.59050706032 46.23777721058 0.0188 0.02 13.3261 "" "" 2163396506147474688 2137.13501 0.4397 0.0223 -4.847 -7.772 0.026 0.028 0.959 9394.3 4.286 15.257521 1.1206 15.725573 14.604973 "" "" 2042.31726 2260.40845 14857.25741 4.0793 7001.4 9.9301 11407.0 14.299 "" "" 0.002771399794530701 0.0031869023 0.0040169703 0.0072038723 313.59050706032 46.23777721058 2137.13501 -4.8469999999999995 -7.771999999999996 -2.4123529167175297 -3.3039414138793948 0.103392005 0.10539201 "" "" 41.440914266402 "" 4.338900107784074 ""
313.59033017579 46.06241523638 0.0207 0.0221 7.3347 "" "" 2163391661423864704 2066.74438 0.4581 0.0253 -3.223 -3.796 0.028 0.031 1.06 9637.9 3.9017 15.260861 1.032265 15.682527 14.650262 "" "" 1945.02063 2174.27124 14811.60753 4.3201 7284.6 13.869 10941.0 12.227 "" "" 0.0027734587510320203 0.0034724625 0.003969377 0.007441839 313.59033017579 46.06241523638 2066.74438 -3.2230000000000003 -3.795999999999997 -0.7883529167175292 0.6720585861206056 0.10539201 0.108392 "" "" 10.148409086636823 "" 1.0824790436437994 ""
313.08754128583 46.01927257822 0.0165 0.0177 13.7723 "" "" 2163379394996497664 2119.91431 0.4459 0.0199 3.319 -1.646 0.022 0.021 1.036 "" "" 15.26249 1.553556 15.981007 14.42745 "" "" 2027.29114 2218.47656 14789.40621 3.8574 5533.7 8.3481 13433.0 10.062 "" "" 0.002769834363362894 0.0032354095 0.0038658942 0.007101304 313.08754128583 46.01927257822 2119.91431 3.3190000000000004 -1.6459999999999986 5.753647083282471 2.8220585861206056 0.099392004 0.098392 "" "" 64.3948160423625 "" 6.3878930752283924 ""
313.59681703577 45.8839232238 0.0184 0.0202 12.6222 "" "" 2163336720204282496 1770.74609 0.5375 0.023 4.92 -1.804 0.024 0.027 1.034 6355.4 3.8771 15.263148 1.446376 15.912744 14.466368 "" "" 1705.49573 1846.31934 14780.437 3.8702 5892.8 14.813 12960.0 10.157 "" "" 0.002769948283900153 0.003903067 0.0038739874 0.0077770543 313.59681703577 45.8839232238 1770.74609 4.919999999999999 -1.8040000000000003 7.354647083282471 2.664058586120605 0.101392 0.10439201 "" "" 65.65501588938105 "" 6.680037231266501 ""
313.38353023903 46.36248187589 0.0188 0.0192 18.6738 "" "" 2163413101900970624 1820.78625 0.5172 0.022 -4.311 -2.919 0.025 0.025 1.058 4940.2 3.4088 15.263483 1.814336 16.148493 14.334157 -47.4 3.68 1756.16968 1908.20947 14775.88051 3.9255 4742.6 8.354 14638.0 11.119 "" "" 0.0027703774171306352 0.0033827086 0.0038683196 0.007251028 313.38353023903 46.36248187589 1820.78625 -4.310999999999998 -2.918999999999996 -1.8763529167175292 1.5490585861206054 0.102392 0.102392 -20.63 37.28 20.99947958169146 29.4376466909615 2.150178775070758 26.17093295007187
313.64012179628 45.88089269346 0.053 0.0586 13.9177 "" "" 2163336548401737472 2213.66968 0.4297 0.0654 -6.203 -7.109 0.071 0.077 3.072 5934.5 4.1372 15.263965 1.397832 15.877359 14.479527 "" "" 1954.14783 2593.3811 14769.33648 8.3279 6088.0 10.92 12804.0 10.905 "" "" 0.002822514424833695 0.003402604 0.0038908625 0.0072934665 313.64012179628 45.88089269346 2213.66968 -6.203000000000001 -7.109 -3.7683529167175296 -2.6409414138793945 0.148392 0.154392 "" "" 48.28402148750499 "" 7.2616612065556305 ""
313.28428190659 45.69634913591 0.0196 0.0211 22.025 "" "" 2163356751928916992 1756.06042 0.5396 0.0247 -0.678 0.246 0.025 0.027 1.129 7492.6 3.994 15.264683 1.498553 15.949217 14.450664 "" "" 1683.02087 1840.22339 14759.56149 4.2702 5698.1 11.232 13149.0 11.404 "" "" 0.002773168285326421 0.0035164529 0.0038949235 0.0074113766 313.28428190659 45.69634913591 1756.06042 -0.678 0.246 1.7566470832824708 4.714058586120606 0.102392 0.10439201 "" "" 41.8743480882884 "" 4.361221879550813 ""
313.42240846307 46.28132822811 0.0218 0.0216 13.763 "" "" 2163409184890788480 1771.83093 0.5357 0.0257 -10.135 -10.409 0.032 0.031 1.205 6617.2 3.9474 15.265988 1.503914 15.954312 14.450398 "" "" 1706.03015 1864.73389 14741.83478 3.7865 5671.4 11.961 13152.0 11.455 "" "" 0.002769397239689746 0.0036094775 0.0038958914 0.007505369 313.42240846307 46.28132822811 1771.83093 -10.134999999999996 -10.409000000000002 -7.700352916717529 -5.940941413879395 0.109392 0.108392 "" "" 81.68150628675271 "" 8.904912970601515 ""
313.77039356325 46.05861855283 0.0189 0.0204 14.8111 "" "" 2163344004465104000 1648.56897 0.5838 0.0237 -1.936 -1.34 0.025 0.024 1.018 7730.9 4.1195 15.270368 1.400577 15.882796 14.48222 "" "" 1585.54248 1719.65979 14682.48819 4.4897 6057.6 15.144 12772.0 24.414 "" "" 0.0027752505054661606 0.0038926457 0.0043117353 0.008204381 313.77039356325 46.05861855283 1648.56897 -1.935999999999999 -1.3399999999999994 0.49864708328247076 3.1280585861206056 0.102392 0.101392 "" "" 24.751955398044636 "" 2.510266640764739 ""
313.39312908703 46.10901245653 0.0189 0.0181 3.5374 "" "" 2163401419589793792 1954.2804 0.4889 0.0207 -2.343 -4.547 0.024 0.026 1.017 7497.3 3.8844 15.271862 1.075626 15.718404 14.642777 "" "" 1874.2395 2032.83154 14662.2959 4.4232 7047.8 17.665 11017.0 12.495 "" "" 0.0027747196558595565 0.003897537 0.0039749285 0.007872466 313.39312908703 46.10901245653 1954.2804 -2.3430000000000013 -4.5470000000000015 0.09164708328247073 -0.07894141387939424 0.101392 0.103392005 "" "" 1.120472634257068 "" 0.11456680806664586 ""
312.93183451179 46.16639426288 0.0216 0.0226 21.2303 "" "" 2166384360279075328 1775.1228 0.5477 0.0256 -2.151 -5.062 0.029 0.028 1.165 5763.3 3.7539 15.273992 1.423145 15.895874 14.472729 "" "" 1689.08142 1839.73596 14633.56556 5.49 5985.0 13.201 12884.0 27.708 "" "" 0.002785266091384036 0.0036769628 0.0044424934 0.0081194565 312.93183451179 46.16639426288 1775.1228 -2.151 -5.061999999999999 0.2836470832824709 -0.5939414138793948 0.106392 0.10539201 "" "" 5.538115780650047 "" 0.584705617954853 ""
313.50607260214 46.2956642672 0.0229 0.0234 15.1033 "" "" 2163408836979717888 1561.98279 0.6158 0.0266 -5.143 -3.004 0.031 0.033 1.3 6619.9 3.9415 15.276607 1.533038 15.981146 14.448108 "" "" 1500.49817 1624.21606 14598.36462 4.0096 5533.0 11.071 13180.0 10.771 "" "" 0.0027714108644023953 0.0035361848 0.0038821397 0.0074183242 313.50607260214 46.2956642672 1561.98279 -5.142999999999999 -3.0040000000000013 -2.708352916717529 1.4640585861206055 0.108392 0.110392004 "" "" 22.794374062143874 "" 2.481110396883833 ""
312.95934564808 46.00663206494 0.0188 0.0198 19.1677 "" "" 2163378639082455936 1619.75317 0.5907 0.0228 0.713 0.666 0.025 0.024 1.07 7718.8 4.2716 15.277067 1.300994 15.848323 14.547329 "" "" 1564.18982 1683.56323 14592.16337 3.949 6253.0 10.918 12029.0 9.2326 "" "" 0.0027709427499256 0.00337326 0.0038701643 0.007243424 312.95934564808 46.00663206494 1619.75317 0.7130000000000001 0.6660000000000001 3.147647083282471 5.134058586120606 0.102392 0.101392 "" "" 46.235807216316495 "" 4.700617481844008 ""
313.61592981723 46.0070346347 0.0191 0.0199 8.8019 "" "" 2163384686396971392 2200.21045 0.4302 0.0231 -1.425 -1.86 0.026 0.027 0.983 6548.2 3.9461 15.277495 1.313764 15.856108 14.542344 "" "" 2080.15601 2309.74683 14586.41204 4.1446 6208.3 11.394 12084.0 12.61 "" "" 0.0027725373001131785 0.0034286506 0.0039455555 0.007374206 313.61592981723 46.0070346347 2200.21045 -1.4249999999999996 -1.859999999999999 1.0096470832824707 2.608058586120605 0.103392005 0.10439201 "" "" 29.166452844651943 "" 3.0409590207194426 ""
313.46027543387 46.38881925558 0.019 0.0202 20.2968 "" "" 2163414476290596992 2186.80566 0.4368 0.0231 -3.789 -3.508 0.027 0.026 1.01 6617.7 3.985 15.280917 1.334188 15.868708 14.53452 "" "" 2085.56592 2331.69287 14540.51596 3.8999 6136.7 12.884 12172.0 9.9428 "" "" 0.0027706658796658934 0.0036029404 0.0038820491 0.0074849892 313.46027543387 46.38881925558 2186.80566 -3.7890000000000006 -3.507999999999999 -1.3543529167175294 0.9600585861206055 0.10439201 0.103392005 "" "" 17.207861483249623 "" 1.79062658528919 ""
313.33246536021 46.06420991444 0.0181 0.0196 3.5057 "" "" 2163399667243071744 1504.17224 0.6435 0.0207 -6.859 -8.581 0.023 0.025 1.004 6297.9 3.972 15.282628 1.453072 15.943664 14.490591 "" "" 1464.42834 1547.57361 14517.62476 4.5122 5727.3 11.491 12674.0 11.592 "" "" 0.0027759081214735067 0.0035398242 0.0039076675 0.0074474914 313.33246536021 46.06420991444 1504.17224 -6.859 -8.581 -4.424352916717529 -4.112941413879394 0.10039201 0.102392 "" "" 43.06950686050715 "" 4.363977170876146 ""
313.52112677406 45.8894603237 0.0173 0.018 10.7132 "" "" 2163382453013862144 2154.6665 0.4382 0.0206 -2.687 -4.168 0.023 0.024 0.99 7956.1 4.1295 15.283815 0.918177 15.653455 14.735278 "" "" 2063.88818 2252.58667 14501.75058 3.9921 7482.3 13.833 10117.0 9.6204 "" "" 0.002771483740522418 0.0034371759 0.0039178645 0.0073550404 313.52112677406 45.8894603237 2154.6665 -2.686999999999997 -4.168 -0.25235291671752913 0.3000585861206053 0.10039201 0.101392 "" "" 4.004235048040826 "" 0.40434334781037407 ""
313.67607913528 45.85005616552 0.0168 0.0189 16.2977 "" "" 2163335758127762560 1789.98572 0.5325 0.0209 -2.914 -3.907 0.023 0.025 1.023 7971.3 4.0486 15.288116 1.318018 15.870303 14.552285 "" "" 1734.15369 1849.02344 14444.42572 3.5743 6127.7 10.812 11974.0 10.761 "" "" 0.00276838790569389 0.0033845303 0.0039033077 0.007287838 313.67607913528 45.85005616552 1789.98572 -2.9139999999999997 -3.9069999999999996 -0.47935291671752944 0.5610585861206054 0.10039201 0.102392 "" "" 6.261136207249302 "" 0.635836598349271 ""
313.01852906916 46.08219891938 0.0175 0.0192 16.5958 "" "" 2163380700666788736 2097.73364 0.45 0.0218 -3.036 -3.071 0.023 0.022 0.996 7969.5 4.0973 15.299376 1.151475 15.787416 14.635941 "" "" 2004.96106 2211.11963 14295.39506 3.5394 6613.8 12.489 11086.0 10.113 "" "" 0.002768402489201907 0.0034624354 0.003907007 0.007369443 313.01852906916 46.08219891938 2097.73364 -3.036000000000001 -3.071 -0.6013529167175293 1.3970585861206053 0.10039201 0.099392004 "" "" 15.123554110788646 "" 1.5055344590643676 ""
313.55181805122 45.74516841773 0.017 0.0184 19.2786 "" "" 2163333490384960000 1608.58752 0.594 0.0205 -6.663 -7.846 0.022 0.024 0.989 6021.5 4.0325 15.30009 1.372902 15.912108 14.539207 "" "" 1560.29407 1653.78259 14286.01002 3.5401 5896.2 7.3052 12119.0 11.81 "" "" 0.0027684248112094206 0.0030975132 0.0039246916 0.007022205 313.55181805122 45.74516841773 1608.58752 -6.663000000000001 -7.846 -4.2283529167175296 -3.3779414138793946 0.099392004 0.101392 "" "" 41.2647001562558 "" 4.1337286477826 ""
313.87496937544 45.9836894427 0.0179 0.0203 19.6063 "" "" 2163341186966597120 2074.55566 0.4591 0.0224 -5.108 -6.411 0.024 0.024 1.005 7359.5 4.0037 15.304436 1.437163 15.953462 14.516298 "" "" 1971.43799 2202.66602 14228.93244 4.2012 5675.9 8.6001 12378.0 13.134 "" "" 0.002773906215576681 0.003239045 0.0039510685 0.0071901134 313.87496937544 45.9836894427 2074.55566 -5.108 -6.411 -2.673352916717529 -1.9429414138793941 0.101392 0.101392 "" "" 32.49759945242595 "" 3.2949966333708285 ""
313.75280247083 45.8144118391 0.0165 0.0193 20.0538 "" "" 2163332631391601408 2203.49243 0.4317 0.0209 -5.655 -5.737 0.022 0.024 0.976 6194.8 3.7335 15.305602 1.290509 15.873034 14.582524 "" "" 2098.80957 2318.02002 14213.66553 3.6153 6112.3 9.6171 11645.0 11.911 "" "" 0.0027691252004577597 0.0032715946 0.003939165 0.0072107594 313.75280247083 45.8144118391 2203.49243 -5.655 -5.737 -3.2203529167175295 -1.2689414138793946 0.099392004 0.101392 "" "" 36.15216898109458 "" 3.603038509744732 ""
313.33453597364 46.36705648992 0.0195 0.0208 19.1946 "" "" 2163413514217786624 1952.23901 0.4862 0.0228 -1.702 -6.542 0.026 0.028 1.031 6580.9 3.8307 15.308325 1.300443 15.880568 14.580125 "" "" 1858.11633 2042.47729 14178.05913 3.8036 6070.0 17.706 11671.0 14.349 "" "" 0.002770673237765602 0.004220818 0.004008191 0.00822901 313.33453597364 46.36705648992 1952.23901 -1.702000000000002 -6.541999999999998 0.7326470832824707 -2.0739414138793943 0.103392005 0.10539201 "" "" 20.35375173807041 "" 2.1406445006227615 ""
313.69881230015 45.77638901571 0.0176 0.0186 20.3476 "" "" 2163332322153495936 1774.95129 0.539 0.0213 -5.824 -12.852 0.023 0.024 1.056 5009.6 3.5171 15.308339 1.659368 16.094803 14.435435 "" "" 1716.90698 1837.24121 14177.87202 3.8018 4983.1 8.8242 13335.0 11.732 "" "" 0.002770659155763932 0.0033884551 0.003898227 0.007286682 313.69881230015 45.77638901571 1774.95129 -5.824 -12.852 -3.389352916717529 -8.383941413879395 0.10039201 0.101392 "" "" 76.08228010824102 "" 7.7034924490367995 ""
313.89860431902 46.09746874905 0.0176 0.0196 20.321 "" "" 2163345069617088896 1648.64258 0.5821 0.0225 -4.553 -2.582 0.024 0.023 1.013 6054.0 3.7735 15.310125 1.672534 16.103647 14.431113 "" "" 1586.67639 1717.80078 14154.56953 3.8234 4942.6 9.2086 13388.0 13.944 "" "" 0.0027708844350340703 0.0034462947 0.003944933 0.0073912274 313.89860431902 46.09746874905 1648.64258 -4.553 -2.582 -2.1183529167175292 1.8860585861206056 0.101392 0.10039201 "" "" 22.164505933593123 "" 2.2375299256527486 ""
