Clusters/Barkhatova_1/Barkhatova_1_stars_in_region.tsv
# %ECSV 1.0
# ---
# datatype:
# - name: RA_ICRS_1
#   unit: deg
#   datatype: float64
#   format: '{:15.11f}'
#   description: Right ascension (ICRS) at Ep=2016.0 (ra)
#   meta: !!omap
#   - {ucd: POS_EQ_RA_MAIN}
#   - {width: 15}
#   - {precision: '11'}
# - name: DE_ICRS_1
#   unit: deg
#   datatype: float64
#   format: '{:15.11f}'
#   description: Declination (ICRS) at Ep=2016.0 (dec)
#   meta: !!omap
#   - {ucd: POS_EQ_DEC_MAIN}
#   - {width: 15}
#   - {precision: '11'}
# - name: e_RA_ICRS
#   unit: mas
#   datatype: float64
#   format: '{:7.4f}'
#   description: Standard error of right ascension (ra_error)
#   meta: !!omap
#   - {ucd: ERROR}
#   - {width: 7}
#   - {precision: '4'}
# - name: e_DE_ICRS
#   unit: mas
#   datatype: float64
#   format: '{:7.4f}'
#   description: Standard error of declination (dec_error)
#   meta: !!omap
#   - {ucd: ERROR}
#   - {width: 7}
#   - {precision: '4'}
# - name: _r_1
#   unit: ''
#   datatype: float64
#   format: '{:7.4f}'
#   description: Distance from center (313.41480840000+46.05200575000)[ICRS], at Epoch=J2016.0
#   meta: !!omap
#   - {ucd: POS_ANG_DIST_GENERAL}
#   - {width: 7}
#   - {precision: '4'}
# - name: HIP
#   datatype: int32
#   description: '? HIP cross-id number, van Leeuwen, Cat. I/311 (hip_original_ext_source_id)'
#   meta: !!omap
#   - {ucd: ID_NUMBER}
#   - {width: 6}
#   - values: {'null': -2147483648}
# - name: TYC2
#   datatype: string
#   description: Tycho-2 cross-id name, Hog et al., Cat. I/259 (tyc2_original_ext_source_id)
#   meta: !!omap
#   - {ucd: ID_CROSSID}
#   - {_votable_string_dtype: char}
# - name: Source
#   datatype: int64
#   description: Source identifier, identical to the Gaia-EDR3 source_id (id)
#   meta: !!omap
#   - {ucd: ID_MAIN}
#   - {width: 19}
# - name: rgeo
#   unit: pc
#   datatype: float64
#   format: '{:15.8f}'
#   description: '? Median of the geometric distance posterior (r_med_geo)'
#   meta: !!omap
#   - {ucd: PHYS_DISTANCE_TRUE}
#   - {width: 15}
#   - {precision: '8'}
#   - values: {'null': .nan}
# - name: Plx
#   unit: mas
#   datatype: float64
#   format: '{:9.4f}'
#   description: '? Parallax (parallax)'
#   meta: !!omap
#   - {ucd: POS_PARLX_TRIG}
#   - {width: 9}
#   - {precision: '4'}
#   - values: {'null': .nan}
# - name: e_Plx
#   unit: mas
#   datatype: float32
#   format: '{:7.4f}'
#   description: '? Standard error of parallax (parallax_error)'
#   meta: !!omap
#   - {ucd: ERROR}
#   - {width: 7}
#   - {precision: '4'}
#   - values: {'null': .nan}
# - name: pmRA
#   unit: mas / yr
#   datatype: float64
#   format: '{:9.3f}'
#   description: '? Proper motion in right ascension direction, pmRA*cosDE (pmra)'
#   meta: !!omap
#   - {ucd: POS_EQ_PMRA}
#   - {width: 9}
#   - {precision: '3'}
#   - values: {'null': .nan}
# - name: pmDE
#   unit: mas / yr
#   datatype: float64
#   format: '{:9.3f}'
#   description: '? Proper motion in declination direction (pmdec)'
#   meta: !!omap
#   - {ucd: POS_EQ_PMDEC}
#   - {width: 9}
#   - {precision: '3'}
#   - values: {'null': .nan}
# - name: e_pmRA
#   unit: mas / yr
#   datatype: float32
#   format: '{:6.3f}'
#   description: '? Standard error of proper motion in right ascension direction (pmra_error)'
#   meta: !!omap
#   - {ucd: ERROR}
#   - {width: 6}
#   - {precision: '3'}
#   - values: {'null': .nan}
# - name: e_pmDE
[...]
#         value: !astropy.table.SerializedColumn {name: SkyCoord.dec}
#       distance: !astropy.table.SerializedColumn
#         __class__: astropy.coordinates.distances.Distance
#         unit: !astropy.units.Unit {unit: pc}
#         value: !astropy.table.SerializedColumn {name: SkyCoord.distance}
#       frame: icrs
#       obstime: !astropy.time.Time {format: jyear_str, in_subfmt: '*', jd1: 367701545.0, jd2: 0.0, out_subfmt: '*', precision: 3, scale: tt}
#       pm_dec: !astropy.table.SerializedColumn
#         __class__: astropy.units.quantity.Quantity
#         unit: !astropy.units.Unit {unit: mas / yr}
#         value: !astropy.table.SerializedColumn {name: SkyCoord.pm_dec}
#       pm_ra_cosdec: !astropy.table.SerializedColumn
#         __class__: astropy.units.quantity.Quantity
#         unit: !astropy.units.Unit {unit: mas / yr}
#         value: !astropy.table.SerializedColumn {name: SkyCoord.pm_ra_cosdec}
#       ra: !astropy.table.SerializedColumn
#         __class__: astropy.coordinates.angles.Longitude
#         unit: *id001
#         value: !astropy.table.SerializedColumn {name: SkyCoord.ra}
#         wrap_angle: !astropy.coordinates.Angle
#           unit: *id001
#           value: 360.0
#       representation_type: spherical
# schema: astropy-2.0
RA_ICRS_1 DE_ICRS_1 e_RA_ICRS e_DE_ICRS _r_1 HIP TYC2 Source rgeo Plx e_Plx pmRA pmDE e_pmRA e_pmDE RUWE Teff logg Gmag BP-RP BPmag RPmag RV e_RV b_rgeo B_rgeo FG e_FG FBP e_FBP FRP e_FRP RAVE5 RAVE6 e_Gmag e_BPmag e_RPmag e_BP-RP SkyCoord.ra SkyCoord.dec SkyCoord.distance SkyCoord.pm_ra_cosdec SkyCoord.pm_dec rmRA rmDE e_rmRA e_rmDE rRV e_rRV v_pec v_pec3d e_vpec e_vpec3d
[from data line 1850]
313.4905672558 46.31243069564 0.0401 0.044 15.9393 "" "" 2163409665927209856 1775.9248 0.5463 0.0502 -4.181 -4.557 0.055 0.06 1.036 4905.7 4.3229 16.93869 1.539253 17.628967 16.089714 "" "" 1641.3717 1917.19897 3158.42744 2.0965 1212.9 8.9339 2905.8 14.819 "" "" 0.002848013854437092 0.008470004 0.0067039183 0.015173923 313.4905672558 46.31243069564 1775.9248 -4.180999999999998 -4.556999999999999 -1.7463529167175293 -0.08894141387939491 0.132392 0.137392 "" "" 14.719648679864061 "" 1.9489577831003375 ""
313.63437026145 45.83474269467 0.0399 0.0433 15.9326 "" "" 2163335655048522496 2182.44604 0.4443 0.0502 0.552 -3.284 0.057 0.055 0.966 5029.6 4.2935 16.939209 1.59691 17.642748 16.045837 "" "" 1899.96948 2577.05151 3156.91928 1.9662 1197.6 20.689 3025.7 15.63 "" "" 0.0028370872316639956 0.018962903 0.006763176 0.02572608 313.63437026145 45.83474269467 2182.44604 0.552 -3.2840000000000003 2.9866470832824707 1.1840585861206057 0.13439201 0.132392 "" "" 33.23570933235297 "" 4.457643384908533 ""
313.80214467024 45.80617593073 0.0373 0.0432 21.8826 "" "" 2163331944196472064 2109.8623 0.4421 0.047 -1.995 -1.982 0.05 0.054 0.988 5792.2 4.645 16.939312 1.328117 17.526724 16.198606 "" "" 1939.50476 2351.24976 3156.61471 1.8292 1332.7 8.587 2628.5 8.0236 "" "" 0.0028262407592049886 0.0075316243 0.0050267284 0.012558352 313.80214467024 45.80617593073 2109.8623 -1.995 -1.9819999999999998 0.4396470832824706 2.4860585861206053 0.12739201 0.131392 "" "" 25.24822669871195 "" 3.3143976218178697 ""
313.41489015433 45.82124734746 0.0386 0.0413 13.8455 "" "" 2163358366836791424 1797.48303 0.5421 0.0471 -6.827 -7.981 0.052 0.056 1.029 5714.5 4.5658 16.939915 1.510138 17.632427 16.12229 "" "" 1648.11536 1939.04724 3154.8642 1.8557 1209.1 5.3601 2820.0 7.5424 "" "" 0.002828363763372659 0.005563457 0.004766181 0.010329638 313.41489015433 45.82124734746 1797.48303 -6.826999999999999 -7.981000000000002 -4.392352916717529 -3.5129414138793944 0.129392 0.133392 "" "" 47.92001124106327 "" 6.275940178446972 ""
313.37406999674 45.99582832067 0.0413 0.0429 3.7738 "" "" 2163387538255429760 2203.98193 0.4349 0.0492 -2.718 -3.963 0.057 0.059 1.01 6104.7 4.4129 16.940023 1.585619 17.692038 16.106419 "" "" 1987.37048 2520.84106 3154.54751 2.0131 1144.5 7.4618 2861.5 9.3848 "" "" 0.002841101904574577 0.007608727 0.0051926384 0.012801366 313.37406999674 45.99582832067 2203.98193 -2.718 -3.963000000000001 -0.28335291671752927 0.5050585861206054 0.13439201 0.136392 "" "" 6.049931424266753 "" 0.8222817291475888 ""
313.13307052876 45.94091325584 0.0424 0.0442 13.5032 "" "" 2163375993382397696 1792.75342 0.5466 0.0495 0.362 -2.455 0.052 0.053 1.028 5650.9 4.3967 16.943766 1.681801 17.740614 16.058813 "" "" 1654.13342 1974.89636 3143.6929 1.9836 1094.4 6.8888 2989.7 11.219 "" "" 0.0028392107227490464 0.0073818844 0.0055572907 0.012939176 313.13307052876 45.94091325584 1792.75342 0.362 -2.455 2.796647083282471 2.0130585861206054 0.129392 0.130392 "" "" 29.281332484584553 "" 3.798789056772374 ""
313.0161780378 45.96803692445 0.0376 0.042 17.3589 "" "" 2163377917527959424 1932.09607 0.4929 0.0457 -5.297 -6.106 0.05 0.05 0.986 6639.1 4.3605 16.944778 1.494806 17.628479 16.133673 "" "" 1794.77063 2077.05371 3140.76555 1.8057 1213.5 9.0805 2790.5 8.9988 "" "" 0.0028251431939217433 0.008590217 0.00515196 0.013742177 313.0161780378 45.96803692445 1932.09607 -5.297 -6.106 -2.862352916717529 -1.6379414138793944 0.12739201 0.12739201 "" "" 30.202297908116194 "" 3.8475314039305912 ""
313.55071193676 46.3591905258 0.0412 0.0439 19.2757 "" "" 2163410593640239616 1894.32837 0.5021 0.049 0.19 -2.7 0.053 0.056 0.973 5381.4 4.5777 16.946112 1.455114 17.607496 16.152382 "" "" 1744.19995 2045.99573 3136.9093 1.9073 1237.1 7.3132 2742.9 9.0739 "" "" 0.002833299292361026 0.006998638 0.0052138786 0.012212517 313.55071193676 46.3591905258 1894.32837 0.19000000000000017 -2.7 2.6246470832824706 1.7680585861206053 0.130392 0.133392 "" "" 28.415468495409968 "" 3.73196777499946 ""
313.86133117856 46.05642349797 0.0391 0.0456 18.5945 "" "" 2163344554220975104 1742.81323 0.55 0.0512 1.977 -6.616 0.055 0.053 1.004 5504.7 4.3267 16.946384 1.901668 17.895271 15.993604 "" "" 1585.37329 1881.57458 3136.12295 1.9017 949.09 6.5777 3174.8 8.7788 "" "" 0.0028328866630773983 0.008025373 0.0048267045 0.012852078 313.86133117856 46.05642349797 1742.81323 1.977 -6.615999999999998 4.411647083282471 -2.147941413879394 0.132392 0.130392 "" "" 40.53441440833935 "" 5.350992526939581 ""
313.25727805004 45.88618919688 0.0399 0.0447 11.9222 "" "" 2163363039761114752 1971.21399 0.4897 0.0493 -7.553 -12.473 0.052 0.055 0.989 5851.1 4.4674 16.947172 1.616245 17.717358 16.101112 "" "" 1817.78528 2211.56714 3133.84679 1.8706 1118.1 8.047 2875.5 9.2527 "" "" 0.0028305114080894016 0.008297279 0.0051467773 0.013444056 313.25727805004 45.88618919688 1971.21399 -7.553000000000001 -12.473 -5.118352916717529 -8.004941413879395 0.129392 0.132392 "" "" 88.77685759567798 "" 11.676684641596072 ""
313.91234594526 45.9117140801 0.0432 0.0493 22.3866 "" "" 2163338502597102208 1623.90674 0.6056 0.0541 -5.467 -6.926 0.058 0.055 1.081 5771.7 4.457 16.947275 1.822134 17.834114 16.01198 "" "" 1508.3186 1752.3075 3133.54878 2.0365 1004.1 6.6935 3121.5 8.5405 "" "" 0.002844238417860165 0.007756891 0.0048070983 0.0125639895 313.91234594526 45.9117140801 1623.90674 -5.466999999999999 -6.926 -3.032352916717529 -2.4579414138793947 0.13539201 0.132392 "" "" 30.045817998420993 "" 4.0324643210683515 ""
313.53075142469 46.11785710897 0.0406 0.0449 6.2363 "" "" 2163394955644923520 2000.49744 0.4803 0.0491 -2.448 -3.163 0.054 0.06 1.004 5386.6 4.5664 16.94895 1.51005 17.646198 16.136148 "" "" 1808.3728 2221.87769 3128.72294 1.9537 1193.8 5.9557 2784.2 8.2799 "" "" 0.0028375063770991384 0.0060929824 0.00497084 0.011063823 313.53075142469 46.11785710897 2000.49744 -2.4479999999999977 -3.1629999999999994 -0.01335291671752925 1.3050585861206057 0.131392 0.137392 "" "" 12.375680284002454 "" 1.7003118547969256 ""
313.58994195757 46.07930055942 0.0437 0.0482 7.4725 "" "" 2163391695783607040 1652.67566 0.5984 0.0536 -2.537 -4.461 0.057 0.062 1.015 5447.0 4.6373 16.952696 1.398884 17.591068 16.192184 "" "" 1517.66724 1765.64771 3117.94553 2.7284 1256.0 7.8399 2644.1 8.0286 "" "" 0.0029145250925772205 0.0073290113 0.0050152065 0.012344218 313.58994195757 46.07930055942 1652.67566 -2.537 -4.461 -0.10235291671752922 0.00705858612060517 0.13439201 0.139392 "" "" 0.8037046549886305 "" 0.10803085598697987 ""
313.44000402687 45.67776303664 0.0409 0.046 22.4792 "" "" 2163310228841030912 2012.12195 0.4815 0.052 -3.913 -4.687 0.053 0.061 1.036 4958.8 4.3532 16.953445 1.505358 17.647326 16.141968 "" "" 1842.88892 2203.37988 3115.79309 1.8848 1192.6 8.3707 2769.3 6.6239 "" "" 0.0028325168069566206 0.008115365 0.0045856317 0.012700997 313.44000402687 45.67776303664 2012.12195 -3.9130000000000003 -4.687 -1.478352916717529 -0.2189414138793948 0.130392 0.138392 "" "" 14.253515466700529 "" 1.861065067146372 ""
313.08579391042 46.28834844029 0.0416 0.0408 19.6972 "" "" 2166408274657534336 1894.66467 0.5255 0.0484 -3.712 -5.92 0.054 0.052 1.035 7108.4 4.328 16.955776 1.379719 17.573174 16.193455 "" "" 1728.61145 2064.11206 3109.11088 1.9783 1276.9 10.861 2641.1 13.678 "" "" 0.0028406082739109084 0.0096473 0.006775026 0.016422326 313.08579391042 46.28834844029 1894.66467 -3.712000000000001 -5.9199999999999955 -1.2773529167175295 -1.4519414138793945 0.131392 0.129392 "" "" 17.3673204149304 "" 2.262412355961445 ""
313.78984150624 46.28028032254 0.0486 0.0512 20.7475 "" "" 2163769927785644160 2098.698 0.4752 0.059 -4.699 -7.672 0.065 0.062 1.002 5557.7 4.5366 16.957325 1.649775 17.738117 16.088343 "" "" 1815.33496 2391.22144 3104.67838 2.0829 1096.9 9.8238 2909.5 10.868 "" "" 0.002849977374898544 0.010116208 0.0055436133 0.015659822 313.78984150624 46.28028032254 2098.698 -4.699000000000001 -7.672000000000001 -2.264352916717529 -3.2039414138793942 0.14239201 0.139392 "" "" 39.028634892049645 "" 5.479559209357451 ""
313.24980617026 46.23579912019 0.0413 0.0438 12.9868 "" "" 2163406058154422656 1721.6449 0.5495 0.0489 -3.606 -1.539 0.054 0.056 0.957 5398.7 4.6367 16.958431 1.365727 17.567791 16.202065 "" "" 1587.21692 1868.65881 3101.51699 1.8966 1283.2 5.9183 2620.2 8.3668 "" "" 0.002834184139883917 0.005732434 0.0051287 0.010861134 313.24980617026 46.23579912019 1721.6449 -3.6060000000000016 -1.5390000000000004 -1.1713529167175292 2.9290585861206058 0.131392 0.133392 "" "" 25.74335497581364 "" 3.4269049378472087 ""
313.43038907221 46.33446554955 0.042 0.0437 16.9599 "" "" 2163409906445330560 2182.45581 0.43 0.051 -8.094 -4.867 0.055 0.064 0.99 4683.4 4.3103 16.958576 1.52869 17.673687 16.144997 "" "" 1918.9364 2546.79321 3101.10605 1.8493 1164.0 6.6471 2761.6 7.2046 "" "" 0.002830370631771054 0.0067990543 0.0047230194 0.011522073 313.43038907221 46.33446554955 2182.45581 -8.094 -4.866999999999999 -5.659352916717529 -0.3989414138793945 0.132392 0.14139201 "" "" 58.690383788139634 "" 7.7728376491503415 ""
313.78607525006 46.30160179339 0.0473 0.0544 21.4987 "" "" 2163770095269678592 1524.4718 0.6211 0.0639 -6.196 -8.83 0.062 0.064 0.976 5576.2 4.5718 16.958843 1.731916 17.786953 16.055037 "" "" 1403.93726 1662.68469 3100.3407 2.1205 1048.7 8.7848 3000.2 11.459 "" "" 0.002853636213149657 0.009513407 0.00561073 0.015124137 313.78607525006 46.30160179339 1524.4718 -6.196000000000002 -8.830000000000002 -3.761352916717529 -4.361941413879395 0.139392 0.14139201 "" "" 41.61967430768188 "" 5.849335191313908 ""
313.03220548214 46.27336594524 0.0447 0.0451 20.7172 "" "" 2166408648299391616 1917.24854 0.5201 0.0525 -1.206 -2.807 0.056 0.056 1.098 5412.0 4.6153 16.961235 1.274544 17.522312 16.247768 "" "" 1735.74597 2126.19946 3093.51651 1.9141 1338.1 7.7121 2512.2 9.1344 "" "" 0.002836035509048289 0.0068514757 0.0054652076 0.012316683 313.03220548214 46.27336594524 1917.24854 -1.2060000000000002 -2.807 1.2286470832824707 1.6610585861206055 0.133392 0.133392 "" "" 18.776041184975327 "" 2.5045738013846512 ""
313.19462840835 45.72636994378 0.0457 0.0482 21.5938 "" "" 2163359603787134976 2021.97595 0.4682 0.0568 -2.653 -5.29 0.055 0.059 0.996 6280.2 4.3729 16.962349 1.711855 17.785238 16.073383 "" "" 1818.70837 2284.02124 3090.3483 2.0649 1050.3 5.7809 2949.9 6.6023 "" "" 0.002849225758464876 0.0065952204 0.0044931937 0.011088414 313.19462840835 45.72636994378 2021.97595 -2.652999999999998 -5.289999999999995 -0.21835291671752932 -0.8219414138793946 0.132392 0.136392 "" "" 8.150856690890725 "" 1.1095918898421908 ""
313.85754983214 45.87804517587 0.039 0.0468 21.2107 "" "" 2163338025870618624 1754.20679 0.5447 0.0507 -3.915 -3.871 0.052 0.058 0.982 "" "" 16.96241 "" "" "" "" "" 1587.5918 1901.45935 3090.17499 2.4649 "" "" "" "" "" "" 0.002888221538067233 "" "" "" 313.85754983214 45.87804517587 1754.20679 -3.915 -3.8710000000000004 -1.4803529167175293 0.5970585861206055 0.129392 0.13539201 "" "" 13.272487950983427 "" 1.728716184263898 ""
313.31058525621 45.74369647226 0.0391 0.0446 19.0036 "" "" 2163356992447132800 1998.25842 0.4738 0.0492 -0.967 -1.133 0.05 0.055 0.983 5637.7 4.5453 16.962543 1.512163 17.65612 16.143957 "" "" 1827.33655 2217.84058 3089.79286 1.7517 1183.0 7.3787 2764.2 8.2742 "" "" 0.002823238583594058 0.0073243123 0.004984587 0.012308899 313.31058525621 45.74369647226 1998.25842 -0.967 -1.133 1.4676470832824706 3.3350585861206055 0.12739201 0.132392 "" "" 34.51226717460628 "" 4.541597600766797 ""
313.35359540409 46.12759200316 0.0413 0.0424 5.2015 "" "" 2163401587074463872 2193.88428 0.449 0.0471 -1.855 -5.53 0.053 0.053 1.021 4886.2 4.2837 16.963142 1.638804 17.746155 16.107351 "" "" 1991.85327 2429.14258 3088.09015 1.7987 1088.8 6.8822 2859.0 8.149 "" "" 0.002826963280439546 0.007408342 0.004884743 0.012293085 313.35359540409 46.12759200316 2193.88428 -1.855 -5.53 0.5796470832824707 -1.0619414138793948 0.130392 0.130392 "" "" 12.581129236410987 "" 1.6404786043899606 ""
313.54683313765 46.00707079505 0.0458 0.0508 6.1251 "" "" 2163385407951432064 1816.07385 0.5387 0.0567 -7.948 -4.914 0.058 0.071 1.048 5483.3 4.556 16.96477 1.392284 17.58889 16.196606 "" "" 1667.71838 2028.98938 3083.46489 2.1625 1258.5 8.2767 2633.4 10.571 "" "" 0.0028586002795113912 0.007666271 0.0057688016 0.013435073 313.54683313765 46.00707079505 1816.07385 -7.947999999999995 -4.914000000000006 -5.51335291671753 -0.44594141387939423 0.13539201 0.148392 "" "" 47.61498307548786 "" 6.450903316291635 ""
313.32767373072 46.24121786202 0.0409 0.0419 11.9165 "" "" 2163406264312914816 2214.40942 0.4414 0.0473 1.224 -3.671 0.054 0.055 0.96 5801.1 4.5626 16.967793 1.421078 17.60437 16.183292 "" "" 1983.4563 2471.33423 3074.89156 1.8464 1240.7 8.3563 2665.9 13.723 "" "" 0.0028314024733816063 0.00782682 0.0067468504 0.014573671 313.32767373072 46.24121786202 2214.40942 1.2240000000000002 -3.6709999999999994 3.658647083282471 0.7970585861206056 0.131392 0.132392 "" "" 39.303006216080234 "" 5.165887996295835 ""
313.70921759526 45.81694806271 0.0378 0.0411 18.7039 "" "" 2163332528312361856 1758.29993 0.5395 0.0462 0.837 1.844 0.052 0.051 0.996 5454.7 4.5375 16.967808 1.608629 17.728333 16.119703 "" "" 1611.2312 1935.83142 3074.84833 1.7187 1106.8 7.8131 2826.7 8.3359 "" "" 0.0028213629888362264 0.00815648 0.004953321 0.013109801 313.70921759526 45.81694806271 1758.29993 0.837 1.844 3.2716470832824704 6.312058586120606 0.129392 0.12839201 "" "" 59.25345223434553 "" 7.6202558115642836 ""
313.08755793558 45.96676704705 0.0408 0.043 14.5648 "" "" 2163374859511006976 1644.39087 0.6046 0.0481 -6.417 -8.866 0.054 0.052 1.025 5044.0 4.3802 16.969835 1.680384 17.76378 16.083397 "" "" 1515.19531 1876.33789 3069.11038 1.8435 1071.3 9.0384 2922.8 8.7686 "" "" 0.0028314490360014646 0.00957571 0.0049893507 0.01456506 313.08755793558 45.96676704705 1644.39087 -6.416999999999998 -8.866 -3.982352916717529 -4.397941413879394 0.131392 0.129392 "" "" 46.24460174181013 "" 6.025526434990128 ""
313.3833284021 46.29764834245 0.0393 0.0407 14.7965 "" "" 2163409356689451648 2077.51245 0.4658 0.0459 -3.314 -7.165 0.051 0.055 0.982 5180.2 4.3698 16.969864 1.433453 17.559292 16.12584 "" "" 1870.20081 2364.79956 3069.03087 2.0294 1293.3 11.454 2810.8 22.932 "" "" 0.002847320373873136 0.010012357 0.009630581 0.019642938 313.3833284021 46.29764834245 2077.51245 -3.313999999999999 -7.164999999999999 -0.8793529167175294 -2.6969414138793946 0.12839201 0.132392 "" "" 27.933950142382628 "" 3.687641330624391 ""
313.52651050826 45.71317491661 0.0411 0.0443 20.8583 "" "" 2163309988322978816 1570.85913 0.6142 0.0496 -2.825 -0.324 0.05 0.053 1.06 5406.2 4.5811 16.97152 1.600655 17.729418 16.128763 "" "" 1470.36292 1698.59167 3064.35265 1.7464 1105.7 6.0733 2803.2 8.5743 "" "" 0.0028239450712525243 0.0065840795 0.0050311796 0.01161526 313.52651050826 45.71317491661 1570.85913 -2.825 -0.3240000000000004 -0.3903529167175295 4.144058586120606 0.12739201 0.130392 "" "" 30.992719517289014 "" 4.040394288581585 ""
313.09928868367 46.14079872871 0.0407 0.0417 14.1676 "" "" 2163381181703167104 1532.01404 0.6425 0.048 1.509 -0.754 0.054 0.051 1.007 5515.8 4.5686 16.973059 1.683525 17.75794 16.074415 "" "" 1419.92712 1645.34253 3060.0121 2.07 1077.1 6.0772 2947.1 11.516 "" "" 0.002851531021590373 0.006731421 0.005681839 0.01241326 313.09928868367 46.14079872871 1532.01404 1.5090000000000001 -0.754 3.9436470832824706 3.7140585861206055 0.131392 0.12839201 "" "" 39.33868706960297 "" 5.113655335378825 ""
