Clusters/Barkhatova_1/Barkhatova_1_stars_in_region.tsv
# %ECSV 1.0
# ---
# datatype:
# - name: RA_ICRS_1
#   unit: deg
#   datatype: float64
#   format: '{:15.11f}'
#   description: Right ascension (ICRS) at Ep=2016.0 (ra)
#   meta: !!omap
#   - {ucd: POS_EQ_RA_MAIN}
#   - {width: 15}
#   - {precision: '11'}
# - name: DE_ICRS_1
#   unit: deg
#   datatype: float64
#   format: '{:15.11f}'
#   description: Declination (ICRS) at Ep=2016.0 (dec)
#   meta: !!omap
#   - {ucd: POS_EQ_DEC_MAIN}
#   - {width: 15}
#   - {precision: '11'}
# - name: e_RA_ICRS
#   unit: mas
#   datatype: float64
#   format: '{:7.4f}'
#   description: Standard error of right ascension (ra_error)
#   meta: !!omap
#   - {ucd: ERROR}
#   - {width: 7}
#   - {precision: '4'}
# - name: e_DE_ICRS
#   unit: mas
#   datatype: float64
#   format: '{:7.4f}'
#   description: Standard error of declination (dec_error)
#   meta: !!omap
#   - {ucd: ERROR}
#   - {width: 7}
#   - {precision: '4'}
# - name: _r_1
#   unit: ''
#   datatype: float64
#   format: '{:7.4f}'
#   description: Distance from center (313.41480840000+46.05200575000)[ICRS], at Epoch=J2016.0
#   meta: !!omap
#   - {ucd: POS_ANG_DIST_GENERAL}
#   - {width: 7}
#   - {precision: '4'}
# - name: HIP
#   datatype: int32
#   description: '? HIP cross-id number, van Leeuwen, Cat. I/311 (hip_original_ext_source_id)'
#   meta: !!omap
#   - {ucd: ID_NUMBER}
#   - {width: 6}
#   - values: {'null': -2147483648}
# - name: TYC2
#   datatype: string
#   description: Tycho-2 cross-id name, Hog et al., Cat. I/259 (tyc2_original_ext_source_id)
#   meta: !!omap
#   - {ucd: ID_CROSSID}
#   - {_votable_string_dtype: char}
# - name: Source
#   datatype: int64
#   description: Source identifier, identical to the Gaia-EDR3 source_id (id)
#   meta: !!omap
#   - {ucd: ID_MAIN}
#   - {width: 19}
# - name: rgeo
#   unit: pc
#   datatype: float64
#   format: '{:15.8f}'
#   description: '? Median of the geometric distance posterior (r_med_geo)'
#   meta: !!omap
#   - {ucd: PHYS_DISTANCE_TRUE}
#   - {width: 15}
#   - {precision: '8'}
#   - values: {'null': .nan}
# - name: Plx
#   unit: mas
#   datatype: float64
#   format: '{:9.4f}'
#   description: '? Parallax (parallax)'
#   meta: !!omap
#   - {ucd: POS_PARLX_TRIG}
#   - {width: 9}
#   - {precision: '4'}
#   - values: {'null': .nan}
# - name: e_Plx
#   unit: mas
#   datatype: float32
#   format: '{:7.4f}'
#   description: '? Standard error of parallax (parallax_error)'
#   meta: !!omap
#   - {ucd: ERROR}
#   - {width: 7}
#   - {precision: '4'}
#   - values: {'null': .nan}
# - name: pmRA
#   unit: mas / yr
#   datatype: float64
#   format: '{:9.3f}'
#   description: '? Proper motion in right ascension direction, pmRA*cosDE (pmra)'
#   meta: !!omap
#   - {ucd: POS_EQ_PMRA}
#   - {width: 9}
#   - {precision: '3'}
#   - values: {'null': .nan}
# - name: pmDE
#   unit: mas / yr
#   datatype: float64
#   format: '{:9.3f}'
#   description: '? Proper motion in declination direction (pmdec)'
#   meta: !!omap
#   - {ucd: POS_EQ_PMDEC}
#   - {width: 9}
#   - {precision: '3'}
#   - values: {'null': .nan}
# - name: e_pmRA
#   unit: mas / yr
#   datatype: float32
#   format: '{:6.3f}'
#   description: '? Standard error of proper motion in right ascension direction (pmra_error)'
#   meta: !!omap
#   - {ucd: ERROR}
#   - {width: 6}
#   - {precision: '3'}
#   - values: {'null': .nan}
# - name: e_pmDE
[...]
#         value: !astropy.table.SerializedColumn {name: SkyCoord.dec}
#       distance: !astropy.table.SerializedColumn
#         __class__: astropy.coordinates.distances.Distance
#         unit: !astropy.units.Unit {unit: pc}
#         value: !astropy.table.SerializedColumn {name: SkyCoord.distance}
#       frame: icrs
#       obstime: !astropy.time.Time {format: jyear_str, in_subfmt: '*', jd1: 367701545.0, jd2: 0.0, out_subfmt: '*', precision: 3, scale: tt}
#       pm_dec: !astropy.table.SerializedColumn
#         __class__: astropy.units.quantity.Quantity
#         unit: !astropy.units.Unit {unit: mas / yr}
#         value: !astropy.table.SerializedColumn {name: SkyCoord.pm_dec}
#       pm_ra_cosdec: !astropy.table.SerializedColumn
#         __class__: astropy.units.quantity.Quantity
#         unit: !astropy.units.Unit {unit: mas / yr}
#         value: !astropy.table.SerializedColumn {name: SkyCoord.pm_ra_cosdec}
#       ra: !astropy.table.SerializedColumn
#         __class__: astropy.coordinates.angles.Longitude
#         unit: *id001
#         value: !astropy.table.SerializedColumn {name: SkyCoord.ra}
#         wrap_angle: !astropy.coordinates.Angle
#           unit: *id001
#           value: 360.0
#       representation_type: spherical
# schema: astropy-2.0
RA_ICRS_1 DE_ICRS_1 e_RA_ICRS e_DE_ICRS _r_1 HIP TYC2 Source rgeo Plx e_Plx pmRA pmDE e_pmRA e_pmDE RUWE Teff logg Gmag BP-RP BPmag RPmag RV e_RV b_rgeo B_rgeo FG e_FG FBP e_FBP FRP e_FRP RAVE5 RAVE6 e_Gmag e_BPmag e_RPmag e_BP-RP SkyCoord.ra SkyCoord.dec SkyCoord.distance SkyCoord.pm_ra_cosdec SkyCoord.pm_dec rmRA rmDE e_rmRA e_rmDE rRV e_rRV v_pec v_pec3d e_vpec e_vpec3d
[from data line 330]
313.66096390593 46.05621267372 0.0145 0.0158 10.2527 "" "" 2163390733710958976 1667.63123 0.5742 0.0177 -5.376 -1.742 0.02 0.02 1.007 7176.6 3.9843 14.714035 1.196775 15.228092 14.031318 -26.06 17.36 1615.40698 1714.69189 24509.41205 5.4146 11071.0 10.755 19348.0 13.961 "" "" 0.0027657408075861195 0.002982874 0.0038597283 0.006842602 313.66096390593 46.05621267372 1667.63123 -5.376000000000001 -1.7420000000000009 -2.9413529167175296 2.7260585861206055 0.09739201 0.09739201 0.7100000000000009 50.96 31.700145058937046 31.708095129755918 3.0873407719421344 3.290739521017843
313.36335130708 46.02899047367 0.0144 0.0154 2.5495 "" "" 2163387847492725760 1907.6731 0.4935 0.017 -2.616 -4.784 0.019 0.019 1.005 9811.5 4.2645 14.717246 0.999594 15.12523 14.125636 "" "" 1850.19556 1969.34692 24437.03291 5.3002 12171.0 14.188 17738.0 13.123 "" "" 0.0027653650432182464 0.0030638145 0.0038637992 0.0069276136 313.36335130708 46.02899047367 1907.6731 -2.616 -4.784 -0.1813529167175294 -0.31594141387939434 0.096392006 0.096392006 "" "" 3.294053255398687 "" 0.31752040011117305 ""
313.52027385528 45.69885316593 0.0142 0.0144 21.6423 "" "" 2163309885243747456 1988.96643 0.4752 0.0162 -2.431 -4.66 0.017 0.017 1.03 7343.6 3.5873 14.722106 1.172207 15.221438 14.049232 "" "" 1934.94971 2055.69165 24327.89166 4.315 11139.0 17.792 19031.0 13.915 "" "" 0.002762041756116524 0.0032852015 0.003861858 0.00714706 313.52027385528 45.69885316593 1988.96643 -2.4309999999999987 -4.66 0.0036470832824706534 -0.19194141387939467 0.094392 0.094392 "" "" 1.8098928686049784 "" 0.1708394106014517 ""
312.90180560815 46.10844088964 0.0147 0.0155 21.6175 "" "" 2166382642292075008 1614.04639 0.5944 0.0179 -4.267 -4.167 0.02 0.019 1.07 6569.8 3.9773 14.722446 1.221949 15.251316 14.029367 -37.87 10.39 1568.80103 1654.67505 24320.2591 5.0026 10837.0 12.136 19383.0 11.876 "" "" 0.002764356489498976 0.0030435855 0.0038374811 0.0068810666 312.90180560815 46.10844088964 1614.04639 -4.267000000000001 -4.166999999999998 -1.8323529167175296 0.30105858612060565 0.09739201 0.096392006 -11.099999999999998 43.989998 14.20651809716578 18.028731415302044 1.383229761766995 27.105858066091013
313.11477994051 46.2607828916 0.0161 0.0151 17.6751 "" "" 2166407999779638016 1963.9259 0.4825 0.0187 -1.358 -3.464 0.021 0.018 1.044 7238.2 3.9183 14.724671 1.109128 15.191596 14.082468 "" "" 1894.84021 2031.4397 24270.46602 4.9612 11449.0 16.496 18457.0 15.341 "" "" 0.0027642442303147993 0.0031987897 0.0038856298 0.0070844195 313.11477994051 46.2607828916 1963.9259 -1.358 -3.4640000000000004 1.0766470832824706 1.0040585861206055 0.098392 0.095392 "" "" 13.704500589567033 "" 1.3294472411590015 ""
313.4158512462 45.76520666399 0.0136 0.015 17.208 "" "" 2163357920160175232 2104.9751 0.4564 0.017 -0.381 -2.391 0.017 0.02 0.968 8999.6 4.2243 14.725467 0.980069 15.126322 14.146253 "" "" 2019.21277 2176.57007 24252.68834 4.6974 12159.0 14.488 17404.0 12.791 "" "" 0.002763333489091776 0.0030755028 0.0038627016 0.006938204 313.4158512462 45.76520666399 2104.9751 -0.3809999999999991 -2.391 2.0536470832824705 2.0770585861206055 0.094392 0.09739201 "" "" 29.14348827856937 "" 2.7954648125757253 ""
313.08543980017 46.30442585217 0.0144 0.0148 20.4112 "" "" 2166409030571785344 1668.1217 0.567 0.0173 -3.903 -7.433 0.018 0.018 0.96 7285.9 3.8792 14.72988 1.212907 15.252232 14.039325 -12.56 8.23 1623.33643 1716.51074 24154.31396 5.244 10827.0 15.451 19206.0 12.725 "" "" 0.0027653846486761944 0.0031915186 0.0038472333 0.0070387516 313.08543980017 46.30442585217 1668.1217 -3.9029999999999996 -7.433 -1.4683529167175293 -2.9649414138793944 0.095392 0.095392 14.209999999999999 41.829998 26.160883113109612 29.771058181693572 2.4955390575551246 20.085909888484196
313.15059594843 46.07594960564 0.0386 0.039 11.0929 "" "" 2163379979112328960 2044.48596 0.4686 0.0448 -3.484 -5.031 0.05 0.048 2.919 6969.8 3.1041 14.730897 1.983325 15.711836 13.728511 -44.91 3.45 1854.05493 2282.66992 24131.69455 11.227 7090.6 14.228 25571.0 17.046 "" "" 0.002801239413109467 0.0035399878 0.00384806 0.007388048 313.15059594843 46.07594960564 2044.48596 -3.484000000000001 -5.031000000000001 -1.0493529167175293 -0.5629414138793942 0.12739201 0.125392 -18.139999999999997 37.05 11.540042710770312 21.49958571150623 1.4649828519517691 31.270350578148843
313.1810890423 46.17926539181 0.0146 0.0148 12.3612 "" "" 2163404374527175680 1738.66357 0.5489 0.0169 -1.982 -1.331 0.02 0.018 1.025 5432.1 3.5147 14.731225 1.609918 15.48666 13.876742 -13.8 4.07 1696.69629 1779.28491 24124.41502 5.8818 8724.7 13.831 22308.0 14.334 "" "" 0.0027680070783254514 0.0032783416 0.0038432314 0.007121573 313.1810890423 46.17926539181 1738.66357 -1.9819999999999998 -1.331 0.4526470832824707 3.1370585861206055 0.09739201 0.095392 12.969999999999999 37.67 26.12107487717173 29.16387238929035 2.4928180915738314 16.901042892127208
313.2263309888 46.15669505166 0.0155 0.0163 10.0466 "" "" 2163404065289546368 1925.79028 0.4928 0.0175 -4.706 -4.703 0.021 0.019 1.031 7989.6 4.2157 14.736605 0.974454 15.132357 14.157903 "" "" 1877.1001 1998.2699 24005.16497 6.7218 12091.0 15.188 17219.0 15.695 "" "" 0.002772042360605725 0.0031056562 0.0039068037 0.00701246 313.2263309888 46.15669505166 1925.79028 -4.706 -4.703 -2.2713529167175297 -0.23494141387939482 0.098392 0.096392006 "" "" 20.84408831828207 "" 2.0504547177327086 ""
313.20618481873 45.76549524064 0.0148 0.0159 19.2711 "" "" 2163359947384554240 1693.88257 0.5651 0.0177 0.964 -4.352 0.019 0.02 1.017 7058.6 3.7752 14.743466 1.603556 15.492575 13.889019 -2.53 6.93 1649.62573 1745.09888 23853.93556 6.1334 8677.4 11.161 22057.0 13.848 "" "" 0.0027694266814249353 0.0031201334 0.0038403622 0.0069604954 313.20618481873 45.76549524064 1693.88257 0.9639999999999995 -4.351999999999997 3.3986470832824707 0.11605858612060516 0.096392006 0.09739201 24.24 40.53 27.303654653981432 36.51119222189111 2.63188600157115 26.97999359205249
313.19314744093 46.31910053094 0.0144 0.0152 18.4825 "" "" 2166409683406904320 2120.91748 0.4448 0.0177 -2.488 -4.491 0.018 0.018 1.006 "" "" 14.747196 0.787374 15.053785 14.266411 "" "" 2049.55981 2196.95874 23772.13255 5.8532 12999.0 12.154 15581.0 16.016 "" "" 0.0027682585386148858 0.0029691067 0.003940722 0.0069098286 313.19314744093 46.31910053094 2120.91748 -2.488 -4.491 -0.053352916717529286 -0.02294141387939419 0.095392 0.095392 "" "" 0.5838484400418522 "" 0.05569447252669161 ""
313.09368616804 45.75756781188 0.015 0.0162 22.1777 "" "" 2163354965222375808 1865.50073 0.5138 0.0188 -2.475 -4.605 0.02 0.022 1.005 "" "" 14.758802 1.265743 15.305236 14.039493 "" "" 1808.78882 1925.26062 23519.37483 5.0749 10312.0 13.691 19203.0 14.203 "" "" 0.002765262049348029 0.0031405396 0.003863754 0.0070042936 313.09368616804 45.75756781188 1865.50073 -2.475 -4.605 -0.040352916717529386 -0.13694141387939496 0.09739201 0.099392004 "" "" 1.262379108700067 "" 0.12527054576582397 ""
313.43138502414 46.41441334069 0.0149 0.0156 21.7553 "" "" 2163414751168488832 1735.54504 0.5471 0.0183 -3.848 -3.322 0.02 0.021 1.009 6532.5 3.9398 14.76209 1.326296 15.348097 14.021801 -23.87 15.63 1687.08594 1798.67065 23448.27845 5.5733 9912.4 12.728 19518.0 13.414 "" "" 0.00276737888951438 0.0031190813 0.0038523397 0.0069714207 313.43138502414 46.41441334069 1735.54504 -3.847999999999998 -3.322 -1.4133529167175292 1.1460585861206054 0.09739201 0.098392 2.8999999999999986 49.23 14.969073447938985 15.247398463009745 1.463824497229333 9.47301023467705
313.77842964535 45.98166239283 0.0146 0.0157 15.7278 "" "" 2163342801874239104 1837.81482 0.5036 0.0182 -3.195 -5.532 0.019 0.019 1.035 4833.1 2.7165 14.771669 2.458647 16.109068 13.650421 -26.47 1.75 1788.83167 1915.08862 23242.28939 7.8487 4918.0 8.6373 27478.0 23.689 "" "" 0.0027796072279957637 0.0033795086 0.003893567 0.0072730756 313.77842964535 45.98166239283 1837.81482 -3.1950000000000003 -5.532 -0.7603529167175291 -1.0639414138793946 0.096392006 0.096392006 0.3000000000000007 35.35 11.391786745605954 11.395736275351561 1.0980771727104854 1.4390882498638349
313.64806911947 46.15421813237 0.0148 0.0152 11.4795 "" "" 2163392417338153600 1636.84558 0.5876 0.0174 -3.68 -3.481 0.019 0.02 0.98 7548.2 4.0148 14.772621 1.123922 15.24787 14.123947 "" "" 1591.8645 1685.50769 23221.92191 5.1072 10871.0 15.837 17766.0 12.755 "" "" 0.0027656478814659896 0.0032073143 0.0038589304 0.0070662447 313.64806911947 46.15421813237 1636.84558 -3.6799999999999997 -3.480999999999999 -1.2453529167175295 0.9870585861206056 0.096392006 0.09739201 "" "" 12.329144893885426 "" 1.1932030192792389 ""
313.91679704973 45.93415663165 0.0152 0.0165 22.0876 "" "" 2163340053095239424 1952.72791 0.4786 0.0184 -3.215 -3.089 0.019 0.019 1.038 4864.5 3.173 14.775926 2.140854 15.880364 13.739511 -84.2 4.29 1889.74451 2025.9751 23151.36464 38.698 6071.2 34.225 25314.0 103.48 "" "" 0.0032993032287692127 0.006726563 0.005829454 0.012556016 313.91679704973 45.93415663165 1952.72791 -3.215 -3.088999999999996 -0.7803529167175292 1.3790585861206055 0.096392006 0.096392006 -57.43000000000001 37.89 14.666351618618085 59.27315387087937 1.413719048555921 36.71344111803838
313.45918548872 46.26308651323 0.0146 0.0154 12.7984 "" "" 2163408390303041152 1923.58313 0.4929 0.0173 -0.553 0.008 0.019 0.021 0.974 5428.2 3.4968 14.777735 1.648572 15.555864 13.907292 -152.71 9.3 1855.05396 1982.73755 23112.8094 5.0607 8186.0 10.972 21689.0 15.805 "" "" 0.0027655568121772995 0.0031468729 0.0038613086 0.0070081814 313.45918548872 46.26308651323 1923.58313 -0.5530000000000002 0.008000000000000075 1.8816470832824708 4.4760585861206055 0.096392006 0.098392 -125.94000000000001 42.899998 44.271227592147625 133.49466353572242 4.342752651376427 40.497838972942674
313.35506891959 46.07869716208 0.015 0.0157 2.958 "" "" 2163399804682050176 1852.63721 0.5113 0.0171 0.329 -5.869 0.019 0.019 0.975 "" "" 14.779608 1.045158 15.212083 14.166924 "" "" 1808.15002 1906.1626 23072.98288 5.0913 11235.0 12.97 17076.0 16.745 "" "" 0.0027657164780165136 0.0030587695 0.003926486 0.0069852555 313.35506891959 46.07869716208 1852.63721 0.32899999999999907 -5.869 2.763647083282471 -1.4009414138793943 0.096392006 0.096392006 "" "" 27.209025162251965 "" 2.6227325080412434 ""
313.78773534176 45.98537909676 0.0153 0.017 16.0441 "" "" 2163342767514509568 1795.47009 0.5283 0.0193 -12.863 -13.819 0.02 0.02 1.109 5101.0 3.3208 14.78233 2.229372 15.952458 13.723086 -48.52 2.58 1724.51465 1894.54883 23015.21048 6.5507 5681.1 10.019 25699.0 17.386 "" "" 0.0027725957821199965 0.0033839897 0.0038500982 0.007234088 313.78773534176 45.98537909676 1795.47009 -12.862999999999998 -13.818999999999999 -10.428352916717529 -9.350941413879395 0.09739201 0.09739201 -21.750000000000004 36.18 119.20532863056185 121.17331749985328 11.609646284887857 13.138304900343412
313.72787539449 45.97281256093 0.0144 0.0152 13.8839 "" "" 2163343145471584128 2053.93457 0.4631 0.0176 -2.211 -3.718 0.018 0.018 1.012 9263.1 4.1251 14.788222 0.868696 15.132571 14.263875 "" "" 1983.65332 2130.32617 22890.63636 5.6889 12089.0 12.718 15617.0 12.798 "" "" 0.0027685012444097126 0.0030149184 0.0038827034 0.006897622 313.72787539449 45.97281256093 2053.93457 -2.210999999999998 -3.717999999999999 0.22364708328247085 0.7500585861206055 0.095392 0.095392 "" "" 7.620009873259092 "" 0.7268880096843718 ""
313.23614368959 45.69775099535 0.0168 0.0165 22.5275 "" "" 2163356614489923968 1858.33716 0.5043 0.0194 0.955 -0.332 0.021 0.021 0.998 "" "" 14.789907 2.080418 15.851388 13.77097 -9.75 3.24 1803.1532 1929.51135 22855.12589 7.3851 6235.4 17.034 24591.0 20.319 "" "" 0.0027775657092358338 0.0040721525 0.0038843984 0.007956551 313.23614368959 45.69775099535 1858.33716 0.9550000000000001 -0.33199999999999985 3.3896470832824708 4.136058586120606 0.098392 0.098392 17.02 36.84 47.10431811934073 50.084899775162285 4.634688176009252 13.256210793251475
313.68579237255 46.23747144228 0.0156 0.0161 15.8344 "" "" 2163397124622858624 1586.65344 0.6004 0.0182 -0.499 -1.908 0.021 0.021 0.983 7228.0 4.1678 14.794744 1.268245 15.347252 14.079007 "" "" 1552.31201 1633.59753 22753.54883 8.8183 9920.1 21.37 18516.0 23.183 "" "" 0.00278726555113153 0.0036408145 0.004016428 0.007657242 313.68579237255 46.23747144228 1586.65344 -0.4989999999999995 -1.9080000000000008 1.9356470832824706 2.5600585861206056 0.098392 0.098392 "" "" 24.13750098782995 "" 2.3749370523373328 ""
313.42671027029 46.33835354995 0.0154 0.0157 17.188 "" "" 2163409906445328640 1838.66931 0.5151 0.0182 -0.792 -1.817 0.021 0.022 1.048 8902.3 4.1898 14.795472 0.92244 15.167506 14.245067 "" "" 1773.7373 1895.26294 22738.29417 5.1868 11706.0 16.337 15890.0 14.973 "" "" 0.002766428694690591 0.00317507 0.0039154077 0.0070904777 313.42671027029 46.33835354995 1838.66931 -0.7920000000000003 -1.8170000000000002 1.6426470832824707 2.6510585861206053 0.098392 0.099392004 "" "" 27.18053843439563 "" 2.6940152635148014 ""
313.53519083009 46.33603789389 0.0144 0.0159 17.7602 "" "" 2163410456201254272 2016.81519 0.4683 0.0173 -1.856 -4.971 0.019 0.021 1.0 9160.9 4.0925 14.795684 0.912787 15.162351 14.249563 "" "" 1939.41785 2098.46533 22733.855 4.5103 11762.0 12.434 15825.0 14.414 "" "" 0.002763727357712844 0.0030170216 0.0039066235 0.006923645 313.53519083009 46.33603789389 2016.81519 -1.8559999999999977 -4.971 0.5786470832824706 -0.5029414138793946 0.096392006 0.098392 "" "" 7.329135921235366 "" 0.7128151831526521 ""
313.78517794755 46.33133694305 0.0172 0.0194 22.7494 "" "" 2163773088881604224 1668.32312 0.5769 0.0223 -5.0 -6.331 0.024 0.023 1.101 6963.3 3.8342 14.796918 1.595443 15.542284 13.946841 -33.03 4.76 1612.64075 1747.13684 22708.02697 5.8098 8289.0 10.693 20913.0 19.585 "" "" 0.002769287444288676 0.003121986 0.003913769 0.007035755 313.78517794755 46.33133694305 1668.32312 -4.999999999999999 -6.331000000000001 -2.5653529167175293 -1.862941413879395 0.101392 0.10039201 -6.260000000000002 38.36 25.07123992028285 25.840949501525373 2.533394826293968 9.612321721523974
313.68259013654 46.06232505812 0.0155 0.0166 11.1666 "" "" 2163391111668088832 2026.1167 0.4692 0.019 -2.491 -3.73 0.02 0.021 0.937 8237.7 4.2368 14.798586 1.087048 15.251006 14.163959 "" "" 1956.54382 2093.77637 22673.18353 5.1507 10840.0 19.824 17123.0 14.938 "" "" 0.00276633779045808 0.0034245518 0.003896267 0.0073208185 313.68259013654 46.06232505812 2026.1167 -2.4909999999999997 -3.730000000000002 -0.0563529167175294 0.7380585861206055 0.09739201 0.098392 "" "" 7.108793137594426 "" 0.6994073966328014 ""
312.94715197192 46.08744954881 0.0158 0.0161 19.5829 "" "" 2166381714579411072 1902.40442 0.4962 0.0189 -3.866 -3.293 0.021 0.02 1.018 6544.5 3.5613 14.812339 1.440893 15.465249 14.024356 -23.95 10.67 1837.00708 1975.21143 22387.79702 6.1344 8898.5 10.394 19472.0 16.603 "" "" 0.0027713344913663854 0.003064865 0.0038911137 0.0069559785 312.94715197192 46.08744954881 1902.40442 -3.8659999999999997 -3.293000000000001 -1.4313529167175294 1.1750585861206053 0.098392 0.09739201 2.8200000000000003 44.269997 16.699318004830623 16.935749815891242 1.6363765626878894 7.5459970550983275
313.89239186558 46.18900945338 0.016 0.0173 21.4958 "" "" 2163721652350768512 1817.47583 0.5228 0.02 -1.9 -1.576 0.022 0.02 1.033 8679.9 4.2237 14.816249 0.989898 15.217399 14.227501 "" "" 1769.93726 1891.83899 22307.31232 5.5472 11180.0 12.984 16149.0 11.437 "" "" 0.002768516765341226 0.003061861 0.003856811 0.006918672 313.89239186558 46.18900945338 1817.47583 -1.9 -1.576 0.5346470832824708 2.8920585861206054 0.099392004 0.09739201 "" "" 25.336771988017976 "" 2.4692902891746384 ""
