Clusters/Barkhatova_1/Barkhatova_1_members.tsv
# %ECSV 1.0
# ---
# datatype:
# - name: RA_ICRS_1
#   unit: deg
#   datatype: float64
#   format: '{:15.11f}'
#   description: Right ascension (ICRS) at Ep=2016.0 (ra)
#   meta: !!omap
#   - {ucd: POS_EQ_RA_MAIN}
#   - {width: 15}
#   - {precision: '11'}
# - name: DE_ICRS_1
#   unit: deg
#   datatype: float64
#   format: '{:15.11f}'
#   description: Declination (ICRS) at Ep=2016.0 (dec)
#   meta: !!omap
#   - {ucd: POS_EQ_DEC_MAIN}
#   - {width: 15}
#   - {precision: '11'}
# - name: e_RA_ICRS
#   unit: mas
#   datatype: float64
#   format: '{:7.4f}'
#   description: Standard error of right ascension (ra_error)
#   meta: !!omap
#   - {ucd: ERROR}
#   - {width: 7}
#   - {precision: '4'}
# - name: e_DE_ICRS
#   unit: mas
#   datatype: float64
#   format: '{:7.4f}'
#   description: Standard error of declination (dec_error)
#   meta: !!omap
#   - {ucd: ERROR}
#   - {width: 7}
#   - {precision: '4'}
# - name: _r_1
#   unit: ''
#   datatype: float64
#   format: '{:7.4f}'
#   description: Distance from center (313.41480840000+46.05200575000)[ICRS], at Epoch=J2016.0
#   meta: !!omap
#   - {ucd: POS_ANG_DIST_GENERAL}
#   - {width: 7}
#   - {precision: '4'}
# - name: HIP
#   datatype: int32
#   description: '? HIP cross-id number, van Leeuwen, Cat. I/311 (hip_original_ext_source_id)'
#   meta: !!omap
#   - {ucd: ID_NUMBER}
#   - {width: 6}
#   - values: {'null': -2147483648}
# - name: TYC2
#   datatype: string
#   description: Tycho-2 cross-id name, Hog et al., Cat. I/259 (tyc2_original_ext_source_id)
#   meta: !!omap
#   - {ucd: ID_CROSSID}
#   - {_votable_string_dtype: char}
# - name: Source
#   datatype: int64
#   description: Source identifier, identical to the Gaia-EDR3 source_id (id)
#   meta: !!omap
#   - {ucd: ID_MAIN}
#   - {width: 19}
# - name: rgeo
#   unit: pc
#   datatype: float64
#   format: '{:15.8f}'
#   description: '? Median of the geometric distance posterior (r_med_geo)'
#   meta: !!omap
#   - {ucd: PHYS_DISTANCE_TRUE}
#   - {width: 15}
#   - {precision: '8'}
#   - values: {'null': .nan}
# - name: Plx
#   unit: mas
#   datatype: float64
#   format: '{:9.4f}'
#   description: '? Parallax (parallax)'
#   meta: !!omap
#   - {ucd: POS_PARLX_TRIG}
#   - {width: 9}
#   - {precision: '4'}
#   - values: {'null': .nan}
# - name: e_Plx
#   unit: mas
#   datatype: float32
#   format: '{:7.4f}'
#   description: '? Standard error of parallax (parallax_error)'
#   meta: !!omap
#   - {ucd: ERROR}
#   - {width: 7}
#   - {precision: '4'}
#   - values: {'null': .nan}
# - name: pmRA
#   unit: mas / yr
#   datatype: float64
#   format: '{:9.3f}'
#   description: '? Proper motion in right ascension direction, pmRA*cosDE (pmra)'
#   meta: !!omap
#   - {ucd: POS_EQ_PMRA}
#   - {width: 9}
#   - {precision: '3'}
#   - values: {'null': .nan}
# - name: pmDE
#   unit: mas / yr
#   datatype: float64
#   format: '{:9.3f}'
#   description: '? Proper motion in declination direction (pmdec)'
#   meta: !!omap
#   - {ucd: POS_EQ_PMDEC}
#   - {width: 9}
#   - {precision: '3'}
#   - values: {'null': .nan}
# - name: e_pmRA
#   unit: mas / yr
#   datatype: float32
#   format: '{:6.3f}'
#   description: '? Standard error of proper motion in right ascension direction (pmra_error)'
#   meta: !!omap
#   - {ucd: ERROR}
#   - {width: 6}
#   - {precision: '3'}
#   - values: {'null': .nan}
# - name: e_pmDE
[...]
#         unit: &id001 !astropy.units.Unit {unit: deg}
#         value: !astropy.table.SerializedColumn {name: SkyCoord.dec}
#       distance: !astropy.table.SerializedColumn
#         __class__: astropy.coordinates.distances.Distance
#         unit: !astropy.units.Unit {unit: pc}
#         value: !astropy.table.SerializedColumn {name: SkyCoord.distance}
#       frame: icrs
#       obstime: !astropy.time.Time {format: jyear_str, in_subfmt: '*', jd1: 367701545.0, jd2: 0.0, out_subfmt: '*', precision: 3, scale: tt}
#       pm_dec: !astropy.table.SerializedColumn
#         __class__: astropy.units.quantity.Quantity
#         unit: !astropy.units.Unit {unit: mas / yr}
#         value: !astropy.table.SerializedColumn {name: SkyCoord.pm_dec}
#       pm_ra_cosdec: !astropy.table.SerializedColumn
#         __class__: astropy.units.quantity.Quantity
#         unit: !astropy.units.Unit {unit: mas / yr}
#         value: !astropy.table.SerializedColumn {name: SkyCoord.pm_ra_cosdec}
#       ra: !astropy.table.SerializedColumn
#         __class__: astropy.coordinates.angles.Longitude
#         unit: *id001
#         value: !astropy.table.SerializedColumn {name: SkyCoord.ra}
#         wrap_angle: !astropy.coordinates.Angle
#           unit: *id001
#           value: 360.0
#       representation_type: spherical
# schema: astropy-2.0
RA_ICRS_1 DE_ICRS_1 e_RA_ICRS e_DE_ICRS _r_1 HIP TYC2 Source rgeo Plx e_Plx pmRA pmDE e_pmRA e_pmDE RUWE Teff logg Gmag BP-RP BPmag RPmag RV e_RV b_rgeo B_rgeo FG e_FG FBP e_FBP FRP e_FRP RAVE5 RAVE6 e_Gmag e_BPmag e_RPmag e_BP-RP SkyCoord.ra SkyCoord.dec SkyCoord.distance SkyCoord.pm_ra_cosdec SkyCoord.pm_dec Pmemb
313.43267716733 46.02012909018 0.0099 0.0095 2.0523 "" "" 2163388431608328320 1922.87207 0.4787 0.0111 -2.419 -4.564 0.013 0.013 0.925 "" "" 11.619741 0.891343 11.970793 11.07945 "" "" 1887.7793 1964.65979 423692.44872 70.509 222380.0 137.37 293340.0 77.684 "" "" 0.0027612381067263856 0.0028696465 0.0037903036 0.00665995 313.43267716733 46.02012909018 1922.87207 -2.419 -4.564 0.9
313.40073386963 46.05524688344 0.0076 0.0075 0.6175 "" "" 2163389251927816832 1980.1145 0.4659 0.0087 -2.408 -4.553 0.01 0.01 0.773 "" "" 11.887941 0.77271 12.184574 11.411864 -26.77 33.6 1943.99402 2011.17957 330955.92971 49.827 182640.0 125.12 215980.0 75.794 "" "" 0.0027601647568185283 0.0028876087 0.0037985393 0.0066861482 313.40073386963 46.05524688344 1980.1145 -2.4080000000000004 -4.553 0.9
313.40951293821 45.99825922915 0.0096 0.0093 3.2323 "" "" 2163386919779813888 2005.46997 0.4825 0.011 -2.393 -4.545 0.012 0.012 1.085 "" "" 12.50798 0.84079 12.836799 11.996009 "" "" 1958.58997 2047.19299 186962.46721 25.383 100160.0 59.39 126110.0 43.281 "" "" 0.0027592603534743816 0.002863479 0.0037977067 0.006661186 313.40951293821 45.99825922915 2005.46997 -2.393 -4.545 1.0
313.3824272034 45.99835899854 0.0083 0.0085 3.4901 "" "" 2163387572615175040 1953.48413 0.4974 0.0098 -2.248 -4.583 0.011 0.011 1.039 "" "" 12.508826 0.967929 12.89848 11.930552 "" "" 1915.8988 1988.90784 186816.96958 29.093 94629.0 69.222 133950.0 41.911 "" "" 0.0027605032168591124 0.0029010074 0.0037946186 0.0066956263 313.3824272034 45.99835899854 1953.48413 -2.248000000000002 -4.583 0.9
313.2289367626 45.95151935361 0.008 0.0089 9.8165 "" "" 2163375443626675456 1925.32019 0.4926 0.0098 -2.476 -4.511 0.011 0.011 1.016 "" "" 13.231963 1.182056 13.731161 12.549105 "" "" 1895.33191 1958.00769 95975.72897 65.722 43949.0 103.9 75773.0 160.14 "" "" 0.0028538680769258965 0.0037912368 0.004421423 0.0082126595 313.2289367626 45.95151935361 1925.32019 -2.476000000000001 -4.510999999999999 1.0
313.40774039108 46.01308947302 0.009 0.0085 2.3535 "" "" 2163386919779819392 1924.979 0.4942 0.0102 -2.475 -4.401 0.011 0.011 1.013 "" "" 13.259299 0.977713 13.654308 12.676596 "" "" 1884.09399 1957.69714 93589.44411 15.4 47173.0 31.654 67378.0 26.764 "" "" 0.0027611062007379915 0.0028837188 0.0038039095 0.006687628 313.40774039108 46.01308947302 1924.979 -2.4750000000000014 -4.401 1.0
313.39570968745 46.02623357661 0.0092 0.0093 1.7389 "" "" 2163387675694061056 1965.11194 0.482 0.0105 -2.462 -4.495 0.012 0.012 0.943 11524.2 3.8946 13.392085 0.7325 13.662157 12.929657 "" "" 1924.06616 2006.60352 82815.70539 13.813 46833.0 43.321 53370.0 131.5 "" "" 0.002761264885567537 0.0029654175 0.004630368 0.007595786 313.39570968745 46.02623357661 1965.11194 -2.4620000000000006 -4.495000000000002 1.0
313.8269769658 45.94849632109 0.0114 0.0114 18.267 "" "" 2163339537699111552 1977.59985 0.4756 0.0137 -2.463 -4.545 0.015 0.014 1.006 15000.7 4.2667 13.899832 1.09272 14.355805 13.263085 "" "" 1930.6814 2033.73218 51881.66038 39.314 24723.0 64.156 39258.0 75.975 "" "" 0.002875530403416915 0.003965252 0.0043242057 0.008289458 313.8269769658 45.94849632109 1977.59985 -2.463 -4.545 1.0
313.37946919963 46.00567963193 0.0117 0.0118 3.1453 "" "" 2163387572614820736 1991.91736 0.476 0.0138 -2.409 -4.451 0.015 0.016 0.992 "" "" 13.95402 0.806337 14.268557 13.462219 "" "" 1938.69958 2040.53796 49355.86969 29.917 26791.0 57.707 32679.0 62.915 "" "" 0.00283282689513841 0.0036406452 0.0043189237 0.007959569 313.37946919963 46.00567963193 1991.91736 -2.4090000000000007 -4.451 1.0
313.39052997272 45.99738016842 0.0128 0.0128 3.4301 "" "" 2163386816700583040 1901.1333 0.502 0.0149 -2.606 -4.45 0.017 0.017 1.087 "" "" 14.303423 0.989726 14.704241 13.714515 "" "" 1840.01111 1962.80164 35774.83128 11.011 17936.0 22.737 25903.0 25.16 "" "" 0.0027755111396767806 0.0031111757 0.0039237603 0.007034936 313.39052997272 45.99738016842 1901.1333 -2.6059999999999994 -4.449999999999999 0.8
313.25597520278 46.23728811025 0.0124 0.0127 12.9299 "" "" 2163405989434951040 1857.43591 0.5097 0.0145 -2.439 -4.492 0.016 0.016 1.009 "" "" 14.325786 0.748442 14.6141 13.865659 "" "" 1819.78149 1893.71997 35045.5262 7.3694 19488.0 13.856 22537.0 14.77 "" "" 0.002764763028843258 0.0028949906 0.0038457818 0.006740772 313.25597520278 46.23728811025 1857.43591 -2.4390000000000014 -4.491999999999999 1.0
313.42333998389 46.02908855165 0.0137 0.0135 1.4202 "" "" 2163388431608324352 1828.69324 0.5199 0.0154 -2.447 -4.479 0.018 0.018 1.067 "" "" 14.516578 1.186546 15.019485 13.832939 "" "" 1780.92175 1878.77734 29397.85625 5.5824 13416.0 18.759 23226.0 19.84 "" "" 0.0027630230320631628 0.0031764426 0.0038915158 0.0070679584 313.42333998389 46.02908855165 1828.69324 -2.4469999999999996 -4.479000000000001 1.0
313.19314744093 46.31910053094 0.0144 0.0152 18.4825 "" "" 2166409683406904320 2120.91748 0.4448 0.0177 -2.488 -4.491 0.018 0.018 1.006 "" "" 14.747196 0.787374 15.053785 14.266411 "" "" 2049.55981 2196.95874 23772.13255 5.8532 12999.0 12.154 15581.0 16.016 "" "" 0.0027682585386148858 0.0029691067 0.003940722 0.0069098286 313.19314744093 46.31910053094 2120.91748 -2.488 -4.491 1.0
313.56285396489 45.91187679604 0.0146 0.0154 10.4302 "" "" 2163383793043702272 1931.29602 0.4943 0.0175 -2.526 -4.488 0.02 0.021 0.987 9009.0 4.2619 14.851923 0.843061 15.185772 14.342711 "" "" 1866.87622 2012.62964 21586.26559 4.8546 11511.0 15.125 14524.0 9.4559 "" "" 0.002766118322646007 0.0031337321 0.0038449182 0.0069786506 313.56285396489 45.91187679604 1931.29602 -2.526 -4.488 1.0
313.53102272559 46.00497962975 0.0162 0.0167 5.6035 "" "" 2163385236152728320 1837.88135 0.5209 0.0192 -2.417 -4.504 0.021 0.022 1.018 8570.8 4.0211 14.871287 0.866669 15.213212 14.346543 "" "" 1779.66931 1915.37903 21204.68948 7.926 11224.0 15.246 14472.0 16.645 "" "" 0.002785047423444436 0.003155959 0.003980343 0.007136302 313.53102272559 46.00497962975 1837.88135 -2.416999999999999 -4.503999999999997 1.0
313.43253715282 45.99402832792 0.0161 0.0157 3.5562 "" "" 2163386679261659648 1971.65906 0.4762 0.0183 -2.451 -4.428 0.022 0.021 0.949 "" "" 14.922022 1.211756 15.441523 14.229767 "" "" 1903.03076 2030.9165 20236.61642 4.6377 9095.1 16.355 16116.0 12.176 "" "" 0.0027665324646215096 0.0034054206 0.0038673785 0.007272799 313.43253715282 45.99402832792 1971.65906 -2.451 -4.428 1.0
313.42781827645 46.03925590843 0.0162 0.0159 0.9374 "" "" 2163388431608335104 1891.49792 0.5044 0.0183 -2.473 -4.521 0.021 0.021 1.034 8586.7 4.065 15.007485 0.970083 15.40175 14.431666 "" "" 1819.56799 1964.97144 18704.77817 4.3751 9434.5 12.878 13381.0 17.465 "" "" 0.0027669989939284817 0.00315934 0.004036327 0.007195667 313.42781827645 46.03925590843 1891.49792 -2.4730000000000008 -4.521000000000002 1.0
313.44517863343 46.05696958165 0.0169 0.0167 1.2992 "" "" 2163388569047664896 1951.28674 0.4866 0.0193 -2.525 -4.473 0.022 0.023 1.052 7996.4 4.4103 15.008472 0.963192 15.397103 14.433911 "" "" 1893.04272 2032.67017 18687.77715 5.0682 9474.9 13.997 13353.0 13.534 "" "" 0.002771009515787489 0.0032183272 0.003936334 0.007154661 313.44517863343 46.05696958165 1951.28674 -2.5250000000000004 -4.473000000000002 1.0
313.33979978566 46.04140766477 0.0166 0.0174 3.1877 "" "" 2163387911898384896 1787.33948 0.5356 0.0191 -2.355 -4.348 0.021 0.022 1.089 7442.3 4.0284 15.064863 1.393138 15.682669 14.289531 "" "" 1723.69666 1847.99927 17741.96003 4.9015 7283.7 8.9873 15253.0 14.104 "" "" 0.0027715989227715425 0.0030951241 0.0039104526 0.007005577 313.33979978566 46.04140766477 1787.33948 -2.3550000000000004 -4.348 0.8
313.40626358643 46.05397469984 0.0163 0.0164 0.3749 "" "" 2163389256242043392 1860.23035 0.5107 0.0183 -2.258 -4.346 0.021 0.022 1.001 9235.9 4.1519 15.067651 0.981884 15.468832 14.486948 "" "" 1802.58276 1923.77991 17696.46705 3.9591 8869.2 14.952 12717.0 11.201 "" "" 0.002766006441837568 0.0033369604 0.0038984928 0.0072354535 313.40626358643 46.05397469984 1860.23035 -2.258 -4.346 1.0
313.43240441121 46.02722245975 0.0189 0.019 1.6578 "" "" 2163388431608685312 1842.05469 0.5135 0.021 -2.44 -4.519 0.025 0.026 1.05 7981.3 4.0962 15.232508 1.298504 15.797064 14.49856 "" "" 1788.07605 1912.22034 15203.49859 3.6251 6555.3 14.188 12582.0 11.688 "" "" 0.0027674553210096245 0.003647899 0.003911647 0.0075595463 313.43240441121 46.02722245975 1842.05469 -2.4399999999999995 -4.519 1.0
313.34390122971 46.08716490947 0.0198 0.0201 3.628 "" "" 2163399869087444224 1953.6134 0.4837 0.0216 -2.501 -4.473 0.026 0.025 1.087 8955.5 4.1981 15.254785 1.038808 15.685835 14.647027 "" "" 1866.51514 2053.8999 14894.7371 3.9252 7262.4 10.886 10974.0 12.807 "" "" 0.0027701364512573547 0.003230124 0.003986131 0.007216255 313.34390122971 46.08716490947 1953.6134 -2.501 -4.473000000000001 1.0
313.39312908703 46.10901245653 0.0189 0.0181 3.5374 "" "" 2163401419589793792 1954.2804 0.4889 0.0207 -2.343 -4.547 0.024 0.026 1.017 7497.3 3.8844 15.271862 1.075626 15.718404 14.642777 "" "" 1874.2395 2032.83154 14662.2959 4.4232 7047.8 17.665 11017.0 12.495 "" "" 0.0027747196558595565 0.003897537 0.0039749285 0.007872466 313.39312908703 46.10901245653 1954.2804 -2.3430000000000004 -4.547000000000001 0.8
313.07977828974 45.97021667733 0.0187 0.0199 14.7984 "" "" 2163374859511264128 2101.75049 0.4529 0.0222 -2.336 -4.381 0.025 0.025 1.011 8859.4 3.8431 15.437297 1.144011 15.920263 14.776252 "" "" 2034.2063 2196.68945 12590.06694 3.8276 5852.1 11.231 9742.2 12.947 "" "" 0.0027750214433508585 0.003482351 0.004045453 0.007527804 313.07977828974 45.97021667733 2101.75049 -2.3360000000000003 -4.381 0.8
313.18866423834 46.12168479201 0.0216 0.0228 10.2976 "" "" 2163403687332398464 1834.91699 0.519 0.0248 -2.466 -4.438 0.029 0.028 1.098 8024.1 4.4025 15.629107 1.292179 16.18924 14.89706 "" "" 1750.13354 1936.28186 10551.25046 10.273 4567.9 20.835 8716.3 27.931 "" "" 0.0029511451971541507 0.0056841597 0.0051369756 0.010821136 313.18866423834 46.12168479201 1834.91699 -2.4660000000000006 -4.437999999999999 0.9
313.5183413519 46.06769296613 0.023 0.0234 4.4121 "" "" 2163388740846059520 1980.59668 0.4855 0.0266 -2.372 -4.47 0.029 0.031 0.936 5638.5 4.1533 15.688671 1.288471 16.247774 14.959303 "" "" 1861.57581 2090.30762 9987.99481 3.6911 4328.2 10.509 8230.7 12.215 "" "" 0.002784381645867239 0.0038385673 0.004108536 0.007947103 313.5183413519 46.06769296613 1980.59668 -2.372 -4.47 0.8
313.36147922892 46.07249502461 0.0217 0.0226 2.5379 "" "" 2163399804681699072 1839.7052 0.5138 0.0248 -2.406 -4.557 0.028 0.028 1.022 "" "" 15.742955 1.24118 16.279015 15.037834 "" "" 1765.85425 1948.32617 9500.89427 3.09 4205.4 8.344 7656.4 8.7699 "" "" 0.0027778554366123917 0.0035250161 0.003978739 0.0075037554 313.36147922892 46.07249502461 1839.7052 -2.406 -4.557000000000002 1.0
313.47586450313 46.11782497938 0.0241 0.0262 4.6959 "" "" 2163389939123140608 1874.50171 0.5086 0.0292 -2.479 -4.569 0.031 0.038 1.003 7062.8 4.323 15.850823 1.295916 16.400547 15.104631 "" "" 1774.68811 2013.25342 8602.35864 3.4692 3760.1 24.412 7199.6 31.211 "" "" 0.00278989452968697 0.0075811357 0.0060363463 0.013617482 313.47586450313 46.11782497938 1874.50171 -2.479000000000001 -4.569000000000001 0.8
313.68168040231 46.17902514709 0.0262 0.0275 13.4643 "" "" 2163393894807421184 1912.40918 0.4982 0.0313 -2.435 -4.407 0.035 0.036 1.019 7453.6 4.1068 16.007978 1.297278 16.57591 15.278632 "" "" 1797.13281 2048.1521 7443.13209 2.6818 3199.3 8.8389 6133.5 10.887 "" "" 0.0027829524075539923 0.004096684 0.004242379 0.008339063 313.68168040231 46.17902514709 1912.40918 -2.435 -4.407 1.0
313.31285493595 46.0430814175 0.028 0.0291 4.2793 "" "" 2163399632882947456 1789.81165 0.5399 0.0323 -2.577 -4.323 0.036 0.037 1.005 7385.0 4.3536 16.18545 1.347897 16.787508 15.439611 "" "" 1700.07922 1888.49268 6320.72235 2.4574 2632.8 10.447 5288.3 8.4283 "" "" 0.002787467072327587 0.0051328177 0.0041566854 0.009289503 313.31285493595 46.0430814175 1789.81165 -2.5770000000000004 -4.323 0.8
313.34397421182 46.01127981279 0.0395 0.0384 3.8311 "" "" 2163387813126840448 2159.08032 0.4482 0.0448 -2.508 -4.529 0.049 0.05 1.161 "" "" 16.427958 1.472235 16.911043 15.438808 "" "" 1984.38049 2338.99438 5055.49994 3.9782 2349.6 158.47 5292.2 156.14 "" "" 0.002884742652310706 0.07328118 0.03225552 0.1055367 313.34397421182 46.01127981279 2159.08032 -2.507999999999999 -4.528999999999998 0.8
313.40246325267 46.03174939434 0.0379 0.0391 1.3197 "" "" 2163387710053806080 1928.61707 0.4924 0.045 -2.42 -4.453 0.05 0.053 1.061 6089.2 4.4319 16.650908 1.360602 17.256231 15.895629 "" "" 1755.41345 2076.54224 4117.02598 2.4278 1709.7 7.392 3474.6 11.983 "" "" 0.002828730633230055 0.005460865 0.005320192 0.010781057 313.40246325267 46.03174939434 1928.61707 -2.4199999999999995 -4.452999999999999 0.8
313.73808615935 45.97052976833 0.0366 0.0403 14.3309 "" "" 2163343141161893248 1837.53162 0.5248 0.0452 -2.448 -4.453 0.048 0.048 0.991 4806.1 4.3506 16.742277 1.516313 17.445436 15.929124 "" "" 1714.55945 1988.51343 3784.74057 2.0939 1436.3 8.5042 3369.1 7.0978 "" "" 0.0028200367818779775 0.0070079397 0.0044176616 0.011425601 313.73808615935 45.97052976833 1837.53162 -2.448 -4.453 0.8
313.78743332394 46.00256457219 0.0397 0.0456 15.804 "" "" 2163342935002749568 1640.63904 0.5743 0.0503 -2.309 -4.127 0.053 0.053 1.033 6524.0 4.2695 16.834047 2.218607 17.968945 15.750338 "" "" 1519.5127 1777.84387 3477.98826 2.3006 886.83 8.2631 3972.1 9.8545 "" "" 0.002847381507942744 0.010494143 0.0046410556 0.015135199 313.78743332394 46.00256457219 1640.63904 -2.309 -4.126999999999999 0.8
