Clusters/LP_0733/LP_0733_stars_in_region.tsv
# %ECSV 1.0
# ---
# datatype:
# - name: RA_ICRS_1
#   unit: deg
#   datatype: float64
#   format: '{:15.11f}'
#   description: Right ascension (ICRS) at Ep=2016.0 (ra)
#   meta: !!omap
#   - {ucd: POS_EQ_RA_MAIN}
#   - {width: 15}
#   - {precision: '11'}
# - name: DE_ICRS_1
#   unit: deg
#   datatype: float64
#   format: '{:15.11f}'
#   description: Declination (ICRS) at Ep=2016.0 (dec)
#   meta: !!omap
#   - {ucd: POS_EQ_DEC_MAIN}
#   - {width: 15}
#   - {precision: '11'}
# - name: e_RA_ICRS
#   unit: mas
#   datatype: float64
#   format: '{:7.4f}'
#   description: Standard error of right ascension (ra_error)
#   meta: !!omap
#   - {ucd: ERROR}
#   - {width: 7}
#   - {precision: '4'}
# - name: e_DE_ICRS
#   unit: mas
#   datatype: float64
#   format: '{:7.4f}'
#   description: Standard error of declination (dec_error)
#   meta: !!omap
#   - {ucd: ERROR}
#   - {width: 7}
#   - {precision: '4'}
# - name: _r_1
#   unit: ''
#   datatype: float64
#   format: '{:7.4f}'
#   description: Distance from center (111.07060622000-20.24510607000)[ICRS], at Epoch=J2016.0
#   meta: !!omap
#   - {ucd: POS_ANG_DIST_GENERAL}
#   - {width: 7}
#   - {precision: '4'}
# - name: HIP
#   datatype: int32
#   description: '? HIP cross-id number, van Leeuwen, Cat. I/311 (hip_original_ext_source_id)'
#   meta: !!omap
#   - {ucd: ID_NUMBER}
#   - {width: 6}
#   - values: {'null': -2147483648}
# - name: TYC2
#   datatype: string
#   description: Tycho-2 cross-id name, Hog et al., Cat. I/259 (tyc2_original_ext_source_id)
#   meta: !!omap
#   - {ucd: ID_CROSSID}
#   - {_votable_string_dtype: char}
# - name: Source
#   datatype: int64
#   description: Source identifier, identical to the Gaia-EDR3 source_id (id)
#   meta: !!omap
#   - {ucd: ID_MAIN}
#   - {width: 19}
# - name: rgeo
#   unit: pc
#   datatype: float64
#   format: '{:15.8f}'
#   description: '? Median of the geometric distance posterior (r_med_geo)'
#   meta: !!omap
#   - {ucd: PHYS_DISTANCE_TRUE}
#   - {width: 15}
#   - {precision: '8'}
#   - values: {'null': .nan}
# - name: Plx
#   unit: mas
#   datatype: float64
#   format: '{:9.4f}'
#   description: '? Parallax (parallax)'
#   meta: !!omap
#   - {ucd: POS_PARLX_TRIG}
#   - {width: 9}
#   - {precision: '4'}
#   - values: {'null': .nan}
# - name: e_Plx
#   unit: mas
#   datatype: float32
#   format: '{:7.4f}'
#   description: '? Standard error of parallax (parallax_error)'
#   meta: !!omap
#   - {ucd: ERROR}
#   - {width: 7}
#   - {precision: '4'}
#   - values: {'null': .nan}
# - name: pmRA
#   unit: mas / yr
#   datatype: float64
#   format: '{:9.3f}'
#   description: '? Proper motion in right ascension direction, pmRA*cosDE (pmra)'
#   meta: !!omap
#   - {ucd: POS_EQ_PMRA}
#   - {width: 9}
#   - {precision: '3'}
#   - values: {'null': .nan}
# - name: pmDE
#   unit: mas / yr
#   datatype: float64
#   format: '{:9.3f}'
#   description: '? Proper motion in declination direction (pmdec)'
#   meta: !!omap
#   - {ucd: POS_EQ_PMDEC}
#   - {width: 9}
#   - {precision: '3'}
#   - values: {'null': .nan}
# - name: e_pmRA
#   unit: mas / yr
#   datatype: float32
#   format: '{:6.3f}'
#   description: '? Standard error of proper motion in right ascension direction (pmra_error)'
#   meta: !!omap
#   - {ucd: ERROR}
#   - {width: 6}
#   - {precision: '3'}
#   - values: {'null': .nan}
# - name: e_pmDE
[...]
#         value: !astropy.table.SerializedColumn {name: SkyCoord.dec}
#       distance: !astropy.table.SerializedColumn
#         __class__: astropy.coordinates.distances.Distance
#         unit: !astropy.units.Unit {unit: pc}
#         value: !astropy.table.SerializedColumn {name: SkyCoord.distance}
#       frame: icrs
#       obstime: !astropy.time.Time {format: jyear_str, in_subfmt: '*', jd1: 367701545.0, jd2: 0.0, out_subfmt: '*', precision: 3, scale: tt}
#       pm_dec: !astropy.table.SerializedColumn
#         __class__: astropy.units.quantity.Quantity
#         unit: !astropy.units.Unit {unit: mas / yr}
#         value: !astropy.table.SerializedColumn {name: SkyCoord.pm_dec}
#       pm_ra_cosdec: !astropy.table.SerializedColumn
#         __class__: astropy.units.quantity.Quantity
#         unit: !astropy.units.Unit {unit: mas / yr}
#         value: !astropy.table.SerializedColumn {name: SkyCoord.pm_ra_cosdec}
#       ra: !astropy.table.SerializedColumn
#         __class__: astropy.coordinates.angles.Longitude
#         unit: *id001
#         value: !astropy.table.SerializedColumn {name: SkyCoord.ra}
#         wrap_angle: !astropy.coordinates.Angle
#           unit: *id001
#           value: 360.0
#       representation_type: spherical
# schema: astropy-2.0
RA_ICRS_1 DE_ICRS_1 e_RA_ICRS e_DE_ICRS _r_1 HIP TYC2 Source rgeo Plx e_Plx pmRA pmDE e_pmRA e_pmDE RUWE Teff logg Gmag BP-RP BPmag RPmag RV e_RV b_rgeo B_rgeo FG e_FG FBP e_FBP FRP e_FRP RAVE5 RAVE6 e_Gmag e_BPmag e_RPmag e_BP-RP SkyCoord.ra SkyCoord.dec SkyCoord.distance SkyCoord.pm_ra_cosdec SkyCoord.pm_dec rmRA rmDE e_rmRA e_rmDE rRV e_rRV v_pec v_pec3d e_vpec e_vpec3d
[from data line 882]
111.16103946831 -20.33187539976 0.024 0.0339 7.2805 "" "" 2930181690417966208 2821.81274 0.3462 0.0536 -1.096 -0.193 0.042 0.053 1.013 5367.2 4.4476 16.720028 1.039471 17.157663 16.118193 "" "" 2426.08643 3482.57153 3863.09889 1.6403 1872.2 5.2153 2830.6 5.8429 "" "" 0.002793621486477037 0.0041149184 0.0043939226 0.008508841 111.16103946831 -20.33187539976 2821.81274 -1.096 -0.19300000000000006 1.3378846206665038 -3.2628461532592774 0.27060047 0.28160048 "" "" 47.168127873675424 "" 13.209144505863282 ""
110.88806611575 -20.28589466731 0.0247 0.0352 10.5619 "" "" 2930227663751007104 2248.33569 0.4257 0.0482 -1.697 2.947 0.044 0.052 1.034 5350.1 4.6374 16.721626 1.26693 17.278511 16.011581 "" "" 2015.77246 2506.13574 3857.4132 2.4316 1675.0 7.5832 3122.7 7.0139 "" "" 0.0028390517724076257 0.0056521283 0.004497872 0.01015 110.88806611575 -20.28589466731 2248.33569 -1.697 2.946999999999999 0.7368846206665038 -0.12284615325927728 0.27260047 0.2806005 "" "" 7.961440685609428 "" 2.1720393275744043 ""
111.34801603945 -20.23173596516 0.0252 0.0363 15.6376 "" "" 2930196052790226816 3097.14941 0.3133 0.0565 -2.288 2.537 0.043 0.054 0.994 7418.6 4.4447 16.721642 0.938482 17.104376 16.165894 "" "" 2550.44849 3618.79614 3857.36023 1.627 1966.4 6.6088 2708.9 6.0117 "" "" 0.002793118521542117 0.0045935083 0.0044821273 0.009075636 111.34801603945 -20.23173596516 3097.14941 -2.288 2.537 0.1458846206665041 -0.5328461532592774 0.27160048 0.28260046 "" "" 8.110319986344026 "" 2.285872202992402 ""
111.32465471777 -20.33380413162 0.0246 0.0361 15.2555 "" "" 2930170901460005888 2385.94531 0.4112 0.0548 -5.219 3.717 0.041 0.052 1.021 5004.0 4.3859 16.721998 1.104811 17.189804 16.084993 "" "" 2094.52124 2778.99609 3856.09042 1.5446 1817.6 6.2487 2918.5 6.5757 "" "" 0.00278943195800028 0.004660217 0.004502002 0.009162219 111.32465471777 -20.33380413162 2385.94531 -5.219000000000001 3.7169999999999996 -2.7851153793334964 0.6471538467407227 0.26960048 0.2806005 "" "" 32.33706923647291 "" 8.736662897144427 ""
111.06374139033 -20.27011332129 0.0234 0.0323 1.5494 "" "" 2930186054104798080 2393.57056 0.397 0.0497 -2.71 3.115 0.041 0.047 0.998 6216.7 4.495 16.724106 1.014204 17.146914 16.13271 "" "" 2157.65454 2707.7417 3848.6123 1.4231 1890.8 5.7365 2793.0 6.4854 "" "" 0.002784415446079018 0.0043168957 0.0045430907 0.008859986 111.06374139033 -20.27011332129 2393.57056 -2.71 3.115000000000001 -0.27611537933349606 0.04515384674072287 0.26960048 0.27560046 "" "" 3.1742857907809032 "" 0.8562904180988581 ""
111.13329804441 -20.00480473188 0.0241 0.0352 14.8444 "" "" 2930261095777832960 3025.54834 0.3023 0.0556 -2.78 2.526 0.048 0.051 1.012 5623.5 4.6389 16.724838 1.102852 17.188543 16.085691 "" "" 2672.21411 3555.37988 3846.01921 1.398 1819.7 7.4931 2916.6 5.2689 "" "" 0.0027834409811263016 0.005270026 0.0042580324 0.009528059 111.13329804441 -20.00480473188 3025.54834 -2.78 2.526 -0.3461153793334959 -0.5438461532592775 0.27660048 0.27960047 "" "" 9.244888019313747 "" 2.5769105488147237 ""
110.85848339851 -20.44406683834 0.026 0.0347 16.8794 "" "" 2930177116266084992 3097.01343 0.3045 0.0493 -1.201 1.569 0.047 0.049 0.976 5784.2 4.5798 16.726805 1.065155 17.172731 16.107576 "" "" 2746.91553 3827.51172 3839.06132 1.7109 1846.4 7.8057 2858.4 7.5959 "" "" 0.002797483577251036 0.005371492 0.004754817 0.0101263095 110.85848339851 -20.44406683834 3097.01343 -1.201 1.569 1.2328846206665038 -1.5008461532592774 0.27560046 0.27760047 "" "" 28.512714654993662 "" 7.892216175655518 ""
111.02156277767 -20.47265997939 0.0259 0.0349 13.9292 "" "" 2930174440513351552 3083.51001 0.3293 0.0488 -2.138 1.463 0.044 0.049 1.0 6154.0 4.6011 16.729132 0.950304 17.116533 16.16623 "" "" 2663.7522 3621.34521 3830.8433 1.5875 1944.5 5.8755 2708.1 6.6696 "" "" 0.002791813959438602 0.004306713 0.00462968 0.008936393 111.02156277767 -20.47265997939 3083.51001 -2.137999999999999 1.463 0.295884620666504 -1.6068461532592773 0.27260047 0.27760047 "" "" 23.880249031511788 "" 6.625286594629069 ""
111.2247792639 -20.31316860857 0.0263 0.0383 9.59 "" "" 2930171515631354368 3102.48315 0.3069 0.0597 -1.806 1.107 0.045 0.063 1.091 4943.7 4.3965 16.729725 1.111174 17.191927 16.080753 "" "" 2686.02246 3689.78418 3828.74645 1.8487 1814.0 6.6549 2929.9 6.8349 "" "" 0.0028047499054267644 0.0048631956 0.0045496025 0.009412798 111.2247792639 -20.31316860857 3102.48315 -1.8060000000000018 1.107000000000001 0.6278846206665039 -1.9628461532592774 0.27360046 0.29160047 "" "" 30.30603456330548 "" 8.788041414558627 ""
110.90313609482 -20.33613859948 0.0253 0.0349 10.893 "" "" 2930180036844022656 3125.12134 0.3015 0.0476 -2.704 4.685 0.044 0.049 1.043 6357.4 4.4969 16.7316 0.994494 17.123405 16.128912 "" "" 2763.82666 3643.76245 3822.14393 1.6427 1932.2 7.3595 2802.8 12.016 "" "" 0.002794554671616786 0.004988669 0.0059958315 0.010984501 110.90313609482 -20.33613859948 3125.12134 -2.704 4.685 -0.2701153793334963 1.6151538467407223 0.27260047 0.27760047 "" "" 24.257668019345537 "" 6.730668932497272 ""
111.08640336043 -20.25977386008 0.0233 0.0311 1.2511 "" "" 2930186019745032448 2545.84155 0.3844 0.0479 -2.83 3.087 0.041 0.046 1.006 5863.5 4.674 16.733727 1.046587 17.171787 16.1252 "" "" 2223.87378 2841.79541 3814.66026 1.5535 1848.0 7.5392 2812.4 5.5048 "" "" 0.0027905725395221607 0.0052349665 0.0043358933 0.009570859 111.08640336043 -20.25977386008 2545.84155 -2.83 3.087 -0.39611537933349616 0.017153846740722845 0.26960048 0.27460048 "" "" 4.784518734433246 "" 1.2899537445572553 ""
111.2605790842 -20.35972943823 0.0254 0.0345 12.7114 "" "" 2930170386063971712 2755.99854 0.3483 0.0526 -0.946 1.437 0.042 0.055 1.016 5504.7 4.706 16.733883 1.075176 17.187107 16.11193 "" "" 2434.03833 3109.11182 3814.1159 1.66 1822.1 7.2766 2847.0 7.3138 "" "" 0.0027955470631804828 0.005156083 0.0046971664 0.009853249 111.2605790842 -20.35972943823 2755.99854 -0.9459999999999993 1.437 1.487884620666504 -1.6328461532592773 0.27060047 0.28360048 "" "" 28.858029064628205 "" 8.01613845650787 ""
110.80912347919 -20.43055510848 0.0258 0.0353 18.445 "" "" 2930177739048347648 2220.79565 0.428 0.0482 0.16 7.087 0.046 0.049 1.031 5048.1 4.5728 16.734037 1.130188 17.20892 16.078732 "" "" 2027.52722 2476.18237 3813.57062 1.6417 1785.9 10.973 2935.4 5.7405 "" "" 0.002794682406041221 0.007231017 0.004334978 0.0115659945 110.80912347919 -20.43055510848 2220.79565 0.15999999999999914 7.087000000000001 2.593884620666504 4.017153846740722 0.27460048 0.27760047 "" "" 50.33612546901109 "" 13.929067937908703 ""
110.7993375399 -20.39713835246 0.0252 0.0356 17.7812 "" "" 2930178048285987456 2964.98657 0.3247 0.0472 0.813 -2.727 0.044 0.05 1.019 5684.8 4.6021 16.737318 1.196634 17.257746 16.061111 "" "" 2572.41211 3450.33643 3802.06486 1.5124 1707.3 4.9564 2983.4 4.9696 "" "" 0.0027889634152719104 0.0042095017 0.0041898256 0.008399327 110.7993375399 -20.39713835246 2964.98657 0.813 -2.727 3.2468846206665036 -5.796846153259278 0.27260047 0.27860048 "" "" 93.37813647712986 "" 25.88250045820861 ""
110.83881199891 -20.11989061466 0.022 0.0337 15.0613 "" "" 2930238521427821440 3038.28027 0.3186 0.048 0.367 0.696 0.042 0.05 1.017 5465.4 4.6161 16.737364 1.058998 17.179626 16.120628 "" "" 2663.49316 4223.71143 3801.90782 1.3869 1834.7 5.0559 2824.3 4.7576 "" "" 0.002783641119912351 0.004091082 0.004198664 0.008289746 110.83881199891 -20.11989061466 3038.28027 0.367 0.6959999999999996 2.800884620666504 -2.3738461532592776 0.27060047 0.27860048 "" "" 52.87528674355204 "" 14.486409749072065 ""
110.8760207827 -20.0194581722 0.0225 0.0343 17.4201 "" "" 2930241785602868864 2172.51929 0.4216 0.0511 -10.493 3.283 0.041 0.051 1.031 5099.0 4.5355 16.737505 1.170143 17.245562 16.075418 "" "" 1922.29468 2469.16724 3801.41101 1.5102 1726.6 6.5584 2944.4 8.3277 "" "" 0.0027888776646423107 0.0049792924 0.0048696594 0.009848952 110.8760207827 -20.0194581722 2172.51929 -10.493000000000004 3.282999999999996 -8.059115379333496 0.21315384674072257 0.26960048 0.27960047 "" "" 83.01970888213908 "" 22.382744533649632 ""
111.26818864958 -20.20938457737 0.0246 0.0364 11.3284 "" "" 2930207700741593600 2491.50366 0.4032 0.0586 0.008 -1.396 0.043 0.053 1.017 5377.1 4.6913 16.739212 1.242758 17.286867 16.04411 "" "" 2218.65918 2834.23486 3795.43631 1.4794 1662.1 6.5581 3030.5 7.2559 "" "" 0.0027876315679622 0.0051124697 0.0045871 0.00969957 111.26818864958 -20.20938457737 2491.50366 0.008000000000000035 -1.396 2.441884620666504 -4.465846153259277 0.27160048 0.28160048 "" "" 60.10975158298806 "" 16.79048945362368 ""
111.26252961078 -20.01795995829 0.0249 0.0357 17.3965 "" "" 2930215534761839104 2817.15161 0.3493 0.058 -2.82 3.135 0.047 0.048 0.986 5332.7 4.6956 16.741287 1.042076 17.180943 16.138866 "" "" 2376.68896 3799.16357 3788.19188 1.4358 1832.5 5.314 2777.2 5.2637 "" "" 0.002785881270901486 0.004206901 0.004303297 0.008510198 111.26252961078 -20.01795995829 2817.15161 -2.8200000000000003 3.135 -0.38611537933349593 0.06515384674072244 0.27560046 0.27660048 "" "" 5.228803065101416 "" 1.4412055663941463 ""
111.29398120163 -20.13940820574 0.0262 0.0387 14.087 "" "" 2930209178210282368 3039.93481 0.3201 0.0601 -0.41 4.389 0.047 0.057 1.004 7050.7 4.4976 16.745222 0.91501 17.11267 16.19766 "" "" 2585.65479 3659.875 3774.48908 1.5702 1951.4 7.9496 2630.8 7.3429 "" "" 0.0027920951010767204 0.005229584 0.004844298 0.010073882 111.29398120163 -20.13940820574 3039.93481 -0.4099999999999992 4.389 2.0238846206665038 1.319153846740723 0.27560046 0.28560048 "" "" 34.81052046419547 "" 9.698895530813878 ""
110.92517518962 -20.40380543783 0.0264 0.0356 12.5548 "" "" 2930178731173848704 2650.28418 0.3542 0.0518 -1.948 1.45 0.048 0.051 0.979 5402.5 4.6472 16.749126 1.105526 17.217077 16.111551 "" "" 2343.68994 3043.40088 3760.93501 1.5623 1772.5 6.608 2848.0 8.9792 "" "" 0.002791989563196413 0.004916188 0.005099164 0.010015352 110.92517518962 -20.40380543783 2650.28418 -1.948 1.45 0.48588462066650395 -1.6198461532592774 0.27660048 0.27960047 "" "" 21.244802389005425 "" 5.934821594282684 ""
111.36256920411 -20.30892082119 0.0544 0.0847 16.8724 "" "" 2930194197364384640 2254.69702 0.4706 0.1224 -2.056 2.786 0.089 0.126 2.179 8348.6 4.4687 16.752258 0.924454 17.091059 16.166605 "" "" 1757.70337 3200.70605 3750.10664 3.3538 1990.6 6.311 2707.2 6.5726 "" "" 0.0029214079457792743 0.004431018 0.004607829 0.009038847 111.36256920411 -20.30892082119 2254.69702 -2.056 2.786 0.37788462066650386 -0.2838461532592773 0.3176005 0.3546005 "" "" 5.050966722816393 "" 1.6740071071554292 ""
111.23499062745 -20.02507133279 0.0248 0.0357 16.126 "" "" 2930215191164488448 3219.36084 0.3092 0.0576 -3.08 0.829 0.047 0.049 0.979 5504.2 4.6637 16.757986 0.982887 17.165428 16.18254 "" "" 2639.42773 4061.94531 3730.37119 1.3813 1858.9 7.2524 2667.7 6.545 "" "" 0.0027844961609197146 0.005072302 0.004623787 0.009696089 111.23499062745 -20.02507133279 3219.36084 -3.08 0.829 -0.6461153793334962 -2.2408461532592776 0.27560046 0.27760047 "" "" 35.587854112019606 "" 9.873759931369023 ""
110.89415453361 -20.06020671288 0.0231 0.0337 14.8949 "" "" 2930240651731509504 2940.72559 0.3333 0.0512 -1.309 2.737 0.045 0.051 1.034 5168.1 4.4805 16.75921 1.314405 17.344446 16.03004 "" "" 2635.25269 3355.4751 3726.16979 1.4167 1576.3 5.6102 3070.0 6.9297 "" "" 0.0027860712753969116 0.004766275 0.0045044357 0.009270711 110.89415453361 -20.06020671288 2940.72559 -1.309 2.7369999999999997 1.124884620666504 -0.33284615325927724 0.27360046 0.27960047 "" "" 16.35181785335784 "" 4.481842759031682 ""
110.99726323254 -20.15447904732 0.0247 0.0351 6.8282 "" "" 2930235978807508480 2437.18262 0.3885 0.051 -1.151 2.575 0.045 0.05 0.988 5328.7 4.6724 16.7595 1.120043 17.240978 16.120935 "" "" 2146.6709 2702.41187 3725.1757 1.4758 1733.9 8.001 2823.5 5.7371 "" "" 0.0027886924827923557 0.005734626 0.0043761497 0.010110776 110.99726323254 -20.15447904732 2437.18262 -1.1509999999999998 2.575 1.2828846206665039 -0.49484615325927717 0.27360046 0.27860048 "" "" 15.884508552558488 "" 4.356377052715656 ""
110.81047125214 -20.37172023632 0.0259 0.0364 16.4918 "" "" 2930178525015469952 2460.87378 0.3985 0.0491 -2.09 3.386 0.045 0.052 1.015 7447.4 4.3949 16.76018 1.000061 17.174974 16.174913 "" "" 2196.62134 3057.16821 3722.84327 1.5575 1842.6 6.6914 2686.5 5.9544 "" "" 0.0027925106984091103 0.004830229 0.0044804793 0.009310708 110.81047125214 -20.37172023632 2460.87378 -2.0900000000000007 3.386 0.34388462066650405 0.3161538467407228 0.27360046 0.2806005 "" "" 5.4488505084166485 "" 1.5083990989459906 ""
110.94874480315 -20.50169188834 0.0267 0.0353 16.8521 "" "" 2930172963044658176 2275.92676 0.4315 0.0498 -4.663 -1.894 0.044 0.048 0.989 5411.2 4.684 16.761854 1.090727 17.22269 16.131964 "" "" 2057.02148 2508.79248 3717.10853 1.6762 1763.4 6.9992 2794.9 6.6879 "" "" 0.002798481986405049 0.005133849 0.0045862403 0.009720089 110.94874480315 -20.50169188834 2275.92676 -4.663000000000001 -1.8940000000000001 -2.2291153793334963 -4.9638461532592775 0.27260047 0.27660048 "" "" 58.70113111901943 "" 16.197593604312438 ""
111.17467187301 -20.52060370029 0.0276 0.0375 17.5355 "" "" 2930158836887251584 2772.71997 0.3387 0.0532 -1.229 2.907 0.05 0.057 1.005 5608.1 4.6482 16.762272 1.064939 17.198246 16.133307 "" "" 2454.04443 3188.86279 3715.67641 1.7217 1803.5 8.3071 2791.5 7.6839 "" "" 0.0028008725181798136 0.005726704 0.004818245 0.010544948 111.17467187301 -20.52060370029 2772.71997 -1.2289999999999996 2.9069999999999996 1.2048846206665038 -0.16284615325927732 0.27860048 0.28560048 "" "" 15.979405566874616 "" 4.453901473451796 ""
110.8952772782 -20.09793716301 0.022 0.0331 13.2468 "" "" 2930238865025137920 2286.27637 0.4371 0.0494 -2.047 2.362 0.042 0.051 1.009 6022.5 4.4949 16.762661 1.030903 17.184097 16.153194 "" "" 2034.56384 2585.86353 3714.34373 1.3688 1827.2 5.686 2740.8 5.3607 "" "" 0.002784219729437281 0.0043818285 0.004335126 0.008716954 110.8952772782 -20.09793716301 2286.27637 -2.047 2.362 0.38688462066650375 -0.7078461532592772 0.27060047 0.27960047 "" "" 8.741905575071842 "" 2.426369555722174 ""
111.08414781609 -20.07053120487 0.0237 0.0347 10.5022 "" "" 2930260374223360000 2266.27295 0.4238 0.0559 -2.148 3.041 0.047 0.053 0.992 5926.7 4.5402 16.766502 0.982952 17.172327 16.189375 "" "" 1992.47473 2557.83325 3701.22602 1.4476 1847.1 5.5247 2651.0 5.6256 "" "" 0.0027878511117762302 0.00428147 0.004426304 0.008707774 111.08414781609 -20.07053120487 2266.27295 -2.148 3.041000000000001 0.2858846206665038 -0.02884615325927742 0.27560046 0.28160048 "" "" 3.0866043695555083 "" 0.8508582546872123 ""
111.07755979836 -20.27731294009 0.024 0.0324 1.9717 "" "" 2930185985385312256 3077.94604 0.3212 0.049 0.915 5.114 0.042 0.047 1.017 "" "" 16.767887 1.300901 17.346725 16.045824 "" "" 2758.96191 3664.8269 3696.51194 1.4409 1573.0 5.7313 3025.7 5.9321 "" "" 0.0027876341991272396 0.0048409128 0.0043376186 0.009178531 111.07755979836 -20.27731294009 3077.94604 0.9150000000000003 5.114 3.348884620666504 2.0441538467407225 0.27060047 0.27560046 "" "" 57.24128117658845 "" 15.567727948064192 ""
110.82936145261 -20.39115330224 0.0261 0.036 16.1568 "" "" 2930178250137532032 2847.28882 0.333 0.048 -2.049 1.89 0.047 0.051 0.982 "" "" 16.769508 1.229275 17.301521 16.072247 "" "" 2449.23413 3437.99561 3690.99275 1.6117 1639.9 7.8343 2953.0 7.3493 "" "" 0.0027958103347063513 0.0058897273 0.0046459935 0.010535721 110.82936145261 -20.39115330224 2847.28882 -2.0489999999999986 1.8900000000000006 0.384884620666504 -1.1798461532592774 0.27560046 0.27960047 "" "" 16.74922180405658 "" 4.676688152403706 ""
