Clusters/LP_0733/LP_0733_stars_in_region.tsv
# %ECSV 1.0
# ---
# datatype:
# - name: RA_ICRS_1
#   unit: deg
#   datatype: float64
#   format: '{:15.11f}'
#   description: Right ascension (ICRS) at Ep=2016.0 (ra)
#   meta: !!omap
#   - {ucd: POS_EQ_RA_MAIN}
#   - {width: 15}
#   - {precision: '11'}
# - name: DE_ICRS_1
#   unit: deg
#   datatype: float64
#   format: '{:15.11f}'
#   description: Declination (ICRS) at Ep=2016.0 (dec)
#   meta: !!omap
#   - {ucd: POS_EQ_DEC_MAIN}
#   - {width: 15}
#   - {precision: '11'}
# - name: e_RA_ICRS
#   unit: mas
#   datatype: float64
#   format: '{:7.4f}'
#   description: Standard error of right ascension (ra_error)
#   meta: !!omap
#   - {ucd: ERROR}
#   - {width: 7}
#   - {precision: '4'}
# - name: e_DE_ICRS
#   unit: mas
#   datatype: float64
#   format: '{:7.4f}'
#   description: Standard error of declination (dec_error)
#   meta: !!omap
#   - {ucd: ERROR}
#   - {width: 7}
#   - {precision: '4'}
# - name: _r_1
#   unit: ''
#   datatype: float64
#   format: '{:7.4f}'
#   description: Distance from center (111.07060622000-20.24510607000)[ICRS], at Epoch=J2016.0
#   meta: !!omap
#   - {ucd: POS_ANG_DIST_GENERAL}
#   - {width: 7}
#   - {precision: '4'}
# - name: HIP
#   datatype: int32
#   description: '? HIP cross-id number, van Leeuwen, Cat. I/311 (hip_original_ext_source_id)'
#   meta: !!omap
#   - {ucd: ID_NUMBER}
#   - {width: 6}
#   - values: {'null': -2147483648}
# - name: TYC2
#   datatype: string
#   description: Tycho-2 cross-id name, Hog et al., Cat. I/259 (tyc2_original_ext_source_id)
#   meta: !!omap
#   - {ucd: ID_CROSSID}
#   - {_votable_string_dtype: char}
# - name: Source
#   datatype: int64
#   description: Source identifier, identical to the Gaia-EDR3 source_id (id)
#   meta: !!omap
#   - {ucd: ID_MAIN}
#   - {width: 19}
# - name: rgeo
#   unit: pc
#   datatype: float64
#   format: '{:15.8f}'
#   description: '? Median of the geometric distance posterior (r_med_geo)'
#   meta: !!omap
#   - {ucd: PHYS_DISTANCE_TRUE}
#   - {width: 15}
#   - {precision: '8'}
#   - values: {'null': .nan}
# - name: Plx
#   unit: mas
#   datatype: float64
#   format: '{:9.4f}'
#   description: '? Parallax (parallax)'
#   meta: !!omap
#   - {ucd: POS_PARLX_TRIG}
#   - {width: 9}
#   - {precision: '4'}
#   - values: {'null': .nan}
# - name: e_Plx
#   unit: mas
#   datatype: float32
#   format: '{:7.4f}'
#   description: '? Standard error of parallax (parallax_error)'
#   meta: !!omap
#   - {ucd: ERROR}
#   - {width: 7}
#   - {precision: '4'}
#   - values: {'null': .nan}
# - name: pmRA
#   unit: mas / yr
#   datatype: float64
#   format: '{:9.3f}'
#   description: '? Proper motion in right ascension direction, pmRA*cosDE (pmra)'
#   meta: !!omap
#   - {ucd: POS_EQ_PMRA}
#   - {width: 9}
#   - {precision: '3'}
#   - values: {'null': .nan}
# - name: pmDE
#   unit: mas / yr
#   datatype: float64
#   format: '{:9.3f}'
#   description: '? Proper motion in declination direction (pmdec)'
#   meta: !!omap
#   - {ucd: POS_EQ_PMDEC}
#   - {width: 9}
#   - {precision: '3'}
#   - values: {'null': .nan}
# - name: e_pmRA
#   unit: mas / yr
#   datatype: float32
#   format: '{:6.3f}'
#   description: '? Standard error of proper motion in right ascension direction (pmra_error)'
#   meta: !!omap
#   - {ucd: ERROR}
#   - {width: 6}
#   - {precision: '3'}
#   - values: {'null': .nan}
# - name: e_pmDE
[...]
#         value: !astropy.table.SerializedColumn {name: SkyCoord.dec}
#       distance: !astropy.table.SerializedColumn
#         __class__: astropy.coordinates.distances.Distance
#         unit: !astropy.units.Unit {unit: pc}
#         value: !astropy.table.SerializedColumn {name: SkyCoord.distance}
#       frame: icrs
#       obstime: !astropy.time.Time {format: jyear_str, in_subfmt: '*', jd1: 367701545.0, jd2: 0.0, out_subfmt: '*', precision: 3, scale: tt}
#       pm_dec: !astropy.table.SerializedColumn
#         __class__: astropy.units.quantity.Quantity
#         unit: !astropy.units.Unit {unit: mas / yr}
#         value: !astropy.table.SerializedColumn {name: SkyCoord.pm_dec}
#       pm_ra_cosdec: !astropy.table.SerializedColumn
#         __class__: astropy.units.quantity.Quantity
#         unit: !astropy.units.Unit {unit: mas / yr}
#         value: !astropy.table.SerializedColumn {name: SkyCoord.pm_ra_cosdec}
#       ra: !astropy.table.SerializedColumn
#         __class__: astropy.coordinates.angles.Longitude
#         unit: *id001
#         value: !astropy.table.SerializedColumn {name: SkyCoord.ra}
#         wrap_angle: !astropy.coordinates.Angle
#           unit: *id001
#           value: 360.0
#       representation_type: spherical
# schema: astropy-2.0
RA_ICRS_1 DE_ICRS_1 e_RA_ICRS e_DE_ICRS _r_1 HIP TYC2 Source rgeo Plx e_Plx pmRA pmDE e_pmRA e_pmDE RUWE Teff logg Gmag BP-RP BPmag RPmag RV e_RV b_rgeo B_rgeo FG e_FG FBP e_FBP FRP e_FRP RAVE5 RAVE6 e_Gmag e_BPmag e_RPmag e_BP-RP SkyCoord.ra SkyCoord.dec SkyCoord.distance SkyCoord.pm_ra_cosdec SkyCoord.pm_dec rmRA rmDE e_rmRA e_rmDE rRV e_rRV v_pec v_pec3d e_vpec e_vpec3d
110.96743004579 -20.19276180914 0.008 0.0111 6.6037 "" 5974-3118-1 2930234329540080640 2499.21997 0.3826 0.0168 -1.763 2.327 0.015 0.017 0.992 7122.6 1.6464 7.593415 1.196892 8.093929 6.897037 55.69 0.5 2399.93408 2612.63013 17281470.79944 3477.0 7904000.0 3503.0 13815000.0 8617.1 "" "" 0.002763966167973376 0.002831359 0.0038395787 0.006670938 110.96743004579 -20.19276180914 2499.21997 -1.7630000000000001 2.327000000000003 0.670884620666504 -0.7428461532592774 0.24360047 0.24560048 -0.6129999999999995 1.073 11.857590251868878 11.873424762098585 2.901600214535479 2.898260082529357
111.27322867768 -20.36440943257 0.009 0.0119 13.4626 "" 5974-3871-1 2930170351704223232 2616.77612 0.3655 0.0184 -3.017 3.394 0.016 0.019 1.058 "" "" 8.471029 1.712704 9.282986 7.570282 49.57 0.15 2486.47754 2727.31982 7700787.52854 2279.2 2643800.0 2402.1 7431000.0 4723.9 "" "" 0.0027739956809927804 0.002959423 0.0038418889 0.006801312 111.27322867768 -20.36440943257 2616.77612 -3.0170000000000017 3.394 -0.583115379333496 0.3241538467407228 0.24460047 0.24760047 -6.732999999999997 0.72300005 8.275101828268136 10.668205063093163 2.029981768044146 1.639397474741035
111.03170175928 -20.549391325 0.0092 0.0115 18.3877 "" 5974-1700-1 2930160696618275840 2428.07446 0.3976 0.0172 -2.344 3.355 0.017 0.017 0.997 15773.9 3.6476 10.587031 0.177324 10.635695 10.458371 "" "" 2326.74683 2523.72559 1096817.50147 250.69 760570.0 358.09 519770.0 239.13 "" "" 0.002766472739276127 0.0028366102 0.0038122488 0.006648859 111.03170175928 -20.549391325 2428.07446 -2.344 3.3550000000000026 0.08988462066650404 0.28515384674072264 0.24560048 0.24560048 "" "" 3.441038847327356 "" 0.8451207818008247 ""
110.94524512184 -20.20290414916 0.0062 0.0087 7.4984 "" 5974-3485-1 2930234290872384512 2296.21484 0.4104 0.0137 -0.991 -0.026 0.011 0.013 1.188 "" "" 10.75423 1.684236 11.559605 9.875368 34.79 0.15 2212.0564 2393.03442 940275.16638 134.78 324770.0 112.24 889220.0 179.48 "" "" 0.002759711989020907 0.0028152876 0.0037857299 0.0066010174 110.94524512184 -20.20290414916 2296.21484 -0.9910000000000001 -0.026000000000000047 1.4428846206665038 -3.095846153259277 0.23960048 0.24160047 -21.512999999999998 0.72300005 37.17536035425248 42.951328110647836 8.968361307888738 7.770764998431678
111.149444987 -20.36532411401 0.0144 0.0191 8.4682 "" 5974-3381-1 2930181484266136192 2620.354 0.3549 0.029 -2.169 3.069 0.026 0.028 0.991 16704.1 3.4309 10.935593 0.116038 10.960695 10.844657 "" "" 2481.00659 2797.62769 795627.43766 351.61 563820.0 364.76 364160.0 259.24 "" "" 0.0027967863497028204 0.0028772259 0.003857607 0.006734833 111.149444987 -20.36532411401 2620.354 -2.1689999999999996 3.0689999999999986 0.26488462066650387 -0.0008461532592773935 0.25460047 0.25660047 "" "" 3.29001037898174 "" 0.8376382407308982 ""
111.0499932624 -20.21583909586 0.008 0.0107 2.1048 "" 5974-3560-1 2930188596725420288 3069.68774 0.3032 0.0168 -2.659 3.139 0.014 0.016 1.117 "" "" 10.945493 0.402701 11.081017 10.678316 "" "" 2935.13623 3264.99854 788405.28062 150.33 504670.0 148.48 424460.0 95.295 "" "" 0.0027630867324494285 0.002808396 0.0037872344 0.00659563 111.0499932624 -20.21583909586 3069.68774 -2.6589999999999985 3.139 -0.2251153793334959 0.06915384674072245 0.24260047 0.24460047 "" "" 3.426567542064659 "" 0.831880071242216 ""
111.29038538267 -20.33695978762 0.0089 0.0123 13.5407 "" "" 2930170832740541312 2558.52686 0.3788 0.0188 -1.591 2.718 0.015 0.019 1.428 "" "" 11.169871 1.735261 12.007769 10.272508 41.75 0.17 2455.72363 2688.31274 641207.02003 152.58 214940.0 91.205 616820.0 181.8 "" "" 0.0027674065098555497 0.0028279498 0.0037929055 0.006620855 111.29038538267 -20.33695978762 2558.52686 -1.591 2.718 0.8428846206665039 -0.35184615325927737 0.24360047 0.24760047 -14.552999999999997 0.74300003 11.076855285521956 18.288972962317914 2.704947880428793 1.7416893079576197
111.08451729342 -20.18036660591 0.014 0.0178 3.9626 "" 5974-1356-1 2930188768512349056 2503.53589 0.3662 0.0281 -2.519 3.611 0.026 0.027 1.658 17507.7 3.4717 11.180207 0.267239 11.262688 10.995449 "" "" 2326.71802 2771.57837 635131.66143 220.23 426920.0 188.51 316940.0 60.452 "" "" 0.002780921320212873 0.0028310576 0.0037850514 0.006616109 111.08451729342 -20.18036660591 2503.53589 -2.519000000000002 3.611 -0.08511537933349622 0.5411538467407229 0.25460047 0.25560048 "" "" 6.500689975402685 "" 1.6614228540636709 ""
110.86323077259 -20.16932283213 0.0159 0.0221 12.5308 "" 5974-652-1 2930235257253046272 2479.17725 0.3571 0.0323 -2.177 3.15 0.03 0.032 2.212 15732.7 3.4435 11.444418 0.228973 11.501845 11.272872 "" "" 2297.1377 2710.39868 497942.94467 344.78 342510.0 338.55 245480.0 242.3 "" "" 0.0028560378534545124 0.0029894433 0.0039283847 0.0069178278 110.86323077259 -20.16932283213 2479.17725 -2.177 3.1499999999999995 0.25688462066650386 0.08015384674072257 0.25860047 0.26060048 "" "" 3.1622647755666815 "" 0.8183262606878559 ""
110.89804123186 -20.14569892351 0.0111 0.0157 11.4018 "" "" 2930235635210154368 2534.30371 0.3453 0.0233 -2.608 3.023 0.02 0.024 1.376 15016.1 3.4196 11.491236 0.28803 11.581049 11.293019 "" "" 2385.81104 2706.59302 476927.45993 136.78 318420.0 114.41 240960.0 61.027 "" "" 0.002772859287342956 0.00281731 0.0037893723 0.006606682 110.89804123186 -20.14569892351 2534.30371 -2.608 3.0230000000000006 -0.1741153793334962 -0.04684615325927721 0.24860047 0.25260046 "" "" 2.1659595625276866 "" 0.5390477751387426 ""
110.95809522431 -20.5417293742 0.084 0.098 18.8888 "" "" 2930172275849901056 3065.90601 0.4871 0.1401 -4.358 0.128 0.149 0.133 10.201 7192.2 3.9892 11.674146 0.542938 11.874053 11.331115 17.32 1.35 1909.43127 4905.63379 402984.44124 168.29 243110.0 122.44 232650.0 85.683 "" "" 0.0027923776777078854 0.0028432482 0.0038004764 0.0066437246 110.95809522431 -20.5417293742 3065.90601 -4.358 0.12799999999999956 -1.9241153793334957 -2.9418461532592772 0.3776005 0.36160046 -38.983 1.9230001 51.0843717894116 64.25953104496509 18.720765934988943 14.928091726525192
111.20872948933 -20.16270769697 0.0111 0.0155 9.2158 "" 5974-1836-1 2930208868972724352 2582.26562 0.3428 0.0253 -1.86 1.43 0.02 0.023 1.628 15031.9 3.4537 11.752323 0.304743 11.846478 11.541736 "" "" 2412.8833 2763.68823 374988.0718 128.43 249360.0 113.58 191630.0 87.895 "" "" 0.0027802995054556938 0.0028336577 0.0038120502 0.006645708 111.20872948933 -20.16270769697 2582.26562 -1.86 1.43 0.5738846206665038 -1.6398461532592774 0.24860047 0.25160047 "" "" 21.265248102623094 "" 5.343422720815605 ""
110.9983868293 -19.97901023 0.0139 0.02 16.4761 "" 5974-3692-1 2930264875348951936 2617.18311 0.3333 0.0311 -2.238 3.136 0.026 0.03 1.866 15644.0 3.598 11.765011 0.133733 11.796405 11.662672 "" "" 2453.51221 2864.10474 370631.67333 127.0 261130.0 89.624 171430.0 38.285 "" "" 0.002780323815343221 0.0028149441 0.0037871522 0.0066020964 110.9983868293 -19.97901023 2617.18311 -2.2379999999999995 3.136 0.19588462066650392 0.06615384674072278 0.25460047 0.25860047 "" "" 2.5648729697115797 "" 0.6540755863007129 ""
111.25295286975 -20.18099119535 0.0133 0.0199 10.964 "" 5974-2566-1 2930208555428344704 2303.61963 0.3765 0.0292 -1.87 1.468 0.024 0.031 1.577 13610.2 3.7953 11.812489 0.119654 11.84128 11.721626 "" "" 2146.73389 2460.12744 354773.71092 170.59 250560.0 151.36 162370.0 69.317 "" "" 0.002804343701799772 0.0028662214 0.0038076986 0.00667392 111.25295286975 -20.18099119535 2303.61963 -1.869999999999999 1.4679999999999995 0.5638846206665038 -1.6018461532592774 0.25260046 0.25960046 "" "" 18.542892319439282 "" 4.799604264135049 ""
111.11763128164 -20.25265090064 0.0108 0.0144 2.6856 "" 5974-366-1 2930184572330973696 2758.78101 0.3132 0.0225 -2.157 3.11 0.018 0.022 1.436 17506.2 3.7401 12.002519 0.20103 12.045179 11.84415 "" "" 2594.05249 2915.21387 297810.08594 106.57 207660.0 216.21 145040.0 181.56 "" "" 0.002782578247042259 0.0030104718 0.0040163323 0.007026804 111.11763128164 -20.25265090064 2758.78101 -2.1570000000000005 3.1099999999999994 0.2768846206665039 0.04015384674072253 0.24660048 0.25060046 "" "" 3.6585907643921693 "" 0.9025140600110896 ""
111.16185786735 -20.23681852255 0.0057 0.0077 5.161 "" "" 2930185019007569664 2856.78149 0.3484 0.0127 -0.807 2.573 0.011 0.012 1.24 "" "" 12.191324 1.75038 13.040359 11.289979 50.03 0.3 2768.74268 2948.37793 250274.74911 31.411 83037.0 41.34 241640.0 56.423 "" "" 0.0027586877235669586 0.0028420459 0.0037878754 0.0066299215 111.16185786735 -20.23681852255 2856.78149 -0.8069999999999999 2.573 1.626884620666504 -0.4968461532592774 0.23960048 0.24060047 -6.272999999999996 0.873 23.034316950846932 23.873212737125982 5.521002188473536 5.3319330119513095
111.24223538594 -20.33196433943 0.0078 0.0107 10.9751 "" 5974-3539-1 2930171245057432448 2746.04443 0.3287 0.0164 -2.171 3.089 0.013 0.017 1.092 15645.7 3.6409 12.199232 0.2814 12.290221 12.008821 "" "" 2604.10449 2933.21411 248458.63216 58.105 165700.0 101.95 124630.0 71.354 "" "" 0.002766994914325603 0.002869024 0.0038301605 0.0066991844 111.24223538594 -20.33196433943 2746.04443 -2.171 3.0889999999999995 0.2628846206665041 0.019153846740722624 0.24160047 0.24560048 "" "" 3.4308425233658126 "" 0.8289662261508273 ""
110.77546184543 -20.2256750669 0.0071 0.0101 16.6565 "" "" 2930231649480562048 2275.94434 0.4329 0.0144 -1.322 2.219 0.013 0.014 1.382 "" "" 12.254244 1.37086 12.872159 11.501299 62.96 0.39 2188.39453 2359.20093 236183.23415 30.332 96951.0 30.854 198900.0 37.981 "" "" 0.002758846121903584 0.002811483 0.0037850642 0.0065965476 110.77546184543 -20.2256750669 2275.94434 -1.3219999999999992 2.2189999999999994 1.1118846206665038 -0.8508461532592775 0.24160047 0.24260047 6.657000000000004 0.963 15.104039617305995 16.50598866354721 3.654728466277319 3.3667879683018813
111.09270533411 -20.30047676005 0.0082 0.0108 3.5474 "" 5974-2798-1 2930182961728334848 2633.67847 0.3426 0.0171 -2.108 3.105 0.014 0.016 0.996 15578.0 3.9936 12.274157 0.178588 12.321532 12.142944 "" "" 2490.34033 2766.94458 231891.16502 40.484 160990.0 130.01 110150.0 92.956 "" "" 0.0027618324650460317 0.0029246935 0.0038888627 0.006813556 111.09270533411 -20.30047676005 2633.67847 -2.1079999999999997 3.104999999999997 0.3258846206665038 0.03515384674072264 0.24260047 0.24460047 "" "" 4.091826216055704 "" 0.9927734828219977 ""
111.14534823925 -20.32349822095 0.008 0.0107 6.3101 "" "" 2930181892271389312 2701.36377 0.3297 0.0171 -2.134 3.086 0.014 0.016 0.998 14162.7 3.7963 12.324828 0.161596 12.374503 12.212907 "" "" 2587.03296 2835.59888 221317.30762 37.279 153330.0 66.097 103280.0 35.155 "" "" 0.0027613829093933143 0.0028291529 0.003797408 0.006626561 111.14534823925 -20.32349822095 2701.36377 -2.134 3.0859999999999994 0.299884620666504 0.01615384674072251 0.24260047 0.24460047 "" "" 3.845428823463029 "" 0.9329251859612188 ""
111.07302424178 -20.24866938976 0.0107 0.0142 0.2535 "" "" 2930186088471081984 2973.95581 0.3107 0.022 -2.7 3.142 0.02 0.021 1.03 13740.2 3.6434 12.374476 0.288988 12.471459 12.182471 "" "" 2805.82373 3173.37329 211424.92145 49.553 140230.0 74.991 106210.0 44.967 "" "" 0.002767046229478856 0.0028499418 0.0038072339 0.0066571757 111.07302424178 -20.24866938976 2973.95581 -2.7 3.142 -0.26611537933349627 0.07215384674072256 0.24860047 0.24960047 "" "" 3.8867534292162023 "" 0.9665153898717385 ""
111.0547498513 -20.20133128648 0.0058 0.008 2.7741 "" 5974-3081-1 2930188626780093056 2699.75952 0.3369 0.0125 -2.671 3.149 0.01 0.012 0.951 15002.8 3.6565 12.418637 0.425757 12.568274 12.142517 "" "" 2600.30493 2797.98608 202998.12302 28.373 128260.0 38.886 110190.0 24.846 "" "" 0.002759496041595799 0.0028095203 0.0037873026 0.006596823 111.0547498513 -20.20133128648 2699.75952 -2.6710000000000003 3.149000000000001 -0.2371153793334959 0.07915384674072268 0.23860048 0.24060047 "" "" 3.1989343727496897 "" 0.7639111512798987 ""
111.10087478114 -20.01438990421 0.0051 0.0075 13.9476 "" "" 2930261714252931200 2168.77612 0.4543 0.0119 0.038 1.243 0.01 0.011 1.025 5019.1 2.2966 12.462945 1.430714 13.114287 11.683574 40.3 0.42 2107.58521 2232.13135 194880.7425 19.536 77571.0 28.771 168160.0 33.38 "" "" 0.002757469072468543 0.0028190804 0.003785522 0.0066046026 111.10087478114 -20.01438990421 2168.77612 0.03800000000000006 1.2429999999999992 2.4718846206665037 -1.8268461532592772 0.23860048 0.23960048 -16.003 0.99300003 31.597546644910928 35.41893509095554 7.550366711361932 6.750674877457638
111.01244051804 -20.41335311905 0.008 0.01 10.612 "" "" 2930175952341823360 2680.69556 0.3314 0.0147 -2.701 3.114 0.015 0.014 0.952 13359.5 3.667 12.50289 0.223928 12.575315 12.351388 "" "" 2576.19409 2793.7915 187841.1656 33.889 127440.0 58.337 90908.0 41.151 "" "" 0.0027622742020361113 0.0028340896 0.003811204 0.006645294 111.01244051804 -20.41335311905 2680.69556 -2.7010000000000005 3.113999999999999 -0.26711537933349616 0.044153846740722535 0.24360047 0.24260047 "" "" 3.4401579348423446 "" 0.8379327843609868 ""
111.18007807482 -20.23748286608 0.0054 0.0074 6.1796 "" "" 2930184851513831424 2709.53223 0.3387 0.0119 -1.313 0.914 0.01 0.011 0.916 8410.0 3.1609 12.509274 0.541422 12.704486 12.163064 "" "" 2622.66748 2781.23315 186739.91112 24.165 113140.0 37.938 108130.0 27.565 "" "" 0.0027589000415612626 0.002813822 0.0037895031 0.006603325 111.18007807482 -20.23748286608 2709.53223 -1.313 0.914 1.120884620666504 -2.155846153259277 0.23860048 0.23960048 "" "" 31.206700948223542 "" 7.470510636359754 ""
111.29237430433 -20.42288314906 0.0061 0.0087 16.4149 "" "" 2930166915730804736 2279.94116 0.4092 0.0138 -1.499 2.704 0.011 0.014 0.942 7159.4 3.4683 12.693281 0.406547 12.834245 12.427698 "" "" 2215.302 2351.63745 157628.27122 24.107 100400.0 40.559 84738.0 22.54 "" "" 0.002760319058647864 0.0028244338 0.0037904002 0.006614834 111.29237430433 -20.42288314906 2279.94116 -1.499000000000001 2.7040000000000006 0.9348846206665038 -0.36584615325927716 0.23960048 0.24260047 "" "" 10.849269672032458 "" 2.6038359987184334 ""
110.79508198398 -20.38612884783 0.0057 0.0079 17.6618 "" "" 2930178490655456128 2267.47583 0.4292 0.0111 -1.778 -0.009 0.01 0.011 0.998 "" "" 12.714922 1.508101 13.40413 11.896029 34.6 0.68 2209.61841 2327.43311 154517.57486 19.88 59397.0 33.458 138280.0 132.84 "" "" 0.002758858907895316 0.002856412 0.003920666 0.006777078 110.79508198398 -20.38612884783 2267.47583 -1.7779999999999998 -0.009000000000000218 0.6558846206665039 -3.0788461532592772 0.23860048 0.23960048 -21.702999999999996 1.253 33.8334591816674 40.19605912521219 8.105047217185291 6.8555690142262895
111.0651480708 -20.20686507083 0.006 0.0079 2.3149 "" 5974-3662-1 2930188631085137024 2711.31641 0.3446 0.0125 -2.636 3.123 0.01 0.011 0.973 6991.8 3.3357 12.729325 0.473461 12.898 12.424539 "" "" 2622.06641 2790.44775 152481.33789 22.434 94671.0 32.765 84985.0 25.126 "" "" 0.00275994680150263 0.0028153593 0.0037929893 0.0066083483 111.0651480708 -20.20686507083 2711.31641 -2.636 3.123 -0.20211537933349621 0.053153846740722877 0.23860048 0.23960048 "" "" 2.685837690778933 "" 0.6410162392714043 ""
111.18894662811 -20.03271440037 0.0053 0.0076 14.3818 "" "" 2930213851134738048 3015.81934 0.3241 0.0128 -1.742 4.819 0.01 0.012 0.999 "" "" 12.72987 1.608876 13.488442 11.879566 96.75 0.56 2902.58472 3152.75513 152404.8875 17.874 54959.0 22.909 140390.0 30.134 "" "" 0.0027582609666217135 0.0028266364 0.0037865601 0.006613197 111.18894662811 -20.03271440037 3015.81934 -1.742 4.819 0.6918846206665039 1.7491538467407226 0.23860048 0.24060047 40.447 1.133 26.88917780088886 48.56941107124745 6.462299039384455 3.700006468026969
111.09205806657 -20.20156627549 0.007 0.0091 2.8781 "" "" 2930188012609821184 2514.84766 0.3684 0.0144 -2.74 3.142 0.012 0.014 1.041 "" "" 12.758583 0.400112 12.897872 12.49776 "" "" 2432.85938 2629.32715 148427.18984 24.493 94682.0 36.52 79443.0 23.895 "" "" 0.0027611391578240157 0.0028214226 0.0037934647 0.006614887 111.09205806657 -20.20156627549 2514.84766 -2.74 3.1419999999999995 -0.3061153793334963 0.07215384674072256 0.24060047 0.24260047 "" "" 3.7490072358023094 "" 0.9024090953448177 ""
