Clusters/LP_0733/LP_0733_members.tsv
# %ECSV 1.0
# ---
# datatype:
# - name: RA_ICRS_1
#   unit: deg
#   datatype: float64
#   format: '{:15.11f}'
#   description: Right ascension (ICRS) at Ep=2016.0 (ra)
#   meta: !!omap
#   - {ucd: POS_EQ_RA_MAIN}
#   - {width: 15}
#   - {precision: '11'}
# - name: DE_ICRS_1
#   unit: deg
#   datatype: float64
#   format: '{:15.11f}'
#   description: Declination (ICRS) at Ep=2016.0 (dec)
#   meta: !!omap
#   - {ucd: POS_EQ_DEC_MAIN}
#   - {width: 15}
#   - {precision: '11'}
# - name: e_RA_ICRS
#   unit: mas
#   datatype: float64
#   format: '{:7.4f}'
#   description: Standard error of right ascension (ra_error)
#   meta: !!omap
#   - {ucd: ERROR}
#   - {width: 7}
#   - {precision: '4'}
# - name: e_DE_ICRS
#   unit: mas
#   datatype: float64
#   format: '{:7.4f}'
#   description: Standard error of declination (dec_error)
#   meta: !!omap
#   - {ucd: ERROR}
#   - {width: 7}
#   - {precision: '4'}
# - name: _r_1
#   unit: ''
#   datatype: float64
#   format: '{:7.4f}'
#   description: Distance from center (111.07060622000-20.24510607000)[ICRS], at Epoch=J2016.0
#   meta: !!omap
#   - {ucd: POS_ANG_DIST_GENERAL}
#   - {width: 7}
#   - {precision: '4'}
# - name: HIP
#   datatype: int32
#   description: '? HIP cross-id number, van Leeuwen, Cat. I/311 (hip_original_ext_source_id)'
#   meta: !!omap
#   - {ucd: ID_NUMBER}
#   - {width: 6}
#   - values: {'null': -2147483648}
# - name: TYC2
#   datatype: string
#   description: Tycho-2 cross-id name, Hog et al., Cat. I/259 (tyc2_original_ext_source_id)
#   meta: !!omap
#   - {ucd: ID_CROSSID}
#   - {_votable_string_dtype: char}
# - name: Source
#   datatype: int64
#   description: Source identifier, identical to the Gaia-EDR3 source_id (id)
#   meta: !!omap
#   - {ucd: ID_MAIN}
#   - {width: 19}
# - name: rgeo
#   unit: pc
#   datatype: float64
#   format: '{:15.8f}'
#   description: '? Median of the geometric distance posterior (r_med_geo)'
#   meta: !!omap
#   - {ucd: PHYS_DISTANCE_TRUE}
#   - {width: 15}
#   - {precision: '8'}
#   - values: {'null': .nan}
# - name: Plx
#   unit: mas
#   datatype: float64
#   format: '{:9.4f}'
#   description: '? Parallax (parallax)'
#   meta: !!omap
#   - {ucd: POS_PARLX_TRIG}
#   - {width: 9}
#   - {precision: '4'}
#   - values: {'null': .nan}
# - name: e_Plx
#   unit: mas
#   datatype: float32
#   format: '{:7.4f}'
#   description: '? Standard error of parallax (parallax_error)'
#   meta: !!omap
#   - {ucd: ERROR}
#   - {width: 7}
#   - {precision: '4'}
#   - values: {'null': .nan}
# - name: pmRA
#   unit: mas / yr
#   datatype: float64
#   format: '{:9.3f}'
#   description: '? Proper motion in right ascension direction, pmRA*cosDE (pmra)'
#   meta: !!omap
#   - {ucd: POS_EQ_PMRA}
#   - {width: 9}
#   - {precision: '3'}
#   - values: {'null': .nan}
# - name: pmDE
#   unit: mas / yr
#   datatype: float64
#   format: '{:9.3f}'
#   description: '? Proper motion in declination direction (pmdec)'
#   meta: !!omap
#   - {ucd: POS_EQ_PMDEC}
#   - {width: 9}
#   - {precision: '3'}
#   - values: {'null': .nan}
# - name: e_pmRA
#   unit: mas / yr
#   datatype: float32
#   format: '{:6.3f}'
#   description: '? Standard error of proper motion in right ascension direction (pmra_error)'
#   meta: !!omap
#   - {ucd: ERROR}
#   - {width: 6}
#   - {precision: '3'}
#   - values: {'null': .nan}
# - name: e_pmDE
[...]
#         unit: &id001 !astropy.units.Unit {unit: deg}
#         value: !astropy.table.SerializedColumn {name: SkyCoord.dec}
#       distance: !astropy.table.SerializedColumn
#         __class__: astropy.coordinates.distances.Distance
#         unit: !astropy.units.Unit {unit: pc}
#         value: !astropy.table.SerializedColumn {name: SkyCoord.distance}
#       frame: icrs
#       obstime: !astropy.time.Time {format: jyear_str, in_subfmt: '*', jd1: 367701545.0, jd2: 0.0, out_subfmt: '*', precision: 3, scale: tt}
#       pm_dec: !astropy.table.SerializedColumn
#         __class__: astropy.units.quantity.Quantity
#         unit: !astropy.units.Unit {unit: mas / yr}
#         value: !astropy.table.SerializedColumn {name: SkyCoord.pm_dec}
#       pm_ra_cosdec: !astropy.table.SerializedColumn
#         __class__: astropy.units.quantity.Quantity
#         unit: !astropy.units.Unit {unit: mas / yr}
#         value: !astropy.table.SerializedColumn {name: SkyCoord.pm_ra_cosdec}
#       ra: !astropy.table.SerializedColumn
#         __class__: astropy.coordinates.angles.Longitude
#         unit: *id001
#         value: !astropy.table.SerializedColumn {name: SkyCoord.ra}
#         wrap_angle: !astropy.coordinates.Angle
#           unit: *id001
#           value: 360.0
#       representation_type: spherical
# schema: astropy-2.0
RA_ICRS_1 DE_ICRS_1 e_RA_ICRS e_DE_ICRS _r_1 HIP TYC2 Source rgeo Plx e_Plx pmRA pmDE e_pmRA e_pmDE RUWE Teff logg Gmag BP-RP BPmag RPmag RV e_RV b_rgeo B_rgeo FG e_FG FBP e_FBP FRP e_FRP RAVE5 RAVE6 e_Gmag e_BPmag e_RPmag e_BP-RP SkyCoord.ra SkyCoord.dec SkyCoord.distance SkyCoord.pm_ra_cosdec SkyCoord.pm_dec Pmemb
[from data line 40]
110.87707401958 -20.25948100281 0.0129 0.0182 10.9281 "" "" 2930228041708001664 2686.99634 0.3337 0.0249 -2.302 3.098 0.023 0.026 0.991 9228.5 4.3687 15.44177 0.58078 15.661764 15.080984 "" "" 2526.96338 2862.36938 12538.31193 3.3868 7425.3 8.0064 7358.1 7.014 "" "" 0.0027708842500528694 0.003025822 0.0039185295 0.006944352 110.87707401958 -20.25948100281 2686.99634 -2.302 3.098 0.89
111.01407839046 -20.3303024688 0.0136 0.0176 6.0209 "" "" 2930185332550756224 2748.91919 0.3328 0.0271 -2.192 3.052 0.025 0.026 0.985 7536.3 4.4405 15.479797 0.876076 15.828531 14.952455 "" "" 2555.01245 2981.68408 12106.75578 2.7805 6368.0 8.2312 8282.8 8.8468 "" "" 0.002766580507644701 0.0031232366 0.0039532967 0.0070765335 111.01407839046 -20.3303024688 2748.91919 -2.192 3.052 0.88
111.18413623994 -20.28697669463 0.0138 0.0189 6.8662 "" "" 2930183507180161280 2234.1084 0.4208 0.0302 -2.543 2.672 0.023 0.028 1.016 7302.1 4.3734 15.504231 0.83679 15.838252 15.001462 "" "" 2050.39478 2349.8501 11837.35417 2.9266 6311.3 9.4293 7917.2 7.853 "" "" 0.002768364991880267 0.0032274364 0.003929823 0.0071572596 111.18413623994 -20.28697669463 2234.1084 -2.543 2.672 0.82
111.06067379375 -20.22584944255 0.0132 0.0176 1.2836 "" "" 2930187840811171840 2428.49023 0.3721 0.0269 -2.634 3.05 0.022 0.025 1.0 9548.7 4.2593 15.505737 0.703349 15.772955 15.069606 "" "" 2288.50439 2603.10742 11820.93018 2.6864 6702.5 8.7918 7435.6 8.8259 "" "" 0.002766346161826649 0.0031326253 0.0039930684 0.0071256934 111.06067379375 -20.22584944255 2428.49023 -2.6340000000000003 3.049999999999999 0.86
111.09703491683 -20.16303586667 0.013 0.0177 5.1442 "" "" 2930189180840903808 2642.59766 0.3391 0.0277 -2.643 3.117 0.023 0.026 1.015 8998.1 4.3421 15.510807 0.626981 15.75013 15.123149 "" "" 2459.98511 2839.02588 11765.86775 2.9032 6844.9 9.1683 7077.8 7.3514 "" "" 0.0027683138054267783 0.00314642 0.0039440393 0.0070904596 111.09703491683 -20.16303586667 2642.59766 -2.6430000000000002 3.117 0.87
110.93880864376 -20.28388675214 0.014 0.0198 7.7747 "" "" 2930180797064931072 2590.8335 0.3515 0.0279 -2.699 3.047 0.025 0.029 1.017 9083.5 4.3952 15.568903 0.65589 15.820937 15.165048 "" "" 2437.14966 2781.76123 11152.84072 2.9491 6412.7 7.9807 6809.9 7.6875 "" "" 0.002770237167114863 0.0031001337 0.003973155 0.007073289 110.93880864376 -20.28388675214 2590.8335 -2.6990000000000007 3.0469999999999993 0.88
111.10103342326 -20.38697262847 0.015 0.0197 8.6825 "" "" 2930181106302501888 2812.76221 0.3143 0.029 -2.18 3.07 0.026 0.029 0.947 9085.4 4.3926 15.571134 0.56852 15.783672 15.215153 "" "" 2637.5144 3115.37402 11129.94844 3.0907 6636.6 9.5062 6502.8 8.0314 "" "" 0.0027717669349734 0.0031943212 0.004010224 0.0072045447 111.10103342326 -20.38697262847 2812.76221 -2.18 3.0700000000000003 0.85
111.04692447692 -20.1784987548 0.0142 0.0191 4.213 "" "" 2930189009042261376 2855.71069 0.3094 0.0292 -2.689 3.152 0.026 0.028 1.002 9307.9 4.2815 15.620864 0.742917 15.907643 15.164726 "" "" 2650.76245 3131.9104 10631.65852 2.5415 5920.5 8.0224 6811.9 8.515 "" "" 0.002767517522723229 0.0031542769 0.004015681 0.0071699577 111.04692447692 -20.1784987548 2855.71069 -2.689 3.152 0.86
111.04814554856 -20.46031253746 0.0171 0.0223 12.9741 "" "" 2930174852830190720 2407.38013 0.3682 0.0317 -2.324 3.248 0.028 0.031 1.06 6906.1 4.4068 15.755534 0.997953 16.165216 15.167263 "" "" 2252.20215 2584.88647 9391.46106 2.5072 4670.1 7.3534 6796.0 7.2303 "" "" 0.0027705243302524746 0.0032722577 0.0039519654 0.007224223 111.04814554856 -20.46031253746 2407.38013 -2.324 3.248 0.87
110.84369585153 -20.132331276 0.0143 0.0208 14.4591 "" "" 2930238521427824256 2344.16406 0.3856 0.0307 -2.262 3.006 0.027 0.03 0.962 8785.2 4.3947 15.86074 0.719347 16.138676 15.419329 "" "" 2200.15186 2518.05542 8524.14488 2.041 4785.7 7.0043 5388.0 6.4751 "" "" 0.0027675569914719046 0.0032109497 0.0039982777 0.0072092274 110.84369585153 -20.132331276 2344.16406 -2.2620000000000005 3.0060000000000002 0.86
111.00617383791 -20.23278643919 0.0162 0.0229 3.7018 "" "" 2930187050537242368 2521.9895 0.3567 0.0341 -2.707 3.102 0.028 0.035 1.036 8470.4 4.4906 15.913578 0.782101 16.221836 15.439735 "" "" 2313.73511 2819.08374 8119.24145 2.1931 4432.8 8.3274 5287.7 7.7488 "" "" 0.002770883711978768 0.0034561858 0.0041006417 0.0075568277 111.00617383791 -20.23278643919 2521.9895 -2.7070000000000003 3.102 0.87
110.91736602079 -20.06901319215 0.017 0.0248 13.6429 "" "" 2930240376853585024 2512.41211 0.3813 0.0379 -2.53 3.419 0.032 0.037 0.992 "" "" 16.151537 1.189995 16.665571 15.475576 "" "" 2287.14893 2751.29639 6521.26889 6.2519 2945.7 11.304 5116.0 13.028 "" "" 0.0029453757702853976 0.0050144284 0.004682747 0.009697176 110.91736602079 -20.06901319215 2512.41211 -2.5299999999999994 3.4189999999999996 0.84
