Clusters/LP_0733/LP_0733_stars_in_region.tsv
# %ECSV 1.0
# ---
# datatype:
# - name: RA_ICRS_1
#   unit: deg
#   datatype: float64
#   format: '{:15.11f}'
#   description: Right ascension (ICRS) at Ep=2016.0 (ra)
#   meta: !!omap
#   - {ucd: POS_EQ_RA_MAIN}
#   - {width: 15}
#   - {precision: '11'}
# - name: DE_ICRS_1
#   unit: deg
#   datatype: float64
#   format: '{:15.11f}'
#   description: Declination (ICRS) at Ep=2016.0 (dec)
#   meta: !!omap
#   - {ucd: POS_EQ_DEC_MAIN}
#   - {width: 15}
#   - {precision: '11'}
# - name: e_RA_ICRS
#   unit: mas
#   datatype: float64
#   format: '{:7.4f}'
#   description: Standard error of right ascension (ra_error)
#   meta: !!omap
#   - {ucd: ERROR}
#   - {width: 7}
#   - {precision: '4'}
# - name: e_DE_ICRS
#   unit: mas
#   datatype: float64
#   format: '{:7.4f}'
#   description: Standard error of declination (dec_error)
#   meta: !!omap
#   - {ucd: ERROR}
#   - {width: 7}
#   - {precision: '4'}
# - name: _r_1
#   unit: ''
#   datatype: float64
#   format: '{:7.4f}'
#   description: Distance from center (111.07060622000-20.24510607000)[ICRS], at Epoch=J2016.0
#   meta: !!omap
#   - {ucd: POS_ANG_DIST_GENERAL}
#   - {width: 7}
#   - {precision: '4'}
# - name: HIP
#   datatype: int32
#   description: '? HIP cross-id number, van Leeuwen, Cat. I/311 (hip_original_ext_source_id)'
#   meta: !!omap
#   - {ucd: ID_NUMBER}
#   - {width: 6}
#   - values: {'null': -2147483648}
# - name: TYC2
#   datatype: string
#   description: Tycho-2 cross-id name, Hog et al., Cat. I/259 (tyc2_original_ext_source_id)
#   meta: !!omap
#   - {ucd: ID_CROSSID}
#   - {_votable_string_dtype: char}
# - name: Source
#   datatype: int64
#   description: Source identifier, identical to the Gaia-EDR3 source_id (id)
#   meta: !!omap
#   - {ucd: ID_MAIN}
#   - {width: 19}
# - name: rgeo
#   unit: pc
#   datatype: float64
#   format: '{:15.8f}'
#   description: '? Median of the geometric distance posterior (r_med_geo)'
#   meta: !!omap
#   - {ucd: PHYS_DISTANCE_TRUE}
#   - {width: 15}
#   - {precision: '8'}
#   - values: {'null': .nan}
# - name: Plx
#   unit: mas
#   datatype: float64
#   format: '{:9.4f}'
#   description: '? Parallax (parallax)'
#   meta: !!omap
#   - {ucd: POS_PARLX_TRIG}
#   - {width: 9}
#   - {precision: '4'}
#   - values: {'null': .nan}
# - name: e_Plx
#   unit: mas
#   datatype: float32
#   format: '{:7.4f}'
#   description: '? Standard error of parallax (parallax_error)'
#   meta: !!omap
#   - {ucd: ERROR}
#   - {width: 7}
#   - {precision: '4'}
#   - values: {'null': .nan}
# - name: pmRA
#   unit: mas / yr
#   datatype: float64
#   format: '{:9.3f}'
#   description: '? Proper motion in right ascension direction, pmRA*cosDE (pmra)'
#   meta: !!omap
#   - {ucd: POS_EQ_PMRA}
#   - {width: 9}
#   - {precision: '3'}
#   - values: {'null': .nan}
# - name: pmDE
#   unit: mas / yr
#   datatype: float64
#   format: '{:9.3f}'
#   description: '? Proper motion in declination direction (pmdec)'
#   meta: !!omap
#   - {ucd: POS_EQ_PMDEC}
#   - {width: 9}
#   - {precision: '3'}
#   - values: {'null': .nan}
# - name: e_pmRA
#   unit: mas / yr
#   datatype: float32
#   format: '{:6.3f}'
#   description: '? Standard error of proper motion in right ascension direction (pmra_error)'
#   meta: !!omap
#   - {ucd: ERROR}
#   - {width: 6}
#   - {precision: '3'}
#   - values: {'null': .nan}
# - name: e_pmDE
[...]
#         value: !astropy.table.SerializedColumn {name: SkyCoord.dec}
#       distance: !astropy.table.SerializedColumn
#         __class__: astropy.coordinates.distances.Distance
#         unit: !astropy.units.Unit {unit: pc}
#         value: !astropy.table.SerializedColumn {name: SkyCoord.distance}
#       frame: icrs
#       obstime: !astropy.time.Time {format: jyear_str, in_subfmt: '*', jd1: 367701545.0, jd2: 0.0, out_subfmt: '*', precision: 3, scale: tt}
#       pm_dec: !astropy.table.SerializedColumn
#         __class__: astropy.units.quantity.Quantity
#         unit: !astropy.units.Unit {unit: mas / yr}
#         value: !astropy.table.SerializedColumn {name: SkyCoord.pm_dec}
#       pm_ra_cosdec: !astropy.table.SerializedColumn
#         __class__: astropy.units.quantity.Quantity
#         unit: !astropy.units.Unit {unit: mas / yr}
#         value: !astropy.table.SerializedColumn {name: SkyCoord.pm_ra_cosdec}
#       ra: !astropy.table.SerializedColumn
#         __class__: astropy.coordinates.angles.Longitude
#         unit: *id001
#         value: !astropy.table.SerializedColumn {name: SkyCoord.ra}
#         wrap_angle: !astropy.coordinates.Angle
#           unit: *id001
#           value: 360.0
#       representation_type: spherical
# schema: astropy-2.0
RA_ICRS_1 DE_ICRS_1 e_RA_ICRS e_DE_ICRS _r_1 HIP TYC2 Source rgeo Plx e_Plx pmRA pmDE e_pmRA e_pmDE RUWE Teff logg Gmag BP-RP BPmag RPmag RV e_RV b_rgeo B_rgeo FG e_FG FBP e_FBP FRP e_FRP RAVE5 RAVE6 e_Gmag e_BPmag e_RPmag e_BP-RP SkyCoord.ra SkyCoord.dec SkyCoord.distance SkyCoord.pm_ra_cosdec SkyCoord.pm_dec rmRA rmDE e_rmRA e_rmDE rRV e_rRV v_pec v_pec3d e_vpec e_vpec3d
[from data line 403]
110.85679506841 -20.30096763972 0.0222 0.0314 12.492 "" "" 2930227247124613248 2442.13892 0.3799 0.0419 0.064 -1.162 0.04 0.043 1.635 5974.9 4.4439 15.656963 0.937827 16.016367 15.07854 "" "" 2247.33203 2802.17529 10283.98219 4.158 5356.4 12.125 7374.7 7.0756 "" "" 0.002790070838672549 0.0037182595 0.003920315 0.0076385746 110.85679506841 -20.30096763972 2442.13892 0.06399999999999999 -1.1619999999999997 2.497884620666504 -4.231846153259277 0.26860046 0.27160048 "" "" 56.88383075412696 "" 15.405763320848083 ""
111.39529271686 -20.24935856929 0.0165 0.0243 18.2792 "" "" 2930195125077254272 2528.42676 0.3606 0.0358 -2.187 1.515 0.028 0.036 1.072 7334.5 4.4232 15.66408 0.819416 15.98583 15.166414 "" "" 2320.0332 2767.51221 10216.80296 2.6935 5509.2 9.5217 6801.3 11.808 "" "" 0.0027701482292340146 0.0033624882 0.0042233765 0.0075858645 111.39529271686 -20.24935856929 2528.42676 -2.1870000000000025 1.5149999999999997 0.24688462066650407 -1.5548461532592774 0.25660047 0.26460046 "" "" 18.867877879675653 "" 4.98879182985562 ""
111.17133302654 -20.46411609205 0.0171 0.0233 14.3102 "" "" 2930168015242162560 2708.13232 0.3374 0.0328 -3.827 2.02 0.03 0.035 1.059 5537.5 4.2281 15.669154 1.091876 16.127357 15.035481 "" "" 2504.13403 3013.69556 10169.15888 2.7691 4835.9 11.678 7673.0 9.6405 "" "" 0.002771136650016093 0.003828758 0.004018035 0.007846793 111.17133302654 -20.46411609205 2708.13232 -3.826999999999999 2.02 -1.393115379333496 -1.0498461532592773 0.25860047 0.26360047 "" "" 22.392131967720246 "" 5.8314171240954495 ""
111.33602369225 -20.04718934128 0.0162 0.0245 19.0929 "" "" 2930211514672695680 2726.34985 0.3375 0.0391 -3.751 3.609 0.03 0.036 1.024 7087.1 4.3408 15.669849 0.861506 16.012852 15.151346 "" "" 2427.45386 3103.75684 10162.64673 2.5495 5373.7 8.1522 6896.4 6.6876 "" "" 0.002768750500619692 0.0032400708 0.0039232955 0.0071633663 111.33602369225 -20.04718934128 2726.34985 -3.751 3.609 -1.317115379333496 0.5391538467407226 0.25860047 0.26460046 "" "" 18.391785093455777 "" 4.772118105719907 ""
110.84233009421 -20.23871817334 0.0148 0.0219 12.8564 "" "" 2930228758954430336 2613.55493 0.3511 0.0299 -1.87 1.444 0.027 0.03 1.007 9365.5 4.304 15.689355 0.726976 15.968371 15.241395 "" "" 2401.70703 2850.39746 9981.70342 2.8616 5598.5 10.243 6347.5 9.2603 "" "" 0.002772845925250607 0.0034250652 0.004097888 0.0075229527 110.84233009421 -20.23871817334 2613.55493 -1.8700000000000003 1.444 0.5638846206665038 -1.6258461532592774 0.25560048 0.25860047 "" "" 21.318381322045322 "" 5.506112114447454 ""
110.85625169649 -20.00182935051 0.0389 0.0608 18.9445 "" "" 2930253605352880128 2782.90283 0.3305 0.0938 0.054 4.92 0.075 0.097 3.225 5799.5 3.6065 15.693736 1.393973 16.30526 14.911286 "" "" 2260.12012 3492.52881 9941.51204 4.2239 4105.0 6.4072 8602.9 7.6388 "" "" 0.002793669466306352 0.0032644875 0.0039004027 0.00716489 110.85625169649 -20.00182935051 2782.90283 0.054000000000000825 4.92 2.4878846206665037 1.8501538467407226 0.3036005 0.32560048 "" "" 40.89758876949613 "" 12.744213165323684 ""
110.86614383574 -20.00153346754 0.0132 0.02 18.6081 "" "" 2930241854322344704 2428.40039 0.3729 0.0304 -2.256 3.249 0.026 0.031 0.953 6557.8 4.2807 15.693872 1.077111 16.143698 15.066586 "" "" 2271.09888 2598.12354 9940.26756 2.0866 4763.6 6.868 7456.3 6.0715 "" "" 0.0027647301620879624 0.00319929 0.00388141 0.0070807002 110.86614383574 -20.00153346754 2428.40039 -2.255999999999999 3.2489999999999997 0.17788462066650412 0.17915384674072277 0.25460047 0.25960046 "" "" 2.9060386863943086 "" 0.7472308609300269 ""
111.05307285578 -20.56840541836 0.0168 0.0213 19.423 "" "" 2930159871984552192 2873.5271 0.3145 0.0327 0.22 -1.288 0.03 0.031 0.963 "" "" 15.69826 1.638705 16.476072 14.837367 "" "" 2641.08765 3106.74463 9900.16639 2.7636 3507.4 7.6381 9209.0 8.7976 "" "" 0.0027719391718578775 0.0036572563 0.0039191297 0.007576386 111.05307285578 -20.56840541836 2873.5271 0.21999999999999997 -1.288 2.653884620666504 -4.357846153259278 0.25860047 0.25960046 "" "" 69.49658713589926 "" 18.022571410123362 ""
110.99982092896 -20.51317266702 0.0158 0.0202 16.5694 "" "" 2930161074575156864 2211.08667 0.417 0.0289 -0.143 1.357 0.027 0.028 0.98 5960.2 4.2668 15.700545 1.00888 16.117214 15.108335 "" "" 2089.86108 2328.45874 9879.35961 2.4517 4881.2 7.5907 7175.0 7.5493 "" "" 0.0027684630344518425 0.0032612572 0.003948259 0.007209516 110.99982092896 -20.51317266702 2211.08667 -0.14299999999999996 1.3569999999999998 2.290884620666504 -1.7128461532592774 0.25560048 0.25660047 "" "" 29.97876198377532 "" 7.673348923445646 ""
110.97291180683 -20.51171363294 0.0163 0.0207 16.9139 "" "" 2930172859965432704 2621.34595 0.3437 0.0299 -1.738 3.89 0.028 0.028 1.037 6512.9 4.2991 15.706902 1.05266 16.147615 15.094955 "" "" 2458.16406 2797.63037 9821.67636 2.4692 4746.5 9.6939 7264.0 5.9842 "" "" 0.002768807535331405 0.0035639908 0.0038837818 0.0074477727 110.97291180683 -20.51171363294 2621.34595 -1.738 3.8900000000000006 0.6958846206665039 0.8201538467407228 0.25660047 0.25660047 "" "" 13.364479369610102 "" 3.4293316788712334 ""
111.12236482005 -20.0717973273 0.0145 0.0209 10.7995 "" "" 2930260202424641920 2793.41211 0.3196 0.0329 0.713 3.44 0.027 0.031 0.915 "" "" 15.707464 1.369976 16.324125 14.954149 "" "" 2556.19604 3070.15967 9816.60268 2.2585 4034.3 5.8502 8269.9 6.5869 "" "" 0.0027666201034528093 0.003203735 0.0038770568 0.0070807915 111.12236482005 -20.0717973273 2793.41211 0.7129999999999992 3.440000000000002 3.146884620666504 0.3701538467407226 0.25560048 0.25960046 "" "" 41.954444497317944 "" 10.725884103394241 ""
111.36033026696 -20.31454478751 0.0155 0.0236 16.8297 "" "" 2930194197364388736 2349.0271 0.3874 0.0353 -2.517 4.709 0.026 0.036 1.041 5016.2 3.6943 15.709146 1.408416 16.334034 14.925618 "" "" 2206.38208 2580.41602 9801.40994 2.6055 3997.6 12.146 8490.1 10.752 "" "" 0.0027703954705301766 0.00432056 0.004021733 0.008342293 111.36033026696 -20.31454478751 2349.0271 -2.5169999999999995 4.708999999999996 -0.083115379333496 1.6391538467407223 0.25460047 0.26460046 "" "" 18.27442338178089 "" 4.8349609365544906 ""
110.81857346942 -20.28589135986 0.0149 0.021 14.3954 "" "" 2930227560671694336 2220.61523 0.4074 0.0284 -1.815 0.699 0.026 0.029 1.02 6085.3 4.2894 15.713898 1.032756 16.139809 15.107053 "" "" 2089.76807 2399.91235 9758.603 2.9442 4780.7 7.2011 7183.5 10.562 "" "" 0.0027747236687240317 0.0032341422 0.0041026985 0.007336841 110.81857346942 -20.28589135986 2220.61523 -1.815 0.6989999999999995 0.618884620666504 -2.3708461532592775 0.25460047 0.2576005 "" "" 25.7910755351052 "" 6.638884501311044 ""
110.78126248345 -20.39899086153 0.0152 0.0207 18.716 "" "" 2930178117005473024 2197.45776 0.4167 0.0279 -0.253 1.914 0.026 0.029 0.937 6238.0 4.2879 15.719161 1.146768 16.2102 15.063432 "" "" 2075.16772 2326.31592 9711.41453 2.2173 4480.6 9.761 7478.0 7.2155 "" "" 0.002766449151748818 0.0036578125 0.0039218925 0.0075797047 110.78126248345 -20.39899086153 2197.45776 -0.2529999999999999 1.9139999999999995 2.180884620666504 -1.1558461532592774 0.25460047 0.2576005 "" "" 25.709125842544356 "" 6.562546548282045 ""
110.76620600906 -20.3854940697 0.0156 0.0212 19.0871 "" "" 2930225052410832000 2581.48901 0.356 0.0288 -2.436 3.371 0.027 0.029 1.031 7293.4 4.355 15.721429 1.059951 16.158232 15.098281 "" "" 2388.17578 2761.76196 9691.14836 2.3392 4700.3 7.6592 7241.8 7.5685 "" "" 0.002767755374610262 0.0033038147 0.00394605 0.0072498647 110.76620600906 -20.3854940697 2581.48901 -2.436000000000001 3.371 -0.002115379333496037 0.30115384674072265 0.25560048 0.2576005 "" "" 3.685087046371375 "" 0.9492798529078849 ""
110.76144521332 -20.15060141246 0.014 0.0207 18.3091 "" "" 2930233264387935744 2419.73608 0.3659 0.0294 -2.331 3.236 0.027 0.029 1.037 7489.4 4.2764 15.721988 0.826221 16.047235 15.221015 "" "" 2249.12231 2604.36597 9686.16134 2.3191 5206.2 9.0341 6467.7 8.0137 "" "" 0.002767555617811017 0.0033666934 0.0040116655 0.007378359 110.76144521332 -20.15060141246 2419.73608 -2.3310000000000004 3.236 0.10288462066650395 0.16615384674072287 0.25560048 0.2576005 "" "" 2.241478149795134 "" 0.5761668737546356 ""
110.74657065255 -20.12855336778 0.0137 0.0198 19.542 "" "" 2930233573625582464 2457.37793 0.3753 0.0293 0.217 5.571 0.026 0.028 0.99 6100.5 4.2962 15.724096 0.997183 16.132973 15.13579 "" "" 2290.28735 2614.79004 9667.36713 2.2465 4810.9 6.8001 6995.9 7.1661 "" "" 0.0027668477070986667 0.0031843744 0.0039396198 0.007123994 110.74657065255 -20.12855336778 2457.37793 0.21699999999999964 5.5710000000000015 2.650884620666504 2.5011538467407224 0.25460047 0.25660047 "" "" 42.45195790633907 "" 10.84835762499926 ""
110.99311468616 -19.9653328092 0.0157 0.0246 17.3449 "" "" 2930264944068548224 2175.8667 0.439 0.0386 -1.339 -0.764 0.03 0.039 1.18 6380.7 4.4433 15.725218 0.953933 15.774358 14.820425 "" "" 2023.91663 2371.28711 9657.3887 6.9372 6693.8 110.83 9353.8 141.97 "" "" 0.002863574887155643 0.0181919 0.016906912 0.035098813 110.99311468616 -19.9653328092 2175.8667 -1.339 -0.7640000000000007 1.094884620666504 -3.8338461532592776 0.25860047 0.26760048 "" "" 41.12162280242628 "" 10.976692769871288 ""
111.11808945912 -20.25269758831 0.0209 0.0391 2.7115 "" "" 2930184576635986816 2319.12476 0.4235 0.0542 -2.206 2.827 0.038 0.066 1.313 "" "" 15.728575 "" "" "" "" "" 2046.11377 2715.43579 9627.57587 7.1489 "" "" "" "" "" "" 0.0028708464226006843 "" "" "" 111.11808945912 -20.25269758831 2319.12476 -2.205999999999999 2.8270000000000004 0.22788462066650395 -0.2428461532592774 0.26660046 0.2946005 "" "" 3.660827783738047 "" 1.0317532387275876 ""
111.04357486418 -20.07451719957 0.0137 0.0202 10.348 "" "" 2930236940880163328 2836.85205 0.3134 0.0314 -2.731 3.297 0.026 0.032 1.014 6843.9 4.4107 15.73317 0.964313 16.12301 15.158698 "" "" 2593.31567 3130.81299 9586.90814 2.2979 4855.3 7.4296 6849.8 5.9403 "" "" 0.002767582905292726 0.0032473514 0.0038949056 0.007142257 111.04357486418 -20.07451719957 2836.85205 -2.731 3.297000000000001 -0.29711537933349597 0.2271538467407228 0.25460047 0.26060048 "" "" 5.0290653675167345 "" 1.291615465916494 ""
111.39561701358 -20.31935468845 0.0158 0.0239 18.8262 "" "" 2930191276786598912 2692.19775 0.3367 0.0358 -1.814 1.534 0.026 0.035 1.03 8312.1 4.3196 15.736399 0.736596 16.008612 15.272016 "" "" 2413.2373 2975.47412 9558.4452 2.8286 5394.8 8.7187 6171.0 11.37 "" "" 0.002773990278228169 0.0032960568 0.004276161 0.007572218 111.39561701358 -20.31935468845 2692.19775 -1.8139999999999996 1.5340000000000016 0.6198846206665038 -1.5358461532592773 0.25460047 0.26360047 "" "" 21.135112463821905 "" 5.544972673363669 ""
111.28372606843 -20.27436692347 0.0153 0.0216 12.1239 "" "" 2930195468674753792 2350.03955 0.3924 0.034 -2.283 1.54 0.026 0.032 1.019 7656.7 4.4482 15.739484 0.898696 16.09439 15.195695 "" "" 2125.83154 2569.42139 9531.3203 2.4997 4984.9 7.8377 6620.3 9.5535 "" "" 0.002769994630498128 0.003270964 0.004091276 0.00736224 111.28372606843 -20.27436692347 2350.03955 -2.2829999999999995 1.54 0.150884620666504 -1.5298461532592773 0.25460047 0.26060048 "" "" 17.123925560298193 "" 4.461524667918814 ""
111.10126085912 -20.03119248808 0.0156 0.0216 12.9505 "" "" 2930260958338885760 2654.38281 0.3351 0.034 -1.835 1.509 0.032 0.031 0.987 8604.8 4.3443 15.740384 0.687287 16.00175 15.314464 "" "" 2433.56665 2930.46875 9523.42702 2.4718 5429.0 15.766 5934.3 14.153 "" "" 0.0027696934645071386 0.004210291 0.0045813587 0.00879165 111.10126085912 -20.03119248808 2654.38281 -1.8349999999999997 1.509 0.5988846206665039 -1.5608461532592774 0.26060048 0.25960046 "" "" 21.03416647588751 "" 5.46318313987758 ""
110.90324161721 -20.19667828741 0.0148 0.0205 9.8608 "" "" 2930234913655655296 2766.65942 0.3263 0.0306 -2.489 4.448 0.03 0.031 1.0 7209.1 4.1968 15.741082 1.050381 16.176327 15.125946 "" "" 2589.58667 2993.47876 9517.30535 2.2101 4622.6 8.4853 7059.6 8.2526 "" "" 0.0027668318105516657 0.0034288566 0.003986807 0.0074156635 110.90324161721 -20.19667828741 2766.65942 -2.489 4.448 -0.05511537933349597 1.378153846740723 0.25860047 0.25960046 "" "" 18.08750923187527 "" 4.69549689982485 ""
111.15237282951 -20.26833666046 0.015 0.02 4.809 "" "" 2930184404837275904 2557.83496 0.3634 0.0312 -1.977 3.14 0.026 0.03 1.013 6841.9 4.2939 15.741555 1.060521 16.185099 15.124577 "" "" 2345.27954 2739.28271 9513.15635 2.2377 4585.4 6.5359 7068.5 6.8847 "" "" 0.002767130779349325 0.0031906182 0.0039245435 0.007115162 111.15237282951 -20.26833666046 2557.83496 -1.977 3.14 0.4568846206665038 0.07015384674072278 0.25460047 0.25860047 "" "" 5.604252250986238 "" 1.4273655464969495 ""
111.0797933818 -19.98689813577 0.0145 0.0227 15.5011 "" "" 2930262023490582272 2247.63916 0.4141 0.0371 -4.585 6.185 0.029 0.034 0.954 "" "" 15.743546 1.166565 16.244299 15.077734 "" "" 2061.09717 2506.10889 9495.73267 2.1541 4342.1 7.8229 7380.1 6.7938 "" "" 0.00276630662254605 0.00340755 0.003909308 0.007316858 111.0797933818 -19.98689813577 2247.63916 -4.585000000000001 6.185 -2.151115379333496 3.1151538467407223 0.2576005 0.26260048 "" "" 40.3320656857481 "" 10.52653088088514 ""
110.93999496143 -20.33016015456 0.0155 0.0219 8.9484 "" "" 2930179628833842944 2371.92383 0.3843 0.0315 -2.743 0.984 0.027 0.032 0.998 7814.0 4.2255 15.746963 0.85751 16.08815 15.23064 "" "" 2190.06348 2582.59546 9465.8902 2.4428 5013.7 9.4344 6410.7 7.9703 "" "" 0.002769529771776589 0.003458197 0.0040132143 0.0074714115 110.93999496143 -20.33016015456 2371.92383 -2.7429999999999994 0.9840000000000013 -0.309115379333496 -2.0858461532592774 0.25560048 0.26060048 "" "" 23.70711891375574 "" 6.175563070829209 ""
111.20647905273 -20.11789841268 0.0152 0.021 10.8076 "" "" 2930212511105125632 2915.76123 0.3191 0.0343 -0.257 1.77 0.029 0.032 0.977 7099.0 4.3856 15.747297 1.00285 16.15995 15.157101 "" "" 2634.68481 3292.34717 9462.97748 2.1438 4692.9 8.439 6859.9 8.2975 "" "" 0.0027662773291848926 0.0034054376 0.0040010503 0.007406488 111.20647905273 -20.11789841268 2915.76123 -0.25699999999999995 1.7699999999999991 2.176884620666504 -1.2998461532592773 0.2576005 0.26060048 "" "" 35.041496563930565 "" 9.054454854382735 ""
110.81140644234 -20.1341137368 0.0135 0.0196 16.0438 "" "" 2930238452708376704 2683.72217 0.3404 0.0287 -1.502 2.087 0.025 0.028 1.001 8998.0 4.2803 15.749162 0.812531 16.068089 15.255558 "" "" 2484.06714 2871.74487 9446.73852 2.2372 5107.2 6.6381 6265.2 6.4576 "" "" 0.002767291737149737 0.00312674 0.003941581 0.007068321 110.81140644234 -20.1341137368 2683.72217 -1.5019999999999998 2.0869999999999997 0.9318846206665039 -0.9828461532592772 0.25360048 0.25660047 "" "" 17.229091782249636 "" 4.396599922350663 ""
111.02395224776 -20.2625672727 0.0144 0.0194 2.8274 "" "" 2930186191543783040 2268.72729 0.4008 0.0297 -2.599 3.074 0.025 0.028 1.043 8699.8 4.3807 15.753797 0.727476 16.03584 15.308363 "" "" 2115.94336 2442.57617 9406.49755 2.2512 5261.2 9.5723 5967.8 7.8901 "" "" 0.0027675454104496267 0.0034186642 0.0040428066 0.0074614706 111.02395224776 -20.2625672727 2268.72729 -2.5989999999999984 3.0739999999999985 -0.1651153793334963 0.0041538467407225 0.25360048 0.25660047 "" "" 1.7761741677644685 "" 0.4504420083911894 ""
111.2437689265 -20.08155634001 0.0154 0.0213 13.8353 "" "" 2930214160372361856 2415.03345 0.3687 0.0342 -0.792 4.993 0.027 0.03 1.04 6953.5 4.4394 15.753813 0.965462 16.151104 15.185642 "" "" 2244.98682 2638.12427 9406.36037 2.426 4731.2 7.5971 6681.9 5.5739 "" "" 0.0027695129917053867 0.0032900674 0.0038863886 0.007176456 111.2437689265 -20.08155634001 2415.03345 -0.7919999999999998 4.993 1.6418846206665039 1.923153846740723 0.25560048 0.25860047 "" "" 28.946642267947308 "" 7.449127957855542 ""
