Clusters/LP_0733/LP_0733_members.tsv
# %ECSV 1.0
# ---
# datatype:
# - name: RA_ICRS_1
#   unit: deg
#   datatype: float64
#   format: '{:15.11f}'
#   description: Right ascension (ICRS) at Ep=2016.0 (ra)
#   meta: !!omap
#   - {ucd: POS_EQ_RA_MAIN}
#   - {width: 15}
#   - {precision: '11'}
# - name: DE_ICRS_1
#   unit: deg
#   datatype: float64
#   format: '{:15.11f}'
#   description: Declination (ICRS) at Ep=2016.0 (dec)
#   meta: !!omap
#   - {ucd: POS_EQ_DEC_MAIN}
#   - {width: 15}
#   - {precision: '11'}
# - name: e_RA_ICRS
#   unit: mas
#   datatype: float64
#   format: '{:7.4f}'
#   description: Standard error of right ascension (ra_error)
#   meta: !!omap
#   - {ucd: ERROR}
#   - {width: 7}
#   - {precision: '4'}
# - name: e_DE_ICRS
#   unit: mas
#   datatype: float64
#   format: '{:7.4f}'
#   description: Standard error of declination (dec_error)
#   meta: !!omap
#   - {ucd: ERROR}
#   - {width: 7}
#   - {precision: '4'}
# - name: _r_1
#   unit: ''
#   datatype: float64
#   format: '{:7.4f}'
#   description: Distance from center (111.07060622000-20.24510607000)[ICRS], at Epoch=J2016.0
#   meta: !!omap
#   - {ucd: POS_ANG_DIST_GENERAL}
#   - {width: 7}
#   - {precision: '4'}
# - name: HIP
#   datatype: int32
#   description: '? HIP cross-id number, van Leeuwen, Cat. I/311 (hip_original_ext_source_id)'
#   meta: !!omap
#   - {ucd: ID_NUMBER}
#   - {width: 6}
#   - values: {'null': -2147483648}
# - name: TYC2
#   datatype: string
#   description: Tycho-2 cross-id name, Hog et al., Cat. I/259 (tyc2_original_ext_source_id)
#   meta: !!omap
#   - {ucd: ID_CROSSID}
#   - {_votable_string_dtype: char}
# - name: Source
#   datatype: int64
#   description: Source identifier, identical to the Gaia-EDR3 source_id (id)
#   meta: !!omap
#   - {ucd: ID_MAIN}
#   - {width: 19}
# - name: rgeo
#   unit: pc
#   datatype: float64
#   format: '{:15.8f}'
#   description: '? Median of the geometric distance posterior (r_med_geo)'
#   meta: !!omap
#   - {ucd: PHYS_DISTANCE_TRUE}
#   - {width: 15}
#   - {precision: '8'}
#   - values: {'null': .nan}
# - name: Plx
#   unit: mas
#   datatype: float64
#   format: '{:9.4f}'
#   description: '? Parallax (parallax)'
#   meta: !!omap
#   - {ucd: POS_PARLX_TRIG}
#   - {width: 9}
#   - {precision: '4'}
#   - values: {'null': .nan}
# - name: e_Plx
#   unit: mas
#   datatype: float32
#   format: '{:7.4f}'
#   description: '? Standard error of parallax (parallax_error)'
#   meta: !!omap
#   - {ucd: ERROR}
#   - {width: 7}
#   - {precision: '4'}
#   - values: {'null': .nan}
# - name: pmRA
#   unit: mas / yr
#   datatype: float64
#   format: '{:9.3f}'
#   description: '? Proper motion in right ascension direction, pmRA*cosDE (pmra)'
#   meta: !!omap
#   - {ucd: POS_EQ_PMRA}
#   - {width: 9}
#   - {precision: '3'}
#   - values: {'null': .nan}
# - name: pmDE
#   unit: mas / yr
#   datatype: float64
#   format: '{:9.3f}'
#   description: '? Proper motion in declination direction (pmdec)'
#   meta: !!omap
#   - {ucd: POS_EQ_PMDEC}
#   - {width: 9}
#   - {precision: '3'}
#   - values: {'null': .nan}
# - name: e_pmRA
#   unit: mas / yr
#   datatype: float32
#   format: '{:6.3f}'
#   description: '? Standard error of proper motion in right ascension direction (pmra_error)'
#   meta: !!omap
#   - {ucd: ERROR}
#   - {width: 6}
#   - {precision: '3'}
#   - values: {'null': .nan}
# - name: e_pmDE
[...]
#         unit: &id001 !astropy.units.Unit {unit: deg}
#         value: !astropy.table.SerializedColumn {name: SkyCoord.dec}
#       distance: !astropy.table.SerializedColumn
#         __class__: astropy.coordinates.distances.Distance
#         unit: !astropy.units.Unit {unit: pc}
#         value: !astropy.table.SerializedColumn {name: SkyCoord.distance}
#       frame: icrs
#       obstime: !astropy.time.Time {format: jyear_str, in_subfmt: '*', jd1: 367701545.0, jd2: 0.0, out_subfmt: '*', precision: 3, scale: tt}
#       pm_dec: !astropy.table.SerializedColumn
#         __class__: astropy.units.quantity.Quantity
#         unit: !astropy.units.Unit {unit: mas / yr}
#         value: !astropy.table.SerializedColumn {name: SkyCoord.pm_dec}
#       pm_ra_cosdec: !astropy.table.SerializedColumn
#         __class__: astropy.units.quantity.Quantity
#         unit: !astropy.units.Unit {unit: mas / yr}
#         value: !astropy.table.SerializedColumn {name: SkyCoord.pm_ra_cosdec}
#       ra: !astropy.table.SerializedColumn
#         __class__: astropy.coordinates.angles.Longitude
#         unit: *id001
#         value: !astropy.table.SerializedColumn {name: SkyCoord.ra}
#         wrap_angle: !astropy.coordinates.Angle
#           unit: *id001
#           value: 360.0
#       representation_type: spherical
# schema: astropy-2.0
RA_ICRS_1 DE_ICRS_1 e_RA_ICRS e_DE_ICRS _r_1 HIP TYC2 Source rgeo Plx e_Plx pmRA pmDE e_pmRA e_pmDE RUWE Teff logg Gmag BP-RP BPmag RPmag RV e_RV b_rgeo B_rgeo FG e_FG FBP e_FBP FRP e_FRP RAVE5 RAVE6 e_Gmag e_BPmag e_RPmag e_BP-RP SkyCoord.ra SkyCoord.dec SkyCoord.distance SkyCoord.pm_ra_cosdec SkyCoord.pm_dec Pmemb
111.0499932624 -20.21583909586 0.008 0.0107 2.1048 "" 5974-3560-1 2930188596725420288 3069.68774 0.3032 0.0168 -2.659 3.139 0.014 0.016 1.117 "" "" 10.945493 0.402701 11.081017 10.678316 "" "" 2935.13623 3264.99854 788405.28062 150.33 504670.0 148.48 424460.0 95.295 "" "" 0.0027630867324494285 0.002808396 0.0037872344 0.00659563 111.0499932624 -20.21583909586 3069.68774 -2.6589999999999994 3.139 0.9
110.86323077259 -20.16932283213 0.0159 0.0221 12.5308 "" 5974-652-1 2930235257253046272 2479.17725 0.3571 0.0323 -2.177 3.15 0.03 0.032 2.212 15732.7 3.4435 11.444418 0.228973 11.501845 11.272872 "" "" 2297.1377 2710.39868 497942.94467 344.78 342510.0 338.55 245480.0 242.3 "" "" 0.0028560378534545124 0.0029894433 0.0039283847 0.0069178278 110.86323077259 -20.16932283213 2479.17725 -2.177 3.1499999999999995 0.85
110.89804123186 -20.14569892351 0.0111 0.0157 11.4018 "" "" 2930235635210154368 2534.30371 0.3453 0.0233 -2.608 3.023 0.02 0.024 1.376 15016.1 3.4196 11.491236 0.28803 11.581049 11.293019 "" "" 2385.81104 2706.59302 476927.45993 136.78 318420.0 114.41 240960.0 61.027 "" "" 0.002772859287342956 0.00281731 0.0037893723 0.006606682 110.89804123186 -20.14569892351 2534.30371 -2.608 3.0230000000000006 0.91
111.11763128164 -20.25265090064 0.0108 0.0144 2.6856 "" 5974-366-1 2930184572330973696 2758.78101 0.3132 0.0225 -2.157 3.11 0.018 0.022 1.436 17506.2 3.7401 12.002519 0.20103 12.045179 11.84415 "" "" 2594.05249 2915.21387 297810.08594 106.57 207660.0 216.21 145040.0 181.56 "" "" 0.002782578247042259 0.0030104718 0.0040163323 0.007026804 111.11763128164 -20.25265090064 2758.78101 -2.1570000000000005 3.1099999999999994 0.85
111.24223538594 -20.33196433943 0.0078 0.0107 10.9751 "" 5974-3539-1 2930171245057432448 2746.04443 0.3287 0.0164 -2.171 3.089 0.013 0.017 1.092 15645.7 3.6409 12.199232 0.2814 12.290221 12.008821 "" "" 2604.10449 2933.21411 248458.63216 58.105 165700.0 101.95 124630.0 71.354 "" "" 0.002766994914325603 0.002869024 0.0038301605 0.0066991844 111.24223538594 -20.33196433943 2746.04443 -2.171 3.0889999999999995 0.88
111.09270533411 -20.30047676005 0.0082 0.0108 3.5474 "" 5974-2798-1 2930182961728334848 2633.67847 0.3426 0.0171 -2.108 3.105 0.014 0.016 0.996 15578.0 3.9936 12.274157 0.178588 12.321532 12.142944 "" "" 2490.34033 2766.94458 231891.16502 40.484 160990.0 130.01 110150.0 92.956 "" "" 0.0027618324650460317 0.0029246935 0.0038888627 0.006813556 111.09270533411 -20.30047676005 2633.67847 -2.108 3.1049999999999995 0.85
111.14534823925 -20.32349822095 0.008 0.0107 6.3101 "" "" 2930181892271389312 2701.36377 0.3297 0.0171 -2.134 3.086 0.014 0.016 0.998 14162.7 3.7963 12.324828 0.161596 12.374503 12.212907 "" "" 2587.03296 2835.59888 221317.30762 37.279 153330.0 66.097 103280.0 35.155 "" "" 0.0027613829093933143 0.0028291529 0.003797408 0.006626561 111.14534823925 -20.32349822095 2701.36377 -2.134 3.0859999999999994 0.81
111.0547498513 -20.20133128648 0.0058 0.008 2.7741 "" 5974-3081-1 2930188626780093056 2699.75952 0.3369 0.0125 -2.671 3.149 0.01 0.012 0.951 15002.8 3.6565 12.418637 0.425757 12.568274 12.142517 "" "" 2600.30493 2797.98608 202998.12302 28.373 128260.0 38.886 110190.0 24.846 "" "" 0.002759496041595799 0.0028095203 0.0037873026 0.006596823 111.0547498513 -20.20133128648 2699.75952 -2.671 3.1490000000000005 0.89
111.01244051804 -20.41335311905 0.008 0.01 10.612 "" "" 2930175952341823360 2680.69556 0.3314 0.0147 -2.701 3.114 0.015 0.014 0.952 13359.5 3.667 12.50289 0.223928 12.575315 12.351388 "" "" 2576.19409 2793.7915 187841.1656 33.889 127440.0 58.337 90908.0 41.151 "" "" 0.0027622742020361113 0.0028340896 0.003811204 0.006645294 111.01244051804 -20.41335311905 2680.69556 -2.7010000000000005 3.113999999999999 0.84
111.0651480708 -20.20686507083 0.006 0.0079 2.3149 "" 5974-3662-1 2930188631085137024 2711.31641 0.3446 0.0125 -2.636 3.123 0.01 0.011 0.973 6991.8 3.3357 12.729325 0.473461 12.898 12.424539 "" "" 2622.06641 2790.44775 152481.33789 22.434 94671.0 32.765 84985.0 25.126 "" "" 0.00275994680150263 0.0028153593 0.0037929893 0.0066083483 111.0651480708 -20.20686507083 2711.31641 -2.636 3.123 0.91
111.09205806657 -20.20156627549 0.007 0.0091 2.8781 "" "" 2930188012609821184 2514.84766 0.3684 0.0144 -2.74 3.142 0.012 0.014 1.041 "" "" 12.758583 0.400112 12.897872 12.49776 "" "" 2432.85938 2629.32715 148427.18984 24.493 94682.0 36.52 79443.0 23.895 "" "" 0.0027611391578240157 0.0028214226 0.0037934647 0.006614887 111.09205806657 -20.20156627549 2514.84766 -2.74 3.1419999999999995 0.88
111.14330360866 -20.35663926038 0.0075 0.0098 7.8434 "" "" 2930181552979045888 2909.77759 0.3067 0.0151 -2.108 2.872 0.012 0.014 1.051 12709.9 4.0098 13.128654 0.246252 13.210423 12.964171 "" "" 2802.64771 3043.75366 105556.52175 30.229 70998.0 29.777 51700.0 20.301 "" "" 0.0027728085097484026 0.0028270842 0.0038033524 0.0066304365 111.14330360866 -20.35663926038 2909.77759 -2.108 2.872 0.85
111.04775092687 -20.21539325529 0.006 0.0086 2.1986 "" "" 2930188596725422208 2811.05591 0.3159 0.0129 -2.7 3.087 0.01 0.014 1.042 15005.0 3.8252 13.130594 0.390254 13.265945 12.875691 "" "" 2707.61841 2916.17285 105368.08966 25.312 67459.0 33.057 56090.0 17.532 "" "" 0.0027676373883762286 0.0028404435 0.003794588 0.0066350317 111.04775092687 -20.21539325529 2811.05591 -2.7000000000000006 3.087 0.86
111.07881373685 -20.21141381113 0.0057 0.0077 2.0737 "" "" 2930187875170882944 2723.57373 0.3268 0.0122 -2.685 3.13 0.01 0.011 0.997 11047.0 3.8371 13.277328 0.482142 13.451605 12.969463 "" "" 2644.44873 2819.48755 92048.19041 17.547 56856.0 17.401 51449.0 14.499 "" "" 0.00276308285771435 0.0028098873 0.0037917474 0.0066016344 111.07881373685 -20.21141381113 2723.57373 -2.6849999999999996 3.1299999999999994 0.9
111.03659508021 -20.27342179178 0.006 0.0079 2.5596 "" "" 2930186122824301696 2648.87866 0.339 0.0125 -2.688 3.131 0.011 0.012 0.972 12146.1 3.821 13.387472 0.350066 13.509985 13.159919 "" "" 2559.09058 2729.60913 83168.29854 18.934 53879.0 24.741 43171.0 17.954 "" "" 0.002766385024466306 0.0028343634 0.0038062597 0.0066406233 111.03659508021 -20.27342179178 2648.87866 -2.6879999999999997 3.1310000000000002 0.9
111.09350141605 -20.33691894216 0.0076 0.0101 5.6574 "" "" 2930182549411494400 2643.14185 0.3321 0.0157 -2.115 3.007 0.014 0.015 1.122 12705.1 3.8301 13.510751 0.310991 13.61861 13.307619 "" "" 2521.32104 2762.93335 74241.4521 24.787 48750.0 26.592 37680.0 17.248 "" "" 0.0027790631366574493 0.0028523325 0.0038119196 0.006664252 111.09350141605 -20.33691894216 2643.14185 -2.115 3.007 0.85
111.13625315503 -20.31350881055 0.0074 0.0098 5.5222 "" "" 2930181965295886336 2550.1438 0.355 0.0157 -2.486 3.337 0.013 0.015 1.083 11220.0 3.8433 13.626184 0.285993 13.724315 13.438322 "" "" 2418.96045 2654.67847 66753.33274 20.209 44227.0 21.628 33406.0 15.664 "" "" 0.002774856991923035 0.0028402386 0.0038135166 0.006653755 111.13625315503 -20.31350881055 2550.1438 -2.4860000000000007 3.337 0.81
111.0881205873 -20.35638457262 0.0069 0.0091 6.7491 "" "" 2930181415540143488 2751.59912 0.3223 0.0141 -2.207 3.059 0.012 0.014 0.946 11898.9 3.9058 13.710127 0.281483 13.809624 13.528141 "" "" 2655.0166 2846.38867 61786.86858 18.14 40885.0 18.542 30754.0 14.299 "" "" 0.0027736975459110376 0.0028332851 0.0038129466 0.0066462317 111.0881205873 -20.35638457262 2751.59912 -2.2070000000000003 3.059 0.89
111.09260213741 -20.299848138 0.0135 0.0164 3.5101 "" "" 2930182961728334464 2521.77026 0.3613 0.0262 -2.327 2.939 0.024 0.024 1.967 11459.4 4.0094 13.84965 0.363915 13.919983 13.556067 "" "" 2370.65356 2727.60352 54335.85953 18.816 36934.0 200.84 29973.0 92.848 "" "" 0.0027808542862578296 0.006530127 0.0050592064 0.011589333 111.09260213741 -20.299848138 2521.77026 -2.3270000000000004 2.939 0.83
110.96558411124 -20.33861541419 0.0076 0.0104 8.1492 "" "" 2930179663193568640 2797.41626 0.3185 0.0153 -2.683 3.149 0.014 0.016 0.98 11195.9 3.9565 13.926871 0.387636 14.06372 13.676084 "" "" 2705.63696 2918.11499 50605.55326 13.809 32354.0 18.462 26836.0 11.875 "" "" 0.002771202913622066 0.0028581265 0.0038097966 0.006667923 110.96558411124 -20.33861541419 2797.41626 -2.683 3.149 0.89
111.03941544732 -20.08311428981 0.0073 0.011 9.877 "" "" 2930236906520426624 2867.89648 0.3139 0.0172 -2.744 3.12 0.014 0.017 0.989 11067.6 4.0681 14.144527 0.319822 14.257592 13.93777 "" "" 2732.48193 2975.10571 41412.89549 12.444 27063.0 17.769 21089.0 16.269 "" "" 0.002774568000497259 0.0028797975 0.003871082 0.00675088 111.03941544732 -20.08311428981 2867.89648 -2.744 3.1200000000000006 0.9
111.02511752716 -20.34718488971 0.0084 0.0108 6.6382 "" "" 2930182274533648128 2583.02124 0.3501 0.0165 -2.192 2.992 0.015 0.016 0.956 10474.3 3.9891 14.230141 0.347628 14.351487 14.00386 "" "" 2491.52588 2695.21338 38272.83495 10.285 24821.0 13.546 19843.0 11.545 "" "" 0.002770725190356804 0.0028523935 0.0038318106 0.006684204 111.02511752716 -20.34718488971 2583.02124 -2.192 2.992 0.89
111.04370368386 -20.20338888711 0.008 0.0109 2.9256 "" "" 2930188665445358592 2769.74194 0.3223 0.0172 -2.66 2.912 0.015 0.016 1.022 10441.4 4.0142 14.287433 0.597782 14.510566 13.912784 "" "" 2652.54907 2900.46533 36305.60492 7.1071 21438.0 12.467 21580.0 9.3808 "" "" 0.0027635055906921825 0.0028607184 0.0038087375 0.006669456 111.04370368386 -20.20338888711 2769.74194 -2.66 2.912 0.82
111.19805157754 -20.0939310823 0.0084 0.0119 11.567 "" "" 2930212614184181760 2496.28979 0.3616 0.0194 -2.57 2.679 0.015 0.017 0.953 10584.6 4.032 14.339274 0.384789 14.477654 14.092864 "" "" 2391.42651 2622.698 34612.81663 9.3973 22098.0 15.121 18282.0 9.6021 "" "" 0.0027710434161173783 0.0028873868 0.003822161 0.0067095477 111.19805157754 -20.0939310823 2496.28979 -2.5700000000000003 2.6790000000000003 0.84
110.87689498043 -20.33585624192 0.0093 0.0131 12.1856 "" "" 2930180212949437440 2602.80469 0.3493 0.0173 -2.759 3.153 0.016 0.019 0.97 10030.1 4.0209 14.536209 0.516086 14.724936 14.20885 "" "" 2483.91406 2726.43384 28871.08641 7.0148 17597.0 11.44 16429.0 10.249 "" "" 0.0027679198651959216 0.002878067 0.0038395952 0.0067176623 110.87689498043 -20.33585624192 2602.80469 -2.759 3.1530000000000005 0.9
110.88758190234 -20.1638478786 0.0089 0.013 11.4008 "" "" 2930235222893299584 2406.60889 0.3765 0.0195 -2.481 3.134 0.017 0.019 1.08 6946.0 3.4566 14.601522 0.99722 15.011443 14.014223 66.24 7.05 2300.13721 2492.01294 27185.52858 3.9447 13516.0 10.927 19655.0 12.979 "" "" 0.0027598205299336964 0.0029249813 0.0038467846 0.0067717656 110.88758190234 -20.1638478786 2406.60889 -2.481 3.134 0.82
111.01192279512 -20.2053622326 0.0088 0.0127 4.0746 "" "" 2930187394134608128 2666.87598 0.334 0.0183 -2.728 3.072 0.016 0.019 0.966 10062.5 3.9834 14.61561 0.531763 14.810802 14.279038 "" "" 2548.1333 2847.33643 26835.0601 6.7916 16259.0 14.933 15401.0 11.91 "" "" 0.0027689883513479104 0.002963011 0.0038715247 0.006834536 111.01192279512 -20.2053622326 2666.87598 -2.7279999999999998 3.072 0.85
110.91718467589 -20.31321148133 0.0097 0.0131 9.5528 "" "" 2930180453467573632 2661.15601 0.3343 0.0183 -2.388 2.961 0.017 0.019 0.98 9846.9 4.1001 14.652897 0.440227 14.811606 14.37138 "" "" 2539.22998 2806.50269 25929.1269 6.3114 16247.0 10.142 14145.0 11.426 "" "" 0.0027679654298688287 0.002871307 0.0038798084 0.0067511154 110.91718467589 -20.31321148133 2661.15601 -2.388 2.9610000000000003 0.84
111.0497906734 -20.23379855228 0.0094 0.0125 1.3541 "" "" 2930186359038703104 2491.32715 0.3606 0.0197 -2.707 3.108 0.016 0.018 1.021 "" "" 14.733097 0.507672 14.918547 14.410874 "" "" 2390.16064 2615.47192 24082.84888 5.4828 14723.0 11.914 13640.0 8.1622 "" "" 0.002766385531476653 0.0029252293 0.0038348201 0.0067600496 111.0497906734 -20.23379855228 2491.32715 -2.7070000000000003 3.108 0.84
111.04110026419 -20.0498672255 0.0098 0.0142 11.8316 "" "" 2930261233216684288 2711.63574 0.3337 0.0212 -2.163 3.051 0.018 0.022 1.026 9681.5 4.1984 14.820397 0.382115 14.95937 14.577254 "" "" 2537.62256 2934.53394 22222.23107 6.4548 14180.0 11.943 11702.0 9.5822 "" "" 0.0027733097928215726 0.0029362005 0.003882544 0.0068187444 111.04110026419 -20.0498672255 2711.63574 -2.1630000000000003 3.0510000000000006 0.88
111.02627227301 -20.41228748362 0.0111 0.0138 10.3364 "" "" 2930175226482737152 2637.2417 0.3396 0.0205 -2.346 3.234 0.021 0.02 0.971 10275.9 4.0623 14.834373 0.499073 15.011357 14.512284 "" "" 2512.77954 2787.58154 21938.03968 11.632 13517.0 20.069 12424.0 28.287 "" "" 0.002814817305111318 0.0032223668 0.004516032 0.007738399 111.02627227301 -20.41228748362 2637.2417 -2.346 3.2340000000000004 0.86
111.20879180357 -20.17814221521 0.0102 0.0144 8.7567 "" "" 2930208765893515136 2847.98022 0.3132 0.0229 -2.358 3.102 0.018 0.021 0.999 10058.5 4.3108 14.880382 0.682536 15.14021 14.457674 "" "" 2661.43213 3069.19897 21027.81642 4.4435 12004.0 12.075 13064.0 8.7053 "" "" 0.002764856011898524 0.002996307 0.0038480076 0.0068443147 111.20879180357 -20.17814221521 2847.98022 -2.358 3.1020000000000003 0.9
111.03123506825 -20.2449197313 0.0104 0.0142 2.2164 "" "" 2930186328982722304 2842.87549 0.3117 0.022 -2.177 3.102 0.019 0.021 0.988 9828.5 4.1307 14.916437 0.488513 15.093777 14.605264 "" "" 2694.64331 3016.06226 20340.97773 5.2408 12529.0 13.261 11404.0 8.1079 "" "" 0.0027694841116564775 0.0030175552 0.003857408 0.006874963 111.03123506825 -20.2449197313 2842.87549 -2.1770000000000005 3.102 0.85
111.14895458484 -20.30687615658 0.0114 0.0156 5.7603 "" "" 2930183438460600192 2569.69678 0.3448 0.0251 -2.176 3.017 0.02 0.024 1.047 9499.6 4.2528 15.105375 0.4306 15.261908 14.831307 "" "" 2408.97437 2740.06128 17092.1456 5.1835 10731.0 9.5128 9260.5 9.3894 "" "" 0.0027749247651515847 0.0029515114 0.0039364444 0.0068879556 111.14895458484 -20.30687615658 2569.69678 -2.176 3.0169999999999995 0.86
111.05011045377 -20.24658405631 0.0108 0.0146 1.1572 "" "" 2930186260263227904 2787.62354 0.3224 0.0224 -2.268 3.027 0.019 0.021 1.019 9700.6 4.1735 15.116381 0.49514 15.298193 14.803053 "" "" 2608.28931 2949.10669 16919.77525 4.0719 10379.0 10.499 9504.7 6.9412 "" "" 0.0027676819063250702 0.0029985476 0.0038616606 0.006860208 111.05011045377 -20.24658405631 2787.62354 -2.268 3.027 0.9
111.07144143862 -20.38329821792 0.0128 0.0161 8.2917 "" "" 2930181278101216128 2752.23511 0.3236 0.0239 -2.115 3.177 0.023 0.023 0.979 9600.8 4.2676 15.148524 0.533327 15.345935 14.812608 "" "" 2619.01465 2939.60986 16426.19267 4.6618 9932.1 11.784 9421.4 9.1673 "" "" 0.002772496452716648 0.0030731827 0.0039242604 0.006997443 111.07144143862 -20.38329821792 2752.23511 -2.115 3.177 0.85
111.05367434028 -20.26592215971 0.0114 0.0151 1.5711 "" "" 2930186054104805632 2747.82153 0.3268 0.0231 -2.478 2.632 0.02 0.022 1.02 9244.9 4.4325 15.170402 0.628495 15.408754 14.780259 "" "" 2578.5 3019.54761 16098.53315 3.9292 9373.8 11.822 9706.3 7.6015 "" "" 0.0027680341758510884 0.0031080602 0.003873852 0.006981912 111.05367434028 -20.26592215971 2747.82153 -2.478 2.6320000000000006 0.87
110.84993160415 -20.18346543851 0.0117 0.017 12.9637 "" "" 2930235119814100224 2682.70337 0.3321 0.0247 -2.286 3.04 0.023 0.024 0.959 9639.1 4.2299 15.241902 0.542551 15.443251 14.9007 "" "" 2507.81421 2886.83154 15072.52099 4.0013 9080.6 11.212 8687.2 7.2035 "" "" 0.002770354862644995 0.0030955137 0.0038851344 0.0069806483 110.84993160415 -20.18346543851 2682.70337 -2.2859999999999996 3.04 0.9
110.92234051047 -20.29201553292 0.0126 0.0172 8.807 "" "" 2930180762705206144 2811.41919 0.3174 0.0241 -2.256 3.068 0.021 0.024 0.98 9366.8 4.2849 15.283205 0.547652 15.487436 14.939784 "" "" 2665.91162 3029.50781 14509.91451 3.5865 8718.5 10.586 8380.0 6.5301 "" "" 0.0027683588346205474 0.0030859301 0.003872924 0.0069588544 110.92234051047 -20.29201553292 2811.41919 -2.2559999999999993 3.0680000000000005 0.88
