Clusters/NGC_6250/NGC_6250_stars_in_region.tsv
# %ECSV 1.0
# ---
# datatype:
# - name: RA_ICRS_1
#   unit: deg
#   datatype: float64
#   format: '{:15.11f}'
#   description: Right ascension (ICRS) at Ep=2016.0 (ra)
#   meta: !!omap
#   - {ucd: POS_EQ_RA_MAIN}
#   - {width: 15}
#   - {precision: '11'}
# - name: DE_ICRS_1
#   unit: deg
#   datatype: float64
#   format: '{:15.11f}'
#   description: Declination (ICRS) at Ep=2016.0 (dec)
#   meta: !!omap
#   - {ucd: POS_EQ_DEC_MAIN}
#   - {width: 15}
#   - {precision: '11'}
# - name: e_RA_ICRS
#   unit: mas
#   datatype: float64
#   format: '{:7.4f}'
#   description: Standard error of right ascension (ra_error)
#   meta: !!omap
#   - {ucd: ERROR}
#   - {width: 7}
#   - {precision: '4'}
# - name: e_DE_ICRS
#   unit: mas
#   datatype: float64
#   format: '{:7.4f}'
#   description: Standard error of declination (dec_error)
#   meta: !!omap
#   - {ucd: ERROR}
#   - {width: 7}
#   - {precision: '4'}
# - name: _r_1
#   unit: ''
#   datatype: float64
#   format: '{:7.4f}'
#   description: Distance from center (254.50551041000-45.94779535000)[ICRS], at Epoch=J2016.0
#   meta: !!omap
#   - {ucd: POS_ANG_DIST_GENERAL}
#   - {width: 7}
#   - {precision: '4'}
# - name: HIP
#   datatype: int32
#   description: '? HIP cross-id number, van Leeuwen, Cat. I/311 (hip_original_ext_source_id)'
#   meta: !!omap
#   - {ucd: ID_NUMBER}
#   - {width: 6}
#   - values: {'null': -2147483648}
# - name: TYC2
#   datatype: string
#   description: Tycho-2 cross-id name, Hog et al., Cat. I/259 (tyc2_original_ext_source_id)
#   meta: !!omap
#   - {ucd: ID_CROSSID}
#   - {_votable_string_dtype: char}
# - name: Source
#   datatype: int64
#   description: Source identifier, identical to the Gaia-EDR3 source_id (id)
#   meta: !!omap
#   - {ucd: ID_MAIN}
#   - {width: 19}
# - name: rgeo
#   unit: pc
#   datatype: float64
#   format: '{:15.8f}'
#   description: '? Median of the geometric distance posterior (r_med_geo)'
#   meta: !!omap
#   - {ucd: PHYS_DISTANCE_TRUE}
#   - {width: 15}
#   - {precision: '8'}
#   - values: {'null': .nan}
# - name: Plx
#   unit: mas
#   datatype: float64
#   format: '{:9.4f}'
#   description: '? Parallax (parallax)'
#   meta: !!omap
#   - {ucd: POS_PARLX_TRIG}
#   - {width: 9}
#   - {precision: '4'}
#   - values: {'null': .nan}
# - name: e_Plx
#   unit: mas
#   datatype: float32
#   format: '{:7.4f}'
#   description: '? Standard error of parallax (parallax_error)'
#   meta: !!omap
#   - {ucd: ERROR}
#   - {width: 7}
#   - {precision: '4'}
#   - values: {'null': .nan}
# - name: pmRA
#   unit: mas / yr
#   datatype: float64
#   format: '{:9.3f}'
#   description: '? Proper motion in right ascension direction, pmRA*cosDE (pmra)'
#   meta: !!omap
#   - {ucd: POS_EQ_PMRA}
#   - {width: 9}
#   - {precision: '3'}
#   - values: {'null': .nan}
# - name: pmDE
#   unit: mas / yr
#   datatype: float64
#   format: '{:9.3f}'
#   description: '? Proper motion in declination direction (pmdec)'
#   meta: !!omap
#   - {ucd: POS_EQ_PMDEC}
#   - {width: 9}
#   - {precision: '3'}
#   - values: {'null': .nan}
# - name: e_pmRA
#   unit: mas / yr
#   datatype: float32
#   format: '{:6.3f}'
#   description: '? Standard error of proper motion in right ascension direction (pmra_error)'
#   meta: !!omap
#   - {ucd: ERROR}
#   - {width: 6}
#   - {precision: '3'}
#   - values: {'null': .nan}
# - name: e_pmDE
[...]
#         unit: &id001 !astropy.units.Unit {unit: deg}
#         value: !astropy.table.SerializedColumn {name: SkyCoord.dec}
#       distance: !astropy.table.SerializedColumn
#         __class__: astropy.coordinates.distances.Distance
#         unit: !astropy.units.Unit {unit: pc}
#         value: !astropy.table.SerializedColumn {name: SkyCoord.distance}
#       frame: icrs
#       obstime: !astropy.time.Time {format: jyear_str, in_subfmt: '*', jd1: 367701545.0, jd2: 0.0, out_subfmt: '*', precision: 3, scale: tt}
#       pm_dec: !astropy.table.SerializedColumn
#         __class__: astropy.units.quantity.Quantity
#         unit: !astropy.units.Unit {unit: mas / yr}
#         value: !astropy.table.SerializedColumn {name: SkyCoord.pm_dec}
#       pm_ra_cosdec: !astropy.table.SerializedColumn
#         __class__: astropy.units.quantity.Quantity
#         unit: !astropy.units.Unit {unit: mas / yr}
#         value: !astropy.table.SerializedColumn {name: SkyCoord.pm_ra_cosdec}
#       ra: !astropy.table.SerializedColumn
#         __class__: astropy.coordinates.angles.Longitude
#         unit: *id001
#         value: !astropy.table.SerializedColumn {name: SkyCoord.ra}
#         wrap_angle: !astropy.coordinates.Angle
#           unit: *id001
#           value: 360.0
#       representation_type: spherical
# schema: astropy-2.0
RA_ICRS_1 DE_ICRS_1 e_RA_ICRS e_DE_ICRS _r_1 HIP TYC2 Source rgeo Plx e_Plx pmRA pmDE e_pmRA e_pmDE RUWE Teff logg Gmag BP-RP BPmag RPmag RV e_RV b_rgeo B_rgeo FG e_FG FBP e_FBP FRP e_FRP RAVE5 RAVE6 e_Gmag e_BPmag e_RPmag e_BP-RP SkyCoord.ra SkyCoord.dec SkyCoord.distance SkyCoord.pm_ra_cosdec SkyCoord.pm_dec
[from data line 556]
255.3079841252 -45.95902034917 0.0197 0.0139 33.4815 "" "" 5963262233059975808 767.613281 1.2571 0.0202 -5.805 -1.952 0.027 0.021 0.963 5780.0 4.3494 14.443141 1.019342 14.868388 13.849046 -31.06 10.63 754.598083 777.706482 31455.03557 5.8818 15419.0 12.634 22884.0 13.598 "" "" 0.002762789818447476 0.002928564 0.0038340525 0.0067626163 255.3079841252 -45.95902034917 767.613281 -5.805 -1.9520000000000004
254.90988553717 -46.57615229993 0.0201 0.0142 41.2645 "" "" 5963132357553852288 985.974121 0.9785 0.0232 -0.975 -2.323 0.027 0.023 0.973 7196.8 4.0845 14.444166 1.474377 15.112968 13.638592 61.01 6.91 964.859741 1005.64307 31425.35628 8.5777 12309.0 21.534 27779.0 24.519 "" "" 0.002771212148965135 0.0033753417 0.0038989875 0.007274329 254.90988553717 -46.57615229993 985.974121 -0.9750000000000001 -2.3229999999999995
254.24799665956 -45.87430106828 0.0182 0.0127 11.6195 "" "" 5963945515126822144 1005.15833 0.9544 0.021 -4.201 -5.859 0.026 0.021 0.935 "" "" 14.445106 1.374397 15.055325 13.680927 "" "" 981.891418 1027.96899 31398.19351 6.534 12980.0 11.111 26717.0 17.24 "" "" 0.0027645686130758173 0.0029408897 0.003843771 0.0067846607 254.24799665956 -45.87430106828 1005.15833 -4.200999999999999 -5.858999999999999
254.7465604571 -45.95573265118 0.0198 0.0143 10.0669 "" "" 5963185439045266816 878.839111 1.09 0.0224 0.79 -2.972 0.028 0.022 1.027 5400.9 4.2302 14.445873 1.051056 14.884889 13.833833 37.55 5.43 859.672119 899.484131 31376.00206 7.3108 15187.0 18.453 23207.0 15.163 "" "" 0.002766909807629062 0.0030863255 0.0038453834 0.006931709 254.7465604571 -45.95573265118 878.839111 0.7900000000000001 -2.9719999999999995
254.87878233513 -45.69808820509 0.0197 0.0143 21.6348 "" "" 5963283196806577408 1033.18652 0.9326 0.0218 -3.512 -5.925 0.026 0.022 0.973 "" "" 14.446392 1.721917 15.263737 13.54182 -10.85 4.65 1012.46533 1057.48877 31360.99757 8.1597 10713.0 13.527 30369.0 16.383 "" "" 0.002769763897237053 0.0031087766 0.0038244987 0.0069332756 254.87878233513 -45.69808820509 1033.18652 -3.5119999999999996 -5.925
255.23784992382 -46.04043829752 0.0206 0.014 31.0286 "" "" 5963260107062281600 1007.36853 0.9565 0.022 -0.714 -2.526 0.027 0.022 1.164 "" "" 14.447243 1.303374 15.007755 13.704381 "" "" 987.008667 1028.9209 31336.45021 8.2684 13562.0 22.041 26146.0 21.773 "" "" 0.002770173428448085 0.003301311 0.0038860266 0.0071873376 255.23784992382 -46.04043829752 1007.36853 -0.714 -2.526
254.75937564179 -46.55170871887 0.0201 0.0139 37.7346 "" "" 5963139190836700160 882.255188 1.0891 0.0228 -7.226 -3.243 0.027 0.023 0.994 5867.8 4.1985 14.448552 1.040591 14.882297 13.841706 -38.64 5.58 865.740723 901.218018 31298.67621 6.2984 15223.0 17.542 23040.0 13.32 "" "" 0.002763969359966409 0.003057839 0.0038311516 0.0068889908 254.75937564179 -46.55170871887 882.255188 -7.226 -3.2430000000000003
253.69957700497 -45.65940330578 0.0199 0.0141 37.8913 "" "" 5963979290751340672 945.367065 1.0188 0.0228 3.538 5.729 0.029 0.024 0.937 5723.1 4.0812 14.455193 1.189812 14.969344 13.779532 10.67 6.18 927.499451 965.146484 31107.83741 5.7996 14050.0 13.812 24398.0 14.383 "" "" 0.002762745571240057 0.002987352 0.0038331973 0.0068205493 253.69957700497 -45.65940330578 945.367065 3.537999999999999 5.729
254.90193016928 -45.90781537657 0.0205 0.0157 16.7171 "" "" 5963183656644326400 861.755188 1.123 0.0222 -2.701 -7.823 0.028 0.024 0.984 5308.4 4.2737 14.458287 1.022576 14.881448 13.858871 26.21 6.71 846.173828 878.850464 31019.28254 6.2811 15235.0 12.249 22678.0 22.822 "" "" 0.002764077391102011 0.0029235366 0.003934154 0.0068576904 254.90193016928 -45.90781537657 861.755188 -2.7010000000000005 -7.823000000000002
255.05180406052 -45.9252366225 0.047 0.0339 22.8355 "" "" 5963276324858830336 967.751282 0.9948 0.0505 1.742 0.287 0.067 0.055 2.484 5112.0 4.2716 14.460758 1.163394 14.939201 13.775807 122.61 4.37 924.148193 1018.17389 30948.76403 8.1034 14446.0 13.867 24481.0 50.359 "" "" 0.0027699467975587882 0.0029784676 0.0043899813 0.007368449 255.05180406052 -45.9252366225 967.751282 1.7419999999999998 0.2869999999999999
254.28222504454 -45.38815403513 0.0167 0.0125 34.8592 "" "" 5964055328861666944 960.423767 1.003 0.0194 -3.229 -4.425 0.023 0.02 1.007 5673.6 4.1807 14.460804 1.13636 14.939798 13.803438 -51.45 8.09 946.507202 978.995056 30947.47843 11.73 14438.0 22.141 23866.0 29.377 "" "" 0.0027858827776345617 0.0032491963 0.004008718 0.007257914 254.28222504454 -45.38815403513 960.423767 -3.229 -4.425000000000001
254.42980962426 -45.69779496079 0.0182 0.013 15.3303 "" "" 5963943758472283136 914.971191 1.0544 0.0207 -6.565 -8.971 0.025 0.02 0.985 5596.7 4.2735 14.460856 0.992397 14.869407 13.877009 -70.79 7.18 899.691284 932.567688 30945.98726 6.1778 15405.0 13.195 22303.0 15.863 "" "" 0.00276383227065986 0.002941072 0.0038574687 0.0067985407 254.42980962426 -45.69779496079 914.971191 -6.5649999999999995 -8.971
254.51523896176 -45.73759396675 0.0194 0.0142 12.6186 "" "" 5963942697628257664 865.238708 1.115 0.0215 -6.489 -7.676 0.026 0.022 1.072 5857.4 4.1613 14.46438 1.15044 14.951382 13.800941 0.2 5.7 850.933289 878.548767 30845.69175 6.9555 14284.0 16.564 23921.0 26.2 "" "" 0.002766175942154829 0.0030610834 0.0039620535 0.007023137 254.51523896176 -45.73759396675 865.238708 -6.489000000000001 -7.676
254.62666903241 -45.66186915403 0.0479 0.0349 17.8884 "" "" 5964034094542999424 1091.44226 0.8982 0.0565 -4.392 -9.708 0.063 0.052 3.134 5832.9 4.3085 14.464506 1.139932 14.88408 13.744148 -7.71 9.12 1026.24451 1161.41064 30842.12552 20.563 15198.0 16.488 25206.0 20.726 "" "" 0.002848822811810031 0.0030286103 0.0038833944 0.0069120047 254.62666903241 -45.66186915403 1091.44226 -4.392 -9.708000000000002
254.59576185862 -46.30892995439 0.0202 0.0141 21.9907 "" "" 5963150602575074688 1012.841 0.9314 0.0213 -2.11 -2.255 0.028 0.023 1.049 "" "" 14.467539 2.421385 15.768006 13.346621 -32.33 2.48 990.539429 1041.92139 30756.10405 8.4737 6733.1 13.453 36350.0 24.39 "" "" 0.002771510538068394 0.003534275 0.0038489536 0.0073832287 254.59576185862 -46.30892995439 1012.841 -2.1099999999999994 -2.255
255.08691347821 -46.14580058067 0.0199 0.0151 26.9696 "" "" 5963167812499257856 866.493896 1.1154 0.0214 -1.049 -5.358 0.026 0.023 0.994 5353.3 4.273 14.473804 1.106723 14.942226 13.835504 -7.82 7.62 848.489563 888.080627 30579.14259 19.493 14405.0 32.408 23172.0 38.991 "" "" 0.0028409173350034634 0.003708321 0.004197791 0.007906112 255.08691347821 -46.14580058067 866.493896 -1.0489999999999997 -5.3580000000000005
255.43433051223 -45.75618347969 0.021 0.015 40.4827 "" "" 5963270513756745216 870.92688 1.1048 0.0221 -15.141 -30.056 0.032 0.025 1.016 5394.7 4.2732 14.475475 1.113411 14.94719 13.833779 -62.27 4.6 854.915771 887.545837 30532.09297 6.2872 14340.0 14.34 23208.0 17.216 "" "" 0.0027643761670726663 0.0029939725 0.0038642487 0.0068582213 255.43433051223 -45.75618347969 870.92688 -15.141000000000002 -30.055999999999997
253.61675862872 -46.16789652448 0.0181 0.0139 39.2896 "" "" 5939945237870942464 828.848755 1.1711 0.0212 1.502 -3.991 0.026 0.022 0.948 5635.4 4.3589 14.477526 0.962093 14.872329 13.910235 13.6 5.08 813.989502 842.095154 30474.48438 6.4166 15363.0 16.733 21630.0 15.404 "" "" 0.0027647877643113376 0.0030304273 0.0038576666 0.006888094 253.61675862872 -46.16789652448 828.848755 1.5019999999999998 -3.9909999999999997
254.14449763012 -45.6997449054 0.0202 0.0144 21.1979 "" "" 5963952009117681920 913.578369 1.0569 0.0238 -1.24 -4.888 0.028 0.023 1.127 5911.1 4.195 14.482434 1.042238 14.914274 13.872036 "" "" 897.161133 932.425049 30337.02855 7.2771 14781.0 14.757 22405.0 14.7 "" "" 0.0027676016685207494 0.0029933336 0.0038459299 0.0068392633 254.14449763012 -45.6997449054 913.578369 -1.24 -4.888
253.9580237119 -45.69524557275 0.0209 0.0154 27.4531 "" "" 5963998188608301440 933.821655 1.038 0.0268 -3.33 -3.815 0.031 0.026 1.124 5906.5 4.0188 14.4906 1.165082 14.98715 13.822068 -7.7 7.17 909.409119 958.141357 30109.73314 7.3211 13822.0 12.49 23460.0 15.81 "" "" 0.0027679382471875675 0.002957637 0.0038495585 0.0068071955 253.9580237119 -45.69524557275 933.821655 -3.3299999999999996 -3.815
255.01435925153 -46.4943692021 0.0201 0.0137 39.0086 "" "" 5963133663223915776 900.058594 1.0676 0.0222 -3.64 -5.984 0.027 0.021 0.97 5540.7 4.2777 14.494566 0.972506 14.892726 13.92022 -44.52 7.08 880.737549 918.107178 29999.93825 6.0556 15077.0 20.859 21432.0 16.285 "" "" 0.0027640225176651214 0.003168816 0.0038683766 0.0070371926 255.01435925153 -46.4943692021 900.058594 -3.64 -5.984
254.1624571436 -45.376424435 0.0195 0.0136 37.178 "" "" 5964056050416259200 946.026489 1.0154 0.0214 -6.613 -6.781 0.026 0.021 0.963 5271.9 4.1618 14.495869 1.186832 15.009039 13.822207 -74.57 7.11 930.871155 966.31488 29963.9591 6.5135 13546.0 14.39 23457.0 15.98 "" "" 0.0027654100001605697 0.0030191627 0.0038510798 0.0068702428 254.1624571436 -45.376424435 946.026489 -6.613000000000001 -6.781
255.23004290918 -45.74122499243 0.0217 0.0145 32.721 "" "" 5963273507360447360 803.005676 1.2009 0.0224 -7.384 -19.113 0.031 0.023 1.003 5568.3 4.2888 14.501674 1.07056 14.955641 13.885081 -11.08 6.12 789.112732 817.040894 29804.19563 5.2748 14229.0 14.75 22137.0 16.73 "" "" 0.0027620125179196853 0.0030086173 0.0038674306 0.0068760477 255.23004290918 -45.74122499243 803.005676 -7.384 -19.113
253.89907758824 -45.89386189711 0.0197 0.0147 25.5179 "" "" 5963971628529583744 1137.90247 0.8428 0.0252 -3.337 -2.324 0.029 0.024 1.021 7598.6 4.0416 14.507035 1.358067 15.106824 13.748757 "" "" 1102.14294 1165.58508 29657.36876 6.8407 12379.0 15.111 25099.0 25.908 "" "" 0.002766677843537511 0.00308895 0.0039420514 0.007031001 253.89907758824 -45.89386189711 1137.90247 -3.3370000000000006 -2.324
253.67417126487 -46.35223905856 0.0211 0.0146 42.2248 "" "" 5939935136107657344 860.46991 1.1127 0.0222 -4.326 -5.896 0.029 0.023 0.915 5543.1 4.3227 14.508773 1.056053 14.953356 13.897303 23.59 11.97 841.986816 882.596436 29609.9445 10.471 14259.0 26.495 21890.0 21.008 "" "" 0.0027819430494290588 0.0034431214 0.0039203917 0.007363513 253.67417126487 -46.35223905856 860.46991 -4.3260000000000005 -5.896
254.95464023702 -46.44429302527 0.0226 0.0154 35.1477 "" "" 5963135071973215104 1143.35657 0.8307 0.0251 -0.811 -3.502 0.03 0.024 1.115 "" "" 14.510776 2.115856 15.587154 13.471298 "" "" 1103.92224 1184.59888 29555.36837 25.059 7953.4 27.477 32407.0 79.458 "" "" 0.0029050332870850432 0.0046748947 0.00462282 0.009297715 254.95464023702 -46.44429302527 1143.35657 -0.811 -3.502
254.45416639869 -45.81834092726 0.0208 0.0155 8.0579 "" "" 5963940567324438912 970.908142 0.9897 0.0226 0.635 -7.622 0.029 0.025 1.011 5864.0 4.0993 14.511324 1.082563 14.96605 13.883487 -62.0 8.39 950.623596 994.618958 29540.45651 5.6941 14093.0 13.265 22170.0 15.23 "" "" 0.002763256850237193 0.0029714345 0.003852277 0.0068237116 254.45416639869 -45.81834092726 970.908142 0.635 -7.622
254.31520433508 -46.31071295189 0.0206 0.0142 23.1684 "" "" 5963898820241638144 782.437317 1.2356 0.0218 -6.153 -11.829 0.03 0.023 0.958 5711.2 4.4539 14.514043 1.018763 14.939889 13.921126 -26.03 8.18 769.622131 797.023621 29466.57374 9.7087 14436.0 20.341 21414.0 22.305 "" "" 0.0027784456794389444 0.003182059 0.0039449576 0.007127017 254.31520433508 -46.31071295189 782.437317 -6.1530000000000005 -11.829
254.36489148021 -45.37161187378 0.0244 0.0185 35.0703 "" "" 5964053675277503872 1065.76868 0.9066 0.0292 -1.31 -3.637 0.034 0.029 1.455 "" "" 14.514166 1.501966 15.196739 13.694773 -52.61 6.38 1029.81665 1096.4895 29463.23238 8.376 11395.0 18.699 26378.0 19.921 "" "" 0.0027725548710826457 0.0033105002 0.0038673072 0.0071778074 254.36489148021 -45.37161187378 1065.76868 -1.3099999999999998 -3.6370000000000005
254.12335174844 -45.94456800167 0.0188 0.0146 15.9448 "" "" 5963922013064885504 877.355713 1.0973 0.0229 -2.588 -4.163 0.027 0.024 1.079 5929.4 4.3063 14.520845 1.062374 14.966026 13.903652 -17.53 4.73 858.003052 893.798767 29282.52154 5.5106 14093.0 19.465 21762.0 15.736 "" "" 0.00276288559462546 0.0031676248 0.003860064 0.007027689 254.12335174844 -45.94456800167 877.355713 -2.5880000000000005 -4.163
254.1969076302 -45.717667104 0.0225 0.0145 18.8969 "" "" 5963948813661947904 979.551941 0.9842 0.0261 0.423 -2.551 0.03 0.025 1.098 6004.9 4.1105 14.528401 1.112169 14.989457 13.877288 -12.28 9.61 954.228027 1012.77783 29079.45941 7.1836 13792.0 15.919 22297.0 16.316 "" "" 0.0027683438576495104 0.0030586768 0.0038619877 0.0069206646 254.1969076302 -45.717667104 979.551941 0.42300000000000004 -2.551
253.5484627691 -46.13522377493 0.0177 0.0152 41.4151 "" "" 5939946303022706432 844.376404 1.1419 0.0231 5.194 3.646 0.025 0.024 0.998 5822.2 4.3456 14.528924 1.01848 14.95331 13.93483 11.33 6.18 827.037964 859.516907 29065.46334 6.0896 14259.0 17.253 21146.0 13.904 "" "" 0.0027646943400754832 0.0030839723 0.003846216 0.0069301883 253.5484627691 -46.13522377493 844.376404 5.194 3.646
254.49584884005 -45.99237919572 0.0204 0.014 2.7052 "" "" 5963929159891203968 932.99646 1.0358 0.0225 0.287 -2.107 0.029 0.022 1.035 6026.1 4.1448 14.529882 1.113339 14.997376 13.884036 -38.05 8.69 913.671814 950.064636 29039.81891 8.1891 13692.0 22.44 22159.0 19.411 "" "" 0.002772279057625614 0.0033092916 0.003897217 0.007206509 254.49584884005 -45.99237919572 932.99646 0.2869999999999999 -2.107
253.87344067814 -46.01679481612 0.0192 0.0155 26.6759 "" "" 5963964619143155456 816.681274 1.1841 0.0224 -5.687 -27.502 0.027 0.024 0.976 5744.4 4.358 14.533445 1.070045 14.975086 13.905041 -28.36 10.2 802.563477 830.580627 28944.67444 6.3834 13976.0 15.744 21734.0 32.857 "" "" 0.0027657049398688927 0.0030464707 0.0041204244 0.007166895 253.87344067814 -46.01679481612 816.681274 -5.687 -27.501999999999995
254.35989587159 -46.03967832022 0.2246 0.1466 8.1997 "" "" 5963908986415972096 928.351685 1.3139 0.252 -1.612 -2.963 0.305 0.236 11.186 7972.3 2.7851 14.540074 1.711666 15.239756 13.52809 35.71 6.45 771.819336 1130.43494 28768.48559 28.483 10953.0 20.782 30755.0 51.887 "" "" 0.0029575889177921285 0.003468266 0.0041998867 0.0076681525 254.35989587159 -46.03967832022 928.351685 -1.612 -2.9630000000000005
254.48215125488 -45.94468062102 0.0494 0.033 0.9923 "" "" 5963933729737076736 932.962463 1.0388 0.0545 0.519 -1.941 0.07 0.055 2.207 6005.7 4.1852 14.541049 1.174899 15.022904 13.848005 -5.15 7.12 887.809509 992.850952 28742.67866 19.163 13374.0 27.941 22906.0 40.548 "" "" 0.0028488203034504563 0.0035958781 0.004240007 0.0078358855 254.48215125488 -45.94468062102 932.962463 0.519 -1.9410000000000003
254.2063961253 -45.65962011655 0.0193 0.0137 21.3422 "" "" 5963957811605436672 809.965088 1.1916 0.0228 1.252 -5.626 0.028 0.023 1.019 5296.8 4.1779 14.543298 1.271871 15.103166 13.831295 "" "" 797.490479 827.195862 28683.19711 29.885 12421.0 43.353 23262.0 71.116 "" "" 0.002978500502444695 0.0047059203 0.0050300476 0.009735968 254.2063961253 -45.65962011655 809.965088 1.2519999999999998 -5.626000000000001
254.25534175663 -46.06844590376 0.0208 0.0142 12.6922 "" "" 5963920398157410688 902.186768 1.0646 0.0226 -9.818 -5.909 0.031 0.023 0.989 5076.4 4.2575 14.545402 1.170959 15.053411 13.882453 -27.5 4.36 886.466187 922.447083 28627.68176 5.1485 13003.0 11.533 22191.0 15.208 "" "" 0.0027622304111729213 0.0029516781 0.0038519322 0.0068036104 254.25534175663 -46.06844590376 902.186768 -9.818 -5.909000000000001
254.42526490221 -45.7139756709 0.0193 0.0134 14.4247 "" "" 5963942285311473792 976.474487 0.9891 0.0224 -11.423 -10.168 0.027 0.021 1.064 4967.1 3.5978 14.549264 1.757089 15.391323 13.634234 -26.32 2.5 951.339539 1002.51459 28526.03097 6.634 9525.5 9.1502 27891.0 18.387 "" "" 0.0027668655158267475 0.0029787265 0.0038465632 0.0068252897 254.42526490221 -45.7139756709 976.474487 -11.423 -10.168
