Clusters/NGC_6250/NGC_6250_stars_in_region.tsv
# %ECSV 1.0
# ---
# datatype:
# - name: RA_ICRS_1
#   unit: deg
#   datatype: float64
#   format: '{:15.11f}'
#   description: Right ascension (ICRS) at Ep=2016.0 (ra)
#   meta: !!omap
#   - {ucd: POS_EQ_RA_MAIN}
#   - {width: 15}
#   - {precision: '11'}
# - name: DE_ICRS_1
#   unit: deg
#   datatype: float64
#   format: '{:15.11f}'
#   description: Declination (ICRS) at Ep=2016.0 (dec)
#   meta: !!omap
#   - {ucd: POS_EQ_DEC_MAIN}
#   - {width: 15}
#   - {precision: '11'}
# - name: e_RA_ICRS
#   unit: mas
#   datatype: float64
#   format: '{:7.4f}'
#   description: Standard error of right ascension (ra_error)
#   meta: !!omap
#   - {ucd: ERROR}
#   - {width: 7}
#   - {precision: '4'}
# - name: e_DE_ICRS
#   unit: mas
#   datatype: float64
#   format: '{:7.4f}'
#   description: Standard error of declination (dec_error)
#   meta: !!omap
#   - {ucd: ERROR}
#   - {width: 7}
#   - {precision: '4'}
# - name: _r_1
#   unit: ''
#   datatype: float64
#   format: '{:7.4f}'
#   description: Distance from center (254.50551041000-45.94779535000)[ICRS], at Epoch=J2016.0
#   meta: !!omap
#   - {ucd: POS_ANG_DIST_GENERAL}
#   - {width: 7}
#   - {precision: '4'}
# - name: HIP
#   datatype: int32
#   description: '? HIP cross-id number, van Leeuwen, Cat. I/311 (hip_original_ext_source_id)'
#   meta: !!omap
#   - {ucd: ID_NUMBER}
#   - {width: 6}
#   - values: {'null': -2147483648}
# - name: TYC2
#   datatype: string
#   description: Tycho-2 cross-id name, Hog et al., Cat. I/259 (tyc2_original_ext_source_id)
#   meta: !!omap
#   - {ucd: ID_CROSSID}
#   - {_votable_string_dtype: char}
# - name: Source
#   datatype: int64
#   description: Source identifier, identical to the Gaia-EDR3 source_id (id)
#   meta: !!omap
#   - {ucd: ID_MAIN}
#   - {width: 19}
# - name: rgeo
#   unit: pc
#   datatype: float64
#   format: '{:15.8f}'
#   description: '? Median of the geometric distance posterior (r_med_geo)'
#   meta: !!omap
#   - {ucd: PHYS_DISTANCE_TRUE}
#   - {width: 15}
#   - {precision: '8'}
#   - values: {'null': .nan}
# - name: Plx
#   unit: mas
#   datatype: float64
#   format: '{:9.4f}'
#   description: '? Parallax (parallax)'
#   meta: !!omap
#   - {ucd: POS_PARLX_TRIG}
#   - {width: 9}
#   - {precision: '4'}
#   - values: {'null': .nan}
# - name: e_Plx
#   unit: mas
#   datatype: float32
#   format: '{:7.4f}'
#   description: '? Standard error of parallax (parallax_error)'
#   meta: !!omap
#   - {ucd: ERROR}
#   - {width: 7}
#   - {precision: '4'}
#   - values: {'null': .nan}
# - name: pmRA
#   unit: mas / yr
#   datatype: float64
#   format: '{:9.3f}'
#   description: '? Proper motion in right ascension direction, pmRA*cosDE (pmra)'
#   meta: !!omap
#   - {ucd: POS_EQ_PMRA}
#   - {width: 9}
#   - {precision: '3'}
#   - values: {'null': .nan}
# - name: pmDE
#   unit: mas / yr
#   datatype: float64
#   format: '{:9.3f}'
#   description: '? Proper motion in declination direction (pmdec)'
#   meta: !!omap
#   - {ucd: POS_EQ_PMDEC}
#   - {width: 9}
#   - {precision: '3'}
#   - values: {'null': .nan}
# - name: e_pmRA
#   unit: mas / yr
#   datatype: float32
#   format: '{:6.3f}'
#   description: '? Standard error of proper motion in right ascension direction (pmra_error)'
#   meta: !!omap
#   - {ucd: ERROR}
#   - {width: 6}
#   - {precision: '3'}
#   - values: {'null': .nan}
# - name: e_pmDE
[...]
#         unit: &id001 !astropy.units.Unit {unit: deg}
#         value: !astropy.table.SerializedColumn {name: SkyCoord.dec}
#       distance: !astropy.table.SerializedColumn
#         __class__: astropy.coordinates.distances.Distance
#         unit: !astropy.units.Unit {unit: pc}
#         value: !astropy.table.SerializedColumn {name: SkyCoord.distance}
#       frame: icrs
#       obstime: !astropy.time.Time {format: jyear_str, in_subfmt: '*', jd1: 367701545.0, jd2: 0.0, out_subfmt: '*', precision: 3, scale: tt}
#       pm_dec: !astropy.table.SerializedColumn
#         __class__: astropy.units.quantity.Quantity
#         unit: !astropy.units.Unit {unit: mas / yr}
#         value: !astropy.table.SerializedColumn {name: SkyCoord.pm_dec}
#       pm_ra_cosdec: !astropy.table.SerializedColumn
#         __class__: astropy.units.quantity.Quantity
#         unit: !astropy.units.Unit {unit: mas / yr}
#         value: !astropy.table.SerializedColumn {name: SkyCoord.pm_ra_cosdec}
#       ra: !astropy.table.SerializedColumn
#         __class__: astropy.coordinates.angles.Longitude
#         unit: *id001
#         value: !astropy.table.SerializedColumn {name: SkyCoord.ra}
#         wrap_angle: !astropy.coordinates.Angle
#           unit: *id001
#           value: 360.0
#       representation_type: spherical
# schema: astropy-2.0
RA_ICRS_1 DE_ICRS_1 e_RA_ICRS e_DE_ICRS _r_1 HIP TYC2 Source rgeo Plx e_Plx pmRA pmDE e_pmRA e_pmDE RUWE Teff logg Gmag BP-RP BPmag RPmag RV e_RV b_rgeo B_rgeo FG e_FG FBP e_FBP FRP e_FRP RAVE5 RAVE6 e_Gmag e_BPmag e_RPmag e_BP-RP SkyCoord.ra SkyCoord.dec SkyCoord.distance SkyCoord.pm_ra_cosdec SkyCoord.pm_dec
255.13483295826 -45.45176392069 0.0239 0.0175 39.7646 83230 8327-319-1 5963313055420825600 971.439026 0.9995 0.0283 -1.303 -1.883 0.032 0.028 0.873 "" "" 5.768646 2.174293 6.892539 4.718247 2.65 0.28 948.269531 997.425903 92787299.48124 69438.0 23900000.0 73571.0 102770000.0 265750.0 "" "" 0.0028726250674044663 0.0043537775 0.004708099 0.009061877 255.13483295826 -45.45176392069 971.439026 -1.3030000000000002 -1.8830000000000005
254.97718382202 -46.31729533896 0.0253 0.0163 29.5995 "" 8327-1545-1 5963159364309081472 909.337952 1.0649 0.0241 -0.477 -2.946 0.032 0.025 0.934 "" "" 7.376244 0.663612 7.58368 6.920068 "" "" 890.677368 929.735474 21108109.66986 65780.0 12646000.0 105600.0 13525000.0 79228.0 "" "" 0.004363485064752197 0.009486027 0.0073983055 0.016884333 254.97718382202 -46.31729533896 909.337952 -0.4769999999999999 -2.9459999999999997
254.91836390397 -46.48293149582 0.0376 0.0252 36.3967 "" 8327-1363-1 5963133113459481600 975.586121 0.9993 0.0406 1.005 -2.881 0.05 0.039 1.061 18731.4 3.6074 7.703534 -0.014278 7.675809 7.690088 "" "" 935.206726 1025.69775 15614684.26761 7920.6 11617000.0 14019.0 6654600.0 8878.4 "" "" 0.0028098233946869224 0.0030824908 0.0040474758 0.0071299663 254.91836390397 -46.48293149582 975.586121 1.005 -2.8809999999999993
254.53303840526 -45.98235955661 0.0269 0.0173 2.3704 83039 8327-1704-1 5963930598690559744 970.048157 1.0066 0.0281 0.218 -2.387 0.036 0.028 0.868 18586.5 3.3987 7.872312 0.220042 7.927492 7.70745 "" "" 938.745483 997.30957 13366631.46685 6400.0 9213400.0 10759.0 6549000.0 7229.3 "" "" 0.002803932724015668 0.0030647274 0.003964868 0.0070295953 254.53303840526 -45.98235955661 970.048157 0.21799999999999997 -2.3869999999999996
254.7366982008 -46.129005138 0.0369 0.0255 14.5235 83105 8327-1291-1 5963177471893188352 944.949707 1.0117 0.0394 0.451 -2.501 0.048 0.039 0.933 "" "" 8.09032 0.296139 8.16975 7.873611 "" "" 910.028442 983.398315 10934998.42777 9146.8 7370800.0 13218.0 5619700.0 13873.0 J165856.8-460744 20050428_1644m47_104 0.002901136171971773 0.0034023556 0.0046333224 0.008035678 254.7366982008 -46.129005138 944.949707 0.45099999999999996 -2.5009999999999994
254.42851327496 -45.96147304578 0.0252 0.0157 3.315 83008 8327-1584-1 5963932351037216000 961.635437 1.0162 0.0254 0.416 -2.474 0.034 0.026 1.032 "" "" 8.6783 0.286122 8.761218 8.475096 "" "" 941.481873 983.51239 6362485.80919 1716.7 4274900.0 2113.8 3229400.0 1179.7 J165742.8-455741 20040923_1646m47_101 0.0027708497719694104 0.0028413497 0.003800136 0.0066414857 254.42851327496 -45.96147304578 961.635437 0.416 -2.474
254.86121946362 -45.88452779315 0.0208 0.0152 15.3258 "" 8327-1497-1 5963186675994591616 964.615967 1.0027 0.0255 0.816 -2.136 0.032 0.025 0.994 14991.5 3.5186 9.006226 0.383472 9.126326 8.742853 "" "" 943.33374 983.708923 4703884.18895 1467.8 3054100.0 1366.3 2523600.0 1113.6 "" "" 0.0027760709962263513 0.0028321322 0.0038096288 0.006641761 254.86121946362 -45.88452779315 964.615967 0.8160000000000002 -2.136
254.33520961145 -45.86607442232 0.0162 0.0108 8.6368 "" 8327-1490-1 5963946820796839424 914.163391 1.0708 0.0182 0.268 -2.446 0.022 0.017 0.801 "" "" 9.039806 0.250219 9.109652 8.859432 "" "" 898.804565 931.986816 4560625.25719 1493.0 3101400.0 1781.5 2266700.0 1253.8 J165720.5-455158 20040923_1646m47_099 0.002778151032905016 0.0028590222 0.0038268005 0.0066858227 254.33520961145 -45.86607442232 914.163391 0.26800000000000007 -2.446
255.27447711956 -45.70119084423 0.0367 0.0235 35.3927 "" 8327-741-1 5963274331994341504 1071.95532 0.9121 0.0332 0.665 -2.81 0.054 0.038 1.774 18715.4 3.2051 9.237243 1.505249 9.91843 8.413181 "" "" 1035.4585 1110.07544 3802330.08949 4397.9 1472500.0 4943.0 3418900.0 12781.0 "" "" 0.0030280056682466566 0.0045900713 0.005545987 0.010136059 255.27447711956 -45.70119084423 1071.95532 0.665 -2.8100000000000005
254.28134447168 -45.48429063929 0.0123 0.0093 29.353 "" 8327-797-1 5964051583650105984 803.284546 1.2131 0.0149 -28.497 -4.123 0.017 0.015 0.856 "" "" 9.269389 1.618342 10.032776 8.414433 -38.92 0.2 795.088867 813.032837 3691400.98676 718.57 1325300.0 1198.3 3415000.0 1772.8 "" "" 0.002763414230193438 0.0029578318 0.0038211783 0.0067790104 254.28134447168 -45.48429063929 803.284546 -28.496999999999996 -4.123
254.63094166948 -46.44162803775 0.0177 0.0116 30.0844 "" 8327-1898-1 5963142974713107712 919.661255 1.0505 0.0168 6.657 4.926 0.022 0.017 0.9 4902.1 1.7698 9.28313 2.108235 10.369653 8.261417 73.83 0.14 907.765503 933.249207 3644977.69966 1069.2 971750.0 843.14 3931800.0 1944.5 "" "" 0.002773665769690587 0.0029449088 0.0038173357 0.0067622447 254.63094166948 -46.44162803775 919.661255 6.657000000000001 4.926
254.48324041085 -45.93599105481 0.0182 0.0128 1.1683 "" 8327-955-1 5963933725439871488 976.104858 1.004 0.0206 0.613 -2.463 0.024 0.02 0.87 "" "" 9.588455 0.299725 9.658408 9.358684 "" "" 954.227844 998.008728 2751468.75864 916.84 1870900.0 4136.0 1431100.0 3011.7 "" "" 0.002778970929651793 0.0036805149 0.004416386 0.008096901 254.48324041085 -45.93599105481 976.104858 0.613 -2.463
254.8196026409 -45.36582255906 0.034 0.0233 37.3201 "" 8327-637-1 5964044539904144896 899.532654 1.0932 0.0371 -0.293 -3.892 0.048 0.038 1.707 "" "" 9.74678 0.247122 9.820444 9.573322 "" "" 872.984741 935.489258 2378123.92695 852.65 1611500.0 1315.5 1174400.0 722.83 J165916.7-452157 20040923_1646m47_098 0.002782683469390666 0.002927557 0.0038380069 0.006765564 254.8196026409 -45.36582255906 899.532654 -0.2929999999999999 -3.8920000000000003
254.1726725912 -45.74351584253 0.0172 0.0117 18.5404 "" 8327-1243-1 5963951321922830976 855.931763 1.1442 0.0202 0.066 -3.928 0.025 0.02 0.859 "" "" 9.808969 0.152004 9.847909 9.695905 "" "" 841.635559 870.380188 2245739.63519 933.86 1571300.0 1859.0 1049100.0 736.58 "" "" 0.0027920657651852978 0.0030716555 0.0038554939 0.0069271494 254.1726725912 -45.74351584253 855.931763 0.06599999999999984 -3.928000000000001
255.18274493007 -45.66660652701 0.0154 0.01 32.9687 "" 8327-1039-1 5963275465865559040 891.657043 1.0913 0.0176 -8.208 -5.989 0.021 0.016 1.012 "" "" 9.927384 1.648324 10.713005 9.064681 -44.36 0.3 876.610229 904.815369 2013690.91097 332.32 708300.0 315.65 1876200.0 447.37 "" "" 0.002761140099567657 0.0028318122 0.0037882384 0.0066200504 255.18274493007 -45.66660652701 891.657043 -8.207999999999998 -5.988999999999999
253.69146957478 -46.09116463425 0.0139 0.0115 34.9906 "" 8327-1700-1 5939944408933485440 918.986267 1.0653 0.0175 0.323 -2.492 0.022 0.02 0.88 "" "" 9.929797 0.409998 10.064953 9.654955 "" "" 905.316406 932.399597 2009222.4318 594.82 1286600.0 1059.0 1089400.0 498.98 "" "" 0.002774005132230424 0.002929794 0.0038119596 0.006741754 253.69146957478 -46.09116463425 918.986267 0.3230000000000002 -2.492
254.94795595566 -45.96663959995 0.0147 0.0114 18.4897 "" 8327-1762-1 5963183240020755584 834.568054 1.1709 0.0162 -0.694 -3.645 0.02 0.018 1.012 5142.4 2.642 9.932114 1.27968 10.496577 9.216897 "" "" 824.27002 845.543396 2004938.93475 249.13 864540.0 253.38 1630800.0 416.05 "" "" 0.002758621129070655 0.0028082565 0.0037895187 0.006597775 254.94795595566 -45.96663959995 834.568054 -0.694 -3.6450000000000005
254.48235666442 -45.93596765364 0.0298 0.0216 1.1987 "" 8327-955-2 5963933729721869312 858.458923 1.1516 0.0356 0.023 -2.687 0.04 0.035 1.385 7410.7 3.3856 9.972224 0.309134 10.026827 9.717693 "" "" 832.763489 892.891968 1932222.09278 934.51 1332600.0 5566.9 1028200.0 4540.6 "" "" 0.00280491195613605 0.0053251307 0.0061051385 0.011430269 254.48235666442 -45.93596765364 858.458923 0.023000000000000076 -2.687
254.39954444929 -46.08836783459 0.018 0.0119 9.5201 "" 8327-1626-1 5963908063016646784 872.206726 1.1175 0.0204 1.265 -6.637 0.025 0.02 0.789 "" "" 9.979235 1.748147 10.828732 9.080585 -30.28 0.14 857.801392 885.242493 1919786.20761 420.25 636680.0 300.06 1848900.0 480.94 "" "" 0.002765551966005804 0.0028367024 0.0037899197 0.006626622 254.39954444929 -46.08836783459 872.206726 1.2649999999999995 -6.637
254.28413169316 -45.94118564633 0.0137 0.0097 9.2447 "" 8327-1886-1 5963944789263100672 911.180603 1.0647 0.0157 10.614 -8.979 0.019 0.016 0.965 "" "" 10.075135 1.683945 10.883863 9.199919 -8.77 0.15 898.639893 922.943787 1757489.48796 604.48 605160.0 569.79 1656500.0 754.79 "" "" 0.002780511126752736 0.0029715486 0.0038116234 0.006783172 254.28413169316 -45.94118564633 911.180603 10.614 -8.979
255.06248407375 -46.35411683261 0.0135 0.0089 33.62 "" 8327-1670-1 5963158363570188928 852.862061 1.139 0.0146 -1.096 -1.224 0.019 0.015 0.808 "" "" 10.11926 1.291136 10.690432 9.399296 -4.35 0.2 842.826172 864.360107 1687496.34977 187.24 723180.0 308.3 1378600.0 223.82 "" "" 0.002757952592979213 0.0028283016 0.0037834903 0.006611792 255.06248407375 -46.35411683261 852.862061 -1.096 -1.2239999999999998
254.27232842325 -45.60893342591 0.0205 0.0138 22.552 "" 8327-697-1 5963955479454910336 935.614868 1.0381 0.0229 -4.05 -9.604 0.029 0.022 0.961 4477.3 2.1226 10.187235 1.737438 11.028694 9.291256 -68.0 0.18 915.023071 961.403137 1585085.67967 412.32 529590.0 288.79 1522800.0 422.47 "" "" 0.002769757088030249 0.0028522946 0.0037913662 0.006643661 254.27232842325 -45.60893342591 935.614868 -4.049999999999999 -9.604
255.42174628494 -45.75621886149 0.0205 0.0135 39.9781 "" 8327-4-1 5963271269670459520 778.418884 1.2624 0.0206 -2.008 -3.722 0.03 0.022 0.865 11734.8 3.939 10.236949 0.193761 10.295816 10.102056 3.97 7.76 765.405334 789.236633 1514143.99483 429.49 1040100.0 374.35 721670.0 236.86 "" "" 0.002772478257773264 0.002817402 0.0037961444 0.006613546 255.42174628494 -45.75621886149 778.418884 -2.008 -3.7220000000000013
254.90214287893 -45.51830967558 0.0133 0.0098 30.6589 "" 8327-723-1 5963292645734849152 906.197998 1.0786 0.0158 1.704 -2.802 0.02 0.017 0.93 5222.5 2.8373 10.461373 1.279203 11.025749 9.746547 3.3 0.19 894.702942 919.57373 1231395.49786 212.28 531030.0 262.14 1001200.0 271.52 "" "" 0.002761670136989879 0.002841181 0.0037908345 0.006632015 254.90214287893 -45.51830967558 906.197998 1.7039999999999997 -2.8020000000000005
254.0679491548 -46.57716896924 0.0223 0.0165 41.8979 "" 8327-1799-1 5939881431838191872 792.327637 1.2274 0.0242 0.856 -6.5 0.03 0.025 0.918 "" "" 10.46438 0.430034 10.613082 10.183048 -26.62 2.24 778.359009 809.494202 1227989.23573 409.72 776580.0 377.81 669790.0 305.69 "" "" 0.002779032134541882 0.002839729 0.0038117284 0.0066514574 254.0679491548 -46.57716896924 792.327637 0.8559999999999999 -6.5
254.07136789279 -45.47476249545 0.019 0.0138 33.7101 "" 8327-1245-1 5964008359090949888 1029.38098 0.932 0.0217 -5.424 -5.093 0.027 0.022 1.392 "" "" 10.493722 1.840361 11.397245 9.556885 -10.55 0.18 1004.49426 1052.59204 1195248.25164 227.25 377150.0 177.87 1192400.0 298.14 "" "" 0.0027630422020474017 0.0028367664 0.0037891192 0.0066258856 254.07136789279 -45.47476249545 1029.38098 -5.424 -5.093
254.42195729432 -45.98054345454 0.0169 0.0112 4.0005 "" 8327-743-1 5963932252267676032 990.547363 0.9844 0.0193 0.294 -2.479 0.024 0.019 0.885 "" "" 10.580356 0.373388 10.702684 10.329296 "" "" 972.086792 1006.1076 1103581.52761 259.34 715060.0 392.42 585380.0 299.18 "" "" 0.0027671084301837635 0.0028530823 0.0038199015 0.006672984 254.42195729432 -45.98054345454 990.547363 0.29399999999999993 -2.479
254.58037655247 -45.92825058645 0.0132 0.0089 3.3367 "" 8327-1367-1 5963931011007417600 873.292603 1.1179 0.0148 6.308 -3.496 0.017 0.013 0.842 4665.5 2.3735 10.625682 1.416474 11.269086 9.852612 -22.2 0.21 861.955994 884.235291 1058458.51201 137.28 424410.0 155.39 908060.0 207.3 "" "" 0.0027589162863458786 0.0028183456 0.0037875008 0.0066058463 254.58037655247 -45.92825058645 873.292603 6.308000000000001 -3.4960000000000004
253.88548484676 -46.12463455783 0.012 0.0097 27.92 "" 8327-1814-1 5963915828312216320 849.946167 1.1504 0.0138 -2.722 -11.144 0.018 0.016 0.89 4679.3 2.4209 10.662681 1.531585 11.375594 9.844009 -24.22 0.15 838.360474 860.785828 1022996.90967 121.89 384750.0 170.15 915280.0 136.83 "" "" 0.002758355452894893 0.0028311822 0.0037828656 0.006614048 253.88548484676 -46.12463455783 849.946167 -2.7220000000000004 -11.144
254.14621680396 -46.46925902178 0.0124 0.0101 34.6625 "" 8327-1571-1 5939877720982962688 843.200073 1.1535 0.0131 1.223 -3.217 0.018 0.016 0.857 5000.3 2.7467 10.691804 1.393943 11.322824 9.928882 -8.31 0.14 833.089539 852.40625 995922.02831 104.75 403910.0 177.0 846460.0 182.84 "" "" 0.002757685670609444 0.0028304455 0.0037866514 0.006617097 254.14621680396 -46.46925902178 843.200073 1.223 -3.217
254.43457450141 -46.1784732401 0.0902 0.0559 14.1522 "" 8327-1607-1 5963904249080032384 798.137939 1.2794 0.0968 -1.544 -3.522 0.124 0.096 5.778 9465.4 3.5118 10.73023 0.362218 10.849447 10.487229 "" "" 738.549805 863.207581 961290.8077 246.54 624650.0 244.2 506140.0 117.75 "" "" 0.0027693550273550954 0.0028222706 0.003787813 0.0066100834 254.43457450141 -46.1784732401 798.137939 -1.544 -3.5219999999999994
254.77427557398 -45.58278528903 0.0228 0.0172 24.6208 "" 8327-1717-1 5964035503303288320 869.841553 1.1153 0.0297 -5.386 -0.841 0.034 0.029 1.41 "" "" 10.753271 1.433841 11.406301 9.972461 -16.25 0.83 851.524963 892.554138 941105.73241 144.8 374020.0 188.95 813160.0 318.89 "" "" 0.0027603797079295087 0.0028435716 0.0038032907 0.0066468623 254.77427557398 -45.58278528903 869.841553 -5.386 -0.8409999999999999
254.97450555618 -46.27279570958 0.0167 0.0108 27.5831 "" 8327-1231-1 5963160979216796800 830.408691 1.1706 0.0151 -5.548 -23.21 0.02 0.016 0.924 4804.4 2.7198 10.783668 1.488145 11.471352 9.983207 6.67 0.2 818.668213 842.809509 915122.85879 217.6 352270.0 227.12 805150.0 369.54 "" "" 0.0027673887597865375 0.0028766408 0.0038120928 0.0066887336 254.97450555618 -46.27279570958 830.408691 -5.548 -23.209999999999997
255.4591828591 -45.90167781679 0.0122 0.0085 39.8985 "" 8327-94-1 5963267872363295744 830.12793 1.1754 0.0134 -1.082 -3.359 0.017 0.014 0.869 5093.8 2.8828 10.790224 1.291132 11.362052 10.07092 14.32 0.31 821.033325 838.643372 909613.9852 138.62 389580.0 189.71 742660.0 244.59 "" "" 0.002760283757472073 0.002839821 0.00379626 0.0066360813 255.4591828591 -45.90167781679 830.12793 -1.082 -3.359
254.22426988537 -45.74398907125 0.024 0.0149 16.9618 "" 8327-983-1 5963948706273263360 916.99469 1.0716 0.027 -2.032 -6.3 0.03 0.026 0.976 "" "" 10.813893 0.608896 11.035091 10.426195 7.66 4.54 896.425415 938.298096 889998.41808 325.9 526480.0 430.54 535400.0 482.6 "" "" 0.0027838562345224808 0.0029280344 0.0039040374 0.0068320716 254.22426988537 -45.74398907125 916.99469 -2.032 -6.299999999999999
254.83723976637 -45.95095748544 0.0253 0.0171 13.8402 "" 8327-957-1 5963185993108340864 981.826172 0.9926 0.0297 0.384 -2.387 0.033 0.029 0.862 "" "" 10.844001 0.363806 10.962945 10.599139 "" "" 954.108093 1007.38574 865658.01908 314.31 562650.0 285.85 456560.0 164.83 "" "" 0.002783378703395444 0.0028441714 0.0037996545 0.006643826 254.83723976637 -45.95095748544 981.826172 0.38400000000000006 -2.3870000000000005
255.21767607203 -46.07034909232 0.0153 0.0105 30.5751 "" 8327-1606-1 5963262890201086976 940.864685 1.0299 0.0167 -11.555 -9.244 0.021 0.017 1.04 4745.1 2.4023 10.89037 1.434611 11.544844 10.110232 -37.02 0.45 925.885559 955.373291 829466.01586 119.35 329210.0 110.38 716250.0 147.11 "" "" 0.002759745529025563 0.0028138175 0.003785955 0.0065997727 255.21767607203 -46.07034909232 940.864685 -11.555 -9.243999999999996
255.23870506962 -46.21688580854 0.022 0.0145 34.5217 "" 8327-1691-1 5963163624916626688 970.72876 1.0071 0.0218 -0.826 -3.053 0.028 0.022 1.188 11146.6 3.5223 10.925549 0.871552 11.262054 10.390502 "" "" 948.901184 992.928284 803021.85825 193.58 427160.0 317.08 553300.0 181.74 "" "" 0.0027677234744764357 0.002904236 0.0037961705 0.006700407 255.23870506962 -46.21688580854 970.72876 -0.8259999999999998 -3.0529999999999995
