Clusters/NGC_6250/NGC_6250_members.tsv
# %ECSV 1.0
# ---
# datatype:
# - name: RA_ICRS_1
#   unit: deg
#   datatype: float64
#   format: '{:15.11f}'
#   description: Right ascension (ICRS) at Ep=2016.0 (ra)
#   meta: !!omap
#   - {ucd: POS_EQ_RA_MAIN}
#   - {width: 15}
#   - {precision: '11'}
# - name: DE_ICRS_1
#   unit: deg
#   datatype: float64
#   format: '{:15.11f}'
#   description: Declination (ICRS) at Ep=2016.0 (dec)
#   meta: !!omap
#   - {ucd: POS_EQ_DEC_MAIN}
#   - {width: 15}
#   - {precision: '11'}
# - name: e_RA_ICRS
#   unit: mas
#   datatype: float64
#   format: '{:7.4f}'
#   description: Standard error of right ascension (ra_error)
#   meta: !!omap
#   - {ucd: ERROR}
#   - {width: 7}
#   - {precision: '4'}
# - name: e_DE_ICRS
#   unit: mas
#   datatype: float64
#   format: '{:7.4f}'
#   description: Standard error of declination (dec_error)
#   meta: !!omap
#   - {ucd: ERROR}
#   - {width: 7}
#   - {precision: '4'}
# - name: _r_1
#   unit: ''
#   datatype: float64
#   format: '{:7.4f}'
#   description: Distance from center (254.50551041000-45.94779535000)[ICRS], at Epoch=J2016.0
#   meta: !!omap
#   - {ucd: POS_ANG_DIST_GENERAL}
#   - {width: 7}
#   - {precision: '4'}
# - name: HIP
#   datatype: int32
#   description: '? HIP cross-id number, van Leeuwen, Cat. I/311 (hip_original_ext_source_id)'
#   meta: !!omap
#   - {ucd: ID_NUMBER}
#   - {width: 6}
#   - values: {'null': -2147483648}
# - name: TYC2
#   datatype: string
#   description: Tycho-2 cross-id name, Hog et al., Cat. I/259 (tyc2_original_ext_source_id)
#   meta: !!omap
#   - {ucd: ID_CROSSID}
#   - {_votable_string_dtype: char}
# - name: Source
#   datatype: int64
#   description: Source identifier, identical to the Gaia-EDR3 source_id (id)
#   meta: !!omap
#   - {ucd: ID_MAIN}
#   - {width: 19}
# - name: rgeo
#   unit: pc
#   datatype: float64
#   format: '{:15.8f}'
#   description: '? Median of the geometric distance posterior (r_med_geo)'
#   meta: !!omap
#   - {ucd: PHYS_DISTANCE_TRUE}
#   - {width: 15}
#   - {precision: '8'}
#   - values: {'null': .nan}
# - name: Plx
#   unit: mas
#   datatype: float64
#   format: '{:9.4f}'
#   description: '? Parallax (parallax)'
#   meta: !!omap
#   - {ucd: POS_PARLX_TRIG}
#   - {width: 9}
#   - {precision: '4'}
#   - values: {'null': .nan}
# - name: e_Plx
#   unit: mas
#   datatype: float32
#   format: '{:7.4f}'
#   description: '? Standard error of parallax (parallax_error)'
#   meta: !!omap
#   - {ucd: ERROR}
#   - {width: 7}
#   - {precision: '4'}
#   - values: {'null': .nan}
# - name: pmRA
#   unit: mas / yr
#   datatype: float64
#   format: '{:9.3f}'
#   description: '? Proper motion in right ascension direction, pmRA*cosDE (pmra)'
#   meta: !!omap
#   - {ucd: POS_EQ_PMRA}
#   - {width: 9}
#   - {precision: '3'}
#   - values: {'null': .nan}
# - name: pmDE
#   unit: mas / yr
#   datatype: float64
#   format: '{:9.3f}'
#   description: '? Proper motion in declination direction (pmdec)'
#   meta: !!omap
#   - {ucd: POS_EQ_PMDEC}
#   - {width: 9}
#   - {precision: '3'}
#   - values: {'null': .nan}
# - name: e_pmRA
#   unit: mas / yr
#   datatype: float32
#   format: '{:6.3f}'
#   description: '? Standard error of proper motion in right ascension direction (pmra_error)'
#   meta: !!omap
#   - {ucd: ERROR}
#   - {width: 6}
#   - {precision: '3'}
#   - values: {'null': .nan}
# - name: e_pmDE
[...]
#       distance: !astropy.table.SerializedColumn
#         __class__: astropy.coordinates.distances.Distance
#         unit: !astropy.units.Unit {unit: pc}
#         value: !astropy.table.SerializedColumn {name: SkyCoord.distance}
#       frame: icrs
#       obstime: !astropy.time.Time {format: jyear_str, in_subfmt: '*', jd1: 367701545.0, jd2: 0.0, out_subfmt: '*', precision: 3, scale: tt}
#       pm_dec: !astropy.table.SerializedColumn
#         __class__: astropy.units.quantity.Quantity
#         unit: !astropy.units.Unit {unit: mas / yr}
#         value: !astropy.table.SerializedColumn {name: SkyCoord.pm_dec}
#       pm_ra_cosdec: !astropy.table.SerializedColumn
#         __class__: astropy.units.quantity.Quantity
#         unit: !astropy.units.Unit {unit: mas / yr}
#         value: !astropy.table.SerializedColumn {name: SkyCoord.pm_ra_cosdec}
#       ra: !astropy.table.SerializedColumn
#         __class__: astropy.coordinates.angles.Longitude
#         unit: *id001
#         value: !astropy.table.SerializedColumn {name: SkyCoord.ra}
#         wrap_angle: !astropy.coordinates.Angle
#           unit: *id001
#           value: 360.0
#       representation_type: spherical
# schema: astropy-2.0
RA_ICRS_1 DE_ICRS_1 e_RA_ICRS e_DE_ICRS _r_1 HIP TYC2 Source rgeo Plx e_Plx pmRA pmDE e_pmRA e_pmDE RUWE Teff logg Gmag BP-RP BPmag RPmag RV e_RV b_rgeo B_rgeo FG e_FG FBP e_FBP FRP e_FRP RAVE5 RAVE6 e_Gmag e_BPmag e_RPmag e_BP-RP SkyCoord.ra SkyCoord.dec SkyCoord.distance SkyCoord.pm_ra_cosdec SkyCoord.pm_dec rmRA rmDE e_rmRA e_rmDE rRV e_rRV v_pec v_pec3d e_vpec e_vpec3d Pmemb
[from data line 30]
254.44164163949 -45.95147892535 0.0216 0.0143 2.6736 "" "" 5963932389706638592 997.553162 0.9634 0.0233 0.175 -2.551 0.03 0.023 1.052 6179.4 4.1364 14.400161 1.151206 14.872438 13.721232 -10.3 8.63 976.307495 1022.44647 32725.21514 9.8797 15362.0 15.973 25743.0 15.345 "" "" 0.0027747487571464424 0.0030099016 0.0038343947 0.006844296 254.44164163949 -45.95147892535 997.553162 0.1750000000000001 -2.551 -0.20078687071800233 -0.1463278541564943 0.16222647 0.15522647 2.565769230769229 12.875797 1.174769626439795 2.821924063607598 0.1877670126613706 11.707282025660641 0.8
254.1969076302 -45.717667104 0.0225 0.0145 18.8969 "" "" 5963948813661947904 979.551941 0.9842 0.0261 0.423 -2.551 0.03 0.025 1.098 6004.9 4.1105 14.528401 1.112169 14.989457 13.877288 -12.28 9.61 954.228027 1012.77783 29079.45941 7.1836 13792.0 15.919 22297.0 16.316 "" "" 0.0027683438576495104 0.0030586768 0.0038619877 0.0069206646 254.1969076302 -45.717667104 979.551941 0.42300000000000004 -2.551 0.04721312928199767 -0.1463278541564943 0.16222647 0.15722647 0.5857692307692304 13.855797 0.7139010196784166 0.9234610211664912 0.11258553672976539 8.789431517080644 1.0
254.49584884005 -45.99237919572 0.0204 0.014 2.7052 "" "" 5963929159891203968 932.99646 1.0358 0.0225 0.287 -2.107 0.029 0.022 1.035 6026.1 4.1448 14.529882 1.113339 14.997376 13.884036 -38.05 8.69 913.671814 950.064636 29039.81891 8.1891 13692.0 22.44 22159.0 19.411 "" "" 0.002772279057625614 0.0033092916 0.003897217 0.007206509 254.49584884005 -45.99237919572 932.99646 0.2869999999999999 -2.107 -0.08878687071800234 0.29767214584350565 0.16122647 0.15422647 -25.184230769230766 12.935797 1.3737369346776798 25.221669901169655 0.21266851788196528 12.916599991158188 1.0
254.37877659466 -45.87415606907 0.0222 0.0154 6.893 "" "" 5963935104126028544 896.34491 1.0729 0.0254 0.353 -2.424 0.03 0.024 1.118 6062.9 4.2478 14.578631 1.156806 15.059362 13.902556 1.55 10.98 877.42627 915.659912 27764.78335 6.4392 12932.0 15.359 21784.0 28.968 "" "" 0.002766802206471595 0.0030737373 0.0040457714 0.0071195085 254.37877659466 -45.87415606907 896.34491 0.35299999999999976 -2.4240000000000004 -0.02278687071800234 -0.019327854156494073 0.16222647 0.15622647 14.41576923076923 15.225797 0.1269499092114189 14.416328200836775 0.02027940873654258 15.225206344657368 1.0
254.82308976527 -45.91679311463 0.0217 0.0154 13.3826 "" "" 5963186336703932800 926.899353 1.0419 0.024 0.307 -2.262 0.029 0.024 1.001 6674.6 4.1042 14.67201 1.525994 15.372107 13.846112 -23.14 7.13 905.842896 948.948364 25476.67408 25.595 9695.6 36.395 22946.0 59.233 "" "" 0.002963374384353198 0.0049391855 0.0047052116 0.009644397 254.82308976527 -45.91679311463 926.899353 0.30699999999999944 -2.2620000000000005 -0.06878687071800232 0.14267214584350585 0.16122647 0.15622647 -10.27423076923077 11.375797 0.695881141689068 10.297770072339294 0.10937977164536271 11.349796151724874 0.8
254.43702120766 -45.99955136132 0.0221 0.0146 4.219 "" "" 5963932011749496448 941.718628 1.0247 0.025 0.459 -2.333 0.031 0.024 1.033 6449.0 4.1992 14.717113 1.299894 15.286714 13.986819 -20.85 6.39 917.260376 961.972534 24440.02982 24.848 10489.0 43.205 20157.0 55.213 "" "" 0.0029682143193101537 0.005271233 0.0048091947 0.010080428 254.43702120766 -45.99955136132 941.718628 0.4589999999999998 -2.333000000000001 0.0832131292819977 0.07167214584350567 0.16322647 0.15622647 -7.984230769230772 10.6357975 0.49022668461644575 7.999266415030908 0.07857478858219273 10.615807249075795 1.0
254.67627300287 -45.94821314829 0.0227 0.0156 7.124 "" "" 5963935928759653888 954.681885 1.0115 0.0253 0.456 -2.215 0.033 0.025 1.136 5825.8 4.148 14.796404 1.237327 15.329126 14.0918 -11.25 19.29 931.82251 983.014221 22718.79267 22.27 10087.0 36.362 18299.0 58.083 "" "" 0.002953726272274018 0.004806629 0.0051147165 0.009921346 254.67627300287 -45.94821314829 954.681885 0.4559999999999998 -2.215 0.0802131292819977 0.189672145843506 0.16522646 0.15722647 1.6157692307692297 23.535797 0.9319003292040673 1.8652475521150638 0.1476746803287901 20.387999314349642 1.0
254.7227157408 -45.84658055192 0.025 0.0184 10.9152 "" "" 5963938123480901632 933.009277 1.0325 0.0288 0.442 -2.218 0.034 0.029 1.116 6078.9 4.1541 14.948211 1.300365 15.510805 14.21044 -2.72 7.24 907.670532 959.657043 19754.33064 7.1541 8532.9 21.111 16405.0 19.752 "" "" 0.002783235190370141 0.0038730681 0.003999079 0.0078721475 254.7227157408 -45.84658055192 933.009277 0.442 -2.218 0.06621312928199768 0.1866721458435059 0.16622648 0.16122647 10.145769230769229 11.485797 0.8759456457720561 10.18351187255019 0.14172179157959616 11.443234185646226 1.0
254.510745024 -46.08445740782 0.0248 0.0181 8.2026 "" "" 5963928197818518400 967.735229 0.9912 0.0297 0.527 -2.444 0.036 0.029 0.982 5914.2 4.2658 15.06918 1.255633 15.618005 14.362371 "" "" 938.428223 999.416626 17671.55944 14.151 7730.6 27.192 14263.0 33.344 "" "" 0.0028892394564914857 0.0047296914 0.0045526195 0.009282311 254.510745024 -46.08445740782 967.735229 0.5269999999999999 -2.444 0.1512131292819977 -0.03932785415649409 0.16822647 0.16122647 "" "" 0.716699958350225 "" 0.12025625483640652 "" 1.0
254.20156050961 -46.16667303449 0.0277 0.0188 18.238 "" "" 5963912392338046464 983.68811 0.9771 0.0328 0.31 -2.431 0.038 0.029 0.96 5673.0 3.8462 15.233677 1.54708 15.944765 14.397685 "" "" 953.137329 1013.79175 15187.14613 22.472 5721.5 36.522 13807.0 61.963 "" "" 0.0031894733170334828 0.007471134 0.00616649 0.013637624 254.20156050961 -46.16667303449 983.68811 0.3100000000000001 -2.431 -0.06578687071800232 -0.02632785415649419 0.17022647 0.16122647 "" "" 0.3303952740784386 "" 0.05584094443779964 "" 0.9
254.37998426377 -46.01476852714 0.0287 0.0188 6.5984 "" "" 5963932527146231680 910.078369 1.0584 0.032 0.301 -2.449 0.043 0.032 1.059 5414.5 4.2411 15.255098 1.395292 15.877888 14.482595 "" "" 884.965027 935.471313 14890.43133 10.834 6085.0 17.912 12768.0 24.381 "" "" 0.0028663266249836805 0.004242583 0.004310698 0.008553281 254.37998426377 -46.01476852714 910.078369 0.3010000000000001 -2.449 -0.07478687071800233 -0.044327854156493984 0.17522646 0.16422647 "" "" 0.3750261695139565 "" 0.06466732700135365 "" 1.0
254.72148847104 -45.84665661567 0.0304 0.0227 10.8701 "" "" 5963938123473493888 970.290588 0.9906 0.0352 0.373 -2.27 0.041 0.036 1.081 6005.7 4.3671 15.379424 1.354741 15.968858 14.614117 "" "" 937.667786 1006.40308 13279.35626 11.196 5595.9 22.038 11311.0 31.148 "" "" 0.002903402089839412 0.0051057106 0.004819035 0.009924745 254.72148847104 -45.84665661567 970.290588 0.3729999999999999 -2.2700000000000005 -0.002786870718002321 0.13467214584350584 0.17322648 0.16822647 "" "" 0.619513692729172 "" 0.10421994451327399 "" 1.0
254.20021484454 -46.1048898304 0.0319 0.0216 15.8304 "" "" 5963918645810456576 943.302124 1.0155 0.0368 0.172 -2.413 0.045 0.035 1.042 7893.3 4.1754 15.520344 1.707007 16.330307 14.623301 "" "" 905.126465 973.974426 11662.97222 6.512 4011.4 11.984 11216.0 21.274 "" "" 0.002821221496493348 0.004278566 0.0043040393 0.008582605 254.20021484454 -46.1048898304 943.302124 0.17199999999999954 -2.4129999999999994 -0.20378687071800233 -0.008327854156493952 0.17722647 0.16722646 "" "" 0.9119429824163505 "" 0.16160565892485276 "" 1.0
254.49688038639 -45.81191247086 0.0299 0.0208 8.1609 "" "" 5963940636043901056 974.721863 0.9912 0.0326 0.561 -2.316 0.042 0.034 1.081 4875.0 4.3457 15.559439 1.389987 16.180727 14.79074 "" "" 942.999634 1004.48584 11250.48099 15.797 4603.9 24.811 9613.1 44.198 "" "" 0.0031489512760785143 0.0064823786 0.0062611913 0.01274357 254.49688038639 -45.81191247086 974.721863 0.5609999999999988 -2.3160000000000034 0.18521312928199773 0.08867214584350602 0.17422646 0.16622648 "" "" 0.9487321383443416 "" 0.1639056381267459 "" 1.0
254.44646691034 -45.97583081216 0.0318 0.021 2.9823 "" "" 5963932149188457216 960.400269 1.0093 0.0361 0.344 -2.445 0.045 0.034 0.93 4907.8 4.2119 15.570986 1.528127 16.273584 14.745458 "" "" 930.206177 993.449341 11131.46694 10.035 4226.5 23.219 10022.0 33.465 "" "" 0.0029240071996153214 0.0065850145 0.005237131 0.011822145 254.44646691034 -45.97583081216 960.400269 0.3439999999999998 -2.4449999999999985 -0.03178687071800235 -0.04032785415649398 0.17722647 0.16622648 "" "" 0.23375685117441702 "" 0.03986152160449031 "" 1.0
254.26344324239 -46.10624635828 0.0321 0.0214 13.8592 "" "" 5963907135298085504 955.828979 1.0043 0.0365 0.528 -2.467 0.046 0.035 1.05 5393.3 4.2402 15.571479 1.583709 16.30348 14.719771 "" "" 926.432556 995.490112 11126.41213 16.678 4111.7 24.7 10262.0 47.09 "" "" 0.003200070200850518 0.00709403 0.006253481 0.01334751 254.26344324239 -46.10624635828 955.828979 0.5279999999999996 -2.4669999999999987 0.1522131292819977 -0.06232785415649422 0.17822647 0.16722646 "" "" 0.745196921857219 "" 0.13166812719638363 "" 1.0
254.57513043269 -46.08752778594 0.0431 0.0278 8.8716 "" "" 5963927819861393024 941.912354 1.0195 0.0464 0.442 -2.491 0.059 0.046 1.096 4945.4 4.297 15.958398 1.470116 16.613415 15.143299 "" "" 899.347412 985.194763 7790.89665 11.178 3090.7 20.429 6947.7 28.912 "" "" 0.003165187267847648 0.0076998477 0.0058904565 0.013590304 254.57513043269 -46.08752778594 941.912354 0.4420000000000002 -2.490999999999999 0.06621312928199768 -0.08632785415649424 0.19122647 0.17822647 "" "" 0.48573984639885626 "" 0.08896284228876687 "" 0.8
254.46803406031 -45.93366119599 0.0529 0.0325 1.7788 "" "" 5963933798456554368 998.594788 0.9724 0.0553 0.186 -2.161 0.072 0.052 1.125 4643.6 4.3367 16.0658 1.514908 16.752739 15.237831 "" "" 950.870972 1062.75659 7057.1075 5.6389 2718.5 11.982 6368.3 18.221 "" "" 0.0028886715798285244 0.005539471 0.0048922533 0.010431724 254.46803406031 -45.93366119599 998.594788 0.18600000000000017 -2.1609999999999996 -0.18978687071800232 0.24367214584350583 0.20422646 0.18422647 "" "" 1.4619443190190262 "" 0.2807268542503522 "" 0.9
254.69777733118 -45.99365119175 0.0446 0.0303 8.4768 "" "" 5963179292957566720 992.981018 0.9818 0.0511 0.382 -2.452 0.062 0.048 1.145 4609.3 4.3189 16.146873 1.633194 16.91813 15.284937 "" "" 944.92572 1040.07764 6549.33333 8.7819 2334.3 10.838 6097.9 33.202 "" "" 0.00311629264841158 0.005761661 0.007016499 0.01277816 254.69777733118 -45.99365119175 992.981018 0.38200000000000023 -2.451999999999997 0.006213129281997687 -0.0473278541564941 0.19422647 0.18022648 "" "" 0.22467075514620755 "" 0.04054693960223496 "" 1.0
254.64544991298 -45.75876227194 0.0471 0.0346 12.7609 "" "" 5963939669661753344 954.586365 1.026 0.0533 0.564 -2.441 0.063 0.053 1.052 4743.4 4.4169 16.443216 1.653928 17.2292 15.575273 "" "" 907.811951 1001.98364 4984.94094 10.73 1752.8 15.795 4667.1 29.261 "" "" 0.003612961492280624 0.010173964 0.0077859643 0.017959928 254.64544991298 -45.75876227194 954.586365 0.5640000000000011 -2.4410000000000007 0.18821312928199763 -0.03632785415649398 0.19522646 0.18522647 "" "" 0.8673335864322042 "" 0.1690226563015573 "" 0.8
254.4475264382 -45.91694108218 0.055 0.035 3.0466 "" "" 5963934004614985984 1004.13452 0.9798 0.0575 0.361 -2.394 0.078 0.057 1.0 "" "" 16.4882 1.754417 17.338682 15.584265 "" "" 953.484131 1057.43848 4782.63293 5.3674 1584.7 7.395 4628.6 14.098 "" "" 0.003012723388598139 0.0057840594 0.005021939 0.010805998 254.4475264382 -45.91694108218 1004.13452 0.3610000000000001 -2.394 -0.014786870718002332 0.010672145843505731 0.21022648 0.18922646 "" "" 0.08679531060563642 "" 0.017643623970033783 "" 0.9
254.55615202899 -46.07684151535 0.0537 0.0338 8.0252 "" "" 5963927888580871808 976.895325 1.0202 0.0591 0.422 -2.427 0.072 0.056 0.966 4543.5 4.3583 16.52927 1.712254 17.349346 15.637093 "" "" 921.356201 1037.45837 4605.099 4.7556 1569.2 9.6885 4408.8 11.401 "" "" 0.00297471385909336 0.007261003 0.0047081597 0.011969162 254.55615202899 -46.07684151535 976.895325 0.4219999999999998 -2.427 0.04621312928199767 -0.022327854156494187 0.20422646 0.18822646 "" "" 0.2376564599081743 "" 0.04783928864127133 "" 1.0
254.44936477859 -45.95997588474 0.0523 0.0329 2.4534 "" "" 5963932183548201472 939.225891 1.0555 0.0578 0.432 -2.359 0.072 0.053 0.946 4765.0 4.4435 16.541449 1.730632 17.372356 15.641725 "" "" 885.22229 986.321594 4553.73154 9.7362 1536.3 12.916 4390.0 29.949 "" "" 0.0036028597031238577 0.00954493 0.008315487 0.017860416 254.44936477859 -45.95997588474 939.225891 0.43199999999999944 -2.359 0.056213129281997676 0.045672145843505874 0.20422646 0.18522647 "" "" 0.32244584066180515 "" 0.06348670982627604 "" 1.0
254.48705586917 -45.96078298197 0.0618 0.0409 1.0954 "" "" 5963933622354300672 1108.80103 0.8681 0.0677 0.727 -2.198 0.081 0.063 1.164 4617.5 4.4242 16.566776 1.739572 17.403765 15.664192 "" "" 1041.30957 1218.22607 4448.7355 6.8802 1492.5 15.378 4300.1 22.037 "" "" 0.0032266584510748154 0.011529607 0.0067263218 0.018255929 254.48705586917 -45.96078298197 1108.80103 0.7270000000000012 -2.198 0.35121312928199766 0.2066721458435059 0.21322647 0.19522646 "" "" 2.141754851942393 "" 0.447080624199509 "" 0.9
254.30917675583 -45.95700907371 0.054 0.0353 8.2088 "" "" 5963932973822838016 952.983826 1.0211 0.062 0.545 -2.401 0.084 0.06 1.004 5326.6 4.5837 16.629288 1.903029 17.563557 15.660527 "" "" 901.5224 1007.90869 4199.83049 7.4687 1288.2 15.963 4314.7 24.153 "" "" 0.0033644884241274702 0.0137404 0.0071570314 0.020897431 254.30917675583 -45.95700907371 952.983826 0.5449999999999993 -2.401 0.16921312928199772 0.0036721458435060583 0.21622646 0.19222647 "" "" 0.7645399243733055 "" 0.16530560210430673 "" 0.9
254.46155618053 -45.95124116762 0.0556 0.0358 1.8453 "" "" 5963933661016952704 967.979675 1.0135 0.0613 0.051 -2.47 0.077 0.057 0.944 5012.8 4.2913 16.666767 1.87794 17.51785 15.639911 "" "" 898.890564 1039.33728 4057.32581 7.2339 1343.6 13.956 4397.4 31.303 "" "" 0.0033673505301337263 0.011617594 0.008603411 0.020221006 254.46155618053 -45.95124116762 967.979675 0.0509999999999996 -2.47 -0.32478687071800233 -0.06532785415649434 0.20922646 0.18922646 "" "" 1.5200407584303923 "" 0.3169051287741269 "" 1.0
254.5603365285 -45.68042793619 0.0518 0.0394 16.2051 "" "" 5963943178664622592 911.388489 1.0666 0.0608 0.478 -2.56 0.071 0.06 1.077 "" "" 16.731085 1.885038 17.659859 15.77482 "" "" 864.106018 973.807129 3823.9559 2.995 1178.9 10.281 3883.6 15.019 "" "" 0.0028835602143760454 0.009871078 0.005649257 0.015520334 254.5603365285 -45.68042793619 911.388489 0.4779999999999997 -2.5600000000000005 0.10221312928199766 -0.1553278541564942 0.20322648 0.19222647 "" "" 0.8032641149005884 "" 0.15713102278248733 "" 1.0
254.43022069964 -45.92273110061 0.0584 0.0387 3.4831 "" "" 5963933965945122560 1048.43188 0.9404 0.0673 0.293 -2.345 0.082 0.059 1.003 4581.4 4.3304 16.748737 1.786128 17.609549 15.823421 "" "" 987.499512 1127.32507 3762.28511 5.0194 1234.8 9.6465 3713.6 16.744 "" "" 0.003112876294137825 0.008929115 0.006184553 0.015113668 254.43022069964 -45.92273110061 1048.43188 0.2929999999999999 -2.345 -0.08278687071800234 0.059672145843505664 0.21422647 0.19122647 "" "" 0.5071498861944468 "" 0.10480293327042603 "" 0.9
254.578283023 -45.98891712322 0.0646 0.0397 3.9113 "" "" 5963930461251771008 1075.52686 0.9302 0.0648 0.568 -2.323 0.084 0.064 1.046 4514.4 4.332 16.784847 1.851821 17.687996 15.836175 "" "" 1015.95856 1163.00513 3639.21388 5.4622 1148.7 14.84 3670.2 22.117 "" "" 0.0032011601089182804 0.014301391 0.007555885 0.021857277 254.578283023 -45.98891712322 1075.52686 0.5680000000000003 -2.3229999999999995 0.19221312928199763 0.0816721458435059 0.21622646 0.19622648 "" "" 1.064691157394904 "" 0.227087251023176 "" 1.0
