Clusters/NGC_6250/NGC_6250_stars_in_region.tsv
# %ECSV 1.0
# ---
# datatype:
# - name: RA_ICRS_1
#   unit: deg
#   datatype: float64
#   format: '{:15.11f}'
#   description: Right ascension (ICRS) at Ep=2016.0 (ra)
#   meta: !!omap
#   - {ucd: POS_EQ_RA_MAIN}
#   - {width: 15}
#   - {precision: '11'}
# - name: DE_ICRS_1
#   unit: deg
#   datatype: float64
#   format: '{:15.11f}'
#   description: Declination (ICRS) at Ep=2016.0 (dec)
#   meta: !!omap
#   - {ucd: POS_EQ_DEC_MAIN}
#   - {width: 15}
#   - {precision: '11'}
# - name: e_RA_ICRS
#   unit: mas
#   datatype: float64
#   format: '{:7.4f}'
#   description: Standard error of right ascension (ra_error)
#   meta: !!omap
#   - {ucd: ERROR}
#   - {width: 7}
#   - {precision: '4'}
# - name: e_DE_ICRS
#   unit: mas
#   datatype: float64
#   format: '{:7.4f}'
#   description: Standard error of declination (dec_error)
#   meta: !!omap
#   - {ucd: ERROR}
#   - {width: 7}
#   - {precision: '4'}
# - name: _r_1
#   unit: ''
#   datatype: float64
#   format: '{:7.4f}'
#   description: Distance from center (254.50551041000-45.94779535000)[ICRS], at Epoch=J2016.0
#   meta: !!omap
#   - {ucd: POS_ANG_DIST_GENERAL}
#   - {width: 7}
#   - {precision: '4'}
# - name: HIP
#   datatype: int32
#   description: '? HIP cross-id number, van Leeuwen, Cat. I/311 (hip_original_ext_source_id)'
#   meta: !!omap
#   - {ucd: ID_NUMBER}
#   - {width: 6}
#   - values: {'null': -2147483648}
# - name: TYC2
#   datatype: string
#   description: Tycho-2 cross-id name, Hog et al., Cat. I/259 (tyc2_original_ext_source_id)
#   meta: !!omap
#   - {ucd: ID_CROSSID}
#   - {_votable_string_dtype: char}
# - name: Source
#   datatype: int64
#   description: Source identifier, identical to the Gaia-EDR3 source_id (id)
#   meta: !!omap
#   - {ucd: ID_MAIN}
#   - {width: 19}
# - name: rgeo
#   unit: pc
#   datatype: float64
#   format: '{:15.8f}'
#   description: '? Median of the geometric distance posterior (r_med_geo)'
#   meta: !!omap
#   - {ucd: PHYS_DISTANCE_TRUE}
#   - {width: 15}
#   - {precision: '8'}
#   - values: {'null': .nan}
# - name: Plx
#   unit: mas
#   datatype: float64
#   format: '{:9.4f}'
#   description: '? Parallax (parallax)'
#   meta: !!omap
#   - {ucd: POS_PARLX_TRIG}
#   - {width: 9}
#   - {precision: '4'}
#   - values: {'null': .nan}
# - name: e_Plx
#   unit: mas
#   datatype: float32
#   format: '{:7.4f}'
#   description: '? Standard error of parallax (parallax_error)'
#   meta: !!omap
#   - {ucd: ERROR}
#   - {width: 7}
#   - {precision: '4'}
#   - values: {'null': .nan}
# - name: pmRA
#   unit: mas / yr
#   datatype: float64
#   format: '{:9.3f}'
#   description: '? Proper motion in right ascension direction, pmRA*cosDE (pmra)'
#   meta: !!omap
#   - {ucd: POS_EQ_PMRA}
#   - {width: 9}
#   - {precision: '3'}
#   - values: {'null': .nan}
# - name: pmDE
#   unit: mas / yr
#   datatype: float64
#   format: '{:9.3f}'
#   description: '? Proper motion in declination direction (pmdec)'
#   meta: !!omap
#   - {ucd: POS_EQ_PMDEC}
#   - {width: 9}
#   - {precision: '3'}
#   - values: {'null': .nan}
# - name: e_pmRA
#   unit: mas / yr
#   datatype: float32
#   format: '{:6.3f}'
#   description: '? Standard error of proper motion in right ascension direction (pmra_error)'
#   meta: !!omap
#   - {ucd: ERROR}
#   - {width: 6}
#   - {precision: '3'}
#   - values: {'null': .nan}
# - name: e_pmDE
[...]
#         unit: &id001 !astropy.units.Unit {unit: deg}
#         value: !astropy.table.SerializedColumn {name: SkyCoord.dec}
#       distance: !astropy.table.SerializedColumn
#         __class__: astropy.coordinates.distances.Distance
#         unit: !astropy.units.Unit {unit: pc}
#         value: !astropy.table.SerializedColumn {name: SkyCoord.distance}
#       frame: icrs
#       obstime: !astropy.time.Time {format: jyear_str, in_subfmt: '*', jd1: 367701545.0, jd2: 0.0, out_subfmt: '*', precision: 3, scale: tt}
#       pm_dec: !astropy.table.SerializedColumn
#         __class__: astropy.units.quantity.Quantity
#         unit: !astropy.units.Unit {unit: mas / yr}
#         value: !astropy.table.SerializedColumn {name: SkyCoord.pm_dec}
#       pm_ra_cosdec: !astropy.table.SerializedColumn
#         __class__: astropy.units.quantity.Quantity
#         unit: !astropy.units.Unit {unit: mas / yr}
#         value: !astropy.table.SerializedColumn {name: SkyCoord.pm_ra_cosdec}
#       ra: !astropy.table.SerializedColumn
#         __class__: astropy.coordinates.angles.Longitude
#         unit: *id001
#         value: !astropy.table.SerializedColumn {name: SkyCoord.ra}
#         wrap_angle: !astropy.coordinates.Angle
#           unit: *id001
#           value: 360.0
#       representation_type: spherical
# schema: astropy-2.0
RA_ICRS_1 DE_ICRS_1 e_RA_ICRS e_DE_ICRS _r_1 HIP TYC2 Source rgeo Plx e_Plx pmRA pmDE e_pmRA e_pmDE RUWE Teff logg Gmag BP-RP BPmag RPmag RV e_RV b_rgeo B_rgeo FG e_FG FBP e_FBP FRP e_FRP RAVE5 RAVE6 e_Gmag e_BPmag e_RPmag e_BP-RP SkyCoord.ra SkyCoord.dec SkyCoord.distance SkyCoord.pm_ra_cosdec SkyCoord.pm_dec
[from data line 956]
254.0949932022 -46.52944514058 0.0346 0.0271 38.835 "" "" 5939887410429177600 879.868408 1.0987 0.0375 1.497 -6.441 0.049 0.041 1.253 4775.9 4.1951 15.363741 1.283114 15.924279 14.641165 "" "" 851.467346 908.519409 13472.56886 5.7149 5830.5 10.326 11033.0 16.623 "" "" 0.0027935463682327924 0.003388582 0.0041182144 0.007506796 254.0949932022 -46.52944514058 879.868408 1.4970000000000003 -6.440999999999999
254.47242875368 -45.47737339881 0.0321 0.0231 28.2593 "" "" 5964040622894061312 963.390503 1.0084 0.036 -2.157 -3.096 0.045 0.037 1.19 6707.3 4.1495 15.36458 1.380152 15.977692 14.59754 "" "" 922.678162 998.381653 13462.1539 5.2236 5550.6 15.362 11485.0 13.78 "" "" 0.002787341642870662 0.004100556 0.003997592 0.008098148 254.47242875368 -45.47737339881 963.390503 -2.157 -3.096
255.13938780045 -45.51036272945 0.0332 0.0233 37.3319 "" "" 5963311784110491776 993.526978 0.9728 0.0365 -16.012 -25.866 0.047 0.038 1.168 "" "" 15.36788 1.271928 15.925027 14.653099 "" "" 962.690125 1023.44421 13421.31126 3.456 5826.5 12.021 10912.0 14.664 "" "" 0.002769468054057615 0.0035781083 0.004051244 0.007629352 255.13938780045 -45.51036272945 993.526978 -16.012 -25.866
255.16194570916 -45.99434129573 0.0297 0.0208 27.5162 "" "" 5963263405597178368 1038.328 0.918 0.031 -0.878 -5.795 0.04 0.033 0.925 "" "" 15.369031 "" "" "" "" "" 1009.68677 1078.03943 13407.08221 8.1263 "" "" "" "" "" "" 0.002832819616968854 "" "" "" 255.16194570916 -45.99434129573 1038.328 -0.8780000000000001 -5.795000000000001
254.82851990185 -46.22392592649 0.029 0.0197 21.3349 "" "" 5963172485423570304 932.685364 1.0326 0.0312 2.372 4.914 0.038 0.031 0.887 5466.4 4.4594 15.369658 1.080277 15.826443 14.746165 "" "" 907.146179 960.415039 13399.33705 3.6713 6380.3 10.72 10016.0 11.188 "" "" 0.0027713327133113215 0.0033335926 0.0039692023 0.0073027946 254.82851990185 -46.22392592649 932.685364 2.372 4.914
254.54854098939 -46.35715963942 0.0766 0.0532 24.6269 "" "" 5963900641307459712 871.497131 1.1254 0.0873 -9.757 -14.844 0.105 0.09 2.676 4685.2 4.1945 15.370128 1.436307 16.006552 14.570245 "" "" 813.924927 955.240356 13393.55065 7.3333 5405.0 10.306 11778.0 11.665 "" "" 0.0028187197221207654 0.0034743205 0.0039293813 0.0074037015 254.54854098939 -46.35715963942 871.497131 -9.757 -14.844000000000001
254.42858224607 -45.29807914903 0.0274 0.0219 39.1164 "" "" 5964060207954661632 1041.88489 0.9203 0.0333 -4.435 -7.673 0.039 0.035 0.957 7369.0 4.2771 15.37183 1.692998 16.174995 14.481998 31.03 4.87 1015.56763 1072.30017 13372.56226 5.6412 4628.3 11.665 12775.0 15.664 "" "" 0.0027931288153292644 0.0039080954 0.004006995 0.007915091 254.42858224607 -45.29807914903 1041.88489 -4.4350000000000005 -7.673000000000001
255.02910958052 -46.25446489671 0.0422 0.025 28.5145 "" "" 5963161254094700160 810.354675 1.1965 0.0366 -7.013 -6.914 0.049 0.039 1.076 5428.0 4.5984 15.371968 1.17777 15.878078 14.700309 "" "" 786.294312 833.961975 13370.8645 4.0485 6084.0 11.71 10448.0 11.743 "" "" 0.0027748626225418765 0.0034859797 0.003971509 0.007457489 255.02910958052 -46.25446489671 810.354675 -7.012999999999998 -6.913999999999998
255.17471220292 -46.37686346871 0.033 0.022 37.8964 "" "" 5963156546810489344 922.801086 1.0473 0.0337 -3.153 -4.068 0.044 0.034 1.075 5523.5 4.5692 15.372808 1.181196 15.875262 14.694066 "" "" 900.642334 953.715942 13360.53133 4.8458 6099.7 16.038 10508.0 21.763 "" "" 0.0027833183316669837 0.003991813 0.004397747 0.0083895605 255.17471220292 -46.37686346871 922.801086 -3.1529999999999996 -4.068
254.53433705629 -45.5067344155 0.0267 0.0203 26.4912 "" "" 5964040279296047744 1042.57874 0.9196 0.0311 -5.315 -4.442 0.037 0.031 1.064 8012.3 4.0629 15.375496 1.845131 16.273281 14.42815 "" "" 1012.77679 1075.78064 13327.49299 4.3344 4227.7 6.4482 13425.0 12.79 "" "" 0.002777854048077045 0.0032445898 0.0039183763 0.007162966 254.53433705629 -45.5067344155 1042.57874 -5.315 -4.442
254.65529885863 -45.37615965848 0.0433 0.0326 34.8685 "" "" 5964046528450714752 889.959717 1.0879 0.0544 -0.74 -4.175 0.062 0.054 1.72 7569.6 4.1505 15.377322 1.643166 16.148766 14.505599 "" "" 854.784851 937.734619 13305.09236 4.3639 4741.4 8.5511 12500.0 12.852 "" "" 0.002778237213437448 0.003408708 0.0039407965 0.007349504 254.65529885863 -45.37615965848 889.959717 -0.7400000000000001 -4.174999999999999
254.64577662525 -45.76044374073 0.0273 0.0202 12.6776 "" "" 5963939673971204736 947.880676 1.015 0.0311 0.649 -2.293 0.037 0.031 1.062 5591.2 4.4495 15.377865 1.332122 15.961044 14.628922 "" "" 923.840393 974.014893 13298.44769 7.5325 5636.4 15.344 11158.0 39.864 "" "" 0.0028231174985488363 0.004064633 0.0054157455 0.009480379 254.64577662525 -45.76044374073 947.880676 0.649 -2.293
254.37033452465 -46.06484640986 0.029 0.0193 9.0033 "" "" 5963908131730490368 1015.47168 0.9447 0.0324 -1.597 -9.124 0.041 0.031 0.983 "" "" 15.377893 1.943317 16.335632 14.392315 "" "" 983.4953 1051.92322 13298.09732 4.8294 3991.8 9.7708 13875.0 13.336 "" "" 0.0027833905161258866 0.0038532785 0.003920809 0.0077740876 254.37033452465 -46.06484640986 1015.47168 -1.5969999999999995 -9.123999999999999
254.75073094228 -46.39203574639 0.043 0.0249 28.5355 "" "" 5963146307607720448 1090.12854 0.874 0.0363 1.654 -3.85 0.049 0.037 0.999 "" "" 15.378081 1.919718 16.321806 14.402088 "" "" 1051.99084 1132.97888 13295.79143 4.8474 4042.9 10.354 13751.0 10.792 "" "" 0.0027836088458765337 0.0039391397 0.003874249 0.0078133885 254.75073094228 -46.39203574639 1090.12854 1.654 -3.8500000000000005
253.93035759747 -45.53544437397 0.0287 0.0214 34.5273 "" "" 5964001418423815808 1031.39734 0.9257 0.0337 0.121 -4.54 0.04 0.034 0.986 7952.0 4.1064 15.379257 1.564726 16.095684 14.530958 "" "" 988.806274 1064.04858 13281.39459 4.778 4979.0 13.081 12212.0 17.138 "" "" 0.002782867930519256 0.0039902017 0.0040749684 0.00806517 253.93035759747 -45.53544437397 1031.39734 0.12099999999999977 -4.540000000000001
254.72148847104 -45.84665661567 0.0304 0.0227 10.8701 "" "" 5963938123473493888 970.290588 0.9906 0.0352 0.373 -2.27 0.041 0.036 1.081 6005.7 4.3671 15.379424 1.354741 15.968858 14.614117 "" "" 937.667786 1006.40308 13279.35626 11.196 5595.9 22.038 11311.0 31.148 "" "" 0.002903402089839412 0.0051057106 0.004819035 0.009924745 254.72148847104 -45.84665661567 970.290588 0.37299999999999994 -2.2700000000000005
254.49485907329 -46.57223070158 0.0395 0.0238 37.4687 "" "" 5963141183701506688 807.576355 1.2007 0.0344 -5.903 -12.287 0.051 0.037 0.986 5159.8 4.53 15.380471 1.223709 15.912163 14.688454 "" "" 786.115784 833.169189 13266.55823 3.577 5895.9 11.296 10563.0 19.104 "" "" 0.0027708279010049525 0.0034802523 0.0042590606 0.007739313 254.49485907329 -46.57223070158 807.576355 -5.9030000000000005 -12.287000000000003
253.63044041143 -46.15521008528 0.0355 0.0272 38.5048 "" "" 5939946715339693440 1091.58276 0.8853 0.0427 -3.929 -6.951 0.05 0.045 1.419 "" "" 15.380854 1.750448 16.213516 14.463068 "" "" 1040.54626 1145.25916 13261.88239 5.3217 4466.9 11.504 13000.0 14.934 "" "" 0.0027895533922950256 0.0039501567 0.0039798724 0.007930029 253.63044041143 -46.15521008528 1091.58276 -3.9290000000000003 -6.9510000000000005
255.11332915455 -45.72766043843 0.0302 0.0209 28.6357 "" "" 5963285116645981824 811.846375 1.193 0.0331 -6.582 -4.537 0.042 0.034 1.121 4957.2 4.3824 15.384983 1.179223 15.894499 14.715276 "" "" 791.614624 830.567566 13211.54368 3.3999 5992.6 7.4745 10305.0 13.33 "" "" 0.0027694507632381516 0.0031014476 0.004031899 0.0071333465 255.11332915455 -45.72766043843 811.846375 -6.582 -4.537000000000001
254.11245068029 -45.59075804988 0.0282 0.0196 27.0099 "" "" 5963959087223914624 955.384399 1.0075 0.033 -6.569 -11.104 0.04 0.031 0.998 6514.1 4.2162 15.385479 1.436915 16.026276 14.58936 "" "" 928.894714 987.505493 13205.5128 3.9152 5307.7 8.9907 11572.0 17.811 "" "" 0.002774060194704795 0.0033417707 0.004132351 0.0074741216 254.11245068029 -45.59075804988 955.384399 -6.568999999999999 -11.104
254.00915643271 -45.80611975291 0.0297 0.0205 22.4086 "" "" 5963926892147810944 889.633972 1.08 0.036 0.35 -2.481 0.043 0.035 1.092 "" "" 15.387124 1.334762 15.944722 14.609961 "" "" 864.273438 918.813538 13185.51645 13.962 5721.7 29.543 11355.0 39.44 "" "" 0.0029855552534506454 0.006261979 0.005339037 0.011601016 254.00915643271 -45.80611975291 889.633972 0.35 -2.481
254.69095426195 -46.46318525079 0.0359 0.0225 31.8677 "" "" 5963142661170384896 1120.88586 0.8614 0.0347 1.468 -4.022 0.047 0.035 1.018 "" "" 15.388155 1.903926 16.3167 14.412774 "" "" 1077.52991 1169.7146 13172.99881 4.7257 4062.0 9.5778 13616.0 10.454 "" "" 0.0027827142291057764 0.0037866812 0.0038702216 0.007656903 254.69095426195 -46.46318525079 1120.88586 1.4679999999999995 -4.022
253.604351302 -46.23019071798 0.0367 0.0277 41.1493 "" "" 5939944653755218176 1043.48596 0.9328 0.0434 -0.944 -6.467 0.051 0.043 1.388 5634.2 3.9248 15.38933 1.297649 15.957139 14.65949 "" "" 1001.41418 1092.73657 13158.74967 4.9172 5656.7 15.098 10848.0 15.606 "" "" 0.00278503123522162 0.0040227803 0.004089426 0.008112206 253.604351302 -46.23019071798 1043.48596 -0.9439999999999997 -6.466999999999999
254.93217169207 -46.20188306104 0.0318 0.023 23.405 "" "" 5963173172618367744 993.703186 0.9578 0.0346 -1.386 -5.027 0.042 0.035 1.086 7977.5 4.2214 15.392892 1.853287 16.295094 14.441807 "" "" 963.354614 1024.21509 13115.65031 5.3415 4143.6 11.122 13257.0 14.082 "" "" 0.002790575440569674 0.0040346007 0.0039514345 0.007986035 254.93217169207 -46.20188306104 993.703186 -1.386 -5.027
255.30067943305 -46.14883815596 0.034 0.0219 35.2418 "" "" 5963164964946429312 905.793213 1.0675 0.0308 1.088 -0.41 0.042 0.033 1.016 5220.2 4.4286 15.393845 1.136797 15.880329 14.743532 "" "" 879.917908 930.753967 13104.14671 10.637 6071.3 18.368 10040.0 31.416 "" "" 0.002892839141218327 0.0043098424 0.0050819064 0.009391749 255.30067943305 -46.14883815596 905.793213 1.088 -0.41000000000000003
255.08640618193 -45.82418550648 0.0345 0.0234 25.3695 "" "" 5963278523882249344 967.527283 0.9941 0.0325 -4.067 -3.74 0.049 0.039 1.044 6954.9 4.1996 15.393975 1.718946 16.212572 14.493626 "" "" 934.678711 999.560242 13102.57577 3.8082 4470.8 7.2723 12639.0 13.235 "" "" 0.002773331930767418 0.0033021348 0.0039466885 0.0072488235 255.08640618193 -45.82418550648 967.527283 -4.067 -3.7400000000000007
255.40800030099 -45.887944418 0.0411 0.0268 37.8417 "" "" 5963268108575041024 829.025574 1.162 0.0392 1.21 -1.08 0.059 0.044 1.171 5473.8 4.6163 15.395216 1.141222 15.867018 14.725796 "" "" 804.029907 848.190979 13087.61207 5.8154 6146.2 13.141 10206.0 12.784 "" "" 0.002797237556243184 0.0036295794 0.0040166276 0.0076462068 255.40800030099 -45.887944418 829.025574 1.2099999999999997 -1.08
255.10574253225 -46.38082068529 0.0311 0.0208 36.0163 "" "" 5963158024279249408 940.135376 1.0205 0.0327 -1.73 -6.299 0.041 0.033 1.034 9695.3 4.2988 15.395564 1.852994 16.295307 14.442313 "" "" 910.794373 966.041992 13083.41959 4.5301 4142.8 12.788 13251.0 11.825 "" "" 0.002780847939081857 0.0043608802 0.0039016004 0.008262481 255.10574253225 -46.38082068529 940.135376 -1.73 -6.2989999999999995
254.65095548813 -45.57623777683 0.0303 0.0252 23.1098 "" "" 5964036156127345024 1104.54089 0.86 0.0382 -2.052 -7.845 0.043 0.039 1.145 8331.5 4.1526 15.397916 1.827917 16.286856 14.458939 "" "" 1054.14453 1158.66467 13055.10102 4.3001 4175.2 9.0664 13049.0 14.103 "" "" 0.00277843155943547 0.0036528928 0.003957357 0.0076102493 254.65095548813 -45.57623777683 1104.54089 -2.052 -7.844999999999999
254.88559911208 -45.92882555696 0.0305 0.0232 15.9003 "" "" 5963186469837434240 1123.54614 0.8545 0.0336 0.016 -7.035 0.041 0.037 1.024 "" "" 15.398107 2.114528 16.477669 14.363141 29.4 6.8 1087.42969 1168.20593 13052.81718 4.4225 3502.3 12.092 14253.0 13.106 "" "" 0.002779768641562666 0.004673013 0.003909022 0.008582035 254.88559911208 -45.92882555696 1123.54614 0.016000000000000014 -7.034999999999999
254.21344648811 -45.90089281902 0.0302 0.0203 12.5103 "" "" 5963945716976676352 1045.25146 0.9137 0.0325 -2.264 -5.179 0.043 0.033 1.027 7944.1 3.9554 15.404246 2.513593 16.731022 14.217429 26.94 6.72 1018.99341 1083.55176 12979.20324 10.013 2773.4 17.708 16300.0 84.018 "" "" 0.0028798221078038568 0.007472798 0.006753033 0.014225831 254.21344648811 -45.90089281902 1045.25146 -2.2639999999999993 -5.179
255.10749721174 -46.19853808535 0.035 0.0244 29.2267 "" "" 5963166644268077568 1095.96887 0.868 0.0343 -2.382 1.585 0.046 0.038 1.008 "" "" 15.406399 2.409342 16.692757 14.283415 10.44 4.62 1049.63586 1135.75256 12953.49902 5.3647 2872.9 7.8521 15339.0 14.602 "" "" 0.0027917704048687933 0.0040732124 0.0039181616 0.007991374 255.10749721174 -46.19853808535 1095.96887 -2.3820000000000006 1.585
254.72381120336 -46.32148697145 0.0284 0.0201 24.1889 "" "" 5963150946172432384 901.092285 1.0592 0.0329 -5.389 1.186 0.038 0.031 0.977 4931.1 4.3864 15.407784 1.195881 15.926952 14.731071 "" "" 876.835754 929.859375 12936.99323 3.5796 5816.2 9.9454 10156.0 9.9225 "" "" 0.002771649360691445 0.003351393 0.0039254255 0.007276818 254.72381120336 -46.32148697145 901.092285 -5.389 1.186
254.46614841008 -45.97039920153 0.0306 0.0209 2.1295 "" "" 5963932183548193152 833.062744 1.1643 0.0347 -1.351 -0.074 0.043 0.033 1.102 5364.4 4.5685 15.409786 1.222982 15.934253 14.71127 "" "" 811.377075 857.586243 12913.14901 5.708 5777.2 12.36 10343.0 13.602 "" "" 0.002796805374748346 0.003630535 0.0040401067 0.007670642 254.46614841008 -45.97039920153 833.062744 -1.351 -0.07400000000000001
253.73539701808 -45.84174092789 0.0304 0.0213 32.7823 "" "" 5963975476820633344 1033.55054 0.9219 0.0353 -1.848 -7.519 0.043 0.035 1.032 7153.6 3.9074 15.411869 2.214603 16.567144 14.352541 "" "" 995.635193 1075.66138 12888.40909 6.2205 3225.2 10.831 14393.0 18.551 "" "" 0.0028047084397617075 0.0045912485 0.0040301406 0.008621389 253.73539701808 -45.84174092789 1033.55054 -1.8479999999999999 -7.518999999999998
254.04672628961 -46.01386961466 0.1208 0.0849 19.535 "" "" 5963923043857027712 1070.29565 1.0126 0.1487 0.062 4.121 0.165 0.142 4.396 5245.1 4.6856 15.417576 1.304093 15.964417 14.660324 "" "" 900.930054 1290.85852 12820.83896 15.544 5618.9 12.328 10840.0 20.147 "" "" 0.0030536143755999306 0.0036687322 0.004284362 0.007953094 254.04672628961 -46.01386961466 1070.29565 0.062000000000000166 4.121
255.16705794945 -45.99818266649 0.0298 0.0208 27.7515 "" "" 5963263401291053568 975.519287 0.9875 0.0318 -1.624 -4.744 0.041 0.034 0.995 4987.0 4.1735 15.419366 1.55315 16.137865 14.584715 "" "" 947.634033 1010.98926 12799.7126 4.0615 4789.3 9.9354 11622.0 11.334 "" "" 0.0027767753442771415 0.0035858292 0.003924901 0.00751073 255.16705794945 -45.99818266649 975.519287 -1.624 -4.744
254.2209351172 -45.40456831393 0.0258 0.0186 34.7083 "" "" 5964055053983777536 920.306824 1.0421 0.0292 2.116 -3.091 0.035 0.03 1.018 5200.0 4.413 15.420952 1.220563 15.954586 14.734023 "" "" 898.820679 944.789673 12781.03602 3.1739 5670.0 10.246 10129.0 10.656 "" "" 0.002768480474924212 0.0034109284 0.0039482154 0.007359144 254.2209351172 -45.40456831393 920.306824 2.116 -3.091
255.07496739629 -46.2468395963 0.0471 0.0281 29.7201 "" "" 5963160566899927296 952.643799 1.0166 0.0371 -5.138 -7.33 0.059 0.045 1.052 7955.6 4.0443 15.426827 1.886431 16.352392 14.465961 "" "" 918.773376 986.310242 12712.06706 4.9261 3930.6 9.454 12965.0 16.118 "" "" 0.0027872584243967963 0.0038216095 0.004013182 0.007834792 255.07496739629 -46.2468395963 952.643799 -5.138 -7.33
