Clusters/NGC_6250/NGC_6250_members.tsv
# %ECSV 1.0
# ---
# datatype:
# - name: RA_ICRS_1
#   unit: deg
#   datatype: float64
#   format: '{:15.11f}'
#   description: Right ascension (ICRS) at Ep=2016.0 (ra)
#   meta: !!omap
#   - {ucd: POS_EQ_RA_MAIN}
#   - {width: 15}
#   - {precision: '11'}
# - name: DE_ICRS_1
#   unit: deg
#   datatype: float64
#   format: '{:15.11f}'
#   description: Declination (ICRS) at Ep=2016.0 (dec)
#   meta: !!omap
#   - {ucd: POS_EQ_DEC_MAIN}
#   - {width: 15}
#   - {precision: '11'}
# - name: e_RA_ICRS
#   unit: mas
#   datatype: float64
#   format: '{:7.4f}'
#   description: Standard error of right ascension (ra_error)
#   meta: !!omap
#   - {ucd: ERROR}
#   - {width: 7}
#   - {precision: '4'}
# - name: e_DE_ICRS
#   unit: mas
#   datatype: float64
#   format: '{:7.4f}'
#   description: Standard error of declination (dec_error)
#   meta: !!omap
#   - {ucd: ERROR}
#   - {width: 7}
#   - {precision: '4'}
# - name: _r_1
#   unit: ''
#   datatype: float64
#   format: '{:7.4f}'
#   description: Distance from center (254.50551041000-45.94779535000)[ICRS], at Epoch=J2016.0
#   meta: !!omap
#   - {ucd: POS_ANG_DIST_GENERAL}
#   - {width: 7}
#   - {precision: '4'}
# - name: HIP
#   datatype: int32
#   description: '? HIP cross-id number, van Leeuwen, Cat. I/311 (hip_original_ext_source_id)'
#   meta: !!omap
#   - {ucd: ID_NUMBER}
#   - {width: 6}
#   - values: {'null': -2147483648}
# - name: TYC2
#   datatype: string
#   description: Tycho-2 cross-id name, Hog et al., Cat. I/259 (tyc2_original_ext_source_id)
#   meta: !!omap
#   - {ucd: ID_CROSSID}
#   - {_votable_string_dtype: char}
# - name: Source
#   datatype: int64
#   description: Source identifier, identical to the Gaia-EDR3 source_id (id)
#   meta: !!omap
#   - {ucd: ID_MAIN}
#   - {width: 19}
# - name: rgeo
#   unit: pc
#   datatype: float64
#   format: '{:15.8f}'
#   description: '? Median of the geometric distance posterior (r_med_geo)'
#   meta: !!omap
#   - {ucd: PHYS_DISTANCE_TRUE}
#   - {width: 15}
#   - {precision: '8'}
#   - values: {'null': .nan}
# - name: Plx
#   unit: mas
#   datatype: float64
#   format: '{:9.4f}'
#   description: '? Parallax (parallax)'
#   meta: !!omap
#   - {ucd: POS_PARLX_TRIG}
#   - {width: 9}
#   - {precision: '4'}
#   - values: {'null': .nan}
# - name: e_Plx
#   unit: mas
#   datatype: float32
#   format: '{:7.4f}'
#   description: '? Standard error of parallax (parallax_error)'
#   meta: !!omap
#   - {ucd: ERROR}
#   - {width: 7}
#   - {precision: '4'}
#   - values: {'null': .nan}
# - name: pmRA
#   unit: mas / yr
#   datatype: float64
#   format: '{:9.3f}'
#   description: '? Proper motion in right ascension direction, pmRA*cosDE (pmra)'
#   meta: !!omap
#   - {ucd: POS_EQ_PMRA}
#   - {width: 9}
#   - {precision: '3'}
#   - values: {'null': .nan}
# - name: pmDE
#   unit: mas / yr
#   datatype: float64
#   format: '{:9.3f}'
#   description: '? Proper motion in declination direction (pmdec)'
#   meta: !!omap
#   - {ucd: POS_EQ_PMDEC}
#   - {width: 9}
#   - {precision: '3'}
#   - values: {'null': .nan}
# - name: e_pmRA
#   unit: mas / yr
#   datatype: float32
#   format: '{:6.3f}'
#   description: '? Standard error of proper motion in right ascension direction (pmra_error)'
#   meta: !!omap
#   - {ucd: ERROR}
#   - {width: 6}
#   - {precision: '3'}
#   - values: {'null': .nan}
# - name: e_pmDE
[...]
#       distance: !astropy.table.SerializedColumn
#         __class__: astropy.coordinates.distances.Distance
#         unit: !astropy.units.Unit {unit: pc}
#         value: !astropy.table.SerializedColumn {name: SkyCoord.distance}
#       frame: icrs
#       obstime: !astropy.time.Time {format: jyear_str, in_subfmt: '*', jd1: 367701545.0, jd2: 0.0, out_subfmt: '*', precision: 3, scale: tt}
#       pm_dec: !astropy.table.SerializedColumn
#         __class__: astropy.units.quantity.Quantity
#         unit: !astropy.units.Unit {unit: mas / yr}
#         value: !astropy.table.SerializedColumn {name: SkyCoord.pm_dec}
#       pm_ra_cosdec: !astropy.table.SerializedColumn
#         __class__: astropy.units.quantity.Quantity
#         unit: !astropy.units.Unit {unit: mas / yr}
#         value: !astropy.table.SerializedColumn {name: SkyCoord.pm_ra_cosdec}
#       ra: !astropy.table.SerializedColumn
#         __class__: astropy.coordinates.angles.Longitude
#         unit: *id001
#         value: !astropy.table.SerializedColumn {name: SkyCoord.ra}
#         wrap_angle: !astropy.coordinates.Angle
#           unit: *id001
#           value: 360.0
#       representation_type: spherical
# schema: astropy-2.0
RA_ICRS_1 DE_ICRS_1 e_RA_ICRS e_DE_ICRS _r_1 HIP TYC2 Source rgeo Plx e_Plx pmRA pmDE e_pmRA e_pmDE RUWE Teff logg Gmag BP-RP BPmag RPmag RV e_RV b_rgeo B_rgeo FG e_FG FBP e_FBP FRP e_FRP RAVE5 RAVE6 e_Gmag e_BPmag e_RPmag e_BP-RP SkyCoord.ra SkyCoord.dec SkyCoord.distance SkyCoord.pm_ra_cosdec SkyCoord.pm_dec rmRA rmDE e_rmRA e_rmDE rRV e_rRV v_pec v_pec3d e_vpec e_vpec3d Pmemb
254.53303840526 -45.98235955661 0.0269 0.0173 2.3704 83039 8327-1704-1 5963930598690559744 970.048157 1.0066 0.0281 0.218 -2.387 0.036 0.028 0.868 18586.5 3.3987 7.872312 0.220042 7.927492 7.70745 "" "" 938.745483 997.30957 13366631.46685 6400.0 9213400.0 10759.0 6549000.0 7229.3 "" "" 0.002803932724015668 0.0030647274 0.003964868 0.0070295953 254.53303840526 -45.98235955661 970.048157 0.2180000000000003 -2.3869999999999996 -0.15778687071800232 0.01767214584350585 0.16822647 0.16022646 "" "" 0.7300447076742791 "" 0.12274218697727217 "" 1.0
254.42851327496 -45.96147304578 0.0252 0.0157 3.315 83008 8327-1584-1 5963932351037216000 961.635437 1.0162 0.0254 0.416 -2.474 0.034 0.026 1.032 "" "" 8.6783 0.286122 8.761218 8.475096 "" "" 941.481873 983.51239 6362485.80919 1716.7 4274900.0 2113.8 3229400.0 1179.7 J165742.8-455741 20040923_1646m47_101 0.0027708497719694104 0.0028413497 0.003800136 0.0066414857 254.42851327496 -45.96147304578 961.635437 0.416 -2.474 0.04021312928199766 -0.06932785415649434 0.16622648 0.15822646 "" "" 0.36531951937677554 "" 0.05855270713549163 "" 0.9
254.33520961145 -45.86607442232 0.0162 0.0108 8.6368 "" 8327-1490-1 5963946820796839424 914.163391 1.0708 0.0182 0.268 -2.446 0.022 0.017 0.801 "" "" 9.039806 0.250219 9.109652 8.859432 "" "" 898.804565 931.986816 4560625.25719 1493.0 3101400.0 1781.5 2266700.0 1253.8 J165720.5-455158 20040923_1646m47_099 0.002778151032905016 0.0028590222 0.0038268005 0.0066858227 254.33520961145 -45.86607442232 914.163391 0.26800000000000007 -2.446 -0.1077868707180023 -0.041327854156494315 0.15422647 0.14922647 "" "" 0.5002096757998958 "" 0.0768295613757733 "" 1.0
254.48324041085 -45.93599105481 0.0182 0.0128 1.1683 "" 8327-955-1 5963933725439871488 976.104858 1.004 0.0206 0.613 -2.463 0.024 0.02 0.87 "" "" 9.588455 0.299725 9.658408 9.358684 "" "" 954.227844 998.008728 2751468.75864 916.84 1870900.0 4136.0 1431100.0 3011.7 "" "" 0.002778970929651793 0.0036805149 0.004416386 0.008096901 254.48324041085 -45.93599105481 976.104858 0.613 -2.463 0.23721312928199767 -0.05832785415649422 0.15622647 0.15222646 "" "" 1.1302144804876482 "" 0.1763147841951905 "" 1.0
254.42195729432 -45.98054345454 0.0169 0.0112 4.0005 "" 8327-743-1 5963932252267676032 990.547363 0.9844 0.0193 0.294 -2.479 0.024 0.019 0.885 "" "" 10.580356 0.373388 10.702684 10.329296 "" "" 972.086792 1006.1076 1103581.52761 259.34 715060.0 392.42 585380.0 299.18 "" "" 0.0027671084301837635 0.0028530823 0.0038199015 0.006672984 254.42195729432 -45.98054345454 990.547363 0.29399999999999993 -2.479 -0.08178687071800234 -0.07432785415649423 0.15622647 0.15122646 "" "" 0.5188927531560094 "" 0.07990166367030727 "" 1.0
254.49264271219 -45.94286203763 0.0228 0.0142 0.613 "" 8327-565-1 5963933729736424192 956.240784 1.0128 0.026 0.334 -2.507 0.032 0.022 1.037 12333.7 3.9827 10.994914 0.335797 11.10537 10.769573 "" "" 931.136475 978.253052 753322.70835 307.87 493480.0 502.65 390240.0 316.18 "" "" 0.0027908203644165432 0.0030013479 0.0038804086 0.0068817567 254.49264271219 -45.94286203763 956.240784 0.33400000000000024 -2.5069999999999966 -0.0417868707180023 -0.10232785415649426 0.16422647 0.15422647 "" "" 0.5009913675306605 "" 0.07800188561988612 "" 1.0
254.52209556755 -45.89386959196 0.0161 0.0109 3.3088 "" 8327-1511-1 5963931358914492160 965.756958 0.991 0.0178 0.354 -2.432 0.022 0.017 0.953 "" "" 11.899301 0.431745 12.046728 11.614984 -25.98 23.23 948.395691 978.878723 327511.49515 79.904 207360.0 97.017 179130.0 64.258 "" "" 0.0027680239062723203 0.0028360346 0.0037993975 0.006635432 254.52209556755 -45.89386959196 965.756958 0.35399999999999976 -2.4320000000000004 -0.021786870718002338 -0.02732785415649408 0.15422647 0.14922647 -13.11423076923077 27.475796 0.1599886787538996 13.115206633750324 0.02418854725507975 27.473751353093764 1.0
254.49442197802 -45.91917833916 0.0188 0.0126 1.7783 "" 8327-1121-1 5963934137743608576 997.973572 0.9631 0.0204 0.478 -2.527 0.025 0.02 1.124 "" "" 12.062799 0.424703 12.213105 11.788403 -37.36 33.16 978.268311 1018.73834 281725.99382 56.925 177900.0 84.765 152690.0 58.044 "" "" 0.0027640401117991803 0.0028377236 0.0038018518 0.0066395756 254.49442197802 -45.91917833916 997.973572 0.4780000000000001 -2.527 0.10221312928199766 -0.12232785415649428 0.15722647 0.15222646 -24.494230769230768 37.405796 0.7540734051554361 24.505835380102717 0.11635483799071596 37.388082902312405 0.8
254.50402824615 -45.92154459763 0.0138 0.0092 1.5763 "" 8327-1567-1 5963934142053292032 946.645325 1.0206 0.0152 0.188 -2.554 0.019 0.015 0.922 "" "" 12.089648 0.559885 12.29543 11.735545 -3.5 22.86 934.187561 959.750122 274844.67631 56.81 164910.0 69.191 160300.0 59.167 "" "" 0.0027644445715181974 0.0028271126 0.003800569 0.0066276817 254.50402824615 -45.92154459763 946.645325 0.18799999999999983 -2.5540000000000003 -0.18778687071800232 -0.14932785415649397 0.15122646 0.14722647 9.36576923076923 27.105797 1.0765551377630047 9.42743890187932 0.16114912508823934 26.92849030323639 1.0
254.43779823444 -46.22340311121 0.0139 0.0099 16.7748 "" "" 5963902561144054784 989.505859 0.9753 0.0151 0.464 -2.405 0.02 0.016 1.061 "" "" 12.171617 0.502037 12.353806 11.851769 -11.31 15.08 973.761902 1004.59259 254859.08241 62.099 156280.0 108.8 144030.0 52.915 "" "" 0.0027679914072894123 0.0028907428 0.0038003733 0.006691116 254.43779823444 -46.22340311121 989.505859 0.46399999999999975 -2.4049999999999985 0.0882131292819977 -0.0003278541564939452 0.15222646 0.14822647 1.5557692307692292 19.325798 0.41374517272429495 1.6098456346373513 0.06298294165077728 18.676631217441642 1.0
254.4316186687 -45.98803956529 0.0123 0.0083 3.9149 "" "" 5963932247958001792 959.809326 1.0089 0.0137 0.34 -2.534 0.017 0.013 0.836 "" "" 12.327523 0.536525 12.524652 11.988127 -24.67 18.85 948.61554 970.844116 220768.75938 49.611 133520.0 64.589 127030.0 43.306 "" "" 0.002766101680278944 0.002839172 0.0037974636 0.0066366354 254.4316186687 -45.98803956529 959.809326 0.3400000000000001 -2.534 -0.035786870718002295 -0.12932785415649395 0.14922647 0.14522646 -11.804230769230772 23.095798 0.6104873667602091 11.820006720735329 0.08883482217644421 23.0649733997323 1.0
254.51460596652 -45.99300884862 0.0146 0.0092 2.7392 "" "" 5963930568640474752 949.096008 1.0171 0.016 0.714 -2.619 0.02 0.015 0.868 "" "" 12.336289 0.570543 12.547581 11.977037 -12.63 23.36 937.341797 968.102844 218993.47357 39.609 130730.0 60.043 128330.0 56.022 "" "" 0.0027623093040320297 0.0028343813 0.0038089866 0.006643368 254.51460596652 -45.99300884862 949.096008 0.7139999999999999 -2.619 0.33821312928199765 -0.21432785415649436 0.15222646 0.14722647 0.23576923076922895 27.605797 1.8013101784271512 1.816674293615333 0.2716570322639751 3.5928105843526907 0.9
254.50257942727 -45.89646327295 0.0153 0.0098 3.0824 "" "" 5963934279492257664 947.318115 1.0258 0.0164 0.247 -2.433 0.02 0.015 0.974 7594.8 4.0179 12.589643 0.497622 12.771369 12.273747 "" "" 928.552246 965.588867 173416.09416 38.02 106380.0 55.756 97647.0 40.995 "" "" 0.0027655834257808314 0.0028476086 0.0038067705 0.006654379 254.50257942727 -45.89646327295 947.318115 0.24700000000000016 -2.432999999999999 -0.12878687071800232 -0.02832785415649397 0.15222646 0.14722647 "" "" 0.5921143149766653 "" 0.09000098332275895 "" 1.0
254.57739228095 -46.08637152603 0.0148 0.0098 8.8376 "" "" 5963927815551753472 1020.4267 0.9494 0.016 0.196 -2.411 0.021 0.016 1.002 "" "" 12.653104 0.545023 12.855912 12.310889 "" "" 1007.20673 1037.52026 163570.55943 36.609 98413.0 33.881 94363.0 28.876 "" "" 0.002766014933022529 0.0028150964 0.0037939576 0.0066090543 254.57739228095 -46.08637152603 1020.4267 0.1959999999999999 -2.411 -0.1797868707180023 -0.006327854156494173 0.15322646 0.14822647 "" "" 0.8701356484795559 "" 0.13332251430166553 "" 1.0
254.44030879567 -45.98155403789 0.0217 0.015 3.3908 "" "" 5963932252267671168 965.484985 1.0057 0.0253 0.492 -2.456 0.029 0.023 1.42 7976.0 4.2416 12.76972 0.597773 12.993743 12.39597 "" "" 942.662354 989.203186 146912.50084 37.993 86680.0 47.983 87251.0 33.311 "" "" 0.002769589841528065 0.0028541689 0.0038020455 0.0066562146 254.44030879567 -45.98155403789 965.484985 0.49200000000000016 -2.4560000000000004 0.11621312928199767 -0.0513278541564941 0.16122647 0.15522647 "" "" 0.5814015289745619 "" 0.09317681869968454 "" 1.0
254.51196350012 -45.92739509941 0.014 0.0095 1.2533 "" "" 5963931187115787008 974.409668 0.9926 0.0154 0.314 -2.505 0.019 0.015 0.92 "" "" 12.780339 0.53726 12.980449 12.443189 "" "" 958.338745 988.221069 145482.58238 34.288 87748.0 58.899 83538.0 32.029 "" "" 0.0027671772135263867 0.002883776 0.003802238 0.006686014 254.51196350012 -45.92739509941 974.409668 0.314 -2.505 -0.06178687071800232 -0.10032785415649403 0.15122646 0.14722647 "" "" 0.5442096182021989 "" 0.08072649560186221 "" 1.0
254.50635146603 -45.92652688038 0.0166 0.0107 1.2766 "" "" 5963934137743812224 941.506042 1.032 0.0183 0.481 -2.552 0.022 0.017 0.922 "" "" 12.963377 0.650786 13.211165 12.560379 "" "" 921.959473 962.805908 122912.42707 28.698 70950.0 43.03 74991.0 44.865 "" "" 0.002766957227757622 0.0028668179 0.0038347964 0.0067016142 254.50635146603 -45.92652688038 941.506042 0.481 -2.5519999999999996 0.10521312928199766 -0.1473278541564942 0.15422647 0.14922647 "" "" 0.807931954882908 "" 0.12194418930965947 "" 1.0
254.73869083819 -46.15280208348 0.0151 0.0104 15.6711 "" "" 5963175960062858112 920.202454 1.0549 0.0159 0.34 -2.381 0.02 0.016 0.898 7988.9 4.0832 12.973456 0.715264 13.248437 12.533173 "" "" 906.517212 936.1651 121776.73753 35.672 68555.0 49.574 76893.0 52.727 "" "" 0.0027736152394490588 0.002898529 0.0038520154 0.0067505445 254.73869083819 -46.15280208348 920.202454 0.34000000000000047 -2.381000000000001 -0.035786870718002295 0.023672145843506076 0.15222646 0.14822647 "" "" 0.18715306793205505 "" 0.028263892450218393 "" 1.0
254.70193691202 -45.87205216184 0.0146 0.0102 9.3754 "" "" 5963937990343964416 965.201172 0.996 0.0162 0.258 -2.476 0.02 0.016 1.019 9416.3 4.2374 13.106366 0.680544 13.366799 12.686255 "" "" 952.456787 980.406128 107745.81129 34.99 61475.0 38.588 66781.0 22.857 "" "" 0.0027777883106370974 0.0028721972 0.0037976075 0.0066698045 254.70193691202 -45.87205216184 965.201172 0.2579999999999994 -2.4760000000000026 -0.11778687071800231 -0.07132785415649412 0.15222646 0.14822647 "" "" 0.6299868629315073 "" 0.09523107477000743 "" 1.0
254.39946821926 -46.01687981869 0.0145 0.0096 6.0604 "" "" 5963931766921665152 957.250977 1.0 0.0162 0.351 -2.369 0.021 0.015 1.059 "" "" 13.249928 1.052917 13.685422 12.632505 "" "" 943.076111 973.451172 94400.70745 18.337 45840.0 36.15 70171.0 23.517 "" "" 0.0027633798811507434 0.0029185903 0.0037968578 0.006715448 254.39946821926 -46.01687981869 957.250977 0.35100000000000015 -2.3689999999999998 -0.02478687071800234 0.03567214584350564 0.15322646 0.14722647 "" "" 0.19709588658302352 "" 0.029408010013257206 "" 1.0
254.4835693082 -46.0174229457 0.015 0.0102 4.2766 "" "" 5963929018142595968 920.890808 1.0463 0.0165 0.399 -2.408 0.02 0.016 1.043 "" "" 13.39286 0.713337 13.666979 12.953642 "" "" 905.237732 933.680176 82756.5784 20.985 46626.0 29.44 52204.0 32.306 "" "" 0.0027690410007257366 0.0028731544 0.0038386423 0.006711797 254.4835693082 -46.0174229457 920.890808 0.399 -2.408 0.023213129281997702 -0.003327854156494059 0.15222646 0.14822647 "" "" 0.10236177552857674 "" 0.015574031625073126 "" 1.0
254.49886844582 -45.92429261464 0.0144 0.0097 1.4371 "" "" 5963934137743608960 940.591187 1.0226 0.0159 0.398 -2.501 0.02 0.015 1.047 8636.7 4.1706 13.409793 0.769143 13.709043 12.9399 "" "" 926.006287 959.953918 81476.00394 20.64 44854.0 32.848 52869.0 24.223 "" "" 0.0027690141445329414 0.002901252 0.0038119792 0.006713231 254.49886844582 -45.92429261464 940.591187 0.398 -2.5009999999999986 0.0222131292819977 -0.09632785415649403 0.15222646 0.14722647 "" "" 0.4407391308992606 "" 0.06500152321416734 "" 1.0
254.76360863706 -45.980192363 0.0153 0.0109 10.9385 "" "" 5963184992367412736 911.783569 1.0535 0.0166 0.491 -2.325 0.021 0.017 1.036 "" "" 13.543118 0.902335 13.905488 13.003153 "" "" 898.052612 925.943848 72060.90503 13.547 37430.0 21.188 49877.0 22.855 "" "" 0.002762870057504829 0.0028570588 0.0038119873 0.0066690464 254.76360863706 -45.980192363 911.783569 0.491 -2.325 0.11521312928199767 0.07967214584350568 0.15322646 0.14922647 "" "" 0.6053946739788892 "" 0.09198607921146386 "" 0.8
254.48454702493 -46.03272908919 0.0153 0.0103 5.1704 "" "" 5963928988092506496 959.010498 0.999 0.0168 0.307 -2.328 0.021 0.016 0.932 "" "" 13.547061 1.050749 13.981668 12.930919 -20.95 5.69 943.903381 973.650513 71799.6721 22.766 34894.0 34.494 53308.0 45.656 "" "" 0.0027767436793167304 0.0029894814 0.0038920965 0.006881578 254.48454702493 -46.03272908919 959.010498 0.3069999999999999 -2.3279999999999994 -0.06878687071800232 0.07667214584350601 0.15322646 0.14822647 -8.08423076923077 9.935797 0.4682357215026426 8.09777943766491 0.07045858483989406 9.919173657058352 1.0
254.56724212768 -45.897546136 0.017 0.0118 3.9659 "" "" 5963936959551831168 938.004456 1.0279 0.0194 0.376 -2.246 0.023 0.018 1.069 6417.8 3.9864 13.987541 1.123391 14.46238 13.338989 -22.58 12.24 919.249756 954.082092 47855.32748 11.595 22411.0 23.16 36607.0 22.011 "" "" 0.0027678499135820054 0.0030073214 0.0038353505 0.006842672 254.56724212768 -45.897546136 938.004456 0.3759999999999994 -2.246000000000003 0.00021312928199768155 0.15867214584350586 0.15522647 0.15022647 -9.714230769230769 16.485798 0.7054793888742886 9.739814197714258 0.10598168740503369 16.442496668209568 1.0
254.36038968062 -46.06090725131 0.0193 0.0124 9.0906 "" "" 5963908883336053760 914.548218 1.0504 0.0199 0.262 -2.466 0.026 0.02 0.876 7575.8 4.1428 14.105338 1.099409 14.562918 13.463509 -19.19 12.67 899.433472 928.655396 42934.99028 7.649 20429.0 13.643 32640.0 23.139 "" "" 0.002762101283016919 0.0028828443 0.003856962 0.0067398064 254.36038968062 -46.06090725131 914.548218 0.262 -2.466 -0.11378687071800231 -0.06132785415649433 0.15822646 0.15222646 -6.3242307692307715 16.915798 0.5603436183159209 6.3490062051531035 0.08791559970742897 16.84979022979348 1.0
254.16347132306 -46.12110728408 0.0184 0.0131 17.6384 "" "" 5963918577090982400 981.350952 0.9819 0.0216 0.283 -2.325 0.025 0.02 0.973 10088.6 4.2125 14.254771 1.246756 14.793848 13.547092 "" "" 959.799194 999.650574 37414.35942 7.4708 16515.0 18.32 30222.0 16.894 "" "" 0.002763836157614181 0.003039018 0.0038278038 0.006866822 254.16347132306 -46.12110728408 981.350952 0.28299999999999914 -2.325 -0.09278687071800235 0.07967214584350568 0.15722647 0.15222646 "" "" 0.568886625324379 "" 0.0882480802172803 "" 1.0
254.46507154286 -45.95004145645 0.0193 0.0129 1.6924 "" "" 5963933695376690816 962.364807 0.9987 0.022 0.306 -2.381 0.027 0.02 0.953 6176.3 4.1739 14.27498 1.074394 14.722774 13.64838 "" "" 944.750732 981.440002 36724.43144 20.009 17632.0 43.16 27530.0 42.308 "" "" 0.002818106790296027 0.0038533567 0.00413132 0.007984676 254.46507154286 -45.95004145645 962.364807 0.30600000000000005 -2.381 -0.06978687071800233 0.023672145843506076 0.15922646 0.15222646 "" "" 0.33615617618708454 "" 0.05328695586959283 "" 1.0
254.46046546277 -45.95075248393 0.019 0.0134 1.8875 "" "" 5963933661016953728 952.060669 1.0046 0.0219 0.193 -2.404 0.027 0.021 1.01 5677.0 4.1241 14.275479 1.143335 14.759912 13.616576 -18.6 7.75 934.061157 971.002502 36707.51119 10.104 17039.0 17.847 28348.0 22.94 "" "" 0.0027714805796654183 0.0030130255 0.0038801648 0.0068931906 254.46046546277 -45.95075248393 952.060669 0.19299999999999956 -2.403999999999999 -0.18278687071800231 0.0006721458435059446 0.15922646 0.15322646 -5.734230769230772 11.995797 0.8248802395004918 5.7932572810389935 0.13134269664969164 11.873588750758325 0.9
