Clusters/UPK_194/UPK_194_members.tsv
# %ECSV 1.0
# ---
# datatype:
# - name: RA_ICRS_1
#   unit: deg
#   datatype: float64
#   format: '{:15.11f}'
#   description: Right ascension (ICRS) at Ep=2016.0 (ra)
#   meta: !!omap
#   - {ucd: POS_EQ_RA_MAIN}
#   - {width: 15}
#   - {precision: '11'}
# - name: DE_ICRS_1
#   unit: deg
#   datatype: float64
#   format: '{:15.11f}'
#   description: Declination (ICRS) at Ep=2016.0 (dec)
#   meta: !!omap
#   - {ucd: POS_EQ_DEC_MAIN}
#   - {width: 15}
#   - {precision: '11'}
# - name: e_RA_ICRS
#   unit: mas
#   datatype: float64
#   format: '{:7.4f}'
#   description: Standard error of right ascension (ra_error)
#   meta: !!omap
#   - {ucd: ERROR}
#   - {width: 7}
#   - {precision: '4'}
# - name: e_DE_ICRS
#   unit: mas
#   datatype: float64
#   format: '{:7.4f}'
#   description: Standard error of declination (dec_error)
#   meta: !!omap
#   - {ucd: ERROR}
#   - {width: 7}
#   - {precision: '4'}
# - name: _r_1
#   unit: ''
#   datatype: float64
#   format: '{:7.4f}'
#   description: Distance from center (336.51751508000+65.00720452000)[ICRS], at Epoch=J2016.0
#   meta: !!omap
#   - {ucd: POS_ANG_DIST_GENERAL}
#   - {width: 7}
#   - {precision: '4'}
# - name: HIP
#   datatype: int32
#   description: '? HIP cross-id number, van Leeuwen, Cat. I/311 (hip_original_ext_source_id)'
#   meta: !!omap
#   - {ucd: ID_NUMBER}
#   - {width: 6}
#   - values: {'null': -2147483648}
# - name: TYC2
#   datatype: string
#   description: Tycho-2 cross-id name, Hog et al., Cat. I/259 (tyc2_original_ext_source_id)
#   meta: !!omap
#   - {ucd: ID_CROSSID}
#   - {_votable_string_dtype: char}
# - name: Source
#   datatype: int64
#   description: Source identifier, identical to the Gaia-EDR3 source_id (id)
#   meta: !!omap
#   - {ucd: ID_MAIN}
#   - {width: 19}
# - name: rgeo
#   unit: pc
#   datatype: float64
#   format: '{:15.8f}'
#   description: '? Median of the geometric distance posterior (r_med_geo)'
#   meta: !!omap
#   - {ucd: PHYS_DISTANCE_TRUE}
#   - {width: 15}
#   - {precision: '8'}
#   - values: {'null': .nan}
# - name: Plx
#   unit: mas
#   datatype: float64
#   format: '{:9.4f}'
#   description: '? Parallax (parallax)'
#   meta: !!omap
#   - {ucd: POS_PARLX_TRIG}
#   - {width: 9}
#   - {precision: '4'}
#   - values: {'null': .nan}
# - name: e_Plx
#   unit: mas
#   datatype: float32
#   format: '{:7.4f}'
#   description: '? Standard error of parallax (parallax_error)'
#   meta: !!omap
#   - {ucd: ERROR}
#   - {width: 7}
#   - {precision: '4'}
#   - values: {'null': .nan}
# - name: pmRA
#   unit: mas / yr
#   datatype: float64
#   format: '{:9.3f}'
#   description: '? Proper motion in right ascension direction, pmRA*cosDE (pmra)'
#   meta: !!omap
#   - {ucd: POS_EQ_PMRA}
#   - {width: 9}
#   - {precision: '3'}
#   - values: {'null': .nan}
# - name: pmDE
#   unit: mas / yr
#   datatype: float64
#   format: '{:9.3f}'
#   description: '? Proper motion in declination direction (pmdec)'
#   meta: !!omap
#   - {ucd: POS_EQ_PMDEC}
#   - {width: 9}
#   - {precision: '3'}
#   - values: {'null': .nan}
# - name: e_pmRA
#   unit: mas / yr
#   datatype: float32
#   format: '{:6.3f}'
#   description: '? Standard error of proper motion in right ascension direction (pmra_error)'
#   meta: !!omap
#   - {ucd: ERROR}
#   - {width: 6}
#   - {precision: '3'}
#   - values: {'null': .nan}
# - name: e_pmDE
[...]
#       distance: !astropy.table.SerializedColumn
#         __class__: astropy.coordinates.distances.Distance
#         unit: !astropy.units.Unit {unit: pc}
#         value: !astropy.table.SerializedColumn {name: SkyCoord.distance}
#       frame: icrs
#       obstime: !astropy.time.Time {format: jyear_str, in_subfmt: '*', jd1: 367701545.0, jd2: 0.0, out_subfmt: '*', precision: 3, scale: tt}
#       pm_dec: !astropy.table.SerializedColumn
#         __class__: astropy.units.quantity.Quantity
#         unit: !astropy.units.Unit {unit: mas / yr}
#         value: !astropy.table.SerializedColumn {name: SkyCoord.pm_dec}
#       pm_ra_cosdec: !astropy.table.SerializedColumn
#         __class__: astropy.units.quantity.Quantity
#         unit: !astropy.units.Unit {unit: mas / yr}
#         value: !astropy.table.SerializedColumn {name: SkyCoord.pm_ra_cosdec}
#       ra: !astropy.table.SerializedColumn
#         __class__: astropy.coordinates.angles.Longitude
#         unit: *id001
#         value: !astropy.table.SerializedColumn {name: SkyCoord.ra}
#         wrap_angle: !astropy.coordinates.Angle
#           unit: *id001
#           value: 360.0
#       representation_type: spherical
# schema: astropy-2.0
RA_ICRS_1 DE_ICRS_1 e_RA_ICRS e_DE_ICRS _r_1 HIP TYC2 Source rgeo Plx e_Plx pmRA pmDE e_pmRA e_pmDE RUWE Teff logg Gmag BP-RP BPmag RPmag RV e_RV b_rgeo B_rgeo FG e_FG FBP e_FBP FRP e_FRP RAVE5 RAVE6 e_Gmag e_BPmag e_RPmag e_BP-RP SkyCoord.ra SkyCoord.dec SkyCoord.distance SkyCoord.pm_ra_cosdec SkyCoord.pm_dec rmRA rmDE e_rmRA e_rmDE rRV e_rRV v_pec v_pec3d e_vpec e_vpec3d Pmemb
336.77212075928 65.13225307789 0.0422 0.0407 9.8872 110817 4272-1269-1 2206444069986109312 999.789978 0.9686 0.0463 -0.587 -3.079 0.054 0.05 1.019 "" "" 5.390585 0.52865 5.57827 5.04962 "" "" 959.547852 1049.37878 131435498.94048 128760.0 80188000.0 185130.0 75737000.0 299200.0 "" "" 0.002953490937169271 0.003750771 0.0057167374 0.009467509 336.77212075928 65.13225307789 999.789978 -0.5869999999999999 -3.079 0.058568192005157504 0.0856704673767088 0.22609194 0.22209193 "" "" 0.49179958658531087 "" 0.10985511315488336 "" 1.0
336.12965798508 64.89967111942 0.0112 0.0113 11.7767 "" 4272-738-1 2206341368728997376 917.859436 1.0636 0.0122 -0.753 -3.478 0.015 0.014 0.997 "" "" 9.384304 1.980258 10.381619 8.401361 -2.12 0.13 907.345459 933.723083 3320665.01716 780.94 961100.0 380.71 3456300.0 1024.9 "" "" 0.002767126186335839 0.0028231218 0.00379307 0.006616192 336.12965798508 64.89967111942 917.859436 -0.7530000000000001 -3.4779999999999998 -0.10743180799484253 -0.3133295326232912 0.18709193 0.18609193 11.236538461538462 2.0700927 1.4410911786842262 11.328571859811571 0.26832739731001426 2.053558927916266 1.0
336.9497813402 65.12555600467 0.0105 0.0113 13.0373 "" 4272-75-1 2206443451510865408 918.007629 1.076 0.0123 -0.447 -3.19 0.014 0.014 0.953 17767.2 3.8278 9.526031 0.518844 9.707868 9.189024 -34.72 5.94 907.657959 932.440552 2914301.18752 689.31 1787600.0 1043.3 1673200.0 576.13 "" "" 0.0027672619159796997 0.002861221 0.003797827 0.006659048 336.9497813402 65.12555600467 918.007629 -0.4469999999999995 -3.1899999999999995 0.19856819200515746 -0.025329532623290962 0.18609193 0.18609193 -21.363461538461536 7.8800926 0.8710423002040246 21.38121146226448 0.16209394247277595 7.873553616452668 1.0
336.4318434994 65.80859930807 0.0117 0.0112 48.1312 "" 4276-634-1 2206722074629241344 925.148621 1.0633 0.0127 -0.572 -2.843 0.014 0.013 1.066 6545.8 2.7163 9.837289 0.700405 10.100404 9.399999 "" "" 911.116028 936.50531 2187918.71564 547.36 1245200.0 763.74 1377700.0 410.01 "" "" 0.002768676276948332 0.002868539 0.0037931693 0.0066617085 336.4318434994 65.80859930807 925.148621 -0.572 -2.843 0.07356819200515752 0.321670467376709 0.18609193 0.18509193 "" "" 1.4470122804299261 "" 0.2679024033396754 "" 0.9
335.54636007371 64.81886821648 0.0092 0.0096 27.1671 "" 4272-201-1 2206521757355973504 934.324585 1.0488 0.0105 -0.541 -3.458 0.012 0.012 0.916 "" "" 10.922094 0.848696 11.253115 10.404419 -1.17 2.78 926.498718 943.526917 805580.78851 151.96 430700.0 236.25 546250.0 188.23 "" "" 0.0027629215078281057 0.0028530217 0.0037978548 0.0066508763 335.54636007371 64.81886821648 934.324585 -0.5409999999999999 -3.458 0.10456819200515743 -0.2933295326232912 0.18409193 0.18409193 12.186538461538463 4.720093 1.3791448028994162 12.264328765241117 0.2538894224759931 4.690241019207073 1.0
336.02577175661 64.90946816855 0.009 0.0092 13.7968 "" 4272-1158-1 2206528762441371904 907.603455 1.0794 0.01 -0.627 -3.458 0.012 0.011 0.894 "" "" 12.058238 0.959124 12.444733 11.485609 -17.19 8.49 897.782043 916.722473 282911.98616 39.027 143720.0 116.78 201800.0 62.554 "" "" 0.002759387944713432 0.0029263212 0.0037943376 0.006720659 336.02577175661 64.90946816855 907.603455 -0.6269999999999998 -3.458 0.01856819200515747 -0.2933295326232912 0.18409193 0.18309194 -3.8334615384615383 10.430092 1.26444126140554 4.036612325999208 0.23151406181673193 9.905441583529166 1.0
336.0147469538 64.33619629666 0.0085 0.008 42.2779 "" "" 2206262096512051200 919.492126 1.0705 0.0096 -0.89 -3.274 0.011 0.01 0.912 "" "" 12.131939 1.091329 12.582273 11.490944 -38.38 18.97 910.952087 929.762573 264344.93058 51.506 126620.0 104.52 200810.0 91.736 "" "" 0.0027634294672091732 0.0029305774 0.0038117897 0.006742367 336.0147469538 64.33619629666 919.492126 -0.89 -3.274 -0.24443180799484254 -0.10932953262329104 0.18309194 0.18209194 -25.02346153846154 20.910091 1.1670393407723676 25.05066083339468 0.2134813830328371 20.88739018548428 0.9
336.16255603584 64.8612173897 0.0093 0.0092 12.5752 "" "" 2206340264916826112 908.193115 1.0854 0.0104 -0.528 -3.452 0.013 0.011 1.026 "" "" 12.157938 0.734386 12.442794 11.708407 -3.26 13.53 896.884949 916.524963 258090.22202 50.59 143980.0 89.18 164360.0 113.93 "" "" 0.002763527238137408 0.0028700696 0.003853588 0.0067236573 336.16255603584 64.8612173897 908.193115 -0.5279999999999996 -3.452 0.11756819200515745 -0.287329532623291 0.18509193 0.18309194 10.096538461538463 15.470093 1.3364454128590866 10.184604815449521 0.24507749869178358 15.336356484252779 1.0
335.84202057678 64.57845906589 0.0084 0.0085 30.9789 "" 4272-786-1 2206326933338344064 912.129883 1.0802 0.0095 -0.853 -3.307 0.011 0.01 1.003 7491.8 3.8975 12.360951 0.86861 12.704757 11.836146 -25.49 28.93 903.820984 920.024719 214075.04518 31.045 113110.0 63.01 146120.0 38.495 "" "" 0.002759815344784178 0.0028549724 0.0037901904 0.0066451626 335.84202057678 64.57845906589 912.129883 -0.8530000000000003 -3.3069999999999977 -0.2074318079948425 -0.14232953262329096 0.18309194 0.18209194 -12.133461538461535 30.870092 1.0876462110090546 12.182112427064846 0.19879174517704196 30.746813688858015 1.0
336.87123112263 64.54583459809 0.0087 0.0088 29.1221 "" "" 2206361091217814656 919.380737 1.072 0.0098 -1.032 -2.875 0.012 0.011 0.991 "" "" 12.409511 0.925566 12.778852 11.853286 "" "" 912.323792 925.944031 204711.53726 35.531 105650.0 75.417 143830.0 32.68 "" "" 0.002761756995658458 0.0028958134 0.0037874244 0.006683238 336.87123112263 64.54583459809 919.380737 -1.032 -2.8750000000000013 -0.38643180799484256 0.289670467376709 0.18409193 0.18309194 "" "" 2.104620915402832 "" 0.38668789573516027 "" 1.0
335.88622505441 65.13928176893 0.0105 0.0107 17.8224 "" "" 2206546977404281088 899.93988 1.095 0.0118 -0.514 -3.684 0.015 0.013 1.081 "" "" 12.697528 0.855435 13.036453 12.181018 "" "" 888.221558 910.332581 157012.94937 24.944 83337.0 62.777 106350.0 36.349 "" "" 0.0027607138522200976 0.0029075707 0.0037975565 0.006705127 335.88622505441 65.13928176893 899.93988 -0.514 -3.684 0.13156819200515746 -0.5193295326232912 0.18709193 0.18509193 "" "" 2.285298266102607 "" 0.42326731972811305 "" 1.0
336.71916177432 65.16079822485 0.0111 0.0115 10.5313 "" "" 2206631914676234368 937.09491 1.0504 0.013 -0.575 -3.071 0.015 0.014 1.049 9482.8 4.1037 12.849067 1.065888 13.291404 12.225515 "" "" 925.710999 949.650269 136558.95208 44.157 65895.0 58.057 102080.0 104.3 "" "" 0.0027775970206259555 0.0029495957 0.00393883 0.006888426 336.71916177432 65.16079822485 937.09491 -0.575 -3.071 0.07056819200515752 0.09367046737670881 0.18709193 0.18609193 "" "" 0.5209269714170581 "" 0.09712923848310977 "" 1.0
336.77392771988 65.11692269286 0.0136 0.0151 9.242 "" "" 2206444001266644608 901.909973 1.0867 0.0163 -0.586 -2.968 0.019 0.018 1.283 "" "" 12.852736 0.819439 13.176798 12.357359 "" "" 889.12616 914.500916 136098.0963 24.648 73231.0 46.55 90410.0 29.888 "" "" 0.0027623275514243374 0.0028742594 0.0037963872 0.0066706464 336.77392771988 65.11692269286 901.909973 -0.5860000000000003 -2.968 0.059568192005157505 0.196670467376709 0.19109192 0.19009194 "" "" 0.8784963221005289 "" 0.1670690646646518 "" 1.0
336.12259660057 64.95729074827 0.0122 0.0128 10.4586 "" "" 2206529277840118656 889.664307 1.1114 0.0134 -0.598 -3.588 0.016 0.015 1.107 "" "" 12.875841 1.048774 13.31046 12.261686 "" "" 879.772705 899.777466 133232.48633 30.389 64749.0 68.039 98738.0 45.776 "" "" 0.0027664268886785875 0.0030144171 0.0038127545 0.006827172 336.12259660057 64.95729074827 889.664307 -0.5980000000000001 -3.5879999999999987 0.047568192005157495 -0.4233295326232911 0.18809193 0.18709193 "" "" 1.7964191566415155 "" 0.33611798862672587 "" 1.0
335.95011742948 65.12790806971 0.0136 0.0143 16.0749 "" "" 2206546805605604480 908.831299 1.0855 0.0156 -0.453 -3.022 0.018 0.017 1.298 "" "" 12.894952 0.92682 13.269429 12.342609 "" "" 895.73114 921.316711 130907.92639 19.383 67243.0 38.187 91646.0 27.755 "" "" 0.002760006039923403 0.0028574858 0.0037936587 0.0066511445 335.95011742948 65.12790806971 908.831299 -0.45299999999999996 -3.0219999999999985 0.19256819200515746 0.1426704673767092 0.19009194 0.18909194 "" "" 1.0324259045982902 "" 0.1958905877484781 "" 1.0
335.75038787569 64.96300950754 0.0121 0.012 19.6426 "" "" 2206531756040224512 904.272034 1.0865 0.0136 -0.646 -3.505 0.016 0.014 1.077 "" "" 12.965751 0.908668 13.331788 12.42312 "" "" 890.986694 915.573181 122644.07377 20.054 63489.0 34.364 85096.0 30.455 "" "" 0.002761033741565051 0.0028513852 0.0037993048 0.00665069 335.75038787569 64.96300950754 904.272034 -0.6459999999999999 -3.5050000000000012 -0.00043180799484254795 -0.3403295326232909 0.18809193 0.18609193 "" "" 1.458738443181449 "" 0.2714594565034037 "" 1.0
336.2799961117 64.95782948634 0.0105 0.0106 6.7155 "" "" 2206435480051181056 906.510437 1.0768 0.011 -0.814 -2.997 0.014 0.013 0.937 9666.0 4.1801 13.175726 0.932929 13.552107 12.619178 "" "" 896.023804 915.348083 101077.89697 15.202 51829.0 30.142 71037.0 25.591 "" "" 0.0027601547357294794 0.0028607252 0.0037995677 0.006660293 336.2799961117 64.95782948634 906.510437 -0.8139999999999987 -2.9970000000000003 -0.16843180799484248 0.1676704673767091 0.18609193 0.18509193 "" "" 1.0211950930669573 "" 0.189528567845586 "" 1.0
336.76892845357 65.13378891327 0.0268 0.0281 9.9052 "" "" 2206444069984610816 843.287476 1.1544 0.0318 -0.679 -3.071 0.042 0.038 2.721 "" "" 13.182301 0.90187 13.351327 12.449457 "" "" 821.647278 865.26947 100467.71455 77.633 62357.0 1606.7 83057.0 2268.0 "" "" 0.0028802174692766384 0.028114041 0.02988763 0.05800167 336.76892845357 65.13378891327 843.287476 -0.6789999999999998 -3.071000000000001 -0.03343180799484258 0.09367046737670881 0.21409193 0.21009193 "" "" 0.3975507553558528 "" 0.08370339861218123 "" 1.0
337.50833437033 65.39886790889 0.009 0.0084 34.2616 "" "" 2206472485489752320 892.317444 1.0949 0.0097 -0.69 -2.731 0.012 0.01 0.947 9438.5 4.1884 13.186946 0.813612 13.50748 12.693868 "" "" 885.940674 900.170532 100038.77969 15.002 54004.0 32.067 66315.0 26.512 "" "" 0.0027601267054576883 0.0028636837 0.0038042266 0.00666791 337.50833437033 65.39886790889 892.317444 -0.6899999999999994 -2.731 -0.044431807994842476 0.4336704673767091 0.18409193 0.18209194 "" "" 1.843847942770517 "" 0.3357883583082546 "" 0.9
337.37220692527 65.20840081066 0.0088 0.0084 24.7311 "" "" 2206465231287363328 905.990295 1.0787 0.0097 -0.67 -2.958 0.012 0.01 1.005 7332.6 3.7822 13.231026 1.417626 13.866751 12.449124 -19.89 4.09 897.798523 913.127258 96058.64896 20.15 38790.0 32.374 83082.0 46.32 "" "" 0.0027647170804880774 0.0029336256 0.0038275502 0.0067611756 337.37220692527 65.20840081066 905.990295 -0.6699999999999996 -2.957999999999999 -0.02443180799484257 0.2066704673767088 0.18409193 0.18209194 -6.5334615384615375 6.0300927 0.8937045111164073 6.594302649086257 0.16276115324176327 5.974497905227404 1.0
337.74291241331 65.03041704645 0.0096 0.009 31.0814 "" "" 2206400944216582400 919.922424 1.0605 0.01 -0.477 -2.8 0.013 0.011 0.96 7743.2 4.0245 13.245972 1.045003 13.680053 12.63505 "" "" 911.345276 929.017578 94745.37445 13.875 46068.0 31.091 70006.0 18.992 "" "" 0.002759904102705635 0.0028847842 0.0037908426 0.006675627 337.74291241331 65.03041704645 919.922424 -0.47699999999999965 -2.8000000000000025 0.1685681920051575 0.36467046737670916 0.18509193 0.18309194 "" "" 1.7517858867097373 "" 0.32135746215817335 "" 1.0
336.77848905156 65.02271971339 0.011 0.0105 6.679 "" "" 2206439740658786048 919.570435 1.0618 0.0117 -0.778 -2.907 0.015 0.013 1.12 7993.1 4.1197 13.279742 0.916118 13.647138 12.73102 "" "" 909.729248 931.269775 91843.78309 41.454 47486.0 77.891 64084.0 64.341 "" "" 0.002798560174592675 0.0033100978 0.0039334493 0.007243547 336.77848905156 65.02271971339 919.570435 -0.7780000000000001 -2.907 -0.13243180799484255 0.25767046737670896 0.18709193 0.18509193 "" "" 1.2627802574909928 "" 0.23426041555626112 "" 1.0
336.51718982991 64.40032669759 0.0092 0.0091 36.4127 "" "" 2206266361419997184 933.792542 1.0436 0.0105 -0.945 -3.003 0.012 0.011 1.05 7971.6 4.0032 13.326618 0.970863 13.720193 12.74933 "" "" 926.489136 944.003296 87962.89778 13.63 44396.0 25.455 63012.0 23.032 "" "" 0.002760451589460068 0.0028587724 0.0038001607 0.006658933 336.51718982991 64.40032669759 933.792542 -0.9450000000000002 -3.003000000000001 -0.2994318079948425 0.16167046737670887 0.18409193 0.18309194 "" "" 1.5061801631600649 "" 0.27693635569526975 "" 1.0
336.03656936725 64.91728935166 0.0102 0.011 13.3511 "" "" 2206528762441730432 924.112427 1.0539 0.0116 -0.646 -3.443 0.013 0.012 1.023 7473.8 3.9434 13.48175 1.131719 13.959129 12.827411 "" "" 913.681396 934.319153 76251.24806 13.834 35626.0 34.261 58640.0 29.972 "" "" 0.0027623524498762244 0.002979139 0.0038199064 0.0067990455 336.03656936725 64.91728935166 924.112427 -0.6460000000000006 -3.4429999999999987 -0.00043180799484254795 -0.2783295326232911 0.18509193 0.18409193 "" "" 1.2191663439369407 "" 0.224438682850118 "" 1.0
335.81155317818 64.84041526852 0.01 0.0104 20.5529 "" "" 2206527151834956160 941.516052 1.0383 0.0112 -0.496 -3.35 0.013 0.013 1.024 8977.9 4.1602 13.529964 1.025107 13.955117 12.93001 "" "" 931.947083 952.670654 72939.17936 11.226 35758.0 37.533 53352.0 36.309 "" "" 0.002760382828136806 0.0030139356 0.0038509357 0.0068648714 335.81155317818 64.84041526852 941.516052 -0.496 -3.35 0.14956819200515747 -0.1853295326232911 0.18509193 0.18509193 "" "" 1.0628336557687217 "" 0.1967219301149685 "" 1.0
336.10165072317 64.81548641943 0.0105 0.0103 15.6287 "" "" 2206339646441536128 933.651978 1.042 0.0114 -0.553 -3.346 0.014 0.013 1.03 "" "" 13.5621 1.036986 13.991793 12.954806 "" "" 923.840698 943.28009 70811.96832 13.687 34570.0 38.592 52148.0 32.823 "" "" 0.0027633005374208177 0.0030420593 0.0038406693 0.0068827285 336.10165072317 64.81548641943 933.651978 -0.5529999999999999 -3.346 0.09256819200515742 -0.1813295326232911 0.18609193 0.18509193 "" "" 0.9009938034868364 "" 0.1669533427760126 "" 1.0
335.93989219986 65.0313225794 0.0098 0.0105 14.7076 "" "" 2206533744610583168 905.9505 1.0771 0.0113 -0.48 -3.432 0.013 0.012 0.97 9021.4 4.321 13.57321 1.024447 13.996972 12.972526 "" "" 897.760559 916.751831 70091.11065 14.559 34406.0 28.542 51304.0 23.562 "" "" 0.002764534411557594 0.0029319427 0.003812134 0.0067440765 335.93989219986 65.0313225794 905.9505 -0.4799999999999991 -3.4320000000000004 0.1655681920051575 -0.26732953262329096 0.18509193 0.18409193 "" "" 1.3503067518218037 "" 0.24895566255170803 "" 1.0
336.05315162408 64.93492107511 0.0105 0.0108 12.5602 "" "" 2206529350858574464 923.038879 1.054 0.0117 -0.513 -3.389 0.013 0.012 1.038 9204.7 4.2327 13.596821 1.050981 14.034871 12.983891 "" "" 912.902283 934.672424 68583.28882 9.8022 33225.0 23.268 50769.0 17.976 "" "" 0.002759686494842817 0.0028919186 0.0037988834 0.006690802 336.05315162408 64.93492107511 923.038879 -0.5129999999999997 -3.3890000000000016 0.13256819200515746 -0.2243295326232908 0.18509193 0.18409193 "" "" 1.1400582294131738 "" 0.2101711943511416 "" 1.0
335.58297186067 64.34350877011 0.0111 0.0112 46.4859 "" "" 2206310994719949824 898.804626 1.0852 0.0125 -0.591 -3.408 0.016 0.014 0.965 7857.7 4.0239 13.765929 1.134244 14.244983 13.110739 "" "" 888.172302 911.41449 58691.50231 8.9042 27379.0 28.188 45171.0 22.85 "" "" 0.0027602394433561403 0.0030057554 0.0038190805 0.006824836 335.58297186067 64.34350877011 898.804626 -0.5909999999999995 -3.4079999999999995 0.0545681920051575 -0.24332953262329093 0.18809193 0.18609193 "" "" 1.0624127299095092 "" 0.1978086981856946 "" 1.0
