Clusters/UPK_194/UPK_194_stars_in_region.tsv
# %ECSV 1.0
# ---
# datatype:
# - name: RA_ICRS_1
#   unit: deg
#   datatype: float64
#   format: '{:15.11f}'
#   description: Right ascension (ICRS) at Ep=2016.0 (ra)
#   meta: !!omap
#   - {ucd: POS_EQ_RA_MAIN}
#   - {width: 15}
#   - {precision: '11'}
# - name: DE_ICRS_1
#   unit: deg
#   datatype: float64
#   format: '{:15.11f}'
#   description: Declination (ICRS) at Ep=2016.0 (dec)
#   meta: !!omap
#   - {ucd: POS_EQ_DEC_MAIN}
#   - {width: 15}
#   - {precision: '11'}
# - name: e_RA_ICRS
#   unit: mas
#   datatype: float64
#   format: '{:7.4f}'
#   description: Standard error of right ascension (ra_error)
#   meta: !!omap
#   - {ucd: ERROR}
#   - {width: 7}
#   - {precision: '4'}
# - name: e_DE_ICRS
#   unit: mas
#   datatype: float64
#   format: '{:7.4f}'
#   description: Standard error of declination (dec_error)
#   meta: !!omap
#   - {ucd: ERROR}
#   - {width: 7}
#   - {precision: '4'}
# - name: _r_1
#   unit: ''
#   datatype: float64
#   format: '{:7.4f}'
#   description: Distance from center (336.51751508000+65.00720452000)[ICRS], at Epoch=J2016.0
#   meta: !!omap
#   - {ucd: POS_ANG_DIST_GENERAL}
#   - {width: 7}
#   - {precision: '4'}
# - name: HIP
#   datatype: int32
#   description: '? HIP cross-id number, van Leeuwen, Cat. I/311 (hip_original_ext_source_id)'
#   meta: !!omap
#   - {ucd: ID_NUMBER}
#   - {width: 6}
#   - values: {'null': -2147483648}
# - name: TYC2
#   datatype: string
#   description: Tycho-2 cross-id name, Hog et al., Cat. I/259 (tyc2_original_ext_source_id)
#   meta: !!omap
#   - {ucd: ID_CROSSID}
#   - {_votable_string_dtype: char}
# - name: Source
#   datatype: int64
#   description: Source identifier, identical to the Gaia-EDR3 source_id (id)
#   meta: !!omap
#   - {ucd: ID_MAIN}
#   - {width: 19}
# - name: rgeo
#   unit: pc
#   datatype: float64
#   format: '{:15.8f}'
#   description: '? Median of the geometric distance posterior (r_med_geo)'
#   meta: !!omap
#   - {ucd: PHYS_DISTANCE_TRUE}
#   - {width: 15}
#   - {precision: '8'}
#   - values: {'null': .nan}
# - name: Plx
#   unit: mas
#   datatype: float64
#   format: '{:9.4f}'
#   description: '? Parallax (parallax)'
#   meta: !!omap
#   - {ucd: POS_PARLX_TRIG}
#   - {width: 9}
#   - {precision: '4'}
#   - values: {'null': .nan}
# - name: e_Plx
#   unit: mas
#   datatype: float32
#   format: '{:7.4f}'
#   description: '? Standard error of parallax (parallax_error)'
#   meta: !!omap
#   - {ucd: ERROR}
#   - {width: 7}
#   - {precision: '4'}
#   - values: {'null': .nan}
# - name: pmRA
#   unit: mas / yr
#   datatype: float64
#   format: '{:9.3f}'
#   description: '? Proper motion in right ascension direction, pmRA*cosDE (pmra)'
#   meta: !!omap
#   - {ucd: POS_EQ_PMRA}
#   - {width: 9}
#   - {precision: '3'}
#   - values: {'null': .nan}
# - name: pmDE
#   unit: mas / yr
#   datatype: float64
#   format: '{:9.3f}'
#   description: '? Proper motion in declination direction (pmdec)'
#   meta: !!omap
#   - {ucd: POS_EQ_PMDEC}
#   - {width: 9}
#   - {precision: '3'}
#   - values: {'null': .nan}
# - name: e_pmRA
#   unit: mas / yr
#   datatype: float32
#   format: '{:6.3f}'
#   description: '? Standard error of proper motion in right ascension direction (pmra_error)'
#   meta: !!omap
#   - {ucd: ERROR}
#   - {width: 6}
#   - {precision: '3'}
#   - values: {'null': .nan}
# - name: e_pmDE
[...]
#         unit: &id001 !astropy.units.Unit {unit: deg}
#         value: !astropy.table.SerializedColumn {name: SkyCoord.dec}
#       distance: !astropy.table.SerializedColumn
#         __class__: astropy.coordinates.distances.Distance
#         unit: !astropy.units.Unit {unit: pc}
#         value: !astropy.table.SerializedColumn {name: SkyCoord.distance}
#       frame: icrs
#       obstime: !astropy.time.Time {format: jyear_str, in_subfmt: '*', jd1: 367701545.0, jd2: 0.0, out_subfmt: '*', precision: 3, scale: tt}
#       pm_dec: !astropy.table.SerializedColumn
#         __class__: astropy.units.quantity.Quantity
#         unit: !astropy.units.Unit {unit: mas / yr}
#         value: !astropy.table.SerializedColumn {name: SkyCoord.pm_dec}
#       pm_ra_cosdec: !astropy.table.SerializedColumn
#         __class__: astropy.units.quantity.Quantity
#         unit: !astropy.units.Unit {unit: mas / yr}
#         value: !astropy.table.SerializedColumn {name: SkyCoord.pm_ra_cosdec}
#       ra: !astropy.table.SerializedColumn
#         __class__: astropy.coordinates.angles.Longitude
#         unit: *id001
#         value: !astropy.table.SerializedColumn {name: SkyCoord.ra}
#         wrap_angle: !astropy.coordinates.Angle
#           unit: *id001
#           value: 360.0
#       representation_type: spherical
# schema: astropy-2.0
RA_ICRS_1 DE_ICRS_1 e_RA_ICRS e_DE_ICRS _r_1 HIP TYC2 Source rgeo Plx e_Plx pmRA pmDE e_pmRA e_pmDE RUWE Teff logg Gmag BP-RP BPmag RPmag RV e_RV b_rgeo B_rgeo FG e_FG FBP e_FBP FRP e_FRP RAVE5 RAVE6 e_Gmag e_BPmag e_RPmag e_BP-RP SkyCoord.ra SkyCoord.dec SkyCoord.distance SkyCoord.pm_ra_cosdec SkyCoord.pm_dec
[from data line 2055]
334.59688718253 64.88578250189 0.0387 0.0416 49.3379 "" "" 2206563981173604992 1059.98438 0.9153 0.0451 2.298 -3.268 0.052 0.054 0.997 4671.9 4.3519 16.70429 1.706606 17.524815 15.818209 "" "" 1010.67792 1107.24792 3919.50179 2.8577 1335.0 9.5547 3731.4 8.6034 "" "" 0.0028667808382201983 0.008256441 0.004533268 0.0127897095 334.59688718253 64.88578250189 1059.98438 2.298 -3.268
335.70954727418 64.47915150221 0.0412 0.0389 37.8368 "" "" 2206314430693732096 1047.96094 0.9355 0.0449 -3.642 -3.657 0.053 0.047 1.043 8470.7 4.4671 16.704432 1.939235 17.667328 15.728093 "" "" 1008.49188 1099.30103 3918.98888 2.1561 1170.8 7.3047 4054.3 8.8518 "" "" 0.002819326247841227 0.0073261084 0.0044612777 0.011787387 335.70954727418 64.47915150221 1047.96094 -3.642 -3.6570000000000005
335.80112399364 64.96004384233 0.0467 0.0425 18.3956 "" "" 2206531515522174720 947.86969 1.0369 0.0503 5.747 -0.608 0.059 0.05 1.035 4980.6 4.6062 16.704666 1.740603 17.548067 15.807465 "" "" 905.55426 991.755432 3918.14472 2.6715 1306.7 7.6472 3768.5 8.2276 "" "" 0.0028530354778472885 0.0069396715 0.0044612456 0.011400918 335.80112399364 64.96004384233 947.86969 5.747000000000001 -0.6079999999999997
335.23117373193 64.73889306107 0.0395 0.0361 36.5124 "" "" 2206522547629922304 815.24054 1.2003 0.0432 7.04 6.258 0.048 0.044 0.998 4450.9 4.4831 16.706003 2.021992 17.735945 15.713953 "" "" 786.006592 844.951294 3913.31848 2.1658 1099.1 9.2576 4107.5 10.239 "" "" 0.00282008197206964 0.009561211 0.0046485206 0.0142097315 335.23117373193 64.73889306107 815.24054 7.039999999999999 6.258000000000001
334.67762083794 64.74784341422 0.0425 0.0392 49.382 "" "" 2206510865318744320 949.769592 1.0245 0.0467 -16.681 -5.152 0.051 0.049 0.992 5066.3 4.6371 16.706623 1.723432 17.536217 15.812784 "" "" 913.378906 989.837952 3911.08519 2.5525 1321.1 7.8035 3750.1 7.1166 "" "" 0.002844975221993387 0.006993911 0.004304535 0.011298446 334.67762083794 64.74784341422 949.769592 -16.681 -5.152000000000001
336.18161775386 65.1709320672 0.0453 0.0461 12.9833 "" "" 2206629234615940608 1033.77295 0.934 0.0498 4.427 0.139 0.057 0.054 1.053 5515.0 4.5836 16.708233 1.777654 17.564598 15.786944 "" "" 985.468323 1088.82935 3905.29021 2.2911 1287.0 8.389 3840.4 13.714 "" "" 0.0028279874211847578 0.007607268 0.005414423 0.013021691 336.18161775386 65.1709320672 1033.77295 4.427 0.1389999999999999
336.23533394259 65.2183995475 0.0438 0.0439 14.5375 "" "" 2206629646932796032 915.142578 1.0647 0.0484 -8.876 -5.086 0.06 0.053 1.079 5254.4 4.5996 16.708538 1.817176 17.59446 15.777284 "" "" 877.810059 954.299805 3904.19246 2.3917 1252.1 7.9207 3874.8 11.969 "" "" 0.0028344617835301105 0.007413401 0.0050528683 0.012466269 336.23533394259 65.2183995475 915.142578 -8.876 -5.085999999999999
336.5505869277 64.91839227784 0.0417 0.0448 5.3945 "" "" 2206432937431358592 1080.36804 0.9026 0.0483 11.001 5.315 0.059 0.057 1.009 4992.3 4.1682 16.708643 2.464696 18.056246 15.59155 "" "" 1023.62048 1131.70715 3903.81513 2.7919 818.31 7.7347 4597.7 8.8007 "" "" 0.002862642738964649 0.010634961 0.0043131094 0.01494807 336.5505869277 64.91839227784 1080.36804 11.001000000000001 5.315000000000001
338.18415214663 65.4427171124 0.0407 0.041 49.3823 "" "" 2206464136073745152 738.045898 1.3265 0.0465 -5.413 -6.151 0.05 0.053 1.002 4502.5 4.593 16.709448 1.974819 17.704582 15.729763 "" "" 711.110962 761.788208 3900.92601 2.4959 1131.3 11.387 4048.1 10.349 "" "" 0.0028415431304097028 0.011278942 0.0046891575 0.0159681 338.18415214663 65.4427171124 738.045898 -5.413000000000001 -6.151
336.77136837313 65.07280526911 0.0461 0.0435 7.5368 "" "" 2206442867394957824 884.645508 1.1126 0.0499 -2.183 -1.791 0.062 0.057 1.135 5161.3 4.6077 16.7105 1.772405 17.57401 15.801606 "" "" 844.725037 922.646729 3897.14101 2.7859 1275.9 8.7575 3788.9 9.4259 "" "" 0.002862550052552609 0.00795746 0.004645368 0.012602828 336.77136837313 65.07280526911 884.645508 -2.183 -1.791
338.65673393862 65.26384869116 0.0384 0.0423 56.1198 "" "" 2212415444617479936 1071.59827 0.9139 0.0456 -2.589 -2.883 0.049 0.049 1.048 "" "" 16.71116 1.971483 17.694538 15.723055 "" "" 1023.4635 1126.57275 3894.77291 2.5403 1141.8 10.018 4073.2 10.678 "" "" 0.0028448673457587234 0.009926313 0.0047312863 0.014657599 338.65673393862 65.26384869116 1071.59827 -2.5890000000000004 -2.883000000000001
335.25279039661 64.46455344879 0.0423 0.0421 45.922 "" "" 2206304913046090752 851.513977 1.1492 0.0449 2.616 12.434 0.058 0.057 1.025 4537.6 4.4604 16.711561 1.670644 17.51084 15.840196 "" "" 814.311462 887.432495 3893.3394 2.3775 1352.3 9.4965 3656.6 8.3988 "" "" 0.0028339683631097372 0.0081190495 0.0045280056 0.012647055 335.25279039661 64.46455344879 851.513977 2.6159999999999997 12.433999999999997
337.92493660324 65.00638765117 0.0435 0.0407 35.6783 "" "" 2206401219094431232 951.39563 1.0254 0.0462 -3.773 -2.547 0.059 0.052 1.09 9513.9 4.2952 16.714462 2.370093 17.978378 15.608285 "" "" 906.987183 994.810974 3882.95329 2.5907 879.15 6.5316 4527.4 9.6292 "" "" 0.002848955374494512 0.008535351 0.004429022 0.0129643725 337.92493660324 65.00638765117 951.39563 -3.7729999999999997 -2.547
336.32509843343 65.33724373499 0.0422 0.0452 20.3871 "" "" 2206644524699990656 1027.65857 0.9577 0.0512 -7.275 -2.222 0.056 0.05 1.073 6528.9 4.3846 16.715109 1.96908 17.70384 15.73476 "" "" 969.363403 1084.26257 3880.63788 2.5863 1132.1 8.5749 4029.5 11.649 "" "" 0.0028487523499796997 0.008684164 0.004912811 0.013596974 336.32509843343 65.33724373499 1027.65857 -7.275 -2.2219999999999995
337.60346068529 65.20948177656 0.0388 0.036 29.9897 "" "" 2206455133821987712 935.1521 1.0292 0.0416 -1.869 -2.137 0.05 0.045 0.996 4270.7 4.1251 16.71996 2.268626 17.914938 15.646312 "" "" 893.081543 973.649109 3863.34038 3.2277 932.06 9.3127 4371.5 12.226 "" "" 0.002900795963083552 0.011201233 0.0048481203 0.016049353 337.60346068529 65.20948177656 935.1521 -1.869 -2.1369999999999996
336.93578277098 64.29182526 0.0375 0.0376 44.247 "" "" 2206342124642020096 976.71814 0.9992 0.0427 -2.581 -1.312 0.048 0.047 0.99 5565.1 4.563 16.72098 1.861071 17.626606 15.765535 "" "" 931.771667 1014.4845 3859.71238 3.6128 1215.6 10.398 3916.9 13.594 "" "" 0.0029367692850410555 0.009697246 0.005336922 0.015034169 336.93578277098 64.29182526 976.71814 -2.5810000000000004 -1.3120000000000003
337.51435604717 64.9190206595 0.0451 0.0383 25.8587 "" "" 2206376484380953472 828.556702 1.1794 0.0458 -0.395 5.22 0.064 0.048 1.03 4673.2 4.638 16.722448 1.800794 17.606674 15.805881 "" "" 790.723633 864.612549 3854.49451 2.3695 1238.1 10.229 3774.0 10.371 "" "" 0.002835007630060598 0.009394116 0.004815153 0.014209269 337.51435604717 64.9190206595 828.556702 -0.3949999999999996 5.219999999999999
337.81461872535 65.73648936913 0.0615 0.0594 54.4636 "" "" 2206674001055746048 796.195557 1.2548 0.067 0.979 -1.747 0.078 0.077 1.351 5540.1 4.6503 16.725288 2.049188 17.746525 15.697337 "" "" 749.341431 841.562195 3844.42751 3.7268 1088.4 9.9524 4170.8 14.088 "" "" 0.0029495049236748223 0.010312664 0.0052662417 0.015578906 337.81461872535 65.73648936913 796.195557 0.9789999999999999 -1.7469999999999999
336.75497411161 65.73842675977 0.0446 0.042 44.2731 "" "" 2206706269149700224 765.352722 1.2783 0.0503 23.028 6.528 0.055 0.048 1.084 4703.1 4.5378 16.726099 1.813761 17.623583 15.809822 "" "" 733.442932 795.472961 3841.55831 2.3926 1218.9 16.789 3760.4 9.4515 "" "" 0.00283708665551039 0.015212874 0.004661624 0.019874498 336.75497411161 65.73842675977 765.352722 23.027999999999995 6.528
336.44471985376 64.18612935579 0.0376 0.0371 49.3001 "" "" 2206249903105407616 1069.42163 0.9114 0.0421 -0.017 -2.692 0.053 0.047 0.98 7061.8 4.3129 16.728361 1.982238 17.724573 15.742335 "" "" 1025.94165 1114.6217 3833.55979 2.0699 1110.7 8.3815 4001.5 10.267 "" "" 0.0028169949172356084 0.008655187 0.0046951286 0.013350315 336.44471985376 64.18612935579 1069.42163 -0.017000000000000126 -2.692
336.10360064027 64.87113142591 0.0413 0.0427 13.316 "" "" 2206341059491354880 881.632507 1.1135 0.0467 -0.774 -3.158 0.051 0.05 0.975 4987.6 4.6763 16.728626 1.700653 17.540787 15.840134 "" "" 848.440979 916.313171 3832.62392 2.7626 1315.5 7.2065 3656.8 8.535 "" "" 0.0028643096603349957 0.00656975 0.004550327 0.011120077 336.10360064027 64.87113142591 881.632507 -0.774 -3.1579999999999995
336.28825315204 65.71163700976 0.0457 0.0414 42.6532 "" "" 2206707982838569088 921.356079 1.0647 0.0476 -4.795 6.588 0.062 0.057 1.045 4625.2 4.4843 16.729303 1.79139 17.609472 15.818082 "" "" 879.378113 967.296875 3830.23628 2.4486 1234.9 7.5356 3731.9 6.9284 "" "" 0.0028413996725100165 0.0071889237 0.0042833164 0.01147224 336.28825315204 65.71163700976 921.356079 -4.795 6.588000000000001
336.88035307685 65.60963211519 0.0422 0.0385 37.272 "" "" 2206656859846034048 841.471436 1.1576 0.0462 1.748 -0.388 0.054 0.045 1.05 4757.7 4.476 16.729324 1.851552 17.647297 15.795745 "" "" 815.0 869.749023 3830.1591 2.0746 1192.6 6.1652 3809.4 7.8104 "" "" 0.002817381077152173 0.006268027 0.004386247 0.010654274 336.88035307685 65.60963211519 841.471436 1.7479999999999998 -0.3879999999999999
335.34363743883 64.5758458471 0.039 0.0373 39.6189 "" "" 2206329755136883328 938.156616 1.0429 0.0415 2.981 -4.527 0.049 0.046 0.993 4972.8 4.4278 16.729328 1.896467 17.669062 15.772594 "" "" 896.917358 980.342224 3830.14872 2.2388 1168.9 8.242 3891.5 8.1723 "" "" 0.0028274636815174294 0.008148211 0.004413902 0.012562113 335.34363743883 64.5758458471 938.156616 2.981 -4.527000000000001
335.48726690581 65.0647864778 0.0397 0.0367 26.3164 "" "" 2206545495636723712 944.91156 1.0312 0.0417 2.288 -1.193 0.053 0.045 1.015 4741.1 4.3765 16.730516 1.730864 17.569252 15.838388 "" "" 908.817871 983.159729 3825.95583 2.2956 1281.5 7.0142 3662.7 8.0136 "" "" 0.0028312851284241765 0.0065651154 0.0044639236 0.011029039 335.48726690581 65.0647864778 944.91156 2.288 -1.193
336.41240482745 64.07790429824 0.0388 0.0388 55.8239 "" "" 2206245333260234880 975.343506 0.9924 0.0431 -3.074 -7.534 0.053 0.049 1.019 "" "" 16.731928 1.871328 17.655115 15.783787 "" "" 937.512878 1025.82385 3820.98897 1.9315 1184.1 11.461 3851.6 11.233 "" "" 0.002809450341576093 0.010873023 0.00493056 0.015803583 336.41240482745 64.07790429824 975.343506 -3.0739999999999985 -7.533999999999998
335.28432434557 64.97393191161 0.0447 0.0415 31.3443 "" "" 2206538937225005824 945.377808 1.0438 0.047 -4.18 -6.809 0.059 0.05 1.093 5115.4 4.5201 16.734686 1.765913 17.571146 15.805233 "" "" 904.537598 988.777466 3811.29288 2.4817 1279.3 8.6926 3776.3 9.4561 "" "" 0.002844573182541485 0.007887372 0.004655679 0.012543051 335.28432434557 64.97393191161 945.377808 -4.18 -6.809000000000001
336.34691023235 64.43247362675 0.0386 0.0412 34.7598 "" "" 2206269385076916992 783.815308 1.2538 0.0464 -1.746 -1.116 0.051 0.052 0.974 4781.6 4.6389 16.738028 1.733841 17.576704 15.842863 "" "" 750.419617 812.967957 3799.58166 2.5002 1272.7 9.3745 3647.6 11.883 "" "" 0.0028464377911971476 0.008470109 0.0051763467 0.0136464555 336.34691023235 64.43247362675 783.815308 -1.7459999999999998 -1.116
338.43470677691 65.17170578174 0.064 0.0651 49.4446 "" "" 2206406995828655232 834.030762 1.1657 0.074 -1.92 0.547 0.08 0.079 1.7 "" "" 16.742355 2.282629 17.904165 15.621536 "" "" 777.40863 877.643677 3784.46587 4.8709 941.35 13.755 4472.4 9.583 "" "" 0.003089431943934391 0.016108258 0.0044380045 0.020546261 338.43470677691 65.17170578174 834.030762 -1.9199999999999997 0.5469999999999999
335.84255097897 65.31332844777 0.0439 0.044 25.0354 "" "" 2206646448844805760 833.744873 1.1736 0.0494 2.203 -2.063 0.06 0.054 1.019 5275.1 4.5781 16.744497 1.927843 17.705315 15.777472 "" "" 803.312683 875.762085 3777.01064 2.6556 1130.6 6.5275 3874.1 8.2857 "" "" 0.0028591140264833614 0.0068614054 0.004435755 0.011297161 335.84255097897 65.31332844777 833.744873 2.203 -2.0630000000000006
335.10391460124 65.27737578975 0.0412 0.0406 39.1647 "" "" 2206596455427360384 1060.43262 0.9255 0.0465 1.744 2.316 0.055 0.051 1.032 4914.1 4.3916 16.745 1.611642 17.4975 15.885858 "" "" 1003.47955 1122.23694 3775.25336 2.6843 1369.0 10.805 3506.0 8.3667 "" "" 0.0028614247004648545 0.009012106 0.0045822468 0.013594353 335.10391460124 65.27737578975 1060.43262 1.744 2.316
335.15986245986 65.12852068409 0.0451 0.0402 35.1009 "" "" 2206590614271406592 784.154907 1.2516 0.0464 -1.358 -5.105 0.059 0.048 1.045 4399.2 4.4538 16.745766 1.707835 17.564291 15.856456 "" "" 758.678589 816.618164 3772.59944 2.2274 1287.4 10.355 3602.3 11.136 "" "" 0.0028289071135947415 0.009167848 0.005054616 0.014222464 335.15986245986 65.12852068409 784.154907 -1.3579999999999997 -5.105000000000001
337.08251233395 65.11816627404 0.0489 0.045 15.7675 "" "" 2206441694866465792 801.855286 1.2173 0.0527 7.073 -8.552 0.066 0.056 1.269 4753.4 4.3754 16.746372 1.948991 17.694727 15.745736 "" "" 769.579956 830.42926 3770.49164 9.8668 1141.6 13.803 3989.0 30.996 "" "" 0.00395780728427317 0.013420795 0.009244427 0.022665221 337.08251233395 65.11816627404 801.855286 7.073 -8.552
338.74140479915 64.74672506455 0.0607 0.0543 58.7637 "" "" 2205632458609660800 946.35498 1.0413 0.0665 8.161 8.562 0.083 0.069 1.408 5920.7 4.5648 16.746782 1.960136 17.617334 15.657199 "" "" 887.592712 1008.28632 3769.06924 2.8066 1226.0 8.7735 4327.9 13.243 "" "" 0.0028714863092752455 0.008255541 0.005032011 0.013287552 338.74140479915 64.74672506455 946.35498 8.161 8.561999999999998
337.11242912495 65.78411721879 0.0592 0.0571 48.9259 "" "" 2206683827945945472 858.568787 1.1493 0.0673 -16.417 -9.796 0.075 0.068 1.526 4460.5 4.3817 16.747198 1.845244 17.615322 15.770078 "" "" 808.281738 905.708374 3767.62081 4.1469 1228.3 8.2436 3900.6 8.3434 "" "" 0.0030033145923386256 0.0078027225 0.004435904 0.012238626 337.11242912495 65.78411721879 858.568787 -16.416999999999998 -9.795999999999998
337.40949332861 65.84905753097 0.0457 0.0434 55.1952 "" "" 2206689432878484224 827.027344 1.1732 0.0498 -0.093 -0.182 0.06 0.054 1.143 4589.2 4.3761 16.748022 1.828157 17.642439 15.814281 "" "" 788.453674 861.976929 3764.76326 2.1814 1198.0 7.6629 3744.9 11.618 "" "" 0.002826227226143278 0.0074843494 0.0050625503 0.0125469 337.40949332861 65.84905753097 827.027344 -0.09300000000000001 -0.18199999999999997
338.09378006163 65.10350685908 0.0418 0.0393 40.3019 "" "" 2206407957901309312 1083.35547 0.9067 0.045 6.026 3.586 0.054 0.047 0.947 9589.5 4.3596 16.75018 2.04015 17.777925 15.737776 "" "" 1032.81042 1149.23267 3757.29262 2.234 1057.4 7.9335 4018.4 7.2961 "" "" 0.0028299344690054114 0.008610692 0.0042626183 0.012873311 338.09378006163 65.10350685908 1083.35547 6.026 3.5859999999999994
338.60855205822 65.4376025977 0.0436 0.0462 58.5762 "" "" 2212465407975641088 805.235168 1.2026 0.0505 -2.868 -6.34 0.054 0.06 1.024 4840.5 4.6347 16.750725 1.717135 17.568474 15.851339 "" "" 777.883789 832.675415 3755.40861 2.5284 1282.4 12.991 3619.3 15.441 "" "" 0.0028506383990023077 0.011347139 0.0059782774 0.017325416 338.60855205822 65.4376025977 805.235168 -2.8680000000000003 -6.339999999999999
336.84670945365 65.68260162198 0.04 0.04 41.3528 "" "" 2206681633217343360 907.293518 1.0706 0.047 1.787 -3.407 0.051 0.044 1.024 4866.0 4.6475 16.750908 1.736371 17.591097 15.854726 "" "" 869.325073 957.221924 3754.77111 2.3715 1256.0 7.5685 3608.0 10.68 "" "" 0.0028393729029947243 0.0071126292 0.004961121 0.01207375 336.84670945365 65.68260162198 907.293518 1.787 -3.4069999999999996
335.34571794856 65.46152442111 0.0453 0.046 40.13 "" "" 2206615353283437696 799.913391 1.2242 0.0511 -0.557 2.329 0.058 0.059 1.127 4952.5 4.6298 16.751984 1.807388 17.636955 15.829567 "" "" 773.248413 831.301941 3751.05362 2.7185 1204.0 8.228 3692.6 9.3268 "" "" 0.002865474876857253 0.00792707 0.0046695047 0.012596576 335.34571794856 65.46152442111 799.913391 -0.5569999999999999 2.329
