Clusters/UPK_194/UPK_194_stars_in_region.tsv
# %ECSV 1.0
# ---
# datatype:
# - name: RA_ICRS_1
#   unit: deg
#   datatype: float64
#   format: '{:15.11f}'
#   description: Right ascension (ICRS) at Ep=2016.0 (ra)
#   meta: !!omap
#   - {ucd: POS_EQ_RA_MAIN}
#   - {width: 15}
#   - {precision: '11'}
# - name: DE_ICRS_1
#   unit: deg
#   datatype: float64
#   format: '{:15.11f}'
#   description: Declination (ICRS) at Ep=2016.0 (dec)
#   meta: !!omap
#   - {ucd: POS_EQ_DEC_MAIN}
#   - {width: 15}
#   - {precision: '11'}
# - name: e_RA_ICRS
#   unit: mas
#   datatype: float64
#   format: '{:7.4f}'
#   description: Standard error of right ascension (ra_error)
#   meta: !!omap
#   - {ucd: ERROR}
#   - {width: 7}
#   - {precision: '4'}
# - name: e_DE_ICRS
#   unit: mas
#   datatype: float64
#   format: '{:7.4f}'
#   description: Standard error of declination (dec_error)
#   meta: !!omap
#   - {ucd: ERROR}
#   - {width: 7}
#   - {precision: '4'}
# - name: _r_1
#   unit: ''
#   datatype: float64
#   format: '{:7.4f}'
#   description: Distance from center (336.51751508000+65.00720452000)[ICRS], at Epoch=J2016.0
#   meta: !!omap
#   - {ucd: POS_ANG_DIST_GENERAL}
#   - {width: 7}
#   - {precision: '4'}
# - name: HIP
#   datatype: int32
#   description: '? HIP cross-id number, van Leeuwen, Cat. I/311 (hip_original_ext_source_id)'
#   meta: !!omap
#   - {ucd: ID_NUMBER}
#   - {width: 6}
#   - values: {'null': -2147483648}
# - name: TYC2
#   datatype: string
#   description: Tycho-2 cross-id name, Hog et al., Cat. I/259 (tyc2_original_ext_source_id)
#   meta: !!omap
#   - {ucd: ID_CROSSID}
#   - {_votable_string_dtype: char}
# - name: Source
#   datatype: int64
#   description: Source identifier, identical to the Gaia-EDR3 source_id (id)
#   meta: !!omap
#   - {ucd: ID_MAIN}
#   - {width: 19}
# - name: rgeo
#   unit: pc
#   datatype: float64
#   format: '{:15.8f}'
#   description: '? Median of the geometric distance posterior (r_med_geo)'
#   meta: !!omap
#   - {ucd: PHYS_DISTANCE_TRUE}
#   - {width: 15}
#   - {precision: '8'}
#   - values: {'null': .nan}
# - name: Plx
#   unit: mas
#   datatype: float64
#   format: '{:9.4f}'
#   description: '? Parallax (parallax)'
#   meta: !!omap
#   - {ucd: POS_PARLX_TRIG}
#   - {width: 9}
#   - {precision: '4'}
#   - values: {'null': .nan}
# - name: e_Plx
#   unit: mas
#   datatype: float32
#   format: '{:7.4f}'
#   description: '? Standard error of parallax (parallax_error)'
#   meta: !!omap
#   - {ucd: ERROR}
#   - {width: 7}
#   - {precision: '4'}
#   - values: {'null': .nan}
# - name: pmRA
#   unit: mas / yr
#   datatype: float64
#   format: '{:9.3f}'
#   description: '? Proper motion in right ascension direction, pmRA*cosDE (pmra)'
#   meta: !!omap
#   - {ucd: POS_EQ_PMRA}
#   - {width: 9}
#   - {precision: '3'}
#   - values: {'null': .nan}
# - name: pmDE
#   unit: mas / yr
#   datatype: float64
#   format: '{:9.3f}'
#   description: '? Proper motion in declination direction (pmdec)'
#   meta: !!omap
#   - {ucd: POS_EQ_PMDEC}
#   - {width: 9}
#   - {precision: '3'}
#   - values: {'null': .nan}
# - name: e_pmRA
#   unit: mas / yr
#   datatype: float32
#   format: '{:6.3f}'
#   description: '? Standard error of proper motion in right ascension direction (pmra_error)'
#   meta: !!omap
#   - {ucd: ERROR}
#   - {width: 6}
#   - {precision: '3'}
#   - values: {'null': .nan}
# - name: e_pmDE
[...]
#         unit: &id001 !astropy.units.Unit {unit: deg}
#         value: !astropy.table.SerializedColumn {name: SkyCoord.dec}
#       distance: !astropy.table.SerializedColumn
#         __class__: astropy.coordinates.distances.Distance
#         unit: !astropy.units.Unit {unit: pc}
#         value: !astropy.table.SerializedColumn {name: SkyCoord.distance}
#       frame: icrs
#       obstime: !astropy.time.Time {format: jyear_str, in_subfmt: '*', jd1: 367701545.0, jd2: 0.0, out_subfmt: '*', precision: 3, scale: tt}
#       pm_dec: !astropy.table.SerializedColumn
#         __class__: astropy.units.quantity.Quantity
#         unit: !astropy.units.Unit {unit: mas / yr}
#         value: !astropy.table.SerializedColumn {name: SkyCoord.pm_dec}
#       pm_ra_cosdec: !astropy.table.SerializedColumn
#         __class__: astropy.units.quantity.Quantity
#         unit: !astropy.units.Unit {unit: mas / yr}
#         value: !astropy.table.SerializedColumn {name: SkyCoord.pm_ra_cosdec}
#       ra: !astropy.table.SerializedColumn
#         __class__: astropy.coordinates.angles.Longitude
#         unit: *id001
#         value: !astropy.table.SerializedColumn {name: SkyCoord.ra}
#         wrap_angle: !astropy.coordinates.Angle
#           unit: *id001
#           value: 360.0
#       representation_type: spherical
# schema: astropy-2.0
RA_ICRS_1 DE_ICRS_1 e_RA_ICRS e_DE_ICRS _r_1 HIP TYC2 Source rgeo Plx e_Plx pmRA pmDE e_pmRA e_pmDE RUWE Teff logg Gmag BP-RP BPmag RPmag RV e_RV b_rgeo B_rgeo FG e_FG FBP e_FBP FRP e_FRP RAVE5 RAVE6 e_Gmag e_BPmag e_RPmag e_BP-RP SkyCoord.ra SkyCoord.dec SkyCoord.distance SkyCoord.pm_ra_cosdec SkyCoord.pm_dec
[from data line 400]
335.91826769356 65.85894382705 0.0106 0.0108 53.2452 "" "" 2206719772526614528 869.169434 1.1234 0.0118 -4.57 -4.16 0.014 0.014 1.006 "" "" 13.914594 1.320227 14.498324 13.178098 "" "" 860.235962 876.825867 51181.04566 9.5869 21681.0 18.811 42454.0 23.18 "" "" 0.0027628155912320625 0.0029449002 0.0038255923 0.0067704925 335.91826769356 65.85894382705 869.169434 -4.57 -4.159999999999999
335.04589633144 65.38972742133 0.0108 0.011 43.5716 "" "" 2206609787005804160 796.622192 1.2305 0.0122 -3.231 -10.859 0.014 0.014 1.024 5781.9 4.0302 13.916101 1.197436 14.433704 13.236268 -16.37 2.98 790.282288 803.339417 51110.02097 8.1599 23011.0 15.712 40239.0 17.494 "" "" 0.002760767420515332 0.0028869777 0.0038087447 0.006695722 335.04589633144 65.38972742133 796.622192 -3.2310000000000008 -10.859000000000002
336.01789141825 64.03874060706 0.0106 0.0116 59.5209 "" "" 2206241450609758208 835.863647 1.1676 0.0123 5.324 6.391 0.014 0.014 0.988 5265.8 3.8751 13.923462 1.300849 14.49877 13.197921 -62.31 2.32 828.049194 845.502136 50764.72897 7.6479 21673.0 18.353 41686.0 35.408 "" "" 0.0027601711257048147 0.00293775 0.0038902727 0.0068280227 336.01789141825 64.03874060706 835.863647 5.324000000000002 6.390999999999999
336.27528887266 64.25226128147 0.0116 0.0116 45.7225 "" "" 2206262650568277120 810.143555 1.2052 0.013 3.264 -5.962 0.015 0.014 1.03 6133.2 3.9921 13.936165 1.299995 14.508341 13.208345 -27.85 3.31 802.525269 818.274048 50174.22433 9.2795 21482.0 36.93 41288.0 28.048 "" "" 0.0027626275317177533 0.003356916 0.0038506796 0.0072075957 336.27528887266 64.25226128147 810.143555 3.2640000000000002 -5.962
335.94200903958 64.08352165625 0.0117 0.0113 57.3731 "" "" 2206242584481084544 925.350159 1.0505 0.013 -0.883 -2.404 0.017 0.014 1.032 7495.1 3.7742 13.940166 1.814169 14.821202 13.007033 -22.98 7.67 914.598389 936.604431 49989.64195 14.338 16104.0 18.311 49699.0 30.902 "" "" 0.0027728623715210054 0.003051085 0.0038392027 0.0068902876 335.94200903958 64.08352165625 925.350159 -0.8830000000000001 -2.404
338.35693106084 64.81654636575 0.0118 0.0119 48.1721 "" "" 2206386002028643584 899.202942 1.0854 0.0133 -16.335 -12.669 0.015 0.014 0.985 "" "" 13.9438 1.586834 14.686537 13.099703 -56.76 2.21 888.924683 912.031006 49822.63058 9.6805 18231.0 22.604 45633.0 21.805 "" "" 0.0027633842591240926 0.0030979372 0.003814824 0.0069127614 338.35693106084 64.81654636575 899.202942 -16.335000000000004 -12.669
334.42127470036 65.48833649048 0.0116 0.0113 60.0504 "" "" 2218625834188943232 1002.8609 0.9704 0.0125 -0.617 -3.143 0.015 0.014 1.02 7181.6 4.0756 13.945502 1.245771 14.48672 13.240949 -44.34 5.54 991.796631 1014.32751 49744.56632 8.6829 21914.0 20.35 40066.0 21.016 "" "" 0.002761830066778779 0.0029667509 0.0038220496 0.0067888005 334.42127470036 65.48833649048 1002.8609 -0.6170000000000001 -3.1429999999999993
336.81463581171 64.14815679762 0.0183 0.018 52.1078 "" "" 2205496737640119552 1010.12079 0.9647 0.0204 -10.047 -5.544 0.024 0.023 1.693 "" "" 13.950074 1.542798 14.660769 13.117971 -5.6 2.91 991.553406 1030.85974 49535.57799 12.319 18668.0 19.434 44871.0 28.736 "" "" 0.0027685186843527092 0.0030104145 0.003842811 0.0068532256 336.81463581171 64.14815679762 1010.12079 -10.047 -5.544
335.06983457785 65.82003453191 0.0117 0.0126 60.6974 "" "" 2218649576768559232 814.779175 1.1973 0.0133 2.33 -13.041 0.015 0.016 1.098 "" "" 13.95235 1.932325 14.918575 12.98625 -28.13 1.68 807.652039 823.581238 49431.85148 10.228 14723.0 17.307 50659.0 28.197 "" "" 0.0027644633154532954 0.003068219 0.0038273928 0.006895612 335.06983457785 65.82003453191 814.779175 2.3300000000000005 -13.041
337.47751105653 65.61707562195 0.0116 0.0106 43.7914 "" "" 2206665793378145792 934.763428 1.0386 0.0124 1.483 -1.945 0.015 0.013 1.031 4945.1 3.3626 13.956012 2.025806 14.984314 12.958509 -41.16 1.48 923.259644 945.96875 49265.38173 10.544 13858.0 13.448 51970.0 27.277 "" "" 0.002765101653885465 0.002982474 0.0038221024 0.006804576 337.47751105653 65.61707562195 934.763428 1.4830000000000003 -1.9450000000000003
337.36769154192 64.20846423783 0.0113 0.012 52.6792 "" "" 2205588237625942016 838.529663 1.1607 0.0133 6.639 9.411 0.015 0.016 0.999 6305.1 4.0616 13.956301 1.345689 14.554334 13.208645 -13.77 3.83 829.883484 848.172302 49252.28799 8.9972 20591.0 18.283 41276.0 19.413 "" "" 0.00276244950093854 0.0029520192 0.0038137233 0.006765743 337.36769154192 64.20846423783 838.529663 6.639 9.411
336.54116258905 64.04388739887 0.0128 0.0116 57.8022 "" "" 2205494710415553920 859.881287 1.1354 0.0132 22.109 4.685 0.018 0.014 0.958 5563.6 4.0588 13.964857 1.356469 14.571081 13.214612 -38.73 2.77 849.171021 869.300293 48865.656 7.7999 20276.0 16.943 41050.0 24.835 "" "" 0.0027607650792554534 0.0029339686 0.0038360392 0.006770008 336.54116258905 64.04388739887 859.881287 22.108999999999998 4.684999999999999
336.10034823832 64.32287434427 0.0113 0.0106 42.4335 "" "" 2206261241818927104 939.194336 1.0356 0.0128 0.465 -3.715 0.016 0.013 0.951 "" "" 13.96525 1.808206 14.842285 13.03408 -22.44 1.94 929.37323 953.740723 48847.99076 9.5929 15794.0 16.192 48476.0 22.67 "" "" 0.002763557867174699 0.0030040024 0.0038133366 0.006817339 336.10034823832 64.32287434427 939.194336 0.4650000000000002 -3.7150000000000003
336.74044304038 64.53222055688 0.0215 0.0229 29.0637 "" "" 2206364149234516352 895.895813 1.0921 0.0247 -2.34 -2.563 0.028 0.028 2.05 "" "" 13.965384 1.259622 14.50876 13.249139 "" "" 875.958191 916.627563 48841.97831 15.44 21474.0 24.148 39765.0 24.193 "" "" 0.0027766152932180562 0.0030456083 0.0038366742 0.0068822824 336.74044304038 64.53222055688 895.895813 -2.34 -2.563
337.7646024302 65.18870755932 0.011 0.0119 33.3349 "" "" 2206453999950650112 945.020081 1.0193 0.0126 4.812 -1.069 0.015 0.014 1.085 "" "" 13.9657 2.656559 15.441468 12.784909 -33.88 1.02 931.672363 956.037659 48827.7407 29.295 9095.6 30.592 60981.0 93.962 "" "" 0.0028312749855547966 0.0045956844 0.0041330955 0.00872878 337.7646024302 65.18870755932 945.020081 4.812 -1.069
334.34655509715 64.97754852826 0.0114 0.0118 55.091 "" "" 2206567833764774784 1041.90466 0.9341 0.0131 -2.64 -1.535 0.016 0.015 0.939 9435.8 4.2503 13.96894 1.087154 14.42391 13.336756 "" "" 1030.30237 1055.30786 48682.26079 7.1631 23219.0 16.963 36682.0 18.478 "" "" 0.002759947658371757 0.0029007269 0.00381875 0.0067194765 334.34655509715 64.97754852826 1041.90466 -2.64 -1.535
338.22939023431 64.39716075927 0.0116 0.0116 57.1475 "" "" 2205608097555046656 1072.71484 0.9067 0.013 1.062 3.94 0.016 0.015 1.012 6635.0 3.8308 13.971851 1.54838 14.688763 13.140383 -56.29 3.05 1058.37073 1087.91833 48551.88914 8.7509 18193.0 18.178 43955.0 23.662 "" "" 0.002762260737844061 0.002993648 0.0038243092 0.0068179574 338.22939023431 64.39716075927 1072.71484 1.062 3.9399999999999995
335.49947781293 64.56393102356 0.0121 0.0128 37.2078 "" "" 2206329102301905024 873.47644 1.1154 0.0136 0.463 -1.601 0.016 0.015 1.119 6843.4 4.0477 13.973822 1.276311 14.531558 13.255247 -20.9 3.43 864.132629 883.791321 48463.87119 8.7703 21028.0 22.982 39542.0 20.116 "" "" 0.0027623168184638665 0.0030320177 0.00381953 0.0068515474 335.49947781293 64.56393102356 873.47644 0.4630000000000001 -1.6009999999999998
335.98286183532 64.94635993283 0.0132 0.0129 14.0515 "" "" 2206529797535166976 776.985168 1.2592 0.0138 -8.9 -1.448 0.017 0.015 1.026 6637.9 4.214 13.979433 1.202655 14.498016 13.295362 -27.09 7.9 769.813232 785.605408 48214.022 9.0487 21688.0 21.071 38108.0 22.814 "" "" 0.0027628447339353808 0.00298291 0.003834869 0.006817779 335.98286183532 64.94635993283 776.985168 -8.9 -1.4480000000000004
338.68950396401 65.31139355272 0.011 0.0132 57.7054 "" "" 2212416136110848640 843.932495 1.1563 0.0131 -2.649 -6.829 0.015 0.016 1.055 6173.6 3.9142 13.980004 1.699577 14.784525 13.084948 -50.98 2.31 837.503174 852.74585 48188.67429 14.397 16657.0 30.697 46257.0 48.937 "" "" 0.002774348656026495 0.003433455 0.003950076 0.007383531 338.68950396401 65.31139355272 843.932495 -2.649 -6.829
335.7745387934 64.42206934007 0.011 0.0109 39.9384 "" "" 2206313159383468160 837.039612 1.1672 0.0122 0.788 1.538 0.014 0.013 0.922 5740.9 4.0594 13.985127 1.313075 14.564351 13.251276 3.94 5.81 829.55249 845.948364 47961.83114 7.9732 20402.0 12.988 39687.0 19.236 "" "" 0.0027612256797966347 0.002874506 0.003815844 0.00669035 335.7745387934 64.42206934007 837.039612 0.7880000000000001 1.5380000000000005
336.75363905119 66.02450227415 0.0222 0.0227 61.3195 "" "" 2206748188030933504 1052.68811 0.9266 0.024 0.602 0.119 0.031 0.029 2.087 7088.2 3.88 13.988122 1.605692 14.738184 13.132492 -35.69 4.87 1025.73242 1074.53674 47829.74114 9.8589 17384.0 21.102 44275.0 19.66 "" "" 0.002764394077072169 0.0030857795 0.0038100078 0.006895787 336.75363905119 66.02450227415 1052.68811 0.602 0.11900000000000002
337.42409293125 64.22032979264 0.0291 0.0315 52.6565 "" "" 2205588375057984000 1022.35553 0.9563 0.0348 -2.573 -1.018 0.039 0.044 2.896 "" "" 13.988415 1.354032 14.534386 13.180354 "" "" 975.488831 1060.45215 47816.84315 22.844 20973.0 28.324 42366.0 44.744 "" "" 0.002803718644313855 0.0031519898 0.003949506 0.0071014958 337.42409293125 64.22032979264 1022.35553 -2.5730000000000004 -1.018
337.01865044143 65.33922086472 0.0117 0.0111 23.5844 "" "" 2206635728607148160 762.154175 1.2839 0.013 -4.663 -1.321 0.016 0.015 1.018 6351.5 4.1509 13.989979 1.221003 14.518603 13.297601 -27.88 3.04 755.33783 769.210266 47748.01931 7.5151 21280.0 22.23 38029.0 18.321 "" "" 0.002760614253846725 0.0030118884 0.0038154067 0.006827295 337.01865044143 65.33922086472 762.154175 -4.663 -1.3209999999999997
337.38189996253 64.83146297048 0.0126 0.012 24.3821 "" "" 2206375075631691264 731.584412 1.3388 0.0134 -12.018 -4.579 0.016 0.016 1.096 5660.7 4.1251 13.995691 1.287588 14.558485 13.270897 -32.46 4.07 724.725708 737.69281 47497.44655 8.5145 20513.0 27.12 38976.0 42.672 "" "" 0.002762185879449608 0.0031377594 0.0039619086 0.007099668 337.38189996253 64.83146297048 731.584412 -12.018 -4.579
337.00498844965 64.02507247144 0.0116 0.0112 60.2562 "" "" 2205491377520989312 1021.52924 0.9392 0.0127 0.932 -4.469 0.015 0.013 1.068 5077.0 3.1768 13.998488 2.332398 15.240421 12.908023 -31.55 1.27 1008.98853 1034.24194 47375.23862 11.383 10946.0 13.207 54444.0 33.876 "" "" 0.0027676423701225015 0.0030823955 0.0038392856 0.006921681 337.00498844965 64.02507247144 1021.52924 0.9320000000000003 -4.469000000000001
338.61712836717 64.97558817058 0.0124 0.0115 53.2886 "" "" 2206389334923235968 793.108826 1.2299 0.0132 -0.459 -1.925 0.016 0.014 1.031 5417.1 3.7522 14.0049 1.553511 14.723953 13.170443 -35.88 2.97 786.747192 800.825195 47096.2845 8.0729 17613.0 16.865 42754.0 20.269 "" "" 0.002761598439482396 0.0029775614 0.0038142726 0.006791834 338.61712836717 64.97558817058 793.108826 -0.4590000000000002 -1.9249999999999998
337.60508597678 65.20303503475 0.0111 0.0108 29.8761 "" "" 2206453450194810496 1084.73828 0.8873 0.0121 3.422 7.82 0.015 0.013 1.091 "" "" 14.008121 2.443657 15.327869 12.884213 -45.91 1.07 1070.83179 1099.15637 46956.81435 16.012 10099.0 12.352 55651.0 51.683 "" "" 0.0027800826264511047 0.0030900666 0.0039115776 0.007001644 337.60508597678 65.20303503475 1084.73828 3.4220000000000006 7.82
334.96571453874 65.22374005426 0.0157 0.0152 41.2757 "" "" 2206595905671028864 916.532104 1.0704 0.0175 -1.016 -3.396 0.021 0.018 1.379 6452.3 3.9333 14.008827 1.385597 14.628313 13.242716 -21.23 4.81 901.425476 930.058289 46926.23907 13.405 19235.0 26.992 40001.0 29.427 "" "" 0.002772721408363011 0.0031790507 0.003862861 0.0070419116 334.96571453874 65.22374005426 916.532104 -1.0160000000000002 -3.396
336.56308109568 64.62140705755 0.0121 0.0128 23.1771 "" "" 2206412390307788672 886.759094 1.102 0.0136 10.624 11.843 0.016 0.015 1.06 "" "" 14.016248 1.622445 14.779469 13.157023 7.33 2.45 876.776733 896.235168 46606.64334 10.717 16735.0 18.884 43286.0 20.387 "" "" 0.002766607983733599 0.0030473042 0.0038138197 0.006861124 336.56308109568 64.62140705755 886.759094 10.624 11.843
338.25807882007 65.191068095 0.0415 0.0432 45.3329 "" "" 2206409469729788928 770.957214 1.2653 0.0469 -0.745 -5.113 0.055 0.053 4.491 5873.8 3.9277 14.023439 1.356851 14.615314 13.258463 -8.17 5.62 746.450439 796.412842 46298.94591 32.566 19467.0 44.84 39425.0 80.965 "" "" 0.00285919800992728 0.0037469177 0.004388094 0.008135011 338.25807882007 65.191068095 770.957214 -0.7449999999999994 -5.113
334.33611460126 65.21201438357 0.0122 0.0122 56.4379 "" "" 2206586830401878400 728.158508 1.3466 0.0139 0.454 -2.651 0.017 0.016 1.031 5883.6 4.2652 14.023756 1.103008 14.48984 13.386832 -11.75 5.74 721.376282 734.922363 46285.42877 7.3417 21851.0 21.006 35029.0 26.603 "" "" 0.0027606970473261334 0.0029790036 0.0038682867 0.0068472903 334.33611460126 65.21201438357 728.158508 0.45399999999999996 -2.6510000000000002
334.92541892205 65.51865713675 0.0124 0.0119 50.3916 "" "" 2218623944403819648 1012.08069 0.9671 0.0135 -3.033 -2.788 0.016 0.015 1.04 6850.6 3.9429 14.026971 1.391669 14.650151 13.258482 -5.48 6.39 995.984802 1025.88855 46148.59152 9.4862 18852.0 18.285 39424.0 22.096 "" "" 0.0027643442943214385 0.0029822856 0.003828058 0.006810344 334.92541892205 65.51865713675 1012.08069 -3.033 -2.788
336.66823386093 65.57768815883 0.0122 0.0123 34.4371 "" "" 2206656447529142784 787.414551 1.2449 0.0144 -5.756 -11.023 0.017 0.014 1.047 6282.4 4.0448 14.02726 1.376387 14.643806 13.26742 -29.25 3.05 779.090759 796.193359 46136.29544 8.0748 18962.0 18.699 39101.0 20.776 "" "" 0.0027618651920898584 0.0029885445 0.003823158 0.0068117026 336.66823386093 65.57768815883 787.414551 -5.756000000000001 -11.023
334.7611084016 65.45241595907 0.0115 0.0114 51.6029 "" "" 2218623257209051392 811.666016 1.2079 0.0128 -2.479 -0.594 0.015 0.014 0.937 5628.3 4.1168 14.030408 1.240454 14.569974 13.32952 -24.46 4.34 802.531006 820.361328 46002.73441 7.3557 20297.0 23.688 36928.0 29.858 "" "" 0.0027607840261881242 0.003064419 0.0038799974 0.006944416 334.7611084016 65.45241595907 811.666016 -2.479 -0.5940000000000001
336.37702173984 65.04668552412 0.0125 0.013 4.2752 "" "" 2206623874496817024 1018.07953 0.9518 0.0137 -1.712 -1.868 0.018 0.016 1.02 "" "" 14.032915 1.416073 14.667736 13.251663 "" "" 1001.92072 1032.94177 45896.62682 7.8153 18549.0 17.145 39673.0 18.123 "" "" 0.002761515869756215 0.0029651597 0.0038117866 0.0067769466 336.37702173984 65.04668552412 1018.07953 -1.7120000000000002 -1.8680000000000003
336.44472846485 64.36235072218 0.0146 0.0146 38.7363 "" "" 2206265777304448768 912.404907 1.067 0.0169 -1.799 -2.862 0.02 0.019 1.269 7828.7 3.962 14.034808 1.524064 14.732558 13.208494 -16.56 4.38 898.554749 925.71698 45816.66147 10.6 17474.0 18.393 41282.0 17.438 "" "" 0.0027667466625030585 0.0030151494 0.0038071075 0.006822257 336.44472846485 64.36235072218 912.404907 -1.799 -2.862
336.08514528204 64.5914507097 0.0118 0.0116 27.2813 "" "" 2206320546727189120 947.995605 1.0294 0.0133 -2.453 -2.564 0.016 0.015 1.149 9220.4 4.2337 14.035796 1.232085 14.56445 13.332365 "" "" 936.901428 959.070374 45774.99568 8.4141 20400.0 15.73 36831.0 16.201 "" "" 0.002762538529668691 0.0029130622 0.0038094379 0.0067225 336.08514528204 64.5914507097 947.995605 -2.453 -2.564
334.73602048048 65.11934510548 0.0237 0.0244 45.5644 "" "" 2206593500489346944 945.102173 1.0345 0.0266 0.806 -5.39 0.034 0.032 2.075 5628.2 3.7706 14.038322 1.513699 14.721974 13.208275 -47.84 2.28 922.637085 974.746521 45668.65029 21.995 17645.0 17.82 41290.0 23.447 "" "" 0.002804501427163577 0.0029978943 0.0038293418 0.006827236 334.73602048048 65.11934510548 945.102173 0.8060000000000003 -5.390000000000001
