Clusters/UPK_194/UPK_194_stars_in_region.tsv
# %ECSV 1.0
# ---
# datatype:
# - name: RA_ICRS_1
#   unit: deg
#   datatype: float64
#   format: '{:15.11f}'
#   description: Right ascension (ICRS) at Ep=2016.0 (ra)
#   meta: !!omap
#   - {ucd: POS_EQ_RA_MAIN}
#   - {width: 15}
#   - {precision: '11'}
# - name: DE_ICRS_1
#   unit: deg
#   datatype: float64
#   format: '{:15.11f}'
#   description: Declination (ICRS) at Ep=2016.0 (dec)
#   meta: !!omap
#   - {ucd: POS_EQ_DEC_MAIN}
#   - {width: 15}
#   - {precision: '11'}
# - name: e_RA_ICRS
#   unit: mas
#   datatype: float64
#   format: '{:7.4f}'
#   description: Standard error of right ascension (ra_error)
#   meta: !!omap
#   - {ucd: ERROR}
#   - {width: 7}
#   - {precision: '4'}
# - name: e_DE_ICRS
#   unit: mas
#   datatype: float64
#   format: '{:7.4f}'
#   description: Standard error of declination (dec_error)
#   meta: !!omap
#   - {ucd: ERROR}
#   - {width: 7}
#   - {precision: '4'}
# - name: _r_1
#   unit: ''
#   datatype: float64
#   format: '{:7.4f}'
#   description: Distance from center (336.51751508000+65.00720452000)[ICRS], at Epoch=J2016.0
#   meta: !!omap
#   - {ucd: POS_ANG_DIST_GENERAL}
#   - {width: 7}
#   - {precision: '4'}
# - name: HIP
#   datatype: int32
#   description: '? HIP cross-id number, van Leeuwen, Cat. I/311 (hip_original_ext_source_id)'
#   meta: !!omap
#   - {ucd: ID_NUMBER}
#   - {width: 6}
#   - values: {'null': -2147483648}
# - name: TYC2
#   datatype: string
#   description: Tycho-2 cross-id name, Hog et al., Cat. I/259 (tyc2_original_ext_source_id)
#   meta: !!omap
#   - {ucd: ID_CROSSID}
#   - {_votable_string_dtype: char}
# - name: Source
#   datatype: int64
#   description: Source identifier, identical to the Gaia-EDR3 source_id (id)
#   meta: !!omap
#   - {ucd: ID_MAIN}
#   - {width: 19}
# - name: rgeo
#   unit: pc
#   datatype: float64
#   format: '{:15.8f}'
#   description: '? Median of the geometric distance posterior (r_med_geo)'
#   meta: !!omap
#   - {ucd: PHYS_DISTANCE_TRUE}
#   - {width: 15}
#   - {precision: '8'}
#   - values: {'null': .nan}
# - name: Plx
#   unit: mas
#   datatype: float64
#   format: '{:9.4f}'
#   description: '? Parallax (parallax)'
#   meta: !!omap
#   - {ucd: POS_PARLX_TRIG}
#   - {width: 9}
#   - {precision: '4'}
#   - values: {'null': .nan}
# - name: e_Plx
#   unit: mas
#   datatype: float32
#   format: '{:7.4f}'
#   description: '? Standard error of parallax (parallax_error)'
#   meta: !!omap
#   - {ucd: ERROR}
#   - {width: 7}
#   - {precision: '4'}
#   - values: {'null': .nan}
# - name: pmRA
#   unit: mas / yr
#   datatype: float64
#   format: '{:9.3f}'
#   description: '? Proper motion in right ascension direction, pmRA*cosDE (pmra)'
#   meta: !!omap
#   - {ucd: POS_EQ_PMRA}
#   - {width: 9}
#   - {precision: '3'}
#   - values: {'null': .nan}
# - name: pmDE
#   unit: mas / yr
#   datatype: float64
#   format: '{:9.3f}'
#   description: '? Proper motion in declination direction (pmdec)'
#   meta: !!omap
#   - {ucd: POS_EQ_PMDEC}
#   - {width: 9}
#   - {precision: '3'}
#   - values: {'null': .nan}
# - name: e_pmRA
#   unit: mas / yr
#   datatype: float32
#   format: '{:6.3f}'
#   description: '? Standard error of proper motion in right ascension direction (pmra_error)'
#   meta: !!omap
#   - {ucd: ERROR}
#   - {width: 6}
#   - {precision: '3'}
#   - values: {'null': .nan}
# - name: e_pmDE
[...]
#         value: !astropy.table.SerializedColumn {name: SkyCoord.dec}
#       distance: !astropy.table.SerializedColumn
#         __class__: astropy.coordinates.distances.Distance
#         unit: !astropy.units.Unit {unit: pc}
#         value: !astropy.table.SerializedColumn {name: SkyCoord.distance}
#       frame: icrs
#       obstime: !astropy.time.Time {format: jyear_str, in_subfmt: '*', jd1: 367701545.0, jd2: 0.0, out_subfmt: '*', precision: 3, scale: tt}
#       pm_dec: !astropy.table.SerializedColumn
#         __class__: astropy.units.quantity.Quantity
#         unit: !astropy.units.Unit {unit: mas / yr}
#         value: !astropy.table.SerializedColumn {name: SkyCoord.pm_dec}
#       pm_ra_cosdec: !astropy.table.SerializedColumn
#         __class__: astropy.units.quantity.Quantity
#         unit: !astropy.units.Unit {unit: mas / yr}
#         value: !astropy.table.SerializedColumn {name: SkyCoord.pm_ra_cosdec}
#       ra: !astropy.table.SerializedColumn
#         __class__: astropy.coordinates.angles.Longitude
#         unit: *id001
#         value: !astropy.table.SerializedColumn {name: SkyCoord.ra}
#         wrap_angle: !astropy.coordinates.Angle
#           unit: *id001
#           value: 360.0
#       representation_type: spherical
# schema: astropy-2.0
RA_ICRS_1 DE_ICRS_1 e_RA_ICRS e_DE_ICRS _r_1 HIP TYC2 Source rgeo Plx e_Plx pmRA pmDE e_pmRA e_pmDE RUWE Teff logg Gmag BP-RP BPmag RPmag RV e_RV b_rgeo B_rgeo FG e_FG FBP e_FBP FRP e_FRP RAVE5 RAVE6 e_Gmag e_BPmag e_RPmag e_BP-RP SkyCoord.ra SkyCoord.dec SkyCoord.distance SkyCoord.pm_ra_cosdec SkyCoord.pm_dec rmRA rmDE e_rmRA e_rmDE rRV e_rRV v_pec v_pec3d e_vpec e_vpec3d
[from data line 29]
334.83386929806 65.14191936969 0.0098 0.0095 43.3323 "" 4272-287-1 2206593947165954688 957.05542 1.0199 0.0107 -2.576 -3.483 0.014 0.012 0.847 "" "" 10.959738 0.785296 11.260496 10.475201 "" "" 947.598083 968.269043 778129.10855 158.64 427780.0 188.18 511770.0 109.4 "" "" 0.0027641972680777704 0.0028307533 0.0037865017 0.006617255 334.83386929806 65.14191936969 957.05542 -2.575999999999997 -3.483 -1.9304318079948426 -0.3183295326232911 0.18609193 0.18409193 "" "" 8.87555987060262 "" 1.6512026067198922 ""
335.12815456688 64.38387922658 0.0142 0.0141 51.6534 "" "" 2206301236554104832 850.687195 1.1503 0.0158 -0.352 -5.173 0.019 0.018 1.174 4631.2 2.2014 10.967773 1.671785 11.767295 10.09551 -11.2 0.2 840.930664 861.406982 772391.94483 175.8 268220.0 169.44 726030.0 196.18 "" "" 0.0027663797661069307 0.0028732354 0.0037907513 0.0066639865 335.12815456688 64.38387922658 850.687195 -0.351999999999999 -5.173000000000002 0.2935681920051575 -2.008329532623291 0.19109192 0.19009194 2.1565384615384637 2.1400926 8.184161105589052 8.463518839013197 1.555914696733993 1.6003287034318632
337.00586758538 64.95398288349 0.0105 0.0101 12.797 "" "" 2206426821397210624 871.520081 1.1212 0.0115 4.042 4.052 0.015 0.012 1.022 "" "" 10.974618 1.822911 11.8684 10.045488 -26.56 0.2 863.650391 879.602417 767537.53827 158.87 244380.0 143.75 760260.0 204.04 "" "" 0.0027644699770008477 0.0028623291 0.0037905984 0.0066529275 337.00586758538 64.95398288349 871.520081 4.042 4.052 4.687568192005157 7.216670467376709 0.18709193 0.18409193 -13.203461538461536 2.1400926 35.54912459377762 37.921915246748256 6.5761318830048525 6.2095291606691045
334.27120118932 65.20333352122 0.0105 0.0106 57.9397 "" "" 2206586869059708928 727.952942 1.3495 0.0118 -1.47 1.474 0.014 0.013 1.023 "" "" 11.017355 1.674822 11.8192 10.144378 -51.72 0.21 722.091431 733.779785 737912.52996 111.63 255700.0 165.69 694080.0 138.9 "" "" 0.0027602113757381522 0.0028775022 0.0037856223 0.0066631245 334.27120118932 65.20333352122 727.952942 -1.47 1.4740000000000002 -0.8244318079948425 4.638670467376709 0.18609193 0.18509193 -38.363461538461536 2.1500926 16.25654737129019 41.6656994858843 3.009454782214991 2.301710734949915
337.35130767445 64.77149357309 0.0095 0.0093 25.5091 "" 4272-1147-1 2206374594594981632 811.039917 1.209 0.0104 -11.648 -9.515 0.013 0.012 0.79 4987.7 2.6924 11.04979 1.75798 11.901503 10.143522 -66.91 0.21 803.464844 817.867371 716194.03548 134.5 237040.0 160.1 694620.0 217.99 "" "" 0.0027628543855537768 0.0028849277 0.0037947102 0.006679638 337.35130767445 64.77149357309 811.039917 -11.648 -9.515 -11.002431807994842 -6.350329532623292 0.18509193 0.18409193 -53.553461538461534 2.1500926 48.83662954206135 72.47751118643643 9.027087038469505 6.286661973672041
336.20728817218 65.63156139736 0.0107 0.0108 38.2591 "" "" 2206706921984669184 743.865417 1.3158 0.012 0.341 1.385 0.014 0.014 0.925 "" "" 11.058913 1.881841 11.992373 10.110532 -28.23 0.21 738.08313 749.859619 710201.44022 136.5 218010.0 141.53 716050.0 269.74 "" "" 0.002763211113979084 0.0028778221 0.0038014485 0.0066792704 336.20728817218 65.63156139736 743.865417 0.3409999999999999 1.385 0.9865681920051574 4.549670467376709 0.18609193 0.18609193 -14.873461538461537 2.1500926 16.414603764708144 22.150825602863325 3.0546252894110815 2.6847993432912634
336.3404911202 64.06153275846 0.0101 0.0103 56.9237 "" 4272-1074-1 2206245951735521152 869.950012 1.1249 0.0111 -7.66 -4.882 0.015 0.013 0.9 5257.2 2.7835 11.064392 1.574513 11.801145 10.226631 -25.59 0.2 862.205322 878.147156 706626.32557 159.66 259990.0 166.92 643440.0 303.1 "" "" 0.002766219560351363 0.0028759267 0.003813831 0.0066897576 336.3404911202 64.06153275846 869.950012 -7.659999999999996 -4.881999999999997 -7.014431807994843 -1.7173295326232907 0.18709193 0.18509193 -12.233461538461537 2.1400926 29.778713764873267 32.193623199373974 5.568006034155405 5.214146715542818
336.02702639966 64.31976926293 0.014 0.014 43.1256 "" 4272-907-1 2206262032093996544 799.454529 1.2229 0.0162 -2.032 -2.598 0.019 0.017 0.848 "" "" 11.071414 0.502708 11.254564 10.751856 0.69 4.94 789.504211 811.213257 702071.26331 577.66 430120.0 1007.2 396660.0 860.5 "" "" 0.0028965221672243246 0.0037747899 0.0044532497 0.008228039 336.02702639966 64.31976926293 799.454529 -2.032 -2.598 -1.3864318079948426 0.5666704673767091 0.19109192 0.18909194 14.046538461538463 6.8800926 5.675663215756175 15.149864543624377 1.0829558440733487 6.391921824370016
334.29347394064 64.62916589722 0.0102 0.0104 61.1376 "" "" 2206506948308141184 781.963379 1.2532 0.0115 2.472 0.96 0.013 0.013 0.88 4952.8 2.5274 11.087674 1.627845 11.857274 10.229429 -5.99 0.36 775.16272 788.725525 691635.16041 95.554 246890.0 175.33 641780.0 222.35 "" "" 0.0027594002806755787 0.0028947454 0.0037980555 0.0066928007 334.29347394064 64.62916589722 781.963379 2.4720000000000004 0.9600000000000011 3.1175681920051574 4.124670467376709 0.18509193 0.18509193 7.366538461538463 2.3000927 19.163798803639928 20.530880972128706 3.5470644616163063 3.4121834451442377
335.68544708887 64.32400610614 0.0114 0.011 46.2235 "" 4272-1047-1 2206308108501965184 861.460632 1.1336 0.0122 -2.651 -5.743 0.016 0.013 0.881 5019.1 2.65 11.087885 1.77505 11.951154 10.176104 -36.7 0.26 852.86792 870.931519 691500.72852 110.52 226440.0 115.91 674090.0 165.13 "" "" 0.0027607791986142237 0.0028449823 0.003788729 0.006633711 335.68544708887 64.32400610614 861.460632 -2.651 -5.743 -2.0054318079948423 -2.5783295326232913 0.18809193 0.18509193 -23.34346153846154 2.2000926 13.3378743947558 26.88523925814899 2.4838912687207815 2.273230205659073
335.90173391808 64.85445147465 0.0129 0.0133 18.1403 "" "" 2206527048755753088 1025.60034 0.9512 0.014 -2.858 -0.917 0.016 0.016 0.959 5075.8 2.4178 11.092027 2.182754 12.227532 10.044779 -32.26 0.17 1010.64185 1039.74829 688867.91879 173.56 175550.0 128.33 760760.0 367.08 "" "" 0.0027688660934426772 0.002900861 0.003815519 0.00671638 335.90173391808 64.85445147465 1025.60034 -2.858000000000002 -0.9170000000000007 -2.2124318079948426 2.247670467376709 0.18809193 0.18809193 -18.903461538461535 2.1100926 15.332037485573947 24.33951995408166 2.883832578640509 2.4465772534803767
336.66124480757 64.31643649796 0.0085 0.0083 41.61 "" 4272-971-1 2206253132920796928 867.696777 1.1268 0.0095 1.842 2.536 0.011 0.01 0.824 5432.7 2.7728 11.095007 1.592124 11.8411 10.248976 16.36 0.2 861.381653 874.769409 686979.67357 120.28 250600.0 144.73 630330.0 180.58 "" "" 0.0027618700252942645 0.0028597622 0.00379216 0.006651922 336.66124480757 64.31643649796 867.696777 1.8420000000000003 2.5360000000000014 2.4875681920051576 5.700670467376709 0.18309194 0.18209194 29.716538461538462 2.1400926 25.581217780559225 39.21060266397973 4.6622347876570736 3.447077573029921
336.4321399748 65.14163046618 0.0101 0.0104 8.3495 "" "" 2206626795074553216 978.329346 0.9961 0.0111 -0.099 -1.913 0.014 0.014 0.831 5213.1 2.657 11.127826 1.827136 12.02306 10.195924 -27.07 0.16 969.033386 990.627075 666525.22524 162.1 211930.0 160.22 661890.0 306.91 "" "" 0.002767943870613179 0.002908401 0.0038127655 0.0067211664 336.4321399748 65.14163046618 978.329346 -0.09899999999999998 -1.913 0.5465681920051575 1.251670467376709 0.18609193 0.18609193 -13.713461538461537 2.1000926 6.333608894634995 15.1054172069845 1.1786335010039777 1.969578080922244
337.39994244279 65.29253669259 0.0092 0.0088 28.0738 "" 4272-444-1 2206469698052566272 785.695374 1.2461 0.0098 -1.045 -5.516 0.012 0.011 0.795 "" "" 11.129835 1.816452 12.022039 10.205587 -40.52 0.22 779.906311 791.947144 665292.85129 104.34 212130.0 120.73 656030.0 171.52 "" "" 0.0027605768415417922 0.0028577757 0.0037900275 0.006647803 337.39994244279 65.29253669259 785.695374 -1.0449999999999957 -5.515999999999992 -0.39943180799484246 -2.351329532623291 0.18409193 0.18309194 -27.16346153846154 2.1600926 8.882263332516008 28.578807614378135 1.6265206001120622 2.1144347962009715
337.07496453598 65.98425574001 0.0106 0.0119 60.2415 "" "" 2206736883677076992 734.870178 1.3369 0.0124 -4.103 -5.319 0.014 0.013 0.955 4701.6 2.5284 11.160892 1.914631 12.115792 10.201161 -12.27 0.15 728.948059 741.027222 646531.38908 122.19 194580.0 136.06 658710.0 308.41 "" "" 0.0027629504320605333 0.0028916143 0.003813416 0.0067050303 337.07496453598 65.98425574001 734.870178 -4.103 -5.319 -3.4574318079948423 -2.154329532623291 0.18609193 0.18509193 1.0865384615384635 2.0900927 14.189830467568486 14.231368680725591 2.636652130362314 2.633794875392371
335.62571260411 64.45504972055 0.0148 0.0141 40.2391 "" 4272-91-1 2206312918865236352 843.112488 1.1576 0.0165 -1.06 0.716 0.021 0.018 1.193 "" "" 11.184279 1.773091 12.048311 10.27522 -35.46 0.4 832.214722 858.147705 632754.1532 149.13 207060.0 98.354 615280.0 183.29 "" "" 0.0027671771532944834 0.0028374323 0.0037931965 0.006630629 335.62571260411 64.45504972055 843.112488 -1.06 0.716 -0.4144318079948426 3.880670467376709 0.19309193 0.19009194 -22.103461538461538 2.3400927 15.596715937095265 27.052182167150395 2.965341690535265 2.5648934866518305
337.04014338128 64.37868377317 0.0269 0.0272 40.0224 "" "" 2206345178359275264 869.26825 1.1216 0.0302 3.754 -8.299 0.036 0.035 0.943 "" "" 11.184991 3.662128 13.485681 9.823552 -10.87 0.21 844.192139 892.408081 632339.44909 500.53 55099.0 196.07 932690.0 1632.4 "" "" 0.002886241105447546 0.0047657555 0.0042302157 0.008995971 337.04014338128 64.37868377317 869.26825 3.7540000000000027 -8.299 4.399568192005157 -5.1343295326232905 0.20809193 0.20709193 2.486538461538464 2.1500926 27.859517198313107 27.97026228056887 5.78129287834563 5.761573970397475
337.1635411189 65.72555592639 0.0106 0.0101 46.0291 "" "" 2206682526570591360 824.65918 1.183 0.0116 7.903 1.042 0.014 0.012 0.927 "" "" 11.205842 1.737314 12.046106 10.308792 -20.4 0.19 817.66687 833.242371 620311.38315 155.14 207480.0 168.33 596540.0 234.69 "" "" 0.0027686684356536114 0.0029259138 0.0038034436 0.0067293574 337.1635411189 65.72555592639 824.65918 7.9030000000000005 1.0420000000000005 8.548568192005156 4.206670467376709 0.18609193 0.18409193 -7.0434615384615356 2.1300926 37.24206916633337 37.90226993510739 6.915991026230613 6.807043904790688
338.22571668493 64.30896087931 0.0104 0.0109 60.656 "" 4272-1162-1 2205604455422794496 868.151917 1.1273 0.012 -7.71 -0.023 0.013 0.013 1.006 "" "" 11.234917 1.827359 12.134109 10.306749 -20.2 0.24 860.87085 877.690735 603920.75414 137.03 191330.0 130.37 597670.0 217.06 "" "" 0.0027663115889012403 0.0028865833 0.0037998962 0.00668648 338.22571668493 64.30896087931 868.151917 -7.709999999999999 -0.023000000000000905 -7.0644318079948425 3.141670467376709 0.18509193 0.18509193 -6.843461538461536 2.1800926 31.81548508030596 32.543172198228824 5.88878946255699 5.77533688053807
337.86332498087 64.25188777447 0.0139 0.0149 57.0137 "" 4272-1063-1 2205583358543135232 729.783264 1.3312 0.0163 -6.257 -6.803 0.018 0.018 1.094 "" "" 11.239622 0.89184 11.595703 10.703863 "" "" 721.433838 737.500244 601309.0697 145.07 314150.0 121.92 414580.0 93.935 "" "" 0.0027677432525331407 0.002821808 0.0037873797 0.0066091875 337.86332498087 64.25188777447 729.783264 -6.256999999999999 -6.803000000000001 -5.611431807994842 -3.638329532623291 0.19009194 0.19009194 "" "" 23.133980824609868 "" 4.397583243524249 ""
336.14598646625 65.31088188843 0.0113 0.0106 20.4863 "" 4272-370-1 2206642841072300416 868.797974 1.114 0.012 -5.045 -3.5 0.015 0.013 0.828 "" "" 11.269711 1.135438 11.746089 10.610651 "" "" 861.172974 877.712463 584873.5723 146.0 273520.0 143.1 451750.0 154.39 "" "" 0.0027686180509334936 0.0028474042 0.0037975537 0.0066449577 336.14598646625 65.31088188843 868.797974 -5.044999999999997 -3.500000000000003 -4.3994318079948425 -0.335329532623291 0.18709193 0.18509193 "" "" 18.169862129313756 "" 3.399225817750847 ""
337.54868074325 64.75336420569 0.0143 0.0137 30.3604 "" "" 2206371055542353024 1011.70306 0.9645 0.0156 -0.261 6.794 0.019 0.018 0.955 "" "" 11.303501 2.473524 12.645518 10.171994 -18.41 0.2 997.586426 1024.16028 566951.89383 198.67 119460.0 163.94 676640.0 761.3 "" "" 0.0027814636675373666 0.0031630923 0.0039719 0.007134992 337.54868074325 64.75336420569 1011.70306 -0.26100000000000123 6.793999999999995 0.38456819200515746 9.95867046737671 0.19109192 0.19009194 -5.053461538461537 2.1400926 47.79212507506962 48.058554833783845 9.084969014967658 9.037405420123138
337.17871481091 65.74250674566 0.012 0.0117 47.1127 "" 4276-16-1 2206682767088752128 895.590332 1.0911 0.0132 -1.215 -2.976 0.015 0.014 0.97 4903.9 2.5178 11.307313 2.14037 12.41392 10.27355 -5.17 0.18 884.796265 907.710205 564965.17095 116.58 147860.0 106.48 616220.0 208.4 "" "" 0.0027644137873435912 0.0028976523 0.003797177 0.006694829 337.17871481091 65.74250674566 895.590332 -1.215000000000001 -2.975999999999998 -0.5694318079948426 0.188670467376709 0.18709193 0.18609193 8.186538461538463 2.1200926 2.546525130538077 8.573459174843636 0.47618300805210484 2.0293475708268365
338.25502148778 65.30781450625 0.0119 0.0126 47.3647 "" "" 2206459360070118912 888.216797 1.0822 0.0138 -0.226 -3.807 0.016 0.015 0.999 "" "" 11.34187 0.726418 11.619256 10.892838 -16.24 5.03 878.915771 899.007202 547266.32367 125.96 307410.0 179.64 348360.0 94.346 "" "" 0.0027666291950532904 0.0028613978 0.0037908035 0.0066522015 338.25502148778 65.30781450625 888.216797 -0.2260000000000011 -3.807 0.4195681920051575 -0.642329532623291 0.18809193 0.18709193 -2.8834615384615354 6.970093 3.2301044282390574 4.329887418988689 0.6052942992206898 4.663601891941834
336.99050783725 64.9126572582 0.0096 0.0097 13.2839 "" "" 2206425584446639232 844.010803 1.1625 0.0107 3.345 -2.68 0.013 0.012 0.832 4619.5 2.4057 11.346643 1.869927 12.272773 10.402845 -32.3 0.23 836.58606 849.259155 544865.4697 112.66 168390.0 110.56 547040.0 178.98 "" "" 0.002764450572628252 0.0028797954 0.0037960394 0.006675835 336.99050783725 64.9126572582 844.010803 3.345 -2.68 3.9905681920051577 0.4846704673767088 0.18509193 0.18409193 -18.943461538461534 2.1700926 16.082029095835157 24.8492735285855 2.976420609036471 2.5391769032838747
338.29068104957 65.47413077357 0.0299 0.0268 52.6298 "" "" 2206464578451046528 989.069519 0.9923 0.0312 -1.199 0.492 0.04 0.035 0.983 "" "" 11.369978 3.498287 13.529293 10.031006 -23.4 1.46 957.431641 1020.30115 533280.28083 264.4 52930.0 111.54 770470.0 461.23 "" "" 0.0028074123467975763 0.0036083127 0.003834863 0.0074431757 338.29068104957 65.47413077357 989.069519 -1.199 0.492 -0.5534318079948426 3.656670467376709 0.21209192 0.20709193 -10.043461538461536 3.4000926 17.338396448953876 20.03724310117668 3.592606168501522 3.5452222510075426
336.96486385441 65.34218705983 0.0112 0.0104 23.0425 "" 4272-282-1 2206635625527917440 771.348206 1.2564 0.0121 0.894 -2.586 0.015 0.013 0.794 9537.3 3.8374 11.390821 0.934315 11.766049 10.831735 1.91 4.94 764.129395 778.295166 523140.6835 275.81 268530.0 416.02 368520.0 404.06 "" "" 0.0028141527264683303 0.0032579792 0.0039624344 0.0072204135 336.96486385441 65.34218705983 771.348206 0.8939999999999991 -2.5859999999999994 1.5395681920051576 0.5786704673767091 0.18709193 0.18509193 15.266538461538463 6.8800926 6.013438364501941 16.408188125484696 1.123584009119524 6.414619920033555
335.59148006364 64.83963684464 0.0118 0.0125 25.605 "" 4272-777-1 2206521890493699456 871.715393 1.1064 0.0134 -2.846 -4.609 0.016 0.015 0.96 7943.1 3.6048 11.396093 0.864627 11.742077 10.87745 -12.13 0.82 860.782898 880.338562 520606.37447 426.26 274530.0 409.67 353330.0 902.34 "" "" 0.002895179694757751 0.003226468 0.0046874285 0.007913897 335.59148006364 64.83963684464 871.715393 -2.8459999999999974 -4.609000000000002 -2.2004318079948426 -1.444329532623291 0.18809193 0.18709193 1.2265384615384622 2.7600925 10.87568494527404 10.944629716280653 2.042359919506058 2.0529305578557975
