Clusters/UPK_194/UPK_194_stars_in_region.tsv
# %ECSV 1.0
# ---
# datatype:
# - name: RA_ICRS_1
#   unit: deg
#   datatype: float64
#   format: '{:15.11f}'
#   description: Right ascension (ICRS) at Ep=2016.0 (ra)
#   meta: !!omap
#   - {ucd: POS_EQ_RA_MAIN}
#   - {width: 15}
#   - {precision: '11'}
# - name: DE_ICRS_1
#   unit: deg
#   datatype: float64
#   format: '{:15.11f}'
#   description: Declination (ICRS) at Ep=2016.0 (dec)
#   meta: !!omap
#   - {ucd: POS_EQ_DEC_MAIN}
#   - {width: 15}
#   - {precision: '11'}
# - name: e_RA_ICRS
#   unit: mas
#   datatype: float64
#   format: '{:7.4f}'
#   description: Standard error of right ascension (ra_error)
#   meta: !!omap
#   - {ucd: ERROR}
#   - {width: 7}
#   - {precision: '4'}
# - name: e_DE_ICRS
#   unit: mas
#   datatype: float64
#   format: '{:7.4f}'
#   description: Standard error of declination (dec_error)
#   meta: !!omap
#   - {ucd: ERROR}
#   - {width: 7}
#   - {precision: '4'}
# - name: _r_1
#   unit: ''
#   datatype: float64
#   format: '{:7.4f}'
#   description: Distance from center (336.51751508000+65.00720452000)[ICRS], at Epoch=J2016.0
#   meta: !!omap
#   - {ucd: POS_ANG_DIST_GENERAL}
#   - {width: 7}
#   - {precision: '4'}
# - name: HIP
#   datatype: int32
#   description: '? HIP cross-id number, van Leeuwen, Cat. I/311 (hip_original_ext_source_id)'
#   meta: !!omap
#   - {ucd: ID_NUMBER}
#   - {width: 6}
#   - values: {'null': -2147483648}
# - name: TYC2
#   datatype: string
#   description: Tycho-2 cross-id name, Hog et al., Cat. I/259 (tyc2_original_ext_source_id)
#   meta: !!omap
#   - {ucd: ID_CROSSID}
#   - {_votable_string_dtype: char}
# - name: Source
#   datatype: int64
#   description: Source identifier, identical to the Gaia-EDR3 source_id (id)
#   meta: !!omap
#   - {ucd: ID_MAIN}
#   - {width: 19}
# - name: rgeo
#   unit: pc
#   datatype: float64
#   format: '{:15.8f}'
#   description: '? Median of the geometric distance posterior (r_med_geo)'
#   meta: !!omap
#   - {ucd: PHYS_DISTANCE_TRUE}
#   - {width: 15}
#   - {precision: '8'}
#   - values: {'null': .nan}
# - name: Plx
#   unit: mas
#   datatype: float64
#   format: '{:9.4f}'
#   description: '? Parallax (parallax)'
#   meta: !!omap
#   - {ucd: POS_PARLX_TRIG}
#   - {width: 9}
#   - {precision: '4'}
#   - values: {'null': .nan}
# - name: e_Plx
#   unit: mas
#   datatype: float32
#   format: '{:7.4f}'
#   description: '? Standard error of parallax (parallax_error)'
#   meta: !!omap
#   - {ucd: ERROR}
#   - {width: 7}
#   - {precision: '4'}
#   - values: {'null': .nan}
# - name: pmRA
#   unit: mas / yr
#   datatype: float64
#   format: '{:9.3f}'
#   description: '? Proper motion in right ascension direction, pmRA*cosDE (pmra)'
#   meta: !!omap
#   - {ucd: POS_EQ_PMRA}
#   - {width: 9}
#   - {precision: '3'}
#   - values: {'null': .nan}
# - name: pmDE
#   unit: mas / yr
#   datatype: float64
#   format: '{:9.3f}'
#   description: '? Proper motion in declination direction (pmdec)'
#   meta: !!omap
#   - {ucd: POS_EQ_PMDEC}
#   - {width: 9}
#   - {precision: '3'}
#   - values: {'null': .nan}
# - name: e_pmRA
#   unit: mas / yr
#   datatype: float32
#   format: '{:6.3f}'
#   description: '? Standard error of proper motion in right ascension direction (pmra_error)'
#   meta: !!omap
#   - {ucd: ERROR}
#   - {width: 6}
#   - {precision: '3'}
#   - values: {'null': .nan}
# - name: e_pmDE
[...]
#         value: !astropy.table.SerializedColumn {name: SkyCoord.dec}
#       distance: !astropy.table.SerializedColumn
#         __class__: astropy.coordinates.distances.Distance
#         unit: !astropy.units.Unit {unit: pc}
#         value: !astropy.table.SerializedColumn {name: SkyCoord.distance}
#       frame: icrs
#       obstime: !astropy.time.Time {format: jyear_str, in_subfmt: '*', jd1: 367701545.0, jd2: 0.0, out_subfmt: '*', precision: 3, scale: tt}
#       pm_dec: !astropy.table.SerializedColumn
#         __class__: astropy.units.quantity.Quantity
#         unit: !astropy.units.Unit {unit: mas / yr}
#         value: !astropy.table.SerializedColumn {name: SkyCoord.pm_dec}
#       pm_ra_cosdec: !astropy.table.SerializedColumn
#         __class__: astropy.units.quantity.Quantity
#         unit: !astropy.units.Unit {unit: mas / yr}
#         value: !astropy.table.SerializedColumn {name: SkyCoord.pm_ra_cosdec}
#       ra: !astropy.table.SerializedColumn
#         __class__: astropy.coordinates.angles.Longitude
#         unit: *id001
#         value: !astropy.table.SerializedColumn {name: SkyCoord.ra}
#         wrap_angle: !astropy.coordinates.Angle
#           unit: *id001
#           value: 360.0
#       representation_type: spherical
# schema: astropy-2.0
RA_ICRS_1 DE_ICRS_1 e_RA_ICRS e_DE_ICRS _r_1 HIP TYC2 Source rgeo Plx e_Plx pmRA pmDE e_pmRA e_pmDE RUWE Teff logg Gmag BP-RP BPmag RPmag RV e_RV b_rgeo B_rgeo FG e_FG FBP e_FBP FRP e_FRP RAVE5 RAVE6 e_Gmag e_BPmag e_RPmag e_BP-RP SkyCoord.ra SkyCoord.dec SkyCoord.distance SkyCoord.pm_ra_cosdec SkyCoord.pm_dec rmRA rmDE e_rmRA e_rmDE rRV e_rRV v_pec v_pec3d e_vpec e_vpec3d
[from data line 1624]
336.99395385245 65.02599172828 0.0337 0.0305 12.1261 "" "" 2206439019104673280 878.082764 1.1217 0.0359 10.054 4.963 0.044 0.038 0.954 5385.6 4.5592 16.168869 1.574246 16.900215 15.325969 "" "" 852.909485 905.415283 6417.99669 2.8396 2373.2 9.4556 5871.8 11.08 "" "" 0.0027968824135484243 0.005147687 0.004298974 0.009446661 336.99395385245 65.02599172828 878.082764 10.054 4.963 10.699568192005158 8.12767046737671 0.21609193 0.21009193 "" "" 55.92426134998565 "" 11.963098305209455 ""
335.08968005933 65.60075389851 0.0309 0.0294 50.4898 "" "" 2218630610193057792 967.191589 1.0162 0.0332 -10.181 -3.53 0.039 0.037 1.017 4955.8 4.3052 16.169386 1.658402 16.954218 15.295816 "" "" 936.67041 997.459778 6414.94041 2.8521 2258.0 14.818 6037.1 11.042 "" "" 0.002797286040838509 0.0076519186 0.0042693415 0.0119212605 335.08968005933 65.60075389851 967.191589 -10.181 -3.5300000000000002 -9.535431807994842 -0.3653295326232908 0.21109194 0.20909193 "" "" 43.74714630499479 "" 9.234542156021595 ""
335.02113185157 64.22313978744 0.0305 0.032 60.7797 "" "" 2206286015189720576 888.952698 1.1076 0.0339 -8.145 -2.209 0.042 0.041 1.005 "" "" 16.170057 1.582891 16.90902 15.326128 "" "" 861.946838 913.684509 6410.97379 3.2241 2354.0 7.8779 5870.9 10.911 "" "" 0.0028089014978140685 0.004581218 0.0042843153 0.008865533 335.02113185157 64.22313978744 888.952698 -8.145 -2.209 -7.499431807994842 0.9556704673767089 0.21409193 0.21309194 "" "" 31.855416372643422 "" 6.819479612805954 ""
336.85944201125 64.65780415951 0.0296 0.03 22.7069 "" "" 2206367104171989632 1019.3811 0.9559 0.0328 -6.51 -5.631 0.037 0.037 0.971 6875.9 4.2054 16.171103 1.932739 17.129652 15.196913 "" "" 986.993408 1055.95386 6404.80429 2.7941 1921.1 8.0447 6612.9 8.3768 "" "" 0.0027957354423121562 0.0053344523 0.004021852 0.009356304 336.85944201125 64.65780415951 1019.3811 -6.510000000000002 -5.630999999999997 -5.864431807994842 -2.4663295326232912 0.20909193 0.20909193 "" "" 30.740067466031093 "" 6.427500083417981 ""
337.2392743901 65.21578084042 0.0312 0.0291 22.1081 "" "" 2206442729956371200 903.798218 1.0785 0.0335 -4.534 -0.787 0.039 0.036 0.991 4819.8 4.3489 16.172033 1.717101 16.995737 15.278636 "" "" 877.960327 929.494934 6399.31903 3.2657 2173.3 9.0437 6133.4 9.7428 "" "" 0.0028104779086512532 0.00531016 0.0041543017 0.009464461 337.2392743901 65.21578084042 903.798218 -4.534 -0.787 -3.8884318079948423 2.377670467376709 0.21109194 0.20809193 "" "" 19.52548003666446 "" 4.10581285690083 ""
335.43807563837 65.149396692 0.0307 0.0289 28.5932 "" "" 2206549829262486912 913.626648 1.0797 0.0329 -4.103 -1.729 0.042 0.036 1.024 5389.1 4.5239 16.17247 1.60982 16.930819 15.320998 "" "" 888.794312 936.829102 6396.73668 3.4779 2307.2 8.8085 5898.7 11.692 "" "" 0.0028178466533447873 0.004996737 0.004349154 0.009345891 335.43807563837 65.149396692 913.626648 -4.102999999999997 -1.729000000000001 -3.4574318079948423 1.435670467376709 0.21409193 0.20809193 "" "" 16.212254372254215 "" 3.456778685948186 ""
336.56615597404 65.58086442672 0.0353 0.0336 34.4412 "" "" 2206655966492778240 988.440796 1.0091 0.0396 10.851 0.593 0.047 0.04 1.128 4985.3 4.2855 16.17297 1.695567 16.975302 15.279735 "" "" 946.984985 1021.89703 6393.79145 3.0057 2214.6 8.2509 6127.2 11.377 "" "" 0.002802195305854315 0.0049140574 0.0042834533 0.009197511 336.56615597404 65.58086442672 988.440796 10.851 0.593 11.496568192005158 3.757670467376709 0.21909192 0.21209192 "" "" 56.66802233953003 "" 12.377772883629268 ""
338.22251492856 65.58452894007 0.032 0.0317 55.0227 "" "" 2206477879969080320 848.52655 1.1524 0.0356 4.024 -5.543 0.042 0.04 1.023 4942.0 4.4814 16.173006 1.56921 16.907288 15.338078 "" "" 823.276001 878.184387 6393.58434 3.1474 2357.8 11.058 5806.7 11.458 "" "" 0.002806681093556565 0.00580639 0.004344384 0.010150774 338.22251492856 65.58452894007 848.52655 4.024 -5.542999999999999 4.6695681920051575 -2.378329532623291 0.21409193 0.21209192 "" "" 21.07679006318389 "" 4.503720095784329 ""
336.84425866089 64.99591097366 0.0469 0.0441 8.3124 "" "" 2206438675506914944 1025.52917 0.9659 0.0523 -2.273 -1.531 0.061 0.053 1.393 4804.8 4.2861 16.173645 1.62254 16.905989 15.283448 "" "" 973.820923 1075.59619 6389.81888 7.5505 2360.6 13.201 6106.3 12.66 "" "" 0.003039368911173376 0.006682089 0.004398958 0.011081047 336.84425866089 64.99591097366 1025.52917 -2.272999999999998 -1.530999999999998 -1.6274318079948427 1.633670467376709 0.23309194 0.22509193 "" "" 11.20925053027578 "" 2.568168764951672 ""
336.65238079732 64.11514435492 0.0283 0.0277 53.6363 "" "" 2205496462762201344 916.124207 1.0656 0.0315 8.338 2.356 0.036 0.035 0.918 8156.6 4.4063 16.173653 1.838214 17.071812 15.233598 "" "" 891.411011 941.549805 6389.78199 2.6211 2026.2 7.2345 6393.2 9.9561 "" "" 0.0027910830614975178 0.0047763 0.004140359 0.008916659 336.65238079732 64.11514435492 916.124207 8.338 2.355999999999999 8.983568192005157 5.520670467376709 0.20809193 0.20709193 "" "" 45.78787907262566 "" 9.51555841785173 ""
337.249816006 65.68769365657 0.0568 0.0536 44.7533 "" "" 2206679262395485184 1031.97485 0.9512 0.0611 -1.567 -1.857 0.071 0.067 2.016 5341.7 3.7839 16.173882 2.298222 17.27087 14.972649 "" "" 967.233704 1099.66467 6388.43158 15.628 1686.8 22.044 8130.2 73.686 "" "" 0.0038270484507418544 0.014460709 0.010541114 0.025001824 337.249816006 65.68769365657 1031.97485 -1.5669999999999982 -1.8569999999999993 -0.9214318079948425 1.307670467376709 0.24309194 0.23909193 "" "" 7.825027558963812 "" 1.8813434452915108 ""
336.8821218604 65.31302740739 0.0344 0.0316 20.522 "" "" 2206635488088960896 1063.75317 0.9169 0.0367 -4.264 -3.749 0.045 0.042 1.05 5150.4 4.3631 16.177567 1.622337 16.93869 15.316353 "" "" 1024.66455 1106.35315 6366.78871 3.0821 2290.6 9.1715 5924.0 8.4395 "" "" 0.0028050024396289674 0.0051656268 0.0040836534 0.00924928 336.8821218604 65.31302740739 1063.75317 -4.264 -3.7490000000000006 -3.6184318079948428 -0.5843295326232911 0.21709193 0.21409193 "" "" 18.481184265520156 "" 4.010716391572173 ""
335.39064693046 64.28712045055 0.0296 0.0315 52.0063 "" "" 2206287286500459648 919.634155 1.0584 0.0361 -11.916 -3.313 0.044 0.04 1.032 8430.0 4.4733 16.177763 1.74146 17.007431 15.265971 "" "" 891.957153 948.240479 6365.62795 3.0322 2150.0 10.281 6205.4 13.748 "" "" 0.002803437811107378 0.005894085 0.004479939 0.0103740245 335.39064693046 64.28712045055 919.634155 -11.916000000000006 -3.312999999999999 -11.270431807994843 -0.14832953262329118 0.21609193 0.21209192 "" "" 49.13280951863882 "" 10.6171699572797 ""
335.31908841746 64.77743440377 0.0288 0.0266 33.4804 "" "" 2206522925587042432 1082.87244 0.8953 0.031 0.367 -8.79 0.035 0.033 1.023 5889.8 4.381 16.178856 1.614393 16.934168 15.319775 "" "" 1044.31824 1122.58813 6359.22432 2.62 2300.1 9.7417 5905.4 12.04 "" "" 0.002791395251447507 0.0053787422 0.004379932 0.009758674 335.31908841746 64.77743440377 1082.87244 0.36700000000000177 -8.79 1.0125681920051575 -5.62532953262329 0.20709193 0.20509192 "" "" 29.33781248032237 "" 6.018798549415908 ""
335.61495442332 64.29027777943 0.0306 0.0298 48.8657 "" "" 2206307696185109248 856.83606 1.1464 0.0344 5.331 5.486 0.045 0.037 1.025 4719.5 4.4087 16.178867 1.573243 16.911087 15.337844 "" "" 832.610168 877.743713 6359.15921 2.7241 2349.5 11.069 5807.9 12.699 "" "" 0.0027942993287136475 0.005826635 0.004463121 0.010289756 335.61495442332 64.29027777943 856.83606 5.331 5.485999999999999 5.976568192005158 8.65067046737671 0.21709193 0.20909193 "" "" 42.70338091331993 "" 9.040722472728616 ""
335.7566118406 65.69663086454 0.0328 0.0321 45.5363 "" "" 2206716164754150656 935.815857 1.0338 0.0354 7.42 0.834 0.041 0.04 1.081 7769.3 4.2814 16.180376 1.950093 17.152815 15.202722 "" "" 906.904053 964.867859 6350.33377 3.1377 1880.6 13.804 6577.6 13.725 "" "" 0.002807059166916987 0.008443844 0.0044063977 0.012850242 335.7566118406 65.69663086454 935.815857 7.420000000000001 0.834000000000001 8.065568192005157 3.998670467376709 0.21309194 0.21209192 "" "" 39.93243943765537 "" 8.501417208117227 ""
336.424714714 64.58404178948 0.0316 0.0327 25.5002 "" "" 2206318347704025088 1047.20471 0.9321 0.0368 -3.123 4.88 0.042 0.041 1.102 7123.7 4.3442 16.180925 1.782949 17.041521 15.258573 "" "" 1015.4646 1093.73047 6347.11981 2.9678 2083.6 10.334 6247.8 8.863 "" "" 0.002801699319898707 0.006064841 0.0040811705 0.010146012 336.424714714 64.58404178948 1047.20471 -3.123 4.88 -2.4774318079948427 8.044670467376708 0.21409193 0.21309194 "" "" 41.78239343841556 "" 8.90711831426053 ""
335.82587936412 64.97379450089 0.0321 0.0308 17.6582 "" "" 2206533199149241600 922.842285 1.058 0.0356 -0.612 -3.373 0.041 0.036 0.977 5423.8 4.5019 16.180956 1.602938 16.931557 15.328619 "" "" 893.317566 958.027893 6346.94298 4.9685 2305.7 14.35 5857.5 14.025 "" "" 0.0028834313871509295 0.007310691 0.0045871455 0.011897836 335.82587936412 64.97379450089 922.842285 -0.6119999999999999 -3.3730000000000007 0.03356819200515748 -0.20832953262329124 0.21309194 0.20809193 "" "" 0.9230442223127655 "" 0.19219621284662808 ""
337.74977918153 64.27380067283 0.0298 0.0322 54.2117 "" "" 2205582843147040896 733.899841 1.334 0.0343 -0.659 -5.581 0.037 0.037 1.027 5247.4 4.5524 16.181152 1.701656 16.998913 15.297256 "" "" 712.104797 759.016357 6345.78978 3.322 2167.0 11.177 6029.1 10.377 "" "" 0.002813333332080866 0.0062566306 0.0042161397 0.010472771 337.74977918153 64.27380067283 733.899841 -0.6590000000000003 -5.581000000000001 -0.01343180799484256 -2.4163295326232914 0.20909193 0.20909193 "" "" 8.405779761165785 "" 1.7575807267108103 ""
335.32648980816 65.24400528648 0.0313 0.0292 33.2469 "" "" 2206598203475650432 791.940979 1.2367 0.0341 -5.053 -9.167 0.041 0.035 1.028 4844.5 4.4816 16.181574 1.567032 16.915966 15.348934 "" "" 769.101196 815.607117 6343.33346 2.9457 2339.0 8.8587 5748.9 9.9588 "" "" 0.0028010708973212847 0.004969351 0.0042215167 0.009190868 335.32648980816 65.24400528648 791.940979 -5.052999999999994 -9.166999999999993 -4.4074318079948425 -6.002329532623291 0.21309194 0.20709193 "" "" 27.95344291964904 "" 5.848232802805909 ""
335.55154486405 64.70881450934 0.0312 0.0294 30.4443 "" "" 2206519901930173696 1073.96741 0.9142 0.0336 1.158 0.064 0.037 0.036 1.003 5008.5 4.3011 16.182775 1.65069 16.966791 15.316101 "" "" 1036.95789 1118.02344 6336.30975 2.6629 2232.0 12.164 5925.4 14.35 "" "" 0.0027928465213739 0.0065419213 0.004604078 0.011146 335.55154486405 64.70881450934 1073.96741 1.158 0.064 1.8035681920051574 3.228670467376709 0.20909193 0.20809193 "" "" 18.82641319127149 "" 3.9221103557820234 ""
336.90608777975 65.51720005555 0.0309 0.0322 32.1173 "" "" 2206652633598275456 1037.80908 0.9332 0.0359 -2.025 -1.514 0.043 0.044 1.114 6375.6 4.3166 16.183014 1.791746 17.048405 15.256659 "" "" 1002.08875 1081.17761 6334.91706 5.7295 2070.4 12.292 6258.9 19.771 "" "" 0.002925074822581804 0.0070239883 0.0051035774 0.012127565 336.90608777975 65.51720005555 1037.80908 -2.025 -1.514 -1.3794318079948424 1.650670467376709 0.21509193 0.21609193 "" "" 10.5820823778299 "" 2.282357225040275 ""
335.82327438754 64.95716895458 0.1843 0.1856 17.8696 "" "" 2206531515522066944 861.68396 1.2683 0.2084 -0.487 -4.733 0.237 0.219 5.989 5020.6 4.7214 16.183714 1.769401 16.952127 15.182727 "" "" 718.840759 1208.13025 6330.83917 23.974 2262.4 9.9416 6699.9 14.58 "" "" 0.0049493913282061255 0.0055269953 0.004457152 0.009984147 335.82327438754 64.95716895458 861.68396 -0.48700000000000077 -4.732999999999998 0.15856819200515748 -1.5683295326232907 0.40909195 0.39109194 "" "" 6.43831456095198 "" 2.519172346597505 ""
334.66503275307 64.83710759423 0.0321 0.0312 48.2013 "" "" 2206516500316483712 1027.39893 0.9466 0.0359 -5.973 1.03 0.041 0.04 1.083 5060.3 4.3852 16.18493 1.587788 16.9305 15.342712 "" "" 992.589233 1064.2533 6323.74294 2.9173 2307.9 9.1043 5781.9 9.9951 "" "" 0.0028004762577767185 0.005111715 0.0042197723 0.009331487 334.66503275307 64.83710759423 1027.39893 -5.973000000000002 1.0299999999999987 -5.327431807994842 4.194670467376709 0.21309194 0.21209192 "" "" 33.02073789811387 "" 7.023834216846071 ""
336.53355953762 64.90071571088 0.0302 0.0316 6.4023 "" "" 2206431391242372096 1074.6311 0.897 0.0346 -2.51 -1.905 0.04 0.038 1.051 9280.4 4.3978 16.185518 1.860045 17.096018 15.235972 "" "" 1033.78662 1116.7605 6320.32092 2.777 1981.6 6.9627 6379.2 10.282 "" "" 0.002796312413669721 0.0047263834 0.0041648764 0.00889126 336.53355953762 64.90071571088 1074.6311 -2.51 -1.9050000000000005 -1.8644318079948423 1.259670467376709 0.21209192 0.21009193 "" "" 11.461365892106368 "" 2.4237022181271985 ""
337.48249338288 65.72566125799 0.0544 0.0514 49.4016 "" "" 2206684931752799360 768.506287 1.2741 0.0583 4.35 2.891 0.066 0.064 1.857 4815.8 4.4284 16.186052 1.768774 16.953777 15.185003 "" "" 738.388184 800.458435 6317.21343 4.2478 2258.9 11.015 6685.9 11.748 "" "" 0.002850401277214819 0.0059845704 0.004233598 0.010218168 337.48249338288 65.72566125799 768.506287 4.35 2.891 4.995568192005157 6.055670467376709 0.23809193 0.23609194 "" "" 28.596358861675075 "" 6.77458804103102 ""
338.20703088574 64.67302355092 0.0325 0.0307 47.5314 "" "" 2205628266721521920 975.371826 1.005 0.0377 6.592 1.081 0.044 0.035 1.023 6536.5 4.3553 16.191166 1.729508 17.017118 15.28761 "" "" 943.049377 1013.26654 6287.53866 4.0522 2130.9 11.606 6082.9 10.592 "" "" 0.002842783938443533 0.0065386854 0.0042258683 0.010764554 338.20703088574 64.67302355092 975.371826 6.592000000000003 1.0810000000000002 7.237568192005157 4.2456704673767085 0.21609193 0.20709193 "" "" 38.793583148713104 "" 8.29499336212638 ""
337.172776976 65.3909039742 0.032 0.0284 28.319 "" "" 2206659402466889216 986.288147 0.9816 0.0332 0.738 -3.516 0.042 0.036 0.991 4964.5 4.3004 16.191336 1.679611 16.9866 15.30699 "" "" 961.307861 1022.54547 6286.54952 3.3663 2191.7 10.142 5975.3 9.3155 "" "" 0.0028159899530382786 0.005746966 0.0041411156 0.009888082 337.172776976 65.3909039742 986.288147 0.7380000000000012 -3.516 1.3835681920051575 -0.35132953262329103 0.21409193 0.20809193 "" "" 6.673467858248184 "" 1.4263421202071642 ""
335.20496801186 64.32442287636 0.0297 0.0312 53.0435 "" "" 2206299862164276224 801.720276 1.2235 0.0334 -1.114 -7.576 0.04 0.038 1.077 4768.1 4.485 16.191488 1.520314 16.896025 15.375711 "" "" 777.780518 821.391541 6285.66803 2.7149 2382.4 7.4873 5608.9 10.124 "" "" 0.0027949425190636644 0.0044077407 0.004257266 0.008665007 335.20496801186 64.32442287636 801.720276 -1.1140000000000048 -7.576000000000001 -0.46843180799484263 -4.411329532623291 0.21209192 0.21009193 "" "" 16.857980739746026 "" 3.542103478486355 ""
337.35200555776 64.20768735616 0.032 0.0319 52.5556 "" "" 2205588993540184576 897.390991 1.0976 0.0364 0.553 6.168 0.04 0.039 1.107 5524.5 4.4851 16.193016 1.735406 17.020403 15.284997 "" "" 868.628479 927.358459 6276.82595 3.9678 2124.5 7.5703 6097.6 11.324 "" "" 0.0028395141209415268 0.004770007 0.004283618 0.009053625 337.35200555776 64.20768735616 897.390991 0.5529999999999993 6.167999999999997 1.1985681920051574 9.332670467376708 0.21209192 0.21109194 "" "" 40.023797061012736 "" 8.449351720282488 ""
