Clusters/UPK_194/UPK_194_stars_in_region.tsv
# %ECSV 1.0
# ---
# datatype:
# - name: RA_ICRS_1
#   unit: deg
#   datatype: float64
#   format: '{:15.11f}'
#   description: Right ascension (ICRS) at Ep=2016.0 (ra)
#   meta: !!omap
#   - {ucd: POS_EQ_RA_MAIN}
#   - {width: 15}
#   - {precision: '11'}
# - name: DE_ICRS_1
#   unit: deg
#   datatype: float64
#   format: '{:15.11f}'
#   description: Declination (ICRS) at Ep=2016.0 (dec)
#   meta: !!omap
#   - {ucd: POS_EQ_DEC_MAIN}
#   - {width: 15}
#   - {precision: '11'}
# - name: e_RA_ICRS
#   unit: mas
#   datatype: float64
#   format: '{:7.4f}'
#   description: Standard error of right ascension (ra_error)
#   meta: !!omap
#   - {ucd: ERROR}
#   - {width: 7}
#   - {precision: '4'}
# - name: e_DE_ICRS
#   unit: mas
#   datatype: float64
#   format: '{:7.4f}'
#   description: Standard error of declination (dec_error)
#   meta: !!omap
#   - {ucd: ERROR}
#   - {width: 7}
#   - {precision: '4'}
# - name: _r_1
#   unit: ''
#   datatype: float64
#   format: '{:7.4f}'
#   description: Distance from center (336.51751508000+65.00720452000)[ICRS], at Epoch=J2016.0
#   meta: !!omap
#   - {ucd: POS_ANG_DIST_GENERAL}
#   - {width: 7}
#   - {precision: '4'}
# - name: HIP
#   datatype: int32
#   description: '? HIP cross-id number, van Leeuwen, Cat. I/311 (hip_original_ext_source_id)'
#   meta: !!omap
#   - {ucd: ID_NUMBER}
#   - {width: 6}
#   - values: {'null': -2147483648}
# - name: TYC2
#   datatype: string
#   description: Tycho-2 cross-id name, Hog et al., Cat. I/259 (tyc2_original_ext_source_id)
#   meta: !!omap
#   - {ucd: ID_CROSSID}
#   - {_votable_string_dtype: char}
# - name: Source
#   datatype: int64
#   description: Source identifier, identical to the Gaia-EDR3 source_id (id)
#   meta: !!omap
#   - {ucd: ID_MAIN}
#   - {width: 19}
# - name: rgeo
#   unit: pc
#   datatype: float64
#   format: '{:15.8f}'
#   description: '? Median of the geometric distance posterior (r_med_geo)'
#   meta: !!omap
#   - {ucd: PHYS_DISTANCE_TRUE}
#   - {width: 15}
#   - {precision: '8'}
#   - values: {'null': .nan}
# - name: Plx
#   unit: mas
#   datatype: float64
#   format: '{:9.4f}'
#   description: '? Parallax (parallax)'
#   meta: !!omap
#   - {ucd: POS_PARLX_TRIG}
#   - {width: 9}
#   - {precision: '4'}
#   - values: {'null': .nan}
# - name: e_Plx
#   unit: mas
#   datatype: float32
#   format: '{:7.4f}'
#   description: '? Standard error of parallax (parallax_error)'
#   meta: !!omap
#   - {ucd: ERROR}
#   - {width: 7}
#   - {precision: '4'}
#   - values: {'null': .nan}
# - name: pmRA
#   unit: mas / yr
#   datatype: float64
#   format: '{:9.3f}'
#   description: '? Proper motion in right ascension direction, pmRA*cosDE (pmra)'
#   meta: !!omap
#   - {ucd: POS_EQ_PMRA}
#   - {width: 9}
#   - {precision: '3'}
#   - values: {'null': .nan}
# - name: pmDE
#   unit: mas / yr
#   datatype: float64
#   format: '{:9.3f}'
#   description: '? Proper motion in declination direction (pmdec)'
#   meta: !!omap
#   - {ucd: POS_EQ_PMDEC}
#   - {width: 9}
#   - {precision: '3'}
#   - values: {'null': .nan}
# - name: e_pmRA
#   unit: mas / yr
#   datatype: float32
#   format: '{:6.3f}'
#   description: '? Standard error of proper motion in right ascension direction (pmra_error)'
#   meta: !!omap
#   - {ucd: ERROR}
#   - {width: 6}
#   - {precision: '3'}
#   - values: {'null': .nan}
# - name: e_pmDE
[...]
#         unit: &id001 !astropy.units.Unit {unit: deg}
#         value: !astropy.table.SerializedColumn {name: SkyCoord.dec}
#       distance: !astropy.table.SerializedColumn
#         __class__: astropy.coordinates.distances.Distance
#         unit: !astropy.units.Unit {unit: pc}
#         value: !astropy.table.SerializedColumn {name: SkyCoord.distance}
#       frame: icrs
#       obstime: !astropy.time.Time {format: jyear_str, in_subfmt: '*', jd1: 367701545.0, jd2: 0.0, out_subfmt: '*', precision: 3, scale: tt}
#       pm_dec: !astropy.table.SerializedColumn
#         __class__: astropy.units.quantity.Quantity
#         unit: !astropy.units.Unit {unit: mas / yr}
#         value: !astropy.table.SerializedColumn {name: SkyCoord.pm_dec}
#       pm_ra_cosdec: !astropy.table.SerializedColumn
#         __class__: astropy.units.quantity.Quantity
#         unit: !astropy.units.Unit {unit: mas / yr}
#         value: !astropy.table.SerializedColumn {name: SkyCoord.pm_ra_cosdec}
#       ra: !astropy.table.SerializedColumn
#         __class__: astropy.coordinates.angles.Longitude
#         unit: *id001
#         value: !astropy.table.SerializedColumn {name: SkyCoord.ra}
#         wrap_angle: !astropy.coordinates.Angle
#           unit: *id001
#           value: 360.0
#       representation_type: spherical
# schema: astropy-2.0
RA_ICRS_1 DE_ICRS_1 e_RA_ICRS e_DE_ICRS _r_1 HIP TYC2 Source rgeo Plx e_Plx pmRA pmDE e_pmRA e_pmDE RUWE Teff logg Gmag BP-RP BPmag RPmag RV e_RV b_rgeo B_rgeo FG e_FG FBP e_FBP FRP e_FRP RAVE5 RAVE6 e_Gmag e_BPmag e_RPmag e_BP-RP SkyCoord.ra SkyCoord.dec SkyCoord.distance SkyCoord.pm_ra_cosdec SkyCoord.pm_dec
[from data line 480]
336.52473498534 65.42485454014 0.0128 0.0124 25.0597 "" "" 2206650812532106752 885.739258 1.1041 0.0145 3.782 4.742 0.018 0.015 1.007 6695.1 4.0447 14.172509 1.338788 14.765696 13.426908 "" "" 874.558838 897.351624 40359.23684 7.4086 16949.0 20.79 33759.0 16.423 "" "" 0.0027625190973235266 0.0030917155 0.0038161117 0.006907827 336.52473498534 65.42485454014 885.739258 3.7820000000000005 4.742
335.46486443267 64.6663992253 0.0125 0.0121 33.7533 "" "" 2206332057239327104 854.046692 1.1408 0.0136 15.533 5.152 0.016 0.014 0.997 5669.4 4.0814 14.175922 1.361111 14.782599 13.421489 -11.91 4.8 845.48938 861.945312 40232.56614 7.5284 16687.0 15.648 33928.0 17.568 "" "" 0.0027628002981061463 0.0029701253 0.0038209674 0.0067910925 335.46486443267 64.6663992253 854.046692 15.533 5.151999999999999
334.54647063561 65.55430181763 0.013 0.0129 59.3529 "" "" 2218627174219158272 730.03186 1.3436 0.0143 8.749 3.891 0.016 0.016 1.014 6219.6 4.1399 14.176965 1.516088 14.875762 13.359673 -38.44 3.61 723.317566 739.887817 40193.97843 9.0636 15315.0 22.198 35916.0 29.341 "" "" 0.00276617623601122 0.0032033685 0.003882068 0.0070854365 334.54647063561 65.55430181763 730.03186 8.748999999999999 3.890999999999999
337.41023627649 65.00804805322 0.0128 0.012 22.6302 "" "" 2206425069050959744 844.050354 1.157 0.0146 3.991 3.576 0.019 0.015 0.967 6998.9 4.2929 14.17786 1.226994 14.709624 13.482631 -15.28 6.52 833.548218 855.309204 40160.83315 7.7103 17847.0 15.336 32071.0 18.83 "" "" 0.0027631936226676242 0.0029420224 0.0038327666 0.0067747887 337.41023627649 65.00804805322 844.050354 3.9910000000000005 3.5760000000000005
336.01529771312 65.03628239957 0.0123 0.0134 12.8434 "" "" 2206533680185582848 1070.86182 0.9072 0.0141 -2.226 -1.452 0.016 0.015 0.965 "" "" 14.177922 1.112977 14.645902 13.532925 "" "" 1055.97559 1086.7196 40158.53431 8.561 18926.0 21.491 30619.0 24.336 "" "" 0.002765024754950741 0.003050418 0.003876648 0.006927066 336.01529771312 65.03628239957 1070.86182 -2.2259999999999995 -1.4519999999999997
337.37721450344 64.90736373329 0.0124 0.0117 22.641 "" "" 2206423522862763904 879.030518 1.1107 0.0135 -2.121 -4.169 0.016 0.015 0.987 9141.8 4.0802 14.180165 1.792557 15.044566 13.252009 -8.66 4.4 868.682617 888.482239 40075.65664 9.3522 13110.0 15.984 39660.0 17.13 "" "" 0.002766945323045152 0.0030882633 0.003808365 0.006896628 337.37721450344 64.90736373329 879.030518 -2.121 -4.169
337.45324249423 64.06814482158 0.0124 0.0142 61.2944 "" "" 2205574699888940800 774.971924 1.2656 0.015 1.553 3.57 0.018 0.018 0.987 6299.8 4.1669 14.183802 1.303189 14.758897 13.455708 -28.53 4.24 766.070129 784.504211 39941.65408 7.0701 17055.0 16.624 32876.0 14.287 "" "" 0.0027620147014024384 0.002984132 0.0038087205 0.0067928527 337.45324249423 64.06814482158 774.971924 1.5530000000000002 3.57
336.33264714592 64.72202230921 0.0128 0.0124 17.7477 "" "" 2206323673463768448 815.306335 1.2013 0.014 -12.026 -5.193 0.016 0.016 1.022 5689.7 4.1437 14.183984 1.273194 14.741735 13.468541 -76.49 5.35 805.589172 825.096497 39934.96251 7.7765 17327.0 20.399 32489.0 20.387 "" "" 0.0027634199292882783 0.0030690269 0.0038402998 0.0069093267 336.33264714592 64.72202230921 815.306335 -12.026000000000003 -5.193000000000001
335.26081695947 65.12547868136 0.0131 0.0116 32.569 "" "" 2206590854789598336 877.901123 1.1066 0.0138 -7.127 -6.201 0.017 0.014 1.003 5054.2 3.5653 14.184579 1.714164 15.008142 13.293978 -69.46 1.94 868.837891 887.818665 39913.07847 8.8638 13557.0 14.439 38156.0 19.204 "" "" 0.002765850163578852 0.0030203057 0.0038186829 0.0068389885 335.26081695947 65.12547868136 877.901123 -7.126999999999999 -6.200999999999999
336.02172169661 64.44651485972 0.0112 0.0113 35.9586 "" "" 2206316320479446400 819.77063 1.1955 0.0127 10.026 -1.211 0.015 0.014 0.964 "" "" 14.186419 1.357311 14.794689 13.437378 -24.4 2.56 811.112 829.619568 39845.50638 6.4819 16502.0 11.836 33435.0 19.349 "" "" 0.0027609753880639223 0.002896806 0.003831255 0.006728061 336.02172169661 64.44651485972 819.77063 10.026 -1.2110000000000005
338.06090724847 64.4779375003 0.0127 0.0124 50.6898 "" "" 2205621600932206720 883.66687 1.1014 0.0138 -0.625 -1.342 0.017 0.015 0.965 6508.3 4.0621 14.195271 1.450451 14.855287 13.404836 -24.88 5.3 874.522583 893.872192 39521.97132 6.9376 15606.0 15.429 34453.0 16.324 "" "" 0.0027619038893157187 0.002989529 0.0038142316 0.0068037603 338.06090724847 64.4779375003 883.66687 -0.6249999999999999 -1.3419999999999999
334.21622019486 64.98894661682 0.0126 0.0122 58.3654 "" "" 2206579206838142336 801.459656 1.2195 0.0137 7.992 -5.146 0.019 0.015 1.107 5425.4 3.9351 14.198806 1.28902 14.767142 13.478122 -31.63 3.38 792.955078 809.993774 39393.47388 7.0136 16926.0 22.465 32204.0 17.792 "" "" 0.002762092661637707 0.0031403261 0.003826688 0.006967014 334.21622019486 64.98894661682 801.459656 7.992 -5.146000000000001
337.66435626296 64.81583649681 0.0159 0.0148 31.3543 "" "" 2206394763761819904 948.603088 1.0268 0.0179 -0.225 -3.271 0.021 0.02 1.271 "" "" 14.199044 1.591536 14.931657 13.340121 139.16 6.05 930.753357 965.254578 39384.82047 15.317 14546.0 22.948 36569.0 28.253 "" "" 0.002787487047061252 0.0032739865 0.0038713522 0.0071453387 337.66435626296 64.81583649681 948.603088 -0.22499999999999987 -3.2710000000000004
335.10194776701 64.71771920709 0.0124 0.0119 40.0414 "" "" 2206522272751997056 827.486206 1.1792 0.0139 -5.588 -2.704 0.016 0.015 0.979 6504.4 4.2332 14.203732 1.187972 14.714929 13.526957 -9.18 4.53 818.146362 837.219604 39215.15417 7.3826 17760.0 15.071 30788.0 16.923 "" "" 0.0027628913358703202 0.0029383549 0.00382621 0.0067645647 335.10194776701 64.71771920709 827.486206 -5.588 -2.704
336.98974358412 64.08737291354 0.0119 0.0119 56.5169 "" "" 2205586313480584448 902.968628 1.0782 0.0134 0.997 -1.058 0.016 0.015 0.984 9596.4 4.0962 14.211747 1.880353 15.134294 13.253941 -1.75 10.45 891.377197 913.528687 38926.72436 10.714 12070.0 12.666 39590.0 20.442 "" "" 0.0027714780115833094 0.0030138285 0.0038207346 0.006834563 336.98974358412 64.08737291354 902.968628 0.997 -1.058
337.16371805416 65.09937686138 0.0124 0.0125 17.2629 "" "" 2206440805811066368 933.518188 1.0469 0.014 -2.868 -5.095 0.018 0.015 0.986 "" "" 14.212632 1.300328 14.781655 13.481327 "" "" 918.838196 945.947205 38895.02291 6.9054 16701.0 19.993 32109.0 17.299 "" "" 0.002762054705306158 0.003078051 0.0038243814 0.006902432 337.16371805416 65.09937686138 933.518188 -2.8680000000000003 -5.0950000000000015
336.39688916489 65.2519846262 0.0134 0.0144 14.9989 "" "" 2206631399279458688 985.280884 0.9904 0.0154 1.158 -0.326 0.019 0.017 1.098 "" "" 14.219296 1.518616 14.915974 13.397358 -0.01 6.89 967.743347 999.313843 38657.00434 7.715 14758.0 18.493 34691.0 19.144 "" "" 0.0027638275057842512 0.0031042 0.0038265802 0.00693078 336.39688916489 65.2519846262 985.280884 1.158 -0.326
335.60175257782 65.60620890744 0.0131 0.0127 42.644 "" "" 2206712453902171392 1033.69922 0.9372 0.0148 -2.404 -1.295 0.017 0.016 1.058 "" "" 14.220331 1.36892 14.827152 13.458232 "" "" 1020.31293 1050.35071 38620.16927 8.0724 16016.0 18.833 32799.0 23.796 "" "" 0.0027646503551782297 0.00306839 0.0038605982 0.0069289883 335.60175257782 65.60620890744 1033.69922 -2.404 -1.295
334.96684959427 65.3501531333 0.0126 0.0119 44.1444 "" "" 2206609615207115008 1087.78162 0.8963 0.0138 3.675 -0.505 0.017 0.016 0.988 7597.2 4.198 14.222017 1.146454 14.708272 13.561818 -31.84 8.92 1068.42493 1106.06116 38560.25412 12.4 17869.0 23.939 29815.0 26.08 "" "" 0.0027773533774830997 0.0031465502 0.0038968835 0.0070434334 334.96684959427 65.3501531333 1087.78162 3.6750000000000007 -0.5049999999999999
337.40045734755 65.35100591877 0.0129 0.0127 30.3322 "" "" 2206470939301529856 1039.43347 0.9325 0.014 -2.234 -1.456 0.017 0.016 0.938 8626.7 4.3557 14.233837 1.107887 14.700934 13.593047 "" "" 1024.31458 1055.93005 38142.73696 7.0518 17990.0 19.695 28969.0 16.479 "" "" 0.0027626222982602474 0.003032805 0.0038295146 0.0068623195 337.40045734755 65.35100591877 1039.43347 -2.234 -1.4560000000000002
334.43156247405 65.09097471918 0.0124 0.0128 53.0327 "" "" 2206581612019822336 735.827087 1.3287 0.0138 5.527 -2.41 0.017 0.016 0.964 5408.3 4.2116 14.235698 1.270093 14.792448 13.522355 -63.62 4.85 727.392761 742.913147 38077.44596 7.5777 16536.0 21.68 30918.0 23.589 "" "" 0.0027637792103536664 0.003132309 0.003869098 0.007001407 334.43156247405 65.09097471918 735.827087 5.527 -2.410000000000001
334.46569110424 65.0042887845 0.013 0.0131 52.0151 "" "" 2206569208154321408 1031.03687 0.9452 0.0146 -2.698 -1.326 0.019 0.016 1.045 7916.0 4.163 14.236745 1.211977 14.757905 13.545928 "" "" 1017.14209 1045.70483 38040.71692 8.3284 17071.0 19.441 30254.0 20.997 "" "" 0.0027655546942318113 0.0030518698 0.0038537683 0.006905638 334.46569110424 65.0042887845 1031.03687 -2.6980000000000004 -1.326
335.65250456841 65.30282428137 0.0148 0.0144 28.1091 "" "" 2206599341645450496 799.909973 1.2213 0.0162 -5.746 -7.828 0.021 0.017 1.049 6669.7 4.2537 14.240925 1.249867 14.78513 13.535263 -39.7 4.9 791.957153 809.665588 37894.54996 7.2532 16648.0 12.168 30553.0 23.26 "" "" 0.0027631461308274077 0.0029008258 0.0038687137 0.00676954 335.65250456841 65.30282428137 799.909973 -5.7459999999999996 -7.828
336.54930822399 65.16598542879 0.0281 0.0345 9.5607 "" "" 2206626966873252096 816.545044 1.1915 0.0357 -9.346 -1.459 0.037 0.039 2.284 5424.7 4.1185 14.24225 1.472498 14.915848 13.44335 -49.85 3.26 798.375061 834.609619 37848.32251 7.7309 14760.0 17.894 33252.0 20.34 "" "" 0.002764230897382091 0.0030850638 0.0038372914 0.006922355 336.54930822399 65.16598542879 816.545044 -9.346000000000002 -1.459
334.49601103508 64.97739173058 0.0129 0.0126 51.3032 "" "" 2206568383520621056 916.27832 1.0664 0.0141 -0.075 -3.064 0.018 0.016 1.001 7203.2 4.1932 14.245367 1.328644 14.832171 13.503527 5.09 8.86 904.951477 930.585083 37739.8231 8.1671 15942.0 17.355 31459.0 19.114 "" "" 0.0027653200878855148 0.003030198 0.0038365219 0.0068667196 334.49601103508 64.97739173058 916.27832 -0.07499999999999996 -3.064
337.88844359286 64.63993667375 0.013 0.0122 41.3513 "" "" 2206377205935620992 846.361938 1.1511 0.0144 0.905 -1.007 0.018 0.015 1.014 6305.1 4.1009 14.250118 1.427654 14.894933 13.467279 -37.38 6.54 833.947083 858.050293 37575.03902 6.8521 15047.0 17.079 32527.0 21.903 "" "" 0.002762424732348993 0.0030502055 0.0038494482 0.006899654 337.88844359286 64.63993667375 846.361938 0.9050000000000001 -1.0070000000000001
335.62526182114 64.37376084945 0.0137 0.0133 44.3646 "" "" 2206311475756279552 794.806824 1.2296 0.0145 -12.781 -9.36 0.018 0.016 0.982 5626.0 4.1854 14.250905 1.24532 14.792719 13.547399 -29.43 4.92 784.697266 803.990479 37547.81444 7.8012 16532.0 22.867 30213.0 26.248 "" "" 0.0027645389941851903 0.0031686607 0.003895311 0.007063972 335.62526182114 64.37376084945 794.806824 -12.780999999999999 -9.36
334.59293428099 64.5245158942 0.0126 0.0129 57.1127 "" "" 2206490764871421312 819.614502 1.1911 0.0144 6.58 -1.614 0.017 0.017 0.904 5736.0 4.0729 14.254069 1.200178 14.773711 13.573533 -27.24 4.94 809.468445 828.51355 37438.54756 6.6782 16824.0 16.771 29495.0 20.034 "" "" 0.0027621183684645107 0.0029927338 0.0038506605 0.0068433946 334.59293428099 64.5245158942 819.614502 6.58 -1.6140000000000003
336.89978721908 65.01391012497 0.0147 0.0141 9.6978 "" "" 2206438778586131584 938.324951 1.0404 0.0163 1.444 -2.975 0.02 0.018 1.051 7219.4 4.0197 14.258802 1.513917 14.952571 13.438654 -38.39 3.98 926.610901 951.412781 37275.691 9.1882 14269.0 19.162 33396.0 21.295 "" "" 0.002768287073176132 0.0031481662 0.0038422695 0.0069904355 336.89978721908 65.01391012497 938.324951 1.444 -2.9750000000000005
338.4551744711 64.56670059576 0.0135 0.0137 56.1329 "" "" 2205623250199810048 943.623535 1.028 0.0158 -1.328 0.022 0.018 0.017 1.043 5007.9 3.5066 14.261367 1.776479 15.127708 13.35123 30.68 2.16 927.561157 957.159607 37187.74587 7.0739 12143.0 18.65 36196.0 23.285 "" "" 0.002763049781062946 0.0032504997 0.0038433801 0.00709388 338.4551744711 64.56670059576 943.623535 -1.328 0.021999999999999884
337.82975593777 64.88694568871 0.0135 0.0133 34.1117 "" "" 2206396172511089408 1055.40063 0.9184 0.0149 -0.716 0.275 0.018 0.016 1.01 5571.1 3.5204 14.262787 1.922387 15.219178 13.296791 -38.65 2.04 1038.76294 1071.68225 37139.16676 12.833 11162.0 17.066 38058.0 29.866 "" "" 0.0027807439482381035 0.003246648 0.0038742332 0.007120881 337.82975593777 64.88694568871 1055.40063 -0.716 0.2749999999999999
336.13133307617 65.9201668242 0.0131 0.0125 55.6162 "" "" 2206726163437965440 789.420776 1.2385 0.0142 -10.361 -12.04 0.017 0.015 1.061 5550.3 3.9958 14.263433 1.805967 15.143136 13.337169 -27.79 3.41 780.972168 797.229431 37117.09016 8.0601 11972.0 13.686 36668.0 18.414 "" "" 0.0027653892079904747 0.0030537797 0.003818509 0.006872289 336.13133307617 65.9201668242 789.420776 -10.360999999999997 -12.039999999999996
336.42606842162 65.83015711948 0.019 0.0179 49.4299 "" "" 2206722143348703104 1003.72827 0.9712 0.0201 -0.935 -2.878 0.024 0.022 1.523 6867.1 3.8656 14.268644 1.479991 14.942386 13.462395 -47.54 4.85 984.460266 1022.41412 36939.33769 7.6383 14403.0 18.159 32674.0 17.797 "" "" 0.002764451711940058 0.0031078712 0.0038253707 0.006933242 336.42606842162 65.83015711948 1003.72827 -0.9350000000000002 -2.8780000000000006
336.10617405786 65.26571104502 0.0138 0.0134 18.6616 "" "" 2206642428755445504 928.793579 1.0488 0.0151 -3.907 -2.426 0.019 0.017 1.057 "" "" 14.269486 1.401271 14.884023 13.482752 -10.6 8.49 915.767334 942.88916 36910.68464 8.4186 15199.0 27.369 32067.0 68.071 "" "" 0.0027664259467228337 0.003406971 0.0044267033 0.007833675 336.10617405786 65.26571104502 928.793579 -3.9070000000000005 -2.4259999999999997
337.55006018557 64.75346782807 0.0212 0.021 30.3877 "" "" 2206371055538720000 999.395996 0.9745 0.0233 0.03 6.723 0.03 0.029 1.238 "" "" 14.272313 1.905591 14.950003 13.044412 -28.61 4.47 973.849976 1026.51294 36814.70438 18.905 14303.0 875.77 48017.0 3409.1 "" "" 0.00281116443445861 0.06653795 0.07717745 0.1437154 337.55006018557 64.75346782807 999.395996 0.03000000000000025 6.723
334.30211096647 64.76816550885 0.0134 0.0142 58.2035 "" "" 2206555876575915648 893.279907 1.0925 0.0155 -2.22 -0.467 0.018 0.017 1.023 7726.3 4.0718 14.277884 1.401433 14.904333 13.5029 "" "" 881.360107 903.550232 36626.33053 8.375 14917.0 18.1 31477.0 20.299 "" "" 0.002766482419245091 0.0030855504 0.0038436924 0.006929243 334.30211096647 64.76816550885 893.279907 -2.2199999999999998 -0.46699999999999997
335.52896454668 64.53523640801 0.0134 0.0135 37.9604 "" "" 2206325872486525056 902.019775 1.0844 0.0151 3.336 3.554 0.017 0.016 1.016 7198.0 4.2514 14.280499 1.270298 14.832679 13.562381 "" "" 890.477234 913.048096 36538.20958 6.8468 15935.0 18.545 29799.0 18.061 "" "" 0.0027628214996544102 0.0030629488 0.0038362439 0.006899193 335.52896454668 64.53523640801 902.019775 3.3360000000000003 3.5540000000000007
334.91336368278 65.59182921273 0.0213 0.03 53.3646 "" "" 2218631125584995584 826.315796 1.1817 0.0266 -1.061 -5.224 0.027 0.036 1.069 "" "" 14.282547 "" "" "" -88.71 6.67 811.134399 843.064087 36469.3547 22.898 "" "" "" "" "" "" 0.0028383983752989766 "" "" "" 334.91336368278 65.59182921273 826.315796 -1.0609999999999995 -5.224000000000001
336.28404110753 64.71131411118 0.0134 0.0127 18.7244 "" "" 2206323776542982784 854.969971 1.1465 0.0146 -3.429 -4.421 0.017 0.017 1.011 5283.1 3.8669 14.297299 1.449148 14.960168 13.51102 -32.01 3.07 844.452759 870.577942 35977.16556 8.153 14169.0 21.754 31243.0 20.846 "" "" 0.002766284081189469 0.0032501987 0.0038481841 0.007098383 336.28404110753 64.71131411118 854.969971 -3.4289999999999994 -4.421000000000001
