Clusters/UPK_194/UPK_194_members.tsv
# %ECSV 1.0
# ---
# datatype:
# - name: RA_ICRS_1
#   unit: deg
#   datatype: float64
#   format: '{:15.11f}'
#   description: Right ascension (ICRS) at Ep=2016.0 (ra)
#   meta: !!omap
#   - {ucd: POS_EQ_RA_MAIN}
#   - {width: 15}
#   - {precision: '11'}
# - name: DE_ICRS_1
#   unit: deg
#   datatype: float64
#   format: '{:15.11f}'
#   description: Declination (ICRS) at Ep=2016.0 (dec)
#   meta: !!omap
#   - {ucd: POS_EQ_DEC_MAIN}
#   - {width: 15}
#   - {precision: '11'}
# - name: e_RA_ICRS
#   unit: mas
#   datatype: float64
#   format: '{:7.4f}'
#   description: Standard error of right ascension (ra_error)
#   meta: !!omap
#   - {ucd: ERROR}
#   - {width: 7}
#   - {precision: '4'}
# - name: e_DE_ICRS
#   unit: mas
#   datatype: float64
#   format: '{:7.4f}'
#   description: Standard error of declination (dec_error)
#   meta: !!omap
#   - {ucd: ERROR}
#   - {width: 7}
#   - {precision: '4'}
# - name: _r_1
#   unit: ''
#   datatype: float64
#   format: '{:7.4f}'
#   description: Distance from center (336.51751508000+65.00720452000)[ICRS], at Epoch=J2016.0
#   meta: !!omap
#   - {ucd: POS_ANG_DIST_GENERAL}
#   - {width: 7}
#   - {precision: '4'}
# - name: HIP
#   datatype: int32
#   description: '? HIP cross-id number, van Leeuwen, Cat. I/311 (hip_original_ext_source_id)'
#   meta: !!omap
#   - {ucd: ID_NUMBER}
#   - {width: 6}
#   - values: {'null': -2147483648}
# - name: TYC2
#   datatype: string
#   description: Tycho-2 cross-id name, Hog et al., Cat. I/259 (tyc2_original_ext_source_id)
#   meta: !!omap
#   - {ucd: ID_CROSSID}
#   - {_votable_string_dtype: char}
# - name: Source
#   datatype: int64
#   description: Source identifier, identical to the Gaia-EDR3 source_id (id)
#   meta: !!omap
#   - {ucd: ID_MAIN}
#   - {width: 19}
# - name: rgeo
#   unit: pc
#   datatype: float64
#   format: '{:15.8f}'
#   description: '? Median of the geometric distance posterior (r_med_geo)'
#   meta: !!omap
#   - {ucd: PHYS_DISTANCE_TRUE}
#   - {width: 15}
#   - {precision: '8'}
#   - values: {'null': .nan}
# - name: Plx
#   unit: mas
#   datatype: float64
#   format: '{:9.4f}'
#   description: '? Parallax (parallax)'
#   meta: !!omap
#   - {ucd: POS_PARLX_TRIG}
#   - {width: 9}
#   - {precision: '4'}
#   - values: {'null': .nan}
# - name: e_Plx
#   unit: mas
#   datatype: float32
#   format: '{:7.4f}'
#   description: '? Standard error of parallax (parallax_error)'
#   meta: !!omap
#   - {ucd: ERROR}
#   - {width: 7}
#   - {precision: '4'}
#   - values: {'null': .nan}
# - name: pmRA
#   unit: mas / yr
#   datatype: float64
#   format: '{:9.3f}'
#   description: '? Proper motion in right ascension direction, pmRA*cosDE (pmra)'
#   meta: !!omap
#   - {ucd: POS_EQ_PMRA}
#   - {width: 9}
#   - {precision: '3'}
#   - values: {'null': .nan}
# - name: pmDE
#   unit: mas / yr
#   datatype: float64
#   format: '{:9.3f}'
#   description: '? Proper motion in declination direction (pmdec)'
#   meta: !!omap
#   - {ucd: POS_EQ_PMDEC}
#   - {width: 9}
#   - {precision: '3'}
#   - values: {'null': .nan}
# - name: e_pmRA
#   unit: mas / yr
#   datatype: float32
#   format: '{:6.3f}'
#   description: '? Standard error of proper motion in right ascension direction (pmra_error)'
#   meta: !!omap
#   - {ucd: ERROR}
#   - {width: 6}
#   - {precision: '3'}
#   - values: {'null': .nan}
# - name: e_pmDE
[...]
#       distance: !astropy.table.SerializedColumn
#         __class__: astropy.coordinates.distances.Distance
#         unit: !astropy.units.Unit {unit: pc}
#         value: !astropy.table.SerializedColumn {name: SkyCoord.distance}
#       frame: icrs
#       obstime: !astropy.time.Time {format: jyear_str, in_subfmt: '*', jd1: 367701545.0, jd2: 0.0, out_subfmt: '*', precision: 3, scale: tt}
#       pm_dec: !astropy.table.SerializedColumn
#         __class__: astropy.units.quantity.Quantity
#         unit: !astropy.units.Unit {unit: mas / yr}
#         value: !astropy.table.SerializedColumn {name: SkyCoord.pm_dec}
#       pm_ra_cosdec: !astropy.table.SerializedColumn
#         __class__: astropy.units.quantity.Quantity
#         unit: !astropy.units.Unit {unit: mas / yr}
#         value: !astropy.table.SerializedColumn {name: SkyCoord.pm_ra_cosdec}
#       ra: !astropy.table.SerializedColumn
#         __class__: astropy.coordinates.angles.Longitude
#         unit: *id001
#         value: !astropy.table.SerializedColumn {name: SkyCoord.ra}
#         wrap_angle: !astropy.coordinates.Angle
#           unit: *id001
#           value: 360.0
#       representation_type: spherical
# schema: astropy-2.0
RA_ICRS_1 DE_ICRS_1 e_RA_ICRS e_DE_ICRS _r_1 HIP TYC2 Source rgeo Plx e_Plx pmRA pmDE e_pmRA e_pmDE RUWE Teff logg Gmag BP-RP BPmag RPmag RV e_RV b_rgeo B_rgeo FG e_FG FBP e_FBP FRP e_FRP RAVE5 RAVE6 e_Gmag e_BPmag e_RPmag e_BP-RP SkyCoord.ra SkyCoord.dec SkyCoord.distance SkyCoord.pm_ra_cosdec SkyCoord.pm_dec rmRA rmDE e_rmRA e_rmDE rRV e_rRV v_pec v_pec3d e_vpec e_vpec3d Pmemb
[from data line 30]
336.06983868188 64.85902755673 0.011 0.0114 14.4413 "" "" 2206340681534232576 920.537903 1.0587 0.0122 -0.639 -3.415 0.014 0.014 0.989 8848.9 4.2268 13.883757 1.23361 14.416367 13.182756 "" "" 909.73291 931.255676 52655.54275 10.384 23381.0 29.187 42272.0 22.728 "" "" 0.0027636269959573486 0.0031019375 0.0038241993 0.006926137 336.06983868188 64.85902755673 920.537903 -0.6389999999999993 -3.415 0.006568192005157458 -0.25032953262329105 0.18609193 0.18609193 "" "" 1.0926512006413933 "" 0.20333357038813218 "" 1.0
336.74591440837 65.12113490865 0.012 0.0122 8.9504 "" "" 2206443966906894976 889.26001 1.095 0.0136 -0.726 -2.913 0.016 0.016 1.041 5331.7 3.6728 14.10476 1.587657 14.842648 13.254991 "" "" 877.520691 900.633179 42957.86681 63.417 15789.0 85.881 39551.0 165.05 "" "" 0.0031876089862424334 0.0065315845 0.005900219 0.012431804 336.74591440837 65.12113490865 889.26001 -0.7259999999999991 -2.913 -0.08043180799484251 0.2516704673767092 0.18809193 0.18809193 "" "" 1.1136725730948691 "" 0.20947282781243215 "" 0.9
337.27266617661 65.24495374959 0.018 0.0174 23.8052 "" "" 2206469152595168896 831.118652 1.1695 0.0196 -1.076 -2.478 0.022 0.021 1.783 6460.8 3.5548 14.123267 2.041329 15.176916 13.135587 19.85 3.81 816.508057 843.406067 42231.83432 1062.9 11605.0 891.21 44149.0 2998.4 "" "" 0.027464603191560553 0.083426155 0.07383507 0.15726122 337.27266617661 65.24495374959 831.118652 -1.076 -2.4780000000000024 -0.4304318079948426 0.6866704673767088 0.19409193 0.19309193 33.206538461538464 5.7500925 3.1926692758819932 33.359666270854596 0.6173809541964191 5.724003352225543 0.9
336.37830887115 65.02764688077 0.0153 0.016 3.7347 "" "" 2206623771417605888 917.235168 1.0609 0.0169 -0.712 -3.323 0.022 0.02 1.081 7216.8 4.0672 14.413545 1.720176 15.236223 13.516048 -6.38 8.56 903.634766 933.476685 32324.28614 10.731 10988.0 17.701 31098.0 26.4 "" "" 0.0027787961295006906 0.0032930595 0.003890152 0.007183212 336.37830887115 65.02764688077 917.235168 -0.712 -3.323 -0.0664318079948425 -0.15832953262329097 0.19409193 0.19209193 6.976538461538463 10.500093 0.7465059656580452 7.016363735018911 0.1436222521852068 10.440505523980008 1.0
337.6635325789 64.81479502056 0.0162 0.0147 31.3583 "" "" 2206394763761820160 965.40509 1.0049 0.0178 -0.381 -2.837 0.021 0.019 1.107 "" "" 14.489621 1.777794 15.338086 13.560292 57.16 7.19 951.2323 981.033997 30136.88662 9.229 10004.0 20.591 29857.0 23.507 "" "" 0.0027753089932415196 0.0035747916 0.003874848 0.0074496395 337.6635325789 64.81479502056 965.40509 -0.3810000000000002 -2.836999999999999 0.26456819200515747 0.3276704673767088 0.19309193 0.19109192 70.51653846153846 9.130093 1.927174256930476 70.54286779834095 0.36979334854125157 9.126690507118486 1.0
336.83116362788 65.12803447487 0.0316 0.033 10.7468 "" "" 2206443279712146048 914.815918 1.0611 0.0362 -0.605 -3.255 0.043 0.044 2.464 6549.0 4.0709 14.496538 1.33485 15.084241 13.749391 -10.47 7.96 883.427551 951.060913 29945.48248 7.2399 12639.0 21.076 25084.0 15.853 "" "" 0.0027677959584567623 0.0033261054 0.003841168 0.007167273 336.83116362788 65.12803447487 914.815918 -0.605 -3.255000000000001 0.04056819200515749 -0.09032953262329091 0.21509193 0.21609193 2.8865384615384624 9.900093 0.4293785467954502 2.9182992009711763 0.09271330788843235 9.79235685041591 1.0
334.68136194115 65.31972265617 0.0143 0.0135 49.9269 "" "" 2206610714718162560 1001.66949 0.9686 0.0154 -1.062 -3.089 0.018 0.017 1.012 7195.9 4.2756 14.594614 1.280241 15.153273 13.873032 1.32 9.0 987.923523 1018.26752 27359.06578 5.3039 11861.0 16.534 22384.0 18.737 "" "" 0.0027633481075815614 0.0031742267 0.0038871216 0.0070613483 334.68136194115 65.31972265617 1001.66949 -1.0619999999999998 -3.0889999999999995 -0.4164318079948426 0.07567046737670902 0.19009194 0.18909194 14.676538461538463 10.940092 2.0095594311568825 14.813477320344788 0.381936976899899 10.839083442153324 0.8
337.12660715591 64.97629108534 0.0153 0.0144 15.5605 "" "" 2206426168562560128 977.572754 0.994 0.0164 -0.285 -3.105 0.021 0.018 0.992 "" "" 14.675428 1.75937 15.522076 13.762706 -34.83 4.0 962.133118 994.692932 25396.57802 6.3413 8444.7 10.752 24779.0 15.763 "" "" 0.002768624911158315 0.0031138463 0.003841975 0.006955821 337.12660715591 64.97629108534 977.572754 -0.2849999999999996 -3.1050000000000013 0.3605681920051575 0.059670467376709 0.19309193 0.19009194 -21.473461538461535 5.9400926 1.693487012415619 21.540135763383834 0.32686426927076034 5.921761667590839 0.8
337.24406057606 65.02288387536 0.0184 0.0165 18.4366 "" "" 2206427817830001152 918.108032 1.0572 0.0193 -0.368 -2.802 0.024 0.021 1.09 5146.6 3.6718 14.932229 1.882556 15.849893 13.967337 "" "" 904.778137 933.536316 20047.25726 27.567 6244.0 35.111 20522.0 85.271 "" "" 0.0031338201127510614 0.006712624 0.005885232 0.012597855 337.24406057606 65.02288387536 918.108032 -0.368 -2.8020000000000005 0.2775681920051575 0.36267046737670894 0.19609194 0.19309193 "" "" 1.9874773196625937 "" 0.38597899461844776 "" 1.0
337.3418507941 65.21218897223 0.0169 0.0162 24.1784 "" "" 2206465888420054528 932.409546 1.0515 0.0184 -0.602 -2.828 0.022 0.02 1.026 5340.5 3.6731 15.020399 1.928488 15.980426 14.051938 4.02 10.19 913.081421 950.12854 18483.62309 15.979 5536.6 18.942 18984.0 41.865 "" "" 0.002910804819095019 0.004645748 0.004473996 0.0091197435 337.3418507941 65.21218897223 932.409546 -0.6020000000000006 -2.8280000000000003 0.04356819200515749 0.33667046737670914 0.19409193 0.19209193 17.376538461538463 12.130093 1.500363390977712 17.44119202377841 0.2882573725371607 12.085152459045965 1.0
336.69078855949 64.97300675747 0.019 0.0185 4.8507 "" "" 2206433487186408320 964.511719 1.0111 0.0204 -0.629 -3.238 0.026 0.025 1.023 7111.6 4.2892 15.024068 1.555204 15.72516 14.169955 -18.46 8.03 946.677185 986.227051 18421.26738 5.7355 7004.1 21.256 17028.0 20.641 "" "" 0.0027759799430411595 0.0043176357 0.004001983 0.008319618 336.69078855949 64.97300675747 964.511719 -0.6289999999999999 -3.238 0.016568192005157467 -0.073329532623291 0.19809192 0.19709194 -5.103461538461538 9.970093 0.34369750106629904 5.115021764058822 0.06775673974551066 9.947560866872381 1.0
336.44587233439 64.91351852483 0.0178 0.0197 5.9083 "" "" 2206431597400784384 889.118164 1.0938 0.021 -0.701 -3.278 0.023 0.024 1.007 6855.5 4.372 15.077189 1.42396 15.718215 14.294255 "" "" 873.094604 903.675415 17541.68764 5.2605 7049.1 11.641 15186.0 12.406 "" "" 0.002774491411257966 0.0033166106 0.0038820687 0.0071986793 336.44587233439 64.91351852483 889.118164 -0.7010000000000005 -3.2779999999999987 -0.055431807994842486 -0.11332953262329104 0.19509193 0.19609194 "" "" 0.531689948400833 "" 0.10415767761538752 "" 1.0
337.76143368374 65.04274208925 0.0212 0.0197 31.5842 "" "" 2206402425983410048 844.971741 1.1571 0.0221 -0.663 -3.061 0.029 0.025 1.169 5440.1 3.8289 15.085786 1.734538 15.912796 14.178258 "" "" 831.465332 861.440613 17403.33496 38.438 5892.5 43.435 16899.0 103.52 "" "" 0.003652709069129802 0.008475643 0.0076498133 0.016125455 337.76143368374 65.04274208925 844.971741 -0.6630000000000001 -3.0610000000000004 -0.017431807994842563 0.10367046737670904 0.20109193 0.19709194 "" "" 0.42104628367891284 "" 0.08303159230527975 "" 0.9
336.20396193071 64.94108047438 0.0194 0.0206 8.8926 "" "" 2206435342612223616 910.71521 1.0734 0.0216 -0.693 -3.443 0.025 0.025 0.928 5940.5 4.0331 15.159319 1.590243 15.899723 14.30948 -16.51 5.43 894.679932 930.903931 16263.69701 4.5023 5963.9 8.5096 14975.0 10.517 "" "" 0.002771665409935298 0.0031913978 0.0038555362 0.007046934 336.20396193071 64.94108047438 910.71521 -0.693000000000001 -3.4430000000000005 -0.04743180799484248 -0.2783295326232911 0.19709194 0.19709194 -3.1534615384615385 7.3700924 1.2188119149215288 3.380801999305919 0.24021800122993783 6.875039403410079 1.0
336.33549368151 64.91879541632 0.0187 0.0198 7.0356 "" "" 2206434414899312768 931.796509 1.0523 0.0207 -0.539 -3.442 0.024 0.024 0.948 6847.1 4.3607 15.18217 1.497627 15.8685 14.370873 "" "" 914.565979 952.003418 15924.97819 5.0319 6137.9 10.481 14152.0 14.987 "" "" 0.0027765956767498577 0.0033499738 0.003950413 0.0073003867 336.33549368151 64.91879541632 931.796509 -0.5389999999999999 -3.442 0.10656819200515744 -0.2773295326232912 0.19609194 0.19609194 "" "" 1.3122064524520611 "" 0.25731310243141753 "" 1.0
336.29782029615 64.99941244035 0.0205 0.0208 5.5897 "" "" 2206623633978651264 911.304504 1.0657 0.0218 -0.803 -3.383 0.027 0.025 0.963 6696.9 4.3495 15.196645 1.483172 15.87266 14.389487 "" "" 889.751282 929.828125 15714.06927 4.4008 6114.4 12.17 13911.0 15.976 "" "" 0.0027720471320135144 0.003529179 0.003979762 0.007508941 336.29782029615 64.99941244035 911.304504 -0.8030000000000004 -3.383 -0.15743180799484258 -0.21832953262329102 0.19909193 0.19709194 "" "" 1.1627028123862855 "" 0.229957472659254 "" 1.0
336.2978973825 64.92583859321 0.0199 0.0207 7.411 "" "" 2206434449259042944 913.271057 1.0684 0.0221 -0.247 -3.41 0.027 0.026 0.999 7188.3 4.338 15.208698 1.589744 15.949504 14.35976 "" "" 896.058044 931.475952 15540.59412 5.1936 5696.6 13.864 14297.0 17.691 "" "" 0.0027791092721690886 0.0038428218 0.0040110685 0.00785389 336.2978973825 64.92583859321 913.271057 -0.2469999999999999 -3.410000000000002 0.3985681920051575 -0.24532953262329116 0.19909193 0.19809192 "" "" 2.0260161698270935 "" 0.4028077867551726 "" 1.0
336.12497754744 64.89994197629 0.0206 0.023 11.8675 "" "" 2206341368728996736 927.375183 1.0514 0.0242 -0.677 -3.343 0.027 0.027 1.035 5769.6 3.9343 15.241963 1.709416 16.02749 14.318074 8.66 5.46 906.268555 948.496704 15071.66479 7.2519 5301.8 21.87 14857.0 49.413 "" "" 0.002804408295504834 0.0052767033 0.005227185 0.010503888 336.12497754744 64.89994197629 927.375183 -0.6769999999999998 -3.343 -0.031431807994842575 -0.178329532623291 0.19909193 0.19909193 22.016538461538463 7.4000926 0.7959768168617992 22.030922470958494 0.15847255769315485 7.395263291012616 1.0
334.95175899932 65.04220905095 0.0192 0.0183 39.7209 "" "" 2206588793205272832 996.774231 0.9722 0.0208 -0.917 -2.879 0.028 0.024 1.014 6899.2 4.3267 15.307505 1.489196 15.980299 14.491103 "" "" 976.120178 1017.20508 14188.77238 4.5615 5537.3 11.224 12668.0 12.32 "" "" 0.002777341362915612 0.003553649 0.003924114 0.007477763 334.95175899932 65.04220905095 996.774231 -0.9169999999999996 -2.8790000000000004 -0.27143180799484257 0.285670467376709 0.20009193 0.19609194 "" "" 1.8618165200165617 "" 0.3686393725438248 "" 0.9
337.41523019964 65.36834131319 0.0197 0.0188 31.3112 "" "" 2206470939301521152 931.504395 1.0503 0.0213 -0.678 -3.338 0.025 0.023 0.973 5903.2 4.3122 15.33132 1.355425 15.931437 14.576013 "" "" 912.313843 951.186218 13880.93453 9.6886 5792.2 18.09 11715.0 27.361 "" "" 0.002857635740752358 0.004391296 0.004551261 0.0089425575 337.41523019964 65.36834131319 931.504395 -0.6780000000000003 -3.3380000000000036 -0.032431807994842576 -0.1733295326232911 0.19709194 0.19509193 "" "" 0.7785888406146371 "" 0.15194933612746686 "" 1.0
336.31568528667 64.83100028917 0.0212 0.0208 11.7526 "" "" 2206430738407335680 949.42804 1.0255 0.0227 -0.769 -2.678 0.027 0.026 0.979 7354.8 4.3106 15.349356 1.601425 16.09739 14.495964 "" "" 928.171143 972.972839 13652.26262 4.4417 4971.2 8.8874 12612.0 14.429 "" "" 0.0027778710054695887 0.0033989323 0.003978276 0.007377208 336.31568528667 64.83100028917 949.42804 -0.7690000000000006 -2.6779999999999986 -0.12343180799484255 0.48667046737670905 0.19909193 0.19809192 "" "" 2.259501598774334 "" 0.44772590307333304 "" 0.9
336.12523668069 64.8969065183 0.0222 0.0229 11.9622 "" "" 2206341368729135360 910.804688 1.0713 0.0248 -0.601 -3.371 0.03 0.028 0.986 5385.2 4.2184 15.488342 1.570312 16.207142 14.636829 "" "" 885.546387 930.597412 12011.84783 4.692 4493.2 25.976 11077.0 24.498 "" "" 0.002787768588207819 0.0068690414 0.004477679 0.01134672 336.12523668069 64.8969065183 910.804688 -0.6010000000000002 -3.3709999999999996 0.04456819200515749 -0.206329532623291 0.20209193 0.20009193 "" "" 0.9113126884469113 "" 0.18242795034980494 "" 1.0
337.29123925016 64.8365879468 0.0263 0.0243 22.1802 "" "" 2206375758528071936 892.363586 1.0854 0.0276 -0.638 -2.805 0.032 0.03 1.138 9333.8 3.83 15.489232 2.821853 17.08597 14.264117 -11.95 7.97 870.035156 921.47467 12002.00701 6.3468 2000.0 9.9826 15614.0 15.459 "" "" 0.002814504827499626 0.0060953386 0.0039292825 0.010024621 337.29123925016 64.8365879468 892.363586 -0.6380000000000001 -2.804999999999999 0.007568192005157459 0.3596704673767088 0.20409194 0.20209193 1.4065384615384637 9.910092 1.521672125812615 2.0721574511272234 0.3075190137865482 6.73055924543027 0.9
336.05710944335 64.80881845779 0.0221 0.0222 16.7008 "" "" 2206339719461563392 926.461792 1.0561 0.0239 -0.596 -3.349 0.028 0.027 1.03 5881.1 4.3139 15.499547 1.471137 16.166468 14.695331 "" "" 910.114258 948.523132 11888.5232 4.504 4664.8 15.43 10496.0 17.038 "" "" 0.0027858544832436933 0.004547836 0.0041701305 0.008717966 336.05710944335 64.80881845779 926.461792 -0.5959999999999999 -3.3489999999999998 0.049568192005157496 -0.18432953262329121 0.20009193 0.19909193 "" "" 0.8382268351270148 "" 0.16694085471931866 "" 1.0
337.67391551314 65.47645219433 0.0225 0.0202 40.459 "" "" 2206473241403984768 925.625732 1.0538 0.0236 -0.625 -3.28 0.028 0.025 0.979 6714.9 4.3747 15.513271 1.600206 16.261175 14.660969 "" "" 905.840515 945.546021 11739.19158 4.9381 4275.1 10.683 10834.0 13.708 "" "" 0.00279291580091157 0.0038918045 0.00402131 0.0079131145 337.67391551314 65.47645219433 925.625732 -0.6249999999999994 -3.2800000000000002 0.02056819200515747 -0.11532953262329082 0.20009193 0.19709194 "" "" 0.513988438417884 "" 0.10135085942226672 "" 1.0
336.79005527144 65.12910908605 0.0287 0.0335 10.0506 "" "" 2206444001266638592 826.476318 1.1916 0.035 -0.535 -3.314 0.038 0.039 1.358 7152.8 4.2922 15.546841 1.925039 16.48882 14.56378 "" "" 798.404541 851.122437 11381.78686 12.924 3466.5 27.728 11848.0 50.399 "" "" 0.003018561317941871 0.00912184 0.005967771 0.015089611 336.79005527144 65.12910908605 826.476318 -0.5350000000000004 -3.313999999999999 0.11056819200515744 -0.14932953262329107 0.21009193 0.21109194 "" "" 0.7279026484280382 "" 0.1533970199531437 "" 1.0
335.9460318398 65.07513470017 0.0224 0.0241 15.0319 "" "" 2206534676617975808 1010.2478 0.9727 0.0258 -0.686 -3.425 0.03 0.027 0.972 5281.5 4.3121 15.623869 1.464085 16.291538 14.827454 "" "" 982.168213 1038.28943 10602.27865 5.2983 4157.2 11.87 9293.4 15.624 "" "" 0.002808234239452577 0.004170803 0.00419709 0.008367892 335.9460318398 65.07513470017 1010.2478 -0.6859999999999995 -3.4249999999999994 -0.040431807994842583 -0.26032953262329084 0.20209193 0.19909193 "" "" 1.2615526443183627 "" 0.25125474214274746 "" 0.9
335.80962360085 64.38543644438 0.0228 0.0224 41.488 "" "" 2206309929568093184 920.020081 1.0566 0.0264 -0.597 -3.364 0.031 0.028 1.041 7428.9 4.3636 15.665041 1.590796 16.40466 14.813863 "" "" 897.034912 944.117126 10207.75395 4.4918 3745.9 10.077 9410.5 13.453 "" "" 0.0027964350444729803 0.00403931 0.0040856902 0.008125 335.80962360085 64.38543644438 920.020081 -0.597 -3.3640000000000017 0.048568192005157496 -0.1993295326232909 0.20309193 0.20009193 "" "" 0.8946866363684906 "" 0.17917105805581726 "" 1.0
337.17913830051 65.29155315096 0.0244 0.0224 23.8618 "" "" 2206446848827382400 874.477051 1.1147 0.0265 -0.62 -3.53 0.032 0.028 0.996 5729.9 4.4937 15.679447 1.449022 16.336483 14.887461 "" "" 857.484436 895.869568 10073.20898 4.6149 3988.6 13.988 8793.7 11.491 "" "" 0.0027998590944981008 0.0047205305 0.004036907 0.008757438 337.17913830051 65.29155315096 874.477051 -0.6199999999999994 -3.529999999999999 0.025568192005157475 -0.3653295326232908 0.20409194 0.20009193 "" "" 1.5180027527121938 "" 0.30376998883221257 "" 1.0
