Clusters/UPK_194/UPK_194_stars_in_region.tsv
# %ECSV 1.0
# ---
# datatype:
# - name: RA_ICRS_1
#   unit: deg
#   datatype: float64
#   format: '{:15.11f}'
#   description: Right ascension (ICRS) at Ep=2016.0 (ra)
#   meta: !!omap
#   - {ucd: POS_EQ_RA_MAIN}
#   - {width: 15}
#   - {precision: '11'}
# - name: DE_ICRS_1
#   unit: deg
#   datatype: float64
#   format: '{:15.11f}'
#   description: Declination (ICRS) at Ep=2016.0 (dec)
#   meta: !!omap
#   - {ucd: POS_EQ_DEC_MAIN}
#   - {width: 15}
#   - {precision: '11'}
# - name: e_RA_ICRS
#   unit: mas
#   datatype: float64
#   format: '{:7.4f}'
#   description: Standard error of right ascension (ra_error)
#   meta: !!omap
#   - {ucd: ERROR}
#   - {width: 7}
#   - {precision: '4'}
# - name: e_DE_ICRS
#   unit: mas
#   datatype: float64
#   format: '{:7.4f}'
#   description: Standard error of declination (dec_error)
#   meta: !!omap
#   - {ucd: ERROR}
#   - {width: 7}
#   - {precision: '4'}
# - name: _r_1
#   unit: ''
#   datatype: float64
#   format: '{:7.4f}'
#   description: Distance from center (336.51751508000+65.00720452000)[ICRS], at Epoch=J2016.0
#   meta: !!omap
#   - {ucd: POS_ANG_DIST_GENERAL}
#   - {width: 7}
#   - {precision: '4'}
# - name: HIP
#   datatype: int32
#   description: '? HIP cross-id number, van Leeuwen, Cat. I/311 (hip_original_ext_source_id)'
#   meta: !!omap
#   - {ucd: ID_NUMBER}
#   - {width: 6}
#   - values: {'null': -2147483648}
# - name: TYC2
#   datatype: string
#   description: Tycho-2 cross-id name, Hog et al., Cat. I/259 (tyc2_original_ext_source_id)
#   meta: !!omap
#   - {ucd: ID_CROSSID}
#   - {_votable_string_dtype: char}
# - name: Source
#   datatype: int64
#   description: Source identifier, identical to the Gaia-EDR3 source_id (id)
#   meta: !!omap
#   - {ucd: ID_MAIN}
#   - {width: 19}
# - name: rgeo
#   unit: pc
#   datatype: float64
#   format: '{:15.8f}'
#   description: '? Median of the geometric distance posterior (r_med_geo)'
#   meta: !!omap
#   - {ucd: PHYS_DISTANCE_TRUE}
#   - {width: 15}
#   - {precision: '8'}
#   - values: {'null': .nan}
# - name: Plx
#   unit: mas
#   datatype: float64
#   format: '{:9.4f}'
#   description: '? Parallax (parallax)'
#   meta: !!omap
#   - {ucd: POS_PARLX_TRIG}
#   - {width: 9}
#   - {precision: '4'}
#   - values: {'null': .nan}
# - name: e_Plx
#   unit: mas
#   datatype: float32
#   format: '{:7.4f}'
#   description: '? Standard error of parallax (parallax_error)'
#   meta: !!omap
#   - {ucd: ERROR}
#   - {width: 7}
#   - {precision: '4'}
#   - values: {'null': .nan}
# - name: pmRA
#   unit: mas / yr
#   datatype: float64
#   format: '{:9.3f}'
#   description: '? Proper motion in right ascension direction, pmRA*cosDE (pmra)'
#   meta: !!omap
#   - {ucd: POS_EQ_PMRA}
#   - {width: 9}
#   - {precision: '3'}
#   - values: {'null': .nan}
# - name: pmDE
#   unit: mas / yr
#   datatype: float64
#   format: '{:9.3f}'
#   description: '? Proper motion in declination direction (pmdec)'
#   meta: !!omap
#   - {ucd: POS_EQ_PMDEC}
#   - {width: 9}
#   - {precision: '3'}
#   - values: {'null': .nan}
# - name: e_pmRA
#   unit: mas / yr
#   datatype: float32
#   format: '{:6.3f}'
#   description: '? Standard error of proper motion in right ascension direction (pmra_error)'
#   meta: !!omap
#   - {ucd: ERROR}
#   - {width: 6}
#   - {precision: '3'}
#   - values: {'null': .nan}
# - name: e_pmDE
[...]
#         value: !astropy.table.SerializedColumn {name: SkyCoord.dec}
#       distance: !astropy.table.SerializedColumn
#         __class__: astropy.coordinates.distances.Distance
#         unit: !astropy.units.Unit {unit: pc}
#         value: !astropy.table.SerializedColumn {name: SkyCoord.distance}
#       frame: icrs
#       obstime: !astropy.time.Time {format: jyear_str, in_subfmt: '*', jd1: 367701545.0, jd2: 0.0, out_subfmt: '*', precision: 3, scale: tt}
#       pm_dec: !astropy.table.SerializedColumn
#         __class__: astropy.units.quantity.Quantity
#         unit: !astropy.units.Unit {unit: mas / yr}
#         value: !astropy.table.SerializedColumn {name: SkyCoord.pm_dec}
#       pm_ra_cosdec: !astropy.table.SerializedColumn
#         __class__: astropy.units.quantity.Quantity
#         unit: !astropy.units.Unit {unit: mas / yr}
#         value: !astropy.table.SerializedColumn {name: SkyCoord.pm_ra_cosdec}
#       ra: !astropy.table.SerializedColumn
#         __class__: astropy.coordinates.angles.Longitude
#         unit: *id001
#         value: !astropy.table.SerializedColumn {name: SkyCoord.ra}
#         wrap_angle: !astropy.coordinates.Angle
#           unit: *id001
#           value: 360.0
#       representation_type: spherical
# schema: astropy-2.0
RA_ICRS_1 DE_ICRS_1 e_RA_ICRS e_DE_ICRS _r_1 HIP TYC2 Source rgeo Plx e_Plx pmRA pmDE e_pmRA e_pmDE RUWE Teff logg Gmag BP-RP BPmag RPmag RV e_RV b_rgeo B_rgeo FG e_FG FBP e_FBP FRP e_FRP RAVE5 RAVE6 e_Gmag e_BPmag e_RPmag e_BP-RP SkyCoord.ra SkyCoord.dec SkyCoord.distance SkyCoord.pm_ra_cosdec SkyCoord.pm_dec rmRA rmDE e_rmRA e_rmDE rRV e_rRV v_pec v_pec3d e_vpec e_vpec3d
[from data line 351]
334.49224377783 65.1691559371 0.0109 0.0103 52.0972 "" "" 2206583226927501056 1073.42651 0.9034 0.012 -2.267 -1.597 0.015 0.012 1.021 "" "" 13.782814 1.052532 14.219026 13.166493 "" "" 1060.15039 1086.30493 57785.80256 9.3312 28042.0 26.763 42910.0 22.967 "" "" 0.0027608925739601962 0.0029763721 0.0038237984 0.0068001705 334.49224377783 65.1691559371 1073.42651 -2.2669999999999995 -1.597 -1.6214318079948424 1.567670467376709 0.18709193 0.18409193 "" "" 11.475346538570635 "" 2.13038134187435 ""
335.76551266206 65.68993473635 0.0113 0.0114 45.0792 "" "" 2206716164754157184 800.710876 1.2189 0.0125 -4.181 -5.531 0.014 0.014 0.994 7158.0 4.1806 13.786581 1.235495 14.323078 13.087584 "" "" 792.205872 808.969299 57585.63971 10.5 25479.0 23.215 46145.0 20.484 "" "" 0.002762423126153516 0.002960352 0.003809989 0.0067703407 335.76551266206 65.68993473635 800.710876 -4.181000000000001 -5.531000000000001 -3.5354318079948426 -2.3663295326232907 0.18609193 0.18609193 "" "" 16.14651803440588 "" 3.00473669854103 ""
335.31450866405 65.21103509375 0.0679 0.0679 32.7487 "" "" 2206597898536422016 938.940063 1.0701 0.0755 -0.108 -1.845 0.088 0.08 7.297 6136.0 4.0492 13.787821 1.226925 14.306837 13.079912 0.35 3.22 855.00647 1024.26624 57519.93483 29.925 25863.0 18.746 46472.0 24.656 "" "" 0.0028126242401850057 0.002899027 0.0038230293 0.0067220563 335.31450866405 65.21103509375 938.940063 -0.10799999999999965 -1.844999999999999 0.5375681920051575 1.319670467376709 0.26009193 0.25209194 13.706538461538463 5.1600924 6.341890605354413 15.102608153822827 1.6060578985860987 4.731411042189581
336.31989097694 64.43795064205 0.0117 0.0118 34.5284 "" "" 2206270140991150720 870.557434 1.1195 0.0136 0.144 -1.049 0.015 0.015 1.184 6331.0 3.8455 13.79136 1.47047 14.46239 12.99192 -10.53 3.04 859.31958 881.420654 57332.77099 9.9448 22411.0 26.257 50395.0 22.629 "" "" 0.002761748948390086 0.003066462 0.0038106972 0.0068771592 336.31989097694 64.43795064205 870.557434 0.144 -1.049 0.7895681920051575 2.115670467376709 0.18709193 0.18709193 2.8265384615384637 4.9800925 9.31834302151222 9.73759910558664 1.7433867961445193 2.207485461355788
338.0780607656 65.48100039052 0.0118 0.0113 48.428 "" "" 2206476883536672640 785.350464 1.246 0.0129 5.084 -8.996 0.015 0.015 0.935 "" "" 13.793518 1.347921 14.393777 13.045856 -40.53 2.15 775.500854 796.795288 57218.89604 9.4649 23873.0 21.301 47953.0 25.995 "" "" 0.002761167280764011 0.0029535654 0.003824937 0.0067785024 338.0780607656 65.48100039052 785.350464 5.084 -8.995999999999999 5.729568192005157 -5.8313295326232915 0.18709193 0.18709193 -27.173461538461538 4.0900927 30.432331866598645 40.79857638228378 5.693643755078907 5.045585026216943
334.98895648688 64.63801501775 0.0106 0.0105 44.8649 "" "" 2206497980416988160 728.757263 1.3481 0.012 13.121 -0.16 0.013 0.014 0.987 5552.8 4.1234 13.797545 1.236758 14.336466 13.099708 -45.16 2.75 723.025879 736.312134 57007.06656 8.7507 25167.0 21.818 45633.0 22.562 "" "" 0.0027603561112451917 0.002944658 0.0038173152 0.0067619733 334.98895648688 64.63801501775 728.757263 13.121000000000002 -0.1599999999999986 13.766568192005158 3.004670467376709 0.18509193 0.18609193 -31.803461538461534 4.6900926 48.673468429282515 58.14264093386853 9.011285023203289 7.967987847162977
337.62276765399 65.58957880918 0.0112 0.0107 44.5965 "" "" 2206668439078418944 877.975342 1.1131 0.0126 -0.321 -8.342 0.015 0.013 1.028 "" "" 13.79874 1.428051 14.445737 13.017686 -62.1 2.66 868.748901 890.798462 56944.36049 9.6734 22757.0 17.856 49213.0 19.866 "" "" 0.0027614864010093183 0.0029173272 0.0038047102 0.0067220377 337.62276765399 65.58957880918 877.975342 -0.32099999999999884 -8.341999999999999 0.32456819200515746 -5.1773295326232915 0.18709193 0.18509193 -48.74346153846154 4.600093 21.58828785182547 53.310216798703365 3.9959877457184687 4.506580585227267
336.18358103553 64.0363407025 0.0193 0.0145 58.8858 "" "" 2206239801338443392 779.221436 1.2605 0.0204 -8.629 -12.517 0.026 0.017 1.416 "" "" 13.800732 "" "" "" -22.01 3.47 768.652649 791.055786 56839.97884 15.538 "" "" "" "" "" "" 0.0027712596958978006 "" "" "" 336.18358103553 64.0363407025 779.221436 -8.629 -12.517 -7.983431807994842 -9.35232953262329 0.19809192 0.18909194 -8.653461538461539 5.4100924 45.41684121336197 46.2338821904171 8.762582402338175 8.66708551486935
335.8916322856 65.72631262485 0.0114 0.0104 45.8973 "" "" 2206714824724368512 726.052124 1.3485 0.0119 6.502 2.503 0.014 0.013 1.051 6287.1 4.0909 13.801623 1.382029 14.420898 13.03887 -22.92 2.57 719.758789 732.322693 56793.3542 8.7587 23284.0 19.53 48263.0 27.541 "" "" 0.0027604033207752304 0.0029350296 0.0038298294 0.006764859 335.8916322856 65.72631262485 726.052124 6.501999999999998 2.503 7.147568192005157 5.667670467376709 0.18609193 0.18509193 -9.563461538461539 4.5100927 31.393119699050477 32.817491693250176 5.8299072262953695 5.729650929576731
335.57920445418 64.62020652855 0.011 0.0116 33.3637 "" "" 2206330923368022272 781.122742 1.2532 0.0122 3.682 -4.243 0.014 0.014 1.011 6685.7 4.044 13.80384 1.235352 14.32992 13.094568 2.56 4.8 775.559875 788.207642 56677.52587 11.43 25319.0 24.714 45849.0 93.115 "" "" 0.0027640064678245966 0.002984662 0.0043756 0.007360262 335.57920445418 64.62020652855 781.122742 3.6819999999999995 -4.242999999999999 4.327568192005158 -1.0783295326232913 0.18609193 0.18609193 15.916538461538464 6.7400928 16.512849163094707 22.934916264960524 3.072907965178443 5.174390719454824
336.15757314327 64.90116712273 0.0107 0.0115 11.1385 "" "" 2206341265649783424 917.166687 1.0598 0.012 -0.445 -2.97 0.014 0.014 1.048 8998.6 4.3026 13.804274 1.163698 14.301497 13.137798 "" "" 907.672852 928.885742 56654.87632 7.7115 25991.0 20.496 44059.0 22.759 "" "" 0.0027592805877953877 0.00291858 0.0038207688 0.006739349 336.15757314327 64.90116712273 917.166687 -0.44499999999999995 -2.9699999999999998 0.20056819200515746 0.1946704673767088 0.18609193 0.18609193 "" "" 1.2151205871114736 "" 0.22612413484235844 ""
336.83343721725 64.10446490771 0.0102 0.0104 54.773 "" "" 2205495844286935168 783.599304 1.2525 0.0116 -5.314 -9.587 0.013 0.013 1.009 "" "" 13.807054 1.068101 14.254083 13.185982 -9.31 4.33 776.316589 791.410217 56509.94247 8.8105 27151.0 17.869 42147.0 18.92 "" "" 0.00276051523793506 0.0028802159 0.0038106795 0.006690895 336.83343721725 64.10446490771 783.599304 -5.314000000000005 -9.587000000000003 -4.668431807994843 -6.422329532623291 0.18509193 0.18509193 4.0465384615384625 6.2700925 29.490521761628134 29.766849804669835 5.4584575201929715 5.474547929858966
338.20341237979 64.54027237806 0.0118 0.0116 51.4121 "" "" 2205623628156902016 862.783875 1.132 0.0129 2.0 -7.958 0.016 0.015 0.957 7095.2 4.051 13.807301 1.381782 14.424768 13.042987 2.53 4.66 856.07251 873.309509 56497.15338 11.049 23201.0 18.858 48080.0 23.153 "" "" 0.0027634897094618535 0.0029264055 0.003815375 0.006741781 338.20341237979 64.54027237806 862.783875 2.0 -7.958 2.6455681920051575 -4.793329532623291 0.18809193 0.18709193 15.886538461538462 6.6000924 22.390316897245228 27.45375010902893 4.194286380446131 5.1271743517497965
336.63029458912 65.14797172481 0.0118 0.0129 8.9144 "" "" 2206626073520072320 1084.10974 0.8974 0.0138 -0.934 -0.856 0.016 0.016 1.184 7250.5 3.8472 13.811872 1.399356 14.439578 13.040222 -13.48 3.43 1070.9425 1098.84229 56259.81639 8.8597 22887.0 20.563 48202.0 21.833 "" "" 0.002760620134345978 0.0029557783 0.0038112435 0.0067670215 336.63029458912 65.14797172481 1084.10974 -0.9340000000000008 -0.8560000000000002 -0.2884318079948426 2.308670467376709 0.18809193 0.18809193 -0.1234615384615374 5.3700924 11.955746786709927 11.95638423518599 2.248779532265798 2.2493432482004527
336.4318920313 64.50681215094 0.0105 0.0111 30.1034 "" "" 2206270759466431488 899.059021 1.0889 0.0121 -0.978 -3.388 0.014 0.014 0.984 9078.5 4.1753 13.814572 1.223091 14.342238 13.119147 "" "" 889.025452 909.650757 56120.01948 8.9894 25034.0 19.527 44823.0 27.055 "" "" 0.00276080347956165 0.002915867 0.0038357796 0.0067516463 336.4318920313 64.50681215094 899.059021 -0.9780000000000004 -3.388 -0.3324318079948425 -0.22332953262329092 0.18609193 0.18609193 "" "" 1.7066761100153118 "" 0.31759865064151876 ""
334.92531857976 64.52797620698 0.0108 0.0109 49.85 "" "" 2206492963895240064 928.132568 1.0543 0.012 2.238 -1.64 0.015 0.014 0.957 7227.8 3.979 13.816985 1.358767 14.421727 13.06296 -43.39 4.09 918.694275 938.241516 55995.46869 9.4479 23266.0 21.331 47204.0 30.285 "" "" 0.0027614034004711445 0.0029624219 0.0038430397 0.006805462 334.92531857976 64.52797620698 928.132568 2.238 -1.6400000000000001 2.8835681920051575 1.524670467376709 0.18709193 0.18609193 -30.033461538461538 6.0300927 14.349960626385048 33.28558519781573 2.6816331111830776 5.562399045604603
336.83036955103 65.1506482031 0.0105 0.0107 11.6891 "" "" 2206444478004606208 1073.09058 0.9035 0.0119 -2.211 -1.342 0.015 0.014 0.972 "" "" 13.819279 1.000362 14.2307 13.230338 "" "" 1058.80823 1090.92725 55877.28157 9.6011 27742.0 33.454 40460.0 20.699 "" "" 0.002761628626773886 0.0030820898 0.0038199811 0.0069020707 336.83036955103 65.1506482031 1073.09058 -2.2109999999999994 -1.3420000000000014 -1.5654318079948424 1.822670467376709 0.18709193 0.18609193 "" "" 12.220933559580224 "" 2.279413043843232 ""
336.68742052582 64.96235986307 0.0246 0.0227 5.0816 "" "" 2206433418466935552 1019.66132 0.951 0.0256 -3.524 -1.94 0.033 0.03 2.008 7972.3 3.9439 13.82163 1.210564 14.33798 13.127417 "" "" 996.211853 1044.66138 55756.36062 9.5251 25132.0 24.738 44483.0 21.942 "" "" 0.002761556192603585 0.002987842 0.003817139 0.0068049813 336.68742052582 64.96235986307 1019.66132 -3.524000000000001 -1.94 -2.8784318079948426 1.224670467376709 0.20509192 0.20209193 "" "" 15.118853576861788 "" 3.0938459345051967 ""
335.8161502493 64.99055789464 0.0107 0.011 17.8133 "" "" 2206533267868712576 892.589783 1.0962 0.0121 -4.826 -3.488 0.014 0.013 1.054 7536.3 4.1512 13.821687 1.227412 14.352816 13.125403 "" "" 882.902832 901.654724 55753.50421 10.436 24791.0 19.496 44565.0 27.783 "" "" 0.0027628050116710284 0.0029178911 0.0038395168 0.006757408 335.8161502493 64.99055789464 892.589783 -4.826 -3.488 -4.180431807994842 -0.323329532623291 0.18609193 0.18509193 "" "" 17.73970966384031 "" 3.301111596334787 ""
334.30940114626 65.12941318834 0.0211 0.0204 56.3245 "" "" 2206584223359895424 912.06665 1.0686 0.0233 5.467 -3.004 0.03 0.026 2.093 6333.8 4.0521 13.831014 1.293726 14.383606 13.08988 -9.05 2.86 892.876404 931.636047 55276.57179 16.519 24098.0 27.045 46048.0 31.699 "" "" 0.0027743587522052536 0.0030446383 0.003852577 0.0068972153 334.30940114626 65.12941318834 912.06665 5.467000000000004 -3.0040000000000013 6.112568192005157 0.16067046737670898 0.20209193 0.19809192 4.306538461538462 4.8000927 26.43495730056213 26.78345087928837 5.3422193161271165 5.32889786899698
336.10884332673 65.33053685921 0.0121 0.0121 21.9633 "" "" 2206645864729271936 921.629395 1.055 0.0136 -3.96 -2.341 0.017 0.015 1.184 "" "" 13.834657 1.296116 14.401831 13.105715 "" "" 911.872131 930.916626 55091.43871 9.1703 23697.0 26.413 45381.0 28.772 "" "" 0.0027612409807596305 0.0030413114 0.0038415592 0.0068828706 336.10884332673 65.33053685921 921.629395 -3.96 -2.3410000000000006 -3.3144318079948425 0.8236704673767088 0.18909194 0.18709193 "" "" 14.9195728878923 "" 2.8194439634633195 ""
337.06032463947 65.16113499384 0.0318 0.0325 16.5395 "" "" 2206445100778312448 937.615173 1.0491 0.0365 3.978 -2.091 0.044 0.041 3.077 7469.1 3.9333 13.83866 1.549199 14.554353 13.005154 -11.83 2.94 905.516846 968.799011 54888.67615 9.7317 20591.0 16.148 49785.0 31.194 "" "" 0.002762036489686137 0.0029171968 0.0038401207 0.0067573176 337.06032463947 65.16113499384 937.615173 3.977999999999998 -2.0910000000000006 4.623568192005157 1.0736704673767088 0.21609193 0.21309194 1.526538461538463 4.8800926 21.09526670861559 21.15042782503894 4.555300211852114 4.557052124877637
338.16933969457 65.09044436494 0.0116 0.0108 42.1049 "" "" 2206407820462370432 793.67157 1.231 0.0127 -7.261 -5.555 0.015 0.013 1.063 6963.5 4.2751 13.839138 1.099011 14.302067 13.203055 -19.64 7.03 786.228577 802.154724 54864.50492 9.5756 25977.0 20.456 41489.0 25.811 "" "" 0.0027618287304773123 0.0029182252 0.0038392663 0.0067574913 338.16933969457 65.09044436494 793.67157 -7.261 -5.5550000000000015 -6.615431807994843 -2.3903295326232907 0.18709193 0.18509193 -6.2834615384615375 8.970093 26.462053086566613 27.19783341484382 4.944753870135334 5.238336647016684
335.70983593354 65.85093183858 0.013 0.0137 54.4857 "" "" 2218729085200910720 898.280396 1.0865 0.0144 -4.504 -4.968 0.018 0.018 1.302 8234.7 4.1244 13.839298 1.272093 14.393405 13.121312 "" "" 887.205017 910.284729 54856.40664 10.065 23881.0 24.316 44734.0 18.487 "" "" 0.0027625122530405776 0.0030012012 0.0038059237 0.006807125 335.70983593354 65.85093183858 898.280396 -4.5040000000000004 -4.968000000000001 -3.858431807994842 -1.803329532623291 0.19009194 0.19009194 "" "" 18.134385372305605 "" 3.4472004558777547 ""
335.37234012793 65.47784405635 0.0157 0.0155 40.3148 "" "" 2206617586666429184 1072.90845 0.9021 0.0173 5.066 0.965 0.021 0.019 1.436 6604.1 3.7067 13.841623 1.651578 14.615669 12.964091 -26.96 4.51 1052.51416 1087.84167 54739.08251 13.661 19460.0 20.677 51704.0 21.15 "" "" 0.0027686115860250477 0.003019259 0.0038053882 0.006824647 335.37234012793 65.47784405635 1072.90845 5.066000000000001 0.965000000000001 5.711568192005157 4.129670467376709 0.19309193 0.19109192 -13.603461538461538 6.450093 35.84389070703392 38.33847501983087 6.896639037349972 6.842022249136814
336.05716271915 64.56824561051 0.0147 0.0142 28.846 "" "" 2206320512367459840 801.007935 1.2188 0.0165 5.894 -8.225 0.019 0.017 1.371 6013.7 3.992 13.846822 1.37667 14.458056 13.081386 32.89 5.41 792.14386 809.757324 54477.61292 12.086 22501.0 17.093 46409.0 32.085 "" "" 0.0027658288807392048 0.002909522 0.0038532023 0.0067627244 336.05716271915 64.56824561051 801.007935 5.894 -8.225 6.539568192005158 -5.060329532623291 0.19109192 0.18909194 46.246538461538464 7.3500924 31.394756531976725 55.896091610922596 5.975846002584373 6.945984941647676
338.58353052619 64.55432896401 0.0135 0.0129 59.3935 "" "" 2205617168526149504 930.595947 1.0438 0.0154 0.818 -1.574 0.018 0.016 1.174 7010.4 3.9735 13.852809 1.33288 14.440124 13.107244 -2.66 4.5 918.280823 943.24939 54178.03158 9.1492 22875.0 24.392 45317.0 23.452 "" "" 0.0027614139744082953 0.003020829 0.0038209208 0.00684175 338.58353052619 64.55432896401 930.595947 0.818 -1.5739999999999996 1.4635681920051575 1.590670467376709 0.19009194 0.18809193 10.696538461538463 6.4400926 9.53461592626741 14.329160335504792 1.802151834054985 4.95474744618084
335.27570159554 64.91958035372 0.0109 0.0107 31.9667 "" "" 2206538456188694656 859.230774 1.1343 0.0121 0.919 -4.427 0.014 0.013 0.937 6621.3 4.0242 13.855739 1.354114 14.457534 13.10342 -19.38 6.53 849.104797 869.39502 54032.01062 9.8458 22511.0 20.97 45477.0 20.465 "" "" 0.0027624141415405704 0.0029678277 0.0038108327 0.00677866 335.27570159554 64.91958035372 859.230774 0.9189999999999999 -4.426999999999999 1.5645681920051575 -1.2623295326232906 0.18609193 0.18509193 -6.023461538461536 8.470093 8.187501051410836 10.164509942549072 1.5204048538825337 5.166601466227861
335.52493448674 64.23451174753 0.0118 0.0115 52.9225 "" "" 2206283300770877312 1020.00403 0.9527 0.0135 -6.499 -3.141 0.017 0.015 1.055 "" "" 13.86092 1.258925 14.401232 13.142306 "" "" 1007.57281 1034.65088 53774.77716 9.8666 23710.0 23.771 43877.0 21.481 "" "" 0.0027625123360639544 0.0029949865 0.0038165783 0.006811565 335.52493448674 64.23451174753 1020.00403 -6.499 -3.141 -5.853431807994842 0.02367046737670897 0.18909194 0.18709193 "" "" 28.300515312434992 "" 5.351398302580826 ""
