Clusters/UPK_194/UPK_194_members.tsv
# %ECSV 1.0
# ---
# datatype:
# - name: RA_ICRS_1
#   unit: deg
#   datatype: float64
#   format: '{:15.11f}'
#   description: Right ascension (ICRS) at Ep=2016.0 (ra)
#   meta: !!omap
#   - {ucd: POS_EQ_RA_MAIN}
#   - {width: 15}
#   - {precision: '11'}
# - name: DE_ICRS_1
#   unit: deg
#   datatype: float64
#   format: '{:15.11f}'
#   description: Declination (ICRS) at Ep=2016.0 (dec)
#   meta: !!omap
#   - {ucd: POS_EQ_DEC_MAIN}
#   - {width: 15}
#   - {precision: '11'}
# - name: e_RA_ICRS
#   unit: mas
#   datatype: float64
#   format: '{:7.4f}'
#   description: Standard error of right ascension (ra_error)
#   meta: !!omap
#   - {ucd: ERROR}
#   - {width: 7}
#   - {precision: '4'}
# - name: e_DE_ICRS
#   unit: mas
#   datatype: float64
#   format: '{:7.4f}'
#   description: Standard error of declination (dec_error)
#   meta: !!omap
#   - {ucd: ERROR}
#   - {width: 7}
#   - {precision: '4'}
# - name: _r_1
#   unit: ''
#   datatype: float64
#   format: '{:7.4f}'
#   description: Distance from center (336.51751508000+65.00720452000)[ICRS], at Epoch=J2016.0
#   meta: !!omap
#   - {ucd: POS_ANG_DIST_GENERAL}
#   - {width: 7}
#   - {precision: '4'}
# - name: HIP
#   datatype: int32
#   description: '? HIP cross-id number, van Leeuwen, Cat. I/311 (hip_original_ext_source_id)'
#   meta: !!omap
#   - {ucd: ID_NUMBER}
#   - {width: 6}
#   - values: {'null': -2147483648}
# - name: TYC2
#   datatype: string
#   description: Tycho-2 cross-id name, Hog et al., Cat. I/259 (tyc2_original_ext_source_id)
#   meta: !!omap
#   - {ucd: ID_CROSSID}
#   - {_votable_string_dtype: char}
# - name: Source
#   datatype: int64
#   description: Source identifier, identical to the Gaia-EDR3 source_id (id)
#   meta: !!omap
#   - {ucd: ID_MAIN}
#   - {width: 19}
# - name: rgeo
#   unit: pc
#   datatype: float64
#   format: '{:15.8f}'
#   description: '? Median of the geometric distance posterior (r_med_geo)'
#   meta: !!omap
#   - {ucd: PHYS_DISTANCE_TRUE}
#   - {width: 15}
#   - {precision: '8'}
#   - values: {'null': .nan}
# - name: Plx
#   unit: mas
#   datatype: float64
#   format: '{:9.4f}'
#   description: '? Parallax (parallax)'
#   meta: !!omap
#   - {ucd: POS_PARLX_TRIG}
#   - {width: 9}
#   - {precision: '4'}
#   - values: {'null': .nan}
# - name: e_Plx
#   unit: mas
#   datatype: float32
#   format: '{:7.4f}'
#   description: '? Standard error of parallax (parallax_error)'
#   meta: !!omap
#   - {ucd: ERROR}
#   - {width: 7}
#   - {precision: '4'}
#   - values: {'null': .nan}
# - name: pmRA
#   unit: mas / yr
#   datatype: float64
#   format: '{:9.3f}'
#   description: '? Proper motion in right ascension direction, pmRA*cosDE (pmra)'
#   meta: !!omap
#   - {ucd: POS_EQ_PMRA}
#   - {width: 9}
#   - {precision: '3'}
#   - values: {'null': .nan}
# - name: pmDE
#   unit: mas / yr
#   datatype: float64
#   format: '{:9.3f}'
#   description: '? Proper motion in declination direction (pmdec)'
#   meta: !!omap
#   - {ucd: POS_EQ_PMDEC}
#   - {width: 9}
#   - {precision: '3'}
#   - values: {'null': .nan}
# - name: e_pmRA
#   unit: mas / yr
#   datatype: float32
#   format: '{:6.3f}'
#   description: '? Standard error of proper motion in right ascension direction (pmra_error)'
#   meta: !!omap
#   - {ucd: ERROR}
#   - {width: 6}
#   - {precision: '3'}
#   - values: {'null': .nan}
# - name: e_pmDE
[...]
#       distance: !astropy.table.SerializedColumn
#         __class__: astropy.coordinates.distances.Distance
#         unit: !astropy.units.Unit {unit: pc}
#         value: !astropy.table.SerializedColumn {name: SkyCoord.distance}
#       frame: icrs
#       obstime: !astropy.time.Time {format: jyear_str, in_subfmt: '*', jd1: 367701545.0, jd2: 0.0, out_subfmt: '*', precision: 3, scale: tt}
#       pm_dec: !astropy.table.SerializedColumn
#         __class__: astropy.units.quantity.Quantity
#         unit: !astropy.units.Unit {unit: mas / yr}
#         value: !astropy.table.SerializedColumn {name: SkyCoord.pm_dec}
#       pm_ra_cosdec: !astropy.table.SerializedColumn
#         __class__: astropy.units.quantity.Quantity
#         unit: !astropy.units.Unit {unit: mas / yr}
#         value: !astropy.table.SerializedColumn {name: SkyCoord.pm_ra_cosdec}
#       ra: !astropy.table.SerializedColumn
#         __class__: astropy.coordinates.angles.Longitude
#         unit: *id001
#         value: !astropy.table.SerializedColumn {name: SkyCoord.ra}
#         wrap_angle: !astropy.coordinates.Angle
#           unit: *id001
#           value: 360.0
#       representation_type: spherical
# schema: astropy-2.0
RA_ICRS_1 DE_ICRS_1 e_RA_ICRS e_DE_ICRS _r_1 HIP TYC2 Source rgeo Plx e_Plx pmRA pmDE e_pmRA e_pmDE RUWE Teff logg Gmag BP-RP BPmag RPmag RV e_RV b_rgeo B_rgeo FG e_FG FBP e_FBP FRP e_FRP RAVE5 RAVE6 e_Gmag e_BPmag e_RPmag e_BP-RP SkyCoord.ra SkyCoord.dec SkyCoord.distance SkyCoord.pm_ra_cosdec SkyCoord.pm_dec rmRA rmDE e_rmRA e_rmDE rRV e_rRV v_pec v_pec3d e_vpec e_vpec3d Pmemb
[from data line 60]
336.82514411758 65.1137398937 0.0249 0.0255 10.0714 "" "" 2206443210992674944 884.5578 1.1022 0.0288 -0.678 -2.992 0.036 0.034 0.982 4881.6 4.1782 15.777015 1.776137 16.629887 14.853749 "" "" 864.303101 908.26532 9207.47748 15.174 3044.1 26.391 9071.1 41.42 "" "" 0.003285329817045133 0.009817679 0.0062339287 0.01605161 336.82514411758 65.1137398937 884.5578 -0.6779999999999998 -2.992 -0.032431807994842576 0.172670467376709 0.20809193 0.20609194 "" "" 0.7366329706287745 "" 0.15186455629398507 "" 1.0
336.32014409199 65.15537175838 0.0256 0.027 10.1945 "" "" 2206629750012032512 889.436218 1.0943 0.028 -0.629 -3.314 0.035 0.034 1.017 5732.0 4.3899 15.800189 1.576528 16.53771 14.961183 "" "" 866.009705 909.374878 9013.03917 5.6359 3313.9 9.5022 8216.5 10.361 "" "" 0.002837730951423736 0.0041805687 0.0040197256 0.008200294 336.32014409199 65.15537175838 889.436218 -0.6289999999999987 -3.314 0.016568192005157467 -0.14932953262329107 0.20709193 0.20609194 "" "" 0.633425620788332 "" 0.13055163631201544 "" 1.0
337.91224997654 65.15843229444 0.0241 0.0242 36.4048 "" "" 2206450387880302464 897.007141 1.0855 0.0268 -0.349 -2.611 0.032 0.031 1.047 7073.7 4.3166 15.841623 1.920083 16.78655 14.866467 "" "" 878.085938 923.218079 8675.56018 11.845 2635.1 15.504 8965.4 36.148 "" "" 0.0031287798253526538 0.006970849 0.005783369 0.012754218 337.91224997654 65.15843229444 897.007141 -0.34899999999999975 -2.6110000000000007 0.2965681920051575 0.5536704673767088 0.20409194 0.20309193 "" "" 2.6705442034752576 "" 0.542962511898867 "" 1.0
337.5395371973 65.50103427079 0.0267 0.0258 39.2012 "" "" 2206661292252521728 992.754883 0.9828 0.0291 -0.61 -2.991 0.035 0.032 1.109 6028.5 4.3389 15.889097 1.652382 16.665716 15.013334 "" "" 963.666321 1021.36761 8304.38904 4.4322 2945.3 12.328 7831.1 11.359 "" "" 0.002815596313322601 0.0053326963 0.0040943753 0.009427072 337.5395371973 65.50103427079 992.754883 -0.6100000000000001 -2.991 0.035568192005157484 0.17367046737670888 0.20709193 0.20409194 "" "" 0.8341969001170019 "" 0.1703543140348484 "" 0.9
335.79183782495 65.1674899333 0.0258 0.0271 20.7092 "" "" 2206547733318497024 920.568054 1.0624 0.0303 -0.732 -3.215 0.034 0.031 1.011 5823.0 4.4453 15.923438 1.573902 16.654448 15.080545 "" "" 898.688721 947.237915 8045.84066 5.025 2976.0 9.882 7361.1 13.643 "" "" 0.0028375339418767703 0.0045588296 0.0042817118 0.008840541 335.79183782495 65.1674899333 920.568054 -0.7320000000000001 -3.215 -0.08643180799484251 -0.050329532623290874 0.20609194 0.20309193 "" "" 0.43642603276256886 "" 0.08961416433117278 "" 1.0
337.30197233096 65.22283089009 0.0265 0.024 23.6568 "" "" 2206466163297946880 913.461365 1.0647 0.0279 -0.67 -2.787 0.033 0.03 0.967 4843.3 4.1509 15.951744 2.023058 16.97022 14.947163 "" "" 891.336853 937.885681 7838.79028 12.048 2225.0 20.028 8323.3 35.902 "" "" 0.003221257915302458 0.010163578 0.0060180197 0.016181597 337.30197233096 65.22283089009 913.461365 -0.6700000000000002 -2.7870000000000004 -0.02443180799484257 0.37767046737670906 0.20509192 0.20209193 "" "" 1.6386582708582316 "" 0.3311802548205346 "" 1.0
336.19979345555 64.94582618998 0.0318 0.0314 8.8647 "" "" 2206435411331698176 902.326416 1.0805 0.0341 -0.722 -3.314 0.041 0.036 1.023 5085.8 4.293 15.986246 1.69127 16.788723 15.097453 "" "" 878.672729 930.530273 7593.61073 4.3019 2629.8 14.661 7247.3 14.669 "" "" 0.0028231402604526824 0.006665053 0.0043718615 0.011036914 336.19979345555 64.94582618998 902.326416 -0.7219999999999993 -3.314 -0.0764318079948425 -0.14932953262329107 0.21309194 0.20809193 "" "" 0.7174849308612097 "" 0.15005459350442918 "" 1.0
336.44696114811 64.98243545288 0.03 0.0304 2.3261 "" "" 2206435033374596864 890.383789 1.1054 0.0337 -0.667 -3.312 0.04 0.037 1.026 5199.3 4.2561 16.0036 1.822604 16.887938 15.065333 "" "" 860.34906 913.54425 7473.20674 3.9385 2400.2 12.393 7464.9 13.35 "" "" 0.0028141077931396734 0.006261974 0.00424899 0.010510964 336.44696114811 64.98243545288 890.383789 -0.6669999999999999 -3.3120000000000003 -0.021431807994842567 -0.14732953262329085 0.21209192 0.20909193 "" "" 0.6283368432869567 "" 0.13141950074316186 "" 1.0
335.95006201579 65.04751197779 0.0268 0.0285 14.5762 "" "" 2206533817624525824 925.737244 1.0489 0.0311 -0.649 -3.342 0.035 0.032 0.972 4994.8 4.3669 16.012403 1.51803 16.709618 15.191587 "" "" 902.414795 950.431824 7412.85496 4.3604 2828.6 17.254 6645.4 18.323 "" "" 0.0028283683376030765 0.0071865646 0.004821371 0.012007935 335.95006201579 65.04751197779 925.737244 -0.6490000000000014 -3.3419999999999996 -0.0034318079948425506 -0.1773295326232911 0.20709193 0.20409194 "" "" 0.7782667205788903 "" 0.15883884253872743 "" 1.0
337.40114335241 64.94490753496 0.028 0.0263 22.7355 "" "" 2206423832100710784 842.649475 1.1553 0.0305 -0.762 -3.187 0.041 0.035 1.057 7997.4 4.0714 16.015736 2.591249 17.438053 14.846804 "" "" 821.508911 863.137695 7390.13884 7.9556 1446.1 9.7126 9129.3 30.614 "" "" 0.0029929768760496773 0.0078078127 0.0052478346 0.013055647 337.40114335241 64.94490753496 842.649475 -0.7619999999999996 -3.186999999999999 -0.11643180799484254 -0.02232953262329085 0.21309194 0.20709193 "" "" 0.4735221714878336 "" 0.10080433702858203 "" 1.0
336.57226030243 64.92277741426 0.0283 0.032 5.2529 "" "" 2206432903070856576 923.110779 1.0541 0.0334 -0.664 -3.29 0.037 0.037 1.007 5091.5 4.2161 16.064194 1.942079 17.032356 15.090278 "" "" 898.073975 946.715942 7067.55822 4.5984 2101.2 11.883 7295.4 15.614 "" "" 0.0028444358917921794 0.0067444197 0.0044366135 0.011181033 336.57226030243 64.92277741426 923.110779 -0.6640000000000006 -3.29 -0.018431807994842564 -0.12532953262329105 0.20909193 0.20909193 "" "" 0.5542837056052412 "" 0.11589625064914984 "" 1.0
336.30132574532 64.85559071066 0.0309 0.0311 10.6282 "" "" 2206431013285232000 943.356506 1.0388 0.0335 -0.722 -3.349 0.041 0.039 0.975 5144.7 4.4246 16.16376 1.571272 16.897018 15.325747 "" "" 918.967468 978.471497 6448.26564 4.7541 2380.2 9.887 5873.0 13.314 "" "" 0.00286924296602638 0.005303305 0.0045102057 0.009813511 336.30132574532 64.85559071066 943.356506 -0.7220000000000002 -3.349000000000001 -0.0764318079948425 -0.18432953262329121 0.21309194 0.21109194 "" "" 0.8922785323370985 "" 0.18861566986733502 "" 1.0
335.82587936412 64.97379450089 0.0321 0.0308 17.6582 "" "" 2206533199149241600 922.842285 1.058 0.0356 -0.612 -3.373 0.041 0.036 0.977 5423.8 4.5019 16.180956 1.602938 16.931557 15.328619 "" "" 893.317566 958.027893 6346.94298 4.9685 2305.7 14.35 5857.5 14.025 "" "" 0.0028834313871509295 0.007310691 0.0045871455 0.011897836 335.82587936412 64.97379450089 922.842285 -0.6119999999999999 -3.3730000000000007 0.03356819200515748 -0.20832953262329124 0.21309194 0.20809193 "" "" 0.9230442223127655 "" 0.19219621284662808 "" 1.0
335.55003623721 64.98580392159 0.0304 0.0287 24.569 "" "" 2206544022466337280 917.867859 1.0681 0.0332 -1.094 -2.85 0.039 0.033 0.961 7121.8 4.3322 16.19618 2.039374 17.220236 15.180861 "" "" 884.606079 947.975403 6258.56068 8.4326 1767.4 11.632 6711.4 24.807 "" "" 0.0031195886237524425 0.007671105 0.005512631 0.013183736 335.55003623721 64.98580392159 917.867859 -1.0940000000000003 -2.85 -0.4484318079948426 0.3146704673767089 0.21109194 0.20509192 "" "" 2.3834042910532816 "" 0.498444503171913 "" 1.0
336.10022683525 64.8740148593 0.0346 0.0317 13.2786 "" "" 2206341128210830464 958.157593 1.0294 0.0359 -0.32 -3.153 0.042 0.038 1.029 4765.1 4.2742 16.230387 1.707952 17.045681 15.337729 "" "" 921.321167 995.506958 6064.45483 3.7893 2075.6 11.552 5808.5 11.233 "" "" 0.0028376095627602725 0.0066558556 0.0043234755 0.010979331 336.10022683525 64.8740148593 958.157593 -0.3200000000000003 -3.152999999999998 0.32556819200515746 0.01167046737670896 0.21409193 0.21009193 "" "" 1.479571997632864 "" 0.31675689565096377 "" 1.0
336.34285191637 65.12399512894 0.0328 0.0345 8.2839 "" "" 2206625248886320384 914.585144 1.061 0.0372 -0.921 -2.999 0.046 0.045 0.999 4879.3 3.8069 16.24356 2.311927 17.47155 15.159623 "" "" 883.450867 943.499817 5991.32149 10.209 1402.2 13.947 6844.0 35.063 "" "" 0.0033188094927664234 0.011153908 0.006724893 0.0178788 336.34285191637 65.12399512894 914.585144 -0.921 -2.999 -0.27543180799484257 0.16567046737670887 0.21809193 0.21709193 "" "" 1.3933889805220516 "" 0.3035173337013292 "" 0.8
336.63368251123 65.83180263637 0.035 0.0327 49.5607 "" "" 2206710632836392064 898.157349 1.0857 0.0369 -0.727 -2.531 0.042 0.04 1.013 4909.9 4.2082 16.372578 2.089411 17.432516 15.343105 "" "" 868.834045 934.518982 5320.04655 10.729 1453.5 12.177 5779.8 29.212 "" "" 0.0035194048862689587 0.009514302 0.006663043 0.016177345 336.63368251123 65.83180263637 898.157349 -0.727 -2.531 -0.08143180799484251 0.6336704673767088 0.21409193 0.21209192 "" "" 2.7198878141383394 "" 0.5769550210740404 "" 0.9
336.66020267849 65.0103388711 0.0397 0.0363 3.6218 "" "" 2206436751361885312 942.897644 1.0394 0.0423 -0.545 -3.245 0.055 0.045 0.961 4913.2 4.301 16.3988 1.793578 17.273088 15.47951 "" "" 910.31488 978.837952 5193.10304 3.9566 1683.4 13.433 5097.5 12.889 "" "" 0.0028768172543786044 0.009102033 0.004671218 0.013773251 336.66020267849 65.0103388711 942.897644 -0.545 -3.245 0.10056819200515743 -0.08032953262329112 0.22709194 0.21709193 "" "" 0.5752573046779228 "" 0.12842628450452062 "" 1.0
336.4812864386 65.13223122337 0.037 0.0372 7.5574 "" "" 2206626554556393984 967.618652 1.018 0.0409 -0.56 -3.293 0.05 0.046 1.064 4838.0 4.3749 16.417694 1.686261 17.212341 15.52608 "" "" 933.134766 1018.32019 5103.51248 3.4879 1780.2 10.029 4883.4 16.135 "" "" 0.0028534876984533867 0.0067229737 0.0052108197 0.011933793 336.4812864386 65.13223122337 967.618652 -0.5600000000000007 -3.2929999999999993 0.08556819200515742 -0.12832953262329116 0.22209193 0.21809193 "" "" 0.7074297229025553 "" 0.1551611094791057 "" 1.0
336.86200389334 64.77219692029 0.0378 0.0363 16.6059 "" "" 2206415826280967552 884.202576 1.1153 0.0408 -0.76 -3.292 0.045 0.043 1.003 "" "" 16.460876 1.892909 17.393318 15.500409 "" "" 847.518982 925.374146 4904.51752 2.7301 1506.9 8.4928 5000.3 12.488 "" "" 0.00282082587516578 0.00672525 0.0046514887 0.011376739 336.86200389334 64.77219692029 884.202576 -0.7600000000000001 -3.2919999999999985 -0.11443180799484254 -0.12732953262329083 0.21709193 0.21509193 "" "" 0.7174954035028474 "" 0.1549702711009186 "" 1.0
336.12755888717 65.0646916334 0.0379 0.043 10.4599 "" "" 2206627516629042816 911.579834 1.0641 0.044 -0.773 -3.126 0.052 0.052 1.019 "" "" 16.507292 2.462179 17.843115 15.380936 "" "" 879.423401 943.482117 4699.26963 6.6626 995.8 10.544 5581.9 25.554 "" "" 0.0031561671515884207 0.011830032 0.0062441747 0.018074207 336.12755888717 65.0646916334 911.579834 -0.7729999999999998 -3.126000000000001 -0.12743180799484255 0.038670467376709095 0.22409193 0.22409193 "" "" 0.5754130642297853 "" 0.12894542536345363 "" 1.0
335.95479671329 65.03551445463 0.0394 0.0381 14.3583 "" "" 2206533748905171712 954.820312 1.0359 0.0427 -0.789 -3.255 0.05 0.043 0.971 5054.8 4.618 16.520012 1.623359 17.28528 15.661922 "" "" 919.112366 998.03064 4644.53576 3.561 1664.6 9.2445 4309.1 17.562 "" "" 0.0028783240009208704 0.006643997 0.0058192965 0.012463294 335.95479671329 65.03551445463 954.820312 -0.7890000000000008 -3.255 -0.14343180799484256 -0.09032953262329091 0.22209193 0.21509193 "" "" 0.7671560883708264 "" 0.1688715236639661 "" 1.0
336.09012868902 64.9677588987 0.0425 0.0408 11.0976 "" "" 2206529557017002112 940.575623 1.043 0.046 -0.668 -3.467 0.053 0.047 0.994 4593.4 4.3358 16.53525 1.854672 17.442795 15.588122 "" "" 900.721619 977.768066 4579.80714 2.876 1439.8 12.023 4612.2 12.28 "" "" 0.002838425602929497 0.009486026 0.0047581843 0.01424421 336.09012868902 64.9677588987 940.575623 -0.6680000000000001 -3.4669999999999987 -0.022431807994842567 -0.3023295326232911 0.22509193 0.21909192 "" "" 1.3515894031782263 "" 0.29616732439847787 "" 1.0
337.00259480478 64.61815411061 0.0391 0.0398 26.4256 "" "" 2206363393320278400 901.506287 1.075 0.0457 -0.855 -2.761 0.052 0.056 0.982 "" "" 16.671232 2.565089 18.079386 15.514297 "" "" 862.759399 946.057007 4040.67631 6.7516 801.05 9.2671 4936.7 20.986 "" "" 0.0032989371114114908 0.012866716 0.0059654354 0.01883215 337.00259480478 64.61815411061 901.506287 -0.8550000000000001 -2.7610000000000006 -0.2094318079948425 0.40367046737670886 0.22409193 0.22809193 "" "" 1.9432759398059134 "" 0.44160842434766573 "" 0.9
336.10360064027 64.87113142591 0.0413 0.0427 13.316 "" "" 2206341059491354880 881.632507 1.1135 0.0467 -0.774 -3.158 0.051 0.05 0.975 4987.6 4.6763 16.728626 1.700653 17.540787 15.840134 "" "" 848.440979 916.313171 3832.62392 2.7626 1315.5 7.2065 3656.8 8.535 "" "" 0.0028643096603349957 0.00656975 0.004550327 0.011120077 336.10360064027 64.87113142591 881.632507 -0.7739999999999998 -3.1579999999999986 -0.12843180799484255 0.006670467376709066 0.22309193 0.22209193 "" "" 0.5374319814893203 "" 0.11989529546199239 "" 1.0
334.9432099409 64.6330317114 0.041 0.0378 46.0321 "" "" 2206498152215671168 848.320801 1.1543 0.0448 -0.102 -2.87 0.048 0.048 0.947 4493.1 4.5207 16.77437 1.687368 17.588028 15.90066 "" "" 815.418762 886.601196 3674.50285 2.3451 1259.5 9.088 3458.6 9.4069 "" "" 0.0028411153253536654 0.00831623 0.0047962717 0.013112502 334.9432099409 64.6330317114 848.320801 -0.10199999999999987 -2.87 0.5435681920051575 0.2946704673767089 0.22009194 0.22009194 "" "" 2.4862164691663917 "" 0.5471962034041271 "" 0.8
337.43142688636 65.13388476862 0.0443 0.0428 24.3304 "" "" 2206452861781447552 834.898438 1.17 0.0483 -0.558 -2.814 0.058 0.052 1.012 5702.8 4.4332 16.925179 2.293156 18.124239 15.831083 "" "" 805.25885 866.811157 3197.97468 5.7851 768.64 11.915 3687.4 21.298 "" "" 0.00338369870379219 0.017060146 0.007321903 0.02438205 337.43142688636 65.13388476862 834.898438 -0.558 -2.8139999999999996 0.08756819200515742 0.3506704673767089 0.23009193 0.22409193 "" "" 1.4303644029055156 "" 0.32104321787109164 "" 1.0
336.45476036021 64.95534803107 0.0506 0.0508 3.4952 "" "" 2206434719839323008 915.65625 1.0861 0.0554 -0.571 -3.238 0.066 0.061 0.922 5034.9 4.6203 16.981007 1.941809 17.958622 16.016813 "" "" 855.654663 966.786743 3037.69383 2.2896 895.3 6.566 3107.7 14.569 "" "" 0.002874280537954505 0.008437331 0.0063396757 0.014777007 336.45476036021 64.95534803107 915.65625 -0.5710000000000013 -3.237999999999999 0.07456819200515752 -0.073329532623291 0.23809193 0.23309194 "" "" 0.4539129060832115 "" 0.10696324348415233 "" 1.0
