Clusters/Gulliver_19/Gulliver_19_stars_in_region.tsv
# %ECSV 1.0
# ---
# datatype:
# - name: RA_ICRS_1
#   unit: deg
#   datatype: float64
#   format: '{:15.11f}'
#   description: Right ascension (ICRS) at Ep=2016.0 (ra)
#   meta: !!omap
#   - {ucd: POS_EQ_RA_MAIN}
#   - {width: 15}
#   - {precision: '11'}
# - name: DE_ICRS_1
#   unit: deg
#   datatype: float64
#   format: '{:15.11f}'
#   description: Declination (ICRS) at Ep=2016.0 (dec)
#   meta: !!omap
#   - {ucd: POS_EQ_DEC_MAIN}
#   - {width: 15}
#   - {precision: '11'}
# - name: e_RA_ICRS
#   unit: mas
#   datatype: float64
#   format: '{:7.4f}'
#   description: Standard error of right ascension (ra_error)
#   meta: !!omap
#   - {ucd: ERROR}
#   - {width: 7}
#   - {precision: '4'}
# - name: e_DE_ICRS
#   unit: mas
#   datatype: float64
#   format: '{:7.4f}'
#   description: Standard error of declination (dec_error)
#   meta: !!omap
#   - {ucd: ERROR}
#   - {width: 7}
#   - {precision: '4'}
# - name: _r_1
#   unit: ''
#   datatype: float64
#   format: '{:7.4f}'
#   description: Distance from center (344.21311475000+61.11010394000)[ICRS], at Epoch=J2016.0
#   meta: !!omap
#   - {ucd: POS_ANG_DIST_GENERAL}
#   - {width: 7}
#   - {precision: '4'}
# - name: HIP
#   datatype: int32
#   description: '? HIP cross-id number, van Leeuwen, Cat. I/311 (hip_original_ext_source_id)'
#   meta: !!omap
#   - {ucd: ID_NUMBER}
#   - {width: 6}
#   - values: {'null': -2147483648}
# - name: TYC2
#   datatype: string
#   description: Tycho-2 cross-id name, Hog et al., Cat. I/259 (tyc2_original_ext_source_id)
#   meta: !!omap
#   - {ucd: ID_CROSSID}
#   - {_votable_string_dtype: char}
# - name: Source
#   datatype: int64
#   description: Source identifier, identical to the Gaia-EDR3 source_id (id)
#   meta: !!omap
#   - {ucd: ID_MAIN}
#   - {width: 19}
# - name: rgeo
#   unit: pc
#   datatype: float64
#   format: '{:15.8f}'
#   description: '? Median of the geometric distance posterior (r_med_geo)'
#   meta: !!omap
#   - {ucd: PHYS_DISTANCE_TRUE}
#   - {width: 15}
#   - {precision: '8'}
#   - values: {'null': .nan}
# - name: Plx
#   unit: mas
#   datatype: float64
#   format: '{:9.4f}'
#   description: '? Parallax (parallax)'
#   meta: !!omap
#   - {ucd: POS_PARLX_TRIG}
#   - {width: 9}
#   - {precision: '4'}
#   - values: {'null': .nan}
# - name: e_Plx
#   unit: mas
#   datatype: float32
#   format: '{:7.4f}'
#   description: '? Standard error of parallax (parallax_error)'
#   meta: !!omap
#   - {ucd: ERROR}
#   - {width: 7}
#   - {precision: '4'}
#   - values: {'null': .nan}
# - name: pmRA
#   unit: mas / yr
#   datatype: float64
#   format: '{:9.3f}'
#   description: '? Proper motion in right ascension direction, pmRA*cosDE (pmra)'
#   meta: !!omap
#   - {ucd: POS_EQ_PMRA}
#   - {width: 9}
#   - {precision: '3'}
#   - values: {'null': .nan}
# - name: pmDE
#   unit: mas / yr
#   datatype: float64
#   format: '{:9.3f}'
#   description: '? Proper motion in declination direction (pmdec)'
#   meta: !!omap
#   - {ucd: POS_EQ_PMDEC}
#   - {width: 9}
#   - {precision: '3'}
#   - values: {'null': .nan}
# - name: e_pmRA
#   unit: mas / yr
#   datatype: float32
#   format: '{:6.3f}'
#   description: '? Standard error of proper motion in right ascension direction (pmra_error)'
#   meta: !!omap
#   - {ucd: ERROR}
#   - {width: 6}
#   - {precision: '3'}
#   - values: {'null': .nan}
# - name: e_pmDE
[...]
#         unit: &id001 !astropy.units.Unit {unit: deg}
#         value: !astropy.table.SerializedColumn {name: SkyCoord.dec}
#       distance: !astropy.table.SerializedColumn
#         __class__: astropy.coordinates.distances.Distance
#         unit: !astropy.units.Unit {unit: pc}
#         value: !astropy.table.SerializedColumn {name: SkyCoord.distance}
#       frame: icrs
#       obstime: !astropy.time.Time {format: jyear_str, in_subfmt: '*', jd1: 367701545.0, jd2: 0.0, out_subfmt: '*', precision: 3, scale: tt}
#       pm_dec: !astropy.table.SerializedColumn
#         __class__: astropy.units.quantity.Quantity
#         unit: !astropy.units.Unit {unit: mas / yr}
#         value: !astropy.table.SerializedColumn {name: SkyCoord.pm_dec}
#       pm_ra_cosdec: !astropy.table.SerializedColumn
#         __class__: astropy.units.quantity.Quantity
#         unit: !astropy.units.Unit {unit: mas / yr}
#         value: !astropy.table.SerializedColumn {name: SkyCoord.pm_ra_cosdec}
#       ra: !astropy.table.SerializedColumn
#         __class__: astropy.coordinates.angles.Longitude
#         unit: *id001
#         value: !astropy.table.SerializedColumn {name: SkyCoord.ra}
#         wrap_angle: !astropy.coordinates.Angle
#           unit: *id001
#           value: 360.0
#       representation_type: spherical
# schema: astropy-2.0
RA_ICRS_1 DE_ICRS_1 e_RA_ICRS e_DE_ICRS _r_1 HIP TYC2 Source rgeo Plx e_Plx pmRA pmDE e_pmRA e_pmDE RUWE Teff logg Gmag BP-RP BPmag RPmag RV e_RV b_rgeo B_rgeo FG e_FG FBP e_FBP FRP e_FRP RAVE5 RAVE6 e_Gmag e_BPmag e_RPmag e_BP-RP SkyCoord.ra SkyCoord.dec SkyCoord.distance SkyCoord.pm_ra_cosdec SkyCoord.pm_dec
[from data line 571]
343.93641975127 60.81273081733 0.0437 0.0389 19.5777 "" "" 2014633854204754048 1539.78613 0.6101 0.0498 0.128 1.332 0.06 0.052 0.93 8316.5 3.587 16.793736 2.292147 18.006205 15.714058 "" "" 1438.90308 1661.93835 3609.54751 2.1385 856.91 8.8747 4107.1 10.265 "" "" 0.0028294101596742435 0.011585566 0.0046526794 0.016238246 343.93641975127 60.81273081733 1539.78613 0.128 1.3319999999999999
345.30116679274 61.27209597672 0.0599 0.0409 32.926 "" "" 2014717726321139968 1143.27515 0.8442 0.0593 -1.607 -2.305 0.073 0.046 1.012 "" "" 16.802639 "" "" "" "" "" 1063.87939 1225.32666 3580.06377 4.0492 "" "" "" "" "" "" 0.0030165881245866723 "" "" "" 345.30116679274 61.27209597672 1143.27515 -1.6069999999999998 -2.305
344.83296183151 61.34694226422 0.044 0.0394 22.8551 "" "" 2014744939238119680 1332.22534 0.7238 0.0503 0.932 -2.271 0.056 0.048 1.005 "" "" 16.804953 2.352069 18.053808 15.701739 "" "" 1257.48328 1415.02612 3572.44368 2.1398 820.15 9.5477 4154.0 14.028 "" "" 0.0028310272470738382 0.012943799 0.0052656494 0.018209448 344.83296183151 61.34694226422 1332.22534 0.9319999999999999 -2.271
344.26268765939 61.06859344037 0.0886 0.0832 2.8759 "" "" 2014734489580956160 1176.1886 0.8395 0.1017 -1.706 0.453 0.117 0.101 1.939 9269.6 4.1772 16.805502 2.04213 17.770227 15.728097 "" "" 1057.72375 1355.67163 3570.64054 8.4484 1064.9 8.1041 4054.3 9.3771 "" "" 0.0037671211601864943 0.008721051 0.0045375903 0.013258642 344.26268765939 61.06859344037 1176.1886 -1.7060000000000002 0.4530000000000002
344.31370687402 61.10650430775 0.0431 0.0436 2.9241 "" "" 2014735455950358144 1627.11719 0.5891 0.0523 -2.055 -1.533 0.061 0.054 0.945 "" "" 16.808651 2.081344 17.87085 15.789506 "" "" 1514.05017 1775.07971 3560.30068 2.1651 970.68 8.0625 3831.4 9.7661 "" "" 0.002833325598082618 0.009439929 0.0046843137 0.014124243 344.31370687402 61.10650430775 1627.11719 -2.0550000000000006 -1.533
344.1329909869 61.07017760935 0.0424 0.0444 3.3377 "" "" 2014734047200792832 1310.97119 0.7357 0.0535 0.978 -2.286 0.057 0.052 0.992 6080.8 4.3823 16.80894 1.917031 17.764418 15.847386 "" "" 1230.09717 1426.01294 3559.34864 2.0847 1070.7 7.8554 3632.5 8.7813 "" "" 0.002827750708456855 0.008440241 0.0046013813 0.013041623 344.1329909869 61.07017760935 1310.97119 0.9780000000000001 -2.286
343.51709198067 61.20033463353 0.0541 0.053 20.8619 "" "" 2206812990498656128 1666.78052 0.5745 0.0617 0.832 -0.394 0.079 0.074 1.152 7865.5 4.1086 16.80906 2.698049 18.302586 15.604537 "" "" 1531.21985 1880.9198 3558.95802 4.1955 652.2 5.8733 4543.0 9.3217 "" "" 0.003038091846827323 0.010167774 0.004387121 0.014554895 343.51709198067 61.20033463353 1666.78052 0.8320000000000001 -0.39400000000000013
344.18068149187 61.10604963088 0.0453 0.0454 0.9712 "" "" 2014747310060071680 1384.62512 0.7044 0.0534 0.961 -2.258 0.061 0.053 1.057 9302.8 4.1747 16.8132 2.118424 17.89379 15.775365 "" "" 1280.8999 1511.88354 3545.41126 2.2935 950.39 7.3242 3881.6 10.547 "" "" 0.002843429511870459 0.008820198 0.0047944807 0.013614679 344.18068149187 61.10604963088 1384.62512 0.9609999999999999 -2.258
344.10450224225 61.04110467631 0.0408 0.0415 5.2032 "" "" 2014733836746366848 1619.13794 0.605 0.0517 1.068 -2.252 0.056 0.051 1.011 "" "" 16.81575 1.900969 17.748505 15.847536 "" "" 1486.16846 1773.87317 3537.09467 2.0151 1086.5 7.8418 3632.0 9.2385 "" "" 0.002823896680846509 0.0083182 0.004680901 0.012999101 344.10450224225 61.04110467631 1619.13794 1.068 -2.252
344.46965150149 60.83407628292 0.0411 0.0403 18.1679 "" "" 2014678655005776512 1465.96716 0.6721 0.0488 3.446 -0.495 0.052 0.049 0.98 "" "" 16.816422 1.993674 17.81349 15.819816 "" "" 1371.46606 1595.21631 3534.9059 2.0434 1023.3 8.1686 3725.9 10.226 "" "" 0.0028258984147346163 0.009105054 0.0048128385 0.013917892 344.46965150149 60.83407628292 1465.96716 3.4460000000000006 -0.49500000000000005
345.29472646794 61.11212670928 0.0432 0.0393 31.3523 "" "" 2014710923097392512 1336.60718 0.7185 0.0505 -9.51 -1.904 0.052 0.043 0.937 4952.3 4.3746 16.816442 1.73204 17.646402 15.914362 "" "" 1265.21863 1415.50549 3534.84262 1.8957 1193.6 9.207 3415.2 8.7934 "" "" 0.002816172367882756 0.00882753 0.0047009303 0.013528461 345.29472646794 61.11212670928 1336.60718 -9.509999999999998 -1.904
344.87817642612 60.80577330853 0.0395 0.0392 26.6206 "" "" 2014671065801003136 1349.40833 0.7232 0.0465 2.121 -3.246 0.05 0.052 0.99 7981.0 4.2856 16.816982 1.756346 17.662636 15.90629 "" "" 1273.30505 1436.3877 3533.08063 2.0308 1175.9 5.7342 3440.7 9.3647 "" "" 0.0028251125774226924 0.0059847315 0.0047975318 0.010782263 344.87817642612 60.80577330853 1349.40833 2.1210000000000004 -3.2460000000000004
343.55197886122 61.00303515531 0.0415 0.0389 20.2435 "" "" 2014653645414242048 1370.29944 0.6853 0.0485 -1.027 -2.096 0.056 0.05 1.024 15008.2 4.3426 16.817099 2.866935 18.469175 15.602241 "" "" 1292.83838 1480.72437 3532.70552 2.8155 559.43 9.8095 4552.6 15.414 "" "" 0.0028880015875320623 0.019241553 0.005272285 0.024513837 343.55197886122 61.00303515531 1370.29944 -1.027 -2.096
343.78914329942 60.74478591866 0.0395 0.0398 25.1641 "" "" 2014631753962698496 1633.16455 0.5851 0.0475 1.106 -0.214 0.05 0.047 1.004 9473.2 3.9967 16.819233 2.437943 18.125 15.687057 "" "" 1540.79102 1774.6897 3525.76748 2.176 768.1 7.1414 4210.5 9.9283 "" "" 0.0028356308939072347 0.010473127 0.0045648767 0.015038003 343.78914329942 60.74478591866 1633.16455 1.106 -0.21399999999999997
344.07428736362 60.88256945872 0.0427 0.0391 14.2369 "" "" 2014728648425745280 1159.04468 0.8395 0.0498 -2.16 -10.486 0.054 0.048 1.014 "" "" 16.824135 1.809936 17.708696 15.898761 "" "" 1098.49719 1210.91211 3509.88293 2.059 1127.0 5.5007 3464.6 8.6405 "" "" 0.002827978496515983 0.005988957 0.0046492675 0.010638224 344.07428736362 60.88256945872 1159.04468 -2.1599999999999997 -10.486
344.96776557929 60.75910052306 0.1092 0.114 30.4528 "" "" 2014668454460949888 1327.39136 0.7955 0.1298 -2.593 0.4 0.138 0.147 3.044 5185.6 4.6756 16.82482 1.86326 17.648046 15.784786 "" "" 1139.34717 1649.25452 3507.6711 12.723 1191.8 7.5941 3848.1 10.053 "" "" 0.004806350767873616 0.007459721 0.00472537 0.012185091 344.96776557929 60.75910052306 1327.39136 -2.5929999999999995 0.4000000000000001
343.65696753691 60.74578794347 0.0404 0.0392 27.2159 "" "" 2014632308012830592 1365.01318 0.7012 0.0463 0.453 -2.703 0.051 0.048 1.022 9286.0 3.8317 16.825144 2.345407 18.070818 15.725411 "" "" 1301.72595 1447.40308 3506.62404 2.1646 807.4 8.5567 4064.4 11.823 "" "" 0.0028356612366949824 0.011839922 0.0049253106 0.016765233 343.65696753691 60.74578794347 1365.01318 0.45299999999999985 -2.7029999999999994
345.04953312497 61.10530125083 0.0462 0.0416 24.2492 "" "" 2014714324713089920 1451.6958 0.6687 0.0525 1.184 -2.054 0.06 0.052 1.002 5619.1 4.4399 16.82613 1.915957 17.756971 15.841014 "" "" 1339.60242 1557.00903 3503.44116 2.4151 1078.0 9.2416 3653.9 15.127 "" "" 0.002855165747169099 0.009717122 0.0058726394 0.015589761 345.04953312497 61.10530125083 1451.6958 1.1839999999999997 -2.0539999999999994
344.78207665566 61.1578829597 0.051 0.0471 16.7278 "" "" 2014738891925128960 1216.80298 0.791 0.059 -1.834 1.015 0.072 0.063 1.159 7663.9 4.1938 16.82705 2.175869 17.931923 15.756054 "" "" 1133.49585 1301.6875 3500.47285 3.4651 917.59 9.2409 3951.3 9.241 "" "" 0.0029575172693459516 0.011284652 0.0045531807 0.015837833 344.78207665566 61.1578829597 1216.80298 -1.834 1.0149999999999997
345.09248497933 61.17154575861 0.0426 0.0404 25.7314 "" "" 2014715561661971968 1221.13757 0.79 0.0509 -0.537 -0.933 0.055 0.046 0.995 5350.0 4.6389 16.829544 1.680322 17.624315 15.943994 "" "" 1155.89661 1306.88013 3492.44375 2.0647 1218.1 8.3626 3323.2 6.297 "" "" 0.0028290979943359773 0.007958986 0.0043030553 0.012262041 345.09248497933 61.17154575861 1221.13757 -0.537 -0.9329999999999998
343.72384068282 61.17549917826 0.0492 0.0427 14.7015 "" "" 2206810821536279296 1489.95581 0.6294 0.0555 0.918 -2.03 0.068 0.056 0.961 8915.8 4.2293 16.834024 2.396183 18.119783 15.7236 "" "" 1376.84656 1640.18091 3478.05926 2.4418 771.8 7.6435 4071.2 14.661 "" "" 0.0028588134743755666 0.011108669 0.0054379255 0.016546596 343.72384068282 61.17549917826 1489.95581 0.918 -2.0299999999999994
344.19627414173 61.29623574122 0.0472 0.0426 11.1785 "" "" 2014753048136303488 1253.49646 0.7736 0.0523 2.999 0.991 0.059 0.053 1.022 7123.8 4.3364 16.836502 2.416884 18.140594 15.72371 "" "" 1185.60242 1342.49365 3470.13056 2.283 757.15 6.4606 4070.7 10.504 "" "" 0.0028464052268545384 0.0096753985 0.0047045536 0.014379952 344.19627414173 61.29623574122 1253.49646 2.999 0.991
344.47484296586 61.29757778593 0.1164 0.1217 13.5553 "" "" 2014755449019692288 1650.51917 0.6682 0.1294 -5.549 -0.543 0.167 0.146 1.687 "" "" 16.839922 2.351542 17.37931 15.027769 "" "" 1330.37952 2023.34534 3459.21844 6.1734 1526.5 18.795 7727.7 23.757 "" "" 0.0033684116741478304 0.013656179 0.0050423117 0.018698491 344.47484296586 61.29757778593 1650.51917 -5.549 -0.5430000000000004
343.88728338142 61.16623381321 0.0446 0.0398 10.0196 "" "" 2014750677314136576 1450.43127 0.6625 0.052 0.909 -2.307 0.058 0.05 0.978 8923.9 4.3113 16.840216 2.254257 18.021965 15.767708 "" "" 1358.69995 1549.72864 3458.27988 2.1547 844.56 9.4989 3909.1 8.6861 "" "" 0.0028371475533442415 0.012526152 0.00448375 0.017009903 343.88728338142 61.16623381321 1450.43127 0.9089999999999999 -2.307
345.26490457635 61.05456465897 0.0443 0.0425 30.6968 "" "" 2014698759750041344 1672.25098 0.5772 0.0527 -1.103 1.097 0.056 0.05 1.056 5027.0 4.2699 16.842663 1.824388 17.717997 15.893608 "" "" 1557.31519 1891.02344 3450.49835 2.3688 1117.4 11.432 3481.1 10.955 "" "" 0.002854358627706847 0.011453115 0.005094927 0.016548041 345.26490457635 61.05456465897 1672.25098 -1.103 1.097
345.10815862572 61.07941967154 0.0472 0.0425 26.0228 "" "" 2014711129255800832 1148.65051 0.8468 0.0545 41.171 39.728 0.061 0.052 1.036 7665.1 4.4409 16.847464 1.812826 17.724964 15.912138 "" "" 1092.86047 1219.30176 3435.27404 2.3277 1110.3 7.2687 3422.2 7.2439 "" "" 0.002851844461792819 0.0076359115 0.0044232947 0.012059206 345.10815862572 61.07941967154 1148.65051 41.17100000000001 39.728
344.24201881264 61.26773963485 0.0456 0.0419 9.495 "" "" 2014752532740247680 1429.89929 0.6749 0.0504 0.871 -2.311 0.058 0.055 1.008 8192.8 4.4116 16.849144 2.254076 18.035658 15.781582 "" "" 1331.15637 1525.67578 3429.96361 2.163 833.98 7.6794 3859.5 15.823 "" "" 0.0028391167688414324 0.010379651 0.0058392948 0.016218945 344.24201881264 61.26773963485 1429.89929 0.871 -2.311
343.2821280012 61.37411690591 0.0452 0.0409 31.1951 "" "" 2206831063720923520 1559.3125 0.6143 0.0501 0.516 -2.345 0.062 0.052 1.115 "" "" 16.854227 2.135072 17.949377 15.814305 "" "" 1420.09119 1713.96912 3413.94291 1.973 902.95 10.927 3744.9 12.528 "" "" 0.0028258648188287383 0.013431968 0.0052417903 0.018673759 343.2821280012 61.37411690591 1559.3125 0.5160000000000001 -2.3450000000000006
345.33071650221 61.14445590364 0.0462 0.0414 32.4442 "" "" 2014712469285606528 1304.80518 0.7393 0.0549 -3.965 1.116 0.057 0.047 1.093 4954.2 4.3288 16.854641 1.709581 17.658148 15.948566 "" "" 1220.16223 1437.64478 3412.64057 2.0158 1180.8 10.12 3309.3 12.845 "" "" 0.0028289738258530425 0.009714571 0.0056607234 0.015375294 345.33071650221 61.14445590364 1304.80518 -3.9650000000000003 1.1160000000000005
343.09453895782 61.00511646438 0.0442 0.0405 33.0835 "" "" 2206805603154485120 1376.81628 0.6775 0.0502 -4.828 0.846 0.056 0.048 0.96 9423.2 4.3012 16.855043 2.689224 18.357327 15.668102 "" "" 1297.83801 1480.08594 3411.37277 2.6188 620.14 9.9762 4284.7 12.407 "" "" 0.002878625641615327 0.017687706 0.004916088 0.022603795 343.09453895782 61.00511646438 1376.81628 -4.828 0.8460000000000001
344.70747706988 60.91897185907 0.0428 0.0405 18.3879 "" "" 2014684878415702016 1408.13147 0.6721 0.0507 0.54 -2.379 0.057 0.052 0.981 6917.4 4.2823 16.85976 2.041757 17.89202 15.850263 "" "" 1318.42261 1520.22742 3396.58885 2.0303 951.94 8.5955 3622.9 9.5406 "" "" 0.0028307215044897772 0.010192926 0.004739063 0.014931989 344.70747706988 60.91897185907 1408.13147 0.5399999999999999 -2.3789999999999996
344.29424901367 60.92596236995 0.0415 0.041 11.2975 "" "" 2014729782297151104 1562.48328 0.6199 0.0499 -1.656 -3.047 0.056 0.052 1.01 "" "" 16.861607 2.035217 17.888144 15.852926 "" "" 1446.02039 1682.77454 3390.81354 2.1874 955.34 6.7536 3614.0 12.513 "" "" 0.0028429483285371845 0.008166823 0.0053306147 0.013497437 344.29424901367 60.92596236995 1562.48328 -1.6560000000000001 -3.047
343.58924852407 61.5658179067 0.045 0.0447 32.7102 "" "" 2206881125859932800 1420.6593 0.6698 0.0529 0.014 -4.865 0.059 0.055 1.054 5356.8 4.1952 16.865051 2.307828 18.070814 15.762986 "" "" 1313.10583 1544.94983 3380.07379 2.1555 807.4 10.252 3926.1 15.511 "" "" 0.0028409827544135257 0.014065702 0.005716922 0.019782625 343.58924852407 61.5658179067 1420.6593 0.014000000000000234 -4.865000000000001
343.16761876632 60.93858205431 0.0415 0.0425 32.0836 "" "" 2206801308182350976 1381.97656 0.6825 0.0483 0.171 -3.05 0.057 0.052 1.017 "" "" 16.87407 2.56056 18.279222 15.718662 "" "" 1281.02185 1455.87012 3352.11693 2.1958 666.39 9.6234 4089.7 8.9045 "" "" 0.0028456298452249422 0.015925542 0.0044578123 0.020383354 343.16761876632 60.93858205431 1381.97656 0.17099999999999993 -3.0499999999999994
345.30709315465 61.01995733613 0.0453 0.0434 32.214 "" "" 2014697763317665664 1639.28906 0.591 0.0534 -1.644 -2.629 0.056 0.047 1.072 "" "" 16.876938 1.719991 17.691717 15.971726 "" "" 1500.05066 1799.99109 3343.27093 1.9934 1144.8 7.3192 3239.4 8.3074 "" "" 0.002830347488224043 0.0074813482 0.004694291 0.012175639 345.30709315465 61.01995733613 1639.28906 -1.6439999999999997 -2.629
343.64018624374 61.3695042288 0.0497 0.0424 22.7111 "" "" 2206828452380870784 1425.60193 0.6779 0.0543 -2.858 -0.868 0.063 0.05 1.025 7099.7 4.2412 16.882793 2.56062 18.292301 15.731681 "" "" 1324.12439 1545.97754 3325.29102 2.1261 658.41 10.195 4041.0 10.027 "" "" 0.0028414237859611447 0.017041797 0.0046412996 0.021683097 343.64018624374 61.3695042288 1425.60193 -2.8580000000000005 -0.868
345.15838426981 61.34588834533 0.0473 0.0409 30.7465 "" "" 2014764764807216640 1325.38232 0.7259 0.0508 -2.918 -2.133 0.06 0.05 1.034 "" "" 16.883257 1.858297 17.776932 15.918634 "" "" 1242.03027 1410.32031 3323.87107 2.4403 1058.4 9.1811 3401.8 13.511 "" "" 0.0028683076204525245 0.009822833 0.0057340343 0.015556868 345.15838426981 61.34588834533 1325.38232 -2.9179999999999993 -2.1330000000000005
344.0895626962 60.83605796663 0.0437 0.0419 16.8316 "" "" 2014727553210285952 1286.27051 0.7541 0.0526 0.869 -2.256 0.058 0.052 0.982 9618.8 4.3786 16.8853 1.82501 17.775085 15.950075 "" "" 1202.67908 1379.06689 3317.61923 2.1569 1060.2 6.8084 3304.7 8.1897 "" "" 0.0028443011168299594 0.0075099436 0.0046393345 0.012149278 344.0895626962 60.83605796663 1286.27051 0.869 -2.256
344.1696213452 61.27171674579 0.0484 0.0432 9.778 "" "" 2014752945057095680 1183.10852 0.8196 0.0542 -6.113 -2.844 0.059 0.05 0.974 4977.9 4.1685 16.886097 2.550152 18.294159 15.744007 "" "" 1115.97168 1248.98682 3315.18785 2.3637 657.28 5.8506 3995.4 7.6164 "" "" 0.002862001359815165 0.010059095 0.0043090032 0.014368098 344.1696213452 61.27171674579 1183.10852 -6.113000000000001 -2.844
344.20466860945 61.06637040808 0.0456 0.0447 2.6354 "" "" 2014735284151379072 1538.15564 0.6243 0.0562 0.929 -2.377 0.061 0.054 0.983 "" "" 16.895895 2.120027 17.988785 15.868758 "" "" 1406.71326 1692.33875 3285.40637 2.3459 870.77 7.1947 3561.7 9.8052 "" "" 0.0028623085280004867 0.009394742 0.0048184795 0.014213221 344.20466860945 61.06637040808 1538.15564 0.9289999999999999 -2.377
