Clusters/Gulliver_19/Gulliver_19_stars_in_region.tsv
# %ECSV 1.0
# ---
# datatype:
# - name: RA_ICRS_1
#   unit: deg
#   datatype: float64
#   format: '{:15.11f}'
#   description: Right ascension (ICRS) at Ep=2016.0 (ra)
#   meta: !!omap
#   - {ucd: POS_EQ_RA_MAIN}
#   - {width: 15}
#   - {precision: '11'}
# - name: DE_ICRS_1
#   unit: deg
#   datatype: float64
#   format: '{:15.11f}'
#   description: Declination (ICRS) at Ep=2016.0 (dec)
#   meta: !!omap
#   - {ucd: POS_EQ_DEC_MAIN}
#   - {width: 15}
#   - {precision: '11'}
# - name: e_RA_ICRS
#   unit: mas
#   datatype: float64
#   format: '{:7.4f}'
#   description: Standard error of right ascension (ra_error)
#   meta: !!omap
#   - {ucd: ERROR}
#   - {width: 7}
#   - {precision: '4'}
# - name: e_DE_ICRS
#   unit: mas
#   datatype: float64
#   format: '{:7.4f}'
#   description: Standard error of declination (dec_error)
#   meta: !!omap
#   - {ucd: ERROR}
#   - {width: 7}
#   - {precision: '4'}
# - name: _r_1
#   unit: ''
#   datatype: float64
#   format: '{:7.4f}'
#   description: Distance from center (344.21311475000+61.11010394000)[ICRS], at Epoch=J2016.0
#   meta: !!omap
#   - {ucd: POS_ANG_DIST_GENERAL}
#   - {width: 7}
#   - {precision: '4'}
# - name: HIP
#   datatype: int32
#   description: '? HIP cross-id number, van Leeuwen, Cat. I/311 (hip_original_ext_source_id)'
#   meta: !!omap
#   - {ucd: ID_NUMBER}
#   - {width: 6}
#   - values: {'null': -2147483648}
# - name: TYC2
#   datatype: string
#   description: Tycho-2 cross-id name, Hog et al., Cat. I/259 (tyc2_original_ext_source_id)
#   meta: !!omap
#   - {ucd: ID_CROSSID}
#   - {_votable_string_dtype: char}
# - name: Source
#   datatype: int64
#   description: Source identifier, identical to the Gaia-EDR3 source_id (id)
#   meta: !!omap
#   - {ucd: ID_MAIN}
#   - {width: 19}
# - name: rgeo
#   unit: pc
#   datatype: float64
#   format: '{:15.8f}'
#   description: '? Median of the geometric distance posterior (r_med_geo)'
#   meta: !!omap
#   - {ucd: PHYS_DISTANCE_TRUE}
#   - {width: 15}
#   - {precision: '8'}
#   - values: {'null': .nan}
# - name: Plx
#   unit: mas
#   datatype: float64
#   format: '{:9.4f}'
#   description: '? Parallax (parallax)'
#   meta: !!omap
#   - {ucd: POS_PARLX_TRIG}
#   - {width: 9}
#   - {precision: '4'}
#   - values: {'null': .nan}
# - name: e_Plx
#   unit: mas
#   datatype: float32
#   format: '{:7.4f}'
#   description: '? Standard error of parallax (parallax_error)'
#   meta: !!omap
#   - {ucd: ERROR}
#   - {width: 7}
#   - {precision: '4'}
#   - values: {'null': .nan}
# - name: pmRA
#   unit: mas / yr
#   datatype: float64
#   format: '{:9.3f}'
#   description: '? Proper motion in right ascension direction, pmRA*cosDE (pmra)'
#   meta: !!omap
#   - {ucd: POS_EQ_PMRA}
#   - {width: 9}
#   - {precision: '3'}
#   - values: {'null': .nan}
# - name: pmDE
#   unit: mas / yr
#   datatype: float64
#   format: '{:9.3f}'
#   description: '? Proper motion in declination direction (pmdec)'
#   meta: !!omap
#   - {ucd: POS_EQ_PMDEC}
#   - {width: 9}
#   - {precision: '3'}
#   - values: {'null': .nan}
# - name: e_pmRA
#   unit: mas / yr
#   datatype: float32
#   format: '{:6.3f}'
#   description: '? Standard error of proper motion in right ascension direction (pmra_error)'
#   meta: !!omap
#   - {ucd: ERROR}
#   - {width: 6}
#   - {precision: '3'}
#   - values: {'null': .nan}
# - name: e_pmDE
[...]
#         unit: &id001 !astropy.units.Unit {unit: deg}
#         value: !astropy.table.SerializedColumn {name: SkyCoord.dec}
#       distance: !astropy.table.SerializedColumn
#         __class__: astropy.coordinates.distances.Distance
#         unit: !astropy.units.Unit {unit: pc}
#         value: !astropy.table.SerializedColumn {name: SkyCoord.distance}
#       frame: icrs
#       obstime: !astropy.time.Time {format: jyear_str, in_subfmt: '*', jd1: 367701545.0, jd2: 0.0, out_subfmt: '*', precision: 3, scale: tt}
#       pm_dec: !astropy.table.SerializedColumn
#         __class__: astropy.units.quantity.Quantity
#         unit: !astropy.units.Unit {unit: mas / yr}
#         value: !astropy.table.SerializedColumn {name: SkyCoord.pm_dec}
#       pm_ra_cosdec: !astropy.table.SerializedColumn
#         __class__: astropy.units.quantity.Quantity
#         unit: !astropy.units.Unit {unit: mas / yr}
#         value: !astropy.table.SerializedColumn {name: SkyCoord.pm_ra_cosdec}
#       ra: !astropy.table.SerializedColumn
#         __class__: astropy.coordinates.angles.Longitude
#         unit: *id001
#         value: !astropy.table.SerializedColumn {name: SkyCoord.ra}
#         wrap_angle: !astropy.coordinates.Angle
#           unit: *id001
#           value: 360.0
#       representation_type: spherical
# schema: astropy-2.0
RA_ICRS_1 DE_ICRS_1 e_RA_ICRS e_DE_ICRS _r_1 HIP TYC2 Source rgeo Plx e_Plx pmRA pmDE e_pmRA e_pmDE RUWE Teff logg Gmag BP-RP BPmag RPmag RV e_RV b_rgeo B_rgeo FG e_FG FBP e_FBP FRP e_FRP RAVE5 RAVE6 e_Gmag e_BPmag e_RPmag e_BP-RP SkyCoord.ra SkyCoord.dec SkyCoord.distance SkyCoord.pm_ra_cosdec SkyCoord.pm_dec
[from data line 285]
343.64785744095 61.44383690808 0.0749 0.0706 25.8187 "" "" 2206829723691342464 1635.97437 0.5828 0.0862 4.659 0.317 0.096 0.085 2.732 7389.4 4.2531 15.89305 2.209441 17.025663 14.816222 "" "" 1434.84277 1890.25378 8274.21034 7.4837 2114.2 8.885 9390.1 15.645 "" "" 0.0029250854644083057 0.0053483266 0.004189997 0.009538324 343.64785744095 61.44383690808 1635.97437 4.658999999999999 0.31700000000000006
345.29971194933 61.28820404699 0.029 0.0249 33.1767 "" "" 2014717932483886464 1666.04749 0.5755 0.0324 -2.533 -0.592 0.036 0.03 0.999 7981.3 4.2534 15.894218 1.519717 16.58693 15.067212 "" "" 1581.53088 1751.85254 8265.31158 3.3519 3167.0 8.3243 7452.0 9.2864 "" "" 0.002790279582206911 0.003991145 0.0040142676 0.008005412 345.29971194933 61.28820404699 1666.04749 -2.5330000000000004 -0.592
343.84671049518 61.52562916113 0.0255 0.0249 27.0722 "" "" 2206924178607974016 1515.0835 0.634 0.0293 -1.991 -3.438 0.032 0.03 1.0 8997.5 4.2485 15.894403 1.941464 16.856821 14.915357 "" "" 1457.11707 1580.96179 8263.9061 3.2712 2469.9 10.701 8570.7 13.254 "" "" 0.0027886376775441337 0.005469266 0.004135556 0.009604822 343.84671049518 61.52562916113 1515.0835 -1.9909999999999997 -3.438
344.1510962758 61.02740021465 0.0257 0.0279 5.2786 "" "" 2014733703603417600 1386.66736 0.6948 0.033 -5.562 -3.635 0.036 0.034 0.972 7494.2 3.8521 15.898599 1.87913 16.822414 14.943284 "" "" 1335.64941 1447.02698 8232.03809 3.4709 2549.5 7.736 8353.0 12.267 "" "" 0.002793090418033017 0.0043172436 0.0041019637 0.008419207 344.1510962758 61.02740021465 1386.66736 -5.561999999999999 -3.6349999999999993
345.31788171581 61.27822693013 0.0282 0.0252 33.494 "" "" 2014717829404682112 1601.76575 0.5994 0.0318 -5.573 -0.53 0.037 0.029 0.961 8154.6 3.8826 15.904487 1.669606 16.689959 15.020352 "" "" 1527.90723 1700.25183 8187.51222 3.3063 2880.3 7.6681 7780.7 12.139 "" "" 0.0027899861913445725 0.004017473 0.004141622 0.008159095 345.31788171581 61.27822693013 1601.76575 -5.573000000000001 -0.5300000000000004
345.30407317998 61.06271526922 0.0255 0.0253 31.7751 "" "" 2014698794109782656 1405.88489 0.693 0.0311 0.884 -3.423 0.034 0.029 1.032 6943.1 4.0924 15.908443 1.754418 16.754856 15.000438 "" "" 1344.95093 1471.57678 8157.7284 2.9194 2713.2 6.1418 7924.7 11.18 "" "" 0.002782581842492501 0.0037182786 0.0040779817 0.0077962605 345.30407317998 61.06271526922 1405.88489 0.8839999999999999 -3.422999999999999
343.80479419462 61.59006151057 0.025 0.0257 31.1008 "" "" 2206928198697339264 1691.1344 0.5582 0.0302 -10.773 -4.381 0.031 0.031 0.983 6351.2 3.7402 15.912457 2.379248 17.185944 14.806696 "" "" 1596.71179 1780.35645 8127.63029 3.6024 1824.1 8.9204 9472.8 17.085 "" "" 0.0027970290146758017 0.005998055 0.0042565647 0.01025462 343.80479419462 61.59006151057 1691.1344 -10.773000000000001 -4.381
344.0286534748 61.0511753995 0.0422 0.043 6.4145 "" "" 2014745317190191360 1217.43982 0.7877 0.0515 1.498 -5.804 0.059 0.054 1.503 6022.3 3.9946 15.915189 1.89736 16.72543 14.82807 "" "" 1153.89307 1299.60632 8107.20982 6.1786 2787.7 18.473 9288.2 39.475 "" "" 0.00287688488997238 0.0077168304 0.0059645935 0.013681424 344.0286534748 61.0511753995 1217.43982 1.4980000000000002 -5.804000000000001
344.00006001257 60.69909757273 0.0246 0.0239 25.4317 "" "" 2014585200815244032 1489.05359 0.6362 0.0292 0.083 -2.264 0.034 0.031 0.985 "" "" 15.924176 2.696735 17.428371 14.731636 "" "" 1423.48022 1581.45508 8040.37647 3.8719 1459.0 11.042 10151.0 13.196 "" "" 0.002804488391525029 0.008677857 0.004034334 0.012712191 344.00006001257 60.69909757273 1489.05359 0.08299999999999991 -2.264
345.24878970941 60.89126669749 0.0262 0.0258 32.8623 "" "" 2014692815515422336 1287.86829 0.765 0.0305 -12.343 -9.059 0.032 0.031 1.069 "" "" 15.93616 1.777413 16.791565 15.014152 "" "" 1233.80969 1340.4519 7952.11882 3.0542 2623.0 7.9654 7825.2 11.603 "" "" 0.0027866970925481665 0.004319258 0.004107981 0.008427239 345.24878970941 60.89126669749 1287.86829 -12.343000000000002 -9.059
344.707238593 60.73308764925 0.1016 0.1146 26.82 "" "" 2014667423668229888 1310.6687 0.8135 0.1303 -6.961 -6.461 0.136 0.142 4.225 9035.8 4.4385 15.936846 1.796391 16.758102 14.961712 "" "" 1102.08728 1532.64148 7947.09603 11.258 2705.1 8.1777 8212.5 11.086 "" "" 0.0031555442569027882 0.004307927 0.004053615 0.008361543 344.707238593 60.73308764925 1310.6687 -6.9609999999999985 -6.4609999999999985
345.10587048526 61.31594297202 0.0302 0.0246 28.5985 "" "" 2014764421209838976 1238.27844 0.7847 0.0316 -11.81 -12.522 0.038 0.029 0.954 7184.3 4.219 15.940179 1.797861 16.80866 15.010799 "" "" 1182.50879 1279.73633 7922.73446 3.0878 2582.0 8.5686 7849.4 11.325 "" "" 0.0027876241946670653 0.0045571346 0.0040911613 0.008648296 345.10587048526 61.31594297202 1238.27844 -11.81 -12.522000000000002
345.1504213359 61.04410124255 0.0268 0.0253 27.4852 "" "" 2014710132823422336 1381.18579 0.6981 0.0313 -0.384 -2.934 0.033 0.03 1.041 "" "" 15.944014 1.841001 16.839722 14.998721 "" "" 1328.13354 1432.44006 7894.80576 3.2184 2509.2 9.6426 7937.2 12.362 "" "" 0.0027906441024918164 0.0050193374 0.004140439 0.009159776 345.1504213359 61.04410124255 1381.18579 -0.3839999999999998 -2.934
344.11431931239 61.02730592055 0.0264 0.0268 5.7361 "" "" 2014733669243676672 1362.35034 0.706 0.0331 -11.782 -7.063 0.037 0.033 0.953 "" "" 15.950749 2.061921 16.995403 14.933482 "" "" 1304.77686 1430.49255 7845.97853 3.5957 2174.0 8.6403 8428.8 10.337 "" "" 0.002799887971771162 0.0051386156 0.0040070834 0.009145699 344.11431931239 61.02730592055 1362.35034 -11.781999999999996 -7.062999999999998
343.94432804145 61.21661948156 0.0285 0.0257 10.0671 "" "" 2014751123990734080 1624.54993 0.588 0.0331 1.028 -2.129 0.036 0.032 0.979 9231.1 3.8226 15.952497 2.175003 17.072355 14.897352 "" "" 1546.89392 1711.89758 7833.36371 3.5642 2025.2 9.4597 8714.0 11.892 "" "" 0.0027992566700225504 0.005788337 0.0040594554 0.009847792 343.94432804145 61.21661948156 1624.54993 1.028 -2.1290000000000004
344.8050257448 60.82498455713 0.0252 0.0246 24.2839 "" "" 2014671271959397888 1257.59717 0.7672 0.03 -1.652 -6.661 0.032 0.032 0.952 8422.9 4.2244 15.958025 1.687428 16.7552 15.067771 "" "" 1219.40503 1298.35364 7793.5762 2.9399 2712.3 11.983 7448.2 16.55 "" "" 0.002785593427315354 0.0055492697 0.0044837464 0.010033016 344.8050257448 60.82498455713 1257.59717 -1.6520000000000004 -6.6610000000000005
345.22162397868 60.99444647273 0.0529 0.0549 30.0984 "" "" 2014698003835831552 1650.36194 0.6074 0.0651 -4.373 -3.208 0.07 0.061 2.014 "" "" 15.958858 "" "" "" "" "" 1490.97546 1844.15332 7787.60299 8.3179 "" "" "" "" "" "" 0.0029894183814897527 "" "" "" 345.22162397868 60.99444647273 1650.36194 -4.373 -3.2079999999999997
343.34497643992 61.41608415911 0.0298 0.0268 31.0515 "" "" 2206831544757252352 1375.46716 0.6982 0.0326 -1.673 -4.376 0.041 0.035 0.973 7947.8 4.0983 15.960875 2.086698 17.024374 14.937676 "" "" 1309.16248 1429.1908 7773.14448 3.2736 2116.7 12.196 8396.3 13.097 "" "" 0.002793003125083112 0.006849818 0.004141494 0.010991313 343.34497643992 61.41608415911 1375.46716 -1.6729999999999996 -4.376
344.129108898 61.13903397332 0.0279 0.0264 2.9896 "" "" 2014746932102929664 1568.72461 0.6106 0.0326 0.449 -2.673 0.039 0.033 1.023 9260.0 4.1003 15.961801 1.759231 16.808828 15.049598 "" "" 1466.50293 1658.24939 7766.523 3.1194 2581.6 8.8655 7573.9 9.7456 "" "" 0.002789615998113285 0.004656935 0.0040293285 0.008686263 344.129108898 61.13903397332 1568.72461 0.44899999999999995 -2.6730000000000005
345.01621776386 61.45863354347 0.0277 0.0251 31.1974 "" "" 2014781120042601728 1571.37646 0.6009 0.0317 0.147 -2.074 0.034 0.03 1.051 9257.8 4.207 15.962366 1.720001 16.758724 15.038723 "" "" 1510.53979 1669.45984 7762.47477 2.9981 2703.5 16.865 7650.1 25.739 "" "" 0.0027870483695859477 0.0073252474 0.0052562426 0.01258149 345.01621776386 61.45863354347 1571.37646 0.1469999999999999 -2.0739999999999994
344.86175057995 60.92502173738 0.0271 0.0292 21.8842 "" "" 2014685806128670336 1585.22058 0.6009 0.0341 -0.408 -1.419 0.038 0.039 1.051 "" "" 15.971146 1.869348 16.885027 15.015679 "" "" 1488.22693 1681.15552 7699.95771 3.2407 2406.6 11.219 7814.2 12.635 "" "" 0.002792955169569725 0.005779556 0.004167218 0.009946775 344.86175057995 60.92502173738 1585.22058 -0.40799999999999986 -1.419
343.32312314137 60.84709738441 0.0358 0.035 30.3335 "" "" 2014643681089464064 1213.24426 0.7824 0.0418 1.731 -2.196 0.046 0.043 1.161 "" "" 15.975815 3.753395 18.335043 14.581648 34.15 5.04 1161.77539 1273.0271 7666.91809 4.66 632.99 9.6358 11655.0 14.245 "" "" 0.0028332454830579555 0.016761666 0.0040055816 0.020767247 343.32312314137 60.84709738441 1213.24426 1.7310000000000003 -2.1960000000000006
345.18411497372 61.01848012876 0.0271 0.0261 28.7186 "" "" 2014698244353971712 1475.67188 0.6521 0.0311 1.374 -1.027 0.036 0.031 1.013 8916.4 4.2869 15.978124 1.731636 16.80408 15.072443 "" "" 1411.34692 1555.08521 7650.6304 3.6536 2592.9 9.2066 7416.2 11.605 "" "" 0.0028036816498704952 0.0047588856 0.004143701 0.008902587 345.18411497372 61.01848012876 1475.67188 1.3739999999999999 -1.0269999999999997
344.08971920182 60.89869413351 0.0392 0.0374 13.1825 "" "" 2014728755796364416 1642.08228 0.5978 0.0479 -1.71 0.264 0.051 0.046 1.556 10268.4 4.1104 15.983653 1.717506 16.767368 15.049862 "" "" 1515.57715 1796.12622 7611.76515 4.2612 2682.1 9.9411 7572.1 16.155 "" "" 0.0028215647211485965 0.004896892 0.0044327723 0.009329664 344.08971920182 60.89869413351 1642.08228 -1.7100000000000002 0.26399999999999996
343.69575455565 61.28590801029 0.0263 0.0265 18.301 "" "" 2206815258241381120 1321.90039 0.7238 0.0314 -5.631 -2.386 0.034 0.032 1.015 7489.0 3.8427 15.985055 2.089143 17.05306 14.963918 "" "" 1264.8584 1383.80713 7601.94277 2.9159 2061.5 6.9265 8195.8 7.8172 "" "" 0.002786615791423975 0.004592706 0.003918693 0.008511399 343.69575455565 61.28590801029 1321.90039 -5.631 -2.386
344.48335222443 61.02322681394 0.0275 0.0276 9.4183 "" "" 2014730714307340928 1461.05273 0.6534 0.0338 0.937 -2.259 0.04 0.037 0.968 "" "" 15.993384 1.893581 16.921087 15.027506 "" "" 1402.65613 1543.35852 7543.84946 3.0516 2328.0 9.1657 7729.6 16.417 "" "" 0.002790104475953297 0.0051047252 0.0044273473 0.009532073 344.48335222443 61.02322681394 1461.05273 0.937 -2.2589999999999995
344.33720740926 61.06287572584 0.0254 0.0254 4.5813 "" "" 2014734356438759552 1447.37524 0.6658 0.0302 0.904 -2.347 0.035 0.032 0.986 9462.4 4.1131 16.00464 1.783122 16.860489 15.077367 "" "" 1381.56091 1516.28345 7466.04308 2.95 2461.6 7.764 7382.6 12.483 "" "" 0.0027885173762005927 0.0044172374 0.004201669 0.008618906 344.33720740926 61.06287572584 1447.37524 0.904 -2.347
344.32543539864 60.9975071535 0.0273 0.0267 7.502 "" "" 2014731023544173824 1145.59106 0.8465 0.0318 -1.743 -0.076 0.035 0.033 1.035 "" "" 16.01185 1.886815 16.942297 15.055482 "" "" 1104.47766 1190.76111 7416.63265 3.4806 2283.0 8.4919 7533.0 9.0265 "" "" 0.0028020372054932607 0.0049086423 0.003997038 0.008905681 344.32543539864 60.9975071535 1145.59106 -1.743 -0.0759999999999999
344.92367585199 60.87196169447 0.045 0.0534 25.1318 "" "" 2014672921226835200 1400.38318 0.7039 0.057 2.242 1.318 0.061 0.075 1.311 "" "" 16.023018 1.687595 16.102154 14.414558 "" "" 1286.85242 1548.53992 7340.74196 11.802 4949.4 40.294 13594.0 71.102 "" "" 0.0032617237226756817 0.009269099 0.006821498 0.016090596 344.92367585199 60.87196169447 1400.38318 2.242 1.318
344.93242538283 61.30218315355 0.0322 0.0269 23.7685 "" "" 2014743702287577344 1534.31665 0.6314 0.0334 -6.331 -1.416 0.042 0.033 0.967 8089.9 3.9867 16.027609 2.188563 17.164127 14.975564 "" "" 1448.99097 1619.46655 7309.75852 4.0563 1861.1 10.22 8108.4 10.816 "" "" 0.0028204230432297057 0.006582758 0.004047379 0.010630136 344.93242538283 61.30218315355 1534.31665 -6.331000000000001 -1.4160000000000001
344.92330751891 60.87204960739 0.057 0.0704 25.12 "" "" 2014672921222751872 1435.06714 0.6744 0.0752 2.66 1.979 0.08 0.095 1.596 "" "" 16.029459 1.680965 16.096506 14.415541 "" "" 1297.83533 1609.11621 7297.31453 7.8352 4975.2 41.96 13581.0 60.024 "" "" 0.0029917886573477687 0.009572573 0.00610824 0.015680812 344.92330751891 60.87204960739 1435.06714 2.6600000000000006 1.9790000000000005
344.23991106366 60.97119357026 0.0275 0.0268 8.3709 "" "" 2014729408636136576 1278.54578 0.7545 0.0326 0.01 -3.515 0.038 0.034 0.925 9641.0 4.2955 16.030807 1.986644 17.027237 15.040593 "" "" 1220.29041 1329.07312 7288.25466 3.1875 2111.2 6.4606 7637.0 11.931 "" "" 0.002795937449943892 0.004338686 0.0041425643 0.00848125 344.23991106366 60.97119357026 1278.54578 0.010000000000000231 -3.5150000000000006
344.5863398778 60.70731821455 0.0271 0.0288 26.5064 "" "" 2014664395714151552 1367.26257 0.7012 0.0325 -11.766 -4.746 0.036 0.035 1.017 "" "" 16.037104 1.764838 16.880627 15.115788 "" "" 1316.29968 1420.98657 7246.11485 3.0161 2416.4 12.125 7126.0 12.5 "" "" 0.002792136126095035 0.006120929 0.004232136 0.010353065 344.5863398778 60.70731821455 1367.26257 -11.766 -4.746
343.82731093939 60.69380228943 0.0288 0.0298 27.3975 "" "" 2014584479260732928 1476.08557 0.6513 0.0346 -0.226 -1.358 0.037 0.036 1.162 "" "" 16.037489 2.438326 17.330284 14.891958 "" "" 1413.30518 1542.09155 7243.53981 3.7476 1597.0 8.1879 8757.4 14.601 "" "" 0.002811997269158165 0.006226745 0.0041905404 0.010417285 343.82731093939 60.69380228943 1476.08557 -0.2260000000000001 -1.3579999999999997
344.85063592432 61.11780986941 0.0279 0.0276 18.4837 "" "" 2014691716003522304 1213.96326 0.8017 0.0337 -2.779 -1.825 0.037 0.035 1.053 7498.4 4.1974 16.045143 1.648073 16.821129 15.173056 "" "" 1169.14917 1256.42212 7192.65848 3.3016 2552.5 9.065 6759.8 8.6477 "" "" 0.00280003045591682 0.004759522 0.004026531 0.008786052 344.85063592432 61.11780986941 1213.96326 -2.779 -1.8250000000000002
344.78970734813 60.81851700101 0.026 0.0265 24.249 "" "" 2014671237600200320 1292.48511 0.7517 0.0313 -5.708 -5.111 0.034 0.035 1.094 8319.3 4.1601 16.057056 1.88935 16.987795 15.098445 "" "" 1243.72192 1348.38025 7114.16519 3.044 2189.3 8.6772 7240.7 9.3935 "" "" 0.0027942098266455105 0.005128663 0.0040333276 0.00916199 344.78970734813 60.81851700101 1292.48511 -5.707999999999999 -5.110999999999999
344.69743138953 61.09571834485 0.0281 0.0282 14.0689 "" "" 2014737070858145536 1625.36792 0.5964 0.0338 -3.793 -3.15 0.039 0.037 0.983 7970.5 4.1967 16.058197 1.769061 16.903814 15.134753 "" "" 1542.26477 1730.65625 7106.70102 2.9158 2365.3 7.8701 7002.6 9.142 "" "" 0.0027910981443061375 0.0045646285 0.004036444 0.008601072 344.69743138953 61.09571834485 1625.36792 -3.7929999999999997 -3.15
343.46313316125 61.31692198255 0.0298 0.0292 24.9705 "" "" 2206826459516038400 1688.0946 0.5675 0.0361 3.897 0.33 0.04 0.036 1.066 8377.8 3.9139 16.059708 1.905661 16.99671 15.091049 "" "" 1602.95996 1794.87903 7096.81762 4.709 2171.4 10.533 7290.2 18.335 "" "" 0.0028479471430802685 0.0059601106 0.004662635 0.010622745 343.46313316125 61.31692198255 1688.0946 3.897 0.33
343.23825223256 60.9313671787 0.0274 0.0281 30.2998 "" "" 2014647769898296448 1419.06042 0.6728 0.0332 0.868 -2.515 0.036 0.034 1.041 "" "" 16.060635 1.981415 17.043638 15.062223 "" "" 1349.40674 1478.56067 7090.76197 3.3584 2079.5 9.3885 7486.3 12.687 "" "" 0.002802896662239957 0.005640333 0.0042034867 0.00984382 343.23825223256 60.9313671787 1419.06042 0.8680000000000001 -2.515
344.19225287512 61.27088091188 0.0308 0.0282 9.6655 "" "" 2014752945057099264 1463.54309 0.6595 0.0347 2.071 -2.176 0.039 0.035 1.048 9386.3 4.1154 16.06342 2.258742 17.24531 14.986567 "" "" 1390.95288 1538.91748 7072.59428 3.1366 1727.0 8.1724 8026.6 9.545 "" "" 0.0027970771559159275 0.0058465865 0.0039938367 0.009840423 344.19225287512 61.27088091188 1463.54309 2.0710000000000006 -2.176000000000001
