Clusters/Gulliver_19/Gulliver_19_stars_in_region.tsv
# %ECSV 1.0
# ---
# datatype:
# - name: RA_ICRS_1
#   unit: deg
#   datatype: float64
#   format: '{:15.11f}'
#   description: Right ascension (ICRS) at Ep=2016.0 (ra)
#   meta: !!omap
#   - {ucd: POS_EQ_RA_MAIN}
#   - {width: 15}
#   - {precision: '11'}
# - name: DE_ICRS_1
#   unit: deg
#   datatype: float64
#   format: '{:15.11f}'
#   description: Declination (ICRS) at Ep=2016.0 (dec)
#   meta: !!omap
#   - {ucd: POS_EQ_DEC_MAIN}
#   - {width: 15}
#   - {precision: '11'}
# - name: e_RA_ICRS
#   unit: mas
#   datatype: float64
#   format: '{:7.4f}'
#   description: Standard error of right ascension (ra_error)
#   meta: !!omap
#   - {ucd: ERROR}
#   - {width: 7}
#   - {precision: '4'}
# - name: e_DE_ICRS
#   unit: mas
#   datatype: float64
#   format: '{:7.4f}'
#   description: Standard error of declination (dec_error)
#   meta: !!omap
#   - {ucd: ERROR}
#   - {width: 7}
#   - {precision: '4'}
# - name: _r_1
#   unit: ''
#   datatype: float64
#   format: '{:7.4f}'
#   description: Distance from center (344.21311475000+61.11010394000)[ICRS], at Epoch=J2016.0
#   meta: !!omap
#   - {ucd: POS_ANG_DIST_GENERAL}
#   - {width: 7}
#   - {precision: '4'}
# - name: HIP
#   datatype: int32
#   description: '? HIP cross-id number, van Leeuwen, Cat. I/311 (hip_original_ext_source_id)'
#   meta: !!omap
#   - {ucd: ID_NUMBER}
#   - {width: 6}
#   - values: {'null': -2147483648}
# - name: TYC2
#   datatype: string
#   description: Tycho-2 cross-id name, Hog et al., Cat. I/259 (tyc2_original_ext_source_id)
#   meta: !!omap
#   - {ucd: ID_CROSSID}
#   - {_votable_string_dtype: char}
# - name: Source
#   datatype: int64
#   description: Source identifier, identical to the Gaia-EDR3 source_id (id)
#   meta: !!omap
#   - {ucd: ID_MAIN}
#   - {width: 19}
# - name: rgeo
#   unit: pc
#   datatype: float64
#   format: '{:15.8f}'
#   description: '? Median of the geometric distance posterior (r_med_geo)'
#   meta: !!omap
#   - {ucd: PHYS_DISTANCE_TRUE}
#   - {width: 15}
#   - {precision: '8'}
#   - values: {'null': .nan}
# - name: Plx
#   unit: mas
#   datatype: float64
#   format: '{:9.4f}'
#   description: '? Parallax (parallax)'
#   meta: !!omap
#   - {ucd: POS_PARLX_TRIG}
#   - {width: 9}
#   - {precision: '4'}
#   - values: {'null': .nan}
# - name: e_Plx
#   unit: mas
#   datatype: float32
#   format: '{:7.4f}'
#   description: '? Standard error of parallax (parallax_error)'
#   meta: !!omap
#   - {ucd: ERROR}
#   - {width: 7}
#   - {precision: '4'}
#   - values: {'null': .nan}
# - name: pmRA
#   unit: mas / yr
#   datatype: float64
#   format: '{:9.3f}'
#   description: '? Proper motion in right ascension direction, pmRA*cosDE (pmra)'
#   meta: !!omap
#   - {ucd: POS_EQ_PMRA}
#   - {width: 9}
#   - {precision: '3'}
#   - values: {'null': .nan}
# - name: pmDE
#   unit: mas / yr
#   datatype: float64
#   format: '{:9.3f}'
#   description: '? Proper motion in declination direction (pmdec)'
#   meta: !!omap
#   - {ucd: POS_EQ_PMDEC}
#   - {width: 9}
#   - {precision: '3'}
#   - values: {'null': .nan}
# - name: e_pmRA
#   unit: mas / yr
#   datatype: float32
#   format: '{:6.3f}'
#   description: '? Standard error of proper motion in right ascension direction (pmra_error)'
#   meta: !!omap
#   - {ucd: ERROR}
#   - {width: 6}
#   - {precision: '3'}
#   - values: {'null': .nan}
# - name: e_pmDE
[...]
#         unit: &id001 !astropy.units.Unit {unit: deg}
#         value: !astropy.table.SerializedColumn {name: SkyCoord.dec}
#       distance: !astropy.table.SerializedColumn
#         __class__: astropy.coordinates.distances.Distance
#         unit: !astropy.units.Unit {unit: pc}
#         value: !astropy.table.SerializedColumn {name: SkyCoord.distance}
#       frame: icrs
#       obstime: !astropy.time.Time {format: jyear_str, in_subfmt: '*', jd1: 367701545.0, jd2: 0.0, out_subfmt: '*', precision: 3, scale: tt}
#       pm_dec: !astropy.table.SerializedColumn
#         __class__: astropy.units.quantity.Quantity
#         unit: !astropy.units.Unit {unit: mas / yr}
#         value: !astropy.table.SerializedColumn {name: SkyCoord.pm_dec}
#       pm_ra_cosdec: !astropy.table.SerializedColumn
#         __class__: astropy.units.quantity.Quantity
#         unit: !astropy.units.Unit {unit: mas / yr}
#         value: !astropy.table.SerializedColumn {name: SkyCoord.pm_ra_cosdec}
#       ra: !astropy.table.SerializedColumn
#         __class__: astropy.coordinates.angles.Longitude
#         unit: *id001
#         value: !astropy.table.SerializedColumn {name: SkyCoord.ra}
#         wrap_angle: !astropy.coordinates.Angle
#           unit: *id001
#           value: 360.0
#       representation_type: spherical
# schema: astropy-2.0
RA_ICRS_1 DE_ICRS_1 e_RA_ICRS e_DE_ICRS _r_1 HIP TYC2 Source rgeo Plx e_Plx pmRA pmDE e_pmRA e_pmDE RUWE Teff logg Gmag BP-RP BPmag RPmag RV e_RV b_rgeo B_rgeo FG e_FG FBP e_FBP FRP e_FRP RAVE5 RAVE6 e_Gmag e_BPmag e_RPmag e_BP-RP SkyCoord.ra SkyCoord.dec SkyCoord.distance SkyCoord.pm_ra_cosdec SkyCoord.pm_dec
[from data line 449]
344.92001969774 60.70501377039 0.0326 0.0337 31.8751 "" "" 2014666633394830464 1566.02039 0.6096 0.0388 -7.733 -6.15 0.041 0.044 0.978 6475.1 3.7187 16.450336 1.808029 17.32608 15.518051 "" "" 1475.37524 1665.23132 4952.35592 2.3316 1603.2 9.4869 4919.7 11.082 "" "" 0.002802335732658881 0.007004524 0.004501688 0.011506212 344.92001969774 60.70501377039 1566.02039 -7.7330000000000005 -6.15
344.24202253904 61.22097770853 0.0405 0.0382 6.7048 "" "" 2014748920669276800 1697.7323 0.5586 0.0454 0.871 -3.597 0.053 0.048 1.046 4963.4 3.298 16.451475 2.853708 18.079155 15.225447 "" "" 1569.77502 1821.36096 4947.16874 3.3122 801.23 8.9708 6441.4 21.198 "" "" 0.0028495957741175824 0.012472312 0.0052010003 0.017673312 344.24202253904 61.22097770853 1697.7323 0.8710000000000001 -3.5970000000000004
344.42135662769 61.11987365947 0.0343 0.0327 6.0639 "" "" 2014735142413137920 1598.745 0.6088 0.0406 0.924 -2.244 0.046 0.043 1.005 9457.2 4.0976 16.454445 2.116584 17.519573 15.402989 "" "" 1498.87878 1725.30042 4933.65265 2.5039 1341.5 8.5001 5469.7 30.391 "" "" 0.0028098789873013757 0.0074237953 0.0071187215 0.014542516 344.42135662769 61.11987365947 1598.745 0.924 -2.2440000000000007
344.23256966603 61.04678917766 0.0341 0.0347 3.8406 "" "" 2014734459517663360 1195.1394 0.8095 0.0408 -2.771 -2.207 0.045 0.042 1.031 7749.8 4.203 16.454565 2.104992 17.529226 15.424234 "" "" 1142.92578 1268.58862 4933.1131 2.6221 1329.6 7.4176 5363.7 9.5813 "" "" 0.0028151085193799806 0.006668871 0.004247975 0.010916846 344.23256966603 61.04678917766 1195.1394 -2.7709999999999995 -2.207
344.63653698023 61.19258076566 0.041 0.0464 13.2192 "" "" 2014741567690151168 1160.18689 0.8342 0.0516 -9.587 -6.52 0.055 0.065 1.036 7442.3 4.2732 16.456522 1.924108 17.358469 15.434361 "" "" 1101.66919 1230.28809 4924.2272 3.5772 1556.1 23.561 5313.9 28.659 "" "" 0.0028659880526026257 0.016674295 0.0069693523 0.023643646 344.63653698023 61.19258076566 1160.18689 -9.586999999999998 -6.52
344.03922487305 60.80679152908 0.0333 0.0321 18.8904 "" "" 2014586747003458176 1263.70129 0.7556 0.0395 -5.25 0.741 0.044 0.04 0.953 "" "" 16.464163 1.916191 17.405313 15.489122 "" "" 1208.19043 1324.31885 4889.69682 2.7378 1490.4 10.928 5052.5 8.7811 "" "" 0.0028215868026611776 0.008435696 0.004224265 0.012659961 344.03922487305 60.80679152908 1263.70129 -5.25 0.7409999999999999
345.2259622769 61.02057038773 0.0403 0.0382 29.8881 "" "" 2014698072555289472 1577.21692 0.5983 0.0465 11.728 7.589 0.052 0.047 1.148 "" "" 16.46959 2.09117 17.5255 15.434329 "" "" 1470.78735 1697.69128 4865.32001 2.9094 1334.2 10.676 5314.1 13.839 "" "" 0.0028307814135639588 0.009124892 0.004719996 0.013844888 345.2259622769 61.02057038773 1577.21692 11.727999999999998 7.589
345.04627399373 60.77074474043 0.0326 0.0333 31.688 "" "" 2014668385741481472 1566.28406 0.6171 0.0391 1.227 3.367 0.04 0.041 1.032 6415.2 3.7367 16.47709 1.797964 17.351526 15.553562 "" "" 1470.52271 1712.03687 4831.81431 2.4029 1566.1 7.6502 4761.4 9.3972 "" "" 0.0028077268936949344 0.005992838 0.004344589 0.010337427 345.04627399373 60.77074474043 1566.28406 1.2270000000000003 3.3669999999999995
343.5541839127 61.13237296546 0.502 0.5608 19.1408 "" "" 2206809623245492352 1225.47778 1.821 0.6744 -4.271 -7.209 0.683 0.656 12.927 "" "" 16.479269 2.010265 17.115026 15.104761 "" "" 802.789856 1817.58228 4822.12988 24.633 1947.2 12.388 7198.7 11.588 "" "" 0.006192991090714556 0.0074496507 0.0041639344 0.011613585 343.5541839127 61.13237296546 1225.47778 -4.271000000000001 -7.209
344.63749332976 61.54833658242 0.1817 0.1707 28.9932 "" "" 2206916069709787776 1253.40552 0.8768 0.2109 -5.252 -0.397 0.224 0.195 4.981 "" "" 16.483423 2.558587 17.763117 15.20453 "" "" 1015.03632 1747.54138 4803.71729 28.357 1071.9 9.0793 6566.7 11.163 "" "" 0.0069764077534670375 0.0096104415 0.004205982 0.013816424 344.63749332976 61.54833658242 1253.40552 -5.252000000000001 -0.3969999999999999
344.76734877493 61.39087487122 0.039 0.0379 23.2296 "" "" 2014757755420503936 1533.13599 0.6063 0.0467 -5.144 0.844 0.049 0.046 1.009 4848.0 3.4065 16.486483 2.884445 18.137808 15.253363 "" "" 1400.42578 1671.55933 4790.19955 3.2049 759.09 15.7 6277.9 14.252 "" "" 0.0028494682057566795 0.022628585 0.0045121037 0.027140688 344.76734877493 61.39087487122 1533.13599 -5.144000000000001 0.844
344.26149829169 61.1698299889 0.04 0.0379 3.8478 "" "" 2014747825457038976 1541.8877 0.6239 0.0456 0.978 -2.271 0.052 0.047 1.048 8295.0 4.3273 16.488756 1.873062 17.408222 15.53516 "" "" 1469.78638 1655.98633 4780.17716 2.5681 1486.4 8.6397 4842.8 10.083 "" "" 0.002816385753777146 0.0069001284 0.00440385 0.011303978 344.26149829169 61.1698299889 1541.8877 0.978 -2.2710000000000004
344.02063576099 61.20591523552 0.0381 0.0345 8.0052 "" "" 2014751192710444544 1578.7179 0.6158 0.0431 0.924 -2.302 0.048 0.045 0.982 9159.2 4.2921 16.489286 2.012576 17.502796 15.49022 "" "" 1487.68433 1685.51428 4777.84738 2.6304 1362.4 8.4495 5047.4 9.5436 "" "" 0.0028194121674016024 0.007288835 0.004300947 0.011589782 344.02063576099 61.20591523552 1578.7179 0.924 -2.301999999999999
344.08916817023 60.79716069048 0.0385 0.0363 19.1206 "" "" 2014680308570039808 1175.72021 0.8257 0.0464 -2.952 -3.653 0.05 0.044 1.109 8840.2 4.3289 16.490328 1.890709 17.401457 15.510748 "" "" 1120.60181 1238.33606 4773.26795 3.1228 1495.7 9.7491 4952.9 16.38 "" "" 0.0028454069537177267 0.0076070926 0.0052131396 0.012820233 344.08916817023 60.79716069048 1175.72021 -2.9519999999999995 -3.652999999999999
345.02459401065 60.98318298956 0.0354 0.0331 24.7696 "" "" 2014686317224521984 1377.10864 0.7014 0.0416 -5.271 -5.304 0.045 0.041 0.977 8120.8 4.1291 16.493244 2.032049 17.520365 15.488316 "" "" 1319.08228 1459.25476 4760.46087 2.6745 1340.5 6.5337 5056.3 8.6079 "" "" 0.002822032774821011 0.0059824665 0.00420716 0.010189626 345.02459401065 60.98318298956 1377.10864 -5.271000000000002 -5.304000000000001
344.9099453867 61.05604621955 0.0376 0.0342 20.4752 "" "" 2014690371673836800 1332.82275 0.7234 0.0432 2.481 -3.952 0.049 0.044 1.047 8197.8 4.4184 16.49691 1.780451 17.357954 15.577503 "" "" 1260.70557 1418.55737 4744.41385 2.4541 1556.8 7.1458 4657.5 6.9328 "" "" 0.0028119733199229047 0.0057114987 0.0041104318 0.009821931 344.9099453867 61.05604621955 1332.82275 2.481 -3.952
343.71086432245 60.62767369789 0.0356 0.0331 32.4508 "" "" 2014583654626699008 1600.26819 0.6129 0.0399 -1.755 -0.879 0.043 0.039 1.027 9248.1 3.7658 16.497082 1.989025 17.493052 15.504026 "" "" 1507.11462 1707.13086 4743.66888 2.2738 1374.7 7.7645 4983.7 10.815 "" "" 0.0028040393336562115 0.006737305 0.0044536577 0.011190962 343.71086432245 60.62767369789 1600.26819 -1.7549999999999997 -0.8789999999999998
344.6441299888 61.07208832138 0.0365 0.0354 12.708 "" "" 2014736933419196032 1607.35889 0.5874 0.043 -2.632 -1.955 0.048 0.048 1.006 7158.9 4.0638 16.498932 2.380875 17.77395 15.393076 "" "" 1490.93567 1726.12183 4735.58951 3.0672 1061.3 7.4176 5519.9 10.783 "" "" 0.002843643849917355 0.00808509 0.004333844 0.012418933 344.6441299888 61.07208832138 1607.35889 -2.6319999999999997 -1.955
344.48953480612 61.55274450583 0.0366 0.0364 27.7246 "" "" 2206915519953959296 1577.02991 0.6117 0.0426 -7.012 -3.359 0.05 0.046 1.009 8086.8 4.131 16.499092 2.355211 17.760574 15.405363 "" "" 1486.64685 1681.08667 4734.88977 2.8207 1074.5 9.014 5457.7 9.9785 "" "" 0.002830219458768588 0.00952604 0.004268993 0.013795033 344.48953480612 61.55274450583 1577.02991 -7.011999999999999 -3.359
343.40116425775 61.25123603556 0.0446 0.0414 24.9639 "" "" 2206825944121199744 1461.43604 0.6487 0.0497 2.619 -5.445 0.062 0.052 1.046 6330.8 4.0837 16.500141 2.226111 17.667162 15.441051 "" "" 1346.33276 1557.85852 4730.32151 2.8586 1171.0 7.0264 5281.3 10.18 "" "" 0.0028323647896850716 0.0070871366 0.00432014 0.011407277 343.40116425775 61.25123603556 1461.43604 2.6190000000000007 -5.445000000000001
344.29668213261 60.61580874368 0.0384 0.0362 29.758 "" "" 2014662441506155776 1681.78503 0.5777 0.0439 -3.539 -2.474 0.045 0.044 0.996 "" "" 16.500963 2.118447 17.589699 15.471251 "" "" 1570.73157 1808.22974 4726.73588 2.633 1257.6 7.3897 5136.4 10.418 "" "" 0.0028209175556725002 0.006963273 0.0043741576 0.011337431 344.29668213261 60.61580874368 1681.78503 -3.539000000000001 -2.4739999999999998
344.94663604019 60.71817261116 0.0339 0.0352 31.7916 "" "" 2014666667754568192 1488.62366 0.6443 0.0407 1.483 -11.933 0.042 0.045 1.011 8025.3 4.4207 16.503204 1.750479 17.337406 15.586927 "" "" 1406.64636 1602.17139 4716.99246 2.2945 1586.6 6.6846 4617.3 9.5015 "" "" 0.0028054801480356635 0.0053581716 0.0043903897 0.009748561 344.94663604019 60.71817261116 1488.62366 1.483 -11.933000000000002
343.21749341617 61.16617623723 0.0378 0.0352 29.0305 "" "" 2206807733459867264 1693.75317 0.5527 0.044 -1.076 -1.321 0.049 0.043 1.024 9336.5 4.2427 16.506193 2.192866 17.632864 15.439998 "" "" 1577.08386 1848.23059 4704.02044 2.6467 1208.6 6.1106 5286.4 9.6372 "" "" 0.0028222279321442408 0.006157813 0.0042663123 0.010424126 343.21749341617 61.16617623723 1693.75317 -1.0760000000000003 -1.3210000000000002
344.13736556664 60.61281601281 0.0367 0.033 29.9192 "" "" 2014569154817439872 1482.7041 0.6397 0.0406 3.495 3.673 0.044 0.042 0.959 "" "" 16.506563 2.581656 17.903658 15.322001 "" "" 1405.63171 1564.29138 4702.41868 2.7619 941.79 9.2706 5893.3 27.576 "" "" 0.0028281514210360867 0.011045757 0.006331989 0.017377745 344.13736556664 60.61281601281 1482.7041 3.495 3.673000000000001
343.74627673015 61.44973234214 0.039 0.0359 24.4215 "" "" 2206923280957799040 1532.25232 0.6191 0.0443 -11.279 -2.992 0.051 0.044 1.019 6411.1 4.0177 16.518734 2.269747 17.71142 15.441673 "" "" 1434.66187 1635.52087 4650.00318 2.7164 1124.2 8.9572 5278.2 9.602 "" "" 0.002827378716137433 0.00908957 0.0042643812 0.013353951 343.74627673015 61.44973234214 1532.25232 -11.279 -2.992
344.22764980004 60.57295415246 0.0368 0.033 32.2318 "" "" 2014661857390610560 1694.17029 0.5738 0.0409 -1.062 -3.05 0.044 0.042 0.996 7096.2 4.3191 16.519325 1.791226 17.388083 15.596856 "" "" 1592.18384 1819.72534 4647.47438 2.4437 1514.2 7.0678 4575.3 8.4916 "" "" 0.0028138423795306387 0.0057851826 0.004283026 0.010068208 344.22764980004 60.57295415246 1694.17029 -1.0619999999999998 -3.0499999999999994
343.7255290528 60.74330578107 0.0365 0.0373 26.1998 "" "" 2014632445455478912 1256.43176 0.7694 0.0437 -3.372 -2.527 0.047 0.046 1.057 "" "" 16.527115 2.335712 17.758839 15.423126 "" "" 1184.77539 1322.49451 4614.24967 2.6845 1076.2 8.8744 5369.2 8.8169 "" "" 0.0028267984963894223 0.009377735 0.0041788174 0.013556552 343.7255290528 60.74330578107 1256.43176 -3.371999999999999 -2.527
344.66202883557 60.76373497967 0.0345 0.0355 24.5578 "" "" 2014670687843360512 1462.48999 0.6603 0.0423 1.665 -0.822 0.044 0.043 0.95 8506.6 4.3896 16.53562 1.794233 17.398941 15.604708 "" "" 1361.22571 1550.28723 4578.24448 2.3497 1499.1 7.8179 4542.3 10.675 "" "" 0.002811102860803955 0.006312318 0.0045600994 0.010872418 344.66202883557 60.76373497967 1462.48999 1.665 -0.822
343.77917117877 61.07769892104 0.0439 0.0426 12.7347 "" "" 2014655775717733376 1171.39807 0.8223 0.0496 -8.509 -6.417 0.065 0.06 1.091 9208.0 4.1864 16.535889 2.434077 17.848425 15.414348 "" "" 1104.5293 1249.97461 4577.1072 3.1024 990.94 6.617 5412.8 9.1208 "" "" 0.002851906148905342 0.0077683697 0.0041989097 0.011967279 343.77917117877 61.07769892104 1171.39807 -8.508999999999999 -6.417
344.73749953133 60.92318843051 0.0388 0.0381 18.9262 "" "" 2014685187653351424 1358.31677 0.7139 0.0467 3.343 -2.178 0.056 0.051 1.081 9168.5 4.1796 16.538141 1.958391 17.490898 15.532507 "" "" 1278.10742 1450.43005 4567.62005 3.1456 1377.4 8.5202 4854.6 12.859 "" "" 0.0028549731401408913 0.007272578 0.004749178 0.012021756 344.73749953133 60.92318843051 1358.31677 3.343 -2.178000000000001
344.39088519613 61.31589192038 0.0422 0.0385 13.373 "" "" 2014758373895772032 1634.31897 0.5775 0.0446 -6.947 -3.401 0.053 0.047 1.05 9159.9 4.0888 16.538397 2.413008 17.83277 15.419762 "" "" 1523.82947 1758.0415 4566.55179 2.5787 1005.3 6.8274 5385.8 12.905 "" "" 0.002822709768718248 0.007883917 0.0045882226 0.01247214 344.39088519613 61.31589192038 1634.31897 -6.947000000000001 -3.4010000000000002
344.44030115302 61.00461845948 0.0382 0.0385 9.1418 "" "" 2014730576867594368 1497.74695 0.6414 0.0459 -6.935 -2.737 0.051 0.05 1.089 7490.6 3.9839 16.541042 1.974599 17.525623 15.551024 "" "" 1405.8175 1611.79614 4555.43151 2.631 1334.0 6.7835 4772.5 8.3279 "" "" 0.0028257752023996565 0.0061860434 0.004227668 0.010413712 344.44030115302 61.00461845948 1497.74695 -6.9350000000000005 -2.7370000000000005
344.90596641425 61.1342347229 0.0378 0.0339 20.1285 "" "" 2014692059600909056 1162.60242 0.8406 0.0433 -0.282 -0.779 0.047 0.042 0.981 7184.8 4.3358 16.544935 1.891762 17.483746 15.591984 "" "" 1097.86438 1235.90906 4539.1273 2.7376 1386.5 7.5491 4595.8 8.9625 "" "" 0.002832062619815717 0.0065369103 0.004332077 0.010868987 344.90596641425 61.1342347229 1162.60242 -0.2819999999999999 -0.7790000000000001
344.5968708174 60.68800652973 0.0447 0.0449 27.6911 "" "" 2014661376354278272 1355.58606 0.7093 0.0531 -5.077 -3.811 0.057 0.054 1.245 8304.2 4.3452 16.54503 1.775796 17.349669 15.573873 "" "" 1266.93396 1477.59998 4538.72815 3.3513 1568.7 8.1456 4673.1 9.0392 "" "" 0.002869579633510493 0.0062904316 0.0043236944 0.010614126 344.5968708174 60.68800652973 1355.58606 -5.076999999999999 -3.811000000000001
344.05822280654 61.05762717119 0.0377 0.0366 5.487 "" "" 2014745282835236096 1514.797 0.6317 0.0462 -11.37 -3.164 0.051 0.047 0.991 8297.6 4.2407 16.545233 2.045225 17.582363 15.537138 "" "" 1426.44189 1649.35669 4537.88279 2.3331 1266.1 7.8827 4834.0 10.173 "" "" 0.0028112981954779574 0.007312962 0.004416388 0.01172935 344.05822280654 61.05762717119 1514.797 -11.37 -3.1639999999999997
344.27652571588 61.13096076947 0.0373 0.035 2.2232 "" "" 2014735730828247168 1244.7157 0.7776 0.0434 -1.29 -3.915 0.05 0.042 0.989 "" "" 16.560184 2.026582 17.582367 15.555785 "" "" 1173.05249 1317.80591 4475.82238 2.3505 1266.1 6.9422 4751.6 9.0563 "" "" 0.0028136976138576023 0.0065746577 0.0043088235 0.010883481 344.27652571588 61.13096076947 1244.7157 -1.29 -3.9149999999999996
344.16232361302 61.13987779669 0.0414 0.039 2.3145 "" "" 2014747653657438976 1676.6626 0.5825 0.0479 -2.065 -2.938 0.056 0.048 1.059 7989.2 4.0394 16.56393 2.173238 17.69083 15.517592 "" "" 1532.59497 1848.19507 4460.40771 2.3895 1145.7 6.9091 4921.8 8.5447 "" "" 0.0028160430410003935 0.0071172104 0.004223354 0.011340564 344.16232361302 61.13987779669 1676.6626 -2.065 -2.9380000000000006
344.00868223619 60.82108974685 0.0383 0.0362 18.3342 "" "" 2014633716765803904 1594.19836 0.5969 0.0454 -3.289 -1.606 0.05 0.046 1.072 9459.5 3.9805 16.563984 1.833101 17.453432 15.620331 "" "" 1466.97449 1744.02161 4460.18685 2.7716 1425.8 7.4524 4477.4 9.5581 "" "" 0.0028367218429062014 0.0063237706 0.0044334834 0.010757254 344.00868223619 60.82108974685 1594.19836 -3.2889999999999997 -1.606
343.84640269295 61.55976432726 0.0378 0.0406 28.9705 "" "" 2206927202264940544 1400.14893 0.682 0.0463 -4.479 -1.21 0.048 0.05 1.144 7179.9 4.3389 16.566208 2.000483 17.543097 15.542614 "" "" 1309.64832 1512.30737 4451.06385 2.4511 1312.7 14.535 4809.6 28.254 "" "" 0.002819443603559279 0.012341459 0.007413813 0.019755272 343.84640269295 61.55976432726 1400.14893 -4.479 -1.21
345.1716874751 61.348805315 0.0407 0.0343 31.167 "" "" 2014764764807217664 1563.39624 0.6177 0.0439 -2.794 -2.338 0.052 0.041 1.033 6332.7 4.0911 16.568113 1.874861 17.488577 15.613716 "" "" 1467.72327 1679.0896 4443.26031 2.5138 1380.3 7.969 4504.8 6.4404 "" "" 0.0028229605906821185 0.0068613053 0.004085732 0.0109470375 345.1716874751 61.348805315 1563.39624 -2.7939999999999996 -2.338
