Clusters/Gulliver_19/Gulliver_19_members.tsv
# %ECSV 1.0
# ---
# datatype:
# - name: RA_ICRS_1
#   unit: deg
#   datatype: float64
#   format: '{:15.11f}'
#   description: Right ascension (ICRS) at Ep=2016.0 (ra)
#   meta: !!omap
#   - {ucd: POS_EQ_RA_MAIN}
#   - {width: 15}
#   - {precision: '11'}
# - name: DE_ICRS_1
#   unit: deg
#   datatype: float64
#   format: '{:15.11f}'
#   description: Declination (ICRS) at Ep=2016.0 (dec)
#   meta: !!omap
#   - {ucd: POS_EQ_DEC_MAIN}
#   - {width: 15}
#   - {precision: '11'}
# - name: e_RA_ICRS
#   unit: mas
#   datatype: float64
#   format: '{:7.4f}'
#   description: Standard error of right ascension (ra_error)
#   meta: !!omap
#   - {ucd: ERROR}
#   - {width: 7}
#   - {precision: '4'}
# - name: e_DE_ICRS
#   unit: mas
#   datatype: float64
#   format: '{:7.4f}'
#   description: Standard error of declination (dec_error)
#   meta: !!omap
#   - {ucd: ERROR}
#   - {width: 7}
#   - {precision: '4'}
# - name: _r_1
#   unit: ''
#   datatype: float64
#   format: '{:7.4f}'
#   description: Distance from center (344.21311475000+61.11010394000)[ICRS], at Epoch=J2016.0
#   meta: !!omap
#   - {ucd: POS_ANG_DIST_GENERAL}
#   - {width: 7}
#   - {precision: '4'}
# - name: HIP
#   datatype: int32
#   description: '? HIP cross-id number, van Leeuwen, Cat. I/311 (hip_original_ext_source_id)'
#   meta: !!omap
#   - {ucd: ID_NUMBER}
#   - {width: 6}
#   - values: {'null': -2147483648}
# - name: TYC2
#   datatype: string
#   description: Tycho-2 cross-id name, Hog et al., Cat. I/259 (tyc2_original_ext_source_id)
#   meta: !!omap
#   - {ucd: ID_CROSSID}
#   - {_votable_string_dtype: char}
# - name: Source
#   datatype: int64
#   description: Source identifier, identical to the Gaia-EDR3 source_id (id)
#   meta: !!omap
#   - {ucd: ID_MAIN}
#   - {width: 19}
# - name: rgeo
#   unit: pc
#   datatype: float64
#   format: '{:15.8f}'
#   description: '? Median of the geometric distance posterior (r_med_geo)'
#   meta: !!omap
#   - {ucd: PHYS_DISTANCE_TRUE}
#   - {width: 15}
#   - {precision: '8'}
#   - values: {'null': .nan}
# - name: Plx
#   unit: mas
#   datatype: float64
#   format: '{:9.4f}'
#   description: '? Parallax (parallax)'
#   meta: !!omap
#   - {ucd: POS_PARLX_TRIG}
#   - {width: 9}
#   - {precision: '4'}
#   - values: {'null': .nan}
# - name: e_Plx
#   unit: mas
#   datatype: float32
#   format: '{:7.4f}'
#   description: '? Standard error of parallax (parallax_error)'
#   meta: !!omap
#   - {ucd: ERROR}
#   - {width: 7}
#   - {precision: '4'}
#   - values: {'null': .nan}
# - name: pmRA
#   unit: mas / yr
#   datatype: float64
#   format: '{:9.3f}'
#   description: '? Proper motion in right ascension direction, pmRA*cosDE (pmra)'
#   meta: !!omap
#   - {ucd: POS_EQ_PMRA}
#   - {width: 9}
#   - {precision: '3'}
#   - values: {'null': .nan}
# - name: pmDE
#   unit: mas / yr
#   datatype: float64
#   format: '{:9.3f}'
#   description: '? Proper motion in declination direction (pmdec)'
#   meta: !!omap
#   - {ucd: POS_EQ_PMDEC}
#   - {width: 9}
#   - {precision: '3'}
#   - values: {'null': .nan}
# - name: e_pmRA
#   unit: mas / yr
#   datatype: float32
#   format: '{:6.3f}'
#   description: '? Standard error of proper motion in right ascension direction (pmra_error)'
#   meta: !!omap
#   - {ucd: ERROR}
#   - {width: 6}
#   - {precision: '3'}
#   - values: {'null': .nan}
# - name: e_pmDE
[...]
#         unit: &id001 !astropy.units.Unit {unit: deg}
#         value: !astropy.table.SerializedColumn {name: SkyCoord.dec}
#       distance: !astropy.table.SerializedColumn
#         __class__: astropy.coordinates.distances.Distance
#         unit: !astropy.units.Unit {unit: pc}
#         value: !astropy.table.SerializedColumn {name: SkyCoord.distance}
#       frame: icrs
#       obstime: !astropy.time.Time {format: jyear_str, in_subfmt: '*', jd1: 367701545.0, jd2: 0.0, out_subfmt: '*', precision: 3, scale: tt}
#       pm_dec: !astropy.table.SerializedColumn
#         __class__: astropy.units.quantity.Quantity
#         unit: !astropy.units.Unit {unit: mas / yr}
#         value: !astropy.table.SerializedColumn {name: SkyCoord.pm_dec}
#       pm_ra_cosdec: !astropy.table.SerializedColumn
#         __class__: astropy.units.quantity.Quantity
#         unit: !astropy.units.Unit {unit: mas / yr}
#         value: !astropy.table.SerializedColumn {name: SkyCoord.pm_ra_cosdec}
#       ra: !astropy.table.SerializedColumn
#         __class__: astropy.coordinates.angles.Longitude
#         unit: *id001
#         value: !astropy.table.SerializedColumn {name: SkyCoord.ra}
#         wrap_angle: !astropy.coordinates.Angle
#           unit: *id001
#           value: 360.0
#       representation_type: spherical
# schema: astropy-2.0
RA_ICRS_1 DE_ICRS_1 e_RA_ICRS e_DE_ICRS _r_1 HIP TYC2 Source rgeo Plx e_Plx pmRA pmDE e_pmRA e_pmDE RUWE Teff logg Gmag BP-RP BPmag RPmag RV e_RV b_rgeo B_rgeo FG e_FG FBP e_FBP FRP e_FRP RAVE5 RAVE6 e_Gmag e_BPmag e_RPmag e_BP-RP SkyCoord.ra SkyCoord.dec SkyCoord.distance SkyCoord.pm_ra_cosdec SkyCoord.pm_dec Pmemb
[from data line 41]
343.7285986774 61.47975013724 0.0263 0.0244 26.2078 "" "" 2206923628852160896 1460.17407 0.6581 0.0297 0.707 -2.166 0.034 0.03 0.961 8582.4 3.9482 15.797771 2.211844 16.953903 14.74206 "" "" 1397.07471 1527.53662 9033.1282 3.5177 2258.7 11.225 10054.0 15.832 "" "" 0.0027875719584760056 0.006074472 0.0041481103 0.010222582 343.7285986774 61.47975013724 1460.17407 0.7070000000000001 -2.166 0.9
343.94392549136 61.07501162007 0.0276 0.0275 8.0864 "" "" 2014746279267638656 1534.92749 0.6279 0.0317 0.928 -2.359 0.04 0.035 1.056 9310.4 4.1438 15.851005 1.758895 16.692127 14.933232 "" "" 1467.24768 1622.77222 8600.91996 3.7027 2874.5 11.275 8430.7 14.037 "" "" 0.002794684490062212 0.005091335 0.004189467 0.009280803 343.94392549136 61.07501162007 1534.92749 0.9280000000000002 -2.359 1.0
344.06273070132 61.15816374768 0.0284 0.0265 5.2239 "" "" 2014747138261091840 1422.85437 0.6754 0.0326 0.881 -2.299 0.036 0.032 1.018 9248.0 4.2116 15.85562 1.782529 16.694645 14.912116 "" "" 1361.35071 1490.1427 8564.43541 3.5695 2867.9 15.2 8596.3 33.136 "" "" 0.002792231939579478 0.0063952133 0.0056390916 0.012034304 344.06273070132 61.15816374768 1422.85437 0.881 -2.299 1.0
344.95871033923 60.92786943861 0.026 0.0244 24.2768 "" "" 2014674089457908864 1589.04468 0.6121 0.0306 0.796 -2.486 0.035 0.032 1.018 9006.3 4.2666 15.890613 1.602811 16.63805 15.035239 "" "" 1507.72693 1657.13611 8292.81314 3.2634 3021.3 7.1371 7674.7 8.0022 "" "" 0.0027882505148666085 0.0037898824 0.0039452887 0.0077351714 344.95871033923 60.92786943861 1589.04468 0.7959999999999999 -2.4859999999999998 0.9
343.94432804145 61.21661948156 0.0285 0.0257 10.0671 "" "" 2014751123990734080 1624.54993 0.588 0.0331 1.028 -2.129 0.036 0.032 0.979 9231.1 3.8226 15.952497 2.175003 17.072355 14.897352 "" "" 1546.89392 1711.89758 7833.36371 3.5642 2025.2 9.4597 8714.0 11.892 "" "" 0.0027992566700225504 0.005788337 0.0040594554 0.009847792 343.94432804145 61.21661948156 1624.54993 1.028 -2.1290000000000004 1.0
344.48335222443 61.02322681394 0.0275 0.0276 9.4183 "" "" 2014730714307340928 1461.05273 0.6534 0.0338 0.937 -2.259 0.04 0.037 0.968 "" "" 15.993384 1.893581 16.921087 15.027506 "" "" 1402.65613 1543.35852 7543.84946 3.0516 2328.0 9.1657 7729.6 16.417 "" "" 0.002790104475953297 0.0051047252 0.0044273473 0.009532073 344.48335222443 61.02322681394 1461.05273 0.937 -2.2589999999999995 1.0
344.33720740926 61.06287572584 0.0254 0.0254 4.5813 "" "" 2014734356438759552 1447.37524 0.6658 0.0302 0.904 -2.347 0.035 0.032 0.986 9462.4 4.1131 16.00464 1.783122 16.860489 15.077367 "" "" 1381.56091 1516.28345 7466.04308 2.95 2461.6 7.764 7382.6 12.483 "" "" 0.0027885173762005927 0.0044172374 0.004201669 0.008618906 344.33720740926 61.06287572584 1447.37524 0.904 -2.347 1.0
343.23825223256 60.9313671787 0.0274 0.0281 30.2998 "" "" 2014647769898296448 1419.06042 0.6728 0.0332 0.868 -2.515 0.036 0.034 1.041 "" "" 16.060635 1.981415 17.043638 15.062223 "" "" 1349.40674 1478.56067 7090.76197 3.3584 2079.5 9.3885 7486.3 12.687 "" "" 0.002802896662239957 0.005640333 0.0042034867 0.00984382 343.23825223256 60.9313671787 1419.06042 0.8680000000000001 -2.515 0.9
343.86815722354 61.05558902227 0.0324 0.0294 10.5291 "" "" 2014652614621814528 1510.03088 0.6383 0.0357 0.887 -2.224 0.046 0.039 0.918 "" "" 16.121439 2.181129 17.243628 15.062498 "" "" 1433.93164 1600.56433 6704.57027 3.4685 1729.7 9.0097 7484.4 7.71 "" "" 0.002811989095202907 0.0063062413 0.003941407 0.010247648 343.86815722354 61.05558902227 1510.03088 0.887 -2.2240000000000006 1.0
344.09190520192 61.16096011326 0.0315 0.0289 4.6515 "" "" 2014747241340560768 1357.06494 0.7238 0.036 0.858 -2.192 0.041 0.038 1.06 "" "" 16.144018 2.0301 17.161898 15.131798 "" "" 1287.39075 1428.94775 6566.5823 3.5258 1864.9 9.8817 7021.7 14.693 "" "" 0.0028163163441774926 0.0063939793 0.0044096867 0.010803666 344.09190520192 61.16096011326 1357.06494 0.8579999999999999 -2.192 1.0
344.03992007748 61.0683739731 0.0295 0.0306 5.6132 "" "" 2014745557713140480 1583.18262 0.6073 0.0375 1.16 -2.304 0.041 0.038 1.012 "" "" 16.168308 1.827001 17.055876 15.228875 "" "" 1507.4303 1678.34949 6421.30175 2.8 2056.2 10.917 6421.1 6.9221 "" "" 0.002795698295541224 0.0064042644 0.003956473 0.010360737 344.03992007748 61.0683739731 1583.18262 1.1600000000000001 -2.3040000000000003 1.0
343.91033633373 61.06861237288 0.0323 0.0311 9.1286 "" "" 2014652442823123072 1659.30078 0.5688 0.038 0.866 -2.269 0.047 0.04 1.039 9290.0 4.0524 16.213896 2.048968 17.249542 15.200574 "" "" 1563.57703 1770.42822 6157.2762 2.9192 1720.3 11.339 6590.7 8.9734 "" "" 0.0028029914077462364 0.0076810913 0.004058198 0.011739289 343.91033633373 61.06861237288 1659.30078 0.8660000000000001 -2.2690000000000006 1.0
344.24989137103 61.11380860009 0.0319 0.0299 1.0889 "" "" 2014735692169920000 1307.81128 0.7359 0.037 0.832 -2.14 0.043 0.036 1.01 9056.2 4.1389 16.214716 2.258856 17.397179 15.138323 "" "" 1239.86316 1364.75989 6152.62036 20.995 1501.6 15.913 6979.6 75.872 "" "" 0.004617174366858139 0.011839413 0.012392883 0.024232296 344.24989137103 61.11380860009 1307.81128 0.8320000000000001 -2.14 1.0
344.01473845532 61.08052048864 0.0317 0.0303 6.0208 "" "" 2014745626432613376 1518.64697 0.6379 0.0388 1.028 -1.968 0.043 0.039 0.955 9330.9 4.2038 16.216166 1.858194 17.117245 15.25905 "" "" 1436.41931 1612.66858 6144.41602 2.9004 1943.2 12.205 6245.1 11.162 "" "" 0.002802580056513274 0.007368102 0.00424847 0.011616573 344.01473845532 61.08052048864 1518.64697 1.028 -1.9679999999999997 0.8
344.05455187206 61.14341127286 0.0365 0.0332 5.0098 "" "" 2014747069541616384 1560.146 0.6156 0.0408 0.966 -2.322 0.048 0.041 1.07 "" "" 16.224949 1.984833 17.186949 15.202116 "" "" 1476.68579 1655.38293 6094.91048 3.5288 1822.4 10.707 6581.3 22.116 "" "" 0.002826118347117702 0.0069624637 0.005253149 0.012215612 344.05455187206 61.14341127286 1560.146 0.966 -2.322 0.9
344.2176590342 61.01110049211 0.0337 0.0309 5.9417 "" "" 2014732707171011456 1631.38452 0.5896 0.0397 1.079 -2.309 0.044 0.037 1.057 8923.0 4.1646 16.252117 1.744608 17.08973 15.345121 "" "" 1530.69946 1782.32642 5944.29296 2.8375 1993.1 8.5344 5769.1 9.0578 "" "" 0.002803640140021899 0.005422095 0.0041460353 0.009568131 344.2176590342 61.01110049211 1631.38452 1.0789999999999997 -2.309 1.0
344.25896436076 61.0195018146 0.0311 0.0283 5.5967 "" "" 2014734115920285440 1425.10962 0.6619 0.0358 0.992 -2.209 0.04 0.034 1.003 9583.9 4.2961 16.277905 1.851813 17.18036 15.328548 "" "" 1342.28442 1499.52234 5804.77246 2.8237 1833.5 7.9254 5857.9 11.993 "" "" 0.002805482538737646 0.005459919 0.0043846085 0.009844528 344.25896436076 61.0195018146 1425.10962 0.992 -2.2089999999999996 1.0
344.27225206092 61.11570057278 0.0332 0.0312 1.7467 "" "" 2014735627749037312 1458.73474 0.6602 0.0382 1.0 -2.435 0.044 0.038 1.008 9449.5 4.1566 16.29352 1.942525 17.255594 15.313069 "" "" 1392.06958 1536.60242 5721.88196 2.7221 1710.7 10.054 5942.0 11.361 "" "" 0.0028033168222558105 0.0069643604 0.0043119746 0.0112763345 344.27225206092 61.11570057278 1458.73474 1.0000000000000002 -2.4350000000000005 0.8
343.50349943376 60.99508739021 0.0331 0.031 21.7322 "" "" 2014654023371073536 1484.52417 0.6534 0.0387 0.971 -2.266 0.043 0.038 1.032 9118.6 3.6581 16.299213 2.035706 17.325851 15.290146 "" "" 1413.52881 1553.06592 5691.95414 2.6948 1603.5 6.7526 6068.8 10.741 "" "" 0.0028028587902997563 0.005356321 0.00423985 0.009596171 343.50349943376 60.99508739021 1484.52417 0.9710000000000001 -2.266 0.8
344.26798909108 60.97759649206 0.0332 0.0333 8.1087 "" "" 2014730886104886784 1388.55066 0.6911 0.0399 0.937 -2.193 0.044 0.04 1.042 9351.0 4.1893 16.334421 1.810865 17.21371 15.402845 "" "" 1330.55078 1462.92432 5510.34135 3.2733 1778.0 7.9915 5470.4 8.9968 "" "" 0.0028297986740411247 0.0056213485 0.0041799797 0.009801328 344.26798909108 60.97759649206 1388.55066 0.937 -2.193 0.9
343.83864150226 61.04054501944 0.0368 0.0352 11.6409 "" "" 2014652305384170240 1468.21716 0.6459 0.042 1.02 -2.273 0.051 0.047 1.092 7870.3 3.589 16.34827 2.480691 17.672472 15.191781 "" "" 1383.53076 1555.2262 5440.49612 3.5005 1165.3 8.0596 6644.2 9.567 "" "" 0.0028424993932368884 0.008010916 0.0040899636 0.01210088 343.83864150226 61.04054501944 1468.21716 1.02 -2.273 0.8
344.09874237108 61.18404015206 0.0352 0.0317 5.5359 "" "" 2014750196278052736 1481.229 0.6503 0.0398 0.865 -2.398 0.046 0.04 0.97 "" "" 16.367502 1.900861 17.306719 15.405858 "" "" 1410.45776 1573.63452 5344.97881 2.5668 1632.0 8.7099 5455.3 8.9638 "" "" 0.002804219413521341 0.00643129 0.0041792854 0.010610575 344.09874237108 61.18404015206 1481.229 0.865 -2.3979999999999997 0.8
343.95170270346 61.18448552879 0.0359 0.0318 8.7866 "" "" 2014750746033613952 1535.2157 0.6398 0.0412 0.958 -2.148 0.045 0.039 0.93 9467.9 4.0847 16.370083 2.146321 17.473248 15.326926 "" "" 1438.04041 1625.95886 5332.29171 2.6335 1400.0 8.9394 5866.6 10.723 "" "" 0.0028070130508918603 0.0074731433 0.004268726 0.011741869 343.95170270346 61.18448552879 1535.2157 0.958 -2.1479999999999997 1.0
344.21880407088 61.10572799716 0.0327 0.0335 0.3101 "" "" 2014735593389296000 1451.51196 0.6493 0.0406 0.861 -2.441 0.044 0.04 1.023 8415.9 4.1226 16.383766 2.153424 17.487137 15.333713 "" "" 1372.5824 1533.36023 5265.50538 2.7883 1382.2 12.076 5830.1 13.84 "" "" 0.0028146664528430725 0.009887695 0.0045745815 0.014462277 344.21880407088 61.10572799716 1451.51196 0.8609999999999998 -2.4409999999999994 0.9
344.18861831854 61.2627953321 0.037 0.0317 9.1888 "" "" 2014752189142858368 1324.72876 0.7277 0.0401 0.966 -2.338 0.046 0.039 0.964 9267.1 3.9974 16.411514 2.188921 17.54809 15.359169 "" "" 1264.19385 1415.27844 5132.64525 2.66 1306.7 6.9842 5695.0 8.4459 "" "" 0.002812188270623127 0.0064390837 0.004108093 0.010547177 344.18861831854 61.2627953321 1324.72876 0.9659999999999996 -2.3379999999999996 1.0
344.19726249525 60.98013132398 0.0334 0.0331 7.8119 "" "" 2014729649154300544 1477.25513 0.6552 0.041 0.924 -2.183 0.044 0.041 1.006 7986.7 3.825 16.423489 1.918996 17.364258 15.445262 "" "" 1382.9906 1586.01611 5076.3448 2.7174 1547.8 7.0905 5260.8 9.6647 "" "" 0.002815951824732921 0.005702938 0.0042734356 0.009976374 344.19726249525 60.98013132398 1477.25513 0.9239999999999999 -2.1829999999999994 0.8
344.25136014081 61.10388814764 0.0342 0.0351 1.1698 "" "" 2014735524669824128 1497.55261 0.6434 0.0415 0.892 -2.189 0.046 0.042 0.934 9256.2 4.1702 16.435974 2.003905 17.442818 15.438912 "" "" 1419.45264 1626.62854 5018.3071 2.4717 1439.8 6.4883 5291.7 8.294 "" "" 0.002806735256615701 0.0056324108 0.0041448334 0.009777244 344.25136014081 61.10388814764 1497.55261 0.892 -2.189 0.8
344.42135662769 61.11987365947 0.0343 0.0327 6.0639 "" "" 2014735142413137920 1598.745 0.6088 0.0406 0.924 -2.244 0.046 0.043 1.005 9457.2 4.0976 16.454445 2.116584 17.519573 15.402989 "" "" 1498.87878 1725.30042 4933.65265 2.5039 1341.5 8.5001 5469.7 30.391 "" "" 0.0028098789873013757 0.0074237953 0.0071187215 0.014542516 344.42135662769 61.11987365947 1598.745 0.924 -2.2440000000000007 1.0
344.26149829169 61.1698299889 0.04 0.0379 3.8478 "" "" 2014747825457038976 1541.8877 0.6239 0.0456 0.978 -2.271 0.052 0.047 1.048 8295.0 4.3273 16.488756 1.873062 17.408222 15.53516 "" "" 1469.78638 1655.98633 4780.17716 2.5681 1486.4 8.6397 4842.8 10.083 "" "" 0.002816385753777146 0.0069001284 0.00440385 0.011303978 344.26149829169 61.1698299889 1541.8877 0.978 -2.2710000000000004 1.0
344.02063576099 61.20591523552 0.0381 0.0345 8.0052 "" "" 2014751192710444544 1578.7179 0.6158 0.0431 0.924 -2.302 0.048 0.045 0.982 9159.2 4.2921 16.489286 2.012576 17.502796 15.49022 "" "" 1487.68433 1685.51428 4777.84738 2.6304 1362.4 8.4495 5047.4 9.5436 "" "" 0.0028194121674016024 0.007288835 0.004300947 0.011589782 344.02063576099 61.20591523552 1578.7179 0.924 -2.301999999999999 1.0
345.09594808932 61.45516452835 0.0365 0.0335 32.8084 "" "" 2014780982604226432 1612.7926 0.5928 0.0417 0.884 -2.255 0.046 0.042 0.998 7184.5 4.2902 16.568672 1.829648 17.464132 15.634484 "" "" 1502.74438 1750.45813 4440.96848 2.1701 1411.8 7.0786 4419.4 8.7977 "" "" 0.0028059352763051427 0.006117149 0.004353765 0.010470914 345.09594808932 61.45516452835 1612.7926 0.8840000000000001 -2.2550000000000003 0.9
344.43884785461 61.13635821717 0.0385 0.0382 6.7278 "" "" 2014735181072458112 1498.2948 0.6296 0.0471 0.922 -2.289 0.052 0.049 0.997 9222.1 4.1745 16.660475 2.150564 17.765448 15.614883 "" "" 1413.03333 1606.18457 4080.9071 2.4144 1069.6 7.2488 4499.9 8.0268 "" "" 0.0028292070701950657 0.007869404 0.0042467117 0.012116116 344.43884785461 61.13635821717 1498.2948 0.9220000000000002 -2.2889999999999997 1.0
343.44800348141 61.14651902599 0.0407 0.0367 22.2733 "" "" 2206812749980497408 1564.90601 0.6073 0.0467 1.112 -2.889 0.053 0.046 1.023 9053.0 4.2538 16.677248 2.112778 17.759584 15.646807 "" "" 1461.94971 1710.92517 4018.35141 2.2176 1075.4 9.1605 4369.5 9.1393 "" "" 0.00281971805617168 0.009660261 0.004409183 0.014069444 343.44800348141 61.14651902599 1564.90601 1.112 -2.8889999999999993 0.8
344.6414357657 61.04982365149 0.0419 0.0413 12.9434 "" "" 2014736864699733632 1363.19238 0.714 0.0495 0.969 -2.312 0.054 0.053 1.053 "" "" 16.710682 2.095131 17.771908 15.676777 "" "" 1274.61279 1464.77393 3896.49183 2.2257 1063.3 8.7685 4250.6 8.3324 "" "" 0.002824254149878643 0.009378197 0.0043374673 0.013715664 344.6414357657 61.04982365149 1363.19238 0.9689999999999999 -2.3120000000000003 0.8
344.07257969496 61.11523223736 0.0423 0.0411 4.0851 "" "" 2014746794663715584 1578.13342 0.6152 0.0508 0.922 -2.299 0.055 0.05 1.016 7196.1 4.331 16.737904 1.97403 17.721163 15.747133 "" "" 1460.98328 1688.60083 3800.01623 2.355 1114.2 11.843 3983.9 14.493 "" "" 0.0028362899177256625 0.011872957 0.005466679 0.017339636 344.07257969496 61.11523223736 1578.13342 0.9220000000000002 -2.299 0.8
343.66383725957 60.72846403245 0.0377 0.0369 27.9448 "" "" 2014632101858093568 1560.21167 0.6119 0.0438 0.942 -2.312 0.048 0.044 0.938 9255.4 3.7511 16.750177 2.167802 17.866972 15.69917 "" "" 1453.89368 1698.495 3757.30202 2.2766 974.15 8.2622 4163.8 10.964 "" "" 0.002832767550691391 0.0096220365 0.004738903 0.01436094 343.66383725957 60.72846403245 1560.21167 0.942 -2.3120000000000003 0.8
343.93392368492 61.16523003142 0.0426 0.04 8.7364 "" "" 2014749990119371392 1387.69336 0.6953 0.051 0.774 -2.182 0.056 0.052 0.964 8450.8 4.4337 16.765697 2.111976 17.848629 15.736653 "" "" 1294.29443 1472.55237 3703.97429 2.2609 990.75 8.1289 4022.5 9.3257 "" "" 0.0028339023708362525 0.009334978 0.0045409016 0.013875879 343.93392368492 61.16523003142 1387.69336 0.7739999999999999 -2.1819999999999995 0.9
344.1329909869 61.07017760935 0.0424 0.0444 3.3377 "" "" 2014734047200792832 1310.97119 0.7357 0.0535 0.978 -2.286 0.057 0.052 0.992 6080.8 4.3823 16.80894 1.917031 17.764418 15.847386 "" "" 1230.09717 1426.01294 3559.34864 2.0847 1070.7 7.8554 3632.5 8.7813 "" "" 0.002827750708456855 0.008440241 0.0046013813 0.013041623 344.1329909869 61.07017760935 1310.97119 0.9780000000000001 -2.286 1.0
344.18068149187 61.10604963088 0.0453 0.0454 0.9712 "" "" 2014747310060071680 1384.62512 0.7044 0.0534 0.961 -2.258 0.061 0.053 1.057 9302.8 4.1747 16.8132 2.118424 17.89379 15.775365 "" "" 1280.8999 1511.88354 3545.41126 2.2935 950.39 7.3242 3881.6 10.547 "" "" 0.002843429511870459 0.008820198 0.0047944807 0.013614679 344.18068149187 61.10604963088 1384.62512 0.9609999999999999 -2.258 1.0
344.10450224225 61.04110467631 0.0408 0.0415 5.2032 "" "" 2014733836746366848 1619.13794 0.605 0.0517 1.068 -2.252 0.056 0.051 1.011 "" "" 16.81575 1.900969 17.748505 15.847536 "" "" 1486.16846 1773.87317 3537.09467 2.0151 1086.5 7.8418 3632.0 9.2385 "" "" 0.002823896680846509 0.0083182 0.004680901 0.012999101 344.10450224225 61.04110467631 1619.13794 1.068 -2.252 1.0
