Clusters/Gulliver_19/Gulliver_19_members.tsv
# %ECSV 1.0
# ---
# datatype:
# - name: RA_ICRS_1
#   unit: deg
#   datatype: float64
#   format: '{:15.11f}'
#   description: Right ascension (ICRS) at Ep=2016.0 (ra)
#   meta: !!omap
#   - {ucd: POS_EQ_RA_MAIN}
#   - {width: 15}
#   - {precision: '11'}
# - name: DE_ICRS_1
#   unit: deg
#   datatype: float64
#   format: '{:15.11f}'
#   description: Declination (ICRS) at Ep=2016.0 (dec)
#   meta: !!omap
#   - {ucd: POS_EQ_DEC_MAIN}
#   - {width: 15}
#   - {precision: '11'}
# - name: e_RA_ICRS
#   unit: mas
#   datatype: float64
#   format: '{:7.4f}'
#   description: Standard error of right ascension (ra_error)
#   meta: !!omap
#   - {ucd: ERROR}
#   - {width: 7}
#   - {precision: '4'}
# - name: e_DE_ICRS
#   unit: mas
#   datatype: float64
#   format: '{:7.4f}'
#   description: Standard error of declination (dec_error)
#   meta: !!omap
#   - {ucd: ERROR}
#   - {width: 7}
#   - {precision: '4'}
# - name: _r_1
#   unit: ''
#   datatype: float64
#   format: '{:7.4f}'
#   description: Distance from center (344.21311475000+61.11010394000)[ICRS], at Epoch=J2016.0
#   meta: !!omap
#   - {ucd: POS_ANG_DIST_GENERAL}
#   - {width: 7}
#   - {precision: '4'}
# - name: HIP
#   datatype: int32
#   description: '? HIP cross-id number, van Leeuwen, Cat. I/311 (hip_original_ext_source_id)'
#   meta: !!omap
#   - {ucd: ID_NUMBER}
#   - {width: 6}
#   - values: {'null': -2147483648}
# - name: TYC2
#   datatype: string
#   description: Tycho-2 cross-id name, Hog et al., Cat. I/259 (tyc2_original_ext_source_id)
#   meta: !!omap
#   - {ucd: ID_CROSSID}
#   - {_votable_string_dtype: char}
# - name: Source
#   datatype: int64
#   description: Source identifier, identical to the Gaia-EDR3 source_id (id)
#   meta: !!omap
#   - {ucd: ID_MAIN}
#   - {width: 19}
# - name: rgeo
#   unit: pc
#   datatype: float64
#   format: '{:15.8f}'
#   description: '? Median of the geometric distance posterior (r_med_geo)'
#   meta: !!omap
#   - {ucd: PHYS_DISTANCE_TRUE}
#   - {width: 15}
#   - {precision: '8'}
#   - values: {'null': .nan}
# - name: Plx
#   unit: mas
#   datatype: float64
#   format: '{:9.4f}'
#   description: '? Parallax (parallax)'
#   meta: !!omap
#   - {ucd: POS_PARLX_TRIG}
#   - {width: 9}
#   - {precision: '4'}
#   - values: {'null': .nan}
# - name: e_Plx
#   unit: mas
#   datatype: float32
#   format: '{:7.4f}'
#   description: '? Standard error of parallax (parallax_error)'
#   meta: !!omap
#   - {ucd: ERROR}
#   - {width: 7}
#   - {precision: '4'}
#   - values: {'null': .nan}
# - name: pmRA
#   unit: mas / yr
#   datatype: float64
#   format: '{:9.3f}'
#   description: '? Proper motion in right ascension direction, pmRA*cosDE (pmra)'
#   meta: !!omap
#   - {ucd: POS_EQ_PMRA}
#   - {width: 9}
#   - {precision: '3'}
#   - values: {'null': .nan}
# - name: pmDE
#   unit: mas / yr
#   datatype: float64
#   format: '{:9.3f}'
#   description: '? Proper motion in declination direction (pmdec)'
#   meta: !!omap
#   - {ucd: POS_EQ_PMDEC}
#   - {width: 9}
#   - {precision: '3'}
#   - values: {'null': .nan}
# - name: e_pmRA
#   unit: mas / yr
#   datatype: float32
#   format: '{:6.3f}'
#   description: '? Standard error of proper motion in right ascension direction (pmra_error)'
#   meta: !!omap
#   - {ucd: ERROR}
#   - {width: 6}
#   - {precision: '3'}
#   - values: {'null': .nan}
# - name: e_pmDE
[...]
#         unit: &id001 !astropy.units.Unit {unit: deg}
#         value: !astropy.table.SerializedColumn {name: SkyCoord.dec}
#       distance: !astropy.table.SerializedColumn
#         __class__: astropy.coordinates.distances.Distance
#         unit: !astropy.units.Unit {unit: pc}
#         value: !astropy.table.SerializedColumn {name: SkyCoord.distance}
#       frame: icrs
#       obstime: !astropy.time.Time {format: jyear_str, in_subfmt: '*', jd1: 367701545.0, jd2: 0.0, out_subfmt: '*', precision: 3, scale: tt}
#       pm_dec: !astropy.table.SerializedColumn
#         __class__: astropy.units.quantity.Quantity
#         unit: !astropy.units.Unit {unit: mas / yr}
#         value: !astropy.table.SerializedColumn {name: SkyCoord.pm_dec}
#       pm_ra_cosdec: !astropy.table.SerializedColumn
#         __class__: astropy.units.quantity.Quantity
#         unit: !astropy.units.Unit {unit: mas / yr}
#         value: !astropy.table.SerializedColumn {name: SkyCoord.pm_ra_cosdec}
#       ra: !astropy.table.SerializedColumn
#         __class__: astropy.coordinates.angles.Longitude
#         unit: *id001
#         value: !astropy.table.SerializedColumn {name: SkyCoord.ra}
#         wrap_angle: !astropy.coordinates.Angle
#           unit: *id001
#           value: 360.0
#       representation_type: spherical
# schema: astropy-2.0
RA_ICRS_1 DE_ICRS_1 e_RA_ICRS e_DE_ICRS _r_1 HIP TYC2 Source rgeo Plx e_Plx pmRA pmDE e_pmRA e_pmDE RUWE Teff logg Gmag BP-RP BPmag RPmag RV e_RV b_rgeo B_rgeo FG e_FG FBP e_FBP FRP e_FRP RAVE5 RAVE6 e_Gmag e_BPmag e_RPmag e_BP-RP SkyCoord.ra SkyCoord.dec SkyCoord.distance SkyCoord.pm_ra_cosdec SkyCoord.pm_dec Pmemb
344.15584010886 61.07849179043 0.0178 0.0186 2.5213 "" "" 2014734047200792704 1494.37292 0.6613 0.0216 0.783 -2.394 0.023 0.021 1.845 "" "" 12.891156 1.577168 13.615991 12.038823 -14.0 13.88 1442.49719 1538.01941 131366.39431 28.663 48868.0 43.978 121240.0 33.777 "" "" 0.002765485515132778 0.0029563077 0.003791467 0.006747775 344.15584010886 61.07849179043 1494.37292 0.7830000000000001 -2.394 0.9
344.24354381361 61.02198595395 0.015 0.0138 5.3604 "" "" 2014734184639760896 1478.19861 0.6571 0.0177 1.035 -2.614 0.02 0.017 1.458 "" "" 13.011625 1.413474 13.639227 12.225753 16.23 33.63 1434.62097 1518.03369 117570.04119 30.515 47833.0 33.358 102060.0 43.07 "" "" 0.002769693239649574 0.0028910835 0.0038070544 0.006698138 344.24354381361 61.02198595395 1478.19861 1.0350000000000001 -2.6139999999999994 0.9
344.06264401209 61.10565370241 0.01 0.0099 4.3703 "" "" 2014746760303978112 1486.63892 0.6451 0.0124 0.918 -2.257 0.014 0.013 0.984 "" "" 13.438179 1.474152 14.102819 12.628668 77.24 4.75 1454.7301 1510.40894 79373.45908 15.175 31210.0 24.891 70419.0 30.059 "" "" 0.00276312817425314 0.0029214462 0.003807692 0.006729138 344.06264401209 61.10565370241 1486.63892 0.9180000000000004 -2.2570000000000006 1.0
344.03792386838 61.02031362303 0.0102 0.0109 7.4086 "" "" 2014733428725787648 1488.47485 0.6471 0.0124 0.949 -2.312 0.015 0.015 1.024 "" "" 13.465378 1.489138 14.136474 12.647336 "" "" 1465.57983 1516.02429 77409.76736 17.267 30257.0 26.473 69219.0 30.683 "" "" 0.002765943326886568 0.0029474492 0.0038099024 0.0067573516 344.03792386838 61.02031362303 1488.47485 0.9489999999999998 -2.312 1.0
343.83883859775 61.07304470503 0.0111 0.0106 11.0811 "" "" 2014655638278785408 1409.26465 0.68 0.0127 0.875 -2.255 0.016 0.014 1.087 "" "" 13.646858 1.925006 14.592733 12.667727 "" "" 1383.80884 1437.36316 65494.31259 16.427 19876.0 19.464 67931.0 38.699 "" "" 0.0027687447328148536 0.0029858847 0.0038296604 0.0068155453 343.83883859775 61.07304470503 1409.26465 0.875 -2.255 1.0
343.83471504434 61.03034533542 0.0116 0.0115 11.9801 "" "" 2014652305384171520 1465.42725 0.6502 0.0137 0.925 -2.246 0.017 0.016 1.107 "" "" 13.821578 1.916476 14.761275 12.844799 "" "" 1436.42834 1494.24023 55759.05903 15.716 17018.0 20.812 57708.0 26.236 "" "" 0.002772262271490445 0.0030899963 0.00381148 0.0069014765 343.83471504434 61.03034533542 1465.42725 0.925 -2.2459999999999996 1.0
344.27216516948 61.10388993426 0.0118 0.0118 1.752 "" "" 2014735627749042688 1681.20154 0.5664 0.0141 0.874 -2.251 0.016 0.014 1.076 "" "" 14.06933 1.600891 14.810038 13.209146 "" "" 1644.85938 1724.61401 44382.80046 10.495 16271.0 13.873 41257.0 25.565 "" "" 0.0027672557489944296 0.0029397293 0.0038387966 0.006778526 344.27216516948 61.10388993426 1681.20154 0.8740000000000001 -2.2510000000000003 1.0
344.10458782063 61.09041435295 0.0197 0.0212 3.3614 "" "" 2014745763871570944 1286.58276 0.7477 0.0245 0.943 -2.285 0.026 0.025 1.665 "" "" 14.21266 1.732037 15.035519 13.303482 58.24 5.66 1249.3877 1330.2063 38894.03503 9.3959 13219.0 14.754 37824.0 17.443 "" "" 0.002767776147288514 0.0030419629 0.0038124046 0.0068543674 344.10458782063 61.09041435295 1286.58276 0.9430000000000001 -2.285 1.0
344.20482962461 61.11581681082 0.0172 0.0165 0.4185 "" "" 2014747310060071552 1518.16968 0.6286 0.0203 0.988 -2.07 0.024 0.02 1.34 "" "" 14.229511 1.75209 15.062583 13.310493 5.49 5.2 1470.30505 1570.82751 38295.0064 9.8726 12894.0 16.537 37580.0 19.727 "" "" 0.0027695012725888046 0.003118347 0.0038221143 0.006940461 344.20482962461 61.11581681082 1518.16968 0.9880000000000002 -2.0700000000000003 0.9
344.66212438258 61.47683463046 0.015 0.0148 25.5267 "" "" 2014761805571625216 1403.06152 0.6739 0.0171 0.856 -1.989 0.019 0.017 1.113 "" "" 14.333346 2.489753 15.682521 13.192768 "" "" 1375.20886 1442.96411 34802.31404 13.187 7284.6 10.878 41884.0 41.124 "" "" 0.002785863911958097 0.0032270285 0.003926851 0.0071538794 344.66212438258 61.47683463046 1403.06152 0.856 -1.9890000000000003 1.0
344.10908037825 61.10413946234 0.0142 0.014 3.0372 "" "" 2014746073109214336 1524.78711 0.629 0.0171 0.901 -2.341 0.019 0.018 0.991 "" "" 14.465651 1.73643 15.292557 13.556127 -29.83 7.52 1492.54053 1559.82922 30809.64448 8.1558 10433.0 10.386 29971.0 15.61 "" "" 0.0027702698054926814 0.0029922023 0.0038214535 0.0068136556 344.10908037825 61.10413946234 1524.78711 0.901 -2.341 1.0
344.35006283517 61.10482001004 0.0145 0.0142 3.9828 "" "" 2014735765188010752 1541.21826 0.6183 0.017 1.106 -2.403 0.02 0.018 1.157 "" "" 14.467208 1.838394 15.35695 13.518556 "" "" 1502.36316 1569.92224 30765.46778 8.7377 9831.9 15.609 31027.0 20.549 "" "" 0.002772521460489245 0.0032796636 0.0038471806 0.0071268445 344.35006283517 61.10482001004 1541.21826 1.1059999999999999 -2.4029999999999996 0.9
344.2222058038 61.08352030207 0.0152 0.0154 1.6167 "" "" 2014735490310091008 1469.33801 0.6475 0.0183 0.983 -2.238 0.02 0.018 1.104 "" "" 14.616779 1.674449 15.403229 13.72878 13.74 8.85 1430.41003 1509.04126 26806.19345 7.2049 9421.6 21.008 25565.0 18.293 "" "" 0.0027707307922161806 0.0036940502 0.0038584059 0.007552456 344.2222058038 61.08352030207 1469.33801 0.9830000000000001 -2.2380000000000004 1.0
344.11147304962 61.10064337718 0.016 0.016 3.001 "" "" 2014746073109214976 1503.63818 0.6368 0.0194 0.894 -2.252 0.021 0.02 1.121 8597.8 3.5953 14.666881 1.838384 15.559077 13.720694 -16.52 10.92 1455.4353 1547.91443 25597.31563 7.4431 8161.8 9.6502 25756.0 14.755 "" "" 0.0027733481729347595 0.0030713219 0.0038302222 0.006901544 344.11147304962 61.10064337718 1503.63818 0.8939999999999999 -2.252 1.0
344.73375603793 61.03593323261 0.0153 0.0155 15.7516 "" "" 2014689723138726528 1650.29871 0.5792 0.0183 0.95 -2.262 0.02 0.021 0.954 "" "" 14.671493 1.45715 15.321143 13.863994 "" "" 1607.33203 1696.82983 25488.80846 7.1883 10162.0 11.246 22572.0 12.85 "" "" 0.0027722817360443523 0.0030378907 0.0038295917 0.0068674823 344.73375603793 61.03593323261 1650.29871 0.95 -2.262 1.0
344.16901780036 61.10639116878 0.0157 0.0153 1.2976 "" "" 2014745901310797568 1617.10791 0.597 0.0185 0.86 -2.267 0.021 0.019 0.974 "" "" 14.752071 1.76765 15.597489 13.82984 "" "" 1571.59814 1670.76172 23665.62808 9.4439 7878.1 12.728 23293.0 21.824 "" "" 0.002789177560442883 0.0032957604 0.003913892 0.007209652 344.16901780036 61.10639116878 1617.10791 0.86 -2.2670000000000003 1.0
344.05120500768 61.20066119656 0.0169 0.0163 7.1754 "" "" 2014750436796206848 1475.05652 0.6548 0.0203 0.9 -2.301 0.022 0.019 0.976 "" "" 14.795266 1.53268 15.494699 13.962018 171.95 12.5 1436.79517 1516.51294 22742.60963 5.7216 8660.4 11.811 20623.0 22.461 "" "" 0.00276882654422021 0.003158731 0.003960055 0.0071187858 344.05120500768 61.20066119656 1475.05652 0.9000000000000001 -2.301 1.0
344.11861323708 61.26593951728 0.0167 0.0154 9.7413 "" "" 2014752876337613440 1462.9165 0.654 0.0189 0.892 -2.278 0.022 0.019 0.946 "" "" 14.867235 1.825568 15.749389 13.92382 "" "" 1422.05713 1503.28223 21283.96787 5.7083 6849.5 11.568 21361.0 17.374 "" "" 0.0027706645079256923 0.0033387772 0.0038811811 0.007219958 344.11861323708 61.26593951728 1462.9165 0.8920000000000001 -2.2779999999999996 1.0
344.74280165257 60.94795955826 0.0166 0.0169 18.2102 "" "" 2014685496890981376 1497.61145 0.6413 0.0201 0.875 -2.287 0.023 0.023 1.124 "" "" 14.875389 1.738451 15.69835 13.959899 -14.39 8.24 1454.67126 1549.46643 21124.72138 6.082 7179.2 14.133 20663.0 15.818 "" "" 0.0027729954910301847 0.0035147488 0.003869696 0.0073844446 344.74280165257 60.94795955826 1497.61145 0.8750000000000001 -2.287 1.0
344.14431041464 61.0291183154 0.0165 0.0177 5.2535 "" "" 2014733600524201216 1528.80823 0.6218 0.0208 0.917 -2.376 0.023 0.022 0.965 "" "" 14.897893 1.847319 15.796528 13.949209 "" "" 1480.75317 1573.82361 20691.37763 6.796 6558.5 10.995 20868.0 13.927 "" "" 0.0027783011040835867 0.0033313832 0.0038482177 0.007179601 344.14431041464 61.0291183154 1528.80823 0.917 -2.376 1.0
344.19317992068 61.1401680496 0.0177 0.0165 1.8941 "" "" 2014747580639314688 1530.23779 0.6264 0.0205 1.119 -2.583 0.024 0.021 1.052 "" "" 14.912462 1.648956 15.68366 14.034703 "" "" 1479.50562 1582.54822 20415.57915 6.1146 7277.0 10.714 19288.0 18.379 "" "" 0.002774443145507884 0.003215646 0.003918425 0.007134071 344.19317992068 61.1401680496 1530.23779 1.119 -2.583 0.8
344.18519295797 61.07264322981 0.0167 0.0165 2.3891 "" "" 2014734012841056768 1492.89612 0.6413 0.02 0.862 -2.324 0.023 0.02 1.009 8430.0 3.7658 14.993379 1.639379 15.755363 14.115984 "" "" 1437.51624 1546.30151 18949.3922 5.3379 6812.0 12.438 17896.0 19.593 "" "" 0.0027722427281099303 0.0034227357 0.0039619077 0.0073846434 344.18519295797 61.07264322981 1492.89612 0.8620000000000001 -2.324 1.0
344.1611653732 61.17363124808 0.0192 0.0174 4.0978 "" "" 2014748684449576704 1428.06274 0.6684 0.0215 0.985 -2.224 0.026 0.022 1.055 "" "" 15.067743 1.769022 15.915674 14.146652 "" "" 1385.97766 1484.46399 17694.94803 5.1482 5876.9 13.251 17398.0 10.915 "" "" 0.002773368598498979 0.0037118888 0.0038402742 0.0075521627 344.1611653732 61.17363124808 1428.06274 0.9849999999999999 -2.224 1.0
344.66683191044 61.34883122192 0.0191 0.0177 19.4123 "" "" 2014757240024431104 1532.62415 0.6251 0.0214 0.972 -2.316 0.025 0.021 0.981 "" "" 15.141171 1.865272 16.050934 14.185662 8.36 7.42 1479.59729 1588.0752 16537.81777 4.8762 5188.5 12.546 16784.0 16.737 "" "" 0.0027738552965048133 0.003831126 0.0039314064 0.0077625327 344.66683191044 61.34883122192 1532.62415 0.972 -2.316 1.0
344.62576042976 61.02240073429 0.0183 0.018 13.0831 "" "" 2014689482620540928 1456.64648 0.6629 0.0221 0.921 -2.216 0.024 0.024 0.983 7992.1 3.9632 15.172 1.757464 16.01264 14.255176 "" "" 1406.3866 1500.82666 16074.84356 4.1505 5374.8 10.038 15743.0 12.842 "" "" 0.0027695446086890567 0.0034491622 0.003881769 0.0073309313 344.62576042976 61.02240073429 1456.64648 0.921 -2.216 0.9
343.49446979556 61.00639641257 0.0181 0.0177 21.7739 "" "" 2014654092090546816 1392.38806 0.6875 0.0219 0.936 -2.225 0.025 0.022 1.037 "" "" 15.182609 1.910341 16.118254 14.207912 "" "" 1355.86548 1435.70483 15918.54257 5.1336 4876.6 10.426 16443.0 14.783 "" "" 0.0027774787417043116 0.0036295073 0.0039034022 0.0075329095 343.49446979556 61.00639641257 1392.38806 0.9359999999999999 -2.2249999999999996 1.0
344.19401010299 61.19642234246 0.0418 0.0365 5.2085 "" "" 2014748718809311104 1638.03333 0.5915 0.0462 1.063 -2.334 0.054 0.046 1.998 "" "" 15.266964 1.702951 16.06311 14.36016 "" "" 1509.27502 1777.05872 14728.58669 6.2456 5130.7 12.181 14292.0 13.627 "" "" 0.0027935210060166965 0.0037986224 0.003918597 0.007717219 344.19401010299 61.19642234246 1638.03333 1.0630000000000002 -2.3340000000000005 0.8
344.02151626107 60.84895058241 0.0194 0.0184 16.6321 "" "" 2014634026003444736 1489.25378 0.6412 0.023 0.911 -2.324 0.025 0.023 1.045 "" "" 15.302033 1.718165 16.110252 14.392087 "" "" 1443.74841 1536.88513 14260.45566 4.6689 4912.6 9.1263 13878.0 14.553 "" "" 0.0027781558236815037 0.003442872 0.0039471523 0.007390024 344.02151626107 60.84895058241 1489.25378 0.9110000000000003 -2.3240000000000007 1.0
345.03687487021 61.44874661817 0.0198 0.0186 31.2558 "" "" 2014780913884178304 1441.74878 0.6676 0.0229 0.976 -2.243 0.025 0.022 0.977 9224.2 3.9892 15.310397 1.49717 15.990599 14.493428 "" "" 1401.45728 1489.85144 14151.019 3.8403 5485.0 8.7546 12641.0 13.307 "" "" 0.002771029800516698 0.0032845296 0.003948422 0.007232952 345.03687487021 61.44874661817 1441.74878 0.976 -2.243 1.0
344.14888638473 61.01123192484 0.0219 0.0213 6.2185 "" "" 2014732844609960960 1488.3988 0.651 0.0271 0.749 -2.213 0.03 0.027 1.077 9486.6 4.0449 15.338167 1.416175 15.96949 14.553315 "" "" 1437.69531 1551.02136 13793.66741 3.7551 5592.7 11.793 11963.0 9.2821 "" "" 0.0027711285290133235 0.0036092286 0.0038721317 0.0074813603 344.14888638473 61.01123192484 1488.3988 0.7490000000000002 -2.213 1.0
344.06180748613 61.08015613042 0.0289 0.0298 4.7418 "" "" 2014745931374553216 1582.67554 0.6063 0.0352 0.826 -2.129 0.041 0.039 1.289 7970.0 4.0603 15.370178 1.728372 15.980409 14.252037 "" "" 1514.06079 1655.29028 13392.92606 10.953 5536.7 90.762 15789.0 284.12 "" "" 0.0028948610735316056 0.018015627 0.019899799 0.037915424 344.06180748613 61.08015613042 1582.67554 0.8259999999999998 -2.1289999999999996 1.0
344.10679261887 61.03836496586 0.0212 0.0227 5.296 "" "" 2014733841042366336 1425.85547 0.6753 0.0278 0.674 -2.309 0.029 0.027 1.005 9320.3 4.0177 15.490294 1.76114 16.335823 14.574683 "" "" 1367.70264 1484.97632 11990.26931 4.0882 3991.1 10.291 11730.0 17.299 "" "" 0.002780077667298964 0.0039525395 0.0041045817 0.008057121 344.10679261887 61.03836496586 1425.85547 0.6740000000000002 -2.3090000000000006 0.8
345.03121482511 61.24043185385 0.0218 0.0196 24.9242 "" "" 2014763012460596992 1433.8479 0.6694 0.0248 0.96 -2.26 0.028 0.023 1.001 "" "" 15.49059 1.507717 16.178596 14.670879 "" "" 1389.91907 1482.31201 11987.0076 3.3629 4612.9 11.859 10735.0 9.4417 "" "" 0.0027721056137103265 0.003946658 0.003898156 0.007844814 345.03121482511 61.24043185385 1433.8479 0.9600000000000002 -2.2600000000000002 1.0
344.16651540627 61.1098438998 0.0233 0.022 1.3509 "" "" 2014745901310795520 1496.56665 0.6417 0.0271 0.843 -2.211 0.032 0.027 1.01 "" "" 15.558437 1.838527 16.450216 14.61169 "" "" 1436.10474 1554.03662 11260.86359 3.8477 3591.9 9.8987 11337.0 11.193 "" "" 0.002780183027066404 0.0040911855 0.0039284592 0.008019645 344.16651540627 61.1098438998 1496.56665 0.843 -2.2110000000000003 1.0
344.22828613973 61.22163572853 0.0243 0.0237 6.7063 "" "" 2014748924967736192 1426.51392 0.6741 0.0278 0.846 -2.273 0.032 0.029 1.034 "" "" 15.572803 2.00578 16.57769 14.57191 "" "" 1383.75146 1478.48438 11112.8569 3.7759 3194.0 12.531 11760.0 14.584 "" "" 0.002779907033664661 0.0050921277 0.0040120673 0.009104195 344.22828613973 61.22163572853 1426.51392 0.8460000000000001 -2.273 1.0
344.21749595529 61.13028217797 0.0267 0.0256 1.2173 "" "" 2014747413139282816 1523.78516 0.6313 0.0319 0.974 -2.227 0.036 0.031 1.129 9512.8 4.1385 15.583981 1.925168 16.528326 14.603158 "" "" 1443.41016 1613.64099 10999.03738 4.5738 3342.6 12.199 11426.0 15.724 "" "" 0.002792065787428156 0.004846244 0.004064013 0.008910257 344.21749595529 61.13028217797 1523.78516 0.9739999999999998 -2.2270000000000003 1.0
343.95590171943 61.09970206854 0.0233 0.0228 7.4833 "" "" 2014746519785803264 1339.14343 0.71 0.0284 0.892 -2.241 0.034 0.03 0.939 "" "" 15.605761 1.681859 16.3992 14.717341 "" "" 1288.82324 1388.47424 10780.58969 3.9616 3764.8 11.152 10285.0 11.145 "" "" 0.002784057360088813 0.004257771 0.0039582737 0.008216045 343.95590171943 61.09970206854 1339.14343 0.892 -2.241 0.9
343.47014018387 61.36168683336 0.0249 0.026 26.2299 "" "" 2206828967776920448 1355.32959 0.7077 0.0323 0.749 -2.217 0.035 0.031 1.129 "" "" 15.632258 1.953755 16.586355 14.6326 "" "" 1308.1228 1429.20508 10520.67057 3.9515 3168.7 18.294 11120.0 17.134 "" "" 0.0027853342559609716 0.006861269 0.0041330894 0.010994358 343.47014018387 61.36168683336 1355.32959 0.7489999999999999 -2.2170000000000005 1.0
344.1903446957 61.18488757746 0.0254 0.0241 4.5352 "" "" 2014748718809314432 1513.26941 0.6316 0.0299 0.922 -2.264 0.035 0.03 1.0 9152.4 3.9145 15.693441 2.089562 16.757307 14.667745 "" "" 1448.06079 1583.80139 9944.20727 3.8286 2707.0 9.04 10766.0 16.916 "" "" 0.00278684907363665 0.004575097 0.004146566 0.008721663 344.1903446957 61.18488757746 1513.26941 0.9220000000000002 -2.2640000000000002 1.0
344.23076701852 60.93930349106 0.0237 0.024 10.2609 "" "" 2014728549642683776 1482.74744 0.6503 0.0276 0.963 -2.264 0.033 0.03 0.952 "" "" 15.717352 1.747726 16.551912 14.804186 "" "" 1428.26147 1547.5415 9727.60984 3.638 3270.8 11.632 9494.8 9.0511 "" "" 0.0027850793583481265 0.00476383 0.0039185393 0.008682369 344.23076701852 60.93930349106 1482.74744 0.9629999999999999 -2.264 1.0
