Clusters/Teutsch_38/Teutsch_38_members.tsv
# %ECSV 1.0
# ---
# datatype:
# - name: RA_ICRS_1
#   unit: deg
#   datatype: float64
#   format: '{:15.11f}'
#   description: Right ascension (ICRS) at Ep=2016.0 (ra)
#   meta: !!omap
#   - {ucd: POS_EQ_RA_MAIN}
#   - {width: 15}
#   - {precision: '11'}
# - name: DE_ICRS_1
#   unit: deg
#   datatype: float64
#   format: '{:15.11f}'
#   description: Declination (ICRS) at Ep=2016.0 (dec)
#   meta: !!omap
#   - {ucd: POS_EQ_DEC_MAIN}
#   - {width: 15}
#   - {precision: '11'}
# - name: e_RA_ICRS
#   unit: mas
#   datatype: float64
#   format: '{:7.4f}'
#   description: Standard error of right ascension (ra_error)
#   meta: !!omap
#   - {ucd: ERROR}
#   - {width: 7}
#   - {precision: '4'}
# - name: e_DE_ICRS
#   unit: mas
#   datatype: float64
#   format: '{:7.4f}'
#   description: Standard error of declination (dec_error)
#   meta: !!omap
#   - {ucd: ERROR}
#   - {width: 7}
#   - {precision: '4'}
# - name: _r_1
#   unit: ''
#   datatype: float64
#   format: '{:7.4f}'
#   description: Distance from center (131.52010775000-38.08690581000)[ICRS], at Epoch=J2016.0
#   meta: !!omap
#   - {ucd: POS_ANG_DIST_GENERAL}
#   - {width: 7}
#   - {precision: '4'}
# - name: HIP
#   datatype: int32
#   description: '? HIP cross-id number, van Leeuwen, Cat. I/311 (hip_original_ext_source_id)'
#   meta: !!omap
#   - {ucd: ID_NUMBER}
#   - {width: 6}
#   - values: {'null': -2147483648}
# - name: TYC2
#   datatype: string
#   description: Tycho-2 cross-id name, Hog et al., Cat. I/259 (tyc2_original_ext_source_id)
#   meta: !!omap
#   - {ucd: ID_CROSSID}
#   - {_votable_string_dtype: char}
# - name: Source
#   datatype: int64
#   description: Source identifier, identical to the Gaia-EDR3 source_id (id)
#   meta: !!omap
#   - {ucd: ID_MAIN}
#   - {width: 19}
# - name: rgeo
#   unit: pc
#   datatype: float64
#   format: '{:15.8f}'
#   description: '? Median of the geometric distance posterior (r_med_geo)'
#   meta: !!omap
#   - {ucd: PHYS_DISTANCE_TRUE}
#   - {width: 15}
#   - {precision: '8'}
#   - values: {'null': .nan}
# - name: Plx
#   unit: mas
#   datatype: float64
#   format: '{:9.4f}'
#   description: '? Parallax (parallax)'
#   meta: !!omap
#   - {ucd: POS_PARLX_TRIG}
#   - {width: 9}
#   - {precision: '4'}
#   - values: {'null': .nan}
# - name: e_Plx
#   unit: mas
#   datatype: float32
#   format: '{:7.4f}'
#   description: '? Standard error of parallax (parallax_error)'
#   meta: !!omap
#   - {ucd: ERROR}
#   - {width: 7}
#   - {precision: '4'}
#   - values: {'null': .nan}
# - name: pmRA
#   unit: mas / yr
#   datatype: float64
#   format: '{:9.3f}'
#   description: '? Proper motion in right ascension direction, pmRA*cosDE (pmra)'
#   meta: !!omap
#   - {ucd: POS_EQ_PMRA}
#   - {width: 9}
#   - {precision: '3'}
#   - values: {'null': .nan}
# - name: pmDE
#   unit: mas / yr
#   datatype: float64
#   format: '{:9.3f}'
#   description: '? Proper motion in declination direction (pmdec)'
#   meta: !!omap
#   - {ucd: POS_EQ_PMDEC}
#   - {width: 9}
#   - {precision: '3'}
#   - values: {'null': .nan}
# - name: e_pmRA
#   unit: mas / yr
#   datatype: float32
#   format: '{:6.3f}'
#   description: '? Standard error of proper motion in right ascension direction (pmra_error)'
#   meta: !!omap
#   - {ucd: ERROR}
#   - {width: 6}
#   - {precision: '3'}
#   - values: {'null': .nan}
# - name: e_pmDE
[...]
#         unit: &id001 !astropy.units.Unit {unit: deg}
#         value: !astropy.table.SerializedColumn {name: SkyCoord.dec}
#       distance: !astropy.table.SerializedColumn
#         __class__: astropy.coordinates.distances.Distance
#         unit: !astropy.units.Unit {unit: pc}
#         value: !astropy.table.SerializedColumn {name: SkyCoord.distance}
#       frame: icrs
#       obstime: !astropy.time.Time {format: jyear_str, in_subfmt: '*', jd1: 367701545.0, jd2: 0.0, out_subfmt: '*', precision: 3, scale: tt}
#       pm_dec: !astropy.table.SerializedColumn
#         __class__: astropy.units.quantity.Quantity
#         unit: !astropy.units.Unit {unit: mas / yr}
#         value: !astropy.table.SerializedColumn {name: SkyCoord.pm_dec}
#       pm_ra_cosdec: !astropy.table.SerializedColumn
#         __class__: astropy.units.quantity.Quantity
#         unit: !astropy.units.Unit {unit: mas / yr}
#         value: !astropy.table.SerializedColumn {name: SkyCoord.pm_ra_cosdec}
#       ra: !astropy.table.SerializedColumn
#         __class__: astropy.coordinates.angles.Longitude
#         unit: *id001
#         value: !astropy.table.SerializedColumn {name: SkyCoord.ra}
#         wrap_angle: !astropy.coordinates.Angle
#           unit: *id001
#           value: 360.0
#       representation_type: spherical
# schema: astropy-2.0
RA_ICRS_1 DE_ICRS_1 e_RA_ICRS e_DE_ICRS _r_1 HIP TYC2 Source rgeo Plx e_Plx pmRA pmDE e_pmRA e_pmDE RUWE Teff logg Gmag BP-RP BPmag RPmag RV e_RV b_rgeo B_rgeo FG e_FG FBP e_FBP FRP e_FRP RAVE5 RAVE6 e_Gmag e_BPmag e_RPmag e_BP-RP SkyCoord.ra SkyCoord.dec SkyCoord.distance SkyCoord.pm_ra_cosdec SkyCoord.pm_dec Pmemb
[from data line 39]
130.51781687267 -37.27177366774 0.0106 0.012 68.2435 "" "" 5530037682311771136 684.30603 1.4264 0.0148 -8.605 4.064 0.014 0.015 1.091 5905.1 4.2901 13.977341 0.962246 14.364749 13.402503 "" "" 678.00531 690.889526 48307.04068 103.72 24520.0 176.79 34527.0 183.75 "" "" 0.003609183288907663 0.008310575 0.0069044447 0.01521502 130.51781687267 -37.27177366774 684.30603 -8.605 4.064 0.9
130.8554208535 -37.96646941656 0.0098 0.0121 32.2357 "" "" 5529211193164855552 634.93103 1.5311 0.0144 -8.397 3.774 0.014 0.015 0.999 5641.0 4.4181 14.095881 0.924784 14.473697 13.548913 31.17 6.92 628.973083 641.894897 43310.58894 40.704 22179.0 75.927 30171.0 85.306 "" "" 0.0029381950822360142 0.0046476065 0.004869043 0.009516649 130.8554208535 -37.96646941656 634.93103 -8.397 3.774000000000001 1.0
131.87157266712 -37.64043436073 0.014 0.0172 31.5401 "" "" 5625100151977645056 609.902527 1.6051 0.0206 -8.677 3.942 0.019 0.023 1.433 5153.9 4.3632 14.116525 0.968678 14.506021 13.537343 33.83 5.19 602.29071 616.058777 42494.90671 45.004 21528.0 80.722 30494.0 106.99 "" "" 0.002985620272460658 0.0049354797 0.0053660995 0.010301579 131.87157266712 -37.64043436073 609.902527 -8.676999999999996 3.942 0.8
131.38044934297 -38.58136046929 0.01 0.0133 30.3867 "" "" 5528958717805519744 638.311401 1.5306 0.0155 -8.659 3.787 0.013 0.017 1.041 5330.7 4.3826 14.128152 0.983814 14.535046 13.551231 28.02 5.84 632.526062 644.539673 42042.26896 41.84 20960.0 81.123 30107.0 72.965 "" "" 0.002959610925531282 0.0050441613 0.00460516 0.009649321 131.38044934297 -38.58136046929 638.311401 -8.659000000000004 3.787 1.0
131.05756942583 -37.65201316211 0.0113 0.0127 34.0709 "" "" 5529223249127569408 649.471191 1.5067 0.0162 -8.186 3.623 0.015 0.015 1.081 5678.1 4.412 14.188661 0.971468 14.555909 13.584441 8.66 9.92 642.858521 656.734863 39763.29595 67.157 20561.0 193.37 29200.0 226.62 "" "" 0.0033097312703627346 0.010585367 0.009235105 0.01982047 131.05756942583 -37.65201316211 649.471191 -8.186 3.623000000000001 1.0
131.59767638666 -38.44110091507 0.0116 0.0142 21.5636 "" "" 5528981807550587136 630.584839 1.549 0.0168 -8.376 3.962 0.016 0.017 1.161 5182.5 4.3651 14.197685 0.978683 14.599022 13.620339 53.3 7.76 624.454956 636.638062 39434.17723 47.866 19761.0 85.975 28250.0 95.02 "" "" 0.0030542788837816756 0.005486249 0.0052554947 0.010741744 131.59767638666 -38.44110091507 630.584839 -8.376 3.9620000000000006 0.8
131.39005595218 -38.29406613525 0.0123 0.0131 13.8603 "" "" 5528998849980858496 649.762695 1.5034 0.0165 -8.577 3.621 0.016 0.016 1.005 5076.7 4.3667 14.35227 1.008069 14.767719 13.75965 10.18 7.49 643.043457 657.038879 34200.98906 45.397 16917.0 88.16 24848.0 85.009 "" "" 0.003109459272622428 0.006308679 0.005299158 0.011607837 131.39005595218 -38.29406613525 649.762695 -8.576999999999996 3.621 1.0
131.8784576924 -37.76320223948 0.0112 0.0147 25.7851 "" "" 5625095994449384192 633.556763 1.5364 0.0165 -8.411 3.637 0.016 0.019 1.017 5188.0 4.4153 14.382999 1.0552 14.828912 13.773712 21.48 3.7 625.696228 641.995911 33246.57689 17.768 15990.0 32.717 24529.0 38.676 "" "" 0.0028157557793079616 0.003566536 0.0041490276 0.0077155633 131.8784576924 -37.76320223948 633.556763 -8.411000000000001 3.6370000000000005 1.0
132.23431320655 -37.712251516 0.0122 0.0132 40.6043 "" "" 5625105202860092928 624.865112 1.5666 0.0164 -8.714 3.54 0.017 0.017 0.992 4784.5 4.2155 14.460521 1.327082 15.04758 13.720498 49.41 7.25 617.754639 631.213318 30955.54512 16.46 13073.0 34.19 25761.0 42.918 "" "" 0.0028151529823467777 0.0039809598 0.0041899453 0.008170905 132.23431320655 -37.712251516 624.865112 -8.714 3.54 1.0
132.73809211584 -38.66526878183 0.0125 0.015 66.9798 "" "" 5621982555477508992 626.577698 1.5612 0.0184 -8.538 3.456 0.018 0.018 0.956 5297.4 4.4963 14.532411 1.106527 15.003671 13.897143 29.21 5.32 619.363342 634.520935 28972.27167 31.533 13613.0 54.125 21893.0 66.535 "" "" 0.0029980332062498906 0.005140074 0.005017119 0.010157193 132.73809211584 -38.66526878183 626.577698 -8.538 3.4560000000000004 0.9
132.17577260532 -38.3062618074 0.0124 0.0144 33.6017 "" "" 5625016451653688576 646.269226 1.5098 0.0172 -8.626 3.556 0.016 0.017 0.992 5542.2 4.4588 14.548877 1.121286 15.025461 13.904175 24.71 9.59 640.012939 652.322876 28536.2003 41.402 13342.0 66.693 21751.0 84.607 "" "" 0.003173830789055253 0.0061025084 0.005667446 0.011769954 132.17577260532 -38.3062618074 646.269226 -8.626 3.5559999999999983 1.0
131.10063219177 -38.00966281138 0.0134 0.0148 20.3546 "" "" 5529196796434369792 640.354553 1.5252 0.0184 -8.456 3.639 0.019 0.019 0.979 4970.9 4.4072 14.737078 1.154561 15.230062 14.075501 34.46 7.3 632.893066 646.459595 23994.71016 47.58 11051.0 91.644 18576.0 90.723 "" "" 0.0034967082023394363 0.009426229 0.006511634 0.015937863 131.10063219177 -38.00966281138 640.354553 -8.456 3.6389999999999993 1.0
131.26435680153 -37.85598656196 0.0137 0.0165 18.3928 "" "" 5529205386368768000 644.668335 1.5174 0.0196 -8.415 3.737 0.016 0.018 0.951 4922.3 4.3444 14.792596 1.228144 15.321799 14.093656 "" "" 635.618591 652.110229 22798.6088 30.97 10155.0 44.12 18268.0 60.193 "" "" 0.003125230399816603 0.0054805633 0.0052040573 0.010684621 131.26435680153 -37.85598656196 644.668335 -8.415 3.737000000000002 1.0
131.16251377274 -39.26841528221 0.0153 0.0178 72.8423 "" "" 5528796642917185280 710.49762 1.3706 0.0205 -8.629 3.75 0.021 0.021 1.045 5240.2 4.5775 14.982954 1.041251 15.420364 14.379113 "" "" 701.301147 720.030701 19132.20454 5.8263 9274.1 14.046 14045.0 15.97 "" "" 0.0027750874899356496 0.0032386836 0.0039759064 0.00721459 131.16251377274 -39.26841528221 710.49762 -8.628999999999998 3.75 1.0
131.656727036 -37.95118123416 0.015 0.0203 10.3932 "" "" 5625085961405987968 623.1297 1.5692 0.0223 -8.584 3.648 0.019 0.025 1.002 4646.5 4.3808 15.140869 1.29405 15.710629 14.416578 "" "" 614.642761 630.791565 16542.4255 23.401 7098.5 39.523 13568.0 46.909 "" "" 0.0031544795006972085 0.0066580004 0.0053267553 0.011984756 131.656727036 -37.95118123416 623.1297 -8.583999999999998 3.6479999999999992 1.0
130.88382022243 -37.84216455985 0.0159 0.019 33.4896 "" "" 5529214457339926656 645.651184 1.5183 0.023 -8.543 3.474 0.02 0.023 0.942 4899.4 4.4011 15.161562 1.305646 15.730739 14.425093 "" "" 637.857422 655.184021 16230.12618 36.536 6968.2 61.637 13462.0 97.59 "" "" 0.003683142189011997 0.010000946 0.008731182 0.018732127 130.88382022243 -37.84216455985 645.651184 -8.543 3.474 0.9
131.72112838766 -37.81846623635 0.0178 0.0207 18.7047 "" "" 5625091287165356160 641.919678 1.5179 0.0261 -8.386 3.747 0.025 0.026 1.049 4666.4 4.3593 15.173433 1.281241 15.732904 14.451662 "" "" 632.042053 651.763367 16053.63943 35.352 6954.3 72.578 13137.0 74.541 "" "" 0.0036480517300996797 0.011669667 0.0072275014 0.018897168 131.72112838766 -37.81846623635 641.919678 -8.385999999999996 3.746999999999999 1.0
131.14725191769 -37.27716410656 0.0183 0.0221 51.7098 "" "" 5625355204315207936 648.50592 1.5082 0.0263 -8.561 3.638 0.024 0.027 1.055 "" "" 15.527642 1.440346 16.169315 14.72897 "" "" 635.391785 659.4422 11584.83867 13.018 4652.5 30.568 10176.0 35.834 "" "" 0.0030133565859137364 0.007659792 0.0053760232 0.013035815 131.14725191769 -37.27716410656 648.50592 -8.561 3.638000000000001 1.0
131.30945353571 -38.40595292449 0.0192 0.0229 21.5634 "" "" 5528995895043472768 575.577087 1.7065 0.0283 -9.226 4.307 0.027 0.029 1.038 4567.3 4.4163 15.551303 1.499378 16.239265 14.739887 "" "" 566.61145 583.235657 11335.10941 11.459 4362.2 20.431 10074.0 26.085 "" "" 0.0029658930788266417 0.0058003743 0.004710345 0.010510719 131.30945353571 -38.40595292449 575.577087 -9.226000000000003 4.307 1.0
130.03030015394 -37.40239078375 0.0181 0.0239 81.7479 "" "" 5530029092376101120 654.318481 1.4985 0.026 -8.282 3.907 0.024 0.03 1.011 "" "" 15.573492 1.516194 16.238901 14.722707 "" "" 642.791016 664.09198 11105.80468 19.987 4363.7 29.508 10235.0 57.785 "" "" 0.0033778481144041118 0.007854217 0.007201325 0.015055542 130.03030015394 -37.40239078375 654.318481 -8.282 3.907 0.9
133.07084805292 -38.21174630253 0.0187 0.0239 73.552 "" "" 5622021175824356992 623.22113 1.5691 0.0273 -8.788 3.545 0.025 0.029 1.005 4530.5 4.4128 15.685955 1.518109 16.386415 14.868306 "" "" 610.605469 634.763184 10013.0139 11.915 3809.4 22.406 8950.3 27.1 "" "" 0.0030431865435309167 0.006968977 0.0050090817 0.011978058 133.07084805292 -38.21174630253 623.22113 -8.788 3.544999999999999 1.0
131.48049602143 -37.90411296204 0.023 0.0258 11.1264 "" "" 5625277413866432000 651.196533 1.509 0.033 -8.577 3.72 0.03 0.032 0.969 4291.7 4.4145 15.848854 1.586071 16.595587 15.009516 "" "" 637.240601 663.395508 8617.97036 9.8914 3141.8 15.837 7858.7 22.171 "" "" 0.003024025084188082 0.0061431136 0.004864793 0.011007907 131.48049602143 -37.90411296204 651.196533 -8.577000000000004 3.7200000000000015 1.0
131.34326735217 -37.67790138424 0.0243 0.0287 25.9298 "" "" 5625295177851072896 656.187195 1.4925 0.0343 -8.524 3.595 0.033 0.034 1.015 "" "" 16.112055 1.681615 16.91163 15.230016 "" "" 642.431152 670.195862 6762.77577 7.1317 2348.4 9.7268 6414.3 17.748 "" "" 0.0029837451726904877 0.005292258 0.0048279148 0.010120173 131.34326735217 -37.67790138424 656.187195 -8.524 3.595 1.0
130.79284094371 -37.34054983721 0.026 0.0318 56.5412 "" "" 5529292282148895104 649.478333 1.5069 0.0373 -8.399 3.651 0.034 0.04 0.966 "" "" 16.254951 1.760989 17.086493 15.325503 "" "" 635.788696 664.754333 5928.78765 8.0262 1999.0 16.15 5874.3 30.953 "" "" 0.00312285162505391 0.009204774 0.006856633 0.016061407 130.79284094371 -37.34054983721 649.478333 -8.399 3.651 0.9
130.17861159202 -37.67047045465 0.033 0.0405 68.2675 "" "" 5530002429209900288 672.398438 1.4583 0.0481 -8.529 4.029 0.043 0.049 1.111 4364.5 4.4444 16.337294 1.497714 17.008299 15.510585 "" "" 653.527832 696.090393 5495.77751 3.3437 2148.3 10.332 4953.6 12.057 "" "" 0.0028333989073582137 0.005920425 0.0046116617 0.010532087 130.17861159202 -37.67047045465 672.398438 -8.529 4.029 1.0
131.91656406017 -38.18749638195 0.0309 0.0341 19.659 "" "" 5625068575378356736 662.641174 1.4798 0.0424 -8.628 3.674 0.043 0.041 1.039 4200.7 4.4974 16.443525 1.876787 17.374477 15.49769 "" "" 647.359619 678.584595 4983.5277 5.1727 1533.3 10.141 5012.8 16.702 "" "" 0.002976878559438242 0.007703905 0.00523166 0.012935565 131.91656406017 -38.18749638195 662.641174 -8.628 3.674 0.9
132.21750856316 -38.08310687747 0.027 0.0345 32.936 "" "" 5625026106739911168 650.238037 1.5031 0.04 -8.585 3.578 0.035 0.043 1.012 4666.2 4.4311 16.449297 1.857992 17.360538 15.502546 "" "" 635.170105 663.355774 4957.10475 3.9439 1553.1 7.4537 4990.5 16.525 "" "" 0.002887554404828134 0.0059107137 0.0052162353 0.0111269485 132.21750856316 -38.08310687747 650.238037 -8.585 3.5780000000000007 0.8
130.97409821828 -37.97967613106 0.0304 0.0364 26.5939 "" "" 5529208272587037568 667.018311 1.4763 0.0438 -8.549 3.957 0.043 0.045 1.033 4102.1 4.3296 16.453497 1.878599 17.376228 15.497629 "" "" 649.54895 688.46759 4937.96738 6.1252 1530.8 8.9298 5013.1 17.842 "" "" 0.003066855593390484 0.0069209086 0.005405173 0.012326082 130.97409821828 -37.97967613106 667.018311 -8.549000000000003 3.9570000000000007 1.0
131.45303336626 -38.32879430704 0.0321 0.0369 14.8538 "" "" 5528998162786071680 637.267273 1.5354 0.0442 -8.346 3.985 0.042 0.046 1.068 3701.4 4.06 16.493227 2.273878 17.678078 15.4042 "" "" 620.177734 656.797424 4760.53767 8.124 1159.3 11.913 5463.6 24.401 "" "" 0.003320362927887945 0.011500649 0.0061478955 0.017648544 131.45303336626 -38.32879430704 637.267273 -8.346 3.9850000000000003 1.0
131.41136666369 -37.48896296148 0.0313 0.0369 36.2452 "" "" 5625299094861055488 655.305542 1.4849 0.0451 -8.676 3.566 0.042 0.044 1.031 4218.9 4.6048 16.519455 1.892115 17.456392 15.564278 "" "" 632.514282 677.78363 4646.91517 6.742 1421.9 12.171 4714.6 25.387 "" "" 0.0031738286618674333 0.009703353 0.0069616437 0.016664997 131.41136666369 -37.48896296148 655.305542 -8.676 3.565999999999997 1.0
131.57718855477 -38.48338625991 0.0301 0.0355 23.9402 "" "" 5528981635751929088 659.611328 1.4838 0.0424 -8.539 3.543 0.04 0.044 1.003 "" "" 16.561598 1.929688 17.518742 15.589053 "" "" 646.512878 677.536804 4470.00133 4.5306 1342.5 6.7164 4608.3 15.997 "" "" 0.0029669498042184978 0.006106544 0.005337492 0.011444036 131.57718855477 -38.48338625991 659.611328 -8.538999999999998 3.5429999999999984 1.0
132.57346034451 -37.53868842333 0.0319 0.0343 59.7903 "" "" 5625160075360724608 594.773438 1.6446 0.0442 -8.66 3.962 0.04 0.04 1.011 3935.7 4.3993 16.564348 2.055293 17.605947 15.550654 "" "" 574.981812 614.698669 4458.69427 3.2811 1238.9 14.796 4774.2 15.539 "" "" 0.0028688253586037524 0.013263581 0.005174142 0.018437723 132.57346034451 -37.53868842333 594.773438 -8.66 3.961999999999999 0.8
131.46608794508 -38.07400617955 0.0347 0.0419 2.6661 "" "" 5529011043382619520 662.056763 1.4774 0.0484 -8.599 3.769 0.046 0.051 1.052 3638.0 4.0462 16.764338 2.315029 17.953512 15.638483 "" "" 645.59259 680.907898 3708.6141 3.0389 899.52 8.197 4403.2 11.13 "" "" 0.002895393321506473 0.010279819 0.0046707154 0.014950534 131.46608794508 -38.07400617955 662.056763 -8.599 3.768999999999999 0.8
130.53893944342 -38.02517109463 0.0384 0.0452 46.5023 "" "" 5529234248550242688 595.267029 1.6279 0.0529 -8.686 4.067 0.06 0.056 1.034 3714.4 4.2187 16.765303 2.034276 17.79145 15.757174 "" "" 576.171326 615.739136 3705.31815 3.3962 1044.3 7.5739 3947.2 11.518 "" "" 0.0029295270670991525 0.008354133 0.004931653 0.013285786 130.53893944342 -38.02517109463 595.267029 -8.686 4.067 0.8
130.81468205442 -37.38135238921 0.0342 0.0401 53.9679 "" "" 5529289017973762816 657.13092 1.4871 0.0489 -8.521 3.821 0.044 0.05 1.035 "" "" 16.77341 2.053933 17.809341 15.755408 "" "" 637.387451 679.167847 3677.75192 3.4607 1027.3 7.999 3953.6 14.242 "" "" 0.0029386350355382427 0.008902546 0.0054388125 0.014341358 130.81468205442 -37.38135238921 657.13092 -8.521000000000004 3.8209999999999997 0.9
131.46116670876 -38.22090890606 0.0367 0.043 8.5075 "" "" 5529005412690806528 673.482178 1.446 0.0516 -8.435 3.771 0.052 0.052 0.982 3911.8 4.3492 16.848785 2.108987 17.932718 15.823731 "" "" 653.535095 696.274597 3431.09353 4.3434 916.92 9.8782 3712.5 13.623 "" "" 0.0030790969581145212 0.012025076 0.005491521 0.017516598 131.46116670876 -38.22090890606 673.482178 -8.435000000000004 3.771 1.0
131.29877866968 -37.14010929024 0.0376 0.0444 57.7735 "" "" 5625363244493793152 632.283997 1.564 0.056 -8.552 3.59 0.052 0.057 0.967 3669.3 4.3706 16.892307 2.076341 17.952553 15.876212 "" "" 613.11322 650.279419 3296.27562 2.9806 900.32 8.296 3537.3 14.358 "" "" 0.002925002282476131 0.01038631 0.0058056586 0.016191969 131.29877866968 -37.14010929024 632.283997 -8.552 3.5900000000000016 0.9
131.6739448866 -37.50011522704 0.0371 0.0483 35.955 "" "" 5625293008884140416 646.477844 1.517 0.0574 -8.631 3.575 0.051 0.064 1.048 3859.1 4.5504 16.893427 2.120397 17.986128 15.865731 "" "" 624.235962 673.832214 3292.87996 4.201 872.9 8.7636 3571.6 13.224 "" "" 0.0030839046404061068 0.011251831 0.005517608 0.016769439 131.6739448866 -37.50011522704 646.477844 -8.631 3.5749999999999993 1.0
