Clusters/Teutsch_38/Teutsch_38_stars_in_region.tsv
# %ECSV 1.0
# ---
# datatype:
# - name: RA_ICRS_1
#   unit: deg
#   datatype: float64
#   format: '{:15.11f}'
#   description: Right ascension (ICRS) at Ep=2016.0 (ra)
#   meta: !!omap
#   - {ucd: POS_EQ_RA_MAIN}
#   - {width: 15}
#   - {precision: '11'}
# - name: DE_ICRS_1
#   unit: deg
#   datatype: float64
#   format: '{:15.11f}'
#   description: Declination (ICRS) at Ep=2016.0 (dec)
#   meta: !!omap
#   - {ucd: POS_EQ_DEC_MAIN}
#   - {width: 15}
#   - {precision: '11'}
# - name: e_RA_ICRS
#   unit: mas
#   datatype: float64
#   format: '{:7.4f}'
#   description: Standard error of right ascension (ra_error)
#   meta: !!omap
#   - {ucd: ERROR}
#   - {width: 7}
#   - {precision: '4'}
# - name: e_DE_ICRS
#   unit: mas
#   datatype: float64
#   format: '{:7.4f}'
#   description: Standard error of declination (dec_error)
#   meta: !!omap
#   - {ucd: ERROR}
#   - {width: 7}
#   - {precision: '4'}
# - name: _r_1
#   unit: ''
#   datatype: float64
#   format: '{:7.4f}'
#   description: Distance from center (131.52010775000-38.08690581000)[ICRS], at Epoch=J2016.0
#   meta: !!omap
#   - {ucd: POS_ANG_DIST_GENERAL}
#   - {width: 7}
#   - {precision: '4'}
# - name: HIP
#   datatype: int32
#   description: '? HIP cross-id number, van Leeuwen, Cat. I/311 (hip_original_ext_source_id)'
#   meta: !!omap
#   - {ucd: ID_NUMBER}
#   - {width: 6}
#   - values: {'null': -2147483648}
# - name: TYC2
#   datatype: string
#   description: Tycho-2 cross-id name, Hog et al., Cat. I/259 (tyc2_original_ext_source_id)
#   meta: !!omap
#   - {ucd: ID_CROSSID}
#   - {_votable_string_dtype: char}
# - name: Source
#   datatype: int64
#   description: Source identifier, identical to the Gaia-EDR3 source_id (id)
#   meta: !!omap
#   - {ucd: ID_MAIN}
#   - {width: 19}
# - name: rgeo
#   unit: pc
#   datatype: float64
#   format: '{:15.8f}'
#   description: '? Median of the geometric distance posterior (r_med_geo)'
#   meta: !!omap
#   - {ucd: PHYS_DISTANCE_TRUE}
#   - {width: 15}
#   - {precision: '8'}
#   - values: {'null': .nan}
# - name: Plx
#   unit: mas
#   datatype: float64
#   format: '{:9.4f}'
#   description: '? Parallax (parallax)'
#   meta: !!omap
#   - {ucd: POS_PARLX_TRIG}
#   - {width: 9}
#   - {precision: '4'}
#   - values: {'null': .nan}
# - name: e_Plx
#   unit: mas
#   datatype: float32
#   format: '{:7.4f}'
#   description: '? Standard error of parallax (parallax_error)'
#   meta: !!omap
#   - {ucd: ERROR}
#   - {width: 7}
#   - {precision: '4'}
#   - values: {'null': .nan}
# - name: pmRA
#   unit: mas / yr
#   datatype: float64
#   format: '{:9.3f}'
#   description: '? Proper motion in right ascension direction, pmRA*cosDE (pmra)'
#   meta: !!omap
#   - {ucd: POS_EQ_PMRA}
#   - {width: 9}
#   - {precision: '3'}
#   - values: {'null': .nan}
# - name: pmDE
#   unit: mas / yr
#   datatype: float64
#   format: '{:9.3f}'
#   description: '? Proper motion in declination direction (pmdec)'
#   meta: !!omap
#   - {ucd: POS_EQ_PMDEC}
#   - {width: 9}
#   - {precision: '3'}
#   - values: {'null': .nan}
# - name: e_pmRA
#   unit: mas / yr
#   datatype: float32
#   format: '{:6.3f}'
#   description: '? Standard error of proper motion in right ascension direction (pmra_error)'
#   meta: !!omap
#   - {ucd: ERROR}
#   - {width: 6}
#   - {precision: '3'}
#   - values: {'null': .nan}
# - name: e_pmDE
[...]
#         value: !astropy.table.SerializedColumn {name: SkyCoord.dec}
#       distance: !astropy.table.SerializedColumn
#         __class__: astropy.coordinates.distances.Distance
#         unit: !astropy.units.Unit {unit: pc}
#         value: !astropy.table.SerializedColumn {name: SkyCoord.distance}
#       frame: icrs
#       obstime: !astropy.time.Time {format: jyear_str, in_subfmt: '*', jd1: 367701545.0, jd2: 0.0, out_subfmt: '*', precision: 3, scale: tt}
#       pm_dec: !astropy.table.SerializedColumn
#         __class__: astropy.units.quantity.Quantity
#         unit: !astropy.units.Unit {unit: mas / yr}
#         value: !astropy.table.SerializedColumn {name: SkyCoord.pm_dec}
#       pm_ra_cosdec: !astropy.table.SerializedColumn
#         __class__: astropy.units.quantity.Quantity
#         unit: !astropy.units.Unit {unit: mas / yr}
#         value: !astropy.table.SerializedColumn {name: SkyCoord.pm_ra_cosdec}
#       ra: !astropy.table.SerializedColumn
#         __class__: astropy.coordinates.angles.Longitude
#         unit: *id001
#         value: !astropy.table.SerializedColumn {name: SkyCoord.ra}
#         wrap_angle: !astropy.coordinates.Angle
#           unit: *id001
#           value: 360.0
#       representation_type: spherical
# schema: astropy-2.0
RA_ICRS_1 DE_ICRS_1 e_RA_ICRS e_DE_ICRS _r_1 HIP TYC2 Source rgeo Plx e_Plx pmRA pmDE e_pmRA e_pmDE RUWE Teff logg Gmag BP-RP BPmag RPmag RV e_RV b_rgeo B_rgeo FG e_FG FBP e_FBP FRP e_FRP RAVE5 RAVE6 e_Gmag e_BPmag e_RPmag e_BP-RP SkyCoord.ra SkyCoord.dec SkyCoord.distance SkyCoord.pm_ra_cosdec SkyCoord.pm_dec rmRA rmDE e_rmRA e_rmDE rRV e_rRV v_pec v_pec3d e_vpec e_vpec3d
[from data line 337]
131.16636329714 -37.76480610344 0.1368 0.1672 25.5693 "" "" 5529218644922644736 720.407837 1.4292 0.1973 0.276 1.342 0.176 0.179 21.859 "" "" 12.437044 0.755566 12.468584 11.713018 29.71 1.05 638.989258 815.46344 199585.55879 130.18 140600.0 160.46 163660.0 171.82 "" "" 0.0028448723267450065 0.003052935 0.0039475346 0.0070004696 131.16636329714 -37.76480610344 720.407837 0.27600000000000086 1.342 8.871662117004394 -2.395831115722656 0.41022098 0.413221 10.742702702702704 4.130615 31.37959461086857 33.16752356298414 12.878988734636556 12.257962513941077
131.10781937929 -37.16926649709 0.0067 0.0078 58.44 "" "" 5625368325431700224 606.432739 1.6284 0.0094 0.187 -4.03 0.009 0.01 0.889 5726.9 4.1251 12.439739 0.795292 12.754612 11.95932 -5.17 0.8 602.557495 609.958984 199090.73011 31.681 108040.0 39.259 130450.0 33.207 "" "" 0.0027607316780075167 0.0028179248 0.003789474 0.006607399 131.10781937929 -37.16926649709 606.432739 0.18700000000000072 -4.03 8.782662117004394 -7.7678311157226565 0.24322098 0.24422099 -24.137297297297295 3.8806152 33.703253332755835 41.45501665697449 8.212148309374122 7.0485128771148675
130.57497187178 -37.68093270285 0.0069 0.0089 50.9559 "" "" 5529277198224129408 639.241333 1.5439 0.0103 2.438 -19.377 0.009 0.011 0.95 5469.3 4.0472 12.444427 0.932856 12.827273 11.894418 16.19 1.1 635.075806 644.243408 198232.85872 26.452 101040.0 41.716 138480.0 34.068 "" "" 0.0027591265820984933 0.002825949 0.0037888088 0.0066147577 130.57497187178 -37.68093270285 639.241333 2.4379999999999944 -19.377 11.033662117004395 -23.114831115722655 0.24322098 0.24522099 -2.777297297297295 4.1806154 77.60816160373963 77.65784009222598 19.002442187690114 18.990874691475135
131.28948152217 -39.46335327495 0.0072 0.0085 83.2884 "" 7679-604-1 5528780562559755520 666.347168 1.4755 0.01 -15.984 18.618 0.009 0.01 0.967 6225.4 4.1045 12.448407 0.728299 12.733411 12.005112 37.32 0.83 661.63501 670.854431 197507.59188 30.285 110170.0 43.475 125060.0 30.599 "" "" 0.0027603452252728737 0.002822874 0.0037887066 0.006611581 131.28948152217 -39.46335327495 666.347168 -15.983999999999995 18.61800000000001 -7.3883378829956055 14.880168884277342 0.24322098 0.24422099 18.352702702702704 3.9106152 52.47336518251907 55.590248695898055 12.804736102716237 12.155546026744561
131.1123128795 -36.78204549224 0.011 0.0129 80.666 "" "" 5626133624187851776 650.244995 1.5108 0.0157 -5.558 -0.64 0.015 0.017 1.481 5922.1 4.0033 12.454214 0.733401 12.739884 12.006483 24.65 1.09 644.186279 657.248352 196454.03665 31.96 109510.0 57.474 124900.0 37.735 "" "" 0.0027609759815856202 0.0028477623 0.0037935902 0.0066413525 131.1123128795 -36.78204549224 650.244995 -5.5579999999999945 -0.6400000000000012 3.0376621170043947 -4.377831115722656 0.24922098 0.25122097 5.682702702702702 4.170615 16.423262859506533 17.378626900873133 4.115222051265894 4.1211805082675355
132.31756792432 -37.47973538321 0.0071 0.0088 52.5084 "" "" 5625117980376440960 683.344543 1.4466 0.0102 -3.854 -3.134 0.01 0.011 1.016 "" "" 12.45521 0.948295 12.846727 11.898433 -14.96 3.4 678.787659 688.032043 196274.03315 56.237 99249.0 102.08 137970.0 109.91 "" "" 0.002772826229605267 0.0030053419 0.0038770887 0.0068824305 132.31756792432 -37.47973538321 683.344543 -3.853999999999999 -3.1339999999999986 4.741662117004394 -6.871831115722657 0.24422099 0.24522099 -33.9272972972973 6.4806156 27.042781196178403 43.38632868454736 6.622746995958505 6.536201540270667
131.81109837973 -39.48191831436 0.0076 0.0091 84.7999 "" "" 5525855002638003712 573.626709 1.7177 0.0108 -0.976 1.58 0.01 0.011 0.992 6255.0 4.2408 12.456401 0.668267 12.714246 12.045979 2.54 1.26 569.898987 577.557068 196058.79751 33.209 112130.0 50.872 120440.0 29.416 "" "" 0.002761450794689534 0.0028333175 0.0037886736 0.0066219913 131.81109837973 -39.48191831436 573.626709 -0.976 1.58 7.6196621170043946 -2.157831115722656 0.24422099 0.24522099 -16.427297297297297 4.3406153 21.532532033063436 27.083316492791166 5.260297913920288 4.941888558808274
131.984281787 -39.00422597922 0.0086 0.0108 59.1925 "" "" 5525906129929285632 647.117065 1.5206 0.0124 -1.404 4.11 0.012 0.014 1.078 6511.5 4.1747 12.459033 0.625987 12.697247 12.07126 32.89 2.87 642.337097 651.728088 195584.07728 34.364 113900.0 57.9 117670.0 39.443 "" "" 0.0027619159984966475 0.0028442342 0.0037968643 0.0066410983 131.984281787 -39.00422597922 647.117065 -1.404 4.109999999999999 7.191662117004395 0.37216888427734407 0.24622098 0.24822098 13.922702702702704 5.950615 22.088754430312772 26.11043321797835 5.438833149520192 5.5891167730538
132.02908660464 -38.93511748516 0.0068 0.0088 56.2233 "" "" 5525907538678500736 714.604919 1.377 0.0101 -10.249 10.278 0.009 0.011 0.892 6390.8 4.147 12.459543 0.67042 12.719454 12.049034 63.12 1.66 710.810364 719.798767 195492.19624 31.895 111590.0 51.964 120100.0 48.513 "" "" 0.002761008530544918 0.002835608 0.0038047433 0.0066403514 132.02908660464 -38.93511748516 714.604919 -10.24900000000001 10.277999999999997 -1.653337882995606 6.540168884277344 0.24322098 0.24522099 44.1527027027027 4.7406154 22.849939024608148 49.71499642342902 5.6005500757312205 4.934776224263169
131.46375445396 -39.1014163863 0.0248 0.0279 60.928 "" "" 5528880854335297280 747.207825 1.3146 0.0344 -2.37 -0.948 0.03 0.035 2.93 7441.6 4.0502 12.45974 0.499513 12.644254 12.144741 "" "" 730.5271 762.587097 195456.765 57.236 119600.0 107.43 109970.0 60.032 "" "" 0.0027736031045977787 0.002955702 0.003825574 0.006781276 131.46375445396 -39.1014163863 747.207825 -2.37 -0.9480000000000002 6.225662117004394 -4.685831115722657 0.26422098 0.26922098 "" "" 27.597574046389905 "" 7.342058742095279 ""
133.08118534517 -38.66509173857 0.0091 0.0107 81.2096 "" "" 5621959117831522304 694.033752 1.421 0.0131 -14.656 15.613 0.013 0.013 1.128 6036.5 4.0971 12.462591 0.711369 12.739245 12.027876 39.7 3.41 689.017944 699.551819 194944.11772 35.649 109580.0 61.563 122460.0 46.022 "" "" 0.0027624644762581758 0.002856067 0.0038013442 0.0066574113 133.08118534517 -38.66509173857 694.033752 -14.656000000000002 15.613 -6.060337882995606 11.875168884277343 0.24722098 0.24722098 20.732702702702706 6.4906154 43.859176949376035 48.512600054370765 10.84290862587653 10.187736894645125
131.6975157588 -37.85613990297 0.0069 0.0085 16.1902 "" 7675-427-1 5625091115366690560 620.600342 1.5851 0.0099 -8.023 3.291 0.009 0.011 0.831 6554.2 4.2453 12.465298 0.60222 12.694152 12.091932 20.71 3.86 617.289185 624.300903 194458.8139 32.203 114220.0 58.215 115450.0 37.803 "" "" 0.0027611805324407415 0.0028445155 0.003796066 0.0066405814 131.6975157588 -37.85613990297 620.600342 -8.023 3.291000000000001 0.5726621170043948 -0.4468311157226563 0.24322098 0.24522099 1.7427027027027044 6.940615 2.136695933917248 2.7572599123089234 0.5213105795387165 4.405319152571473
132.07432104057 -38.68289927404 0.1094 0.1189 44.2508 "" 7675-3347-1 5528919715199361152 732.190552 1.3976 0.1455 -17.169 11.341 0.139 0.149 19.013 "" "" 12.465342 0.717859 12.54193 11.824071 19.49 1.43 669.031677 807.103271 194451.00556 133.07 131410.0 209.34 147750.0 277.81 "" "" 0.0028537435548057904 0.0032827728 0.0042955047 0.0075782775 132.07432104057 -38.68289927404 732.190552 -17.169000000000004 11.340999999999994 -8.573337882995606 7.603168884277343 0.37322098 0.38322097 0.522702702702702 4.5106153 39.76965818002939 39.77309303878429 15.019250561710487 15.018070471681249
130.55490069781 -37.84460426746 0.0073 0.0096 47.9154 "" "" 5529240639461504256 661.249268 1.4893 0.0109 -15.747 14.966 0.01 0.012 0.94 6365.0 4.1466 12.465407 0.701004 12.736814 12.03581 37.91 2.31 656.577942 666.124512 194439.23999 30.109 109820.0 48.064 121570.0 39.391 "" "" 0.0027604448907915025 0.0028303445 0.00379572 0.0066260644 130.55490069781 -37.84460426746 661.249268 -15.747 14.966000000000005 -7.151337882995605 11.228168884277343 0.24422099 0.24622098 18.9427027027027 5.3906155 41.72456688167442 45.823197914880424 10.24945105607773 9.595050433240168
131.32067264698 -37.46375319774 0.0069 0.0084 38.5669 "" "" 5625302049798604800 530.170654 1.8628 0.0101 -4.674 5.037 0.009 0.01 0.889 6255.0 4.2811 12.475485 0.668105 12.73247 12.064365 26.67 2.62 527.257141 532.611816 192642.82342 38.9 110260.0 73.474 118420.0 52.539 "" "" 0.0027640289194222002 0.0028824476 0.0038099561 0.006692404 131.32067264698 -37.46375319774 530.170654 -4.674 5.037 3.921662117004394 1.2991688842773437 0.24322098 0.24422099 7.702702702702705 5.700615 10.381882308970543 12.92730092492393 2.5261202429726626 3.9564210522074337
132.16590190244 -38.76030568237 0.0069 0.0087 50.5367 "" "" 5525915883790344448 691.980896 1.4152 0.01 -4.486 5.279 0.009 0.011 0.987 6833.3 4.2464 12.484672 0.556421 12.692994 12.136573 24.39 3.16 686.758789 697.650391 191019.68339 30.106 114350.0 58.601 110800.0 32.404 "" "" 0.002760628778120205 0.0028451076 0.003792697 0.0066378047 132.16590190244 -38.76030568237 691.980896 -4.486000000000001 5.2790000000000035 4.109662117004395 1.5411688842773437 0.24322098 0.24522099 5.422702702702704 6.2406154 14.396323281135253 15.38375209813445 3.505050680700245 3.9494245208377627
130.65395502456 -39.17037039164 0.0074 0.0104 76.6429 "" "" 5528855294991819008 767.99823 1.2715 0.0109 -7.828 9.033 0.01 0.014 0.914 6583.0 4.0627 12.48735 0.667226 12.743714 12.076488 25.43 4.19 763.199524 775.513794 190548.90628 32.312 109130.0 44.773 117100.0 34.066 "" "" 0.0027614645691627976 0.0028255037 0.0037925574 0.006618061 130.65395502456 -39.17037039164 767.99823 -7.828000000000007 9.032999999999998 0.7676621170043942 5.295168884277343 0.24422099 0.24822098 6.462702702702703 7.2706156 19.47757857183743 20.521759019285394 4.833152536337817 5.1269144993310904
131.2962823473 -39.20960278486 0.014 0.0148 68.1734 "" 7675-3285-1 5528890135766714624 736.417236 1.3325 0.0187 -9.968 4.001 0.019 0.019 1.706 "" "" 12.491009 0.740531 12.778785 12.038254 -0.17 1.55 727.537781 746.08197 189907.97911 29.506 105660.0 43.834 121300.0 30.485 "" "" 0.0027604793055696895 0.0028262932 0.0037892193 0.0066155125 131.2962823473 -39.20960278486 736.417236 -9.967999999999993 4.000999999999992 -1.3723378829956054 0.2631688842773441 0.25322098 0.25322098 -19.137297297297298 4.630615 4.877592289120455 19.749102622246657 1.2351086770498072 4.497520659908121
130.33437589419 -37.34560850056 0.007 0.0094 71.7312 "" 7148-2517-1 5530039361631993856 618.75061 1.5935 0.0109 -7.83 -1.739 0.009 0.012 0.932 6105.1 4.1226 12.491662 0.742167 12.780619 12.038451 12.74 7.77 614.976929 622.22644 189793.72872 28.187 105480.0 60.959 121280.0 35.581 "" "" 0.002760034412588254 0.002859854 0.0037927811 0.006652635 130.33437589419 -37.34560850056 618.75061 -7.83 -1.739 0.7656621170043945 -5.476831115722656 0.24322098 0.24622098 -6.227297297297296 10.8506155 16.219084569272717 17.37348370057504 3.992551679004589 5.386913277930436
132.60566197599 -38.81279049855 0.0256 0.032 67.0723 "" "" 5621974309140433408 721.907715 1.3644 0.0375 -3.518 -1.254 0.034 0.039 3.47 "" "" 12.49201 0.721895 12.771649 12.049754 -0.3 1.54 700.94989 739.924072 189732.86273 32.791 106350.0 45.71 120020.0 36.969 "" "" 0.0027617023655014897 0.0028289251 0.0037941497 0.006623075 132.60566197599 -38.81279049855 721.907715 -3.518 -1.254 5.077662117004395 -4.991831115722656 0.268221 0.273221 -19.267297297297297 4.620615 24.365112326298863 31.062637425299233 6.595390154557901 5.9141844856859445
131.14472140847 -36.704565701 0.0068 0.008 84.8484 "" "" 5626157916523611392 537.851196 1.8346 0.0102 -9.584 5.192 0.008 0.01 0.899 6306.3 4.2879 12.493282 0.668738 12.751528 12.082789 26.04 3.03 535.224426 540.611511 189510.77882 34.077 108340.0 52.433 116420.0 43.403 "" "" 0.0027622282791997963 0.0028392177 0.003800996 0.0066402135 131.14472140847 -36.704565701 537.851196 -9.584 5.191999999999998 -0.9883378829956051 1.454168884277344 0.24222098 0.24422099 7.072702702702703 6.1106153 4.482490835170716 8.373520622068568 1.0918935725910464 5.194329121547012
132.3376816225 -38.92939155953 0.0075 0.0085 63.4714 "" "" 5525898880024273280 735.16095 1.3365 0.0107 -5.724 11.028 0.01 0.011 0.94 "" "" 12.493596 0.73775 12.783492 12.045742 35.7 1.83 730.442871 741.131531 189456.04789 33.849 105200.0 45.96 120470.0 32.304 "" "" 0.0027621401960085286 0.0028302025 0.003790579 0.0066207815 132.3376816225 -38.92939155953 735.16095 -5.724 11.028000000000002 2.8716621170043943 7.290168884277344 0.24422099 0.24522099 16.732702702702706 4.9106154 27.303619309673415 32.02297561352794 6.691759517602836 6.2559862303547735
132.15150476604 -39.43040656277 0.0849 0.0988 85.8519 "" "" 5525858369892202624 542.831665 1.8327 0.1165 0.038 -14.552 0.128 0.132 11.009 5720.0 3.6086 12.494288 0.778906 12.79488 12.015974 19.46 1.09 513.509644 579.72699 189335.22172 52.937 104100.0 53.584 123810.0 43.459 "" "" 0.002771992304789615 0.0028455898 0.0037985486 0.006644138 132.15150476604 -39.43040656277 542.831665 0.038000000000001144 -14.551999999999992 8.633662117004395 -18.289831115722656 0.362221 0.36622098 0.49270270270270444 4.170615 52.03984371951644 52.04217607196057 19.02032095883115 19.019509518574804
132.09954982034 -38.00871521096 0.0071 0.0083 27.7775 "" 7675-443-1 5625077298446256896 672.148193 1.4635 0.01 -3.395 9.346 0.01 0.011 0.93 6764.2 4.2488 12.499305 0.599175 12.724566 12.125391 25.24 2.18 667.872009 676.290588 188462.52026 30.18 111070.0 51.36 111940.0 30.701 "" "" 0.002760800487223946 0.0028349797 0.0037910945 0.006626074 132.09954982034 -38.00871521096 672.148193 -3.394999999999999 9.346 5.200662117004395 5.608168884277344 0.24422099 0.24522099 6.272702702702702 5.2606153 24.367755974550075 25.16216068686699 5.964231084600701 5.922940506257745
132.51254599416 -38.17710805124 0.034 0.0397 47.1499 "" "" 5625033043103282816 612.391602 1.6169 0.0485 -7.68 33.343 0.047 0.052 4.196 6290.5 4.1215 12.511694 0.667495 12.76711 12.099615 43.01 1.48 594.918823 628.800964 186324.12305 30.505 106800.0 54.332 114630.0 28.821 "" "" 0.002761048149793269 0.0028443155 0.0037892277 0.0066335434 132.51254599416 -38.17710805124 612.391602 -7.679999999999997 33.343 0.9156621170043948 29.605168884277347 0.28122097 0.28622097 24.0427027027027 4.5606155 85.97708907183181 89.27548038804524 24.608038385490573 23.730669801872125
131.93114631831 -38.83783768076 0.007 0.0087 49.0197 "" "" 5528911365782951168 761.705383 1.2862 0.0101 -2.671 3.66 0.009 0.011 0.927 7002.7 4.2337 12.533003 0.55269 12.739709 12.187019 "" "" 755.200806 768.212341 182702.89056 25.774 109530.0 46.473 105770.0 35.733 "" "" 0.0027595740703732327 0.002827944 0.0037971397 0.0066250837 131.93114631831 -38.83783768076 761.705383 -2.671 3.66 5.924662117004395 -0.07783111572265611 0.24322098 0.24522099 "" "" 21.392740601279286 "" 5.20317085233618 ""
132.1250942348 -38.63236152042 0.0076 0.009 43.373 "" "" 5528920230595431936 626.54364 1.5653 0.0105 -8.651 3.741 0.01 0.011 0.939 6596.0 4.2996 12.535403 0.592622 12.759532 12.16691 30.98 2.41 623.248474 631.018188 182299.51214 29.652 107550.0 53.262 107740.0 51.714 "" "" 0.0027609739701033257 0.0028415062 0.003815143 0.006656649 132.1250942348 -38.63236152042 626.54364 -8.65100000000001 3.741000000000007 -0.05533788299560527 0.003168884277343853 0.24422099 0.24522099 12.012702702702704 5.4906154 0.16461261428416968 12.01383051055334 0.04020239425902127 5.490099959659604
