Clusters/Teutsch_38/Teutsch_38_members.tsv
# %ECSV 1.0
# ---
# datatype:
# - name: RA_ICRS_1
#   unit: deg
#   datatype: float64
#   format: '{:15.11f}'
#   description: Right ascension (ICRS) at Ep=2016.0 (ra)
#   meta: !!omap
#   - {ucd: POS_EQ_RA_MAIN}
#   - {width: 15}
#   - {precision: '11'}
# - name: DE_ICRS_1
#   unit: deg
#   datatype: float64
#   format: '{:15.11f}'
#   description: Declination (ICRS) at Ep=2016.0 (dec)
#   meta: !!omap
#   - {ucd: POS_EQ_DEC_MAIN}
#   - {width: 15}
#   - {precision: '11'}
# - name: e_RA_ICRS
#   unit: mas
#   datatype: float64
#   format: '{:7.4f}'
#   description: Standard error of right ascension (ra_error)
#   meta: !!omap
#   - {ucd: ERROR}
#   - {width: 7}
#   - {precision: '4'}
# - name: e_DE_ICRS
#   unit: mas
#   datatype: float64
#   format: '{:7.4f}'
#   description: Standard error of declination (dec_error)
#   meta: !!omap
#   - {ucd: ERROR}
#   - {width: 7}
#   - {precision: '4'}
# - name: _r_1
#   unit: ''
#   datatype: float64
#   format: '{:7.4f}'
#   description: Distance from center (131.52010775000-38.08690581000)[ICRS], at Epoch=J2016.0
#   meta: !!omap
#   - {ucd: POS_ANG_DIST_GENERAL}
#   - {width: 7}
#   - {precision: '4'}
# - name: HIP
#   datatype: int32
#   description: '? HIP cross-id number, van Leeuwen, Cat. I/311 (hip_original_ext_source_id)'
#   meta: !!omap
#   - {ucd: ID_NUMBER}
#   - {width: 6}
#   - values: {'null': -2147483648}
# - name: TYC2
#   datatype: string
#   description: Tycho-2 cross-id name, Hog et al., Cat. I/259 (tyc2_original_ext_source_id)
#   meta: !!omap
#   - {ucd: ID_CROSSID}
#   - {_votable_string_dtype: char}
# - name: Source
#   datatype: int64
#   description: Source identifier, identical to the Gaia-EDR3 source_id (id)
#   meta: !!omap
#   - {ucd: ID_MAIN}
#   - {width: 19}
# - name: rgeo
#   unit: pc
#   datatype: float64
#   format: '{:15.8f}'
#   description: '? Median of the geometric distance posterior (r_med_geo)'
#   meta: !!omap
#   - {ucd: PHYS_DISTANCE_TRUE}
#   - {width: 15}
#   - {precision: '8'}
#   - values: {'null': .nan}
# - name: Plx
#   unit: mas
#   datatype: float64
#   format: '{:9.4f}'
#   description: '? Parallax (parallax)'
#   meta: !!omap
#   - {ucd: POS_PARLX_TRIG}
#   - {width: 9}
#   - {precision: '4'}
#   - values: {'null': .nan}
# - name: e_Plx
#   unit: mas
#   datatype: float32
#   format: '{:7.4f}'
#   description: '? Standard error of parallax (parallax_error)'
#   meta: !!omap
#   - {ucd: ERROR}
#   - {width: 7}
#   - {precision: '4'}
#   - values: {'null': .nan}
# - name: pmRA
#   unit: mas / yr
#   datatype: float64
#   format: '{:9.3f}'
#   description: '? Proper motion in right ascension direction, pmRA*cosDE (pmra)'
#   meta: !!omap
#   - {ucd: POS_EQ_PMRA}
#   - {width: 9}
#   - {precision: '3'}
#   - values: {'null': .nan}
# - name: pmDE
#   unit: mas / yr
#   datatype: float64
#   format: '{:9.3f}'
#   description: '? Proper motion in declination direction (pmdec)'
#   meta: !!omap
#   - {ucd: POS_EQ_PMDEC}
#   - {width: 9}
#   - {precision: '3'}
#   - values: {'null': .nan}
# - name: e_pmRA
#   unit: mas / yr
#   datatype: float32
#   format: '{:6.3f}'
#   description: '? Standard error of proper motion in right ascension direction (pmra_error)'
#   meta: !!omap
#   - {ucd: ERROR}
#   - {width: 6}
#   - {precision: '3'}
#   - values: {'null': .nan}
# - name: e_pmDE
[...]
#         unit: &id001 !astropy.units.Unit {unit: deg}
#         value: !astropy.table.SerializedColumn {name: SkyCoord.dec}
#       distance: !astropy.table.SerializedColumn
#         __class__: astropy.coordinates.distances.Distance
#         unit: !astropy.units.Unit {unit: pc}
#         value: !astropy.table.SerializedColumn {name: SkyCoord.distance}
#       frame: icrs
#       obstime: !astropy.time.Time {format: jyear_str, in_subfmt: '*', jd1: 367701545.0, jd2: 0.0, out_subfmt: '*', precision: 3, scale: tt}
#       pm_dec: !astropy.table.SerializedColumn
#         __class__: astropy.units.quantity.Quantity
#         unit: !astropy.units.Unit {unit: mas / yr}
#         value: !astropy.table.SerializedColumn {name: SkyCoord.pm_dec}
#       pm_ra_cosdec: !astropy.table.SerializedColumn
#         __class__: astropy.units.quantity.Quantity
#         unit: !astropy.units.Unit {unit: mas / yr}
#         value: !astropy.table.SerializedColumn {name: SkyCoord.pm_ra_cosdec}
#       ra: !astropy.table.SerializedColumn
#         __class__: astropy.coordinates.angles.Longitude
#         unit: *id001
#         value: !astropy.table.SerializedColumn {name: SkyCoord.ra}
#         wrap_angle: !astropy.coordinates.Angle
#           unit: *id001
#           value: 360.0
#       representation_type: spherical
# schema: astropy-2.0
RA_ICRS_1 DE_ICRS_1 e_RA_ICRS e_DE_ICRS _r_1 HIP TYC2 Source rgeo Plx e_Plx pmRA pmDE e_pmRA e_pmDE RUWE Teff logg Gmag BP-RP BPmag RPmag RV e_RV b_rgeo B_rgeo FG e_FG FBP e_FBP FRP e_FRP RAVE5 RAVE6 e_Gmag e_BPmag e_RPmag e_BP-RP SkyCoord.ra SkyCoord.dec SkyCoord.distance SkyCoord.pm_ra_cosdec SkyCoord.pm_dec Pmemb
131.21631383308 -37.14723408777 0.0336 0.0413 58.1996 42923 7149-2741-1 5625362694738036992 652.008301 1.5348 0.0514 -8.489 3.832 0.044 0.048 0.842 16255.1 3.2499 5.69474 -0.175091 5.618867 5.793959 35.35 5.62 632.444946 675.061584 99323247.35985 91427.0 77245000.0 194480.0 38157000.0 91249.0 "" "" 0.0029309774768627775 0.003906073 0.004585327 0.008491401 131.21631383308 -37.14723408777 652.008301 -8.489 3.831999999999997 1.0
132.80792379917 -38.63307491795 0.0257 0.0335 68.882 43466 7676-3388-1 5621982933434588544 593.656677 1.6736 0.0398 -8.805 3.721 0.039 0.042 0.911 17820.6 3.7807 6.95867 -0.249156 6.861445 7.110601 "" "" 577.038757 608.59137 31008360.48647 13774.0 24595000.0 25800.0 11348000.0 7169.3 "" "" 0.002797211141743593 0.0030136707 0.0038411238 0.0068547945 132.80792379917 -38.63307491795 593.656677 -8.805 3.721 1.0
131.18663585795 -38.00274698419 0.0209 0.0241 16.5464 "" 7675-491-1 5529196487196938240 656.622986 1.5088 0.0302 -8.429 3.799 0.029 0.03 0.986 "" "" 8.585117 -0.119569 8.530214 8.649783 "" "" 641.8396 668.386841 6932657.88712 1876.4 5288500.0 2306.5 2749400.0 826.24 "" "" 0.00277094692847139 0.0028300665 0.00379344 0.0066235065 131.18663585795 -38.00274698419 656.622986 -8.428999999999998 3.7989999999999986 0.8
131.85786303474 -38.03302071368 0.0223 0.0261 16.2805 "" 7675-1314-1 5625073729339078400 612.725403 1.6198 0.0329 -8.477 3.844 0.028 0.03 1.12 "" "" 8.830627 -0.153415 8.762298 8.915712 "" "" 599.617493 626.634521 5529624.70088 1973.2 4270700.0 3132.2 2152200.0 1359.8 "" "" 0.0027824262605730967 0.0029015748 0.0038411336 0.0067427084 131.85786303474 -38.03302071368 612.725403 -8.477 3.8440000000000003 0.9
131.97187371537 -37.98933974875 0.021 0.0241 22.1367 "" 7675-1373-1 5625076645611225088 623.069519 1.5998 0.0299 -8.509 3.658 0.029 0.032 1.164 "" "" 8.872759 -0.082671 8.83215 8.914822 13.51 5.37 613.187256 633.840637 5319162.12194 1685.8 4004600.0 2046.9 2153900.0 1179.8 "" "" 0.002776723890256606 0.002844825 0.0038258869 0.0066707116 131.97187371537 -37.98933974875 623.069519 -8.509 3.6579999999999977 1.0
131.58418151018 -38.06087885444 0.0139 0.017 3.4055 "" 7675-614-1 5529008230178557952 642.190369 1.5452 0.0208 -8.653 3.679 0.018 0.021 1.002 10232.3 4.095 10.433615 0.005434 10.430886 10.425452 32.14 5.8 633.29364 650.000427 1263283.65314 309.38 918460.0 347.19 535770.0 141.68 "" "" 0.002768120543950921 0.002820194 0.003790272 0.006610466 131.58418151018 -38.06087885444 642.190369 -8.653 3.6790000000000003 1.0
132.42691919277 -38.55371734082 0.0119 0.0135 51.0548 "" 7675-2408-1 5622001144095873024 633.665039 1.5386 0.0167 -8.629 3.598 0.017 0.018 0.9 8902.2 4.297 11.245996 0.170191 11.306307 11.136116 24.43 1.43 626.520813 639.524475 597789.42109 201.09 410100.0 176.94 278430.0 91.614 "" "" 0.0027794212365012108 0.0028292208 0.003796229 0.0066254498 132.42691919277 -38.55371734082 633.665039 -8.629000000000001 3.5979999999999994 1.0
131.36127215583 -39.34659678692 0.0105 0.0122 75.9463 "" 7675-2632-1 5528782830302441600 652.700867 1.4955 0.0141 -8.336 3.762 0.015 0.015 0.926 "" "" 11.379232 0.260893 11.469852 11.20896 20.05 10.41 646.643799 658.829529 528753.93943 184.06 352760.0 239.01 260360.0 96.017 "" "" 0.002781120782181777 0.0028855163 0.0038005328 0.006686049 131.36127215583 -39.34659678692 652.700867 -8.336000000000002 3.762 0.8
131.52291720623 -38.03727857546 0.0097 0.0132 2.9806 "" 7675-1322-1 5529011391285150976 649.667236 1.4928 0.0146 -8.509 3.74 0.013 0.017 0.934 7967.4 4.3153 11.60339 0.288724 11.705024 11.4163 24.42 3.08 642.652283 654.930847 430121.31644 76.288 284060.0 131.52 215100.0 82.152 "" "" 0.002762041413936123 0.002835093 0.0038020622 0.006637155 131.52291720623 -38.03727857546 649.667236 -8.509 3.74 1.0
131.52541001682 -38.90039449044 0.0081 0.0095 48.81 "" 7675-2840-1 5528901989876273024 583.767944 1.6777 0.0115 -8.912 4.306 0.011 0.013 0.979 6541.9 4.0607 11.877914 0.64182 12.121301 11.479481 17.77 5.08 580.079651 587.707092 334026.61796 74.691 193600.0 139.66 202940.0 121.67 "" "" 0.002765995507963006 0.002898017 0.003835029 0.006733046 131.52541001682 -38.90039449044 583.767944 -8.911999999999997 4.305999999999999 0.9
132.892046036 -38.5327085492 0.0075 0.0093 69.9095 "" 7676-3246-1 5622007324544439808 594.331238 1.6493 0.011 -9.36 3.829 0.011 0.011 0.886 6041.4 3.9393 11.893174 0.71096 12.170073 11.459112 0.86 1.85 589.929565 598.415649 329364.68862 43.574 185090.0 74.758 206780.0 51.193 "" "" 0.0027590617586104125 0.0028244215 0.0037889285 0.00661335 132.892046036 -38.5327085492 594.331238 -9.36 3.829000000000001 0.9
131.67144930652 -38.37634658078 0.0079 0.01 18.7742 "" 7675-2935-1 5528988262877375232 639.765076 1.522 0.0116 -8.405 3.778 0.011 0.012 0.876 7592.2 4.2546 11.926234 0.428681 12.080497 11.651815 30.15 1.01 634.829346 643.9021 319486.98759 50.346 201010.0 82.795 173150.0 42.593 "" "" 0.002760627236374572 0.0028257822 0.003788807 0.006614589 131.67144930652 -38.37634658078 639.765076 -8.404999999999996 3.7779999999999987 1.0
131.94649250898 -39.10390240619 0.0083 0.0095 64.212 "" "" 5525903789162449792 580.650574 1.6831 0.0112 -8.99 4.285 0.011 0.012 0.913 6987.9 4.2211 11.929328 0.517425 12.120782 11.603357 27.57 1.75 577.716431 584.406738 318577.76951 47.983 193690.0 86.71 181060.0 52.798 "" "" 0.0027601687116881306 0.0028321897 0.00379262 0.0066248095 131.94649250898 -39.10390240619 580.650574 -8.989999999999998 4.285000000000001 0.8
131.93430884114 -38.47914221733 0.0069 0.0089 30.5681 "" 7675-2050-1 5528937650982768512 634.733093 1.5379 0.0101 -8.597 3.807 0.01 0.012 0.808 7268.0 4.2007 12.000341 0.480228 12.174944 11.694715 26.45 6.93 631.432434 638.301819 298407.6901 77.34 184260.0 142.87 166450.0 157.32 "" "" 0.0027696521995702883 0.0029144052 0.00391622 0.0068306252 131.93430884114 -38.47914221733 634.733093 -8.597 3.807000000000001 1.0
132.98391816826 -38.31805798936 0.0103 0.0124 70.3972 "" 7676-3007-1 5622018972494478976 650.106934 1.5085 0.0148 -8.659 3.389 0.013 0.014 1.215 7116.6 4.1544 12.065652 0.515646 12.256616 11.74097 19.25 7.55 643.946411 657.863708 280986.92233 41.831 170910.0 79.328 159500.0 37.84 "" "" 0.0027600571378045445 0.0028353147 0.0037881494 0.006623464 132.98391816826 -38.31805798936 650.106934 -8.659000000000002 3.389000000000001 1.0
131.33239596958 -37.90924133077 0.0078 0.0091 13.871 "" "" 5529201361984055040 631.826233 1.5492 0.0108 -8.43 3.661 0.01 0.011 0.956 6985.9 4.2531 12.137477 0.550019 12.342746 11.792727 27.75 3.96 627.448364 635.95459 263000.16226 40.862 157880.0 65.425 152080.0 48.362 "" "" 0.0027604792210881 0.0028262134 0.0037951202 0.006621334 131.33239596958 -37.90924133077 631.826233 -8.43 3.6609999999999987 0.9
130.85862583014 -37.29814072658 0.0066 0.0081 56.7981 "" 7149-1890-1 5529289911326882304 642.887512 1.5281 0.0097 -8.432 3.801 0.008 0.01 0.902 7078.9 4.2051 12.167181 0.54916 12.372054 11.822894 28.58 7.88 638.315002 646.373535 255902.49037 36.969 153670.0 66.75 147910.0 41.404 "" "" 0.0027597810898297237 0.002829747 0.0037915825 0.0066213296 130.85862583014 -37.29814072658 642.887512 -8.431999999999999 3.801 1.0
131.45804266051 -38.62665936668 0.0083 0.011 32.5166 "" 7675-1908-1 5528978161114319744 657.734131 1.4946 0.0128 -8.379 3.757 0.011 0.014 1.036 6561.9 4.1051 12.210647 0.642533 12.456596 11.814063 29.19 3.67 651.523376 663.831726 245860.13293 36.741 142160.0 61.561 149120.0 53.501 "" "" 0.0027600932531554995 0.0028295063 0.0037994036 0.00662891 131.45804266051 -38.62665936668 657.734131 -8.379000000000001 3.7569999999999997 1.0
131.12631607649 -38.45339390567 0.0069 0.009 28.7685 "" 7675-3074-1 5528975687213139584 644.137085 1.5225 0.0105 -8.362 3.797 0.009 0.011 0.915 7040.6 4.2398 12.247846 0.543819 12.450963 11.907144 32.4 1.78 639.297974 648.062378 237579.24392 38.202 142900.0 65.58 136870.0 52.898 "" "" 0.0027608456348642203 0.002834311 0.0038026052 0.006636916 131.12631607649 -38.45339390567 644.137085 -8.362 3.796999999999999 1.0
131.32942123305 -38.58956626612 0.0069 0.0089 31.4664 "" 7675-1640-1 5528958816581614720 642.794739 1.5295 0.0104 -8.472 3.803 0.009 0.011 0.918 6684.6 4.2283 12.404512 0.575152 12.62076 12.045608 27.04 1.32 639.313721 647.124451 205656.12817 30.457 122210.0 57.943 120480.0 45.105 "" "" 0.002760007990795566 0.0028372598 0.0038011775 0.0066384375 131.32942123305 -38.58956626612 642.794739 -8.472 3.803 1.0
130.87725146482 -37.84192727711 0.0356 0.0436 33.7754 "" "" 5529213044285299200 596.24176 1.6418 0.0515 -9.115 3.274 0.045 0.059 5.201 6349.2 4.0965 12.431385 0.793666 12.739732 11.946066 "" "" 575.845642 614.362549 200628.51357 79.821 109530.0 132.99 132050.0 153.34 "" "" 0.0027889753260613524 0.0030859245 0.003984132 0.007070056 130.87725146482 -37.84192727711 596.24176 -9.115000000000002 3.2740000000000014 0.9
132.1250942348 -38.63236152042 0.0076 0.009 43.373 "" "" 5528920230595431936 626.54364 1.5653 0.0105 -8.651 3.741 0.01 0.011 0.939 6596.0 4.2996 12.535403 0.592622 12.759532 12.16691 30.98 2.41 623.248474 631.018188 182299.51214 29.652 107550.0 53.262 107740.0 51.714 "" "" 0.0027609739701033257 0.0028415062 0.003815143 0.006656649 132.1250942348 -38.63236152042 626.54364 -8.651000000000003 3.7410000000000028 1.0
131.96123031673 -38.8823506929 0.011 0.0142 52.0293 "" "" 5528910266271327872 595.076294 1.6628 0.0159 -9.166 4.272 0.015 0.019 1.482 5938.5 4.0634 12.650733 0.851752 12.990605 12.138853 55.08 9.67 588.86499 600.151428 163928.13645 104.43 86931.0 196.45 110560.0 176.41 "" "" 0.002840808074817525 0.0037155272 0.0041575176 0.007873045 131.96123031673 -38.8823506929 595.076294 -9.166 4.272000000000004 1.0
131.08763416188 -37.3344182616 0.0077 0.0091 49.5968 "" "" 5625353142730988160 637.59613 1.5449 0.0111 -8.509 3.755 0.01 0.011 0.953 6457.2 4.2301 12.682195 0.629225 12.922007 12.292782 27.08 1.7 632.619873 641.243164 159246.10363 27.557 92601.0 44.913 95950.0 26.204 "" "" 0.0027617185614964663 0.0028394288 0.0037909956 0.0066304244 131.08763416188 -37.3344182616 637.59613 -8.509 3.755 1.0
130.75349484915 -37.07532652861 0.0068 0.0089 70.799 "" "" 5626123144467765120 585.519348 1.683 0.0104 -9.289 4.102 0.009 0.011 0.893 6144.2 4.2264 12.780029 0.701432 13.052582 12.35115 26.25 2.87 582.086243 588.808594 145524.16596 39.293 82108.0 61.077 90928.0 63.717 "" "" 0.00277087207477904 0.0029047078 0.003855201 0.006759909 130.75349484915 -37.07532652861 585.519348 -9.289000000000001 4.102000000000001 0.9
131.75993746042 -38.17430968104 0.008 0.0113 12.4749 "" "" 5625070740041946624 623.813049 1.5798 0.0118 -8.467 3.915 0.011 0.014 0.961 6362.3 4.2798 12.807119 0.652956 13.05796 12.405004 27.32 2.78 618.918457 627.585205 141938.07104 28.767 81702.0 42.812 86528.0 39.783 "" "" 0.0027640931776064014 0.0028475828 0.0038122062 0.006659789 131.75993746042 -38.17430968104 623.813049 -8.467000000000004 3.915 1.0
130.6797945207 -38.0102213537 0.0091 0.0116 39.9698 "" "" 5529233595715149696 631.21051 1.5662 0.0133 -8.339 3.897 0.013 0.013 0.937 6201.1 4.2554 12.889852 0.709041 13.163094 12.454054 37.61 5.68 626.002869 636.031067 131524.36451 66.042 74162.0 118.39 82706.0 112.22 "" "" 0.00280873786936977 0.0032846853 0.0040563536 0.007341039 130.6797945207 -38.0102213537 631.21051 -8.338999999999999 3.8969999999999985 1.0
131.45526455816 -37.17749683639 0.0072 0.0094 54.6515 "" "" 5625359464922500352 639.47699 1.5284 0.0109 -8.582 3.669 0.01 0.012 1.013 "" "" 13.075101 0.75114 13.368632 12.617493 26.36 4.8 634.979065 643.098267 110893.61474 70.807 61371.0 143.23 71148.0 134.49 "" "" 0.0028411958643815224 0.0037690667 0.004300683 0.00806975 131.45526455816 -37.17749683639 639.47699 -8.582000000000003 3.669000000000001 1.0
131.43139190752 -37.26019199063 0.0076 0.0099 49.7814 "" "" 5625311807964073600 650.970154 1.4993 0.0115 -8.627 3.567 0.01 0.012 0.872 5902.6 4.3327 13.394653 0.774309 13.700443 12.926134 28.56 3.01 646.569824 655.351135 82620.04501 24.015 45211.0 51.519 53543.0 51.795 "" "" 0.0027733347507943595 0.003052174 0.003922606 0.00697478 131.43139190752 -37.26019199063 650.970154 -8.626999999999999 3.5669999999999997 1.0
132.62940963868 -38.56326014719 0.009 0.0102 59.5251 "" "" 5621998704554545920 642.587158 1.5191 0.0125 -8.682 3.531 0.014 0.013 1.018 5772.1 4.3086 13.458391 0.840836 13.793298 12.952462 4.25 8.24 637.679138 647.189209 77909.47102 132.34 41505.0 231.31 52260.0 222.8 "" "" 0.0033155892217971495 0.006663194 0.005975758 0.012638953 132.62940963868 -38.56326014719 642.587158 -8.681999999999999 3.531 1.0
131.49843737246 -37.80013585992 0.0082 0.0107 17.2367 "" "" 5625279097493482496 654.489868 1.4923 0.0122 -8.446 3.594 0.011 0.013 0.998 5819.9 4.3019 13.486438 0.849433 13.82564 12.976207 -6.14 8.7 649.994751 660.05835 75922.68403 70.292 40287.0 131.41 51130.0 136.99 "" "" 0.0029329584266083192 0.004508581 0.0047692517 0.009277833 131.49843737246 -37.80013585992 654.489868 -8.446000000000003 3.594000000000001 1.0
131.59758022017 -38.05200047818 0.0084 0.0112 4.2164 "" "" 5529008264548924288 649.455322 1.5078 0.0126 -8.606 3.503 0.011 0.013 1.045 "" "" 13.529001 0.788881 13.838575 13.049694 26.38 3.57 643.701172 655.562073 73003.90166 23.712 39809.0 58.415 47784.0 45.103 "" "" 0.002777796406757095 0.0032129893 0.003915863 0.0071288524 131.59758022017 -38.05200047818 649.455322 -8.605999999999998 3.5029999999999992 1.0
131.87437309508 -38.34836934553 0.0093 0.0117 22.9128 "" "" 5528942225130484224 596.983032 1.6389 0.0132 -9.374 3.403 0.013 0.014 1.078 5152.4 4.2011 13.591792 0.993883 13.997312 13.003428 20.75 6.46 593.190063 600.923462 68901.69467 84.2 34395.0 136.61 49864.0 158.48 "" "" 0.0030581360211236314 0.0051362626 0.0051177437 0.010254007 131.87437309508 -38.34836934553 596.983032 -9.373999999999999 3.4030000000000014 0.9
132.01477737349 -37.89263248741 0.0098 0.0115 26.1349 "" "" 5625081803877428224 631.158813 1.5506 0.0141 -8.405 3.567 0.013 0.015 1.122 5864.9 4.3181 13.647199 0.842683 13.965794 13.123111 25.5 5.69 625.464172 636.020081 65473.73912 46.131 35408.0 78.782 44660.0 86.672 "" "" 0.002859542557857855 0.0036906423 0.0043270756 0.008017718 132.01477737349 -37.89263248741 631.158813 -8.405000000000003 3.567000000000002 0.9
132.04615414246 -38.3163230314 0.0107 0.0122 28.3668 "" "" 5625016898330348928 649.581848 1.5052 0.0147 -8.556 3.53 0.014 0.016 1.181 5919.7 4.2241 13.741652 0.979697 14.146025 13.166327 12.18 11.55 644.243835 655.07074 60018.61328 62.775 29992.0 141.69 42917.0 97.45 "" "" 0.002980163577365056 0.005839072 0.004512386 0.010351459 132.04615414246 -38.3163230314 649.581848 -8.556 3.53 1.0
132.34022307433 -37.77738864177 0.0103 0.0111 43.0255 "" "" 5625057339742957056 640.877625 1.5224 0.0139 -8.605 3.576 0.015 0.014 0.928 5565.5 4.3947 13.920041 0.873397 14.27453 13.401134 8.77 4.79 635.626221 647.26532 50924.92006 109.02 26644.0 195.2 34570.0 202.08 "" "" 0.003604768647773038 0.008429515 0.0073867706 0.015816286 132.34022307433 -37.77738864177 640.877625 -8.605 3.575999999999999 1.0
132.07019192339 -36.73710025306 0.0094 0.0117 85.125 "" "" 5625439969788140800 639.205627 1.5274 0.0145 -8.487 3.516 0.013 0.015 0.992 5720.3 4.3828 13.930071 0.889874 14.293433 13.403559 30.27 3.69 633.322021 645.614075 50456.65633 64.873 26184.0 117.95 34493.0 112.03 "" "" 0.0030887643571711532 0.0056307786 0.0051690424 0.0107998215 132.07019192339 -36.73710025306 639.205627 -8.487 3.516 1.0
131.83025440441 -37.74017293782 0.0095 0.0123 25.4625 "" "" 5625094860578036864 635.367798 1.5373 0.0137 -8.513 3.611 0.014 0.015 0.965 5779.0 4.3988 13.940124 0.872477 14.290686 13.418209 28.25 5.34 628.846985 641.427368 49991.59135 30.469 26251.0 60.179 34031.0 53.714 "" "" 0.002833669971724408 0.0037390008 0.004149762 0.007888762 131.83025440441 -37.74017293782 635.367798 -8.513 3.610999999999999 1.0
