Clusters/Teutsch_38/Teutsch_38_stars_in_region.tsv
# %ECSV 1.0
# ---
# datatype:
# - name: RA_ICRS_1
#   unit: deg
#   datatype: float64
#   format: '{:15.11f}'
#   description: Right ascension (ICRS) at Ep=2016.0 (ra)
#   meta: !!omap
#   - {ucd: POS_EQ_RA_MAIN}
#   - {width: 15}
#   - {precision: '11'}
# - name: DE_ICRS_1
#   unit: deg
#   datatype: float64
#   format: '{:15.11f}'
#   description: Declination (ICRS) at Ep=2016.0 (dec)
#   meta: !!omap
#   - {ucd: POS_EQ_DEC_MAIN}
#   - {width: 15}
#   - {precision: '11'}
# - name: e_RA_ICRS
#   unit: mas
#   datatype: float64
#   format: '{:7.4f}'
#   description: Standard error of right ascension (ra_error)
#   meta: !!omap
#   - {ucd: ERROR}
#   - {width: 7}
#   - {precision: '4'}
# - name: e_DE_ICRS
#   unit: mas
#   datatype: float64
#   format: '{:7.4f}'
#   description: Standard error of declination (dec_error)
#   meta: !!omap
#   - {ucd: ERROR}
#   - {width: 7}
#   - {precision: '4'}
# - name: _r_1
#   unit: ''
#   datatype: float64
#   format: '{:7.4f}'
#   description: Distance from center (131.52010775000-38.08690581000)[ICRS], at Epoch=J2016.0
#   meta: !!omap
#   - {ucd: POS_ANG_DIST_GENERAL}
#   - {width: 7}
#   - {precision: '4'}
# - name: HIP
#   datatype: int32
#   description: '? HIP cross-id number, van Leeuwen, Cat. I/311 (hip_original_ext_source_id)'
#   meta: !!omap
#   - {ucd: ID_NUMBER}
#   - {width: 6}
#   - values: {'null': -2147483648}
# - name: TYC2
#   datatype: string
#   description: Tycho-2 cross-id name, Hog et al., Cat. I/259 (tyc2_original_ext_source_id)
#   meta: !!omap
#   - {ucd: ID_CROSSID}
#   - {_votable_string_dtype: char}
# - name: Source
#   datatype: int64
#   description: Source identifier, identical to the Gaia-EDR3 source_id (id)
#   meta: !!omap
#   - {ucd: ID_MAIN}
#   - {width: 19}
# - name: rgeo
#   unit: pc
#   datatype: float64
#   format: '{:15.8f}'
#   description: '? Median of the geometric distance posterior (r_med_geo)'
#   meta: !!omap
#   - {ucd: PHYS_DISTANCE_TRUE}
#   - {width: 15}
#   - {precision: '8'}
#   - values: {'null': .nan}
# - name: Plx
#   unit: mas
#   datatype: float64
#   format: '{:9.4f}'
#   description: '? Parallax (parallax)'
#   meta: !!omap
#   - {ucd: POS_PARLX_TRIG}
#   - {width: 9}
#   - {precision: '4'}
#   - values: {'null': .nan}
# - name: e_Plx
#   unit: mas
#   datatype: float32
#   format: '{:7.4f}'
#   description: '? Standard error of parallax (parallax_error)'
#   meta: !!omap
#   - {ucd: ERROR}
#   - {width: 7}
#   - {precision: '4'}
#   - values: {'null': .nan}
# - name: pmRA
#   unit: mas / yr
#   datatype: float64
#   format: '{:9.3f}'
#   description: '? Proper motion in right ascension direction, pmRA*cosDE (pmra)'
#   meta: !!omap
#   - {ucd: POS_EQ_PMRA}
#   - {width: 9}
#   - {precision: '3'}
#   - values: {'null': .nan}
# - name: pmDE
#   unit: mas / yr
#   datatype: float64
#   format: '{:9.3f}'
#   description: '? Proper motion in declination direction (pmdec)'
#   meta: !!omap
#   - {ucd: POS_EQ_PMDEC}
#   - {width: 9}
#   - {precision: '3'}
#   - values: {'null': .nan}
# - name: e_pmRA
#   unit: mas / yr
#   datatype: float32
#   format: '{:6.3f}'
#   description: '? Standard error of proper motion in right ascension direction (pmra_error)'
#   meta: !!omap
#   - {ucd: ERROR}
#   - {width: 6}
#   - {precision: '3'}
#   - values: {'null': .nan}
# - name: e_pmDE
[...]
#         value: !astropy.table.SerializedColumn {name: SkyCoord.dec}
#       distance: !astropy.table.SerializedColumn
#         __class__: astropy.coordinates.distances.Distance
#         unit: !astropy.units.Unit {unit: pc}
#         value: !astropy.table.SerializedColumn {name: SkyCoord.distance}
#       frame: icrs
#       obstime: !astropy.time.Time {format: jyear_str, in_subfmt: '*', jd1: 367701545.0, jd2: 0.0, out_subfmt: '*', precision: 3, scale: tt}
#       pm_dec: !astropy.table.SerializedColumn
#         __class__: astropy.units.quantity.Quantity
#         unit: !astropy.units.Unit {unit: mas / yr}
#         value: !astropy.table.SerializedColumn {name: SkyCoord.pm_dec}
#       pm_ra_cosdec: !astropy.table.SerializedColumn
#         __class__: astropy.units.quantity.Quantity
#         unit: !astropy.units.Unit {unit: mas / yr}
#         value: !astropy.table.SerializedColumn {name: SkyCoord.pm_ra_cosdec}
#       ra: !astropy.table.SerializedColumn
#         __class__: astropy.coordinates.angles.Longitude
#         unit: *id001
#         value: !astropy.table.SerializedColumn {name: SkyCoord.ra}
#         wrap_angle: !astropy.coordinates.Angle
#           unit: *id001
#           value: 360.0
#       representation_type: spherical
# schema: astropy-2.0
RA_ICRS_1 DE_ICRS_1 e_RA_ICRS e_DE_ICRS _r_1 HIP TYC2 Source rgeo Plx e_Plx pmRA pmDE e_pmRA e_pmDE RUWE Teff logg Gmag BP-RP BPmag RPmag RV e_RV b_rgeo B_rgeo FG e_FG FBP e_FBP FRP e_FRP RAVE5 RAVE6 e_Gmag e_BPmag e_RPmag e_BP-RP SkyCoord.ra SkyCoord.dec SkyCoord.distance SkyCoord.pm_ra_cosdec SkyCoord.pm_dec rmRA rmDE e_rmRA e_rmDE rRV e_rRV v_pec v_pec3d e_vpec e_vpec3d
[from data line 2352]
132.3904566131 -37.22260428736 0.0227 0.0255 66.3209 "" "" 5625226424016842752 690.198608 1.428 0.0327 -4.552 -2.033 0.029 0.031 0.972 4495.0 4.4444 16.042913 1.343168 16.647446 15.304277 "" "" 672.138306 705.564575 7207.44016 2.6126 2995.3 7.5594 5990.3 8.7777 "" "" 0.002783286297245692 0.0039106733 0.0041005914 0.008011265 132.3904566131 -37.22260428736 690.198608 -4.551999999999998 -2.0329999999999995 4.043662117004395 -5.770831115722656 0.26322097 0.26522097 "" "" 23.053040179789907 "" 6.099005179206897 ""
130.96677003744 -37.02091850879 0.0229 0.027 69.1628 "" "" 5625373822991771648 630.729553 1.5547 0.0338 -4.472 12.257 0.032 0.034 0.967 4423.7 4.4554 16.043861 1.5229 16.752846 15.229946 "" "" 617.142395 642.605469 7201.16028 2.6853 2718.2 8.9916 6414.8 10.633 "" "" 0.0027849072515364684 0.0045479843 0.0041860007 0.008733985 130.96677003744 -37.02091850879 630.729553 -4.472000000000001 12.257000000000001 4.123662117004394 8.519168884277343 0.266221 0.268221 "" "" 28.296261323386155 "" 7.578941105872442 ""
133.05719584534 -38.04362798454 0.0242 0.0295 72.6554 "" "" 5622128893603314944 607.148193 1.6222 0.0336 -23.573 9.776 0.033 0.038 0.988 4551.3 4.6611 16.046936 1.538826 16.769648 15.230822 "" "" 595.132019 620.084351 7180.79349 2.6956 2676.4 7.7456 6409.6 9.3349 "" "" 0.0027853018885560317 0.004202169 0.0040968414 0.00829901 133.05719584534 -38.04362798454 607.148193 -23.573 9.776 -14.977337882995606 6.0381688842773436 0.26722097 0.27222097 "" "" 46.474026379530564 "" 12.451582823645982 ""
130.317463127 -38.00075142333 0.0248 0.0322 57.062 "" "" 5529242460527809664 738.363953 1.3158 0.0358 -1.585 -8.041 0.036 0.041 1.061 4485.0 4.392 16.047684 1.44292 16.704575 15.261655 "" "" 716.496765 760.657104 7175.849 2.8529 2841.8 7.7588 6230.1 8.6125 "" "" 0.0027889274144438877 0.0040709027 0.004066509 0.008137412 130.317463127 -38.00075142333 738.363953 -1.5849999999999962 -8.041 7.010662117004395 -11.778831115722657 0.270221 0.275221 "" "" 47.97344926901327 "" 13.140977319255603 ""
130.8155621936 -39.31306457057 0.0356 0.0631 80.6272 "" "" 5528838871030053888 658.901245 1.4954 0.0534 5.053 10.216 0.053 0.066 1.368 "" "" 16.052275 1.527101 16.243048 14.715946 "" "" 641.280212 679.037109 7145.56392 6.5009 4347.1 59.946 10299.0 89.294 "" "" 0.0029270297849145273 0.0152299395 0.010143859 0.025373798 130.8155621936 -39.31306457057 658.901245 5.053000000000001 10.215999999999998 13.648662117004395 6.478168884277343 0.28722098 0.30022097 "" "" 47.18528512650098 "" 13.667451297530311 ""
133.31437635628 -37.96613299531 0.0241 0.0274 85.1112 "" "" 5622124323757888896 549.432007 1.7851 0.0333 -35.278 13.079 0.031 0.034 0.971 4393.6 4.6255 16.056805 1.580674 16.80101 15.220336 "" "" 542.043396 557.502808 7115.81903 2.7728 2600.2 7.4349 6471.8 9.6214 "" "" 0.0027876123031857374 0.004174088 0.0041096387 0.008283727 133.31437635628 -37.96613299531 549.432007 -35.278000000000006 13.079000000000008 -26.682337882995604 9.341168884277344 0.26522097 0.268221 "" "" 73.62431755390263 "" 19.550949412663144 ""
130.97088480304 -38.7424028796 0.025 0.0284 47.0477 "" "" 5528961981980903808 725.157959 1.354 0.0343 -14.369 4.889 0.032 0.033 1.009 4519.2 4.5681 16.058805 1.405316 16.696728 15.291411 "" "" 704.545105 743.578735 7102.72124 2.6212 2862.4 9.7615 6061.7 10.137 "" "" 0.002784301596676857 0.0046362197 0.0041929013 0.008829121 130.97088480304 -38.7424028796 725.157959 -14.369 4.888999999999998 -5.773337882995605 1.151168884277344 0.266221 0.26722097 "" "" 20.235039782032448 "" 5.387767388600432 ""
131.84716318857 -38.49868655265 0.0247 0.0303 29.1141 "" "" 5528937449126950528 712.518066 1.3674 0.0349 -5.919 4.546 0.035 0.037 1.084 4686.9 4.5744 16.060677 1.317189 16.643251 15.326062 "" "" 691.115173 733.837219 7090.48561 3.1577 3006.9 11.179 5871.3 11.134 "" "" 0.0027974249074406575 0.004906998 0.0043038256 0.009210823 131.84716318857 -38.49868655265 712.518066 -5.918999999999995 4.545999999999999 2.676662117004395 0.808168884277344 0.26922098 0.27122098 "" "" 9.443055212291812 "" 2.5438517970116594 ""
132.19059804422 -38.2273326236 0.0263 0.0283 32.736 "" "" 5625022773845504128 776.062134 1.2597 0.0339 -3.602 0.894 0.034 0.033 1.012 4821.1 4.6616 16.063036 1.25561 16.61609 15.36048 "" "" 757.460938 796.590027 7075.10123 3.9819 3083.0 14.072 5688.1 11.372 "" "" 0.002822265138302256 0.0056871953 0.004358387 0.010045582 132.19059804422 -38.2273326236 776.062134 -3.6019999999999994 0.8939999999999998 4.993662117004394 -2.843831115722656 0.268221 0.26722097 "" "" 21.139266544459463 "" 5.664825354517484 ""
133.08277040848 -38.41726358476 0.0236 0.0264 76.2493 "" "" 5622014510035174656 657.485901 1.4935 0.0323 -6.834 3.24 0.031 0.033 1.018 4512.0 4.5662 16.064709 1.406125 16.705944 15.299819 "" "" 644.597778 671.025879 7064.19891 3.2769 2838.2 8.0109 6014.9 13.135 "" "" 0.002800972644924985 0.004144435 0.0044615273 0.008605963 133.08277040848 -38.41726358476 657.485901 -6.834 3.239999999999999 1.761662117004395 -0.49783111572265604 0.26522097 0.26722097 "" "" 5.705198268246512 "" 1.513984990647495 ""
130.91109509401 -37.31000171197 0.0247 0.0292 54.8524 "" "" 5529289666504800000 719.822205 1.3538 0.0345 -18.659 15.94 0.03 0.035 1.133 "" "" 16.065285 1.454218 16.693954 15.239737 "" "" 706.672791 739.166565 7060.45777 2.7171 2869.7 10.71 6357.2 13.742 "" "" 0.002786820635884581 0.004919791 0.004448822 0.009368613 130.91109509401 -37.31000171197 719.822205 -18.659 15.939999999999996 -10.063337882995604 12.202168884277343 0.26422098 0.26922098 "" "" 53.96544002770782 "" 14.420006003922072 ""
131.29995916784 -37.93847802658 0.0406 0.0469 13.6973 "" "" 5529199820091512960 606.686035 1.622 0.0594 9.215 -5.965 0.054 0.057 1.602 4391.2 4.5253 16.065504 1.596549 16.816824 15.220275 "" "" 585.672729 625.240784 7059.02944 2.8903 2562.6 9.8088 6472.1 10.611 "" "" 0.0027909524506558436 0.0050056065 0.004177601 0.0091832075 131.29995916784 -37.93847802658 606.686035 9.215000000000007 -5.965 17.810662117004394 -9.702831115722656 0.28822097 0.291221 "" "" 58.325142241889075 "" 16.85073467639394 ""
130.70677244542 -37.76557359365 0.0259 0.0306 43.0518 "" "" 5529263901005556736 552.936401 1.783 0.0375 4.143 -3.657 0.033 0.039 1.072 4400.4 4.6579 16.068914 1.598512 16.82196 15.223449 "" "" 540.706299 562.378052 7036.89108 3.271 2550.5 12.599 6453.3 12.987 "" "" 0.002801160577931408 0.0060456945 0.004365541 0.0104112355 130.70677244542 -37.76557359365 552.936401 4.143 -3.657 12.738662117004395 -7.394831115722656 0.26722097 0.273221 "" "" 38.60471906798433 "" 10.37485959679568 ""
133.29700288812 -38.155552755 0.2883 0.3438 83.9735 "" "" 5622113363001696000 679.430359 1.9328 0.4132 -0.229 3.145 0.395 0.42 13.443 "" "" 16.068996 1.088122 16.399393 15.311271 "" "" 509.40567 853.967041 7036.36421 25.993 3764.1 10.439 5951.8 8.9506 "" "" 0.004866046613731548 0.004105075 0.004117002 0.008222077 133.29700288812 -38.155552755 679.430359 -0.22900000000000176 3.1449999999999996 8.366662117004395 -0.5928311157226562 0.62922096 0.65422094 "" "" 27.01238975252217 "" 17.00020208446651 ""
129.74067218698 -38.41015395617 0.0235 0.0273 86.0593 "" "" 5529117150560575360 772.856812 1.2621 0.0334 -2.143 -12.064 0.033 0.036 0.986 4448.3 4.453 16.06987 1.606842 16.82938 15.222538 "" "" 752.551392 792.650818 7030.69715 2.6562 2533.2 8.4924 6458.7 9.5329 "" "" 0.002785685999494002 0.0045862473 0.0041050953 0.008691343 129.74067218698 -38.41015395617 772.856812 -2.1429999999999985 -12.064 6.452662117004395 -15.801831115722656 0.26722097 0.270221 "" "" 62.52785054409368 "" 16.8696565663707 ""
133.1743235559 -38.0818328207 0.2839 0.3606 78.1219 "" "" 5622117005133782144 622.522522 1.8006 0.406 -5.083 7.942 0.385 0.432 12.342 "" "" 16.07057 1.182723 16.45197 15.269246 "" "" 493.13089 878.672424 7026.16554 29.492 3586.2 8.5261 6186.7 6.898 "" "" 0.005325506042690895 0.0038010804 0.0039685257 0.007769606 133.1743235559 -38.0818328207 622.522522 -5.083 7.942 3.5126621170043943 4.204168884277344 0.619221 0.666221 "" "" 16.165685574168023 "" 10.46424793671935 ""
131.48151649252 -37.34866482122 0.0232 0.0297 44.3323 "" "" 5625310399214880128 582.447327 1.6972 0.0356 -3.185 5.965 0.03 0.04 0.989 4451.7 4.5574 16.071592 1.543492 16.79578 15.252288 "" "" 569.802551 593.66687 7019.55964 3.116 2612.8 7.4234 6284.1 9.0391 "" "" 0.00279715494171089 0.0041594203 0.004089344 0.008248764 131.48151649252 -37.34866482122 582.447327 -3.1850000000000005 5.965 5.410662117004394 2.2271688842773436 0.26422098 0.27422097 "" "" 16.153759996326965 "" 4.291943644335164 ""
133.16587458562 -37.48297080054 0.0236 0.0281 86.0411 "" "" 5625149767438753024 679.297852 1.4363 0.0347 -4.701 -4.513 0.033 0.037 0.974 4444.2 4.5709 16.074564 1.4607 16.736073 15.275372 "" "" 667.769409 695.489502 7000.36663 3.1408 2760.5 9.1459 6151.9 19.676 "" "" 0.0027980500124373323 0.00455245 0.0051324964 0.009684946 133.16587458562 -37.48297080054 679.297852 -4.701 -4.513 3.894662117004395 -8.250831115722656 0.26722097 0.27122098 "" "" 29.37762189451438 "" 7.94654474808308 ""
131.44252165686 -38.01296436219 0.0235 0.0287 5.7551 "" "" 5529012284638381184 737.732483 1.3201 0.0338 7.513 -7.843 0.03 0.034 1.053 4537.5 4.5807 16.075266 1.403399 16.71682 15.31342 "" "" 720.453186 753.643738 6995.85184 2.7562 2809.9 8.5714 5940.1 11.506 "" "" 0.002788326233583452 0.004330604 0.004325119 0.008655723 131.44252165686 -38.01296436219 737.732483 7.513 -7.842999999999997 16.108662117004393 -11.580831115722656 0.26422098 0.268221 "" "" 69.37569632053606 "" 18.425539738951386 ""
129.8870565203 -38.24868707685 0.0241 0.0286 77.6428 "" "" 5529143023444596992 565.373718 1.7392 0.0335 -13.217 11.339 0.033 0.034 1.027 4403.6 4.548 16.077095 1.521121 16.788334 15.267213 "" "" 555.041992 578.13092 6984.07246 2.6884 2630.8 8.9176 6198.3 8.0415 "" "" 0.002786836852108109 0.0046184123 0.0040333476 0.0086517595 129.8870565203 -38.24868707685 565.373718 -13.217 11.339 -4.621337882995606 7.601168884277344 0.26722097 0.268221 "" "" 23.839490942883746 "" 6.387826757403855 ""
131.24034082358 -38.90176594491 0.0274 0.0307 50.6259 "" "" 5528945038327270400 589.559814 1.6648 0.0383 -12.99 5.794 0.035 0.037 1.007 4395.0 4.5946 16.077997 1.501881 16.773802 15.271921 "" "" 577.674316 603.445007 6978.27303 3.4771 2666.2 9.6902 6171.5 11.679 "" "" 0.002807929011457675 0.0048328545 0.004301783 0.009134637 131.24034082358 -38.90176594491 589.559814 -12.990000000000002 5.794 -4.394337882995606 2.0561688842773433 0.26922098 0.27122098 "" "" 13.557865630636696 "" 3.654947121789712 ""
132.270259566 -38.73766583163 0.0228 0.0286 52.6146 "" "" 5621992176204521088 530.222351 1.8539 0.0328 -8.793 -7.408 0.03 0.036 1.002 4242.0 4.6024 16.082312 1.835813 16.983437 15.147623 "" "" 520.875854 541.852783 6950.60028 2.6672 2198.1 8.8915 6920.0 10.345 "" "" 0.002786642348618506 0.005203248 0.004113177 0.009316425 132.270259566 -38.73766583163 530.222351 -8.793 -7.408000000000003 -0.19733788299560473 -11.145831115722658 0.26422098 0.270221 "" "" 28.016694172596047 "" 7.570646881208079 ""
132.51265681184 -39.20728151226 0.0241 0.027 81.7432 "" "" 5525844522917095936 689.965454 1.419 0.033 -7.906 9.944 0.03 0.032 1.024 4471.5 4.4992 16.082466 1.387196 16.713263 15.326066 "" "" 673.035461 708.147339 6949.60784 2.52 2819.1 6.9907 5871.3 8.2301 "" "" 0.002783305314670025 0.0038773566 0.00407431 0.007951667 132.51265681184 -39.20728151226 689.965454 -7.905999999999998 9.943999999999999 0.6896621170043948 6.206168884277345 0.26422098 0.266221 "" "" 20.42181646947475 "" 5.436219763038005 ""
132.12932275036 -38.22357339675 0.1573 0.1596 29.8897 "" "" 5625023495400037248 706.38269 1.4684 0.2079 -2.545 3.61 0.209 0.219 7.535 "" "" 16.082747 1.537276 16.622114 15.084838 "" "" 609.465942 827.009155 6947.81046 9.0242 3066.0 10.65 7332.0 15.194 "" "" 0.003095237239548675 0.0046913163 0.004398412 0.009089729 132.12932275036 -38.22357339675 706.38269 -2.5449999999999973 3.6099999999999937 6.050662117004395 -0.12783111572265637 0.44322097 0.45322096 "" "" 20.26367408396501 "" 8.981376768512577 ""
131.28524120951 -38.67623696728 0.027 0.0303 37.0452 "" "" 5528956583200329472 697.610107 1.4033 0.0391 -8.526 5.461 0.033 0.036 1.039 4667.7 4.5641 16.08348 1.372864 16.703041 15.330177 "" "" 680.2948 718.383301 6943.11822 6.5896 2845.8 13.803 5849.1 17.074 "" "" 0.0029417045789806584 0.005959648 0.004932395 0.010892043 131.28524120951 -38.67623696728 697.610107 -8.525999999999996 5.461 0.06966211700439473 1.723168884277344 0.26722097 0.270221 "" "" 5.702608386250014 "" 1.540936752371353 ""
132.93980053009 -38.98565388889 0.0366 0.0457 85.7154 "" "" 5621926755260905984 705.919861 1.3975 0.0522 2.605 1.231 0.048 0.053 1.931 4609.6 4.7519 16.083904 1.26523 16.543188 15.277958 "" "" 677.610474 733.737488 6940.40562 4.1984 3297.2 9.7135 6137.3 15.559 "" "" 0.002832517615963689 0.0042445078 0.0046754708 0.0089199785 132.93980053009 -38.98565388889 705.919861 2.6050000000000004 1.2310000000000003 11.200662117004395 -2.5068311157226564 0.282221 0.28722098 "" "" 38.40528391618855 "" 10.84801444988055 ""
131.1599170616 -37.27103768372 0.0221 0.0271 51.8541 "" "" 5625355204315195520 746.622925 1.303 0.0323 -6.769 4.561 0.03 0.034 1.016 4636.5 4.5239 16.085241 1.282917 16.658934 15.376017 "" "" 728.258911 766.497986 6931.86557 2.5608 2963.8 6.8422 5607.3 6.6495 "" "" 0.0027843614231368866 0.003750692 0.003992678 0.00774337 131.1599170616 -37.27103768372 746.622925 -6.769000000000001 4.561 1.8266621170043944 0.8231688842773437 0.26422098 0.268221 "" "" 7.090627266602578 "" 1.8783101011367167 ""
131.90915656116 -39.27790362208 0.0238 0.029 73.7463 "" "" 5525875446682217856 579.29187 1.6949 0.0341 -8.757 2.128 0.032 0.039 0.998 4502.5 4.6635 16.087759 1.527565 16.798004 15.270439 "" "" 567.997131 592.708252 6915.80739 2.8155 2607.4 8.5044 6179.9 14.347 "" "" 0.0027905495192652708 0.0045084055 0.004542813 0.009051219 131.90915656116 -39.27790362208 579.29187 -8.757000000000001 2.1279999999999997 -0.16133788299560514 -1.6098311157226561 0.266221 0.273221 "" "" 4.442488025393919 "" 1.2134756419400958 ""
131.95034681419 -36.88482124999 0.0245 0.0296 74.9771 "" "" 5625437152289680640 712.331604 1.3647 0.0356 22.952 16.67 0.034 0.034 0.995 4589.3 4.4667 16.088144 1.288741 16.659586 15.370845 "" "" 697.561401 727.216248 6913.35303 2.5817 2962.0 10.557 5634.0 11.103 "" "" 0.0027849923092141864 0.004770723 0.004343033 0.009113756 131.95034681419 -36.88482124999 712.331604 22.952000000000005 16.670000000000005 31.547662117004396 12.932168884277345 0.268221 0.268221 "" "" 115.12145875689197 "" 30.87799174119246 ""
131.52239515924 -38.7143455754 0.0267 0.0295 37.6465 "" "" 5528930508460035840 765.617798 1.2773 0.0364 -13.728 24.767 0.033 0.034 1.021 4724.3 4.5363 16.088844 1.242791 16.63598 15.393189 "" "" 747.577942 785.104614 6908.90531 2.6492 3027.1 8.8641 5519.3 12.045 "" "" 0.0027865953733102592 0.004230015 0.0044607185 0.008690733 131.52239515924 -38.7143455754 765.617798 -13.728000000000002 24.767000000000003 -5.132337882995605 21.029168884277343 0.26722097 0.268221 "" "" 78.55541657543417 "" 21.065803309568 ""
132.07303561576 -39.10991324473 0.025 0.0309 66.6316 "" "" 5525901697523041536 610.534973 1.6193 0.0332 -7.796 7.895 0.033 0.039 1.005 4520.5 4.3895 16.089157 1.654592 16.869051 15.214459 "" "" 599.176575 623.225098 6906.91066 7.6684 2442.3 11.207 6506.9 19.778 "" "" 0.0030074694419722986 0.005710221 0.0050174356 0.010727657 132.07303561576 -39.10991324473 610.534973 -7.796 7.895000000000009 0.7996621170043943 4.157168884277343 0.26722097 0.273221 "" "" 12.251132009276324 "" 3.3446713522698515 ""
