Clusters/Teutsch_38/Teutsch_38_stars_in_region.tsv
# %ECSV 1.0
# ---
# datatype:
# - name: RA_ICRS_1
#   unit: deg
#   datatype: float64
#   format: '{:15.11f}'
#   description: Right ascension (ICRS) at Ep=2016.0 (ra)
#   meta: !!omap
#   - {ucd: POS_EQ_RA_MAIN}
#   - {width: 15}
#   - {precision: '11'}
# - name: DE_ICRS_1
#   unit: deg
#   datatype: float64
#   format: '{:15.11f}'
#   description: Declination (ICRS) at Ep=2016.0 (dec)
#   meta: !!omap
#   - {ucd: POS_EQ_DEC_MAIN}
#   - {width: 15}
#   - {precision: '11'}
# - name: e_RA_ICRS
#   unit: mas
#   datatype: float64
#   format: '{:7.4f}'
#   description: Standard error of right ascension (ra_error)
#   meta: !!omap
#   - {ucd: ERROR}
#   - {width: 7}
#   - {precision: '4'}
# - name: e_DE_ICRS
#   unit: mas
#   datatype: float64
#   format: '{:7.4f}'
#   description: Standard error of declination (dec_error)
#   meta: !!omap
#   - {ucd: ERROR}
#   - {width: 7}
#   - {precision: '4'}
# - name: _r_1
#   unit: ''
#   datatype: float64
#   format: '{:7.4f}'
#   description: Distance from center (131.52010775000-38.08690581000)[ICRS], at Epoch=J2016.0
#   meta: !!omap
#   - {ucd: POS_ANG_DIST_GENERAL}
#   - {width: 7}
#   - {precision: '4'}
# - name: HIP
#   datatype: int32
#   description: '? HIP cross-id number, van Leeuwen, Cat. I/311 (hip_original_ext_source_id)'
#   meta: !!omap
#   - {ucd: ID_NUMBER}
#   - {width: 6}
#   - values: {'null': -2147483648}
# - name: TYC2
#   datatype: string
#   description: Tycho-2 cross-id name, Hog et al., Cat. I/259 (tyc2_original_ext_source_id)
#   meta: !!omap
#   - {ucd: ID_CROSSID}
#   - {_votable_string_dtype: char}
# - name: Source
#   datatype: int64
#   description: Source identifier, identical to the Gaia-EDR3 source_id (id)
#   meta: !!omap
#   - {ucd: ID_MAIN}
#   - {width: 19}
# - name: rgeo
#   unit: pc
#   datatype: float64
#   format: '{:15.8f}'
#   description: '? Median of the geometric distance posterior (r_med_geo)'
#   meta: !!omap
#   - {ucd: PHYS_DISTANCE_TRUE}
#   - {width: 15}
#   - {precision: '8'}
#   - values: {'null': .nan}
# - name: Plx
#   unit: mas
#   datatype: float64
#   format: '{:9.4f}'
#   description: '? Parallax (parallax)'
#   meta: !!omap
#   - {ucd: POS_PARLX_TRIG}
#   - {width: 9}
#   - {precision: '4'}
#   - values: {'null': .nan}
# - name: e_Plx
#   unit: mas
#   datatype: float32
#   format: '{:7.4f}'
#   description: '? Standard error of parallax (parallax_error)'
#   meta: !!omap
#   - {ucd: ERROR}
#   - {width: 7}
#   - {precision: '4'}
#   - values: {'null': .nan}
# - name: pmRA
#   unit: mas / yr
#   datatype: float64
#   format: '{:9.3f}'
#   description: '? Proper motion in right ascension direction, pmRA*cosDE (pmra)'
#   meta: !!omap
#   - {ucd: POS_EQ_PMRA}
#   - {width: 9}
#   - {precision: '3'}
#   - values: {'null': .nan}
# - name: pmDE
#   unit: mas / yr
#   datatype: float64
#   format: '{:9.3f}'
#   description: '? Proper motion in declination direction (pmdec)'
#   meta: !!omap
#   - {ucd: POS_EQ_PMDEC}
#   - {width: 9}
#   - {precision: '3'}
#   - values: {'null': .nan}
# - name: e_pmRA
#   unit: mas / yr
#   datatype: float32
#   format: '{:6.3f}'
#   description: '? Standard error of proper motion in right ascension direction (pmra_error)'
#   meta: !!omap
#   - {ucd: ERROR}
#   - {width: 6}
#   - {precision: '3'}
#   - values: {'null': .nan}
# - name: e_pmDE
[...]
#         value: !astropy.table.SerializedColumn {name: SkyCoord.dec}
#       distance: !astropy.table.SerializedColumn
#         __class__: astropy.coordinates.distances.Distance
#         unit: !astropy.units.Unit {unit: pc}
#         value: !astropy.table.SerializedColumn {name: SkyCoord.distance}
#       frame: icrs
#       obstime: !astropy.time.Time {format: jyear_str, in_subfmt: '*', jd1: 367701545.0, jd2: 0.0, out_subfmt: '*', precision: 3, scale: tt}
#       pm_dec: !astropy.table.SerializedColumn
#         __class__: astropy.units.quantity.Quantity
#         unit: !astropy.units.Unit {unit: mas / yr}
#         value: !astropy.table.SerializedColumn {name: SkyCoord.pm_dec}
#       pm_ra_cosdec: !astropy.table.SerializedColumn
#         __class__: astropy.units.quantity.Quantity
#         unit: !astropy.units.Unit {unit: mas / yr}
#         value: !astropy.table.SerializedColumn {name: SkyCoord.pm_ra_cosdec}
#       ra: !astropy.table.SerializedColumn
#         __class__: astropy.coordinates.angles.Longitude
#         unit: *id001
#         value: !astropy.table.SerializedColumn {name: SkyCoord.ra}
#         wrap_angle: !astropy.coordinates.Angle
#           unit: *id001
#           value: 360.0
#       representation_type: spherical
# schema: astropy-2.0
RA_ICRS_1 DE_ICRS_1 e_RA_ICRS e_DE_ICRS _r_1 HIP TYC2 Source rgeo Plx e_Plx pmRA pmDE e_pmRA e_pmDE RUWE Teff logg Gmag BP-RP BPmag RPmag RV e_RV b_rgeo B_rgeo FG e_FG FBP e_FBP FRP e_FRP RAVE5 RAVE6 e_Gmag e_BPmag e_RPmag e_BP-RP SkyCoord.ra SkyCoord.dec SkyCoord.distance SkyCoord.pm_ra_cosdec SkyCoord.pm_dec rmRA rmDE e_rmRA e_rmDE rRV e_rRV v_pec v_pec3d e_vpec e_vpec3d
[from data line 450]
133.08260502038 -37.88202908621 0.0079 0.0102 74.9061 "" "" 5622135147075570304 682.525146 1.4434 0.0116 -17.946 11.777 0.01 0.013 0.969 5957.8 3.9978 12.820566 0.74783 13.114905 12.367075 72.36 1.34 677.615479 687.666443 140191.05162 23.505 77527.0 28.807 89604.0 30.203 "" "" 0.002761327139693479 0.0028191851 0.0037970596 0.006616245 133.08260502038 -37.88202908621 682.525146 -17.946000000000005 11.777000000000001 -9.350337882995607 8.039168884277343 0.24422099 0.24722098 53.39270270270271 4.420615 39.893329632219185 66.6502696997101 9.793834020965987 6.8486997042256705
132.08339989255 -37.25115871661 0.0426 0.0569 56.8345 "" "" 5625322184605968256 586.492004 1.6775 0.0627 -9.357 5.39 0.061 0.072 4.049 "" "" 12.821505 "" "" "" 17.68 2.37 563.555786 603.474609 140069.88399 126.73 "" "" "" "" "" "" 0.0029251954958812785 "" "" "" 132.08339989255 -37.25115871661 586.492004 -9.357 5.39 -0.7613378829956048 1.6521688842773434 0.29522097 0.30622098 -1.2872972972972967 5.450615 5.057179116244419 5.218447560856352 1.5390159748292038 2.00805955444408
130.7730973034 -37.1432291288 0.0078 0.0096 66.8305 "" "" 5626121907517195648 531.920166 1.8593 0.0117 -9.534 5.228 0.01 0.012 0.948 5986.2 4.3044 12.827975 0.773045 13.129283 12.356238 26.29 3.79 527.59375 535.925903 139237.61002 89.207 76507.0 166.04 90503.0 150.84 "" "" 0.002841771377779218 0.0036520313 0.0041902633 0.007842295 130.7730973034 -37.1432291288 531.920166 -9.534 5.228 -0.9383378829956062 1.4901688842773435 0.24422099 0.24622098 7.322702702702703 6.870615 4.439983664427497 8.563610792916297 1.0907032200794555 5.902183196351911
130.36978042597 -38.16383769618 0.0078 0.0105 54.4906 "" "" 5529228647913038208 774.244263 1.2767 0.0113 -6.618 -5.39 0.01 0.013 0.915 5745.0 4.0373 12.829308 0.927915 13.211628 12.283713 33.69 1.21 766.605591 781.714905 139066.77335 20.151 70919.0 35.765 96755.0 30.794 "" "" 0.00275980806078163 0.0028433877 0.0037951462 0.006638534 130.36978042597 -38.16383769618 774.244263 -6.618 -5.389999999999999 1.9776621170043942 -9.127831115722657 0.24422099 0.24722098 14.722702702702701 4.290615 34.275627249965254 37.303841601780505 8.469070293284387 7.963696168709033
131.90834886331 -37.20177735164 0.0266 0.032 56.2194 "" "" 5625326170335655296 662.492249 1.4826 0.0398 -10.936 10.646 0.038 0.039 3.115 "" "" 12.833953 0.717928 13.111204 12.393276 23.23 1.74 646.989258 678.157654 138473.19298 28.509 77792.0 34.013 87468.0 35.372 "" "" 0.002764372652702794 0.0028302656 0.003804801 0.0066350666 131.90834886331 -37.20177735164 662.492249 -10.936000000000003 10.646 -2.3403378829956054 6.9081688842773445 0.27222097 0.273221 4.262702702702704 4.8206153 22.904186564437712 23.29747618327354 6.255550181451284 6.212876283115994
131.09343874201 -37.16326037856 0.0722 0.0799 59.0112 "" "" 5625368535893659264 739.110962 1.3243 0.0985 -3.392 14.876 0.1 0.102 8.042 6750.3 4.0553 12.837409 0.665069 13.083199 12.41813 2.39 1.88 689.839294 794.291443 138033.09964 50.563 79825.0 35.877 85488.0 30.142 "" "" 0.0027838764365277595 0.0028325205 0.0037987202 0.0066312407 131.09343874201 -37.16326037856 739.110962 -3.3919999999999977 14.876 5.203662117004395 11.138168884277343 0.33422098 0.33622098 -16.577297297297296 4.960615 43.06983898141006 46.14994924772474 14.465588124864349 13.617222142131176
132.77873768434 -39.20108482052 0.008 0.0093 89.1492 "" "" 5621906139418179328 768.435486 1.2774 0.0109 -0.736 2.016 0.011 0.011 0.927 6578.9 4.2185 12.838573 0.594675 13.064259 12.469584 0.97 3.15 762.520752 775.15509 137885.15187 24.002 81229.0 32.054 81531.0 35.478 "" "" 0.0027617945540338745 0.0028228732 0.0038087978 0.006631671 132.77873768434 -39.20108482052 768.435486 -0.7360000000000002 2.016 7.859662117004395 -1.7218311157226562 0.24522099 0.24522099 -17.997297297297298 6.2306156 29.30682135239519 34.39175028678405 7.186647716154667 6.937953172371534
131.12695344996 -38.26103630325 0.0078 0.0103 21.285 "" "" 5529188992467093888 574.548706 1.7186 0.0121 -8.182 10.492 0.011 0.012 0.936 5456.7 3.9953 12.83975 0.896059 13.206109 12.31005 4.26 1.28 571.039856 578.959717 137735.72391 22.501 71281.0 37.207 94436.0 27.657 "" "" 0.0027610232574193042 0.0028471441 0.0037927344 0.0066398783 131.12695344996 -38.26103630325 574.548706 -8.181999999999995 10.491999999999999 0.41366211700439415 6.754168884277345 0.24522099 0.24622098 -14.707297297297297 4.3606153 18.428505003300728 23.577836848357578 4.537415763352482 4.469454515073591
130.24610499639 -38.74733901382 0.0077 0.0099 71.8125 "" "" 5529067466378529152 602.508423 1.6408 0.0113 -4.944 -0.444 0.01 0.012 0.924 5751.2 4.1095 12.840885 0.813176 13.162998 12.349822 31.53 1.85 599.24762 606.416138 137591.79191 20.482 74168.0 33.114 91039.0 32.746 "" "" 0.002760056433660561 0.0028319662 0.0037995053 0.006631471 130.24610499639 -38.74733901382 602.508423 -4.944 -0.44399999999999995 3.6516621170043946 -4.181831115722656 0.24422099 0.24622098 12.562702702702705 4.9306154 15.855294823540115 20.228985964152326 3.890219050889881 4.321247289805944
131.26241188644 -38.51818205984 0.0428 0.0544 28.58 "" "" 5528971740146389888 602.180359 1.6626 0.0644 0.662 2.771 0.058 0.069 4.644 5905.8 3.8186 12.841249 0.7346 13.121629 12.387029 8.09 1.6 579.018494 629.719055 137545.6278 33.926 77049.0 39.132 87972.0 30.284 "" "" 0.0027683038311886662 0.002844138 0.0037978182 0.006641956 131.26241188644 -38.51818205984 602.180359 0.6619999999999999 2.771 9.257662117004395 -0.9668311157226563 0.29222098 0.303221 -10.877297297297297 4.6806154 26.568180892758807 28.70860206356529 7.766991670106683 7.403449808921323
132.16923453504 -38.52133623408 0.0085 0.0111 40.1688 "" "" 5624997966114542080 574.745178 1.7139 0.0126 -2.959 -2.946 0.012 0.013 0.991 6166.0 4.2765 12.843027 0.680201 13.106009 12.425808 24.23 1.73 570.84021 578.822449 137320.67401 26.279 78165.0 37.283 84886.0 35.588 "" "" 0.00276314325264344 0.002837823 0.0038066946 0.0066445176 132.16923453504 -38.52133623408 574.745178 -2.959 -2.946 5.636662117004395 -6.683831115722656 0.24622098 0.24722098 5.262702702702704 4.8106155 23.819344522784647 24.393794564030937 5.878753662714867 5.8333801484607415
131.05578253891 -37.61237048939 0.0158 0.0177 35.9804 "" "" 5529270291916747136 667.764832 1.4757 0.0223 -13.659 -2.056 0.022 0.022 1.939 6273.4 4.0889 12.844909 0.697468 13.112566 12.415098 35.76 1.61 659.179382 679.101074 137082.91512 24.446 77695.0 34.783 85727.0 27.424 "" "" 0.0027621147434327624 0.002832192 0.003795308 0.0066275 131.05578253891 -37.61237048939 667.764832 -13.658999999999995 -2.0559999999999934 -5.063337882995606 -5.793831115722656 0.256221 0.256221 16.7927027027027 4.690615 24.354783124768936 29.582939764598926 6.24020679884351 5.786384242557586
131.8979415285 -38.11965339881 0.0077 0.0096 17.9469 "" "" 5625069743609444736 604.095581 1.6339 0.0112 8.488 -23.317 0.01 0.012 0.961 5998.0 4.1046 12.849505 0.720393 13.128951 12.408558 -5.81 1.77 598.15155 608.283936 136503.73804 24.91 76531.0 35.158 86245.0 29.619 "" "" 0.00276243470243546 0.0028344016 0.0037977311 0.0066321325 131.8979415285 -38.11965339881 604.095581 8.488 -23.317 17.083662117004394 -27.054831115722656 0.24422099 0.24622098 -24.777297297297295 4.8506155 91.62095810856648 94.91214056215543 22.506918621315826 21.763336344595047
132.76727501346 -38.99800888552 0.0095 0.0116 80.0854 "" "" 5621924487518242048 735.539001 1.346 0.0138 -5.366 8.023 0.012 0.015 1.114 "" "" 12.851752 0.949345 13.246861 12.297516 75.87 1.27 726.957458 741.976807 136221.54697 22.263 68655.0 25.696 95533.0 32.306 "" "" 0.0027610280523080975 0.0028196066 0.0037971742 0.0066167805 132.76727501346 -38.99800888552 735.539001 -5.3660000000000005 8.023 3.229662117004395 4.285168884277343 0.24622098 0.24922098 56.90270270270271 4.3506155 18.70813285049629 59.89918037522708 4.642205913841683 4.379914160726283
130.43670710727 -37.34334524052 0.0076 0.0106 68.0771 "" "" 5530039915694837120 723.118469 1.3543 0.012 -11.171 9.54 0.01 0.013 0.9 6437.7 4.1845 12.854538 0.697127 13.124638 12.42751 42.08 3.91 715.724121 730.65625 135872.49307 24.168 76835.0 36.661 84753.0 30.903 "" "" 0.0027620799777451567 0.002837855 0.0038000597 0.0066379146 130.43670710727 -37.34334524052 723.118469 -11.171000000000003 9.539999999999996 -2.575337882995605 5.802168884277343 0.24422099 0.24722098 23.112702702702702 6.9906154 21.75840236649571 31.743111059974048 5.368444797758637 6.280844281541453
131.84863666796 -38.49686845384 0.0071 0.0099 29.0586 "" "" 5528937449126949376 733.599548 1.3397 0.0109 -5.696 4.254 0.01 0.012 0.826 6626.7 4.2257 12.85562 0.625258 13.09292 12.467663 22.3 3.49 728.178101 739.064087 135737.09151 26.292 79113.0 35.157 81676.0 26.533 "" "" 0.0027633344991309975 0.00283158 0.0037958042 0.006627384 131.84863666796 -38.49686845384 733.599548 -5.696000000000001 4.254000000000004 2.899662117004395 0.5161688842773433 0.24422099 0.24622098 3.3327027027027043 6.5706153 10.241389634296251 10.770003200838548 2.5017938914466953 3.1294846435726824
131.98020034571 -37.31149271757 0.0085 0.0097 51.3967 "" "" 5625321737929417600 620.13208 1.5926 0.0124 12.474 -19.156 0.012 0.012 0.916 5945.4 4.1087 12.857953 0.779283 13.166852 12.387569 19.01 1.24 615.314453 625.955994 135445.84939 22.42 73905.0 38.271 87929.0 42.981 "" "" 0.002761175176714518 0.0028462536 0.0038164638 0.006662717 131.98020034571 -37.31149271757 620.13208 12.474000000000002 -19.156000000000006 21.069662117004395 -22.893831115722655 0.24622098 0.24622098 0.04270270270270515 4.3206153 91.45622393990635 91.45623390927005 22.518440730209292 22.518438365909507
132.6971987462 -37.58248570184 0.0288 0.0351 63.4599 "" "" 5625156295789447424 700.736694 1.4053 0.0422 8.413 -4.649 0.039 0.042 3.225 5711.1 4.1272 12.858343 0.813682 13.182343 12.368662 11.31 2.17 683.574219 717.950684 135397.17337 23.822 72858.0 42.102 89473.0 33.347 "" "" 0.0027619341793350587 0.0028598406 0.0038009835 0.006660824 132.6971987462 -37.58248570184 700.736694 8.413 -4.649000000000007 17.008662117004395 -8.386831115722657 0.273221 0.27622098 -7.657297297297296 5.250615 62.98879284662677 63.452519462779854 17.24698185419335 17.132657745858744
132.42509364658 -39.07022342994 0.0138 0.0166 72.6817 "" "" 5525893794773666304 687.007629 1.44 0.0197 -17.344 7.669 0.019 0.023 1.408 5800.1 4.0727 12.859109 0.791308 12.914507 12.123199 -11.86 2.68 676.874146 698.898315 135301.66447 61.406 93243.0 1812.6 112170.0 2430.1 "" "" 0.0027990351803641746 0.021289827 0.023823557 0.045113385 132.42509364658 -39.07022342994 687.007629 -17.344 7.669 -8.748337882995607 3.9311688842773433 0.25322098 0.25722098 -30.827297297297296 5.7606153 31.2323253488276 43.88371458013749 7.929805865002866 6.944570775250417
130.89358700497 -38.38117549771 0.0088 0.0105 34.4036 "" "" 5529163982883475968 689.957214 1.4263 0.0122 -15.435 15.492 0.012 0.013 0.995 6340.2 4.2102 12.863993 0.67476 13.124429 12.449669 35.39 2.3 683.670227 696.175903 134694.44922 23.923 76850.0 41.228 83041.0 26.261 "" "" 0.0027620600085772706 0.002850319 0.0037949465 0.0066452655 130.89358700497 -38.38117549771 689.957214 -15.435 15.492 -6.839337882995606 11.754168884277345 0.24622098 0.24722098 16.422702702702704 5.380615 44.474639815472855 47.40990140020755 10.983831877234444 10.471012362906809
131.37238954568 -37.45022671754 0.0344 0.0385 38.8379 "" "" 5625302359036202752 727.468384 1.3485 0.0478 -6.772 12.889 0.044 0.047 3.6 "" "" 12.87113 0.763423 12.976584 12.213161 59.61 6.89 702.324036 754.798035 133811.84792 70.131 88061.0 690.96 103250.0 877.66 "" "" 0.0028134660813191378 0.008964377 0.009972988 0.018937364 131.37238954568 -37.45022671754 727.468384 -6.772000000000007 12.888999999999994 1.8236621170043943 9.151168884277343 0.27822098 0.28122097 40.64270270270271 9.970615 32.175538807041896 51.837193022999784 9.044768282547578 9.624464028165796
132.7348808804 -37.20731362617 0.0799 0.1 78.2019 "" "" 5625217731003125120 750.399841 1.3311 0.1216 -5.679 1.414 0.114 0.125 8.796 7951.5 3.9018 12.87373 0.515726 13.048419 12.532693 "" "" 690.223938 848.39978 133491.91413 93.69 82423.0 37.046 76927.0 30.861 "" "" 0.0028587503926962373 0.0028325235 0.0038043982 0.006636922 132.7348808804 -37.20731362617 750.399841 -5.679000000000002 1.4139999999999993 2.9166621170043943 -2.3238311157226565 0.34822097 0.35922098 "" "" 13.264457838625002 "" 4.676160311351385 ""
132.44448975343 -37.71575717537 0.0091 0.01 49.1036 "" "" 5625063627574998272 609.367065 1.6199 0.0126 -5.948 1.658 0.012 0.013 1.04 6005.4 4.1945 12.875503 0.730367 13.13483 12.404464 19.56 1.83 605.235657 613.307251 133274.04664 25.328 76118.0 162.4 86571.0 366.78 "" "" 0.0027630354416241297 0.0036264292 0.005953461 0.00957989 132.44448975343 -37.71575717537 609.367065 -5.948 1.658 2.647662117004394 -2.0798311157226563 0.24622098 0.24722098 0.5927027027027023 4.9106154 9.724866313073331 9.742911335988826 2.398181704131027 2.4123086244040715
131.45973341784 -37.28172655279 0.007 0.0094 48.3957 "" "" 5625311636165380992 583.635071 1.694 0.0109 -2.264 11.222 0.009 0.011 0.84 5804.9 4.2031 12.876498 0.830682 13.212093 12.381412 29.79 1.33 579.80835 587.752808 133151.95237 21.063 70889.0 30.85 88429.0 35.108 "" "" 0.0027606679443718113 0.0028298944 0.0038038846 0.006633779 131.45973341784 -37.28172655279 583.635071 -2.264000000000001 11.222000000000005 6.331662117004395 7.484168884277343 0.24322098 0.24522099 10.822702702702703 4.4106154 27.119868727265565 29.199626257457563 6.6277884501990085 6.3690961683193965
132.11302360668 -37.12246644504 0.0074 0.0092 64.3645 "" "" 5625325444476700928 589.982727 1.6723 0.011 10.851 -12.735 0.01 0.011 0.914 5894.5 4.2513 12.880034 0.741103 13.164178 12.423075 25.37 1.41 585.535706 594.735291 132718.97426 22.315 74088.0 41.127 85100.0 69.73 "" "" 0.0027613610559018963 0.0028545226 0.0038826778 0.0067372005 132.11302360668 -37.12246644504 589.982727 10.851 -12.735000000000001 19.446662117004394 -16.472831115722656 0.24422099 0.24522099 6.402702702702705 4.4906154 71.27154723739785 71.55856376082342 17.43581836225358 17.370532097835273
130.39197880463 -36.9467312389 0.0084 0.0114 86.9604 "" "" 5530065165795478912 624.458374 1.5784 0.0128 -9.919 2.233 0.011 0.015 0.995 6268.6 4.2512 12.881608 0.671016 13.140099 12.469083 -0.93 2.51 618.752502 629.534302 132526.73362 26.269 75749.0 50.097 81569.0 28.937 "" "" 0.0027637122047217137 0.0028810857 0.0037989581 0.006680044 130.39197880463 -36.9467312389 624.458374 -9.919000000000004 2.2330000000000005 -1.323337882995606 -1.5048311157226562 0.24522099 0.24922098 -19.897297297297296 5.5906153 5.931501166493927 20.76259005579875 1.4679550474805032 5.3740111940384345
132.83776847184 -38.81119850871 0.0085 0.0105 75.6439 "" "" 5621933867726715904 646.840759 1.5253 0.0123 -1.052 -3.723 0.01 0.013 0.969 5880.9 4.228 12.882802 0.758013 13.183414 12.425402 -3.26 1.61 642.309021 652.918823 132381.09449 25.147 72787.0 33.0 84918.0 29.588 "" "" 0.0027630285227171767 0.002833259 0.003798268 0.006631527 132.83776847184 -38.81119850871 646.840759 -1.052 -3.723 7.543662117004395 -7.460831115722656 0.24422099 0.24722098 -22.227297297297298 4.690615 32.53034515842606 39.398935280902876 7.992998575607242 7.110320264352191
131.72885849416 -39.29426424327 0.1224 0.0539 73.0981 "" "" 5525877542626340224 607.943237 1.6671 0.0958 -11.026 9.808 0.118 0.071 2.687 "" "" 12.883382 "" "" "" 5.87 6.86 576.890625 644.309998 132310.40799 528.43 "" "" "" "" "" "" 0.005137621070562873 "" "" "" 131.72885849416 -39.29426424327 607.943237 -11.026 9.808 -2.4303378829956053 6.070168884277344 0.35222098 0.305221 -13.097297297297295 9.940616 18.84200749143454 22.946904863206854 5.881265236803406 7.4506752800921445
