Clusters/BH_200/BH_200_members.tsv
# %ECSV 1.0
# ---
# datatype:
# - name: RA_ICRS_1
#   unit: deg
#   datatype: float64
#   format: '{:15.11f}'
#   description: Right ascension (ICRS) at Ep=2016.0 (ra)
#   meta: !!omap
#   - {ucd: POS_EQ_RA_MAIN}
#   - {width: 15}
#   - {precision: '11'}
# - name: DE_ICRS_1
#   unit: deg
#   datatype: float64
#   format: '{:15.11f}'
#   description: Declination (ICRS) at Ep=2016.0 (dec)
#   meta: !!omap
#   - {ucd: POS_EQ_DEC_MAIN}
#   - {width: 15}
#   - {precision: '11'}
# - name: e_RA_ICRS
#   unit: mas
#   datatype: float64
#   format: '{:7.4f}'
#   description: Standard error of right ascension (ra_error)
#   meta: !!omap
#   - {ucd: ERROR}
#   - {width: 7}
#   - {precision: '4'}
# - name: e_DE_ICRS
#   unit: mas
#   datatype: float64
#   format: '{:7.4f}'
#   description: Standard error of declination (dec_error)
#   meta: !!omap
#   - {ucd: ERROR}
#   - {width: 7}
#   - {precision: '4'}
# - name: _r_1
#   unit: ''
#   datatype: float64
#   format: '{:7.4f}'
#   description: Distance from center (252.47921032000-44.18319549000)[ICRS], at Epoch=J2016.0
#   meta: !!omap
#   - {ucd: POS_ANG_DIST_GENERAL}
#   - {width: 7}
#   - {precision: '4'}
# - name: HIP
#   datatype: int32
#   description: '? HIP cross-id number, van Leeuwen, Cat. I/311 (hip_original_ext_source_id)'
#   meta: !!omap
#   - {ucd: ID_NUMBER}
#   - {width: 6}
#   - values: {'null': -2147483648}
# - name: TYC2
#   datatype: string
#   description: Tycho-2 cross-id name, Hog et al., Cat. I/259 (tyc2_original_ext_source_id)
#   meta: !!omap
#   - {ucd: ID_CROSSID}
#   - {_votable_string_dtype: char}
# - name: Source
#   datatype: int64
#   description: Source identifier, identical to the Gaia-EDR3 source_id (id)
#   meta: !!omap
#   - {ucd: ID_MAIN}
#   - {width: 19}
# - name: rgeo
#   unit: pc
#   datatype: float64
#   format: '{:15.8f}'
#   description: '? Median of the geometric distance posterior (r_med_geo)'
#   meta: !!omap
#   - {ucd: PHYS_DISTANCE_TRUE}
#   - {width: 15}
#   - {precision: '8'}
#   - values: {'null': .nan}
# - name: Plx
#   unit: mas
#   datatype: float64
#   format: '{:9.4f}'
#   description: '? Parallax (parallax)'
#   meta: !!omap
#   - {ucd: POS_PARLX_TRIG}
#   - {width: 9}
#   - {precision: '4'}
#   - values: {'null': .nan}
# - name: e_Plx
#   unit: mas
#   datatype: float32
#   format: '{:7.4f}'
#   description: '? Standard error of parallax (parallax_error)'
#   meta: !!omap
#   - {ucd: ERROR}
#   - {width: 7}
#   - {precision: '4'}
#   - values: {'null': .nan}
# - name: pmRA
#   unit: mas / yr
#   datatype: float64
#   format: '{:9.3f}'
#   description: '? Proper motion in right ascension direction, pmRA*cosDE (pmra)'
#   meta: !!omap
#   - {ucd: POS_EQ_PMRA}
#   - {width: 9}
#   - {precision: '3'}
#   - values: {'null': .nan}
# - name: pmDE
#   unit: mas / yr
#   datatype: float64
#   format: '{:9.3f}'
#   description: '? Proper motion in declination direction (pmdec)'
#   meta: !!omap
#   - {ucd: POS_EQ_PMDEC}
#   - {width: 9}
#   - {precision: '3'}
#   - values: {'null': .nan}
# - name: e_pmRA
#   unit: mas / yr
#   datatype: float32
#   format: '{:6.3f}'
#   description: '? Standard error of proper motion in right ascension direction (pmra_error)'
#   meta: !!omap
#   - {ucd: ERROR}
#   - {width: 6}
#   - {precision: '3'}
#   - values: {'null': .nan}
# - name: e_pmDE
[...]
#       distance: !astropy.table.SerializedColumn
#         __class__: astropy.coordinates.distances.Distance
#         unit: !astropy.units.Unit {unit: pc}
#         value: !astropy.table.SerializedColumn {name: SkyCoord.distance}
#       frame: icrs
#       obstime: !astropy.time.Time {format: jyear_str, in_subfmt: '*', jd1: 367701545.0, jd2: 0.0, out_subfmt: '*', precision: 3, scale: tt}
#       pm_dec: !astropy.table.SerializedColumn
#         __class__: astropy.units.quantity.Quantity
#         unit: !astropy.units.Unit {unit: mas / yr}
#         value: !astropy.table.SerializedColumn {name: SkyCoord.pm_dec}
#       pm_ra_cosdec: !astropy.table.SerializedColumn
#         __class__: astropy.units.quantity.Quantity
#         unit: !astropy.units.Unit {unit: mas / yr}
#         value: !astropy.table.SerializedColumn {name: SkyCoord.pm_ra_cosdec}
#       ra: !astropy.table.SerializedColumn
#         __class__: astropy.coordinates.angles.Longitude
#         unit: *id001
#         value: !astropy.table.SerializedColumn {name: SkyCoord.ra}
#         wrap_angle: !astropy.coordinates.Angle
#           unit: *id001
#           value: 360.0
#       representation_type: spherical
# schema: astropy-2.0
RA_ICRS_1 DE_ICRS_1 e_RA_ICRS e_DE_ICRS _r_1 HIP TYC2 Source rgeo Plx e_Plx pmRA pmDE e_pmRA e_pmDE RUWE Teff logg Gmag BP-RP BPmag RPmag RV e_RV b_rgeo B_rgeo FG e_FG FBP e_FBP FRP e_FRP RAVE5 RAVE6 e_Gmag e_BPmag e_RPmag e_BP-RP SkyCoord.ra SkyCoord.dec SkyCoord.distance SkyCoord.pm_ra_cosdec SkyCoord.pm_dec rmRA rmDE e_rmRA e_rmDE rRV e_rRV v_pec v_pec3d e_vpec e_vpec3d Pmemb
[from data line 31]
252.47892298472 -44.20531319156 0.0353 0.0225 1.3271 "" "" 5964404144609678848 1966.29883 0.4733 0.0402 -0.244 -1.149 0.047 0.038 1.003 9688.4 3.6949 15.620339 1.24933 16.103037 14.853707 "" "" 1846.29285 2126.1145 10636.79907 4.2386 4945.4 34.969 9071.4 77.2 "" "" 0.002789081321767836 0.008168558 0.009982958 0.018151516 252.47892298472 -44.20531319156 1966.29883 -0.24400000000000005 -1.1490000000000005 -0.16670000278949737 0.014499951362609842 0.13882053 0.12982053 "" "" 1.5595532382403487 "" 0.21639600031459288 "" 0.9
252.50044843104 -44.22306912764 0.0357 0.0233 2.5609 "" "" 5964404080201675008 2292.45142 0.4122 0.0404 -0.096 -1.183 0.048 0.039 0.959 9016.8 3.5189 15.624722 1.226902 16.149908 14.923006 "" "" 2104.98389 2543.98315 10593.95866 3.6896 4736.5 10.753 8510.5 12.342 "" "" 0.002781146250585633 0.003722996 0.0040942538 0.00781725 252.50044843104 -44.22306912764 2292.45142 -0.09599999999999997 -1.1830000000000003 -0.018700002789497377 -0.019500048637390188 0.13982053 0.13082053 "" "" 0.2935774269415078 "" 0.03969369215807816 "" 0.9
252.47823651421 -44.19963571183 0.0353 0.0233 0.9873 "" "" 5964408577026828672 2110.98291 0.4471 0.0412 -0.107 -1.257 0.048 0.04 1.023 "" "" 15.652672 1.214454 16.171501 14.957047 "" "" 1930.48181 2348.91211 10324.71678 3.7914 4643.2 11.502 8247.8 10.417 "" "" 0.0027840170130470237 0.003875403 0.0040204674 0.00789587 252.47823651421 -44.19963571183 2110.98291 -0.10700000000000012 -1.2570000000000001 -0.029700002789497373 -0.09350004863739003 0.13982053 0.13182053 "" "" 0.9816320883026448 "" 0.1301387370649047 "" 1.0
252.32323234675 -44.27086473857 0.0337 0.0217 8.5231 "" "" 5964313542287404288 2368.80322 0.3839 0.0381 -0.093 -1.012 0.047 0.035 1.004 "" "" 15.656092 1.23633 16.185297 14.948967 "" "" 2178.33545 2565.88867 10292.24411 3.1089 4584.6 9.348 8309.4 10.622 "" "" 0.002774769758713758 0.0035617452 0.0040261666 0.0075879116 252.32323234675 -44.27086473857 2368.80322 -0.09300000000000005 -1.012 -0.015700002789497375 0.15149995136260985 0.13882053 0.12682053 "" "" 1.710170410896925 "" 0.2171129714196807 "" 1.0
252.64785246629 -44.22369198458 0.038 0.0249 7.6498 "" "" 5964404763084943488 2204.91626 0.4138 0.0393 -0.007 -1.256 0.05 0.039 1.067 7986.7 4.0252 15.818785 1.324096 16.39331 15.069215 "" "" 2001.93945 2442.51538 8859.98534 3.5407 3785.2 15.982 7438.3 11.637 "" "" 0.002789274208877005 0.0053665848 0.0041435463 0.009510132 252.64785246629 -44.22369198458 2204.91626 -0.007000000000000145 -1.256 0.07029999721050262 -0.09250004863739014 0.14182054 0.13082053 "" "" 1.2142574082290483 "" 0.16386645760540636 "" 0.8
252.45007510822 -44.1549680058 0.0361 0.0264 2.1073 "" "" 5964408890565142528 1960.14453 0.4735 0.0432 -0.01 -1.146 0.051 0.044 1.041 9220.1 3.4449 15.822401 1.355573 16.421125 15.065553 "" "" 1829.64136 2106.04004 8830.52145 3.2849 3689.5 13.213 7463.4 11.783 "" "" 0.0027847646742277066 0.0047857934 0.0041499357 0.008935729 252.45007510822 -44.1549680058 1960.14453 -0.01000000000000012 -1.1460000000000004 0.06729999721050263 0.017499951362609956 0.14282054 0.13582054 "" "" 0.6460837729221893 "" 0.09199419826267415 "" 1.0
252.51534025941 -44.1819665673 0.0355 0.0246 1.5563 "" "" 5964405695109408640 2030.48889 0.4631 0.0408 -0.173 -1.16 0.049 0.04 0.926 9013.3 3.5224 15.831154 1.294776 16.395351 15.100575 "" "" 1873.37769 2231.7124 8759.61978 3.2823 3778.1 8.6109 7226.5 9.7771 "" "" 0.002785193597528285 0.0037294147 0.004054816 0.0077842306 252.51534025941 -44.1819665673 2030.48889 -0.17300000000000015 -1.1600000000000001 -0.09570000278949736 0.0034999513626099432 0.14082053 0.13182053 "" "" 0.9216821024062545 "" 0.12978103848506145 "" 0.8
252.45013718974 -44.1778737639 0.0386 0.0269 1.2911 "" "" 5964408650035727616 1943.92139 0.4911 0.0446 -0.109 -1.116 0.052 0.043 0.997 9091.1 3.4998 15.867335 1.448473 16.511423 15.06295 "" "" 1773.92358 2123.90894 8472.51973 3.455 3395.1 8.078 7481.3 11.359 "" "" 0.0027906662347838107 0.0038024345 0.0041232584 0.007925693 252.45013718974 -44.1778737639 1943.92139 -0.10900000000000008 -1.116 -0.031700002789497375 0.04749995136260976 0.14382052 0.13482054 "" "" 0.5261886378913051 "" 0.07243330718288345 "" 0.9
252.51654944082 -44.17782663124 0.0382 0.0264 1.6386 "" "" 5964405725157688448 2140.56714 0.4441 0.0441 -0.117 -1.04 0.053 0.043 0.896 9452.7 4.0298 15.985948 1.330352 16.472294 15.141942 "" "" 1983.62817 2345.07788 7595.70002 3.6646 3519.7 35.421 6956.3 30.097 "" "" 0.002804670754717533 0.011277082 0.006029136 0.017306218 252.51654944082 -44.17782663124 2140.56714 -0.117 -1.04 -0.03970000278949738 0.12349995136260983 0.14482053 0.13482054 "" "" 1.3162175666527476 "" 0.17872703084011907 "" 0.9
