Clusters/BH_200/BH_200_stars_in_region.tsv
# %ECSV 1.0
# ---
# datatype:
# - name: RA_ICRS_1
#   unit: deg
#   datatype: float64
#   format: '{:15.11f}'
#   description: Right ascension (ICRS) at Ep=2016.0 (ra)
#   meta: !!omap
#   - {ucd: POS_EQ_RA_MAIN}
#   - {width: 15}
#   - {precision: '11'}
# - name: DE_ICRS_1
#   unit: deg
#   datatype: float64
#   format: '{:15.11f}'
#   description: Declination (ICRS) at Ep=2016.0 (dec)
#   meta: !!omap
#   - {ucd: POS_EQ_DEC_MAIN}
#   - {width: 15}
#   - {precision: '11'}
# - name: e_RA_ICRS
#   unit: mas
#   datatype: float64
#   format: '{:7.4f}'
#   description: Standard error of right ascension (ra_error)
#   meta: !!omap
#   - {ucd: ERROR}
#   - {width: 7}
#   - {precision: '4'}
# - name: e_DE_ICRS
#   unit: mas
#   datatype: float64
#   format: '{:7.4f}'
#   description: Standard error of declination (dec_error)
#   meta: !!omap
#   - {ucd: ERROR}
#   - {width: 7}
#   - {precision: '4'}
# - name: _r_1
#   unit: ''
#   datatype: float64
#   format: '{:7.4f}'
#   description: Distance from center (252.47921032000-44.18319549000)[ICRS], at Epoch=J2016.0
#   meta: !!omap
#   - {ucd: POS_ANG_DIST_GENERAL}
#   - {width: 7}
#   - {precision: '4'}
# - name: HIP
#   datatype: int32
#   description: '? HIP cross-id number, van Leeuwen, Cat. I/311 (hip_original_ext_source_id)'
#   meta: !!omap
#   - {ucd: ID_NUMBER}
#   - {width: 6}
#   - values: {'null': -2147483648}
# - name: TYC2
#   datatype: string
#   description: Tycho-2 cross-id name, Hog et al., Cat. I/259 (tyc2_original_ext_source_id)
#   meta: !!omap
#   - {ucd: ID_CROSSID}
#   - {_votable_string_dtype: char}
# - name: Source
#   datatype: int64
#   description: Source identifier, identical to the Gaia-EDR3 source_id (id)
#   meta: !!omap
#   - {ucd: ID_MAIN}
#   - {width: 19}
# - name: rgeo
#   unit: pc
#   datatype: float64
#   format: '{:15.8f}'
#   description: '? Median of the geometric distance posterior (r_med_geo)'
#   meta: !!omap
#   - {ucd: PHYS_DISTANCE_TRUE}
#   - {width: 15}
#   - {precision: '8'}
#   - values: {'null': .nan}
# - name: Plx
#   unit: mas
#   datatype: float64
#   format: '{:9.4f}'
#   description: '? Parallax (parallax)'
#   meta: !!omap
#   - {ucd: POS_PARLX_TRIG}
#   - {width: 9}
#   - {precision: '4'}
#   - values: {'null': .nan}
# - name: e_Plx
#   unit: mas
#   datatype: float32
#   format: '{:7.4f}'
#   description: '? Standard error of parallax (parallax_error)'
#   meta: !!omap
#   - {ucd: ERROR}
#   - {width: 7}
#   - {precision: '4'}
#   - values: {'null': .nan}
# - name: pmRA
#   unit: mas / yr
#   datatype: float64
#   format: '{:9.3f}'
#   description: '? Proper motion in right ascension direction, pmRA*cosDE (pmra)'
#   meta: !!omap
#   - {ucd: POS_EQ_PMRA}
#   - {width: 9}
#   - {precision: '3'}
#   - values: {'null': .nan}
# - name: pmDE
#   unit: mas / yr
#   datatype: float64
#   format: '{:9.3f}'
#   description: '? Proper motion in declination direction (pmdec)'
#   meta: !!omap
#   - {ucd: POS_EQ_PMDEC}
#   - {width: 9}
#   - {precision: '3'}
#   - values: {'null': .nan}
# - name: e_pmRA
#   unit: mas / yr
#   datatype: float32
#   format: '{:6.3f}'
#   description: '? Standard error of proper motion in right ascension direction (pmra_error)'
#   meta: !!omap
#   - {ucd: ERROR}
#   - {width: 6}
#   - {precision: '3'}
#   - values: {'null': .nan}
# - name: e_pmDE
[...]
#         value: !astropy.table.SerializedColumn {name: SkyCoord.dec}
#       distance: !astropy.table.SerializedColumn
#         __class__: astropy.coordinates.distances.Distance
#         unit: !astropy.units.Unit {unit: pc}
#         value: !astropy.table.SerializedColumn {name: SkyCoord.distance}
#       frame: icrs
#       obstime: !astropy.time.Time {format: jyear_str, in_subfmt: '*', jd1: 367701545.0, jd2: 0.0, out_subfmt: '*', precision: 3, scale: tt}
#       pm_dec: !astropy.table.SerializedColumn
#         __class__: astropy.units.quantity.Quantity
#         unit: !astropy.units.Unit {unit: mas / yr}
#         value: !astropy.table.SerializedColumn {name: SkyCoord.pm_dec}
#       pm_ra_cosdec: !astropy.table.SerializedColumn
#         __class__: astropy.units.quantity.Quantity
#         unit: !astropy.units.Unit {unit: mas / yr}
#         value: !astropy.table.SerializedColumn {name: SkyCoord.pm_ra_cosdec}
#       ra: !astropy.table.SerializedColumn
#         __class__: astropy.coordinates.angles.Longitude
#         unit: *id001
#         value: !astropy.table.SerializedColumn {name: SkyCoord.ra}
#         wrap_angle: !astropy.coordinates.Angle
#           unit: *id001
#           value: 360.0
#       representation_type: spherical
# schema: astropy-2.0
RA_ICRS_1 DE_ICRS_1 e_RA_ICRS e_DE_ICRS _r_1 HIP TYC2 Source rgeo Plx e_Plx pmRA pmDE e_pmRA e_pmDE RUWE Teff logg Gmag BP-RP BPmag RPmag RV e_RV b_rgeo B_rgeo FG e_FG FBP e_FBP FRP e_FRP RAVE5 RAVE6 e_Gmag e_BPmag e_RPmag e_BP-RP SkyCoord.ra SkyCoord.dec SkyCoord.distance SkyCoord.pm_ra_cosdec SkyCoord.pm_dec rmRA rmDE e_rmRA e_rmDE rRV e_rRV v_pec v_pec3d e_vpec e_vpec3d
[from data line 679]
252.4694635504 -44.15306656087 0.034 0.0231 1.8558 "" "" 5964408787485916928 1990.02698 0.4755 0.0402 -1.61 -4.221 0.048 0.038 1.463 "" "" 15.022931 1.355708 15.615154 14.259446 "" "" 1833.38757 2157.59717 18440.5655 5.3722 7751.0 13.478 15681.0 10.843 "" "" 0.0027734160342238485 0.0033688913 0.0038532277 0.007222119 252.4694635504 -44.15306656087 1990.02698 -1.6099999999999999 -4.221 -1.5327000027894975 -3.05750004863739 0.13982053 0.12982053 "" "" 32.26141298272308 "" 4.254946651514783 ""
252.49025010862 -44.23631131982 0.0263 0.0172 3.2221 "" "" 5964404041530422016 1776.62878 0.5276 0.0316 1.455 -0.334 0.036 0.03 0.974 9516.7 3.8144 15.02739 1.161174 15.514873 14.353699 "" "" 1682.79688 1865.08545 18364.99099 5.6739 8501.0 13.945 14377.0 13.845 "" "" 0.0027756638146355563 0.003310157 0.003921342 0.007231499 252.49025010862 -44.23631131982 1776.62878 1.455 -0.3340000000000002 1.5322999972105027 0.8294999513626098 0.12782052 0.12182053 "" "" 14.673269034253854 "" 1.8559580092107384 ""
252.43193148625 -44.38409327891 0.031 0.0202 12.2237 "" "" 5964309006801846656 1752.42126 0.5364 0.0325 -2.15 -4.609 0.043 0.035 0.992 "" "" 15.02844 1.16418 15.511891 14.347712 "" "" 1665.52148 1847.72388 18347.2378 6.6104 8524.3 13.323 14457.0 15.446 "" "" 0.0027829506882807438 0.0032656805 0.0039533977 0.007219078 252.43193148625 -44.38409327891 1752.42126 -2.1499999999999995 -4.609 -2.0727000027894973 -3.44550004863739 0.13482054 0.12682053 "" "" 33.399428867364726 "" 4.308350217055504 ""
252.30473181322 -44.04095389141 0.0237 0.0174 11.3724 "" "" 5967412859418890880 1735.89429 0.5398 0.0273 -2.017 -3.738 0.033 0.028 0.866 8018.6 3.6007 15.035942 1.353612 15.635265 14.281653 "" "" 1653.58948 1810.39539 18220.90526 4.6072 7608.7 11.605 15364.0 11.358 "" "" 0.002768963107835044 0.0032445902 0.003863672 0.0071082623 252.30473181322 -44.04095389141 1735.89429 -2.0169999999999995 -3.7379999999999987 -1.9397000027894973 -2.57450004863739 0.12482053 0.119820535 "" "" 26.52281155360621 "" 3.2266270439972726 ""
252.86643696506 -44.16851526949 0.0361 0.0226 16.6865 "" "" 5964396963421867008 2317.5481 0.3847 0.0365 0.713 -7.431 0.048 0.037 1.032 4391.6 1.7778 15.037665 3.749425 17.405863 13.656438 -17.94 2.41 2133.45337 2530.35938 18192.00759 9.3382 1489.6 7.4007 27326.0 24.08 "" "" 0.0028111204368383397 0.006073096 0.0038986055 0.009971702 252.86643696506 -44.16851526949 2317.5481 0.7130000000000007 -7.430999999999997 0.7902999972105026 -6.26750004863739 0.13982053 0.12882054 19.321428571428573 3.057073 69.39479703376887 72.03440467858947 8.95192367126819 8.662787431853635
252.72228275929 -44.33191624339 0.0246 0.017 13.738 "" "" 5964391470177482752 2301.55347 0.3956 0.0281 -11.56 1.56 0.036 0.027 1.042 15001.6 3.9704 15.037823 2.012834 16.047853 14.035019 -32.51 3.89 2163.73413 2481.33911 18189.37462 5.9211 5203.3 12.13 19282.0 15.618 "" "" 0.0027778958487247483 0.003767151 0.0038803495 0.0076475004 252.72228275929 -44.33191624339 2301.55347 -11.560000000000004 1.56 -11.482700002789498 2.72349995136261 0.12782052 0.11882053 4.751428571428576 4.537073 128.74428705927576 128.83193518639152 16.39651471515355 16.386214076377687
252.37909438048 -43.99515721312 0.0236 0.0181 12.0791 "" "" 5964416655866143872 1751.39001 0.531 0.0277 -0.331 -10.93 0.034 0.029 1.058 5383.6 3.1863 15.038343 2.156879 16.150301 13.993422 -65.61 4.65 1673.56763 1828.12976 18180.65667 6.3172 4734.7 8.7862 20035.0 17.867 "" "" 0.0027810274379192006 0.0034415817 0.0039014397 0.007343021 252.37909438048 -43.99515721312 1751.39001 -0.33099999999999996 -10.93 -0.2537000027894974 -9.76650004863739 0.12582053 0.12082053 -28.348571428571425 5.2970734 81.10481609397432 85.91642855518502 9.799405956491372 9.414271224260116
252.36956348846 -44.47148150908 0.0283 0.0186 17.926 "" "" 5964309655328367488 2285.19409 0.4042 0.0343 -0.496 -3.08 0.046 0.034 1.095 8989.3 3.6015 15.039847 1.181488 15.537892 14.356404 "" "" 2111.55835 2509.04346 18155.47616 4.7373 8322.6 11.602 14342.0 9.7943 "" "" 0.0027698463230327124 0.0031742551 0.003851427 0.0070256824 252.36956348846 -44.47148150908 2285.19409 -0.496 -3.08 -0.41870000278949737 -1.9165000486373902 0.13782053 0.12582053 "" "" 21.248823339226373 "" 2.6856805786003637 ""
252.50218430671 -44.43128030094 0.0256 0.0177 14.9177 "" "" 5964307902982969856 1619.53015 0.5707 0.0302 1.676 -1.474 0.038 0.03 1.024 7150.5 3.6397 15.040307 1.116522 15.509169 14.392647 "" "" 1546.66516 1720.46936 18147.80299 4.6058 8545.7 13.442 13871.0 12.613 "" "" 0.0027690646305153846 0.0032713418 0.0039062032 0.0071775448 252.50218430671 -44.43128030094 1619.53015 1.676 -1.4739999999999998 1.7532999972105026 -0.3105000486373901 0.12982053 0.12182053 "" "" 13.668765179475159 "" 1.7712605986939323 ""
252.42243523434 -43.89537343775 0.0232 0.0169 17.4421 "" "" 5964418854889424128 1639.71509 0.5722 0.0266 -5.177 -5.476 0.032 0.026 1.003 6262.2 3.8537 15.042257 1.490931 15.569721 14.078791 -4.53 8.01 1557.17834 1703.26404 18115.232 7.255 8082.2 15.162 18520.0 111.96 "" "" 0.002789420205094404 0.0034545125 0.0075739943 0.011028507 252.42243523434 -43.89537343775 1639.71509 -5.177 -5.476000000000002 -5.099700002789497 -4.31250004863739 0.12382053 0.11782053 32.73142857142857 8.657073 51.90826869316501 61.36623481238152 6.299323998732528 7.050791988540077
252.93407976877 -44.17998640018 0.0252 0.017 19.5731 "" "" 5964397066498140928 2320.29346 0.3934 0.0293 -1.126 -2.575 0.037 0.028 0.971 "" "" 15.042368 1.26436 15.583105 14.318745 "" "" 2180.77612 2514.20117 18113.38044 5.324 7983.2 13.499 14848.0 15.257 "" "" 0.002773739551614874 0.003339996 0.003940608 0.007280604 252.93407976877 -44.17998640018 2320.29346 -1.126 -2.5749999999999984 -1.0487000027894973 -1.4115000486373903 0.12882054 0.119820535 "" "" 19.33963662144137 "" 2.380651191960022 ""
252.91079179379 -44.21349156902 0.0242 0.0164 18.6536 "" "" 5964396589778508544 1951.15894 0.4753 0.027 -1.332 -3.775 0.036 0.027 1.028 "" "" 15.042579 1.192312 15.551414 14.359101 "" "" 1851.48633 2040.01892 18109.86694 3.9863 8219.6 14.047 14306.0 12.384 "" "" 0.002765665460889471 0.0033508013 0.0038944934 0.0072452947 252.91079179379 -44.21349156902 1951.15894 -1.3320000000000003 -3.7750000000000004 -1.2547000027894974 -2.61150004863739 0.12782052 0.11882053 "" "" 26.795432116889526 "" 3.2304469174939308 ""
252.43226911459 -43.99355694431 0.0238 0.0177 11.5567 "" "" 5964416518427179648 1959.62915 0.4642 0.0274 -1.899 -2.674 0.033 0.028 0.95 "" "" 15.043018 1.569303 15.765487 14.196184 93.38 6.49 1857.61829 2096.94531 18102.53899 5.0317 6748.7 13.274 16622.0 10.039 "" "" 0.0027717980417383864 0.0035136226 0.003835847 0.0073494697 252.43226911459 -43.99355694431 1959.62915 -1.8990000000000007 -2.674000000000003 -1.8217000027894974 -1.51050004863739 0.12482053 0.119820535 130.64142857142858 7.137073 21.98133432300354 132.47777895859866 2.6994843559564 7.052380230435264
252.63311669979 -44.44627665119 0.0306 0.0222 17.1119 "" "" 5964296087540105984 2145.13599 0.4315 0.0361 0.049 0.817 0.044 0.035 1.286 7617.5 4.0416 15.043798 1.336958 15.63441 14.297452 "" "" 1988.77881 2334.24805 18089.54801 4.8877 7614.7 10.98 15142.0 13.238 "" "" 0.002770893283303793 0.0031993864 0.0038967591 0.0070961453 252.63311669979 -44.44627665119 2145.13599 0.049000000000000044 0.817 0.1262999972105026 1.9804999513626098 0.13582054 0.12682053 "" "" 20.178520442449972 "" 2.5598123085079685 ""
252.81480886612 -44.36957062352 0.0932 0.0521 18.2454 "" "" 5964388137282765056 2226.65039 0.4472 0.0899 -1.71 -3.556 0.215 0.131 1.552 "" "" 15.044617 "" "" "" "" "" 1832.00427 2600.25366 18075.90121 19.019 "" "" "" "" "" "" 0.0029827554124297853 "" "" "" 252.81480886612 -44.36957062352 2226.65039 -1.71 -3.556 -1.6327000027894973 -2.39250004863739 0.30682054 0.22282052 "" "" 30.570693660990177 "" 7.720834405393501 ""
252.68626396516 -44.37687160631 0.0257 0.0179 14.6337 "" "" 5964390473745049216 2241.97339 0.403 0.0292 -2.054 -3.435 0.037 0.029 1.05 8994.1 4.0157 15.048898 1.04887 15.481156 14.432286 "" "" 2134.74561 2385.4502 18004.76699 4.9122 8769.1 9.1067 13373.0 11.123 "" "" 0.002771197406642833 0.0030093829 0.003885775 0.006895158 252.68626396516 -44.37687160631 2241.97339 -2.0540000000000003 -3.435 -1.9767000027894972 -2.27150004863739 0.12882054 0.12082053 "" "" 31.99940693133087 "" 3.9785238350216607 ""
252.81960163262 -44.29019651121 0.0273 0.0177 15.9791 "" "" 5964394626959187584 2137.7832 0.4293 0.029 -0.86 -3.355 0.039 0.029 1.009 6933.4 3.7743 15.050062 1.66566 15.834018 14.168358 -21.85 6.71 1989.61169 2281.81934 17985.47513 5.0199 6335.9 10.182 17054.0 12.995 "" "" 0.0027719346283818745 0.003290809 0.0038688744 0.0071596834 252.81960163262 -44.29019651121 2137.7832 -0.86 -3.355 -0.7827000027894974 -2.19150004863739 0.13082053 0.12082053 15.411428571428573 7.3570733 23.58049575429022 28.170053436767635 2.876653867097254 4.690264026529851
252.32079834003 -43.88245919587 0.0233 0.0171 19.2947 "" "" 5967419967560654208 2001.9917 0.4633 0.0271 -2.596 -4.303 0.032 0.028 1.014 7982.4 3.7585 15.050329 1.572947 15.767798 14.194852 42.03 6.75 1908.34668 2096.77051 17981.0574 5.7349 6734.4 12.249 16642.0 16.864 "" "" 0.002776995389061137 0.0034183234 0.0039362684 0.007354592 252.32079834003 -43.88245919587 2001.9917 -2.5959999999999974 -4.303000000000002 -2.5187000027894975 -3.13950004863739 0.12382053 0.119820535 79.29142857142858 7.3970733 38.19462762654736 88.01113693407542 4.636926555729277 6.961397633071824
252.05785668722 -44.27364599866 0.0241 0.0162 18.911 "" "" 5967317992181817600 1779.42749 0.5211 0.029 -0.78 -3.311 0.035 0.029 0.977 7874.0 4.0509 15.052387 1.09275 15.505589 14.412838 "" "" 1687.32178 1874.552 17947.00664 18.89 8574.0 40.125 13615.0 32.494 "" "" 0.0029829088414905524 0.005796758 0.0045823925 0.0103791505 252.05785668722 -44.27364599866 1779.42749 -0.7799999999999994 -3.311 -0.7027000027894974 -2.14750004863739 0.12682053 0.12082053 "" "" 19.05810162471811 "" 2.3139161210478743 ""
252.58014191058 -44.24957523704 0.0276 0.0185 5.8908 "" "" 5964404488207006336 2293.8855 0.3973 0.0295 -1.183 -4.546 0.036 0.029 0.93 "" "" 15.054114 2.240738 16.228422 13.987684 -32.52 3.1 2152.06812 2442.10156 17918.47652 6.021 4406.0 9.2109 20141.0 17.703 "" "" 0.002779368835084626 0.003596791 0.0038980043 0.007494795 252.58014191058 -44.24957523704 2293.8855 -1.1829999999999994 -4.545999999999998 -1.1057000027894974 -3.3825000486373904 0.12782052 0.12082053 4.741428571428571 3.7470732 38.69309372014139 38.98251719083318 4.7017485925149485 4.689042020610919
252.66665207298 -44.11636806138 0.0252 0.017 9.0109 "" "" 5964411433185697408 2043.80237 0.4493 0.0282 -0.359 -2.465 0.035 0.027 0.965 "" "" 15.054132 1.46926 15.719542 14.250281 -3.29 9.01 1940.44067 2200.58496 17918.16919 6.4063 7040.5 16.242 15814.0 15.676 "" "" 0.0027825305821432868 0.0037494937 0.0039296397 0.0076791337 252.66665207298 -44.11636806138 2043.80237 -0.3590000000000001 -2.464999999999997 -0.28170000278949736 -1.30150004863739 0.12682053 0.11882053 33.971428571428575 9.657073 12.90039815276129 36.33838510010373 1.5375986896808813 9.0445317090709
252.49226572241 -44.51957760314 0.0258 0.0195 20.1907 "" "" 5964305673907116288 2147.26758 0.4229 0.032 -2.096 -2.427 0.044 0.037 0.916 7975.2 3.71 15.054309 1.416063 15.688396 14.272332 "" "" 2023.3988 2286.85132 17915.26282 4.4973 7245.3 11.518 15496.0 13.071 "" "" 0.002768767817653729 0.0032808813 0.0038887616 0.007169643 252.49226572241 -44.51957760314 2147.26758 -2.0959999999999996 -2.427 -2.0187000027894975 -1.2635000486373902 0.13582054 0.12882054 "" "" 24.239107196053894 "" 3.2453061489874906 ""
252.34402107846 -44.13290024011 0.0272 0.0182 6.5552 "" "" 5964408443888613248 2211.56445 0.4073 0.0323 -1.53 -2.727 0.038 0.029 1.013 "" "" 15.058036 2.567205 16.472424 13.905218 -90.67 2.94 2068.70483 2363.57812 17853.86664 6.2919 3519.2 8.8142 21731.0 15.489 "" "" 0.0027817605279658267 0.0038961328 0.0038577975 0.00775393 252.34402107846 -44.13290024011 2211.56445 -1.5300000000000002 -2.7270000000000003 -1.4527000027894974 -1.56350004863739 0.12982053 0.12082053 -53.40857142857143 3.5870733 22.372572327234877 57.90515948150192 2.7981578174439226 3.480677844947185
252.82557547583 -44.10992564685 0.0291 0.0186 15.5468 "" "" 5964400609868033536 2004.98511 0.4603 0.0302 -1.564 -5.453 0.04 0.031 1.129 6732.0 3.9068 15.058505 1.384114 15.674289 14.290174 "" "" 1880.30286 2153.31494 17846.15911 20.137 7340.1 32.245 15244.0 58.689 "" "" 0.0030154068464928103 0.0055257957 0.005635299 0.0111610945 252.82557547583 -44.10992564685 2004.98511 -1.564 -5.453000000000001 -1.4867000027894974 -4.28950004863739 0.13182053 0.12282053 "" "" 43.14489454670443 "" 5.342072687367093 ""
252.79172738257 -44.37070901209 0.0232 0.0161 17.5162 "" "" 5964388171642516224 2212.55566 0.412 0.0258 -0.54 -2.342 0.034 0.026 0.974 8581.1 3.6624 15.062151 0.997541 15.467182 14.469641 "" "" 2086.49756 2362.68774 17786.33205 5.008 8882.7 9.2421 12921.0 11.492 "" "" 0.0027722274092806354 0.0030101815 0.003900798 0.0069109797 252.79172738257 -44.37070901209 2212.55566 -0.54 -2.342 -0.4627000027894974 -1.1785000486373902 0.12582053 0.11782053 "" "" 13.278011175363766 "" 1.579023197987196 ""
252.38601302889 -44.48571267298 0.0272 0.0174 18.5865 "" "" 5964306704699326976 2129.70776 0.4248 0.0325 -3.191 -3.215 0.044 0.032 1.005 "" "" 15.063241 2.151012 16.174284 14.023272 -41.72 3.71 1992.4353 2303.25342 17768.47537 6.225 4631.3 8.6041 19492.0 12.446 "" "" 0.002781452059635852 0.0034429247 0.0038424393 0.007285364 252.38601302889 -44.48571267298 2129.70776 -3.191 -3.2150000000000034 -3.113700002789497 -2.05150004863739 0.13582054 0.12382053 -4.458571428571425 4.3570733 37.64131621364444 37.904452845005494 4.980061707478409 4.971974610698187
252.63655633854 -44.29217908992 0.0354 0.0203 9.4079 "" "" 5964392432238650496 2246.22144 0.4047 0.0296 -3.017 -3.499 0.047 0.033 0.919 9321.5 4.1618 15.066542 1.34281 15.635395 14.292585 "" "" 2111.24878 2397.5061 17714.54509 6.7937 7607.8 22.692 15210.0 22.22 "" "" 0.0027866055227158334 0.0042746514 0.004098724 0.008373376 252.63655633854 -44.29217908992 2246.22144 -3.0169999999999995 -3.4989999999999997 -2.9397000027894973 -2.3355000486373902 0.13882053 0.12482053 "" "" 39.974677128626325 "" 5.3397142495355325 ""
252.66150226862 -44.38410488852 0.0302 0.0206 14.3744 "" "" 5964390508105296384 1603.7738 0.5966 0.0347 -0.949 0.006 0.044 0.034 1.071 8618.1 3.8112 15.067933 1.148949 15.553622 14.404674 "" "" 1520.81128 1701.14392 17691.86087 6.3148 8202.9 12.16 13718.0 13.284 "" "" 0.0027824400068104174 0.0032211072 0.0039228997 0.007144007 252.66150226862 -44.38410488852 1603.7738 -0.949 0.006000000000000004 -0.8717000027894973 1.1694999513626099 0.13582054 0.12582053 "" "" 11.088314399191075 "" 1.4357225457810887 ""
252.17050104965 -44.04058751127 0.0276 0.0186 15.8137 "" "" 5967412275303384832 2143.2644 0.427 0.0332 -0.046 -1.353 0.039 0.03 1.183 7890.6 3.9132 15.068276 1.245337 15.598302 14.352965 "" "" 2008.40173 2293.50635 17686.26984 5.2195 7872.2 8.5765 14387.0 11.291 "" "" 0.0027738884478754216 0.0030305507 0.0038742467 0.0069047976 252.17050104965 -44.04058751127 2143.2644 -0.0459999999999999 -1.3529999999999998 0.031299997210502625 -0.18950004863739012 0.13082053 0.12182053 "" "" 1.9512286939191719 "" 0.2381828240440803 ""
