Clusters/BH_200/BH_200_stars_in_region.tsv
# %ECSV 1.0
# ---
# datatype:
# - name: RA_ICRS_1
#   unit: deg
#   datatype: float64
#   format: '{:15.11f}'
#   description: Right ascension (ICRS) at Ep=2016.0 (ra)
#   meta: !!omap
#   - {ucd: POS_EQ_RA_MAIN}
#   - {width: 15}
#   - {precision: '11'}
# - name: DE_ICRS_1
#   unit: deg
#   datatype: float64
#   format: '{:15.11f}'
#   description: Declination (ICRS) at Ep=2016.0 (dec)
#   meta: !!omap
#   - {ucd: POS_EQ_DEC_MAIN}
#   - {width: 15}
#   - {precision: '11'}
# - name: e_RA_ICRS
#   unit: mas
#   datatype: float64
#   format: '{:7.4f}'
#   description: Standard error of right ascension (ra_error)
#   meta: !!omap
#   - {ucd: ERROR}
#   - {width: 7}
#   - {precision: '4'}
# - name: e_DE_ICRS
#   unit: mas
#   datatype: float64
#   format: '{:7.4f}'
#   description: Standard error of declination (dec_error)
#   meta: !!omap
#   - {ucd: ERROR}
#   - {width: 7}
#   - {precision: '4'}
# - name: _r_1
#   unit: ''
#   datatype: float64
#   format: '{:7.4f}'
#   description: Distance from center (252.47921032000-44.18319549000)[ICRS], at Epoch=J2016.0
#   meta: !!omap
#   - {ucd: POS_ANG_DIST_GENERAL}
#   - {width: 7}
#   - {precision: '4'}
# - name: HIP
#   datatype: int32
#   description: '? HIP cross-id number, van Leeuwen, Cat. I/311 (hip_original_ext_source_id)'
#   meta: !!omap
#   - {ucd: ID_NUMBER}
#   - {width: 6}
#   - values: {'null': -2147483648}
# - name: TYC2
#   datatype: string
#   description: Tycho-2 cross-id name, Hog et al., Cat. I/259 (tyc2_original_ext_source_id)
#   meta: !!omap
#   - {ucd: ID_CROSSID}
#   - {_votable_string_dtype: char}
# - name: Source
#   datatype: int64
#   description: Source identifier, identical to the Gaia-EDR3 source_id (id)
#   meta: !!omap
#   - {ucd: ID_MAIN}
#   - {width: 19}
# - name: rgeo
#   unit: pc
#   datatype: float64
#   format: '{:15.8f}'
#   description: '? Median of the geometric distance posterior (r_med_geo)'
#   meta: !!omap
#   - {ucd: PHYS_DISTANCE_TRUE}
#   - {width: 15}
#   - {precision: '8'}
#   - values: {'null': .nan}
# - name: Plx
#   unit: mas
#   datatype: float64
#   format: '{:9.4f}'
#   description: '? Parallax (parallax)'
#   meta: !!omap
#   - {ucd: POS_PARLX_TRIG}
#   - {width: 9}
#   - {precision: '4'}
#   - values: {'null': .nan}
# - name: e_Plx
#   unit: mas
#   datatype: float32
#   format: '{:7.4f}'
#   description: '? Standard error of parallax (parallax_error)'
#   meta: !!omap
#   - {ucd: ERROR}
#   - {width: 7}
#   - {precision: '4'}
#   - values: {'null': .nan}
# - name: pmRA
#   unit: mas / yr
#   datatype: float64
#   format: '{:9.3f}'
#   description: '? Proper motion in right ascension direction, pmRA*cosDE (pmra)'
#   meta: !!omap
#   - {ucd: POS_EQ_PMRA}
#   - {width: 9}
#   - {precision: '3'}
#   - values: {'null': .nan}
# - name: pmDE
#   unit: mas / yr
#   datatype: float64
#   format: '{:9.3f}'
#   description: '? Proper motion in declination direction (pmdec)'
#   meta: !!omap
#   - {ucd: POS_EQ_PMDEC}
#   - {width: 9}
#   - {precision: '3'}
#   - values: {'null': .nan}
# - name: e_pmRA
#   unit: mas / yr
#   datatype: float32
#   format: '{:6.3f}'
#   description: '? Standard error of proper motion in right ascension direction (pmra_error)'
#   meta: !!omap
#   - {ucd: ERROR}
#   - {width: 6}
#   - {precision: '3'}
#   - values: {'null': .nan}
# - name: e_pmDE
[...]
#         value: !astropy.table.SerializedColumn {name: SkyCoord.dec}
#       distance: !astropy.table.SerializedColumn
#         __class__: astropy.coordinates.distances.Distance
#         unit: !astropy.units.Unit {unit: pc}
#         value: !astropy.table.SerializedColumn {name: SkyCoord.distance}
#       frame: icrs
#       obstime: !astropy.time.Time {format: jyear_str, in_subfmt: '*', jd1: 367701545.0, jd2: 0.0, out_subfmt: '*', precision: 3, scale: tt}
#       pm_dec: !astropy.table.SerializedColumn
#         __class__: astropy.units.quantity.Quantity
#         unit: !astropy.units.Unit {unit: mas / yr}
#         value: !astropy.table.SerializedColumn {name: SkyCoord.pm_dec}
#       pm_ra_cosdec: !astropy.table.SerializedColumn
#         __class__: astropy.units.quantity.Quantity
#         unit: !astropy.units.Unit {unit: mas / yr}
#         value: !astropy.table.SerializedColumn {name: SkyCoord.pm_ra_cosdec}
#       ra: !astropy.table.SerializedColumn
#         __class__: astropy.coordinates.angles.Longitude
#         unit: *id001
#         value: !astropy.table.SerializedColumn {name: SkyCoord.ra}
#         wrap_angle: !astropy.coordinates.Angle
#           unit: *id001
#           value: 360.0
#       representation_type: spherical
# schema: astropy-2.0
RA_ICRS_1 DE_ICRS_1 e_RA_ICRS e_DE_ICRS _r_1 HIP TYC2 Source rgeo Plx e_Plx pmRA pmDE e_pmRA e_pmDE RUWE Teff logg Gmag BP-RP BPmag RPmag RV e_RV b_rgeo B_rgeo FG e_FG FBP e_FBP FRP e_FRP RAVE5 RAVE6 e_Gmag e_BPmag e_RPmag e_BP-RP SkyCoord.ra SkyCoord.dec SkyCoord.distance SkyCoord.pm_ra_cosdec SkyCoord.pm_dec rmRA rmDE e_rmRA e_rmDE rRV e_rRV v_pec v_pec3d e_vpec e_vpec3d
[from data line 1458]
252.07333779251 -44.03489760666 0.0374 0.0254 19.6191 "" "" 5967415779996760320 2113.4502 0.4383 0.0445 -2.318 -1.782 0.05 0.042 0.929 4875.3 3.0848 16.047342 2.541881 17.442682 14.900802 "" "" 1939.17322 2358.70776 7178.09939 3.3785 1439.9 6.4974 8686.4 12.09 "" "" 0.0028023083093716475 0.0056380774 0.004070299 0.009708377 252.07333779251 -44.03489760666 2113.4502 -2.318 -1.782 -2.2407000027894974 -0.6185000486373902 0.14182054 0.13382053 "" "" 23.286222858502157 "" 3.289622627670528 ""
252.42864410454 -44.00378429748 0.0377 0.0281 10.983 "" "" 5964416479756051584 2176.56885 0.4278 0.0434 -2.426 -4.342 0.052 0.043 1.017 8690.8 3.9158 16.048351 1.613483 16.75657 15.143087 "" "" 2003.19092 2416.30688 7171.44346 3.1552 2708.9 15.604 6949.0 28.114 "" "" 0.0027964219154678776 0.0068483036 0.005794733 0.012643036 252.42864410454 -44.00378429748 2176.56885 -2.426000000000003 -4.341999999999999 -2.3487000027894975 -3.1785000486373898 0.14382052 0.13482054 "" "" 40.773772791133595 "" 5.629478619954249 ""
252.02439321756 -44.23718562309 0.0395 0.0271 19.8268 "" "" 5967318262737698816 1804.99829 0.5273 0.0467 -2.253 -3.697 0.058 0.046 1.042 8101.3 3.6343 16.04876 1.371823 16.660763 15.288939 "" "" 1683.89758 1919.71436 7168.73703 2.9109 2958.8 7.4609 6075.5 8.9203 "" "" 0.0027903681368734645 0.0039090323 0.004101823 0.008010855 252.02439321756 -44.23718562309 1804.99829 -2.253000000000002 -3.6970000000000014 -2.1757000027894975 -2.53350004863739 0.14982054 0.13782053 "" "" 28.57177503239669 "" 4.086822094248565 ""
252.23170494637 -44.40849228849 0.0438 0.0271 17.1961 "" "" 5964305188563669760 1724.00928 0.5596 0.0509 5.205 0.527 0.063 0.046 1.016 6323.3 4.0927 16.04928 1.397454 16.676285 15.278831 "" "" 1572.67493 1858.19128 7165.30263 2.757 2916.8 9.9086 6132.3 11.133 "" "" 0.0027868104637487423 0.004624807 0.004262516 0.008887323 252.23170494637 -44.40849228849 1724.00928 5.205 0.5269999999999994 5.282299997210503 1.69049995136261 0.15482053 0.13782053 "" "" 45.322568973231974 "" 6.948883415148619 ""
252.38638186953 -44.31944273745 0.0452 0.0301 9.0964 "" "" 5964312648934167680 2083.19824 0.4552 0.0507 -0.046 -1.148 0.062 0.05 1.041 "" "" 16.049473 1.321222 16.60796 15.286737 "" "" 1885.74121 2273.40454 7164.0303 2.9403 3106.2 7.6327 6087.8 18.652 "" "" 0.0027911218109796026 0.0038604215 0.005034821 0.008895243 252.38638186953 -44.31944273745 2083.19824 -0.04599999999999985 -1.1480000000000001 0.031299997210502625 0.015499951362609954 0.15382053 0.14182054 "" "" 0.3448878364547111 "" 0.052261707408297206 ""
252.47716839968 -44.17180673896 0.0425 0.0276 0.689 "" "" 5964408615687201920 2208.30615 0.4352 0.0514 -0.127 -1.13 0.061 0.047 1.012 "" "" 16.04971 1.363401 16.592072 15.22867 "" "" 1994.27979 2449.54492 7162.46768 3.7079 3152.0 30.639 6422.3 38.019 "" "" 0.0028120652528940532 0.010916487 0.0074562067 0.018372694 252.47716839968 -44.17180673896 2208.30615 -0.127 -1.13 -0.04970000278949738 0.03349995136260997 0.15282053 0.13882053 "" "" 0.6273734857203869 "" 0.09322058940541482 ""
252.45139690246 -44.47034932836 0.0415 0.0278 17.2705 "" "" 5964306975269968384 1990.47693 0.4858 0.049 0.917 -2.032 0.066 0.049 0.998 "" "" 16.056719 1.342662 16.640642 15.29798 "" "" 1796.48828 2203.91772 7116.38598 3.0102 3014.1 9.1511 6025.1 13.319 "" "" 0.002793333247564617 0.0043187155 0.0044770828 0.008795798 252.45139690246 -44.47034932836 1990.47693 0.9169999999999998 -2.031999999999999 0.9942999972105027 -0.8685000486373902 0.15782052 0.14082053 "" "" 12.455891518018582 "" 1.8770896238080168 ""
252.32380886064 -43.88044513273 0.0372 0.0281 19.3625 "" "" 5967420074964066432 2356.3291 0.4072 0.0438 -0.837 -0.861 0.052 0.045 1.01 "" "" 16.057032 2.0327 17.08311 15.05041 "" "" 2157.51855 2595.21069 7114.33379 3.3547 2005.3 7.146 7568.2 17.306 "" "" 0.00280248136180998 0.004770204 0.0045219073 0.009292111 252.32380886064 -43.88044513273 2356.3291 -0.8370000000000007 -0.8610000000000004 -0.7597000027894973 0.3024999513626099 0.14382052 0.13682052 "" "" 9.133007516621271 "" 1.3049498269443778 ""
252.2305802586 -44.45992005888 0.0437 0.0276 19.7378 "" "" 5964304952352740480 1868.99622 0.5267 0.0465 -0.782 -2.044 0.06 0.046 0.917 6553.2 4.0406 16.057648 1.396314 16.572897 15.176583 "" "" 1734.42554 2022.8396 7110.2997 3.8501 3208.2 42.142 6737.9 62.011 "" "" 0.0028173433783280333 0.0145322895 0.01068322 0.02521551 252.2305802586 -44.45992005888 1868.99622 -0.782 -2.0439999999999996 -0.7047000027894974 -0.8805000486373902 0.15182053 0.13782053 "" "" 9.991029668234999 "" 1.4332078375602704 ""
252.54087704874 -43.88159085157 0.0422 0.029 18.2907 "" "" 5964418369541804928 2310.40845 0.4248 0.047 1.013 -2.382 0.059 0.048 1.052 7194.3 3.4412 16.05815 1.829276 16.944614 15.115338 "" "" 2104.38599 2575.47827 7107.0121 3.1456 2278.1 7.4817 7128.9 10.844 "" "" 0.0027969125875551993 0.0045276564 0.0041244803 0.008652137 252.54087704874 -43.88159085157 2310.40845 1.013 -2.382 1.0902999972105025 -1.2185000486373903 0.15082052 0.13982053 "" "" 17.906343526624724 "" 2.5931037634703107 ""
252.60150539033 -43.99393033159 0.0401 0.0264 12.5193 "" "" 5964414280732809472 2238.0918 0.4186 0.045 -0.232 -1.886 0.058 0.044 1.008 8015.9 4.0038 16.06165 1.80061 16.936068 15.135458 "" "" 2034.42578 2464.61108 7084.142 2.9054 2296.1 7.3634 6998.0 10.845 "" "" 0.002791070157243766 0.0044618864 0.004137011 0.008598898 252.60150539033 -43.99393033159 2238.0918 -0.23199999999999998 -1.8859999999999992 -0.1547000027894974 -0.72250004863739 0.14982054 0.13582054 "" "" 7.8384115755150265 "" 1.0696637743503996 ""
252.64945638323 -44.28845470221 0.0434 0.0298 9.6669 "" "" 5964392462295677056 1762.70215 0.5525 0.0481 -2.409 -7.897 0.06 0.049 0.984 "" "" 16.06211 1.496507 16.749119 15.252612 "" "" 1616.84094 1934.43677 7081.12627 2.8957 2727.5 8.2121 6282.2 8.78 "" "" 0.0027908634236731966 0.004297831 0.0040726284 0.008370459 252.64945638323 -44.28845470221 1762.70215 -2.409 -7.897 -2.331700002789497 -6.73350004863739 0.15182053 0.14082053 "" "" 59.537438270739806 "" 8.456641966697466 ""
252.77246671394 -44.18548040383 0.0426 0.0273 12.6184 "" "" 5964398513924346240 2006.86682 0.4768 0.0432 -1.368 -4.079 0.058 0.045 1.044 7923.1 4.1054 16.062954 1.448158 16.71236 15.264202 "" "" 1835.88806 2183.96387 7075.62741 2.8733 2821.5 8.7722 6215.5 7.5874 "" "" 0.0027903731699361932 0.0043794764 0.0040050424 0.008384518 252.77246671394 -44.18548040383 2006.86682 -1.368 -4.079 -1.2907000027894975 -2.91550004863739 0.14982054 0.13682052 "" "" 30.33003780697997 "" 4.216910448146928 ""
252.885874303 -44.18477049394 0.0415 0.0321 17.4975 "" "" 5964396894702333184 2345.05493 0.425 0.0468 -0.449 -2.282 0.059 0.051 1.089 "" "" 16.063416 1.26994 16.611385 15.341445 "" "" 2082.88062 2662.75708 7072.61857 3.0497 3096.4 14.48 5788.7 12.181 "" "" 0.002794811289230943 0.0057934774 0.0044162776 0.010209755 252.885874303 -44.18477049394 2345.05493 -0.4489999999999994 -2.282 -0.3717000027894974 -1.1185000486373902 0.15082052 0.14282054 "" "" 13.10129594788451 "" 1.8818192760744519 ""
252.27346781971 -44.4152314162 0.046 0.0285 16.4889 "" "" 5964310827868015232 1792.25696 0.5381 0.0515 0.183 -1.273 0.065 0.052 0.981 "" "" 16.063616 1.240355 16.59491 15.354555 "" "" 1643.39636 1953.04041 7071.32231 3.0287 3143.8 9.5539 5719.2 7.813 "" "" 0.0027942872570514052 0.004321093 0.00406001 0.008381103 252.27346781971 -44.4152314162 1792.25696 0.18299999999999983 -1.273 0.2602999972105026 -0.10950004863739005 0.15682054 0.14382052 "" "" 2.399020849235619 "" 0.3716937524734041 ""
252.78913070089 -44.29672993523 0.0408 0.0266 14.9627 "" "" 5964391775100875264 2067.70605 0.4675 0.0463 -1.685 -4.166 0.06 0.045 1.044 8958.3 4.3202 16.063671 1.545894 16.765978 15.220084 "" "" 1870.11401 2289.61377 7070.95758 3.0455 2685.5 9.0436 6473.3 9.5569 "" "" 0.0027947217278277378 0.004599293 0.0041052555 0.008704549 252.78913070089 -44.29672993523 2067.70605 -1.685 -4.1659999999999995 -1.6077000027894974 -3.0025000486373905 0.15182053 0.13682052 "" "" 33.38033017922606 "" 4.683321087325298 ""
252.70071183062 -44.30497754827 0.0407 0.0272 12.0014 "" "" 5964392226091764224 2221.5083 0.4276 0.0459 -0.578 -2.217 0.061 0.045 0.997 9019.7 3.795 16.06606 1.28744 16.617828 15.330388 "" "" 2032.25146 2574.7832 7055.42623 3.1516 3078.1 6.7752 5847.9 12.522 "" "" 0.0027976783186763766 0.0036737241 0.004437199 0.008110923 252.70071183062 -44.30497754827 2221.5083 -0.5780000000000003 -2.2170000000000005 -0.5007000027894973 -1.0535000486373902 0.15282053 0.13682052 "" "" 12.282466416286509 "" 1.7183945369387865 ""
252.19827468113 -44.13962508921 0.0853 0.0577 12.3716 "" "" 5967317575543625472 2339.06055 0.4301 0.0974 0.401 0.136 0.114 0.091 2.639 5760.2 4.3441 16.06677 1.424673 16.665552 15.240879 "" "" 1921.04553 2882.03345 7050.79818 5.5148 2945.7 8.03 6350.5 10.121 "" "" 0.002883218575212404 0.004067557 0.0041566715 0.008224228 252.19827468113 -44.13962508921 2339.06055 0.401 0.13599999999999995 0.47829999721050265 1.29949995136261 0.20582053 0.18282053 "" "" 15.352680406367414 "" 2.8512128801903964 ""
252.78753020336 -44.36555244533 0.0381 0.0257 17.1801 "" "" 5964391122267498496 1667.57812 0.5849 0.0418 -1.139 -5.237 0.057 0.044 0.965 5008.5 4.2441 16.067017 1.576934 16.795786 15.218852 "" "" 1555.24573 1787.41736 7049.20729 2.9594 2612.8 7.2776 6480.6 11.547 "" "" 0.0027927684899290528 0.004114688 0.004245725 0.008360413 252.78753020336 -44.36555244533 1667.57812 -1.1390000000000013 -5.237 -1.0617000027894974 -4.07350004863739 0.14882053 0.13582054 "" "" 33.27391156845013 "" 4.548021137863417 ""
252.36195253533 -44.11916768757 0.0452 0.0315 6.3435 "" "" 5964409951405602944 2266.93604 0.4302 0.0527 -5.017 -5.968 0.063 0.05 1.014 5028.7 3.5473 16.067747 2.146992 17.174534 15.027542 "" "" 2050.3208 2457.13672 7044.46493 3.0456 1843.3 7.3858 7729.3 16.184 "" "" 0.0027950191232766295 0.0051682424 0.004410435 0.009578677 252.36195253533 -44.11916768757 2266.93604 -5.017 -5.968 -4.939700002789498 -4.80450004863739 0.15482053 0.14182054 "" "" 74.04412445500738 "" 11.00613708816591 ""
252.2244124918 -43.9097143154 0.0367 0.0268 19.7484 "" "" 5967414611765700352 1692.98438 0.5619 0.0424 -3.311 -4.187 0.049 0.043 1.037 9892.0 4.1699 16.069262 1.417627 16.69276 15.275133 "" "" 1578.19922 1838.90442 7034.64373 2.9067 2872.8 12.924 6153.3 10.073 "" "" 0.0027916039792705736 0.005625204 0.0041764495 0.009801654 252.2244124918 -43.9097143154 1692.98438 -3.3109999999999995 -4.186999999999999 -3.2337000027894973 -3.0235000486373904 0.14082053 0.13482054 "" "" 35.525585946060644 "" 4.90446060009906 ""
252.39780742746 -43.8948039895 0.0427 0.0341 17.6561 "" "" 5967421243195110912 2208.82373 0.4286 0.0515 -0.0 -1.042 0.06 0.053 1.098 "" "" 16.071154 "" "" "" "" "" 1977.38037 2486.33105 7022.39837 19.645 "" "" "" "" "" "" 0.004100867669813284 "" "" "" 252.39780742746 -43.8948039895 2208.82373 0.0 -1.0419999999999998 0.07729999721050262 0.12149995136260983 0.15182053 0.14482053 "" "" 1.507710263267827 "" 0.22143999717546992 ""
252.85729272805 -44.27460679442 0.0398 0.0265 17.1554 "" "" 5964394730038467456 1906.28271 0.5097 0.0443 -0.902 -3.284 0.059 0.044 0.998 6864.8 3.8703 16.073895 2.163973 17.193459 15.029486 "" "" 1750.27637 2104.73779 7004.69454 10.675 1811.5 12.625 7715.5 32.356 "" "" 0.0032139720493137122 0.008064915 0.005917364 0.013982279 252.85729272805 -44.27460679442 1906.28271 -0.9019999999999994 -3.284 -0.8247000027894974 -2.12050004863739 0.15082052 0.13582054 "" "" 20.558436129242068 "" 2.8346885094338656 ""
252.64722978902 -43.88560188247 0.0369 0.0264 19.2704 "" "" 5964438504348486912 1715.09912 0.5636 0.0441 -1.5 -7.047 0.054 0.046 1.084 "" "" 16.074987 1.716817 16.879408 15.162591 "" "" 1616.55664 1831.24365 6997.63823 3.0484 2419.1 8.6596 6825.3 16.235 "" "" 0.0027956218476562988 0.004784412 0.004577497 0.00936191 252.64722978902 -43.88560188247 1715.09912 -1.4999999999999984 -7.046999999999999 -1.4227000027894974 -5.88350004863739 0.14582053 0.13782053 "" "" 49.20884966684031 "" 6.8043314391166625 ""
252.86643040572 -44.15795386909 0.0489 0.0296 16.7331 "" "" 5964397002095442944 2149.22168 0.4409 0.0461 -1.409 -3.167 0.065 0.049 1.056 8600.5 3.7231 16.07582 1.688557 16.86875 15.180193 "" "" 1938.0166 2517.36353 6992.27079 3.0567 2443.0 6.8491 6715.5 12.874 "" "" 0.0027959017992344307 0.0041292305 0.00431463 0.00844386 252.86643040572 -44.15795386909 2149.22168 -1.4089999999999996 -3.167 -1.3317000027894974 -2.00350004863739 0.15682054 0.14082053 "" "" 24.507708469907374 "" 3.5759178144968193 ""
252.72554799686 -44.0365413656 0.0433 0.0294 13.7858 "" "" 5964401812458995584 2263.04077 0.4104 0.0485 -1.926 -2.222 0.062 0.046 1.027 6632.6 2.8737 16.07615 3.014582 17.839762 14.82518 "" "" 2048.23608 2594.60938 6990.15098 3.5883 998.88 8.205 9312.9 13.471 "" "" 0.002811125441392748 0.009344724 0.004092702 0.013437426 252.72554799686 -44.0365413656 2263.04077 -1.9260000000000004 -2.222 -1.8487000027894973 -1.0585000486373901 0.15382053 0.13782053 "" "" 22.851169041721878 "" 3.428337624403796 ""
252.40602377223 -44.31820751825 0.0466 0.0304 8.6899 "" "" 5964312472828320768 1696.97717 0.5778 0.0503 -5.062 -5.846 0.064 0.052 0.941 6797.3 4.1139 16.078985 1.798569 16.950695 15.152126 "" "" 1542.12024 1916.98608 6971.92093 2.9571 2265.4 11.864 6891.4 13.132 "" "" 0.0027935385550673097 0.006333735 0.0043086237 0.010642359 252.40602377223 -44.31820751825 1696.97717 -5.062 -5.846000000000002 -4.984700002789498 -4.68250004863739 0.15582053 0.14382052 "" "" 55.01132987775204 "" 8.26900694248549 ""
252.13336940733 -44.35610006144 0.0431 0.0269 18.1219 "" "" 5967308680669206144 2025.49536 0.4698 0.0523 -2.928 -5.487 0.063 0.047 0.963 "" "" 16.079426 1.630365 16.839842 15.209476 "" "" 1832.81653 2256.13721 6969.09604 3.3989 2508.9 8.6992 6536.8 11.511 "" "" 0.0028057415819616478 0.0046858676 0.00423547 0.008921338 252.13336940733 -44.35610006144 2025.49536 -2.927999999999997 -5.486999999999997 -2.8507000027894973 -4.32350004863739 0.15482053 0.13882053 "" "" 49.72010575498348 "" 7.152572420335992 ""
252.52209041856 -44.26411772604 0.0454 0.0295 5.1936 "" "" 5964403732292745216 2260.35303 0.4438 0.0507 -3.287 -5.599 0.06 0.049 0.991 8593.9 4.4341 16.080893 1.543613 16.787449 15.243836 "" "" 2013.59351 2577.58545 6959.68589 3.2469 2632.9 8.0039 6333.2 10.705 "" "" 0.0028014924920559013 0.004321914 0.004201399 0.008523313 252.52209041856 -44.26411772604 2260.35303 -3.287 -5.599 -3.2097000027894973 -4.43550004863739 0.15182053 0.14082053 "" "" 58.6597569269728 "" 8.487796012069884 ""
252.91545744561 -44.21108286279 0.0416 0.0288 18.8403 "" "" 5964396624138246400 1712.97522 0.5555 0.0479 -0.042 -4.253 0.062 0.051 1.074 6857.6 4.1511 16.08302 1.37566 16.693087 15.317427 "" "" 1580.72253 1885.06885 6946.0628 2.8394 2872.0 9.9721 5918.2 12.141 "" "" 0.002790836865417428 0.0046900935 0.004386893 0.009076986 252.91545744561 -44.21108286279 1712.97522 -0.041999999999999926 -4.253 0.03529999721050262 -3.0895000486373903 0.15382053 0.14282054 "" "" 25.08684086923247 "" 3.582953494710057 ""
252.57955559202 -43.99082923231 0.0402 0.0283 12.3255 "" "" 5964414491202570368 2390.14307 0.3811 0.0461 -3.267 2.286 0.061 0.047 0.942 5194.0 2.5454 16.083101 3.301704 18.071247 14.769543 "" "" 2181.24048 2670.40527 6945.53749 3.8135 807.08 7.8531 9802.6 12.248 "" "" 0.0028190711868271126 0.01092674 0.004015478 0.014942218 252.57955559202 -43.99082923231 2390.14307 -3.2670000000000026 2.2859999999999996 -3.1897000027894973 3.44949995136261 0.15282053 0.13882053 "" "" 53.22739882265075 "" 7.741448767251637 ""
