Clusters/BH_200/BH_200_stars_in_region.tsv
# %ECSV 1.0
# ---
# datatype:
# - name: RA_ICRS_1
#   unit: deg
#   datatype: float64
#   format: '{:15.11f}'
#   description: Right ascension (ICRS) at Ep=2016.0 (ra)
#   meta: !!omap
#   - {ucd: POS_EQ_RA_MAIN}
#   - {width: 15}
#   - {precision: '11'}
# - name: DE_ICRS_1
#   unit: deg
#   datatype: float64
#   format: '{:15.11f}'
#   description: Declination (ICRS) at Ep=2016.0 (dec)
#   meta: !!omap
#   - {ucd: POS_EQ_DEC_MAIN}
#   - {width: 15}
#   - {precision: '11'}
# - name: e_RA_ICRS
#   unit: mas
#   datatype: float64
#   format: '{:7.4f}'
#   description: Standard error of right ascension (ra_error)
#   meta: !!omap
#   - {ucd: ERROR}
#   - {width: 7}
#   - {precision: '4'}
# - name: e_DE_ICRS
#   unit: mas
#   datatype: float64
#   format: '{:7.4f}'
#   description: Standard error of declination (dec_error)
#   meta: !!omap
#   - {ucd: ERROR}
#   - {width: 7}
#   - {precision: '4'}
# - name: _r_1
#   unit: ''
#   datatype: float64
#   format: '{:7.4f}'
#   description: Distance from center (252.47921032000-44.18319549000)[ICRS], at Epoch=J2016.0
#   meta: !!omap
#   - {ucd: POS_ANG_DIST_GENERAL}
#   - {width: 7}
#   - {precision: '4'}
# - name: HIP
#   datatype: int32
#   description: '? HIP cross-id number, van Leeuwen, Cat. I/311 (hip_original_ext_source_id)'
#   meta: !!omap
#   - {ucd: ID_NUMBER}
#   - {width: 6}
#   - values: {'null': -2147483648}
# - name: TYC2
#   datatype: string
#   description: Tycho-2 cross-id name, Hog et al., Cat. I/259 (tyc2_original_ext_source_id)
#   meta: !!omap
#   - {ucd: ID_CROSSID}
#   - {_votable_string_dtype: char}
# - name: Source
#   datatype: int64
#   description: Source identifier, identical to the Gaia-EDR3 source_id (id)
#   meta: !!omap
#   - {ucd: ID_MAIN}
#   - {width: 19}
# - name: rgeo
#   unit: pc
#   datatype: float64
#   format: '{:15.8f}'
#   description: '? Median of the geometric distance posterior (r_med_geo)'
#   meta: !!omap
#   - {ucd: PHYS_DISTANCE_TRUE}
#   - {width: 15}
#   - {precision: '8'}
#   - values: {'null': .nan}
# - name: Plx
#   unit: mas
#   datatype: float64
#   format: '{:9.4f}'
#   description: '? Parallax (parallax)'
#   meta: !!omap
#   - {ucd: POS_PARLX_TRIG}
#   - {width: 9}
#   - {precision: '4'}
#   - values: {'null': .nan}
# - name: e_Plx
#   unit: mas
#   datatype: float32
#   format: '{:7.4f}'
#   description: '? Standard error of parallax (parallax_error)'
#   meta: !!omap
#   - {ucd: ERROR}
#   - {width: 7}
#   - {precision: '4'}
#   - values: {'null': .nan}
# - name: pmRA
#   unit: mas / yr
#   datatype: float64
#   format: '{:9.3f}'
#   description: '? Proper motion in right ascension direction, pmRA*cosDE (pmra)'
#   meta: !!omap
#   - {ucd: POS_EQ_PMRA}
#   - {width: 9}
#   - {precision: '3'}
#   - values: {'null': .nan}
# - name: pmDE
#   unit: mas / yr
#   datatype: float64
#   format: '{:9.3f}'
#   description: '? Proper motion in declination direction (pmdec)'
#   meta: !!omap
#   - {ucd: POS_EQ_PMDEC}
#   - {width: 9}
#   - {precision: '3'}
#   - values: {'null': .nan}
# - name: e_pmRA
#   unit: mas / yr
#   datatype: float32
#   format: '{:6.3f}'
#   description: '? Standard error of proper motion in right ascension direction (pmra_error)'
#   meta: !!omap
#   - {ucd: ERROR}
#   - {width: 6}
#   - {precision: '3'}
#   - values: {'null': .nan}
# - name: e_pmDE
[...]
#         value: !astropy.table.SerializedColumn {name: SkyCoord.dec}
#       distance: !astropy.table.SerializedColumn
#         __class__: astropy.coordinates.distances.Distance
#         unit: !astropy.units.Unit {unit: pc}
#         value: !astropy.table.SerializedColumn {name: SkyCoord.distance}
#       frame: icrs
#       obstime: !astropy.time.Time {format: jyear_str, in_subfmt: '*', jd1: 367701545.0, jd2: 0.0, out_subfmt: '*', precision: 3, scale: tt}
#       pm_dec: !astropy.table.SerializedColumn
#         __class__: astropy.units.quantity.Quantity
#         unit: !astropy.units.Unit {unit: mas / yr}
#         value: !astropy.table.SerializedColumn {name: SkyCoord.pm_dec}
#       pm_ra_cosdec: !astropy.table.SerializedColumn
#         __class__: astropy.units.quantity.Quantity
#         unit: !astropy.units.Unit {unit: mas / yr}
#         value: !astropy.table.SerializedColumn {name: SkyCoord.pm_ra_cosdec}
#       ra: !astropy.table.SerializedColumn
#         __class__: astropy.coordinates.angles.Longitude
#         unit: *id001
#         value: !astropy.table.SerializedColumn {name: SkyCoord.ra}
#         wrap_angle: !astropy.coordinates.Angle
#           unit: *id001
#           value: 360.0
#       representation_type: spherical
# schema: astropy-2.0
RA_ICRS_1 DE_ICRS_1 e_RA_ICRS e_DE_ICRS _r_1 HIP TYC2 Source rgeo Plx e_Plx pmRA pmDE e_pmRA e_pmDE RUWE Teff logg Gmag BP-RP BPmag RPmag RV e_RV b_rgeo B_rgeo FG e_FG FBP e_FBP FRP e_FRP RAVE5 RAVE6 e_Gmag e_BPmag e_RPmag e_BP-RP SkyCoord.ra SkyCoord.dec SkyCoord.distance SkyCoord.pm_ra_cosdec SkyCoord.pm_dec rmRA rmDE e_rmRA e_rmDE rRV e_rRV v_pec v_pec3d e_vpec e_vpec3d
[from data line 1649]
252.68379676381 -44.26177368564 0.0545 0.0356 9.9806 "" "" 5964392908972385280 2093.22925 0.465 0.0564 -2.359 -2.577 0.071 0.056 1.17 9115.1 4.1908 16.222033 1.483788 16.899279 15.41549 "" "" 1867.62012 2305.86987 6111.30263 2.8642 2375.2 10.382 5407.1 10.013 "" "" 0.00280191409350504 0.005505199 0.004280912 0.009786111 252.68379676381 -44.26177368564 2093.22925 -2.359 -2.577 -2.2817000027894974 -1.41350004863739 0.16282053 0.14782053 "" "" 26.63091735100216 "" 4.229056456081605 ""
252.73657823597 -44.23168692122 0.0562 0.037 11.4452 "" "" 5964398715768285824 2008.10706 0.4763 0.0583 -4.615 -4.493 0.073 0.058 1.235 "" "" 16.222105 2.041998 17.250607 15.208609 "" "" 1784.63245 2231.38672 6110.89712 4.2642 1718.6 7.4969 6542.1 9.2091 "" "" 0.0028575849954942563 0.005496977 0.004076714 0.009573691 252.73657823597 -44.23168692122 2008.10706 -4.615 -4.4929999999999986 -4.537700002789498 -3.3295000486373905 0.16482052 0.14982054 "" "" 53.57132311642966 "" 8.557020591411208 ""
252.64648747014 -44.21178847801 0.0535 0.0344 7.3974 "" "" 5964404870475948416 1978.02161 0.4954 0.0573 4.264 0.748 0.072 0.055 1.099 8218.3 4.0378 16.22351 1.629068 16.963148 15.33408 "" "" 1752.61182 2329.1084 6102.98211 2.8483 2239.5 8.3959 5828.1 12.363 "" "" 0.002801527162134693 0.004934923 0.0044258563 0.009360779 252.64648747014 -44.21178847801 1978.02161 4.263999999999998 0.7479999999999998 4.341299997210503 1.9114999513626099 0.16382053 0.14682053 "" "" 44.47414005642126 "" 7.1684279769350185 ""
252.02429763555 -44.12087784675 0.1956 0.1245 19.9375 "" "" 5967321290694026624 2374.44629 0.6814 0.2289 -3.738 -3.147 0.284 0.225 4.332 "" "" 16.223675 1.473497 16.704655 15.231157 "" "" 1502.78113 3667.38379 6102.0689 4.8424 2841.5 15.485 6407.6 43.244 "" "" 0.002886893032941656 0.0065416913 0.008244739 0.01478643 252.02429763555 -44.12087784675 2374.44629 -3.737999999999999 -3.1469999999999994 -3.6607000027894974 -1.98350004863739 0.37582055 0.31682053 "" "" 46.860031563642124 "" 17.02292532871815 ""
252.92359941741 -44.14023967657 0.0569 0.0362 19.3005 "" "" 5964397276961724288 2075.06714 0.4618 0.0578 0.621 -1.98 0.074 0.058 1.241 "" "" 16.22443 1.489882 16.523376 15.033495 "" "" 1862.68347 2382.93384 6097.81866 13.271 3357.9 157.81 7687.1 58.841 "" "" 0.003629778840637304 0.05110218 0.009129775 0.060231954 252.92359941741 -44.14023967657 2075.06714 0.621 -1.98 0.6982999972105026 -0.8165000486373901 0.16582054 0.14982054 "" "" 10.567419363872093 "" 1.6567487613497816 ""
252.7569018043 -44.23788432949 0.0492 0.0314 12.3852 "" "" 5964397964168103936 2013.96863 0.456 0.0509 -1.891 -2.106 0.066 0.051 1.035 8083.4 3.5189 16.226301 2.880957 17.823193 14.942236 "" "" 1804.33801 2312.80908 6087.32264 4.2879 1014.2 18.522 8361.1 47.819 "" "" 0.0028594919655669303 0.020023787 0.007269282 0.02729307 252.7569018043 -44.23788432949 2013.96863 -1.891 -2.106 -1.8137000027894974 -0.94250004863739 0.15782052 0.14282054 "" "" 19.51217111358044 "" 3.0195652331672895 ""
252.04569815271 -44.25459276691 0.0494 0.0326 19.1272 "" "" 5967317987859640320 2326.10913 0.4334 0.054 0.257 -0.216 0.071 0.054 1.1 7536.7 3.8286 16.22705 1.680897 16.95932 15.278423 "" "" 2052.78882 2617.50903 6083.11541 3.5322 2247.4 18.826 6134.6 37.487 "" "" 0.002826525008402032 0.009513348 0.007635604 0.017148953 252.04569815271 -44.25459276691 2326.10913 0.25699999999999995 -0.21599999999999997 0.33429999721050263 0.9474999513626099 0.16282053 0.14582053 "" "" 11.07807521293431 "" 1.6373258789342746 ""
252.59479763208 -44.36238209134 0.0484 0.033 11.8426 "" "" 5964402121696417792 1913.08459 0.5059 0.0558 0.595 -3.516 0.068 0.051 1.04 "" "" 16.227259 1.629342 16.962265 15.332923 "" "" 1718.86414 2139.78882 6081.95487 3.4995 2241.4 11.791 5834.3 8.427 "" "" 0.0028252553008484785 0.0063566575 0.004091828 0.010448486 252.59479763208 -44.36238209134 1913.08459 0.595 -3.516 0.6722999972105026 -2.35250004863739 0.15982053 0.14282054 "" "" 22.186546890390055 "" 3.1987251622354025 ""
252.35270167525 -43.92872686206 0.0472 0.0357 16.2133 "" "" 5967419662647138560 1980.60461 0.4922 0.055 -2.84 -4.448 0.063 0.055 1.131 5591.6 4.1984 16.229753 1.501978 16.863806 15.361828 "" "" 1809.62268 2213.4021 6067.99735 3.5753 2454.1 8.7389 5681.0 9.2712 "" "" 0.0028286098784263826 0.004767899 0.004174123 0.008942022 252.35270167525 -43.92872686206 1980.60461 -2.84 -4.448 -2.7627000027894972 -3.2845000486373905 0.15482053 0.14682053 "" "" 40.29269042733111 "" 6.051440003411623 ""
252.36674008505 -44.36118950047 0.0493 0.0306 11.7219 "" "" 5964312099178334976 2154.70825 0.4534 0.0518 -1.712 -3.515 0.068 0.054 0.957 9601.9 4.1869 16.229784 1.409832 16.859806 15.449974 "" "" 1926.21851 2373.36377 6067.82893 2.9016 2463.2 11.01 5238.0 10.755 "" "" 0.0028038099695347554 0.0055979313 0.0043878835 0.009985815 252.36674008505 -44.36118950047 2154.70825 -1.7119999999999989 -3.5149999999999997 -1.6347000027894973 -2.3515000486373903 0.15982053 0.14582053 "" "" 29.24969305667134 "" 4.402809290418947 ""
252.93240245541 -44.25354304005 0.0417 0.0299 19.9396 "" "" 5964395730784996736 2284.71655 0.4137 0.0471 -3.596 -7.002 0.06 0.049 0.984 4910.4 3.5668 16.23302 2.08512 17.300879 15.215758 "" "" 2091.78833 2527.78906 6049.76336 2.6812 1640.8 7.7616 6499.1 11.584 "" "" 0.0027970219272568514 0.005844906 0.0042460323 0.010090938 252.93240245541 -44.25354304005 2284.71655 -3.596 -7.002 -3.5187000027894975 -5.83850004863739 0.15182053 0.14082053 "" "" 73.8233733821648 "" 10.618281262974538 ""
252.29473897653 -44.11391140148 0.0422 0.0309 8.9641 "" "" 5967410896589335808 1669.97302 0.5648 0.0513 -7.467 -5.964 0.06 0.049 0.983 5391.2 4.5265 16.233793 1.367585 16.850262 15.482677 "" "" 1542.97522 1823.34607 6045.45624 2.8226 2484.9 7.3574 5082.6 8.9155 "" "" 0.002801564446635613 0.0042566783 0.004232127 0.008488806 252.29473897653 -44.11391140148 1669.97302 -7.466999999999999 -5.964 -7.389700002789497 -4.8005000486373905 0.15182053 0.14082053 "" "" 69.75340699166465 "" 10.368219180950462 ""
252.30353720034 -44.1913472862 0.0464 0.0312 7.574 "" "" 5964407855461446912 1835.68494 0.5205 0.0545 -0.163 -1.038 0.064 0.049 1.023 "" "" 16.235283 1.388918 16.849018 15.4601 "" "" 1677.4198 2049.06494 6037.16989 2.9211 2487.8 8.2109 5189.4 12.078 "" "" 0.0028049541027401034 0.004541592 0.0045463573 0.00908795 252.30353720034 -44.1913472862 1835.68494 -0.16299999999999987 -1.0380000000000003 -0.08570000278949738 0.12549995136260983 0.15582053 0.14082053 "" "" 1.3223088817017592 "" 0.19273744540149607 ""
252.0759013 -44.26709386305 0.0459 0.0297 18.0566 "" "" 5967318022219287168 2006.17932 0.4922 0.0524 -4.898 -7.925 0.063 0.05 0.987 4893.8 4.1595 16.236355 1.845325 17.12986 15.284534 "" "" 1799.13928 2229.9165 6031.21798 4.4241 1920.8 9.0313 6100.2 19.109 "" "" 0.0028681143990016747 0.0058177034 0.005084402 0.010902105 252.0759013 -44.26709386305 2006.17932 -4.898 -7.924999999999999 -4.820700002789497 -6.76150004863739 0.15482053 0.14182054 "" "" 78.96549634199164 "" 11.555078984327656 ""
252.49045233621 -43.93433239128 0.0397 0.028 14.9397 "" "" 5964417751066452736 2052.45093 0.4666 0.0447 -0.774 -4.68 0.056 0.045 1.047 "" "" 16.236902 1.674014 17.027042 15.353028 "" "" 1897.98352 2254.16138 6028.17166 2.7129 2111.5 6.7496 5727.3 11.314 "" "" 0.002798310247633287 0.004453143 0.0043455693 0.008798713 252.49045233621 -43.93433239128 2052.45093 -0.774000000000001 -4.68 -0.6967000027894974 -3.51650004863739 0.14782053 0.13682052 "" "" 34.87565306289114 "" 4.786753773829474 ""
252.55552766887 -44.46355337703 0.0451 0.0309 17.1375 "" "" 5964307559385533568 1712.36853 0.5726 0.0514 -1.238 -3.912 0.066 0.051 1.038 7182.1 4.3387 16.23867 1.363493 16.837578 15.474085 "" "" 1564.96973 1928.88232 6018.37018 2.6512 2514.1 8.3956 5123.0 11.552 "" "" 0.002796524120503198 0.004575024 0.004503076 0.0090781 252.55552766887 -44.46355337703 1712.36853 -1.238 -3.912 -1.1607000027894974 -2.74850004863739 0.15782052 0.14282054 "" "" 24.216234682791388 "" 3.5159628119708253 ""
252.35070277945 -44.35440865463 0.0512 0.032 11.6625 "" "" 5964312163590637056 2091.11475 0.4522 0.0551 -0.673 -2.542 0.072 0.056 1.045 "" "" 16.238792 1.511669 16.934885 15.423216 "" "" 1887.2572 2393.2998 6017.68928 2.7549 2298.6 9.5217 5368.7 12.018 "" "" 0.002799794360185645 0.0052927257 0.004493421 0.009786147 252.35070277945 -44.35440865463 2091.11475 -0.6729999999999998 -2.542 -0.5957000027894974 -1.37850004863739 0.16382053 0.14782053 "" "" 14.884735437488418 "" 2.239424702253773 ""
252.12658725961 -44.03890293909 0.043 0.028 17.4847 "" "" 5967414886643525504 2387.94507 0.3973 0.0482 -1.291 -2.32 0.055 0.045 0.946 6241.4 4.1445 16.240643 1.601764 16.895746 15.293983 "" "" 2111.29199 2722.53174 6007.44365 3.0161 2383.0 8.3595 6047.4 12.949 "" "" 0.0028087237447330885 0.0047213873 0.004437181 0.009158568 252.12658725961 -44.03890293909 2387.94507 -1.291 -2.320000000000002 -1.2137000027894973 -1.15650004863739 0.14682053 0.13682052 "" "" 18.975756958130336 "" 2.6973938910795003 ""
252.25190001119 -44.21532396611 0.0451 0.029 9.966 "" "" 5967316342891005056 1604.69373 0.6052 0.0512 2.361 -8.413 0.063 0.048 0.971 5374.4 4.5552 16.241581 1.370183 16.849583 15.4794 "" "" 1472.45496 1739.45227 6002.25904 2.9222 2486.5 10.394 5098.0 11.091 "" "" 0.002805565449556144 0.005327628 0.004456811 0.00978444 252.25190001119 -44.21532396611 1604.69373 2.3609999999999998 -8.413 2.438299997210503 -7.24950004863739 0.15482053 0.13982053 "" "" 58.17688998224733 "" 8.22723635615507 ""
252.94109958754 -44.19030672522 0.047 0.0317 19.877 "" "" 5964397032141272320 1956.28918 0.4822 0.0507 -0.581 -0.372 0.069 0.053 1.112 "" "" 16.242146 1.558744 16.928362 15.369617 "" "" 1810.95386 2201.53271 5999.13717 3.1807 2312.4 14.598 5640.4 21.904 "" "" 0.002814811166023856 0.007400315 0.005662281 0.013062596 252.94109958754 -44.19030672522 1956.28918 -0.581 -0.372 -0.5037000027894973 0.7914999513626099 0.16082053 0.14482053 "" "" 8.699586080718264 "" 1.3015290869317022 ""
252.01432666269 -44.11430590777 0.0442 0.0284 20.4365 "" "" 5967321290716861184 2130.34375 0.46 0.0524 -1.568 -0.174 0.067 0.052 1.05 "" "" 16.245491 1.565205 16.962881 15.397676 "" "" 1907.09827 2414.44165 5980.6755 2.9558 2240.1 7.8963 5496.5 8.8624 "" "" 0.0028070851255208337 0.004736292 0.0041651367 0.008901428 252.01432666269 -44.11430590777 2130.34375 -1.5680000000000014 -0.17399999999999988 -1.4907000027894974 0.9894999513626099 0.15882054 0.14382052 "" "" 18.067205664031793 "" 2.789352459135134 ""
252.4291485907 -44.20819951532 0.0484 0.0313 2.6246 "" "" 5964407241297657600 2257.8208 0.4229 0.0562 -1.496 -1.293 0.063 0.051 0.977 9293.1 3.9279 16.245552 1.638304 17.014765 15.376461 "" "" 2029.83118 2599.83203 5980.34448 3.0695 2135.6 11.114 5605.0 11.107 "" "" 0.0028111099869639095 0.0063016997 0.004348881 0.010650581 252.4291485907 -44.20819951532 2257.8208 -1.496 -1.293 -1.4187000027894974 -0.12950004863739006 0.15482053 0.14282054 "" "" 15.246150235206246 "" 2.3589634191677398 ""
252.88656299976 -44.32929291259 0.0437 0.029 19.5775 "" "" 5964394322035670016 2228.87524 0.4225 0.0465 -3.642 -3.473 0.063 0.047 0.999 7975.1 4.2528 16.24624 1.4876 16.928324 15.440723 "" "" 2026.62219 2490.01685 5976.55112 2.7788 2312.5 8.2027 5282.9 9.2812 "" "" 0.002801182974692893 0.004755735 0.004233455 0.00898919 252.88656299976 -44.32929291259 2228.87524 -3.641999999999997 -3.472999999999999 -3.5647000027894973 -2.30950004863739 0.15482053 0.13882053 "" "" 44.87380736201098 "" 6.743079949280977 ""
252.54415045329 -43.97515229896 0.039 0.0279 12.7926 "" "" 5964417411780353152 1722.0658 0.5596 0.0437 -1.062 -4.93 0.057 0.046 0.96 8508.1 4.4034 16.246407 1.693923 17.038664 15.344741 "" "" 1601.84216 1847.87891 5975.63731 2.7046 2089.1 8.5001 5771.1 13.323 "" "" 0.0027987983579850274 0.005224986 0.004535005 0.0097599905 252.54415045329 -43.97515229896 1722.0658 -1.0619999999999985 -4.929999999999996 -0.9847000027894974 -3.76650004863739 0.14882053 0.13782053 "" "" 31.777712169258617 "" 4.402815291028956 ""
252.64367805244 -44.39522129753 0.0468 0.0324 14.5511 "" "" 5964390091473203328 2358.41772 0.4118 0.0574 0.029 -2.478 0.068 0.056 1.053 6912.2 3.8771 16.24641 1.743244 17.077707 15.334463 "" "" 2085.03809 2776.16235 5975.61731 2.9095 2015.3 7.8944 5826.0 12.187 "" "" 0.002805574707998133 0.0050866245 0.004409304 0.009495929 252.64367805244 -44.39522129753 2358.41772 0.028999999999999915 -2.4779999999999998 0.10629999721050262 -1.3145000486373903 0.15982053 0.14782053 "" "" 14.742634249905226 "" 2.1804597668411034 ""
252.51290812249 -44.49730842795 0.0447 0.0306 18.9022 "" "" 5964305983132114560 2275.72241 0.4093 0.0508 -3.711 -4.443 0.073 0.055 1.041 5022.8 3.5374 16.24857 2.00686 17.257355 15.250495 "" "" 2047.06287 2514.8562 5963.74025 3.2633 1707.9 7.9625 6294.5 10.424 "" "" 0.002818643134927126 0.005779932 0.004185289 0.0099652205 252.51290812249 -44.49730842795 2275.72241 -3.7110000000000003 -4.443000000000003 -3.6337000027894972 -3.2795000486373898 0.16482052 0.14682053 "" "" 52.799648531248096 "" 8.28932456520547 ""
252.47480945382 -43.97461291575 0.0415 0.029 12.5164 "" "" 5964416204878180864 1999.35168 0.4854 0.0469 -1.973 -2.155 0.059 0.047 1.032 9499.1 3.9072 16.249475 1.632143 17.012836 15.380693 "" "" 1791.55151 2238.02124 5958.76385 2.7111 2139.4 10.772 5583.2 9.1526 "" "" 0.002799251773007452 0.006137616 0.004177514 0.0103151295 252.47480945382 -43.97461291575 1999.35168 -1.9730000000000008 -2.1549999999999994 -1.8957000027894975 -0.9915000486373899 0.15082052 0.13882053 "" "" 20.274314024705518 "" 3.007184666991965 ""
252.13255778778 -44.29909105024 0.0532 0.0326 16.4434 "" "" 5967314796726096640 1817.70288 0.5256 0.06 -11.318 -8.557 0.075 0.057 0.968 5807.0 4.1527 16.2502 1.730546 17.081776 15.35123 "" "" 1617.09094 2071.4209 5954.79351 3.0412 2007.7 9.5576 5736.8 10.109 "" "" 0.0028105624142689303 0.0058736405 0.004236048 0.010109689 252.13255778778 -44.29909105024 1817.70288 -11.318000000000008 -8.557000000000002 -11.240700002789497 -7.3935000486373905 0.16682053 0.14882053 "" "" 115.9207370650352 "" 18.732363902367005 ""
252.51531225377 -44.38513915983 0.048 0.0308 12.2154 "" "" 5964308349659635584 2369.83179 0.4017 0.0547 -2.995 -5.018 0.065 0.05 0.955 8531.8 3.6435 16.25105 1.581922 16.989656 15.407735 "" "" 2101.80176 2791.96753 5950.13211 2.9632 2185.5 8.0264 5445.8 10.697 "" "" 0.002807872679957889 0.0048666964 0.0043395883 0.009206285 252.51531225377 -44.38513915983 2369.83179 -2.994999999999999 -5.018 -2.9177000027894975 -3.85450004863739 0.15682054 0.14182054 "" "" 54.30334174541094 "" 8.007642425914574 ""
252.12658828724 -44.11300384076 0.0441 0.0298 15.7546 "" "" 5967320775327562880 2067.56323 0.4598 0.0501 0.296 -0.516 0.063 0.049 1.047 5541.9 4.252 16.251335 1.406822 16.870148 15.463325 "" "" 1883.39587 2282.16821 5948.56681 2.8812 2439.8 9.6672 5174.0 16.365 "" "" 0.0028050557149700167 0.0051276004 0.005106547 0.010234147 252.12658828724 -44.11300384076 2067.56323 0.296 -0.516 0.3732999972105026 0.6474999513626098 0.15482053 0.14082053 "" "" 7.324721810609531 "" 1.0579836881321407 ""
252.52043547228 -44.47187285402 0.0462 0.0313 17.4108 "" "" 5964307490666042624 2198.64404 0.4261 0.0531 -2.433 -3.953 0.081 0.056 1.016 "" "" 16.253475 2.041722 17.280262 15.23854 "" "" 2017.47546 2463.18188 5936.86333 3.2542 1672.3 8.3955 6364.2 9.6839 "" "" 0.0028188594422159717 0.00612338 0.004124693 0.010248072 252.52043547228 -44.47187285402 2198.64404 -2.433 -3.9529999999999967 -2.355700002789497 -2.78950004863739 0.17282054 0.14782053 "" "" 38.05034957365584 "" 6.038849440451979 ""
