Clusters/BH_200/BH_200_members.tsv
# %ECSV 1.0
# ---
# datatype:
# - name: RA_ICRS_1
#   unit: deg
#   datatype: float64
#   format: '{:15.11f}'
#   description: Right ascension (ICRS) at Ep=2016.0 (ra)
#   meta: !!omap
#   - {ucd: POS_EQ_RA_MAIN}
#   - {width: 15}
#   - {precision: '11'}
# - name: DE_ICRS_1
#   unit: deg
#   datatype: float64
#   format: '{:15.11f}'
#   description: Declination (ICRS) at Ep=2016.0 (dec)
#   meta: !!omap
#   - {ucd: POS_EQ_DEC_MAIN}
#   - {width: 15}
#   - {precision: '11'}
# - name: e_RA_ICRS
#   unit: mas
#   datatype: float64
#   format: '{:7.4f}'
#   description: Standard error of right ascension (ra_error)
#   meta: !!omap
#   - {ucd: ERROR}
#   - {width: 7}
#   - {precision: '4'}
# - name: e_DE_ICRS
#   unit: mas
#   datatype: float64
#   format: '{:7.4f}'
#   description: Standard error of declination (dec_error)
#   meta: !!omap
#   - {ucd: ERROR}
#   - {width: 7}
#   - {precision: '4'}
# - name: _r_1
#   unit: ''
#   datatype: float64
#   format: '{:7.4f}'
#   description: Distance from center (252.47921032000-44.18319549000)[ICRS], at Epoch=J2016.0
#   meta: !!omap
#   - {ucd: POS_ANG_DIST_GENERAL}
#   - {width: 7}
#   - {precision: '4'}
# - name: HIP
#   datatype: int32
#   description: '? HIP cross-id number, van Leeuwen, Cat. I/311 (hip_original_ext_source_id)'
#   meta: !!omap
#   - {ucd: ID_NUMBER}
#   - {width: 6}
#   - values: {'null': -2147483648}
# - name: TYC2
#   datatype: string
#   description: Tycho-2 cross-id name, Hog et al., Cat. I/259 (tyc2_original_ext_source_id)
#   meta: !!omap
#   - {ucd: ID_CROSSID}
#   - {_votable_string_dtype: char}
# - name: Source
#   datatype: int64
#   description: Source identifier, identical to the Gaia-EDR3 source_id (id)
#   meta: !!omap
#   - {ucd: ID_MAIN}
#   - {width: 19}
# - name: rgeo
#   unit: pc
#   datatype: float64
#   format: '{:15.8f}'
#   description: '? Median of the geometric distance posterior (r_med_geo)'
#   meta: !!omap
#   - {ucd: PHYS_DISTANCE_TRUE}
#   - {width: 15}
#   - {precision: '8'}
#   - values: {'null': .nan}
# - name: Plx
#   unit: mas
#   datatype: float64
#   format: '{:9.4f}'
#   description: '? Parallax (parallax)'
#   meta: !!omap
#   - {ucd: POS_PARLX_TRIG}
#   - {width: 9}
#   - {precision: '4'}
#   - values: {'null': .nan}
# - name: e_Plx
#   unit: mas
#   datatype: float32
#   format: '{:7.4f}'
#   description: '? Standard error of parallax (parallax_error)'
#   meta: !!omap
#   - {ucd: ERROR}
#   - {width: 7}
#   - {precision: '4'}
#   - values: {'null': .nan}
# - name: pmRA
#   unit: mas / yr
#   datatype: float64
#   format: '{:9.3f}'
#   description: '? Proper motion in right ascension direction, pmRA*cosDE (pmra)'
#   meta: !!omap
#   - {ucd: POS_EQ_PMRA}
#   - {width: 9}
#   - {precision: '3'}
#   - values: {'null': .nan}
# - name: pmDE
#   unit: mas / yr
#   datatype: float64
#   format: '{:9.3f}'
#   description: '? Proper motion in declination direction (pmdec)'
#   meta: !!omap
#   - {ucd: POS_EQ_PMDEC}
#   - {width: 9}
#   - {precision: '3'}
#   - values: {'null': .nan}
# - name: e_pmRA
#   unit: mas / yr
#   datatype: float32
#   format: '{:6.3f}'
#   description: '? Standard error of proper motion in right ascension direction (pmra_error)'
#   meta: !!omap
#   - {ucd: ERROR}
#   - {width: 6}
#   - {precision: '3'}
#   - values: {'null': .nan}
# - name: e_pmDE
[...]
#       distance: !astropy.table.SerializedColumn
#         __class__: astropy.coordinates.distances.Distance
#         unit: !astropy.units.Unit {unit: pc}
#         value: !astropy.table.SerializedColumn {name: SkyCoord.distance}
#       frame: icrs
#       obstime: !astropy.time.Time {format: jyear_str, in_subfmt: '*', jd1: 367701545.0, jd2: 0.0, out_subfmt: '*', precision: 3, scale: tt}
#       pm_dec: !astropy.table.SerializedColumn
#         __class__: astropy.units.quantity.Quantity
#         unit: !astropy.units.Unit {unit: mas / yr}
#         value: !astropy.table.SerializedColumn {name: SkyCoord.pm_dec}
#       pm_ra_cosdec: !astropy.table.SerializedColumn
#         __class__: astropy.units.quantity.Quantity
#         unit: !astropy.units.Unit {unit: mas / yr}
#         value: !astropy.table.SerializedColumn {name: SkyCoord.pm_ra_cosdec}
#       ra: !astropy.table.SerializedColumn
#         __class__: astropy.coordinates.angles.Longitude
#         unit: *id001
#         value: !astropy.table.SerializedColumn {name: SkyCoord.ra}
#         wrap_angle: !astropy.coordinates.Angle
#           unit: *id001
#           value: 360.0
#       representation_type: spherical
# schema: astropy-2.0
RA_ICRS_1 DE_ICRS_1 e_RA_ICRS e_DE_ICRS _r_1 HIP TYC2 Source rgeo Plx e_Plx pmRA pmDE e_pmRA e_pmDE RUWE Teff logg Gmag BP-RP BPmag RPmag RV e_RV b_rgeo B_rgeo FG e_FG FBP e_FBP FRP e_FRP RAVE5 RAVE6 e_Gmag e_BPmag e_RPmag e_BP-RP SkyCoord.ra SkyCoord.dec SkyCoord.distance SkyCoord.pm_ra_cosdec SkyCoord.pm_dec rmRA rmDE e_rmRA e_rmDE rRV e_rRV v_pec v_pec3d e_vpec e_vpec3d Pmemb
252.48711244538 -44.16539533674 0.0138 0.0092 1.1208 "" 7879-92-1 5964408714454721536 2205.15552 0.4183 0.0163 -0.186 -1.227 0.019 0.015 0.917 6695.5 2.6268 11.832768 0.95974 12.214886 11.255146 "" "" 2107.0144 2283.63135 348208.41369 75.162 177610.0 94.577 249520.0 71.011 "" "" 0.0027652692427186675 0.00284944 0.0037919919 0.0066414317 252.48711244538 -44.16539533674 2205.15552 -0.18599999999999983 -1.2269999999999999 -0.10870000278949737 -0.06350004863739023 0.11082053 0.10682053 "" "" 1.315842979066799 "" 0.14450142293760268 "" 1.0
252.51158741911 -44.20605328244 0.013 0.0089 1.9547 "" "" 5964405587718543104 2341.67334 0.4056 0.0156 -0.1 -1.23 0.018 0.014 0.893 "" "" 12.721386 1.0376 13.142548 12.104947 "" "" 2267.45874 2420.82324 153600.38061 54.698 75578.0 114.56 114070.0 87.621 "" "" 0.0027823151551472215 0.00323937 0.0038703058 0.0071096756 252.51158741911 -44.20605328244 2341.67334 -0.1 -1.23 -0.02270000278949738 -0.06650004863739012 0.10982053 0.10582053 "" "" 0.7799383165282473 "" 0.08286455723825424 "" 1.0
252.48587987427 -44.21216252494 0.0147 0.0096 1.7615 "" "" 5964404148921169664 2064.61011 0.4437 0.0175 0.006 -1.327 0.02 0.017 1.044 "" "" 13.107294 1.027313 13.522497 12.495184 "" "" 1992.88818 2143.69873 107653.74964 25.89 53262.0 29.64 79631.0 28.503 "" "" 0.002767664898828546 0.0028548404 0.0037993102 0.006654151 252.48587987427 -44.21216252494 2064.61011 0.006000000000000005 -1.327 0.08329999721050263 -0.1635000486373901 0.111820534 0.10882053 "" "" 1.7957480403019617 "" 0.19653652559571658 "" 0.8
252.48686818236 -44.17514332739 0.014 0.0092 0.5848 "" "" 5964408714454721920 2269.03418 0.3941 0.016 -0.05 -1.152 0.019 0.015 0.896 "" "" 13.202166 0.981374 13.595016 12.613643 "" "" 2195.31763 2352.70728 98646.20138 18.513 49821.0 34.747 71400.0 25.449 "" "" 0.002762844165957009 0.0028910981 0.0037991428 0.006690241 252.48686818236 -44.17514332739 2269.03418 -0.04999999999999985 -1.1519999999999995 0.027299997210502622 0.01149995136260995 0.11082053 0.10682053 "" "" 0.3186049551701122 "" 0.0351188697381865 "" 1.0
252.46942951266 -44.20667999266 0.0153 0.0101 1.4705 "" "" 5964407103858683648 2234.59058 0.4084 0.0173 -0.049 -1.255 0.021 0.017 0.994 6894.0 2.782 13.214616 1.146658 13.692717 12.546059 "" "" 2137.02246 2336.69507 97521.49785 20.926 45533.0 28.018 75986.0 34.356 "" "" 0.002765152250550844 0.0028690405 0.0038111298 0.00668017 252.46942951266 -44.20667999266 2234.59058 -0.04900000000000013 -1.255 0.028299997210502623 -0.09150004863739003 0.11282053 0.10882053 "" "" 1.0144613912717244 "" 0.11075443037600283 "" 1.0
252.4425338891 -44.16267248391 0.0169 0.0115 2.0019 "" "" 5964408851893904512 2097.71094 0.4335 0.0188 -0.031 -1.019 0.023 0.019 0.966 "" "" 13.797761 1.231504 14.228173 12.99667 "" "" 2016.85767 2178.19946 56995.71317 22.746 27807.0 220.75 50175.0 558.68 "" "" 0.002789182133207707 0.009059636 0.01266626 0.021725897 252.4425338891 -44.16267248391 2097.71094 -0.030999999999999972 -1.0190000000000006 0.046299997210502625 0.14449995136260996 0.11482053 0.11082053 "" "" 1.5087374557797975 "" 0.1677701491539674 "" 1.0
252.48215586284 -44.18000518209 0.0168 0.011 0.2296 "" "" 5964408611375506944 2132.10327 0.4262 0.0207 -0.122 -1.179 0.023 0.019 0.926 "" "" 13.864621 0.981108 14.252898 13.27179 "" "" 2037.50476 2237.55981 53591.80885 25.97 27181.0 45.982 38944.0 57.038 "" "" 0.0028051039644617173 0.0033404562 0.004100295 0.007440751 252.48215586284 -44.18000518209 2132.10327 -0.12200000000000007 -1.179 -0.04470000278949737 -0.015500048637390185 0.11482053 0.11082053 "" "" 0.4781341639265782 "" 0.054697541708787344 "" 1.0
252.3704477141 -44.19118264664 0.0221 0.014 4.7039 "" "" 5964407649303016448 2103.81104 0.4351 0.0227 -0.096 -1.282 0.031 0.022 0.938 "" "" 14.054632 1.088806 14.502359 13.413553 "" "" 2021.7428 2233.97705 44987.72316 10.325 21601.0 25.771 34177.0 25.596 "" "" 0.0027665650414466273 0.0030761887 0.0038658653 0.0069420543 252.3704477141 -44.19118264664 2103.81104 -0.09600000000000003 -1.282 -0.018700002789497377 -0.11850004863739017 0.12282053 0.11382053 "" "" 1.1963132609390403 "" 0.1364366897636719 "" 0.9
252.47000518327 -44.18507115479 0.0204 0.0138 0.4117 "" "" 5964408577015768832 2373.7041 0.3776 0.0244 -0.383 -1.239 0.028 0.022 1.175 10228.7 3.7762 14.13324 1.149554 14.613505 13.463951 "" "" 2250.44702 2524.69141 41845.71222 10.073 19499.0 18.085 32627.0 20.411 "" "" 0.002767687892933869 0.002966328 0.003839931 0.006806259 252.47000518327 -44.18507115479 2373.7041 -0.38300000000000023 -1.239000000000001 -0.3057000027894974 -0.07550004863739024 0.119820535 0.11382053 "" "" 3.5428870055150075 "" 0.42331746095375766 "" 1.0
252.50680625873 -44.21119296086 0.0184 0.0129 2.057 "" "" 5964405557670434048 2218.16895 0.4073 0.0216 0.007 -1.069 0.025 0.021 0.944 7954.2 3.8588 14.171143 1.085977 14.617578 13.531601 "" "" 2109.03931 2335.94458 40410.06508 8.8547 19426.0 20.138 30656.0 18.927 "" "" 0.002765572183691067 0.003008632 0.0038383687 0.0068470007 252.50680625873 -44.21119296086 2218.16895 0.006999999999999895 -1.069 0.08429999721050263 0.09449995136260991 0.11682053 0.11282053 "" "" 1.3314684396589476 "" 0.1526000079837238 "" 1.0
252.46876998316 -44.13539541695 0.0206 0.0133 2.903 "" "" 5964408821845672448 2159.94141 0.4234 0.0224 -0.074 -1.196 0.029 0.022 0.978 "" "" 14.357095 1.181912 14.854068 13.672155 "" "" 2057.31982 2313.40503 34049.36254 6.9569 15624.0 17.235 26934.0 14.69 "" "" 0.0027642359528258927 0.0030363633 0.0038254922 0.0068618553 252.46876998316 -44.13539541695 2159.94141 -0.07399999999999987 -1.1960000000000002 0.003299997210502628 -0.03250004863739009 0.12082053 0.11382053 "" "" 0.3344503474778715 "" 0.038091933647203396 "" 1.0
252.46961916441 -44.14162509279 0.0193 0.013 2.5282 "" "" 5964408817534201216 2050.31055 0.448 0.0219 -0.101 -1.134 0.027 0.022 0.985 "" "" 14.358416 1.08746 14.806697 13.719236 "" "" 1966.88135 2143.68506 34007.95587 7.0188 16321.0 16.69 25791.0 14.779 "" "" 0.0027644171291871995 0.0030029616 0.0038302492 0.0068332106 252.46961916441 -44.14162509279 2050.31055 -0.10099999999999981 -1.134 -0.023700002789497382 0.029499951362609966 0.11882053 0.11382053 "" "" 0.3677561832083889 "" 0.04258894638715128 "" 1.0
252.46006326753 -44.21812934738 0.0264 0.018 2.252 "" "" 5964407065187423488 2213.54541 0.4191 0.0324 -0.006 -1.195 0.036 0.029 1.341 "" "" 14.496892 1.214428 15.001664 13.787236 "" "" 2042.68115 2375.72803 29935.74556 30.233 13638.0 44.185 24225.0 76.944 "" "" 0.0029654914455069297 0.004489841 0.005116264 0.009606104 252.46006326753 -44.21812934738 2213.54541 -0.006000000000000033 -1.195 0.07129999721050262 -0.0315000486373902 0.12782052 0.12082053 "" "" 0.8178499115077528 "" 0.10362468117025307 "" 1.0
252.50977904991 -44.32837326475 0.0229 0.0145 8.8092 "" "" 5964403118128905856 2186.55615 0.4132 0.0252 -0.075 -1.111 0.031 0.025 1.012 "" "" 14.525116 1.113734 14.986866 13.873132 "" "" 2078.19897 2289.35107 29167.57334 6.4124 13825.0 15.334 22382.0 16.305 "" "" 0.0027656400783605587 0.0030389559 0.003861259 0.0069002146 252.50977904991 -44.32837326475 2186.55615 -0.07499999999999998 -1.1109999999999998 0.0022999972105026273 0.052499951362609876 0.12282053 0.11682053 "" "" 0.5446459048541211 "" 0.06363224314117219 "" 1.0
252.41542986232 -44.21892923936 0.0226 0.015 3.4819 "" "" 5964407206937916800 2122.4314 0.4267 0.0267 -0.055 -1.29 0.031 0.025 0.953 9351.3 3.4081 14.571883 1.160793 15.055967 13.895174 "" "" 2010.29578 2249.89746 27937.89019 11.875 12973.0 26.745 21933.0 42.592 "" "" 0.0027937008442354646 0.0035770412 0.0043277135 0.007904755 252.41542986232 -44.21892923936 2122.4314 -0.05499999999999999 -1.2899999999999996 0.022299997210502624 -0.12650004863739017 0.12282053 0.11682053 "" "" 1.292254586743416 "" 0.15120136388169583 "" 0.9
252.46015044323 -44.19903744132 0.0232 0.0159 1.2553 "" "" 5964407103858694784 2264.729 0.4094 0.0283 0.142 -1.061 0.032 0.027 1.041 "" "" 14.658525 1.220141 15.175907 13.955767 "" "" 2141.94971 2418.25562 25795.09082 11.508 11616.0 16.57 20742.0 31.115 "" "" 0.0027975729399306194 0.0031912024 0.0041153883 0.0073065907 252.46015044323 -44.19903744132 2264.729 0.1419999999999999 -1.061 0.2192999972105026 0.10249995136260992 0.12382053 0.11882053 "" "" 2.5985954902233623 "" 0.3194688221402397 "" 0.8
252.48426599616 -44.20621800995 0.024 0.0161 1.3984 "" "" 5964404148921175936 2288.58618 0.3984 0.0277 0.038 -1.246 0.032 0.026 0.998 "" "" 14.752343 1.10697 15.209507 14.102537 "" "" 2149.28857 2426.07764 23659.70594 6.532 11262.0 10.932 18119.0 12.874 "" "" 0.0027715772173688455 0.0029825827 0.0038573113 0.0068398938 252.48426599616 -44.20621800995 2288.58618 0.03799999999999992 -1.2460000000000009 0.11529999721050263 -0.08250004863739013 0.12382053 0.11782053 "" "" 1.5379683362717862 "" 0.18735828769153623 "" 1.0
252.42786376205 -44.14163822858 0.0237 0.0168 3.3319 "" "" 5964408959284640512 2230.43335 0.4058 0.0277 0.036 -1.16 0.033 0.026 0.981 "" "" 14.90761 1.044766 15.328252 14.283485 "" "" 2087.18091 2401.34082 20507.02356 4.814 10095.0 14.043 15338.0 19.967 "" "" 0.002767083452393401 0.003172729 0.0040350286 0.007207758 252.42786376205 -44.14163822858 2230.43335 0.03600000000000003 -1.1600000000000001 0.11329999721050263 0.0034999513626099432 0.12482053 0.11782053 "" "" 1.1984077417521941 "" 0.14957811655807848 "" 1.0
252.5009209842 -44.17791571333 0.0246 0.0173 0.9864 "" "" 5964405759517427200 2202.15649 0.4115 0.0291 0.04 -1.128 0.035 0.029 0.955 7762.5 3.481 14.954959 1.133523 15.427812 14.294289 "" "" 2047.43799 2336.49146 19631.93662 5.3704 9210.7 13.395 15186.0 11.723 "" "" 0.0027712818344319077 0.0032059632 0.0038712034 0.007077167 252.5009209842 -44.17791571333 2202.15649 0.04000000000000009 -1.1279999999999997 0.11729999721050263 0.03549995136260997 0.12682053 0.12082053 "" "" 1.27924808595309 "" 0.16160490858521104 "" 1.0
252.46739179972 -44.25248048005 0.0263 0.0185 4.188 "" "" 5964403972810926208 2337.35107 0.3869 0.0327 -0.051 -1.193 0.036 0.029 1.072 "" "" 14.970488 1.303595 15.534771 14.231176 "" "" 2186.6731 2535.43921 19353.15988 5.918 8346.6 12.909 16095.0 18.711 "" "" 0.0027752510036612474 0.003256505 0.0039845817 0.0072410866 252.46739179972 -44.25248048005 2337.35107 -0.05099999999999985 -1.193 0.026299997210502628 -0.029500048637390197 0.12782052 0.12082053 "" "" 0.4378595657430137 "" 0.054281088466139764 "" 0.8
252.49992487803 -44.1578541359 0.0257 0.0181 1.7626 "" "" 5964405793877198208 2216.88672 0.4149 0.0305 -0.075 -1.199 0.035 0.029 0.974 "" "" 14.979616 1.12797 15.448605 14.320635 "" "" 2036.49268 2501.28516 19191.11731 5.3894 9036.0 13.702 14822.0 17.626 "" "" 0.0027721393242051474 0.0032396975 0.0039938395 0.007233537 252.49992487803 -44.1578541359 2216.88672 -0.07500000000000012 -1.1990000000000005 0.0022999972105026273 -0.0355000486373902 0.12682053 0.12082053 "" "" 0.3738181398256924 "" 0.04517451285263367 "" 1.0
252.41753819834 -44.17886850632 0.0268 0.0179 2.6663 "" "" 5964407413096386688 2319.98804 0.3972 0.0318 -0.038 -1.125 0.037 0.029 0.998 7899.2 3.5192 15.022704 1.157639 15.507017 14.349379 "" "" 2180.46191 2485.54858 18444.42707 4.6668 8562.7 11.996 14435.0 18.237 "" "" 0.0027689810996842086 0.0031778468 0.00402061 0.0071984567 252.41753819834 -44.17886850632 2319.98804 -0.03800000000000009 -1.125 0.039299997210502625 0.03849995136260986 0.12882054 0.12082053 "" "" 0.604994409304247 "" 0.07560421472751316 "" 0.9
252.49324553181 -44.19436087487 0.0266 0.0179 0.9019 "" "" 5964405656438186624 2092.771 0.4387 0.0304 -0.153 -1.138 0.037 0.03 0.915 9252.4 3.5417 15.17036 1.230985 15.692487 14.461502 "" "" 1975.71875 2219.73877 16099.14197 4.361 7218.1 16.171 13018.0 11.483 "" "" 0.002770972616445601 0.0037015819 0.0038988385 0.00760042 252.49324553181 -44.19436087487 2092.771 -0.153 -1.138 -0.07570000278949737 0.025499951362609963 0.12882054 0.12182053 "" "" 0.7923836476399044 "" 0.10152390511006132 "" 0.9
252.47132148136 -44.21219564877 0.031 0.0208 1.7728 "" "" 5964407065187429632 2285.89014 0.4214 0.0404 0.019 -1.117 0.043 0.037 0.987 "" "" 15.180356 1.305755 15.745862 14.440107 "" "" 2050.68506 2530.18848 15951.60823 4.7542 6871.8 11.523 13277.0 12.839 "" "" 0.002774256825593817 0.003331622 0.0039225062 0.0072541283 252.47132148136 -44.21219564877 2285.89014 0.01899999999999996 -1.117 0.09629999721050263 0.04649995136260987 0.13482054 0.12882054 "" "" 1.1586960700933304 "" 0.15492546382170747 "" 0.9
252.50880385644 -44.12537452721 0.0269 0.0187 3.6958 "" "" 5964406313584760832 2295.41235 0.3959 0.0324 -0.019 -1.094 0.038 0.032 1.022 7991.5 3.9608 15.183569 1.215692 15.700159 14.484467 "" "" 2131.39746 2497.17456 15904.47128 5.1071 7167.3 12.073 12746.0 12.451 "" "" 0.00277729013668082 0.00333614 0.0039253808 0.0072615207 252.50880385644 -44.12537452721 2295.41235 -0.0190000000000001 -1.0940000000000007 0.05829999721050262 0.06949995136260978 0.12982053 0.12382053 "" "" 0.9869975942367907 "" 0.12469062597817246 "" 1.0
252.48262558178 -44.18380446852 0.0268 0.0181 0.1514 "" "" 5964408615687186048 2046.00854 0.4562 0.0306 -0.102 -1.2 0.037 0.03 0.92 9040.3 3.5202 15.189515 1.109486 15.645123 14.535637 "" "" 1907.03882 2180.39136 15817.61076 4.018 7539.9 14.187 12159.0 13.957 "" "" 0.002769089150207295 0.0034581108 0.003979568 0.007437679 252.48262558178 -44.18380446852 2046.00854 -0.10200000000000001 -1.2000000000000006 -0.02470000278949737 -0.03650004863739009 0.12882054 0.12182053 "" "" 0.42741407843713086 "" 0.053025754375567793 "" 0.9
252.57466187449 -44.14082369828 0.0288 0.0188 4.8314 "" "" 5964411879862320640 2038.79138 0.459 0.0326 -0.103 -1.187 0.039 0.031 0.976 7976.1 3.8479 15.214342 1.074264 15.656849 14.582585 "" "" 1920.95508 2194.1792 15460.01941 4.5038 7458.9 11.316 11645.0 13.344 "" "" 0.00277341529575549 0.003240103 0.0039788974 0.0072190003 252.57466187449 -44.14082369828 2038.79138 -0.10300000000000001 -1.187 -0.02570000278949737 -0.023500048637390192 0.13082053 0.12282053 "" "" 0.3365390128391112 "" 0.04282119602042036 "" 1.0
252.48898704404 -44.17205033434 0.0286 0.0191 0.79 "" "" 5964408718766408704 2257.81665 0.3988 0.0333 -0.038 -1.094 0.04 0.032 0.96 9000.2 3.9421 15.314554 1.09636 15.77068 14.67432 "" "" 2100.68726 2422.67065 14096.94132 4.0996 6716.5 11.451 10701.0 12.978 "" "" 0.002773352902525513 0.0033483633 0.0040021986 0.007350562 252.48898704404 -44.17205033434 2257.81665 -0.03800000000000012 -1.0940000000000003 0.039299997210502625 0.06949995136260978 0.13182053 0.12382053 "" "" 0.8544723491551358 "" 0.10749731932272108 "" 0.9
252.47187799629 -44.12492197292 0.0307 0.0207 3.5106 "" "" 5964409199802800640 1949.46655 0.4718 0.0355 -0.272 -1.142 0.043 0.034 1.069 9305.9 3.8011 15.436483 1.410045 16.060354 14.65031 "" "" 1821.41895 2118.92407 12599.49695 4.124 5143.7 13.768 10940.0 13.476 "" "" 0.0027781437079681627 0.0040287483 0.0040090424 0.008037791 252.47187799629 -44.12492197292 1949.46655 -0.272 -1.142 -0.1947000027894974 0.02149995136260996 0.13482054 0.12582053 "" "" 1.8100557335489884 "" 0.24384290850748905 "" 1.0
252.50039364821 -44.23945792053 0.0325 0.0215 3.4965 "" "" 5964404041530417664 2099.29053 0.4585 0.0387 -0.097 -1.074 0.049 0.039 1.017 "" "" 15.440235 1.188284 15.941524 14.75324 "" "" 1946.76318 2257.39331 12556.04071 3.9647 5738.6 11.046 9950.9 10.793 "" "" 0.0027765668506237818 0.0034860705 0.0039585996 0.0074446704 252.50039364821 -44.23945792053 2099.29053 -0.09700000000000011 -1.074 -0.01970000278949738 0.0894999513626098 0.14082053 0.13082053 "" "" 0.9119003710577435 "" 0.11973198707381016 "" 1.0
