Clusters/vdBergh_80/vdBergh_80_stars_in_region.tsv
# %ECSV 1.0
# ---
# datatype:
# - name: RA_ICRS_1
#   unit: deg
#   datatype: float64
#   format: '{:15.11f}'
#   description: Right ascension (ICRS) at Ep=2016.0 (ra)
#   meta: !!omap
#   - {ucd: POS_EQ_RA_MAIN}
#   - {width: 15}
#   - {precision: '11'}
# - name: DE_ICRS_1
#   unit: deg
#   datatype: float64
#   format: '{:15.11f}'
#   description: Declination (ICRS) at Ep=2016.0 (dec)
#   meta: !!omap
#   - {ucd: POS_EQ_DEC_MAIN}
#   - {width: 15}
#   - {precision: '11'}
# - name: e_RA_ICRS
#   unit: mas
#   datatype: float64
#   format: '{:7.4f}'
#   description: Standard error of right ascension (ra_error)
#   meta: !!omap
#   - {ucd: ERROR}
#   - {width: 7}
#   - {precision: '4'}
# - name: e_DE_ICRS
#   unit: mas
#   datatype: float64
#   format: '{:7.4f}'
#   description: Standard error of declination (dec_error)
#   meta: !!omap
#   - {ucd: ERROR}
#   - {width: 7}
#   - {precision: '4'}
# - name: _r_1
#   unit: ''
#   datatype: float64
#   format: '{:7.4f}'
#   description: Distance from center (097.74710606000-09.62150582000)[ICRS], at Epoch=J2016.0
#   meta: !!omap
#   - {ucd: POS_ANG_DIST_GENERAL}
#   - {width: 7}
#   - {precision: '4'}
# - name: HIP
#   datatype: int32
#   description: '? HIP cross-id number, van Leeuwen, Cat. I/311 (hip_original_ext_source_id)'
#   meta: !!omap
#   - {ucd: ID_NUMBER}
#   - {width: 6}
#   - values: {'null': -2147483648}
# - name: TYC2
#   datatype: string
#   description: Tycho-2 cross-id name, Hog et al., Cat. I/259 (tyc2_original_ext_source_id)
#   meta: !!omap
#   - {ucd: ID_CROSSID}
#   - {_votable_string_dtype: char}
# - name: Source
#   datatype: int64
#   description: Source identifier, identical to the Gaia-EDR3 source_id (id)
#   meta: !!omap
#   - {ucd: ID_MAIN}
#   - {width: 19}
# - name: rgeo
#   unit: pc
#   datatype: float64
#   format: '{:15.8f}'
#   description: '? Median of the geometric distance posterior (r_med_geo)'
#   meta: !!omap
#   - {ucd: PHYS_DISTANCE_TRUE}
#   - {width: 15}
#   - {precision: '8'}
#   - values: {'null': .nan}
# - name: Plx
#   unit: mas
#   datatype: float64
#   format: '{:9.4f}'
#   description: '? Parallax (parallax)'
#   meta: !!omap
#   - {ucd: POS_PARLX_TRIG}
#   - {width: 9}
#   - {precision: '4'}
#   - values: {'null': .nan}
# - name: e_Plx
#   unit: mas
#   datatype: float32
#   format: '{:7.4f}'
#   description: '? Standard error of parallax (parallax_error)'
#   meta: !!omap
#   - {ucd: ERROR}
#   - {width: 7}
#   - {precision: '4'}
#   - values: {'null': .nan}
# - name: pmRA
#   unit: mas / yr
#   datatype: float64
#   format: '{:9.3f}'
#   description: '? Proper motion in right ascension direction, pmRA*cosDE (pmra)'
#   meta: !!omap
#   - {ucd: POS_EQ_PMRA}
#   - {width: 9}
#   - {precision: '3'}
#   - values: {'null': .nan}
# - name: pmDE
#   unit: mas / yr
#   datatype: float64
#   format: '{:9.3f}'
#   description: '? Proper motion in declination direction (pmdec)'
#   meta: !!omap
#   - {ucd: POS_EQ_PMDEC}
#   - {width: 9}
#   - {precision: '3'}
#   - values: {'null': .nan}
# - name: e_pmRA
#   unit: mas / yr
#   datatype: float32
#   format: '{:6.3f}'
#   description: '? Standard error of proper motion in right ascension direction (pmra_error)'
#   meta: !!omap
#   - {ucd: ERROR}
#   - {width: 6}
#   - {precision: '3'}
#   - values: {'null': .nan}
# - name: e_pmDE
[...]
#         value: !astropy.table.SerializedColumn {name: SkyCoord.dec}
#       distance: !astropy.table.SerializedColumn
#         __class__: astropy.coordinates.distances.Distance
#         unit: !astropy.units.Unit {unit: pc}
#         value: !astropy.table.SerializedColumn {name: SkyCoord.distance}
#       frame: icrs
#       obstime: !astropy.time.Time {format: jyear_str, in_subfmt: '*', jd1: 367701545.0, jd2: 0.0, out_subfmt: '*', precision: 3, scale: tt}
#       pm_dec: !astropy.table.SerializedColumn
#         __class__: astropy.units.quantity.Quantity
#         unit: !astropy.units.Unit {unit: mas / yr}
#         value: !astropy.table.SerializedColumn {name: SkyCoord.pm_dec}
#       pm_ra_cosdec: !astropy.table.SerializedColumn
#         __class__: astropy.units.quantity.Quantity
#         unit: !astropy.units.Unit {unit: mas / yr}
#         value: !astropy.table.SerializedColumn {name: SkyCoord.pm_ra_cosdec}
#       ra: !astropy.table.SerializedColumn
#         __class__: astropy.coordinates.angles.Longitude
#         unit: *id001
#         value: !astropy.table.SerializedColumn {name: SkyCoord.ra}
#         wrap_angle: !astropy.coordinates.Angle
#           unit: *id001
#           value: 360.0
#       representation_type: spherical
# schema: astropy-2.0
RA_ICRS_1 DE_ICRS_1 e_RA_ICRS e_DE_ICRS _r_1 HIP TYC2 Source rgeo Plx e_Plx pmRA pmDE e_pmRA e_pmDE RUWE Teff logg Gmag BP-RP BPmag RPmag RV e_RV b_rgeo B_rgeo FG e_FG FBP e_FBP FRP e_FRP RAVE5 RAVE6 e_Gmag e_BPmag e_RPmag e_BP-RP SkyCoord.ra SkyCoord.dec SkyCoord.distance SkyCoord.pm_ra_cosdec SkyCoord.pm_dec rmRA rmDE e_rmRA e_rmDE rRV e_rRV v_pec v_pec3d e_vpec e_vpec3d
[from data line 147]
97.88702884743 -9.42436539781 0.0138 0.016 14.4383 "" "" 3003024541907356544 946.491455 1.0137 0.0177 -3.077 0.34 0.017 0.02 1.105 "" "" 13.860782 1.281197 14.408255 13.127057 "" "" 932.365479 962.609253 53781.63557 11.812 23557.0 24.374 44497.0 54.381 "" "" 0.0027656196601004187 0.0030078324 0.0040055476 0.00701338 97.88702884743 -9.42436539781 946.491455 -3.077 0.34000000000000036 0.26536574172973637 -0.11175608992576597 0.3913508 0.39435083 "" "" 1.2917971067766294 "" 0.5061315347870434 ""
97.99494518138 -9.2322250915 0.0134 0.0144 27.5814 "" "" 3003034471871380608 1006.88879 0.9519 0.0176 -0.392 -1.006 0.016 0.018 0.974 8864.1 4.1902 13.870227 1.016049 14.2895 13.273451 "" "" 989.568298 1024.41443 53315.80775 10.845 26279.0 25.015 38885.0 25.75 "" "" 0.0027641570564262614 0.0029754322 0.0038471634 0.0068225954 97.99494518138 -9.2322250915 1006.88879 -0.39200000000000035 -1.006 2.9503657417297364 -1.457756089925766 0.39035082 0.39235082 "" "" 15.706097083117331 "" 6.137064382693988 ""
97.32084955238 -9.79281391794 0.0129 0.013 27.2241 "" "" 3002990697564972928 895.15094 1.0753 0.016 -2.896 9.744 0.016 0.015 1.019 6329.5 4.203 13.895611 0.922034 14.269084 13.34705 35.23 5.84 883.000366 907.070312 52083.77564 11.088 26778.0 19.696 36336.0 28.18 "" "" 0.002764998208876713 0.002902205 0.0038720465 0.0067742513 97.32084955238 -9.79281391794 895.15094 -2.896 9.743999999999996 0.4463657417297364 9.292243910074234 0.39035082 0.3893508 -13.947500000000005 10.030001 39.47259724720877 41.8642889547924 15.368778374679499 14.87106368359904
97.00672842775 -9.46102513473 0.0125 0.0134 44.8538 "" "" 3003202250475329664 841.288086 1.145 0.0161 3.663 -0.653 0.016 0.018 1.023 5918.3 4.1262 13.897565 1.093722 14.357495 13.263773 72.98 5.02 832.612 852.660583 51990.10461 9.1757 24684.0 23.914 39233.0 28.693 "" "" 0.002761975373120673 0.0029818574 0.0038618967 0.006843754 97.00672842775 -9.46102513473 841.288086 3.663 -0.653 7.005365741729737 -1.104756089925766 0.39035082 0.39235082 23.802500000000002 9.210001 28.280574589518388 36.96417056236097 11.040721402132375 10.321094153846671
98.11298283032 -9.52669864216 0.0142 0.0164 22.3818 "" "" 3002978190620274944 787.419678 1.2342 0.0197 -4.195 0.749 0.017 0.019 1.031 5661.7 4.2014 13.9085 1.053804 14.354699 13.300895 53.4 4.13 777.583557 799.070007 51469.13977 10.385 24748.0 19.735 37914.0 23.263 "" "" 0.00276401542904907 0.002921416 0.0038376453 0.0067590615 98.11298283032 -9.52669864216 787.419678 -4.194999999999996 0.7490000000000001 -0.852634258270264 0.297243910074234 0.3913508 0.3933508 4.222499999999997 8.320001 3.370185034531931 5.40255989480755 1.3196567114107849 6.554596818805529
97.14577079763 -9.2549696994 0.0197 0.0194 41.838 "" "" 3003212283518859776 1083.7959 0.8863 0.0255 -1.782 1.73 0.028 0.028 1.521 "" "" 13.90862 1.267381 14.454889 13.187509 "" "" 1050.15344 1115.21692 51463.45471 15.425 22566.0 33.853 42088.0 39.429 "" "" 0.002774471238558476 0.0032307936 0.003913861 0.007144654 97.14577079763 -9.2549696994 1083.7959 -1.781999999999999 1.73 1.5603657417297363 1.278243910074234 0.4023508 0.4023508 "" "" 10.36217551693831 "" 4.169229745247356 ""
98.40352373808 -9.80890817753 0.0132 0.0135 40.4158 "" "" 3002204855989135616 825.972107 1.1718 0.0159 0.482 2.945 0.017 0.017 0.991 6069.8 4.0886 13.917108 0.93129 14.291405 13.360115 -16.61 5.31 814.810791 836.876953 51062.67134 10.075 26233.0 21.381 35901.0 26.471 "" "" 0.0027636354384107625 0.0029271373 0.0038632378 0.0067903753 98.40352373808 -9.80890817753 825.972107 0.482 2.945 3.8243657417297365 2.493243910074234 0.3913508 0.3913508 -65.7875 9.5 17.873673496308715 68.17230640445318 6.994876524661383 9.349306508618673
97.88024676202 -10.01697238492 0.0131 0.0131 24.9995 "" "" 3002924933026056320 884.925964 1.089 0.0165 -4.79 2.69 0.017 0.016 1.085 6311.0 4.1138 13.9204 0.917586 14.290213 13.372626 21.13 5.81 872.532288 895.505249 50908.11021 9.6761 26262.0 26.474 35490.0 16.466 "" "" 0.0027630375018986306 0.002997162 0.0038128048 0.0068099666 97.88024676202 -10.01697238492 884.925964 -4.790000000000004 2.69 -1.4476342582702637 2.238243910074234 0.3913508 0.39035082 -28.047500000000003 10.0 11.180956471405413 30.19397363490706 4.367796131169993 9.42886542238055
97.62234510114 -9.33694658845 0.0169 0.0176 18.6016 "" "" 3003041412538660480 841.878601 1.146 0.0218 -4.506 -9.628 0.021 0.021 1.33 5299.8 4.1276 13.921654 1.114304 14.395233 13.28093 -15.91 6.07 827.310913 856.87323 50849.33635 10.115 23841.0 28.69 38618.0 27.866 "" "" 0.0027637718618646655 0.003080934 0.00385973 0.006940664 97.62234510114 -9.33694658845 841.878601 -4.505999999999997 -9.62799999999999 -1.163634258270264 -10.079756089925766 0.3953508 0.3953508 -65.0875 10.26 40.49045401124585 76.65415528389062 16.007933947136188 12.140662021070307
97.01059073591 -9.51248451025 0.0136 0.0154 44.0645 "" "" 3003198608343204480 915.482971 1.0516 0.0189 5.094 -7.108 0.018 0.02 1.116 5499.2 3.8308 13.936287 1.258152 14.481914 13.223762 -41.24 4.35 900.297791 932.049072 50168.58324 10.55 22012.0 24.356 40706.0 29.424 "" "" 0.0027647639427082877 0.0030378115 0.003860008 0.006897819 97.01059073591 -9.51248451025 915.482971 5.094 -7.108000000000005 8.436365741729738 -7.559756089925766 0.39235082 0.39435083 -90.4175 8.540001 49.15633269982753 102.91583624858778 19.33037421317331 11.89703606407116
98.10642798274 -10.05065004517 0.0142 0.0149 33.3801 "" "" 3002171698841768192 784.446472 1.2335 0.0186 0.585 2.686 0.021 0.024 0.94 5403.6 4.2067 13.939866 0.9459 14.32656 13.38066 54.1 3.9 773.17804 798.109558 50003.50658 10.436 25398.0 21.508 35229.0 34.201 "" "" 0.002764622306112432 0.0029377583 0.0039236154 0.006861374 98.10642798274 -10.05065004517 784.446472 0.5849999999999999 2.686000000000001 3.9273657417297363 2.234243910074234 0.3953508 0.3983508 4.922499999999999 8.09 16.800704363413207 17.506989271625535 6.654530984696097 6.779091448411598
98.06845803341 -9.34017838669 0.0137 0.0149 25.4283 "" "" 3002985887201624064 820.372925 1.1792 0.0178 2.475 -4.344 0.017 0.018 1.01 5574.2 4.1945 13.944163 0.936323 14.325294 13.38897 20.77 5.57 808.494019 830.35437 49805.98576 10.001 25427.0 17.839 34960.0 24.475 "" "" 0.0027639319655360676 0.002892279 0.0038550606 0.00674734 98.06845803341 -9.34017838669 820.372925 2.475 -4.3439999999999985 5.817365741729736 -4.795756089925766 0.3913508 0.39235082 -28.407500000000002 9.76 29.317072044204522 40.822503224264416 11.485131391320584 10.684581803627276
98.05529492963 -9.2647744102 0.0138 0.0148 28.1221 "" "" 3003408649423795968 925.737793 1.04 0.0173 -2.082 2.085 0.017 0.019 1.095 6423.1 4.104 13.944348 1.142042 14.430394 13.288352 34.24 4.03 910.639404 939.677368 49797.49458 10.482 23081.0 23.028 38355.0 28.71 "" "" 0.002764782023311954 0.0029930694 0.003865776 0.0068588452 98.05529492963 -9.2647744102 925.737793 -2.082 2.085 1.2603657417297365 1.633243910074234 0.3913508 0.3933508 -14.9375 8.220001 9.052479012995466 17.466433022535636 3.554053189446996 7.267159562395831
97.72840043906 -10.28688781979 0.0142 0.0145 39.9382 "" "" 3002069684778488448 857.805969 1.1268 0.017 -3.828 -13.251 0.018 0.018 1.019 5125.2 4.103 13.945451 1.274824 14.51089 13.236066 5.5 2.78 847.5755 869.507019 49746.9264 8.8031 21432.0 16.256 40247.0 36.099 "" "" 0.0027620106952452516 0.0029091642 0.0039028304 0.0068119946 97.72840043906 -10.28688781979 857.805969 -3.8279999999999994 -13.251 -0.4856342582702635 -13.702756089925765 0.39235082 0.39235082 -43.6775 6.9700003 55.75038963306252 70.82252431598499 21.873711237661187 17.747085329749343
98.1697448793 -9.40256518111 0.0145 0.0151 28.2498 "" "" 3002981523514845952 784.485779 1.2317 0.0181 0.895 -3.532 0.018 0.019 1.1 5559.8 4.2515 13.953009 0.897638 14.315969 13.41833 -11.17 7.44 775.194702 793.718872 49401.84121 11.3 25647.0 23.292 34027.0 17.594 "" "" 0.00276648980406081 0.0029592775 0.003820849 0.006780126 98.1697448793 -9.40256518111 784.485779 0.8949999999999999 -3.532000000000001 4.237365741729736 -3.983756089925766 0.39235082 0.3933508 -60.347500000000004 11.630001 21.6264905310944 64.10558360191034 8.495324810317168 11.31711378739463
97.84272614585 -9.75742950479 0.0145 0.016 9.9244 "" "" 3002945205271600128 805.975037 1.2062 0.0184 -7.898 10.749 0.019 0.019 1.02 5378.8 4.2066 13.971675 0.971667 14.372726 13.401059 98.97 3.95 793.994141 820.989197 48559.7794 9.9769 24340.0 27.411 34573.0 16.905 "" "" 0.0027643353810832346 0.003046326 0.0038164863 0.0068628127 97.84272614585 -9.75742950479 805.975037 -7.897999999999999 10.748999999999986 -4.555634258270263 10.297243910074235 0.3933508 0.3933508 49.7925 8.14 43.01672632569542 65.80069756491778 16.92066413569695 12.661127870098547
97.97293757856 -9.28688593324 0.0153 0.0154 24.1193 "" "" 3003033681597428864 975.261536 0.987 0.0191 -3.618 0.943 0.019 0.02 1.057 7780.3 4.1735 13.977785 1.1835 14.484509 13.301009 18.73 6.67 952.793335 994.521423 48287.26815 9.7693 21959.0 31.415 37910.0 21.812 "" "" 0.0027640623809262175 0.0031933864 0.0038306615 0.007024048 97.97293757856 -9.28688593324 975.261536 -3.6180000000000025 0.9430000000000002 -0.27563425827026355 0.49124391007423396 0.3933508 0.39435083 -30.4475 10.860001 2.6039397496430703 30.558644578413016 1.0262428871815696 10.820855150896593
97.56402560836 -9.78582147933 0.0645 0.0669 14.6437 "" "" 3002941838017347072 978.304688 1.0177 0.0841 1.73 -6.051 0.088 0.077 4.879 6332.9 4.3266 13.979349 1.002383 14.336448 13.334065 5.56 6.68 911.449158 1053.48389 48217.75422 42.664 25167.0 24.511 36773.0 37.655 "" "" 0.0029179952316937294 0.0029838262 0.0039395145 0.0069233407 97.56402560836 -9.78582147933 978.304688 1.7300000000000013 -6.051 5.072365741729737 -6.502756089925766 0.46235082 0.4513508 -43.6175 10.870001 38.243177451082964 58.00885215038322 17.42141837192777 14.096632709150889
97.2080402818 -9.55544794417 0.0135 0.0145 32.1374 "" "" 3003010557493725568 984.349915 0.9787 0.018 -0.016 5.145 0.017 0.018 1.063 6564.7 3.9495 13.98736 1.33017 14.574382 13.244212 37.07 8.34 968.633484 1001.51764 47863.29278 10.866 20215.0 18.406 39946.0 26.799 "" "" 0.0027663232861521365 0.0029601234 0.0038489338 0.006809057 97.2080402818 -9.55544794417 984.349915 -0.016000000000000084 5.145 3.3263657417297363 4.693243910074234 0.3913508 0.39235082 -12.107500000000002 12.530001 26.840117909868958 29.444583299236356 10.52177528949649 10.887383030122184
97.46005356492 -9.27495938899 0.0145 0.0179 26.8511 "" "" 3003045054670942720 866.910706 1.1107 0.022 5.982 -0.076 0.02 0.018 0.98 5533.5 3.9235 13.989617 1.049112 14.428129 13.379017 32.02 4.42 850.315857 882.153564 47763.88205 9.5216 23129.0 26.055 35282.0 30.569 "" "" 0.0027638080698431594 0.003046473 0.0038946948 0.0069411676 97.46005356492 -9.27495938899 866.910706 5.982 -0.076 9.324365741729736 -0.527756089925766 0.39435083 0.39235082 -17.1575 8.610001 38.376603270379974 42.03740578130552 15.133600750677722 14.255626123458795
97.30109640578 -9.52831617656 0.0143 0.0146 26.9737 "" "" 3003008117952276864 766.901184 1.2648 0.0169 -4.489 1.553 0.018 0.018 1.123 5872.3 4.1579 13.99543 1.043129 14.43184 13.388711 75.99 4.07 755.950623 776.812073 47508.86263 9.7319 23051.0 24.432 34968.0 29.577 "" "" 0.002764281826421823 0.0030181701 0.0038893563 0.0069075264 97.30109640578 -9.52831617656 766.901184 -4.4889999999999946 1.5530000000000006 -1.1466342582702636 1.101243910074234 0.39235082 0.39235082 26.812499999999993 8.26 5.7791510091701825 27.428247166685523 2.2674546528811885 8.08868982028108
97.87434718556 -9.53828192451 0.016 0.0169 9.0336 "" "" 3002976300834728448 953.374512 1.0099 0.0195 -3.692 0.809 0.019 0.021 0.995 "" "" 13.995933 1.38973 14.611194 13.221463 "" "" 932.973511 971.22406 47486.8977 10.265 19541.0 25.259 40792.0 19.012 "" "" 0.0027652979190334816 0.00312325 0.0038131082 0.0069363583 97.87434718556 -9.53828192451 953.374512 -3.6919999999999975 0.809 -0.34963425827026384 0.35724391007423406 0.3933508 0.3953508 "" "" 2.2588979599891026 "" 0.8908497362068107 ""
98.36409309983 -9.73819356235 0.0156 0.016 37.1577 "" "" 3002208635560341504 960.253418 1.0031 0.0183 4.772 -8.204 0.019 0.02 1.122 4864.1 3.5979 14.002864 1.448979 14.664613 13.215633 -22.99 1.79 946.03125 977.125854 47184.68418 10.423 18603.0 17.386 41011.0 25.722 "" "" 0.002765738806158515 0.0029689528 0.0038402406 0.0068091936 98.36409309983 -9.73819356235 960.253418 4.772 -8.204 8.114365741729737 -8.655756089925767 0.3933508 0.39435083 -72.1675 5.9800005 54.00222014327484 90.13538615134857 21.270577228974517 13.613455085520213
97.79730622108 -9.87125954734 0.0131 0.0131 15.2764 "" "" 3002930911620500480 929.077148 1.0365 0.0162 -3.172 4.899 0.017 0.017 1.038 6828.7 3.9203 14.008742 1.3426 14.600525 13.257925 82.5 5.55 915.639404 944.104187 46929.91284 12.097 19734.0 19.899 39445.0 16.176 "" "" 0.002769497272081313 0.0029972766 0.0038055188 0.0068027955 97.79730622108 -9.87125954734 929.077148 -3.172 4.899 0.17036574172973618 4.447243910074234 0.3913508 0.3913508 33.3225 9.740001 19.59925223542578 38.659018280833806 7.670183154616187 9.252320965006593
97.14681163613 -9.46651570688 0.0153 0.0146 36.7163 "" "" 3003200085811947008 1044.90381 0.9132 0.0175 -0.473 -0.037 0.021 0.02 1.009 7476.3 4.0461 14.009073 1.032043 14.434955 13.402911 -8.81 18.27 1027.604 1062.56897 46915.61492 20.276 22984.0 50.181 34514.0 38.94 "" "" 0.0027949900934833363 0.0036611839 0.003972943 0.0076341266 97.14681163613 -9.46651570688 1044.90381 -0.473 -0.037 2.8693657417297365 -0.48875608992576597 0.3953508 0.39435083 -57.987500000000004 22.460001 14.416215795378664 59.75263537375507 5.699056669395913 21.839842305906714
98.14470134494 -10.11096574242 0.0198 0.022 37.6143 "" "" 3002169121861403904 883.589294 1.0902 0.0284 11.138 -9.901 0.029 0.03 1.59 5202.8 4.1376 14.012218 1.149565 14.507069 13.357504 14.43 5.62 856.986694 910.047607 46779.88996 8.5556 21507.0 29.546 35988.0 20.258 "" "" 0.002762466253871346 0.0031638306 0.0038284797 0.0069923103 98.14470134494 -10.11096574242 883.589294 11.137999999999995 -9.901 14.480365741729736 -10.352756089925766 0.40335083 0.40435082 -34.7475 9.81 74.55261358753083 82.25254372347209 30.09609668802285 27.59170532798723
97.97197080413 -9.60415805979 0.0142 0.0148 13.3431 "" "" 3002972005867425408 874.729126 1.1033 0.0167 -6.106 -6.128 0.018 0.021 1.017 5690.7 4.0718 14.038358 0.932431 14.419923 13.487492 20.01 5.46 860.927856 887.062195 45667.12459 8.7904 23305.0 14.354 31927.0 17.4 "" "" 0.002763234876155899 0.0028691883 0.0038254226 0.006694611 97.97197080413 -9.60415805979 874.729126 -6.106 -6.128 -2.7636342582702635 -6.579756089925766 0.39235082 0.3953508 -29.1675 9.650001 29.58982885590885 41.548778898686976 11.68509392612307 10.730518656562655
97.42572417718 -10.02252259 0.0201 0.021 30.6585 "" "" 3002840442428866944 784.263123 1.2379 0.0248 -3.197 2.004 0.024 0.024 1.54 5829.0 4.1153 14.039148 1.125487 14.51753 13.392043 40.17 4.95 772.446472 798.956177 45633.8833 10.822 21301.0 24.908 34861.0 25.497 "" "" 0.002767324632623968 0.003065437 0.0038619058 0.006927343 97.42572417718 -10.02252259 784.263123 -3.197 2.0040000000000004 0.14536574172973626 1.552243910074234 0.3983508 0.3983508 -9.0075 9.14 5.795570590251341 10.710914746957249 2.3086702103169614 7.787265109902791
