Clusters/vdBergh_80/vdBergh_80_stars_in_region.tsv
# %ECSV 1.0
# ---
# datatype:
# - name: RA_ICRS_1
#   unit: deg
#   datatype: float64
#   format: '{:15.11f}'
#   description: Right ascension (ICRS) at Ep=2016.0 (ra)
#   meta: !!omap
#   - {ucd: POS_EQ_RA_MAIN}
#   - {width: 15}
#   - {precision: '11'}
# - name: DE_ICRS_1
#   unit: deg
#   datatype: float64
#   format: '{:15.11f}'
#   description: Declination (ICRS) at Ep=2016.0 (dec)
#   meta: !!omap
#   - {ucd: POS_EQ_DEC_MAIN}
#   - {width: 15}
#   - {precision: '11'}
# - name: e_RA_ICRS
#   unit: mas
#   datatype: float64
#   format: '{:7.4f}'
#   description: Standard error of right ascension (ra_error)
#   meta: !!omap
#   - {ucd: ERROR}
#   - {width: 7}
#   - {precision: '4'}
# - name: e_DE_ICRS
#   unit: mas
#   datatype: float64
#   format: '{:7.4f}'
#   description: Standard error of declination (dec_error)
#   meta: !!omap
#   - {ucd: ERROR}
#   - {width: 7}
#   - {precision: '4'}
# - name: _r_1
#   unit: ''
#   datatype: float64
#   format: '{:7.4f}'
#   description: Distance from center (097.74710606000-09.62150582000)[ICRS], at Epoch=J2016.0
#   meta: !!omap
#   - {ucd: POS_ANG_DIST_GENERAL}
#   - {width: 7}
#   - {precision: '4'}
# - name: HIP
#   datatype: int32
#   description: '? HIP cross-id number, van Leeuwen, Cat. I/311 (hip_original_ext_source_id)'
#   meta: !!omap
#   - {ucd: ID_NUMBER}
#   - {width: 6}
#   - values: {'null': -2147483648}
# - name: TYC2
#   datatype: string
#   description: Tycho-2 cross-id name, Hog et al., Cat. I/259 (tyc2_original_ext_source_id)
#   meta: !!omap
#   - {ucd: ID_CROSSID}
#   - {_votable_string_dtype: char}
# - name: Source
#   datatype: int64
#   description: Source identifier, identical to the Gaia-EDR3 source_id (id)
#   meta: !!omap
#   - {ucd: ID_MAIN}
#   - {width: 19}
# - name: rgeo
#   unit: pc
#   datatype: float64
#   format: '{:15.8f}'
#   description: '? Median of the geometric distance posterior (r_med_geo)'
#   meta: !!omap
#   - {ucd: PHYS_DISTANCE_TRUE}
#   - {width: 15}
#   - {precision: '8'}
#   - values: {'null': .nan}
# - name: Plx
#   unit: mas
#   datatype: float64
#   format: '{:9.4f}'
#   description: '? Parallax (parallax)'
#   meta: !!omap
#   - {ucd: POS_PARLX_TRIG}
#   - {width: 9}
#   - {precision: '4'}
#   - values: {'null': .nan}
# - name: e_Plx
#   unit: mas
#   datatype: float32
#   format: '{:7.4f}'
#   description: '? Standard error of parallax (parallax_error)'
#   meta: !!omap
#   - {ucd: ERROR}
#   - {width: 7}
#   - {precision: '4'}
#   - values: {'null': .nan}
# - name: pmRA
#   unit: mas / yr
#   datatype: float64
#   format: '{:9.3f}'
#   description: '? Proper motion in right ascension direction, pmRA*cosDE (pmra)'
#   meta: !!omap
#   - {ucd: POS_EQ_PMRA}
#   - {width: 9}
#   - {precision: '3'}
#   - values: {'null': .nan}
# - name: pmDE
#   unit: mas / yr
#   datatype: float64
#   format: '{:9.3f}'
#   description: '? Proper motion in declination direction (pmdec)'
#   meta: !!omap
#   - {ucd: POS_EQ_PMDEC}
#   - {width: 9}
#   - {precision: '3'}
#   - values: {'null': .nan}
# - name: e_pmRA
#   unit: mas / yr
#   datatype: float32
#   format: '{:6.3f}'
#   description: '? Standard error of proper motion in right ascension direction (pmra_error)'
#   meta: !!omap
#   - {ucd: ERROR}
#   - {width: 6}
#   - {precision: '3'}
#   - values: {'null': .nan}
# - name: e_pmDE
[...]
#         value: !astropy.table.SerializedColumn {name: SkyCoord.dec}
#       distance: !astropy.table.SerializedColumn
#         __class__: astropy.coordinates.distances.Distance
#         unit: !astropy.units.Unit {unit: pc}
#         value: !astropy.table.SerializedColumn {name: SkyCoord.distance}
#       frame: icrs
#       obstime: !astropy.time.Time {format: jyear_str, in_subfmt: '*', jd1: 367701545.0, jd2: 0.0, out_subfmt: '*', precision: 3, scale: tt}
#       pm_dec: !astropy.table.SerializedColumn
#         __class__: astropy.units.quantity.Quantity
#         unit: !astropy.units.Unit {unit: mas / yr}
#         value: !astropy.table.SerializedColumn {name: SkyCoord.pm_dec}
#       pm_ra_cosdec: !astropy.table.SerializedColumn
#         __class__: astropy.units.quantity.Quantity
#         unit: !astropy.units.Unit {unit: mas / yr}
#         value: !astropy.table.SerializedColumn {name: SkyCoord.pm_ra_cosdec}
#       ra: !astropy.table.SerializedColumn
#         __class__: astropy.coordinates.angles.Longitude
#         unit: *id001
#         value: !astropy.table.SerializedColumn {name: SkyCoord.ra}
#         wrap_angle: !astropy.coordinates.Angle
#           unit: *id001
#           value: 360.0
#       representation_type: spherical
# schema: astropy-2.0
RA_ICRS_1 DE_ICRS_1 e_RA_ICRS e_DE_ICRS _r_1 HIP TYC2 Source rgeo Plx e_Plx pmRA pmDE e_pmRA e_pmDE RUWE Teff logg Gmag BP-RP BPmag RPmag RV e_RV b_rgeo B_rgeo FG e_FG FBP e_FBP FRP e_FRP RAVE5 RAVE6 e_Gmag e_BPmag e_RPmag e_BP-RP SkyCoord.ra SkyCoord.dec SkyCoord.distance SkyCoord.pm_ra_cosdec SkyCoord.pm_dec rmRA rmDE e_rmRA e_rmDE rRV e_rRV v_pec v_pec3d e_vpec e_vpec3d
[from data line 236]
98.16293726478 -9.41662864621 0.0206 0.0196 27.506 "" "" 3002981282996682240 877.592834 1.0984 0.024 4.147 -7.157 0.027 0.025 1.21 5805.4 4.1976 14.342092 1.027721 14.769515 13.741794 59.34 8.54 861.681274 896.316772 34523.09266 8.3256 16889.0 24.45 25260.0 19.119 "" "" 0.0027677333223919067 0.0032024407 0.0038676932 0.007070134 98.16293726478 -9.41662864621 877.592834 4.147 -7.157 7.489365741729737 -7.608756089925766 0.40135083 0.39935082 10.162500000000001 12.7300005 44.41124167718717 45.559135127431105 17.779430321355196 17.562542164959144
97.67149472864 -9.85286636044 0.0158 0.0165 14.584 "" "" 3002937474330565248 809.599487 1.1967 0.0191 -3.058 -0.109 0.021 0.02 0.959 5897.9 4.3143 14.346836 0.995873 14.756109 13.760236 96.9 5.44 797.381165 822.27301 34372.60303 7.6882 17099.0 23.209 24835.0 17.324 "" "" 0.0027660016459216414 0.0031554475 0.0038545216 0.007009969 97.67149472864 -9.85286636044 809.599487 -3.058 -0.109 0.2843657417297365 -0.560756089925766 0.3953508 0.39435083 47.722500000000004 9.630001 2.4127824349248086 47.78345451438481 0.9519767917874685 9.617836771673744
97.84274024018 -10.10529873536 0.0159 0.0159 29.5729 "" "" 3002918026718688256 939.36792 1.0273 0.0189 2.249 -4.731 0.022 0.02 1.058 6777.7 4.2785 14.363379 1.094063 14.823846 13.729783 32.68 5.2 924.806396 954.024658 33852.84986 7.881 16065.0 16.944 25541.0 20.531 "" "" 0.0027668895208339183 0.003016024 0.0038788456 0.0068948697 97.84274024018 -10.10529873536 939.36792 2.249 -4.731 5.591365741729737 -5.182756089925766 0.3963508 0.39435083 -16.497500000000002 9.39 33.9463474496874 37.74284053201214 13.423329874361224 12.751696331439897
97.43186040278 -9.74826964225 0.0147 0.0149 20.1368 "" "" 3002989666772799104 866.414124 1.1157 0.0183 15.382 -12.064 0.019 0.018 0.992 5462.5 4.1899 14.370018 1.110308 14.83933 13.729022 -22.05 6.77 849.651733 883.838318 33646.48709 6.9895 15837.0 22.47 25559.0 22.645 "" "" 0.002764536011555864 0.0031871789 0.0038998816 0.0070870603 97.43186040278 -9.74826964225 866.414124 15.38199999999998 -12.064000000000012 18.724365741729734 -12.515756089925766 0.3933508 0.39235082 -71.2275 10.960001 92.49392098995095 116.74109035102119 36.354020883963734 29.569331846309208
97.41736146045 -9.89620626507 0.017 0.0164 25.5312 "" "" 3002939192317163264 932.007935 1.0316 0.0203 -3.575 0.886 0.022 0.02 1.036 4984.6 3.2297 14.374697 2.247434 15.544712 13.297278 "" "" 912.550476 953.27002 33501.77871 111.63 8270.5 122.74 38041.0 326.19 "" "" 0.004547508265806843 0.016352875 0.010047745 0.02640062 97.41736146045 -9.89620626507 932.007935 -3.575 0.886 -0.23263425827026385 0.434243910074234 0.3963508 0.39435083 "" "" 2.1763098882015175 "" 0.8592021287084187 ""
98.20421710883 -10.19788407789 0.0154 0.0172 43.8851 "" "" 3002155790282934784 1104.00977 0.8719 0.0214 -4.646 7.963 0.02 0.023 1.059 6920.9 4.0461 14.376596 1.238852 14.911233 13.67238 "" "" 1073.98083 1135.18469 33443.25758 8.128 14823.0 14.649 26928.0 20.878 "" "" 0.0027679269853734196 0.0029893743 0.0038719962 0.0068613705 98.20421710883 -10.19788407789 1104.00977 -4.646 7.962999999999999 -1.3036342582702636 7.511243910074234 0.39435083 0.39735082 "" "" 39.89399353042549 "" 15.848424121778496 ""
98.35099872155 -9.44806063641 0.0164 0.0165 37.2175 "" "" 3003342919244840960 856.564331 1.1298 0.0204 -2.636 3.301 0.021 0.02 1.025 5068.5 4.2114 14.382319 0.992836 14.791963 13.799127 31.48 4.39 840.652893 869.354736 33267.4051 9.8359 16544.0 17.349 23961.0 23.039 "" "" 0.002773956968890413 0.003013533 0.003920915 0.006934448 98.35099872155 -9.44806063641 856.564331 -2.636 3.301 0.7063657417297362 2.849243910074234 0.3953508 0.39435083 -17.6975 8.58 11.91845573516747 21.336613915079084 4.700743794119471 7.585583115161471
97.22305833208 -9.68279842191 0.0159 0.0162 31.2151 "" "" 3003004578899268736 1050.22375 0.9105 0.0194 -0.893 -0.027 0.02 0.021 0.989 8614.3 4.1183 14.392156 1.548309 15.100062 13.551753 48.7 6.19 1027.02478 1072.62219 32967.38449 9.0348 12456.0 30.539 30092.0 45.024 "" "" 0.002771339881343323 0.0038562994 0.0041137207 0.00797002 97.22305833208 -9.68279842191 1050.22375 -0.8930000000000008 -0.027000000000000003 2.4493657417297365 -0.478756089925766 0.39435083 0.3953508 -0.47749999999999915 10.380001 12.423826999514294 12.432999781382621 4.899804187615734 4.91239177987795
97.99554367024 -9.9062525019 0.017 0.0188 22.5321 "" "" 3002927303847921152 1127.44299 0.8419 0.0228 -0.244 -3.001 0.022 0.025 1.024 7480.8 4.0337 14.392589 1.364509 14.998423 13.633914 5.08 6.47 1102.52747 1154.54565 32954.25402 9.8753 13679.0 26.346 27899.0 21.366 "" "" 0.0027744635571608227 0.0034868247 0.0038697685 0.0073565934 97.99554367024 -9.9062525019 1127.44299 -0.24399999999999994 -3.0009999999999994 3.0983657417297366 -3.452756089925766 0.3963508 0.39935082 -44.097500000000004 10.66 24.791804610154184 50.588764385761216 9.867520553061913 10.475146510979833
97.34992818495 -9.71192524529 0.017 0.0175 24.1106 "" "" 3002993102746642176 814.735657 1.1923 0.0212 1.292 4.924 0.022 0.02 1.116 5723.3 4.3072 14.400749 1.042547 14.830093 13.787546 -21.8 4.69 800.402893 830.277222 32707.47594 7.4694 15973.0 20.472 24218.0 20.656 "" "" 0.0027664540997240474 0.0031179243 0.0038911807 0.007009105 97.34992818495 -9.71192524529 814.735657 1.2920000000000003 4.924 4.634365741729736 4.472243910074234 0.3963508 0.39435083 -70.9775 8.880001 24.87170736944862 75.20909076515608 9.833966435324731 8.98926136450471
98.12153349767 -10.13164634604 0.0165 0.0189 37.7721 "" "" 3002168778264039424 960.990295 1.0086 0.0244 5.617 -21.418 0.024 0.027 1.012 5838.0 4.1267 14.416192 1.120126 14.891685 13.771559 "" "" 941.362122 980.541504 32245.55037 8.7084 15092.0 20.112 24577.0 23.294 "" "" 0.0027708783968154738 0.00314301 0.003916974 0.007059984 98.12153349767 -10.13164634604 960.990295 5.617000000000001 -21.418000000000013 8.959365741729737 -21.869756089925765 0.3983508 0.40135083 "" "" 107.65417701832286 "" 43.1608282484967 ""
97.99000847728 -9.77795060018 0.0168 0.0182 17.1606 "" "" 3002955684991759360 939.649963 1.0259 0.0229 4.15 -3.618 0.021 0.025 1.032 6525.7 4.1455 14.427968 1.327812 15.016569 13.688757 69.39 5.33 919.397156 963.123291 31897.69948 7.6384 13452.0 16.685 26525.0 23.285 "" "" 0.00276755985238277 0.0030981589 0.0038977114 0.0069958703 97.99000847728 -9.77795060018 939.649963 4.15 -3.617999999999997 7.492365741729737 -4.069756089925766 0.3953508 0.39935082 20.2125 9.52 37.97580995644309 43.019847722857904 15.04851048758675 14.016907250208106
97.80022414319 -9.72208771621 0.0332 0.0368 6.8037 "" "" 3002946304783470848 881.339172 1.0962 0.0408 -3.573 1.49 0.044 0.046 2.024 5750.0 4.1718 14.434119 1.148406 14.917747 13.769341 19.75 13.54 844.391052 913.735596 31717.51427 10.938 14734.0 24.678 24628.0 25.31 "" "" 0.0027806442321084467 0.0033304647 0.0039406526 0.0072711175 97.80022414319 -9.72208771621 881.339172 -3.573000000000003 1.4900000000000009 -0.23063425827026363 1.038243910074234 0.41835082 0.42035082 -29.427500000000002 17.73 4.443038637567821 29.76102062404649 1.8672180113297376 17.533522137410593
97.47063602084 -9.36864161491 0.0191 0.0193 22.3129 "" "" 3003016914045236736 795.51178 1.2185 0.0233 0.153 5.288 0.024 0.023 1.212 5835.3 4.3636 14.435499 1.020006 14.858441 13.838435 -7.44 6.39 782.227417 809.699646 31677.21225 7.2997 15561.0 19.805 23109.0 29.125 "" "" 0.0027666564687459957 0.0031136095 0.004019479 0.007133088 97.47063602084 -9.36864161491 795.51178 0.1530000000000001 5.288000000000007 3.4953657417297364 4.836243910074234 0.3983508 0.39735082 -56.6175 10.58 22.50047331562741 60.92464694749787 8.94830821787069 10.372574204319811
98.3041656951 -9.35603138462 0.0154 0.0153 36.6127 "" "" 3003356560060280320 809.10144 1.1967 0.0187 -2.479 -11.89 0.02 0.021 0.993 5940.9 4.3632 14.436186 0.960647 14.826802 13.866156 "" "" 794.817749 820.516357 31657.19636 7.2801 16021.0 19.395 22527.0 18.89 "" "" 0.002766610031893548 0.0030842617 0.0038874971 0.006971759 98.3041656951 -9.35603138462 809.10144 -2.4789999999999996 -11.89 0.8633657417297362 -12.341756089925767 0.39435083 0.3953508 "" "" 47.44804607506082 "" 18.758392861016112 ""
97.20715718614 -9.84018861029 0.0171 0.0184 34.5215 "" "" 3002896414442459776 907.439697 1.0605 0.0214 -3.364 1.04 0.021 0.022 1.026 4919.9 3.3951 14.444116 2.134909 15.537703 13.402795 -5.15 5.37 888.923401 926.708862 31426.81874 38.188 8324.1 41.317 34518.0 161.19 "" "" 0.003054897697825009 0.0060685575 0.0063237385 0.0123922955 97.20715718614 -9.84018861029 907.439697 -3.364 1.04 -0.02163425827026355 0.588243910074234 0.3953508 0.3963508 -54.3275 9.56 2.5319030399222306 54.386466967928406 1.0035183822331524 9.549749536207429
98.4280433638 -9.71057634579 0.0167 0.0163 40.6292 "" "" 3002210216108284032 813.751526 1.1893 0.0205 -0.472 -11.586 0.02 0.02 1.045 5671.6 4.332 14.445423 1.044599 14.882485 13.837886 7.92 6.87 800.796631 826.694153 31389.01458 6.4606 15220.0 17.558 23121.0 24.887 "" "" 0.002764367612767816 0.0030584072 0.003955946 0.007014353 98.4280433638 -9.71057634579 813.751526 -0.4720000000000003 -11.586 2.8703657417297364 -12.037756089925766 0.39435083 0.39435083 -41.2575 11.06 47.733556812940876 63.09258080205829 18.823767592436635 15.972596892392502
98.17842059988 -9.60309477323 0.122 0.1342 25.5394 "" "" 3002964687243101952 860.57843 1.1504 0.1783 -1.206 -1.577 0.15 0.155 8.45 4919.8 4.186 14.455296 1.236196 14.975791 13.739595 21.01 12.22 740.277161 1050.40186 31104.85695 41.824 13967.0 24.817 25312.0 39.702 "" "" 0.003118185924515197 0.0033921592 0.004145344 0.007537503 98.17842059988 -9.60309477323 860.57843 -1.206 -1.5770000000000006 2.1363657417297364 -2.028756089925766 0.5243508 0.5293508 -28.1675 16.41 12.017839664252277 30.62411674555979 6.330128365866196 15.296672420721869
97.69263895359 -9.04807866629 0.022 0.0242 34.5564 "" "" 3003055843628674432 988.796204 0.9773 0.0267 2.388 -4.879 0.028 0.029 1.36 6532.6 4.0556 14.45782 1.383637 15.059282 13.675645 76.79 9.11 965.945129 1013.49567 31032.63226 9.85 12933.0 19.015 26847.0 25.751 "" "" 0.0027767882799682488 0.0032145453 0.003920238 0.007134783 97.69263895359 -9.04807866629 988.796204 2.388 -4.879 5.730365741729736 -5.3307560899257656 0.4023508 0.40335083 27.612500000000004 13.3 36.68196090664799 45.913139864387965 14.776045894657674 14.259821628712324
97.62916921044 -9.9338906524 0.0157 0.0164 19.9983 "" "" 3002935893782641408 1134.5741 0.8403 0.0192 -0.956 0.763 0.02 0.02 1.005 7491.3 4.1619 14.458858 1.155706 14.949659 13.793954 "" "" 1110.8573 1157.09094 31002.96652 6.095 14307.0 19.949 24076.0 22.393 "" "" 0.002763575584735028 0.0031744193 0.0039119693 0.0070863888 97.62916921044 -9.9338906524 1134.5741 -0.9560000000000001 0.7629999999999996 2.3863657417297364 0.311243910074234 0.39435083 0.39435083 "" "" 12.942286814905803 "" 5.103801505367733 ""
97.59506912905 -9.03185821735 0.0169 0.0196 36.5061 "" "" 3003243069844570624 852.635864 1.1318 0.0227 -2.753 -8.916 0.022 0.023 0.946 5555.4 4.3138 14.461667 1.170822 14.963359 13.792537 37.97 8.38 834.386963 870.672302 30922.88152 7.1296 14128.0 26.312 24107.0 19.333 "" "" 0.002766668310283546 0.0034458437 0.0038783872 0.007324231 97.59506912905 -9.03185821735 852.635864 -2.753 -8.916 0.5893657417297362 -9.367756089925766 0.3963508 0.39735082 -11.207500000000003 12.570001 37.93458433390626 39.5555400018284 15.073188736431893 14.887780667338191
98.11032942481 -10.07767128318 0.0182 0.0201 34.7874 "" "" 3002170015214599424 972.940369 0.9864 0.026 2.287 -6.137 0.027 0.032 1.085 5313.1 4.1733 14.462054 1.066444 14.909224 13.842779 36.09 6.41 949.458313 993.985168 30911.84078 7.698 14850.0 22.386 23017.0 18.753 "" "" 0.0027685548005456175 0.0032347953 0.0038815257 0.007116321 98.11032942481 -10.07767128318 972.940369 2.287 -6.136999999999999 5.629365741729736 -6.588756089925766 0.40135083 0.40635082 -13.087499999999999 10.6 39.965823938895845 42.054128683933286 16.156127140311384 15.704228648477848
97.6773531114 -9.33986323328 0.0177 0.0185 17.3954 "" "" 3003041270804144000 966.26947 0.9835 0.0212 14.38 6.015 0.022 0.022 0.957 "" "" 14.469696 2.815065 16.073097 13.258032 14.07 2.13 946.275635 983.200012 30695.03762 14.969 5083.7 23.052 39441.0 42.236 "" "" 0.002805732994325469 0.005658936 0.003954181 0.009613117 97.6773531114 -9.33986323328 966.26947 14.38 6.015 17.72236574172974 5.563243910074234 0.3963508 0.3963508 -35.1075 6.3200006 85.0758395457876 92.03496634796254 33.71987714895967 31.263275936767172
97.18800357713 -9.22259515424 0.1884 0.1955 40.8417 "" "" 3003213898426547584 1075.52429 1.0736 0.2443 -6.557 -7.273 0.257 0.228 13.731 5044.7 4.6133 14.472514 1.22121 14.972502 13.751292 18.63 6.22 837.728882 1462.505 30615.48892 44.946 14009.0 21.168 25040.0 26.05 "" "" 0.003183152440722376 0.0032367492 0.0039445614 0.0071813106 97.18800357713 -9.22259515424 1075.52429 -6.556999999999994 -7.273000000000005 -3.214634258270264 -7.724756089925766 0.6313508 0.60235083 -30.547500000000003 10.41 42.65454948173164 52.464848686901725 25.87931989633509 21.89584229431103
97.57780534093 -9.59315514333 0.0172 0.0162 10.159 "" "" 3002998600304716544 905.540283 1.0671 0.0204 4.775 6.827 0.023 0.021 0.99 5530.8 4.2161 14.472746 1.096085 14.933069 13.836985 4.32 7.48 889.639099 921.353271 30608.93376 7.7162 14527.0 14.597 23140.0 14.459 "" "" 0.0027688811346982564 0.0029958738 0.0038397894 0.006835663 97.57780534093 -9.59315514333 905.540283 4.774999999999998 6.8269999999999955 8.117365741729737 6.375243910074234 0.39735082 0.3953508 -44.8575 11.67 44.302987004856746 63.04720425048605 17.570077182010813 14.87868805790266
97.91620461705 -9.54799033771 0.0223 0.0239 10.9335 "" "" 3002975579280212480 935.389954 1.0282 0.0285 -4.073 -0.537 0.029 0.03 1.212 "" "" 14.474423 1.713437 15.286191 13.572754 -23.54 13.82 912.555725 954.237427 30561.69214 10.863 10494.0 31.429 29516.0 40.198 "" "" 0.002782215525504209 0.004284713 0.0040583485 0.008343061 97.91620461705 -9.54799033771 935.389954 -4.073 -0.5370000000000007 -0.7306342582702641 -0.988756089925766 0.40335083 0.40435082 -72.7175 18.01 5.45092358758291 72.9215151667028 2.202161789878181 17.960367380054112
98.19198246021 -9.58533669615 0.0188 0.0205 26.4078 "" "" 3002965099559954688 1025.22803 0.9383 0.0267 1.848 -2.355 0.024 0.026 1.131 "" "" 14.486399 1.585012 15.228508 13.643496 7.35 5.95 995.286194 1049.39246 30226.46534 7.0267 11067.0 15.246 27654.0 24.261 "" "" 0.0027668564963044145 0.0031657899 0.0038975666 0.007063356 98.19198246021 -9.58533669615 1025.22803 1.847999999999999 -2.3549999999999995 5.190365741729736 -2.806756089925766 0.3983508 0.4003508 -41.8275 10.14 28.67472940539897 50.71271894429298 11.435602649189711 10.571507304310904
97.492975847 -9.26295528881 0.0203 0.0217 26.2497 "" "" 3003045123391328768 1111.23145 0.8632 0.0242 -0.991 -2.701 0.025 0.025 0.992 7196.0 4.0074 14.488247 1.613029 15.241405 13.628375 11.55 5.95 1085.06934 1135.03894 30175.04398 8.1626 10936.0 18.015 28042.0 19.823 "" "" 0.0027709293510157973 0.0033142033 0.003856527 0.0071707303 97.492975847 -9.26295528881 1111.23145 -0.9910000000000001 -2.7009999999999996 2.3513657417297362 -3.152756089925766 0.39935082 0.39935082 -37.6275 10.14 20.716246177626854 42.95336554848804 8.273049939207377 9.737728638963198
