Clusters/vdBergh_80/vdBergh_80_stars_in_region.tsv
# %ECSV 1.0
# ---
# datatype:
# - name: RA_ICRS_1
#   unit: deg
#   datatype: float64
#   format: '{:15.11f}'
#   description: Right ascension (ICRS) at Ep=2016.0 (ra)
#   meta: !!omap
#   - {ucd: POS_EQ_RA_MAIN}
#   - {width: 15}
#   - {precision: '11'}
# - name: DE_ICRS_1
#   unit: deg
#   datatype: float64
#   format: '{:15.11f}'
#   description: Declination (ICRS) at Ep=2016.0 (dec)
#   meta: !!omap
#   - {ucd: POS_EQ_DEC_MAIN}
#   - {width: 15}
#   - {precision: '11'}
# - name: e_RA_ICRS
#   unit: mas
#   datatype: float64
#   format: '{:7.4f}'
#   description: Standard error of right ascension (ra_error)
#   meta: !!omap
#   - {ucd: ERROR}
#   - {width: 7}
#   - {precision: '4'}
# - name: e_DE_ICRS
#   unit: mas
#   datatype: float64
#   format: '{:7.4f}'
#   description: Standard error of declination (dec_error)
#   meta: !!omap
#   - {ucd: ERROR}
#   - {width: 7}
#   - {precision: '4'}
# - name: _r_1
#   unit: ''
#   datatype: float64
#   format: '{:7.4f}'
#   description: Distance from center (097.74710606000-09.62150582000)[ICRS], at Epoch=J2016.0
#   meta: !!omap
#   - {ucd: POS_ANG_DIST_GENERAL}
#   - {width: 7}
#   - {precision: '4'}
# - name: HIP
#   datatype: int32
#   description: '? HIP cross-id number, van Leeuwen, Cat. I/311 (hip_original_ext_source_id)'
#   meta: !!omap
#   - {ucd: ID_NUMBER}
#   - {width: 6}
#   - values: {'null': -2147483648}
# - name: TYC2
#   datatype: string
#   description: Tycho-2 cross-id name, Hog et al., Cat. I/259 (tyc2_original_ext_source_id)
#   meta: !!omap
#   - {ucd: ID_CROSSID}
#   - {_votable_string_dtype: char}
# - name: Source
#   datatype: int64
#   description: Source identifier, identical to the Gaia-EDR3 source_id (id)
#   meta: !!omap
#   - {ucd: ID_MAIN}
#   - {width: 19}
# - name: rgeo
#   unit: pc
#   datatype: float64
#   format: '{:15.8f}'
#   description: '? Median of the geometric distance posterior (r_med_geo)'
#   meta: !!omap
#   - {ucd: PHYS_DISTANCE_TRUE}
#   - {width: 15}
#   - {precision: '8'}
#   - values: {'null': .nan}
# - name: Plx
#   unit: mas
#   datatype: float64
#   format: '{:9.4f}'
#   description: '? Parallax (parallax)'
#   meta: !!omap
#   - {ucd: POS_PARLX_TRIG}
#   - {width: 9}
#   - {precision: '4'}
#   - values: {'null': .nan}
# - name: e_Plx
#   unit: mas
#   datatype: float32
#   format: '{:7.4f}'
#   description: '? Standard error of parallax (parallax_error)'
#   meta: !!omap
#   - {ucd: ERROR}
#   - {width: 7}
#   - {precision: '4'}
#   - values: {'null': .nan}
# - name: pmRA
#   unit: mas / yr
#   datatype: float64
#   format: '{:9.3f}'
#   description: '? Proper motion in right ascension direction, pmRA*cosDE (pmra)'
#   meta: !!omap
#   - {ucd: POS_EQ_PMRA}
#   - {width: 9}
#   - {precision: '3'}
#   - values: {'null': .nan}
# - name: pmDE
#   unit: mas / yr
#   datatype: float64
#   format: '{:9.3f}'
#   description: '? Proper motion in declination direction (pmdec)'
#   meta: !!omap
#   - {ucd: POS_EQ_PMDEC}
#   - {width: 9}
#   - {precision: '3'}
#   - values: {'null': .nan}
# - name: e_pmRA
#   unit: mas / yr
#   datatype: float32
#   format: '{:6.3f}'
#   description: '? Standard error of proper motion in right ascension direction (pmra_error)'
#   meta: !!omap
#   - {ucd: ERROR}
#   - {width: 6}
#   - {precision: '3'}
#   - values: {'null': .nan}
# - name: e_pmDE
[...]
#         value: !astropy.table.SerializedColumn {name: SkyCoord.dec}
#       distance: !astropy.table.SerializedColumn
#         __class__: astropy.coordinates.distances.Distance
#         unit: !astropy.units.Unit {unit: pc}
#         value: !astropy.table.SerializedColumn {name: SkyCoord.distance}
#       frame: icrs
#       obstime: !astropy.time.Time {format: jyear_str, in_subfmt: '*', jd1: 367701545.0, jd2: 0.0, out_subfmt: '*', precision: 3, scale: tt}
#       pm_dec: !astropy.table.SerializedColumn
#         __class__: astropy.units.quantity.Quantity
#         unit: !astropy.units.Unit {unit: mas / yr}
#         value: !astropy.table.SerializedColumn {name: SkyCoord.pm_dec}
#       pm_ra_cosdec: !astropy.table.SerializedColumn
#         __class__: astropy.units.quantity.Quantity
#         unit: !astropy.units.Unit {unit: mas / yr}
#         value: !astropy.table.SerializedColumn {name: SkyCoord.pm_ra_cosdec}
#       ra: !astropy.table.SerializedColumn
#         __class__: astropy.coordinates.angles.Longitude
#         unit: *id001
#         value: !astropy.table.SerializedColumn {name: SkyCoord.ra}
#         wrap_angle: !astropy.coordinates.Angle
#           unit: *id001
#           value: 360.0
#       representation_type: spherical
# schema: astropy-2.0
RA_ICRS_1 DE_ICRS_1 e_RA_ICRS e_DE_ICRS _r_1 HIP TYC2 Source rgeo Plx e_Plx pmRA pmDE e_pmRA e_pmDE RUWE Teff logg Gmag BP-RP BPmag RPmag RV e_RV b_rgeo B_rgeo FG e_FG FBP e_FBP FRP e_FRP RAVE5 RAVE6 e_Gmag e_BPmag e_RPmag e_BP-RP SkyCoord.ra SkyCoord.dec SkyCoord.distance SkyCoord.pm_ra_cosdec SkyCoord.pm_dec rmRA rmDE e_rmRA e_rmDE rRV e_rRV v_pec v_pec3d e_vpec e_vpec3d
[from data line 640]
97.11357891473 -9.76916633189 0.0385 0.04 38.5019 "" "" 3002909608581995008 929.700806 1.0478 0.0483 3.401 -6.237 0.046 0.053 1.011 4600.0 4.3537 16.133968 1.567057 16.867676 15.300619 "" "" 893.346741 967.693481 6627.6492 3.6566 2445.4 20.627 6010.5 24.147 "" "" 0.002819683648337301 0.009573809 0.0057714814 0.01534529 97.11357891473 -9.76916633189 929.700806 3.4010000000000002 -6.2370000000000045 6.743365741729736 -6.688756089925766 0.42035082 0.42735082 "" "" 41.85571477304642 "" 17.739992685658777 ""
97.55193513373 -9.95435333183 0.0402 0.0417 23.0652 "" "" 3002935103508689664 963.781494 1.0185 0.0486 -3.704 1.234 0.05 0.048 1.177 6312.7 4.2308 16.134853 1.836359 17.012028 15.175669 "" "" 913.427063 1017.20117 6622.25318 12.766 2140.9 24.182 6743.6 40.447 "" "" 0.003460133217249087 0.012577059 0.007529325 0.020106383 97.55193513373 -9.95435333183 963.781494 -3.7039999999999975 1.2339999999999993 -0.36163425827026385 0.782243910074234 0.42435083 0.42235082 "" "" 3.936943782873945 "" 1.664160668010554 ""
98.06967179734 -9.30957532169 0.0372 0.042 26.7344 "" "" 3002986093360046592 1092.59546 0.8792 0.0505 4.457 -1.296 0.044 0.048 1.033 5739.6 4.5035 16.135218 1.607545 16.891447 15.283902 "" "" 1035.02539 1154.87793 6620.0279 3.193 2392.4 11.973 6103.8 11.32 "" "" 0.0028046438081562345 0.006108179 0.0042823195 0.010390499 98.06967179734 -9.30957532169 1092.59546 4.457 -1.296 7.799365741729736 -1.747756089925766 0.41835082 0.42235082 "" "" 41.39390112442094 "" 17.32512534388569 ""
97.58432529979 -9.00035868965 0.0419 0.0493 38.4949 "" "" 3003244822191222784 898.86084 1.1024 0.0572 -0.953 -1.743 0.054 0.059 1.144 4611.6 4.4489 16.140713 1.57138 16.85132 15.279941 "" "" 853.894897 937.608154 6586.60541 4.4757 2482.5 10.582 6126.1 20.853 "" "" 0.00285238506919438 0.005404106 0.005286084 0.01069019 97.58432529979 -9.00035868965 898.86084 -0.953 -1.742999999999999 2.3893657417297365 -2.1947560899257663 0.4283508 0.4333508 "" "" 13.82302068972541 "" 5.952830302191731 ""
97.4828855812 -9.80307686514 0.0373 0.0375 19.0488 "" "" 3002988395462481408 827.675476 1.174 0.0493 -4.793 -10.497 0.047 0.052 1.112 4519.4 4.5554 16.142149 1.595921 16.893988 15.298067 "" "" 793.895325 866.17749 6577.89863 3.6391 2386.8 10.4 6024.6 13.684 "" "" 0.0028200329502470482 0.00549238 0.0045127966 0.010005176 97.4828855812 -9.80307686514 827.675476 -4.792999999999992 -10.497 -1.4506342582702638 -10.948756089925766 0.4213508 0.42635083 "" "" 43.32933570376756 "" 18.46978235445571 ""
97.52293708677 -9.65466567453 0.0346 0.0359 13.4087 "" "" 3002996504360696320 854.131836 1.1365 0.0448 -3.778 1.027 0.046 0.047 1.013 4476.1 4.3186 16.143044 1.676191 16.940447 15.264256 "" "" 826.879456 883.9245 6572.48217 11.082 2286.9 20.083 6215.2 22.378 "" "" 0.0033080488849043612 0.009934536 0.00543744 0.015371976 97.52293708677 -9.65466567453 854.131836 -3.7780000000000005 1.027 -0.4356342582702637 0.5752439100742339 0.42035082 0.4213508 "" "" 2.9213921078124576 "" 1.22986695743381 ""
97.50088972756 -9.41961012075 0.0959 0.0999 18.9476 "" "" 3003015780173876992 1130.37988 0.9223 0.1193 -2.463 6.624 0.121 0.116 2.674 7642.1 4.4317 16.14912 1.688904 16.862127 15.173224 "" "" 997.791687 1277.30908 6535.79948 10.922 2457.9 12.934 6758.8 18.787 "" "" 0.0032990538685584397 0.0063582812 0.0048365025 0.011194784 97.50088972756 -9.41961012075 1130.37988 -2.4630000000000014 6.624 0.8793657417297362 6.172243910074234 0.4953508 0.4903508 "" "" 33.404836831060486 "" 16.383428292768976 ""
97.99467773401 -9.65425002487 0.0387 0.0414 14.7758 "" "" 3002970768916857600 1128.15308 0.855 0.0474 -5.263 -3.892 0.05 0.056 1.066 5099.7 4.325 16.156267 1.529559 16.858814 15.329255 "" "" 1079.52527 1184.59546 6492.91212 3.3354 2465.4 14.671 5854.0 21.0 "" "" 0.0028112034166977444 0.0070376825 0.0054271165 0.012464799 97.99467773401 -9.65425002487 1128.15308 -5.263 -3.8920000000000003 -1.9206342582702636 -4.3437560899257655 0.42435083 0.4303508 "" "" 25.397300311231792 "" 10.904974609828246 ""
97.41056919881 -9.65926983144 0.0445 0.0455 20.0356 "" "" 3002993686862172032 944.531921 1.0306 0.0532 1.092 -0.119 0.058 0.053 1.301 7656.6 4.4221 16.156805 1.769687 17.014345 15.244658 "" "" 897.47406 991.934204 6489.70696 3.3776 2136.4 17.408 6328.4 15.455 "" "" 0.0028126679728329987 0.00927645 0.0046167555 0.013893206 97.41056919881 -9.65926983144 944.531921 1.0920000000000003 -0.119 4.434365741729737 -0.570756089925766 0.4323508 0.42735082 "" "" 20.01679071271083 "" 8.652653998452239 ""
98.21287792817 -9.63587578834 0.0414 0.0442 27.5661 "" "" 3002964339348553344 1083.05518 0.8839 0.0519 2.967 -1.281 0.052 0.054 1.045 5055.3 4.3103 16.157799 1.578521 16.888237 15.309716 "" "" 1022.11395 1147.58997 6483.76705 3.1391 2399.5 10.248 5960.3 16.103 "" "" 0.002805014112409961 0.0054117804 0.004784165 0.010195945 98.21287792817 -9.63587578834 1083.05518 2.967 -1.281 6.309365741729737 -1.732756089925766 0.42635083 0.4283508 "" "" 33.58955707474782 "" 14.325657308025985 ""
98.14602975043 -9.83183731512 0.0402 0.0432 26.7547 "" "" 3002951660604754304 805.750671 1.2157 0.0463 -2.016 3.514 0.051 0.055 1.008 4796.6 4.6262 16.158154 1.352158 16.765833 15.413675 "" "" 772.589966 841.133118 6481.64089 4.8912 2685.9 11.002 5416.1 13.966 "" "" 0.002874557070873889 0.005250182 0.004703401 0.009953583 98.14602975043 -9.83183731512 805.750671 -2.0159999999999996 3.5139999999999993 1.3263657417297363 3.062243910074234 0.42535082 0.42935082 "" "" 12.745445290016477 "" 5.464245454407906 ""
97.87654912786 -9.17380427346 0.0359 0.0398 27.9336 "" "" 3003038732478955136 951.600586 1.0044 0.0493 6.787 2.374 0.044 0.051 0.981 5197.5 4.6178 16.16174 1.289595 16.728603 15.439009 "" "" 911.217346 995.641541 6460.27605 3.2036 2779.6 11.466 5291.2 13.603 "" "" 0.0028074316702353832 0.0052767396 0.0046984064 0.0099751465 97.87654912786 -9.17380427346 951.600586 6.787 2.3739999999999988 10.129365741729735 1.9222439100742341 0.41835082 0.42535082 "" "" 46.504799787940804 "" 19.46672800273272 ""
98.25994057852 -9.09692348352 0.0373 0.0383 43.7313 "" "" 3003417582955568000 1103.64038 0.8687 0.0463 -3.249 6.241 0.05 0.047 1.077 5595.5 4.5955 16.172407 1.343909 16.757158 15.413249 "" "" 1050.27039 1152.70105 6397.11462 3.5101 2707.4 11.683 5418.2 12.371 "" "" 0.002818989225610845 0.0054530688 0.004519856 0.009972924 98.25994057852 -9.09692348352 1103.64038 -3.249000000000001 6.241000000000001 0.09336574172973622 5.789243910074234 0.42435083 0.4213508 "" "" 30.28895170227278 "" 12.762297953564158 ""
97.44017731105 -8.97585239091 0.0387 0.0415 42.7903 "" "" 3003247193010190080 1074.13452 0.9067 0.0526 0.277 -1.264 0.049 0.047 1.046 6286.7 4.3592 16.173687 1.708871 16.94431 15.235438 "" "" 1017.43243 1147.68884 6389.57862 3.8048 2278.7 10.414 6382.4 9.7171 "" "" 0.0028301557034498747 0.0056926496 0.004125068 0.009817718 97.44017731105 -8.97585239091 1074.13452 0.277 -1.264 3.6193657417297365 -1.715756089925766 0.4233508 0.4213508 "" "" 20.39333710999624 "" 8.626066355883314 ""
98.09034987308 -9.15099077405 0.0355 0.0369 34.7827 "" "" 3003410539208891008 1025.89758 0.9479 0.0468 5.211 -9.403 0.042 0.044 0.985 4677.9 4.1939 16.184294 1.452369 16.8438 15.391431 "" "" 976.630249 1063.65515 6327.46267 2.8434 2499.8 13.518 5528.2 10.616 "" "" 0.002798184743256819 0.0065005203 0.004316348 0.010816868 98.09034987308 -9.15099077405 1025.89758 5.211 -9.403 8.553365741729737 -9.854756089925766 0.4163508 0.41835082 "" "" 63.4540618843017 "" 26.491606216636082 ""
98.11477543384 -9.90171929238 0.0363 0.041 27.4833 "" "" 3002200320504315648 774.949219 1.26 0.0475 -3.99 0.877 0.047 0.052 1.007 4572.5 4.452 16.185404 1.391941 16.812147 15.420206 "" "" 745.295593 805.696167 6320.98647 4.4568 2573.7 11.786 5383.6 20.86 "" "" 0.0028596899360017044 0.005701406 0.0056552654 0.011356671 98.11477543384 -9.90171929238 774.949219 -3.9900000000000015 0.8769999999999998 -0.6476342582702639 0.425243910074234 0.4213508 0.42635083 "" "" 2.8459167944701034 "" 1.2034338086987681 ""
97.2298831115 -9.44211016032 0.0376 0.0369 32.4425 "" "" 3003018357154304896 770.184082 1.2686 0.0443 -2.002 -0.183 0.051 0.044 0.95 4569.5 4.5131 16.188099 1.416472 16.832464 15.415993 "" "" 747.11261 794.914551 6305.32252 5.0928 2526.0 15.19 5404.6 15.18 "" "" 0.0028915093619594832 0.007100232 0.0048562684 0.0119565 97.2298831115 -9.44211016032 770.184082 -2.0020000000000024 -0.183 1.3403657417297365 -0.634756089925766 0.42535082 0.41835082 "" "" 5.414201694173598 "" 2.2960392916227486 ""
98.23010574743 -9.69368924232 0.0367 0.043 28.8957 "" "" 3002960907672244608 902.992676 1.0742 0.0503 4.246 -4.639 0.046 0.051 1.071 5193.8 4.6092 16.190687 1.343209 16.791143 15.447934 "" "" 866.530212 939.266968 6290.30505 3.6241 2624.0 17.291 5247.9 13.965 "" "" 0.0028254354544762867 0.0076793376 0.004757235 0.012436572 98.23010574743 -9.69368924232 902.992676 4.246 -4.639000000000001 7.588365741729737 -5.090756089925766 0.42035082 0.42535082 "" "" 39.11140761591807 "" 16.501455692163095 ""
97.81058663494 -9.44926218946 0.0362 0.0396 10.9961 "" "" 3003024816785018112 921.794373 1.0604 0.0477 -1.93 0.385 0.048 0.05 1.002 5203.7 4.6795 16.192207 1.331201 16.782446 15.451245 "" "" 886.071899 960.343628 6281.50814 4.6106 2645.1 15.385 5231.9 16.007 "" "" 0.0028682538140677436 0.006904016 0.0050317147 0.01193573 97.81058663494 -9.44926218946 921.794373 -1.930000000000001 0.38500000000000023 1.4123657417297364 -0.06675608992576598 0.42235082 0.42435083 "" "" 6.177946453412324 "" 2.60928838140805 ""
98.49971460542 -9.69976578643 0.0379 0.0383 44.7631 "" "" 3002207536048669312 1019.58795 0.948 0.0468 -4.525 0.381 0.048 0.045 1.072 5608.3 4.5514 16.192774 1.557532 16.914248 15.356715 "" "" 964.738281 1078.90564 6278.23387 3.1119 2342.7 9.0433 5707.8 12.952 "" "" 0.00280738436491367 0.0050349673 0.0045115044 0.009546472 98.49971460542 -9.69976578643 1019.58795 -4.524999999999995 0.38100000000000045 -1.182634258270264 -0.07075608992576599 0.42235082 0.4193508 "" "" 5.725710552773371 "" 2.418197518799173 ""
97.6934376442 -10.24355593721 0.04 0.0382 37.4575 "" "" 3002070779994823680 1085.50146 0.887 0.0463 0.754 8.294 0.049 0.044 0.999 4953.6 4.3227 16.194384 1.574431 16.921432 15.347002 "" "" 1040.35205 1142.29578 6268.9278 3.5587 2327.3 9.4422 5759.1 22.06 "" "" 0.002823414247965346 0.0052143075 0.005619601 0.010833908 97.6934376442 -10.24355593721 1085.50146 0.7539999999999998 8.294 4.096365741729736 7.8422439100742345 0.4233508 0.41835082 "" "" 45.52363589581295 "" 19.093870584807224 ""
98.32204549799 -10.10845925842 0.04 0.043 44.8186 "" "" 3002158122449133952 1072.22766 0.9153 0.0473 4.274 -6.068 0.053 0.056 1.072 5451.5 4.5777 16.202408 1.403832 16.83613 15.432298 "" "" 1011.80499 1150.00781 6222.7626 3.5 2517.5 10.7 5324.0 12.673 "" "" 0.0028221820601698326 0.0053925896 0.0045785406 0.009971131 98.32204549799 -10.10845925842 1072.22766 4.274000000000005 -6.068000000000005 7.616365741729736 -6.519756089925766 0.42735082 0.4303508 "" "" 50.95460973324772 "" 21.84026901430755 ""
97.22503744371 -9.15729988134 0.0356 0.0348 41.6033 "" "" 3003214753123110528 1109.51489 0.8785 0.0405 -2.273 1.483 0.047 0.043 0.983 5537.3 4.4621 16.204628 1.588175 16.933575 15.3454 "" "" 1069.86877 1163.47986 6210.05248 3.1356 2301.4 10.297 5767.6 22.431 "" "" 0.0028093286417541475 0.005602109 0.005666913 0.011269022 97.22503744371 -9.15729988134 1109.51489 -2.273 1.4829999999999988 1.0693657417297362 1.031243910074234 0.4213508 0.41735083 "" "" 7.81291934458241 "" 3.276958287570061 ""
97.47154748608 -9.8022953247 0.0374 0.0383 19.5766 "" "" 3002988395462482944 857.895081 1.1243 0.0465 -3.061 -4.986 0.049 0.046 1.085 4975.3 4.5139 16.20467 1.411709 16.844097 15.432388 "" "" 826.737366 890.053772 6209.81594 2.8756 2499.1 10.097 5323.6 13.293 "" "" 0.0028008164098963094 0.005198822 0.0046512005 0.009850022 97.47154748608 -9.8022953247 857.895081 -3.061 -4.986000000000002 0.2813657417297364 -5.437756089925766 0.4233508 0.42035082 "" "" 22.141795849205746 "" 9.307500036590785 ""
98.22783584202 -9.28718653597 0.0353 0.0354 34.8121 "" "" 3003360751948359680 846.657166 1.1456 0.042 -0.453 -12.675 0.046 0.041 0.994 4818.2 4.5322 16.205498 1.402694 16.842443 15.43975 "" "" 818.115906 876.31781 6205.088 3.3218 2502.9 15.138 5287.6 11.004 "" "" 0.0028159581925747113 0.0071349153 0.004403312 0.011538228 98.22783584202 -9.28718653597 846.657166 -0.453 -12.675 2.8893657417297365 -13.126756089925767 0.42035082 0.41535082 "" "" 53.94076796308843 "" 22.416877156532237 ""
97.30676183083 -9.51557464318 0.0351 0.036 26.8171 "" "" 3003013993467533696 835.417236 1.1624 0.0419 -4.772 -7.789 0.045 0.042 0.983 4691.2 4.5227 16.207302 1.369628 16.832773 15.463145 "" "" 805.750427 864.594971 6194.7775 3.228 2525.3 11.31 5174.9 17.176 "" "" 0.0028128052865563063 0.0056062923 0.0052220807 0.010828373 97.30676183083 -9.51557464318 835.417236 -4.772 -7.789 -1.429634258270264 -8.240756089925766 0.4193508 0.4163508 "" "" 33.11980609843465 "" 13.79237129464985 ""
97.91823872973 -9.97842776331 0.0359 0.0373 23.6853 "" "" 3002925482781841024 762.53833 1.2925 0.0487 3.669 0.529 0.047 0.05 0.998 4685.1 4.5878 16.207739 1.478598 16.889313 15.410715 "" "" 737.943237 786.989746 6192.2848 3.1713 2397.1 12.386 5430.9 15.747 "" "" 0.002810867578276509 0.006265626 0.0049187746 0.0111844 97.91823872973 -9.97842776331 762.53833 3.6689999999999996 0.5289999999999999 7.011365741729737 0.07724391007423403 0.4213508 0.42435083 "" "" 25.34364036739791 "" 10.67857257980711 ""
97.71475580494 -9.65196542908 0.0459 0.051 2.6461 "" "" 3002950496671309440 1003.89337 0.9805 0.0577 -3.138 0.336 0.06 0.055 1.06 8557.3 4.165 16.207788 2.523237 17.577435 15.054197 "" "" 957.495789 1076.05249 6192.00478 19.544 1271.9 21.087 7541.9 68.576 "" "" 0.004397238398072475 0.018215524 0.010570942 0.028786466 97.71475580494 -9.65196542908 1003.89337 -3.138 0.33599999999999974 0.20436574172973643 -0.11575608992576597 0.43435082 0.42935082 "" "" 1.1176274627043343 "" 0.4840909837818288 ""
97.31088668275 -9.95067669535 0.0465 0.0462 32.4856 "" "" 3002891634143257728 914.114014 1.0654 0.0506 -2.075 4.265 0.059 0.05 1.006 7811.4 4.1949 16.208261 2.132564 17.279968 15.147405 "" "" 876.964478 955.409729 6189.30991 4.3377 1672.7 9.5764 6921.4 19.366 "" "" 0.0028584603388557388 0.006813462 0.0048489617 0.011662424 97.31088668275 -9.95067669535 914.114014 -2.075 4.265 1.2673657417297362 3.8132439100742337 0.4333508 0.42435083 "" "" 17.41106099911352 "" 7.404134220327691 ""
98.07341851186 -9.52601407675 0.0471 0.0524 20.1383 "" "" 3002978632999901952 757.897888 1.29 0.0518 -3.074 -1.006 0.058 0.061 1.059 4625.1 4.5833 16.209698 1.466598 16.877182 15.410583 "" "" 729.832886 786.090576 6181.12986 4.6595 2424.1 20.934 5431.6 22.773 "" "" 0.0028743105084127296 0.009782526 0.0059165712 0.015699096 98.07341851186 -9.52601407675 757.897888 -3.074 -1.0059999999999998 0.2683657417297365 -1.457756089925766 0.4323508 0.4353508 "" "" 5.324897850404279 "" 2.317676664191824 ""
97.09348202411 -9.27177678665 0.0369 0.0359 44.0101 "" "" 3003212008640964992 768.169556 1.2651 0.0443 -6.065 -3.162 0.053 0.049 0.984 4720.1 4.4941 16.209942 1.340856 16.802807 15.461951 "" "" 742.173889 796.54895 6179.74181 3.1251 2595.9 14.781 5180.6 14.304 "" "" 0.002809493479717696 0.006782635 0.00482395 0.011606585 97.09348202411 -9.27177678665 768.169556 -6.064999999999996 -3.1620000000000035 -2.722634258270264 -3.613756089925766 0.42735082 0.4233508 "" "" 16.47461427868166 "" 6.998474333819437 ""
