Clusters/vdBergh_80/vdBergh_80_members.tsv
# %ECSV 1.0
# ---
# datatype:
# - name: RA_ICRS_1
#   unit: deg
#   datatype: float64
#   format: '{:15.11f}'
#   description: Right ascension (ICRS) at Ep=2016.0 (ra)
#   meta: !!omap
#   - {ucd: POS_EQ_RA_MAIN}
#   - {width: 15}
#   - {precision: '11'}
# - name: DE_ICRS_1
#   unit: deg
#   datatype: float64
#   format: '{:15.11f}'
#   description: Declination (ICRS) at Ep=2016.0 (dec)
#   meta: !!omap
#   - {ucd: POS_EQ_DEC_MAIN}
#   - {width: 15}
#   - {precision: '11'}
# - name: e_RA_ICRS
#   unit: mas
#   datatype: float64
#   format: '{:7.4f}'
#   description: Standard error of right ascension (ra_error)
#   meta: !!omap
#   - {ucd: ERROR}
#   - {width: 7}
#   - {precision: '4'}
# - name: e_DE_ICRS
#   unit: mas
#   datatype: float64
#   format: '{:7.4f}'
#   description: Standard error of declination (dec_error)
#   meta: !!omap
#   - {ucd: ERROR}
#   - {width: 7}
#   - {precision: '4'}
# - name: _r_1
#   unit: ''
#   datatype: float64
#   format: '{:7.4f}'
#   description: Distance from center (097.74710606000-09.62150582000)[ICRS], at Epoch=J2016.0
#   meta: !!omap
#   - {ucd: POS_ANG_DIST_GENERAL}
#   - {width: 7}
#   - {precision: '4'}
# - name: HIP
#   datatype: int32
#   description: '? HIP cross-id number, van Leeuwen, Cat. I/311 (hip_original_ext_source_id)'
#   meta: !!omap
#   - {ucd: ID_NUMBER}
#   - {width: 6}
#   - values: {'null': -2147483648}
# - name: TYC2
#   datatype: string
#   description: Tycho-2 cross-id name, Hog et al., Cat. I/259 (tyc2_original_ext_source_id)
#   meta: !!omap
#   - {ucd: ID_CROSSID}
#   - {_votable_string_dtype: char}
# - name: Source
#   datatype: int64
#   description: Source identifier, identical to the Gaia-EDR3 source_id (id)
#   meta: !!omap
#   - {ucd: ID_MAIN}
#   - {width: 19}
# - name: rgeo
#   unit: pc
#   datatype: float64
#   format: '{:15.8f}'
#   description: '? Median of the geometric distance posterior (r_med_geo)'
#   meta: !!omap
#   - {ucd: PHYS_DISTANCE_TRUE}
#   - {width: 15}
#   - {precision: '8'}
#   - values: {'null': .nan}
# - name: Plx
#   unit: mas
#   datatype: float64
#   format: '{:9.4f}'
#   description: '? Parallax (parallax)'
#   meta: !!omap
#   - {ucd: POS_PARLX_TRIG}
#   - {width: 9}
#   - {precision: '4'}
#   - values: {'null': .nan}
# - name: e_Plx
#   unit: mas
#   datatype: float32
#   format: '{:7.4f}'
#   description: '? Standard error of parallax (parallax_error)'
#   meta: !!omap
#   - {ucd: ERROR}
#   - {width: 7}
#   - {precision: '4'}
#   - values: {'null': .nan}
# - name: pmRA
#   unit: mas / yr
#   datatype: float64
#   format: '{:9.3f}'
#   description: '? Proper motion in right ascension direction, pmRA*cosDE (pmra)'
#   meta: !!omap
#   - {ucd: POS_EQ_PMRA}
#   - {width: 9}
#   - {precision: '3'}
#   - values: {'null': .nan}
# - name: pmDE
#   unit: mas / yr
#   datatype: float64
#   format: '{:9.3f}'
#   description: '? Proper motion in declination direction (pmdec)'
#   meta: !!omap
#   - {ucd: POS_EQ_PMDEC}
#   - {width: 9}
#   - {precision: '3'}
#   - values: {'null': .nan}
# - name: e_pmRA
#   unit: mas / yr
#   datatype: float32
#   format: '{:6.3f}'
#   description: '? Standard error of proper motion in right ascension direction (pmra_error)'
#   meta: !!omap
#   - {ucd: ERROR}
#   - {width: 6}
#   - {precision: '3'}
#   - values: {'null': .nan}
# - name: e_pmDE
[...]
#         unit: &id001 !astropy.units.Unit {unit: deg}
#         value: !astropy.table.SerializedColumn {name: SkyCoord.dec}
#       distance: !astropy.table.SerializedColumn
#         __class__: astropy.coordinates.distances.Distance
#         unit: !astropy.units.Unit {unit: pc}
#         value: !astropy.table.SerializedColumn {name: SkyCoord.distance}
#       frame: icrs
#       obstime: !astropy.time.Time {format: jyear_str, in_subfmt: '*', jd1: 367701545.0, jd2: 0.0, out_subfmt: '*', precision: 3, scale: tt}
#       pm_dec: !astropy.table.SerializedColumn
#         __class__: astropy.units.quantity.Quantity
#         unit: !astropy.units.Unit {unit: mas / yr}
#         value: !astropy.table.SerializedColumn {name: SkyCoord.pm_dec}
#       pm_ra_cosdec: !astropy.table.SerializedColumn
#         __class__: astropy.units.quantity.Quantity
#         unit: !astropy.units.Unit {unit: mas / yr}
#         value: !astropy.table.SerializedColumn {name: SkyCoord.pm_ra_cosdec}
#       ra: !astropy.table.SerializedColumn
#         __class__: astropy.coordinates.angles.Longitude
#         unit: *id001
#         value: !astropy.table.SerializedColumn {name: SkyCoord.ra}
#         wrap_angle: !astropy.coordinates.Angle
#           unit: *id001
#           value: 360.0
#       representation_type: spherical
# schema: astropy-2.0
RA_ICRS_1 DE_ICRS_1 e_RA_ICRS e_DE_ICRS _r_1 HIP TYC2 Source rgeo Plx e_Plx pmRA pmDE e_pmRA e_pmDE RUWE Teff logg Gmag BP-RP BPmag RPmag RV e_RV b_rgeo B_rgeo FG e_FG FBP e_FBP FRP e_FRP RAVE5 RAVE6 e_Gmag e_BPmag e_RPmag e_BP-RP SkyCoord.ra SkyCoord.dec SkyCoord.distance SkyCoord.pm_ra_cosdec SkyCoord.pm_dec Pmemb
97.70753871131 -9.65411066403 0.0154 0.0175 3.0504 31042 5369-1910-1 3002950320574710272 918.858704 1.0711 0.022 -3.526 0.154 0.019 0.019 1.072 "" "" 8.764178 0.438665 8.908145 8.46948 "" "" 894.74292 937.286621 5878620.34026 1935.3 3733900.0 2627.7 3246100.0 1191.2 "" "" 0.002778407685438259 0.0028928986 0.003800325 0.0066932235 97.70753871131 -9.65411066403 918.858704 -3.5260000000000007 0.154 0.9
97.70124985405 -9.64388617931 0.0144 0.0153 3.0268 "" "" 3002950324872618752 928.219666 1.0532 0.0191 -3.428 0.226 0.019 0.018 1.258 "" "" 10.603786 0.714082 10.872119 10.158037 "" "" 912.82489 942.0625 1080021.67829 328.77 611740.0 453.2 685400.0 330.57 "" "" 0.002775072243148326 0.0029037965 0.0038154868 0.0067192833 97.70124985405 -9.64388617931 928.219666 -3.428 0.22600000000000003 1.0
97.71242322364 -9.66046210226 0.018 0.0194 3.11 "" "" 3002950118714192640 924.346558 1.043 0.0238 -3.19 0.27 0.024 0.022 1.054 "" "" 11.180861 0.559002 11.381981 10.822979 17.04 34.68 907.693054 947.08844 634749.01155 234.16 382490.0 210.72 371510.0 161.36 "" "" 0.0027842797325996907 0.0028535647 0.0038086886 0.0066622533 97.71242322364 -9.66046210226 924.346558 -3.1900000000000004 0.26999999999999996 1.0
97.84561426785 -9.74471721063 0.0149 0.0158 9.4126 "" 5369-693-1 3002945235333435776 796.773743 1.2082 0.0188 -4.117 0.911 0.02 0.02 1.176 "" "" 11.981727 0.386471 12.120621 11.73415 23.2 13.82 787.388489 807.010559 303568.02171 109.35 193720.0 138.22 160510.0 71.688 "" "" 0.0027829387509143455 0.0028957163 0.0038103638 0.0067060804 97.84561426785 -9.74471721063 796.773743 -4.117000000000001 0.9109999999999998 1.0
97.93633550898 -9.56202865825 0.0138 0.0151 11.7501 "" 5369-1303-1 3002975304402660096 935.775269 1.0378 0.0163 -2.95 0.348 0.019 0.021 1.12 "" "" 12.136917 0.719789 12.405743 11.685954 45.51 14.51 921.185059 951.671082 263135.8647 81.103 148980.0 101.97 167790.0 59.376 "" "" 0.0027755675172352165 0.0028874385 0.0037988608 0.006686299 97.93633550898 -9.56202865825 935.775269 -2.95 0.3480000000000001 1.0
97.71130087424 -9.65725112229 0.0151 0.0156 3.0142 "" "" 3002950114417757056 954.786682 1.0261 0.0184 -3.52 0.73 0.019 0.018 1.207 "" "" 12.183571 0.904875 12.539094 11.634219 46.47 12.19 939.536438 970.851868 252068.3932 133.44 131760.0 134.82 175980.0 262.2 "" "" 0.0028146308238446863 0.0030032087 0.0041110376 0.0071142465 97.71130087424 -9.65725112229 954.786682 -3.52 0.73 0.8
97.81308373727 -9.63542460071 0.0136 0.015 3.9912 "" "" 3002973277177806208 939.496094 1.0347 0.0176 -3.179 0.346 0.018 0.018 0.954 "" "" 12.883589 0.68969 13.146464 12.456775 "" "" 924.531616 957.613647 132285.21313 43.425 75306.0 47.836 82499.0 55.558 "" "" 0.0027782763008310494 0.0028741453 0.0038494605 0.006723606 97.81308373727 -9.63542460071 939.496094 -3.1789999999999994 0.346 1.0
97.73397433878 -9.61883392423 0.0132 0.0157 0.7932 "" "" 3002950840268671616 957.983032 1.0037 0.0195 -3.296 0.219 0.017 0.017 1.166 5322.3 3.4292 13.587181 1.711943 14.396903 12.68496 2.92 4.76 938.294006 976.466919 69194.90742 158.75 23804.0 195.72 66861.0 515.75 "" "" 0.0037143760395599115 0.00935296 0.009188375 0.018541336 97.73397433878 -9.61883392423 957.983032 -3.296 0.21900000000000003 1.0
97.9189477013 -9.32889717129 0.0137 0.0143 20.2893 "" "" 3003031997970279040 990.743347 0.9728 0.0175 -3.265 0.609 0.017 0.02 1.077 "" "" 13.691393 1.007572 14.105084 13.097512 "" "" 971.267212 1015.40228 62862.17953 11.339 31145.0 29.114 45725.0 17.979 "" "" 0.002762271558046073 0.00296903 0.0038034169 0.006772447 97.9189477013 -9.32889717129 990.743347 -3.2649999999999997 0.609 0.8
97.88702884743 -9.42436539781 0.0138 0.016 14.4383 "" "" 3003024541907356544 946.491455 1.0137 0.0177 -3.077 0.34 0.017 0.02 1.105 "" "" 13.860782 1.281197 14.408255 13.127057 "" "" 932.365479 962.609253 53781.63557 11.812 23557.0 24.374 44497.0 54.381 "" "" 0.0027656196601004187 0.0030078324 0.0040055476 0.00701338 97.88702884743 -9.42436539781 946.491455 -3.077 0.3400000000000001 1.0
97.87434718556 -9.53828192451 0.016 0.0169 9.0336 "" "" 3002976300834728448 953.374512 1.0099 0.0195 -3.692 0.809 0.019 0.021 0.995 "" "" 13.995933 1.38973 14.611194 13.221463 "" "" 932.973511 971.22406 47486.8977 10.265 19541.0 25.259 40792.0 19.012 "" "" 0.0027652979190334816 0.00312325 0.0038131082 0.0069363583 97.87434718556 -9.53828192451 953.374512 -3.6919999999999997 0.8089999999999999 1.0
97.81487489568 -9.58557963529 0.0265 0.028 4.5519 "" "" 3002974617207583872 1057.96338 0.9062 0.0344 -3.108 0.071 0.034 0.035 1.746 7136.4 3.7085 14.181521 1.727608 15.003641 13.276033 21.02 6.38 1014.02576 1101.6449 40025.64577 38.316 13613.0 49.118 38792.0 105.11 "" "" 0.002944836057303521 0.004809574 0.0047894088 0.009598983 97.81487489568 -9.58557963529 1057.96338 -3.1079999999999997 0.07100000000000001 1.0
97.86225547926 -9.63957928644 0.0153 0.0172 6.8974 "" "" 3002970184801340288 804.710388 1.1996 0.0199 -4.131 0.79 0.019 0.021 1.015 5766.4 4.1884 14.208596 1.05574 14.64873 13.59299 27.34 7.46 792.125854 820.577026 39039.84565 63.519 18877.0 102.15 28971.0 172.43 "" "" 0.0032729804413358255 0.0065041636 0.0074861506 0.013990315 97.86225547926 -9.63957928644 804.710388 -4.131000000000001 0.79 1.0
97.8566893231 -9.55119040254 0.016 0.0174 7.735 "" "" 3002974789006250624 961.401794 1.001 0.0205 -4.082 0.331 0.02 0.021 1.075 "" "" 14.247737 1.554523 14.961233 13.40671 "" "" 943.616638 984.10199 37657.54914 9.1409 14155.0 29.977 34393.0 34.813 "" "" 0.002767895847617538 0.0036155218 0.0039359266 0.0075514484 97.8566893231 -9.55119040254 961.401794 -4.082000000000001 0.33099999999999996 1.0
97.67149472864 -9.85286636044 0.0158 0.0165 14.584 "" "" 3002937474330565248 809.599487 1.1967 0.0191 -3.058 -0.109 0.021 0.02 0.959 5897.9 4.3143 14.346836 0.995873 14.756109 13.760236 96.9 5.44 797.381165 822.27301 34372.60303 7.6882 17099.0 23.209 24835.0 17.324 "" "" 0.0027660016459216414 0.0031554475 0.0038545216 0.007009969 97.67149472864 -9.85286636044 809.599487 -3.058 -0.109 1.0
97.41736146045 -9.89620626507 0.017 0.0164 25.5312 "" "" 3002939192317163264 932.007935 1.0316 0.0203 -3.575 0.886 0.022 0.02 1.036 4984.6 3.2297 14.374697 2.247434 15.544712 13.297278 "" "" 912.550476 953.27002 33501.77871 111.63 8270.5 122.74 38041.0 326.19 "" "" 0.004547508265806843 0.016352875 0.010047745 0.02640062 97.41736146045 -9.89620626507 932.007935 -3.575 0.886 0.8
97.71496198806 -9.65299737301 0.0225 0.0253 2.6806 "" "" 3002950496671310080 952.675781 1.0258 0.0282 -3.349 -0.02 0.03 0.029 0.988 5553.1 4.1008 14.842362 1.748384 15.681585 13.933202 54.62 7.89 925.528137 986.545837 21777.17896 34.297 7290.9 30.413 21178.0 97.855 "" "" 0.0032427853595704006 0.0053194826 0.006281043 0.011600526 97.71496198806 -9.65299737301 952.675781 -3.349 -0.020000000000000028 1.0
97.71729097308 -9.36521123138 0.0228 0.0238 15.4786 "" "" 3003029214831527808 813.225952 1.1852 0.0284 -3.226 -0.165 0.029 0.03 1.111 5868.9 4.3655 14.974942 1.243041 15.500804 14.257763 "" "" 795.712463 833.278137 19273.91658 29.426 8611.8 34.829 15706.0 77.544 "" "" 0.003215509450027023 0.00520256 0.0065588793 0.01176144 97.71729097308 -9.36521123138 813.225952 -3.226 -0.16499999999999998 1.0
97.67184435067 -9.30623541866 0.0208 0.0211 19.4336 "" "" 3003041962294457088 971.527039 0.9902 0.0256 -2.927 0.699 0.026 0.025 1.051 6679.4 3.899 15.002622 1.821496 15.880274 14.058778 43.89 5.58 950.769592 1001.58472 18788.75664 10.926 6071.7 20.919 18865.0 47.839 "" "" 0.002826733788100885 0.004666692 0.0046759224 0.009342615 97.67184435067 -9.30623541866 971.527039 -2.927 0.6989999999999998 0.9
97.77461945475 -9.40743483477 0.0287 0.0307 12.947 "" "" 3003028115319899008 929.946411 1.0309 0.0386 -2.952 0.286 0.037 0.035 1.166 "" "" 15.290128 1.820211 16.169909 14.349697 "" "" 894.247314 969.946533 14417.69457 5.9309 4650.0 15.514 14430.0 17.065 "" "" 0.0027912844452661436 0.00457239 0.003991538 0.008563928 97.77461945475 -9.40743483477 929.946411 -2.9519999999999995 0.286 1.0
97.98816161774 -9.66670905193 0.0252 0.0258 14.5146 "" "" 3002969291448114176 967.618713 0.992 0.03 -3.484 0.707 0.031 0.036 1.006 5624.5 4.1076 15.296557 1.521751 15.992627 14.470876 "" "" 938.135742 996.003845 14332.56114 44.581 5474.8 53.401 12906.0 108.11 "" "" 0.004358546790109054 0.010951622 0.009848917 0.020800538 97.98816161774 -9.66670905193 967.618713 -3.484 0.707 0.8
97.93105877666 -9.47336715435 0.0305 0.033 14.0524 "" "" 3002977056748935424 914.108337 1.0531 0.0386 -2.351 0.401 0.036 0.044 1.064 9065.2 4.1145 15.458042 2.048797 16.47932 14.430524 101.33 8.0 883.657043 944.709961 12351.7938 20.569 3496.9 23.653 13395.0 94.287 "" "" 0.0032955711955495693 0.007856084 0.008525901 0.016381985 97.93105877666 -9.47336715435 914.108337 -2.351 0.401 0.9
97.95593422134 -9.52518978838 0.0383 0.0412 13.6399 "" "" 3002975819798363520 903.705444 1.0746 0.0428 -2.847 0.579 0.047 0.056 1.0 5316.4 4.1757 15.768501 2.020197 16.780186 14.759989 "" "" 867.218506 939.877441 9279.9597 15.716 2650.6 18.87 9889.2 59.071 "" "" 0.003312514531261879 0.008217687 0.0075062825 0.01572397 97.95593422134 -9.52518978838 903.705444 -2.847 0.579 1.0
97.79159125347 -9.58686605797 0.0337 0.0374 3.3534 "" "" 3002974273610208256 1003.23444 0.9536 0.0452 -3.213 0.148 0.043 0.043 1.055 5074.4 3.7821 15.80236 2.027857 16.822937 14.79508 "" "" 964.115479 1059.78247 8995.03295 25.277 2548.3 27.732 9574.7 83.588 "" "" 0.004111033795922655 0.012140549 0.010204269 0.022344816 97.79159125347 -9.58686605797 1003.23444 -3.2130000000000005 0.148 0.9
97.51283914558 -9.8747856874 0.0301 0.0312 20.5633 "" "" 3002938848720155904 942.220093 1.0224 0.0365 -3.102 0.703 0.04 0.038 0.998 5974.9 3.7359 15.834912 1.947701 16.781553 14.833853 "" "" 913.617798 970.256714 8729.34946 40.34 2647.3 56.837 9238.8 100.48 "" "" 0.005724163104669351 0.02347693 0.0123984 0.03587533 97.51283914558 -9.8747856874 942.220093 -3.102 0.7030000000000001 0.9
97.56974427348 -9.34076475739 0.0323 0.0327 19.8471 "" "" 3003040622264688512 1001.84521 0.9588 0.0388 -2.978 0.652 0.04 0.039 0.979 8122.0 4.2012 15.859449 2.084623 16.908724 14.824101 "" "" 962.679993 1051.36609 8534.27959 4.5992 2354.7 12.054 9322.2 46.759 "" "" 0.002816761714087635 0.006219052 0.0066288575 0.01284791 97.56974427348 -9.34076475739 1001.84521 -2.978 0.6520000000000001 1.0
97.47450473163 -9.80882485165 0.038 0.0397 19.6525 "" "" 3002988361102745344 932.401733 1.0343 0.0462 -3.678 0.923 0.05 0.046 1.092 9524.7 3.9786 16.115574 2.642447 17.445946 14.803498 "" "" 889.029419 964.997498 6740.88667 13.417 1435.6 62.822 9500.8 42.065 "" "" 0.0035016968389930524 0.047593784 0.006114911 0.053708695 97.47450473163 -9.80882485165 932.401733 -3.6780000000000004 0.9229999999999999 0.8
97.52293708677 -9.65466567453 0.0346 0.0359 13.4087 "" "" 3002996504360696320 854.131836 1.1365 0.0448 -3.778 1.027 0.046 0.047 1.013 4476.1 4.3186 16.143044 1.676191 16.940447 15.264256 "" "" 826.879456 883.9245 6572.48217 11.082 2286.9 20.083 6215.2 22.378 "" "" 0.0033080488849043612 0.009934536 0.00543744 0.015371976 97.52293708677 -9.65466567453 854.131836 -3.7780000000000005 1.027 1.0
97.71475580494 -9.65196542908 0.0459 0.051 2.6461 "" "" 3002950496671309440 1003.89337 0.9805 0.0577 -3.138 0.336 0.06 0.055 1.06 8557.3 4.165 16.207788 2.523237 17.577435 15.054197 "" "" 957.495789 1076.05249 6192.00478 19.544 1271.9 21.087 7541.9 68.576 "" "" 0.004397238398072475 0.018215524 0.010570942 0.028786466 97.71475580494 -9.65196542908 1003.89337 -3.138 0.33599999999999997 0.9
97.61426310522 -9.57274398093 0.0428 0.0471 8.3859 "" "" 3002998703382499712 881.271057 1.0971 0.0583 -3.852 1.175 0.053 0.054 1.035 7966.6 3.968 16.271215 2.954117 17.898602 14.944485 "" "" 840.600342 921.237122 5840.64028 5.2419 946.19 7.1702 8343.8 23.71 "" "" 0.002922552253616248 0.008687906 0.0048787873 0.013566693 97.61426310522 -9.57274398093 881.271057 -3.852 1.175 0.9
97.83490223384 -9.45132771816 0.075 0.0719 11.4563 "" "" 3003024370108415104 891.990784 1.0641 0.0778 -3.556 -0.047 0.098 0.1 1.247 "" "" 16.480507 2.581569 17.82926 15.247691 "" "" 836.212402 949.684753 4816.64126 168.04 1008.6 106.97 6310.8 678.76 "" "" 0.03797857019077762 0.115184695 0.11683783 0.23202252 97.83490223384 -9.45132771816 891.990784 -3.5560000000000005 -0.04699999999999999 0.9
97.57467945856 -9.3370354928 0.0463 0.0472 19.886 "" "" 3003040725343901312 995.717712 0.9752 0.0552 -2.823 0.495 0.057 0.054 0.972 6889.4 4.3359 16.51154 2.258841 17.70999 15.451149 "" "" 938.904297 1048.00623 4680.91741 7.6096 1125.7 11.577 5232.4 25.22 "" "" 0.003272180382948873 0.011509327 0.0064552496 0.017964577 97.57467945856 -9.3370354928 995.717712 -2.823 0.49500000000000005 0.8
97.70747152292 -9.64724347979 0.0505 0.0574 2.8074 "" "" 3002950320576187904 1034.82007 0.9483 0.0645 -3.21 0.199 0.065 0.062 0.92 4634.5 4.176 16.547338 2.252695 17.713533 15.460838 "" "" 976.37439 1108.026 4529.09391 11.891 1122.0 15.827 5185.9 45.25 "" "" 0.003964533359553755 0.015567542 0.010199724 0.025767267 97.70747152292 -9.64724347979 1034.82007 -3.2099999999999995 0.199 1.0
97.52553162182 -9.75338234885 0.0476 0.0479 15.3084 "" "" 3002989117016968064 851.834534 1.1459 0.0579 -3.655 0.797 0.063 0.057 1.086 6451.7 4.3854 16.600424 2.255832 17.778378 15.522546 "" "" 814.692322 896.499817 4312.98146 5.8027 1057.0 13.044 4899.4 19.408 "" "" 0.0031185877059637657 0.013686053 0.0057255314 0.019411584 97.52553162182 -9.75338234885 851.834534 -3.6550000000000002 0.797 0.9
97.60737774098 -9.62479204718 0.0516 0.0526 8.2681 "" "" 3002998256707333760 854.111694 1.1477 0.0648 -3.035 0.533 0.069 0.068 1.058 5346.6 3.7147 16.75915 2.858393 18.337067 15.478674 "" "" 800.280823 904.05896 3726.37893 15.878 631.82 17.386 5101.4 65.536 "" "" 0.005384642196098517 0.030006563 0.014451057 0.044457622 97.60737774098 -9.62479204718 854.111694 -3.0350000000000006 0.5329999999999999 1.0
97.73873796789 -9.62614380905 0.053 0.06 0.5679 "" "" 3002950840268673024 1025.88721 0.9526 0.0712 -3.397 0.144 0.066 0.066 1.001 "" "" 16.778555 1.922983 17.72114 15.798157 "" "" 943.121521 1104.15393 3660.36672 8.6598 1114.2 15.504 3801.0 29.161 "" "" 0.003766939360776439 0.015363416 0.009146993 0.02451041 97.73873796789 -9.62614380905 1025.88721 -3.3970000000000002 0.14399999999999996 0.9
97.85351261021 -9.65758735996 0.0533 0.0612 6.6562 "" "" 3002970150441896960 967.501099 1.0096 0.0661 -3.254 0.169 0.068 0.079 0.979 4549.3 4.2671 16.804745 2.117112 17.817795 15.700683 "" "" 911.395264 1027.12488 3573.13013 13.482 1019.3 19.615 4158.0 73.619 "" "" 0.004937044063916718 0.021078952 0.019591378 0.040670328 97.85351261021 -9.65758735996 967.501099 -3.254 0.169 1.0
97.70920396679 -9.59074665001 0.0541 0.06 2.9041 "" "" 3002997947469662720 1077.31873 0.878 0.0723 -3.342 0.49 0.07 0.067 1.044 9237.6 4.141 16.835793 2.706543 18.298943 15.5924 "" "" 1001.91888 1168.02539 3472.39911 14.203 654.39 18.932 4594.1 51.731 "" "" 0.005226253277241885 0.03153485 0.012796568 0.044331416 97.70920396679 -9.59074665001 1077.31873 -3.342 0.48999999999999994 0.8
97.79411840366 -9.53341636473 0.0577 0.0621 5.9726 "" "" 3003021926270234368 848.821899 1.1538 0.0703 -3.873 0.599 0.073 0.072 1.046 4969.6 4.2381 16.876364 2.516061 18.239027 15.722966 "" "" 801.888062 906.431152 3345.03705 12.791 691.52 18.677 4073.5 41.934 "" "" 0.004982825907127553 0.029456673 0.01179863 0.041255303 97.79411840366 -9.53341636473 848.821899 -3.873 0.599 1.0
97.80100013037 -9.50032058627 0.0576 0.0699 7.9396 "" "" 3003022136725438592 937.210693 1.0291 0.081 -3.206 0.574 0.072 0.082 1.053 9218.3 4.1288 16.928526 3.000278 18.652636 15.652357 "" "" 884.731873 990.578857 3188.13435 6.2171 472.46 12.144 4347.3 23.866 "" "" 0.0034748535214678107 0.028046638 0.00705773 0.035104368 97.80100013037 -9.50032058627 937.210693 -3.2060000000000004 0.574 0.8
