Clusters/LP_2172/LP_2172_stars_in_region.tsv
# %ECSV 1.0
# ---
# datatype:
# - name: RA_ICRS_1
#   unit: deg
#   datatype: float64
#   format: '{:15.11f}'
#   description: Right ascension (ICRS) at Ep=2016.0 (ra)
#   meta: !!omap
#   - {ucd: POS_EQ_RA_MAIN}
#   - {width: 15}
#   - {precision: '11'}
# - name: DE_ICRS_1
#   unit: deg
#   datatype: float64
#   format: '{:15.11f}'
#   description: Declination (ICRS) at Ep=2016.0 (dec)
#   meta: !!omap
#   - {ucd: POS_EQ_DEC_MAIN}
#   - {width: 15}
#   - {precision: '11'}
# - name: e_RA_ICRS
#   unit: mas
#   datatype: float64
#   format: '{:7.4f}'
#   description: Standard error of right ascension (ra_error)
#   meta: !!omap
#   - {ucd: ERROR}
#   - {width: 7}
#   - {precision: '4'}
# - name: e_DE_ICRS
#   unit: mas
#   datatype: float64
#   format: '{:7.4f}'
#   description: Standard error of declination (dec_error)
#   meta: !!omap
#   - {ucd: ERROR}
#   - {width: 7}
#   - {precision: '4'}
# - name: _r_1
#   unit: ''
#   datatype: float64
#   format: '{:7.4f}'
#   description: Distance from center (282.48240637000-00.32319406000)[ICRS], at Epoch=J2016.0
#   meta: !!omap
#   - {ucd: POS_ANG_DIST_GENERAL}
#   - {width: 7}
#   - {precision: '4'}
# - name: HIP
#   datatype: int32
#   description: '? HIP cross-id number, van Leeuwen, Cat. I/311 (hip_original_ext_source_id)'
#   meta: !!omap
#   - {ucd: ID_NUMBER}
#   - {width: 6}
#   - values: {'null': -2147483648}
# - name: TYC2
#   datatype: string
#   description: Tycho-2 cross-id name, Hog et al., Cat. I/259 (tyc2_original_ext_source_id)
#   meta: !!omap
#   - {ucd: ID_CROSSID}
#   - {_votable_string_dtype: char}
# - name: Source
#   datatype: int64
#   description: Source identifier, identical to the Gaia-EDR3 source_id (id)
#   meta: !!omap
#   - {ucd: ID_MAIN}
#   - {width: 19}
# - name: rgeo
#   unit: pc
#   datatype: float64
#   format: '{:15.8f}'
#   description: '? Median of the geometric distance posterior (r_med_geo)'
#   meta: !!omap
#   - {ucd: PHYS_DISTANCE_TRUE}
#   - {width: 15}
#   - {precision: '8'}
#   - values: {'null': .nan}
# - name: Plx
#   unit: mas
#   datatype: float64
#   format: '{:9.4f}'
#   description: '? Parallax (parallax)'
#   meta: !!omap
#   - {ucd: POS_PARLX_TRIG}
#   - {width: 9}
#   - {precision: '4'}
#   - values: {'null': .nan}
# - name: e_Plx
#   unit: mas
#   datatype: float32
#   format: '{:7.4f}'
#   description: '? Standard error of parallax (parallax_error)'
#   meta: !!omap
#   - {ucd: ERROR}
#   - {width: 7}
#   - {precision: '4'}
#   - values: {'null': .nan}
# - name: pmRA
#   unit: mas / yr
#   datatype: float64
#   format: '{:9.3f}'
#   description: '? Proper motion in right ascension direction, pmRA*cosDE (pmra)'
#   meta: !!omap
#   - {ucd: POS_EQ_PMRA}
#   - {width: 9}
#   - {precision: '3'}
#   - values: {'null': .nan}
# - name: pmDE
#   unit: mas / yr
#   datatype: float64
#   format: '{:9.3f}'
#   description: '? Proper motion in declination direction (pmdec)'
#   meta: !!omap
#   - {ucd: POS_EQ_PMDEC}
#   - {width: 9}
#   - {precision: '3'}
#   - values: {'null': .nan}
# - name: e_pmRA
#   unit: mas / yr
#   datatype: float32
#   format: '{:6.3f}'
#   description: '? Standard error of proper motion in right ascension direction (pmra_error)'
#   meta: !!omap
#   - {ucd: ERROR}
#   - {width: 6}
#   - {precision: '3'}
#   - values: {'null': .nan}
# - name: e_pmDE
[...]
#         value: !astropy.table.SerializedColumn {name: SkyCoord.dec}
#       distance: !astropy.table.SerializedColumn
#         __class__: astropy.coordinates.distances.Distance
#         unit: !astropy.units.Unit {unit: pc}
#         value: !astropy.table.SerializedColumn {name: SkyCoord.distance}
#       frame: icrs
#       obstime: !astropy.time.Time {format: jyear_str, in_subfmt: '*', jd1: 367701545.0, jd2: 0.0, out_subfmt: '*', precision: 3, scale: tt}
#       pm_dec: !astropy.table.SerializedColumn
#         __class__: astropy.units.quantity.Quantity
#         unit: !astropy.units.Unit {unit: mas / yr}
#         value: !astropy.table.SerializedColumn {name: SkyCoord.pm_dec}
#       pm_ra_cosdec: !astropy.table.SerializedColumn
#         __class__: astropy.units.quantity.Quantity
#         unit: !astropy.units.Unit {unit: mas / yr}
#         value: !astropy.table.SerializedColumn {name: SkyCoord.pm_ra_cosdec}
#       ra: !astropy.table.SerializedColumn
#         __class__: astropy.coordinates.angles.Longitude
#         unit: *id001
#         value: !astropy.table.SerializedColumn {name: SkyCoord.ra}
#         wrap_angle: !astropy.coordinates.Angle
#           unit: *id001
#           value: 360.0
#       representation_type: spherical
# schema: astropy-2.0
RA_ICRS_1 DE_ICRS_1 e_RA_ICRS e_DE_ICRS _r_1 HIP TYC2 Source rgeo Plx e_Plx pmRA pmDE e_pmRA e_pmDE RUWE Teff logg Gmag BP-RP BPmag RPmag RV e_RV b_rgeo B_rgeo FG e_FG FBP e_FBP FRP e_FRP RAVE5 RAVE6 e_Gmag e_BPmag e_RPmag e_BP-RP SkyCoord.ra SkyCoord.dec SkyCoord.distance SkyCoord.pm_ra_cosdec SkyCoord.pm_dec rmRA rmDE e_rmRA e_rmDE rRV e_rRV v_pec v_pec3d e_vpec e_vpec3d
[from data line 242]
282.17964095478 -0.27699967863 0.0437 0.0413 18.3759 "" "" 4266328767615094528 1949.24561 0.4788 0.0499 0.606 -2.056 0.055 0.048 0.996 7286.8 2.2813 15.891455 3.216351 17.809937 14.593586 "" "" 1762.54785 2159.70142 8286.37903 6.2582 1026.7 12.43 11527.0 15.763 "" "" 0.0028747476775231075 0.013437603 0.0040605594 0.017498162 282.17964095478 -0.27699967863 1949.24561 0.6059999999999995 -2.056 1.0523333189487456 -0.18466663932800298 0.11954628 0.11254628 "" "" 9.871524564870825 "" 1.1780984305133277 ""
282.38459954694 -0.13858864036 0.0395 0.0394 12.5349 "" "" 4266355258973341952 2037.59058 0.4354 0.0485 -3.871 -1.546 0.045 0.041 0.966 7110.7 3.2403 15.896517 3.306203 17.889051 14.582849 22.15 8.14 1872.20349 2247.96362 8247.83639 6.3591 954.55 9.5372 11642.0 20.393 "" "" 0.002879676035330752 0.011201003 0.004230932 0.015431935 282.38459954694 -0.13858864036 2037.59058 -3.871 -1.546 -3.4246666810512543 0.32533336067199703 0.10954628 0.10554628 317.46 17.119999 33.22495631271309 319.19390552136434 3.6385033063924683 17.031212289023113
282.30091082887 -0.32608496363 0.0882 0.0983 10.8909 "" "" 4266140167049395584 2098.0144 0.4762 0.1219 2.116 -0.509 0.11 0.098 0.989 4405.7 2.4225 15.905354 4.626101 19.02511 14.399009 -15.3 5.65 1693.15869 2682.86279 8180.97577 11.99 335.25 5.6783 13790.0 25.048 "" "" 0.0031818021989166697 0.01860013 0.0042629777 0.022863109 282.30091082887 -0.32608496363 2098.0144 2.1159999999999983 -0.509 2.562333318948746 1.3623333606719972 0.17454627 0.16254628 280.01 14.629999 28.85902416023289 281.49323859638423 4.962991169128337 14.56180310750098
282.48408052268 -0.57856404159 0.04 0.0385 15.3225 "" "" 4266120547638551552 1931.58008 0.4734 0.0473 0.213 -0.253 0.049 0.044 1.029 7047.0 3.4137 15.907677 3.175213 17.7876 14.612387 7.79 5.94 1771.28162 2116.9668 8163.49044 5.4774 1048.0 10.811 11329.0 30.707 "" "" 0.002849997416124297 0.011542587 0.0047900076 0.016332595 282.48408052268 -0.57856404159 1931.58008 0.21300000000000002 -0.253 0.6593333189487457 1.618333360671997 0.11354628 0.10854628 303.1 14.92 15.999481200191955 303.52198173884426 1.7482958645952629 14.899542051337733
282.51516831353 -0.47762681679 0.0409 0.0396 9.4722 "" "" 4266122330008990592 2225.00806 0.4246 0.0492 0.029 -1.507 0.048 0.046 1.116 7982.3 2.5701 15.914422 2.248282 17.083612 14.83533 "" "" 2014.26123 2517.06616 8112.9346 5.3799 2004.3 9.0314 9226.3 12.471 "" "" 0.0028478344041125937 0.0056320545 0.0040543163 0.009686371 282.51516831353 -0.47762681679 2225.00806 0.029000000000000012 -1.507 0.47533331894874575 0.3643333606719972 0.11254628 0.110546276 "" "" 6.316316023272882 "" 0.7062291770654255 ""
282.54812671313 -0.63965204201 0.0399 0.0466 19.3926 "" "" 4266116390110073088 2127.62573 0.4234 0.0591 0.057 -1.912 0.052 0.041 0.964 "" "" 15.915933 3.146301 17.657812 14.511511 10.03 13.61 1883.13123 2416.56519 8101.65243 7.5048 1181.1 17.331 12432.0 211.74 "" "" 0.002933141891699856 0.016174149 0.01887436 0.035048507 282.54812671313 -0.63965204201 2127.62573 0.056999999999999974 -1.911999999999999 0.5033333189487458 -0.04066663932800285 0.11654628 0.10554628 305.34 22.59 5.0926301574265604 305.3824659045118 0.5931808403568144 22.586860996289133
282.48602995928 -0.01271415716 0.0462 0.0427 18.6301 "" "" 4266362367134606720 2107.04907 0.4455 0.0554 -0.131 -3.441 0.053 0.047 1.173 8965.7 3.3169 15.917197 2.507468 17.249258 14.74179 "" "" 1865.2605 2364.09033 8092.22247 9.2757 1720.7 10.224 10056.0 20.277 "" "" 0.0030233472713571373 0.007028722 0.0043676887 0.011396411 282.48602995928 -0.01271415716 2107.04907 -0.131 -3.4410000000000016 0.3153333189487457 -1.5696666393280028 0.117546275 0.11154628 "" "" 15.990120357170342 "" 1.7874561508982625 ""
282.58764557812 -0.27811368141 0.0436 0.0402 6.8692 "" "" 4266161779326634752 1990.07861 0.471 0.0526 -0.788 -1.15 0.049 0.05 1.089 9205.7 3.6517 15.921834 2.064432 16.962776 14.898344 "" "" 1805.39197 2180.927 8057.73802 5.4245 2240.3 13.73 8706.0 15.297 "" "" 0.002850620284461192 0.007215397 0.0042335656 0.011448963 282.58764557812 -0.27811368141 1990.07861 -0.788 -1.1500000000000008 -0.3416666810512543 0.7213333606719972 0.11354628 0.114546284 "" "" 7.529012866292827 "" 0.8610457348533976 ""
282.29015259622 -0.55470655111 0.041 0.0406 18.0556 "" "" 4266131817632882560 1625.45911 0.57 0.0494 -0.161 -2.526 0.051 0.042 1.041 "" "" 15.924081 2.355875 17.168407 14.812532 "" "" 1494.96216 1794.41675 8041.07797 5.0942 1853.8 10.324 9422.0 12.32 "" "" 0.0028398785566491544 0.006659288 0.0040372307 0.010696519 282.29015259622 -0.55470655111 1625.45911 -0.16099999999999995 -2.5260000000000002 0.2853333189487457 -0.6546666393280027 0.11554628 0.10654628 "" "" 5.502258293969087 "" 0.5944271908491257 ""
282.61367576105 -0.44912736871 0.0359 0.0364 10.9144 "" "" 4266145351033716224 1645.52124 0.5643 0.044 0.141 -4.892 0.044 0.039 0.973 9204.7 3.5696 15.927255 1.838814 16.806543 14.96773 "" "" 1525.31641 1779.15601 8017.60742 4.3465 2587.0 11.55 8167.1 28.039 "" "" 0.0028174878240683344 0.0055930708 0.0053083017 0.010901373 282.61367576105 -0.44912736871 1645.52124 0.14099999999999993 -4.892000000000002 0.5873333189487457 -3.0206666393280033 0.10854628 0.10354628 "" "" 24.00174269165347 "" 2.489764417090387 ""
282.20341743772 -0.48140775008 0.0385 0.0408 19.2433 "" "" 4266136215679459968 1921.22534 0.4712 0.05 -0.145 -0.651 0.047 0.041 0.978 "" "" 15.944503 3.395712 18.007267 14.611555 -39.0 6.45 1781.18335 2116.9436 7891.2481 5.7365 856.07 9.7287 11338.0 15.706 "" "" 0.0028661361679523613 0.012650251 0.004067653 0.016717903 282.20341743772 -0.48140775008 1921.22534 -0.14499999999999988 -0.651 0.3013333189487457 1.220333360671997 0.11154628 0.10554628 256.31 15.429999 11.44688425072227 256.5654833742244 1.2122284897974571 15.414729312549099
282.70328919929 -0.23118949627 0.036 0.0325 14.3565 "" "" 4266167345604107008 1760.65759 0.5277 0.0408 -0.555 -1.867 0.042 0.038 0.966 9272.4 3.8317 15.945212 2.146347 17.048456 14.902109 "" "" 1651.42395 1902.46094 7886.09081 4.4769 2070.3 9.4889 8675.9 18.301 "" "" 0.0028234196663638666 0.0057051424 0.0044191643 0.010124307 282.70328919929 -0.23118949627 1760.65759 -0.5549999999999999 -1.867 -0.10866668105125432 0.004333360671997077 0.10654628 0.102546275 "" "" 0.9076004135637352 "" 0.09669579435717701 ""
282.36068117484 -0.57552236411 0.043 0.0426 16.8092 "" "" 4266119860443872640 1939.58533 0.4842 0.0551 1.928 -5.079 0.052 0.051 0.96 "" "" 15.9525 3.184754 17.84379 14.659036 "" "" 1772.46912 2160.11084 7833.33277 5.6446 995.18 12.405 10853.0 14.71 "" "" 0.002864243104499973 0.013818412 0.0040557743 0.017874187 282.36068117484 -0.57552236411 1939.58533 1.9280000000000008 -5.079 2.3743333189487457 -3.2076666393280027 0.11654628 0.11554628 "" "" 36.690070842989144 "" 4.252424384400646 ""
282.40085203865 -0.28913048097 0.0752 0.0737 5.3029 "" "" 4266163939656357120 1711.81665 0.5466 0.09 -1.478 -2.342 0.089 0.078 0.887 "" "" 15.962307 4.067088 18.592236 14.525147 27.3 5.85 1451.59131 2091.34863 7762.90137 8.1029 499.49 7.6988 12277.0 17.77 "" "" 0.0029792840599294464 0.016965806 0.0040930915 0.021058898 282.40085203865 -0.28913048097 1711.81665 -1.478 -2.3419999999999996 -1.0316666810512543 -0.470666639328003 0.15354627 0.14254628 322.61 14.83 9.200956470187172 322.74118066953633 1.3958594876152393 14.824025567381407
282.63713233977 -0.36944620778 0.0362 0.0343 9.6893 "" "" 4266148241589331200 2057.7085 0.4505 0.0414 -0.534 -0.716 0.044 0.041 1.062 8417.2 3.9846 15.969392 2.192408 17.08655 14.894142 "" "" 1917.52905 2242.86426 7712.40544 4.1291 1998.9 8.8041 8739.8 29.56 "" "" 0.0028159692369543556 0.0055365586 0.0052696145 0.010806173 282.63713233977 -0.36944620778 2057.7085 -0.534 -0.7160000000000004 -0.0876666810512543 1.155333360671997 0.10854628 0.10554628 "" "" 11.300982591653513 "" 1.1929735112249913 ""
282.70335831453 -0.48333518881 0.0591 0.0583 16.3727 "" "" 4266142847109866496 1591.50769 0.5977 0.0716 -2.342 -4.123 0.074 0.064 1.556 7493.4 2.7927 15.982755 2.492724 17.320225 14.8275 "" "" 1432.1239 1805.14417 7618.06719 8.3392 1611.9 12.109 9293.0 15.768 "" "" 0.0030007252716276545 0.008620365 0.0042044683 0.012824833 282.70335831453 -0.48333518881 1591.50769 -2.342000000000002 -4.123000000000004 -1.8956666810512544 -2.251666639328003 0.13854629 0.12854628 "" "" 22.20420084425062 "" 2.9483984603088222 ""
282.63191370562 -0.5977052655 0.0672 0.0654 18.7549 "" "" 4266116871146367360 1864.89514 0.5599 0.0796 -1.687 -4.759 0.08 0.065 1.631 7399.7 3.9824 15.982803 2.206592 17.099688 14.893096 "" "" 1628.94836 2122.3811 7617.72773 10.423 1974.9 10.193 8748.2 14.098 "" "" 0.003130286295288057 0.0062599857 0.0041647535 0.010424739 282.63191370562 -0.5977052655 1864.89514 -1.6869999999999985 -4.759000000000004 -1.2406666810512543 -2.8876666393280033 0.14454627 0.12954628 "" "" 27.782061313678245 "" 3.6671174529173616 ""
282.23647918321 -0.3778290806 0.0449 0.0463 15.1151 "" "" 4266139479854628608 1699.9082 0.5563 0.0557 0.094 -7.575 0.055 0.046 1.043 4719.0 2.5364 15.987904 3.56566 18.20023 14.634569 -14.3 5.76 1556.23938 2039.44592 7582.02826 6.5407 716.68 9.3667 11100.0 16.7 "" "" 0.002910162398860841 0.014461818 0.004117285 0.018579103 282.23647918321 -0.3778290806 1699.9082 0.094 -7.575 0.5403333189487457 -5.703666639328003 0.11954628 0.110546276 281.01 14.74 46.16342918338712 284.77654800557156 5.1070396890923755 14.568584966443714
282.51712573543 -0.08842832374 0.0396 0.0369 14.2391 "" "" 4266360825250887040 2301.1167 0.3969 0.0458 -0.095 -1.777 0.043 0.045 1.048 9123.5 3.5402 15.990327 2.316139 17.201796 14.885656 "" "" 2095.50928 2547.16968 7565.12195 8.3333 1797.6 16.826 8808.4 42.288 "" "" 0.003003692248322201 0.010538831 0.0064384523 0.016977284 282.51712573543 -0.08842832374 2301.1167 -0.09500000000000001 -1.776999999999999 0.35133331894874575 0.09433336067199716 0.107546285 0.10954628 "" "" 3.9678250548162883 "" 0.4272630971030218 ""
282.42558660553 -0.07252914158 0.0526 0.0468 15.4214 "" "" 4266361615524970496 2252.15015 0.4018 0.0604 -0.953 -5.817 0.061 0.051 1.121 4657.7 2.7275 15.990763 3.522577 18.089357 14.56678 24.95 6.95 2020.47485 2667.96802 7562.08918 10.159 793.73 13.662 11815.0 27.058 "" "" 0.0031175754431482833 0.018895268 0.004523975 0.023419242 282.42558660553 -0.07252914158 2252.15015 -0.9529999999999998 -5.816999999999997 -0.5066666810512542 -3.945666639328003 0.12554628 0.11554628 320.26 15.929999 42.46660008702954 323.0632751071401 4.914039329592523 15.804977525649438
282.47680198246 -0.3410887364 0.0456 0.0472 1.1251 "" "" 4266159649022926208 2033.95203 0.4719 0.0575 -1.238 -5.747 0.053 0.053 1.162 4626.5 2.6436 16.006012 3.080659 17.809753 14.729095 "" "" 1781.73328 2312.86304 7456.62182 4.9096 1026.9 10.903 10175.0 17.902 "" "" 0.002846547274047831 0.011860548 0.004234714 0.016095262 282.47680198246 -0.3410887364 2033.95203 -1.237999999999999 -5.747 -0.7916666810512543 -3.875666639328003 0.117546275 0.117546275 "" "" 38.13659518398083 "" 4.482814714901579 ""
282.60268486439 -0.38950948668 0.0365 0.0347 8.2408 "" "" 4266148069790670848 1785.77429 0.5215 0.042 -0.449 -4.79 0.045 0.04 1.033 "" "" 16.00689 2.188425 17.139626 14.951201 "" "" 1669.40039 1928.10388 7450.59835 4.3569 1903.6 7.3436 8292.4 16.009 "" "" 0.00282752497433588 0.0050327433 0.004321723 0.009354467 282.60268486439 -0.38950948668 1785.77429 -0.449 -4.790000000000002 -0.0026666810512542827 -2.918666639328003 0.10954628 0.10454628 "" "" 24.705268779861584 "" 2.582844021175092 ""
282.45540293834 -0.67878120551 0.0455 0.045 21.3967 "" "" 4266115153159542656 1946.6875 0.5021 0.0561 -0.919 -2.543 0.055 0.05 1.14 9256.2 3.5185 16.007841 2.209314 17.139982 14.930668 "" "" 1724.55408 2129.58691 7444.07108 5.2332 1902.9 11.529 8450.7 22.309 "" "" 0.002859086990095567 0.0071453727 0.004743314 0.011888687 282.45540293834 -0.67878120551 1946.6875 -0.9189999999999996 -2.543 -0.4726666810512543 -0.6716666393280031 0.11954628 0.114546284 "" "" 7.578471330107827 "" 0.8808163877224457 ""
282.84095442217 -0.372796249 0.0458 0.0394 21.7174 "" "" 4266149993935427328 1796.9978 0.5148 0.0532 -3.323 -4.729 0.054 0.044 1.105 "" "" 16.008028 2.510652 17.36998 14.859328 "" "" 1624.36438 2001.18298 7442.79255 4.8581 1539.7 10.117 9024.6 13.107 "" "" 0.00284500044340849 0.0076603265 0.0040951543 0.011755481 282.84095442217 -0.372796249 1796.9978 -3.322999999999999 -4.729 -2.8766666810512542 -2.857666639328003 0.11854628 0.10854628 "" "" 34.53792219678921 "" 3.926595955735643 ""
282.22598922486 -0.56537699312 0.0443 0.0427 21.1621 "" "" 4266126766751670272 2142.82446 0.4309 0.0521 -2.79 -4.418 0.059 0.048 1.065 "" "" 16.013592 3.198912 17.916103 14.717192 "" "" 1924.09924 2349.06738 7404.73838 5.2041 931.06 11.767 10287.0 15.976 "" "" 0.002859030265665586 0.014002642 0.004138469 0.018141111 282.22598922486 -0.56537699312 2142.82446 -2.7899999999999983 -4.417999999999999 -2.3436666810512543 -2.546666639328003 0.12354628 0.11254628 "" "" 35.15298820817055 "" 4.138143755843032 ""
282.5292252294 0.02097394994 0.0474 0.0463 20.8403 "" "" 4266363951987184640 1595.88989 0.5842 0.0555 2.341 -15.376 0.056 0.056 1.055 6373.5 3.326 16.021383 3.516437 18.187767 14.67133 "" "" 1466.06665 1748.9447 7351.79023 5.9125 724.95 8.4871 10731.0 27.719 "" "" 0.002890368087633407 0.01301351 0.0047062906 0.017719802 282.5292252294 0.02097394994 1595.88989 2.340999999999999 -15.375999999999989 2.787333318948746 -13.504666639328002 0.12054628 0.12054628 "" "" 104.30953355344037 "" 12.574126377941248 ""
282.34411484757 -0.5230393398 0.0451 0.0471 14.5816 "" "" 4266132363055873152 1594.48291 0.6014 0.0589 0.398 -3.287 0.06 0.047 1.068 7637.5 3.1083 16.02161 2.527977 17.388828 14.860851 "" "" 1437.30444 1777.0979 7350.26043 4.8529 1513.2 13.208 9011.9 23.805 "" "" 0.0028470424343815803 0.009879078 0.004744369 0.014623446 282.34411484757 -0.5230393398 1594.48291 0.398 -3.2869999999999977 0.8443333189487457 -1.4156666393280029 0.124546275 0.11154628 "" "" 12.457872786277123 "" 1.4338941301033106 ""
282.29949872786 -0.56971525505 0.0395 0.0422 18.4177 "" "" 4266131611474437760 2290.20215 0.4207 0.0518 -0.275 -1.542 0.05 0.043 0.957 7390.7 2.9078 16.022148 2.104357 17.088455 14.984098 "" "" 2066.78931 2629.31079 7346.61703 4.7865 1995.4 11.801 8044.9 8.8517 "" "" 0.0028446758855816285 0.007001162 0.003963691 0.010964854 282.29949872786 -0.56971525505 2290.20215 -0.27500000000000024 -1.542 0.1713333189487457 0.32933336067199703 0.114546284 0.107546285 "" "" 4.029965241792601 "" 0.4395683134496034 ""
282.26256537058 -0.52184543916 0.0416 0.044 17.7776 "" "" 4266132814065323776 1858.36438 0.502 0.0527 -0.888 -2.481 0.05 0.044 1.048 "" "" 16.027332 2.007747 17.014748 15.007001 "" "" 1699.60864 2084.3186 7311.62061 4.995 2135.6 16.108 7876.9 19.541 "" "" 0.0028534108639314344 0.008651557 0.004640973 0.013292531 282.26256537058 -0.52184543916 1858.36438 -0.888 -2.481 -0.4416666810512543 -0.6096666393280028 0.114546284 0.10854628 "" "" 6.631471522884169 "" 0.7337597085369664 ""
282.31543470924 -0.1324757313 0.0475 0.0462 15.2089 "" "" 4266358042112211328 2220.86572 0.4154 0.0599 0.479 -0.78 0.059 0.051 1.036 7397.4 3.4482 16.02865 3.481207 18.158634 14.677427 "" "" 1966.08032 2494.64111 7302.75049 5.1736 744.67 14.487 10671.0 15.662 "" "" 0.0028606703144102227 0.021305678 0.004101602 0.02540728 282.31543470924 -0.1324757313 2220.86572 0.479 -0.78 0.9253333189487457 1.091333360671997 0.12354628 0.11554628 "" "" 15.06212020712431 "" 1.7917547112619863 ""
