Clusters/LP_2172/LP_2172_stars_in_region.tsv
# %ECSV 1.0
# ---
# datatype:
# - name: RA_ICRS_1
#   unit: deg
#   datatype: float64
#   format: '{:15.11f}'
#   description: Right ascension (ICRS) at Ep=2016.0 (ra)
#   meta: !!omap
#   - {ucd: POS_EQ_RA_MAIN}
#   - {width: 15}
#   - {precision: '11'}
# - name: DE_ICRS_1
#   unit: deg
#   datatype: float64
#   format: '{:15.11f}'
#   description: Declination (ICRS) at Ep=2016.0 (dec)
#   meta: !!omap
#   - {ucd: POS_EQ_DEC_MAIN}
#   - {width: 15}
#   - {precision: '11'}
# - name: e_RA_ICRS
#   unit: mas
#   datatype: float64
#   format: '{:7.4f}'
#   description: Standard error of right ascension (ra_error)
#   meta: !!omap
#   - {ucd: ERROR}
#   - {width: 7}
#   - {precision: '4'}
# - name: e_DE_ICRS
#   unit: mas
#   datatype: float64
#   format: '{:7.4f}'
#   description: Standard error of declination (dec_error)
#   meta: !!omap
#   - {ucd: ERROR}
#   - {width: 7}
#   - {precision: '4'}
# - name: _r_1
#   unit: ''
#   datatype: float64
#   format: '{:7.4f}'
#   description: Distance from center (282.48240637000-00.32319406000)[ICRS], at Epoch=J2016.0
#   meta: !!omap
#   - {ucd: POS_ANG_DIST_GENERAL}
#   - {width: 7}
#   - {precision: '4'}
# - name: HIP
#   datatype: int32
#   description: '? HIP cross-id number, van Leeuwen, Cat. I/311 (hip_original_ext_source_id)'
#   meta: !!omap
#   - {ucd: ID_NUMBER}
#   - {width: 6}
#   - values: {'null': -2147483648}
# - name: TYC2
#   datatype: string
#   description: Tycho-2 cross-id name, Hog et al., Cat. I/259 (tyc2_original_ext_source_id)
#   meta: !!omap
#   - {ucd: ID_CROSSID}
#   - {_votable_string_dtype: char}
# - name: Source
#   datatype: int64
#   description: Source identifier, identical to the Gaia-EDR3 source_id (id)
#   meta: !!omap
#   - {ucd: ID_MAIN}
#   - {width: 19}
# - name: rgeo
#   unit: pc
#   datatype: float64
#   format: '{:15.8f}'
#   description: '? Median of the geometric distance posterior (r_med_geo)'
#   meta: !!omap
#   - {ucd: PHYS_DISTANCE_TRUE}
#   - {width: 15}
#   - {precision: '8'}
#   - values: {'null': .nan}
# - name: Plx
#   unit: mas
#   datatype: float64
#   format: '{:9.4f}'
#   description: '? Parallax (parallax)'
#   meta: !!omap
#   - {ucd: POS_PARLX_TRIG}
#   - {width: 9}
#   - {precision: '4'}
#   - values: {'null': .nan}
# - name: e_Plx
#   unit: mas
#   datatype: float32
#   format: '{:7.4f}'
#   description: '? Standard error of parallax (parallax_error)'
#   meta: !!omap
#   - {ucd: ERROR}
#   - {width: 7}
#   - {precision: '4'}
#   - values: {'null': .nan}
# - name: pmRA
#   unit: mas / yr
#   datatype: float64
#   format: '{:9.3f}'
#   description: '? Proper motion in right ascension direction, pmRA*cosDE (pmra)'
#   meta: !!omap
#   - {ucd: POS_EQ_PMRA}
#   - {width: 9}
#   - {precision: '3'}
#   - values: {'null': .nan}
# - name: pmDE
#   unit: mas / yr
#   datatype: float64
#   format: '{:9.3f}'
#   description: '? Proper motion in declination direction (pmdec)'
#   meta: !!omap
#   - {ucd: POS_EQ_PMDEC}
#   - {width: 9}
#   - {precision: '3'}
#   - values: {'null': .nan}
# - name: e_pmRA
#   unit: mas / yr
#   datatype: float32
#   format: '{:6.3f}'
#   description: '? Standard error of proper motion in right ascension direction (pmra_error)'
#   meta: !!omap
#   - {ucd: ERROR}
#   - {width: 6}
#   - {precision: '3'}
#   - values: {'null': .nan}
# - name: e_pmDE
[...]
#         value: !astropy.table.SerializedColumn {name: SkyCoord.dec}
#       distance: !astropy.table.SerializedColumn
#         __class__: astropy.coordinates.distances.Distance
#         unit: !astropy.units.Unit {unit: pc}
#         value: !astropy.table.SerializedColumn {name: SkyCoord.distance}
#       frame: icrs
#       obstime: !astropy.time.Time {format: jyear_str, in_subfmt: '*', jd1: 367701545.0, jd2: 0.0, out_subfmt: '*', precision: 3, scale: tt}
#       pm_dec: !astropy.table.SerializedColumn
#         __class__: astropy.units.quantity.Quantity
#         unit: !astropy.units.Unit {unit: mas / yr}
#         value: !astropy.table.SerializedColumn {name: SkyCoord.pm_dec}
#       pm_ra_cosdec: !astropy.table.SerializedColumn
#         __class__: astropy.units.quantity.Quantity
#         unit: !astropy.units.Unit {unit: mas / yr}
#         value: !astropy.table.SerializedColumn {name: SkyCoord.pm_ra_cosdec}
#       ra: !astropy.table.SerializedColumn
#         __class__: astropy.coordinates.angles.Longitude
#         unit: *id001
#         value: !astropy.table.SerializedColumn {name: SkyCoord.ra}
#         wrap_angle: !astropy.coordinates.Angle
#           unit: *id001
#           value: 360.0
#       representation_type: spherical
# schema: astropy-2.0
RA_ICRS_1 DE_ICRS_1 e_RA_ICRS e_DE_ICRS _r_1 HIP TYC2 Source rgeo Plx e_Plx pmRA pmDE e_pmRA e_pmDE RUWE Teff logg Gmag BP-RP BPmag RPmag RV e_RV b_rgeo B_rgeo FG e_FG FBP e_FBP FRP e_FRP RAVE5 RAVE6 e_Gmag e_BPmag e_RPmag e_BP-RP SkyCoord.ra SkyCoord.dec SkyCoord.distance SkyCoord.pm_ra_cosdec SkyCoord.pm_dec rmRA rmDE e_rmRA e_rmDE rRV e_rRV v_pec v_pec3d e_vpec e_vpec3d
[from data line 150]
282.79865737364 -0.50570366126 0.0323 0.0323 21.9077 "" "" 4266095671193922944 1996.77002 0.4589 0.0402 -1.172 -5.429 0.036 0.033 1.038 "" "" 15.320995 3.100527 17.15007 14.049543 -26.32 5.39 1817.75024 2142.2959 14013.56543 8.1461 1885.3 9.0939 19026.0 28.453 "" "" 0.0028266811942686725 0.0059340256 0.004113407 0.010047432 282.79865737364 -0.50570366126 1996.77002 -1.1720000000000008 -5.429 -0.7256666810512542 -3.557666639328003 0.10054628 0.09754628 268.99 14.369999 34.36553704904593 271.1763452749324 3.356408986751251 14.260486456708094
282.79354989218 -0.21035553883 0.0328 0.0309 19.8582 "" "" 4266157209481124096 1799.70898 0.515 0.0377 0.289 -2.029 0.04 0.037 1.061 4789.8 2.2555 15.32662 3.13707 17.179295 14.042225 -19.78 6.53 1677.82214 1914.71082 13941.15184 9.7386 1835.3 10.139 19154.0 17.178 "" "" 0.002857800402957698 0.006615287 0.0039028032 0.010518091 282.79354989218 -0.21035553883 1799.70898 0.28899999999999976 -2.029 0.7353333189487457 -0.15766663932800284 0.10454628 0.10154628 275.53 15.51 6.41542289055152 275.60467802790396 0.6698742735833947 15.505805469273888
282.73943428962 -0.2063569695 0.0282 0.0256 16.9401 "" "" 4266168956166600960 2152.90479 0.4149 0.0309 0.67 0.159 0.033 0.03 1.048 4703.7 2.278 15.3448 3.181105 17.221415 14.04031 -5.03 4.1 2018.02417 2321.67529 13709.65877 7.5709 1765.4 12.193 19188.0 59.408 "" "" 0.002819801828144583 0.008001065 0.0050580376 0.013059102 282.73943428962 -0.2063569695 2152.90479 0.67 0.159 1.1163333189487457 2.030333360671997 0.09754628 0.09454628 290.28000000000003 13.08 23.644371208147327 291.2413684383259 2.252152451590603 13.038105811412457
282.60953117032 -0.17975077756 0.0332 0.03 11.5 "" "" 4266171640571713920 1954.79541 0.4525 0.0382 -0.405 -4.475 0.038 0.036 1.151 "" "" 15.353687 2.963196 17.054968 14.091772 10.85 4.04 1821.76086 2083.47021 13597.89804 7.898 2057.9 28.525 18300.0 54.555 "" "" 0.0028265658409878016 0.015306085 0.0049759634 0.020282049 282.60953117032 -0.17975077756 1954.79541 -0.405 -4.475 0.0413333189487457 -2.6036666393280026 0.102546275 0.10054628 306.16 13.0199995 24.127912471021624 307.1092668094034 2.425984075398872 12.981154318171528
282.64020904444 -0.41957951299 0.0286 0.0278 11.0945 "" "" 4266147176437285760 2086.25806 0.4308 0.0334 -1.604 -2.875 0.034 0.03 1.001 4671.7 2.5518 15.3549 2.858752 16.995817 14.137065 -7.76 3.2 1948.11609 2207.18091 13582.71076 6.7412 2173.2 11.128 17552.0 18.174 "" "" 0.002807518180248892 0.0062204455 0.003943042 0.010163488 282.64020904444 -0.41957951299 2086.25806 -1.604 -2.8749999999999982 -1.1576666810512544 -1.003666639328003 0.09854628 0.09454628 287.55 12.179999 15.15140003921278 287.94889724245905 1.4674144318484668 12.163371405174415
282.62288613258 -0.56113347592 0.0302 0.0347 16.5787 "" "" 4266140648087936512 1940.71948 0.4772 0.0428 -0.465 -4.651 0.036 0.032 1.088 9236.9 3.4865 15.362916 2.122886 16.444727 14.321841 "" "" 1805.84839 2140.17993 13482.80323 7.1796 3610.2 13.016 14805.0 21.539 "" "" 0.0028153246181666838 0.004807073 0.0040961932 0.008903267 282.62288613258 -0.56113347592 1940.71948 -0.4649999999999998 -4.650999999999996 -0.018666681051254297 -2.7796666393280027 0.10054628 0.09654628 "" "" 25.570758707843677 "" 2.468766271641497 ""
282.64665829686 -0.02102130062 0.0314 0.0305 20.6357 "" "" 4266175420143116416 2027.47559 0.4461 0.0318 -0.386 -1.944 0.037 0.036 1.041 9651.6 3.6677 15.369599 2.416182 16.660358 14.244177 "" "" 1900.03528 2164.5061 13400.06974 8.0536 2959.9 9.7936 15903.0 15.314 "" "" 0.002831536372111214 0.004548701 0.0039213323 0.008470033 282.64665829686 -0.02102130062 2027.47559 -0.38599999999999973 -1.9439999999999982 0.06033331894874572 -0.07266663932800288 0.10154628 0.10054628 "" "" 0.9076737755521475 "" 0.09163469076180954 ""
282.34343902511 -0.28428297575 0.0297 0.0313 8.6586 "" "" 4266163806551542144 1630.48438 0.5789 0.0365 -2.207 -0.411 0.037 0.032 1.002 "" "" 15.372741 2.318797 16.597176 14.278379 14.69 7.05 1547.69348 1759.33716 13361.34862 6.6077 3137.2 16.5 15410.0 28.139 "" "" 0.002807150165092009 0.0063555995 0.0042678267 0.010623426 282.34343902511 -0.28428297575 1630.48438 -2.2070000000000016 -0.41099999999999987 -1.7606666810512541 1.460333360671997 0.10154628 0.09654628 310.0 16.029999 17.67870550311766 310.50368214928784 1.7597171015101902 16.004309399377117
282.62550829361 -0.51079029893 0.0288 0.0296 14.1566 "" "" 4266141850677582592 1665.66614 0.5583 0.0365 -2.766 -2.615 0.035 0.03 0.923 7093.4 3.4414 15.383405 2.758458 16.940819 14.182361 "" "" 1573.63306 1755.95996 13230.7662 6.4721 2286.1 13.148 16835.0 16.995 "" "" 0.0028060412116890027 0.006839388 0.0039351066 0.010774495 282.62550829361 -0.51079029893 1665.66614 -2.7660000000000005 -2.615 -2.3196666810512543 -0.7436666393280031 0.09954628 0.09454628 "" "" 19.232519249460623 "" 1.905768487412264 ""
282.5640337367 -0.0067407672 0.0364 0.0363 19.6087 "" "" 4266362921194974720 1924.20691 0.4647 0.043 -3.294 -6.757 0.044 0.044 1.155 "" "" 15.395557 3.302739 17.385355 14.082616 84.14 3.35 1792.99707 2075.15845 13083.49578 9.4623 1518.0 9.4578 18455.0 18.269 "" "" 0.0028650264445656496 0.007317443 0.003929238 0.011246681 282.5640337367 -0.0067407672 1924.20691 -3.294000000000002 -6.756999999999996 -2.8476666810512543 -4.885666639328003 0.10854628 0.10854628 379.45 12.33 51.577723669328364 382.93937389475843 5.598570002720055 12.240896112513454
282.41801237255 -0.57548970379 0.036 0.0322 15.623 "" "" 4266119345047760768 2232.86353 0.4043 0.04 -3.808 -2.721 0.047 0.042 1.058 "" "" 15.398565 3.112011 17.241428 14.129417 -36.09 6.28 2060.36084 2496.11035 13047.30011 9.8399 1733.2 9.5812 17676.0 17.616 "" "" 0.0028744171295145243 0.006618835 0.003931229 0.010550064 282.41801237255 -0.57548970379 2232.86353 -3.808 -2.721 -3.361666681051254 -0.849666639328003 0.11154628 0.10654628 259.22 15.26 36.6979819149888 261.80479422010757 4.082737952236109 15.120172814739874
282.65494040411 -0.35872269481 0.0287 0.028 10.5691 "" "" 4266148550826964224 1996.87219 0.4702 0.0346 -0.9 -2.054 0.034 0.038 0.985 9007.4 3.5504 15.405483 2.008938 16.409435 14.400497 "" "" 1861.12488 2186.51318 12964.43177 6.3036 3729.4 18.844 13771.0 37.48 "" "" 0.002805437184767815 0.006154804 0.0047974773 0.010952281 282.65494040411 -0.35872269481 1996.87219 -0.8999999999999995 -2.053999999999998 -0.4536666810512543 -0.18266663932800276 0.09854628 0.102546275 "" "" 4.6290465522364315 "" 0.45880329198610276 ""
282.31610427881 -0.56997315598 0.0311 0.0315 17.8549 "" "" 4266131542754948992 2202.69824 0.4108 0.0392 -2.034 -0.015 0.04 0.032 0.946 "" "" 15.413547 3.039965 17.112597 14.072632 "" "" 2020.24316 2423.91504 12868.50692 10.282 1951.5 16.178 18625.0 372.83 "" "" 0.0028886606541411665 0.009423335 0.022060115 0.03148345 282.31610427881 -0.56997315598 2202.69824 -2.0340000000000016 -0.015 -1.587666681051254 1.8563333606719972 0.10454628 0.09654628 "" "" 25.50345134703037 "" 2.5504490809110023 ""
282.44535376577 -0.33112575174 0.0318 0.0322 2.2735 "" "" 4266159889541168640 1954.44617 0.4725 0.037 -0.334 -1.92 0.038 0.037 1.071 9250.7 3.5723 15.416298 2.260204 16.59005 14.329845 "" "" 1825.19727 2087.78296 12835.94196 7.2911 3157.9 12.148 14697.0 19.294 "" "" 0.0028234970780712135 0.005022914 0.0040392224 0.0090621365 282.44535376577 -0.33112575174 1954.44617 -0.33399999999999963 -1.9200000000000008 0.11233331894874571 -0.04866663932800286 0.102546275 0.10154628 "" "" 1.1341292286241225 "" 0.11612223791350886 ""
282.82965207547 -0.32347720494 0.0317 0.0302 20.8344 "" "" 4266151162166722688 1870.72095 0.49 0.0386 1.425 -2.603 0.037 0.033 1.04 4785.8 2.8072 15.424785 3.096235 17.092255 13.996019 "" "" 1747.2677 2005.89502 12735.99861 11.617 1988.5 29.493 19987.0 444.87 "" "" 0.0029278946285907865 0.016343337 0.024460025 0.04080336 282.82965207547 -0.32347720494 1870.72095 1.425 -2.603 1.8713333189487458 -0.7316666393280031 0.10154628 0.09754628 "" "" 17.816762858254673 "" 1.7999382598474725 ""
282.56708380012 -0.54296761147 0.0363 0.0388 14.1313 "" "" 4266118176816566016 1576.54761 0.6052 0.0485 -1.363 -5.858 0.044 0.035 1.147 7333.4 3.4066 15.425592 2.329658 16.645681 14.316024 15.87 6.84 1469.36353 1698.78345 12726.52389 9.3214 3000.2 11.654 14885.0 27.648 "" "" 0.002867784604987572 0.005056863 0.0042837798 0.009340643 282.56708380012 -0.54296761147 1576.54761 -1.363000000000001 -5.858 -0.9166666810512543 -3.9866666393280026 0.10854628 0.09954628 311.18 15.82 30.56909436136084 312.6778884572329 3.057445230752466 15.747050984725751
282.66534816713 -0.40691334283 0.035 0.035 12.0711 "" "" 4266147107717779456 1874.37549 0.4842 0.0414 -1.29 -1.1 0.041 0.036 1.256 4856.8 2.848 15.43431 2.850671 17.069971 14.2193 -14.04 5.35 1730.15173 2023.27722 12624.74833 9.6844 2029.7 9.7539 16272.0 44.062 "" "" 0.002878446182938037 0.0059167887 0.0047882497 0.010705039 282.66534816713 -0.40691334283 1874.37549 -1.29 -1.0999999999999996 -0.8436666810512543 0.771333360671997 0.10554628 0.10054628 281.27 14.33 10.156115710097946 281.453299121394 1.0491245970438643 14.320717414126253
282.3160039141 -0.2455612251 0.0332 0.0341 11.0171 "" "" 4266351857359192192 1686.82605 0.5427 0.0411 -1.284 -4.695 0.04 0.035 1.002 6481.1 3.1226 15.442525 3.186843 17.343893 14.15705 34.65 4.03 1565.51831 1792.7948 12529.58244 7.5826 1577.1 10.688 17232.0 22.114 "" "" 0.002832581667349273 0.007869285 0.004028041 0.0118973255 282.3160039141 -0.2455612251 1686.82605 -1.284 -4.695000000000004 -0.8376666810512543 -2.823666639328003 0.10454628 0.09954628 329.96 13.01 23.549291451135865 330.79929070034376 2.353987652677119 12.97807374173121
282.47878537572 -0.13523356584 0.0315 0.0306 11.2797 "" "" 4266360206775578112 2193.1438 0.4084 0.0368 -0.195 -2.34 0.038 0.038 1.011 "" "" 15.447475 2.556447 16.841913 14.285466 "" "" 2037.7865 2386.88184 12472.60385 7.0053 2504.1 11.579 15310.0 14.355 "" "" 0.0028219951371147352 0.0057436996 0.0039140866 0.009657786 282.47878537572 -0.13523356584 2193.1438 -0.195 -2.339999999999998 0.2513333189487457 -0.4686666393280028 0.102546275 0.102546275 "" "" 5.528382647434744 "" 0.5669150454005765 ""
282.50123801671 -0.35804079919 0.0288 0.0287 2.3766 "" "" 4266158820051215104 1785.9248 0.5016 0.0347 2.85 2.696 0.036 0.035 0.956 15010.7 3.8834 15.447659 2.905135 17.111984 14.206849 -28.12 3.48 1691.68921 1887.10498 12470.48832 7.6551 1952.6 12.569 16460.0 29.357 "" "" 0.002834782945025403 0.0075253197 0.0042465944 0.011771914 282.50123801671 -0.35804079919 1785.9248 2.85 2.6960000000000006 3.296333318948746 4.567333360671997 0.10054628 0.09954628 267.19 12.459999 47.681679837085035 271.4111985384654 4.762917958410829 12.294718298235104
282.5899320054 -0.61599702553 0.0354 0.0378 18.7152 "" "" 4266116355750317696 2191.10645 0.4117 0.0462 3.556 -6.81 0.046 0.037 1.049 7260.8 3.1663 15.450228 2.942031 17.156445 14.214414 "" "" 1941.47314 2502.5647 12441.0083 8.5177 1874.3 9.464 16345.0 25.178 "" "" 0.002853831261775068 0.006151444 0.004132906 0.010284349 282.5899320054 -0.61599702553 2191.10645 3.556 -6.810000000000003 4.002333318948746 -4.9386666393280025 0.110546276 0.10154628 "" "" 66.0208952047802 "" 6.945803544827803 ""
282.68291069383 -0.57002476714 0.031 0.0322 19.0801 "" "" 4266140441927989888 2088.68579 0.4453 0.0403 -1.395 -3.473 0.038 0.033 1.033 "" "" 15.450326 2.856095 17.084139 14.228044 -20.73 4.13 1928.255 2306.62671 12439.89022 6.882 2003.4 7.0584 16141.0 14.247 "" "" 0.0028200303901191946 0.0047347434 0.0038989913 0.008633735 282.68291069383 -0.57002476714 2088.68579 -1.395 -3.473 -0.9486666810512543 -1.6016666393280028 0.102546275 0.09754628 274.58 13.11 18.42986503223662 275.1978130819837 1.8221447254348186 13.081137179458974
282.46668772281 -0.40539938881 0.0296 0.0296 5.0217 "" "" 4266158205913779072 1809.76965 0.5076 0.0381 -0.443 -1.823 0.039 0.042 0.93 "" "" 15.45506 2.283501 16.652338 14.368837 "" "" 1681.276 1947.4436 12385.76374 6.5844 2981.8 6.8874 14178.0 14.299 "" "" 0.0028151262975471673 0.0037515792 0.0039348137 0.007686393 282.46668772281 -0.40539938881 1809.76965 -0.443 -1.823 0.0033333189487457227 0.048333360671997116 0.10354628 0.10654628 "" "" 0.41560329507025134 "" 0.044275166891351435 ""
282.55676496983 -0.2798706426 0.0291 0.0288 5.1635 "" "" 4266161813686429312 1985.8927 0.4556 0.0344 -2.545 -2.951 0.033 0.035 0.959 "" "" 15.455937 2.90073 17.128191 14.227461 50.29 5.55 1869.03833 2120.01514 12375.7562 7.1087 1923.7 7.0364 16150.0 23.089 "" "" 0.0028250189330233434 0.004853516 0.0040857256 0.008939242 282.55676496983 -0.2798706426 1985.8927 -2.544999999999998 -2.951 -2.098666681051254 -1.079666639328003 0.09754628 0.09954628 345.6 14.53 22.21595111579797 346.313309712433 2.1764569418011845 14.500744122481633
282.36939424934 -0.52455473178 0.0361 0.034 13.8543 "" "" 4266132195589978368 2284.94141 0.3833 0.0423 1.151 -0.287 0.047 0.042 1.078 "" "" 15.478414 3.037095 17.260408 14.223313 "" "" 2116.57959 2487.68799 12122.19749 7.8974 1703.2 8.6839 16212.0 19.784 "" "" 0.0028446645898767627 0.006199125 0.0040049017 0.0102040265 282.36939424934 -0.52455473178 2284.94141 1.1510000000000002 -0.2870000000000002 1.5973333189487458 1.5843333606719971 0.11154628 0.10654628 "" "" 24.366700049078666 "" 2.65829381545996 ""
282.81779380082 -0.43311530984 0.0315 0.0298 21.176 "" "" 4266149169301591936 2241.1145 0.4015 0.0372 -1.318 -6.842 0.037 0.033 1.076 4926.6 2.7667 15.484659 2.848368 17.104845 14.256477 39.75 6.38 2087.93896 2426.42407 12052.65944 7.5009 1965.5 10.467 15724.0 32.277 "" "" 0.002836963465880111 0.006419958 0.0043875845 0.010807542 282.81779380082 -0.43311530984 2241.1145 -1.3180000000000003 -6.842 -0.8716666810512543 -4.970666639328003 0.10154628 0.09754628 335.06 15.36 53.608553876932184 339.3215004222042 5.235839594651499 15.189635631322723
282.24918655188 -0.53234187285 0.0297 0.0297 18.7955 "" "" 4266132676626370944 1946.72217 0.4529 0.0364 -1.011 -1.232 0.036 0.031 0.926 "" "" 15.515107 3.189826 17.407682 14.217856 -6.08 5.75 1816.18884 2098.89502 11719.36226 7.1305 1487.1 11.069 16294.0 33.825 "" "" 0.0028334052331234474 0.008549612 0.0044004302 0.012950042 282.24918655188 -0.53234187285 1946.72217 -1.011 -1.232 -0.5646666810512542 0.6393333606719971 0.10054628 0.095546275 289.23 14.73 7.8709535700897035 289.33707818062743 0.7695342147039778 14.724563128916815
282.57247672548 -0.58334601359 0.0356 0.0375 16.5181 "" "" 4266117764499654656 1836.4585 0.4996 0.0449 -1.719 0.606 0.046 0.039 1.115 15025.4 3.867 15.517552 3.045817 17.294758 14.24894 -8.24 4.29 1676.78748 1968.14099 11692.99527 7.7325 1650.1 6.2172 15834.0 39.965 "" "" 0.0028473319532050486 0.0049517406 0.004668351 0.009620091 282.57247672548 -0.58334601359 1836.4585 -1.719 0.606 -1.2726666810512544 2.477333360671997 0.110546276 0.10354628 287.07 13.2699995 24.243899030308555 288.0919150899445 2.5467357181853996 13.224665069833087
282.63406294542 -0.51841463132 0.0326 0.0335 14.8322 "" "" 4266141644519100288 2213.90674 0.4139 0.0417 -0.462 -3.078 0.041 0.036 1.058 6604.0 2.6961 15.524142 2.845529 17.15199 14.306462 "" "" 1993.52075 2484.78638 11622.23766 6.6416 1882.0 8.102 15017.0 17.051 "" "" 0.0028243138013637264 0.0054435423 0.003975363 0.009418905 282.63406294542 -0.51841463132 2213.90674 -0.4619999999999999 -3.078 -0.015666681051254294 -1.2066666393280028 0.10554628 0.10054628 "" "" 12.663727928399116 "" 1.273301646665169 ""
282.70163313149 -0.56617156067 0.0309 0.0324 19.6353 "" "" 4266093540890186624 2209.97534 0.4184 0.0393 -0.838 -1.902 0.038 0.033 0.948 "" "" 15.528293 1.910198 16.46935 14.559153 "" "" 2035.09619 2411.73462 11577.89813 4.8296 3529.2 9.4627 11899.0 14.695 "" "" 0.002792294943213318 0.004032342 0.004010191 0.008042533 282.70163313149 -0.56617156067 2209.97534 -0.8380000000000004 -1.902 -0.39166668105125424 -0.030666639328002843 0.102546275 0.09754628 "" "" 4.115376413688219 "" 0.4218941802083771 ""
