Clusters/LP_2172/LP_2172_stars_in_region.tsv
# %ECSV 1.0
# ---
# datatype:
# - name: RA_ICRS_1
#   unit: deg
#   datatype: float64
#   format: '{:15.11f}'
#   description: Right ascension (ICRS) at Ep=2016.0 (ra)
#   meta: !!omap
#   - {ucd: POS_EQ_RA_MAIN}
#   - {width: 15}
#   - {precision: '11'}
# - name: DE_ICRS_1
#   unit: deg
#   datatype: float64
#   format: '{:15.11f}'
#   description: Declination (ICRS) at Ep=2016.0 (dec)
#   meta: !!omap
#   - {ucd: POS_EQ_DEC_MAIN}
#   - {width: 15}
#   - {precision: '11'}
# - name: e_RA_ICRS
#   unit: mas
#   datatype: float64
#   format: '{:7.4f}'
#   description: Standard error of right ascension (ra_error)
#   meta: !!omap
#   - {ucd: ERROR}
#   - {width: 7}
#   - {precision: '4'}
# - name: e_DE_ICRS
#   unit: mas
#   datatype: float64
#   format: '{:7.4f}'
#   description: Standard error of declination (dec_error)
#   meta: !!omap
#   - {ucd: ERROR}
#   - {width: 7}
#   - {precision: '4'}
# - name: _r_1
#   unit: ''
#   datatype: float64
#   format: '{:7.4f}'
#   description: Distance from center (282.48240637000-00.32319406000)[ICRS], at Epoch=J2016.0
#   meta: !!omap
#   - {ucd: POS_ANG_DIST_GENERAL}
#   - {width: 7}
#   - {precision: '4'}
# - name: HIP
#   datatype: int32
#   description: '? HIP cross-id number, van Leeuwen, Cat. I/311 (hip_original_ext_source_id)'
#   meta: !!omap
#   - {ucd: ID_NUMBER}
#   - {width: 6}
#   - values: {'null': -2147483648}
# - name: TYC2
#   datatype: string
#   description: Tycho-2 cross-id name, Hog et al., Cat. I/259 (tyc2_original_ext_source_id)
#   meta: !!omap
#   - {ucd: ID_CROSSID}
#   - {_votable_string_dtype: char}
# - name: Source
#   datatype: int64
#   description: Source identifier, identical to the Gaia-EDR3 source_id (id)
#   meta: !!omap
#   - {ucd: ID_MAIN}
#   - {width: 19}
# - name: rgeo
#   unit: pc
#   datatype: float64
#   format: '{:15.8f}'
#   description: '? Median of the geometric distance posterior (r_med_geo)'
#   meta: !!omap
#   - {ucd: PHYS_DISTANCE_TRUE}
#   - {width: 15}
#   - {precision: '8'}
#   - values: {'null': .nan}
# - name: Plx
#   unit: mas
#   datatype: float64
#   format: '{:9.4f}'
#   description: '? Parallax (parallax)'
#   meta: !!omap
#   - {ucd: POS_PARLX_TRIG}
#   - {width: 9}
#   - {precision: '4'}
#   - values: {'null': .nan}
# - name: e_Plx
#   unit: mas
#   datatype: float32
#   format: '{:7.4f}'
#   description: '? Standard error of parallax (parallax_error)'
#   meta: !!omap
#   - {ucd: ERROR}
#   - {width: 7}
#   - {precision: '4'}
#   - values: {'null': .nan}
# - name: pmRA
#   unit: mas / yr
#   datatype: float64
#   format: '{:9.3f}'
#   description: '? Proper motion in right ascension direction, pmRA*cosDE (pmra)'
#   meta: !!omap
#   - {ucd: POS_EQ_PMRA}
#   - {width: 9}
#   - {precision: '3'}
#   - values: {'null': .nan}
# - name: pmDE
#   unit: mas / yr
#   datatype: float64
#   format: '{:9.3f}'
#   description: '? Proper motion in declination direction (pmdec)'
#   meta: !!omap
#   - {ucd: POS_EQ_PMDEC}
#   - {width: 9}
#   - {precision: '3'}
#   - values: {'null': .nan}
# - name: e_pmRA
#   unit: mas / yr
#   datatype: float32
#   format: '{:6.3f}'
#   description: '? Standard error of proper motion in right ascension direction (pmra_error)'
#   meta: !!omap
#   - {ucd: ERROR}
#   - {width: 6}
#   - {precision: '3'}
#   - values: {'null': .nan}
# - name: e_pmDE
[...]
#         value: !astropy.table.SerializedColumn {name: SkyCoord.dec}
#       distance: !astropy.table.SerializedColumn
#         __class__: astropy.coordinates.distances.Distance
#         unit: !astropy.units.Unit {unit: pc}
#         value: !astropy.table.SerializedColumn {name: SkyCoord.distance}
#       frame: icrs
#       obstime: !astropy.time.Time {format: jyear_str, in_subfmt: '*', jd1: 367701545.0, jd2: 0.0, out_subfmt: '*', precision: 3, scale: tt}
#       pm_dec: !astropy.table.SerializedColumn
#         __class__: astropy.units.quantity.Quantity
#         unit: !astropy.units.Unit {unit: mas / yr}
#         value: !astropy.table.SerializedColumn {name: SkyCoord.pm_dec}
#       pm_ra_cosdec: !astropy.table.SerializedColumn
#         __class__: astropy.units.quantity.Quantity
#         unit: !astropy.units.Unit {unit: mas / yr}
#         value: !astropy.table.SerializedColumn {name: SkyCoord.pm_ra_cosdec}
#       ra: !astropy.table.SerializedColumn
#         __class__: astropy.coordinates.angles.Longitude
#         unit: *id001
#         value: !astropy.table.SerializedColumn {name: SkyCoord.ra}
#         wrap_angle: !astropy.coordinates.Angle
#           unit: *id001
#           value: 360.0
#       representation_type: spherical
# schema: astropy-2.0
RA_ICRS_1 DE_ICRS_1 e_RA_ICRS e_DE_ICRS _r_1 HIP TYC2 Source rgeo Plx e_Plx pmRA pmDE e_pmRA e_pmDE RUWE Teff logg Gmag BP-RP BPmag RPmag RV e_RV b_rgeo B_rgeo FG e_FG FBP e_FBP FRP e_FRP RAVE5 RAVE6 e_Gmag e_BPmag e_RPmag e_BP-RP SkyCoord.ra SkyCoord.dec SkyCoord.distance SkyCoord.pm_ra_cosdec SkyCoord.pm_dec rmRA rmDE e_rmRA e_rmDE rRV e_rRV v_pec v_pec3d e_vpec e_vpec3d
[from data line 273]
282.22624088977 -0.57801931751 0.041 0.0404 21.6792 "" "" 4266126594952947200 2103.19141 0.4339 0.0472 0.043 -2.682 0.052 0.047 0.977 7354.8 3.221 16.034248 3.152021 17.889948 14.737927 "" "" 1822.17737 2303.01465 7265.20129 4.5719 953.76 16.276 10092.0 27.455 "" "" 0.002838768483638561 0.018737093 0.004796682 0.023533775 282.22624088977 -0.57801931751 2103.19141 0.043 -2.6820000000000017 0.4893333189487457 -0.8106666393280029 0.11654628 0.11154628 "" "" 9.43980814321561 "" 1.0657847048790048 ""
282.6543578121 -0.05090904538 0.0503 0.0551 19.3221 "" "" 4266175042185954048 2049.80298 0.5031 0.0647 -0.27 1.322 0.061 0.06 1.151 6303.8 3.2182 16.03744 3.291195 18.02334 14.732145 "" "" 1706.19128 2363.89575 7243.88113 4.7435 843.49 6.8854 10146.0 15.903 "" "" 0.002845570111380111 0.009291674 0.004144858 0.013436532 282.6543578121 -0.05090904538 2049.80298 -0.27 1.322 0.1763333189487457 3.193333360671997 0.12554628 0.124546275 "" "" 31.07390468424229 "" 3.8702339034602407 ""
282.33858305646 -0.18115807053 0.0439 0.046 12.1282 "" "" 4266353231748774144 2255.21313 0.4016 0.0554 -1.13 -1.898 0.051 0.046 1.142 "" "" 16.045399 2.828507 17.65233 14.823824 "" "" 2031.99951 2559.83667 7190.96797 4.5824 1187.1 9.2121 9324.6 16.099 "" "" 0.0028408599951002442 0.008875477 0.0042187204 0.013094198 282.33858305646 -0.18115807053 2255.21313 -1.13 -1.898 -0.6836666810512542 -0.02666663932800284 0.11554628 0.110546276 "" "" 7.313756007875986 "" 0.8450229380864667 ""
282.56469036337 -0.48804924825 0.058 0.0586 11.0549 "" "" 4266145011773751168 2254.71069 0.4142 0.0741 -1.771 -3.73 0.067 0.063 1.447 7734.2 2.6928 16.047558 2.519789 17.377499 14.85771 "" "" 1931.11938 2796.57544 7176.67587 7.6751 1529.0 13.067 9038.0 58.286 "" "" 0.002989989662645138 0.009689249 0.007956783 0.017646033 282.56469036337 -0.48804924825 2254.71069 -1.7709999999999992 -3.730000000000001 -1.3246666810512542 -1.858666639328003 0.13154629 0.12754628 "" "" 24.392837932715082 "" 3.144420173846859 ""
282.36555756446 -0.31507255681 0.0399 0.041 7.0277 "" "" 4266163428594362752 2011.41162 0.4873 0.0488 -1.201 -4.385 0.048 0.043 1.059 7995.3 2.5461 16.047575 2.53065 17.42153 14.89088 "" "" 1826.21326 2249.07739 7176.56841 4.2241 1468.3 7.3054 8766.1 13.886 "" "" 0.002828460216367876 0.0060800086 0.004152309 0.010232318 282.36555756446 -0.31507255681 2011.41162 -1.201 -4.384999999999996 -0.7546666810512543 -2.5136666393280027 0.11254628 0.107546285 "" "" 25.022297457340787 "" 2.7016194035411463 ""
282.62485199353 -0.42895263032 0.0395 0.039 10.6447 "" "" 4266145698968549760 1750.55896 0.5556 0.0473 -1.224 -2.276 0.047 0.041 1.045 7972.1 3.9161 16.048702 1.961 17.03096 15.069961 "" "" 1585.10071 1991.01929 7169.12581 4.4694 2103.9 9.9052 7433.2 12.03 "" "" 0.0028372428048756677 0.005823588 0.0041678986 0.009991487 282.62485199353 -0.42895263032 1750.55896 -1.2239999999999995 -2.2759999999999994 -0.7776666810512542 -0.40466663932800273 0.11154628 0.10554628 "" "" 7.274159648513716 "" 0.8023047211041333 ""
282.78690989791 -0.12946544349 0.0368 0.0348 21.6542 "" "" 4266169956944931456 1770.67627 0.534 0.0411 -0.254 -0.851 0.046 0.041 0.992 8312.2 4.0647 16.083374 2.234719 17.246462 15.011743 "" "" 1638.17725 1934.14758 6943.80422 4.6035 1725.2 8.1881 7842.6 14.601 "" "" 0.00284779017374733 0.0058599846 0.004285987 0.010145972 282.78690989791 -0.12946544349 1770.67627 -0.2539999999999998 -0.8510000000000004 0.19233331894874572 1.020333360671997 0.110546276 0.10554628 "" "" 8.714479385572018 "" 0.9213101367525319 ""
282.83036389075 -0.24934615061 0.0427 0.0419 21.3422 "" "" 4266156109969290112 2156.24854 0.4244 0.0526 -0.691 -5.936 0.052 0.047 1.068 4714.9 3.0154 16.102789 2.971316 17.832373 14.861056 "" "" 1970.56567 2395.854 6820.73063 6.289 1005.7 7.7694 9010.2 8.8979 "" "" 0.002931548945595963 0.00883961 0.00392853 0.01276814 282.83036389075 -0.24934615061 2156.24854 -0.691 -5.936 -0.24466668105125422 -4.064666639328003 0.11654628 0.11154628 "" "" 41.618598622489216 "" 4.643167799604888 ""
282.36352596105 -0.6117124706 0.066 0.0621 18.7229 "" "" 4266119443793766272 2259.01953 0.4362 0.0788 -0.207 -3.118 0.081 0.077 1.561 8487.5 3.9038 16.106913 2.705334 17.59941 14.894075 "" "" 1957.18945 2838.35645 6794.88025 12.556 1246.4 10.569 8740.3 24.091 "" "" 0.003408370622845952 0.009620141 0.0048207417 0.014440883 282.36352596105 -0.6117124706 2259.01953 -0.207 -3.118000000000001 0.23933331894874574 -1.2466666393280028 0.14554629 0.14154628 "" "" 13.592766059885756 "" 1.9259644327802392 ""
282.29199761132 -0.10384784828 0.0512 0.0475 17.4277 "" "" 4266358385709640448 2188.86133 0.4231 0.0598 0.014 -3.669 0.061 0.052 0.95 "" "" 16.11059 3.892142 18.58514 14.692998 "" "" 1982.41418 2450.79175 6771.89759 6.5948 502.76 15.094 10519.0 16.108 "" "" 0.0029512305739239483 0.03271547 0.004128924 0.036844395 282.29199761132 -0.10384784828 2188.86133 0.014000000000000002 -3.669 0.46033331894874574 -1.797666639328003 0.12554628 0.11654628 "" "" 19.252955090818077 "" 2.254907912817218 ""
282.57982440162 -0.22692132901 0.0413 0.0389 8.2177 "" "" 4266168135878353664 2284.56885 0.3937 0.0486 -1.957 -2.816 0.045 0.044 0.929 15006.4 4.029 16.113718 2.855208 17.743164 14.887956 "" "" 2062.59985 2633.1604 6752.42314 4.7428 1091.8 12.095 8789.7 21.783 "" "" 0.002858908073470986 0.01234721 0.004639362 0.016986571 282.57982440162 -0.22692132901 2284.56885 -1.9569999999999999 -2.8160000000000007 -1.5106666810512543 -0.9446666393280028 0.10954628 0.10854628 "" "" 19.29393742925425 "" 2.10817315753064 ""
282.84528518972 -0.31665128674 0.0399 0.0377 21.7759 "" "" 4266151196526441344 1576.60986 0.6009 0.046 1.163 -2.507 0.047 0.042 1.046 7638.1 4.0082 16.113985 2.427587 17.413885 14.986299 "" "" 1469.7395 1752.84583 6750.7609 3.9009 1478.6 9.7046 8028.6 10.646 "" "" 0.00282584597068314 0.0076528555 0.004044311 0.011697167 282.84528518972 -0.31665128674 1576.60986 1.1629999999999991 -2.507 1.6093333189487458 -0.635666639328003 0.11154628 0.10654628 "" "" 12.930947537579899 "" 1.4338434991680618 ""
282.53399260407 -0.40323342379 0.0392 0.0385 5.7134 "" "" 4266146695401263616 2202.94409 0.4245 0.0478 -0.464 -2.535 0.049 0.051 0.985 "" "" 16.115654 2.283479 17.302637 15.019158 "" "" 1983.6366 2545.5918 6740.39738 4.0658 1638.2 8.494 7789.2 18.079 "" "" 0.002832084541875498 0.0062830164 0.0045424975 0.010825514 282.53399260407 -0.40323342379 2202.94409 -0.4640000000000001 -2.535 -0.017666681051254296 -0.6636666393280031 0.11354628 0.11554628 "" "" 6.932432079896914 "" 0.8010069959057978 ""
282.59230977223 -0.08345935258 0.062 0.0584 15.8236 "" "" 4266174664228855040 1889.66931 0.5315 0.0693 -1.399 -3.414 0.074 0.071 1.505 9108.9 3.8408 16.120975 2.502114 17.445944 14.94383 "" "" 1645.94128 2130.56641 6707.4418 8.4701 1435.6 8.4447 8348.8 37.153 "" "" 0.0030775948886933163 0.0069695567 0.006134202 0.013103759 282.59230977223 -0.08345935258 1889.66931 -1.399 -3.413999999999999 -0.9526666810512543 -1.542666639328003 0.13854629 0.13554628 "" "" 16.240150195358485 "" 2.214849696880763 ""
282.8033913115 -0.44119336773 0.0884 0.0833 20.5188 "" "" 4266143293786343680 1840.05359 0.579 0.1056 0.176 -0.187 0.103 0.09 2.133 8221.9 4.2356 16.127232 2.424508 17.408186 14.983678 "" "" 1483.84277 2559.60962 6668.90428 11.255 1486.4 9.1391 8048.0 19.193 "" "" 0.003308988098423167 0.0072352635 0.0045812777 0.011816541 282.8033913115 -0.44119336773 1840.05359 0.176 -0.1869999999999999 0.6223333189487457 1.684333360671997 0.16754627 0.15454629 "" "" 15.661199735565022 "" 2.4457319070058925 ""
282.53879327277 -0.38260589046 0.0381 0.0371 4.9146 "" "" 4266158583870788736 2070.73389 0.4458 0.0451 -0.231 -1.885 0.048 0.046 0.969 9451.3 3.6507 16.129007 1.899402 17.033413 15.134011 "" "" 1920.13562 2276.95996 6658.00163 4.0693 2099.2 11.979 7007.4 31.347 "" "" 0.002834103326967915 0.0067949886 0.0061541586 0.012949147 282.53879327277 -0.38260589046 2070.73389 -0.23100000000000012 -1.885 0.21533331894874572 -0.013666639328002939 0.11254628 0.110546276 "" "" 2.117809063455067 "" 0.23833468918356263 ""
282.72491169353 -0.07702769669 0.0403 0.0394 20.7331 "" "" 4266173977034349056 2216.10864 0.42 0.0458 -0.232 -1.882 0.048 0.044 0.974 4838.1 2.7926 16.133545 3.290297 18.118418 14.828121 "" "" 1986.74963 2498.72754 6630.23459 4.5927 772.77 9.1863 9287.7 15.797 "" "" 0.002856118384930545 0.01320483 0.0042064167 0.017411247 282.72491169353 -0.07702769669 2216.10864 -0.23199999999999993 -1.882 0.21433331894874572 -0.010666639328002825 0.11254628 0.10854628 "" "" 2.254219614471804 "" 0.2536821498435111 ""
282.44129684173 -0.30347942821 0.0396 0.0413 2.7355 "" "" 4266162947557942656 2115.35669 0.4482 0.0505 -0.634 -2.007 0.047 0.048 0.974 9222.8 3.7499 16.134378 2.268777 17.316854 15.048078 "" "" 1942.41699 2319.68042 6625.14838 4.7271 1616.9 10.067 7584.5 12.094 "" "" 0.002862153322335132 0.0073131043 0.004157049 0.011470154 282.44129684173 -0.30347942821 2115.35669 -0.6340000000000005 -2.007 -0.18766668105125428 -0.13566663932800305 0.11154628 0.11254628 "" "" 2.321894297333871 "" 0.25979795094749686 ""
282.62473196095 -0.27177651957 0.0409 0.0404 9.0796 "" "" 4266161092131799552 1605.66479 0.5994 0.0495 -3.494 -7.452 0.05 0.05 0.979 6610.5 3.7694 16.138603 2.700397 17.639902 14.939505 "" "" 1480.22034 1768.2677 6599.41721 4.7259 1200.8 15.623 8382.2 15.811 "" "" 0.0028629187215454543 0.014398883 0.0042985985 0.018697482 282.62473196095 -0.27177651957 1605.66479 -3.494 -7.452 -3.0476666810512545 -5.580666639328003 0.114546284 0.114546284 "" "" 48.39454837278517 "" 5.543415685810656 ""
282.3044402421 -0.42167290419 0.046 0.0443 12.2036 "" "" 4266138204211853952 1613.0238 0.5918 0.0501 -1.578 -5.523 0.059 0.05 1.036 7823.2 3.8723 16.141691 2.545217 17.53421 14.988994 "" "" 1476.60291 1729.83521 6580.6759 4.4661 1323.5 11.581 8008.7 15.672 "" "" 0.0028521474897018643 0.009901743 0.004335649 0.014237393 282.3044402421 -0.42167290419 1613.0238 -1.5779999999999998 -5.522999999999999 -1.1316666810512543 -3.6516666393280026 0.12354628 0.114546284 "" "" 29.22964626171729 "" 3.3720190674873582 ""
282.66338358768 -0.20183475407 0.0509 0.0462 13.074 "" "" 4266168376396428288 2136.271 0.4269 0.0588 0.399 -1.204 0.059 0.056 1.177 4951.4 2.8 16.147085 3.17892 17.981525 14.802606 "" "" 1874.24341 2484.90527 6548.05862 6.0999 876.61 12.385 9508.6 28.212 "" "" 0.0029350934481617583 0.015591287 0.0049659843 0.020557271 282.66338358768 -0.20183475407 2136.271 0.39900000000000024 -1.204 0.8453333189487457 0.6673333606719971 0.12354628 0.12054628 "" "" 10.90558892449676 "" 1.334878697389435 ""
282.27432598013 -0.25514550918 0.0536 0.0617 13.1353 "" "" 4266351754280002432 2096.28516 0.447 0.0751 -0.704 0.769 0.067 0.058 1.023 6646.6 3.0135 16.148252 3.805251 18.54407 14.738818 "" "" 1809.24097 2469.90161 6541.02258 5.504 522.14 8.8692 10084.0 24.536 "" "" 0.002902836238933829 0.018652452 0.0046111476 0.0232636 282.27432598013 -0.25514550918 2096.28516 -0.704 0.769 -0.25766668105125423 2.640333360671997 0.13154629 0.12254628 "" "" 26.36001739667221 "" 3.23264142677654 ""
282.8228633582 -0.35837461762 0.0502 0.0456 20.5358 "" "" 4266150818569244032 2092.46167 0.4499 0.0604 -3.259 -3.436 0.061 0.052 1.088 "" "" 16.157032 2.856644 17.80037 14.943726 "" "" 1868.14368 2437.99951 6488.3434 5.4496 1035.8 8.2309 8349.6 13.244 "" "" 0.0029023062069174882 0.009067661 0.0041532665 0.013220928 282.8228633582 -0.35837461762 2092.46167 -3.2590000000000017 -3.435999999999998 -2.812666681051254 -1.5646666393280029 0.12554628 0.11654628 "" "" 31.92276828537929 "" 3.9417767942540265 ""
282.59221631049 -0.5001052211 0.0417 0.0437 12.4931 "" "" 4266144839974948736 2209.56079 0.4209 0.0545 0.23 -1.597 0.051 0.044 0.999 4806.0 3.1459 16.165073 2.883352 17.82501 14.941658 "" "" 1980.43958 2508.1001 6440.46525 4.4395 1012.5 8.3013 8365.6 14.251 "" "" 0.002855155141041912 0.0093287835 0.004207691 0.013536475 282.59221631049 -0.5001052211 2209.56079 0.22999999999999995 -1.597 0.6763333189487457 0.2743333606719971 0.11554628 0.10854628 "" "" 7.643983740365521 "" 0.8758724964720396 ""
282.63821483488 -0.44620421552 0.0406 0.0407 11.9107 "" "" 4266145424090547584 1969.70288 0.4878 0.05 -0.364 -3.401 0.05 0.044 1.017 9248.4 3.58 16.1721 2.080683 17.226915 15.146233 "" "" 1806.40723 2151.08276 6398.92378 4.2044 1756.5 8.9388 6928.9 11.023 "" "" 0.002846173127658676 0.006189824 0.00415538 0.010345204 282.63821483488 -0.44620421552 1969.70288 -0.364 -3.400999999999998 0.08233331894874574 -1.5296666393280027 0.114546284 0.10854628 "" "" 14.30223916500167 "" 1.5527095670976758 ""
282.77477008418 -0.4375144485 0.0425 0.041 18.8348 "" "" 4266143431217556736 2097.47266 0.4419 0.0518 -1.35 -3.138 0.049 0.044 1.047 7034.5 3.8619 16.1735 2.46385 17.46579 15.00194 "" "" 1897.95081 2381.13525 6390.67005 4.9662 1409.6 11.117 7913.8 35.341 "" "" 0.0028816080754111273 0.009005924 0.006147588 0.015153512 282.77477008418 -0.4375144485 2097.47266 -1.3499999999999992 -3.138 -0.9036666810512544 -1.2666666393280028 0.11354628 0.10854628 "" "" 15.469534070822197 "" 1.7056415166834389 ""
282.44417605858 -0.35140267515 0.043 0.0434 2.8506 "" "" 4266159438530420608 1900.41321 0.4993 0.0521 -0.235 -1.613 0.052 0.052 0.949 9226.8 3.6376 16.173904 2.373061 17.441233 15.068172 "" "" 1781.80994 2090.60962 6388.29657 6.424 1441.9 10.059 7445.4 16.716 "" "" 0.0029637519604819164 0.008071893 0.004497309 0.012569202 282.44417605858 -0.35140267515 1900.41321 -0.235 -1.6130000000000009 0.21133331894874574 0.2583333606719971 0.11654628 0.11654628 "" "" 3.0065254068228473 "" 0.3503993539414012 ""
282.49252189239 -0.57440075345 0.0484 0.0467 15.0846 "" "" 4266120543302538240 1967.66541 0.4767 0.0569 -1.94 -5.027 0.058 0.051 0.995 8400.9 2.9462 16.175125 2.351343 17.419857 15.068514 "" "" 1757.93958 2181.72876 6381.11429 4.5564 1470.5 15.279 7443.1 19.187 "" "" 0.002862310897477605 0.011621096 0.004702894 0.016323991 282.49252189239 -0.57440075345 1967.66541 -1.9399999999999995 -5.027000000000003 -1.4936666810512542 -3.155666639328003 0.12254628 0.11554628 "" "" 32.56255533152646 "" 3.805223239114545 ""
282.41216992178 -0.46604784953 0.0515 0.052 9.5511 "" "" 4266134154095195904 1547.42041 0.6124 0.0625 -0.525 1.761 0.066 0.066 1.128 7845.9 3.6655 16.17918 2.313481 17.404842 15.091361 "" "" 1418.68262 1715.14465 6357.32545 4.59 1491.0 11.001 7288.1 15.939 "" "" 0.0028646629747320885 0.008482856 0.004463401 0.012946257 282.41216992178 -0.46604784953 1547.42041 -0.525 1.7609999999999997 -0.0786666810512543 3.632333360671997 0.13054627 0.13054627 "" "" 26.64858716322258 "" 3.4788737029225576 ""
282.2286143263 -0.12936517631 0.0469 0.049 19.1605 "" "" 4266357488050856192 1885.65979 0.5017 0.0609 -6.445 -17.08 0.063 0.056 1.113 6807.7 3.6351 16.187881 2.959417 17.905188 14.94577 "" "" 1671.83386 2149.99072 6306.57949 4.663 940.46 11.86 8333.9 14.33 "" "" 0.0028698855601741948 0.013973454 0.0042153364 0.01818879 282.2286143263 -0.12936517631 1885.65979 -6.445000000000001 -17.08 -5.998666681051255 -15.208666639328001 0.12754628 0.12054628 "" "" 146.12719278191727 "" 17.75623072548055 ""
282.36771394202 -0.63926452349 0.0497 0.0498 20.1741 "" "" 4266118589116131584 2289.51685 0.4469 0.0617 -0.523 -3.328 0.062 0.06 1.127 9472.1 3.7572 16.19872 1.969581 17.111269 15.141688 "" "" 1954.30042 2946.63013 6243.93998 5.4851 1953.9 17.223 6958.0 38.699 "" "" 0.0029157321086647767 0.009968845 0.007123832 0.017092677 282.36771394202 -0.63926452349 2289.51685 -0.523 -3.328 -0.07666668105125429 -1.4566666393280028 0.12654628 0.124546275 "" "" 15.830077623791038 "" 1.9716653532252528 ""
