Clusters/NGC_7380/NGC_7380_members.tsv
# %ECSV 1.0
# ---
# datatype:
# - name: RA_ICRS_1
#   unit: deg
#   datatype: float64
#   format: '{:15.11f}'
#   description: Right ascension (ICRS) at Ep=2016.0 (ra)
#   meta: !!omap
#   - {ucd: POS_EQ_RA_MAIN}
#   - {width: 15}
#   - {precision: '11'}
# - name: DE_ICRS_1
#   unit: deg
#   datatype: float64
#   format: '{:15.11f}'
#   description: Declination (ICRS) at Ep=2016.0 (dec)
#   meta: !!omap
#   - {ucd: POS_EQ_DEC_MAIN}
#   - {width: 15}
#   - {precision: '11'}
# - name: e_RA_ICRS
#   unit: mas
#   datatype: float64
#   format: '{:7.4f}'
#   description: Standard error of right ascension (ra_error)
#   meta: !!omap
#   - {ucd: ERROR}
#   - {width: 7}
#   - {precision: '4'}
# - name: e_DE_ICRS
#   unit: mas
#   datatype: float64
#   format: '{:7.4f}'
#   description: Standard error of declination (dec_error)
#   meta: !!omap
#   - {ucd: ERROR}
#   - {width: 7}
#   - {precision: '4'}
# - name: _r_1
#   unit: ''
#   datatype: float64
#   format: '{:7.4f}'
#   description: Distance from center (341.79991354000+58.14840413000)[ICRS], at Epoch=J2016.0
#   meta: !!omap
#   - {ucd: POS_ANG_DIST_GENERAL}
#   - {width: 7}
#   - {precision: '4'}
# - name: HIP
#   datatype: int32
#   description: '? HIP cross-id number, van Leeuwen, Cat. I/311 (hip_original_ext_source_id)'
#   meta: !!omap
#   - {ucd: ID_NUMBER}
#   - {width: 6}
#   - values: {'null': -2147483648}
# - name: TYC2
#   datatype: string
#   description: Tycho-2 cross-id name, Hog et al., Cat. I/259 (tyc2_original_ext_source_id)
#   meta: !!omap
#   - {ucd: ID_CROSSID}
#   - {_votable_string_dtype: char}
# - name: Source
#   datatype: int64
#   description: Source identifier, identical to the Gaia-EDR3 source_id (id)
#   meta: !!omap
#   - {ucd: ID_MAIN}
#   - {width: 19}
# - name: rgeo
#   unit: pc
#   datatype: float64
#   format: '{:15.8f}'
#   description: '? Median of the geometric distance posterior (r_med_geo)'
#   meta: !!omap
#   - {ucd: PHYS_DISTANCE_TRUE}
#   - {width: 15}
#   - {precision: '8'}
#   - values: {'null': .nan}
# - name: Plx
#   unit: mas
#   datatype: float64
#   format: '{:9.4f}'
#   description: '? Parallax (parallax)'
#   meta: !!omap
#   - {ucd: POS_PARLX_TRIG}
#   - {width: 9}
#   - {precision: '4'}
#   - values: {'null': .nan}
# - name: e_Plx
#   unit: mas
#   datatype: float32
#   format: '{:7.4f}'
#   description: '? Standard error of parallax (parallax_error)'
#   meta: !!omap
#   - {ucd: ERROR}
#   - {width: 7}
#   - {precision: '4'}
#   - values: {'null': .nan}
# - name: pmRA
#   unit: mas / yr
#   datatype: float64
#   format: '{:9.3f}'
#   description: '? Proper motion in right ascension direction, pmRA*cosDE (pmra)'
#   meta: !!omap
#   - {ucd: POS_EQ_PMRA}
#   - {width: 9}
#   - {precision: '3'}
#   - values: {'null': .nan}
# - name: pmDE
#   unit: mas / yr
#   datatype: float64
#   format: '{:9.3f}'
#   description: '? Proper motion in declination direction (pmdec)'
#   meta: !!omap
#   - {ucd: POS_EQ_PMDEC}
#   - {width: 9}
#   - {precision: '3'}
#   - values: {'null': .nan}
# - name: e_pmRA
#   unit: mas / yr
#   datatype: float32
#   format: '{:6.3f}'
#   description: '? Standard error of proper motion in right ascension direction (pmra_error)'
#   meta: !!omap
#   - {ucd: ERROR}
#   - {width: 6}
#   - {precision: '3'}
#   - values: {'null': .nan}
# - name: e_pmDE
[...]
#         unit: &id001 !astropy.units.Unit {unit: deg}
#         value: !astropy.table.SerializedColumn {name: SkyCoord.dec}
#       distance: !astropy.table.SerializedColumn
#         __class__: astropy.coordinates.distances.Distance
#         unit: !astropy.units.Unit {unit: pc}
#         value: !astropy.table.SerializedColumn {name: SkyCoord.distance}
#       frame: icrs
#       obstime: !astropy.time.Time {format: jyear_str, in_subfmt: '*', jd1: 367701545.0, jd2: 0.0, out_subfmt: '*', precision: 3, scale: tt}
#       pm_dec: !astropy.table.SerializedColumn
#         __class__: astropy.units.quantity.Quantity
#         unit: !astropy.units.Unit {unit: mas / yr}
#         value: !astropy.table.SerializedColumn {name: SkyCoord.pm_dec}
#       pm_ra_cosdec: !astropy.table.SerializedColumn
#         __class__: astropy.units.quantity.Quantity
#         unit: !astropy.units.Unit {unit: mas / yr}
#         value: !astropy.table.SerializedColumn {name: SkyCoord.pm_ra_cosdec}
#       ra: !astropy.table.SerializedColumn
#         __class__: astropy.coordinates.angles.Longitude
#         unit: *id001
#         value: !astropy.table.SerializedColumn {name: SkyCoord.ra}
#         wrap_angle: !astropy.coordinates.Angle
#           unit: *id001
#           value: 360.0
#       representation_type: spherical
# schema: astropy-2.0
RA_ICRS_1 DE_ICRS_1 e_RA_ICRS e_DE_ICRS _r_1 HIP TYC2 Source rgeo Plx e_Plx pmRA pmDE e_pmRA e_pmDE RUWE Teff logg Gmag BP-RP BPmag RPmag RV e_RV b_rgeo B_rgeo FG e_FG FBP e_FBP FRP e_FRP RAVE5 RAVE6 e_Gmag e_BPmag e_RPmag e_BP-RP SkyCoord.ra SkyCoord.dec SkyCoord.distance SkyCoord.pm_ra_cosdec SkyCoord.pm_dec Pmemb
341.66764035345 58.29553197611 0.0117 0.0111 9.7671 "" 3996-563-1 2007440058871856768 2527.60059 0.3787 0.0136 -2.491 -2.231 0.015 0.013 0.974 "" "" 9.070106 0.630771 9.296022 8.665252 "" "" 2449.14136 2612.55078 4435108.4974 1430.2 2612200.0 2029.0 2710600.0 1697.1 "" "" 0.0027774760775986485 0.0029148348 0.003840029 0.006754864 341.66764035345 58.29553197611 2527.60059 -2.4910000000000005 -2.231000000000001 0.9
341.91331629839 58.15903507997 0.0197 0.021 3.6464 "" 3996-1155-1 2007423050801646720 2711.54419 0.3597 0.0235 -2.361 -1.969 0.025 0.025 1.651 17828.7 3.3668 10.596987 0.534928 10.786146 10.251218 "" "" 2521.56787 2854.78174 1086805.562 356.82 662150.0 516.63 629030.0 214.56 "" "" 0.002778283549557498 0.0029159337 0.0037974834 0.0067134174 341.91331629839 58.15903507997 2711.54419 -2.361 -1.9690000000000003 0.9
341.72446637183 58.09004661477 0.0101 0.0097 4.2399 "" "" 2007416758659675136 2559.04346 0.3481 0.0117 -2.504 -2.466 0.013 0.011 0.885 6689.7 2.8404 11.911773 0.55284 12.109638 11.556798 "" "" 2480.17676 2650.7085 323770.64689 74.312 195690.0 175.96 188990.0 104.96 "" "" 0.0027665663537762134 0.0029560362 0.003827182 0.006783218 341.72446637183 58.09004661477 2559.04346 -2.503999999999999 -2.466 0.9
341.76727868834 58.13358879656 0.0098 0.0093 1.3632 "" "" 2007422840333408256 2660.08643 0.3467 0.0121 -2.39 -2.249 0.013 0.011 0.906 "" "" 12.086282 0.531159 12.276979 11.74582 "" "" 2582.72949 2751.53052 275698.18034 47.267 167740.0 113.63 158790.0 66.446 "" "" 0.00276160078467875 0.0028854816 0.0038065917 0.0066920733 341.76727868834 58.13358879656 2660.08643 -2.390000000000001 -2.2490000000000014 0.9
341.81228097883 58.10950903314 0.0099 0.0101 2.3664 "" 3992-561-1 2007422531095718400 2543.77197 0.3711 0.0122 -2.588 -2.21 0.013 0.012 0.973 7326.4 3.3775 12.561781 0.500339 12.739814 12.239475 "" "" 2469.26123 2607.49097 177923.86606 109.77 109520.0 175.09 100780.0 188.51 "" "" 0.0028355741076180503 0.0032860227 0.004290478 0.0075765005 341.81228097883 58.10950903314 2543.77197 -2.5880000000000005 -2.210000000000001 0.8
341.39198991305 58.3016181078 0.011 0.0101 15.8309 "" "" 2008185733907874560 2623.89404 0.3613 0.0129 -2.531 -2.173 0.013 0.012 0.938 "" "" 12.854674 0.644401 13.094331 12.44993 "" "" 2526.49146 2704.13794 135855.43987 29.521 79010.0 61.697 83021.0 35.663 "" "" 0.0027654025259388018 0.002916137 0.0038080509 0.006724188 341.39198991305 58.3016181078 2623.89404 -2.531000000000001 -2.173 0.8
341.72296037437 58.30256430856 0.013 0.0127 9.5638 "" "" 2007440127591353344 2573.53613 0.3614 0.0158 -2.557 -2.247 0.016 0.015 1.045 "" "" 12.98226 0.648908 13.223263 12.574355 "" "" 2468.00293 2697.38989 120793.31451 33.198 70164.0 55.561 74031.0 38.498 "" "" 0.0027714309867153328 0.0029196308 0.0038213234 0.0067409542 341.72296037437 58.30256430856 2573.53613 -2.5570000000000004 -2.2469999999999994 0.9
341.90138441383 58.16967412091 0.0096 0.0093 3.4562 "" "" 2007423325679749248 2631.76318 0.3555 0.0116 -2.305 -2.149 0.012 0.011 0.939 15132.4 3.9017 13.165378 0.808774 13.478268 12.669494 "" "" 2555.28247 2708.90112 102045.95545 24.783 55477.0 36.517 67820.0 34.345 "" "" 0.0027679086359361626 0.0028802436 0.0038191678 0.006699411 341.90138441383 58.16967412091 2631.76318 -2.305 -2.149 1.0
341.89048687939 58.06856619775 0.0101 0.0102 5.5848 "" "" 2007418858913640960 2651.25732 0.3505 0.0122 -2.535 -2.353 0.013 0.012 1.103 "" "" 13.310489 0.711669 13.576925 12.865256 "" "" 2576.50879 2727.12231 89279.37311 21.382 50658.0 34.659 56631.0 29.502 "" "" 0.0027675628974419557 0.0028873608 0.003821472 0.0067088325 341.89048687939 58.06856619775 2651.25732 -2.5350000000000006 -2.3529999999999998 0.9
341.87878338169 58.15222840744 0.0127 0.0113 2.5077 "" "" 2007423016441899904 2651.9082 0.3464 0.0144 -2.379 -2.17 0.015 0.013 1.002 6352.9 3.4752 13.787415 0.650005 14.029963 13.379958 "" "" 2559.01025 2779.8667 57541.48835 21.623 33376.0 31.199 35251.0 28.182 "" "" 0.0027853640002420796 0.0029690242 0.0038777788 0.0068468032 341.87878338169 58.15222840744 2651.9082 -2.379 -2.17 1.0
341.83735427753 58.09730235762 0.0114 0.0119 3.2876 "" "" 2007419580468103296 2739.58545 0.3376 0.0139 -2.477 -2.166 0.015 0.014 0.946 "" "" 13.810878 0.643481 14.048677 13.405196 "" "" 2655.55127 2841.07471 56311.31799 14.581 32805.0 26.04 34441.0 26.123 "" "" 0.0027696257262921813 0.0029202418 0.003868062 0.006788304 341.83735427753 58.09730235762 2739.58545 -2.4770000000000008 -2.1660000000000004 1.0
341.8878222067 58.09045379942 0.0113 0.0117 4.4553 "" "" 2007419683547340800 2718.35498 0.3401 0.0139 -2.606 -2.347 0.015 0.014 0.995 12324.4 3.7187 13.811052 0.716736 14.084146 13.367411 "" "" 2623.52759 2823.24072 56302.2795 13.572 31751.0 26.045 35661.0 24.619 "" "" 0.0027677226055455085 0.0029288647 0.0038529928 0.0067818575 341.8878222067 58.09045379942 2718.35498 -2.6059999999999985 -2.3469999999999995 0.9
341.64244225523 58.14555324684 0.0139 0.0136 4.9892 "" "" 2007429647871293952 2572.2312 0.362 0.017 -2.603 -2.181 0.019 0.016 0.924 6747.3 3.5742 14.081108 0.573595 14.286527 13.712932 "" "" 2467.29712 2681.51611 43903.93576 14.181 26352.0 20.535 25941.0 31.735 "" "" 0.002777548436894812 0.0029156269 0.0040059886 0.0069216155 341.64244225523 58.14555324684 2572.2312 -2.603 -2.181 1.0
341.80535647976 58.06708174864 0.0136 0.014 4.8824 "" "" 2007419477388900992 2373.53296 0.394 0.0166 -2.566 -2.164 0.017 0.016 1.173 "" "" 14.116037 1.384987 14.727571 13.342585 "" "" 2298.29541 2461.87573 42513.99427 9.1712 17554.0 22.836 36486.0 22.968 "" "" 0.002765257138500088 0.003127302 0.0038406851 0.006967987 341.80535647976 58.06708174864 2373.53296 -2.566 -2.1640000000000006 0.8
341.7271482108 58.22388310665 0.0142 0.0136 5.08 "" "" 2007436038782582912 2628.88501 0.354 0.0173 -2.459 -2.181 0.018 0.016 0.973 9355.0 3.5247 14.367043 0.895846 14.721466 13.82562 "" "" 2543.67456 2758.39038 33738.81807 7.3468 17653.0 19.578 23384.0 18.085 "" "" 0.0027654449891622935 0.0030389114 0.00387154 0.0069104517 341.7271482108 58.22388310665 2628.88501 -2.4590000000000005 -2.181 1.0
341.54755505167 58.36491914353 0.0146 0.0133 15.2389 "" "" 2008186214944217216 2795.41797 0.3342 0.0167 -2.561 -2.141 0.017 0.015 0.921 11076.0 3.8977 14.385163 0.790647 14.69032 13.899672 "" "" 2678.39209 2902.24585 33180.37204 7.2508 18167.0 24.537 21842.0 13.626 "" "" 0.002765516745670524 0.0031520592 0.0038395966 0.0069916556 341.54755505167 58.36491914353 2795.41797 -2.560999999999999 -2.141 0.9
341.75469083118 58.09939888568 0.0149 0.0148 3.2709 "" "" 2007422466686085760 2711.61182 0.3471 0.0179 -2.574 -2.179 0.02 0.018 0.97 11031.5 3.9116 14.454597 0.804548 14.76574 13.961192 "" "" 2588.03174 2849.42383 31124.8931 7.1373 16948.0 16.596 20639.0 18.991 "" "" 0.0027665459377646563 0.0029858688 0.003909196 0.0068950644 341.75469083118 58.09939888568 2711.61182 -2.573999999999999 -2.1789999999999994 0.9
341.92753447879 58.12446533954 0.0145 0.0144 4.2899 "" "" 2007420027144711296 2637.48096 0.3477 0.0173 -2.537 -2.171 0.018 0.017 0.998 10607.9 3.691 14.545256 0.81767 14.860039 14.042369 "" "" 2513.55762 2765.18628 28631.53689 6.5847 15538.0 14.094 19152.0 12.925 "" "" 0.002766611404664142 0.002958876 0.0038497548 0.006808631 341.92753447879 58.12446533954 2637.48096 -2.537 -2.1710000000000007 1.0
341.93016362262 58.10981207712 0.0149 0.0149 4.7317 "" "" 2007419820986293248 2556.43848 0.3628 0.0178 -2.459 -2.248 0.019 0.018 1.026 9440.8 3.7468 14.577939 1.188134 15.064588 13.876453 "" "" 2428.58228 2678.65381 27782.49077 9.0491 12870.0 26.479 22314.0 23.928 "" "" 0.0027779217046979185 0.0035742105 0.003954649 0.007528859 341.93016362262 58.10981207712 2556.43848 -2.459 -2.248 1.0
341.72648012735 58.14683779441 0.0155 0.0149 2.3271 "" "" 2007423566197644288 2636.41943 0.3498 0.0189 -2.612 -2.08 0.02 0.018 0.983 8788.8 3.7486 14.609786 0.613223 14.838431 14.225208 "" "" 2518.30908 2753.36279 26979.40105 8.4618 15851.0 15.855 16184.0 15.889 "" "" 0.0027762834394714224 0.002994072 0.0039268266 0.0069208983 341.72648012735 58.14683779441 2636.41943 -2.6120000000000005 -2.080000000000001 0.8
341.84564346147 58.09322072646 0.0159 0.0167 3.6142 "" "" 2007419511748632704 2700.70508 0.3441 0.0197 -2.512 -2.142 0.021 0.021 1.022 9866.8 4.1079 14.746225 0.765325 15.03251 14.267185 "" "" 2550.66455 2868.72949 23793.39797 6.8267 13256.0 17.161 15570.0 23.455 "" "" 0.0027728741172176555 0.0031242108 0.0041181115 0.007242322 341.84564346147 58.09322072646 2700.70508 -2.5119999999999996 -2.142000000000001 1.0
341.61649842398 58.25916480045 0.0168 0.0161 8.8197 "" "" 2007434080277397120 2499.27979 0.3757 0.02 -2.505 -2.139 0.021 0.019 1.016 9848.0 3.8931 14.802141 0.835368 15.124742 14.289373 "" "" 2374.15063 2629.46021 22599.0599 5.4775 12176.0 13.203 15255.0 10.582 "" "" 0.0027678586400862715 0.003028385 0.003853694 0.006882079 341.61649842398 58.25916480045 2499.27979 -2.505 -2.139 0.9
341.85373135369 58.05968801867 0.0159 0.0161 5.5897 "" "" 2007419236870755968 2600.03076 0.3641 0.0194 -2.546 -2.078 0.021 0.019 1.019 "" "" 14.805629 1.079472 15.246491 14.16702 "" "" 2447.98657 2728.44873 22526.56925 5.1862 10885.0 14.871 17075.0 20.495 "" "" 0.0027666354494537194 0.0031599523 0.003997757 0.0071577094 341.85373135369 58.05968801867 2600.03076 -2.5459999999999994 -2.078 0.9
341.99275154707 58.112479665 0.0167 0.0166 6.4781 "" "" 2007420508181209600 2571.98389 0.3657 0.0195 -2.322 -2.181 0.021 0.02 0.988 "" "" 14.833616 1.502525 15.502315 13.999789 "" "" 2453.27271 2670.49341 21953.31527 7.9142 8599.9 16.721 19918.0 13.893 "" "" 0.0027829823334758054 0.0034987812 0.0038545101 0.0073532914 341.99275154707 58.112479665 2571.98389 -2.3220000000000005 -2.1810000000000005 1.0
341.84214095282 58.16171825223 0.0174 0.0169 1.5573 "" "" 2007423256960040064 2595.12207 0.358 0.0213 -2.48 -2.027 0.023 0.02 0.985 7597.0 3.8103 14.863186 0.769725 15.160349 14.390624 "" "" 2434.37378 2737.19531 21363.50059 5.9526 11784.0 13.852 13897.0 13.8 "" "" 0.002771878361220918 0.003068212 0.0039301594 0.0069983713 341.84214095282 58.16171825223 2595.12207 -2.479999999999999 -2.0270000000000006 0.8
341.81255864371 58.08824966115 0.0169 0.0176 3.6314 "" "" 2007419546108363904 2297.51587 0.4106 0.0207 -2.53 -2.238 0.022 0.023 1.028 "" "" 14.947073 0.861677 15.280563 14.418886 "" "" 2192.19287 2422.56763 19775.04038 5.4737 10549.0 13.366 13540.0 16.743 "" "" 0.0027716615455146633 0.003110871 0.0040107653 0.0071216365 341.81255864371 58.08824966115 2297.51587 -2.5299999999999994 -2.238000000000001 0.9
341.7810425226 58.08151119637 0.0206 0.0194 4.0579 "" "" 2007419443029140864 2373.65308 0.3968 0.0235 -2.584 -2.19 0.027 0.023 1.133 9353.3 3.8189 15.074672 0.851312 15.406195 14.554883 "" "" 2261.8623 2510.25903 17582.39771 4.8867 9395.9 16.545 11946.0 16.692 "" "" 0.0027717951928397278 0.0033823363 0.0040725023 0.0074548386 341.7810425226 58.08151119637 2373.65308 -2.5840000000000005 -2.19 1.0
341.89907555745 58.14320749514 0.0199 0.0188 3.1555 "" "" 2007423050801657088 2329.57471 0.402 0.0228 -2.468 -2.288 0.026 0.023 1.017 "" "" 15.089741 0.825649 15.41188 14.58623 "" "" 2228.23633 2437.43945 17340.05721 5.6189 9346.8 10.755 11606.0 11.572 "" "" 0.002777691362262337 0.003057096 0.003931368 0.006988464 341.89907555745 58.14320749514 2329.57471 -2.467999999999999 -2.288 0.9
341.96653028983 58.09692294001 0.0242 0.0235 6.1167 "" "" 2007419030712335872 2396.06226 0.3806 0.0283 -2.343 -2.315 0.03 0.028 1.011 "" "" 15.13341 1.88144 15.962669 14.081229 -114.44 8.18 2242.47656 2625.12769 16656.46519 7.0607 5627.9 28.93 18478.0 171.8 "" "" 0.002793495120994631 0.006239765 0.010778974 0.01701874 341.96653028983 58.09692294001 2396.06226 -2.3430000000000004 -2.314999999999999 1.0
341.90933296981 58.0821220846 0.0189 0.0191 5.2765 "" "" 2007418893273373568 2635.92212 0.3525 0.0228 -2.513 -2.249 0.024 0.023 1.03 9238.1 3.6244 15.156566 0.859964 15.492031 14.632067 "" "" 2442.21436 2849.80469 16304.9892 4.2518 8681.7 14.334 11126.0 12.863 "" "" 0.0027698282577992405 0.0033164008 0.003982381 0.0072987815 341.90933296981 58.0821220846 2635.92212 -2.513 -2.2490000000000006 0.8
341.86260997637 58.1111757034 0.0193 0.0187 2.9891 "" "" 2007419958425221760 2834.04761 0.325 0.0229 -2.428 -2.194 0.025 0.023 0.942 9024.6 3.5773 15.181075 0.782666 15.483639 14.700973 "" "" 2671.65747 3010.29321 15941.04162 5.0907 8749.1 11.935 10442.0 9.492 "" "" 0.0027770501642876747 0.0031589074 0.0039061247 0.007065032 341.86260997637 58.1111757034 2834.04761 -2.428 -2.194 0.8
341.81759075709 58.05908365962 0.0199 0.0208 5.3885 "" "" 2007419271230482176 2827.84521 0.3307 0.0248 -2.445 -2.297 0.026 0.027 1.084 7899.9 3.6283 15.194238 1.227148 15.711472 14.484324 "" "" 2627.11646 2996.95605 15748.95597 4.6994 7093.0 13.276 12748.0 13.339 "" "" 0.0027743018692409326 0.003451781 0.00394644 0.0073982207 341.81759075709 58.05908365962 2827.84521 -2.445 -2.296999999999999 1.0
341.67548498991 58.15554045276 0.0228 0.0206 3.9626 "" "" 2007417931200515712 2620.17285 0.3579 0.0271 -2.438 -2.113 0.03 0.024 1.017 9000.0 3.952 15.260667 0.837584 15.594399 14.756815 "" "" 2440.19019 2776.08887 14814.26604 6.2765 7900.5 15.161 9918.2 11.672 "" "" 0.0027934554214065887 0.0034822554 0.003989524 0.0074717794 341.67548498991 58.15554045276 2620.17285 -2.438 -2.1129999999999995 0.8
341.74165546476 58.11455140414 0.0193 0.0191 2.7444 "" "" 2007422702906891904 2594.8042 0.3701 0.0237 -2.654 -2.236 0.026 0.024 1.026 7989.2 4.1456 15.31573 0.853287 15.650686 14.797399 "" "" 2431.25684 2742.31958 14081.69273 3.8626 7501.4 10.803 9554.3 10.255 "" "" 0.002771368660373499 0.0031984218 0.003954971 0.007153393 341.74165546476 58.11455140414 2594.8042 -2.6539999999999995 -2.236 1.0
341.92990850978 58.06307896516 0.0205 0.0217 6.5721 "" "" 2007418618395487744 2443.77563 0.3782 0.0254 -2.263 -2.232 0.027 0.028 1.075 6347.7 3.4611 15.364297 2.077841 16.374323 14.296482 -47.71 6.31 2295.54077 2619.01172 13465.67453 121.17 3852.0 121.65 15155.0 183.73 "" "" 0.010151022585836068 0.034401964 0.013694639 0.048096605 341.92990850978 58.06307896516 2443.77563 -2.263 -2.232000000000001 0.9
341.87862209383 58.08410341861 0.0234 0.023 4.5942 "" "" 2007419610517680000 2530.90894 0.3704 0.0275 -2.545 -2.222 0.03 0.028 1.095 8801.9 3.4289 15.40946 0.991921 15.807479 14.815558 "" "" 2381.75439 2717.40771 12917.03392 4.2025 6492.7 15.392 9395.8 16.818 "" "" 0.0027778710414573696 0.0037960613 0.004249774 0.008045835 341.87862209383 58.08410341861 2530.90894 -2.544999999999999 -2.2219999999999995 1.0
341.9538633339 58.12091743081 0.0222 0.0217 5.1478 "" "" 2007419855346030080 2560.89941 0.3498 0.0258 -2.486 -2.183 0.028 0.026 1.04 "" "" 15.464918 2.386387 16.722616 14.336229 "" "" 2423.99097 2756.29858 12273.8106 5.4283 2794.9 14.617 14611.0 17.507 "" "" 0.0027968495097890726 0.0063267555 0.003997019 0.010323774 341.9538633339 58.12091743081 2560.89941 -2.486 -2.183 0.8
341.93727243087 58.42522179139 0.0233 0.0214 17.1648 "" "" 2007442979449601920 2772.29468 0.3333 0.0265 -2.525 -2.095 0.028 0.025 0.996 7978.1 3.8233 15.50821 1.196183 16.016174 14.819991 "" "" 2569.31201 3010.92847 11794.04575 3.507 5357.3 11.528 9357.5 10.576 "" "" 0.0027741701143695436 0.0036391534 0.0039736056 0.0076127592 341.93727243087 58.42522179139 2772.29468 -2.5250000000000004 -2.0950000000000006 0.9
341.72508590188 58.09539567818 0.0233 0.0232 3.9671 "" "" 2007422638484766208 2420.22021 0.3891 0.0282 -2.644 -2.227 0.032 0.03 1.034 9253.9 3.9449 15.522652 0.866991 15.865742 14.998751 "" "" 2282.39575 2568.4873 11638.20831 3.8568 6153.5 15.381 7937.0 10.865 "" "" 0.0027787133537322075 0.0038923074 0.0040611234 0.0079534305 341.72508590188 58.09539567818 2420.22021 -2.6440000000000006 -2.2269999999999994 0.9
