Clusters/NGC_7380/NGC_7380_stars_in_region.tsv
# %ECSV 1.0
# ---
# datatype:
# - name: RA_ICRS_1
#   unit: deg
#   datatype: float64
#   format: '{:15.11f}'
#   description: Right ascension (ICRS) at Ep=2016.0 (ra)
#   meta: !!omap
#   - {ucd: POS_EQ_RA_MAIN}
#   - {width: 15}
#   - {precision: '11'}
# - name: DE_ICRS_1
#   unit: deg
#   datatype: float64
#   format: '{:15.11f}'
#   description: Declination (ICRS) at Ep=2016.0 (dec)
#   meta: !!omap
#   - {ucd: POS_EQ_DEC_MAIN}
#   - {width: 15}
#   - {precision: '11'}
# - name: e_RA_ICRS
#   unit: mas
#   datatype: float64
#   format: '{:7.4f}'
#   description: Standard error of right ascension (ra_error)
#   meta: !!omap
#   - {ucd: ERROR}
#   - {width: 7}
#   - {precision: '4'}
# - name: e_DE_ICRS
#   unit: mas
#   datatype: float64
#   format: '{:7.4f}'
#   description: Standard error of declination (dec_error)
#   meta: !!omap
#   - {ucd: ERROR}
#   - {width: 7}
#   - {precision: '4'}
# - name: _r_1
#   unit: ''
#   datatype: float64
#   format: '{:7.4f}'
#   description: Distance from center (341.79991354000+58.14840413000)[ICRS], at Epoch=J2016.0
#   meta: !!omap
#   - {ucd: POS_ANG_DIST_GENERAL}
#   - {width: 7}
#   - {precision: '4'}
# - name: HIP
#   datatype: int32
#   description: '? HIP cross-id number, van Leeuwen, Cat. I/311 (hip_original_ext_source_id)'
#   meta: !!omap
#   - {ucd: ID_NUMBER}
#   - {width: 6}
#   - values: {'null': -2147483648}
# - name: TYC2
#   datatype: string
#   description: Tycho-2 cross-id name, Hog et al., Cat. I/259 (tyc2_original_ext_source_id)
#   meta: !!omap
#   - {ucd: ID_CROSSID}
#   - {_votable_string_dtype: char}
# - name: Source
#   datatype: int64
#   description: Source identifier, identical to the Gaia-EDR3 source_id (id)
#   meta: !!omap
#   - {ucd: ID_MAIN}
#   - {width: 19}
# - name: rgeo
#   unit: pc
#   datatype: float64
#   format: '{:15.8f}'
#   description: '? Median of the geometric distance posterior (r_med_geo)'
#   meta: !!omap
#   - {ucd: PHYS_DISTANCE_TRUE}
#   - {width: 15}
#   - {precision: '8'}
#   - values: {'null': .nan}
# - name: Plx
#   unit: mas
#   datatype: float64
#   format: '{:9.4f}'
#   description: '? Parallax (parallax)'
#   meta: !!omap
#   - {ucd: POS_PARLX_TRIG}
#   - {width: 9}
#   - {precision: '4'}
#   - values: {'null': .nan}
# - name: e_Plx
#   unit: mas
#   datatype: float32
#   format: '{:7.4f}'
#   description: '? Standard error of parallax (parallax_error)'
#   meta: !!omap
#   - {ucd: ERROR}
#   - {width: 7}
#   - {precision: '4'}
#   - values: {'null': .nan}
# - name: pmRA
#   unit: mas / yr
#   datatype: float64
#   format: '{:9.3f}'
#   description: '? Proper motion in right ascension direction, pmRA*cosDE (pmra)'
#   meta: !!omap
#   - {ucd: POS_EQ_PMRA}
#   - {width: 9}
#   - {precision: '3'}
#   - values: {'null': .nan}
# - name: pmDE
#   unit: mas / yr
#   datatype: float64
#   format: '{:9.3f}'
#   description: '? Proper motion in declination direction (pmdec)'
#   meta: !!omap
#   - {ucd: POS_EQ_PMDEC}
#   - {width: 9}
#   - {precision: '3'}
#   - values: {'null': .nan}
# - name: e_pmRA
#   unit: mas / yr
#   datatype: float32
#   format: '{:6.3f}'
#   description: '? Standard error of proper motion in right ascension direction (pmra_error)'
#   meta: !!omap
#   - {ucd: ERROR}
#   - {width: 6}
#   - {precision: '3'}
#   - values: {'null': .nan}
# - name: e_pmDE
[...]
#         unit: &id001 !astropy.units.Unit {unit: deg}
#         value: !astropy.table.SerializedColumn {name: SkyCoord.dec}
#       distance: !astropy.table.SerializedColumn
#         __class__: astropy.coordinates.distances.Distance
#         unit: !astropy.units.Unit {unit: pc}
#         value: !astropy.table.SerializedColumn {name: SkyCoord.distance}
#       frame: icrs
#       obstime: !astropy.time.Time {format: jyear_str, in_subfmt: '*', jd1: 367701545.0, jd2: 0.0, out_subfmt: '*', precision: 3, scale: tt}
#       pm_dec: !astropy.table.SerializedColumn
#         __class__: astropy.units.quantity.Quantity
#         unit: !astropy.units.Unit {unit: mas / yr}
#         value: !astropy.table.SerializedColumn {name: SkyCoord.pm_dec}
#       pm_ra_cosdec: !astropy.table.SerializedColumn
#         __class__: astropy.units.quantity.Quantity
#         unit: !astropy.units.Unit {unit: mas / yr}
#         value: !astropy.table.SerializedColumn {name: SkyCoord.pm_ra_cosdec}
#       ra: !astropy.table.SerializedColumn
#         __class__: astropy.coordinates.angles.Longitude
#         unit: *id001
#         value: !astropy.table.SerializedColumn {name: SkyCoord.ra}
#         wrap_angle: !astropy.coordinates.Angle
#           unit: *id001
#           value: 360.0
#       representation_type: spherical
# schema: astropy-2.0
RA_ICRS_1 DE_ICRS_1 e_RA_ICRS e_DE_ICRS _r_1 HIP TYC2 Source rgeo Plx e_Plx pmRA pmDE e_pmRA e_pmDE RUWE Teff logg Gmag BP-RP BPmag RPmag RV e_RV b_rgeo B_rgeo FG e_FG FBP e_FBP FRP e_FRP RAVE5 RAVE6 e_Gmag e_BPmag e_RPmag e_BP-RP SkyCoord.ra SkyCoord.dec SkyCoord.distance SkyCoord.pm_ra_cosdec SkyCoord.pm_dec
[from data line 526]
341.73009692169 57.912740863 0.0279 0.0272 14.3127 "" "" 2007364948482011648 2328.81738 0.4089 0.0348 -5.013 -3.46 0.036 0.034 0.928 7202.6 4.1889 15.996461 1.206862 16.50942 15.302559 "" "" 2160.70654 2566.28345 7522.50035 2.9461 3401.3 9.9024 5999.8 14.582 "" "" 0.0027879379529089712 0.0042162486 0.00460944 0.008825689 341.73009692169 57.912740863 2328.81738 -5.013 -3.4599999999999995
341.74606386274 58.34739071629 0.0294 0.0265 12.0597 "" "" 2007440814786080384 2469.73169 0.3798 0.0334 -6.014 -4.061 0.034 0.031 0.976 6842.8 4.1956 15.997213 1.406412 16.62771 15.221298 "" "" 2281.56421 2732.5105 7517.29473 3.0093 3050.2 10.894 6466.1 12.867 "" "" 0.002789390622883943 0.004777263 0.0043533426 0.0091306055 341.74606386274 58.34739071629 2469.73169 -6.014000000000001 -4.061
341.4670744439 58.1399838848 0.0291 0.0295 10.5521 "" "" 2007430124599397888 2240.12109 0.4183 0.0373 -4.667 -1.815 0.042 0.039 0.977 5054.6 4.1315 16.000257 1.415933 16.63991 15.223977 "" "" 2101.81152 2476.12256 7496.24438 3.4179 3016.1 8.5656 6450.1 7.5737 "" "" 0.0027994380863672302 0.004158448 0.0039886115 0.008147059 341.4670744439 58.1399838848 2240.12109 -4.666999999999999 -1.815
341.68028516337 58.03180980418 0.027 0.0279 7.9583 "" "" 2007413395715195008 1972.47205 0.4883 0.0335 -2.521 -3.535 0.035 0.034 0.987 6299.7 4.2049 16.005686 1.375078 16.617321 15.242243 "" "" 1845.90002 2130.04321 7458.8535 2.8063 3079.6 11.605 6342.5 10.791 "" "" 0.002785436631163772 0.004952257 0.004206668 0.009158925 341.68028516337 58.03180980418 1972.47205 -2.5210000000000004 -3.5349999999999993
341.36948067664 58.32059624913 0.0309 0.028 17.0759 "" "" 2008186558541558528 2588.44385 0.3732 0.0354 -0.086 -1.374 0.038 0.034 1.049 "" "" 16.005781 1.29132 16.567728 15.276408 "" "" 2310.21802 2875.45508 7458.20564 2.8481 3223.5 10.349 6146.0 6.9787 "" "" 0.0027863408152867973 0.0044649113 0.0039753765 0.008440288 341.36948067664 58.32059624913 2588.44385 -0.08599999999999997 -1.374
342.13361062 58.21315758567 0.0284 0.0267 11.2486 "" "" 2007422020009535360 2305.53369 0.4059 0.0322 -4.624 -3.772 0.035 0.032 0.963 5440.1 3.5465 16.011389 1.627721 16.773571 15.14585 "" "" 2138.24438 2497.37183 7419.78217 2.9952 2666.8 10.504 6931.4 10.964 "" "" 0.0027899615080529926 0.0051062224 0.0041512894 0.009257512 342.13361062 58.21315758567 2305.53369 -4.6240000000000006 -3.7720000000000007
342.16841234342 57.98700445124 0.0272 0.0266 15.1834 "" "" 2007368728053305344 1950.3407 0.4889 0.0327 -4.115 -2.7 0.034 0.03 0.995 4899.1 4.1021 16.012218 1.681778 16.8149 15.133121 "" "" 1838.8866 2059.87671 7414.11426 2.7786 2567.2 6.3172 7013.1 9.1925 "" "" 0.0027852036858910956 0.0038630404 0.0040384475 0.007901488 342.16841234342 57.98700445124 1950.3407 -4.114999999999999 -2.7
341.81649068229 57.9230180001 0.0292 0.0271 13.5334 "" "" 2007364811043076096 2526.62866 0.3697 0.0356 -1.274 -0.272 0.038 0.033 0.993 6550.7 3.8898 16.012959 1.3823 16.634598 15.252297 "" "" 2328.68408 2798.64404 7409.06586 2.9507 3030.9 10.441 6284.0 10.902 "" "" 0.0027890427308896676 0.004666277 0.004222768 0.008889046 341.81649068229 57.9230180001 2526.62866 -1.2740000000000002 -0.27200000000000013
342.07496985102 58.19585074776 0.0288 0.0273 9.1571 "" "" 2007422088729006208 2554.54395 0.3714 0.0332 -3.326 -2.007 0.034 0.032 1.024 7189.8 4.3165 16.022097 1.305517 16.593723 15.288206 "" "" 2311.64429 2811.23853 7346.97254 3.0751 3147.2 13.247 6079.6 11.971 "" "" 0.002792544317463176 0.0053544445 0.00434214 0.009696584 342.07496985102 58.19585074776 2554.54395 -3.3259999999999996 -2.007
341.87327353738 57.96840460372 0.0282 0.0287 11.0482 "" "" 2007370892716754560 2848.10767 0.3244 0.0354 -2.906 -2.08 0.037 0.035 0.946 9722.3 3.7224 16.035753 2.611186 17.47252 14.861335 "" "" 2498.73047 3153.57495 7255.14051 3.6928 1400.9 10.089 9007.9 12.862 "" "" 0.002810193775766332 0.008302154 0.004084983 0.012387137 341.87327353738 57.96840460372 2848.10767 -2.906 -2.08
341.3909846587 58.01867970282 0.0479 0.0515 15.1276 "" "" 2007415560378187136 2431.28174 0.4222 0.0612 -2.257 -2.122 0.063 0.065 1.784 8294.1 4.2129 16.04149 1.27051 16.575718 15.305208 "" "" 2140.26562 2990.521 7216.89617 4.8329 3199.9 10.493 5985.1 11.557 "" "" 0.002849637419409249 0.004523366 0.004321933 0.0088452995 341.3909846587 58.01867970282 2431.28174 -2.2569999999999997 -2.122
342.37788861852 58.07029868522 0.0264 0.0255 18.9105 "" "" 2007392848590260992 2349.57202 0.4013 0.0313 -3.275 -1.23 0.032 0.03 0.982 7378.2 4.0474 16.041746 1.312883 16.61913 15.306246 "" "" 2171.74951 2549.62598 7215.1959 2.5861 3074.4 9.2769 5979.4 7.8012 "" "" 0.002782666033367329 0.004303296 0.004036125 0.008339421 342.37788861852 58.07029868522 2349.57202 -3.2749999999999995 -1.2299999999999998
342.31416618469 58.22318076002 0.0294 0.0255 16.8732 "" "" 2007444972315278976 2205.58057 0.4316 0.0323 -4.511 0.057 0.035 0.029 1.025 6209.7 4.2774 16.042368 1.130184 16.520277 15.390093 "" "" 2030.73083 2355.99634 7211.06987 2.8057 3367.5 11.27 5535.0 10.319 "" "" 0.002787516032547396 0.0045813 0.0042872997 0.008868599 342.31416618469 58.22318076002 2205.58057 -4.511 0.057000000000000245
341.50503500028 58.25860325703 0.0306 0.0296 11.4291 "" "" 2007435007990279296 2716.55493 0.3583 0.0381 -1.308 -3.657 0.038 0.033 1.045 7116.6 4.0716 16.04395 1.263224 16.593 15.329777 "" "" 2463.30225 3019.18872 7200.57703 3.138 3149.3 17.672 5851.2 10.396 "" "" 0.002795652298394809 0.0067010205 0.0042432295 0.01094425 341.50503500028 58.25860325703 2716.55493 -1.3079999999999998 -3.657
341.53209353751 58.20323695556 0.0338 0.0321 9.0898 "" "" 2007430953541232000 2316.03027 0.4121 0.0401 -0.715 -0.387 0.042 0.04 1.095 7647.6 4.2972 16.048086 1.113687 16.51115 15.397463 "" "" 2125.9812 2544.00879 7173.19454 3.4491 3395.9 15.991 5497.6 20.142 "" "" 0.0028043416951645966 0.0058244416 0.0054870215 0.011311463 341.53209353751 58.20323695556 2316.03027 -0.715 -0.387
341.65786909801 58.18836948463 0.0351 0.0324 5.0947 "" "" 2007429957108897536 2085.50317 0.4602 0.0408 -0.473 -1.97 0.045 0.04 1.156 6438.8 4.2243 16.053993 1.438983 16.706839 15.267856 "" "" 1914.12524 2281.00586 7134.27049 3.0374 2835.8 9.2724 6194.6 8.1406 "" "" 0.00279382610038414 0.0045153378 0.0040397434 0.008555081 341.65786909801 58.18836948463 2085.50317 -0.47300000000000014 -1.9700000000000002
341.81438667438 58.04450569392 0.0283 0.0285 6.2508 "" "" 2007419099431800704 2240.55957 0.4311 0.034 -7.006 -2.158 0.036 0.034 0.997 6952.0 4.2089 16.054895 1.263226 16.60492 15.341694 "" "" 2088.27295 2440.71826 7128.34371 2.742 3114.9 8.7509 5787.4 10.305 "" "" 0.0027867926762628887 0.0041338806 0.0042451383 0.008379019 341.81438667438 58.04450569392 2240.55957 -7.006 -2.1579999999999995
341.40757094607 58.13945585037 0.0304 0.0308 12.436 "" "" 2007428926316681600 2120.61597 0.4419 0.0387 -0.172 -2.088 0.041 0.035 1.001 7072.9 4.3306 16.055185 1.174514 16.559778 15.385264 "" "" 1947.66724 2348.22412 7126.44441 2.9861 3247.2 8.8574 5559.7 10.659 "" "" 0.0027926262458770196 0.004068897 0.0043146987 0.008383596 341.40757094607 58.13945585037 2120.61597 -0.17200000000000015 -2.088
341.9293451722 58.08193795914 0.0281 0.0279 5.7211 "" "" 2007418996352597248 2855.72949 0.3349 0.0332 -2.408 -2.224 0.035 0.034 0.993 "" "" 16.058064 1.537694 16.755198 15.217504 "" "" 2615.4126 3124.99097 7107.57565 2.8776 2712.3 8.5231 6488.7 9.9531 "" "" 0.0027901641171447175 0.0044074324 0.0041300566 0.008537489 341.9293451722 58.08193795914 2855.72949 -2.4080000000000004 -2.2240000000000006
341.72194790926 58.08350301466 0.0461 0.0451 4.6118 "" "" 2007416556803956480 2413.23633 0.4193 0.0526 -2.66 -2.152 0.068 0.086 1.005 5800.6 4.3185 16.064365 1.095704 16.404957 15.309253 "" "" 2161.31543 2762.802 7066.43421 4.8982 3744.8 29.702 5962.9 40.838 "" "" 0.0028562539236907003 0.009052284 0.008341208 0.017393492 341.72194790926 58.08350301466 2413.23633 -2.66 -2.1520000000000006
341.74625587888 58.08447947616 0.029 0.028 4.1955 "" "" 2007422432326359040 2286.79199 0.4245 0.0336 -3.927 -2.582 0.037 0.034 0.993 7112.8 4.3529 16.07022 1.205816 16.586727 15.380911 "" "" 2130.07031 2517.3999 7028.42703 2.7498 3167.6 8.5581 5582.1 12.592 "" "" 0.0027878719702184107 0.004048442 0.00450358 0.008552022 341.74625587888 58.08447947616 2286.79199 -3.9269999999999996 -2.5820000000000003
341.9612395344 58.39330395788 0.2058 0.1659 15.5508 "" "" 2007439745323606144 1948.05042 0.7079 0.2065 -2.375 -2.146 0.245 0.199 3.509 "" "" 16.072392 2.255278 16.845148 14.58987 "" "" 1256.96558 3915.85498 7014.39698 6.9948 2496.7 17.045 11567.0 30.111 "" "" 0.0029604112463342126 0.0079200845 0.004719331 0.012639415 341.9612395344 58.39330395788 1948.05042 -2.3749999999999996 -2.146
341.61167468279 58.01465860249 0.0317 0.0321 10.0027 "" "" 2007415938335821184 2015.5918 0.4796 0.0384 -0.95 -2.643 0.041 0.041 1.187 6102.4 4.1724 16.074518 1.333409 16.653198 15.319789 "" "" 1861.46863 2236.82837 7000.66569 3.3646 2979.5 9.6601 5905.3 9.5423 "" "" 0.0028042971674734412 0.004491835 0.0041667423 0.008658577 341.61167468279 58.01465860249 2015.5918 -0.9499999999999998 -2.6430000000000002
341.70970983134 57.95000520675 0.0283 0.0286 12.2436 "" "" 2007412021325737344 2284.14355 0.418 0.0351 -3.381 -1.085 0.038 0.036 1.039 5819.5 4.26 16.074629 1.216084 16.601221 15.385138 "" "" 2109.03418 2490.73438 6999.95988 3.1041 3125.6 9.4702 5560.4 8.7757 "" "" 0.0027970694763071366 0.004313567 0.0041497014 0.008463269 341.70970983134 57.95000520675 2284.14355 -3.381 -1.085
341.32134631589 58.2497915365 0.03 0.0273 16.3084 "" "" 2008183981561244032 2120.98242 0.4531 0.0348 -0.724 -3.372 0.039 0.035 1.026 6494.8 4.2574 16.081774 1.329771 16.672583 15.342812 "" "" 1963.44543 2272.5603 6954.04137 3.0912 2926.7 9.8718 5781.4 9.2725 "" "" 0.0027972702647458573 0.0046039964 0.0041612564 0.008765252 341.32134631589 58.2497915365 2120.98242 -0.7239999999999998 -3.372
341.95204246009 58.35629016255 0.0329 0.0271 13.3659 "" "" 2007439096799257472 2687.4978 0.3524 0.0353 -1.216 3.293 0.04 0.034 1.044 5339.2 3.5425 16.08234 1.75274 16.921658 15.168918 "" "" 2478.27515 2955.41431 6950.41002 2.9586 2326.8 13.709 6785.6 10.032 "" "" 0.002793812614490974 0.0069789435 0.004106133 0.011085076 341.95204246009 58.35629016255 2687.4978 -1.216 3.293
341.29785304446 58.15729200086 0.0297 0.0276 15.9038 "" "" 2007432053052793472 2767.67944 0.3446 0.0352 -7.14 -4.032 0.039 0.036 0.996 7737.4 4.05 16.08464 1.274615 16.639843 15.365228 "" "" 2529.37354 3091.15503 6935.70531 2.8733 3016.3 15.836 5663.3 10.017 "" "" 0.0027917924315397132 0.0063465033 0.004239301 0.0105858045 341.29785304446 58.15729200086 2767.67944 -7.14 -4.032
341.60268014069 58.20174519414 0.0306 0.0299 7.0132 "" "" 2007430816102316160 2241.65063 0.4174 0.0367 -1.001 -0.829 0.038 0.036 1.068 7110.2 4.3295 16.086304 1.296693 16.654432 15.357739 "" "" 2083.39038 2446.14771 6925.082 2.9016 2976.1 10.316 5702.5 9.7886 "" "" 0.002792623029130757 0.004684947 0.004213925 0.008898872 341.60268014069 58.20174519414 2241.65063 -1.001 -0.8289999999999998
342.34267852886 58.0881797545 0.0276 0.0267 17.5757 "" "" 2007393157827888896 2022.0719 0.4733 0.0331 -6.155 1.85 0.033 0.031 1.036 7134.6 4.339 16.08881 1.352514 16.675793 15.323278 "" "" 1885.7113 2134.42554 6909.11672 2.946 2918.1 7.9506 5886.4 10.828 "" "" 0.002793942115082631 0.00406643 0.004274641 0.008341071 342.34267852886 58.0881797545 2022.0719 -6.154999999999999 1.85
341.64035597593 58.10526661409 0.0286 0.0282 5.6792 "" "" 2007417518875716736 2084.28052 0.4646 0.0348 0.15 -0.449 0.038 0.034 0.959 6591.4 4.351 16.089045 1.182857 16.597012 15.414155 "" "" 1949.83777 2280.76587 6907.62576 3.0546 3137.7 8.9184 5413.7 12.415 "" "" 0.0027968383358431474 0.0041603623 0.004525835 0.008686198 341.64035597593 58.10526661409 2084.28052 0.15 -0.449
342.12397308713 58.42811890265 0.0304 0.0272 19.6499 "" "" 2007463079897324032 2420.80518 0.3909 0.0349 -3.813 -2.055 0.036 0.033 0.987 7171.6 4.3335 16.089577 1.318868 16.666843 15.347976 "" "" 2213.05688 2637.44995 6904.23853 30.587 2942.2 42.3 5754.0 76.269 "" "" 0.005543277302412194 0.015857032 0.014879367 0.030736398 342.12397308713 58.42811890265 2420.80518 -3.8130000000000006 -2.055
342.27646778655 58.3367967424 0.0307 0.0278 18.8215 "" "" 2007449370361751296 2468.36719 0.3953 0.0358 1.628 -2.766 0.036 0.033 1.035 7178.3 4.2182 16.090738 1.25008 16.63498 15.384899 "" "" 2230.07129 2677.26782 6896.8644 2.7826 3029.9 9.088 5561.6 8.4859 "" "" 0.0027899241834899004 0.004288413 0.0041265134 0.008414926 342.27646778655 58.3367967424 2468.36719 1.6280000000000001 -2.766000000000001
342.26383813738 58.19594270114 0.0298 0.0267 14.9541 "" "" 2007444491278944512 2640.89941 0.358 0.0339 -1.882 -2.922 0.035 0.03 1.025 5861.2 4.148 16.09162 1.228278 16.619987 15.391709 "" "" 2420.45337 2905.16943 6891.26024 2.8314 3072.0 9.2965 5526.8 8.6344 "" "" 0.002791198612371304 0.0043105227 0.0041425712 0.0084530935 342.26383813738 58.19594270114 2640.89941 -1.8819999999999997 -2.9219999999999997
341.35721812225 58.18796788346 0.0305 0.0281 14.2091 "" "" 2007432190491740160 1936.91223 0.4986 0.0352 0.041 -2.35 0.038 0.035 0.985 6895.1 4.3358 16.092382 1.23184 16.63086 15.399019 "" "" 1815.8031 2063.94165 6886.42607 2.5687 3041.4 11.109 5489.7 10.53 "" "" 0.0027849247650727307 0.0048489436 0.0043151956 0.00916414 341.35721812225 58.18796788346 1936.91223 0.04100000000000015 -2.35
341.85743747463 58.06779399605 0.0291 0.0299 5.1689 "" "" 2007419236870750720 2393.78906 0.3964 0.0349 -7.557 -0.789 0.036 0.035 0.994 5813.4 4.2111 16.094276 1.420043 16.74015 15.320107 "" "" 2231.86743 2628.73975 6874.42327 2.9642 2750.2 7.2694 5903.6 14.083 "" "" 0.0027948102697883796 0.0040026326 0.004581693 0.008584326 341.85743747463 58.06779399605 2393.78906 -7.557 -0.7889999999999999
341.35462307006 58.28635204333 0.0487 0.046 16.3256 "" "" 2008185699548135424 2761.74194 0.3441 0.0575 0.32 -1.514 0.06 0.054 1.968 5581.7 4.2027 16.095974 1.387633 16.637989 15.250356 "" "" 2440.56885 3171.77173 6863.67854 5.4762 3021.5 12.45 6295.3 21.445 "" "" 0.0028882850040938203 0.005272516 0.00528802 0.010560536 341.35462307006 58.28635204333 2761.74194 0.32 -1.5139999999999998
341.35900821873 58.23898449422 0.03 0.0281 14.9645 "" "" 2007433324363573376 2290.48071 0.4246 0.0349 -2.514 -3.347 0.039 0.037 1.004 7149.0 4.324 16.098475 1.200271 16.613932 15.413661 "" "" 2118.55884 2484.11182 6847.89319 2.8007 3089.2 8.2102 5416.2 13.108 "" "" 0.002790872922070855 0.004013923 0.004603067 0.0086169895 341.35900821873 58.23898449422 2290.48071 -2.5139999999999993 -3.3469999999999995
342.25195642333 58.19434092521 0.0294 0.0258 14.567 "" "" 2007444388199728128 2314.07202 0.4037 0.0332 -1.652 -3.08 0.035 0.029 1.03 5442.0 3.5941 16.10049 1.409374 16.737337 15.327963 "" "" 2159.29028 2468.39551 6835.18996 2.8333 2757.3 6.6151 5861.0 8.7939 "" "" 0.0027918344455751293 0.0038170805 0.004115523 0.007932603 342.25195642333 58.19434092521 2314.07202 -1.6519999999999997 -3.0799999999999996
342.07535475481 58.22758392141 0.0346 0.0307 9.9228 "" "" 2007425146745687680 2067.81982 0.4685 0.0384 -3.283 -4.455 0.044 0.037 1.127 6508.8 3.9627 16.101505 1.392538 16.723799 15.331261 "" "" 1920.19324 2204.84033 6828.80958 3.0778 2791.9 12.549 5843.2 10.131 "" "" 0.002798437591685384 0.005621473 0.0042222487 0.009843722 342.07535475481 58.22758392141 2067.81982 -3.2829999999999995 -4.455
