Clusters/NGC_7380/NGC_7380_stars_in_region.tsv
# %ECSV 1.0
# ---
# datatype:
# - name: RA_ICRS_1
#   unit: deg
#   datatype: float64
#   format: '{:15.11f}'
#   description: Right ascension (ICRS) at Ep=2016.0 (ra)
#   meta: !!omap
#   - {ucd: POS_EQ_RA_MAIN}
#   - {width: 15}
#   - {precision: '11'}
# - name: DE_ICRS_1
#   unit: deg
#   datatype: float64
#   format: '{:15.11f}'
#   description: Declination (ICRS) at Ep=2016.0 (dec)
#   meta: !!omap
#   - {ucd: POS_EQ_DEC_MAIN}
#   - {width: 15}
#   - {precision: '11'}
# - name: e_RA_ICRS
#   unit: mas
#   datatype: float64
#   format: '{:7.4f}'
#   description: Standard error of right ascension (ra_error)
#   meta: !!omap
#   - {ucd: ERROR}
#   - {width: 7}
#   - {precision: '4'}
# - name: e_DE_ICRS
#   unit: mas
#   datatype: float64
#   format: '{:7.4f}'
#   description: Standard error of declination (dec_error)
#   meta: !!omap
#   - {ucd: ERROR}
#   - {width: 7}
#   - {precision: '4'}
# - name: _r_1
#   unit: ''
#   datatype: float64
#   format: '{:7.4f}'
#   description: Distance from center (341.79991354000+58.14840413000)[ICRS], at Epoch=J2016.0
#   meta: !!omap
#   - {ucd: POS_ANG_DIST_GENERAL}
#   - {width: 7}
#   - {precision: '4'}
# - name: HIP
#   datatype: int32
#   description: '? HIP cross-id number, van Leeuwen, Cat. I/311 (hip_original_ext_source_id)'
#   meta: !!omap
#   - {ucd: ID_NUMBER}
#   - {width: 6}
#   - values: {'null': -2147483648}
# - name: TYC2
#   datatype: string
#   description: Tycho-2 cross-id name, Hog et al., Cat. I/259 (tyc2_original_ext_source_id)
#   meta: !!omap
#   - {ucd: ID_CROSSID}
#   - {_votable_string_dtype: char}
# - name: Source
#   datatype: int64
#   description: Source identifier, identical to the Gaia-EDR3 source_id (id)
#   meta: !!omap
#   - {ucd: ID_MAIN}
#   - {width: 19}
# - name: rgeo
#   unit: pc
#   datatype: float64
#   format: '{:15.8f}'
#   description: '? Median of the geometric distance posterior (r_med_geo)'
#   meta: !!omap
#   - {ucd: PHYS_DISTANCE_TRUE}
#   - {width: 15}
#   - {precision: '8'}
#   - values: {'null': .nan}
# - name: Plx
#   unit: mas
#   datatype: float64
#   format: '{:9.4f}'
#   description: '? Parallax (parallax)'
#   meta: !!omap
#   - {ucd: POS_PARLX_TRIG}
#   - {width: 9}
#   - {precision: '4'}
#   - values: {'null': .nan}
# - name: e_Plx
#   unit: mas
#   datatype: float32
#   format: '{:7.4f}'
#   description: '? Standard error of parallax (parallax_error)'
#   meta: !!omap
#   - {ucd: ERROR}
#   - {width: 7}
#   - {precision: '4'}
#   - values: {'null': .nan}
# - name: pmRA
#   unit: mas / yr
#   datatype: float64
#   format: '{:9.3f}'
#   description: '? Proper motion in right ascension direction, pmRA*cosDE (pmra)'
#   meta: !!omap
#   - {ucd: POS_EQ_PMRA}
#   - {width: 9}
#   - {precision: '3'}
#   - values: {'null': .nan}
# - name: pmDE
#   unit: mas / yr
#   datatype: float64
#   format: '{:9.3f}'
#   description: '? Proper motion in declination direction (pmdec)'
#   meta: !!omap
#   - {ucd: POS_EQ_PMDEC}
#   - {width: 9}
#   - {precision: '3'}
#   - values: {'null': .nan}
# - name: e_pmRA
#   unit: mas / yr
#   datatype: float32
#   format: '{:6.3f}'
#   description: '? Standard error of proper motion in right ascension direction (pmra_error)'
#   meta: !!omap
#   - {ucd: ERROR}
#   - {width: 6}
#   - {precision: '3'}
#   - values: {'null': .nan}
# - name: e_pmDE
[...]
#         unit: &id001 !astropy.units.Unit {unit: deg}
#         value: !astropy.table.SerializedColumn {name: SkyCoord.dec}
#       distance: !astropy.table.SerializedColumn
#         __class__: astropy.coordinates.distances.Distance
#         unit: !astropy.units.Unit {unit: pc}
#         value: !astropy.table.SerializedColumn {name: SkyCoord.distance}
#       frame: icrs
#       obstime: !astropy.time.Time {format: jyear_str, in_subfmt: '*', jd1: 367701545.0, jd2: 0.0, out_subfmt: '*', precision: 3, scale: tt}
#       pm_dec: !astropy.table.SerializedColumn
#         __class__: astropy.units.quantity.Quantity
#         unit: !astropy.units.Unit {unit: mas / yr}
#         value: !astropy.table.SerializedColumn {name: SkyCoord.pm_dec}
#       pm_ra_cosdec: !astropy.table.SerializedColumn
#         __class__: astropy.units.quantity.Quantity
#         unit: !astropy.units.Unit {unit: mas / yr}
#         value: !astropy.table.SerializedColumn {name: SkyCoord.pm_ra_cosdec}
#       ra: !astropy.table.SerializedColumn
#         __class__: astropy.coordinates.angles.Longitude
#         unit: *id001
#         value: !astropy.table.SerializedColumn {name: SkyCoord.ra}
#         wrap_angle: !astropy.coordinates.Angle
#           unit: *id001
#           value: 360.0
#       representation_type: spherical
# schema: astropy-2.0
RA_ICRS_1 DE_ICRS_1 e_RA_ICRS e_DE_ICRS _r_1 HIP TYC2 Source rgeo Plx e_Plx pmRA pmDE e_pmRA e_pmDE RUWE Teff logg Gmag BP-RP BPmag RPmag RV e_RV b_rgeo B_rgeo FG e_FG FBP e_FBP FRP e_FRP RAVE5 RAVE6 e_Gmag e_BPmag e_RPmag e_BP-RP SkyCoord.ra SkyCoord.dec SkyCoord.distance SkyCoord.pm_ra_cosdec SkyCoord.pm_dec
[from data line 80]
342.15485467532 58.39567792542 0.0121 0.0106 18.5889 "" "" 2007462152184397312 2229.78979 0.4163 0.0138 -6.499 -5.157 0.015 0.013 1.008 5553.4 2.8172 13.591847 1.762654 14.44385 12.681195 -59.66 1.15 2174.396 2297.0 68898.20118 12.138 22797.0 24.691 67093.0 28.279 "" "" 0.0027619515615140153 0.0030278515 0.0038069868 0.0068348385 342.15485467532 58.39567792542 2229.78979 -6.499 -5.156999999999999
341.93955876874 58.04816976902 0.01 0.0102 7.4682 "" "" 2007418549668386432 2755.08521 0.3375 0.0123 -2.383 -2.388 0.013 0.012 1.009 12845.9 3.6511 13.598208 0.941175 13.974907 13.033731 "" "" 2678.93579 2831.49731 68495.70958 16.732 35112.0 33.248 48491.0 30.144 "" "" 0.0027680556126858592 0.0029735556 0.0038391754 0.006812731 341.93955876874 58.04816976902 2755.08521 -2.383 -2.388
342.13016173818 58.26954538314 0.0117 0.0104 12.7201 "" "" 2007425352904094592 2600.74243 0.3564 0.0128 -3.564 -2.056 0.014 0.013 1.043 "" "" 13.643912 1.661414 14.431377 12.769963 -50.63 1.72 2516.25952 2700.90894 65672.25256 12.707 23060.0 21.123 61826.0 24.101 "" "" 0.0027633174177019992 0.0029621192 0.0038030068 0.0067651263 342.13016173818 58.26954538314 2600.74243 -3.5639999999999996 -2.056
341.86820470264 58.10384752878 0.0109 0.0114 3.4393 "" "" 2007419889705753472 2279.55664 0.4105 0.0137 -3.146 -3.683 0.015 0.014 0.878 7539.1 3.6274 13.655956 0.705769 13.927823 13.222055 "" "" 2203.40039 2356.16968 64947.76492 15.498 36668.0 29.003 40770.0 19.947 "" "" 0.002767474014465525 0.0029193398 0.0038165303 0.00673587 341.86820470264 58.10384752878 2279.55664 -3.146 -3.6829999999999994
341.45801349234 58.02722547287 0.0107 0.0107 13.0559 "" "" 2007415629088983936 2462.14478 0.3775 0.0131 -3.569 -3.572 0.014 0.013 1.02 "" "" 13.673247 0.735083 13.957296 13.222214 "" "" 2399.16968 2552.40576 63921.65017 17.738 35686.0 30.371 40764.0 30.116 "" "" 0.002771743767736172 0.0029391968 0.0038635656 0.0068027624 341.45801349234 58.02722547287 2462.14478 -3.5689999999999995 -3.5719999999999996
341.95598931049 57.8464232573 0.0106 0.0107 18.7862 "" "" 2007365601317151360 2155.80396 0.4334 0.0136 -6.544 -0.61 0.014 0.012 1.002 "" "" 13.678151 1.643475 14.455444 12.81197 -52.76 1.8 2092.65723 2203.32056 63633.57464 10.954 22555.0 18.018 59480.0 28.728 "" "" 0.0027616519049082455 0.0029218697 0.0038155888 0.0067374585 341.95598931049 57.8464232573 2155.80396 -6.5440000000000005 -0.6100000000000001
341.40847929871 58.30359555316 0.0121 0.011 15.4805 "" "" 2008185836987098624 2331.76489 0.4001 0.0142 -3.618 -3.476 0.015 0.013 1.096 9105.9 3.9109 13.68734 0.945281 14.063389 13.118108 "" "" 2266.7688 2403.27881 63097.31638 16.407 32364.0 27.655 44866.0 23.483 "" "" 0.0027697462578505122 0.002940372 0.0038218668 0.006762239 341.40847929871 58.30359555316 2331.76489 -3.6179999999999994 -3.476
341.50156865959 58.13703212293 0.0158 0.0158 9.4727 "" "" 2007430094547834624 2324.93384 0.3993 0.0202 -2.92 -2.45 0.022 0.019 1.509 9791.7 3.6325 13.69412 0.610535 13.921628 13.311093 "" "" 2221.35278 2440.58447 62704.49839 19.809 36878.0 25.893 37560.0 21.151 "" "" 0.002776586963880515 0.0028924358 0.0038285172 0.0067209527 341.50156865959 58.13703212293 2324.93384 -2.9199999999999995 -2.45
341.29914736082 58.11646273988 0.0138 0.0137 15.9783 "" "" 2007431331498055808 2392.54053 0.3878 0.0168 -1.196 -0.634 0.019 0.016 1.351 "" "" 13.715036 1.782319 14.578992 12.796673 -30.71 1.66 2306.41479 2491.77808 61508.10714 10.15 20129.0 15.39 60324.0 30.46 "" "" 0.002761139295782957 0.0029110387 0.0038189376 0.0067299763 341.29914736082 58.11646273988 2392.54053 -1.196 -0.634
342.07853968341 57.90030687767 0.0105 0.0107 17.3194 "" "" 2007366185432933888 2186.375 0.4269 0.0127 -2.281 -3.809 0.013 0.013 0.971 "" "" 13.716722 1.086465 14.172541 13.086076 -51.23 10.03 2133.24878 2250.74854 61412.61557 8.11 29269.0 16.445 46209.0 21.067 "" "" 0.0027590482291381504 0.0028560783 0.0038116593 0.006667738 342.07853968341 57.90030687767 2186.375 -2.281 -3.809
341.27847760426 58.05304508026 0.0112 0.0112 17.4945 "" "" 2007427964243710080 2075.96509 0.4499 0.0139 0.428 -1.607 0.015 0.013 1.074 4919.0 2.8921 13.735921 1.701609 14.552168 12.850559 -24.99 1.59 2025.24243 2123.98901 60336.25292 14.67 20632.0 25.709 57403.0 40.65 "" "" 0.002767937222714223 0.003100872 0.0038567968 0.006957669 341.27847760426 58.05304508026 2075.96509 0.42800000000000005 -1.6070000000000002
341.83706319749 58.33013467264 0.0116 0.0114 10.9668 "" "" 2007437653690219008 2278.67944 0.4088 0.0141 -0.906 -0.328 0.014 0.013 1.051 "" "" 13.758858 1.837314 14.661797 12.824483 -32.22 1.75 2211.48291 2342.69897 59074.98699 12.1 18651.0 13.921 58798.0 22.719 "" "" 0.0027642801274134934 0.0029054733 0.0038025943 0.006708068 341.83706319749 58.33013467264 2278.67944 -0.906 -0.32800000000000007
341.91824818857 57.98187621406 0.0109 0.0107 10.6742 "" "" 2007371236314141952 2415.53638 0.3836 0.0133 -3.719 -1.767 0.014 0.013 1.043 7995.3 3.8053 13.759771 0.964772 14.15494 13.190167 "" "" 2352.19604 2487.36157 59025.32388 9.2481 29747.0 20.671 41985.0 22.613 "" "" 0.0027605666016192743 0.0028903761 0.0038243546 0.0067147305 341.91824818857 57.98187621406 2415.53638 -3.7190000000000003 -1.7670000000000001
342.17424524655 58.01657869147 0.011 0.0108 14.2676 "" "" 2007369380888314752 2094.32202 0.4473 0.0133 -3.138 -2.62 0.013 0.012 0.994 5149.5 3.0117 13.759955 1.884718 14.693573 12.808855 -34.68 1.49 2039.43811 2162.60474 59015.31081 11.248 18113.0 21.514 59651.0 31.931 "" "" 0.002763080108932792 0.003073779 0.0038238084 0.0068975873 342.17424524655 58.01657869147 2094.32202 -3.138 -2.62
341.87878338169 58.15222840744 0.0127 0.0113 2.5077 "" "" 2007423016441899904 2651.9082 0.3464 0.0144 -2.379 -2.17 0.015 0.013 1.002 6352.9 3.4752 13.787415 0.650005 14.029963 13.379958 "" "" 2559.01025 2779.8667 57541.48835 21.623 33376.0 31.199 35251.0 28.182 "" "" 0.0027853640002420796 0.0029690242 0.0038777788 0.0068468032 341.87878338169 58.15222840744 2651.9082 -2.379 -2.17
341.83735427753 58.09730235762 0.0114 0.0119 3.2876 "" "" 2007419580468103296 2739.58545 0.3376 0.0139 -2.477 -2.166 0.015 0.014 0.946 "" "" 13.810878 0.643481 14.048677 13.405196 "" "" 2655.55127 2841.07471 56311.31799 14.581 32805.0 26.04 34441.0 26.123 "" "" 0.0027696257262921813 0.0029202418 0.003868062 0.006788304 341.83735427753 58.09730235762 2739.58545 -2.4770000000000003 -2.1660000000000004
341.8878222067 58.09045379942 0.0113 0.0117 4.4553 "" "" 2007419683547340800 2718.35498 0.3401 0.0139 -2.606 -2.347 0.015 0.014 0.995 12324.4 3.7187 13.811052 0.716736 14.084146 13.367411 "" "" 2623.52759 2823.24072 56302.2795 13.572 31751.0 26.045 35661.0 24.619 "" "" 0.0027677226055455085 0.0029288647 0.0038529928 0.0067818575 341.8878222067 58.09045379942 2718.35498 -2.605999999999999 -2.347
341.43384678453 58.41495626597 0.0127 0.0109 19.7261 "" "" 2008190372472431872 2355.62891 0.3959 0.0139 -2.517 -1.762 0.015 0.013 0.967 5174.1 2.8631 13.832612 1.916663 14.786778 12.870115 -68.59 1.31 2279.40137 2429.37769 55195.28201 13.759 16623.0 21.937 56378.0 22.828 "" "" 0.0027685810847851693 0.0031365629 0.003804865 0.006941428 341.43384678453 58.41495626597 2355.62891 -2.517 -1.762
342.09053669839 58.05604797599 0.0111 0.0111 10.752 "" "" 2007373023020536448 2834.42285 0.3255 0.0135 -2.017 -2.376 0.014 0.013 0.983 "" "" 13.836144 0.853303 14.16717 13.313867 "" "" 2711.5979 2968.40015 55016.05184 12.81 29414.0 29.358 37464.0 25.205 "" "" 0.002766893436515122 0.0029932235 0.0038493248 0.006842548 342.09053669839 58.05604797599 2834.42285 -2.0170000000000003 -2.3760000000000003
342.13426754878 58.22470040974 0.0128 0.0113 11.5236 "" "" 2007422226167956736 2052.57446 0.46 0.0138 -1.863 -2.078 0.016 0.014 0.937 "" "" 13.860199 0.827176 14.188317 13.361141 "" "" 1997.25061 2111.83521 53810.49588 10.325 28846.0 28.598 35868.0 24.276 "" "" 0.002763184739838838 0.0029906002 0.0038501585 0.006840759 342.13426754878 58.22470040974 2052.57446 -1.8629999999999998 -2.0779999999999994
341.55535915805 58.15611048183 0.194 0.1736 7.7563 "" "" 2007429476074435456 2830.83521 0.6042 0.2251 -2.856 -0.979 0.247 0.213 21.491 "" "" 13.864161 1.086505 14.150994 13.064489 -19.42 4.16 1857.78174 4603.98828 53614.51936 108.56 29855.0 22.097 47137.0 31.028 "" "" 0.0035248919393600308 0.0029035879 0.0038463625 0.0067499503 341.55535915805 58.15611048183 2830.83521 -2.855999999999999 -0.9789999999999996
341.57805662121 58.19873982599 0.0128 0.0119 7.6419 "" "" 2007430713023093120 2864.32007 0.3156 0.0148 -2.511 -1.517 0.015 0.014 1.066 "" "" 13.864729 1.887991 14.798725 12.910734 -61.89 1.39 2734.30786 3002.18774 53586.48623 12.261 16441.0 17.288 54308.0 28.087 "" "" 0.002766496751434553 0.0030147075 0.003820868 0.006835575 341.57805662121 58.19873982599 2864.32007 -2.5109999999999997 -1.5169999999999997
341.6300768892 58.34208883792 0.1959 0.199 12.7988 "" "" 2007441158385435264 2310.75537 0.5896 0.2392 0.06 -5.674 0.243 0.227 10.185 "" "" 13.870112 2.648259 15.14539 12.49713 -120.44 1.29 1498.22876 4492.28857 53321.42013 60.516 11947.0 22.709 79489.0 64.877 "" "" 0.003018308675187216 0.0034704807 0.00388188 0.0073523605 341.6300768892 58.34208883792 2310.75537 0.05999999999999961 -5.6739999999999995
342.08213205919 58.10667662866 0.011 0.0111 9.2851 "" "" 2007420336382424192 2469.04639 0.3716 0.0132 -5.161 -2.75 0.013 0.013 0.993 4664.8 2.6431 13.874785 1.964788 14.863006 12.898217 -86.09 1.25 2392.61694 2548.44238 53092.42358 11.296 15496.0 22.979 54938.0 23.991 "" "" 0.002764986707463357 0.0032213766 0.0038090062 0.0070303828 342.08213205919 58.10667662866 2469.04639 -5.160999999999999 -2.75
341.6308283144 58.03314818521 0.0115 0.0119 8.7509 "" "" 2007416385012541568 2583.12939 0.3594 0.014 -2.615 -2.375 0.015 0.014 1.04 "" "" 13.883066 1.270746 14.427336 13.15659 "" "" 2489.58643 2688.07471 52689.01713 12.9 23146.0 22.028 43303.0 23.701 "" "" 0.0027681133841032067 0.0029753558 0.0038258159 0.0068011717 341.6308283144 58.03314818521 2583.12939 -2.615 -2.375
342.35031100723 58.30454850542 0.0131 0.0113 19.7522 "" "" 2007446204957646464 2000.60535 0.4718 0.0146 -1.689 -1.943 0.016 0.013 1.079 "" "" 13.883167 0.743845 14.168312 13.424467 "" "" 1948.58447 2070.10913 52684.1243 12.392 29383.0 20.714 33835.0 22.038 "" "" 0.0027671299338531395 0.00289325 0.0038449748 0.006738225 342.35031100723 58.30454850542 2000.60535 -1.6889999999999996 -1.9429999999999996
341.95047608357 58.06557406503 0.0144 0.0154 6.8905 "" "" 2007418721474709120 2807.68335 0.3306 0.0183 -2.473 -1.86 0.019 0.018 1.276 6773.8 2.9596 13.908757 1.028083 14.318293 13.29021 "" "" 2672.62061 2931.02881 51456.93686 16.219 25592.0 43.49 38289.0 52.702 "" "" 0.0027764912063520213 0.0033450378 0.0040641194 0.007409157 341.95047608357 58.06557406503 2807.68335 -2.473 -1.8600000000000003
341.9570011032 58.42215277998 0.0127 0.0114 17.156 "" "" 2007442773291184256 2411.79688 0.3877 0.0143 -0.456 -0.04 0.015 0.013 1.013 "" "" 13.915882 1.748266 14.758578 13.010312 -31.96 2.05 2333.19727 2499.40771 51120.34005 10.196 17060.0 16.365 49549.0 23.09 "" "" 0.0027638168863800324 0.0029782178 0.0038130984 0.006791316 341.9570011032 58.42215277998 2411.79688 -0.456 -0.03999999999999998
341.81242255238 58.17528253034 0.0127 0.0119 1.6606 "" "" 2007424081593733120 2648.64355 0.35 0.0158 -2.626 -2.033 0.017 0.015 0.947 10628.7 3.6711 13.953606 0.849071 14.280566 13.431495 "" "" 2563.81396 2782.20312 49374.69027 9.3145 26497.0 19.959 33617.0 36.169 "" "" 0.002762922729651099 0.0029075597 0.003955796 0.0068633556 341.81242255238 58.17528253034 2648.64355 -2.6259999999999994 -2.033
341.4900712966 58.35677079788 0.1859 0.1868 15.874 "" "" 2008186352383151232 2190.88159 0.5921 0.2257 -5.562 -15.33 0.229 0.213 15.823 5879.8 3.2087 13.979119 1.411441 14.574816 13.163375 -26.77 3.71 1506.36035 3842.34033 48227.97806 84.208 20206.0 16.509 43034.0 23.13 "" "" 0.0033444905285990056 0.002927792 0.0038241697 0.006751962 341.4900712966 58.35677079788 2190.88159 -5.561999999999998 -15.330000000000002
341.87917451138 58.31769092463 0.0126 0.0118 10.4612 "" "" 2007438856281096960 2388.67798 0.3869 0.0152 -2.096 -3.21 0.015 0.014 0.999 "" "" 14.000724 1.969955 14.990331 13.020376 -41.06 1.55 2306.03052 2475.91162 47277.80197 9.7359 13781.0 14.205 49092.0 25.887 "" "" 0.0027643769213704173 0.0030062478 0.003822501 0.0068287486 341.87917451138 58.31769092463 2388.67798 -2.0959999999999996 -3.21
341.86079727756 58.21906698952 0.02 0.0199 4.6567 "" "" 2007424425191085056 2573.46436 0.3576 0.0244 0.205 -2.043 0.026 0.025 1.497 13171.2 3.8013 14.004486 1.735025 14.707976 12.972951 -57.65 2.81 2426.54541 2759.14624 47114.27238 34.802 17874.0 304.81 51284.0 284.57 "" "" 0.002869668669785978 0.018724395 0.007111968 0.025836363 341.86079727756 58.21906698952 2573.46436 0.20499999999999996 -2.0430000000000006
341.59450015586 58.07798348986 0.0119 0.0121 7.7614 "" "" 2007417106566849664 2459.76465 0.3761 0.0152 -5.092 -2.831 0.017 0.014 1.018 4711.4 2.6115 14.007244 1.918012 14.964656 13.046644 -69.58 1.27 2379.86011 2557.47046 46994.73284 11.443 14111.0 13.929 47918.0 26.888 "" "" 0.002767974316625114 0.0029889226 0.003828171 0.0068170936 341.59450015586 58.07798348986 2459.76465 -5.091999999999999 -2.8309999999999995
341.27878369263 58.03320873634 0.0116 0.0119 17.9143 "" "" 2007427139609996416 2535.36328 0.3672 0.014 -4.623 -3.914 0.015 0.014 0.98 7552.5 3.73 14.008982 0.91526 14.367809 13.452549 "" "" 2443.46582 2622.83081 46919.5767 292.43 24451.0 436.82 32971.0 588.45 "" "" 0.0073063827624797436 0.019596456 0.0197428 0.039339256 341.27878369263 58.03320873634 2535.36328 -4.623 -3.9140000000000006
341.68430058322 57.9721909903 0.0119 0.012 11.1915 "" "" 2007412261843878656 1939.62842 0.4901 0.0148 -5.232 -4.73 0.016 0.015 0.988 "" "" 14.024225 0.959565 14.417512 13.457947 9.5 10.27 1887.05725 1997.76587 46265.42559 7.1644 23357.0 20.888 32808.0 18.946 "" "" 0.0027604451469629586 0.0029542889 0.0038310373 0.006785326 341.68430058322 57.9721909903 1939.62842 -5.232 -4.73
341.43348524411 58.12230345749 0.0127 0.0125 11.7117 "" "" 2007428651438806144 2443.72485 0.383 0.016 -4.294 -0.909 0.018 0.016 0.978 "" "" 14.029977 0.851721 14.359236 13.507515 "" "" 2355.39014 2527.81885 46021.01049 32.313 24645.0 36.429 31344.0 79.632 "" "" 0.0028588359401148745 0.0032188026 0.0046789427 0.007897746 341.43348524411 58.12230345749 2443.72485 -4.294 -0.9090000000000001
341.86028160538 58.38190159389 0.0134 0.0122 14.1388 "" "" 2007442257895107840 2637.96436 0.3508 0.0154 -3.427 -2.017 0.016 0.014 1.066 "" "" 14.047219 1.242994 14.579164 13.33617 "" "" 2529.37769 2731.22534 45295.90364 8.7624 20126.0 18.722 36702.0 26.789 "" "" 0.002763313851866154 0.0029673453 0.0038615747 0.00682892 341.86028160538 58.38190159389 2637.96436 -3.427 -2.017
341.77933711096 58.21130869758 0.0221 0.0213 3.83 "" "" 2007435729544974976 2463.91138 0.3796 0.0273 -4.904 -1.378 0.029 0.027 1.968 "" "" 14.066398 1.987088 15.061736 13.074648 -82.09 2.0 2309.11035 2639.37769 44502.84916 11.544 12904.0 20.117 46698.0 24.122 "" "" 0.0027696768644378377 0.0032634428 0.003820768 0.007084211 341.77933711096 58.21130869758 2463.91138 -4.904 -1.3779999999999997
341.53756548583 58.31578573161 0.0131 0.0133 13.0207 "" "" 2007435420307092864 2193.88257 0.4289 0.016 -3.071 -2.314 0.016 0.016 1.008 "" "" 14.077577 0.749027 14.367623 13.618596 "" "" 2128.20557 2271.26099 44046.9931 17.699 24455.0 30.301 28296.0 42.6 "" "" 0.002789645524481164 0.003097553 0.0041177194 0.0072152726 341.53756548583 58.31578573161 2193.88257 -3.0709999999999997 -2.314
341.64244225523 58.14555324684 0.0139 0.0136 4.9892 "" "" 2007429647871293952 2572.2312 0.362 0.017 -2.603 -2.181 0.019 0.016 0.924 6747.3 3.5742 14.081108 0.573595 14.286527 13.712932 "" "" 2467.29712 2681.51611 43903.93576 14.181 26352.0 20.535 25941.0 31.735 "" "" 0.002777548436894812 0.0029156269 0.0040059886 0.0069216155 341.64244225523 58.14555324684 2572.2312 -2.603 -2.181
