Clusters/NGC_7380/NGC_7380_stars_in_region.tsv
# %ECSV 1.0
# ---
# datatype:
# - name: RA_ICRS_1
#   unit: deg
#   datatype: float64
#   format: '{:15.11f}'
#   description: Right ascension (ICRS) at Ep=2016.0 (ra)
#   meta: !!omap
#   - {ucd: POS_EQ_RA_MAIN}
#   - {width: 15}
#   - {precision: '11'}
# - name: DE_ICRS_1
#   unit: deg
#   datatype: float64
#   format: '{:15.11f}'
#   description: Declination (ICRS) at Ep=2016.0 (dec)
#   meta: !!omap
#   - {ucd: POS_EQ_DEC_MAIN}
#   - {width: 15}
#   - {precision: '11'}
# - name: e_RA_ICRS
#   unit: mas
#   datatype: float64
#   format: '{:7.4f}'
#   description: Standard error of right ascension (ra_error)
#   meta: !!omap
#   - {ucd: ERROR}
#   - {width: 7}
#   - {precision: '4'}
# - name: e_DE_ICRS
#   unit: mas
#   datatype: float64
#   format: '{:7.4f}'
#   description: Standard error of declination (dec_error)
#   meta: !!omap
#   - {ucd: ERROR}
#   - {width: 7}
#   - {precision: '4'}
# - name: _r_1
#   unit: ''
#   datatype: float64
#   format: '{:7.4f}'
#   description: Distance from center (341.79991354000+58.14840413000)[ICRS], at Epoch=J2016.0
#   meta: !!omap
#   - {ucd: POS_ANG_DIST_GENERAL}
#   - {width: 7}
#   - {precision: '4'}
# - name: HIP
#   datatype: int32
#   description: '? HIP cross-id number, van Leeuwen, Cat. I/311 (hip_original_ext_source_id)'
#   meta: !!omap
#   - {ucd: ID_NUMBER}
#   - {width: 6}
#   - values: {'null': -2147483648}
# - name: TYC2
#   datatype: string
#   description: Tycho-2 cross-id name, Hog et al., Cat. I/259 (tyc2_original_ext_source_id)
#   meta: !!omap
#   - {ucd: ID_CROSSID}
#   - {_votable_string_dtype: char}
# - name: Source
#   datatype: int64
#   description: Source identifier, identical to the Gaia-EDR3 source_id (id)
#   meta: !!omap
#   - {ucd: ID_MAIN}
#   - {width: 19}
# - name: rgeo
#   unit: pc
#   datatype: float64
#   format: '{:15.8f}'
#   description: '? Median of the geometric distance posterior (r_med_geo)'
#   meta: !!omap
#   - {ucd: PHYS_DISTANCE_TRUE}
#   - {width: 15}
#   - {precision: '8'}
#   - values: {'null': .nan}
# - name: Plx
#   unit: mas
#   datatype: float64
#   format: '{:9.4f}'
#   description: '? Parallax (parallax)'
#   meta: !!omap
#   - {ucd: POS_PARLX_TRIG}
#   - {width: 9}
#   - {precision: '4'}
#   - values: {'null': .nan}
# - name: e_Plx
#   unit: mas
#   datatype: float32
#   format: '{:7.4f}'
#   description: '? Standard error of parallax (parallax_error)'
#   meta: !!omap
#   - {ucd: ERROR}
#   - {width: 7}
#   - {precision: '4'}
#   - values: {'null': .nan}
# - name: pmRA
#   unit: mas / yr
#   datatype: float64
#   format: '{:9.3f}'
#   description: '? Proper motion in right ascension direction, pmRA*cosDE (pmra)'
#   meta: !!omap
#   - {ucd: POS_EQ_PMRA}
#   - {width: 9}
#   - {precision: '3'}
#   - values: {'null': .nan}
# - name: pmDE
#   unit: mas / yr
#   datatype: float64
#   format: '{:9.3f}'
#   description: '? Proper motion in declination direction (pmdec)'
#   meta: !!omap
#   - {ucd: POS_EQ_PMDEC}
#   - {width: 9}
#   - {precision: '3'}
#   - values: {'null': .nan}
# - name: e_pmRA
#   unit: mas / yr
#   datatype: float32
#   format: '{:6.3f}'
#   description: '? Standard error of proper motion in right ascension direction (pmra_error)'
#   meta: !!omap
#   - {ucd: ERROR}
#   - {width: 6}
#   - {precision: '3'}
#   - values: {'null': .nan}
# - name: e_pmDE
[...]
#         unit: &id001 !astropy.units.Unit {unit: deg}
#         value: !astropy.table.SerializedColumn {name: SkyCoord.dec}
#       distance: !astropy.table.SerializedColumn
#         __class__: astropy.coordinates.distances.Distance
#         unit: !astropy.units.Unit {unit: pc}
#         value: !astropy.table.SerializedColumn {name: SkyCoord.distance}
#       frame: icrs
#       obstime: !astropy.time.Time {format: jyear_str, in_subfmt: '*', jd1: 367701545.0, jd2: 0.0, out_subfmt: '*', precision: 3, scale: tt}
#       pm_dec: !astropy.table.SerializedColumn
#         __class__: astropy.units.quantity.Quantity
#         unit: !astropy.units.Unit {unit: mas / yr}
#         value: !astropy.table.SerializedColumn {name: SkyCoord.pm_dec}
#       pm_ra_cosdec: !astropy.table.SerializedColumn
#         __class__: astropy.units.quantity.Quantity
#         unit: !astropy.units.Unit {unit: mas / yr}
#         value: !astropy.table.SerializedColumn {name: SkyCoord.pm_ra_cosdec}
#       ra: !astropy.table.SerializedColumn
#         __class__: astropy.coordinates.angles.Longitude
#         unit: *id001
#         value: !astropy.table.SerializedColumn {name: SkyCoord.ra}
#         wrap_angle: !astropy.coordinates.Angle
#           unit: *id001
#           value: 360.0
#       representation_type: spherical
# schema: astropy-2.0
RA_ICRS_1 DE_ICRS_1 e_RA_ICRS e_DE_ICRS _r_1 HIP TYC2 Source rgeo Plx e_Plx pmRA pmDE e_pmRA e_pmDE RUWE Teff logg Gmag BP-RP BPmag RPmag RV e_RV b_rgeo B_rgeo FG e_FG FBP e_FBP FRP e_FRP RAVE5 RAVE6 e_Gmag e_BPmag e_RPmag e_BP-RP SkyCoord.ra SkyCoord.dec SkyCoord.distance SkyCoord.pm_ra_cosdec SkyCoord.pm_dec
[from data line 934]
341.63018132051 57.84353500055 0.0384 0.0391 19.0718 "" "" 2007364085183771520 2467.68726 0.3803 0.0475 -1.036 -4.018 0.051 0.052 0.961 5485.5 4.5621 16.76608 1.339893 17.361784 16.02189 "" "" 2245.95508 2773.26074 3702.66476 2.0888 1551.3 5.7985 3093.2 7.33 "" "" 0.0028225780447880084 0.0049249213 0.0045720306 0.0094969515 341.63018132051 57.84353500055 2467.68726 -1.036 -4.018
341.57243622025 58.22460150199 0.0451 0.0414 8.5246 "" "" 2007430987900966016 2179.3457 0.4372 0.0528 -3.603 -2.291 0.053 0.048 1.019 5533.1 4.5574 16.767399 1.399182 17.3314 15.932218 "" "" 1925.04932 2488.25049 3698.17161 2.3336 1595.4 31.632 3359.5 29.749 "" "" 0.0028392203854616257 0.021706961 0.010330554 0.032037515 341.57243622025 58.22460150199 2179.3457 -3.6030000000000006 -2.2910000000000004
342.12526434498 58.16795751015 0.0416 0.0373 10.3654 "" "" 2007421092296635264 2783.79956 0.3429 0.0465 -3.076 -5.723 0.048 0.044 1.003 7203.8 4.3449 16.767712 1.360857 17.367525 16.006668 "" "" 2467.92334 3135.19312 3697.10825 2.1167 1543.1 8.9286 3136.8 13.231 "" "" 0.0028245697967751054 0.006873967 0.005937736 0.012811704 342.12526434498 58.16795751015 2783.79956 -3.0759999999999987 -5.722999999999999
341.96773820833 58.2638557939 0.0435 0.0388 8.7253 "" "" 2007426070148382208 2507.27637 0.3913 0.0487 -3.364 -1.808 0.057 0.048 0.934 7648.4 4.3682 16.76867 1.360447 17.37471 16.014263 "" "" 2227.80322 2871.88916 3693.84844 2.1259 1533.0 9.0551 3115.0 6.775 "" "" 0.002825287422843069 0.006993876 0.004456466 0.011450342 341.96773820833 58.2638557939 2507.27637 -3.3640000000000003 -1.808
341.34504268397 58.01933831916 0.0673 0.0706 16.3755 "" "" 2007427002162337408 2417.03931 0.4382 0.0865 -2.446 -2.228 0.086 0.086 1.849 5012.8 4.2912 16.770416 1.718002 17.35381 15.635807 "" "" 1914.96521 2858.91235 3687.90842 4.7457 1562.8 39.036 4414.0 55.274 "" "" 0.0030893090046138724 0.027262934 0.014111569 0.041374505 341.34504268397 58.01933831916 2417.03931 -2.446 -2.2279999999999998
341.45440337739 58.29221449296 0.045 0.0465 13.9159 "" "" 2007434973630478976 1995.14136 0.4828 0.0588 -1.171 -0.215 0.058 0.051 1.061 5397.7 4.614 16.770622 1.314962 17.358753 16.04379 "" "" 1786.78162 2257.6936 3687.21128 2.3707 1555.7 6.4806 3031.4 8.5609 "" "" 0.002842375738670927 0.0053142603 0.0048667556 0.010181015 341.45440337739 58.29221449296 1995.14136 -1.1710000000000003 -0.21500000000000002
341.75865899608 57.89878530476 0.0415 0.0405 15.0344 "" "" 2007364669296785792 2006.24255 0.4735 0.0524 0.709 0.286 0.054 0.053 0.954 5406.1 4.4394 16.772013 1.470643 17.44262 15.971976 "" "" 1815.34998 2220.27441 3682.49075 2.1514 1440.0 7.9493 3238.7 8.4662 "" "" 0.002827391512970878 0.0066112615 0.004726423 0.0113376845 341.75865899608 57.89878530476 2006.24255 0.7089999999999999 0.2859999999999999
341.34324677273 58.17045953526 0.0425 0.04 14.5155 "" "" 2007432087412539648 2639.47046 0.3551 0.0495 -3.463 -0.626 0.055 0.05 1.031 5719.8 4.5437 16.774632 1.246979 17.323927 16.076948 "" "" 2294.55664 3076.15234 3673.62144 1.9775 1606.4 7.2568 2940.2 9.2764 "" "" 0.002816623807430498 0.005642827 0.005100778 0.010743605 341.34324677273 58.17045953526 2639.47046 -3.463 -0.6259999999999998
342.01199043484 57.86777360552 0.0399 0.0406 18.1372 "" "" 2007366047993752832 2065.88696 0.4772 0.0498 -2.528 -2.57 0.052 0.049 1.022 5373.9 4.6147 16.774704 1.288107 17.34572 16.057613 "" "" 1892.64587 2302.13208 3673.37204 2.1526 1574.4 7.1792 2993.0 8.5289 "" "" 0.0028278249707042943 0.0056830086 0.0048842747 0.010567283 342.01199043484 57.86777360552 2065.88696 -2.5279999999999996 -2.57
341.76732463109 58.26371315433 0.0537 0.0492 6.9948 "" "" 2007437207013661568 2004.31409 0.5004 0.062 -0.159 -0.479 0.067 0.06 1.138 5601.0 4.6019 16.77578 1.504004 17.424433 15.920428 "" "" 1792.20203 2343.18579 3669.73603 2.9997 1464.3 10.817 3396.1 15.445 "" "" 0.002894726562524745 0.0084919585 0.0062181507 0.01471011 341.76732463109 58.26371315433 2004.31409 -0.15900000000000009 -0.47899999999999987
341.90538688183 58.13181029591 0.043 0.0396 3.4856 "" "" 2007420095864173184 2182.83594 0.4402 0.0504 0.891 -2.374 0.054 0.049 0.968 4978.9 4.3625 16.777327 1.283537 17.331608 16.04807 "" "" 1980.28003 2439.48828 3664.51468 2.2325 1595.0 15.836 3019.5 10.555 "" "" 0.0028336037385162166 0.011135003 0.0053561293 0.016491132 341.90538688183 58.13181029591 2182.83594 0.8910000000000001 -2.374
341.68459433326 58.40326180427 0.0452 0.0419 15.7183 "" "" 2008192571495838336 2547.54297 0.3835 0.0523 -0.86 -1.936 0.053 0.046 1.071 6704.4 4.3506 16.778564 1.437715 17.420021 15.982306 "" "" 2260.22363 2979.65356 3660.33725 2.2281 1470.3 8.7561 3208.0 7.6297 "" "" 0.0028334753484331072 0.007042224 0.0045773042 0.011619529 341.68459433326 58.40326180427 2547.54297 -0.8599999999999999 -1.9359999999999995
341.83003758535 57.99997897335 0.0393 0.0392 8.9567 "" "" 2007417999920214784 2001.6438 0.4758 0.0479 -4.479 -2.304 0.049 0.049 0.983 5264.9 4.4054 16.781246 1.420815 17.410849 15.990034 "" "" 1828.32715 2248.63208 3651.30649 2.1568 1482.8 7.8523 3185.3 10.553 "" "" 0.002828975397762062 0.0063908603 0.0052175377 0.011608398 341.83003758535 57.99997897335 2001.6438 -4.479000000000001 -2.3040000000000003
341.57356169298 57.84485024783 0.0398 0.0397 19.5838 "" "" 2007362886897342976 2744.32666 0.3531 0.0476 2.434 -4.512 0.051 0.05 1.014 5720.5 4.561 16.78212 1.298212 17.352388 16.054176 "" "" 2423.39819 3137.69678 3648.36873 1.9224 1564.8 8.9227 3002.5 9.4308 "" "" 0.0028140866885161117 0.0067907064 0.005090553 0.011881259 341.57356169298 57.84485024783 2744.32666 2.434 -4.511999999999999
341.98841183749 57.99498692708 0.0467 0.0457 10.9776 "" "" 2007370617838861440 2340.15283 0.4118 0.0559 -2.689 -5.766 0.062 0.057 1.107 5788.1 4.5123 16.7823 1.384483 17.40032 16.015837 "" "" 2124.81299 2749.6394 3647.76158 2.0195 1497.2 6.6631 3110.5 7.5513 "" "" 0.002820124510459946 0.0055796606 0.004607741 0.010187401 341.98841183749 57.99498692708 2340.15283 -2.689 -5.765999999999998
341.46635170955 57.95399642868 0.0405 0.0397 15.7549 "" "" 2007414147320283648 2746.39722 0.3408 0.0482 -2.729 -2.669 0.053 0.05 1.058 4838.6 4.1428 16.782461 1.932417 17.692575 15.760159 "" "" 2332.0791 3074.05029 3647.22376 2.5861 1143.9 11.743 3936.4 16.726 "" "" 0.0028608497844987983 0.011489831 0.0059637907 0.017453622 341.46635170955 57.95399642868 2746.39722 -2.729 -2.669
341.62925132108 58.25441441245 0.0506 0.0491 8.3409 "" "" 2007434080277411712 2423.76099 0.3976 0.0608 -2.935 -0.22 0.062 0.059 1.2 5573.4 4.5438 16.785378 1.486939 17.449549 15.962609 "" "" 2129.94238 2813.19653 3637.43889 3.0349 1430.9 10.092 3266.7 10.573 "" "" 0.0029004166457612638 0.008150078 0.0051606763 0.013310755 341.62925132108 58.25441441245 2423.76099 -2.935 -0.22000000000000014
342.16812472033 58.08068979769 0.0408 0.0371 12.3569 "" "" 2007372713782896768 2787.61353 0.3413 0.0474 -3.352 -1.468 0.047 0.041 1.008 9454.3 4.1407 16.787384 1.681477 17.58599 15.904513 "" "" 2463.0271 3242.23291 3630.72409 1.8901 1261.9 8.5332 3446.3 8.08 "" "" 0.0028126963230991554 0.007854249 0.004556707 0.012410956 342.16812472033 58.08068979769 2787.61353 -3.3520000000000008 -1.468
341.40905188157 58.27214402557 0.0442 0.041 14.4136 "" "" 2007434836191526016 2767.74268 0.3549 0.0504 -3.664 -2.107 0.056 0.047 1.01 9505.1 4.0983 16.787569 1.454262 17.45554 16.001278 "" "" 2370.46265 3083.73706 3630.10235 2.272 1423.0 6.1653 3152.4 7.4647 "" "" 0.002837879724846922 0.005469306 0.004570948 0.010040253 341.40905188157 58.27214402557 2767.74268 -3.6639999999999997 -2.107
341.31635266951 58.05962675142 0.0419 0.0399 16.2292 "" "" 2007427998603451904 1929.89307 0.4953 0.0504 -2.422 -1.906 0.055 0.048 0.956 5758.6 4.5714 16.788578 1.374233 17.389143 16.01491 "" "" 1765.2583 2101.21948 3626.73475 2.1252 1512.7 10.068 3113.1 11.523 "" "" 0.0028278202086373127 0.0077462345 0.005516748 0.0132629825 341.31635266951 58.05962675142 1929.89307 -2.4219999999999997 -1.9059999999999997
341.65210306453 58.13837593057 0.0506 0.0477 4.7193 "" "" 2007417896840784896 2223.13672 0.4482 0.0607 -1.811 -1.008 0.067 0.057 1.097 5587.5 4.6836 16.79144 1.230982 17.32144 16.090458 "" "" 1976.13794 2526.33057 3617.1861 2.5182 1610.1 7.2468 2903.9 10.429 "" "" 0.002857117396593134 0.005627176 0.005430301 0.011057477 341.65210306453 58.13837593057 2223.13672 -1.8109999999999997 -1.0079999999999998
341.63298207386 58.30670223299 0.05 0.0458 10.8638 "" "" 2007440299389995264 2757.65601 0.3583 0.0563 -3.259 0.649 0.062 0.054 1.089 5827.6 4.5201 16.791958 1.512845 17.484674 15.971829 "" "" 2345.29932 3456.17847 3615.46146 2.2145 1385.3 9.0942 3239.1 8.6997 "" "" 0.0028344389447096815 0.007654288 0.0047736187 0.0124279065 341.63298207386 58.30670223299 2757.65601 -3.2589999999999995 0.6489999999999998
342.40562361356 58.10819903165 0.0405 0.0371 19.3405 "" "" 2007393535785014016 1943.14246 0.498 0.0472 -2.092 -2.927 0.048 0.044 1.006 5518.7 4.6164 16.797132 1.33782 17.396484 16.058664 "" "" 1796.40784 2172.63281 3598.26697 1.9768 1502.5 9.8592 2990.1 7.7355 "" "" 0.0028191442148429316 0.0076513314 0.004708854 0.012360185 342.40562361356 58.10819903165 1943.14246 -2.0920000000000005 -2.927
341.33885263459 58.22479364128 0.0427 0.0389 15.2863 "" "" 2007433221284357504 2829.02148 0.336 0.0488 -6.467 -5.824 0.054 0.05 1.055 "" "" 16.798431 1.375341 17.41258 16.03724 "" "" 2540.43726 3176.17065 3593.96947 2.1414 1480.4 9.4347 3049.7 9.3309 "" "" 0.0028302454689745245 0.0074608456 0.005031795 0.01249264 341.33885263459 58.22479364128 2829.02148 -6.466999999999999 -5.823999999999998
341.4876631691 57.98220690551 0.0417 0.0414 14.0586 "" "" 2007414529586072448 2559.94458 0.3873 0.05 -1.972 -3.87 0.051 0.051 1.026 7464.4 4.3182 16.799002 1.469659 17.44096 15.971301 "" "" 2233.82129 2842.13647 3592.07957 2.5215 1442.2 6.6874 3240.7 8.398 "" "" 0.0028587853503829045 0.0057559717 0.0047116913 0.010467663 341.4876631691 57.98220690551 2559.94458 -1.9719999999999998 -3.870000000000001
342.10183883746 58.08248458919 0.0425 0.0379 10.354 "" "" 2007373327949894144 2494.2041 0.395 0.0493 -3.158 -2.606 0.05 0.044 0.986 4942.0 4.3191 16.805094 1.301621 17.38049 16.078869 "" "" 2238.26587 2868.28979 3571.98115 2.1672 1524.8 8.3395 2935.0 8.2262 "" "" 0.002832971593125896 0.006561 0.004852232 0.0114132315 342.10183883746 58.08248458919 2494.2041 -3.1580000000000004 -2.606
342.13514158665 58.145585486 0.0439 0.0402 10.6162 "" "" 2007420817418748032 2798.01636 0.3354 0.0489 -3.618 -1.494 0.052 0.046 1.087 6576.8 4.3352 16.80551 1.487192 17.480423 15.993231 "" "" 2464.9021 3178.69312 3570.61136 2.1231 1390.7 12.42 3175.9 12.204 "" "" 0.002829941160467879 0.010089899 0.005629435 0.015719336 342.13514158665 58.145585486 2798.01636 -3.618 -1.4939999999999998
342.01660120134 58.15524997394 0.0441 0.0421 6.8727 "" "" 2007421465949913856 2539.58667 0.3616 0.0513 -3.521 -2.726 0.055 0.053 1.058 5496.3 4.3848 16.806334 1.395498 17.406866 16.011368 "" "" 2263.77563 2898.1897 3567.90694 2.2309 1488.2 16.057 3123.3 11.664 "" "" 0.0028377214307151056 0.012042294 0.005542948 0.017585242 342.01660120134 58.15524997394 2539.58667 -3.520999999999999 -2.726
341.36861201242 58.18171452561 0.0448 0.0425 13.7955 "" "" 2007432190491754496 2169.94556 0.4479 0.0519 -0.322 -3.56 0.058 0.052 1.064 5672.4 4.5689 16.80903 1.422604 17.451796 16.029192 "" "" 1939.54102 2420.43604 3559.05607 2.0248 1427.9 10.919 3072.4 6.5654 "" "" 0.002823708937131481 0.008758807 0.004434706 0.013193512 341.36861201242 58.18171452561 2169.94556 -0.3220000000000003 -3.5599999999999996
342.01304493716 58.44280260983 0.0426 0.038 18.8992 "" "" 2007442906419655936 2492.27051 0.4035 0.0476 -3.041 -1.567 0.05 0.046 0.95 7084.7 4.3226 16.812195 1.431072 17.467737 16.036665 "" "" 2209.8645 2884.40674 3548.69505 1.9412 1407.1 5.9959 3051.4 8.9223 "" "" 0.0028186037367845043 0.005402746 0.00493583 0.0103385765 342.01304493716 58.44280260983 2492.27051 -3.0410000000000004 -1.567
341.63460847961 57.98402615475 0.0431 0.0428 11.1712 "" "" 2007412708520449408 2043.6189 0.4674 0.0509 -10.07 -6.009 0.056 0.056 1.019 5263.8 4.5494 16.814148 1.318932 17.386866 16.067934 "" "" 1833.21692 2266.90283 3542.3162 1.8973 1515.9 7.5088 2964.7 13.951 "" "" 0.0028160198693569847 0.006058745 0.00635509 0.012413835 341.63460847961 57.98402615475 2043.6189 -10.070000000000002 -6.0089999999999995
341.53767787361 58.12817801542 0.0454 0.0414 8.3938 "" "" 2007429372993354752 2319.07983 0.4078 0.0529 -5.228 -2.633 0.059 0.051 1.02 5281.0 4.5473 16.818373 1.31702 17.40819 16.09117 "" "" 2061.11475 2657.92163 3528.56274 2.2983 1486.4 6.7828 2902.0 7.6226 "" "" 0.0028446265788137906 0.0056861117 0.004734649 0.01042076 341.53767787361 58.12817801542 2319.07983 -5.228 -2.6329999999999996
341.72521435393 58.08813760327 0.0576 0.0509 4.3219 "" "" 2007416556811084672 2608.229 0.3572 0.0651 -2.464 -1.855 0.07 0.063 1.073 4803.4 4.1763 16.819302 1.940492 17.754974 15.814483 "" "" 2221.25122 3063.53491 3525.54626 2.5665 1080.0 12.097 3744.3 17.163 "" "" 0.002866443635765088 0.012477221 0.0062491507 0.018726371 341.72521435393 58.08813760327 2608.229 -2.4640000000000004 -1.855
342.06323765069 57.97411440705 0.0434 0.0389 13.3871 "" "" 2007368831132497024 2026.71533 0.4697 0.0506 -5.905 -5.088 0.052 0.045 1.038 4939.5 4.2541 16.8224 1.786641 17.698988 15.912347 "" "" 1846.81897 2278.25537 3515.49744 2.2034 1137.2 7.1655 3421.5 9.748 "" "" 0.0028381112387574777 0.0073883305 0.0048838803 0.012272211 342.06323765069 57.97411440705 2026.71533 -5.905000000000001 -5.088000000000001
342.37445675357 58.10649125841 0.0413 0.037 18.3755 "" "" 2007393570144746880 2005.12317 0.4743 0.0475 1.695 0.243 0.049 0.043 0.928 5572.0 4.5375 16.824165 1.424395 17.464539 16.040144 "" "" 1843.8822 2298.65308 3509.78407 1.8302 1411.2 8.7387 3041.6 7.3573 "" "" 0.00281288666264721 0.007279274 0.0046022884 0.011881562 342.37445675357 58.10649125841 2005.12317 1.695 0.24300000000000005
341.63323208635 57.96446798158 0.0412 0.0401 12.2391 "" "" 2007412639800989696 2158.59521 0.45 0.0501 -3.805 -2.89 0.054 0.052 1.012 5469.7 4.5856 16.82493 1.260698 17.378508 16.11781 "" "" 1991.37061 2403.3103 3507.31388 1.8986 1527.6 6.9705 2831.6 10.909 "" "" 0.0028173080023183752 0.0056859227 0.0056374082 0.011323331 341.63323208635 57.96446798158 2158.59521 -3.805 -2.8899999999999997
342.03142081461 57.94560494641 0.0417 0.038 14.2161 "" "" 2007367250588012800 2574.03784 0.3812 0.0496 -2.228 -2.28 0.052 0.046 0.954 5232.6 4.397 16.825151 1.326542 17.399908 16.073366 "" "" 2298.97095 2934.5415 3506.59688 1.94 1497.8 11.527 2949.9 7.2508 "" "" 0.0028200356284150386 0.008809315 0.0046266397 0.013435954 342.03142081461 57.94560494641 2574.03784 -2.2279999999999998 -2.2799999999999994
341.76210375935 58.03483187978 0.0431 0.042 6.919 "" "" 2007419133791528832 2623.3606 0.3813 0.0527 -0.823 -0.764 0.054 0.054 1.069 5326.1 3.7563 16.82751 2.10231 17.85845 15.75614 "" "" 2320.54565 2967.67798 3498.9867 2.4165 981.83 15.52 3951.0 16.564 "" "" 0.002855529725327347 0.017387794 0.0059162946 0.02330409 341.76210375935 58.03483187978 2623.3606 -0.823 -0.7640000000000002
342.21627869171 58.2393227668 0.0423 0.0375 14.2519 "" "" 2007445556430813056 2323.24854 0.4131 0.0472 -4.389 -4.027 0.053 0.044 1.022 5114.7 4.3673 16.832048 1.275503 17.390224 16.114721 "" "" 2082.82666 2656.8606 3484.39581 1.9503 1511.2 7.6954 2839.7 9.1294 "" "" 0.002821542844091207 0.0061929845 0.005144675 0.011337659 342.21627869171 58.2393227668 2323.24854 -4.389 -4.027000000000001
