Clusters/Aveni_Hunter_1/Aveni_Hunter_1_stars_in_region.tsv
# %ECSV 1.0
# ---
# datatype:
# - name: RA_ICRS_1
#   unit: deg
#   datatype: float64
#   format: '{:15.11f}'
#   description: Right ascension (ICRS) at Ep=2016.0 (ra)
#   meta: !!omap
#   - {ucd: POS_EQ_RA_MAIN}
#   - {width: 15}
#   - {precision: '11'}
# - name: DE_ICRS_1
#   unit: deg
#   datatype: float64
#   format: '{:15.11f}'
#   description: Declination (ICRS) at Ep=2016.0 (dec)
#   meta: !!omap
#   - {ucd: POS_EQ_DEC_MAIN}
#   - {width: 15}
#   - {precision: '11'}
# - name: e_RA_ICRS
#   unit: mas
#   datatype: float64
#   format: '{:7.4f}'
#   description: Standard error of right ascension (ra_error)
#   meta: !!omap
#   - {ucd: ERROR}
#   - {width: 7}
#   - {precision: '4'}
# - name: e_DE_ICRS
#   unit: mas
#   datatype: float64
#   format: '{:7.4f}'
#   description: Standard error of declination (dec_error)
#   meta: !!omap
#   - {ucd: ERROR}
#   - {width: 7}
#   - {precision: '4'}
# - name: _r_1
#   unit: ''
#   datatype: float64
#   format: '{:8.4f}'
#   description: Distance from center (354.18931221000+48.14610307000)[ICRS], at Epoch=J2016.0
#   meta: !!omap
#   - {ucd: POS_ANG_DIST_GENERAL}
#   - {width: 8}
#   - {precision: '4'}
# - name: HIP
#   datatype: int32
#   description: '? HIP cross-id number, van Leeuwen, Cat. I/311 (hip_original_ext_source_id)'
#   meta: !!omap
#   - {ucd: ID_NUMBER}
#   - {width: 6}
#   - values: {'null': -2147483648}
# - name: TYC2
#   datatype: string
#   description: Tycho-2 cross-id name, Hog et al., Cat. I/259 (tyc2_original_ext_source_id)
#   meta: !!omap
#   - {ucd: ID_CROSSID}
#   - {_votable_string_dtype: char}
# - name: Source
#   datatype: int64
#   description: Source identifier, identical to the Gaia-EDR3 source_id (id)
#   meta: !!omap
#   - {ucd: ID_MAIN}
#   - {width: 19}
# - name: rgeo
#   unit: pc
#   datatype: float64
#   format: '{:15.8f}'
#   description: '? Median of the geometric distance posterior (r_med_geo)'
#   meta: !!omap
#   - {ucd: PHYS_DISTANCE_TRUE}
#   - {width: 15}
#   - {precision: '8'}
#   - values: {'null': .nan}
# - name: Plx
#   unit: mas
#   datatype: float64
#   format: '{:9.4f}'
#   description: '? Parallax (parallax)'
#   meta: !!omap
#   - {ucd: POS_PARLX_TRIG}
#   - {width: 9}
#   - {precision: '4'}
#   - values: {'null': .nan}
# - name: e_Plx
#   unit: mas
#   datatype: float32
#   format: '{:7.4f}'
#   description: '? Standard error of parallax (parallax_error)'
#   meta: !!omap
#   - {ucd: ERROR}
#   - {width: 7}
#   - {precision: '4'}
#   - values: {'null': .nan}
# - name: pmRA
#   unit: mas / yr
#   datatype: float64
#   format: '{:9.3f}'
#   description: '? Proper motion in right ascension direction, pmRA*cosDE (pmra)'
#   meta: !!omap
#   - {ucd: POS_EQ_PMRA}
#   - {width: 9}
#   - {precision: '3'}
#   - values: {'null': .nan}
# - name: pmDE
#   unit: mas / yr
#   datatype: float64
#   format: '{:9.3f}'
#   description: '? Proper motion in declination direction (pmdec)'
#   meta: !!omap
#   - {ucd: POS_EQ_PMDEC}
#   - {width: 9}
#   - {precision: '3'}
#   - values: {'null': .nan}
# - name: e_pmRA
#   unit: mas / yr
#   datatype: float32
#   format: '{:6.3f}'
#   description: '? Standard error of proper motion in right ascension direction (pmra_error)'
#   meta: !!omap
#   - {ucd: ERROR}
#   - {width: 6}
#   - {precision: '3'}
#   - values: {'null': .nan}
# - name: e_pmDE
[...]
#         unit: &id001 !astropy.units.Unit {unit: deg}
#         value: !astropy.table.SerializedColumn {name: SkyCoord.dec}
#       distance: !astropy.table.SerializedColumn
#         __class__: astropy.coordinates.distances.Distance
#         unit: !astropy.units.Unit {unit: pc}
#         value: !astropy.table.SerializedColumn {name: SkyCoord.distance}
#       frame: icrs
#       obstime: !astropy.time.Time {format: jyear_str, in_subfmt: '*', jd1: 367701545.0, jd2: 0.0, out_subfmt: '*', precision: 3, scale: tt}
#       pm_dec: !astropy.table.SerializedColumn
#         __class__: astropy.units.quantity.Quantity
#         unit: !astropy.units.Unit {unit: mas / yr}
#         value: !astropy.table.SerializedColumn {name: SkyCoord.pm_dec}
#       pm_ra_cosdec: !astropy.table.SerializedColumn
#         __class__: astropy.units.quantity.Quantity
#         unit: !astropy.units.Unit {unit: mas / yr}
#         value: !astropy.table.SerializedColumn {name: SkyCoord.pm_ra_cosdec}
#       ra: !astropy.table.SerializedColumn
#         __class__: astropy.coordinates.angles.Longitude
#         unit: *id001
#         value: !astropy.table.SerializedColumn {name: SkyCoord.ra}
#         wrap_angle: !astropy.coordinates.Angle
#           unit: *id001
#           value: 360.0
#       representation_type: spherical
# schema: astropy-2.0
RA_ICRS_1 DE_ICRS_1 e_RA_ICRS e_DE_ICRS _r_1 HIP TYC2 Source rgeo Plx e_Plx pmRA pmDE e_pmRA e_pmDE RUWE Teff logg Gmag BP-RP BPmag RPmag RV e_RV b_rgeo B_rgeo FG e_FG FBP e_FBP FRP e_FRP RAVE5 RAVE6 e_Gmag e_BPmag e_RPmag e_BP-RP SkyCoord.ra SkyCoord.dec SkyCoord.distance SkyCoord.pm_ra_cosdec SkyCoord.pm_dec
[from data line 950]
354.18929141907 48.62515803698 0.0132 0.014 28.7433 "" "" 1943319907983435136 493.13089 1.9981 0.0208 -6.623 -3.599 0.018 0.018 1.026 "" "" 14.882647 1.245262 15.428614 14.183352 -8.04 5.3 489.014801 497.899261 20983.97012 3.8552 9203.9 12.972 16820.0 11.63 "" "" 0.0027625312265850055 0.0031822445 0.0038532205 0.007035465 354.18929141907 48.62515803698 493.13089 -6.622999999999999 -3.599000000000001
351.95147051887 47.59348088884 0.0122 0.0134 95.9757 "" "" 1941679780232186752 402.286285 2.454 0.0206 17.767 2.445 0.017 0.018 0.997 4642.0 4.5553 14.885437 1.400178 15.520311 14.120133 -37.54 3.35 398.799377 405.564331 20930.12807 4.6276 8458.5 12.736 17828.0 13.536 "" "" 0.002765757607852658 0.0032338232 0.0038682402 0.0071020634 351.95147051887 47.59348088884 402.286285 17.766999999999996 2.445
355.10018565069 47.39840034278 0.0121 0.0159 57.9798 "" "" 1939976224403282944 479.992645 2.049 0.0221 3.871 -1.082 0.018 0.021 1.017 4886.7 4.5411 14.886637 1.281854 15.451591 14.169737 -7.09 4.26 475.187347 484.602325 20907.01336 28.479 9011.2 55.253 17032.0 70.945 "" "" 0.0031271581963395164 0.007218349 0.0058938023 0.013112151 355.10018565069 47.39840034278 479.992645 3.8710000000000004 -1.082
354.62167266767 48.29720436819 0.0125 0.0144 19.5171 "" "" 1940315183222067456 402.651215 2.4527 0.0232 4.0 -1.685 0.018 0.019 0.986 4691.7 4.5845 14.888131 1.390457 15.516052 14.125595 -1.51 4.45 398.57019 406.804688 20878.26003 13.063 8491.7 20.403 17739.0 30.321 "" "" 0.0028378269686732023 0.0038197315 0.004210444 0.008030176 354.62167266767 48.29720436819 402.651215 4.0 -1.685
356.71264301331 47.44360147419 0.0141 0.0137 110.0896 "" "" 1939273705193615872 397.748047 2.4791 0.022 -15.766 -7.841 0.019 0.017 1.027 "" "" 14.888816 1.370436 15.506326 14.13589 -32.47 5.85 394.214935 401.430634 20865.1028 4.4268 8568.1 12.804 17571.0 15.094 "" "" 0.002764932522003746 0.003227625 0.0038927647 0.0071203895 356.71264301331 47.44360147419 397.748047 -15.765999999999998 -7.841
353.69826906015 46.4242850749 0.0703 0.0585 105.2239 "" "" 1937671716751184256 418.403198 2.381 0.0993 24.089 3.847 0.083 0.07 4.448 "" "" 14.89758 1.077663 15.319131 14.241467 "" "" 400.881958 434.451141 20697.35439 16.388 10180.0 13.413 15943.0 16.32 "" "" 0.0028863184867427213 0.003135525 0.003939411 0.0070749363 353.69826906015 46.4242850749 418.403198 24.089 3.8469999999999995
353.45459597557 49.93687765961 0.0165 0.0169 111.2629 "" "" 1944435396885100672 435.623047 2.2606 0.0256 3.942 -5.104 0.022 0.021 1.296 "" "" 14.898275 1.457416 15.413011 13.955594 8.14 16.54 430.682404 440.450043 20684.10199 8.8044 9337.1 33.759 20745.0 113.51 "" "" 0.0027938103730044813 0.004816128 0.0070410827 0.011857211 353.45459597557 49.93687765961 435.623047 3.942 -5.104000000000001
352.39953020501 49.56837820532 0.0197 0.0217 110.7827 "" "" 1942914256912536960 489.471497 2.0103 0.0312 -8.664 -17.633 0.026 0.026 1.571 "" "" 14.902322 1.616623 15.664069 14.047446 -18.8 6.96 481.751556 496.551392 20607.16201 6.5217 7409.5 11.173 19062.0 12.801 "" "" 0.002776663078379225 0.003235045 0.0038490708 0.0070841154 352.39953020501 49.56837820532 489.471497 -8.663999999999998 -17.633000000000003
356.33227355715 47.47999956936 0.0126 0.0136 95.1428 "" "" 1939282776164231424 338.985779 2.9177 0.021 2.959 -6.564 0.019 0.019 1.07 4298.0 4.4875 14.903967 1.681114 15.70579 14.024675 -15.58 3.76 336.713348 341.459534 20575.95879 6.3482 7130.2 11.361 19467.0 19.214 "" "" 0.0027756078424864892 0.003282964 0.003928372 0.007211336 356.33227355715 47.47999956936 338.985779 2.9590000000000005 -6.564000000000002
353.62036609531 47.30440444513 0.0142 0.0168 55.4771 "" "" 1938517928388639872 451.531677 2.1834 0.0288 3.644 -3.976 0.02 0.021 1.162 4813.4 4.4758 14.904914 1.387394 15.525814 14.13842 -48.92 6.15 446.121735 456.902557 20558.00871 21.659 8415.7 34.939 17530.0 46.174 "" "" 0.0029833300469687884 0.0053012664 0.0047394456 0.010040712 353.62036609531 47.30440444513 451.531677 3.6440000000000006 -3.976000000000001
355.3928261554 47.42059780965 0.012 0.0139 65.1843 "" "" 1939316242548935552 385.599487 2.5598 0.0199 12.631 -7.132 0.019 0.019 0.99 4540.9 4.6108 14.907216 1.462145 15.57962 14.117475 -39.65 5.2 382.919647 388.87027 20514.47936 3.6494 8008.8 11.208 17872.0 14.522 "" "" 0.0027620815890226037 0.003177068 0.0038809846 0.0070580523 355.3928261554 47.42059780965 385.599487 12.631000000000002 -7.132
352.34716611531 48.52016789799 0.014 0.014 76.8283 "" "" 1942051002845129472 408.211853 2.4229 0.0219 -18.203 -31.707 0.018 0.018 0.997 4671.8 4.6591 14.916366 1.341174 15.51933 14.178156 -19.25 5.38 404.156586 411.847595 20342.31445 4.6896 8466.1 17.744 16900.0 15.264 "" "" 0.002766665713496467 0.0036004612 0.0039045315 0.0075049927 352.34716611531 48.52016789799 408.211853 -18.203 -31.707
354.49103411824 46.31123715465 0.0162 0.0144 110.7759 "" "" 1939098126929144576 390.706787 2.5275 0.0223 8.8 -8.672 0.02 0.019 1.058 "" "" 14.922575 1.437191 15.57879 14.141599 -27.09 6.35 387.648804 394.985168 20226.31734 4.2673 8015.0 13.024 17479.0 14.33 "" "" 0.0027648256086519217 0.0033011662 0.0038827902 0.0071839564 354.49103411824 46.31123715465 390.706787 8.799999999999999 -8.672
353.79556062438 47.45462012903 0.0313 0.04 44.4202 "" "" 1940207873462816256 422.758759 2.3195 0.0514 -0.253 -3.115 0.044 0.05 1.614 "" "" 14.922673 1.862968 15.699856 13.836888 -28.83 7.74 414.257355 432.241974 20224.48041 64.611 7169.3 87.358 23142.0 181.01 "" "" 0.004429777528346933 0.0135207325 0.009295327 0.022816058 353.79556062438 47.45462012903 422.758759 -0.253 -3.115000000000001
352.93616364453 47.04324144589 0.012 0.0142 83.3624 "" "" 1938671997453728640 442.959991 2.2273 0.023 -1.995 -7.163 0.017 0.019 1.027 4720.8 4.5666 14.925618 1.449506 15.590055 14.140549 -33.89 4.12 438.93985 447.529205 20169.69984 6.6472 7932.2 14.611 17496.0 23.197 "" "" 0.0027784571199961643 0.0034328836 0.004044248 0.0074771317 352.93616364453 47.04324144589 442.959991 -1.9949999999999997 -7.163
355.05802534208 49.69714829446 0.0171 0.0181 99.1631 "" "" 1943537645646317952 436.959137 2.2525 0.0262 3.309 -5.813 0.023 0.024 1.328 "" "" 14.927695 1.610792 15.676918 14.066126 -24.46 9.51 431.436432 442.645325 20131.15669 19.089 7322.3 23.315 18737.0 39.957 "" "" 0.0029413806725724734 0.00444259 0.004432221 0.008874811 355.05802534208 49.69714829446 436.959137 3.309 -5.813000000000001
355.75722664898 46.93998151078 0.0164 0.0138 96.2754 "" "" 1939235531523771008 389.947296 2.5275 0.0232 -17.631 -9.841 0.02 0.018 1.013 4500.4 4.611 14.936477 1.475487 15.617344 14.141857 -25.38 3.34 386.749237 393.64505 19968.98897 4.4358 7735.3 10.348 17475.0 15.044 "" "" 0.0027658555467894755 0.0031455813 0.0038932485 0.00703883 355.75722664898 46.93998151078 389.947296 -17.631000000000004 -9.841
353.48088201599 48.90653701301 0.0137 0.0151 53.6109 "" "" 1943396770717594880 423.182678 2.332 0.0221 -2.525 -0.374 0.019 0.019 1.007 4595.4 4.5613 14.938497 1.452916 15.605001 14.152085 11.74 3.33 419.356934 426.921021 19931.8797 3.811 7823.8 11.391 17311.0 12.431 "" "" 0.002763129514618868 0.0032068486 0.0038589642 0.007065813 353.48088201599 48.90653701301 423.182678 -2.525 -0.37400000000000005
354.0601412705 49.99019812484 0.0145 0.0152 110.7621 "" "" 1943688931573989376 398.171356 2.4792 0.0226 11.274 -10.774 0.02 0.019 1.073 4242.7 4.4094 14.938595 1.750488 15.781394 14.030906 -63.56 7.37 394.681366 401.77301 19930.06504 12.268 6650.6 18.365 19355.0 26.843 "" "" 0.0028352162304722834 0.0040956065 0.0040683053 0.008163912 354.0601412705 49.99019812484 398.171356 11.274000000000001 -10.774
356.17228698592 48.48480238299 0.0134 0.0152 81.6895 "" "" 1940191969201716224 388.455688 2.5414 0.0223 6.398 -3.463 0.02 0.02 1.026 4551.1 4.6591 14.942061 1.465309 15.614723 14.149414 -4.29 3.81 385.338287 391.649841 19866.54419 7.9297 7754.0 17.995 17354.0 25.756 "" "" 0.0027891932273574325 0.0037595187 0.004108568 0.007868087 356.17228698592 48.48480238299 388.455688 6.397999999999999 -3.4629999999999996
356.15430065037 46.94185000703 0.0168 0.0143 107.4856 "" "" 1939068405756618496 387.887421 2.5424 0.0247 19.531 1.593 0.019 0.018 1.017 4535.2 4.6476 14.945893 1.46716 15.6212 14.154039 2.7 4.42 384.699402 391.067596 19796.54098 5.5836 7707.9 13.68 17280.0 20.737 "" "" 0.0027722854989980093 0.003390907 0.0039976737 0.0073885806 356.15430065037 46.94185000703 387.887421 19.531 1.593
354.57770857904 47.23009527201 0.014 0.0166 57.1552 "" "" 1939978767023544192 428.949219 2.3031 0.028 0.036 -2.6 0.021 0.02 1.107 4190.0 4.2271 14.955435 1.800528 15.825922 14.025393 -20.97 3.62 423.677734 435.307404 19623.336 26.321 6383.3 36.7 19454.0 73.405 "" "" 0.003116508959632722 0.006837503 0.005573797 0.0124113 354.57770857904 47.23009527201 428.949219 0.036000000000000004 -2.5999999999999996
355.70889230333 46.7971587165 0.0526 0.0466 101.7256 "" "" 1939225051803617792 455.28125 2.1687 0.0786 -6.929 -7.695 0.059 0.058 3.582 "" "" 14.955533 1.020342 15.357329 14.336987 "" "" 439.72287 471.460571 19621.55211 14.879 9828.4 14.042 14600.0 11.758 "" "" 0.002875696933070108 0.0031923815 0.0038792118 0.0070715933 355.70889230333 46.7971587165 455.28125 -6.928999999999999 -7.694999999999999
352.95697684205 48.00860344958 0.0165 0.0176 50.0849 "" "" 1941796770843541888 400.64743 2.4618 0.0276 14.331 7.34 0.023 0.022 1.256 4350.8 4.4626 14.963281 1.756638 15.807282 14.050643 -22.13 5.41 396.661865 405.949036 19482.04599 4.4569 6493.9 9.5251 19006.0 17.971 "" "" 0.0027664930385668408 0.0032126636 0.003916332 0.007128996 352.95697684205 48.00860344958 400.64743 14.330999999999998 7.34
355.34956630019 49.70828922356 0.0181 0.018 104.2922 "" "" 1943535068665980928 442.164948 2.2353 0.0281 -4.579 -7.278 0.024 0.022 1.376 4062.9 4.1992 14.966425 1.748001 15.802151 14.05415 -15.0 3.31 437.090576 447.929413 19425.70971 6.7635 6524.6 13.908 18945.0 18.067 "" "" 0.0027811312884412917 0.0036251086 0.00391865 0.0075437585 355.34956630019 49.70828922356 442.164948 -4.579 -7.277999999999999
352.15193993181 48.74585830161 0.0148 0.0162 88.709 "" "" 1942110513913609344 498.376434 1.9771 0.0229 28.146 1.266 0.019 0.02 1.044 4606.1 4.5438 14.967046 1.337215 15.566797 14.229582 -66.18 4.56 492.41156 503.433594 19414.59356 4.0798 8104.0 9.9052 16119.0 12.416 "" "" 0.0027647504913513314 0.003089679 0.0038708064 0.006960485 352.15193993181 48.74585830161 498.376434 28.146 1.266
356.08748310325 46.94687550256 0.0279 0.0242 105.2892 "" "" 1939045831408502528 433.336243 2.2828 0.0418 7.563 -14.641 0.034 0.031 1.728 4345.2 4.452 14.967937 1.618477 15.722706 14.104229 23.14 5.2 425.305634 442.727966 19398.6757 7.3069 7020.0 11.197 18091.0 14.372 "" "" 0.002785505552464929 0.0032839088 0.0038765578 0.0071604666 356.08748310325 46.94687550256 433.336243 7.563000000000001 -14.641000000000002
356.24440198988 46.91252696094 0.0168 0.0146 111.3926 "" "" 1939065382099668736 443.653809 2.2137 0.0263 45.138 -44.846 0.02 0.019 0.984 4227.1 4.3886 14.971694 1.487127 15.654426 14.167298 -38.89 6.12 438.875305 448.955566 19331.66788 4.2379 7475.6 12.381 17070.0 12.25 "" "" 0.0027655814748365273 0.0033194143 0.0038588622 0.007178277 356.24440198988 46.91252696094 443.653809 45.138 -44.84599999999999
356.57415629694 48.42026270372 0.0135 0.0137 96.6258 "" "" 1940135825388839936 446.633698 2.2045 0.0208 -9.23 -14.216 0.02 0.018 0.976 4693.6 4.6051 14.972803 1.33349 15.570525 14.237035 -21.59 5.19 442.176636 451.196045 19311.92924 4.4705 8076.2 11.726 16008.0 15.805 "" "" 0.002766759693938165 0.0032046987 0.003928466 0.0071331644 356.57415629694 48.42026270372 446.633698 -9.229999999999999 -14.215999999999998
353.11107118396 47.50932702712 0.0123 0.0137 57.8453 "" "" 1938766967770754944 407.005188 2.4281 0.0211 19.759 3.929 0.017 0.018 1.048 4628.9 4.6515 14.973503 1.444838 15.635645 14.190806 -0.14 6.12 403.494843 409.651703 19299.46799 4.1231 7606.0 9.3456 16705.0 11.823 "" "" 0.0027650664190234024 0.003092695 0.0038567104 0.006949405 353.11107118396 47.50932702712 407.005188 19.759 3.929
352.16945644459 47.92742291807 0.0133 0.015 82.0879 "" "" 1941827630185076224 486.763062 2.0282 0.0218 -3.723 -9.051 0.018 0.019 1.022 4600.2 4.5256 14.975842 1.348738 15.567369 14.218632 -45.83 4.46 481.321594 491.460876 19257.9342 3.5864 8099.7 19.425 16282.0 22.679 "" "" 0.0027627292252812726 0.0038164244 0.0040707253 0.007887149 352.16945644459 47.92742291807 486.763062 -3.723 -9.051
352.88645666012 48.39165804503 0.0142 0.015 54.0785 "" "" 1941867143884810496 351.836487 2.8147 0.0236 26.2 9.333 0.019 0.018 1.084 4502.4 4.6499 14.977757 1.579598 15.718272 14.138674 -3.11 6.3 348.373138 354.555939 19223.99584 4.6053 7048.7 12.474 17526.0 12.494 "" "" 0.002767569485254879 0.0033877546 0.0038578243 0.007245579 352.88645666012 48.39165804503 351.836487 26.200000000000003 9.333000000000002
355.59110969877 46.84522809694 0.0164 0.0145 96.5443 "" "" 1939228968813761280 447.200745 2.2024 0.0237 -1.082 8.597 0.019 0.02 1.046 4715.3 4.5621 14.979961 1.375537 15.551427 14.17589 -20.24 8.13 442.058868 451.822632 19185.01801 9.0547 8219.5 21.105 16936.0 119.82 "" "" 0.002802565935845607 0.0039442326 0.008560858 0.01250509 355.59110969877 46.84522809694 447.200745 -1.0820000000000003 8.597000000000001
356.10118648432 48.37862269295 0.0146 0.0151 77.6282 "" "" 1940177984789758080 353.743683 2.7996 0.0241 -12.083 -7.681 0.021 0.019 1.0 4475.6 4.6453 14.98207 1.460324 15.650609 14.190285 4.16 5.08 350.516968 356.062744 19147.79161 3.9636 7501.9 10.776 16713.0 13.925 "" "" 0.002764471192548666 0.0031964623 0.003886137 0.007082599 356.10118648432 48.37862269295 353.743683 -12.083 -7.681000000000001
354.17501451794 47.43574929171 0.0119 0.0143 42.6251 "" "" 1940023125445596416 385.86438 2.5592 0.0231 5.196 -5.364 0.017 0.018 1.031 4511.3 4.5608 14.984807 1.529408 15.696614 14.167207 -24.75 6.8 382.514862 389.013367 19099.59208 3.7065 7190.7 11.354 17072.0 17.269 "" "" 0.0027633645846607707 0.003274764 0.0039357226 0.0072104866 354.17501451794 47.43574929171 385.86438 5.196 -5.364
355.10924151659 47.85116590921 0.0132 0.0155 40.9543 "" "" 1940047761378692224 443.101807 2.2259 0.023 28.234 3.436 0.019 0.021 1.05 4648.1 4.6471 14.984943 1.47949 15.668902 14.189412 -35.02 3.46 439.062988 448.065247 19097.18346 4.4966 7376.6 11.449 16726.0 17.474 "" "" 0.0027671545605851815 0.0032595613 0.0039459276 0.007205489 355.10924151659 47.85116590921 443.101807 28.234 3.436000000000001
352.30873927219 47.50095617493 0.0131 0.0149 85.0718 "" "" 1941757639398229504 483.998322 2.0305 0.023 -7.37 3.468 0.017 0.018 0.999 4838.1 4.6418 14.994267 1.345483 15.59689 14.251408 -18.43 4.13 478.703033 489.509277 18933.89656 3.4328 7882.4 10.077 15798.0 11.149 "" "" 0.0027623430021630224 0.0031163536 0.003856272 0.006972626 352.30873927219 47.50095617493 483.998322 -7.370000000000001 3.468
352.56263192556 48.70688859782 0.0141 0.0151 72.9825 "" "" 1942065640094036096 416.99353 2.3661 0.0222 9.409 3.192 0.018 0.02 1.026 4603.8 4.5636 14.996439 1.381552 15.619158 14.237606 14.16 4.53 412.671753 420.654449 18896.05176 6.5785 7722.4 14.522 16000.0 20.26 "" "" 0.00278112669752969 0.0034574142 0.004021671 0.0074790856 352.56263192556 48.70688859782 416.99353 9.409 3.1920000000000006
351.94181866113 49.15564299374 0.0153 0.0159 107.7222 "" "" 1942887215798145152 499.292633 1.9682 0.0235 -16.467 -16.392 0.02 0.02 1.067 4789.1 4.5604 15.001925 1.265891 15.559982 14.294091 "" "" 492.708923 505.565247 18800.8091 4.6735 8155.0 13.563 15189.0 13.277 "" "" 0.002768507014628466 0.003323516 0.0038967228 0.007220239 351.94181866113 49.15564299374 499.292633 -16.467 -16.392000000000003
