Clusters/Aveni_Hunter_1/Aveni_Hunter_1_members.tsv
# %ECSV 1.0
# ---
# datatype:
# - name: RA_ICRS_1
#   unit: deg
#   datatype: float64
#   format: '{:15.11f}'
#   description: Right ascension (ICRS) at Ep=2016.0 (ra)
#   meta: !!omap
#   - {ucd: POS_EQ_RA_MAIN}
#   - {width: 15}
#   - {precision: '11'}
# - name: DE_ICRS_1
#   unit: deg
#   datatype: float64
#   format: '{:15.11f}'
#   description: Declination (ICRS) at Ep=2016.0 (dec)
#   meta: !!omap
#   - {ucd: POS_EQ_DEC_MAIN}
#   - {width: 15}
#   - {precision: '11'}
# - name: e_RA_ICRS
#   unit: mas
#   datatype: float64
#   format: '{:7.4f}'
#   description: Standard error of right ascension (ra_error)
#   meta: !!omap
#   - {ucd: ERROR}
#   - {width: 7}
#   - {precision: '4'}
# - name: e_DE_ICRS
#   unit: mas
#   datatype: float64
#   format: '{:7.4f}'
#   description: Standard error of declination (dec_error)
#   meta: !!omap
#   - {ucd: ERROR}
#   - {width: 7}
#   - {precision: '4'}
# - name: _r_1
#   unit: ''
#   datatype: float64
#   format: '{:8.4f}'
#   description: Distance from center (354.18931221000+48.14610307000)[ICRS], at Epoch=J2016.0
#   meta: !!omap
#   - {ucd: POS_ANG_DIST_GENERAL}
#   - {width: 8}
#   - {precision: '4'}
# - name: HIP
#   datatype: int32
#   description: '? HIP cross-id number, van Leeuwen, Cat. I/311 (hip_original_ext_source_id)'
#   meta: !!omap
#   - {ucd: ID_NUMBER}
#   - {width: 6}
#   - values: {'null': -2147483648}
# - name: TYC2
#   datatype: string
#   description: Tycho-2 cross-id name, Hog et al., Cat. I/259 (tyc2_original_ext_source_id)
#   meta: !!omap
#   - {ucd: ID_CROSSID}
#   - {_votable_string_dtype: char}
# - name: Source
#   datatype: int64
#   description: Source identifier, identical to the Gaia-EDR3 source_id (id)
#   meta: !!omap
#   - {ucd: ID_MAIN}
#   - {width: 19}
# - name: rgeo
#   unit: pc
#   datatype: float64
#   format: '{:15.8f}'
#   description: '? Median of the geometric distance posterior (r_med_geo)'
#   meta: !!omap
#   - {ucd: PHYS_DISTANCE_TRUE}
#   - {width: 15}
#   - {precision: '8'}
#   - values: {'null': .nan}
# - name: Plx
#   unit: mas
#   datatype: float64
#   format: '{:9.4f}'
#   description: '? Parallax (parallax)'
#   meta: !!omap
#   - {ucd: POS_PARLX_TRIG}
#   - {width: 9}
#   - {precision: '4'}
#   - values: {'null': .nan}
# - name: e_Plx
#   unit: mas
#   datatype: float32
#   format: '{:7.4f}'
#   description: '? Standard error of parallax (parallax_error)'
#   meta: !!omap
#   - {ucd: ERROR}
#   - {width: 7}
#   - {precision: '4'}
#   - values: {'null': .nan}
# - name: pmRA
#   unit: mas / yr
#   datatype: float64
#   format: '{:9.3f}'
#   description: '? Proper motion in right ascension direction, pmRA*cosDE (pmra)'
#   meta: !!omap
#   - {ucd: POS_EQ_PMRA}
#   - {width: 9}
#   - {precision: '3'}
#   - values: {'null': .nan}
# - name: pmDE
#   unit: mas / yr
#   datatype: float64
#   format: '{:9.3f}'
#   description: '? Proper motion in declination direction (pmdec)'
#   meta: !!omap
#   - {ucd: POS_EQ_PMDEC}
#   - {width: 9}
#   - {precision: '3'}
#   - values: {'null': .nan}
# - name: e_pmRA
#   unit: mas / yr
#   datatype: float32
#   format: '{:6.3f}'
#   description: '? Standard error of proper motion in right ascension direction (pmra_error)'
#   meta: !!omap
#   - {ucd: ERROR}
#   - {width: 6}
#   - {precision: '3'}
#   - values: {'null': .nan}
# - name: e_pmDE
[...]
#       distance: !astropy.table.SerializedColumn
#         __class__: astropy.coordinates.distances.Distance
#         unit: !astropy.units.Unit {unit: pc}
#         value: !astropy.table.SerializedColumn {name: SkyCoord.distance}
#       frame: icrs
#       obstime: !astropy.time.Time {format: jyear_str, in_subfmt: '*', jd1: 367701545.0, jd2: 0.0, out_subfmt: '*', precision: 3, scale: tt}
#       pm_dec: !astropy.table.SerializedColumn
#         __class__: astropy.units.quantity.Quantity
#         unit: !astropy.units.Unit {unit: mas / yr}
#         value: !astropy.table.SerializedColumn {name: SkyCoord.pm_dec}
#       pm_ra_cosdec: !astropy.table.SerializedColumn
#         __class__: astropy.units.quantity.Quantity
#         unit: !astropy.units.Unit {unit: mas / yr}
#         value: !astropy.table.SerializedColumn {name: SkyCoord.pm_ra_cosdec}
#       ra: !astropy.table.SerializedColumn
#         __class__: astropy.coordinates.angles.Longitude
#         unit: *id001
#         value: !astropy.table.SerializedColumn {name: SkyCoord.ra}
#         wrap_angle: !astropy.coordinates.Angle
#           unit: *id001
#           value: 360.0
#       representation_type: spherical
# schema: astropy-2.0
RA_ICRS_1 DE_ICRS_1 e_RA_ICRS e_DE_ICRS _r_1 HIP TYC2 Source rgeo Plx e_Plx pmRA pmDE e_pmRA e_pmDE RUWE Teff logg Gmag BP-RP BPmag RPmag RV e_RV b_rgeo B_rgeo FG e_FG FBP e_FBP FRP e_FRP RAVE5 RAVE6 e_Gmag e_BPmag e_RPmag e_BP-RP SkyCoord.ra SkyCoord.dec SkyCoord.distance SkyCoord.pm_ra_cosdec SkyCoord.pm_dec rmRA rmDE e_rmRA e_rmDE rRV e_rRV v_pec v_pec3d e_vpec e_vpec3d Pmemb
354.25608843055 48.57611501481 0.0157 0.0177 25.9377 "" 3641-237-1 1943316197131727488 411.783783 2.4009 0.0256 -0.127 -1.663 0.022 0.022 1.078 "" "" 8.600873 -0.044552 8.570191 8.614743 "" "" 407.930542 416.195709 6832780.38262 1761.0 5097300.0 2079.8 2839600.0 917.62 "" "" 0.00276949297103416 0.0028251193 0.0037956326 0.0066207517 354.25608843055 48.57611501481 411.783783 -0.12700000000000006 -1.6629999999999994 0.040600005865097044 0.3690222377777099 0.360781 0.360781 "" "" 0.7246241406858546 "" 0.26143063222059904 "" 1.0
354.88947437445 47.45100297231 0.01 0.0118 50.3556 "" 3642-360-1 1939988525189568384 416.030792 2.385 0.0177 -0.1 -2.689 0.015 0.016 0.896 9992.3 3.9918 9.245265 0.039586 9.247221 9.207635 -23.18 4.17 412.477753 419.193665 3774338.90762 648.93 2732300.0 773.68 1644800.0 339.93 "" "" 0.002761636502952577 0.0028070565 0.0037860372 0.0065930937 354.88947437445 47.45100297231 416.030792 -0.09999999999999998 -2.689 0.06760000586509704 -0.6569777622222901 0.353781 0.35478103 -15.693214285714284 6.661846 1.3023911639220054 15.747164740397205 0.46205005492854684 6.639132374427429 1.0
354.46499094968 48.4965596256 0.0093 0.0099 23.7302 116606 3642-1097-1 1940332191292438272 420.247955 2.3584 0.0151 0.165 -1.433 0.012 0.013 0.989 "" "" 9.522215 0.254642 9.599436 9.344793 -21.96 2.9 418.02298 423.194641 2924560.97329 508.74 1975300.0 696.41 1449600.0 377.57 "" "" 0.0027617857831372214 0.0028163048 0.0037899474 0.006606252 354.46499094968 48.4965596256 420.247955 0.16500000000000004 -1.4329999999999998 0.3326000058650971 0.5990222377777099 0.35078102 0.35178104 -14.473214285714285 5.391846 1.3648307842060454 14.537423940634067 0.4798003244834123 5.36822018690303 1.0
354.80535945191 47.47291335418 0.0117 0.0145 47.4096 "" 3642-348-1 1939985845129954816 422.556641 2.3466 0.0214 -0.131 -3.101 0.017 0.018 1.182 "" "" 9.652795 0.112452 9.682899 9.570447 "" "" 419.042572 425.831238 2593157.65271 539.86 1829200.0 609.77 1177600.0 240.33 "" "" 0.002764576173777506 0.0028135467 0.003785872 0.006599419 354.80535945191 47.47291335418 422.556641 -0.13099999999999995 -3.101000000000001 0.03660000586509704 -1.06897776222229 0.35578102 0.35678104 "" "" 2.142329896749 "" 0.7643401743270314 "" 1.0
354.58776370852 48.43136963002 0.0073 0.0082 23.3665 "" 3642-2459-1 1940320371542486400 414.052795 2.3898 0.0125 -0.51 -1.86 0.01 0.011 0.936 5731.0 3.4094 10.220489 1.082845 10.67621 9.593366 -6.99 3.54 412.102539 415.785431 1537274.54367 1617.0 732710.0 2506.1 1153000.0 2910.7 "" "" 0.002982625388824967 0.0046449527 0.0046686437 0.009313596 354.58776370852 48.43136963002 414.052795 -0.5100000000000002 -1.8600000000000005 -0.34239999413490296 0.17202223777770986 0.34878102 0.34978104 0.49678571428571505 6.031846 0.752039381604127 0.9013097566330267 0.262448802373959 3.331849016795127 1.0
353.99214151132 48.61135927982 0.0125 0.0143 29.0002 "" 3641-77-1 1943330147185053056 411.280243 2.4088 0.0208 -0.88 -1.722 0.017 0.018 1.477 "" "" 10.826803 0.647604 11.068312 10.420708 "" "" 407.455597 415.458618 879479.14655 157.44 510610.0 181.66 538120.0 176.06 "" "" 0.0027621669801044767 0.002816781 0.0037960391 0.00661282 353.99214151132 48.61135927982 411.280243 -0.8800000000000001 -1.722 -0.712399994134903 0.31002223777771 0.35578102 0.35678104 "" "" 1.5146096235035513 "" 0.5391108104690959 "" 1.0
354.08177992757 48.46084788713 0.0105 0.0109 19.3662 "" 3641-323-1 1943313826309393024 423.145905 2.3275 0.0171 0.044 -1.904 0.014 0.014 1.22 5521.9 3.6117 11.110989 0.949839 11.498116 10.548277 -17.09 1.67 420.480408 426.386108 676942.01779 557.25 343690.0 817.63 478460.0 835.2 "" "" 0.0028966538821822967 0.003802187 0.0042279717 0.0080301585 354.08177992757 48.46084788713 423.145905 0.04400000000000001 -1.904 0.21160000586509703 0.12802223777771005 0.35278103 0.35278103 -9.603214285714284 4.161846 0.496040723370356 9.616016899766175 0.1749937560999507 4.1563149470262495 1.0
354.45906186011 47.35290473945 0.014 0.0159 48.8201 "" 3642-374-1 1940007629203685760 406.261841 2.4171 0.0253 -0.312 -2.665 0.02 0.019 1.624 5858.7 4.0133 11.384152 0.915442 11.749931 10.834489 -16.5 1.04 402.500732 410.17804 526363.42502 1001.5 272550.0 1750.2 367590.0 1754.3 "" "" 0.0034437398314226945 0.007509708 0.0064134845 0.013923192 354.45906186011 47.35290473945 406.261841 -0.312 -2.665 -0.14439999413490295 -0.6329777622222901 0.35878104 0.35778102 -9.013214285714284 3.531846 1.2502286630369432 9.099511166545332 0.44737001926155123 3.4988910826899486 1.0
353.91705713647 47.90723870263 0.0066 0.0074 18.0209 "" "" 1940280136288350464 418.168701 2.3711 0.0114 -0.494 -2.304 0.009 0.01 0.92 5745.4 4.1569 12.745701 1.067658 13.194178 12.126519 -19.74 19.66 415.953186 419.996307 150198.84622 109.18 72069.0 166.61 111830.0 223.8 "" "" 0.0028661237548181797 0.0037530307 0.0043594637 0.008112494 353.91705713647 47.90723870263 418.168701 -0.49400000000000005 -2.3040000000000003 -0.32639999413490295 -0.27197776222228986 0.34778103 0.34878102 -12.253214285714282 22.151846 0.8421299755167706 12.282118841115992 0.2932222222060936 22.099723253093657 1.0
354.01299188045 47.19635402292 0.0072 0.0085 57.4285 "" "" 1940000031403854464 415.821411 2.3876 0.0156 -0.293 -2.871 0.011 0.011 0.949 5293.5 4.2073 12.798055 1.075758 13.252368 12.17661 -15.31 3.45 412.914673 418.877502 143128.03836 115.8 68308.0 195.91 106790.0 251.79 "" "" 0.0028919599198961215 0.004181104 0.0045647663 0.00874587 354.01299188045 47.19635402292 415.821411 -0.2929999999999999 -2.8709999999999996 -0.12539999413490294 -0.83897776222229 0.34978104 0.34978104 -7.823214285714285 5.941846 1.6719890756551434 7.999889326066593 0.5848300716936 5.811907552857423 1.0
354.76629979946 47.39985707074 0.0066 0.0075 50.4586 "" "" 1939982512235358464 422.196991 2.3352 0.012 -0.017 -2.523 0.01 0.011 1.006 5140.9 4.2596 13.138571 1.170069 13.641102 12.471033 -22.19 3.99 419.950592 424.143005 104596.79785 142.77 47750.0 223.98 81423.0 315.61 "" "" 0.003128587492161327 0.005807072 0.0056564338 0.011463506 354.76629979946 47.39985707074 422.196991 -0.017000000000000015 -2.523 0.15060000586509703 -0.49097776222229017 0.34878102 0.34978104 -14.703214285714285 6.481846 1.0277348537538928 14.7390891598244 0.3593938958996242 6.466117634502658 1.0
354.34524746311 48.70608700216 0.0089 0.0096 34.1678 "" "" 1943343959800280320 416.842773 2.3631 0.0144 -0.5 -1.739 0.012 0.012 1.428 "" "" 13.169085 1.603709 13.913378 12.309669 "" "" 414.706451 419.092773 101698.04931 167.58 37159.0 219.89 94469.0 404.75 "" "" 0.0032852179589134534 0.0070045893 0.005993584 0.012998173 354.34524746311 48.70608700216 416.842773 -0.5 -1.7390000000000003 -0.33239999413490295 0.29302223777770986 0.35078102 0.35078102 "" "" 0.875523985035984 "" 0.3071171995717785 "" 1.0
353.84528722089 48.67825053174 0.0084 0.0093 34.7443 "" "" 1943329391270764288 412.254272 2.3943 0.0144 -0.244 -1.391 0.011 0.012 1.204 5150.7 4.1274 13.584929 1.662705 14.296606 12.633902 14.88 5.99 409.201477 414.70047 69338.66624 215.99 26108.0 368.26 70081.0 603.53 "" "" 0.004362359577935101 0.015566682 0.010085176 0.025651857 353.84528722089 48.67825053174 412.254272 -0.24399999999999997 -1.3909999999999996 -0.07639999413490295 0.64102223777771 0.34978104 0.35078102 22.366785714285715 8.481846 1.2614773889820052 22.402330869614627 0.44248468641474115 8.468424602140935 1.0
353.84546689638 48.67756640132 0.0149 0.0163 34.7038 "" "" 1943329185112335104 431.958008 2.2807 0.0255 -0.152 -2.903 0.02 0.021 1.964 "" "" 13.632154 1.649218 14.390473 12.741256 -16.96 3.02 428.188812 437.186707 66387.27428 49.76 23946.0 121.53 63483.0 267.65 "" "" 0.0028729890997371173 0.006176438 0.0059361425 0.01211258 353.84546689638 48.67756640132 431.958008 -0.15200000000000008 -2.9029999999999996 0.01560000586509705 -0.8709777622222901 0.35878104 0.35978103 -9.473214285714285 5.511846 1.7835964036487508 9.639657931387916 0.6417035743796775 5.4179766336507615 1.0
354.28560026367 48.19428997892 0.0171 0.0184 4.8171 "" "" 1940290375490622848 414.275696 2.3799 0.0311 0.165 -1.785 0.025 0.023 2.218 "" "" 13.880186 1.818004 14.763471 12.945467 6.2 8.62 408.421936 420.176605 52828.99245 44.18 16984.0 58.994 52598.0 118.28 "" "" 0.0029010726282744314 0.0046912497 0.004499435 0.009190684 354.28560026367 48.19428997892 414.275696 0.16499999999999998 -1.7849999999999997 0.3326000058650971 0.24702223777771004 0.36378103 0.36178103 13.686785714285715 11.111846 0.8135430309376165 13.710942908930907 0.29537411293362414 11.092281948361705 1.0
353.90191711033 48.86299187722 0.0356 0.0382 44.5047 "" "" 1943386909472736896 406.743256 2.4305 0.0549 -0.455 -0.388 0.049 0.049 4.462 5018.4 4.3356 13.883038 1.181399 14.392752 13.211352 -36.44 1.5 398.880005 415.011505 52690.43918 6.9075 23896.0 17.379 41173.0 22.366 "" "" 0.0027589941668041424 0.0028997525 0.0038251253 0.0067248777 353.90191711033 48.86299187722 406.743256 -0.455 -0.388 -0.28739999413490297 1.64402223777771 0.38778102 0.38778102 -28.95321428571428 3.991846 3.217681859576067 29.131462270609322 1.247755966345662 3.969814046520958 1.0
354.30283629229 48.1563009305 0.0099 0.0106 4.5854 "" "" 1940290061954191488 411.432404 2.3928 0.0191 -0.255 -2.085 0.015 0.013 1.222 "" "" 13.996263 1.679192 14.789647 13.110456 -34.22 7.61 408.569275 414.492615 47472.41005 62.591 16579.0 80.851 45183.0 161.12 "" "" 0.0031049984444698757 0.0059849964 0.005410507 0.011395503 354.30283629229 48.1563009305 411.432404 -0.2550000000000001 -2.0849999999999995 -0.08739999413490296 -0.052977762222290004 0.353781 0.35178104 -26.733214285714283 10.101847 0.19931474112706482 26.733957290531244 0.07040688411858834 10.101565952515822 1.0
353.53553853144 48.56823162209 0.0241 0.0271 36.3439 "" "" 1943373715333255936 400.154724 2.4599 0.0396 -0.755 -1.348 0.032 0.033 2.083 4615.5 4.3371 14.842052 1.676857 15.624333 13.947476 -45.21 7.54 392.822205 407.253479 21783.42828 43.148 7685.7 63.027 20901.0 109.32 "" "" 0.0034952611533113948 0.009330586 0.0068214764 0.016152062 353.53553853144 48.56823162209 400.154724 -0.7549999999999999 -1.3480000000000003 -0.587399994134903 0.6840222377777099 0.37078103 0.37178102 -37.723214285714285 10.031846 1.7101396507747642 37.761958022208944 0.6350721845121737 10.021594651013759 0.9
354.57770857904 47.23009527201 0.014 0.0166 57.1552 "" "" 1939978767023544192 428.949219 2.3031 0.028 0.036 -2.6 0.021 0.02 1.107 4190.0 4.2271 14.955435 1.800528 15.825922 14.025393 -20.97 3.62 423.677734 435.307404 19623.336 26.321 6383.3 36.7 19454.0 73.405 "" "" 0.003116508959632722 0.006837503 0.005573797 0.0124113 354.57770857904 47.23009527201 428.949219 0.03600000000000003 -2.5999999999999996 0.20360000586509705 -0.5679777622222901 0.35978103 0.35878104 -13.483214285714283 6.111846 1.2267773676883105 13.538908751607789 0.44028431785496946 6.086834656126167 1.0
353.78398078835 48.7423018964 0.032 0.0329 39.2413 "" "" 1943377151307063680 428.79892 2.2843 0.0524 -0.193 -1.462 0.044 0.043 2.648 "" "" 15.032703 2.548231 16.40425 13.856018 -13.44 8.64 419.931335 438.65976 18275.34106 13.06 3747.3 14.335 22738.0 44.271 "" "" 0.002862481401981242 0.005003575 0.0043304088 0.009333983 353.78398078835 48.7423018964 428.79892 -0.193 -1.462 -0.02539999413490296 0.57002223777771 0.38278103 0.38178104 -5.953214285714284 11.131846 1.1597237609616997 6.065123208424689 0.4427628465693417 10.926778267320001 1.0
353.64127069423 48.1492166101 0.0161 0.0179 21.9404 "" "" 1940300683411819008 418.794067 2.3487 0.0272 -0.365 -2.11 0.023 0.023 1.153 "" "" 15.166406 2.17565 16.256989 14.081339 156.39 11.78 414.052246 422.870209 16157.88606 98.275 4291.6 102.43 18477.0 306.85 "" "" 0.00715539904090598 0.026063643 0.018422797 0.04448644 353.64127069423 48.1492166101 418.794067 -0.365 -2.1099999999999994 -0.19739999413490295 -0.07797776222228991 0.36178103 0.36178103 163.8767857142857 14.271846 0.42132108353499714 163.87732731376033 0.15242597593838428 14.271798655810038 1.0
354.21515367738 48.56566861982 0.0167 0.018 25.195 "" "" 1943315784815266816 409.188324 2.4041 0.0271 0.115 -1.699 0.022 0.023 1.14 "" "" 15.216212 2.458406 16.530018 14.071611 2.38 7.78 404.745087 412.979614 15433.40697 21.901 3337.4 27.841 18643.0 64.847 "" "" 0.0031568396910804505 0.0094773695 0.0053428705 0.01482024 354.21515367738 48.56566861982 409.188324 0.11500000000000006 -1.6989999999999998 0.28260000586509704 0.3330222377777099 0.360781 0.36178103 9.866785714285715 10.271847 0.8471351745775184 9.903085293767754 0.30612307029120556 10.234229005357644 1.0
355.55385239591 48.13418704281 0.0154 0.0157 54.6383 "" "" 1940157128426221824 421.253265 2.3419 0.0275 0.856 -1.638 0.021 0.02 1.02 4471.7 4.6559 15.297639 1.486632 15.98243 14.495798 "" "" 416.69165 425.521423 14318.2873 3.0887 5526.4 9.523 12614.0 10.718 "" "" 0.0027652567001216297 0.0033593748 0.003890348 0.0072497227 355.55385239591 48.13418704281 421.253265 0.856 -1.638 1.023600005865097 0.39402223777771006 0.35978103 0.35878104 "" "" 2.1900615970809656 "" 0.7876603195055911 "" 1.0
354.1374944536 48.65774586901 0.0172 0.0184 30.7679 "" "" 1943331865172825984 419.077942 2.3447 0.0273 -0.21 -1.449 0.024 0.025 1.055 "" "" 15.465902 2.312136 16.669342 14.357206 "" "" 414.236938 424.827301 12262.69491 17.197 2935.5 20.314 14331.0 45.526 "" "" 0.003148040091427764 0.008014769 0.0051166494 0.013131419 354.1374944536 48.65774586901 419.077942 -0.20999999999999996 -1.4490000000000014 -0.042399994134902946 0.5830222377777099 0.36278102 0.36378103 "" "" 1.161191096897599 "" 0.42241319819233614 "" 1.0
354.37942103628 48.62301986652 0.0194 0.0208 29.6007 "" "" 1943339660535126528 426.687866 2.3105 0.0316 0.261 -1.707 0.027 0.027 1.208 3974.0 4.4848 15.495732 1.705403 16.275953 14.57055 "" "" 420.907043 432.242615 11930.36444 107.17 4217.3 155.7 11774.0 266.74 "" "" 0.010134853327116616 0.04018167 0.024886012 0.06506768 354.37942103628 48.62301986652 426.687866 0.261 -1.707 0.42860000586509706 0.3250222377777099 0.36578104 0.36578104 "" "" 1.0879049097363502 "" 0.397934988216082 "" 1.0
352.51470525064 49.20368730842 0.0185 0.0191 91.8029 "" "" 1942140613042897664 419.351044 2.3465 0.0301 -0.66 -1.884 0.027 0.025 1.037 3825.8 4.1377 15.517593 2.299349 16.729813 14.430464 -42.28 11.39 414.297607 424.264313 11692.55761 12.726 2776.5 17.819 13396.0 41.751 "" "" 0.0029980328402862133 0.0075058965 0.0050729113 0.012578808 352.51470525064 49.20368730842 419.351044 -0.6599999999999993 -1.884 -0.492399994134903 0.14802223777771006 0.36578104 0.36378103 -34.793214285714285 13.881846 1.0220232834287506 34.8082216139162 0.37366775457093476 13.875865701663729 1.0
354.73800383788 47.75443953891 0.0155 0.0177 32.2247 "" "" 1940051781467754752 408.756866 2.4069 0.0273 0.187 -2.541 0.023 0.023 1.027 3748.6 4.1764 15.583382 2.192079 16.71148 14.519401 "" "" 403.296356 413.318726 11005.10141 8.9963 2823.7 14.596 12342.0 25.122 "" "" 0.002894743379831586 0.0062675974 0.0043781097 0.010645707 354.73800383788 47.75443953891 408.756866 0.18699999999999983 -2.541 0.35460000586509705 -0.50897776222229 0.36178103 0.36178103 "" "" 1.2018787784157012 "" 0.4348169434640435 "" 1.0
354.00615276186 47.97710768768 0.0244 0.0283 12.5203 "" "" 1940286458480489728 409.809875 2.3877 0.0417 0.024 -1.981 0.034 0.036 1.39 "" "" 15.598108 2.614327 17.012514 14.398188 "" "" 402.399811 416.431091 10856.83564 17.356 2140.0 18.573 13800.0 70.047 "" "" 0.00325643808837388 0.00982748 0.0066824732 0.016509954 354.00615276186 47.97710768768 409.809875 0.02400000000000002 -1.9809999999999999 0.19160000586509704 0.05102223777770987 0.37278104 0.374781 "" "" 0.3851531410629827 "" 0.143628922745529 "" 1.0
