Clusters/Aveni_Hunter_1/Aveni_Hunter_1_stars_in_region.tsv
# %ECSV 1.0
# ---
# datatype:
# - name: RA_ICRS_1
#   unit: deg
#   datatype: float64
#   format: '{:15.11f}'
#   description: Right ascension (ICRS) at Ep=2016.0 (ra)
#   meta: !!omap
#   - {ucd: POS_EQ_RA_MAIN}
#   - {width: 15}
#   - {precision: '11'}
# - name: DE_ICRS_1
#   unit: deg
#   datatype: float64
#   format: '{:15.11f}'
#   description: Declination (ICRS) at Ep=2016.0 (dec)
#   meta: !!omap
#   - {ucd: POS_EQ_DEC_MAIN}
#   - {width: 15}
#   - {precision: '11'}
# - name: e_RA_ICRS
#   unit: mas
#   datatype: float64
#   format: '{:7.4f}'
#   description: Standard error of right ascension (ra_error)
#   meta: !!omap
#   - {ucd: ERROR}
#   - {width: 7}
#   - {precision: '4'}
# - name: e_DE_ICRS
#   unit: mas
#   datatype: float64
#   format: '{:7.4f}'
#   description: Standard error of declination (dec_error)
#   meta: !!omap
#   - {ucd: ERROR}
#   - {width: 7}
#   - {precision: '4'}
# - name: _r_1
#   unit: ''
#   datatype: float64
#   format: '{:8.4f}'
#   description: Distance from center (354.18931221000+48.14610307000)[ICRS], at Epoch=J2016.0
#   meta: !!omap
#   - {ucd: POS_ANG_DIST_GENERAL}
#   - {width: 8}
#   - {precision: '4'}
# - name: HIP
#   datatype: int32
#   description: '? HIP cross-id number, van Leeuwen, Cat. I/311 (hip_original_ext_source_id)'
#   meta: !!omap
#   - {ucd: ID_NUMBER}
#   - {width: 6}
#   - values: {'null': -2147483648}
# - name: TYC2
#   datatype: string
#   description: Tycho-2 cross-id name, Hog et al., Cat. I/259 (tyc2_original_ext_source_id)
#   meta: !!omap
#   - {ucd: ID_CROSSID}
#   - {_votable_string_dtype: char}
# - name: Source
#   datatype: int64
#   description: Source identifier, identical to the Gaia-EDR3 source_id (id)
#   meta: !!omap
#   - {ucd: ID_MAIN}
#   - {width: 19}
# - name: rgeo
#   unit: pc
#   datatype: float64
#   format: '{:15.8f}'
#   description: '? Median of the geometric distance posterior (r_med_geo)'
#   meta: !!omap
#   - {ucd: PHYS_DISTANCE_TRUE}
#   - {width: 15}
#   - {precision: '8'}
#   - values: {'null': .nan}
# - name: Plx
#   unit: mas
#   datatype: float64
#   format: '{:9.4f}'
#   description: '? Parallax (parallax)'
#   meta: !!omap
#   - {ucd: POS_PARLX_TRIG}
#   - {width: 9}
#   - {precision: '4'}
#   - values: {'null': .nan}
# - name: e_Plx
#   unit: mas
#   datatype: float32
#   format: '{:7.4f}'
#   description: '? Standard error of parallax (parallax_error)'
#   meta: !!omap
#   - {ucd: ERROR}
#   - {width: 7}
#   - {precision: '4'}
#   - values: {'null': .nan}
# - name: pmRA
#   unit: mas / yr
#   datatype: float64
#   format: '{:9.3f}'
#   description: '? Proper motion in right ascension direction, pmRA*cosDE (pmra)'
#   meta: !!omap
#   - {ucd: POS_EQ_PMRA}
#   - {width: 9}
#   - {precision: '3'}
#   - values: {'null': .nan}
# - name: pmDE
#   unit: mas / yr
#   datatype: float64
#   format: '{:9.3f}'
#   description: '? Proper motion in declination direction (pmdec)'
#   meta: !!omap
#   - {ucd: POS_EQ_PMDEC}
#   - {width: 9}
#   - {precision: '3'}
#   - values: {'null': .nan}
# - name: e_pmRA
#   unit: mas / yr
#   datatype: float32
#   format: '{:6.3f}'
#   description: '? Standard error of proper motion in right ascension direction (pmra_error)'
#   meta: !!omap
#   - {ucd: ERROR}
#   - {width: 6}
#   - {precision: '3'}
#   - values: {'null': .nan}
# - name: e_pmDE
[...]
#         unit: &id001 !astropy.units.Unit {unit: deg}
#         value: !astropy.table.SerializedColumn {name: SkyCoord.dec}
#       distance: !astropy.table.SerializedColumn
#         __class__: astropy.coordinates.distances.Distance
#         unit: !astropy.units.Unit {unit: pc}
#         value: !astropy.table.SerializedColumn {name: SkyCoord.distance}
#       frame: icrs
#       obstime: !astropy.time.Time {format: jyear_str, in_subfmt: '*', jd1: 367701545.0, jd2: 0.0, out_subfmt: '*', precision: 3, scale: tt}
#       pm_dec: !astropy.table.SerializedColumn
#         __class__: astropy.units.quantity.Quantity
#         unit: !astropy.units.Unit {unit: mas / yr}
#         value: !astropy.table.SerializedColumn {name: SkyCoord.pm_dec}
#       pm_ra_cosdec: !astropy.table.SerializedColumn
#         __class__: astropy.units.quantity.Quantity
#         unit: !astropy.units.Unit {unit: mas / yr}
#         value: !astropy.table.SerializedColumn {name: SkyCoord.pm_ra_cosdec}
#       ra: !astropy.table.SerializedColumn
#         __class__: astropy.coordinates.angles.Longitude
#         unit: *id001
#         value: !astropy.table.SerializedColumn {name: SkyCoord.ra}
#         wrap_angle: !astropy.coordinates.Angle
#           unit: *id001
#           value: 360.0
#       representation_type: spherical
# schema: astropy-2.0
RA_ICRS_1 DE_ICRS_1 e_RA_ICRS e_DE_ICRS _r_1 HIP TYC2 Source rgeo Plx e_Plx pmRA pmDE e_pmRA e_pmDE RUWE Teff logg Gmag BP-RP BPmag RPmag RV e_RV b_rgeo B_rgeo FG e_FG FBP e_FBP FRP e_FRP RAVE5 RAVE6 e_Gmag e_BPmag e_RPmag e_BP-RP SkyCoord.ra SkyCoord.dec SkyCoord.distance SkyCoord.pm_ra_cosdec SkyCoord.pm_dec
[from data line 1437]
352.55768384413 49.36056089661 0.0264 0.026 97.338 "" "" 1942893847228081536 469.038574 2.1046 0.039 4.692 9.436 0.034 0.031 1.061 4255.8 4.6609 16.20344 1.823919 17.093697 15.269777 "" "" 460.8638 476.587677 6216.85558 2.5361 1985.8 7.3568 6183.7 11.88 "" "" 0.002790692141548747 0.0048953234 0.004316791 0.009212114 352.55768384413 49.36056089661 469.038574 4.692000000000001 9.436
353.783605865 46.37441337747 0.1672 0.2578 107.577 "" "" 1937667902820264192 348.477448 2.8519 0.2947 -6.379 -3.654 0.2 0.315 5.015 "" "" 16.203503 0.988183 16.153114 15.164931 "" "" 319.326874 387.295898 6216.49942 19.488 4722.5 18.715 6810.6 17.712 "" "" 0.00437911691673785 0.005128193 0.0047176867 0.00984588 353.783605865 46.37441337747 348.477448 -6.378999999999999 -3.6539999999999995
353.58053693646 47.80021086479 0.023 0.0254 32.0731 "" "" 1938777310052261888 342.569092 2.8783 0.0395 -18.282 -6.802 0.033 0.034 1.025 3884.5 4.6302 16.205498 2.135428 17.301062 15.165633 "" "" 337.724792 346.625336 6205.0835 2.552 1640.6 7.951 6806.2 8.3107 "" "" 0.0027912693524493296 0.0059558996 0.0040051597 0.009961059 353.58053693646 47.80021086479 342.569092 -18.281999999999996 -6.802
354.9412616155 47.7760258566 0.0222 0.026 37.4938 "" "" 1940046009032040320 414.795563 2.3563 0.0389 -0.072 -2.266 0.033 0.033 1.036 3523.6 4.0996 16.207798 2.890872 17.853458 14.962586 "" "" 408.466431 421.684174 6191.95578 4.332 986.36 8.7458 8205.9 16.277 "" "" 0.0028581080010353665 0.010023127 0.0043499283 0.014373056 354.9412616155 47.7760258566 414.795563 -0.07200000000000004 -2.266
354.15480420391 48.7945277815 0.0254 0.0266 38.9297 "" "" 1943336641175929216 489.056274 2.0243 0.0421 3.617 -6.152 0.035 0.036 1.006 4299.5 4.6405 16.20834 1.796005 17.086966 15.29096 "" "" 479.777771 501.920471 6188.86647 2.4128 1998.2 7.1919 6064.2 11.342 "" "" 0.002787644335799752 0.0048016366 0.004290381 0.009092018 354.15480420391 48.7945277815 489.056274 3.6169999999999995 -6.151999999999999
354.38407927741 48.76813988134 0.0258 0.0276 38.1183 "" "" 1943344440836595584 366.15155 2.6994 0.0419 16.658 1.851 0.036 0.035 1.059 "" "" 16.217852 1.982055 17.217737 15.235682 "" "" 360.410553 371.128784 6134.87786 2.3668 1771.4 6.7023 6381.0 9.1755 "" "" 0.0027869772258374685 0.004965964 0.00408915 0.009055113 354.38407927741 48.76813988134 366.15155 16.658 1.851
354.02948432201 47.3245811315 0.022 0.0268 49.7114 "" "" 1940004536827166080 491.59967 2.0088 0.0445 28.924 12.764 0.034 0.035 1.06 4216.5 4.5386 16.221743 1.883756 17.145071 15.261315 "" "" 479.138428 502.904968 6112.93798 2.1391 1894.0 10.83 6232.1 8.6858 "" "" 0.002781391275415628 0.0068064714 0.004071061 0.010877533 354.02948432201 47.3245811315 491.59967 28.924000000000003 12.764
355.31151956474 47.7529146913 0.0243 0.0284 50.8953 "" "" 1940089542820652672 449.327667 2.1993 0.0421 -25.293 -8.944 0.037 0.037 1.131 4211.6 4.6617 16.222054 1.848279 17.130835 15.282556 "" "" 440.179993 459.66156 6111.1854 2.0944 1919.0 12.556 6111.3 12.271 "" "" 0.002780332183968188 0.0076322556 0.0043630768 0.011995332 355.31151956474 47.7529146913 449.327667 -25.293000000000003 -8.943999999999999
355.88475552282 47.21721855069 0.0296 0.0288 88.2951 "" "" 1939255185294016896 443.9953 2.2165 0.0461 6.833 -21.207 0.039 0.035 1.085 4131.9 4.6657 16.224247 1.81527 17.107857 15.292586 "" "" 434.543121 453.287628 6098.84829 2.828 1960.1 10.898 6055.1 11.762 "" "" 0.002800937482611916 0.0066502383 0.004328021 0.010978259 355.88475552282 47.21721855069 443.9953 6.833 -21.206999999999997
356.89231959575 48.16590037929 0.0246 0.0253 108.1923 "" "" 1939738145777965312 495.539154 1.9912 0.0435 73.118 -9.761 0.039 0.033 1.026 4341.1 4.5349 16.224443 1.692582 17.031555 15.338973 "" "" 486.431976 504.347839 6097.74615 2.3024 2102.8 8.9759 5801.9 9.016 "" "" 0.0027856511212074916 0.0054096007 0.0041388874 0.009548488 356.89231959575 48.16590037929 495.539154 73.11800000000001 -9.761
352.84923736977 47.10200629234 0.0223 0.0264 82.8301 "" "" 1938676223701500416 415.694366 2.3845 0.0428 -3.734 -7.904 0.033 0.035 0.99 4269.6 4.5828 16.225693 2.028953 17.25024 15.221288 "" "" 407.327332 422.293762 6090.73148 2.435 1719.2 7.6103 6466.1 12.026 "" "" 0.0027893011682340748 0.0055573713 0.004285014 0.009842385 352.84923736977 47.10200629234 415.694366 -3.734 -7.904
351.71002853236 48.72970634542 0.0253 0.0281 104.712 "" "" 1942031314715388544 478.277039 2.0578 0.0407 33.959 -4.868 0.033 0.035 1.072 4219.5 4.5553 16.231827 1.808998 17.113348 15.30435 "" "" 469.262482 485.366852 6056.42125 2.2184 1950.2 8.219 5989.9 9.3926 "" "" 0.002783873059780326 0.005359357 0.0041451515 0.009504508 351.71002853236 48.72970634542 478.277039 33.959 -4.867999999999999
354.97642334205 47.89649890567 0.0424 0.0466 34.958 "" "" 1940059340610498688 455.27771 2.1594 0.0706 -7.502 -1.613 0.058 0.059 1.91 4317.4 4.495 16.232634 1.716242 17.034565 15.318323 "" "" 441.951569 470.753082 6051.92398 4.5095 2097.0 9.5939 5913.3 12.869 "" "" 0.00287163763049738 0.005697297 0.004457226 0.010154523 354.97642334205 47.89649890567 455.27771 -7.502000000000001 -1.613
352.52145866202 49.10789913146 0.0811 0.0869 87.7747 "" "" 1942136386795129984 501.140442 1.966 0.1342 -6.6 -0.687 0.118 0.118 3.285 4140.6 4.3908 16.233757 1.966111 17.117666 15.151555 "" "" 472.476013 541.283325 6045.66533 13.629 1942.5 13.046 6895.0 11.081 "" "" 0.003685463095769582 0.007807486 0.004162737 0.011970224 352.52145866202 49.10789913146 501.140442 -6.6000000000000005 -0.687
353.66703449439 47.27724299351 0.0231 0.027 56.2339 "" "" 1938516931954811392 488.7052 2.014 0.0463 -5.75 -3.218 0.034 0.032 1.097 4320.0 4.6551 16.238323 1.811383 17.120695 15.309312 "" "" 476.847412 499.869629 6020.28726 2.4934 1937.0 10.01 5962.6 13.542 "" "" 0.0027917731442395764 0.006266315 0.0045126798 0.010778995 353.66703449439 47.27724299351 488.7052 -5.75 -3.217999999999999
352.87478839115 47.71599896567 0.0225 0.0254 58.8091 "" "" 1938786827699414144 380.218384 2.598 0.039 4.938 1.094 0.03 0.032 0.996 4721.7 4.4929 16.240202 2.124373 17.332247 15.207874 "" "" 375.369507 385.312927 6009.8862 2.3658 1594.1 6.5748 6546.5 10.494 "" "" 0.002788272129060277 0.005276192 0.0041608675 0.00943706 352.87478839115 47.71599896567 380.218384 4.938 1.094
355.30724218562 48.24883377054 0.0242 0.0253 45.1329 "" "" 1940348683967890304 346.039246 2.8597 0.0421 3.515 -7.252 0.031 0.03 1.027 3693.6 4.3322 16.242636 2.037849 17.271168 15.233318 "" "" 341.48822 350.683594 5996.42435 2.1685 1686.4 8.3732 6394.9 10.839 "" "" 0.002783155279224153 0.0060700937 0.0042036045 0.010273699 355.30724218562 48.24883377054 346.039246 3.5149999999999997 -7.251999999999999
356.6809236775 48.24690454241 0.0251 0.0271 99.8301 "" "" 1940118508080818048 453.950043 2.1758 0.0446 1.075 -10.72 0.04 0.035 1.095 "" "" 16.244656 1.776774 17.11151 15.334735 "" "" 443.399811 463.192383 5985.28273 2.3939 1953.5 10.129 5824.6 10.75 "" "" 0.002789331013854591 0.0062831067 0.0042777527 0.010560859 356.6809236775 48.24690454241 453.950043 1.075 -10.719999999999999
354.6862183176 47.22694798888 0.0237 0.0266 58.6876 "" "" 1939967015993409280 480.600464 2.0435 0.0473 -2.718 -20.506 0.037 0.034 1.055 4335.2 4.6892 16.24765 1.694383 17.05494 15.360557 "" "" 470.343506 489.283722 5968.79117 2.2574 2058.0 12.679 5687.7 10.917 "" "" 0.0027857500097842234 0.007247643 0.00431586 0.011563503 354.6862183176 47.22694798888 480.600464 -2.7180000000000004 -20.506
355.71196278944 48.7428712864 0.0979 0.1015 70.388 "" "" 1940379328555500672 425.732056 2.3544 0.1658 10.466 3.049 0.131 0.134 4.581 "" "" 16.248203 1.31652 16.669777 15.353257 "" "" 397.151215 455.468567 5965.75961 6.1846 2934.3 9.7388 5726.1 10.167 "" "" 0.002976354067324293 0.0045574447 0.00424265 0.008800095 355.71196278944 48.7428712864 425.732056 10.466 3.0489999999999995
352.43589310108 47.49968586692 0.0241 0.0261 80.5819 "" "" 1938755319818923776 425.089325 2.3284 0.0419 -15.367 -2.194 0.031 0.032 0.992 4296.3 4.5669 16.249613 1.939082 17.215443 15.27636 "" "" 417.143372 432.20575 5958.01187 2.2429 1775.2 8.3599 6146.3 10.376 "" "" 0.002785470658806093 0.0058247834 0.00420039 0.010025173 352.43589310108 47.49968586692 425.089325 -15.366999999999997 -2.194
354.85422005799 48.72037999759 0.0251 0.0255 43.4496 "" "" 1940344011042406656 372.097778 2.652 0.0392 -13.465 1.915 0.033 0.031 1.011 4107.1 4.6935 16.249924 1.890055 17.183191 15.293137 "" "" 367.26239 378.59491 5956.30869 2.2937 1828.7 7.5509 6052.1 8.6974 "" "" 0.00278686201392798 0.0052804765 0.0040887967 0.009369273 354.85422005799 48.72037999759 372.097778 -13.465 1.9149999999999998
353.87253542481 48.27924185999 0.0267 0.03 14.9741 "" "" 1940303500910598784 405.740845 2.4219 0.0486 -0.088 -2.035 0.037 0.039 1.034 3573.0 4.2029 16.250412 3.051966 18.020973 14.969008 "" "" 396.293396 412.156128 5953.63336 4.241 845.33 8.0365 8157.5 15.46 "" "" 0.002861809635277102 0.010692487 0.004303226 0.014995713 353.87253542481 48.27924185999 405.740845 -0.08800000000000002 -2.035
354.32630669016 48.36303035423 0.0256 0.027 14.1194 "" "" 1940306971244201216 410.215454 2.4035 0.043 0.155 -1.903 0.034 0.035 1.077 3527.2 4.0056 16.250887 2.627672 17.692213 15.064541 "" "" 403.34436 417.309937 5951.02453 10.252 1144.3 12.829 7470.4 38.982 "" "" 0.00333020914765077 0.012488116 0.0068104733 0.019298589 354.32630669016 48.36303035423 410.215454 0.15499999999999997 -1.9030000000000002
353.49312756918 49.72427074915 0.0254 0.0249 98.5846 "" "" 1943678108255983360 426.606293 2.3154 0.0382 -3.753 0.669 0.032 0.032 0.994 3897.9 4.4323 16.256823 2.077565 17.309908 15.232343 "" "" 420.40918 433.499847 5918.58005 2.3405 1627.2 7.1832 6400.6 10.643 "" "" 0.0027885720718091775 0.0055459226 0.0041884496 0.009734372 353.49312756918 49.72427074915 426.606293 -3.753 0.669
352.41791866861 47.41802577379 0.0641 0.0726 83.7154 "" "" 1938751093571149824 495.660065 2.0069 0.1185 10.488 1.102 0.086 0.091 2.91 4698.3 4.4031 16.258478 1.487407 16.880306 15.3929 "" "" 467.874207 523.417419 5909.56201 6.978 2417.1 9.4932 5520.8 10.666 "" "" 0.0030389807460531573 0.005095964 0.004322462 0.009418426 352.41791866861 47.41802577379 495.660065 10.487999999999998 1.1020000000000003
353.15261867751 47.23817781995 0.0247 0.0282 68.705 "" "" 1938701821706936064 393.504791 2.5125 0.049 21.627 19.918 0.038 0.036 1.106 4191.6 4.5571 16.259014 2.006572 17.271563 15.264991 "" "" 385.016357 401.060669 5906.64561 2.2508 1685.7 9.7135 6211.0 10.669 "" "" 0.00278620970175295 0.006850309 0.0042145075 0.011064816 353.15261867751 47.23817781995 393.504791 21.627000000000002 19.918
354.57802864326 48.12268776073 0.024 0.0268 15.6287 "" "" 1940261891268111488 486.656097 2.0212 0.0458 14.614 0.802 0.035 0.036 0.997 4346.9 4.5906 16.26162 1.770748 17.121712 15.350964 "" "" 475.58728 503.416138 5892.49463 2.2318 1935.2 7.3161 5738.2 8.3137 "" "" 0.002785838489540359 0.0049632 0.0040936805 0.009056881 354.57802864326 48.12268776073 486.656097 14.614 0.8019999999999998
355.60830238153 47.48991700569 0.0223 0.0257 69.4136 "" "" 1939318201054024960 382.785736 2.5784 0.0388 53.51 13.919 0.034 0.033 1.053 4042.8 4.6626 16.26275 2.065054 17.31076 15.245707 "" "" 378.391571 387.240662 5886.35076 2.4059 1626.0 9.4785 6322.3 8.0808 "" "" 0.002790827693734478 0.0069168503 0.0040261033 0.010942954 355.60830238153 47.48991700569 382.785736 53.51 13.919
354.36979554017 46.79345689058 0.0263 0.0271 81.4882 "" "" 1939184541671257472 449.992554 2.1883 0.0406 16.916 2.568 0.035 0.035 1.021 "" "" 16.266926 1.987891 17.265278 15.277387 "" "" 443.487091 458.302948 5863.7602 2.3371 1695.5 7.0077 6140.5 11.264 "" "" 0.0027890951730929667 0.0052841725 0.004272049 0.009556221 354.36979554017 46.79345689058 449.992554 16.916 2.5679999999999996
356.05444205899 48.80014978975 0.0356 0.0374 83.9276 "" "" 1940401116929174912 493.433685 2.0019 0.0582 -3.54 -10.752 0.046 0.047 1.521 "" "" 16.26951 1.591869 17.004496 15.412626 "" "" 483.657776 507.837433 5849.82496 3.3982 2155.8 8.8998 5421.4 8.6076 "" "" 0.0028265855236872164 0.0052797366 0.004153953 0.0094336895 356.05444205899 48.80014978975 493.433685 -3.5400000000000005 -10.752
354.29778276615 49.52575822601 0.0611 0.0711 82.8901 "" "" 1943626018894762880 483.085876 2.0449 0.0953 0.231 -11.053 0.075 0.083 2.483 4155.0 4.6734 16.269594 1.799027 17.115818 15.316792 "" "" 465.263153 501.976746 5849.37216 5.7666 1945.8 9.7644 5921.6 10.549 "" "" 0.0029559239536703598 0.0061213127 0.004245559 0.010366872 354.29778276615 49.52575822601 483.085876 0.23099999999999987 -11.053
354.69123525914 48.9593125936 0.2534 0.274 52.7073 "" "" 1943365091039311872 385.16806 2.8084 0.4119 0.092 6.979 0.346 0.325 10.616 "" "" 16.27014 1.183817 16.65627 15.472452 "" "" 338.459106 455.74884 5846.4272 23.616 2971.0 8.6476 5130.7 7.9452 "" "" 0.005179406833009969 0.0042156894 0.004136495 0.008352185 354.69123525914 48.9593125936 385.16806 0.09200000000000003 6.978999999999999
354.07999554264 49.66466267433 0.1699 0.1979 91.2155 "" "" 1943666632105346432 357.386475 2.821 0.2832 -4.444 2.553 0.216 0.232 8.752 "" "" 16.271036 1.236237 16.412973 15.176737 "" "" 329.434753 392.66214 5841.60219 7.7701 3717.3 13.546 6737.0 15.536 "" "" 0.003110855538690871 0.0048413523 0.004533505 0.009374857 354.07999554264 49.66466267433 357.386475 -4.444000000000001 2.553
352.0561513619 47.00214414609 0.0235 0.0276 110.296 "" "" 1938636332046156544 398.531494 2.4922 0.0418 17.58 -11.516 0.035 0.036 1.007 "" "" 16.271074 2.041175 17.304224 15.263049 "" "" 392.296265 404.50766 5841.40239 2.1165 1635.8 7.1092 6222.1 11.066 "" "" 0.002783261865094028 0.0054818247 0.0042441036 0.009725928 352.0561513619 47.00214414609 398.531494 17.58 -11.516000000000002
354.2711346559 48.24667462988 0.0262 0.0276 6.8645 "" "" 1940294429939729792 411.828033 2.3798 0.0477 0.117 -2.049 0.038 0.036 1.101 3590.1 4.0649 16.272295 2.533756 17.645847 15.112091 "" "" 403.22644 419.513062 5834.8395 7.5583 1194.2 11.628 7150.3 25.877 "" "" 0.0030935170146971012 0.01093388 0.005451884 0.016385764 354.2711346559 48.24667462988 411.828033 0.11699999999999999 -2.049
354.05661364282 46.97454284597 0.0241 0.0292 70.4986 "" "" 1939946258413628160 496.847382 1.9936 0.0452 -23.057 -3.345 0.036 0.039 1.07 4444.1 4.599 16.273405 1.692141 17.08774 15.395598 "" "" 486.61734 508.916321 5828.8733 2.3512 1996.7 8.6533 5507.0 11.359 "" "" 0.002789909282964772 0.0054704207 0.004393068 0.009863488 354.05661364282 46.97454284597 496.847382 -23.057 -3.345
355.14599380281 48.68825347681 0.0247 0.0275 50.0945 "" "" 1940422901003556992 340.824707 2.9087 0.0411 3.78 -26.077 0.034 0.037 1.016 3634.3 4.414 16.277243 1.980858 17.271303 15.290445 "" "" 336.157959 346.703705 5808.30486 2.1349 1686.1 6.1723 6067.1 7.9956 "" "" 0.0027840705374735097 0.0048561404 0.0040411707 0.008897311 355.14599380281 48.68825347681 340.824707 3.78 -26.077000000000005
354.40564166525 47.36155182861 0.0516 0.0693 47.8751 "" "" 1940007835358826880 393.936432 2.5065 0.0888 0.076 -2.392 0.085 0.098 1.308 "" "" 16.27867 "" "" "" "" "" 382.309784 408.276489 5800.68361 11.471 "" "" "" "" "" "" 0.003493093618933177 "" "" "" 354.40564166525 47.36155182861 393.936432 0.07600000000000003 -2.3919999999999995
352.84906555693 47.71231241678 0.0235 0.0268 59.8376 "" "" 1938787549253917952 364.028534 2.7069 0.0412 54.613 17.606 0.032 0.034 1.079 3951.7 4.4997 16.279404 2.219284 17.433596 15.214312 "" "" 358.149078 370.731293 5796.75988 2.6779 1452.0 6.0506 6507.8 8.905 "" "" 0.00280060064094148 0.005315523 0.0040609064 0.009376429 352.84906555693 47.71231241678 364.028534 54.613 17.606000000000005
