Clusters/Aveni_Hunter_1/Aveni_Hunter_1_stars_in_region.tsv
# %ECSV 1.0
# ---
# datatype:
# - name: RA_ICRS_1
#   unit: deg
#   datatype: float64
#   format: '{:15.11f}'
#   description: Right ascension (ICRS) at Ep=2016.0 (ra)
#   meta: !!omap
#   - {ucd: POS_EQ_RA_MAIN}
#   - {width: 15}
#   - {precision: '11'}
# - name: DE_ICRS_1
#   unit: deg
#   datatype: float64
#   format: '{:15.11f}'
#   description: Declination (ICRS) at Ep=2016.0 (dec)
#   meta: !!omap
#   - {ucd: POS_EQ_DEC_MAIN}
#   - {width: 15}
#   - {precision: '11'}
# - name: e_RA_ICRS
#   unit: mas
#   datatype: float64
#   format: '{:7.4f}'
#   description: Standard error of right ascension (ra_error)
#   meta: !!omap
#   - {ucd: ERROR}
#   - {width: 7}
#   - {precision: '4'}
# - name: e_DE_ICRS
#   unit: mas
#   datatype: float64
#   format: '{:7.4f}'
#   description: Standard error of declination (dec_error)
#   meta: !!omap
#   - {ucd: ERROR}
#   - {width: 7}
#   - {precision: '4'}
# - name: _r_1
#   unit: ''
#   datatype: float64
#   format: '{:8.4f}'
#   description: Distance from center (354.18931221000+48.14610307000)[ICRS], at Epoch=J2016.0
#   meta: !!omap
#   - {ucd: POS_ANG_DIST_GENERAL}
#   - {width: 8}
#   - {precision: '4'}
# - name: HIP
#   datatype: int32
#   description: '? HIP cross-id number, van Leeuwen, Cat. I/311 (hip_original_ext_source_id)'
#   meta: !!omap
#   - {ucd: ID_NUMBER}
#   - {width: 6}
#   - values: {'null': -2147483648}
# - name: TYC2
#   datatype: string
#   description: Tycho-2 cross-id name, Hog et al., Cat. I/259 (tyc2_original_ext_source_id)
#   meta: !!omap
#   - {ucd: ID_CROSSID}
#   - {_votable_string_dtype: char}
# - name: Source
#   datatype: int64
#   description: Source identifier, identical to the Gaia-EDR3 source_id (id)
#   meta: !!omap
#   - {ucd: ID_MAIN}
#   - {width: 19}
# - name: rgeo
#   unit: pc
#   datatype: float64
#   format: '{:15.8f}'
#   description: '? Median of the geometric distance posterior (r_med_geo)'
#   meta: !!omap
#   - {ucd: PHYS_DISTANCE_TRUE}
#   - {width: 15}
#   - {precision: '8'}
#   - values: {'null': .nan}
# - name: Plx
#   unit: mas
#   datatype: float64
#   format: '{:9.4f}'
#   description: '? Parallax (parallax)'
#   meta: !!omap
#   - {ucd: POS_PARLX_TRIG}
#   - {width: 9}
#   - {precision: '4'}
#   - values: {'null': .nan}
# - name: e_Plx
#   unit: mas
#   datatype: float32
#   format: '{:7.4f}'
#   description: '? Standard error of parallax (parallax_error)'
#   meta: !!omap
#   - {ucd: ERROR}
#   - {width: 7}
#   - {precision: '4'}
#   - values: {'null': .nan}
# - name: pmRA
#   unit: mas / yr
#   datatype: float64
#   format: '{:9.3f}'
#   description: '? Proper motion in right ascension direction, pmRA*cosDE (pmra)'
#   meta: !!omap
#   - {ucd: POS_EQ_PMRA}
#   - {width: 9}
#   - {precision: '3'}
#   - values: {'null': .nan}
# - name: pmDE
#   unit: mas / yr
#   datatype: float64
#   format: '{:9.3f}'
#   description: '? Proper motion in declination direction (pmdec)'
#   meta: !!omap
#   - {ucd: POS_EQ_PMDEC}
#   - {width: 9}
#   - {precision: '3'}
#   - values: {'null': .nan}
# - name: e_pmRA
#   unit: mas / yr
#   datatype: float32
#   format: '{:6.3f}'
#   description: '? Standard error of proper motion in right ascension direction (pmra_error)'
#   meta: !!omap
#   - {ucd: ERROR}
#   - {width: 6}
#   - {precision: '3'}
#   - values: {'null': .nan}
# - name: e_pmDE
[...]
#         unit: &id001 !astropy.units.Unit {unit: deg}
#         value: !astropy.table.SerializedColumn {name: SkyCoord.dec}
#       distance: !astropy.table.SerializedColumn
#         __class__: astropy.coordinates.distances.Distance
#         unit: !astropy.units.Unit {unit: pc}
#         value: !astropy.table.SerializedColumn {name: SkyCoord.distance}
#       frame: icrs
#       obstime: !astropy.time.Time {format: jyear_str, in_subfmt: '*', jd1: 367701545.0, jd2: 0.0, out_subfmt: '*', precision: 3, scale: tt}
#       pm_dec: !astropy.table.SerializedColumn
#         __class__: astropy.units.quantity.Quantity
#         unit: !astropy.units.Unit {unit: mas / yr}
#         value: !astropy.table.SerializedColumn {name: SkyCoord.pm_dec}
#       pm_ra_cosdec: !astropy.table.SerializedColumn
#         __class__: astropy.units.quantity.Quantity
#         unit: !astropy.units.Unit {unit: mas / yr}
#         value: !astropy.table.SerializedColumn {name: SkyCoord.pm_ra_cosdec}
#       ra: !astropy.table.SerializedColumn
#         __class__: astropy.coordinates.angles.Longitude
#         unit: *id001
#         value: !astropy.table.SerializedColumn {name: SkyCoord.ra}
#         wrap_angle: !astropy.coordinates.Angle
#           unit: *id001
#           value: 360.0
#       representation_type: spherical
# schema: astropy-2.0
RA_ICRS_1 DE_ICRS_1 e_RA_ICRS e_DE_ICRS _r_1 HIP TYC2 Source rgeo Plx e_Plx pmRA pmDE e_pmRA e_pmDE RUWE Teff logg Gmag BP-RP BPmag RPmag RV e_RV b_rgeo B_rgeo FG e_FG FBP e_FBP FRP e_FRP RAVE5 RAVE6 e_Gmag e_BPmag e_RPmag e_BP-RP SkyCoord.ra SkyCoord.dec SkyCoord.distance SkyCoord.pm_ra_cosdec SkyCoord.pm_dec
[from data line 1642]
352.25269435414 48.87788901519 0.0307 0.0318 88.6142 "" "" 1942120512595703168 435.871765 2.2661 0.0477 -0.997 -5.455 0.041 0.039 1.003 3982.1 4.679 16.646973 1.98595 17.64871 15.662761 "" "" 427.612244 444.061737 4131.97701 1.922 1191.1 6.7416 4305.8 7.5091 "" "" 0.0028012225471529847 0.0067490046 0.004227169 0.010976173 352.25269435414 48.87788901519 435.871765 -0.9970000000000002 -5.454999999999999
354.96705311606 47.81641661639 0.0292 0.0333 36.9724 "" "" 1940046421348891520 486.549286 2.0301 0.0505 -29.777 5.441 0.043 0.042 1.079 "" "" 16.64933 1.806117 17.531183 15.725066 "" "" 476.383972 497.615723 4123.01324 1.6591 1327.2 8.0599 4065.7 9.8933 "" "" 0.0027897439123579894 0.007159582 0.0046112696 0.011770852 354.96705311606 47.81641661639 486.549286 -29.777 5.441
352.78374262459 47.53413585238 0.0309 0.0357 67.4695 "" "" 1938758476620542976 472.460083 2.0916 0.0543 35.666 -15.521 0.041 0.042 1.082 3939.4 4.6044 16.649662 1.917475 17.58001 15.662535 "" "" 458.600616 485.203888 4121.75427 1.7559 1268.9 8.0219 4306.7 12.616 "" "" 0.0027938728438941956 0.007409377 0.0049395934 0.01234897 352.78374262459 47.53413585238 472.460083 35.66599999999999 -15.521
353.7109337733 49.24596451884 0.0398 0.0422 68.6569 "" "" 1943592861746070400 498.176666 1.9777 0.0709 -3.748 -14.923 0.059 0.059 1.308 4235.9 4.6202 16.650198 1.77282 17.488312 15.715491 "" "" 482.603912 516.154114 4119.72133 2.9963 1380.7 8.2515 4101.7 9.3482 "" "" 0.0028662443988345526 0.0070631662 0.0045174 0.011580566 353.7109337733 49.24596451884 498.176666 -3.748 -14.923000000000002
356.79953654701 48.26646070462 0.0311 0.0318 104.6196 "" "" 1940492960510269568 350.097534 2.8144 0.0536 -8.835 -19.46 0.046 0.041 1.02 3646.5 4.5843 16.650412 2.233434 17.80379 15.570355 "" "" 342.410583 359.746307 4118.90733 2.142 1032.5 8.7254 4688.3 7.858 "" "" 0.002812577681583215 0.009590147 0.004194682 0.0137848295 356.79953654701 48.26646070462 350.097534 -8.835000000000003 -19.46
354.48326711667 49.09408008946 0.032 0.0323 58.0612 "" "" 1943412125221826944 388.690094 2.5344 0.0527 2.035 -0.556 0.041 0.039 0.998 3578.2 4.4818 16.650646 2.29393 17.853539 15.559608 "" "" 380.765228 396.091187 4118.02072 2.4047 986.28 8.0075 4734.9 6.5689 "" "" 0.002827323678538789 0.009246015 0.00406849 0.013314505 354.48326711667 49.09408008946 388.690094 2.0349999999999997 -0.556
356.4253124775 48.09791936693 0.052 0.0698 89.6015 "" "" 1940114964729351552 341.583008 2.853 0.0868 13.631 2.159 0.084 0.096 1.064 "" "" 16.65481 "" "" "" "" "" 331.0755 352.112793 4102.25815 4.8684 "" "" "" "" "" "" 0.0030417175750504497 "" "" "" 356.4253124775 48.09791936693 341.583008 13.631000000000002 2.159
355.88503135986 48.73143268524 0.032 0.0331 76.0859 "" "" 1940377099472062976 435.017029 2.2638 0.0521 8.883 -6.207 0.043 0.043 1.068 4150.3 4.6401 16.657568 2.001616 17.663023 15.661407 "" "" 426.291138 444.931519 4091.84617 1.7151 1175.5 7.7751 4311.2 10.634 "" "" 0.002792649926772086 0.007704363 0.004632042 0.012336405 355.88503135986 48.73143268524 435.017029 8.883000000000001 -6.207000000000001
354.17561826789 49.34415902528 0.048 0.0504 71.8854 "" "" 1943597500310121984 357.687592 2.763 0.0766 -47.507 -37.04 0.063 0.058 1.563 3543.1 4.4395 16.665758 2.306196 17.8475 15.541304 "" "" 345.699951 369.603912 4061.09664 2.491 991.78 13.349 4815.4 16.114 "" "" 0.0028346614395085633 0.014877594 0.0052425405 0.020120135 354.17561826789 49.34415902528 357.687592 -47.507 -37.040000000000006
353.07000344623 49.65555760089 0.0338 0.037 100.7514 "" "" 1942926970016463488 421.606293 2.3466 0.0554 -7.835 -8.542 0.044 0.047 1.149 4007.9 4.703 16.668459 2.019381 17.689283 15.669903 "" "" 411.783386 430.476257 4051.01124 2.1139 1147.4 7.1024 4277.6 7.5713 "" "" 0.0028129661781582122 0.007276872 0.004239907 0.01151678 353.07000344623 49.65555760089 421.606293 -7.835 -8.542
355.57584081855 47.85318222651 0.029 0.0328 58.3741 "" "" 1940091226447830144 399.953857 2.4614 0.0495 4.838 -3.39 0.043 0.041 1.043 3834.2 4.6388 16.670963 2.144366 17.772402 15.628036 "" "" 392.306244 409.285828 4041.67887 2.3954 1062.8 8.4126 4445.7 11.852 "" "" 0.0028294639737665014 0.0090357335 0.004760456 0.01379619 355.57584081855 47.85318222651 399.953857 4.838 -3.39
353.0190366399 47.04097563603 0.0479 0.0577 81.4779 "" "" 1938694601864160384 364.775024 2.7062 0.1033 -4.839 -12.095 0.067 0.065 1.351 "" "" 16.671392 2.309676 17.433113 15.123437 "" "" 352.235962 377.406311 4040.08061 2.9613 1452.7 7.4803 7075.9 11.9 "" "" 0.002867947729562324 0.006248292 0.00419736 0.0104456525 353.0190366399 47.04097563603 364.775024 -4.8389999999999995 -12.095000000000002
351.59179075862 48.39637339592 0.0316 0.0334 104.8113 "" "" 1942010458354328448 448.992157 2.1976 0.0511 2.152 -0.529 0.043 0.041 1.033 "" "" 16.67256 1.994604 17.688538 15.693933 "" "" 438.443451 459.77005 4035.73358 3.2238 1148.2 10.248 4183.9 17.773 "" "" 0.0028885983836521903 0.010084181 0.0059628594 0.01604704 351.59179075862 48.39637339592 448.992157 2.1520000000000006 -0.529
354.31939458247 48.61734288335 0.0304 0.0332 28.7456 "" "" 1943339802271978624 349.203491 2.8332 0.048 29.304 21.024 0.042 0.044 0.941 3661.0 4.6181 16.674994 2.293047 17.875124 15.582077 "" "" 343.237915 354.36792 4026.69993 1.7705 966.87 6.8057 4638.0 7.9283 "" "" 0.002796370528717855 0.008135793 0.00421051 0.012346303 354.31939458247 48.61734288335 349.203491 29.303999999999995 21.024
354.98339766539 49.47614690518 0.0322 0.0349 85.7479 "" "" 1943426315794532992 463.802887 2.1135 0.0497 37.22 -28.24 0.04 0.041 1.028 4052.2 4.6824 16.676153 1.966177 17.658747 15.69257 "" "" 453.623413 475.633545 4022.40333 1.9341 1180.1 8.1442 4189.2 8.8389 "" "" 0.002804341732606921 0.007995601 0.0044194562 0.012415057 354.98339766539 49.47614690518 463.802887 37.22 -28.240000000000002
352.20865949598 48.22434099357 0.0331 0.0336 79.3697 "" "" 1941850926087627008 433.374969 2.2755 0.0568 7.22 1.805 0.048 0.042 1.054 3726.2 4.5475 16.680077 2.263001 17.862276 15.599275 "" "" 424.078918 442.263336 4007.89245 2.3527 978.38 6.6752 4565.1 10.791 "" "" 0.002828073272475158 0.00791571 0.004568422 0.012484132 352.20865949598 48.22434099357 433.374969 7.2200000000000015 1.8050000000000002
353.13984669906 47.87924289619 0.0301 0.0325 45.0634 "" "" 1938790396815990784 376.665802 2.6336 0.0501 -15.061 -5.265 0.042 0.042 1.017 3821.8 4.6478 16.680212 2.192113 17.816154 15.624042 "" "" 368.677887 384.953949 4007.39286 1.7715 1020.8 7.152 4462.1 7.6758 "" "" 0.0027968105761412387 0.008102524 0.0042156912 0.012318215 353.13984669906 47.87924289619 376.665802 -15.061000000000002 -5.265000000000001
353.46420523376 47.81989229566 0.0306 0.0347 35.0872 "" "" 1938780230630012160 408.365417 2.4098 0.0538 -0.551 -2.237 0.042 0.044 1.021 "" "" 16.680447 2.767818 18.233826 15.466008 "" "" 400.178711 418.20462 4006.52427 16.293 694.84 14.3 5161.2 72.185 "" "" 0.0052044618448364765 0.02251828 0.015648453 0.03816673 353.46420523376 47.81989229566 408.365417 -0.551 -2.237
353.86803348407 47.55945943374 0.0291 0.0326 37.5001 "" "" 1940210660897475840 397.613708 2.4737 0.0507 -12.136 -10.388 0.041 0.042 1.072 3598.5 4.4203 16.68046 2.154742 17.793777 15.639035 "" "" 389.112762 406.831787 4006.47648 2.0508 1042.1 6.445 4400.9 10.016 "" "" 0.002810810448976592 0.0072714905 0.0045154947 0.011786985 353.86803348407 47.55945943374 397.613708 -12.136 -10.387999999999998
354.29233788919 48.55024658945 0.0307 0.0365 24.5942 "" "" 1943315200700761088 468.542389 2.0787 0.0523 3.758 -1.267 0.042 0.048 0.954 3709.7 4.2442 16.6878 2.282111 17.8853 15.603188 "" "" 458.596527 480.774902 3979.48684 3.0338 957.85 7.8468 4548.7 12.105 "" "" 0.0028769622928686016 0.009321824 0.0047573242 0.014079148 354.29233788919 48.55024658945 468.542389 3.7580000000000005 -1.267
352.58955869268 47.52174936541 0.0289 0.0336 74.5294 "" "" 1938760611218656640 383.011719 2.5799 0.0527 -5.064 -1.649 0.038 0.041 0.972 4021.4 4.6317 16.687952 2.119279 17.779507 15.660228 "" "" 375.921051 389.891052 3978.92326 1.7025 1055.9 5.8929 4315.9 8.0603 "" "" 0.0027942099808363745 0.006670947 0.004288974 0.010959921 352.58955869268 47.52174936541 383.011719 -5.064000000000001 -1.6490000000000002
352.48052472858 48.90200334211 0.0323 0.0343 81.6546 "" "" 1942119103846828288 399.455017 2.4818 0.05 4.32 -2.964 0.045 0.045 1.079 3859.5 4.7065 16.69283 2.122911 17.788511 15.6656 "" "" 391.424927 407.293182 3961.09008 2.4674 1047.2 8.4781 4294.6 10.346 "" "" 0.002837109742753224 0.009222293 0.0045962133 0.013818506 352.48052472858 48.90200334211 399.455017 4.32 -2.9640000000000004
354.98822865703 49.1375197797 0.0301 0.0309 67.3911 "" "" 1943368664452440832 484.243591 2.0493 0.0522 9.368 -2.391 0.041 0.039 1.023 4175.4 4.6817 16.69727 1.969761 17.68038 15.710619 "" "" 473.223663 495.145844 3944.92989 1.726 1156.8 6.3824 4120.1 11.702 "" "" 0.0027959699277398916 0.0066082515 0.00487782 0.011486072 354.98822865703 49.1375197797 484.243591 9.368 -2.391
356.93754485599 48.23781108629 0.0301 0.0321 110.0562 "" "" 1940489245359518976 429.247894 2.2943 0.0524 4.702 -1.095 0.045 0.041 1.059 4033.8 4.5361 16.697418 2.082526 17.759285 15.676759 "" "" 418.815216 443.046997 3944.3833 3.025 1075.7 8.005 4250.6 14.541 "" "" 0.002878388665869076 0.008547887 0.0052989814 0.013846869 356.93754485599 48.23781108629 429.247894 4.702 -1.0949999999999998
354.2666999879 47.15218793362 0.0296 0.0352 59.7169 "" "" 1939957017309137280 373.489655 2.6541 0.0591 20.899 -10.177 0.047 0.048 1.084 3728.3 4.6255 16.701477 2.189206 17.828373 15.639167 "" "" 365.672638 381.59906 3929.67087 2.0236 1009.4 11.037 4400.4 12.455 "" "" 0.0028114741720230018 0.012195152 0.004871102 0.017066255 354.2666999879 47.15218793362 373.489655 20.899000000000004 -10.177
354.40490476986 48.50429978083 0.0313 0.0338 23.1489 "" "" 1940335008790973568 401.65509 2.443 0.0515 -19.56 7.15 0.042 0.045 1.065 3852.8 4.7202 16.70437 2.122639 17.79054 15.667902 "" "" 395.002167 410.872345 3919.20727 1.7482 1045.2 8.9065 4285.5 9.766 "" "" 0.0027975594455242705 0.009663494 0.0045172474 0.014180742 354.40490476986 48.50429978083 401.65509 -19.56 7.150000000000001
354.31938907365 49.78738265013 0.032 0.0322 98.6099 "" "" 1943690958798697856 343.914825 2.8639 0.0482 22.773 -0.385 0.043 0.042 1.035 3557.9 4.5773 16.707226 2.462652 18.034422 15.57177 "" "" 338.126495 350.803833 3908.91492 2.0911 834.93 6.6148 4682.2 8.5117 "" "" 0.0028158734582014308 0.00904304 0.0042637293 0.013306769 354.31938907365 49.78738265013 343.914825 22.773000000000007 -0.38499999999999984
351.45330810497 47.87152120096 0.0928 0.0977 111.0485 "" "" 1941933282083144960 490.809448 2.05 0.1526 9.223 -1.796 0.126 0.124 3.5 "" "" 16.714588 2.252893 17.793587 15.540693 "" "" 457.898773 533.665894 3882.50237 5.3304 1042.3 8.1489 4818.2 18.122 "" "" 0.003132697371794936 0.008935297 0.0055641443 0.014499441 351.45330810497 47.87152120096 490.809448 9.223 -1.7959999999999998
355.76961690557 49.19953179628 0.0331 0.0335 88.9652 "" "" 1940451625744317824 420.856049 2.355 0.055 -10.114 -29.034 0.045 0.04 1.011 "" "" 16.715282 2.149706 17.820091 15.670385 "" "" 411.832397 430.477722 3880.01758 1.76 1017.1 7.6339 4275.7 10.001 "" "" 0.0027989895205205334 0.008613484 0.004553367 0.01316685 355.76961690557 49.19953179628 420.856049 -10.113999999999999 -29.034
352.81280098299 47.84149213145 0.0307 0.0335 58.2131 "" "" 1941768290917384960 336.458771 2.9175 0.0508 31.419 1.21 0.041 0.041 1.062 3592.2 4.5947 16.718822 2.414524 18.00831 15.593786 "" "" 331.307587 341.409821 3867.38978 1.8542 855.25 6.996 4588.2 8.0308 "" "" 0.002804061748399805 0.009309359 0.004230269 0.013539628 352.81280098299 47.84149213145 336.458771 31.419000000000004 1.2100000000000006
353.66198239257 49.01873300378 0.0327 0.0343 56.3862 "" "" 1943399244618746496 467.584534 2.1199 0.0544 9.322 4.372 0.046 0.045 0.959 3684.7 4.377 16.71885 1.994337 17.72102 15.726683 "" "" 456.892914 478.795197 3867.2916 1.8529 1114.3 7.9121 4059.6 7.4118 "" "" 0.0028039964697588915 0.008198663 0.0042676874 0.012466351 353.66198239257 49.01873300378 467.584534 9.322000000000001 4.372
354.4690716886 48.91929129136 0.0299 0.0315 47.7042 "" "" 1943361139669378944 454.475555 2.1732 0.0499 -15.99 -15.875 0.042 0.039 0.986 4125.5 4.6642 16.719364 2.022638 17.741388 15.71875 "" "" 443.492523 464.243774 3865.45634 1.6734 1093.6 10.227 4089.4 7.9521 "" "" 0.002795123484082155 0.010529853 0.004329116 0.0148589695 354.4690716886 48.91929129136 454.475555 -15.99 -15.874999999999996
356.43173262028 48.1778465562 0.0323 0.0339 89.7623 "" "" 1940127991368599552 423.590881 2.3301 0.0551 -16.776 -4.043 0.047 0.043 1.034 3789.1 4.5894 16.72128 2.259885 17.89953 15.639646 "" "" 413.593994 436.773193 3858.64743 2.0345 945.38 11.417 4398.5 13.344 "" "" 0.002814161054358319 0.013405608 0.0050133094 0.018418917 356.43173262028 48.1778465562 423.590881 -16.776000000000003 -4.043000000000001
354.12292799604 46.78549187834 0.0331 0.0343 81.6811 "" "" 1939928704884482560 479.977936 2.0653 0.054 12.584 -13.749 0.044 0.043 1.04 4238.0 4.683 16.722677 1.915245 17.68154 15.766295 "" "" 467.889893 492.461975 3853.6827 1.9304 1155.6 7.1262 3914.2 9.4399 "" "" 0.0028084844188576313 0.0072534867 0.0045978413 0.0118513275 354.12292799604 46.78549187834 479.977936 12.584000000000001 -13.749000000000002
353.52917720462 48.54342126483 0.0361 0.0427 35.5149 "" "" 1943373612254051328 402.340515 2.4248 0.0595 -0.333 -1.911 0.047 0.05 1.102 "" "" 16.723894 3.41916 18.783745 15.364585 "" "" 393.360443 411.866791 3849.36369 4.3031 418.72 7.0247 5666.6 19.242 "" "" 0.0030107962577737494 0.018427428 0.005279808 0.023707235 353.52917720462 48.54342126483 402.340515 -0.3330000000000001 -1.911
351.83765890667 47.28458394684 0.0685 0.0664 108.0874 "" "" 1941660092101969536 345.582947 2.8572 0.1137 -0.498 -9.395 0.094 0.083 2.18 3603.2 4.4822 16.724226 2.326745 17.911427 15.584682 "" "" 333.93634 360.038696 3848.18897 4.1847 935.07 8.9689 4626.9 10.069 "" "" 0.002997631526554821 0.010781342 0.0044571725 0.015238514 351.83765890667 47.28458394684 345.582947 -0.498 -9.395
352.89781960076 47.93594045247 0.0305 0.0339 53.3211 "" "" 1941795228952243456 404.752075 2.4452 0.0507 8.624 -19.042 0.044 0.044 0.996 4158.5 4.6707 16.725012 1.992641 17.717796 15.725156 "" "" 397.305481 412.959381 3845.40126 1.7237 1117.6 8.5808 4065.3 9.5246 "" "" 0.002797972074205668 0.008790704 0.004555712 0.013346417 352.89781960076 47.93594045247 404.752075 8.624 -19.041999999999998
355.14324380213 49.73584680639 0.0343 0.0343 102.5237 "" "" 1943538092322910464 474.174713 2.0747 0.0512 5.53 -3.097 0.048 0.047 1.055 3917.9 4.4693 16.725183 2.070079 17.774956 15.704877 "" "" 462.582367 486.774628 3844.79798 1.9677 1060.3 9.8068 4142.0 8.3437 "" "" 0.0028107913837026833 0.010422477 0.0043666037 0.01478908 355.14324380213 49.73584680639 474.174713 5.530000000000001 -3.0969999999999995
355.30992632588 46.74627156881 0.0382 0.0355 95.5061 "" "" 1939133792338119808 346.424408 2.8403 0.0549 27.244 21.48 0.046 0.047 1.057 "" "" 16.727455 2.376194 17.988657 15.612463 "" "" 342.083435 352.677002 3836.75775 2.1479 870.87 8.0245 4510.0 10.203 "" "" 0.0028215656734896333 0.010386149 0.0045074355 0.014893585 355.30992632588 46.74627156881 346.424408 27.244000000000007 21.48
353.40230888623 47.02265657123 0.0282 0.0337 74.5517 "" "" 1938509785129276032 482.533325 2.0457 0.0552 3.884 -3.369 0.046 0.044 1.049 4184.5 4.6098 16.728184 1.950828 17.700096 15.749269 "" "" 470.485291 493.273285 3834.18563 1.9367 1136.0 8.6094 3976.0 9.9943 "" "" 0.002809369012333903 0.008688654 0.004661768 0.013350422 353.40230888623 47.02265657123 482.533325 3.8839999999999995 -3.3689999999999998
