Clusters/Aveni_Hunter_1/Aveni_Hunter_1_members.tsv
# %ECSV 1.0
# ---
# datatype:
# - name: RA_ICRS_1
#   unit: deg
#   datatype: float64
#   format: '{:15.11f}'
#   description: Right ascension (ICRS) at Ep=2016.0 (ra)
#   meta: !!omap
#   - {ucd: POS_EQ_RA_MAIN}
#   - {width: 15}
#   - {precision: '11'}
# - name: DE_ICRS_1
#   unit: deg
#   datatype: float64
#   format: '{:15.11f}'
#   description: Declination (ICRS) at Ep=2016.0 (dec)
#   meta: !!omap
#   - {ucd: POS_EQ_DEC_MAIN}
#   - {width: 15}
#   - {precision: '11'}
# - name: e_RA_ICRS
#   unit: mas
#   datatype: float64
#   format: '{:7.4f}'
#   description: Standard error of right ascension (ra_error)
#   meta: !!omap
#   - {ucd: ERROR}
#   - {width: 7}
#   - {precision: '4'}
# - name: e_DE_ICRS
#   unit: mas
#   datatype: float64
#   format: '{:7.4f}'
#   description: Standard error of declination (dec_error)
#   meta: !!omap
#   - {ucd: ERROR}
#   - {width: 7}
#   - {precision: '4'}
# - name: _r_1
#   unit: ''
#   datatype: float64
#   format: '{:8.4f}'
#   description: Distance from center (354.18931221000+48.14610307000)[ICRS], at Epoch=J2016.0
#   meta: !!omap
#   - {ucd: POS_ANG_DIST_GENERAL}
#   - {width: 8}
#   - {precision: '4'}
# - name: HIP
#   datatype: int32
#   description: '? HIP cross-id number, van Leeuwen, Cat. I/311 (hip_original_ext_source_id)'
#   meta: !!omap
#   - {ucd: ID_NUMBER}
#   - {width: 6}
#   - values: {'null': -2147483648}
# - name: TYC2
#   datatype: string
#   description: Tycho-2 cross-id name, Hog et al., Cat. I/259 (tyc2_original_ext_source_id)
#   meta: !!omap
#   - {ucd: ID_CROSSID}
#   - {_votable_string_dtype: char}
# - name: Source
#   datatype: int64
#   description: Source identifier, identical to the Gaia-EDR3 source_id (id)
#   meta: !!omap
#   - {ucd: ID_MAIN}
#   - {width: 19}
# - name: rgeo
#   unit: pc
#   datatype: float64
#   format: '{:15.8f}'
#   description: '? Median of the geometric distance posterior (r_med_geo)'
#   meta: !!omap
#   - {ucd: PHYS_DISTANCE_TRUE}
#   - {width: 15}
#   - {precision: '8'}
#   - values: {'null': .nan}
# - name: Plx
#   unit: mas
#   datatype: float64
#   format: '{:9.4f}'
#   description: '? Parallax (parallax)'
#   meta: !!omap
#   - {ucd: POS_PARLX_TRIG}
#   - {width: 9}
#   - {precision: '4'}
#   - values: {'null': .nan}
# - name: e_Plx
#   unit: mas
#   datatype: float32
#   format: '{:7.4f}'
#   description: '? Standard error of parallax (parallax_error)'
#   meta: !!omap
#   - {ucd: ERROR}
#   - {width: 7}
#   - {precision: '4'}
#   - values: {'null': .nan}
# - name: pmRA
#   unit: mas / yr
#   datatype: float64
#   format: '{:9.3f}'
#   description: '? Proper motion in right ascension direction, pmRA*cosDE (pmra)'
#   meta: !!omap
#   - {ucd: POS_EQ_PMRA}
#   - {width: 9}
#   - {precision: '3'}
#   - values: {'null': .nan}
# - name: pmDE
#   unit: mas / yr
#   datatype: float64
#   format: '{:9.3f}'
#   description: '? Proper motion in declination direction (pmdec)'
#   meta: !!omap
#   - {ucd: POS_EQ_PMDEC}
#   - {width: 9}
#   - {precision: '3'}
#   - values: {'null': .nan}
# - name: e_pmRA
#   unit: mas / yr
#   datatype: float32
#   format: '{:6.3f}'
#   description: '? Standard error of proper motion in right ascension direction (pmra_error)'
#   meta: !!omap
#   - {ucd: ERROR}
#   - {width: 6}
#   - {precision: '3'}
#   - values: {'null': .nan}
# - name: e_pmDE
[...]
#       distance: !astropy.table.SerializedColumn
#         __class__: astropy.coordinates.distances.Distance
#         unit: !astropy.units.Unit {unit: pc}
#         value: !astropy.table.SerializedColumn {name: SkyCoord.distance}
#       frame: icrs
#       obstime: !astropy.time.Time {format: jyear_str, in_subfmt: '*', jd1: 367701545.0, jd2: 0.0, out_subfmt: '*', precision: 3, scale: tt}
#       pm_dec: !astropy.table.SerializedColumn
#         __class__: astropy.units.quantity.Quantity
#         unit: !astropy.units.Unit {unit: mas / yr}
#         value: !astropy.table.SerializedColumn {name: SkyCoord.pm_dec}
#       pm_ra_cosdec: !astropy.table.SerializedColumn
#         __class__: astropy.units.quantity.Quantity
#         unit: !astropy.units.Unit {unit: mas / yr}
#         value: !astropy.table.SerializedColumn {name: SkyCoord.pm_ra_cosdec}
#       ra: !astropy.table.SerializedColumn
#         __class__: astropy.coordinates.angles.Longitude
#         unit: *id001
#         value: !astropy.table.SerializedColumn {name: SkyCoord.ra}
#         wrap_angle: !astropy.coordinates.Angle
#           unit: *id001
#           value: 360.0
#       representation_type: spherical
# schema: astropy-2.0
RA_ICRS_1 DE_ICRS_1 e_RA_ICRS e_DE_ICRS _r_1 HIP TYC2 Source rgeo Plx e_Plx pmRA pmDE e_pmRA e_pmDE RUWE Teff logg Gmag BP-RP BPmag RPmag RV e_RV b_rgeo B_rgeo FG e_FG FBP e_FBP FRP e_FRP RAVE5 RAVE6 e_Gmag e_BPmag e_RPmag e_BP-RP SkyCoord.ra SkyCoord.dec SkyCoord.distance SkyCoord.pm_ra_cosdec SkyCoord.pm_dec rmRA rmDE e_rmRA e_rmDE rRV e_rRV v_pec v_pec3d e_vpec e_vpec3d Pmemb
[from data line 29]
353.73178478839 47.56831750711 0.0171 0.0201 39.2565 "" "" 1940212962999923072 410.74762 2.3991 0.0318 -0.416 -2.469 0.025 0.026 1.0 "" "" 15.660206 2.177572 16.771013 14.593441 "" "" 405.23526 416.067535 10253.31767 21.037 2673.1 28.205 11529.0 57.134 "" "" 0.0035431820943023617 0.0117909415 0.0065752664 0.018366208 353.73178478839 47.56831750711 410.74762 -0.4159999999999996 -2.4689999999999985 -0.24839999413490294 -0.4369777622222899 0.36378103 0.36478102 "" "" 0.9786217690528407 "" 0.35674390151036195 "" 1.0
354.58846861312 48.43239270477 0.0299 0.0314 23.4305 "" "" 1940320371542485888 432.531433 2.264 0.0505 0.668 -1.99 0.041 0.042 1.033 "" "" 15.668293 2.156944 16.411201 14.254257 "" "" 423.275757 442.070343 10177.23007 54.251 3723.4 214.9 15756.0 498.15 "" "" 0.006410047668121639 0.062726505 0.03453463 0.09726113 354.58846861312 48.43239270477 432.531433 0.6680000000000001 -1.9900000000000002 0.8356000058650971 0.04202223777770997 0.37978104 0.38078102 "" "" 1.7153112587151684 "" 0.6514470224201675 "" 1.0
353.9804276616 48.5438765407 0.0197 0.021 25.2783 "" "" 1943317949477956736 414.043915 2.3665 0.0334 0.061 -1.671 0.025 0.027 0.99 3615.7 4.0056 15.852597 2.334182 17.082005 14.747823 "" "" 408.618439 419.635864 8588.31349 7.2101 2007.3 11.818 10001.0 20.61 "" "" 0.002902176021700341 0.006974692 0.0043920428 0.011366734 353.9804276616 48.5438765407 414.043915 0.06099999999999978 -1.671000000000001 0.22860000586509704 0.3610222377777099 0.36378103 0.36578104 "" "" 0.8386277153026601 "" 0.3062750304951941 "" 1.0
354.42325753314 48.42368891028 0.0227 0.0233 19.0955 "" "" 1940330679463973376 414.7323 2.3717 0.0382 0.066 -2.003 0.031 0.031 1.032 "" "" 15.988465 2.700819 17.470297 14.769478 "" "" 406.867798 421.439423 7578.10541 10.324 1403.8 11.592 9803.2 33.203 "" "" 0.0031272461886454523 0.009389692 0.005273192 0.014662884 354.42325753314 48.42368891028 414.7323 0.066 -2.003 0.23360000586509705 0.029022237777709847 0.36978102 0.36978102 "" "" 0.46274867874842224 "" 0.1711156771834267 "" 1.0
354.07388605281 48.4081256183 0.0249 0.0262 16.3831 "" "" 1943312623718569984 411.2258 2.3941 0.0429 -0.01 -1.78 0.034 0.033 1.043 3501.6 4.0089 16.196737 2.580912 17.605742 15.02483 "" "" 404.24057 418.010315 6255.35678 6.9761 1239.1 7.8348 7748.7 22.835 "" "" 0.0030096362621786386 0.0074104266 0.0049518887 0.012362315 354.07388605281 48.4081256183 411.2258 -0.010000000000000009 -1.78 0.15760000586509704 0.25202223777770993 0.37278104 0.37178102 "" "" 0.5793877020933736 "" 0.21556838906593595 "" 1.0
354.9412616155 47.7760258566 0.0222 0.026 37.4938 "" "" 1940046009032040320 414.795563 2.3563 0.0389 -0.072 -2.266 0.033 0.033 1.036 3523.6 4.0996 16.207798 2.890872 17.853458 14.962586 "" "" 408.466431 421.684174 6191.95578 4.332 986.36 8.7458 8205.9 16.277 "" "" 0.0028581080010353665 0.010023127 0.0043499283 0.014373056 354.9412616155 47.7760258566 414.795563 -0.07200000000000012 -2.266 0.09560000586509705 -0.23397776222229005 0.37178102 0.37178102 "" "" 0.49694890522420393 "" 0.1847561715462901 "" 1.0
353.87253542481 48.27924185999 0.0267 0.03 14.9741 "" "" 1940303500910598784 405.740845 2.4219 0.0486 -0.088 -2.035 0.037 0.039 1.034 3573.0 4.2029 16.250412 3.051966 18.020973 14.969008 "" "" 396.293396 412.156128 5953.63336 4.241 845.33 8.0365 8157.5 15.46 "" "" 0.002861809635277102 0.010692487 0.004303226 0.014995713 353.87253542481 48.27924185999 405.740845 -0.08800000000000005 -2.035 0.07960000586509705 -0.002977762222290181 0.37578103 0.37778103 "" "" 0.15319473599430822 "" 0.05756810491295535 "" 1.0
354.32630669016 48.36303035423 0.0256 0.027 14.1194 "" "" 1940306971244201216 410.215454 2.4035 0.043 0.155 -1.903 0.034 0.035 1.077 3527.2 4.0056 16.250887 2.627672 17.692213 15.064541 "" "" 403.34436 417.309937 5951.02453 10.252 1144.3 12.829 7470.4 38.982 "" "" 0.00333020914765077 0.012488116 0.0068104733 0.019298589 354.32630669016 48.36303035423 410.215454 0.15499999999999983 -1.9030000000000018 0.3226000058650971 0.12902223777770994 0.37278104 0.37378103 "" "" 0.6755779689291858 "" 0.25193592423165845 "" 1.0
354.2711346559 48.24667462988 0.0262 0.0276 6.8645 "" "" 1940294429939729792 411.828033 2.3798 0.0477 0.117 -2.049 0.038 0.036 1.101 3590.1 4.0649 16.272295 2.533756 17.645847 15.112091 "" "" 403.22644 419.513062 5834.8395 7.5583 1194.2 11.628 7150.3 25.877 "" "" 0.0030935170146971012 0.01093388 0.005451884 0.016385764 354.2711346559 48.24667462988 411.828033 0.11699999999999999 -2.049 0.28460000586509704 -0.01697776222228997 0.37678102 0.374781 "" "" 0.5565453282494066 "" 0.20969177787970586 "" 1.0
354.04169134778 48.04578140833 0.0256 0.0283 8.4396 "" "" 1940287489272619648 418.625641 2.3581 0.0464 -0.369 -2.046 0.037 0.036 1.007 3611.6 4.1772 16.339771 2.410598 17.630245 15.219647 "" "" 411.040497 426.137482 5483.24788 2.785 1211.5 6.8149 6475.9 13.672 "" "" 0.0028099633823006824 0.006714616 0.004420181 0.011134797 354.04169134778 48.04578140833 418.625641 -0.36899999999999994 -2.0460000000000003 -0.20139999413490295 -0.013977762222289858 0.37578103 0.374781 "" "" 0.4005964157931557 "" 0.15053461570323307 "" 1.0
354.01921663868 47.93556606061 0.0277 0.0329 14.3574 "" "" 1940239179480217856 414.886505 2.3678 0.0502 -0.351 -2.195 0.038 0.038 1.038 3465.1 4.0063 16.537348 2.682635 18.022118 15.339482 "" "" 408.323639 426.11554 4570.96236 4.2459 844.44 7.5848 5799.2 14.801 "" "" 0.0029340945650487985 0.010143429 0.0046864217 0.014829851 354.01921663868 47.93556606061 414.886505 -0.35099999999999987 -2.1950000000000003 -0.18339999413490293 -0.16297776222228988 0.37678102 0.37678102 "" "" 0.4824987455329717 "" 0.18179636784444964 "" 1.0
353.46420523376 47.81989229566 0.0306 0.0347 35.0872 "" "" 1938780230630012160 408.365417 2.4098 0.0538 -0.551 -2.237 0.042 0.044 1.021 "" "" 16.680447 2.767818 18.233826 15.466008 "" "" 400.178711 418.20462 4006.52427 16.293 694.84 14.3 5161.2 72.185 "" "" 0.0052044618448364765 0.02251828 0.015648453 0.03816673 353.46420523376 47.81989229566 408.365417 -0.551 -2.237 -0.383399994134903 -0.20497776222229014 0.38078102 0.38278103 "" "" 0.8415333688901113 "" 0.3208148361479414 "" 1.0
353.52917720462 48.54342126483 0.0361 0.0427 35.5149 "" "" 1943373612254051328 402.340515 2.4248 0.0595 -0.333 -1.911 0.047 0.05 1.102 "" "" 16.723894 3.41916 18.783745 15.364585 "" "" 393.360443 411.866791 3849.36369 4.3031 418.72 7.0247 5666.6 19.242 "" "" 0.0030107962577737494 0.018427428 0.005279808 0.023707235 353.52917720462 48.54342126483 402.340515 -0.3330000000000002 -1.911 -0.16539999413490297 0.12102223777770993 0.38578102 0.38878104 "" "" 0.3908544460352359 "" 0.1511941281139127 "" 1.0
353.89073365051 47.84306602805 0.0346 0.0382 21.7788 "" "" 1940232479331246080 417.936584 2.3479 0.0601 -0.465 -2.219 0.047 0.047 1.014 3476.7 4.2595 16.92782 2.912867 18.586016 15.673149 "" "" 405.897186 427.010559 3190.20278 2.1766 502.35 8.5105 4264.8 8.9824 "" "" 0.0028531618863123563 0.01860428 0.004417345 0.023021625 353.89073365051 47.84306602805 417.936584 -0.4650000000000002 -2.2189999999999985 -0.297399994134903 -0.1869777622222899 0.38578102 0.38578102 "" "" 0.6959201350916735 "" 0.26847277950275505 "" 1.0
353.94055275236 49.09305969597 0.0368 0.0388 57.6676 "" "" 1943404845257023872 419.239349 2.3397 0.0604 -0.724 -2.532 0.053 0.051 0.999 3772.2 4.6292 16.96733 2.243034 18.139263 15.896229 "" "" 408.458832 431.303558 3076.19861 1.8133 758.07 9.2242 3472.7 8.4438 "" "" 0.0028286726010055578 0.013502668 0.0046101017 0.01811277 353.94055275236 49.09305969597 419.239349 -0.724 -2.532 -0.5563999941349029 -0.49997776222229007 0.39178103 0.38978103 "" "" 1.4864941765158552 "" 0.5810539443547775 "" 1.0
353.81330453484 48.46640791951 0.0471 0.0519 24.3828 "" "" 1943311455487411968 416.607666 2.3581 0.0823 -0.272 -1.887 0.065 0.071 1.053 3438.6 4.2161 16.985254 3.38994 19.03978 15.649839 "" "" 401.544067 430.984619 3025.83375 2.5441 330.75 6.1289 4357.4 8.544 "" "" 0.002902608865572623 0.020311581 0.0043377415 0.024649322 353.81330453484 48.46640791951 416.607666 -0.272 -1.887 -0.10439999413490297 0.14502223777770995 0.40378103 0.40978104 "" "" 0.3528666013414446 "" 0.14387885195703498 "" 1.0
