Clusters/Berkeley_47/Berkeley_47_stars_in_region.tsv
# %ECSV 1.0
# ---
# datatype:
# - name: RA_ICRS_1
#   unit: deg
#   datatype: float64
#   format: '{:15.11f}'
#   description: Right ascension (ICRS) at Ep=2016.0 (ra)
#   meta: !!omap
#   - {ucd: POS_EQ_RA_MAIN}
#   - {width: 15}
#   - {precision: '11'}
# - name: DE_ICRS_1
#   unit: deg
#   datatype: float64
#   format: '{:15.11f}'
#   description: Declination (ICRS) at Ep=2016.0 (dec)
#   meta: !!omap
#   - {ucd: POS_EQ_DEC_MAIN}
#   - {width: 15}
#   - {precision: '11'}
# - name: e_RA_ICRS
#   unit: mas
#   datatype: float64
#   format: '{:7.4f}'
#   description: Standard error of right ascension (ra_error)
#   meta: !!omap
#   - {ucd: ERROR}
#   - {width: 7}
#   - {precision: '4'}
# - name: e_DE_ICRS
#   unit: mas
#   datatype: float64
#   format: '{:7.4f}'
#   description: Standard error of declination (dec_error)
#   meta: !!omap
#   - {ucd: ERROR}
#   - {width: 7}
#   - {precision: '4'}
# - name: _r_1
#   unit: ''
#   datatype: float64
#   format: '{:7.4f}'
#   description: Distance from center (292.12920628000+17.36390607000)[ICRS], at Epoch=J2016.0
#   meta: !!omap
#   - {ucd: POS_ANG_DIST_GENERAL}
#   - {width: 7}
#   - {precision: '4'}
# - name: HIP
#   datatype: int32
#   description: '? HIP cross-id number, van Leeuwen, Cat. I/311 (hip_original_ext_source_id)'
#   meta: !!omap
#   - {ucd: ID_NUMBER}
#   - {width: 6}
#   - values: {'null': -2147483648}
# - name: TYC2
#   datatype: string
#   description: Tycho-2 cross-id name, Hog et al., Cat. I/259 (tyc2_original_ext_source_id)
#   meta: !!omap
#   - {ucd: ID_CROSSID}
#   - {_votable_string_dtype: char}
# - name: Source
#   datatype: int64
#   description: Source identifier, identical to the Gaia-EDR3 source_id (id)
#   meta: !!omap
#   - {ucd: ID_MAIN}
#   - {width: 19}
# - name: rgeo
#   unit: pc
#   datatype: float64
#   format: '{:15.8f}'
#   description: '? Median of the geometric distance posterior (r_med_geo)'
#   meta: !!omap
#   - {ucd: PHYS_DISTANCE_TRUE}
#   - {width: 15}
#   - {precision: '8'}
#   - values: {'null': .nan}
# - name: Plx
#   unit: mas
#   datatype: float64
#   format: '{:9.4f}'
#   description: '? Parallax (parallax)'
#   meta: !!omap
#   - {ucd: POS_PARLX_TRIG}
#   - {width: 9}
#   - {precision: '4'}
#   - values: {'null': .nan}
# - name: e_Plx
#   unit: mas
#   datatype: float32
#   format: '{:7.4f}'
#   description: '? Standard error of parallax (parallax_error)'
#   meta: !!omap
#   - {ucd: ERROR}
#   - {width: 7}
#   - {precision: '4'}
#   - values: {'null': .nan}
# - name: pmRA
#   unit: mas / yr
#   datatype: float64
#   format: '{:9.3f}'
#   description: '? Proper motion in right ascension direction, pmRA*cosDE (pmra)'
#   meta: !!omap
#   - {ucd: POS_EQ_PMRA}
#   - {width: 9}
#   - {precision: '3'}
#   - values: {'null': .nan}
# - name: pmDE
#   unit: mas / yr
#   datatype: float64
#   format: '{:9.3f}'
#   description: '? Proper motion in declination direction (pmdec)'
#   meta: !!omap
#   - {ucd: POS_EQ_PMDEC}
#   - {width: 9}
#   - {precision: '3'}
#   - values: {'null': .nan}
# - name: e_pmRA
#   unit: mas / yr
#   datatype: float32
#   format: '{:6.3f}'
#   description: '? Standard error of proper motion in right ascension direction (pmra_error)'
#   meta: !!omap
#   - {ucd: ERROR}
#   - {width: 6}
#   - {precision: '3'}
#   - values: {'null': .nan}
# - name: e_pmDE
[...]
#         unit: &id001 !astropy.units.Unit {unit: deg}
#         value: !astropy.table.SerializedColumn {name: SkyCoord.dec}
#       distance: !astropy.table.SerializedColumn
#         __class__: astropy.coordinates.distances.Distance
#         unit: !astropy.units.Unit {unit: pc}
#         value: !astropy.table.SerializedColumn {name: SkyCoord.distance}
#       frame: icrs
#       obstime: !astropy.time.Time {format: jyear_str, in_subfmt: '*', jd1: 367701545.0, jd2: 0.0, out_subfmt: '*', precision: 3, scale: tt}
#       pm_dec: !astropy.table.SerializedColumn
#         __class__: astropy.units.quantity.Quantity
#         unit: !astropy.units.Unit {unit: mas / yr}
#         value: !astropy.table.SerializedColumn {name: SkyCoord.pm_dec}
#       pm_ra_cosdec: !astropy.table.SerializedColumn
#         __class__: astropy.units.quantity.Quantity
#         unit: !astropy.units.Unit {unit: mas / yr}
#         value: !astropy.table.SerializedColumn {name: SkyCoord.pm_ra_cosdec}
#       ra: !astropy.table.SerializedColumn
#         __class__: astropy.coordinates.angles.Longitude
#         unit: *id001
#         value: !astropy.table.SerializedColumn {name: SkyCoord.ra}
#         wrap_angle: !astropy.coordinates.Angle
#           unit: *id001
#           value: 360.0
#       representation_type: spherical
# schema: astropy-2.0
RA_ICRS_1 DE_ICRS_1 e_RA_ICRS e_DE_ICRS _r_1 HIP TYC2 Source rgeo Plx e_Plx pmRA pmDE e_pmRA e_pmDE RUWE Teff logg Gmag BP-RP BPmag RPmag RV e_RV b_rgeo B_rgeo FG e_FG FBP e_FBP FRP e_FRP RAVE5 RAVE6 e_Gmag e_BPmag e_RPmag e_BP-RP SkyCoord.ra SkyCoord.dec SkyCoord.distance SkyCoord.pm_ra_cosdec SkyCoord.pm_dec
[from data line 245]
292.11977672044 17.61014401354 0.2119 0.219 14.7841 "" "" 4322989728531960832 1728.3269 0.8314 0.2916 -5.576 -6.587 0.241 0.268 5.448 "" "" 16.709707 2.282392 17.589535 15.307143 "" "" 1123.25098 2606.24707 3899.99107 9.0435 1257.8 10.454 5974.5 11.598 "" "" 0.0037323459305755183 0.009445432 0.0043273624 0.013772794 292.11977672044 17.61014401354 1728.3269 -5.576 -6.587
292.25072425918 17.39807416243 0.0403 0.0437 7.2539 "" "" 4322965504915041152 1588.98047 0.6006 0.0572 -2.193 -5.741 0.049 0.054 1.005 7870.3 4.1119 16.711792 2.357791 17.96445 15.60666 "" "" 1463.04895 1719.31677 3892.51487 2.5436 890.51 9.2512 4534.1 11.917 "" "" 0.002845199021985923 0.011619315 0.0047357175 0.016355032 292.25072425918 17.39807416243 1588.98047 -2.1929999999999996 -5.741
291.87343891206 17.21117370155 0.0415 0.0462 17.2824 "" "" 4322589300144283776 1928.52234 0.4873 0.0573 0.27 -1.85 0.051 0.053 1.006 8471.6 4.0601 16.717833 2.489454 18.076242 15.586788 "" "" 1734.14429 2212.34937 3870.91728 2.6344 803.38 6.3219 4617.9 9.5245 "" "" 0.002852679227561048 0.008987854 0.004392996 0.01338085 291.87343891206 17.21117370155 1928.52234 0.27 -1.8500000000000003
292.2378293788 17.44755209584 0.0394 0.0454 7.9915 "" "" 4322967016743550720 2363.87915 0.3807 0.056 -2.228 -5.462 0.049 0.056 0.982 8754.5 3.8131 16.720646 3.035898 18.494669 15.458771 "" "" 2078.76489 2723.88013 3860.89995 2.8744 546.45 5.9075 5195.8 9.3027 "" "" 0.002871440309132523 0.0120646255 0.0042500114 0.016314637 292.2378293788 17.44755209584 2363.87915 -2.2280000000000006 -5.462000000000001
292.41918530641 17.33973936398 0.0545 0.0591 16.6701 "" "" 4322914652500923648 1836.42822 0.5295 0.082 -1.083 -3.414 0.067 0.076 1.387 "" "" 16.72116 2.332911 17.756916 15.424005 "" "" 1607.08813 2120.96704 3859.06686 3.7676 1078.1 6.6356 5364.8 13.494 "" "" 0.002952184645272503 0.0072416984 0.0046628034 0.011904502 292.41918530641 17.33973936398 1836.42822 -1.0829999999999997 -3.414
292.0691740113 17.59093557304 0.0497 0.0534 14.0484 "" "" 4322984505850488960 1663.99133 0.5788 0.0673 2.402 -1.222 0.062 0.067 1.237 7979.3 4.1363 16.722866 2.360498 17.952137 15.591639 "" "" 1507.54651 1857.14709 3853.01198 4.0259 900.66 8.2976 4597.3 12.638 "" "" 0.0029797274123072783 0.010384529 0.00481582 0.015200349 292.0691740113 17.59093557304 1663.99133 2.402 -1.222
292.12609334423 17.36776702541 0.0429 0.0497 0.2923 "" "" 4322964401097935744 1685.77466 0.5812 0.0609 0.347 -4.414 0.054 0.059 0.998 8105.0 4.2348 16.723099 2.179912 17.860971 15.68106 "" "" 1527.9552 1860.98608 3852.18279 2.606 979.55 9.5169 4233.8 9.6376 "" "" 0.002851539885975213 0.010911332 0.0045157615 0.015427094 292.12609334423 17.36776702541 1685.77466 0.347 -4.414000000000001
292.07766472018 17.38697696548 0.0384 0.0426 3.2599 "" "" 4322967669578417152 1869.00928 0.4847 0.0526 -1.85 -5.378 0.048 0.051 0.957 9242.7 3.7869 16.724176 2.199376 17.867346 15.66797 "" "" 1725.5033 2013.48254 3848.36417 2.3624 973.82 6.2278 4285.2 8.4485 "" "" 0.002834786508513227 0.0074831573 0.004343482 0.01182664 292.07766472018 17.38697696548 1869.00928 -1.85 -5.378
292.08860728317 17.54433570865 0.0416 0.048 11.0724 "" "" 4322983028381720832 2210.85718 0.4506 0.059 -2.572 -6.471 0.051 0.062 1.048 8022.8 4.2071 16.731968 2.373005 18.00253 15.629524 "" "" 1945.89514 2524.5293 3820.84654 2.521 859.81 12.773 4439.6 10.448 "" "" 0.0028469238993663205 0.016368823 0.0045620645 0.020930888 292.08860728317 17.54433570865 2210.85718 -2.572 -6.470999999999999
292.00032292619 17.62112841504 0.0419 0.0459 17.1051 "" "" 4322987426428053888 1961.78857 0.4712 0.0569 -0.493 -3.623 0.051 0.059 1.005 7058.3 3.9451 16.733467 2.459294 18.06483 15.605536 "" "" 1734.32825 2172.64404 3815.5772 2.579 811.87 13.786 4538.8 15.651 "" "" 0.00285137603138618 0.018646335 0.0053198296 0.023966165 292.00032292619 17.62112841504 1961.78857 -0.4929999999999999 -3.6230000000000007
291.85794574647 17.42229241613 0.0395 0.044 15.9216 "" "" 4322605930257872384 1619.85315 0.5965 0.0544 -4.826 -10.385 0.049 0.05 0.976 "" "" 16.745275 2.182291 17.878582 15.696291 "" "" 1489.33801 1798.64514 3774.3016 2.3962 963.79 7.5077 4174.9 8.3853 "" "" 0.0028402340251275147 0.008905987 0.0043633934 0.013269381 291.85794574647 17.42229241613 1619.85315 -4.825999999999999 -10.384999999999998
291.96065311999 17.43538509106 0.0415 0.0446 10.5605 "" "" 4322605414862797056 2121.29834 0.415 0.0545 -1.02 -3.525 0.054 0.055 0.99 6739.4 3.6553 16.74863 2.540615 18.140535 15.59992 "" "" 1881.47656 2330.09082 3762.6561 2.3331 757.19 6.1816 4562.4 9.7489 "" "" 0.002836375746916164 0.009292586 0.0044346466 0.013727233 291.96065311999 17.43538509106 2121.29834 -1.02 -3.525
292.03344290934 17.45739233556 0.0399 0.0471 7.8435 "" "" 4322969387565357824 2149.77075 0.4552 0.0582 -2.238 -4.558 0.05 0.058 0.981 9128.0 4.1425 16.75096 2.200723 17.895132 15.694409 "" "" 1909.82153 2478.40625 3754.59708 2.5839 949.21 7.6287 4182.1 11.662 "" "" 0.0028548374168729015 0.009161178 0.004842548 0.014003726 292.03344290934 17.45739233556 2149.77075 -2.238 -4.558
292.3561528382 17.46696672404 0.0405 0.0452 14.3891 "" "" 4322972033265308160 1644.56311 0.6017 0.0582 1.729 -1.123 0.05 0.057 0.993 8955.0 4.1401 16.760927 2.757305 18.313816 15.556511 "" "" 1482.22583 1860.75464 3720.27924 2.4185 645.49 10.006 4748.5 11.27 "" "" 0.002844287836946289 0.017060142 0.004574272 0.021634415 292.3561528382 17.46696672404 1644.56311 1.7290000000000003 -1.1229999999999998
292.04663032344 17.23602023361 0.0438 0.0481 9.0141 "" "" 4322587341639131520 1593.80908 0.6152 0.0624 1.289 -1.127 0.053 0.053 0.959 8831.1 3.6141 16.770452 2.465214 18.104687 15.639473 "" "" 1457.86938 1744.85461 3687.78673 2.4728 782.6 7.0735 4399.2 8.3292 "" "" 0.002849879434204686 0.010202332 0.0043022684 0.0145046 292.04663032344 17.23602023361 1593.80908 1.289 -1.1270000000000002
292.24062795514 17.45814092114 0.04 0.0459 8.5241 "" "" 4322967016743552768 2267.50513 0.4214 0.0578 -2.034 -5.158 0.05 0.055 0.96 "" "" 16.790731 2.104289 17.86774 15.763452 "" "" 1965.85974 2620.77246 3619.5495 2.2916 973.47 7.1117 3924.4 8.9817 "" "" 0.0028397721903183266 0.008408299 0.0045231045 0.012931403 292.24062795514 17.45814092114 2267.50513 -2.034 -5.158000000000001
292.12004843155 17.39453126997 0.0439 0.0499 1.9109 "" "" 4322965092598034304 2114.28931 0.4434 0.0595 -1.929 -5.376 0.056 0.061 1.021 9259.5 3.8558 16.804363 1.984424 17.79915 15.814727 "" "" 1856.74133 2591.55103 3574.38499 2.3287 1036.9 7.3354 3743.4 9.2706 "" "" 0.0028446684264183384 0.008171966 0.004638278 0.012810244 292.12004843155 17.39453126997 2114.28931 -1.9289999999999998 -5.376
292.23969421151 17.39452057824 0.0452 0.0465 6.5879 "" "" 4322965676713738624 2065.79956 0.4767 0.0607 -0.681 -1.917 0.056 0.057 1.031 9271.6 4.141 16.806526 2.183412 17.933468 15.750056 "" "" 1866.49292 2280.94507 3567.27267 2.8355 916.28 7.5715 3973.2 12.437 "" "" 0.0028873139646248993 0.009395618 0.0050827335 0.014478352 292.23969421151 17.39452057824 2065.79956 -0.681 -1.917
292.15166817303 17.08697843332 0.0422 0.0467 16.6654 "" "" 4322534118392239616 2031.4325 0.4533 0.0596 -2.569 -2.823 0.051 0.052 0.999 9295.5 4.0225 16.808264 2.361241 17.994905 15.633664 "" "" 1831.95837 2300.93237 3561.56942 2.9576 865.87 8.0743 4422.8 15.839 "" "" 0.0028990866683187683 0.010501997 0.0054223845 0.015924381 292.15166817303 17.08697843332 2031.4325 -2.5690000000000004 -2.8230000000000004
291.87887457105 17.51696105123 0.0386 0.0449 17.0196 "" "" 4322985055605980544 1769.56738 0.5452 0.0547 -0.338 -2.993 0.048 0.05 0.965 "" "" 16.810434 2.131279 17.90293 15.77165 "" "" 1588.31982 1974.1875 3554.4529 2.4815 942.42 10.353 3894.9 11.956 "" "" 0.0028576816458339913 0.01224941 0.005039 0.01728841 291.87887457105 17.51696105123 1769.56738 -0.33799999999999997 -2.992999999999999
292.4311612388 17.50061288653 0.0471 0.0454 19.1326 "" "" 4322927056366532864 2303.18042 0.4279 0.0659 -1.988 -5.694 0.056 0.055 1.056 7986.4 4.0272 16.810545 2.272977 18.016415 15.743438 "" "" 1977.59998 2778.87158 3554.09471 2.3371 848.89 8.8427 3997.4 9.4482 "" "" 0.002846317841693651 0.01164896 0.0045682895 0.01621725 292.4311612388 17.50061288653 2303.18042 -1.988 -5.694
291.86224903008 17.31302820748 0.0418 0.0439 15.5914 "" "" 4322591258649472896 1638.32983 0.5798 0.056 0.219 -6.882 0.053 0.053 0.971 7835.9 4.0763 16.810902 2.511226 18.186348 15.675122 "" "" 1499.46643 1812.84973 3552.92302 2.5571 725.9 6.0689 4257.1 8.9063 "" "" 0.002863985229162569 0.009496458 0.004409458 0.013905916 291.86224903008 17.31302820748 1638.32983 0.21900000000000008 -6.882000000000001
292.22936549558 17.41645176807 0.0408 0.0477 6.5443 "" "" 4322965779792964352 2060.18018 0.4828 0.0577 -2.042 -5.451 0.051 0.061 1.011 9275.9 3.877 16.822035 1.920734 17.772835 15.8521 "" "" 1847.12695 2326.73901 3516.68059 2.2217 1062.4 6.2956 3616.7 9.1794 "" "" 0.0028394159306769765 0.007012841 0.0046773287 0.01169017 292.22936549558 17.41645176807 2060.18018 -2.042 -5.451
292.07856490631 17.6721433167 0.0463 0.0471 18.7198 "" "" 4322990931121575936 1797.65051 0.5539 0.062 -2.561 -2.67 0.055 0.06 0.992 8186.1 4.2189 16.829374 2.255249 18.017698 15.762449 "" "" 1603.77026 2080.20117 3492.98831 2.4754 847.89 7.2308 3928.1 12.048 "" "" 0.002860737883933152 0.009670414 0.005037188 0.014707603 292.07856490631 17.6721433167 1797.65051 -2.561 -2.6699999999999995
292.1091542633 17.36314576386 0.0458 0.0523 1.1492 "" "" 4322964577201950208 1881.35205 0.5278 0.0642 -1.917 -5.372 0.056 0.061 1.111 "" "" 16.83047 1.956605 17.787113 15.830508 "" "" 1696.83545 2122.60132 3489.46744 2.421 1048.5 8.4688 3689.4 9.8315 "" "" 0.00285643647045252 0.009202728 0.004759697 0.013962425 292.1091542633 17.36314576386 1881.35205 -1.9169999999999998 -5.372
292.01715248389 17.51320414281 0.0421 0.0486 11.0175 "" "" 4322981619632467200 2321.01318 0.3983 0.0612 -1.978 -3.597 0.053 0.059 0.994 7195.7 3.3514 16.833458 3.357119 18.8402 15.483082 "" "" 2042.6261 2733.83691 3479.87461 2.7903 397.5 14.021 5080.7 13.964 "" "" 0.0028895863224493432 0.03839863 0.00481544 0.04321407 292.01715248389 17.51320414281 2321.01318 -1.9779999999999998 -3.5970000000000004
292.0066044807 17.12969625462 0.0437 0.0491 15.7108 "" "" 4322538035413302016 2317.4502 0.4235 0.0607 -1.813 -4.238 0.053 0.057 1.048 9239.7 3.7843 16.836126 2.00734 17.826004 15.818664 "" "" 2053.08252 2638.01147 3471.3323 2.4509 1011.6 7.8137 3729.9 9.5857 "" "" 0.0028599692443440467 0.008838307 0.0046978192 0.013536126 292.0066044807 17.12969625462 2317.4502 -1.8129999999999997 -4.238
291.80550626982 17.30463747263 0.0446 0.0439 18.8779 "" "" 4322602631722900864 2181.83228 0.434 0.0579 -0.623 -1.68 0.055 0.049 0.935 9419.5 4.1746 16.840723 1.769136 17.690876 15.92174 "" "" 1957.01013 2494.19238 3456.66571 2.2125 1145.7 12.357 3392.1 8.799 "" "" 0.002841608258473352 0.012038073 0.004713347 0.01675142 291.80550626982 17.30463747263 2181.83228 -0.623 -1.6799999999999997
291.91351626644 17.45501745481 0.0449 0.0471 13.5045 "" "" 4322606411294207232 1642.86621 0.5774 0.0606 -1.333 -2.883 0.057 0.054 0.977 8806.8 4.1788 16.84123 2.652445 18.308859 15.656414 "" "" 1525.36597 1794.85193 3455.05413 4.0144 648.45 9.1636 4331.0 17.116 "" "" 0.0030303782559470364 0.015594764 0.005717928 0.021312691 291.91351626644 17.45501745481 1642.86621 -1.333 -2.8829999999999996
292.1763260283 17.28916629821 0.0438 0.0484 5.2339 "" "" 4322916267408291200 2160.42139 0.4356 0.0613 -1.827 -5.537 0.054 0.057 1.039 9257.5 3.6691 16.843262 2.244885 18.008383 15.763497 "" "" 1933.2428 2512.00146 3448.59339 2.5283 855.19 8.3567 3924.3 12.281 "" "" 0.002867995675060797 0.010970295 0.005082191 0.016052486 292.1763260283 17.28916629821 2160.42139 -1.827 -5.537
292.27241348547 17.46050123554 0.0409 0.046 10.0404 "" "" 4322967085463015680 2221.62231 0.4196 0.0578 -3.167 -6.769 0.05 0.056 0.969 8341.2 4.0478 16.84569 2.796984 18.432844 15.63586 "" "" 1964.12817 2482.34473 3440.88762 2.2489 578.47 8.3443 4413.8 7.3803 "" "" 0.0028452320655070833 0.015908102 0.004192804 0.020100906 292.27241348547 17.46050123554 2221.62231 -3.167 -6.769
292.15372765904 17.18542508158 0.0458 0.0493 10.8006 "" "" 4322539169284830848 1739.17395 0.5509 0.0646 -1.018 -7.47 0.057 0.058 0.988 5363.2 3.3856 16.85298 2.891003 18.510715 15.619713 "" "" 1586.82312 1979.7655 3417.86326 2.3385 538.43 6.4333 4480.0 13.025 "" "" 0.00285370469024595 0.013269318 0.0049242317 0.01819355 292.15372765904 17.18542508158 1739.17395 -1.018 -7.47
292.37438849649 17.32238912343 0.0464 0.0496 14.2614 "" "" 4322917435639755776 1839.61108 0.5544 0.0663 -1.206 -4.371 0.056 0.059 1.05 5120.1 3.7555 16.85439 2.385096 18.070698 15.685601 "" "" 1643.15588 2084.7793 3413.4306 4.611 807.49 9.5928 4216.2 34.748 "" "" 0.0031213570996023914 0.013196637 0.009713546 0.022910183 292.37438849649 17.32238912343 1839.61108 -1.206 -4.3709999999999996
292.07421011961 17.49639504707 0.0405 0.0458 8.5501 "" "" 4322971036832803968 2011.6532 0.4871 0.0562 -2.079 -5.46 0.053 0.058 0.987 9373.5 4.2512 16.873713 2.174643 17.993395 15.818752 "" "" 1798.58838 2240.83887 3353.21684 2.238 867.08 6.368 3729.6 8.2895 "" "" 0.00284901625146334 0.008447921 0.004484103 0.012932024 292.07421011961 17.49639504707 2011.6532 -2.079 -5.46
292.13464182853 17.37487218971 0.0436 0.0501 0.7279 "" "" 4322964783360378368 2234.43896 0.432 0.0611 -2.009 -5.688 0.054 0.058 1.033 9281.0 3.8741 16.878159 2.048384 17.917122 15.868738 "" "" 2025.26367 2629.19019 3339.51671 2.3003 930.18 7.452 3561.7 12.554 "" "" 0.0028550125114225966 0.009134769 0.005378571 0.01451334 292.13464182853 17.37487218971 2234.43896 -2.009 -5.688
291.96735024849 17.34009264508 0.0459 0.051 9.3789 "" "" 4322591945844202240 1745.17017 0.559 0.0623 -0.602 -4.161 0.06 0.06 0.992 9259.9 4.0648 16.880785 2.225811 18.028015 15.802204 "" "" 1548.14062 1959.26465 3331.44717 2.3987 839.87 8.5723 3786.8 9.9125 "" "" 0.0028640741661415075 0.011427638 0.0047287527 0.01615639 291.96735024849 17.34009264508 1745.17017 -0.602 -4.161
291.83278009865 17.28688756822 0.0445 0.049 17.5963 "" "" 4322590811972865920 1621.48474 0.5847 0.0616 2.204 -2.348 0.057 0.058 0.98 "" "" 16.88409 2.14006 17.989735 15.849675 "" "" 1496.9519 1890.34985 3321.31654 2.5532 870.01 7.4013 3624.8 9.8908 "" "" 0.002878960286427071 0.009648743 0.004802153 0.0144508965 291.83278009865 17.28688756822 1621.48474 2.2040000000000006 -2.348
292.35743949048 17.2173139936 0.1008 0.1054 15.7582 "" "" 4322911319596444032 2280.33765 0.4979 0.141 -1.638 -3.947 0.131 0.131 2.259 4886.0 3.4869 16.88415 3.23479 18.732874 15.498084 "" "" 1732.87463 2968.48804 3321.13927 8.1044 438.8 8.1653 5011.0 11.307 "" "" 0.0038224927430237075 0.020395406 0.004503966 0.024899371 292.35743949048 17.2173139936 2280.33765 -1.6379999999999997 -3.9469999999999996
291.95791296262 17.46417845552 0.0443 0.0485 11.505 "" "" 4322980966797204864 1799.78381 0.5188 0.0609 -2.298 -5.718 0.058 0.06 1.036 7972.9 4.1257 16.884611 2.378859 18.130266 15.751407 "" "" 1653.39307 2044.57019 3319.72415 2.7116 764.38 7.7156 3968.2 8.6544 "" "" 0.002894526603440074 0.011308949 0.004459909 0.01576886 291.95791296262 17.46417845552 1799.78381 -2.298 -5.718
291.86034395119 17.54255688865 0.0418 0.0482 18.7542 "" "" 4322985399203366656 1779.90955 0.546 0.0601 4.074 -2.585 0.052 0.055 1.019 7123.0 4.2998 16.889185 2.224631 18.057417 15.832786 "" "" 1574.68005 1967.29724 3305.77036 2.0615 817.43 5.9772 3681.7 8.4507 "" "" 0.0028372902890421775 0.008415132 0.0045270715 0.012942203 291.86034395119 17.54255688865 1779.90955 4.074000000000001 -2.585
