Clusters/Berkeley_47/Berkeley_47_stars_in_region.tsv
# %ECSV 1.0
# ---
# datatype:
# - name: RA_ICRS_1
#   unit: deg
#   datatype: float64
#   format: '{:15.11f}'
#   description: Right ascension (ICRS) at Ep=2016.0 (ra)
#   meta: !!omap
#   - {ucd: POS_EQ_RA_MAIN}
#   - {width: 15}
#   - {precision: '11'}
# - name: DE_ICRS_1
#   unit: deg
#   datatype: float64
#   format: '{:15.11f}'
#   description: Declination (ICRS) at Ep=2016.0 (dec)
#   meta: !!omap
#   - {ucd: POS_EQ_DEC_MAIN}
#   - {width: 15}
#   - {precision: '11'}
# - name: e_RA_ICRS
#   unit: mas
#   datatype: float64
#   format: '{:7.4f}'
#   description: Standard error of right ascension (ra_error)
#   meta: !!omap
#   - {ucd: ERROR}
#   - {width: 7}
#   - {precision: '4'}
# - name: e_DE_ICRS
#   unit: mas
#   datatype: float64
#   format: '{:7.4f}'
#   description: Standard error of declination (dec_error)
#   meta: !!omap
#   - {ucd: ERROR}
#   - {width: 7}
#   - {precision: '4'}
# - name: _r_1
#   unit: ''
#   datatype: float64
#   format: '{:7.4f}'
#   description: Distance from center (292.12920628000+17.36390607000)[ICRS], at Epoch=J2016.0
#   meta: !!omap
#   - {ucd: POS_ANG_DIST_GENERAL}
#   - {width: 7}
#   - {precision: '4'}
# - name: HIP
#   datatype: int32
#   description: '? HIP cross-id number, van Leeuwen, Cat. I/311 (hip_original_ext_source_id)'
#   meta: !!omap
#   - {ucd: ID_NUMBER}
#   - {width: 6}
#   - values: {'null': -2147483648}
# - name: TYC2
#   datatype: string
#   description: Tycho-2 cross-id name, Hog et al., Cat. I/259 (tyc2_original_ext_source_id)
#   meta: !!omap
#   - {ucd: ID_CROSSID}
#   - {_votable_string_dtype: char}
# - name: Source
#   datatype: int64
#   description: Source identifier, identical to the Gaia-EDR3 source_id (id)
#   meta: !!omap
#   - {ucd: ID_MAIN}
#   - {width: 19}
# - name: rgeo
#   unit: pc
#   datatype: float64
#   format: '{:15.8f}'
#   description: '? Median of the geometric distance posterior (r_med_geo)'
#   meta: !!omap
#   - {ucd: PHYS_DISTANCE_TRUE}
#   - {width: 15}
#   - {precision: '8'}
#   - values: {'null': .nan}
# - name: Plx
#   unit: mas
#   datatype: float64
#   format: '{:9.4f}'
#   description: '? Parallax (parallax)'
#   meta: !!omap
#   - {ucd: POS_PARLX_TRIG}
#   - {width: 9}
#   - {precision: '4'}
#   - values: {'null': .nan}
# - name: e_Plx
#   unit: mas
#   datatype: float32
#   format: '{:7.4f}'
#   description: '? Standard error of parallax (parallax_error)'
#   meta: !!omap
#   - {ucd: ERROR}
#   - {width: 7}
#   - {precision: '4'}
#   - values: {'null': .nan}
# - name: pmRA
#   unit: mas / yr
#   datatype: float64
#   format: '{:9.3f}'
#   description: '? Proper motion in right ascension direction, pmRA*cosDE (pmra)'
#   meta: !!omap
#   - {ucd: POS_EQ_PMRA}
#   - {width: 9}
#   - {precision: '3'}
#   - values: {'null': .nan}
# - name: pmDE
#   unit: mas / yr
#   datatype: float64
#   format: '{:9.3f}'
#   description: '? Proper motion in declination direction (pmdec)'
#   meta: !!omap
#   - {ucd: POS_EQ_PMDEC}
#   - {width: 9}
#   - {precision: '3'}
#   - values: {'null': .nan}
# - name: e_pmRA
#   unit: mas / yr
#   datatype: float32
#   format: '{:6.3f}'
#   description: '? Standard error of proper motion in right ascension direction (pmra_error)'
#   meta: !!omap
#   - {ucd: ERROR}
#   - {width: 6}
#   - {precision: '3'}
#   - values: {'null': .nan}
# - name: e_pmDE
[...]
#         unit: &id001 !astropy.units.Unit {unit: deg}
#         value: !astropy.table.SerializedColumn {name: SkyCoord.dec}
#       distance: !astropy.table.SerializedColumn
#         __class__: astropy.coordinates.distances.Distance
#         unit: !astropy.units.Unit {unit: pc}
#         value: !astropy.table.SerializedColumn {name: SkyCoord.distance}
#       frame: icrs
#       obstime: !astropy.time.Time {format: jyear_str, in_subfmt: '*', jd1: 367701545.0, jd2: 0.0, out_subfmt: '*', precision: 3, scale: tt}
#       pm_dec: !astropy.table.SerializedColumn
#         __class__: astropy.units.quantity.Quantity
#         unit: !astropy.units.Unit {unit: mas / yr}
#         value: !astropy.table.SerializedColumn {name: SkyCoord.pm_dec}
#       pm_ra_cosdec: !astropy.table.SerializedColumn
#         __class__: astropy.units.quantity.Quantity
#         unit: !astropy.units.Unit {unit: mas / yr}
#         value: !astropy.table.SerializedColumn {name: SkyCoord.pm_ra_cosdec}
#       ra: !astropy.table.SerializedColumn
#         __class__: astropy.coordinates.angles.Longitude
#         unit: *id001
#         value: !astropy.table.SerializedColumn {name: SkyCoord.ra}
#         wrap_angle: !astropy.coordinates.Angle
#           unit: *id001
#           value: 360.0
#       representation_type: spherical
# schema: astropy-2.0
RA_ICRS_1 DE_ICRS_1 e_RA_ICRS e_DE_ICRS _r_1 HIP TYC2 Source rgeo Plx e_Plx pmRA pmDE e_pmRA e_pmDE RUWE Teff logg Gmag BP-RP BPmag RPmag RV e_RV b_rgeo B_rgeo FG e_FG FBP e_FBP FRP e_FRP RAVE5 RAVE6 e_Gmag e_BPmag e_RPmag e_BP-RP SkyCoord.ra SkyCoord.dec SkyCoord.distance SkyCoord.pm_ra_cosdec SkyCoord.pm_dec
[from data line 204]
292.37489572279 17.16770612306 0.0417 0.0441 18.3506 "" "" 4322910872929666688 2227.09229 0.4287 0.0564 -0.417 -2.44 0.055 0.056 1.197 "" "" 16.396122 2.772842 17.94731 15.174467 "" "" 1977.40735 2623.37524 5205.92253 6.3985 904.68 6.4522 6751.1 8.9478 "" "" 0.003061464731672453 0.008230844 0.0040440694 0.0122749135 292.37489572279 17.16770612306 2227.09229 -0.417 -2.44
292.31121547869 17.24508369123 0.0352 0.0393 12.6307 "" "" 4322912419117966720 2119.28589 0.4435 0.0508 -1.789 -5.156 0.044 0.047 0.991 4790.1 3.1376 16.400543 3.033072 18.176685 15.143614 "" "" 1930.06531 2340.29932 5184.77379 3.371 732.39 6.8273 6945.6 9.0069 "" "" 0.0028443113900160455 0.010498724 0.004033122 0.014531846 292.31121547869 17.24508369123 2119.28589 -1.7889999999999997 -5.155999999999999
292.18369376704 17.65628164381 0.0343 0.0346 17.8174 "" "" 4322990312646246528 1746.50964 0.5356 0.0454 -2.921 -0.877 0.042 0.044 1.002 4740.6 2.4443 16.41295 2.980922 18.14765 15.166728 "" "" 1611.04712 1893.93774 5125.85979 3.1762 752.24 6.7568 6799.3 13.92 "" "" 0.0028362662745174353 0.01014363 0.00438458 0.01452821 292.18369376704 17.65628164381 1746.50964 -2.9209999999999994 -0.8769999999999998
292.14906017812 17.30873771178 0.0426 0.0479 3.5 "" "" 4322963271531870848 1600.83093 0.6059 0.0591 -1.95 -5.385 0.053 0.057 1.266 "" "" 16.424051 2.058602 17.449833 15.391231 "" "" 1454.22864 1787.70959 5073.7193 4.3865 1430.5 7.7893 5529.2 9.5378 "" "" 0.0029108251540640767 0.0065373434 0.0042179865 0.01075533 292.14906017812 17.30873771178 1600.83093 -1.9499999999999997 -5.385000000000001
291.83964292917 17.2555405575 0.0347 0.0352 17.8158 "" "" 4322590429704710528 2238.29565 0.4136 0.0463 -1.68 -4.156 0.043 0.04 0.967 9247.4 3.754 16.430607 2.014281 17.443748 15.429467 "" "" 2059.66675 2487.75488 5043.17115 2.5966 1438.5 8.5193 5337.9 9.7932 "" "" 0.0028114569723243533 0.007009377 0.004272188 0.011281565 291.83964292917 17.2555405575 2238.29565 -1.68 -4.156
292.08344602741 17.22204403128 0.0376 0.0409 8.9063 "" "" 4322587169840411264 1827.12744 0.5204 0.0532 0.501 -1.746 0.046 0.046 1.019 8314.9 3.6261 16.448412 2.30008 17.660978 15.360898 "" "" 1677.89758 1999.48083 4961.14243 2.9334 1177.7 5.7463 5685.9 11.768 "" "" 0.0028291188156890144 0.0059874416 0.0043969657 0.010384407 292.08344602741 17.22204403128 1827.12744 0.501 -1.746
292.16772277285 17.49859334559 0.0356 0.0387 8.3766 "" "" 4322970487077175424 1706.60999 0.5643 0.0478 -2.937 -6.039 0.044 0.048 1.019 8532.2 4.1911 16.455381 2.113311 17.541574 15.428264 "" "" 1597.0658 1867.58936 4929.40323 2.8144 1314.6 7.0034 5343.8 9.0693 "" "" 0.002824191039868783 0.0064219506 0.00420466 0.01062661 292.16772277285 17.49859334559 1706.60999 -2.9370000000000003 -6.039
292.19427173609 17.62338729849 0.0358 0.036 16.0079 "" "" 4322978252378067712 1654.28491 0.5832 0.0465 -0.739 -4.196 0.043 0.047 0.91 8159.4 3.4809 16.455547 2.07791 17.516985 15.439075 "" "" 1552.56006 1776.78113 4928.65127 2.7319 1344.7 10.206 5290.9 9.2651 "" "" 0.0028202778885257546 0.008700067 0.00423067 0.012930738 292.19427173609 17.62338729849 1654.28491 -0.739 -4.196
292.14114655479 17.42700196369 0.0348 0.0415 3.847 "" "" 4322968184974492800 2182.59961 0.4284 0.0525 -0.468 -5.331 0.043 0.049 1.022 "" "" 16.472565 2.370449 17.725117 15.354668 "" "" 1966.88623 2425.2915 4852.0025 3.5866 1110.1 9.538 5718.6 9.4305 "" "" 0.002869828887993295 0.009736994 0.00418205 0.013919044 292.14114655479 17.42700196369 2182.59961 -0.468 -5.331000000000001
291.89236653485 17.46053683763 0.1049 0.1067 14.7468 "" "" 4322606480013705728 2249.81396 0.4567 0.1432 -3.093 -5.024 0.131 0.121 1.77 3779.4 1.1073 16.472908 6.821494 21.522213 14.700719 "" "" 1701.20459 2884.07397 4850.46822 31.438 33.615 7.4857 10444.0 109.12 "" "" 0.007557313131055331 0.24179788 0.0119569 0.2537548 291.89236653485 17.46053683763 2249.81396 -3.0930000000000004 -5.024000000000001
292.36993936098 17.40016887227 0.0563 0.0623 13.955 "" "" 4322924582465370496 2056.73315 0.4855 0.081 -0.112 -0.115 0.068 0.074 1.605 7410.8 3.5867 16.474838 3.134227 18.297855 15.163629 "" "" 1757.9325 2439.80054 4841.85453 5.9722 655.05 5.7373 6818.8 7.9157 "" "" 0.0030635368611795512 0.009910375 0.0039840075 0.013894383 292.36993936098 17.40016887227 2056.73315 -0.11200000000000002 -0.11500000000000002
292.364764146 17.22731010827 0.0359 0.0389 15.7883 "" "" 4322911353956180736 1684.68835 0.603 0.0497 -0.068 -3.061 0.046 0.049 1.005 "" "" 16.491243 2.438868 17.806452 15.367584 "" "" 1529.76013 1808.87427 4769.24487 2.8139 1030.0 9.5721 5651.0 14.952 "" "" 0.0028288073368535204 0.010468745 0.0047472557 0.015216 292.364764146 17.22731010827 1684.68835 -0.06799999999999995 -3.061
292.39719540983 17.17913063393 0.0422 0.0415 18.9385 "" "" 4322910976008871296 1665.60681 0.5758 0.0528 3.364 -1.614 0.055 0.052 1.03 7122.9 4.0475 16.494675 2.319388 17.715055 15.395667 "" "" 1519.6438 1817.22327 4754.1972 3.1494 1120.5 9.9206 5506.7 10.45 "" "" 0.002847647832923253 0.010009554 0.004304524 0.014314078 292.39719540983 17.17913063393 1665.60681 3.364 -1.614
291.95923208954 17.28330796768 0.0409 0.0451 10.8707 "" "" 4322591499167553408 2154.82324 0.44 0.0586 -3.095 -5.763 0.05 0.051 1.078 7988.2 2.6466 16.504684 2.32851 17.738974 15.410463 "" "" 1927.41443 2494.20435 4710.56499 3.106 1096.0 10.269 5432.2 9.7418 "" "" 0.002846805768386642 0.010548534 0.0042514605 0.014799994 291.95923208954 17.28330796768 2154.82324 -3.095 -5.763
292.02991541551 17.62928576461 0.041 0.0428 16.9062 "" "" 4322984849449116416 2128.36646 0.4488 0.0575 0.543 -2.976 0.05 0.055 0.967 9189.5 4.0805 16.506594 2.251449 17.67894 15.427491 "" "" 1916.25989 2384.09473 4702.28926 3.0294 1158.4 17.78 5347.6 13.854 "" "" 0.002842719355575252 0.016896665 0.004711224 0.021607889 292.02991541551 17.62928576461 2128.36646 0.543 -2.9760000000000004
291.87545835768 17.2503544217 0.0578 0.0597 16.0531 "" "" 4322589712461177984 2340.81714 0.4353 0.0778 -2.577 -6.456 0.071 0.072 1.5 8782.7 3.0265 16.508574 2.414173 17.760542 15.346369 "" "" 1987.04492 2792.54883 4693.72375 4.6313 1074.5 7.2121 5762.5 10.094 "" "" 0.00295625872195709 0.0078033945 0.0042309295 0.012034324 291.87545835768 17.2503544217 2340.81714 -2.577 -6.4559999999999995
292.3008097165 17.4014821477 0.1109 0.1417 10.0813 "" "" 4322918913098834048 1600.9386 0.6092 0.1165 -2.304 -5.264 0.133 0.18 1.116 "" "" 16.51247 "" "" "" "" "" 1372.07361 1932.45044 4676.90659 10.342 "" "" "" "" "" "" 0.003654586972922546 "" "" "" 292.3008097165 17.4014821477 1600.9386 -2.3040000000000003 -5.263999999999999
292.05585897098 17.58210235844 0.0368 0.0406 13.7483 "" "" 4322984123587197312 1978.11438 0.4755 0.0507 -3.708 -10.247 0.046 0.051 1.063 6586.5 3.7412 16.522694 2.767857 18.089935 15.322079 "" "" 1812.77356 2147.70557 4633.07349 2.7638 793.31 7.7002 5892.9 10.744 "" "" 0.0028304206649310128 0.010901715 0.0042664097 0.015168125 292.05585897098 17.58210235844 1978.11438 -3.708000000000001 -10.247
292.05887534359 17.17134352003 0.04 0.0442 12.2363 "" "" 4322538585169119360 1963.56482 0.4978 0.0576 -1.924 -5.368 0.047 0.049 1.033 "" "" 16.531195 2.112376 17.602571 15.490195 "" "" 1772.51953 2173.41626 4596.93685 2.7735 1242.8 8.4545 5047.5 8.4785 "" "" 0.0028321191029232564 0.007895471 0.0041964054 0.012091876 292.05887534359 17.17134352003 1963.56482 -1.924 -5.368
292.23729492398 17.56438684149 0.0381 0.04 13.5264 "" "" 4322976774909283200 1965.91272 0.4875 0.0523 -2.373 -3.037 0.046 0.051 1.009 9047.1 3.5169 16.534634 2.429334 17.835976 15.406642 "" "" 1732.80188 2298.82495 4582.40157 3.1698 1002.4 7.2683 5451.3 12.843 "" "" 0.002855844945447559 0.008352382 0.0045636385 0.012916021 292.23729492398 17.56438684149 1965.91272 -2.373 -3.0369999999999995
292.08811825864 17.50584263829 0.0349 0.0389 8.835 "" "" 4322971071192542592 2118.42896 0.423 0.0495 -2.962 -0.77 0.046 0.05 0.932 4585.7 2.7763 16.544743 3.317066 18.546534 15.229467 "" "" 1924.01355 2346.10156 4539.93426 3.2421 520.96 8.8978 6417.6 12.59 "" "" 0.002862335819704452 0.018752698 0.0043382696 0.023090968 292.08811825864 17.50584263829 2118.42896 -2.9619999999999997 -0.77
292.11925470598 17.2040310326 0.0416 0.0459 9.6094 "" "" 4322539993918558208 1971.89148 0.4833 0.0595 -1.336 -3.698 0.052 0.054 1.13 9258.9 3.7432 16.54576 2.212591 17.69405 15.481459 "" "" 1743.93713 2277.62988 4535.6883 3.0424 1142.3 7.7093 5088.3 11.375 "" "" 0.0028499436440620383 0.007840797 0.004491654 0.0123324515 292.11925470598 17.2040310326 1971.89148 -1.336 -3.6979999999999995
292.02525800644 17.13897985302 0.0419 0.0468 14.7515 "" "" 4322538001053562624 1980.78027 0.4881 0.0604 1.208 -20.486 0.051 0.052 1.063 7783.0 3.9183 16.55669 2.834539 18.17375 15.339211 "" "" 1745.34753 2241.7981 4490.24955 2.7662 734.37 9.7249 5800.6 10.56 "" "" 0.0028353425877369557 0.014646098 0.0042650453 0.018911144 292.02525800644 17.13897985302 1980.78027 1.2079999999999997 -20.486
291.86179703588 17.4401724514 0.0376 0.0391 15.9794 "" "" 4322605964617628928 1772.33069 0.5441 0.049 -3.049 -2.891 0.048 0.045 1.014 "" "" 16.571156 2.023609 17.579813 15.556204 "" "" 1630.21765 1958.4624 4430.82432 2.5837 1269.1 11.233 4749.8 13.041 "" "" 0.002827122678501948 0.010006873 0.004813523 0.014820396 291.86179703588 17.4401724514 1772.33069 -3.049 -2.8909999999999996
292.14078735581 17.59086903999 0.0388 0.0385 13.6339 "" "" 4322989453652788352 2242.17676 0.4212 0.0508 0.516 -2.78 0.047 0.049 0.986 7967.1 3.8556 16.573462 2.423727 17.876917 15.45319 "" "" 1985.80713 2589.45605 4421.42051 2.7636 965.27 9.0631 5222.5 9.5436 "" "" 0.0028376641577479503 0.010569123 0.004268522 0.014837645 292.14078735581 17.59086903999 2242.17676 0.5159999999999999 -2.7800000000000002
291.94144046363 17.3298245668 0.0421 0.0435 10.9462 "" "" 4322592564319499136 1603.77649 0.5988 0.0583 -2.637 -7.149 0.056 0.053 0.99 8070.6 4.0261 16.57727 2.483823 17.930128 15.446305 "" "" 1466.50281 1803.22339 4405.9415 2.9422 919.11 5.9918 5255.8 10.286 "" "" 0.0028491160353509076 0.0076081506 0.0043357573 0.011943908 291.94144046363 17.3298245668 1603.77649 -2.637 -7.148999999999999
292.15388548714 17.39751834992 0.0392 0.0449 2.4626 "" "" 4322965126957766656 2172.63696 0.4455 0.0562 -2.096 -5.135 0.048 0.053 1.025 9233.8 3.8431 16.580912 1.876333 17.499292 15.622959 "" "" 1934.76416 2476.80835 4391.19006 2.9948 1366.8 6.7139 4466.6 8.0109 "" "" 0.0028530845426141885 0.006019044 0.0042515444 0.010270588 292.15388548714 17.39751834992 2172.63696 -2.096 -5.134999999999999
292.10832602149 17.43265421405 0.0371 0.0407 4.2946 "" "" 4322968425492667008 2367.59399 0.3885 0.051 -1.437 -2.485 0.047 0.051 0.954 9190.0 3.8946 16.594934 2.272912 17.787048 15.514136 "" "" 2163.30493 2696.07959 4334.84032 2.7371 1048.6 9.5532 4937.5 9.7452 "" "" 0.0028393263443110793 0.010277517 0.0043446375 0.014622155 292.10832602149 17.43265421405 2367.59399 -1.437 -2.4850000000000008
292.29315201494 17.56811877228 0.0391 0.0412 15.4329 "" "" 4322976843628733056 1611.10974 0.5998 0.0544 -0.748 -5.052 0.047 0.051 1.02 7100.8 3.8351 16.602707 2.949269 18.313257 15.363988 "" "" 1480.05115 1758.71899 4303.91719 2.9444 645.82 8.2331 5669.7 8.9951 "" "" 0.0028536825289527134 0.014119703 0.0041534184 0.018273123 292.29315201494 17.56811877228 1611.10974 -0.7479999999999999 -5.051999999999999
292.1258940006 17.45769552899 0.0351 0.0407 5.6306 "" "" 4322969937321157376 2332.68506 0.3952 0.0505 -3.42 -6.521 0.045 0.05 1.041 8958.0 3.5993 16.602736 2.044102 17.638296 15.594194 "" "" 2099.49243 2604.38794 4303.80629 2.7212 1202.5 6.2257 4586.5 10.603 "" "" 0.0028395515862951262 0.006275564 0.0045369337 0.010812498 292.1258940006 17.45769552899 2332.68506 -3.42 -6.520999999999999
292.43467445324 17.38122692209 0.0382 0.0419 17.5229 "" "" 4322923620392645120 1782.02576 0.5357 0.0543 -1.414 -3.724 0.047 0.052 1.009 8320.9 4.075 16.605133 2.36316 17.860031 15.496871 "" "" 1641.86182 2009.12854 4294.30949 2.607 980.4 9.4285 5016.6 9.5294 "" "" 0.0028330625825563386 0.010807882 0.0043055043 0.015113386 292.43467445324 17.38122692209 1782.02576 -1.4139999999999997 -3.724
292.1119279211 17.36792705976 0.0403 0.0449 1.0184 "" "" 4322964611561690240 2153.40234 0.4481 0.0572 -1.041 -4.042 0.046 0.049 1.006 9282.2 3.9612 16.608915 2.073199 17.660242 15.587043 "" "" 1929.49207 2390.46387 4279.38129 2.5249 1178.5 9.1589 4616.8 10.353 "" "" 0.002828808729556646 0.008887318 0.0044957316 0.0133830495 292.1119279211 17.36792705976 2153.40234 -1.041 -4.042
292.19870837082 17.09827773735 0.0411 0.0438 16.4278 "" "" 4322535389713591424 2223.35815 0.4058 0.0599 -4.126 -6.536 0.053 0.051 1.037 7813.7 3.8527 16.61754 2.742746 18.163998 15.421251 "" "" 1989.62012 2547.83911 4245.51986 2.7482 741.0 8.8575 5378.5 10.355 "" "" 0.0028435435565633683 0.013274821 0.004318932 0.017593753 292.19870837082 17.09827773735 2223.35815 -4.1259999999999994 -6.535999999999999
292.32265957886 17.17454242185 0.0398 0.0392 15.8728 "" "" 4322910804209868160 1694.66431 0.5565 0.0538 -0.039 -5.652 0.051 0.047 1.01 7475.3 3.9539 16.622423 2.609541 18.064941 15.4554 "" "" 1561.42224 1875.91064 4226.46707 2.8901 811.78 5.1237 5211.9 8.2082 "" "" 0.0028535946251247585 0.007399071 0.004148199 0.01154727 292.32265957886 17.17454242185 1694.66431 -0.038999999999999924 -5.652
291.96542435978 17.17579580941 0.0403 0.0436 14.678 "" "" 4322585314414560512 1923.17041 0.4887 0.0567 -0.091 -3.291 0.05 0.051 0.998 8881.5 4.0972 16.665377 2.342059 17.910057 15.567998 "" "" 1757.16052 2142.18164 4062.52357 2.6951 936.26 10.383 4698.5 12.309 "" "" 0.0028479110408576786 0.012359725 0.004730141 0.017089866 291.96542435978 17.17579580941 1923.17041 -0.09099999999999997 -3.2909999999999995
291.87071181878 17.53849711141 0.0361 0.0413 18.1287 "" "" 4322985364843627264 1956.00012 0.4957 0.0522 -1.729 -3.285 0.045 0.047 0.939 4766.1 3.4781 16.670324 2.58611 18.0956 15.50949 "" "" 1781.16162 2139.99756 4044.05236 2.4349 789.18 7.7793 4958.6 7.4664 "" "" 0.002831807402857444 0.011060308 0.0041178204 0.015178128 291.87071181878 17.53849711141 1956.00012 -1.729 -3.2850000000000006
292.02439229743 17.44215111178 0.0396 0.0434 7.6192 "" "" 4322969009608233472 2361.76831 0.3856 0.0523 -2.318 -4.466 0.049 0.052 1.012 8512.5 4.0654 16.68811 2.330602 17.930613 15.600011 "" "" 2097.11499 2640.65942 3978.34724 2.5171 918.7 7.3351 4562.0 7.2692 "" "" 0.00283966250212574 0.009106719 0.0041565318 0.013263251 292.02439229743 17.44215111178 2361.76831 -2.3179999999999996 -4.465999999999999
291.90218899525 17.57983567238 0.0384 0.0457 18.3483 "" "" 4322985948959309312 2236.00366 0.419 0.0568 -1.564 -4.11 0.048 0.053 0.954 "" "" 16.694275 1.873008 17.614388 15.74138 "" "" 2003.79248 2518.18237 3955.82376 2.2118 1229.3 9.1003 4005.0 11.672 "" "" 0.0028214028417033995 0.008508042 0.0049291006 0.013437143 291.90218899525 17.57983567238 2236.00366 -1.5639999999999998 -4.11
292.43152776638 17.45604779938 0.0397 0.0416 18.1698 "" "" 4322925269660120576 1749.76465 0.5425 0.0575 -0.591 -1.239 0.047 0.051 0.98 8319.4 3.6266 16.701597 2.348284 17.95483 15.606546 "" "" 1592.44568 1939.08374 3929.23116 2.6749 898.43 6.4986 4534.6 11.234 "" "" 0.002852737493149039 0.00833436 0.0046388297 0.012973189 292.43152776638 17.45604779938 1749.76465 -0.591 -1.2389999999999997
292.18580651471 17.54634696586 0.0392 0.0423 11.4158 "" "" 4322971483509591808 2042.66455 0.4413 0.0525 -5.608 -8.104 0.049 0.054 0.969 "" "" 16.702024 3.032712 18.478167 15.445455 "" "" 1826.14551 2357.7168 3927.68644 2.7579 554.82 7.7549 5259.9 9.971 "" "" 0.0028588455592418365 0.015430053 0.004303472 0.019733526 292.18580651471 17.54634696586 2042.66455 -5.607999999999999 -8.104
