Clusters/Berkeley_47/Berkeley_47_stars_in_region.tsv
# %ECSV 1.0
# ---
# datatype:
# - name: RA_ICRS_1
#   unit: deg
#   datatype: float64
#   format: '{:15.11f}'
#   description: Right ascension (ICRS) at Ep=2016.0 (ra)
#   meta: !!omap
#   - {ucd: POS_EQ_RA_MAIN}
#   - {width: 15}
#   - {precision: '11'}
# - name: DE_ICRS_1
#   unit: deg
#   datatype: float64
#   format: '{:15.11f}'
#   description: Declination (ICRS) at Ep=2016.0 (dec)
#   meta: !!omap
#   - {ucd: POS_EQ_DEC_MAIN}
#   - {width: 15}
#   - {precision: '11'}
# - name: e_RA_ICRS
#   unit: mas
#   datatype: float64
#   format: '{:7.4f}'
#   description: Standard error of right ascension (ra_error)
#   meta: !!omap
#   - {ucd: ERROR}
#   - {width: 7}
#   - {precision: '4'}
# - name: e_DE_ICRS
#   unit: mas
#   datatype: float64
#   format: '{:7.4f}'
#   description: Standard error of declination (dec_error)
#   meta: !!omap
#   - {ucd: ERROR}
#   - {width: 7}
#   - {precision: '4'}
# - name: _r_1
#   unit: ''
#   datatype: float64
#   format: '{:7.4f}'
#   description: Distance from center (292.12920628000+17.36390607000)[ICRS], at Epoch=J2016.0
#   meta: !!omap
#   - {ucd: POS_ANG_DIST_GENERAL}
#   - {width: 7}
#   - {precision: '4'}
# - name: HIP
#   datatype: int32
#   description: '? HIP cross-id number, van Leeuwen, Cat. I/311 (hip_original_ext_source_id)'
#   meta: !!omap
#   - {ucd: ID_NUMBER}
#   - {width: 6}
#   - values: {'null': -2147483648}
# - name: TYC2
#   datatype: string
#   description: Tycho-2 cross-id name, Hog et al., Cat. I/259 (tyc2_original_ext_source_id)
#   meta: !!omap
#   - {ucd: ID_CROSSID}
#   - {_votable_string_dtype: char}
# - name: Source
#   datatype: int64
#   description: Source identifier, identical to the Gaia-EDR3 source_id (id)
#   meta: !!omap
#   - {ucd: ID_MAIN}
#   - {width: 19}
# - name: rgeo
#   unit: pc
#   datatype: float64
#   format: '{:15.8f}'
#   description: '? Median of the geometric distance posterior (r_med_geo)'
#   meta: !!omap
#   - {ucd: PHYS_DISTANCE_TRUE}
#   - {width: 15}
#   - {precision: '8'}
#   - values: {'null': .nan}
# - name: Plx
#   unit: mas
#   datatype: float64
#   format: '{:9.4f}'
#   description: '? Parallax (parallax)'
#   meta: !!omap
#   - {ucd: POS_PARLX_TRIG}
#   - {width: 9}
#   - {precision: '4'}
#   - values: {'null': .nan}
# - name: e_Plx
#   unit: mas
#   datatype: float32
#   format: '{:7.4f}'
#   description: '? Standard error of parallax (parallax_error)'
#   meta: !!omap
#   - {ucd: ERROR}
#   - {width: 7}
#   - {precision: '4'}
#   - values: {'null': .nan}
# - name: pmRA
#   unit: mas / yr
#   datatype: float64
#   format: '{:9.3f}'
#   description: '? Proper motion in right ascension direction, pmRA*cosDE (pmra)'
#   meta: !!omap
#   - {ucd: POS_EQ_PMRA}
#   - {width: 9}
#   - {precision: '3'}
#   - values: {'null': .nan}
# - name: pmDE
#   unit: mas / yr
#   datatype: float64
#   format: '{:9.3f}'
#   description: '? Proper motion in declination direction (pmdec)'
#   meta: !!omap
#   - {ucd: POS_EQ_PMDEC}
#   - {width: 9}
#   - {precision: '3'}
#   - values: {'null': .nan}
# - name: e_pmRA
#   unit: mas / yr
#   datatype: float32
#   format: '{:6.3f}'
#   description: '? Standard error of proper motion in right ascension direction (pmra_error)'
#   meta: !!omap
#   - {ucd: ERROR}
#   - {width: 6}
#   - {precision: '3'}
#   - values: {'null': .nan}
# - name: e_pmDE
[...]
#         unit: &id001 !astropy.units.Unit {unit: deg}
#         value: !astropy.table.SerializedColumn {name: SkyCoord.dec}
#       distance: !astropy.table.SerializedColumn
#         __class__: astropy.coordinates.distances.Distance
#         unit: !astropy.units.Unit {unit: pc}
#         value: !astropy.table.SerializedColumn {name: SkyCoord.distance}
#       frame: icrs
#       obstime: !astropy.time.Time {format: jyear_str, in_subfmt: '*', jd1: 367701545.0, jd2: 0.0, out_subfmt: '*', precision: 3, scale: tt}
#       pm_dec: !astropy.table.SerializedColumn
#         __class__: astropy.units.quantity.Quantity
#         unit: !astropy.units.Unit {unit: mas / yr}
#         value: !astropy.table.SerializedColumn {name: SkyCoord.pm_dec}
#       pm_ra_cosdec: !astropy.table.SerializedColumn
#         __class__: astropy.units.quantity.Quantity
#         unit: !astropy.units.Unit {unit: mas / yr}
#         value: !astropy.table.SerializedColumn {name: SkyCoord.pm_ra_cosdec}
#       ra: !astropy.table.SerializedColumn
#         __class__: astropy.coordinates.angles.Longitude
#         unit: *id001
#         value: !astropy.table.SerializedColumn {name: SkyCoord.ra}
#         wrap_angle: !astropy.coordinates.Angle
#           unit: *id001
#           value: 360.0
#       representation_type: spherical
# schema: astropy-2.0
RA_ICRS_1 DE_ICRS_1 e_RA_ICRS e_DE_ICRS _r_1 HIP TYC2 Source rgeo Plx e_Plx pmRA pmDE e_pmRA e_pmDE RUWE Teff logg Gmag BP-RP BPmag RPmag RV e_RV b_rgeo B_rgeo FG e_FG FBP e_FBP FRP e_FRP RAVE5 RAVE6 e_Gmag e_BPmag e_RPmag e_BP-RP SkyCoord.ra SkyCoord.dec SkyCoord.distance SkyCoord.pm_ra_cosdec SkyCoord.pm_dec
[from data line 81]
292.10898736911 17.37227051898 0.0185 0.0212 1.2619 "" "" 4322964680281168640 2161.13281 0.4256 0.0266 -1.86 -5.449 0.022 0.024 1.014 10432.0 3.8528 15.088036 1.833541 15.974253 14.140712 "" "" 2038.63403 2278.59741 17367.30397 7.2065 5568.2 9.2973 17493.0 15.604 "" "" 0.0027919096933683774 0.0033273925 0.0039015003 0.0072288928 292.10898736911 17.37227051898 2161.13281 -1.8600000000000003 -5.449
292.2622701343 17.59079400897 0.0205 0.0227 15.5985 "" "" 4322977187226138752 1785.34766 0.5077 0.0299 -1.794 -7.145 0.025 0.028 1.023 4646.7 2.1051 15.094129 2.889371 16.754185 13.864814 -16.67 2.97 1701.06555 1889.66248 17270.11301 8.7865 2714.8 12.758 22554.0 27.079 "" "" 0.0028101464420277325 0.0058154003 0.0039978763 0.009813277 292.2622701343 17.59079400897 1785.34766 -1.794 -7.144999999999999
291.9021759807 17.45036196778 0.0191 0.0212 13.9949 "" "" 4322606411294209664 1654.88245 0.5572 0.0275 -0.61 -3.666 0.024 0.024 1.01 "" "" 15.105296 2.64241 16.577368 13.934957 37.12 3.58 1585.90112 1749.51709 17093.39825 8.4365 3195.0 10.132 21143.0 27.444 "" "" 0.0028069457434398873 0.004431696 0.0040335925 0.008465288 291.9021759807 17.45036196778 1654.88245 -0.6100000000000001 -3.6660000000000004
292.05148723376 17.50199124999 0.0177 0.0194 9.4041 "" "" 4322981379114059776 2093.67261 0.4315 0.0244 -3.63 -0.28 0.022 0.024 0.995 "" "" 15.110187 2.714111 16.638535 13.924423 2.68 4.01 2004.83569 2194.94141 17016.57718 6.4587 3020.0 8.8937 21350.0 16.98 "" "" 0.002785966906237278 0.004243648 0.0038767725 0.00812042 292.05148723376 17.50199124999 2093.67261 -3.6300000000000003 -0.28
292.09984700478 17.28699715557 0.0598 0.0614 4.9114 "" "" 4322588063194116480 1899.11206 0.5098 0.0785 1.531 -4.393 0.075 0.073 2.841 6446.2 3.582 15.121657 1.6178 15.867213 14.249413 -14.25 11.0 1653.89355 2251.80615 16837.73884 8.917 6145.1 16.855 15827.0 14.846 "" "" 0.0028146760687843275 0.0040808707 0.003914198 0.007995069 292.09984700478 17.28699715557 1899.11206 1.531 -4.393
292.08262832253 17.66788758257 0.02 0.02 18.4326 "" "" 4322990931121572864 2177.77881 0.4077 0.0265 -1.691 -0.146 0.024 0.025 0.955 6670.5 2.9685 15.138777 2.889135 16.79981 13.910675 -4.4 3.31 2039.78235 2342.39722 16574.32951 8.8531 2603.1 9.1174 21622.0 16.561 "" "" 0.0028156918782956944 0.0047166087 0.0038697915 0.0085864 292.08262832253 17.66788758257 2177.77881 -1.6909999999999998 -0.14600000000000002
291.98777440246 17.20449740073 0.0254 0.0265 12.5353 "" "" 4322585761091170304 1761.53943 0.519 0.0348 -2.641 -4.044 0.031 0.031 1.125 "" "" 15.156879 3.29289 17.145693 13.852803 37.19 2.54 1661.85059 1877.46729 16300.27901 7.7303 1893.0 8.1719 22805.0 18.19 "" "" 0.002803018863071998 0.0054546488 0.0038773334 0.009331983 291.98777440246 17.20449740073 1761.53943 -2.641 -4.044
291.93861587074 17.47021663989 0.0187 0.0206 12.6388 "" "" 4322981001156948608 2141.63867 0.4168 0.0258 -1.0 -2.114 0.023 0.024 0.961 "" "" 15.179061 3.046792 16.968584 13.921792 -8.75 4.32 2024.59827 2255.60034 15970.64656 6.6021 2228.3 10.499 21401.0 22.021 "" "" 0.0027916374478034016 0.005827062 0.0039410456 0.009768108 291.93861587074 17.47021663989 2141.63867 -1.0 -2.114
291.90418740951 17.4359818258 0.0194 0.0214 13.5898 "" "" 4322605552300975872 1681.34558 0.547 0.0268 0.914 -3.701 0.024 0.024 1.008 "" "" 15.204105 2.838606 16.828445 13.98984 -18.88 3.26 1604.05664 1756.32788 15606.46745 7.1855 2535.4 7.7698 20101.0 17.306 "" "" 0.0028003003433366876 0.0043423213 0.0038932655 0.008235587 291.90418740951 17.4359818258 1681.34558 0.9140000000000001 -3.701
292.14362385499 17.46515771396 0.0187 0.021 6.1309 "" "" 4322969971681101184 2046.02649 0.4394 0.0261 1.384 -4.356 0.025 0.027 1.052 4586.0 2.0936 15.211752 2.847218 16.840544 13.993325 -38.48 2.75 1944.776 2166.96826 15496.94532 8.1989 2507.3 11.436 20037.0 28.341 "" "" 0.0028145610980644564 0.00568407 0.0040794737 0.0097635435 292.14362385499 17.46515771396 2046.02649 1.384 -4.356
292.08032823936 17.21699613816 0.021 0.0225 9.2487 "" "" 4322587169840908032 2127.94434 0.4136 0.0286 1.393 -8.743 0.025 0.026 0.922 4543.2 2.214 15.216435 3.009875 16.973688 13.963813 -4.5 2.33 2002.86877 2241.94702 15430.2516 7.7026 2217.9 8.0751 20589.0 15.385 "" "" 0.002808120189864161 0.004838544 0.0038654818 0.008704025 292.08032823936 17.21699613816 2127.94434 1.3930000000000002 -8.743
292.10047230232 17.33303403298 0.02 0.0212 2.4777 "" "" 4322964267964516480 1619.98792 0.5746 0.027 0.053 -0.733 0.024 0.025 0.98 "" "" 15.221856 2.343288 16.467014 14.123727 -10.82 10.52 1556.48645 1690.97009 15353.39443 6.5466 3536.8 11.642 17769.0 15.336 "" "" 0.0027939423195339104 0.0045340653 0.0038938199 0.008427885 292.10047230232 17.33303403298 1619.98792 0.052999999999999964 -0.7330000000000001
292.27042568999 17.52571548605 0.0192 0.0212 12.6332 "" "" 4322973442014632832 1755.24719 0.5316 0.0274 -1.076 -5.65 0.023 0.027 0.946 8972.1 3.537 15.237753 2.285263 16.437477 14.152214 -10.82 10.75 1677.47729 1832.47754 15130.2373 6.2074 3634.3 9.0294 17309.0 14.415 "" "" 0.002791093931916479 0.003880926 0.0038860408 0.0077669667 292.27042568999 17.52571548605 1755.24719 -1.0759999999999998 -5.65
292.12205379279 17.343976476 0.0205 0.0223 1.264 "" "" 4322964302324033408 2348.99976 0.39 0.028 -1.845 -5.483 0.025 0.026 1.013 "" "" 15.253864 2.028991 16.276165 14.247174 "" "" 2210.8833 2503.6145 14907.36989 5.7893 4216.5 10.901 15859.0 12.037 "" "" 0.002787395889403976 0.003957797 0.0038681813 0.007825978 292.12205379279 17.343976476 2348.99976 -1.8449999999999998 -5.483
291.99796786477 17.58698277016 0.1025 0.1203 15.348 "" "" 4322984334051591936 1640.70264 0.6883 0.1586 0.496 0.024 0.131 0.143 5.423 "" "" 15.284373 1.540823 15.848636 14.307813 -20.3 23.04 1334.28247 2191.85303 14494.30054 12.92 6251.2 15.118 14998.0 15.728 "" "" 0.0029203498394358377 0.0038314057 0.003947163 0.0077785687 291.99796786477 17.58698277016 1640.70264 0.49600000000000005 0.024000000000000007
291.9595288491 17.20454004364 0.0205 0.0216 13.6355 "" "" 4322586551365165440 2110.54053 0.4241 0.0276 1.858 -0.715 0.025 0.025 0.911 "" "" 15.29876 3.170614 17.186127 14.015512 -6.47 5.5 1998.48865 2257.07446 14303.51207 6.0839 1823.8 6.8724 19631.0 11.328 "" "" 0.0027937534294439634 0.0049521043 0.00383096 0.008783065 291.9595288491 17.20454004364 2110.54053 1.8579999999999999 -0.7149999999999999
291.99901423342 17.43032553276 0.0207 0.0221 8.4526 "" "" 4322968940888999040 1987.03271 0.4526 0.0273 -2.965 -4.845 0.027 0.028 1.054 15008.5 3.7073 15.299181 2.810925 16.899282 14.088358 -26.0 3.51 1885.29333 2113.46484 14297.96337 6.1556 2375.2 9.1734 18358.0 15.989 "" "" 0.0027946885654942222 0.0050367345 0.0038958874 0.008932622 291.99901423342 17.43032553276 1987.03271 -2.965 -4.845000000000001
292.21757132781 17.05795341318 0.0203 0.0221 19.043 "" "" 4322534320255074944 2192.9353 0.4157 0.0281 -1.036 -3.539 0.026 0.026 0.988 "" "" 15.310386 2.279404 16.501703 14.2223 "" "" 2077.95752 2303.62549 14151.17806 4.9582 3425.6 8.949 16227.0 11.876 "" "" 0.002781457121146892 0.0039786953 0.0038620122 0.007840708 292.21757132781 17.05795341318 2192.9353 -1.036 -3.5390000000000006
292.11190326198 17.35093555303 0.0256 0.0281 1.26 "" "" 4322964371043515136 2182.354 0.4159 0.0354 -1.776 -8.34 0.032 0.033 1.304 4675.5 2.7545 15.318625 2.901119 16.987595 14.086475 28.16 4.16 2005.50427 2339.36914 14044.19117 6.2604 2189.7 8.5902 18389.0 17.953 "" "" 0.002797503967430691 0.0050918646 0.003925215 0.00901708 292.11190326198 17.35093555303 2182.354 -1.7760000000000002 -8.34
292.2864293286 17.1336340327 0.022 0.0222 16.4941 "" "" 4322535252274631040 1974.5448 0.4595 0.031 -2.73 -8.543 0.029 0.027 1.086 4666.8 2.2122 15.323044 3.018004 17.079062 14.061057 -18.67 13.86 1849.35229 2095.0835 13987.1517 7.6975 2012.8 7.3777 18825.0 17.781 "" "" 0.002819362846508478 0.0048603136 0.003916047 0.008776361 292.2864293286 17.1336340327 1974.5448 -2.7299999999999995 -8.543
292.01572842877 17.10042512205 0.021 0.023 17.0941 "" "" 4322537657456162048 2017.49719 0.4396 0.0296 -0.905 0.749 0.025 0.027 0.975 "" "" 15.34467 3.101809 17.174026 14.072218 -93.35 3.19 1921.29834 2185.45776 13711.29838 6.4854 1844.2 7.5183 18632.0 22.197 "" "" 0.0028027705420235476 0.0052322787 0.003994598 0.009226877 292.01572842877 17.10042512205 2017.49719 -0.9049999999999998 0.7489999999999999
292.16877348422 17.07250185725 0.0208 0.0227 17.6307 "" "" 4322533843525120896 2119.77979 0.4219 0.0294 -2.194 -7.983 0.026 0.026 0.991 "" "" 15.353814 3.049305 17.144997 14.095692 -0.52 3.45 2002.21289 2270.76074 13596.30751 5.6857 1894.2 7.8182 18234.0 16.808 "" "" 0.002792478329874733 0.0052789403 0.003909652 0.009188592 292.16877348422 17.07250185725 2119.77979 -2.194 -7.982999999999998
292.15988090687 17.41290160938 0.0199 0.0225 3.4245 "" "" 4322965161317509120 2331.40356 0.3986 0.0285 -1.957 -5.369 0.024 0.027 1.04 "" "" 15.353857 1.8178 16.230291 14.412492 "" "" 2143.87646 2534.33081 13595.77629 6.521 4398.5 11.88 13620.0 14.203 "" "" 0.00280409993780408 0.0040477808 0.00394533 0.007993111 292.15988090687 17.41290160938 2331.40356 -1.9569999999999999 -5.369000000000001
292.03146154002 17.30253945199 0.0255 0.0264 6.7007 "" "" 4322588956546893440 1821.54712 0.5014 0.0336 0.892 -2.953 0.031 0.03 1.091 6307.1 3.0138 15.365942 3.028302 17.139294 14.110992 -11.11 3.33 1723.14343 1933.95679 13445.2812 6.5129 1904.1 11.852 17979.0 14.62 "" "" 0.002805065575445492 0.00731145 0.0038811364 0.011192586 292.03146154002 17.30253945199 1821.54712 0.8919999999999999 -2.953
292.14497082496 17.52878854892 0.0351 0.0374 9.934 "" "" 4322971414791405440 2092.13672 0.4221 0.0482 0.197 -2.457 0.044 0.046 1.026 5052.4 2.1947 15.374215 2.852269 17.0063 14.154031 -5.01 4.33 1885.47522 2343.53931 13343.22735 6.8376 2152.3 7.3826 17280.0 14.647 "" "" 0.002810932555431653 0.004653448 0.0038898173 0.008543265 292.14497082496 17.52878854892 2092.13672 0.1970000000000001 -2.4570000000000003
291.99145922147 17.1021012321 0.0242 0.0263 17.5802 "" "" 4322537829254864256 1980.53015 0.4543 0.0339 4.082 -4.5 0.029 0.03 1.034 "" "" 15.380897 3.212953 17.303453 14.090501 -54.33 3.69 1857.91223 2138.5498 13261.36379 7.1599 1636.9 9.3344 18321.0 17.073 "" "" 0.0028169869603219427 0.006791055 0.00391247 0.010703525 291.99145922147 17.1021012321 1980.53015 4.081999999999999 -4.5
292.18330638124 17.26099635397 0.0235 0.0246 6.9086 "" "" 4322915889451165440 2004.44153 0.4539 0.0324 1.942 2.354 0.029 0.029 1.032 "" "" 15.383774 3.1352 17.235174 14.099974 21.22 4.02 1866.1134 2144.51465 13226.26755 9.7124 1743.2 9.4935 18162.0 37.75 "" "" 0.002868353655277773 0.006538188 0.0044018757 0.010940064 292.18330638124 17.26099635397 2004.44153 1.9420000000000002 2.354
292.01574693508 17.30557904366 0.0261 0.0278 7.3808 "" "" 4322588647309258496 1806.47949 0.5182 0.0349 -1.45 -0.48 0.033 0.032 1.12 "" "" 15.407109 2.928547 17.099583 14.171036 3.57 3.16 1703.66443 1923.06506 12945.03184 6.3597 1975.1 8.2261 17012.0 16.415 "" "" 0.0028064766625023403 0.0053135115 0.0039218958 0.009235407 292.01574693508 17.30557904366 1806.47949 -1.45 -0.48
292.05462020315 17.25358024297 0.0377 0.0401 7.8786 "" "" 4322587513438967168 2043.92053 0.4585 0.0523 0.665 -1.09 0.045 0.044 1.22 7594.0 2.2611 15.414708 2.419311 16.71028 14.290969 "" "" 1877.70142 2266.69995 12854.74413 6.4212 2826.9 11.425 15232.0 19.55 "" "" 0.0028081897033968594 0.0051999907 0.004028105 0.009228095 292.05462020315 17.25358024297 2043.92053 0.6650000000000001 -1.0899999999999999
292.04413755223 17.24835447148 0.0326 0.035 8.4743 "" "" 4322587513437833088 1952.33496 0.4676 0.0435 -6.622 -7.576 0.041 0.04 1.275 15018.9 3.6113 15.428634 3.2328 17.34328 14.110481 30.95 3.76 1787.61328 2129.95093 12690.92519 9.3855 1578.0 9.2403 17987.0 15.757 "" "" 0.0028699334361023308 0.0069430554 0.0038972262 0.010840282 292.04413755223 17.24835447148 1952.33496 -6.622 -7.575999999999999
292.25595431715 17.1701989346 0.0231 0.0258 13.7047 "" "" 4322536141321275648 2146.0022 0.4127 0.0369 -3.459 -1.135 0.029 0.03 0.999 6075.8 2.8759 15.429244 2.946517 17.139824 14.193307 60.49 3.34 1967.22363 2321.43848 12683.79168 7.6404 1903.2 8.1287 16666.0 16.049 "" "" 0.002831877842985843 0.005411948 0.0039213365 0.009333285 292.25595431715 17.1701989346 2146.0022 -3.4590000000000005 -1.1349999999999998
292.24617879737 17.59581925864 0.0225 0.0236 15.4413 "" "" 4322977943140392192 2357.28687 0.3753 0.0306 -1.091 2.285 0.026 0.028 0.969 4744.3 2.5287 15.430109 3.011526 17.187895 14.176369 13.85 3.23 2226.90796 2553.87012 12673.69174 6.1786 1820.8 10.338 16928.0 16.156 "" "" 0.002805701326975532 0.006766553 0.0039188624 0.010685416 292.24617879737 17.59581925864 2357.28687 -1.0909999999999997 2.285
292.27372194161 17.1357268324 0.0228 0.0249 16.0003 "" "" 4322535286634373248 2254.36572 0.3945 0.0325 -1.929 -8.306 0.029 0.031 1.045 4677.7 2.3662 15.454372 3.028618 17.231695 14.203077 -32.18 4.41 2113.21387 2431.7959 12393.60375 6.7 1748.8 5.7468 16517.0 14.357 "" "" 0.0028171440004064966 0.0045293286 0.003895432 0.008424761 292.27372194161 17.1357268324 2254.36572 -1.9289999999999998 -8.306
292.23817811168 17.63458040317 0.0232 0.0231 17.3965 "" "" 4322978321097527552 2068.51392 0.4331 0.0301 -2.302 -3.056 0.028 0.029 0.964 4797.9 2.2507 15.47437 3.020615 17.24396 14.223345 40.95 3.72 1952.64001 2227.96265 12167.4239 5.4212 1729.2 7.4443 16211.0 17.796 "" "" 0.002797463773432993 0.005443598 0.0039628693 0.009406468 292.23817811168 17.63458040317 2068.51392 -2.302 -3.056
292.11226331313 17.5499150964 0.0776 0.0797 11.2026 "" "" 4322971651013049600 2328.51636 0.4233 0.1008 -0.641 -5.175 0.099 0.103 3.117 "" "" 15.484805 2.081301 16.386492 14.305191 "" "" 1912.26648 2938.07715 12051.04415 12.907 3809.1 12.977 15034.0 43.359 "" "" 0.002990654981204616 0.004633264 0.004908051 0.009541315 292.11226331313 17.5499150964 2328.51636 -0.641 -5.175
292.093757622 17.33705934489 0.0223 0.0246 2.5916 "" "" 4322964233604560384 2237.38672 0.4063 0.0311 -2.466 -0.994 0.028 0.029 0.964 15016.1 3.7483 15.493483 2.887363 17.156103 14.26874 22.09 4.72 2075.53882 2362.13428 11955.11125 5.8064 1874.9 6.0894 15548.0 13.424 "" "" 0.0028053270953707523 0.004496657 0.003893902 0.008390559 292.093757622 17.33705934489 2237.38672 -2.466000000000001 -0.9940000000000001
292.26618489269 17.32863493568 0.0233 0.0235 8.1254 "" "" 4322918049810831872 2232.69995 0.4138 0.0317 -4.214 -8.985 0.029 0.029 0.965 9279.3 3.4772 15.51043 2.132831 16.57609 14.443259 230.64 8.59 2104.17822 2382.44092 11769.95189 4.9082 3198.8 8.7468 13239.0 10.364 "" "" 0.002792272301674404 0.0040741926 0.0038737776 0.00794797 292.26618489269 17.32863493568 2232.69995 -4.214 -8.985000000000001
291.92668733015 17.29709550102 0.0229 0.0237 12.2726 "" "" 4322590296577127680 1897.53235 0.4767 0.0307 -2.916 -4.64 0.029 0.029 0.95 15006.4 3.6252 15.529043 3.147618 17.395348 14.247729 45.09 3.9 1797.45056 2009.38391 11569.89432 5.3248 1504.1 12.213 15851.0 15.756 "" "" 0.0028002636786895203 0.009246962 0.003930453 0.013177415 291.92668733015 17.29709550102 1897.53235 -2.9159999999999995 -4.64
292.36322598151 17.13688132406 0.0231 0.0231 19.1144 "" "" 4322898675222541184 1876.03845 0.5015 0.0311 -3.368 -8.016 0.03 0.029 1.063 8992.5 3.5593 15.53246 2.269991 16.68369 14.413698 "" "" 1780.07166 1995.57727 11533.53709 5.9351 2897.0 30.619 13604.0 76.711 "" "" 0.002811396648996725 0.011809709 0.0071948874 0.019004596 292.36322598151 17.13688132406 1876.03845 -3.3680000000000003 -8.016
291.99908330008 17.49128108657 0.0231 0.0263 10.6722 "" "" 4322981482193280768 1730.00635 0.541 0.0323 -2.448 -2.507 0.029 0.032 1.116 8081.7 3.677 15.547419 2.208745 16.67803 14.469285 "" "" 1643.84851 1814.01294 11375.72772 4.8199 2912.1 17.855 12925.0 34.228 "" "" 0.0027934591553647158 0.0072180713 0.004748766 0.011966838 291.99908330008 17.49128108657 1730.00635 -2.448 -2.507
