Clusters/UBC_337/UBC_337_members.tsv
# %ECSV 1.0
# ---
# datatype:
# - name: RA_ICRS_1
#   unit: deg
#   datatype: float64
#   format: '{:15.11f}'
#   description: Right ascension (ICRS) at Ep=2016.0 (ra)
#   meta: !!omap
#   - {ucd: POS_EQ_RA_MAIN}
#   - {width: 15}
#   - {precision: '11'}
# - name: DE_ICRS_1
#   unit: deg
#   datatype: float64
#   format: '{:15.11f}'
#   description: Declination (ICRS) at Ep=2016.0 (dec)
#   meta: !!omap
#   - {ucd: POS_EQ_DEC_MAIN}
#   - {width: 15}
#   - {precision: '11'}
# - name: e_RA_ICRS
#   unit: mas
#   datatype: float64
#   format: '{:7.4f}'
#   description: Standard error of right ascension (ra_error)
#   meta: !!omap
#   - {ucd: ERROR}
#   - {width: 7}
#   - {precision: '4'}
# - name: e_DE_ICRS
#   unit: mas
#   datatype: float64
#   format: '{:7.4f}'
#   description: Standard error of declination (dec_error)
#   meta: !!omap
#   - {ucd: ERROR}
#   - {width: 7}
#   - {precision: '4'}
# - name: _r_1
#   unit: ''
#   datatype: float64
#   format: '{:7.4f}'
#   description: Distance from center (271.73800744000-24.65019440000)[ICRS], at Epoch=J2016.0
#   meta: !!omap
#   - {ucd: POS_ANG_DIST_GENERAL}
#   - {width: 7}
#   - {precision: '4'}
# - name: HIP
#   datatype: int32
#   description: '? HIP cross-id number, van Leeuwen, Cat. I/311 (hip_original_ext_source_id)'
#   meta: !!omap
#   - {ucd: ID_NUMBER}
#   - {width: 6}
#   - values: {'null': -2147483648}
# - name: TYC2
#   datatype: string
#   description: Tycho-2 cross-id name, Hog et al., Cat. I/259 (tyc2_original_ext_source_id)
#   meta: !!omap
#   - {ucd: ID_CROSSID}
#   - {_votable_string_dtype: char}
# - name: Source
#   datatype: int64
#   description: Source identifier, identical to the Gaia-EDR3 source_id (id)
#   meta: !!omap
#   - {ucd: ID_MAIN}
#   - {width: 19}
# - name: rgeo
#   unit: pc
#   datatype: float64
#   format: '{:15.8f}'
#   description: '? Median of the geometric distance posterior (r_med_geo)'
#   meta: !!omap
#   - {ucd: PHYS_DISTANCE_TRUE}
#   - {width: 15}
#   - {precision: '8'}
#   - values: {'null': .nan}
# - name: Plx
#   unit: mas
#   datatype: float64
#   format: '{:9.4f}'
#   description: '? Parallax (parallax)'
#   meta: !!omap
#   - {ucd: POS_PARLX_TRIG}
#   - {width: 9}
#   - {precision: '4'}
#   - values: {'null': .nan}
# - name: e_Plx
#   unit: mas
#   datatype: float32
#   format: '{:7.4f}'
#   description: '? Standard error of parallax (parallax_error)'
#   meta: !!omap
#   - {ucd: ERROR}
#   - {width: 7}
#   - {precision: '4'}
#   - values: {'null': .nan}
# - name: pmRA
#   unit: mas / yr
#   datatype: float64
#   format: '{:9.3f}'
#   description: '? Proper motion in right ascension direction, pmRA*cosDE (pmra)'
#   meta: !!omap
#   - {ucd: POS_EQ_PMRA}
#   - {width: 9}
#   - {precision: '3'}
#   - values: {'null': .nan}
# - name: pmDE
#   unit: mas / yr
#   datatype: float64
#   format: '{:9.3f}'
#   description: '? Proper motion in declination direction (pmdec)'
#   meta: !!omap
#   - {ucd: POS_EQ_PMDEC}
#   - {width: 9}
#   - {precision: '3'}
#   - values: {'null': .nan}
# - name: e_pmRA
#   unit: mas / yr
#   datatype: float32
#   format: '{:6.3f}'
#   description: '? Standard error of proper motion in right ascension direction (pmra_error)'
#   meta: !!omap
#   - {ucd: ERROR}
#   - {width: 6}
#   - {precision: '3'}
#   - values: {'null': .nan}
# - name: e_pmDE
[...]
#       distance: !astropy.table.SerializedColumn
#         __class__: astropy.coordinates.distances.Distance
#         unit: !astropy.units.Unit {unit: pc}
#         value: !astropy.table.SerializedColumn {name: SkyCoord.distance}
#       frame: icrs
#       obstime: !astropy.time.Time {format: jyear_str, in_subfmt: '*', jd1: 367701545.0, jd2: 0.0, out_subfmt: '*', precision: 3, scale: tt}
#       pm_dec: !astropy.table.SerializedColumn
#         __class__: astropy.units.quantity.Quantity
#         unit: !astropy.units.Unit {unit: mas / yr}
#         value: !astropy.table.SerializedColumn {name: SkyCoord.pm_dec}
#       pm_ra_cosdec: !astropy.table.SerializedColumn
#         __class__: astropy.units.quantity.Quantity
#         unit: !astropy.units.Unit {unit: mas / yr}
#         value: !astropy.table.SerializedColumn {name: SkyCoord.pm_ra_cosdec}
#       ra: !astropy.table.SerializedColumn
#         __class__: astropy.coordinates.angles.Longitude
#         unit: *id001
#         value: !astropy.table.SerializedColumn {name: SkyCoord.ra}
#         wrap_angle: !astropy.coordinates.Angle
#           unit: *id001
#           value: 360.0
#       representation_type: spherical
# schema: astropy-2.0
RA_ICRS_1 DE_ICRS_1 e_RA_ICRS e_DE_ICRS _r_1 HIP TYC2 Source rgeo Plx e_Plx pmRA pmDE e_pmRA e_pmDE RUWE Teff logg Gmag BP-RP BPmag RPmag RV e_RV b_rgeo B_rgeo FG e_FG FBP e_FBP FRP e_FRP RAVE5 RAVE6 e_Gmag e_BPmag e_RPmag e_BP-RP SkyCoord.ra SkyCoord.dec SkyCoord.distance SkyCoord.pm_ra_cosdec SkyCoord.pm_dec rmRA rmDE e_rmRA e_rmDE rRV e_rRV v_pec v_pec3d e_vpec e_vpec3d Pmemb
[from data line 31]
271.62245266625 -24.51973241266 0.0308 0.0255 10.051 "" "" 4065860889889657344 1751.01624 0.5262 0.0338 0.646 -0.795 0.036 0.026 1.014 "" "" 15.212716 1.945524 16.168684 14.22316 "" "" 1665.8811 1867.40283 15483.18639 8.435 4655.3 14.446 16214.0 22.321 "" "" 0.002818093771586444 0.00437452 0.004064209 0.008438729 271.62245266625 -24.51973241266 1751.01624 0.646 -0.7950000000000003 0.09722581720352175 -0.03198389530181889 0.10836766 0.09836766 "" "" 0.8494986986231767 "" 0.09126349036103502 "" 0.95
271.47868239582 -24.5820796946 0.0331 0.0271 14.724 "" "" 4065859622929963776 1964.30872 0.4713 0.0351 0.543 -0.8 0.038 0.028 0.976 "" "" 15.231403 1.892173 16.14864 14.256467 "" "" 1826.15063 2097.16699 15218.96974 7.3345 4742.0 11.665 15724.0 21.605 "" "" 0.002804564202274231 0.0038624376 0.004063157 0.007925594 271.47868239582 -24.5820796946 1964.30872 0.543 -0.8 -0.005774182796478233 -0.03698389530181889 0.110367656 0.100367665 "" "" 0.3485221264294867 "" 0.035067308324106976 "" 0.94
271.83986592727 -24.62158549898 0.0304 0.026 5.8144 "" "" 4065850139641606656 1806.89502 0.5226 0.0332 0.532 -0.631 0.04 0.027 0.937 7983.4 3.5064 15.23323 1.426541 15.862675 14.436133 "" "" 1713.95117 1908.22192 15193.39323 5.619 6170.9 13.343 13326.0 31.606 "" "" 0.0027844251793911197 0.0036464238 0.004573277 0.008219701 271.83986592727 -24.62158549898 1806.89502 0.532 -0.6309999999999998 -0.016774182796478243 0.13201610469818115 0.11236766 0.09936766 "" "" 1.1397666533909416 "" 0.11350648534332552 "" 0.92
271.71611085126 -24.57187496887 0.0329 0.0283 4.8486 "" "" 4065863157634847744 1712.79004 0.5381 0.0347 0.506 -0.685 0.04 0.029 0.891 "" "" 15.246183 1.733443 16.058989 14.325545 "" "" 1612.75232 1819.28247 15013.20318 6.8238 5150.2 12.21 14755.0 23.809 "" "" 0.0027991642535816754 0.003796149 0.0041657076 0.007961856 271.71611085126 -24.57187496887 1712.79004 0.506 -0.6850000000000003 -0.042774182796478266 0.0780161046981811 0.11236766 0.10136766 "" "" 0.7223360572819537 "" 0.07513267790464663 "" 0.96
271.76840348333 -24.57430792948 0.0307 0.0261 4.8457 "" "" 4065862264281633792 1920.01807 0.4858 0.0339 0.607 -0.712 0.038 0.028 0.858 "" "" 15.247558 1.632221 16.003283 14.371061 "" "" 1786.34717 2086.62427 14994.20812 7.1588 5421.3 20.141 14149.0 23.942 "" "" 0.0028036580182308627 0.004904657 0.0042022695 0.009106927 271.76840348333 -24.57430792948 1920.01807 0.6070000000000003 -0.7120000000000003 0.05822581720352171 0.051016104698181186 0.110367656 0.100367665 "" "" 0.7045336888919279 "" 0.07477960846982747 "" 0.95
271.86966664943 -24.70019955886 0.0314 0.026 7.78 "" "" 4065845943405197696 1579.36682 0.6016 0.0346 0.475 -0.788 0.039 0.027 0.943 9100.1 3.6459 15.296313 1.607752 16.02541 14.417658 "" "" 1480.77515 1670.51953 14335.78083 5.261 5311.9 33.829 13555.0 34.865 "" "" 0.0027839809496311044 0.0074562705 0.0046992074 0.012155478 271.86966664943 -24.70019955886 1579.36682 0.47499999999999987 -0.7879999999999999 -0.0737741827964783 -0.02498389530181888 0.11136766 0.09936766 "" "" 0.5830987199528833 "" 0.06425359825707153 "" 0.85
271.73705683326 -24.61410730415 0.0328 0.0275 2.1658 "" "" 4065856255655369472 1908.93164 0.4909 0.0359 0.61 -0.788 0.041 0.031 0.947 9618.7 3.7421 15.313271 1.553907 15.945667 14.39176 "" "" 1788.89795 2045.95886 14113.62648 9.631 5716.8 82.817 13882.0 60.048 "" "" 0.0028531939537020266 0.01597419 0.0060283067 0.022002496 271.73705683326 -24.61410730415 1908.93164 0.6100000000000003 -0.788 0.061225817203521715 -0.02498389530181888 0.11336766 0.10336766 "" "" 0.5983403793782431 "" 0.0670110441853209 "" 0.84
271.58170798024 -24.69674181699 0.0344 0.0288 8.9678 "" "" 4065854915645762304 1800.12 0.5137 0.0345 0.493 -0.637 0.041 0.03 0.893 "" "" 15.386427 1.891522 16.304163 14.412641 "" "" 1702.0647 1936.13477 13193.97991 5.5373 4109.1 14.221 13618.0 18.824 "" "" 0.0027927443174647513 0.004680216 0.004066464 0.00874668 271.58170798024 -24.69674181699 1800.12 0.4929999999999996 -0.637 -0.05577418279647828 0.12601610469818114 0.11336766 0.10236766 "" "" 1.175849221276529 "" 0.12258112822287989 "" 0.87
271.62175733531 -24.66643705098 0.0371 0.0309 6.4134 "" "" 4065855083093739392 1579.63904 0.595 0.0357 0.636 -0.841 0.045 0.033 1.005 "" "" 15.397309 1.787717 16.242153 14.454436 "" "" 1491.76428 1649.88086 13062.40202 6.389 4350.7 10.949 13103.0 20.322 "" "" 0.0028060295502919217 0.0039052397 0.004137547 0.008042787 271.62175733531 -24.66643705098 1579.63904 0.6360000000000001 -0.841 0.08722581720352174 -0.07798389530181882 0.11736766 0.10536766 "" "" 0.8760628122093336 "" 0.09829022185706995 "" 0.83
271.90145519626 -24.62267843553 0.0337 0.0276 9.0658 "" "" 4065849619897632512 1848.15588 0.5097 0.0372 0.481 -0.868 0.043 0.03 0.93 "" "" 15.430348 1.493553 16.106987 14.613434 "" "" 1721.69214 1980.94812 12670.90319 5.4072 4927.4 13.901 11318.0 17.226 "" "" 0.002794004802529859 0.0041433387 0.004124858 0.008268196 271.90145519626 -24.62267843553 1848.15588 0.4809999999999998 -0.8679999999999997 -0.06777418279647829 -0.10498389530181884 0.115367666 0.10236766 "" "" 1.0946804246990838 "" 0.11642678314715602 "" 0.88
271.70158739245 -24.57571697099 0.0347 0.0295 4.8904 "" "" 4065857286467353984 1761.91479 0.5436 0.0358 0.467 -0.809 0.042 0.034 1.004 "" "" 15.447878 1.672698 16.229824 14.557126 "" "" 1644.29871 1889.75562 12467.96621 5.6103 4400.4 15.307 11921.0 12.565 "" "" 0.002798298919428008 0.0046956525 0.003948842 0.008644495 271.70158739245 -24.57571697099 1761.91479 0.467 -0.809 -0.08177418279647825 -0.0459838953018189 0.114367664 0.10636766 "" "" 0.7835062547140181 "" 0.08814260547335655 "" 0.97
271.80323514788 -24.62783993211 0.0318 0.0268 3.8018 "" "" 4065850070922156288 1877.38123 0.4922 0.0341 0.408 -0.735 0.041 0.029 0.951 9210.9 3.5191 15.494699 1.466399 16.15108 14.68468 "" "" 1761.1156 1988.90674 11941.73134 5.0281 4731.4 17.838 10600.0 29.749 "" "" 0.0027929872226017745 0.004953858 0.0048547625 0.00980862 271.80323514788 -24.62783993211 1877.38123 0.4080000000000002 -0.735 -0.1407741827964783 0.028016104698181166 0.11336766 0.10136766 "" "" 1.2772866660347275 "" 0.14424890544398727 "" 0.96
271.75508242591 -24.70136780668 0.0363 0.03 3.2084 "" "" 4065843916180622080 1566.15613 0.5958 0.0378 0.632 -0.697 0.053 0.036 1.012 "" "" 15.517758 1.570663 16.222418 14.651754 "" "" 1471.23792 1675.35767 11690.77551 5.6205 4430.5 18.928 10926.0 42.051 "" "" 0.002804327930026648 0.0054130033 0.005634281 0.011047284 271.75508242591 -24.70136780668 1566.15613 0.632 -0.697 0.08322581720352173 0.0660161046981812 0.12536766 0.10836766 "" "" 0.7886016622070675 "" 0.09391476838059325 "" 0.97
271.73475773608 -24.81093110848 0.0362 0.0296 9.6458 "" "" 4065837697067380736 1758.46411 0.5395 0.037 0.436 -0.857 0.047 0.033 0.951 7997.0 3.5932 15.547513 1.365677 16.14779 14.782114 "" "" 1639.03882 1852.96179 11374.74175 3.9026 4745.7 13.436 9689.8 21.062 "" "" 0.002780387092643545 0.004151397 0.0044556987 0.008607095 271.73475773608 -24.81093110848 1758.46411 0.436 -0.857 -0.11277418279647827 -0.09398389530181883 0.11936766 0.10536766 "" "" 1.2236168586814535 "" 0.13929407106557257 "" 0.85
271.572485539 -24.62754139546 0.0405 0.0332 9.1289 "" "" 4065858381628655232 1699.83362 0.5358 0.0396 0.584 -0.936 0.05 0.037 1.025 "" "" 15.620829 1.962233 16.58872 14.626487 "" "" 1603.50745 1844.00439 10632.01203 5.3667 3161.8 10.948 11183.0 14.737 "" "" 0.0028092957584719535 0.0046817237 0.0040411483 0.008722872 271.572485539 -24.62754139546 1699.83362 0.5839999999999999 -0.9359999999999996 0.03522581720352169 -0.1729838953018189 0.122367665 0.10936766 "" "" 1.4223725048145883 "" 0.15633960936112548 "" 0.86
271.5866966325 -24.49542260113 0.039 0.0326 12.4259 "" "" 4065861920681823872 1858.98303 0.5088 0.0421 0.552 -0.733 0.044 0.033 1.005 9007.9 3.5585 15.696172 1.459342 16.34833 14.888988 "" "" 1720.97668 2009.33044 9919.23029 4.9448 3945.3 13.271 8781.4 13.312 "" "" 0.0028079774081908727 0.0045959987 0.004122223 0.008718221 271.5866966325 -24.49542260113 1858.98303 0.552 -0.733 0.0032258172035217747 0.030016104698181167 0.11636766 0.10536766 "" "" 0.26601229626391265 "" 0.028064225375552376 "" 0.86
271.78954895103 -24.67299491218 0.038 0.0321 3.1257 "" "" 4065844087979464448 1770.11047 0.5287 0.0408 0.602 -0.671 0.05 0.037 0.966 "" "" 15.782899 1.642039 16.545313 14.903274 "" "" 1628.22473 1913.2019 9157.71503 4.8127 3290.7 13.02 8666.6 17.136 "" "" 0.0028137812721913064 0.0051224213 0.004346532 0.009468953 271.78954895103 -24.67299491218 1770.11047 0.6020000000000004 -0.671 0.05322581720352171 0.09201610469818111 0.122367665 0.10936766 "" "" 0.8919017075770207 "" 0.10057771977306032 "" 0.9
271.87279091201 -24.8145353662 0.0426 0.0339 12.2956 "" "" 4065838113732916352 1734.82239 0.5422 0.0452 0.675 -0.814 0.052 0.036 0.976 "" "" 15.785295 1.437767 16.429676 14.991909 "" "" 1632.35815 1882.33191 9137.53336 4.9392 3660.6 19.138 7987.2 14.311 "" "" 0.002817130048199319 0.006325023 0.0042506643 0.0105756875 271.87279091201 -24.8145353662 1734.82239 0.6750000000000006 -0.8139999999999998 0.12622581720352177 -0.050983895301818793 0.12436766 0.10836766 "" "" 1.1194332212513527 "" 0.1368505023744134 "" 0.84
271.71534232277 -24.66632423999 0.0413 0.0339 1.5697 "" "" 4065844259783691776 1505.51611 0.6305 0.0433 0.67 -0.466 0.053 0.039 0.999 "" "" 15.847331 1.758101 16.686102 14.928001 "" "" 1406.90906 1586.97119 8630.06863 5.165 2890.5 10.734 8471.4 15.377 "" "" 0.00283090634571636 0.004903214 0.004262364 0.009165578 271.71534232277 -24.66632423999 1505.51611 0.67 -0.46599999999999997 0.12122581720352177 0.2970161046981811 0.12536766 0.11136766 "" "" 2.289293828902012 "" 0.2597720289214052 "" 0.87
271.50267332733 -24.61584695599 0.0423 0.035 12.9995 "" "" 4065859313692305536 1688.08887 0.5553 0.0441 0.534 -0.848 0.05 0.038 0.958 "" "" 15.856072 1.966908 16.821547 14.854638 "" "" 1580.89417 1823.72791 8560.86398 4.7179 2551.5 11.083 9063.7 13.441 "" "" 0.0028195411595851416 0.005479686 0.0041080555 0.009587741 271.50267332733 -24.61584695599 1688.08887 0.534 -0.848 -0.014774182796478241 -0.08498389530181882 0.122367665 0.110367656 "" "" 0.6902014145573443 "" 0.07643166587755548 "" 0.94
271.77734920486 -24.69852805762 0.0397 0.0331 3.6071 "" "" 4065843198974436352 1671.87109 0.5675 0.042 0.475 -0.7 0.052 0.037 0.943 9254.5 4.0002 15.912971 1.627898 16.654531 15.026633 "" "" 1570.09546 1802.02307 8123.78966 4.2071 2975.8 10.579 7735.8 17.256 "" "" 0.0028121063497079436 0.0047626807 0.004488809 0.00925149 271.77734920486 -24.69852805762 1671.87109 0.475 -0.6999999999999996 -0.0737741827964783 0.0630161046981812 0.12436766 0.10936766 "" "" 0.7688832011714177 "" 0.09093760198514682 "" 0.93
271.6476786317 -24.71112474665 0.0446 0.0365 6.1333 "" "" 4065853949222337280 1791.19763 0.5286 0.0454 0.504 -0.807 0.057 0.04 1.002 8599.2 3.3929 15.935598 1.752843 16.769691 15.016849 "" "" 1648.10522 1978.33533 7956.23348 4.3952 2676.3 8.8947 7805.8 13.969 "" "" 0.0028198459440925243 0.0045613553 0.004249584 0.008810939 271.6476786317 -24.71112474665 1791.19763 0.504 -0.8069999999999997 -0.04477418279647827 -0.0439838953018189 0.12936766 0.11236766 "" "" 0.5328831083602042 "" 0.0646478124151904 "" 0.85
271.78963124189 -24.74070296769 0.0431 0.0352 6.1164 "" "" 4065842443039654656 1723.48633 0.5609 0.0456 0.611 -0.86 0.055 0.037 1.018 9304.9 3.854 15.938333 1.621651 16.687103 15.065453 "" "" 1581.49451 1854.40259 7936.22282 3.9572 2887.9 11.733 7464.1 28.077 "" "" 0.002808002245289705 0.0052195056 0.0055645024 0.010784008 271.78963124189 -24.74070296769 1723.48633 0.6110000000000001 -0.8599999999999997 0.062225817203521716 -0.09698389530181883 0.12736766 0.10936766 "" "" 0.9413504703592038 "" 0.10816902771794873 "" 0.94
271.56174552761 -24.5992115183 0.0464 0.0373 10.0888 "" "" 4065860138326174592 1649.72095 0.5866 0.0478 0.565 -0.924 0.055 0.041 0.967 "" "" 15.958984 1.863411 16.861101 14.99769 "" "" 1546.72498 1773.57666 7786.69013 4.877 2460.2 9.276 7944.8 12.644 "" "" 0.0028379960966558445 0.0049541215 0.0041556545 0.0091097765 271.56174552761 -24.5992115183 1649.72095 0.5650000000000005 -0.9240000000000004 0.016225817203521675 -0.1609838953018189 0.12736766 0.11336766 "" "" 1.265220203773993 "" 0.14362406729155788 "" 0.94
271.79797695456 -24.56932466747 0.0425 0.036 5.8519 "" "" 4065862607879040640 1989.14343 0.4892 0.0454 0.553 -0.776 0.053 0.038 0.995 9213.1 3.4962 15.985618 1.707024 16.796867 15.089844 "" "" 1824.276 2160.65527 7598.00851 3.8422 2610.2 7.617 7298.3 15.471 "" "" 0.002809490176158654 0.0042217947 0.004425028 0.008646823 271.79797695456 -24.56932466747 1989.14343 0.553 -0.776 0.004225817203521776 -0.01298389530181887 0.12536766 0.110367656 "" "" 0.1287398216837527 "" 0.01440489183378239 "" 0.91
271.76110156583 -24.84741709896 0.0462 0.0374 11.9001 "" "" 4065837357819809408 1669.86133 0.5811 0.0476 0.573 -0.798 0.058 0.039 1.024 "" "" 16.006218 1.728856 16.82342 15.094563 "" "" 1526.28943 1835.42847 7455.20774 4.0051 2547.1 8.1272 7266.6 21.154 "" "" 0.002816381761758076 0.0044482164 0.0049268506 0.009375067 271.76110156583 -24.84741709896 1669.86133 0.5730000000000003 -0.7980000000000003 0.024225817203521682 -0.03498389530181889 0.13036767 0.11136766 "" "" 0.33681356419136027 "" 0.039697437850905404 "" 0.96
271.74021174457 -24.79648412676 0.0472 0.0387 8.7782 "" "" 4065840755084190464 1777.87122 0.5443 0.0499 0.533 -0.727 0.065 0.044 0.952 "" "" 16.154482 1.519574 16.838455 15.318881 "" "" 1648.64465 1951.63867 6503.599 3.812 2512.1 33.413 5910.2 19.822 "" "" 0.0028278581705677122 0.014708257 0.005248199 0.019956456 271.74021174457 -24.79648412676 1777.87122 0.533 -0.7270000000000001 -0.015774182796478242 0.03601610469818117 0.13736767 0.11636766 "" "" 0.33134561593914413 "" 0.03976014928207968 "" 0.93
271.77320473814 -24.55921192178 0.0505 0.0426 5.7868 "" "" 4065862504799874304 1563.04724 0.619 0.0522 0.489 -0.56 0.062 0.045 1.086 "" "" 16.1884 2.010577 17.190216 15.179639 "" "" 1435.58862 1727.79211 6303.56963 4.4604 1816.9 7.3823 6719.0 15.914 "" "" 0.002860423385364923 0.0052197953 0.0045712925 0.009791087 271.77320473814 -24.55921192178 1563.04724 0.48899999999999993 -0.56 -0.05977418279647828 0.2030161046981811 0.13436766 0.11736766 "" "" 1.5679552522928601 "" 0.18629367617761802 "" 0.91
271.80013124117 -24.62901517568 0.0465 0.0393 3.6185 "" "" 4065850066594734208 1879.67664 0.5241 0.0496 0.55 -0.688 0.061 0.045 0.986 9005.3 3.6561 16.29692 1.706551 17.095924 15.389374 "" "" 1714.80884 2051.00098 5703.98322 3.0997 1981.7 10.533 5538.7 11.674 "" "" 0.0028177848362959837 0.0064099575 0.0044182125 0.01082817 271.80013124117 -24.62901517568 1879.67664 0.5500000000000004 -0.6880000000000001 0.001225817203521773 0.07501610469818121 0.13336766 0.11736766 "" "" 0.6684577606644969 "" 0.07845837448439397 "" 0.86
271.94203395948 -24.73627332866 0.0515 0.0422 12.2629 "" "" 4065844882601403648 1562.49292 0.6182 0.0551 0.618 -0.696 0.065 0.046 0.897 "" "" 16.33463 1.795732 17.188192 15.39246 "" "" 1440.75317 1685.06274 5509.28699 3.9013 1820.3 9.1834 5523.0 23.185 "" "" 0.0028605787187243287 0.0061472263 0.005920926 0.012068152 271.94203395948 -24.73627332866 1562.49292 0.618 -0.696 0.06922581720352172 0.0670161046981812 0.13736767 0.11836766 "" "" 0.713590858715765 "" 0.09171565433161864 "" 0.9
271.73907405471 -24.68084550315 0.0535 0.0424 1.84 "" "" 4065844191058635008 1458.03845 0.6663 0.0565 0.447 -0.7 0.072 0.048 1.06 "" "" 16.34629 1.753058 17.167887 15.414828 "" "" 1342.11646 1614.60278 5450.42748 4.0428 1854.7 13.701 5410.4 35.775 "" "" 0.0028706013622768647 0.00849199 0.008113218 0.016605208 271.73907405471 -24.68084550315 1458.03845 0.44699999999999995 -0.7 -0.10177418279647826 0.0630161046981812 0.14436767 0.12036766 "" "" 0.8272856060403655 "" 0.11427693108513871 "" 0.87
