Clusters/UBC_337/UBC_337_stars_in_region.tsv
# %ECSV 1.0
# ---
# datatype:
# - name: RA_ICRS_1
#   unit: deg
#   datatype: float64
#   format: '{:15.11f}'
#   description: Right ascension (ICRS) at Ep=2016.0 (ra)
#   meta: !!omap
#   - {ucd: POS_EQ_RA_MAIN}
#   - {width: 15}
#   - {precision: '11'}
# - name: DE_ICRS_1
#   unit: deg
#   datatype: float64
#   format: '{:15.11f}'
#   description: Declination (ICRS) at Ep=2016.0 (dec)
#   meta: !!omap
#   - {ucd: POS_EQ_DEC_MAIN}
#   - {width: 15}
#   - {precision: '11'}
# - name: e_RA_ICRS
#   unit: mas
#   datatype: float64
#   format: '{:7.4f}'
#   description: Standard error of right ascension (ra_error)
#   meta: !!omap
#   - {ucd: ERROR}
#   - {width: 7}
#   - {precision: '4'}
# - name: e_DE_ICRS
#   unit: mas
#   datatype: float64
#   format: '{:7.4f}'
#   description: Standard error of declination (dec_error)
#   meta: !!omap
#   - {ucd: ERROR}
#   - {width: 7}
#   - {precision: '4'}
# - name: _r_1
#   unit: ''
#   datatype: float64
#   format: '{:7.4f}'
#   description: Distance from center (271.73800744000-24.65019440000)[ICRS], at Epoch=J2016.0
#   meta: !!omap
#   - {ucd: POS_ANG_DIST_GENERAL}
#   - {width: 7}
#   - {precision: '4'}
# - name: HIP
#   datatype: int32
#   description: '? HIP cross-id number, van Leeuwen, Cat. I/311 (hip_original_ext_source_id)'
#   meta: !!omap
#   - {ucd: ID_NUMBER}
#   - {width: 6}
#   - values: {'null': -2147483648}
# - name: TYC2
#   datatype: string
#   description: Tycho-2 cross-id name, Hog et al., Cat. I/259 (tyc2_original_ext_source_id)
#   meta: !!omap
#   - {ucd: ID_CROSSID}
#   - {_votable_string_dtype: char}
# - name: Source
#   datatype: int64
#   description: Source identifier, identical to the Gaia-EDR3 source_id (id)
#   meta: !!omap
#   - {ucd: ID_MAIN}
#   - {width: 19}
# - name: rgeo
#   unit: pc
#   datatype: float64
#   format: '{:15.8f}'
#   description: '? Median of the geometric distance posterior (r_med_geo)'
#   meta: !!omap
#   - {ucd: PHYS_DISTANCE_TRUE}
#   - {width: 15}
#   - {precision: '8'}
#   - values: {'null': .nan}
# - name: Plx
#   unit: mas
#   datatype: float64
#   format: '{:9.4f}'
#   description: '? Parallax (parallax)'
#   meta: !!omap
#   - {ucd: POS_PARLX_TRIG}
#   - {width: 9}
#   - {precision: '4'}
#   - values: {'null': .nan}
# - name: e_Plx
#   unit: mas
#   datatype: float32
#   format: '{:7.4f}'
#   description: '? Standard error of parallax (parallax_error)'
#   meta: !!omap
#   - {ucd: ERROR}
#   - {width: 7}
#   - {precision: '4'}
#   - values: {'null': .nan}
# - name: pmRA
#   unit: mas / yr
#   datatype: float64
#   format: '{:9.3f}'
#   description: '? Proper motion in right ascension direction, pmRA*cosDE (pmra)'
#   meta: !!omap
#   - {ucd: POS_EQ_PMRA}
#   - {width: 9}
#   - {precision: '3'}
#   - values: {'null': .nan}
# - name: pmDE
#   unit: mas / yr
#   datatype: float64
#   format: '{:9.3f}'
#   description: '? Proper motion in declination direction (pmdec)'
#   meta: !!omap
#   - {ucd: POS_EQ_PMDEC}
#   - {width: 9}
#   - {precision: '3'}
#   - values: {'null': .nan}
# - name: e_pmRA
#   unit: mas / yr
#   datatype: float32
#   format: '{:6.3f}'
#   description: '? Standard error of proper motion in right ascension direction (pmra_error)'
#   meta: !!omap
#   - {ucd: ERROR}
#   - {width: 6}
#   - {precision: '3'}
#   - values: {'null': .nan}
# - name: e_pmDE
[...]
#         value: !astropy.table.SerializedColumn {name: SkyCoord.dec}
#       distance: !astropy.table.SerializedColumn
#         __class__: astropy.coordinates.distances.Distance
#         unit: !astropy.units.Unit {unit: pc}
#         value: !astropy.table.SerializedColumn {name: SkyCoord.distance}
#       frame: icrs
#       obstime: !astropy.time.Time {format: jyear_str, in_subfmt: '*', jd1: 367701545.0, jd2: 0.0, out_subfmt: '*', precision: 3, scale: tt}
#       pm_dec: !astropy.table.SerializedColumn
#         __class__: astropy.units.quantity.Quantity
#         unit: !astropy.units.Unit {unit: mas / yr}
#         value: !astropy.table.SerializedColumn {name: SkyCoord.pm_dec}
#       pm_ra_cosdec: !astropy.table.SerializedColumn
#         __class__: astropy.units.quantity.Quantity
#         unit: !astropy.units.Unit {unit: mas / yr}
#         value: !astropy.table.SerializedColumn {name: SkyCoord.pm_ra_cosdec}
#       ra: !astropy.table.SerializedColumn
#         __class__: astropy.coordinates.angles.Longitude
#         unit: *id001
#         value: !astropy.table.SerializedColumn {name: SkyCoord.ra}
#         wrap_angle: !astropy.coordinates.Angle
#           unit: *id001
#           value: 360.0
#       representation_type: spherical
# schema: astropy-2.0
RA_ICRS_1 DE_ICRS_1 e_RA_ICRS e_DE_ICRS _r_1 HIP TYC2 Source rgeo Plx e_Plx pmRA pmDE e_pmRA e_pmDE RUWE Teff logg Gmag BP-RP BPmag RPmag RV e_RV b_rgeo B_rgeo FG e_FG FBP e_FBP FRP e_FRP RAVE5 RAVE6 e_Gmag e_BPmag e_RPmag e_BP-RP SkyCoord.ra SkyCoord.dec SkyCoord.distance SkyCoord.pm_ra_cosdec SkyCoord.pm_dec rmRA rmDE e_rmRA e_rmDE rRV e_rRV v_pec v_pec3d e_vpec e_vpec3d
[from data line 816]
271.61704143428 -24.91904775128 0.0419 0.0367 17.4252 "" "" 4065745686061208192 1861.09961 0.5089 0.0412 2.135 0.004 0.06 0.042 0.938 9008.0 3.6614 15.712371 1.257235 16.241022 14.983787 "" "" 1707.72961 2013.72546 9772.33211 4.1911 4355.2 17.239 8047.2 27.607 "" "" 0.0027943897079216184 0.005123925 0.005306373 0.010430298 271.61704143428 -24.91904775128 1861.09961 2.1350000000000025 0.00400000000000002 1.5862258172035215 0.7670161046981812 0.13236766 0.114367664 "" "" 15.543135003077248 "" 2.0073853097537717 ""
271.46738198639 -24.89299878033 0.0378 0.0322 20.7269 "" "" 4065757093493891712 1597.06799 0.5895 0.04 1.322 -0.696 0.047 0.034 0.982 9465.9 3.7517 15.71267 1.782016 16.535337 14.753322 "" "" 1500.03967 1713.09961 9769.64202 5.5871 3321.1 16.491 9950.1 25.415 "" "" 0.002824415819604943 0.00607047 0.004687704 0.010758175 271.46738198639 -24.89299878033 1597.06799 1.3220000000000018 -0.6960000000000002 0.7732258172035218 0.0670161046981812 0.11936766 0.10636766 "" "" 5.87534224692157 "" 0.7007871818707426 ""
272.14907133708 -24.7448619489 0.0355 0.0328 23.1164 "" "" 4065798462605850624 2033.5238 0.4552 0.0483 -0.146 -1.123 0.043 0.033 0.946 8223.0 3.3777 15.713359 2.22424 16.870056 14.645816 "" "" 1830.31799 2241.82471 9763.45013 4.3877 2440.0 7.2771 10986.0 14.209 "" "" 0.0027981896864683205 0.004274396 0.0040318333 0.0083062295 272.14907133708 -24.7448619489 2033.5238 -0.14600000000000032 -1.123 -0.6947741827964783 -0.35998389530181885 0.115367666 0.10536766 "" "" 7.54240030760464 "" 0.8547416309723584 ""
271.64183512993 -24.73754886653 0.0384 0.0323 7.4133 "" "" 4065842099463324032 1838.24133 0.5117 0.0405 0.559 -0.666 0.05 0.035 1.041 "" "" 15.714263 1.755463 16.53892 14.783457 "" "" 1716.92334 2005.21497 9755.32271 5.1798 3310.2 9.4085 9677.8 15.139 "" "" 0.0028149842006399686 0.004160313 0.0041434714 0.008303784 271.64183512993 -24.73754886653 1838.24133 0.5589999999999994 -0.666 0.010225817203521781 0.09701610469818112 0.122367665 0.107367665 "" "" 0.8500096826171903 "" 0.09141331361397806 ""
272.00431350492 -24.44734467876 0.0374 0.0319 18.9571 "" "" 4065876596642559360 1707.50024 0.5583 0.0452 1.399 -1.731 0.049 0.034 1.0 "" "" 15.717324 2.145505 16.80362 14.658114 "" "" 1596.11035 1849.45947 9727.85105 5.5248 2594.0 8.0762 10862.0 23.336 "" "" 0.0028234767095539136 0.0043831267 0.004441257 0.008824384 272.00431350492 -24.44734467876 1707.50024 1.399 -1.731 0.8502258172035217 -0.9679838953018189 0.12136766 0.10636766 "" "" 10.427424103765686 "" 1.179810225044836 ""
272.06630616362 -24.68721760958 0.323 0.3068 18.0375 "" "" 4065799802642495744 1954.46631 1.4247 0.4685 -0.345 -2.849 0.398 0.319 7.836 "" "" 15.718123 1.836942 16.349245 14.512303 "" "" 1024.33606 3497.75415 9720.69934 18.95 3942.0 15.183 12423.0 38.679 "" "" 0.0034744392287027258 0.0050271926 0.005070611 0.010097804 272.06630616362 -24.68721760958 1954.46631 -0.34500000000000003 -2.849 -0.8937741827964782 -2.085983895301819 0.47036767 0.39136767 "" "" 21.024076955494362 "" 8.507038113888433 ""
271.69959068622 -25.05087091286 0.037 0.0329 24.1314 "" "" 4065693901568736128 1958.82715 0.4733 0.043 -0.793 -0.212 0.046 0.033 1.005 7451.1 4.1365 15.718258 1.413338 16.223877 14.810539 "" "" 1799.42053 2123.03809 9719.48973 6.3498 4424.5 69.026 9439.4 114.21 "" "" 0.002845157500923569 0.017166683 0.013669484 0.030836169 271.69959068622 -25.05087091286 1958.82715 -0.7929999999999988 -0.212 -1.3417741827964784 0.5510161046981812 0.11836766 0.10536766 "" "" 13.467746093810309 "" 1.570086027748394 ""
272.08507770239 -24.73384615667 0.0452 0.0449 19.5746 "" "" 4065798664405011072 1659.59705 0.6008 0.0635 -2.207 -2.412 0.052 0.043 1.15 9024.7 3.5431 15.718369 1.449352 16.368885 14.919533 "" "" 1499.7572 1860.36841 9718.50496 4.4352 3871.4 18.618 8537.8 25.31 "" "" 0.0027995184132827136 0.005920165 0.0049642 0.010884365 272.08507770239 -24.73384615667 1659.59705 -2.207 -2.412 -2.755774182796478 -1.6489838953018188 0.12436766 0.115367666 "" "" 25.26287381874243 "" 3.0835671266051237 ""
271.65015558836 -24.93759080865 0.0395 0.0341 17.8954 "" "" 4065742451895019264 1550.4187 0.6093 0.0434 -1.454 -0.992 0.051 0.036 1.031 9106.1 3.7801 15.718832 1.645502 16.472145 14.826643 "" "" 1459.55139 1665.27649 9714.35421 5.0617 3520.1 14.455 9300.4 20.186 "" "" 0.0028127986407062507 0.0052595763 0.00445387 0.009713447 271.65015558836 -24.93759080865 1550.4187 -1.454 -0.9919999999999999 -2.002774182796478 -0.22898389530181884 0.12336766 0.10836766 "" "" 14.814244393077066 "" 1.8249036691991927 ""
272.08294300354 -24.64733812394 0.0373 0.0329 18.8111 "" "" 4065847249075524736 1796.4115 0.5118 0.047 -0.681 -2.801 0.047 0.036 0.954 7156.0 3.9014 15.724687 1.96599 16.70543 14.739439 "" "" 1660.86816 1974.89648 9662.11248 5.4148 2839.5 13.451 10078.0 25.668 "" "" 0.0028217047075306425 0.005851324 0.004683012 0.010534337 272.08294300354 -24.64733812394 1796.4115 -0.681 -2.801 -1.2297741827964783 -2.037983895301819 0.11936766 0.10836766 "" "" 20.268043759987425 "" 2.2580665466792214 ""
271.9332842302 -24.33222363141 0.0423 0.0369 21.8556 "" "" 4065890512336799232 1851.83862 0.5164 0.0577 0.995 -1.67 0.05 0.038 1.006 "" "" 15.724712 2.674828 17.21596 14.541132 "" "" 1656.36633 2083.43286 9661.88325 6.8616 1774.3 13.487 12098.0 25.697 "" "" 0.002861174972309698 0.008711905 0.0044274363 0.013139341 271.9332842302 -24.33222363141 1851.83862 0.9950000000000013 -1.6700000000000008 0.4462258172035217 -0.9069838953018188 0.122367665 0.110367656 "" "" 8.872603939536567 "" 1.0008867098901943 ""
271.43267229005 -24.83460253473 0.0402 0.0361 19.9814 "" "" 4065758296085049600 1934.1416 0.4775 0.0443 -0.92 -1.533 0.048 0.036 0.94 7091.2 3.6806 15.725407 2.541929 17.119076 14.577147 "" "" 1769.54883 2130.07642 9655.71084 5.9368 1939.9 10.023 11703.0 20.19 "" "" 0.0028350361888982477 0.006265319 0.0042180885 0.010483407 271.43267229005 -24.83460253473 1934.1416 -0.9200000000000007 -1.533 -1.4687741827964782 -0.7699838953018188 0.12036766 0.10836766 "" "" 15.203605733902469 "" 1.7922627743706558 ""
271.57719854559 -24.95818006911 0.0386 0.0345 20.4497 "" "" 4065741081855666304 1787.22302 0.5292 0.0452 0.147 -3.162 0.051 0.037 0.896 5382.1 4.1907 15.727364 1.560774 16.44076 14.879986 "" "" 1676.07593 1938.59216 9638.3186 4.3072 3623.4 8.2935 8854.5 22.822 "" "" 0.0027977143302530603 0.0037364191 0.0047026505 0.00843907 271.57719854559 -24.95818006911 1787.22302 0.14700000000000002 -3.162000000000003 -0.40177418279647825 -2.3989838953018188 0.12336766 0.10936766 "" "" 20.605882652805793 "" 2.26197618018625 ""
271.88235134848 -24.95371814401 0.0424 0.0341 19.8359 "" "" 4065788150323653888 1624.25012 0.5897 0.0464 -0.025 -4.012 0.061 0.038 0.999 "" "" 15.729454 1.557795 16.43851 14.880716 "" "" 1498.12769 1767.63538 9619.77693 5.0565 3630.9 20.626 8848.5 33.353 "" "" 0.0028138034884706994 0.006769482 0.0055706687 0.012340151 271.88235134848 -24.95371814401 1624.25012 -0.02499999999999998 -4.012 -0.5737741827964783 -3.2489838953018184 0.13336766 0.110367656 "" "" 25.40081921034422 "" 2.8228720763321538 ""
271.87517994645 -24.95921151432 0.0412 0.034 19.9896 "" "" 4065788150323650176 1429.79968 0.6697 0.0467 2.271 -1.669 0.065 0.039 0.931 7787.4 4.1773 15.731751 1.417285 16.355658 14.938373 "" "" 1333.91943 1540.17188 9599.44826 4.5959 3918.8 21.075 8390.9 30.016 "" "" 0.002803925247266624 0.0064714006 0.005419266 0.011890667 271.87517994645 -24.95921151432 1429.79968 2.271 -1.6689999999999994 1.7222258172035216 -0.9059838953018189 0.13736767 0.11136766 "" "" 13.1884468731972 "" 1.7430777646932387 ""
271.81218543662 -25.00019437316 0.0438 0.0375 21.385 "" "" 4065787634932949632 1556.79077 0.6137 0.0483 -0.398 -8.04 0.053 0.041 1.159 5108.3 4.1696 15.732888 1.729406 16.541447 14.81204 "" "" 1437.8136 1700.44739 9589.39865 5.6001 3302.5 21.07 9426.3 38.761 "" "" 0.002827334160897167 0.007467835 0.005849442 0.013317278 271.81218543662 -25.00019437316 1556.79077 -0.3980000000000001 -8.04 -0.9467741827964783 -7.276983895301818 0.12536766 0.11336766 "" "" 54.150812309423884 "" 6.150329379605333 ""
272.01231833499 -24.72133881075 0.0407 0.0333 15.5518 "" "" 4065798217733606144 1775.21741 0.5326 0.0429 0.228 -1.003 0.046 0.034 0.975 10029.8 4.044 15.739605 1.929512 16.645346 14.715834 "" "" 1656.39722 1919.71533 9530.25722 6.397 3001.1 16.348 10300.0 38.863 "" "" 0.0028500716943086115 0.006539481 0.005573674 0.012113156 272.01231833499 -24.72133881075 1775.21741 0.228 -1.003 -0.3207741827964783 -0.23998389530181874 0.11836766 0.10636766 "" "" 3.3709448025802935 "" 0.3849838894985915 ""
271.56391542509 -24.29988219059 0.0354 0.0289 23.0688 "" "" 4066060691772493440 1459.31787 0.6481 0.0387 0.053 -1.834 0.046 0.032 0.94 9366.9 3.882 15.74394 1.699893 16.543303 14.84341 "" "" 1389.84119 1540.2887 9492.28489 4.6081 3296.8 11.025 9157.9 14.499 "" "" 0.0028052809637268993 0.004579109 0.0041519343 0.008731043 271.56391542509 -24.29988219059 1459.31787 0.05299999999999998 -1.8339999999999996 -0.4957741827964783 -1.070983895301819 0.11836766 0.10436766 "" "" 8.163424761451571 "" 0.8732538916789063 ""
272.17050936586 -24.6791516751 0.0398 0.0324 23.6465 "" "" 4065822750581900928 1798.80334 0.5296 0.0467 -0.04 -4.19 0.049 0.037 1.047 7554.5 3.3341 15.744317 1.944187 16.655779 14.711592 "" "" 1664.15295 1958.68945 9488.98655 5.5481 2972.4 14.754 10340.0 68.528 "" "" 0.0028275046233160457 0.006068679 0.008127824 0.014196504 272.17050936586 -24.6791516751 1798.80334 -0.04000000000000002 -4.190000000000002 -0.5887741827964783 -3.4269838953018192 0.12136766 0.10936766 "" "" 29.64769051405973 "" 3.2532406511466117 ""
272.08384366846 -24.53937460199 0.0392 0.033 20.0049 "" "" 4065872159886426112 1961.56921 0.4821 0.0489 0.008 -0.295 0.049 0.035 1.04 7336.3 3.7421 15.746304 1.74072 16.57266 14.831941 "" "" 1802.64197 2135.58423 9471.6423 5.9363 3208.9 14.555 9255.1 19.884 "" "" 0.0028381052312605104 0.0056601926 0.0044412743 0.010101467 272.08384366846 -24.53937460199 1961.56921 0.008 -0.29500000000000004 -0.5407741827964783 0.46801610469818117 0.12136766 0.107367665 "" "" 6.649584649142667 "" 0.7685588054052245 ""
271.96199782205 -24.69876520236 0.0392 0.0313 12.5552 "" "" 4065845397997506048 1991.32971 0.4815 0.0433 1.272 0.74 0.047 0.033 0.935 7196.3 3.3619 15.748428 1.407973 16.372694 14.964721 "" "" 1816.5083 2143.3562 9453.12866 4.5951 3857.8 18.968 8189.7 10.254 "" "" 0.002805410715636056 0.0060235295 0.0040164306 0.01003996 271.96199782205 -24.69876520236 1991.32971 1.272 0.74 0.7232258172035217 1.5030161046981811 0.11936766 0.10536766 "" "" 15.743775827459922 "" 1.7025034063769808 ""
271.94223741387 -24.8476683643 0.0395 0.0323 16.255 "" "" 4065791178339283840 1532.70837 0.6184 0.042 1.322 -5.187 0.047 0.034 1.015 5049.6 3.5369 15.748667 1.974901 16.744425 14.769524 "" "" 1450.04321 1623.85901 9451.04832 4.6927 2739.3 9.3996 9802.8 20.615 "" "" 0.0028075639343256163 0.004654568 0.004415547 0.009070115 271.94223741387 -24.8476683643 1532.70837 1.3219999999999987 -5.187 0.7732258172035218 -4.423983895301819 0.11936766 0.10636766 "" "" 32.62763253628966 "" 3.4838410031107516 ""
271.94531853435 -24.67029419501 0.0403 0.0321 11.3684 "" "" 4065846325710494720 1856.40491 0.5061 0.0446 -0.586 -3.963 0.049 0.034 0.908 15013.7 4.1439 15.750606 2.462338 17.078129 14.61579 "" "" 1703.64722 2036.24304 9434.18382 5.5994 2014.5 11.47 11294.0 19.8 "" "" 0.002829673499024687 0.0067823795 0.004231649 0.011014028 271.94531853435 -24.67029419501 1856.40491 -0.5860000000000001 -3.963000000000003 -1.1347741827964781 -3.199983895301819 0.12136766 0.10636766 "" "" 29.87587790193293 "" 3.2309727322144575 ""
271.88800194602 -24.99339179058 0.0415 0.0344 22.1527 "" "" 4065787463133960704 1587.13379 0.5981 0.0423 2.074 -0.051 0.054 0.039 1.041 9405.3 4.1702 15.751405 1.328938 16.33485 15.005913 "" "" 1496.09412 1683.87048 9427.24395 4.9603 3994.6 21.048 7884.8 25.52 "" "" 0.002813920392242784 0.006365011 0.0051606814 0.011525692 271.88800194602 -24.99339179058 1587.13379 2.074 -0.05099999999999999 1.5252258172035216 0.7120161046981811 0.12636766 0.11136766 "" "" 12.66300222579557 "" 1.5678977990670684 ""
272.00713484653 -24.93257869423 0.0386 0.0312 22.4046 "" "" 4065786810293955200 1975.24512 0.4733 0.042 -3.638 -4.63 0.044 0.034 1.026 5061.2 3.4929 15.751616 1.950596 16.706902 14.756306 "" "" 1836.32947 2123.09009 9425.41816 4.7248 2835.7 18.138 9922.8 21.051 "" "" 0.002808560001719715 0.0074842433 0.004425971 0.011910214 272.00713484653 -24.93257869423 1975.24512 -3.6380000000000026 -4.63 -4.186774182796478 -3.8669838953018187 0.11636766 0.10636766 "" "" 53.36112970082916 "" 5.969786542464152 ""
271.5424932807 -24.31293866035 0.0369 0.03 22.879 "" "" 4066060623053001344 1973.71582 0.4716 0.0394 -0.29 -1.749 0.05 0.034 0.897 "" "" 15.752132 1.539684 16.458784 14.9191 "" "" 1785.52002 2174.22925 9420.93282 5.388 3563.7 12.709 8541.2 24.137 "" "" 0.002824423961570575 0.004772565 0.004868038 0.009640602 271.5424932807 -24.31293866035 1973.71582 -0.2900000000000003 -1.749 -0.8387741827964783 -0.985983895301819 0.122367665 0.10636766 "" "" 12.110495825652258 "" 1.3728530584230547 ""
271.38999099368 -24.77428435694 0.0395 0.0378 20.3775 "" "" 4065761697698955776 1909.97424 0.4771 0.05 0.826 -0.155 0.047 0.035 1.029 "" "" 15.754777 3.194504 17.60955 14.415047 25.77 7.34 1724.75818 2109.92725 9398.01108 9.2211 1234.8 8.727 13588.0 22.93 "" "" 0.002954090222124164 0.008165012 0.0042000813 0.012365093 271.38999099368 -24.77428435694 1909.97424 0.826 -0.15500000000000008 0.2772258172035217 0.6080161046981811 0.11936766 0.107367665 23.994444444444444 8.248276 6.049715273208589 24.745351464152296 0.6626053907270733 7.999619073940817
271.82912222469 -24.99385964328 0.1012 0.0868 21.2085 "" "" 4065787604926230400 1552.23242 0.6792 0.1058 -1.457 -18.219 0.127 0.094 2.002 "" "" 15.757478 2.128175 16.25662 14.128446 "" "" 1329.849 1894.48108 9374.66496 35.599 4293.1 115.91 17692.0 460.91 "" "" 0.004958867732213887 0.029446429 0.028536852 0.05798328 271.82912222469 -24.99385964328 1552.23242 -1.457 -18.219 -2.005774182796478 -17.45598389530182 0.19936767 0.16636765 "" "" 129.27890822976318 "" 21.568848301836745 ""
271.55743594368 -24.89351682001 0.0386 0.0363 17.6044 "" "" 4065746648133351552 1575.5 0.592 0.048 -1.487 -4.113 0.051 0.036 0.983 8313.1 3.7093 15.764339 1.612887 16.515554 14.902667 "" "" 1461.2395 1708.47961 9315.60412 4.7602 3382.2 7.8823 8671.4 18.668 "" "" 0.0028106218705613037 0.0037666487 0.0044437777 0.008210426 271.55743594368 -24.89351682001 1575.5 -1.486999999999999 -4.113000000000003 -2.0357741827964784 -3.3499838953018193 0.12336766 0.10836766 "" "" 29.274401523160563 "" 3.2965921039459416 ""
272.15464396419 -24.73494483144 0.0464 0.0441 23.2747 "" "" 4065798840562979200 1630.97717 0.5797 0.0649 -1.087 -4.837 0.055 0.043 1.035 9455.4 3.7255 15.76473 2.261409 16.825092 14.563683 "" "" 1472.42871 1807.27161 9312.25143 8.0484 2543.2 23.079 11849.0 164.7 "" "" 0.0029107298162601544 0.0102402745 0.015557669 0.025797945 272.15464396419 -24.73494483144 1630.97717 -1.0869999999999977 -4.8370000000000015 -1.6357741827964782 -4.073983895301819 0.12736766 0.115367666 "" "" 33.939233755470426 "" 3.974528656515389 ""
