Clusters/UBC_337/UBC_337_stars_in_region.tsv
# %ECSV 1.0
# ---
# datatype:
# - name: RA_ICRS_1
#   unit: deg
#   datatype: float64
#   format: '{:15.11f}'
#   description: Right ascension (ICRS) at Ep=2016.0 (ra)
#   meta: !!omap
#   - {ucd: POS_EQ_RA_MAIN}
#   - {width: 15}
#   - {precision: '11'}
# - name: DE_ICRS_1
#   unit: deg
#   datatype: float64
#   format: '{:15.11f}'
#   description: Declination (ICRS) at Ep=2016.0 (dec)
#   meta: !!omap
#   - {ucd: POS_EQ_DEC_MAIN}
#   - {width: 15}
#   - {precision: '11'}
# - name: e_RA_ICRS
#   unit: mas
#   datatype: float64
#   format: '{:7.4f}'
#   description: Standard error of right ascension (ra_error)
#   meta: !!omap
#   - {ucd: ERROR}
#   - {width: 7}
#   - {precision: '4'}
# - name: e_DE_ICRS
#   unit: mas
#   datatype: float64
#   format: '{:7.4f}'
#   description: Standard error of declination (dec_error)
#   meta: !!omap
#   - {ucd: ERROR}
#   - {width: 7}
#   - {precision: '4'}
# - name: _r_1
#   unit: ''
#   datatype: float64
#   format: '{:7.4f}'
#   description: Distance from center (271.73800744000-24.65019440000)[ICRS], at Epoch=J2016.0
#   meta: !!omap
#   - {ucd: POS_ANG_DIST_GENERAL}
#   - {width: 7}
#   - {precision: '4'}
# - name: HIP
#   datatype: int32
#   description: '? HIP cross-id number, van Leeuwen, Cat. I/311 (hip_original_ext_source_id)'
#   meta: !!omap
#   - {ucd: ID_NUMBER}
#   - {width: 6}
#   - values: {'null': -2147483648}
# - name: TYC2
#   datatype: string
#   description: Tycho-2 cross-id name, Hog et al., Cat. I/259 (tyc2_original_ext_source_id)
#   meta: !!omap
#   - {ucd: ID_CROSSID}
#   - {_votable_string_dtype: char}
# - name: Source
#   datatype: int64
#   description: Source identifier, identical to the Gaia-EDR3 source_id (id)
#   meta: !!omap
#   - {ucd: ID_MAIN}
#   - {width: 19}
# - name: rgeo
#   unit: pc
#   datatype: float64
#   format: '{:15.8f}'
#   description: '? Median of the geometric distance posterior (r_med_geo)'
#   meta: !!omap
#   - {ucd: PHYS_DISTANCE_TRUE}
#   - {width: 15}
#   - {precision: '8'}
#   - values: {'null': .nan}
# - name: Plx
#   unit: mas
#   datatype: float64
#   format: '{:9.4f}'
#   description: '? Parallax (parallax)'
#   meta: !!omap
#   - {ucd: POS_PARLX_TRIG}
#   - {width: 9}
#   - {precision: '4'}
#   - values: {'null': .nan}
# - name: e_Plx
#   unit: mas
#   datatype: float32
#   format: '{:7.4f}'
#   description: '? Standard error of parallax (parallax_error)'
#   meta: !!omap
#   - {ucd: ERROR}
#   - {width: 7}
#   - {precision: '4'}
#   - values: {'null': .nan}
# - name: pmRA
#   unit: mas / yr
#   datatype: float64
#   format: '{:9.3f}'
#   description: '? Proper motion in right ascension direction, pmRA*cosDE (pmra)'
#   meta: !!omap
#   - {ucd: POS_EQ_PMRA}
#   - {width: 9}
#   - {precision: '3'}
#   - values: {'null': .nan}
# - name: pmDE
#   unit: mas / yr
#   datatype: float64
#   format: '{:9.3f}'
#   description: '? Proper motion in declination direction (pmdec)'
#   meta: !!omap
#   - {ucd: POS_EQ_PMDEC}
#   - {width: 9}
#   - {precision: '3'}
#   - values: {'null': .nan}
# - name: e_pmRA
#   unit: mas / yr
#   datatype: float32
#   format: '{:6.3f}'
#   description: '? Standard error of proper motion in right ascension direction (pmra_error)'
#   meta: !!omap
#   - {ucd: ERROR}
#   - {width: 6}
#   - {precision: '3'}
#   - values: {'null': .nan}
# - name: e_pmDE
[...]
#         value: !astropy.table.SerializedColumn {name: SkyCoord.dec}
#       distance: !astropy.table.SerializedColumn
#         __class__: astropy.coordinates.distances.Distance
#         unit: !astropy.units.Unit {unit: pc}
#         value: !astropy.table.SerializedColumn {name: SkyCoord.distance}
#       frame: icrs
#       obstime: !astropy.time.Time {format: jyear_str, in_subfmt: '*', jd1: 367701545.0, jd2: 0.0, out_subfmt: '*', precision: 3, scale: tt}
#       pm_dec: !astropy.table.SerializedColumn
#         __class__: astropy.units.quantity.Quantity
#         unit: !astropy.units.Unit {unit: mas / yr}
#         value: !astropy.table.SerializedColumn {name: SkyCoord.pm_dec}
#       pm_ra_cosdec: !astropy.table.SerializedColumn
#         __class__: astropy.units.quantity.Quantity
#         unit: !astropy.units.Unit {unit: mas / yr}
#         value: !astropy.table.SerializedColumn {name: SkyCoord.pm_ra_cosdec}
#       ra: !astropy.table.SerializedColumn
#         __class__: astropy.coordinates.angles.Longitude
#         unit: *id001
#         value: !astropy.table.SerializedColumn {name: SkyCoord.ra}
#         wrap_angle: !astropy.coordinates.Angle
#           unit: *id001
#           value: 360.0
#       representation_type: spherical
# schema: astropy-2.0
RA_ICRS_1 DE_ICRS_1 e_RA_ICRS e_DE_ICRS _r_1 HIP TYC2 Source rgeo Plx e_Plx pmRA pmDE e_pmRA e_pmDE RUWE Teff logg Gmag BP-RP BPmag RPmag RV e_RV b_rgeo B_rgeo FG e_FG FBP e_FBP FRP e_FRP RAVE5 RAVE6 e_Gmag e_BPmag e_RPmag e_BP-RP SkyCoord.ra SkyCoord.dec SkyCoord.distance SkyCoord.pm_ra_cosdec SkyCoord.pm_dec rmRA rmDE e_rmRA e_rmDE rRV e_rRV v_pec v_pec3d e_vpec e_vpec3d
[from data line 1903]
271.62741272241 -25.04518463329 0.0648 0.0583 24.4524 "" "" 4065739570026164096 1668.27136 0.5893 0.0802 -8.637 -2.607 0.08 0.059 0.99 5670.6 4.4779 16.875406 2.018853 17.88201 15.863156 "" "" 1462.07397 1948.9884 3347.99261 23.394 960.76 23.678 3580.1 81.848 "" "" 0.00807140098362051 0.026903123 0.025108099 0.05201122 271.62741272241 -25.04518463329 1668.27136 -8.63699999999999 -2.607 -9.185774182796479 -1.843983895301819 0.15236765 0.13136765 "" "" 74.0866004893967 "" 11.232146727674833 ""
271.51503222361 -24.93673329223 0.0876 0.0751 21.0496 "" "" 4065744242950900096 1653.09912 0.5987 0.0989 -4.246 -8.738 0.112 0.081 1.597 4719.8 4.3296 16.876463 1.928845 17.69093 15.762084 "" "" 1477.69434 1946.18347 3344.73389 5.3816 1145.6 12.747 3929.4 20.277 "" "" 0.0032624430392801116 0.012398918 0.0067582997 0.019157218 271.51503222361 -24.93673329223 1653.09912 -4.246 -8.738 -4.794774182796479 -7.974983895301818 0.18436766 0.15336767 "" "" 72.9141264266512 "" 11.824996652917829 ""
271.41432909514 -24.67195279002 0.0793 0.0697 17.6976 "" "" 4065764957506374912 1591.49023 0.6459 0.083 -1.173 -2.224 0.091 0.068 1.041 "" "" 16.876482 2.326474 18.103977 15.777503 "" "" 1397.9519 1815.474 3344.67295 2.7351 783.12 8.6812 3874.0 12.699 "" "" 0.002894837221930284 0.012355001 0.005191394 0.017546395 271.41432909514 -24.67195279002 1591.49023 -1.1730000000000003 -2.224 -1.7217741827964783 -1.460983895301819 0.16336766 0.14036766 "" "" 17.034287963167984 "" 2.625968668978877 ""
271.64717416903 -24.97091305426 0.0782 0.0719 19.8688 "" "" 4065742353152201600 1427.17981 0.7013 0.0935 -0.363 -1.424 0.1 0.071 1.096 "" "" 16.877214 1.956573 17.689198 15.732625 "" "" 1275.01257 1611.35669 3342.4208 3.7946 1147.5 10.432 4037.5 39.675 "" "" 0.003018466720918491 0.010257282 0.011318741 0.021576025 271.64717416903 -24.97091305426 1427.17981 -0.3630000000000004 -1.424 -0.9117741827964783 -0.6609838953018188 0.17236766 0.14336766 "" "" 7.61827010062592 "" 1.2414812484621558 ""
271.61247193449 -24.47769113836 0.074 0.0632 12.4119 "" "" 4065867628729949312 1820.19556 0.5132 0.0787 -1.582 -2.86 0.085 0.064 0.904 4867.1 4.2613 16.877802 2.149546 17.894682 15.745136 "" "" 1600.802 2110.8606 3340.61081 3.3989 949.61 11.603 3991.2 29.33 "" "" 0.0029685196715775954 0.013556524 0.008828567 0.02238509 271.61247193449 -24.47769113836 1820.19556 -1.582 -2.860000000000002 -2.130774182796478 -2.0969838953018187 0.15736766 0.13636766 "" "" 25.793209962677686 "" 3.8021727264639704 ""
271.58982525225 -24.93420072701 0.0925 0.0833 18.8553 "" "" 4065745548621666304 1415.79492 0.7261 0.1061 1.076 0.457 0.12 0.088 1.431 5276.2 4.7104 16.879032 1.556649 17.54765 15.991 "" "" 1216.1499 1729.17737 3336.83048 5.9001 1307.2 8.8946 3182.4 15.335 "" "" 0.0033581709196779095 0.007897026 0.006454125 0.014351151 271.58982525225 -24.93420072701 1415.79492 1.076 0.457 0.5272258172035218 1.2200161046981812 0.19236766 0.16036767 "" "" 8.919160949833424 "" 1.4789149150509588 ""
271.54639048156 -24.8505240744 0.0731 0.0637 15.9213 "" "" 4065747060450259072 1799.45923 0.56 0.074 -0.445 -1.582 0.098 0.069 1.028 9013.1 4.4787 16.879318 1.882162 17.806152 15.92399 "" "" 1572.15015 2049.46899 3335.94938 2.9953 1030.3 10.4 3385.0 19.06 "" "" 0.002922696392290794 0.011309175 0.0071873753 0.01849655 271.54639048156 -24.8505240744 1799.45923 -0.445 -1.5820000000000007 -0.9937741827964783 -0.8189838953018189 0.17036766 0.14136766 "" "" 10.983853989203944 "" 1.749457151945162 ""
271.54364493817 -24.3745048926 0.0646 0.0539 19.6521 "" "" 4066056877841422080 1754.40759 0.5474 0.0702 0.764 -1.721 0.085 0.06 1.03 5912.9 4.5891 16.880243 1.759006 17.657475 15.898468 "" "" 1541.18542 1979.16052 3333.10651 2.8804 1181.5 10.643 3465.5 39.063 "" "" 0.0029106941269237733 0.010170565 0.012808657 0.022979222 271.54364493817 -24.3745048926 1754.40759 0.764 -1.721 0.21522581720352174 -0.9579838953018189 0.15736766 0.13236766 "" "" 8.165068105993514 "" 1.0914725025688485 ""
272.04899680225 -24.77994233471 0.0756 0.0628 18.6524 "" "" 4065797019496934016 1662.65564 0.6295 0.0832 -8.988 -7.028 0.09 0.067 1.072 "" "" 16.880396 2.13566 17.834452 15.698792 "" "" 1386.52478 2190.32959 3332.64189 3.6664 1003.8 14.814 4165.3 20.937 "" "" 0.003003089999169893 0.016264323 0.0066383625 0.022902686 272.04899680225 -24.77994233471 1662.65564 -8.987999999999998 -7.028 -9.536774182796478 -6.264983895301818 0.16236767 0.13936767 "" "" 89.9262090253884 "" 14.00978750302328 ""
271.79510801394 -24.99445055357 0.0714 0.06 20.8881 "" "" 4065694554403829632 1918.54407 0.506 0.0738 -2.53 -17.622 0.093 0.066 0.976 6026.7 4.1029 16.880861 2.374452 18.036337 15.661885 "" "" 1661.81067 2212.01538 3331.21022 3.9076 833.45 7.1764 4309.3 30.498 "" "" 0.0030354309483252924 0.0097561935 0.008563178 0.018319372 271.79510801394 -24.99445055357 1918.54407 -2.5299999999999994 -17.622 -3.078774182796478 -16.85898389530182 0.16536766 0.13836765 "" "" 155.8494203246022 "" 21.713061485691913 ""
271.37776706622 -24.37981563955 0.0802 0.0682 25.4936 "" "" 4066054678818161152 1416.45374 0.6843 0.0784 1.124 1.816 0.107 0.074 0.993 9056.7 4.4513 16.881012 2.230566 18.047575 15.817009 "" "" 1261.3667 1617.84351 3330.7493 2.8148 824.87 12.458 3735.6 17.495 "" "" 0.002904081273133268 0.016633544 0.0063355663 0.02296911 271.37776706622 -24.37981563955 1416.45374 1.124 1.8160000000000007 0.5752258172035218 2.579016104698181 0.17936766 0.14636767 "" "" 17.740961500773555 "" 2.627393804437703 ""
271.50449621026 -24.9328755871 0.0602 0.0524 21.2003 "" "" 4065744994497895040 1780.14734 0.5503 0.0681 -6.748 -14.314 0.078 0.056 0.962 7115.7 4.3095 16.884132 1.881776 17.824873 15.943097 "" "" 1579.05029 2050.75049 3321.19128 2.4622 1012.7 7.6991 3326.0 15.001 "" "" 0.0028704857860874238 0.00871318 0.0061857477 0.014898928 271.50449621026 -24.9328755871 1780.14734 -6.747999999999991 -14.313999999999995 -7.2967741827964785 -13.550983895301819 0.15036766 0.12836766 "" "" 129.864732816755 "" 17.353649202754934 ""
271.61082536605 -24.95610051498 0.0653 0.058 19.618 "" "" 4065742520596617728 1783.13965 0.5462 0.0764 -1.456 -6.076 0.082 0.059 0.923 "" "" 16.884312 1.633156 17.658604 16.025448 "" "" 1545.50647 2038.34827 3320.64414 2.6418 1180.3 7.0358 3083.0 10.77 "" "" 0.0028875423656292034 0.007047918 0.00535439 0.012402308 271.61082536605 -24.95610051498 1783.13965 -1.456 -6.076 -2.0047741827964782 -5.3129838953018185 0.15436766 0.13136765 "" "" 47.99630465521134 "" 6.453059133739239 ""
271.85993853568 -25.03911676693 0.1076 0.093 24.2613 "" "" 4065784336397517824 1602.53406 0.6431 0.1181 -2.505 -4.622 0.129 0.096 1.872 4927.0 4.6262 16.88533 1.820384 17.682476 15.862092 "" "" 1348.80371 1912.80139 3317.53042 4.6151 1154.6 15.742 3583.6 48.095 "" "" 0.0031421460758708154 0.015063757 0.015053663 0.03011742 271.85993853568 -25.03911676693 1602.53406 -2.504999999999998 -4.622000000000002 -3.053774182796478 -3.8589838953018187 0.20136765 0.16836765 "" "" 37.38078459583883 "" 6.7952981293749115 ""
271.82067803596 -24.94083651522 0.0726 0.0616 18.0105 "" "" 4065788631360043136 1872.73962 0.5415 0.0773 -2.073 -19.061 0.092 0.066 1.095 "" "" 16.886509 2.549398 18.26732 15.717922 "" "" 1631.62085 2193.50098 3313.92793 2.7145 673.73 10.989 4092.5 17.941 "" "" 0.0028952939279191206 0.017927561 0.0060777254 0.024005286 271.82067803596 -24.94083651522 1872.73962 -2.073 -19.061 -2.6217741827964782 -18.29798389530182 0.16436766 0.13836765 "" "" 164.08611039292217 "" 22.797902946299367 ""
271.47531063831 -24.51481545535 0.0734 0.0586 16.4748 "" "" 4066049254300635904 1773.42102 0.544 0.0755 0.884 0.349 0.085 0.063 1.042 9291.2 4.0489 16.887056 2.010858 17.859652 15.848793 "" "" 1574.15125 1975.92126 3312.25845 3.2269 980.75 7.5703 3627.8 74.465 "" "" 0.0029513789616200897 0.008832938 0.022604244 0.03143718 271.47531063831 -24.51481545535 1773.42102 0.8839999999999996 0.349 0.33522581720352174 1.1120161046981811 0.15736766 0.13536766 "" "" 9.763130899825327 "" 1.340819866099299 ""
271.84221702869 -24.68589896317 0.0631 0.0524 6.0724 "" "" 4065848937050692480 2058.16724 0.4822 0.0675 0.525 -0.659 0.079 0.057 1.048 "" "" 16.888197 1.80132 17.735106 15.933785 "" "" 1810.59998 2340.16309 3308.77849 2.9826 1100.0 9.771 3354.6 18.819 "" "" 0.0029239787934686053 0.010039797 0.007168162 0.01720796 271.84221702869 -24.68589896317 2058.16724 0.5249999999999989 -0.6590000000000003 -0.02377418279647825 0.10401610469818112 0.15136766 0.12936766 "" "" 1.0409195431872862 "" 0.1358893357728322 ""
271.78277107208 -25.02166425146 0.0741 0.0694 22.4211 "" "" 4065693661071501184 1488.50574 0.6787 0.0881 -2.989 -3.906 0.085 0.068 1.088 4721.3 4.4645 16.889582 1.557961 17.555069 15.997108 "" "" 1313.26135 1692.08777 3304.56546 3.2297 1298.3 15.996 3164.6 26.408 "" "" 0.0029525928581958546 0.013664945 0.009816932 0.023481876 271.78277107208 -25.02166425146 1488.50574 -2.9890000000000003 -3.9060000000000006 -3.537774182796478 -3.142983895301819 0.15736766 0.14036766 "" "" 33.388474192197044 "" 5.011819257510074 ""
271.61831132391 -24.43401430861 0.0757 0.0606 14.5231 "" "" 4065868036715288064 1623.94702 0.6018 0.0823 0.582 -0.825 0.086 0.062 0.985 5661.6 4.6492 16.890123 1.630711 17.655706 16.024996 "" "" 1484.14661 1839.34814 3302.91524 3.0123 1183.4 9.3712 3084.3 13.571 "" "" 0.002927848239033045 0.009039216 0.0060914704 0.015130686 271.61831132391 -24.43401430861 1623.94702 0.5820000000000001 -0.825 0.03322581720352169 -0.0619838953018188 0.15836766 0.13436766 "" "" 0.5413466073483494 "" 0.07583262621676577 ""
271.54121574569 -24.93621772394 0.0643 0.0562 20.234 "" "" 4065744272943368960 1911.83252 0.5118 0.0736 -1.275 -3.75 0.086 0.064 0.981 5371.7 4.6389 16.890482 1.639738 17.652924 16.013186 "" "" 1709.31189 2169.95215 3301.82603 2.4464 1186.4 9.6951 3118.1 15.858 "" "" 0.0028703527268466185 0.009300865 0.0066913585 0.015992224 271.54121574569 -24.93621772394 1911.83252 -1.2750000000000006 -3.7499999999999982 -1.8237741827964782 -2.986983895301819 0.15836766 0.13636766 "" "" 31.71500361591756 "" 4.525031511127512 ""
271.84345263244 -24.38779182952 0.0788 0.0701 16.7634 "" "" 4065866426157809408 1499.34448 0.6488 0.0788 2.047 -7.129 0.091 0.068 1.019 "" "" 16.891607 2.253119 18.070534 15.817414 "" "" 1334.91919 1670.7323 3298.40599 2.6265 807.61 12.483 3734.2 25.623 "" "" 0.002887778012197617 0.017012285 0.008353822 0.025366107 271.84345263244 -24.38779182952 1499.34448 2.047 -7.129 1.4982258172035219 -6.365983895301818 0.16336766 0.14036766 "" "" 46.478444274232714 "" 6.58449053192232 ""
271.83973861462 -25.0713989927 0.0683 0.0606 25.872 "" "" 4065690293796149888 1973.20886 0.4805 0.077 -1.868 -18.749 0.086 0.063 1.02 5315.8 4.319 16.893087 1.895359 17.756445 15.861086 "" "" 1765.93994 2300.61328 3293.90982 3.3275 1078.5 13.201 3586.9 35.753 "" "" 0.002965599028223198 0.013579314 0.011463193 0.025042508 271.83973861462 -25.0713989927 1973.20886 -1.8679999999999977 -18.749000000000002 -2.4167741827964786 -17.985983895301818 0.15836766 0.13536766 "" "" 169.73494921465047 "" 23.051618583397122 ""
271.62529617758 -24.92792522451 0.073 0.0644 17.7589 "" "" 4065742726755176320 1976.40222 0.5125 0.0723 0.967 0.15 0.095 0.069 0.981 5873.6 4.5853 16.8936 1.60173 17.639837 16.038107 "" "" 1731.69495 2440.34033 3292.35227 2.9153 1200.8 11.12 3047.3 11.281 "" "" 0.0029182301328869093 0.010434416 0.005517152 0.015951568 271.62529617758 -24.92792522451 1976.40222 0.9669999999999993 0.15000000000000005 0.4182258172035217 0.9130161046981812 0.16736767 0.14136766 "" "" 9.407929331148269 "" 1.3755220243263113 ""
271.87148217844 -24.32285399733 0.0782 0.0694 20.9491 "" "" 4065893089317251072 1488.05457 0.6545 0.0816 -0.408 -2.023 0.093 0.071 0.951 9189.6 4.1866 16.894274 2.1418 17.974796 15.832996 "" "" 1334.40869 1707.94983 3290.31463 2.8867 882.06 11.791 3680.9 9.6745 "" "" 0.0029153291241934874 0.01477942 0.004735713 0.019515133 271.87148217844 -24.32285399733 1488.05457 -0.40799999999999953 -2.023 -0.9567741827964782 -1.259983895301819 0.16536766 0.14336766 "" "" 11.15900736696026 "" 1.6937593671093194 ""
271.53865144546 -24.40166419201 0.0689 0.0579 18.4603 "" "" 4066056676003382528 1667.33606 0.5965 0.0711 -1.676 -5.246 0.084 0.062 0.982 7089.5 4.3191 16.89562 1.706535 17.711847 16.005312 "" "" 1437.29578 2032.68738 3286.23502 2.5041 1123.8 13.456 3140.8 8.5761 "" "" 0.0028768489486956663 0.013296284 0.004803425 0.018099708 271.53865144546 -24.40166419201 1667.33606 -1.6759999999999997 -5.246 -2.2247741827964784 -4.482983895301819 0.15636766 0.13436766 "" "" 39.55280636073906 "" 5.49750564530647 ""
271.67494253077 -24.25073835722 0.0678 0.0581 24.2136 "" "" 4066059832779184640 1884.94141 0.5264 0.0751 -0.461 2.332 0.087 0.069 1.062 "" "" 16.895905 1.979725 17.878702 15.898977 "" "" 1674.77527 2086.00537 3285.37335 2.7711 963.69 8.3309 3463.9 15.267 "" "" 0.002903522821469093 0.009791903 0.0060978024 0.015889706 271.67494253077 -24.25073835722 1884.94141 -0.4610000000000001 2.3319999999999976 -1.0097741827964783 3.095016104698181 0.15936765 0.14136766 "" "" 29.08733295120049 "" 4.165240028699938 ""
271.64735654271 -24.63493253211 0.0967 0.0802 5.0278 "" "" 4065856698001468928 1718.83154 0.5605 0.0834 2.236 -2.239 0.117 0.085 0.991 "" "" 16.896101 2.043331 17.911243 15.867912 "" "" 1531.01318 1981.92383 3284.78257 3.2191 935.23 11.881 3564.5 14.418 "" "" 0.0029536317087893913 0.014072384 0.005794013 0.019866396 271.64735654271 -24.63493253211 1718.83154 2.236 -2.238999999999998 1.687225817203522 -1.4759838953018187 0.18936765 0.15736766 "" "" 18.263789750192007 "" 3.2182654678935463 ""
271.86519716135 -24.94959709326 0.0997 0.0824 19.2536 "" "" 4065788219043127168 1648.82605 0.6519 0.1046 0.207 -0.547 0.134 0.091 1.491 5525.1 4.6876 16.89616 1.910891 17.62894 15.718049 "" "" 1349.33044 2138.19653 3284.60214 4.5421 1212.9 21.383 4092.0 158.26 "" "" 0.003137835289430582 0.019343436 0.042161085 0.06150452 271.86519716135 -24.94959709326 1648.82605 0.207 -0.547 -0.3417741827964783 0.2160161046981811 0.20636767 0.16336766 "" "" 3.1599164511460565 "" 0.6163812201493973 ""
271.79132701664 -24.26115886609 0.0787 0.0704 23.5231 "" "" 4066082132249373440 1573.7738 0.6502 0.1036 -1.358 -6.842 0.088 0.067 1.061 4965.7 4.7037 16.897139 1.611898 17.639948 16.02805 "" "" 1355.38354 1966.82361 3281.64398 3.7646 1200.7 11.963 3075.7 25.25 "" "" 0.003023758648933198 0.011171615 0.00968152 0.020853136 271.79132701664 -24.26115886609 1573.7738 -1.358 -6.841999999999999 -1.9067741827964784 -6.0789838953018185 0.16036767 0.13936767 "" "" 47.525783445120645 "" 6.719003714128626 ""
271.43088240086 -24.73415824993 0.0738 0.0681 17.4841 "" "" 4065763342598644608 1487.56396 0.6898 0.0834 2.387 -1.628 0.099 0.071 1.05 9453.3 4.1613 16.897356 2.050505 17.89522 15.844715 "" "" 1284.28735 1784.64844 3280.98783 3.3329 949.14 7.1703 3641.4 25.325 "" "" 0.002967862963357541 0.008663801 0.008444026 0.017107826 271.43088240086 -24.73415824993 1487.56396 2.3869999999999965 -1.6280000000000008 1.8382258172035217 -0.8649838953018187 0.17136766 0.14336766 "" "" 14.324698769171686 "" 2.387086191928452 ""
271.65397069905 -24.95562707557 0.0702 0.0613 18.8889 "" "" 4065742383157688576 1724.11768 0.5661 0.0747 -1.855 -1.24 0.093 0.065 0.981 5065.4 4.293 16.899742 1.964906 17.887106 15.9222 "" "" 1551.09106 1995.38525 3273.7853 2.8804 956.26 7.9451 3390.6 11.279 "" "" 0.0029162190224887793 0.009442503 0.0052276673 0.01467017 271.65397069905 -24.95562707557 1724.11768 -1.855 -1.2400000000000002 -2.4037741827964783 -0.47698389530181884 0.16536766 0.13736767 "" "" 20.027421487741623 "" 3.2923852189868703 ""
