Clusters/UBC_337/UBC_337_members.tsv
# %ECSV 1.0
# ---
# datatype:
# - name: RA_ICRS_1
#   unit: deg
#   datatype: float64
#   format: '{:15.11f}'
#   description: Right ascension (ICRS) at Ep=2016.0 (ra)
#   meta: !!omap
#   - {ucd: POS_EQ_RA_MAIN}
#   - {width: 15}
#   - {precision: '11'}
# - name: DE_ICRS_1
#   unit: deg
#   datatype: float64
#   format: '{:15.11f}'
#   description: Declination (ICRS) at Ep=2016.0 (dec)
#   meta: !!omap
#   - {ucd: POS_EQ_DEC_MAIN}
#   - {width: 15}
#   - {precision: '11'}
# - name: e_RA_ICRS
#   unit: mas
#   datatype: float64
#   format: '{:7.4f}'
#   description: Standard error of right ascension (ra_error)
#   meta: !!omap
#   - {ucd: ERROR}
#   - {width: 7}
#   - {precision: '4'}
# - name: e_DE_ICRS
#   unit: mas
#   datatype: float64
#   format: '{:7.4f}'
#   description: Standard error of declination (dec_error)
#   meta: !!omap
#   - {ucd: ERROR}
#   - {width: 7}
#   - {precision: '4'}
# - name: _r_1
#   unit: ''
#   datatype: float64
#   format: '{:7.4f}'
#   description: Distance from center (271.73800744000-24.65019440000)[ICRS], at Epoch=J2016.0
#   meta: !!omap
#   - {ucd: POS_ANG_DIST_GENERAL}
#   - {width: 7}
#   - {precision: '4'}
# - name: HIP
#   datatype: int32
#   description: '? HIP cross-id number, van Leeuwen, Cat. I/311 (hip_original_ext_source_id)'
#   meta: !!omap
#   - {ucd: ID_NUMBER}
#   - {width: 6}
#   - values: {'null': -2147483648}
# - name: TYC2
#   datatype: string
#   description: Tycho-2 cross-id name, Hog et al., Cat. I/259 (tyc2_original_ext_source_id)
#   meta: !!omap
#   - {ucd: ID_CROSSID}
#   - {_votable_string_dtype: char}
# - name: Source
#   datatype: int64
#   description: Source identifier, identical to the Gaia-EDR3 source_id (id)
#   meta: !!omap
#   - {ucd: ID_MAIN}
#   - {width: 19}
# - name: rgeo
#   unit: pc
#   datatype: float64
#   format: '{:15.8f}'
#   description: '? Median of the geometric distance posterior (r_med_geo)'
#   meta: !!omap
#   - {ucd: PHYS_DISTANCE_TRUE}
#   - {width: 15}
#   - {precision: '8'}
#   - values: {'null': .nan}
# - name: Plx
#   unit: mas
#   datatype: float64
#   format: '{:9.4f}'
#   description: '? Parallax (parallax)'
#   meta: !!omap
#   - {ucd: POS_PARLX_TRIG}
#   - {width: 9}
#   - {precision: '4'}
#   - values: {'null': .nan}
# - name: e_Plx
#   unit: mas
#   datatype: float32
#   format: '{:7.4f}'
#   description: '? Standard error of parallax (parallax_error)'
#   meta: !!omap
#   - {ucd: ERROR}
#   - {width: 7}
#   - {precision: '4'}
#   - values: {'null': .nan}
# - name: pmRA
#   unit: mas / yr
#   datatype: float64
#   format: '{:9.3f}'
#   description: '? Proper motion in right ascension direction, pmRA*cosDE (pmra)'
#   meta: !!omap
#   - {ucd: POS_EQ_PMRA}
#   - {width: 9}
#   - {precision: '3'}
#   - values: {'null': .nan}
# - name: pmDE
#   unit: mas / yr
#   datatype: float64
#   format: '{:9.3f}'
#   description: '? Proper motion in declination direction (pmdec)'
#   meta: !!omap
#   - {ucd: POS_EQ_PMDEC}
#   - {width: 9}
#   - {precision: '3'}
#   - values: {'null': .nan}
# - name: e_pmRA
#   unit: mas / yr
#   datatype: float32
#   format: '{:6.3f}'
#   description: '? Standard error of proper motion in right ascension direction (pmra_error)'
#   meta: !!omap
#   - {ucd: ERROR}
#   - {width: 6}
#   - {precision: '3'}
#   - values: {'null': .nan}
# - name: e_pmDE
[...]
#         unit: &id001 !astropy.units.Unit {unit: deg}
#         value: !astropy.table.SerializedColumn {name: SkyCoord.dec}
#       distance: !astropy.table.SerializedColumn
#         __class__: astropy.coordinates.distances.Distance
#         unit: !astropy.units.Unit {unit: pc}
#         value: !astropy.table.SerializedColumn {name: SkyCoord.distance}
#       frame: icrs
#       obstime: !astropy.time.Time {format: jyear_str, in_subfmt: '*', jd1: 367701545.0, jd2: 0.0, out_subfmt: '*', precision: 3, scale: tt}
#       pm_dec: !astropy.table.SerializedColumn
#         __class__: astropy.units.quantity.Quantity
#         unit: !astropy.units.Unit {unit: mas / yr}
#         value: !astropy.table.SerializedColumn {name: SkyCoord.pm_dec}
#       pm_ra_cosdec: !astropy.table.SerializedColumn
#         __class__: astropy.units.quantity.Quantity
#         unit: !astropy.units.Unit {unit: mas / yr}
#         value: !astropy.table.SerializedColumn {name: SkyCoord.pm_ra_cosdec}
#       ra: !astropy.table.SerializedColumn
#         __class__: astropy.coordinates.angles.Longitude
#         unit: *id001
#         value: !astropy.table.SerializedColumn {name: SkyCoord.ra}
#         wrap_angle: !astropy.coordinates.Angle
#           unit: *id001
#           value: 360.0
#       representation_type: spherical
# schema: astropy-2.0
RA_ICRS_1 DE_ICRS_1 e_RA_ICRS e_DE_ICRS _r_1 HIP TYC2 Source rgeo Plx e_Plx pmRA pmDE e_pmRA e_pmDE RUWE Teff logg Gmag BP-RP BPmag RPmag RV e_RV b_rgeo B_rgeo FG e_FG FBP e_FBP FRP e_FRP RAVE5 RAVE6 e_Gmag e_BPmag e_RPmag e_BP-RP SkyCoord.ra SkyCoord.dec SkyCoord.distance SkyCoord.pm_ra_cosdec SkyCoord.pm_dec Pmemb
271.68531752711 -24.7321985445 0.0164 0.0132 5.6973 "" "" 4065842163833817600 1647.52771 0.6002 0.0168 0.565 -0.819 0.024 0.016 0.678 "" "" 12.129811 2.631467 13.590722 10.959255 3.88 0.22 1610.82019 1692.21191 264863.60801 87.92 50018.0 65.017 327680.0 175.25 "" "" 0.002778791194470425 0.0031267982 0.0038237297 0.006950528 271.68531752711 -24.7321985445 1647.52771 0.5649999999999997 -0.819 0.92
271.7915034437 -24.74036098715 0.0164 0.0132 6.1459 "" "" 4065842438713792640 1516.45154 0.6487 0.017 0.502 -0.725 0.022 0.014 0.78 "" "" 12.268394 1.415598 12.892184 11.476586 -2.12 8.28 1477.88367 1559.58093 233124.99195 58.561 95179.0 87.233 203480.0 61.772 "" "" 0.0027687858056941648 0.0029623064 0.0037937274 0.0067560337 271.7915034437 -24.74036098715 1516.45154 0.502 -0.725 0.97
271.73609429875 -24.61415320636 0.0157 0.0129 2.165 "" "" 4065856251327213440 1636.55823 0.5899 0.0173 0.433 -0.9 0.02 0.015 0.774 "" "" 12.864172 1.227413 13.384931 12.157517 -17.7 17.98 1593.49084 1675.59241 134672.25007 32.072 60457.0 56.0 108680.0 36.638 "" "" 0.002767425883705945 0.002965884 0.0037970645 0.006762949 271.73609429875 -24.61415320636 1636.55823 0.43300000000000005 -0.8999999999999999 0.83
271.75546665323 -24.58020392234 0.016 0.0134 4.3061 "" "" 4065862470440039808 1689.0376 0.5656 0.0177 0.564 -0.835 0.021 0.015 0.79 "" "" 12.950921 1.493091 13.619753 12.126662 17.56 19.41 1641.99634 1734.6759 124330.72407 33.865 48699.0 47.741 111810.0 53.492 "" "" 0.0027711452971874028 0.0029862935 0.0038149103 0.006801204 271.75546665323 -24.58020392234 1689.0376 0.564 -0.835 0.96
271.69142346511 -24.68924073406 0.0195 0.0163 3.4554 "" "" 4065843744381999488 1585.3595 0.5925 0.0183 0.612 -0.83 0.029 0.019 0.816 "" "" 13.133067 1.438553 13.773972 12.33542 "" "" 1542.84985 1631.01562 105128.35737 53.616 42250.0 54.151 92255.0 111.21 "" "" 0.0028104105422120736 0.0031179332 0.0039995904 0.007117524 271.69142346511 -24.68924073406 1585.3595 0.6120000000000002 -0.83 0.93
271.8164727014 -24.71626122765 0.0164 0.0134 5.832 "" "" 4065842954107871872 1636.52759 0.5678 0.0179 0.496 -0.746 0.021 0.014 0.844 "" "" 13.253969 1.310001 13.816707 12.506705 "" "" 1583.09192 1683.74683 94050.05159 21.82 40619.0 34.789 78791.0 32.501 "" "" 0.0027668105524898978 0.0029410485 0.0038058255 0.006746874 271.8164727014 -24.71626122765 1636.52759 0.4959999999999998 -0.746 0.99
271.70568806445 -24.64272149045 0.0193 0.0157 1.8186 "" "" 4065856083876443008 1837.76221 0.5064 0.0197 0.542 -0.682 0.025 0.018 1.011 "" "" 13.31285 1.500377 13.960041 12.459664 "" "" 1768.13306 1911.12219 89085.42891 32.605 35596.0 52.231 82280.0 155.25 "" "" 0.0027838277983497322 0.0032129604 0.004298904 0.0075118644 271.70568806445 -24.64272149045 1837.76221 0.5419999999999998 -0.6819999999999999 0.97
271.66167567374 -24.6734793194 0.0196 0.0158 4.3904 "" "" 4065855568481031296 1680.91101 0.5555 0.0204 0.455 -0.648 0.027 0.018 0.877 "" "" 13.512607 1.448039 14.158464 12.710425 "" "" 1615.31836 1760.3739 74114.65746 21.06 29650.0 31.633 65311.0 38.501 "" "" 0.002772538890625413 0.0030210633 0.003833195 0.0068542585 271.66167567374 -24.6734793194 1680.91101 0.4550000000000001 -0.648 0.98
271.91267289386 -24.68983526777 0.0193 0.016 9.8159 "" "" 4065845810314428544 1651.88464 0.566 0.0223 0.615 -0.852 0.024 0.016 0.989 "" "" 13.785766 1.789659 14.637337 12.847677 157.83 16.54 1594.7157 1709.36377 57628.90611 20.499 19076.0 28.712 57556.0 60.937 "" "" 0.002782254989343086 0.003233512 0.0039503304 0.0071838424 271.91267289386 -24.68983526777 1651.88464 0.615 -0.8519999999999999 0.84
271.73599864968 -24.61711553432 0.0211 0.0176 1.9878 "" "" 4065856251327213568 1581.61182 0.5901 0.0235 0.447 -0.622 0.029 0.021 0.896 "" "" 13.852539 1.306414 14.414082 13.107668 "" "" 1518.34375 1636.72876 54191.50629 14.695 23431.0 20.549 45299.0 36.836 "" "" 0.002771005355737645 0.0029481717 0.0038811374 0.0068293093 271.73599864968 -24.61711553432 1581.61182 0.4470000000000001 -0.6220000000000001 0.91
271.78202608394 -24.69537261176 0.0203 0.017 3.6205 "" "" 4065843194626149760 1678.22656 0.5513 0.0213 0.736 -0.852 0.027 0.019 0.847 "" "" 13.947182 1.409364 14.570264 13.1609 "" "" 1625.53052 1758.28137 49667.72193 13.848 20291.0 24.423 43132.0 59.062 "" "" 0.0027718995482773675 0.0030810484 0.004061293 0.007142341 271.78202608394 -24.69537261176 1678.22656 0.7359999999999997 -0.8519999999999999 0.85
271.74594600444 -24.78522511362 0.0223 0.0183 8.1134 "" "" 4065840793793603584 1555.8313 0.6034 0.0231 0.474 -0.811 0.032 0.021 0.945 "" "" 14.019465 1.348031 14.603164 13.255133 "" "" 1504.39758 1614.35864 46468.6992 13.084 19686.0 25.95 39546.0 60.128 "" "" 0.0027722275720968113 0.0031358283 0.004124187 0.0072600152 271.74594600444 -24.78522511362 1555.8313 0.47399999999999987 -0.8109999999999999 0.89
271.7151458972 -24.62591177624 0.0213 0.0174 1.9176 "" "" 4065856118236192000 1620.57446 0.5784 0.0234 0.583 -0.733 0.027 0.019 1.021 "" "" 14.125158 1.411752 14.741457 13.329705 "" "" 1556.00793 1680.84802 42158.33265 13.344 17331.0 21.43 36921.0 27.859 "" "" 0.0027766689509446186 0.0030963568 0.0038671563 0.006963513 271.7151458972 -24.62591177624 1620.57446 0.583 -0.7330000000000001 0.98
271.74729111217 -24.59256792565 0.0208 0.0175 3.4945 "" "" 4065862371708580608 1702.22461 0.5403 0.0228 0.579 -0.832 0.027 0.019 0.912 "" "" 14.16777 1.422276 14.799908 13.377631 "" "" 1639.54858 1759.6814 40535.80294 11.022 16423.0 27.385 35327.0 24.713 "" "" 0.002771090816255876 0.003326071 0.0038549458 0.0071810167 271.74729111217 -24.59256792565 1702.22461 0.5789999999999997 -0.832 0.85
271.67114534199 -24.67833985594 0.0228 0.0186 4.0179 "" "" 4065855568481029376 1654.31567 0.5643 0.0238 0.558 -0.666 0.032 0.021 0.808 "" "" 14.171366 1.360146 14.767334 13.407188 "" "" 1585.04822 1716.35718 40401.77809 15.066 16923.0 23.775 34378.0 31.896 "" "" 0.002784908217575529 0.003179893 0.003911327 0.00709122 271.67114534199 -24.67833985594 1654.31567 0.5580000000000003 -0.666 0.99
271.73552629298 -24.7712510334 0.0222 0.0187 7.2647 "" "" 4065840858163564032 1607.5166 0.5812 0.0223 0.497 -0.734 0.032 0.022 0.964 "" "" 14.183954 1.27938 14.734231 13.454851 "" "" 1554.66321 1670.2063 39936.02792 10.875 17447.0 23.584 32902.0 16.882 "" "" 0.0027711374344158114 0.0031526226 0.0038202195 0.006972842 271.73552629298 -24.7712510334 1607.5166 0.49700000000000016 -0.7339999999999998 0.99
271.88508738878 -24.468681089 0.0208 0.0183 13.529 "" "" 4065864914329221632 1666.09412 0.57 0.0261 0.586 -0.778 0.026 0.019 0.971 "" "" 14.190101 1.39496 14.803317 13.408357 "" "" 1592.29919 1729.88806 39710.61757 11.474 16372.0 21.366 34341.0 33.334 "" "" 0.0027731219322066052 0.0031293312 0.0039235735 0.007052905 271.88508738878 -24.468681089 1666.09412 0.5860000000000002 -0.7779999999999998 0.85
271.65580403552 -24.70567104292 0.0258 0.0205 5.5826 "" "" 4065853987933117184 1782.16125 0.5216 0.0266 0.603 -0.758 0.033 0.023 0.892 "" "" 14.456724 1.664177 15.231504 13.567327 "" "" 1704.17834 1878.28442 31063.979 11.181 11036.0 22.17 29664.0 22.956 "" "" 0.00278289585503112 0.0035415117 0.003871652 0.007413164 271.65580403552 -24.70567104292 1782.16125 0.6029999999999998 -0.7579999999999998 0.99
271.89714016259 -24.61295463778 0.0229 0.0186 8.9622 "" "" 4065849826056123136 1653.24146 0.5663 0.0247 0.68 -0.822 0.03 0.021 0.871 "" "" 14.507975 1.514178 15.191424 13.677246 "" "" 1576.9137 1722.57251 29631.71441 8.4955 11451.0 17.917 26808.0 19.616 "" "" 0.002772848170853451 0.003266653 0.00386198 0.007128633 271.89714016259 -24.61295463778 1653.24146 0.6800000000000002 -0.8219999999999997 0.89
271.74923753903 -24.58447570897 0.0235 0.0198 3.9904 "" "" 4065862367360809600 1699.09155 0.5436 0.0257 0.506 -0.918 0.03 0.021 0.916 "" "" 14.56834 1.54353 15.268624 13.725094 "" "" 1624.70544 1783.60388 28029.18526 8.3649 10665.0 24.299 25652.0 33.563 "" "" 0.0027743070658580813 0.003728857 0.0040375437 0.0077664005 271.74923753903 -24.58447570897 1699.09155 0.506 -0.918 0.8
271.70120361713 -24.69690034286 0.0276 0.0231 3.4467 "" "" 4065843744381957888 1730.10046 0.5397 0.0272 0.58 -0.741 0.04 0.027 0.946 "" "" 14.586104 1.545377 15.289391 13.744014 -28.46 5.93 1661.28088 1816.65027 27574.34229 9.5468 10463.0 12.912 25209.0 24.625 "" "" 0.00278084397816845 0.0030952045 0.0039253742 0.0070205787 271.70120361713 -24.69690034286 1730.10046 0.5799999999999997 -0.7409999999999998 0.86
271.72896341879 -24.61156750563 0.0249 0.0209 2.3695 "" "" 4065856251327228160 1666.27466 0.5607 0.0278 0.457 -0.803 0.031 0.023 0.86 7990.6 3.7409 14.625027 1.305991 15.188745 13.882754 "" "" 1585.26245 1753.40466 26603.34552 8.2205 11479.0 14.555 22185.0 25.23 "" "" 0.002775670443962279 0.0031113166 0.0039759725 0.0070872894 271.72896341879 -24.61156750563 1666.27466 0.457 -0.8029999999999997 0.97
271.74240188115 -24.63508587226 0.0244 0.0201 0.9377 "" "" 4065856152595893632 1678.45154 0.5548 0.026 0.519 -0.81 0.031 0.022 0.927 "" "" 14.736695 1.382432 15.344569 13.962137 "" "" 1615.474 1761.47266 24003.1744 7.9978 9944.6 21.584 20621.0 16.416 "" "" 0.0027789679875247835 0.003652147 0.0038769578 0.007529105 271.74240188115 -24.63508587226 1678.45154 0.519 -0.8100000000000003 0.98
271.68197608608 -24.71231845679 0.0275 0.0225 4.8193 "" "" 4065843710022138752 1603.46521 0.5875 0.0297 0.461 -0.739 0.041 0.026 0.948 "" "" 14.754068 1.680888 15.531398 13.85051 "" "" 1528.4563 1682.00659 23622.15568 10.381 8372.6 15.963 22854.0 33.751 "" "" 0.0027963279519314208 0.0034742062 0.0041054473 0.0075796535 271.68197608608 -24.71231845679 1603.46521 0.46099999999999997 -0.739 0.99
271.89014280801 -24.72685699882 0.0275 0.0239 9.4839 "" "" 4065845604155980288 1632.07361 0.5748 0.0319 0.463 -0.759 0.035 0.024 1.029 "" "" 14.839528 1.665513 15.600962 13.935449 25.52 8.94 1563.9115 1744.62683 21834.11617 9.0159 7852.9 35.509 21134.0 69.927 "" "" 0.002791556759053743 0.005646922 0.0052143293 0.0108612515 271.89014280801 -24.72685699882 1632.07361 0.46300000000000024 -0.7590000000000002 0.97
271.83069571066 -24.72217769515 0.027 0.0219 6.6473 "" "" 4065839999170337664 1736.51746 0.5391 0.0302 0.622 -0.763 0.033 0.023 0.925 "" "" 14.867287 1.545071 15.534379 13.989308 -56.92 6.48 1662.40796 1854.54309 21282.95349 7.835 8349.6 22.169 20111.0 22.59 "" "" 0.002784160100468594 0.004011884 0.003971282 0.007983166 271.83069571066 -24.72217769515 1736.51746 0.622 -0.763 0.96
271.74414030616 -24.69503305614 0.0283 0.0233 2.711 "" "" 4065843611271255936 1724.271 0.5442 0.0292 0.593 -0.771 0.037 0.026 0.935 9292.1 3.5382 14.8947 1.452933 15.515143 14.06221 "" "" 1633.63184 1833.07019 20752.31736 8.6411 8498.8 22.555 18805.0 44.076 "" "" 0.0027921634037987174 0.004010953 0.0045562834 0.008567236 271.74414030616 -24.69503305614 1724.271 0.5930000000000003 -0.7710000000000004 0.93
271.7273003962 -24.65317257119 0.0264 0.0218 0.6106 "" "" 4065844298486151424 1698.93921 0.549 0.0282 0.551 -0.759 0.035 0.025 0.841 "" "" 14.910209 1.260403 15.450138 14.189735 "" "" 1634.20569 1768.61743 20458.00102 7.4588 9023.2 13.68 16721.0 12.834 "" "" 0.0027836102807059725 0.0032395392 0.0038701664 0.0071097054 271.7273003962 -24.65317257119 1698.93921 0.5510000000000005 -0.7590000000000002 0.98
271.67136217796 -24.72883781513 0.0286 0.0237 5.9553 "" "" 4065842133823396096 1692.23779 0.5501 0.0289 0.694 -0.756 0.039 0.027 0.915 "" "" 14.997343 1.689912 15.788615 14.098703 -11.49 23.36 1612.12219 1793.14673 18880.33293 8.5713 6606.5 21.289 18183.0 16.978 "" "" 0.002799061021694121 0.004475045 0.0039129895 0.008388035 271.67136217796 -24.72883781513 1692.23779 0.6940000000000001 -0.7559999999999997 0.96
271.74833450728 -24.56671346093 0.0305 0.0256 5.0404 "" "" 4065862539159581440 1645.6311 0.5656 0.0327 0.487 -0.767 0.037 0.028 0.937 "" "" 15.090941 1.638667 15.849574 14.210907 "" "" 1559.07495 1736.56934 17320.88577 7.323 6245.8 16.956 16398.0 26.486 "" "" 0.0027932955519052193 0.004058699 0.0041664266 0.008225126 271.74833450728 -24.56671346093 1645.6311 0.48699999999999993 -0.767 0.97
271.91306420985 -24.63235309487 0.0315 0.0258 9.6068 "" "" 4065849551178095232 1701.75598 0.5545 0.0344 0.557 -0.729 0.041 0.03 0.962 7955.6 3.5924 15.12751 1.329908 15.701098 14.37119 "" "" 1616.16431 1800.88623 16747.21302 6.2658 7161.1 18.417 14148.0 20.998 "" "" 0.0027851035535966136 0.003947409 0.0041085742 0.008055983 271.91306420985 -24.63235309487 1701.75598 0.557 -0.729 0.97
271.62245266625 -24.51973241266 0.0308 0.0255 10.051 "" "" 4065860889889657344 1751.01624 0.5262 0.0338 0.646 -0.795 0.036 0.026 1.014 "" "" 15.212716 1.945524 16.168684 14.22316 "" "" 1665.8811 1867.40283 15483.18639 8.435 4655.3 14.446 16214.0 22.321 "" "" 0.002818093771586444 0.00437452 0.004064209 0.008438729 271.62245266625 -24.51973241266 1751.01624 0.646 -0.7950000000000003 0.95
271.47868239582 -24.5820796946 0.0331 0.0271 14.724 "" "" 4065859622929963776 1964.30872 0.4713 0.0351 0.543 -0.8 0.038 0.028 0.976 "" "" 15.231403 1.892173 16.14864 14.256467 "" "" 1826.15063 2097.16699 15218.96974 7.3345 4742.0 11.665 15724.0 21.605 "" "" 0.002804564202274231 0.0038624376 0.004063157 0.007925594 271.47868239582 -24.5820796946 1964.30872 0.543 -0.8 0.94
271.83986592727 -24.62158549898 0.0304 0.026 5.8144 "" "" 4065850139641606656 1806.89502 0.5226 0.0332 0.532 -0.631 0.04 0.027 0.937 7983.4 3.5064 15.23323 1.426541 15.862675 14.436133 "" "" 1713.95117 1908.22192 15193.39323 5.619 6170.9 13.343 13326.0 31.606 "" "" 0.0027844251793911197 0.0036464238 0.004573277 0.008219701 271.83986592727 -24.62158549898 1806.89502 0.532 -0.6309999999999998 0.92
271.71611085126 -24.57187496887 0.0329 0.0283 4.8486 "" "" 4065863157634847744 1712.79004 0.5381 0.0347 0.506 -0.685 0.04 0.029 0.891 "" "" 15.246183 1.733443 16.058989 14.325545 "" "" 1612.75232 1819.28247 15013.20318 6.8238 5150.2 12.21 14755.0 23.809 "" "" 0.0027991642535816754 0.003796149 0.0041657076 0.007961856 271.71611085126 -24.57187496887 1712.79004 0.506 -0.6850000000000003 0.96
271.76840348333 -24.57430792948 0.0307 0.0261 4.8457 "" "" 4065862264281633792 1920.01807 0.4858 0.0339 0.607 -0.712 0.038 0.028 0.858 "" "" 15.247558 1.632221 16.003283 14.371061 "" "" 1786.34717 2086.62427 14994.20812 7.1588 5421.3 20.141 14149.0 23.942 "" "" 0.0028036580182308627 0.004904657 0.0042022695 0.009106927 271.76840348333 -24.57430792948 1920.01807 0.6070000000000002 -0.7120000000000002 0.95
271.86966664943 -24.70019955886 0.0314 0.026 7.78 "" "" 4065845943405197696 1579.36682 0.6016 0.0346 0.475 -0.788 0.039 0.027 0.943 9100.1 3.6459 15.296313 1.607752 16.02541 14.417658 "" "" 1480.77515 1670.51953 14335.78083 5.261 5311.9 33.829 13555.0 34.865 "" "" 0.0027839809496311044 0.0074562705 0.0046992074 0.012155478 271.86966664943 -24.70019955886 1579.36682 0.47499999999999987 -0.7879999999999999 0.85
271.73705683326 -24.61410730415 0.0328 0.0275 2.1658 "" "" 4065856255655369472 1908.93164 0.4909 0.0359 0.61 -0.788 0.041 0.031 0.947 9618.7 3.7421 15.313271 1.553907 15.945667 14.39176 "" "" 1788.89795 2045.95886 14113.62648 9.631 5716.8 82.817 13882.0 60.048 "" "" 0.0028531939537020266 0.01597419 0.0060283067 0.022002496 271.73705683326 -24.61410730415 1908.93164 0.6100000000000002 -0.788 0.84
271.58170798024 -24.69674181699 0.0344 0.0288 8.9678 "" "" 4065854915645762304 1800.12 0.5137 0.0345 0.493 -0.637 0.041 0.03 0.893 "" "" 15.386427 1.891522 16.304163 14.412641 "" "" 1702.0647 1936.13477 13193.97991 5.5373 4109.1 14.221 13618.0 18.824 "" "" 0.0027927443174647513 0.004680216 0.004066464 0.00874668 271.58170798024 -24.69674181699 1800.12 0.4929999999999997 -0.637 0.87
271.62175733531 -24.66643705098 0.0371 0.0309 6.4134 "" "" 4065855083093739392 1579.63904 0.595 0.0357 0.636 -0.841 0.045 0.033 1.005 "" "" 15.397309 1.787717 16.242153 14.454436 "" "" 1491.76428 1649.88086 13062.40202 6.389 4350.7 10.949 13103.0 20.322 "" "" 0.0028060295502919217 0.0039052397 0.004137547 0.008042787 271.62175733531 -24.66643705098 1579.63904 0.6360000000000001 -0.841 0.83
