Clusters/UBC_337/UBC_337_members.tsv
# %ECSV 1.0
# ---
# datatype:
# - name: RA_ICRS_1
#   unit: deg
#   datatype: float64
#   format: '{:15.11f}'
#   description: Right ascension (ICRS) at Ep=2016.0 (ra)
#   meta: !!omap
#   - {ucd: POS_EQ_RA_MAIN}
#   - {width: 15}
#   - {precision: '11'}
# - name: DE_ICRS_1
#   unit: deg
#   datatype: float64
#   format: '{:15.11f}'
#   description: Declination (ICRS) at Ep=2016.0 (dec)
#   meta: !!omap
#   - {ucd: POS_EQ_DEC_MAIN}
#   - {width: 15}
#   - {precision: '11'}
# - name: e_RA_ICRS
#   unit: mas
#   datatype: float64
#   format: '{:7.4f}'
#   description: Standard error of right ascension (ra_error)
#   meta: !!omap
#   - {ucd: ERROR}
#   - {width: 7}
#   - {precision: '4'}
# - name: e_DE_ICRS
#   unit: mas
#   datatype: float64
#   format: '{:7.4f}'
#   description: Standard error of declination (dec_error)
#   meta: !!omap
#   - {ucd: ERROR}
#   - {width: 7}
#   - {precision: '4'}
# - name: _r_1
#   unit: ''
#   datatype: float64
#   format: '{:7.4f}'
#   description: Distance from center (271.73800744000-24.65019440000)[ICRS], at Epoch=J2016.0
#   meta: !!omap
#   - {ucd: POS_ANG_DIST_GENERAL}
#   - {width: 7}
#   - {precision: '4'}
# - name: HIP
#   datatype: int32
#   description: '? HIP cross-id number, van Leeuwen, Cat. I/311 (hip_original_ext_source_id)'
#   meta: !!omap
#   - {ucd: ID_NUMBER}
#   - {width: 6}
#   - values: {'null': -2147483648}
# - name: TYC2
#   datatype: string
#   description: Tycho-2 cross-id name, Hog et al., Cat. I/259 (tyc2_original_ext_source_id)
#   meta: !!omap
#   - {ucd: ID_CROSSID}
#   - {_votable_string_dtype: char}
# - name: Source
#   datatype: int64
#   description: Source identifier, identical to the Gaia-EDR3 source_id (id)
#   meta: !!omap
#   - {ucd: ID_MAIN}
#   - {width: 19}
# - name: rgeo
#   unit: pc
#   datatype: float64
#   format: '{:15.8f}'
#   description: '? Median of the geometric distance posterior (r_med_geo)'
#   meta: !!omap
#   - {ucd: PHYS_DISTANCE_TRUE}
#   - {width: 15}
#   - {precision: '8'}
#   - values: {'null': .nan}
# - name: Plx
#   unit: mas
#   datatype: float64
#   format: '{:9.4f}'
#   description: '? Parallax (parallax)'
#   meta: !!omap
#   - {ucd: POS_PARLX_TRIG}
#   - {width: 9}
#   - {precision: '4'}
#   - values: {'null': .nan}
# - name: e_Plx
#   unit: mas
#   datatype: float32
#   format: '{:7.4f}'
#   description: '? Standard error of parallax (parallax_error)'
#   meta: !!omap
#   - {ucd: ERROR}
#   - {width: 7}
#   - {precision: '4'}
#   - values: {'null': .nan}
# - name: pmRA
#   unit: mas / yr
#   datatype: float64
#   format: '{:9.3f}'
#   description: '? Proper motion in right ascension direction, pmRA*cosDE (pmra)'
#   meta: !!omap
#   - {ucd: POS_EQ_PMRA}
#   - {width: 9}
#   - {precision: '3'}
#   - values: {'null': .nan}
# - name: pmDE
#   unit: mas / yr
#   datatype: float64
#   format: '{:9.3f}'
#   description: '? Proper motion in declination direction (pmdec)'
#   meta: !!omap
#   - {ucd: POS_EQ_PMDEC}
#   - {width: 9}
#   - {precision: '3'}
#   - values: {'null': .nan}
# - name: e_pmRA
#   unit: mas / yr
#   datatype: float32
#   format: '{:6.3f}'
#   description: '? Standard error of proper motion in right ascension direction (pmra_error)'
#   meta: !!omap
#   - {ucd: ERROR}
#   - {width: 6}
#   - {precision: '3'}
#   - values: {'null': .nan}
# - name: e_pmDE
[...]
#         unit: &id001 !astropy.units.Unit {unit: deg}
#         value: !astropy.table.SerializedColumn {name: SkyCoord.dec}
#       distance: !astropy.table.SerializedColumn
#         __class__: astropy.coordinates.distances.Distance
#         unit: !astropy.units.Unit {unit: pc}
#         value: !astropy.table.SerializedColumn {name: SkyCoord.distance}
#       frame: icrs
#       obstime: !astropy.time.Time {format: jyear_str, in_subfmt: '*', jd1: 367701545.0, jd2: 0.0, out_subfmt: '*', precision: 3, scale: tt}
#       pm_dec: !astropy.table.SerializedColumn
#         __class__: astropy.units.quantity.Quantity
#         unit: !astropy.units.Unit {unit: mas / yr}
#         value: !astropy.table.SerializedColumn {name: SkyCoord.pm_dec}
#       pm_ra_cosdec: !astropy.table.SerializedColumn
#         __class__: astropy.units.quantity.Quantity
#         unit: !astropy.units.Unit {unit: mas / yr}
#         value: !astropy.table.SerializedColumn {name: SkyCoord.pm_ra_cosdec}
#       ra: !astropy.table.SerializedColumn
#         __class__: astropy.coordinates.angles.Longitude
#         unit: *id001
#         value: !astropy.table.SerializedColumn {name: SkyCoord.ra}
#         wrap_angle: !astropy.coordinates.Angle
#           unit: *id001
#           value: 360.0
#       representation_type: spherical
# schema: astropy-2.0
RA_ICRS_1 DE_ICRS_1 e_RA_ICRS e_DE_ICRS _r_1 HIP TYC2 Source rgeo Plx e_Plx pmRA pmDE e_pmRA e_pmDE RUWE Teff logg Gmag BP-RP BPmag RPmag RV e_RV b_rgeo B_rgeo FG e_FG FBP e_FBP FRP e_FRP RAVE5 RAVE6 e_Gmag e_BPmag e_RPmag e_BP-RP SkyCoord.ra SkyCoord.dec SkyCoord.distance SkyCoord.pm_ra_cosdec SkyCoord.pm_dec Pmemb
[from data line 41]
271.70158739245 -24.57571697099 0.0347 0.0295 4.8904 "" "" 4065857286467353984 1761.91479 0.5436 0.0358 0.467 -0.809 0.042 0.034 1.004 "" "" 15.447878 1.672698 16.229824 14.557126 "" "" 1644.29871 1889.75562 12467.96621 5.6103 4400.4 15.307 11921.0 12.565 "" "" 0.002798298919428008 0.0046956525 0.003948842 0.008644495 271.70158739245 -24.57571697099 1761.91479 0.467 -0.809 0.97
271.80323514788 -24.62783993211 0.0318 0.0268 3.8018 "" "" 4065850070922156288 1877.38123 0.4922 0.0341 0.408 -0.735 0.041 0.029 0.951 9210.9 3.5191 15.494699 1.466399 16.15108 14.68468 "" "" 1761.1156 1988.90674 11941.73134 5.0281 4731.4 17.838 10600.0 29.749 "" "" 0.0027929872226017745 0.004953858 0.0048547625 0.00980862 271.80323514788 -24.62783993211 1877.38123 0.4080000000000001 -0.735 0.96
271.75508242591 -24.70136780668 0.0363 0.03 3.2084 "" "" 4065843916180622080 1566.15613 0.5958 0.0378 0.632 -0.697 0.053 0.036 1.012 "" "" 15.517758 1.570663 16.222418 14.651754 "" "" 1471.23792 1675.35767 11690.77551 5.6205 4430.5 18.928 10926.0 42.051 "" "" 0.002804327930026648 0.0054130033 0.005634281 0.011047284 271.75508242591 -24.70136780668 1566.15613 0.632 -0.697 0.97
271.73475773608 -24.81093110848 0.0362 0.0296 9.6458 "" "" 4065837697067380736 1758.46411 0.5395 0.037 0.436 -0.857 0.047 0.033 0.951 7997.0 3.5932 15.547513 1.365677 16.14779 14.782114 "" "" 1639.03882 1852.96179 11374.74175 3.9026 4745.7 13.436 9689.8 21.062 "" "" 0.002780387092643545 0.004151397 0.0044556987 0.008607095 271.73475773608 -24.81093110848 1758.46411 0.436 -0.857 0.85
271.572485539 -24.62754139546 0.0405 0.0332 9.1289 "" "" 4065858381628655232 1699.83362 0.5358 0.0396 0.584 -0.936 0.05 0.037 1.025 "" "" 15.620829 1.962233 16.58872 14.626487 "" "" 1603.50745 1844.00439 10632.01203 5.3667 3161.8 10.948 11183.0 14.737 "" "" 0.0028092957584719535 0.0046817237 0.0040411483 0.008722872 271.572485539 -24.62754139546 1699.83362 0.584 -0.9359999999999997 0.86
271.5866966325 -24.49542260113 0.039 0.0326 12.4259 "" "" 4065861920681823872 1858.98303 0.5088 0.0421 0.552 -0.733 0.044 0.033 1.005 9007.9 3.5585 15.696172 1.459342 16.34833 14.888988 "" "" 1720.97668 2009.33044 9919.23029 4.9448 3945.3 13.271 8781.4 13.312 "" "" 0.0028079774081908727 0.0045959987 0.004122223 0.008718221 271.5866966325 -24.49542260113 1858.98303 0.552 -0.733 0.86
271.78954895103 -24.67299491218 0.038 0.0321 3.1257 "" "" 4065844087979464448 1770.11047 0.5287 0.0408 0.602 -0.671 0.05 0.037 0.966 "" "" 15.782899 1.642039 16.545313 14.903274 "" "" 1628.22473 1913.2019 9157.71503 4.8127 3290.7 13.02 8666.6 17.136 "" "" 0.0028137812721913064 0.0051224213 0.004346532 0.009468953 271.78954895103 -24.67299491218 1770.11047 0.6020000000000003 -0.671 0.9
271.87279091201 -24.8145353662 0.0426 0.0339 12.2956 "" "" 4065838113732916352 1734.82239 0.5422 0.0452 0.675 -0.814 0.052 0.036 0.976 "" "" 15.785295 1.437767 16.429676 14.991909 "" "" 1632.35815 1882.33191 9137.53336 4.9392 3660.6 19.138 7987.2 14.311 "" "" 0.002817130048199319 0.006325023 0.0042506643 0.0105756875 271.87279091201 -24.8145353662 1734.82239 0.6750000000000005 -0.8139999999999998 0.84
271.71534232277 -24.66632423999 0.0413 0.0339 1.5697 "" "" 4065844259783691776 1505.51611 0.6305 0.0433 0.67 -0.466 0.053 0.039 0.999 "" "" 15.847331 1.758101 16.686102 14.928001 "" "" 1406.90906 1586.97119 8630.06863 5.165 2890.5 10.734 8471.4 15.377 "" "" 0.00283090634571636 0.004903214 0.004262364 0.009165578 271.71534232277 -24.66632423999 1505.51611 0.67 -0.46599999999999997 0.87
271.50267332733 -24.61584695599 0.0423 0.035 12.9995 "" "" 4065859313692305536 1688.08887 0.5553 0.0441 0.534 -0.848 0.05 0.038 0.958 "" "" 15.856072 1.966908 16.821547 14.854638 "" "" 1580.89417 1823.72791 8560.86398 4.7179 2551.5 11.083 9063.7 13.441 "" "" 0.0028195411595851416 0.005479686 0.0041080555 0.009587741 271.50267332733 -24.61584695599 1688.08887 0.534 -0.848 0.94
271.77734920486 -24.69852805762 0.0397 0.0331 3.6071 "" "" 4065843198974436352 1671.87109 0.5675 0.042 0.475 -0.7 0.052 0.037 0.943 9254.5 4.0002 15.912971 1.627898 16.654531 15.026633 "" "" 1570.09546 1802.02307 8123.78966 4.2071 2975.8 10.579 7735.8 17.256 "" "" 0.0028121063497079436 0.0047626807 0.004488809 0.00925149 271.77734920486 -24.69852805762 1671.87109 0.475 -0.6999999999999997 0.93
271.6476786317 -24.71112474665 0.0446 0.0365 6.1333 "" "" 4065853949222337280 1791.19763 0.5286 0.0454 0.504 -0.807 0.057 0.04 1.002 8599.2 3.3929 15.935598 1.752843 16.769691 15.016849 "" "" 1648.10522 1978.33533 7956.23348 4.3952 2676.3 8.8947 7805.8 13.969 "" "" 0.0028198459440925243 0.0045613553 0.004249584 0.008810939 271.6476786317 -24.71112474665 1791.19763 0.504 -0.8069999999999998 0.85
271.78963124189 -24.74070296769 0.0431 0.0352 6.1164 "" "" 4065842443039654656 1723.48633 0.5609 0.0456 0.611 -0.86 0.055 0.037 1.018 9304.9 3.854 15.938333 1.621651 16.687103 15.065453 "" "" 1581.49451 1854.40259 7936.22282 3.9572 2887.9 11.733 7464.1 28.077 "" "" 0.002808002245289705 0.0052195056 0.0055645024 0.010784008 271.78963124189 -24.74070296769 1723.48633 0.611 -0.8599999999999998 0.94
271.56174552761 -24.5992115183 0.0464 0.0373 10.0888 "" "" 4065860138326174592 1649.72095 0.5866 0.0478 0.565 -0.924 0.055 0.041 0.967 "" "" 15.958984 1.863411 16.861101 14.99769 "" "" 1546.72498 1773.57666 7786.69013 4.877 2460.2 9.276 7944.8 12.644 "" "" 0.0028379960966558445 0.0049541215 0.0041556545 0.0091097765 271.56174552761 -24.5992115183 1649.72095 0.5650000000000004 -0.9240000000000003 0.94
271.79797695456 -24.56932466747 0.0425 0.036 5.8519 "" "" 4065862607879040640 1989.14343 0.4892 0.0454 0.553 -0.776 0.053 0.038 0.995 9213.1 3.4962 15.985618 1.707024 16.796867 15.089844 "" "" 1824.276 2160.65527 7598.00851 3.8422 2610.2 7.617 7298.3 15.471 "" "" 0.002809490176158654 0.0042217947 0.004425028 0.008646823 271.79797695456 -24.56932466747 1989.14343 0.553 -0.776 0.91
271.76110156583 -24.84741709896 0.0462 0.0374 11.9001 "" "" 4065837357819809408 1669.86133 0.5811 0.0476 0.573 -0.798 0.058 0.039 1.024 "" "" 16.006218 1.728856 16.82342 15.094563 "" "" 1526.28943 1835.42847 7455.20774 4.0051 2547.1 8.1272 7266.6 21.154 "" "" 0.002816381761758076 0.0044482164 0.0049268506 0.009375067 271.76110156583 -24.84741709896 1669.86133 0.5730000000000002 -0.7980000000000003 0.96
271.74021174457 -24.79648412676 0.0472 0.0387 8.7782 "" "" 4065840755084190464 1777.87122 0.5443 0.0499 0.533 -0.727 0.065 0.044 0.952 "" "" 16.154482 1.519574 16.838455 15.318881 "" "" 1648.64465 1951.63867 6503.599 3.812 2512.1 33.413 5910.2 19.822 "" "" 0.0028278581705677122 0.014708257 0.005248199 0.019956456 271.74021174457 -24.79648412676 1777.87122 0.533 -0.7270000000000001 0.93
271.77320473814 -24.55921192178 0.0505 0.0426 5.7868 "" "" 4065862504799874304 1563.04724 0.619 0.0522 0.489 -0.56 0.062 0.045 1.086 "" "" 16.1884 2.010577 17.190216 15.179639 "" "" 1435.58862 1727.79211 6303.56963 4.4604 1816.9 7.3823 6719.0 15.914 "" "" 0.002860423385364923 0.0052197953 0.0045712925 0.009791087 271.77320473814 -24.55921192178 1563.04724 0.48899999999999993 -0.56 0.91
271.80013124117 -24.62901517568 0.0465 0.0393 3.6185 "" "" 4065850066594734208 1879.67664 0.5241 0.0496 0.55 -0.688 0.061 0.045 0.986 9005.3 3.6561 16.29692 1.706551 17.095924 15.389374 "" "" 1714.80884 2051.00098 5703.98322 3.0997 1981.7 10.533 5538.7 11.674 "" "" 0.0028177848362959837 0.0064099575 0.0044182125 0.01082817 271.80013124117 -24.62901517568 1879.67664 0.5500000000000003 -0.6880000000000001 0.86
271.94203395948 -24.73627332866 0.0515 0.0422 12.2629 "" "" 4065844882601403648 1562.49292 0.6182 0.0551 0.618 -0.696 0.065 0.046 0.897 "" "" 16.33463 1.795732 17.188192 15.39246 "" "" 1440.75317 1685.06274 5509.28699 3.9013 1820.3 9.1834 5523.0 23.185 "" "" 0.0028605787187243287 0.0061472263 0.005920926 0.012068152 271.94203395948 -24.73627332866 1562.49292 0.618 -0.696 0.9
271.73907405471 -24.68084550315 0.0535 0.0424 1.84 "" "" 4065844191058635008 1458.03845 0.6663 0.0565 0.447 -0.7 0.072 0.048 1.06 "" "" 16.34629 1.753058 17.167887 15.414828 "" "" 1342.11646 1614.60278 5450.42748 4.0428 1854.7 13.701 5410.4 35.775 "" "" 0.0028706013622768647 0.00849199 0.008113218 0.016605208 271.73907405471 -24.68084550315 1458.03845 0.44699999999999995 -0.7 0.87
