Clusters/UBC_337/UBC_337_stars_in_region.tsv
# %ECSV 1.0
# ---
# datatype:
# - name: RA_ICRS_1
#   unit: deg
#   datatype: float64
#   format: '{:15.11f}'
#   description: Right ascension (ICRS) at Ep=2016.0 (ra)
#   meta: !!omap
#   - {ucd: POS_EQ_RA_MAIN}
#   - {width: 15}
#   - {precision: '11'}
# - name: DE_ICRS_1
#   unit: deg
#   datatype: float64
#   format: '{:15.11f}'
#   description: Declination (ICRS) at Ep=2016.0 (dec)
#   meta: !!omap
#   - {ucd: POS_EQ_DEC_MAIN}
#   - {width: 15}
#   - {precision: '11'}
# - name: e_RA_ICRS
#   unit: mas
#   datatype: float64
#   format: '{:7.4f}'
#   description: Standard error of right ascension (ra_error)
#   meta: !!omap
#   - {ucd: ERROR}
#   - {width: 7}
#   - {precision: '4'}
# - name: e_DE_ICRS
#   unit: mas
#   datatype: float64
#   format: '{:7.4f}'
#   description: Standard error of declination (dec_error)
#   meta: !!omap
#   - {ucd: ERROR}
#   - {width: 7}
#   - {precision: '4'}
# - name: _r_1
#   unit: ''
#   datatype: float64
#   format: '{:7.4f}'
#   description: Distance from center (271.73800744000-24.65019440000)[ICRS], at Epoch=J2016.0
#   meta: !!omap
#   - {ucd: POS_ANG_DIST_GENERAL}
#   - {width: 7}
#   - {precision: '4'}
# - name: HIP
#   datatype: int32
#   description: '? HIP cross-id number, van Leeuwen, Cat. I/311 (hip_original_ext_source_id)'
#   meta: !!omap
#   - {ucd: ID_NUMBER}
#   - {width: 6}
#   - values: {'null': -2147483648}
# - name: TYC2
#   datatype: string
#   description: Tycho-2 cross-id name, Hog et al., Cat. I/259 (tyc2_original_ext_source_id)
#   meta: !!omap
#   - {ucd: ID_CROSSID}
#   - {_votable_string_dtype: char}
# - name: Source
#   datatype: int64
#   description: Source identifier, identical to the Gaia-EDR3 source_id (id)
#   meta: !!omap
#   - {ucd: ID_MAIN}
#   - {width: 19}
# - name: rgeo
#   unit: pc
#   datatype: float64
#   format: '{:15.8f}'
#   description: '? Median of the geometric distance posterior (r_med_geo)'
#   meta: !!omap
#   - {ucd: PHYS_DISTANCE_TRUE}
#   - {width: 15}
#   - {precision: '8'}
#   - values: {'null': .nan}
# - name: Plx
#   unit: mas
#   datatype: float64
#   format: '{:9.4f}'
#   description: '? Parallax (parallax)'
#   meta: !!omap
#   - {ucd: POS_PARLX_TRIG}
#   - {width: 9}
#   - {precision: '4'}
#   - values: {'null': .nan}
# - name: e_Plx
#   unit: mas
#   datatype: float32
#   format: '{:7.4f}'
#   description: '? Standard error of parallax (parallax_error)'
#   meta: !!omap
#   - {ucd: ERROR}
#   - {width: 7}
#   - {precision: '4'}
#   - values: {'null': .nan}
# - name: pmRA
#   unit: mas / yr
#   datatype: float64
#   format: '{:9.3f}'
#   description: '? Proper motion in right ascension direction, pmRA*cosDE (pmra)'
#   meta: !!omap
#   - {ucd: POS_EQ_PMRA}
#   - {width: 9}
#   - {precision: '3'}
#   - values: {'null': .nan}
# - name: pmDE
#   unit: mas / yr
#   datatype: float64
#   format: '{:9.3f}'
#   description: '? Proper motion in declination direction (pmdec)'
#   meta: !!omap
#   - {ucd: POS_EQ_PMDEC}
#   - {width: 9}
#   - {precision: '3'}
#   - values: {'null': .nan}
# - name: e_pmRA
#   unit: mas / yr
#   datatype: float32
#   format: '{:6.3f}'
#   description: '? Standard error of proper motion in right ascension direction (pmra_error)'
#   meta: !!omap
#   - {ucd: ERROR}
#   - {width: 6}
#   - {precision: '3'}
#   - values: {'null': .nan}
# - name: e_pmDE
[...]
#         value: !astropy.table.SerializedColumn {name: SkyCoord.dec}
#       distance: !astropy.table.SerializedColumn
#         __class__: astropy.coordinates.distances.Distance
#         unit: !astropy.units.Unit {unit: pc}
#         value: !astropy.table.SerializedColumn {name: SkyCoord.distance}
#       frame: icrs
#       obstime: !astropy.time.Time {format: jyear_str, in_subfmt: '*', jd1: 367701545.0, jd2: 0.0, out_subfmt: '*', precision: 3, scale: tt}
#       pm_dec: !astropy.table.SerializedColumn
#         __class__: astropy.units.quantity.Quantity
#         unit: !astropy.units.Unit {unit: mas / yr}
#         value: !astropy.table.SerializedColumn {name: SkyCoord.pm_dec}
#       pm_ra_cosdec: !astropy.table.SerializedColumn
#         __class__: astropy.units.quantity.Quantity
#         unit: !astropy.units.Unit {unit: mas / yr}
#         value: !astropy.table.SerializedColumn {name: SkyCoord.pm_ra_cosdec}
#       ra: !astropy.table.SerializedColumn
#         __class__: astropy.coordinates.angles.Longitude
#         unit: *id001
#         value: !astropy.table.SerializedColumn {name: SkyCoord.ra}
#         wrap_angle: !astropy.coordinates.Angle
#           unit: *id001
#           value: 360.0
#       representation_type: spherical
# schema: astropy-2.0
RA_ICRS_1 DE_ICRS_1 e_RA_ICRS e_DE_ICRS _r_1 HIP TYC2 Source rgeo Plx e_Plx pmRA pmDE e_pmRA e_pmDE RUWE Teff logg Gmag BP-RP BPmag RPmag RV e_RV b_rgeo B_rgeo FG e_FG FBP e_FBP FRP e_FRP RAVE5 RAVE6 e_Gmag e_BPmag e_RPmag e_BP-RP SkyCoord.ra SkyCoord.dec SkyCoord.distance SkyCoord.pm_ra_cosdec SkyCoord.pm_dec rmRA rmDE e_rmRA e_rmDE rRV e_rRV v_pec v_pec3d e_vpec e_vpec3d
[from data line 30]
271.37419146842 -24.6147639885 0.0284 0.0241 19.9561 "" "" 4065953008351981696 1513.56616 0.6379 0.032 1.214 -0.469 0.036 0.026 0.979 5037.1 2.0089 12.729157 3.175193 14.611617 11.436424 3.7 0.7 1446.20715 1582.13147 152504.9946 66.213 19533.0 28.267 211150.0 164.37 "" "" 0.002795353490199316 0.0032021492 0.0038727352 0.007074884 271.37419146842 -24.6147639885 1513.56616 1.214 -0.469 0.6652258172035217 0.2940161046981812 0.10836766 0.09836766 1.924444444444445 1.6082759 5.217898467748957 5.5614702048550075 0.5572583318404828 0.7635849492372849
272.05664473623 -24.55603639919 0.0226 0.0196 18.2776 "" "" 4065872026797169792 1733.0033 0.5572 0.0273 -1.577 -1.801 0.028 0.02 1.044 "" "" 12.778475 2.537867 14.16825 11.630384 18.62 0.35 1656.67053 1814.7937 145732.69897 59.515 29384.0 73.757 176610.0 92.66 "" "" 0.0027907689213723832 0.003900306 0.0038220698 0.007722376 272.05664473623 -24.55603639919 1733.0033 -1.5769999999999993 -1.8010000000000008 -2.1257741827964782 -1.0379838953018188 0.100367665 0.092367664 16.844444444444445 1.2582759 19.432525721329434 25.716888702798116 1.921445785978526 1.6695159033016156
272.14340420816 -24.47513862024 0.0533 0.0514 24.4894 "" "" 4065874221471791104 1708.83508 0.6089 0.084 4.082 1.456 0.07 0.053 2.887 6359.0 3.5526 12.779284 0.847932 13.112833 12.264901 23.3 6.6 1472.54822 2056.68823 145624.04545 56.781 77675.0 75.517 98446.0 38.516 "" "" 0.0027876531739484665 0.0029831661 0.0038031787 0.0067863446 272.14340420816 -24.47513862024 1708.83508 4.082 1.456 3.5332258172035216 2.219016104698181 0.14236766 0.12536766 21.524444444444445 7.508276 33.79476285579027 40.06728971519133 4.655967993714186 5.629482018449698
272.06243687385 -24.91852076458 0.0171 0.0142 23.9066 "" "" 4065786157459080192 1964.07129 0.4929 0.0183 -0.93 -2.033 0.021 0.015 0.759 5108.0 2.0002 12.798953 2.458968 14.132959 11.673991 44.76 2.04 1901.69702 2030.97754 143009.71448 39.037 30355.0 39.497 169650.0 113.87 "" "" 0.0027712136259800705 0.0031274343 0.0038490007 0.006976435 272.06243687385 -24.91852076458 1964.07129 -0.9300000000000007 -2.033 -1.4787741827964784 -1.2699838953018188 0.09336766 0.08736766 42.98444444444444 2.9482758 18.147063858579894 46.65810102098999 1.6490091450337547 2.7908363329348074
271.60460535778 -24.86090583822 0.0149 0.0127 14.5832 "" "" 4065746437607162752 1862.12183 0.5215 0.0159 0.095 -3.554 0.021 0.015 0.776 4949.2 2.0241 12.799103 2.40967 14.093528 11.683858 30.72 0.47 1794.67334 1922.41113 142990.02704 31.726 31478.0 30.054 168120.0 65.652 "" "" 0.0027658310555234325 0.0029765128 0.0038030897 0.0067796027 271.60460535778 -24.86090583822 1862.12183 0.095 -3.554 -0.4537741827964783 -2.7909838953018187 0.09336766 0.08736766 28.944444444444443 1.3782759 24.957972641422707 38.21886003751989 2.1845049893288544 1.7676461410148092
271.96263152902 -24.97105405605 0.0187 0.0147 22.8097 "" "" 4065786260543243008 2001.65784 0.4858 0.0203 -1.903 -4.803 0.024 0.016 0.84 4663.7 2.085 12.812266 2.201674 13.962156 11.760483 -16.98 0.7 1928.98926 2063.87183 141266.8215 33.269 35527.0 24.845 156660.0 57.907 "" "" 0.002767159163048845 0.0028916365 0.00380063 0.0066922666 271.96263152902 -24.97105405605 2001.65784 -1.903 -4.803 -2.4517741827964783 -4.039983895301819 0.09636766 0.08836766 -18.755555555555556 1.6082759 44.83719898333317 48.60190610324397 4.0618244736724405 3.7982445612689606
272.05620695427 -24.69154752136 0.0163 0.0138 17.5258 "" "" 4065799866996072832 1920.88855 0.5131 0.021 0.023 -0.636 0.02 0.015 0.688 4633.9 1.3084 12.827827 2.326274 14.062956 11.736682 -9.07 0.87 1836.71484 1997.22131 139256.61904 52.742 32377.0 51.754 160130.0 108.13 "" "" 0.0027858363460878752 0.003285895 0.0038498375 0.0071357326 272.05620695427 -24.69154752136 1920.88855 0.023 -0.636 -0.5257741827964783 0.12701610469818114 0.092367664 0.08736766 -10.845555555555556 1.7782758 4.92489050885943 11.911365237994161 0.4535776075785406 1.6299830230920371
271.99693542995 -24.63242179974 0.0164 0.0143 14.1611 "" "" 4065847901910651520 1750.11353 0.5588 0.0216 2.561 -0.456 0.02 0.014 0.739 "" "" 12.830871 2.350143 14.078423 11.72828 10.74 0.53 1690.97571 1824.04736 138866.83995 47.783 31919.0 34.487 161380.0 97.598 "" "" 0.002780532576320648 0.0030267446 0.0038359978 0.0068627424 271.99693542995 -24.63242179974 1750.11353 2.561 -0.456 2.0122258172035217 0.30701610469818114 0.092367664 0.08636766 8.964444444444446 1.4382758 16.885672561421956 19.117719582865767 1.5574585315022809 1.5320486901677688
271.5556946413 -24.24892355036 0.0265 0.0233 26.0542 "" "" 4066062547198411264 1417.14075 0.6886 0.0325 -0.753 -2.223 0.033 0.025 1.416 "" "" 12.838492 1.472455 13.500622 12.028167 -43.79 26.41 1350.67188 1496.43115 137895.44963 70.056 54346.0 105.4 122430.0 226.91 "" "" 0.0028099903169673357 0.003495574 0.0042817085 0.0077772825 271.5556946413 -24.24892355036 1417.14075 -0.753 -2.223 -1.3017741827964784 -1.4599838953018187 0.10536766 0.09736766 -45.565555555555555 27.318275 13.13933550629677 47.42216771335375 1.3269294781795173 26.25131987313764
271.61470351975 -24.33197274806 0.0161 0.0133 20.2455 "" "" 4066057397557890304 1418.78516 0.6779 0.0195 0.053 -1.927 0.02 0.015 0.74 7549.7 3.4715 12.850102 1.143157 13.324245 12.181088 "" "" 1373.11646 1460.20349 136428.75266 106.75 63932.0 172.69 106350.0 296.34 "" "" 0.0028833167976986588 0.0040479624 0.004841129 0.008889091 271.61470351975 -24.33197274806 1418.78516 0.052999999999999936 -1.9269999999999985 -0.4957741827964783 -1.163983895301819 0.092367664 0.08736766 "" "" 8.508308782264786 "" 0.7500404493592199 ""
271.73609429875 -24.61415320636 0.0157 0.0129 2.165 "" "" 4065856251327213440 1636.55823 0.5899 0.0173 0.433 -0.9 0.02 0.015 0.774 "" "" 12.864172 1.227413 13.384931 12.157517 -17.7 17.98 1593.49084 1675.59241 134672.25007 32.072 60457.0 56.0 108680.0 36.638 "" "" 0.002767425883705945 0.002965884 0.0037970645 0.006762949 271.73609429875 -24.61415320636 1636.55823 0.43300000000000005 -0.8999999999999999 -0.11577418279647828 -0.13698389530181887 0.092367664 0.08736766 -19.475555555555555 18.888275 1.3913087449035555 19.5251889676176 0.12450124809459429 18.84026287055963
271.57364410846 -24.37726389692 0.031 0.0269 18.673 "" "" 4066056847802063488 1647.89624 0.595 0.0388 -0.127 -1.93 0.036 0.027 1.458 "" "" 12.87288 1.007065 13.280231 12.273167 "" "" 1542.6936 1771.27002 133596.42608 32.905 66577.0 47.083 97699.0 53.418 "" "" 0.002768266970861122 0.0028938917 0.00382572 0.0067196116 271.57364410846 -24.37726389692 1647.89624 -0.127 -1.9300000000000017 -0.6757741827964783 -1.1669838953018188 0.10836766 0.09936766 "" "" 10.533373962576652 "" 1.0712723187360915 ""
271.78183752087 -24.93597515882 0.0189 0.0157 17.3123 "" "" 4065788768799048832 1744.82385 0.5547 0.0212 0.699 -3.72 0.023 0.017 0.8 "" "" 12.877967 2.631321 14.339613 11.708292 16.99 0.5 1675.62891 1817.8551 132971.9646 30.58 25094.0 32.766 164380.0 106.34 "" "" 0.002766610681276317 0.0031296744 0.0038440947 0.006973769 271.78183752087 -24.93597515882 1744.82385 0.699 -3.7199999999999998 0.15022581720352168 -2.956983895301819 0.09536766 0.08936766 15.214444444444442 1.4082758 24.487171845972114 28.82882073147037 2.18875209384077 2.002177915455741
271.84126593221 -24.69423276844 0.0185 0.0152 6.2191 "" "" 4065848863982984576 1715.60266 0.5638 0.0203 0.03 -1.54 0.023 0.016 0.928 "" "" 12.8787 1.392174 13.490675 12.098501 -24.06 16.01 1663.0697 1770.93445 132882.18436 36.897 54846.0 47.629 114750.0 45.092 "" "" 0.002771763958594393 0.0029451738 0.0038033875 0.0067485613 271.84126593221 -24.69423276844 1715.60266 0.030000000000000006 -1.54 -0.5187741827964782 -0.7769838953018189 0.09536766 0.08836766 -25.835555555555555 16.918276 7.597313379950418 26.929446735077406 0.6881929642428304 16.23220591953533
271.54527365942 -24.81164815721 0.0184 0.0159 14.2886 "" "" 4065759288149422848 1971.25647 0.489 0.0205 0.382 -0.871 0.025 0.019 0.798 "" "" 12.892487 2.595526 14.324535 11.72901 4.72 1.17 1892.51672 2065.72998 131205.4715 46.49 25445.0 36.888 161270.0 99.465 "" "" 0.0027820478296925626 0.0032035215 0.0038382476 0.007041769 271.54527365942 -24.81164815721 1971.25647 0.38200000000000034 -0.871 -0.16677418279647827 -0.10798389530181884 0.09736766 0.09136766 2.9444444444444446 2.0782757 1.8564269533560316 3.4808151515940216 0.1775383976482073 1.76057512725233
271.81959945806 -24.51988260668 0.0167 0.0141 8.9972 "" "" 4065863054555855872 1411.9657 0.687 0.0193 0.29 -2.151 0.021 0.015 0.708 "" "" 12.908886 1.873601 13.817342 11.943741 -17.87 32.91 1374.50159 1448.42236 129238.61822 61.903 40596.0 52.321 132330.0 130.13 "" "" 0.0028039685566382997 0.0031214012 0.0039272993 0.0070487005 271.81959945806 -24.51988260668 1411.9657 0.29000000000000054 -2.151 -0.2587741827964783 -1.3879838953018186 0.09336766 0.08736766 -19.645555555555557 33.818275 9.449451896946611 21.7999998678699 0.8275441109407203 30.478203300314743
271.37078109617 -24.66730690148 0.0323 0.0288 20.0506 "" "" 4065765094945330304 1735.9707 0.5618 0.0385 0.29 -1.726 0.041 0.029 1.681 "" "" 12.917327 2.168067 14.00723 11.839163 "" "" 1653.20264 1836.59424 128237.81996 328.97 34082.0 268.36 145710.0 900.15 "" "" 0.003917833216417773 0.008992831 0.0076988335 0.016691664 271.37078109617 -24.66730690148 1735.9707 0.29 -1.7259999999999986 -0.2587741827964783 -0.9629838953018188 0.11336766 0.10136766 "" "" 8.205024877049325 "" 0.8387183480376027 ""
271.83100783295 -24.76724640944 0.0572 0.0442 8.6614 "" "" 4065839591201780224 1819.27625 0.5429 0.063 3.84 -0.103 0.068 0.051 1.731 5865.7 2.9012 12.927919 2.200874 13.905028 11.704154 -23.43 2.4 1643.30347 2031.12122 126992.81373 73.27 37446.0 821.54 165000.0 2137.8 "" "" 0.002825632985930649 0.023983173 0.014566044 0.03854922 271.83100783295 -24.76724640944 1819.27625 3.84 -0.10300000000000001 3.2912258172035216 0.6600161046981812 0.14036766 0.12336766 -25.205555555555556 3.308276 28.946518535382395 38.382560703833114 4.045242940088842 3.745255791117092
271.54377148935 -24.85461912183 0.0203 0.0173 16.2003 "" "" 4065747056082472576 1810.70215 0.5303 0.0212 0.704 -0.286 0.03 0.02 0.874 "" "" 12.938689 2.539836 14.329957 11.790121 -52.22 0.61 1743.25671 1888.97144 125739.30937 39.794 25318.0 32.783 152440.0 93.909 "" "" 0.002776663459622424 0.0031243407 0.003838111 0.0069624516 271.54377148935 -24.85461912183 1810.70215 0.7039999999999997 -0.286 0.1552258172035217 0.4770161046981812 0.10236766 0.092367664 -53.995555555555555 1.5182759 4.305411786190564 54.166932628696586 0.40200303005051774 1.5138094926801657
271.75546665323 -24.58020392234 0.016 0.0134 4.3061 "" "" 4065862470440039808 1689.0376 0.5656 0.0177 0.564 -0.835 0.021 0.015 0.79 "" "" 12.950921 1.493091 13.619753 12.126662 17.56 19.41 1641.99634 1734.6759 124330.72407 33.865 48699.0 47.741 111810.0 53.492 "" "" 0.0027711452971874028 0.0029862935 0.0038149103 0.006801204 271.75546665323 -24.58020392234 1689.0376 0.564 -0.835 0.015225817203521674 -0.07198389530181881 0.09336766 0.08736766 15.784444444444443 20.318275 0.589056561922072 15.795432062874902 0.05162080674933732 20.304141744178782
271.4497772151 -24.97768868205 0.0231 0.0202 25.1497 "" "" 4065744410382146304 1991.78943 0.4797 0.0282 -5.774 -11.354 0.03 0.022 1.234 "" "" 12.952531 2.043591 13.981512 11.937922 -20.3 1.14 1871.97107 2101.02051 124146.50039 57.078 34899.0 35.123 133040.0 53.246 "" "" 0.0028001735085692488 0.0029965066 0.0038042807 0.0068007875 271.4497772151 -24.97768868205 1991.78943 -5.774 -11.354 -6.322774182796478 -10.590983895301818 0.10236766 0.09436766 -22.075555555555557 2.048276 116.4535210613693 118.52743446425052 11.241718352502483 11.051604543412996
271.55905449251 -24.99345623878 0.0221 0.0196 22.7849 "" "" 4065740910056116608 1770.09119 0.5339 0.0264 0.522 -1.543 0.027 0.02 1.019 "" "" 12.971605 1.190318 13.472379 12.282061 "" "" 1685.74915 1855.50549 121984.46996 29.978 55778.0 39.373 96902.0 62.672 "" "" 0.002768209464607091 0.002893515 0.003844063 0.0067375777 271.55905449251 -24.99345623878 1770.09119 0.5219999999999999 -1.543 -0.026774182796478252 -0.7799838953018188 0.09936766 0.092367664 "" "" 6.548100479995589 "" 0.6048887328664945 ""
271.64046513659 -24.41289622226 0.019 0.0152 15.2008 "" "" 4065868449032153472 1628.83936 0.5782 0.0212 0.683 -1.17 0.022 0.016 0.973 4751.3 2.4724 12.999971 2.329713 14.23877 11.909057 25.05 0.54 1581.95569 1673.66003 118838.75435 39.764 27537.0 30.635 136630.0 63.975 "" "" 0.002779167277842142 0.0030404003 0.0038134207 0.0068538208 271.64046513659 -24.41289622226 1628.83936 0.683 -1.1699999999999997 0.13422581720352178 -0.4069838953018188 0.09436766 0.08836766 23.274444444444445 1.4482758 3.3086815764438984 23.508448225517355 0.29438720691650583 1.4344581364839841
271.38643228757 -24.40889386553 0.0192 0.0157 24.0394 "" "" 4066053755426343936 1493.52722 0.6348 0.019 0.115 -1.804 0.025 0.017 1.089 "" "" 13.050849 1.308397 13.611465 12.303068 "" "" 1446.89575 1528.4585 113398.43392 59.787 49072.0 73.181 95045.0 153.45 "" "" 0.0028141549184832423 0.0032259442 0.0041661076 0.0073920516 271.38643228757 -24.40889386553 1493.52722 0.11499999999999998 -1.8039999999999985 -0.4337741827964783 -1.040983895301819 0.09736766 0.08936766 "" "" 7.983662635522903 "" 0.7232860699213949 ""
271.73459585539 -24.72371819563 0.022 0.0185 4.4153 "" "" 4065843503863649664 1651.10754 0.5702 0.0182 0.572 -0.741 0.031 0.021 0.912 9525.8 3.6918 13.068166 1.357349 13.662922 12.305573 "" "" 1606.38147 1694.28406 111604.2133 30.791 46800.0 48.015 94826.0 46.96 "" "" 0.0027715553119751868 0.0030043093 0.0038174374 0.006821747 271.73459585539 -24.72371819563 1651.10754 0.5720000000000006 -0.7409999999999999 0.02322581720352168 0.02201610469818116 0.10336766 0.09336766 "" "" 0.2504580220681106 "" 0.02473552007649187 ""
271.95131645917 -24.65292715779 0.0177 0.0139 11.6333 "" "" 4065846360070244096 1494.59912 0.6284 0.0204 3.383 0.946 0.021 0.014 0.855 "" "" 13.071162 2.13854 14.161161 12.022621 -3.36 0.8 1445.85144 1543.14038 111296.55982 33.907 29577.0 29.553 123060.0 147.69 "" "" 0.002775103805197497 0.002993653 0.003997705 0.006991358 271.95131645917 -24.65292715779 1494.59912 3.383 0.9459999999999998 2.8342258172035217 1.709016104698181 0.09336766 0.08636766 -5.135555555555555 1.7082758 23.446657966505402 24.00249363425577 2.146622995305207 2.1285286936795536
271.45475088076 -24.89845818949 0.0163 0.0149 21.4478 "" "" 4065757059133481728 1393.0083 0.6846 0.021 -0.322 -1.005 0.021 0.015 0.839 "" "" 13.080492 1.19539 13.586931 12.391542 "" "" 1347.50708 1432.35571 110344.27072 54.832 50193.0 68.222 87608.0 131.74 "" "" 0.0028076453911426765 0.0031563926 0.004116957 0.00727335 271.45475088076 -24.89845818949 1393.0083 -0.322 -1.005 -0.8707741827964783 -0.24198389530181874 0.09336766 0.08736766 "" "" 5.967479594246143 "" 0.5546796783890703 ""
271.87426893735 -25.03867786244 0.017 0.0143 24.4612 "" "" 4065784306391189248 1419.17603 0.6667 0.019 0.94 -1.512 0.021 0.015 0.745 "" "" 13.081783 0.870259 13.42304 12.552781 "" "" 1377.59448 1452.06165 110213.19258 26.119 58371.0 38.845 75517.0 34.432 "" "" 0.002767308253036417 0.0028822063 0.0038116653 0.0066938717 271.87426893735 -25.03867786244 1419.17603 0.9400000000000008 -1.512 0.3912258172035217 -0.7489838953018189 0.09336766 0.08736766 "" "" 5.684263628305339 "" 0.5041258790571228 ""
