Clusters/Dias_1/Dias_1_stars_in_region.tsv
# %ECSV 1.0
# ---
# datatype:
# - name: RA_ICRS_1
#   unit: deg
#   datatype: float64
#   format: '{:15.11f}'
#   description: Right ascension (ICRS) at Ep=2016.0 (ra)
#   meta: !!omap
#   - {ucd: POS_EQ_RA_MAIN}
#   - {width: 15}
#   - {precision: '11'}
# - name: DE_ICRS_1
#   unit: deg
#   datatype: float64
#   format: '{:15.11f}'
#   description: Declination (ICRS) at Ep=2016.0 (dec)
#   meta: !!omap
#   - {ucd: POS_EQ_DEC_MAIN}
#   - {width: 15}
#   - {precision: '11'}
# - name: e_RA_ICRS
#   unit: mas
#   datatype: float64
#   format: '{:7.4f}'
#   description: Standard error of right ascension (ra_error)
#   meta: !!omap
#   - {ucd: ERROR}
#   - {width: 7}
#   - {precision: '4'}
# - name: e_DE_ICRS
#   unit: mas
#   datatype: float64
#   format: '{:7.4f}'
#   description: Standard error of declination (dec_error)
#   meta: !!omap
#   - {ucd: ERROR}
#   - {width: 7}
#   - {precision: '4'}
# - name: _r_1
#   unit: ''
#   datatype: float64
#   format: '{:7.4f}'
#   description: Distance from center (010.64251849000+64.06610146000)[ICRS], at Epoch=J2016.0
#   meta: !!omap
#   - {ucd: POS_ANG_DIST_GENERAL}
#   - {width: 7}
#   - {precision: '4'}
# - name: HIP
#   datatype: int32
#   description: '? HIP cross-id number, van Leeuwen, Cat. I/311 (hip_original_ext_source_id)'
#   meta: !!omap
#   - {ucd: ID_NUMBER}
#   - {width: 6}
#   - values: {'null': -2147483648}
# - name: TYC2
#   datatype: string
#   description: Tycho-2 cross-id name, Hog et al., Cat. I/259 (tyc2_original_ext_source_id)
#   meta: !!omap
#   - {ucd: ID_CROSSID}
#   - {_votable_string_dtype: char}
# - name: Source
#   datatype: int64
#   description: Source identifier, identical to the Gaia-EDR3 source_id (id)
#   meta: !!omap
#   - {ucd: ID_MAIN}
#   - {width: 19}
# - name: rgeo
#   unit: pc
#   datatype: float64
#   format: '{:15.8f}'
#   description: '? Median of the geometric distance posterior (r_med_geo)'
#   meta: !!omap
#   - {ucd: PHYS_DISTANCE_TRUE}
#   - {width: 15}
#   - {precision: '8'}
#   - values: {'null': .nan}
# - name: Plx
#   unit: mas
#   datatype: float64
#   format: '{:9.4f}'
#   description: '? Parallax (parallax)'
#   meta: !!omap
#   - {ucd: POS_PARLX_TRIG}
#   - {width: 9}
#   - {precision: '4'}
#   - values: {'null': .nan}
# - name: e_Plx
#   unit: mas
#   datatype: float32
#   format: '{:7.4f}'
#   description: '? Standard error of parallax (parallax_error)'
#   meta: !!omap
#   - {ucd: ERROR}
#   - {width: 7}
#   - {precision: '4'}
#   - values: {'null': .nan}
# - name: pmRA
#   unit: mas / yr
#   datatype: float64
#   format: '{:9.3f}'
#   description: '? Proper motion in right ascension direction, pmRA*cosDE (pmra)'
#   meta: !!omap
#   - {ucd: POS_EQ_PMRA}
#   - {width: 9}
#   - {precision: '3'}
#   - values: {'null': .nan}
# - name: pmDE
#   unit: mas / yr
#   datatype: float64
#   format: '{:9.3f}'
#   description: '? Proper motion in declination direction (pmdec)'
#   meta: !!omap
#   - {ucd: POS_EQ_PMDEC}
#   - {width: 9}
#   - {precision: '3'}
#   - values: {'null': .nan}
# - name: e_pmRA
#   unit: mas / yr
#   datatype: float32
#   format: '{:6.3f}'
#   description: '? Standard error of proper motion in right ascension direction (pmra_error)'
#   meta: !!omap
#   - {ucd: ERROR}
#   - {width: 6}
#   - {precision: '3'}
#   - values: {'null': .nan}
# - name: e_pmDE
[...]
#         value: !astropy.table.SerializedColumn {name: SkyCoord.dec}
#       distance: !astropy.table.SerializedColumn
#         __class__: astropy.coordinates.distances.Distance
#         unit: !astropy.units.Unit {unit: pc}
#         value: !astropy.table.SerializedColumn {name: SkyCoord.distance}
#       frame: icrs
#       obstime: !astropy.time.Time {format: jyear_str, in_subfmt: '*', jd1: 367701545.0, jd2: 0.0, out_subfmt: '*', precision: 3, scale: tt}
#       pm_dec: !astropy.table.SerializedColumn
#         __class__: astropy.units.quantity.Quantity
#         unit: !astropy.units.Unit {unit: mas / yr}
#         value: !astropy.table.SerializedColumn {name: SkyCoord.pm_dec}
#       pm_ra_cosdec: !astropy.table.SerializedColumn
#         __class__: astropy.units.quantity.Quantity
#         unit: !astropy.units.Unit {unit: mas / yr}
#         value: !astropy.table.SerializedColumn {name: SkyCoord.pm_ra_cosdec}
#       ra: !astropy.table.SerializedColumn
#         __class__: astropy.coordinates.angles.Longitude
#         unit: *id001
#         value: !astropy.table.SerializedColumn {name: SkyCoord.ra}
#         wrap_angle: !astropy.coordinates.Angle
#           unit: *id001
#           value: 360.0
#       representation_type: spherical
# schema: astropy-2.0
RA_ICRS_1 DE_ICRS_1 e_RA_ICRS e_DE_ICRS _r_1 HIP TYC2 Source rgeo Plx e_Plx pmRA pmDE e_pmRA e_pmDE RUWE Teff logg Gmag BP-RP BPmag RPmag RV e_RV b_rgeo B_rgeo FG e_FG FBP e_FBP FRP e_FRP RAVE5 RAVE6 e_Gmag e_BPmag e_RPmag e_BP-RP SkyCoord.ra SkyCoord.dec SkyCoord.distance SkyCoord.pm_ra_cosdec SkyCoord.pm_dec rmRA rmDE e_rmRA e_rmDE rRV e_rRV v_pec v_pec3d e_vpec e_vpec3d
[from data line 348]
10.98195078733 64.15675009996 0.031 0.034 10.4237 "" "" 524044700852002816 2799.48462 0.3388 0.0431 -3.107 -0.504 0.04 0.047 1.048 "" "" 16.397581 1.189932 16.904545 15.714613 "" "" 2541.47754 3212.0293 5198.93724 2.1681 2363.7 9.8684 4105.0 7.464 "" "" 0.0027922752081973234 0.0053228256 0.0042639235 0.00958675 10.98195078733 64.15675009996 2799.48462 -3.107 -0.504000000000002 -0.33352387619018575 0.10623807525634765 0.11020488 0.11720488 "" "" 4.644813274409466 "" 0.5149619935716808 ""
10.50264455271 64.01785255932 0.0313 0.032 4.6771 "" "" 523961996962182144 2378.87549 0.3982 0.0439 -5.49 -0.544 0.041 0.044 1.004 6343.9 3.9322 16.402182 2.079649 17.469698 15.390049 "" "" 2164.04004 2689.81714 5176.94938 2.3855 1404.6 6.8036 5535.3 7.4351 "" "" 0.0028003729522505932 0.005953407 0.004050999 0.010004406 10.50264455271 64.01785255932 2378.87549 -5.490000000000001 -0.5439999999999999 -2.7165238761901858 0.06623807525634762 0.111204885 0.11420488 "" "" 30.64027412518811 "" 3.4074035141238115 ""
10.16746484061 63.88639603967 0.0288 0.0304 16.512 "" "" 523954506538001664 2399.13867 0.4045 0.0413 -1.318 -1.771 0.036 0.039 0.988 6554.9 4.0114 16.411173 1.88065 17.336021 15.455372 "" "" 2159.59717 2619.28394 5134.26071 2.0463 1588.6 6.7402 5212.1 10.439 "" "" 0.002789093674347046 0.005385723 0.0043603233 0.009746047 10.16746484061 63.88639603967 2399.13867 -1.3180000000000007 -1.7710000000000001 1.4554761238098144 -1.1607619247436523 0.10620488 0.10920489 "" "" 21.17064672110908 "" 2.2733280457620824 ""
10.54231143014 64.02386150741 0.1021 0.1102 3.6534 "" "" 523960553852027264 2975.22266 0.3993 0.1413 20.634 -0.011 0.134 0.158 3.463 "" "" 16.417927 1.947874 17.239155 15.291281 "" "" 2133.84546 4126.7168 5102.4181 6.4743 1736.8 6.3258 6062.4 8.1265 "" "" 0.0030805401825134394 0.0048397314 0.0040499293 0.00888966 10.54231143014 64.02386150741 2975.22266 20.634 -0.01100000000000071 23.407476123809815 0.5992380752563476 0.20420489 0.22820489 "" "" 330.2133825848988 "" 67.43668184381276 ""
10.34909738668 64.26233645771 0.032 0.0322 14.0532 "" "" 524060162734105856 2135.33496 0.4517 0.042 -3.448 -2.38 0.04 0.043 1.111 7447.9 4.3817 16.418755 1.522376 17.104696 15.58232 "" "" 1936.26807 2376.48462 5098.53335 2.4331 1965.8 11.147 4636.9 12.251 "" "" 0.0028036134543039477 0.0067593735 0.0047447365 0.01150411 10.34909738668 64.26233645771 2135.33496 -3.448000000000002 -2.3800000000000003 -0.6745238761901855 -1.7697619247436522 0.11020488 0.11320488 "" "" 19.169573284913128 "" 2.1628795097894065 ""
11.15738483472 64.190710741 0.0319 0.0374 15.4144 "" "" 524050091026944896 2617.51196 0.3704 0.0449 -2.141 -0.578 0.042 0.054 1.103 8106.5 4.3661 16.42199 1.505244 17.109562 15.604318 "" "" 2322.60693 3044.27783 5083.36129 2.3324 1957.0 6.6414 4543.9 6.9542 "" "" 0.0027999931020791756 0.0046218503 0.0041285404 0.00875039 11.15738483472 64.190710741 2617.51196 -2.141 -0.5780000000000002 0.6324761238098144 0.0322380752563477 0.11220488 0.12420489 "" "" 7.8573225695714335 "" 0.8818872913939811 ""
10.50827283481 63.83536580188 0.0288 0.0327 14.2889 "" "" 523951792118829440 2430.64966 0.3872 0.0409 0.37 -0.945 0.036 0.045 1.032 7722.3 4.1634 16.422855 1.922779 17.378029 15.45525 "" "" 2211.50244 2664.12451 5079.30828 2.2265 1528.3 8.9046 5212.6 9.2111 "" "" 0.002796121972521548 0.006914007 0.004238479 0.011152485 10.50827283481 63.83536580188 2430.64966 0.3699999999999998 -0.9450000000000007 3.1434761238098146 -0.3347619247436523 0.10620488 0.115204886 "" "" 36.42165562745015 "" 3.8719873400658154 ""
10.46351273088 64.30898285329 0.0324 0.0322 15.3049 "" "" 524061880720995200 2549.94873 0.3645 0.0418 0.779 -2.556 0.04 0.043 1.017 4889.0 3.5828 16.428898 2.055559 17.479143 15.423584 "" "" 2323.55371 2815.92212 5051.11755 2.1814 1392.4 6.4082 5366.9 8.1517 "" "" 0.0027949326328098162 0.0057230727 0.004123504 0.0098465765 10.46351273088 64.30898285329 2549.94873 0.7790000000000004 -2.5559999999999996 3.5524761238098144 -1.9457619247436524 0.11020488 0.11320488 "" "" 48.9567016747921 "" 5.429513042600859 ""
10.78262515507 64.26701780944 0.0304 0.0313 12.5992 "" "" 524063564348234752 2644.38721 0.3513 0.0412 -2.535 -0.441 0.041 0.045 0.985 9732.8 4.2923 16.430916 1.219514 16.935114 15.7156 "" "" 2390.60034 2977.4231 5041.73899 2.2032 2298.1 9.3321 4101.3 8.5654 "" "" 0.002795871937739244 0.005217648 0.0044074208 0.009625069 10.78262515507 64.26701780944 2644.38721 -2.5350000000000006 -0.44099999999999995 0.2384761238098143 0.16923807525634765 0.111204885 0.115204886 "" "" 3.665370720220707 "" 0.41257588204147905 ""
10.87010391953 64.27665449162 0.0313 0.0318 13.9639 "" "" 524063255110587520 2995.97852 0.3091 0.0408 -1.231 -0.462 0.04 0.045 0.99 9458.4 4.2972 16.431425 1.301557 16.999174 15.697618 "" "" 2635.90747 3381.80298 5039.37768 2.1648 2166.4 8.8143 4169.8 9.666 "" "" 0.0027945169543044357 0.0052248524 0.004540729 0.009765581 10.87010391953 64.27665449162 2995.97852 -1.231 -0.4620000000000001 1.5424761238098144 0.14823807525634763 0.11020488 0.115204886 "" "" 22.00553077124653 "" 2.4261464786706957 ""
10.34347344487 64.17990932754 0.0303 0.0312 10.3899 "" "" 524059406819937664 2476.6084 0.3923 0.0416 -2.682 -0.61 0.038 0.042 1.048 9255.3 4.1144 16.433601 1.682958 17.229462 15.546504 "" "" 2258.30518 2787.41821 5029.28826 2.3151 1752.4 10.221 4792.4 10.292 "" "" 0.0028002820207464075 0.0069200657 0.004440778 0.011360844 10.34347344487 64.17990932754 2476.6084 -2.682 -0.6099999999999999 0.09147612380981451 0.00023807525634766957 0.10820489 0.11220488 "" "" 1.0738531804639273 "" 0.11619619094600969 ""
10.28227823978 63.97134969889 0.0293 0.0311 11.0444 "" "" 523956533762551424 2613.98682 0.3551 0.0417 -4.276 -1.356 0.04 0.04 0.989 8199.8 4.407 16.438002 1.765435 17.285889 15.520453 "" "" 2406.89429 2903.94629 5008.94645 2.2918 1663.6 7.7 4908.8 7.0646 "" "" 0.0027997444513996254 0.0057479707 0.00408966 0.009837631 10.28227823978 63.97134969889 2613.98682 -4.275999999999999 -1.3559999999999999 -1.5025238761901853 -0.7457619247436524 0.11020488 0.11020488 "" "" 20.783736535648842 "" 2.2904692515469085 ""
10.86448809237 64.29667478088 0.0361 0.0361 15.0011 "" "" 524063289470305024 2478.9873 0.3777 0.0474 -3.388 -0.901 0.047 0.051 1.086 5217.3 3.6295 16.440386 1.820542 17.334715 15.514173 "" "" 2243.9978 2842.29639 4997.95212 2.2923 1590.5 7.1753 4937.3 8.9224 "" "" 0.0027999578693457226 0.005637089 0.0042583426 0.009895431 10.86448809237 64.29667478088 2478.9873 -3.388 -0.9010000000000006 -0.6145238761901854 -0.29076192474365237 0.11720488 0.12120488 "" "" 7.988388912259565 "" 0.9422041228472808 ""
10.36265311487 64.22444563935 0.0294 0.0306 11.9952 "" "" 524059578618590976 2900.64673 0.3357 0.0399 -3.079 -0.531 0.038 0.042 0.988 9053.6 4.3379 16.448689 1.22132 16.974464 15.753144 "" "" 2596.20728 3231.35352 4959.88 2.0444 2216.3 7.3882 3961.9 11.195 "" "" 0.0027914278745487225 0.004570008 0.0048678434 0.009437852 10.36265311487 64.22444563935 2900.64673 -3.079000000000001 -0.531 -0.30552387619018573 0.07923807525634763 0.10820489 0.11220488 "" "" 4.339643998002957 "" 0.4706835926965885 ""
10.63735345176 64.33478174531 0.0351 0.033 16.1214 "" "" 524066965962265600 2972.85913 0.3059 0.0442 -2.513 -0.17 0.044 0.047 0.974 8509.0 4.2557 16.452005 1.378547 17.069576 15.69103 "" "" 2726.7229 3473.76831 4944.74942 2.2505 2030.4 7.5912 4195.1 8.9805 "" "" 0.002799280960074425 0.0049257604 0.0044368748 0.009362635 10.63735345176 64.33478174531 2972.85913 -2.513 -0.17000000000000023 0.26047612380981455 0.4402380752563476 0.11420488 0.11720488 "" "" 7.208072752188903 "" 0.8392676629353345 ""
10.30461128958 64.15764114233 0.0311 0.0313 10.4176 "" "" 523965501654315520 3045.55029 0.3076 0.0422 -2.802 -0.499 0.04 0.044 1.035 9266.3 4.1651 16.452562 1.30445 17.020712 15.716262 "" "" 2665.47412 3425.59155 4942.2142 2.0646 2123.9 8.9859 4098.8 9.9769 "" "" 0.0027924021497810997 0.005374577 0.0046117334 0.00998631 10.30461128958 64.15764114233 3045.55029 -2.802 -0.49900000000000033 -0.028523876190185593 0.11123807525634766 0.11020488 0.11420488 "" "" 1.6577754251337646 "" 0.18892367671599533 ""
11.05865872754 64.11323866205 0.0297 0.0363 11.2709 "" "" 524043532620946432 2657.19824 0.3405 0.0423 -2.146 -1.589 0.04 0.05 0.992 6371.8 3.764 16.45803 2.085186 17.522867 15.437681 "" "" 2349.84204 3020.31396 4917.38538 2.1578 1337.4 7.1121 5297.7 6.1032 "" "" 0.0027962076392018705 0.0064126183 0.0039809896 0.010393608 11.05865872754 64.11323866205 2657.19824 -2.146 -1.5889999999999997 0.6274761238098145 -0.9787619247436523 0.11020488 0.12020488 "" "" 14.643424287138053 "" 1.7188455698929406 ""
10.96273921548 64.18817524872 0.0316 0.0356 11.1329 "" "" 524050675142474880 2850.67212 0.34 0.0442 -3.029 -0.456 0.041 0.049 0.939 9253.7 4.1011 16.465677 1.230996 16.99877 15.767774 "" "" 2563.85913 3177.05933 4882.87827 2.1723 2167.2 8.4859 3908.8 8.8165 "" "" 0.0027973382135956736 0.005085147 0.0045034434 0.00958859 10.96273921548 64.18817524872 2850.67212 -3.0290000000000004 -0.45600000000000057 -0.25552387619018546 0.15423807525634764 0.111204885 0.11920488 "" "" 4.032925390629235 "" 0.4573197826061396 ""
10.5317238561 64.12920255444 0.0322 0.0331 4.7715 "" "" 524058096845606528 2159.96387 0.4581 0.0434 -5.293 -0.975 0.042 0.045 1.091 6875.0 4.1559 16.466667 1.952498 17.435974 15.483476 "" "" 1945.8689 2353.18677 4878.42496 2.3242 1448.9 5.6034 5078.9 7.2862 "" "" 0.00280345477876238 0.005041425 0.0040877676 0.009129193 10.5317238561 64.12920255444 2159.96387 -5.293 -0.9749999999999996 -2.5195238761901857 -0.3647619247436523 0.11220488 0.115204886 "" "" 26.064390609510244 "" 2.9261780676799987 ""
10.65142088251 64.1739670046 0.0316 0.0336 6.4761 "" "" 524055730327963264 2444.21948 0.3997 0.0433 -5.975 -1.799 0.041 0.047 1.056 6684.8 4.0294 16.47704 1.996307 17.48442 15.488113 "" "" 2206.51978 2784.04272 4832.04804 2.0358 1385.6 6.9411 5057.2 7.6581 "" "" 0.002793033298991982 0.0061128703 0.004121514 0.010234384 10.65142088251 64.1739670046 2444.21948 -5.975000000000005 -1.7990000000000008 -3.201523876190185 -1.1887619247436523 0.111204885 0.11720488 "" "" 39.56598715408928 "" 4.429372968039906 ""
11.09191145605 63.99740060797 0.029 0.033 12.5055 "" "" 524041088774538368 2887.25781 0.3243 0.0416 -3.19 0.52 0.038 0.045 1.037 "" "" 16.477253 1.335965 17.069607 15.733642 "" "" 2565.12427 3300.56372 4831.09567 2.02 2030.4 8.4513 4033.7 8.1367 "" "" 0.0027924686014287863 0.005311182 0.004368109 0.009679291 11.09191145605 63.99740060797 2887.25781 -3.19 0.5200000000000007 -0.4165238761901855 1.1302380752563477 0.10820489 0.115204886 "" "" 16.484932512245173 "" 1.8857184257844133 ""
10.22168012707 63.88813902577 0.0309 0.0312 15.3862 "" "" 523954540897740672 2282.67627 0.4069 0.0436 -2.242 -2.574 0.04 0.041 0.986 6295.2 4.0137 16.48011 2.028711 17.509756 15.481045 "" "" 1992.95837 2491.92944 4818.40219 2.2725 1353.7 6.8777 5090.3 8.3355 "" "" 0.00280249889243737 0.0061817653 0.0041766893 0.010358455 10.22168012707 63.88813902577 2282.67627 -2.242 -2.574 0.5314761238098145 -1.9637619247436522 0.11020488 0.111204885 "" "" 22.01209319037777 "" 2.446356302936694 ""
10.97473315423 64.22792379218 0.0331 0.0366 13.0316 "" "" 524050851245090944 3030.27588 0.3127 0.0459 2.711 -1.667 0.044 0.053 1.03 7629.7 4.2296 16.484547 1.5742 17.217184 15.642984 "" "" 2670.44556 3427.72168 4798.7521 2.3163 1772.3 7.8614 4384.9 6.7838 "" "" 0.002804717572313895 0.005565874 0.004135843 0.009701717 10.97473315423 64.22792379218 3030.27588 2.7110000000000016 -1.6670000000000023 5.484476123809815 -1.0567619247436524 0.11420488 0.12320489 "" "" 80.22533264663672 "" 9.188950722346286 ""
10.69317365006 63.94435533786 0.0303 0.0336 7.4252 "" "" 523957938208088320 2310.73462 0.4145 0.0441 -1.247 0.834 0.04 0.046 0.958 8299.5 3.9119 16.486326 2.381261 17.756891 15.37563 "" "" 2105.83447 2559.76392 4790.88789 2.4393 1078.1 7.8138 5609.3 11.235 "" "" 0.002810228633285604 0.008349161 0.004360369 0.01270953 10.69317365006 63.94435533786 2310.73462 -1.247 0.8340000000000004 1.5264761238098143 1.4442380752563477 0.11020488 0.11620489 "" "" 23.01657151218429 "" 2.602681576543517 ""
10.95550436971 64.11368739402 0.03 0.0355 8.6883 "" "" 524044151090150912 2754.27563 0.3425 0.0424 -3.149 -0.614 0.039 0.049 0.995 "" "" 16.48932 1.439758 17.028196 15.588438 "" "" 2514.89575 3021.7439 4777.69207 2.2237 2109.3 24.512 4610.9 191.35 "" "" 0.0028012776272104993 0.012922075 0.045215726 0.0581378 10.95550436971 64.11368739402 2754.27563 -3.1490000000000005 -0.6140000000000001 -0.37552387619018557 -0.003761924743652334 0.10920489 0.11920488 "" "" 4.902810271285556 "" 0.5354159932622433 ""
10.8159587649 64.28060220344 0.0325 0.0343 13.6452 "" "" 524062945872933248 2940.14722 0.3133 0.0428 -3.858 -1.251 0.042 0.051 0.917 6844.8 4.2194 16.495882 1.7993 17.37462 15.57532 "" "" 2657.29272 3445.96777 4748.91376 3.2797 1533.1 7.2654 4666.9 11.548 "" "" 0.00285552760579205 0.0058531603 0.0046369745 0.010490134 10.8159587649 64.28060220344 2940.14722 -3.858000000000001 -1.251 -1.0845238761901856 -0.6407619247436522 0.11220488 0.12120488 "" "" 17.555132811867278 "" 2.011843320950587 ""
10.63528925059 64.07692944223 0.0305 0.0319 0.6768 "" "" 523961172327300224 2708.81445 0.344 0.0431 -2.773 -0.561 0.04 0.044 1.044 9275.3 4.0273 16.498535 1.511886 17.192202 15.680316 "" "" 2498.04248 3026.79565 4737.31904 1.9895 1813.6 7.4586 4236.7 8.2929 "" "" 0.0027927938368409993 0.0052652624 0.004335928 0.009601191 10.63528925059 64.07692944223 2708.81445 -2.773 -0.561 0.0004761238098143217 0.0492380752563476 0.11020488 0.11420488 "" "" 0.6322356349056785 "" 0.07220416476880431 ""
10.67881678554 64.1406394056 0.0296 0.0324 4.5723 "" "" 524055386730624128 2364.47485 0.4137 0.0411 -4.851 0.165 0.038 0.045 1.019 9036.9 4.2854 16.507221 1.510877 17.204165 15.693288 "" "" 2120.39282 2602.96265 4699.5747 2.1026 1793.7 6.4499 4186.4 6.8151 "" "" 0.002797812162484412 0.0047986982 0.0041722576 0.008970955 10.67881678554 64.1406394056 2364.47485 -4.851000000000003 0.1650000000000005 -2.0775238761901855 0.7752380752563477 0.10820489 0.115204886 "" "" 24.852354519281462 "" 2.7110082137668696 ""
10.71713561114 64.33183867721 0.0354 0.0337 16.0629 "" "" 524064354622156928 2362.89795 0.4041 0.0455 -3.066 -0.572 0.047 0.049 1.023 9047.8 4.3701 16.5148 1.203984 17.033087 15.829102 "" "" 2134.7019 2602.59204 4666.88131 2.2016 2099.8 7.0263 3694.2 9.012 "" "" 0.0028025227728321125 0.0045808516 0.0046150936 0.009195945 10.71713561114 64.33183867721 2362.89795 -3.0660000000000016 -0.5719999999999998 -0.2925238761901854 0.0382380752563477 0.11720488 0.11920488 "" "" 3.304180079607886 "" 0.38737798883023766 ""
11.02033883072 63.89697930705 0.032 0.0342 14.2075 "" "" 523946328921500544 2189.54541 0.4341 0.0447 1.7 -2.514 0.039 0.047 0.94 6358.8 4.0505 16.520437 1.648128 17.301083 15.652955 "" "" 2003.47571 2429.62524 4642.70974 2.1243 1640.5 7.2365 4344.9 9.3165 "" "" 0.002799747295371564 0.005542827 0.0044388813 0.009981709 11.02033883072 63.89697930705 2189.54541 1.6999999999999984 -2.5139999999999993 4.473476123809815 -1.9037619247436521 0.10920489 0.11720488 "" "" 50.457069979726256 "" 5.57395181302204 ""
10.64159666344 64.00871120217 0.035 0.0638 3.4435 "" "" 523960382049244288 2900.229 0.3291 0.0546 -0.481 -1.908 0.049 0.093 0.942 "" "" 16.520697 "" "" "" "" "" 2391.6394 3397.61646 4641.60581 6.0805 "" "" "" "" "" "" 0.003100768511557714 "" "" "" 10.64159666344 64.00871120217 2900.229 -0.4810000000000001 -1.9080000000000006 2.2924761238098146 -1.2977619247436523 0.11920488 0.16320488 "" "" 36.214198501065766 "" 4.752965295736995 ""
