Clusters/Dias_1/Dias_1_stars_in_region.tsv
# %ECSV 1.0
# ---
# datatype:
# - name: RA_ICRS_1
#   unit: deg
#   datatype: float64
#   format: '{:15.11f}'
#   description: Right ascension (ICRS) at Ep=2016.0 (ra)
#   meta: !!omap
#   - {ucd: POS_EQ_RA_MAIN}
#   - {width: 15}
#   - {precision: '11'}
# - name: DE_ICRS_1
#   unit: deg
#   datatype: float64
#   format: '{:15.11f}'
#   description: Declination (ICRS) at Ep=2016.0 (dec)
#   meta: !!omap
#   - {ucd: POS_EQ_DEC_MAIN}
#   - {width: 15}
#   - {precision: '11'}
# - name: e_RA_ICRS
#   unit: mas
#   datatype: float64
#   format: '{:7.4f}'
#   description: Standard error of right ascension (ra_error)
#   meta: !!omap
#   - {ucd: ERROR}
#   - {width: 7}
#   - {precision: '4'}
# - name: e_DE_ICRS
#   unit: mas
#   datatype: float64
#   format: '{:7.4f}'
#   description: Standard error of declination (dec_error)
#   meta: !!omap
#   - {ucd: ERROR}
#   - {width: 7}
#   - {precision: '4'}
# - name: _r_1
#   unit: ''
#   datatype: float64
#   format: '{:7.4f}'
#   description: Distance from center (010.64251849000+64.06610146000)[ICRS], at Epoch=J2016.0
#   meta: !!omap
#   - {ucd: POS_ANG_DIST_GENERAL}
#   - {width: 7}
#   - {precision: '4'}
# - name: HIP
#   datatype: int32
#   description: '? HIP cross-id number, van Leeuwen, Cat. I/311 (hip_original_ext_source_id)'
#   meta: !!omap
#   - {ucd: ID_NUMBER}
#   - {width: 6}
#   - values: {'null': -2147483648}
# - name: TYC2
#   datatype: string
#   description: Tycho-2 cross-id name, Hog et al., Cat. I/259 (tyc2_original_ext_source_id)
#   meta: !!omap
#   - {ucd: ID_CROSSID}
#   - {_votable_string_dtype: char}
# - name: Source
#   datatype: int64
#   description: Source identifier, identical to the Gaia-EDR3 source_id (id)
#   meta: !!omap
#   - {ucd: ID_MAIN}
#   - {width: 19}
# - name: rgeo
#   unit: pc
#   datatype: float64
#   format: '{:15.8f}'
#   description: '? Median of the geometric distance posterior (r_med_geo)'
#   meta: !!omap
#   - {ucd: PHYS_DISTANCE_TRUE}
#   - {width: 15}
#   - {precision: '8'}
#   - values: {'null': .nan}
# - name: Plx
#   unit: mas
#   datatype: float64
#   format: '{:9.4f}'
#   description: '? Parallax (parallax)'
#   meta: !!omap
#   - {ucd: POS_PARLX_TRIG}
#   - {width: 9}
#   - {precision: '4'}
#   - values: {'null': .nan}
# - name: e_Plx
#   unit: mas
#   datatype: float32
#   format: '{:7.4f}'
#   description: '? Standard error of parallax (parallax_error)'
#   meta: !!omap
#   - {ucd: ERROR}
#   - {width: 7}
#   - {precision: '4'}
#   - values: {'null': .nan}
# - name: pmRA
#   unit: mas / yr
#   datatype: float64
#   format: '{:9.3f}'
#   description: '? Proper motion in right ascension direction, pmRA*cosDE (pmra)'
#   meta: !!omap
#   - {ucd: POS_EQ_PMRA}
#   - {width: 9}
#   - {precision: '3'}
#   - values: {'null': .nan}
# - name: pmDE
#   unit: mas / yr
#   datatype: float64
#   format: '{:9.3f}'
#   description: '? Proper motion in declination direction (pmdec)'
#   meta: !!omap
#   - {ucd: POS_EQ_PMDEC}
#   - {width: 9}
#   - {precision: '3'}
#   - values: {'null': .nan}
# - name: e_pmRA
#   unit: mas / yr
#   datatype: float32
#   format: '{:6.3f}'
#   description: '? Standard error of proper motion in right ascension direction (pmra_error)'
#   meta: !!omap
#   - {ucd: ERROR}
#   - {width: 6}
#   - {precision: '3'}
#   - values: {'null': .nan}
# - name: e_pmDE
[...]
#         value: !astropy.table.SerializedColumn {name: SkyCoord.dec}
#       distance: !astropy.table.SerializedColumn
#         __class__: astropy.coordinates.distances.Distance
#         unit: !astropy.units.Unit {unit: pc}
#         value: !astropy.table.SerializedColumn {name: SkyCoord.distance}
#       frame: icrs
#       obstime: !astropy.time.Time {format: jyear_str, in_subfmt: '*', jd1: 367701545.0, jd2: 0.0, out_subfmt: '*', precision: 3, scale: tt}
#       pm_dec: !astropy.table.SerializedColumn
#         __class__: astropy.units.quantity.Quantity
#         unit: !astropy.units.Unit {unit: mas / yr}
#         value: !astropy.table.SerializedColumn {name: SkyCoord.pm_dec}
#       pm_ra_cosdec: !astropy.table.SerializedColumn
#         __class__: astropy.units.quantity.Quantity
#         unit: !astropy.units.Unit {unit: mas / yr}
#         value: !astropy.table.SerializedColumn {name: SkyCoord.pm_ra_cosdec}
#       ra: !astropy.table.SerializedColumn
#         __class__: astropy.coordinates.angles.Longitude
#         unit: *id001
#         value: !astropy.table.SerializedColumn {name: SkyCoord.ra}
#         wrap_angle: !astropy.coordinates.Angle
#           unit: *id001
#           value: 360.0
#       representation_type: spherical
# schema: astropy-2.0
RA_ICRS_1 DE_ICRS_1 e_RA_ICRS e_DE_ICRS _r_1 HIP TYC2 Source rgeo Plx e_Plx pmRA pmDE e_pmRA e_pmDE RUWE Teff logg Gmag BP-RP BPmag RPmag RV e_RV b_rgeo B_rgeo FG e_FG FBP e_FBP FRP e_FRP RAVE5 RAVE6 e_Gmag e_BPmag e_RPmag e_BP-RP SkyCoord.ra SkyCoord.dec SkyCoord.distance SkyCoord.pm_ra_cosdec SkyCoord.pm_dec rmRA rmDE e_rmRA e_rmDE rRV e_rRV v_pec v_pec3d e_vpec e_vpec3d
[from data line 412]
10.91461300593 63.91500884883 0.0369 0.0383 11.5515 "" "" 523947187913861248 2556.66284 0.3676 0.0505 -3.322 -0.136 0.045 0.053 1.08 9602.2 4.2047 16.639498 1.470512 17.175047 15.704535 "" "" 2284.67505 2824.91772 4160.51694 2.9617 1842.5 27.292 4143.3 57.756 "" "" 0.0028616689926502775 0.016322687 0.015599493 0.03192218 10.91461300593 63.91500884883 2556.66284 -3.3220000000000005 -0.13600000000000012 -0.5485238761901856 0.47423807525634765 0.115204886 0.12320489 "" "" 8.787268816392778 "" 1.0429863040264369 ""
10.80104672129 64.21848449332 0.0358 0.0379 10.0401 "" "" 524056864199299584 2750.54224 0.3383 0.0483 -0.355 -0.257 0.05 0.054 1.01 7487.3 4.313 16.649488 1.609566 17.38202 15.772455 "" "" 2467.56226 3205.23486 4122.41012 2.1906 1522.7 7.2553 3892.0 8.5943 "" "" 0.002815076838322598 0.0058777374 0.0044756923 0.010353429 10.80104672129 64.21848449332 2750.54224 -0.355 -0.257 2.4184761238098145 0.35323807525634765 0.12020488 0.12420489 "" "" 31.865603023424505 "" 3.833106717437757 ""
10.23900058555 64.07822454236 0.0342 0.0342 10.611 "" "" 523963302630998656 2951.38867 0.3245 0.0479 -1.534 -0.692 0.049 0.045 1.052 9380.5 4.3317 16.649805 1.485336 17.32478 15.839443 "" "" 2648.36279 3313.67993 4121.21124 2.2129 1605.1 8.4573 3659.2 8.906 "" "" 0.0028163215228425493 0.006364918 0.0046115858 0.010976504 10.23900058555 64.07822454236 2951.38867 -1.534 -0.692 1.2394761238098144 -0.08176192474365229 0.11920488 0.115204886 "" "" 17.37743811668316 "" 2.0711792845503885 ""
10.13108335735 64.02529845032 0.0334 0.0358 13.6512 "" "" 526959540533727872 2192.41992 0.4357 0.0481 -1.964 -0.772 0.045 0.044 0.98 9061.8 4.3206 16.651213 1.691798 17.449697 15.757899 "" "" 2003.34033 2481.24438 4115.87335 2.0193 1430.7 8.1422 3944.6 8.629 "" "" 0.0028063380261567875 0.006779747 0.004463723 0.01124347 10.13108335735 64.02529845032 2192.41992 -1.964 -0.7720000000000014 0.8094761238098145 -0.16176192474365236 0.115204886 0.11420488 "" "" 8.578454378935147 "" 0.9879518116627188 ""
10.88147122354 64.07922669706 0.0333 0.0382 6.3179 "" "" 524042463164378752 2758.14795 0.347 0.0481 -2.733 -0.466 0.044 0.055 1.008 9406.5 4.1684 16.658949 1.345755 17.249247 15.903492 "" "" 2422.71313 3196.65356 4086.65053 2.0309 1720.8 8.8625 3449.5 8.5238 "" "" 0.002807654165539748 0.0062492457 0.0046348223 0.010884068 10.88147122354 64.07922669706 2758.14795 -2.733 -0.46599999999999964 0.04047612380981436 0.14423807525634763 0.11420488 0.12520489 "" "" 1.9585549654592 "" 0.24371240484738033 ""
11.21346995144 64.0648647288 0.0333 0.0364 14.9823 "" "" 524040268445851392 2661.91211 0.3527 0.0464 -0.93 -1.568 0.045 0.052 1.041 8212.3 4.4409 16.669044 1.654096 17.450525 15.79643 "" "" 2334.36523 3042.54688 4048.82234 1.9483 1429.6 5.9743 3807.0 8.0477 "" "" 0.002804416481346678 0.0053265444 0.004421707 0.009748251 11.21346995144 64.0648647288 2661.91211 -0.93 -1.568 1.8434761238098143 -0.9577619247436524 0.115204886 0.122204885 "" "" 26.21188702916344 "" 3.059657897735827 ""
11.05135925178 64.04731235116 0.0327 0.037 10.7906 "" "" 524041505396436352 2783.04443 0.3392 0.0465 -2.403 -0.428 0.047 0.052 1.044 "" "" 16.674862 1.270578 17.229263 15.958685 "" "" 2494.61572 3167.53223 4027.1886 1.8565 1752.7 6.943 3278.6 7.9558 "" "" 0.0028004115536697225 0.005126712 0.00460706 0.009733772 11.05135925178 64.04731235116 2783.04443 -2.4029999999999996 -0.42800000000000027 0.37047612380981443 0.18223807525634766 0.11720488 0.122204885 "" "" 5.446454684720224 "" 0.643747006585897 ""
10.61120049175 64.03358932758 0.0352 0.0369 2.1169 "" "" 523960622571502208 2697.61133 0.3539 0.0486 -3.782 -0.698 0.047 0.05 0.973 8100.1 4.2227 16.678308 1.895153 17.620201 15.725048 "" "" 2377.65454 3159.66455 4014.42495 1.9926 1222.7 6.4753 4065.7 7.3618 "" "" 0.0028075291381310765 0.0063911662 0.004260129 0.010651295 10.61120049175 64.03358932758 2697.61133 -3.781999999999999 -0.6980000000000001 -1.0085238761901856 -0.0877619247436523 0.11720488 0.12020488 "" "" 12.944403975991266 "" 1.5174429043240663 ""
10.64371304422 64.32426176092 0.0388 0.0391 15.4896 "" "" 524066965962698880 3009.9231 0.3182 0.0488 -2.546 -0.495 0.051 0.056 0.909 7613.8 4.4266 16.680235 1.435185 17.330832 15.895646 "" "" 2688.75928 3585.58447 4007.3108 2.1047 1596.2 8.7511 3474.6 6.8878 "" "" 0.002813710860647876 0.00657399 0.00434926 0.01092325 10.64371304422 64.32426176092 3009.9231 -2.546 -0.49500000000000005 0.22747612380981463 0.11523807525634766 0.12120488 0.12620488 "" "" 3.6380996708439772 "" 0.4447308704254969 ""
10.63927367949 64.04220135906 0.0334 0.0347 1.4365 "" "" 523960828729930112 2993.82935 0.3192 0.0475 -2.571 -0.614 0.044 0.048 0.985 9263.3 4.1629 16.682127 1.571396 17.409054 15.837658 "" "" 2661.58862 3506.92041 4000.33018 1.9481 1485.2 11.785 3665.2 10.346 "" "" 0.0028055930235801672 0.009055824 0.00486586 0.013921684 10.63927367949 64.04220135906 2993.82935 -2.571 -0.6139999999999999 0.20247612380981428 -0.003761924743652334 0.11420488 0.118204884 "" "" 2.8737841693269535 "" 0.32820422269049665 ""
10.16701481081 64.1715521622 0.0352 0.0345 13.9686 "" "" 526967752511114752 2498.3396 0.3679 0.0469 -3.589 -0.22 0.043 0.045 1.044 7437.3 4.2722 16.68323 1.796957 17.55492 15.757963 "" "" 2238.96631 2807.84424 3996.27068 2.1118 1298.5 7.5607 3944.3 9.4257 "" "" 0.0028144231566097737 0.0069101998 0.0045842775 0.011494477 10.16701481081 64.1715521622 2498.3396 -3.5889999999999995 -0.2199999999999997 -0.8155238761901855 0.3902380752563477 0.11320488 0.115204886 "" "" 10.706260795204111 "" 1.2160190061087095 ""
10.83929616353 64.14414861868 0.0324 0.0361 6.9653 "" "" 524055936486449920 2690.42139 0.3611 0.0456 -2.346 -0.218 0.043 0.051 0.999 "" "" 16.688463 1.236758 17.222126 15.985368 "" "" 2424.22168 3051.69043 3977.05461 1.8273 1764.3 7.8831 3199.0 8.8336 "" "" 0.0028001149481997538 0.0055963523 0.0048241476 0.010420499 10.83929616353 64.14414861868 2690.42139 -2.346 -0.21800000000000003 0.42747612380981437 0.3922380752563477 0.11320488 0.12120488 "" "" 7.398556995907909 "" 0.8651098954724142 ""
10.37860157553 63.89030183894 0.033 0.036 12.6301 "" "" 523955125013296000 3074.45068 0.3057 0.0464 -2.518 -0.298 0.042 0.047 1.018 9278.8 4.198 16.693396 1.318631 17.26995 15.95132 "" "" 2660.20312 3537.94653 3959.03034 1.9074 1688.2 8.7719 3300.9 6.4943 "" "" 0.0028045344692641597 0.006293767 0.004341279 0.010635046 10.37860157553 63.89030183894 3074.45068 -2.517999999999998 -0.2979999999999992 0.25547612380981466 0.31223807525634767 0.11220488 0.11720488 "" "" 5.879232033175818 "" 0.6774398623694676 ""
10.86037352416 63.90457380588 0.0351 0.0383 11.2604 "" "" 523947252329385728 2294.05859 0.4229 0.0497 -2.224 -1.358 0.043 0.053 1.014 8279.2 4.4163 16.694057 1.742103 17.520838 15.778735 "" "" 2049.55493 2562.35107 3956.61202 2.1201 1339.9 7.6523 3869.6 12.077 "" "" 0.0028160708172315484 0.0067995796 0.0050760396 0.011875619 10.86037352416 63.90457380588 2294.05859 -2.224 -1.3579999999999994 0.5494761238098143 -0.7477619247436524 0.11320488 0.12320489 "" "" 10.090264653345395 "" 1.2087489618031217 ""
10.90760384428 64.22821739541 0.0378 0.0401 11.9464 "" "" 524062460532984320 2708.63892 0.35 0.0524 -1.173 -0.85 0.051 0.06 0.997 8154.0 4.4002 16.700901 1.603174 17.44875 15.845575 "" "" 2360.53931 3113.27075 3931.75568 2.0798 1431.9 7.1708 3638.5 7.2806 "" "" 0.002814540997957285 0.00611136 0.0043593217 0.010470682 10.90760384428 64.22821739541 2708.63892 -1.173 -0.8499999999999999 1.6004761238098144 -0.23976192474365232 0.12120488 0.13020489 "" "" 20.77772536690537 "" 2.522615102922421 ""
10.93629796433 63.93670572342 0.0346 0.0385 10.9534 "" "" 523947595926825472 2555.24805 0.3673 0.0494 -1.439 0.007 0.044 0.053 0.98 8499.2 4.4315 16.704008 1.590886 17.442883 15.851996 "" "" 2249.87646 2912.88867 3920.51644 2.0091 1439.7 6.1912 3617.1 8.9808 "" "" 0.002810936471120439 0.0054392037 0.0046422803 0.010081484 10.93629796433 63.93670572342 2555.24805 -1.439 0.007000000000000224 1.3344761238098144 0.6172380752563477 0.11420488 0.12320489 "" "" 17.808203273105942 "" 2.062933442060251 ""
11.25964063642 64.09697865621 0.0375 0.0409 16.29 "" "" 524046212680569728 2199.95947 0.4366 0.0509 -2.267 -2.291 0.051 0.058 1.067 "" "" 16.707771 1.747108 17.548615 15.801507 "" "" 1994.28638 2470.24365 3906.95144 2.1036 1306.1 6.3372 3789.3 6.7308 "" "" 0.0028166525954717112 0.005961276 0.0042430004 0.010204276 11.25964063642 64.09697865621 2199.95947 -2.267 -2.291 0.5064761238098145 -1.6807619247436523 0.12120488 0.12820488 "" "" 18.305121144404833 "" 2.3364073795062237 ""
10.8643347697 63.92133124108 0.0365 0.0394 10.4644 "" "" 523947290993069312 2224.66895 0.4303 0.0517 -5.027 -0.91 0.044 0.054 1.011 7814.7 4.2201 16.715704 1.813067 17.598516 15.785449 "" "" 2024.0979 2464.96411 3878.51475 1.9613 1247.4 7.1676 3845.7 7.7242 "" "" 0.0028094897770723024 0.0068341866 0.0043634074 0.011197594 10.8643347697 63.92133124108 2224.66895 -5.027000000000002 -0.9099999999999996 -2.2535238761901857 -0.2997619247436524 0.11420488 0.12420489 "" "" 23.97256629601275 "" 2.7421311549296785 ""
10.29284257488 64.1159100572 0.0383 0.0352 9.6421 "" "" 523964951898438912 2850.90723 0.3292 0.0513 -6.326 -1.511 0.053 0.048 0.961 6458.4 4.0699 16.716003 2.357069 17.978697 15.621628 "" "" 2493.24194 3292.33594 3877.44009 2.1358 878.9 6.1864 4472.1 10.661 "" "" 0.0028194781315566153 0.00813569 0.00458071 0.0127164 10.29284257488 64.1159100572 2850.90723 -6.326000000000008 -1.5109999999999997 -3.552523876190185 -0.9007619247436522 0.12320489 0.118204884 "" "" 49.52545816554163 "" 6.0871059760571935 ""
10.71540255008 64.23876554246 0.035 0.0375 10.5338 "" "" 524057585753778944 3021.65332 0.3211 0.0495 -2.323 -0.17 0.046 0.053 1.023 9266.9 4.2631 16.719585 1.314239 17.297958 15.98372 "" "" 2580.84888 3524.02881 3864.67056 2.0027 1645.3 7.6628 3203.8 6.8221 "" "" 0.002812178692638343 0.005775396 0.0044304407 0.010205837 10.71540255008 64.23876554246 3021.65332 -2.3230000000000026 -0.16999999999999982 0.4504761238098145 0.4402380752563476 0.11620489 0.12320489 "" "" 9.021422896909591 "" 1.0796442197434553 ""
10.61435447795 63.82363953844 0.0336 0.0373 14.5666 "" "" 523951551600676992 3121.95215 0.3077 0.0483 -1.51 -0.499 0.042 0.05 0.951 9291.4 4.0137 16.727934 1.582623 17.460197 15.877575 "" "" 2811.2771 3595.38208 3835.06857 1.8184 1416.9 10.137 3532.9 9.7599 "" "" 0.0028030003486684838 0.0082536535 0.0048249657 0.013078619 10.61435447795 63.82363953844 3121.95215 -1.51 -0.49900000000000067 1.2634761238098144 0.11123807525634766 0.11220488 0.12020488 "" "" 18.769309702532283 "" 2.107203902653119 ""
10.60559751944 64.17151103207 0.0355 0.0359 6.3981 "" "" 524055661608484992 2164.10791 0.4401 0.0479 -2.765 -0.578 0.047 0.049 1.02 8952.9 4.4734 16.732607 1.459885 17.396496 15.936611 "" "" 1962.95129 2432.18677 3818.59547 1.8068 1502.5 7.9094 3345.9 8.9375 "" "" 0.002802802670546954 0.0063601774 0.004763913 0.01112409 10.60559751944 64.17151103207 2164.10791 -2.7649999999999975 -0.5780000000000007 0.008476123809814329 0.0322380752563477 0.11720488 0.11920488 "" "" 0.3419332134188618 "" 0.04071623680248184 ""
10.6596855312 64.04132386069 0.036 0.0366 1.5535 "" "" 523960828729931776 2770.10034 0.3326 0.0487 -2.718 -0.73 0.047 0.051 0.988 9277.8 4.1526 16.733665 1.686548 17.532488 15.84594 "" "" 2431.73242 3142.33276 3814.87488 1.9412 1325.6 6.5793 3637.3 7.0026 "" "" 0.002810163756483043 0.0060682897 0.0043189116 0.010387201 10.6596855312 64.04132386069 2770.10034 -2.718 -0.7300000000000001 0.05547612380981448 -0.11976192474365233 0.11720488 0.12120488 "" "" 1.7330232380226789 "" 0.2088429533668613 ""
10.97127055746 64.26238466557 0.0377 0.0405 14.5804 "" "" 524051263561917184 2202.59668 0.4415 0.0517 1.06 -1.396 0.049 0.058 1.033 6083.5 4.1422 16.736414 1.801049 17.604687 15.803638 "" "" 1991.40479 2532.47119 3805.23249 2.0223 1240.3 7.0085 3781.8 8.2179 "" "" 0.0028150911409148614 0.0067397826 0.004455346 0.011195129 10.97127055746 64.26238466557 2202.59668 1.06 -1.3960000000000004 3.8334761238098145 -0.7857619247436523 0.11920488 0.12820488 "" "" 40.85478318741936 "" 4.885450383340056 ""
10.85456918957 64.07117427531 0.0346 0.0389 5.572 "" "" 524054184139862912 2458.56787 0.3937 0.0491 -2.691 -0.302 0.048 0.056 1.049 9325.5 4.1932 16.746351 1.351353 17.344858 15.993505 "" "" 2181.90894 2878.53955 3770.5659 1.8894 1575.7 5.3011 3175.1 7.883 "" "" 0.0028085198447992993 0.0045964587 0.0046422067 0.009238666 10.85456918957 64.07117427531 2458.56787 -2.690999999999999 -0.30199999999999944 0.08247612380981462 0.30823807525634767 0.118204884 0.12620488 "" "" 3.7184522387655377 "" 0.46735835129176473 ""
11.05687161125 64.18933724699 0.0376 0.0484 13.1288 "" "" 524050468984047872 2953.28198 0.3401 0.054 -3.005 -0.431 0.049 0.063 1.037 9296.8 4.2974 16.749699 1.404266 17.369543 15.965277 "" "" 2541.67969 3752.84351 3758.95436 2.1485 1540.3 9.9955 3258.7 13.16 "" "" 0.0028243405871155812 0.007578046 0.0057886927 0.013366738 11.05687161125 64.18933724699 2953.28198 -3.0049999999999963 -0.43100000000000027 -0.23152387619018544 0.17923807525634766 0.11920488 0.13320488 "" "" 4.098723650908875 "" 0.5108469115950713 ""
10.46105028425 63.91244915895 0.0346 0.037 10.3823 "" "" 523955365531574784 2423.94189 0.3767 0.0484 -0.301 0.385 0.045 0.051 1.004 "" "" 16.75101 2.457413 18.089432 15.632019 "" "" 2190.68042 2710.80005 3754.41911 2.0213 793.68 5.8152 4429.5 8.0106 "" "" 0.0028166422326480894 0.008430187 0.004259005 0.012689192 10.46105028425 63.91244915895 2423.94189 -0.30100000000000005 0.385 2.4724761238098143 0.9952380752563477 0.115204886 0.12120488 "" "" 30.622519960714786 "" 3.5540530164316584 ""
10.48127445139 64.2567422569 0.0389 0.0413 12.1909 "" "" 524060609410719616 2532.9519 0.3691 0.0546 -6.755 2.991 0.05 0.056 1.065 7469.7 4.2975 16.755505 1.706936 17.55755 15.850615 "" "" 2254.68799 2983.46851 3738.90583 2.0175 1295.4 7.4802 3621.7 11.087 "" "" 0.0028169168388644276 0.006862347 0.0050329827 0.01189533 10.48127445139 64.2567422569 2532.9519 -6.754999999999998 2.9909999999999997 -3.9815238761901854 3.6012380752563478 0.12020488 0.12620488 "" "" 64.45597510190858 "" 7.924279987216545 ""
10.92548654118 64.01687954977 0.0367 0.0428 7.997 "" "" 524041952073152768 2455.9292 0.3818 0.054 -5.636 -0.527 0.049 0.061 1.048 8412.7 4.4412 16.75648 1.778069 17.599329 15.82126 "" "" 2213.61597 2863.36475 3735.5572 2.0345 1246.5 10.68 3721.0 12.495 "" "" 0.0028180587616095294 0.009712002 0.0052512926 0.014963295 10.92548654118 64.01687954977 2455.9292 -5.636 -0.5269999999999999 -2.8625238761901857 0.08323807525634763 0.11920488 0.13120489 "" "" 33.3370246537116 "" 3.9742909563877435 ""
10.91568068653 64.27404488853 0.0406 0.0405 14.3756 "" "" 524063083311902464 3092.41748 0.3072 0.0509 -2.627 -2.689 0.052 0.06 1.02 7582.1 4.2736 16.758469 1.662659 17.54694 15.884281 "" "" 2690.40039 3774.49561 3728.71433 2.0348 1308.1 5.5298 3511.1 7.6164 "" "" 0.0028183050460185975 0.0053713326 0.0044531752 0.009824508 10.91568068653 64.27404488853 3092.41748 -2.627 -2.688999999999999 0.14647612380981467 -2.0787619247436524 0.122204885 0.13020489 "" "" 30.546165134200596 "" 3.9760895592904584 ""
10.73469895637 63.82692469132 0.0379 0.041 14.5548 "" "" 523951070564345600 2863.18237 0.3336 0.0528 -3.551 -0.814 0.047 0.057 1.057 7967.0 3.9826 16.766586 1.904173 17.704576 15.800404 "" "" 2561.67749 3274.67383 3700.94178 2.2146 1131.3 7.1558 3793.1 9.8257 "" "" 0.002830881275169161 0.007412753 0.004711042 0.012123795 10.73469895637 63.82692469132 2863.18237 -3.5510000000000006 -0.8140000000000017 -0.7775238761901857 -0.2037619247436523 0.11720488 0.12720488 "" "" 10.908487856308005 "" 1.2858166127814048 ""
