Clusters/Dias_1/Dias_1_stars_in_region.tsv
# %ECSV 1.0
# ---
# datatype:
# - name: RA_ICRS_1
#   unit: deg
#   datatype: float64
#   format: '{:15.11f}'
#   description: Right ascension (ICRS) at Ep=2016.0 (ra)
#   meta: !!omap
#   - {ucd: POS_EQ_RA_MAIN}
#   - {width: 15}
#   - {precision: '11'}
# - name: DE_ICRS_1
#   unit: deg
#   datatype: float64
#   format: '{:15.11f}'
#   description: Declination (ICRS) at Ep=2016.0 (dec)
#   meta: !!omap
#   - {ucd: POS_EQ_DEC_MAIN}
#   - {width: 15}
#   - {precision: '11'}
# - name: e_RA_ICRS
#   unit: mas
#   datatype: float64
#   format: '{:7.4f}'
#   description: Standard error of right ascension (ra_error)
#   meta: !!omap
#   - {ucd: ERROR}
#   - {width: 7}
#   - {precision: '4'}
# - name: e_DE_ICRS
#   unit: mas
#   datatype: float64
#   format: '{:7.4f}'
#   description: Standard error of declination (dec_error)
#   meta: !!omap
#   - {ucd: ERROR}
#   - {width: 7}
#   - {precision: '4'}
# - name: _r_1
#   unit: ''
#   datatype: float64
#   format: '{:7.4f}'
#   description: Distance from center (010.64251849000+64.06610146000)[ICRS], at Epoch=J2016.0
#   meta: !!omap
#   - {ucd: POS_ANG_DIST_GENERAL}
#   - {width: 7}
#   - {precision: '4'}
# - name: HIP
#   datatype: int32
#   description: '? HIP cross-id number, van Leeuwen, Cat. I/311 (hip_original_ext_source_id)'
#   meta: !!omap
#   - {ucd: ID_NUMBER}
#   - {width: 6}
#   - values: {'null': -2147483648}
# - name: TYC2
#   datatype: string
#   description: Tycho-2 cross-id name, Hog et al., Cat. I/259 (tyc2_original_ext_source_id)
#   meta: !!omap
#   - {ucd: ID_CROSSID}
#   - {_votable_string_dtype: char}
# - name: Source
#   datatype: int64
#   description: Source identifier, identical to the Gaia-EDR3 source_id (id)
#   meta: !!omap
#   - {ucd: ID_MAIN}
#   - {width: 19}
# - name: rgeo
#   unit: pc
#   datatype: float64
#   format: '{:15.8f}'
#   description: '? Median of the geometric distance posterior (r_med_geo)'
#   meta: !!omap
#   - {ucd: PHYS_DISTANCE_TRUE}
#   - {width: 15}
#   - {precision: '8'}
#   - values: {'null': .nan}
# - name: Plx
#   unit: mas
#   datatype: float64
#   format: '{:9.4f}'
#   description: '? Parallax (parallax)'
#   meta: !!omap
#   - {ucd: POS_PARLX_TRIG}
#   - {width: 9}
#   - {precision: '4'}
#   - values: {'null': .nan}
# - name: e_Plx
#   unit: mas
#   datatype: float32
#   format: '{:7.4f}'
#   description: '? Standard error of parallax (parallax_error)'
#   meta: !!omap
#   - {ucd: ERROR}
#   - {width: 7}
#   - {precision: '4'}
#   - values: {'null': .nan}
# - name: pmRA
#   unit: mas / yr
#   datatype: float64
#   format: '{:9.3f}'
#   description: '? Proper motion in right ascension direction, pmRA*cosDE (pmra)'
#   meta: !!omap
#   - {ucd: POS_EQ_PMRA}
#   - {width: 9}
#   - {precision: '3'}
#   - values: {'null': .nan}
# - name: pmDE
#   unit: mas / yr
#   datatype: float64
#   format: '{:9.3f}'
#   description: '? Proper motion in declination direction (pmdec)'
#   meta: !!omap
#   - {ucd: POS_EQ_PMDEC}
#   - {width: 9}
#   - {precision: '3'}
#   - values: {'null': .nan}
# - name: e_pmRA
#   unit: mas / yr
#   datatype: float32
#   format: '{:6.3f}'
#   description: '? Standard error of proper motion in right ascension direction (pmra_error)'
#   meta: !!omap
#   - {ucd: ERROR}
#   - {width: 6}
#   - {precision: '3'}
#   - values: {'null': .nan}
# - name: e_pmDE
[...]
#         value: !astropy.table.SerializedColumn {name: SkyCoord.dec}
#       distance: !astropy.table.SerializedColumn
#         __class__: astropy.coordinates.distances.Distance
#         unit: !astropy.units.Unit {unit: pc}
#         value: !astropy.table.SerializedColumn {name: SkyCoord.distance}
#       frame: icrs
#       obstime: !astropy.time.Time {format: jyear_str, in_subfmt: '*', jd1: 367701545.0, jd2: 0.0, out_subfmt: '*', precision: 3, scale: tt}
#       pm_dec: !astropy.table.SerializedColumn
#         __class__: astropy.units.quantity.Quantity
#         unit: !astropy.units.Unit {unit: mas / yr}
#         value: !astropy.table.SerializedColumn {name: SkyCoord.pm_dec}
#       pm_ra_cosdec: !astropy.table.SerializedColumn
#         __class__: astropy.units.quantity.Quantity
#         unit: !astropy.units.Unit {unit: mas / yr}
#         value: !astropy.table.SerializedColumn {name: SkyCoord.pm_ra_cosdec}
#       ra: !astropy.table.SerializedColumn
#         __class__: astropy.coordinates.angles.Longitude
#         unit: *id001
#         value: !astropy.table.SerializedColumn {name: SkyCoord.ra}
#         wrap_angle: !astropy.coordinates.Angle
#           unit: *id001
#           value: 360.0
#       representation_type: spherical
# schema: astropy-2.0
RA_ICRS_1 DE_ICRS_1 e_RA_ICRS e_DE_ICRS _r_1 HIP TYC2 Source rgeo Plx e_Plx pmRA pmDE e_pmRA e_pmDE RUWE Teff logg Gmag BP-RP BPmag RPmag RV e_RV b_rgeo B_rgeo FG e_FG FBP e_FBP FRP e_FRP RAVE5 RAVE6 e_Gmag e_BPmag e_RPmag e_BP-RP SkyCoord.ra SkyCoord.dec SkyCoord.distance SkyCoord.pm_ra_cosdec SkyCoord.pm_dec rmRA rmDE e_rmRA e_rmDE rRV e_rRV v_pec v_pec3d e_vpec e_vpec3d
[from data line 475]
10.6541258868 64.28900287515 0.0429 0.0442 13.3775 "" "" 524057993769220864 2461.36621 0.3892 0.0595 -1.356 -0.736 0.056 0.064 1.111 5753.2 4.4321 16.880756 1.388554 17.458529 16.069975 "" "" 2142.29541 3169.69824 3331.5322 3.4762 1419.1 7.4138 2959.2 16.126 "" "" 0.002979129621596706 0.006321313 0.0070207263 0.01334204 10.6541258868 64.28900287515 2461.36621 -1.356 -0.7360000000000001 1.4174761238098144 -0.12576192474365233 0.12620488 0.1342049 "" "" 16.602479285155304 "" 2.0963838296497013 ""
10.82900861851 64.05029874487 0.037 0.0421 4.9859 "" "" 524053771823018880 2884.9834 0.3227 0.0533 -2.305 -0.065 0.049 0.058 1.01 "" "" 16.881498 1.568163 17.607264 16.0391 "" "" 2538.71777 3334.68237 3329.25544 1.6662 1237.4 6.5822 3044.5 7.8546 "" "" 0.002808389601796209 0.006414108 0.004704256 0.011118364 10.82900861851 64.05029874487 2884.9834 -2.305000000000003 -0.0649999999999996 0.4684761238098143 0.5452380752563477 0.11920488 0.12820488 "" "" 9.830231998814382 "" 1.2234907017662477 ""
10.72012762767 64.18437498802 0.0391 0.0401 7.3816 "" "" 524057035998016128 2598.48657 0.3558 0.0531 -3.11 -0.523 0.051 0.057 1.052 8498.3 4.4872 16.885738 1.379255 17.504286 16.12503 "" "" 2314.6936 3021.04736 3316.28389 1.793 1360.5 7.2891 2812.8 9.0046 "" "" 0.0028171584722039822 0.0064515607 0.0051346505 0.011586212 10.72012762767 64.18437498802 2598.48657 -3.11 -0.5230000000000002 -0.3365238761901854 0.08723807525634764 0.12120488 0.12720488 "" "" 4.281914182631758 "" 0.5206441029629313 ""
10.51396128493 64.16580084825 0.0375 0.0406 6.8646 "" "" 524058272948598528 2688.3125 0.3592 0.0519 -0.639 -1.333 0.05 0.053 0.956 8466.4 4.479 16.887478 1.578714 17.62074 16.042027 "" "" 2362.17041 3033.86108 3310.97241 1.9345 1222.1 6.3508 3036.3 9.2893 "" "" 0.0028274025404817324 0.006294371 0.0050316527 0.011326024 10.51396128493 64.16580084825 2688.3125 -0.639 -1.3329999999999995 2.134476123809814 -0.7227619247436523 0.12020488 0.12320489 "" "" 28.71576538534118 "" 3.4607356311908366 ""
10.52892393548 64.06722465134 0.0377 0.0391 2.9814 "" "" 523964024185584896 2277.26123 0.4276 0.0515 -5.527 -1.682 0.048 0.053 1.02 7668.2 4.3467 16.888197 1.755055 17.73383 15.978774 "" "" 2025.38696 2607.66797 3308.78057 1.7257 1101.2 6.5715 3218.5 8.2431 "" "" 0.0028129074472291408 0.0070544537 0.0046921507 0.011746604 10.52892393548 64.06722465134 2277.26123 -5.527000000000001 -1.6819999999999995 -2.7535238761901857 -1.0717619247436523 0.118204884 0.12320489 "" "" 31.894252477672445 "" 3.7914211537850915 ""
10.30396493166 63.92606238256 0.0378 0.0393 12.244 "" "" 523955949647006336 2644.21216 0.3557 0.0538 -0.98 -2.803 0.049 0.053 0.987 6382.5 4.2199 16.889309 2.108256 17.97752 15.869264 "" "" 2274.53662 3284.20898 3305.39145 1.8018 879.85 6.8928 3560.0 8.4337 "" "" 0.0028181678279525237 0.0089516705 0.0045716045 0.013523275 10.30396493166 63.92606238256 2644.21216 -0.9800000000000013 -2.8029999999999995 1.7934761238098145 -2.1927619247436523 0.11920488 0.12320489 "" "" 35.505097184829204 "" 4.318036437756665 ""
10.43314575174 63.99164604175 0.0366 0.04 7.0867 "" "" 523962100040262400 2881.67163 0.3348 0.0529 -3.78 -1.199 0.05 0.054 0.994 8007.2 4.4046 16.891314 1.821662 17.77339 15.951728 "" "" 2498.10376 3384.26367 3299.29381 1.7838 1061.8 6.6782 3299.6 7.6786 "" "" 0.002817157507901645 0.007376776 0.0045461725 0.011922948 10.43314575174 63.99164604175 2881.67163 -3.7799999999999994 -1.199 -1.0065238761901854 -0.5887619247436524 0.12020488 0.12420489 "" "" 15.927562534595493 "" 1.9310122905128249 ""
10.63059836058 64.06911400901 0.0355 0.0384 0.3612 "" "" 523961137967565312 2579.98535 0.3708 0.0504 -2.747 -0.728 0.046 0.053 1.004 7541.9 4.27 16.892437 1.700605 17.703814 16.003208 "" "" 2319.39917 2936.23096 3295.88164 1.7175 1132.1 6.0322 3146.8 9.5804 "" "" 0.002812809827507976 0.006422858 0.00502097 0.011443828 10.63059836058 64.06911400901 2579.98535 -2.746999999999997 -0.7280000000000008 0.026476123809814567 -0.11776192474365232 0.11620489 0.12320489 "" "" 1.4760746022214752 "" 0.18137593181148945 ""
10.4921640499 63.92723011256 0.0376 0.0392 9.2233 "" "" 523961275406567680 2298.76562 0.4182 0.0527 -6.446 -0.187 0.05 0.054 0.929 7161.4 4.293 16.892462 1.957069 17.870813 15.913744 "" "" 2040.38025 2653.5564 3295.80955 1.8332 970.71 6.5274 3417.1 8.7305 "" "" 0.002820726213275364 0.007815871 0.004688153 0.012504024 10.4921640499 63.92723011256 2298.76562 -6.445999999999994 -0.1870000000000005 -3.6725238761901853 0.42323807525634766 0.12020488 0.12420489 "" "" 40.28122544813865 "" 4.844146469297615 ""
10.15929354006 63.96894510205 0.0371 0.0392 13.9757 "" "" 526958715900032384 2757.29663 0.3527 0.0536 -1.485 1.683 0.048 0.051 0.94 7398.8 4.3985 16.898975 1.877134 17.826748 15.949614 "" "" 2389.48193 3085.86084 3276.09417 1.8566 1010.9 6.5558 3306.1 7.6026 "" "" 0.0028231865682250535 0.0075737988 0.004529609 0.012103408 10.15929354006 63.96894510205 2757.29663 -1.4850000000000003 1.6830000000000003 1.2884761238098144 2.2932380752563475 0.118204884 0.12120488 "" "" 34.37850597787824 "" 4.142330634013489 ""
10.41553838348 64.29176601015 0.0403 0.04 14.7822 "" "" 524061537123620480 2176.29102 0.4641 0.0535 -2.326 0.129 0.05 0.055 1.039 5146.7 4.3094 16.900898 1.590166 17.554127 15.963961 "" "" 1882.79651 2620.58545 3270.29987 2.5113 1299.5 13.524 3262.7 30.908 "" "" 0.0028787022755457936 0.011638736 0.010957722 0.022596458 10.41553838348 64.29176601015 2176.29102 -2.3260000000000027 0.1290000000000001 0.4474761238098144 0.7392380752563477 0.12020488 0.12520489 "" "" 8.91395956105626 "" 1.1042961363906225 ""
10.26931577827 64.21393225073 0.0369 0.039 13.1934 "" "" 527061898194353408 2117.61182 0.4357 0.0509 -5.51 -0.846 0.047 0.054 0.993 6081.2 4.3447 16.902102 1.747921 17.747442 15.999521 "" "" 1919.29785 2345.40796 3266.67453 1.6904 1087.5 7.4898 3157.5 7.8796 "" "" 0.0028120182653902665 0.007981248 0.0046502664 0.012631515 10.26931577827 64.21393225073 2117.61182 -5.5099999999999945 -0.8459999999999993 -2.7365238761901853 -0.23576192474365232 0.11720488 0.12420489 "" "" 27.56955485698871 "" 3.2327504467217376 ""
10.87244583962 64.13826842636 0.0372 0.042 7.4199 "" "" 524055970846196352 2298.73291 0.4237 0.0515 -1.749 -2.724 0.049 0.06 0.945 8349.6 4.427 16.913837 1.637752 17.684273 16.04652 "" "" 2089.11768 2591.85376 3231.55734 1.8078 1152.7 6.0881 3023.8 9.1347 "" "" 0.002821471925641078 0.006377199 0.00500417 0.011381369 10.87244583962 64.13826842636 2298.73291 -1.7489999999999999 -2.724 1.0244761238098143 -2.1137619247436525 0.11920488 0.13020489 "" "" 25.594086412192837 "" 3.2807825079668613 ""
10.60031878402 63.97888223516 0.0405 0.0406 5.3494 "" "" 523958767145651328 2949.36768 0.3469 0.055 -2.966 -0.571 0.053 0.056 1.045 "" "" 16.91621 1.638737 17.687756 16.049019 "" "" 2438.19678 3633.40381 3224.50121 1.7775 1149.0 7.7925 3016.8 8.1812 "" "" 0.0028195750641116504 0.007874349 0.004790943 0.012665292 10.60031878402 63.97888223516 2949.36768 -2.966 -0.5709999999999998 -0.19252387619018574 0.039238075256347704 0.12320489 0.12620488 "" "" 2.7468151087601393 "" 0.3387535226834436 ""
10.36848898529 64.29673240015 0.0392 0.0388 15.5808 "" "" 524061640202828288 2542.48584 0.3736 0.0519 -2.419 -0.074 0.049 0.053 0.994 9088.6 4.3549 16.926044 1.376888 17.544333 16.167444 "" "" 2287.1709 2961.93701 3195.42984 1.6068 1311.2 5.4653 2705.1 5.6704 "" "" 0.0028088887920069 0.0053165276 0.004411744 0.0097282715 10.36848898529 64.29673240015 2542.48584 -2.419 -0.07399999999999994 0.3544761238098144 0.5362380752563477 0.11920488 0.12320489 "" "" 7.746748489028086 "" 0.945121776683621 ""
10.51837372775 63.98610845498 0.0378 0.0401 5.8033 "" "" 523961859522098688 2408.69336 0.3941 0.0539 -0.144 -0.294 0.049 0.054 1.0 9067.0 4.3269 16.926558 1.704516 17.74105 16.036535 "" "" 2153.88721 2688.36963 3193.91498 1.8375 1093.9 6.2123 3051.7 6.2753 "" "" 0.002825236599843302 0.006767852 0.004389575 0.011157427 10.51837372775 63.98610845498 2408.69336 -0.144 -0.29400000000000015 2.6294761238098143 0.3162380752563477 0.11920488 0.12420489 "" "" 30.237607058429347 "" 3.6066704381350823 ""
10.90121214373 63.87924244805 0.0388 0.0418 13.1182 "" "" 523945573006178432 2220.84497 0.4287 0.0552 -5.62 -1.536 0.05 0.059 0.993 "" "" 16.943933 1.825201 17.833277 16.008076 "" "" 1984.53894 2481.89062 3143.20691 1.7577 1004.9 7.9947 3132.8 9.943 "" "" 0.002821421742400889 0.009077269 0.005114519 0.014191788 10.90121214373 63.87924244805 2220.84497 -5.62 -1.5359999999999996 -2.8465238761901857 -0.9257619247436524 0.12020488 0.12920488 "" "" 31.509689692432733 "" 3.8156565070153827 ""
10.60757352863 64.02831095877 0.0395 0.0403 2.4461 "" "" 523960618267788544 3138.30933 0.3004 0.0549 -2.59 -0.65 0.054 0.055 1.014 7867.8 4.1431 16.94528 1.929149 17.906132 15.976983 "" "" 2633.13257 3644.32104 3139.31229 1.7449 939.65 6.3618 3223.8 8.4984 "" "" 0.002820633475852575 0.007862582 0.004740851 0.012603433 10.60757352863 64.02831095877 3138.30933 -2.59 -0.6500000000000002 0.1834761238098146 -0.039761924743652366 0.12420489 0.12520489 "" "" 2.7926708913969023 "" 0.34698913433323375 ""
10.41682940804 63.84891111613 0.0376 0.0406 14.3235 "" "" 523954747056184576 2784.62354 0.346 0.0531 -0.376 -1.134 0.047 0.052 1.029 7480.4 4.3169 16.948135 1.818512 17.827377 16.008865 "" "" 2406.7417 3251.85352 3131.06845 1.8254 1010.3 6.5972 3130.5 7.7039 "" "" 0.002827092620534232 0.00761907 0.004628478 0.0122475475 10.41682940804 63.84891111613 2784.62354 -0.3759999999999999 -1.1339999999999986 2.3974761238098146 -0.5237619247436522 0.11720488 0.122204885 "" "" 32.390904795749634 "" 3.803899503106382 ""
10.55557415294 64.14407619631 0.0378 0.0403 5.2037 "" "" 524058169869413632 2740.80225 0.3411 0.0516 -2.237 -0.312 0.05 0.056 0.995 8756.2 4.4396 16.948164 1.542328 17.66344 16.121113 "" "" 2417.60425 3292.73169 3130.98514 1.6482 1175.0 6.1507 2823.0 6.7057 "" "" 0.0028139753513874745 0.00633139 0.0045754956 0.010906885 10.55557415294 64.14407619631 2740.80225 -2.237 -0.3119999999999999 0.5364761238098144 0.29823807525634766 0.12020488 0.12620488 "" "" 7.974145612922651 "" 0.9700395355234701 ""
10.09600074646 64.11011882052 0.0415 0.0404 14.5706 "" "" 526966034524232448 2517.25073 0.3721 0.0577 -1.817 -2.493 0.055 0.052 1.079 6186.0 4.2965 16.948582 1.807362 17.79903 15.991669 "" "" 2202.54761 2949.77319 3129.7808 1.8367 1037.1 8.117 3180.5 11.325 "" "" 0.002828031544911995 0.008944004 0.0054064817 0.014350485 10.09600074646 64.11011882052 2517.25073 -1.8170000000000002 -2.4930000000000008 0.9564761238098145 -1.8827619247436522 0.12520489 0.122204885 "" "" 25.197338569201634 "" 3.0948953044718106 ""
10.02479983217 64.03763377789 0.0402 0.0406 16.3069 "" "" 526960227728483328 2125.73364 0.4524 0.0556 -4.793 -1.607 0.056 0.056 0.999 8021.4 4.2831 16.956411 1.787241 17.820166 16.032925 "" "" 1885.17249 2419.04468 3107.2937 1.6884 1017.1 6.2342 3061.9 5.66 "" "" 0.0028177710755147053 0.0072161425 0.004279231 0.011495374 10.02479983217 64.03763377789 2125.73364 -4.7930000000000055 -1.6069999999999989 -2.0195238761901857 -0.9967619247436523 0.12620488 0.12620488 "" "" 22.692235463007936 "" 2.8638708102396127 ""
10.21144797412 63.91621206872 0.0473 0.0405 14.4746 "" "" 523956121445698688 2848.24463 0.3417 0.0592 -3.332 -2.715 0.066 0.053 1.005 6292.6 4.329 16.956638 1.706383 17.710693 16.00431 "" "" 2500.97852 3293.93604 3106.64205 2.2139 1125.0 15.383 3143.7 26.924 "" "" 0.00286189658844557 0.015106031 0.010037418 0.025143448 10.21144797412 63.91621206872 2848.24463 -3.3319999999999967 -2.714999999999998 -0.5585238761901854 -2.104761924743652 0.13620488 0.12320489 "" "" 29.399172529020763 "" 3.648494335972195 ""
10.58574654254 64.05225796812 0.0392 0.0427 1.7059 "" "" 523961064944412800 3053.77002 0.322 0.0557 -0.51 0.498 0.051 0.057 0.918 7931.7 4.2927 16.96094 1.97441 17.95001 15.9756 "" "" 2584.87109 3704.88379 3094.36254 1.8071 902.43 9.2606 3227.9 9.1813 "" "" 0.002827336317086927 0.0114857135 0.0048806597 0.016366374 10.58574654254 64.05225796812 3053.77002 -0.5099999999999993 0.4979999999999999 2.2634761238098147 1.1082380752563477 0.12120488 0.12720488 "" "" 36.47987655372558 "" 4.464700726200641 ""
10.89804899732 64.16099157575 0.0408 0.0448 8.7875 "" "" 524056383163034880 2341.49658 0.4104 0.0575 -0.934 0.771 0.052 0.063 0.948 8303.6 4.429 16.960966 1.728525 17.784657 16.056131 "" "" 2085.39673 2626.72168 3094.28653 1.8536 1050.9 8.2705 2997.1 8.8351 "" "" 0.002831043647153358 0.008988672 0.004952546 0.013941218 10.89804899732 64.16099157575 2341.49658 -0.9340000000000006 0.7710000000000002 1.8394761238098143 1.3812380752563476 0.122204885 0.13320488 "" "" 25.53059295998358 "" 3.2240384136700446 ""
10.53996591317 64.26852546758 0.0414 0.0463 12.4379 "" "" 524060678130189952 3096.64697 0.3001 0.0575 -1.273 -0.899 0.052 0.062 1.022 8401.5 4.4853 16.96333 1.41633 17.598656 16.182325 "" "" 2765.05835 3673.52295 3087.55814 2.1768 1247.3 8.2753 2668.3 8.4764 "" "" 0.002859673481652233 0.00772489 0.0051166164 0.012841506 10.53996591317 64.26852546758 3096.64697 -1.2729999999999997 -0.8990000000000002 1.5004761238098145 -0.28876192474365237 0.122204885 0.13220489 "" "" 22.42828165463206 "" 2.7491705030791262 ""
11.19390884758 64.01006832298 0.04 0.0467 14.8681 "" "" 524039680025294848 2800.61499 0.3371 0.0583 -0.658 -0.194 0.055 0.065 1.11 7178.3 4.336 16.963774 1.71554 17.790237 16.074697 "" "" 2429.06274 3405.80371 3086.29209 1.8438 1045.5 6.9184 2946.3 11.019 "" "" 0.0028306391628773616 0.0077074193 0.0055472646 0.013254683 11.19390884758 64.01006832298 2800.61499 -0.658 -0.19400000000000006 2.1154761238098145 0.41623807525634765 0.12520489 0.13520488 "" "" 28.62120131505977 "" 3.594590676044172 ""
10.58264390259 64.10229011904 0.0376 0.0424 2.6795 "" "" 524055077493010816 2556.74072 0.3866 0.0535 -2.736 -0.669 0.052 0.057 0.985 9096.5 4.4921 16.96531 1.641413 17.73117 16.089758 "" "" 2232.66577 2867.98071 3081.93077 1.8217 1103.9 5.6485 2905.7 9.0281 "" "" 0.0028290733396511255 0.0062168543 0.0050659315 0.011282786 10.58264390259 64.10229011904 2556.74072 -2.7359999999999993 -0.6690000000000007 0.037476123809814244 -0.05876192474365238 0.122204885 0.12720488 "" "" 0.8446329539232333 "" 0.10623761660159635 ""
10.79864235852 64.17190683265 0.0394 0.0416 7.5512 "" "" 524056245724056704 2486.74341 0.3803 0.0542 3.579 -2.275 0.051 0.06 0.998 7664.4 4.4198 16.965914 1.709974 17.787943 16.077969 "" "" 2206.12988 2805.58813 3080.21705 1.6406 1047.7 5.9133 2937.5 6.4005 "" "" 0.0028153523265806502 0.006733289 0.004458731 0.01119202 10.79864235852 64.17190683265 2486.74341 3.579000000000001 -2.2750000000000004 6.352476123809815 -1.6647619247436523 0.12120488 0.13020489 "" "" 77.4062112512056 "" 9.428328904600972 ""
11.16180773491 64.19893910864 0.0403 0.0451 15.7579 "" "" 524050095324686080 2661.70679 0.3779 0.0553 -2.401 -0.286 0.052 0.063 0.994 "" "" 16.967043 1.415264 17.512585 16.09732 "" "" 2302.52783 3049.04102 3077.01449 2.8357 1350.2 32.632 2885.6 73.33 "" "" 0.0029313759029832858 0.02638829 0.027848799 0.05423709 11.16180773491 64.19893910864 2661.70679 -2.401 -0.2859999999999999 0.37247612380981465 0.3242380752563477 0.122204885 0.13320488 "" "" 6.230410588071191 "" 0.7916592787498639 ""
11.09372193366 64.19634161506 0.0412 0.0466 14.1628 "" "" 524049751733505536 2774.70654 0.3539 0.056 -2.995 -0.526 0.054 0.064 1.007 8908.3 4.3007 16.970188 1.428017 17.612661 16.184645 "" "" 2386.08545 3132.46509 3068.11289 1.7864 1231.3 7.229 2662.6 6.05 "" "" 0.0028269107195128297 0.006958297 0.0045133075 0.011471605 11.09372193366 64.19634161506 2774.70654 -2.995000000000002 -0.525999999999999 -0.22152387619018565 0.08423807525634763 0.12420489 0.1342049 "" "" 3.117046532257359 "" 0.3912273965508062 ""
