Clusters/FSR_0236/FSR_0236_members.tsv
# %ECSV 1.0
# ---
# datatype:
# - name: RA_ICRS_1
#   unit: deg
#   datatype: float64
#   format: '{:15.11f}'
#   description: Right ascension (ICRS) at Ep=2016.0 (ra)
#   meta: !!omap
#   - {ucd: POS_EQ_RA_MAIN}
#   - {width: 15}
#   - {precision: '11'}
# - name: DE_ICRS_1
#   unit: deg
#   datatype: float64
#   format: '{:15.11f}'
#   description: Declination (ICRS) at Ep=2016.0 (dec)
#   meta: !!omap
#   - {ucd: POS_EQ_DEC_MAIN}
#   - {width: 15}
#   - {precision: '11'}
# - name: e_RA_ICRS
#   unit: mas
#   datatype: float64
#   format: '{:7.4f}'
#   description: Standard error of right ascension (ra_error)
#   meta: !!omap
#   - {ucd: ERROR}
#   - {width: 7}
#   - {precision: '4'}
# - name: e_DE_ICRS
#   unit: mas
#   datatype: float64
#   format: '{:7.4f}'
#   description: Standard error of declination (dec_error)
#   meta: !!omap
#   - {ucd: ERROR}
#   - {width: 7}
#   - {precision: '4'}
# - name: _r_1
#   unit: ''
#   datatype: float64
#   format: '{:7.4f}'
#   description: Distance from center (308.16820762000+41.44180591000)[ICRS], at Epoch=J2016.0
#   meta: !!omap
#   - {ucd: POS_ANG_DIST_GENERAL}
#   - {width: 7}
#   - {precision: '4'}
# - name: HIP
#   datatype: int32
#   description: '? HIP cross-id number, van Leeuwen, Cat. I/311 (hip_original_ext_source_id)'
#   meta: !!omap
#   - {ucd: ID_NUMBER}
#   - {width: 6}
#   - values: {'null': -2147483648}
# - name: TYC2
#   datatype: string
#   description: Tycho-2 cross-id name, Hog et al., Cat. I/259 (tyc2_original_ext_source_id)
#   meta: !!omap
#   - {ucd: ID_CROSSID}
#   - {_votable_string_dtype: char}
# - name: Source
#   datatype: int64
#   description: Source identifier, identical to the Gaia-EDR3 source_id (id)
#   meta: !!omap
#   - {ucd: ID_MAIN}
#   - {width: 19}
# - name: rgeo
#   unit: pc
#   datatype: float64
#   format: '{:15.8f}'
#   description: '? Median of the geometric distance posterior (r_med_geo)'
#   meta: !!omap
#   - {ucd: PHYS_DISTANCE_TRUE}
#   - {width: 15}
#   - {precision: '8'}
#   - values: {'null': .nan}
# - name: Plx
#   unit: mas
#   datatype: float64
#   format: '{:9.4f}'
#   description: '? Parallax (parallax)'
#   meta: !!omap
#   - {ucd: POS_PARLX_TRIG}
#   - {width: 9}
#   - {precision: '4'}
#   - values: {'null': .nan}
# - name: e_Plx
#   unit: mas
#   datatype: float32
#   format: '{:7.4f}'
#   description: '? Standard error of parallax (parallax_error)'
#   meta: !!omap
#   - {ucd: ERROR}
#   - {width: 7}
#   - {precision: '4'}
#   - values: {'null': .nan}
# - name: pmRA
#   unit: mas / yr
#   datatype: float64
#   format: '{:9.3f}'
#   description: '? Proper motion in right ascension direction, pmRA*cosDE (pmra)'
#   meta: !!omap
#   - {ucd: POS_EQ_PMRA}
#   - {width: 9}
#   - {precision: '3'}
#   - values: {'null': .nan}
# - name: pmDE
#   unit: mas / yr
#   datatype: float64
#   format: '{:9.3f}'
#   description: '? Proper motion in declination direction (pmdec)'
#   meta: !!omap
#   - {ucd: POS_EQ_PMDEC}
#   - {width: 9}
#   - {precision: '3'}
#   - values: {'null': .nan}
# - name: e_pmRA
#   unit: mas / yr
#   datatype: float32
#   format: '{:6.3f}'
#   description: '? Standard error of proper motion in right ascension direction (pmra_error)'
#   meta: !!omap
#   - {ucd: ERROR}
#   - {width: 6}
#   - {precision: '3'}
#   - values: {'null': .nan}
# - name: e_pmDE
[...]
#         unit: &id001 !astropy.units.Unit {unit: deg}
#         value: !astropy.table.SerializedColumn {name: SkyCoord.dec}
#       distance: !astropy.table.SerializedColumn
#         __class__: astropy.coordinates.distances.Distance
#         unit: !astropy.units.Unit {unit: pc}
#         value: !astropy.table.SerializedColumn {name: SkyCoord.distance}
#       frame: icrs
#       obstime: !astropy.time.Time {format: jyear_str, in_subfmt: '*', jd1: 367701545.0, jd2: 0.0, out_subfmt: '*', precision: 3, scale: tt}
#       pm_dec: !astropy.table.SerializedColumn
#         __class__: astropy.units.quantity.Quantity
#         unit: !astropy.units.Unit {unit: mas / yr}
#         value: !astropy.table.SerializedColumn {name: SkyCoord.pm_dec}
#       pm_ra_cosdec: !astropy.table.SerializedColumn
#         __class__: astropy.units.quantity.Quantity
#         unit: !astropy.units.Unit {unit: mas / yr}
#         value: !astropy.table.SerializedColumn {name: SkyCoord.pm_ra_cosdec}
#       ra: !astropy.table.SerializedColumn
#         __class__: astropy.coordinates.angles.Longitude
#         unit: *id001
#         value: !astropy.table.SerializedColumn {name: SkyCoord.ra}
#         wrap_angle: !astropy.coordinates.Angle
#           unit: *id001
#           value: 360.0
#       representation_type: spherical
# schema: astropy-2.0
RA_ICRS_1 DE_ICRS_1 e_RA_ICRS e_DE_ICRS _r_1 HIP TYC2 Source rgeo Plx e_Plx pmRA pmDE e_pmRA e_pmDE RUWE Teff logg Gmag BP-RP BPmag RPmag RV e_RV b_rgeo B_rgeo FG e_FG FBP e_FBP FRP e_FRP RAVE5 RAVE6 e_Gmag e_BPmag e_RPmag e_BP-RP SkyCoord.ra SkyCoord.dec SkyCoord.distance SkyCoord.pm_ra_cosdec SkyCoord.pm_dec Pmemb
[from data line 41]
308.17405933605 41.4108887842 0.0279 0.0324 1.8736 "" "" 2067833140197676928 1724.2373 0.5519 0.0344 -2.599 -4.348 0.036 0.04 1.03 "" "" 16.108381 2.155489 17.211605 15.056116 "" "" 1616.8407 1828.7981 6785.69197 3.4088 1781.5 17.535 7528.6 14.409 "" "" 0.002808785003839093 0.01104495 0.004312978 0.015357928 308.17405933605 41.4108887842 1724.2373 -2.5989999999999993 -4.348 1.0
308.1500208631 41.45704009323 0.0311 0.0332 1.2266 "" "" 2067836335653539712 1796.35779 0.529 0.037 -2.377 -4.371 0.042 0.043 1.034 8576.2 3.3269 16.110537 1.870117 17.025007 15.15489 "" "" 1691.94568 1915.72314 6772.23959 3.1666 2115.5 7.7195 6873.9 11.192 "" "" 0.0028016999481413926 0.0048457687 0.0041723833 0.009018152 308.1500208631 41.45704009323 1796.35779 -2.3770000000000002 -4.3709999999999996 1.0
308.12218677471 41.48848800629 0.0296 0.0354 3.4823 "" "" 2067837366445699840 1613.21826 0.5838 0.0387 -2.929 -4.121 0.041 0.041 1.057 7854.0 3.5816 16.158693 2.292154 17.367384 15.07523 "" "" 1530.82227 1740.25159 6478.42849 3.5122 1543.3 8.1528 7397.2 9.8355 "" "" 0.0028174919850178903 0.0063782786 0.00404571 0.010423988 308.12218677471 41.48848800629 1613.21826 -2.928999999999999 -4.121 0.99
308.12742214015 41.40173980924 0.0283 0.034 3.0243 "" "" 2067834617666436224 1624.35168 0.5917 0.0375 -2.319 -4.053 0.037 0.039 1.034 "" "" 16.198166 2.116917 17.273205 15.156288 "" "" 1534.09106 1722.94946 6247.13174 3.0909 1683.2 7.8574 6865.0 10.396 "" "" 0.0028071984902653976 0.0057856133 0.0041215364 0.00990715 308.12742214015 41.40173980924 1624.35168 -2.319 -4.053000000000001 1.0
308.24558771271 41.41341931608 0.0297 0.0375 3.8755 "" "" 2067832624801785216 1768.63281 0.5395 0.0383 -2.12 -3.912 0.039 0.043 1.05 "" "" 16.22382 2.110898 17.29345 15.182551 "" "" 1630.0459 1906.14673 6101.24644 3.1393 1652.1 7.3532 6701.0 9.0863 "" "" 0.002811383545252579 0.00558008 0.0040560015 0.009636082 308.24558771271 41.41341931608 1768.63281 -2.12 -3.9120000000000013 1.0
308.24421302887 41.40521385784 0.032 0.0403 4.0637 "" "" 2067832624801782144 1594.38318 0.5955 0.0413 -2.225 -3.96 0.042 0.046 0.987 "" "" 16.397676 2.093978 17.444372 15.350394 "" "" 1509.83484 1723.06006 5198.48003 3.0071 1437.7 12.5 5741.2 17.766 "" "" 0.002825993472100392 0.009843587 0.005056864 0.0149004515 308.24421302887 41.40521385784 1594.38318 -2.225000000000001 -3.9600000000000004 0.98
308.14574695377 41.4852613779 0.0318 0.0368 2.7961 "" "" 2067836576171717632 1550.52429 0.6204 0.041 -2.223 -4.161 0.043 0.044 1.025 "" "" 16.404827 2.562057 17.807909 15.245852 "" "" 1456.93115 1669.22485 5164.34968 3.4052 1028.6 6.8657 6321.5 12.148 "" "" 0.002846805170994147 0.007765637 0.0043170615 0.012082698 308.14574695377 41.4852613779 1550.52429 -2.2229999999999994 -4.160999999999998 1.0
308.17872638224 41.39545464734 0.033 0.038 2.8211 "" "" 2067832899679504256 1668.47656 0.5614 0.0411 -2.21 -4.206 0.044 0.047 0.987 "" "" 16.41002 2.749786 17.957489 15.207703 "" "" 1555.59192 1819.31543 5139.71004 4.2745 896.23 7.9712 6547.5 17.82 "" "" 0.002899506087586113 0.010051708 0.0047974694 0.014849177 308.17872638224 41.39545464734 1668.47656 -2.2099999999999995 -4.206 0.91
308.26698001339 41.44645393633 0.036 0.045 4.4511 "" "" 2067832762240846848 1516.29822 0.6354 0.0452 -2.629 -4.221 0.048 0.054 0.931 8393.0 3.7693 16.486769 2.697997 17.991104 15.293107 "" "" 1421.29199 1624.31177 4788.9417 6.903 868.91 7.0791 6052.2 29.438 "" "" 0.003168770674497153 0.009275225 0.006494081 0.015769307 308.26698001339 41.44645393633 1516.29822 -2.629 -4.221 0.99
308.18732144016 41.37382182272 0.0322 0.0404 4.1687 "" "" 2067832826661542272 1800.38721 0.5271 0.0427 -2.501 -3.754 0.043 0.048 1.022 8205.8 3.1101 16.523445 2.399382 17.792873 15.393492 "" "" 1678.1217 1934.71472 4629.86717 3.6315 1043.0 8.5783 5517.7 16.241 "" "" 0.002883926584664088 0.009355544 0.0049494277 0.014304971 308.18732144016 41.37382182272 1800.38721 -2.5010000000000003 -3.753999999999999 1.0
