Clusters/FSR_0236/FSR_0236_stars_in_region.tsv
# %ECSV 1.0
# ---
# datatype:
# - name: RA_ICRS_1
#   unit: deg
#   datatype: float64
#   format: '{:15.11f}'
#   description: Right ascension (ICRS) at Ep=2016.0 (ra)
#   meta: !!omap
#   - {ucd: POS_EQ_RA_MAIN}
#   - {width: 15}
#   - {precision: '11'}
# - name: DE_ICRS_1
#   unit: deg
#   datatype: float64
#   format: '{:15.11f}'
#   description: Declination (ICRS) at Ep=2016.0 (dec)
#   meta: !!omap
#   - {ucd: POS_EQ_DEC_MAIN}
#   - {width: 15}
#   - {precision: '11'}
# - name: e_RA_ICRS
#   unit: mas
#   datatype: float64
#   format: '{:7.4f}'
#   description: Standard error of right ascension (ra_error)
#   meta: !!omap
#   - {ucd: ERROR}
#   - {width: 7}
#   - {precision: '4'}
# - name: e_DE_ICRS
#   unit: mas
#   datatype: float64
#   format: '{:7.4f}'
#   description: Standard error of declination (dec_error)
#   meta: !!omap
#   - {ucd: ERROR}
#   - {width: 7}
#   - {precision: '4'}
# - name: _r_1
#   unit: ''
#   datatype: float64
#   format: '{:7.4f}'
#   description: Distance from center (308.16820762000+41.44180591000)[ICRS], at Epoch=J2016.0
#   meta: !!omap
#   - {ucd: POS_ANG_DIST_GENERAL}
#   - {width: 7}
#   - {precision: '4'}
# - name: HIP
#   datatype: int32
#   description: '? HIP cross-id number, van Leeuwen, Cat. I/311 (hip_original_ext_source_id)'
#   meta: !!omap
#   - {ucd: ID_NUMBER}
#   - {width: 6}
#   - values: {'null': -2147483648}
# - name: TYC2
#   datatype: string
#   description: Tycho-2 cross-id name, Hog et al., Cat. I/259 (tyc2_original_ext_source_id)
#   meta: !!omap
#   - {ucd: ID_CROSSID}
#   - {_votable_string_dtype: char}
# - name: Source
#   datatype: int64
#   description: Source identifier, identical to the Gaia-EDR3 source_id (id)
#   meta: !!omap
#   - {ucd: ID_MAIN}
#   - {width: 19}
# - name: rgeo
#   unit: pc
#   datatype: float64
#   format: '{:15.8f}'
#   description: '? Median of the geometric distance posterior (r_med_geo)'
#   meta: !!omap
#   - {ucd: PHYS_DISTANCE_TRUE}
#   - {width: 15}
#   - {precision: '8'}
#   - values: {'null': .nan}
# - name: Plx
#   unit: mas
#   datatype: float64
#   format: '{:9.4f}'
#   description: '? Parallax (parallax)'
#   meta: !!omap
#   - {ucd: POS_PARLX_TRIG}
#   - {width: 9}
#   - {precision: '4'}
#   - values: {'null': .nan}
# - name: e_Plx
#   unit: mas
#   datatype: float32
#   format: '{:7.4f}'
#   description: '? Standard error of parallax (parallax_error)'
#   meta: !!omap
#   - {ucd: ERROR}
#   - {width: 7}
#   - {precision: '4'}
#   - values: {'null': .nan}
# - name: pmRA
#   unit: mas / yr
#   datatype: float64
#   format: '{:9.3f}'
#   description: '? Proper motion in right ascension direction, pmRA*cosDE (pmra)'
#   meta: !!omap
#   - {ucd: POS_EQ_PMRA}
#   - {width: 9}
#   - {precision: '3'}
#   - values: {'null': .nan}
# - name: pmDE
#   unit: mas / yr
#   datatype: float64
#   format: '{:9.3f}'
#   description: '? Proper motion in declination direction (pmdec)'
#   meta: !!omap
#   - {ucd: POS_EQ_PMDEC}
#   - {width: 9}
#   - {precision: '3'}
#   - values: {'null': .nan}
# - name: e_pmRA
#   unit: mas / yr
#   datatype: float32
#   format: '{:6.3f}'
#   description: '? Standard error of proper motion in right ascension direction (pmra_error)'
#   meta: !!omap
#   - {ucd: ERROR}
#   - {width: 6}
#   - {precision: '3'}
#   - values: {'null': .nan}
# - name: e_pmDE
[...]
#         unit: &id001 !astropy.units.Unit {unit: deg}
#         value: !astropy.table.SerializedColumn {name: SkyCoord.dec}
#       distance: !astropy.table.SerializedColumn
#         __class__: astropy.coordinates.distances.Distance
#         unit: !astropy.units.Unit {unit: pc}
#         value: !astropy.table.SerializedColumn {name: SkyCoord.distance}
#       frame: icrs
#       obstime: !astropy.time.Time {format: jyear_str, in_subfmt: '*', jd1: 367701545.0, jd2: 0.0, out_subfmt: '*', precision: 3, scale: tt}
#       pm_dec: !astropy.table.SerializedColumn
#         __class__: astropy.units.quantity.Quantity
#         unit: !astropy.units.Unit {unit: mas / yr}
#         value: !astropy.table.SerializedColumn {name: SkyCoord.pm_dec}
#       pm_ra_cosdec: !astropy.table.SerializedColumn
#         __class__: astropy.units.quantity.Quantity
#         unit: !astropy.units.Unit {unit: mas / yr}
#         value: !astropy.table.SerializedColumn {name: SkyCoord.pm_ra_cosdec}
#       ra: !astropy.table.SerializedColumn
#         __class__: astropy.coordinates.angles.Longitude
#         unit: *id001
#         value: !astropy.table.SerializedColumn {name: SkyCoord.ra}
#         wrap_angle: !astropy.coordinates.Angle
#           unit: *id001
#           value: 360.0
#       representation_type: spherical
# schema: astropy-2.0
RA_ICRS_1 DE_ICRS_1 e_RA_ICRS e_DE_ICRS _r_1 HIP TYC2 Source rgeo Plx e_Plx pmRA pmDE e_pmRA e_pmDE RUWE Teff logg Gmag BP-RP BPmag RPmag RV e_RV b_rgeo B_rgeo FG e_FG FBP e_FBP FRP e_FRP RAVE5 RAVE6 e_Gmag e_BPmag e_RPmag e_BP-RP SkyCoord.ra SkyCoord.dec SkyCoord.distance SkyCoord.pm_ra_cosdec SkyCoord.pm_dec
[from data line 1070]
308.28179519682 41.39064117729 0.0443 0.0578 5.962 "" "" 2067832311267105664 1670.70959 0.5614 0.059 -2.558 -3.816 0.061 0.065 1.061 "" "" 16.897013 2.53632 18.27506 15.738741 "" "" 1518.99121 1851.96301 3282.023 2.1462 668.95 11.846 4014.8 7.9431 "" "" 0.0028453254047459066 0.019427994 0.00434718 0.023775175 308.28179519682 41.39064117729 1670.70959 -2.558 -3.816
308.32481905989 41.22368715445 0.0421 0.0537 14.868 "" "" 2067783352936715008 1404.8772 0.7007 0.0588 -2.304 -8.594 0.056 0.064 1.055 6758.9 4.3393 16.89709 2.030026 17.889778 15.859752 "" "" 1305.36841 1541.59399 3281.78899 2.0627 953.91 10.353 3591.3 19.965 "" "" 0.002838570433283667 0.012109565 0.0071215024 0.019231066 308.32481905989 41.22368715445 1404.8772 -2.3040000000000003 -8.594
307.71895565734 41.24022252584 0.0383 0.0459 23.5765 "" "" 2067815822889342080 1461.12024 0.6328 0.0499 -3.261 -4.336 0.051 0.064 0.979 "" "" 16.897327 2.571814 18.30736 15.735545 "" "" 1358.19775 1594.26624 3281.07105 2.235 649.34 7.7908 4026.6 10.526 "" "" 0.0028528530559104124 0.013322154 0.004726451 0.018048605 307.71895565734 41.24022252584 1461.12024 -3.2609999999999997 -4.336
308.43455029085 41.55499391645 0.0615 0.0541 13.7615 "" "" 2067928621616968704 1485.30701 0.6368 0.0577 -4.289 -10.671 0.078 0.064 1.02 "" "" 16.89924 "" "" "" "" "" 1391.14453 1600.11206 3275.29745 3.2976 "" "" "" "" "" "" 0.0029642403966845697 "" "" "" 308.43455029085 41.55499391645 1485.30701 -4.289 -10.670999999999996
308.60280291333 41.4723633138 0.04 0.0509 19.6283 "" "" 2067877601698015872 1434.15393 0.6458 0.0545 -2.987 -3.84 0.052 0.062 1.097 9201.3 3.8317 16.899342 2.961365 18.596376 15.635012 "" "" 1348.2207 1541.3689 3274.99073 2.5133 497.58 7.7096 4417.3 8.52 "" "" 0.0028785484666222134 0.017052421 0.004320784 0.021373205 308.60280291333 41.4723633138 1434.15393 -2.987 -3.84
308.06461355651 41.08256092623 0.0411 0.0468 22.0553 "" "" 2067774453764187520 1465.41248 0.641 0.0557 -2.904 -4.164 0.055 0.057 1.025 "" "" 16.900068 2.876468 18.541489 15.665021 "" "" 1363.78357 1581.54358 3272.79788 2.2808 523.38 6.7178 4296.8 8.4487 "" "" 0.0028573241938712394 0.014212447 0.004340662 0.01855311 308.06461355651 41.08256092623 1465.41248 -2.9040000000000004 -4.164
308.28285490262 41.72490755272 0.0421 0.051 17.7483 "" "" 2067934398345721472 1316.79688 0.7285 0.0535 -2.046 -4.013 0.054 0.061 0.968 9256.8 3.6623 16.901754 2.868779 18.539791 15.671012 "" "" 1234.89111 1408.07458 3267.7239 2.3493 524.2 7.3436 4273.2 10.369 "" "" 0.002863755306078165 0.015464044 0.0046070195 0.020071063 308.28285490262 41.72490755272 1316.79688 -2.0460000000000003 -4.013000000000001
308.25708767224 41.19651420132 0.0399 0.0528 15.2527 "" "" 2067781978547190912 1364.93005 0.6909 0.0549 -2.767 -4.464 0.055 0.062 1.03 "" "" 16.902937 2.826479 18.503366 15.676887 "" "" 1260.85388 1482.41602 3264.16238 2.1927 542.09 6.8068 4250.1 10.89 "" "" 0.0028502158652034195 0.01391573 0.004692878 0.018608607 308.25708767224 41.19651420132 1364.93005 -2.7669999999999995 -4.464
307.90248222941 41.21438230615 0.043 0.0496 18.1533 "" "" 2067826062091314176 1307.35754 0.7477 0.056 -2.824 -3.862 0.058 0.067 1.115 "" "" 16.907595 2.538899 18.27787 15.738971 "" "" 1219.51575 1398.5791 3250.1936 2.0708 667.22 12.268 4013.9 13.418 "" "" 0.0028408302386649506 0.02015719 0.005239935 0.025397126 307.90248222941 41.21438230615 1307.35754 -2.8239999999999994 -3.862
308.18586238522 41.79806528213 0.0405 0.0466 21.3902 "" "" 2067947283247665408 1469.52966 0.6501 0.0532 -2.281 -3.892 0.055 0.056 0.999 9161.9 3.589 16.90894 2.334914 18.135477 15.800563 "" "" 1359.90454 1591.49744 3246.17027 2.1662 760.72 9.839 3792.6 9.911 "" "" 0.0028489860364186636 0.014317202 0.004725884 0.019043086 308.18586238522 41.79806528213 1469.52966 -2.2809999999999997 -3.8919999999999995
307.89434668305 41.50953324951 0.044 0.0472 12.9645 "" "" 2067848567720292608 1816.98047 0.5185 0.0546 -3.546 -2.261 0.06 0.069 0.993 "" "" 16.9114 2.406651 18.200832 15.794182 "" "" 1673.38806 1978.84753 3238.8182 2.2762 716.28 7.1908 3814.9 7.0579 "" "" 0.0028590246222941866 0.011251256 0.004280027 0.015531283 307.89434668305 41.50953324951 1816.98047 -3.5459999999999994 -2.2609999999999992
308.25548834697 41.05243994632 0.059 0.0762 23.6914 "" "" 2067771945503193472 1720.78101 0.5289 0.0829 -2.568 -4.655 0.081 0.1 1.088 7975.1 3.5301 16.913727 3.995857 19.468395 15.472538 "" "" 1525.45215 1928.87341 3231.88315 6.8563 222.87 8.3047 5130.3 15.592 "" "" 0.0035912636547353236 0.040553376 0.00501719 0.045570567 308.25548834697 41.05243994632 1720.78101 -2.5679999999999996 -4.654999999999999
308.03887709677 41.25857346825 0.0403 0.0481 12.4419 "" "" 2067824893860180096 1733.70691 0.548 0.0547 -2.722 -4.025 0.055 0.06 1.064 9023.4 3.4669 16.916954 2.916913 18.595976 15.679063 "" "" 1572.48853 1901.87415 3222.29395 2.0179 497.77 6.8497 4241.6 11.079 "" "" 0.0028379715781455114 0.01519887 0.0047250623 0.019923933 308.03887709677 41.25857346825 1733.70691 -2.722 -4.0249999999999995
308.26256442691 41.72250679337 0.0472 0.0547 17.3663 "" "" 2067934363986368256 1318.25439 0.7487 0.0588 1.002 4.095 0.062 0.067 1.085 5454.6 4.5438 16.917002 1.977407 17.913036 15.935629 "" "" 1224.41956 1444.62952 3222.15242 2.137 933.69 8.8553 3348.9 10.234 "" "" 0.0028478605026515426 0.010668654 0.0050291554 0.015697809 308.26256442691 41.72250679337 1318.25439 1.0019999999999998 4.094999999999999
308.2141012424 41.61039119206 0.04 0.0518 10.3231 "" "" 2067931958804673280 1621.2395 0.5905 0.055 -3.077 -3.908 0.054 0.056 1.002 "" "" 16.917452 2.225795 18.073751 15.847957 "" "" 1486.49243 1739.42908 3220.81471 2.0245 805.22 9.6822 3630.6 10.927 "" "" 0.0028385804787327187 0.013350038 0.0049961805 0.018346218 308.2141012424 41.61039119206 1621.2395 -3.077 -3.9080000000000004
308.25868258734 41.63374148605 0.0418 0.0526 12.212 "" "" 2067931718286110720 1288.42322 0.7505 0.0557 -1.682 -5.755 0.057 0.066 1.087 8291.6 4.1828 16.917875 2.321793 18.153887 15.832094 "" "" 1204.86462 1386.099 3219.56332 2.0824 747.93 7.2488 3684.0 8.3321 "" "" 0.0028434035716249175 0.010886387 0.004507077 0.015393464 308.25868258734 41.63374148605 1288.42322 -1.681999999999999 -5.754999999999999
307.68791112176 41.45476942613 0.0401 0.0508 21.6144 "" "" 2067844646411593856 1707.84338 0.5669 0.0524 -2.501 -3.786 0.052 0.064 0.96 9200.5 3.9907 16.91793 2.696863 18.417835 15.720972 "" "" 1548.66687 1899.77002 3219.39787 2.412 586.52 7.5479 4081.0 11.77 "" "" 0.0028728867710305856 0.014248156 0.0049080746 0.01915623 307.68791112176 41.45476942613 1707.84338 -2.5009999999999994 -3.7859999999999996
307.90307986537 41.31639724653 0.0443 0.0534 14.1101 "" "" 2067828810870409472 1436.67432 0.6648 0.0595 -2.855 -4.086 0.058 0.071 1.138 "" "" 16.918596 3.01146 18.64744 15.63598 "" "" 1308.0061 1542.42908 3217.42206 4.0371 474.72 8.3457 4413.3 20.783 "" "" 0.00307372118818747 0.019290375 0.00635812 0.025648495 307.90307986537 41.31639724653 1436.67432 -2.855 -4.086
308.10759537692 41.31813165861 0.0392 0.0489 7.9063 "" "" 2067830833796673664 1374.36877 0.6883 0.0527 -2.752 -3.696 0.052 0.061 0.991 "" "" 16.91883 2.344523 18.147001 15.802478 "" "" 1283.67151 1471.33167 3216.72858 2.1591 752.69 9.1658 3785.9 9.8171 "" "" 0.0028500659572619964 0.013512636 0.0047127637 0.0182254 308.10759537692 41.31813165861 1374.36877 -2.7520000000000007 -3.6960000000000006
308.11021952532 41.22356541754 0.0498 0.0629 13.3525 "" "" 2067823897427729408 1444.96472 0.6434 0.0696 -3.089 -4.024 0.068 0.079 1.099 8947.0 4.165 16.920393 2.932229 18.601892 15.669663 "" "" 1318.50061 1664.48804 3212.10497 2.3141 495.06 9.8069 4278.5 13.086 "" "" 0.00286419675533123 0.021688135 0.005031032 0.026719168 308.11021952532 41.22356541754 1444.96472 -3.0889999999999995 -4.023999999999999
308.47179097387 41.28914217652 0.0453 0.0531 16.4556 "" "" 2067874646760948352 1339.0636 0.707 0.0647 1.455 -1.345 0.064 0.063 1.062 "" "" 16.922022 2.306528 18.140612 15.834084 "" "" 1239.85181 1450.1781 3207.28992 2.3733 757.13 11.576 3677.3 12.883 "" "" 0.002870062977085932 0.016833017 0.0053621135 0.02219513 308.47179097387 41.28914217652 1339.0636 1.455 -1.3449999999999998
308.28709040734 41.36911817802 0.0406 0.0551 6.9025 "" "" 2067785341504751360 1419.15283 0.672 0.0566 0.788 -2.651 0.054 0.061 0.999 7181.7 4.303 16.923832 2.073545 17.988333 15.914788 "" "" 1314.24878 1544.66809 3201.94533 2.1683 871.13 9.7529 3413.8 7.7592 "" "" 0.0028517308365693995 0.012471679 0.00451371 0.016985388 308.28709040734 41.36911817802 1419.15283 0.7879999999999999 -2.651
308.44135946393 41.41694107845 0.0401 0.0518 12.3783 "" "" 2067878769929640064 1618.18591 0.5856 0.0537 -2.928 -4.128 0.056 0.065 0.974 9490.6 4.3396 16.924198 2.570206 18.330263 15.760057 "" "" 1507.87207 1737.68225 3200.86404 2.1629 635.79 6.0149 3936.7 9.0611 "" "" 0.00285132303505288 0.010643838 0.0045308853 0.015174723 308.44135946393 41.41694107845 1618.18591 -2.9279999999999995 -4.127999999999999
308.32878409625 41.53273199478 0.0397 0.051 9.0472 "" "" 2067927973075009152 1331.52197 0.7181 0.0525 0.852 -3.631 0.051 0.064 0.958 5102.5 3.8598 16.926817 2.049572 17.967455 15.917883 "" "" 1267.67053 1422.96289 3193.15289 2.2092 888.04 9.2643 3404.1 11.377 "" "" 0.0028558797814753037 0.011665324 0.005239381 0.016904704 308.32878409625 41.53273199478 1331.52197 0.8519999999999998 -3.6310000000000002
308.46131456476 41.20967292243 0.0417 0.051 19.194 "" "" 2067779710804426112 1526.05225 0.6048 0.0565 -2.488 -3.871 0.054 0.061 1.064 "" "" 16.929365 2.874612 18.578806 15.704194 "" "" 1425.56787 1653.57861 3185.66675 2.2121 505.7 7.6804 4144.6 11.202 "" "" 0.002856605297122733 0.016724182 0.0047848867 0.02150907 308.46131456476 41.20967292243 1526.05225 -2.488 -3.8709999999999996
308.31690705998 41.57721417551 0.0397 0.0484 10.5188 "" "" 2067928351031714944 1789.58325 0.514 0.0517 -2.594 -4.058 0.053 0.06 1.033 9147.6 3.482 16.931559 2.842878 18.551842 15.708963 "" "" 1639.04529 1996.46912 3179.2391 2.1414 518.42 6.0923 4126.4 8.617 "" "" 0.002850718744247129 0.013060724 0.0044073095 0.017468033 308.31690705998 41.57721417551 1789.58325 -2.5940000000000003 -4.058
308.52574702614 41.2148074375 0.0396 0.0468 21.0953 "" "" 2067861727498760832 1477.62915 0.6655 0.0526 -0.521 -4.18 0.052 0.06 1.046 4924.7 4.2125 16.932405 2.127133 18.027796 15.900662 "" "" 1345.96948 1599.98865 3176.75948 2.0706 840.04 11.081 3458.5 8.9952 "" "" 0.0028447493173746445 0.014591244 0.0047178455 0.019309089 308.52574702614 41.2148074375 1477.62915 -0.5210000000000004 -4.18
308.1500957142 41.78398108468 0.0497 0.054 20.5466 "" "" 2067945977577616256 1599.48145 0.5921 0.0623 -1.936 -3.039 0.065 0.062 1.133 9070.7 4.1593 16.933037 2.260685 18.105984 15.845299 "" "" 1454.48022 1738.01331 3174.91704 6.9993 781.67 9.519 3639.5 35.95 "" "" 0.0036497913459577983 0.013513043 0.0113710575 0.024884101 308.1500957142 41.78398108468 1599.48145 -1.9360000000000002 -3.0390000000000006
307.93561124346 41.57261881248 0.0469 0.0505 13.0701 "" "" 2067849117476246272 1479.31738 0.6472 0.0599 -2.728 -2.833 0.066 0.069 1.085 "" "" 16.940805 2.218114 18.076504 15.85839 "" "" 1368.22644 1602.76038 3152.28094 2.3765 803.18 9.255 3595.9 9.0088 "" "" 0.002874332752223566 0.012818235 0.004656461 0.017474696 307.93561124346 41.57261881248 1479.31738 -2.7280000000000006 -2.833
307.74091672295 41.54605928685 0.0483 0.0536 20.1962 "" "" 2067846540495762816 1608.72925 0.5997 0.0574 -3.11 -3.783 0.067 0.073 1.045 8602.0 2.9911 16.944363 2.595379 18.375074 15.779696 "" "" 1469.65356 1752.45862 3141.96762 2.3162 610.08 8.6354 3866.2 10.685 "" "" 0.0028692167496249684 0.0156193245 0.004825722 0.020445047 307.74091672295 41.54605928685 1608.72925 -3.1099999999999994 -3.7829999999999986
308.3707375082 41.3935108221 0.0543 0.0657 9.5623 "" "" 2067879044807539712 1776.52637 0.5275 0.0667 -2.577 -3.972 0.076 0.079 1.06 9163.8 4.0498 16.946396 2.927595 18.62227 15.694675 "" "" 1607.68848 1989.65002 3136.08884 3.5688 485.86 7.6125 4181.1 13.559 "" "" 0.003019661889131611 0.017238714 0.005165356 0.022404071 308.3707375082 41.3935108221 1776.52637 -2.5769999999999995 -3.9719999999999995
307.97163616681 41.66938324812 0.0401 0.0498 16.2587 "" "" 2067854133998074496 1554.58887 0.6172 0.0536 -2.483 -4.575 0.055 0.064 1.007 9201.9 3.5892 16.948174 2.339441 18.188211 15.84877 "" "" 1404.39893 1710.58643 3130.95782 2.0775 724.66 7.7428 3627.9 11.246 "" "" 0.0028479466335902498 0.011931625 0.005060754 0.016992379 307.97163616681 41.66938324812 1554.58887 -2.483 -4.575
308.12726905344 41.21371633599 0.0456 0.0607 13.8091 "" "" 2067823656909550976 1917.51416 0.4874 0.065 -3.157 -4.633 0.063 0.079 1.076 8072.0 3.2669 16.948547 3.140664 18.809566 15.668902 "" "" 1701.47913 2137.08813 3129.87873 2.6657 408.87 9.4642 4281.5 15.203 "" "" 0.002906353012054803 0.025286173 0.0053987987 0.030684972 308.12726905344 41.21371633599 1917.51416 -3.157000000000001 -4.633000000000001
307.84234503998 41.15856767314 0.0411 0.0458 22.4623 "" "" 2067825477975765120 1739.49304 0.5364 0.0539 -2.455 -4.916 0.054 0.058 1.004 "" "" 16.952454 2.493461 18.291212 15.797751 "" "" 1600.33521 1964.58032 3118.63784 2.4273 659.07 8.4845 3802.4 12.522 "" "" 0.0028819958855197873 0.014252934 0.005202704 0.019455638 307.84234503998 41.15856767314 1739.49304 -2.4550000000000005 -4.916
307.78485306222 41.50437904518 0.0458 0.0533 17.6383 "" "" 2067846196898367616 1656.01208 0.5614 0.0568 -2.679 -3.992 0.061 0.069 1.017 9328.2 3.7875 16.953388 2.828539 18.55561 15.727072 "" "" 1510.56873 1822.79895 3115.95702 3.086 516.62 8.4438 4058.2 13.603 "" "" 0.0029577110586141175 0.017963625 0.0052467803 0.023210406 307.78485306222 41.50437904518 1656.01208 -2.6790000000000003 -3.992
308.56050619682 41.35661444428 0.0452 0.0501 18.3812 "" "" 2067875986790823040 1378.17432 0.6843 0.057 -0.296 -2.43 0.066 0.067 0.982 9087.0 3.8814 16.956547 3.098354 18.76941 15.671055 "" "" 1284.45447 1472.69568 3106.90412 2.4392 424.28 12.091 4273.0 19.214 "" "" 0.002884159590889704 0.03106652 0.006174051 0.037240572 308.56050619682 41.35661444428 1378.17432 -0.29600000000000004 -2.4299999999999997
308.49971259164 41.23617876155 0.0396 0.0509 19.3711 "" "" 2067873547248761088 1561.48914 0.597 0.0542 -1.926 -4.172 0.052 0.059 0.981 7994.4 2.5954 16.95948 2.770188 18.520975 15.750787 "" "" 1455.92188 1701.01062 3098.5212 2.2629 533.37 8.926 3970.5 10.227 "" "" 0.0028671463976361585 0.018382883 0.004701552 0.023084436 308.49971259164 41.23617876155 1561.48914 -1.9260000000000002 -4.171999999999999
308.23557850531 41.31041051164 0.0407 0.0556 8.4471 "" "" 2067784791747254912 1393.89087 0.7 0.056 -0.448 -1.678 0.052 0.062 0.929 8430.7 4.2558 16.960707 2.176142 18.090864 15.914722 "" "" 1304.35474 1492.23975 3095.02337 2.0035 792.63 10.449 3414.0 10.204 "" "" 0.0028435467530959456 0.014582353 0.004981421 0.019563774 308.23557850531 41.31041051164 1393.89087 -0.44800000000000006 -1.678
308.1764475672 41.16431489457 0.0473 0.0623 16.6536 "" "" 2067776377909523968 1497.46375 0.61 0.0656 -2.378 -4.06 0.063 0.079 1.018 8575.3 3.0485 16.96527 3.237284 18.89768 15.660397 "" "" 1370.65601 1649.57764 3082.04654 2.6589 377.0 6.902 4315.2 9.3004 "" "" 0.0029101790612806565 0.020072196 0.0044451724 0.024517369 308.1764475672 41.16431489457 1497.46375 -2.378 -4.06
307.87122136979 41.17061144343 0.0394 0.045 21.0699 "" "" 2067825443616021120 1882.07788 0.5019 0.0523 -3.11 -4.149 0.054 0.057 0.998 8604.5 2.9982 16.96706 2.518905 18.351023 15.832118 "" "" 1709.31982 2073.73804 3076.96699 2.1058 623.75 7.5453 3683.9 10.988 "" "" 0.002853754377597472 0.0134269 0.004977066 0.018403966 307.87122136979 41.17061144343 1882.07788 -3.1100000000000003 -4.149000000000001
