Clusters/FSR_0236/FSR_0236_stars_in_region.tsv
# %ECSV 1.0
# ---
# datatype:
# - name: RA_ICRS_1
#   unit: deg
#   datatype: float64
#   format: '{:15.11f}'
#   description: Right ascension (ICRS) at Ep=2016.0 (ra)
#   meta: !!omap
#   - {ucd: POS_EQ_RA_MAIN}
#   - {width: 15}
#   - {precision: '11'}
# - name: DE_ICRS_1
#   unit: deg
#   datatype: float64
#   format: '{:15.11f}'
#   description: Declination (ICRS) at Ep=2016.0 (dec)
#   meta: !!omap
#   - {ucd: POS_EQ_DEC_MAIN}
#   - {width: 15}
#   - {precision: '11'}
# - name: e_RA_ICRS
#   unit: mas
#   datatype: float64
#   format: '{:7.4f}'
#   description: Standard error of right ascension (ra_error)
#   meta: !!omap
#   - {ucd: ERROR}
#   - {width: 7}
#   - {precision: '4'}
# - name: e_DE_ICRS
#   unit: mas
#   datatype: float64
#   format: '{:7.4f}'
#   description: Standard error of declination (dec_error)
#   meta: !!omap
#   - {ucd: ERROR}
#   - {width: 7}
#   - {precision: '4'}
# - name: _r_1
#   unit: ''
#   datatype: float64
#   format: '{:7.4f}'
#   description: Distance from center (308.16820762000+41.44180591000)[ICRS], at Epoch=J2016.0
#   meta: !!omap
#   - {ucd: POS_ANG_DIST_GENERAL}
#   - {width: 7}
#   - {precision: '4'}
# - name: HIP
#   datatype: int32
#   description: '? HIP cross-id number, van Leeuwen, Cat. I/311 (hip_original_ext_source_id)'
#   meta: !!omap
#   - {ucd: ID_NUMBER}
#   - {width: 6}
#   - values: {'null': -2147483648}
# - name: TYC2
#   datatype: string
#   description: Tycho-2 cross-id name, Hog et al., Cat. I/259 (tyc2_original_ext_source_id)
#   meta: !!omap
#   - {ucd: ID_CROSSID}
#   - {_votable_string_dtype: char}
# - name: Source
#   datatype: int64
#   description: Source identifier, identical to the Gaia-EDR3 source_id (id)
#   meta: !!omap
#   - {ucd: ID_MAIN}
#   - {width: 19}
# - name: rgeo
#   unit: pc
#   datatype: float64
#   format: '{:15.8f}'
#   description: '? Median of the geometric distance posterior (r_med_geo)'
#   meta: !!omap
#   - {ucd: PHYS_DISTANCE_TRUE}
#   - {width: 15}
#   - {precision: '8'}
#   - values: {'null': .nan}
# - name: Plx
#   unit: mas
#   datatype: float64
#   format: '{:9.4f}'
#   description: '? Parallax (parallax)'
#   meta: !!omap
#   - {ucd: POS_PARLX_TRIG}
#   - {width: 9}
#   - {precision: '4'}
#   - values: {'null': .nan}
# - name: e_Plx
#   unit: mas
#   datatype: float32
#   format: '{:7.4f}'
#   description: '? Standard error of parallax (parallax_error)'
#   meta: !!omap
#   - {ucd: ERROR}
#   - {width: 7}
#   - {precision: '4'}
#   - values: {'null': .nan}
# - name: pmRA
#   unit: mas / yr
#   datatype: float64
#   format: '{:9.3f}'
#   description: '? Proper motion in right ascension direction, pmRA*cosDE (pmra)'
#   meta: !!omap
#   - {ucd: POS_EQ_PMRA}
#   - {width: 9}
#   - {precision: '3'}
#   - values: {'null': .nan}
# - name: pmDE
#   unit: mas / yr
#   datatype: float64
#   format: '{:9.3f}'
#   description: '? Proper motion in declination direction (pmdec)'
#   meta: !!omap
#   - {ucd: POS_EQ_PMDEC}
#   - {width: 9}
#   - {precision: '3'}
#   - values: {'null': .nan}
# - name: e_pmRA
#   unit: mas / yr
#   datatype: float32
#   format: '{:6.3f}'
#   description: '? Standard error of proper motion in right ascension direction (pmra_error)'
#   meta: !!omap
#   - {ucd: ERROR}
#   - {width: 6}
#   - {precision: '3'}
#   - values: {'null': .nan}
# - name: e_pmDE
[...]
#         unit: &id001 !astropy.units.Unit {unit: deg}
#         value: !astropy.table.SerializedColumn {name: SkyCoord.dec}
#       distance: !astropy.table.SerializedColumn
#         __class__: astropy.coordinates.distances.Distance
#         unit: !astropy.units.Unit {unit: pc}
#         value: !astropy.table.SerializedColumn {name: SkyCoord.distance}
#       frame: icrs
#       obstime: !astropy.time.Time {format: jyear_str, in_subfmt: '*', jd1: 367701545.0, jd2: 0.0, out_subfmt: '*', precision: 3, scale: tt}
#       pm_dec: !astropy.table.SerializedColumn
#         __class__: astropy.units.quantity.Quantity
#         unit: !astropy.units.Unit {unit: mas / yr}
#         value: !astropy.table.SerializedColumn {name: SkyCoord.pm_dec}
#       pm_ra_cosdec: !astropy.table.SerializedColumn
#         __class__: astropy.units.quantity.Quantity
#         unit: !astropy.units.Unit {unit: mas / yr}
#         value: !astropy.table.SerializedColumn {name: SkyCoord.pm_ra_cosdec}
#       ra: !astropy.table.SerializedColumn
#         __class__: astropy.coordinates.angles.Longitude
#         unit: *id001
#         value: !astropy.table.SerializedColumn {name: SkyCoord.ra}
#         wrap_angle: !astropy.coordinates.Angle
#           unit: *id001
#           value: 360.0
#       representation_type: spherical
# schema: astropy-2.0
RA_ICRS_1 DE_ICRS_1 e_RA_ICRS e_DE_ICRS _r_1 HIP TYC2 Source rgeo Plx e_Plx pmRA pmDE e_pmRA e_pmDE RUWE Teff logg Gmag BP-RP BPmag RPmag RV e_RV b_rgeo B_rgeo FG e_FG FBP e_FBP FRP e_FRP RAVE5 RAVE6 e_Gmag e_BPmag e_RPmag e_BP-RP SkyCoord.ra SkyCoord.dec SkyCoord.distance SkyCoord.pm_ra_cosdec SkyCoord.pm_dec
[from data line 245]
308.6714729561 41.49283257534 0.0254 0.0295 22.833 "" "" 2067882824378234752 1734.04187 0.5211 0.0339 -1.886 -4.486 0.034 0.039 2.009 5133.7 1.9825 14.629675 2.946817 16.325357 13.37854 "" "" 1640.63074 1815.48523 26489.68952 13.051 4029.7 11.006 35297.0 26.723 "" "" 0.0028067653853099876 0.0040716776 0.0038677398 0.007939417 308.6714729561 41.49283257534 1734.04187 -1.8859999999999997 -4.486
307.70735122164 41.50837749101 0.1424 0.2421 21.0991 "" "" 2067846368698269056 1355.05188 0.8285 0.1972 -2.557 -6.785 0.193 0.3 8.309 "" "" 14.633585 1.240997 14.7648 13.523803 -19.67 7.35 1075.48584 1795.53784 26394.44823 26.5 16963.0 41.57 30877.0 36.395 "" "" 0.0029631165315118575 0.0038554585 0.0039901794 0.007845638 307.70735122164 41.50837749101 1355.05188 -2.557 -6.784999999999999
308.23475536911 41.64876640546 0.0132 0.0157 12.7722 "" "" 2067932439840627584 1741.22302 0.5434 0.0173 -2.748 -3.814 0.017 0.019 1.048 "" "" 14.641336 2.041972 15.648222 13.60625 "" "" 1686.17542 1799.55994 26206.71092 9.527 7518.4 14.663 28619.0 58.374 "" "" 0.002783447162573821 0.0035026874 0.004380416 0.007883104 308.23475536911 41.64876640546 1741.22302 -2.748 -3.814
308.14215418701 41.38219843061 0.013 0.0158 3.7637 "" "" 2067831594009451648 1694.21814 0.5574 0.0172 -2.552 -4.204 0.017 0.019 1.064 "" "" 14.646397 2.054024 15.681444 13.62742 "" "" 1657.1012 1746.30396 26084.84374 9.1501 7291.9 13.262 28067.0 16.551 "" "" 0.002781517827478356 0.0034182358 0.0038332301 0.0072514657 308.14215418701 41.38219843061 1694.21814 -2.552 -4.204
308.35227958258 41.30968528732 0.0134 0.0178 11.4684 "" "" 2067784211930187392 1646.07825 0.5761 0.0182 -2.587 -4.486 0.018 0.022 1.056 "" "" 14.653529 2.035569 15.674256 13.638687 "" "" 1597.57202 1687.04211 25914.02664 9.9801 7340.3 18.367 27777.0 17.957 "" "" 0.0027868678722776192 0.0038943226 0.0038440065 0.007738329 308.35227958258 41.30968528732 1646.07825 -2.5870000000000006 -4.486
307.89226942635 41.5189251062 0.0153 0.0169 13.2386 "" "" 2067848567720295424 1653.50989 0.5754 0.0189 -2.481 -3.489 0.021 0.026 1.045 "" "" 14.653766 1.773321 15.502148 13.728827 "" "" 1609.16956 1703.40784 25908.39731 8.1104 8601.2 13.87 25564.0 14.234 "" "" 0.00277620389095303 0.0032939978 0.0038274261 0.007121424 307.89226942635 41.5189251062 1653.50989 -2.481 -3.489
308.60777959048 41.57741872136 0.0141 0.0164 21.3607 "" "" 2067886947546879360 1640.80139 0.5769 0.0181 -1.346 -5.381 0.019 0.022 1.083 "" "" 14.678187 2.070815 15.72166 13.650845 "" "" 1594.2074 1685.96191 25332.13958 7.6062 7026.7 8.3256 27468.0 17.834 "" "" 0.0027745390006992327 0.003072453 0.0038445615 0.0069170147 308.60777959048 41.57741872136 1640.80139 -1.3460000000000005 -5.381
308.28832559059 41.21490391271 0.0175 0.0207 14.6504 "" "" 2067781909827930496 1583.86865 0.5859 0.0225 -2.962 -4.357 0.023 0.026 1.137 "" "" 14.694256 2.76914 16.243172 13.474031 "" "" 1531.16003 1640.73291 24959.99502 10.299 4346.6 14.4 32326.0 51.837 "" "" 0.002791503265562371 0.0045522805 0.0041611292 0.008713409 308.28832559059 41.21490391271 1583.86865 -2.9620000000000006 -4.356999999999999
308.11228052298 41.80673664341 0.0155 0.0159 22.0391 "" "" 2067949035594354176 1644.29688 0.5777 0.0184 0.526 -1.403 0.02 0.019 1.049 "" "" 14.703843 1.88769 15.623244 13.735554 "" "" 1609.06714 1681.58826 24740.5555 7.5298 7693.4 10.848 25406.0 19.243 "" "" 0.0027750644768133894 0.0031825774 0.0038678157 0.007050393 308.11228052298 41.80673664341 1644.29688 0.526 -1.403
308.25529870867 41.26674159456 0.0139 0.0189 11.2123 "" "" 2067783043699299968 1583.16223 0.5904 0.0194 -2.705 -4.425 0.019 0.022 1.067 "" "" 14.703869 2.49681 16.059637 13.562827 "" "" 1536.5321 1638.78223 24739.98182 8.8009 5147.1 8.5115 29787.0 15.172 "" "" 0.0027822593641875335 0.0033179221 0.003819628 0.00713755 308.25529870867 41.26674159456 1583.16223 -2.7049999999999996 -4.425
308.26993732865 41.22757953605 0.0135 0.0177 13.6462 "" "" 2067782115986147840 1640.63135 0.5716 0.0185 -2.977 -4.147 0.017 0.02 1.012 "" "" 14.704422 2.594088 16.121511 13.527424 "" "" 1595.39624 1688.03003 24727.3649 9.2388 4862.0 17.39 30774.0 68.756 "" "" 0.0027850223186772377 0.004781801 0.0044908933 0.009272695 308.26993732865 41.22757953605 1640.63135 -2.977 -4.147
308.33347937178 41.6809358442 0.0147 0.0169 16.1528 "" "" 2067933333193804672 1370.8457 0.6883 0.0186 -3.934 -3.274 0.019 0.021 1.004 "" "" 14.71559 2.773377 16.285938 13.512561 -64.29 2.09 1340.70996 1401.51489 24474.32115 10.124 4178.7 14.09 31199.0 19.913 "" "" 0.0027916843113463554 0.0046030013 0.0038423883 0.00844539 308.33347937178 41.6809358442 1370.8457 -3.934000000000001 -3.274000000000001
308.08283434198 41.71375148913 0.0146 0.0162 16.7606 "" "" 2067945290382849920 1836.48022 0.5011 0.0187 -7.513 0.607 0.019 0.02 1.091 7864.3 2.899 14.724493 2.647864 16.19544 13.547576 -12.89 2.5 1789.56958 1890.18396 24274.45814 7.8698 4541.9 11.396 30208.0 19.73 "" "" 0.002777713266809908 0.0038995282 0.003845335 0.007744863 308.08283434198 41.71375148913 1836.48022 -7.513000000000001 0.607
308.30959351194 41.44908339517 0.0148 0.0178 6.3738 "" "" 2067926598685452032 1750.16589 0.5383 0.0188 -2.341 -4.032 0.019 0.022 1.029 "" "" 14.72907 2.010434 15.733425 13.722991 "" "" 1706.98999 1802.6781 24172.3456 7.7154 6951.0 10.692 25702.0 14.571 "" "" 0.002777028131319191 0.0032517991 0.0038291775 0.007080977 308.30959351194 41.44908339517 1750.16589 -2.341 -4.031999999999999
308.28215723112 41.45021387014 0.0148 0.0186 5.1496 "" "" 2067832796600491008 1652.49902 0.5765 0.0191 -2.637 -4.213 0.02 0.022 1.09 "" "" 14.729977 1.796314 15.592861 13.796547 "" "" 1602.297 1710.03088 24152.17252 7.5374 7911.8 13.43 24018.0 14.3 "" "" 0.002776076238926944 0.0033439037 0.003834267 0.0071781706 308.28215723112 41.45021387014 1652.49902 -2.6370000000000005 -4.213
308.39037652438 41.44697550473 0.0148 0.0179 9.9971 "" "" 2067879830782909056 1644.04846 0.5717 0.0181 -2.727 -4.31 0.02 0.022 1.027 "" "" 14.735083 2.325339 15.951077 13.625738 -17.19 7.53 1604.87256 1692.46887 24038.8436 15.413 5688.3 14.066 28110.0 40.198 "" "" 0.002841901342616342 0.0038721075 0.0040858765 0.007957984 308.39037652438 41.44697550473 1644.04846 -2.727 -4.31
308.3097506222 41.06257022814 0.0151 0.0183 23.633 "" "" 2067777065104189568 1591.46094 0.5872 0.0202 -2.736 -4.668 0.02 0.023 1.125 "" "" 14.736135 2.43106 16.042637 13.611577 "" "" 1551.58289 1636.30762 24015.56135 8.7101 5228.3 11.859 28479.0 24.676 "" "" 0.002783316880362093 0.0037215522 0.0038947065 0.0076162587 308.3097506222 41.06257022814 1591.46094 -2.7360000000000007 -4.668000000000001
307.72072801443 41.46600628932 0.0136 0.0166 20.1751 "" "" 2067844577692125824 1297.90735 0.7411 0.0176 -2.053 -2.988 0.018 0.022 0.98 "" "" 14.747265 1.203842 15.263373 14.059531 "" "" 1268.77734 1330.20898 23770.64156 5.1771 10717.0 14.12 18851.0 14.737 "" "" 0.00276544858956042 0.0031354998 0.0038735212 0.007009021 307.72072801443 41.46600628932 1297.90735 -2.053 -2.9880000000000004
307.84169831999 41.45477204078 0.0149 0.0168 14.7048 "" "" 2067842142449218688 1609.93604 0.588 0.0185 -2.509 -3.515 0.019 0.022 1.066 "" "" 14.751767 2.131529 15.841689 13.71016 "" "" 1570.76025 1659.93884 23672.27594 7.9213 6291.3 10.585 26007.0 20.984 "" "" 0.002779169953111545 0.003334966 0.0038795834 0.0072145495 307.84169831999 41.45477204078 1609.93604 -2.509 -3.5150000000000006
308.54592362623 41.38006200691 0.0147 0.0166 17.3959 "" "" 2067876845784233728 1299.7074 0.7336 0.0183 0.346 -3.199 0.021 0.021 0.969 7586.3 4.2009 14.765828 1.319875 15.343396 14.023521 "" "" 1274.42017 1330.36157 23367.67211 5.7288 9955.4 14.393 19487.0 14.746 "" "" 0.0027681474383638976 0.0032014074 0.003867652 0.0070690596 308.54592362623 41.38006200691 1299.7074 0.346 -3.199
308.08934782628 41.24692316497 0.0148 0.0186 12.2206 "" "" 2067823966147222912 1555.40442 0.6067 0.0203 -2.526 -3.826 0.02 0.022 1.132 "" "" 14.782786 2.640777 16.246763 13.605987 -151.39 7.47 1514.20337 1617.3335 23005.5237 8.3975 4332.2 12.497 28626.0 14.514 "" "" 0.002783676743529193 0.0041945754 0.0038192628 0.008013838 308.08934782628 41.24692316497 1555.40442 -2.526 -3.8259999999999996
308.31797040351 41.22096221991 0.0144 0.0186 14.8697 "" "" 2067783352936716544 1608.33936 0.5832 0.0197 -2.683 -4.386 0.019 0.022 1.057 "" "" 14.784246 2.62361 16.231989 13.608378 37.46 10.64 1554.89697 1661.21313 22974.63814 14.753 4391.6 12.587 28563.0 51.172 "" "" 0.0028421601141026534 0.0041795797 0.0042505683 0.008430148 308.31797040351 41.22096221991 1608.33936 -2.683 -4.386
308.14229168704 41.40796080647 0.0149 0.0175 2.3416 "" "" 2067831697088671232 1594.51501 0.5994 0.0193 -2.265 -5.103 0.02 0.021 1.049 "" "" 14.785265 2.012993 15.792537 13.779544 "" "" 1538.255 1645.14917 22953.05934 7.8756 6582.7 10.478 24397.0 16.508 "" "" 0.0027803906022689697 0.0032820401 0.0038501224 0.0071321623 308.14229168704 41.40796080647 1594.51501 -2.2650000000000006 -5.103
307.86224126363 41.54953776456 0.0156 0.0166 15.1938 "" "" 2067851797535714304 1635.48669 0.5825 0.0184 -2.521 -3.992 0.021 0.022 1.003 "" "" 14.786006 1.942197 15.745191 13.802994 36.21 5.72 1584.16614 1691.8999 22937.41137 7.123 6876.1 9.877 23876.0 14.593 "" "" 0.0027758728058091386 0.0031964562 0.0038371987 0.007033655 307.86224126363 41.54953776456 1635.48669 -2.521 -3.992
308.06402905746 41.57600907239 0.0195 0.0242 9.3139 "" "" 2067849735952749440 1668.98438 0.5636 0.0268 -2.278 -4.032 0.026 0.031 1.086 "" "" 14.787095 1.915445 15.728074 13.812629 "" "" 1600.74597 1746.33203 22914.41949 6.9742 6985.3 13.337 23665.0 18.179 "" "" 0.002775065521440023 0.003475966 0.0038703168 0.0073462827 308.06402905746 41.57600907239 1668.98438 -2.2780000000000005 -4.032000000000001
308.6206081364 41.4826305317 0.0129 0.016 20.4885 "" "" 2067883477213274624 1367.44104 0.6979 0.0172 0.705 -3.111 0.017 0.02 0.994 "" "" 14.793323 1.738317 15.619419 13.881103 "" "" 1341.71216 1401.50696 22783.34744 5.6114 7720.6 14.263 22219.0 14.511 "" "" 0.002768266178740321 0.0034363086 0.0038453252 0.007281634 308.6206081364 41.4826305317 1367.44104 0.7050000000000001 -3.1110000000000007
308.31256699192 41.28917403957 0.0155 0.0192 11.2305 "" "" 2067783829676241024 1587.29663 0.5898 0.0203 -2.283 -3.891 0.02 0.023 1.135 "" "" 14.794851 2.308981 16.006983 13.698002 "" "" 1547.43713 1628.89563 22751.29461 8.7711 5402.9 11.808 26300.0 16.584 "" "" 0.0027869326534805255 0.003662725 0.0038408919 0.0075036166 308.31256699192 41.28917403957 1587.29663 -2.2830000000000004 -3.891
307.72565730727 41.4514741721 0.0145 0.0171 19.9118 "" "" 2067844513271188992 1323.45166 0.7274 0.0186 -1.974 -2.912 0.019 0.023 1.012 7196.8 3.939 14.798079 1.587424 15.537338 13.949914 -19.17 6.79 1290.02771 1357.83508 22683.78036 5.7627 8326.9 14.804 20854.0 20.359 "" "" 0.002769091779043448 0.00339279 0.003925207 0.007317997 307.72565730727 41.4514741721 1323.45166 -1.9739999999999998 -2.911999999999999
308.61540195486 41.41081937614 0.0151 0.0177 20.2043 "" "" 2067876570906332800 1603.91687 0.5868 0.0197 -2.387 -4.32 0.02 0.022 1.127 "" "" 14.805506 2.097014 15.867745 13.770732 "" "" 1555.0083 1663.23767 22529.13113 9.81 6142.1 16.083 24596.0 24.978 "" "" 0.0027955857768364374 0.0039834166 0.0039369343 0.007920351 308.61540195486 41.41081937614 1603.91687 -2.387 -4.32
308.53818235796 41.2568542216 0.0155 0.0184 20.0211 "" "" 2067861933657748480 1565.57263 0.589 0.0205 -2.29 -4.535 0.021 0.024 1.152 "" "" 14.812551 2.824102 16.416082 13.59198 "" "" 1522.17383 1614.36121 22383.39925 7.5458 3706.7 13.971 28998.0 30.026 "" "" 0.002779525007812388 0.0049529513 0.003943046 0.008895997 308.53818235796 41.2568542216 1565.57263 -2.2900000000000005 -4.535000000000001
307.80100079558 41.21027415654 0.0167 0.0196 21.6041 "" "" 2067826577487417344 1527.9873 0.6214 0.0216 -2.965 -4.36 0.023 0.026 1.28 "" "" 14.813927 2.22136 15.961744 13.740384 "" "" 1483.57227 1571.02466 22355.06619 8.0245 5632.7 9.9944 25293.0 20.833 "" "" 0.002782746956789789 0.00339063 0.0038837446 0.0072743744 307.80100079558 41.21027415654 1527.9873 -2.965 -4.36
308.09216195675 41.41656650944 0.023 0.0275 3.7412 "" "" 2067834789465142144 1720.13818 0.5592 0.0303 -2.206 -4.208 0.031 0.035 1.756 8005.3 3.182 14.817733 2.037516 15.8347 13.797184 -15.63 6.13 1641.1637 1794.45215 22276.84158 7.9034 6331.9 9.7448 24004.0 19.871 "" "" 0.002782115620347315 0.0032522483 0.0038847856 0.007137034 308.09216195675 41.41656650944 1720.13818 -2.2060000000000004 -4.208000000000001
308.31929919094 41.44499758837 0.015 0.0182 6.7983 "" "" 2067926392527020928 1682.63257 0.5524 0.0186 -2.761 -4.239 0.02 0.023 1.023 "" "" 14.825576 2.262798 16.005987 13.743189 "" "" 1635.26099 1737.72852 22116.50263 7.3032 5407.8 8.5436 25228.0 19.223 "" "" 0.002778548275034805 0.0032752655 0.0038688695 0.007144135 308.31929919094 41.44499758837 1682.63257 -2.761 -4.239
307.90136072587 41.68184636115 0.0185 0.0193 18.7336 "" "" 2067853412443589760 1588.95081 0.5801 0.0226 1.529 -7.873 0.024 0.026 1.064 5183.8 2.604 14.82807 3.150058 16.695417 13.54536 -37.03 2.55 1538.8606 1646.53894 22065.76789 8.1286 2865.8 12.292 30270.0 18.849 "" "" 0.002784198390652279 0.005428828 0.0038393768 0.009268205 307.90136072587 41.68184636115 1588.95081 1.5290000000000006 -7.873
308.00339787914 41.60787436163 0.0149 0.0168 12.4134 "" "" 2067850732383964160 1659.74841 0.5664 0.0195 -2.741 -4.486 0.02 0.021 1.058 "" "" 14.830806 1.941836 15.789463 13.847627 "" "" 1618.07642 1703.73792 22010.22721 6.4776 6601.3 7.9132 22914.0 17.075 "" "" 0.0027737862019416182 0.0030787939 0.0038650117 0.0069438056 308.00339787914 41.60787436163 1659.74841 -2.7409999999999997 -4.486
308.07045876767 41.51477698995 0.0154 0.0175 6.203 "" "" 2067837572604138752 1730.51282 0.5493 0.0193 -2.394 -3.896 0.02 0.022 1.018 "" "" 14.83345 1.814177 15.707817 13.893641 "" "" 1672.30908 1781.51843 21956.67592 7.1196 7116.9 12.365 21964.0 20.423 "" "" 0.002777720957749395 0.003368004 0.003911897 0.007279901 308.07045876767 41.51477698995 1730.51282 -2.394 -3.896
308.6802420461 41.40840487154 0.0156 0.0173 23.123 "" "" 2067870557951614848 1692.70789 0.555 0.0201 -3.898 -4.403 0.021 0.022 1.154 "" "" 14.836125 2.1755 15.945512 13.770012 "" "" 1637.28638 1751.96875 21902.64155 7.6022 5717.6 9.3394 24612.0 14.836 "" "" 0.002780971844326665 0.0033061043 0.0038356313 0.0071417354 308.6802420461 41.40840487154 1692.70789 -3.8979999999999997 -4.403
308.08303679812 41.56526842314 0.0152 0.0184 8.338 "" "" 2067849495433371648 1700.11572 0.5564 0.0209 -2.184 -4.01 0.02 0.022 1.026 "" "" 14.839487 1.732945 15.663704 13.930758 "" "" 1629.63562 1748.0675 21834.93506 13.17 7412.0 14.788 21225.0 33.644 "" "" 0.0028320752508254835 0.0035323456 0.0041527837 0.0076851295 308.08303679812 41.56526842314 1700.11572 -2.1840000000000006 -4.010000000000001
308.32457503527 41.30577059622 0.0151 0.018 10.779 "" "" 2067783868332808960 1736.30432 0.5408 0.0193 -3.048 -4.448 0.02 0.023 1.009 "" "" 14.850863 2.023925 15.849192 13.825267 "" "" 1677.04053 1791.95483 21607.34331 30.904 6248.0 49.536 23391.0 160.06 "" "" 0.003162787137558298 0.009048943 0.008335519 0.017384462 308.32457503527 41.30577059622 1736.30432 -3.048 -4.448
308.42777159335 41.29650983329 0.0195 0.0253 14.5808 "" "" 2067874887279117056 1294.19446 0.7224 0.026 -2.915 -2.709 0.026 0.031 1.375 "" "" 14.854197 2.95864 16.566298 13.607657 10.3 2.63 1253.55627 1331.79211 21541.08809 10.587 3227.7 15.12 28582.0 28.812 "" "" 0.002806516776587177 0.00580114 0.0039346665 0.009735806 308.42777159335 41.29650983329 1294.19446 -2.9149999999999996 -2.7089999999999996
308.45361737713 41.30533085815 0.0173 0.0214 15.2377 "" "" 2067874715480428800 1611.11719 0.5865 0.0233 -2.936 -4.65 0.022 0.025 1.165 "" "" 14.855868 2.014739 15.847234 13.832495 "" "" 1551.67151 1673.77795 21507.96848 6.8238 6259.3 18.534 23236.0 70.89 "" "" 0.0027767695029563572 0.0042568347 0.005025533 0.009282367 308.45361737713 41.30533085815 1611.11719 -2.9359999999999995 -4.65
