Clusters/FSR_0236/FSR_0236_stars_in_region.tsv
# %ECSV 1.0
# ---
# datatype:
# - name: RA_ICRS_1
#   unit: deg
#   datatype: float64
#   format: '{:15.11f}'
#   description: Right ascension (ICRS) at Ep=2016.0 (ra)
#   meta: !!omap
#   - {ucd: POS_EQ_RA_MAIN}
#   - {width: 15}
#   - {precision: '11'}
# - name: DE_ICRS_1
#   unit: deg
#   datatype: float64
#   format: '{:15.11f}'
#   description: Declination (ICRS) at Ep=2016.0 (dec)
#   meta: !!omap
#   - {ucd: POS_EQ_DEC_MAIN}
#   - {width: 15}
#   - {precision: '11'}
# - name: e_RA_ICRS
#   unit: mas
#   datatype: float64
#   format: '{:7.4f}'
#   description: Standard error of right ascension (ra_error)
#   meta: !!omap
#   - {ucd: ERROR}
#   - {width: 7}
#   - {precision: '4'}
# - name: e_DE_ICRS
#   unit: mas
#   datatype: float64
#   format: '{:7.4f}'
#   description: Standard error of declination (dec_error)
#   meta: !!omap
#   - {ucd: ERROR}
#   - {width: 7}
#   - {precision: '4'}
# - name: _r_1
#   unit: ''
#   datatype: float64
#   format: '{:7.4f}'
#   description: Distance from center (308.16820762000+41.44180591000)[ICRS], at Epoch=J2016.0
#   meta: !!omap
#   - {ucd: POS_ANG_DIST_GENERAL}
#   - {width: 7}
#   - {precision: '4'}
# - name: HIP
#   datatype: int32
#   description: '? HIP cross-id number, van Leeuwen, Cat. I/311 (hip_original_ext_source_id)'
#   meta: !!omap
#   - {ucd: ID_NUMBER}
#   - {width: 6}
#   - values: {'null': -2147483648}
# - name: TYC2
#   datatype: string
#   description: Tycho-2 cross-id name, Hog et al., Cat. I/259 (tyc2_original_ext_source_id)
#   meta: !!omap
#   - {ucd: ID_CROSSID}
#   - {_votable_string_dtype: char}
# - name: Source
#   datatype: int64
#   description: Source identifier, identical to the Gaia-EDR3 source_id (id)
#   meta: !!omap
#   - {ucd: ID_MAIN}
#   - {width: 19}
# - name: rgeo
#   unit: pc
#   datatype: float64
#   format: '{:15.8f}'
#   description: '? Median of the geometric distance posterior (r_med_geo)'
#   meta: !!omap
#   - {ucd: PHYS_DISTANCE_TRUE}
#   - {width: 15}
#   - {precision: '8'}
#   - values: {'null': .nan}
# - name: Plx
#   unit: mas
#   datatype: float64
#   format: '{:9.4f}'
#   description: '? Parallax (parallax)'
#   meta: !!omap
#   - {ucd: POS_PARLX_TRIG}
#   - {width: 9}
#   - {precision: '4'}
#   - values: {'null': .nan}
# - name: e_Plx
#   unit: mas
#   datatype: float32
#   format: '{:7.4f}'
#   description: '? Standard error of parallax (parallax_error)'
#   meta: !!omap
#   - {ucd: ERROR}
#   - {width: 7}
#   - {precision: '4'}
#   - values: {'null': .nan}
# - name: pmRA
#   unit: mas / yr
#   datatype: float64
#   format: '{:9.3f}'
#   description: '? Proper motion in right ascension direction, pmRA*cosDE (pmra)'
#   meta: !!omap
#   - {ucd: POS_EQ_PMRA}
#   - {width: 9}
#   - {precision: '3'}
#   - values: {'null': .nan}
# - name: pmDE
#   unit: mas / yr
#   datatype: float64
#   format: '{:9.3f}'
#   description: '? Proper motion in declination direction (pmdec)'
#   meta: !!omap
#   - {ucd: POS_EQ_PMDEC}
#   - {width: 9}
#   - {precision: '3'}
#   - values: {'null': .nan}
# - name: e_pmRA
#   unit: mas / yr
#   datatype: float32
#   format: '{:6.3f}'
#   description: '? Standard error of proper motion in right ascension direction (pmra_error)'
#   meta: !!omap
#   - {ucd: ERROR}
#   - {width: 6}
#   - {precision: '3'}
#   - values: {'null': .nan}
# - name: e_pmDE
[...]
#         unit: &id001 !astropy.units.Unit {unit: deg}
#         value: !astropy.table.SerializedColumn {name: SkyCoord.dec}
#       distance: !astropy.table.SerializedColumn
#         __class__: astropy.coordinates.distances.Distance
#         unit: !astropy.units.Unit {unit: pc}
#         value: !astropy.table.SerializedColumn {name: SkyCoord.distance}
#       frame: icrs
#       obstime: !astropy.time.Time {format: jyear_str, in_subfmt: '*', jd1: 367701545.0, jd2: 0.0, out_subfmt: '*', precision: 3, scale: tt}
#       pm_dec: !astropy.table.SerializedColumn
#         __class__: astropy.units.quantity.Quantity
#         unit: !astropy.units.Unit {unit: mas / yr}
#         value: !astropy.table.SerializedColumn {name: SkyCoord.pm_dec}
#       pm_ra_cosdec: !astropy.table.SerializedColumn
#         __class__: astropy.units.quantity.Quantity
#         unit: !astropy.units.Unit {unit: mas / yr}
#         value: !astropy.table.SerializedColumn {name: SkyCoord.pm_ra_cosdec}
#       ra: !astropy.table.SerializedColumn
#         __class__: astropy.coordinates.angles.Longitude
#         unit: *id001
#         value: !astropy.table.SerializedColumn {name: SkyCoord.ra}
#         wrap_angle: !astropy.coordinates.Angle
#           unit: *id001
#           value: 360.0
#       representation_type: spherical
# schema: astropy-2.0
RA_ICRS_1 DE_ICRS_1 e_RA_ICRS e_DE_ICRS _r_1 HIP TYC2 Source rgeo Plx e_Plx pmRA pmDE e_pmRA e_pmDE RUWE Teff logg Gmag BP-RP BPmag RPmag RV e_RV b_rgeo B_rgeo FG e_FG FBP e_FBP FRP e_FRP RAVE5 RAVE6 e_Gmag e_BPmag e_RPmag e_BP-RP SkyCoord.ra SkyCoord.dec SkyCoord.distance SkyCoord.pm_ra_cosdec SkyCoord.pm_dec
[from data line 163]
308.14301451283 41.04820870003 0.0116 0.0134 23.6432 "" "" 2067774659922577024 1568.41785 0.5921 0.0151 -2.576 -4.788 0.016 0.016 1.183 8315.4 2.8945 13.999871 2.725595 15.529775 12.804179 "" "" 1534.33691 1604.93457 47314.93838 14.763 8385.1 12.77 59908.0 28.174 "" "" 0.0027760677660773657 0.0032433232 0.0038137184 0.007057042 308.14301451283 41.04820870003 1568.41785 -2.5759999999999996 -4.788
308.39093704728 41.32750240874 0.0234 0.0313 12.1478 "" "" 2067784138919194112 1487.85547 0.6314 0.0314 -2.831 -4.418 0.031 0.039 1.184 "" "" 14.003281 2.188591 15.09658 12.907989 "" "" 1426.73828 1573.19202 47166.58021 19.456 12496.0 114.56 54446.0 909.58 "" "" 0.0027914815214648016 0.010337408 0.01852797 0.028865378 308.39093704728 41.32750240874 1487.85547 -2.8310000000000004 -4.418000000000001
307.87725774912 41.62106679341 0.0109 0.0126 16.9251 "" "" 2067853171925419392 1585.92029 0.6001 0.0138 -2.6 -3.822 0.015 0.017 1.1 "" "" 14.004791 1.691397 14.802475 13.111078 "" "" 1556.50476 1631.29089 47101.03275 11.937 16384.0 16.161 45157.0 27.213 "" "" 0.002769025776058298 0.002988645 0.0038356006 0.0068242457 307.87725774912 41.62106679341 1585.92029 -2.6 -3.822
308.12021434345 41.45747228792 0.0191 0.0224 2.3542 "" "" 2067836404373015424 1350.29419 0.7184 0.0248 0.47 -1.444 0.026 0.027 1.863 "" "" 14.006986 1.172344 14.504235 13.331891 "" "" 1306.8197 1402.15161 47005.92395 10.758 21564.0 15.292 36847.0 16.788 "" "" 0.0027665023188765537 0.0028944537 0.003811618 0.006706072 308.12021434345 41.45747228792 1350.29419 0.4700000000000001 -1.4439999999999997
308.33026340485 41.41243267842 0.0116 0.0136 7.5005 "" "" 2067879354045188864 1571.90906 0.596 0.0146 -2.408 -4.118 0.016 0.017 1.109 "" "" 14.011541 2.303347 15.221258 12.917912 "" "" 1544.70105 1601.74866 46809.10221 17.7 11141.0 18.611 53950.0 55.105 "" "" 0.0027857389790482395 0.0033278556 0.003938726 0.007266582 308.33026340485 41.41243267842 1571.90906 -2.4079999999999995 -4.118
308.39398267638 41.36033734261 0.0144 0.0174 11.2758 "" "" 2067878220173813376 1822.19678 0.5194 0.0183 -2.266 -3.747 0.02 0.022 1.321 "" "" 14.015059 1.875513 14.930305 13.054791 "" "" 1759.55615 1884.60425 46657.66826 18.726 14564.0 22.216 47560.0 40.198 "" "" 0.0027895654220273253 0.0032446887 0.003889196 0.007133885 308.39398267638 41.36033734261 1822.19678 -2.266 -3.746999999999999
307.9394469338 41.30768929775 0.0825 0.0762 13.0705 "" "" 2067828639071707392 1741.88989 0.5362 0.0697 -3.086 -4.26 0.111 0.094 1.441 "" "" 14.018723 "" "" "" -179.8 15.96 1573.36255 1941.401 46500.5165 77.649 "" "" "" "" "" "" 0.0032983068254134155 "" "" "" 307.9394469338 41.30768929775 1741.88989 -3.0860000000000003 -4.260000000000001
308.06264602948 41.32509840139 0.0124 0.014 8.4627 "" "" 2067833930471667200 1590.80994 0.6006 0.016 -2.573 -4.377 0.016 0.018 1.232 "" "" 14.040214 1.968059 15.019339 13.05128 "" "" 1549.27905 1622.7384 45589.12423 12.13 13418.0 13.884 47714.0 23.561 "" "" 0.002770422984949904 0.003007852 0.0038172195 0.0068250718 308.06264602948 41.32509840139 1590.80994 -2.573 -4.377
308.3124130377 41.31481419295 0.0387 0.0348 10.0104 "" "" 2067784624244258432 1403.23511 0.6825 0.0455 -2.439 -4.637 0.052 0.039 1.545 "" "" 14.049774 "" "" "" "" "" 1334.38635 1498.43945 45189.4482 32.962 "" "" "" "" "" "" 0.0028668768842264962 "" "" "" 308.3124130377 41.31481419295 1403.23511 -2.4389999999999996 -4.636999999999999
307.86578607481 41.48808970292 0.0131 0.0149 13.878 "" "" 2067842657845295744 1807.80664 0.5187 0.0161 -2.955 -4.18 0.018 0.019 1.246 "" "" 14.056541 1.988522 15.049253 13.060731 -2.99 24.91 1748.31702 1867.98718 44908.7171 25.423 13053.0 25.159 47301.0 104.45 "" "" 0.0028230428793834155 0.0034877572 0.0044756937 0.007963451 307.86578607481 41.48808970292 1807.80664 -2.9550000000000005 -4.18
308.20259506313 41.24161321893 0.0127 0.0161 12.111 "" "" 2067782700101719808 1614.07947 0.5675 0.0171 -2.902 -3.96 0.017 0.019 1.186 7756.1 2.7151 14.069678 2.96313 15.785996 12.822866 "" "" 1574.30566 1665.90613 44368.58606 17.327 6622.5 15.841 58886.0 55.392 "" "" 0.0027877536741617555 0.0038118053 0.0039149467 0.007726752 308.20259506313 41.24161321893 1614.07947 -2.9019999999999997 -3.9599999999999995
308.47908216117 41.11401011609 0.0139 0.0168 24.1519 "" "" 2067767032060956544 1669.25586 0.5637 0.0186 -2.07 -4.433 0.019 0.02 1.415 7929.6 3.0973 14.076007 2.385132 15.350372 12.965241 "" "" 1618.97058 1715.13538 44110.691 15.044 9891.6 16.984 51649.0 24.764 "" "" 0.0027800908638016225 0.0033556481 0.0038150656 0.0071707135 308.47908216117 41.11401011609 1669.25586 -2.07 -4.433
307.87471618986 41.48504991639 0.0115 0.0126 13.4488 "" "" 2067842657845292800 1362.38599 0.6984 0.0142 -4.091 -7.327 0.016 0.017 1.093 "" "" 14.083171 2.284862 15.28911 13.004249 -17.12 1.36 1340.8269 1389.82251 43820.61025 13.129 10466.0 10.641 49826.0 26.329 "" "" 0.0027744560387576544 0.0030006038 0.0038226806 0.0068232846 307.87471618986 41.48504991639 1362.38599 -4.091000000000001 -7.327000000000002
308.28813472445 41.22869624495 0.0166 0.0214 13.8812 "" "" 2067782150345882112 1807.10083 0.504 0.0231 -2.377 -4.344 0.021 0.024 1.57 "" "" 14.084291 2.673504 15.573358 12.899854 -253.46 10.28 1733.86145 1889.38013 43775.3903 17.509 8055.2 16.61 54855.0 29.591 "" "" 0.0027893325700438687 0.0035773353 0.0038244945 0.0074018296 308.28813472445 41.22869624495 1807.10083 -2.3770000000000002 -4.344
308.48957912571 41.38898376248 0.0339 0.0396 14.8037 "" "" 2067875643193391104 1704.06396 0.565 0.0435 -2.462 -3.887 0.048 0.051 3.247 "" "" 14.096538 2.117008 15.160137 13.043129 "" "" 1600.41357 1835.16577 43284.42714 24.425 11786.0 19.207 48074.0 54.826 "" "" 0.0028226149040790913 0.0033038917 0.003977051 0.007280943 308.48957912571 41.38898376248 1704.06396 -2.4619999999999997 -3.8869999999999996
308.08892779894 41.30983650105 0.0112 0.0132 8.6855 "" "" 2067830941174419968 1649.70349 0.5717 0.0147 -2.798 -4.16 0.014 0.015 1.038 "" "" 14.100558 2.182158 15.227328 13.045171 "" "" 1605.21057 1689.40417 43124.42362 14.904 11079.0 13.17 47983.0 55.168 "" "" 0.0027807536826720647 0.0030742208 0.003980203 0.007054424 308.08892779894 41.30983650105 1649.70349 -2.7980000000000005 -4.160000000000001
308.14920478252 41.59387526564 0.0109 0.0129 9.164 "" "" 2067838294158675968 1645.99011 0.5752 0.0144 -2.143 -3.808 0.014 0.016 1.03 "" "" 14.102252 1.740554 14.931103 13.190549 "" "" 1605.05591 1688.021 43057.22346 15.827 14554.0 24.255 41970.0 48.176 "" "" 0.002784073754177254 0.0033255236 0.0039795656 0.0073050894 308.14920478252 41.59387526564 1645.99011 -2.143 -3.808
308.52336085354 41.32283896509 0.0173 0.0195 17.5096 "" "" 2067874440602531840 1544.76514 0.5935 0.0218 -6.731 -6.079 0.023 0.025 1.01 "" "" 14.11132 3.591058 16.339062 12.748004 -15.19 0.93 1485.14832 1593.83777 42699.13215 17.985 3979.2 15.342 63089.0 48.97 "" "" 0.0027930139063364655 0.0050307605 0.0038722036 0.008902964 308.52336085354 41.32283896509 1544.76514 -6.731 -6.079000000000001
307.82453251719 41.2237139905 0.011 0.0134 20.2725 "" "" 2067826611847152896 1630.70728 0.5725 0.0144 -2.86 -3.807 0.015 0.017 1.111 "" "" 14.111813 2.622899 15.559446 12.936547 "" "" 1604.7572 1665.47156 42679.72155 14.347 8159.0 14.299 53032.0 31.238 "" "" 0.0027793878087602852 0.0033772318 0.0038331114 0.007210343 307.82453251719 41.2237139905 1630.70728 -2.8599999999999994 -3.8069999999999995
308.06046820852 41.68984377142 0.4583 0.4884 15.6485 "" "" 2067851488298226304 1738.81274 0.8077 0.6001 -6.475 -6.945 0.628 0.68 39.966 "" "" 14.132609 1.75763 14.840786 13.083156 "" "" 1090.78882 2735.58496 41870.0179 273.34 15816.0 23.191 46334.0 21.691 "" "" 0.007604714240710976 0.0032124072 0.0038134076 0.0070258146 308.06046820852 41.68984377142 1738.81274 -6.474999999999999 -6.945
308.0193529191 41.4634006802 0.0118 0.0128 6.8183 "" "" 2067835923336537216 1651.79089 0.5762 0.0148 -2.009 -4.115 0.016 0.016 0.991 9842.7 3.5946 14.143796 1.699162 14.946756 13.247594 "" "" 1612.77319 1688.97278 41440.80757 16.777 14345.0 25.583 39822.0 33.553 "" "" 0.0027901604818374366 0.0033962259 0.003888523 0.007284749 308.0193529191 41.4634006802 1651.79089 -2.009 -4.115
308.32200023474 41.64637110384 0.0117 0.0133 14.0835 "" "" 2067932989596414976 1293.42676 0.7462 0.0147 -0.103 -3.28 0.015 0.017 1.061 "" "" 14.178809 1.29607 14.743496 13.447426 "" "" 1268.77161 1319.17944 40125.75464 6.8425 17299.0 18.484 33127.0 17.963 "" "" 0.0027615337579437265 0.0030217385 0.0038249625 0.006846701 308.32200023474 41.64637110384 1293.42676 -0.10299999999999987 -3.2799999999999994
307.81556396619 41.30798350111 0.0122 0.0147 17.7922 "" "" 2067839153151681792 1626.21216 0.5718 0.0164 -2.567 -4.121 0.017 0.018 1.164 "" "" 14.17906 2.765744 15.739012 12.973268 "" "" 1581.95068 1669.08484 40116.48736 13.17 6915.3 12.334 51269.0 26.281 "" "" 0.002778279921352172 0.0033963327 0.003820142 0.007216475 307.81556396619 41.30798350111 1626.21216 -2.567 -4.121
308.29517695368 41.22771845356 0.0121 0.0153 14.0613 "" "" 2067781944187450240 1594.41089 0.5856 0.0161 -2.548 -4.531 0.015 0.018 1.074 "" "" 14.206029 2.698294 15.713964 13.015671 -85.73 11.02 1560.42737 1627.6731 39132.28141 14.032 7076.7 13.01 49305.0 29.976 "" "" 0.0027826894991727505 0.0034306345 0.003836594 0.0072672283 308.29517695368 41.22771845356 1594.41089 -2.548 -4.530999999999999
308.4203877525 41.38716442777 0.0135 0.0164 11.8114 "" "" 2067878357612772864 1590.28406 0.5825 0.0173 -2.53 -3.046 0.019 0.022 1.169 "" "" 14.209548 2.7531 15.759709 13.006609 -53.4 1.94 1537.04492 1629.64661 39005.64599 16.428 6784.7 12.85 49718.0 30.296 "" "" 0.002793008009046988 0.003466067 0.0038368532 0.0073029203 308.4203877525 41.38716442777 1590.28406 -2.5299999999999994 -3.0459999999999994
308.2631664694 41.35953252818 0.0114 0.0152 6.5294 "" "" 2067831903247069952 1622.00916 0.58 0.0154 -2.713 -4.048 0.015 0.018 1.06 "" "" 14.216613 2.19916 15.355173 13.156014 -71.4 7.81 1581.00073 1672.44531 38752.67749 11.525 9848.0 12.472 43326.0 23.728 "" "" 0.002774175849189952 0.003110588 0.003825872 0.00693646 308.2631664694 41.35953252818 1622.00916 -2.7130000000000005 -4.048
308.19354488748 41.40620206169 0.0126 0.0148 2.4213 "" "" 2067833037118456576 1726.11292 0.5489 0.0161 -2.396 -3.921 0.017 0.018 1.124 "" "" 14.224583 1.819128 15.102324 13.283195 53.22 6.48 1680.80359 1773.01367 38469.24398 11.756 12430.0 14.931 38537.0 29.262 "" "" 0.0027752256703753204 0.00307993 0.0038682555 0.0069481856 308.19354488748 41.40620206169 1726.11292 -2.396 -3.9210000000000003
308.25424551205 41.80882258156 0.02 0.0219 22.3565 "" "" 2067946905290521856 1874.37817 0.4849 0.0247 -2.813 -5.253 0.027 0.028 1.003 "" "" 14.2338 3.771152 16.613338 12.842186 -22.47 1.16 1787.97791 1978.20813 38144.04287 16.458 3090.9 11.672 57847.0 31.191 "" "" 0.0027948606962570326 0.004959346 0.0038244545 0.0087838005 308.25424551205 41.80882258156 1874.37817 -2.8129999999999997 -5.253
308.27833232079 41.68576430696 0.0122 0.0139 15.4499 "" "" 2067934020388589568 1662.89294 0.569 0.0152 -2.449 -4.828 0.016 0.017 1.041 "" "" 14.235694 1.932412 15.190271 13.257859 "" "" 1613.52808 1709.70361 38077.55716 13.286 11463.0 16.124 39447.0 38.548 "" "" 0.0027812416206278103 0.003180789 0.0039254846 0.0071062734 308.27833232079 41.68576430696 1662.89294 -2.4490000000000003 -4.828000000000001
308.35678557461 41.25687388258 0.0116 0.0151 13.9737 "" "" 2067783524735406336 1655.20239 0.5697 0.0158 -2.636 -4.481 0.015 0.019 1.105 8555.5 3.064 14.235859 2.399857 15.518417 13.118561 "" "" 1611.15308 1694.43005 38071.77176 15.195 8473.2 14.962 44847.0 26.015 "" "" 0.0027891875202621656 0.0033853636 0.0038315007 0.0072168643 308.35678557461 41.25687388258 1655.20239 -2.6359999999999997 -4.481000000000001
308.51683911088 41.24526078657 0.0116 0.014 19.6391 "" "" 2067873650327975936 1626.81738 0.5632 0.0152 -2.532 -4.477 0.015 0.018 1.036 "" "" 14.241497 2.963071 15.950454 12.987383 "" "" 1594.2041 1668.96082 37874.58001 40.92 5691.6 16.594 50606.0 158.07 "" "" 0.002994629788407816 0.004219642 0.005077887 0.009297529 308.51683911088 41.24526078657 1626.81738 -2.532 -4.477000000000001
308.41861601396 41.38644111322 0.0141 0.0163 11.7471 "" "" 2067878357612771968 1572.9281 0.6031 0.0172 -2.624 -4.56 0.019 0.022 1.119 "" "" 14.258094 2.019725 15.262996 13.243271 "" "" 1528.24939 1614.56165 37300.02108 13.128 10721.0 19.268 39981.0 32.55 "" "" 0.002781692747129665 0.0034047978 0.003881375 0.007286173 308.41861601396 41.38644111322 1572.9281 -2.6240000000000006 -4.5600000000000005
308.48302970731 41.25233952018 0.0113 0.014 18.1747 "" "" 2067873822126668672 1676.05652 0.5632 0.0152 -2.534 -4.47 0.015 0.017 1.038 "" "" 14.260084 2.319 15.483339 13.164339 "" "" 1632.37988 1720.71545 37231.70358 13.19 8751.5 14.979 42995.0 45.646 "" "" 0.002782038554915632 0.0033523825 0.003951253 0.0073036356 308.48302970731 41.25233952018 1676.05652 -2.534 -4.469999999999999
308.37724869434 41.33824072841 0.0297 0.0365 11.2763 "" "" 2067784349369363712 1550.18921 0.6118 0.0386 -3.085 -4.558 0.038 0.045 1.523 "" "" 14.267052 2.024154 14.970201 12.946047 -37.46 8.83 1469.64355 1637.68079 36993.55274 31.875 14039.0 390.53 52570.0 1241.5 "" "" 0.002909805580229611 0.030331083 0.025917925 0.056249008 308.37724869434 41.33824072841 1550.18921 -3.085 -4.558000000000001
308.67791151072 41.42269185644 0.0108 0.0125 22.9573 "" "" 2067882308982140288 1710.65906 0.5499 0.0142 -2.828 -4.564 0.014 0.016 0.97 "" "" 14.287647 2.096667 15.349518 13.252851 "" "" 1664.63098 1752.97705 36298.42966 13.103 9899.4 14.635 39629.0 42.423 "" "" 0.002783055442740428 0.003218923 0.0039540655 0.0071729887 308.67791151072 41.42269185644 1710.65906 -2.828 -4.564
307.85409755429 41.27311128903 0.0501 0.0575 17.3944 "" "" 2067827161602970624 1461.23572 0.661 0.0628 -2.763 -2.303 0.069 0.077 5.463 7988.6 2.9054 14.288455 1.797407 15.141162 13.343755 8.12 6.06 1315.05383 1622.55859 36271.42623 20.706 11994.0 16.622 36447.0 20.485 "" "" 0.002824172277897395 0.003170032 0.0038283307 0.006998363 307.85409755429 41.27311128903 1461.23572 -2.763 -2.303
308.14847777535 41.25266947731 0.0154 0.0184 11.3829 "" "" 2067829635504340992 1570.95081 0.5897 0.02 -2.818 -4.429 0.02 0.023 1.295 "" "" 14.291427 2.995727 16.036634 13.040908 "" "" 1521.60193 1620.24573 36172.29215 12.353 5257.3 12.262 48172.0 31.682 "" "" 0.002780156468568152 0.0037679994 0.0038462484 0.0076142475 308.14847777535 41.25266947731 1570.95081 -2.8180000000000005 -4.429000000000001
308.36738122253 41.4423282768 0.0119 0.0149 8.9584 "" "" 2067879525843888640 1592.08228 0.5903 0.0153 -2.747 -4.297 0.016 0.019 1.042 "" "" 14.296323 2.29012 15.49762 13.2075 "" "" 1557.21362 1633.94226 36009.55858 11.524 8637.1 15.125 41320.0 22.979 "" "" 0.002777142526055982 0.0033763899 0.0038273104 0.0072037 308.36738122253 41.4423282768 1592.08228 -2.7469999999999994 -4.297
308.13555999876 41.44631912194 0.0134 0.0152 1.4931 "" "" 2067836232574148864 1577.52258 0.6025 0.0164 -2.365 -4.15 0.018 0.018 0.988 "" "" 14.296916 1.75667 15.135805 13.379135 "" "" 1536.32861 1618.41113 35989.86832 11.104 12053.0 14.605 35278.0 27.585 "" "" 0.0027756086516571546 0.0030847862 0.0038735617 0.0069583477 308.13555999876 41.44631912194 1577.52258 -2.3650000000000007 -4.150000000000001
307.7092940753 41.6151078362 0.0136 0.0154 23.0874 "" "" 2068034934940156160 1641.64221 0.5585 0.0167 -0.204 -0.615 0.019 0.02 1.044 "" "" 14.298747 3.169464 16.179407 13.009943 -8.73 1.24 1599.05945 1690.75647 35929.22605 14.264 4609.5 11.606 49566.0 30.28 "" "" 0.00278883220165393 0.0039061797 0.0038371428 0.0077433223 307.7092940753 41.6151078362 1641.64221 -0.20399999999999996 -0.6149999999999999
