Clusters/FSR_0236/FSR_0236_members.tsv
# %ECSV 1.0
# ---
# datatype:
# - name: RA_ICRS_1
#   unit: deg
#   datatype: float64
#   format: '{:15.11f}'
#   description: Right ascension (ICRS) at Ep=2016.0 (ra)
#   meta: !!omap
#   - {ucd: POS_EQ_RA_MAIN}
#   - {width: 15}
#   - {precision: '11'}
# - name: DE_ICRS_1
#   unit: deg
#   datatype: float64
#   format: '{:15.11f}'
#   description: Declination (ICRS) at Ep=2016.0 (dec)
#   meta: !!omap
#   - {ucd: POS_EQ_DEC_MAIN}
#   - {width: 15}
#   - {precision: '11'}
# - name: e_RA_ICRS
#   unit: mas
#   datatype: float64
#   format: '{:7.4f}'
#   description: Standard error of right ascension (ra_error)
#   meta: !!omap
#   - {ucd: ERROR}
#   - {width: 7}
#   - {precision: '4'}
# - name: e_DE_ICRS
#   unit: mas
#   datatype: float64
#   format: '{:7.4f}'
#   description: Standard error of declination (dec_error)
#   meta: !!omap
#   - {ucd: ERROR}
#   - {width: 7}
#   - {precision: '4'}
# - name: _r_1
#   unit: ''
#   datatype: float64
#   format: '{:7.4f}'
#   description: Distance from center (308.16820762000+41.44180591000)[ICRS], at Epoch=J2016.0
#   meta: !!omap
#   - {ucd: POS_ANG_DIST_GENERAL}
#   - {width: 7}
#   - {precision: '4'}
# - name: HIP
#   datatype: int32
#   description: '? HIP cross-id number, van Leeuwen, Cat. I/311 (hip_original_ext_source_id)'
#   meta: !!omap
#   - {ucd: ID_NUMBER}
#   - {width: 6}
#   - values: {'null': -2147483648}
# - name: TYC2
#   datatype: string
#   description: Tycho-2 cross-id name, Hog et al., Cat. I/259 (tyc2_original_ext_source_id)
#   meta: !!omap
#   - {ucd: ID_CROSSID}
#   - {_votable_string_dtype: char}
# - name: Source
#   datatype: int64
#   description: Source identifier, identical to the Gaia-EDR3 source_id (id)
#   meta: !!omap
#   - {ucd: ID_MAIN}
#   - {width: 19}
# - name: rgeo
#   unit: pc
#   datatype: float64
#   format: '{:15.8f}'
#   description: '? Median of the geometric distance posterior (r_med_geo)'
#   meta: !!omap
#   - {ucd: PHYS_DISTANCE_TRUE}
#   - {width: 15}
#   - {precision: '8'}
#   - values: {'null': .nan}
# - name: Plx
#   unit: mas
#   datatype: float64
#   format: '{:9.4f}'
#   description: '? Parallax (parallax)'
#   meta: !!omap
#   - {ucd: POS_PARLX_TRIG}
#   - {width: 9}
#   - {precision: '4'}
#   - values: {'null': .nan}
# - name: e_Plx
#   unit: mas
#   datatype: float32
#   format: '{:7.4f}'
#   description: '? Standard error of parallax (parallax_error)'
#   meta: !!omap
#   - {ucd: ERROR}
#   - {width: 7}
#   - {precision: '4'}
#   - values: {'null': .nan}
# - name: pmRA
#   unit: mas / yr
#   datatype: float64
#   format: '{:9.3f}'
#   description: '? Proper motion in right ascension direction, pmRA*cosDE (pmra)'
#   meta: !!omap
#   - {ucd: POS_EQ_PMRA}
#   - {width: 9}
#   - {precision: '3'}
#   - values: {'null': .nan}
# - name: pmDE
#   unit: mas / yr
#   datatype: float64
#   format: '{:9.3f}'
#   description: '? Proper motion in declination direction (pmdec)'
#   meta: !!omap
#   - {ucd: POS_EQ_PMDEC}
#   - {width: 9}
#   - {precision: '3'}
#   - values: {'null': .nan}
# - name: e_pmRA
#   unit: mas / yr
#   datatype: float32
#   format: '{:6.3f}'
#   description: '? Standard error of proper motion in right ascension direction (pmra_error)'
#   meta: !!omap
#   - {ucd: ERROR}
#   - {width: 6}
#   - {precision: '3'}
#   - values: {'null': .nan}
# - name: e_pmDE
[...]
#         unit: &id001 !astropy.units.Unit {unit: deg}
#         value: !astropy.table.SerializedColumn {name: SkyCoord.dec}
#       distance: !astropy.table.SerializedColumn
#         __class__: astropy.coordinates.distances.Distance
#         unit: !astropy.units.Unit {unit: pc}
#         value: !astropy.table.SerializedColumn {name: SkyCoord.distance}
#       frame: icrs
#       obstime: !astropy.time.Time {format: jyear_str, in_subfmt: '*', jd1: 367701545.0, jd2: 0.0, out_subfmt: '*', precision: 3, scale: tt}
#       pm_dec: !astropy.table.SerializedColumn
#         __class__: astropy.units.quantity.Quantity
#         unit: !astropy.units.Unit {unit: mas / yr}
#         value: !astropy.table.SerializedColumn {name: SkyCoord.pm_dec}
#       pm_ra_cosdec: !astropy.table.SerializedColumn
#         __class__: astropy.units.quantity.Quantity
#         unit: !astropy.units.Unit {unit: mas / yr}
#         value: !astropy.table.SerializedColumn {name: SkyCoord.pm_ra_cosdec}
#       ra: !astropy.table.SerializedColumn
#         __class__: astropy.coordinates.angles.Longitude
#         unit: *id001
#         value: !astropy.table.SerializedColumn {name: SkyCoord.ra}
#         wrap_angle: !astropy.coordinates.Angle
#           unit: *id001
#           value: 360.0
#       representation_type: spherical
# schema: astropy-2.0
RA_ICRS_1 DE_ICRS_1 e_RA_ICRS e_DE_ICRS _r_1 HIP TYC2 Source rgeo Plx e_Plx pmRA pmDE e_pmRA e_pmDE RUWE Teff logg Gmag BP-RP BPmag RPmag RV e_RV b_rgeo B_rgeo FG e_FG FBP e_FBP FRP e_FRP RAVE5 RAVE6 e_Gmag e_BPmag e_RPmag e_BP-RP SkyCoord.ra SkyCoord.dec SkyCoord.distance SkyCoord.pm_ra_cosdec SkyCoord.pm_dec Pmemb
308.1893568098 41.42707749432 0.0124 0.0153 1.2985 "" 3161-1168-1 2067833243277076864 1779.49744 0.5438 0.0164 -2.663 -4.014 0.016 0.019 1.527 "" "" 10.124761 1.672537 10.913252 9.240715 "" "" 1718.72205 1834.9187 1678968.65707 643.55 589000.0 322.0 1595400.0 395.08 "" "" 0.0027865716317499057 0.0028526061 0.0037889336 0.0066415397 308.1893568098 41.42707749432 1779.49744 -2.6630000000000007 -4.013999999999999 0.99
308.16069362515 41.42047537668 0.0178 0.0207 1.3237 "" 3161-1029-1 2067833204620693632 1759.38147 0.5449 0.0232 -2.109 -4.085 0.023 0.026 2.095 6983.8 1.9093 10.294561 1.606235 11.044227 9.437991 11.82 21.56 1695.13171 1825.92615 1435892.81255 556.13 522070.0 275.66 1330300.0 514.98 "" "" 0.0027872244083881298 0.0028484561 0.003802681 0.006651137 308.16069362515 41.42047537668 1759.38147 -2.109000000000001 -4.085000000000001 0.99
308.11521342071 41.43944586048 0.0082 0.0094 2.3878 "" 3161-1199-1 2067834926904094848 1664.29456 0.5775 0.0105 -2.243 -4.282 0.011 0.012 1.027 "" "" 10.566185 1.59909 11.309526 9.710437 "" "" 1634.80969 1699.21851 1118080.11357 263.27 408890.0 267.48 1035100.0 272.5 "" "" 0.0027671552919858455 0.0028791488 0.0037901748 0.006669324 308.11521342071 41.43944586048 1664.29456 -2.242999999999999 -4.282 1.0
308.11555989275 41.4811617188 0.0081 0.0093 3.3436 "" 3161-1103-1 2067837263366481536 1688.51941 0.5677 0.0104 -2.255 -4.119 0.011 0.011 0.832 15041.9 3.4157 10.977193 1.383113 11.590707 10.207594 "" "" 1659.09778 1723.92542 765719.27677 209.47 315600.0 229.68 654820.0 142.62 "" "" 0.0027712824778264775 0.0028998945 0.0037867725 0.006686667 308.11555989275 41.4811617188 1688.51941 -2.255000000000001 -4.119 1.0
308.24655595458 41.40706079587 0.0112 0.0133 4.0952 "" "" 2067832624801783040 1654.39624 0.5802 0.0144 -2.746 -4.538 0.015 0.015 0.999 "" "" 11.230153 1.815684 12.109853 10.294168 "" "" 1622.19348 1689.00085 606576.63931 187.09 195650.0 128.59 604630.0 268.2 "" "" 0.0027755961528298802 0.0028799768 0.003809944 0.006689921 308.24655595458 41.40706079587 1654.39624 -2.7459999999999996 -4.538 0.8
308.15422560508 41.3847549872 0.0082 0.0101 3.4804 "" "" 2067831624070707840 1662.26489 0.6025 0.0111 -2.521 -4.303 0.011 0.012 1.105 "" "" 12.295332 2.043179 13.325764 11.282585 "" "" 1629.71338 1692.81787 227412.32745 47.757 63843.0 53.296 243290.0 93.597 "" "" 0.0027647380335012756 0.0029336931 0.0038023938 0.0067360867 308.15422560508 41.3847549872 1662.26489 -2.521 -4.302999999999998 1.0
308.10863980242 41.49424238743 0.0073 0.0082 4.1317 "" "" 2067837263366486144 1649.51477 0.5998 0.0092 -2.785 -3.836 0.009 0.01 0.953 "" "" 12.360346 1.475728 13.03095 11.555222 "" "" 1619.97058 1676.09766 214194.46086 111.04 83760.0 124.34 189260.0 87.539 "" "" 0.002812222196067961 0.0032222345 0.0038126002 0.0070348345 308.10863980242 41.49424238743 1649.51477 -2.785000000000001 -3.836 0.91
308.10617107206 41.41446014342 0.0089 0.0106 3.2374 "" "" 2067834682086562048 1623.74756 0.6104 0.0117 -2.336 -4.239 0.012 0.014 1.157 "" "" 12.743328 1.734822 13.570023 11.8352 "" "" 1596.54504 1656.79004 150527.3836 31.16 50981.0 46.839 146240.0 48.637 "" "" 0.002764471647360331 0.0029631238 0.003796593 0.006759717 308.10617107206 41.41446014342 1623.74756 -2.3360000000000007 -4.239 1.0
308.16191086135 41.42243166042 0.0102 0.0113 1.1965 "" "" 2067833204623425280 1640.14111 0.5997 0.0126 -2.686 -3.996 0.013 0.015 1.088 "" "" 12.796432 1.602188 13.539415 11.937227 "" "" 1609.53357 1673.52991 143342.1004 28.123 52439.0 52.493 133130.0 49.899 "" "" 0.002763542148894909 0.002994378 0.003801228 0.006795606 308.16191086135 41.42243166042 1640.14111 -2.685999999999999 -3.9960000000000004 0.99
308.09215204126 41.46167200259 0.0173 0.0196 3.622 "" "" 2067835751537826560 1917.73315 0.5097 0.0223 -2.311 -4.15 0.024 0.024 1.937 6534.8 2.7289 12.829014 1.5876 13.563663 11.976063 "" "" 1824.0575 2006.72278 139104.5156 28.574 51280.0 56.332 128450.0 36.176 "" "" 0.0027643316884443 0.0030344 0.0037917318 0.0068261316 308.09215204126 41.46167200259 1917.73315 -2.311 -4.15 1.0
308.13606031356 41.4512578581 0.0106 0.0124 1.5531 "" "" 2067836232574322048 1687.97034 0.5703 0.014 -2.157 -4.213 0.014 0.015 1.062 "" "" 12.993668 1.470933 13.658504 12.187571 "" "" 1655.54858 1721.43726 119530.79866 31.733 46991.0 43.46 105710.0 34.257 "" "" 0.0027703559751730065 0.0029653613 0.0037957246 0.006761086 308.13606031356 41.4512578581 1687.97034 -2.1569999999999996 -4.213000000000002 1.0
308.23608163852 41.39467263584 0.0085 0.0106 4.1622 "" "" 2067832246844656768 1608.82068 0.5899 0.0111 -2.837 -4.338 0.012 0.012 1.024 "" "" 13.106698 1.798075 13.972041 12.173966 "" "" 1578.65234 1638.4126 107712.83858 32.553 35205.0 35.458 107050.0 59.558 "" "" 0.0027747900211016526 0.002996811 0.0038273504 0.0068241614 308.23608163852 41.39467263584 1608.82068 -2.8369999999999997 -4.338000000000001 0.98
308.15731734084 41.43759108209 0.0112 0.0131 0.5513 "" "" 2067836159558192896 1653.62207 0.5757 0.0145 -2.404 -4.145 0.015 0.017 1.345 "" "" 13.182071 1.592499 13.917789 12.32529 "" "" 1611.87622 1690.7594 100488.98151 24.113 37009.0 43.08 93120.0 26.848 "" "" 0.0027676099963032694 0.0030630613 0.0037923236 0.006855385 308.15731734084 41.43759108209 1653.62207 -2.404 -4.145 1.0
308.13085077364 41.51431573115 0.0094 0.0105 4.6634 "" "" 2067837400805452032 1566.73938 0.607 0.012 -2.93 -4.112 0.012 0.013 1.072 "" "" 13.499482 2.067563 14.546449 12.478886 "" "" 1534.354 1609.64392 75016.02013 22.947 20741.0 22.258 80836.0 27.956 "" "" 0.0027752646182835363 0.0030236759 0.0037979886 0.0068216645 308.13085077364 41.51431573115 1566.73938 -2.9300000000000006 -4.112 1.0
308.19479882154 41.4377609947 0.0096 0.0117 1.2204 "" "" 2067833277636820608 1706.12134 0.5506 0.0122 -2.629 -4.104 0.013 0.015 1.035 "" "" 13.506614 1.916132 14.450538 12.534406 "" "" 1668.45105 1741.12036 74524.89708 19.734 22657.0 19.598 76806.0 26.508 "" "" 0.0027702789971636196 0.0029439847 0.0037979127 0.006741897 308.19479882154 41.4377609947 1706.12134 -2.6290000000000004 -4.104 1.0
308.20698433629 41.42677488863 0.0097 0.0118 1.9636 "" "" 2067833071478386048 1556.54407 0.6061 0.0122 -2.848 -4.224 0.013 0.014 0.97 10463.4 3.6856 13.575048 1.657991 14.352033 12.694041 "" "" 1529.52197 1589.80505 69972.49769 34.745 24809.0 31.864 66304.0 96.151 "" "" 0.002807569200590517 0.0031192387 0.004094231 0.0072134696 308.20698433629 41.42677488863 1556.54407 -2.8480000000000008 -4.224000000000002 1.0
308.13465202015 41.38270145608 0.0098 0.0119 3.8543 "" "" 2067831662728930304 1615.74084 0.5868 0.013 -2.316 -4.341 0.013 0.014 1.158 "" "" 13.757029 2.082065 14.810924 12.728859 "" "" 1585.34839 1650.66626 59174.60667 29.039 16257.0 28.434 64212.0 21.503 "" "" 0.0028063630486390803 0.0033750848 0.0037968305 0.0071719154 308.13465202015 41.38270145608 1615.74084 -2.3160000000000003 -4.340999999999999 1.0
308.19354488748 41.40620206169 0.0126 0.0148 2.4213 "" "" 2067833037118456576 1726.11292 0.5489 0.0161 -2.396 -3.921 0.017 0.018 1.124 "" "" 14.224583 1.819128 15.102324 13.283195 53.22 6.48 1680.80359 1773.01367 38469.24398 11.756 12430.0 14.931 38537.0 29.262 "" "" 0.0027752256703753204 0.00307993 0.0038682555 0.0069481856 308.19354488748 41.40620206169 1726.11292 -2.396 -3.9210000000000007 1.0
308.13555999876 41.44631912194 0.0134 0.0152 1.4931 "" "" 2067836232574148864 1577.52258 0.6025 0.0164 -2.365 -4.15 0.018 0.018 0.988 "" "" 14.296916 1.75667 15.135805 13.379135 "" "" 1536.32861 1618.41113 35989.86832 11.104 12053.0 14.605 35278.0 27.585 "" "" 0.0027756086516571546 0.0030847862 0.0038735617 0.0069583477 308.13555999876 41.44631912194 1577.52258 -2.3650000000000007 -4.150000000000002 1.0
308.14215418701 41.38219843061 0.013 0.0158 3.7637 "" "" 2067831594009451648 1694.21814 0.5574 0.0172 -2.552 -4.204 0.017 0.019 1.064 "" "" 14.646397 2.054024 15.681444 13.62742 "" "" 1657.1012 1746.30396 26084.84374 9.1501 7291.9 13.262 28067.0 16.551 "" "" 0.002781517827478356 0.0034182358 0.0038332301 0.0072514657 308.14215418701 41.38219843061 1694.21814 -2.552 -4.204 1.0
308.28215723112 41.45021387014 0.0148 0.0186 5.1496 "" "" 2067832796600491008 1652.49902 0.5765 0.0191 -2.637 -4.213 0.02 0.022 1.09 "" "" 14.729977 1.796314 15.592861 13.796547 "" "" 1602.297 1710.03088 24152.17252 7.5374 7911.8 13.43 24018.0 14.3 "" "" 0.002776076238926944 0.0033439037 0.003834267 0.0071781706 308.28215723112 41.45021387014 1652.49902 -2.637000000000001 -4.213 1.0
308.14764040031 41.41867607197 0.0158 0.0186 1.6679 "" "" 2067836129494922880 1723.03271 0.5521 0.0207 -2.585 -4.128 0.021 0.024 1.039 "" "" 14.922968 1.799144 15.787471 13.988327 "" "" 1652.12952 1791.33203 20218.9881 6.7817 6613.5 13.197 20129.0 27.044 "" "" 0.0027792820608427277 0.0035325591 0.0040511237 0.007583683 308.14764040031 41.41867607197 1723.03271 -2.5850000000000017 -4.128000000000002 1.0
308.21425156603 41.46112854718 0.0176 0.0242 2.3731 "" "" 2067833689953689344 1703.08081 0.5601 0.0228 -2.138 -3.839 0.023 0.029 1.006 "" "" 15.192543 1.812531 16.065634 14.253103 "" "" 1624.11389 1794.96936 15773.55581 6.0481 5118.7 14.304 15773.0 11.0 "" "" 0.002786593059308905 0.0041219513 0.0038544855 0.007976437 308.21425156603 41.46112854718 1703.08081 -2.1379999999999995 -3.8390000000000004 0.97
308.29000796907 41.46574694172 0.0173 0.0213 5.6625 "" "" 2067926633045194624 1685.79431 0.5627 0.0224 -2.489 -3.715 0.023 0.026 1.025 "" "" 15.212846 1.990028 16.195433 14.205404 -167.77 10.47 1629.25769 1753.82922 15481.33377 6.2161 4542.0 9.5546 16481.0 17.168 "" "" 0.0027895948469223346 0.0036057662 0.003944981 0.007550747 308.29000796907 41.46574694172 1685.79431 -2.4889999999999994 -3.715 1.0
308.13093145802 41.43382720566 0.0199 0.0238 1.7437 "" "" 2067836198214407808 1473.20081 0.6435 0.0263 -3.042 -4.208 0.027 0.032 1.087 "" "" 15.279324 1.934437 16.219181 14.284744 128.35 6.3 1418.89185 1532.16882 14561.87504 5.883 4443.7 9.7499 15320.0 14.187 "" "" 0.0027900165490928647 0.0036687825 0.003910836 0.007579618 308.13093145802 41.43382720566 1473.20081 -3.042 -4.208 0.99
308.13460124236 41.4801856664 0.0207 0.0235 2.7543 "" "" 2067836610531453312 1680.25415 0.5666 0.0259 -2.358 -4.028 0.029 0.028 1.038 "" "" 15.350466 1.754059 16.184988 14.430929 "" "" 1606.69324 1765.11047 13638.30623 5.2482 4585.9 9.8068 13390.0 13.851 "" "" 0.002786817345950027 0.0036298567 0.00394273 0.0075725866 308.13460124236 41.4801856664 1680.25415 -2.358 -4.028 1.0
308.19081842718 41.40854513108 0.0221 0.0268 2.24 "" "" 2067833037118457472 1665.18518 0.5759 0.0279 -2.502 -3.883 0.029 0.033 1.155 "" "" 15.352514 1.903706 16.27063 14.366924 "" "" 1590.28809 1749.18384 13612.59506 5.4316 4238.0 9.0974 14203.0 19.365 "" "" 0.0027891703549907097 0.0036355285 0.0040589576 0.007694486 308.19081842718 41.40854513108 1665.18518 -2.502 -3.883 0.94
308.07802198965 41.44147359607 0.02 0.0227 4.0564 "" "" 2067835717178087680 1548.37793 0.6026 0.0259 -2.445 -4.297 0.027 0.027 1.005 "" "" 15.438632 2.253217 16.613665 14.360448 142.12 8.76 1474.19409 1616.9248 12574.59177 4.9885 3089.9 6.3178 14288.0 11.896 "" "" 0.002788783551239184 0.0035655694 0.003885986 0.0074515557 308.07802198965 41.44147359607 1548.37793 -2.4450000000000003 -4.2970000000000015 0.99
308.1126355847 41.49494957974 0.0198 0.0229 4.0509 "" "" 2067837263366486912 1772.56421 0.543 0.0254 -3.096 -3.708 0.027 0.028 1.061 "" "" 15.449073 1.687354 16.231356 14.544002 "" "" 1681.4093 1848.63879 12454.25365 4.7243 4394.1 16.912 12066.0 19.932 "" "" 0.002785931389531435 0.0050246627 0.0041833627 0.009208025 308.1126355847 41.49494957974 1772.56421 -3.0959999999999996 -3.708000000000001 0.96
308.22775768794 41.42930890977 0.0218 0.026 2.7816 "" "" 2067833376419009408 1783.51538 0.5223 0.0267 -2.557 -4.015 0.029 0.03 0.988 "" "" 15.504995 2.527404 16.882889 14.355485 "" "" 1678.93616 1881.198 11829.01842 6.6882 2411.4 12.939 14354.0 19.565 "" "" 0.0028228780374609376 0.0064594913 0.0040587955 0.010518286 308.22775768794 41.42930890977 1783.51538 -2.557 -4.015 0.99
308.11177112859 41.44280343706 0.0229 0.0253 2.5391 "" "" 2067834926904096384 1733.4917 0.5452 0.029 -2.397 -4.184 0.03 0.031 1.047 "" "" 15.598804 1.772731 16.444876 14.672145 "" "" 1667.19385 1809.35034 10849.89453 4.0908 3609.7 12.269 10723.0 10.411 "" "" 0.0027855639025816917 0.004626381 0.0039236397 0.008550021 308.11177112859 41.44280343706 1733.4917 -2.3969999999999994 -4.184000000000001 1.0
308.19392304426 41.40894374675 0.0226 0.0262 2.2861 "" "" 2067833037118456832 1668.45215 0.5684 0.0278 -2.279 -4.199 0.029 0.032 1.044 "" "" 15.714201 2.001917 16.708183 14.706266 "" "" 1591.02271 1754.71765 9755.87951 4.0021 2832.3 12.325 10391.0 12.415 "" "" 0.0027910869850712476 0.0054870397 0.003995811 0.009482851 308.19392304426 41.40894374675 1668.45215 -2.279 -4.199 1.0
308.19402579517 41.39381518817 0.0223 0.0269 3.1049 "" "" 2067832934039239552 1674.18909 0.5665 0.0286 -2.29 -4.113 0.029 0.033 1.069 "" "" 15.720863 2.05871 16.753864 14.695154 "" "" 1608.5188 1754.40344 9696.19583 3.3962 2715.6 13.947 10498.0 11.237 "" "" 0.0027814404047383293 0.006235318 0.00395403 0.010189348 308.19402579517 41.39381518817 1674.18909 -2.2900000000000005 -4.1129999999999995 1.0
308.23437235432 41.46553402361 0.0226 0.0292 3.2985 "" "" 2067833793032906624 1725.73718 0.5578 0.0301 -1.938 -3.93 0.031 0.041 0.994 "" "" 15.75826 1.859545 16.663115 14.80357 "" "" 1641.06531 1802.27039 9367.91378 3.6501 2952.4 10.657 9500.1 11.437 "" "" 0.0027876076053716613 0.004810845 0.003999029 0.008809874 308.23437235432 41.46553402361 1725.73718 -1.9380000000000006 -3.9300000000000006 0.89
308.16620130618 41.50165864113 0.0224 0.0282 3.5923 "" "" 2067836954128848384 1754.45117 0.5433 0.0305 -2.435 -4.054 0.03 0.034 1.033 "" "" 15.80375 2.25005 16.97125 14.7212 "" "" 1651.64795 1854.1604 8983.52299 5.0271 2222.9 11.989 10249.0 17.502 "" "" 0.0028215117738596557 0.0064865723 0.004209676 0.010696248 308.16620130618 41.50165864113 1754.45117 -2.4350000000000014 -4.054 1.0
308.13382080152 41.45994607273 0.025 0.0284 1.891 "" "" 2067836438732858368 1658.63757 0.5697 0.0312 -2.132 -4.166 0.033 0.036 0.972 "" "" 15.862948 2.30196 17.077667 14.775707 "" "" 1559.25793 1740.32642 8506.82558 3.8736 2015.3 6.5607 9747.1 13.74 "" "" 0.002799323663821619 0.004503124 0.0040775216 0.008580646 308.13382080152 41.45994607273 1658.63757 -2.1320000000000006 -4.166 1.0
308.17536030636 41.41358673775 0.028 0.0334 1.7235 "" "" 2067833140197677312 1679.21313 0.5712 0.0353 -2.234 -4.065 0.037 0.042 1.068 "" "" 15.923023 1.931774 16.778046 14.846272 "" "" 1592.99463 1781.0343 8048.91775 4.5055 2655.8 32.712 9133.8 96.47 "" "" 0.0028215523540339755 0.013661189 0.012074149 0.025735337 308.17536030636 41.41358673775 1679.21313 -2.2339999999999995 -4.065 1.0
308.27385673166 41.41976362609 0.0257 0.0324 4.9332 "" "" 2067832693521264896 1776.38721 0.5356 0.033 -2.774 -4.257 0.034 0.038 0.986 "" "" 15.943577 2.280264 17.131514 14.85125 "" "" 1686.35303 1890.86267 7897.98147 4.1693 1917.8 10.081 9092.0 10.547 "" "" 0.0028143018504464107 0.0063527483 0.003983721 0.01033647 308.27385673166 41.41976362609 1776.38721 -2.773999999999999 -4.257 1.0
308.15303696174 41.42130565989 0.0277 0.0327 1.4067 "" "" 2067836129494921600 1567.20764 0.6188 0.0353 -2.384 -4.05 0.037 0.043 1.1 "" "" 16.000607 2.014116 16.993477 14.979361 "" "" 1472.91028 1669.32849 7493.82902 3.5502 2177.8 10.322 8080.0 21.142 "" "" 0.0028029204585131935 0.0058537517 0.00472806 0.010581812 308.15303696174 41.42130565989 1567.20764 -2.3840000000000012 -4.05 1.0
308.17562675195 41.45773445739 0.0259 0.0297 1.0123 "" "" 2067836301293802112 1658.73718 0.5853 0.0323 -2.994 -3.808 0.035 0.037 0.98 "" "" 16.00629 1.91717 16.947577 15.030407 "" "" 1566.05249 1766.94873 7454.7031 3.1325 2271.9 9.5794 7709.0 7.9109 "" "" 0.0027928366135684976 0.005361241 0.003940191 0.0093014315 308.17562675195 41.45773445739 1658.73718 -2.993999999999999 -3.8079999999999985 0.99
