Clusters/UPK_621/UPK_621_members.tsv
# %ECSV 1.0
# ---
# datatype:
# - name: RA_ICRS_1
#   unit: deg
#   datatype: float64
#   format: '{:15.11f}'
#   description: Right ascension (ICRS) at Ep=2016.0 (ra)
#   meta: !!omap
#   - {ucd: POS_EQ_RA_MAIN}
#   - {width: 15}
#   - {precision: '11'}
# - name: DE_ICRS_1
#   unit: deg
#   datatype: float64
#   format: '{:15.11f}'
#   description: Declination (ICRS) at Ep=2016.0 (dec)
#   meta: !!omap
#   - {ucd: POS_EQ_DEC_MAIN}
#   - {width: 15}
#   - {precision: '11'}
# - name: e_RA_ICRS
#   unit: mas
#   datatype: float64
#   format: '{:7.4f}'
#   description: Standard error of right ascension (ra_error)
#   meta: !!omap
#   - {ucd: ERROR}
#   - {width: 7}
#   - {precision: '4'}
# - name: e_DE_ICRS
#   unit: mas
#   datatype: float64
#   format: '{:7.4f}'
#   description: Standard error of declination (dec_error)
#   meta: !!omap
#   - {ucd: ERROR}
#   - {width: 7}
#   - {precision: '4'}
# - name: _r_1
#   unit: ''
#   datatype: float64
#   format: '{:7.4f}'
#   description: Distance from center (237.19901351000-54.38529672000)[ICRS], at Epoch=J2016.0
#   meta: !!omap
#   - {ucd: POS_ANG_DIST_GENERAL}
#   - {width: 7}
#   - {precision: '4'}
# - name: HIP
#   datatype: int32
#   description: '? HIP cross-id number, van Leeuwen, Cat. I/311 (hip_original_ext_source_id)'
#   meta: !!omap
#   - {ucd: ID_NUMBER}
#   - {width: 6}
#   - values: {'null': -2147483648}
# - name: TYC2
#   datatype: string
#   description: Tycho-2 cross-id name, Hog et al., Cat. I/259 (tyc2_original_ext_source_id)
#   meta: !!omap
#   - {ucd: ID_CROSSID}
#   - {_votable_string_dtype: char}
# - name: Source
#   datatype: int64
#   description: Source identifier, identical to the Gaia-EDR3 source_id (id)
#   meta: !!omap
#   - {ucd: ID_MAIN}
#   - {width: 19}
# - name: rgeo
#   unit: pc
#   datatype: float64
#   format: '{:15.8f}'
#   description: '? Median of the geometric distance posterior (r_med_geo)'
#   meta: !!omap
#   - {ucd: PHYS_DISTANCE_TRUE}
#   - {width: 15}
#   - {precision: '8'}
#   - values: {'null': .nan}
# - name: Plx
#   unit: mas
#   datatype: float64
#   format: '{:9.4f}'
#   description: '? Parallax (parallax)'
#   meta: !!omap
#   - {ucd: POS_PARLX_TRIG}
#   - {width: 9}
#   - {precision: '4'}
#   - values: {'null': .nan}
# - name: e_Plx
#   unit: mas
#   datatype: float32
#   format: '{:7.4f}'
#   description: '? Standard error of parallax (parallax_error)'
#   meta: !!omap
#   - {ucd: ERROR}
#   - {width: 7}
#   - {precision: '4'}
#   - values: {'null': .nan}
# - name: pmRA
#   unit: mas / yr
#   datatype: float64
#   format: '{:9.3f}'
#   description: '? Proper motion in right ascension direction, pmRA*cosDE (pmra)'
#   meta: !!omap
#   - {ucd: POS_EQ_PMRA}
#   - {width: 9}
#   - {precision: '3'}
#   - values: {'null': .nan}
# - name: pmDE
#   unit: mas / yr
#   datatype: float64
#   format: '{:9.3f}'
#   description: '? Proper motion in declination direction (pmdec)'
#   meta: !!omap
#   - {ucd: POS_EQ_PMDEC}
#   - {width: 9}
#   - {precision: '3'}
#   - values: {'null': .nan}
# - name: e_pmRA
#   unit: mas / yr
#   datatype: float32
#   format: '{:6.3f}'
#   description: '? Standard error of proper motion in right ascension direction (pmra_error)'
#   meta: !!omap
#   - {ucd: ERROR}
#   - {width: 6}
#   - {precision: '3'}
#   - values: {'null': .nan}
# - name: e_pmDE
[...]
#       distance: !astropy.table.SerializedColumn
#         __class__: astropy.coordinates.distances.Distance
#         unit: !astropy.units.Unit {unit: pc}
#         value: !astropy.table.SerializedColumn {name: SkyCoord.distance}
#       frame: icrs
#       obstime: !astropy.time.Time {format: jyear_str, in_subfmt: '*', jd1: 367701545.0, jd2: 0.0, out_subfmt: '*', precision: 3, scale: tt}
#       pm_dec: !astropy.table.SerializedColumn
#         __class__: astropy.units.quantity.Quantity
#         unit: !astropy.units.Unit {unit: mas / yr}
#         value: !astropy.table.SerializedColumn {name: SkyCoord.pm_dec}
#       pm_ra_cosdec: !astropy.table.SerializedColumn
#         __class__: astropy.units.quantity.Quantity
#         unit: !astropy.units.Unit {unit: mas / yr}
#         value: !astropy.table.SerializedColumn {name: SkyCoord.pm_ra_cosdec}
#       ra: !astropy.table.SerializedColumn
#         __class__: astropy.coordinates.angles.Longitude
#         unit: *id001
#         value: !astropy.table.SerializedColumn {name: SkyCoord.ra}
#         wrap_angle: !astropy.coordinates.Angle
#           unit: *id001
#           value: 360.0
#       representation_type: spherical
# schema: astropy-2.0
RA_ICRS_1 DE_ICRS_1 e_RA_ICRS e_DE_ICRS _r_1 HIP TYC2 Source rgeo Plx e_Plx pmRA pmDE e_pmRA e_pmDE RUWE Teff logg Gmag BP-RP BPmag RPmag RV e_RV b_rgeo B_rgeo FG e_FG FBP e_FBP FRP e_FRP RAVE5 RAVE6 e_Gmag e_BPmag e_RPmag e_BP-RP SkyCoord.ra SkyCoord.dec SkyCoord.distance SkyCoord.pm_ra_cosdec SkyCoord.pm_dec rmRA rmDE e_rmRA e_rmDE rRV e_rRV v_pec v_pec3d e_vpec e_vpec3d Pmemb
236.06628797501 -54.2817355641 0.0116 0.0114 40.111 "" 8696-1119-1 5885270682151470976 842.46814 1.1651 0.016 -2.647 -3.119 0.016 0.017 0.846 11908.6 3.785 10.278388 0.448424 10.43279 9.984365 "" "" 831.368591 853.812561 1457442.79454 444.97 916860.0 694.57 804290.0 359.18 "" "" 0.002775188557233929 0.002908876 0.0038103575 0.0067192335 236.06628797501 -54.2817355641 842.46814 -2.6469999999999994 -3.118999999999999 -0.12831251335144023 0.013906198501586697 0.114875376 0.11587538 "" "" 0.5153906348129614 "" 0.05921170217089929 "" 0.8
236.44723671999 -54.82145133221 0.0111 0.0101 36.9788 "" 8700-907-1 5884488134804117632 861.618347 1.1395 0.0149 -2.696 -3.241 0.016 0.015 0.842 "" "" 10.585367 0.625292 10.812985 10.187694 "" "" 851.378052 869.67627 1098499.04114 213.42 645990.0 245.34 666930.0 148.83 "" "" 0.0027633829354573483 0.0028204753 0.0037871404 0.0066076154 236.44723671999 -54.82145133221 861.618347 -2.696 -3.241 -0.1773125133514406 -0.10809380149841319 0.114875376 0.113875374 "" "" 0.8481111735843793 "" 0.09719802835142068 "" 0.9
237.22650979194 -54.40459597532 0.0103 0.0102 1.5045 "" "" 5884832007072567424 895.779968 1.0775 0.0146 -2.476 -3.098 0.016 0.016 0.826 7984.9 4.0173 12.125594 0.360077 12.252192 11.892116 -1.2 37.39 885.20459 908.677795 265894.29095 54.84 171610.0 102.1 138780.0 71.416 "" "" 0.002764404846340131 0.0028639685 0.0038204573 0.0066844258 237.22650979194 -54.40459597532 895.779968 -2.475999999999999 -3.097999999999998 0.04268748664855959 0.03490619850158705 0.114875376 0.114875376 6.078181818181817 40.041443 0.23413369502919942 6.082689602636654 0.026896196303315807 40.011768808459415 0.9
237.09269328585 -54.42837972489 0.0105 0.0098 4.5241 "" "" 5884878701950156288 880.665771 1.0956 0.0144 -2.578 -3.114 0.014 0.014 0.859 "" "" 12.169896 0.385719 12.307725 11.922006 -15.9 24.56 868.728577 889.794373 255263.17165 52.434 163050.0 76.539 135010.0 36.697 "" "" 0.0027643314819582932 0.002836337 0.0037908864 0.0066272235 237.09269328585 -54.42837972489 880.665771 -2.578 -3.114 -0.05931251335144028 0.018906198501587035 0.11287537 0.11287537 -8.621818181818183 27.211443 0.25986558450050434 8.625733527204419 0.029332424565033335 27.199091293648973 1.0
236.12861998947 -54.60111206658 0.0101 0.0087 39.4842 "" "" 5884505898788849280 882.740723 1.1032 0.0134 -2.627 -3.178 0.014 0.013 0.908 "" "" 12.498646 0.643782 12.740127 12.096345 "" "" 873.482971 893.774292 188576.90413 25.258 109490.0 61.711 114980.0 44.837 "" "" 0.0027591551992559105 0.0028564883 0.0038030231 0.0066595115 236.12861998947 -54.60111206658 882.740723 -2.627 -3.1780000000000017 -0.10831251335144021 -0.04509380149841302 0.11287537 0.11187537 "" "" 0.49090835520409004 "" 0.05533921754382299 "" 0.9
237.04221840123 -54.34598926682 0.0101 0.0099 5.9669 "" "" 5884879943208687744 867.943726 1.1241 0.0142 -2.574 -3.039 0.014 0.014 0.905 7805.4 4.1357 12.810861 0.597797 13.037897 12.4401 "" "" 857.86145 879.441101 141449.84169 30.49 83226.0 71.142 83776.0 30.052 "" "" 0.0027652416520955376 0.0029404769 0.003799397 0.006739874 237.04221840123 -54.34598926682 867.943726 -2.5740000000000016 -3.0390000000000015 -0.05531251335144027 0.09390619850158677 0.11287537 0.11287537 "" "" 0.44837232232707297 "" 0.05061019275402417 "" 0.9
238.08204229709 -54.96487024622 0.0108 0.0086 46.343 "" "" 5884603622225319680 832.496948 1.16 0.0154 -2.571 -3.212 0.018 0.013 0.945 "" "" 13.17492 0.802084 13.489184 12.6871 "" "" 820.719604 845.215942 101152.97977 23.476 54922.0 31.087 66730.0 34.474 "" "" 0.002766818459263878 0.0028570474 0.0038207786 0.006677826 238.08204229709 -54.96487024622 832.496948 -2.571 -3.2119999999999997 -0.052312513351440604 -0.07909380149841327 0.11687537 0.11187537 "" "" 0.3741962992804199 "" 0.04244146355548169 "" 0.9
236.41365854382 -54.15519320637 0.0112 0.0109 30.7861 "" "" 5885644687907787648 859.451721 1.127 0.015 -2.581 -3.08 0.015 0.016 1.003 8463.8 4.2626 13.398234 0.898234 13.758377 12.860143 "" "" 849.619263 871.179565 82348.00189 14.707 42861.0 34.191 56899.0 26.692 "" "" 0.00276213497966876 0.002921506 0.0038135478 0.006735054 236.41365854382 -54.15519320637 859.451721 -2.5810000000000004 -3.0800000000000027 -0.06231251335144039 0.05290619850158684 0.113875374 0.114875376 "" "" 0.3330046560332386 "" 0.038060880940795724 "" 1.0
237.0466925561 -54.46996707779 0.0126 0.0116 7.3536 "" "" 5884877056990558976 868.309204 1.1141 0.0169 -2.457 -3.081 0.017 0.017 0.959 6794.6 4.282 13.9288 0.947167 14.314925 13.367758 0.39 6.18 856.030212 880.773132 50515.74823 8.9093 25671.0 19.552 35650.0 19.859 "" "" 0.002761966143738523 0.002910133 0.0038274701 0.006737603 237.0466925561 -54.46996707779 868.309204 -2.457 -3.081 0.06168748664855972 0.05190619850158695 0.11587538 0.11587538 7.668181818181817 8.831443 0.3318150214576687 7.67535755552529 0.03844919112079617 8.823186421186236 1.0
236.2343283181 -53.54625219028 0.0122 0.0104 60.775 "" "" 5885701205367750528 856.781372 1.1302 0.0164 -2.691 -3.057 0.019 0.016 0.993 5873.6 4.0946 14.004825 1.196125 14.460157 13.264032 -8.28 8.05 845.375671 869.025146 47099.55527 9.4108 22457.0 38.137 39223.0 397.71 "" "" 0.0027638471653304657 0.003344358 0.011639716 0.014984074 236.2343283181 -53.54625219028 856.781372 -2.691 -3.0570000000000013 -0.17231251335144027 0.07590619850158697 0.117875375 0.114875376 -1.001818181818182 10.701444 0.7646752188717085 1.2603046694263984 0.08976755107349606 8.5067689199712 0.8
237.12742524167 -54.35466739135 0.0178 0.0164 3.1046 "" "" 5884879359093100928 852.671326 1.1328 0.0246 -2.374 -3.146 0.023 0.024 0.993 5387.0 4.3209 14.788722 1.072809 15.237193 14.164384 -12.47 13.16 836.307373 869.008179 22880.09868 24.152 10978.0 37.614 17116.0 61.793 "" "" 0.002984177689688459 0.004650154 0.0054450324 0.0100951865 237.12742524167 -54.35466739135 852.671326 -2.3740000000000006 -3.1459999999999995 0.14468748664855946 -0.013093801498412994 0.121875376 0.12287538 -5.191818181818183 15.811443 0.5871676327586214 5.224915488504788 0.07156606482841037 15.711287558876158 0.8
237.06069570024 -54.37202925682 0.0184 0.0168 4.8987 "" "" 5884879187294413056 862.401245 1.1161 0.0255 -2.456 -3.208 0.025 0.025 0.965 5284.1 4.3254 14.951203 1.100414 15.411791 14.311377 "" "" 845.99762 876.5 19699.95732 21.621 9347.6 42.851 14949.0 46.459 "" "" 0.0030019540311031173 0.0057059247 0.0050665117 0.010772437 237.06069570024 -54.37202925682 862.401245 -2.456 -3.2079999999999993 0.06268748664855961 -0.07509380149841327 0.12387537 0.12387537 "" "" 0.3998678202788433 "" 0.049533775032575014 "" 0.9
237.34193811358 -54.42950737915 0.0214 0.0171 5.6522 "" "" 5884854517001486080 882.477722 1.0996 0.0277 -2.54 -3.096 0.027 0.025 1.085 5809.5 4.3254 14.979237 1.245054 15.518713 14.273659 "" "" 860.415039 902.519287 19197.83068 25.17 8470.9 43.934 15477.0 53.042 "" "" 0.0031013097377399273 0.0062844777 0.005303718 0.011588195 237.34193811358 -54.42950737915 882.477722 -2.54 -3.095999999999999 -0.021312513351440465 0.03690619850158683 0.12587537 0.12387537 "" "" 0.17826856696645121 "" 0.02217278635443526 "" 0.9
237.38219386659 -54.39580515819 0.0209 0.0167 6.4305 "" "" 5884851733862687360 844.648376 1.1481 0.0278 -2.424 -3.224 0.027 0.025 0.98 5735.0 4.4251 15.107018 1.234497 15.642541 14.408044 "" "" 831.082397 864.169312 17066.29312 16.629 7557.9 32.683 13675.0 38.615 "" "" 0.002951436246670503 0.0054615964 0.0048665446 0.010328141 237.38219386659 -54.39580515819 844.648376 -2.424 -3.224 0.09468748664855964 -0.09109380149841328 0.12587537 0.12387537 "" "" 0.5260445204870271 "" 0.06571245036385696 "" 0.8
237.49463172951 -54.77425766434 0.0202 0.0168 25.5014 "" "" 5884810708334307840 934.962891 1.0326 0.0265 -2.264 -3.296 0.03 0.025 0.964 6105.0 4.2068 15.150674 1.320171 15.731505 14.411334 "" "" 914.827637 958.976807 16393.70953 4.4325 6963.3 15.334 13634.0 16.153 "" "" 0.0027709143698210143 0.0036744436 0.0039922907 0.007666734 237.49463172951 -54.77425766434 934.962891 -2.264 -3.296 0.2546874866485598 -0.1630938014984129 0.12887537 0.12387537 "" "" 1.3402965711219097 "" 0.1708094375761702 "" 0.8
237.12934733219 -54.38660191762 0.0199 0.0178 2.4353 "" "" 5884878878056736256 883.182739 1.0973 0.0272 -2.472 -3.062 0.027 0.026 0.998 4907.2 4.3453 15.196615 1.131601 15.674689 14.543088 "" "" 861.235168 899.385376 15714.49769 10.93 7337.4 24.335 12076.0 25.765 "" "" 0.002856933527488154 0.0045554005 0.004432818 0.008988218 237.12934733219 -54.38660191762 883.182739 -2.472 -3.0620000000000003 0.046687486648559595 0.07090619850158708 0.12587537 0.124875374 "" "" 0.35540091383757877 "" 0.0444886041036859 "" 0.8
238.66833547956 -54.98227550994 0.0191 0.016 62.29 "" "" 5884576233173614464 858.269958 1.128 0.0281 -2.493 -3.104 0.031 0.027 0.956 "" "" 15.398952 1.564337 16.12441 14.560074 "" "" 835.696594 880.668762 13042.65721 7.128 4849.0 11.687 11889.0 18.23 "" "" 0.002818488579993735 0.0038252892 0.0041298103 0.007955099 238.66833547956 -54.98227550994 858.269958 -2.4929999999999994 -3.104000000000001 0.025687486648559688 0.02890619850158682 0.12987538 0.12587537 "" "" 0.15731971831818548 "" 0.02008277617360976 "" 1.0
237.0764260626 -53.28877635041 0.0239 0.0221 65.9342 "" "" 5885791816315140992 882.345581 1.0972 0.033 -2.455 -3.058 0.036 0.034 0.944 5405.1 4.5863 15.485412 1.208611 16.008402 14.799791 "" "" 855.757324 910.345642 12044.31134 10.203 5395.8 19.436 9533.3 28.642 "" "" 0.00290477729899051 0.004804175 0.0049924334 0.009796608 237.0764260626 -53.28877635041 882.345581 -2.455 -3.057999999999999 0.0636874866485595 0.07490619850158708 0.13487537 0.13287538 "" "" 0.41121002280291324 "" 0.05498625632708713 "" 0.9
238.17755986262 -54.56186871813 0.0233 0.0194 35.7235 "" "" 5884649836074425984 838.880737 1.1544 0.0316 -2.435 -3.262 0.036 0.031 0.935 5696.9 4.4608 15.552975 1.457026 16.209375 14.75235 "" "" 820.188538 862.331909 11317.66716 11.383 4484.0 18.56 9959.1 45.549 "" "" 0.0029638255122615663 0.0052897464 0.0062403684 0.011530114 238.17755986262 -54.56186871813 838.880737 -2.4350000000000014 -3.2620000000000013 0.08368748664855952 -0.1290938014984131 0.13487537 0.12987538 "" "" 0.6117397897431175 "" 0.08036713098538885 "" 1.0
237.52568400572 -54.40276212145 0.0292 0.0209 11.4594 "" "" 5884852592856119552 819.205139 1.1803 0.0379 -2.454 -3.122 0.037 0.031 0.963 5565.9 4.5333 15.586287 1.337984 16.180449 14.842464 "" "" 796.226074 842.043762 10975.69487 14.196 4605.1 25.542 9165.8 44.463 "" "" 0.0030925447712312113 0.0066369744 0.006482566 0.01311954 237.52568400572 -54.40276212145 819.205139 -2.454 -3.122 0.06468748664855939 0.010906198501587028 0.13587537 0.12987538 "" "" 0.2547285829293561 "" 0.034570005788798576 "" 0.9
235.79039624384 -55.05749130334 0.0281 0.0228 63.3174 "" "" 5884469859734092416 877.974792 1.1045 0.0367 -2.449 -3.151 0.039 0.032 1.009 5140.7 4.2352 15.717247 1.681382 16.514204 14.832822 "" "" 851.696228 906.413635 9728.5431 4.0852 3386.4 12.991 9247.6 15.318 "" "" 0.0027927859840202675 0.0050133183 0.004185467 0.009198785 235.79039624384 -55.05749130334 877.974792 -2.449 -3.151 0.06968748664855973 -0.018093801498412887 0.13787538 0.13087538 "" "" 0.29962747576113585 "" 0.04118194811379432 "" 0.9
237.0780372097 -54.79412325153 0.0275 0.0237 24.8875 "" "" 5884816652569137408 850.538391 1.1402 0.0381 -2.611 -3.199 0.04 0.034 1.049 4882.4 4.3231 15.73644 1.490895 16.421265 14.930369 "" "" 824.164795 877.408997 9558.0824 13.1 3689.0 20.6 8453.0 36.898 "" "" 0.0031314783480754335 0.006674146 0.006061758 0.012735903 237.0780372097 -54.79412325153 850.538391 -2.6109999999999998 -3.1990000000000016 -0.09231251335144064 -0.06609380149841293 0.13887537 0.13287538 "" "" 0.45771860456644375 "" 0.06264860968707431 "" 0.8
237.57065936819 -54.62645598026 0.0282 0.0239 19.4163 "" "" 5884813594552429696 853.726929 1.1339 0.0377 -2.559 -3.14 0.04 0.034 0.928 4891.3 4.3971 15.761521 1.293412 16.332418 15.039006 "" "" 825.783875 884.991882 9339.81478 10.704 4003.6 18.51 7648.1 21.618 "" "" 0.003023263500981642 0.0057430565 0.004868473 0.010611529 237.57065936819 -54.62645598026 853.726929 -2.559 -3.1399999999999997 -0.04031251335144059 -0.00709380149841321 0.13887537 0.13287538 "" "" 0.16563772901258325 "" 0.02297377643657476 "" 0.9
236.93053677237 -54.25373130303 0.0286 0.023 12.2715 "" "" 5884883619700809216 883.975037 1.0859 0.0364 -2.44 -3.163 0.042 0.033 1.02 5694.5 4.3423 15.791018 1.424632 16.436958 15.012326 "" "" 856.791748 914.497437 9089.491 11.747 3636.1 20.968 7838.4 26.316 "" "" 0.003092036274099379 0.0068545965 0.0052508027 0.0121054 236.93053677237 -54.25373130303 883.975037 -2.4400000000000013 -3.163000000000001 0.07868748664855962 -0.030093801498412898 0.14087537 0.13187537 "" "" 0.35299347828029565 "" 0.04933409088271163 "" 0.8
237.54048371362 -54.5407917541 0.0302 0.0233 15.1278 "" "" 5884838127406213120 818.887024 1.1875 0.0388 -2.534 -3.113 0.039 0.034 1.023 5197.7 4.5878 15.851638 1.446046 16.509544 15.063498 "" "" 793.070801 853.304199 8595.90222 14.04 3400.9 19.588 7477.5 37.12 "" "" 0.003276681078996235 0.0068476885 0.006582864 0.013430553 237.54048371362 -54.5407917541 818.887024 -2.5340000000000007 -3.1130000000000004 -0.015312513351440238 0.019906198501586925 0.13787538 0.13287538 "" "" 0.09748190501198914 "" 0.01313625124803637 "" 0.8
236.14026397897 -53.48954936654 0.0299 0.0233 65.4728 "" "" 5885702515348728832 874.21344 1.1099 0.0376 -2.595 -3.045 0.044 0.035 0.954 5496.1 4.5883 15.925947 1.454717 16.5866 15.131883 "" "" 846.01355 897.338196 8027.27233 14.406 3167.9 24.808 7021.1 41.632 "" "" 0.003374674731556433 0.008948568 0.007465299 0.016413867 236.14026397897 -53.48954936654 874.21344 -2.5950000000000006 -3.045 -0.07631251335144063 0.08790619850158699 0.14287537 0.13387537 "" "" 0.48237310623749746 "" 0.06647833060118837 "" 0.9
237.27828283807 -54.45068963628 0.0317 0.0259 4.8014 "" "" 5884830980580230016 884.335327 1.1024 0.0415 -2.582 -3.183 0.041 0.039 1.048 5162.3 4.6204 16.017504 1.474304 16.690956 15.216652 "" "" 848.747803 914.300659 7378.10979 9.7294 2877.6 16.885 6493.8 21.151 "" "" 0.0031051053328491588 0.006955021 0.005175863 0.012130884 237.27828283807 -54.45068963628 884.335327 -2.5819999999999985 -3.182999999999997 -0.06331251335144028 -0.050093801498412915 0.13987538 0.13787538 "" "" 0.3384137026965156 "" 0.04707631775835703 "" 1.0
237.9972929732 -54.62401806022 0.0315 0.0268 31.2821 "" "" 5884646503179920256 809.251282 1.2088 0.0458 -2.477 -2.975 0.049 0.041 0.967 4950.3 4.4494 16.168201 1.516444 16.86006 15.343616 "" "" 775.212036 840.350159 6421.93387 3.3848 2462.6 7.1848 5777.1 12.265 "" "" 0.0028141194060731624 0.0042213057 0.0044268523 0.008648158 237.9972929732 -54.62401806022 809.251282 -2.4770000000000008 -2.9749999999999996 0.0416874866485597 0.15790619850158683 0.14787537 0.13987538 "" "" 0.6264570078086 "" 0.08796114742541199 "" 1.0
237.15408987567 -54.37239293835 0.031 0.0279 1.7504 "" "" 5884879290373601920 895.861511 1.097 0.0418 -2.608 -3.087 0.043 0.042 0.955 4642.5 4.3665 16.193327 1.474374 16.873251 15.398877 "" "" 862.703491 933.026489 6275.02836 9.6731 2432.9 15.155 5490.4 29.502 "" "" 0.003223820449899 0.0073161954 0.006951268 0.014267463 237.15408987567 -54.37239293835 895.861511 -2.608000000000001 -3.0869999999999993 -0.08931251335144053 0.045906198501586726 0.14187537 0.14087537 "" "" 0.4264203087026938 "" 0.06040967481078965 "" 0.9
238.59286105913 -54.0907998082 0.0477 0.041 51.9704 "" "" 5884757588198493056 852.443054 1.1592 0.0591 -2.374 -3.228 0.064 0.061 0.956 4498.2 4.399 16.555714 1.642978 17.305792 15.662814 "" "" 812.210815 894.566406 4494.29378 5.4196 1633.4 15.778 4305.6 34.741 "" "" 0.0030505711354753924 0.0108525865 0.009541044 0.02039363 238.59286105913 -54.0907998082 852.443054 -2.3740000000000006 -3.227999999999999 0.14468748664855946 -0.09509380149841329 0.16287538 0.15987538 "" "" 0.6995841706053791 "" 0.1133160324284921 "" 0.8
