Clusters/UPK_621/UPK_621_stars_in_region.tsv
# %ECSV 1.0
# ---
# datatype:
# - name: RA_ICRS_1
#   unit: deg
#   datatype: float64
#   format: '{:15.11f}'
#   description: Right ascension (ICRS) at Ep=2016.0 (ra)
#   meta: !!omap
#   - {ucd: POS_EQ_RA_MAIN}
#   - {width: 15}
#   - {precision: '11'}
# - name: DE_ICRS_1
#   unit: deg
#   datatype: float64
#   format: '{:15.11f}'
#   description: Declination (ICRS) at Ep=2016.0 (dec)
#   meta: !!omap
#   - {ucd: POS_EQ_DEC_MAIN}
#   - {width: 15}
#   - {precision: '11'}
# - name: e_RA_ICRS
#   unit: mas
#   datatype: float64
#   format: '{:7.4f}'
#   description: Standard error of right ascension (ra_error)
#   meta: !!omap
#   - {ucd: ERROR}
#   - {width: 7}
#   - {precision: '4'}
# - name: e_DE_ICRS
#   unit: mas
#   datatype: float64
#   format: '{:7.4f}'
#   description: Standard error of declination (dec_error)
#   meta: !!omap
#   - {ucd: ERROR}
#   - {width: 7}
#   - {precision: '4'}
# - name: _r_1
#   unit: ''
#   datatype: float64
#   format: '{:7.4f}'
#   description: Distance from center (237.19901351000-54.38529672000)[ICRS], at Epoch=J2016.0
#   meta: !!omap
#   - {ucd: POS_ANG_DIST_GENERAL}
#   - {width: 7}
#   - {precision: '4'}
# - name: HIP
#   datatype: int32
#   description: '? HIP cross-id number, van Leeuwen, Cat. I/311 (hip_original_ext_source_id)'
#   meta: !!omap
#   - {ucd: ID_NUMBER}
#   - {width: 6}
#   - values: {'null': -2147483648}
# - name: TYC2
#   datatype: string
#   description: Tycho-2 cross-id name, Hog et al., Cat. I/259 (tyc2_original_ext_source_id)
#   meta: !!omap
#   - {ucd: ID_CROSSID}
#   - {_votable_string_dtype: char}
# - name: Source
#   datatype: int64
#   description: Source identifier, identical to the Gaia-EDR3 source_id (id)
#   meta: !!omap
#   - {ucd: ID_MAIN}
#   - {width: 19}
# - name: rgeo
#   unit: pc
#   datatype: float64
#   format: '{:15.8f}'
#   description: '? Median of the geometric distance posterior (r_med_geo)'
#   meta: !!omap
#   - {ucd: PHYS_DISTANCE_TRUE}
#   - {width: 15}
#   - {precision: '8'}
#   - values: {'null': .nan}
# - name: Plx
#   unit: mas
#   datatype: float64
#   format: '{:9.4f}'
#   description: '? Parallax (parallax)'
#   meta: !!omap
#   - {ucd: POS_PARLX_TRIG}
#   - {width: 9}
#   - {precision: '4'}
#   - values: {'null': .nan}
# - name: e_Plx
#   unit: mas
#   datatype: float32
#   format: '{:7.4f}'
#   description: '? Standard error of parallax (parallax_error)'
#   meta: !!omap
#   - {ucd: ERROR}
#   - {width: 7}
#   - {precision: '4'}
#   - values: {'null': .nan}
# - name: pmRA
#   unit: mas / yr
#   datatype: float64
#   format: '{:9.3f}'
#   description: '? Proper motion in right ascension direction, pmRA*cosDE (pmra)'
#   meta: !!omap
#   - {ucd: POS_EQ_PMRA}
#   - {width: 9}
#   - {precision: '3'}
#   - values: {'null': .nan}
# - name: pmDE
#   unit: mas / yr
#   datatype: float64
#   format: '{:9.3f}'
#   description: '? Proper motion in declination direction (pmdec)'
#   meta: !!omap
#   - {ucd: POS_EQ_PMDEC}
#   - {width: 9}
#   - {precision: '3'}
#   - values: {'null': .nan}
# - name: e_pmRA
#   unit: mas / yr
#   datatype: float32
#   format: '{:6.3f}'
#   description: '? Standard error of proper motion in right ascension direction (pmra_error)'
#   meta: !!omap
#   - {ucd: ERROR}
#   - {width: 6}
#   - {precision: '3'}
#   - values: {'null': .nan}
# - name: e_pmDE
[...]
#         value: !astropy.table.SerializedColumn {name: SkyCoord.dec}
#       distance: !astropy.table.SerializedColumn
#         __class__: astropy.coordinates.distances.Distance
#         unit: !astropy.units.Unit {unit: pc}
#         value: !astropy.table.SerializedColumn {name: SkyCoord.distance}
#       frame: icrs
#       obstime: !astropy.time.Time {format: jyear_str, in_subfmt: '*', jd1: 367701545.0, jd2: 0.0, out_subfmt: '*', precision: 3, scale: tt}
#       pm_dec: !astropy.table.SerializedColumn
#         __class__: astropy.units.quantity.Quantity
#         unit: !astropy.units.Unit {unit: mas / yr}
#         value: !astropy.table.SerializedColumn {name: SkyCoord.pm_dec}
#       pm_ra_cosdec: !astropy.table.SerializedColumn
#         __class__: astropy.units.quantity.Quantity
#         unit: !astropy.units.Unit {unit: mas / yr}
#         value: !astropy.table.SerializedColumn {name: SkyCoord.pm_ra_cosdec}
#       ra: !astropy.table.SerializedColumn
#         __class__: astropy.coordinates.angles.Longitude
#         unit: *id001
#         value: !astropy.table.SerializedColumn {name: SkyCoord.ra}
#         wrap_angle: !astropy.coordinates.Angle
#           unit: *id001
#           value: 360.0
#       representation_type: spherical
# schema: astropy-2.0
RA_ICRS_1 DE_ICRS_1 e_RA_ICRS e_DE_ICRS _r_1 HIP TYC2 Source rgeo Plx e_Plx pmRA pmDE e_pmRA e_pmDE RUWE Teff logg Gmag BP-RP BPmag RPmag RV e_RV b_rgeo B_rgeo FG e_FG FBP e_FBP FRP e_FRP RAVE5 RAVE6 e_Gmag e_BPmag e_RPmag e_BP-RP SkyCoord.ra SkyCoord.dec SkyCoord.distance SkyCoord.pm_ra_cosdec SkyCoord.pm_dec rmRA rmDE e_rmRA e_rmDE rRV e_rRV v_pec v_pec3d e_vpec e_vpec3d
[from data line 482]
237.19195498287 -55.20853621013 0.0128 0.0118 49.395 "" "" 5884420416069521408 726.639465 1.3449 0.0167 -1.1 -4.891 0.021 0.02 0.9 "" "" 12.946026 0.777229 13.252329 12.4751 10.47 3.51 718.853394 734.85321 124892.52064 24.762 68310.0 25.551 81118.0 23.448 "" "" 0.002763716421553238 0.0028195702 0.0037923902 0.0066119605 237.19195498287 -55.20853621013 726.639465 -1.0999999999999999 -4.891 1.4186874866485595 -1.758093801498413 0.11987537 0.11887537 17.74818181818182 6.161443 7.780979586292551 19.37889576765253 0.9280431744309302 5.655253761795039
237.43529212347 -54.43257897286 0.0141 0.0117 8.7249 "" "" 5884851390265276288 895.843384 1.093 0.0196 -5.145 -10.01 0.02 0.019 0.982 6335.8 3.7087 12.947533 1.096203 13.41237 12.316167 10.1 1.91 882.326538 907.959961 124719.32772 27.232 58948.0 38.825 93906.0 32.263 "" "" 0.002765499936797488 0.00288035 0.0037977458 0.006678096 237.43529212347 -54.43257897286 895.843384 -5.145000000000001 -10.010000000000005 -2.62631251335144 -6.877093801498413 0.11887537 0.117875375 17.378181818181815 4.5614433 31.25919342771627 35.765044066199124 3.688682485267876 3.912335726434504
238.22530802198 -53.87011720578 0.0118 0.0098 47.5121 "" "" 5884954297685040256 852.84906 1.1429 0.0152 -2.581 -7.765 0.016 0.014 0.824 6333.0 3.8207 12.949489 0.988702 13.355775 12.367073 -46.14 3.3 842.067749 863.7854 124494.83985 20.692 62102.0 30.258 89604.0 30.633 "" "" 0.002761223348821323 0.0028398756 0.0037975654 0.006637441 238.22530802198 -53.87011720578 852.84906 -2.581000000000003 -7.765000000000001 -0.06231251335144039 -4.632093801498413 0.114875376 0.11287537 -38.86181818181818 5.951443 18.72695447927156 43.13861073870371 2.1138187931640324 5.439374723762316
238.28769861886 -54.36212870564 0.0123 0.0101 38.0743 "" "" 5884749582379237376 987.133789 0.988 0.0167 -5.0 -5.788 0.018 0.016 0.91 "" "" 12.949547 0.753818 13.244132 12.490315 "" "" 967.677307 1002.79749 124488.10355 26.523 68828.0 35.081 79989.0 25.667 "" "" 0.0027650135267238917 0.002844519 0.0037954056 0.006639925 238.28769861886 -54.36212870564 987.133789 -4.999999999999999 -5.788000000000002 -2.4813125133514404 -2.6550938014984133 0.11687537 0.114875376 "" "" 17.003845751256847 "" 1.969250798901307 ""
237.27439573289 -54.64704803408 0.0121 0.0099 15.923 "" "" 5884824207405113216 948.186951 1.0275 0.0152 -8.628 -9.17 0.017 0.014 0.857 6705.5 3.8665 12.950381 1.019699 13.373046 12.353347 -62.95 3.83 935.226685 961.172607 124392.53918 19.827 61122.0 29.708 90744.0 39.483 "" "" 0.0027607495040518127 0.0028396358 0.0038087917 0.006648428 237.27439573289 -54.64704803408 948.186951 -8.628 -9.170000000000002 -6.1093125133514405 -6.037093801498413 0.11587538 0.11287537 -55.67181818181818 6.4814434 38.602266011531746 67.74574732700556 4.416216752446413 5.89081615373662
235.86769903432 -54.86174057037 0.0185 0.0171 54.3664 "" "" 5884478106071667456 800.558777 1.2239 0.0268 -7.781 -12.696 0.025 0.024 1.435 6576.0 4.0094 12.95695 0.786007 13.267403 12.481396 -50.79 2.04 784.838684 816.706848 123642.18388 23.92 67368.0 28.084 80649.0 33.961 "" "" 0.0027633149687291535 0.0028266427 0.0038069356 0.0066335783 235.86769903432 -54.86174057037 800.558777 -7.780999999999997 -12.695999999999994 -5.26231251335144 -9.563093801498413 0.12387537 0.12287538 -43.511818181818185 4.6914434 41.419888152185365 60.0739998337646 5.099141276098891 4.889497443115364
235.75716118926 -53.662524325 0.0118 0.0119 66.8062 "" "" 5885722443997489024 911.007446 1.0642 0.0159 1.086 -4.059 0.016 0.017 0.867 "" "" 12.95719 0.791255 13.259786 12.468531 -30.62 3.89 897.110352 927.995483 123614.83255 25.687 67843.0 26.402 81610.0 32.307 "" "" 0.0027645417940011245 0.0028219812 0.0038037435 0.006625725 235.75716118926 -53.662524325 911.007446 1.086 -4.059 3.60468748664856 -0.9260938014984132 0.114875376 0.11587538 -23.341818181818184 6.5414433 16.07116805539153 28.33942340093911 1.84718063114619 5.488759301044004
236.93914213421 -54.812836691 0.0107 0.0102 27.1961 "" "" 5884444261728377600 1029.2782 0.9483 0.0152 1.178 -2.825 0.016 0.016 0.813 6925.2 3.7364 12.966124 1.108477 13.43242 12.323943 -15.39 3.47 1013.83612 1047.02148 122601.9789 20.494 57869.0 30.791 93235.0 30.557 "" "" 0.002761291029705806 0.0028493484 0.0037960967 0.006645445 236.93914213421 -54.812836691 1029.2782 1.178 -2.825 3.6966874866485595 0.30790619850158674 0.114875376 0.114875376 -8.111818181818183 6.1214433 18.097773145577882 19.832573888521782 2.078988498924235 3.1413279560893486
238.06876763156 -55.20882226548 0.0106 0.0093 57.848 "" "" 5884593550485189504 833.490967 1.1688 0.0163 -8.606 -2.208 0.016 0.015 0.871 "" "" 12.969657 0.855675 13.311602 12.455927 "" "" 823.946533 846.152649 122203.58988 21.378 64681.0 23.311 82563.0 30.626 "" "" 0.002761858994754105 0.0028174745 0.0038007803 0.006618255 238.06876763156 -55.20882226548 833.490967 -8.606 -2.2080000000000006 -6.08731251335144 0.9249061985015867 0.114875376 0.113875374 "" "" 24.325448569278006 "" 2.793848491071213 ""
237.878485278 -54.39967382888 0.0524 0.0414 23.7521 "" "" 5884843247007734528 1038.90601 0.9534 0.0708 8.578 5.462 0.066 0.061 3.441 "" "" 12.971785 0.828943 13.296186 12.467243 "" "" 962.094543 1111.28284 121964.37058 39.11 65606.0 40.527 81707.0 26.994 "" "" 0.002777229724931141 0.0028696482 0.0037963658 0.006666014 237.878485278 -54.39967382888 1038.90601 8.578000000000007 5.4619999999999935 11.096687486648559 8.594906198501587 0.16487537 0.15987538 "" "" 69.11900977648641 "" 11.267677098450795 ""
237.01894994315 -54.3712865071 0.011 0.0107 6.3484 "" "" 5884879805769718144 914.708923 1.0597 0.0147 -0.72 -2.104 0.015 0.015 0.862 9869.1 4.4201 12.972289 0.607568 13.202733 12.595165 "" "" 901.289734 929.242126 121907.68843 30.855 71503.0 46.552 72626.0 25.428 "" "" 0.00276898991498077 0.0028783174 0.0037984515 0.006676769 237.01894994315 -54.3712865071 914.708923 -0.72 -2.104000000000001 1.7986874866485596 1.0289061985015868 0.113875374 0.113875374 "" "" 8.98438732317822 "" 1.0231004683663272 ""
238.18758472815 -54.65593145317 0.0101 0.0087 38.0635 "" "" 5884648942721720064 841.757874 1.1622 0.0149 -9.866 -8.977 0.015 0.014 0.854 6776.9 3.885 12.978362 1.097324 13.439528 12.342203 -29.55 4.0 831.635315 850.653992 121227.76555 19.133 57492.0 30.154 91680.0 40.347 "" "" 0.002760643600406602 0.0028476887 0.0038094665 0.006657155 238.18758472815 -54.65593145317 841.757874 -9.866000000000001 -8.977 -7.34731251335144 -5.844093801498413 0.113875374 0.11287537 -22.271818181818183 6.6514435 37.457886172203715 43.57897568339276 4.251054773500552 4.990679517534161
236.02645780948 -55.11133693532 0.0105 0.009 59.551 "" "" 5884460135928351744 749.529602 1.3064 0.0139 -9.467 -9.331 0.015 0.013 0.81 6589.6 4.0475 12.978539 0.78941 13.290896 12.501487 -23.63 3.27 742.118774 756.784058 121207.9044 25.149 65926.0 33.148 79171.0 27.995 "" "" 0.0027645141501511593 0.0028430743 0.0037988313 0.0066419058 236.02645780948 -55.11133693532 749.529602 -9.467000000000006 -9.330999999999994 -6.948312513351441 -6.198093801498413 0.113875374 0.11187537 -16.35181818181818 5.921443 33.07997651668482 36.90076969652068 3.7378224154750055 4.255943312214969
237.176387011 -53.62347109866 0.0121 0.0094 45.7165 "" "" 5885027995013681024 1034.01917 0.9335 0.0156 -0.951 -4.602 0.015 0.014 0.842 9401.9 4.2278 12.981803 0.54716 13.188971 12.64181 "" "" 1013.71454 1053.08069 120844.14663 49.133 72415.0 58.041 69572.0 49.321 "" "" 0.002790458551503881 0.0029227275 0.0038569632 0.0067796907 237.176387011 -53.62347109866 1034.01917 -0.9510000000000005 -4.602000000000002 1.5676874866485595 -1.4690938014984134 0.113875374 0.11287537 "" "" 10.530141756564715 "" 1.1942118266393258 ""
238.43399537344 -55.2399228435 0.0101 0.0084 66.7261 "" "" 5884549230763905664 1009.48993 0.9627 0.0144 -2.227 -3.958 0.015 0.014 0.843 "" "" 12.983611 0.951983 13.371398 12.419415 "" "" 993.76532 1021.55658 120643.04813 18.935 61215.0 24.682 85387.0 29.403 "" "" 0.0027605847088614005 0.0028243037 0.0037978294 0.006622133 238.43399537344 -55.2399228435 1009.48993 -2.2270000000000003 -3.9579999999999966 0.2916874866485597 -0.8250938014984133 0.113875374 0.11287537 "" "" 4.187505738631541 "" 0.47313330084378596 ""
237.45322055602 -53.37712740212 0.0121 0.0113 61.1545 "" "" 5885037924979941632 953.590881 1.0147 0.0155 -1.444 -2.397 0.017 0.016 0.795 8292.8 4.2746 12.984541 0.535396 13.188031 12.652636 "" "" 940.827881 969.689941 120539.81261 41.366 72478.0 46.453 68882.0 28.633 "" "" 0.002780398646852557 0.0028756375 0.003806234 0.0066818716 237.45322055602 -53.37712740212 953.590881 -1.4439999999999995 -2.3970000000000002 1.0746874866485596 0.7359061985015871 0.11587538 0.114875376 "" "" 5.887335522814929 "" 0.6803234156369256 ""
237.48261841962 -53.517548595 0.0233 0.0197 53.019 "" "" 5885023601281107072 1040.23938 0.936 0.0304 -1.776 -4.479 0.03 0.028 1.313 7984.3 4.0171 12.986814 0.614856 13.218617 12.603762 "" "" 999.559875 1070.89099 120287.75702 55.315 70464.0 50.414 72053.0 30.692 "" "" 0.00280019138287482 0.0028962845 0.003807574 0.0067038583 237.48261841962 -53.517548595 1040.23938 -1.7760000000000007 -4.479000000000001 0.7426874866485595 -1.3460938014984132 0.12887537 0.12687537 "" "" 7.580438448479498 "" 0.965330354292954 ""
235.89041104706 -54.40095530099 0.0124 0.0109 45.7227 "" "" 5885268208250451200 971.001648 1.0078 0.0165 -3.593 -5.355 0.017 0.017 0.93 "" "" 12.989182 0.966289 13.372594 12.406305 -31.68 5.68 956.782532 986.449219 120025.63588 25.98 61148.0 71.785 86424.0 129.95 "" "" 0.0027653245534253004 0.0030675181 0.0041169096 0.0071844277 235.89041104706 -54.40095530099 971.001648 -3.593 -5.355 -1.0743125133514404 -2.2220938014984135 0.11587538 0.11587538 -24.401818181818182 8.331443 11.359856530249901 26.916446105798844 1.31632767232066 7.573493652489428
236.81642371321 -54.34785116708 0.0207 0.0184 13.5611 "" "" 5884882142232006912 723.923279 1.3577 0.0263 -4.187 -1.538 0.03 0.026 1.676 6436.0 4.1161 12.996375 0.848459 13.334457 12.485998 -18.13 3.53 705.559692 738.625366 119233.04945 47.894 63334.0 59.499 80308.0 58.76 "" "" 0.0027896222819880955 0.0029707632 0.0038619712 0.0068327347 236.81642371321 -54.34785116708 723.923279 -4.187 -1.5380000000000003 -1.6683125133514407 1.5949061985015869 0.12887537 0.124875374 -10.851818181818182 6.181443 7.919758224549278 13.434453028931085 1.0056590467482367 5.0281965875140076
237.19733414522 -54.51149824535 0.0128 0.0108 7.5723 "" "" 5884829125154340224 828.943665 1.1807 0.0167 -16.507 -8.49 0.017 0.016 1.045 4919.4 3.4465 12.997191 1.43878 13.653585 12.214806 -8.84 0.95 818.791748 839.067444 119143.41424 23.093 47204.0 28.99 103090.0 36.352 "" "" 0.0027633450174979813 0.0028687394 0.0037987242 0.0066674636 237.19733414522 -54.51149824535 828.943665 -16.506999999999977 -8.489999999999984 -13.988312513351442 -5.357093801498413 0.11587538 0.114875376 -1.5618181818181824 3.6014433 58.85549956597942 58.87621850283917 6.812403643746842 6.810676406651982
237.49188675281 -53.5887396274 0.0153 0.0138 48.8973 "" "" 5885022879726574464 989.458374 0.9876 0.0207 -9.409 -13.911 0.022 0.02 1.08 4938.5 3.1161 13.001032 1.467279 13.674213 12.206934 78.26 3.75 971.343811 1008.27222 118722.77685 16.39 46316.0 26.765 103840.0 27.159 "" "" 0.0027593941471906 0.002859844 0.0037900351 0.006649879 237.49188675281 -53.5887396274 989.458374 -9.409000000000002 -13.911000000000001 -6.890312513351441 -10.778093801498413 0.12087537 0.11887537 85.53818181818183 6.4014435 59.9964469608509 104.48135812998665 7.1671191485984185 6.6636477087141515
238.07759248922 -53.99556574031 0.0124 0.0111 38.7048 "" "" 5884951617625367168 735.486389 1.3315 0.0166 4.598 -8.169 0.019 0.015 0.873 5516.8 3.8002 13.006415 1.059716 13.451585 12.391869 -33.02 1.67 728.74646 743.851624 118135.5433 20.89 56857.0 31.257 87581.0 28.074 "" "" 0.002762001116449488 0.0028532988 0.0037953726 0.0066486713 238.07759248922 -53.99556574031 735.486389 4.598000000000005 -8.169 7.116687486648559 -5.036093801498414 0.117875375 0.113875374 -25.741818181818186 4.321443 30.39393055716413 39.83004165224411 3.5425933799799636 3.886939036861773
236.97198594177 -54.43351275865 0.0344 0.0334 8.439 "" "" 5884877778545111552 864.635986 1.1271 0.0467 -1.507 -5.241 0.047 0.046 3.069 6312.7 3.7455 13.012611 0.853141 13.350324 12.497183 21.14 2.5 833.420288 902.533081 117463.26948 36.462 62415.0 29.075 79485.0 26.412 "" "" 0.0027758558251551432 0.00283564 0.0037965628 0.006632203 236.97198594177 -54.43351275865 864.635986 -1.5070000000000006 -5.241 1.0116874866485597 -2.1080938014984127 0.14587536 0.14487538 28.418181818181818 5.1514435 9.583162799324427 29.990499613870977 1.390163266987337 4.9015381250151595
236.13793679051 -53.91771950889 0.0332 0.0289 46.6598 "" "" 5885668361767765888 871.911865 1.1228 0.0439 -5.977 -6.835 0.045 0.04 2.908 "" "" 13.013802 0.815267 13.335119 12.519853 2.45 3.26 839.516113 909.336182 117334.61706 51.105 63295.0 34.566 77843.0 44.949 "" "" 0.0027956065165624035 0.0028524753 0.0038310285 0.0066835037 236.13793679051 -53.91771950889 871.911865 -5.976999999999997 -6.835000000000003 -3.4583125133514407 -3.702093801498413 0.14387538 0.13887537 9.728181818181817 5.911443 20.93751572474767 23.08716280125514 2.9569501814502512 3.660009051463065
237.6660053638 -54.73468897599 0.0103 0.0088 26.5223 "" "" 5884808852908424704 881.388245 1.1021 0.0139 -7.491 -6.788 0.016 0.013 0.934 "" "" 13.015402 1.010333 13.433446 12.423113 -27.35 4.69 870.95813 892.203003 117161.80679 18.444 57815.0 35.243 85097.0 31.236 "" "" 0.002760616437590324 0.0028675925 0.0038003365 0.006667929 237.6660053638 -54.73468897599 881.388245 -7.490999999999998 -6.787999999999999 -4.97231251335144 -3.6550938014984133 0.114875376 0.11187537 -20.071818181818184 7.341443 25.78188144949201 32.673893190123934 2.934802582626107 5.069709291890568
237.14741622275 -53.96447520823 0.0102 0.0092 25.3142 "" "" 5884917326604846336 860.263245 1.1264 0.0139 -4.977 -1.751 0.013 0.013 0.849 "" "" 13.016356 0.804693 13.33426 12.529567 "" "" 851.452393 872.261414 117058.86589 26.91 63345.0 41.108 77149.0 45.51 "" "" 0.0027666019655672417 0.0028777595 0.0038332667 0.006711026 237.14741622275 -53.96447520823 860.263245 -4.9769999999999985 -1.750999999999999 -2.4583125133514407 1.381906198501587 0.11187537 0.11187537 "" "" 11.499375335659686 "" 1.2864968721114176 ""
236.21667126854 -54.01269041045 0.0146 0.0125 41.0917 "" "" 5885649429551795328 991.700806 0.9797 0.0179 0.459 -5.405 0.02 0.018 1.07 8058.8 4.0608 13.022834 1.022825 13.442763 12.419938 "" "" 973.411987 1007.23999 116362.53548 22.912 57321.0 45.942 85346.0 41.148 "" "" 0.002763601414220552 0.0029227214 0.0038154614 0.006738183 236.21667126854 -54.01269041045 991.700806 0.4589999999999992 -5.405000000000001 2.9776874866485596 -2.2720938014984133 0.11887537 0.11687537 "" "" 17.606493732263438 "" 2.080090096285996 ""
237.52733918769 -54.03227535261 0.0122 0.0102 24.1117 "" "" 5884867230105040000 960.22052 1.0117 0.0159 -6.048 -4.093 0.018 0.016 0.966 6853.5 3.8226 13.023452 0.965216 13.41857 12.453355 -51.49 5.47 945.153198 970.66272 116296.28732 34.348 58612.0 28.067 82759.0 30.977 "" "" 0.002773917698771859 0.002838197 0.0038011689 0.006639366 237.52733918769 -54.03227535261 960.22052 -6.048 -4.093 -3.5293125133514405 -0.9600938014984131 0.11687537 0.114875376 -44.21181818181819 8.121443 16.647235020294236 47.24209246808464 1.943375993013143 7.631293330063837
