Clusters/UPK_621/UPK_621_stars_in_region.tsv
# %ECSV 1.0
# ---
# datatype:
# - name: RA_ICRS_1
#   unit: deg
#   datatype: float64
#   format: '{:15.11f}'
#   description: Right ascension (ICRS) at Ep=2016.0 (ra)
#   meta: !!omap
#   - {ucd: POS_EQ_RA_MAIN}
#   - {width: 15}
#   - {precision: '11'}
# - name: DE_ICRS_1
#   unit: deg
#   datatype: float64
#   format: '{:15.11f}'
#   description: Declination (ICRS) at Ep=2016.0 (dec)
#   meta: !!omap
#   - {ucd: POS_EQ_DEC_MAIN}
#   - {width: 15}
#   - {precision: '11'}
# - name: e_RA_ICRS
#   unit: mas
#   datatype: float64
#   format: '{:7.4f}'
#   description: Standard error of right ascension (ra_error)
#   meta: !!omap
#   - {ucd: ERROR}
#   - {width: 7}
#   - {precision: '4'}
# - name: e_DE_ICRS
#   unit: mas
#   datatype: float64
#   format: '{:7.4f}'
#   description: Standard error of declination (dec_error)
#   meta: !!omap
#   - {ucd: ERROR}
#   - {width: 7}
#   - {precision: '4'}
# - name: _r_1
#   unit: ''
#   datatype: float64
#   format: '{:7.4f}'
#   description: Distance from center (237.19901351000-54.38529672000)[ICRS], at Epoch=J2016.0
#   meta: !!omap
#   - {ucd: POS_ANG_DIST_GENERAL}
#   - {width: 7}
#   - {precision: '4'}
# - name: HIP
#   datatype: int32
#   description: '? HIP cross-id number, van Leeuwen, Cat. I/311 (hip_original_ext_source_id)'
#   meta: !!omap
#   - {ucd: ID_NUMBER}
#   - {width: 6}
#   - values: {'null': -2147483648}
# - name: TYC2
#   datatype: string
#   description: Tycho-2 cross-id name, Hog et al., Cat. I/259 (tyc2_original_ext_source_id)
#   meta: !!omap
#   - {ucd: ID_CROSSID}
#   - {_votable_string_dtype: char}
# - name: Source
#   datatype: int64
#   description: Source identifier, identical to the Gaia-EDR3 source_id (id)
#   meta: !!omap
#   - {ucd: ID_MAIN}
#   - {width: 19}
# - name: rgeo
#   unit: pc
#   datatype: float64
#   format: '{:15.8f}'
#   description: '? Median of the geometric distance posterior (r_med_geo)'
#   meta: !!omap
#   - {ucd: PHYS_DISTANCE_TRUE}
#   - {width: 15}
#   - {precision: '8'}
#   - values: {'null': .nan}
# - name: Plx
#   unit: mas
#   datatype: float64
#   format: '{:9.4f}'
#   description: '? Parallax (parallax)'
#   meta: !!omap
#   - {ucd: POS_PARLX_TRIG}
#   - {width: 9}
#   - {precision: '4'}
#   - values: {'null': .nan}
# - name: e_Plx
#   unit: mas
#   datatype: float32
#   format: '{:7.4f}'
#   description: '? Standard error of parallax (parallax_error)'
#   meta: !!omap
#   - {ucd: ERROR}
#   - {width: 7}
#   - {precision: '4'}
#   - values: {'null': .nan}
# - name: pmRA
#   unit: mas / yr
#   datatype: float64
#   format: '{:9.3f}'
#   description: '? Proper motion in right ascension direction, pmRA*cosDE (pmra)'
#   meta: !!omap
#   - {ucd: POS_EQ_PMRA}
#   - {width: 9}
#   - {precision: '3'}
#   - values: {'null': .nan}
# - name: pmDE
#   unit: mas / yr
#   datatype: float64
#   format: '{:9.3f}'
#   description: '? Proper motion in declination direction (pmdec)'
#   meta: !!omap
#   - {ucd: POS_EQ_PMDEC}
#   - {width: 9}
#   - {precision: '3'}
#   - values: {'null': .nan}
# - name: e_pmRA
#   unit: mas / yr
#   datatype: float32
#   format: '{:6.3f}'
#   description: '? Standard error of proper motion in right ascension direction (pmra_error)'
#   meta: !!omap
#   - {ucd: ERROR}
#   - {width: 6}
#   - {precision: '3'}
#   - values: {'null': .nan}
# - name: e_pmDE
[...]
#         value: !astropy.table.SerializedColumn {name: SkyCoord.dec}
#       distance: !astropy.table.SerializedColumn
#         __class__: astropy.coordinates.distances.Distance
#         unit: !astropy.units.Unit {unit: pc}
#         value: !astropy.table.SerializedColumn {name: SkyCoord.distance}
#       frame: icrs
#       obstime: !astropy.time.Time {format: jyear_str, in_subfmt: '*', jd1: 367701545.0, jd2: 0.0, out_subfmt: '*', precision: 3, scale: tt}
#       pm_dec: !astropy.table.SerializedColumn
#         __class__: astropy.units.quantity.Quantity
#         unit: !astropy.units.Unit {unit: mas / yr}
#         value: !astropy.table.SerializedColumn {name: SkyCoord.pm_dec}
#       pm_ra_cosdec: !astropy.table.SerializedColumn
#         __class__: astropy.units.quantity.Quantity
#         unit: !astropy.units.Unit {unit: mas / yr}
#         value: !astropy.table.SerializedColumn {name: SkyCoord.pm_ra_cosdec}
#       ra: !astropy.table.SerializedColumn
#         __class__: astropy.coordinates.angles.Longitude
#         unit: *id001
#         value: !astropy.table.SerializedColumn {name: SkyCoord.ra}
#         wrap_angle: !astropy.coordinates.Angle
#           unit: *id001
#           value: 360.0
#       representation_type: spherical
# schema: astropy-2.0
RA_ICRS_1 DE_ICRS_1 e_RA_ICRS e_DE_ICRS _r_1 HIP TYC2 Source rgeo Plx e_Plx pmRA pmDE e_pmRA e_pmDE RUWE Teff logg Gmag BP-RP BPmag RPmag RV e_RV b_rgeo B_rgeo FG e_FG FBP e_FBP FRP e_FRP RAVE5 RAVE6 e_Gmag e_BPmag e_RPmag e_BP-RP SkyCoord.ra SkyCoord.dec SkyCoord.distance SkyCoord.pm_ra_cosdec SkyCoord.pm_dec rmRA rmDE e_rmRA e_rmDE rRV e_rRV v_pec v_pec3d e_vpec e_vpec3d
[from data line 3301]
235.80313197808 -54.73917915179 0.028 0.023 52.9993 "" "" 5885231374610299136 1007.45538 0.9579 0.0364 -1.015 -2.319 0.038 0.034 1.038 5822.5 4.4477 15.807438 1.368958 16.400568 15.03161 "" "" 970.334045 1042.68774 8953.06257 3.2673 3760.0 9.6338 7700.4 10.727 "" "" 0.002783663683699733 0.0039400193 0.0040707886 0.008010808 235.80313197808 -54.73917915179 1007.45538 -1.0149999999999997 -2.319 1.5036874866485597 0.813906198501587 0.13687538 0.13287538 "" "" 8.165018046898473 "" 1.1102736350848552 ""
236.8954283407 -55.27364538707 0.0253 0.0231 54.3236 "" "" 5884416430339896320 1033.46912 0.9259 0.037 -10.77 -0.942 0.04 0.036 1.008 6917.9 4.1355 15.807763 2.059842 16.855127 14.795285 "" "" 995.244385 1075.62903 8950.37827 2.7856 2473.8 7.2921 9572.9 11.227 "" "" 0.0027759634156734278 0.004245938 0.0039881226 0.00823406 236.8954283407 -55.27364538707 1033.46912 -10.77 -0.9420000000000003 -8.25131251335144 2.1909061985015867 0.13887537 0.13487537 "" "" 41.8208278639994 "" 5.797014172030544 ""
238.19900705201 -54.95515984648 0.0259 0.0205 48.7119 "" "" 5884626196573991424 1024.32422 0.9421 0.0399 -0.676 -3.304 0.044 0.034 0.995 5248.4 4.3044 15.807864 1.46762 16.47674 15.00912 "" "" 985.602844 1062.72498 8949.54549 3.8668 3505.3 11.994 7861.6 10.533 "" "" 0.0027949694010122577 0.0046461327 0.0040496667 0.0086958 238.19900705201 -54.95515984648 1024.32422 -0.676000000000001 -3.3039999999999994 1.8426874866485594 -0.1710938014984129 0.14287537 0.13287538 "" "" 8.98527772578676 "" 1.2830335604253704 ""
237.0822034207 -54.4909022893 0.0291 0.0244 7.5342 "" "" 5884830121586780160 735.621094 1.3233 0.0378 -3.309 -14.493 0.038 0.036 1.059 4525.2 4.3503 15.807872 1.465379 16.478994 15.013616 "" "" 716.132629 759.036621 8949.48611 2.992 3498.0 8.3816 7829.1 12.181 "" "" 0.002779127019579723 0.003814851 0.0041397237 0.007954575 237.0822034207 -54.4909022893 735.621094 -3.309000000000001 -14.493000000000002 -0.7903125133514406 -11.360093801498413 0.13687538 0.13487537 "" "" 39.70661482763728 "" 5.35582976930415 ""
236.43254319261 -55.07603974837 0.0273 0.0248 49.2212 "" "" 5884457490228744192 955.198914 1.0085 0.0382 -3.056 -4.138 0.038 0.035 0.938 5055.3 4.2622 15.80789 1.596788 16.554625 14.957837 "" "" 922.491821 992.942383 8949.33454 6.61 3262.6 11.622 8241.8 21.039 "" "" 0.0028696475243984026 0.004769 0.004686724 0.009455724 236.43254319261 -55.07603974837 955.198914 -3.056000000000003 -4.138 -0.5373125133514405 -1.005093801498413 0.13687538 0.13387537 "" "" 5.160158922433706 "" 0.6942888022933634 ""
237.84146523678 -54.97668262168 0.0279 0.0238 41.9005 "" "" 5884614548621815936 734.608032 1.3318 0.0396 -3.047 -10.619 0.043 0.037 1.022 5085.4 4.6725 15.808661 1.313893 16.389568 15.075675 "" "" 714.26886 758.915344 8942.98965 2.6304 3798.3 11.523 7394.1 11.548 "" "" 0.0027737649780921387 0.0043167504 0.0041423524 0.008459102 237.84146523678 -54.97668262168 734.608032 -3.0470000000000024 -10.619 -0.5283125133514406 -7.486093801498413 0.14187537 0.13587537 "" "" 26.13172577649064 "" 3.551452103337605 ""
236.68143983034 -54.6800221155 0.0302 0.0286 25.2465 "" "" 5884493602314248448 976.923584 0.9899 0.0405 -0.666 -14.604 0.042 0.042 0.957 4958.7 4.3582 15.808665 1.538187 16.527851 14.989664 "" "" 944.413391 1018.28705 8942.94369 3.173 3344.1 14.092 8003.7 12.662 "" "" 0.0027821192127359343 0.0053589395 0.004151393 0.009510333 236.68143983034 -54.6800221155 976.923584 -0.6659999999999942 -14.604 1.8526874866485596 -11.471093801498412 0.14087537 0.14087537 "" "" 53.8065919253316 "" 7.580023508813949 ""
235.35405933732 -54.14097276845 0.0282 0.0261 66.2932 "" "" 5885328578312029184 1018.19525 0.9478 0.0398 -3.272 -4.94 0.039 0.036 1.032 5127.2 4.3585 15.808869 1.276959 16.367426 15.090467 "" "" 976.443665 1059.85254 8941.26305 3.9331 3876.6 12.989 7294.1 12.175 "" "" 0.0027964061001709882 0.0045846766 0.0041914233 0.0087761 235.35405933732 -54.14097276845 1018.19525 -3.2719999999999994 -4.940000000000001 -0.7533125133514402 -1.8070938014984135 0.13787538 0.13487537 "" "" 9.448930532689095 "" 1.2786643604129249 ""
238.4516753571 -55.03224263845 0.0781 0.0697 58.2412 "" "" 5884622004686520448 887.972168 1.1169 0.129 -5.267 -6.312 0.126 0.117 3.422 8712.5 4.1008 15.809458 2.776692 17.319363 14.54267 -38.61 6.74 797.181885 1022.49121 8936.42045 6.7185 1613.1 7.6943 12081.0 15.998 "" "" 0.002873688163378179 0.0058826343 0.0040436233 0.009926258 238.4516753571 -55.03224263845 887.972168 -5.267000000000002 -6.311999999999999 -2.7483125133514408 -3.1790938014984134 0.22487538 0.21587537 -31.331818181818182 9.391443 17.687697905747054 35.97968159647166 3.8872224872553973 8.39855016159844
237.257289361 -54.22204019757 0.0275 0.0242 10.0056 "" "" 5884905163257357696 942.071045 1.037 0.0371 6.788 -1.907 0.041 0.038 0.999 4914.8 4.3458 15.81 1.398054 16.437784 15.03973 "" "" 912.643982 975.0224 8931.95601 3.0619 3633.3 9.7652 7643.0 15.342 "" "" 0.0027803448279503477 0.004037389 0.004362755 0.008400144 237.257289361 -54.22204019757 942.071045 6.788 -1.9069999999999987 9.30668748664856 1.2259061985015869 0.13987538 0.13687538 "" "" 41.917225974655764 "" 5.861065911302574 ""
238.10603729757 -53.97189000921 0.0314 0.0281 40.3693 "" "" 5884951789424073600 1009.22253 0.9537 0.0438 -0.099 -5.787 0.044 0.039 1.078 5474.8 4.5461 15.810136 1.43812 16.434778 14.996658 "" "" 965.573547 1065.10034 8930.84166 3.2093 3643.4 13.438 7952.3 61.76 "" "" 0.0027828068352499413 0.004880712 0.009240403 0.014121115 238.10603729757 -53.97189000921 1009.22253 -0.0990000000000002 -5.786999999999999 2.4196874866485594 -2.654093801498413 0.14287537 0.13787538 "" "" 17.180864310971252 "" 2.4081898180201002 ""
237.90793261625 -54.90466265211 0.0358 0.0306 39.7091 "" "" 5884616335328564224 1005.80023 0.9453 0.0518 -1.512 -12.746 0.054 0.048 1.483 6009.2 4.418 15.810195 1.490272 16.440838 14.950566 "" "" 963.75647 1063.86475 8930.35786 4.1599 3623.1 6.7469 8297.2 23.823 "" "" 0.002801352413204454 0.0034457094 0.004899159 0.008344868 237.90793261625 -54.90466265211 1005.80023 -1.512000000000005 -12.746000000000015 1.0066874866485596 -9.613093801498414 0.15287538 0.14687538 "" "" 46.0809694562989 "" 6.771219690054893 ""
237.63707986668 -53.72095195454 0.0299 0.0249 42.7426 "" "" 5885017588324488064 790.956177 1.2276 0.0383 -5.742 -9.009 0.044 0.04 0.977 4816.2 4.4236 15.811321 1.338217 16.412687 15.074471 "" "" 769.878906 813.308472 8921.09452 3.0951 3718.3 8.5744 7402.4 10.341 "" "" 0.0027809499523016295 0.0037488132 0.004072378 0.007821191 237.63707986668 -53.72095195454 790.956177 -5.741999999999995 -9.009 -3.2233125133514404 -5.876093801498413 0.14287537 0.13887537 "" "" 25.127081127124896 "" 3.5130361975576556 ""
236.80026558523 -54.67240190314 0.0294 0.0288 22.1245 "" "" 5884868089098798720 781.173035 1.2411 0.0407 -3.057 -5.553 0.04 0.043 1.062 4995.6 4.6239 15.811762 1.271187 16.371052 15.099865 "" "" 752.990479 806.253174 8917.4739 6.7176 3863.6 14.251 7231.2 17.629 "" "" 0.002874150071652417 0.004880904 0.004614102 0.009495007 236.80026558523 -54.67240190314 781.173035 -3.0569999999999995 -5.552999999999999 -0.5383125133514404 -2.420093801498413 0.13887537 0.14187537 "" "" 9.18003369663657 "" 1.3011354141232594 ""
238.69886955955 -54.52334701112 0.0273 0.0225 52.9672 "" "" 5884730650162818176 1034.18811 0.9226 0.0359 -4.282 -7.304 0.041 0.036 0.994 5776.7 4.4655 15.81242 1.373155 16.424635 15.05148 "" "" 1000.30786 1068.76599 8912.07764 2.4048 3677.6 7.0028 7560.8 10.162 "" "" 0.0027708520834904974 0.0034726544 0.0040513203 0.0075239744 238.69886955955 -54.52334701112 1034.18811 -4.281999999999998 -7.304 -1.7633125133514405 -4.171093801498413 0.13987538 0.13487537 "" "" 22.19893126215898 "" 3.0111810614261794 ""
238.58804118138 -54.50425368752 0.0275 0.0235 48.9841 "" "" 5884732402509576704 1013.58807 0.951 0.0351 -0.536 -2.646 0.042 0.036 1.01 5193.9 4.3729 15.813004 1.29921 16.38601 15.0868 "" "" 971.995178 1047.48438 8907.27495 3.8533 3810.8 12.064 7318.8 15.982 "" "" 0.0027950669172865732 0.004427087 0.0044614966 0.008888584 238.58804118138 -54.50425368752 1013.58807 -0.5359999999999999 -2.646 1.9826874866485595 0.486906198501587 0.14087537 0.13487537 "" "" 9.808674436438821 "" 1.3785205993807614 ""
238.1823559745 -55.19091399639 0.0436 0.0365 59.1072 "" "" 5884596681558004608 810.392151 1.2028 0.0629 -5.295 -7.352 0.067 0.059 1.937 4765.1 4.4467 15.813765 1.494321 16.491869 14.997548 "" "" 763.574341 864.784973 8901.04531 5.0981 3456.8 7.9314 7945.8 12.165 "" "" 0.002824623429320053 0.003740438 0.004128781 0.007869219 238.1823559745 -55.19091399639 810.392151 -5.294999999999997 -7.352000000000003 -2.7763125133514404 -4.219093801498413 0.16587538 0.15787537 "" "" 19.400700963093332 "" 3.110607727430511 ""
237.5389724842 -55.40271245487 0.0266 0.0231 62.1616 "" "" 5884226867725272704 887.441345 1.0922 0.0365 -6.006 -4.209 0.041 0.039 0.987 5429.5 4.5773 15.814725 1.352769 16.416595 15.063827 "" "" 851.511963 914.274292 8893.17439 3.2547 3704.9 7.3271 7475.3 13.508 "" "" 0.00278382474663237 0.003520749 0.0042582806 0.0077790297 237.5389724842 -55.40271245487 887.441345 -6.006 -4.208999999999999 -3.4873125133514407 -1.0760938014984127 0.13987538 0.13787538 "" "" 15.35179390085287 "" 2.1446861202364937 ""
237.38135792716 -54.73969285572 0.029 0.0266 22.1898 "" "" 5884811739126517376 924.969299 1.0492 0.0388 1.679 2.474 0.042 0.037 1.034 5006.9 4.3813 15.814918 1.360663 16.42002 15.059357 "" "" 893.990479 959.146057 8891.58839 3.1678 3693.3 12.574 7506.1 12.941 "" "" 0.0027823398121109345 0.004631273 0.004217542 0.008848814 237.38135792716 -54.73969285572 924.969299 1.6789999999999994 2.4739999999999984 4.19768748664856 5.606906198501587 0.14087537 0.13587537 "" "" 30.708632635572545 "" 4.228338040136235 ""
237.79052276243 -53.47364169565 0.0334 0.0253 58.5542 "" "" 5885044938677240064 830.44165 1.1735 0.0395 -1.709 -9.411 0.042 0.037 1.042 4949.3 4.4985 15.815325 1.269928 16.377018 15.10709 "" "" 802.490112 861.03241 8888.259 4.6362 3842.5 12.149 7183.3 19.746 "" "" 0.002812920077242118 0.00442372 0.0048157335 0.009239454 237.79052276243 -53.47364169565 830.44165 -1.7090000000000005 -9.411 0.8096874866485595 -6.278093801498413 0.14087537 0.13587537 "" "" 24.91709665771529 "" 3.387695062508188 ""
237.30422469287 -53.3705972364 0.0805 0.0809 60.9956 "" "" 5885040025234098816 735.298096 1.348 0.1096 -9.992 -14.087 0.123 0.113 1.887 "" "" 15.815363 "" "" "" "" "" 686.239441 819.547607 8887.94573 11.942 "" "" "" "" "" "" 0.0031176799443658693 "" "" "" 237.30422469287 -53.3705972364 735.298096 -9.991999999999999 -14.086999999999996 -7.473312513351441 -10.954093801498413 0.22187537 0.21187538 "" "" 46.217217518137396 "" 9.941412267257228 ""
237.23311218226 -53.77734669123 0.0964 0.0814 36.4967 "" "" 5884920453341310592 800.61853 1.2472 0.1258 -16.842 -5.588 0.138 0.127 3.079 "" "" 15.815467 1.506125 16.02445 14.518326 "" "" 733.554138 901.782959 8887.09825 13.441 5316.6 37.172 12355.0 52.422 "" "" 0.003207528015155099 0.008087661 0.0059586847 0.014046346 237.23311218226 -53.77734669123 800.61853 -16.842 -5.588000000000001 -14.32331251335144 -2.455093801498413 0.23687537 0.22587538 "" "" 55.14869924367068 "" 13.046445448021958 ""
236.25946298913 -54.53132449298 0.0408 0.0371 33.9202 "" "" 5884512225292575744 923.88208 1.0522 0.055 5.008 -4.864 0.056 0.056 1.587 5905.2 4.5301 15.815902 1.373499 16.405367 15.031868 "" "" 881.226746 976.471802 8883.53907 5.5171 3743.4 10.565 7698.6 10.619 "" "" 0.0028366285336466628 0.004144252 0.004065284 0.008209536 236.25946298913 -54.53132449298 923.88208 5.008 -4.863999999999999 7.52668748664856 -1.731093801498413 0.15487537 0.15487537 "" "" 33.821415010236166 "" 5.238104091928 ""
238.99783818942 -54.58291331675 0.031 0.0249 63.8087 "" "" 5884687734854086016 1018.05084 0.9491 0.0449 -2.949 -4.349 0.046 0.042 1.297 7982.3 4.1854 15.816249 1.443597 16.423506 14.979909 "" "" 977.688538 1075.66528 8880.70186 2.8467 3681.4 9.5383 8076.0 24.144 "" "" 0.002777213605159577 0.00396213 0.0049819364 0.008944066 238.99783818942 -54.58291331675 1018.05084 -2.949 -4.349 -0.4303125133514403 -1.2160938014984133 0.14487538 0.14087537 "" "" 6.22488574539905 "" 0.8797386488936153 ""
236.41744192321 -54.28896583398 0.0391 0.0342 27.9442 "" "" 5884892243995241088 947.597107 1.0246 0.0555 -7.958 -8.497 0.056 0.048 1.214 5151.4 3.8197 15.816478 1.485287 16.49136 15.006073 "" "" 900.659851 1000.00305 8878.82828 5.4564 3458.4 10.749 7883.7 10.133 "" "" 0.002834957454304718 0.0043786643 0.0040287925 0.008407457 236.41744192321 -54.28896583398 947.597107 -7.95800000000001 -8.497 -5.439312513351441 -5.364093801498413 0.15487537 0.14687538 "" "" 34.31296967330365 "" 5.180711350034119 ""
237.18309121085 -55.13756981632 0.0293 0.0267 45.1398 "" "" 5884421137624096640 1005.42084 0.9564 0.0378 -2.867 -4.0 0.045 0.041 0.89 7148.8 4.349 15.816879 1.520971 16.512844 14.991873 "" "" 970.313538 1040.55225 8875.5474 2.8354 3390.6 8.5766 7987.5 9.9247 "" "" 0.002777065957196857 0.0039150645 0.00401294 0.0079280045 237.18309121085 -55.13756981632 1005.42084 -2.867 -4.0 -0.3483125133514404 -0.8670938014984131 0.14387538 0.13987538 "" "" 4.453243474152607 "" 0.6254044728472966 ""
237.0280591241 -55.24091167993 0.0257 0.0237 51.676 "" "" 5884417117534653824 1009.46515 0.9636 0.0377 -3.819 -11.149 0.041 0.038 1.006 5015.6 4.1827 15.817474 1.629447 16.58458 14.955132 "" "" 972.414795 1041.80884 8870.68114 2.906 3173.8 7.4965 8262.4 10.036 "" "" 0.002778182805377353 0.0037896866 0.0040028687 0.0077925553 237.0280591241 -55.24091167993 1009.46515 -3.819000000000003 -11.149000000000001 -1.3003125133514404 -8.016093801498412 0.13987538 0.13687538 "" "" 38.8572777390873 "" 5.321625115842255 ""
237.49965487438 -53.44824241594 0.0308 0.0269 57.2181 "" "" 5885037173375666944 979.909363 1.0023 0.0394 2.648 -3.749 0.04 0.038 0.978 "" "" 15.817803 1.436183 16.475977 15.039794 "" "" 943.613586 1013.78851 8867.99375 3.0416 3507.7 12.471 7642.6 11.117 "" "" 0.0027803714929284288 0.004762954 0.004096094 0.008859048 237.49965487438 -53.44824241594 979.909363 2.6480000000000006 -3.749 5.166687486648559 -0.6160938014984132 0.13887537 0.13687538 "" "" 24.1680892076513 "" 3.3556793751803227 ""
238.7872084498 -54.68606120798 0.0283 0.0229 58.1569 "" "" 5884680210071035776 1037.20422 0.9274 0.0385 -7.062 -14.401 0.041 0.04 0.998 5652.5 4.5757 15.818114 1.274894 16.37487 15.099977 "" "" 1001.57184 1069.24097 8865.45841 2.496 3850.1 8.5897 7230.5 9.4158 "" "" 0.0027722247291460996 0.0036949492 0.004035194 0.007730143 238.7872084498 -54.68606120798 1037.20422 -7.06200000000001 -14.401000000000014 -4.543312513351441 -11.268093801498413 0.13987538 0.13887537 "" "" 59.73142828221596 "" 8.303602616564703 ""
238.39091965877 -53.51195928415 0.0275 0.0221 67.2073 "" "" 5884988485625511936 784.184509 1.2394 0.0371 -1.019 -2.923 0.038 0.032 0.971 4798.8 4.4224 15.818357 1.435556 16.463346 15.02779 "" "" 763.593384 804.976379 8863.47178 4.797 3548.8 11.281 7727.6 14.914 "" "" 0.0028172817497070057 0.004438123 0.004321408 0.008759531 238.39091965877 -53.51195928415 784.184509 -1.0189999999999997 -2.923 1.4996874866485597 0.20990619850158687 0.13687538 0.13087538 "" "" 5.628728379234354 "" 0.769799364865876 ""
