Clusters/UPK_621/UPK_621_stars_in_region.tsv
# %ECSV 1.0
# ---
# datatype:
# - name: RA_ICRS_1
#   unit: deg
#   datatype: float64
#   format: '{:15.11f}'
#   description: Right ascension (ICRS) at Ep=2016.0 (ra)
#   meta: !!omap
#   - {ucd: POS_EQ_RA_MAIN}
#   - {width: 15}
#   - {precision: '11'}
# - name: DE_ICRS_1
#   unit: deg
#   datatype: float64
#   format: '{:15.11f}'
#   description: Declination (ICRS) at Ep=2016.0 (dec)
#   meta: !!omap
#   - {ucd: POS_EQ_DEC_MAIN}
#   - {width: 15}
#   - {precision: '11'}
# - name: e_RA_ICRS
#   unit: mas
#   datatype: float64
#   format: '{:7.4f}'
#   description: Standard error of right ascension (ra_error)
#   meta: !!omap
#   - {ucd: ERROR}
#   - {width: 7}
#   - {precision: '4'}
# - name: e_DE_ICRS
#   unit: mas
#   datatype: float64
#   format: '{:7.4f}'
#   description: Standard error of declination (dec_error)
#   meta: !!omap
#   - {ucd: ERROR}
#   - {width: 7}
#   - {precision: '4'}
# - name: _r_1
#   unit: ''
#   datatype: float64
#   format: '{:7.4f}'
#   description: Distance from center (237.19901351000-54.38529672000)[ICRS], at Epoch=J2016.0
#   meta: !!omap
#   - {ucd: POS_ANG_DIST_GENERAL}
#   - {width: 7}
#   - {precision: '4'}
# - name: HIP
#   datatype: int32
#   description: '? HIP cross-id number, van Leeuwen, Cat. I/311 (hip_original_ext_source_id)'
#   meta: !!omap
#   - {ucd: ID_NUMBER}
#   - {width: 6}
#   - values: {'null': -2147483648}
# - name: TYC2
#   datatype: string
#   description: Tycho-2 cross-id name, Hog et al., Cat. I/259 (tyc2_original_ext_source_id)
#   meta: !!omap
#   - {ucd: ID_CROSSID}
#   - {_votable_string_dtype: char}
# - name: Source
#   datatype: int64
#   description: Source identifier, identical to the Gaia-EDR3 source_id (id)
#   meta: !!omap
#   - {ucd: ID_MAIN}
#   - {width: 19}
# - name: rgeo
#   unit: pc
#   datatype: float64
#   format: '{:15.8f}'
#   description: '? Median of the geometric distance posterior (r_med_geo)'
#   meta: !!omap
#   - {ucd: PHYS_DISTANCE_TRUE}
#   - {width: 15}
#   - {precision: '8'}
#   - values: {'null': .nan}
# - name: Plx
#   unit: mas
#   datatype: float64
#   format: '{:9.4f}'
#   description: '? Parallax (parallax)'
#   meta: !!omap
#   - {ucd: POS_PARLX_TRIG}
#   - {width: 9}
#   - {precision: '4'}
#   - values: {'null': .nan}
# - name: e_Plx
#   unit: mas
#   datatype: float32
#   format: '{:7.4f}'
#   description: '? Standard error of parallax (parallax_error)'
#   meta: !!omap
#   - {ucd: ERROR}
#   - {width: 7}
#   - {precision: '4'}
#   - values: {'null': .nan}
# - name: pmRA
#   unit: mas / yr
#   datatype: float64
#   format: '{:9.3f}'
#   description: '? Proper motion in right ascension direction, pmRA*cosDE (pmra)'
#   meta: !!omap
#   - {ucd: POS_EQ_PMRA}
#   - {width: 9}
#   - {precision: '3'}
#   - values: {'null': .nan}
# - name: pmDE
#   unit: mas / yr
#   datatype: float64
#   format: '{:9.3f}'
#   description: '? Proper motion in declination direction (pmdec)'
#   meta: !!omap
#   - {ucd: POS_EQ_PMDEC}
#   - {width: 9}
#   - {precision: '3'}
#   - values: {'null': .nan}
# - name: e_pmRA
#   unit: mas / yr
#   datatype: float32
#   format: '{:6.3f}'
#   description: '? Standard error of proper motion in right ascension direction (pmra_error)'
#   meta: !!omap
#   - {ucd: ERROR}
#   - {width: 6}
#   - {precision: '3'}
#   - values: {'null': .nan}
# - name: e_pmDE
[...]
#         value: !astropy.table.SerializedColumn {name: SkyCoord.dec}
#       distance: !astropy.table.SerializedColumn
#         __class__: astropy.coordinates.distances.Distance
#         unit: !astropy.units.Unit {unit: pc}
#         value: !astropy.table.SerializedColumn {name: SkyCoord.distance}
#       frame: icrs
#       obstime: !astropy.time.Time {format: jyear_str, in_subfmt: '*', jd1: 367701545.0, jd2: 0.0, out_subfmt: '*', precision: 3, scale: tt}
#       pm_dec: !astropy.table.SerializedColumn
#         __class__: astropy.units.quantity.Quantity
#         unit: !astropy.units.Unit {unit: mas / yr}
#         value: !astropy.table.SerializedColumn {name: SkyCoord.pm_dec}
#       pm_ra_cosdec: !astropy.table.SerializedColumn
#         __class__: astropy.units.quantity.Quantity
#         unit: !astropy.units.Unit {unit: mas / yr}
#         value: !astropy.table.SerializedColumn {name: SkyCoord.pm_ra_cosdec}
#       ra: !astropy.table.SerializedColumn
#         __class__: astropy.coordinates.angles.Longitude
#         unit: *id001
#         value: !astropy.table.SerializedColumn {name: SkyCoord.ra}
#         wrap_angle: !astropy.coordinates.Angle
#           unit: *id001
#           value: 360.0
#       representation_type: spherical
# schema: astropy-2.0
RA_ICRS_1 DE_ICRS_1 e_RA_ICRS e_DE_ICRS _r_1 HIP TYC2 Source rgeo Plx e_Plx pmRA pmDE e_pmRA e_pmDE RUWE Teff logg Gmag BP-RP BPmag RPmag RV e_RV b_rgeo B_rgeo FG e_FG FBP e_FBP FRP e_FRP RAVE5 RAVE6 e_Gmag e_BPmag e_RPmag e_BP-RP SkyCoord.ra SkyCoord.dec SkyCoord.distance SkyCoord.pm_ra_cosdec SkyCoord.pm_dec rmRA rmDE e_rmRA e_rmDE rRV e_rRV v_pec v_pec3d e_vpec e_vpec3d
[from data line 1478]
237.40407380845 -53.84169212938 0.1019 0.0878 33.4041 "" "" 5885009926103434752 792.995605 1.3204 0.1407 -3.924 -2.764 0.142 0.136 6.419 5673.8 3.589 14.413048 1.023218 14.807255 13.784037 -20.04 6.85 712.91864 870.793091 32339.07803 34.041 16312.0 33.452 24296.0 32.138 "" "" 0.0029829438777677904 0.0035696956 0.0040430604 0.007612756 237.40407380845 -53.84169212938 792.995605 -3.924000000000003 -2.7640000000000033 -1.4053125133514404 0.3689061985015871 0.24087538 0.23487538 -12.761818181818182 9.501443 5.4612584391249035 13.881258842219538 1.3133948853502513 8.75047814117028
237.02420585119 -54.42173928122 0.0153 0.0142 6.4848 "" "" 5884877538026938624 863.2005 1.1241 0.021 2.639 6.027 0.021 0.021 0.972 5383.7 4.243 14.413983 1.058558 14.854573 13.796015 85.11 6.39 846.078979 879.353821 32311.22046 6.3999 15617.0 13.993 24030.0 17.306 "" "" 0.0027636998573645185 0.0029549026 0.0038594222 0.0068143248 237.02420585119 -54.42173928122 863.2005 2.6390000000000025 6.027000000000006 5.157687486648559 9.159906198501588 0.11987537 0.11987537 92.38818181818182 9.041443 43.01126454880486 101.90949424737963 5.155991314586556 8.480652627311061
238.34571169457 -55.01468792961 0.0132 0.0113 54.8326 "" "" 5884622691881299840 784.750977 1.2361 0.0206 -1.185 -7.865 0.022 0.018 0.933 5416.6 4.2219 14.414616 1.165574 14.91339 13.747816 -4.78 5.98 772.243591 798.871643 32292.41749 4.8695 14793.0 14.113 25121.0 10.655 "" "" 0.0027601801451028586 0.0029762369 0.003807335 0.006783572 238.34571169457 -55.01468792961 784.750977 -1.185 -7.865 1.3336874866485595 -4.732093801498413 0.12087537 0.11687537 2.498181818181817 8.631443 18.287797972337515 18.457639802361687 2.1428613624824533 2.4233277827986273
237.4474408566 -54.41741434779 0.0168 0.013 8.888 "" "" 5884851768222403328 1039.42993 0.9153 0.0222 -6.314 -6.24 0.022 0.019 0.972 5526.0 4.1229 14.415566 1.169622 14.916866 13.747245 -36.23 6.48 1011.11285 1059.43958 32264.15629 5.8014 14746.0 14.586 25134.0 15.212 "" "" 0.002762227805230627 0.0029897206 0.0038360842 0.0068258047 237.4474408566 -54.41741434779 1039.42993 -6.313999999999998 -6.24 -3.7953125133514405 -3.1070938014984133 0.12087537 0.117875375 -28.95181818181818 9.131443 24.16613469385513 37.71219752380662 2.892217129562439 7.251101439394179
236.23364215958 -53.54577413845 0.0177 0.0152 60.8125 "" "" 5885701209678360192 877.918884 1.1012 0.0235 -3.465 0.77 0.026 0.023 1.349 6003.7 4.1105 14.417314 1.345481 14.98153 13.636049 -9.8 6.52 859.992371 901.530762 32212.26023 7.3869 13893.0 60.834 27844.0 95.295 "" "" 0.002766546708906951 0.0055124564 0.0053001475 0.010812604 236.23364215958 -53.54577413845 877.918884 -3.465 0.7699999999999998 -0.9463125133514403 3.902906198501587 0.124875374 0.121875376 -2.5218181818181833 9.171443 16.711886192592488 16.901085972691583 2.0395834697604447 2.437213418796606
237.25444817752 -54.325715295 0.0147 0.014 4.0665 "" "" 5884856063189564928 961.903442 1.0009 0.0204 -6.145 -4.516 0.02 0.021 0.936 5836.3 4.1982 14.419854 1.070161 14.868028 13.797867 -26.13 6.24 945.011658 980.3078 32136.9715 5.7064 15424.0 13.145 23989.0 17.212 "" "" 0.0027620566406489325 0.0029396003 0.003858832 0.006798432 237.25444817752 -54.325715295 961.903442 -6.144999999999995 -4.516000000000003 -3.62631251335144 -1.383093801498413 0.11887537 0.11987537 -18.85181818181818 8.891443 17.695664227307915 25.8559003170641 2.1058341439991297 6.641117649473428
236.11070748126 -54.30620327022 0.0171 0.0155 38.3562 "" "" 5885267486695995264 821.310669 1.1774 0.0236 -2.982 0.371 0.024 0.025 1.006 5374.8 4.2122 14.421167 1.204173 14.938682 13.734509 -29.5 7.75 807.723755 841.287964 32098.12688 7.9475 14453.0 15.204 25431.0 15.377 "" "" 0.002768403531606582 0.0030148898 0.0038359764 0.006850866 236.11070748126 -54.30620327022 821.310669 -2.9819999999999998 0.3710000000000001 -0.46331251335144064 3.503906198501587 0.12287538 0.12387537 -22.221818181818183 10.4014435 13.759482230964347 26.136804597540397 1.7042254826031582 8.888822443375599
237.83646139725 -54.55240622237 0.0153 0.0132 24.3837 "" "" 5884835206828901504 715.709656 1.3532 0.0225 -1.78 -10.408 0.023 0.02 1.005 5716.0 4.466 14.424441 1.010043 14.843461 13.833418 "" "" 705.557007 728.170532 32001.48772 6.4433 15777.0 14.007 23216.0 16.381 "" "" 0.0027639786678928164 0.0029519836 0.0038562436 0.006808227 237.83646139725 -54.55240622237 715.709656 -1.7799999999999998 -10.407999999999998 0.7386874866485595 -7.275093801498413 0.121875376 0.11887537 "" "" 24.807389637754284 "" 2.94975652950543 ""
238.75269661066 -54.36573653627 0.0142 0.0114 54.31 "" "" 5884740786285901824 929.377319 1.03 0.0197 -0.265 -0.938 0.022 0.018 0.906 6086.9 4.012 14.425406 1.186781 14.925474 13.738693 23.77 5.1 913.022034 948.590271 31973.05604 5.1098 14629.0 13.764 25333.0 12.356 "" "" 0.002760778483128412 0.0029712939 0.0038163022 0.0067875963 238.75269661066 -54.36573653627 929.377319 -0.26499999999999985 -0.937999999999999 2.2536874866485594 2.194906198501587 0.12087537 0.11687537 31.048181818181817 7.751443 13.858494824833544 34.000698125550514 1.6483989676403967 7.110147368372706
236.36211083316 -54.96955749743 0.016 0.0147 45.5164 "" "" 5884485218538430720 916.676025 1.0467 0.0223 4.049 -4.407 0.022 0.021 1.021 7485.8 4.2334 14.429286 1.277221 14.986146 13.708925 "" "" 899.419739 935.801331 31859.01414 6.663 13834.0 14.806 26037.0 17.456 "" "" 0.0027646610407793277 0.003022473 0.0038488416 0.0068713147 236.36211083316 -54.96955749743 916.676025 4.049 -4.407 6.56768748664856 -1.2740938014984131 0.12087537 0.11987537 "" "" 29.06890983471029 "" 3.5126652392268505 ""
238.06129020028 -53.63089714383 0.0209 0.0175 54.5265 "" "" 5884992471358707968 908.778503 1.0623 0.0256 -5.255 -10.666 0.029 0.025 1.168 5199.4 4.1887 14.429786 1.163283 14.908583 13.745299 "" "" 885.332947 929.223572 31844.34287 10.467 14859.0 14.209 25179.0 16.343 "" "" 0.002778335482001961 0.0029770778 0.0038445233 0.006821601 238.06129020028 -53.63089714383 908.778503 -5.254999999999999 -10.666 -2.7363125133514403 -7.5330938014984135 0.12787537 0.12387537 "" "" 34.52406626764757 "" 4.293007185565803 ""
238.19080081432 -53.59453650199 0.0175 0.0138 58.9487 "" "" 5884993536507318912 983.95929 0.9776 0.022 -3.985 0.268 0.024 0.02 1.093 6595.4 4.122 14.430159 1.136389 14.910739 13.77435 -35.68 7.06 960.920532 1009.21771 31833.41104 6.345 14829.0 15.195 24514.0 13.547 "" "" 0.0027638056556728067 0.0030037942 0.0038267127 0.006830507 238.19080081432 -53.59453650199 983.95929 -3.984999999999999 0.26799999999999985 -1.4663125133514403 3.4009061985015867 0.12287538 0.11887537 -28.401818181818182 9.711443 17.27320536280105 33.24194488200949 2.0643420975284474 8.366477126519845
236.36695277629 -54.6790357508 0.016 0.0133 33.9078 "" "" 5884507277490167424 812.43396 1.1884 0.02 -5.901 -5.449 0.021 0.02 0.941 5342.9 4.3569 14.430918 0.991947 14.841558 13.84961 0.42 8.38 798.817261 823.452942 31811.17859 6.9198 15805.0 19.377 22873.0 18.554 "" "" 0.0027654238553038576 0.0030914273 0.003880644 0.0069720712 236.36695277629 -54.6790357508 812.43396 -5.901000000000002 -5.449000000000003 -3.3823125133514402 -2.316093801498413 0.11987537 0.11887537 7.698181818181817 11.031444 15.78617783709411 17.563183481651222 1.887348993573095 5.124178612460766
236.91260208138 -53.99251768271 0.0148 0.0129 25.6221 "" "" 5884923786235454208 850.309631 1.1326 0.02 -8.859 -9.627 0.019 0.019 0.938 5402.1 4.2544 14.431077 1.07683 14.885195 13.808365 9.28 7.18 836.783508 867.064453 31806.51002 5.7717 15182.0 12.981 23758.0 14.118 "" "" 0.002762355261723584 0.0029405525 0.0038340576 0.00677461 236.91260208138 -53.99251768271 850.309631 -8.858999999999998 -9.627 -6.34031251335144 -6.494093801498414 0.117875375 0.117875375 16.558181818181815 9.831443 36.58031147853874 40.15336315915368 4.311917927794603 5.64514603339068
235.81131798806 -54.09950597602 0.0158 0.0128 51.5868 "" "" 5885285285040327936 889.49408 1.0801 0.0207 -8.567 -0.424 0.023 0.019 0.962 5823.4 4.169 14.432865 1.072075 14.883413 13.811338 -27.96 7.42 876.216003 906.178894 31754.15366 6.1424 15207.0 13.673 23693.0 13.89 "" "" 0.0027633128747843703 0.0029560176 0.0038326066 0.0067886245 235.81131798806 -54.09950597602 889.49408 -8.56699999999999 -0.4239999999999966 -6.048312513351441 2.708906198501587 0.121875376 0.117875375 -20.681818181818183 10.071444 27.941765291196894 34.76319678761032 3.3869957951879583 6.581305924979636
237.66609024971 -53.8092997683 0.0151 0.0142 38.268 "" "" 5884964262013379200 917.643188 1.048 0.0202 -2.077 -2.737 0.021 0.022 0.943 5540.4 4.2098 14.433179 1.072408 14.883721 13.811314 12.28 4.74 902.552673 932.976013 31745.00095 6.8084 15203.0 15.416 23694.0 17.041 "" "" 0.0027651424857405385 0.0029995225 0.0038592087 0.006858731 237.66609024971 -53.8092997683 917.643188 -2.077 -2.736999999999998 0.4416874866485596 0.3959061985015868 0.11987537 0.12087537 19.558181818181815 7.3914433 2.5799919180477486 19.727616032614012 0.310429538855575 7.328072959051866
236.42695185413 -54.41590124816 0.0162 0.014 27.028 "" "" 5884886883875952384 981.523315 0.9783 0.022 -4.103 -7.603 0.025 0.022 0.976 5645.0 4.1525 14.433541 1.159 14.929234 13.770233 -26.11 13.04 960.21991 1001.12854 31734.3895 5.7873 14579.0 16.715 24607.0 17.794 "" "" 0.0027624254384492385 0.0030552577 0.0038600713 0.006915329 236.42695185413 -54.41590124816 981.523315 -4.102999999999999 -7.603 -1.5843125133514402 -4.470093801498413 0.12387537 0.12087537 -18.831818181818182 15.691443 22.06433898002043 29.00814421258807 2.674503455985025 10.38787864579353
236.7602617911 -54.64189129071 0.0167 0.0171 21.6924 "" "" 5884868913732529152 968.073547 0.9948 0.0229 -3.799 -7.253 0.023 0.027 0.907 6620.3 4.1826 14.434026 1.189271 14.942676 13.753405 -16.01 6.92 943.947937 989.166809 31720.25115 7.0527 14399.0 14.336 24992.0 21.782 "" "" 0.002765875075023014 0.002992253 0.0038960464 0.0068882992 236.7602617911 -54.64189129071 968.073547 -3.798999999999999 -7.253000000000007 -1.2803125133514404 -4.120093801498413 0.121875376 0.12587537 -8.731818181818184 9.571444 19.797525067331655 21.637621115824075 2.485148545548974 4.482119049539562
238.40525707188 -53.55421359452 0.0164 0.0121 65.5637 "" "" 5884988176387832448 871.926392 1.1064 0.0221 -9.66 -14.431 0.023 0.018 1.009 5126.0 4.1353 14.434349 1.260836 14.988181 13.727345 3.54 4.15 857.764099 891.143066 31710.80766 5.0441 13808.0 13.257 25599.0 10.466 "" "" 0.002760727411192481 0.0029785344 0.003805361 0.006783895 238.40525707188 -53.55421359452 871.926392 -9.66 -14.431 -7.141312513351441 -11.298093801498412 0.121875376 0.11687537 10.818181818181817 6.801443 55.24003225257989 56.28937929234347 6.536237464875107 6.546224330757706
238.75594922236 -54.37722242577 0.0144 0.0123 54.4056 "" "" 5884740408329390208 993.553528 0.9692 0.0228 -5.153 -1.566 0.024 0.021 1.021 "" "" 14.434424 1.36399 15.040657 13.676667 -12.45 4.69 972.590942 1015.72406 31708.58148 5.0658 13157.0 14.704 26822.0 13.311 "" "" 0.002760774755572694 0.0030425945 0.0038175979 0.0068601924 238.75594922236 -54.37722242577 993.553528 -5.153 -1.5659999999999996 -2.63431251335144 1.5669061985015869 0.12287538 0.11987537 -5.171818181818182 7.341443 14.434884797030763 15.333414571103692 1.7624775495706584 2.9806886165973707
237.65533945019 -54.65843817245 0.0342 0.0286 22.8276 "" "" 5884810433456750336 714.129089 1.3677 0.0457 -6.978 -1.02 0.053 0.045 2.384 5040.4 4.3082 14.435057 1.124259 14.916466 13.792207 0.38 3.91 695.45697 739.100769 31690.13882 6.5183 14751.0 13.679 24114.0 18.463 "" "" 0.002764355767717875 0.0029662703 0.0038697268 0.006835997 237.65533945019 -54.65843817245 714.129089 -6.978 -1.0199999999999998 -4.45931251335144 2.112906198501587 0.15187538 0.14387538 7.658181818181817 6.5614433 16.703332547437867 18.375229711506403 2.5128574402336867 3.5630958399292343
236.86880702883 -53.43760496901 0.0168 0.0142 58.0466 "" "" 5885784428971933184 897.921082 1.0747 0.0222 -3.769 -3.472 0.023 0.023 0.971 6183.9 4.2958 14.435793 1.006536 14.851359 13.844824 "" "" 881.257996 915.651245 31668.6448 5.9581 15663.0 16.717 22974.0 18.625 "" "" 0.002762881694211469 0.0030212349 0.0038805269 0.0069017615 236.86880702883 -53.43760496901 897.921082 -3.769 -3.4720000000000004 -1.2503125133514406 -0.33909380149841306 0.121875376 0.121875376 "" "" 5.513747914357972 "" 0.6719900975257885 ""
238.00823960921 -54.35607039769 0.018 0.0146 28.3385 "" "" 5884844037281393024 1022.20245 0.9374 0.0237 -6.147 -6.523 0.024 0.023 1.131 6473.7 3.9699 14.436923 1.397211 15.040833 13.643621 -45.6 5.47 999.708191 1040.32776 31635.70056 8.2698 13155.0 20.252 27651.0 50.404 "" "" 0.0027698994153402073 0.0032525214 0.0042662346 0.007518756 238.00823960921 -54.35607039769 1022.20245 -6.147 -6.522999999999991 -3.6283125133514407 -3.3900938014984128 0.12287538 0.121875376 -38.32181818181819 8.121443 24.05962150464694 45.2485042372364 2.9451453899693547 7.054221754748938
238.59007040078 -54.94155465295 0.1243 0.1056 58.686 "" "" 5884577337032462464 984.765808 1.0374 0.1295 -3.601 -2.028 0.21 0.17 5.316 6770.7 3.9921 14.437647 1.344856 15.010098 13.665242 -46.54 6.32 871.560669 1167.7749 31614.61057 36.365 13532.0 9.8374 27106.0 13.373 "" "" 0.003025142308555687 0.0028996628 0.003817153 0.0067168158 238.59007040078 -54.94155465295 984.765808 -3.601 -2.028 -1.0823125133514404 1.104906198501587 0.30887538 0.26887536 -39.261818181818185 8.971443 7.2195759128572305 39.92007819761451 2.0875723313918755 8.831582387548167
236.46892934097 -55.2440004055 0.0157 0.0127 57.3723 "" "" 5884409214794077696 977.265686 0.9887 0.0211 -14.601 -5.684 0.021 0.018 1.035 6951.8 4.1487 14.438059 1.381241 15.054606 13.673366 -3.11 5.58 956.126099 995.527649 31602.62168 6.6375 12989.0 10.877 26904.0 18.379 "" "" 0.0027647405612329728 0.0029345674 0.0038514736 0.006786041 236.46892934097 -55.2440004055 977.265686 -14.600999999999996 -5.684000000000006 -12.082312513351441 -2.5510938014984132 0.11987537 0.11687537 4.168181818181818 8.231443 57.20212724773002 57.35378890130031 6.849890155985944 6.857918175759008
238.08732738951 -55.32401149672 0.0142 0.0116 64.1363 "" "" 5884589569091675392 909.585388 1.061 0.0215 -6.829 -8.152 0.022 0.02 0.953 5523.7 4.1113 14.438932 1.34166 15.035393 13.693733 37.13 5.33 892.568054 926.120544 31577.19806 4.6301 13221.0 11.744 26404.0 13.717 "" "" 0.002759915544062968 0.0029521512 0.0038212398 0.006773391 238.08732738951 -55.32401149672 909.585388 -6.829 -8.152 -4.31031251335144 -5.019093801498412 0.12087537 0.11887537 44.408181818181816 7.9814434 28.524009275948007 52.77978512244117 3.415133375624402 6.96448592932025
236.68091635001 -54.76501841351 0.0169 0.0167 29.0471 "" "" 5884492777681943040 734.524109 1.3252 0.0214 -2.422 -3.364 0.024 0.025 0.911 5796.5 4.4151 14.439225 1.00919 14.856014 13.846825 15.18 3.98 723.733582 746.486938 31568.6895 7.6146 15596.0 17.375 22931.0 18.217 "" "" 0.0027677381540754708 0.0030410755 0.0038765576 0.006917633 236.68091635001 -54.76501841351 734.524109 -2.422 -3.364 0.09668748664855942 -0.23109380149841297 0.12287538 0.12387537 22.458181818181817 6.631443 0.8721697174553746 22.47511091395454 0.10791086617189913 6.626449295466201
237.28145320241 -55.04318806887 0.015 0.0136 39.5768 "" "" 5884423336647415680 1010.31384 0.9467 0.0217 -0.082 -3.317 0.024 0.022 0.957 "" "" 14.440988 1.294052 15.006692 13.71264 -1.17 5.26 981.538818 1031.60852 31517.50633 5.6027 13575.0 11.507 25948.0 15.605 "" "" 0.002762071786182522 0.002938038 0.0038353722 0.0067734104 237.28145320241 -55.04318806887 1010.31384 -0.08199999999999985 -3.3169999999999993 2.4366874866485597 -0.18409380149841326 0.12287538 0.12087537 6.1081818181818175 7.9114437 11.702278090028774 13.200499900395227 1.4377900797083314 3.8763584861785576
