Clusters/UBC_338/UBC_338_stars_in_region.tsv
# %ECSV 1.0
# ---
# datatype:
# - name: RA_ICRS_1
#   unit: deg
#   datatype: float64
#   format: '{:15.11f}'
#   description: Right ascension (ICRS) at Ep=2016.0 (ra)
#   meta: !!omap
#   - {ucd: POS_EQ_RA_MAIN}
#   - {width: 15}
#   - {precision: '11'}
# - name: DE_ICRS_1
#   unit: deg
#   datatype: float64
#   format: '{:15.11f}'
#   description: Declination (ICRS) at Ep=2016.0 (dec)
#   meta: !!omap
#   - {ucd: POS_EQ_DEC_MAIN}
#   - {width: 15}
#   - {precision: '11'}
# - name: e_RA_ICRS
#   unit: mas
#   datatype: float64
#   format: '{:7.4f}'
#   description: Standard error of right ascension (ra_error)
#   meta: !!omap
#   - {ucd: ERROR}
#   - {width: 7}
#   - {precision: '4'}
# - name: e_DE_ICRS
#   unit: mas
#   datatype: float64
#   format: '{:7.4f}'
#   description: Standard error of declination (dec_error)
#   meta: !!omap
#   - {ucd: ERROR}
#   - {width: 7}
#   - {precision: '4'}
# - name: _r_1
#   unit: ''
#   datatype: float64
#   format: '{:7.4f}'
#   description: Distance from center (271.54480743000-24.24359441000)[ICRS], at Epoch=J2016.0
#   meta: !!omap
#   - {ucd: POS_ANG_DIST_GENERAL}
#   - {width: 7}
#   - {precision: '4'}
# - name: HIP
#   datatype: int32
#   description: '? HIP cross-id number, van Leeuwen, Cat. I/311 (hip_original_ext_source_id)'
#   meta: !!omap
#   - {ucd: ID_NUMBER}
#   - {width: 6}
#   - values: {'null': -2147483648}
# - name: TYC2
#   datatype: string
#   description: Tycho-2 cross-id name, Hog et al., Cat. I/259 (tyc2_original_ext_source_id)
#   meta: !!omap
#   - {ucd: ID_CROSSID}
#   - {_votable_string_dtype: char}
# - name: Source
#   datatype: int64
#   description: Source identifier, identical to the Gaia-EDR3 source_id (id)
#   meta: !!omap
#   - {ucd: ID_MAIN}
#   - {width: 19}
# - name: rgeo
#   unit: pc
#   datatype: float64
#   format: '{:15.8f}'
#   description: '? Median of the geometric distance posterior (r_med_geo)'
#   meta: !!omap
#   - {ucd: PHYS_DISTANCE_TRUE}
#   - {width: 15}
#   - {precision: '8'}
#   - values: {'null': .nan}
# - name: Plx
#   unit: mas
#   datatype: float64
#   format: '{:9.4f}'
#   description: '? Parallax (parallax)'
#   meta: !!omap
#   - {ucd: POS_PARLX_TRIG}
#   - {width: 9}
#   - {precision: '4'}
#   - values: {'null': .nan}
# - name: e_Plx
#   unit: mas
#   datatype: float32
#   format: '{:7.4f}'
#   description: '? Standard error of parallax (parallax_error)'
#   meta: !!omap
#   - {ucd: ERROR}
#   - {width: 7}
#   - {precision: '4'}
#   - values: {'null': .nan}
# - name: pmRA
#   unit: mas / yr
#   datatype: float64
#   format: '{:9.3f}'
#   description: '? Proper motion in right ascension direction, pmRA*cosDE (pmra)'
#   meta: !!omap
#   - {ucd: POS_EQ_PMRA}
#   - {width: 9}
#   - {precision: '3'}
#   - values: {'null': .nan}
# - name: pmDE
#   unit: mas / yr
#   datatype: float64
#   format: '{:9.3f}'
#   description: '? Proper motion in declination direction (pmdec)'
#   meta: !!omap
#   - {ucd: POS_EQ_PMDEC}
#   - {width: 9}
#   - {precision: '3'}
#   - values: {'null': .nan}
# - name: e_pmRA
#   unit: mas / yr
#   datatype: float32
#   format: '{:6.3f}'
#   description: '? Standard error of proper motion in right ascension direction (pmra_error)'
#   meta: !!omap
#   - {ucd: ERROR}
#   - {width: 6}
#   - {precision: '3'}
#   - values: {'null': .nan}
# - name: e_pmDE
[...]
#         unit: &id001 !astropy.units.Unit {unit: deg}
#         value: !astropy.table.SerializedColumn {name: SkyCoord.dec}
#       distance: !astropy.table.SerializedColumn
#         __class__: astropy.coordinates.distances.Distance
#         unit: !astropy.units.Unit {unit: pc}
#         value: !astropy.table.SerializedColumn {name: SkyCoord.distance}
#       frame: icrs
#       obstime: !astropy.time.Time {format: jyear_str, in_subfmt: '*', jd1: 367701545.0, jd2: 0.0, out_subfmt: '*', precision: 3, scale: tt}
#       pm_dec: !astropy.table.SerializedColumn
#         __class__: astropy.units.quantity.Quantity
#         unit: !astropy.units.Unit {unit: mas / yr}
#         value: !astropy.table.SerializedColumn {name: SkyCoord.pm_dec}
#       pm_ra_cosdec: !astropy.table.SerializedColumn
#         __class__: astropy.units.quantity.Quantity
#         unit: !astropy.units.Unit {unit: mas / yr}
#         value: !astropy.table.SerializedColumn {name: SkyCoord.pm_ra_cosdec}
#       ra: !astropy.table.SerializedColumn
#         __class__: astropy.coordinates.angles.Longitude
#         unit: *id001
#         value: !astropy.table.SerializedColumn {name: SkyCoord.ra}
#         wrap_angle: !astropy.coordinates.Angle
#           unit: *id001
#           value: 360.0
#       representation_type: spherical
# schema: astropy-2.0
RA_ICRS_1 DE_ICRS_1 e_RA_ICRS e_DE_ICRS _r_1 HIP TYC2 Source rgeo Plx e_Plx pmRA pmDE e_pmRA e_pmDE RUWE Teff logg Gmag BP-RP BPmag RPmag RV e_RV b_rgeo B_rgeo FG e_FG FBP e_FBP FRP e_FRP RAVE5 RAVE6 e_Gmag e_BPmag e_RPmag e_BP-RP SkyCoord.ra SkyCoord.dec SkyCoord.distance SkyCoord.pm_ra_cosdec SkyCoord.pm_dec
[from data line 40]
271.12028725121 -24.2340478636 0.0447 0.0366 23.2328 "" "" 4066117836341878144 1261.08203 0.7665 0.0477 1.792 -2.39 0.054 0.039 2.156 "" "" 11.881554 0.773873 12.177645 11.403771 5.93 7.91 1183.38586 1392.96729 332908.72699 87.286 183810.0 141.42 217600.0 187.1 "" "" 0.002769986853665995 0.0029125332 0.0038929745 0.0068055075 271.12028725121 -24.2340478636 1261.08203 1.792 -2.39
271.07159012604 -24.22100267306 0.0202 0.0165 25.9267 "" "" 4066117969457867904 1729.69653 0.559 0.0222 0.311 -1.173 0.027 0.018 0.871 "" "" 11.885285 2.536299 13.263166 10.726868 -27.28 0.25 1673.17236 1800.35962 331766.58138 110.34 67632.0 103.07 405890.0 319.02 "" "" 0.0027788812318027202 0.0032439008 0.0038745266 0.007118427 271.07159012604 -24.22100267306 1729.69653 0.31099999999999994 -1.173
271.69146887708 -24.14018500141 0.0146 0.0118 10.1453 "" "" 4066087183130427264 1530.29895 0.6263 0.0161 0.311 -1.927 0.02 0.014 0.774 "" "" 11.928382 1.229806 12.452121 11.222315 "" "" 1498.6217 1577.22534 318855.65137 121.32 142750.0 328.44 257180.0 159.78 "" "" 0.002786116800241749 0.003745049 0.003839106 0.007584155 271.69146887708 -24.14018500141 1530.29895 0.31099999999999994 -1.9270000000000003
271.54763939258 -24.39783996888 0.0138 0.0111 9.256 "" "" 4066056706042496640 1488.00146 0.6372 0.0155 -0.09 -1.937 0.017 0.012 0.642 "" "" 11.930507 0.931349 12.302639 11.37129 "" "" 1448.33337 1525.6145 318232.26939 229.18 163820.0 301.06 224200.0 386.49 "" "" 0.0028641181422013593 0.0034302056 0.0042174445 0.0076476503 271.54763939258 -24.39783996888 1488.00146 -0.09 -1.9369999999999996
271.24178812441 -24.40573111378 0.0159 0.0131 19.2122 "" "" 4066064814936438400 1433.7533 0.6839 0.0178 2.229 -0.785 0.023 0.015 0.788 "" "" 11.979785 2.294413 13.189716 10.895304 -39.18 0.28 1404.20166 1468.85132 304111.46142 73.305 72365.0 54.823 347570.0 148.39 "" "" 0.0027677216336638743 0.0029088873 0.003807702 0.0067165894 271.24178812441 -24.40573111378 1433.7533 2.2290000000000005 -0.785
271.81060028198 -24.14206232271 0.0223 0.02 15.771 "" "" 4066085362063973376 1333.93982 0.7362 0.031 -0.021 -0.279 0.027 0.021 1.212 4977.6 2.3681 11.991631 1.989848 12.993132 11.003284 -3.33 1.46 1277.71094 1385.76794 300811.53033 73.887 86729.0 119.28 314660.0 137.73 "" "" 0.002768196172922552 0.003164616 0.003809144 0.00697376 271.81060028198 -24.14206232271 1333.93982 -0.021 -0.279
271.7633086494 -24.09747888034 0.0154 0.0129 14.8296 "" "" 4066088660598937728 1488.1123 0.6672 0.0179 -4.513 0.509 0.02 0.014 0.768 4815.8 2.2161 12.10303 2.304856 13.324535 11.019679 48.98 0.49 1444.91821 1519.04602 271478.08664 66.034 63915.0 52.532 309950.0 156.14 "" "" 0.002767947720226635 0.0029293983 0.0038187536 0.006748152 271.7633086494 -24.09747888034 1488.1123 -4.513 0.5089999999999999
271.80394792345 -24.24257939874 0.023 0.0195 14.1774 "" "" 4066082510206623232 1407.49377 0.6927 0.029 -0.122 -1.672 0.028 0.019 1.246 6034.8 2.9572 12.123836 1.277361 12.51534 11.237979 "" "" 1353.21033 1463.81299 266325.04798 498.06 134670.0 966.85 253490.0 1188.4 "" "" 0.00342265211280749 0.008279256 0.0063397805 0.014619036 271.80394792345 -24.24257939874 1407.49377 -0.12200000000000003 -1.6719999999999997
271.55292460169 -23.95334642193 0.0197 0.0172 17.4206 "" "" 4066104947112468864 1580.08899 0.6304 0.0262 0.786 -2.738 0.024 0.017 0.726 6439.4 2.2368 12.176086 3.031458 13.948658 10.9172 -27.15 0.27 1523.10742 1669.63733 253812.07392 108.27 35971.0 71.126 340630.0 285.49 "" "" 0.002793974914871755 0.0035205085 0.0038873889 0.007407897 271.55292460169 -23.95334642193 1580.08899 0.786 -2.7379999999999995
271.9386086909 -23.99695663345 0.0556 0.0496 26.1542 "" "" 4066092818127459712 1427.51514 0.6996 0.0712 -1.207 -8.978 0.067 0.051 2.922 "" "" 12.276054 2.29964 13.490666 11.191027 -31.24 3.59 1306.06189 1615.87939 231486.23059 64.183 54847.0 62.415 264700.0 247.51 "" "" 0.0027717165012368966 0.0030514968 0.0039133634 0.0069648605 271.9386086909 -23.99695663345 1427.51514 -1.2069999999999999 -8.978
271.79634458286 -23.95547466112 0.013 0.0108 22.1053 "" "" 4066096670741104256 1260.29346 0.7841 0.015 0.781 1.317 0.017 0.012 0.84 4720.0 2.5202 12.323118 1.779222 13.178214 11.398992 "" "" 1238.02295 1281.62305 221666.2123 40.869 73136.0 81.94 218560.0 281.59 "" "" 0.00276258232315163 0.0030438073 0.004029951 0.007073758 271.79634458286 -23.95547466112 1260.29346 0.781 1.317
271.26985655844 -24.15756456658 0.0316 0.0259 15.908 "" "" 4066078730630464256 1400.41553 0.7019 0.0363 1.531 -2.583 0.036 0.026 1.981 "" "" 12.397843 0.794276 12.710875 11.916598 -29.53 12.4 1345.56323 1462.49231 206923.27067 46.651 112480.0 94.192 135680.0 77.882 "" "" 0.00276617184018935 0.002934571 0.0038304226 0.0067649935 271.26985655844 -24.15756456658 1400.41553 1.5310000000000001 -2.5830000000000006
271.70246046718 -24.21020956768 0.0211 0.0177 8.8556 "" "" 4066083369200013312 1345.33765 0.7103 0.0262 1.083 -1.625 0.026 0.02 1.024 "" "" 12.414748 0.358436 12.539439 12.181004 "" "" 1310.11584 1381.65515 203726.52788 60.985 131720.0 115.14 106350.0 80.553 "" "" 0.002774422892386554 0.0029471654 0.003867819 0.0068149846 271.70246046718 -24.21020956768 1345.33765 1.083 -1.6250000000000002
271.54856813415 -24.3225365281 0.0257 0.0209 4.741 "" "" 4066060558653911936 1627.13879 0.5954 0.0269 -0.154 -1.398 0.034 0.024 1.44 11601.2 3.2949 12.445407 1.150537 12.92226 11.771724 "" "" 1561.04089 1718.75854 198054.2278 107.59 92579.0 162.19 155050.0 320.11 "" "" 0.0028177411404702066 0.003376844 0.004394127 0.0077709714 271.54856813415 -24.3225365281 1627.13879 -0.154 -1.398
271.55044713235 -23.94197831211 0.0153 0.0132 18.0996 "" "" 4066104947112510720 1264.26526 0.758 0.0192 0.78 0.753 0.019 0.013 0.713 6846.3 3.4946 12.457197 0.738184 12.738224 12.00004 "" "" 1231.50256 1298.16492 195915.12396 439.78 109680.0 659.9 125640.0 936.05 "" "" 0.003678552815536019 0.0071033607 0.008928372 0.016031733 271.55044713235 -23.94197831211 1264.26526 0.7799999999999999 0.753
271.60874583085 -24.34498215628 0.0171 0.0133 7.0166 "" "" 4066057358877811840 1649.58032 0.589 0.0208 0.32 -1.68 0.019 0.014 0.735 "" "" 12.463661 1.058093 12.895936 11.837843 2.55 29.66 1592.12683 1702.85559 194752.2163 82.597 94851.0 137.14 145890.0 195.98 "" "" 0.002793533021688514 0.0032014598 0.004051048 0.007252508 271.60874583085 -24.34498215628 1649.58032 0.31999999999999995 -1.6799999999999997
271.86644380942 -24.00340091241 0.014 0.0117 22.7575 "" "" 4066095395107832448 1492.71936 0.6567 0.0167 -0.84 -1.568 0.018 0.013 0.864 "" "" 12.495952 2.330959 13.735567 11.404608 -57.55 0.45 1453.02148 1531.32043 189045.41633 42.543 43771.0 67.233 217430.0 95.303 "" "" 0.002766132526012072 0.003250585 0.003809226 0.0070598107 271.86644380942 -24.00340091241 1492.71936 -0.8399999999999999 -1.568
271.43369829766 -23.83472808983 0.017 0.0148 25.2762 "" "" 4066154218977761024 1486.74915 0.6559 0.0224 -0.497 -1.943 0.021 0.015 1.011 15052.0 3.884 12.522265 1.150866 12.94128 11.790415 "" "" 1430.55457 1542.7887 184518.80128 87.538 90971.0 269.25 152400.0 294.66 "" "" 0.002803052564838223 0.0042557693 0.0043232515 0.008579021 271.43369829766 -23.83472808983 1486.74915 -0.4969999999999999 -1.943
271.1816609793 -24.23947098703 0.0217 0.0175 19.869 "" "" 4066072133560918784 1267.33972 0.7774 0.022 1.419 0.634 0.026 0.019 0.806 "" "" 12.52245 2.806436 14.11236 11.305924 -63.68 0.27 1233.31689 1312.77661 184487.50441 92.358 30937.0 65.042 238120.0 247.12 "" "" 0.0028084204852438194 0.0036049348 0.0039437725 0.0075487075 271.1816609793 -24.23947098703 1267.33972 1.4190000000000003 0.6339999999999999
271.44453102905 -24.18343817931 0.0146 0.0121 6.5679 "" "" 4066074229505073024 1251.97705 0.7896 0.016 1.124 -6.944 0.019 0.013 0.82 "" "" 12.537028 2.204841 13.685338 11.480497 -58.78 0.84 1230.68066 1273.77136 182026.88043 44.434 45844.0 66.369 202750.0 101.35 "" "" 0.0027680377997049387 0.0032024547 0.0038181525 0.007020607 271.44453102905 -24.18343817931 1251.97705 1.1239999999999999 -6.944000000000001
271.64720555021 -24.64789389007 0.0254 0.0216 24.8944 "" "" 4065855843358918144 1828.00684 0.5408 0.0242 0.486 0.051 0.033 0.024 0.903 "" "" 12.541627 2.472323 13.879915 11.407592 -6.94 2.27 1745.67517 1925.11768 181257.48297 55.716 38322.0 37.691 216830.0 103.22 "" "" 0.002775458844710108 0.002987536 0.00381456 0.006802096 271.64720555021 -24.64789389007 1828.00684 0.486 0.051
271.54144795356 -23.99468193462 0.0164 0.0131 14.9359 "" "" 4066104500435722752 1475.53027 0.6562 0.019 0.005 -2.038 0.022 0.014 0.784 "" "" 12.547777 1.189621 13.050578 11.860957 "" "" 1438.04968 1526.20435 180233.64714 85.826 82259.0 147.64 142820.0 189.02 "" "" 0.0028034084629483163 0.0034033041 0.004043336 0.00744664 271.54144795356 -23.99468193462 1475.53027 0.0049999999999999975 -2.0380000000000003
271.4577340387 -24.18431611556 0.0149 0.0123 5.9458 "" "" 4066074229505071744 1284.9884 0.7483 0.0164 1.013 -1.743 0.02 0.013 0.82 "" "" 12.56342 0.505034 12.708761 12.203727 "" "" 1262.49182 1316.56787 177655.5158 50.591 112700.0 448.38 104150.0 708.74 "" "" 0.0027726133825692924 0.005142398 0.00829895 0.013441348 271.4577340387 -24.18431611556 1284.9884 1.0129999999999997 -1.7429999999999999
271.7842105772 -24.1955123943 0.016 0.014 13.4138 "" "" 4066082991242912896 1273.93835 0.7508 0.0215 0.578 -1.164 0.02 0.014 0.82 9509.4 4.1554 12.574773 0.584369 12.793715 12.209346 "" "" 1242.11426 1311.16675 175807.61768 56.329 104220.0 100.02 103610.0 63.626 "" "" 0.0027771935250448234 0.0029783845 0.0038377428 0.0068161273 271.7842105772 -24.1955123943 1273.93835 0.578 -1.1639999999999997
271.66172254166 -24.68902010508 0.0225 0.0181 27.4777 "" "" 4065855529772264704 1349.45996 0.7283 0.0237 0.434 -0.897 0.031 0.021 0.93 "" "" 12.646059 2.682588 14.13977 11.457182 2.17 6.71 1309.67188 1380.87781 164635.33857 74.951 30165.0 34.137 207150.0 181.19 "" "" 0.0027993049916076916 0.00304873 0.003896871 0.006945601 271.66172254166 -24.68902010508 1349.45996 0.434 -0.897
271.53552418221 -24.21702398202 0.0156 0.0124 1.6732 "" "" 4066063582310973824 1331.05664 0.7132 0.0179 1.553 -1.691 0.021 0.014 0.862 9932.6 3.9664 12.651831 0.540233 12.843474 12.303242 "" "" 1297.39221 1365.63855 163762.46653 144.93 99547.0 277.73 95030.0 236.01 "" "" 0.0029180602570149754 0.004118339 0.0046426957 0.008761035 271.53552418221 -24.21702398202 1331.05664 1.553 -1.6910000000000003
271.46362471686 -24.37542759759 0.0144 0.0118 9.0705 "" "" 4066054133382860544 1438.19812 0.6786 0.0153 0.26 -1.524 0.019 0.013 0.774 "" "" 12.699993 1.474984 13.359738 11.884754 "" "" 1410.95789 1467.25854 156656.94849 111.35 61876.0 173.09 139720.0 235.44 "" "" 0.002861355475861503 0.004124277 0.0041989293 0.008323206 271.46362471686 -24.37542759759 1438.19812 0.26000000000000006 -1.524
271.50303980092 -24.29334342651 0.0156 0.0127 3.7589 "" "" 4066060867891612928 1320.74561 0.7243 0.0171 1.181 -2.047 0.022 0.015 0.948 "" "" 12.702019 0.677465 12.956893 12.279428 "" "" 1295.84717 1352.66089 156364.9226 39.191 89673.0 64.398 97138.0 52.691 "" "" 0.002768725772123488 0.0028970677 0.003824994 0.006722062 271.50303980092 -24.29334342651 1320.74561 1.1810000000000003 -2.047
271.40167961956 -24.29620105206 0.0416 0.0341 8.441 "" "" 4066067288837749248 1814.61023 0.5613 0.045 -3.009 -3.593 0.058 0.038 0.953 3721.6 0.1737 12.713684 3.900337 15.209686 11.309349 -25.42 0.29 1680.56934 1975.99878 154693.85585 95.782 11260.0 53.838 237370.0 331.24 "" "" 0.0028361450015280815 0.005893597 0.0040717633 0.00996536 271.40167961956 -24.29620105206 1814.61023 -3.009 -3.5929999999999995
271.37419146842 -24.6147639885 0.0284 0.0241 24.1419 "" "" 4065953008351981696 1513.56616 0.6379 0.032 1.214 -0.469 0.036 0.026 0.979 5037.1 2.0089 12.729157 3.175193 14.611617 11.436424 3.7 0.7 1446.20715 1582.13147 152504.9946 66.213 19533.0 28.267 211150.0 164.37 "" "" 0.002795353490199316 0.0032021492 0.0038727352 0.007074884 271.37419146842 -24.6147639885 1513.56616 1.214 -0.469
271.50593887229 -24.24411751214 0.0284 0.0233 2.1267 "" "" 4066062066162077056 1524.16406 0.6412 0.0328 -0.004 -1.921 0.038 0.027 1.63 "" "" 12.739957 1.225082 13.260536 12.035454 "" "" 1461.40857 1578.65491 150995.51288 56.923 67796.0 100.75 121610.0 67.193 "" "" 0.0027855557354235475 0.003223102 0.0038266967 0.007049799 271.50593887229 -24.24411751214 1524.16406 -0.003999999999999997 -1.921
271.32278379353 -23.986764997 0.0154 0.0137 19.629 "" "" 4066128586612349056 1269.85132 0.7715 0.02 4.38 -2.708 0.018 0.014 0.863 "" "" 12.76213 1.93755 13.726277 11.788728 -36.86 0.67 1230.82825 1301.50916 147943.09614 36.43 44147.0 40.906 152640.0 86.678 "" "" 0.0027682608708840565 0.0029659974 0.0038293414 0.006795339 271.32278379353 -23.986764997 1269.85132 4.38 -2.7079999999999997
271.5088692003 -23.87333265224 0.0395 0.0364 22.3028 "" "" 4066154562574987776 1527.99243 0.6275 0.0568 -3.516 -3.018 0.051 0.034 0.821 5368.6 1.4934 12.78793 3.775628 15.179026 11.403398 -39.25 0.44 1390.88208 1668.7384 144469.08654 92.062 11583.0 36.691 217670.0 275.24 "" "" 0.002840859926227297 0.004428706 0.004021016 0.008449722 271.5088692003 -23.87333265224 1527.99243 -3.5160000000000005 -3.0179999999999993
271.5752257358 -24.26589889332 0.0162 0.0141 2.1354 "" "" 4066062276640859904 1327.27466 0.735 0.021 -0.081 -1.772 0.021 0.014 0.939 "" "" 12.806582 1.429495 13.437333 12.007838 "" "" 1282.14966 1372.49609 142008.46631 61.309 57608.0 129.96 124740.0 218.97 "" "" 0.0027949076741676598 0.0037127312 0.0042327573 0.007945488 271.5752257358 -24.26589889332 1327.27466 -0.08100000000000003 -1.7720000000000002
271.67975954861 -23.87898430749 0.0301 0.0268 23.0922 "" "" 4066109791834826368 1355.82471 0.7076 0.0397 1.612 -10.281 0.038 0.028 0.937 "" "" 12.808544 3.361381 14.843912 11.482531 2.76 0.43 1293.18567 1470.71265 141751.98117 60.961 15771.0 62.233 202370.0 217.31 "" "" 0.0027946034555273486 0.0051128054 0.0039551267 0.009067932 271.67975954861 -23.87898430749 1355.82471 1.6120000000000003 -10.281
271.47497842383 -23.79078568385 0.0164 0.0144 27.4367 "" "" 4066155872573254528 1826.17004 0.5272 0.0197 0.302 -0.691 0.022 0.015 0.849 7488.4 3.4815 12.811375 1.109776 13.273403 12.163628 "" "" 1765.06299 1885.12842 141382.89197 26.425 66997.0 66.773 108070.0 51.841 "" "" 0.002762782883454332 0.002992658 0.0038150998 0.0068077575 271.47497842383 -23.79078568385 1826.17004 0.3020000000000001 -0.6909999999999998
271.08566986866 -24.4154277008 0.045 0.0393 27.1365 "" "" 4065974380116009472 1315.82922 0.7498 0.0549 1.546 -2.595 0.059 0.04 2.669 "" "" 12.818124 0.984575 13.214325 12.22975 -1.95 6.77 1229.61243 1407.24585 140506.75877 194.27 70744.0 376.08 101690.0 359.36 "" "" 0.003137727107325424 0.006410872 0.0053856485 0.011796521 271.08566986866 -24.4154277008 1315.82922 1.546 -2.595
271.5494320239 -23.92767920155 0.0171 0.0147 18.9566 "" "" 4066106493300793216 1305.90088 0.7502 0.0235 2.405 -0.734 0.022 0.014 0.853 4788.8 2.2684 12.824349 2.097427 13.8988 11.801373 -17.87 1.17 1272.03149 1355.04736 139703.35904 38.307 37661.0 38.36 150870.0 53.141 "" "" 0.0027713573439655465 0.003001339 0.0037986813 0.00680002 271.5494320239 -23.92767920155 1305.90088 2.404999999999999 -0.734
271.5556946413 -24.24892355036 0.0265 0.0233 0.676 "" "" 4066062547198411264 1417.14075 0.6886 0.0325 -0.753 -2.223 0.033 0.025 1.416 "" "" 12.838492 1.472455 13.500622 12.028167 -43.79 26.41 1350.67188 1496.43115 137895.44963 70.056 54346.0 105.4 122430.0 226.91 "" "" 0.0028099903169673357 0.003495574 0.0042817085 0.0077772825 271.5556946413 -24.24892355036 1417.14075 -0.753 -2.223
271.61470351975 -24.33197274806 0.0161 0.0133 6.5369 "" "" 4066057397557890304 1418.78516 0.6779 0.0195 0.053 -1.927 0.02 0.015 0.74 7549.7 3.4715 12.850102 1.143157 13.324245 12.181088 "" "" 1373.11646 1460.20349 136428.75266 106.75 63932.0 172.69 106350.0 296.34 "" "" 0.0028833167976986588 0.0040479624 0.004841129 0.008889091 271.61470351975 -24.33197274806 1418.78516 0.05299999999999999 -1.9269999999999998
