Clusters/UBC_338/UBC_338_stars_in_region.tsv
# %ECSV 1.0
# ---
# datatype:
# - name: RA_ICRS_1
#   unit: deg
#   datatype: float64
#   format: '{:15.11f}'
#   description: Right ascension (ICRS) at Ep=2016.0 (ra)
#   meta: !!omap
#   - {ucd: POS_EQ_RA_MAIN}
#   - {width: 15}
#   - {precision: '11'}
# - name: DE_ICRS_1
#   unit: deg
#   datatype: float64
#   format: '{:15.11f}'
#   description: Declination (ICRS) at Ep=2016.0 (dec)
#   meta: !!omap
#   - {ucd: POS_EQ_DEC_MAIN}
#   - {width: 15}
#   - {precision: '11'}
# - name: e_RA_ICRS
#   unit: mas
#   datatype: float64
#   format: '{:7.4f}'
#   description: Standard error of right ascension (ra_error)
#   meta: !!omap
#   - {ucd: ERROR}
#   - {width: 7}
#   - {precision: '4'}
# - name: e_DE_ICRS
#   unit: mas
#   datatype: float64
#   format: '{:7.4f}'
#   description: Standard error of declination (dec_error)
#   meta: !!omap
#   - {ucd: ERROR}
#   - {width: 7}
#   - {precision: '4'}
# - name: _r_1
#   unit: ''
#   datatype: float64
#   format: '{:7.4f}'
#   description: Distance from center (271.54480743000-24.24359441000)[ICRS], at Epoch=J2016.0
#   meta: !!omap
#   - {ucd: POS_ANG_DIST_GENERAL}
#   - {width: 7}
#   - {precision: '4'}
# - name: HIP
#   datatype: int32
#   description: '? HIP cross-id number, van Leeuwen, Cat. I/311 (hip_original_ext_source_id)'
#   meta: !!omap
#   - {ucd: ID_NUMBER}
#   - {width: 6}
#   - values: {'null': -2147483648}
# - name: TYC2
#   datatype: string
#   description: Tycho-2 cross-id name, Hog et al., Cat. I/259 (tyc2_original_ext_source_id)
#   meta: !!omap
#   - {ucd: ID_CROSSID}
#   - {_votable_string_dtype: char}
# - name: Source
#   datatype: int64
#   description: Source identifier, identical to the Gaia-EDR3 source_id (id)
#   meta: !!omap
#   - {ucd: ID_MAIN}
#   - {width: 19}
# - name: rgeo
#   unit: pc
#   datatype: float64
#   format: '{:15.8f}'
#   description: '? Median of the geometric distance posterior (r_med_geo)'
#   meta: !!omap
#   - {ucd: PHYS_DISTANCE_TRUE}
#   - {width: 15}
#   - {precision: '8'}
#   - values: {'null': .nan}
# - name: Plx
#   unit: mas
#   datatype: float64
#   format: '{:9.4f}'
#   description: '? Parallax (parallax)'
#   meta: !!omap
#   - {ucd: POS_PARLX_TRIG}
#   - {width: 9}
#   - {precision: '4'}
#   - values: {'null': .nan}
# - name: e_Plx
#   unit: mas
#   datatype: float32
#   format: '{:7.4f}'
#   description: '? Standard error of parallax (parallax_error)'
#   meta: !!omap
#   - {ucd: ERROR}
#   - {width: 7}
#   - {precision: '4'}
#   - values: {'null': .nan}
# - name: pmRA
#   unit: mas / yr
#   datatype: float64
#   format: '{:9.3f}'
#   description: '? Proper motion in right ascension direction, pmRA*cosDE (pmra)'
#   meta: !!omap
#   - {ucd: POS_EQ_PMRA}
#   - {width: 9}
#   - {precision: '3'}
#   - values: {'null': .nan}
# - name: pmDE
#   unit: mas / yr
#   datatype: float64
#   format: '{:9.3f}'
#   description: '? Proper motion in declination direction (pmdec)'
#   meta: !!omap
#   - {ucd: POS_EQ_PMDEC}
#   - {width: 9}
#   - {precision: '3'}
#   - values: {'null': .nan}
# - name: e_pmRA
#   unit: mas / yr
#   datatype: float32
#   format: '{:6.3f}'
#   description: '? Standard error of proper motion in right ascension direction (pmra_error)'
#   meta: !!omap
#   - {ucd: ERROR}
#   - {width: 6}
#   - {precision: '3'}
#   - values: {'null': .nan}
# - name: e_pmDE
[...]
#         unit: &id001 !astropy.units.Unit {unit: deg}
#         value: !astropy.table.SerializedColumn {name: SkyCoord.dec}
#       distance: !astropy.table.SerializedColumn
#         __class__: astropy.coordinates.distances.Distance
#         unit: !astropy.units.Unit {unit: pc}
#         value: !astropy.table.SerializedColumn {name: SkyCoord.distance}
#       frame: icrs
#       obstime: !astropy.time.Time {format: jyear_str, in_subfmt: '*', jd1: 367701545.0, jd2: 0.0, out_subfmt: '*', precision: 3, scale: tt}
#       pm_dec: !astropy.table.SerializedColumn
#         __class__: astropy.units.quantity.Quantity
#         unit: !astropy.units.Unit {unit: mas / yr}
#         value: !astropy.table.SerializedColumn {name: SkyCoord.pm_dec}
#       pm_ra_cosdec: !astropy.table.SerializedColumn
#         __class__: astropy.units.quantity.Quantity
#         unit: !astropy.units.Unit {unit: mas / yr}
#         value: !astropy.table.SerializedColumn {name: SkyCoord.pm_ra_cosdec}
#       ra: !astropy.table.SerializedColumn
#         __class__: astropy.coordinates.angles.Longitude
#         unit: *id001
#         value: !astropy.table.SerializedColumn {name: SkyCoord.ra}
#         wrap_angle: !astropy.coordinates.Angle
#           unit: *id001
#           value: 360.0
#       representation_type: spherical
# schema: astropy-2.0
RA_ICRS_1 DE_ICRS_1 e_RA_ICRS e_DE_ICRS _r_1 HIP TYC2 Source rgeo Plx e_Plx pmRA pmDE e_pmRA e_pmDE RUWE Teff logg Gmag BP-RP BPmag RPmag RV e_RV b_rgeo B_rgeo FG e_FG FBP e_FBP FRP e_FRP RAVE5 RAVE6 e_Gmag e_BPmag e_RPmag e_BP-RP SkyCoord.ra SkyCoord.dec SkyCoord.distance SkyCoord.pm_ra_cosdec SkyCoord.pm_dec
[from data line 975]
271.27078526999 -24.22870389255 0.1604 0.13 15.0188 "" "" 4066071622489934336 1612.2041 0.7086 0.1755 -0.894 -4.202 0.188 0.135 3.201 8352.9 3.5702 16.061724 2.455342 17.268559 14.813216 "" "" 1236.56165 2211.6875 7083.65643 24.618 1690.4 9.7991 9416.1 24.79 "" "" 0.004672201557395541 0.0068846527 0.0047386107 0.011623263 271.27078526999 -24.22870389255 1612.2041 -0.8939999999999999 -4.202
271.51404808634 -24.53222679274 0.049 0.0389 17.3993 "" "" 4065861336566245376 1303.60181 0.7285 0.0504 -1.47 -1.399 0.058 0.041 0.941 "" "" 16.063488 1.921251 17.00817 15.086918 "" "" 1230.81421 1395.89294 7072.15078 4.0211 2148.6 7.8183 7318.0 17.971 "" "" 0.00282362997711221 0.0048366906 0.004625227 0.009461917 271.51404808634 -24.53222679274 1303.60181 -1.47 -1.399
271.22878464367 -23.8964634842 0.0429 0.0373 27.0837 "" "" 4066133057705688320 1276.04431 0.7738 0.0549 -7.04 -2.022 0.052 0.04 1.011 5173.4 3.8322 16.06381 1.436369 16.72061 15.284241 "" "" 1205.70581 1363.07129 7070.04828 3.9808 2800.1 13.165 6101.9 13.727 "" "" 0.0028223231266855876 0.005817489 0.004499949 0.010317437 271.22878464367 -23.8964634842 1276.04431 -7.039999999999999 -2.022
271.8003333143 -24.12448027061 0.0435 0.0415 15.7062 "" "" 4066085675624445568 1570.54773 0.6267 0.0677 -2.902 -2.44 0.055 0.04 1.028 "" "" 16.067526 1.872461 16.980896 15.108435 "" "" 1385.1272 1803.75867 7045.89599 4.1156 2203.2 8.5578 7174.4 10.37 "" "" 0.0028273644588908673 0.005056729 0.004092256 0.009148985 271.8003333143 -24.12448027061 1570.54773 -2.9020000000000006 -2.44
271.69031898855 -24.55683167232 0.0487 0.0411 20.4069 "" "" 4065863436860545280 1819.77832 0.54 0.0499 -0.462 -2.945 0.055 0.041 0.922 9244.9 3.6585 16.067783 2.102282 17.128258 15.025976 "" "" 1649.9635 1959.44519 7044.22978 4.6141 1923.6 9.9969 7740.5 15.216 "" "" 0.002845621601980585 0.0062947073 0.0043403883 0.010635096 271.69031898855 -24.55683167232 1819.77832 -0.462 -2.9450000000000003
271.65319169458 -24.3808710707 0.0461 0.0374 10.1471 "" "" 4066056293725856512 1342.4884 0.7277 0.0507 -0.927 1.251 0.053 0.04 0.941 5284.1 4.3384 16.069466 1.656263 16.834402 15.178139 "" "" 1259.0459 1434.92847 7033.32663 4.1372 2521.5 12.507 6728.3 24.135 "" "" 0.002828369951631147 0.0060652825 0.005426958 0.011492241 271.65319169458 -24.3808710707 1342.4884 -0.9270000000000002 1.2510000000000001
271.77241167188 -24.10890728589 0.0409 0.0356 14.8499 "" "" 4066088596202294912 1322.50183 0.7358 0.0548 1.307 1.096 0.052 0.038 0.916 5685.1 4.5597 16.071474 1.356507 16.647072 15.290565 "" "" 1217.12549 1444.43384 7020.31918 3.8373 2996.3 14.971 6066.4 22.064 "" "" 0.002818507944769885 0.006100354 0.005466044 0.011566398 271.77241167188 -24.10890728589 1322.50183 1.3069999999999997 1.0959999999999999
271.84420262861 -24.59339821177 0.043 0.0357 26.6092 "" "" 4065850616330218752 1624.30249 0.5871 0.0458 -0.319 -3.518 0.057 0.04 0.977 "" "" 16.073053 1.817349 16.95213 15.13478 "" "" 1523.31885 1757.03735 7010.11638 4.0269 2262.4 11.458 7002.4 17.048 "" "" 0.0028250275487946342 0.0061661387 0.004612039 0.0107781775 271.84420262861 -24.59339821177 1624.30249 -0.31900000000000006 -3.518
271.50679576286 -24.35104879112 0.0483 0.0406 6.7741 "" "" 4066060008898107904 1285.77087 0.7651 0.0526 -3.498 -8.564 0.065 0.049 1.213 "" "" 16.073921 1.906878 17.001251 15.094374 "" "" 1203.56433 1372.20081 7004.52248 6.2409 2162.3 14.203 7267.9 15.068 "" "" 0.002920204750600674 0.0076580094 0.0043989345 0.012056944 271.50679576286 -24.35104879112 1285.77087 -3.4979999999999993 -8.564
271.27910772901 -23.93398717681 0.0546 0.0474 23.5986 "" "" 4066129759170769024 1784.9856 0.5417 0.0697 1.113 -0.425 0.065 0.052 1.167 "" "" 16.074999 1.771961 16.893963 15.122002 "" "" 1557.85754 2079.39429 6997.57206 5.2669 2386.9 13.43 7085.3 17.632 "" "" 0.002873954846231485 0.006715969 0.0046458514 0.011361821 271.27910772901 -23.93398717681 1784.9856 1.1130000000000002 -0.425
271.12503409249 -24.33869498499 0.073 0.0585 23.6551 "" "" 4066069079868792832 1287.24329 0.7531 0.0767 1.655 -1.902 0.082 0.064 1.084 5354.5 3.7573 16.075201 2.14949 17.202406 15.052916 "" "" 1165.94214 1428.72412 6996.26227 45.669 1796.6 100.51 7550.8 125.82 "" "" 0.007604035537624957 0.060805082 0.018482313 0.079287395 271.12503409249 -24.33869498499 1287.24329 1.6550000000000002 -1.9020000000000001
271.96531896254 -24.19315375177 0.0469 0.0434 23.2083 "" "" 4065896078614540672 1290.72925 0.7785 0.0619 2.845 -3.168 0.056 0.043 0.924 8538.4 4.19 16.078373 1.630496 16.83135 15.200854 "" "" 1189.46008 1406.22327 6975.85219 3.6177 2528.6 16.002 6589.0 19.608 "" "" 0.0028122647743026676 0.0074158856 0.004972237 0.012388123 271.96531896254 -24.19315375177 1290.72925 2.8450000000000006 -3.1679999999999993
271.8505689119 -24.15873411753 0.0481 0.0446 17.4908 "" "" 4066084576112671104 1342.88989 0.7194 0.0687 -1.656 -3.452 0.061 0.044 0.987 "" "" 16.078722 1.834093 16.964722 15.130629 "" "" 1238.91614 1462.31812 6973.61376 4.9619 2236.3 17.91 7029.2 19.186 "" "" 0.0028615711512098518 0.009132093 0.004802705 0.013934798 271.8505689119 -24.15873411753 1342.88989 -1.6559999999999997 -3.452
271.10799948695 -24.33077761943 0.0509 0.0433 24.4549 "" "" 4066069114203519744 1308.06506 0.725 0.0536 2.021 -1.956 0.07 0.05 0.929 "" "" 16.079538 1.346959 16.131277 14.784318 "" "" 1236.17725 1398.62341 6968.37172 19.689 4818.4 389.82 9670.1 282.92 "" "" 0.004123437254514941 0.087882936 0.031989634 0.11987257 271.10799948695 -24.33077761943 1308.06506 2.0210000000000004 -1.9560000000000002
271.84127357015 -24.49725777322 0.0507 0.0447 22.2301 "" "" 4065864570731848832 1621.87354 0.5936 0.0649 0.266 -1.202 0.061 0.043 0.847 "" "" 16.081347 1.790613 16.931133 15.14052 "" "" 1454.58057 1845.11621 6956.77985 4.737 2306.6 7.9649 6965.5 14.943 "" "" 0.002852779465377992 0.0046734507 0.004439479 0.00911293 271.84127357015 -24.49725777322 1621.87354 0.266 -1.202
271.23563563557 -24.26574208835 0.053 0.0445 16.965 "" "" 4066071072708597376 1637.79285 0.5781 0.0546 4.03 -5.359 0.067 0.046 0.947 8290.4 3.2775 16.083008 2.655952 17.546846 14.890895 "" "" 1501.14319 1807.06445 6946.13721 4.7996 1308.2 14.17 8766.0 16.524 "" "" 0.0028556282431494275 0.012086799 0.0042979526 0.016384752 271.23563563557 -24.26574208835 1637.79285 4.029999999999999 -5.359000000000001
271.300548432 -23.94523677081 0.0465 0.0408 22.3484 "" "" 4066129862249967872 1326.87244 0.7412 0.0608 2.546 0.171 0.058 0.04 0.915 9493.9 4.181 16.083328 1.707067 16.891964 15.184896 "" "" 1237.80725 1424.34424 6944.09622 4.5624 2391.3 15.143 6686.5 14.435 "" "" 0.002846165108240816 0.007420046 0.0044472096 0.011867255 271.300548432 -23.94523677081 1326.87244 2.5459999999999994 0.17100000000000004
271.5502751821 -24.53943222341 0.0558 0.0418 17.7528 "" "" 4065861169118310912 1298.56018 0.7417 0.0572 1.326 -0.944 0.064 0.045 1.005 9955.6 4.0465 16.08987 1.762932 16.904222 15.141291 "" "" 1218.41504 1413.08032 6902.37227 4.4497 2364.4 18.001 6960.5 25.412 "" "" 0.0028428323927327656 0.008724291 0.0054768817 0.014201173 271.5502751821 -24.53943222341 1298.56018 1.326 -0.944
271.41764663676 -23.98170915161 0.0459 0.0397 17.1871 "" "" 4066081857368195328 1329.98047 0.7156 0.0518 0.048 -3.406 0.055 0.04 0.962 5535.7 4.6019 16.092224 1.240956 16.61404 15.373084 "" "" 1256.96973 1414.28625 6887.42985 3.8868 3088.9 12.02 5622.4 25.525 "" "" 0.002822624746802508 0.0050631543 0.006211266 0.01127442 271.41764663676 -23.98170915161 1329.98047 0.047999999999999994 -3.4060000000000006
271.64897740571 -24.56531978121 0.0468 0.0394 20.1252 "" "" 4065857492625829760 1255.90356 0.767 0.0472 1.795 -2.438 0.056 0.042 0.918 4976.6 4.4211 16.095058 1.367706 16.706053 15.338347 "" "" 1181.9115 1340.91418 6869.46865 3.5293 2837.9 7.875 5805.2 16.883 "" "" 0.002811217944681101 0.0041063763 0.00492485 0.009031227 271.64897740571 -24.56531978121 1255.90356 1.795 -2.438
271.5300322985 -24.67390112982 0.0555 0.0469 25.831 "" "" 4065854881268505856 1832.58374 0.5047 0.0542 0.465 -3.475 0.065 0.048 0.953 8730.1 2.7517 16.095196 3.67227 18.353086 14.680817 "" "" 1687.52051 2034.32434 6868.5989 7.1733 622.56 11.154 10637.0 26.874 "" "" 0.0029795168787240165 0.01965151 0.004669923 0.024321433 271.5300322985 -24.67390112982 1832.58374 0.4650000000000001 -3.475
271.57876398775 -24.47719372806 0.0482 0.04 14.1383 "" "" 4065862023761049856 1646.11829 0.5879 0.0509 -5.903 -8.343 0.056 0.041 1.021 "" "" 16.095337 1.867867 17.008686 15.14082 "" "" 1501.39966 1784.56116 6867.70974 4.142 2147.5 11.793 6963.5 16.675 "" "" 0.00283206280483404 0.006582882 0.0045873076 0.01117019 271.57876398775 -24.47719372806 1646.11829 -5.902999999999999 -8.342999999999998
271.73717270511 -24.0306175647 0.0432 0.0414 16.56 "" "" 4066090279829712128 1650.17871 0.5953 0.0627 1.311 -2.236 0.056 0.047 0.948 9515.2 4.1586 16.095854 1.683336 16.861488 15.178152 "" "" 1469.24561 1898.0354 6864.43988 3.829 2459.4 10.096 6728.2 50.65 "" "" 0.0028210941755794183 0.005258333 0.009004935 0.014263268 271.73717270511 -24.0306175647 1650.17871 1.3109999999999997 -2.2360000000000007
271.96713790052 -24.05375238634 0.0451 0.041 25.7756 "" "" 4066091619859036800 1659.5177 0.5881 0.0565 1.488 -0.477 0.054 0.04 1.014 "" "" 16.096237 1.470933 16.754305 15.283372 "" "" 1476.09802 1809.55872 6862.01605 3.9599 2714.5 8.3354 6106.7 16.034 "" "" 0.0028256603124164636 0.0043474548 0.004733975 0.00908143 271.96713790052 -24.05375238634 1659.5177 1.4880000000000002 -0.47699999999999987
271.77411425515 -24.3085139171 0.0465 0.0401 13.1328 "" "" 4065894223188920704 1848.67456 0.5313 0.0574 2.679 -0.934 0.056 0.039 1.005 9520.7 3.9881 16.098593 1.732884 16.918158 15.185273 "" "" 1645.46655 2023.70825 6847.14448 4.007 2334.3 9.2987 6684.2 19.126 "" "" 0.0028276312193318306 0.0051469407 0.0048923716 0.010039313 271.77411425515 -24.3085139171 1848.67456 2.679 -0.9340000000000002
271.64361788301 -24.15850390667 0.0441 0.0366 7.4369 "" "" 4066086740776572544 1836.92383 0.5252 0.0532 2.229 -3.315 0.058 0.043 1.057 9341.9 4.189 16.09868 1.8474 16.99035 15.142951 "" "" 1674.42554 2068.1958 6846.59475 4.5281 2184.1 10.391 6949.9 20.205 "" "" 0.0028473516290636494 0.0058708633 0.004924141 0.010795005 271.64361788301 -24.15850390667 1836.92383 2.2289999999999996 -3.3150000000000004
271.76505745985 -24.11750510568 0.0417 0.0364 14.2327 "" "" 4066088591879414912 1799.10339 0.5315 0.0561 -0.09 -3.12 0.055 0.039 0.988 7984.9 4.0894 16.1022 1.761062 16.889542 15.12848 "" "" 1623.21472 1997.82581 6824.44445 4.546 2396.6 8.4212 7043.1 75.107 "" "" 0.0028486619914929678 0.004726502 0.012179422 0.016905924 271.76505745985 -24.11750510568 1799.10339 -0.08999999999999998 -3.120000000000001
271.48086343081 -24.18442322109 0.0451 0.0382 4.9848 "" "" 4066075638254342912 1433.08118 0.6802 0.0523 -0.018 -1.601 0.058 0.041 1.006 9249.2 3.6311 16.103893 1.832052 16.985258 15.153206 "" "" 1330.35596 1522.13342 6813.79792 4.2041 2194.4 9.1238 6884.6 13.271 "" "" 0.002835586637671628 0.005306918 0.004320182 0.0096271 271.48086343081 -24.18442322109 1433.08118 -0.017999999999999988 -1.601
272.00840052134 -24.34755643603 0.0594 0.0527 26.1082 "" "" 4065890920304203264 1532.47498 0.6542 0.079 3.043 -11.128 0.071 0.052 1.262 5602.0 4.5901 16.104433 1.510546 16.753395 15.242849 "" "" 1374.16309 1730.4198 6810.4105 6.0697 2716.8 13.881 6339.0 22.246 "" "" 0.0029202971810130224 0.006209541 0.005366737 0.011576278 272.00840052134 -24.34755643603 1532.47498 3.0430000000000006 -11.128000000000002
271.35377336316 -24.2740757744 0.0452 0.0371 10.6088 "" "" 4066067598081731584 1514.36328 0.6435 0.0491 0.512 -1.78 0.066 0.046 0.955 9921.1 4.0541 16.105003 1.6338 16.859852 15.226051 "" "" 1425.3219 1648.44031 6806.83356 4.0702 2463.1 10.601 6437.8 15.665 "" "" 0.0028307740774194197 0.0054425457 0.0046112244 0.010053771 271.35377336316 -24.2740757744 1514.36328 0.5120000000000001 -1.78
271.08982284882 -24.32659659022 0.053 0.0439 25.3768 "" "" 4066069870142778112 1293.63879 0.7225 0.0587 1.38 -2.0 0.067 0.046 0.922 "" "" 16.108803 2.423311 17.419987 14.996676 "" "" 1199.63647 1409.30457 6783.05924 9.4666 1470.4 24.814 7952.2 56.055 "" "" 0.003144497001355201 0.01853376 0.008535656 0.027069416 271.08982284882 -24.32659659022 1293.63879 1.3800000000000001 -2.0000000000000004
271.3895404952 -24.37260787605 0.0771 0.0616 11.4892 "" "" 4066054717499001856 1827.24207 0.5366 0.0789 0.816 1.128 0.103 0.071 1.322 7979.6 3.4532 16.109207 2.957427 17.661425 14.703998 "" "" 1605.74194 2313.06812 6780.53624 6.3839 1177.2 10.128 10413.0 22.582 "" "" 0.0029388318360085257 0.009748902 0.0044528316 0.014201734 271.3895404952 -24.37260787605 1827.24207 0.8160000000000001 1.1280000000000001
271.65709166312 -24.04677493096 0.0485 0.042 13.3135 "" "" 4066100278513712384 1408.77051 0.6849 0.0636 -2.338 -5.48 0.064 0.048 0.999 4896.8 4.1713 16.110662 2.183053 17.152359 14.969306 "" "" 1298.14038 1567.22168 6771.44586 5.2699 1881.4 18.351 8155.2 181.53 "" "" 0.002881974445550763 0.010951563 0.02446158 0.035413142 271.65709166312 -24.04677493096 1408.77051 -2.338 -5.4799999999999995
271.32044933354 -24.10168440862 0.0464 0.0377 14.944 "" "" 4066079319071368576 1722.57983 0.5564 0.051 0.707 1.714 0.053 0.039 0.935 "" "" 16.114016 1.839327 16.991985 15.152658 "" "" 1576.8595 1880.79297 6750.57031 4.3769 2180.8 15.183 6888.0 15.67 "" "" 0.0028438274828214817 0.008057541 0.004514944 0.012572485 271.32044933354 -24.10168440862 1722.57983 0.7070000000000001 1.714
271.50481329327 -23.81774196239 0.047 0.0433 25.645 "" "" 4066154974892075264 1558.24353 0.6248 0.0641 1.515 -0.86 0.057 0.04 1.023 "" "" 16.114023 1.677883 16.867634 15.189751 "" "" 1428.54041 1704.17163 6750.52698 4.499 2445.5 15.878 6656.7 33.45 "" "" 0.0028487534391855667 0.007581501 0.0066370093 0.01421851 271.50481329327 -23.81774196239 1558.24353 1.5149999999999997 -0.86
271.90381221697 -24.52443015389 0.0454 0.0395 25.8617 "" "" 4065852613542805632 1495.38464 0.6329 0.0564 1.283 -2.293 0.061 0.043 1.052 8608.5 3.6309 16.118364 2.712631 17.63847 14.925838 "" "" 1378.80811 1628.4762 6723.58816 5.0518 1202.3 11.046 8488.3 20.774 "" "" 0.002873547448115193 0.010357958 0.0046200026 0.014977961 271.90381221697 -24.52443015389 1495.38464 1.283 -2.2930000000000006
271.8794729825 -24.22479749598 0.0466 0.0449 18.3451 "" "" 4065896250413288576 1286.72766 0.7751 0.0708 3.352 -1.569 0.057 0.042 0.936 8260.8 3.8167 16.118698 2.012674 17.131016 15.118341 "" "" 1180.70435 1401.4032 6721.52556 4.5827 1918.7 11.136 7109.2 12.43 "" "" 0.0028530261124113036 0.0068916185 0.0042293537 0.011120972 271.8794729825 -24.22479749598 1286.72766 3.3519999999999994 -1.569
271.46181156984 -24.51178388898 0.0495 0.0394 16.7184 "" "" 4066049254300638208 1283.36316 0.7513 0.0507 -0.78 -1.805 0.058 0.041 1.06 10020.5 4.1007 16.119349 1.949167 17.043264 15.094097 "" "" 1199.89514 1363.84583 6717.49882 4.7682 2080.2 15.116 7269.7 65.777 "" "" 0.0028610713174814575 0.008368461 0.01052577 0.018894231 271.46181156984 -24.51178388898 1283.36316 -0.7799999999999999 -1.8049999999999997
271.78683636608 -24.55361839177 0.0504 0.0427 22.8234 "" "" 4065862882757020032 1462.52441 0.6527 0.0539 -2.143 -3.292 0.062 0.045 1.198 "" "" 16.120308 2.00784 17.107689 15.099849 "" "" 1347.48608 1626.896 6711.55723 10.79 1960.4 10.552 7231.3 11.826 "" "" 0.003261686038261196 0.0064759585 0.0041757026 0.010651661 271.78683636608 -24.55361839177 1462.52441 -2.143 -3.2920000000000007
271.72752490581 -24.6611842927 0.048 0.039 26.9697 "" "" 4065844259778223104 1865.17627 0.5195 0.0503 0.811 -0.864 0.061 0.043 0.963 9262.4 4.0428 16.120628 1.681753 16.912634 15.230881 "" "" 1724.95691 2029.31152 6709.5822 3.7697 2346.2 12.106 6409.2 17.212 "" "" 0.0028220381540497736 0.006258585 0.004773404 0.011031989 271.72752490581 -24.6611842927 1865.17627 0.8110000000000002 -0.8640000000000001
