Clusters/UBC_338/UBC_338_stars_in_region.tsv
# %ECSV 1.0
# ---
# datatype:
# - name: RA_ICRS_1
#   unit: deg
#   datatype: float64
#   format: '{:15.11f}'
#   description: Right ascension (ICRS) at Ep=2016.0 (ra)
#   meta: !!omap
#   - {ucd: POS_EQ_RA_MAIN}
#   - {width: 15}
#   - {precision: '11'}
# - name: DE_ICRS_1
#   unit: deg
#   datatype: float64
#   format: '{:15.11f}'
#   description: Declination (ICRS) at Ep=2016.0 (dec)
#   meta: !!omap
#   - {ucd: POS_EQ_DEC_MAIN}
#   - {width: 15}
#   - {precision: '11'}
# - name: e_RA_ICRS
#   unit: mas
#   datatype: float64
#   format: '{:7.4f}'
#   description: Standard error of right ascension (ra_error)
#   meta: !!omap
#   - {ucd: ERROR}
#   - {width: 7}
#   - {precision: '4'}
# - name: e_DE_ICRS
#   unit: mas
#   datatype: float64
#   format: '{:7.4f}'
#   description: Standard error of declination (dec_error)
#   meta: !!omap
#   - {ucd: ERROR}
#   - {width: 7}
#   - {precision: '4'}
# - name: _r_1
#   unit: ''
#   datatype: float64
#   format: '{:7.4f}'
#   description: Distance from center (271.54480743000-24.24359441000)[ICRS], at Epoch=J2016.0
#   meta: !!omap
#   - {ucd: POS_ANG_DIST_GENERAL}
#   - {width: 7}
#   - {precision: '4'}
# - name: HIP
#   datatype: int32
#   description: '? HIP cross-id number, van Leeuwen, Cat. I/311 (hip_original_ext_source_id)'
#   meta: !!omap
#   - {ucd: ID_NUMBER}
#   - {width: 6}
#   - values: {'null': -2147483648}
# - name: TYC2
#   datatype: string
#   description: Tycho-2 cross-id name, Hog et al., Cat. I/259 (tyc2_original_ext_source_id)
#   meta: !!omap
#   - {ucd: ID_CROSSID}
#   - {_votable_string_dtype: char}
# - name: Source
#   datatype: int64
#   description: Source identifier, identical to the Gaia-EDR3 source_id (id)
#   meta: !!omap
#   - {ucd: ID_MAIN}
#   - {width: 19}
# - name: rgeo
#   unit: pc
#   datatype: float64
#   format: '{:15.8f}'
#   description: '? Median of the geometric distance posterior (r_med_geo)'
#   meta: !!omap
#   - {ucd: PHYS_DISTANCE_TRUE}
#   - {width: 15}
#   - {precision: '8'}
#   - values: {'null': .nan}
# - name: Plx
#   unit: mas
#   datatype: float64
#   format: '{:9.4f}'
#   description: '? Parallax (parallax)'
#   meta: !!omap
#   - {ucd: POS_PARLX_TRIG}
#   - {width: 9}
#   - {precision: '4'}
#   - values: {'null': .nan}
# - name: e_Plx
#   unit: mas
#   datatype: float32
#   format: '{:7.4f}'
#   description: '? Standard error of parallax (parallax_error)'
#   meta: !!omap
#   - {ucd: ERROR}
#   - {width: 7}
#   - {precision: '4'}
#   - values: {'null': .nan}
# - name: pmRA
#   unit: mas / yr
#   datatype: float64
#   format: '{:9.3f}'
#   description: '? Proper motion in right ascension direction, pmRA*cosDE (pmra)'
#   meta: !!omap
#   - {ucd: POS_EQ_PMRA}
#   - {width: 9}
#   - {precision: '3'}
#   - values: {'null': .nan}
# - name: pmDE
#   unit: mas / yr
#   datatype: float64
#   format: '{:9.3f}'
#   description: '? Proper motion in declination direction (pmdec)'
#   meta: !!omap
#   - {ucd: POS_EQ_PMDEC}
#   - {width: 9}
#   - {precision: '3'}
#   - values: {'null': .nan}
# - name: e_pmRA
#   unit: mas / yr
#   datatype: float32
#   format: '{:6.3f}'
#   description: '? Standard error of proper motion in right ascension direction (pmra_error)'
#   meta: !!omap
#   - {ucd: ERROR}
#   - {width: 6}
#   - {precision: '3'}
#   - values: {'null': .nan}
# - name: e_pmDE
[...]
#         unit: &id001 !astropy.units.Unit {unit: deg}
#         value: !astropy.table.SerializedColumn {name: SkyCoord.dec}
#       distance: !astropy.table.SerializedColumn
#         __class__: astropy.coordinates.distances.Distance
#         unit: !astropy.units.Unit {unit: pc}
#         value: !astropy.table.SerializedColumn {name: SkyCoord.distance}
#       frame: icrs
#       obstime: !astropy.time.Time {format: jyear_str, in_subfmt: '*', jd1: 367701545.0, jd2: 0.0, out_subfmt: '*', precision: 3, scale: tt}
#       pm_dec: !astropy.table.SerializedColumn
#         __class__: astropy.units.quantity.Quantity
#         unit: !astropy.units.Unit {unit: mas / yr}
#         value: !astropy.table.SerializedColumn {name: SkyCoord.pm_dec}
#       pm_ra_cosdec: !astropy.table.SerializedColumn
#         __class__: astropy.units.quantity.Quantity
#         unit: !astropy.units.Unit {unit: mas / yr}
#         value: !astropy.table.SerializedColumn {name: SkyCoord.pm_ra_cosdec}
#       ra: !astropy.table.SerializedColumn
#         __class__: astropy.coordinates.angles.Longitude
#         unit: *id001
#         value: !astropy.table.SerializedColumn {name: SkyCoord.ra}
#         wrap_angle: !astropy.coordinates.Angle
#           unit: *id001
#           value: 360.0
#       representation_type: spherical
# schema: astropy-2.0
RA_ICRS_1 DE_ICRS_1 e_RA_ICRS e_DE_ICRS _r_1 HIP TYC2 Source rgeo Plx e_Plx pmRA pmDE e_pmRA e_pmDE RUWE Teff logg Gmag BP-RP BPmag RPmag RV e_RV b_rgeo B_rgeo FG e_FG FBP e_FBP FRP e_FRP RAVE5 RAVE6 e_Gmag e_BPmag e_RPmag e_BP-RP SkyCoord.ra SkyCoord.dec SkyCoord.distance SkyCoord.pm_ra_cosdec SkyCoord.pm_dec
[from data line 1632]
271.53298663296 -24.40961727152 0.0629 0.0515 9.9823 "" "" 4066056671697546112 1636.8407 0.5896 0.0669 1.643 -0.888 0.077 0.056 0.957 "" "" 16.788458 1.821769 17.661463 15.839694 "" "" 1487.3042 1869.72131 3627.13678 2.7402 1177.1 14.266 3658.3 22.629 "" "" 0.0028748197080753247 0.013451266 0.007706381 0.021157647 271.53298663296 -24.40961727152 1636.8407 1.6429999999999998 -0.888
271.34323979115 -24.20388103128 0.0597 0.0495 11.2836 "" "" 4066074646146879744 1771.00769 0.5435 0.0633 0.464 0.01 0.079 0.056 0.948 "" "" 16.79197 1.994358 17.793562 15.799204 "" "" 1592.19373 2065.58936 3615.41988 2.8977 1042.3 10.23 3797.3 8.5811 "" "" 0.0028894700421214295 0.011015542 0.0045059477 0.015521489 271.34323979115 -24.20388103128 1771.00769 0.46399999999999997 0.01
271.12494199752 -24.31953668785 0.0773 0.0656 23.411 "" "" 4066069251668213248 1463.14478 0.6828 0.0831 0.998 -1.942 0.116 0.069 0.929 4328.3 4.2265 16.792244 2.000853 17.815536 15.814683 "" "" 1289.16614 1674.84924 3614.50921 7.0859 1021.4 41.481 3743.6 42.979 "" "" 0.003481698542729031 0.044182003 0.013025327 0.05720733 271.12494199752 -24.31953668785 1463.14478 0.9979999999999999 -1.9420000000000002
271.86692543019 -24.52596361227 0.0646 0.0566 24.4315 "" "" 4065852544823362560 1688.39026 0.6032 0.0804 -1.537 -3.873 0.078 0.056 0.981 "" "" 16.794249 2.066553 17.845737 15.779184 "" "" 1493.44067 1977.98621 3607.84085 3.0717 993.39 10.34 3868.0 12.403 "" "" 0.0029062498579040686 0.011640552 0.005138528 0.01677908 271.86692543019 -24.52596361227 1688.39026 -1.5370000000000001 -3.873
271.29477584312 -24.36190690287 0.069 0.0601 15.4055 "" "" 4066065162859491712 1351.34863 0.728 0.069 1.922 -1.328 0.097 0.067 0.958 6208.8 4.1391 16.796219 2.185473 17.904264 15.718791 "" "" 1227.42017 1514.10083 3601.30146 23.789 941.26 22.607 4089.2 67.238 "" "" 0.00768306869397834 0.026225846 0.01824823 0.044474076 271.29477584312 -24.36190690287 1351.34863 1.922 -1.3279999999999998
271.06930999434 -24.15351452119 0.0645 0.053 26.5783 "" "" 4066119240762404224 1337.80139 0.7411 0.0679 -2.312 -4.438 0.078 0.055 0.999 "" "" 16.797314 1.905528 17.734905 15.829377 "" "" 1220.74707 1477.79163 3597.67222 2.8046 1100.2 12.084 3693.2 17.859 "" "" 0.002882390624409304 0.012247201 0.006469055 0.018716257 271.06930999434 -24.15351452119 1337.80139 -2.3119999999999994 -4.438
271.31445314634 -23.85849220375 0.0637 0.052 26.3285 "" "" 4066156834632958208 1392.8855 0.6931 0.0728 -0.452 -4.202 0.077 0.056 0.943 6013.7 4.3353 16.797363 2.061809 17.628351 15.566542 "" "" 1275.82178 1535.21057 3597.50276 3.7495 1213.6 36.045 4704.8 134.0 "" "" 0.0029786455095691736 0.03236781 0.031153549 0.063521355 271.31445314634 -23.85849220375 1392.8855 -0.452 -4.202
271.83511943614 -23.91411299153 0.0649 0.0578 25.3715 "" "" 4066097284908753920 1378.20715 0.7097 0.076 -0.088 -0.972 0.084 0.061 0.932 "" "" 16.798662 "" "" "" "" "" 1225.09412 1568.46094 3593.20131 20.47 "" "" "" "" "" "" 0.006771239863809496 "" "" "" 271.83511943614 -23.91411299153 1378.20715 -0.08799999999999998 -0.9720000000000002
271.83452011462 -23.91297991484 0.0586 0.0509 25.404 "" "" 4066097289216415616 1383.70862 0.7165 0.0696 -3.607 -4.677 0.075 0.054 1.003 5334.1 4.6345 16.798815 1.733723 17.575235 15.841513 "" "" 1259.33911 1516.69446 3592.69622 3.2893 1274.4 16.572 3652.2 22.47 "" "" 0.002929150138048305 0.01439172 0.0076749837 0.022066705 271.83452011462 -23.91297991484 1383.70862 -3.6070000000000007 -4.6770000000000005
271.47576149371 -24.1533689133 0.0611 0.0521 6.6019 "" "" 4066075844431991040 1252.39893 0.778 0.0736 1.324 -1.6 0.08 0.056 1.028 "" "" 16.799253 2.087418 17.817738 15.73032 "" "" 1139.79395 1389.53455 3591.25056 27.204 1019.3 27.651 4046.0 82.937 "" "" 0.008673798026475728 0.029585108 0.022574598 0.052159704 271.47576149371 -24.1533689133 1252.39893 1.324 -1.5999999999999999
271.65925466421 -24.26282699248 0.0702 0.0626 6.3662 "" "" 4066059733991081088 1492.0896 0.6654 0.0914 0.965 -3.111 0.091 0.076 1.12 "" "" 16.799337 "" "" "" "" "" 1310.07117 1771.052 3590.96931 5.6922 "" "" "" "" "" "" 0.0032486601770681 "" "" "" 271.65925466421 -24.26282699248 1492.0896 0.965 -3.111
271.88770630618 -24.01525208737 0.0764 0.0666 23.2433 "" "" 4066092375773489152 1623.96606 0.6369 0.0923 3.493 -2.206 0.098 0.073 1.351 4565.7 4.3462 16.800566 1.846991 17.631927 15.784936 "" "" 1438.69104 1810.82056 3586.90992 5.2834 1209.6 12.884 3847.5 34.512 "" "" 0.003185812540256607 0.011896497 0.01044665 0.022343148 271.88770630618 -24.01525208737 1623.96606 3.4930000000000003 -2.206
271.39146112261 -23.80820733357 0.065 0.0576 27.4416 "" "" 4066157453122174592 1687.07275 0.5994 0.0898 1.136 -0.115 0.08 0.059 0.905 4933.3 4.5483 16.8012 1.675908 17.53974 15.863831 "" "" 1412.55896 1939.76306 3584.81174 3.4718 1316.8 17.555 3577.9 13.462 "" "" 0.0029491454355232588 0.014741026 0.0055652494 0.020306274 271.39146112261 -23.80820733357 1687.07275 1.1359999999999997 -0.115
271.41131622325 -24.18437666484 0.0584 0.0478 8.1231 "" "" 4066074920996572160 1461.58508 0.6952 0.0635 -2.311 -1.258 0.079 0.054 0.966 4681.9 4.4995 16.801643 1.430103 17.46663 16.036528 "" "" 1314.57495 1610.91675 3583.35044 2.5945 1408.5 10.061 3051.7 20.65 "" "" 0.0028652702529735423 0.008242117 0.008261978 0.016504094 271.41131622325 -24.18437666484 1461.58508 -2.3110000000000004 -1.258
271.33507747141 -24.42475284954 0.0629 0.0524 15.7991 "" "" 4066052965152130560 1303.18909 0.7592 0.0666 4.93 -1.276 0.082 0.057 1.073 9655.9 4.1804 16.802511 1.864475 17.685831 15.821356 "" "" 1209.80334 1395.9314 3580.48545 2.6349 1151.0 9.5317 3720.6 16.039 "" "" 0.0028688307146105423 0.00941421 0.006015849 0.015430059 271.33507747141 -24.42475284954 1303.18909 4.929999999999999 -1.276
271.92567380646 -23.97908143289 0.0594 0.0539 26.2096 "" "" 4066092921206697472 1482.10107 0.677 0.075 1.31 -5.641 0.079 0.057 1.057 8862.6 4.4794 16.803175 1.76806 17.650312 15.882253 "" "" 1334.71228 1670.38831 3578.29769 2.8159 1189.3 12.198 3517.7 13.483 "" "" 0.002884753318191572 0.011480032 0.0056215636 0.017101595 271.92567380646 -23.97908143289 1482.10107 1.31 -5.641
271.7311927154 -23.85138710163 0.0607 0.0518 25.6529 "" "" 4066110345917234432 1731.59229 0.5665 0.0707 -0.255 -1.956 0.083 0.062 0.941 9382.9 4.1746 16.804173 2.03016 17.794195 15.764035 "" "" 1525.80042 2039.49988 3575.01299 3.4291 1041.7 7.2639 3922.3 11.677 "" "" 0.0029455643855904323 0.008068744 0.0049730917 0.013041835 271.7311927154 -23.85138710163 1731.59229 -0.25499999999999995 -1.956
271.56670603402 -24.26993720863 0.066 0.0551 1.9832 "" "" 4066062242281124096 1750.8645 0.5614 0.0782 -0.094 -1.763 0.087 0.059 1.002 9379.4 4.169 16.805124 1.974691 17.785591 15.8109 "" "" 1511.18079 1968.08276 3571.88127 2.8084 1050.0 9.8028 3756.6 7.6617 "" "" 0.0028845327402793304 0.010513435 0.0043803263 0.014893761 271.56670603402 -24.26993720863 1750.8645 -0.094 -1.763
271.52365156366 -24.32288634567 0.0872 0.0735 4.8962 "" "" 4066060593013672832 1450.36951 0.6967 0.0952 -0.678 -0.127 0.12 0.085 1.407 "" "" 16.806078 2.067429 17.665335 15.597905 "" "" 1282.82019 1719.08191 3568.74298 5.7895 1173.0 9.8736 4570.8 23.801 "" "" 0.003270199772225417 0.009555499 0.006800533 0.016356032 271.52365156366 -24.32288634567 1450.36951 -0.6779999999999999 -0.127
271.4782889198 -23.9516438652 0.0696 0.0592 17.8919 "" "" 4066105672971379584 1501.67639 0.6706 0.0836 0.179 -2.214 0.081 0.058 1.029 5890.5 4.5914 16.808342 1.854326 17.578426 15.7241 "" "" 1326.85205 1693.44946 3561.31223 4.121 1270.7 11.556 4069.3 48.838 "" "" 0.003028242031462792 0.010260555 0.013567562 0.023828117 271.4782889198 -23.9516438652 1501.67639 0.17899999999999996 -2.2139999999999995
271.68789767806 -24.3993845404 0.0777 0.0662 12.1894 "" "" 4065868556442972288 1550.39355 0.6626 0.0909 -3.573 -5.613 0.091 0.066 1.169 "" "" 16.808456 1.791071 16.95106 15.159988 "" "" 1361.8562 1824.90442 3560.93402 4.9219 2264.6 21.23 6841.7 40.908 "" "" 0.0031374961556756347 0.010553977 0.0075118477 0.018065825 271.68789767806 -24.3993845404 1550.39355 -3.5730000000000004 -5.613
271.74318365929 -24.09914685546 0.0623 0.054 13.8936 "" "" 4066088832397621760 1406.42151 0.7177 0.0823 0.77 0.102 0.085 0.062 1.019 "" "" 16.812922 1.626259 17.581203 15.954945 "" "" 1281.30188 1587.30237 3546.32093 2.7353 1267.5 10.294 3289.9 13.582 "" "" 0.002879772067160099 0.009248715 0.0058630323 0.015111747 271.74318365929 -24.09914685546 1406.42151 0.7699999999999999 0.10200000000000001
271.21661585316 -24.14381212063 0.0704 0.0579 18.9334 "" "" 4066120031036413056 1272.2085 0.778 0.0699 -7.655 -9.78 0.078 0.059 0.958 4798.6 4.6315 16.81328 1.498306 17.512232 16.013926 "" "" 1172.46362 1386.46387 3545.14931 2.6364 1350.6 12.088 3115.9 14.951 "" "" 0.00287118811677801 0.010110082 0.0064361864 0.016546268 271.21661585316 -24.14381212063 1272.2085 -7.655 -9.78
271.26807887684 -24.41746817857 0.0687 0.0576 18.3772 "" "" 4066064540063670528 1665.06665 0.5668 0.0728 -3.938 -6.375 0.103 0.076 0.984 9511.4 4.3172 16.816 1.989042 17.765978 15.776936 "" "" 1483.92749 1919.21313 3536.28131 3.1198 1069.1 22.724 3876.0 35.93 "" "" 0.0029170695182292343 0.023245666 0.010750836 0.0339965 271.26807887684 -24.41746817857 1665.06665 -3.9380000000000006 -6.375000000000001
271.73143396852 -24.06522334231 0.0657 0.0584 14.7963 "" "" 4066089794466837760 1780.84644 0.5745 0.0892 0.331 -7.024 0.087 0.069 0.949 7123.7 4.3143 16.816513 1.791466 17.693653 15.902187 "" "" 1570.01233 2147.6311 3534.60936 2.9514 1142.8 14.619 3453.7 11.302 "" "" 0.0029006369954557715 0.014166511 0.0051872465 0.019353757 271.73143396852 -24.06522334231 1780.84644 0.33100000000000007 -7.023999999999999
271.07082265325 -24.25768953408 0.0687 0.0586 25.9433 "" "" 4066117350976579968 1678.24463 0.5721 0.0739 -0.558 -0.385 0.083 0.06 1.108 5640.3 4.5791 16.816605 1.80109 17.70825 15.90716 "" "" 1515.15723 1895.16223 3534.31141 3.5142 1127.5 13.402 3437.9 20.064 "" "" 0.0029592625467934177 0.013203748 0.0073779947 0.020581743 271.07082265325 -24.25768953408 1678.24463 -0.558 -0.385
271.46140657144 -24.31859631117 0.0612 0.05 6.4076 "" "" 4066061108409788928 1746.94702 0.5696 0.0672 -0.353 -1.956 0.079 0.055 0.988 9233.4 3.7096 16.817295 2.080934 17.86221 15.781276 "" "" 1568.27942 1936.84534 3532.06697 3.215 978.44 10.746 3860.5 16.019 "" "" 0.0029271949415832126 0.012246494 0.00588054 0.018127033 271.46140657144 -24.31859631117 1746.94702 -0.353 -1.9560000000000002
271.76452320417 -24.40308835542 0.0689 0.0614 15.3585 "" "" 4065869101870188288 1833.66577 0.5685 0.0822 -0.015 -3.126 0.084 0.062 1.065 "" "" 16.818138 1.929981 17.77537 15.845388 "" "" 1567.01196 2257.3667 3529.32325 3.3151 1059.9 7.8853 3639.2 9.9421 "" "" 0.002938001169732816 0.008545833 0.0048043635 0.013350196 271.76452320417 -24.40308835542 1833.66577 -0.014999999999999993 -3.1260000000000003
271.39398183057 -24.49075739405 0.0672 0.0588 16.9669 "" "" 4066048803303646976 1773.7439 0.544 0.0677 0.91 0.165 0.096 0.068 0.961 9375.2 3.7976 16.818708 1.88561 17.750647 15.865037 "" "" 1608.63135 1993.79712 3527.46945 2.7305 1084.3 10.721 3573.9 11.897 "" "" 0.002880645306826194 0.011091868 0.005229398 0.016321266 271.39398183057 -24.49075739405 1773.7439 0.9100000000000003 0.16499999999999998
271.68444730305 -23.8143778361 0.0687 0.0619 26.8659 "" "" 4066113571406157824 1693.36292 0.5729 0.0901 1.043 -0.146 0.083 0.065 1.059 5301.6 3.9314 16.819931 1.448315 17.482384 16.03407 "" "" 1430.5929 2053.3479 3523.49921 2.4235 1388.2 9.9316 3058.7 13.953 "" "" 0.0028547278313852567 0.008253601 0.006230123 0.014483724 271.68444730305 -23.8143778361 1693.36292 1.043 -0.146
271.52001926656 -24.2238432528 0.0648 0.0543 1.801 "" "" 4066063547951239168 1740.43372 0.5615 0.0762 0.106 -2.641 0.083 0.059 0.947 9406.3 4.1629 16.820919 2.028295 17.824697 15.796403 "" "" 1534.79443 1967.76855 3520.29655 3.0157 1012.8 9.0439 3807.1 14.072 "" "" 0.0029080731669289322 0.010088694 0.005512634 0.015601328 271.52001926656 -24.2238432528 1740.43372 0.106 -2.6410000000000005
271.5604420971 -23.92362156605 0.0732 0.0625 19.2175 "" "" 4066106531986334336 1828.73438 0.5714 0.1031 -2.141 -3.022 0.09 0.064 0.999 5689.3 4.6421 16.821484 1.659933 17.604475 15.944542 "" "" 1513.78418 2142.59546 3518.46789 3.5921 1240.6 12.159 3321.6 14.97 "" "" 0.0029699272499099524 0.011000913 0.0061828615 0.017183773 271.5604420971 -23.92362156605 1828.73438 -2.141 -3.022
271.76089832319 -24.44647371266 0.1205 0.1069 16.9621 "" "" 4065868659540814336 1334.47266 0.8041 0.1447 -5.74 -4.484 0.143 0.107 1.837 4634.7 4.5412 16.821833 1.588428 17.49082 15.902392 "" "" 1113.16736 1632.89441 3517.33392 6.3255 1377.5 8.6691 3453.0 9.314 "" "" 0.0033770254015970127 0.0073806453 0.004781274 0.01216192 271.76089832319 -24.44647371266 1334.47266 -5.74 -4.484
271.04736720469 -24.225291545 0.0701 0.0585 27.2383 "" "" 4066117664528213760 1251.55566 0.7868 0.0722 -1.72 0.543 0.087 0.061 1.059 5076.2 4.7082 16.822628 1.483894 17.42132 15.937426 "" "" 1150.40857 1369.18835 3514.76191 3.9076 1468.6 19.844 3343.4 35.648 "" "" 0.0030081302697458636 0.014933641 0.0121776555 0.027111296 271.04736720469 -24.225291545 1251.55566 -1.72 0.543
271.78777799111 -24.3277065425 0.0643 0.0548 14.2142 "" "" 4065870544979413120 1682.28467 0.6065 0.0758 -1.504 -1.269 0.08 0.058 0.989 "" "" 16.823162 2.028161 17.844166 15.816005 "" "" 1480.01929 1895.31897 3513.02987 4.1299 994.83 16.055 3739.0 10.859 "" "" 0.003036601758095174 0.01774284 0.0049220654 0.022664906 271.78777799111 -24.3277065425 1682.28467 -1.5040000000000004 -1.2689999999999997
271.58484329733 -24.25607280359 0.0607 0.0518 2.3146 "" "" 4066062379720076800 1555.00879 0.6307 0.0751 -1.828 0.133 0.08 0.057 0.954 "" "" 16.823772 2.237789 17.994724 15.756935 "" "" 1405.12671 1808.86499 3511.05845 3.3841 866.02 7.0532 3948.1 15.733 "" "" 0.002947355112311105 0.009272408 0.005744848 0.015017256 271.58484329733 -24.25607280359 1555.00879 -1.8279999999999998 0.133
271.81109686479 -24.03772337201 0.0627 0.0569 19.1091 "" "" 4066089558275049600 1445.7041 0.6758 0.0835 -0.496 -8.401 0.08 0.059 0.948 5408.1 4.6672 16.824045 1.748551 17.59401 15.845458 "" "" 1279.79089 1629.20398 3510.17708 2.8221 1252.6 17.134 3638.9 67.066 "" "" 0.0028902863056613276 0.015111336 0.02036422 0.035475556 271.81109686479 -24.03772337201 1445.7041 -0.49599999999999994 -8.401
271.27291466835 -24.19584500191 0.0752 0.0616 15.151 "" "" 4066071927402578560 1453.9718 0.6634 0.0757 1.114 -1.392 0.088 0.063 1.014 "" "" 16.824194 2.098838 17.899197 15.800359 "" "" 1320.94849 1611.5127 3509.69577 3.6102 945.67 10.482 3793.3 11.446 "" "" 0.002973061223323865 0.012353735 0.0050016735 0.017355409 271.27291466835 -24.19584500191 1453.9718 1.1139999999999999 -1.392
271.90322089702 -24.03222656221 0.2395 0.2081 23.3657 "" "" 4066092302731319680 1350.14185 1.0622 0.3032 0.48 -3.432 0.284 0.218 4.83 "" "" 16.825005 2.109383 17.70716 15.597778 "" "" 936.623718 2206.35571 3507.07641 24.888 1128.6 7.5967 4571.4 19.227 "" "" 0.008182777282645088 0.007822694 0.0059276433 0.013750337 271.90322089702 -24.03222656221 1350.14185 0.48 -3.432
271.28855562255 -24.45964274071 0.0819 0.0691 19.085 "" "" 4066052484115793792 1798.6991 0.5454 0.0791 0.044 -0.832 0.104 0.076 1.025 9260.1 3.7514 16.82623 2.32488 18.049812 15.724933 "" "" 1583.6731 2100.62476 3503.11809 3.1194 823.17 12.038 4066.2 20.529 "" "" 0.002920018601750947 0.016121047 0.006658162 0.022779208 271.28855562255 -24.45964274071 1798.6991 0.043999999999999984 -0.8320000000000001
271.0650413062 -24.36437594768 0.0737 0.0642 27.2173 "" "" 4065975896260981760 1489.58777 0.6672 0.077 1.151 -2.333 0.098 0.07 0.958 4377.5 4.3488 16.827465 1.92224 17.783003 15.860763 "" "" 1331.94019 1633.37781 3499.13367 19.758 1052.5 38.791 3588.0 80.949 "" "" 0.0067213612828054955 0.04011311 0.024785178 0.06489829 271.0650413062 -24.36437594768 1489.58777 1.151 -2.333
