Clusters/UBC_338/UBC_338_members.tsv
# %ECSV 1.0
# ---
# datatype:
# - name: RA_ICRS_1
#   unit: deg
#   datatype: float64
#   format: '{:15.11f}'
#   description: Right ascension (ICRS) at Ep=2016.0 (ra)
#   meta: !!omap
#   - {ucd: POS_EQ_RA_MAIN}
#   - {width: 15}
#   - {precision: '11'}
# - name: DE_ICRS_1
#   unit: deg
#   datatype: float64
#   format: '{:15.11f}'
#   description: Declination (ICRS) at Ep=2016.0 (dec)
#   meta: !!omap
#   - {ucd: POS_EQ_DEC_MAIN}
#   - {width: 15}
#   - {precision: '11'}
# - name: e_RA_ICRS
#   unit: mas
#   datatype: float64
#   format: '{:7.4f}'
#   description: Standard error of right ascension (ra_error)
#   meta: !!omap
#   - {ucd: ERROR}
#   - {width: 7}
#   - {precision: '4'}
# - name: e_DE_ICRS
#   unit: mas
#   datatype: float64
#   format: '{:7.4f}'
#   description: Standard error of declination (dec_error)
#   meta: !!omap
#   - {ucd: ERROR}
#   - {width: 7}
#   - {precision: '4'}
# - name: _r_1
#   unit: ''
#   datatype: float64
#   format: '{:7.4f}'
#   description: Distance from center (271.54480743000-24.24359441000)[ICRS], at Epoch=J2016.0
#   meta: !!omap
#   - {ucd: POS_ANG_DIST_GENERAL}
#   - {width: 7}
#   - {precision: '4'}
# - name: HIP
#   datatype: int32
#   description: '? HIP cross-id number, van Leeuwen, Cat. I/311 (hip_original_ext_source_id)'
#   meta: !!omap
#   - {ucd: ID_NUMBER}
#   - {width: 6}
#   - values: {'null': -2147483648}
# - name: TYC2
#   datatype: string
#   description: Tycho-2 cross-id name, Hog et al., Cat. I/259 (tyc2_original_ext_source_id)
#   meta: !!omap
#   - {ucd: ID_CROSSID}
#   - {_votable_string_dtype: char}
# - name: Source
#   datatype: int64
#   description: Source identifier, identical to the Gaia-EDR3 source_id (id)
#   meta: !!omap
#   - {ucd: ID_MAIN}
#   - {width: 19}
# - name: rgeo
#   unit: pc
#   datatype: float64
#   format: '{:15.8f}'
#   description: '? Median of the geometric distance posterior (r_med_geo)'
#   meta: !!omap
#   - {ucd: PHYS_DISTANCE_TRUE}
#   - {width: 15}
#   - {precision: '8'}
#   - values: {'null': .nan}
# - name: Plx
#   unit: mas
#   datatype: float64
#   format: '{:9.4f}'
#   description: '? Parallax (parallax)'
#   meta: !!omap
#   - {ucd: POS_PARLX_TRIG}
#   - {width: 9}
#   - {precision: '4'}
#   - values: {'null': .nan}
# - name: e_Plx
#   unit: mas
#   datatype: float32
#   format: '{:7.4f}'
#   description: '? Standard error of parallax (parallax_error)'
#   meta: !!omap
#   - {ucd: ERROR}
#   - {width: 7}
#   - {precision: '4'}
#   - values: {'null': .nan}
# - name: pmRA
#   unit: mas / yr
#   datatype: float64
#   format: '{:9.3f}'
#   description: '? Proper motion in right ascension direction, pmRA*cosDE (pmra)'
#   meta: !!omap
#   - {ucd: POS_EQ_PMRA}
#   - {width: 9}
#   - {precision: '3'}
#   - values: {'null': .nan}
# - name: pmDE
#   unit: mas / yr
#   datatype: float64
#   format: '{:9.3f}'
#   description: '? Proper motion in declination direction (pmdec)'
#   meta: !!omap
#   - {ucd: POS_EQ_PMDEC}
#   - {width: 9}
#   - {precision: '3'}
#   - values: {'null': .nan}
# - name: e_pmRA
#   unit: mas / yr
#   datatype: float32
#   format: '{:6.3f}'
#   description: '? Standard error of proper motion in right ascension direction (pmra_error)'
#   meta: !!omap
#   - {ucd: ERROR}
#   - {width: 6}
#   - {precision: '3'}
#   - values: {'null': .nan}
# - name: e_pmDE
[...]
#         unit: &id001 !astropy.units.Unit {unit: deg}
#         value: !astropy.table.SerializedColumn {name: SkyCoord.dec}
#       distance: !astropy.table.SerializedColumn
#         __class__: astropy.coordinates.distances.Distance
#         unit: !astropy.units.Unit {unit: pc}
#         value: !astropy.table.SerializedColumn {name: SkyCoord.distance}
#       frame: icrs
#       obstime: !astropy.time.Time {format: jyear_str, in_subfmt: '*', jd1: 367701545.0, jd2: 0.0, out_subfmt: '*', precision: 3, scale: tt}
#       pm_dec: !astropy.table.SerializedColumn
#         __class__: astropy.units.quantity.Quantity
#         unit: !astropy.units.Unit {unit: mas / yr}
#         value: !astropy.table.SerializedColumn {name: SkyCoord.pm_dec}
#       pm_ra_cosdec: !astropy.table.SerializedColumn
#         __class__: astropy.units.quantity.Quantity
#         unit: !astropy.units.Unit {unit: mas / yr}
#         value: !astropy.table.SerializedColumn {name: SkyCoord.pm_ra_cosdec}
#       ra: !astropy.table.SerializedColumn
#         __class__: astropy.coordinates.angles.Longitude
#         unit: *id001
#         value: !astropy.table.SerializedColumn {name: SkyCoord.ra}
#         wrap_angle: !astropy.coordinates.Angle
#           unit: *id001
#           value: 360.0
#       representation_type: spherical
# schema: astropy-2.0
RA_ICRS_1 DE_ICRS_1 e_RA_ICRS e_DE_ICRS _r_1 HIP TYC2 Source rgeo Plx e_Plx pmRA pmDE e_pmRA e_pmDE RUWE Teff logg Gmag BP-RP BPmag RPmag RV e_RV b_rgeo B_rgeo FG e_FG FBP e_FBP FRP e_FRP RAVE5 RAVE6 e_Gmag e_BPmag e_RPmag e_BP-RP SkyCoord.ra SkyCoord.dec SkyCoord.distance SkyCoord.pm_ra_cosdec SkyCoord.pm_dec Pmemb
271.58198590343 -24.17193699554 0.0228 0.0183 4.7565 "" 6842-1110-1 4066064230820873472 1406.58142 0.6604 0.0283 0.034 -1.835 0.03 0.02 0.71 "" "" 8.803689 2.848386 10.43746 7.589074 -15.94 0.14 1347.72644 1445.95935 5668539.54131 3524.2 912920.0 2560.9 7303500.0 13490.0 "" "" 0.002836800161249468 0.004130522 0.004278485 0.0084090065 271.58198590343 -24.17193699554 1406.58142 0.033999999999999996 -1.8349999999999997 0.89
271.49949185837 -24.27071790818 0.0188 0.0158 2.9654 "" 6842-1200-1 4066061722564297600 1489.24036 0.6383 0.0195 0.057 -1.835 0.027 0.018 0.931 9931.1 2.539 10.255157 1.42572 10.889501 9.46378 "" "" 1444.90662 1530.53821 1488962.8608 1631.6 602030.0 1852.2 1299100.0 3911.8 "" "" 0.003001213766879917 0.004352366 0.0049972218 0.009349588 271.49949185837 -24.27071790818 1489.24036 0.05700000000000001 -1.8350000000000002 0.83
271.50926871617 -24.25782480473 0.014 0.0112 2.1234 "" "" 4066061825643512448 1514.21301 0.6253 0.0145 0.161 -1.816 0.019 0.013 0.647 "" "" 11.554585 1.268292 12.099532 10.83124 "" "" 1478.22156 1544.99487 449896.9666 253.52 197520.0 373.69 368690.0 435.34 "" "" 0.002822430292233585 0.0034647419 0.0039908993 0.0074556414 271.50926871617 -24.25782480473 1514.21301 0.16100000000000006 -1.8160000000000005 0.92
271.63498049682 -24.22696420436 0.0187 0.016 5.0334 "" "" 4066062757677186176 1302.10376 0.749 0.0224 -0.003 -1.84 0.024 0.018 1.027 "" "" 12.901813 1.717088 13.710432 11.993344 -12.3 26.87 1269.0813 1337.24084 130083.38587 86.827 44797.0 90.283 126420.0 243.89 "" "" 0.0028490309103309484 0.0035458626 0.0043210075 0.007866871 271.63498049682 -24.22696420436 1302.10376 -0.003000000000000006 -1.84 0.92
271.56709365561 -24.21994641691 0.0162 0.0134 1.8708 "" "" 4066063440551622144 1431.83972 0.656 0.0185 -0.023 -1.889 0.021 0.014 0.828 "" "" 13.172674 1.572238 13.890121 12.317884 "" "" 1391.07556 1466.68213 101362.41678 40.474 37964.0 49.388 93757.0 77.816 "" "" 0.002789218778040284 0.0031273102 0.0038853276 0.007012638 271.56709365561 -24.21994641691 1431.83972 -0.022999999999999993 -1.8890000000000002 0.95
271.54906931068 -24.24662256668 0.0177 0.0146 0.2956 "" "" 4066062517159057664 1507.95923 0.618 0.0201 0.062 -1.676 0.024 0.015 1.108 "" "" 13.313203 1.263579 13.85546 12.591881 "" "" 1471.3269 1546.77673 89056.52221 35.564 39195.0 57.981 72846.0 48.33 "" "" 0.002789225871778588 0.0032194231 0.0038474163 0.0070668394 271.54906931068 -24.24662256668 1507.95923 0.06200000000000001 -1.6760000000000002 0.92
271.5149242739 -24.26929162659 0.0169 0.0137 2.2471 "" "" 4066061761244818944 1460.47839 0.647 0.018 -0.105 -1.752 0.022 0.015 0.915 "" "" 13.476233 1.319728 14.049933 12.730206 "" "" 1415.47986 1504.45996 76639.63342 22.778 32768.0 38.19 64132.0 56.47 "" "" 0.0027741518884827785 0.0030637 0.0038984232 0.0069621233 271.5149242739 -24.26929162659 1460.47839 -0.10499999999999995 -1.7519999999999998 0.96
271.7053438037 -24.1131973017 0.0179 0.0149 11.7655 "" "" 4066087393611579392 1474.08838 0.6332 0.0218 -0.051 -1.841 0.023 0.018 0.984 "" "" 13.584233 1.163392 14.057879 12.894487 "" "" 1436.53613 1516.04175 69383.07688 25.792 32529.0 77.342 55127.0 224.24 "" "" 0.002784723653400796 0.0038011963 0.0058128075 0.009614004 271.7053438037 -24.1131973017 1474.08838 -0.05099999999999999 -1.841 0.95
271.52533126274 -24.2009208685 0.0184 0.015 2.7733 "" "" 4066063754109679744 1461.78406 0.6423 0.0211 0.176 -1.714 0.025 0.016 0.867 "" "" 13.686893 1.357326 14.276189 12.918863 "" "" 1419.74731 1505.98364 63123.26372 35.767 26604.0 174.52 53903.0 96.393 "" "" 0.002823165283409403 0.0076493626 0.0042489395 0.011898302 271.52533126274 -24.2009208685 1461.78406 0.176 -1.7140000000000002 0.81
271.50824279843 -24.20158555583 0.0192 0.0162 3.2181 "" "" 4066063651030701824 1519.31348 0.6139 0.0213 0.121 -1.768 0.026 0.018 0.801 "" "" 13.83915 1.212381 14.354371 13.14199 "" "" 1470.82947 1560.77893 54863.90087 16.333 24755.0 31.21 43890.0 37.999 "" "" 0.0027742139719173333 0.0031078598 0.0038945267 0.0070023863 271.50824279843 -24.20158555583 1519.31348 0.121 -1.768 0.95
271.60859659353 -24.08174200776 0.0198 0.0162 10.3199 "" "" 4066099797477392768 1423.68701 0.6607 0.0218 0.056 -1.817 0.027 0.018 0.919 7993.9 4.0929 13.889494 1.053773 14.322338 13.268565 "" "" 1381.72961 1474.45215 52378.03257 49.84 25497.0 77.672 39060.0 132.94 "" "" 0.0029426413432784636 0.004327193 0.005285721 0.009612914 271.60859659353 -24.08174200776 1423.68701 0.055999999999999994 -1.8169999999999997 0.97
271.57135829826 -24.2773196464 0.0209 0.0172 2.4908 "" "" 4066062242281116800 1464.32117 0.6495 0.0228 -0.078 -1.706 0.027 0.018 0.948 "" "" 13.998412 1.425283 14.62512 13.199838 "" "" 1410.23499 1509.97485 47378.57559 17.906 19292.0 31.839 41612.0 103.99 "" "" 0.002785707456332666 0.0033159985 0.0046524946 0.007968493 271.57135829826 -24.2773196464 1464.32117 -0.078 -1.7060000000000006 0.96
271.42812134323 -24.2338422282 0.0192 0.0161 6.4107 "" "" 4066073988993146240 1526.27429 0.6152 0.0213 -0.044 -1.724 0.025 0.017 1.029 "" "" 14.004477 1.297795 14.522738 13.224943 "" "" 1467.61035 1575.21851 47114.67748 18.57 21199.0 37.512 40661.0 403.34 "" "" 0.0027883542832920346 0.0033876495 0.011413922 0.014801571 271.42812134323 -24.2338422282 1526.27429 -0.04400000000000001 -1.7240000000000004 0.98
271.64038237449 -24.26890316943 0.0206 0.0181 5.4443 "" "" 4066059695340111872 1722.11462 0.5367 0.0253 0.072 -1.669 0.027 0.021 0.855 "" "" 14.069698 2.46119 15.403168 12.941978 -66.44 4.05 1653.65747 1801.63989 44367.73169 16.805 9422.1 18.146 52768.0 33.157 "" "" 0.002785840614903827 0.0034867462 0.0038404637 0.00732721 271.64038237449 -24.26890316943 1722.11462 0.07200000000000001 -1.6689999999999996 0.94
271.4922688059 -24.30504934999 0.0189 0.0156 4.6748 "" "" 4066060489934489344 1453.7179 0.6443 0.0206 -0.101 -1.8 0.026 0.018 0.972 "" "" 14.112505 1.662998 14.886381 13.223383 "" "" 1410.07349 1506.17029 42652.54494 14.667 15166.0 29.47 40720.0 43.602 "" "" 0.0027805004049864523 0.0034980197 0.003954152 0.0074521718 271.4922688059 -24.30504934999 1453.7179 -0.10099999999999998 -1.7999999999999994 0.98
271.5475834683 -24.16712946346 0.0201 0.017 4.5904 "" "" 4066064162101766144 1523.73962 0.6192 0.0235 -0.005 -1.799 0.027 0.018 0.843 "" "" 14.16207 1.140001 14.624199 13.484198 "" "" 1472.1311 1587.89343 40749.16425 11.773 19308.0 25.014 32024.0 104.99 "" "" 0.0027731186813493426 0.0031246708 0.005191745 0.008316415 271.5475834683 -24.16712946346 1523.73962 -0.005000000000000008 -1.7990000000000006 0.97
271.45639604218 -24.39099542929 0.0218 0.0179 10.079 "" "" 4066054025983103616 1468.71619 0.6396 0.0224 0.058 -1.88 0.029 0.02 0.915 "" "" 14.222843 1.531804 14.915998 13.384194 "" "" 1422.80591 1531.88196 38530.9368 30.874 14758.0 38.999 35114.0 56.229 "" "" 0.002889402869365638 0.0040021194 0.004160111 0.00816223 271.45639604218 -24.39099542929 1468.71619 0.05800000000000001 -1.8799999999999997 0.98
271.64364143309 -24.16653114414 0.021 0.0175 7.1157 "" "" 4066086740776556032 1644.89368 0.5759 0.0253 -0.037 -1.921 0.027 0.02 0.997 "" "" 14.287221 1.413545 14.909789 13.496244 "" "" 1583.58423 1706.18677 36312.68064 11.922 14842.0 16.025 31671.0 25.655 "" "" 0.0027782828598690553 0.00302643 0.0038803665 0.0069067962 271.64364143309 -24.16653114414 1644.89368 -0.03700000000000001 -1.9210000000000007 0.94
271.39933567917 -24.20365505037 0.0211 0.0173 8.3127 "" "" 4066074817945523968 1509.08459 0.6206 0.0232 -0.129 -1.728 0.03 0.02 0.856 "" "" 14.471958 1.459613 15.119237 13.659624 "" "" 1457.89111 1566.84827 30631.15468 10.497 12238.0 19.471 27246.0 31.38 "" "" 0.0027803284719828316 0.0032816285 0.0039808806 0.0072625093 271.39933567917 -24.20365505037 1509.08459 -0.129 -1.728 0.92
271.48979671182 -24.33736301621 0.0222 0.0182 6.38 "" "" 4066060279455585920 1488.00378 0.6397 0.0238 0.08 -1.812 0.029 0.02 0.909 "" "" 14.486617 1.766575 15.324041 13.557467 "" "" 1430.28479 1561.35559 30220.36652 16.333 10134.0 23.822 29934.0 43.143 "" "" 0.0028171127720948074 0.0037813992 0.0040905317 0.007871931 271.48979671182 -24.33736301621 1488.00378 0.08000000000000003 -1.8119999999999996 0.94
271.5915751389 -24.31746394657 0.0229 0.0194 5.1173 "" "" 4066057672435843712 1597.64392 0.5853 0.0273 -0.126 -1.765 0.029 0.022 1.016 7999.4 4.0529 14.514942 1.281118 15.052462 13.771343 "" "" 1522.82812 1664.07678 29442.18318 11.596 13015.0 19.788 24582.0 21.403 "" "" 0.0027883063052896915 0.003241918 0.0038958143 0.0071377326 271.5915751389 -24.31746394657 1597.64392 -0.12600000000000006 -1.765 0.96
271.33335278414 -24.3124612421 0.0247 0.0196 12.2812 "" "" 4066067018284870400 1632.60388 0.5706 0.0259 0.123 -1.782 0.034 0.023 0.921 "" "" 14.543293 1.208544 15.052311 13.843767 "" "" 1564.4032 1696.82642 28683.33586 9.5262 13016.0 17.569 22996.0 25.715 "" "" 0.002778815388122843 0.0031516373 0.003969609 0.0071212463 271.33335278414 -24.3124612421 1632.60388 0.123 -1.7820000000000005 0.97
271.47562776743 -24.2286856427 0.0234 0.0192 3.8892 "" "" 4066073855872771328 1540.48303 0.6084 0.0252 0.005 -1.708 0.031 0.021 0.942 7977.4 3.8958 14.657414 1.422654 15.283851 13.861197 "" "" 1480.22632 1608.83972 25821.47388 9.8429 10517.0 31.498 22630.0 23.524 "" "" 0.002786230369527584 0.004284722 0.0039443034 0.008229025 271.47562776743 -24.2286856427 1540.48303 0.004999999999999994 -1.708 0.96
271.5720536435 -24.03313199105 0.0246 0.0202 12.7156 "" "" 4066101274946263936 1438.09521 0.653 0.0286 -0.049 -1.752 0.032 0.022 0.962 "" "" 14.816845 1.26489 15.359056 14.094167 "" "" 1384.84912 1502.43262 22295.07247 6.9 9812.8 25.212 18260.0 15.202 "" "" 0.0027757338708588914 0.0039454782 0.0038859718 0.007831451 271.5720536435 -24.03313199105 1438.09521 -0.048999999999999974 -1.7520000000000004 0.97
271.7229165269 -24.14964670552 0.0254 0.0219 11.2602 "" "" 4066086946934862848 1433.5553 0.6683 0.0326 0.112 -1.758 0.034 0.025 1.02 "" "" 14.829059 1.411219 15.455455 14.044236 "" "" 1362.00757 1493.44226 22045.66899 8.6969 8979.1 17.396 19119.0 22.798 "" "" 0.002788412635961385 0.0034942422 0.003994981 0.007489223 271.7229165269 -24.14964670552 1433.5553 0.11200000000000002 -1.758 0.82
271.64726057153 -24.15256208539 0.0255 0.021 7.8276 "" "" 4066087599770037760 1435.5813 0.6529 0.0298 0.053 -1.725 0.034 0.024 0.884 7988.1 4.0857 14.955601 1.244311 15.487787 14.243476 "" "" 1376.72766 1485.64758 19620.33912 6.6857 8715.7 14.447 15914.0 24.244 "" "" 0.002780047851241939 0.0033202353 0.004125484 0.007445719 271.64726057153 -24.15256208539 1435.5813 0.05299999999999998 -1.725 0.89
271.44391175247 -24.2231197529 0.0277 0.0226 5.6553 "" "" 4066073821513060992 1452.8717 0.649 0.031 0.103 -1.647 0.036 0.025 0.882 "" "" 15.026206 1.388133 15.635887 14.247754 "" "" 1387.84741 1513.29639 18385.03776 7.2407 7604.3 13.793 15851.0 14.591 "" "" 0.002788302953008874 0.0034151727 0.003909295 0.0073244674 271.44391175247 -24.2231197529 1452.8717 0.10300000000000001 -1.6469999999999998 0.85
271.47788551746 -24.09880372743 0.0279 0.0239 9.4282 "" "" 4066077291846720384 1555.21594 0.603 0.0325 0.183 -1.784 0.038 0.026 0.944 "" "" 15.089632 1.2417 15.611533 14.369833 "" "" 1467.55713 1644.02551 17341.78865 6.3964 7776.8 16.232 14165.0 12.891 "" "" 0.0027842705867188733 0.0035945296 0.0039064097 0.007500939 271.47788551746 -24.09880372743 1555.21594 0.183 -1.7840000000000003 0.94
271.61155192593 -24.31414172435 0.0312 0.0259 5.5895 "" "" 4066058939425819008 1428.29407 0.6597 0.0375 -0.03 -1.792 0.037 0.029 0.956 "" "" 15.116027 1.334485 15.698949 14.364464 "" "" 1357.53577 1512.00806 16925.29021 5.6052 7175.3 12.954 14236.0 19.185 "" "" 0.0027786826931142064 0.0034098704 0.0040527307 0.007462601 271.61155192593 -24.31414172435 1428.29407 -0.030000000000000002 -1.792 0.97
271.52073387063 -24.24029346043 0.0289 0.0247 1.3319 "" "" 4066061864324050304 1540.50928 0.6178 0.0336 -0.07 -1.766 0.037 0.027 0.941 "" "" 15.148233 1.519316 15.834036 14.31472 "" "" 1467.97998 1602.92957 16430.59656 5.6772 6335.8 15.96 14903.0 17.631 "" "" 0.0027807421754053488 0.003907073 0.0039916937 0.007898767 271.52073387063 -24.24029346043 1540.50928 -0.07000000000000005 -1.7659999999999996 0.95
271.52898446981 -24.15397807622 0.0293 0.0248 5.4463 "" "" 4066075986176571776 1494.73425 0.6295 0.0346 0.106 -1.834 0.039 0.027 0.892 "" "" 15.205233 1.404137 15.828098 14.423962 "" "" 1394.41956 1573.95044 15590.27263 5.8952 6370.6 13.399 13476.0 19.218 "" "" 0.002785739233497373 0.003605522 0.004084255 0.007689777 271.52898446981 -24.15397807622 1494.73425 0.106 -1.8340000000000003 0.83
271.66535234324 -24.15065191296 0.0303 0.0245 8.6384 "" "" 4066086843855763200 1559.71228 0.6132 0.035 0.228 -1.786 0.039 0.028 1.031 "" "" 15.215392 1.514293 15.897813 14.38352 "" "" 1475.39185 1647.91626 15445.07458 6.985 5974.4 17.668 13988.0 16.324 "" "" 0.002798730378802092 0.004253761 0.00398612 0.008239881 271.66535234324 -24.15065191296 1559.71228 0.22799999999999995 -1.786 0.8
271.59398550053 -24.20720673359 0.0283 0.0243 3.4651 "" "" 4066063066914870912 1566.5509 0.6046 0.0346 -0.085 -1.789 0.038 0.027 0.985 "" "" 15.23354 1.612193 15.972266 14.360073 "" "" 1495.32007 1658.98425 15189.05701 7.1273 5578.4 15.692 14293.0 20.173 "" "" 0.0028020258680223693 0.0041367854 0.0040782313 0.008215017 271.59398550053 -24.20720673359 1566.5509 -0.08499999999999999 -1.7889999999999995 0.96
271.55073751836 -24.22673782344 0.0301 0.0248 1.0622 "" "" 4066063307433051648 1611.21692 0.5887 0.0366 0.097 -1.898 0.038 0.027 0.906 7979.9 3.8349 15.241852 1.740754 16.068584 14.32783 "" "" 1529.54333 1725.40466 15073.21797 6.9108 5104.9 19.645 14724.0 19.681 "" "" 0.0027999258622904907 0.005024181 0.0040484425 0.009072624 271.55073751836 -24.22673782344 1611.21692 0.097 -1.8979999999999995 0.93
271.70045206217 -24.16286192479 0.0288 0.0239 9.7988 "" "" 4066086603337491840 1524.31104 0.6187 0.0342 0.071 -1.687 0.039 0.03 0.935 "" "" 15.26007 1.484939 15.92177 14.436831 "" "" 1444.87354 1602.86768 14822.40506 6.956 5844.0 19.311 13318.0 46.576 "" "" 0.002802035824275696 0.0045449757 0.0053573684 0.009902344 271.70045206217 -24.16286192479 1524.31104 0.07100000000000001 -1.6869999999999998 0.95
271.5382430972 -24.28712863577 0.0297 0.0242 2.6366 "" "" 4066060936611072640 1549.59045 0.6045 0.032 0.098 -1.853 0.039 0.027 1.032 "" "" 15.272794 1.555896 15.982507 14.426611 "" "" 1487.83093 1630.82202 14649.71219 6.5368 5526.0 14.385 13444.0 19.431 "" "" 0.002797587097553233 0.0039715497 0.0040922193 0.008063769 271.5382430972 -24.28712863577 1549.59045 0.098 -1.8530000000000002 0.95
271.50786496968 -24.25598015232 0.0296 0.0242 2.1533 "" "" 4066061829964308736 1580.03662 0.5953 0.032 -0.016 -1.93 0.039 0.029 1.0 "" "" 15.292384 1.547551 15.971188 14.423636 "" "" 1516.2583 1643.90637 14387.75901 7.7702 5584.0 38.673 13480.0 32.541 "" "" 0.0028170207454193395 0.008020434 0.004599273 0.012619707 271.50786496968 -24.25598015232 1580.03662 -0.015999999999999997 -1.9300000000000002 0.97
271.46318580091 -24.36980214719 0.0302 0.0249 8.7899 "" "" 4066054167742603136 1511.36597 0.6292 0.0326 0.025 -1.683 0.04 0.029 1.025 "" "" 15.360961 1.858216 16.24761 14.389394 "" "" 1430.93347 1592.54565 13507.10905 10.224 4328.9 16.999 13912.0 36.485 "" "" 0.002875273259754277 0.005095371 0.004731959 0.009827331 271.46318580091 -24.36980214719 1511.36597 0.025 -1.683 0.81
271.42850975306 -24.20841089816 0.0333 0.0272 6.7044 "" "" 4066074092066073088 1542.40173 0.6188 0.0369 0.086 -1.709 0.045 0.03 1.031 "" "" 15.450938 1.41996 16.074862 14.654901 "" "" 1465.15039 1635.83374 12432.87213 5.3802 5075.4 18.778 10894.0 21.026 "" "" 0.0027950921802852836 0.004890956 0.004321454 0.00921241 271.42850975306 -24.20841089816 1542.40173 0.08600000000000001 -1.7090000000000003 0.84
