Clusters/UBC_338/UBC_338_members.tsv
# %ECSV 1.0
# ---
# datatype:
# - name: RA_ICRS_1
#   unit: deg
#   datatype: float64
#   format: '{:15.11f}'
#   description: Right ascension (ICRS) at Ep=2016.0 (ra)
#   meta: !!omap
#   - {ucd: POS_EQ_RA_MAIN}
#   - {width: 15}
#   - {precision: '11'}
# - name: DE_ICRS_1
#   unit: deg
#   datatype: float64
#   format: '{:15.11f}'
#   description: Declination (ICRS) at Ep=2016.0 (dec)
#   meta: !!omap
#   - {ucd: POS_EQ_DEC_MAIN}
#   - {width: 15}
#   - {precision: '11'}
# - name: e_RA_ICRS
#   unit: mas
#   datatype: float64
#   format: '{:7.4f}'
#   description: Standard error of right ascension (ra_error)
#   meta: !!omap
#   - {ucd: ERROR}
#   - {width: 7}
#   - {precision: '4'}
# - name: e_DE_ICRS
#   unit: mas
#   datatype: float64
#   format: '{:7.4f}'
#   description: Standard error of declination (dec_error)
#   meta: !!omap
#   - {ucd: ERROR}
#   - {width: 7}
#   - {precision: '4'}
# - name: _r_1
#   unit: ''
#   datatype: float64
#   format: '{:7.4f}'
#   description: Distance from center (271.54480743000-24.24359441000)[ICRS], at Epoch=J2016.0
#   meta: !!omap
#   - {ucd: POS_ANG_DIST_GENERAL}
#   - {width: 7}
#   - {precision: '4'}
# - name: HIP
#   datatype: int32
#   description: '? HIP cross-id number, van Leeuwen, Cat. I/311 (hip_original_ext_source_id)'
#   meta: !!omap
#   - {ucd: ID_NUMBER}
#   - {width: 6}
#   - values: {'null': -2147483648}
# - name: TYC2
#   datatype: string
#   description: Tycho-2 cross-id name, Hog et al., Cat. I/259 (tyc2_original_ext_source_id)
#   meta: !!omap
#   - {ucd: ID_CROSSID}
#   - {_votable_string_dtype: char}
# - name: Source
#   datatype: int64
#   description: Source identifier, identical to the Gaia-EDR3 source_id (id)
#   meta: !!omap
#   - {ucd: ID_MAIN}
#   - {width: 19}
# - name: rgeo
#   unit: pc
#   datatype: float64
#   format: '{:15.8f}'
#   description: '? Median of the geometric distance posterior (r_med_geo)'
#   meta: !!omap
#   - {ucd: PHYS_DISTANCE_TRUE}
#   - {width: 15}
#   - {precision: '8'}
#   - values: {'null': .nan}
# - name: Plx
#   unit: mas
#   datatype: float64
#   format: '{:9.4f}'
#   description: '? Parallax (parallax)'
#   meta: !!omap
#   - {ucd: POS_PARLX_TRIG}
#   - {width: 9}
#   - {precision: '4'}
#   - values: {'null': .nan}
# - name: e_Plx
#   unit: mas
#   datatype: float32
#   format: '{:7.4f}'
#   description: '? Standard error of parallax (parallax_error)'
#   meta: !!omap
#   - {ucd: ERROR}
#   - {width: 7}
#   - {precision: '4'}
#   - values: {'null': .nan}
# - name: pmRA
#   unit: mas / yr
#   datatype: float64
#   format: '{:9.3f}'
#   description: '? Proper motion in right ascension direction, pmRA*cosDE (pmra)'
#   meta: !!omap
#   - {ucd: POS_EQ_PMRA}
#   - {width: 9}
#   - {precision: '3'}
#   - values: {'null': .nan}
# - name: pmDE
#   unit: mas / yr
#   datatype: float64
#   format: '{:9.3f}'
#   description: '? Proper motion in declination direction (pmdec)'
#   meta: !!omap
#   - {ucd: POS_EQ_PMDEC}
#   - {width: 9}
#   - {precision: '3'}
#   - values: {'null': .nan}
# - name: e_pmRA
#   unit: mas / yr
#   datatype: float32
#   format: '{:6.3f}'
#   description: '? Standard error of proper motion in right ascension direction (pmra_error)'
#   meta: !!omap
#   - {ucd: ERROR}
#   - {width: 6}
#   - {precision: '3'}
#   - values: {'null': .nan}
# - name: e_pmDE
[...]
#         unit: &id001 !astropy.units.Unit {unit: deg}
#         value: !astropy.table.SerializedColumn {name: SkyCoord.dec}
#       distance: !astropy.table.SerializedColumn
#         __class__: astropy.coordinates.distances.Distance
#         unit: !astropy.units.Unit {unit: pc}
#         value: !astropy.table.SerializedColumn {name: SkyCoord.distance}
#       frame: icrs
#       obstime: !astropy.time.Time {format: jyear_str, in_subfmt: '*', jd1: 367701545.0, jd2: 0.0, out_subfmt: '*', precision: 3, scale: tt}
#       pm_dec: !astropy.table.SerializedColumn
#         __class__: astropy.units.quantity.Quantity
#         unit: !astropy.units.Unit {unit: mas / yr}
#         value: !astropy.table.SerializedColumn {name: SkyCoord.pm_dec}
#       pm_ra_cosdec: !astropy.table.SerializedColumn
#         __class__: astropy.units.quantity.Quantity
#         unit: !astropy.units.Unit {unit: mas / yr}
#         value: !astropy.table.SerializedColumn {name: SkyCoord.pm_ra_cosdec}
#       ra: !astropy.table.SerializedColumn
#         __class__: astropy.coordinates.angles.Longitude
#         unit: *id001
#         value: !astropy.table.SerializedColumn {name: SkyCoord.ra}
#         wrap_angle: !astropy.coordinates.Angle
#           unit: *id001
#           value: 360.0
#       representation_type: spherical
# schema: astropy-2.0
RA_ICRS_1 DE_ICRS_1 e_RA_ICRS e_DE_ICRS _r_1 HIP TYC2 Source rgeo Plx e_Plx pmRA pmDE e_pmRA e_pmDE RUWE Teff logg Gmag BP-RP BPmag RPmag RV e_RV b_rgeo B_rgeo FG e_FG FBP e_FBP FRP e_FRP RAVE5 RAVE6 e_Gmag e_BPmag e_RPmag e_BP-RP SkyCoord.ra SkyCoord.dec SkyCoord.distance SkyCoord.pm_ra_cosdec SkyCoord.pm_dec Pmemb
[from data line 40]
271.52348881806 -24.40265326501 0.0353 0.0288 9.6144 "" "" 4066056744722876288 1485.96143 0.6317 0.0392 0.092 -1.866 0.043 0.031 0.893 7982.5 4.0565 15.678743 1.461728 16.335451 14.873723 "" "" 1401.98694 1615.91187 10079.73875 4.3339 3992.4 13.433 8905.7 15.948 "" "" 0.00279458669490096 0.0045967693 0.0042501786 0.008846948 271.52348881806 -24.40265326501 1485.96143 0.09199999999999998 -1.8659999999999997 0.95
271.47648091939 -24.20189139546 0.0356 0.0299 4.4987 "" "" 4066073954627128704 1656.75854 0.564 0.0398 -0.041 -1.846 0.046 0.033 0.917 9253.1 3.6352 15.700088 1.67098 16.447235 14.776256 "" "" 1546.39319 1755.61865 9883.51747 5.6695 3601.8 11.732 9742.2 94.592 "" "" 0.002824833652481162 0.004504671 0.011198964 0.015703635 271.47648091939 -24.20189139546 1656.75854 -0.04100000000000001 -1.8459999999999996 0.93
271.56044445304 -24.27240337285 0.0374 0.0313 1.9286 "" "" 4066062448439556992 1570.34656 0.6009 0.0435 0.067 -1.846 0.05 0.034 1.074 9260.5 3.7512 15.706093 1.579571 16.430243 14.850672 "" "" 1485.13989 1650.60962 9829.00483 5.2488 3658.6 14.279 9096.8 16.365 "" "" 0.0028156619257634144 0.005073583 0.004254269 0.009327852 271.56044445304 -24.27240337285 1570.34656 0.067 -1.846 0.96
271.59826897434 -24.11152112298 0.0373 0.0309 8.4474 "" "" 4066099591318918016 1595.15076 0.5916 0.0436 0.035 -1.807 0.049 0.034 1.092 9268.3 3.8818 15.731249 1.453913 16.379864 14.925951 "" "" 1499.99707 1714.74048 9603.89146 4.4479 3832.4 15.679 8487.5 10.212 "" "" 0.002800828460577009 0.0052455505 0.0039987806 0.009244331 271.59826897434 -24.11152112298 1595.15076 0.035 -1.807 0.93
271.56391542509 -24.29988219059 0.0354 0.0289 3.5353 "" "" 4066060691772493440 1459.31787 0.6481 0.0387 0.053 -1.834 0.046 0.032 0.94 9366.9 3.882 15.74394 1.699893 16.543303 14.84341 "" "" 1389.84119 1540.2887 9492.28489 4.6081 3296.8 11.025 9157.9 14.499 "" "" 0.0028052809637268993 0.004579109 0.0041519343 0.008731043 271.56391542509 -24.29988219059 1459.31787 0.052999999999999985 -1.8339999999999996 0.82
271.61123194811 -24.19905315753 0.0364 0.0331 4.5114 "" "" 4066063204353820160 1603.14673 0.6018 0.0474 0.08 -1.826 0.047 0.035 0.947 "" "" 15.748861 1.580054 16.478159 14.898105 "" "" 1502.89966 1715.37488 9449.35916 4.8414 3500.7 11.653 8708.0 18.01 "" "" 0.002810913745602184 0.004565872 0.0043961518 0.008962024 271.61123194811 -24.19905315753 1603.14673 0.08 -1.8259999999999998 0.94
271.6177510653 -24.28701976978 0.0375 0.0327 4.7653 "" "" 4066059283023234688 1506.27039 0.6232 0.0483 0.037 -1.764 0.047 0.036 0.997 9256.5 3.8019 15.807403 1.601196 16.553598 14.952402 "" "" 1401.31335 1618.96033 8953.35359 4.6139 3265.7 11.955 8283.2 15.787 "" "" 0.0028115545962998025 0.004856212 0.004308802 0.009165014 271.6177510653 -24.28701976978 1506.27039 0.03699999999999999 -1.764 0.95
271.46793446622 -24.14088368636 0.0414 0.0339 7.4619 "" "" 4066076600327118848 1661.53491 0.5857 0.0487 -0.011 -1.761 0.056 0.038 0.955 8906.0 3.5178 15.899209 1.580433 16.632376 15.051943 "" "" 1532.39832 1797.53528 8227.41252 4.7971 3037.2 12.936 7557.6 15.762 "" "" 0.002827108949942119 0.0054008965 0.004405814 0.009806711 271.46793446622 -24.14088368636 1661.53491 -0.011 -1.7609999999999992 0.91
271.5312890453 -24.2628352999 0.0394 0.033 1.371 "" "" 4066061039690307712 1605.729 0.5893 0.0452 0.057 -1.834 0.053 0.04 0.988 "" "" 15.935119 1.65841 16.7139 15.05549 "" "" 1491.24756 1705.25415 7959.74667 4.4212 2817.5 12.919 7532.9 17.115 "" "" 0.002820545791250458 0.0057069655 0.0045131994 0.010220164 271.5312890453 -24.2628352999 1605.729 0.05700000000000002 -1.8340000000000007 0.96
271.54470816598 -24.20339035672 0.0402 0.0349 2.4122 "" "" 4066063681065351168 1348.27478 0.7056 0.05 0.098 -1.708 0.051 0.038 0.948 "" "" 15.938039 1.734024 16.759457 15.025433 "" "" 1259.05835 1441.89001 7938.36438 4.7102 2701.7 12.597 7744.4 14.016 "" "" 0.002829629965437329 0.005780371 0.004259685 0.010040056 271.54470816598 -24.20339035672 1348.27478 0.098 -1.708 0.83
271.49681272064 -24.04235781802 0.0408 0.034 12.3568 "" "" 4066103955005914752 1469.66724 0.6352 0.0461 -0.0 -2.044 0.056 0.038 0.968 9870.8 3.5383 15.981463 1.960109 16.9551 14.99499 "" "" 1375.02759 1596.5365 7627.13362 4.9841 2256.2 20.569 7964.6 19.246 "" "" 0.0028452018140420216 0.010284021 0.004600772 0.014884792 271.49681272064 -24.04235781802 1469.66724 -6.938893903907228e-18 -2.044 0.94
271.68225098929 -24.21822753966 0.0391 0.0328 7.6726 "" "" 4066083403559739392 1507.60571 0.6413 0.0453 0.156 -1.75 0.053 0.041 1.04 "" "" 15.983128 1.755716 16.815577 15.05986 "" "" 1418.88599 1615.02734 7615.4536 4.7597 2565.6 10.196 7502.6 19.727 "" "" 0.002837653097842959 0.005138378 0.0047364044 0.0098747825 271.68225098929 -24.21822753966 1507.60571 0.15600000000000003 -1.7500000000000002 0.86
271.39158924678 -24.23438738346 0.0424 0.0354 8.4008 "" "" 4066073645389411072 1812.2196 0.5289 0.0449 0.041 -1.891 0.058 0.039 1.022 9116.9 3.496 16.126026 1.867712 17.03536 15.167648 "" "" 1689.92493 1990.27393 6676.30337 3.6616 2095.4 16.152 6793.6 21.103 "" "" 0.002818931129748719 0.008822044 0.005065407 0.013887452 271.39158924678 -24.23438738346 1812.2196 0.04099999999999999 -1.8909999999999996 0.91
271.68584081375 -24.36822303101 0.0479 0.0425 10.742 "" "" 4065870137009745920 1496.00769 0.6595 0.0624 0.1 -1.783 0.059 0.042 0.911 8412.0 4.1938 16.176432 1.686398 16.973778 15.287379 "" "" 1374.07812 1631.40576 6373.44673 3.8119 2217.7 17.437 6084.2 14.314 "" "" 0.0028308071786985653 0.008981169 0.0045616305 0.013542799 271.68584081375 -24.36822303101 1496.00769 0.09999999999999999 -1.7829999999999995 0.88
271.51423561549 -24.38715553625 0.0472 0.0399 8.7744 "" "" 4066056950881336960 1524.45276 0.6291 0.0527 0.048 -1.687 0.06 0.044 0.993 8189.4 4.2426 16.223164 1.644157 16.986204 15.342048 "" "" 1423.0885 1698.11267 6104.94037 3.7374 2192.5 14.094 5785.5 12.56 "" "" 0.0028343585862120224 0.0075164665 0.004454158 0.011970624 271.51423561549 -24.38715553625 1524.45276 0.048 -1.687 0.87
271.46041205653 -24.30228936936 0.0434 0.0364 5.8061 "" "" 4066061275888046464 1782.20166 0.5488 0.0472 -0.001 -1.693 0.058 0.041 0.901 "" "" 16.231747 2.225039 17.386583 15.161544 "" "" 1622.78674 1966.28284 6056.86831 8.0986 1516.3 13.756 6831.9 28.838 "" "" 0.0031143718575464465 0.010237448 0.0059403223 0.01617777 271.46041205653 -24.30228936936 1782.20166 -0.0010000000000000009 -1.693 0.95
271.50135407056 -24.35789932326 0.0466 0.0384 7.2583 "" "" 4066060008898105728 1619.99316 0.5976 0.0502 -0.098 -1.866 0.062 0.043 0.998 8865.9 4.2943 16.30747 1.850925 17.210432 15.359508 "" "" 1504.41541 1768.61621 5648.83062 4.4077 1783.4 9.4552 5693.2 21.028 "" "" 0.0028826221097973093 0.006396911 0.0055104825 0.011907393 271.50135407056 -24.35789932326 1619.99316 -0.09799999999999999 -1.866 0.81
271.59970178407 -24.15970319093 0.0564 0.0468 5.8618 "" "" 4066064063347310848 1484.12939 0.6637 0.065 -0.096 -1.802 0.076 0.054 0.929 "" "" 16.70895 1.890141 17.63591 15.745769 "" "" 1364.51306 1617.49512 3902.71143 2.9309 1205.2 8.2285 3988.9 16.807 "" "" 0.002873435286264733 0.007920578 0.005933927 0.0138545055 271.59970178407 -24.15970319093 1484.12939 -0.09600000000000004 -1.8020000000000003 0.8
271.44985947981 -24.36892159872 0.0625 0.0512 9.1379 "" "" 4066054339541303296 1457.28906 0.6531 0.0651 0.146 -1.847 0.082 0.058 0.924 8999.3 3.2973 16.78217 2.241595 17.931776 15.690181 "" "" 1326.72986 1616.67554 3648.20108 3.796 917.71 9.2306 4198.4 20.869 "" "" 0.002977929138915159 0.011271459 0.0065886234 0.017860083 271.44985947981 -24.36892159872 1457.28906 0.14600000000000007 -1.847 0.81
