Clusters/UBC_156/UBC_156_members.tsv
# %ECSV 1.0
# ---
# datatype:
# - name: RA_ICRS_1
#   unit: deg
#   datatype: float64
#   format: '{:15.11f}'
#   description: Right ascension (ICRS) at Ep=2016.0 (ra)
#   meta: !!omap
#   - {ucd: POS_EQ_RA_MAIN}
#   - {width: 15}
#   - {precision: '11'}
# - name: DE_ICRS_1
#   unit: deg
#   datatype: float64
#   format: '{:15.11f}'
#   description: Declination (ICRS) at Ep=2016.0 (dec)
#   meta: !!omap
#   - {ucd: POS_EQ_DEC_MAIN}
#   - {width: 15}
#   - {precision: '11'}
# - name: e_RA_ICRS
#   unit: mas
#   datatype: float64
#   format: '{:7.4f}'
#   description: Standard error of right ascension (ra_error)
#   meta: !!omap
#   - {ucd: ERROR}
#   - {width: 7}
#   - {precision: '4'}
# - name: e_DE_ICRS
#   unit: mas
#   datatype: float64
#   format: '{:7.4f}'
#   description: Standard error of declination (dec_error)
#   meta: !!omap
#   - {ucd: ERROR}
#   - {width: 7}
#   - {precision: '4'}
# - name: _r_1
#   unit: ''
#   datatype: float64
#   format: '{:7.4f}'
#   description: Distance from center (321.74250957000+49.10570541000)[ICRS], at Epoch=J2016.0
#   meta: !!omap
#   - {ucd: POS_ANG_DIST_GENERAL}
#   - {width: 7}
#   - {precision: '4'}
# - name: HIP
#   datatype: int32
#   description: '? HIP cross-id number, van Leeuwen, Cat. I/311 (hip_original_ext_source_id)'
#   meta: !!omap
#   - {ucd: ID_NUMBER}
#   - {width: 6}
#   - values: {'null': -2147483648}
# - name: TYC2
#   datatype: string
#   description: Tycho-2 cross-id name, Hog et al., Cat. I/259 (tyc2_original_ext_source_id)
#   meta: !!omap
#   - {ucd: ID_CROSSID}
#   - {_votable_string_dtype: char}
# - name: Source
#   datatype: int64
#   description: Source identifier, identical to the Gaia-EDR3 source_id (id)
#   meta: !!omap
#   - {ucd: ID_MAIN}
#   - {width: 19}
# - name: rgeo
#   unit: pc
#   datatype: float64
#   format: '{:15.8f}'
#   description: '? Median of the geometric distance posterior (r_med_geo)'
#   meta: !!omap
#   - {ucd: PHYS_DISTANCE_TRUE}
#   - {width: 15}
#   - {precision: '8'}
#   - values: {'null': .nan}
# - name: Plx
#   unit: mas
#   datatype: float64
#   format: '{:9.4f}'
#   description: '? Parallax (parallax)'
#   meta: !!omap
#   - {ucd: POS_PARLX_TRIG}
#   - {width: 9}
#   - {precision: '4'}
#   - values: {'null': .nan}
# - name: e_Plx
#   unit: mas
#   datatype: float32
#   format: '{:7.4f}'
#   description: '? Standard error of parallax (parallax_error)'
#   meta: !!omap
#   - {ucd: ERROR}
#   - {width: 7}
#   - {precision: '4'}
#   - values: {'null': .nan}
# - name: pmRA
#   unit: mas / yr
#   datatype: float64
#   format: '{:9.3f}'
#   description: '? Proper motion in right ascension direction, pmRA*cosDE (pmra)'
#   meta: !!omap
#   - {ucd: POS_EQ_PMRA}
#   - {width: 9}
#   - {precision: '3'}
#   - values: {'null': .nan}
# - name: pmDE
#   unit: mas / yr
#   datatype: float64
#   format: '{:9.3f}'
#   description: '? Proper motion in declination direction (pmdec)'
#   meta: !!omap
#   - {ucd: POS_EQ_PMDEC}
#   - {width: 9}
#   - {precision: '3'}
#   - values: {'null': .nan}
# - name: e_pmRA
#   unit: mas / yr
#   datatype: float32
#   format: '{:6.3f}'
#   description: '? Standard error of proper motion in right ascension direction (pmra_error)'
#   meta: !!omap
#   - {ucd: ERROR}
#   - {width: 6}
#   - {precision: '3'}
#   - values: {'null': .nan}
# - name: e_pmDE
[...]
#       distance: !astropy.table.SerializedColumn
#         __class__: astropy.coordinates.distances.Distance
#         unit: !astropy.units.Unit {unit: pc}
#         value: !astropy.table.SerializedColumn {name: SkyCoord.distance}
#       frame: icrs
#       obstime: !astropy.time.Time {format: jyear_str, in_subfmt: '*', jd1: 367701545.0, jd2: 0.0, out_subfmt: '*', precision: 3, scale: tt}
#       pm_dec: !astropy.table.SerializedColumn
#         __class__: astropy.units.quantity.Quantity
#         unit: !astropy.units.Unit {unit: mas / yr}
#         value: !astropy.table.SerializedColumn {name: SkyCoord.pm_dec}
#       pm_ra_cosdec: !astropy.table.SerializedColumn
#         __class__: astropy.units.quantity.Quantity
#         unit: !astropy.units.Unit {unit: mas / yr}
#         value: !astropy.table.SerializedColumn {name: SkyCoord.pm_ra_cosdec}
#       ra: !astropy.table.SerializedColumn
#         __class__: astropy.coordinates.angles.Longitude
#         unit: *id001
#         value: !astropy.table.SerializedColumn {name: SkyCoord.ra}
#         wrap_angle: !astropy.coordinates.Angle
#           unit: *id001
#           value: 360.0
#       representation_type: spherical
# schema: astropy-2.0
RA_ICRS_1 DE_ICRS_1 e_RA_ICRS e_DE_ICRS _r_1 HIP TYC2 Source rgeo Plx e_Plx pmRA pmDE e_pmRA e_pmDE RUWE Teff logg Gmag BP-RP BPmag RPmag RV e_RV b_rgeo B_rgeo FG e_FG FBP e_FBP FRP e_FRP RAVE5 RAVE6 e_Gmag e_BPmag e_RPmag e_BP-RP SkyCoord.ra SkyCoord.dec SkyCoord.distance SkyCoord.pm_ra_cosdec SkyCoord.pm_dec rmRA rmDE e_rmRA e_rmDE rRV e_rRV v_pec v_pec3d e_vpec e_vpec3d Pmemb
321.65841130745 49.08128899284 0.0083 0.0086 3.6144 "" "" 2170843154807390976 2097.10205 0.462 0.01 -3.705 -4.572 0.012 0.011 0.952 "" "" 12.779502 1.073772 13.224654 12.150882 -52.72 23.4 2060.14087 2139.01587 145594.79806 24.849 70074.0 48.366 109350.0 42.196 "" "" 0.0027615443836162806 0.002889054 0.003802533 0.006691587 321.65841130745 49.08128899284 2097.10205 -3.705 -4.572 0.058000011444091726 -0.15018174362182624 0.071828924 0.07082892 -16.165 23.940681 1.600307054043324 16.244020674304153 0.11355700349761384 23.824222228429 0.96
321.74656862156 49.10134969608 0.0109 0.0106 0.3061 "" "" 2170843464045289984 2286.29932 0.426 0.0131 -3.745 -4.447 0.016 0.013 1.06 "" "" 12.837225 2.439302 14.15846 11.719158 -20.39 0.39 2219.52197 2354.05322 138056.50317 39.661 29651.0 32.086 162740.0 109.13 "" "" 0.002772918689521889 0.003027447 0.003848872 0.0068763187 321.74656862156 49.10134969608 2286.29932 -3.7450000000000006 -4.447 0.01800001144409169 -0.025181743621826236 0.075828925 0.07282892 16.165 0.93068177 0.33544515470153213 16.168480090961324 0.024774988128664473 0.9304815878361329 0.97
321.68305336678 49.10074162105 0.0095 0.0096 2.3545 "" "" 2170843223527108608 2312.25049 0.412 0.0116 -3.758 -4.463 0.014 0.012 0.962 "" "" 12.874186 0.765526 13.170136 12.40461 "" "" 2254.74976 2374.91162 133435.81216 18.452 73682.0 34.72 86559.0 23.224 "" "" 0.0027594077825520476 0.0028366877 0.0037905918 0.0066272793 321.68305336678 49.10074162105 2312.25049 -3.7579999999999982 -4.462999999999997 0.00500001144409179 -0.04118174362182625 0.07382892 0.071828924 "" "" 0.4546692645278344 "" 0.032671795242591145 "" 0.95
321.69721674857 49.12294773758 0.0096 0.0099 2.0578 "" "" 2170843670203699840 2121.10352 0.4439 0.0115 -3.803 -4.349 0.013 0.012 1.071 9249.9 3.6076 13.67318 0.953253 14.058881 13.105628 "" "" 2074.13281 2162.44287 63925.61669 16.848 32499.0 31.101 45384.0 41.075 "" "" 0.0027701394772741196 0.0029773535 0.003905039 0.006882393 321.69721674857 49.12294773758 2121.10352 -3.8029999999999995 -4.349 -0.03999998855590814 0.07281825637817363 0.07282892 0.071828924 "" "" 0.8353016452708771 "" 0.06019347241885186 "" 0.98
321.80636182714 49.0607720291 0.0104 0.0095 3.683 "" "" 2170796219402776832 2097.73706 0.4492 0.0122 -3.824 -4.445 0.015 0.011 1.043 "" "" 13.741415 0.843514 14.072884 13.22937 "" "" 2030.22559 2150.49854 60031.73513 9.047 32082.0 29.286 40496.0 20.743 "" "" 0.0027601743311520544 0.0029609716 0.0038200808 0.0067810523 321.80636182714 49.0607720291 2097.73706 -3.8239999999999985 -4.445 -0.06099998855590805 -0.023181743621826456 0.07482892 0.07082892 "" "" 0.6488617940707676 "" 0.04823379405608219 "" 0.97
321.74548677368 48.98924540906 0.012 0.0117 6.9886 "" "" 2170794879372771200 2149.24243 0.4382 0.0149 -3.785 -4.529 0.019 0.015 0.998 9496.1 3.9616 14.240494 0.882002 14.588732 13.70673 "" "" 2093.40015 2224.71436 37909.58774 5.7656 19949.0 14.659 26090.0 23.054 "" "" 0.0027602638534437 0.0029019946 0.0038992516 0.006801246 321.74548677368 48.98924540906 2149.24243 -3.7849999999999975 -4.529 -0.021999988555908345 -0.10718174362182609 0.07882892 0.07482892 "" "" 1.1146685637251517 "" 0.08359431550802515 "" 0.94
321.71520500302 49.16204199261 0.0115 0.0114 3.5461 "" "" 2170844563556880000 2213.14331 0.4266 0.0135 -3.907 -4.305 0.016 0.014 1.02 9296.4 3.8927 14.246128 0.672885 14.499834 13.826949 "" "" 2147.71802 2270.04907 37713.3719 8.1817 21651.0 18.102 23355.0 17.342 "" "" 0.0027653698650158404 0.0029341239 0.003864413 0.0067985365 321.71520500302 49.16204199261 2213.14331 -3.907 -4.305 -0.14399998855590823 0.11681825637817411 0.075828925 0.07382892 "" "" 1.9451657570203322 "" 0.1459681521057371 "" 0.93
321.70155353466 49.1137558364 0.0125 0.0119 1.6796 "" "" 2170843601484229120 2188.15088 0.4294 0.0147 -3.779 -4.384 0.017 0.014 1.033 "" "" 14.311989 0.814393 14.629848 13.815455 "" "" 2118.60645 2282.72998 35493.69898 6.5896 19208.0 16.175 23603.0 12.697 "" "" 0.0027626836648088804 0.002936151 0.0038242457 0.006760397 321.70155353466 49.1137558364 2188.15088 -3.778999999999998 -4.384 -0.015999988555908118 0.03781825637817349 0.07682893 0.07382892 "" "" 0.4259050049418468 "" 0.03164141034165475 "" 0.98
321.82114204063 49.09083647848 0.0123 0.0121 3.2154 "" "" 2170802163637506304 2291.49048 0.4111 0.0149 -3.717 -4.416 0.017 0.015 0.948 9010.5 4.059 14.44537 0.730716 14.728518 13.997803 "" "" 2201.20386 2369.45508 31390.55371 7.6409 17539.0 17.085 19954.0 13.921 "" "" 0.0027679658787818917 0.0029838956 0.003854541 0.0068384367 321.82114204063 49.09083647848 2291.49048 -3.7169999999999996 -4.416 0.046000011444091715 0.005818256378173459 0.07682893 0.07482892 "" "" 0.5036174825764895 "" 0.03867673377550732 "" 0.93
321.69453530202 49.14167918059 0.0123 0.0124 2.8648 "" "" 2170844460477671168 2240.2854 0.416 0.0147 -3.762 -4.447 0.017 0.016 0.977 9001.7 3.8889 14.454437 0.841463 14.788451 13.946988 "" "" 2163.49561 2328.44653 31129.47238 5.3157 16597.0 13.954 20910.0 10.615 "" "" 0.0027615508473383785 0.0029356978 0.0038193616 0.0067550596 321.69453530202 49.14167918059 2240.2854 -3.7619999999999996 -4.447 0.0010000114440917862 -0.025181743621826236 0.07682893 0.075828925 "" "" 0.2676145148606548 "" 0.020293345061000164 "" 0.98
321.64621442202 49.08951107602 0.0132 0.0129 3.9059 "" "" 2170843154807386752 2192.50659 0.4285 0.0155 -3.74 -4.435 0.018 0.016 0.945 "" "" 14.477585 0.96879 14.870273 13.901483 "" "" 2110.20288 2279.3667 30472.82186 5.8229 15392.0 14.756 21805.0 14.748 "" "" 0.0027631200378685 0.0029779968 0.003850064 0.006828061 321.64621442202 49.08951107602 2192.50659 -3.7399999999999958 -4.434999999999995 0.023000011444091584 -0.013181743621825781 0.07782892 0.075828925 "" "" 0.2755005204290184 "" 0.021306998635590137 "" 0.98
321.72057626127 49.17901195443 0.0133 0.013 4.4819 "" "" 2170844666636087424 2167.80884 0.4308 0.0155 -3.753 -4.388 0.019 0.016 1.033 7973.5 4.111 14.548861 0.854169 14.888315 14.034146 "" "" 2104.53955 2231.01074 28536.61679 5.3971 15139.0 13.495 19297.0 10.766 "" "" 0.002762961384749782 0.0029532604 0.003827617 0.0067808777 321.72057626127 49.17901195443 2167.80884 -3.753 -4.388 0.010000011444091683 0.03381825637817393 0.07882892 0.075828925 "" "" 0.36237040656714714 "" 0.027567154675348256 "" 0.98
321.6693401018 49.14753162169 0.0133 0.0132 3.8146 "" "" 2170844494837399424 2176.92603 0.4338 0.0155 -3.738 -4.255 0.019 0.017 0.999 9349.2 3.9691 14.587433 0.996133 14.994361 13.998228 "" "" 2108.6709 2244.95483 27540.61899 5.3176 13730.0 13.508 19947.0 11.765 "" "" 0.0027632836873911636 0.002987651 0.0038332513 0.006820902 321.6693401018 49.14753162169 2176.92603 -3.738 -4.255 0.025000011444091808 0.16681825637817393 0.07882892 0.07682893 "" "" 1.7405582971601579 "" 0.13380266428053225 "" 0.97
321.82624051552 49.13299985573 0.0149 0.0148 3.6733 "" "" 2170802507234880896 2150.12451 0.4389 0.0181 -3.73 -4.35 0.02 0.019 1.158 7194.7 3.72 14.623798 0.796445 14.868901 14.072456 "" "" 2082.78857 2228.84229 26633.43778 6.4064 15412.0 90.557 18628.0 176.4 "" "" 0.0027676696618118327 0.0069629876 0.010954133 0.01791712 321.82624051552 49.13299985573 2150.12451 -3.7300000000000004 -4.35 0.033000011444091815 0.07181825637817418 0.07982892 0.07882892 "" "" 0.8055137015852436 "" 0.06363893419234339 "" 0.98
321.58987137371 49.08503099232 0.0135 0.0137 6.1238 "" "" 2170842467612611840 2263.33667 0.4163 0.0162 -3.618 -4.531 0.02 0.017 0.955 7494.5 4.0505 14.652285 0.908951 15.017179 14.108228 "" "" 2178.98877 2367.92896 25943.75375 6.4802 13445.0 16.759 18025.0 16.168 "" "" 0.0027686342341019343 0.0031010672 0.0039028411 0.007003908 321.58987137371 49.08503099232 2263.33667 -3.618 -4.531 0.14500001144409191 -0.10918174362182587 0.07982892 0.07682893 "" "" 1.9472718435251775 "" 0.15336057309536605 "" 0.86
321.81223234985 49.15798783657 0.0145 0.0145 4.1633 "" "" 2170849511359476224 2113.89282 0.4466 0.0173 -3.729 -4.461 0.02 0.018 1.072 "" "" 14.680943 0.773471 14.983121 14.20965 "" "" 2034.40259 2202.62256 25267.90335 5.9563 13873.0 16.732 16417.0 13.599 "" "" 0.0027671813671532163 0.003082176 0.0038849183 0.0069670943 321.81223234985 49.15798783657 2113.89282 -3.728999999999999 -4.461000000000002 0.034000011444091705 -0.03918174362182647 0.07982892 0.07782892 "" "" 0.519798574361672 "" 0.04090515452072895 "" 0.86
321.70905909794 49.14573419263 0.014 0.0136 2.7374 "" "" 2170844563556887168 2418.2627 0.3859 0.0162 -3.725 -4.366 0.02 0.017 0.993 9194.0 3.8867 14.703263 0.949004 15.080938 14.131934 "" "" 2343.66772 2507.43164 24753.77142 7.2466 12678.0 18.127 17635.0 19.154 "" "" 0.0027735925618686294 0.0031929528 0.0039590877 0.0071520405 321.70905909794 49.14573419263 2418.2627 -3.725 -4.366 0.03800001144409171 0.05581825637817417 0.07982892 0.07682893 "" "" 0.7740142125725403 "" 0.0602117346547808 "" 0.83
322.0054778507 49.1449613559 0.0144 0.015 10.5905 "" "" 2170803228789653632 2194.12329 0.4293 0.0175 -3.705 -4.423 0.02 0.02 1.025 9247.1 4.1643 14.748567 0.858947 15.088965 14.230019 "" "" 2112.12695 2283.84717 23742.15174 5.5858 12584.0 17.078 16112.0 11.542 "" "" 0.002767135561575173 0.0031553407 0.0038585835 0.0070139244 322.0054778507 49.1449613559 2194.12329 -3.705 -4.423 0.058000011444091726 -0.0011817436218262145 0.07982892 0.07982892 "" "" 0.6033336876898666 "" 0.048163475469282395 "" 0.98
321.46746125156 49.16866649006 0.0166 0.0171 11.4388 "" "" 2170846934378547712 2318.59912 0.4071 0.0208 -3.746 -4.417 0.024 0.02 0.959 9400.2 4.2945 14.775267 0.829856 15.104465 14.274609 "" "" 2204.80298 2458.42432 23165.41324 5.5286 12406.0 12.816 15464.0 10.191 "" "" 0.0027674775726510012 0.0030071707 0.0038465166 0.0068536876 321.46746125156 49.16866649006 2318.59912 -3.7460000000000004 -4.417 0.0170000114440918 0.004818256378174013 0.083828926 0.07982892 "" "" 0.19419210735279518 "" 0.016222437192992174 "" 0.98
321.62002204259 48.90544862503 0.0158 0.0157 12.9465 "" "" 2170793436263659392 2078.50146 0.4546 0.0192 -3.71 -4.402 0.022 0.02 0.952 7988.8 4.1938 14.914365 0.855521 15.255265 14.399744 "" "" 1978.18677 2164.67676 20379.84797 4.172 10797.0 15.346 13780.0 8.2638 "" "" 0.0027642703117248786 0.0031884871 0.0038350583 0.0070235454 321.62002204259 48.90544862503 2078.50146 -3.7099999999999995 -4.402 0.05300001144409183 0.019818256378173693 0.08182892 0.07982892 "" "" 0.5574723965628863 "" 0.04548206451762327 "" 0.98
321.82655981578 49.17767581709 0.0156 0.0155 5.4342 "" "" 2170849614438686720 2149.30908 0.437 0.0185 -3.723 -4.473 0.022 0.02 1.056 5881.7 4.0166 15.033761 1.13441 15.480047 14.345637 "" "" 2076.04834 2224.02979 18257.54556 3.9088 8778.1 27.112 14484.0 86.818 "" "" 0.002765107839801452 0.004362378 0.007525783 0.011888161 321.82655981578 49.17767581709 2149.30908 -3.722999999999999 -4.473 0.04000001144409193 -0.05118174362182604 0.08182892 0.07982892 "" "" 0.6617765981114051 "" 0.05333464923071554 "" 0.98
321.82747254102 49.09505860863 0.016 0.0154 3.3983 "" "" 2170802197997244288 2041.33923 0.4604 0.0194 -3.872 -4.361 0.023 0.019 1.038 9608.1 4.4334 15.047475 0.874056 15.398813 14.524757 "" "" 1971.36707 2113.7937 18028.37831 4.049 9460.0 12.806 12282.0 10.455 "" "" 0.0027660893344365585 0.0031536082 0.0038907486 0.007044357 321.82747254102 49.09505860863 2041.33923 -3.871999999999999 -4.361000000000001 -0.10899998855590809 0.06081825637817406 0.082828924 0.07882892 "" "" 1.2077450562431882 "" 0.0989106478242616 "" 0.95
321.79009845656 49.12559248447 0.0162 0.0159 2.2173 "" "" 2170849373920288512 2178.3501 0.4322 0.0192 -3.76 -4.414 0.023 0.02 1.017 7992.6 4.2447 15.075844 0.959167 15.465699 14.506532 "" "" 2105.0603 2273.46924 17563.43212 3.761 8894.8 10.573 12490.0 11.258 "" "" 0.0027651120196723108 0.003074192 0.0039040318 0.006978224 321.79009845656 49.12559248447 2178.3501 -3.7599999999999993 -4.414 0.00300001144409201 0.007818256378174127 0.082828924 0.07982892 "" "" 0.08646554487601717 "" 0.006936285297619997 "" 0.98
321.84648800109 49.22782156775 0.0169 0.0168 8.386 "" "" 2170850335993170048 2182.99268 0.4328 0.0199 -3.775 -4.364 0.023 0.022 1.01 8046.7 4.0605 15.089562 0.869524 15.43755 14.568026 "" "" 2092.73364 2275.22144 17342.90117 4.3184 9128.5 14.054 11802.0 10.374 "" "" 0.0027685516437776407 0.003252568 0.0038980176 0.0071505858 321.84648800109 49.22782156775 2182.99268 -3.774999999999999 -4.364 -0.011999988555908114 0.05781825637817395 0.082828924 0.08182892 "" "" 0.6110173073268803 "" 0.050024268423033875 "" 0.94
321.97506618543 49.05931557696 0.0173 0.0172 9.5535 "" "" 2170798349706976384 2077.60571 0.4515 0.0203 -3.712 -4.347 0.025 0.022 0.983 7991.2 4.0765 15.108266 0.942465 15.467452 14.524987 "" "" 1989.04443 2149.01636 17046.69754 4.6593 8880.5 33.422 12279.0 26.604 "" "" 0.002771255244681061 0.0049479348 0.004451678 0.009399613 321.97506618543 49.05931557696 2077.60571 -3.712000000000001 -4.347 0.05100001144409161 0.07481825637817341 0.08482892 0.08182892 "" "" 0.8916941015962955 "" 0.0738255156682847 "" 0.97
321.6709301327 49.09579443303 0.0169 0.0177 2.8741 "" "" 2170843253572296704 2216.09937 0.4265 0.0205 -3.792 -4.415 0.025 0.022 0.985 7196.2 3.8275 15.150826 1.060319 15.565854 14.505535 "" "" 2123.47559 2315.88232 16391.39945 4.5137 8111.0 15.274 12501.0 34.155 "" "" 0.0027714938131746933 0.0034590936 0.004804521 0.008263614 321.6709301327 49.09579443303 2216.09937 -3.7920000000000025 -4.415000000000001 -0.02899998855590802 0.006818256378173793 0.08482892 0.08182892 "" "" 0.3129311571307649 "" 0.026497261734939447 "" 0.98
321.63904974562 49.15112184383 0.0179 0.0177 4.8914 "" "" 2170844391758175744 2212.90869 0.4293 0.0205 -3.786 -4.567 0.026 0.023 0.97 9055.9 3.8417 15.163859 1.202225 15.676238 14.474013 "" "" 2127.64917 2304.00757 16195.82168 5.8524 7326.9 16.893 12869.0 15.535 "" "" 0.0027831124523003768 0.0037485329 0.0040001953 0.007748728 321.63904974562 49.15112184383 2212.90869 -3.7859999999999956 -4.567 -0.022999988555908235 -0.14518174362182634 0.08582892 0.082828924 "" "" 1.5418298179019378 "" 0.12782334991604996 "" 0.97
321.88793380871 49.01196364256 0.0191 0.0193 8.0204 "" "" 2170797971749472128 2247.76245 0.4179 0.0229 -3.899 -4.486 0.029 0.025 1.002 9097.1 4.4452 15.305444 1.05168 15.740953 14.689273 "" "" 2132.12915 2382.30322 14215.73584 3.7382 6903.0 11.167 10555.0 8.1953 "" "" 0.0027700729079116453 0.0032969657 0.0038722586 0.0071692243 321.88793380871 49.01196364256 2247.76245 -3.8990000000000005 -4.486 -0.13599998855590822 -0.06418174362182594 0.08882892 0.08482892 "" "" 1.6022484637997199 "" 0.1411802991296679 "" 0.86
321.6836210835 49.09003024465 0.0202 0.0207 2.4974 "" "" 2170843223527114624 1986.43152 0.4761 0.0247 -3.748 -4.441 0.03 0.026 1.052 7546.3 3.983 15.58932 1.342884 16.182753 14.839869 "" "" 1896.23486 2086.32153 10945.07559 3.3115 4595.3 10.498 9187.8 10.823 "" "" 0.0027748331724190478 0.0037332692 0.0039899237 0.0077231927 321.6836210835 49.09003024465 1986.43152 -3.7479999999999998 -4.440999999999999 0.015000011444091577 -0.01918174362182601 0.08982892 0.08582892 "" "" 0.22927525183476563 "" 0.020031400513843445 "" 0.92
321.83043123336 49.1670553173 0.0215 0.02 5.046 "" "" 2170849545719214464 2103.27197 0.4459 0.0251 -3.79 -4.362 0.032 0.026 0.972 7187.3 4.346 15.640535 1.006286 16.057314 15.051028 "" "" 2021.96167 2212.32422 10440.76812 2.6055 5158.1 9.1154 7563.9 10.395 "" "" 0.002768609976419579 0.003386224 0.0040632677 0.007449492 321.83043123336 49.1670553173 2103.27197 -3.79 -4.362 -0.02699998855590824 0.05981825637817373 0.09182893 0.08582892 "" "" 0.6542932853395875 "" 0.05684078958488943 "" 0.96
