Clusters/UBC_156/UBC_156_stars_in_region.tsv
# %ECSV 1.0
# ---
# datatype:
# - name: RA_ICRS_1
#   unit: deg
#   datatype: float64
#   format: '{:15.11f}'
#   description: Right ascension (ICRS) at Ep=2016.0 (ra)
#   meta: !!omap
#   - {ucd: POS_EQ_RA_MAIN}
#   - {width: 15}
#   - {precision: '11'}
# - name: DE_ICRS_1
#   unit: deg
#   datatype: float64
#   format: '{:15.11f}'
#   description: Declination (ICRS) at Ep=2016.0 (dec)
#   meta: !!omap
#   - {ucd: POS_EQ_DEC_MAIN}
#   - {width: 15}
#   - {precision: '11'}
# - name: e_RA_ICRS
#   unit: mas
#   datatype: float64
#   format: '{:7.4f}'
#   description: Standard error of right ascension (ra_error)
#   meta: !!omap
#   - {ucd: ERROR}
#   - {width: 7}
#   - {precision: '4'}
# - name: e_DE_ICRS
#   unit: mas
#   datatype: float64
#   format: '{:7.4f}'
#   description: Standard error of declination (dec_error)
#   meta: !!omap
#   - {ucd: ERROR}
#   - {width: 7}
#   - {precision: '4'}
# - name: _r_1
#   unit: ''
#   datatype: float64
#   format: '{:7.4f}'
#   description: Distance from center (321.74250957000+49.10570541000)[ICRS], at Epoch=J2016.0
#   meta: !!omap
#   - {ucd: POS_ANG_DIST_GENERAL}
#   - {width: 7}
#   - {precision: '4'}
# - name: HIP
#   datatype: int32
#   description: '? HIP cross-id number, van Leeuwen, Cat. I/311 (hip_original_ext_source_id)'
#   meta: !!omap
#   - {ucd: ID_NUMBER}
#   - {width: 6}
#   - values: {'null': -2147483648}
# - name: TYC2
#   datatype: string
#   description: Tycho-2 cross-id name, Hog et al., Cat. I/259 (tyc2_original_ext_source_id)
#   meta: !!omap
#   - {ucd: ID_CROSSID}
#   - {_votable_string_dtype: char}
# - name: Source
#   datatype: int64
#   description: Source identifier, identical to the Gaia-EDR3 source_id (id)
#   meta: !!omap
#   - {ucd: ID_MAIN}
#   - {width: 19}
# - name: rgeo
#   unit: pc
#   datatype: float64
#   format: '{:15.8f}'
#   description: '? Median of the geometric distance posterior (r_med_geo)'
#   meta: !!omap
#   - {ucd: PHYS_DISTANCE_TRUE}
#   - {width: 15}
#   - {precision: '8'}
#   - values: {'null': .nan}
# - name: Plx
#   unit: mas
#   datatype: float64
#   format: '{:9.4f}'
#   description: '? Parallax (parallax)'
#   meta: !!omap
#   - {ucd: POS_PARLX_TRIG}
#   - {width: 9}
#   - {precision: '4'}
#   - values: {'null': .nan}
# - name: e_Plx
#   unit: mas
#   datatype: float32
#   format: '{:7.4f}'
#   description: '? Standard error of parallax (parallax_error)'
#   meta: !!omap
#   - {ucd: ERROR}
#   - {width: 7}
#   - {precision: '4'}
#   - values: {'null': .nan}
# - name: pmRA
#   unit: mas / yr
#   datatype: float64
#   format: '{:9.3f}'
#   description: '? Proper motion in right ascension direction, pmRA*cosDE (pmra)'
#   meta: !!omap
#   - {ucd: POS_EQ_PMRA}
#   - {width: 9}
#   - {precision: '3'}
#   - values: {'null': .nan}
# - name: pmDE
#   unit: mas / yr
#   datatype: float64
#   format: '{:9.3f}'
#   description: '? Proper motion in declination direction (pmdec)'
#   meta: !!omap
#   - {ucd: POS_EQ_PMDEC}
#   - {width: 9}
#   - {precision: '3'}
#   - values: {'null': .nan}
# - name: e_pmRA
#   unit: mas / yr
#   datatype: float32
#   format: '{:6.3f}'
#   description: '? Standard error of proper motion in right ascension direction (pmra_error)'
#   meta: !!omap
#   - {ucd: ERROR}
#   - {width: 6}
#   - {precision: '3'}
#   - values: {'null': .nan}
# - name: e_pmDE
[...]
#         unit: &id001 !astropy.units.Unit {unit: deg}
#         value: !astropy.table.SerializedColumn {name: SkyCoord.dec}
#       distance: !astropy.table.SerializedColumn
#         __class__: astropy.coordinates.distances.Distance
#         unit: !astropy.units.Unit {unit: pc}
#         value: !astropy.table.SerializedColumn {name: SkyCoord.distance}
#       frame: icrs
#       obstime: !astropy.time.Time {format: jyear_str, in_subfmt: '*', jd1: 367701545.0, jd2: 0.0, out_subfmt: '*', precision: 3, scale: tt}
#       pm_dec: !astropy.table.SerializedColumn
#         __class__: astropy.units.quantity.Quantity
#         unit: !astropy.units.Unit {unit: mas / yr}
#         value: !astropy.table.SerializedColumn {name: SkyCoord.pm_dec}
#       pm_ra_cosdec: !astropy.table.SerializedColumn
#         __class__: astropy.units.quantity.Quantity
#         unit: !astropy.units.Unit {unit: mas / yr}
#         value: !astropy.table.SerializedColumn {name: SkyCoord.pm_ra_cosdec}
#       ra: !astropy.table.SerializedColumn
#         __class__: astropy.coordinates.angles.Longitude
#         unit: *id001
#         value: !astropy.table.SerializedColumn {name: SkyCoord.ra}
#         wrap_angle: !astropy.coordinates.Angle
#           unit: *id001
#           value: 360.0
#       representation_type: spherical
# schema: astropy-2.0
RA_ICRS_1 DE_ICRS_1 e_RA_ICRS e_DE_ICRS _r_1 HIP TYC2 Source rgeo Plx e_Plx pmRA pmDE e_pmRA e_pmDE RUWE Teff logg Gmag BP-RP BPmag RPmag RV e_RV b_rgeo B_rgeo FG e_FG FBP e_FBP FRP e_FRP RAVE5 RAVE6 e_Gmag e_BPmag e_RPmag e_BP-RP SkyCoord.ra SkyCoord.dec SkyCoord.distance SkyCoord.pm_ra_cosdec SkyCoord.pm_dec
[from data line 1176]
322.03760979481 49.27083627708 0.0371 0.0375 15.2342 "" "" 2170805079905227136 2150.44629 0.4507 0.0443 -4.882 -5.04 0.048 0.047 0.905 5807.4 4.5156 16.65101 1.253148 17.198954 15.945806 "" "" 1950.7572 2348.56128 4116.63776 2.0922 1802.3 6.5669 3317.7 7.2838 "" "" 0.002810031501983088 0.004840979 0.004468287 0.009309266 322.03760979481 49.27083627708 2150.44629 -4.882 -5.039999999999999
321.87042624648 49.10945119265 0.0348 0.0338 5.0294 "" "" 2170802266716967424 1899.8822 0.5054 0.0414 -2.841 -6.957 0.048 0.042 0.99 5468.7 4.5091 16.651573 1.373327 17.267265 15.893938 "" "" 1764.92725 2059.70874 4114.50127 1.9689 1692.4 6.2474 3480.0 8.204 "" "" 0.0028038769260615303 0.004883501 0.0045645633 0.0094480645 321.87042624648 49.10945119265 1899.8822 -2.841000000000001 -6.957
321.42716980544 49.05706371267 0.0366 0.0391 12.7316 "" "" 2170845246436935168 2283.09399 0.4129 0.047 -4.462 -4.165 0.057 0.055 1.035 9002.7 4.3514 16.651924 1.461831 17.311163 15.849332 "" "" 2097.97754 2526.09326 4113.1775 2.1144 1625.4 8.5037 3626.0 9.2405 "" "" 0.002811280231124047 0.0063285828 0.004683953 0.011012536 321.42716980544 49.05706371267 2283.09399 -4.462 -4.164999999999999
321.78977215266 49.25280677253 0.0362 0.0341 9.0186 "" "" 2170851332425555328 2436.57227 0.3929 0.0418 -1.957 -6.591 0.047 0.042 1.0 4984.5 4.3362 16.6541 1.389295 17.28429 15.894996 "" "" 2189.9917 2710.03833 4104.94064 1.8892 1666.1 5.4596 3476.6 7.7302 "" "" 0.00280026309492625 0.004521409 0.0044846116 0.009006021 321.78977215266 49.25280677253 2436.57227 -1.9570000000000005 -6.590999999999999
322.11390824476 48.93665655058 0.0384 0.039 17.7884 "" "" 2170784365293397248 2129.24829 0.451 0.0463 -2.942 -0.43 0.055 0.046 1.032 5254.9 4.3132 16.658985 1.38901 17.254185 15.865175 "" "" 1951.40186 2308.93433 4086.5108 2.2036 1712.9 7.8714 3573.5 12.372 "" "" 0.002816835834454024 0.0057165283 0.005330449 0.011046978 322.11390824476 48.93665655058 2129.24829 -2.9419999999999997 -0.4299999999999999
321.50342871437 49.04743800277 0.0347 0.0375 10.0259 "" "" 2170842154060428800 2192.06787 0.4519 0.0432 -3.765 -4.363 0.05 0.047 0.939 7149.5 4.3187 16.659428 1.539043 17.377066 15.838023 "" "" 1976.62292 2489.80688 4084.84934 1.8677 1529.6 5.9419 3663.9 7.6188 "" "" 0.002799683758542843 0.0050570467 0.0044023814 0.0094594285 321.50342871437 49.04743800277 2192.06787 -3.7649999999999997 -4.3629999999999995
322.128602819 48.85405170791 0.0372 0.0378 21.4278 "" "" 2170780723160921984 1776.41089 0.5485 0.0439 -3.188 -6.214 0.051 0.044 1.031 5757.8 4.4466 16.662943 1.51097 17.359472 15.848502 "" "" 1630.47314 1921.60901 4071.64207 2.1083 1554.6 11.457 3628.8 9.5761 "" "" 0.0028120904697829146 0.008474112 0.004742669 0.0132167805 322.128602819 48.85405170791 1776.41089 -3.1880000000000006 -6.214
321.82813739134 48.95600168197 0.0355 0.035 9.5931 "" "" 2170791924435530752 2279.69019 0.4112 0.0427 -3.103 -3.573 0.052 0.044 1.005 6696.9 4.358 16.663963 1.647838 17.442339 15.794501 "" "" 2097.44214 2515.80713 4067.81795 1.8368 1440.4 7.8543 3813.8 7.8868 "" "" 0.0027985964812120164 0.0065449066 0.0043960134 0.010940921 321.82813739134 48.95600168197 2279.69019 -3.1029999999999998 -3.5729999999999995
321.6931167754 49.33495753793 0.0393 0.0358 13.8907 "" "" 2170855485641664640 1736.34131 0.5499 0.0468 10.684 -1.477 0.053 0.043 1.02 4981.9 4.323 16.66473 1.531345 17.37337 15.842024 "" "" 1605.11194 1895.59778 4064.94736 1.915 1534.9 7.4007 3650.5 8.0419 "" "" 0.002802394091490655 0.005932142 0.0044726487 0.010404791 321.6931167754 49.33495753793 1736.34131 10.683999999999997 -1.476999999999999
321.43726502742 48.92266336982 0.0373 0.0381 16.2759 "" "" 2170817659881060224 2180.41016 0.4398 0.0444 -5.011 -3.866 0.051 0.051 0.967 "" "" 16.66546 1.682093 17.44064 15.758547 "" "" 2005.92102 2436.33228 4062.21034 2.0699 1442.7 9.1127 3942.2 10.943 "" "" 0.0028103132619342833 0.0074038343 0.004833946 0.01223778 321.43726502742 48.92266336982 2180.41016 -5.011 -3.866
321.42368540657 49.16325981809 0.0386 0.0386 12.9838 "" "" 2170858341811679232 2202.41016 0.443 0.0451 -6.891 -2.187 0.058 0.053 0.892 "" "" 16.66827 1.77706 17.514559 15.737498 "" "" 1998.58496 2450.57959 4051.7103 2.4909 1347.7 7.2414 4019.4 11.213 "" "" 0.0028350179972448063 0.00646673 0.004843342 0.011310073 321.42368540657 49.16325981809 2202.41016 -6.890999999999999 -2.187
321.99705268608 49.18803748409 0.0365 0.0361 11.1448 "" "" 2170803602436109056 1822.96411 0.5246 0.0437 6.924 1.998 0.05 0.048 1.042 5034.0 4.3194 16.670788 1.481262 17.350014 15.868752 "" "" 1674.6189 2001.07532 4042.33101 1.8853 1568.2 6.5905 3561.7 8.9967 "" "" 0.0028014649400500053 0.0053483765 0.0046695992 0.010017976 321.99705268608 49.18803748409 1822.96411 6.924 1.9980000000000002
321.947539973 49.41448986388 0.0384 0.0367 20.1918 "" "" 2170947574047598592 2005.55579 0.4785 0.0452 -2.178 -6.764 0.046 0.049 0.989 5513.1 4.5445 16.670918 1.402825 17.26723 15.864404 "" "" 1835.73425 2220.98486 4041.84522 2.0772 1692.5 10.372 3576.0 17.255 "" "" 0.0028112518939871754 0.0072149658 0.0064598764 0.013674842 321.947539973 49.41448986388 2005.55579 -2.178000000000001 -6.764000000000001
322.12098139558 49.33240908762 0.0381 0.0402 20.125 "" "" 2170899401692083200 2407.3645 0.4093 0.0456 1.523 -0.129 0.046 0.048 0.983 5049.2 4.3478 16.671112 1.3385 17.273 15.934501 "" "" 2178.28247 2724.22412 4041.12178 2.1033 1683.5 7.3238 3352.4 8.0091 "" "" 0.0028126721998500684 0.0054858755 0.0045838864 0.010069761 322.12098139558 49.33240908762 2407.3645 1.5230000000000001 -0.1289999999999999
322.10957777819 48.98219547606 0.0376 0.0373 16.2273 "" "" 2170786701755585024 1940.92688 0.4973 0.0445 -1.854 -3.267 0.055 0.044 1.02 4953.1 4.3249 16.671612 1.310451 17.253157 15.942706 "" "" 1760.78528 2096.34668 4039.26433 1.9202 1714.6 6.7501 3327.2 6.1528 "" "" 0.002803246526386557 0.0051044347 0.0042795963 0.0093840305 322.10957777819 48.98219547606 1940.92688 -1.8539999999999996 -3.267
321.5020110563 48.79434507082 0.0382 0.0383 20.9476 "" "" 2170768388013713280 1869.73853 0.5211 0.047 -1.462 1.193 0.056 0.051 0.998 5186.6 4.5864 16.673311 1.346036 17.271929 15.925893 "" "" 1703.60266 2085.0874 4032.94154 1.9471 1685.2 7.7615 3379.1 10.994 "" "" 0.0028047400851229135 0.005726311 0.00517321 0.010899521 321.5020110563 48.79434507082 1869.73853 -1.4620000000000002 1.1930000000000005
321.998885796 49.17653003831 0.0361 0.0367 10.9237 "" "" 2170803606746760704 2390.20093 0.4013 0.044 -4.126 -5.194 0.05 0.048 0.968 6564.3 4.3915 16.674253 1.420057 17.315971 15.895914 "" "" 2177.92554 2653.17505 4029.44476 2.0255 1618.2 8.086 3473.7 8.984 "" "" 0.002808853258466244 0.006100755 0.004708371 0.010809126 321.998885796 49.17653003831 2390.20093 -4.1259999999999994 -5.194
322.07173602057 49.34475934604 0.0392 0.0371 19.2914 "" "" 2170899367332328832 2293.88281 0.4318 0.0446 -3.03 -3.344 0.048 0.048 0.967 7382.5 4.1818 16.674383 1.272163 17.230032 15.957869 "" "" 2141.46753 2501.66772 4028.96482 2.0552 1751.5 9.7157 3281.0 6.7623 "" "" 0.0028104321757454176 0.0066375798 0.0043921834 0.011029763 322.07173602057 49.34475934604 2293.88281 -3.0299999999999994 -3.344
322.25558989494 49.15818154783 0.0386 0.0408 20.3877 "" "" 2170881775146188928 1859.82007 0.5279 0.0465 -4.794 -5.542 0.051 0.046 0.956 6688.8 4.3536 16.675957 1.40758 17.31197 15.904389 "" "" 1736.25073 2015.70105 4023.12937 2.0142 1624.2 7.8603 3446.7 8.9772 "" "" 0.0028084279955743973 0.0059492746 0.0047202394 0.010669515 322.25558989494 49.15818154783 1859.82007 -4.793999999999999 -5.541999999999999
321.94473999965 49.33130080132 0.0772 0.0639 15.6853 "" "" 2170852500656840960 1896.73047 0.5052 0.0816 -5.498 -6.078 0.097 0.082 2.308 6028.6 4.4878 16.677622 1.366775 17.201258 15.834483 "" "" 1658.4502 2236.02856 4016.96172 3.724 1798.5 8.1036 3675.9 8.7282 "" "" 0.0029334172367791733 0.0056318124 0.004574919 0.010206731 321.94473999965 49.33130080132 1896.73047 -5.498 -6.078
322.16795940481 49.18037630579 0.0376 0.0397 17.2896 "" "" 2170893732335126144 2462.6731 0.3878 0.0453 -0.467 -0.062 0.051 0.046 0.987 5637.0 4.5517 16.6784 1.253427 17.228382 15.974955 "" "" 2178.32471 2731.32397 4014.08477 2.1493 1754.1 4.7132 3229.8 8.5688 "" "" 0.0028159816743968174 0.004036815 0.004751951 0.008788766 322.16795940481 49.18037630579 2462.6731 -0.4670000000000001 -0.06200000000000004
321.5896688657 49.4473704156 0.0379 0.0389 21.3551 "" "" 2170868885939925248 2030.42126 0.4713 0.0467 -5.195 -4.023 0.049 0.05 1.055 5333.6 4.3165 16.68011 1.617825 17.433828 15.816003 "" "" 1817.46216 2267.36792 4007.7658 1.9477 1451.7 9.0422 3739.0 9.4941 "" "" 0.002805387940587856 0.0073157 0.0046780636 0.011993764 321.5896688657 49.4473704156 2030.42126 -5.195 -4.023
321.40707988447 48.8519070041 0.0386 0.0413 20.1587 "" "" 2170816663448492928 2502.91968 0.3829 0.0461 -3.642 -6.002 0.058 0.053 1.021 7205.7 4.3408 16.682566 1.442485 17.33209 15.889606 "" "" 2234.24927 2772.1416 3998.71677 2.0596 1594.3 10.088 3493.9 9.1765 "" "" 0.0028114981694463 0.0074150194 0.0047344943 0.012149514 321.40707988447 48.8519070041 2502.91968 -3.6419999999999995 -6.002000000000001
321.70123159887 48.88982312078 0.039 0.0358 13.0545 "" "" 2170792744755755008 1918.49329 0.511 0.0461 -5.138 -6.48 0.06 0.048 1.019 5249.9 4.6129 16.682638 1.231783 17.217255 15.985472 "" "" 1737.84875 2128.7832 3998.4515 1.9158 1772.2 7.6727 3198.7 9.1013 "" "" 0.0028039994222437293 0.0054663834 0.004881316 0.0103477 321.70123159887 48.88982312078 1918.49329 -5.138000000000001 -6.480000000000001
321.84404920987 48.85450180587 0.0444 0.043 15.5936 "" "" 2170790103369204096 1808.72876 0.5392 0.0511 3.104 1.819 0.061 0.054 1.154 5425.0 4.585 16.684002 1.318068 17.236681 15.918613 "" "" 1654.35071 1961.72095 3993.42854 2.5387 1740.8 6.7384 3401.8 5.7724 "" "" 0.0028404573470141034 0.0050446056 0.0042045186 0.009249125 321.84404920987 48.85450180587 1808.72876 3.104 1.819
322.127907853 49.10911953606 0.0364 0.0372 15.1393 "" "" 2170799651064359424 2254.3208 0.4273 0.0435 -2.664 -4.053 0.05 0.046 0.947 6356.4 4.4747 16.686167 1.286058 17.248987 15.962929 "" "" 2072.92065 2468.90381 3985.47721 1.9508 1721.2 12.424 3265.8 6.9832 "" "" 0.0028061042484132975 0.008318949 0.004435493 0.012754442 322.127907853 49.10911953606 2254.3208 -2.664 -4.053
322.10987797926 49.05829189594 0.036 0.0369 14.7147 "" "" 2170798929509584640 2262.37036 0.4234 0.0418 0.334 -1.042 0.051 0.044 0.942 5006.0 4.3091 16.686543 1.429727 17.336384 15.906657 "" "" 2048.67041 2512.84448 3984.09204 1.9925 1588.0 6.4949 3439.5 8.5343 "" "" 0.002808314343038964 0.005244463 0.0046412647 0.009885728 322.10987797926 49.05829189594 2262.37036 0.33399999999999996 -1.0420000000000003
321.845578249 48.95526043749 0.0372 0.0355 9.8955 "" "" 2170791718277104256 1841.41968 0.5224 0.0445 -10.789 -4.733 0.059 0.045 1.004 5615.0 4.4214 16.688406 1.577118 17.426104 15.848986 "" "" 1663.46997 2005.44824 3977.26127 1.987 1462.1 5.3086 3627.1 6.6103 "" "" 0.0028082044146409426 0.0048296144 0.004266039 0.009095654 321.845578249 48.95526043749 1841.41968 -10.789000000000001 -4.7330000000000005
321.42952561187 49.24560866778 0.0382 0.0416 14.8721 "" "" 2170859200805109632 1939.47009 0.4986 0.0474 -3.225 -2.621 0.051 0.052 1.075 5284.1 4.3357 16.68962 1.497511 17.374763 15.877253 "" "" 1776.16956 2140.15234 3972.82159 1.9662 1532.9 6.7411 3533.9 6.632 "" "" 0.0028072279356581914 0.005530127 0.004293653 0.0098237805 321.42952561187 49.24560866778 1939.47009 -3.2250000000000005 -2.621
321.58080755757 48.90835623567 0.0393 0.039 13.4429 "" "" 2170793367544180352 1847.20532 0.5341 0.047 -5.771 -6.298 0.054 0.049 1.019 4974.5 4.2989 16.690882 1.572666 17.42702 15.854353 "" "" 1697.88843 1996.77454 3968.20405 2.1782 1460.9 6.2069 3609.3 7.5257 "" "" 0.002819038064320659 0.0053911353 0.004405537 0.0097966725 321.58080755757 48.90835623567 1847.20532 -5.771 -6.298
321.49243311961 49.00329627731 0.0402 0.0426 11.5951 "" "" 2170841746057949056 2075.21509 0.449 0.0492 -1.363 -3.067 0.059 0.056 1.084 7975.9 4.3123 16.695288 1.883787 17.625624 15.741837 "" "" 1906.11414 2281.24512 3952.13397 2.1524 1216.7 7.221 4003.4 9.942 "" "" 0.0028180556423584883 0.0070218844 0.0046426062 0.011664491 321.49243311961 49.00329627731 2075.21509 -1.363 -3.067
321.55825758921 49.29957125479 0.0362 0.0392 13.6922 "" "" 2170861021871465088 2516.23804 0.3827 0.0436 -2.59 -3.99 0.048 0.048 1.03 5726.0 4.4927 16.696585 1.354857 17.306751 15.951894 "" "" 2266.05347 2805.8811 3947.41637 1.9698 1632.0 8.9483 3299.1 9.1495 "" "" 0.0028080828340758704 0.0065745492 0.0048322347 0.011406784 321.55825758921 49.29957125479 2516.23804 -2.59 -3.99
321.62169129207 49.04376680182 0.0385 0.0373 6.03 "" "" 2170841574259429248 2302.39551 0.4226 0.0437 -3.785 -4.442 0.056 0.048 0.992 7103.7 4.3362 16.69853 1.681245 17.50168 15.820436 "" "" 2082.23462 2579.60352 3940.3465 2.5402 1363.8 5.8558 3723.8 9.2632 "" "" 0.002842832851243385 0.0054330514 0.0046452414 0.010078292 321.62169129207 49.04376680182 2302.39551 -3.785 -4.441999999999999
321.36245133963 49.26553718579 0.0354 0.0372 17.7232 "" "" 2170860158565845376 2238.53711 0.4258 0.0437 -4.25 -4.276 0.048 0.049 0.986 6781.4 4.3347 16.698832 1.622929 17.460924 15.837996 "" "" 2056.25 2451.34839 3939.2546 1.9808 1415.9 7.3835 3664.0 9.9817 "" "" 0.002808887337051067 0.006311969 0.004799218 0.011111187 321.36245133963 49.26553718579 2238.53711 -4.25 -4.276
321.62818449452 49.11495968732 0.0358 0.0358 4.5245 "" "" 2170843979441331072 1806.23792 0.5286 0.0438 -2.318 -3.974 0.054 0.045 1.056 6747.9 4.3459 16.70082 1.532289 17.40654 15.874251 "" "" 1668.18323 1974.44849 3932.04308 1.899 1488.7 6.672 3543.7 9.407 "" "" 0.0028047717701948564 0.0056092 0.004752956 0.010362156 321.62818449452 49.11495968732 1806.23792 -2.3179999999999996 -3.974
321.70296468284 49.36568530774 0.0376 0.0371 15.6755 "" "" 2170855730472001536 1915.84351 0.5085 0.0449 -11.703 -10.347 0.049 0.045 1.003 5258.1 4.3264 16.700935 1.607108 17.448624 15.841516 "" "" 1779.14319 2069.27808 3931.63147 1.8584 1432.1 7.2898 3652.2 9.2231 "" "" 0.0028027073645986935 0.006191087 0.0046692155 0.0108603025 321.70296468284 49.36568530774 1915.84351 -11.702999999999998 -10.347
322.19869981996 49.11548251669 0.0399 0.0439 17.9269 "" "" 2170881603347500672 2073.40796 0.4615 0.0485 -4.158 -4.883 0.056 0.051 0.967 4859.0 4.1579 16.70096 1.719154 17.535763 15.816608 "" "" 1897.35315 2326.5105 3931.53664 2.0515 1321.6 8.4413 3736.9 8.0018 "" "" 0.00281296308875474 0.007475054 0.004437206 0.01191226 322.19869981996 49.11548251669 2073.40796 -4.158 -4.883
322.1607677068 49.07211063509 0.0377 0.0386 16.5578 "" "" 2170787625155740288 2150.7627 0.4474 0.044 -2.029 -4.366 0.053 0.046 1.04 "" "" 16.703222 1.257182 17.215431 15.958249 "" "" 1923.61145 2438.70972 3923.35876 1.9322 1775.2 11.056 3279.9 14.295 "" "" 0.0028067248259517987 0.0073150303 0.006056061 0.013371091 322.1607677068 49.07211063509 2150.7627 -2.0290000000000004 -4.366
322.01558481493 48.81254926996 0.0387 0.0409 20.6184 "" "" 2170777489031466880 1950.91113 0.5102 0.0449 -2.818 -1.261 0.052 0.05 1.006 5581.1 4.6265 16.704062 1.336002 17.302393 15.966391 "" "" 1749.83044 2127.75537 3920.32576 2.1139 1638.6 8.1302 3255.4 9.5737 "" "" 0.0028168308447560153 0.006066759 0.0049476274 0.011014387 322.01558481493 48.81254926996 1950.91113 -2.8180000000000005 -1.2610000000000001
321.9125533688 49.38128290784 0.0417 0.0367 17.8258 "" "" 2170853703247663616 1870.44995 0.525 0.0474 -0.706 -3.472 0.051 0.049 1.002 5562.8 4.6415 16.705872 1.316018 17.292313 15.976294 "" "" 1712.5697 2083.46411 3913.79325 1.9745 1653.8 8.0298 3225.8 8.1954 "" "" 0.002809238520086234 0.0059645013 0.0046789413 0.010643443 321.9125533688 49.38128290784 1870.44995 -0.706 -3.4719999999999995
