Clusters/UBC_156/UBC_156_stars_in_region.tsv
# %ECSV 1.0
# ---
# datatype:
# - name: RA_ICRS_1
#   unit: deg
#   datatype: float64
#   format: '{:15.11f}'
#   description: Right ascension (ICRS) at Ep=2016.0 (ra)
#   meta: !!omap
#   - {ucd: POS_EQ_RA_MAIN}
#   - {width: 15}
#   - {precision: '11'}
# - name: DE_ICRS_1
#   unit: deg
#   datatype: float64
#   format: '{:15.11f}'
#   description: Declination (ICRS) at Ep=2016.0 (dec)
#   meta: !!omap
#   - {ucd: POS_EQ_DEC_MAIN}
#   - {width: 15}
#   - {precision: '11'}
# - name: e_RA_ICRS
#   unit: mas
#   datatype: float64
#   format: '{:7.4f}'
#   description: Standard error of right ascension (ra_error)
#   meta: !!omap
#   - {ucd: ERROR}
#   - {width: 7}
#   - {precision: '4'}
# - name: e_DE_ICRS
#   unit: mas
#   datatype: float64
#   format: '{:7.4f}'
#   description: Standard error of declination (dec_error)
#   meta: !!omap
#   - {ucd: ERROR}
#   - {width: 7}
#   - {precision: '4'}
# - name: _r_1
#   unit: ''
#   datatype: float64
#   format: '{:7.4f}'
#   description: Distance from center (321.74250957000+49.10570541000)[ICRS], at Epoch=J2016.0
#   meta: !!omap
#   - {ucd: POS_ANG_DIST_GENERAL}
#   - {width: 7}
#   - {precision: '4'}
# - name: HIP
#   datatype: int32
#   description: '? HIP cross-id number, van Leeuwen, Cat. I/311 (hip_original_ext_source_id)'
#   meta: !!omap
#   - {ucd: ID_NUMBER}
#   - {width: 6}
#   - values: {'null': -2147483648}
# - name: TYC2
#   datatype: string
#   description: Tycho-2 cross-id name, Hog et al., Cat. I/259 (tyc2_original_ext_source_id)
#   meta: !!omap
#   - {ucd: ID_CROSSID}
#   - {_votable_string_dtype: char}
# - name: Source
#   datatype: int64
#   description: Source identifier, identical to the Gaia-EDR3 source_id (id)
#   meta: !!omap
#   - {ucd: ID_MAIN}
#   - {width: 19}
# - name: rgeo
#   unit: pc
#   datatype: float64
#   format: '{:15.8f}'
#   description: '? Median of the geometric distance posterior (r_med_geo)'
#   meta: !!omap
#   - {ucd: PHYS_DISTANCE_TRUE}
#   - {width: 15}
#   - {precision: '8'}
#   - values: {'null': .nan}
# - name: Plx
#   unit: mas
#   datatype: float64
#   format: '{:9.4f}'
#   description: '? Parallax (parallax)'
#   meta: !!omap
#   - {ucd: POS_PARLX_TRIG}
#   - {width: 9}
#   - {precision: '4'}
#   - values: {'null': .nan}
# - name: e_Plx
#   unit: mas
#   datatype: float32
#   format: '{:7.4f}'
#   description: '? Standard error of parallax (parallax_error)'
#   meta: !!omap
#   - {ucd: ERROR}
#   - {width: 7}
#   - {precision: '4'}
#   - values: {'null': .nan}
# - name: pmRA
#   unit: mas / yr
#   datatype: float64
#   format: '{:9.3f}'
#   description: '? Proper motion in right ascension direction, pmRA*cosDE (pmra)'
#   meta: !!omap
#   - {ucd: POS_EQ_PMRA}
#   - {width: 9}
#   - {precision: '3'}
#   - values: {'null': .nan}
# - name: pmDE
#   unit: mas / yr
#   datatype: float64
#   format: '{:9.3f}'
#   description: '? Proper motion in declination direction (pmdec)'
#   meta: !!omap
#   - {ucd: POS_EQ_PMDEC}
#   - {width: 9}
#   - {precision: '3'}
#   - values: {'null': .nan}
# - name: e_pmRA
#   unit: mas / yr
#   datatype: float32
#   format: '{:6.3f}'
#   description: '? Standard error of proper motion in right ascension direction (pmra_error)'
#   meta: !!omap
#   - {ucd: ERROR}
#   - {width: 6}
#   - {precision: '3'}
#   - values: {'null': .nan}
# - name: e_pmDE
[...]
#         unit: &id001 !astropy.units.Unit {unit: deg}
#         value: !astropy.table.SerializedColumn {name: SkyCoord.dec}
#       distance: !astropy.table.SerializedColumn
#         __class__: astropy.coordinates.distances.Distance
#         unit: !astropy.units.Unit {unit: pc}
#         value: !astropy.table.SerializedColumn {name: SkyCoord.distance}
#       frame: icrs
#       obstime: !astropy.time.Time {format: jyear_str, in_subfmt: '*', jd1: 367701545.0, jd2: 0.0, out_subfmt: '*', precision: 3, scale: tt}
#       pm_dec: !astropy.table.SerializedColumn
#         __class__: astropy.units.quantity.Quantity
#         unit: !astropy.units.Unit {unit: mas / yr}
#         value: !astropy.table.SerializedColumn {name: SkyCoord.pm_dec}
#       pm_ra_cosdec: !astropy.table.SerializedColumn
#         __class__: astropy.units.quantity.Quantity
#         unit: !astropy.units.Unit {unit: mas / yr}
#         value: !astropy.table.SerializedColumn {name: SkyCoord.pm_ra_cosdec}
#       ra: !astropy.table.SerializedColumn
#         __class__: astropy.coordinates.angles.Longitude
#         unit: *id001
#         value: !astropy.table.SerializedColumn {name: SkyCoord.ra}
#         wrap_angle: !astropy.coordinates.Angle
#           unit: *id001
#           value: 360.0
#       representation_type: spherical
# schema: astropy-2.0
RA_ICRS_1 DE_ICRS_1 e_RA_ICRS e_DE_ICRS _r_1 HIP TYC2 Source rgeo Plx e_Plx pmRA pmDE e_pmRA e_pmDE RUWE Teff logg Gmag BP-RP BPmag RPmag RV e_RV b_rgeo B_rgeo FG e_FG FBP e_FBP FRP e_FRP RAVE5 RAVE6 e_Gmag e_BPmag e_RPmag e_BP-RP SkyCoord.ra SkyCoord.dec SkyCoord.distance SkyCoord.pm_ra_cosdec SkyCoord.pm_dec
[from data line 891]
321.53760232366 49.37963399141 0.0302 0.0306 18.2909 "" "" 2170862258822009984 1928.16357 0.4916 0.0365 -5.199 -4.252 0.04 0.038 1.006 4992.5 4.1736 16.250223 1.619618 17.01241 15.392791 "" "" 1795.03088 2069.77026 5954.66234 2.4948 2140.2 7.4457 5521.3 9.9889 "" "" 0.002792617232638537 0.0046960246 0.0042593516 0.008955376 321.53760232366 49.37963399141 1928.16357 -5.199 -4.252000000000001
321.96589159966 48.92188016059 0.0306 0.0312 14.1041 "" "" 2170784846329466112 2477.55151 0.3783 0.0368 -4.02 -4.046 0.044 0.039 1.049 7125.7 4.2943 16.250282 1.193853 16.759575 15.565722 "" "" 2266.01172 2699.93384 5954.34435 2.4174 2701.4 7.3152 4708.4 7.0692 "" "" 0.002790356891211035 0.004053297 0.0041159494 0.008169247 321.96589159966 48.92188016059 2477.55151 -4.02 -4.046000000000001
321.96664492341 48.8834868807 0.031 0.0297 15.9884 "" "" 2170778695936315008 2143.25171 0.4517 0.0368 -2.824 -4.271 0.044 0.037 0.944 7114.8 4.3473 16.252016 1.199586 16.769085 15.569499 "" "" 2005.00024 2313.68433 5944.83769 2.4542 2677.8 7.417 4692.0 7.5675 "" "" 0.002791539606349693 0.0041022925 0.0041653556 0.0082676485 321.96664492341 48.8834868807 2143.25171 -2.824 -4.271000000000001
321.79945835398 48.75965502954 0.0297 0.03 20.884 "" "" 2170776531272579584 1783.80212 0.5374 0.0351 0.326 -2.122 0.041 0.035 0.938 6314.1 4.4204 16.254345 1.282004 16.815641 15.533637 "" "" 1690.67151 1909.38953 5932.10605 2.2605 2565.4 10.439 4849.6 12.311 "" "" 0.00278620964759658 0.0052253217 0.004677649 0.009902971 321.79945835398 48.75965502954 1783.80212 0.32599999999999996 -2.122
321.74126418306 49.3929378171 0.0313 0.0298 17.234 "" "" 2170857341067713536 1960.93738 0.4935 0.0359 -0.429 -6.927 0.04 0.037 1.014 7483.8 4.2418 16.254984 1.684154 17.052118 15.367965 "" "" 1828.55896 2099.98853 5928.61299 2.4648 2063.3 6.5807 5649.0 7.4001 "" "" 0.0027920500033596267 0.0044470658 0.00403815 0.008485216 321.74126418306 49.3929378171 1960.93738 -0.4290000000000007 -6.926999999999999
322.04358677166 48.85872190514 0.0324 0.0322 18.9779 "" "" 2170783506299710848 1949.57727 0.5017 0.039 -5.153 -4.036 0.044 0.039 1.008 6695.2 4.3431 16.25613 1.349732 16.844656 15.494924 "" "" 1805.56775 2076.13574 5922.3595 2.684 2497.8 10.721 5025.6 8.811 "" "" 0.00279891152948484 0.005431597 0.004231688 0.009663286 322.04358677166 48.85872190514 1949.57727 -5.153 -4.035999999999999
322.13925455146 48.88248608207 0.0309 0.031 20.575 "" "" 2170780959365421952 2151.02173 0.4473 0.0359 -4.457 -4.652 0.042 0.036 1.017 6604.3 4.3559 16.256443 1.300779 16.81591 15.515131 "" "" 2016.69421 2334.63916 5920.65409 2.4856 2564.8 10.153 4932.9 7.1281 "" "" 0.0027927681714556324 0.0051242313 0.0040920875 0.009216319 322.13925455146 48.88248608207 2151.02173 -4.457 -4.652
322.24941228266 49.04952921173 0.0312 0.0319 20.2054 "" "" 2170786598676539264 2089.12134 0.4578 0.0374 -3.02 -3.332 0.047 0.039 1.046 6768.3 4.357 16.259108 1.206432 16.77897 15.572538 "" "" 1948.09485 2263.32056 5906.14414 2.3326 2653.6 7.5619 4678.9 9.6875 "" "" 0.0027884877135650184 0.004166276 0.004397401 0.008563677 322.24941228266 49.04952921173 2089.12134 -3.02 -3.332
321.89572103518 49.38790687483 0.0329 0.0298 17.9641 "" "" 2170856555105942656 2484.04883 0.3665 0.0375 -4.259 -4.834 0.041 0.041 1.027 7111.4 3.3939 16.259981 2.611552 17.704433 15.092881 "" "" 2274.3418 2726.90186 5901.39074 3.4914 1131.5 7.2677 7277.9 11.765 "" "" 0.002829204619901403 0.007511213 0.00416704 0.011678252 321.89572103518 49.38790687483 2484.04883 -4.259 -4.834
321.66299149047 48.90871096832 0.0337 0.0324 12.227 "" "" 2170793023946911488 2260.00122 0.4228 0.0399 0.485 0.536 0.047 0.044 1.071 6305.3 4.1643 16.261446 1.778417 17.107782 15.329366 "" "" 2076.95654 2489.84399 5893.43623 2.4455 1960.2 10.31 5853.4 23.986 "" "" 0.0027919108764746696 0.0063557955 0.0058376687 0.012193464 321.66299149047 48.90871096832 2260.00122 0.48500000000000004 0.5360000000000003
321.92493046831 48.89857603229 0.0331 0.0311 14.353 "" "" 2170790687484990208 2155.98267 0.4492 0.0378 -5.711 -3.372 0.045 0.039 0.991 5394.4 4.2837 16.265196 1.246075 16.803421 15.557346 "" "" 1966.24414 2313.16553 5873.111 2.4658 2594.5 8.8136 4744.8 8.1708 "" "" 0.002792772985517321 0.0046247663 0.004216573 0.0088413395 321.92493046831 48.89857603229 2155.98267 -5.711000000000001 -3.3720000000000003
322.00435161074 49.22895675892 0.0295 0.029 12.6573 "" "" 2170804843697555200 1882.48828 0.5033 0.0355 -2.875 -2.953 0.039 0.036 1.004 6457.4 4.3447 16.268688 1.443835 16.92472 15.480885 "" "" 1786.80127 2005.3302 5854.25375 2.2071 2320.2 9.7469 5091.0 9.0831 "" "" 0.002785559434952857 0.0053468007 0.0042468975 0.009593698 322.00435161074 49.22895675892 1882.48828 -2.875 -2.9530000000000003
321.47275203183 49.3358908154 0.4217 0.461 17.3926 "" "" 2170861915225852928 1745.80322 0.9787 0.5211 -6.752 -9.819 0.565 0.589 11.153 "" "" 16.27335 1.562672 16.736937 15.174265 "" "" 1097.13367 2902.51855 5829.16808 10.357 2758.3 6.6317 6752.3 8.988 "" "" 0.0033635047309537648 0.003820897 0.0040462827 0.00786718 321.47275203183 49.3358908154 1745.80322 -6.751999999999998 -9.818999999999999
321.54544741009 48.90262212429 0.03 0.0302 14.4442 "" "" 2170770170407741056 2102.10938 0.463 0.0355 -0.267 -1.576 0.041 0.038 0.982 6912.4 4.3259 16.273476 1.342828 16.823227 15.480399 "" "" 1921.00659 2285.51904 5828.4941 2.6395 2547.6 21.873 5093.3 35.475 "" "" 0.002798847344119586 0.009730449 0.008454017 0.018184466 321.54544741009 48.90262212429 2102.10938 -0.2669999999999999 -1.576
321.84721469536 48.8271428326 0.0317 0.0319 17.2151 "" "" 2170778249259479040 2292.33984 0.4119 0.0368 -7.702 -4.168 0.045 0.041 1.011 5701.7 4.2485 16.275015 1.235027 16.80965 15.574623 "" "" 2126.65869 2456.15503 5820.24201 2.3998 2579.6 7.3763 4669.9 13.915 "" "" 0.0027914509044799874 0.004174183 0.004974956 0.00914914 321.84721469536 48.8271428326 2292.33984 -7.702000000000001 -4.168000000000001
321.80524948584 49.18745670749 0.0278 0.0274 5.4885 "" "" 2170849820597106304 2154.65039 0.4471 0.0324 0.109 -5.011 0.039 0.034 0.941 5742.6 4.3985 16.275518 1.175105 16.775042 15.599937 "" "" 2014.05408 2323.53247 5817.54348 2.1274 2663.2 6.0384 4562.3 8.6163 "" "" 0.0027837797715743896 0.0037209166 0.004299803 0.0080207195 321.80524948584 49.18745670749 2154.65039 0.10899999999999976 -5.010999999999999
321.76911081057 48.91626716179 0.0307 0.0288 11.4144 "" "" 2170791370366385920 2196.2019 0.4349 0.0365 -4.4 -3.594 0.046 0.036 0.988 6632.9 4.3653 16.27565 1.228875 16.810654 15.581779 "" "" 2041.25928 2378.45679 5816.83845 2.3522 2577.2 7.4123 4639.2 9.9988 "" "" 0.0027900810265745423 0.004187631 0.004445184 0.0086328145 321.76911081057 48.91626716179 2196.2019 -4.4 -3.5939999999999994
321.8260722882 48.75947823653 0.0301 0.0314 21.0331 "" "" 2170776359473894016 2144.39648 0.4433 0.0358 -0.783 -4.803 0.04 0.036 1.033 6733.5 4.3629 16.277319 1.178652 16.780884 15.602232 "" "" 1980.87134 2312.13184 5807.9049 2.3324 2648.9 8.3234 4552.7 8.2732 "" "" 0.00278960644152672 0.004407282 0.004263389 0.008670671 321.8260722882 48.75947823653 2144.39648 -0.7830000000000004 -4.803
322.15171504725 48.90394426329 0.0318 0.0322 20.1483 "" "" 2170781169837747200 1762.35107 0.5432 0.0386 -7.102 -6.594 0.046 0.038 1.01 5716.4 4.4338 16.280315 1.270445 16.83066 15.560215 "" "" 1657.48364 1866.29578 5791.89065 2.4749 2530.2 7.9349 4732.3 8.4482 "" "" 0.00279410621245715 0.0044021294 0.004247429 0.008649558 322.15171504725 48.90394426329 1762.35107 -7.102000000000001 -6.594000000000001
322.21480676034 49.12299435367 0.0306 0.0328 18.5775 "" "" 2170881637707239168 2172.87109 0.4349 0.0368 -1.131 -1.17 0.041 0.037 1.02 7134.9 4.3429 16.283003 1.343305 16.879168 15.535863 "" "" 2006.85901 2318.71118 5777.57892 2.4527 2419.6 8.7879 4839.6 8.2508 "" "" 0.002793605907422185 0.0048306407 0.004208325 0.009038966 322.21480676034 49.12299435367 2172.87109 -1.1309999999999998 -1.17
321.82369773714 48.99496536944 0.0316 0.0294 7.3716 "" "" 2170794982452228608 1746.94043 0.5493 0.0379 -3.372 -4.294 0.047 0.038 1.08 6738.4 4.3568 16.283543 1.434406 16.934086 15.49968 "" "" 1641.43848 1859.41553 5774.70071 2.2075 2300.3 6.5273 5003.6 8.2169 "" "" 0.002786404858833718 0.0041565383 0.0041788504 0.008335389 321.82369773714 48.99496536944 1746.94043 -3.3720000000000003 -4.2940000000000005
321.20678886377 49.04656874606 0.0342 0.0335 21.3524 "" "" 2170832842571343744 1779.16895 0.537 0.0415 0.544 0.457 0.049 0.044 1.021 6837.2 3.7973 16.2842 2.107145 17.341759 15.234613 "" "" 1648.34705 1932.59875 5771.20583 2.9703 1580.2 10.402 6387.2 19.295 "" "" 0.0028114140930976337 0.0076724123 0.005004135 0.012676547 321.20678886377 49.04656874606 1779.16895 0.544 0.4570000000000001
321.41014940045 49.20055683548 0.0304 0.032 14.2302 "" "" 2170858994646692224 2216.38794 0.4222 0.037 -3.797 -6.876 0.043 0.041 1.002 6767.4 4.2416 16.286411 1.419059 16.924068 15.50501 "" "" 2051.41553 2446.82153 5759.46635 2.4777 2321.6 7.9247 4979.1 8.8047 "" "" 0.00279462925053079 0.004639007 0.004239092 0.008878099 321.41014940045 49.20055683548 2216.38794 -3.7970000000000006 -6.8759999999999994
321.79286258236 49.14905423097 0.0409 0.0389 3.267 "" "" 2170849476999494656 1762.05835 0.5547 0.0474 0.761 -0.594 0.055 0.047 1.561 6306.8 4.1439 16.286612 1.435043 16.917013 15.48197 "" "" 1609.04382 1910.47205 5758.40169 4.7727 2336.7 5.9128 5085.9 8.7574 "" "" 0.002898547982552074 0.0039157374 0.004216498 0.008132236 321.79286258236 49.14905423097 1762.05835 0.7609999999999999 -0.5939999999999999
321.97195281185 48.87131504411 0.0338 0.0333 16.7149 "" "" 2170778592857105152 2451.07446 0.3907 0.0396 -3.541 -3.195 0.047 0.04 1.088 6836.5 4.3546 16.290321 1.216808 16.817818 15.601009 "" "" 2260.96631 2750.29321 5738.76243 2.3491 2560.3 7.1637 4557.8 7.3592 "" "" 0.002790933764011461 0.0041247755 0.004166172 0.008290947 321.97195281185 48.87131504411 2451.07446 -3.5410000000000004 -3.1950000000000007
321.61566662308 48.82432124253 0.0312 0.031 17.6069 "" "" 2170768731611361664 2385.03027 0.3942 0.0379 -1.696 -3.218 0.046 0.041 0.999 6873.7 4.3441 16.292673 1.159858 16.787952 15.628095 "" "" 2203.71777 2591.83325 5726.3437 2.1637 2631.7 8.6688 4445.5 8.1551 "" "" 0.0027856939656670347 0.0045360485 0.0042720907 0.00880814 321.61566662308 48.82432124253 2385.03027 -1.696 -3.218
321.98992700825 49.01825184272 0.0972 0.0961 11.0521 "" "" 2170797490713395456 1700.63684 0.639 0.1159 0.173 -1.54 0.143 0.132 3.161 "" "" 16.294724 1.410734 16.882578 15.471844 "" "" 1393.84656 2067.05835 5715.54155 9.4551 2412.0 7.3859 5133.6 8.6846 "" "" 0.003289042770190818 0.0043403427 0.004202072 0.008542415 321.98992700825 49.01825184272 1700.63684 0.17299999999999988 -1.5399999999999996
321.5924340309 49.33184594686 0.0305 0.0304 14.7883 "" "" 2170867034825672704 1983.13147 0.495 0.0364 -4.977 -4.018 0.041 0.038 1.09 7156.9 4.3492 16.298058 1.307211 16.871428 15.564217 "" "" 1840.6947 2133.65991 5698.01413 2.4202 2436.9 8.4049 4714.9 7.5949 "" "" 0.0027936460672248263 0.0046698996 0.004164433 0.008834332 321.5924340309 49.33184594686 1983.13147 -4.977 -4.018
321.5144728701 49.23234271749 0.0284 0.0314 11.7372 "" "" 2170848652365674240 2046.80713 0.4705 0.0356 -0.163 0.538 0.038 0.039 1.004 5203.5 4.1906 16.301548 1.345049 16.901007 15.555958 "" "" 1911.1272 2207.22876 5679.72825 2.3632 2371.5 5.4533 4750.9 5.7665 "" "" 0.0027921079090455297 0.0037441144 0.004002551 0.0077466657 321.5144728701 49.23234271749 2046.80713 -0.163 0.538
322.19636736761 49.27945439662 0.0322 0.0332 20.6249 "" "" 2170895381602899456 2126.69897 0.444 0.0388 -3.037 -3.181 0.044 0.039 0.881 6451.2 4.335 16.30236 1.364531 16.914152 15.549622 "" "" 1992.00366 2329.72632 5675.47655 2.5379 2342.9 7.3974 4778.7 7.2425 "" "" 0.00279776831027008 0.004420035 0.00412207 0.008542106 322.19636736761 49.27945439662 2126.69897 -3.037 -3.181
321.57387865792 48.87797614396 0.0591 0.0596 15.1913 "" "" 2170769831122965120 2484.75464 0.3992 0.0719 -5.129 -5.486 0.083 0.076 1.985 6685.3 4.3559 16.304787 1.287505 16.842747 15.555242 "" "" 2126.98193 2903.12329 5662.81007 5.8986 2502.2 8.4902 4754.0 8.1127 "" "" 0.0029783929788834186 0.0046213567 0.0042091124 0.008830469 321.57387865792 48.87797614396 2484.75464 -5.129 -5.485999999999999
321.43629356039 49.39940895722 0.03 0.0313 21.3157 "" "" 2170865591716603136 2077.05005 0.4577 0.0372 -5.633 -4.239 0.041 0.04 0.947 5363.7 3.8108 16.305574 1.487699 16.991259 15.50356 "" "" 1944.1355 2245.01782 5658.70165 2.5887 2182.3 8.4549 4985.8 6.537 "" "" 0.002799731186678325 0.0050477204 0.0040385863 0.009086307 321.43629356039 49.39940895722 2077.05005 -5.632999999999999 -4.238999999999999
321.9445540979 49.03876359236 0.0322 0.0316 8.8996 "" "" 2170797937389978752 2081.04321 0.4711 0.0375 -0.855 -2.645 0.046 0.043 1.009 7132.8 4.3498 16.305971 1.268024 16.85695 15.588926 "" "" 1943.60559 2232.63257 5656.64096 2.4189 2469.7 12.942 4608.8 9.0567 "" "" 0.0027941633680355045 0.006336921 0.0043400275 0.010676948 321.9445540979 49.03876359236 2081.04321 -0.855 -2.645
321.697691184 48.85273721744 0.032 0.0303 15.2804 "" "" 2170789347454934784 2178.84814 0.4477 0.0377 -0.578 -1.936 0.046 0.038 1.001 6494.5 4.4097 16.308323 1.124582 16.78563 15.661047 "" "" 2004.17249 2384.71118 5644.39261 2.4141 2637.3 9.3602 4312.6 15.845 "" "" 0.0027941773560467118 0.0047575347 0.0054951636 0.010252698 321.697691184 48.85273721744 2178.84814 -0.5780000000000001 -1.936
321.71050513425 48.75046850926 0.0323 0.0307 21.3515 "" "" 2170787869986075264 2450.65845 0.3864 0.0377 -2.325 -6.31 0.046 0.039 1.035 5886.0 4.3177 16.308615 1.25825 16.846073 15.587823 "" "" 2222.3728 2714.09595 5642.8805 2.4456 2494.5 8.1123 4613.5 9.5669 "" "" 0.0027952119518302363 0.004500252 0.0043991837 0.008899435 321.71050513425 48.75046850926 2450.65845 -2.325000000000001 -6.309999999999999
322.12607179975 49.22698037325 0.0314 0.0333 16.7148 "" "" 2170894831846737920 2435.24512 0.3932 0.0377 -3.982 -5.063 0.042 0.04 1.03 7982.3 4.2821 16.309153 1.179161 16.80876 15.629599 "" "" 2224.42261 2690.38354 5640.08127 2.5735 2581.7 7.0408 4439.3 9.7721 "" "" 0.002799503277541832 0.0040684957 0.004471669 0.008540165 322.12607179975 49.22698037325 2435.24512 -3.982000000000001 -5.063000000000001
321.65942678927 48.86946818966 0.0327 0.0302 14.5468 "" "" 2170792401158248064 1821.25354 0.5355 0.0384 -3.939 -5.055 0.047 0.04 0.993 6303.6 4.4127 16.310905 1.297289 16.869507 15.572218 "" "" 1681.01025 1978.58044 5630.99102 2.6265 2441.3 10.408 4680.3 9.504 "" "" 0.0028014742067203847 0.0054047233 0.004375454 0.009780178 321.65942678927 48.86946818966 1821.25354 -3.9389999999999996 -5.055
322.12249323859 49.18394448896 0.0314 0.0322 15.6353 "" "" 2170800681858333440 2085.52905 0.4607 0.0371 -3.365 -4.3 0.042 0.039 1.017 7182.1 4.3596 16.311415 1.289988 16.871838 15.581849 "" "" 1921.37415 2270.52197 5628.34335 2.2986 2436.0 9.3917 4638.9 10.652 "" "" 0.0027907710981662803 0.0050306064 0.004527615 0.009558221 322.12249323859 49.18394448896 2085.52905 -3.3649999999999998 -4.3
322.26887505891 49.1998386333 0.0335 0.0353 21.4142 "" "" 2170893938493766656 1861.7345 0.5206 0.041 -4.866 -10.754 0.046 0.041 1.028 5328.4 3.8471 16.311642 1.487712 16.996689 15.508977 "" "" 1742.96887 2011.23499 5627.17293 2.3915 2171.4 7.6515 4961.0 8.5079 "" "" 0.0027936903339410755 0.004735228 0.004213162 0.00894839 322.26887505891 49.1998386333 1861.7345 -4.866 -10.754
