Clusters/UBC_156/UBC_156_members.tsv
# %ECSV 1.0
# ---
# datatype:
# - name: RA_ICRS_1
#   unit: deg
#   datatype: float64
#   format: '{:15.11f}'
#   description: Right ascension (ICRS) at Ep=2016.0 (ra)
#   meta: !!omap
#   - {ucd: POS_EQ_RA_MAIN}
#   - {width: 15}
#   - {precision: '11'}
# - name: DE_ICRS_1
#   unit: deg
#   datatype: float64
#   format: '{:15.11f}'
#   description: Declination (ICRS) at Ep=2016.0 (dec)
#   meta: !!omap
#   - {ucd: POS_EQ_DEC_MAIN}
#   - {width: 15}
#   - {precision: '11'}
# - name: e_RA_ICRS
#   unit: mas
#   datatype: float64
#   format: '{:7.4f}'
#   description: Standard error of right ascension (ra_error)
#   meta: !!omap
#   - {ucd: ERROR}
#   - {width: 7}
#   - {precision: '4'}
# - name: e_DE_ICRS
#   unit: mas
#   datatype: float64
#   format: '{:7.4f}'
#   description: Standard error of declination (dec_error)
#   meta: !!omap
#   - {ucd: ERROR}
#   - {width: 7}
#   - {precision: '4'}
# - name: _r_1
#   unit: ''
#   datatype: float64
#   format: '{:7.4f}'
#   description: Distance from center (321.74250957000+49.10570541000)[ICRS], at Epoch=J2016.0
#   meta: !!omap
#   - {ucd: POS_ANG_DIST_GENERAL}
#   - {width: 7}
#   - {precision: '4'}
# - name: HIP
#   datatype: int32
#   description: '? HIP cross-id number, van Leeuwen, Cat. I/311 (hip_original_ext_source_id)'
#   meta: !!omap
#   - {ucd: ID_NUMBER}
#   - {width: 6}
#   - values: {'null': -2147483648}
# - name: TYC2
#   datatype: string
#   description: Tycho-2 cross-id name, Hog et al., Cat. I/259 (tyc2_original_ext_source_id)
#   meta: !!omap
#   - {ucd: ID_CROSSID}
#   - {_votable_string_dtype: char}
# - name: Source
#   datatype: int64
#   description: Source identifier, identical to the Gaia-EDR3 source_id (id)
#   meta: !!omap
#   - {ucd: ID_MAIN}
#   - {width: 19}
# - name: rgeo
#   unit: pc
#   datatype: float64
#   format: '{:15.8f}'
#   description: '? Median of the geometric distance posterior (r_med_geo)'
#   meta: !!omap
#   - {ucd: PHYS_DISTANCE_TRUE}
#   - {width: 15}
#   - {precision: '8'}
#   - values: {'null': .nan}
# - name: Plx
#   unit: mas
#   datatype: float64
#   format: '{:9.4f}'
#   description: '? Parallax (parallax)'
#   meta: !!omap
#   - {ucd: POS_PARLX_TRIG}
#   - {width: 9}
#   - {precision: '4'}
#   - values: {'null': .nan}
# - name: e_Plx
#   unit: mas
#   datatype: float32
#   format: '{:7.4f}'
#   description: '? Standard error of parallax (parallax_error)'
#   meta: !!omap
#   - {ucd: ERROR}
#   - {width: 7}
#   - {precision: '4'}
#   - values: {'null': .nan}
# - name: pmRA
#   unit: mas / yr
#   datatype: float64
#   format: '{:9.3f}'
#   description: '? Proper motion in right ascension direction, pmRA*cosDE (pmra)'
#   meta: !!omap
#   - {ucd: POS_EQ_PMRA}
#   - {width: 9}
#   - {precision: '3'}
#   - values: {'null': .nan}
# - name: pmDE
#   unit: mas / yr
#   datatype: float64
#   format: '{:9.3f}'
#   description: '? Proper motion in declination direction (pmdec)'
#   meta: !!omap
#   - {ucd: POS_EQ_PMDEC}
#   - {width: 9}
#   - {precision: '3'}
#   - values: {'null': .nan}
# - name: e_pmRA
#   unit: mas / yr
#   datatype: float32
#   format: '{:6.3f}'
#   description: '? Standard error of proper motion in right ascension direction (pmra_error)'
#   meta: !!omap
#   - {ucd: ERROR}
#   - {width: 6}
#   - {precision: '3'}
#   - values: {'null': .nan}
# - name: e_pmDE
[...]
#       distance: !astropy.table.SerializedColumn
#         __class__: astropy.coordinates.distances.Distance
#         unit: !astropy.units.Unit {unit: pc}
#         value: !astropy.table.SerializedColumn {name: SkyCoord.distance}
#       frame: icrs
#       obstime: !astropy.time.Time {format: jyear_str, in_subfmt: '*', jd1: 367701545.0, jd2: 0.0, out_subfmt: '*', precision: 3, scale: tt}
#       pm_dec: !astropy.table.SerializedColumn
#         __class__: astropy.units.quantity.Quantity
#         unit: !astropy.units.Unit {unit: mas / yr}
#         value: !astropy.table.SerializedColumn {name: SkyCoord.pm_dec}
#       pm_ra_cosdec: !astropy.table.SerializedColumn
#         __class__: astropy.units.quantity.Quantity
#         unit: !astropy.units.Unit {unit: mas / yr}
#         value: !astropy.table.SerializedColumn {name: SkyCoord.pm_ra_cosdec}
#       ra: !astropy.table.SerializedColumn
#         __class__: astropy.coordinates.angles.Longitude
#         unit: *id001
#         value: !astropy.table.SerializedColumn {name: SkyCoord.ra}
#         wrap_angle: !astropy.coordinates.Angle
#           unit: *id001
#           value: 360.0
#       representation_type: spherical
# schema: astropy-2.0
RA_ICRS_1 DE_ICRS_1 e_RA_ICRS e_DE_ICRS _r_1 HIP TYC2 Source rgeo Plx e_Plx pmRA pmDE e_pmRA e_pmDE RUWE Teff logg Gmag BP-RP BPmag RPmag RV e_RV b_rgeo B_rgeo FG e_FG FBP e_FBP FRP e_FRP RAVE5 RAVE6 e_Gmag e_BPmag e_RPmag e_BP-RP SkyCoord.ra SkyCoord.dec SkyCoord.distance SkyCoord.pm_ra_cosdec SkyCoord.pm_dec rmRA rmDE e_rmRA e_rmDE rRV e_rRV v_pec v_pec3d e_vpec e_vpec3d Pmemb
[from data line 31]
321.62350429582 49.13110722023 0.0234 0.0233 4.9156 "" "" 2170844288678965888 2054.04663 0.4616 0.0283 -3.743 -4.414 0.035 0.031 0.935 7954.2 4.2801 15.838217 1.178518 16.343311 15.164793 "" "" 1945.86487 2154.40161 8702.82103 3.4144 3963.6 8.1688 6811.5 9.7071 "" "" 0.002788053002185082 0.00357661 0.0040838495 0.0076604597 321.62350429582 49.13110722023 2054.04663 -3.7430000000000003 -4.414 0.020000011444091914 0.007818256378174127 0.09482892 0.090828925 "" "" 0.20907314510244035 "" 0.019717363926814824 "" 0.97
321.72724660083 49.1099885632 0.0237 0.0236 0.6523 "" "" 2170843425371073152 2462.16357 0.38 0.0283 -3.773 -4.49 0.034 0.031 1.001 8184.6 4.2252 15.892851 1.220668 16.421297 15.200629 "" "" 2329.92017 2666.99634 8275.73035 2.5593 3688.9 6.6654 6590.3 7.6092 "" "" 0.002775703419588959 0.0034108195 0.003981863 0.0073926826 321.72724660083 49.1099885632 2462.16357 -3.7730000000000037 -4.489999999999996 -0.009999988555908335 -0.06818174362182639 0.093828924 0.090828925 "" "" 0.8042385623158546 "" 0.073099752417777 "" 0.87
321.80515939674 49.10529326182 0.0257 0.024 2.461 "" "" 2170802369795930240 2007.57178 0.4756 0.0303 -3.794 -4.382 0.036 0.03 1.026 7784.0 4.104 16.013573 1.32 16.597054 15.277054 "" "" 1885.20093 2122.36768 7404.87859 2.4876 3137.6 6.6728 6142.4 8.7667 "" "" 0.0027793572711203632 0.0036217119 0.00408473 0.007706442 321.80515939674 49.10529326182 2007.57178 -3.7939999999999996 -4.382 -0.030999988555908242 0.039818256378174155 0.09582892 0.08982892 "" "" 0.4801983383514219 "" 0.04424505456011894 "" 0.95
321.51344246517 49.29166017352 0.0268 0.0275 14.3227 "" "" 2170860815713029760 2123.20166 0.4494 0.033 -3.914 -4.781 0.036 0.035 1.017 8211.5 4.4136 16.028913 1.093594 16.48914 15.395546 "" "" 1932.09351 2268.14502 7300.97817 3.1305 3465.5 8.1479 5507.3 10.074 "" "" 0.0027943723570466547 0.0037817264 0.004269435 0.008051162 321.51344246517 49.29166017352 2123.20166 -3.913999999999997 -4.781000000000005 -0.15099998855590835 -0.35918174362182587 0.09582892 0.09482892 "" "" 3.92123963341874 "" 0.3724384878742478 "" 0.8
321.8597885232 49.11989827482 0.0256 0.0248 4.6841 "" "" 2170802335436435712 2210.87109 0.4278 0.0307 -3.768 -4.383 0.036 0.031 1.069 5899.5 4.1517 16.052553 1.251497 16.603945 15.352448 "" "" 2063.17896 2332.97266 7143.74139 2.4907 3117.7 8.1521 5730.3 8.1615 "" "" 0.0027812025006151387 0.0039805463 0.0040835063 0.008064052 321.8597885232 49.11989827482 2210.87109 -3.7680000000000016 -4.382999999999997 -0.004999988555907997 0.03881825637817382 0.09582892 0.090828925 "" "" 0.4101576942060712 "" 0.0372885567529294 "" 0.97
321.78070140947 49.02943930733 0.0264 0.0253 4.816 "" "" 2170795291689849344 2110.92944 0.4538 0.0317 -3.832 -4.426 0.04 0.032 0.978 7117.0 4.3457 16.107237 1.207912 16.626467 15.418555 "" "" 1997.18945 2238.18506 6792.84983 2.32 3053.7 6.7595 5391.8 8.5431 "" "" 0.0027801609744705566 0.003682529 0.004152491 0.00783502 321.78070140947 49.02943930733 2110.92944 -3.832 -4.426 -0.06899998855590805 -0.004181743621826328 0.09982892 0.09182893 "" "" 0.6916672143430154 "" 0.06902895113893401 "" 0.96
321.6349989115 49.12353781648 0.0269 0.0265 4.3557 "" "" 2170844082520542208 2178.34888 0.4413 0.0326 -3.765 -4.393 0.041 0.033 0.96 7422.0 4.0966 16.127214 1.280012 16.68649 15.406477 "" "" 2036.1123 2389.86499 6669.00631 2.7057 2889.5 8.9082 5452.1 9.2149 "" "" 0.0027903094575166348 0.0043576723 0.0042013316 0.0085590035 321.6349989115 49.12353781648 2178.34888 -3.765 -4.393 -0.0019999885559083275 0.028818256378174034 0.10082892 0.09282892 "" "" 0.2982749828740021 "" 0.027700473123830668 "" 0.94
321.68354687945 49.14415831287 0.0276 0.0289 3.2685 "" "" 2170844529197143552 2094.78491 0.4503 0.0331 -3.637 -4.422 0.039 0.037 1.045 7143.4 4.3406 16.208733 1.349363 16.808252 15.458889 "" "" 1947.7699 2251.46606 6186.62783 2.2987 2583.0 7.6679 5195.2 7.7809 "" "" 0.002784696305595642 0.004263044 0.0041143633 0.008377407 321.68354687945 49.14415831287 2094.78491 -3.6370000000000005 -4.422000000000001 0.1260000114440918 -0.00018174362182588055 0.09882893 0.09682892 "" "" 1.2510907547534962 "" 0.1236439513214262 "" 0.82
321.67690061596 49.20765896101 0.033 0.0326 6.6369 "" "" 2170847896451472256 2174.93481 0.4519 0.0381 -3.797 -4.414 0.044 0.042 0.978 6570.2 4.3844 16.486898 1.30615 17.070974 15.764825 "" "" 2028.55334 2365.83105 4788.36822 2.1395 2027.8 6.1832 3919.5 7.3341 "" "" 0.002797700962440938 0.004329597 0.004290824 0.0086204205 321.67690061596 49.20765896101 2174.93481 -3.797 -4.414 -0.033999988555908356 0.007818256378174127 0.10382892 0.10182892 "" "" 0.3596599356793709 "" 0.03730730915581518 "" 0.95
321.82412763539 49.10187263639 0.0317 0.0318 3.2143 "" "" 2170802197997241600 2149.55493 0.4547 0.038 -3.733 -4.328 0.044 0.04 0.999 7128.5 4.304 16.517986 1.218324 17.034933 15.816609 "" "" 1967.02759 2306.47949 4653.20433 2.1094 2096.3 7.5443 3736.9 9.5712 "" "" 0.002798935255903129 0.0048013497 0.0046922183 0.009493568 321.82412763539 49.10187263639 2149.55493 -3.732999999999999 -4.328 0.0300000114440917 0.09381825637817354 0.10382892 0.09982892 "" "" 1.00358583617357 "" 0.10056602822558412 "" 0.85
321.87376151897 49.07148623727 0.0336 0.0317 5.551 "" "" 2170801407723280384 2041.85095 0.4697 0.0399 -3.784 -4.301 0.051 0.04 0.989 5701.5 4.5339 16.554682 1.207179 17.073833 15.866654 "" "" 1884.95618 2195.80664 4498.5673 2.0601 2022.5 7.8113 3568.6 7.5034 "" "" 0.002799822408388149 0.0050367713 0.0044153486 0.0094521195 321.87376151897 49.07148623727 2041.85095 -3.784 -4.301 -0.02099998855590801 0.12081825637817367 0.11082892 0.09982892 "" "" 1.1868563261079719 "" 0.11888585143104928 "" 0.94
321.61842188471 49.0713752358 0.033 0.0342 5.2931 "" "" 2170843876361894272 2035.52527 0.4598 0.0401 -3.674 -4.432 0.048 0.043 1.028 7117.0 4.3619 16.614891 1.503712 17.301052 15.79734 "" "" 1895.54736 2195.58667 4255.88969 1.8769 1640.6 6.2936 3803.8 7.4787 "" "" 0.002796615980583073 0.0050132554 0.004340574 0.00935383 321.61842188471 49.0713752358 2035.52527 -3.673999999999997 -4.431999999999994 0.08900001144409186 -0.010181743621826556 0.10782892 0.10282892 "" "" 0.8643077939268187 "" 0.09314282812036291 "" 0.93
321.50342871437 49.04743800277 0.0347 0.0375 10.0259 "" "" 2170842154060428800 2192.06787 0.4519 0.0432 -3.765 -4.363 0.05 0.047 0.939 7149.5 4.3187 16.659428 1.539043 17.377066 15.838023 "" "" 1976.62292 2489.80688 4084.84934 1.8677 1529.6 5.9419 3663.9 7.6188 "" "" 0.002799683758542843 0.0050570467 0.0044023814 0.0094594285 321.50342871437 49.04743800277 2192.06787 -3.7649999999999992 -4.362999999999996 -0.0019999885559083275 0.058818256378173395 0.10982892 0.10682892 "" "" 0.6114985105096276 "" 0.06532787408584341 "" 0.81
