Clusters/UBC_156/UBC_156_stars_in_region.tsv
# %ECSV 1.0
# ---
# datatype:
# - name: RA_ICRS_1
#   unit: deg
#   datatype: float64
#   format: '{:15.11f}'
#   description: Right ascension (ICRS) at Ep=2016.0 (ra)
#   meta: !!omap
#   - {ucd: POS_EQ_RA_MAIN}
#   - {width: 15}
#   - {precision: '11'}
# - name: DE_ICRS_1
#   unit: deg
#   datatype: float64
#   format: '{:15.11f}'
#   description: Declination (ICRS) at Ep=2016.0 (dec)
#   meta: !!omap
#   - {ucd: POS_EQ_DEC_MAIN}
#   - {width: 15}
#   - {precision: '11'}
# - name: e_RA_ICRS
#   unit: mas
#   datatype: float64
#   format: '{:7.4f}'
#   description: Standard error of right ascension (ra_error)
#   meta: !!omap
#   - {ucd: ERROR}
#   - {width: 7}
#   - {precision: '4'}
# - name: e_DE_ICRS
#   unit: mas
#   datatype: float64
#   format: '{:7.4f}'
#   description: Standard error of declination (dec_error)
#   meta: !!omap
#   - {ucd: ERROR}
#   - {width: 7}
#   - {precision: '4'}
# - name: _r_1
#   unit: ''
#   datatype: float64
#   format: '{:7.4f}'
#   description: Distance from center (321.74250957000+49.10570541000)[ICRS], at Epoch=J2016.0
#   meta: !!omap
#   - {ucd: POS_ANG_DIST_GENERAL}
#   - {width: 7}
#   - {precision: '4'}
# - name: HIP
#   datatype: int32
#   description: '? HIP cross-id number, van Leeuwen, Cat. I/311 (hip_original_ext_source_id)'
#   meta: !!omap
#   - {ucd: ID_NUMBER}
#   - {width: 6}
#   - values: {'null': -2147483648}
# - name: TYC2
#   datatype: string
#   description: Tycho-2 cross-id name, Hog et al., Cat. I/259 (tyc2_original_ext_source_id)
#   meta: !!omap
#   - {ucd: ID_CROSSID}
#   - {_votable_string_dtype: char}
# - name: Source
#   datatype: int64
#   description: Source identifier, identical to the Gaia-EDR3 source_id (id)
#   meta: !!omap
#   - {ucd: ID_MAIN}
#   - {width: 19}
# - name: rgeo
#   unit: pc
#   datatype: float64
#   format: '{:15.8f}'
#   description: '? Median of the geometric distance posterior (r_med_geo)'
#   meta: !!omap
#   - {ucd: PHYS_DISTANCE_TRUE}
#   - {width: 15}
#   - {precision: '8'}
#   - values: {'null': .nan}
# - name: Plx
#   unit: mas
#   datatype: float64
#   format: '{:9.4f}'
#   description: '? Parallax (parallax)'
#   meta: !!omap
#   - {ucd: POS_PARLX_TRIG}
#   - {width: 9}
#   - {precision: '4'}
#   - values: {'null': .nan}
# - name: e_Plx
#   unit: mas
#   datatype: float32
#   format: '{:7.4f}'
#   description: '? Standard error of parallax (parallax_error)'
#   meta: !!omap
#   - {ucd: ERROR}
#   - {width: 7}
#   - {precision: '4'}
#   - values: {'null': .nan}
# - name: pmRA
#   unit: mas / yr
#   datatype: float64
#   format: '{:9.3f}'
#   description: '? Proper motion in right ascension direction, pmRA*cosDE (pmra)'
#   meta: !!omap
#   - {ucd: POS_EQ_PMRA}
#   - {width: 9}
#   - {precision: '3'}
#   - values: {'null': .nan}
# - name: pmDE
#   unit: mas / yr
#   datatype: float64
#   format: '{:9.3f}'
#   description: '? Proper motion in declination direction (pmdec)'
#   meta: !!omap
#   - {ucd: POS_EQ_PMDEC}
#   - {width: 9}
#   - {precision: '3'}
#   - values: {'null': .nan}
# - name: e_pmRA
#   unit: mas / yr
#   datatype: float32
#   format: '{:6.3f}'
#   description: '? Standard error of proper motion in right ascension direction (pmra_error)'
#   meta: !!omap
#   - {ucd: ERROR}
#   - {width: 6}
#   - {precision: '3'}
#   - values: {'null': .nan}
# - name: e_pmDE
[...]
#         unit: &id001 !astropy.units.Unit {unit: deg}
#         value: !astropy.table.SerializedColumn {name: SkyCoord.dec}
#       distance: !astropy.table.SerializedColumn
#         __class__: astropy.coordinates.distances.Distance
#         unit: !astropy.units.Unit {unit: pc}
#         value: !astropy.table.SerializedColumn {name: SkyCoord.distance}
#       frame: icrs
#       obstime: !astropy.time.Time {format: jyear_str, in_subfmt: '*', jd1: 367701545.0, jd2: 0.0, out_subfmt: '*', precision: 3, scale: tt}
#       pm_dec: !astropy.table.SerializedColumn
#         __class__: astropy.units.quantity.Quantity
#         unit: !astropy.units.Unit {unit: mas / yr}
#         value: !astropy.table.SerializedColumn {name: SkyCoord.pm_dec}
#       pm_ra_cosdec: !astropy.table.SerializedColumn
#         __class__: astropy.units.quantity.Quantity
#         unit: !astropy.units.Unit {unit: mas / yr}
#         value: !astropy.table.SerializedColumn {name: SkyCoord.pm_ra_cosdec}
#       ra: !astropy.table.SerializedColumn
#         __class__: astropy.coordinates.angles.Longitude
#         unit: *id001
#         value: !astropy.table.SerializedColumn {name: SkyCoord.ra}
#         wrap_angle: !astropy.coordinates.Angle
#           unit: *id001
#           value: 360.0
#       representation_type: spherical
# schema: astropy-2.0
RA_ICRS_1 DE_ICRS_1 e_RA_ICRS e_DE_ICRS _r_1 HIP TYC2 Source rgeo Plx e_Plx pmRA pmDE e_pmRA e_pmDE RUWE Teff logg Gmag BP-RP BPmag RPmag RV e_RV b_rgeo B_rgeo FG e_FG FBP e_FBP FRP e_FRP RAVE5 RAVE6 e_Gmag e_BPmag e_RPmag e_BP-RP SkyCoord.ra SkyCoord.dec SkyCoord.distance SkyCoord.pm_ra_cosdec SkyCoord.pm_dec
[from data line 484]
321.93273390407 49.34807654927 0.0295 0.0288 16.3412 "" "" 2170853256571079680 1935.99023 0.5059 0.0351 -3.394 -5.206 0.038 0.036 1.412 5775.2 4.0121 15.547905 1.271963 16.0938 14.821836 "" "" 1804.12292 2050.23828 11370.63277 4.6791 4987.7 10.084 9341.7 9.7969 "" "" 0.002791309614514634 0.0035501502 0.00394718 0.00749733 321.93273390407 49.34807654927 1935.99023 -3.3939999999999997 -5.206000000000001
321.80867756964 48.90499987118 0.0221 0.0209 12.3207 "" "" 2170791134161330432 1970.55884 0.4896 0.0261 -8.274 -7.192 0.032 0.025 0.987 4658.4 2.9732 15.550139 1.737781 16.390858 14.653077 "" "" 1880.33752 2086.32056 11347.25424 3.168 3793.8 8.2756 10913.0 11.314 "" "" 0.0027719438797250916 0.0036598116 0.003943447 0.007603259 321.80867756964 48.90499987118 1970.55884 -8.274 -7.192000000000002
322.00140333734 49.30841614889 0.0235 0.0211 15.8405 "" "" 2170852294498425088 2488.96191 0.3743 0.0263 -2.678 -3.084 0.029 0.027 1.053 7452.3 4.2419 15.555837 0.994487 15.951633 14.957147 "" "" 2381.20923 2656.51953 11287.87214 3.3924 5685.4 12.305 8247.1 19.646 "" "" 0.0027745742332387162 0.0036478713 0.004579655 0.008227526 322.00140333734 49.30841614889 2488.96191 -2.6779999999999995 -3.0839999999999996
322.13143506224 49.22014234915 0.0217 0.0223 16.7329 "" "" 2170894831846740096 2152.43457 0.4419 0.0258 -2.982 -3.476 0.03 0.027 1.06 7990.2 4.1725 15.555898 1.072083 16.005705 14.933622 "" "" 2018.34668 2339.84595 11287.2353 3.3617 5409.2 7.9914 8427.7 9.0058 "" "" 0.0027742306344036754 0.0032183814 0.0039534564 0.0071718376 322.13143506224 49.22014234915 2152.43457 -2.9819999999999993 -3.476
321.87205306003 48.89008261537 0.0241 0.0225 13.9061 "" "" 2170790240808149376 2060.4751 0.4574 0.0281 -5.343 -6.338 0.033 0.027 1.046 7114.4 4.2022 15.557692 1.20298 16.0705 14.867519 "" "" 1922.31897 2167.01221 11268.60537 3.2839 5095.9 10.14 8956.8 10.145 "" "" 0.0027734278178548535 0.0035288145 0.0039744256 0.0075032404 321.87205306003 48.89008261537 2060.4751 -5.343000000000001 -6.338
321.8115258331 49.35661458118 0.0222 0.0211 15.2955 "" "" 2170856280227838592 1800.53748 0.5304 0.0259 1.526 -2.137 0.028 0.026 0.98 7138.9 3.9931 15.558789 1.650748 16.338242 14.687493 "" "" 1714.38342 1888.37317 11257.22123 3.3317 3982.2 8.7844 10572.0 9.1976 "" "" 0.002773994601057484 0.0036771293 0.0038956348 0.007572764 321.8115258331 49.35661458118 1800.53748 1.526 -2.137
322.12274887643 48.99152758243 0.0238 0.0234 16.4475 "" "" 2170786701755583872 2144.84473 0.44 0.0274 -2.63 -4.692 0.034 0.028 0.921 6675.0 4.1724 15.55912 1.299553 16.128534 14.828981 "" "" 2033.52271 2255.83887 11253.78359 3.3845 4830.6 10.817 9280.4 8.8946 "" "" 0.0027746008464750874 0.0037008158 0.0039200224 0.0076208385 322.12274887643 48.99152758243 2144.84473 -2.6300000000000003 -4.692
322.21438874165 49.15696136053 0.0223 0.0238 18.7793 "" "" 2170893491816969088 1725.14636 0.5504 0.0272 -3.858 -6.651 0.031 0.028 1.03 6656.5 4.2505 15.563377 1.196946 16.077887 14.88094 "" "" 1654.20227 1785.56494 11209.75124 3.2953 5061.3 10.423 8846.7 9.5406 "" "" 0.0027737446638978844 0.003575522 0.0039566057 0.0075321277 322.21438874165 49.15696136053 1725.14636 -3.8579999999999997 -6.651000000000001
321.69516157316 48.78939767987 0.0233 0.0221 19.07 "" "" 2170788179223713408 2159.02075 0.4504 0.0273 -1.546 -2.637 0.033 0.028 1.048 6701.4 4.0039 15.564567 1.059212 16.007154 14.947943 "" "" 2034.25317 2304.30127 11197.47217 3.0724 5402.0 9.0701 8317.3 8.4171 "" "" 0.0027713784561705732 0.003332912 0.003935862 0.007268774 321.69516157316 48.78939767987 2159.02075 -1.546 -2.6369999999999996
321.68827789081 49.009189297 0.0209 0.0202 6.1711 "" "" 2170795772725956352 1891.31506 0.4961 0.0252 1.832 0.163 0.031 0.026 0.956 5175.7 3.5831 15.566823 1.835387 16.46673 14.631343 "" "" 1813.70959 1976.04529 11174.23025 2.9826 3537.7 9.2233 11133.0 9.7959 "" "" 0.0027705188541158696 0.003974639 0.0038982553 0.007872894 321.68827789081 49.009189297 1891.31506 1.8319999999999999 0.16299999999999998
322.0225270177 49.3009397497 0.1161 0.1106 16.0537 "" "" 2170805359093615104 1760.46765 0.6277 0.1358 -6.726 -4.257 0.152 0.136 6.413 6105.8 4.4014 15.567515 1.47152 16.096684 14.625163 "" "" 1455.3302 2226.11719 11167.10263 6.8467 4974.4 18.917 11197.0 17.784 "" "" 0.0028345931733759636 0.0049832696 0.004154212 0.009137481 322.0225270177 49.3009397497 1760.46765 -6.725999999999999 -4.257
321.57113209796 49.30511570723 0.0213 0.0227 13.7217 "" "" 2170861056231203712 1894.82959 0.5004 0.0258 -2.883 -2.456 0.028 0.028 1.009 7052.4 4.0631 15.570123 1.245769 16.110176 14.864407 "" "" 1814.85437 1976.70728 11140.32119 2.9633 4913.0 8.3816 8982.5 11.213 "" "" 0.0027704145486878353 0.003349023 0.0040150564 0.0073640794 321.57113209796 49.30511570723 1894.82959 -2.8830000000000005 -2.4560000000000004
321.61053836036 49.25854224196 0.0252 0.0256 10.53 "" "" 2170849030315323776 2322.75098 0.4051 0.0303 -4.803 -1.293 0.035 0.032 1.145 4881.3 3.5077 15.57155 1.818586 16.26675 14.448164 "" "" 2179.0813 2485.35815 11125.68275 3.5289 4253.2 71.16 13179.0 290.05 "" "" 0.0027767582667747722 0.01837841 0.024192456 0.042570867 321.61053836036 49.25854224196 2322.75098 -4.803000000000001 -1.2929999999999997
322.27487048404 49.07604433355 0.0228 0.0229 20.9929 "" "" 2170880469476154880 1894.3075 0.4952 0.0274 2.963 -2.922 0.033 0.028 1.066 5174.2 3.8141 15.57401 1.63238 16.346664 14.714285 "" "" 1808.58801 2013.68433 11100.50346 3.3159 3951.4 10.702 10314.0 15.107 "" "" 0.0027743426936509383 0.0040536732 0.004100334 0.008154007 322.27487048404 49.07604433355 1894.3075 2.963 -2.9219999999999997
322.13704869203 49.19980816769 0.0214 0.0231 16.4801 "" "" 2170894728767530880 2123.71753 0.4461 0.0265 -1.181 -4.365 0.028 0.029 0.924 6693.0 3.9998 15.575215 1.335744 16.16303 14.827287 "" "" 2019.55859 2242.81152 11088.19169 3.213 4679.6 8.2105 9294.9 10.903 "" "" 0.002773223696299681 0.0033784478 0.0039881985 0.007366646 322.13704869203 49.19980816769 2123.71753 -1.181 -4.365
321.86835409792 49.206227219 0.0199 0.0195 7.795 "" "" 2170850061115281664 2352.16479 0.3953 0.0241 -1.569 -2.336 0.027 0.025 1.028 6597.0 3.8672 15.576288 1.111829 16.04962 14.937791 "" "" 2230.08984 2488.02148 11077.23855 2.879 5194.8 7.9109 8395.4 7.5983 "" "" 0.0027697324718373014 0.0032432734 0.003905039 0.0071483124 321.86835409792 49.206227219 2352.16479 -1.569 -2.3359999999999994
321.39715465155 49.24531452948 0.0203 0.0223 15.9271 "" "" 2170859853640132864 2454.8562 0.3776 0.0255 -0.821 -4.687 0.027 0.028 1.039 5975.6 3.3118 15.577473 1.954569 16.549522 14.594954 "" "" 2305.9895 2660.20728 11065.15467 4.0792 3278.0 6.3657 11513.0 15.447 "" "" 0.002784240859877034 0.0034972234 0.004050407 0.0075476305 321.39715465155 49.24531452948 2454.8562 -0.8210000000000004 -4.687000000000001
322.05342223387 48.92692953513 0.0238 0.0234 16.271 "" "" 2170785052487912320 2409.51929 0.3923 0.028 -2.554 -2.92 0.035 0.029 1.042 8652.5 4.2804 15.578929 0.994516 15.985146 14.990629 "" "" 2248.00708 2621.49634 11050.33191 3.2247 5512.6 12.891 7996.6 7.8432 "" "" 0.002773477274609544 0.0037724427 0.003926545 0.0076989876 322.05342223387 48.92692953513 2409.51929 -2.5539999999999994 -2.92
321.70435500003 49.38246937378 0.0219 0.021 16.673 "" "" 2170855902270686848 2175.76294 0.4379 0.0257 -4.003 -5.081 0.028 0.026 1.001 7488.9 4.0775 15.57937 1.444656 16.234142 14.789486 "" "" 2072.0498 2289.8291 11045.83141 3.3819 4382.9 9.1051 9624.2 9.3576 "" "" 0.002775300382480883 0.0035878178 0.003924047 0.007511865 321.70435500003 49.38246937378 2175.76294 -4.003000000000001 -5.081000000000001
321.22749072996 49.01148114532 0.0231 0.0233 21.0235 "" "" 2170832468928077568 1834.11255 0.5219 0.0278 -0.875 -0.745 0.034 0.033 1.012 6561.9 3.8327 15.58141 1.86802 16.500013 14.631993 "" "" 1750.57043 1944.36682 11025.09687 3.7874 3430.9 7.6783 11127.0 16.091 "" "" 0.0027804499466343347 0.0036999015 0.00409255 0.0077924514 321.22749072996 49.01148114532 1834.11255 -0.875 -0.745
321.35812855391 49.13849352174 0.0228 0.0245 15.2211 "" "" 2170858238732359424 1820.43359 0.5168 0.028 -1.088 -1.156 0.032 0.033 1.002 5395.3 3.7194 15.583793 1.574636 16.317053 14.742417 "" "" 1746.50769 1914.79761 11000.93928 3.4917 4060.7 11.451 10051.0 10.25 "" "" 0.002776787247366015 0.004142371 0.0039382344 0.008080605 321.35812855391 49.13849352174 1820.43359 -1.088 -1.1559999999999997
321.6836210835 49.09003024465 0.0202 0.0207 2.4974 "" "" 2170843223527114624 1986.43152 0.4761 0.0247 -3.748 -4.441 0.03 0.026 1.052 7546.3 3.983 15.58932 1.342884 16.182753 14.839869 "" "" 1896.23486 2086.32153 10945.07559 3.3115 4595.3 10.498 9187.8 10.823 "" "" 0.0027748331724190478 0.0037332692 0.0039899237 0.0077231927 321.6836210835 49.09003024465 1986.43152 -3.748 -4.440999999999999
321.65070686597 48.94981223852 0.0218 0.0209 10.0267 "" "" 2170793951659833600 2192.34326 0.4347 0.0259 -4.876 -5.611 0.033 0.027 1.023 7361.8 3.6082 15.591988 1.404737 16.221392 14.816655 "" "" 2080.61792 2320.46753 10918.21725 3.5151 4434.7 8.5741 9386.3 8.9651 "" "" 0.0027774043882605203 0.0034916445 0.003919072 0.0074107163 321.65070686597 48.94981223852 2192.34326 -4.876 -5.611
321.93689005509 49.17262785775 0.0227 0.0204 8.6221 "" "" 2170802816472765952 2143.2019 0.4416 0.0255 -1.563 -0.528 0.035 0.027 1.014 7165.2 4.001 15.592069 1.21578 16.115162 14.899382 "" "" 2028.23218 2284.59961 10917.39752 2.953 4890.5 8.5119 8697.7 10.272 "" "" 0.0027709267521539584 0.00336988 0.0039909785 0.0073608584 321.93689005509 49.17262785775 2143.2019 -1.5629999999999997 -0.528
321.86107897757 49.08052685109 0.0202 0.0198 4.8974 "" "" 2170801373363535616 2168.3877 0.4389 0.0242 -3.132 -2.688 0.029 0.025 1.019 6890.3 4.1629 15.607889 1.225684 16.135214 14.90953 "" "" 2065.37866 2283.35571 10759.47501 2.9267 4801.0 8.6295 8616.8 8.1296 "" "" 0.002771102808701815 0.0034049333 0.0039157392 0.0073206723 321.86107897757 49.08052685109 2168.3877 -3.132 -2.6880000000000006
321.49253984864 49.19475030059 0.126 0.1308 11.1705 "" "" 2170847071817495552 2075.93994 0.5308 0.1491 0.252 -4.601 0.175 0.165 5.913 6803.4 4.3138 15.609165 1.211358 16.098886 14.887528 "" "" 1606.53113 2717.64355 10746.83355 12.325 4964.4 7.8879 8793.2 8.6832 "" "" 0.0030236157683364517 0.003280409 0.0039285165 0.0072089257 321.49253984864 49.19475030059 2075.93994 0.252 -4.601
322.17168027835 49.05450980759 0.0226 0.023 17.1439 "" "" 2170787350277735424 2484.6582 0.3741 0.0271 -2.805 -4.112 0.033 0.027 1.016 9382.4 4.2534 15.615162 1.031765 16.041628 15.009863 "" "" 2319.54419 2679.7937 10687.64419 3.4594 5233.2 11.207 7856.2 10.715 "" "" 0.0027776419610728294 0.0036319767 0.0040591345 0.0076911114 322.17168027835 49.05450980759 2484.6582 -2.8049999999999997 -4.112
321.84911866366 49.30792605928 0.0219 0.0209 12.8328 "" "" 2170852981692985344 1850.03406 0.5066 0.0257 -0.687 -2.275 0.029 0.026 1.025 7223.3 4.3076 15.616015 1.14865 16.103426 14.954776 "" "" 1779.17102 1938.55005 10679.24998 2.6933 4943.6 8.8975 8265.1 7.7549 "" "" 0.002768892896236124 0.0034064048 0.0039142696 0.007320674 321.84911866366 49.30792605928 1850.03406 -0.6869999999999999 -2.2749999999999995
321.8672180762 49.20162829776 0.0203 0.0199 7.5547 "" "" 2170850061115283456 2513.99316 0.3798 0.0241 0.194 -1.946 0.029 0.025 1.023 6910.5 4.0625 15.620335 1.023412 16.043062 15.01965 "" "" 2353.18945 2654.02734 10636.84988 2.9004 5226.3 7.1831 7785.7 7.4607 "" "" 0.002771179651028221 0.0031641526 0.003919973 0.0070841257 321.8672180762 49.20162829776 2513.99316 0.19400000000000006 -1.9459999999999997
322.08946932488 49.19979616954 0.0219 0.024 14.7396 "" "" 2170800926687396736 2004.03955 0.4736 0.0265 0.812 -3.04 0.029 0.028 0.942 5248.2 3.8686 15.624891 1.584598 16.363382 14.778785 "" "" 1899.22327 2103.51514 10592.29716 2.9297 3891.0 8.6073 9719.5 12.209 "" "" 0.0027716367545032217 0.0036815093 0.00401793 0.0076994393 322.08946932488 49.19979616954 2004.03955 0.8120000000000002 -3.04
321.51389251712 48.93027737554 0.0224 0.0237 13.8462 "" "" 2170817178844727936 2133.62061 0.4429 0.0271 -4.386 -4.807 0.03 0.03 0.992 7652.4 4.0725 15.626189 1.531444 16.331972 14.800529 "" "" 2002.05591 2257.6062 10579.64347 2.969 4005.2 9.4358 9526.8 9.4413 "" "" 0.002772116097880076 0.0037852025 0.0039295657 0.007714768 321.51389251712 48.93027737554 2133.62061 -4.385999999999999 -4.8069999999999995
321.56156645641 49.3485645707 0.0227 0.0227 16.2049 "" "" 2170861434188306432 2463.15845 0.3798 0.0268 -3.803 -2.41 0.03 0.029 0.953 7355.8 4.2676 15.630369 1.089961 16.088125 14.998164 "" "" 2355.18335 2631.06348 10538.99212 7.1553 5013.8 13.74 7941.3 12.535 "" "" 0.0028522223797444227 0.0040789703 0.0041497946 0.008228765 321.56156645641 49.3485645707 2463.15845 -3.803 -2.41
322.20993268255 49.13951492053 0.0247 0.0266 18.4658 "" "" 2170893388737756544 2344.15063 0.3997 0.0303 -0.75 -3.101 0.034 0.031 1.104 6433.1 3.9541 15.632822 1.371231 16.24751 14.87628 "" "" 2197.1958 2531.38794 10515.20601 3.259 4329.2 8.7054 8884.8 9.0042 "" "" 0.002775792623628515 0.0035428337 0.0039362987 0.007479132 322.20993268255 49.13951492053 2344.15063 -0.7499999999999996 -3.1009999999999995
321.38779298383 49.10340110346 0.0331 0.0339 13.9342 "" "" 2170846350262885248 2303.30444 0.4153 0.0417 -2.159 -2.853 0.048 0.042 1.446 9189.7 3.9634 15.636897 1.226034 16.157139 14.931105 "" "" 2130.9397 2523.02515 10475.81946 3.8485 4705.0 8.7844 8447.3 10.262 "" "" 0.002784040960747271 0.0034487988 0.0040029287 0.0074517275 321.38779298383 49.10340110346 2303.30444 -2.159 -2.8529999999999998
321.83043123336 49.1670553173 0.0215 0.02 5.046 "" "" 2170849545719214464 2103.27197 0.4459 0.0251 -3.79 -4.362 0.032 0.026 0.972 7187.3 4.346 15.640535 1.006286 16.057314 15.051028 "" "" 2021.96167 2212.32422 10440.76812 2.6055 5158.1 9.1154 7563.9 10.395 "" "" 0.002768609976419579 0.003386224 0.0040632677 0.007449492 321.83043123336 49.1670553173 2103.27197 -3.79 -4.362
322.2007152904 48.96213940446 0.0557 0.0576 19.9768 "" "" 2170785739682936576 1783.69153 0.5542 0.0666 2.195 -1.344 0.079 0.068 2.931 6006.8 4.2659 15.648471 1.392448 16.253708 14.86126 "" "" 1616.82458 1996.48572 10364.73554 7.3601 4304.6 8.0146 9008.5 10.582 "" "" 0.0028611567282645256 0.0034455047 0.0039887745 0.007434279 322.2007152904 48.96213940446 1783.69153 2.195 -1.3439999999999999
321.9260527577 48.83902202353 0.023 0.0226 17.5582 "" "" 2170778146180274176 1776.22314 0.5399 0.0273 -10.362 -8.066 0.033 0.029 0.975 6642.5 4.2203 15.648528 1.205359 16.165167 14.959807 "" "" 1705.72949 1858.53467 10364.19577 3.172 4670.4 12.086 8226.9 8.7731 "" "" 0.0027752852787340902 0.0039596977 0.0039527556 0.007912453 321.9260527577 48.83902202353 1776.22314 -10.361999999999997 -8.066
322.12300545683 48.91829317974 0.0228 0.0229 18.7261 "" "" 2170784159134973568 2326.34692 0.4005 0.0269 -0.237 -4.063 0.032 0.027 1.033 6553.6 3.9743 15.650541 1.424868 16.288496 14.863628 "" "" 2171.40991 2466.59668 10344.99582 3.0062 4168.9 7.6638 8988.9 11.478 "" "" 0.002773325690033615 0.0034305707 0.004025642 0.0074562123 322.12300545683 48.91829317974 2326.34692 -0.23699999999999988 -4.063000000000001
322.09768285768 49.18959924999 0.0241 0.0252 14.8204 "" "" 2170800926687399296 2305.56567 0.4073 0.0289 -1.881 -3.178 0.032 0.031 1.09 8809.6 4.2031 15.655924 1.114397 16.124119 15.009722 "" "" 2163.13257 2455.34106 10293.83608 2.8473 4850.3 7.1788 7857.2 11.208 "" "" 0.0027716384790081945 0.0032198445 0.0040844083 0.007304253 322.09768285768 49.18959924999 2305.56567 -1.8810000000000002 -3.178
