Clusters/Mayer_1/Mayer_1_stars_in_region.tsv
# %ECSV 1.0
# ---
# datatype:
# - name: RA_ICRS_1
#   unit: deg
#   datatype: float64
#   format: '{:15.11f}'
#   description: Right ascension (ICRS) at Ep=2016.0 (ra)
#   meta: !!omap
#   - {ucd: POS_EQ_RA_MAIN}
#   - {width: 15}
#   - {precision: '11'}
# - name: DE_ICRS_1
#   unit: deg
#   datatype: float64
#   format: '{:15.11f}'
#   description: Declination (ICRS) at Ep=2016.0 (dec)
#   meta: !!omap
#   - {ucd: POS_EQ_DEC_MAIN}
#   - {width: 15}
#   - {precision: '11'}
# - name: e_RA_ICRS
#   unit: mas
#   datatype: float64
#   format: '{:7.4f}'
#   description: Standard error of right ascension (ra_error)
#   meta: !!omap
#   - {ucd: ERROR}
#   - {width: 7}
#   - {precision: '4'}
# - name: e_DE_ICRS
#   unit: mas
#   datatype: float64
#   format: '{:7.4f}'
#   description: Standard error of declination (dec_error)
#   meta: !!omap
#   - {ucd: ERROR}
#   - {width: 7}
#   - {precision: '4'}
# - name: _r_1
#   unit: ''
#   datatype: float64
#   format: '{:7.4f}'
#   description: Distance from center (005.51871706000+61.76140198000)[ICRS], at Epoch=J2016.0
#   meta: !!omap
#   - {ucd: POS_ANG_DIST_GENERAL}
#   - {width: 7}
#   - {precision: '4'}
# - name: HIP
#   datatype: int32
#   description: '? HIP cross-id number, van Leeuwen, Cat. I/311 (hip_original_ext_source_id)'
#   meta: !!omap
#   - {ucd: ID_NUMBER}
#   - {width: 6}
#   - values: {'null': -2147483648}
# - name: TYC2
#   datatype: string
#   description: Tycho-2 cross-id name, Hog et al., Cat. I/259 (tyc2_original_ext_source_id)
#   meta: !!omap
#   - {ucd: ID_CROSSID}
#   - {_votable_string_dtype: char}
# - name: Source
#   datatype: int64
#   description: Source identifier, identical to the Gaia-EDR3 source_id (id)
#   meta: !!omap
#   - {ucd: ID_MAIN}
#   - {width: 19}
# - name: rgeo
#   unit: pc
#   datatype: float64
#   format: '{:15.8f}'
#   description: '? Median of the geometric distance posterior (r_med_geo)'
#   meta: !!omap
#   - {ucd: PHYS_DISTANCE_TRUE}
#   - {width: 15}
#   - {precision: '8'}
#   - values: {'null': .nan}
# - name: Plx
#   unit: mas
#   datatype: float64
#   format: '{:9.4f}'
#   description: '? Parallax (parallax)'
#   meta: !!omap
#   - {ucd: POS_PARLX_TRIG}
#   - {width: 9}
#   - {precision: '4'}
#   - values: {'null': .nan}
# - name: e_Plx
#   unit: mas
#   datatype: float32
#   format: '{:7.4f}'
#   description: '? Standard error of parallax (parallax_error)'
#   meta: !!omap
#   - {ucd: ERROR}
#   - {width: 7}
#   - {precision: '4'}
#   - values: {'null': .nan}
# - name: pmRA
#   unit: mas / yr
#   datatype: float64
#   format: '{:9.3f}'
#   description: '? Proper motion in right ascension direction, pmRA*cosDE (pmra)'
#   meta: !!omap
#   - {ucd: POS_EQ_PMRA}
#   - {width: 9}
#   - {precision: '3'}
#   - values: {'null': .nan}
# - name: pmDE
#   unit: mas / yr
#   datatype: float64
#   format: '{:9.3f}'
#   description: '? Proper motion in declination direction (pmdec)'
#   meta: !!omap
#   - {ucd: POS_EQ_PMDEC}
#   - {width: 9}
#   - {precision: '3'}
#   - values: {'null': .nan}
# - name: e_pmRA
#   unit: mas / yr
#   datatype: float32
#   format: '{:6.3f}'
#   description: '? Standard error of proper motion in right ascension direction (pmra_error)'
#   meta: !!omap
#   - {ucd: ERROR}
#   - {width: 6}
#   - {precision: '3'}
#   - values: {'null': .nan}
# - name: e_pmDE
[...]
#         unit: &id001 !astropy.units.Unit {unit: deg}
#         value: !astropy.table.SerializedColumn {name: SkyCoord.dec}
#       distance: !astropy.table.SerializedColumn
#         __class__: astropy.coordinates.distances.Distance
#         unit: !astropy.units.Unit {unit: pc}
#         value: !astropy.table.SerializedColumn {name: SkyCoord.distance}
#       frame: icrs
#       obstime: !astropy.time.Time {format: jyear_str, in_subfmt: '*', jd1: 367701545.0, jd2: 0.0, out_subfmt: '*', precision: 3, scale: tt}
#       pm_dec: !astropy.table.SerializedColumn
#         __class__: astropy.units.quantity.Quantity
#         unit: !astropy.units.Unit {unit: mas / yr}
#         value: !astropy.table.SerializedColumn {name: SkyCoord.pm_dec}
#       pm_ra_cosdec: !astropy.table.SerializedColumn
#         __class__: astropy.units.quantity.Quantity
#         unit: !astropy.units.Unit {unit: mas / yr}
#         value: !astropy.table.SerializedColumn {name: SkyCoord.pm_ra_cosdec}
#       ra: !astropy.table.SerializedColumn
#         __class__: astropy.coordinates.angles.Longitude
#         unit: *id001
#         value: !astropy.table.SerializedColumn {name: SkyCoord.ra}
#         wrap_angle: !astropy.coordinates.Angle
#           unit: *id001
#           value: 360.0
#       representation_type: spherical
# schema: astropy-2.0
RA_ICRS_1 DE_ICRS_1 e_RA_ICRS e_DE_ICRS _r_1 HIP TYC2 Source rgeo Plx e_Plx pmRA pmDE e_pmRA e_pmDE RUWE Teff logg Gmag BP-RP BPmag RPmag RV e_RV b_rgeo B_rgeo FG e_FG FBP e_FBP FRP e_FRP RAVE5 RAVE6 e_Gmag e_BPmag e_RPmag e_BP-RP SkyCoord.ra SkyCoord.dec SkyCoord.distance SkyCoord.pm_ra_cosdec SkyCoord.pm_dec
[from data line 488]
5.84340150735 61.50893549621 0.0218 0.022 17.7516 "" "" 428896915952857472 2307.01855 0.4193 0.0284 -0.911 0.086 0.026 0.028 0.993 5910.7 4.1608 15.80197 1.119863 16.273737 15.153873 "" "" 2158.85596 2459.17334 8998.26179 2.5618 4225.9 9.2639 6880.3 9.1828 "" "" 0.0027726048119771584 0.0036674272 0.0040476606 0.007715088 5.84340150735 61.50893549621 2307.01855 -0.911 0.086
5.26386144712 61.76773831731 0.0229 0.023 7.2442 "" "" 430463204629447808 1997.03735 0.4826 0.0307 -2.105 -1.152 0.029 0.032 0.974 7093.2 4.3711 15.804022 1.134585 16.280922 15.146337 "" "" 1881.96033 2124.83423 8981.27618 2.8085 4198.1 7.9429 6928.3 9.5549 "" "" 0.0027761593513262665 0.0034648145 0.0040651923 0.0075300066 5.26386144712 61.76773831731 1997.03735 -2.1050000000000004 -1.1520000000000001
5.2700392021 62.00073081741 0.027 0.0254 15.9891 "" "" 430472202573634432 2633.27515 0.3668 0.0362 -0.265 -0.271 0.033 0.033 1.105 7065.9 4.2823 15.807377 1.165185 16.29833 15.133145 "" "" 2381.86694 2924.53271 8953.56901 2.8775 4131.3 13.061 7012.9 9.2845 "" "" 0.002777326850185538 0.004423493 0.004043503 0.008466996 5.2700392021 62.00073081741 2633.27515 -0.26499999999999996 -0.271
5.61852451253 61.68015339729 0.0223 0.0216 5.6404 "" "" 430447124272015872 1978.98132 0.4763 0.029 -0.636 -1.172 0.028 0.03 1.013 6375.5 4.2738 15.808732 1.080798 16.26029 15.179492 "" "" 1851.91565 2090.28369 8942.39448 2.7843 4278.6 9.1819 6719.9 11.818 "" "" 0.0027759809331251582 0.0036350968 0.004234345 0.007869442 5.61852451253 61.68015339729 1978.98132 -0.636 -1.1720000000000002
5.44191230692 61.96129647291 0.0251 0.0226 12.189 "" "" 430460524569969024 1963.31763 0.4893 0.0319 -4.674 -3.646 0.029 0.032 0.917 7159.8 4.3191 15.809102 1.234846 16.34405 15.109203 "" "" 1859.44226 2119.56177 8939.34649 2.9875 3960.9 11.689 7169.3 9.7142 "" "" 0.0027791094076251638 0.004248692 0.004055612 0.0083043035 5.44191230692 61.96129647291 1963.31763 -4.674 -3.645999999999999
4.86945738889 61.67944994522 0.0223 0.0242 19.0998 "" "" 428957904490289280 2138.21484 0.4414 0.0311 1.018 -1.066 0.03 0.033 0.97 7149.5 4.0446 15.811159 1.060579 16.253014 15.192434 "" "" 2018.99231 2296.32422 8922.42887 2.6149 4307.4 10.921 6640.3 12.962 "" "" 0.00277363278716959 0.0039195465 0.00433307 0.008252617 4.86945738889 61.67944994522 2138.21484 1.0179999999999998 -1.066
5.92415599353 61.72964112259 0.0226 0.0241 11.6724 "" "" 430401528896886656 2263.52759 0.4187 0.0304 -7.154 -2.16 0.027 0.031 1.051 6573.9 4.3132 15.814166 1.1031 16.274689 15.171589 "" "" 2137.86743 2429.82739 8897.75231 2.7073 4222.2 8.8217 6769.0 8.3619 "" "" 0.0027750537971058934 0.0035959864 0.0040103165 0.007606303 5.92415599353 61.72964112259 2263.52759 -7.154000000000001 -2.16
5.48348055919 61.88347090672 0.0218 0.0208 7.3919 "" "" 430453274664994560 2095.67383 0.4511 0.0282 1.892 -1.236 0.026 0.028 0.946 6043.7 4.1822 15.815552 1.110036 16.282999 15.172963 "" "" 1982.94482 2223.91968 8886.39999 2.5087 4190.0 9.2793 6760.4 9.6068 "" "" 0.0027723165159405563 0.0036832984 0.0040821796 0.007765478 5.48348055919 61.88347090672 2095.67383 1.8919999999999997 -1.2359999999999998
5.74097043693 61.44661640363 0.0479 0.0511 19.9234 "" "" 428941927212235520 1909.73364 0.5035 0.0645 0.443 1.284 0.063 0.079 2.687 "" "" 15.815811 1.144247 15.754335 14.610088 "" "" 1664.13733 2206.5415 8884.28175 8.8671 6818.4 51.671 11353.0 50.848 "" "" 0.0029607528055870256 0.008688112 0.006158788 0.0148469005 5.74097043693 61.44661640363 1909.73364 0.443 1.284
5.17021134559 61.87114431747 0.0244 0.0265 11.8697 "" "" 430464132342289536 2152.14282 0.4363 0.0331 -6.754 -3.097 0.03 0.035 1.089 5879.5 4.0896 15.816916 1.234585 16.352533 15.117949 "" "" 2011.91968 2285.5625 8875.25102 2.8026 3930.1 11.232 7111.8 11.187 "" "" 0.002776569080571083 0.0041729463 0.00414736 0.008320306 5.17021134559 61.87114431747 2152.14282 -6.754 -3.0969999999999995
4.89937607852 61.91016962168 0.0237 0.0251 19.6803 "" "" 430467980632907008 1923.76562 0.4934 0.0322 -5.078 -1.43 0.029 0.035 1.014 6430.2 4.3484 15.819066 1.016922 16.236221 15.219299 "" "" 1829.36218 2031.90564 8857.68492 2.9412 4374.5 10.673 6478.0 9.4733 "" "" 0.002778806153997741 0.003847371 0.004099354 0.007946725 4.89937607852 61.91016962168 1923.76562 -5.078000000000001 -1.4299999999999997
5.1902732403 61.71819327102 0.0223 0.024 9.6841 "" "" 428961684061512832 2534.89307 0.3637 0.0304 -5.23 -3.354 0.029 0.033 1.012 5223.9 3.5531 15.82083 1.865124 16.73661 14.871487 "" "" 2378.63892 2704.13354 8843.30591 2.7603 2759.1 5.8886 8924.1 11.041 "" "" 0.0027760835070685225 0.0036269268 0.004011003 0.0076379296 5.1902732403 61.71819327102 2534.89307 -5.230000000000001 -3.354000000000001
5.98146942829 61.79179532111 0.0234 0.0251 13.2564 "" "" 430407782369350784 2663.12939 0.3391 0.032 -2.17 -2.1 0.029 0.035 0.963 "" "" 15.824101 2.465457 17.153023 14.687566 "" "" 2451.50732 2916.22363 8816.71184 3.7418 1880.2 6.5863 10571.0 16.915 "" "" 0.0027935841023912465 0.0047170133 0.004159569 0.008876583 5.98146942829 61.79179532111 2663.12939 -2.17 -2.0999999999999996
5.65491467906 61.63253270313 0.0222 0.0222 8.6486 "" "" 430446780674608128 2324.84375 0.4031 0.0299 -1.626 0.985 0.029 0.03 0.977 7325.3 4.144 15.829273 1.119927 16.298416 15.178489 "" "" 2148.95142 2491.51343 8774.80437 2.5267 4131.0 7.812 6726.1 7.2791 "" "" 0.0027730004273982547 0.0034641996 0.003957822 0.0074220216 5.65491467906 61.63253270313 2324.84375 -1.626 0.985
6.09341112074 61.76187000705 0.0236 0.0234 16.3146 "" "" 430406992095384832 2531.177 0.3706 0.0308 -5.511 -3.821 0.028 0.03 0.971 5161.0 3.7729 15.83086 1.534617 16.53941 15.004792 "" "" 2368.23999 2726.97461 8761.98515 2.8351 3308.7 7.4919 7893.0 11.184 "" "" 0.0027776263108908166 0.0037187305 0.0040805037 0.0077992342 6.09341112074 61.76187000705 2531.177 -5.511 -3.820999999999999
5.90992574549 61.62170422428 0.0239 0.0253 13.934 "" "" 430399295513912448 2205.57373 0.4288 0.033 1.246 -2.442 0.031 0.033 1.038 5109.1 4.1516 15.839913 1.445579 16.495972 15.050393 "" "" 2027.5437 2369.14819 8689.2296 2.6297 3443.7 9.0674 7568.3 12.105 "" "" 0.002774843823083612 0.0039947103 0.0041592526 0.008153963 5.90992574549 61.62170422428 2205.57373 1.246 -2.442
5.70629714313 61.58187531495 0.0237 0.0242 12.0229 "" "" 428944607271712768 2697.75 0.3453 0.0324 -2.332 0.734 0.03 0.033 1.087 7163.1 3.9664 15.84423 1.050712 16.278633 15.227922 "" "" 2486.41772 2946.36304 8654.75465 2.8293 4206.9 10.223 6426.7 10.289 "" "" 0.002778087126442691 0.003840078 0.004159952 0.00800003 5.70629714313 61.58187531495 2697.75 -2.332 0.734
6.04228619214 61.80235179321 0.0229 0.0234 15.0553 "" "" 430408572643332736 2250.48853 0.416 0.0313 -1.431 0.084 0.028 0.031 0.999 6960.2 4.2081 15.846352 1.184141 16.352041 15.1679 "" "" 2104.39453 2426.63916 8637.85957 2.8954 3931.9 8.9814 6792.0 9.6336 "" "" 0.002779251673810769 0.0037330752 0.0040810867 0.0078141615 6.04228619214 61.80235179321 2250.48853 -1.4309999999999998 0.08400000000000002
5.46706845104 61.59689128373 0.0226 0.0238 9.9795 "" "" 428948352483144064 2675.75659 0.3465 0.0313 -3.407 -1.5 0.031 0.036 0.972 9263.7 4.1204 15.848685 0.888019 16.201147 15.313128 "" "" 2476.2312 2897.13696 8619.31286 2.5878 4518.1 16.228 5941.6 8.5198 "" "" 0.0027745356663421866 0.004795088 0.004087487 0.008882575 5.46706845104 61.59689128373 2675.75659 -3.4070000000000005 -1.5000000000000004
5.52101582664 61.64694721376 0.022 0.0225 6.8676 "" "" 428948730440228096 2389.91553 0.39 0.0307 -3.496 -1.563 0.029 0.031 0.946 5613.8 3.8936 15.854563 1.442736 16.50611 15.063374 "" "" 2218.83496 2590.37769 8572.77717 4.9062 3411.7 11.989 7478.4 14.412 "" "" 0.0028245151821559805 0.0047267415 0.0043199267 0.009046668 5.52101582664 61.64694721376 2389.91553 -3.4959999999999996 -1.5629999999999997
5.95587862564 61.86522286526 0.0231 0.0256 13.8673 "" "" 430409740874415744 1976.96753 0.4787 0.0321 -1.124 -1.573 0.028 0.031 0.959 6767.3 4.3565 15.855416 1.087152 16.314217 15.227064 "" "" 1857.53345 2102.61108 8566.03936 2.6528 4071.3 10.728 6431.8 8.9168 "" "" 0.002775760511241153 0.003996257 0.004068098 0.008064356 5.95587862564 61.86522286526 1976.96753 -1.1240000000000003 -1.573
5.94126860962 61.74660407677 0.0218 0.0233 12.0313 "" "" 430407404412145024 2134.63379 0.4409 0.0296 -0.769 -0.431 0.027 0.029 0.979 5368.2 3.9977 15.858417 1.482675 16.52828 15.045606 "" "" 2029.56213 2295.25659 8542.40226 2.7963 3342.8 8.1559 7601.8 12.14 "" "" 0.0027781477160049996 0.0038473853 0.0041581453 0.008005531 5.94126860962 61.74660407677 2134.63379 -0.769 -0.431
4.9563892433 61.76170380001 0.0241 0.0272 15.9636 "" "" 428964256738122368 2655.20337 0.3518 0.0326 -2.793 -1.312 0.03 0.036 0.998 6868.4 4.081 15.861479 1.15068 16.316267 15.165587 "" "" 2444.98584 2923.78345 8518.34189 3.1685 4063.6 13.197 6806.5 11.909 "" "" 0.0027847596620443524 0.004496452 0.0042299447 0.008726397 4.9563892433 61.76170380001 2655.20337 -2.793 -1.312
5.86095545438 62.02804121318 0.0236 0.0236 18.6955 "" "" 430481655810145920 2278.03613 0.4065 0.0325 -2.742 0.944 0.028 0.031 1.004 6650.4 4.2176 15.863226 1.327373 16.451193 15.12382 "" "" 2152.95581 2425.3894 8504.6513 2.5857 3588.7 10.244 7073.4 7.4791 "" "" 0.0027750235354023645 0.0041701803 0.0039498927 0.008120073 5.86095545438 62.02804121318 2278.03613 -2.742 0.9440000000000004
5.12293477949 61.69254751003 0.0235 0.0272 11.9829 "" "" 428960859427801088 2177.81519 0.4383 0.033 -10.986 -0.14 0.034 0.039 0.968 6601.9 4.2884 15.874328 1.140542 16.357206 15.216664 "" "" 2026.28931 2330.40308 8418.13416 2.5715 3913.2 8.1147 6493.7 9.4996 "" "" 0.002775209670425214 0.003585266 0.0040995707 0.0076848366 5.12293477949 61.69254751003 2177.81519 -10.985999999999999 -0.1399999999999999
6.12005331998 61.79217136271 0.0231 0.0234 17.1621 "" "" 430408332125170304 2041.43567 0.4595 0.0309 -2.11 -1.551 0.028 0.031 0.961 7397.6 4.359 15.874662 1.036887 16.30194 15.265054 "" "" 1932.27014 2167.05322 8415.53419 2.5742 4117.6 9.7254 6210.6 7.1157 "" "" 0.0027752635801900514 0.0037896242 0.0039788415 0.0077684657 6.12005331998 61.79217136271 2041.43567 -2.11 -1.551
6.00059161489 61.70034370343 0.0227 0.0228 14.1749 "" "" 430401219659249408 2387.99902 0.3985 0.0301 -1.087 -1.683 0.028 0.029 1.014 6022.2 4.1478 15.875624 1.140399 16.360249 15.21985 "" "" 2217.21045 2551.83228 8408.08657 2.6306 3902.3 9.6899 6474.7 8.7882 "" "" 0.0027761805170532423 0.0038798926 0.0040565347 0.007936427 6.00059161489 61.70034370343 2387.99902 -1.0869999999999997 -1.6829999999999996
6.130095035 61.93961854428 0.0259 0.0261 20.3428 "" "" 430433277296259712 2499.0752 0.3831 0.0353 -4.097 -0.311 0.032 0.036 1.047 7099.4 4.3521 15.879926 1.24291 16.416985 15.174074 "" "" 2341.50537 2683.76514 8374.83645 2.8028 3703.6 13.163 6753.5 10.057 "" "" 0.0027791764416244926 0.004761888 0.004110701 0.008872589 6.130095035 61.93961854428 2499.0752 -4.0969999999999995 -0.31099999999999983
5.21398328827 61.77371516301 0.0249 0.0252 8.6807 "" "" 428962268177040512 2645.50464 0.3516 0.0333 -0.604 -1.279 0.03 0.035 0.943 15011.2 4.0905 15.882757 2.422555 17.183754 14.761199 "" "" 2465.44141 2977.81226 8353.02888 3.3118 1827.7 7.7827 9878.2 10.075 "" "" 0.002788744365039827 0.0053999736 0.003938272 0.009338246 5.21398328827 61.77371516301 2645.50464 -0.6040000000000001 -1.279
5.97480771092 61.99311796865 0.0238 0.0259 18.9651 "" "" 430434376807823616 2449.82861 0.3777 0.0343 -3.031 -1.577 0.028 0.034 1.002 6742.8 3.9421 15.891231 1.231517 16.426218 15.194701 "" "" 2245.98511 2676.2583 8288.08815 2.6025 3672.2 7.7898 6626.4 10.062 "" "" 0.0027763321547028953 0.0036179551 0.0041233245 0.00774128 5.97480771092 61.99311796865 2449.82861 -3.0309999999999997 -1.5770000000000002
5.09639317032 61.97054579521 0.0327 0.0363 17.3272 "" "" 430466949840722048 1981.14978 0.4778 0.0446 -3.514 -0.485 0.038 0.045 1.414 6075.8 4.3914 15.892389 1.14276 16.342924 15.200164 "" "" 1832.31433 2166.40039 8279.24812 4.4275 3965.0 9.2302 6593.1 17.491 "" "" 0.0028158318327071367 0.003764749 0.0047518727 0.008516622 5.09639317032 61.97054579521 1981.14978 -3.514 -0.4849999999999999
5.08368777302 61.97437389222 0.0272 0.0287 17.7412 "" "" 430466949840716928 2502.94189 0.3697 0.0365 -5.454 -1.493 0.033 0.038 1.048 6400.2 3.6534 15.893422 1.847915 16.794252 14.946338 "" "" 2319.86157 2842.23315 8271.38024 3.2311 2616.5 12.37 8329.6 17.126 "" "" 0.002787772190328249 0.005842344 0.0043894155 0.010231759 5.08368777302 61.97437389222 2502.94189 -5.453999999999999 -1.493
5.63389842524 61.6378634381 0.0872 0.0818 8.1041 "" "" 428945775502749184 2093.96094 0.4967 0.1157 4.629 -0.807 0.115 0.11 3.982 5243.9 4.6682 15.89802 1.396247 16.469034 15.072787 "" "" 1726.93738 2622.60498 8236.42821 7.9859 3530.2 8.9225 7413.8 13.01 "" "" 0.0029495745786078144 0.003913507 0.004232476 0.008145982 5.63389842524 61.6378634381 2093.96094 4.628999999999999 -0.807
5.3184336318 61.88338816365 0.0247 0.0243 9.2612 "" "" 430453790061049216 2605.35303 0.3485 0.0332 -1.734 -2.422 0.03 0.033 1.06 15004.2 3.9782 15.898321 2.327152 17.130348 14.803196 "" "" 2371.00439 2902.69482 8234.14394 3.4413 1919.9 5.6367 9503.4 10.561 "" "" 0.002792434346151955 0.0042362907 0.0039673066 0.008203598 5.3184336318 61.88338816365 2605.35303 -1.7339999999999998 -2.422
5.58984187126 61.63053645167 0.023 0.022 8.1085 "" "" 428945809862489216 2423.15698 0.3786 0.0307 -0.982 -0.594 0.03 0.03 1.023 7613.4 4.2277 15.902364 1.046225 16.33627 15.290045 "" "" 2266.56909 2602.88745 8203.54063 2.828 3989.4 9.8042 6069.3 8.4238 "" "" 0.002780625585371081 0.0038606585 0.004068731 0.007929389 5.58984187126 61.63053645167 2423.15698 -0.9819999999999999 -0.5940000000000002
4.97277618906 61.78920273372 0.0238 0.0281 15.581 "" "" 428965704150857600 1945.16626 0.485 0.0328 -5.66 -4.759 0.029 0.037 1.002 6023.9 4.1955 15.903726 1.276187 16.464025 15.187839 "" "" 1814.86377 2076.00098 8193.25845 2.646 3546.6 11.146 6668.4 14.1 "" "" 0.0027775412796507276 0.004407718 0.004422005 0.008829722 4.97277618906 61.78920273372 1945.16626 -5.659999999999998 -4.759
5.22840833827 61.54954631935 0.0258 0.0267 15.1647 "" "" 428953059767314432 1930.17175 0.4913 0.0343 0.841 -2.352 0.033 0.04 1.006 5828.0 4.2471 15.906278 1.24795 16.429049 15.181099 "" "" 1795.80139 2065.67627 8174.01822 2.7589 3662.7 18.946 6709.9 17.476 "" "" 0.0027795829076698434 0.0062710806 0.0047201947 0.010991275 5.22840833827 61.54954631935 1930.17175 0.8410000000000001 -2.3519999999999994
5.36575775341 61.79304460968 0.0231 0.0243 4.7372 "" "" 430451934635255296 2243.37427 0.4164 0.0313 -2.62 -1.414 0.031 0.034 1.023 5598.5 4.2178 15.907468 1.327085 16.495255 15.16817 "" "" 2106.78931 2373.57227 8165.06663 2.4602 3446.0 8.2484 6790.3 8.7673 "" "" 0.002774673071784358 0.003813003 0.004030993 0.007843996 5.36575775341 61.79304460968 2243.37427 -2.62 -1.414
5.47731330458 61.63265283673 0.023 0.0241 7.8142 "" "" 428948524281804544 2319.2832 0.4054 0.0319 -2.31 -0.563 0.031 0.035 0.955 7286.8 4.3028 15.908268 1.045083 16.338308 15.293225 "" "" 2156.03271 2530.79004 8159.04714 2.8459 3981.9 9.0664 6051.6 8.9044 "" "" 0.002781224402566189 0.003727788 0.004103163 0.007830951 5.47731330458 61.63265283673 2319.2832 -2.3099999999999996 -0.563
5.55873617863 61.78756520602 0.0224 0.0224 1.9375 "" "" 430452243872924160 2245.46851 0.4292 0.0298 -5.922 -2.149 0.028 0.031 0.986 5483.9 4.2242 15.911343 1.125414 16.385138 15.259724 "" "" 2098.66016 2441.72095 8135.97379 2.5246 3813.8 9.1165 6241.2 7.8424 "" "" 0.0027758411921057925 0.0038106227 0.004018084 0.007828707 5.55873617863 61.78756520602 2245.46851 -5.922 -2.149
