Clusters/Mayer_1/Mayer_1_stars_in_region.tsv
# %ECSV 1.0
# ---
# datatype:
# - name: RA_ICRS_1
#   unit: deg
#   datatype: float64
#   format: '{:15.11f}'
#   description: Right ascension (ICRS) at Ep=2016.0 (ra)
#   meta: !!omap
#   - {ucd: POS_EQ_RA_MAIN}
#   - {width: 15}
#   - {precision: '11'}
# - name: DE_ICRS_1
#   unit: deg
#   datatype: float64
#   format: '{:15.11f}'
#   description: Declination (ICRS) at Ep=2016.0 (dec)
#   meta: !!omap
#   - {ucd: POS_EQ_DEC_MAIN}
#   - {width: 15}
#   - {precision: '11'}
# - name: e_RA_ICRS
#   unit: mas
#   datatype: float64
#   format: '{:7.4f}'
#   description: Standard error of right ascension (ra_error)
#   meta: !!omap
#   - {ucd: ERROR}
#   - {width: 7}
#   - {precision: '4'}
# - name: e_DE_ICRS
#   unit: mas
#   datatype: float64
#   format: '{:7.4f}'
#   description: Standard error of declination (dec_error)
#   meta: !!omap
#   - {ucd: ERROR}
#   - {width: 7}
#   - {precision: '4'}
# - name: _r_1
#   unit: ''
#   datatype: float64
#   format: '{:7.4f}'
#   description: Distance from center (005.51871706000+61.76140198000)[ICRS], at Epoch=J2016.0
#   meta: !!omap
#   - {ucd: POS_ANG_DIST_GENERAL}
#   - {width: 7}
#   - {precision: '4'}
# - name: HIP
#   datatype: int32
#   description: '? HIP cross-id number, van Leeuwen, Cat. I/311 (hip_original_ext_source_id)'
#   meta: !!omap
#   - {ucd: ID_NUMBER}
#   - {width: 6}
#   - values: {'null': -2147483648}
# - name: TYC2
#   datatype: string
#   description: Tycho-2 cross-id name, Hog et al., Cat. I/259 (tyc2_original_ext_source_id)
#   meta: !!omap
#   - {ucd: ID_CROSSID}
#   - {_votable_string_dtype: char}
# - name: Source
#   datatype: int64
#   description: Source identifier, identical to the Gaia-EDR3 source_id (id)
#   meta: !!omap
#   - {ucd: ID_MAIN}
#   - {width: 19}
# - name: rgeo
#   unit: pc
#   datatype: float64
#   format: '{:15.8f}'
#   description: '? Median of the geometric distance posterior (r_med_geo)'
#   meta: !!omap
#   - {ucd: PHYS_DISTANCE_TRUE}
#   - {width: 15}
#   - {precision: '8'}
#   - values: {'null': .nan}
# - name: Plx
#   unit: mas
#   datatype: float64
#   format: '{:9.4f}'
#   description: '? Parallax (parallax)'
#   meta: !!omap
#   - {ucd: POS_PARLX_TRIG}
#   - {width: 9}
#   - {precision: '4'}
#   - values: {'null': .nan}
# - name: e_Plx
#   unit: mas
#   datatype: float32
#   format: '{:7.4f}'
#   description: '? Standard error of parallax (parallax_error)'
#   meta: !!omap
#   - {ucd: ERROR}
#   - {width: 7}
#   - {precision: '4'}
#   - values: {'null': .nan}
# - name: pmRA
#   unit: mas / yr
#   datatype: float64
#   format: '{:9.3f}'
#   description: '? Proper motion in right ascension direction, pmRA*cosDE (pmra)'
#   meta: !!omap
#   - {ucd: POS_EQ_PMRA}
#   - {width: 9}
#   - {precision: '3'}
#   - values: {'null': .nan}
# - name: pmDE
#   unit: mas / yr
#   datatype: float64
#   format: '{:9.3f}'
#   description: '? Proper motion in declination direction (pmdec)'
#   meta: !!omap
#   - {ucd: POS_EQ_PMDEC}
#   - {width: 9}
#   - {precision: '3'}
#   - values: {'null': .nan}
# - name: e_pmRA
#   unit: mas / yr
#   datatype: float32
#   format: '{:6.3f}'
#   description: '? Standard error of proper motion in right ascension direction (pmra_error)'
#   meta: !!omap
#   - {ucd: ERROR}
#   - {width: 6}
#   - {precision: '3'}
#   - values: {'null': .nan}
# - name: e_pmDE
[...]
#         unit: &id001 !astropy.units.Unit {unit: deg}
#         value: !astropy.table.SerializedColumn {name: SkyCoord.dec}
#       distance: !astropy.table.SerializedColumn
#         __class__: astropy.coordinates.distances.Distance
#         unit: !astropy.units.Unit {unit: pc}
#         value: !astropy.table.SerializedColumn {name: SkyCoord.distance}
#       frame: icrs
#       obstime: !astropy.time.Time {format: jyear_str, in_subfmt: '*', jd1: 367701545.0, jd2: 0.0, out_subfmt: '*', precision: 3, scale: tt}
#       pm_dec: !astropy.table.SerializedColumn
#         __class__: astropy.units.quantity.Quantity
#         unit: !astropy.units.Unit {unit: mas / yr}
#         value: !astropy.table.SerializedColumn {name: SkyCoord.pm_dec}
#       pm_ra_cosdec: !astropy.table.SerializedColumn
#         __class__: astropy.units.quantity.Quantity
#         unit: !astropy.units.Unit {unit: mas / yr}
#         value: !astropy.table.SerializedColumn {name: SkyCoord.pm_ra_cosdec}
#       ra: !astropy.table.SerializedColumn
#         __class__: astropy.coordinates.angles.Longitude
#         unit: *id001
#         value: !astropy.table.SerializedColumn {name: SkyCoord.ra}
#         wrap_angle: !astropy.coordinates.Angle
#           unit: *id001
#           value: 360.0
#       representation_type: spherical
# schema: astropy-2.0
RA_ICRS_1 DE_ICRS_1 e_RA_ICRS e_DE_ICRS _r_1 HIP TYC2 Source rgeo Plx e_Plx pmRA pmDE e_pmRA e_pmDE RUWE Teff logg Gmag BP-RP BPmag RPmag RV e_RV b_rgeo B_rgeo FG e_FG FBP e_FBP FRP e_FRP RAVE5 RAVE6 e_Gmag e_BPmag e_RPmag e_BP-RP SkyCoord.ra SkyCoord.dec SkyCoord.distance SkyCoord.pm_ra_cosdec SkyCoord.pm_dec
[from data line 121]
5.41176697969 61.78341882808 0.0107 0.0106 3.3101 "" "" 430451694117098112 2408.4209 0.3857 0.0141 -2.86 -1.383 0.013 0.015 0.932 "" "" 13.963665 0.95244 14.342933 13.390492 "" "" 2331.75171 2493.34741 48919.37347 7.7689 25018.0 18.753 34911.0 15.287 "" "" 0.0027607100819042043 0.00290644 0.0038091678 0.006715608 5.41176697969 61.78341882808 2408.4209 -2.8599999999999994 -1.3829999999999996
5.75654352795 61.85750475486 0.0109 0.0106 8.8707 "" "" 430455301889605248 2242.99609 0.417 0.0146 -2.231 -1.211 0.013 0.014 1.003 9070.6 4.1053 13.987574 0.703877 14.257811 13.553934 "" "" 2180.37402 2311.09766 47853.90619 11.006 27058.0 19.468 30032.0 14.738 "" "" 0.0027666124812995205 0.002897462 0.0038167553 0.0067142174 5.75654352795 61.85750475486 2242.99609 -2.231 -1.2110000000000003
5.82400804625 61.91386009435 0.0121 0.0111 12.5864 "" "" 430457019876488832 2194.91577 0.4289 0.0155 -2.559 -0.906 0.014 0.014 0.988 9337.8 4.0821 14.011336 0.565437 14.223698 13.65826 "" "" 2118.31128 2265.23047 46817.92086 12.16 27921.0 15.844 27281.0 14.823 "" "" 0.002769713374645569 0.0028573833 0.0038251462 0.0066825296 5.82400804625 61.91386009435 2194.91577 -2.559 -0.9059999999999998
5.16955433988 61.77385233924 0.0105 0.0115 9.9384 "" "" 428962302536776192 2058.39185 0.4562 0.0141 -0.799 -4.359 0.013 0.016 0.973 5339.8 3.1551 14.025707 1.56582 14.755894 13.190074 -55.96 1.63 2010.58313 2111.57349 46202.34061 7.1532 17102.0 15.724 41988.0 19.208 "" "" 0.0027604430988837575 0.002963369 0.003811879 0.006775248 5.16955433988 61.77385233924 2058.39185 -0.7990000000000002 -4.359
5.89179792138 61.66244946669 0.0137 0.0142 12.1567 "" "" 430400876061870080 2110.5647 0.4468 0.0181 -2.192 -1.487 0.016 0.018 1.254 9896.1 4.0341 14.040113 0.522397 14.230863 13.708466 "" "" 2018.29651 2205.32642 45593.3531 14.741 27738.0 23.184 26048.0 14.04 "" "" 0.002777591507130561 0.0029340365 0.0038244224 0.006758459 5.89179792138 61.66244946669 2110.5647 -2.1919999999999997 -1.4870000000000005
5.20098659225 61.61029561053 0.0116 0.0127 12.8046 "" "" 428959175800685184 2524.71924 0.3696 0.0165 -2.192 -1.672 0.018 0.019 0.932 "" "" 14.048536 0.722196 14.322906 13.60071 "" "" 2425.64185 2626.74292 45240.99155 9.8662 25483.0 18.986 28766.0 19.543 "" "" 0.0027654752619831737 0.0029050654 0.0038506906 0.006755756 5.20098659225 61.61029561053 2524.71924 -2.1920000000000006 -1.6720000000000002
5.58420135491 61.92660145839 0.0112 0.0108 10.0839 "" "" 430459459417872384 2606.90796 0.3501 0.0146 -3.04 -1.043 0.013 0.015 1.025 "" "" 14.057258 0.692787 14.312427 13.619639 "" "" 2518.47266 2712.09351 44879.0609 56.661 25730.0 107.91 28268.0 125.32 "" "" 0.003077466694627039 0.0053403643 0.006119828 0.0114601925 5.58420135491 61.92660145839 2606.90796 -3.0399999999999996 -1.0429999999999997
5.50799831771 61.74363882647 0.0112 0.0109 1.1084 "" "" 430450835123679616 2686.97144 0.3475 0.0144 -3.488 -1.513 0.014 0.015 0.982 12192.3 3.8353 14.057569 0.598409 14.275814 13.677405 "" "" 2596.07104 2799.05469 44866.20431 10.85 26613.0 27.804 26804.0 19.801 "" "" 0.002767802218213036 0.0030119335 0.003863553 0.0068754866 5.50799831771 61.74363882647 2686.97144 -3.488 -1.513
5.9723048292 61.89596178297 0.0232 0.023 15.1746 "" "" 430410187551010944 2423.79224 0.393 0.0312 -2.76 -1.675 0.027 0.029 1.924 "" "" 14.069585 0.573225 14.010948 13.437723 "" "" 2248.85205 2636.80737 44372.40324 24.218 33965.0 495.8 33425.0 726.17 "" "" 0.002818323038203835 0.016092632 0.023888862 0.039981492 5.9723048292 61.89596178297 2423.79224 -2.76 -1.6750000000000003
5.64550309107 62.06898822675 0.0115 0.0109 18.7994 "" "" 430485332302012928 2675.30981 0.3498 0.0155 -2.963 -1.21 0.013 0.015 0.979 7907.5 3.845 14.081521 0.827085 14.40299 13.575906 "" "" 2567.97534 2792.21362 43887.24208 7.2531 23671.0 18.866 29430.0 17.518 "" "" 0.0027611567677148677 0.002921278 0.0038342406 0.0067555187 5.64550309107 62.06898822675 2675.30981 -2.9630000000000005 -1.2100000000000002
4.92064616377 61.62722990224 0.0192 0.0199 18.8236 "" "" 428957114216339840 2013.2887 0.4652 0.0266 2.118 -0.214 0.026 0.026 1.883 5017.0 3.1012 14.092309 1.691274 14.88738 13.196106 -8.02 1.99 1893.73462 2148.0957 43453.33708 12.703 15152.0 14.002 41756.0 29.21 "" "" 0.002773541494063847 0.0029650838 0.0038549437 0.0068200277 4.92064616377 61.62722990224 2013.2887 2.1180000000000003 -0.21400000000000002
5.57961753904 61.81961887404 0.011 0.0109 3.8967 "" "" 430452759268978048 2594.17773 0.3574 0.0144 -3.45 -1.35 0.013 0.015 1.012 9621.1 3.6727 14.098475 0.62303 14.329609 13.706579 "" "" 2499.43042 2689.77393 43207.25304 12.044 25326.0 22.285 26093.0 23.119 "" "" 0.002771892035359749 0.002949199 0.0038998905 0.0068490896 5.57961753904 61.81961887404 2594.17773 -3.45 -1.3500000000000003
5.28706281708 61.92114602665 0.0119 0.0113 11.6142 "" "" 430466056487600256 2725.271 0.3372 0.0155 -3.193 -1.43 0.014 0.015 0.987 "" "" 14.116014 0.841701 14.442705 13.601004 "" "" 2603.9834 2887.13721 42514.92543 9.199 22821.0 22.85 28758.0 17.393 "" "" 0.0027653169265359147 0.002994473 0.0038360043 0.006830477 5.28706281708 61.92114602665 2725.271 -3.193 -1.4299999999999997
4.98037321744 61.9352947077 0.0114 0.0132 18.469 "" "" 430468255510800640 2039.4895 0.4625 0.0157 -0.107 -0.937 0.015 0.018 0.972 9214.8 4.0695 14.116884 0.637432 14.359681 13.722249 "" "" 1984.12866 2116.2373 42480.84372 10.712 24635.0 16.225 25719.0 16.131 "" "" 0.002768888747014801 0.0028803458 0.0038402416 0.0067205876 4.98037321744 61.9352947077 2039.4895 -0.10699999999999998 -0.9369999999999999
5.7525282624 61.63875603843 0.0107 0.0107 9.9189 "" "" 430446059120104448 1936.23438 0.487 0.0146 -4.929 -0.767 0.014 0.014 0.968 8990.2 3.9977 14.123049 0.738424 14.409883 13.671459 "" "" 1878.79028 1993.61182 42240.32136 7.9442 23521.0 13.397 26951.0 11.595 "" "" 0.0027628762939962844 0.00285788 0.0038081387 0.0066660186 5.7525282624 61.63875603843 1936.23438 -4.929000000000001 -0.7669999999999999
5.82128677674 61.75507415792 0.0111 0.0122 8.5988 "" "" 430448567380966144 2624.71606 0.3484 0.0148 -1.332 -1.374 0.014 0.016 1.019 "" "" 14.15194 0.706317 14.420154 13.713837 "" "" 2545.64771 2731.98242 41131.1211 10.442 23300.0 16.7 25919.0 19.88 "" "" 0.0027690729750185997 0.0028966577 0.003870042 0.0067666997 5.82128677674 61.75507415792 2624.71606 -1.332 -1.3739999999999999
5.41692406233 62.0254860908 0.012 0.0112 16.1042 "" "" 430462379995506944 2442.30005 0.3805 0.0153 -2.959 -0.008 0.014 0.015 1.045 4847.4 2.5649 14.157735 1.75846 15.009621 13.251161 -82.44 1.83 2346.23682 2527.83179 40912.19682 6.9233 13538.0 13.371 39691.0 16.948 "" "" 0.00276143926693496 0.0029891417 0.0038077105 0.006796852 5.41692406233 62.0254860908 2442.30005 -2.9589999999999996 -0.007999999999999962
5.74319052135 61.49100687052 0.0112 0.0108 17.4406 "" "" 428942476968021248 2338.64307 0.3999 0.0142 -2.531 -1.395 0.013 0.014 1.061 "" "" 14.172576 0.456148 14.333904 13.877756 "" "" 2261.10864 2426.68604 40356.76377 10.344 25226.0 19.409 22287.0 13.648 "" "" 0.0027693382479237706 0.0029125405 0.0038374197 0.00674996 5.74319052135 61.49100687052 2338.64307 -2.5310000000000006 -1.3950000000000002
5.66349137165 61.46315209518 0.0378 0.0403 18.3653 "" "" 428942717481965312 2165.02075 0.4303 0.0363 -1.703 1.012 0.044 0.057 1.256 "" "" 14.193348 0.782458 13.551067 12.768609 "" "" 2033.19604 2329.28076 39592.00178 28.42 51879.0 39.57 61903.0 159.28 "" "" 0.002863424387058744 0.0029104722 0.004699816 0.0076102884 5.66349137165 61.46315209518 2165.02075 -1.7029999999999998 1.0120000000000002
5.13812106432 61.78348279703 0.0121 0.013 10.8817 "" "" 428963058451013632 2520.67993 0.3732 0.0166 -1.922 -0.869 0.014 0.017 0.998 "" "" 14.196124 0.742086 14.479994 13.737907 "" "" 2420.76489 2606.90845 39490.91958 8.7561 22051.0 15.976 25351.0 13.354 "" "" 0.0027658167597017303 0.0028989336 0.0038224112 0.006721345 5.13812106432 61.78348279703 2520.67993 -1.922 -0.869
5.92423883751 61.50085927032 0.0134 0.0139 19.443 "" "" 428897014731123072 1992.67334 0.4702 0.0176 -4.334 -0.785 0.016 0.018 1.247 6612.4 3.8489 14.199581 1.067146 14.639679 13.572533 -69.29 3.87 1924.42651 2070.1687 39365.35657 6.0633 19035.0 16.006 29522.0 20.159 "" "" 0.0027603905375555796 0.0029357374 0.0038514137 0.006787151 5.92423883751 61.50085927032 1992.67334 -4.334 -0.7850000000000003
5.29277577701 61.49044050142 0.0125 0.0135 17.4876 "" "" 428940793340785664 2574.66309 0.3435 0.0171 -0.863 0.051 0.016 0.02 1.07 "" "" 14.203587 2.68128 15.703536 13.022256 -49.13 1.38 2468.69922 2708.03784 39220.39176 12.353 7145.0 12.599 49007.0 25.585 "" "" 0.0027764601836466384 0.0033838449 0.0038216517 0.0072054965 5.29277577701 61.49044050142 2574.66309 -0.8629999999999999 0.050999999999999976
4.95290865125 61.71218679663 0.0118 0.0126 16.3443 "" "" 428963711286062592 2274.12207 0.4089 0.016 1.095 -1.354 0.016 0.017 0.981 9114.7 4.0378 14.214083 0.754061 14.507282 13.753222 "" "" 2200.78418 2340.64722 38843.0706 8.1436 21503.0 20.487 24996.0 17.687 "" "" 0.002764706906025236 0.002975753 0.003856676 0.006832429 4.95290865125 61.71218679663 2274.12207 1.0949999999999998 -1.3539999999999996
5.72548112599 61.61768228641 0.0115 0.0119 10.4391 "" "" 430445956040892032 2648.29492 0.3472 0.0158 -3.658 -0.42 0.016 0.017 0.964 5906.0 2.7402 14.221104 1.843732 15.124373 13.280642 -31.03 1.94 2535.32959 2747.37158 38592.7106 7.2872 12181.0 15.067 38628.0 22.772 "" "" 0.002762936735596106 0.0030965516 0.0038331982 0.0069297496 5.72548112599 61.61768228641 2648.29492 -3.6580000000000004 -0.42000000000000026
5.19368246583 61.81451240557 0.0115 0.012 9.7545 "" "" 430463582586527104 2672.88721 0.3493 0.0155 -3.697 -1.453 0.015 0.017 0.945 "" "" 14.22345 1.257263 14.75972 13.502457 "" "" 2548.18555 2815.57642 38509.4047 16.9 17042.0 30.796 31490.0 47.669 "" "" 0.002796215669244454 0.0034109345 0.0041212915 0.007532226 5.19368246583 61.81451240557 2672.88721 -3.697 -1.4529999999999998
5.70493999469 61.67774884808 0.0113 0.0115 7.295 "" "" 430447261710933376 2384.02539 0.3931 0.0149 -3.396 -0.993 0.014 0.015 1.014 "" "" 14.254064 0.812897 14.565317 13.75242 "" "" 2317.91064 2467.45435 37438.73066 17.346 20384.0 31.603 25014.0 36.855 "" "" 0.002800863912607838 0.0032586146 0.0041039926 0.007362607 5.70493999469 61.67774884808 2384.02539 -3.3959999999999995 -0.9930000000000003
5.34487167931 61.94486236162 0.0127 0.0118 12.0573 "" "" 430460249691800576 2588.32812 0.3589 0.0164 -3.57 -1.655 0.015 0.016 0.969 "" "" 14.262294 0.681039 14.515952 13.834913 "" "" 2496.90845 2691.39233 37156.0195 9.714 21332.0 18.824 23184.0 31.004 "" "" 0.0027699028546451076 0.002950081 0.0040486916 0.0069987727 5.34487167931 61.94486236162 2588.32812 -3.5699999999999994 -1.655
5.38557612574 61.94451445675 0.0136 0.0125 11.6151 "" "" 430460211024683776 1955.06213 0.4841 0.0179 -2.759 -1.83 0.016 0.017 1.076 6566.0 3.8032 14.274824 1.112932 14.733015 13.620083 -56.24 8.47 1882.68408 2025.30457 36729.6719 6.9498 17467.0 20.554 28257.0 24.36 "" "" 0.002762968320172668 0.0030687726 0.0038935614 0.006962334 5.38557612574 61.94451445675 1955.06213 -2.7590000000000003 -1.83
5.96445495646 62.00612304372 0.0157 0.0177 19.3506 "" "" 430434548606504704 1936.01709 0.4849 0.023 -0.165 -0.95 0.019 0.023 1.302 6599.9 3.8089 14.291632 1.037017 14.714089 13.677073 -25.35 6.77 1853.05786 2008.10046 36165.46267 9.805 17774.0 15.789 26812.0 16.485 "" "" 0.0027709992512061393 0.002952164 0.0038378835 0.0067900475 5.96445495646 62.00612304372 1936.01709 -0.165 -0.95
5.67735967555 61.77129126964 0.0115 0.0117 4.5419 "" "" 430449151496495872 2214.6687 0.4226 0.0158 0.152 -0.781 0.015 0.016 0.877 "" "" 14.296695 1.175323 14.800347 13.625025 -34.93 9.1 2148.91724 2297.56055 35997.19462 6.2748 16416.0 15.081 28129.0 16.021 "" "" 0.0027618124855276855 0.0029630957 0.0038296382 0.006792734 5.67735967555 61.77129126964 2214.6687 0.15200000000000002 -0.7810000000000002
5.49322481142 61.85200436366 0.012 0.0111 5.484 "" "" 430453137226066176 2106.41943 0.4439 0.015 -2.676 -1.285 0.014 0.015 0.948 10100.0 4.1447 14.304388 0.481356 14.479876 13.99852 "" "" 2051.03589 2185.27466 35743.04856 9.1982 22053.0 16.021 19941.0 13.434 "" "" 0.0027694506776972396 0.0028995161 0.0038495117 0.006749028 5.49322481142 61.85200436366 2106.41943 -2.6760000000000006 -1.2850000000000001
5.36340786952 61.73935187335 0.013 0.0139 4.6048 "" "" 430451384879610112 1944.98462 0.483 0.0174 0.031 -0.576 0.016 0.021 1.159 7065.6 3.7644 14.309736 1.203873 14.818263 13.61439 -29.61 7.4 1887.51343 2007.88306 35567.42233 7.1959 16148.0 22.605 28405.0 21.631 "" "" 0.0027640624561101625 0.0031772773 0.0038687652 0.0070460425 5.36340786952 61.73935187335 1944.98462 0.030999999999999993 -0.5760000000000001
5.48879558048 61.74725560149 0.0127 0.0117 1.201 "" "" 430450835123674752 2791.59253 0.3282 0.0156 -3.247 -1.429 0.017 0.016 1.054 10093.1 3.7701 14.311356 1.032143 14.718139 13.685996 "" "" 2671.3501 2919.26074 35514.39847 7.4806 17708.0 32.837 26593.0 35.174 "" "" 0.002764794876648355 0.003440728 0.0040430254 0.0074837534 5.48879558048 61.74725560149 2791.59253 -3.2469999999999994 -1.429
5.70530712687 61.86249413075 0.1113 0.1094 8.0472 "" "" 430455748566194432 2009.92554 0.5257 0.1482 -2.207 0.022 0.135 0.142 9.192 6155.7 3.9328 14.312926 1.162569 14.792438 13.629869 -59.98 7.29 1599.82178 2803.77808 35463.06165 27.772 16536.0 15.72 28003.0 17.73 "" "" 0.0028835296206444444 0.0029749621 0.0038413913 0.0068163536 5.70530712687 61.86249413075 2009.92554 -2.2069999999999994 0.02199999999999994
5.2779439034 61.46361799148 0.0132 0.0143 19.1417 "" "" 428940655901856000 2260.02905 0.4084 0.0189 -2.915 -3.973 0.018 0.022 1.124 4734.1 2.9947 14.320219 1.814797 15.163381 13.348583 -41.4 1.78 2168.35864 2351.39941 35225.66639 9.6437 11751.0 59.314 36285.0 131.81 "" "" 0.002771306845906262 0.0061497204 0.005462553 0.011612274 5.2779439034 61.46361799148 2260.02905 -2.915 -3.973
4.98509390019 61.91474351543 0.0121 0.0144 17.6916 "" "" 430468221151083008 2481.36768 0.3716 0.0167 -1.359 0.131 0.015 0.019 0.984 9373.8 4.0851 14.330019 0.818478 14.651378 13.8329 "" "" 2394.82422 2598.54443 34909.12857 10.424 18831.0 20.301 23227.0 18.415 "" "" 0.002774328437866778 0.0030257395 0.0038761715 0.006901911 4.98509390019 61.91474351543 2481.36768 -1.3589999999999998 0.131
5.2101738335 61.92500806282 0.0121 0.013 13.1406 "" "" 430465919048632320 2505.46753 0.3704 0.0165 -2.087 -1.509 0.015 0.018 0.99 "" "" 14.374134 1.103472 14.835605 13.732133 -66.83 7.92 2390.19507 2604.34985 33519.14898 5.8808 15892.0 14.366 25486.0 15.856 "" "" 0.0027618970105286584 0.0029577613 0.0038392718 0.0067970334 5.2101738335 61.92500806282 2505.46753 -2.087 -1.5090000000000001
5.76178732307 61.53208465239 0.0123 0.0119 15.404 "" "" 428944091875691392 2468.22559 0.3724 0.0158 -1.481 -0.601 0.015 0.016 1.013 6754.3 3.7622 14.374493 1.199264 14.889125 13.68986 -21.4 8.82 2396.90527 2571.84058 33508.10167 8.8495 15127.0 21.096 26498.0 23.438 "" "" 0.002770200551679078 0.0031745436 0.0038994881 0.007074032 5.76178732307 61.53208465239 2468.22559 -1.4810000000000003 -0.601
5.7774983353 61.88859993164 0.0129 0.013 10.5827 "" "" 430455473688276096 2122.43091 0.4406 0.0172 -4.867 -1.118 0.016 0.017 0.956 5035.3 3.2493 14.379792 1.484096 15.06168 13.577584 -69.73 2.85 2046.34949 2197.75098 33344.92126 5.7794 12905.0 11.608 29385.0 14.878 "" "" 0.002761738899527261 0.0029561506 0.003819152 0.006775303 5.7774983353 61.88859993164 2122.43091 -4.867 -1.1179999999999997
5.16976036151 61.94561739706 0.014 0.0144 14.8228 "" "" 430466674962850560 2326.20166 0.4012 0.0183 -2.769 -1.062 0.016 0.019 1.033 "" "" 14.388429 0.725836 14.666881 13.941045 "" "" 2226.2312 2444.55005 33080.74565 8.194 18564.0 20.499 21025.0 16.875 "" "" 0.0027684137446211416 0.0030368445 0.0038785457 0.0069153905 5.16976036151 61.94561739706 2326.20166 -2.7689999999999997 -1.062
