Clusters/Mayer_1/Mayer_1_stars_in_region.tsv
# %ECSV 1.0
# ---
# datatype:
# - name: RA_ICRS_1
#   unit: deg
#   datatype: float64
#   format: '{:15.11f}'
#   description: Right ascension (ICRS) at Ep=2016.0 (ra)
#   meta: !!omap
#   - {ucd: POS_EQ_RA_MAIN}
#   - {width: 15}
#   - {precision: '11'}
# - name: DE_ICRS_1
#   unit: deg
#   datatype: float64
#   format: '{:15.11f}'
#   description: Declination (ICRS) at Ep=2016.0 (dec)
#   meta: !!omap
#   - {ucd: POS_EQ_DEC_MAIN}
#   - {width: 15}
#   - {precision: '11'}
# - name: e_RA_ICRS
#   unit: mas
#   datatype: float64
#   format: '{:7.4f}'
#   description: Standard error of right ascension (ra_error)
#   meta: !!omap
#   - {ucd: ERROR}
#   - {width: 7}
#   - {precision: '4'}
# - name: e_DE_ICRS
#   unit: mas
#   datatype: float64
#   format: '{:7.4f}'
#   description: Standard error of declination (dec_error)
#   meta: !!omap
#   - {ucd: ERROR}
#   - {width: 7}
#   - {precision: '4'}
# - name: _r_1
#   unit: ''
#   datatype: float64
#   format: '{:7.4f}'
#   description: Distance from center (005.51871706000+61.76140198000)[ICRS], at Epoch=J2016.0
#   meta: !!omap
#   - {ucd: POS_ANG_DIST_GENERAL}
#   - {width: 7}
#   - {precision: '4'}
# - name: HIP
#   datatype: int32
#   description: '? HIP cross-id number, van Leeuwen, Cat. I/311 (hip_original_ext_source_id)'
#   meta: !!omap
#   - {ucd: ID_NUMBER}
#   - {width: 6}
#   - values: {'null': -2147483648}
# - name: TYC2
#   datatype: string
#   description: Tycho-2 cross-id name, Hog et al., Cat. I/259 (tyc2_original_ext_source_id)
#   meta: !!omap
#   - {ucd: ID_CROSSID}
#   - {_votable_string_dtype: char}
# - name: Source
#   datatype: int64
#   description: Source identifier, identical to the Gaia-EDR3 source_id (id)
#   meta: !!omap
#   - {ucd: ID_MAIN}
#   - {width: 19}
# - name: rgeo
#   unit: pc
#   datatype: float64
#   format: '{:15.8f}'
#   description: '? Median of the geometric distance posterior (r_med_geo)'
#   meta: !!omap
#   - {ucd: PHYS_DISTANCE_TRUE}
#   - {width: 15}
#   - {precision: '8'}
#   - values: {'null': .nan}
# - name: Plx
#   unit: mas
#   datatype: float64
#   format: '{:9.4f}'
#   description: '? Parallax (parallax)'
#   meta: !!omap
#   - {ucd: POS_PARLX_TRIG}
#   - {width: 9}
#   - {precision: '4'}
#   - values: {'null': .nan}
# - name: e_Plx
#   unit: mas
#   datatype: float32
#   format: '{:7.4f}'
#   description: '? Standard error of parallax (parallax_error)'
#   meta: !!omap
#   - {ucd: ERROR}
#   - {width: 7}
#   - {precision: '4'}
#   - values: {'null': .nan}
# - name: pmRA
#   unit: mas / yr
#   datatype: float64
#   format: '{:9.3f}'
#   description: '? Proper motion in right ascension direction, pmRA*cosDE (pmra)'
#   meta: !!omap
#   - {ucd: POS_EQ_PMRA}
#   - {width: 9}
#   - {precision: '3'}
#   - values: {'null': .nan}
# - name: pmDE
#   unit: mas / yr
#   datatype: float64
#   format: '{:9.3f}'
#   description: '? Proper motion in declination direction (pmdec)'
#   meta: !!omap
#   - {ucd: POS_EQ_PMDEC}
#   - {width: 9}
#   - {precision: '3'}
#   - values: {'null': .nan}
# - name: e_pmRA
#   unit: mas / yr
#   datatype: float32
#   format: '{:6.3f}'
#   description: '? Standard error of proper motion in right ascension direction (pmra_error)'
#   meta: !!omap
#   - {ucd: ERROR}
#   - {width: 6}
#   - {precision: '3'}
#   - values: {'null': .nan}
# - name: e_pmDE
[...]
#         unit: &id001 !astropy.units.Unit {unit: deg}
#         value: !astropy.table.SerializedColumn {name: SkyCoord.dec}
#       distance: !astropy.table.SerializedColumn
#         __class__: astropy.coordinates.distances.Distance
#         unit: !astropy.units.Unit {unit: pc}
#         value: !astropy.table.SerializedColumn {name: SkyCoord.distance}
#       frame: icrs
#       obstime: !astropy.time.Time {format: jyear_str, in_subfmt: '*', jd1: 367701545.0, jd2: 0.0, out_subfmt: '*', precision: 3, scale: tt}
#       pm_dec: !astropy.table.SerializedColumn
#         __class__: astropy.units.quantity.Quantity
#         unit: !astropy.units.Unit {unit: mas / yr}
#         value: !astropy.table.SerializedColumn {name: SkyCoord.pm_dec}
#       pm_ra_cosdec: !astropy.table.SerializedColumn
#         __class__: astropy.units.quantity.Quantity
#         unit: !astropy.units.Unit {unit: mas / yr}
#         value: !astropy.table.SerializedColumn {name: SkyCoord.pm_ra_cosdec}
#       ra: !astropy.table.SerializedColumn
#         __class__: astropy.coordinates.angles.Longitude
#         unit: *id001
#         value: !astropy.table.SerializedColumn {name: SkyCoord.ra}
#         wrap_angle: !astropy.coordinates.Angle
#           unit: *id001
#           value: 360.0
#       representation_type: spherical
# schema: astropy-2.0
RA_ICRS_1 DE_ICRS_1 e_RA_ICRS e_DE_ICRS _r_1 HIP TYC2 Source rgeo Plx e_Plx pmRA pmDE e_pmRA e_pmDE RUWE Teff logg Gmag BP-RP BPmag RPmag RV e_RV b_rgeo B_rgeo FG e_FG FBP e_FBP FRP e_FRP RAVE5 RAVE6 e_Gmag e_BPmag e_RPmag e_BP-RP SkyCoord.ra SkyCoord.dec SkyCoord.distance SkyCoord.pm_ra_cosdec SkyCoord.pm_dec
[from data line 818]
6.2062372051 61.70518374316 0.0338 0.037 19.8246 "" "" 430403556121575936 2300.5896 0.42 0.046 -5.851 -1.046 0.041 0.048 1.003 5653.6 4.5753 16.613495 1.24469 17.138735 15.894045 "" "" 2103.3606 2525.78809 4261.36403 2.013 1905.1 8.0024 3479.7 10.556 "" "" 0.0028026487049026823 0.0053464556 0.0050131907 0.010359647 6.2062372051 61.70518374316 2300.5896 -5.851 -1.046
5.81337390725 62.04654853475 0.0384 0.0347 19.0272 "" "" 430481724529494272 1964.6189 0.5066 0.051 2.742 0.808 0.044 0.044 1.046 5681.9 4.6563 16.613539 1.293127 17.188137 15.89501 "" "" 1799.70764 2165.97681 4261.19141 1.9872 1820.4 7.2383 3476.6 5.6613 "" "" 0.002801456917851324 0.0051402887 0.0041724816 0.00931277 5.81337390725 62.04654853475 1964.6189 2.742 0.808
5.20136576478 61.69363999937 0.0346 0.036 9.8931 "" "" 428961546622573824 1943.03125 0.5064 0.0479 -1.614 0.105 0.049 0.055 0.962 5567.6 4.5965 16.615305 1.268831 17.169825 15.900993 "" "" 1760.38599 2172.57959 4254.2709 2.0343 1851.3 8.4087 3457.5 8.6078 "" "" 0.0028038067985457897 0.0056660776 0.004646527 0.010312605 5.20136576478 61.69363999937 1943.03125 -1.614 0.10500000000000004
5.49002024862 62.00865193418 0.0354 0.0342 14.8572 "" "" 430461383563123712 2778.39136 0.3356 0.0476 -1.741 -1.271 0.044 0.047 1.032 8106.2 4.3671 16.618034 1.142019 17.107382 15.965363 "" "" 2483.69775 3205.79297 4243.58935 1.9247 1960.9 6.6801 3258.5 8.4072 "" "" 0.0027989796931820778 0.0046330984 0.0047043543 0.009337453 5.49002024862 62.00865193418 2778.39136 -1.7410000000000003 -1.2710000000000001
5.0015657933 61.7781010056 0.034 0.0388 14.7114 "" "" 428965704152186112 2041.67236 0.4637 0.0464 -2.918 -4.079 0.043 0.055 0.985 5836.9 4.5504 16.619204 1.263291 17.176346 15.913054 "" "" 1893.46045 2333.66577 4239.01698 1.9644 1840.3 6.8366 3419.3 9.4873 "" "" 0.002800881920296218 0.004904458 0.0048331143 0.009737572 5.0015657933 61.7781010056 2041.67236 -2.9179999999999997 -4.079
5.47551035635 62.09065969496 0.0362 0.0334 19.7931 "" "" 430462826672053632 2519.14575 0.3702 0.0467 -0.775 -1.366 0.045 0.047 0.972 7120.3 4.3719 16.62226 1.362453 17.231722 15.869269 "" "" 2231.04663 2843.87231 4227.10412 1.9736 1748.8 6.9004 3560.0 9.4962 "" "" 0.0028015635920997104 0.005112579 0.004761463 0.009874042 5.47551035635 62.09065969496 2519.14575 -0.775 -1.366
5.46675754661 61.60907448002 0.0412 0.0405 9.2585 "" "" 428948386843972480 2387.41162 0.3791 0.0556 0.722 0.491 0.055 0.062 1.072 8358.0 4.0197 16.624401 2.102728 17.690607 15.587879 "" "" 2123.76611 2669.25708 4218.77192 2.4951 1146.0 6.7578 4613.2 7.8072 "" "" 0.002829156506864189 0.0069839954 0.0042023775 0.0111863725 5.46675754661 61.60907448002 2387.41162 0.722 0.49100000000000005
5.49665261538 62.05976931109 0.0365 0.0338 17.9129 "" "" 430462689233130624 2075.78394 0.4509 0.0488 -3.326 -1.307 0.045 0.046 0.983 "" "" 16.627537 1.234295 17.16294 15.928644 "" "" 1896.55408 2300.59521 4206.60589 1.873 1863.1 9.6845 3370.5 10.27 "" "" 0.0027974077969655383 0.006295761 0.0050227833 0.011318544 5.49665261538 62.05976931109 2075.78394 -3.326 -1.307
5.36468468274 62.08876150225 0.0352 0.0332 20.1174 "" "" 430462998471128192 2603.98853 0.3653 0.0453 -1.14 -0.999 0.043 0.045 1.028 8168.8 4.3485 16.632526 1.243988 17.168901 15.924913 "" "" 2349.76807 2989.38916 4187.31944 2.0402 1852.9 7.5668 3382.1 9.2681 "" "" 0.0028056438123274913 0.0052387402 0.0048099943 0.010048734 5.36468468274 62.08876150225 2603.98853 -1.14 -0.9989999999999999
5.55013872128 62.05929633381 0.0352 0.0335 17.8957 "" "" 430462002038369664 2803.18579 0.3414 0.0478 -1.333 -0.595 0.044 0.046 1.032 7920.4 4.3527 16.633678 1.405545 17.265408 15.859862 "" "" 2537.39453 3180.82812 4182.88187 1.9963 1695.3 7.4771 3591.0 9.1885 "" "" 0.002803621282106315 0.0055422 0.0046906043 0.010232804 5.55013872128 62.05929633381 2803.18579 -1.3329999999999997 -0.595
4.8609026637 61.67666466853 0.0956 0.1001 19.3789 "" "" 428957801411075456 2849.34521 0.3802 0.1323 19.851 -6.109 0.126 0.132 2.744 5179.2 4.7273 16.635221 1.397664 17.184769 15.787105 "" "" 2031.49194 4118.88623 4176.93854 6.0693 1826.0 9.615 3839.9 10.097 "" "" 0.0031750121553605743 0.0063615907 0.0047364966 0.011098087 4.8609026637 61.67666466853 2849.34521 19.851 -6.109
5.19548956691 61.48420566944 0.0363 0.0361 19.0151 "" "" 428951066902552192 1920.49719 0.5034 0.0498 -2.451 -0.871 0.046 0.05 0.982 5135.4 4.3785 16.636602 1.207245 17.155571 15.948326 "" "" 1762.62622 2104.29077 4171.62791 2.1634 1875.8 9.1581 3310.0 8.4894 "" "" 0.002812263719735978 0.0059903045 0.0046944753 0.01068478 5.19548956691 61.48420566944 1920.49719 -2.4509999999999996 -0.8710000000000001
5.90281190878 61.56638483788 0.0341 0.0344 16.0176 "" "" 430398642679053312 2349.83862 0.399 0.0471 0.791 -0.034 0.043 0.045 0.974 5668.9 4.6281 16.638401 1.152165 17.137959 15.985793 "" "" 2149.06885 2589.74976 4164.72311 1.923 1906.5 8.8537 3197.7 7.0 "" "" 0.002800556005795032 0.005762631 0.004464605 0.010227236 5.90281190878 61.56638483788 2349.83862 0.791 -0.034
5.64091416821 61.75808029441 0.041 0.0387 3.4749 "" "" 430449215907773440 2597.87305 0.373 0.0531 -1.557 0.226 0.051 0.053 1.294 7663.4 4.4069 16.642727 1.415301 17.253735 15.838433 "" "" 2255.78711 3025.15479 4148.16303 2.8774 1713.7 10.015 3662.6 11.294 "" "" 0.0028563947494432084 0.0069315014 0.005049028 0.01198053 5.64091416821 61.75808029441 2597.87305 -1.557 0.22600000000000003
6.02570276568 61.73786528568 0.034 0.0338 14.4672 "" "" 430406506752884480 2252.36011 0.4263 0.0456 -2.442 -1.17 0.041 0.044 0.972 5751.3 4.5653 16.644175 1.144424 17.131239 15.986815 "" "" 2056.15137 2560.29321 4142.64098 1.984 1918.3 8.5989 3194.7 9.1654 "" "" 0.0028039563309011305 0.005609953 0.0048975907 0.010507544 6.02570276568 61.73786528568 2252.36011 -2.442 -1.1699999999999995
5.29055505037 61.62490872125 0.038 0.0379 10.4503 "" "" 428947905806498944 2016.49475 0.4842 0.0525 -3.093 -1.451 0.051 0.056 1.025 5653.1 4.6006 16.644522 1.246303 17.183756 15.937453 "" "" 1792.71448 2341.60083 4141.31272 2.1869 1827.7 9.1769 3343.3 7.982 "" "" 0.0028143405293372943 0.006124036 0.0045829015 0.010706937 5.29055505037 61.62490872125 2016.49475 -3.093 -1.451
5.85447488843 61.69485006076 0.036 0.0354 10.3438 "" "" 430447948905702016 2454.99536 0.3806 0.0472 -0.597 -0.827 0.042 0.045 1.028 5828.4 4.6541 16.645802 1.158089 17.13662 15.978531 "" "" 2244.85522 2790.00024 4136.43661 1.9877 1908.8 7.9297 3219.2 7.9836 "" "" 0.002804281602357681 0.005303704 0.0046404665 0.009944171 5.85447488843 61.69485006076 2454.99536 -0.597 -0.827
5.81774280599 61.97067361777 0.0364 0.0362 15.1404 "" "" 430457603991982848 1981.95471 0.4885 0.0493 5.942 -0.591 0.043 0.046 1.031 4822.2 4.3234 16.648933 1.400554 17.282896 15.882342 "" "" 1821.29407 2201.14478 4124.51701 1.9961 1668.2 7.1875 3517.4 8.3724 "" "" 0.0028049758984824333 0.0054468443 0.0045784963 0.010025341 5.81774280599 61.97067361777 1981.95471 5.942000000000002 -0.5910000000000001
5.35461196938 61.64350948034 0.0375 0.0382 8.4748 "" "" 428949245836287360 2811.7312 0.344 0.0523 1.776 -1.618 0.051 0.057 1.07 5780.8 4.5147 16.650087 1.375899 17.267706 15.891807 "" "" 2461.55469 3350.30054 4120.13732 1.9159 1691.7 8.9727 3486.9 11.013 "" "" 0.002801194388729537 0.006399033 0.005103235 0.011502268 5.35461196938 61.64350948034 2811.7312 1.776 -1.6179999999999999
5.53170263997 61.52134160557 0.0362 0.0362 14.4084 "" "" 428946046076916992 2446.35669 0.3811 0.0473 2.207 -0.735 0.044 0.05 0.947 5594.3 4.5213 16.650963 1.123457 17.127218 16.003761 "" "" 2204.33472 2801.68945 4116.81773 1.9169 1925.4 8.068 3145.2 9.7991 "" "" 0.0028013153768521974 0.005336996 0.005072112 0.010409108 5.53170263997 61.52134160557 2446.35669 2.2070000000000003 -0.7349999999999999
5.61052049476 61.9003315557 0.0342 0.0328 8.7319 "" "" 430459352031029504 2744.55835 0.3582 0.0447 -1.547 -0.731 0.041 0.044 0.997 5664.4 4.5378 16.65484 1.24543 17.195433 15.950003 "" "" 2437.18188 3022.91919 4102.13798 1.9102 1808.2 6.999 3304.9 8.1967 "" "" 0.0028013218407938237 0.0050444575 0.004640574 0.009685032 5.61052049476 61.9003315557 2744.55835 -1.5470000000000002 -0.731
5.68574483335 61.84304214187 0.0341 0.0339 6.8131 "" "" 430455611127254528 2480.54956 0.3704 0.0457 -1.171 1.21 0.044 0.045 1.025 5811.6 4.5233 16.657187 1.221827 17.188051 15.966225 "" "" 2209.27808 2778.32495 4093.28998 2.1577 1820.5 8.448 3255.9 8.2295 "" "" 0.0028141331695381846 0.0057593337 0.004670625 0.010429959 5.68574483335 61.84304214187 2480.54956 -1.171 1.21
5.58181113614 62.09436349622 0.0359 0.0346 20.057 "" "" 430485401021611136 2272.25635 0.4134 0.0486 -5.332 -3.617 0.045 0.048 0.975 4707.3 4.2601 16.657967 1.333388 17.243334 15.909945 "" "" 2072.15088 2548.64966 4090.34369 1.8827 1730.1 10.289 3429.1 10.015 "" "" 0.00280027340990154 0.0070339907 0.0049334485 0.011967439 5.58181113614 62.09436349622 2272.25635 -5.332 -3.6170000000000004
5.80606553386 61.9144729494 0.0363 0.0364 12.2704 "" "" 430457019876487040 2634.05884 0.3812 0.0479 -6.688 -0.432 0.043 0.047 1.027 5606.9 4.5913 16.658518 1.146277 17.123352 15.977075 "" "" 2296.72656 3086.35059 4088.2687 2.0253 1932.3 10.169 3223.5 9.3585 "" "" 0.0028073278099115242 0.006358695 0.0049213404 0.011280036 5.80606553386 61.9144729494 2634.05884 -6.688 -0.43200000000000005
5.96759325785 61.74233488296 0.0331 0.0358 12.7982 "" "" 430407232613454592 2486.97461 0.3846 0.0448 -2.368 -2.083 0.041 0.045 1.009 5803.7 4.6334 16.659922 1.205165 17.176271 15.971107 "" "" 2276.40918 2735.09277 4082.99009 1.9353 1840.4 12.1 3241.3 10.918 "" "" 0.002802968501411314 0.007664268 0.005259164 0.0129234325 5.96759325785 61.74233488296 2486.97461 -2.3679999999999994 -2.083
5.62263454369 61.70744501275 0.0361 0.0322 4.3817 "" "" 430447570948564608 2719.42798 0.3667 0.0454 -1.967 -0.771 0.046 0.043 1.001 6105.0 4.4531 16.66172 1.237907 17.190968 15.953061 "" "" 2328.8269 3068.34668 4076.23145 1.9235 1815.6 11.717 3295.6 9.8264 "" "" 0.0028025490076055027 0.0075419154 0.004976334 0.012518249 5.62263454369 61.70744501275 2719.42798 -1.967 -0.7709999999999999
5.27729349514 61.70222124041 0.0348 0.0364 7.7248 "" "" 428961443543359872 2667.8042 0.3398 0.0474 -3.175 -2.135 0.045 0.053 0.941 4816.2 3.4966 16.663134 2.493514 17.984062 15.490548 "" "" 2343.77466 2989.95117 4070.9274 2.2854 874.56 9.8911 5045.9 20.619 "" "" 0.0028219342527070375 0.012592467 0.005828157 0.018420624 5.27729349514 61.70222124041 2667.8042 -3.175 -2.135
5.00054727731 61.66426663364 0.0353 0.037 15.8442 "" "" 428960515830423552 2300.82007 0.425 0.0477 -3.704 -1.362 0.049 0.051 1.004 5854.3 4.6476 16.666601 1.213491 17.196335 15.982844 "" "" 2055.21191 2574.35791 4057.94331 1.9424 1806.7 9.7191 3206.4 9.9172 "" "" 0.0028039049233232346 0.006472923 0.005055756 0.011528678 5.00054727731 61.66426663364 2300.82007 -3.704 -1.362
5.52937231455 61.59793438915 0.0375 0.0331 9.8127 "" "" 428948111964983296 2005.55798 0.4693 0.0491 -1.278 -0.666 0.047 0.046 0.936 5593.5 4.0484 16.668964 1.243852 17.218168 15.974317 "" "" 1832.63672 2225.17407 4049.12051 1.9579 1770.7 13.447 3231.7 12.782 "" "" 0.0028048899865316256 0.008704566 0.0057205516 0.0144251175 5.52937231455 61.59793438915 2005.55798 -1.278 -0.6659999999999999
5.38708599755 61.96132049657 0.0367 0.0342 12.5601 "" "" 430460318411266560 2121.52734 0.4516 0.0471 -0.508 0.708 0.043 0.046 0.935 5564.3 4.564 16.670908 1.234988 17.210804 15.975816 "" "" 1954.98645 2415.58838 4041.88112 1.8652 1782.8 6.8389 3227.2 7.4949 "" "" 0.002800504110117117 0.0050131534 0.0045433296 0.0095564835 5.38708599755 61.96132049657 2121.52734 -0.5079999999999999 0.708
4.82636462283 61.67934530154 0.0353 0.0369 20.2875 "" "" 428958553021450240 2318.75024 0.4123 0.0492 -1.953 -0.856 0.046 0.05 0.974 5552.3 4.5999 16.673079 1.212712 17.199589 15.986876 "" "" 2079.42285 2632.01807 4033.81115 2.1186 1801.3 9.0286 3194.5 9.5773 "" "" 0.002813709842053939 0.006115589 0.0049879267 0.0111035155 4.82636462283 61.67934530154 2318.75024 -1.9530000000000003 -0.8560000000000001
5.85963294595 61.67346593487 0.0359 0.0356 11.035 "" "" 430447811466756096 2221.54688 0.4367 0.0472 -0.572 -1.818 0.043 0.045 1.02 5796.1 4.6465 16.674614 1.185993 17.18984 16.003847 "" "" 2009.5481 2458.99023 4028.10646 1.9827 1817.5 6.9477 3145.0 7.1703 "" "" 0.0028066690298690967 0.0050010947 0.0045178765 0.009518972 5.85963294595 61.67346593487 2221.54688 -0.572 -1.8179999999999996
5.94781866655 61.9626590487 0.4851 0.5415 17.1241 "" "" 430433998853931136 2531.40845 1.7232 0.6951 -1.216 1.846 0.586 0.707 15.611 "" "" 16.68215 1.505508 17.128729 15.62322 "" "" 1666.35791 3265.76685 4000.24552 30.253 1922.8 8.5093 4465.5 12.463 "" "" 0.008661144652649872 0.005556265 0.0048441794 0.010400444 5.94781866655 61.9626590487 2531.40845 -1.2160000000000002 1.8460000000000003
6.00841881271 61.7617416742 0.0341 0.0367 13.9019 "" "" 430407301333026688 2547.16846 0.3924 0.0471 -2.218 -1.523 0.042 0.046 1.043 5574.2 4.5654 16.685303 1.186598 17.210365 16.023767 "" "" 2230.72217 2889.29126 3988.64473 2.1706 1783.5 14.63 3087.8 14.188 "" "" 0.0028179594569353963 0.00933309 0.0062587443 0.015591834 6.00841881271 61.7617416742 2547.16846 -2.217999999999999 -1.5230000000000001
5.31868020847 62.0823133534 0.0365 0.034 20.0663 "" "" 430474337184393728 2150.85498 0.4518 0.047 -0.907 -1.073 0.043 0.045 0.993 5720.2 4.6491 16.685778 1.203188 17.205324 16.002136 "" "" 1882.88721 2421.02808 3986.90281 2.0351 1791.8 8.3827 3150.0 9.7597 "" "" 0.002810504969971721 0.005795351 0.0050596367 0.010854987 5.31868020847 62.0823133534 2150.85498 -0.9070000000000001 -1.073
4.98630009663 61.67090321218 0.035 0.0366 16.0812 "" "" 428960515830419584 2187.74121 0.4352 0.0477 -3.044 -0.931 0.047 0.05 1.002 9421.7 3.6625 16.686052 1.601411 17.406513 15.805102 "" "" 2014.31799 2401.81592 3985.89799 2.0232 1488.7 6.8103 3776.7 13.573 "" "" 0.0028098949739828833 0.005696921 0.005432252 0.0111291725 4.98630009663 61.67090321218 2187.74121 -3.044 -0.9310000000000002
6.11467867857 61.72078399298 0.0349 0.0367 17.1042 "" "" 430406270540893184 2674.10083 0.3576 0.049 -0.175 -4.957 0.04 0.048 0.998 5639.6 4.5197 16.686398 1.422914 17.332167 15.909253 "" "" 2402.19873 2974.20776 3984.62588 1.8246 1594.2 7.7053 3431.3 10.649 "" "" 0.0027998155014566737 0.005943372 0.005063371 0.011006743 6.11467867857 61.72078399298 2674.10083 -0.17499999999999993 -4.957
5.67582207565 62.05345312257 0.0371 0.0343 18.0765 "" "" 430482377364518784 2100.7439 0.4469 0.0494 -0.738 0.543 0.045 0.046 0.981 4823.0 4.2914 16.686848 1.609667 17.439825 15.830158 "" "" 1927.99597 2296.35596 3982.97817 1.9586 1443.7 7.4426 3690.6 11.494 "" "" 0.0028065711272577763 0.006254108 0.005071262 0.0113253705 5.67582207565 62.05345312257 2100.7439 -0.7380000000000001 0.543
4.93448815195 61.57111739812 0.0369 0.0359 20.1774 "" "" 428955396229465984 2175.81177 0.4371 0.0481 -5.066 -1.236 0.046 0.048 1.007 7432.8 4.2342 16.689846 1.379576 17.301083 15.921507 "" "" 1997.78857 2378.70654 3971.99217 2.0712 1640.5 7.0502 3392.8 8.2475 "" "" 0.002812885479720811 0.0054366426 0.004609731 0.010046374 4.93448815195 61.57111739812 2175.81177 -5.066 -1.2359999999999998
5.03407353412 61.86803946408 0.0343 0.04 15.1517 "" "" 430464682098082816 2154.89551 0.444 0.0472 -0.246 -1.101 0.044 0.055 0.966 5587.2 4.6421 16.691442 1.246958 17.237778 15.99082 "" "" 1965.56995 2381.99536 3966.15503 1.952 1739.0 6.8204 3183.0 8.0366 "" "" 0.002806658278046863 0.005090975 0.004668894 0.009759869 5.03407353412 61.86803946408 2154.89551 -0.246 -1.101
6.10321342637 61.79336456805 0.035 0.0366 16.6949 "" "" 430408538283599872 2308.30225 0.4195 0.0476 -4.852 0.5 0.041 0.047 0.943 6089.0 4.484 16.691465 1.139736 17.172407 16.032671 "" "" 2090.5481 2545.19067 3966.07122 2.0729 1846.9 7.9767 3062.6 8.4311 "" "" 0.0028131495663120017 0.005456573 0.004818457 0.0102750305 6.10321342637 61.79336456805 2308.30225 -4.852 0.5
