Clusters/UBC_665/UBC_665_stars_in_region.tsv
# %ECSV 1.0
# ---
# datatype:
# - name: RA_ICRS_1
#   unit: deg
#   datatype: float64
#   format: '{:15.11f}'
#   description: Right ascension (ICRS) at Ep=2016.0 (ra)
#   meta: !!omap
#   - {ucd: POS_EQ_RA_MAIN}
#   - {width: 15}
#   - {precision: '11'}
# - name: DE_ICRS_1
#   unit: deg
#   datatype: float64
#   format: '{:15.11f}'
#   description: Declination (ICRS) at Ep=2016.0 (dec)
#   meta: !!omap
#   - {ucd: POS_EQ_DEC_MAIN}
#   - {width: 15}
#   - {precision: '11'}
# - name: e_RA_ICRS
#   unit: mas
#   datatype: float64
#   format: '{:7.4f}'
#   description: Standard error of right ascension (ra_error)
#   meta: !!omap
#   - {ucd: ERROR}
#   - {width: 7}
#   - {precision: '4'}
# - name: e_DE_ICRS
#   unit: mas
#   datatype: float64
#   format: '{:7.4f}'
#   description: Standard error of declination (dec_error)
#   meta: !!omap
#   - {ucd: ERROR}
#   - {width: 7}
#   - {precision: '4'}
# - name: _r_1
#   unit: ''
#   datatype: float64
#   format: '{:7.4f}'
#   description: Distance from center (242.16831240000-51.42569629000)[ICRS], at Epoch=J2016.0
#   meta: !!omap
#   - {ucd: POS_ANG_DIST_GENERAL}
#   - {width: 7}
#   - {precision: '4'}
# - name: HIP
#   datatype: int32
#   description: '? HIP cross-id number, van Leeuwen, Cat. I/311 (hip_original_ext_source_id)'
#   meta: !!omap
#   - {ucd: ID_NUMBER}
#   - {width: 6}
#   - values: {'null': -2147483648}
# - name: TYC2
#   datatype: string
#   description: Tycho-2 cross-id name, Hog et al., Cat. I/259 (tyc2_original_ext_source_id)
#   meta: !!omap
#   - {ucd: ID_CROSSID}
#   - {_votable_string_dtype: char}
# - name: Source
#   datatype: int64
#   description: Source identifier, identical to the Gaia-EDR3 source_id (id)
#   meta: !!omap
#   - {ucd: ID_MAIN}
#   - {width: 19}
# - name: rgeo
#   unit: pc
#   datatype: float64
#   format: '{:15.8f}'
#   description: '? Median of the geometric distance posterior (r_med_geo)'
#   meta: !!omap
#   - {ucd: PHYS_DISTANCE_TRUE}
#   - {width: 15}
#   - {precision: '8'}
#   - values: {'null': .nan}
# - name: Plx
#   unit: mas
#   datatype: float64
#   format: '{:9.4f}'
#   description: '? Parallax (parallax)'
#   meta: !!omap
#   - {ucd: POS_PARLX_TRIG}
#   - {width: 9}
#   - {precision: '4'}
#   - values: {'null': .nan}
# - name: e_Plx
#   unit: mas
#   datatype: float32
#   format: '{:7.4f}'
#   description: '? Standard error of parallax (parallax_error)'
#   meta: !!omap
#   - {ucd: ERROR}
#   - {width: 7}
#   - {precision: '4'}
#   - values: {'null': .nan}
# - name: pmRA
#   unit: mas / yr
#   datatype: float64
#   format: '{:9.3f}'
#   description: '? Proper motion in right ascension direction, pmRA*cosDE (pmra)'
#   meta: !!omap
#   - {ucd: POS_EQ_PMRA}
#   - {width: 9}
#   - {precision: '3'}
#   - values: {'null': .nan}
# - name: pmDE
#   unit: mas / yr
#   datatype: float64
#   format: '{:9.3f}'
#   description: '? Proper motion in declination direction (pmdec)'
#   meta: !!omap
#   - {ucd: POS_EQ_PMDEC}
#   - {width: 9}
#   - {precision: '3'}
#   - values: {'null': .nan}
# - name: e_pmRA
#   unit: mas / yr
#   datatype: float32
#   format: '{:6.3f}'
#   description: '? Standard error of proper motion in right ascension direction (pmra_error)'
#   meta: !!omap
#   - {ucd: ERROR}
#   - {width: 6}
#   - {precision: '3'}
#   - values: {'null': .nan}
# - name: e_pmDE
[...]
#         unit: &id001 !astropy.units.Unit {unit: deg}
#         value: !astropy.table.SerializedColumn {name: SkyCoord.dec}
#       distance: !astropy.table.SerializedColumn
#         __class__: astropy.coordinates.distances.Distance
#         unit: !astropy.units.Unit {unit: pc}
#         value: !astropy.table.SerializedColumn {name: SkyCoord.distance}
#       frame: icrs
#       obstime: !astropy.time.Time {format: jyear_str, in_subfmt: '*', jd1: 367701545.0, jd2: 0.0, out_subfmt: '*', precision: 3, scale: tt}
#       pm_dec: !astropy.table.SerializedColumn
#         __class__: astropy.units.quantity.Quantity
#         unit: !astropy.units.Unit {unit: mas / yr}
#         value: !astropy.table.SerializedColumn {name: SkyCoord.pm_dec}
#       pm_ra_cosdec: !astropy.table.SerializedColumn
#         __class__: astropy.units.quantity.Quantity
#         unit: !astropy.units.Unit {unit: mas / yr}
#         value: !astropy.table.SerializedColumn {name: SkyCoord.pm_ra_cosdec}
#       ra: !astropy.table.SerializedColumn
#         __class__: astropy.coordinates.angles.Longitude
#         unit: *id001
#         value: !astropy.table.SerializedColumn {name: SkyCoord.ra}
#         wrap_angle: !astropy.coordinates.Angle
#           unit: *id001
#           value: 360.0
#       representation_type: spherical
# schema: astropy-2.0
RA_ICRS_1 DE_ICRS_1 e_RA_ICRS e_DE_ICRS _r_1 HIP TYC2 Source rgeo Plx e_Plx pmRA pmDE e_pmRA e_pmDE RUWE Teff logg Gmag BP-RP BPmag RPmag RV e_RV b_rgeo B_rgeo FG e_FG FBP e_FBP FRP e_FRP RAVE5 RAVE6 e_Gmag e_BPmag e_RPmag e_BP-RP SkyCoord.ra SkyCoord.dec SkyCoord.distance SkyCoord.pm_ra_cosdec SkyCoord.pm_dec
[from data line 281]
242.1934489995 -51.53158991527 0.0193 0.011 6.4227 "" "" 5933483236272834944 1892.81116 0.4859 0.0237 -5.651 -4.603 0.028 0.019 1.048 "" "" 14.624249 1.359877 15.226835 13.866959 "" "" 1821.93298 1984.27673 26622.38652 4.0449 11084.0 8.9112 22510.0 13.852 "" "" 0.002760253976355883 0.0029235254 0.0038379845 0.00676151 242.1934489995 -51.53158991527 1892.81116 -5.650999999999999 -4.603
242.55756401193 -51.61086281655 0.0185 0.01 18.2932 "" "" 5933472241156057728 2139.73047 0.428 0.0234 -3.96 -4.546 0.026 0.018 1.009 7969.7 3.7016 14.62743 1.165568 15.121104 13.955536 "" "" 2031.2594 2238.3855 26544.50696 3.7278 12217.0 9.9864 20746.0 11.03 "" "" 0.0027595359056287704 0.0029279182 0.0038232116 0.00675113 242.55756401193 -51.61086281655 2139.73047 -3.96 -4.545999999999999
242.08595706199 -51.45351808286 0.0194 0.0115 3.5034 "" "" 5981522273659373184 2444.8479 0.377 0.0242 -5.519 -4.581 0.027 0.02 0.966 "" "" 14.630006 1.770658 15.481564 13.710906 -10.13 5.33 2326.07715 2578.79126 26481.60252 10.143 8765.8 17.887 25989.0 31.416 "" "" 0.0027865262244208583 0.0035627873 0.004000784 0.0075635714 242.08595706199 -51.45351808286 2444.8479 -5.519 -4.581000000000001
241.93485192059 -51.30114914074 0.0195 0.0123 11.5038 "" "" 5981527599419036288 2291.74487 0.3882 0.0241 -0.699 -3.409 0.024 0.019 1.01 "" "" 14.636246 2.576237 16.057556 13.481319 -55.11 2.12 2172.83789 2437.55859 26329.8649 6.0566 5157.0 10.5 32109.0 14.99 "" "" 0.00276661601919566 0.0035597673 0.0038132202 0.0073729875 241.93485192059 -51.30114914074 2291.74487 -0.6989999999999998 -3.4090000000000003
242.28204354569 -51.57382380691 0.0192 0.0106 9.8507 "" "" 5933482068041671424 1886.94128 0.4885 0.0235 -6.979 -8.572 0.027 0.018 1.023 5574.9 2.824 14.648796 2.158627 15.76583 13.607204 -0.33 2.3 1805.39526 1950.27075 26027.24223 4.7906 6746.6 8.9674 28594.0 12.952 "" "" 0.002762557889725123 0.0031412859 0.0038112453 0.006952531 242.28204354569 -51.57382380691 1886.94128 -6.979 -8.572
242.0035178033 -51.55840374385 0.0202 0.0124 10.0648 "" "" 5981519696678942208 1781.86584 0.5207 0.0242 -2.23 -4.196 0.029 0.022 0.987 "" "" 14.651725 1.110927 15.114001 14.003075 "" "" 1703.97876 1858.38391 25957.14959 4.69 12297.0 14.752 19858.0 12.37 "" "" 0.002762294953656584 0.003079211 0.0038394204 0.0069186315 242.0035178033 -51.55840374385 1781.86584 -2.2299999999999995 -4.195999999999999
242.12598060538 -51.50701287498 0.0193 0.0108 5.1292 "" "" 5981521517745077376 1698.96533 0.5544 0.0247 -3.317 -5.986 0.029 0.019 0.953 "" "" 14.654398 1.610965 15.405731 13.794766 -19.42 5.77 1633.91138 1766.44263 25893.31968 4.7879 9399.9 8.3612 24058.0 11.354 "" "" 0.002762624623318826 0.0029525822 0.0038139594 0.006766542 242.12598060538 -51.50701287498 1698.96533 -3.317 -5.986
242.33233597335 -51.31578385061 0.0243 0.0126 9.0131 "" "" 5933492066726024192 1921.75671 0.4892 0.0283 -2.878 -3.112 0.035 0.023 1.084 "" "" 14.654535 1.552441 15.359947 13.807507 -6.4 10.66 1817.36035 2008.64624 25890.02801 5.0384 9804.8 9.5542 23777.0 13.996 "" "" 0.0027634098496372114 0.002984021 0.003833038 0.006817059 242.33233597335 -51.31578385061 1921.75671 -2.8779999999999992 -3.111999999999999
242.47443942936 -51.59955193278 0.0182 0.01 15.4751 "" "" 5933483923467825920 2366.75513 0.3851 0.023 -4.483 -4.605 0.026 0.018 0.968 "" "" 14.654801 1.196426 15.15994 13.963513 "" "" 2237.61719 2513.66016 25883.68064 4.0216 11788.0 9.3589 20595.0 10.476 "" "" 0.002760479440560518 0.0029202907 0.0038195208 0.0067398115 242.47443942936 -51.59955193278 2366.75513 -4.483 -4.605
242.14626861683 -51.42896001287 0.0207 0.012 0.8476 "" "" 5981528046095419776 2495.32202 0.3481 0.0264 -2.204 -3.655 0.028 0.02 1.082 4972.9 2.6487 14.661115 2.644137 16.133062 13.488925 -35.49 1.85 2372.61865 2666.21753 25733.61623 6.7679 4810.5 7.163 31885.0 14.889 "" "" 0.002770076970050292 0.0032247112 0.0038132363 0.0070379474 242.14626861683 -51.42896001287 2495.32202 -2.204 -3.6550000000000002
242.19984383775 -51.36922143839 0.0201 0.0117 3.5882 "" "" 5981528630211005824 2109.12036 0.4344 0.0254 -3.853 -3.319 0.028 0.02 1.007 "" "" 14.670479 2.265683 15.858294 13.592611 -63.54 1.69 2006.87512 2257.45996 25512.62066 5.916 6195.8 11.796 28981.0 24.18 "" "" 0.0027667988020989155 0.0034724565 0.0038864294 0.007358886 242.19984383775 -51.36922143839 2109.12036 -3.8529999999999998 -3.319
242.49153188249 -51.48116103011 0.0194 0.0099 12.5347 "" "" 5933486294289836928 2047.29883 0.4496 0.0237 -3.282 -4.581 0.028 0.019 0.969 7191.8 3.2862 14.676719 1.538518 15.382036 13.843518 -32.12 4.85 1938.5022 2162.7749 25366.4214 4.2776 9607.3 9.8904 23001.0 12.394 "" "" 0.0027613966483516733 0.0030057225 0.003824396 0.0068301186 242.49153188249 -51.48116103011 2047.29883 -3.282 -4.5809999999999995
242.29982877176 -51.16633318083 0.0192 0.011 16.3253 "" "" 5983032933913229440 2517.24438 0.3529 0.0241 -3.041 -3.636 0.025 0.019 1.002 "" "" 14.680814 2.52353 16.06178 13.538251 -48.24 1.61 2375.2605 2641.59644 25270.9356 8.2498 5136.9 7.427 30469.0 17.551 "" "" 0.0027780243390256687 0.0032014423 0.0038307793 0.0070322216 242.29982877176 -51.16633318083 2517.24438 -3.041 -3.636
241.84006507882 -51.66747532033 0.0216 0.0143 18.9856 "" "" 5981494888946867328 2374.68799 0.3742 0.024 -2.419 -1.89 0.031 0.025 1.004 "" "" 14.682221 2.395656 15.967874 13.572218 -103.17 2.01 2232.41479 2509.89575 25238.18092 6.3185 5601.0 7.9085 29531.0 14.622 "" "" 0.0027686955623500526 0.0031835912 0.0038174249 0.0070010163 241.84006507882 -51.66747532033 2374.68799 -2.4189999999999996 -1.8899999999999997
241.98914909536 -51.63588788157 0.0194 0.0116 14.2748 "" "" 5981495954098732800 2463.83105 0.3632 0.0233 -4.686 -3.502 0.029 0.021 1.012 "" "" 14.686604 2.468341 16.026995 13.558654 -20.99 1.94 2297.69482 2657.17212 25136.53384 6.0235 5304.2 8.4062 29902.0 11.613 "" "" 0.0027675767632878855 0.0032780853 0.0038028318 0.0070809172 241.98914909536 -51.63588788157 2463.83105 -4.686 -3.502
241.99945084539 -51.54076702042 0.0208 0.0121 9.3529 "" "" 5981520830550320896 2429.69629 0.3667 0.0254 -5.78 -6.495 0.031 0.021 1.036 4685.5 2.7268 14.686734 2.338494 15.933629 13.595135 -24.3 1.89 2270.77661 2606.31372 25133.50516 6.3203 5780.5 7.8998 28914.0 14.822 "" "" 0.0027688146009925444 0.0031601752 0.003820144 0.0069803195 241.99945084539 -51.54076702042 2429.69629 -5.779999999999999 -6.495000000000001
242.32762155037 -51.37141090216 0.0201 0.0119 6.7951 "" "" 5933491551329921920 2385.26147 0.3884 0.0264 -2.796 -3.445 0.028 0.021 0.936 6699.4 2.7174 14.688163 1.309131 15.255316 13.946185 "" "" 2249.52832 2568.33301 25100.45487 4.7484 10797.0 9.0338 20926.0 12.058 "" "" 0.002762965172350822 0.0029343301 0.0038308136 0.006765144 242.32762155037 -51.37141090216 2385.26147 -2.7959999999999994 -3.445
242.35983715677 -51.69450797445 0.0247 0.0132 17.6401 "" "" 5933477395117123584 1764.99854 0.5292 0.0301 -5.237 -6.162 0.037 0.023 1.53 "" "" 14.688704 1.424471 15.323975 13.899504 -67.76 5.81 1667.54443 1886.82764 25087.96889 5.3774 10135.0 10.181 21845.0 10.692 "" "" 0.0027651306229016974 0.002995763 0.0038165594 0.0068123224 242.35983715677 -51.69450797445 1764.99854 -5.237 -6.161999999999999
241.78142853085 -51.40721021593 0.0195 0.0129 14.5193 "" "" 5981525194237296384 2325.79956 0.3822 0.0239 -4.256 -5.801 0.025 0.02 1.015 "" "" 14.697577 2.417116 15.999178 13.582062 -33.35 1.74 2188.78125 2476.6792 24883.76872 7.3874 5441.8 7.0788 29264.0 21.137 "" "" 0.0027741098695170403 0.0031272627 0.0038598855 0.006987148 241.78142853085 -51.40721021593 2325.79956 -4.255999999999999 -5.801
242.2874186788 -51.29830067803 0.0188 0.012 8.8509 "" "" 5933492307244210816 2451.69946 0.372 0.0251 -2.473 -3.001 0.028 0.021 1.018 6535.5 2.5016 14.698251 2.273968 15.896067 13.622099 -8.81 2.5 2293.63501 2606.94946 24868.3196 5.9691 5984.0 8.7935 28205.0 13.8 "" "" 0.002767617317515191 0.0032141316 0.0038165331 0.007030665 242.2874186788 -51.29830067803 2451.69946 -2.4730000000000003 -3.0010000000000003
242.50375853002 -51.45243831211 0.0204 0.0105 12.6481 "" "" 5933486431728809216 1904.46814 0.4825 0.0247 -1.723 -5.941 0.031 0.02 0.944 "" "" 14.701058 2.182215 15.831404 13.649189 -27.52 1.81 1817.96887 1995.94458 24804.10569 4.5548 6351.2 6.9138 27510.0 14.559 "" "" 0.0027625241491331626 0.0030301758 0.003822812 0.006852988 242.50375853002 -51.45243831211 1904.46814 -1.7229999999999994 -5.941000000000001
242.67372530608 -51.40959763926 0.02 0.0094 18.9363 "" "" 5934976579214916736 2106.30444 0.4389 0.024 -1.756 -2.494 0.03 0.018 0.972 "" "" 14.703008 1.01015 15.113202 14.103052 "" "" 1985.59924 2228.27222 24759.60929 3.7393 12307.0 10.795 18111.0 8.513 "" "" 0.002760194985880185 0.0029482218 0.0038136833 0.006761905 242.67372530608 -51.40959763926 2106.30444 -1.756 -2.4940000000000007
241.85727969035 -51.40877042502 0.018 0.0122 11.6826 "" "" 5981525366035953792 1815.34827 0.5126 0.0225 -2.656 -4.175 0.024 0.02 0.99 "" "" 14.706092 1.100479 15.167046 14.066566 "" "" 1745.96777 1879.50366 24689.36712 4.3816 11711.0 10.981 18730.0 11.716 "" "" 0.0027620493780172203 0.0029700992 0.0038399182 0.0068100174 241.85727969035 -51.40877042502 1815.34827 -2.6559999999999997 -4.175000000000001
242.1019917929 -51.34493457324 0.019 0.0117 5.445 "" "" 5981529317405832576 1999.4259 0.4528 0.0241 -7.88 -5.796 0.025 0.019 0.985 "" "" 14.708536 2.469022 16.048483 13.579461 71.68 1.75 1903.54822 2102.29614 24633.84925 6.4686 5200.2 8.0189 29334.0 13.812 "" "" 0.002770031285612743 0.0032539428 0.0038138006 0.0070677437 242.1019917929 -51.34493457324 1999.4259 -7.88 -5.795999999999999
242.41875298574 -51.23339195324 0.0175 0.0103 14.8757 "" "" 5934993930883657728 2510.60596 0.3609 0.0234 -1.451 -2.734 0.024 0.018 1.002 "" "" 14.709889 1.388427 15.322371 13.933944 "" "" 2364.58374 2669.12891 24603.15676 4.3583 10150.0 7.3764 21163.0 11.808 "" "" 0.002762024772288677 0.0028995934 0.0038276247 0.006727218 242.41875298574 -51.23339195324 2510.60596 -1.4509999999999998 -2.734
241.78855750189 -51.48194093182 0.049 0.0339 14.5941 "" "" 5981501279858363776 2469.48096 0.3664 0.0599 -1.616 -6.813 0.068 0.053 3.101 4533.9 1.7841 14.712079 2.554384 16.108673 13.554289 -3.01 1.7 2131.76172 2826.14819 24553.59324 11.523 4919.8 7.1409 30022.0 12.94 "" "" 0.002802037875734092 0.0032044535 0.0038082444 0.007012698 241.78855750189 -51.48194093182 2469.48096 -1.6159999999999999 -6.812999999999999
241.73015920466 -51.43624727722 0.0187 0.0125 16.4024 "" "" 5981536773469684992 2437.31836 0.3696 0.0237 -2.95 -4.245 0.026 0.02 1.021 6998.6 3.3133 14.712413 1.663254 15.487429 13.824175 "" "" 2309.33569 2578.48071 24546.04139 5.248 8718.6 10.88 23415.0 14.004 "" "" 0.0027650813887122325 0.0031017407 0.0038347605 0.0069365012 241.73015920466 -51.43624727722 2437.31836 -2.950000000000001 -4.245
241.84593840236 -51.5803304752 0.0377 0.0234 15.2002 "" "" 5981499939833304320 2446.73438 0.382 0.0439 -3.276 -5.171 0.054 0.037 1.076 5664.2 2.701 14.713346 2.376906 15.980702 13.603796 -39.48 2.97 2178.32373 2740.68701 24524.97014 7.1686 5535.2 8.0772 28684.0 21.572 "" "" 0.0027735367022016055 0.0032086167 0.003866582 0.007075199 241.84593840236 -51.5803304752 2446.73438 -3.2759999999999994 -5.170999999999999
242.41437490877 -51.44951821809 0.0207 0.0105 9.3136 "" "" 5933487359441771648 1735.28027 0.538 0.0258 -1.654 -3.271 0.03 0.019 0.973 "" "" 14.713725 1.378656 15.323803 13.945147 "" "" 1665.74036 1839.61682 24516.39606 3.868 10137.0 10.378 20946.0 11.268 "" "" 0.0027606399000762736 0.0030034294 0.003824248 0.0068276776 242.41437490877 -51.44951821809 1735.28027 -1.6539999999999997 -3.271
241.98155686748 -51.59363759413 0.0212 0.0123 12.2545 "" "" 5981519524880236160 1699.90649 0.5514 0.0249 -1.672 -3.724 0.032 0.023 0.952 7178.5 3.8438 14.71554 1.475277 15.385769 13.910492 -0.08 4.88 1619.16589 1790.13525 24475.45012 5.116 9574.3 9.6056 21625.0 13.529 "" "" 0.002764650842363087 0.0029952615 0.003839937 0.0068351985 241.98155686748 -51.59363759413 1699.90649 -1.6720000000000002 -3.724
242.46823237042 -51.60235164631 0.0194 0.0105 15.4194 "" "" 5933483923467825792 2443.26685 0.3686 0.0237 -4.562 -4.509 0.028 0.019 1.049 "" "" 14.72308 1.288833 15.282019 13.993186 "" "" 2317.07886 2579.16016 24306.06815 4.0131 10534.0 9.0049 20039.0 9.2436 "" "" 0.002761145498851132 0.0029404894 0.0038124213 0.006752911 242.46823237042 -51.60235164631 2443.26685 -4.562 -4.509000000000001
241.99093213719 -51.42468736033 0.0186 0.0123 6.6365 "" "" 5981522960854199680 2458.92505 0.366 0.024 -3.856 -4.185 0.026 0.021 1.02 6892.2 2.8135 14.724652 1.411881 15.350062 13.938182 "" "" 2338.05737 2646.00952 24270.89867 8.688 9894.5 12.282 21081.0 23.069 "" "" 0.0027825955391459997 0.003098612 0.0039617377 0.00706035 241.99093213719 -51.42468736033 2458.92505 -3.856 -4.1850000000000005
241.98101793385 -51.71664316853 0.0184 0.0122 18.8023 "" "" 5981495026385741696 2348.98633 0.3841 0.0238 -2.394 -3.59 0.028 0.023 1.01 6699.7 2.6339 14.731711 1.607903 15.478236 13.870333 "" "" 2223.04688 2488.18726 24113.60721 4.4437 8792.7 9.2819 22440.0 11.168 "" "" 0.0027625752464794573 0.0030164039 0.0038178144 0.0068342183 241.98101793385 -51.71664316853 2348.98633 -2.394 -3.589999999999999
242.587010352 -51.50754490036 0.0183 0.0105 16.4026 "" "" 5933474337100159616 1806.67761 0.5182 0.023 -0.587 -2.454 0.026 0.019 0.952 4814.4 3.3516 14.736565 1.862959 15.656189 13.79323 -0.25 2.42 1729.73682 1881.43994 24006.06158 3.4766 7463.5 7.2835 24092.0 10.603 "" "" 0.002759803120146318 0.0029845764 0.0038094693 0.0067940457 242.587010352 -51.50754490036 1806.67761 -0.5869999999999997 -2.4539999999999997
241.95716683841 -51.30235005977 0.0204 0.0128 10.8323 "" "" 5981532719020038912 2192.08081 0.4221 0.0249 -2.639 -3.661 0.026 0.02 1.072 "" "" 14.737461 1.480503 15.406638 13.926135 -3.2 6.79 2101.15332 2306.61401 23986.24885 4.5545 9392.1 8.8083 21316.0 13.853 "" "" 0.002763022079526195 0.0029701646 0.0038446856 0.0068148505 241.95716683841 -51.30235005977 2192.08081 -2.6390000000000007 -3.6610000000000014
241.83816729954 -51.60762967745 0.0394 0.0249 16.4653 "" "" 5981499523194155776 2162.03223 0.4316 0.0474 -3.936 -4.15 0.057 0.041 2.203 6892.4 3.2204 14.740022 1.429047 15.374673 13.945626 -24.91 7.42 1963.35986 2421.96997 23929.74286 9.3724 9672.7 9.6285 20937.0 13.5 "" "" 0.002787942063671071 0.002992177 0.003843674 0.006835851 241.83816729954 -51.60762967745 2162.03223 -3.9360000000000004 -4.15
242.41371593081 -51.45496227014 0.0223 0.0119 9.3445 "" "" 5933487355107070336 2336.6106 0.3825 0.0287 -3.387 -2.845 0.031 0.021 0.982 "" "" 14.743062 2.155318 15.852735 13.697416 -7.09 2.21 2198.06226 2466.40112 23862.82007 4.9613 6227.6 8.0941 26314.0 15.9 "" "" 0.0027645515880077337 0.003126721 0.0038358993 0.00696262 242.41371593081 -51.45496227014 2336.6106 -3.3869999999999996 -2.8449999999999998
242.27495646791 -51.39107661138 0.021 0.0117 4.4994 "" "" 5933490005141697024 2014.04541 0.4639 0.0274 -0.763 -1.246 0.029 0.02 0.956 "" "" 14.747773 1.365746 15.343673 13.977927 "" "" 1903.17163 2113.39795 23759.50397 11.458 9952.9 14.112 20323.0 33.95 "" "" 0.0028046285766187653 0.00318668 0.0041920636 0.0073787435 242.27495646791 -51.39107661138 2014.04541 -0.7629999999999999 -1.2459999999999998
242.55840625074 -51.43470226725 0.0197 0.01 14.6026 "" "" 5933486878405404928 2339.93896 0.391 0.0263 -1.673 -2.78 0.033 0.019 0.98 7160.9 3.7704 14.750091 1.094498 15.189255 14.094757 "" "" 2210.1001 2476.07812 23708.85722 4.033 11474.0 9.6326 18250.0 39.409 "" "" 0.0027615031349942777 0.0029352796 0.0044475356 0.0073828152 242.55840625074 -51.43470226725 2339.93896 -1.6729999999999998 -2.7799999999999994
