Clusters/UBC_665/UBC_665_stars_in_region.tsv
# %ECSV 1.0
# ---
# datatype:
# - name: RA_ICRS_1
#   unit: deg
#   datatype: float64
#   format: '{:15.11f}'
#   description: Right ascension (ICRS) at Ep=2016.0 (ra)
#   meta: !!omap
#   - {ucd: POS_EQ_RA_MAIN}
#   - {width: 15}
#   - {precision: '11'}
# - name: DE_ICRS_1
#   unit: deg
#   datatype: float64
#   format: '{:15.11f}'
#   description: Declination (ICRS) at Ep=2016.0 (dec)
#   meta: !!omap
#   - {ucd: POS_EQ_DEC_MAIN}
#   - {width: 15}
#   - {precision: '11'}
# - name: e_RA_ICRS
#   unit: mas
#   datatype: float64
#   format: '{:7.4f}'
#   description: Standard error of right ascension (ra_error)
#   meta: !!omap
#   - {ucd: ERROR}
#   - {width: 7}
#   - {precision: '4'}
# - name: e_DE_ICRS
#   unit: mas
#   datatype: float64
#   format: '{:7.4f}'
#   description: Standard error of declination (dec_error)
#   meta: !!omap
#   - {ucd: ERROR}
#   - {width: 7}
#   - {precision: '4'}
# - name: _r_1
#   unit: ''
#   datatype: float64
#   format: '{:7.4f}'
#   description: Distance from center (242.16831240000-51.42569629000)[ICRS], at Epoch=J2016.0
#   meta: !!omap
#   - {ucd: POS_ANG_DIST_GENERAL}
#   - {width: 7}
#   - {precision: '4'}
# - name: HIP
#   datatype: int32
#   description: '? HIP cross-id number, van Leeuwen, Cat. I/311 (hip_original_ext_source_id)'
#   meta: !!omap
#   - {ucd: ID_NUMBER}
#   - {width: 6}
#   - values: {'null': -2147483648}
# - name: TYC2
#   datatype: string
#   description: Tycho-2 cross-id name, Hog et al., Cat. I/259 (tyc2_original_ext_source_id)
#   meta: !!omap
#   - {ucd: ID_CROSSID}
#   - {_votable_string_dtype: char}
# - name: Source
#   datatype: int64
#   description: Source identifier, identical to the Gaia-EDR3 source_id (id)
#   meta: !!omap
#   - {ucd: ID_MAIN}
#   - {width: 19}
# - name: rgeo
#   unit: pc
#   datatype: float64
#   format: '{:15.8f}'
#   description: '? Median of the geometric distance posterior (r_med_geo)'
#   meta: !!omap
#   - {ucd: PHYS_DISTANCE_TRUE}
#   - {width: 15}
#   - {precision: '8'}
#   - values: {'null': .nan}
# - name: Plx
#   unit: mas
#   datatype: float64
#   format: '{:9.4f}'
#   description: '? Parallax (parallax)'
#   meta: !!omap
#   - {ucd: POS_PARLX_TRIG}
#   - {width: 9}
#   - {precision: '4'}
#   - values: {'null': .nan}
# - name: e_Plx
#   unit: mas
#   datatype: float32
#   format: '{:7.4f}'
#   description: '? Standard error of parallax (parallax_error)'
#   meta: !!omap
#   - {ucd: ERROR}
#   - {width: 7}
#   - {precision: '4'}
#   - values: {'null': .nan}
# - name: pmRA
#   unit: mas / yr
#   datatype: float64
#   format: '{:9.3f}'
#   description: '? Proper motion in right ascension direction, pmRA*cosDE (pmra)'
#   meta: !!omap
#   - {ucd: POS_EQ_PMRA}
#   - {width: 9}
#   - {precision: '3'}
#   - values: {'null': .nan}
# - name: pmDE
#   unit: mas / yr
#   datatype: float64
#   format: '{:9.3f}'
#   description: '? Proper motion in declination direction (pmdec)'
#   meta: !!omap
#   - {ucd: POS_EQ_PMDEC}
#   - {width: 9}
#   - {precision: '3'}
#   - values: {'null': .nan}
# - name: e_pmRA
#   unit: mas / yr
#   datatype: float32
#   format: '{:6.3f}'
#   description: '? Standard error of proper motion in right ascension direction (pmra_error)'
#   meta: !!omap
#   - {ucd: ERROR}
#   - {width: 6}
#   - {precision: '3'}
#   - values: {'null': .nan}
# - name: e_pmDE
[...]
#         unit: &id001 !astropy.units.Unit {unit: deg}
#         value: !astropy.table.SerializedColumn {name: SkyCoord.dec}
#       distance: !astropy.table.SerializedColumn
#         __class__: astropy.coordinates.distances.Distance
#         unit: !astropy.units.Unit {unit: pc}
#         value: !astropy.table.SerializedColumn {name: SkyCoord.distance}
#       frame: icrs
#       obstime: !astropy.time.Time {format: jyear_str, in_subfmt: '*', jd1: 367701545.0, jd2: 0.0, out_subfmt: '*', precision: 3, scale: tt}
#       pm_dec: !astropy.table.SerializedColumn
#         __class__: astropy.units.quantity.Quantity
#         unit: !astropy.units.Unit {unit: mas / yr}
#         value: !astropy.table.SerializedColumn {name: SkyCoord.pm_dec}
#       pm_ra_cosdec: !astropy.table.SerializedColumn
#         __class__: astropy.units.quantity.Quantity
#         unit: !astropy.units.Unit {unit: mas / yr}
#         value: !astropy.table.SerializedColumn {name: SkyCoord.pm_ra_cosdec}
#       ra: !astropy.table.SerializedColumn
#         __class__: astropy.coordinates.angles.Longitude
#         unit: *id001
#         value: !astropy.table.SerializedColumn {name: SkyCoord.ra}
#         wrap_angle: !astropy.coordinates.Angle
#           unit: *id001
#           value: 360.0
#       representation_type: spherical
# schema: astropy-2.0
RA_ICRS_1 DE_ICRS_1 e_RA_ICRS e_DE_ICRS _r_1 HIP TYC2 Source rgeo Plx e_Plx pmRA pmDE e_pmRA e_pmDE RUWE Teff logg Gmag BP-RP BPmag RPmag RV e_RV b_rgeo B_rgeo FG e_FG FBP e_FBP FRP e_FRP RAVE5 RAVE6 e_Gmag e_BPmag e_RPmag e_BP-RP SkyCoord.ra SkyCoord.dec SkyCoord.distance SkyCoord.pm_ra_cosdec SkyCoord.pm_dec
[from data line 1580]
242.20860650492 -51.32742553506 0.0481 0.0294 6.0863 "" "" 5981530245119361152 1756.33252 0.5482 0.0628 -1.394 -3.127 0.066 0.049 0.942 "" "" 16.725521 1.88414 17.65521 15.771071 "" "" 1594.1615 1936.25574 3843.59783 1.7091 1183.9 4.5373 3897.0 6.4352 "" "" 0.0027972970603496 0.0050099595 0.004183087 0.009193046 242.20860650492 -51.32742553506 1756.33252 -1.3939999999999997 -3.126999999999999
241.98414042334 -51.4853067878 0.0516 0.0296 7.7592 "" "" 5981521242867228416 1839.09241 0.5253 0.062 -7.751 -12.75 0.073 0.05 1.035 7950.6 4.0537 16.726377 1.777903 17.580915 15.803013 "" "" 1640.84741 2115.74829 3840.5732 1.8478 1267.8 6.938 3784.0 5.8257 "" "" 0.002804401196770436 0.006564174 0.0041325334 0.010696707 241.98414042334 -51.4853067878 1839.09241 -7.7509999999999994 -12.75
242.44070771458 -51.25901599258 0.0475 0.0265 14.2915 "" "" 5934993140609647872 1968.55237 0.4996 0.0663 -1.617 -4.001 0.071 0.051 0.996 7107.9 3.9868 16.727625 1.787348 17.59475 15.807402 "" "" 1776.02917 2230.68311 3836.16092 1.4592 1251.7 5.2551 3768.8 6.2034 "" "" 0.00278609984176697 0.005344469 0.0041806083 0.009525077 242.44070771458 -51.25901599258 1968.55237 -1.6170000000000002 -4.001
242.5748447377 -51.45403050931 0.0532 0.0258 15.2991 "" "" 5933486672246954624 1995.18457 0.5301 0.0641 -0.039 -1.327 0.077 0.048 1.04 "" "" 16.728188 1.567859 17.464539 15.89668 "" "" 1712.10388 2388.35815 3834.1728 1.4983 1411.2 5.7748 3471.3 6.2414 "" "" 0.0027877951778623546 0.005246424 0.0042537786 0.009500203 242.5748447377 -51.45403050931 1995.18457 -0.03899999999999998 -1.3270000000000002
242.07228697154 -51.40524360442 0.0519 0.03 3.7971 "" "" 5981523167013250944 2083.67529 0.4526 0.062 -3.269 -4.868 0.074 0.05 1.005 4823.4 3.5142 16.728703 2.307638 17.95623 15.648592 "" "" 1836.65955 2413.677 3832.35223 1.9526 897.27 5.7665 4362.4 7.1562 "" "" 0.0028103034641225825 0.007514892 0.004178031 0.011692923 242.07228697154 -51.40524360442 2083.67529 -3.2690000000000006 -4.868000000000001
241.81946038859 -51.25279627878 0.0531 0.0326 16.6912 "" "" 5981539934565208064 2492.90771 0.3811 0.0675 -2.987 -4.618 0.065 0.05 1.049 "" "" 16.728859 2.603627 18.160986 15.557359 "" "" 2168.99731 2910.82373 3831.80195 1.9631 743.06 6.0374 4744.8 7.1927 "" "" 0.0028109063351808936 0.009252392 0.0041222144 0.013374606 241.81946038859 -51.25279627878 2492.90771 -2.987 -4.618
242.5154238189 -51.46402838347 0.052 0.0263 13.1828 "" "" 5933486431728797056 1820.25903 0.5507 0.0619 0.771 -5.303 0.073 0.05 0.952 7621.5 3.8869 16.730488 1.72405 17.556616 15.832565 "" "" 1606.448 2082.23657 3826.05661 1.4425 1296.5 5.7074 3682.4 5.6432 "" "" 0.0027855613696392695 0.0055343895 0.004129429 0.009663818 242.5154238189 -51.46402838347 1820.25903 0.7710000000000001 -5.303
242.44021745126 -51.22848577157 0.0457 0.0265 15.6184 "" "" 5934993278048632448 1895.73743 0.5215 0.0617 -0.578 -2.153 0.062 0.048 1.038 "" "" 16.730967 1.633218 17.49948 15.866262 "" "" 1685.90845 2121.81836 3824.37497 1.4073 1366.5 5.186 3569.9 5.5523 "" "" 0.00278413621282607 0.0049762786 0.004139479 0.009115757 242.44021745126 -51.22848577157 1895.73743 -0.578 -2.1529999999999996
242.05292532191 -51.71172639883 0.0456 0.0279 17.6931 "" "" 5933456847992345472 2198.98804 0.4204 0.056 -3.474 -4.286 0.065 0.051 1.001 9250.1 3.9147 16.73154 1.696227 17.538511 15.842284 "" "" 1945.23999 2462.56934 3822.35043 1.5673 1318.3 5.8841 3649.6 7.1547 "" "" 0.002791054283718877 0.005591912 0.0043375306 0.009929443 242.05292532191 -51.71172639883 2198.98804 -3.4740000000000006 -4.286
241.96060492364 -51.53255580849 0.0521 0.029 10.0673 "" "" 5981520521312691200 2143.5415 0.4351 0.0624 -3.359 -4.396 0.076 0.051 1.025 9069.6 4.4472 16.732773 1.767231 17.580694 15.813463 "" "" 1894.69421 2404.26489 3818.01723 1.8567 1268.1 6.2667 3747.8 6.5873 "" "" 0.002805452903672056 0.0060476093 0.0042338497 0.0102814585 241.96060492364 -51.53255580849 2143.5415 -3.359000000000001 -4.396
242.04499769759 -51.16592916998 0.073 0.0405 16.2582 "" "" 5981535845756802048 1968.3175 0.5105 0.0933 -7.1 -7.144 0.083 0.064 1.388 "" "" 16.733246 1.88754 17.637838 15.750298 "" "" 1675.87061 2332.35327 3816.35209 3.9823 1203.0 5.0242 3972.3 7.0541 "" "" 0.00297915420573461 0.005324132 0.004242782 0.009566914 242.04499769759 -51.16592916998 1968.3175 -7.1 -7.144
242.28455109431 -51.69275192392 0.0493 0.0262 16.5996 "" "" 5933476776641860864 2044.86145 0.4835 0.0591 -0.746 -3.483 0.075 0.047 0.965 7993.9 3.7488 16.733942 1.903666 17.669624 15.765959 "" "" 1799.1886 2390.34766 3813.90739 1.432 1168.3 4.9377 3915.4 7.7452 "" "" 0.002785314231838716 0.005370446 0.00434701 0.009717456 242.28455109431 -51.69275192392 2044.86145 -0.746 -3.4829999999999997
242.10766973754 -51.13379113376 0.1717 0.1045 17.6616 "" "" 5981535570878896512 1800.13855 0.6498 0.2088 -1.621 -3.521 0.211 0.175 3.272 7980.7 2.8836 16.734762 2.292424 17.776323 15.483899 "" "" 1339.41626 2889.59351 3811.0249 3.7806 1059.0 6.2672 5076.9 6.7797 "" "" 0.0029583552360873838 0.00700508 0.0040479526 0.011053033 242.10766973754 -51.13379113376 1800.13855 -1.6210000000000002 -3.521
241.66530162226 -51.47929113088 0.0504 0.0337 19.0804 "" "" 5981512824730952320 1706.36279 0.5671 0.0644 0.172 0.737 0.075 0.055 0.975 7968.9 3.689 16.7348 2.460778 18.069448 15.60867 "" "" 1538.32324 1917.02368 3810.89287 1.9809 808.42 5.845 4525.7 6.8642 "" "" 0.0028125250861965796 0.008331155 0.0041225627 0.012453718 241.66530162226 -51.47929113088 1706.36279 0.17200000000000004 0.7370000000000001
242.44982174746 -51.1833445829 0.0454 0.0266 17.9708 "" "" 5934995580151147520 2136.41382 0.449 0.0606 -5.015 -8.429 0.061 0.048 0.997 8453.5 4.141 16.735435 1.776171 17.592712 15.816542 "" "" 1921.24219 2402.57739 3808.66481 1.6529 1254.1 4.627 3737.2 5.7296 "" "" 0.002795319573224179 0.004881768 0.004129712 0.00901148 242.44982174746 -51.1833445829 2136.41382 -5.014999999999999 -8.428999999999998
242.64847688619 -51.3246513291 0.0473 0.0239 18.978 "" "" 5934990116952608128 2441.80957 0.4079 0.0596 -2.377 -3.504 0.067 0.044 0.979 7662.5 3.5322 16.737112 1.583115 17.470037 15.886923 "" "" 2152.66772 2845.72754 3802.7868 1.6031 1404.1 6.6158 3502.6 6.0002 "" "" 0.0027930772708374017 0.005827166 0.0042122575 0.010039424 242.64847688619 -51.3246513291 2441.80957 -2.377 -3.5040000000000004
242.29862855806 -51.52843701163 0.0521 0.0276 7.856 "" "" 5933488184075343744 2138.146 0.4631 0.0644 -2.319 -3.329 0.073 0.048 0.979 8912.0 3.8584 16.739199 2.152297 17.848484 15.696187 "" "" 1881.66357 2548.07007 3795.48411 1.5357 990.88 5.6778 4175.3 5.1899 "" "" 0.002790121131462408 0.0068183583 0.0040131123 0.010831471 242.29862855806 -51.52843701163 2138.146 -2.319 -3.3290000000000006
242.10028047992 -51.70303372469 0.0472 0.0287 16.8326 "" "" 5933456916711815936 2496.35693 0.3837 0.058 -4.161 -4.231 0.069 0.052 0.977 "" "" 16.739328 1.931133 17.694126 15.762993 "" "" 2194.32056 2886.08032 3795.03168 1.7269 1142.3 7.6714 3926.1 6.9618 "" "" 0.0027992643031452135 0.007807143 0.0042414935 0.012048637 242.10028047992 -51.70303372469 2496.35693 -4.160999999999999 -4.230999999999999
242.57658922041 -51.57569720862 0.0486 0.0259 17.7071 "" "" 5933472619113204736 2091.69971 0.4593 0.0606 -3.846 -3.458 0.072 0.046 0.997 7051.9 3.8731 16.739538 1.646315 17.51703 15.870716 "" "" 1906.30518 2401.89941 3794.29643 1.5066 1344.6 5.5535 3555.3 6.6729 "" "" 0.002788843438523138 0.005281506 0.0042937603 0.009575266 242.57658922041 -51.57569720862 2091.69971 -3.846 -3.4579999999999993
242.59016137181 -51.48258234923 0.0507 0.0253 16.1373 "" "" 5933474749417101440 2202.42114 0.4449 0.062 0.755 -3.257 0.071 0.049 0.956 7914.5 4.0878 16.740894 1.576793 17.47366 15.896867 "" "" 1950.89136 2533.61597 3789.5612 1.5641 1399.4 5.7896 3470.7 6.7845 "" "" 0.0027915239744672267 0.0052879388 0.004334543 0.009622482 242.59016137181 -51.48258234923 2202.42114 0.7549999999999998 -3.2570000000000006
242.50355946873 -51.65073623261 0.0513 0.0275 18.4077 "" "" 5933471893222142592 2420.35156 0.4069 0.0663 -5.163 -4.477 0.077 0.048 1.035 "" "" 16.740902 1.866363 17.608715 15.742353 "" "" 2103.36401 2780.03442 3789.53297 1.6166 1235.7 5.2219 4001.4 7.5897 "" "" 0.0027939786353916403 0.0053699515 0.0043040426 0.009673994 242.50355946873 -51.65073623261 2420.35156 -5.163 -4.477
241.75588379423 -51.56058374412 0.0564 0.0354 17.4032 "" "" 5981500627023297152 2020.93323 0.4737 0.0672 -4.283 -4.601 0.076 0.058 0.979 "" "" 16.741417 1.958335 17.72074 15.762404 "" "" 1809.75427 2317.46436 3787.74043 2.126 1114.6 5.6167 3928.2 6.919 "" "" 0.0028219082408692375 0.00614163 0.0042356723 0.010377303 241.75588379423 -51.56058374412 2020.93323 -4.283 -4.601
242.38742028241 -51.152597723 0.0471 0.0268 18.3329 "" "" 5934995889388817792 2298.85596 0.4239 0.0622 -2.696 -3.012 0.062 0.048 0.987 9240.4 3.7064 16.741838 1.814801 17.600307 15.785506 "" "" 1993.04395 2716.58838 3786.27096 1.5849 1245.4 5.6464 3845.5 12.803 "" "" 0.0027925510181026018 0.005658286 0.005229765 0.010888051 242.38742028241 -51.152597723 2298.85596 -2.696 -3.012
242.30690933194 -51.6065078406 0.0454 0.0266 12.0197 "" "" 5933478735147012352 1781.20996 0.5628 0.0583 -1.71 3.677 0.065 0.046 1.033 4849.6 4.2542 16.741966 1.679519 17.541569 15.86205 "" "" 1597.79541 2001.56665 3785.82069 1.4684 1314.6 5.116 3583.8 5.4698 "" "" 0.0027873165826093806 0.005063449 0.0041267117 0.009190161 242.30690933194 -51.6065078406 1781.20996 -1.7100000000000006 3.677
242.22424795374 -51.26416499544 0.0482 0.0289 9.916 "" "" 5981531001033629056 2098.31885 0.4744 0.0592 -2.23 -3.124 0.062 0.049 0.992 "" "" 16.742062 1.869121 17.663912 15.794791 "" "" 1889.82166 2336.62964 3785.49042 1.7704 1174.5 4.4884 3812.8 6.7126 "" "" 0.0028017186723886017 0.005000078 0.004235269 0.009235347 242.22424795374 -51.26416499544 2098.31885 -2.23 -3.124
241.77614162084 -51.46328603279 0.0496 0.0343 14.8381 "" "" 5981524953719070592 2353.4043 0.4068 0.0632 -3.376 -3.75 0.07 0.055 1.02 9012.6 3.397 16.742779 2.885261 18.40077 15.515509 "" "" 2029.67529 2762.198 3782.99284 3.7036 595.81 6.7621 4931.2 14.224 "" "" 0.0029532443576891485 0.01263442 0.004908347 0.017542766 241.77614162084 -51.46328603279 2353.4043 -3.3760000000000003 -3.75
242.23174961108 -51.39409014648 0.0527 0.0298 3.0385 "" "" 5933490142580465152 1903.12366 0.508 0.0657 -0.754 -4.758 0.071 0.051 1.002 "" "" 16.743244 2.051405 17.779037 15.727633 "" "" 1702.9032 2134.95947 3781.36629 1.7115 1056.3 6.6876 4056.1 7.03 "" "" 0.00279880021197723 0.007418655 0.0042219493 0.011640605 242.23174961108 -51.39409014648 1903.12366 -0.7539999999999998 -4.757999999999999
242.09490719196 -51.49576638161 0.0568 0.0332 5.0205 "" "" 5981521586464569984 1976.11353 0.4993 0.0709 -3.234 -4.873 0.081 0.059 1.177 8414.5 4.0031 16.74364 1.8452 17.524002 15.678802 "" "" 1719.21753 2272.81128 3779.98552 2.3813 1336.0 23.551 4242.7 57.685 "" "" 0.002838948493730304 0.01934166 0.015238111 0.034579773 242.09490719196 -51.49576638161 1976.11353 -3.2339999999999995 -4.872999999999999
242.5651782225 -51.22106496547 0.0456 0.025 19.2919 "" "" 5934991663140927872 2232.74243 0.4353 0.0602 -4.63 -4.321 0.065 0.045 0.992 7875.6 4.3044 16.744974 1.633152 17.513208 15.880056 "" "" 1951.9071 2617.33179 3775.3459 1.4565 1349.4 7.1554 3524.8 6.2385 "" "" 0.002786976948440741 0.0063977605 0.0042398577 0.010637619 242.5651782225 -51.22106496547 2232.74243 -4.63 -4.321
242.36243637338 -51.18431887038 0.0473 0.027 16.2102 "" "" 5934994377560357632 2098.21436 0.4665 0.0622 -5.098 -9.158 0.064 0.047 0.967 "" "" 16.746223 2.053199 17.778019 15.72482 "" "" 1841.13538 2442.15869 3771.00603 1.6838 1057.3 5.1103 4066.6 8.5481 "" "" 0.0027976445450974487 0.0059433863 0.004415017 0.010358403 242.36243637338 -51.18431887038 2098.21436 -5.097999999999999 -9.157999999999998
242.50441398809 -51.64570782324 0.0497 0.0272 18.21 "" "" 5933471897558661376 2339.69043 0.418 0.0647 -4.165 -5.198 0.073 0.048 1.04 6883.5 3.223 16.746721 1.920316 17.700888 15.780572 "" "" 2086.12476 2823.54639 3769.27933 1.5348 1135.2 6.3895 3863.0 7.1447 "" "" 0.002790562552071935 0.0067179236 0.0042797383 0.010997662 242.50441398809 -51.64570782324 2339.69043 -4.164999999999999 -5.198
242.17300670124 -51.61575338878 0.0469 0.0287 11.4048 "" "" 5933480350054754688 1753.60474 0.5617 0.0588 -2.389 -2.993 0.069 0.051 0.957 8384.7 4.2419 16.747597 1.574366 17.482101 15.907736 "" "" 1602.11389 1960.40295 3766.24343 1.5988 1388.6 6.9424 3436.1 6.5365 "" "" 0.002793603670599239 0.0061033214 0.004306924 0.0104102455 242.17300670124 -51.61575338878 1753.60474 -2.3890000000000002 -2.9930000000000003
242.06089252541 -51.49067891412 0.0502 0.0295 5.5973 "" "" 5981521758263274752 1860.01318 0.5241 0.0624 -2.812 -1.438 0.072 0.052 0.939 "" "" 16.747976 1.856587 17.661665 15.805078 "" "" 1686.95581 2176.2583 3764.92664 1.6519 1176.9 5.349 3776.8 6.7835 "" "" 0.0027961983560854313 0.005668856 0.004252831 0.009921687 242.06089252541 -51.49067891412 1860.01318 -2.8119999999999994 -1.438
242.63238760227 -51.46422478703 0.0529 0.0256 17.5078 "" "" 5934976029458778496 2051.77368 0.4728 0.0608 -2.281 -7.571 0.072 0.048 0.999 7189.7 4.2966 16.749302 1.573695 17.490377 15.916682 "" "" 1856.51611 2336.09521 3760.32739 1.5161 1378.1 5.6653 3407.9 4.8977 "" "" 0.0027898771983082852 0.0052637486 0.004088827 0.009352576 242.63238760227 -51.46422478703 2051.77368 -2.281 -7.571
241.76329000707 -51.56413968187 0.0567 0.0358 17.2599 "" "" 5981500627023292288 2398.73828 0.4121 0.0677 -1.817 -2.426 0.076 0.059 1.06 "" "" 16.749498 1.856003 17.662222 15.806219 "" "" 2080.65625 2853.92847 3759.64813 2.094 1176.3 5.8421 3772.9 8.8872 "" "" 0.002820899643891749 0.006071417 0.004563385 0.010634802 241.76329000707 -51.56413968187 2398.73828 -1.8170000000000002 -2.426
242.34275918508 -51.533105386 0.0531 0.0286 9.1665 "" "" 5933485194778102272 2026.53577 0.4817 0.0652 -2.747 -2.97 0.075 0.05 0.985 "" "" 16.750114 1.838677 17.651611 15.812935 "" "" 1796.51672 2288.02197 3757.518 1.5331 1187.9 7.0125 3749.6 5.8206 "" "" 0.0027907040959795834 0.006990382 0.004138158 0.01112854 242.34275918508 -51.533105386 2026.53577 -2.7470000000000008 -2.970000000000001
241.81044580405 -51.49161998268 0.0493 0.0314 13.9512 "" "" 5981524678841121792 2398.05005 0.4095 0.0595 -1.701 -5.204 0.068 0.05 1.004 "" "" 16.75014 1.730803 17.579077 15.848273 "" "" 2152.19897 2744.02905 3757.43449 1.9175 1269.9 7.9518 3629.5 7.7991 "" "" 0.002810478271099289 0.007348888 0.004441486 0.011790374 241.81044580405 -51.49161998268 2398.05005 -1.7009999999999996 -5.204
242.33463896506 -51.33949429423 0.054 0.0294 8.0959 "" "" 5933491963646796800 2125.91943 0.4752 0.0664 -2.351 -1.989 0.081 0.052 0.95 "" "" 16.751694 1.78822 17.617779 15.829559 "" "" 1880.28174 2483.53784 3752.054 1.56 1225.5 5.7968 3692.6 6.9195 "" "" 0.00279205452878146 0.005844692 0.004292213 0.010136904 242.33463896506 -51.33949429423 2125.91943 -2.3509999999999995 -1.989
242.41367596447 -51.58102225986 0.0463 0.0266 13.0702 "" "" 5933484095266460032 1822.7406 0.5351 0.0613 -0.286 -2.379 0.066 0.045 0.967 "" "" 16.752687 1.532155 17.459436 15.927281 "" "" 1641.43787 2126.82446 3748.62134 1.5407 1417.9 5.7265 3374.8 5.6882 "" "" 0.00279122224962217 0.0051974156 0.004199122 0.009396538 242.41367596447 -51.58102225986 1822.7406 -0.28600000000000003 -2.379
242.25239388972 -51.59792184029 0.0458 0.028 10.8 "" "" 5933481724444276736 2100.13745 0.4812 0.0594 -3.162 -5.058 0.066 0.048 1.028 8303.5 4.2018 16.7541 1.6639 17.541489 15.877588 "" "" 1862.33557 2420.91089 3743.74421 1.5238 1314.7 4.8174 3532.8 5.2 "" "" 0.002790534877693411 0.004859306 0.004103377 0.008962683 242.25239388972 -51.59792184029 2100.13745 -3.162 -5.058000000000001
