Clusters/UBC_665/UBC_665_stars_in_region.tsv
# %ECSV 1.0
# ---
# datatype:
# - name: RA_ICRS_1
#   unit: deg
#   datatype: float64
#   format: '{:15.11f}'
#   description: Right ascension (ICRS) at Ep=2016.0 (ra)
#   meta: !!omap
#   - {ucd: POS_EQ_RA_MAIN}
#   - {width: 15}
#   - {precision: '11'}
# - name: DE_ICRS_1
#   unit: deg
#   datatype: float64
#   format: '{:15.11f}'
#   description: Declination (ICRS) at Ep=2016.0 (dec)
#   meta: !!omap
#   - {ucd: POS_EQ_DEC_MAIN}
#   - {width: 15}
#   - {precision: '11'}
# - name: e_RA_ICRS
#   unit: mas
#   datatype: float64
#   format: '{:7.4f}'
#   description: Standard error of right ascension (ra_error)
#   meta: !!omap
#   - {ucd: ERROR}
#   - {width: 7}
#   - {precision: '4'}
# - name: e_DE_ICRS
#   unit: mas
#   datatype: float64
#   format: '{:7.4f}'
#   description: Standard error of declination (dec_error)
#   meta: !!omap
#   - {ucd: ERROR}
#   - {width: 7}
#   - {precision: '4'}
# - name: _r_1
#   unit: ''
#   datatype: float64
#   format: '{:7.4f}'
#   description: Distance from center (242.16831240000-51.42569629000)[ICRS], at Epoch=J2016.0
#   meta: !!omap
#   - {ucd: POS_ANG_DIST_GENERAL}
#   - {width: 7}
#   - {precision: '4'}
# - name: HIP
#   datatype: int32
#   description: '? HIP cross-id number, van Leeuwen, Cat. I/311 (hip_original_ext_source_id)'
#   meta: !!omap
#   - {ucd: ID_NUMBER}
#   - {width: 6}
#   - values: {'null': -2147483648}
# - name: TYC2
#   datatype: string
#   description: Tycho-2 cross-id name, Hog et al., Cat. I/259 (tyc2_original_ext_source_id)
#   meta: !!omap
#   - {ucd: ID_CROSSID}
#   - {_votable_string_dtype: char}
# - name: Source
#   datatype: int64
#   description: Source identifier, identical to the Gaia-EDR3 source_id (id)
#   meta: !!omap
#   - {ucd: ID_MAIN}
#   - {width: 19}
# - name: rgeo
#   unit: pc
#   datatype: float64
#   format: '{:15.8f}'
#   description: '? Median of the geometric distance posterior (r_med_geo)'
#   meta: !!omap
#   - {ucd: PHYS_DISTANCE_TRUE}
#   - {width: 15}
#   - {precision: '8'}
#   - values: {'null': .nan}
# - name: Plx
#   unit: mas
#   datatype: float64
#   format: '{:9.4f}'
#   description: '? Parallax (parallax)'
#   meta: !!omap
#   - {ucd: POS_PARLX_TRIG}
#   - {width: 9}
#   - {precision: '4'}
#   - values: {'null': .nan}
# - name: e_Plx
#   unit: mas
#   datatype: float32
#   format: '{:7.4f}'
#   description: '? Standard error of parallax (parallax_error)'
#   meta: !!omap
#   - {ucd: ERROR}
#   - {width: 7}
#   - {precision: '4'}
#   - values: {'null': .nan}
# - name: pmRA
#   unit: mas / yr
#   datatype: float64
#   format: '{:9.3f}'
#   description: '? Proper motion in right ascension direction, pmRA*cosDE (pmra)'
#   meta: !!omap
#   - {ucd: POS_EQ_PMRA}
#   - {width: 9}
#   - {precision: '3'}
#   - values: {'null': .nan}
# - name: pmDE
#   unit: mas / yr
#   datatype: float64
#   format: '{:9.3f}'
#   description: '? Proper motion in declination direction (pmdec)'
#   meta: !!omap
#   - {ucd: POS_EQ_PMDEC}
#   - {width: 9}
#   - {precision: '3'}
#   - values: {'null': .nan}
# - name: e_pmRA
#   unit: mas / yr
#   datatype: float32
#   format: '{:6.3f}'
#   description: '? Standard error of proper motion in right ascension direction (pmra_error)'
#   meta: !!omap
#   - {ucd: ERROR}
#   - {width: 6}
#   - {precision: '3'}
#   - values: {'null': .nan}
# - name: e_pmDE
[...]
#         unit: &id001 !astropy.units.Unit {unit: deg}
#         value: !astropy.table.SerializedColumn {name: SkyCoord.dec}
#       distance: !astropy.table.SerializedColumn
#         __class__: astropy.coordinates.distances.Distance
#         unit: !astropy.units.Unit {unit: pc}
#         value: !astropy.table.SerializedColumn {name: SkyCoord.distance}
#       frame: icrs
#       obstime: !astropy.time.Time {format: jyear_str, in_subfmt: '*', jd1: 367701545.0, jd2: 0.0, out_subfmt: '*', precision: 3, scale: tt}
#       pm_dec: !astropy.table.SerializedColumn
#         __class__: astropy.units.quantity.Quantity
#         unit: !astropy.units.Unit {unit: mas / yr}
#         value: !astropy.table.SerializedColumn {name: SkyCoord.pm_dec}
#       pm_ra_cosdec: !astropy.table.SerializedColumn
#         __class__: astropy.units.quantity.Quantity
#         unit: !astropy.units.Unit {unit: mas / yr}
#         value: !astropy.table.SerializedColumn {name: SkyCoord.pm_ra_cosdec}
#       ra: !astropy.table.SerializedColumn
#         __class__: astropy.coordinates.angles.Longitude
#         unit: *id001
#         value: !astropy.table.SerializedColumn {name: SkyCoord.ra}
#         wrap_angle: !astropy.coordinates.Angle
#           unit: *id001
#           value: 360.0
#       representation_type: spherical
# schema: astropy-2.0
RA_ICRS_1 DE_ICRS_1 e_RA_ICRS e_DE_ICRS _r_1 HIP TYC2 Source rgeo Plx e_Plx pmRA pmDE e_pmRA e_pmDE RUWE Teff logg Gmag BP-RP BPmag RPmag RV e_RV b_rgeo B_rgeo FG e_FG FBP e_FBP FRP e_FRP RAVE5 RAVE6 e_Gmag e_BPmag e_RPmag e_BP-RP SkyCoord.ra SkyCoord.dec SkyCoord.distance SkyCoord.pm_ra_cosdec SkyCoord.pm_dec
[from data line 361]
241.8936049299 -51.23204720973 0.022 0.0128 15.5264 "" "" 5981533955970724224 1994.54578 0.45 0.0272 -6.307 -6.336 0.027 0.02 1.061 "" "" 14.875997 2.702822 16.392992 13.69017 -29.55 5.24 1902.43542 2087.53418 21112.9197 25.647 3786.3 17.777 26491.0 80.945 "" "" 0.0030547163920708114 0.005811266 0.005028895 0.010840161 241.8936049299 -51.23204720973 1994.54578 -6.307 -6.336
242.51140192551 -51.40046268942 0.0211 0.0107 12.9281 "" "" 5933487737398900480 1798.06812 0.5158 0.0269 -6.71 -6.55 0.034 0.021 1.01 "" "" 14.881275 1.504265 15.566512 14.062247 15.17 7.89 1716.1842 1889.90259 21010.51671 3.4573 8106.1 8.0551 18804.0 11.04 "" "" 0.0027611063728453815 0.0029915022 0.003832762 0.0068242643 242.51140192551 -51.40046268942 1798.06812 -6.710000000000001 -6.550000000000001
242.68471308135 -51.43018469664 0.0204 0.0103 19.3203 "" "" 5934975995101153920 1700.50769 0.5487 0.025 -3.509 -4.138 0.03 0.019 0.942 "" "" 14.886455 1.144535 15.370098 14.225563 -19.43 8.8 1626.02173 1782.87549 20910.51525 4.2603 9713.5 8.7477 16178.0 9.196 "" "" 0.0027641856195930584 0.0029565364 0.0038294406 0.0067859767 242.68471308135 -51.43018469664 1700.50769 -3.509 -4.138
242.19826764607 -51.29547102872 0.0208 0.0129 7.8937 "" "" 5981530554357022080 2032.17236 0.4424 0.0262 -3.891 -5.276 0.027 0.021 1.049 "" "" 14.888003 2.430248 16.200212 13.769964 -63.01 3.18 1933.62952 2175.4624 20880.71401 5.692 4522.0 6.8643 24613.0 18.098 "" "" 0.002771170528388035 0.0032405807 0.0038627815 0.007103362 242.19826764607 -51.29547102872 2032.17236 -3.890999999999999 -5.275999999999999
241.87208802678 -51.36490407862 0.0221 0.0138 11.6741 "" "" 5981526980943699328 2505.93774 0.3542 0.0274 -1.289 -4.558 0.03 0.022 1.018 "" "" 14.888619 2.525315 16.268066 13.742751 -17.91 2.95 2318.14893 2674.18042 20868.87855 6.0176 4248.1 7.6896 25238.0 26.007 "" "" 0.0027730498397814047 0.0034128479 0.0039415075 0.0073543554 241.87208802678 -51.36490407862 2505.93774 -1.2889999999999997 -4.558
242.44963906353 -51.41567759803 0.0217 0.0118 10.5432 "" "" 5933487840478121984 2337.3645 0.3874 0.028 -2.331 -3.428 0.033 0.021 1.022 "" "" 14.889 1.767299 15.732738 13.96544 "" "" 2192.26953 2497.5874 20861.56178 5.3662 6955.4 10.194 20558.0 15.485 "" "" 0.0027694382710155164 0.0032120435 0.0038668523 0.007078896 242.44963906353 -51.41567759803 2337.3645 -2.3309999999999995 -3.4279999999999986
242.41554862647 -51.47623081032 0.024 0.0116 9.729 "" "" 5933485813253526144 2414.46533 0.3754 0.0304 -8.123 -7.738 0.038 0.022 0.993 4783.6 1.6673 14.897624 2.285303 16.104012 13.818708 -81.72 1.74 2245.66284 2583.55298 20696.51984 4.483 4941.0 6.8658 23533.0 9.8803 "" "" 0.002765338648342435 0.0031719394 0.003806773 0.0069787125 242.41554862647 -51.47623081032 2414.46533 -8.123 -7.738000000000001
242.43278990369 -51.55916320295 0.0194 0.011 12.7179 "" "" 5933484228370795776 2038.151 0.4526 0.0256 -5.054 -6.079 0.027 0.019 0.999 "" "" 14.898003 1.471787 15.554568 14.082782 -70.2 7.01 1920.36316 2137.04272 20689.29578 4.7161 8195.8 8.6251 18452.0 12.689 "" "" 0.002766413168924546 0.0030150623 0.0038524265 0.006867489 242.43278990369 -51.55916320295 2038.151 -5.054 -6.078999999999999
241.9359424215 -51.70908339205 0.0201 0.0135 19.0844 "" "" 5981495266903926656 1817.44324 0.5123 0.0251 -2.785 -4.173 0.029 0.025 1.019 "" "" 14.899773 1.354402 15.499541 14.14514 "" "" 1741.25232 1896.68213 20655.60006 3.9576 8621.8 8.6698 17422.0 9.7836 "" "" 0.002763162024158533 0.00299617 0.003828247 0.006824417 241.9359424215 -51.70908339205 1817.44324 -2.785 -4.173
242.51733560896 -51.20551519955 0.0212 0.0124 18.597 "" "" 5934994652438187008 1893.88501 0.5007 0.0287 -5.788 -1.59 0.028 0.022 1.145 "" "" 14.901182 1.629496 15.65549 14.025994 -31.42 6.07 1800.84766 1999.96021 20628.79438 7.0196 7468.3 13.375 19443.0 9.4614 "" "" 0.0027799797104778585 0.0034008713 0.0038161334 0.007217005 242.51733560896 -51.20551519955 1893.88501 -5.787999999999999 -1.5899999999999999
242.23948212306 -51.50953557616 0.0217 0.0123 5.6904 "" "" 5933483304992313984 1929.87329 0.4877 0.028 -0.221 -1.839 0.032 0.021 0.986 8497.1 3.797 14.902198 1.521314 15.598779 14.077465 -20.73 6.53 1829.59534 2022.88269 20609.51144 4.7847 7868.7 10.007 18543.0 14.559 "" "" 0.002766825943504992 0.0031131348 0.0038743285 0.006987463 242.23948212306 -51.50953557616 1929.87329 -0.22099999999999992 -1.839
242.55756321863 -51.21925240949 0.0204 0.011 19.143 "" "" 5934991663140932096 2220.92847 0.4206 0.0272 -3.487 -3.977 0.03 0.021 0.991 9173.8 3.6469 14.904864 1.305307 15.473372 14.168065 "" "" 2074.09668 2389.12158 20558.96139 3.2814 8832.2 10.057 17058.0 8.4555 "" "" 0.002760764395148211 0.0030518004 0.0038175092 0.0068693096 242.55756321863 -51.21925240949 2220.92847 -3.487 -3.9769999999999994
241.94453840622 -51.35602809837 0.021 0.0134 9.363 "" "" 5981526602986556928 2167.9585 0.4226 0.026 -4.268 -5.353 0.027 0.021 1.101 "" "" 14.905593 1.509722 15.589395 14.079673 -46.17 8.87 2059.88989 2297.6604 20545.15668 20.548 7937.0 29.159 18505.0 30.905 "" "" 0.002961577084597296 0.004867797 0.004191861 0.009059658 241.94453840622 -51.35602809837 2167.9585 -4.268 -5.353
242.2707629256 -51.66431703587 0.0195 0.0113 14.8188 "" "" 5933477017160056320 2040.88538 0.4519 0.0245 -4.245 -6.178 0.029 0.02 0.992 "" "" 14.905748 1.803894 15.779957 13.976063 -67.59 3.54 1945.1875 2161.12061 20542.22124 3.8257 6659.4 6.9385 20358.0 8.2983 "" "" 0.0027627297186718 0.0030107726 0.003805206 0.0068159783 242.2707629256 -51.66431703587 2040.88538 -4.245000000000001 -6.178000000000001
242.49009289212 -51.66902002101 0.0204 0.0117 18.9022 "" "" 5933466022042954496 2441.76172 0.3726 0.0256 -1.3 -3.574 0.028 0.02 1.001 4848.8 2.3712 14.905949 2.410032 16.20254 13.792507 -55.92 1.77 2270.16357 2606.35278 20538.43124 4.0598 4512.3 6.7505 24108.0 9.5144 "" "" 0.002763665924720214 0.0032285214 0.003803595 0.0070321164 242.49009289212 -51.66902002101 2441.76172 -1.3000000000000003 -3.5739999999999994
242.31792766531 -51.44560764622 0.0218 0.0123 5.7222 "" "" 5933488974349503872 2375.98535 0.379 0.0286 -3.082 -3.914 0.031 0.021 0.964 4873.7 1.9892 14.909759 2.420915 16.2153 13.794385 -21.89 1.76 2234.84546 2531.96753 20466.48762 4.59 4459.6 6.6311 24066.0 12.17 "" "" 0.0027660586059407794 0.0032235647 0.0038190552 0.00704262 242.31792766531 -51.44560764622 2375.98535 -3.081999999999999 -3.9140000000000006
242.35171028397 -51.44592316531 0.0224 0.0125 6.9662 "" "" 5933488871270278400 1952.11548 0.4799 0.0288 -3.017 -1.953 0.033 0.022 0.943 "" "" 14.910734 1.335638 15.493997 14.158359 "" "" 1865.05078 2066.22266 20448.10742 3.7474 8666.0 7.5387 17211.0 9.8074 "" "" 0.0027624954219201336 0.0029456967 0.003829687 0.006775384 242.35171028397 -51.44592316531 1952.11548 -3.0169999999999995 -1.9530000000000003
241.89509330112 -51.63888387562 0.0218 0.0138 16.3588 "" "" 5981496297696146688 2387.38306 0.386 0.0257 -0.857 -3.0 0.032 0.024 0.947 4773.0 2.3671 14.912344 2.378741 16.185333 13.806592 -26.73 2.41 2248.43457 2554.83984 20417.81667 5.7225 4584.4 7.2001 23797.0 14.733 "" "" 0.002772072760942372 0.003269988 0.0038386937 0.007108682 241.89509330112 -51.63888387562 2387.38306 -0.857 -3.0
242.12858144419 -51.56292082718 0.0212 0.0121 8.3662 "" "" 5933481415206698752 2131.33789 0.4348 0.0268 -2.453 -3.788 0.035 0.022 1.002 "" "" 14.913523 1.271117 15.463948 14.192831 "" "" 2016.85876 2238.70142 20395.65355 3.6731 8909.2 9.5671 16673.0 10.667 "" "" 0.002762249526753429 0.0030239709 0.003842686 0.006866657 242.12858144419 -51.56292082718 2131.33789 -2.453 -3.7879999999999994
242.1708006006 -51.13471457371 0.0213 0.0124 17.4592 "" "" 5983036541685779584 1796.62744 0.5223 0.0267 -1.23 -1.324 0.027 0.021 0.973 7485.0 3.5419 14.916106 1.458193 15.568706 14.110513 "" "" 1727.48242 1888.42493 20347.18406 3.9129 8089.7 12.789 17987.0 10.863 "" "" 0.002763219947909752 0.0032758529 0.0038358427 0.0071116956 242.1708006006 -51.13471457371 1796.62744 -1.23 -1.324
242.38275538918 -51.71227056459 0.0193 0.0108 18.9633 "" "" 5933477188958906368 2334.59375 0.3945 0.0251 -1.645 -2.585 0.031 0.019 0.973 "" "" 14.918495 1.229773 15.444418 14.214645 "" "" 2219.11572 2469.0376 20302.46036 3.4266 9070.9 9.3866 16342.0 7.8538 "" "" 0.0027614071051964874 0.0030078818 0.003815232 0.006823114 242.38275538918 -51.71227056459 2334.59375 -1.645 -2.5850000000000004
241.90265211626 -51.33261080261 0.0209 0.0133 11.4094 "" "" 5981527427620321536 2316.87744 0.3917 0.0262 -2.524 -5.352 0.027 0.021 1.036 "" "" 14.919556 2.425664 16.227543 13.801879 -26.36 2.75 2195.38892 2471.40552 20282.63415 6.3105 4409.6 10.129 23900.0 11.071 "" "" 0.0027759503577161814 0.0037423184 0.0038126989 0.0075550172 241.90265211626 -51.33261080261 2316.87744 -2.524000000000001 -5.352
242.30943924878 -51.37835108511 0.0226 0.0124 5.9979 "" "" 5933491448250707072 1774.82959 0.5233 0.0296 -2.716 -3.199 0.033 0.021 0.95 "" "" 14.929186 1.46482 15.588668 14.123848 "" "" 1690.81848 1880.35181 20103.53105 3.7012 7942.4 8.1347 17767.0 11.002 "" "" 0.0027625615011552867 0.0030036054 0.0038387177 0.006842323 242.30943924878 -51.37835108511 1774.82959 -2.7160000000000006 -3.199
241.82311786777 -51.47492840608 0.0197 0.0133 13.2411 "" "" 5981524713200871936 1836.34558 0.5091 0.0242 -2.95 -2.041 0.028 0.022 0.93 "" "" 14.931587 1.19893 15.445121 14.246191 "" "" 1748.59143 1934.35754 20059.11766 3.9534 9065.0 11.038 15874.0 8.9839 "" "" 0.0027636170075464946 0.0030875322 0.0038290082 0.0069165407 241.82311786777 -51.47492840608 1836.34558 -2.95 -2.0410000000000004
242.37625201486 -51.58711432198 0.0195 0.0112 12.4139 "" "" 5933479010024912768 2456.92261 0.3579 0.025 -2.148 -3.41 0.027 0.019 1.007 4545.3 2.2771 14.94031 2.418226 16.241661 13.823435 -8.53 2.3 2332.48389 2595.43921 19898.62721 4.1212 4352.6 6.4211 23431.0 9.2893 "" "" 0.0027644808511596 0.003217225 0.003803815 0.0070210397 242.37625201486 -51.58711432198 2456.92261 -2.1479999999999997 -3.41
242.13609619607 -51.17789013527 0.0247 0.0139 14.9174 "" "" 5981535261641235712 1928.77161 0.4882 0.0293 -1.218 -1.77 0.03 0.023 1.04 "" "" 14.9414 1.367874 15.543648 14.175774 "" "" 1818.06885 2025.23352 19878.64919 4.0159 8278.6 8.4309 16937.0 11.553 "" "" 0.0027640369017980365 0.0030012736 0.0038512612 0.0068525346 242.13609619607 -51.17789013527 1928.77161 -1.218 -1.7699999999999998
242.36067272511 -51.51408075078 0.0222 0.0114 8.9338 "" "" 5933485332217057792 1963.80127 0.4717 0.0273 -4.124 -5.157 0.032 0.02 0.976 "" "" 14.942085 1.330742 15.524861 14.194119 "" "" 1863.56958 2082.53931 19866.09488 3.1978 8423.1 8.1574 16654.0 8.7905 "" "" 0.0027608573708526518 0.0029817235 0.0038225846 0.006804308 242.36067272511 -51.51408075078 1963.80127 -4.1240000000000006 -5.157
241.88954708985 -51.22766354132 0.0222 0.0132 15.8246 "" "" 5981545702683795840 2187.73022 0.412 0.0279 -1.558 -2.909 0.028 0.021 1.009 "" "" 14.943815 2.70536 16.460117 13.754757 -42.96 2.45 2066.6665 2314.13916 19834.47354 5.7716 3559.3 7.9416 24961.0 16.014 "" "" 0.0027733743514216907 0.0036950859 0.0038430367 0.0075381226 241.88954708985 -51.22766354132 2187.73022 -1.5579999999999998 -2.909
241.71548841273 -51.54651717541 0.0258 0.0179 18.4062 "" "" 5981500798822007296 2484.72925 0.3606 0.0294 -2.293 -2.945 0.035 0.028 1.122 "" "" 14.95121 1.40174 15.574033 14.172293 "" "" 2354.13867 2677.646 19699.84501 4.3306 8050.1 9.1052 16992.0 10.999 "" "" 0.002765638414529901 0.0030484637 0.003844172 0.0068926355 241.71548841273 -51.54651717541 2484.72925 -2.293 -2.9450000000000003
241.9210918822 -51.34144660753 0.0217 0.0133 10.5477 "" "" 5981527427620303360 1875.60706 0.4907 0.026 -3.62 -5.212 0.029 0.021 1.019 "" "" 14.952843 1.486496 15.627306 14.14081 "" "" 1788.04285 1978.97766 19670.23496 4.7523 7664.7 11.529 17492.0 12.803 "" "" 0.0027677783737578283 0.0032329804 0.0038620273 0.0070950077 241.9210918822 -51.34144660753 1875.60706 -3.62 -5.212
242.13800110307 -51.53619014593 0.0281 0.0158 6.7257 "" "" 5933482995754675456 2483.41235 0.3666 0.0344 -4.274 -4.1 0.042 0.029 1.323 6848.4 3.1089 14.954061 1.487478 15.627221 14.139743 -64.98 4.23 2315.90649 2710.29126 19648.19617 4.9033 7665.3 8.9169 17509.0 10.683 "" "" 0.0027686104123768175 0.0030627209 0.0038370006 0.0068997215 242.13800110307 -51.53619014593 2483.41235 -4.274 -4.1
241.83392193247 -51.39464144622 0.0233 0.0144 12.6523 "" "" 5981525434755456896 2157.4436 0.4237 0.0276 -2.67 -3.979 0.03 0.023 1.029 4707.9 2.1282 14.958635 2.298457 16.174164 13.875707 -78.28 4.45 2051.41357 2280.70679 19565.5807 5.4638 4631.8 12.747 22329.0 11.778 "" "" 0.0027719520994364953 0.0040881867 0.003822527 0.007910714 241.83392193247 -51.39464144622 2157.4436 -2.67 -3.979
242.47182815118 -51.49919312766 0.0242 0.0121 12.1728 "" "" 5933486259930090240 1949.47144 0.4794 0.0297 -1.6 -3.634 0.033 0.021 0.958 7947.2 3.7879 14.961834 1.142358 15.446175 14.303817 "" "" 1854.4198 2056.10107 19508.02689 3.3229 9056.2 9.6484 15053.0 8.5518 "" "" 0.0027615198339555427 0.003020444 0.0038293856 0.0068498296 242.47182815118 -51.49919312766 1949.47144 -1.6 -3.6340000000000003
242.39228539678 -51.19448954022 0.0209 0.012 16.2176 "" "" 5934994304508543232 2000.11682 0.4639 0.028 -1.939 -3.87 0.028 0.021 0.984 "" "" 14.962387 1.457126 15.616585 14.159459 "" "" 1875.91101 2126.25122 19498.08697 3.6792 7740.7 8.6956 17194.0 10.01 "" "" 0.0027629264440327326 0.0030451028 0.0038318755 0.006876978 242.39228539678 -51.19448954022 2000.11682 -1.9389999999999998 -3.870000000000001
241.93939845725 -51.58205089916 0.0218 0.0133 12.6925 "" "" 5981496881811731328 2288.11328 0.3868 0.026 -2.669 -4.229 0.032 0.024 0.945 4826.5 2.717 14.963788 2.371254 16.233427 13.862173 -92.82 2.46 2171.29321 2414.12085 19472.93809 4.6411 4385.8 8.355 22609.0 11.619 "" "" 0.0027674448974656972 0.0034731943 0.003820348 0.0072935424 241.93939845725 -51.58205089916 2288.11328 -2.669 -4.229
241.89392034799 -51.20850850731 0.0228 0.0136 16.604 "" "" 5981545741361010432 1916.8634 0.4696 0.0292 -7.879 -4.077 0.027 0.021 0.948 "" "" 14.965856 2.806425 16.564402 13.757977 8.92 2.13 1826.04565 2014.06226 19435.89443 5.8796 3233.4 8.0721 24887.0 17.892 "" "" 0.0027748275532220854 0.0038899775 0.0038591467 0.0077491244 241.89392034799 -51.20850850731 1916.8634 -7.879 -4.077000000000001
242.24569079067 -51.48632129843 0.0244 0.0125 4.6476 "" "" 5933489214867663104 2093.97974 0.4313 0.0301 -4.085 -2.944 0.034 0.022 1.049 9499.6 3.9907 14.966324 1.610708 15.714565 14.103857 -26.51 6.44 1991.45435 2221.49609 19427.51139 3.5758 7072.8 7.327 18097.0 10.775 "" "" 0.00276255770016405 0.0030083433 0.0038342697 0.006842613 242.24569079067 -51.48632129843 2093.97974 -4.085000000000001 -2.944
242.46854075876 -51.63202446475 0.0226 0.0121 16.6987 "" "" 5933483717309391488 2226.41943 0.4103 0.0279 -6.928 -5.947 0.032 0.022 1.042 "" "" 14.970131 2.060592 16.021082 13.96049 -41.34 2.74 2087.62891 2378.42407 19359.51267 3.7722 5333.2 6.7038 20652.0 8.9801 "" "" 0.002763429968419633 0.003106063 0.003808755 0.0069148177 242.46854075876 -51.63202446475 2226.41943 -6.928000000000001 -5.947000000000001
242.45864508625 -51.56020287131 0.0203 0.0113 13.519 "" "" 5933484541943133952 1902.38123 0.4939 0.0268 -0.917 -2.897 0.03 0.02 1.01 5144.2 3.5068 14.973677 1.980243 15.968054 13.987811 -4.06 2.85 1791.06433 1989.28906 19296.38939 3.6146 5600.1 7.8749 20139.0 9.8197 "" "" 0.0027628161132731907 0.0031805777 0.0038162798 0.0069968575 242.45864508625 -51.56020287131 1902.38123 -0.9170000000000003 -2.897
242.39315435467 -51.68494991416 0.0204 0.0115 17.6726 "" "" 5933477326397644288 2056.18555 0.4442 0.0256 -4.256 -3.921 0.03 0.02 1.029 4738.1 2.6326 14.97546 2.060198 16.02531 13.965113 -6.65 2.27 1965.53406 2186.30249 19264.72929 3.7641 5312.4 7.3594 20564.0 9.774 "" "" 0.0027634747662363527 0.0031697566 0.0038144505 0.006984207 242.39315435467 -51.68494991416 2056.18555 -4.256 -3.9209999999999994
