Clusters/UBC_665/UBC_665_members.tsv
# %ECSV 1.0
# ---
# datatype:
# - name: RA_ICRS_1
#   unit: deg
#   datatype: float64
#   format: '{:15.11f}'
#   description: Right ascension (ICRS) at Ep=2016.0 (ra)
#   meta: !!omap
#   - {ucd: POS_EQ_RA_MAIN}
#   - {width: 15}
#   - {precision: '11'}
# - name: DE_ICRS_1
#   unit: deg
#   datatype: float64
#   format: '{:15.11f}'
#   description: Declination (ICRS) at Ep=2016.0 (dec)
#   meta: !!omap
#   - {ucd: POS_EQ_DEC_MAIN}
#   - {width: 15}
#   - {precision: '11'}
# - name: e_RA_ICRS
#   unit: mas
#   datatype: float64
#   format: '{:7.4f}'
#   description: Standard error of right ascension (ra_error)
#   meta: !!omap
#   - {ucd: ERROR}
#   - {width: 7}
#   - {precision: '4'}
# - name: e_DE_ICRS
#   unit: mas
#   datatype: float64
#   format: '{:7.4f}'
#   description: Standard error of declination (dec_error)
#   meta: !!omap
#   - {ucd: ERROR}
#   - {width: 7}
#   - {precision: '4'}
# - name: _r_1
#   unit: ''
#   datatype: float64
#   format: '{:7.4f}'
#   description: Distance from center (242.16831240000-51.42569629000)[ICRS], at Epoch=J2016.0
#   meta: !!omap
#   - {ucd: POS_ANG_DIST_GENERAL}
#   - {width: 7}
#   - {precision: '4'}
# - name: HIP
#   datatype: int32
#   description: '? HIP cross-id number, van Leeuwen, Cat. I/311 (hip_original_ext_source_id)'
#   meta: !!omap
#   - {ucd: ID_NUMBER}
#   - {width: 6}
#   - values: {'null': -2147483648}
# - name: TYC2
#   datatype: string
#   description: Tycho-2 cross-id name, Hog et al., Cat. I/259 (tyc2_original_ext_source_id)
#   meta: !!omap
#   - {ucd: ID_CROSSID}
#   - {_votable_string_dtype: char}
# - name: Source
#   datatype: int64
#   description: Source identifier, identical to the Gaia-EDR3 source_id (id)
#   meta: !!omap
#   - {ucd: ID_MAIN}
#   - {width: 19}
# - name: rgeo
#   unit: pc
#   datatype: float64
#   format: '{:15.8f}'
#   description: '? Median of the geometric distance posterior (r_med_geo)'
#   meta: !!omap
#   - {ucd: PHYS_DISTANCE_TRUE}
#   - {width: 15}
#   - {precision: '8'}
#   - values: {'null': .nan}
# - name: Plx
#   unit: mas
#   datatype: float64
#   format: '{:9.4f}'
#   description: '? Parallax (parallax)'
#   meta: !!omap
#   - {ucd: POS_PARLX_TRIG}
#   - {width: 9}
#   - {precision: '4'}
#   - values: {'null': .nan}
# - name: e_Plx
#   unit: mas
#   datatype: float32
#   format: '{:7.4f}'
#   description: '? Standard error of parallax (parallax_error)'
#   meta: !!omap
#   - {ucd: ERROR}
#   - {width: 7}
#   - {precision: '4'}
#   - values: {'null': .nan}
# - name: pmRA
#   unit: mas / yr
#   datatype: float64
#   format: '{:9.3f}'
#   description: '? Proper motion in right ascension direction, pmRA*cosDE (pmra)'
#   meta: !!omap
#   - {ucd: POS_EQ_PMRA}
#   - {width: 9}
#   - {precision: '3'}
#   - values: {'null': .nan}
# - name: pmDE
#   unit: mas / yr
#   datatype: float64
#   format: '{:9.3f}'
#   description: '? Proper motion in declination direction (pmdec)'
#   meta: !!omap
#   - {ucd: POS_EQ_PMDEC}
#   - {width: 9}
#   - {precision: '3'}
#   - values: {'null': .nan}
# - name: e_pmRA
#   unit: mas / yr
#   datatype: float32
#   format: '{:6.3f}'
#   description: '? Standard error of proper motion in right ascension direction (pmra_error)'
#   meta: !!omap
#   - {ucd: ERROR}
#   - {width: 6}
#   - {precision: '3'}
#   - values: {'null': .nan}
# - name: e_pmDE
#   unit: mas / yr
#   datatype: float32
#   format: '{:6.3f}'
#   description: '? Standard error of proper motion in declination direction (pmdec_error)'
#   meta: !!omap
#   - {ucd: ERROR}
#   - {width: 6}
#   - {precision: '3'}
#   - values: {'null': .nan}
# - name: RUWE
#   datatype: float64
#   format: '{:7.3f}'
#   description: '? Renormalised unit weight error (ruwe)'
#   meta: !!omap
#   - {ucd: ERROR}
#   - {width: 7}
#   - {precision: '3'}
#   - values: {'null': .nan}
# - name: Teff
#   unit: K
#   datatype: float64
#   format: '{:7.1f}'
#   description: '? Effective temperature from GSP-Phot Aeneas best library using BP/RP spectra (teff_gspphot)'
#   meta: !!omap
#   - {ucd: PHYS_TEMP_EFFEC}
#   - {width: 7}
#   - {precision: '1'}
#   - values: {'null': .nan}
# - name: logg
#   unit: log(cm.s**-2)
#   datatype: float64
#   format: '{:7.4f}'
#   description: '? Surface gravity from GSP-Phot Aeneas best library using BP/RP spectra (logg_gspphot)'
#   meta: !!omap
#   - {ucd: PHYS_GRAVITY_SURFACE}
#   - {width: 7}
#   - {precision: '4'}
#   - values: {'null': .nan}
# - name: Gmag
#   unit: mag
#   datatype: float64
#   format: '{:9.6f}'
#   description: '? G-band mean magnitude (phot_g_mean_mag)'
#   meta: !!omap
#   - {ucd: PHOT_MAG_OPTICAL}
#   - {width: 9}
#   - {precision: '6'}
#   - values: {'null': .nan}
# - name: BP-RP
#   unit: mag
#   datatype: float64
#   format: '{:9.6f}'
#   description: '? BP-RP colour (bp_rp)'
#   meta: !!omap
#   - {ucd: PHOT_CI_B-R}
#   - {width: 9}
#   - {precision: '6'}
#   - values: {'null': .nan}
# - name: BPmag
#   unit: mag
#   datatype: float64
#   format: '{:9.6f}'
#   description: '? Integrated BP mean magnitude (phot_bp_mean_mag)'
#   meta: !!omap
#   - {ucd: PHOT_MAG_B}
#   - {width: 9}
#   - {precision: '6'}
#   - values: {'null': .nan}
# - name: RPmag
#   unit: mag
#   datatype: float64
#   format: '{:9.6f}'
#   description: '? Integrated RP mean magnitude (phot_rp_mean_mag)'
#   meta: !!omap
#   - {ucd: PHOT_MAG_R}
#   - {width: 9}
#   - {precision: '6'}
#   - values: {'null': .nan}
# - name: RV
#   unit: km / s
#   datatype: float64
#   format: '{:7.2f}'
#   description: '? Radial velocity (radial_velocity)'
#   meta: !!omap
#   - {ucd: VELOC_BARYCENTER}
#   - {width: 7}
#   - {precision: '2'}
#   - values: {'null': .nan}
# - name: e_RV
#   unit: km / s
#   datatype: float32
#   format: '{:5.2f}'
#   description: '? Radial velocity error (radial_velocity_error)'
#   meta: !!omap
#   - {ucd: ERROR}
#   - {width: 5}
#   - {precision: '2'}
#   - values: {'null': .nan}
# - name: b_rgeo
#   unit: pc
#   datatype: float64
#   format: '{:14.8f}'
#   description: '? 16th percentile of the geometric distance posterior (r_lo_geo)'
#   meta: !!omap
#   - {ucd: ERROR}
#   - {width: 14}
#   - {precision: '8'}
#   - values: {'null': .nan}
# - name: B_rgeo
#   unit: pc
#   datatype: float64
#   format: '{:14.8f}'
#   description: '? 84th percentile of the geometric distance posterior (r_hi_geo)'
#   meta: !!omap
#   - {ucd: ERROR}
#   - {width: 14}
#   - {precision: '8'}
#   - values: {'null': .nan}
# - name: FG
#   unit: ''
#   datatype: float64
#   format: '{:16.5f}'
#   description: '? G-band mean flux (phot_g_mean_flux)'
#   meta: !!omap
#   - {ucd: PHOT_FLUX_OPTICAL}
#   - {width: 16}
#   - {precision: '5'}
#   - values: {'null': .nan}
# - name: e_FG
#   unit: ''
#   datatype: float32
#   format: '{:11.4g}'
#   description: '? Error on G-band mean flux (phot_g_mean_flux_error)'
#   meta: !!omap
#   - {ucd: ERROR}
#   - {width: 11}
#   - {precision: E4}
#   - values: {'null': .nan}
# - name: FBP
#   unit: ''
#   datatype: float32
#   format: '{:11.4g}'
#   description: '? Integrated BP mean flux (phot_bp_mean_flux)'
#   meta: !!omap
#   - {ucd: PHOT_FLUX_B}
#   - {width: 11}
#   - {precision: E4}
#   - values: {'null': .nan}
# - name: e_FBP
#   unit: ''
#   datatype: float32
#   format: '{:11.4g}'
#   description: '? Error on the integrated BP mean flux (phot_bp_mean_flux_error)'
#   meta: !!omap
#   - {ucd: ERROR}
#   - {width: 11}
#   - {precision: E4}
#   - values: {'null': .nan}
# - name: FRP
#   unit: ''
#   datatype: float32
#   format: '{:11.4g}'
#   description: '? Integrated RP mean flux (phot_rp_mean_flux)'
#   meta: !!omap
#   - {ucd: PHOT_FLUX_R}
#   - {width: 11}
#   - {precision: E4}
#   - values: {'null': .nan}
# - name: e_FRP
#   unit: ''
#   datatype: float32
#   format: '{:11.4g}'
#   description: '? Error on the integrated RP mean flux (phot_rp_mean_flux_error)'
#   meta: !!omap
#   - {ucd: ERROR}
#   - {width: 11}
#   - {precision: E4}
#   - values: {'null': .nan}
# - name: RAVE5
#   datatype: string
#   description: RAVE DR5 cross-id name, Kunder et al., Cat. III/279 (rave5_original_ext_source_id)
#   meta: !!omap
#   - {ucd: ID_CROSSID}
#   - {_votable_string_dtype: char}
# - name: RAVE6
#   datatype: string
#   description: RAVE DR6 cross-id name, Steinmetz et al., Cat. III/283 (rave6_original_ext_source_id)
#   meta: !!omap
#   - {ucd: ID_CROSSID}
#   - {_votable_string_dtype: char}
# - name: e_Gmag
#   unit: ''
#   datatype: float64
#   format: '{:11.4g}'
#   description: '? Error on G-band mean flux (phot_g_mean_flux_error)'
#   meta: !!omap
#   - {ucd: ERROR}
#   - {width: 11}
#   - {precision: E4}
#   - values: {'null': .nan}
# - name: e_BPmag
#   unit: ''
#   datatype: float32
#   format: '{:11.4g}'
#   description: '? Error on the integrated BP mean flux (phot_bp_mean_flux_error)'
#   meta: !!omap
#   - {ucd: ERROR}
#   - {width: 11}
#   - {precision: E4}
#   - values: {'null': .nan}
# - name: e_RPmag
#   unit: ''
#   datatype: float32
#   format: '{:11.4g}'
#   description: '? Error on the integrated RP mean flux (phot_rp_mean_flux_error)'
#   meta: !!omap
#   - {ucd: ERROR}
#   - {width: 11}
#   - {precision: E4}
#   - values: {'null': .nan}
# - name: e_BP-RP
#   unit: ''
#   datatype: float32
#   format: '{:11.4g}'
#   description: '? Error on the integrated BP mean flux (phot_bp_mean_flux_error)'
#   meta: !!omap
#   - {ucd: ERROR}
#   - {width: 11}
#   - {precision: E4}
#   - values: {'null': .nan}
# - name: SkyCoord.ra
#   unit: deg
#   datatype: float64
#   format: '{:15.11f}'
#   description: Right ascension (ICRS) at Ep=2016.0 (ra)
#   meta: !!omap
#   - {ucd: POS_EQ_RA_MAIN}
#   - {width: 15}
#   - {precision: '11'}
# - name: SkyCoord.dec
#   unit: deg
#   datatype: float64
#   format: '{:15.11f}'
#   description: Declination (ICRS) at Ep=2016.0 (dec)
#   meta: !!omap
#   - {ucd: POS_EQ_DEC_MAIN}
#   - {width: 15}
#   - {precision: '11'}
# - name: SkyCoord.distance
#   unit: pc
#   datatype: float64
#   format: '{:15.8f}'
#   description: '? Median of the geometric distance posterior (r_med_geo)'
#   meta: !!omap
#   - {ucd: PHYS_DISTANCE_TRUE}
#   - {width: 15}
#   - {precision: '8'}
#   - values: {'null': .nan}
# - {name: SkyCoord.pm_ra_cosdec, unit: mas / yr, datatype: float64}
# - {name: SkyCoord.pm_dec, unit: mas / yr, datatype: float64}
# - {name: Pmemb, datatype: float64}
# meta: !!omap
# - {ID: I_352_gedr3dis}
# - {name: I/352/gedr3dis}
# - {description: Estimating distances from parallaxes (1467744818 sources)}
# - __serialized_columns__:
#     SkyCoord:
#       __class__: astropy.coordinates.sky_coordinate.SkyCoord
#       dec: !astropy.table.SerializedColumn
#         __class__: astropy.coordinates.angles.Latitude
#         unit: &id001 !astropy.units.Unit {unit: deg}
#         value: !astropy.table.SerializedColumn {name: SkyCoord.dec}
#       distance: !astropy.table.SerializedColumn
#         __class__: astropy.coordinates.distances.Distance
#         unit: !astropy.units.Unit {unit: pc}
#         value: !astropy.table.SerializedColumn {name: SkyCoord.distance}
#       frame: icrs
#       obstime: !astropy.time.Time {format: jyear_str, in_subfmt: '*', jd1: 367701545.0, jd2: 0.0, out_subfmt: '*', precision: 3, scale: tt}
#       pm_dec: !astropy.table.SerializedColumn
#         __class__: astropy.units.quantity.Quantity
#         unit: !astropy.units.Unit {unit: mas / yr}
#         value: !astropy.table.SerializedColumn {name: SkyCoord.pm_dec}
#       pm_ra_cosdec: !astropy.table.SerializedColumn
#         __class__: astropy.units.quantity.Quantity
#         unit: !astropy.units.Unit {unit: mas / yr}
#         value: !astropy.table.SerializedColumn {name: SkyCoord.pm_ra_cosdec}
#       ra: !astropy.table.SerializedColumn
#         __class__: astropy.coordinates.angles.Longitude
#         unit: *id001
#         value: !astropy.table.SerializedColumn {name: SkyCoord.ra}
#         wrap_angle: !astropy.coordinates.Angle
#           unit: *id001
#           value: 360.0
#       representation_type: spherical
# schema: astropy-2.0
RA_ICRS_1 DE_ICRS_1 e_RA_ICRS e_DE_ICRS _r_1 HIP TYC2 Source rgeo Plx e_Plx pmRA pmDE e_pmRA e_pmDE RUWE Teff logg Gmag BP-RP BPmag RPmag RV e_RV b_rgeo B_rgeo FG e_FG FBP e_FBP FRP e_FRP RAVE5 RAVE6 e_Gmag e_BPmag e_RPmag e_BP-RP SkyCoord.ra SkyCoord.dec SkyCoord.distance SkyCoord.pm_ra_cosdec SkyCoord.pm_dec Pmemb
242.10263393762 -51.39322817242 0.012 0.0073 3.1364 "" "" 5981529076887618048 1827.37122 0.5072 0.015 -2.247 -4.259 0.017 0.012 1.023 "" "" 13.118807 1.224474 13.638991 12.414517 "" "" 1781.77283 1879.62183 106518.26112 20.689 47843.0 35.56 85773.0 35.791 "" "" 0.002763378487876483 0.0029045276 0.0038064397 0.006710967 242.10263393762 -51.39322817242 1827.37122 -2.246999999999999 -4.259 1.0
242.2005579721 -51.4512964609 0.0135 0.0075 1.9529 "" "" 5933489489745425024 2035.89221 0.4502 0.0174 -2.336 -4.181 0.019 0.013 0.927 "" "" 13.4546 1.271747 13.99902 12.727273 "" "" 1973.38 2124.12598 78181.97918 10.695 34341.0 20.268 64306.0 27.73 "" "" 0.0027593203809055276 0.0028628085 0.0038082711 0.0066710794 242.2005579721 -51.4512964609 2035.89221 -2.3360000000000003 -4.181000000000002 0.99
242.1503369878 -51.43453534445 0.0146 0.0084 0.8564 "" "" 5981522170580153088 1934.26855 0.4828 0.0187 -2.293 -4.234 0.02 0.014 0.955 "" "" 13.760402 1.22776 14.285143 13.057383 "" "" 1860.32031 1988.79065 58991.02598 8.1696 26385.0 15.358 47447.0 18.657 "" "" 0.0027594199103455853 0.002860847 0.0038034192 0.006664266 242.1503369878 -51.43453534445 1934.26855 -2.293 -4.234 0.99
242.22815017052 -51.38884994519 0.0156 0.0093 3.1469 "" "" 5933490142580465664 1829.65649 0.5118 0.0201 -2.258 -4.31 0.022 0.016 0.958 "" "" 14.11586 1.239211 14.644927 13.405716 "" "" 1772.76685 1885.74731 42520.94741 6.9707 18943.0 17.078 34425.0 13.165 "" "" 0.0027610632295021103 0.0029568868 0.0038021216 0.0067590084 242.22815017052 -51.38884994519 1829.65649 -2.258 -4.309999999999999 0.99
242.23678877669 -51.39041095921 0.0172 0.01 3.3242 "" "" 5933490142580465408 1907.578 0.488 0.0224 -2.263 -4.2 0.023 0.017 0.959 "" "" 14.292934 1.261305 14.832725 13.57142 "" "" 1844.98181 2001.70996 36122.10082 6.2827 15934.0 10.491 29552.0 12.69 "" "" 0.002761783942444962 0.0028802885 0.0038080304 0.006688319 242.23678877669 -51.39041095921 1907.578 -2.263 -4.199999999999999 0.94
242.15138017456 -51.4012723188 0.0225 0.0126 1.5966 "" "" 5981528286613612160 1858.32849 0.501 0.0277 -2.236 -4.283 0.031 0.022 0.976 7193.3 3.7151 14.81669 1.265136 15.361962 14.096827 "" "" 1748.03162 1948.80359 22298.24671 4.6135 9786.6 14.283 18215.0 9.7552 "" "" 0.0027644623057768965 0.003208725 0.0038238515 0.0070325765 242.15138017456 -51.4012723188 1858.32849 -2.2359999999999998 -4.282999999999998 0.99
242.16665207132 -51.46683661102 0.0229 0.0133 2.4692 "" "" 5933483648589716992 1830.80103 0.5209 0.0287 -2.308 -4.282 0.032 0.023 1.052 7121.6 3.6214 15.035332 1.279408 15.586514 14.307106 "" "" 1746.27405 1918.49292 18231.14901 3.5802 7958.1 9.0284 15008.0 10.286 "" "" 0.0027635574888009553 0.0030499636 0.0038519418 0.0069019054 242.16665207132 -51.46683661102 1830.80103 -2.308 -4.282000000000002 0.99
242.12881056274 -51.46132802672 0.0291 0.0166 2.5986 "" "" 5981522033141877120 1814.76208 0.5153 0.0371 -2.251 -4.443 0.04 0.029 0.986 "" "" 15.537414 1.382347 16.15078 14.768433 "" "" 1710.81677 1921.40906 11481.0372 2.833 4732.7 8.5599 9812.6 6.7776 "" "" 0.0027683145497467703 0.0034119384 0.003853065 0.0072650034 242.12881056274 -51.46132802672 1814.76208 -2.2509999999999994 -4.443 0.97
242.11694557083 -51.40805032166 0.031 0.0178 2.1944 "" "" 5981528320973356032 1715.38379 0.5502 0.0383 -2.226 -4.173 0.045 0.03 0.957 7198.8 3.5146 15.674232 1.464075 16.334656 14.870581 "" "" 1620.24817 1831.14355 10121.71411 2.8037 3995.3 7.4619 8931.5 8.1402 "" "" 0.0027716851106321973 0.0034492037 0.003906779 0.0073559824 242.11694557083 -51.40805032166 1715.38379 -2.226000000000001 -4.173000000000001 0.98
242.11184419193 -51.45184530254 0.0341 0.0193 2.631 "" "" 5981522239299628160 2079.65747 0.4405 0.0432 -2.286 -4.262 0.047 0.033 1.01 8660.0 3.5449 15.862853 1.489897 16.540834 15.050938 "" "" 1921.37988 2235.36426 8507.57216 2.5249 3304.3 6.2092 7564.5 8.8298 "" "" 0.0027740980660187252 0.0034565318 0.0039862124 0.0074427444 242.11184419193 -51.45184530254 2079.65747 -2.286 -4.261999999999998 0.94
242.24181865172 -51.4072880755 0.0353 0.0197 2.964 "" "" 5933490039501245696 1856.70764 0.5212 0.0446 -2.391 -4.27 0.049 0.033 0.988 9228.2 3.8064 15.919607 1.516392 16.604397 15.088005 "" "" 1702.68481 2053.19141 8074.28128 2.3065 3116.4 6.0884 7310.7 14.458 "" "" 0.0027727212887348873 0.0035049089 0.004346748 0.0078516565 242.24181865172 -51.4072880755 1856.70764 -2.390999999999999 -4.269999999999998 0.99
242.24544481477 -51.36993018872 0.0341 0.0197 4.4196 "" "" 5933490280019619072 1822.21484 0.5132 0.0437 -2.266 -4.195 0.048 0.033 0.982 9225.5 3.6773 15.923877 1.536593 16.616951 15.080359 "" "" 1685.78064 1995.29236 8042.59041 2.3476 3080.6 8.4283 7362.3 10.695 "" "" 0.0027734867914598975 0.004075401 0.004095283 0.008170684 242.24544481477 -51.36993018872 1822.21484 -2.266 -4.195 0.94
242.1701439504 -51.36046102504 0.037 0.023 3.9147 "" "" 5981528802009714944 1881.95483 0.5048 0.0483 -2.313 -4.215 0.053 0.039 0.946 8245.3 3.7484 16.14419 1.754891 16.985144 15.230252 "" "" 1753.41235 2096.19849 6565.54813 2.3476 2194.6 8.4677 6412.9 8.2935 "" "" 0.0027825355026381963 0.00503336 0.0040317876 0.0090651475 242.1701439504 -51.36046102504 1881.95483 -2.3130000000000006 -4.214999999999999 0.98
242.20046147654 -51.43975665304 0.0413 0.0228 1.469 "" "" 5933489592824643328 1779.18494 0.5598 0.0526 -2.35 -4.234 0.056 0.039 0.977 9543.3 4.2634 16.250423 1.547761 16.9555 15.407739 "" "" 1591.41028 2003.75317 5953.57395 2.0797 2255.4 7.0808 5445.8 5.9445 "" "" 0.0027813008278641804 0.0044049947 0.0039608506 0.008365845 242.20046147654 -51.43975665304 1779.18494 -2.35 -4.234 0.95
