Clusters/NGC_6216/NGC_6216_stars_in_region.tsv
# %ECSV 1.0
# ---
# datatype:
# - name: RA_ICRS_1
#   unit: deg
#   datatype: float64
#   format: '{:15.11f}'
#   description: Right ascension (ICRS) at Ep=2016.0 (ra)
#   meta: !!omap
#   - {ucd: POS_EQ_RA_MAIN}
#   - {width: 15}
#   - {precision: '11'}
# - name: DE_ICRS_1
#   unit: deg
#   datatype: float64
#   format: '{:15.11f}'
#   description: Declination (ICRS) at Ep=2016.0 (dec)
#   meta: !!omap
#   - {ucd: POS_EQ_DEC_MAIN}
#   - {width: 15}
#   - {precision: '11'}
# - name: e_RA_ICRS
#   unit: mas
#   datatype: float64
#   format: '{:7.4f}'
#   description: Standard error of right ascension (ra_error)
#   meta: !!omap
#   - {ucd: ERROR}
#   - {width: 7}
#   - {precision: '4'}
# - name: e_DE_ICRS
#   unit: mas
#   datatype: float64
#   format: '{:7.4f}'
#   description: Standard error of declination (dec_error)
#   meta: !!omap
#   - {ucd: ERROR}
#   - {width: 7}
#   - {precision: '4'}
# - name: _r_1
#   unit: ''
#   datatype: float64
#   format: '{:7.4f}'
#   description: Distance from center (252.33461041000-44.72229550000)[ICRS], at Epoch=J2016.0
#   meta: !!omap
#   - {ucd: POS_ANG_DIST_GENERAL}
#   - {width: 7}
#   - {precision: '4'}
# - name: HIP
#   datatype: int32
#   description: '? HIP cross-id number, van Leeuwen, Cat. I/311 (hip_original_ext_source_id)'
#   meta: !!omap
#   - {ucd: ID_NUMBER}
#   - {width: 6}
#   - values: {'null': -2147483648}
# - name: TYC2
#   datatype: string
#   description: Tycho-2 cross-id name, Hog et al., Cat. I/259 (tyc2_original_ext_source_id)
#   meta: !!omap
#   - {ucd: ID_CROSSID}
#   - {_votable_string_dtype: char}
# - name: Source
#   datatype: int64
#   description: Source identifier, identical to the Gaia-EDR3 source_id (id)
#   meta: !!omap
#   - {ucd: ID_MAIN}
#   - {width: 19}
# - name: rgeo
#   unit: pc
#   datatype: float64
#   format: '{:15.8f}'
#   description: '? Median of the geometric distance posterior (r_med_geo)'
#   meta: !!omap
#   - {ucd: PHYS_DISTANCE_TRUE}
#   - {width: 15}
#   - {precision: '8'}
#   - values: {'null': .nan}
# - name: Plx
#   unit: mas
#   datatype: float64
#   format: '{:9.4f}'
#   description: '? Parallax (parallax)'
#   meta: !!omap
#   - {ucd: POS_PARLX_TRIG}
#   - {width: 9}
#   - {precision: '4'}
#   - values: {'null': .nan}
# - name: e_Plx
#   unit: mas
#   datatype: float32
#   format: '{:7.4f}'
#   description: '? Standard error of parallax (parallax_error)'
#   meta: !!omap
#   - {ucd: ERROR}
#   - {width: 7}
#   - {precision: '4'}
#   - values: {'null': .nan}
# - name: pmRA
#   unit: mas / yr
#   datatype: float64
#   format: '{:9.3f}'
#   description: '? Proper motion in right ascension direction, pmRA*cosDE (pmra)'
#   meta: !!omap
#   - {ucd: POS_EQ_PMRA}
#   - {width: 9}
#   - {precision: '3'}
#   - values: {'null': .nan}
# - name: pmDE
#   unit: mas / yr
#   datatype: float64
#   format: '{:9.3f}'
#   description: '? Proper motion in declination direction (pmdec)'
#   meta: !!omap
#   - {ucd: POS_EQ_PMDEC}
#   - {width: 9}
#   - {precision: '3'}
#   - values: {'null': .nan}
# - name: e_pmRA
#   unit: mas / yr
#   datatype: float32
#   format: '{:6.3f}'
#   description: '? Standard error of proper motion in right ascension direction (pmra_error)'
#   meta: !!omap
#   - {ucd: ERROR}
#   - {width: 6}
#   - {precision: '3'}
#   - values: {'null': .nan}
# - name: e_pmDE
[...]
#         value: !astropy.table.SerializedColumn {name: SkyCoord.dec}
#       distance: !astropy.table.SerializedColumn
#         __class__: astropy.coordinates.distances.Distance
#         unit: !astropy.units.Unit {unit: pc}
#         value: !astropy.table.SerializedColumn {name: SkyCoord.distance}
#       frame: icrs
#       obstime: !astropy.time.Time {format: jyear_str, in_subfmt: '*', jd1: 367701545.0, jd2: 0.0, out_subfmt: '*', precision: 3, scale: tt}
#       pm_dec: !astropy.table.SerializedColumn
#         __class__: astropy.units.quantity.Quantity
#         unit: !astropy.units.Unit {unit: mas / yr}
#         value: !astropy.table.SerializedColumn {name: SkyCoord.pm_dec}
#       pm_ra_cosdec: !astropy.table.SerializedColumn
#         __class__: astropy.units.quantity.Quantity
#         unit: !astropy.units.Unit {unit: mas / yr}
#         value: !astropy.table.SerializedColumn {name: SkyCoord.pm_ra_cosdec}
#       ra: !astropy.table.SerializedColumn
#         __class__: astropy.coordinates.angles.Longitude
#         unit: *id001
#         value: !astropy.table.SerializedColumn {name: SkyCoord.ra}
#         wrap_angle: !astropy.coordinates.Angle
#           unit: *id001
#           value: 360.0
#       representation_type: spherical
# schema: astropy-2.0
RA_ICRS_1 DE_ICRS_1 e_RA_ICRS e_DE_ICRS _r_1 HIP TYC2 Source rgeo Plx e_Plx pmRA pmDE e_pmRA e_pmDE RUWE Teff logg Gmag BP-RP BPmag RPmag RV e_RV b_rgeo B_rgeo FG e_FG FBP e_FBP FRP e_FRP RAVE5 RAVE6 e_Gmag e_BPmag e_RPmag e_BP-RP SkyCoord.ra SkyCoord.dec SkyCoord.distance SkyCoord.pm_ra_cosdec SkyCoord.pm_dec rmRA rmDE e_rmRA e_rmDE rRV e_rRV v_pec v_pec3d e_vpec e_vpec3d
[from data line 773]
252.38648243411 -44.57561347697 0.1206 0.0791 9.0752 "" "" 5964300176351016192 1915.16309 0.5726 0.1407 -0.282 -4.032 0.197 0.133 4.881 "" "" 15.213357 1.252594 15.742773 14.490179 "" "" 1474.43787 2608.30444 15474.05095 17.08 6891.4 13.72 12679.0 12.798 "" "" 0.0030046620059640365 0.003529514 0.0039350707 0.007464585 252.38648243411 -44.57561347697 1915.16309 -0.2820000000000005 -4.032 1.033999984741211 -1.4843513317108155 0.299302 0.23530202 "" "" 16.421806714510428 "" 4.236235317028212 ""
252.02195720034 -44.60363345659 0.0296 0.0201 15.1233 "" "" 5967281811375517952 2422.68823 0.3569 0.0329 -1.899 -3.529 0.041 0.033 1.043 6713.3 2.1567 15.213805 2.884158 16.869572 13.985414 -58.8 2.35 2250.61987 2635.7168 15467.65992 7.0151 2441.1 12.015 20183.0 13.289 "" "" 0.0027989756112602464 0.006028504 0.0038463976 0.009874902 252.02195720034 -44.60363345659 2422.68823 -1.898999999999999 -3.528999999999996 -0.5830000152587891 -0.9813513317108153 0.14330202 0.135302 -36.45333333333333 2.5890539 13.108046960766877 38.738435774264055 1.8014889603007416 2.511431864550172
252.16475037244 -44.78375404078 0.0286 0.0194 8.1228 "" "" 5964276085864605952 1846.93616 0.502 0.0325 0.016 3.439 0.042 0.034 0.932 4931.6 3.4817 15.215618 2.111877 16.301311 14.189435 0.63 4.19 1740.80457 1941.9718 15441.8537 5.4295 4119.9 10.881 16726.0 15.701 "" "" 0.002781640932815894 0.0040009646 0.003914396 0.007915361 252.16475037244 -44.78375404078 1846.93616 0.016000000000000014 3.439 1.331999984741211 5.986648668289185 0.14430201 0.13630202 22.976666666666663 4.4290543 53.691564770628425 58.40129569307258 7.339094493067467 6.968613302789656
252.3754367502 -44.6674134521 0.0291 0.0184 3.725 "" "" 5964298183484442496 2279.073 0.4004 0.0322 -1.115 -0.413 0.045 0.034 1.067 7706.7 3.5721 15.215983 1.569383 15.92823 14.358848 "" "" 2141.26831 2412.34424 15436.66069 4.7637 5809.3 17.539 14309.0 23.615 "" "" 0.0027756172060567617 0.0043046665 0.0041826395 0.008487307 252.3754367502 -44.6674134521 2279.073 -1.1149999999999998 -0.4129999999999995 0.20099998474121095 2.1346486682891848 0.14730202 0.13630202 "" "" 23.16219844328159 "" 3.1593831465716518 ""
252.39869296474 -44.42767116025 0.0279 0.0187 17.8884 "" "" 5964307250147945984 1858.20032 0.4978 0.0331 -10.465 0.724 0.042 0.034 0.93 7436.5 3.9274 15.219828 1.355704 15.815346 14.459641 "" "" 1755.29333 2005.79163 15382.10792 4.1774 6445.8 11.867 13041.0 17.034 "" "" 0.002771052379510904 0.003432288 0.0040367004 0.007468988 252.39869296474 -44.42767116025 1858.20032 -10.465 0.7240000000000018 -9.149000015258789 3.2716486682891848 0.14430201 0.13630202 "" "" 85.58053740787831 "" 12.273740449807 ""
252.25546990658 -44.96341297368 0.0276 0.0194 14.8537 "" "" 5964265159467485952 2463.94531 0.3559 0.0301 -1.936 -3.252 0.04 0.032 1.055 "" "" 15.220754 2.740822 16.766834 14.026012 -30.47 2.67 2285.3894 2644.70215 15368.99139 5.4758 2683.4 9.2244 19443.0 14.661 "" "" 0.002782342759218097 0.0046599507 0.0038670397 0.00852699 252.25546990658 -44.96341297368 2463.94531 -1.936 -3.252 -0.620000015258789 -0.7043513317108152 0.142302 0.13430202 -8.123333333333335 2.909054 10.959147029505848 13.641533933497778 1.5107364280302833 2.1151514768509063
252.36359203093 -44.67132046371 0.029 0.0191 3.2988 "" "" 5964298149124703360 1883.59241 0.4942 0.0328 -0.561 -2.198 0.044 0.032 1.032 6863.7 3.8913 15.221191 1.528392 15.923512 14.39512 "" "" 1772.0863 1990.69556 15362.79461 3.8507 5834.6 11.995 13839.0 11.641 "" "" 0.0027687271548898665 0.0035731378 0.0038881653 0.007461303 252.36359203093 -44.67132046371 1883.59241 -0.5609999999999996 -2.198 0.7549999847412109 0.3496486682891846 0.14630201 0.13430202 "" "" 7.428581715719298 "" 1.0716133996755857 ""
252.37348340155 -44.77198213066 0.0536 0.0321 3.4105 "" "" 5964273268366082688 2064.83618 0.4749 0.0542 -2.188 -6.385 0.077 0.057 1.712 4866.2 3.4985 15.221372 2.092073 16.277016 14.184942 -14.28 6.36 1859.38611 2313.01025 15360.24966 6.5848 4213.2 8.4215 16795.0 14.647 "" "" 0.0027943565798740576 0.0035348067 0.0038961906 0.007430997 252.37348340155 -44.77198213066 2064.83618 -2.1879999999999975 -6.385 -0.8720000152587892 -3.837351331710815 0.179302 0.15930201 8.066666666666665 6.5990543 38.51488916133556 39.350575576744426 6.175566339809357 6.193945370658941
252.69048280753 -44.53368592388 0.0312 0.0198 18.9469 "" "" 5964294472632316800 2115.24194 0.435 0.0363 -2.18 -2.962 0.044 0.033 0.949 "" "" 15.222237 1.087418 15.673266 14.585849 "" "" 1964.505 2322.74634 15348.01042 4.3384 7347.0 12.606 11610.0 12.798 "" "" 0.0027723598512543173 0.0033549184 0.003964359 0.007319277 252.69048280753 -44.53368592388 2115.24194 -2.18 -2.9619999999999997 -0.8640000152587892 -0.4143513317108156 0.14630201 0.135302 "" "" 9.60733704180552 "" 1.3864244248449171 ""
252.60905143618 -44.81396514313 0.0278 0.0195 12.9198 "" "" 5964283821113931008 2249.51636 0.3997 0.0319 -5.562 -4.611 0.041 0.034 1.013 4520.0 1.5373 15.222388 2.397006 16.507135 14.110129 34.29 12.32 2120.23145 2435.00903 15345.8661 5.0895 3408.5 9.1021 17993.0 16.831 "" "" 0.0027787501491018003 0.0040238486 0.003913465 0.007937314 252.60905143618 -44.81396514313 2249.51636 -5.562 -4.611000000000002 -4.246000015258789 -2.063351331710815 0.14330202 0.13630202 56.63666666666666 12.559053 50.33648969155907 75.77251616238927 7.147350584037844 10.51980860935949
252.76361744016 -44.79526179491 0.046 0.0313 18.7947 "" "" 5964281896967908992 2193.51392 0.4419 0.058 -2.619 -3.215 0.071 0.06 1.858 7669.8 3.5677 15.224391 1.612887 15.96608 14.353192 "" "" 1921.88403 2574.27197 15317.58773 7.6391 5610.3 10.683 14384.0 13.747 "" "" 0.002808020923625228 0.0034726541 0.0039192415 0.0073918956 252.76361744016 -44.79526179491 2193.51392 -2.619 -3.215 -1.3030000152587893 -0.6673513317108153 0.17330202 0.16230202 "" "" 15.221124103934985 "" 2.6039448444890656 ""
252.30046904602 -44.98629574503 0.0275 0.0195 15.9064 "" "" 5964264373500105856 2321.72339 0.3939 0.0306 0.247 -0.516 0.037 0.031 0.942 8245.6 3.5978 15.22486 1.367343 15.828914 14.461571 "" "" 2188.04443 2485.60571 15310.97217 3.9709 6365.8 7.749 13018.0 14.433 "" "" 0.002769671438298274 0.0030873632 0.003966452 0.0070538153 252.30046904602 -44.98629574503 2321.72339 0.24700000000000033 -0.516 1.5629999847412108 2.0316486682891846 0.13930202 0.13330202 "" "" 28.20916200789072 "" 3.824142976410438 ""
252.51526052376 -44.54653595066 0.0278 0.02 13.0652 "" "" 5964305467748659584 1836.75647 0.508 0.0341 1.054 -3.594 0.045 0.035 0.961 8919.2 4.0821 15.2255 1.28258 15.783807 14.501226 "" "" 1741.18713 1928.94653 15301.94112 4.4125 6635.8 11.305 12551.0 11.259 "" "" 0.0027730509764329037 0.0033476024 0.0039028637 0.0072504664 252.51526052376 -44.54653595066 1836.75647 1.0539999999999998 -3.594 2.369999984741211 -1.0463513317108153 0.14730202 0.13730201 "" "" 22.555260083551147 "" 3.2866988287964203 ""
252.63432426675 -44.64416297341 0.0303 0.0205 13.6182 "" "" 5964292338018880768 1843.50793 0.4951 0.0341 -2.059 -4.021 0.047 0.037 0.94 "" "" 15.227423 1.302056 15.794948 14.492891 "" "" 1720.9657 1968.7373 15274.87467 4.3741 6568.1 12.582 12647.0 11.086 "" "" 0.0027728062930557824 0.0034800672 0.003897372 0.007377439 252.63432426675 -44.64416297341 1843.50793 -2.0590000000000024 -4.021000000000001 -0.7430000152587892 -1.4733513317108153 0.149302 0.13930202 "" "" 14.4189047527043 "" 2.038641115716333 ""
252.48342679021 -44.72152845129 0.0324 0.0204 6.3445 "" "" 5964285362994081024 1909.86829 0.4771 0.034 -2.029 -2.228 0.048 0.035 0.938 "" "" 15.227754 1.672688 16.01547 14.342783 -36.14 9.1 1792.43591 2051.23291 15270.2188 5.101 5360.8 7.6084 14523.0 10.77 "" "" 0.0027790884658917287 0.003187408 0.0038641964 0.0070516043 252.48342679021 -44.72152845129 1909.86829 -2.029 -2.228 -0.713000015258789 0.31964866828918437 0.15030202 0.13730201 -13.793333333333337 9.339054 7.073597560110762 15.501349195694209 1.0483490725146356 8.323788808468317
252.45642388806 -44.73102510897 0.032 0.0196 5.2191 "" "" 5964296980893564544 2265.52686 0.4145 0.0335 -2.8 -4.65 0.048 0.035 1.021 "" "" 15.230458 1.71977 16.041742 14.321972 -27.68 11.84 2094.14575 2431.65186 15232.2236 4.5087 5232.6 11.982 14804.0 20.073 "" "" 0.002773999171499731 0.0037371432 0.0040559843 0.0077931276 252.45642388806 -44.73102510897 2265.52686 -2.8 -4.65 -1.4840000152587889 -2.102351331710816 0.15030202 0.13730201 -5.333333333333336 12.079054 27.634183894352795 28.144139069286734 3.9173573345251294 4.4759453790651005
252.60834053208 -44.74844906667 0.0296 0.0193 11.772 "" "" 5964285539100245632 2203.49243 0.4031 0.0321 -2.564 -4.488 0.04 0.031 1.015 6800.3 2.9258 15.231479 1.899701 16.170567 14.270865 -39.59 6.34 2084.54688 2398.37891 15217.9145 5.1676 4647.2 11.938 15517.0 18.381 "" "" 0.002779877635474125 0.0039451416 0.0039922255 0.007937367 252.60834053208 -44.74844906667 2203.49243 -2.564 -4.488 -1.2480000152587891 -1.9403513317108159 0.142302 0.13330202 -17.24333333333334 6.5790544 24.096080568514175 29.630282536769222 3.2770025236856513 4.664834742214768
252.3470123848 -44.74686411628 0.0306 0.0199 1.566 "" "" 5964274097306380544 2112.8396 0.4373 0.0311 -1.178 -2.531 0.045 0.033 0.996 8822.3 3.3706 15.23215 1.179443 15.704641 14.525198 "" "" 1984.14185 2255.8374 15208.51094 4.2019 7137.7 25.711 12277.0 54.385 "" "" 0.002771601285047499 0.004804245 0.0061168796 0.010921124 252.3470123848 -44.74686411628 2112.8396 -1.178 -2.531 0.137999984741211 0.016648668289184432 0.14730202 0.135302 "" "" 1.3920717651316072 "" 0.20482496548017515 ""
252.7125871647 -44.90289541824 0.0288 0.0191 19.3974 "" "" 5964279732305047680 2322.45117 0.3874 0.0328 -5.713 -2.008 0.044 0.035 1.027 6092.5 2.9333 15.234825 2.193327 16.374657 14.18133 "" "" 2176.76221 2514.26782 15171.08423 4.7873 3850.8 9.275 16851.0 15.473 "" "" 0.002776539230548766 0.003824103 0.0039086617 0.007732765 252.7125871647 -44.90289541824 2322.45117 -5.712999999999995 -2.0079999999999982 -4.397000015258789 0.5396486682891846 0.14630201 0.13730201 "" "" 48.767206959427114 "" 7.128425073437469 ""
251.93346663616 -44.86910866551 0.0259 0.0178 19.2174 "" "" 5967271194215840896 1750.63757 0.532 0.0288 -4.409 -6.137 0.037 0.029 1.008 6874.7 3.7183 15.236775 1.580728 15.968207 14.387479 "" "" 1677.0647 1823.70276 15143.86526 4.3762 5599.3 10.518 13937.0 13.705 "" "" 0.0027731261990961657 0.0034560973 0.0039272932 0.0073833903 251.93346663616 -44.86910866551 1750.63757 -4.409000000000001 -6.1370000000000005 -3.093000015258789 -3.589351331710815 0.13930202 0.13130201 "" "" 39.317296667032245 "" 5.298757830118923 ""
252.64657167636 -44.50247167979 0.0288 0.022 18.7485 "" "" 5964295503424508288 2043.74634 0.4423 0.0351 -2.08 -2.006 0.041 0.034 1.085 8764.5 3.3982 15.240346 1.196924 15.749516 14.552591 "" "" 1907.23242 2198.42114 15094.13943 4.6711 6848.7 17.711 11971.0 10.739 "" "" 0.002775731118805263 0.00395835 0.0039028705 0.00786122 252.64657167636 -44.50247167979 2043.74634 -2.0799999999999974 -2.0059999999999976 -0.7640000152587891 0.5416486682891848 0.14330202 0.13630202 "" "" 9.07245380154566 "" 1.2792087968424237 ""
251.98420133363 -44.55218828003 0.0295 0.0206 18.1103 "" "" 5967282116290836480 2072.46509 0.4381 0.0333 -1.817 -3.156 0.042 0.033 0.911 9656.3 3.8672 15.240725 1.657895 16.006641 14.348746 "" "" 1925.08984 2230.2063 15088.85998 5.0045 5404.6 10.442 14443.0 29.063 "" "" 0.0027787523575508225 0.0034907614 0.00436543 0.007856192 251.98420133363 -44.55218828003 2072.46509 -1.817 -3.1559999999999997 -0.501000015258789 -0.6083513317108156 0.14430201 0.135302 "" "" 7.74183049369809 "" 1.0761867488751045 ""
252.10441451551 -44.98616912033 0.0275 0.0184 18.6154 "" "" 5964266538163333376 1892.84351 0.4905 0.029 -0.691 -0.549 0.038 0.03 0.973 8793.9 3.589 15.242172 1.366288 15.844078 14.47779 "" "" 1788.12671 2003.67871 15068.77769 4.08 6277.5 11.896 12825.0 12.931 "" "" 0.0027709581597329174 0.0034667463 0.003934732 0.0074014785 252.10441451551 -44.98616912033 1892.84351 -0.6910000000000001 -0.5490000000000002 0.624999984741211 1.9986486682891846 0.14030202 0.13230202 "" "" 18.78835763673995 "" 2.499493308210154 ""
252.37517755838 -44.75293398112 0.029 0.0186 2.5236 "" "" 5964273307032391424 2259.03589 0.4029 0.0295 -1.331 -2.597 0.043 0.032 0.957 9238.5 3.5678 15.242914 1.182552 15.738441 14.555889 "" "" 2109.86865 2427.52246 15058.48071 3.7563 6919.0 13.072 11934.0 11.288 "" "" 0.002768599019591618 0.0034630564 0.0039164247 0.007379481 252.37517755838 -44.75293398112 2259.03589 -1.331 -2.5970000000000004 -0.015000015258789023 -0.049351331710815405 0.14530201 0.13430202 "" "" 0.552315897721752 "" 0.07471006418112382 ""
252.6581265333 -44.851048848 0.0338 0.0236 15.7947 "" "" 5964280797456283776 1823.69482 0.5153 0.041 -4.42 -3.119 0.049 0.041 1.32 4886.7 3.3895 15.245118 1.891403 16.182508 14.291105 -70.23 5.84 1685.03052 1967.59827 15027.94252 4.5712 4596.4 11.356 15231.0 15.561 "" "" 0.0027750424467023736 0.0038704772 0.003938805 0.0078092823 252.6581265333 -44.851048848 1823.69482 -4.42 -3.1189999999999984 -3.104000015258789 -0.5713513317108156 0.15130201 0.14330202 -47.88333333333334 6.0790544 27.282716493332224 55.11043667370686 4.120960366220579 5.6621571967716875
252.36398336465 -44.44546345482 0.0287 0.019 16.6573 "" "" 5964309865795289088 1701.76819 0.5458 0.0334 -0.265 -2.823 0.043 0.035 0.91 6375.5 3.9994 15.246366 1.442251 15.898241 14.45599 "" "" 1607.56946 1812.0011 15010.68728 4.3183 5972.0 12.157 13085.0 15.382 "" "" 0.002772967667207781 0.0035594967 0.0039890786 0.0075485753 252.36398336465 -44.44546345482 1701.76819 -0.2649999999999999 -2.8229999999999995 1.0509999847412108 -0.2753513317108154 0.14530201 0.13730201 "" "" 8.76388960507522 "" 1.269023971291043 ""
252.68338557582 -44.92006304481 0.0284 0.0196 19.0034 "" "" 5964279216908970624 2023.82983 0.4472 0.0324 0.075 -1.441 0.044 0.036 0.977 8076.4 3.4612 15.24765 1.516066 15.935681 14.419616 "" "" 1896.60791 2156.49487 14992.93852 9.2652 5769.6 16.684 13530.0 21.512 "" "" 0.002835836355351956 0.0042002783 0.004154963 0.008355241 252.68338557582 -44.92006304481 2023.82983 0.07499999999999968 -1.4410000000000007 1.390999984741211 1.1066486682891845 0.14630201 0.13830201 "" "" 17.051598738951743 "" 2.4427126936204884 ""
252.39198772278 -44.96569804127 0.0288 0.019 14.8067 "" "" 5964258429265347968 1702.70178 0.548 0.0305 -8.196 -6.325 0.04 0.03 0.906 7440.1 3.9211 15.247693 1.537393 15.95295 14.415557 "" "" 1628.0426 1794.28857 14992.33825 4.1892 5678.5 15.606 13581.0 11.946 "" "" 0.002771971937954797 0.0040851715 0.0038981792 0.007983351 252.39198772278 -44.96569804127 1702.70178 -8.196 -6.325000000000001 -6.880000015258789 -3.7773513317108156 0.142302 0.13230202 "" "" 63.34569406988854 "" 8.871524585128045 ""
251.98419888602 -44.76851478211 0.026 0.0179 15.1879 "" "" 5967273388916665472 1821.31274 0.5114 0.0288 0.475 -0.679 0.04 0.031 0.989 7664.1 3.8406 15.247815 1.438215 15.896358 14.458143 "" "" 1711.29224 1961.71057 14990.66388 3.8561 5982.4 9.7079 13059.0 12.066 "" "" 0.0027694387524880818 0.0032998845 0.0039102547 0.007210139 251.98419888602 -44.76851478211 1821.31274 0.4750000000000001 -0.679 1.790999984741211 1.8686486682891845 0.142302 0.13330202 "" "" 22.345238583806662 "" 3.0765944645464587 ""
252.06774408684 -44.58106386762 0.0289 0.0204 14.1971 "" "" 5967281433418394112 2147.30078 0.4333 0.0327 -1.112 -4.01 0.041 0.035 0.985 "" "" 15.248397 1.424089 15.878134 14.454045 "" "" 2039.66809 2342.85327 14982.62248 4.3197 6083.6 10.346 13108.0 11.757 "" "" 0.002773045082262589 0.0033458038 0.0039028295 0.0072486335 252.06774408684 -44.58106386762 2147.30078 -1.1120000000000003 -4.010000000000001 0.20399998474121084 -1.4623513317108152 0.14330202 0.13730201 "" "" 15.028241902494507 "" 2.0651659595641343 ""
