Clusters/NGC_6216/NGC_6216_stars_in_region.tsv
# %ECSV 1.0
# ---
# datatype:
# - name: RA_ICRS_1
#   unit: deg
#   datatype: float64
#   format: '{:15.11f}'
#   description: Right ascension (ICRS) at Ep=2016.0 (ra)
#   meta: !!omap
#   - {ucd: POS_EQ_RA_MAIN}
#   - {width: 15}
#   - {precision: '11'}
# - name: DE_ICRS_1
#   unit: deg
#   datatype: float64
#   format: '{:15.11f}'
#   description: Declination (ICRS) at Ep=2016.0 (dec)
#   meta: !!omap
#   - {ucd: POS_EQ_DEC_MAIN}
#   - {width: 15}
#   - {precision: '11'}
# - name: e_RA_ICRS
#   unit: mas
#   datatype: float64
#   format: '{:7.4f}'
#   description: Standard error of right ascension (ra_error)
#   meta: !!omap
#   - {ucd: ERROR}
#   - {width: 7}
#   - {precision: '4'}
# - name: e_DE_ICRS
#   unit: mas
#   datatype: float64
#   format: '{:7.4f}'
#   description: Standard error of declination (dec_error)
#   meta: !!omap
#   - {ucd: ERROR}
#   - {width: 7}
#   - {precision: '4'}
# - name: _r_1
#   unit: ''
#   datatype: float64
#   format: '{:7.4f}'
#   description: Distance from center (252.33461041000-44.72229550000)[ICRS], at Epoch=J2016.0
#   meta: !!omap
#   - {ucd: POS_ANG_DIST_GENERAL}
#   - {width: 7}
#   - {precision: '4'}
# - name: HIP
#   datatype: int32
#   description: '? HIP cross-id number, van Leeuwen, Cat. I/311 (hip_original_ext_source_id)'
#   meta: !!omap
#   - {ucd: ID_NUMBER}
#   - {width: 6}
#   - values: {'null': -2147483648}
# - name: TYC2
#   datatype: string
#   description: Tycho-2 cross-id name, Hog et al., Cat. I/259 (tyc2_original_ext_source_id)
#   meta: !!omap
#   - {ucd: ID_CROSSID}
#   - {_votable_string_dtype: char}
# - name: Source
#   datatype: int64
#   description: Source identifier, identical to the Gaia-EDR3 source_id (id)
#   meta: !!omap
#   - {ucd: ID_MAIN}
#   - {width: 19}
# - name: rgeo
#   unit: pc
#   datatype: float64
#   format: '{:15.8f}'
#   description: '? Median of the geometric distance posterior (r_med_geo)'
#   meta: !!omap
#   - {ucd: PHYS_DISTANCE_TRUE}
#   - {width: 15}
#   - {precision: '8'}
#   - values: {'null': .nan}
# - name: Plx
#   unit: mas
#   datatype: float64
#   format: '{:9.4f}'
#   description: '? Parallax (parallax)'
#   meta: !!omap
#   - {ucd: POS_PARLX_TRIG}
#   - {width: 9}
#   - {precision: '4'}
#   - values: {'null': .nan}
# - name: e_Plx
#   unit: mas
#   datatype: float32
#   format: '{:7.4f}'
#   description: '? Standard error of parallax (parallax_error)'
#   meta: !!omap
#   - {ucd: ERROR}
#   - {width: 7}
#   - {precision: '4'}
#   - values: {'null': .nan}
# - name: pmRA
#   unit: mas / yr
#   datatype: float64
#   format: '{:9.3f}'
#   description: '? Proper motion in right ascension direction, pmRA*cosDE (pmra)'
#   meta: !!omap
#   - {ucd: POS_EQ_PMRA}
#   - {width: 9}
#   - {precision: '3'}
#   - values: {'null': .nan}
# - name: pmDE
#   unit: mas / yr
#   datatype: float64
#   format: '{:9.3f}'
#   description: '? Proper motion in declination direction (pmdec)'
#   meta: !!omap
#   - {ucd: POS_EQ_PMDEC}
#   - {width: 9}
#   - {precision: '3'}
#   - values: {'null': .nan}
# - name: e_pmRA
#   unit: mas / yr
#   datatype: float32
#   format: '{:6.3f}'
#   description: '? Standard error of proper motion in right ascension direction (pmra_error)'
#   meta: !!omap
#   - {ucd: ERROR}
#   - {width: 6}
#   - {precision: '3'}
#   - values: {'null': .nan}
# - name: e_pmDE
[...]
#         value: !astropy.table.SerializedColumn {name: SkyCoord.dec}
#       distance: !astropy.table.SerializedColumn
#         __class__: astropy.coordinates.distances.Distance
#         unit: !astropy.units.Unit {unit: pc}
#         value: !astropy.table.SerializedColumn {name: SkyCoord.distance}
#       frame: icrs
#       obstime: !astropy.time.Time {format: jyear_str, in_subfmt: '*', jd1: 367701545.0, jd2: 0.0, out_subfmt: '*', precision: 3, scale: tt}
#       pm_dec: !astropy.table.SerializedColumn
#         __class__: astropy.units.quantity.Quantity
#         unit: !astropy.units.Unit {unit: mas / yr}
#         value: !astropy.table.SerializedColumn {name: SkyCoord.pm_dec}
#       pm_ra_cosdec: !astropy.table.SerializedColumn
#         __class__: astropy.units.quantity.Quantity
#         unit: !astropy.units.Unit {unit: mas / yr}
#         value: !astropy.table.SerializedColumn {name: SkyCoord.pm_ra_cosdec}
#       ra: !astropy.table.SerializedColumn
#         __class__: astropy.coordinates.angles.Longitude
#         unit: *id001
#         value: !astropy.table.SerializedColumn {name: SkyCoord.ra}
#         wrap_angle: !astropy.coordinates.Angle
#           unit: *id001
#           value: 360.0
#       representation_type: spherical
# schema: astropy-2.0
RA_ICRS_1 DE_ICRS_1 e_RA_ICRS e_DE_ICRS _r_1 HIP TYC2 Source rgeo Plx e_Plx pmRA pmDE e_pmRA e_pmDE RUWE Teff logg Gmag BP-RP BPmag RPmag RV e_RV b_rgeo B_rgeo FG e_FG FBP e_FBP FRP e_FRP RAVE5 RAVE6 e_Gmag e_BPmag e_RPmag e_BP-RP SkyCoord.ra SkyCoord.dec SkyCoord.distance SkyCoord.pm_ra_cosdec SkyCoord.pm_dec rmRA rmDE e_rmRA e_rmDE rRV e_rRV v_pec v_pec3d e_vpec e_vpec3d
[from data line 1590]
252.08589426151 -44.55777780627 0.0449 0.0297 14.4977 "" "" 5967281570857814912 1916.79297 0.5098 0.0479 -1.895 -4.389 0.064 0.05 1.071 7893.8 3.696 16.132776 1.680466 16.926743 15.246277 "" "" 1744.51953 2123.3208 6634.92759 2.755 2315.9 9.3936 6319.0 7.1291 "" "" 0.00279195885112955 0.0052133775 0.0039729304 0.009186308 252.08589426151 -44.55777780627 1916.79297 -1.895 -4.389 -0.5790000152587891 -1.8413513317108157 0.16630203 0.15230201 "" "" 17.537360778564103 "" 2.693983262038627 ""
252.55162578853 -44.49238171623 0.0406 0.0289 16.6202 "" "" 5964307421946531712 2078.62671 0.4567 0.0491 -4.441 -4.216 0.068 0.053 0.935 4960.7 4.1035 16.13362 2.027505 17.16003 15.132525 "" "" 1890.29077 2343.7124 6629.78432 3.1339 1868.1 8.0119 7016.9 9.8811 "" "" 0.0028027115415500243 0.0054284483 0.004076925 0.009505373 252.55162578853 -44.49238171623 2078.62671 -4.441 -4.215999999999999 -3.125000015258789 -1.6683513317108156 0.17030202 0.15530202 "" "" 34.90276015056739 "" 5.831945609493818 ""
252.66004101364 -44.52265796584 0.0694 0.0454 18.3472 "" "" 5964294708841002368 2014.11621 0.5087 0.0853 -3.38 -5.139 0.098 0.075 1.537 6024.1 4.5599 16.133785 1.527994 16.668669 15.140675 "" "" 1729.55298 2394.90283 6628.76459 5.4408 2937.3 24.665 6964.5 120.11 "" "" 0.0028958506690912145 0.0095345015 0.019102251 0.028636754 252.66004101364 -44.52265796584 2014.11621 -3.3800000000000003 -5.139000000000001 -2.064000015258789 -2.5913513317108157 0.200302 0.17730202 "" "" 31.62780439518037 "" 5.900692457844634 ""
252.37108831999 -44.60357952428 0.0432 0.0294 7.2911 "" "" 5964300038910342144 2445.52344 0.3693 0.0506 0.403 -4.136 0.07 0.051 0.97 15019.2 3.8559 16.136183 3.192475 18.01003 14.817555 "" "" 2193.96387 2759.10913 6614.14381 3.5484 853.89 9.6224 9378.6 25.497 "" "" 0.0028162165767055903 0.012549164 0.004795455 0.017344618 252.37108831999 -44.60357952428 2445.52344 0.403 -4.136 1.718999984741211 -1.5883513317108156 0.17230201 0.15330201 "" "" 27.130268125220134 "" 4.444625656280704 ""
251.97664998009 -44.70678671885 0.0424 0.0281 15.2908 "" "" 5967279504950230656 2274.85278 0.4062 0.0477 -3.519 -4.504 0.066 0.05 1.035 9477.2 4.1137 16.13799 1.850652 17.037561 15.18691 "" "" 2064.36865 2581.45703 6603.13584 2.9635 2091.2 7.472 6674.1 12.093 "" "" 0.002798076421331099 0.004778584 0.0042607402 0.009039324 251.97664998009 -44.70678671885 2274.85278 -3.519 -4.504 -2.203000015258789 -1.956351331710815 0.16830201 0.15230201 "" "" 31.76906978740784 "" 5.128895446556282 ""
252.50208507878 -44.52368886821 0.0427 0.0293 13.8979 "" "" 5964305841398514688 1772.55872 0.5434 0.052 -2.271 -2.995 0.074 0.054 0.982 5009.2 4.2269 16.138815 1.780787 16.999693 15.218905 "" "" 1648.71045 1900.23132 6598.13164 2.9007 2165.4 9.6126 6480.3 8.5589 "" "" 0.0027963583711930417 0.005569139 0.0040422846 0.009611424 252.50208507878 -44.52368886821 1772.55872 -2.271 -2.995 -0.955000015258789 -0.44735133171081554 0.17630202 0.15630202 "" "" 8.860542495530336 "" 1.5317570708650246 ""
252.27549372262 -44.51167981564 0.0441 0.0285 12.8867 "" "" 5964303539296061312 1806.448 0.5507 0.0499 0.664 -4.761 0.065 0.049 1.019 6342.1 3.9886 16.140226 1.553001 16.852669 15.299668 "" "" 1649.91699 2013.11816 6589.5572 2.9425 2479.4 10.451 6015.8 13.053 "" "" 0.00279764976122986 0.0053600008 0.0044534924 0.009813493 252.27549372262 -44.51167981564 1806.448 0.6639999999999996 -4.760999999999999 1.979999984741211 -2.2133513317108156 0.16730201 0.15130201 "" "" 25.428541817122323 "" 4.033317198341938 ""
252.60065007847 -44.63091382715 0.0492 0.0331 12.6055 "" "" 5964293166962234368 1902.89978 0.4986 0.0548 -1.171 -2.63 0.077 0.059 1.055 5722.2 4.2671 16.14158 1.63695 16.488558 14.851607 "" "" 1729.3219 2118.06323 6581.33745 9.7681 3467.3 60.335 9089.0 115.19 "" "" 0.0031919588378095504 0.01909797 0.014269733 0.033367705 252.60065007847 -44.63091382715 1902.89978 -1.1709999999999998 -2.63 0.1449999847412109 -0.08235133171081532 0.179302 0.16130202 "" "" 1.5040742475413116 "" 0.26333742163652235 ""
252.61178668673 -44.48700536608 0.0413 0.029 18.4254 "" "" 5964295567834491264 2407.1355 0.3934 0.0487 -0.542 1.512 0.06 0.048 0.992 "" "" 16.143414 1.436014 16.792463 15.356449 "" "" 2140.51074 2680.34546 6570.24612 3.088 2620.8 7.1428 5709.2 9.4272 "" "" 0.002802175723419909 0.0040670987 0.004183044 0.008250143 252.61178668673 -44.48700536608 2407.1355 -0.542 1.512 0.7739999847412109 4.059648668289185 0.16230202 0.15030202 "" "" 47.15422006775324 "" 7.107984224329964 ""
252.43550146704 -44.91835626661 0.047 0.0319 12.5228 "" "" 5964258944661436928 1991.45715 0.4804 0.0542 -1.07 -4.462 0.068 0.056 1.251 9972.1 4.3393 16.144058 1.658478 16.803768 15.14529 "" "" 1821.23877 2206.45972 6566.33582 4.7345 2593.6 36.363 6934.9 113.45 "" "" 0.00286437329373472 0.015475923 0.018159503 0.033635426 252.43550146704 -44.91835626661 1991.45715 -1.0699999999999994 -4.461999999999998 0.24599998474121088 -1.9143513317108152 0.17030202 0.15830201 "" "" 18.21912134436641 "" 2.8878073645262288 ""
252.10104107737 -44.64763160447 0.0424 0.0283 10.9246 "" "" 5967280711863840128 2443.61938 0.4051 0.0472 -0.012 -1.273 0.065 0.049 1.035 "" "" 16.14468 1.37573 16.75135 15.375621 "" "" 2160.5105 2802.31958 6562.57783 2.809 2721.9 7.2545 5609.3 12.452 "" "" 0.0027942376833202686 0.004019799 0.004482503 0.008502303 252.10104107737 -44.64763160447 2443.61938 -0.011999999999999789 -1.273 1.303999984741211 1.2746486682891847 0.16730201 0.15130201 "" "" 21.121132883489256 "" 3.372718045809809 ""
252.55957582061 -44.67846892477 0.5564 0.3899 9.9481 "" "" 5964287154010131968 2006.62744 1.6162 0.6372 -4.439 2.897 0.806 0.652 16.722 "" "" 16.145796 1.669011 16.434809 14.765798 "" "" 1396.8678 2701.28149 6555.83901 25.704 3643.3 14.152 9836.5 30.042 "" "" 0.005070824549476827 0.0050568474 0.0050278706 0.0100847185 252.55957582061 -44.67846892477 2006.62744 -4.439 2.8970000000000002 -3.123000015258789 5.444648668289185 0.908302 0.754302 "" "" 59.70056946408382 "" 47.474400946470496 ""
252.27998013392 -44.65413656773 0.0399 0.028 4.7069 "" "" 5964301031034905600 1688.74963 0.561 0.0457 -2.225 -5.807 0.063 0.05 0.975 8214.9 4.1665 16.150417 1.722492 16.973642 15.25115 "" "" 1585.24121 1847.15173 6527.99448 2.9633 2218.0 9.5887 6290.7 9.8468 "" "" 0.0027990527940504636 0.005460458 0.0041439133 0.009604371 252.27998013392 -44.65413656773 1688.74963 -2.2250000000000028 -5.807000000000001 -0.9090000152587892 -3.259351331710816 0.16530201 0.15230201 "" "" 27.08568070301358 "" 4.1516144183107855 ""
252.07533443593 -44.73531191037 0.0428 0.0297 11.0796 "" "" 5967278478481337088 2277.55737 0.4102 0.047 -3.747 -3.612 0.069 0.053 1.007 7936.7 3.9793 16.15048 2.239436 17.18652 14.947083 "" "" 2073.27197 2521.13354 6527.61615 6.9323 1823.1 17.496 8323.9 36.139 "" "" 0.0029868557153080654 0.010786746 0.006041845 0.016828591 252.07533443593 -44.73531191037 2277.55737 -3.746999999999999 -3.6120000000000045 -2.431000015258789 -1.0643513317108155 0.17130202 0.15530202 "" "" 28.64932058439832 "" 4.836884716341198 ""
252.33771968508 -44.64099995805 0.0709 0.0505 4.8795 "" "" 5964298458351036032 2097.13623 0.4804 0.0833 -1.309 -1.624 0.114 0.089 1.75 10005.2 4.0124 16.150726 1.488266 16.695818 15.207552 "" "" 1767.08301 2539.13428 6526.13975 6.0356 2864.8 21.294 6548.4 46.683 "" "" 0.0029325857534659187 0.008538973 0.008613549 0.017152522 252.33771968508 -44.64099995805 2097.13623 -1.309 -1.6239999999999997 0.006999984741210996 0.9236486682891845 0.216302 0.19130202 "" "" 9.181724655141537 "" 1.7564964848719877 ""
252.53535706213 -44.47946285889 0.0476 0.0315 16.9066 "" "" 5964307494973259776 2412.14209 0.4044 0.0539 -8.126 -4.487 0.077 0.059 1.032 7689.2 4.0967 16.152182 1.612021 16.909462 15.297441 "" "" 2097.13818 2903.12939 6517.39179 2.9672 2353.1 12.717 6028.1 9.2531 "" "" 0.0027993087425425517 0.006497312 0.00413053 0.010627842 252.53535706213 -44.47946285889 2412.14209 -8.126 -4.487000000000004 -6.8100000152587885 -1.9393513317108155 0.179302 0.16130202 "" "" 80.9582657810924 "" 14.411775919966502 ""
252.0232683728 -44.91729848049 0.0642 0.0432 17.6769 "" "" 5967270090381571328 2288.26831 0.434 0.0679 -0.601 -1.814 0.091 0.075 1.656 "" "" 16.155249 1.977374 17.10626 15.128886 "" "" 2011.77148 2739.31787 6499.00754 9.119 1963.0 8.0229 7040.5 10.873 "" "" 0.003148436057674205 0.005241773 0.004134639 0.009376412 252.0232683728 -44.91729848049 2288.26831 -0.601 -1.8139999999999996 0.714999984741211 0.7336486682891845 0.193302 0.17730202 "" "" 11.111414253798053 "" 2.058597976512246 ""
252.26683464421 -44.99749291065 0.0406 0.0296 16.7616 "" "" 5964264712790821376 2160.92847 0.4425 0.0461 -2.553 -4.737 0.057 0.047 1.049 "" "" 16.155973 1.589775 16.900362 15.310587 "" "" 1941.82214 2442.64941 6494.66899 3.0136 2372.9 10.184 5955.6 12.86 "" "" 0.0028009994090510914 0.0054312414 0.004447487 0.009878729 252.26683464421 -44.99749291065 2160.92847 -2.5530000000000013 -4.737 -1.237000015258789 -2.1893513317108155 0.15930201 0.149302 "" "" 25.75698541046082 "" 3.909454092470987 ""
252.30974819522 -44.78476986314 0.0451 0.0302 3.8953 "" "" 5964273753708985600 2388.39893 0.3859 0.0469 1.078 -2.348 0.068 0.051 0.971 7024.2 3.8264 16.157766 1.864241 17.06752 15.20328 "" "" 2189.00366 2703.19385 6483.95456 2.8748 2034.3 8.5615 6574.3 10.43 "" "" 0.0027970556473220685 0.0053539197 0.0041534 0.00950732 252.30974819522 -44.78476986314 2388.39893 1.078 -2.348 2.3939999847412112 0.1996486682891847 0.17030202 0.15330201 "" "" 27.196582903353207 "" 4.628598065291988 ""
252.49898542645 -44.84618260247 0.0437 0.0317 10.2105 "" "" 5964260898857737088 1768.2439 0.55 0.049 1.453 -0.161 0.059 0.05 1.018 7662.9 3.7294 16.158148 1.47457 16.821337 15.346766 "" "" 1593.44995 1992.44128 6481.68222 2.9562 2552.0 8.1416 5760.4 8.0875 "" "" 0.002799464385866246 0.0044478076 0.0040752157 0.008523023 252.49898542645 -44.84618260247 1768.2439 1.4530000000000012 -0.1610000000000001 2.7689999847412112 2.3866486682891845 0.16130202 0.15230201 "" "" 30.639371464899245 "" 4.826580526439638 ""
252.70595575319 -44.58566198245 0.0553 0.0385 17.8443 "" "" 5964294232101239424 1659.55359 0.6042 0.0635 -1.047 -2.701 0.077 0.064 1.217 8171.3 3.8737 16.158726 1.401192 16.738798 15.337606 "" "" 1443.46375 1843.0896 6478.23493 3.9864 2753.6 15.617 5809.2 31.922 "" "" 0.002835165141653017 0.006760381 0.007062529 0.01382291 252.70595575319 -44.58566198245 1659.55359 -1.0470000000000002 -2.7010000000000005 0.268999984741211 -0.1533513317108155 0.179302 0.16630203 "" "" 2.435724987211222 "" 0.42918010146905117 ""
251.96650099982 -44.54362170013 0.0433 0.0296 19.0252 "" "" 5967285071228372992 2222.40601 0.4345 0.0494 -3.257 -5.633 0.062 0.051 0.98 "" "" 16.158829 1.780751 16.983799 15.203048 "" "" 1993.51782 2554.77344 6477.61443 3.1706 2197.3 9.2939 6575.7 9.9283 "" "" 0.002806102852773558 0.0053735026 0.0041195895 0.009493092 251.96650099982 -44.54362170013 2222.40601 -3.2570000000000006 -5.633000000000002 -1.9410000152587892 -3.0853513317108154 0.16430202 0.15330201 "" "" 38.398402014492504 "" 6.009334926965523 ""
252.45781420892 -44.85561862879 0.0444 0.0299 9.5663 "" "" 5964260971886274944 1787.41479 0.5343 0.0477 -1.8 -5.207 0.064 0.051 0.894 7090.3 3.9543 16.159117 1.69779 16.967514 15.269724 "" "" 1659.57312 1973.45276 6475.89501 2.8882 2230.5 7.4723 6184.0 16.702 "" "" 0.0027975468161447596 0.0045841937 0.0047835866 0.009367781 252.45781420892 -44.85561862879 1787.41479 -1.7999999999999998 -5.206999999999998 -0.4840000152587891 -2.6593513317108153 0.16630203 0.15330201 "" "" 22.9010595074737 "" 3.5207144277848834 ""
252.22869012168 -44.90171467679 0.0462 0.0304 11.6711 "" "" 5964265610450745088 1790.1925 0.5435 0.0479 -1.499 -2.37 0.065 0.05 1.046 "" "" 16.159449 2.019878 17.1754 15.155521 "" "" 1653.92261 1979.61804 6473.9196 3.0666 1841.9 7.1652 6869.9 12.936 "" "" 0.002802907595331763 0.0050620306 0.004296912 0.0093589425 252.22869012168 -44.90171467679 1790.1925 -1.499 -2.37 -0.18300001525878917 0.17764866828918446 0.16730201 0.15230201 "" "" 2.1641892346615696 "" 0.34670319819219064 ""
252.6546048854 -44.91318621753 0.0452 0.0309 17.7951 "" "" 5964280037231736448 1736.62524 0.5567 0.0502 -3.247 -7.206 0.066 0.053 0.985 7135.8 4.2919 16.162079 1.771108 17.01806 15.246953 "" "" 1571.28137 1898.71716 6458.25654 3.0074 2129.1 10.465 6315.1 11.663 "" "" 0.0028013233851736465 0.0060220193 0.004278375 0.010300394 252.6546048854 -44.91318621753 1736.62524 -3.2469999999999986 -7.205999999999996 -1.931000015258789 -4.658351331710816 0.16830201 0.15530202 "" "" 41.50965041357074 "" 6.528451312499213 ""
252.24044020758 -45.0072737785 0.0397 0.0292 17.5614 "" "" 5964264648377696768 2255.49146 0.4176 0.0449 -3.79 -3.912 0.055 0.045 1.015 5076.4 3.4963 16.163942 2.226161 17.324436 15.098275 "" "" 2054.01123 2446.57788 6447.1836 3.0646 1605.6 10.51 7241.8 9.4482 "" "" 0.0028032376823180476 0.0076351343 0.004036124 0.011671258 252.24044020758 -45.0072737785 2255.49146 -3.79 -3.911999999999999 -2.474000015258789 -1.3643513317108154 0.15730202 0.14730202 "" "" 30.20500724386091 "" 4.682612126832248 ""
252.25272668806 -44.6093079155 0.0419 0.0289 7.6268 "" "" 5964301344580412928 1677.20471 0.5901 0.0482 -4.124 -5.366 0.068 0.052 0.941 6461.1 4.043 16.164398 1.41227 16.798811 15.38654 "" "" 1532.18018 1787.75928 6444.47352 2.7303 2605.5 8.1859 5553.2 9.0788 "" "" 0.002793452889853499 0.004406919 0.0041754656 0.008582384 252.25272668806 -44.6093079155 1677.20471 -4.124 -5.366 -2.8080000152587887 -2.818351331710815 0.17030202 0.15430202 "" "" 31.628383868015963 "" 5.138652691581908 ""
252.17307859735 -44.97252892797 0.0515 0.0353 16.5117 "" "" 5964267839527059584 2391.62842 0.4027 0.0535 -1.253 -2.433 0.07 0.055 1.063 "" "" 16.165117 1.875111 17.082674 15.207563 "" "" 2145.15137 2700.96484 6440.20197 3.6203 2006.1 10.078 6548.4 13.476 "" "" 0.0028221091634354047 0.0061266148 0.0043904465 0.010517061 252.17307859735 -44.97252892797 2391.62842 -1.2530000000000006 -2.433 0.06299998474121105 0.11464866828918474 0.17230201 0.15730202 "" "" 1.4829930720042102 "" 0.2386217147035575 ""
252.08841196524 -44.62011235341 0.0497 0.0311 12.1633 "" "" 5967280952382027008 2426.16309 0.3929 0.0524 -3.552 -4.891 0.073 0.053 1.006 9305.7 4.0617 16.165432 1.680263 16.95802 15.277756 "" "" 2142.55664 2836.37378 6438.34272 2.9182 2250.1 9.1583 6138.4 10.117 "" "" 0.002798922129634714 0.0052262614 0.004181612 0.009407873 252.08841196524 -44.62011235341 2426.16309 -3.5519999999999996 -4.891 -2.236000015258789 -2.3433513317108154 0.17530201 0.15530202 "" "" 37.24831242041057 "" 6.151030502806519 ""
252.68099288621 -44.66451333638 0.0469 0.0311 15.1755 "" "" 5964292170529776640 1967.73523 0.4909 0.0517 -1.687 -2.96 0.072 0.055 1.037 "" "" 16.16773 1.882345 17.0948 15.212456 "" "" 1780.26831 2225.67065 6424.72159 3.0598 1983.8 11.142 6518.9 13.655 "" "" 0.0028034207025316882 0.0067060436 0.0044108983 0.011116942 252.68099288621 -44.66451333638 1967.73523 -1.686999999999999 -2.9599999999999964 -0.3710000152587891 -0.4123513317108154 0.17430201 0.15730202 "" "" 5.173576173958857 "" 0.8542795865092002 ""
