Clusters/NGC_6216/NGC_6216_members.tsv
# %ECSV 1.0
# ---
# datatype:
# - name: RA_ICRS_1
#   unit: deg
#   datatype: float64
#   format: '{:15.11f}'
#   description: Right ascension (ICRS) at Ep=2016.0 (ra)
#   meta: !!omap
#   - {ucd: POS_EQ_RA_MAIN}
#   - {width: 15}
#   - {precision: '11'}
# - name: DE_ICRS_1
#   unit: deg
#   datatype: float64
#   format: '{:15.11f}'
#   description: Declination (ICRS) at Ep=2016.0 (dec)
#   meta: !!omap
#   - {ucd: POS_EQ_DEC_MAIN}
#   - {width: 15}
#   - {precision: '11'}
# - name: e_RA_ICRS
#   unit: mas
#   datatype: float64
#   format: '{:7.4f}'
#   description: Standard error of right ascension (ra_error)
#   meta: !!omap
#   - {ucd: ERROR}
#   - {width: 7}
#   - {precision: '4'}
# - name: e_DE_ICRS
#   unit: mas
#   datatype: float64
#   format: '{:7.4f}'
#   description: Standard error of declination (dec_error)
#   meta: !!omap
#   - {ucd: ERROR}
#   - {width: 7}
#   - {precision: '4'}
# - name: _r_1
#   unit: ''
#   datatype: float64
#   format: '{:7.4f}'
#   description: Distance from center (252.33461041000-44.72229550000)[ICRS], at Epoch=J2016.0
#   meta: !!omap
#   - {ucd: POS_ANG_DIST_GENERAL}
#   - {width: 7}
#   - {precision: '4'}
# - name: HIP
#   datatype: int32
#   description: '? HIP cross-id number, van Leeuwen, Cat. I/311 (hip_original_ext_source_id)'
#   meta: !!omap
#   - {ucd: ID_NUMBER}
#   - {width: 6}
#   - values: {'null': -2147483648}
# - name: TYC2
#   datatype: string
#   description: Tycho-2 cross-id name, Hog et al., Cat. I/259 (tyc2_original_ext_source_id)
#   meta: !!omap
#   - {ucd: ID_CROSSID}
#   - {_votable_string_dtype: char}
# - name: Source
#   datatype: int64
#   description: Source identifier, identical to the Gaia-EDR3 source_id (id)
#   meta: !!omap
#   - {ucd: ID_MAIN}
#   - {width: 19}
# - name: rgeo
#   unit: pc
#   datatype: float64
#   format: '{:15.8f}'
#   description: '? Median of the geometric distance posterior (r_med_geo)'
#   meta: !!omap
#   - {ucd: PHYS_DISTANCE_TRUE}
#   - {width: 15}
#   - {precision: '8'}
#   - values: {'null': .nan}
# - name: Plx
#   unit: mas
#   datatype: float64
#   format: '{:9.4f}'
#   description: '? Parallax (parallax)'
#   meta: !!omap
#   - {ucd: POS_PARLX_TRIG}
#   - {width: 9}
#   - {precision: '4'}
#   - values: {'null': .nan}
# - name: e_Plx
#   unit: mas
#   datatype: float32
#   format: '{:7.4f}'
#   description: '? Standard error of parallax (parallax_error)'
#   meta: !!omap
#   - {ucd: ERROR}
#   - {width: 7}
#   - {precision: '4'}
#   - values: {'null': .nan}
# - name: pmRA
#   unit: mas / yr
#   datatype: float64
#   format: '{:9.3f}'
#   description: '? Proper motion in right ascension direction, pmRA*cosDE (pmra)'
#   meta: !!omap
#   - {ucd: POS_EQ_PMRA}
#   - {width: 9}
#   - {precision: '3'}
#   - values: {'null': .nan}
# - name: pmDE
#   unit: mas / yr
#   datatype: float64
#   format: '{:9.3f}'
#   description: '? Proper motion in declination direction (pmdec)'
#   meta: !!omap
#   - {ucd: POS_EQ_PMDEC}
#   - {width: 9}
#   - {precision: '3'}
#   - values: {'null': .nan}
# - name: e_pmRA
#   unit: mas / yr
#   datatype: float32
#   format: '{:6.3f}'
#   description: '? Standard error of proper motion in right ascension direction (pmra_error)'
#   meta: !!omap
#   - {ucd: ERROR}
#   - {width: 6}
#   - {precision: '3'}
#   - values: {'null': .nan}
# - name: e_pmDE
[...]
#         unit: &id001 !astropy.units.Unit {unit: deg}
#         value: !astropy.table.SerializedColumn {name: SkyCoord.dec}
#       distance: !astropy.table.SerializedColumn
#         __class__: astropy.coordinates.distances.Distance
#         unit: !astropy.units.Unit {unit: pc}
#         value: !astropy.table.SerializedColumn {name: SkyCoord.distance}
#       frame: icrs
#       obstime: !astropy.time.Time {format: jyear_str, in_subfmt: '*', jd1: 367701545.0, jd2: 0.0, out_subfmt: '*', precision: 3, scale: tt}
#       pm_dec: !astropy.table.SerializedColumn
#         __class__: astropy.units.quantity.Quantity
#         unit: !astropy.units.Unit {unit: mas / yr}
#         value: !astropy.table.SerializedColumn {name: SkyCoord.pm_dec}
#       pm_ra_cosdec: !astropy.table.SerializedColumn
#         __class__: astropy.units.quantity.Quantity
#         unit: !astropy.units.Unit {unit: mas / yr}
#         value: !astropy.table.SerializedColumn {name: SkyCoord.pm_ra_cosdec}
#       ra: !astropy.table.SerializedColumn
#         __class__: astropy.coordinates.angles.Longitude
#         unit: *id001
#         value: !astropy.table.SerializedColumn {name: SkyCoord.ra}
#         wrap_angle: !astropy.coordinates.Angle
#           unit: *id001
#           value: 360.0
#       representation_type: spherical
# schema: astropy-2.0
RA_ICRS_1 DE_ICRS_1 e_RA_ICRS e_DE_ICRS _r_1 HIP TYC2 Source rgeo Plx e_Plx pmRA pmDE e_pmRA e_pmDE RUWE Teff logg Gmag BP-RP BPmag RPmag RV e_RV b_rgeo B_rgeo FG e_FG FBP e_FBP FRP e_FRP RAVE5 RAVE6 e_Gmag e_BPmag e_RPmag e_BP-RP SkyCoord.ra SkyCoord.dec SkyCoord.distance SkyCoord.pm_ra_cosdec SkyCoord.pm_dec Pmemb
252.32552911054 -44.65355121595 0.0137 0.0098 4.1428 "" "" 5964298041736806528 2147.68481 0.4307 0.0156 -1.568 -2.33 0.022 0.017 0.888 7299.9 2.6002 11.727353 0.954254 12.108861 11.154607 "" "" 2078.0603 2206.08374 383712.02106 207.3 195830.0 314.14 273730.0 371.08 "" "" 0.0028170642794191976 0.0032891484 0.004055876 0.0073450245 252.32552911054 -44.65355121595 2147.68481 -1.568 -2.33 1.0
252.37189337038 -44.71674651017 0.0144 0.0091 1.624 "" "" 5964297560712234368 2415.18945 0.387 0.0147 -1.411 -2.597 0.023 0.016 0.868 "" "" 11.930811 1.058909 12.362514 11.303605 -38.48 7.64 2333.62061 2485.15381 318143.11355 66.344 155030.0 75.699 238630.0 57.138 "" "" 0.0027646071586966943 0.0028400894 0.0037883124 0.0066284016 252.37189337038 -44.71674651017 2415.18945 -1.4110000000000003 -2.5970000000000004 0.9
252.36685626956 -44.7436383112 0.0124 0.0081 1.8785 "" 7879-1648-1 5964274058639433088 2315.13647 0.4075 0.0126 -1.43 -2.551 0.019 0.014 0.812 "" "" 12.062273 1.020097 12.476079 11.455982 -38.73 6.83 2245.67871 2372.80493 281862.69392 58.927 139630.0 85.43 207380.0 87.364 "" "" 0.0027646541392841997 0.0028681573 0.003806959 0.0066751163 252.36685626956 -44.7436383112 2315.13647 -1.43 -2.5509999999999997 1.0
252.31193985536 -44.73369739723 0.0146 0.0106 1.184 "" "" 5964274299157600512 2468.85278 0.3829 0.0165 -1.354 -2.539 0.022 0.017 0.883 "" "" 12.91807 1.146337 13.396314 12.249977 "" "" 2372.83691 2577.36499 128150.02894 73.736 59826.0 97.779 99808.0 153.08 "" "" 0.0028252546820511522 0.0033066531 0.004129983 0.007436636 252.31193985536 -44.73369739723 2468.85278 -1.354 -2.5389999999999997 0.9
252.35124123448 -44.73718084415 0.0212 0.014 1.1403 "" "" 5964274127359611136 2177.17993 0.4295 0.0219 -1.344 -2.645 0.031 0.023 1.16 "" "" 12.937592 1.077701 13.380655 12.302955 "" "" 2093.72217 2289.79199 125866.36793 24.1 60695.0 36.197 95055.0 32.277 "" "" 0.002763151691703067 0.002864317 0.003797321 0.006661638 252.35124123448 -44.73718084415 2177.17993 -1.3440000000000003 -2.6450000000000005 0.8
252.37963983342 -44.73095901002 0.016 0.0104 1.9887 "" "" 5964296804786231040 2136.93604 0.4408 0.0168 -1.48 -2.523 0.025 0.018 0.908 "" "" 12.979696 1.067901 13.419522 12.351622 "" "" 2067.61865 2232.72388 121078.86421 41.29 58561.0 62.58 90889.0 77.57 "" "" 0.0027800859924015653 0.003021792 0.00389132 0.006913112 252.37963983342 -44.73095901002 2136.93604 -1.48 -2.5229999999999997 0.8
252.37114193683 -44.73202950357 0.0194 0.0124 1.6632 "" "" 5964297530649551872 2276.91968 0.4084 0.0198 -1.198 -2.539 0.029 0.021 1.099 "" "" 12.981497 1.09266 13.417061 12.324401 "" "" 2190.45264 2362.1709 120878.16462 29.877 58694.0 53.644 93196.0 63.172 "" "" 0.002768357827421721 0.002961376 0.003850371 0.0068117473 252.37114193683 -44.73202950357 2276.91968 -1.198 -2.539 1.0
252.37310710546 -44.71777602272 0.0172 0.0105 1.6635 "" "" 5964297565009128960 2438.30591 0.3701 0.0179 -1.159 -2.496 0.029 0.018 1.147 "" "" 13.112761 0.983555 13.503199 12.519644 "" "" 2337.0105 2558.75562 107113.02594 23.364 54217.0 37.365 77858.0 59.022 "" "" 0.002765479328446636 0.002888762 0.0038679666 0.0067567285 252.37310710546 -44.71777602272 2438.30591 -1.159 -2.4960000000000004 0.9
252.30732600892 -44.74965171051 0.0141 0.0096 2.0116 "" "" 5964274166025859328 2407.16772 0.3738 0.0152 -1.211 -2.482 0.021 0.016 1.003 "" "" 13.115436 1.162097 13.603507 12.44141 "" "" 2343.72534 2502.31152 106849.50136 23.843 49433.0 27.989 83675.0 27.064 "" "" 0.002765951497599787 0.0028570893 0.003795662 0.006652751 252.30732600892 -44.74965171051 2407.16772 -1.211 -2.4819999999999998 0.8
252.34747419044 -44.71670173273 0.0146 0.0097 0.643 "" "" 5964297599368870144 2226.66089 0.4071 0.0156 -1.346 -2.571 0.022 0.017 0.933 6760.2 3.2247 13.315072 1.06815 13.751927 12.683778 "" "" 2154.35229 2299.06079 88903.31583 17.672 43117.0 24.407 66934.0 27.286 "" "" 0.002763759713925826 0.0028570574 0.0038052106 0.006662268 252.34747419044 -44.71670173273 2226.66089 -1.346 -2.571 0.9
252.36866008529 -44.67959682332 0.0151 0.0102 2.9448 "" "" 5964298144816023552 2287.27734 0.3964 0.0169 -1.317 -2.587 0.023 0.018 0.907 "" "" 13.411572 1.006701 13.818201 12.8115 "" "" 2195.03931 2371.45093 81342.54504 14.482 40564.0 23.048 59506.0 26.807 "" "" 0.0027620924776137674 0.0028575545 0.0038109003 0.006668455 252.36866008529 -44.67959682332 2287.27734 -1.3170000000000002 -2.587 0.9
252.35289928865 -44.78557441018 0.0159 0.0107 3.8759 "" "" 5964273886840743808 2278.74097 0.3999 0.0159 -1.256 -2.494 0.024 0.018 1.046 "" "" 13.452007 1.077401 13.885229 12.807828 "" "" 2209.75146 2357.15137 78368.88053 19.395 38135.0 59.136 59707.0 112.03 "" "" 0.002768391233857532 0.0032587934 0.0042934725 0.007552266 252.35289928865 -44.78557441018 2278.74097 -1.2559999999999998 -2.4940000000000007 0.8
252.38475484471 -44.75049808028 0.0167 0.0105 2.726 "" "" 5964296770427166720 2255.43457 0.4021 0.0167 -1.278 -2.622 0.024 0.017 0.935 "" "" 13.467624 1.131902 13.938132 12.806231 "" "" 2169.53345 2331.84302 77249.78829 15.73 36322.0 24.664 59795.0 30.79 "" "" 0.0027641756773468212 0.0028859305 0.0038205092 0.00670644 252.38475484471 -44.75049808028 2255.43457 -1.278 -2.6220000000000008 1.0
252.29866516042 -44.80227822574 0.0154 0.0104 5.0374 "" "" 5964273650629554560 2299.53882 0.3938 0.0161 -1.417 -2.601 0.023 0.017 1.021 "" "" 13.498761 1.391666 14.110654 12.718987 "" "" 2205.6792 2381.77295 75065.82108 42.187 30985.0 45.272 64798.0 110.87 "" "" 0.002822076137893645 0.0032096098 0.0042112703 0.00742088 252.29866516042 -44.80227822574 2299.53882 -1.4169999999999998 -2.601 1.0
252.35863803001 -44.78306329836 0.0163 0.0107 3.7871 "" "" 5964273925507673856 2218.22314 0.407 0.0166 -1.298 -2.511 0.025 0.018 1.045 "" "" 13.544385 1.052987 13.97652 12.923533 "" "" 2137.75098 2300.83203 71976.8142 11.994 35060.0 21.632 53672.0 28.07 "" "" 0.002761253851286952 0.002869462 0.0038218005 0.006691262 252.35863803001 -44.78306329836 2218.22314 -1.2980000000000003 -2.5110000000000006 0.9
252.43651386577 -44.69249102195 0.0167 0.0109 4.699 "" "" 5964297393210442880 2102.75464 0.4332 0.0187 -1.364 -2.5 0.029 0.021 0.924 "" "" 13.611782 1.053842 14.044269 12.990427 "" "" 2030.55029 2193.1377 67644.71635 19.89 32939.0 34.663 50465.0 39.487 "" "" 0.0027737532841089906 0.0030150453 0.0038736882 0.0068887332 252.43651386577 -44.69249102195 2102.75464 -1.364 -2.5 0.9
252.33270865166 -44.66957548395 0.0156 0.0105 3.1642 "" "" 5964297977326014848 2268.8042 0.3985 0.0175 -1.365 -2.612 0.024 0.018 0.889 "" "" 13.647565 0.948338 14.026858 13.078521 "" "" 2176.50098 2359.50488 65451.65043 14.607 33471.0 32.262 46532.0 24.903 "" "" 0.0027659540407137676 0.0029799747 0.003823789 0.006803764 252.33270865166 -44.66957548395 2268.8042 -1.3650000000000002 -2.611999999999999 1.0
252.30279674176 -44.80643030411 0.0162 0.0108 5.2269 "" "" 5964273650629551232 2334.25342 0.3872 0.0167 -1.328 -2.57 0.024 0.018 1.009 9490.0 3.5046 13.670073 1.254847 14.204968 12.950121 "" "" 2236.98853 2416.74048 64108.81577 104.7 28407.0 153.06 52373.0 244.6 "" "" 0.0032765778660097007 0.0064813807 0.0063242684 0.012805649 252.30279674176 -44.80643030411 2334.25342 -1.328 -2.57 1.0
252.33886840245 -44.72292310418 0.0174 0.0116 0.1854 "" "" 5964297595060937344 2307.07617 0.3922 0.0182 -1.37 -2.57 0.026 0.019 0.9 "" "" 13.87746 1.00403 14.285283 13.281253 "" "" 2209.89136 2404.31421 52961.84222 10.572 26382.0 19.831 38606.0 19.309 "" "" 0.0027638308831602057 0.0029070813 0.0038181953 0.006725277 252.33886840245 -44.72292310418 2307.07617 -1.37 -2.57 0.8
252.40054672294 -44.67080673315 0.0164 0.0108 4.1776 "" "" 5964298217844175232 2313.52759 0.3886 0.0188 -1.335 -2.59 0.026 0.019 0.979 9820.1 3.7777 13.886802 0.971088 14.276548 13.30546 "" "" 2234.64819 2414.97729 52508.07505 10.201 26595.0 21.129 37755.0 18.145 "" "" 0.002763382240074998 0.0029204632 0.0038152335 0.0067356965 252.40054672294 -44.67080673315 2313.52759 -1.335 -2.59 0.9
252.34013722489 -44.6614858824 0.0166 0.0115 3.6562 "" "" 5964298350975301376 2458.90356 0.3658 0.0187 -1.332 -2.603 0.026 0.019 0.998 "" "" 13.92216 1.08424 14.370702 13.286462 "" "" 2361.18335 2570.25 50825.63429 9.0192 24386.0 21.009 38421.0 17.984 "" "" 0.002762048216808198 0.0029427859 0.0038133978 0.0067561837 252.34013722489 -44.6614858824 2458.90356 -1.332 -2.603 1.0
252.33868200208 -44.72764726709 0.0182 0.012 0.365 "" "" 5964274127358907520 2382.2605 0.3822 0.019 -1.254 -2.659 0.026 0.02 0.988 "" "" 13.947973 1.036315 14.372875 13.33656 "" "" 2298.0498 2475.51196 49631.4945 11.207 24337.0 19.542 36689.0 21.051 "" "" 0.002766205828077839 0.0029232032 0.0038303796 0.0067535825 252.33868200208 -44.72764726709 2382.2605 -1.2539999999999998 -2.659 0.9
252.2985356688 -44.70094474549 0.0176 0.0122 2.0018 "" "" 5964274406544045568 2286.66895 0.4042 0.0205 -1.373 -2.674 0.028 0.021 1.06 "" "" 14.070434 1.133325 14.542067 13.408742 "" "" 2152.92065 2390.40112 44337.69831 8.4253 20825.0 21.49 34329.0 16.118 "" "" 0.0027630339129766303 0.003006719 0.0038136062 0.0068203253 252.2985356688 -44.70094474549 2286.66895 -1.3729999999999998 -2.6740000000000004 0.8
252.35934821016 -44.66716324387 0.0185 0.0126 3.4721 "" "" 5964298149124705792 2405.31934 0.3723 0.0214 -1.259 -2.443 0.031 0.021 1.011 "" "" 14.138192 1.008248 14.54708 13.538832 "" "" 2295.47095 2527.02856 41655.25697 8.7033 20729.0 20.697 30453.0 20.565 "" "" 0.002764642878726278 0.002993365 0.0038498454 0.00684321 252.35934821016 -44.66716324387 2405.31934 -1.259 -2.4430000000000005 0.8
252.34248264273 -44.65669004517 0.0187 0.0132 3.9506 "" "" 5964298350975310336 2360.77393 0.38 0.0215 -1.232 -2.615 0.029 0.022 0.924 9823.9 3.4025 14.169045 0.984375 14.5657 13.581325 "" "" 2241.55322 2491.85449 40488.21126 8.3291 20377.0 20.409 29284.0 19.77 "" "" 0.0027643582289428315 0.0029945914 0.0038498063 0.0068443976 252.34248264273 -44.65669004517 2360.77393 -1.232 -2.615 0.9
252.2970385315 -44.74939012635 0.019 0.0127 2.2819 "" "" 5964274234745336704 2179.84497 0.4239 0.0202 -1.301 -2.517 0.028 0.021 0.945 "" "" 14.180511 1.173856 14.675229 13.501373 "" "" 2070.70679 2275.50928 40062.86716 10.792 18422.0 23.307 31522.0 26.625 "" "" 0.002770799385694434 0.0031099748 0.0038890531 0.006999028 252.2970385315 -44.74939012635 2179.84497 -1.3009999999999997 -2.5169999999999995 1.0
252.27173837712 -44.65104237475 0.0181 0.0136 5.0468 "" "" 5964300927954829184 2395.86572 0.3806 0.0214 -1.291 -2.491 0.033 0.028 0.947 "" "" 14.225592 1.012748 14.635889 13.623141 "" "" 2264.23682 2517.92529 38433.52632 8.7266 19101.0 19.754 28177.0 18.165 "" "" 0.0027663267095775984 0.0030076317 0.003843651 0.006851283 252.27173837712 -44.65104237475 2395.86572 -1.291 -2.4909999999999997 0.8
252.24397139458 -44.69941489444 0.0204 0.013 4.1014 "" "" 5964277498910557056 2357.27222 0.3851 0.0237 -1.325 -2.545 0.03 0.022 1.014 "" "" 14.242009 1.096253 14.692996 13.596743 "" "" 2223.80811 2561.00854 37856.73592 8.322 18123.0 23.696 28871.0 17.209 "" "" 0.0027656383812527836 0.00313055 0.0038343912 0.0069649415 252.24397139458 -44.69941489444 2357.27222 -1.3250000000000002 -2.5449999999999995 1.0
252.27672304874 -44.67894760034 0.0188 0.0142 3.586 "" "" 5964300897903778688 2408.83032 0.3801 0.0216 -1.36 -2.618 0.028 0.023 1.004 "" "" 14.264557 1.082524 14.706335 13.623811 "" "" 2316.28394 2551.81787 37078.6659 11.57 17901.0 23.524 28160.0 36.177 "" "" 0.002776070898641312 0.0031338092 0.004028561 0.0071623703 252.27672304874 -44.67894760034 2408.83032 -1.36 -2.6179999999999994 1.0
252.41068656071 -44.73071598264 0.0198 0.0129 3.2821 "" "" 5964296839146681856 2212.10986 0.4092 0.0207 -1.215 -2.689 0.031 0.023 0.953 "" "" 14.288722 1.183643 14.788866 13.605223 "" "" 2107.74683 2335.46948 36262.50129 7.4898 16591.0 15.34 28646.0 14.423 "" "" 0.0027644309476847514 0.0029652657 0.0038187122 0.006783978 252.41068656071 -44.73071598264 2212.10986 -1.215 -2.689 0.8
252.30983167503 -44.70635161716 0.0209 0.014 1.4253 "" "" 5964274406544042880 2366.4856 0.3849 0.0226 -1.3 -2.594 0.031 0.024 1.129 "" "" 14.29802 1.156654 14.781334 13.62468 "" "" 2246.32153 2522.73901 35953.27739 8.5242 16706.0 12.598 28138.0 19.093 "" "" 0.0027673188468153712 0.0029078182 0.0038505183 0.0067583364 252.30983167503 -44.70635161716 2366.4856 -1.2999999999999998 -2.5939999999999994 0.8
252.36308735326 -44.73380750058 0.023 0.0147 1.3967 "" "" 5964297530649385344 2289.03174 0.3972 0.0225 -1.381 -2.686 0.033 0.024 0.934 "" "" 14.386911 1.095178 14.84157 13.746392 "" "" 2160.13696 2401.98047 33127.00464 6.4389 15805.0 14.39 25154.0 17.841 "" "" 0.0027633901342245053 0.0029601087 0.0038570394 0.006817148 252.36308735326 -44.73380750058 2289.03174 -1.381 -2.686 0.9
252.31383168214 -44.63264511816 0.0196 0.0137 5.4516 "" "" 5964301374632330880 2311.81494 0.3892 0.0223 -1.391 -2.609 0.031 0.024 0.909 "" "" 14.390695 1.076461 14.835212 13.758751 "" "" 2190.29199 2450.9353 33011.76447 6.8647 15898.0 14.521 24869.0 25.221 "" "" 0.002764554946379964 0.0029611667 0.0039365157 0.0068976823 252.31383168214 -44.63264511816 2311.81494 -1.391 -2.6090000000000004 0.9
252.31859167378 -44.75964176962 0.0211 0.014 2.3425 "" "" 5964274166025854592 2188.32373 0.4119 0.0221 -1.307 -2.616 0.031 0.023 0.97 "" "" 14.393378 1.237236 14.923552 13.686317 "" "" 2087.09326 2322.48438 32930.2872 6.5954 14655.0 15.529 26585.0 13.391 "" "" 0.002763887875949034 0.0030180574 0.0038187453 0.0068368027 252.31859167378 -44.75964176962 2188.32373 -1.307 -2.6159999999999997 0.9
252.23455373287 -44.74390992734 0.0196 0.0134 4.4576 "" "" 5964276846085262592 2317.79395 0.3937 0.0225 -1.352 -2.613 0.028 0.023 0.926 "" "" 14.422887 1.295975 14.981949 13.685974 "" "" 2213.14209 2432.35718 32047.32944 8.211 13888.0 16.037 26593.0 22.484 "" "" 0.0027693274366656488 0.0030589073 0.0038892678 0.006948175 252.23455373287 -44.74390992734 2317.79395 -1.3519999999999999 -2.6129999999999995 0.9
252.35909700769 -44.71916365019 0.0207 0.0137 1.0607 "" "" 5964297633728606464 2345.92065 0.389 0.022 -1.135 -2.489 0.031 0.023 0.979 "" "" 14.442726 1.081992 14.88871 13.806718 "" "" 2225.11157 2442.4519 31467.08123 5.7108 15133.0 14.942 23794.0 17.905 "" "" 0.002762356969540651 0.0029890302 0.003866684 0.006855714 252.35909700769 -44.71916365019 2345.92065 -1.135 -2.489 0.9
252.21246627444 -44.67714505393 0.0206 0.0144 5.8715 "" "" 5964277563333555328 2310.89697 0.3892 0.0236 -1.423 -2.465 0.033 0.025 0.892 7982.4 3.9175 14.52017 1.01818 14.931818 13.913638 "" "" 2175.01343 2420.17139 29300.74746 6.4911 14544.0 15.079 21563.0 20.468 "" "" 0.0027657987374521613 0.0030086862 0.00391738 0.0069260662 252.21246627444 -44.67714505393 2310.89697 -1.423 -2.465 0.9
252.32659068015 -44.73595097078 0.0222 0.0153 0.8878 "" "" 5964274303464816128 2086.37207 0.4471 0.0242 -1.355 -2.582 0.035 0.026 1.037 7459.2 3.7918 14.537716 1.099408 14.993092 13.893683 "" "" 1992.42615 2189.52441 28831.04382 5.57 13746.0 21.218 21963.0 18.749 "" "" 0.002763292953717419 0.0032548034 0.0038913728 0.007146176 252.32659068015 -44.73595097078 2086.37207 -1.3550000000000002 -2.582 1.0
252.28037627999 -44.7798594578 0.0218 0.0145 4.1556 "" "" 5964273719349046784 2168.74243 0.4201 0.0228 -1.386 -2.362 0.032 0.023 0.966 "" "" 14.545129 1.222826 15.064898 13.842073 "" "" 2060.8689 2267.54468 28634.88104 6.5883 12866.0 12.982 23032.0 19.156 "" "" 0.0027666210944192887 0.0029975362 0.0038857653 0.006883302 252.28037627999 -44.7798594578 2168.74243 -1.3859999999999997 -2.362 0.9
252.31403362411 -44.69456441817 0.0237 0.0151 1.881 "" "" 5964297874246789760 2432.04639 0.3739 0.0257 -1.309 -2.536 0.033 0.025 0.911 "" "" 14.587587 1.194218 15.091701 13.897483 "" "" 2273.80396 2575.41089 27536.70133 7.6322 12553.0 16.078 21886.0 17.391 "" "" 0.002771704685809837 0.003117511 0.0038766037 0.0069941147 252.31403362411 -44.69456441817 2432.04639 -1.3089999999999997 -2.536 0.9
