Clusters/NGC_6216/NGC_6216_stars_in_region.tsv
# %ECSV 1.0
# ---
# datatype:
# - name: RA_ICRS_1
#   unit: deg
#   datatype: float64
#   format: '{:15.11f}'
#   description: Right ascension (ICRS) at Ep=2016.0 (ra)
#   meta: !!omap
#   - {ucd: POS_EQ_RA_MAIN}
#   - {width: 15}
#   - {precision: '11'}
# - name: DE_ICRS_1
#   unit: deg
#   datatype: float64
#   format: '{:15.11f}'
#   description: Declination (ICRS) at Ep=2016.0 (dec)
#   meta: !!omap
#   - {ucd: POS_EQ_DEC_MAIN}
#   - {width: 15}
#   - {precision: '11'}
# - name: e_RA_ICRS
#   unit: mas
#   datatype: float64
#   format: '{:7.4f}'
#   description: Standard error of right ascension (ra_error)
#   meta: !!omap
#   - {ucd: ERROR}
#   - {width: 7}
#   - {precision: '4'}
# - name: e_DE_ICRS
#   unit: mas
#   datatype: float64
#   format: '{:7.4f}'
#   description: Standard error of declination (dec_error)
#   meta: !!omap
#   - {ucd: ERROR}
#   - {width: 7}
#   - {precision: '4'}
# - name: _r_1
#   unit: ''
#   datatype: float64
#   format: '{:7.4f}'
#   description: Distance from center (252.33461041000-44.72229550000)[ICRS], at Epoch=J2016.0
#   meta: !!omap
#   - {ucd: POS_ANG_DIST_GENERAL}
#   - {width: 7}
#   - {precision: '4'}
# - name: HIP
#   datatype: int32
#   description: '? HIP cross-id number, van Leeuwen, Cat. I/311 (hip_original_ext_source_id)'
#   meta: !!omap
#   - {ucd: ID_NUMBER}
#   - {width: 6}
#   - values: {'null': -2147483648}
# - name: TYC2
#   datatype: string
#   description: Tycho-2 cross-id name, Hog et al., Cat. I/259 (tyc2_original_ext_source_id)
#   meta: !!omap
#   - {ucd: ID_CROSSID}
#   - {_votable_string_dtype: char}
# - name: Source
#   datatype: int64
#   description: Source identifier, identical to the Gaia-EDR3 source_id (id)
#   meta: !!omap
#   - {ucd: ID_MAIN}
#   - {width: 19}
# - name: rgeo
#   unit: pc
#   datatype: float64
#   format: '{:15.8f}'
#   description: '? Median of the geometric distance posterior (r_med_geo)'
#   meta: !!omap
#   - {ucd: PHYS_DISTANCE_TRUE}
#   - {width: 15}
#   - {precision: '8'}
#   - values: {'null': .nan}
# - name: Plx
#   unit: mas
#   datatype: float64
#   format: '{:9.4f}'
#   description: '? Parallax (parallax)'
#   meta: !!omap
#   - {ucd: POS_PARLX_TRIG}
#   - {width: 9}
#   - {precision: '4'}
#   - values: {'null': .nan}
# - name: e_Plx
#   unit: mas
#   datatype: float32
#   format: '{:7.4f}'
#   description: '? Standard error of parallax (parallax_error)'
#   meta: !!omap
#   - {ucd: ERROR}
#   - {width: 7}
#   - {precision: '4'}
#   - values: {'null': .nan}
# - name: pmRA
#   unit: mas / yr
#   datatype: float64
#   format: '{:9.3f}'
#   description: '? Proper motion in right ascension direction, pmRA*cosDE (pmra)'
#   meta: !!omap
#   - {ucd: POS_EQ_PMRA}
#   - {width: 9}
#   - {precision: '3'}
#   - values: {'null': .nan}
# - name: pmDE
#   unit: mas / yr
#   datatype: float64
#   format: '{:9.3f}'
#   description: '? Proper motion in declination direction (pmdec)'
#   meta: !!omap
#   - {ucd: POS_EQ_PMDEC}
#   - {width: 9}
#   - {precision: '3'}
#   - values: {'null': .nan}
# - name: e_pmRA
#   unit: mas / yr
#   datatype: float32
#   format: '{:6.3f}'
#   description: '? Standard error of proper motion in right ascension direction (pmra_error)'
#   meta: !!omap
#   - {ucd: ERROR}
#   - {width: 6}
#   - {precision: '3'}
#   - values: {'null': .nan}
# - name: e_pmDE
[...]
#         value: !astropy.table.SerializedColumn {name: SkyCoord.dec}
#       distance: !astropy.table.SerializedColumn
#         __class__: astropy.coordinates.distances.Distance
#         unit: !astropy.units.Unit {unit: pc}
#         value: !astropy.table.SerializedColumn {name: SkyCoord.distance}
#       frame: icrs
#       obstime: !astropy.time.Time {format: jyear_str, in_subfmt: '*', jd1: 367701545.0, jd2: 0.0, out_subfmt: '*', precision: 3, scale: tt}
#       pm_dec: !astropy.table.SerializedColumn
#         __class__: astropy.units.quantity.Quantity
#         unit: !astropy.units.Unit {unit: mas / yr}
#         value: !astropy.table.SerializedColumn {name: SkyCoord.pm_dec}
#       pm_ra_cosdec: !astropy.table.SerializedColumn
#         __class__: astropy.units.quantity.Quantity
#         unit: !astropy.units.Unit {unit: mas / yr}
#         value: !astropy.table.SerializedColumn {name: SkyCoord.pm_ra_cosdec}
#       ra: !astropy.table.SerializedColumn
#         __class__: astropy.coordinates.angles.Longitude
#         unit: *id001
#         value: !astropy.table.SerializedColumn {name: SkyCoord.ra}
#         wrap_angle: !astropy.coordinates.Angle
#           unit: *id001
#           value: 360.0
#       representation_type: spherical
# schema: astropy-2.0
RA_ICRS_1 DE_ICRS_1 e_RA_ICRS e_DE_ICRS _r_1 HIP TYC2 Source rgeo Plx e_Plx pmRA pmDE e_pmRA e_pmDE RUWE Teff logg Gmag BP-RP BPmag RPmag RV e_RV b_rgeo B_rgeo FG e_FG FBP e_FBP FRP e_FRP RAVE5 RAVE6 e_Gmag e_BPmag e_RPmag e_BP-RP SkyCoord.ra SkyCoord.dec SkyCoord.distance SkyCoord.pm_ra_cosdec SkyCoord.pm_dec rmRA rmDE e_rmRA e_rmDE rRV e_rRV v_pec v_pec3d e_vpec e_vpec3d
[from data line 2608]
252.6337174194 -44.83316144256 0.0607 0.0424 14.3713 "" "" 5964280866176426624 1807.55408 0.5465 0.0707 0.991 -1.27 0.097 0.071 0.965 5015.8 4.2908 16.805862 1.808957 17.648016 15.839059 "" "" 1575.50891 2082.01489 3569.45119 2.3054 1191.8 9.1438 3660.5 15.81 "" "" 0.002843155374047069 0.008784918 0.0060227937 0.014807712 252.6337174194 -44.83316144256 1807.55408 0.991 -1.27 2.306999984741211 1.2776486682891846 0.19930202 0.17330202 "" "" 22.594712201303647 "" 4.372377761257819 ""
252.54395422333 -44.67041453613 0.0664 0.0403 9.4557 "" "" 5964287149698337280 2076.70557 0.4767 0.0694 -4.693 -8.388 0.094 0.067 0.979 "" "" 16.806164 1.927738 17.759802 15.832064 "" "" 1820.55884 2360.927 3568.46142 2.1692 1075.2 6.4437 3684.1 10.464 "" "" 0.0028332644236830685 0.0070798355 0.004877883 0.011957718 252.54395422333 -44.67041453613 2076.70557 -4.692999999999998 -8.388000000000002 -3.3770000152587887 -5.840351331710815 0.19630201 0.16930202 "" "" 66.40869931411846 "" 11.718184703355277 ""
252.55389699983 -44.75757377907 0.0777 0.0489 9.5824 "" "" 5964285058050964736 1996.33582 0.5242 0.0808 -2.983 -3.509 0.11 0.087 1.185 9598.5 4.3886 16.806694 1.653017 17.418892 15.765875 "" "" 1704.34534 2439.76221 3566.72305 3.8093 1471.8 42.067 3915.7 29.439 "" "" 0.002989383100124826 0.0311577 0.008995257 0.04015296 252.55389699983 -44.75757377907 1996.33582 -2.9829999999999988 -3.5089999999999955 -1.6670000152587892 -0.9613513317108153 0.21230201 0.18930201 "" "" 18.209323306989486 "" 3.7657149373055563 ""
252.49963461537 -44.58100542847 0.064 0.04 11.0219 "" "" 5964305291642599424 2251.33423 0.4566 0.0736 -1.046 -2.934 0.098 0.07 1.004 "" "" 16.806927 1.571084 17.548449 15.977365 "" "" 1972.3783 2747.44092 3565.95875 2.2086 1306.3 9.33 3222.6 9.5261 "" "" 0.002836192681139674 0.008241351 0.0049582673 0.013199618 252.49963461537 -44.58100542847 2251.33423 -1.0459999999999996 -2.9339999999999997 0.2699999847412109 -0.3863513317108156 0.200302 0.17230201 "" "" 5.029889300496995 "" 0.9152649426646509 ""
252.69129921424 -44.52874540397 0.0728 0.0474 19.1537 "" "" 5964294468322830208 2079.87695 0.51 0.0805 -4.728 -8.363 0.1 0.075 1.074 4788.4 4.3055 16.80732 1.793849 17.675167 15.881318 "" "" 1795.40088 2380.10107 3564.66794 3.0053 1162.4 13.349 3520.7 11.735 "" "" 0.0029033907132996963 0.012776965 0.0052326163 0.01800958 252.69129921424 -44.52874540397 2079.87695 -4.728 -8.363 -3.412000015258789 -5.815351331710815 0.20230201 0.17730202 "" "" 66.4708087767052 "" 12.232488985264805 ""
252.38017025687 -44.79852639941 0.0753 0.047 4.9687 "" "" 5964273066504032256 1792.005 0.5506 0.0734 -2.716 -4.222 0.112 0.081 1.086 "" "" 16.807335 1.928354 17.24819 15.319836 "" "" 1584.69531 2063.95142 3564.61316 4.0185 1722.4 46.853 5905.1 115.35 "" "" 0.0030149505627453856 0.02966587 0.021542838 0.05120871 252.38017025687 -44.79852639941 1792.005 -2.716 -4.2219999999999995 -1.4000000152587893 -1.6743513317108158 0.21430202 0.18330202 "" "" 18.538665772846525 "" 3.6456298952682515 ""
252.59718296563 -44.76365135085 0.0641 0.0428 11.4617 "" "" 5964285710898933120 1998.70569 0.4878 0.0712 -2.728 -4.077 0.088 0.072 0.937 "" "" 16.807348 1.806958 17.685654 15.878695 "" "" 1764.82263 2313.47144 3564.57069 2.2263 1151.2 8.1472 3529.2 9.4333 "" "" 0.0028375383407976467 0.008174804 0.004765069 0.012939873 252.59718296563 -44.76365135085 1998.70569 -2.7279999999999998 -4.077 -1.4120000152587893 -1.5293513317108154 0.19030201 0.17430201 "" "" 19.719889281129078 "" 3.585857188583553 ""
252.2295023843 -44.67937593838 0.061 0.0419 5.1696 "" "" 5964277666412763008 2317.60083 0.4227 0.0699 -3.086 -4.253 0.097 0.078 0.972 "" "" 16.8087 1.711173 17.33725 15.626077 "" "" 1983.80652 2798.19482 3560.13603 3.3393 1586.8 9.2875 4453.8 15.327 "" "" 0.002937499424608247 0.0069403425 0.0053145313 0.012254873 252.2295023843 -44.67937593838 2317.60083 -3.086 -4.253 -1.770000015258789 -1.7053513317108155 0.19930202 0.18030202 "" "" 27.00074991663282 "" 5.140731303619683 ""
252.70000387285 -44.80191873311 0.0592 0.0399 16.2831 "" "" 5964282339334626048 1972.28687 0.4944 0.0699 -0.659 -2.456 0.086 0.068 0.989 6015.4 4.476 16.808748 1.611653 17.568161 15.956508 "" "" 1750.68921 2253.9563 3559.97855 2.3706 1282.8 8.7088 3285.1 11.092 "" "" 0.0028485980648221823 0.00788137 0.00526525 0.01314662 252.70000387285 -44.80191873311 1972.28687 -0.6589999999999999 -2.4560000000000004 0.6569999847412109 0.09164866828918461 0.18830201 0.17030202 "" "" 6.201527546352029 "" 1.1657294740098516 ""
252.06830704497 -44.90905717521 0.07 0.0427 15.9386 "" "" 5964269213916711168 2093.44092 0.4847 0.063 -1.561 3.253 0.096 0.071 1.018 5466.7 4.3301 16.809654 1.670186 17.599863 15.929677 "" "" 1818.19812 2464.65747 3557.00768 2.0551 1245.9 6.0285 3367.3 9.2029 "" "" 0.002825825461529736 0.005948489 0.004805084 0.010753573 252.06830704497 -44.90905717521 2093.44092 -1.561 3.2529999999999992 -0.245000015258789 5.800648668289185 0.19830202 0.17330202 "" "" 57.610632619169515 "" 9.986788650073727 ""
252.46470568436 -44.83956767615 0.0653 0.042 8.9559 "" "" 5964261006246018688 1820.65784 0.5368 0.0657 -7.482 -7.262 0.087 0.067 1.031 "" "" 16.810593 1.793785 17.615648 15.821863 "" "" 1618.45068 2069.1272 3553.93527 2.5116 1227.9 9.9943 3718.9 25.319 "" "" 0.0028601641311963846 0.009267189 0.008302047 0.017569236 252.46470568436 -44.83956767615 1820.65784 -7.481999999999999 -7.2620000000000005 -6.166000015258789 -4.714351331710815 0.18930201 0.16930202 "" "" 66.98321259014008 "" 12.202968230442094 ""
252.50790076583 -44.55902904707 0.0616 0.0416 12.2757 "" "" 5964305330309700352 2360.79541 0.4284 0.0738 -0.373 -0.855 0.099 0.074 1.005 8967.5 4.2993 16.811699 1.658329 17.592625 15.934296 "" "" 1975.74536 3336.91333 3550.31875 2.2309 1254.2 14.234 3353.0 10.356 "" "" 0.0028385278826677145 0.012634043 0.0050526117 0.017686654 252.50790076583 -44.55902904707 2360.79541 -0.373 -0.855 0.9429999847412109 1.6926486682891846 0.20130202 0.17630202 "" "" 21.682116385417412 "" 3.9577074654611386 ""
252.13787620015 -45.01143817728 0.2222 0.1597 19.2604 "" "" 5964266263285413760 2252.93579 0.6279 0.2327 -2.769 -4.463 0.317 0.277 3.592 5105.5 4.7218 16.811972 2.009043 17.711433 15.702391 "" "" 1701.65906 3071.75513 3549.42292 10.136 1124.2 12.039 4151.5 29.492 "" "" 0.004147885169683922 0.011957187 0.008589187 0.020546373 252.13787620015 -45.01143817728 2252.93579 -2.769 -4.463000000000001 -1.4530000152587892 -1.9153513317108155 0.41930202 0.37930202 "" "" 25.673365349081156 "" 10.125154356448512 ""
251.93076330114 -44.62016140529 0.0699 0.043 18.289 "" "" 5967283357563759232 1910.80957 0.5246 0.0676 -2.539 -4.09 0.089 0.068 1.059 9299.1 4.3428 16.812347 1.75813 17.658121 15.899991 "" "" 1696.54333 2150.14258 3548.19474 2.3631 1180.8 5.4235 3460.7 7.1066 "" "" 0.002848625011512321 0.0057143564 0.004388022 0.010102378 251.93076330114 -44.62016140529 1910.80957 -2.5389999999999997 -4.09 -1.2230000152587892 -1.5423513317108153 0.19130202 0.17030202 "" "" 17.828215656284428 "" 3.185928510458514 ""
252.5241788693 -44.62511157683 0.0719 0.0448 9.9711 "" "" 5964287562017520768 2371.95459 0.4454 0.0763 -4.262 -5.976 0.101 0.072 1.08 5503.5 4.5055 16.812658 1.522147 17.497995 15.975848 "" "" 1932.75732 2895.63574 3547.17888 2.3903 1368.4 6.2799 3227.1 8.84 "" "" 0.002850802881570901 0.0057107145 0.004809298 0.010520013 252.5241788693 -44.62511157683 2371.95459 -4.262 -5.976000000000001 -2.9460000152587886 -3.4283513317108154 0.20330203 0.17430201 "" "" 50.82127552914779 "" 9.512208394630177 ""
252.30958214694 -44.40462328099 0.0761 0.0461 19.0903 "" "" 5964310896575066240 2276.59204 0.4216 0.0788 -0.195 -0.726 0.101 0.08 1.125 5771.3 4.6074 16.815536 1.538739 17.494915 15.956176 "" "" 1926.15356 2856.04077 3537.78896 2.474 1372.3 8.4764 3286.2 14.401 "" "" 0.0028580184145905454 0.007263627 0.0060763587 0.013339985 252.30958214694 -44.40462328099 2276.59204 -0.195 -0.7259999999999998 1.1209999847412109 1.8216486682891846 0.20330203 0.18230201 "" "" 23.08135135113127 "" 4.346301205588501 ""
252.16358028453 -44.83532167662 0.0635 0.0435 9.9523 "" "" 5964274814554193664 2085.85815 0.4738 0.0658 -0.763 -1.877 0.09 0.071 0.924 7069.0 4.3087 16.81615 2.075689 17.871048 15.795359 "" "" 1864.07764 2383.60767 3535.79178 2.2185 970.5 9.8671 3810.8 9.0039 "" "" 0.002838286572627543 0.011385875 0.004567769 0.015953643 252.16358028453 -44.83532167662 2085.85815 -0.7630000000000001 -1.8769999999999998 0.5529999847412109 0.6706486682891846 0.19230202 0.17330202 "" "" 8.594150256156043 "" 1.557535847631075 ""
252.5914567491 -44.87681644683 0.0586 0.0406 14.3364 "" "" 5964283232687551616 1979.42163 0.4948 0.0641 -1.273 0.259 0.085 0.068 0.973 8164.9 4.3643 16.816246 1.768766 17.668243 15.899477 "" "" 1760.57849 2219.90259 3535.48003 2.1731 1169.8 6.8256 3462.3 10.275 "" "" 0.0028349866682992235 0.0069223223 0.0049664644 0.011888787 252.5914567491 -44.87681644683 1979.42163 -1.272999999999999 0.2590000000000001 0.04299998474121103 2.8066486682891845 0.18730202 0.17030202 "" "" 26.3363550924787 "" 4.485244741696784 ""
252.69332169637 -44.85310228154 0.0622 0.043 17.1734 "" "" 5964280625657580288 2094.50171 0.4624 0.0764 -4.231 -6.424 0.09 0.071 1.025 4882.0 4.187 16.816755 1.7539 17.664812 15.910913 "" "" 1817.6405 2409.40552 3533.81939 2.2538 1173.5 7.5883 3426.0 10.385 "" "" 0.0028410018635336765 0.0075548976 0.0050115054 0.012566403 252.69332169637 -44.85310228154 2094.50171 -4.231000000000002 -6.424000000000002 -2.915000015258789 -3.876351331710816 0.19230202 0.17330202 "" "" 48.15134391988639 "" 8.686325687687722 ""
252.28515400216 -44.52555813524 0.0652 0.043 11.9917 "" "" 5964303504936300928 2302.56738 0.4277 0.0731 -1.361 -3.082 0.099 0.074 1.029 "" "" 16.81677 1.618532 17.568335 15.949802 "" "" 2010.06152 2737.70093 3533.76958 2.8305 1282.6 5.6974 3305.5 10.824 "" "" 0.0028893073532097807 0.005571856 0.0051888158 0.010760672 252.28515400216 -44.52555813524 2302.56738 -1.361 -3.082 -0.04500001525878905 -0.5343513317108153 0.20130202 0.17630202 "" "" 5.852644815026038 "" 1.032935917177344 ""
252.17429905371 -44.65966226596 0.0605 0.0413 7.8026 "" "" 5964278387967309824 2359.54419 0.4408 0.0651 0.827 -1.129 0.093 0.07 0.994 5195.7 4.3627 16.817432 1.531435 17.523363 15.991928 "" "" 2019.95361 2745.89697 3531.61872 2.205 1336.8 10.957 3179.7 11.001 "" "" 0.0028374854976643427 0.009326322 0.005328618 0.01465494 252.17429905371 -44.65966226596 2359.54419 0.8269999999999994 -1.129 2.142999984741211 1.4186486682891846 0.19530201 0.17230201 "" "" 28.743741245406355 "" 5.420817192500962 ""
251.95971538154 -44.59249256495 0.0742 0.0451 17.795 "" "" 5967284899429485184 2239.39331 0.4453 0.0696 -1.702 -4.096 0.092 0.073 1.029 9430.8 3.7632 16.818562 1.96455 17.778471 15.813921 "" "" 1948.33337 2539.01587 3527.94664 2.468 1056.9 9.5021 3746.2 10.262 "" "" 0.0028580905925607927 0.010152292 0.004809303 0.014961596 251.95971538154 -44.59249256495 2239.39331 -1.702 -4.096 -0.386000015258789 -1.5483513317108155 0.19430202 0.17530201 "" "" 16.938345826915942 "" 2.989111776056579 ""
252.44935015261 -44.81065869496 0.07 0.0442 7.2111 "" "" 5964261208097851008 1735.13904 0.5641 0.0705 -4.948 -8.008 0.091 0.072 1.024 4921.0 4.38 16.81859 1.744493 17.664051 15.919558 "" "" 1528.85242 1970.4707 3527.85308 2.2174 1174.3 7.3112 3398.9 9.5766 "" "" 0.0028385735158123183 0.007312999 0.0048623015 0.012175301 252.44935015261 -44.81065869496 1735.13904 -4.948 -8.008 -3.6320000152587895 -5.4603513317108145 0.193302 0.17430201 "" "" 53.93634269352276 "" 9.727031375583804 ""
252.0675159738 -44.73466535861 0.0609 0.0431 11.4096 "" "" 5967278542886456832 2028.38403 0.4834 0.0655 -2.204 -2.9 0.089 0.07 0.989 6031.6 4.4253 16.819002 1.654953 17.576347 15.921394 "" "" 1782.3241 2362.80298 3526.51536 2.4621 1273.1 16.069 3393.1 16.448 "" "" 0.0028576901754021767 0.01398526 0.0064794933 0.020464754 252.0675159738 -44.73466535861 2028.38403 -2.204 -2.8999999999999986 -0.8880000152587892 -0.35235133171081534 0.19130202 0.17230201 "" "" 9.185260465090119 "" 1.734451543280494 ""
252.4644073502 -44.95702400134 0.0578 0.0433 15.1276 "" "" 5964258631114537984 1851.78906 0.5304 0.0667 -3.463 -6.927 0.081 0.07 1.003 7083.0 4.3204 16.819223 1.679092 17.617878 15.938786 "" "" 1676.63574 2070.51416 3525.7974 2.2625 1225.4 7.836 3339.2 10.665 "" "" 0.0028420418819287484 0.0074825725 0.0051292046 0.012611777 252.4644073502 -44.95702400134 1851.78906 -3.463 -6.927 -2.147000015258789 -4.379351331710815 0.18330202 0.17230201 "" "" 42.81064853719345 "" 7.469932585333418 ""
252.20186919983 -44.63179766165 0.0614 0.0415 7.8459 "" "" 5964301993107620608 1825.44653 0.5559 0.0669 1.351 -2.755 0.093 0.07 0.92 "" "" 16.820072 1.589025 17.563486 15.974462 "" "" 1617.0448 2083.6687 3523.0437 2.2665 1288.3 8.3223 3231.3 9.5376 "" "" 0.002842478090893065 0.0075483653 0.0049551763 0.012503542 252.20186919983 -44.63179766165 1825.44653 1.351 -2.755 2.666999984741211 -0.20735133171081532 0.19530201 0.17230201 "" "" 23.146167337663787 "" 4.517481753789421 ""
252.37816495851 -44.46789668948 0.0655 0.0415 15.3769 "" "" 5964309758408779136 2279.78369 0.4585 0.0747 -3.1 -3.695 0.102 0.072 0.912 "" "" 16.820812 1.535313 17.527586 15.992273 "" "" 1874.54761 2789.16943 3520.64005 2.2502 1331.6 5.6523 3178.7 9.3727 "" "" 0.00284136346069074 0.005387476 0.0049530463 0.010340523 252.37816495851 -44.46789668948 2279.78369 -3.1 -3.6950000000000007 -1.7840000152587892 -1.1473513317108153 0.20430201 0.17430201 "" "" 22.920992223457038 "" 4.492512100845757 ""
252.04982817022 -44.54637830666 0.0722 0.0449 16.1013 "" "" 5967282391172318976 2476.61108 0.4094 0.0712 -0.038 -3.438 0.093 0.073 0.993 "" "" 16.82088 1.828517 17.719734 15.891217 "" "" 2026.58167 2926.021 3520.41841 2.2832 1115.6 6.854 3488.8 8.386 "" "" 0.0028438770602180674 0.007230555 0.0045928913 0.0118234465 252.04982817022 -44.54637830666 2476.61108 -0.038000000000001144 -3.4379999999999997 1.277999984741211 -0.8903513317108156 0.19530201 0.17530201 "" "" 18.28447090709618 "" 3.4557599688347693 ""
252.21700998388 -44.6361881524 0.0622 0.0469 7.2017 "" "" 5964301924388136320 2009.79688 0.5265 0.0692 -13.819 -3.633 0.096 0.079 0.977 "" "" 16.821747 1.805825 17.637129 15.831304 "" "" 1778.46155 2322.90576 3517.61186 2.3874 1203.8 20.122 3686.7 20.276 "" "" 0.0028521559344463617 0.018361744 0.007066833 0.025428576 252.21700998388 -44.6361881524 2009.79688 -13.819000000000017 -3.6329999999999982 -12.50300001525879 -1.0853513317108154 0.19830202 0.18130201 "" "" 119.55697559153423 "" 23.693835230753624 ""
252.72113161154 -44.84214962887 0.0598 0.041 17.9632 "" "" 5964281377261809920 1729.31799 0.5881 0.071 -4.449 -4.02 0.087 0.07 1.02 4732.4 4.2964 16.822521 1.733331 17.66452 15.93119 "" "" 1515.62366 1965.18494 3515.10646 2.1609 1173.8 8.0553 3362.7 8.8542 "" "" 0.0028350101449682707 0.00795624 0.0047388324 0.012695072 252.72113161154 -44.84214962887 1729.31799 -4.449 -4.02 -3.133000015258789 -1.472351331710815 0.18930201 0.17230201 "" "" 28.37560812932663 "" 5.287557578301383 ""
252.14674817495 -44.88993658067 0.0652 0.0443 12.8502 "" "" 5964268771532232832 1672.83179 0.5904 0.07 -0.82 1.286 0.101 0.079 0.992 4944.6 4.3262 16.823484 1.62469 17.593721 15.969031 "" "" 1481.87463 1833.26819 3511.9878 2.2561 1252.9 6.9823 3247.5 13.128 "" "" 0.0028422285194661815 0.0066630435 0.0057920436 0.012455087 252.14674817495 -44.88993658067 1672.83179 -0.82 1.286 0.495999984741211 3.8336486682891846 0.20330203 0.18130201 "" "" 30.651218323783436 "" 5.5688906170637615 ""
