Clusters/NGC_6216/NGC_6216_members.tsv
# %ECSV 1.0
# ---
# datatype:
# - name: RA_ICRS_1
#   unit: deg
#   datatype: float64
#   format: '{:15.11f}'
#   description: Right ascension (ICRS) at Ep=2016.0 (ra)
#   meta: !!omap
#   - {ucd: POS_EQ_RA_MAIN}
#   - {width: 15}
#   - {precision: '11'}
# - name: DE_ICRS_1
#   unit: deg
#   datatype: float64
#   format: '{:15.11f}'
#   description: Declination (ICRS) at Ep=2016.0 (dec)
#   meta: !!omap
#   - {ucd: POS_EQ_DEC_MAIN}
#   - {width: 15}
#   - {precision: '11'}
# - name: e_RA_ICRS
#   unit: mas
#   datatype: float64
#   format: '{:7.4f}'
#   description: Standard error of right ascension (ra_error)
#   meta: !!omap
#   - {ucd: ERROR}
#   - {width: 7}
#   - {precision: '4'}
# - name: e_DE_ICRS
#   unit: mas
#   datatype: float64
#   format: '{:7.4f}'
#   description: Standard error of declination (dec_error)
#   meta: !!omap
#   - {ucd: ERROR}
#   - {width: 7}
#   - {precision: '4'}
# - name: _r_1
#   unit: ''
#   datatype: float64
#   format: '{:7.4f}'
#   description: Distance from center (252.33461041000-44.72229550000)[ICRS], at Epoch=J2016.0
#   meta: !!omap
#   - {ucd: POS_ANG_DIST_GENERAL}
#   - {width: 7}
#   - {precision: '4'}
# - name: HIP
#   datatype: int32
#   description: '? HIP cross-id number, van Leeuwen, Cat. I/311 (hip_original_ext_source_id)'
#   meta: !!omap
#   - {ucd: ID_NUMBER}
#   - {width: 6}
#   - values: {'null': -2147483648}
# - name: TYC2
#   datatype: string
#   description: Tycho-2 cross-id name, Hog et al., Cat. I/259 (tyc2_original_ext_source_id)
#   meta: !!omap
#   - {ucd: ID_CROSSID}
#   - {_votable_string_dtype: char}
# - name: Source
#   datatype: int64
#   description: Source identifier, identical to the Gaia-EDR3 source_id (id)
#   meta: !!omap
#   - {ucd: ID_MAIN}
#   - {width: 19}
# - name: rgeo
#   unit: pc
#   datatype: float64
#   format: '{:15.8f}'
#   description: '? Median of the geometric distance posterior (r_med_geo)'
#   meta: !!omap
#   - {ucd: PHYS_DISTANCE_TRUE}
#   - {width: 15}
#   - {precision: '8'}
#   - values: {'null': .nan}
# - name: Plx
#   unit: mas
#   datatype: float64
#   format: '{:9.4f}'
#   description: '? Parallax (parallax)'
#   meta: !!omap
#   - {ucd: POS_PARLX_TRIG}
#   - {width: 9}
#   - {precision: '4'}
#   - values: {'null': .nan}
# - name: e_Plx
#   unit: mas
#   datatype: float32
#   format: '{:7.4f}'
#   description: '? Standard error of parallax (parallax_error)'
#   meta: !!omap
#   - {ucd: ERROR}
#   - {width: 7}
#   - {precision: '4'}
#   - values: {'null': .nan}
# - name: pmRA
#   unit: mas / yr
#   datatype: float64
#   format: '{:9.3f}'
#   description: '? Proper motion in right ascension direction, pmRA*cosDE (pmra)'
#   meta: !!omap
#   - {ucd: POS_EQ_PMRA}
#   - {width: 9}
#   - {precision: '3'}
#   - values: {'null': .nan}
# - name: pmDE
#   unit: mas / yr
#   datatype: float64
#   format: '{:9.3f}'
#   description: '? Proper motion in declination direction (pmdec)'
#   meta: !!omap
#   - {ucd: POS_EQ_PMDEC}
#   - {width: 9}
#   - {precision: '3'}
#   - values: {'null': .nan}
# - name: e_pmRA
#   unit: mas / yr
#   datatype: float32
#   format: '{:6.3f}'
#   description: '? Standard error of proper motion in right ascension direction (pmra_error)'
#   meta: !!omap
#   - {ucd: ERROR}
#   - {width: 6}
#   - {precision: '3'}
#   - values: {'null': .nan}
# - name: e_pmDE
[...]
#         unit: &id001 !astropy.units.Unit {unit: deg}
#         value: !astropy.table.SerializedColumn {name: SkyCoord.dec}
#       distance: !astropy.table.SerializedColumn
#         __class__: astropy.coordinates.distances.Distance
#         unit: !astropy.units.Unit {unit: pc}
#         value: !astropy.table.SerializedColumn {name: SkyCoord.distance}
#       frame: icrs
#       obstime: !astropy.time.Time {format: jyear_str, in_subfmt: '*', jd1: 367701545.0, jd2: 0.0, out_subfmt: '*', precision: 3, scale: tt}
#       pm_dec: !astropy.table.SerializedColumn
#         __class__: astropy.units.quantity.Quantity
#         unit: !astropy.units.Unit {unit: mas / yr}
#         value: !astropy.table.SerializedColumn {name: SkyCoord.pm_dec}
#       pm_ra_cosdec: !astropy.table.SerializedColumn
#         __class__: astropy.units.quantity.Quantity
#         unit: !astropy.units.Unit {unit: mas / yr}
#         value: !astropy.table.SerializedColumn {name: SkyCoord.pm_ra_cosdec}
#       ra: !astropy.table.SerializedColumn
#         __class__: astropy.coordinates.angles.Longitude
#         unit: *id001
#         value: !astropy.table.SerializedColumn {name: SkyCoord.ra}
#         wrap_angle: !astropy.coordinates.Angle
#           unit: *id001
#           value: 360.0
#       representation_type: spherical
# schema: astropy-2.0
RA_ICRS_1 DE_ICRS_1 e_RA_ICRS e_DE_ICRS _r_1 HIP TYC2 Source rgeo Plx e_Plx pmRA pmDE e_pmRA e_pmDE RUWE Teff logg Gmag BP-RP BPmag RPmag RV e_RV b_rgeo B_rgeo FG e_FG FBP e_FBP FRP e_FRP RAVE5 RAVE6 e_Gmag e_BPmag e_RPmag e_BP-RP SkyCoord.ra SkyCoord.dec SkyCoord.distance SkyCoord.pm_ra_cosdec SkyCoord.pm_dec Pmemb
[from data line 41]
252.31354205965 -44.73267275904 0.0228 0.0169 1.0928 "" "" 5964274303464818176 2217.85864 0.412 0.0257 -1.417 -2.421 0.034 0.028 1.061 "" "" 14.641568 1.175071 15.129012 13.953941 "" "" 2092.89209 2368.05737 26201.10188 6.5116 12129.0 17.472 20777.0 38.975 "" "" 0.0027685011069664037 0.003198625 0.004293237 0.007491862 252.31354205965 -44.73267275904 2217.85864 -1.4170000000000003 -2.4209999999999994 0.9
252.28969841023 -44.72228546471 0.0235 0.0155 1.9147 "" "" 5964274269105085312 2185.6106 0.4186 0.0248 -1.326 -2.507 0.035 0.027 1.016 "" "" 14.706682 1.355654 15.29509 13.939436 "" "" 2066.24243 2302.98901 24675.95237 7.1252 10408.0 14.499 21056.0 24.988 "" "" 0.0027730986497001824 0.003173752 0.0039929845 0.0071667368 252.28969841023 -44.72228546471 2185.6106 -1.326 -2.5070000000000006 1.0
252.35005172171 -44.73003534649 0.028 0.017 0.8056 "" "" 5964297595060930944 2428.57495 0.3726 0.0287 -1.44 -2.643 0.042 0.028 1.034 "" "" 14.767321 1.129861 15.225925 14.096065 "" "" 2277.33643 2611.41724 23335.56844 5.8661 11093.0 15.248 18228.0 37.609 "" "" 0.002768805083872166 0.0031642276 0.004393404 0.0075576315 252.35005172171 -44.73003534649 2428.57495 -1.4400000000000002 -2.643 0.8
252.18812084771 -44.73254225221 0.0233 0.016 6.2747 "" "" 5964277739438477056 2354.36719 0.3849 0.0272 -1.441 -2.584 0.034 0.028 1.005 "" "" 14.890767 1.282538 15.442333 14.159795 "" "" 2224.44458 2485.05249 20827.62978 6.0881 9088.3 12.706 17189.0 13.171 "" "" 0.0027735380446174155 0.0031763418 0.0038698646 0.0070462064 252.18812084771 -44.73254225221 2354.36719 -1.441 -2.5839999999999996 0.8
252.25118112912 -44.68683415831 0.0244 0.0173 4.1455 "" "" 5964277601999718656 2303.93701 0.3937 0.0279 -1.422 -2.466 0.038 0.03 0.969 8599.6 3.4886 15.050146 1.129034 15.521621 14.392587 "" "" 2159.05786 2441.50073 17984.0812 4.633 8448.3 12.589 13871.0 12.461 "" "" 0.002769480745912329 0.0032253035 0.0039032132 0.0071285167 252.25118112912 -44.68683415831 2303.93701 -1.4219999999999997 -2.4659999999999997 1.0
252.38831449308 -44.66136078855 0.0289 0.0181 4.3144 "" "" 5964298213536347776 2368.70728 0.3784 0.0319 -1.555 -2.603 0.045 0.032 1.039 8597.2 3.3012 15.128647 1.129488 15.600351 14.470863 "" "" 2210.60864 2549.95776 16729.68881 4.4196 7857.4 14.851 12907.0 13.865 "" "" 0.00277020917944548 0.003463555 0.0039552543 0.0074188095 252.38831449308 -44.66136078855 2368.70728 -1.555 -2.603 1.0
252.29550669991 -44.78248397347 0.0278 0.0201 3.9771 "" "" 5964273753708780288 2325.10522 0.3956 0.0299 -1.448 -2.618 0.041 0.032 0.968 8823.7 3.4161 15.184428 1.494934 15.859064 14.36413 "" "" 2147.80151 2501.19312 15891.87987 4.7975 6191.4 9.8763 14240.0 11.594 "" "" 0.002774746838330129 0.0032839947 0.0038813872 0.0071653817 252.29550669991 -44.78248397347 2325.10522 -1.448 -2.6179999999999994 0.9
252.37272072025 -44.73095167069 0.0288 0.0184 1.7056 "" "" 5964297530649552000 2023.3147 0.4531 0.0293 -1.323 -2.704 0.043 0.032 0.985 "" "" 15.189396 1.154746 15.665538 14.510792 "" "" 1913.64087 2169.31738 15819.33915 4.6865 7399.5 15.874 12441.0 21.934 "" "" 0.0027740311141222188 0.003634592 0.004236494 0.007871086 252.37272072025 -44.73095167069 2023.3147 -1.323 -2.7039999999999997 1.0
252.32393422055 -44.73507929057 0.0291 0.0201 0.8919 "" "" 5964274303464816768 2003.27271 0.4727 0.0309 -1.307 -2.351 0.044 0.034 0.995 "" "" 15.210482 1.178433 15.701397 14.522964 "" "" 1860.24854 2119.31055 15515.08293 4.6727 7159.1 20.388 12302.0 10.674 "" "" 0.002774655592088439 0.0041647996 0.0038950215 0.008059821 252.32393422055 -44.73507929057 2003.27271 -1.307 -2.351 0.8
252.37517755838 -44.75293398112 0.029 0.0186 2.5236 "" "" 5964273307032391424 2259.03589 0.4029 0.0295 -1.331 -2.597 0.043 0.032 0.957 9238.5 3.5678 15.242914 1.182552 15.738441 14.555889 "" "" 2109.86865 2427.52246 15058.48071 3.7563 6919.0 13.072 11934.0 11.288 "" "" 0.002768599019591618 0.0034630564 0.0039164247 0.007379481 252.37517755838 -44.75293398112 2259.03589 -1.331 -2.5970000000000004 0.8
252.3673929298 -44.66125998528 0.0274 0.0189 3.92 "" "" 5964298183484445952 2242.97314 0.4171 0.0308 -1.275 -2.613 0.043 0.032 1.032 8595.2 3.3523 15.257117 1.131685 15.729394 14.597709 "" "" 2097.78687 2409.70874 14862.77594 3.9599 6976.9 13.622 11484.0 14.099 "" "" 0.0027704635957854357 0.0035041063 0.004007559 0.007511665 252.3673929298 -44.66125998528 2242.97314 -1.2750000000000001 -2.6130000000000004 1.0
252.45458873111 -44.6800270714 0.031 0.0201 5.7108 "" "" 5964297217103901056 2301.79272 0.4036 0.0346 -1.384 -2.627 0.049 0.036 1.023 8599.1 3.4679 15.260631 1.221064 15.782725 14.561662 "" "" 2159.6792 2489.10547 14814.75577 4.3811 6642.4 12.984 11871.0 12.382 "" "" 0.002773964966346036 0.0035055995 0.003945405 0.0074510043 252.45458873111 -44.6800270714 2301.79272 -1.384 -2.627 0.8
252.38709939024 -44.66988014805 0.0281 0.0188 3.8604 "" "" 5964298114764963328 2092.05078 0.443 0.0331 -1.318 -2.483 0.044 0.033 0.984 9016.3 3.5032 15.304686 1.178606 15.803855 14.625249 "" "" 1961.89075 2275.01562 14225.6682 3.6548 6514.4 9.8538 11196.0 12.411 "" "" 0.002769404000796213 0.0032376242 0.003966395 0.007204019 252.38709939024 -44.66988014805 2092.05078 -1.318 -2.4829999999999997 0.9
252.41728702434 -44.74644078855 0.03 0.0194 3.8101 "" "" 5964296740375393536 2273.20483 0.4099 0.0328 -1.175 -2.57 0.052 0.038 0.932 8781.1 3.4419 15.332816 1.382554 15.94681 14.564256 "" "" 2101.61743 2428.90845 13861.81861 3.8012 5710.7 9.7668 11843.0 16.142 "" "" 0.0027713594945779347 0.0033515824 0.004058781 0.0074103633 252.41728702434 -44.74644078855 2273.20483 -1.1749999999999998 -2.57 0.9
252.33683967766 -44.80362229826 0.0335 0.0216 4.8805 "" "" 5964273478831068672 2306.94434 0.3856 0.0339 -1.029 -2.293 0.049 0.036 1.029 "" "" 15.38336 2.685838 16.886795 14.200957 10.17 3.22 2138.00464 2512.01489 13231.30856 4.8478 2402.7 8.2502 16549.0 17.195 "" "" 0.0027838885155437305 0.004656596 0.0039441576 0.008600754 252.33683967766 -44.80362229826 2306.94434 -1.029 -2.293 0.8
252.35482366355 -44.77779143707 0.0345 0.0217 3.4394 "" "" 5964273925507676032 2474.99316 0.3579 0.0344 -1.344 -2.452 0.052 0.037 0.956 8600.7 3.4335 15.428268 1.369659 16.031046 14.661387 "" "" 2313.70239 2688.92651 12695.19217 4.0832 5284.4 12.265 10829.0 13.523 "" "" 0.0027773614240714363 0.0037596968 0.0040152255 0.007774922 252.35482366355 -44.77779143707 2474.99316 -1.3439999999999999 -2.452 0.8
252.34704686924 -44.76409756662 0.032 0.0212 2.5635 "" "" 5964273921201125632 2251.09839 0.4079 0.033 -1.122 -2.418 0.048 0.035 0.943 "" "" 15.447529 1.333673 16.021173 14.687501 "" "" 2073.10596 2417.87427 12471.97086 3.6913 5332.7 12.707 10572.0 15.919 "" "" 0.0027739954184839593 0.0038050425 0.0041178297 0.007922872 252.34704686924 -44.76409756662 2251.09839 -1.122 -2.4180000000000006 0.9
252.35770180115 -44.65330562249 0.03 0.0202 4.255 "" "" 5964298389642881792 2263.98047 0.4093 0.0332 -1.25 -2.627 0.047 0.035 0.985 9066.1 3.4921 15.447601 1.113388 15.905155 14.791767 "" "" 2075.68945 2443.63477 12471.14645 3.6694 5934.1 12.332 9604.0 13.171 "" "" 0.0027737776487084882 0.0035883256 0.004062119 0.0076504443 252.35770180115 -44.65330562249 2263.98047 -1.25 -2.627 0.9
252.32556586697 -44.70816598998 0.031 0.0211 0.9314 "" "" 5964297805515872768 2175.88818 0.4195 0.035 -1.169 -2.62 0.047 0.035 1.008 9745.3 3.7358 15.49918 1.336706 16.01717 14.680464 "" "" 2036.25781 2376.10962 11892.55018 5.1186 5352.4 25.076 10641.0 79.502 "" "" 0.0027946669609688756 0.0058016647 0.008949068 0.014750733 252.32556586697 -44.70816598998 2175.88818 -1.169 -2.62 0.9
252.37470397914 -44.73573424965 0.0333 0.0211 1.8897 "" "" 5964297530649551360 2357.38623 0.3784 0.0341 -1.077 -2.616 0.049 0.036 0.989 8595.9 3.5238 15.512158 1.288297 16.070097 14.7818 "" "" 2213.26587 2530.49658 11751.23404 3.4188 5097.7 11.777 9692.6 11.768 "" "" 0.0027733672823532234 0.003751902 0.004002677 0.0077545787 252.37470397914 -44.73573424965 2357.38623 -1.077 -2.6160000000000005 1.0
252.37483885256 -44.72851617633 0.037 0.0234 1.7551 "" "" 5964297565009290624 2246.73511 0.4144 0.0381 -1.445 -2.612 0.056 0.041 1.136 7604.6 3.9287 15.525288 1.267659 16.074905 14.807246 "" "" 2068.60815 2438.60986 11609.99017 3.5795 5075.2 9.2044 9468.0 8.6115 "" "" 0.0027755799377005355 0.0034150232 0.0039062663 0.0073212897 252.37483885256 -44.72851617633 2246.73511 -1.4450000000000003 -2.6119999999999997 0.9
252.20064880235 -44.66585461951 0.0319 0.0224 6.6419 "" "" 5964278323554313216 2150.87988 0.4333 0.0356 -1.337 -2.528 0.05 0.038 1.034 "" "" 15.579765 1.449796 16.23388 14.784083 "" "" 1998.83923 2306.3623 11041.81819 3.697 4383.9 9.9691 9672.2 11.706 "" "" 0.002779197572241275 0.003725717 0.004001302 0.0077270195 252.20064880235 -44.66585461951 2150.87988 -1.337 -2.528 0.9
252.18682195361 -44.69804955312 0.0313 0.0219 6.4675 "" "" 5964277911237178112 2338.76245 0.3979 0.0356 -1.388 -2.523 0.048 0.037 1.022 8238.4 3.8432 15.590789 1.586119 16.322277 14.736158 "" "" 2179.60718 2496.73901 10930.2785 3.7103 4041.2 10.629 10109.0 16.335 "" "" 0.002779860076702138 0.0039924723 0.004166742 0.008159215 252.18682195361 -44.69804955312 2338.76245 -1.3879999999999997 -2.5229999999999997 0.8
252.32699957119 -44.7270871809 0.0351 0.023 0.4335 "" "" 5964274333518054784 2380.68799 0.3928 0.0367 -1.171 -2.689 0.052 0.038 0.949 8774.7 3.424 15.646612 1.186497 16.151096 14.9646 "" "" 2177.63379 2657.11743 10382.50057 3.4402 4731.3 11.247 8190.7 14.376 "" "" 0.0027787069993828644 0.0038008392 0.0042326353 0.008033475 252.32699957119 -44.7270871809 2380.68799 -1.171 -2.6890000000000005 0.9
252.38540910377 -44.63921288421 0.0328 0.0215 5.4357 "" "" 5964298320923408512 2003.37598 0.4546 0.0381 -1.238 -2.459 0.052 0.039 0.972 "" "" 15.656292 1.226523 16.18021 14.953687 "" "" 1853.95764 2155.89136 10290.3491 3.1416 4606.1 8.8044 8273.4 10.23 "" "" 0.0027751868737260193 0.0034773715 0.0040107416 0.007488113 252.38540910377 -44.63921288421 2003.37598 -1.2380000000000002 -2.459 0.9
252.33113561561 -44.68984697594 0.0345 0.023 1.9525 "" "" 5964297835579167360 2256.42676 0.4075 0.0398 -1.155 -2.61 0.053 0.039 0.958 "" "" 15.710799 1.301921 16.27668 14.974759 "" "" 2084.76709 2440.93604 9786.49561 3.4018 4214.5 9.53 8114.4 12.381 "" "" 0.002781047062246386 0.003716533 0.004126515 0.007843047 252.33113561561 -44.68984697594 2256.42676 -1.155 -2.6100000000000003 0.9
252.36356703781 -44.67867677497 0.034 0.0226 2.8939 "" "" 5964298149124699008 2160.47095 0.4341 0.0376 -1.298 -2.636 0.053 0.039 0.988 9677.4 4.2182 15.711466 1.217358 16.227692 15.010334 "" "" 1969.63037 2328.71729 9780.48674 3.0655 4409.0 10.405 7852.8 17.729 "" "" 0.0027762556099855873 0.0037881813 0.0045046923 0.008292873 252.36356703781 -44.67867677497 2160.47095 -1.2979999999999996 -2.636 0.8
252.39120117275 -44.77103925069 0.0434 0.0284 3.7906 "" "" 5964273234006345984 1946.052 0.4743 0.0456 -1.29 -2.435 0.065 0.049 1.299 9659.5 3.8948 15.763346 1.286846 16.28202 14.995174 "" "" 1785.4126 2149.3833 9324.1318 4.0201 4193.8 20.104 7963.2 34.318 "" "" 0.002794802545023701 0.005905453 0.0060147597 0.011920213 252.39120117275 -44.77103925069 1946.052 -1.29 -2.4349999999999996 0.8
252.30325508113 -44.75144156166 0.038 0.0247 2.2009 "" "" 5964274161726238080 2019.03796 0.4669 0.0415 -1.194 -2.385 0.056 0.041 0.959 8980.8 3.5027 15.78823 1.406701 16.411947 15.005246 "" "" 1894.36133 2188.69995 9112.85845 3.4521 3720.8 8.5966 7889.7 13.65 "" "" 0.002785848646083854 0.0037520179 0.0042204564 0.007972474 252.30325508113 -44.75144156166 2019.03796 -1.194 -2.385 0.8
252.35167935468 -44.80541100249 0.0389 0.0259 5.0397 "" "" 5964272757276562048 2243.13062 0.415 0.0404 -1.464 -2.329 0.057 0.042 0.939 "" "" 15.793376 1.443855 16.445004 15.001148 "" "" 2037.90723 2488.46143 9069.77193 3.1259 3609.2 16.978 7919.5 10.633 "" "" 0.0027806140615941055 0.005819844 0.004050772 0.009870617 252.35167935468 -44.80541100249 2243.13062 -1.464 -2.329 0.8
252.32340247259 -44.70948319881 0.035 0.0239 0.9052 "" "" 5964297805527306240 2001.4751 0.4703 0.0396 -1.257 -2.55 0.052 0.04 0.991 9798.0 4.1806 15.800826 1.29785 16.335161 15.037312 "" "" 1888.13403 2139.79346 9007.75285 3.1466 3993.5 15.482 7660.1 38.062 "" "" 0.0027813010834872283 0.0050499765 0.006586988 0.011636965 252.32340247259 -44.70948319881 2001.4751 -1.2570000000000001 -2.55 0.9
252.29533138013 -44.76178153088 0.0401 0.0255 2.9009 "" "" 5964273852481653248 2194.69946 0.415 0.0408 -1.387 -2.486 0.062 0.043 0.946 "" "" 15.817198 1.497382 16.497356 14.999974 "" "" 2029.6875 2350.70166 8872.94232 3.2472 3439.3 10.71 7928.1 11.441 "" "" 0.00278382307944636 0.004383621 0.00409129 0.008474911 252.29533138013 -44.76178153088 2194.69946 -1.387 -2.4859999999999998 0.9
252.34247447465 -44.66495868691 0.0378 0.025 3.4565 "" "" 5964297973018171136 2123.49731 0.4415 0.0427 -1.201 -2.609 0.059 0.043 0.951 9269.0 4.1021 15.919953 1.248622 16.457937 15.209315 "" "" 1958.40527 2330.00928 8071.70623 2.9751 3566.5 10.521 6537.8 8.1193 "" "" 0.0027842300953038928 0.004247754 0.004012711 0.008260464 252.34247447465 -44.66495868691 2123.49731 -1.201 -2.609 0.8
