ds9regions/Basel_8_runaways_all.tsv
# %ECSV 1.0
# ---
# datatype:
# - {name: Temp. Est, unit: K, datatype: float64}
# - name: RA_ICRS_1
#   unit: deg
#   datatype: float64
#   format: '{:15.11f}'
#   description: Right ascension (ICRS) at Ep=2016.0 (ra)
#   meta: !!omap
#   - {ucd: POS_EQ_RA_MAIN}
#   - {width: 15}
#   - {precision: '11'}
# - name: DE_ICRS_1
#   unit: deg
#   datatype: float64
#   format: '{:15.11f}'
#   description: Declination (ICRS) at Ep=2016.0 (dec)
#   meta: !!omap
#   - {ucd: POS_EQ_DEC_MAIN}
#   - {width: 15}
#   - {precision: '11'}
# - name: e_RA_ICRS
#   unit: mas
#   datatype: float64
#   format: '{:7.4f}'
#   description: Standard error of right ascension (ra_error)
#   meta: !!omap
#   - {ucd: ERROR}
#   - {width: 7}
#   - {precision: '4'}
# - name: e_DE_ICRS
#   unit: mas
#   datatype: float64
#   format: '{:7.4f}'
#   description: Standard error of declination (dec_error)
#   meta: !!omap
#   - {ucd: ERROR}
#   - {width: 7}
#   - {precision: '4'}
# - name: _r_1
#   unit: ''
#   datatype: float64
#   format: '{:7.4f}'
#   description: Distance from center (098.55820660000+08.03809416000)[ICRS], at Epoch=J2016.0
#   meta: !!omap
#   - {ucd: POS_ANG_DIST_GENERAL}
#   - {width: 7}
#   - {precision: '4'}
# - name: HIP
#   datatype: int32
#   description: '? HIP cross-id number, van Leeuwen, Cat. I/311 (hip_original_ext_source_id)'
#   meta: !!omap
#   - {ucd: ID_NUMBER}
#   - {width: 6}
#   - values: {'null': -2147483648}
# - name: TYC2
#   datatype: string
#   description: Tycho-2 cross-id name, Hog et al., Cat. I/259 (tyc2_original_ext_source_id)
#   meta: !!omap
#   - {ucd: ID_CROSSID}
#   - {_votable_string_dtype: char}
# - name: Source
#   datatype: int64
#   description: Source identifier, identical to the Gaia-EDR3 source_id (id)
#   meta: !!omap
#   - {ucd: ID_MAIN}
#   - {width: 19}
# - name: rgeo
#   unit: pc
#   datatype: float64
#   format: '{:15.8f}'
#   description: '? Median of the geometric distance posterior (r_med_geo)'
#   meta: !!omap
#   - {ucd: PHYS_DISTANCE_TRUE}
#   - {width: 15}
#   - {precision: '8'}
#   - values: {'null': .nan}
# - name: Plx
#   unit: mas
#   datatype: float64
#   format: '{:9.4f}'
#   description: '? Parallax (parallax)'
#   meta: !!omap
#   - {ucd: POS_PARLX_TRIG}
#   - {width: 9}
#   - {precision: '4'}
#   - values: {'null': .nan}
# - name: e_Plx
#   unit: mas
#   datatype: float32
#   format: '{:7.4f}'
#   description: '? Standard error of parallax (parallax_error)'
#   meta: !!omap
#   - {ucd: ERROR}
#   - {width: 7}
#   - {precision: '4'}
#   - values: {'null': .nan}
# - name: v_pec
#   unit: km / s
#   datatype: float64
#   format: '{:9.3f}'
#   description: '? Proper motion in right ascension direction, pmRA*cosDE (pmra)'
#   meta: !!omap
#   - {ucd: POS_EQ_PMRA}
#   - {width: 9}
#   - {precision: '3'}
#   - values: {'null': .nan}
# - name: "\xB5_pec"
#   unit: mas / yr
#   datatype: float64
#   format: '{:9.3f}'
#   description: '? Proper motion in right ascension direction, pmRA*cosDE (pmra)'
#   meta: !!omap
#   - {ucd: POS_EQ_PMRA}
#   - {width: 9}
#   - {precision: '3'}
#   - values: {'null': .nan}
# - name: rmRA
#   unit: mas / yr
#   datatype: float64
#   format: '{:9.3f}'
#   description: '? Proper motion in right ascension direction, pmRA*cosDE (pmra)'
#   meta: !!omap
#   - {ucd: POS_EQ_PMRA}
#   - {width: 9}
[...]
#   meta: !!omap
#   - {ucd: ID_CROSSID}
#   - {_votable_string_dtype: char}
# - name: e_Gmag
#   unit: ''
#   datatype: float64
#   format: '{:11.4g}'
#   description: '? Error on G-band mean flux (phot_g_mean_flux_error)'
#   meta: !!omap
#   - {ucd: ERROR}
#   - {width: 11}
#   - {precision: E4}
#   - values: {'null': .nan}
# - name: e_BPmag
#   unit: ''
#   datatype: float32
#   format: '{:11.4g}'
#   description: '? Error on the integrated BP mean flux (phot_bp_mean_flux_error)'
#   meta: !!omap
#   - {ucd: ERROR}
#   - {width: 11}
#   - {precision: E4}
#   - values: {'null': .nan}
# - name: e_RPmag
#   unit: ''
#   datatype: float32
#   format: '{:11.4g}'
#   description: '? Error on the integrated RP mean flux (phot_rp_mean_flux_error)'
#   meta: !!omap
#   - {ucd: ERROR}
#   - {width: 11}
#   - {precision: E4}
#   - values: {'null': .nan}
# - name: e_BP-RP
#   unit: ''
#   datatype: float32
#   format: '{:11.4g}'
#   description: '? Error on the integrated BP mean flux (phot_bp_mean_flux_error)'
#   meta: !!omap
#   - {ucd: ERROR}
#   - {width: 11}
#   - {precision: E4}
#   - values: {'null': .nan}
# meta: !!omap
# - {ID: I_352_gedr3dis}
# - {description: Estimating distances from parallaxes (1467744818 sources)}
# - {name: I/352/gedr3dis}
# schema: astropy-2.0
"Temp. Est" RA_ICRS_1 DE_ICRS_1 e_RA_ICRS e_DE_ICRS _r_1 HIP TYC2 Source rgeo Plx e_Plx v_pec µ_pec rmRA e_rmRA rmDE e_rmDE pmRA pmDE e_pmRA e_pmDE RUWE Teff logg Gmag BP-RP BPmag RPmag RV e_RV b_rgeo B_rgeo FG e_FG FBP e_FBP FRP e_FRP RAVE5 RAVE6 e_Gmag e_BPmag e_RPmag e_BP-RP
[from data line 154]
5710.0 98.55204464417 8.14887058559 0.0772 0.0666 6.6567 "" "" 3326030645483874176 1271.8385 0.788 0.085 21.3928967435856 3.5486182838362215 3.2375 0.2197958 -1.4530263157894732 0.32485852 3.062 -3.813 0.087 0.07 1.032 4491.8 4.8262 16.98023 1.328722 17.566385 16.237663 "" "" 1145.08118 1460.43201 3039.86591 3.4609 1284.9 17.42 2535.7 21.217 "" "" 0.003019895716017111 0.014981948 0.009839484 0.02482143
5710.0 98.79152843353 8.31612516799 0.0566 0.0492 21.6864 "" "" 3326127677386222848 1528.99011 0.6423 0.0637 32.10872685207927 4.430370714934041 4.032500000000001 0.20379579 1.834973684210527 0.32085854 3.857 -0.525 0.071 0.066 1.141 5351.8 4.5615 16.251602 1.335961 16.842598 15.506637 "" "" 1372.22339 1708.1322 5947.10363 3.7274 2502.5 22.51 4971.7 19.178 "" "" 0.002838108984488238 0.0101569565 0.0056413086 0.015798265
5702.0 98.85800115339 8.08351914509 0.0507 0.0448 18.0173 "" "" 3326072328142885248 1376.32043 0.6996 0.0561 21.962382629174346 3.3665227630079113 1.7695 0.1997958 2.863973684210527 0.31285852 1.594 0.504 0.067 0.058 1.051 5304.3 4.6662 16.353891 1.340349 16.953457 15.613108 "" "" 1262.97217 1521.56335 5412.40766 3.5583 2259.6 12.044 4507.3 10.788 "" "" 0.0028462781684445346 0.0064246366 0.0045865825 0.011011219
5647.0 98.89509251455 8.03602843702 0.04 0.0362 20.015 "" "" 3326071194272068992 1366.45447 0.7148 0.043 52.66318137572591 8.13080571770803 6.7365 0.1857958 4.552973684210527 0.30385852 6.561 2.193 0.053 0.049 0.948 5393.1 4.3951 16.033943 1.354818 16.638662 15.283844 "" "" 1284.68335 1431.04956 7267.2456 4.0304 3019.6 11.662 6104.1 15.77 "" "" 0.0028203493624593236 0.005036682 0.0047065704 0.009743253
5630.0 98.29872980127 7.89499060192 0.0783 0.0682 17.6479 "" "" 3325995907787814784 1246.69653 0.8031 0.0815 41.404731322222794 7.006657333389056 1.4545 0.2217958 -6.854026315789474 0.3278585 1.279 -9.214 0.089 0.073 1.025 4584.0 4.7144 16.911053 1.362644 17.530464 16.16782 "" "" 1145.69226 1410.79529 3239.85502 3.2904 1328.1 13.465 2704.1 11.07 "" "" 0.0029677737307637667 0.011355895 0.0058343546 0.01719025
5610.0 98.76176087664 7.94035516331 0.042 0.0385 13.4415 "" "" 3325975090084426112 1420.87842 0.6616 0.0449 31.420683605221544 4.6653085234648275 1.0395 0.18079579 -4.548026315789473 0.29585853 0.864 -6.908 0.048 0.041 0.978 5753.3 4.429 15.967715 1.368555 16.578472 15.209917 "" "" 1344.04883 1500.47864 7724.32403 4.0712 3191.7 8.95 6534.2 14.462 "" "" 0.0028141180043747137 0.0041297004 0.00447865 0.0086083505
5579.0 98.22143834242 7.98930622348 0.0602 0.0607 20.2218 "" "" 3326032603988625920 1486.18457 0.6751 0.0759 26.541726411510606 3.7677152979600246 -3.6375 0.2057958 0.9819736842105271 0.32085854 -3.813 -1.378 0.073 0.066 1.029 4768.0 4.6739 16.919254 1.376976 17.535223 16.158247 "" "" 1342.94812 1684.33191 3215.47533 2.9841 1322.3 10.682 2728.1 13.088 "" "" 0.002933780413337638 0.009204059 0.00643547 0.015639529
5563.0 98.7108851971 7.64208424328 0.0722 0.068 25.4347 "" "" 3325949560798945664 1673.70288 0.6006 0.0902 42.246652339730616 5.32519598237403 1.8405 0.2137958 -4.997026315789473 0.32185853 1.665 -7.357 0.081 0.067 1.02 4681.4 4.7712 16.97499 1.383495 17.607672 16.224176 "" "" 1464.09998 1941.50623 3054.57337 2.6808 1236.9 15.501 2567.4 15.65 "" "" 0.0029154364036603963 0.013889724 0.007621375 0.0215111
5523.0 98.62544358181 8.18256624558 0.0205 0.0183 9.5442 "" "" 3326030959018304512 1518.02075 0.6164 0.0216 47.35916273872692 6.5818497830383516 -2.7255 0.1577958 -5.991026315789474 0.27585852 -2.901 -8.351 0.025 0.021 1.151 5198.2 3.4774 14.250641 1.396047 14.873561 13.477514 60.99 3.75 1478.0415 1563.99438 37556.96285 10.706 15346.0 18.691 32222.0 35.877 "" "" 0.0027726485261350665 0.0030876822 0.003968016 0.007055698
5514.0 98.85221739682 8.05992774197 0.0604 0.0559 17.5159 "" "" 3326071434789699328 1660.96399 0.5991 0.0677 23.077189506138797 2.931192614863336 1.3515 0.2097958 -2.6010263157894733 0.3278585 1.176 -4.961 0.077 0.073 0.925 5217.0 4.7129 16.87568 1.406138 17.510435 16.104298 "" "" 1471.81763 1924.78308 3347.14288 2.6662 1352.8 11.961 2867.1 11.406 "" "" 0.0028878645633025352 0.009996975 0.0057393555 0.01573633
5457.0 98.34092881294 7.89690340384 0.0124 0.0108 15.442 "" "" 3326018589512744576 1371.52686 0.7157 0.0135 28.86883238908627 4.440650158438501 -3.6035 0.1477958 -2.595026315789473 0.26685852 -3.779 -4.955 0.015 0.012 1.043 4824.7 2.5134 12.536233 1.423943 13.183615 11.759672 -50.21 0.71 1342.1886 1396.87488 182160.23937 36.829 72773.0 55.786 156780.0 102.91 "" "" 0.0027640505507585565 0.0029116608 0.003845989 0.0067576496
5457.0 98.56303549524 8.2464642243 0.0589 0.0542 12.5055 "" "" 3326043431603328384 1423.75818 0.6875 0.0647 18.257995016839164 2.7054437593309983 0.9315 0.2077958 -2.5400263157894734 0.31785852 0.756 -4.9 0.075 0.063 0.95 4320.7 4.3671 16.72001 1.409962 17.367868 15.957907 "" "" 1301.15833 1580.74377 3863.15894 2.8956 1542.7 13.152 3280.9 14.641 "" "" 0.002872989355665409 0.009667628 0.0061448067 0.015812434
5397.0 98.28931430061 8.14055645697 0.0128 0.0131 17.1152 "" "" 3326038689959215232 1513.75317 0.6144 0.0162 21.660653383246824 3.018826442973789 -0.06949999999999998 0.1487958 -3.018026315789473 0.26885852 -0.245 -5.378 0.016 0.014 1.235 5146.1 3.1874 13.206967 1.44558 13.822057 12.376477 -15.09 2.12 1488.521 1548.66345 98210.88317 25.848 40420.0 418.92 88832.0 688.95 "" "" 0.0027700982820579273 0.011593519 0.009229847 0.020823367
5397.0 98.80111465926 8.19450981987 0.0606 0.0535 17.2122 "" "" 3326121286474733696 1489.69128 0.6508 0.0712 37.386817518222095 5.2947307608262655 1.2665 0.2137958 -5.141026315789473 0.32885852 1.091 -7.501 0.081 0.074 1.037 4560.6 4.5213 16.7332 1.430258 17.392757 15.9625 "" "" 1373.03198 1661.56299 3816.50955 3.0655 1507.7 12.508 3267.1 9.7518 "" "" 0.0028900386314106357 0.009429607 0.004978578 0.014408184
5397.0 98.80562988992 7.85347760479 0.0532 0.0496 18.4085 "" "" 3325970790817921664 1445.74695 0.6783 0.0548 18.251833098653897 2.6633967307611837 -2.2015 0.19479579 -1.499026315789473 0.30985853 -2.377 -3.859 0.062 0.055 0.927 4922.1 4.3584 16.549467 1.444481 17.211796 15.767315 "" "" 1336.37659 1562.03662 4520.2233 3.1356 1781.1 10.42 3910.5 14.673 "" "" 0.002856402238075735 0.0069377013 0.0055570165 0.012494718
5397.0 98.91393230196 7.80003028624 0.0326 0.029 25.5133 "" "" 3325957738416551808 1446.63586 0.6484 0.0345 37.156464195694824 5.41872126478465 2.3135 0.1727958 -4.900026315789473 0.29185852 2.138 -7.26 0.04 0.037 1.233 5247.4 4.1155 15.205452 1.445005 15.857865 14.41286 "" "" 1395.59802 1519.10107 15587.12293 6.1987 6198.3 25.866 13615.0 19.603 "" "" 0.0027889460926025606 0.0053210687 0.004089925 0.009410994
5397.0 98.77308030284 8.01417280023 0.077 0.0672 12.8466 "" "" 3325977834564423936 1593.08496 0.6562 0.0908 33.389002723609 4.4216683845946765 -1.1255 0.22479579 -4.276026315789473 0.33185852 -1.301 -6.636 0.092 0.077 1.102 4204.0 4.2139 16.883694 1.433739 17.54661 16.112871 "" "" 1367.37793 1813.16162 3322.53181 2.5572 1308.5 13.7 2844.5 10.68 "" "" 0.0028792508752713145 0.011705075 0.005558934 0.017264009
5359.0 98.49364405608 8.25160384248 0.0131 0.0121 13.3722 "" "" 3326044015718905216 1429.64783 0.6589 0.0141 17.78122559383201 2.62394230082541 0.5485 0.1497958 2.565973684210527 0.26885852 0.373 0.206 0.017 0.014 0.951 6000.3 3.2882 13.077273 1.450831 13.740072 12.289241 48.67 1.4 1403.80444 1457.67847 110671.86682 22.684 43590.0 38.215 96264.0 46.58 "" "" 0.002764292521324476 0.0029480634 0.003815722 0.006763785
5359.0 98.89652810339 7.80183785381 0.0508 0.0465 24.6004 "" "" 3325958386952311040 1597.20374 0.6099 0.0528 33.80650821261486 4.465413240517305 4.2045 0.1917958 -1.5040263157894729 0.30685854 4.029 -3.864 0.059 0.052 1.008 5692.7 4.5062 16.382755 1.451601 17.042572 15.590971 "" "" 1482.65405 1733.21387 5270.41684 2.9919 2081.6 10.034 4600.1 12.2 "" "" 0.0028234154850081293 0.00593091 0.004751341 0.010682251
5254.0 98.77318746526 7.79580239193 0.053 0.0501 19.3536 "" "" 3325964094968201216 1369.31909 0.7047 0.0563 29.9398352485502 4.612818870810237 1.3785 0.19679579 -4.402026315789472 0.30985853 1.203 -6.762 0.064 0.055 0.948 4696.9 4.191 16.518744 1.517569 17.225828 15.70826 "" "" 1277.0354 1482.29285 4649.96357 3.0573 1758.3 11.96 4129.1 19.423 "" "" 0.0028462932001682576 0.007894699 0.006353542 0.014248242
5254.0 98.79520354129 7.90725366263 0.2008 0.1833 16.1227 "" "" 3325971963348235776 1198.13245 1.0528 0.2202 26.022905290491266 4.582184888888234 0.7525 0.3727958 4.519973684210527 0.4578585 0.577 2.16 0.24 0.203 7.063 7622.2 4.0838 15.633516 1.513587 16.285746 14.772159 "" "" 929.46283 1833.49951 10508.48838 34.389 4179.4 16.079 9779.0 15.194 "" "" 0.004496230137287815 0.0050232233 0.004138783 0.009162007
5190.0 98.36666861932 8.12185131694 0.1415 0.1335 12.4386 "" "" 3326035528863641344 1471.12256 0.7547 0.1687 26.031579754961914 3.733131835781333 -1.8735 0.31079578 3.228973684210527 0.39885852 -2.049 0.869 0.178 0.144 2.776 5794.3 4.6375 16.541113 1.539485 17.175526 15.636041 "" "" 1184.00476 1915.46252 4555.14176 16.465 1841.6 10.645 4413.1 16.768 "" "" 0.004795151324251988 0.0068681673 0.0055948477 0.012463015
5009.0 98.76527189734 7.84844951996 0.0567 0.0541 16.7595 "" "" 3325971138714545408 1611.70459 0.6037 0.0652 19.01552318645729 2.4891123207740877 -2.3815 0.20179579 0.7239736842105271 0.31185853 -2.557 -1.636 0.069 0.057 1.014 5126.5 4.5575 16.601368 1.624858 17.37474 15.749883 "" "" 1459.80444 1815.32629 4309.22795 3.1077 1532.9 13.565 3973.8 18.947 "" "" 0.0028644169659208666 0.010004876 0.0064095757 0.016414452
4350.0 98.60492716761 7.77035861801 0.0261 0.0267 16.3023 "" "" 3325963235974804096 1319.9165 0.7141 0.0326 19.953418588595387 3.189279004176648 -0.6515 0.1647958 -3.122026315789473 0.28385854 -0.827 -5.482 0.032 0.029 1.021 5251.9 3.4932 15.203539 1.935059 16.16817 14.233111 1.77 6.15 1264.92261 1366.61548 15614.6163 12.927 4657.5 25.98 16066.0 42.755 "" "" 0.0028982294307270205 0.00666816 0.0047573308 0.011425491
