ds9regions/Basel_8_runaways_all.tsv
# %ECSV 1.0
# ---
# datatype:
# - {name: Temp. Est, unit: K, datatype: float64}
# - name: RA_ICRS_1
#   unit: deg
#   datatype: float64
#   format: '{:15.11f}'
#   description: Right ascension (ICRS) at Ep=2016.0 (ra)
#   meta: !!omap
#   - {ucd: POS_EQ_RA_MAIN}
#   - {width: 15}
#   - {precision: '11'}
# - name: DE_ICRS_1
#   unit: deg
#   datatype: float64
#   format: '{:15.11f}'
#   description: Declination (ICRS) at Ep=2016.0 (dec)
#   meta: !!omap
#   - {ucd: POS_EQ_DEC_MAIN}
#   - {width: 15}
#   - {precision: '11'}
# - name: e_RA_ICRS
#   unit: mas
#   datatype: float64
#   format: '{:7.4f}'
#   description: Standard error of right ascension (ra_error)
#   meta: !!omap
#   - {ucd: ERROR}
#   - {width: 7}
#   - {precision: '4'}
# - name: e_DE_ICRS
#   unit: mas
#   datatype: float64
#   format: '{:7.4f}'
#   description: Standard error of declination (dec_error)
#   meta: !!omap
#   - {ucd: ERROR}
#   - {width: 7}
#   - {precision: '4'}
# - name: _r_1
#   unit: ''
#   datatype: float64
#   format: '{:7.4f}'
#   description: Distance from center (098.55820660000+08.03809416000)[ICRS], at Epoch=J2016.0
#   meta: !!omap
#   - {ucd: POS_ANG_DIST_GENERAL}
#   - {width: 7}
#   - {precision: '4'}
# - name: HIP
#   datatype: int32
#   description: '? HIP cross-id number, van Leeuwen, Cat. I/311 (hip_original_ext_source_id)'
#   meta: !!omap
#   - {ucd: ID_NUMBER}
#   - {width: 6}
#   - values: {'null': -2147483648}
# - name: TYC2
#   datatype: string
#   description: Tycho-2 cross-id name, Hog et al., Cat. I/259 (tyc2_original_ext_source_id)
#   meta: !!omap
#   - {ucd: ID_CROSSID}
#   - {_votable_string_dtype: char}
# - name: Source
#   datatype: int64
#   description: Source identifier, identical to the Gaia-EDR3 source_id (id)
#   meta: !!omap
#   - {ucd: ID_MAIN}
#   - {width: 19}
# - name: rgeo
#   unit: pc
#   datatype: float64
#   format: '{:15.8f}'
#   description: '? Median of the geometric distance posterior (r_med_geo)'
#   meta: !!omap
#   - {ucd: PHYS_DISTANCE_TRUE}
#   - {width: 15}
#   - {precision: '8'}
#   - values: {'null': .nan}
# - name: Plx
#   unit: mas
#   datatype: float64
#   format: '{:9.4f}'
#   description: '? Parallax (parallax)'
#   meta: !!omap
#   - {ucd: POS_PARLX_TRIG}
#   - {width: 9}
#   - {precision: '4'}
#   - values: {'null': .nan}
# - name: e_Plx
#   unit: mas
#   datatype: float32
#   format: '{:7.4f}'
#   description: '? Standard error of parallax (parallax_error)'
#   meta: !!omap
#   - {ucd: ERROR}
#   - {width: 7}
#   - {precision: '4'}
#   - values: {'null': .nan}
# - name: v_pec
#   unit: km / s
#   datatype: float64
#   format: '{:9.3f}'
#   description: '? Proper motion in right ascension direction, pmRA*cosDE (pmra)'
#   meta: !!omap
#   - {ucd: POS_EQ_PMRA}
#   - {width: 9}
#   - {precision: '3'}
#   - values: {'null': .nan}
# - name: "\xB5_pec"
#   unit: mas / yr
#   datatype: float64
#   format: '{:9.3f}'
#   description: '? Proper motion in right ascension direction, pmRA*cosDE (pmra)'
#   meta: !!omap
#   - {ucd: POS_EQ_PMRA}
#   - {width: 9}
#   - {precision: '3'}
#   - values: {'null': .nan}
# - name: rmRA
#   unit: mas / yr
#   datatype: float64
#   format: '{:9.3f}'
#   description: '? Proper motion in right ascension direction, pmRA*cosDE (pmra)'
#   meta: !!omap
#   - {ucd: POS_EQ_PMRA}
#   - {width: 9}
[...]
#   meta: !!omap
#   - {ucd: ID_CROSSID}
#   - {_votable_string_dtype: char}
# - name: e_Gmag
#   unit: ''
#   datatype: float64
#   format: '{:11.4g}'
#   description: '? Error on G-band mean flux (phot_g_mean_flux_error)'
#   meta: !!omap
#   - {ucd: ERROR}
#   - {width: 11}
#   - {precision: E4}
#   - values: {'null': .nan}
# - name: e_BPmag
#   unit: ''
#   datatype: float32
#   format: '{:11.4g}'
#   description: '? Error on the integrated BP mean flux (phot_bp_mean_flux_error)'
#   meta: !!omap
#   - {ucd: ERROR}
#   - {width: 11}
#   - {precision: E4}
#   - values: {'null': .nan}
# - name: e_RPmag
#   unit: ''
#   datatype: float32
#   format: '{:11.4g}'
#   description: '? Error on the integrated RP mean flux (phot_rp_mean_flux_error)'
#   meta: !!omap
#   - {ucd: ERROR}
#   - {width: 11}
#   - {precision: E4}
#   - values: {'null': .nan}
# - name: e_BP-RP
#   unit: ''
#   datatype: float32
#   format: '{:11.4g}'
#   description: '? Error on the integrated BP mean flux (phot_bp_mean_flux_error)'
#   meta: !!omap
#   - {ucd: ERROR}
#   - {width: 11}
#   - {precision: E4}
#   - values: {'null': .nan}
# meta: !!omap
# - {ID: I_352_gedr3dis}
# - {description: Estimating distances from parallaxes (1467744818 sources)}
# - {name: I/352/gedr3dis}
# schema: astropy-2.0
"Temp. Est" RA_ICRS_1 DE_ICRS_1 e_RA_ICRS e_DE_ICRS _r_1 HIP TYC2 Source rgeo Plx e_Plx v_pec µ_pec rmRA e_rmRA rmDE e_rmDE pmRA pmDE e_pmRA e_pmDE RUWE Teff logg Gmag BP-RP BPmag RPmag RV e_RV b_rgeo B_rgeo FG e_FG FBP e_FBP FRP e_FRP RAVE5 RAVE6 e_Gmag e_BPmag e_RPmag e_BP-RP
[from data line 39]
6811.0 98.43871921143 7.79842301788 0.03 0.0306 16.0379 "" "" 3326013882228592128 1502.21326 0.6184 0.0388 33.584679777272484 4.716624243109951 -0.8685 0.1697958 4.635973684210526 0.28485852 -1.044 2.276 0.037 0.03 1.032 6385.1 4.3907 15.425118 0.952554 15.813572 14.861018 "" "" 1408.72217 1602.35059 12732.08673 5.2535 6456.4 14.957 9010.5 14.483 "" "" 0.0027915030301217045 0.0037565208 0.0041628466 0.007919367
6776.0 98.78964728203 8.22171098402 0.0287 0.0254 17.6168 "" "" 3326121600007672704 1328.9585 0.7207 0.033 26.014327441926934 4.129741248190776 2.1515 0.1717958 -3.525026315789473 0.2858585 1.976 -5.885 0.039 0.031 0.903 5444.3 4.2214 15.153885 1.046153 15.587311 14.541158 "" "" 1257.79089 1392.62585 16345.30225 6.0997 7952.3 14.934 12097.0 21.09 "" "" 0.002784951356447459 0.0034557758 0.004226905 0.0076826806
6776.0 98.58187896997 7.81587397642 0.0157 0.0167 13.4072 "" "" 3325968042039812352 1511.07007 0.6204 0.0207 18.94298708827163 2.6447554335560213 -2.5545 0.15179579 -0.6850263157894729 0.27085853 -2.73 -3.045 0.019 0.016 1.051 6392.7 3.9648 14.177913 1.035168 14.606172 13.571004 44.42 10.83 1467.22607 1569.29163 40158.89909 10.177 19631.0 21.153 29564.0 26.012 "" "" 0.002769024088100995 0.003025516 0.0038982437 0.0069237594
6776.0 98.28884299253 8.14093577272 0.0325 0.0338 17.1495 "" "" 3326038689959215360 1489.7085 0.6367 0.0421 47.45519379587184 6.720539126099138 4.2525 0.1727958 -5.2040263157894735 0.28985852 4.077 -7.564 0.04 0.035 2.284 "" "" 14.271186 1.041766 14.664714 13.622948 -38.2 7.87 1393.85632 1576.74438 36852.95309 18.367 18601.0 116.31 28182.0 184.75 "" "" 0.0028079522380062365 0.007339987 0.00805883 0.015398817
6718.0 98.6673778632 8.44153538799 0.025 0.0231 25.0595 "" "" 3326144204420844288 1339.32349 0.706 0.0275 44.50990804929881 7.011208292753592 3.6975 0.1697958 5.956973684210527 0.2858585 3.522 3.597 0.037 0.031 1.047 6295.0 4.1873 15.073976 1.050266 15.509906 14.45964 "" "" 1290.37097 1384.75391 17593.66748 6.4736 8539.9 14.789 13041.0 17.026 "" "" 0.0027841313641150793 0.0033645658 0.0040364666 0.0074010324
6651.0 98.41241007232 7.71513250436 0.0374 0.0408 21.2269 "" "" 3325942654491013120 1375.43335 0.6818 0.0495 23.314971403111688 3.5761604429681864 -3.2165 0.1777958 -1.563026315789473 0.29585853 -3.392 -3.923 0.045 0.041 0.978 5671.7 4.6044 15.984652 1.011628 16.398413 15.386785 "" "" 1299.05823 1463.05579 7604.76415 4.1582 3767.5 15.878 5551.9 10.143 "" "" 0.002818551321948399 0.005359382 0.0042682905 0.009627672
6651.0 98.46867438216 8.16195784144 0.0248 0.0235 9.1387 "" "" 3326041129500932608 1506.20886 0.6216 0.0292 28.10494826136025 3.936581530392755 -0.11249999999999996 0.1637958 3.9349736842105267 0.27985853 -0.288 1.575 0.031 0.025 1.027 6881.9 4.1994 14.85321 1.016644 15.271848 14.255203 "" "" 1453.27173 1578.12439 21560.68232 6.9584 10634.0 19.923 15743.0 19.28 "" "" 0.0027775121169395524 0.0034529413 0.004006463 0.0074594044
6606.0 98.37591972043 8.2916273945 0.0415 0.0438 18.6712 "" "" 3326048035808018176 1503.64062 0.6321 0.0531 31.56135634248599 4.428261585740522 1.3135 0.18179579 4.228973684210527 0.29585853 1.138 1.869 0.049 0.041 1.05 5720.4 4.6164 15.92996 1.082403 16.377003 15.2946 "" "" 1387.37939 1625.1554 7997.65284 4.1577 3842.5 29.026 6043.9 13.013 "" "" 0.00281253937153065 0.008663197 0.004443924 0.013107121
6606.0 98.83210631689 8.08541185435 0.0307 0.0281 16.5174 "" "" 3326072568661062272 1368.48645 0.6901 0.0347 44.12085042071455 6.801818382118426 -1.7495 0.1727958 6.5729736842105275 0.29185852 -1.925 4.213 0.04 0.037 1.056 6050.4 4.1621 15.408343 1.080286 15.863712 14.783426 "" "" 1312.04956 1419.6842 12930.32086 5.1379 6165.0 16.672 9678.0 18.048 "" "" 0.002788890983475033 0.0040504388 0.0042875716 0.00833801
6606.0 98.67819038737 7.90096267754 0.0241 0.0243 10.8871 "" "" 3325974677766960512 1332.77234 0.7045 0.0305 34.840964812435445 5.515131351984273 -2.6495 0.1627958 -4.837026315789473 0.27985853 -2.825 -7.197 0.03 0.025 0.973 5918.0 4.1845 15.106739 1.083131 15.552242 14.469111 "" "" 1295.92944 1390.90295 17070.69818 5.5927 8213.3 17.771 12927.0 18.725 "" "" 0.002778186118651604 0.0036474306 0.0040935487 0.007740979
6550.0 98.42061697572 7.68010374927 0.0376 0.0381 22.9835 "" "" 3325941692418353792 1300.43799 0.7416 0.0471 44.18489356105037 7.168129179563035 -3.8364999999999996 0.1727958 -6.055026315789473 0.29185852 -4.012 -8.415 0.04 0.037 0.971 5495.5 4.5782 15.985073 1.101381 16.454584 15.353203 "" "" 1223.79346 1382.78918 7601.81554 3.9909 3577.5 12.673 5726.3 18.768 "" "" 0.002813662001418729 0.0047516073 0.005191023 0.00994263
6550.0 98.53995050126 8.43340509324 0.0544 0.0466 23.7434 "" "" 3326143315361885440 1555.4491 0.6174 0.0581 35.47519661507217 4.81161273304469 -0.9595 0.20379579 4.714973684210527 0.31985852 -1.135 2.355 0.071 0.065 0.987 5390.1 4.6414 16.344692 1.106294 16.810692 15.704398 "" "" 1426.6543 1738.93396 5458.45536 3.4895 2577.2 11.963 4143.8 8.4628 "" "" 0.0028414001216339013 0.005760641 0.0043818364 0.010142477
6550.0 98.52414604989 7.93059631413 0.0406 0.0458 6.7599 "" "" 3326016596647826048 1575.30322 0.605 0.0624 32.1800076136575 4.3096662635666005 2.9175 0.18179579 3.171973684210527 0.29385853 2.742 0.812 0.049 0.039 0.981 5461.9 4.6056 15.926453 1.104688 16.393589 15.288901 "" "" 1444.95825 1774.29895 8023.53678 4.7188 3784.3 12.153 6075.7 19.646 "" "" 0.002828343398783546 0.0044657085 0.0051584123 0.009624121
6550.0 98.63919628218 7.83378381881 0.0194 0.0206 13.1696 "" "" 3325967943258292992 1416.77405 0.6736 0.0248 33.81721732548886 5.035689378213317 -0.9035 0.1557958 4.953973684210527 0.27385852 -1.079 2.594 0.023 0.019 0.932 6461.7 3.8218 14.263704 1.100245 14.726618 13.626372 36.34 8.32 1369.28369 1469.91394 37107.7903 8.0495 17570.0 18.662 28094.0 22.567 "" "" 0.0027653678166028824 0.0030190984 0.0038787045 0.006897803
6521.0 98.60736499271 7.85257136042 0.0301 0.0327 11.5083 "" "" 3325968218136205056 1501.60706 0.6292 0.0436 53.08958037600999 7.4588976777056 -5.2725 0.1717958 5.275973684210527 0.2858585 -5.448 2.916 0.039 0.031 1.356 6610.4 4.181 14.921172 1.065415 15.362669 14.297254 "" "" 1404.15271 1598.60974 20252.47362 6.8018 9780.2 16.693 15145.0 12.658 "" "" 0.00277934439572588 0.0033495103 0.0038867958 0.007236306
6521.0 98.42643459527 8.18323478557 0.0404 0.038 11.7091 "" "" 3326041988494398336 1428.349 0.6536 0.0435 27.167458248643957 4.012696670131196 -3.1725 0.1857958 -2.457026315789473 0.29685852 -3.348 -4.817 0.053 0.042 0.882 6065.8 4.4171 15.683334 1.06223 16.129019 15.066789 "" "" 1352.13135 1506.31982 10037.21173 4.4971 4828.5 21.188 7454.9 15.909 "" "" 0.002797932991426051 0.0055212234 0.0044330806 0.0099543035
6521.0 98.56063148913 8.03072091003 0.052 0.0544 0.4653 "" "" 3326024258869415808 1425.68506 0.6972 0.0681 21.606417937906144 3.197281186810855 -1.7665 0.1907958 2.664973684210527 0.30085853 -1.942 0.305 0.058 0.046 0.959 5390.7 4.6376 15.994686 1.062536 16.446428 15.383892 "" "" 1304.93701 1569.96667 7534.81257 7.8436 3604.5 25.471 5566.7 16.263 "" "" 0.002978122204501595 0.008163894 0.0049340683 0.013097962
6503.0 98.26589223965 8.15790001587 0.0439 0.0467 18.7931 "" "" 3326038964837123456 1653.29456 0.6088 0.0572 19.68271001411761 2.511633781165662 -2.3815 0.1857958 0.797973684210527 0.30085853 -2.557 -1.562 0.053 0.046 0.955 5424.3 4.655 16.368855 1.079158 16.818594 15.739436 "" "" 1489.07983 1835.58276 5338.31961 3.0356 2558.5 20.074 4012.2 9.9045 "" "" 0.0028236444537835565 0.00896399 0.0046332963 0.013597286
6503.0 98.26394231389 7.85829082439 0.0803 0.0721 20.5464 "" "" 3325994984372542208 1593.81543 0.6306 0.0923 46.12383816232123 6.105328987054359 -5.7555 0.2217958 2.036973684210527 0.33085853 -5.931 -0.323 0.089 0.076 2.804 5224.6 4.4193 15.210796 1.077069 15.650869 14.5738 "" "" 1371.06287 1826.04675 15510.58097 19.977 7500.1 14.823 11739.0 22.303 "" "" 0.003089865312751123 0.0035198855 0.0043056775 0.007825563
6503.0 98.48642699109 7.89711394073 0.0381 0.0405 9.4733 "" "" 3326016424849167360 1338.13562 0.7172 0.0522 24.09333477343079 3.7985552015356534 3.3385 0.1777958 -1.8120263157894727 0.2908585 3.163 -4.172 0.045 0.036 1.071 5595.7 4.538 15.697494 1.075767 16.150381 15.074615 "" "" 1245.94031 1431.16113 9907.16232 4.5402 4734.4 29.778 7401.4 20.116 "" "" 0.0027998858137448642 0.0073769786 0.004794939 0.012171918
6493.0 98.52770709291 7.68279392177 0.0159 0.0154 21.3949 "" "" 3325938977999574272 1402.2511 0.6695 0.0189 25.81947566711791 3.8845730020926696 -1.8715000000000002 0.1547958 -3.4040263157894732 0.2718585 -2.047 -5.764 0.022 0.017 1.134 6914.6 3.6301 13.65376 1.113282 14.123416 13.010134 55.49 3.78 1365.84705 1438.96045 65079.27445 13.603 30623.0 29.177 49557.0 35.095 "" "" 0.0027646505046143035 0.0029757642 0.0038568017 0.006832566
6493.0 98.52659849626 8.12464840752 0.0467 0.0418 5.5223 "" "" 3326029137952235264 1297.91638 0.7488 0.0526 20.688234271112513 3.3627793389206295 3.2165 0.1857958 -0.9810263157894732 0.29785854 3.041 -3.341 0.053 0.043 1.157 "" "" 15.903672 1.107881 16.355076 15.247195 "" "" 1204.29126 1381.81006 8193.66147 5.6367 3920.9 33.849 6313.6 12.506 "" "" 0.0028547629588812394 0.009779597 0.0043484406 0.014128037
6493.0 98.57146748575 7.76348601932 0.0398 0.0437 16.4953 "" "" 3325966083534606592 1472.23328 0.6574 0.0536 31.681022029447334 4.53987830096079 -1.9304999999999999 0.1787958 4.108973684210527 0.29485852 -2.106 1.749 0.046 0.04 0.979 5842.0 4.5681 16.064844 1.113661 16.532604 15.418943 "" "" 1346.96594 1590.06995 7063.32291 3.5657 3329.5 14.115 5389.9 9.3618 "" "" 0.002809306559451268 0.0053824913 0.0042237528 0.009606244
6466.0 98.33574289556 7.82735987966 0.0366 0.0371 18.2932 "" "" 3325991720197377152 1611.19067 0.5937 0.047 43.700881088517484 5.722224773281426 4.2765 0.17479579 -3.802026315789473 0.29185852 4.101 -6.162 0.042 0.037 0.994 6019.8 4.3982 15.670375 1.088143 16.127415 15.039271 "" "" 1490.65845 1762.57812 10157.73367 4.9128 4835.6 16.475 7646.3 17.968 "" "" 0.002804913165296111 0.0046334215 0.0045599556 0.009193378
6466.0 98.33911831826 7.89643402726 0.0375 0.0335 15.5474 "" "" 3326018589512745728 1296.82068 0.7475 0.0417 21.756991361841724 3.53948902618471 1.1425 0.17479579 -3.350026315789473 0.28985852 0.967 -5.71 0.042 0.035 1.08 5429.9 4.4979 15.713901 1.087586 16.169271 15.081685 "" "" 1226.07898 1362.57959 9758.5767 5.4957 4652.7 23.806 7353.3 16.769 "" "" 0.002822350132711547 0.0062166024 0.0045182146 0.010734817
6440.0 98.33251808382 7.87092889473 0.0407 0.0378 16.7468 "" "" 3325994876995602304 1400.26294 0.6804 0.0488 18.136294661342756 2.732502870063094 2.3235 0.1797958 -1.438026315789473 0.29685852 2.148 -3.798 0.047 0.042 1.036 5344.8 4.5205 15.854278 1.122017 16.337141 15.215124 "" "" 1313.60779 1537.16272 8575.02755 4.6591 3986.2 15.856 6502.9 15.12 "" "" 0.002817763526522196 0.005141665 0.0045449575 0.009686623
6440.0 98.55906328076 7.84066630289 0.0701 0.0737 11.8458 "" "" 3325968866673588992 1595.27026 0.5976 0.0924 34.97236363604616 4.625006792388515 -0.017499999999999988 0.21779579 4.624973684210527 0.32485852 -0.193 2.265 0.085 0.07 2.148 6041.0 4.4667 15.667953 1.126019 16.123465 14.997445 "" "" 1381.24194 1983.00415 10180.42119 6.2298 4853.2 18.124 7946.6 18.927 "" "" 0.0028342940860870366 0.004921889 0.004579411 0.0095013
6440.0 98.69504757716 7.90049329911 0.0361 0.0357 11.5878 "" "" 3325974609047478656 1400.51331 0.6798 0.0448 56.37444637701066 8.49213144394379 -2.9155 0.1787958 7.975973684210526 0.2928585 -3.091 5.616 0.046 0.038 0.969 5881.5 4.4955 15.89676 1.130167 16.37961 15.249443 "" "" 1311.59558 1474.84229 8245.99209 3.4937 3833.3 18.067 6300.6 11.607 "" "" 0.0027934563438457324 0.0058284993 0.004276017 0.0101045165
6440.0 98.38750536898 8.23187745404 0.0357 0.0356 15.4268 "" "" 3326045527547123456 1596.84802 0.5829 0.0441 23.483524787375128 3.102568348313325 1.7425 0.1787958 -2.5670263157894726 0.29485852 1.567 -4.927 0.046 0.04 1.042 4840.4 4.2479 15.6883 1.123656 16.169415 15.045758 "" "" 1490.86462 1682.37769 9991.40826 4.4568 4652.1 18.698 7600.7 17.422 "" "" 0.0027975601239065774 0.0051796027 0.0045251795 0.009704782
6440.0 98.62121910518 7.92664693022 0.0324 0.032 7.6637 "" "" 3325975742918864512 1488.67908 0.635 0.0398 35.16107153264626 4.982905772227993 -0.7445 0.1717958 4.926973684210527 0.28685853 -0.92 2.567 0.039 0.032 0.964 5931.6 4.3623 15.54279 1.123845 16.019814 14.895968 "" "" 1404.55762 1574.76648 11424.32714 6.015 5339.4 17.669 8725.1 19.44 "" "" 0.0028139956950608974 0.004549055 0.0044872793 0.009036334
6381.0 98.45734161054 7.9662332233 0.0226 0.0211 7.3828 "" "" 3326020616737226112 1334.92395 0.7082 0.027 45.129557145435975 7.132244212998488 -3.6425 0.1587958 6.131973684210527 0.2768585 -3.818 3.772 0.026 0.022 1.184 5629.2 4.0665 14.298087 1.14473 14.786178 13.641448 79.05 6.9 1298.10669 1375.14185 35951.06701 14.722 16632.0 29.825 27706.0 59.294 "" "" 0.0027909617626550483 0.0034023165 0.004436535 0.007838851
6364.0 98.79997658683 8.29276491809 0.0552 0.0467 20.9683 "" "" 3326126479090488576 1342.88367 0.7204 0.0586 36.95606751048421 5.805892862850903 -1.0725 0.2067958 5.705973684210527 0.31685853 -1.248 3.346 0.074 0.062 1.075 5028.5 4.4774 16.293736 1.147694 16.792343 15.644649 "" "" 1238.75586 1487.10791 5720.74158 4.1767 2621.1 17.429 4378.2 13.323 "" "" 0.0028670807970160766 0.0077400054 0.005019928 0.012759933
6364.0 98.30381571712 8.17698016462 0.0624 0.062 17.2563 "" "" 3326039102276068096 1658.59485 0.6036 0.0782 32.897927406483674 4.184560813043699 -0.7095 0.2077958 4.123973684210527 0.3158585 -0.885 1.764 0.075 0.061 1.014 4925.8 4.8387 16.887003 1.147707 17.393547 16.24584 "" "" 1467.36353 1849.64111 3312.42217 2.5912 1506.6 11.372 2516.6 15.081 "" "" 0.0028832553165487385 0.008657221 0.007524418 0.016181638
6364.0 98.5595295897 7.96511887598 0.0748 0.0621 4.3792 "" "" 3326017902317849856 1472.63354 0.6857 0.0879 24.033816497649966 3.443100597481394 3.4415 0.2287958 0.10497368421052711 0.33885852 3.266 -2.255 0.096 0.084 1.264 "" "" 15.947621 1.146674 16.416384 15.26971 "" "" 1305.57019 1695.67456 7868.61134 8.8305 3705.6 36.041 6184.1 42.088 "" "" 0.003012712348582184 0.010922361 0.00829977 0.019222131
6364.0 98.57312676306 7.99749850552 0.0447 0.0434 2.592 "" "" 3326023876615099136 1414.08472 0.6692 0.0587 30.759030734894154 4.589008634846149 1.0595 0.18779579 -4.465026315789473 0.29785854 0.884 -6.825 0.055 0.043 0.955 5027.0 4.4458 16.015947 1.147839 16.507048 15.359209 "" "" 1303.77209 1517.41504 7388.69652 4.8995 3408.8 23.538 5694.8 13.708 "" "" 0.0028478292598978507 0.0079994565 0.0045950003 0.012594457
6326.0 98.50683277563 8.26910664344 0.032 0.0303 14.1926 "" "" 3326044393676014592 1390.44543 0.6871 0.0407 32.10585134436615 4.871378777929399 0.5155000000000001 0.1727958 -4.844026315789472 0.28785852 0.34 -7.204 0.04 0.033 1.028 5843.4 4.3905 15.470333 1.158403 15.966165 14.807761 "" "" 1324.53333 1466.43799 12212.75218 4.9182 5609.8 13.932 9463.5 15.066 "" "" 0.0027897967008602767 0.0038801834 0.004155894 0.008036077
6326.0 98.47254983786 7.67765292249 0.0418 0.042 22.2177 "" "" 3325941864217021824 1542.71179 0.628 0.0527 42.658118232293845 5.83362560714833 -0.35150000000000003 0.18079579 -5.823026315789473 0.29685852 -0.527 -8.183 0.048 0.042 0.981 5598.5 4.6084 16.175901 1.159749 16.652222 15.492473 "" "" 1441.17639 1670.74512 6376.5566 3.7345 2982.1 33.167 5037.0 38.828 "" "" 0.002827741889983818 0.012393743 0.0091832215 0.021576963
