ds9regions/Basel_8_runaways_all.tsv
# %ECSV 1.0
# ---
# datatype:
# - {name: Temp. Est, unit: K, datatype: float64}
# - name: RA_ICRS_1
#   unit: deg
#   datatype: float64
#   format: '{:15.11f}'
#   description: Right ascension (ICRS) at Ep=2016.0 (ra)
#   meta: !!omap
#   - {ucd: POS_EQ_RA_MAIN}
#   - {width: 15}
#   - {precision: '11'}
# - name: DE_ICRS_1
#   unit: deg
#   datatype: float64
#   format: '{:15.11f}'
#   description: Declination (ICRS) at Ep=2016.0 (dec)
#   meta: !!omap
#   - {ucd: POS_EQ_DEC_MAIN}
#   - {width: 15}
#   - {precision: '11'}
# - name: e_RA_ICRS
#   unit: mas
#   datatype: float64
#   format: '{:7.4f}'
#   description: Standard error of right ascension (ra_error)
#   meta: !!omap
#   - {ucd: ERROR}
#   - {width: 7}
#   - {precision: '4'}
# - name: e_DE_ICRS
#   unit: mas
#   datatype: float64
#   format: '{:7.4f}'
#   description: Standard error of declination (dec_error)
#   meta: !!omap
#   - {ucd: ERROR}
#   - {width: 7}
#   - {precision: '4'}
# - name: _r_1
#   unit: ''
#   datatype: float64
#   format: '{:7.4f}'
#   description: Distance from center (098.55820660000+08.03809416000)[ICRS], at Epoch=J2016.0
#   meta: !!omap
#   - {ucd: POS_ANG_DIST_GENERAL}
#   - {width: 7}
#   - {precision: '4'}
# - name: HIP
#   datatype: int32
#   description: '? HIP cross-id number, van Leeuwen, Cat. I/311 (hip_original_ext_source_id)'
#   meta: !!omap
#   - {ucd: ID_NUMBER}
#   - {width: 6}
#   - values: {'null': -2147483648}
# - name: TYC2
#   datatype: string
#   description: Tycho-2 cross-id name, Hog et al., Cat. I/259 (tyc2_original_ext_source_id)
#   meta: !!omap
#   - {ucd: ID_CROSSID}
#   - {_votable_string_dtype: char}
# - name: Source
#   datatype: int64
#   description: Source identifier, identical to the Gaia-EDR3 source_id (id)
#   meta: !!omap
#   - {ucd: ID_MAIN}
#   - {width: 19}
# - name: rgeo
#   unit: pc
#   datatype: float64
#   format: '{:15.8f}'
#   description: '? Median of the geometric distance posterior (r_med_geo)'
#   meta: !!omap
#   - {ucd: PHYS_DISTANCE_TRUE}
#   - {width: 15}
#   - {precision: '8'}
#   - values: {'null': .nan}
# - name: Plx
#   unit: mas
#   datatype: float64
#   format: '{:9.4f}'
#   description: '? Parallax (parallax)'
#   meta: !!omap
#   - {ucd: POS_PARLX_TRIG}
#   - {width: 9}
#   - {precision: '4'}
#   - values: {'null': .nan}
# - name: e_Plx
#   unit: mas
#   datatype: float32
#   format: '{:7.4f}'
#   description: '? Standard error of parallax (parallax_error)'
#   meta: !!omap
#   - {ucd: ERROR}
#   - {width: 7}
#   - {precision: '4'}
#   - values: {'null': .nan}
# - name: v_pec
#   unit: km / s
#   datatype: float64
#   format: '{:9.3f}'
#   description: '? Proper motion in right ascension direction, pmRA*cosDE (pmra)'
#   meta: !!omap
#   - {ucd: POS_EQ_PMRA}
#   - {width: 9}
#   - {precision: '3'}
#   - values: {'null': .nan}
# - name: "\xB5_pec"
#   unit: mas / yr
#   datatype: float64
#   format: '{:9.3f}'
#   description: '? Proper motion in right ascension direction, pmRA*cosDE (pmra)'
#   meta: !!omap
#   - {ucd: POS_EQ_PMRA}
#   - {width: 9}
#   - {precision: '3'}
#   - values: {'null': .nan}
# - name: rmRA
#   unit: mas / yr
#   datatype: float64
#   format: '{:9.3f}'
#   description: '? Proper motion in right ascension direction, pmRA*cosDE (pmra)'
#   meta: !!omap
#   - {ucd: POS_EQ_PMRA}
#   - {width: 9}
[...]
#   meta: !!omap
#   - {ucd: ID_CROSSID}
#   - {_votable_string_dtype: char}
# - name: e_Gmag
#   unit: ''
#   datatype: float64
#   format: '{:11.4g}'
#   description: '? Error on G-band mean flux (phot_g_mean_flux_error)'
#   meta: !!omap
#   - {ucd: ERROR}
#   - {width: 11}
#   - {precision: E4}
#   - values: {'null': .nan}
# - name: e_BPmag
#   unit: ''
#   datatype: float32
#   format: '{:11.4g}'
#   description: '? Error on the integrated BP mean flux (phot_bp_mean_flux_error)'
#   meta: !!omap
#   - {ucd: ERROR}
#   - {width: 11}
#   - {precision: E4}
#   - values: {'null': .nan}
# - name: e_RPmag
#   unit: ''
#   datatype: float32
#   format: '{:11.4g}'
#   description: '? Error on the integrated RP mean flux (phot_rp_mean_flux_error)'
#   meta: !!omap
#   - {ucd: ERROR}
#   - {width: 11}
#   - {precision: E4}
#   - values: {'null': .nan}
# - name: e_BP-RP
#   unit: ''
#   datatype: float32
#   format: '{:11.4g}'
#   description: '? Error on the integrated BP mean flux (phot_bp_mean_flux_error)'
#   meta: !!omap
#   - {ucd: ERROR}
#   - {width: 11}
#   - {precision: E4}
#   - values: {'null': .nan}
# meta: !!omap
# - {ID: I_352_gedr3dis}
# - {description: Estimating distances from parallaxes (1467744818 sources)}
# - {name: I/352/gedr3dis}
# schema: astropy-2.0
"Temp. Est" RA_ICRS_1 DE_ICRS_1 e_RA_ICRS e_DE_ICRS _r_1 HIP TYC2 Source rgeo Plx e_Plx v_pec µ_pec rmRA e_rmRA rmDE e_rmDE pmRA pmDE e_pmRA e_pmDE RUWE Teff logg Gmag BP-RP BPmag RPmag RV e_RV b_rgeo B_rgeo FG e_FG FBP e_FBP FRP e_FRP RAVE5 RAVE6 e_Gmag e_BPmag e_RPmag e_BP-RP
12870.0 98.69055275937 8.0756947256 0.0356 0.0302 8.1797 "" 733-1687-1 3326026144355977472 1458.14001 0.6601 0.0421 22.47351006296273 3.251571739483586 -1.2275 0.1717958 3.0109736842105272 0.2858585 -1.403 0.651 0.039 0.031 1.529 "" "" 9.317637 0.32939 9.419267 9.089877 "" "" 1378.0708 1536.19507 3530953.30802 1619.6 2331900.0 5770.1 1833200.0 2215.7 "" "" 0.0027999652991254295 0.0038733308 0.0040007248 0.007874056
8818.0 98.63552815367 8.21767612243 0.0173 0.0152 11.7129 "" "" 3326125207780262400 1418.56482 0.662 0.0179 19.415550385080575 2.8875012395819435 -1.5905 0.1537958 2.409973684210527 0.27285853 -1.766 0.05 0.021 0.018 1.038 8546.7 4.1527 13.86102 0.51922 14.05301 13.53379 "" "" 1387.90894 1459.88257 53769.85688 22.198 32675.0 39.508 30594.0 34.314 "" "" 0.002791540437225431 0.003083578 0.003970724 0.007054302
7553.0 98.33306037689 7.89718065332 0.0215 0.0198 15.8261 "" "" 3326018585215145472 1506.78735 0.6203 0.0244 33.8590004229831 4.7407147626933686 -0.6985 0.1577958 4.688973684210527 0.27585852 -0.874 2.329 0.025 0.021 1.096 7832.5 4.1386 14.23753 0.733064 14.520638 13.787575 "" "" 1453.95251 1548.95679 38013.22464 12.321 21240.0 28.266 24217.0 29.672 "" "" 0.0027777027029168154 0.003142093 0.0040066736 0.007148767
7290.0 98.36320523715 7.82855159479 0.0256 0.0282 17.0983 "" "" 3325991582758409344 1524.10559 0.6172 0.037 20.139185573873494 2.7877158614853004 -2.4655 0.1627958 -1.301026315789473 0.28085852 -2.641 -3.661 0.03 0.026 1.354 7354.5 4.3413 14.381264 0.803342 14.697689 13.894347 "" "" 1439.83008 1619.30029 33299.774 21.015 18044.0 39.046 21949.0 49.74 "" "" 0.002839238928206086 0.003647603 0.0045097186 0.008157322
7262.0 98.36365759412 7.971046526 0.0248 0.0227 12.2392 "" "" 3326020135700928768 1335.3407 0.7173 0.0308 22.220357964179726 3.510594137473163 2.7635 0.1607958 -2.1650263157894734 0.27785853 2.588 -4.525 0.028 0.023 1.054 5959.6 4.2708 14.789202 0.915918 15.161655 14.245737 "" "" 1276.49268 1390.25024 22869.99368 7.1676 11769.0 20.427 15880.0 18.822 "" "" 0.0027762524267281293 0.0033669388 0.0039924677 0.0073594064
7262.0 98.18158926069 8.05062435879 0.0404 0.0415 22.3873 "" "" 3326036078619139200 1317.54333 0.7102 0.0513 35.02255523924073 5.607955780867588 -4.1625 0.1797958 -3.7580263157894733 0.29885852 -4.338 -6.118 0.047 0.044 2.686 5528.3 4.1304 13.966964 0.922214 14.342605 13.420391 55.75 5.19 1237.38098 1420.96326 48770.9442 13.531 25025.0 18.581 33963.0 32.778 "" "" 0.002771737136351586 0.0029042962 0.0039219544 0.006826251
7244.0 98.77386595924 7.94350335435 0.0175 0.0157 14.0145 "" "" 3325975090084421504 1461.93433 0.6442 0.019 35.590578153134174 5.136045195546135 -0.9145000000000001 0.1547958 5.053973684210527 0.27485853 -1.09 2.694 0.022 0.02 0.946 "" "" 14.03713 0.841124 14.374509 13.533385 "" "" 1422.38049 1502.24414 45718.78993 11.649 24300.0 31.385 30606.0 23.956 "" "" 0.002769173204324468 0.0031227372 0.0038737499 0.0069964873
7244.0 98.34018133622 7.7345729089 0.0433 0.0459 22.3507 "" "" 3325989796052080512 1267.82886 0.7515 0.06 34.90770569102099 5.808745252512564 1.5825 0.18179579 -5.589026315789473 0.29785854 1.407 -7.949 0.049 0.043 2.644 6297.8 4.1324 13.74966 0.836098 14.055845 13.219748 -1.13 5.48 1190.28296 1368.72156 59577.52507 90.476 32590.0 37.063 40856.0 26.641 "" "" 0.0032109845197567555 0.0030511746 0.0038451212 0.0068962956
7181.0 98.33612107461 8.17138515279 0.0185 0.0179 15.4269 "" "" 3326044737273155968 1504.06567 0.6275 0.0221 49.534517505476245 6.948047786260989 1.7995 0.1557958 6.710973684210527 0.27385852 1.624 4.351 0.023 0.019 0.992 6856.0 4.1772 14.609025 0.930546 14.987108 14.056562 74.7 7.61 1456.16089 1553.33142 26998.32869 6.495 13822.0 18.12 18903.0 22.828 "" "" 0.0027676728069219144 0.0031322471 0.004000364 0.0071326112
7181.0 98.51013309511 7.96540466627 0.0241 0.0241 5.2135 "" "" 3326018035459502208 1347.15076 0.7061 0.0326 22.72143308856682 3.5582886688255795 -2.6325 0.1637958 -2.3940263157894726 0.2788585 -2.808 -4.754 0.031 0.024 1.144 5945.8 4.1811 14.507458 0.937076 14.88445 13.947374 15.41 8.76 1295.57141 1396.38916 29645.83535 8.256 15193.0 21.884 20903.0 33.313 "" "" 0.0027718610138315744 0.0031985645 0.0041566542 0.0073552188
7100.0 98.68173943883 8.08300665062 0.0223 0.0188 7.8179 "" "" 3326026144356607616 1385.02039 0.6823 0.0248 20.947094181768264 3.1907242764907244 -0.4625 0.1577958 -3.1570263157894733 0.27585852 -0.638 -5.517 0.025 0.021 1.061 6565.1 4.1218 14.395787 0.958085 14.78691 13.828825 34.6 7.8 1339.78186 1432.25354 32857.28631 10.827 16621.0 27.983 23315.0 20.112 "" "" 0.0027784504499262404 0.0033356266 0.003893701 0.007229327
7100.0 98.51551641238 8.18549464709 0.0166 0.0155 9.2004 "" "" 3326042538250175488 1365.35596 0.6909 0.0188 32.99795934261777 5.098739817285908 -1.6715 0.1537958 4.816973684210527 0.2718585 -1.847 2.457 0.021 0.017 0.989 5982.7 3.8516 13.942907 0.962757 14.338059 13.375302 88.65 5.37 1332.18958 1394.44226 49863.60627 12.93 25130.0 35.693 35403.0 17.403 "" "" 0.0027696667351260295 0.0031879689 0.0038168805 0.0070048496
7100.0 98.90775348563 8.2710065384 0.0254 0.0247 25.026 "" "" 3326123455433483904 1388.47644 0.6808 0.0315 28.710931125847363 4.362449582053148 2.5865 0.1647958 3.512973684210527 0.28285852 2.411 1.153 0.032 0.028 1.043 6134.4 4.3001 15.12962 0.962506 15.5221 14.559594 "" "" 1336.67871 1459.97156 16714.70566 5.9412 8444.6 21.48 11894.0 26.193 "" "" 0.002782215901028846 0.00392583 0.00447221 0.00839804
7087.0 98.41843742545 8.3724196464 0.0192 0.0179 21.709 "" "" 3326236670772061056 1520.68323 0.6181 0.023 39.476236449408 5.476696107206655 -2.3645 0.1557958 4.939973684210527 0.27385852 -2.54 2.58 0.023 0.019 1.027 7149.4 4.2531 14.371912 0.86629 14.71915 13.852859 "" "" 1469.75732 1580.71863 33587.83697 9.9211 17691.0 19.487 22804.0 29.228 "" "" 0.0027739213000452074 0.003035683 0.0040274384 0.0070631215
7087.0 98.36819074337 7.99773344062 0.0325 0.0312 11.5463 "" "" 3326021853687832576 1316.61633 0.7243 0.0404 27.749595446188916 4.4465079897964985 -0.9215 0.1687958 4.349973684210527 0.28385854 -1.097 1.99 0.036 0.029 0.956 5957.9 4.3701 15.360593 0.871325 15.709597 14.838272 "" "" 1242.33313 1402.13464 13511.69278 5.6302 7105.2 13.872 9201.3 14.532 "" "" 0.002792215970035922 0.0035040602 0.004150192 0.007654252
7045.0 98.70624872796 8.27649595055 0.2533 0.2141 16.7904 "" "" 3326125684521353088 1308.75476 0.9716 0.2606 24.159245350985493 3.894455524157375 -1.8125 0.4587958 3.446973684210527 0.5168585 -1.988 1.087 0.326 0.262 12.012 6986.0 3.7567 14.307072 0.878642 14.571004 13.692362 36.54 12.5 946.906189 1894.39661 35654.82104 193.38 20278.0 24.148 26437.0 23.049 "" "" 0.006501406269212316 0.003075184 0.0038961223 0.006971306
7030.0 98.74227650712 8.42661719334 0.0213 0.0202 25.7467 "" "" 3326146918839800960 1325.90051 0.7108 0.0254 34.22432550680094 5.4455985063900725 2.1575 0.1607958 4.999973684210527 0.2788585 1.982 2.64 0.028 0.024 1.097 6555.1 4.2038 14.649892 0.980099 15.050842 14.070744 "" "" 1285.72693 1367.21033 26000.99011 8.2018 13034.0 18.213 18658.0 20.632 "" "" 0.002776524173778339 0.0031759704 0.003965499 0.007141469
7030.0 98.64497587702 8.33281021418 0.03 0.027 18.4185 "" "" 3326138054027599360 1370.11731 0.6888 0.0312 40.513030846352684 6.238190597833883 -1.4515 0.17379579 6.066973684210527 0.28985852 -1.627 3.707 0.041 0.035 1.019 6009.2 4.2859 15.252418 0.982632 15.655261 14.672629 "" "" 1307.3042 1432.56702 14927.24524 5.0655 7469.9 23.187 10718.0 15.941 "" "" 0.0027798448777719533 0.0043752957 0.004109914 0.008485209
7030.0 98.36140015374 8.26280679871 0.0187 0.0183 17.8443 "" "" 3326046455260058752 1413.51404 0.6636 0.0227 27.03082093876759 4.034416834941693 0.20950000000000002 0.1567958 4.028973684210527 0.27385852 0.034 1.669 0.024 0.019 1.023 6946.2 4.0949 14.388288 0.983954 14.792927 13.808972 58.24 9.26 1369.42725 1461.23511 33085.03827 7.7197 16529.0 22.355 23745.0 21.447 "" "" 0.0027669418865207507 0.003152987 0.0039045387 0.0070575257
7030.0 98.53055641963 7.98223990614 0.0283 0.0278 3.7323 "" "" 3326018142836022784 1573.15173 0.5945 0.0378 38.08685490004149 5.107709130959005 4.8955 0.1687958 1.456973684210527 0.28485852 4.72 -0.903 0.036 0.03 1.024 5530.6 4.2065 15.058435 0.979219 15.454289 14.47507 "" "" 1485.2522 1654.32751 17847.29623 6.9374 8988.8 31.888 12857.0 43.785 "" "" 0.0027874545839697298 0.0047560977 0.0052872817 0.010043379
7030.0 98.62661528904 8.12581718489 0.024 0.0196 6.6496 "" "" 3326029481549577856 1302.75806 0.7298 0.0254 18.92261204826129 3.0643542872946234 -0.7815 0.1617958 -2.9630263157894734 0.2768585 -0.957 -5.323 0.029 0.022 1.16 "" "" 13.946069 0.979038 14.347532 13.368494 81.96 7.69 1260.62122 1362.8512 49718.64292 17.562 24912.0 22.588 35625.0 30.21 "" "" 0.002781882619520963 0.002958748 0.003889913 0.006848661
7030.0 98.46372216473 7.99005835968 0.0351 0.0326 6.3103 "" "" 3326021093476273024 1332.07861 0.7197 0.0428 20.610799737263928 3.264274310931651 1.6075 0.1717958 -2.8410263157894726 0.2858585 1.432 -5.201 0.039 0.031 1.012 5955.1 4.4104 15.333262 0.978029 15.736141 14.758112 "" "" 1241.74231 1409.64319 13856.13257 5.8573 6933.6 19.42 9906.3 20.665 "" "" 0.0027932845245283626 0.004127064 0.004406073 0.008533137
7030.0 98.47860519685 8.22572840312 0.1179 0.1126 12.2106 "" "" 3326043672122604416 1518.63135 0.6918 0.1355 30.561171003076595 4.245602088373071 4.1705000000000005 0.27879578 -0.7950263157894728 0.3738585 3.995 -3.155 0.146 0.119 6.224 5570.2 4.5694 14.72085 0.984591 15.10462 14.120029 33.31 11.4 1186.56348 2224.95752 24356.03593 29.206 12404.0 25.813 17830.0 24.45 "" "" 0.003047429683337849 0.0035902818 0.0040620696 0.0076523516
6989.0 98.37804139095 8.0365369626 0.0198 0.018 10.7041 "" "" 3326033810876759808 1489.21497 0.6212 0.0225 55.578308835018746 7.8735319258598695 5.7205 0.1567958 -5.410026315789473 0.27385852 5.545 -7.77 0.024 0.019 1.022 7175.2 4.0681 14.505286 0.890604 14.863234 13.97263 "" "" 1443.13025 1550.20581 29705.18112 18.142 15493.0 44.228 20422.0 33.804 "" "" 0.002833987906411977 0.0041703363 0.004184928 0.008355264
6961.0 98.68059043618 8.1187156533 0.032 0.0282 8.7324 "" "" 3326026801489968000 1406.62305 0.6754 0.0369 22.779105924149327 3.416493529946486 0.05650000000000002 0.1717958 -3.416026315789473 0.2858585 -0.119 -5.776 0.039 0.031 1.049 6543.8 4.3408 15.155847 0.992193 15.561425 14.569232 "" "" 1343.32288 1495.15356 16315.79489 6.9192 8144.2 24.701 11789.0 18.035 "" "" 0.0027935270386715925 0.004316113 0.0041282647 0.008444378
6961.0 98.39878715154 8.42086697013 0.0374 0.0344 24.8409 "" "" 3326330885174984576 1389.04407 0.6804 0.0439 33.56061127140512 5.09724485313368 -1.1665 0.1797958 4.961973684210527 0.29185852 -1.342 2.602 0.047 0.037 0.896 5731.6 4.538 15.766261 0.996408 16.167019 15.17061 "" "" 1325.01135 1470.66931 9299.12863 6.3503 4662.4 22.688 6775.1 25.282 "" "" 0.0028533354772578598 0.0059748674 0.00554064 0.0115155075
6961.0 98.6175611158 8.00558590969 0.0361 0.036 4.0299 "" "" 3326023571674636416 1582.35339 0.5964 0.0466 21.93843180672117 2.9249857648160846 -2.7425 0.17479579 1.016973684210527 0.28985852 -2.918 -1.343 0.042 0.035 1.182 6936.8 4.4651 15.359361 0.99187 15.765822 14.773953 "" "" 1488.60315 1757.0293 13527.03511 5.554 6746.6 13.035 9762.9 23.051 "" "" 0.002791149511466988 0.0034907786 0.004566762 0.00805754
6961.0 98.57488017757 7.93157985709 0.0274 0.0274 6.4672 "" "" 3326016832868575360 1373.73572 0.6893 0.0356 37.915845189744694 5.822898350311547 -1.8295 0.16779579 -5.528026315789473 0.28285852 -2.005 -7.888 0.035 0.028 1.038 5917.5 4.2844 15.172419 1.001059 15.585241 14.584182 "" "" 1319.3833 1425.79016 16068.64425 5.5507 7967.5 14.531 11627.0 28.373 "" "" 0.002780729093204268 0.0034214086 0.0046155727 0.008036981
6961.0 98.36157852342 8.21816579473 0.0327 0.0331 15.9102 "" "" 3326045115230267904 1345.79614 0.7039 0.0412 38.48999705489209 6.033790930048424 4.9935 0.17379579 3.3869736842105267 0.28785852 4.818 1.027 0.041 0.033 1.084 5770.0 4.4644 15.547587 0.995795 15.942694 14.946898 "" "" 1282.30652 1429.40393 11373.95853 4.7325 5732.4 35.155 8325.3 18.25 "" "" 0.002792108933118272 0.007219443 0.0044663628 0.011685805
6896.0 98.57820165544 8.08599396814 0.0431 0.038 3.1098 "" "" 3326027832282173696 1477.14636 0.6374 0.0487 32.27985120546003 4.610304960589906 -0.7495 0.18079579 4.548973684210527 0.29385853 -0.925 2.189 0.048 0.039 1.246 5809.5 4.4985 15.591251 1.009628 16.006271 14.996643 "" "" 1381.58472 1591.00281 10925.61933 5.878 5406.4 20.266 7952.4 15.449 "" "" 0.0028165572232698075 0.004934488 0.004328121 0.009262608
6896.0 98.47671642177 8.23418875694 0.0255 0.024 12.7224 "" "" 3326043873983266176 1462.06921 0.6413 0.0292 24.805285104826993 3.5792987608068674 1.8065 0.1637958 3.089973684210527 0.27985853 1.631 0.73 0.031 0.025 1.059 6807.7 4.2336 14.981045 1.009847 15.395612 14.385765 "" "" 1414.87817 1530.67395 19165.89052 7.352 9487.9 17.293 13959.0 16.859 "" "" 0.0027866198743670173 0.003420688 0.004000404 0.007421092
6896.0 98.6243196969 8.30177073939 0.0287 0.0257 16.3006 "" "" 3326137920883427584 1348.93323 0.7047 0.0313 26.652031754718088 4.168324557794603 -2.9805 0.17379579 -2.914026315789473 0.28685853 -3.156 -5.274 0.041 0.032 1.006 6180.7 4.2144 15.043913 1.003384 15.451129 14.447745 "" "" 1289.49329 1413.05896 18087.63214 7.8471 9015.0 17.817 13184.0 18.835 "" "" 0.0027952928188152643 0.0035198848 0.004085299 0.007605184
6896.0 98.62169596194 8.06358263706 0.0469 0.0451 4.0701 "" "" 3326024774265451136 1586.73486 0.62 0.0604 21.647150645726985 2.8781805543301315 1.1465 0.18779579 2.639973684210527 0.29885852 0.971 0.28 0.055 0.044 1.088 5341.9 4.5574 16.038206 1.011188 16.446314 15.435126 "" "" 1444.80566 1750.72717 7238.76349 4.389 3604.9 20.843 5310.2 14.558 "" "" 0.002832869845969926 0.0068697087 0.0048107854 0.011680494
6896.0 98.5786271972 8.07705875534 0.0404 0.0373 2.6339 "" "" 3326027832282177792 1510.21643 0.634 0.0476 17.83240323668596 2.491106779633227 0.5165000000000001 0.18079579 2.436973684210527 0.29385853 0.341 0.077 0.048 0.039 0.99 5790.4 4.5523 15.806354 1.004278 16.223637 15.219358 "" "" 1414.53503 1608.35986 8962.00195 4.8215 4425.5 16.857 6477.6 19.854 "" "" 0.002816555439377108 0.0049888403 0.0050356756 0.010024516
6896.0 98.57781044304 7.9907788408 0.0369 0.0339 3.0686 "" "" 3326023807906146816 1576.46326 0.6017 0.0449 26.184951891200956 3.504205644373764 -2.0375 0.18079579 2.850973684210527 0.2908585 -2.213 0.491 0.048 0.036 1.018 "" "" 15.328727 1.010121 15.74295 14.732829 "" "" 1477.56787 1677.04968 13914.12922 6.7565 6890.3 18.298 10140.0 21.215 "" "" 0.002805307105608443 0.0040122895 0.004409516 0.008421806
6840.0 98.48953440223 7.86988260848 0.0241 0.0251 10.8864 "" "" 3326014844301214720 1356.40613 0.7007 0.0317 18.125120459596513 2.819115153854578 -2.7755 0.1607958 0.4939736842105269 0.27785853 -2.951 -1.866 0.028 0.023 1.015 6201.3 3.9528 14.846016 0.941721 15.226213 14.284492 "" "" 1300.34644 1420.52991 21704.02959 7.0163 11090.0 36.329 15324.0 22.274 "" "" 0.0027775856203827126 0.00452052 0.004095645 0.008616165
6834.0 98.58884077638 8.31453713058 0.0282 0.0268 16.6861 "" "" 3326138363265233792 1356.55029 0.7083 0.029 57.64542508492346 8.965006439552559 -4.5424999999999995 0.1687958 7.728973684210526 0.2858585 -4.718 5.369 0.036 0.031 0.935 6001.8 4.172 15.084146 1.033425 15.515291 14.481866 "" "" 1302.53955 1405.3219 17429.63266 6.2515 8497.7 16.659 12776.0 21.491 "" "" 0.00278270350297302 0.0035093478 0.0041975365 0.0077068843
6834.0 98.53896534155 8.43102689244 0.0376 0.0338 23.6036 "" "" 3326143315361885952 1524.09814 0.6218 0.0423 29.95697156465671 4.146738342634061 -0.37250000000000005 0.18779579 4.129973684210527 0.30385852 -0.548 1.77 0.055 0.049 0.909 6041.8 4.4104 15.710987 1.028995 16.141169 15.112173 "" "" 1441.6377 1624.89856 9784.79738 5.4586 4774.7 15.635 7149.7 18.652 "" "" 0.0028211088995718594 0.0045194244 0.0047229743 0.009242399
