Clusters/NGC_6823/NGC_6823_stars_in_region.tsv
# %ECSV 1.0
# ---
# datatype:
# - name: RA_ICRS_1
#   unit: deg
#   datatype: float64
#   format: '{:15.11f}'
#   description: Right ascension (ICRS) at Ep=2016.0 (ra)
#   meta: !!omap
#   - {ucd: POS_EQ_RA_MAIN}
#   - {width: 15}
#   - {precision: '11'}
# - name: DE_ICRS_1
#   unit: deg
#   datatype: float64
#   format: '{:15.11f}'
#   description: Declination (ICRS) at Ep=2016.0 (dec)
#   meta: !!omap
#   - {ucd: POS_EQ_DEC_MAIN}
#   - {width: 15}
#   - {precision: '11'}
# - name: e_RA_ICRS
#   unit: mas
#   datatype: float64
#   format: '{:7.4f}'
#   description: Standard error of right ascension (ra_error)
#   meta: !!omap
#   - {ucd: ERROR}
#   - {width: 7}
#   - {precision: '4'}
# - name: e_DE_ICRS
#   unit: mas
#   datatype: float64
#   format: '{:7.4f}'
#   description: Standard error of declination (dec_error)
#   meta: !!omap
#   - {ucd: ERROR}
#   - {width: 7}
#   - {precision: '4'}
# - name: _r_1
#   unit: ''
#   datatype: float64
#   format: '{:7.4f}'
#   description: Distance from center (295.79560642000+23.33150608000)[ICRS], at Epoch=J2016.0
#   meta: !!omap
#   - {ucd: POS_ANG_DIST_GENERAL}
#   - {width: 7}
#   - {precision: '4'}
# - name: HIP
#   datatype: int32
#   description: '? HIP cross-id number, van Leeuwen, Cat. I/311 (hip_original_ext_source_id)'
#   meta: !!omap
#   - {ucd: ID_NUMBER}
#   - {width: 6}
#   - values: {'null': -2147483648}
# - name: TYC2
#   datatype: string
#   description: Tycho-2 cross-id name, Hog et al., Cat. I/259 (tyc2_original_ext_source_id)
#   meta: !!omap
#   - {ucd: ID_CROSSID}
#   - {_votable_string_dtype: char}
# - name: Source
#   datatype: int64
#   description: Source identifier, identical to the Gaia-EDR3 source_id (id)
#   meta: !!omap
#   - {ucd: ID_MAIN}
#   - {width: 19}
# - name: rgeo
#   unit: pc
#   datatype: float64
#   format: '{:15.8f}'
#   description: '? Median of the geometric distance posterior (r_med_geo)'
#   meta: !!omap
#   - {ucd: PHYS_DISTANCE_TRUE}
#   - {width: 15}
#   - {precision: '8'}
#   - values: {'null': .nan}
# - name: Plx
#   unit: mas
#   datatype: float64
#   format: '{:9.4f}'
#   description: '? Parallax (parallax)'
#   meta: !!omap
#   - {ucd: POS_PARLX_TRIG}
#   - {width: 9}
#   - {precision: '4'}
#   - values: {'null': .nan}
# - name: e_Plx
#   unit: mas
#   datatype: float32
#   format: '{:7.4f}'
#   description: '? Standard error of parallax (parallax_error)'
#   meta: !!omap
#   - {ucd: ERROR}
#   - {width: 7}
#   - {precision: '4'}
#   - values: {'null': .nan}
# - name: pmRA
#   unit: mas / yr
#   datatype: float64
#   format: '{:9.3f}'
#   description: '? Proper motion in right ascension direction, pmRA*cosDE (pmra)'
#   meta: !!omap
#   - {ucd: POS_EQ_PMRA}
#   - {width: 9}
#   - {precision: '3'}
#   - values: {'null': .nan}
# - name: pmDE
#   unit: mas / yr
#   datatype: float64
#   format: '{:9.3f}'
#   description: '? Proper motion in declination direction (pmdec)'
#   meta: !!omap
#   - {ucd: POS_EQ_PMDEC}
#   - {width: 9}
#   - {precision: '3'}
#   - values: {'null': .nan}
# - name: e_pmRA
#   unit: mas / yr
#   datatype: float32
#   format: '{:6.3f}'
#   description: '? Standard error of proper motion in right ascension direction (pmra_error)'
#   meta: !!omap
#   - {ucd: ERROR}
#   - {width: 6}
#   - {precision: '3'}
#   - values: {'null': .nan}
# - name: e_pmDE
[...]
#         value: !astropy.table.SerializedColumn {name: SkyCoord.dec}
#       distance: !astropy.table.SerializedColumn
#         __class__: astropy.coordinates.distances.Distance
#         unit: !astropy.units.Unit {unit: pc}
#         value: !astropy.table.SerializedColumn {name: SkyCoord.distance}
#       frame: icrs
#       obstime: !astropy.time.Time {format: jyear_str, in_subfmt: '*', jd1: 367701545.0, jd2: 0.0, out_subfmt: '*', precision: 3, scale: tt}
#       pm_dec: !astropy.table.SerializedColumn
#         __class__: astropy.units.quantity.Quantity
#         unit: !astropy.units.Unit {unit: mas / yr}
#         value: !astropy.table.SerializedColumn {name: SkyCoord.pm_dec}
#       pm_ra_cosdec: !astropy.table.SerializedColumn
#         __class__: astropy.units.quantity.Quantity
#         unit: !astropy.units.Unit {unit: mas / yr}
#         value: !astropy.table.SerializedColumn {name: SkyCoord.pm_ra_cosdec}
#       ra: !astropy.table.SerializedColumn
#         __class__: astropy.coordinates.angles.Longitude
#         unit: *id001
#         value: !astropy.table.SerializedColumn {name: SkyCoord.ra}
#         wrap_angle: !astropy.coordinates.Angle
#           unit: *id001
#           value: 360.0
#       representation_type: spherical
# schema: astropy-2.0
RA_ICRS_1 DE_ICRS_1 e_RA_ICRS e_DE_ICRS _r_1 HIP TYC2 Source rgeo Plx e_Plx pmRA pmDE e_pmRA e_pmDE RUWE Teff logg Gmag BP-RP BPmag RPmag RV e_RV b_rgeo B_rgeo FG e_FG FBP e_FBP FRP e_FRP RAVE5 RAVE6 e_Gmag e_BPmag e_RPmag e_BP-RP SkyCoord.ra SkyCoord.dec SkyCoord.distance SkyCoord.pm_ra_cosdec SkyCoord.pm_dec rmRA rmDE e_rmRA e_rmDE rRV e_rRV v_pec v_pec3d e_vpec e_vpec3d
[from data line 463]
295.87262104086 23.30712591427 0.0208 0.0244 4.4885 "" "" 2020087706767531520 2075.29834 0.4578 0.0362 2.116 -0.574 0.024 0.035 0.985 6422.5 4.0318 15.867614 1.589901 16.60702 15.017118 "" "" 1939.96838 2238.63892 8470.35105 2.1311 3108.9 7.1457 7803.9 9.0049 "" "" 0.002768828107715271 0.0037433547 0.003981621 0.0077249757 295.87262104086 23.30712591427 2075.29834 2.1159999999999988 -0.5739999999999998 3.835842076301575 4.76629483795166 0.19255112 0.20355111 "" "" 60.18330739863535 "" 11.994509646697399 ""
295.90307567913 23.25279761109 0.0201 0.0245 7.5749 "" "" 2020085129787111552 2453.56982 0.3739 0.0338 -1.366 -5.3 0.023 0.033 0.995 6341.8 3.9789 15.868859 1.378059 16.486704 15.108645 "" "" 2270.39551 2650.85669 8460.63301 1.9717 3473.2 7.613 7173.0 10.035 "" "" 0.0027669135709110855 0.003667254 0.0040731938 0.0077404478 295.90307567913 23.25279761109 2453.56982 -1.3660000000000014 -5.3 0.3538420763015746 0.040294837951660334 0.19155112 0.20155111 "" "" 4.141752513409948 "" 0.7939012173011406 ""
295.95915762056 23.33344523023 0.0188 0.0232 9.0113 "" "" 2020087569328443264 1688.57812 0.5644 0.0348 0.164 -1.844 0.021 0.032 0.981 6209.6 4.1386 15.870573 1.247209 16.413912 15.166703 "" "" 1590.63428 1786.74414 8447.2955 1.8356 3714.1 10.152 6799.5 11.616 "" "" 0.0027654028189730137 0.0040733754 0.0042100023 0.008283378 295.95915762056 23.33344523023 1688.57812 0.16399999999999998 -1.844 1.8838420763015746 3.49629483795166 0.18955112 0.20055112 "" "" 31.787458416867384 "" 6.298030347260108 ""
295.65513534824 23.54892554421 0.0187 0.0248 15.1648 "" "" 2020109009805240448 2196.06934 0.4273 0.0368 -1.927 -5.489 0.021 0.035 1.019 8415.6 2.9753 15.870884 1.652484 16.642881 14.990397 "" "" 2049.16895 2428.32764 8444.87675 2.2397 3007.9 5.9221 7998.3 7.6352 "" "" 0.0027703259818450663 0.0035149106 0.003918922 0.0074338326 295.65513534824 23.54892554421 2196.06934 -1.927 -5.489 -0.20715792369842534 -0.14870516204833972 0.18955112 0.20355111 "" "" 2.654442702052164 "" 0.5160902627357717 ""
295.56070939621 23.40437958393 0.0184 0.0242 13.6567 "" "" 2020100454230525184 1961.89697 0.4788 0.037 -2.469 -6.675 0.021 0.033 0.963 "" "" 15.875037 1.810871 16.746508 14.935636 "" "" 1824.09058 2106.26611 8412.63187 2.0846 2734.1 4.7452 8412.1 6.9353 "" "" 0.002768423982855506 0.0033668783 0.0038839388 0.007250817 295.56070939621 23.40437958393 1961.89697 -2.4690000000000003 -6.674999999999999 -0.7491579236984252 -1.3347051620483397 0.18955112 0.20155111 "" "" 14.233463848913448 "" 2.8287908578097354 ""
295.81996605938 23.30864375425 0.0239 0.0246 1.9191 "" "" 2020089424754454144 1672.54395 0.5764 0.0353 -3.718 -7.368 0.027 0.033 0.997 5389.1 4.2369 15.87698 1.351587 16.478737 15.12715 "" "" 1585.14795 1781.47864 8397.59529 2.052 3498.8 6.3384 7051.8 8.063 "" "" 0.002768063684237263 0.0034137645 0.003978048 0.0073918123 295.81996605938 23.30864375425 1672.54395 -3.717999999999999 -7.368 -1.9981579236984253 -2.02770516204834 0.19555111 0.20155111 "" "" 22.56896173086443 "" 4.482597473803974 ""
295.85124244155 23.4296803767 0.018 0.0247 6.6397 "" "" 2020092723289219584 2219.69702 0.4242 0.0353 -1.645 -5.324 0.02 0.034 1.054 7989.2 2.5035 15.879056 2.391339 17.141254 14.749915 "" "" 2046.89368 2386.14575 8381.55049 2.47 1900.7 5.6096 9981.4 7.0678 "" "" 0.0027738356801489633 0.0042488864 0.003856785 0.008105671 295.85124244155 23.4296803767 2219.69702 -1.645 -5.324 0.07484207630157469 0.016294837951660313 0.18855111 0.20255113 "" "" 0.8058882687560496 "" 0.15247978726161493 ""
295.59321521265 23.46879553772 0.0191 0.0281 13.8585 "" "" 2020107154379521152 1749.51953 0.542 0.0419 -4.896 -11.107 0.022 0.038 1.038 4984.1 3.501 15.883502 2.484323 17.2376 14.753277 "" "" 1622.99341 1887.06787 8347.29488 2.7459 1739.3 6.2019 9950.6 7.718 "" "" 0.002778372350949655 0.004772131 0.0038720681 0.008644199 295.59321521265 23.46879553772 1749.51953 -4.895999999999999 -11.107 -3.176157923698425 -5.766705162048339 0.19055112 0.20655112 "" "" 54.595388038155605 "" 11.079577719659786 ""
295.53164873976 23.42648610654 0.0539 0.0724 15.6143 "" "" 2020100797827995776 2136.28467 0.4937 0.109 2.298 -0.0 0.061 0.101 3.136 6828.5 4.1214 15.887972 1.67229 16.640518 14.968228 "" "" 1752.25391 2646.7334 8313.0008 6.2388 3014.5 7.1764 8163.3 8.0244 "" "" 0.00287328017297958 0.0038034052 0.0039271843 0.0077305892 295.53164873976 23.42648610654 2136.28467 2.298 0.0 4.017842076301575 5.34029483795166 0.22955112 0.26955113 "" "" 67.67146770694282 "" 17.31143661607775 ""
295.48249120525 23.26286905331 0.0216 0.0262 17.7398 "" "" 2020094887952670720 1867.62964 0.512 0.0383 -4.794 -6.95 0.025 0.036 1.16 6741.5 4.2173 15.888251 1.525958 16.579803 15.053845 "" "" 1737.25732 2006.00647 8310.86387 2.4478 3187.8 7.2321 7544.3 6.7332 "" "" 0.0027738150515475516 0.003721874 0.003901628 0.007623502 295.48249120525 23.26286905331 1867.62964 -4.794000000000001 -6.949999999999999 -3.074157923698425 -1.60970516204834 0.19355112 0.20455112 "" "" 30.719288690405904 "" 6.020067642692387 ""
295.77790460326 23.60402897874 0.0201 0.0248 16.3804 "" "" 2020132885512871808 1771.55725 0.5436 0.0371 -1.959 -5.198 0.023 0.034 1.06 9123.9 4.0885 15.889123 1.410902 16.520912 15.11001 "" "" 1675.15149 1863.98047 8304.1987 2.449 3365.5 7.4183 7164.0 7.8951 "" "" 0.0027738627606777415 0.0036759295 0.003964269 0.007640199 295.77790460326 23.60402897874 1771.55725 -1.959 -5.198 -0.23915792369842537 0.14229483795165976 0.19155112 0.20255113 "" "" 2.3368366548516213 "" 0.4544846939338759 ""
296.09890140146 23.30400723581 0.0191 0.0226 16.7926 "" "" 2020062864675416192 2055.69312 0.4583 0.0354 -2.518 -8.638 0.022 0.031 1.01 "" "" 15.892534 1.502441 16.576403 15.073961 "" "" 1935.67188 2214.59399 8278.14779 2.2025 3197.8 5.8484 7405.8 8.7804 "" "" 0.002770421820127644 0.0034246151 0.003992589 0.0074172043 296.09890140146 23.30400723581 2055.69312 -2.518000000000001 -8.638000000000007 -0.7981579236984251 -3.2977051620483397 0.19055112 0.19955112 "" "" 33.06057623159523 "" 6.581160850307734 ""
295.60877069642 23.03537409828 0.0174 0.0226 20.54 "" "" 2019982806485277312 2044.31335 0.4575 0.0332 2.003 -3.428 0.02 0.031 1.034 6876.5 3.5832 15.897609 1.792927 16.766893 14.973967 "" "" 1896.22852 2191.37598 8239.54823 2.1198 2683.2 6.7476 8120.3 7.6159 "" "" 0.002769442908464306 0.0039038362 0.00391416 0.007817997 295.60877069642 23.03537409828 2044.31335 2.003 -3.428 3.722842076301575 1.9122948379516602 0.18855111 0.19955112 "" "" 40.555385998629596 "" 7.742020005551533 ""
296.04086316599 23.37496242968 0.0183 0.0228 13.7592 "" "" 2020110968311505920 1701.77124 0.5638 0.036 -1.943 -6.321 0.021 0.032 1.004 6461.7 4.2907 15.900051 1.27463 16.45926 15.18463 "" "" 1598.35913 1836.2301 8221.02936 2.0265 3562.1 6.6378 6688.2 8.321 "" "" 0.002768288005871651 0.0034465133 0.004013525 0.007460038 296.04086316599 23.37496242968 1701.77124 -1.943 -6.320999999999999 -0.22315792369842535 -0.9807051620483396 0.18955112 0.20055112 "" "" 8.112973992427767 "" 1.622787542827612 ""
295.7449176259 23.49520634515 0.0181 0.0238 10.2108 "" "" 2020105848709294848 2189.86841 0.4264 0.0346 -1.843 -5.552 0.021 0.033 0.983 7964.0 4.0474 15.901389 1.461564 16.560823 15.099259 "" "" 2040.01941 2332.43115 8210.90774 2.0759 3244.0 7.0958 7235.3 7.0572 "" "" 0.0027689598574994934 0.0036640395 0.0039249496 0.007588989 295.7449176259 23.49520634515 2189.86841 -1.8429999999999986 -5.551999999999999 -0.12315792369842526 -0.21170516204833945 0.18955112 0.20155111 "" "" 2.542288015746411 "" 0.5048612392177538 ""
295.85612304434 23.33831198078 0.0219 0.0279 3.3589 "" "" 2020090970942701056 1984.05408 0.4635 0.04 -2.376 -6.454 0.025 0.04 0.984 "" "" 15.902067 3.416698 17.989103 14.572406 -27.5 3.58 1850.6123 2128.09448 8205.78052 2.9283 870.51 4.5151 11754.0 8.1086 "" "" 0.0027824287729005777 0.0062847384 0.0038528866 0.010137625 295.85612304434 23.33831198078 1984.05408 -2.376 -6.453999999999999 -0.6561579236984252 -1.1137051620483396 0.19355112 0.20855111 -42.763 8.34 12.15639464974928 44.457306484766406 2.489521477422524 8.050986156955679
295.50976889204 23.24337084115 0.0211 0.0249 16.617 "" "" 2020094063318934528 1724.90796 0.5519 0.0363 -3.732 -5.613 0.024 0.034 1.021 6298.2 3.9824 15.909271 1.533133 16.620745 15.087612 "" "" 1628.10571 1843.0282 8151.51466 2.1586 3069.9 6.1408 7313.3 5.8229 "" "" 0.002770280381184265 0.0035357992 0.003876988 0.0074127875 295.50976889204 23.24337084115 1724.90796 -3.732 -5.613000000000001 -2.0121579236984255 -0.2727051620483403 0.19255112 0.20255113 "" "" 16.601935023194656 "" 3.1997919318231793 ""
295.62699710061 23.32424678811 0.0215 0.0256 9.2998 "" "" 2020096090543716480 1889.27075 0.5025 0.0387 0.222 1.716 0.024 0.035 1.014 5219.3 3.6295 15.916141 2.007794 16.932554 14.92476 "" "" 1768.85901 2020.52405 8100.10301 2.1878 2303.5 4.9214 8496.8 7.3438 "" "" 0.002770881863034733 0.0036284819 0.0038941402 0.007522622 295.62699710061 23.32424678811 1889.27075 0.222 1.7160000000000004 1.9418420763015747 7.05629483795166 0.19255112 0.20355111 "" "" 65.5391987465412 "" 13.29110323254167 ""
295.80017977604 23.24578380263 0.0324 0.0365 5.1495 "" "" 2020085851341615744 1918.55103 0.4841 0.0547 -1.881 -5.086 0.037 0.049 1.506 "" "" 15.930304 2.007667 16.929592 14.921926 "" "" 1743.81287 2123.00879 7995.12284 5.3995 2309.8 8.8383 8519.0 18.513 "" "" 0.002851218433409156 0.005004489 0.0044554207 0.009459909 295.80017977604 23.24578380263 1918.55103 -1.881000000000001 -5.086 -0.1611579236984253 0.25429483795165986 0.20555112 0.21755111 "" "" 2.7378284568404827 "" 0.586391652359042 ""
295.53276609958 23.16354882109 0.0216 0.0238 17.6498 "" "" 2020081453294923904 1831.93115 0.5131 0.0334 -0.193 -3.303 0.025 0.033 1.014 5302.1 4.161 15.934996 1.559981 16.658201 15.09822 "" "" 1744.03638 1944.35278 7960.6512 2.0294 2965.8 6.0746 7242.2 7.4908 "" "" 0.0027691875394505365 0.0035679734 0.0039426982 0.0075106714 295.53276609958 23.16354882109 1831.93115 -0.1930000000000005 -3.3029999999999977 1.5268420763015746 2.03729483795166 0.19355112 0.20155111 "" "" 22.10730847737325 "" 4.3929638262398765 ""
295.72499730433 23.30949985138 0.0241 0.0272 4.1084 "" "" 2020089974510272640 1794.69995 0.5404 0.0396 -6.098 -10.23 0.027 0.036 1.022 5386.9 4.1919 15.938384 1.542601 16.627039 15.084438 "" "" 1668.1438 1974.62427 7935.84104 2.2215 3052.1 6.84 7334.7 11.557 "" "" 0.002772032571780814 0.0037021097 0.004148542 0.007850652 295.72499730433 23.30949985138 1794.69995 -6.098 -10.23 -4.378157923698425 -4.88970516204834 0.19555111 0.20455112 "" "" 55.83356442090126 "" 11.20000292283913 ""
295.56547227819 23.60387384962 0.0225 0.0266 20.6758 "" "" 2020297954019234432 1994.00122 0.4628 0.0419 1.106 -2.264 0.025 0.035 0.981 4971.3 3.4937 15.941946 2.273315 17.141197 14.867882 "" "" 1828.26038 2189.79053 7909.85248 2.6152 1900.8 5.3113 8953.8 7.5588 "" "" 0.0027786058467338024 0.0041217795 0.0038889386 0.008010718 295.56547227819 23.60387384962 1994.00122 1.1060000000000008 -2.264000000000001 2.8258420763015746 3.0762948379516604 0.19355112 0.20355111 "" "" 39.48105064188264 "" 7.858192208518428 ""
295.51434453002 23.22907950555 0.0224 0.0249 16.6755 "" "" 2020093960239714688 2106.06812 0.4397 0.0357 -3.282 -3.634 0.026 0.034 1.0 7993.7 3.757 15.945184 1.760347 16.789532 15.029184 "" "" 1970.26453 2256.94824 7886.29608 2.2886 2627.9 6.5613 7717.6 6.3488 "" "" 0.0027732769324638655 0.0038902124 0.0038834878 0.0077737 295.51434453002 23.22907950555 2106.06812 -3.282 -3.6339999999999995 -1.5621579236984253 1.7062948379516603 0.19455111 0.20255113 "" "" 23.094037131229392 "" 4.594400143013873 ""
295.88345375026 23.55672738554 0.0195 0.024 14.3525 "" "" 2020128972814234368 1978.09412 0.4725 0.0343 -1.562 -5.101 0.023 0.033 0.985 6535.8 3.9353 15.945669 1.497502 16.62957 15.132068 "" "" 1831.11621 2163.1355 7882.77687 2.02 3045.0 6.086 7019.9 6.4322 "" "" 0.0027693318064547488 0.003534706 0.003908124 0.00744283 295.88345375026 23.55672738554 1978.09412 -1.5620000000000003 -5.101 0.15784207630157465 0.23929483795166018 0.19155112 0.20155111 "" "" 2.6878075147967797 "" 0.5337247103704086 ""
296.03657180073 23.47351032178 0.0186 0.0234 15.7686 "" "" 2020114301206085504 1945.35266 0.4874 0.0358 0.274 -3.393 0.022 0.032 1.009 5524.0 3.8239 15.948 1.68388 16.748228 15.064348 "" "" 1826.38354 2106.81763 7865.87264 2.0012 2729.8 5.4193 7471.7 6.0602 "" "" 0.002769131882524471 0.0035257603 0.0038806223 0.007406383 296.03657180073 23.47351032178 1945.35266 0.2739999999999997 -3.393 1.9938420763015747 1.9472948379516604 0.19055112 0.20055112 "" "" 25.698838627061107 "" 5.024044428893179 ""
295.53334288732 23.28792877192 0.0202 0.0251 14.6861 "" "" 2020096434140883712 1817.00024 0.5242 0.0361 1.66 -1.433 0.023 0.034 0.978 6680.5 4.0383 15.949063 1.347731 16.548058 15.200327 "" "" 1691.354 1945.54358 7858.16733 2.0947 3282.4 7.7893 6592.2 6.8257 "" "" 0.0027704786447913235 0.0037978196 0.003943037 0.007740856 295.53334288732 23.28792877192 1817.00024 1.6600000000000008 -1.433 3.379842076301575 3.9072948379516603 0.19155112 0.20255113 "" "" 44.494869290051405 "" 8.806336362142128 ""
295.55253065473 23.10460229765 0.0197 0.0244 19.1049 "" "" 2020080212034857344 2129.44385 0.4404 0.0343 -1.521 -3.154 0.023 0.034 1.024 "" "" 15.952659 1.860773 16.853788 14.993015 "" "" 1990.14417 2281.89551 7832.19345 2.3063 2476.9 6.9126 7979.1 9.3117 "" "" 0.002773806791016529 0.0041190498 0.003986124 0.008105174 295.55253065473 23.10460229765 2129.44385 -1.521 -3.154 0.1988420763015748 2.1862948379516602 0.19155112 0.20255113 "" "" 22.15858738730611 "" 4.486301051040787 ""
295.52415387077 23.25170188648 0.0211 0.0239 15.7074 "" "" 2020094166398146304 1666.80322 0.5724 0.0349 1.776 -1.835 0.024 0.033 1.045 5009.0 4.142 15.954209 1.635747 16.726744 15.090997 "" "" 1554.33411 1762.3501 7821.01044 2.0498 2784.3 7.0597 7290.5 7.0311 "" "" 0.002769975350343515 0.003919649 0.003921754 0.007841403 295.52415387077 23.25170188648 1666.80322 1.776 -1.835 3.4958420763015745 3.50529483795166 0.19255112 0.20155111 "" "" 39.11259592417343 "" 7.7096652302126 ""
295.62277795812 23.39532994509 0.0198 0.0277 10.2608 "" "" 2020103129979056768 2329.92749 0.4214 0.0402 -1.76 -4.718 0.022 0.039 1.001 7143.0 3.3267 15.956138 1.758596 16.799683 15.041086 "" "" 2117.59497 2566.96655 7807.13284 2.1374 2603.4 5.5923 7633.5 8.2264 "" "" 0.0027713075609013212 0.0036365378 0.00395636 0.007592898 295.62277795812 23.39532994509 2329.92749 -1.7599999999999996 -4.718 -0.0401579236984253 0.6222948379516602 0.19055112 0.20755112 "" "" 6.8868298161355135 "" 1.4289035343510532 ""
296.15639071539 23.34551468653 0.0193 0.0242 19.8937 "" "" 2020063345712110592 1868.02295 0.4988 0.0371 -2.125 -5.218 0.022 0.033 1.054 6546.1 4.2397 15.962606 1.338044 16.553843 15.215798 "" "" 1753.84119 1984.59717 7760.76179 1.8376 3265.0 6.5019 6498.9 7.313 "" "" 0.002767287541080775 0.0035298506 0.0039719497 0.0075018005 296.15639071539 23.34551468653 1868.02295 -2.125 -5.218 -0.4051579236984253 0.12229483795166018 0.19055112 0.20155111 "" "" 3.7473065143309703 "" 0.7175860497069841 ""
295.71937039201 23.30587376216 0.0264 0.0325 4.4732 "" "" 2020089871431054080 1860.71094 0.5069 0.0473 -1.826 -5.162 0.03 0.045 1.354 "" "" 15.966411 1.951137 16.883583 14.932446 "" "" 1726.75183 2031.01965 7733.61378 6.0934 2409.8 11.765 8436.8 45.327 "" "" 0.002885066254021072 0.0059902193 0.006950498 0.012940718 295.71937039201 23.30587376216 1860.71094 -1.826 -5.162 -0.10615792369842536 0.17829483795166023 0.19855112 0.21355112 "" "" 1.830151210132613 "" 0.38383562764681267 ""
