Clusters/NGC_6823/NGC_6823_members.tsv
# %ECSV 1.0
# ---
# datatype:
# - name: RA_ICRS_1
#   unit: deg
#   datatype: float64
#   format: '{:15.11f}'
#   description: Right ascension (ICRS) at Ep=2016.0 (ra)
#   meta: !!omap
#   - {ucd: POS_EQ_RA_MAIN}
#   - {width: 15}
#   - {precision: '11'}
# - name: DE_ICRS_1
#   unit: deg
#   datatype: float64
#   format: '{:15.11f}'
#   description: Declination (ICRS) at Ep=2016.0 (dec)
#   meta: !!omap
#   - {ucd: POS_EQ_DEC_MAIN}
#   - {width: 15}
#   - {precision: '11'}
# - name: e_RA_ICRS
#   unit: mas
#   datatype: float64
#   format: '{:7.4f}'
#   description: Standard error of right ascension (ra_error)
#   meta: !!omap
#   - {ucd: ERROR}
#   - {width: 7}
#   - {precision: '4'}
# - name: e_DE_ICRS
#   unit: mas
#   datatype: float64
#   format: '{:7.4f}'
#   description: Standard error of declination (dec_error)
#   meta: !!omap
#   - {ucd: ERROR}
#   - {width: 7}
#   - {precision: '4'}
# - name: _r_1
#   unit: ''
#   datatype: float64
#   format: '{:7.4f}'
#   description: Distance from center (295.79560642000+23.33150608000)[ICRS], at Epoch=J2016.0
#   meta: !!omap
#   - {ucd: POS_ANG_DIST_GENERAL}
#   - {width: 7}
#   - {precision: '4'}
# - name: HIP
#   datatype: int32
#   description: '? HIP cross-id number, van Leeuwen, Cat. I/311 (hip_original_ext_source_id)'
#   meta: !!omap
#   - {ucd: ID_NUMBER}
#   - {width: 6}
#   - values: {'null': -2147483648}
# - name: TYC2
#   datatype: string
#   description: Tycho-2 cross-id name, Hog et al., Cat. I/259 (tyc2_original_ext_source_id)
#   meta: !!omap
#   - {ucd: ID_CROSSID}
#   - {_votable_string_dtype: char}
# - name: Source
#   datatype: int64
#   description: Source identifier, identical to the Gaia-EDR3 source_id (id)
#   meta: !!omap
#   - {ucd: ID_MAIN}
#   - {width: 19}
# - name: rgeo
#   unit: pc
#   datatype: float64
#   format: '{:15.8f}'
#   description: '? Median of the geometric distance posterior (r_med_geo)'
#   meta: !!omap
#   - {ucd: PHYS_DISTANCE_TRUE}
#   - {width: 15}
#   - {precision: '8'}
#   - values: {'null': .nan}
# - name: Plx
#   unit: mas
#   datatype: float64
#   format: '{:9.4f}'
#   description: '? Parallax (parallax)'
#   meta: !!omap
#   - {ucd: POS_PARLX_TRIG}
#   - {width: 9}
#   - {precision: '4'}
#   - values: {'null': .nan}
# - name: e_Plx
#   unit: mas
#   datatype: float32
#   format: '{:7.4f}'
#   description: '? Standard error of parallax (parallax_error)'
#   meta: !!omap
#   - {ucd: ERROR}
#   - {width: 7}
#   - {precision: '4'}
#   - values: {'null': .nan}
# - name: pmRA
#   unit: mas / yr
#   datatype: float64
#   format: '{:9.3f}'
#   description: '? Proper motion in right ascension direction, pmRA*cosDE (pmra)'
#   meta: !!omap
#   - {ucd: POS_EQ_PMRA}
#   - {width: 9}
#   - {precision: '3'}
#   - values: {'null': .nan}
# - name: pmDE
#   unit: mas / yr
#   datatype: float64
#   format: '{:9.3f}'
#   description: '? Proper motion in declination direction (pmdec)'
#   meta: !!omap
#   - {ucd: POS_EQ_PMDEC}
#   - {width: 9}
#   - {precision: '3'}
#   - values: {'null': .nan}
# - name: e_pmRA
#   unit: mas / yr
#   datatype: float32
#   format: '{:6.3f}'
#   description: '? Standard error of proper motion in right ascension direction (pmra_error)'
#   meta: !!omap
#   - {ucd: ERROR}
#   - {width: 6}
#   - {precision: '3'}
#   - values: {'null': .nan}
# - name: e_pmDE
[...]
#         unit: &id001 !astropy.units.Unit {unit: deg}
#         value: !astropy.table.SerializedColumn {name: SkyCoord.dec}
#       distance: !astropy.table.SerializedColumn
#         __class__: astropy.coordinates.distances.Distance
#         unit: !astropy.units.Unit {unit: pc}
#         value: !astropy.table.SerializedColumn {name: SkyCoord.distance}
#       frame: icrs
#       obstime: !astropy.time.Time {format: jyear_str, in_subfmt: '*', jd1: 367701545.0, jd2: 0.0, out_subfmt: '*', precision: 3, scale: tt}
#       pm_dec: !astropy.table.SerializedColumn
#         __class__: astropy.units.quantity.Quantity
#         unit: !astropy.units.Unit {unit: mas / yr}
#         value: !astropy.table.SerializedColumn {name: SkyCoord.pm_dec}
#       pm_ra_cosdec: !astropy.table.SerializedColumn
#         __class__: astropy.units.quantity.Quantity
#         unit: !astropy.units.Unit {unit: mas / yr}
#         value: !astropy.table.SerializedColumn {name: SkyCoord.pm_ra_cosdec}
#       ra: !astropy.table.SerializedColumn
#         __class__: astropy.coordinates.angles.Longitude
#         unit: *id001
#         value: !astropy.table.SerializedColumn {name: SkyCoord.ra}
#         wrap_angle: !astropy.coordinates.Angle
#           unit: *id001
#           value: 360.0
#       representation_type: spherical
# schema: astropy-2.0
RA_ICRS_1 DE_ICRS_1 e_RA_ICRS e_DE_ICRS _r_1 HIP TYC2 Source rgeo Plx e_Plx pmRA pmDE e_pmRA e_pmDE RUWE Teff logg Gmag BP-RP BPmag RPmag RV e_RV b_rgeo B_rgeo FG e_FG FBP e_FBP FRP e_FRP RAVE5 RAVE6 e_Gmag e_BPmag e_RPmag e_BP-RP SkyCoord.ra SkyCoord.dec SkyCoord.distance SkyCoord.pm_ra_cosdec SkyCoord.pm_dec Pmemb
[from data line 41]
295.75856873678 23.24146777085 0.0109 0.0122 5.7751 "" "" 2020085782622138240 1940.38684 0.4807 0.0177 -1.994 -5.477 0.013 0.016 0.995 9894.4 3.7837 14.087872 0.902168 14.445327 13.543159 "" "" 1884.61475 2013.15271 43631.3153 7.1656 22766.0 13.403 30332.0 11.872 "" "" 0.002761083895092868 0.0028624518 0.0038031982 0.00666565 295.75856873678 23.24146777085 1940.38684 -1.9939999999999993 -5.476999999999998 0.8
295.79385575408 23.29016515607 0.0134 0.0125 2.4823 "" "" 2020089287315483648 1880.28491 0.5014 0.0189 -1.7 -5.457 0.016 0.017 1.046 6182.5 3.5059 14.140148 1.106535 14.596395 13.489861 "" "" 1813.17322 1948.48267 41580.28538 14.832 19809.0 29.217 31858.0 40.671 "" "" 0.0027824059940517775 0.003217064 0.0040255394 0.007242603 295.79385575408 23.29016515607 1880.28491 -1.6999999999999997 -5.457 0.8
295.7876967099 23.29692510665 0.0106 0.0136 2.1201 "" "" 2020089356034966400 2121.55127 0.4399 0.0196 -1.931 -5.372 0.012 0.017 1.049 9752.0 3.9432 14.172446 1.355412 14.768677 13.413264 "" "" 2035.51453 2221.56006 40361.58835 21.24 16902.0 36.409 34186.0 50.634 "" "" 0.0028139372294035863 0.0036407528 0.004107283 0.0077480357 295.7876967099 23.29692510665 2121.55127 -1.931 -5.371999999999999 0.9
295.85510643005 23.28215960125 0.0238 0.0283 4.4177 "" "" 2020086194939021056 1691.71692 0.5788 0.0394 -1.481 -5.241 0.027 0.04 2.649 "" "" 14.175761 1.322266 14.745474 13.423208 "" "" 1563.11963 1806.10559 40238.53773 15.017 17267.0 23.293 33875.0 38.221 "" "" 0.0027849548155588493 0.003151228 0.003972962 0.00712419 295.85510643005 23.28215960125 1691.71692 -1.481 -5.241 0.8
295.771645484 23.2858456641 0.0104 0.0131 3.0412 "" "" 2020088973767554304 2106.89673 0.4413 0.018 -1.715 -5.351 0.012 0.017 0.978 10449.0 3.8096 14.18383 0.889005 14.534408 13.645403 "" "" 2023.46326 2195.25464 39940.60026 6.086 20973.0 11.937 27606.0 12.067 "" "" 0.0027602825833012204 0.0028577824 0.0038090635 0.0066668456 295.771645484 23.2858456641 2106.89673 -1.7150000000000007 -5.350999999999999 1.0
295.80019503953 23.26932003394 0.0138 0.0163 3.7397 "" "" 2020085954420844928 2161.26001 0.4325 0.024 -1.621 -5.356 0.016 0.022 1.495 9763.9 3.7678 14.216141 1.225659 14.706816 13.481156 "" "" 2060.29565 2259.93408 38769.53033 11.481 17893.0 31.908 32114.0 79.122 "" "" 0.002774016424923811 0.0033961383 0.004630277 0.0080264155 295.80019503953 23.26932003394 2161.26001 -1.621 -5.355999999999998 1.0
295.76831257317 23.21989657332 0.0137 0.0158 6.8635 "" "" 2020079838387394432 1672.96301 0.5649 0.0234 -1.699 -5.46 0.016 0.021 1.433 "" "" 14.253896 1.413345 14.86223 13.448885 "" "" 1609.90881 1742.91943 37444.53674 12.1 15507.0 15.735 33083.0 22.349 "" "" 0.0027775681786869227 0.0029997984 0.0038498952 0.0068496936 295.76831257317 23.21989657332 1672.96301 -1.699 -5.46 0.9
295.77815483157 23.27699839732 0.0121 0.013 3.4089 "" "" 2020088905051212672 2041.39343 0.4624 0.02 -1.989 -5.533 0.014 0.017 1.009 "" "" 14.276699 1.305063 14.835454 13.530391 "" "" 1964.75232 2112.14697 36666.31706 22.155 15894.0 44.394 30690.0 67.93 "" "" 0.0028323444057716924 0.004120888 0.004478736 0.008599624 295.77815483157 23.27699839732 2041.39343 -1.9890000000000008 -5.5329999999999995 0.9
295.87536068504 23.40914156035 0.0097 0.0133 6.4026 "" "" 2020091898655493120 1995.95557 0.4712 0.0191 -1.92 -5.551 0.011 0.019 0.944 "" "" 14.358838 1.028692 14.778605 13.749912 "" "" 1932.39563 2077.37036 33994.73181 4.6199 16748.0 12.783 25072.0 10.816 "" "" 0.0027592682026876354 0.0029106326 0.003808295 0.0067189275 295.87536068504 23.40914156035 1995.95557 -1.9200000000000004 -5.551000000000002 0.8
295.82052045532 23.26907948622 0.0114 0.0135 3.9893 "" "" 2020086263658489600 1991.0592 0.4679 0.0186 -1.645 -5.282 0.013 0.018 0.982 "" "" 14.394515 1.227303 14.917793 13.690491 "" "" 1912.14771 2090.54663 32895.82946 9.0647 14733.0 13.734 26483.0 16.545 "" "" 0.002771515805247635 0.0029680678 0.0038397685 0.0068078362 295.82052045532 23.26907948622 1991.0592 -1.645 -5.282 1.0
295.78469781876 23.32046647781 0.0119 0.0137 0.8944 "" "" 2020089596553156992 1927.78491 0.4867 0.0194 -1.676 -5.372 0.014 0.018 1.014 "" "" 14.442269 1.173589 14.937629 13.76404 "" "" 1855.65137 2017.59863 31480.29855 8.0247 14467.0 16.632 24748.0 20.045 "" "" 0.0027691856875411165 0.0030566477 0.003880346 0.0069369934 295.78469781876 23.32046647781 1927.78491 -1.6759999999999997 -5.372 1.0
295.87487435376 23.34786061243 0.0101 0.0134 4.4758 "" "" 2020088153444004736 2175.44604 0.4214 0.0188 -1.534 -5.289 0.011 0.018 0.972 5814.9 3.1261 14.456079 1.72407 15.282904 13.558834 16.79 4.7 2092.02808 2274.31445 31082.42068 11.383 10526.0 15.37 29897.0 32.553 "" "" 0.0027838623559491384 0.0032091269 0.0039599626 0.0071690893 295.87487435376 23.34786061243 2175.44604 -1.5340000000000003 -5.2890000000000015 1.0
295.80287196263 23.28442400327 0.0128 0.0151 2.8532 "" "" 2020089287315478400 2245.76294 0.4156 0.0211 -1.635 -5.335 0.015 0.02 0.999 "" "" 14.561014 1.087154 15.008639 13.921485 "" "" 2135.95654 2340.9729 28218.95587 5.7291 13551.0 9.8506 21407.0 12.488 "" "" 0.0027641234743713463 0.0028996493 0.0038320872 0.0067317365 295.80287196263 23.28442400327 2245.76294 -1.6350000000000002 -5.334999999999999 1.0
295.76385450498 23.44586601788 0.0106 0.0137 7.0809 "" "" 2020104336880799872 2012.90601 0.4637 0.0199 -1.494 -5.208 0.012 0.019 1.031 "" "" 14.587507 1.20078 15.094311 13.893531 "" "" 1944.6145 2083.21851 27538.71792 4.5212 12523.0 12.443 21966.0 11.861 "" "" 0.0027610800727848467 0.0029914642 0.003824583 0.0068160472 295.76385450498 23.44586601788 2012.90601 -1.4939999999999996 -5.207999999999998 0.8
295.68547282934 23.39963947446 0.011 0.0149 7.315 "" "" 2020102825052469376 2003.29749 0.4648 0.0204 -1.89 -5.27 0.012 0.019 0.996 "" "" 14.634436 1.047676 15.062205 14.014529 "" "" 1941.73962 2099.51978 26373.7915 4.2536 12898.0 11.254 19649.0 17.398 "" "" 0.0027608789464976533 0.0029466103 0.0038997345 0.006846345 295.68547282934 23.39963947446 2003.29749 -1.8899999999999997 -5.270000000000001 0.8
295.78418197481 23.34961092511 0.0127 0.0166 1.2554 "" "" 2020090558625850496 1937.17188 0.4905 0.0226 -1.966 -5.363 0.014 0.022 1.14 "" "" 14.657851 1.20579 15.164948 13.959157 "" "" 1866.6217 2027.62195 25811.07846 5.6701 11734.0 8.9287 20677.0 14.937 "" "" 0.002765624165619871 0.0029099134 0.00385991 0.0067698234 295.78418197481 23.34961092511 1937.17188 -1.966 -5.363000000000002 1.0
295.92720963519 23.41171346097 0.0106 0.0146 8.7004 "" "" 2020115125839583744 1922.33337 0.4928 0.0211 -1.895 -5.296 0.012 0.02 1.006 "" "" 14.702984 1.100305 15.159287 14.058982 "" "" 1857.78076 2005.1084 24760.14821 3.3984 11795.0 9.0932 18861.0 8.4835 "" "" 0.002759347109186479 0.002913018 0.0038108027 0.0067238207 295.92720963519 23.41171346097 1922.33337 -1.895 -5.296 0.9
295.78093118358 23.29126802958 0.0132 0.0163 2.5461 "" "" 2020089351724678656 2114.54639 0.4397 0.0228 -1.719 -5.481 0.015 0.022 1.006 6719.9 3.3154 14.707439 1.758902 15.553716 13.794814 31.71 4.02 2012.41846 2203.72119 24658.7518 7.2031 8202.2 10.298 24057.0 19.013 "" "" 0.0027735135135947657 0.0031053587 0.0038755706 0.0069809295 295.78093118358 23.29126802958 2114.54639 -1.719 -5.481 0.8
295.66185996384 23.22851927974 0.0132 0.0153 9.6188 "" "" 2020082655885728768 2033.66785 0.4616 0.0227 -1.876 -5.476 0.015 0.02 0.987 9265.0 3.9383 14.726862 0.956093 15.113708 14.157616 "" "" 1933.97632 2162.93091 24221.54489 3.8268 12301.0 8.0896 17223.0 9.4543 "" "" 0.002760654706010336 0.0028800822 0.0038260869 0.006706169 295.66185996384 23.22851927974 2033.66785 -1.8759999999999994 -5.476000000000001 0.8
295.96549228419 23.38840114491 0.0112 0.0144 9.9609 "" "" 2020111930383873792 2100.03125 0.4418 0.0208 -1.502 -5.16 0.013 0.019 1.014 7998.9 4.0757 14.746239 1.119814 15.208324 14.08851 "" "" 2004.46985 2179.39697 23793.11746 3.7381 11274.0 9.3884 18355.0 8.3952 "" "" 0.0027605952933444887 0.0029330063 0.0038118672 0.0067448737 295.96549228419 23.38840114491 2100.03125 -1.5019999999999996 -5.16 1.0
295.77594032243 23.26419869461 0.0129 0.0154 4.1813 "" "" 2020088874998603904 2171.3562 0.4296 0.0223 -1.671 -5.42 0.015 0.02 1.0 6328.3 3.0192 14.746993 1.683448 15.546041 13.862593 12.58 5.57 2088.48071 2290.88989 23776.59463 6.6456 8260.4 14.014 22601.0 21.367 "" "" 0.002771981331144544 0.0033433433 0.0039162915 0.007259635 295.77594032243 23.26419869461 2171.3562 -1.6710000000000003 -5.42 1.0
295.78404903136 23.32421563516 0.013 0.0158 0.7725 "" "" 2020089596553159680 1939.65588 0.4793 0.0221 -1.701 -5.338 0.015 0.02 1.01 "" "" 14.780337 1.147193 15.261741 14.114548 "" "" 1856.41479 2030.44226 23057.47852 3.6997 10733.0 8.9951 17920.0 12.244 "" "" 0.002760822224817981 0.0029347956 0.0038515 0.0067862957 295.78404903136 23.32421563516 1939.65588 -1.701 -5.338 1.0
295.79825267425 23.30730329938 0.0135 0.0162 1.4595 "" "" 2020089390394715392 2092.86768 0.4471 0.0219 -1.671 -5.453 0.016 0.021 0.982 "" "" 14.822411 1.361769 15.418451 14.056683 "" "" 1989.59106 2214.16382 22181.06835 7.4285 9290.4 11.139 18901.0 27.472 "" "" 0.0027792096009942196 0.003078907 0.0040956163 0.0071745235 295.79825267425 23.30730329938 2092.86768 -1.6709999999999996 -5.453000000000002 1.0
295.78130663476 23.4341037285 0.0118 0.0151 6.206 "" "" 2020104302521059200 2224.08472 0.4169 0.022 -1.753 -5.317 0.014 0.02 0.953 "" "" 14.859542 1.286469 15.406106 14.119637 "" "" 2112.37573 2335.41479 21435.31157 36.933 9396.7 60.309 17836.0 79.046 "" "" 0.003330373417035293 0.0075062104 0.006118583 0.013624793 295.78130663476 23.4341037285 2224.08472 -1.7530000000000001 -5.317 1.0
295.91420121938 23.42603813928 0.0124 0.0161 8.6505 "" "" 2020115194559394432 1899.26733 0.4983 0.0228 -1.952 -5.196 0.014 0.021 0.976 "" "" 14.887346 1.090389 15.336559 14.24617 "" "" 1824.3623 1982.32812 20893.35789 3.4254 10018.0 8.3611 15874.0 11.659 "" "" 0.002761064011877335 0.0029336293 0.0038625952 0.0067962245 295.91420121938 23.42603813928 1899.26733 -1.9520000000000002 -5.196 1.0
295.61038833578 23.38316486963 0.0125 0.0172 10.6628 "" "" 2020103099930371328 1997.80664 0.4695 0.025 -2.083 -5.299 0.014 0.024 0.986 "" "" 15.018273 1.249801 15.554397 14.304596 "" "" 1903.79529 2115.80225 18519.84987 3.3333 8197.1 7.7792 15042.0 8.0745 "" "" 0.002762241302900651 0.0029743467 0.0038240561 0.006798403 295.61038833578 23.38316486963 1997.80664 -2.083 -5.299 0.8
295.7317503858 23.21534925638 0.0154 0.0173 7.8077 "" "" 2020079872747132288 1921.35425 0.4893 0.0251 -2.024 -5.234 0.018 0.023 0.966 9256.0 4.1633 15.079988 1.018006 15.497136 14.47913 "" "" 1821.97278 2011.14075 17496.51517 2.9166 8641.0 7.4089 12809.0 8.0075 "" "" 0.002761258053389344 0.0029413716 0.0038398465 0.006781218 295.7317503858 23.21534925638 1921.35425 -2.024 -5.234 0.9
295.87411832537 23.17540071869 0.0178 0.021 10.3179 "" "" 2020037537241671040 1931.73267 0.4859 0.0288 -1.827 -5.418 0.02 0.028 1.037 "" "" 15.086516 1.088564 15.538149 14.449585 "" "" 1848.66296 2029.62268 17391.624 3.5989 8320.6 12.956 13162.0 16.97 "" "" 0.0027644652419770445 0.0032623876 0.0040303017 0.0072926893 295.87411832537 23.17540071869 1931.73267 -1.827 -5.418 0.8
295.83836223871 23.27868191458 0.0146 0.0167 3.9492 "" "" 2020086298018233216 2083.82397 0.447 0.0239 -1.651 -5.213 0.017 0.023 0.975 "" "" 15.125362 1.289882 15.681641 14.391759 "" "" 1967.18445 2175.06689 16780.38046 3.228 7290.6 9.2859 13882.0 8.2874 "" "" 0.002763224936958206 0.0031140666 0.0038345605 0.006948627 295.83836223871 23.27868191458 2083.82397 -1.651000000000001 -5.213 0.9
295.78398455728 23.31792443425 0.0156 0.0178 1.0364 "" "" 2020089596553154816 2046.83691 0.4569 0.0253 -1.749 -5.297 0.018 0.024 1.013 "" "" 15.155292 1.139581 15.632159 14.492579 "" "" 1961.18799 2154.09253 16324.12545 2.9159 7630.5 8.9592 12651.0 10.564 "" "" 0.002762137227125925 0.003067597 0.0038866047 0.0069542015 295.78398455728 23.31792443425 2046.83691 -1.7490000000000006 -5.297000000000001 1.0
295.82719308938 23.34595546059 0.0152 0.0185 1.9441 "" "" 2020091005302445056 2067.25537 0.4561 0.0277 -1.676 -5.436 0.017 0.026 1.015 "" "" 15.192185 1.828706 16.08249 14.253785 -1.55 7.6 1972.63965 2186.5061 15778.74465 3.3066 5039.9 8.8175 15763.0 10.854 "" "" 0.002764698551390544 0.003375395 0.0038526158 0.007228011 295.82719308938 23.34595546059 2067.25537 -1.676 -5.436000000000002 0.9
295.78930702889 23.29830689875 0.0175 0.023 2.022 "" "" 2020089351727820544 2169.87744 0.4268 0.0288 -1.736 -5.493 0.02 0.03 1.031 5319.1 3.3838 15.202518 1.910428 16.132793 14.222365 8.19 6.52 2050.56885 2327.88159 15629.30893 7.4285 4811.7 19.626 16226.0 29.392 "" "" 0.002803228410781837 0.0052341893 0.004260482 0.009494672 295.78930702889 23.29830689875 2169.87744 -1.7360000000000002 -5.493 0.9
295.84294307728 23.47959817824 0.0139 0.0193 9.2599 "" "" 2020116568948936832 2029.92871 0.4581 0.0264 -1.964 -5.417 0.016 0.026 1.024 "" "" 15.23931 1.236317 15.768264 14.531947 "" "" 1912.49512 2127.08374 15108.54028 2.7495 6731.5 9.1847 12201.0 9.7152 "" "" 0.0027623956119267987 0.0031590578 0.0038770016 0.007036059 295.84294307728 23.47959817824 2029.92871 -1.964 -5.417 0.9
295.73919164095 23.24495497764 0.0172 0.0201 6.0526 "" "" 2020082862044378752 2185.29419 0.4326 0.0293 -1.625 -5.367 0.019 0.026 1.004 "" "" 15.246094 1.38376 15.853803 14.470042 "" "" 2047.66589 2332.80664 15014.44876 3.7388 6221.5 7.4499 12916.0 12.945 "" "" 0.002768552965572695 0.0030782025 0.003932919 0.007011121 295.73919164095 23.24495497764 2185.29419 -1.625 -5.367000000000002 1.0
295.85680942452 23.32302080683 0.0163 0.0197 3.4102 "" "" 2020088016005191552 1997.74316 0.4683 0.03 -1.705 -5.254 0.018 0.028 1.053 5502.4 3.5107 15.270569 1.85943 16.180113 14.320683 "" "" 1886.62952 2111.87329 14679.77357 7.03 4606.5 12.502 14821.0 18.436 "" "" 0.0028039500308824133 0.0040580737 0.0040134443 0.008071518 295.85680942452 23.32302080683 1997.74316 -1.705 -5.253999999999998 1.0
295.5949401692 23.38541786569 0.0142 0.0187 11.5168 "" "" 2020103306088803200 2305.08691 0.4007 0.0296 -1.692 -5.188 0.016 0.028 0.983 "" "" 15.271929 1.338917 15.846026 14.50711 "" "" 2181.04346 2450.09546 14661.39459 3.0325 6266.2 12.155 12483.0 11.58 "" "" 0.0027644566643721053 0.0034958008 0.0039112875 0.0074070883 295.5949401692 23.38541786569 2305.08691 -1.6920000000000002 -5.187999999999998 1.0
295.72240117549 23.41198888531 0.0137 0.0183 6.2909 "" "" 2020102721973099136 2053.22461 0.4491 0.0257 -1.724 -5.262 0.016 0.025 0.984 "" "" 15.314232 1.118806 15.780064 14.661258 "" "" 1960.24707 2190.09277 14101.13271 2.506 6658.7 7.9985 10831.0 8.3582 "" "" 0.002762068108251053 0.0030799317 0.0038711403 0.0069510723 295.72240117549 23.41198888531 2053.22461 -1.7239999999999995 -5.262 1.0
295.84996539777 23.4663507261 0.0146 0.0197 8.6266 "" "" 2020093032527048320 1953.40845 0.4845 0.027 -1.581 -5.414 0.017 0.026 1.018 "" "" 15.332228 1.313243 15.904246 14.591003 "" "" 1851.89209 2054.17773 13869.33854 4.7692 5939.1 12.78 11555.0 12.902 "" "" 0.0027804996453191866 0.0036391611 0.003969056 0.007608217 295.84996539777 23.4663507261 1953.40845 -1.580999999999999 -5.413999999999999 1.0
295.74029845327 23.38110610942 0.0143 0.0201 4.2589 "" "" 2020090867863509376 1839.83337 0.5085 0.0267 -1.412 -5.4 0.016 0.027 1.037 "" "" 15.362132 1.816811 16.243536 14.426725 "" "" 1762.3905 1908.81287 13492.54713 5.341 4345.1 7.2198 13442.0 14.728 "" "" 0.00278863873258609 0.0033225985 0.0039621834 0.007284782 295.74029845327 23.38110610942 1839.83337 -1.412 -5.4 0.8
