Clusters/NGC_6823/NGC_6823_stars_in_region.tsv
# %ECSV 1.0
# ---
# datatype:
# - name: RA_ICRS_1
#   unit: deg
#   datatype: float64
#   format: '{:15.11f}'
#   description: Right ascension (ICRS) at Ep=2016.0 (ra)
#   meta: !!omap
#   - {ucd: POS_EQ_RA_MAIN}
#   - {width: 15}
#   - {precision: '11'}
# - name: DE_ICRS_1
#   unit: deg
#   datatype: float64
#   format: '{:15.11f}'
#   description: Declination (ICRS) at Ep=2016.0 (dec)
#   meta: !!omap
#   - {ucd: POS_EQ_DEC_MAIN}
#   - {width: 15}
#   - {precision: '11'}
# - name: e_RA_ICRS
#   unit: mas
#   datatype: float64
#   format: '{:7.4f}'
#   description: Standard error of right ascension (ra_error)
#   meta: !!omap
#   - {ucd: ERROR}
#   - {width: 7}
#   - {precision: '4'}
# - name: e_DE_ICRS
#   unit: mas
#   datatype: float64
#   format: '{:7.4f}'
#   description: Standard error of declination (dec_error)
#   meta: !!omap
#   - {ucd: ERROR}
#   - {width: 7}
#   - {precision: '4'}
# - name: _r_1
#   unit: ''
#   datatype: float64
#   format: '{:7.4f}'
#   description: Distance from center (295.79560642000+23.33150608000)[ICRS], at Epoch=J2016.0
#   meta: !!omap
#   - {ucd: POS_ANG_DIST_GENERAL}
#   - {width: 7}
#   - {precision: '4'}
# - name: HIP
#   datatype: int32
#   description: '? HIP cross-id number, van Leeuwen, Cat. I/311 (hip_original_ext_source_id)'
#   meta: !!omap
#   - {ucd: ID_NUMBER}
#   - {width: 6}
#   - values: {'null': -2147483648}
# - name: TYC2
#   datatype: string
#   description: Tycho-2 cross-id name, Hog et al., Cat. I/259 (tyc2_original_ext_source_id)
#   meta: !!omap
#   - {ucd: ID_CROSSID}
#   - {_votable_string_dtype: char}
# - name: Source
#   datatype: int64
#   description: Source identifier, identical to the Gaia-EDR3 source_id (id)
#   meta: !!omap
#   - {ucd: ID_MAIN}
#   - {width: 19}
# - name: rgeo
#   unit: pc
#   datatype: float64
#   format: '{:15.8f}'
#   description: '? Median of the geometric distance posterior (r_med_geo)'
#   meta: !!omap
#   - {ucd: PHYS_DISTANCE_TRUE}
#   - {width: 15}
#   - {precision: '8'}
#   - values: {'null': .nan}
# - name: Plx
#   unit: mas
#   datatype: float64
#   format: '{:9.4f}'
#   description: '? Parallax (parallax)'
#   meta: !!omap
#   - {ucd: POS_PARLX_TRIG}
#   - {width: 9}
#   - {precision: '4'}
#   - values: {'null': .nan}
# - name: e_Plx
#   unit: mas
#   datatype: float32
#   format: '{:7.4f}'
#   description: '? Standard error of parallax (parallax_error)'
#   meta: !!omap
#   - {ucd: ERROR}
#   - {width: 7}
#   - {precision: '4'}
#   - values: {'null': .nan}
# - name: pmRA
#   unit: mas / yr
#   datatype: float64
#   format: '{:9.3f}'
#   description: '? Proper motion in right ascension direction, pmRA*cosDE (pmra)'
#   meta: !!omap
#   - {ucd: POS_EQ_PMRA}
#   - {width: 9}
#   - {precision: '3'}
#   - values: {'null': .nan}
# - name: pmDE
#   unit: mas / yr
#   datatype: float64
#   format: '{:9.3f}'
#   description: '? Proper motion in declination direction (pmdec)'
#   meta: !!omap
#   - {ucd: POS_EQ_PMDEC}
#   - {width: 9}
#   - {precision: '3'}
#   - values: {'null': .nan}
# - name: e_pmRA
#   unit: mas / yr
#   datatype: float32
#   format: '{:6.3f}'
#   description: '? Standard error of proper motion in right ascension direction (pmra_error)'
#   meta: !!omap
#   - {ucd: ERROR}
#   - {width: 6}
#   - {precision: '3'}
#   - values: {'null': .nan}
# - name: e_pmDE
[...]
#         value: !astropy.table.SerializedColumn {name: SkyCoord.dec}
#       distance: !astropy.table.SerializedColumn
#         __class__: astropy.coordinates.distances.Distance
#         unit: !astropy.units.Unit {unit: pc}
#         value: !astropy.table.SerializedColumn {name: SkyCoord.distance}
#       frame: icrs
#       obstime: !astropy.time.Time {format: jyear_str, in_subfmt: '*', jd1: 367701545.0, jd2: 0.0, out_subfmt: '*', precision: 3, scale: tt}
#       pm_dec: !astropy.table.SerializedColumn
#         __class__: astropy.units.quantity.Quantity
#         unit: !astropy.units.Unit {unit: mas / yr}
#         value: !astropy.table.SerializedColumn {name: SkyCoord.pm_dec}
#       pm_ra_cosdec: !astropy.table.SerializedColumn
#         __class__: astropy.units.quantity.Quantity
#         unit: !astropy.units.Unit {unit: mas / yr}
#         value: !astropy.table.SerializedColumn {name: SkyCoord.pm_ra_cosdec}
#       ra: !astropy.table.SerializedColumn
#         __class__: astropy.coordinates.angles.Longitude
#         unit: *id001
#         value: !astropy.table.SerializedColumn {name: SkyCoord.ra}
#         wrap_angle: !astropy.coordinates.Angle
#           unit: *id001
#           value: 360.0
#       representation_type: spherical
# schema: astropy-2.0
RA_ICRS_1 DE_ICRS_1 e_RA_ICRS e_DE_ICRS _r_1 HIP TYC2 Source rgeo Plx e_Plx pmRA pmDE e_pmRA e_pmDE RUWE Teff logg Gmag BP-RP BPmag RPmag RV e_RV b_rgeo B_rgeo FG e_FG FBP e_FBP FRP e_FRP RAVE5 RAVE6 e_Gmag e_BPmag e_RPmag e_BP-RP SkyCoord.ra SkyCoord.dec SkyCoord.distance SkyCoord.pm_ra_cosdec SkyCoord.pm_dec rmRA rmDE e_rmRA e_rmDE rRV e_rRV v_pec v_pec3d e_vpec e_vpec3d
[from data line 655]
295.81796178797 22.98355309566 0.023 0.0311 20.9136 "" "" 2020027847793548672 1908.85437 0.4993 0.0437 -2.694 -2.613 0.027 0.041 0.962 7230.5 4.4152 16.360651 1.400826 16.988146 15.587319 "" "" 1765.33777 2106.94751 5378.81411 1.8111 2188.6 5.9988 4615.6 5.7767 "" "" 0.0027794669939766353 0.0040793614 0.0040162466 0.008095608 295.81796178797 22.98355309566 1908.85437 -2.694 -2.6130000000000018 -0.9741579236984252 2.72729483795166 0.19555111 0.20955113 "" "" 26.20339641972106 "" 5.450682116126621 ""
295.64045562534 23.1679457753 0.028 0.03 13.0178 "" "" 2020080731740374528 1822.25403 0.5183 0.0465 0.468 -4.324 0.033 0.04 0.997 7195.5 3.2833 16.36846 2.563265 17.77071 15.207445 "" "" 1680.90662 2011.8241 5340.26946 2.0845 1064.5 6.2595 6549.1 6.372 "" "" 0.0027877226534572465 0.0069674435 0.00392424 0.010891683 295.64045562534 23.1679457753 1822.25403 0.46799999999999997 -4.324 2.1878420763015747 1.0162948379516603 0.20155111 0.20855111 "" "" 20.836770163935693 "" 4.225928606400982 ""
296.07448903396 23.15129941425 0.0275 0.0295 18.7963 "" "" 2020035067646002304 1697.78918 0.5781 0.0485 -7.306 -7.361 0.033 0.043 1.017 5769.5 4.4159 16.370157 1.58703 17.111938 15.524908 "" "" 1579.97278 1881.02527 5331.92157 1.7994 1952.7 5.1954 4888.7 4.9276 "" "" 0.0027795766354690664 0.0040161973 0.003934639 0.007950837 296.07448903396 23.15129941425 1697.78918 -7.305999999999999 -7.361 -5.586157923698425 -2.0207051620483396 0.20155111 0.21155111 "" "" 47.8055310199806 "" 9.691780476642048 ""
295.95188463204 23.37304966852 0.0229 0.0298 8.9622 "" "" 2020088428321905024 1995.16455 0.486 0.0449 -0.917 -7.887 0.026 0.038 1.015 6343.0 4.4299 16.374788 1.215749 16.90147 15.685721 "" "" 1827.92737 2204.18457 5309.2282 1.811 2370.4 7.2606 4215.7 7.4273 "" "" 0.0027800985417296277 0.0043410743 0.0042358944 0.008576969 295.95188463204 23.37304966852 1995.16455 -0.917 -7.887 0.8028420763015747 -2.5467051620483394 0.19455111 0.20655112 "" "" 25.25281651379129 "" 5.189331689657429 ""
295.61409704849 23.28428530284 0.0274 0.0321 10.3954 "" "" 2020095884385252864 1886.35547 0.5117 0.0468 -0.712 -5.906 0.031 0.041 1.022 6429.6 3.9774 16.378521 1.735274 17.20818 15.472905 "" "" 1747.43225 2088.92822 5291.00753 1.8622 1787.1 6.4541 5128.6 5.942 "" "" 0.0027816925607584133 0.0048125153 0.003983231 0.008795746 295.61409704849 23.28428530284 1886.35547 -0.712 -5.905999999999999 1.0078420763015747 -0.5657051620483395 0.19955112 0.20955113 "" "" 10.333974652402832 "" 2.087380369865195 ""
295.8101940737 23.07847966663 0.0259 0.033 15.2029 "" "" 2020030669599322880 1734.8457 0.5616 0.0467 -1.686 -6.535 0.03 0.043 0.99 4936.8 4.239 16.381205 1.597933 17.13393 15.535997 "" "" 1593.98645 1890.97693 5277.94319 1.6631 1913.6 9.7139 4839.0 6.809 "" "" 0.0027764789251178167 0.00617748 0.0040764865 0.010253966 295.8101940737 23.07847966663 1734.8457 -1.686 -6.535 0.033842076301574764 -1.19470516204834 0.19855112 0.21155111 "" "" 9.828202714402156 "" 2.079067948841568 ""
295.9517983733 23.6033440159 0.0237 0.0315 18.437 "" "" 2020130686489607936 1926.41174 0.5054 0.0442 -2.575 -3.492 0.028 0.04 1.007 6966.3 4.0799 16.381905 1.451386 17.040058 15.588672 "" "" 1797.23792 2075.33667 5274.54519 1.8261 2086.4 6.4307 4609.9 6.3862 "" "" 0.002780842443008462 0.0043570413 0.0040676813 0.008424723 295.9517983733 23.6033440159 1926.41174 -2.575 -3.492 -0.8551579236984255 1.8482948379516602 0.19655111 0.20855111 "" "" 18.59602293876209 "" 3.839816329174487 ""
296.12479433986 23.17687075451 0.0276 0.0297 20.381 "" "" 2020035548682356096 1679.66785 0.5745 0.0484 -0.629 -9.415 0.033 0.041 1.018 5375.9 4.2886 16.384716 1.333897 16.975075 15.641178 "" "" 1538.52063 1816.95874 5260.90706 1.6263 2215.1 5.7803 4392.2 6.0473 "" "" 0.0027756870753010386 0.0039764587 0.004064279 0.008040737 296.12479433986 23.17687075451 1679.66785 -0.6289999999999994 -9.414999999999992 1.0908420763015747 -4.074705162048339 0.20155111 0.20955113 "" "" 33.583679459707014 "" 7.01985109573335 ""
295.86189488999 23.23497834203 0.028 0.0313 6.8477 "" "" 2020085164146844032 1929.55518 0.5051 0.0453 -4.386 -10.993 0.032 0.043 1.023 5108.5 4.2401 16.3867 1.589666 17.131441 15.541775 "" "" 1787.50427 2118.6416 5251.29626 1.6613 1918.0 6.3479 4813.4 6.7279 "" "" 0.002776647312779248 0.00454946 0.004072687 0.008622147 295.86189488999 23.23497834203 1929.55518 -4.386 -10.993 -2.6661579236984254 -5.65270516204834 0.20055112 0.21155111 "" "" 57.16232128880391 "" 11.980783153763351 ""
295.81788447784 23.52310040091 0.0347 0.052 11.5609 "" "" 2020128697931573888 1874.20642 0.5317 0.0684 -1.904 -3.955 0.038 0.061 1.387 5987.3 4.3754 16.387156 1.507827 16.910528 15.402701 "" "" 1660.94531 2183.02612 5249.09288 2.9017 2350.7 11.191 5471.1 12.918 "" "" 0.002819933282674357 0.0058738673 0.0045667943 0.010440662 295.81788447784 23.52310040091 1874.20642 -1.9040000000000008 -3.955000000000002 -0.1841579236984252 1.38529483795166 0.20655112 0.22955112 "" "" 12.41486451349251 "" 2.8451319985770356 ""
295.62217316549 23.42051060956 0.2171 0.077 10.9433 "" "" 2020103477887504384 1770.41089 0.6003 0.1168 -2.427 -1.08 0.213 0.097 1.153 "" "" 16.388336 "" "" "" "" "" 1526.76489 2109.37036 5243.38774 7.4601 "" "" "" "" "" "" 0.0031588018040268353 "" "" "" 295.62217316549 23.42051060956 1770.41089 -2.427 -1.08 -0.7071579236984253 4.26029483795166 0.38155112 0.26555112 "" "" 36.24048319431488 "" 9.760074458055746 ""
295.71647212257 23.62565037857 0.0272 0.0339 18.178 "" "" 2020133851897254528 2249.37744 0.3812 0.0507 -0.802 -2.467 0.031 0.047 0.938 "" "" 16.388458 3.393054 18.452106 15.059052 "" "" 2067.63354 2511.354 5242.80372 2.3326 568.3 5.3367 7508.2 7.5367 "" "" 0.002797344503637091 0.0105706435 0.003933385 0.0145040285 295.71647212257 23.62565037857 2249.37744 -0.8019999999999996 -2.467 0.9178420763015747 2.87329483795166 0.19955112 0.21555111 "" "" 32.160277252311474 "" 6.886153904861295 ""
295.49953308562 23.45998708987 0.0238 0.032 18.0345 "" "" 2020101828620157440 2035.62866 0.4678 0.0461 -1.444 -6.19 0.027 0.042 1.002 7161.6 3.2816 16.391321 2.49299 17.747065 15.254074 "" "" 1883.11755 2315.01074 5228.99897 2.0876 1087.9 4.1173 6273.8 7.081 "" "" 0.002789207849948174 0.004966874 0.003973085 0.008939959 295.49953308562 23.45998708987 2035.62866 -1.444 -6.19 0.27584207630157476 -0.8497051620483402 0.19555111 0.21055111 "" "" 8.619899668782427 "" 1.8030021966614906 ""
295.81560319196 23.54780935092 0.0284 0.0319 13.0248 "" "" 2020129556930052608 1980.3905 0.4957 0.0485 -1.543 -5.454 0.033 0.045 1.021 "" "" 16.39653 2.402125 17.665392 15.263267 "" "" 1807.39954 2242.42896 5203.96931 2.2411 1172.9 6.8188 6220.9 6.9446 "" "" 0.002794712025304111 0.0069012446 0.003968977 0.010870222 295.81560319196 23.54780935092 1980.3905 -1.5430000000000001 -5.454 0.17684207630157478 -0.11370516204833958 0.20155111 0.21355112 "" "" 1.973558738350434 "" 0.4048434084059132 ""
295.96422480789 23.42905500449 0.025 0.0296 10.977 "" "" 2020112342701050368 1910.82568 0.5086 0.0445 -8.014 -2.586 0.029 0.041 1.006 5373.1 4.2905 16.39897 1.381936 17.008886 15.62695 "" "" 1781.7467 2064.52856 5192.28779 1.6483 2147.1 8.0066 4450.2 7.9489 "" "" 0.002776794177140336 0.0049170484 0.004247909 0.009164957 295.96422480789 23.42905500449 1910.82568 -8.014 -2.586000000000001 -6.294157923698425 2.7542948379516603 0.19755112 0.20955113 "" "" 62.22747885135357 "" 12.416147568074123 ""
296.13301997604 23.23058391256 0.0275 0.0293 19.5574 "" "" 2020059359982030208 2312.28735 0.4183 0.048 -3.082 -4.235 0.032 0.04 0.995 7414.0 4.0198 16.400772 1.824193 17.2901 15.465907 "" "" 2072.87744 2623.99487 5183.67688 1.6728 1657.2 4.1769 5161.7 4.9845 "" "" 0.0027775079651291305 0.0039081653 0.003922117 0.007830283 296.13301997604 23.23058391256 2312.28735 -3.082 -4.235 -1.3621579236984251 1.1052948379516598 0.20055112 0.20855111 "" "" 19.226248050104736 "" 3.9176333567859545 ""
295.97341057871 23.35521479725 0.0232 0.0306 9.8978 "" "" 2020087603688181376 2012.6394 0.486 0.0452 0.249 -3.478 0.027 0.042 1.027 7550.6 4.2955 16.401346 1.462931 17.068146 15.605215 "" "" 1830.11633 2198.72021 5180.93539 1.6874 2033.1 6.9506 4540.2 6.379 "" "" 0.0027779191820043285 0.0046435674 0.004075631 0.008719198 295.97341057871 23.35521479725 2012.6394 0.2490000000000001 -3.4780000000000024 1.9688420763015748 1.86229483795166 0.19555111 0.21055111 "" "" 25.853829075424564 "" 5.242447957799933 ""
295.83694698336 23.18139218609 0.0276 0.0313 9.2907 "" "" 2020084438281064704 1826.8656 0.5115 0.045 -4.988 -8.9 0.032 0.041 1.001 5922.9 4.1942 16.40273 1.365379 17.010273 15.644894 "" "" 1678.05457 2020.72437 5174.33378 1.7522 2144.4 7.8232 4377.2 6.9107 "" "" 0.00277974238778818 0.0048450422 0.004149946 0.008994988 295.83694698336 23.18139218609 1826.8656 -4.9879999999999995 -8.899999999999995 -3.2681579236984257 -3.55970516204834 0.20055112 0.20955113 "" "" 41.845648329381476 "" 8.598596276240357 ""
295.99985162089 23.2813432753 0.0238 0.0304 11.6502 "" "" 2020040118527394048 1868.97644 0.5148 0.0462 2.987 -1.39 0.028 0.044 0.99 5337.9 4.3813 16.403694 1.407381 17.03702 15.629639 "" "" 1722.81323 2054.51294 5169.74562 1.621 2092.2 7.1511 4439.2 6.0046 "" "" 0.0027762722325741806 0.0046429257 0.0040546902 0.008697616 295.99985162089 23.2813432753 1868.97644 2.987 -1.3900000000000001 4.706842076301575 3.9502948379516605 0.19655111 0.21255112 "" "" 54.43691591024654 "" 11.067906073125151 ""
295.72488948615 23.42566103407 0.0336 0.0498 6.8617 "" "" 2020104405592787840 1861.43909 0.5369 0.0695 -1.563 -5.219 0.038 0.06 1.278 "" "" 16.404253 2.010628 17.223446 15.212818 "" "" 1640.39172 2179.00928 5167.08485 4.7363 1762.1 71.417 6516.7 147.78 "" "" 0.002929547207245259 0.04409269 0.02490975 0.069002435 295.72488948615 23.42566103407 1861.43909 -1.5629999999999988 -5.219000000000002 0.15684207630157476 0.12129483795165985 0.20655112 0.22855112 "" "" 1.74939970294172 "" 0.3762054335282973 ""
295.59769209674 23.3388170746 0.0278 0.033 10.9124 "" "" 2020097121335876992 2117.02954 0.4532 0.0477 -0.984 -3.833 0.032 0.046 1.063 5208.5 4.1739 16.406834 1.729087 17.232695 15.503608 "" "" 1933.32019 2402.84546 5154.81968 1.9797 1747.2 5.6156 4985.6 9.0916 "" "" 0.0027866929716421425 0.004467939 0.0042665913 0.00873453 295.59769209674 23.3388170746 2117.02954 -0.9839999999999998 -3.833 0.7358420763015747 1.50729483795166 0.20055112 0.21455112 "" "" 16.831433314900384 "" 3.567061764455408 ""
295.50436424539 23.1810783838 0.0294 0.0298 18.4178 "" "" 2020093169965723264 2271.5022 0.4079 0.0428 -0.093 -2.591 0.034 0.041 0.961 8897.2 4.1432 16.408466 1.710354 17.224478 15.514124 "" "" 2069.02148 2455.28906 5147.06991 1.8653 1760.5 5.1979 4937.5 6.021 "" "" 0.002783273070207012 0.004249852 0.004004583 0.008254435 295.50436424539 23.1810783838 2271.5022 -0.09299999999999997 -2.591 1.6268420763015747 2.74929483795166 0.20255113 0.20955113 "" "" 34.395613183425915 "" 7.14597777411177 ""
295.98283828984 23.08808655908 0.027 0.0303 17.8861 "" "" 2020033109140881152 1737.65601 0.5543 0.0467 -0.565 -6.95 0.032 0.043 1.001 5717.9 4.4338 16.408966 1.519533 17.10723 15.587696 "" "" 1579.474 1894.3009 5144.70103 1.7425 1961.2 7.5862 4614.0 7.7911 "" "" 0.0027797517255776236 0.005042144 0.0042005833 0.009242727 295.98283828984 23.08808655908 1737.65601 -0.5649999999999998 -6.949999999999999 1.1548420763015748 -1.60970516204834 0.20055112 0.21155111 "" "" 16.31742099429111 "" 3.3920424850776585 ""
295.73472895795 23.62336290451 0.0256 0.0327 17.829 "" "" 2020133199062224256 1879.90161 0.5057 0.0489 -5.635 -9.162 0.029 0.045 1.011 5936.4 4.4054 16.411798 1.635492 17.17872 15.543228 "" "" 1693.02161 2041.76111 5131.29543 1.7992 1836.2 7.2534 4806.9 6.9258 "" "" 0.0027814956034253675 0.0051166117 0.004090338 0.00920695 295.73472895795 23.62336290451 1879.90161 -5.635000000000001 -9.162 -3.915157923698425 -3.8217051620483407 0.19755112 0.21355112 "" "" 48.752293851613736 "" 10.019257425987787 ""
295.64641639788 23.47728198033 0.0232 0.0344 11.9995 "" "" 2020107051300149120 1806.57458 0.5318 0.0509 -5.62 -10.83 0.027 0.048 1.0 5141.7 4.2436 16.414192 1.6941 17.22235 15.528249 "" "" 1665.16064 1990.69861 5120.00042 1.7509 1763.9 5.4253 4873.7 7.2549 "" "" 0.0027802243076424427 0.0043516583 0.0041104564 0.008462114 295.64641639788 23.47728198033 1806.57458 -5.620000000000001 -10.829999999999998 -3.9001579236984254 -5.48970516204834 0.19555111 0.21655113 "" "" 57.66519416479726 "" 12.094785375411059 ""
295.77847486944 23.59231511607 0.0257 0.0328 15.6769 "" "" 2020132855464835072 1682.75867 0.5711 0.0503 -4.336 -5.226 0.029 0.044 0.98 "" "" 16.418768 2.152728 17.523457 15.370729 "" "" 1552.05835 1831.84497 5098.46799 1.9003 1336.7 6.1328 5634.7 6.7923 "" "" 0.002784879096271276 0.0057095657 0.003999583 0.009709149 295.77847486944 23.59231511607 1682.75867 -4.336 -5.2260000000000035 -2.6161579236984256 0.11429483795166018 0.19755112 0.21255112 "" "" 20.887102460312516 "" 4.1268898732198895 ""
295.7790114002 23.39157890837 0.0234 0.0311 3.7185 "" "" 2020092310972365056 1854.12341 0.5278 0.0479 -1.953 -3.678 0.026 0.043 0.988 5868.9 4.3845 16.424402 1.420993 17.06572 15.644727 "" "" 1678.78967 2041.854 5072.07913 1.5078 2037.6 6.9299 4377.9 6.7181 "" "" 0.002774160147573502 0.004628212 0.0041303346 0.008758547 295.7790114002 23.39157890837 1854.12341 -1.9530000000000003 -3.678000000000001 -0.23315792369842536 1.6622948379516602 0.19455111 0.21155111 "" "" 14.752160433588843 "" 3.1161882528436773 ""
296.14788566007 23.20464412188 0.0478 0.0527 20.8562 "" "" 2020059050744352512 2333.13574 0.4205 0.0858 -4.031 -4.13 0.056 0.072 1.833 4686.2 2.8649 16.427956 3.039486 18.166435 15.126949 "" "" 1963.09998 3002.73413 5055.50034 3.8637 739.34 3.5575 7053.1 8.4246 "" "" 0.0028775555765367697 0.0059226654 0.0039956947 0.00991836 296.14788566007 23.20464412188 2333.13574 -4.031000000000001 -4.13 -2.311157923698425 1.2102948379516603 0.22455111 0.24055111 "" "" 28.851789877937488 "" 6.58078635569024 ""
296.10398617924 23.16812383178 0.028 0.029 19.6241 "" "" 2020035411243398528 1671.37842 0.5915 0.0476 1.307 -1.906 0.033 0.042 1.0 5592.0 4.4683 16.431778 1.453493 17.09141 15.637917 "" "" 1518.13611 1814.69055 5037.73853 1.6732 1990.0 5.6751 4405.5 6.1584 "" "" 0.002778817776951604 0.004167997 0.004072746 0.008240743 296.10398617924 23.16812383178 1671.37842 1.307 -1.9059999999999997 3.0268420763015746 3.4342948379516605 0.20155111 0.21055111 "" "" 36.26677372537543 "" 7.495059987962765 ""
295.53174529982 23.25520765677 0.0267 0.0311 15.2449 "" "" 2020094097678667520 2095.30151 0.4724 0.0437 -1.182 -4.939 0.03 0.043 0.966 5527.4 3.7789 16.434202 1.586589 17.178015 15.591426 "" "" 1871.11108 2344.01904 5026.50031 1.6551 1837.4 6.1682 4598.2 5.4127 "" "" 0.0027784167495715968 0.0045902007 0.0039896313 0.008579832 295.53174529982 23.25520765677 2095.30151 -1.1820000000000004 -4.938999999999999 0.5378420763015748 0.4012948379516601 0.19855112 0.21155111 "" "" 6.664713073473193 "" 1.3549068534305453 ""
295.86140027282 23.12855229098 0.0271 0.0319 12.7061 "" "" 2020031249406016896 1971.31836 0.4947 0.0477 -1.336 -6.0 0.032 0.042 1.002 8547.4 4.1627 16.440498 1.5907 17.16913 15.57843 "" "" 1803.20654 2171.41479 4997.43661 3.0585 1852.5 8.5848 4653.6 11.565 "" "" 0.0028343130284555003 0.0057533383 0.004643731 0.010397069 295.86140027282 23.12855229098 1971.31836 -1.336000000000001 -6.0 0.38384207630157463 -0.6597051620483398 0.20055112 0.21055111 "" "" 7.131815289890678 "" 1.4838980674799926 ""
