Clusters/NGC_6823/NGC_6823_stars_in_region.tsv
# %ECSV 1.0
# ---
# datatype:
# - name: RA_ICRS_1
#   unit: deg
#   datatype: float64
#   format: '{:15.11f}'
#   description: Right ascension (ICRS) at Ep=2016.0 (ra)
#   meta: !!omap
#   - {ucd: POS_EQ_RA_MAIN}
#   - {width: 15}
#   - {precision: '11'}
# - name: DE_ICRS_1
#   unit: deg
#   datatype: float64
#   format: '{:15.11f}'
#   description: Declination (ICRS) at Ep=2016.0 (dec)
#   meta: !!omap
#   - {ucd: POS_EQ_DEC_MAIN}
#   - {width: 15}
#   - {precision: '11'}
# - name: e_RA_ICRS
#   unit: mas
#   datatype: float64
#   format: '{:7.4f}'
#   description: Standard error of right ascension (ra_error)
#   meta: !!omap
#   - {ucd: ERROR}
#   - {width: 7}
#   - {precision: '4'}
# - name: e_DE_ICRS
#   unit: mas
#   datatype: float64
#   format: '{:7.4f}'
#   description: Standard error of declination (dec_error)
#   meta: !!omap
#   - {ucd: ERROR}
#   - {width: 7}
#   - {precision: '4'}
# - name: _r_1
#   unit: ''
#   datatype: float64
#   format: '{:7.4f}'
#   description: Distance from center (295.79560642000+23.33150608000)[ICRS], at Epoch=J2016.0
#   meta: !!omap
#   - {ucd: POS_ANG_DIST_GENERAL}
#   - {width: 7}
#   - {precision: '4'}
# - name: HIP
#   datatype: int32
#   description: '? HIP cross-id number, van Leeuwen, Cat. I/311 (hip_original_ext_source_id)'
#   meta: !!omap
#   - {ucd: ID_NUMBER}
#   - {width: 6}
#   - values: {'null': -2147483648}
# - name: TYC2
#   datatype: string
#   description: Tycho-2 cross-id name, Hog et al., Cat. I/259 (tyc2_original_ext_source_id)
#   meta: !!omap
#   - {ucd: ID_CROSSID}
#   - {_votable_string_dtype: char}
# - name: Source
#   datatype: int64
#   description: Source identifier, identical to the Gaia-EDR3 source_id (id)
#   meta: !!omap
#   - {ucd: ID_MAIN}
#   - {width: 19}
# - name: rgeo
#   unit: pc
#   datatype: float64
#   format: '{:15.8f}'
#   description: '? Median of the geometric distance posterior (r_med_geo)'
#   meta: !!omap
#   - {ucd: PHYS_DISTANCE_TRUE}
#   - {width: 15}
#   - {precision: '8'}
#   - values: {'null': .nan}
# - name: Plx
#   unit: mas
#   datatype: float64
#   format: '{:9.4f}'
#   description: '? Parallax (parallax)'
#   meta: !!omap
#   - {ucd: POS_PARLX_TRIG}
#   - {width: 9}
#   - {precision: '4'}
#   - values: {'null': .nan}
# - name: e_Plx
#   unit: mas
#   datatype: float32
#   format: '{:7.4f}'
#   description: '? Standard error of parallax (parallax_error)'
#   meta: !!omap
#   - {ucd: ERROR}
#   - {width: 7}
#   - {precision: '4'}
#   - values: {'null': .nan}
# - name: pmRA
#   unit: mas / yr
#   datatype: float64
#   format: '{:9.3f}'
#   description: '? Proper motion in right ascension direction, pmRA*cosDE (pmra)'
#   meta: !!omap
#   - {ucd: POS_EQ_PMRA}
#   - {width: 9}
#   - {precision: '3'}
#   - values: {'null': .nan}
# - name: pmDE
#   unit: mas / yr
#   datatype: float64
#   format: '{:9.3f}'
#   description: '? Proper motion in declination direction (pmdec)'
#   meta: !!omap
#   - {ucd: POS_EQ_PMDEC}
#   - {width: 9}
#   - {precision: '3'}
#   - values: {'null': .nan}
# - name: e_pmRA
#   unit: mas / yr
#   datatype: float32
#   format: '{:6.3f}'
#   description: '? Standard error of proper motion in right ascension direction (pmra_error)'
#   meta: !!omap
#   - {ucd: ERROR}
#   - {width: 6}
#   - {precision: '3'}
#   - values: {'null': .nan}
# - name: e_pmDE
[...]
#         value: !astropy.table.SerializedColumn {name: SkyCoord.dec}
#       distance: !astropy.table.SerializedColumn
#         __class__: astropy.coordinates.distances.Distance
#         unit: !astropy.units.Unit {unit: pc}
#         value: !astropy.table.SerializedColumn {name: SkyCoord.distance}
#       frame: icrs
#       obstime: !astropy.time.Time {format: jyear_str, in_subfmt: '*', jd1: 367701545.0, jd2: 0.0, out_subfmt: '*', precision: 3, scale: tt}
#       pm_dec: !astropy.table.SerializedColumn
#         __class__: astropy.units.quantity.Quantity
#         unit: !astropy.units.Unit {unit: mas / yr}
#         value: !astropy.table.SerializedColumn {name: SkyCoord.pm_dec}
#       pm_ra_cosdec: !astropy.table.SerializedColumn
#         __class__: astropy.units.quantity.Quantity
#         unit: !astropy.units.Unit {unit: mas / yr}
#         value: !astropy.table.SerializedColumn {name: SkyCoord.pm_ra_cosdec}
#       ra: !astropy.table.SerializedColumn
#         __class__: astropy.coordinates.angles.Longitude
#         unit: *id001
#         value: !astropy.table.SerializedColumn {name: SkyCoord.ra}
#         wrap_angle: !astropy.coordinates.Angle
#           unit: *id001
#           value: 360.0
#       representation_type: spherical
# schema: astropy-2.0
RA_ICRS_1 DE_ICRS_1 e_RA_ICRS e_DE_ICRS _r_1 HIP TYC2 Source rgeo Plx e_Plx pmRA pmDE e_pmRA e_pmDE RUWE Teff logg Gmag BP-RP BPmag RPmag RV e_RV b_rgeo B_rgeo FG e_FG FBP e_FBP FRP e_FRP RAVE5 RAVE6 e_Gmag e_BPmag e_RPmag e_BP-RP SkyCoord.ra SkyCoord.dec SkyCoord.distance SkyCoord.pm_ra_cosdec SkyCoord.pm_dec rmRA rmDE e_rmRA e_rmDE rRV e_rRV v_pec v_pec3d e_vpec e_vpec3d
[from data line 591]
295.72295259549 23.2364070076 0.0943 0.0905 6.9708 "" "" 2020082896396707712 1946.03906 0.5984 0.1363 1.873 -2.472 0.106 0.126 3.069 "" "" 16.216076 1.526989 16.544998 15.018009 "" "" 1543.33972 2649.23169 6144.9228 5.0748 3291.7 18.285 7797.5 34.621 "" "" 0.002897548082042527 0.0066452716 0.006125578 0.01277085 295.72295259549 23.2364070076 1946.03906 1.8729999999999998 -2.4720000000000018 3.592842076301575 2.86829483795166 0.27455112 0.29455113 "" "" 42.40699391560605 "" 11.980168773473899 ""
295.75610702224 23.55985713791 0.0246 0.0303 13.8725 "" "" 2020129763090392960 1904.66785 0.5159 0.0491 -1.698 -4.833 0.028 0.043 1.015 7984.2 4.1376 16.220928 1.511788 16.904879 15.39309 "" "" 1738.82971 2056.94092 6117.51678 2.3014 2363.0 6.9208 5519.8 6.6822 "" "" 0.0027854304122348237 0.004230481 0.0040014144 0.008231895 295.75610702224 23.55985713791 1904.66785 -1.698 -4.833 0.021842076301574753 0.50729483795166 0.19655111 0.21155111 "" "" 4.5841647212989605 "" 0.9696624236586066 ""
295.89311593021 23.64087943492 0.022 0.0282 19.3224 "" "" 2020131824672545024 1844.43579 0.514 0.0383 -3.025 -7.518 0.026 0.038 0.936 6379.0 4.4167 16.221441 1.512951 16.922544 15.409594 "" "" 1727.1156 1987.60889 6114.62688 1.8544 2324.9 7.6773 5436.5 9.4053 "" "" 0.002774925391568069 0.0045430833 0.0042204196 0.008763503 295.89311593021 23.64087943492 1844.43579 -3.025 -7.518 -1.3051579236984252 -2.1777051620483396 0.19455111 0.20655112 "" "" 22.19634882325152 "" 4.515818430850522 ""
295.85043924591 23.00077435329 0.0212 0.0302 20.0731 "" "" 2020026404684543360 1858.19971 0.5293 0.0417 -2.859 -10.059 0.025 0.04 0.98 5267.9 4.2512 16.225214 1.533912 16.930916 15.397004 "" "" 1722.8136 1992.77942 6093.4223 1.7716 2307.0 7.5084 5499.9 8.7095 "" "" 0.0027733436199888 0.0045024175 0.004152092 0.00865451 295.85043924591 23.00077435329 1858.19971 -2.8589999999999995 -10.05899999999999 -1.1391579236984253 -4.718705162048339 0.19355112 0.20855111 "" "" 42.75569191311727 "" 8.882633025211291 ""
295.65748624529 23.43148196762 0.0238 0.0317 9.6873 "" "" 2020103684045937024 1955.27332 0.4875 0.0474 -1.413 -5.491 0.027 0.046 1.03 7170.0 3.3052 16.22577 2.200395 17.360806 15.160411 "" "" 1793.45972 2143.35181 6090.29704 4.3842 1552.7 7.7745 6839.0 19.809 "" "" 0.002864029411475408 0.00611058 0.0049166605 0.011027241 295.65748624529 23.43148196762 1955.27332 -1.4129999999999998 -5.491 0.3068420763015747 -0.1507051620483395 0.19555111 0.21455112 "" "" 3.168300645975252 "" 0.6317131428152534 ""
295.7761514658 23.51463926726 0.0227 0.0305 11.0401 "" "" 2020105917428946432 2257.67114 0.4303 0.0436 -2.058 -5.29 0.025 0.04 0.984 7089.8 4.1779 16.228254 1.826582 17.114513 15.287931 "" "" 2078.60376 2477.24341 6076.38627 3.0963 1948.1 10.507 6081.1 10.453 "" "" 0.002810315941161592 0.006486626 0.004215072 0.010701697 295.7761514658 23.51463926726 2257.67114 -2.058 -5.2899999999999965 -0.3381579236984251 0.05029483795166012 0.19355112 0.20855111 "" "" 3.6585566037702764 "" 0.7093503872386328 ""
295.47198040752 23.48207163424 0.0231 0.0325 19.9788 "" "" 2020289570243121792 1794.8042 0.5438 0.0478 -0.02 -3.97 0.026 0.043 1.071 "" "" 16.229902 1.528717 16.817278 15.288561 "" "" 1608.15906 1968.05676 6067.17022 2.7289 2561.6 50.443 6077.6 94.991 "" "" 0.0027982618059528086 0.021561595 0.017385485 0.03894708 295.47198040752 23.48207163424 1794.8042 -0.019999999999999907 -3.9700000000000033 1.6998420763015747 1.37029483795166 0.19455111 0.21155111 "" "" 18.57487010127254 "" 3.741321944797846 ""
295.58163393134 23.17334192412 0.0252 0.0266 15.1391 "" "" 2020081625093597312 1716.25635 0.5581 0.038 -1.423 -3.046 0.029 0.036 0.982 5223.2 4.2483 16.232018 1.621405 16.99321 15.371805 "" "" 1607.15906 1820.85156 6055.35448 1.8966 2178.4 5.2767 5629.1 6.9518 "" "" 0.0027762263653170974 0.0038342844 0.0040101903 0.007844474 295.58163393134 23.17334192412 1716.25635 -1.423 -3.045999999999999 0.29684207630157466 2.2942948379516603 0.19755112 0.20455112 "" "" 18.8197849699584 "" 3.8474755549825876 ""
295.53210475031 23.46595642144 0.0218 0.0297 16.6016 "" "" 2020107532336727936 1857.48999 0.5103 0.0427 0.566 -2.67 0.025 0.041 1.03 6705.0 4.2417 16.23405 1.597012 16.980442 15.38343 "" "" 1719.35571 2006.81628 6044.02666 1.8401 2204.1 4.8822 5569.1 6.3107 "" "" 0.0027750772635101112 0.0036835987 0.003974595 0.007658194 295.53210475031 23.46595642144 1857.48999 0.5660000000000001 -2.67 2.2858420763015745 2.6702948379516602 0.19355112 0.20955113 "" "" 30.94823165141863 "" 6.28059790236036 ""
295.55011939907 23.56308527387 0.0224 0.0293 19.3821 "" "" 2020296201672301440 2068.04419 0.4551 0.043 -4.054 -1.329 0.025 0.04 0.987 4935.5 3.5771 16.235321 2.163562 17.35781 15.194247 "" "" 1886.66492 2302.06641 6036.95933 1.9642 1557.0 5.5797 6629.2 7.1911 "" "" 0.002777873372370997 0.0047878916 0.003958643 0.008746535 295.55011939907 23.56308527387 2068.04419 -4.054 -1.3289999999999997 -2.3341579236984256 4.01129483795166 0.19355112 0.20855111 "" "" 45.49343202362057 "" 9.319812682120824 ""
295.83722820832 23.67561750571 0.0222 0.0285 20.7733 "" "" 2020135015816754432 1893.151 0.5093 0.0402 0.52 -2.19 0.026 0.038 1.015 6483.8 4.044 16.243824 1.507026 16.937243 15.430217 "" "" 1712.70667 2048.9834 5989.86808 1.9877 2293.6 7.0176 5334.2 7.2868 "" "" 0.0027787770117765342 0.004338261 0.0040599913 0.008398253 295.83722820832 23.67561750571 1893.151 0.5199999999999994 -2.1900000000000013 2.2398420763015747 3.15029483795166 0.19455111 0.20655112 "" "" 34.686227200967764 "" 7.027467672955767 ""
295.70277605641 23.518186648 0.0216 0.0301 12.3117 "" "" 2020108700567587072 1785.32935 0.5322 0.0452 -4.396 -5.693 0.025 0.042 1.029 6618.0 4.1102 16.248539 1.822603 17.140848 15.318245 "" "" 1668.85254 1949.8197 5963.91555 1.9225 1901.4 7.1271 5913.7 7.5188 "" "" 0.0027774600609157124 0.004934329 0.004023594 0.008957922 295.70277605641 23.518186648 1785.32935 -4.396000000000001 -5.693000000000003 -2.676157923698425 -0.35270516204833946 0.19355112 0.21055111 "" "" 22.842723922417804 "" 4.4281506927013545 ""
296.00011955861 23.48903118245 0.0265 0.0347 14.7015 "" "" 2020115916113794432 2191.13623 0.4443 0.0527 -2.032 -5.149 0.03 0.046 1.277 7303.3 3.2945 16.249695 1.782484 17.095232 15.312748 "" "" 1951.19556 2458.16895 5957.57033 2.6548 1983.0 5.9926 5943.7 6.8717 "" "" 0.0027974764573694597 0.0043070335 0.003982385 0.008289419 296.00011955861 23.48903118245 2191.13623 -2.0319999999999983 -5.148999999999999 -0.3121579236984253 0.19129483795166013 0.19855112 0.21455112 "" "" 3.802409721602078 "" 0.7720583594643959 ""
295.46034988013 23.26573225306 0.0242 0.0287 18.8919 "" "" 2020095059751369216 2151.37598 0.4365 0.0413 -1.857 -5.53 0.028 0.04 1.011 "" "" 16.249722 2.406417 17.534086 15.127669 "" "" 1963.26257 2371.97607 5957.4235 2.0767 1323.7 5.3857 7048.4 7.5935 "" "" 0.00278119296643256 0.005224881 0.0039562522 0.0091811335 295.46034988013 23.26573225306 2151.37598 -1.8569999999999998 -5.530000000000002 -0.13715792369842528 -0.1897051620483401 0.19655111 0.20855111 "" "" 2.387186235227174 "" 0.48820593909150856 ""
295.99874280773 23.61507866716 0.024 0.0291 20.3585 "" "" 2020119347789478784 2301.68652 0.411 0.0421 -1.322 -4.998 0.028 0.039 1.091 5539.3 4.1976 16.250748 1.606119 16.96867 15.362551 "" "" 2098.99072 2491.85107 5951.79509 2.177 2228.2 5.4578 5677.2 11.362 "" "" 0.0027837929433491048 0.0038545544 0.0043595107 0.008214065 295.99874280773 23.61507866716 2301.68652 -1.322 -4.998000000000002 0.39784207630157464 0.34229483795165994 0.19655111 0.20755112 "" "" 5.725866687687021 "" 1.1526379594946001 ""
295.76527068351 23.20869858285 0.0253 0.0292 7.5558 "" "" 2020079838387392384 1857.47339 0.5225 0.0418 -1.962 -4.844 0.03 0.037 0.979 5858.0 4.3724 16.251259 1.394397 16.872025 15.477628 "" "" 1733.29358 2001.57056 5948.99369 1.7838 2435.6 6.7224 5106.3 6.6586 "" "" 0.0027744867484833856 0.0040945373 0.0040358654 0.008130403 295.76527068351 23.20869858285 1857.47339 -1.9620000000000002 -4.844 -0.24215792369842526 0.49629483795165985 0.19855112 0.20555112 "" "" 4.861995671924317 "" 0.9929346484406368 ""
295.76401078802 23.38751938906 0.0226 0.0296 3.7847 "" "" 2020090833503773184 1976.06458 0.5011 0.0442 0.319 -1.314 0.025 0.041 1.017 6452.4 4.3129 16.25187 1.381442 16.87357 15.492127 "" "" 1790.78308 2196.1001 5945.64714 1.7408 2432.1 6.5475 5038.6 7.3971 "" "" 0.002773597330698107 0.004040862 0.004101758 0.00814262 295.76401078802 23.38751938906 1976.06458 0.3189999999999999 -1.3139999999999994 2.0388420763015747 4.02629483795166 0.19355112 0.20955113 "" "" 42.272009321707145 "" 8.724370484505272 ""
295.67232368204 23.51187920922 0.0212 0.0303 12.7747 "" "" 2020108631848113536 2382.66064 0.3894 0.0452 -2.188 -5.396 0.024 0.042 1.0 "" "" 16.252592 2.004902 17.250807 15.245905 "" "" 2164.86963 2608.26123 5941.694 2.138 1718.3 7.0592 6321.2 7.7967 "" "" 0.0027828799182536062 0.0052612596 0.0040096263 0.009270886 295.67232368204 23.51187920922 2382.66064 -2.188 -5.396 -0.46815792369842546 -0.05570516204833975 0.19255112 0.21055111 "" "" 5.324584830045965 "" 1.0266543701171658 ""
295.82031137154 23.21092827364 0.0264 0.03 7.3617 "" "" 2020084717470240512 1900.9679 0.5066 0.0413 -6.905 -7.695 0.031 0.04 1.008 5033.0 4.1073 16.256973 1.835525 17.152653 15.317127 "" "" 1746.2373 2025.03455 5917.76515 1.7848 1880.9 6.6471 5919.8 8.4124 "" "" 0.0027747105104400623 0.004744212 0.004082188 0.0088264 295.82031137154 23.21092827364 1900.9679 -6.905000000000002 -7.695000000000002 -5.1851579236984255 -2.35470516204834 0.19955112 0.20855111 "" "" 51.313299508849326 "" 10.320048247912052 ""
295.68165110458 23.33192867202 0.0272 0.0327 6.2783 "" "" 2020090215028457600 2002.29114 0.4652 0.0435 -0.479 -5.075 0.03 0.041 1.016 "" "" 16.262384 2.764658 17.821835 15.057177 "" "" 1875.23779 2158.03833 5888.33988 2.1991 1015.5 4.482 7521.2 6.6342 "" "" 0.002784997076077624 0.0055451104 0.0038988332 0.009443943 295.68165110458 23.33192867202 2002.29114 -0.4790000000000001 -5.075 1.2408420763015746 0.26529483795166 0.19855112 0.20955113 "" "" 12.042814630828198 "" 2.3970580685518654 ""
295.50035786429 23.50931730731 0.0256 0.0341 19.4437 "" "" 2020295475796605824 1879.3927 0.5089 0.0507 -4.994 -9.252 0.029 0.045 1.182 6177.2 4.2508 16.264933 1.663229 17.006413 15.343184 "" "" 1742.86926 2051.17505 5874.53702 2.5931 2152.0 5.3747 5779.4 5.5529 "" "" 0.0027966905860680722 0.0038907817 0.0039207097 0.0078114914 295.50035786429 23.50931730731 1879.3927 -4.994 -9.252 -3.274157923698425 -3.9117051620483405 0.19755112 0.21355112 "" "" 45.442523090019016 "" 9.41157198567027 ""
295.85888928611 23.27210367562 0.0315 0.0364 4.9864 "" "" 2020086121912464896 1723.26001 0.5644 0.0528 -2.067 -3.166 0.036 0.051 1.403 5717.5 4.4311 16.26531 1.426563 16.823292 15.396729 "" "" 1589.51477 1915.89038 5872.49491 2.4084 2547.4 13.724 5501.3 26.059 "" "" 0.0027910680794021353 0.00648074 0.006382335 0.012863075 295.85888928611 23.27210367562 1723.26001 -2.067000000000002 -3.166 -0.34715792369842546 2.1742948379516602 0.20455112 0.21955112 "" "" 17.985142827448808 "" 3.9421755506813043 ""
295.96321911627 23.02305416106 0.0232 0.0282 20.6878 "" "" 2020026031034602496 1955.13403 0.5016 0.0415 -1.344 -5.361 0.027 0.038 0.966 6343.2 4.2638 16.27162 1.479858 16.95079 15.470932 "" "" 1810.74146 2116.12061 5838.46468 1.7197 2265.2 6.266 5137.9 6.512 "" "" 0.0027738171135888385 0.0040994207 0.0040221144 0.008121535 295.96321911627 23.02305416106 1955.13403 -1.3440000000000003 -5.361 0.3758420763015746 -0.02070516204833961 0.19555111 0.20655112 "" "" 3.4883359241470924 "" 0.6822673275743867 ""
295.73892599316 23.50129357621 0.0218 0.0289 10.6545 "" "" 2020105848709296000 2391.17871 0.4058 0.0422 -2.324 -4.702 0.025 0.04 0.989 6998.3 2.64 16.271862 2.386887 17.526962 15.140076 "" "" 2164.05908 2644.90137 5837.16465 2.5204 1332.4 7.8376 6968.3 10.813 "" "" 0.002794918091952559 0.0069695255 0.0041379 0.011107426 295.73892599316 23.50129357621 2391.17871 -2.324 -4.702 -0.6041579236984251 0.6382948379516602 0.19355112 0.20855111 "" "" 9.961371275535122 "" 2.0082330758499793 ""
295.67675879244 23.00860775726 0.0228 0.0279 20.453 "" "" 2020075577779571712 1735.55273 0.5497 0.041 -2.76 1.018 0.027 0.037 1.049 5073.1 4.1462 16.272356 1.822851 17.16537 15.34252 "" "" 1629.96143 1875.26135 5834.50575 1.7675 1859.0 5.4425 5783.0 7.2044 "" "" 0.002774882425299678 0.0042295265 0.004014131 0.008243658 295.67675879244 23.00860775726 1735.55273 -2.76 1.0179999999999998 -1.040157923698425 6.35829483795166 0.19555111 0.20555112 "" "" 53.00193114743831 "" 10.881119241532529 ""
295.50752521264 23.4386590456 0.0238 0.0305 17.1182 "" "" 2020101588101982976 2072.63599 0.4525 0.0441 -1.736 -5.211 0.027 0.041 0.989 7712.6 3.5808 16.272806 1.694733 17.068497 15.373764 "" "" 1897.53503 2232.4873 5832.09477 1.7994 2032.4 4.7748 5618.9 6.6202 "" "" 0.00277560901913135 0.0037804027 0.003990003 0.0077704056 295.50752521264 23.4386590456 2072.63599 -1.7359999999999998 -5.211 -0.01615792369842528 0.12929483795165986 0.19555111 0.20955113 "" "" 1.2801109996684625 "" 0.2679821900921207 ""
295.83410017403 23.65199526567 0.0228 0.0298 19.3457 "" "" 2020134917049036672 2042.6825 0.4692 0.0408 -6.598 -10.644 0.027 0.04 0.993 4990.9 4.1317 16.274803 1.830347 17.171692 15.341345 "" "" 1874.03662 2243.39526 5821.37756 1.8632 1848.2 9.2404 5789.2 8.9509 "" "" 0.0027771473530992237 0.0061034253 0.0041354266 0.010238852 295.83410017403 23.65199526567 2042.6825 -6.597999999999999 -10.644000000000002 -4.878157923698425 -5.30370516204834 0.19555111 0.20855111 "" "" 69.77027663770167 "" 14.142226708284825 ""
296.03598454518 23.24433087087 0.0245 0.0293 14.2429 "" "" 2020039087722828928 2172.24414 0.442 0.0461 -1.746 -2.855 0.028 0.042 1.013 6066.6 4.3848 16.274832 1.346073 16.823883 15.47781 "" "" 1994.1499 2384.49268 5821.22298 2.0622 2546.0 22.012 5105.5 30.727 "" "" 0.0027820366762653175 0.009792866 0.007548656 0.017341522 296.03598454518 23.24433087087 2172.24414 -1.746 -2.855000000000002 -0.02615792369842529 2.48529483795166 0.19655111 0.21055111 "" "" 25.59109961956894 "" 5.388196139824718 ""
295.90512890258 23.50010942676 0.0224 0.0297 11.7771 "" "" 2020116465869724160 1769.50732 0.5429 0.0425 -7.347 -8.156 0.026 0.041 1.0 5783.2 4.2258 16.280796 1.431906 16.93015 15.498243 "" "" 1655.65369 1905.12549 5789.32933 1.6992 2308.6 6.247 5010.3 6.328 "" "" 0.0027736870201630617 0.0040517533 0.0040204655 0.008072219 295.90512890258 23.50010942676 1769.50732 -7.347 -8.156 -5.627157923698426 -2.8157051620483404 0.19455111 0.20955113 "" "" 52.776485812264106 "" 10.431056918620017 ""
295.47371208041 23.50174338909 0.0229 0.0317 20.4557 "" "" 2020295514477879296 2074.82178 0.4488 0.0455 -1.467 -4.803 0.026 0.042 0.976 "" "" 16.280876 3.083028 18.089771 15.006743 "" "" 1914.24609 2287.80933 5788.90648 2.4064 793.43 4.5386 7878.8 6.7454 "" "" 0.002792040377740297 0.006808621 0.003892016 0.010700637 295.47371208041 23.50174338909 2074.82178 -1.4669999999999994 -4.803000000000003 0.2528420763015746 0.5372948379516602 0.19455111 0.21055111 "" "" 5.83995424128213 "" 1.2132025242496887 ""
295.90643619962 23.41587053169 0.0225 0.0289 7.9298 "" "" 2020091726856796416 2042.76794 0.4755 0.0415 -0.707 -4.027 0.026 0.039 0.97 5801.1 4.4167 16.282316 1.252251 16.826763 15.574513 "" "" 1852.46619 2240.36328 5781.23188 1.6003 2539.3 6.0978 4670.4 5.8932 "" "" 0.002771662850008289 0.0038187464 0.004020029 0.007838775 295.90643619962 23.41587053169 2042.76794 -0.7070000000000006 -4.027 1.0128420763015749 1.31329483795166 0.19455111 0.20755112 "" "" 16.05870405159941 "" 3.256707728966579 ""
