Clusters/NGC_6823/NGC_6823_members.tsv
# %ECSV 1.0
# ---
# datatype:
# - name: RA_ICRS_1
#   unit: deg
#   datatype: float64
#   format: '{:15.11f}'
#   description: Right ascension (ICRS) at Ep=2016.0 (ra)
#   meta: !!omap
#   - {ucd: POS_EQ_RA_MAIN}
#   - {width: 15}
#   - {precision: '11'}
# - name: DE_ICRS_1
#   unit: deg
#   datatype: float64
#   format: '{:15.11f}'
#   description: Declination (ICRS) at Ep=2016.0 (dec)
#   meta: !!omap
#   - {ucd: POS_EQ_DEC_MAIN}
#   - {width: 15}
#   - {precision: '11'}
# - name: e_RA_ICRS
#   unit: mas
#   datatype: float64
#   format: '{:7.4f}'
#   description: Standard error of right ascension (ra_error)
#   meta: !!omap
#   - {ucd: ERROR}
#   - {width: 7}
#   - {precision: '4'}
# - name: e_DE_ICRS
#   unit: mas
#   datatype: float64
#   format: '{:7.4f}'
#   description: Standard error of declination (dec_error)
#   meta: !!omap
#   - {ucd: ERROR}
#   - {width: 7}
#   - {precision: '4'}
# - name: _r_1
#   unit: ''
#   datatype: float64
#   format: '{:7.4f}'
#   description: Distance from center (295.79560642000+23.33150608000)[ICRS], at Epoch=J2016.0
#   meta: !!omap
#   - {ucd: POS_ANG_DIST_GENERAL}
#   - {width: 7}
#   - {precision: '4'}
# - name: HIP
#   datatype: int32
#   description: '? HIP cross-id number, van Leeuwen, Cat. I/311 (hip_original_ext_source_id)'
#   meta: !!omap
#   - {ucd: ID_NUMBER}
#   - {width: 6}
#   - values: {'null': -2147483648}
# - name: TYC2
#   datatype: string
#   description: Tycho-2 cross-id name, Hog et al., Cat. I/259 (tyc2_original_ext_source_id)
#   meta: !!omap
#   - {ucd: ID_CROSSID}
#   - {_votable_string_dtype: char}
# - name: Source
#   datatype: int64
#   description: Source identifier, identical to the Gaia-EDR3 source_id (id)
#   meta: !!omap
#   - {ucd: ID_MAIN}
#   - {width: 19}
# - name: rgeo
#   unit: pc
#   datatype: float64
#   format: '{:15.8f}'
#   description: '? Median of the geometric distance posterior (r_med_geo)'
#   meta: !!omap
#   - {ucd: PHYS_DISTANCE_TRUE}
#   - {width: 15}
#   - {precision: '8'}
#   - values: {'null': .nan}
# - name: Plx
#   unit: mas
#   datatype: float64
#   format: '{:9.4f}'
#   description: '? Parallax (parallax)'
#   meta: !!omap
#   - {ucd: POS_PARLX_TRIG}
#   - {width: 9}
#   - {precision: '4'}
#   - values: {'null': .nan}
# - name: e_Plx
#   unit: mas
#   datatype: float32
#   format: '{:7.4f}'
#   description: '? Standard error of parallax (parallax_error)'
#   meta: !!omap
#   - {ucd: ERROR}
#   - {width: 7}
#   - {precision: '4'}
#   - values: {'null': .nan}
# - name: pmRA
#   unit: mas / yr
#   datatype: float64
#   format: '{:9.3f}'
#   description: '? Proper motion in right ascension direction, pmRA*cosDE (pmra)'
#   meta: !!omap
#   - {ucd: POS_EQ_PMRA}
#   - {width: 9}
#   - {precision: '3'}
#   - values: {'null': .nan}
# - name: pmDE
#   unit: mas / yr
#   datatype: float64
#   format: '{:9.3f}'
#   description: '? Proper motion in declination direction (pmdec)'
#   meta: !!omap
#   - {ucd: POS_EQ_PMDEC}
#   - {width: 9}
#   - {precision: '3'}
#   - values: {'null': .nan}
# - name: e_pmRA
#   unit: mas / yr
#   datatype: float32
#   format: '{:6.3f}'
#   description: '? Standard error of proper motion in right ascension direction (pmra_error)'
#   meta: !!omap
#   - {ucd: ERROR}
#   - {width: 6}
#   - {precision: '3'}
#   - values: {'null': .nan}
# - name: e_pmDE
[...]
#         unit: &id001 !astropy.units.Unit {unit: deg}
#         value: !astropy.table.SerializedColumn {name: SkyCoord.dec}
#       distance: !astropy.table.SerializedColumn
#         __class__: astropy.coordinates.distances.Distance
#         unit: !astropy.units.Unit {unit: pc}
#         value: !astropy.table.SerializedColumn {name: SkyCoord.distance}
#       frame: icrs
#       obstime: !astropy.time.Time {format: jyear_str, in_subfmt: '*', jd1: 367701545.0, jd2: 0.0, out_subfmt: '*', precision: 3, scale: tt}
#       pm_dec: !astropy.table.SerializedColumn
#         __class__: astropy.units.quantity.Quantity
#         unit: !astropy.units.Unit {unit: mas / yr}
#         value: !astropy.table.SerializedColumn {name: SkyCoord.pm_dec}
#       pm_ra_cosdec: !astropy.table.SerializedColumn
#         __class__: astropy.units.quantity.Quantity
#         unit: !astropy.units.Unit {unit: mas / yr}
#         value: !astropy.table.SerializedColumn {name: SkyCoord.pm_ra_cosdec}
#       ra: !astropy.table.SerializedColumn
#         __class__: astropy.coordinates.angles.Longitude
#         unit: *id001
#         value: !astropy.table.SerializedColumn {name: SkyCoord.ra}
#         wrap_angle: !astropy.coordinates.Angle
#           unit: *id001
#           value: 360.0
#       representation_type: spherical
# schema: astropy-2.0
RA_ICRS_1 DE_ICRS_1 e_RA_ICRS e_DE_ICRS _r_1 HIP TYC2 Source rgeo Plx e_Plx pmRA pmDE e_pmRA e_pmDE RUWE Teff logg Gmag BP-RP BPmag RPmag RV e_RV b_rgeo B_rgeo FG e_FG FBP e_FBP FRP e_FRP RAVE5 RAVE6 e_Gmag e_BPmag e_RPmag e_BP-RP SkyCoord.ra SkyCoord.dec SkyCoord.distance SkyCoord.pm_ra_cosdec SkyCoord.pm_dec Pmemb
[from data line 81]
295.78581648222 23.42932688231 0.0153 0.0194 5.894 "" "" 2020092551490536704 1951.77393 0.484 0.0286 -1.846 -5.34 0.017 0.027 0.979 "" "" 15.437084 1.22059 15.954683 14.734094 "" "" 1848.89368 2052.14771 12592.53397 5.5921 5669.5 14.083 10128.0 16.449 "" "" 0.002797188271973431 0.0038805476 0.00417051 0.008051057 295.78581648222 23.42932688231 1951.77393 -1.846 -5.34 1.0
295.87654532371 23.42222005587 0.0147 0.0207 7.0353 "" "" 2020091967374971008 1889.23096 0.5002 0.0289 -1.927 -5.227 0.017 0.028 1.06 "" "" 15.445088 1.227485 15.967359 14.739874 "" "" 1788.27124 1993.85632 12500.04377 2.5106 5603.7 8.8027 10074.0 9.1832 "" "" 0.002763936088776983 0.0032701623 0.003906826 0.0071769883 295.87654532371 23.42222005587 1889.23096 -1.927 -5.227 0.9
295.73566183756 23.2453652434 0.0196 0.0233 6.1341 "" "" 2020082930763856128 1921.48364 0.485 0.0332 -1.612 -5.407 0.022 0.032 1.006 6523.7 3.9121 15.59083 1.670404 16.378458 14.708054 "" "" 1814.07959 2064.71069 10929.86317 3.0513 3837.4 6.9981 10374.0 8.2355 "" "" 0.002771942032507209 0.0034213283 0.0038764207 0.0072977487 295.73566183756 23.2453652434 1921.48364 -1.612 -5.406999999999998 1.0
295.74465045286 23.33603601397 0.0214 0.0275 2.8204 "" "" 2020090455546627968 2247.99731 0.4082 0.0371 -1.706 -5.384 0.024 0.036 1.192 6663.3 3.6307 15.631807 1.652715 16.394123 14.741408 "" "" 2050.28906 2464.04443 10525.04005 3.4842 3782.4 12.442 10060.0 12.264 "" "" 0.002778663882103718 0.0045321574 0.0040044547 0.008536613 295.74465045286 23.33603601397 2247.99731 -1.706 -5.384000000000001 1.0
295.72418896889 23.33387636075 0.0197 0.0232 3.9372 "" "" 2020090279436820480 2050.95654 0.4507 0.0335 -1.851 -5.269 0.022 0.031 0.986 7739.0 4.2585 15.684929 1.316596 16.24548 14.928884 "" "" 1905.19019 2234.89209 10022.47827 2.3711 4337.4 7.4338 8464.6 13.475 "" "" 0.0027672671074312188 0.0033537622 0.004155854 0.007509616 295.72418896889 23.33387636075 2050.95654 -1.8510000000000006 -5.269000000000002 1.0
295.62367618313 23.37668168837 0.0171 0.0232 9.8509 "" "" 2020103065570630400 2158.91528 0.4448 0.0324 -1.889 -5.375 0.02 0.033 0.969 8489.8 4.3307 15.697501 1.669406 16.485386 14.81598 "" "" 1981.45752 2353.18604 9907.09805 2.196 3477.5 5.8212 9392.2 8.0856 "" "" 0.002765810606672061 0.0033299073 0.0038932478 0.0072231553 295.62367618313 23.37668168837 2158.91528 -1.889 -5.375 0.9
295.81757489719 23.265042756 0.0202 0.0235 4.1675 "" "" 2020086263658486016 2160.58032 0.4277 0.0332 -1.438 -5.392 0.023 0.032 1.015 6897.9 3.2462 15.783047 2.064637 16.829847 14.76521 "" "" 2019.47156 2313.1311 9156.46896 8.1971 2532.1 10.103 9841.8 26.92 "" "" 0.0029217342085196374 0.0051528374 0.0048065935 0.009959431 295.81757489719 23.265042756 2160.58032 -1.4380000000000006 -5.392 0.9
295.90307567913 23.25279761109 0.0201 0.0245 7.5749 "" "" 2020085129787111552 2453.56982 0.3739 0.0338 -1.366 -5.3 0.023 0.033 0.995 6341.8 3.9789 15.868859 1.378059 16.486704 15.108645 "" "" 2270.39551 2650.85669 8460.63301 1.9717 3473.2 7.613 7173.0 10.035 "" "" 0.0027669135709110855 0.003667254 0.0040731938 0.0077404478 295.90307567913 23.25279761109 2453.56982 -1.366000000000001 -5.3 1.0
295.85124244155 23.4296803767 0.018 0.0247 6.6397 "" "" 2020092723289219584 2219.69702 0.4242 0.0353 -1.645 -5.324 0.02 0.034 1.054 7989.2 2.5035 15.879056 2.391339 17.141254 14.749915 "" "" 2046.89368 2386.14575 8381.55049 2.47 1900.7 5.6096 9981.4 7.0678 "" "" 0.0027738356801489633 0.0042488864 0.003856785 0.008105671 295.85124244155 23.4296803767 2219.69702 -1.645 -5.324 1.0
295.71937039201 23.30587376216 0.0264 0.0325 4.4732 "" "" 2020089871431054080 1860.71094 0.5069 0.0473 -1.826 -5.162 0.03 0.045 1.354 "" "" 15.966411 1.951137 16.883583 14.932446 "" "" 1726.75183 2031.01965 7733.61378 6.0934 2409.8 11.765 8436.8 45.327 "" "" 0.002885066254021072 0.0059902193 0.006950498 0.012940718 295.71937039201 23.30587376216 1860.71094 -1.826 -5.162 0.8
295.7173868231 23.36990179418 0.0193 0.0256 4.886 "" "" 2020102477143987968 1853.8949 0.5216 0.0353 -2.058 -5.236 0.022 0.034 1.02 8122.4 4.2866 15.994214 1.470043 16.640781 15.170738 "" "" 1734.21191 1957.95947 7538.08649 2.1144 3013.7 6.4292 6774.3 16.259 "" "" 0.0027720996689418625 0.0036262872 0.004590677 0.008216964 295.7173868231 23.36990179418 1853.8949 -2.058 -5.2360000000000015 1.0
295.98667447404 23.34624329164 0.0196 0.0245 10.5631 "" "" 2020111002670895616 1979.62195 0.4764 0.0363 -2.017 -5.194 0.023 0.034 0.951 6878.9 3.5716 16.001144 1.889804 16.929 15.039197 "" "" 1861.15332 2170.30444 7490.1294 2.6213 2311.1 8.2595 7646.8 9.1808 "" "" 0.0027813968085351817 0.0047792634 0.003997868 0.008777131 295.98667447404 23.34624329164 1979.62195 -2.0169999999999995 -5.194 0.9
295.65748624529 23.43148196762 0.0238 0.0317 9.6873 "" "" 2020103684045937024 1955.27332 0.4875 0.0474 -1.413 -5.491 0.027 0.046 1.03 7170.0 3.3052 16.22577 2.200395 17.360806 15.160411 "" "" 1793.45972 2143.35181 6090.29704 4.3842 1552.7 7.7745 6839.0 19.809 "" "" 0.002864029411475408 0.00611058 0.0049166605 0.011027241 295.65748624529 23.43148196762 1955.27332 -1.4129999999999998 -5.491 0.8
295.79820117392 23.31606722411 0.0296 0.0343 0.9373 "" "" 2020089493473938560 1881.58301 0.5011 0.0476 -1.731 -5.544 0.035 0.046 1.016 7949.1 3.9718 16.454866 2.09691 17.515715 15.418805 "" "" 1731.9408 2070.10571 4931.74335 1.9735 1346.3 5.3338 5390.6 8.4128 "" "" 0.002789364555781518 0.0051271715 0.0041418443 0.009269016 295.79820117392 23.31606722411 1881.58301 -1.7309999999999999 -5.544000000000001 0.9
