Clusters/NGC_6823/NGC_6823_members.tsv
# %ECSV 1.0
# ---
# datatype:
# - name: RA_ICRS_1
#   unit: deg
#   datatype: float64
#   format: '{:15.11f}'
#   description: Right ascension (ICRS) at Ep=2016.0 (ra)
#   meta: !!omap
#   - {ucd: POS_EQ_RA_MAIN}
#   - {width: 15}
#   - {precision: '11'}
# - name: DE_ICRS_1
#   unit: deg
#   datatype: float64
#   format: '{:15.11f}'
#   description: Declination (ICRS) at Ep=2016.0 (dec)
#   meta: !!omap
#   - {ucd: POS_EQ_DEC_MAIN}
#   - {width: 15}
#   - {precision: '11'}
# - name: e_RA_ICRS
#   unit: mas
#   datatype: float64
#   format: '{:7.4f}'
#   description: Standard error of right ascension (ra_error)
#   meta: !!omap
#   - {ucd: ERROR}
#   - {width: 7}
#   - {precision: '4'}
# - name: e_DE_ICRS
#   unit: mas
#   datatype: float64
#   format: '{:7.4f}'
#   description: Standard error of declination (dec_error)
#   meta: !!omap
#   - {ucd: ERROR}
#   - {width: 7}
#   - {precision: '4'}
# - name: _r_1
#   unit: ''
#   datatype: float64
#   format: '{:7.4f}'
#   description: Distance from center (295.79560642000+23.33150608000)[ICRS], at Epoch=J2016.0
#   meta: !!omap
#   - {ucd: POS_ANG_DIST_GENERAL}
#   - {width: 7}
#   - {precision: '4'}
# - name: HIP
#   datatype: int32
#   description: '? HIP cross-id number, van Leeuwen, Cat. I/311 (hip_original_ext_source_id)'
#   meta: !!omap
#   - {ucd: ID_NUMBER}
#   - {width: 6}
#   - values: {'null': -2147483648}
# - name: TYC2
#   datatype: string
#   description: Tycho-2 cross-id name, Hog et al., Cat. I/259 (tyc2_original_ext_source_id)
#   meta: !!omap
#   - {ucd: ID_CROSSID}
#   - {_votable_string_dtype: char}
# - name: Source
#   datatype: int64
#   description: Source identifier, identical to the Gaia-EDR3 source_id (id)
#   meta: !!omap
#   - {ucd: ID_MAIN}
#   - {width: 19}
# - name: rgeo
#   unit: pc
#   datatype: float64
#   format: '{:15.8f}'
#   description: '? Median of the geometric distance posterior (r_med_geo)'
#   meta: !!omap
#   - {ucd: PHYS_DISTANCE_TRUE}
#   - {width: 15}
#   - {precision: '8'}
#   - values: {'null': .nan}
# - name: Plx
#   unit: mas
#   datatype: float64
#   format: '{:9.4f}'
#   description: '? Parallax (parallax)'
#   meta: !!omap
#   - {ucd: POS_PARLX_TRIG}
#   - {width: 9}
#   - {precision: '4'}
#   - values: {'null': .nan}
# - name: e_Plx
#   unit: mas
#   datatype: float32
#   format: '{:7.4f}'
#   description: '? Standard error of parallax (parallax_error)'
#   meta: !!omap
#   - {ucd: ERROR}
#   - {width: 7}
#   - {precision: '4'}
#   - values: {'null': .nan}
# - name: pmRA
#   unit: mas / yr
#   datatype: float64
#   format: '{:9.3f}'
#   description: '? Proper motion in right ascension direction, pmRA*cosDE (pmra)'
#   meta: !!omap
#   - {ucd: POS_EQ_PMRA}
#   - {width: 9}
#   - {precision: '3'}
#   - values: {'null': .nan}
# - name: pmDE
#   unit: mas / yr
#   datatype: float64
#   format: '{:9.3f}'
#   description: '? Proper motion in declination direction (pmdec)'
#   meta: !!omap
#   - {ucd: POS_EQ_PMDEC}
#   - {width: 9}
#   - {precision: '3'}
#   - values: {'null': .nan}
# - name: e_pmRA
#   unit: mas / yr
#   datatype: float32
#   format: '{:6.3f}'
#   description: '? Standard error of proper motion in right ascension direction (pmra_error)'
#   meta: !!omap
#   - {ucd: ERROR}
#   - {width: 6}
#   - {precision: '3'}
#   - values: {'null': .nan}
# - name: e_pmDE
[...]
#         unit: &id001 !astropy.units.Unit {unit: deg}
#         value: !astropy.table.SerializedColumn {name: SkyCoord.dec}
#       distance: !astropy.table.SerializedColumn
#         __class__: astropy.coordinates.distances.Distance
#         unit: !astropy.units.Unit {unit: pc}
#         value: !astropy.table.SerializedColumn {name: SkyCoord.distance}
#       frame: icrs
#       obstime: !astropy.time.Time {format: jyear_str, in_subfmt: '*', jd1: 367701545.0, jd2: 0.0, out_subfmt: '*', precision: 3, scale: tt}
#       pm_dec: !astropy.table.SerializedColumn
#         __class__: astropy.units.quantity.Quantity
#         unit: !astropy.units.Unit {unit: mas / yr}
#         value: !astropy.table.SerializedColumn {name: SkyCoord.pm_dec}
#       pm_ra_cosdec: !astropy.table.SerializedColumn
#         __class__: astropy.units.quantity.Quantity
#         unit: !astropy.units.Unit {unit: mas / yr}
#         value: !astropy.table.SerializedColumn {name: SkyCoord.pm_ra_cosdec}
#       ra: !astropy.table.SerializedColumn
#         __class__: astropy.coordinates.angles.Longitude
#         unit: *id001
#         value: !astropy.table.SerializedColumn {name: SkyCoord.ra}
#         wrap_angle: !astropy.coordinates.Angle
#           unit: *id001
#           value: 360.0
#       representation_type: spherical
# schema: astropy-2.0
RA_ICRS_1 DE_ICRS_1 e_RA_ICRS e_DE_ICRS _r_1 HIP TYC2 Source rgeo Plx e_Plx pmRA pmDE e_pmRA e_pmDE RUWE Teff logg Gmag BP-RP BPmag RPmag RV e_RV b_rgeo B_rgeo FG e_FG FBP e_FBP FRP e_FRP RAVE5 RAVE6 e_Gmag e_BPmag e_RPmag e_BP-RP SkyCoord.ra SkyCoord.dec SkyCoord.distance SkyCoord.pm_ra_cosdec SkyCoord.pm_dec Pmemb
295.79064885315 23.4377024588 0.0067 0.0094 6.3776 "" 2139-1663-1 2020104302521058688 1988.84119 0.4763 0.0133 -1.994 -5.109 0.008 0.013 0.873 "" "" 10.199769 0.921377 10.563059 9.641682 3.54 4.12 1933.33252 2041.89612 1566892.19101 675.89 813190.0 1079.7 1102800.0 1251.9 "" "" 0.0027948401930290904 0.003140568 0.0039752806 0.0071158484 295.79064885315 23.4377024588 1988.84119 -1.9940000000000007 -5.109 0.8
295.88539046864 23.36945095695 0.0072 0.0102 5.4447 "" 2139-1656-1 2020091486338626944 2043.59644 0.4728 0.0143 -1.537 -5.155 0.008 0.014 0.994 17410.7 3.5894 10.587042 0.567969 10.78791 10.219941 "" "" 1990.62366 2094.58374 1096806.04228 173.01 661080.0 181.91 647410.0 90.783 "" "" 0.0027606377348528576 0.0028061196 0.0037824472 0.006588567 295.88539046864 23.36945095695 2043.59644 -1.537 -5.155 0.8
295.79392532436 23.30047859716 0.0079 0.0096 1.864 "" "" 2020089390394708224 2166.91553 0.4379 0.0134 -1.687 -5.358 0.009 0.012 0.986 6361.4 2.3571 10.829438 0.859996 11.163253 10.303257 "" "" 2116.60474 2213.39941 877347.04179 153.18 467860.0 105.27 599590.0 104.61 "" "" 0.002761833404961511 0.0028008441 0.0037841261 0.0065849703 295.79392532436 23.30047859716 2166.91553 -1.6870000000000005 -5.358 1.0
295.80194374163 23.27477176036 0.0125 0.015 3.4219 "" "" 2020086332370592768 2094.11572 0.4423 0.0213 -1.296 -5.717 0.014 0.02 1.285 18656.3 3.6433 11.256597 1.119736 11.719972 10.600236 "" "" 2013.51282 2202.60474 591981.06292 245.77 280170.0 288.94 456100.0 577.95 "" "" 0.0027919480583208484 0.003006464 0.004022008 0.0070284717 295.80194374163 23.27477176036 2094.11572 -1.2960000000000003 -5.716999999999999 0.9
295.74307034776 23.33766864637 0.0186 0.0243 2.9179 "" 2139-1642-1 2020090451234966016 2067.72095 0.4415 0.032 -1.805 -5.401 0.021 0.033 1.777 18203.2 3.3466 11.44289 0.789558 11.743685 10.954126 "" "" 1957.86548 2206.79321 498643.91429 163.07 274120.0 96.541 329240.0 70.338 "" "" 0.002778103772566686 0.0028162498 0.003786493 0.0066027427 295.74307034776 23.33766864637 2067.72095 -1.8050000000000006 -5.401000000000002 1.0
295.8109079072 23.2670389769 0.0173 0.0207 3.9589 "" 2139-1547-1 2020086263658488704 2487.02197 0.3761 0.0281 -1.67 -5.359 0.02 0.027 1.735 "" "" 11.472155 1.120408 11.93562 10.815212 "" "" 2311.05664 2669.94141 485383.3536 161.7 229700.0 92.11 374170.0 120.91 "" "" 0.002778959672032488 0.0028239344 0.0037956317 0.006619566 295.8109079072 23.2670389769 2487.02197 -1.6699999999999997 -5.358999999999998 1.0
295.80641311976 23.31823145211 0.0159 0.0184 0.9944 "" "" 2020089489162293632 2092.60425 0.436 0.026 -1.781 -5.397 0.018 0.024 1.569 "" "" 11.571711 1.116629 12.032926 10.916297 "" "" 1970.48608 2213.72388 442855.80345 125.69 210010.0 79.007 340910.0 50.4 "" "" 0.0027724981631318106 0.0028199092 0.003782789 0.006602698 295.80641311976 23.31823145211 2092.60425 -1.7810000000000001 -5.397 1.0
295.61344351688 23.34286848895 0.017 0.0215 10.0587 "" 2139-1609-1 2020096365421635456 1991.74268 0.4661 0.0304 -1.625 -5.439 0.02 0.029 1.98 "" "" 11.622328 0.935371 11.984177 11.048805 "" "" 1893.12805 2144.03662 422683.93562 429.47 219660.0 398.26 301740.0 642.19 "" "" 0.002967956797967952 0.0034146921 0.004429824 0.007844516 295.61344351688 23.34286848895 1991.74268 -1.625 -5.439 1.0
295.59400165797 23.38363432143 0.0108 0.0143 11.537 "" "" 2020103306088802432 2156.91577 0.4178 0.0213 -1.634 -5.291 0.012 0.021 1.426 "" "" 11.743899 1.085747 12.185471 11.099724 "" "" 2057.27173 2259.72021 377908.9414 254.63 182490.0 297.02 287920.0 320.67 "" "" 0.0028507826007834907 0.0033027006 0.00396812 0.0072708204 295.59400165797 23.38363432143 2156.91577 -1.6339999999999995 -5.291 1.0
295.75793829021 23.29185266047 0.0118 0.014 3.1573 "" 2139-2261-1 2020089145564912896 2094.74341 0.4354 0.0202 -1.696 -5.429 0.013 0.019 1.474 "" "" 11.869532 0.815516 12.183603 11.368087 "" "" 2026.17029 2177.66602 336615.37704 84.543 182800.0 79.508 224870.0 76.406 "" "" 0.0027687811078355045 0.0028298507 0.003797344 0.0066271946 295.75793829021 23.29185266047 2094.74341 -1.696 -5.429 1.0
295.76125296933 23.30657328051 0.014 0.0165 2.4126 "" 2139-1570-1 2020089248644126336 2061.72974 0.4472 0.0236 -1.797 -5.362 0.016 0.023 1.624 "" "" 11.969244 0.73606 12.246407 11.510346 "" "" 1966.5011 2157.146 307078.25435 75.412 172530.0 88.569 197250.0 65.221 "" "" 0.0027681913155145244 0.0028452955 0.003796394 0.0066416897 295.76125296933 23.30657328051 2061.72974 -1.7969999999999993 -5.362000000000002 1.0
295.8203401256 23.31981121634 0.008 0.0089 1.5328 "" "" 2020089454802555008 2097.7605 0.4643 0.0129 -1.643 -5.304 0.009 0.012 0.989 6367.6 2.6627 12.272409 1.21203 12.788842 11.576812 "" "" 2030.83142 2158.83301 232264.52857 38.074 104680.0 49.884 185540.0 45.322 "" "" 0.002761062495197477 0.002837736 0.0037886759 0.006626412 295.8203401256 23.31981121634 2097.7605 -1.6429999999999998 -5.304 1.0
295.81934465603 23.29553308624 0.0076 0.0093 2.5238 "" "" 2020086362426104064 1786.11536 0.5477 0.0128 -2.066 -5.14 0.009 0.012 1.029 4987.3 2.6873 12.644661 1.681689 13.449823 11.768134 29.95 0.39 1746.82788 1828.23914 164847.45771 16.867 56949.0 23.749 155560.0 34.109 "" "" 0.0027575588249782517 0.0028266686 0.0037868724 0.006613541 295.81934465603 23.29553308624 1786.11536 -2.066 -5.139999999999998 0.9
295.80558037995 23.3697362365 0.0074 0.01 2.3587 "" "" 2020092031782928768 2097.31055 0.4558 0.0147 -1.732 -5.349 0.008 0.014 0.92 "" "" 12.906792 1.178743 13.405415 12.226671 "" "" 2035.93213 2170.42334 129488.12237 18.475 59327.0 27.546 101970.0 24.789 "" "" 0.002759671437198154 0.002835345 0.0037885872 0.006623932 295.80558037995 23.3697362365 2097.31055 -1.7320000000000004 -5.349 1.0
295.96847553172 23.32434059889 0.0088 0.0105 9.534 "" "" 2020087500608965248 1931.87524 0.4892 0.0159 -1.302 -5.28 0.01 0.014 1.083 "" "" 13.00694 1.006688 13.413988 12.4073 44.13 8.82 1869.18872 1992.89856 118078.50309 23.895 58860.0 34.823 86345.0 36.327 "" "" 0.002764066617314088 0.0028631554 0.0038068865 0.006670042 295.96847553172 23.32434059889 1931.87524 -1.302 -5.280000000000002 0.8
295.78816868821 23.30324717733 0.0115 0.0139 1.7444 "" "" 2020089351728656128 1979.01416 0.4765 0.0208 -1.584 -5.412 0.013 0.019 1.278 "" "" 13.010782 0.948946 13.377212 12.428266 "" "" 1897.59021 2054.55225 117661.32051 26.567 60888.0 104.7 84694.0 138.04 "" "" 0.0027662046660910833 0.0033571797 0.0041731563 0.0075303363 295.78816868821 23.30324717733 1979.01416 -1.5839999999999999 -5.412000000000002 0.9
295.589029093 23.36857365693 0.0071 0.0098 11.5948 "" "" 2020097224415105792 2167.15796 0.4286 0.0145 -1.79 -5.26 0.008 0.013 0.997 15641.6 3.7296 13.034884 1.072028 13.47836 12.406332 "" "" 2104.64258 2231.05103 115078.16079 27.916 55472.0 40.579 86422.0 55.697 "" "" 0.0027678798740217946 0.0029010111 0.0038436118 0.006744623 295.589029093 23.36857365693 2167.15796 -1.7899999999999996 -5.26 1.0
295.88742203566 23.37780135138 0.0066 0.0091 5.7702 "" "" 2020091520698365568 2056.83691 0.455 0.0132 -1.59 -5.26 0.007 0.012 1.02 13696.9 3.8006 13.05078 0.742505 13.3339 12.591395 "" "" 2004.20422 2099.4563 113405.66664 27.197 63366.0 50.443 72879.0 45.478 "" "" 0.0027675960802546343 0.0029209722 0.0038396306 0.006760603 295.88742203566 23.37780135138 2056.83691 -1.5899999999999996 -5.26 1.0
295.79372076245 23.2950419847 0.0112 0.0118 2.1903 "" "" 2020089283008348544 1847.38831 0.5071 0.0164 -1.685 -5.341 0.013 0.014 1.249 "" "" 13.245292 0.993865 13.624913 12.631048 "" "" 1783.95264 1915.51892 94804.7512 21.229 48468.0 63.454 70265.0 136.29 "" "" 0.002766025591077696 0.0031313794 0.00432652 0.0074578994 295.79372076245 23.2950419847 1847.38831 -1.6849999999999998 -5.341000000000002 1.0
295.82875837793 23.31249592954 0.0079 0.0092 2.1535 "" "" 2020089459114196096 1881.57336 0.4973 0.0132 -1.71 -5.467 0.009 0.012 1.044 "" "" 13.255721 1.122901 13.720589 12.597688 "" "" 1837.37524 1929.32031 93898.42285 16.437 44379.0 17.416 72457.0 25.762 "" "" 0.002761867456283586 0.002822516 0.0037990457 0.006621562 295.82875837793 23.31249592954 1881.57336 -1.7100000000000004 -5.466999999999998 1.0
295.73496406492 23.22710472896 0.0086 0.0098 7.1 "" "" 2020082827684633984 2019.71765 0.4609 0.0142 -1.776 -5.469 0.01 0.013 0.986 "" "" 13.300309 0.880199 13.647524 12.767324 "" "" 1964.39099 2079.05933 90120.39949 12.517 47469.0 16.154 61977.0 17.562 "" "" 0.002759443794525858 0.0028145276 0.0037918834 0.006606411 295.73496406492 23.22710472896 2019.71765 -1.7759999999999998 -5.468999999999999 0.9
295.82082928809 23.32713873296 0.01 0.0097 1.4141 "" "" 2020089527833683968 1901.90002 0.4964 0.0146 -1.876 -5.415 0.011 0.013 1.106 "" "" 13.39327 1.274828 13.940668 12.66584 "" "" 1844.89294 1965.12769 82725.41648 12.543 36237.0 20.071 68049.0 20.472 "" "" 0.0027602336260854152 0.0028542413 0.0037934703 0.0066477116 295.82082928809 23.32713873296 1901.90002 -1.876 -5.414999999999999 0.9
295.79168175948 23.28839199365 0.0084 0.0098 2.5959 "" "" 2020089283003866624 2012.06201 0.4641 0.0141 -1.582 -5.404 0.009 0.013 1.08 13128.9 3.7658 13.411675 0.978314 13.804532 12.826218 "" "" 1958.28845 2070.93555 81334.86814 14.234 41078.0 20.107 58704.0 26.043 "" "" 0.0027618640225311017 0.0028403322 0.0038099515 0.006650284 295.79168175948 23.28839199365 2012.06201 -1.5820000000000003 -5.403999999999999 1.0
295.76831965249 23.31348715634 0.0084 0.0102 1.8518 "" "" 2020089630912890368 1998.21509 0.4655 0.0147 -1.905 -5.483 0.009 0.013 1.054 "" "" 13.467614 1.060282 13.893485 12.833203 "" "" 1939.57983 2059.93457 77250.467 14.621 37846.0 19.225 58328.0 27.996 "" "" 0.0027629725675560432 0.0028441583 0.003815141 0.006659299 295.76831965249 23.31348715634 1998.21509 -1.905 -5.483 0.9
295.78558114671 23.31604685825 0.0085 0.0102 1.0796 "" "" 2020089596553153920 2032.3866 0.4608 0.0145 -1.694 -5.332 0.01 0.013 0.981 12677.2 3.7916 13.566017 0.931851 13.937424 13.005572 "" "" 1981.17761 2095.27295 70556.96979 12.537 36345.0 29.467 49766.0 24.658 "" "" 0.002762065831363265 0.0029257345 0.0038174766 0.0067432113 295.78558114671 23.31604685825 2032.3866 -1.694 -5.332 1.0
295.70913057446 23.26084328036 0.0092 0.0115 6.3786 "" "" 2020083205641772544 1795.40479 0.5228 0.0166 -1.586 -5.419 0.01 0.015 1.119 6601.3 3.295 13.588301 0.926603 13.955883 13.02928 "" "" 1746.8158 1842.68579 69123.59669 32.172 35733.0 60.077 48691.0 68.429 "" "" 0.002801276308973673 0.003334248 0.0040757805 0.0074100285 295.70913057446 23.26084328036 1795.40479 -1.5860000000000007 -5.419 1.0
295.79155540822 23.30047305009 0.0254 0.0268 1.8753 "" "" 2020089356027628416 1845.50635 0.5134 0.0382 -1.835 -5.053 0.03 0.04 2.556 "" "" 13.603136 1.039454 13.982758 12.943303 "" "" 1746.70215 1965.86755 68185.52936 36.475 34859.0 60.604 52703.0 88.008 "" "" 0.0028158691821096207 0.0033686932 0.0041917656 0.007560459 295.79155540822 23.30047305009 1845.50635 -1.835 -5.053 0.8
295.79365869227 23.29574024674 0.0125 0.0147 2.1486 "" "" 2020089356027616512 2208.25635 0.4211 0.0185 -1.598 -5.358 0.014 0.02 1.293 11282.5 3.8625 13.66128 1.024127 14.03207 13.007943 "" "" 2130.97095 2305.37988 64630.13508 17.625 33311.0 111.78 49657.0 208.07 "" "" 0.002771183233469549 0.004589013 0.005914448 0.010503461 295.79365869227 23.29574024674 2208.25635 -1.5980000000000003 -5.358 0.9
295.86798381559 23.40912023413 0.0075 0.0103 6.13 "" "" 2020091864295756416 2054.57788 0.4585 0.015 -1.601 -5.284 0.009 0.014 0.988 "" "" 13.671449 1.333115 14.255575 12.922461 "" "" 2003.08289 2112.84253 64027.59685 8.5833 27114.0 14.575 53725.0 14.898 "" "" 0.0027591618518450923 0.002850557 0.003791355 0.0066419123 295.86798381559 23.40912023413 2054.57788 -1.601 -5.284 1.0
295.72908192223 23.4040779602 0.0103 0.0137 5.6908 "" "" 2020102721973255296 2184.84814 0.4113 0.0189 -1.583 -5.173 0.012 0.018 1.383 32497.9 4.0712 13.680032 2.520522 15.006057 12.485535 "" "" 2074.17944 2297.63916 63523.4178 96.161 13583.0 71.856 80342.0 372.69 "" "" 0.003208290362136755 0.0063855406 0.0062968344 0.012682375 295.72908192223 23.4040779602 2184.84814 -1.583 -5.173 1.0
295.72429981912 23.42534483276 0.0101 0.0136 6.8646 "" "" 2020104405600280320 1917.21997 0.4876 0.0194 -1.624 -5.206 0.011 0.018 1.419 "" "" 13.758727 1.261802 14.287116 13.025314 "" "" 1848.62952 1971.25122 59082.1047 8.664 26337.0 25.745 48869.0 84.625 "" "" 0.002759916510488382 0.0029852088 0.0042212135 0.0072064223 295.72429981912 23.42534483276 1917.21997 -1.6239999999999999 -5.205999999999999 1.0
295.74826038998 23.29631162156 0.0091 0.012 3.3563 "" "" 2020089214284871040 1991.27698 0.4725 0.0165 -1.669 -5.107 0.01 0.016 0.978 "" "" 13.777248 0.919167 14.139083 13.219916 "" "" 1925.81592 2043.54089 58082.78855 7.7696 30184.0 20.223 40850.0 21.99 "" "" 0.002759145342197717 0.0028834366 0.0038243071 0.0067077437 295.74826038998 23.29631162156 1991.27698 -1.6690000000000005 -5.107000000000002 0.8
295.78972410654 23.2763661977 0.0093 0.0109 3.3242 "" "" 2020088909358349056 2081.40869 0.4526 0.0159 -1.938 -5.337 0.011 0.014 1.006 "" "" 13.778595 1.038523 14.196263 13.157741 "" "" 2013.34314 2153.17944 58010.80176 8.4812 28636.0 23.168 43258.0 45.527 "" "" 0.0027598888037579203 0.0029251776 0.0039483486 0.006873526 295.78972410654 23.2763661977 2081.40869 -1.9380000000000002 -5.3370000000000015 1.0
295.92098686235 23.41204346755 0.0079 0.0107 8.4284 "" "" 2020115125839588224 2068.04565 0.4493 0.015 -1.508 -5.475 0.009 0.014 1.013 "" "" 13.816729 1.034501 14.237658 13.203156 "" "" 2004.78381 2138.9541 56008.65634 7.9713 27565.0 14.992 41485.0 15.289 "" "" 0.002759649856770546 0.0028519726 0.003800505 0.0066524777 295.92098686235 23.41204346755 2068.04565 -1.5079999999999991 -5.475 1.0
295.72974540083 23.27232446201 0.0095 0.0116 5.0775 "" "" 2020089012437563008 1939.1311 0.4825 0.0188 -1.732 -5.494 0.011 0.017 1.004 6969.5 3.0533 13.835774 1.51361 14.528609 13.014999 12.09 2.67 1876.05627 2011.20068 55034.73744 7.4395 21085.0 12.353 49335.0 14.992 "" "" 0.0027592263824003736 0.0028617594 0.003793756 0.006655515 295.72974540083 23.27232446201 1939.1311 -1.7320000000000002 -5.493999999999998 1.0
295.62019667132 23.38516256457 0.0083 0.0119 10.1843 "" "" 2020103134290110720 2035.3103 0.463 0.0172 -1.673 -5.03 0.009 0.016 0.947 11655.3 3.6648 13.845436 1.162963 14.333325 13.170362 "" "" 1960.05823 2115.8125 54547.16848 7.3239 25240.0 11.673 42758.0 14.255 "" "" 0.0027591739481700943 0.0028349927 0.0037966762 0.0066316687 295.62019667132 23.38516256457 2035.3103 -1.673 -5.03 0.8
295.79552898132 23.33908777711 0.0087 0.0115 0.4549 "" "" 2020089802711599744 1932.0614 0.483 0.0161 -1.736 -5.177 0.01 0.015 0.982 "" "" 13.870468 1.181922 14.370101 13.188179 "" "" 1867.96753 1984.04602 53303.94516 7.1381 24399.0 13.491 42062.0 12.823 "" "" 0.0027591536613609086 0.0028540243 0.0037938484 0.0066478727 295.79552898132 23.33908777711 1932.0614 -1.7359999999999993 -5.177 0.9
295.81048219841 23.33786673452 0.0088 0.0109 0.904 "" "" 2020089733992121088 1987.18921 0.4677 0.0165 -1.594 -5.234 0.01 0.015 1.015 "" "" 13.888742 1.72443 14.706844 12.982414 "" "" 1932.90405 2054.33179 52414.29953 23.202 17893.0 30.624 50838.0 55.437 "" "" 0.002796923838268628 0.0033523312 0.0039604898 0.007312821 295.81048219841 23.33786673452 1987.18921 -1.594 -5.234 0.9
295.80202429265 23.30472255976 0.0122 0.0147 1.6455 "" "" 2020089390394711936 1725.75281 0.5482 0.0205 -1.608 -5.657 0.014 0.019 1.452 "" "" 13.90468 1.943363 14.832709 12.889346 -4.8 3.19 1674.39111 1787.14917 51650.50002 15.924 15934.0 34.585 55389.0 167.72 "" "" 0.002775578741076203 0.0036522113 0.005009229 0.00866144 295.80202429265 23.30472255976 1725.75281 -1.608 -5.657 1.0
295.77064889714 23.38133989727 0.0085 0.0117 3.2909 "" "" 2020090833503770624 2144.57202 0.4383 0.0177 -1.737 -5.288 0.01 0.016 0.944 "" "" 13.93865 1.138298 14.415789 13.277491 "" "" 2066.09937 2239.64795 50059.51245 7.9658 23394.0 14.644 38740.0 13.847 "" "" 0.002760731552499554 0.002871752 0.003799254 0.006671006 295.77064889714 23.38133989727 2144.57202 -1.737 -5.288 1.0
