Clusters/NGC_1960/NGC_1960_stars_in_region.tsv
# %ECSV 1.0
# ---
# datatype:
# - name: RA_ICRS_1
#   unit: deg
#   datatype: float64
#   format: '{:15.11f}'
#   description: Right ascension (ICRS) at Ep=2016.0 (ra)
#   meta: !!omap
#   - {ucd: POS_EQ_RA_MAIN}
#   - {width: 15}
#   - {precision: '11'}
# - name: DE_ICRS_1
#   unit: deg
#   datatype: float64
#   format: '{:15.11f}'
#   description: Declination (ICRS) at Ep=2016.0 (dec)
#   meta: !!omap
#   - {ucd: POS_EQ_DEC_MAIN}
#   - {width: 15}
#   - {precision: '11'}
# - name: e_RA_ICRS
#   unit: mas
#   datatype: float64
#   format: '{:7.4f}'
#   description: Standard error of right ascension (ra_error)
#   meta: !!omap
#   - {ucd: ERROR}
#   - {width: 7}
#   - {precision: '4'}
# - name: e_DE_ICRS
#   unit: mas
#   datatype: float64
#   format: '{:7.4f}'
#   description: Standard error of declination (dec_error)
#   meta: !!omap
#   - {ucd: ERROR}
#   - {width: 7}
#   - {precision: '4'}
# - name: _r_1
#   unit: ''
#   datatype: float64
#   format: '{:7.4f}'
#   description: Distance from center (084.07910845000+34.13379476000)[ICRS], at Epoch=J2016.0
#   meta: !!omap
#   - {ucd: POS_ANG_DIST_GENERAL}
#   - {width: 7}
#   - {precision: '4'}
# - name: HIP
#   datatype: int32
#   description: '? HIP cross-id number, van Leeuwen, Cat. I/311 (hip_original_ext_source_id)'
#   meta: !!omap
#   - {ucd: ID_NUMBER}
#   - {width: 6}
#   - values: {'null': -2147483648}
# - name: TYC2
#   datatype: string
#   description: Tycho-2 cross-id name, Hog et al., Cat. I/259 (tyc2_original_ext_source_id)
#   meta: !!omap
#   - {ucd: ID_CROSSID}
#   - {_votable_string_dtype: char}
# - name: Source
#   datatype: int64
#   description: Source identifier, identical to the Gaia-EDR3 source_id (id)
#   meta: !!omap
#   - {ucd: ID_MAIN}
#   - {width: 19}
# - name: rgeo
#   unit: pc
#   datatype: float64
#   format: '{:15.8f}'
#   description: '? Median of the geometric distance posterior (r_med_geo)'
#   meta: !!omap
#   - {ucd: PHYS_DISTANCE_TRUE}
#   - {width: 15}
#   - {precision: '8'}
#   - values: {'null': .nan}
# - name: Plx
#   unit: mas
#   datatype: float64
#   format: '{:9.4f}'
#   description: '? Parallax (parallax)'
#   meta: !!omap
#   - {ucd: POS_PARLX_TRIG}
#   - {width: 9}
#   - {precision: '4'}
#   - values: {'null': .nan}
# - name: e_Plx
#   unit: mas
#   datatype: float32
#   format: '{:7.4f}'
#   description: '? Standard error of parallax (parallax_error)'
#   meta: !!omap
#   - {ucd: ERROR}
#   - {width: 7}
#   - {precision: '4'}
#   - values: {'null': .nan}
# - name: pmRA
#   unit: mas / yr
#   datatype: float64
#   format: '{:9.3f}'
#   description: '? Proper motion in right ascension direction, pmRA*cosDE (pmra)'
#   meta: !!omap
#   - {ucd: POS_EQ_PMRA}
#   - {width: 9}
#   - {precision: '3'}
#   - values: {'null': .nan}
# - name: pmDE
#   unit: mas / yr
#   datatype: float64
#   format: '{:9.3f}'
#   description: '? Proper motion in declination direction (pmdec)'
#   meta: !!omap
#   - {ucd: POS_EQ_PMDEC}
#   - {width: 9}
#   - {precision: '3'}
#   - values: {'null': .nan}
# - name: e_pmRA
#   unit: mas / yr
#   datatype: float32
#   format: '{:6.3f}'
#   description: '? Standard error of proper motion in right ascension direction (pmra_error)'
#   meta: !!omap
#   - {ucd: ERROR}
#   - {width: 6}
#   - {precision: '3'}
#   - values: {'null': .nan}
# - name: e_pmDE
[...]
#         value: !astropy.table.SerializedColumn {name: SkyCoord.dec}
#       distance: !astropy.table.SerializedColumn
#         __class__: astropy.coordinates.distances.Distance
#         unit: !astropy.units.Unit {unit: pc}
#         value: !astropy.table.SerializedColumn {name: SkyCoord.distance}
#       frame: icrs
#       obstime: !astropy.time.Time {format: jyear_str, in_subfmt: '*', jd1: 367701545.0, jd2: 0.0, out_subfmt: '*', precision: 3, scale: tt}
#       pm_dec: !astropy.table.SerializedColumn
#         __class__: astropy.units.quantity.Quantity
#         unit: !astropy.units.Unit {unit: mas / yr}
#         value: !astropy.table.SerializedColumn {name: SkyCoord.pm_dec}
#       pm_ra_cosdec: !astropy.table.SerializedColumn
#         __class__: astropy.units.quantity.Quantity
#         unit: !astropy.units.Unit {unit: mas / yr}
#         value: !astropy.table.SerializedColumn {name: SkyCoord.pm_ra_cosdec}
#       ra: !astropy.table.SerializedColumn
#         __class__: astropy.coordinates.angles.Longitude
#         unit: *id001
#         value: !astropy.table.SerializedColumn {name: SkyCoord.ra}
#         wrap_angle: !astropy.coordinates.Angle
#           unit: *id001
#           value: 360.0
#       representation_type: spherical
# schema: astropy-2.0
RA_ICRS_1 DE_ICRS_1 e_RA_ICRS e_DE_ICRS _r_1 HIP TYC2 Source rgeo Plx e_Plx pmRA pmDE e_pmRA e_pmDE RUWE Teff logg Gmag BP-RP BPmag RPmag RV e_RV b_rgeo B_rgeo FG e_FG FBP e_FBP FRP e_FRP RAVE5 RAVE6 e_Gmag e_BPmag e_RPmag e_BP-RP SkyCoord.ra SkyCoord.dec SkyCoord.distance SkyCoord.pm_ra_cosdec SkyCoord.pm_dec rmRA rmDE e_rmRA e_rmDE rRV e_rRV v_pec v_pec3d e_vpec e_vpec3d
[from data line 386]
83.99414865607 34.22425211073 0.0175 0.0141 6.8733 "" "" 3449531571085976320 1099.93518 0.8667 0.0207 -0.139 -3.537 0.024 0.018 0.979 6712.6 4.248 14.144281 0.853766 14.484766 13.631 "" "" 1078.99951 1123.86035 41422.2812 12.241 21954.0 16.245 27974.0 25.965 "" "" 0.0027739388193009783 0.0029035315 0.0039114337 0.006814965 83.99414865607 34.22425211073 1099.93518 -0.1390000000000001 -3.537 0.0755625054836273 -0.11781245422363273 0.17283231 0.1668323 "" "" 0.7297208237880001 "" 0.12303323337127241 ""
83.89137705601 33.96476903653 0.0176 0.0132 13.7823 "" "" 3449492199124721280 1119.95105 0.8521 0.0202 -0.253 -3.39 0.025 0.017 1.002 "" "" 14.155062 0.88436 14.508988 13.624628 -40.72 6.98 1091.67725 1147.05457 41013.03272 9.7369 21469.0 23.634 28139.0 19.89 "" "" 0.00276735107177549 0.003035393 0.003856515 0.006891908 83.89137705601 33.96476903653 1119.95105 -0.2530000000000001 -3.389999999999998 -0.03843749451637268 0.029187545776367063 0.17383231 0.16583231 -34.834736842105265 10.779857 0.256209431556494 34.83567903933472 0.04379897819621294 10.779565124899714
84.56400437299 34.57968147275 0.018 0.0137 35.9526 "" "" 3449628950882385792 1195.68408 0.7911 0.0204 1.71 -9.044 0.025 0.017 1.013 6732.7 4.1551 14.163794 0.963136 14.553442 13.590306 18.14 12.2 1169.99658 1223.7262 40684.49778 9.2045 20608.0 22.408 29043.0 26.47 "" "" 0.0027662478984798356 0.0030296522 0.00390678 0.006936432 84.56400437299 34.57968147275 1195.68408 1.7099999999999993 -9.044 1.9245625054836273 -5.624812454223633 0.17383231 0.16583231 24.025263157894738 15.999856 33.69326916402859 41.38175511944575 5.61628839374439 10.353679818215994
83.43548509956 34.27199277257 0.0176 0.0128 32.9974 "" "" 3449561227838805376 1125.87695 0.8534 0.0202 7.133 -5.866 0.025 0.017 0.987 5013.6 3.6749 14.164049 1.322957 14.755312 13.432355 -26.05 3.04 1102.53406 1150.90808 40674.96906 7.5467 17112.0 25.438 33590.0 31.832 "" "" 0.0027626742572510344 0.0032233647 0.003916936 0.0071403007 83.43548509956 34.27199277257 1125.87695 7.133000000000002 -5.866000000000001 7.347562505483627 -2.4468124542236325 0.17383231 0.16583231 -20.164736842105263 6.839856 41.32845838584116 45.98541164827778 7.151903181831254 7.092967428813426
84.65770775726 34.42540024644 0.0203 0.0168 33.6004 "" "" 3449437189182121728 1243.01355 0.765 0.0236 1.089 -1.7 0.028 0.02 1.162 6718.3 4.0915 14.167783 0.97413 14.565151 13.591022 17.7 8.73 1200.31091 1284.15125 40535.32613 10.745 20387.0 25.584 29023.0 20.933 "" "" 0.002770310565929162 0.003105073 0.0038596583 0.006964731 84.65770775726 34.42540024644 1243.01355 1.089 -1.7 1.3035625054836273 1.7191875457763672 0.1768323 0.1688323 23.585263157894737 12.529856 12.711842317920379 26.792826900922908 2.1838424109428165 11.07837472284991
84.30718004663 33.70379439605 0.018 0.013 28.1885 "" "" 3449305247786962432 1026.89807 0.9376 0.0205 -0.531 -3.872 0.026 0.019 1.004 6726.4 4.278 14.168676 0.86972 14.518501 13.648781 32.41 18.1 1006.39819 1050.96313 40501.95778 10.573 21282.0 24.133 27520.0 20.049 "" "" 0.002769859604395304 0.0030497317 0.0038612674 0.0069109993 84.30718004663 33.70379439605 1026.89807 -0.5309999999999993 -3.872 -0.3164374945163727 -0.4528124542236327 0.17483231 0.1678323 38.29526315789473 21.899857 2.6889200140231586 38.38954898373024 0.4575490038080549 21.846093403061396
83.47757733142 34.48106763068 0.0179 0.0136 36.3723 "" "" 3449600226141547392 934.305542 1.0307 0.021 4.05 -4.316 0.022 0.017 0.997 5727.8 4.1168 14.171279 1.027295 14.598133 13.570838 -16.54 4.26 913.106323 958.803406 40404.99571 9.82 19777.0 25.63 29568.0 23.52 "" "" 0.002767927061076327 0.0031248783 0.003876806 0.007001684 83.47757733142 34.48106763068 934.305542 4.05 -4.316 4.264562505483627 -0.8968124542236326 0.1708323 0.16583231 -10.654736842105262 8.059856 19.299164468524538 22.04498052522785 3.292891452296224 4.8461258422114835
84.13472279262 33.59296510559 0.0176 0.013 32.5679 "" "" 3449281505207795328 1080.58496 0.8847 0.0197 0.878 -2.845 0.022 0.017 0.959 7050.7 4.2486 14.174795 0.861497 14.517263 13.655767 -6.82 11.33 1059.17273 1102.90698 40274.37416 12.457 21306.0 20.106 27343.0 23.861 "" "" 0.002775709948845722 0.002972343 0.0038963356 0.0068686786 84.13472279262 33.59296510559 1080.58496 0.8780000000000004 -2.845 1.0925625054836274 0.574187545776367 0.1708323 0.16583231 -0.9347368421052638 15.129856 6.321817857025673 6.390548801268761 1.0732088214806377 2.4545076801809924
84.15496799885 34.21086595695 0.0188 0.0144 5.9636 "" "" 3449524875235799296 899.616577 1.0642 0.02 3.746 -6.124 0.023 0.018 1.07 6244.2 4.3348 14.17534 0.875983 14.522598 13.646615 5.99 6.25 880.775757 916.766235 40254.16833 13.858 21202.0 29.09 27575.0 45.118 "" "" 0.002780557418503663 0.003162938 0.004176073 0.007339011 84.15496799885 34.21086595695 899.616577 3.7460000000000027 -6.124 3.9605625054836273 -2.7048124542236325 0.17183231 0.1668323 11.875263157894736 10.049856 20.451219577697312 23.64898004744479 3.481982428372224 5.876586944569648
84.56773213206 34.21620482197 0.0231 0.018 24.7539 "" "" 3449426640742501376 1295.12244 0.7323 0.0236 3.304 -2.49 0.027 0.021 0.935 7067.6 4.1806 14.177433 0.769581 14.479395 13.709814 "" "" 1260.07935 1329.69067 40176.62449 17.89 22063.0 36.147 26016.0 24.25 "" "" 0.0027974137418468317 0.003308965 0.0039125364 0.0072215013 84.56773213206 34.21620482197 1295.12244 3.3040000000000016 -2.49 3.518562505483627 0.929187545776367 0.1758323 0.1698323 "" "" 22.340524831757143 "" 3.91958696068805 ""
83.52038369545 34.27683498722 0.0177 0.0131 29.0228 "" "" 3449561842015688448 1268.85205 0.7518 0.0203 2.661 -5.868 0.026 0.019 1.002 6481.9 3.9295 14.178479 0.864938 14.493001 13.628063 12.66 11.84 1234.38257 1299.66199 40137.93539 12.817 21788.0 86.835 28050.0 155.62 "" "" 0.0027770472291700743 0.005148714 0.00711109 0.012259804 83.52038369545 34.27683498722 1268.85205 2.661 -5.867999999999999 2.8755625054836274 -2.448812454223633 0.17483231 0.1678323 18.545263157894738 15.639856 22.716084114107204 29.324857426333068 3.9054515132853584 10.343097835884809
83.73190671878 33.98883503116 0.0186 0.0148 19.3259 "" "" 3449504701772627968 1099.15088 0.8715 0.0223 0.996 -7.257 0.024 0.017 0.971 6465.4 4.1839 14.193704 0.96194 14.58708 13.62514 18.33 11.45 1075.56287 1124.35315 39579.03485 9.3585 19980.0 20.285 28126.0 21.183 "" "" 0.0027672542826395114 0.0030000226 0.003866832 0.0068668546 83.73190671878 33.98883503116 1099.15088 0.9960000000000009 -7.257 1.2105625054836273 -3.8378124542236325 0.17283231 0.16583231 24.215263157894736 15.249856 20.96603411208517 32.0305097710794 3.4903807433036205 11.753180898572763
83.4668036652 33.82496627952 0.0451 0.0357 35.6574 "" "" 3449495428939962624 1090.09863 0.8818 0.0567 0.728 0.663 0.054 0.043 2.449 5689.7 4.1623 14.194947 1.266652 14.747425 13.480773 12.76 5.31 1032.32556 1171.48267 39533.73734 11.17 17236.0 24.595 32125.0 22.553 "" "" 0.0027723448230895296 0.0031914525 0.0038554792 0.0070469314 83.4668036652 33.82496627952 1090.09863 0.728 0.663 0.9425625054836273 4.082187545776367 0.20283231 0.1918323 18.645263157894735 9.109857 21.647903521446032 28.57057166213134 4.165147057473953 6.730856028048532
83.49730700676 34.13052314825 0.0375 0.028 28.8956 "" "" 3449555519823337472 1139.59692 0.8399 0.0407 1.842 -5.852 0.048 0.035 2.053 6575.6 4.2141 14.209775 0.926837 14.580828 13.653991 24.1 8.66 1095.89929 1184.19922 38997.50532 10.038 20095.0 21.876 27388.0 21.691 "" "" 0.0027694571122893145 0.0030301958 0.0038759694 0.0069061653 83.49730700676 34.13052314825 1139.59692 1.8420000000000005 -5.852000000000001 2.0565625054836274 -2.432812454223633 0.1968323 0.1838323 29.98526315789474 12.459856 17.207603455961156 34.57191957855111 3.2584125981929946 10.927826007375597
84.20134321683 34.54090750565 0.0247 0.0199 25.1663 "" "" 3449635925909191424 1243.05823 0.7698 0.026 0.361 -2.414 0.029 0.023 0.983 7203.6 4.1657 14.21597 0.778456 14.521204 13.742748 "" "" 1207.9209 1282.70972 38775.60622 16.386 21229.0 41.787 25238.0 39.565 "" "" 0.002793260034755917 0.0035146093 0.004144974 0.0076595834 84.20134321683 34.54090750565 1243.05823 0.3610000000000002 -2.4140000000000024 0.5755625054836273 1.005187545776367 0.1778323 0.17183231 "" "" 6.82485374807686 "" 1.1829728912958095 ""
84.07363490683 34.26155014135 0.0229 0.0185 7.6701 "" "" 3449525837308475776 1090.87854 0.8724 0.0279 -6.77 -1.144 0.031 0.023 1.545 5739.5 4.1227 14.218331 0.975848 14.615539 13.63969 -63.63 10.0 1055.83508 1122.92798 38691.37447 10.209 19463.0 31.397 27751.0 23.881 "" "" 0.002770173248290462 0.003294343 0.0038931596 0.0071875025 84.07363490683 34.26155014135 1090.87854 -6.77 -1.144 -6.555437494516372 2.275187545776367 0.17983231 0.17183231 -57.74473684210527 13.799856 35.88012637785182 67.98410183163861 6.422162638759615 12.201622520244108
84.0739757872 34.19967078142 0.0195 0.0151 3.9608 "" "" 3449525356272153856 1274.80591 0.7455 0.022 0.402 -2.099 0.025 0.019 1.145 7225.1 4.0047 14.21834 0.857421 14.559923 13.702502 -0.99 9.48 1234.79297 1312.46509 38691.08818 13.311 20486.0 22.147 26191.0 27.581 "" "" 0.0027805238967804216 0.0030270081 0.003948543 0.006975551 84.0739757872 34.19967078142 1274.80591 0.402 -2.099 0.6165625054836273 1.320187545776367 0.17383231 0.1678323 4.895263157894736 13.279856 8.804444423196857 10.073819682037385 1.4872671618858002 6.582814548771666
84.47019870375 33.95988897985 0.0185 0.0132 22.0659 "" "" 3449316758299228672 1231.76636 0.7683 0.021 0.613 -3.554 0.023 0.015 1.045 6072.6 3.9538 14.228608 0.924986 14.603997 13.679011 -8.16 9.18 1201.13904 1259.40869 38326.88674 8.0703 19671.0 20.769 26764.0 18.849 "" "" 0.0027647885269815754 0.0030164786 0.0038559583 0.006872437 84.47019870375 33.95988897985 1231.76636 0.6130000000000002 -3.554000000000002 0.8275625054836273 -0.13481245422363264 0.17183231 0.1638323 -2.2747368421052636 12.9798565 4.895475434342489 5.398157781047328 0.8402113913121212 5.522418871948786
84.32871258767 34.48148517635 0.0208 0.0158 24.2535 "" "" 3449624381037215360 1011.1828 0.9444 0.0224 0.07 -5.912 0.025 0.018 0.954 6668.6 4.2848 14.231392 0.934165 14.611648 13.677483 4.31 5.17 991.123169 1038.31238 38228.73784 10.83 19533.0 21.312 26802.0 21.111 "" "" 0.0027724351934959746 0.0030312333 0.0038749308 0.006906164 84.32871258767 34.48148517635 1011.1828 0.07 -5.912 0.2845625054836273 -2.4928124542236327 0.17383231 0.1668323 10.195263157894736 8.969856 12.025661597312922 15.765783447447593 2.0073740048586064 5.99922648511509
84.49541226396 33.86382501185 0.0208 0.0159 26.2908 "" "" 3449313975160437120 1021.02637 0.9382 0.0237 -1.646 -4.574 0.027 0.018 1.238 6925.3 4.1917 14.232714 0.811534 14.553708 13.742174 3.05 21.44 993.844666 1041.88501 38182.22804 10.299 20603.0 19.738 25252.0 15.324 "" "" 0.0027708402340127303 0.0029777451 0.0038363836 0.0068141287 84.49541226396 33.86382501185 1021.02637 -1.6460000000000008 -4.574 -1.4314374945163726 -1.1548124542236327 0.1758323 0.1668323 8.935263157894736 25.239857 8.901044052002346 12.612196990077399 1.53400755180445 17.91422453348586
84.03727256333 34.31654050142 0.0177 0.0141 11.1594 "" "" 3449538305595041152 1190.09973 0.7981 0.0208 0.608 -1.373 0.023 0.018 1.026 6370.1 4.1207 14.235601 0.951694 14.621748 13.670054 -31.52 5.28 1163.64746 1224.86963 38080.82136 8.3882 19352.0 22.612 26986.0 26.866 "" "" 0.0027656801055040976 0.003065043 0.0039309147 0.0069959573 84.03727256333 34.31654050142 1190.09973 0.6080000000000001 -1.3729999999999993 0.8225625054836273 2.046187545776367 0.17183231 0.1668323 -25.634736842105262 9.079857 12.4404424273885 28.49393515738317 2.0842323563131404 8.219274843635251
84.16392669859 33.54805894314 0.019 0.015 35.3974 "" "" 3449280474415649152 1065.20398 0.8974 0.0229 1.356 -8.922 0.025 0.019 1.082 6334.7 4.0871 14.247221 0.93332 14.624845 13.691524 -14.84 7.04 1040.3916 1088.78467 37675.44235 9.0024 19297.0 18.988 26457.0 26.813 "" "" 0.002767506927740398 0.0029877117 0.003936304 0.0069240155 84.16392669859 33.54805894314 1065.20398 1.3559999999999999 -8.922 1.5705625054836274 -5.502812454223633 0.17383231 0.1678323 -8.954736842105262 10.839856 28.89355214205351 30.249374659601187 4.8625447801120565 5.645308677705402
84.15292317358 33.98923468586 0.0178 0.0141 9.4177 "" "" 3449325726190990848 962.617676 0.9941 0.0212 9.569 -14.303 0.024 0.018 1.048 5536.5 4.2038 14.250659 1.038733 14.686501 13.647768 69.43 5.84 947.326233 981.628235 37556.3395 8.0997 18231.0 27.975 27546.0 18.803 "" "" 0.0027652521799288996 0.0032497258 0.003851363 0.0071010888 84.15292317358 33.98923468586 962.617676 9.569 -14.303 9.783562505483628 -10.883812454223634 0.17283231 0.1668323 75.31526315789475 9.639856 66.77548282773677 100.65462717342062 11.321117699560062 10.413303176688073
84.11928311651 34.16370724028 0.0172 0.0137 2.6834 "" "" 3449524256760526336 1132.35242 0.8416 0.0197 -0.256 -3.369 0.024 0.019 0.985 6660.5 4.1017 14.250912 0.859162 14.592829 13.733666 -8.34 11.85 1110.64954 1154.33948 37547.60191 8.2919 19874.0 27.3 25450.0 17.982 "" "" 0.00276573306718054 0.0031637636 0.003856453 0.0070202164 84.11928311651 34.16370724028 1132.35242 -0.2560000000000001 -3.369 -0.041437494516372686 0.05018754577636697 0.17283231 0.1678323 -2.4547368421052633 15.649857 0.34932569585161144 2.4794679682889904 0.05934235402364018 15.49376139314817
84.45146592538 34.43983500227 0.0197 0.0157 26.0368 "" "" 3449620498386772736 1126.89612 0.8463 0.0225 -0.49 -4.75 0.025 0.017 0.992 6026.6 4.1266 14.252081 1.050959 14.690861 13.639902 -111.7 6.96 1101.33887 1156.33728 37507.17623 9.8007 18158.0 21.532 27746.0 25.109 "" "" 0.002769887715277588 0.0030728902 0.003905013 0.006977903 84.45146592538 34.43983500227 1126.89612 -0.48999999999999977 -4.750000000000003 -0.27543749451637267 -1.3308124542236328 0.17383231 0.16583231 -105.81473684210526 10.759856 7.259173242715549 106.0634438868159 1.2062460068319591 10.734943013011042
84.13533970547 33.72525923738 0.0183 0.0138 24.6715 "" "" 3449295111664162304 1010.04547 0.9481 0.0221 -0.129 -3.607 0.025 0.019 0.944 6480.7 4.0648 14.252653 0.89749 14.613956 13.716466 23.0 6.27 990.532837 1033.23474 37487.40205 8.3163 19491.0 21.409 25857.0 21.705 "" "" 0.0027658279293638712 0.0030343514 0.0038877197 0.006922071 84.13533970547 33.72525923738 1010.04547 -0.1290000000000001 -3.6069999999999993 0.08556250548362732 -0.18781245422363302 0.17383231 0.1678323 28.885263157894737 10.069857 0.9880884592250514 28.902158163432794 0.16686712055936584 10.063971839090033
84.21917279793 34.14357653142 0.0239 0.0193 6.9804 "" "" 3449520752067197568 877.707581 1.0996 0.0281 -2.666 -15.245 0.031 0.023 1.328 5789.5 3.9719 14.254529 1.019097 14.672322 13.653225 9.18 11.84 856.145874 902.352905 37422.69576 13.435 18471.0 22.944 27407.0 24.017 "" "" 0.0027827545705245865 0.003099022 0.0038973023 0.0069963243 84.21917279793 34.14357653142 877.707581 -2.6659999999999995 -15.245000000000001 -2.4514374945163726 -11.825812454223632 0.17983231 0.17183231 15.065263157894737 15.639856 50.245292834767 52.455234305721184 8.6506947987085 9.425395120110174
84.10010527716 34.07866173042 0.0179 0.0132 3.4686 "" "" 3449514945271460608 1142.44763 0.8308 0.0201 -0.088 -3.387 0.024 0.017 1.007 6819.5 4.321 14.254855 0.844084 14.590131 13.746047 -13.16 14.27 1119.04895 1168.71533 37411.45535 10.316 19923.0 26.36 25162.0 26.153 "" "" 0.0027715376934207 0.0031382588 0.003944266 0.0070825247 84.10010527716 34.07866173042 1142.44763 -0.08800000000000002 -3.3869999999999996 0.12656250548362732 0.03218754577636718 0.17283231 0.16583231 -7.274736842105264 18.069857 0.70717861703746 7.3090285071463965 0.12192832009221699 17.985082423454003
