Clusters/NGC_1960/NGC_1960_members.tsv
# %ECSV 1.0
# ---
# datatype:
# - name: RA_ICRS_1
#   unit: deg
#   datatype: float64
#   format: '{:15.11f}'
#   description: Right ascension (ICRS) at Ep=2016.0 (ra)
#   meta: !!omap
#   - {ucd: POS_EQ_RA_MAIN}
#   - {width: 15}
#   - {precision: '11'}
# - name: DE_ICRS_1
#   unit: deg
#   datatype: float64
#   format: '{:15.11f}'
#   description: Declination (ICRS) at Ep=2016.0 (dec)
#   meta: !!omap
#   - {ucd: POS_EQ_DEC_MAIN}
#   - {width: 15}
#   - {precision: '11'}
# - name: e_RA_ICRS
#   unit: mas
#   datatype: float64
#   format: '{:7.4f}'
#   description: Standard error of right ascension (ra_error)
#   meta: !!omap
#   - {ucd: ERROR}
#   - {width: 7}
#   - {precision: '4'}
# - name: e_DE_ICRS
#   unit: mas
#   datatype: float64
#   format: '{:7.4f}'
#   description: Standard error of declination (dec_error)
#   meta: !!omap
#   - {ucd: ERROR}
#   - {width: 7}
#   - {precision: '4'}
# - name: _r_1
#   unit: ''
#   datatype: float64
#   format: '{:7.4f}'
#   description: Distance from center (084.07910845000+34.13379476000)[ICRS], at Epoch=J2016.0
#   meta: !!omap
#   - {ucd: POS_ANG_DIST_GENERAL}
#   - {width: 7}
#   - {precision: '4'}
# - name: HIP
#   datatype: int32
#   description: '? HIP cross-id number, van Leeuwen, Cat. I/311 (hip_original_ext_source_id)'
#   meta: !!omap
#   - {ucd: ID_NUMBER}
#   - {width: 6}
#   - values: {'null': -2147483648}
# - name: TYC2
#   datatype: string
#   description: Tycho-2 cross-id name, Hog et al., Cat. I/259 (tyc2_original_ext_source_id)
#   meta: !!omap
#   - {ucd: ID_CROSSID}
#   - {_votable_string_dtype: char}
# - name: Source
#   datatype: int64
#   description: Source identifier, identical to the Gaia-EDR3 source_id (id)
#   meta: !!omap
#   - {ucd: ID_MAIN}
#   - {width: 19}
# - name: rgeo
#   unit: pc
#   datatype: float64
#   format: '{:15.8f}'
#   description: '? Median of the geometric distance posterior (r_med_geo)'
#   meta: !!omap
#   - {ucd: PHYS_DISTANCE_TRUE}
#   - {width: 15}
#   - {precision: '8'}
#   - values: {'null': .nan}
# - name: Plx
#   unit: mas
#   datatype: float64
#   format: '{:9.4f}'
#   description: '? Parallax (parallax)'
#   meta: !!omap
#   - {ucd: POS_PARLX_TRIG}
#   - {width: 9}
#   - {precision: '4'}
#   - values: {'null': .nan}
# - name: e_Plx
#   unit: mas
#   datatype: float32
#   format: '{:7.4f}'
#   description: '? Standard error of parallax (parallax_error)'
#   meta: !!omap
#   - {ucd: ERROR}
#   - {width: 7}
#   - {precision: '4'}
#   - values: {'null': .nan}
# - name: pmRA
#   unit: mas / yr
#   datatype: float64
#   format: '{:9.3f}'
#   description: '? Proper motion in right ascension direction, pmRA*cosDE (pmra)'
#   meta: !!omap
#   - {ucd: POS_EQ_PMRA}
#   - {width: 9}
#   - {precision: '3'}
#   - values: {'null': .nan}
# - name: pmDE
#   unit: mas / yr
#   datatype: float64
#   format: '{:9.3f}'
#   description: '? Proper motion in declination direction (pmdec)'
#   meta: !!omap
#   - {ucd: POS_EQ_PMDEC}
#   - {width: 9}
#   - {precision: '3'}
#   - values: {'null': .nan}
# - name: e_pmRA
#   unit: mas / yr
#   datatype: float32
#   format: '{:6.3f}'
#   description: '? Standard error of proper motion in right ascension direction (pmra_error)'
#   meta: !!omap
#   - {ucd: ERROR}
#   - {width: 6}
#   - {precision: '3'}
#   - values: {'null': .nan}
# - name: e_pmDE
[...]
#       distance: !astropy.table.SerializedColumn
#         __class__: astropy.coordinates.distances.Distance
#         unit: !astropy.units.Unit {unit: pc}
#         value: !astropy.table.SerializedColumn {name: SkyCoord.distance}
#       frame: icrs
#       obstime: !astropy.time.Time {format: jyear_str, in_subfmt: '*', jd1: 367701545.0, jd2: 0.0, out_subfmt: '*', precision: 3, scale: tt}
#       pm_dec: !astropy.table.SerializedColumn
#         __class__: astropy.units.quantity.Quantity
#         unit: !astropy.units.Unit {unit: mas / yr}
#         value: !astropy.table.SerializedColumn {name: SkyCoord.pm_dec}
#       pm_ra_cosdec: !astropy.table.SerializedColumn
#         __class__: astropy.units.quantity.Quantity
#         unit: !astropy.units.Unit {unit: mas / yr}
#         value: !astropy.table.SerializedColumn {name: SkyCoord.pm_ra_cosdec}
#       ra: !astropy.table.SerializedColumn
#         __class__: astropy.coordinates.angles.Longitude
#         unit: *id001
#         value: !astropy.table.SerializedColumn {name: SkyCoord.ra}
#         wrap_angle: !astropy.coordinates.Angle
#           unit: *id001
#           value: 360.0
#       representation_type: spherical
# schema: astropy-2.0
RA_ICRS_1 DE_ICRS_1 e_RA_ICRS e_DE_ICRS _r_1 HIP TYC2 Source rgeo Plx e_Plx pmRA pmDE e_pmRA e_pmDE RUWE Teff logg Gmag BP-RP BPmag RPmag RV e_RV b_rgeo B_rgeo FG e_FG FBP e_FBP FRP e_FRP RAVE5 RAVE6 e_Gmag e_BPmag e_RPmag e_BP-RP SkyCoord.ra SkyCoord.dec SkyCoord.distance SkyCoord.pm_ra_cosdec SkyCoord.pm_dec rmRA rmDE e_rmRA e_rmDE rRV e_rRV v_pec v_pec3d e_vpec e_vpec3d Pmemb
[from data line 181]
84.21644170479 34.07644705895 0.0422 0.0341 7.6413 "" "" 3449519961793232640 1214.71924 0.7902 0.0484 -0.194 -3.506 0.057 0.043 0.978 4691.0 4.1951 16.260962 1.422926 16.911045 15.488119 "" "" 1137.99976 1291.79639 5896.06272 13.796 2349.6 20.94 5057.2 28.136 "" "" 0.0037477747634061817 0.010070493 0.0071254456 0.01719594 84.21644170479 34.07644705895 1214.71924 -0.194 -3.5060000000000002 0.020562505483627314 -0.0868124542236326 0.2058323 0.1918323 "" "" 0.5136762364344646 "" 0.09893487536343261 "" 0.9
84.21243509287 34.11692476622 0.0437 0.036 6.6991 "" "" 3449520266734338944 1260.75439 0.7721 0.051 -0.054 -3.531 0.058 0.044 0.994 4844.2 4.4712 16.284641 1.435988 16.939178 15.50319 "" "" 1188.37756 1348.96008 5768.86755 11.202 2289.5 16.491 4987.5 30.834 "" "" 0.0034693882322717334 0.008303263 0.00770316 0.016006423 84.21243509287 34.11692476622 1260.75439 -0.054000000000000076 -3.5309999999999997 0.16056250548362733 -0.11181245422363295 0.2068323 0.1928323 "" "" 1.1692519053545452 "" 0.236617762601541 "" 0.9
84.05509892933 34.10679518046 0.0445 0.0337 2.0116 "" "" 3449518239509755520 1216.12988 0.8001 0.0499 -0.193 -3.448 0.059 0.043 0.932 4731.9 4.1946 16.323484 1.453602 16.98276 15.529158 "" "" 1142.61987 1322.00256 5566.12325 6.5178 2199.4 19.175 4869.6 27.036 "" "" 0.003034497513410265 0.009868417 0.0071148113 0.016983228 84.05509892933 34.10679518046 1216.12988 -0.19300000000000006 -3.448 0.021562505483627314 -0.028812454223632766 0.2078323 0.1918323 "" "" 0.2074482673281702 "" 0.041017780152042764 "" 1.0
84.25235853961 34.05800115549 0.0505 0.0416 9.7355 "" "" 3449332014023079808 1212.32495 0.8123 0.0598 -0.168 -3.547 0.066 0.051 1.122 5070.7 4.6509 16.32836 1.488069 17.019213 15.531143 "" "" 1117.00854 1296.89954 5541.19229 6.5455 2126.8 14.021 4860.7 19.867 "" "" 0.0030391849179790633 0.0076823467 0.0058289696 0.013511317 84.25235853961 34.05800115549 1212.32495 -0.16800000000000007 -3.5469999999999993 0.04656250548362731 -0.12781245422363297 0.2148323 0.1998323 "" "" 0.7816840586812577 "" 0.15762465662922598 "" 1.0
83.99268206129 34.16505343085 0.0487 0.0381 4.6834 "" "" 3449519171519279360 1048.84363 0.9294 0.0578 -0.266 -3.116 0.065 0.048 0.975 4671.7 4.1997 16.34899 1.520585 17.056133 15.535548 "" "" 990.526855 1125.2323 5436.89952 12.435 2055.7 16.521 4841.0 33.448 "" "" 0.003709214586322792 0.009160955 0.008399949 0.017560905 83.99268206129 34.16505343085 1048.84363 -0.26600000000000007 -3.1160000000000005 -0.051437494516372695 0.3031875457763671 0.2138323 0.1968323 "" "" 1.528841086247863 "" 0.3016829045726661 "" 0.8
84.12388807851 34.0889730481 0.0504 0.0348 3.4901 "" "" 3449515082710404352 1215.50964 0.8055 0.0559 -0.356 -3.718 0.074 0.047 0.999 5479.7 4.5759 16.367867 1.621668 17.126554 15.504887 "" "" 1130.64246 1310.73486 5343.18528 8.9337 1926.6 20.934 4979.7 26.029 "" "" 0.0032995771726974286 0.012122822 0.006818448 0.01894127 84.12388807851 34.0889730481 1215.50964 -0.356 -3.718 -0.14143749451637266 -0.2988124542236328 0.2228323 0.19583231 "" "" 1.9047317107516817 "" 0.38293784593432206 "" 0.9
84.0067219015 34.24140304349 0.0485 0.0411 7.3888 "" "" 3449531605445775232 1165.76782 0.8038 0.0605 -0.271 -3.401 0.062 0.048 0.962 4866.8 4.408 16.375002 1.409894 17.020012 15.610118 "" "" 1095.61804 1261.82556 5308.18362 20.824 2125.3 44.101 4519.7 43.787 "" "" 0.005072847664108394 0.022701668 0.011177014 0.03387868 84.0067219015 34.24140304349 1165.76782 -0.27100000000000013 -3.400999999999999 -0.0564374945163727 0.018187545776367386 0.2108323 0.1968323 "" "" 0.32765247648381035 "" 0.06866122308303724 "" 1.0
84.08117836125 34.12433941173 0.0577 0.0425 0.5766 "" "" 3449518209446595072 1192.87732 0.8057 0.061 -0.028 -3.425 0.095 0.061 0.985 "" "" 16.416393 1.592312 17.156586 15.564274 "" "" 1127.19653 1256.45703 5109.62923 5.5699 1874.1 12.95 4714.6 22.111 "" "" 0.002998758466945287 0.008004457 0.006341303 0.0143457595 84.08117836125 34.12433941173 1192.87732 -0.02800000000000008 -3.424999999999999 0.18656250548362732 -0.005812454223632635 0.2438323 0.20983231 "" "" 1.0553807397162644 "" 0.25730354586393833 "" 1.0
84.12114462714 34.03609737788 0.0484 0.0378 6.2229 "" "" 3449513673961147136 1153.7113 0.8338 0.0562 -0.267 -3.515 0.062 0.044 1.016 5056.3 4.6206 16.419216 1.504233 17.108856 15.604623 "" "" 1094.651 1229.29236 5096.36132 9.1892 1958.3 17.206 4542.6 26.571 "" "" 0.0033799855299746417 0.009939157 0.0073902803 0.017329438 84.12114462714 34.03609737788 1153.7113 -0.267 -3.5150000000000006 -0.052437494516372696 -0.09581245422363294 0.2108323 0.1928323 "" "" 0.5972973151596511 "" 0.11774339968870035 "" 0.8
83.99457403328 34.22991046083 0.0495 0.0399 7.1318 "" "" 3449531575384476928 1130.01941 0.852 0.0592 -0.405 -3.33 0.068 0.05 0.978 5081.4 4.6278 16.427576 1.476188 17.100927 15.62474 "" "" 1060.84326 1194.66028 5057.27458 12.545 1972.6 24.207 4459.3 35.448 "" "" 0.003852978519644172 0.013612757 0.009421988 0.023034746 83.99457403328 34.22991046083 1130.01941 -0.40500000000000014 -3.3299999999999983 -0.1904374945163727 0.08918754577636712 0.21683231 0.1988323 "" "" 1.126361572839886 "" 0.24071060892222795 "" 0.9
84.09866505115 34.10508690018 0.0492 0.0383 1.9775 "" "" 3449515254509097216 1280.1781 0.7595 0.0587 -0.358 -3.282 0.064 0.05 0.947 4879.9 4.462 16.431404 1.388207 17.067638 15.679431 "" "" 1186.72351 1384.70007 5039.47406 7.3814 2034.1 11.65 4240.2 18.409 "" "" 0.0031813250414631784 0.0068156742 0.0060417987 0.0128574725 84.09866505115 34.10508690018 1280.1781 -0.358 -3.282 -0.14343749451637267 0.13718754577636716 0.2128323 0.1988323 "" "" 1.204391941133549 "" 0.24842092726308365 "" 1.0
84.02916322639 34.38113269365 0.0586 0.0475 15.0455 "" "" 3449539512483990016 1199.80371 0.8017 0.0671 -0.326 -3.441 0.069 0.055 1.12 4614.4 4.374 16.448456 1.503708 17.141973 15.638266 "" "" 1102.02502 1318.95361 4960.94798 18.566 1899.4 24.729 4404.0 48.475 "" "" 0.004909391740635701 0.0144083435 0.01253411 0.026942454 84.02916322639 34.38113269365 1199.80371 -0.32600000000000007 -3.4409999999999994 -0.11143749451637269 -0.02181245422363265 0.2178323 0.2038323 "" "" 0.6457791682803568 "" 0.14034830537623275 "" 1.0
84.14169309552 34.31231670011 0.0562 0.0439 11.1523 "" "" 3449527830173572736 1034.55176 0.942 0.0614 -0.219 -3.472 0.074 0.054 1.004 4831.4 4.4838 16.45053 1.406323 17.081808 15.675485 "" "" 956.033752 1119.59448 4951.47765 10.533 2007.7 28.372 4255.6 37.114 "" "" 0.0035952968323611726 0.015594817 0.010195318 0.025790134 84.14169309552 34.31231670011 1034.55176 -0.21899999999999994 -3.4720000000000004 -0.004437494516372681 -0.05281245422363279 0.2228323 0.20283231 "" "" 0.2598930000958794 "" 0.05275292007381716 "" 1.0
84.05246011292 34.15815422537 0.0508 0.0395 1.9716 "" "" 3449518656123190016 1082.03149 0.9089 0.0565 -0.082 -3.623 0.068 0.049 1.046 4712.4 4.371 16.46162 1.487925 17.138823 15.650898 "" "" 1022.95984 1147.7627 4901.15464 7.6965 1905.0 23.01 4353.1 23.389 "" "" 0.0032401766023807065 0.013407855 0.006950879 0.020358734 84.05246011292 34.15815422537 1082.03149 -0.08199999999999999 -3.623 0.1325625054836273 -0.20381245422363303 0.21683231 0.1978323 "" "" 1.2469737084407828 "" 0.25396592211344404 "" 0.9
84.04103187842 34.11840966415 0.0503 0.0396 2.1045 "" "" 3449518072007654400 1271.1366 0.7548 0.0578 0.034 -3.607 0.066 0.051 1.006 4779.1 4.2878 16.516556 1.656364 17.29656 15.640197 "" "" 1192.13855 1366.69031 4659.33897 8.2866 1647.4 27.192 4396.2 22.779 "" "" 0.003364587557272279 0.018137071 0.006777385 0.024914457 84.04103187842 34.11840966415 1271.1366 0.034 -3.607 0.24856250548362732 -0.18781245422363302 0.2148323 0.1998323 "" "" 1.877083674085558 "" 0.3932586007516883 "" 0.9
84.15257076079 34.10367965475 0.0489 0.0392 4.0719 "" "" 3449520919569341312 1213.1261 0.791 0.0559 -0.22 -3.574 0.067 0.049 1.0 5124.2 3.8122 16.536278 1.591813 17.288105 15.696292 "" "" 1141.22986 1319.43567 4575.47295 7.9765 1660.3 13.581 4174.9 27.978 "" "" 0.0033428153693320257 0.0093091335 0.008199051 0.017508185 84.15257076079 34.10367965475 1213.1261 -0.22000000000000022 -3.574 -0.005437494516372682 -0.15481245422363266 0.21583231 0.1978323 "" "" 0.8907542405784976 "" 0.17624061396471097 "" 1.0
84.06216395579 34.20834595421 0.052 0.0406 4.5515 "" "" 3449525386335495040 934.130188 1.0421 0.0594 -0.235 -3.228 0.07 0.051 0.97 4533.0 4.5042 16.66086 1.440583 17.327177 15.886594 "" "" 885.087524 990.984436 4079.4583 3.3883 1601.6 11.971 3503.6 21.517 "" "" 0.002899139191364474 0.008581488 0.007664536 0.016246025 84.06216395579 34.20834595421 934.130188 -0.23500000000000001 -3.228000000000002 -0.020437494516372667 0.19118754577636698 0.21883231 0.1998323 "" "" 0.8513588219826254 "" 0.17032033102912653 "" 1.0
84.45845860513 34.03587832621 0.0575 0.0456 19.7451 "" "" 3449329024725810944 1272.77112 0.7853 0.0663 -0.219 -3.518 0.074 0.052 1.013 4444.8 4.3778 16.705828 1.533899 17.416 15.882101 "" "" 1191.52954 1395.06543 3913.95156 5.0755 1475.8 12.484 3518.2 15.262 "" "" 0.0030942069796463458 0.009598862 0.006038812 0.015637673 84.45845860513 34.03587832621 1272.77112 -0.21899999999999994 -3.518 -0.004437494516372681 -0.0988124542236326 0.2228323 0.2008323 "" "" 0.5967299435108862 "" 0.11987051813912054 "" 1.0
84.11783379423 34.13610403732 0.0531 0.0406 1.9282 "" "" 3449521263167082752 1051.97083 0.9294 0.0598 -0.333 -3.378 0.072 0.051 0.982 4482.3 4.4537 16.724977 1.567762 17.453089 15.885326 "" "" 989.352539 1115.46509 3845.5268 5.6408 1426.2 14.362 3507.7 15.794 "" "" 0.0031824821875400017 0.011283893 0.006179254 0.017463148 84.11783379423 34.13610403732 1051.97083 -0.333 -3.378 -0.1184374945163727 0.041187545776367074 0.2208323 0.1998323 "" "" 0.6252612880539917 "" 0.13672196856976995 "" 0.9
84.2346890575 34.24556833288 0.0639 0.0502 10.2274 "" "" 3449523603925462400 1106.23938 0.8774 0.0652 -0.307 -3.342 0.081 0.061 1.074 4627.7 4.4146 16.751593 1.517453 17.452068 15.934615 "" "" 1035.25452 1214.8595 3752.40564 6.071 1427.5 14.935 3352.1 17.512 "" "" 0.0032676382154586724 0.011697001 0.0068158875 0.018512888 84.2346890575 34.24556833288 1106.23938 -0.3070000000000002 -3.3419999999999996 -0.09243749451637268 0.0771875457763671 0.2298323 0.20983231 "" "" 0.6314667745674877 "" 0.14008098926991736 "" 0.8
84.10258868996 34.18866187169 0.062 0.0472 3.4923 "" "" 3449524531638428800 1185.07666 0.8469 0.0704 -0.091 -3.642 0.082 0.059 1.107 4556.0 4.3657 16.769781 1.633334 17.534986 15.901652 "" "" 1096.90869 1263.84595 3690.06922 11.011 1322.6 20.046 3455.4 40.831 "" "" 0.004253000570421397 0.016690837 0.013374773 0.030065611 84.10258868996 34.18866187169 1185.07666 -0.09099999999999989 -3.6420000000000012 0.12356250548362732 -0.22281245422363272 0.23083231 0.2078323 "" "" 1.4311689418635947 "" 0.3055044206845321 "" 0.8
84.10786187758 34.20507579419 0.0742 0.0587 4.5088 "" "" 3449524699140720896 1023.52209 0.9633 0.0843 -0.274 -2.894 0.1 0.076 1.269 4998.8 4.6889 16.811272 1.746482 17.624233 15.877751 "" "" 951.667664 1114.48828 3551.71617 7.6982 1218.2 14.245 3532.3 19.204 "" "" 0.003623500826039742 0.012999015 0.0070090536 0.020008069 84.10786187758 34.20507579419 1023.52209 -0.274 -2.894 -0.0594374945163727 0.5251875457763671 0.24883232 0.2248323 "" "" 2.564210124694712 "" 0.5773364769951429 "" 0.8
84.02316314075 34.24608796634 0.0681 0.0556 7.2873 "" "" 3449537412241574912 1185.76099 0.8167 0.0767 0.076 -3.304 0.097 0.079 1.008 "" "" 16.8661 1.822798 17.744034 15.921236 "" "" 1099.20203 1306.54163 3376.80897 3.0011 1090.9 10.604 3393.6 17.067 "" "" 0.0029193988949763653 0.010916403 0.0066407225 0.017557126 84.02316314075 34.24608796634 1185.76099 0.07600000000000004 -3.3039999999999994 0.29056250548362733 0.11518754577636736 0.24583231 0.22783232 "" "" 1.7567545682984809 "" 0.4277096428532972 "" 1.0
84.17407490756 34.17039505316 0.0598 0.0475 5.2017 "" "" 3449521744203168128 1120.36511 0.8618 0.0665 -0.219 -3.406 0.078 0.06 1.073 4436.8 4.4385 16.894579 1.587078 17.646292 16.059214 "" "" 1030.56848 1200.70984 3289.38832 4.2309 1193.7 11.381 2988.6 15.916 "" "" 0.003089014431588634 0.010721086 0.00690776 0.017628845 84.17407490756 34.17039505316 1120.36511 -0.21899999999999986 -3.406 -0.004437494516372681 0.013187545776367049 0.2268323 0.20883231 "" "" 0.07389135762234446 "" 0.015571372456005619 "" 1.0
84.4239343603 34.25221061164 0.0612 0.0499 18.5296 "" "" 3449429007269505024 1066.90479 0.9375 0.0686 -0.315 -3.292 0.08 0.057 0.979 4728.4 4.5931 16.91688 1.575993 17.6664 16.090408 "" "" 987.769043 1146.63184 3222.51681 3.3161 1171.8 10.038 2904.0 13.927 "" "" 0.0029732260999593917 0.009710253 0.0064339945 0.016144248 84.4239343603 34.25221061164 1066.90479 -0.31500000000000006 -3.292 -0.10043749451637268 0.12718754577636737 0.2288323 0.2058323 "" "" 0.8195726088532796 "" 0.17617327162166252 "" 1.0
84.06024059586 34.07224002734 0.0668 0.0501 3.8104 "" "" 3449514803535857280 1214.10461 0.8257 0.0762 -0.443 -3.641 0.087 0.06 0.994 4788.8 4.6755 16.96512 1.639683 17.66139 16.021708 "" "" 1105.42017 1329.06287 3082.46608 4.8702 1177.2 25.79 3093.7 35.179 "" "" 0.003245687459705307 0.023949308 0.012911615 0.036860924 84.06024059586 34.07224002734 1214.10461 -0.44300000000000006 -3.641 -0.22843749451637269 -0.22181245422363283 0.2358323 0.20883231 "" "" 1.8323993649993806 "" 0.4088777494095769 "" 0.9
84.26324488046 33.88768609311 0.0642 0.0494 17.3759 "" "" 3449321053266576000 1177.94202 0.8389 0.0776 -0.301 -3.547 0.084 0.066 0.91 4412.4 4.4209 16.969328 1.681635 17.771475 16.08984 "" "" 1070.89197 1311.6908 3070.54706 8.3054 1063.7 12.834 2905.5 33.49 "" "" 0.0040269559725710745 0.0133937225 0.013072876 0.026466599 84.26324488046 33.88768609311 1177.94202 -0.301 -3.5470000000000006 -0.08643749451637267 -0.12781245422363297 0.23283231 0.2148323 "" "" 0.8615070254599939 "" 0.19008236860049244 "" 0.9
