Clusters/NGC_1960/NGC_1960_members.tsv
# %ECSV 1.0
# ---
# datatype:
# - name: RA_ICRS_1
#   unit: deg
#   datatype: float64
#   format: '{:15.11f}'
#   description: Right ascension (ICRS) at Ep=2016.0 (ra)
#   meta: !!omap
#   - {ucd: POS_EQ_RA_MAIN}
#   - {width: 15}
#   - {precision: '11'}
# - name: DE_ICRS_1
#   unit: deg
#   datatype: float64
#   format: '{:15.11f}'
#   description: Declination (ICRS) at Ep=2016.0 (dec)
#   meta: !!omap
#   - {ucd: POS_EQ_DEC_MAIN}
#   - {width: 15}
#   - {precision: '11'}
# - name: e_RA_ICRS
#   unit: mas
#   datatype: float64
#   format: '{:7.4f}'
#   description: Standard error of right ascension (ra_error)
#   meta: !!omap
#   - {ucd: ERROR}
#   - {width: 7}
#   - {precision: '4'}
# - name: e_DE_ICRS
#   unit: mas
#   datatype: float64
#   format: '{:7.4f}'
#   description: Standard error of declination (dec_error)
#   meta: !!omap
#   - {ucd: ERROR}
#   - {width: 7}
#   - {precision: '4'}
# - name: _r_1
#   unit: ''
#   datatype: float64
#   format: '{:7.4f}'
#   description: Distance from center (084.07910845000+34.13379476000)[ICRS], at Epoch=J2016.0
#   meta: !!omap
#   - {ucd: POS_ANG_DIST_GENERAL}
#   - {width: 7}
#   - {precision: '4'}
# - name: HIP
#   datatype: int32
#   description: '? HIP cross-id number, van Leeuwen, Cat. I/311 (hip_original_ext_source_id)'
#   meta: !!omap
#   - {ucd: ID_NUMBER}
#   - {width: 6}
#   - values: {'null': -2147483648}
# - name: TYC2
#   datatype: string
#   description: Tycho-2 cross-id name, Hog et al., Cat. I/259 (tyc2_original_ext_source_id)
#   meta: !!omap
#   - {ucd: ID_CROSSID}
#   - {_votable_string_dtype: char}
# - name: Source
#   datatype: int64
#   description: Source identifier, identical to the Gaia-EDR3 source_id (id)
#   meta: !!omap
#   - {ucd: ID_MAIN}
#   - {width: 19}
# - name: rgeo
#   unit: pc
#   datatype: float64
#   format: '{:15.8f}'
#   description: '? Median of the geometric distance posterior (r_med_geo)'
#   meta: !!omap
#   - {ucd: PHYS_DISTANCE_TRUE}
#   - {width: 15}
#   - {precision: '8'}
#   - values: {'null': .nan}
# - name: Plx
#   unit: mas
#   datatype: float64
#   format: '{:9.4f}'
#   description: '? Parallax (parallax)'
#   meta: !!omap
#   - {ucd: POS_PARLX_TRIG}
#   - {width: 9}
#   - {precision: '4'}
#   - values: {'null': .nan}
# - name: e_Plx
#   unit: mas
#   datatype: float32
#   format: '{:7.4f}'
#   description: '? Standard error of parallax (parallax_error)'
#   meta: !!omap
#   - {ucd: ERROR}
#   - {width: 7}
#   - {precision: '4'}
#   - values: {'null': .nan}
# - name: pmRA
#   unit: mas / yr
#   datatype: float64
#   format: '{:9.3f}'
#   description: '? Proper motion in right ascension direction, pmRA*cosDE (pmra)'
#   meta: !!omap
#   - {ucd: POS_EQ_PMRA}
#   - {width: 9}
#   - {precision: '3'}
#   - values: {'null': .nan}
# - name: pmDE
#   unit: mas / yr
#   datatype: float64
#   format: '{:9.3f}'
#   description: '? Proper motion in declination direction (pmdec)'
#   meta: !!omap
#   - {ucd: POS_EQ_PMDEC}
#   - {width: 9}
#   - {precision: '3'}
#   - values: {'null': .nan}
# - name: e_pmRA
#   unit: mas / yr
#   datatype: float32
#   format: '{:6.3f}'
#   description: '? Standard error of proper motion in right ascension direction (pmra_error)'
#   meta: !!omap
#   - {ucd: ERROR}
#   - {width: 6}
#   - {precision: '3'}
#   - values: {'null': .nan}
# - name: e_pmDE
[...]
#       distance: !astropy.table.SerializedColumn
#         __class__: astropy.coordinates.distances.Distance
#         unit: !astropy.units.Unit {unit: pc}
#         value: !astropy.table.SerializedColumn {name: SkyCoord.distance}
#       frame: icrs
#       obstime: !astropy.time.Time {format: jyear_str, in_subfmt: '*', jd1: 367701545.0, jd2: 0.0, out_subfmt: '*', precision: 3, scale: tt}
#       pm_dec: !astropy.table.SerializedColumn
#         __class__: astropy.units.quantity.Quantity
#         unit: !astropy.units.Unit {unit: mas / yr}
#         value: !astropy.table.SerializedColumn {name: SkyCoord.pm_dec}
#       pm_ra_cosdec: !astropy.table.SerializedColumn
#         __class__: astropy.units.quantity.Quantity
#         unit: !astropy.units.Unit {unit: mas / yr}
#         value: !astropy.table.SerializedColumn {name: SkyCoord.pm_ra_cosdec}
#       ra: !astropy.table.SerializedColumn
#         __class__: astropy.coordinates.angles.Longitude
#         unit: *id001
#         value: !astropy.table.SerializedColumn {name: SkyCoord.ra}
#         wrap_angle: !astropy.coordinates.Angle
#           unit: *id001
#           value: 360.0
#       representation_type: spherical
# schema: astropy-2.0
RA_ICRS_1 DE_ICRS_1 e_RA_ICRS e_DE_ICRS _r_1 HIP TYC2 Source rgeo Plx e_Plx pmRA pmDE e_pmRA e_pmDE RUWE Teff logg Gmag BP-RP BPmag RPmag RV e_RV b_rgeo B_rgeo FG e_FG FBP e_FBP FRP e_FRP RAVE5 RAVE6 e_Gmag e_BPmag e_RPmag e_BP-RP SkyCoord.ra SkyCoord.dec SkyCoord.distance SkyCoord.pm_ra_cosdec SkyCoord.pm_dec rmRA rmDE e_rmRA e_rmDE rRV e_rRV v_pec v_pec3d e_vpec e_vpec3d Pmemb
[from data line 150]
84.17095949847 34.16607521702 0.0267 0.0209 4.955 "" "" 3449521366246040704 1129.99268 0.8466 0.0311 -0.366 -3.448 0.037 0.027 0.93 4833.6 4.2403 15.293207 1.171706 15.786743 14.615037 "" "" 1089.30713 1170.32617 14376.85252 25.291 6617.9 52.997 11302.0 71.263 "" "" 0.0033525772344196727 0.009131436 0.007819886 0.016951323 84.17095949847 34.16607521702 1129.99268 -0.366 -3.4479999999999995 -0.15143749451637267 -0.028812454223632766 0.1858323 0.1758323 "" "" 0.8256745936303829 "" 0.15315607515931426 "" 1.0
83.97769845702 34.15053557169 0.0288 0.0227 5.1351 "" "" 3449519132863024128 1111.21814 0.858 0.0348 -0.12 -3.582 0.039 0.029 1.0 5105.4 4.3217 15.3205 1.181807 15.825102 14.643295 "" "" 1074.59509 1163.30127 14019.95769 15.966 6388.2 29.754 11011.0 72.447 "" "" 0.0030200294819089854 0.005775646 0.008081766 0.013857411 83.97769845702 34.15053557169 1111.21814 -0.11999999999999997 -3.5820000000000007 0.09456250548362732 -0.16281245422363266 0.18783231 0.1778323 "" "" 0.9917119702195739 "" 0.1789118186430161 "" 0.9
84.16315706387 34.19518631549 0.0271 0.021 5.5659 "" "" 3449524767860184192 1181.40503 0.8022 0.0309 -0.244 -3.276 0.036 0.027 0.924 5710.0 4.3173 15.342471 1.193582 15.853654 14.660071 "" "" 1144.38733 1226.54602 13739.09758 26.053 6222.4 37.433 10843.0 57.741 "" "" 0.0034395691065696064 0.007102614 0.006907412 0.014010025 84.16315706387 34.19518631549 1181.40503 -0.24400000000000002 -3.276 -0.029437494516372675 0.1431875457763674 0.1848323 0.1758323 "" "" 0.8185999032895239 "" 0.14424238869237163 "" 0.9
84.12445373946 34.24879741008 0.0278 0.0219 7.2579 "" "" 3449525906027948160 1128.60132 0.8532 0.0322 -0.23 -3.275 0.036 0.026 0.966 5306.2 4.3602 15.351815 1.055716 15.791717 14.736001 "" "" 1086.51489 1163.85461 13621.37038 6.5807 6587.6 25.182 10110.0 16.591 "" "" 0.002804804408227965 0.005001066 0.004178318 0.0091793835 84.12445373946 34.24879741008 1128.60132 -0.23000000000000004 -3.275 -0.01543749451637269 0.14418754577636728 0.1848323 0.17483231 "" "" 0.7757497507246668 "" 0.13571652466574416 "" 1.0
83.95479014594 34.10416364993 0.0602 0.0485 6.426 "" "" 3449517316093430784 1240.55115 0.7764 0.0711 -0.337 -3.513 0.077 0.063 2.787 5602.0 4.5729 15.39554 1.118404 15.825171 14.706766 "" "" 1143.13635 1348.14282 13083.6988 13.843 6387.8 22.466 10386.0 23.05 "" "" 0.00298519793220815 0.004729312 0.0044821817 0.009211494 83.95479014594 34.10416364993 1240.55115 -0.33699999999999997 -3.513 -0.1224374945163727 -0.09381245422363271 0.22583231 0.21183231 "" "" 0.9069971170558571 "" 0.20022603253984309 "" 0.9
83.78171574265 34.32028304056 0.0302 0.0232 18.5165 "" "" 3449536694985518464 1054.49109 0.9064 0.035 -0.117 -3.454 0.038 0.026 0.983 5030.5 4.2955 15.432405 1.32839 16.027794 14.699404 "" "" 1024.04102 1095.79309 12646.91058 9.6134 5300.3 20.85 10457.0 24.03 "" "" 0.002876269335946355 0.0051016198 0.0045286603 0.00963028 83.78171574265 34.32028304056 1054.49109 -0.11699999999999999 -3.4540000000000006 0.09756250548362731 -0.034812454223632994 0.18683231 0.17483231 "" "" 0.517759634352055 "" 0.09605264067792062 "" 0.9
84.06865329096 34.43704588405 0.0336 0.0264 18.2024 "" "" 3449541230470888064 1160.32947 0.8246 0.0401 -0.174 -3.305 0.046 0.033 1.003 5426.9 4.3961 15.452129 1.213766 15.970745 14.756979 "" "" 1100.23975 1211.8374 12419.24137 29.976 5586.2 48.33 9916.7 108.32 "" "" 0.0038025521774285326 0.009799068 0.012447131 0.022246199 84.06865329096 34.43704588405 1160.32947 -0.174 -3.3050000000000015 0.04056250548362733 0.11418754577636703 0.19483231 0.18183231 "" "" 0.6664744658244057 "" 0.12218795758662225 "" 0.9
84.02496100387 33.91325052736 0.0328 0.024 13.5038 "" "" 3449511234419766912 1144.76648 0.84 0.0376 -0.054 -3.801 0.048 0.032 1.041 5802.0 4.4018 15.457846 1.26861 16.00439 14.735781 "" "" 1097.72961 1182.73059 12354.02222 23.649 5415.8 38.528 10112.0 66.11 "" "" 0.003451308089327253 0.008212435 0.008041741 0.016254175 84.02496100387 33.91325052736 1144.76648 -0.05400000000000016 -3.8009999999999993 0.16056250548362733 -0.38181245422363297 0.1968323 0.18083231 "" "" 2.2475254440000856 "" 0.41202937588670124 "" 0.8
84.07435381015 34.10878808416 0.0309 0.023 1.5189 "" "" 3449518175086864256 1153.62402 0.8138 0.035 -0.401 -3.543 0.043 0.03 1.029 5469.8 3.7684 15.474595 1.348025 16.068426 14.720401 "" "" 1111.54895 1200.21924 12164.90532 32.923 5105.6 52.584 10256.0 83.537 "" "" 0.004028169063261824 0.011525141 0.009617253 0.021142393 84.07435381015 34.10878808416 1153.62402 -0.4010000000000001 -3.543 -0.1864374945163727 -0.12381245422363296 0.1918323 0.17883231 "" "" 1.2238029201902019 "" 0.23001275231614937 "" 0.9
84.29695986828 34.22745029411 0.0328 0.0276 12.1863 "" "" 3449522916730689536 1135.32568 0.8378 0.0384 -0.269 -3.404 0.045 0.031 1.043 5756.9 4.4696 15.502727 1.106872 15.970676 14.863805 "" "" 1091.0675 1179.94946 11853.76005 17.384 5586.6 32.495 8987.4 63.447 "" "" 0.0031823146936847814 0.006904196 0.008545936 0.015450132 84.29695986828 34.22745029411 1135.32568 -0.26900000000000035 -3.404 -0.0544374945163727 0.015187545776367273 0.19383231 0.17983231 "" "" 0.30413977304693857 "" 0.0586549823044944 "" 1.0
84.09403050208 33.92161285404 0.0334 0.0244 12.7525 "" "" 3449323939484623488 1153.77844 0.831 0.039 -0.238 -3.279 0.046 0.032 1.005 5522.4 4.4424 15.518863 1.224909 16.051973 14.827065 "" "" 1096.68652 1211.79126 11678.88909 21.565 5183.6 37.008 9296.8 47.483 "" "" 0.00340749677254726 0.008238418 0.006710785 0.014949203 84.09403050208 33.92161285404 1153.77844 -0.238 -3.279 -0.02343749451637267 0.14018754577636727 0.19483231 0.18083231 "" "" 0.7773139897389915 "" 0.14087051186194596 "" 0.9
84.024186453 34.09762779798 0.033 0.0255 3.486 "" "" 3449518037647924096 1186.71179 0.8053 0.0381 -0.279 -3.468 0.043 0.032 0.955 5659.6 4.422 15.543712 1.230839 16.075233 14.844395 "" "" 1131.74158 1257.88147 11414.63986 28.727 5073.7 35.271 9149.6 62.085 "" "" 0.0038804737574445886 0.008046957 0.008280155 0.016327113 84.024186453 34.09762779798 1186.71179 -0.27899999999999997 -3.4679999999999995 -0.0644374945163727 -0.048812454223632784 0.1918323 0.18083231 "" "" 0.4547171040500167 "" 0.08543962971606388 "" 0.9
84.15794043472 34.0576222514 0.0337 0.026 6.0191 "" "" 3449514185060569088 1052.62378 0.9063 0.04 -0.059 -3.355 0.049 0.035 1.029 5131.8 4.3576 15.545303 1.338182 16.122536 14.784353 "" "" 1021.52997 1096.88 11397.91197 38.922 4857.4 61.332 9669.8 154.57 "" "" 0.004619325427591337 0.013990113 0.01776204 0.031752154 84.15794043472 34.0576222514 1052.62378 -0.05899999999999997 -3.3550000000000004 0.15556250548362732 0.0641875457763672 0.1978323 0.1838323 "" "" 0.8396457705614653 "" 0.16445113374862005 "" 0.9
84.18461379331 34.17521914805 0.0319 0.0252 5.7982 "" "" 3449521744203175680 1139.17859 0.85 0.0357 0.046 -3.421 0.042 0.032 1.075 5626.1 4.4092 15.600177 1.29853 16.164675 14.866145 "" "" 1097.62781 1181.4585 10836.17857 19.094 4672.5 33.362 8968.1 43.206 "" "" 0.0033543800945252016 0.008239067 0.006453292 0.014692359 84.18461379331 34.17521914805 1139.17859 0.04600000000000004 -3.4209999999999994 0.2605625054836273 -0.0018124542236326313 0.1908323 0.18083231 "" "" 1.4069950962964333 "" 0.26849945018783067 "" 1.0
84.26840177428 34.07539762838 0.0315 0.0255 10.0358 "" "" 3449332628203327872 1058.6532 0.8981 0.0357 -0.2 -3.417 0.042 0.032 1.057 5209.7 4.3844 15.601027 1.240601 16.14542 14.90482 "" "" 1024.0321 1107.39551 10827.69573 23.795 4756.1 46.861 8654.3 65.514 "" "" 0.0036448426840207764 0.011055447 0.009046438 0.020101886 84.26840177428 34.07539762838 1058.6532 -0.19999999999999987 -3.417 0.014562505483627308 0.0021875457763673722 0.1908323 0.18083231 "" "" 0.07389476879369247 "" 0.014085620498669708 "" 1.0
84.09567536718 34.06154783909 0.032 0.024 4.4123 "" "" 3449514567314343424 1204.99683 0.8012 0.0365 -0.266 -3.355 0.042 0.03 0.914 5604.2 4.45 15.616213 1.239297 16.1472 14.907903 "" "" 1152.88757 1256.49268 10677.30132 12.186 4748.3 22.875 8629.7 51.508 "" "" 0.0030211393127346567 0.0059282114 0.007501973 0.013430184 84.09567536718 34.06154783909 1204.99683 -0.2659999999999999 -3.3550000000000004 -0.051437494516372695 0.0641875457763672 0.1908323 0.17883231 "" "" 0.4698136701983493 "" 0.08626641236848616 "" 1.0
84.14395592756 34.07166529916 0.0332 0.0261 4.9271 "" "" 3449514258076683904 1080.92944 0.8823 0.0396 -0.484 -3.299 0.044 0.031 0.987 5621.2 4.5221 15.625954 1.197277 16.138885 14.941608 "" "" 1040.05188 1134.42432 10581.93498 5.9522 4784.8 25.378 8365.9 20.12 "" "" 0.002822190463997695 0.006398959 0.0045936997 0.010992659 84.14395592756 34.07166529916 1080.92944 -0.48400000000000004 -3.299 -0.26943749451637267 0.12018754577636726 0.1928323 0.17983231 "" "" 1.511607868214455 "" 0.2883183610089067 "" 1.0
84.1269103102 34.27687275587 0.0331 0.0261 8.9064 "" "" 3449526077826634112 1052.0105 0.9218 0.0385 -0.205 -3.457 0.043 0.031 1.062 5562.8 4.5388 15.639377 1.243474 16.181877 14.938403 "" "" 1003.5083 1098.13464 10451.91678 12.626 4599.0 19.454 8390.7 26.074 "" "" 0.00305156130493103 0.005373836 0.005066262 0.010440098 84.1269103102 34.27687275587 1052.0105 -0.20500000000000015 -3.457 0.009562505483627332 -0.03781245422363266 0.1918323 0.17983231 "" "" 0.19448893000734496 "" 0.03512006482712054 "" 1.0
84.2311316813 34.40969766304 0.036 0.0299 18.1895 "" "" 3449622388172408832 1298.79089 0.7287 0.0433 -0.201 -3.379 0.049 0.038 0.956 5160.6 3.8459 15.722729 1.510992 16.413235 14.902243 "" "" 1230.2085 1370.85767 9679.55064 13.592 3716.4 29.04 8674.8 31.011 "" "" 0.0031489931370801017 0.0089309905 0.0054174215 0.014348412 84.2311316813 34.40969766304 1298.79089 -0.20099999999999985 -3.3789999999999987 0.013562505483627307 0.040187545776367184 0.1978323 0.18683231 "" "" 0.2611143801905334 "" 0.04908599842472309 "" 0.8
83.91233044708 33.92579098611 0.0347 0.026 14.9843 "" "" 3449488861933115392 1088.86841 0.8802 0.04 -0.272 -3.206 0.049 0.033 0.968 5152.5 4.3912 15.786285 1.23226 16.312542 15.080282 "" "" 1036.96985 1137.11218 9129.19652 16.193 4077.6 27.434 7362.8 42.489 "" "" 0.003361640905554647 0.007819544 0.007317144 0.015136687 83.91233044708 33.92579098611 1088.86841 -0.2719999999999997 -3.206 -0.0574374945163727 0.21318754577636723 0.1978323 0.18183231 "" "" 1.1395466821117464 "" 0.208490635092589 "" 1.0
84.20035027959 34.17481157476 0.0356 0.0275 6.5035 "" "" 3449521576700916096 1197.78455 0.7966 0.04 -0.07 -3.426 0.046 0.035 1.038 5464.4 4.4762 15.811332 1.316961 16.393518 15.076557 "" "" 1143.74451 1263.797 8921.00962 17.821 3784.5 39.085 7388.1 47.27 "" "" 0.0035065621096366903 0.011555032 0.007908227 0.01946326 84.20035027959 34.17481157476 1197.78455 -0.07 -3.426 0.1445625054836273 -0.006812454223632969 0.19483231 0.1838323 "" "" 0.8216642773543129 "" 0.1600672862574544 "" 1.0
84.0908836205 34.09276897536 0.0411 0.0303 2.5301 "" "" 3449515185789627136 1068.24011 0.9037 0.0496 -0.331 -3.593 0.055 0.037 0.999 "" "" 15.86021 1.333328 16.467983 15.134655 "" "" 1023.86859 1117.82068 8528.30573 27.03 3533.6 35.581 7003.2 64.625 "" "" 0.00440834661514344 0.011283071 0.010708217 0.021991286 84.0908836205 34.09276897536 1068.24011 -0.33099999999999963 -3.5930000000000017 -0.1164374945163727 -0.17381245422363278 0.2038323 0.1858323 "" "" 1.0593216598638693 "" 0.20295421438032862 "" 0.9
84.09589485626 34.10453645271 0.0377 0.0284 1.9435 "" "" 3449515254509097984 1081.19153 0.885 0.0444 -0.227 -3.598 0.049 0.035 0.976 5023.9 4.3963 15.913051 1.330977 16.505196 15.174218 "" "" 1018.7168 1138.92383 8123.18788 19.47 3414.6 42.119 6752.6 43.24 "" "" 0.00378998068282715 0.013680088 0.007913314 0.021593403 84.09589485626 34.10453645271 1081.19153 -0.227 -3.598 -0.012437494516372688 -0.17881245422363268 0.1978323 0.1838323 "" "" 0.9186007090018814 "" 0.16893274886803886 "" 0.8
84.02235599042 34.06088830823 0.0374 0.0285 5.2044 "" "" 3449517625331073536 1097.6217 0.8758 0.0418 -0.295 -3.386 0.05 0.037 0.972 5385.2 4.5664 15.918426 1.3459 16.512955 15.167054 "" "" 1053.07483 1138.53003 8083.07553 10.444 3390.3 20.285 6797.3 23.823 "" "" 0.003091893839596026 0.007070079 0.0053631826 0.012433262 84.02235599042 34.06088830823 1097.6217 -0.29500000000000004 -3.386 -0.08043749451637267 0.03318754577636707 0.1988323 0.1858323 "" "" 0.45271508304014596 "" 0.08918241290289175 "" 1.0
84.1627615405 34.29923865397 0.0412 0.0327 10.7594 "" "" 3449527550999120896 1164.12708 0.8475 0.0454 -0.235 -3.553 0.052 0.042 1.035 4980.7 4.5059 16.021278 1.368394 16.63445 15.266057 "" "" 1092.97791 1243.39197 7352.50892 12.827 3031.4 20.107 6204.9 30.276 "" "" 0.0033435885488620094 0.0077232076 0.0065076444 0.014230852 84.1627615405 34.29923865397 1164.12708 -0.23500000000000007 -3.553 -0.020437494516372667 -0.13381245422363275 0.2008323 0.1908323 "" "" 0.7469345083241185 "" 0.14271385285563537 "" 0.8
84.19082429861 34.09990837716 0.038 0.0313 5.9101 "" "" 3449520133591923456 1181.57935 0.8146 0.0453 -0.371 -3.579 0.051 0.039 0.933 5125.5 4.4556 16.042765 1.250787 16.592123 15.341336 "" "" 1117.81714 1238.36548 7208.42768 4.1674 3151.9 14.148 5789.3 13.692 "" "" 0.0028259141720311572 0.0056157545 0.004569184 0.010184938 84.19082429861 34.09990837716 1181.57935 -0.371 -3.5789999999999997 -0.15643749451637268 -0.159812454223633 0.1998323 0.18783231 "" "" 1.2525106547312796 "" 0.24273295948452517 "" 0.9
83.8936765777 34.12265066218 0.0436 0.0319 9.2341 "" "" 3449529268985802752 1101.53394 0.8751 0.0505 -0.262 -3.553 0.064 0.041 1.024 4714.4 4.3238 16.050863 1.137952 16.533386 15.395434 "" "" 1050.71423 1167.87451 7154.87082 3.3725 3327.1 12.298 5507.9 10.179 "" "" 0.0028024449145147485 0.0048878402 0.0042790007 0.00916684 83.8936765777 34.12265066218 1101.53394 -0.262 -3.553 -0.04743749451637269 -0.13381245422363275 0.2128323 0.1898323 "" "" 0.7412750044206379 "" 0.14272243660386993 "" 1.0
84.16109796199 34.17492264057 0.0402 0.0309 4.7604 "" "" 3449521439261968768 1075.02136 0.9037 0.0448 -0.178 -3.418 0.055 0.04 1.04 5319.3 3.9376 16.122494 1.417246 16.76839 15.351145 "" "" 1032.25427 1126.54126 6698.0678 16.731 2679.5 29.716 5737.2 50.56 "" "" 0.0038661312369517365 0.012360001 0.010287597 0.022647597 84.16109796199 34.17492264057 1075.02136 -0.178 -3.418 0.03656250548362733 0.0011875457763670383 0.2038323 0.18883231 "" "" 0.18640619470358064 "" 0.03799276483223907 "" 1.0
84.07461861002 34.16414087282 0.0412 0.0318 1.8344 "" "" 3449518617466970368 1145.67126 0.8396 0.046 -0.246 -3.425 0.054 0.039 0.982 4859.1 4.4538 16.132048 1.366745 16.744453 15.377708 "" "" 1093.00354 1202.80261 6639.38267 12.961 2739.3 28.249 5598.5 29.832 "" "" 0.0034762198925719786 0.011539057 0.0069104866 0.018449543 84.07461861002 34.16414087282 1145.67126 -0.246 -3.425 -0.03143749451637268 -0.005812454223632635 0.20283231 0.18783231 "" "" 0.17361418266166798 "" 0.03513157115290947 "" 1.0
83.97238547268 34.27303688463 0.0445 0.0351 9.8916 "" "" 3449532640536359040 1201.28882 0.7878 0.0515 -0.35 -3.445 0.059 0.044 1.007 5121.1 4.6246 16.225817 1.414198 16.871437 15.457239 "" "" 1129.05847 1276.7467 6090.04079 11.975 2436.9 18.278 5203.1 33.354 "" "" 0.0034856321423574355 0.008608306 0.007919943 0.016528249 83.97238547268 34.27303688463 1201.28882 -0.3500000000000001 -3.4449999999999994 -0.13543749451637266 -0.025812454223632653 0.2078323 0.1928323 "" "" 0.7850769744086585 "" 0.16276601511050037 "" 0.8
