Clusters/NGC_1960/NGC_1960_members.tsv
# %ECSV 1.0
# ---
# datatype:
# - name: RA_ICRS_1
#   unit: deg
#   datatype: float64
#   format: '{:15.11f}'
#   description: Right ascension (ICRS) at Ep=2016.0 (ra)
#   meta: !!omap
#   - {ucd: POS_EQ_RA_MAIN}
#   - {width: 15}
#   - {precision: '11'}
# - name: DE_ICRS_1
#   unit: deg
#   datatype: float64
#   format: '{:15.11f}'
#   description: Declination (ICRS) at Ep=2016.0 (dec)
#   meta: !!omap
#   - {ucd: POS_EQ_DEC_MAIN}
#   - {width: 15}
#   - {precision: '11'}
# - name: e_RA_ICRS
#   unit: mas
#   datatype: float64
#   format: '{:7.4f}'
#   description: Standard error of right ascension (ra_error)
#   meta: !!omap
#   - {ucd: ERROR}
#   - {width: 7}
#   - {precision: '4'}
# - name: e_DE_ICRS
#   unit: mas
#   datatype: float64
#   format: '{:7.4f}'
#   description: Standard error of declination (dec_error)
#   meta: !!omap
#   - {ucd: ERROR}
#   - {width: 7}
#   - {precision: '4'}
# - name: _r_1
#   unit: ''
#   datatype: float64
#   format: '{:7.4f}'
#   description: Distance from center (084.07910845000+34.13379476000)[ICRS], at Epoch=J2016.0
#   meta: !!omap
#   - {ucd: POS_ANG_DIST_GENERAL}
#   - {width: 7}
#   - {precision: '4'}
# - name: HIP
#   datatype: int32
#   description: '? HIP cross-id number, van Leeuwen, Cat. I/311 (hip_original_ext_source_id)'
#   meta: !!omap
#   - {ucd: ID_NUMBER}
#   - {width: 6}
#   - values: {'null': -2147483648}
# - name: TYC2
#   datatype: string
#   description: Tycho-2 cross-id name, Hog et al., Cat. I/259 (tyc2_original_ext_source_id)
#   meta: !!omap
#   - {ucd: ID_CROSSID}
#   - {_votable_string_dtype: char}
# - name: Source
#   datatype: int64
#   description: Source identifier, identical to the Gaia-EDR3 source_id (id)
#   meta: !!omap
#   - {ucd: ID_MAIN}
#   - {width: 19}
# - name: rgeo
#   unit: pc
#   datatype: float64
#   format: '{:15.8f}'
#   description: '? Median of the geometric distance posterior (r_med_geo)'
#   meta: !!omap
#   - {ucd: PHYS_DISTANCE_TRUE}
#   - {width: 15}
#   - {precision: '8'}
#   - values: {'null': .nan}
# - name: Plx
#   unit: mas
#   datatype: float64
#   format: '{:9.4f}'
#   description: '? Parallax (parallax)'
#   meta: !!omap
#   - {ucd: POS_PARLX_TRIG}
#   - {width: 9}
#   - {precision: '4'}
#   - values: {'null': .nan}
# - name: e_Plx
#   unit: mas
#   datatype: float32
#   format: '{:7.4f}'
#   description: '? Standard error of parallax (parallax_error)'
#   meta: !!omap
#   - {ucd: ERROR}
#   - {width: 7}
#   - {precision: '4'}
#   - values: {'null': .nan}
# - name: pmRA
#   unit: mas / yr
#   datatype: float64
#   format: '{:9.3f}'
#   description: '? Proper motion in right ascension direction, pmRA*cosDE (pmra)'
#   meta: !!omap
#   - {ucd: POS_EQ_PMRA}
#   - {width: 9}
#   - {precision: '3'}
#   - values: {'null': .nan}
# - name: pmDE
#   unit: mas / yr
#   datatype: float64
#   format: '{:9.3f}'
#   description: '? Proper motion in declination direction (pmdec)'
#   meta: !!omap
#   - {ucd: POS_EQ_PMDEC}
#   - {width: 9}
#   - {precision: '3'}
#   - values: {'null': .nan}
# - name: e_pmRA
#   unit: mas / yr
#   datatype: float32
#   format: '{:6.3f}'
#   description: '? Standard error of proper motion in right ascension direction (pmra_error)'
#   meta: !!omap
#   - {ucd: ERROR}
#   - {width: 6}
#   - {precision: '3'}
#   - values: {'null': .nan}
# - name: e_pmDE
[...]
#       distance: !astropy.table.SerializedColumn
#         __class__: astropy.coordinates.distances.Distance
#         unit: !astropy.units.Unit {unit: pc}
#         value: !astropy.table.SerializedColumn {name: SkyCoord.distance}
#       frame: icrs
#       obstime: !astropy.time.Time {format: jyear_str, in_subfmt: '*', jd1: 367701545.0, jd2: 0.0, out_subfmt: '*', precision: 3, scale: tt}
#       pm_dec: !astropy.table.SerializedColumn
#         __class__: astropy.units.quantity.Quantity
#         unit: !astropy.units.Unit {unit: mas / yr}
#         value: !astropy.table.SerializedColumn {name: SkyCoord.pm_dec}
#       pm_ra_cosdec: !astropy.table.SerializedColumn
#         __class__: astropy.units.quantity.Quantity
#         unit: !astropy.units.Unit {unit: mas / yr}
#         value: !astropy.table.SerializedColumn {name: SkyCoord.pm_ra_cosdec}
#       ra: !astropy.table.SerializedColumn
#         __class__: astropy.coordinates.angles.Longitude
#         unit: *id001
#         value: !astropy.table.SerializedColumn {name: SkyCoord.ra}
#         wrap_angle: !astropy.coordinates.Angle
#           unit: *id001
#           value: 360.0
#       representation_type: spherical
# schema: astropy-2.0
RA_ICRS_1 DE_ICRS_1 e_RA_ICRS e_DE_ICRS _r_1 HIP TYC2 Source rgeo Plx e_Plx pmRA pmDE e_pmRA e_pmDE RUWE Teff logg Gmag BP-RP BPmag RPmag RV e_RV b_rgeo B_rgeo FG e_FG FBP e_FBP FRP e_FRP RAVE5 RAVE6 e_Gmag e_BPmag e_RPmag e_BP-RP SkyCoord.ra SkyCoord.dec SkyCoord.distance SkyCoord.pm_ra_cosdec SkyCoord.pm_dec rmRA rmDE e_rmRA e_rmDE rRV e_rRV v_pec v_pec3d e_vpec e_vpec3d Pmemb
[from data line 30]
84.08646856691 34.11391716317 0.0137 0.0102 1.2474 "" "" 3449518209446597248 1153.14478 0.836 0.0158 -0.284 -3.553 0.018 0.013 1.004 9359.1 4.1356 12.26249 0.425636 12.417752 11.992116 -7.93 35.4 1128.03455 1177.39636 234396.3225 70.988 147340.0 106.78 126560.0 73.38 "" "" 0.002774871545821939 0.0028989974 0.0038314508 0.0067304485 84.08646856691 34.11391716317 1153.14478 -0.28400000000000003 -3.553 -0.06943749451637266 -0.13381245422363275 0.1668323 0.1618323 -2.044736842105263 39.19986 0.8240175657305805 2.204530267901794 0.13423729732359393 36.35852710245042 1.0
84.08344514049 34.10316899871 0.014 0.0103 1.8501 "" "" 3449515254509102336 1128.47156 0.8497 0.0159 -0.063 -3.324 0.019 0.013 0.969 "" "" 12.315852 0.33089 12.431535 12.100645 "" "" 1113.62695 1145.04773 223154.71086 63.572 145480.0 88.488 114520.0 51.598 "" "" 0.002772626504358865 0.0028672589 0.0038109096 0.0066781687 84.08344514049 34.10316899871 1128.47156 -0.06300000000000028 -3.324 0.15156250548362732 0.09518754577636734 0.1678323 0.1618323 "" "" 0.9573264363275944 "" 0.15906657669490534 "" 1.0
84.23181219591 33.8785493087 0.0156 0.0116 17.0947 "" 2412-1592-1 3449321117688761856 1091.27136 0.8818 0.0191 -0.21 -3.4 0.021 0.016 1.007 "" "" 12.317513 0.301855 12.423426 12.121571 "" "" 1071.82751 1111.78638 222813.44263 74.451 146570.0 112.12 112340.0 54.121 "" "" 0.002779101445201923 0.0029111598 0.0038154062 0.006726566 84.23181219591 33.8785493087 1091.27136 -0.21000000000000002 -3.3999999999999995 0.004562505483627327 0.019187545776367276 0.1698323 0.16483231 "" "" 0.10201729987621984 "" 0.016843435928234476 "" 0.9
83.85719090169 34.34638545438 0.0159 0.0124 16.8482 "" "" 3449536896844598912 1088.82935 0.883 0.0186 0.017 -3.401 0.021 0.014 1.107 "" "" 12.344534 0.351348 12.467076 12.115728 "" "" 1071.50244 1106.38025 217336.78183 74.968 140790.0 98.307 112940.0 76.961 "" "" 0.00278065630002596 0.0028913305 0.0038511185 0.006742449 83.85719090169 34.34638545438 1088.82935 0.016999999999999904 -3.401 0.23156250548362733 0.018187545776367386 0.1698323 0.1628323 "" "" 1.1987865387257435 "" 0.20354228464099386 "" 0.8
84.14141033636 34.12152841174 0.0139 0.0103 3.1807 "" "" 3449520988288857984 1174.79675 0.8165 0.0161 -0.349 -3.59 0.019 0.013 0.988 10118.0 4.08 12.371041 0.30119 12.477588 12.176397 "" "" 1150.83447 1202.15125 212094.92304 57.865 139440.0 95.14 106810.0 60.759 "" "" 0.00277119720113411 0.0028868376 0.0038295148 0.0067163524 84.14141033636 34.12152841174 1174.79675 -0.349 -3.59 -0.13443749451637266 -0.17081245422363267 0.1678323 0.1618323 "" "" 1.2104407097556515 "" 0.19869774876118307 "" 1.0
84.15723899365 33.96099608848 0.0157 0.0121 11.0716 "" "" 3449325623111781632 1097.36475 0.8774 0.0185 -0.207 -3.279 0.02 0.015 1.088 "" "" 12.386085 0.333479 12.505498 12.172019 "" "" 1077.23608 1121.51099 209176.59437 63.712 135900.0 101.05 107240.0 71.904 "" "" 0.002775094776783445 0.002904617 0.003848855 0.0067534717 84.15723899365 33.96099608848 1097.36475 -0.207 -3.2790000000000017 0.00756250548362733 0.14018754577636727 0.1688323 0.1638323 "" "" 0.7302470128378935 "" 0.11964880860909045 "" 1.0
84.12840251312 34.10177184056 0.0142 0.0108 3.1124 "" "" 3449515112772671232 1133.85925 0.8501 0.0159 -0.215 -3.498 0.02 0.015 0.99 "" "" 12.420644 0.328545 12.538055 12.209511 "" "" 1113.45239 1156.05627 202623.16019 59.995 131880.0 81.688 103600.0 57.838 "" "" 0.0027740110021720514 0.0028700745 0.0038276808 0.0066977553 84.12840251312 34.10177184056 1133.85925 -0.215 -3.4979999999999998 -0.00043749451637267733 -0.07881245422363303 0.1688323 0.1638323 "" "" 0.42358349743382173 "" 0.06939672778957155 "" 1.0
83.95460263909 34.19888729366 0.0146 0.0114 7.3115 "" "" 3449531059988420992 1102.23315 0.8689 0.0181 -0.169 -3.364 0.02 0.015 0.965 9953.8 4.1226 12.430933 0.277806 12.529539 12.251733 "" "" 1081.50439 1125.14673 200712.11152 70.454 132920.0 82.585 99647.0 43.605 "" "" 0.002781553215988277 0.0028705592 0.0038091284 0.0066796876 83.95460263909 34.19888729366 1102.23315 -0.169 -3.364 0.04556250548362731 0.05518754577636731 0.1688323 0.1638323 "" "" 0.3738995480080053 "" 0.06202138042881048 "" 1.0
83.70061330385 34.23633301875 0.0147 0.0115 19.7678 "" "" 3449534491662917760 1124.60193 0.8544 0.017 -0.231 -3.477 0.019 0.014 0.892 9960.3 4.1725 12.442212 0.253497 12.532025 12.278528 "" "" 1105.01526 1145.27539 198637.75562 68.025 132620.0 77.34 97218.0 51.755 "" "" 0.0027802946664850256 0.00286111 0.003823325 0.006684435 83.70061330385 34.23633301875 1124.60193 -0.23100000000000015 -3.4769999999999985 -0.01643749451637269 -0.05781245422363268 0.1678323 0.1628323 "" "" 0.32039029788101864 "" 0.05229140497223305 "" 0.8
84.18840656517 34.09648351176 0.0258 0.0213 5.8728 "" "" 3449520133591925248 1180.70288 0.8152 0.0306 0.013 -3.57 0.035 0.026 1.731 9960.6 4.0046 12.579006 0.33262 12.698015 12.365396 "" "" 1139.35449 1221.45361 175123.5033 56.897 113820.0 79.294 89743.0 48.049 "" "" 0.002777809071515576 0.002890878 0.0038238266 0.0067147044 84.18840656517 34.09648351176 1180.70288 0.012999999999999956 -3.5700000000000003 0.22756250548362733 -0.15081245422363265 0.1838323 0.17483231 "" "" 1.5278540658546993 "" 0.27674502091795833 "" 1.0
84.17027688006 34.12976821306 0.0136 0.0106 4.5343 "" "" 3449521057007406080 1132.78625 0.846 0.0155 -0.263 -3.341 0.018 0.014 0.964 9514.0 4.0619 12.652622 0.349502 12.778843 12.429341 "" "" 1116.24365 1153.26099 163643.18339 56.234 105650.0 70.482 84610.0 35.596 "" "" 0.002780466342448501 0.0028826538 0.0038068849 0.0066895387 84.17027688006 34.12976821306 1132.78625 -0.263 -3.341 -0.04843749451637269 0.078187545776367 0.1668323 0.1628323 "" "" 0.4938536027408132 "" 0.0809680195838844 "" 0.9
84.12275418787 34.13548800924 0.0151 0.0112 2.17 "" "" 3449521267463295872 1155.57031 0.8298 0.0172 -0.053 -3.45 0.021 0.014 1.035 9449.9 4.147 12.754149 0.335888 12.874764 12.538876 "" "" 1132.90442 1176.24426 149034.58584 42.518 96719.0 74.187 76491.0 51.194 "" "" 0.0027726763090298316 0.002911804 0.0038486058 0.00676041 84.12275418787 34.13548800924 1155.57031 -0.05300000000000002 -3.4499999999999984 0.16156250548362733 -0.03081245422363299 0.1698323 0.1628323 "" "" 0.9008929869168573 "" 0.15278381598871013 "" 1.0
83.75361100216 33.97227603171 0.0151 0.0115 18.861 "" "" 3449504426894693120 1222.099 0.7919 0.0178 -0.531 -3.33 0.02 0.014 1.097 9068.4 4.028 12.762828 0.505901 12.950091 12.44419 "" "" 1194.72119 1253.06763 147848.08973 39.292 90236.0 95.015 83461.0 34.453 "" "" 0.0027703875714896165 0.0030153012 0.0038058646 0.006821166 83.75361100216 33.97227603171 1222.099 -0.5310000000000001 -3.330000000000001 -0.3164374945163727 0.08918754577636712 0.1688323 0.1628323 "" "" 1.9044592102567315 "" 0.3207071865349657 "" 0.8
83.97396229508 34.03044275235 0.0135 0.01 8.109 "" "" 3449516044783120768 1164.55579 0.8226 0.0153 -0.214 -3.44 0.019 0.014 0.968 8061.2 4.086 12.78092 0.566344 12.994928 12.428584 "" "" 1143.9364 1183.5929 145404.74141 39.633 86586.0 67.592 84669.0 42.47 "" "" 0.002771167530302878 0.0029160609 0.0038184188 0.0067344797 83.97396229508 34.03044275235 1164.55579 -0.21400000000000002 -3.44 0.0005625054836273236 -0.02081245422363276 0.1678323 0.1628323 "" "" 0.11492658436059404 "" 0.018714186503041855 "" 0.9
84.10183362844 34.14115828398 0.0169 0.013 1.212 "" "" 3449518342588073600 1161.55432 0.8238 0.0187 -0.344 -3.304 0.022 0.016 1.087 "" "" 12.781292 0.376025 12.917573 12.541548 "" "" 1143.29968 1187.00073 145355.03686 39.48 92980.0 111.84 76303.0 57.013 "" "" 0.0027710564864468004 0.003080681 0.0038654702 0.006946151 84.10183362844 34.14115828398 1161.55432 -0.344 -3.3040000000000003 -0.12943749451637265 0.11518754577636736 0.1708323 0.16483231 "" "" 0.953980244167159 "" 0.16046618615371613 "" 0.9
84.08852405472 34.11843957008 0.0173 0.0128 1.0332 "" "" 3449518312525810304 1101.64368 0.8735 0.021 0.007 -3.437 0.024 0.017 1.047 9490.7 4.1131 12.861873 0.397326 13.007237 12.609911 "" "" 1066.34717 1128.00378 134957.68912 35.737 85610.0 54.456 71646.0 35.003 "" "" 0.0027702794596518128 0.0028743728 0.0038164244 0.0066907974 84.08852405472 34.11843957008 1101.64368 0.007000000000000034 -3.437000000000003 0.22156250548362733 -0.017812454223632646 0.17283231 0.16583231 "" "" 1.1606859580127795 "" 0.200552909752247 "" 0.9
84.10692387312 34.19196234663 0.0119 0.0089 3.7533 "" "" 3449524630421227520 1096.81995 0.8708 0.0135 -0.328 -3.321 0.016 0.012 0.934 9217.8 4.2886 13.060983 0.450914 13.227107 12.776193 "" "" 1077.98083 1113.48889 112344.9716 46.015 69916.0 48.963 61473.0 33.505 "" "" 0.0027909765635333356 0.0028919172 0.0038254298 0.006717347 84.10692387312 34.19196234663 1096.81995 -0.32800000000000007 -3.3210000000000024 -0.1134374945163727 0.09818754577636701 0.16483231 0.1608323 "" "" 0.77999249897445 "" 0.12724101062214127 "" 1.0
83.92347990215 34.2469281978 0.0127 0.0097 10.2828 "" "" 3449532537457164160 1121.35303 0.8558 0.0154 -0.112 -3.512 0.016 0.012 0.948 7181.0 4.0568 13.062485 0.705254 13.336129 12.630876 "" "" 1096.37024 1142.07959 112189.69148 37.409 63236.0 58.525 70276.0 48.129 "" "" 0.0027790028532188303 0.0029655981 0.0038518345 0.0068174326 83.92347990215 34.2469281978 1121.35303 -0.11199999999999982 -3.5119999999999987 0.10256250548362732 -0.09281245422363282 0.16483231 0.1608323 "" "" 0.7352156211998462 "" 0.11987218116093777 "" 1.0
84.27897697623 34.10162383382 0.0122 0.0103 10.114 "" "" 3449332666858095360 1104.96277 0.8611 0.014 -0.269 -3.338 0.016 0.013 0.992 9248.7 4.2841 13.062615 0.430669 13.223519 12.792851 "" "" 1087.45618 1124.19897 112176.17568 48.368 70147.0 53.51 60537.0 29.536 "" "" 0.002794807785461368 0.0029105002 0.0038163257 0.0067268256 84.27897697623 34.10162383382 1104.96277 -0.269 -3.3379999999999983 -0.0544374945163727 0.08118754577636711 0.16483231 0.1618323 "" "" 0.511962457045164 "" 0.08333144846570698 "" 1.0
84.01280912508 34.18711994284 0.0135 0.0108 4.5904 "" "" 3449519583836126592 1138.20483 0.8389 0.017 -0.308 -3.414 0.019 0.013 0.99 9254.5 4.2487 13.088143 0.434098 13.244593 12.810494 "" "" 1116.229 1158.71484 109569.46979 50.629 68799.0 61.986 59561.0 86.357 "" "" 0.002800621486445364 0.0029566805 0.0040941215 0.007050802 84.01280912508 34.18711994284 1138.20483 -0.30800000000000005 -3.4139999999999997 -0.09343749451637268 0.005187545776367042 0.1678323 0.1618323 "" "" 0.5048800894420721 "" 0.08472604396990077 "" 1.0
84.02828715806 34.11277707685 0.0202 0.0157 2.8218 "" "" 3449518072007657344 1083.75671 0.8831 0.0237 0.045 -3.108 0.027 0.02 1.567 8896.2 4.1133 13.114092 0.525575 13.308732 12.783157 "" "" 1059.53748 1110.00732 106981.80407 48.093 64852.0 86.285 61079.0 32.827 "" "" 0.0027982167958097515 0.0031419434 0.0038241646 0.006966108 84.02828715806 34.11277707685 1083.75671 0.044999999999999984 -3.108 0.2595625054836273 0.3111875457763671 0.1758323 0.1688323 "" "" 2.081663119505841 "" 0.35750232852744845 "" 1.0
84.0843975402 34.07579336841 0.0121 0.009 3.49 "" "" 3449514773472772480 1101.36902 0.8672 0.0138 -0.065 -3.273 0.016 0.011 1.035 "" "" 13.151113 0.543137 13.354527 12.81139 "" "" 1085.90283 1116.16223 103395.47915 42.851 62174.0 39.927 59512.0 54.926 "" "" 0.0027918206560061404 0.0028759679 0.0039099706 0.0067859385 84.0843975402 34.07579336841 1101.36902 -0.06500000000000006 -3.2729999999999997 0.14956250548362732 0.14618754577636706 0.16483231 0.1598323 "" "" 1.0918156227967573 "" 0.17732023249046366 "" 1.0
84.31485257778 33.98013389734 0.013 0.01 14.9106 "" "" 3449327890854482048 1112.71155 0.8573 0.0149 0.036 -3.406 0.017 0.012 1.011 "" "" 13.189898 0.481362 13.368279 12.886917 "" "" 1098.39062 1128.16187 99767.14248 43.805 61391.0 50.123 55513.0 37.913 "" "" 0.002796256123911755 0.0029276016 0.0038514368 0.0067790383 84.31485257778 33.98013389734 1112.71155 0.03600000000000003 -3.4060000000000006 0.2505625054836273 0.013187545776367049 0.16583231 0.1608323 "" "" 1.3233591035699228 "" 0.21943769453253978 "" 0.9
84.30955764666 34.21334720299 0.0148 0.0124 12.3954 "" "" 3449522843713794688 1086.55554 0.8771 0.0175 -0.273 -3.479 0.019 0.013 1.156 "" "" 13.201578 0.490771 13.379684 12.888913 "" "" 1059.84668 1111.05444 98699.62805 43.868 60750.0 75.936 55411.0 34.501 "" "" 0.002797259238094691 0.0031027223 0.003839366 0.0069420883 84.30955764666 34.21334720299 1086.55554 -0.273 -3.479 -0.0584374945163727 -0.059812454223632905 0.1678323 0.1618323 "" "" 0.43067096342843003 "" 0.07097019935128925 "" 0.8
84.09386860973 34.10225810507 0.0126 0.0095 2.0293 "" "" 3449515254509099904 1112.84485 0.8526 0.0145 -0.319 -3.35 0.017 0.012 0.984 9375.9 4.389 13.23128 0.537208 13.431925 12.894717 "" "" 1096.5542 1129.29968 96036.16407 59.87 57896.0 59.151 55115.0 57.583 "" "" 0.00283723961408062 0.0030025875 0.0039459458 0.0069485335 84.09386860973 34.10225810507 1112.84485 -0.3190000000000001 -3.350000000000002 -0.10443749451637269 0.0691875457763671 0.16583231 0.1608323 "" "" 0.6608170854770742 "" 0.10858768764117512 "" 0.9
83.69459280581 34.17133879866 0.0138 0.0101 19.2247 "" "" 3449510615944158976 1131.69275 0.8462 0.0163 -0.13 -3.448 0.019 0.013 0.976 8500.0 4.1596 13.243706 0.474225 13.421059 12.946834 "" "" 1106.58716 1155.15088 94943.30022 54.857 58478.0 53.607 52532.0 75.171 "" "" 0.0028258317379666474 0.0029623753 0.0040862607 0.0070486357 83.69459280581 34.17133879866 1131.69275 -0.13 -3.4480000000000013 0.08456250548362731 -0.028812454223632766 0.1678323 0.1618323 "" "" 0.4792199025624972 "" 0.08013430409383114 "" 1.0
84.03482565994 34.1700294502 0.0134 0.0105 3.0921 "" "" 3449519308958219520 1100.92688 0.8646 0.0157 -0.251 -3.446 0.017 0.014 1.005 8822.8 4.2809 13.245817 0.474798 13.422073 12.947275 "" "" 1085.43164 1119.48218 94758.86551 46.527 58423.0 84.696 52511.0 49.646 "" "" 0.0028064187336374574 0.003203515 0.0039163027 0.0071198177 84.03482565994 34.1700294502 1100.92688 -0.251 -3.446 -0.03643749451637268 -0.026812454223632987 0.16583231 0.1628323 "" "" 0.23607672133578783 "" 0.03890183723467034 "" 1.0
84.23696241162 34.19502613908 0.0129 0.0106 8.6552 "" "" 3449523122889133440 1082.86707 0.8784 0.0151 -0.182 -3.17 0.017 0.013 0.982 7992.3 4.1874 13.26267 0.539375 13.466463 12.927088 "" "" 1061.15564 1103.41248 93299.42808 35.821 56083.0 64.575 53496.0 32.156 "" "" 0.002786674703192359 0.003057432 0.003835316 0.006892748 84.23696241162 34.19502613908 1082.86707 -0.18200000000000013 -3.169999999999999 0.032562505483627324 0.24918754577636726 0.16583231 0.1618323 "" "" 1.2899013519077813 "" 0.2088353840703771 "" 0.8
84.04536546395 34.18933113637 0.0133 0.0103 3.7296 "" "" 3449519515116897792 1132.38879 0.8397 0.015 -0.268 -3.299 0.018 0.013 1.009 9033.0 4.3937 13.279918 0.491858 13.463603 12.971745 "" "" 1111.28296 1149.05273 91828.99192 38.532 56231.0 35.701 51341.0 29.14 "" "" 0.002792730540990947 0.0028740612 0.0038292923 0.0067033535 84.04536546395 34.18933113637 1132.38879 -0.2680000000000001 -3.299 -0.0534374945163727 0.12018754577636726 0.1668323 0.1618323 "" "" 0.7059998943138676 "" 0.11484371166431781 "" 1.0
84.01073803782 34.1537012522 0.0196 0.0155 3.5991 "" "" 3449519343317970560 1213.39172 0.786 0.0222 -0.272 -3.48 0.026 0.02 1.512 8255.1 4.3875 13.3147 0.555241 13.517619 12.962378 "" "" 1188.01819 1248.23083 88933.76442 36.091 53502.0 43.648 51785.0 51.156 "" "" 0.0027903276736976506 0.0029273927 0.003928624 0.006856017 84.01073803782 34.1537012522 1213.39172 -0.2719999999999997 -3.48 -0.0574374945163727 -0.060812454223632795 0.17483231 0.1688323 "" "" 0.4811075191397537 "" 0.08260006496496691 "" 0.9
