Clusters/NGC_1960/NGC_1960_stars_in_region.tsv
# %ECSV 1.0
# ---
# datatype:
# - name: RA_ICRS_1
#   unit: deg
#   datatype: float64
#   format: '{:15.11f}'
#   description: Right ascension (ICRS) at Ep=2016.0 (ra)
#   meta: !!omap
#   - {ucd: POS_EQ_RA_MAIN}
#   - {width: 15}
#   - {precision: '11'}
# - name: DE_ICRS_1
#   unit: deg
#   datatype: float64
#   format: '{:15.11f}'
#   description: Declination (ICRS) at Ep=2016.0 (dec)
#   meta: !!omap
#   - {ucd: POS_EQ_DEC_MAIN}
#   - {width: 15}
#   - {precision: '11'}
# - name: e_RA_ICRS
#   unit: mas
#   datatype: float64
#   format: '{:7.4f}'
#   description: Standard error of right ascension (ra_error)
#   meta: !!omap
#   - {ucd: ERROR}
#   - {width: 7}
#   - {precision: '4'}
# - name: e_DE_ICRS
#   unit: mas
#   datatype: float64
#   format: '{:7.4f}'
#   description: Standard error of declination (dec_error)
#   meta: !!omap
#   - {ucd: ERROR}
#   - {width: 7}
#   - {precision: '4'}
# - name: _r_1
#   unit: ''
#   datatype: float64
#   format: '{:7.4f}'
#   description: Distance from center (084.07910845000+34.13379476000)[ICRS], at Epoch=J2016.0
#   meta: !!omap
#   - {ucd: POS_ANG_DIST_GENERAL}
#   - {width: 7}
#   - {precision: '4'}
# - name: HIP
#   datatype: int32
#   description: '? HIP cross-id number, van Leeuwen, Cat. I/311 (hip_original_ext_source_id)'
#   meta: !!omap
#   - {ucd: ID_NUMBER}
#   - {width: 6}
#   - values: {'null': -2147483648}
# - name: TYC2
#   datatype: string
#   description: Tycho-2 cross-id name, Hog et al., Cat. I/259 (tyc2_original_ext_source_id)
#   meta: !!omap
#   - {ucd: ID_CROSSID}
#   - {_votable_string_dtype: char}
# - name: Source
#   datatype: int64
#   description: Source identifier, identical to the Gaia-EDR3 source_id (id)
#   meta: !!omap
#   - {ucd: ID_MAIN}
#   - {width: 19}
# - name: rgeo
#   unit: pc
#   datatype: float64
#   format: '{:15.8f}'
#   description: '? Median of the geometric distance posterior (r_med_geo)'
#   meta: !!omap
#   - {ucd: PHYS_DISTANCE_TRUE}
#   - {width: 15}
#   - {precision: '8'}
#   - values: {'null': .nan}
# - name: Plx
#   unit: mas
#   datatype: float64
#   format: '{:9.4f}'
#   description: '? Parallax (parallax)'
#   meta: !!omap
#   - {ucd: POS_PARLX_TRIG}
#   - {width: 9}
#   - {precision: '4'}
#   - values: {'null': .nan}
# - name: e_Plx
#   unit: mas
#   datatype: float32
#   format: '{:7.4f}'
#   description: '? Standard error of parallax (parallax_error)'
#   meta: !!omap
#   - {ucd: ERROR}
#   - {width: 7}
#   - {precision: '4'}
#   - values: {'null': .nan}
# - name: pmRA
#   unit: mas / yr
#   datatype: float64
#   format: '{:9.3f}'
#   description: '? Proper motion in right ascension direction, pmRA*cosDE (pmra)'
#   meta: !!omap
#   - {ucd: POS_EQ_PMRA}
#   - {width: 9}
#   - {precision: '3'}
#   - values: {'null': .nan}
# - name: pmDE
#   unit: mas / yr
#   datatype: float64
#   format: '{:9.3f}'
#   description: '? Proper motion in declination direction (pmdec)'
#   meta: !!omap
#   - {ucd: POS_EQ_PMDEC}
#   - {width: 9}
#   - {precision: '3'}
#   - values: {'null': .nan}
# - name: e_pmRA
#   unit: mas / yr
#   datatype: float32
#   format: '{:6.3f}'
#   description: '? Standard error of proper motion in right ascension direction (pmra_error)'
#   meta: !!omap
#   - {ucd: ERROR}
#   - {width: 6}
#   - {precision: '3'}
#   - values: {'null': .nan}
# - name: e_pmDE
[...]
#         value: !astropy.table.SerializedColumn {name: SkyCoord.dec}
#       distance: !astropy.table.SerializedColumn
#         __class__: astropy.coordinates.distances.Distance
#         unit: !astropy.units.Unit {unit: pc}
#         value: !astropy.table.SerializedColumn {name: SkyCoord.distance}
#       frame: icrs
#       obstime: !astropy.time.Time {format: jyear_str, in_subfmt: '*', jd1: 367701545.0, jd2: 0.0, out_subfmt: '*', precision: 3, scale: tt}
#       pm_dec: !astropy.table.SerializedColumn
#         __class__: astropy.units.quantity.Quantity
#         unit: !astropy.units.Unit {unit: mas / yr}
#         value: !astropy.table.SerializedColumn {name: SkyCoord.pm_dec}
#       pm_ra_cosdec: !astropy.table.SerializedColumn
#         __class__: astropy.units.quantity.Quantity
#         unit: !astropy.units.Unit {unit: mas / yr}
#         value: !astropy.table.SerializedColumn {name: SkyCoord.pm_ra_cosdec}
#       ra: !astropy.table.SerializedColumn
#         __class__: astropy.coordinates.angles.Longitude
#         unit: *id001
#         value: !astropy.table.SerializedColumn {name: SkyCoord.ra}
#         wrap_angle: !astropy.coordinates.Angle
#           unit: *id001
#           value: 360.0
#       representation_type: spherical
# schema: astropy-2.0
RA_ICRS_1 DE_ICRS_1 e_RA_ICRS e_DE_ICRS _r_1 HIP TYC2 Source rgeo Plx e_Plx pmRA pmDE e_pmRA e_pmDE RUWE Teff logg Gmag BP-RP BPmag RPmag RV e_RV b_rgeo B_rgeo FG e_FG FBP e_FBP FRP e_FRP RAVE5 RAVE6 e_Gmag e_BPmag e_RPmag e_BP-RP SkyCoord.ra SkyCoord.dec SkyCoord.distance SkyCoord.pm_ra_cosdec SkyCoord.pm_dec rmRA rmDE e_rmRA e_rmDE rRV e_rRV v_pec v_pec3d e_vpec e_vpec3d
[from data line 1324]
83.78040220279 33.62909686851 0.0664 0.0544 33.7398 "" "" 3449478180351550976 1017.19824 0.9616 0.0768 -1.766 -8.13 0.083 0.058 1.014 4715.9 4.6855 16.735987 1.402277 17.376173 15.973896 "" "" 944.800964 1112.92542 3806.72862 2.79 1530.9 10.542 3233.0 8.4918 "" "" 0.002867927352046411 0.007980203 0.0047346028 0.012714806 83.78040220279 33.62909686851 1017.19824 -1.766 -8.13 -1.5514374945163727 -4.710812454223634 0.2318323 0.2068323 "" "" 23.913333911400144 "" 5.00769842365391 ""
83.97469514882 33.83966363559 0.0641 0.047 18.3965 "" "" 3449487384464196096 1025.82422 0.9496 0.071 2.96 -8.672 0.09 0.065 0.934 4232.5 4.3942 16.743525 1.402853 17.375748 15.972895 "" "" 959.580505 1096.83191 3780.39287 2.9285 1531.5 12.073 3235.9 12.729 "" "" 0.0028808314087864282 0.009002297 0.0057030395 0.014705337 83.97469514882 33.83966363559 1025.82422 2.959999999999998 -8.672 3.1745625054836273 -5.252812454223633 0.23883231 0.2138323 "" "" 29.843409763969543 "" 6.5893678234163335 ""
84.16029494663 34.37335046399 0.0583 0.0494 14.9266 "" "" 3449540161021111808 1283.51831 0.766 0.0687 3.266 -5.466 0.077 0.06 0.969 4970.1 4.675 16.746605 1.256592 17.296211 16.03962 "" "" 1195.48389 1392.90356 3769.68042 3.5452 1647.9 16.362 3043.1 14.741 "" "" 0.002938434502965242 0.0111355 0.0064764856 0.017611986 84.16029494663 34.37335046399 1283.51831 3.2660000000000022 -5.466 3.4805625054836273 -2.046812454223633 0.22583231 0.20883231 "" "" 24.5654232600013 "" 5.44341546151888 ""
84.18687946153 34.70047634959 0.064 0.0525 34.4168 "" "" 3449642484320418944 1283.23657 0.7748 0.0712 7.544 -6.77 0.082 0.064 1.047 4870.8 4.7142 16.74753 1.346077 17.345848 15.999771 "" "" 1162.00146 1399.04395 3766.47328 2.7706 1574.3 12.789 3156.8 14.864 "" "" 0.002868736834033432 0.009250901 0.0063575883 0.0156084895 84.18687946153 34.70047634959 1283.23657 7.544 -6.769999999999994 7.758562505483627 -3.3508124542236324 0.23083231 0.2128323 "" "" 51.40493705841639 "" 11.725300183625679 ""
84.2346890575 34.24556833288 0.0639 0.0502 10.2274 "" "" 3449523603925462400 1106.23938 0.8774 0.0652 -0.307 -3.342 0.081 0.061 1.074 4627.7 4.4146 16.751593 1.517453 17.452068 15.934615 "" "" 1035.25452 1214.8595 3752.40564 6.071 1427.5 14.935 3352.1 17.512 "" "" 0.0032676382154586724 0.011697001 0.0068158875 0.018512888 84.2346890575 34.24556833288 1106.23938 -0.3070000000000002 -3.3419999999999996 -0.09243749451637268 0.0771875457763671 0.2298323 0.20983231 "" "" 0.6314667745674877 "" 0.14008098926991736 ""
83.8643980979 34.66732575849 0.0602 0.0474 33.7305 "" "" 3449597610501964544 924.782959 1.058 0.0604 3.634 -4.754 0.078 0.057 0.922 4631.0 4.6522 16.751717 1.416675 17.399654 15.98298 "" "" 873.744568 986.710449 3751.97651 2.7353 1498.1 16.001 3206.0 26.792 "" "" 0.0028667602356513243 0.011927538 0.0098289745 0.021756511 83.8643980979 34.66732575849 924.782959 3.634 -4.753999999999999 3.848562505483627 -1.3348124542236324 0.2268323 0.2058323 "" "" 17.855938429027017 "" 4.011719934178815 ""
83.83804974659 34.04696774483 0.0647 0.0494 13.0619 "" "" 3449505152742556160 1292.33032 0.7567 0.0789 -3.07 -1.744 0.088 0.06 1.092 "" "" 16.754549 1.38795 17.039774 15.651824 "" "" 1163.51538 1420.48816 3742.20364 5.6753 2086.9 51.122 4349.4 70.507 "" "" 0.003209836616961601 0.026742822 0.01800179 0.04474461 83.83804974659 34.04696774483 1292.33032 -3.0700000000000016 -1.7439999999999998 -2.8554374945163725 1.6751875457763672 0.2368323 0.20883231 "" "" 20.27928908264593 "" 4.663989191555694 ""
83.56399232246 33.9470934932 0.0706 0.0579 27.9535 "" "" 3449500720339603456 1017.86664 0.9659 0.085 -0.448 -9.796 0.09 0.067 1.107 4416.4 4.505 16.756165 1.360416 17.368431 16.008015 "" "" 940.823425 1129.72803 3736.63813 2.896 1541.9 14.556 3132.9 23.328 "" "" 0.002880949760083954 0.01062266 0.008924321 0.019546982 83.56399232246 33.9470934932 1017.86664 -0.4480000000000002 -9.796 -0.2334374945163727 -6.376812454223632 0.23883231 0.21583231 "" "" 30.78673750839021 "" 6.645770668649692 ""
84.29077483503 33.86089952454 0.1194 0.0828 19.4669 "" "" 3449320228632856320 1287.68774 0.8208 0.1272 0.015 1.236 0.162 0.113 1.899 9009.5 4.4811 16.761324 1.485999 17.414322 15.928323 "" "" 1068.69458 1641.77747 3718.92029 7.8205 1478.0 10.8 3371.5 14.179 "" "" 0.003578371562555998 0.008409996 0.00592732 0.014337316 84.29077483503 33.86089952454 1287.68774 0.015000000000000055 1.2360000000000002 0.22956250548362733 4.655187545776367 0.31083232 0.2618323 "" "" 28.448115468413757 "" 7.452332519979669 ""
84.37647660701 33.99149850297 0.0573 0.0449 17.0695 "" "" 3449328058358031232 1015.10547 0.9533 0.0662 -1.445 -9.454 0.075 0.053 0.925 4584.7 4.6126 16.765942 1.510484 17.473852 15.963368 "" "" 952.301086 1086.76904 3703.1405 2.7009 1399.2 10.215 3264.5 9.4762 "" "" 0.0028668576389126645 0.008403265 0.0049210573 0.013324322 84.37647660701 33.99149850297 1015.10547 -1.4450000000000003 -9.454 -1.2304374945163727 -6.034812454223633 0.22383231 0.20183231 "" "" 29.634509890188767 "" 6.008578020179569 ""
84.70476713466 34.36965181534 0.0689 0.0584 34.1037 "" "" 3449433890647242624 1251.80688 0.7815 0.0909 0.64 0.396 0.079 0.064 1.071 4777.2 4.8082 16.766516 1.225306 17.292612 16.067307 "" "" 1134.75732 1385.23291 3701.18206 2.937 1653.4 13.709 2966.4 18.209 "" "" 0.002886881148250337 0.009424753 0.0076617207 0.017086472 84.70476713466 34.36965181534 1251.80688 0.64 0.396 0.8545625054836273 3.815187545776367 0.22783232 0.2128323 "" "" 23.198593386255475 "" 4.954590489862832 ""
84.06071205167 33.6679282199 0.0608 0.0464 27.967 "" "" 3449294493188895488 897.602783 1.0816 0.0717 3.271 -11.207 0.073 0.056 1.013 4496.9 4.5956 16.767675 1.553601 17.495373 15.941771 "" "" 851.381714 963.348755 3697.23423 2.6914 1371.7 5.959 3330.0 8.8954 "" "" 0.0028664368446359783 0.0054801772 0.0047639864 0.010244164 84.06071205167 33.6679282199 897.602783 3.271 -11.207 3.4855625054836272 -7.7878124542236336 0.2218323 0.20483232 "" "" 36.30159794293684 "" 7.542241147826038 ""
83.56074489508 34.09755592725 0.0581 0.0445 25.841 "" "" 3449508653140108032 1101.97937 0.9039 0.0691 -1.741 -4.907 0.071 0.056 1.023 4951.4 4.7148 16.76783 1.271566 17.337162 16.065596 "" "" 1022.27014 1203.43213 3696.70659 2.6558 1586.9 11.36 2971.1 14.718 "" "" 0.0028636022245524437 0.008258007 0.0065735285 0.0148315355 83.56074489508 34.09755592725 1101.97937 -1.741 -4.907 -1.5264374945163728 -1.4878124542236328 0.2198323 0.20483232 "" "" 11.134012984002142 "" 2.3677224385864 ""
84.10258868996 34.18866187169 0.062 0.0472 3.4923 "" "" 3449524531638428800 1185.07666 0.8469 0.0704 -0.091 -3.642 0.082 0.059 1.107 4556.0 4.3657 16.769781 1.633334 17.534986 15.901652 "" "" 1096.90869 1263.84595 3690.06922 11.011 1322.6 20.046 3455.4 40.831 "" "" 0.004253000570421397 0.016690837 0.013374773 0.030065611 84.10258868996 34.18866187169 1185.07666 -0.09099999999999989 -3.642000000000002 0.12356250548362732 -0.22281245422363272 0.23083231 0.2078323 "" "" 1.4311689418635947 "" 0.3055044206845321 ""
84.51440925805 33.76163257295 0.0592 0.0457 31.1133 "" "" 3449309847694272896 1034.16528 0.9692 0.0647 3.888 -6.475 0.079 0.053 1.013 4578.8 4.5281 16.77425 1.446283 17.43922 15.992937 "" "" 963.539673 1095.60278 3674.91282 2.8256 1444.5 12.58 3176.8 15.738 "" "" 0.002879009915870493 0.009858636 0.006573813 0.01643245 84.51440925805 33.76163257295 1034.16528 3.888 -6.475 4.102562505483627 -3.0558124542236325 0.22783232 0.20183231 "" "" 25.076211951830416 "" 5.4894154524084335 ""
84.76398729991 34.19470919562 0.0835 0.0719 34.1972 "" "" 3449419768794801408 1232.00476 0.8272 0.0885 2.822 -5.231 0.099 0.09 1.029 "" "" 16.779484 1.160972 17.012552 15.851581 "" "" 1069.53125 1411.18335 3657.24076 6.3157 2139.9 71.169 3618.5 81.811 "" "" 0.0033327568618579137 0.036217157 0.024836745 0.061053902 84.76398729991 34.19470919562 1232.00476 2.822 -5.230999999999998 3.0365625054836274 -1.8118124542236327 0.2478323 0.23883231 "" "" 20.649254501353905 "" 5.069420132436236 ""
84.13951743151 33.8159853498 0.0693 0.0509 19.304 "" "" 3449322045403534464 1200.85205 0.8157 0.0774 -0.045 -3.374 0.093 0.066 0.963 4547.5 4.665 16.780392 1.639749 17.562977 15.923228 "" "" 1100.2594 1307.56519 3654.18196 7.3253 1288.9 12.415 3387.4 17.903 "" "" 0.0035112620434558403 0.01082388 0.00687109 0.01769497 84.13951743151 33.8159853498 1200.85205 -0.04500000000000007 -3.3739999999999997 0.16956250548362733 0.04518754577636708 0.24183232 0.2148323 "" "" 0.9988410163859442 "" 0.23985762159286544 ""
83.53593904992 33.90276395161 0.0667 0.0523 30.3617 "" "" 3449497250006052352 1090.46741 0.8938 0.0755 -2.707 2.323 0.085 0.063 0.966 4434.5 4.3885 16.785744 1.531694 17.501383 15.969688 "" "" 1014.85394 1184.427 3636.21197 2.9113 1364.2 18.023 3245.5 14.921 "" "" 0.0028891945969183267 0.01461295 0.006260982 0.020873932 83.53593904992 33.90276395161 1090.46741 -2.707 2.323 -2.4924374945163725 5.742187545776368 0.2338323 0.21183231 "" "" 32.355696269944836 "" 6.97168168355874 ""
84.36802246663 33.80577855173 0.0594 0.0435 24.3725 "" "" 3449308232788688000 1183.73059 0.8358 0.0657 1.24 -6.109 0.077 0.052 1.053 4811.0 4.662 16.786434 1.331554 17.38572 16.054165 "" "" 1105.80615 1280.71277 3633.90022 3.0314 1517.5 8.3334 3002.6 10.784 "" "" 0.0029003655511309627 0.0065829116 0.0054304395 0.012013352 84.36802246663 33.80577855173 1183.73059 1.2400000000000009 -6.109 1.4545625054836273 -2.689812454223633 0.22583231 0.2008323 "" "" 17.157602337286523 "" 3.5473972183729936 ""
84.42994996229 34.44090977558 0.067 0.0559 25.3386 "" "" 3449620326588083456 929.041504 1.0863 0.0757 -0.231 -7.285 0.083 0.062 0.999 4510.7 4.6669 16.797525 1.54092 17.523298 15.982378 "" "" 869.118591 992.118835 3596.96607 2.8173 1336.9 14.824 3207.8 16.995 "" "" 0.002883567632711123 0.012358108 0.006882745 0.019240852 84.42994996229 34.44090977558 929.041504 -0.2310000000000002 -7.285 -0.01643749451637269 -3.865812454223633 0.2318323 0.2108323 "" "" 17.023864917492244 "" 3.5891873432850647 ""
84.37282523163 34.39202679032 0.0795 0.0635 21.2648 "" "" 3449618741744167168 885.332764 1.1179 0.0788 3.87 -4.07 0.097 0.069 1.115 4584.4 4.656 16.797586 1.467918 17.479004 16.011086 "" "" 833.229431 941.862549 3596.76861 2.5819 1392.6 10.412 3124.1 11.677 "" "" 0.0028634294116995362 0.008583811 0.005545494 0.014129305 84.37282523163 34.39202679032 885.332764 3.8700000000000014 -4.07 4.084562505483627 -0.6508124542236331 0.24583231 0.2178323 "" "" 17.356991173943054 "" 4.255546589588327 ""
84.27647842411 33.68748754455 0.0732 0.05 28.5249 "" "" 3449305591384353408 1226.63147 0.7909 0.0726 1.705 -4.039 0.106 0.071 1.039 4850.1 4.6799 16.800287 1.246504 17.349098 16.102594 "" "" 1133.51135 1367.91101 3587.82978 2.3887 1569.6 12.567 2871.6 9.6449 "" "" 0.0028485638003994795 0.009129751 0.0052518593 0.01438161 84.27647842411 33.68748754455 1226.63147 1.7049999999999992 -4.039 1.9195625054836274 -0.6198124542236325 0.2548323 0.2198323 "" "" 11.728171165157937 "" 2.952401294657741 ""
84.33178470137 33.8151092246 0.0687 0.0481 22.8841 "" "" 3449308129709494272 1212.52222 0.8108 0.0785 1.326 -4.415 0.088 0.058 1.103 4665.2 4.7037 16.800867 1.326349 17.402971 16.076622 "" "" 1117.10242 1349.61597 3585.91603 3.6727 1493.6 12.093 2941.1 10.783 "" "" 0.002971255799405213 0.009222888 0.0054890173 0.014711905 84.33178470137 33.8151092246 1212.52222 1.3259999999999994 -4.414999999999999 1.5405625054836274 -0.9958124542236328 0.2368323 0.2068323 "" "" 10.542873279947623 "" 2.4080062081080094 ""
84.42019723809 33.82044201386 0.0732 0.054 25.3278 "" "" 3449307579953689216 896.973206 1.1045 0.0816 -1.37 -3.912 0.095 0.062 1.234 3936.8 4.3882 16.801052 1.671828 17.541178 15.86935 "" "" 847.780579 974.286743 3585.30445 3.5253 1315.1 14.068 3559.7 18.946 "" "" 0.0029549085420582434 0.011944873 0.0069048414 0.018849716 84.42019723809 33.82044201386 896.973206 -1.369999999999999 -3.9120000000000013 -1.1554374945163728 -0.49281245422363273 0.2438323 0.2108323 "" "" 5.340692074004415 "" 1.2766918161937049 ""
84.10786187758 34.20507579419 0.0742 0.0587 4.5088 "" "" 3449524699140720896 1023.52209 0.9633 0.0843 -0.274 -2.894 0.1 0.076 1.269 4998.8 4.6889 16.811272 1.746482 17.624233 15.877751 "" "" 951.667664 1114.48828 3551.71617 7.6982 1218.2 14.245 3532.3 19.204 "" "" 0.003623500826039742 0.012999015 0.0070090536 0.020008069 84.10786187758 34.20507579419 1023.52209 -0.274 -2.894 -0.0594374945163727 0.5251875457763671 0.24883232 0.2248323 "" "" 2.564210124694712 "" 0.5773364769951429 ""
83.98858276747 33.88205339911 0.0619 0.0458 15.7613 "" "" 3449487831140876032 943.503967 1.0467 0.0714 2.887 -7.923 0.086 0.06 0.979 4577.2 4.6518 16.813282 1.499475 17.51976 16.020285 "" "" 887.965393 1002.57849 3545.14625 2.6664 1341.3 9.5515 3097.7 10.018 "" "" 0.002873785588277694 0.008219662 0.005158764 0.013378426 83.98858276747 33.88205339911 943.503967 2.887 -7.923 3.1015625054836273 -4.503812454223633 0.23483232 0.20883231 "" "" 24.456079344577166 "" 5.320063956967792 ""
83.53119904164 34.0795449142 0.0687 0.0523 27.4139 "" "" 3449508210762535040 1273.42871 0.7892 0.0808 0.81 -6.357 0.084 0.064 1.14 4351.3 4.3793 16.817827 1.544344 17.539396 15.995052 "" "" 1148.97961 1499.81812 3530.33496 2.5392 1317.2 10.128 3170.6 15.173 "" "" 0.0028638474034553742 0.008802193 0.0064249747 0.015227168 83.53119904164 34.0795449142 1273.42871 0.81 -6.356999999999999 1.0245625054836274 -2.937812454223633 0.23283231 0.2128323 "" "" 18.780243031431894 "" 4.0394607397523465 ""
83.66003288951 33.97616115207 0.0656 0.0533 22.8787 "" "" 3449503945858357376 995.980408 0.9697 0.0772 -0.506 0.555 0.08 0.064 0.969 4324.3 4.3894 16.818169 1.378237 17.450163 16.071926 "" "" 916.987488 1076.57117 3529.22535 2.5227 1430.1 9.9054 2953.8 17.281 "" "" 0.0028625339814823954 0.008021134 0.0073913415 0.015412476 83.66003288951 33.97616115207 995.980408 -0.5060000000000004 0.5549999999999999 -0.2914374945163727 3.9741875457763673 0.2288323 0.2128323 "" "" 18.812309393263618 "" 4.005537284742069 ""
84.14144873731 33.88256737353 0.0684 0.0472 15.3892 "" "" 3449322938756852480 1218.0199 0.828 0.0767 -0.297 -3.597 0.089 0.063 1.006 4464.9 4.3785 16.82028 1.592975 17.569487 15.976512 "" "" 1092.73962 1342.40332 3522.36807 9.778 1281.2 24.421 3225.2 26.137 "" "" 0.004083605378059434 0.020882498 0.0095761465 0.030458644 84.14144873731 33.88256737353 1218.0199 -0.29700000000000004 -3.597 -0.08243749451637267 -0.1778124542236328 0.23783231 0.21183231 "" "" 1.1315481066131183 "" 0.2451605777290451 ""
84.42910647683 34.25700578026 0.2849 0.2429 18.8773 "" "" 3449429007269506688 1294.99023 1.0519 0.3288 -0.09 -1.253 0.38 0.287 4.932 4721.5 4.8109 16.822948 1.750081 17.587765 15.837684 "" "" 944.842651 2060.28516 3513.71964 17.924 1259.8 11.277 3665.1 16.969 "" "" 0.006186013967104841 0.010111463 0.006289102 0.016400564 84.42910647683 34.25700578026 1294.99023 -0.08999999999999998 -1.253 0.12456250548362732 2.166187545776367 0.5288323 0.43583232 "" "" 13.318573882655478 "" 5.809180910007735 ""
84.34640893432 34.43884021602 0.0759 0.0594 22.5961 "" "" 3449621975855533824 1154.24634 0.8297 0.0723 4.503 -4.898 0.093 0.066 0.965 4532.8 4.4871 16.823236 1.528999 17.520506 15.991507 "" "" 1086.41931 1273.35449 3512.79164 2.4384 1340.3 16.001 3180.9 14.922 "" "" 0.002856535741074463 0.013258825 0.006342372 0.019601196 84.34640893432 34.43884021602 1154.24634 4.503000000000004 -4.898 4.717562505483627 -1.4788124542236325 0.24183232 0.2148323 "" "" 27.048782727024523 "" 6.479281169953835 ""
83.71249010602 34.33547029522 0.0628 0.0458 21.8437 "" "" 3449582354779702016 1202.02136 0.8145 0.0683 0.416 0.112 0.077 0.052 0.951 4675.5 4.7214 16.82404 1.337071 17.426102 16.089031 "" "" 1122.203 1297.00806 3510.19324 2.5142 1462.1 6.7495 2907.7 13.899 "" "" 0.00286296240727185 0.005736383 0.0064201793 0.012156563 83.71249010602 34.33547029522 1202.02136 0.416 0.112 0.6305625054836272 3.5311875457763673 0.22583231 0.2008323 "" "" 20.43748248595282 "" 4.121244184392653 ""
