Clusters/NGC_1960/NGC_1960_stars_in_region.tsv
# %ECSV 1.0
# ---
# datatype:
# - name: RA_ICRS_1
#   unit: deg
#   datatype: float64
#   format: '{:15.11f}'
#   description: Right ascension (ICRS) at Ep=2016.0 (ra)
#   meta: !!omap
#   - {ucd: POS_EQ_RA_MAIN}
#   - {width: 15}
#   - {precision: '11'}
# - name: DE_ICRS_1
#   unit: deg
#   datatype: float64
#   format: '{:15.11f}'
#   description: Declination (ICRS) at Ep=2016.0 (dec)
#   meta: !!omap
#   - {ucd: POS_EQ_DEC_MAIN}
#   - {width: 15}
#   - {precision: '11'}
# - name: e_RA_ICRS
#   unit: mas
#   datatype: float64
#   format: '{:7.4f}'
#   description: Standard error of right ascension (ra_error)
#   meta: !!omap
#   - {ucd: ERROR}
#   - {width: 7}
#   - {precision: '4'}
# - name: e_DE_ICRS
#   unit: mas
#   datatype: float64
#   format: '{:7.4f}'
#   description: Standard error of declination (dec_error)
#   meta: !!omap
#   - {ucd: ERROR}
#   - {width: 7}
#   - {precision: '4'}
# - name: _r_1
#   unit: ''
#   datatype: float64
#   format: '{:7.4f}'
#   description: Distance from center (084.07910845000+34.13379476000)[ICRS], at Epoch=J2016.0
#   meta: !!omap
#   - {ucd: POS_ANG_DIST_GENERAL}
#   - {width: 7}
#   - {precision: '4'}
# - name: HIP
#   datatype: int32
#   description: '? HIP cross-id number, van Leeuwen, Cat. I/311 (hip_original_ext_source_id)'
#   meta: !!omap
#   - {ucd: ID_NUMBER}
#   - {width: 6}
#   - values: {'null': -2147483648}
# - name: TYC2
#   datatype: string
#   description: Tycho-2 cross-id name, Hog et al., Cat. I/259 (tyc2_original_ext_source_id)
#   meta: !!omap
#   - {ucd: ID_CROSSID}
#   - {_votable_string_dtype: char}
# - name: Source
#   datatype: int64
#   description: Source identifier, identical to the Gaia-EDR3 source_id (id)
#   meta: !!omap
#   - {ucd: ID_MAIN}
#   - {width: 19}
# - name: rgeo
#   unit: pc
#   datatype: float64
#   format: '{:15.8f}'
#   description: '? Median of the geometric distance posterior (r_med_geo)'
#   meta: !!omap
#   - {ucd: PHYS_DISTANCE_TRUE}
#   - {width: 15}
#   - {precision: '8'}
#   - values: {'null': .nan}
# - name: Plx
#   unit: mas
#   datatype: float64
#   format: '{:9.4f}'
#   description: '? Parallax (parallax)'
#   meta: !!omap
#   - {ucd: POS_PARLX_TRIG}
#   - {width: 9}
#   - {precision: '4'}
#   - values: {'null': .nan}
# - name: e_Plx
#   unit: mas
#   datatype: float32
#   format: '{:7.4f}'
#   description: '? Standard error of parallax (parallax_error)'
#   meta: !!omap
#   - {ucd: ERROR}
#   - {width: 7}
#   - {precision: '4'}
#   - values: {'null': .nan}
# - name: pmRA
#   unit: mas / yr
#   datatype: float64
#   format: '{:9.3f}'
#   description: '? Proper motion in right ascension direction, pmRA*cosDE (pmra)'
#   meta: !!omap
#   - {ucd: POS_EQ_PMRA}
#   - {width: 9}
#   - {precision: '3'}
#   - values: {'null': .nan}
# - name: pmDE
#   unit: mas / yr
#   datatype: float64
#   format: '{:9.3f}'
#   description: '? Proper motion in declination direction (pmdec)'
#   meta: !!omap
#   - {ucd: POS_EQ_PMDEC}
#   - {width: 9}
#   - {precision: '3'}
#   - values: {'null': .nan}
# - name: e_pmRA
#   unit: mas / yr
#   datatype: float32
#   format: '{:6.3f}'
#   description: '? Standard error of proper motion in right ascension direction (pmra_error)'
#   meta: !!omap
#   - {ucd: ERROR}
#   - {width: 6}
#   - {precision: '3'}
#   - values: {'null': .nan}
# - name: e_pmDE
[...]
#         value: !astropy.table.SerializedColumn {name: SkyCoord.dec}
#       distance: !astropy.table.SerializedColumn
#         __class__: astropy.coordinates.distances.Distance
#         unit: !astropy.units.Unit {unit: pc}
#         value: !astropy.table.SerializedColumn {name: SkyCoord.distance}
#       frame: icrs
#       obstime: !astropy.time.Time {format: jyear_str, in_subfmt: '*', jd1: 367701545.0, jd2: 0.0, out_subfmt: '*', precision: 3, scale: tt}
#       pm_dec: !astropy.table.SerializedColumn
#         __class__: astropy.units.quantity.Quantity
#         unit: !astropy.units.Unit {unit: mas / yr}
#         value: !astropy.table.SerializedColumn {name: SkyCoord.pm_dec}
#       pm_ra_cosdec: !astropy.table.SerializedColumn
#         __class__: astropy.units.quantity.Quantity
#         unit: !astropy.units.Unit {unit: mas / yr}
#         value: !astropy.table.SerializedColumn {name: SkyCoord.pm_ra_cosdec}
#       ra: !astropy.table.SerializedColumn
#         __class__: astropy.coordinates.angles.Longitude
#         unit: *id001
#         value: !astropy.table.SerializedColumn {name: SkyCoord.ra}
#         wrap_angle: !astropy.coordinates.Angle
#           unit: *id001
#           value: 360.0
#       representation_type: spherical
# schema: astropy-2.0
RA_ICRS_1 DE_ICRS_1 e_RA_ICRS e_DE_ICRS _r_1 HIP TYC2 Source rgeo Plx e_Plx pmRA pmDE e_pmRA e_pmDE RUWE Teff logg Gmag BP-RP BPmag RPmag RV e_RV b_rgeo B_rgeo FG e_FG FBP e_FBP FRP e_FRP RAVE5 RAVE6 e_Gmag e_BPmag e_RPmag e_BP-RP SkyCoord.ra SkyCoord.dec SkyCoord.distance SkyCoord.pm_ra_cosdec SkyCoord.pm_dec rmRA rmDE e_rmRA e_rmDE rRV e_rRV v_pec v_pec3d e_vpec e_vpec3d
[from data line 748]
84.6092598696 34.41484853709 0.0813 0.0692 31.2296 "" "" 3449437567139255680 1072.57739 0.9254 0.1002 -3.136 -7.665 0.11 0.086 3.077 4650.7 4.175 15.289908 1.394764 15.862536 14.467773 "" "" 971.763794 1235.73181 14420.604 28.754 6171.7 15.087 12943.0 22.759 "" "" 0.003504084611440633 0.0038509038 0.0042342204 0.008085124 84.6092598696 34.41484853709 1072.57739 -3.136000000000001 -7.6650000000000045 -2.921437494516373 -4.245812454223633 0.2588323 0.23483232 "" "" 26.202038479859404 "" 6.361927899876306 ""
83.39107450536 34.19055514141 0.0265 0.0204 34.3282 "" "" 3449559784729825152 1236.02515 0.7608 0.0296 0.798 -3.744 0.037 0.027 0.948 5758.7 4.3802 15.29274 0.997077 15.704651 14.707574 "" "" 1191.05078 1282.56384 14383.04535 4.521 7137.7 21.071 10378.0 11.605 "" "" 0.0027763753168553026 0.0042494903 0.0039696065 0.008219097 83.39107450536 34.19055514141 1236.02515 0.798 -3.744 1.0125625054836274 -0.32481245422363303 0.1858323 0.1758323 "" "" 6.230111979668368 "" 1.1520858510654164 ""
83.8721847625 33.91641657827 0.0293 0.0206 16.613 "" "" 3449491477570229248 1128.58557 0.8468 0.0326 0.199 -11.783 0.041 0.026 1.031 4902.2 4.2645 15.292826 1.140581 15.777715 14.637134 "" "" 1088.76453 1171.12476 14381.90338 4.5882 6673.2 15.804 11074.0 13.364 "" "" 0.0027770068607141526 0.003794307 0.004000062 0.007794369 83.8721847625 33.91641657827 1128.58557 0.1989999999999995 -11.782999999999998 0.41356250548362733 -8.363812454223632 0.1898323 0.17483231 "" "" 44.796841213747015 "" 7.833644436024453 ""
84.17095949847 34.16607521702 0.0267 0.0209 4.955 "" "" 3449521366246040704 1129.99268 0.8466 0.0311 -0.366 -3.448 0.037 0.027 0.93 4833.6 4.2403 15.293207 1.171706 15.786743 14.615037 "" "" 1089.30713 1170.32617 14376.85252 25.291 6617.9 52.997 11302.0 71.263 "" "" 0.0033525772344196727 0.009131436 0.007819886 0.016951323 84.17095949847 34.16607521702 1129.99268 -0.366 -3.4479999999999995 -0.15143749451637267 -0.028812454223632766 0.1858323 0.1758323 "" "" 0.8256745936303829 "" 0.15315607515931426 ""
83.9271459736 34.72064323906 0.0311 0.0249 36.0051 "" "" 3449691657404832896 1187.24207 0.8116 0.0347 -0.199 -3.374 0.037 0.028 1.004 5779.2 4.3856 15.304194 1.100514 15.767114 14.666599 "" "" 1132.06995 1250.66772 14232.09839 13.647 6738.6 42.793 10778.0 34.159 "" "" 0.002945450587788823 0.0074380483 0.00511122 0.012549268 83.9271459736 34.72064323906 1187.24207 -0.19900000000000004 -3.373999999999998 0.015562505483627309 0.04518754577636708 0.1858323 0.1768323 "" "" 0.26895259200608035 "" 0.04782197537545786 ""
83.83891333312 34.55493435582 0.0273 0.021 27.9299 "" "" 3449592254682378880 1066.37695 0.8863 0.0306 0.217 -3.396 0.034 0.024 0.94 5810.4 4.4193 15.308415 1.05492 15.74787 14.692949 "" "" 1036.81506 1108.55066 14176.87418 4.3467 6859.1 16.754 10519.0 16.769 "" "" 0.0027753570138813735 0.0038494444 0.004156866 0.00800631 83.83891333312 34.55493435582 1066.37695 0.217 -3.395999999999999 0.4315625054836273 0.02318754577636728 0.1828323 0.17283231 "" "" 2.184533766490495 "" 0.3993421670675882 ""
83.49040943181 34.42411487262 0.0308 0.0219 33.9895 "" "" 3449598984893396224 1290.09619 0.7414 0.0354 1.023 -1.788 0.042 0.03 0.995 5825.5 4.3276 15.308945 1.11676 15.78119 14.66443 "" "" 1237.17725 1352.85547 14169.96903 12.487 6651.8 20.923 10799.0 35.662 "" "" 0.0029167144877941553 0.004410018 0.0052095433 0.009619562 83.49040943181 34.42411487262 1290.09619 1.0229999999999992 -1.7879999999999998 1.2375625054836272 1.6311875457763672 0.1908323 0.17883231 "" "" 12.520692790065631 "" 2.295134263945205 ""
84.04469625129 34.02767813718 0.0296 0.0224 6.5927 "" "" 3449514601674100736 872.714233 1.1026 0.0338 -5.113 -3.861 0.038 0.027 1.016 5309.1 4.4706 15.311503 1.134413 15.801974 14.667562 "" "" 849.847229 896.397278 14136.61093 4.6296 6525.7 11.95 10768.0 18.847 "" "" 0.0027781680809495593 0.003426088 0.0042302506 0.0076563386 84.04469625129 34.02767813718 872.714233 -5.113 -3.8609999999999998 -4.898437494516373 -0.441812454223633 0.18683231 0.1758323 "" "" 20.345451430017643 "" 3.7994344867977206 ""
83.51113493159 34.51323062806 0.0315 0.0242 36.1993 "" "" 3449599916903892736 1061.58716 0.9111 0.0363 1.156 -4.08 0.04 0.03 1.104 5721.8 4.5032 15.315198 1.004239 15.710997 14.706758 "" "" 1021.77728 1096.45325 14088.58551 8.655 7096.1 18.453 10386.0 28.104 "" "" 0.0028349029215906196 0.003969459 0.004786989 0.008756448 83.51113493159 34.51323062806 1061.58716 1.156 -4.08 1.3705625054836272 -0.6608124542236329 0.18883231 0.17883231 "" "" 7.6563231119031085 "" 1.431633317667024 ""
84.32928559625 34.42062397562 0.0373 0.0293 21.2138 "" "" 3449621937199851648 1280.39124 0.7506 0.0356 -5.251 -2.558 0.044 0.032 0.936 "" "" 15.316966 -0.004815 15.312964 15.317779 "" "" 1228.99597 1348.6864 14065.66643 11.03 10238.0 20.687 5916.3 15.149 "" "" 0.0028838673532966225 0.003549369 0.004691759 0.008241128 84.32928559625 34.42062397562 1280.39124 -5.251 -2.558 -5.036437494516373 0.8611875457763674 0.1928323 0.18083231 "" "" 31.010045503453217 "" 5.9694877129155435 ""
84.0008901969 34.63815252909 0.0296 0.0242 30.5083 "" "" 3449687328077804416 1242.66614 0.7641 0.0324 9.553 -3.433 0.036 0.029 0.988 5776.6 4.3506 15.317223 1.021543 15.741003 14.719461 "" "" 1196.49011 1294.48376 14062.34974 4.6626 6902.6 26.008 10265.0 16.713 "" "" 0.002778737965155361 0.0049518165 0.0041723675 0.009124184 84.0008901969 34.63815252909 1242.66614 9.553000000000008 -3.4329999999999985 9.767562505483628 -0.013812454223632642 0.1848323 0.1778323 "" "" 57.53332051375166 "" 10.634015438425328 ""
83.39641783579 34.22832964427 0.0276 0.0207 34.3574 "" "" 3449560678083010176 1048.80273 0.916 0.0308 -0.036 1.599 0.038 0.027 0.983 5823.8 4.4637 15.318027 1.004783 15.729411 14.724628 "" "" 1008.90668 1090.01489 14051.92192 5.4965 6976.7 14.855 10217.0 19.105 "" "" 0.0027878581909500945 0.0036234495 0.004290176 0.007913626 83.39641783579 34.22832964427 1048.80273 -0.036000000000000004 1.5990000000000002 0.17856250548362732 5.018187545776367 0.18683231 0.1758323 "" "" 24.96282931118935 "" 4.389629808971067 ""
83.85141197088 33.99248796414 0.0292 0.0219 14.1412 "" "" 3449492985101846400 1163.04773 0.8128 0.0333 4.526 -6.089 0.042 0.027 1.027 5064.6 4.2999 15.318742 1.211479 15.847172 14.635693 "" "" 1119.2113 1202.59985 14042.68397 4.8191 6259.6 14.182 11089.0 16.366 "" "" 0.0027803989679798047 0.00371969 0.0041050524 0.007824742 83.85141197088 33.99248796414 1163.04773 4.526000000000002 -6.088999999999997 4.740562505483627 -2.6698124542236332 0.1908323 0.1758323 "" "" 29.993547444807323 "" 5.618694650767991 ""
83.97769845702 34.15053557169 0.0288 0.0227 5.1351 "" "" 3449519132863024128 1111.21814 0.858 0.0348 -0.12 -3.582 0.039 0.029 1.0 5105.4 4.3217 15.3205 1.181807 15.825102 14.643295 "" "" 1074.59509 1163.30127 14019.95769 15.966 6388.2 29.754 11011.0 72.447 "" "" 0.0030200294819089854 0.005775646 0.008081766 0.013857411 83.97769845702 34.15053557169 1111.21814 -0.11999999999999997 -3.5820000000000007 0.09456250548362732 -0.16281245422363266 0.18783231 0.1778323 "" "" 0.9917119702195739 "" 0.1789118186430161 ""
84.48570903411 33.79242104357 0.0286 0.0212 28.7913 "" "" 3449310191293746048 1130.82983 0.8447 0.0314 2.089 -6.375 0.037 0.025 1.047 5781.4 4.4416 15.321454 1.036005 15.754397 14.718392 "" "" 1092.20667 1165.87854 14007.64865 7.2694 6818.0 21.832 10275.0 20.13 "" "" 0.002812342191701033 0.0044578174 0.0043368475 0.008794665 84.48570903411 33.79242104357 1130.82983 2.089 -6.375 2.3035625054836273 -2.955812454223633 0.1858323 0.17383231 "" "" 20.086721736270935 "" 3.584706918760874 ""
84.30561506987 33.91860050414 0.0278 0.0215 17.1341 "" "" 3449321603022376064 875.635986 1.1206 0.0338 8.458 -1.22 0.036 0.028 0.99 5469.2 4.536 15.322534 1.090982 15.783036 14.692054 "" "" 848.449524 899.730774 13993.7204 4.1581 6640.5 13.084 10528.0 13.298 "" "" 0.0027741432130205107 0.0035158913 0.0040205065 0.007536398 84.30561506987 33.91860050414 875.635986 8.458 -1.2199999999999998 8.672562505483628 2.1991875457763674 0.1848323 0.1768323 "" "" 37.134875929238 "" 6.8461417725979095 ""
84.24688181595 33.92960009574 0.0335 0.0259 14.8222 "" "" 3449324656743852544 951.081543 1.0145 0.0397 0.066 -0.781 0.043 0.034 1.064 5388.1 4.4753 15.327083 1.14026 15.812752 14.672492 "" "" 916.481384 985.085083 13935.22024 4.9682 6461.2 16.005 10719.0 17.491 "" "" 0.0027823778345277945 0.003875345 0.004174035 0.00804938 84.24688181595 33.92960009574 951.081543 0.06599999999999996 -0.7809999999999995 0.2805625054836273 2.638187545776367 0.1918323 0.1828323 "" "" 11.96034838052533 "" 2.1879710808005455 ""
84.49258695376 33.91385603455 0.029 0.0219 24.4319 "" "" 3449314937233101312 1301.74988 0.7273 0.0319 0.727 -3.096 0.038 0.026 1.031 5860.3 4.3771 15.332321 1.079743 15.784658 14.704915 "" "" 1252.72083 1347.77991 13868.148 4.2945 6630.6 17.237 10404.0 12.304 "" "" 0.00277575766927703 0.003968819 0.003991544 0.007960362 84.49258695376 33.91385603455 1301.74988 0.727 -3.095999999999999 0.9415625054836273 0.3231875457763671 0.18683231 0.17483231 "" "" 6.142434796435677 "" 1.1400610359796168 ""
83.90121101072 34.13864786766 0.0292 0.0227 8.8396 "" "" 3449529372065042048 988.609863 0.972 0.0343 4.471 -4.653 0.039 0.028 1.013 5512.1 4.5791 15.335252 1.142141 15.824429 14.682287 "" "" 959.421936 1014.15417 13830.76351 4.8244 6392.1 25.347 10623.0 15.64 "" "" 0.0027812264154092364 0.0051303986 0.0041035283 0.009233927 83.90121101072 34.13864786766 988.609863 4.471 -4.653 4.685562505483627 -1.2338124542236324 0.18783231 0.1768323 "" "" 22.70505877669958 "" 4.248993996260834 ""
84.54845740653 34.43958466717 0.0283 0.0227 29.631 "" "" 3449625480548827648 1202.47571 0.7902 0.0348 -0.35 -3.188 0.039 0.029 0.967 5769.0 4.3158 15.33646 1.28584 15.903407 14.617567 "" "" 1157.29382 1250.69385 13815.37246 9.5245 5943.7 20.755 11275.0 24.073 "" "" 0.002855183502466939 0.004707349 0.0044336733 0.009141022 84.54845740653 34.43958466717 1202.47571 -0.3500000000000001 -3.1879999999999997 -0.13543749451637266 0.23118754577636702 0.18783231 0.1778323 "" "" 1.5271779471371985 "" 0.27556418043330266 ""
83.52621337264 34.14706325919 0.0307 0.0227 27.4682 "" "" 3449555936439110912 1110.8313 0.8591 0.0349 2.381 0.059 0.04 0.028 0.981 5085.2 4.317 15.337612 1.150205 15.829249 14.679045 "" "" 1072.70703 1149.54956 13800.72338 5.2595 6363.8 15.203 10655.0 13.84 "" "" 0.00278621629569823 0.0038095755 0.0040339353 0.007843511 83.52621337264 34.14706325919 1110.8313 2.381 0.059 2.595562505483627 3.4781875457763674 0.18883231 0.1768323 "" "" 22.851051433818714 "" 4.140972929355378 ""
84.16315706387 34.19518631549 0.0271 0.021 5.5659 "" "" 3449524767860184192 1181.40503 0.8022 0.0309 -0.244 -3.276 0.036 0.027 0.924 5710.0 4.3173 15.342471 1.193582 15.853654 14.660071 "" "" 1144.38733 1226.54602 13739.09758 26.053 6222.4 37.433 10843.0 57.741 "" "" 0.0034395691065696064 0.007102614 0.006907412 0.014010025 84.16315706387 34.19518631549 1181.40503 -0.24400000000000002 -3.276 -0.029437494516372675 0.1431875457763674 0.1848323 0.1758323 "" "" 0.8185999032895239 "" 0.14424238869237163 ""
83.81518101512 33.61851742577 0.0323 0.0249 33.596 "" "" 3449290468804833792 1105.14172 0.8684 0.0369 -6.612 -0.423 0.041 0.029 0.986 5825.1 4.4497 15.343895 1.05495 15.781764 14.726814 "" "" 1059.90552 1158.65784 13721.09743 4.718 6648.3 15.144 10196.0 22.749 "" "" 0.002780497261045862 0.0037284887 0.004489103 0.008217592 83.81518101512 33.61851742577 1105.14172 -6.612000000000001 -0.4229999999999996 -6.397437494516373 2.996187545776367 0.1898323 0.1778323 "" "" 37.005433954140685 "" 6.947039269151177 ""
84.12445373946 34.24879741008 0.0278 0.0219 7.2579 "" "" 3449525906027948160 1128.60132 0.8532 0.0322 -0.23 -3.275 0.036 0.026 0.966 5306.2 4.3602 15.351815 1.055716 15.791717 14.736001 "" "" 1086.51489 1163.85461 13621.37038 6.5807 6587.6 25.182 10110.0 16.591 "" "" 0.002804804408227965 0.005001066 0.004178318 0.0091793835 84.12445373946 34.24879741008 1128.60132 -0.23000000000000004 -3.275 -0.01543749451637269 0.14418754577636728 0.1848323 0.17483231 "" "" 0.7757497507246668 "" 0.13571652466574416 ""
83.47248256885 34.05767980395 0.0314 0.0242 30.4849 "" "" 3449549201930823424 1222.37842 0.7903 0.0352 3.068 -3.075 0.044 0.031 1.059 5090.3 3.7999 15.351976 1.243623 15.894118 14.650496 "" "" 1173.79297 1283.38867 13619.34714 4.4314 5994.7 14.581 10939.0 20.604 "" "" 0.002777875149122207 0.003841764 0.004297191 0.008138955 83.47248256885 34.05767980395 1222.37842 3.0680000000000023 -3.075 3.2825625054836274 0.344187545776367 0.1928323 0.17983231 "" "" 19.12367507281319 "" 3.6850490445901687 ""
84.15866815681 33.96235180932 0.0323 0.0247 11.0208 "" "" 3449325623111780608 1251.0105 0.7728 0.0383 0.996 -1.466 0.043 0.031 1.191 6029.7 4.4061 15.352045 0.996364 15.745505 14.749142 "" "" 1187.10449 1324.7887 13618.48767 6.1576 6874.1 31.749 9988.5 18.088 "" "" 0.0027987117718708925 0.005738599 0.0042602154 0.009998815 84.15866815681 33.96235180932 1251.0105 0.996 -1.466 1.2105625054836273 1.9531875457763672 0.1918323 0.17983231 "" "" 13.626139726383517 "" 2.4968735855561217 ""
84.4896398103 34.41887124274 0.052 0.0412 26.5867 "" "" 3449619708112788736 869.302551 1.1063 0.0615 3.513 -15.195 0.07 0.048 1.684 "" "" 15.355848 1.27757 15.915681 14.638111 "" "" 828.701416 913.075134 13570.8564 4.2893 5876.8 14.724 11064.0 14.208 "" "" 0.002776607982635087 0.0038967708 0.0040283618 0.007925132 84.4896398103 34.41887124274 869.302551 3.513 -15.195 3.727562505483627 -11.775812454223633 0.21883231 0.1968323 "" "" 50.89510492128978 "" 10.124902314240627 ""
83.64711512974 34.34130721963 0.0306 0.0234 24.7827 "" "" 3449582943193384320 1280.80249 0.739 0.0341 -0.768 -10.182 0.041 0.03 1.126 5839.6 4.3875 15.3656 1.025978 15.786466 14.760488 "" "" 1233.3042 1332.38818 13449.52145 5.6602 6619.6 15.7 9884.7 14.321 "" "" 0.002792950774876336 0.0037968578 0.004093668 0.007890526 83.64711512974 34.34130721963 1280.80249 -0.7679999999999998 -10.182000000000002 -0.5534374945163727 -6.762812454223633 0.1898323 0.17883231 "" "" 41.194310968912035 "" 7.3699802266673995 ""
83.8182627089 33.67654407538 0.03 0.0245 30.3547 "" "" 3449478730107350400 1070.85876 0.9024 0.0361 -4.394 -5.899 0.039 0.027 1.024 5754.6 4.4658 15.368197 1.063151 15.812192 14.749041 "" "" 1030.32898 1117.09766 13417.38665 4.307 6464.6 18.091 9989.5 16.168 "" "" 0.0027772752069891433 0.004125159 0.004167937 0.008293096 83.8182627089 33.67654407538 1070.85876 -4.394000000000004 -5.898999999999997 -4.179437494516373 -2.479812454223633 0.18783231 0.1758323 "" "" 24.66746047409996 "" 4.5581220916074825 ""
83.91941762572 34.666860491 0.0335 0.0267 32.9465 "" "" 3449597477362573056 872.323792 1.1129 0.0334 -0.106 -5.693 0.041 0.03 0.974 5381.3 4.5293 15.371064 1.200547 15.892356 14.691809 "" "" 850.871094 893.873169 13382.00129 9.4377 6004.5 20.131 10530.0 20.643 "" "" 0.0028597403759245965 0.0045864303 0.0043375264 0.008923957 83.91941762572 34.666860491 872.323792 -0.10599999999999982 -5.692999999999996 0.10856250548362732 -2.2738124542236324 0.1898323 0.17883231 "" "" 9.412503190594366 "" 1.683502372057545 ""
84.70758722253 34.323353652 0.031 0.0246 33.1873 "" "" 3449433203452485376 1018.10162 0.9432 0.0374 9.726 -6.579 0.041 0.031 1.005 4920.0 4.2747 15.372999 1.144731 15.859752 14.715021 "" "" 980.920837 1052.70532 13358.17738 4.864 6187.5 13.785 10307.0 16.75 "" "" 0.0027835378655332787 0.003692705 0.004170968 0.007863673 84.70758722253 34.323353652 1018.10162 9.726 -6.578999999999998 9.940562505483628 -3.1598124542236325 0.1898323 0.17983231 "" "" 50.33641905826257 "" 9.510395252912854 ""
