Clusters/UPK_457/UPK_457_members.tsv
# %ECSV 1.0
# ---
# datatype:
# - name: RA_ICRS_1
#   unit: deg
#   datatype: float64
#   format: '{:15.11f}'
#   description: Right ascension (ICRS) at Ep=2016.0 (ra)
#   meta: !!omap
#   - {ucd: POS_EQ_RA_MAIN}
#   - {width: 15}
#   - {precision: '11'}
# - name: DE_ICRS_1
#   unit: deg
#   datatype: float64
#   format: '{:15.11f}'
#   description: Declination (ICRS) at Ep=2016.0 (dec)
#   meta: !!omap
#   - {ucd: POS_EQ_DEC_MAIN}
#   - {width: 15}
#   - {precision: '11'}
# - name: e_RA_ICRS
#   unit: mas
#   datatype: float64
#   format: '{:7.4f}'
#   description: Standard error of right ascension (ra_error)
#   meta: !!omap
#   - {ucd: ERROR}
#   - {width: 7}
#   - {precision: '4'}
# - name: e_DE_ICRS
#   unit: mas
#   datatype: float64
#   format: '{:7.4f}'
#   description: Standard error of declination (dec_error)
#   meta: !!omap
#   - {ucd: ERROR}
#   - {width: 7}
#   - {precision: '4'}
# - name: _r_1
#   unit: ''
#   datatype: float64
#   format: '{:7.4f}'
#   description: Distance from center (104.45590600000-18.70470598000)[ICRS], at Epoch=J2016.0
#   meta: !!omap
#   - {ucd: POS_ANG_DIST_GENERAL}
#   - {width: 7}
#   - {precision: '4'}
# - name: HIP
#   datatype: int32
#   description: '? HIP cross-id number, van Leeuwen, Cat. I/311 (hip_original_ext_source_id)'
#   meta: !!omap
#   - {ucd: ID_NUMBER}
#   - {width: 6}
#   - values: {'null': -2147483648}
# - name: TYC2
#   datatype: string
#   description: Tycho-2 cross-id name, Hog et al., Cat. I/259 (tyc2_original_ext_source_id)
#   meta: !!omap
#   - {ucd: ID_CROSSID}
#   - {_votable_string_dtype: char}
# - name: Source
#   datatype: int64
#   description: Source identifier, identical to the Gaia-EDR3 source_id (id)
#   meta: !!omap
#   - {ucd: ID_MAIN}
#   - {width: 19}
# - name: rgeo
#   unit: pc
#   datatype: float64
#   format: '{:15.8f}'
#   description: '? Median of the geometric distance posterior (r_med_geo)'
#   meta: !!omap
#   - {ucd: PHYS_DISTANCE_TRUE}
#   - {width: 15}
#   - {precision: '8'}
#   - values: {'null': .nan}
# - name: Plx
#   unit: mas
#   datatype: float64
#   format: '{:9.4f}'
#   description: '? Parallax (parallax)'
#   meta: !!omap
#   - {ucd: POS_PARLX_TRIG}
#   - {width: 9}
#   - {precision: '4'}
#   - values: {'null': .nan}
# - name: e_Plx
#   unit: mas
#   datatype: float32
#   format: '{:7.4f}'
#   description: '? Standard error of parallax (parallax_error)'
#   meta: !!omap
#   - {ucd: ERROR}
#   - {width: 7}
#   - {precision: '4'}
#   - values: {'null': .nan}
# - name: pmRA
#   unit: mas / yr
#   datatype: float64
#   format: '{:9.3f}'
#   description: '? Proper motion in right ascension direction, pmRA*cosDE (pmra)'
#   meta: !!omap
#   - {ucd: POS_EQ_PMRA}
#   - {width: 9}
#   - {precision: '3'}
#   - values: {'null': .nan}
# - name: pmDE
#   unit: mas / yr
#   datatype: float64
#   format: '{:9.3f}'
#   description: '? Proper motion in declination direction (pmdec)'
#   meta: !!omap
#   - {ucd: POS_EQ_PMDEC}
#   - {width: 9}
#   - {precision: '3'}
#   - values: {'null': .nan}
# - name: e_pmRA
#   unit: mas / yr
#   datatype: float32
#   format: '{:6.3f}'
#   description: '? Standard error of proper motion in right ascension direction (pmra_error)'
#   meta: !!omap
#   - {ucd: ERROR}
#   - {width: 6}
#   - {precision: '3'}
#   - values: {'null': .nan}
# - name: e_pmDE
#   unit: mas / yr
#   datatype: float32
#   format: '{:6.3f}'
#   description: '? Standard error of proper motion in declination direction (pmdec_error)'
#   meta: !!omap
#   - {ucd: ERROR}
#   - {width: 6}
#   - {precision: '3'}
#   - values: {'null': .nan}
# - name: RUWE
#   datatype: float64
#   format: '{:7.3f}'
#   description: '? Renormalised unit weight error (ruwe)'
#   meta: !!omap
#   - {ucd: ERROR}
#   - {width: 7}
#   - {precision: '3'}
#   - values: {'null': .nan}
# - name: Teff
#   unit: K
#   datatype: float64
#   format: '{:7.1f}'
#   description: '? Effective temperature from GSP-Phot Aeneas best library using BP/RP spectra (teff_gspphot)'
#   meta: !!omap
#   - {ucd: PHYS_TEMP_EFFEC}
#   - {width: 7}
#   - {precision: '1'}
#   - values: {'null': .nan}
# - name: logg
#   unit: log(cm.s**-2)
#   datatype: float64
#   format: '{:7.4f}'
#   description: '? Surface gravity from GSP-Phot Aeneas best library using BP/RP spectra (logg_gspphot)'
#   meta: !!omap
#   - {ucd: PHYS_GRAVITY_SURFACE}
#   - {width: 7}
#   - {precision: '4'}
#   - values: {'null': .nan}
# - name: Gmag
#   unit: mag
#   datatype: float64
#   format: '{:9.6f}'
#   description: '? G-band mean magnitude (phot_g_mean_mag)'
#   meta: !!omap
#   - {ucd: PHOT_MAG_OPTICAL}
#   - {width: 9}
#   - {precision: '6'}
#   - values: {'null': .nan}
# - name: BP-RP
#   unit: mag
#   datatype: float64
#   format: '{:9.6f}'
#   description: '? BP-RP colour (bp_rp)'
#   meta: !!omap
#   - {ucd: PHOT_CI_B-R}
#   - {width: 9}
#   - {precision: '6'}
#   - values: {'null': .nan}
# - name: BPmag
#   unit: mag
#   datatype: float64
#   format: '{:9.6f}'
#   description: '? Integrated BP mean magnitude (phot_bp_mean_mag)'
#   meta: !!omap
#   - {ucd: PHOT_MAG_B}
#   - {width: 9}
#   - {precision: '6'}
#   - values: {'null': .nan}
# - name: RPmag
#   unit: mag
#   datatype: float64
#   format: '{:9.6f}'
#   description: '? Integrated RP mean magnitude (phot_rp_mean_mag)'
#   meta: !!omap
#   - {ucd: PHOT_MAG_R}
#   - {width: 9}
#   - {precision: '6'}
#   - values: {'null': .nan}
# - name: RV
#   unit: km / s
#   datatype: float64
#   format: '{:7.2f}'
#   description: '? Radial velocity (radial_velocity)'
#   meta: !!omap
#   - {ucd: VELOC_BARYCENTER}
#   - {width: 7}
#   - {precision: '2'}
#   - values: {'null': .nan}
# - name: e_RV
#   unit: km / s
#   datatype: float32
#   format: '{:5.2f}'
#   description: '? Radial velocity error (radial_velocity_error)'
#   meta: !!omap
#   - {ucd: ERROR}
#   - {width: 5}
#   - {precision: '2'}
#   - values: {'null': .nan}
# - name: b_rgeo
#   unit: pc
#   datatype: float64
#   format: '{:14.8f}'
#   description: '? 16th percentile of the geometric distance posterior (r_lo_geo)'
#   meta: !!omap
#   - {ucd: ERROR}
#   - {width: 14}
#   - {precision: '8'}
#   - values: {'null': .nan}
# - name: B_rgeo
#   unit: pc
#   datatype: float64
#   format: '{:14.8f}'
#   description: '? 84th percentile of the geometric distance posterior (r_hi_geo)'
#   meta: !!omap
#   - {ucd: ERROR}
#   - {width: 14}
#   - {precision: '8'}
#   - values: {'null': .nan}
# - name: FG
#   unit: ''
#   datatype: float64
#   format: '{:16.5f}'
#   description: '? G-band mean flux (phot_g_mean_flux)'
#   meta: !!omap
#   - {ucd: PHOT_FLUX_OPTICAL}
#   - {width: 16}
#   - {precision: '5'}
#   - values: {'null': .nan}
# - name: e_FG
#   unit: ''
#   datatype: float32
#   format: '{:11.4g}'
#   description: '? Error on G-band mean flux (phot_g_mean_flux_error)'
#   meta: !!omap
#   - {ucd: ERROR}
#   - {width: 11}
#   - {precision: E4}
#   - values: {'null': .nan}
# - name: FBP
#   unit: ''
#   datatype: float32
#   format: '{:11.4g}'
#   description: '? Integrated BP mean flux (phot_bp_mean_flux)'
#   meta: !!omap
#   - {ucd: PHOT_FLUX_B}
#   - {width: 11}
#   - {precision: E4}
#   - values: {'null': .nan}
# - name: e_FBP
#   unit: ''
#   datatype: float32
#   format: '{:11.4g}'
#   description: '? Error on the integrated BP mean flux (phot_bp_mean_flux_error)'
#   meta: !!omap
#   - {ucd: ERROR}
#   - {width: 11}
#   - {precision: E4}
#   - values: {'null': .nan}
# - name: FRP
#   unit: ''
#   datatype: float32
#   format: '{:11.4g}'
#   description: '? Integrated RP mean flux (phot_rp_mean_flux)'
#   meta: !!omap
#   - {ucd: PHOT_FLUX_R}
#   - {width: 11}
#   - {precision: E4}
#   - values: {'null': .nan}
# - name: e_FRP
#   unit: ''
#   datatype: float32
#   format: '{:11.4g}'
#   description: '? Error on the integrated RP mean flux (phot_rp_mean_flux_error)'
#   meta: !!omap
#   - {ucd: ERROR}
#   - {width: 11}
#   - {precision: E4}
#   - values: {'null': .nan}
# - name: RAVE5
#   datatype: string
#   description: RAVE DR5 cross-id name, Kunder et al., Cat. III/279 (rave5_original_ext_source_id)
#   meta: !!omap
#   - {ucd: ID_CROSSID}
#   - {_votable_string_dtype: char}
# - name: RAVE6
#   datatype: string
#   description: RAVE DR6 cross-id name, Steinmetz et al., Cat. III/283 (rave6_original_ext_source_id)
#   meta: !!omap
#   - {ucd: ID_CROSSID}
#   - {_votable_string_dtype: char}
# - name: e_Gmag
#   unit: ''
#   datatype: float64
#   format: '{:11.4g}'
#   description: '? Error on G-band mean flux (phot_g_mean_flux_error)'
#   meta: !!omap
#   - {ucd: ERROR}
#   - {width: 11}
#   - {precision: E4}
#   - values: {'null': .nan}
# - name: e_BPmag
#   unit: ''
#   datatype: float32
#   format: '{:11.4g}'
#   description: '? Error on the integrated BP mean flux (phot_bp_mean_flux_error)'
#   meta: !!omap
#   - {ucd: ERROR}
#   - {width: 11}
#   - {precision: E4}
#   - values: {'null': .nan}
# - name: e_RPmag
#   unit: ''
#   datatype: float32
#   format: '{:11.4g}'
#   description: '? Error on the integrated RP mean flux (phot_rp_mean_flux_error)'
#   meta: !!omap
#   - {ucd: ERROR}
#   - {width: 11}
#   - {precision: E4}
#   - values: {'null': .nan}
# - name: e_BP-RP
#   unit: ''
#   datatype: float32
#   format: '{:11.4g}'
#   description: '? Error on the integrated BP mean flux (phot_bp_mean_flux_error)'
#   meta: !!omap
#   - {ucd: ERROR}
#   - {width: 11}
#   - {precision: E4}
#   - values: {'null': .nan}
# - name: SkyCoord.ra
#   unit: deg
#   datatype: float64
#   format: '{:15.11f}'
#   description: Right ascension (ICRS) at Ep=2016.0 (ra)
#   meta: !!omap
#   - {ucd: POS_EQ_RA_MAIN}
#   - {width: 15}
#   - {precision: '11'}
# - name: SkyCoord.dec
#   unit: deg
#   datatype: float64
#   format: '{:15.11f}'
#   description: Declination (ICRS) at Ep=2016.0 (dec)
#   meta: !!omap
#   - {ucd: POS_EQ_DEC_MAIN}
#   - {width: 15}
#   - {precision: '11'}
# - name: SkyCoord.distance
#   unit: pc
#   datatype: float64
#   format: '{:15.8f}'
#   description: '? Median of the geometric distance posterior (r_med_geo)'
#   meta: !!omap
#   - {ucd: PHYS_DISTANCE_TRUE}
#   - {width: 15}
#   - {precision: '8'}
#   - values: {'null': .nan}
# - {name: SkyCoord.pm_ra_cosdec, unit: mas / yr, datatype: float64}
# - {name: SkyCoord.pm_dec, unit: mas / yr, datatype: float64}
# - {name: rmRA, unit: mas / yr, datatype: float64}
# - {name: rmDE, unit: mas / yr, datatype: float64}
# - {name: e_rmRA, unit: mas / yr, datatype: float32}
# - {name: e_rmDE, unit: mas / yr, datatype: float32}
# - name: rRV
#   unit: km / s
#   datatype: float64
#   format: '{:7.2f}'
#   description: '? Radial velocity (radial_velocity)'
#   meta: !!omap
#   - {ucd: VELOC_BARYCENTER}
#   - {width: 7}
#   - {precision: '2'}
#   - values: {'null': .nan}
# - name: e_rRV
#   unit: km / s
#   datatype: float32
#   format: '{:5.2f}'
#   description: '? Radial velocity error (radial_velocity_error)'
#   meta: !!omap
#   - {ucd: ERROR}
#   - {width: 5}
#   - {precision: '2'}
#   - values: {'null': .nan}
# - {name: v_pec, unit: km / s, datatype: float64}
# - name: v_pec3d
#   unit: km / s
#   datatype: float64
#   format: '{:7.2f}'
#   description: '? Radial velocity (radial_velocity)'
#   meta: !!omap
#   - {ucd: VELOC_BARYCENTER}
#   - {width: 7}
#   - {precision: '2'}
#   - values: {'null': .nan}
# - {name: e_vpec, unit: km / s, datatype: float64}
# - name: e_vpec3d
#   unit: km / s
#   datatype: float64
#   format: '{:7.2f}'
#   description: '? Radial velocity (radial_velocity)'
#   meta: !!omap
#   - {ucd: VELOC_BARYCENTER}
#   - {width: 7}
#   - {precision: '2'}
#   - values: {'null': .nan}
# - {name: Pmemb, datatype: float64}
# meta: !!omap
# - {ID: I_352_gedr3dis}
# - {name: I/352/gedr3dis}
# - {description: Estimating distances from parallaxes (1467744818 sources)}
# - __serialized_columns__:
#     SkyCoord:
#       __class__: astropy.coordinates.sky_coordinate.SkyCoord
#       dec: !astropy.table.SerializedColumn
#         __class__: astropy.coordinates.angles.Latitude
#         unit: &id001 !astropy.units.Unit {unit: deg}
#         value: !astropy.table.SerializedColumn {name: SkyCoord.dec}
#       distance: !astropy.table.SerializedColumn
#         __class__: astropy.coordinates.distances.Distance
#         unit: !astropy.units.Unit {unit: pc}
#         value: !astropy.table.SerializedColumn {name: SkyCoord.distance}
#       frame: icrs
#       obstime: !astropy.time.Time {format: jyear_str, in_subfmt: '*', jd1: 367701545.0, jd2: 0.0, out_subfmt: '*', precision: 3, scale: tt}
#       pm_dec: !astropy.table.SerializedColumn
#         __class__: astropy.units.quantity.Quantity
#         unit: !astropy.units.Unit {unit: mas / yr}
#         value: !astropy.table.SerializedColumn {name: SkyCoord.pm_dec}
#       pm_ra_cosdec: !astropy.table.SerializedColumn
#         __class__: astropy.units.quantity.Quantity
#         unit: !astropy.units.Unit {unit: mas / yr}
#         value: !astropy.table.SerializedColumn {name: SkyCoord.pm_ra_cosdec}
#       ra: !astropy.table.SerializedColumn
#         __class__: astropy.coordinates.angles.Longitude
#         unit: *id001
#         value: !astropy.table.SerializedColumn {name: SkyCoord.ra}
#         wrap_angle: !astropy.coordinates.Angle
#           unit: *id001
#           value: 360.0
#       representation_type: spherical
# schema: astropy-2.0
RA_ICRS_1 DE_ICRS_1 e_RA_ICRS e_DE_ICRS _r_1 HIP TYC2 Source rgeo Plx e_Plx pmRA pmDE e_pmRA e_pmDE RUWE Teff logg Gmag BP-RP BPmag RPmag RV e_RV b_rgeo B_rgeo FG e_FG FBP e_FBP FRP e_FRP RAVE5 RAVE6 e_Gmag e_BPmag e_RPmag e_BP-RP SkyCoord.ra SkyCoord.dec SkyCoord.distance SkyCoord.pm_ra_cosdec SkyCoord.pm_dec rmRA rmDE e_rmRA e_rmDE rRV e_rRV v_pec v_pec3d e_vpec e_vpec3d Pmemb
104.53609950253 -18.62303102945 0.0086 0.0107 6.6929 "" "" 2933691705184020864 937.427612 1.0253 0.0135 -3.861 5.045 0.011 0.013 1.024 5965.0 4.1468 13.462584 0.789303 13.775091 12.985788 26.92 6.2 927.682556 950.448792 77609.18927 35.872 42207.0 65.323 50681.0 61.203 "" "" 0.0028006489451514955 0.0032571007 0.0040003546 0.007257455 104.53609950253 -18.62303102945 937.427612 -3.861 5.045 -0.04245465850830099 -0.06245477676391609 0.08358019 0.085580185 -3.0128571428571362 8.404375 0.3355580494555391 3.03148599993793 0.028506725789297933 8.352729746139637 1.0
104.45421819578 -18.85291015913 0.01 0.012 8.8928 "" "" 2933581792683932544 899.513672 1.0719 0.0159 -3.919 5.294 0.013 0.014 0.978 "" "" 13.847322 0.832449 14.17729 13.344841 12.15 4.38 888.440796 912.986755 54452.49215 42.327 29141.0 77.448 36410.0 68.38 "" "" 0.0028816774668301436 0.0040139137 0.004294362 0.008308276 104.45421819578 -18.85291015913 899.513672 -3.919 5.294 -0.10045465850830082 0.18654522323608358 0.085580185 0.08658019 -17.78285714285714 6.584375 0.903362721079971 17.805787608783334 0.07801115237960876 6.575896673839888 1.0
104.09699267857 -18.88168226278 0.0106 0.0129 22.9863 "" "" 2933567017995902336 940.846985 1.0243 0.0168 -3.791 5.113 0.014 0.017 1.059 6336.6 4.3439 13.953064 0.739281 14.237636 13.498355 44.21 6.43 925.634949 956.828003 49399.3544 26.218 27565.0 49.005 31609.0 58.598 "" "" 0.002814931744070728 0.0033927562 0.00428194 0.007674696 104.09699267857 -18.88168226278 940.846985 -3.7909999999999995 5.113 0.027545341491699293 0.005545223236084418 0.08658019 0.08958019 14.277142857142863 8.634375 0.12530607431499102 14.277692732914716 0.010863908213421262 8.634042083996848 1.0
104.53610880674 -18.75032846793 0.013 0.0151 5.3163 "" "" 2933584300944710400 917.911011 1.0549 0.0193 -3.895 5.087 0.016 0.018 1.1 5433.4 3.9141 14.280792 1.154384 14.769293 13.614909 48.12 7.17 901.549622 934.816772 36528.33337 54.288 16893.0 83.376 28392.0 107.19 "" "" 0.0031930429199157244 0.006041573 0.005575472 0.011617045 104.53610880674 -18.75032846793 917.911011 -3.895 5.087 -0.0764546585083008 -0.02045477676391627 0.08858019 0.09058019 18.18714285714286 9.374374 0.3443458362938808 18.19040239689863 0.030548706437052653 9.372694612542686 1.0
104.37338327035 -19.37205085112 0.0131 0.0161 40.3133 "" "" 2932786089864524544 993.410217 0.9691 0.0212 -3.726 5.048 0.017 0.021 0.972 5549.7 4.0299 14.686172 1.088272 15.145843 14.057571 32.0 7.64 975.859192 1013.02704 25146.5411 20.849 11942.0 35.949 18886.0 50.55 "" "" 0.002898641179798927 0.004297375 0.004767488 0.009064863 104.37338327035 -19.37205085112 993.410217 -3.7259999999999986 5.048000000000003 0.09254534149169924 -0.05945477676391597 0.08958019 0.09358019 2.067142857142862 9.844375 0.517953614571665 2.13104564443951 0.04701310565875515 9.549182288386742 0.9
104.59255831845 -18.72783031578 0.0202 0.0241 7.8885 "" "" 2933584541462827520 928.804688 1.0331 0.0309 -3.874 5.177 0.026 0.029 1.03 4889.5 4.3923 15.556186 1.279595 16.111292 14.831696 "" "" 895.708984 960.920044 11284.24016 24.007 4908.0 37.785 9257.2 57.139 "" "" 0.0035954618663849858 0.008812097 0.0076938234 0.01650592 104.59255831845 -18.72783031578 928.804688 -3.8739999999999988 5.176999999999999 -0.05545465850830089 0.06954522323608359 0.09858019 0.10158019 "" "" 0.3915968742773414 "" 0.03932602472451905 "" 1.0
104.5519784002 -18.28571650114 0.0268 0.0318 25.7269 "" "" 2933753419576148352 921.653564 1.0665 0.0398 -3.879 5.207 0.034 0.037 0.962 4169.5 4.2359 16.108717 1.724565 16.931034 15.20647 "" "" 888.261108 960.606812 6783.60061 6.8858 2306.8 11.293 6555.0 16.065 "" "" 0.0029675578222006114 0.006003077 0.004622147 0.010625225 104.5519784002 -18.28571650114 921.653564 -3.8790000000000004 5.206999999999997 -0.060454658508300785 0.09954522323608384 0.10658019 0.10958019 "" "" 0.5087919302059798 "" 0.0553463839755918 "" 0.9
104.29883802308 -18.80466965523 0.0291 0.0373 10.752 "" "" 2933589180027725568 914.138733 1.0689 0.0449 -3.794 4.936 0.037 0.044 0.976 4165.1 4.335 16.31912 1.60002 17.05916 15.45914 "" "" 876.623413 949.844543 5588.53813 4.6251 2050.0 12.187 5194.0 11.858 "" "" 0.002898137329979021 0.0070318216 0.0045197303 0.0115515515 104.29883802308 -18.80466965523 914.138733 -3.7939999999999983 4.9360000000000035 0.02454534149169918 -0.17145477676391607 0.10958019 0.11658019 "" "" 0.7504908340430595 "" 0.08738996563233886 "" 0.9
104.33910721296 -18.73136140659 0.0362 0.0458 6.8272 "" "" 2933598319718055680 1010.17194 0.9592 0.0552 -3.673 4.918 0.046 0.056 0.991 "" "" 16.759996 1.80714 17.640068 15.832928 "" "" 955.139893 1061.00146 3723.47594 6.2487 1200.6 8.5712 3681.2 14.537 "" "" 0.0033032914077485817 0.008238069 0.005715492 0.013953561 104.33910721296 -18.73136140659 1010.17194 -3.6730000000000005 4.917999999999998 0.14554534149169918 -0.18945477676391587 0.11858019 0.12858018 "" "" 1.1439381222387865 "" 0.1429490224433897 "" 0.8
104.2888159388 -19.07252496317 0.0432 0.0561 24.0213 "" "" 2933548360658726528 950.743896 1.0103 0.0651 -3.77 5.128 0.054 0.069 1.069 3798.5 4.2236 16.768078 2.112422 17.843666 15.731244 "" "" 896.357178 1022.47247 3695.85941 5.6528 995.29 9.139 4042.6 15.955 "" "" 0.003217060185398349 0.010352583 0.0057136463 0.016066229 104.2888159388 -19.07252496317 950.743896 -3.7699999999999996 5.1279999999999974 0.0485453414916992 0.020545223236084098 0.1265802 0.1415802 "" "" 0.23755661254029523 "" 0.03063795901939808 "" 0.9
103.86175297599 -19.20646278348 0.0358 0.0432 45.2006 "" "" 2933551727912626176 988.58606 0.9952 0.0527 -3.822 5.229 0.043 0.05 1.012 4116.8 4.3024 16.87789 1.794009 17.75756 15.963551 "" "" 941.466248 1038.4541 3340.33955 5.4264 1077.4 15.083 3263.9 13.555 "" "" 0.0032715019148941552 0.01545367 0.005883489 0.021337159 103.86175297599 -19.20646278348 988.58606 -3.822 5.229 -0.003454658508300845 0.12154522323608408 0.115580186 0.122580186 "" "" 0.5697785196943234 "" 0.06984042901650445 "" 0.8
