Clusters/UPK_457/UPK_457_stars_in_region.tsv
# %ECSV 1.0
# ---
# datatype:
# - name: RA_ICRS_1
#   unit: deg
#   datatype: float64
#   format: '{:15.11f}'
#   description: Right ascension (ICRS) at Ep=2016.0 (ra)
#   meta: !!omap
#   - {ucd: POS_EQ_RA_MAIN}
#   - {width: 15}
#   - {precision: '11'}
# - name: DE_ICRS_1
#   unit: deg
#   datatype: float64
#   format: '{:15.11f}'
#   description: Declination (ICRS) at Ep=2016.0 (dec)
#   meta: !!omap
#   - {ucd: POS_EQ_DEC_MAIN}
#   - {width: 15}
#   - {precision: '11'}
# - name: e_RA_ICRS
#   unit: mas
#   datatype: float64
#   format: '{:7.4f}'
#   description: Standard error of right ascension (ra_error)
#   meta: !!omap
#   - {ucd: ERROR}
#   - {width: 7}
#   - {precision: '4'}
# - name: e_DE_ICRS
#   unit: mas
#   datatype: float64
#   format: '{:7.4f}'
#   description: Standard error of declination (dec_error)
#   meta: !!omap
#   - {ucd: ERROR}
#   - {width: 7}
#   - {precision: '4'}
# - name: _r_1
#   unit: ''
#   datatype: float64
#   format: '{:7.4f}'
#   description: Distance from center (104.45590600000-18.70470598000)[ICRS], at Epoch=J2016.0
#   meta: !!omap
#   - {ucd: POS_ANG_DIST_GENERAL}
#   - {width: 7}
#   - {precision: '4'}
# - name: HIP
#   datatype: int32
#   description: '? HIP cross-id number, van Leeuwen, Cat. I/311 (hip_original_ext_source_id)'
#   meta: !!omap
#   - {ucd: ID_NUMBER}
#   - {width: 6}
#   - values: {'null': -2147483648}
# - name: TYC2
#   datatype: string
#   description: Tycho-2 cross-id name, Hog et al., Cat. I/259 (tyc2_original_ext_source_id)
#   meta: !!omap
#   - {ucd: ID_CROSSID}
#   - {_votable_string_dtype: char}
# - name: Source
#   datatype: int64
#   description: Source identifier, identical to the Gaia-EDR3 source_id (id)
#   meta: !!omap
#   - {ucd: ID_MAIN}
#   - {width: 19}
# - name: rgeo
#   unit: pc
#   datatype: float64
#   format: '{:15.8f}'
#   description: '? Median of the geometric distance posterior (r_med_geo)'
#   meta: !!omap
#   - {ucd: PHYS_DISTANCE_TRUE}
#   - {width: 15}
#   - {precision: '8'}
#   - values: {'null': .nan}
# - name: Plx
#   unit: mas
#   datatype: float64
#   format: '{:9.4f}'
#   description: '? Parallax (parallax)'
#   meta: !!omap
#   - {ucd: POS_PARLX_TRIG}
#   - {width: 9}
#   - {precision: '4'}
#   - values: {'null': .nan}
# - name: e_Plx
#   unit: mas
#   datatype: float32
#   format: '{:7.4f}'
#   description: '? Standard error of parallax (parallax_error)'
#   meta: !!omap
#   - {ucd: ERROR}
#   - {width: 7}
#   - {precision: '4'}
#   - values: {'null': .nan}
# - name: pmRA
#   unit: mas / yr
#   datatype: float64
#   format: '{:9.3f}'
#   description: '? Proper motion in right ascension direction, pmRA*cosDE (pmra)'
#   meta: !!omap
#   - {ucd: POS_EQ_PMRA}
#   - {width: 9}
#   - {precision: '3'}
#   - values: {'null': .nan}
# - name: pmDE
#   unit: mas / yr
#   datatype: float64
#   format: '{:9.3f}'
#   description: '? Proper motion in declination direction (pmdec)'
#   meta: !!omap
#   - {ucd: POS_EQ_PMDEC}
#   - {width: 9}
#   - {precision: '3'}
#   - values: {'null': .nan}
# - name: e_pmRA
#   unit: mas / yr
#   datatype: float32
#   format: '{:6.3f}'
#   description: '? Standard error of proper motion in right ascension direction (pmra_error)'
#   meta: !!omap
#   - {ucd: ERROR}
#   - {width: 6}
#   - {precision: '3'}
#   - values: {'null': .nan}
# - name: e_pmDE
[...]
#         value: !astropy.table.SerializedColumn {name: SkyCoord.dec}
#       distance: !astropy.table.SerializedColumn
#         __class__: astropy.coordinates.distances.Distance
#         unit: !astropy.units.Unit {unit: pc}
#         value: !astropy.table.SerializedColumn {name: SkyCoord.distance}
#       frame: icrs
#       obstime: !astropy.time.Time {format: jyear_str, in_subfmt: '*', jd1: 367701545.0, jd2: 0.0, out_subfmt: '*', precision: 3, scale: tt}
#       pm_dec: !astropy.table.SerializedColumn
#         __class__: astropy.units.quantity.Quantity
#         unit: !astropy.units.Unit {unit: mas / yr}
#         value: !astropy.table.SerializedColumn {name: SkyCoord.pm_dec}
#       pm_ra_cosdec: !astropy.table.SerializedColumn
#         __class__: astropy.units.quantity.Quantity
#         unit: !astropy.units.Unit {unit: mas / yr}
#         value: !astropy.table.SerializedColumn {name: SkyCoord.pm_ra_cosdec}
#       ra: !astropy.table.SerializedColumn
#         __class__: astropy.coordinates.angles.Longitude
#         unit: *id001
#         value: !astropy.table.SerializedColumn {name: SkyCoord.ra}
#         wrap_angle: !astropy.coordinates.Angle
#           unit: *id001
#           value: 360.0
#       representation_type: spherical
# schema: astropy-2.0
RA_ICRS_1 DE_ICRS_1 e_RA_ICRS e_DE_ICRS _r_1 HIP TYC2 Source rgeo Plx e_Plx pmRA pmDE e_pmRA e_pmDE RUWE Teff logg Gmag BP-RP BPmag RPmag RV e_RV b_rgeo B_rgeo FG e_FG FBP e_FBP FRP e_FRP RAVE5 RAVE6 e_Gmag e_BPmag e_RPmag e_BP-RP SkyCoord.ra SkyCoord.dec SkyCoord.distance SkyCoord.pm_ra_cosdec SkyCoord.pm_dec rmRA rmDE e_rmRA e_rmDE rRV e_rRV v_pec v_pec3d e_vpec e_vpec3d
[from data line 734]
104.53334114665 -18.23568739082 0.0186 0.0228 28.4841 "" "" 2933757130427871232 1147.74841 0.8365 0.0288 0.392 -0.202 0.024 0.027 1.11 7191.0 4.3498 15.290607 1.309629 15.861505 14.551876 "" "" 1108.17871 1175.94543 14411.32949 3.8886 6177.5 9.0784 11979.0 9.5921 "" "" 0.002770851319173668 0.0032141795 0.0038780891 0.0070922687 104.53334114665 -18.23568739082 1147.74841 0.392 -0.202 4.2105453414917 -5.309454776763916 0.09658019 0.09958019 "" "" 36.865596234858124 "" 3.628782738188307 ""
104.51176780548 -19.02492483184 0.0185 0.0213 19.4732 "" "" 2933570041653503488 1100.70886 0.8736 0.0282 -1.673 0.834 0.022 0.024 1.045 5519.8 4.5854 15.29496 1.012974 15.718577 14.705604 "" "" 1064.85852 1138.51868 14353.6601 3.6958 7046.7 13.909 10397.0 9.7173 "" "" 0.002769465910710719 0.0035182035 0.0039132414 0.0074314447 104.51176780548 -19.02492483184 1100.70886 -1.673 0.834 2.145545341491699 -4.273454776763916 0.09458019 0.09658019 "" "" 24.948464391919547 "" 2.3995655829518547 ""
104.65773991013 -18.91694930874 0.0186 0.0234 17.134 "" "" 2933576913601018752 870.661255 1.1135 0.0296 3.951 -12.374 0.025 0.028 0.986 5204.5 4.6068 15.297177 1.047663 15.7377 14.690038 "" "" 850.153625 893.759338 14324.37565 4.063 6923.7 11.126 10547.0 9.4531 "" "" 0.0027724770999327884 0.0032907578 0.0039026535 0.0071934112 104.65773991013 -18.91694930874 870.661255 3.9510000000000005 -12.374 7.7695453414917 -17.48145477676392 0.09758019 0.100580186 "" "" 78.9493538716618 "" 7.902161804259323 ""
104.79442094829 -19.14502879164 0.0206 0.0261 32.6668 "" "" 2932808011378424960 814.591003 1.199 0.0327 -3.952 -1.899 0.027 0.031 1.236 "" "" 15.300092 1.234375 15.828632 14.594257 "" "" 792.170349 844.16626 14285.98327 8.044 6367.4 15.245 11520.0 15.419 "" "" 0.0028223273861683715 0.0038134553 0.004049141 0.007862596 104.79442094829 -19.14502879164 814.591003 -3.952 -1.899 -0.13345465850830074 -7.006454776763916 0.09958019 0.10358019 "" "" 27.057959432944514 "" 2.8026301309817407 ""
104.43906907443 -18.05603330915 0.017 0.0202 38.9322 "" "" 2933773279504845952 870.959656 1.1036 0.0266 -2.571 -0.079 0.021 0.025 0.934 5250.7 4.5759 15.301475 1.007144 15.723018 14.715874 "" "" 853.935242 892.787537 14267.80314 4.3959 7017.9 11.963 10299.0 13.155 "" "" 0.002775552081673443 0.0033482045 0.0040257913 0.007373996 104.43906907443 -18.05603330915 870.959656 -2.5710000000000033 -0.07899999999999993 1.247545341491699 -5.186454776763916 0.09358019 0.09758019 "" "" 22.02220918090906 "" 2.144206870460737 ""
104.81007473747 -19.38095842222 0.0197 0.0232 45.2751 "" "" 2932794301842925440 1013.95215 0.9442 0.0301 2.302 1.736 0.025 0.027 1.135 5154.9 4.4014 15.303504 0.980565 15.710752 14.730186 "" "" 989.516663 1047.30347 14241.14865 3.6867 7097.7 13.259 10164.0 10.363 "" "" 0.002769619234062134 0.0034494593 0.0039381674 0.007387627 104.81007473747 -19.38095842222 1013.95215 2.3020000000000027 1.736000000000001 6.120545341491699 -3.3714547767639163 0.09758019 0.09958019 "" "" 33.58375888251647 "" 3.2928679019090143 ""
105.15404714935 -18.4044621098 0.0179 0.0235 43.6061 "" "" 2933709954507807232 945.601074 1.0189 0.0282 -2.45 -5.662 0.023 0.03 1.0 5380.2 4.5566 15.307136 0.981918 15.714102 14.732183 "" "" 917.499146 972.173462 14193.59758 3.6792 7075.8 12.467 10146.0 11.417 "" "" 0.0027696565942362922 0.0033829787 0.0039719506 0.007354929 105.15404714935 -18.4044621098 945.601074 -2.45 -5.662 1.368545341491699 -10.769454776763915 0.09558019 0.10258019 "" "" 48.65848643923532 "" 4.986165810399125 ""
103.97788295087 -18.64911847704 0.0182 0.0226 27.3749 "" "" 2933643915090280960 782.62085 1.24 0.0309 -8.474 3.843 0.023 0.028 1.042 5279.4 4.6532 15.307469 1.029965 15.739548 14.709582 "" "" 763.404175 804.562561 14189.23658 3.4929 6911.9 10.712 10359.0 11.737 "" "" 0.0027682527071379876 0.0032582828 0.0039745485 0.0072328313 103.97788295087 -18.64911847704 782.62085 -8.474 3.8430000000000004 -4.655454658508301 -1.264454776763916 0.09558019 0.100580186 "" "" 17.895654218547193 "" 1.7167665914156165 ""
105.00836166807 -19.12935039078 0.0169 0.0205 40.4032 "" "" 2932806259031679872 895.615051 1.0774 0.0255 1.16 -1.243 0.022 0.024 0.997 5293.8 4.4906 15.315467 0.966014 15.714558 14.748544 "" "" 878.521301 916.43634 14085.10241 3.8814 7072.8 11.449 9994.0 10.435 "" "" 0.0027715169837966443 0.0032975639 0.003945742 0.0072433054 105.00836166807 -19.12935039078 895.615051 1.16 -1.243000000000001 4.978545341491699 -6.350454776763916 0.09458019 0.09658019 "" "" 34.256070591571266 "" 3.2825470491970434 ""
103.70892813708 -18.75093073634 0.0172 0.0204 42.5362 "" "" 2933630617872699776 1046.80444 0.9174 0.0272 -10.01 0.014 0.022 0.025 0.996 5295.8 4.3701 15.315577 0.947376 15.703164 14.755788 "" "" 1018.14038 1073.84473 14083.66188 3.5815 7147.5 8.4392 9927.6 10.326 "" "" 0.0027691195650681915 0.0030705775 0.0039444976 0.007015075 103.70892813708 -18.75093073634 1046.80444 -10.010000000000002 0.013999999999999391 -6.191454658508301 -5.093454776763916 0.09458019 0.09758019 "" "" 39.78075510922026 "" 3.811089357578616 ""
105.25215445068 -18.65720246199 0.0171 0.0208 45.3476 "" "" 2932928545338576256 938.463562 1.0236 0.0278 3.687 1.059 0.022 0.028 1.019 5496.9 4.5605 15.319051 0.943561 15.704504 14.760943 "" "" 917.251526 961.366028 14038.68502 3.7518 7138.6 9.929 9880.5 10.396 "" "" 0.0027705563035541297 0.0031726277 0.003948261 0.0071208887 105.25215445068 -18.65720246199 938.463562 3.686999999999997 1.0589999999999997 7.505545341491699 -4.048454776763916 0.09458019 0.100580186 "" "" 37.93431425979795 "" 3.640373629735303 ""
104.25839655782 -19.24526604605 0.0185 0.0222 34.3151 "" "" 2933541832308543488 1052.08118 0.9041 0.0288 -6.443 10.149 0.024 0.031 1.066 5269.0 4.4118 15.332944 0.965742 15.72743 14.761688 "" "" 1023.83203 1084.77441 13860.19431 4.2412 6989.5 12.243 9873.8 10.333 "" "" 0.0027752781223607643 0.0033766716 0.0039464855 0.007323157 104.25839655782 -19.24526604605 1052.08118 -6.443 10.149000000000001 -2.6244546585083004 5.041545223236083 0.09658019 0.10358019 "" "" 28.344060493545193 "" 2.894721276747438 ""
103.9215434075 -18.42778434911 0.0186 0.022 34.6382 "" "" 2933662984744605312 914.26947 1.0638 0.0291 -3.583 -4.753 0.026 0.03 0.991 5150.0 4.554 15.332982 1.083318 15.794355 14.711038 "" "" 892.196655 936.75946 13859.70718 3.5454 6571.7 8.9478 10345.0 12.209 "" "" 0.0027692829143303975 0.0031575973 0.003990693 0.00714829 103.9215434075 -18.42778434911 914.26947 -3.5829999999999966 -4.752999999999994 0.23554534149169903 -9.860454776763916 0.09858019 0.10258019 "" "" 42.74382474812312 "" 4.38457404331094 ""
104.4919756337 -18.332157531 0.0175 0.0207 22.4469 "" "" 2933747475341463552 1002.54968 0.9572 0.0272 -9.855 7.281 0.022 0.024 0.987 5683.0 4.5177 15.335981 1.007016 15.753013 14.745996 "" "" 972.554565 1044.39844 13821.46452 3.5475 6826.7 12.38 10018.0 9.2696 "" "" 0.0027693766865348607 0.0034149382 0.0039106268 0.007325565 104.4919756337 -18.332157531 1002.54968 -9.855 7.281000000000005 -6.036454658508301 2.1735452232360837 0.09458019 0.09658019 "" "" 30.488650041139298 "" 2.8906860038124202 ""
104.76329773309 -19.31338773044 0.0178 0.0216 40.4703 "" "" 2932798459371249024 1051.85217 0.9154 0.0272 2.332 -6.701 0.021 0.025 0.991 5499.9 4.5307 15.336034 1.012752 15.752782 14.740029 "" "" 1025.50256 1085.35217 13820.80539 3.7732 6828.2 16.267 10073.0 13.862 "" "" 0.002771218414453299 0.0038046592 0.0040640105 0.00786867 104.76329773309 -19.31338773044 1051.85217 2.332 -6.701 6.150545341491699 -11.808454776763917 0.09358019 0.09758019 "" "" 66.38182931351574 "" 6.42180924873724 ""
104.48051713645 -19.02846445772 0.0183 0.0211 19.4757 "" "" 2933569972934044288 1028.20752 0.9317 0.0287 -0.379 11.505 0.022 0.024 1.007 5304.5 4.3885 15.341404 0.911955 15.709036 14.797081 "" "" 992.79126 1051.40979 13752.61193 4.0662 7108.9 13.1 9557.1 9.2702 "" "" 0.00277395768245697 0.0034333738 0.0039233705 0.0073567443 104.48051713645 -19.02846445772 1028.20752 -0.3789999999999999 11.505 3.439545341491699 6.397545223236085 0.09458019 0.09658019 "" "" 35.4003560357612 "" 3.4032252231673366 ""
104.52445195762 -18.80209224793 0.0192 0.022 7.022 "" "" 2933582376799404800 1134.5625 0.8439 0.0279 -4.002 2.137 0.025 0.025 1.071 5701.8 4.4372 15.345238 1.063944 15.794481 14.730537 "" "" 1096.10522 1172.27991 13704.13003 3.4303 6570.9 10.734 10161.0 9.3387 "" "" 0.0027686909363722222 0.0033061735 0.003908897 0.0072150705 104.52445195762 -18.80209224793 1134.5625 -4.001999999999999 2.137000000000001 -0.18345465850830056 -2.970454776763916 0.09758019 0.09758019 "" "" 16.00502638784622 "" 1.5617734682290583 ""
104.49417149475 -19.38815274424 0.0922 0.1273 41.0642 "" "" 2932785265230776320 791.871155 1.2538 0.1494 -2.665 3.688 0.119 0.158 5.908 "" "" 15.346876 0.958796 15.480688 14.521893 "" "" 728.45282 875.254028 13683.47462 7.7252 8772.9 26.278 12314.0 38.479 "" "" 0.0028226793887826227 0.004285052 0.005078811 0.009363864 104.49417149475 -19.38815274424 791.871155 -2.665 3.6880000000000006 1.1535453414916992 -1.4194547767639158 0.19158019 0.2305802 "" "" 6.865380263767535 "" 1.4823281864674709 ""
104.89174283999 -18.17859212395 0.1308 0.1612 40.148 "" "" 2933731188826086912 1098.41687 0.9753 0.2123 -3.539 3.011 0.185 0.228 7.459 10699.2 4.1528 15.348855 0.879997 15.61587 14.735873 "" "" 895.843567 1382.93909 13658.55529 23.936 7745.8 16.896 10111.0 18.987 "" "" 0.003348442970013667 0.0036597853 0.004294259 0.007954044 104.89174283999 -18.17859212395 1098.41687 -3.539000000000001 3.011 0.2795453414916991 -2.096454776763916 0.2575802 0.3005802 "" "" 11.011792171685933 "" 3.3022375606014918 ""
105.08864374077 -18.72148718325 0.0166 0.0205 35.9714 "" "" 2932927274028377600 783.930847 1.2357 0.0262 -1.061 3.978 0.021 0.027 1.043 5016.3 4.5597 15.35112 1.147366 15.84757 14.700204 "" "" 768.181885 800.276611 13630.09313 3.8932 6257.3 13.064 10449.0 15.916 "" "" 0.0027727179592969787 0.0035949184 0.0041253837 0.007720302 105.08864374077 -18.72148718325 783.930847 -1.061 3.9779999999999993 2.7575453414916993 -1.1294547767639158 0.09358019 0.09958019 "" "" 11.072758783209789 "" 1.0459947578832003 ""
103.9463393419 -18.72547971663 0.0176 0.0215 28.9842 "" "" 2933642506341067520 806.789429 1.2007 0.0286 13.022 -3.215 0.023 0.027 0.997 5234.4 4.6773 15.355126 0.99649 15.75736 14.760871 "" "" 792.040344 828.329346 13579.88567 3.5732 6799.4 20.902 9881.2 20.993 "" "" 0.0027700910809910027 0.004350287 0.0044277017 0.008777989 103.9463393419 -18.72547971663 806.789429 13.022 -3.215 16.840545341491698 -8.322454776763916 0.09558019 0.09958019 "" "" 71.83634035288492 "" 6.923474017524089 ""
104.07194932714 -18.88843433118 0.0175 0.0218 24.4365 "" "" 2933566949276441984 898.233093 1.0751 0.0283 -0.857 -0.047 0.022 0.028 0.977 5358.4 4.625 15.355192 0.98289 15.763033 14.780143 "" "" 873.232239 919.530029 13579.07044 3.3686 6764.0 10.487 9707.4 11.283 "" "" 0.002768453428152792 0.0032586323 0.003984504 0.007243136 104.07194932714 -18.88843433118 898.233093 -0.8569999999999995 -0.0469999999999999 2.961545341491699 -5.154454776763916 0.09458019 0.100580186 "" "" 25.31019392079549 "" 2.5088716430234355 ""
104.52871903033 -19.17102352426 0.0178 0.0207 28.2826 "" "" 2932815948477827968 829.011658 1.1625 0.0278 8.15 -9.021 0.021 0.024 1.049 5114.3 4.5154 15.3561 1.03851 15.791635 14.753124 "" "" 811.533875 854.782349 13567.71502 3.2438 6588.1 7.7349 9952.0 10.825 "" "" 0.0027675207881050746 0.0030675707 0.0039596003 0.007027171 104.52871903033 -19.17102352426 829.011658 8.15 -9.021 11.9685453414917 -14.128454776763917 0.09358019 0.09658019 "" "" 72.76071434358226 "" 6.93688110572135 ""
104.25355762622 -19.15222388465 0.0181 0.0219 29.2039 "" "" 2933544649807041920 790.242554 1.2271 0.0289 6.593 13.123 0.023 0.031 0.996 5199.9 4.5542 15.368174 0.977904 15.771294 14.793389 "" "" 772.282166 810.656372 13417.68104 3.5679 6712.7 10.388 9589.6 9.1748 "" "" 0.0027704046588066947 0.0032570069 0.0039195376 0.0071765445 104.25355762622 -19.15222388465 790.242554 6.593000000000002 13.123000000000006 10.4115453414917 8.015545223236083 0.09558019 0.10358019 "" "" 49.217674710629396 "" 4.85449237091321 ""
103.74117977665 -18.36832576283 0.0195 0.0242 45.3925 "" "" 2933852478701752832 876.03949 1.1111 0.0332 -6.345 -3.876 0.024 0.028 1.005 5311.6 4.545 15.36914 0.999722 15.783089 14.783367 "" "" 847.98053 901.641235 13405.73968 3.6803 6640.2 11.877 9678.6 17.37 "" "" 0.0027713957687251515 0.003399474 0.004252126 0.0076516 103.74117977665 -18.36832576283 876.03949 -6.345 -3.8760000000000017 -2.5264546585083005 -8.983454776763915 0.09658019 0.100580186 "" "" 38.750274453937706 "" 3.8863588847213317 ""
103.92375349699 -19.18529516084 0.1491 0.1816 41.755 "" "" 2933553102302819712 883.631104 1.1615 0.2203 2.489 4.915 0.191 0.22 11.803 "" "" 15.36947 1.015912 15.610747 14.594835 "" "" 736.178162 1171.44849 13401.67136 11.506 7782.5 10.943 11514.0 11.374 "" "" 0.0029087297088563535 0.0031805236 0.0039286204 0.007109144 103.92375349699 -19.18529516084 883.631104 2.4890000000000003 4.915 6.307545341491699 -0.19245477676391598 0.2635802 0.2925802 "" "" 26.43088964774864 "" 6.967411360805006 ""
104.52708597904 -18.62411043263 0.0194 0.0241 6.3052 "" "" 2933691709487207936 884.803894 1.0912 0.0309 3.758 -4.905 0.024 0.027 1.11 5106.9 4.4883 15.373922 1.064767 15.826715 14.761949 "" "" 859.184265 912.633972 13346.81952 3.3937 6378.7 13.733 9871.4 11.355 "" "" 0.0027691161590699953 0.0036399318 0.003980391 0.007620323 104.52708597904 -18.62411043263 884.803894 3.7580000000000013 -4.905 7.576545341491699 -10.012454776763917 0.09658019 0.09958019 "" "" 52.6595187794773 "" 5.186879552584245 ""
105.16041192724 -19.07529182393 0.0181 0.0226 45.7591 "" "" 2932899854957383040 1022.12891 0.9374 0.0275 -3.165 -5.128 0.023 0.029 0.981 5425.4 4.6008 15.378891 0.998494 15.792404 14.79391 "" "" 993.540527 1051.28979 13285.88228 3.7221 6583.5 11.427 9585.0 20.44 "" "" 0.0027720590130627873 0.003366964 0.00443221 0.0077991737 105.16041192724 -19.07529182393 1022.12891 -3.1650000000000027 -5.128 0.6535453414916992 -10.235454776763916 0.09558019 0.10158019 "" "" 49.690647948719175 "" 5.0464103737472925 ""
104.03782502229 -18.58814152765 0.0174 0.0221 24.7758 "" "" 2933645701796602496 794.883911 1.2218 0.0297 16.271 -4.151 0.023 0.03 0.995 5163.0 4.6139 15.379921 1.053519 15.811238 14.757719 "" "" 779.043518 812.146912 13273.27876 3.4724 6470.3 16.286 9909.9 15.512 "" "" 0.0027699217963534015 0.0039055685 0.004143917 0.008049485 104.03782502229 -18.58814152765 794.883911 16.271 -4.151 20.0895453414917 -9.258454776763916 0.09558019 0.10258019 "" "" 83.34385202864175 "" 8.0712719174267 ""
104.13517015133 -18.86878914681 0.0176 0.0222 20.7087 "" "" 2933589764142677376 971.610291 0.9877 0.0272 -3.218 -7.682 0.023 0.029 0.956 5344.1 4.476 15.380361 0.976808 15.786298 14.80949 "" "" 946.338135 997.809448 13267.90422 3.0912 6620.6 9.7254 9448.5 9.8834 "" "" 0.0027669075426452034 0.0032138396 0.003946336 0.0071601756 104.13517015133 -18.86878914681 971.610291 -3.218 -7.681999999999997 0.6005453414916992 -12.789454776763916 0.09558019 0.10158019 "" "" 58.96587368107548 "" 5.9890090910376514 ""
