Clusters/UPK_457/UPK_457_stars_in_region.tsv
# %ECSV 1.0
# ---
# datatype:
# - name: RA_ICRS_1
#   unit: deg
#   datatype: float64
#   format: '{:15.11f}'
#   description: Right ascension (ICRS) at Ep=2016.0 (ra)
#   meta: !!omap
#   - {ucd: POS_EQ_RA_MAIN}
#   - {width: 15}
#   - {precision: '11'}
# - name: DE_ICRS_1
#   unit: deg
#   datatype: float64
#   format: '{:15.11f}'
#   description: Declination (ICRS) at Ep=2016.0 (dec)
#   meta: !!omap
#   - {ucd: POS_EQ_DEC_MAIN}
#   - {width: 15}
#   - {precision: '11'}
# - name: e_RA_ICRS
#   unit: mas
#   datatype: float64
#   format: '{:7.4f}'
#   description: Standard error of right ascension (ra_error)
#   meta: !!omap
#   - {ucd: ERROR}
#   - {width: 7}
#   - {precision: '4'}
# - name: e_DE_ICRS
#   unit: mas
#   datatype: float64
#   format: '{:7.4f}'
#   description: Standard error of declination (dec_error)
#   meta: !!omap
#   - {ucd: ERROR}
#   - {width: 7}
#   - {precision: '4'}
# - name: _r_1
#   unit: ''
#   datatype: float64
#   format: '{:7.4f}'
#   description: Distance from center (104.45590600000-18.70470598000)[ICRS], at Epoch=J2016.0
#   meta: !!omap
#   - {ucd: POS_ANG_DIST_GENERAL}
#   - {width: 7}
#   - {precision: '4'}
# - name: HIP
#   datatype: int32
#   description: '? HIP cross-id number, van Leeuwen, Cat. I/311 (hip_original_ext_source_id)'
#   meta: !!omap
#   - {ucd: ID_NUMBER}
#   - {width: 6}
#   - values: {'null': -2147483648}
# - name: TYC2
#   datatype: string
#   description: Tycho-2 cross-id name, Hog et al., Cat. I/259 (tyc2_original_ext_source_id)
#   meta: !!omap
#   - {ucd: ID_CROSSID}
#   - {_votable_string_dtype: char}
# - name: Source
#   datatype: int64
#   description: Source identifier, identical to the Gaia-EDR3 source_id (id)
#   meta: !!omap
#   - {ucd: ID_MAIN}
#   - {width: 19}
# - name: rgeo
#   unit: pc
#   datatype: float64
#   format: '{:15.8f}'
#   description: '? Median of the geometric distance posterior (r_med_geo)'
#   meta: !!omap
#   - {ucd: PHYS_DISTANCE_TRUE}
#   - {width: 15}
#   - {precision: '8'}
#   - values: {'null': .nan}
# - name: Plx
#   unit: mas
#   datatype: float64
#   format: '{:9.4f}'
#   description: '? Parallax (parallax)'
#   meta: !!omap
#   - {ucd: POS_PARLX_TRIG}
#   - {width: 9}
#   - {precision: '4'}
#   - values: {'null': .nan}
# - name: e_Plx
#   unit: mas
#   datatype: float32
#   format: '{:7.4f}'
#   description: '? Standard error of parallax (parallax_error)'
#   meta: !!omap
#   - {ucd: ERROR}
#   - {width: 7}
#   - {precision: '4'}
#   - values: {'null': .nan}
# - name: pmRA
#   unit: mas / yr
#   datatype: float64
#   format: '{:9.3f}'
#   description: '? Proper motion in right ascension direction, pmRA*cosDE (pmra)'
#   meta: !!omap
#   - {ucd: POS_EQ_PMRA}
#   - {width: 9}
#   - {precision: '3'}
#   - values: {'null': .nan}
# - name: pmDE
#   unit: mas / yr
#   datatype: float64
#   format: '{:9.3f}'
#   description: '? Proper motion in declination direction (pmdec)'
#   meta: !!omap
#   - {ucd: POS_EQ_PMDEC}
#   - {width: 9}
#   - {precision: '3'}
#   - values: {'null': .nan}
# - name: e_pmRA
#   unit: mas / yr
#   datatype: float32
#   format: '{:6.3f}'
#   description: '? Standard error of proper motion in right ascension direction (pmra_error)'
#   meta: !!omap
#   - {ucd: ERROR}
#   - {width: 6}
#   - {precision: '3'}
#   - values: {'null': .nan}
# - name: e_pmDE
[...]
#         unit: &id001 !astropy.units.Unit {unit: deg}
#         value: !astropy.table.SerializedColumn {name: SkyCoord.dec}
#       distance: !astropy.table.SerializedColumn
#         __class__: astropy.coordinates.distances.Distance
#         unit: !astropy.units.Unit {unit: pc}
#         value: !astropy.table.SerializedColumn {name: SkyCoord.distance}
#       frame: icrs
#       obstime: !astropy.time.Time {format: jyear_str, in_subfmt: '*', jd1: 367701545.0, jd2: 0.0, out_subfmt: '*', precision: 3, scale: tt}
#       pm_dec: !astropy.table.SerializedColumn
#         __class__: astropy.units.quantity.Quantity
#         unit: !astropy.units.Unit {unit: mas / yr}
#         value: !astropy.table.SerializedColumn {name: SkyCoord.pm_dec}
#       pm_ra_cosdec: !astropy.table.SerializedColumn
#         __class__: astropy.units.quantity.Quantity
#         unit: !astropy.units.Unit {unit: mas / yr}
#         value: !astropy.table.SerializedColumn {name: SkyCoord.pm_ra_cosdec}
#       ra: !astropy.table.SerializedColumn
#         __class__: astropy.coordinates.angles.Longitude
#         unit: *id001
#         value: !astropy.table.SerializedColumn {name: SkyCoord.ra}
#         wrap_angle: !astropy.coordinates.Angle
#           unit: *id001
#           value: 360.0
#       representation_type: spherical
# schema: astropy-2.0
RA_ICRS_1 DE_ICRS_1 e_RA_ICRS e_DE_ICRS _r_1 HIP TYC2 Source rgeo Plx e_Plx pmRA pmDE e_pmRA e_pmDE RUWE Teff logg Gmag BP-RP BPmag RPmag RV e_RV b_rgeo B_rgeo FG e_FG FBP e_FBP FRP e_FRP RAVE5 RAVE6 e_Gmag e_BPmag e_RPmag e_BP-RP SkyCoord.ra SkyCoord.dec SkyCoord.distance SkyCoord.pm_ra_cosdec SkyCoord.pm_dec
[from data line 761]
105.16041192724 -19.07529182393 0.0181 0.0226 45.7591 "" "" 2932899854957383040 1022.12891 0.9374 0.0275 -3.165 -5.128 0.023 0.029 0.981 5425.4 4.6008 15.378891 0.998494 15.792404 14.79391 "" "" 993.540527 1051.28979 13285.88228 3.7221 6583.5 11.427 9585.0 20.44 "" "" 0.0027720590130627873 0.003366964 0.00443221 0.0077991737 105.16041192724 -19.07529182393 1022.12891 -3.1650000000000005 -5.128
104.03782502229 -18.58814152765 0.0174 0.0221 24.7758 "" "" 2933645701796602496 794.883911 1.2218 0.0297 16.271 -4.151 0.023 0.03 0.995 5163.0 4.6139 15.379921 1.053519 15.811238 14.757719 "" "" 779.043518 812.146912 13273.27876 3.4724 6470.3 16.286 9909.9 15.512 "" "" 0.0027699217963534015 0.0039055685 0.004143917 0.008049485 104.03782502229 -18.58814152765 794.883911 16.271 -4.151
104.13517015133 -18.86878914681 0.0176 0.0222 20.7087 "" "" 2933589764142677376 971.610291 0.9877 0.0272 -3.218 -7.682 0.023 0.029 0.956 5344.1 4.476 15.380361 0.976808 15.786298 14.80949 "" "" 946.338135 997.809448 13267.90422 3.0912 6620.6 9.7254 9448.5 9.8834 "" "" 0.0027669075426452034 0.0032138396 0.003946336 0.0071601756 104.13517015133 -18.86878914681 971.610291 -3.218 -7.6819999999999995
104.61538960964 -18.86022613368 0.0175 0.0228 13.0056 "" "" 2933579559300853248 869.762634 1.1036 0.0272 -1.981 2.466 0.022 0.027 0.907 5352.9 4.6334 15.38362 1.003447 15.802105 14.798658 "" "" 851.480835 889.378906 13228.1314 3.4119 6524.9 9.9845 9543.2 11.028 "" "" 0.002769514855967285 0.0032473574 0.0039821984 0.007229556 104.61538960964 -18.86022613368 869.762634 -1.981 2.466
103.94655552149 -19.02750668978 0.0177 0.0214 34.8057 "" "" 2933563375863793664 771.05481 1.2607 0.0264 2.151 -10.788 0.022 0.027 0.994 4939.8 4.5026 15.383925 1.139722 15.874849 14.735127 "" "" 752.914062 785.565308 13224.42171 3.1104 6102.1 10.333 10118.0 10.897 "" "" 0.0027671287345727024 0.0033414445 0.0039561414 0.0072975857 103.94655552149 -19.02750668978 771.05481 2.1510000000000002 -10.788
104.86744347693 -18.14719439407 0.0188 0.0239 40.8379 "" "" 2933732219618224128 974.991638 0.9975 0.033 1.779 -5.395 0.025 0.032 1.012 5268.1 4.5873 15.385161 0.993815 15.799984 14.806169 "" "" 944.085938 1007.4165 13209.37547 3.8719 6537.7 12.766 9477.4 13.655 "" "" 0.0027736386580643137 0.0035042583 0.0040903348 0.007594593 104.86744347693 -18.14719439407 974.991638 1.779 -5.395
104.37972011794 -19.02689781693 0.0183 0.0207 19.8095 "" "" 2933572343756034560 1015.17914 0.9415 0.0279 -4.615 5.316 0.023 0.026 0.99 5440.2 4.5519 15.386947 1.002439 15.803354 14.800916 "" "" 986.238098 1043.34375 13187.67038 3.4486 6517.4 10.843 9523.4 7.8373 "" "" 0.0027699099463415963 0.0033238397 0.003883566 0.0072074058 104.37972011794 -19.02689781693 1015.17914 -4.615000000000001 5.315999999999998
104.23484718623 -18.94108506298 0.018 0.0244 18.9409 "" "" 2933585400456624640 860.830627 1.1223 0.0303 -10.873 -0.536 0.023 0.032 1.06 5080.7 4.4269 15.388723 0.991004 15.797054 14.80605 "" "" 840.496948 884.452698 13166.11167 3.213 6555.3 11.629 9478.5 11.992 "" "" 0.002768030399980183 0.0033904025 0.004021274 0.0074116765 104.23484718623 -18.94108506298 860.830627 -10.873 -0.5360000000000003
103.80335417115 -18.3209185725 0.0189 0.0235 43.6882 "" "" 2933853131536712832 806.059448 1.2036 0.0309 2.918 7.112 0.025 0.03 0.992 5101.0 4.4867 15.38893 1.06478 15.836334 14.771554 "" "" 789.861816 827.446655 13163.5925 3.3292 6322.4 12.396 9784.5 8.3528 "" "" 0.002768969271054161 0.0035095026 0.0038913765 0.007400879 103.80335417115 -18.3209185725 806.059448 2.918000000000001 7.112
103.69809877112 -18.60346970834 0.02 0.0235 43.5059 "" "" 2933636836983755648 1045.29053 0.9139 0.0296 -6.428 0.179 0.026 0.028 1.118 5755.2 4.479 15.400812 1.110843 15.867095 14.756252 "" "" 1015.5954 1082.36902 13020.332 3.6803 6145.8 10.808 9923.3 11.153 "" "" 0.0027723585738016784 0.0033809408 0.0039715003 0.007352441 103.69809877112 -18.60346970834 1045.29053 -6.428 0.17900000000000008
104.56926043175 -19.35062733676 0.0584 0.077 39.285 "" "" 2932775571484939264 831.110168 1.1813 0.0891 2.469 5.486 0.074 0.099 2.919 "" "" 15.400999 1.108136 15.302788 14.194652 "" "" 780.344055 888.874573 13018.08925 28.728 10335.0 39.053 16646.0 66.462 "" "" 0.0036513682500553877 0.0049615595 0.00575116 0.0107127195 104.56926043175 -19.35062733676 831.110168 2.469 5.486
104.10339625548 -18.35677341244 0.0175 0.0218 28.9477 "" "" 2933667863827663744 836.927246 1.1601 0.0275 -1.975 3.619 0.022 0.027 0.974 5141.5 4.5732 15.405068 1.065123 15.858738 14.793615 "" "" 820.660889 853.272278 12969.3833 4.6231 6193.3 12.902 9587.7 14.805 "" "" 0.0027823689920227976 0.003591783 0.004134558 0.0077263415 104.10339625548 -18.35677341244 836.927246 -1.9750000000000003 3.6189999999999998
104.86215834592 -18.61948886618 0.0191 0.0231 23.6528 "" "" 2933677244037170304 1050.34741 0.9119 0.0281 1.68 4.431 0.024 0.028 0.961 5551.8 4.4448 15.40556 1.212592 15.931717 14.719125 "" "" 1022.93109 1080.0907 12963.51648 3.4383 5790.7 8.5915 10269.0 11.545 "" "" 0.0027703276627215143 0.0032217964 0.0039716125 0.007193409 104.86215834592 -18.61948886618 1050.34741 1.68 4.431
105.05855176068 -18.44452698396 0.0204 0.0255 37.6627 "" "" 2933709542191027840 935.448059 1.0365 0.0336 -11.573 2.717 0.027 0.035 0.981 5243.7 4.62 15.40835 1.047948 15.849543 14.801595 "" "" 909.793762 963.149719 12930.23986 3.7215 6246.0 10.354 9517.4 13.133 "" "" 0.002772983812468615 0.0033203044 0.004065505 0.00738581 105.05855176068 -18.44452698396 935.448059 -11.572999999999997 2.7169999999999996
103.93543391109 -18.57854945227 0.0185 0.0229 30.5428 "" "" 2933656422035017216 1139.81726 0.8441 0.0289 1.954 8.33 0.024 0.029 0.988 5887.9 4.432 15.411086 1.068958 15.857587 14.788629 "" "" 1100.83496 1178.04822 12897.70152 3.5517 6199.9 8.5939 9631.8 9.4706 "" "" 0.0027714943569535446 0.003170174 0.0039272667 0.007097441 103.93543391109 -18.57854945227 1139.81726 1.9540000000000002 8.330000000000002
104.08834884241 -18.14751631928 0.0176 0.0205 39.4388 "" "" 2933955248679433472 1076.28088 0.8841 0.0266 -0.241 8.747 0.022 0.025 0.969 5434.1 4.3711 15.414348 1.014329 15.827163 14.812834 "" "" 1045.72998 1112.67456 12859.01196 3.2005 6376.0 9.2665 9419.4 11.532 "" "" 0.0027685400456197236 0.0032054575 0.004006323 0.00721178 104.08834884241 -18.14751631928 1076.28088 -0.24100000000000016 8.747
104.40197190154 -19.45485901014 0.0197 0.0234 45.113 "" "" 2932784612395805312 1094.5188 0.8648 0.0304 -3.715 -4.516 0.025 0.031 0.978 5288.4 4.4179 15.41455 0.950381 15.805807 14.855426 "" "" 1059.7793 1131.6106 12856.62248 3.9145 6502.7 11.582 9057.1 13.941 "" "" 0.0027750803746605423 0.0033948012 0.0041323896 0.0075271907 104.40197190154 -19.45485901014 1094.5188 -3.7150000000000003 -4.516
104.95534714919 -19.21956572679 0.0197 0.023 41.922 "" "" 2932803819491242624 1057.95093 0.9045 0.0326 0.0 0.958 0.025 0.026 0.995 5015.0 4.321 15.423597 1.012344 15.843473 14.831129 "" "" 1019.05487 1100.36218 12749.92651 4.7031 6281.0 13.3 9262.0 8.3945 "" "" 0.00278427520761209 0.003615335 0.0039053897 0.007520725 104.95534714919 -19.21956572679 1057.95093 0.0 0.9580000000000001
104.14124982528 -18.10275375696 0.0199 0.0225 40.3156 "" "" 2933956726148103424 787.492615 1.2259 0.0288 -0.044 -6.933 0.024 0.026 1.029 4672.3 4.4322 15.429155 1.313143 16.017778 14.704636 "" "" 769.64624 806.672607 12684.82571 3.6555 5349.4 8.7565 10406.0 10.887 "" "" 0.0027730285356090236 0.003308124 0.0039463965 0.0072545204 104.14124982528 -18.10275375696 787.492615 -0.04399999999999993 -6.933
104.74074534733 -18.93655417866 0.0181 0.0226 21.3353 "" "" 2932827458991145856 1089.29834 0.8856 0.0284 -8.922 6.403 0.023 0.026 0.958 5669.6 4.6247 15.432809 0.967021 15.825318 14.858297 "" "" 1059.27039 1122.72449 12642.21077 4.3551 6386.9 9.3865 9033.2 13.071 "" "" 0.0027805904652595374 0.0032142107 0.0040929136 0.0073071243 104.74074534733 -18.93655417866 1089.29834 -8.922 6.403
103.99362908268 -19.32158471715 0.0191 0.0217 45.3608 "" "" 2933537434262167552 859.255554 1.1232 0.0271 -4.364 2.47 0.023 0.025 1.04 5166.6 4.6158 15.433891 1.048962 15.880506 14.831544 "" "" 841.548767 879.215393 12629.61315 4.0965 6070.4 10.882 9258.5 9.3241 "" "" 0.002777734719754817 0.0034019458 0.003934376 0.0073363218 103.99362908268 -19.32158471715 859.255554 -4.363999999999999 2.47
104.74024809258 -19.24543699267 0.0199 0.0267 36.2338 "" "" 2932801173790552960 979.531067 0.9859 0.0323 -2.594 2.942 0.024 0.03 1.147 4858.3 4.3114 15.437286 1.200834 15.944022 14.743188 "" "" 952.263062 1013.82935 12590.18616 10.165 5725.4 13.211 10043.0 19.338 "" "" 0.002891402784164691 0.0037498553 0.00431907 0.008068925 104.74024809258 -19.24543699267 979.531067 -2.594 2.942
104.35119078997 -18.48199705598 0.0191 0.0229 14.6294 "" "" 2933650649598708352 1009.6828 0.9597 0.0288 -2.377 -1.908 0.024 0.025 1.036 "" "" 15.43775 1.354481 16.044144 14.689663 "" "" 976.265137 1040.05835 12584.81154 3.6322 5221.1 9.8244 10551.0 10.604 "" "" 0.0027730823293538307 0.0034581637 0.0039337543 0.007391918 104.35119078997 -18.48199705598 1009.6828 -2.3769999999999993 -1.908
104.02335539299 -19.10814751847 0.0192 0.0237 34.4789 "" "" 2933559699372508544 1076.33618 0.8898 0.0289 -1.98 2.663 0.024 0.03 0.928 5579.1 4.4636 15.441218 1.055884 15.882421 14.826537 "" "" 1046.98645 1105.86755 12544.67482 3.6509 6059.7 16.53 9301.3 14.075 "" "" 0.002773379736217117 0.0040690186 0.004121052 0.008190071 104.02335539299 -19.10814751847 1076.33618 -1.98 2.6630000000000003
103.77386685205 -18.63227203385 0.0175 0.021 39.0121 "" "" 2933633194851485184 993.969238 0.9731 0.0273 0.631 0.629 0.022 0.026 0.946 5136.9 4.4048 15.443277 1.041642 15.880554 14.838912 "" "" 965.529053 1025.72839 12520.9079 3.1745 6070.1 8.7616 9195.9 9.5649 "" "" 0.0027690367807675724 0.0032001596 0.0039444966 0.007144656 103.77386685205 -18.63227203385 993.969238 0.6310000000000001 0.629
104.90764047956 -19.13599482924 0.0188 0.0234 36.4283 "" "" 2932807530342244736 866.474976 1.1149 0.0301 -5.774 12.038 0.024 0.028 0.978 5058.9 4.482 15.445128 1.018734 15.870161 14.851427 "" "" 847.512329 894.108459 12499.57491 3.3295 6128.5 13.049 9090.5 13.303 "" "" 0.0027704566075016754 0.0036234506 0.0040997816 0.0077232323 104.90764047956 -19.13599482924 866.474976 -5.774 12.038000000000002
103.78187922424 -18.71935972567 0.0172 0.0209 38.314 "" "" 2933631476865122688 909.963806 1.0642 0.0273 -3.036 1.502 0.022 0.026 0.964 4766.7 4.3497 15.448298 1.15945 15.945011 14.785561 "" "" 893.208801 929.582092 12463.13898 3.1993 5720.2 12.077 9659.0 11.565 "" "" 0.002769380509638732 0.003611053 0.003996709 0.007607762 103.78187922424 -18.71935972567 909.963806 -3.036 1.502
104.31304130085 -19.45577755248 0.0203 0.0243 45.7866 "" "" 2932779664593510528 1121.86584 0.851 0.0307 -0.745 9.203 0.026 0.032 1.079 5295.0 4.3664 15.451482 0.96094 15.842977 14.882036 "" "" 1082.91931 1161.67786 12426.64549 3.3646 6283.9 8.963 8837.8 9.4292 "" "" 0.002770957973272246 0.0031911302 0.0039529223 0.0071440525 104.31304130085 -19.45577755248 1121.86584 -0.7450000000000002 9.203
105.14902049257 -18.78385838984 0.0174 0.021 39.6665 "" "" 2932925899638858112 896.541504 1.0721 0.0273 -3.264 2.599 0.022 0.029 1.032 5250.3 4.6595 15.452192 1.014484 15.874544 14.86006 "" "" 873.450684 927.456543 12418.52049 4.5974 6103.8 13.494 9018.5 13.706 "" "" 0.002784483666632588 0.0036805526 0.004123886 0.0078044385 105.14902049257 -18.78385838984 896.541504 -3.2640000000000007 2.599
103.97055474136 -18.34393747243 0.0213 0.0253 35.0854 "" "" 2933670269009126528 856.24823 1.1322 0.0337 -6.74 4.253 0.028 0.033 1.104 5071.0 4.4943 15.454718 1.073249 15.894093 14.820844 "" "" 832.95929 875.813721 12389.67399 4.3981 5994.9 11.039 9350.2 9.1456 "" "" 0.002782145707797527 0.0034325123 0.0039257514 0.0073582637 103.97055474136 -18.34393747243 856.24823 -6.739999999999999 4.253000000000001
104.35964145661 -18.73174277673 0.0186 0.0218 5.7058 "" "" 2933595364780544000 807.333679 1.1957 0.0285 -3.357 -0.654 0.024 0.026 0.976 4880.8 4.4688 15.461074 1.092428 15.928317 14.835889 "" "" 791.744873 832.243896 12317.34811 4.6557 5808.9 11.899 9221.5 11.746 "" "" 0.002785714581051301 0.0035681035 0.004024467 0.0075925705 104.35964145661 -18.73174277673 807.333679 -3.357 -0.6540000000000001
104.10603716363 -19.18184803653 0.0189 0.0238 34.8399 "" "" 2933546505233190272 918.657959 1.0509 0.0319 0.501 -0.294 0.024 0.031 0.974 5187.9 4.5074 15.463881 1.047691 15.905041 14.857349 "" "" 894.647644 950.685486 12285.54735 3.3152 5934.7 16.761 9041.0 11.301 "" "" 0.002770853173135412 0.0041458067 0.0040156636 0.00816147 104.10603716363 -19.18184803653 918.657959 0.5009999999999999 -0.29400000000000004
104.29095409622 -18.13826881181 0.0183 0.022 35.2595 "" "" 2933768262983146368 769.881653 1.2601 0.0301 -3.246 3.686 0.023 0.027 1.035 5037.4 4.5624 15.472342 1.112513 15.946481 14.833968 "" "" 751.803589 785.34082 12190.16475 5.1659 5712.5 12.166 9237.9 13.585 "" "" 0.0027934726973315575 0.0036237855 0.0041028075 0.007726593 104.29095409622 -18.13826881181 769.881653 -3.2459999999999996 3.6859999999999995
104.03273653805 -18.17397450775 0.0188 0.0218 39.9273 "" "" 2933954767643137280 1089.0343 0.8731 0.0282 -2.412 -0.79 0.022 0.026 0.993 5176.1 4.3637 15.474124 1.04373 15.908213 14.864483 "" "" 1057.46069 1124.05737 12170.1883 3.0143 5917.4 9.1643 8981.8 9.9503 "" "" 0.002768411850062648 0.0032576735 0.003966167 0.007223841 104.03273653805 -18.17397450775 1089.0343 -2.4119999999999995 -0.7899999999999999
104.28288822964 -18.98922523749 0.0181 0.0231 19.6963 "" "" 2933573305828728960 781.746521 1.2455 0.0299 5.83 -10.39 0.023 0.027 1.011 5011.5 4.5242 15.475445 1.057851 15.922687 14.864836 "" "" 764.326843 797.87439 12155.38741 3.1034 5839.0 13.598 8978.9 10.842 "" "" 0.0027692289987642483 0.0037654082 0.0040003136 0.0077657215 104.28288822964 -18.98922523749 781.746521 5.83 -10.39
104.9991175236 -18.52757880666 0.0218 0.0261 32.6646 "" "" 2933685249856085760 977.4729 0.9859 0.0334 -2.955 1.631 0.029 0.032 0.9 5517.6 4.5698 15.477791 1.078161 15.932593 14.854432 "" "" 941.895203 1003.45612 12129.14869 5.2003 5786.0 14.438 9065.4 14.664 "" "" 0.0027943661816744667 0.0038891148 0.004167516 0.00805663 104.9991175236 -18.52757880666 977.4729 -2.9550000000000005 1.631
104.53056529659 -18.27592843933 0.019 0.0225 26.0751 "" "" 2933753591374842240 1130.90466 0.8461 0.0289 -0.53 0.639 0.024 0.026 1.007 5026.1 4.2603 15.479101 1.292323 16.050364 14.75804 "" "" 1091.86157 1163.89563 12114.52447 4.1805 5191.2 9.3301 9907.0 10.699 "" "" 0.0027806771157899393 0.003404842 0.0039570904 0.0073619327 104.53056529659 -18.27592843933 1130.90466 -0.53 0.639
104.36867473647 -18.44896461008 0.0194 0.0242 16.1266 "" "" 2933744520405031808 903.857117 1.0675 0.032 -0.166 3.061 0.024 0.027 1.066 5163.5 4.4739 15.487156 1.090786 15.947287 14.856501 "" "" 877.364136 933.367981 12024.97919 4.35 5708.2 12.05 9048.1 14.108 "" "" 0.002783172870872221 0.0036108522 0.004141214 0.007752066 104.36867473647 -18.44896461008 903.857117 -0.16599999999999998 3.0610000000000004
104.65253891334 -18.09482339515 0.02 0.0235 38.267 "" "" 2933783243829783680 960.084839 0.9974 0.0317 -3.472 -0.804 0.025 0.029 1.081 5060.6 4.3971 15.493684 1.031822 15.925137 14.893314 "" "" 929.028442 994.536987 11952.9034 3.2454 5825.9 13.785 8746.5 12.092 "" "" 0.0027710454877762887 0.003792747 0.004066547 0.007859293 104.65253891334 -18.09482339515 960.084839 -3.472 -0.804
104.42306584899 -18.20795571868 0.0196 0.023 29.8636 "" "" 2933757955061621888 954.437683 1.0151 0.0302 -0.75 -4.553 0.024 0.028 1.066 5091.6 4.4736 15.494976 1.090426 15.95985 14.869424 "" "" 924.251465 984.426636 11938.67904 3.6912 5642.6 12.979 8941.1 10.068 "" "" 0.0027756937392943958 0.0037445961 0.0039722063 0.0077168024 104.42306584899 -18.20795571868 954.437683 -0.7500000000000001 -4.553
