Clusters/UPK_457/UPK_457_stars_in_region.tsv
# %ECSV 1.0
# ---
# datatype:
# - name: RA_ICRS_1
#   unit: deg
#   datatype: float64
#   format: '{:15.11f}'
#   description: Right ascension (ICRS) at Ep=2016.0 (ra)
#   meta: !!omap
#   - {ucd: POS_EQ_RA_MAIN}
#   - {width: 15}
#   - {precision: '11'}
# - name: DE_ICRS_1
#   unit: deg
#   datatype: float64
#   format: '{:15.11f}'
#   description: Declination (ICRS) at Ep=2016.0 (dec)
#   meta: !!omap
#   - {ucd: POS_EQ_DEC_MAIN}
#   - {width: 15}
#   - {precision: '11'}
# - name: e_RA_ICRS
#   unit: mas
#   datatype: float64
#   format: '{:7.4f}'
#   description: Standard error of right ascension (ra_error)
#   meta: !!omap
#   - {ucd: ERROR}
#   - {width: 7}
#   - {precision: '4'}
# - name: e_DE_ICRS
#   unit: mas
#   datatype: float64
#   format: '{:7.4f}'
#   description: Standard error of declination (dec_error)
#   meta: !!omap
#   - {ucd: ERROR}
#   - {width: 7}
#   - {precision: '4'}
# - name: _r_1
#   unit: ''
#   datatype: float64
#   format: '{:7.4f}'
#   description: Distance from center (104.45590600000-18.70470598000)[ICRS], at Epoch=J2016.0
#   meta: !!omap
#   - {ucd: POS_ANG_DIST_GENERAL}
#   - {width: 7}
#   - {precision: '4'}
# - name: HIP
#   datatype: int32
#   description: '? HIP cross-id number, van Leeuwen, Cat. I/311 (hip_original_ext_source_id)'
#   meta: !!omap
#   - {ucd: ID_NUMBER}
#   - {width: 6}
#   - values: {'null': -2147483648}
# - name: TYC2
#   datatype: string
#   description: Tycho-2 cross-id name, Hog et al., Cat. I/259 (tyc2_original_ext_source_id)
#   meta: !!omap
#   - {ucd: ID_CROSSID}
#   - {_votable_string_dtype: char}
# - name: Source
#   datatype: int64
#   description: Source identifier, identical to the Gaia-EDR3 source_id (id)
#   meta: !!omap
#   - {ucd: ID_MAIN}
#   - {width: 19}
# - name: rgeo
#   unit: pc
#   datatype: float64
#   format: '{:15.8f}'
#   description: '? Median of the geometric distance posterior (r_med_geo)'
#   meta: !!omap
#   - {ucd: PHYS_DISTANCE_TRUE}
#   - {width: 15}
#   - {precision: '8'}
#   - values: {'null': .nan}
# - name: Plx
#   unit: mas
#   datatype: float64
#   format: '{:9.4f}'
#   description: '? Parallax (parallax)'
#   meta: !!omap
#   - {ucd: POS_PARLX_TRIG}
#   - {width: 9}
#   - {precision: '4'}
#   - values: {'null': .nan}
# - name: e_Plx
#   unit: mas
#   datatype: float32
#   format: '{:7.4f}'
#   description: '? Standard error of parallax (parallax_error)'
#   meta: !!omap
#   - {ucd: ERROR}
#   - {width: 7}
#   - {precision: '4'}
#   - values: {'null': .nan}
# - name: pmRA
#   unit: mas / yr
#   datatype: float64
#   format: '{:9.3f}'
#   description: '? Proper motion in right ascension direction, pmRA*cosDE (pmra)'
#   meta: !!omap
#   - {ucd: POS_EQ_PMRA}
#   - {width: 9}
#   - {precision: '3'}
#   - values: {'null': .nan}
# - name: pmDE
#   unit: mas / yr
#   datatype: float64
#   format: '{:9.3f}'
#   description: '? Proper motion in declination direction (pmdec)'
#   meta: !!omap
#   - {ucd: POS_EQ_PMDEC}
#   - {width: 9}
#   - {precision: '3'}
#   - values: {'null': .nan}
# - name: e_pmRA
#   unit: mas / yr
#   datatype: float32
#   format: '{:6.3f}'
#   description: '? Standard error of proper motion in right ascension direction (pmra_error)'
#   meta: !!omap
#   - {ucd: ERROR}
#   - {width: 6}
#   - {precision: '3'}
#   - values: {'null': .nan}
# - name: e_pmDE
[...]
#         unit: &id001 !astropy.units.Unit {unit: deg}
#         value: !astropy.table.SerializedColumn {name: SkyCoord.dec}
#       distance: !astropy.table.SerializedColumn
#         __class__: astropy.coordinates.distances.Distance
#         unit: !astropy.units.Unit {unit: pc}
#         value: !astropy.table.SerializedColumn {name: SkyCoord.distance}
#       frame: icrs
#       obstime: !astropy.time.Time {format: jyear_str, in_subfmt: '*', jd1: 367701545.0, jd2: 0.0, out_subfmt: '*', precision: 3, scale: tt}
#       pm_dec: !astropy.table.SerializedColumn
#         __class__: astropy.units.quantity.Quantity
#         unit: !astropy.units.Unit {unit: mas / yr}
#         value: !astropy.table.SerializedColumn {name: SkyCoord.pm_dec}
#       pm_ra_cosdec: !astropy.table.SerializedColumn
#         __class__: astropy.units.quantity.Quantity
#         unit: !astropy.units.Unit {unit: mas / yr}
#         value: !astropy.table.SerializedColumn {name: SkyCoord.pm_ra_cosdec}
#       ra: !astropy.table.SerializedColumn
#         __class__: astropy.coordinates.angles.Longitude
#         unit: *id001
#         value: !astropy.table.SerializedColumn {name: SkyCoord.ra}
#         wrap_angle: !astropy.coordinates.Angle
#           unit: *id001
#           value: 360.0
#       representation_type: spherical
# schema: astropy-2.0
RA_ICRS_1 DE_ICRS_1 e_RA_ICRS e_DE_ICRS _r_1 HIP TYC2 Source rgeo Plx e_Plx pmRA pmDE e_pmRA e_pmDE RUWE Teff logg Gmag BP-RP BPmag RPmag RV e_RV b_rgeo B_rgeo FG e_FG FBP e_FBP FRP e_FRP RAVE5 RAVE6 e_Gmag e_BPmag e_RPmag e_BP-RP SkyCoord.ra SkyCoord.dec SkyCoord.distance SkyCoord.pm_ra_cosdec SkyCoord.pm_dec
[from data line 399]
104.73888160084 -18.4487474812 0.0116 0.0129 22.2456 "" "" 2933700643018941568 835.631104 1.1614 0.0172 0.863 -4.692 0.015 0.016 1.044 5364.2 4.3395 14.330708 0.931312 14.715665 13.784353 45.37 10.09 820.764893 847.226868 34887.00357 5.7569 17748.0 14.759 24289.0 14.356 "" "" 0.0027611390640962705 0.002932618 0.0038334758 0.006766094 104.73888160084 -18.4487474812 835.631104 0.863 -4.692
104.75663504964 -18.53000124187 0.0112 0.0128 20.0567 "" "" 2933693457531193984 1000.26819 0.957 0.0169 -2.921 1.541 0.014 0.015 0.999 "" "" 14.332153 0.831108 14.662499 13.831391 37.06 8.37 984.222229 1018.63574 34840.57033 8.6509 18639.0 26.225 23260.0 16.906 "" "" 0.002768477381465208 0.0031809888 0.0038608902 0.007041879 104.75663504964 -18.53000124187 1000.26819 -2.9209999999999994 1.541
104.57937284246 -19.01995129249 0.0118 0.0144 20.172 "" "" 2932819659329495040 893.484436 1.0816 0.0191 -4.543 0.087 0.015 0.017 1.033 5677.9 4.3719 14.333284 0.798265 14.649655 13.85139 63.08 6.22 880.112244 907.579407 34804.31615 7.1946 18861.0 16.363 22835.0 13.322 "" "" 0.002764446085951116 0.0029448764 0.0038320946 0.006776971 104.57937284246 -19.01995129249 893.484436 -4.543 0.08699999999999997
105.12374720564 -18.5776959383 0.0122 0.0144 38.7255 "" "" 2932933561859891328 928.140869 1.0353 0.0187 -1.485 4.074 0.016 0.02 1.08 5792.1 4.3456 14.336699 0.807995 14.656114 13.848119 40.55 4.27 911.354614 943.596191 34695.04807 12.476 18749.0 34.433 22904.0 19.569 "" "" 0.002782843375321912 0.0034294326 0.0038915616 0.0073209945 105.12374720564 -18.5776959383 928.140869 -1.4849999999999999 4.074
105.08759576416 -18.72755724057 0.0121 0.0147 35.9233 "" "" 2932927274028383232 944.72052 1.0145 0.0187 -0.888 2.962 0.015 0.019 1.155 5515.8 4.2932 14.340502 0.860148 14.686144 13.825995 24.93 4.81 928.647766 959.883484 34573.7189 6.1437 18237.0 20.874 23375.0 13.761 "" "" 0.0027620667691968114 0.0030544107 0.0038330506 0.006887461 105.08759576416 -18.72755724057 944.72052 -0.8880000000000001 2.9620000000000006
103.79553199987 -18.64883171968 0.0112 0.0138 37.6853 "" "" 2933632919974083840 1102.08813 0.8682 0.0175 1.987 -0.404 0.014 0.017 1.033 5662.5 4.1338 14.342802 0.951938 14.726772 13.774835 45.47 5.65 1082.26392 1120.00903 34500.5459 8.1303 17567.0 21.792 24503.0 18.548 "" "" 0.0027671744601397287 0.00309824 0.0038677119 0.006965952 103.79553199987 -18.64883171968 1102.08813 1.987 -0.404
104.51570455719 -18.61702125689 0.0129 0.0161 6.2637 "" "" 2933598079201200512 1066.61707 0.8978 0.021 -2.263 2.698 0.015 0.018 1.137 "" "" 14.344961 0.902411 14.701583 13.799171 30.63 4.64 1042.49548 1089.20996 34432.01421 10.449 17980.0 14.861 23960.0 11.925 "" "" 0.0027749504947794873 0.002930932 0.003817818 0.00674875 104.51570455719 -18.61702125689 1066.61707 -2.263 2.698
104.06682507445 -18.55272703204 0.0119 0.0145 23.9275 "" "" 2933646423351070336 918.292847 1.0554 0.0201 9.274 -9.461 0.016 0.019 0.991 5282.8 4.2588 14.34525 0.952314 14.738142 13.785828 81.12 4.29 901.141846 939.565491 34422.84924 6.3086 17384.0 13.588 24256.0 16.482 "" "" 0.0027624957256300875 0.0029163777 0.0038507164 0.006767094 104.06682507445 -18.55272703204 918.292847 9.274 -9.461000000000002
104.4487398316 -18.29226931457 0.0111 0.0139 24.7496 "" "" 2933750773876341504 980.02179 0.9809 0.0178 1.255 -2.744 0.014 0.017 0.998 6041.9 4.2812 14.348737 0.860539 14.689652 13.829113 -1.69 5.87 964.012451 997.305054 34312.46008 5.9267 18178.0 15.638 23308.0 18.575 "" "" 0.002761695000668062 0.0029423553 0.0038771648 0.00681952 104.4487398316 -18.29226931457 980.02179 1.255 -2.744
104.59437328392 -18.85321717793 0.012 0.0145 11.8857 "" "" 2933578356710016896 914.071838 1.0533 0.0179 -3.001 -0.277 0.015 0.017 0.979 6039.3 4.4966 14.35052 0.784127 14.660234 13.876106 27.61 5.08 901.289612 929.60144 34256.15335 10.248 18678.0 17.684 22321.0 16.111 "" "" 0.002774398803473997 0.0029735065 0.0038597754 0.006833282 104.59437328392 -18.85321717793 914.071838 -3.0010000000000003 -0.277
104.07277526137 -18.91790419561 0.0123 0.0146 25.2414 "" "" 2933566090283001856 779.627563 1.2469 0.0191 4.582 -8.072 0.016 0.018 1.021 5653.7 4.4348 14.35307 0.832772 14.685573 13.8528 25.93 4.73 766.687439 790.829468 34175.79778 6.3695 18247.0 11.842 22805.0 15.405 "" "" 0.0027627407393921066 0.0028777672 0.0038498882 0.0067276554 104.07277526137 -18.91790419561 779.627563 4.582000000000001 -8.072
103.89601836888 -18.16319389832 0.0122 0.0145 45.5116 "" "" 2933864470250554624 1016.19385 0.9424 0.0199 -7.934 1.561 0.015 0.018 0.988 5859.8 4.106 14.356322 0.919875 14.729135 13.80926 36.86 4.91 997.513855 1037.75757 34073.59579 5.7566 17529.0 12.222 23739.0 11.83 "" "" 0.002761419251528451 0.0028910434 0.003817915 0.006708958 103.89601836888 -18.16319389832 1016.19385 -7.934 1.561
104.22247769929 -19.25382692327 0.0122 0.0146 35.5096 "" "" 2933541488711175808 833.781006 1.1628 0.0187 -4.911 1.159 0.015 0.02 0.956 5508.8 4.3913 14.358994 0.872186 14.710977 13.838791 47.51 4.5 821.913513 846.744995 33989.82888 6.3296 17825.0 15.704 23102.0 17.175 "" "" 0.0027627284839529588 0.0029495806 0.0038646178 0.0068141986 104.22247769929 -19.25382692327 833.781006 -4.9110000000000005 1.1589999999999998
105.16662207691 -18.86710841357 0.0569 0.0705 41.5306 "" "" 2932913186535711744 1019.49872 0.966 0.0891 3.134 -2.623 0.073 0.091 5.488 6029.0 4.2188 14.360645 0.873165 14.695756 13.822591 -22.36 10.85 936.196289 1126.42249 33938.17655 17.339 18077.0 15.136 23449.0 15.717 "" "" 0.0028106020557205806 0.002934536 0.0038488072 0.006783343 105.16662207691 -18.86710841357 1019.49872 3.1340000000000003 -2.623
104.0506427005 -18.03036558681 0.0125 0.0148 46.5788 "" "" 2933961089834871040 1042.47839 0.9152 0.0191 4.928 -2.142 0.015 0.018 0.988 5791.0 4.016 14.368034 0.956444 14.758657 13.802213 19.86 6.97 1018.19861 1065.25244 33707.99508 6.4141 17059.0 12.336 23893.0 13.113 "" "" 0.002763054891392567 0.002898532 0.0038260678 0.0067245997 104.0506427005 -18.03036558681 1042.47839 4.928000000000001 -2.142
104.79496626599 -18.58353729316 0.0291 0.0338 20.6015 "" "" 2933680576931800832 854.822998 1.146 0.0441 0.844 3.735 0.036 0.041 2.664 5488.1 4.3316 14.368269 0.969643 14.740887 13.771244 32.82 3.88 825.154419 882.410461 33700.71473 26.584 17341.0 15.177 24584.0 15.85 "" "" 0.002885360944597943 0.002947544 0.0038436614 0.006791205 104.79496626599 -18.58353729316 854.822998 0.844 3.7350000000000003
103.75740142866 -18.65430737702 0.0115 0.0133 39.8176 "" "" 2933632782534629504 896.08197 1.0746 0.0169 0.663 -2.004 0.015 0.017 0.932 5980.5 4.372 14.369164 0.854009 14.711978 13.857969 0.45 6.19 884.731018 911.035645 33672.96636 11.776 17808.0 21.996 22697.0 19.524 "" "" 0.002781359664536281 0.0030957274 0.00389307 0.0069887973 103.75740142866 -18.65430737702 896.08197 0.663 -2.0040000000000004
103.96655545056 -19.2368629764 0.0123 0.0142 42.3137 "" "" 2933550525322453888 1115.17676 0.8619 0.0185 3.795 -4.087 0.015 0.017 1.037 5784.0 4.078 14.369187 0.914054 14.741108 13.827054 22.28 10.15 1096.6134 1134.41333 33672.21726 6.0879 17337.0 13.554 23353.0 14.036 "" "" 0.0027623039405136767 0.0029164278 0.0038353058 0.006751734 103.96655545056 -19.2368629764 1115.17676 3.7950000000000004 -4.087
104.21347637592 -18.7047624195 0.0123 0.0139 13.7775 "" "" 2933593612433231232 1023.66278 0.939 0.0184 -3.741 8.442 0.015 0.017 0.927 6111.8 4.0929 14.372928 0.846983 14.707019 13.860036 1.09 6.81 1005.99652 1039.55847 33556.41853 7.1432 17890.0 15.816 22654.0 14.735 "" "" 0.002764996715647925 0.0029506595 0.003844795 0.006795455 104.21347637592 -18.7047624195 1023.66278 -3.7410000000000005 8.442
104.37152308154 -18.84453236314 0.0118 0.0146 9.6625 "" "" 2933587835695034368 786.67511 1.2282 0.019 -3.041 2.265 0.015 0.017 0.98 5185.4 4.3065 14.375217 1.020781 14.793197 13.772416 38.63 5.15 775.179688 798.535461 33485.72146 6.6335 16525.0 33.273 24558.0 40.265 "" "" 0.002763702295405881 0.0035445995 0.0041776425 0.007722242 104.37152308154 -18.84453236314 786.67511 -3.041 2.2650000000000006
104.48079260043 -18.62199572859 0.0125 0.0144 5.1603 "" "" 2933601068496963840 1099.32446 0.8706 0.0192 -0.295 -0.396 0.015 0.017 0.949 5204.8 4.1069 14.379591 1.193559 14.89727 13.703712 14.82 3.87 1077.59326 1123.78284 33351.12419 5.6548 15014.0 12.58 26162.0 19.283 "" "" 0.002761463139122474 0.0029347304 0.0038631768 0.006797907 104.48079260043 -18.62199572859 1099.32446 -0.29499999999999993 -0.3960000000000001
104.64049815667 -19.45972347455 0.0125 0.0143 46.4945 "" "" 2932770662342194560 1045.02832 0.9159 0.0185 1.845 1.266 0.016 0.017 1.016 5820.9 4.1505 14.382466 0.890616 14.740243 13.849627 30.76 4.77 1025.54004 1068.49902 33262.90909 7.1736 17351.0 17.26 22872.0 18.474 "" "" 0.002765251781486207 0.0029919122 0.0038797925 0.006871705 104.64049815667 -19.45972347455 1045.02832 1.845 1.2659999999999998
103.79238824763 -19.09291310126 0.0126 0.0143 44.2852 "" "" 2933556332119611520 943.092468 1.0206 0.0182 -1.816 -1.702 0.016 0.016 0.977 5990.3 4.2686 14.386284 0.850894 14.728488 13.877594 47.6 3.7 929.688232 957.728699 33146.14723 9.2975 17540.0 16.034 22291.0 23.247 "" "" 0.0027721002134712897 0.002961441 0.003945356 0.0069067967 103.79238824763 -19.09291310126 943.092468 -1.816 -1.7020000000000002
104.98651917978 -18.98846842091 0.012 0.0137 34.6076 "" "" 2932904802759734656 1056.3645 0.91 0.0183 1.393 -6.672 0.015 0.017 1.025 5891.9 4.2148 14.3893 0.85234 14.731745 13.879405 -7.81 8.42 1038.92163 1076.87671 33054.20598 6.5087 17487.0 12.908 22253.0 12.91 "" "" 0.0027636020885109555 0.002902989 0.0038315118 0.0067345006 104.98651917978 -18.98846842091 1056.3645 1.3929999999999998 -6.672
104.60131886711 -18.19944958833 0.0204 0.0302 31.4248 "" "" 2933758745329525632 999.92395 0.9629 0.0331 -2.779 5.226 0.026 0.037 1.485 "" "" 14.396064 1.15594 14.271999 13.116059 "" "" 971.507019 1035.6947 32848.93551 29.472 26707.0 4.4916 44951.0 2576.8 "" "" 0.002922447570160815 0.0027961386 0.062354084 0.06515022 104.60131886711 -18.19944958833 999.92395 -2.779 5.226
104.58841206402 -18.3762107571 0.0115 0.0135 21.1019 "" "" 2933699302989169664 962.433777 0.9994 0.017 1.211 9.657 0.014 0.016 0.986 5528.9 4.2912 14.399142 0.844747 14.730205 13.885458 7.49 8.63 948.553162 979.236267 32755.93494 7.394 17512.0 15.446 22130.0 27.126 "" "" 0.0027661986978189147 0.0029499377 0.0040068547 0.0069567924 104.58841206402 -18.3762107571 962.433777 1.2109999999999999 9.657000000000002
104.41421374475 -19.44702091845 0.0118 0.0147 44.6016 "" "" 2932784646755535744 992.466248 0.968 0.0193 2.76 -8.959 0.015 0.019 0.955 5872.6 4.3197 14.399385 0.755114 14.693806 13.938692 37.24 8.87 970.498413 1009.98041 32748.58942 7.2217 18109.0 21.874 21071.0 25.427 "" "" 0.00276570319651404 0.003083018 0.0040000407 0.0070830584 104.41421374475 -19.44702091845 992.466248 2.7600000000000002 -8.959
104.79859793574 -19.16377234657 0.0123 0.0152 33.7184 "" "" 2932807942658955264 864.844727 1.1126 0.0186 3.118 1.796 0.016 0.019 1.051 5438.2 4.3506 14.412502 0.924514 14.792639 13.868125 23.25 5.98 851.732788 879.098633 32355.33258 6.3868 16533.0 15.177 22486.0 12.225 "" "" 0.002763642933561326 0.002962842 0.003825201 0.006788043 104.79859793574 -19.16377234657 864.844727 3.1180000000000003 1.7959999999999998
104.99794960353 -19.00337403806 0.013 0.0151 35.6144 "" "" 2932904596601310208 916.920715 1.0551 0.0194 1.057 -2.551 0.016 0.018 1.115 5754.0 4.3809 14.413981 0.840551 14.753156 13.912604 22.33 3.86 899.311218 935.959351 32311.27889 6.7352 17146.0 12.663 21583.0 15.43 "" "" 0.002764599357684288 0.0029031064 0.0038582673 0.006761374 104.99794960353 -19.00337403806 916.920715 1.057 -2.551
104.97082197084 -19.15437571086 0.0119 0.0151 39.774 "" "" 2932805743635632640 1010.4118 0.9438 0.019 0.839 6.595 0.015 0.018 0.982 5836.7 4.2952 14.414771 0.85092 14.755796 13.904877 69.18 6.86 994.04541 1029.27026 32287.77824 6.3084 17104.0 15.501 21737.0 18.79 "" "" 0.0027634741212409753 0.0029585918 0.0038941724 0.006852764 104.97082197084 -19.15437571086 1010.4118 0.839 6.595
103.64669769808 -18.60741441101 0.0127 0.0144 46.3702 "" "" 2933636940062978304 878.902466 1.0997 0.0173 6.763 -0.526 0.016 0.016 1.052 5369.2 4.3321 14.416093 0.955556 14.804251 13.848695 36.54 4.8 864.695557 891.497009 32248.49662 14.392 16357.0 27.201 22892.0 28.034 "" "" 0.0027976016993687966 0.0033234018 0.004006445 0.0073298467 103.64669769808 -18.60741441101 878.902466 6.763 -0.526
103.77818994233 -19.02404315647 0.0119 0.0139 42.9852 "" "" 2933605153005897728 920.194763 1.0454 0.0173 2.204 6.267 0.014 0.016 0.961 5716.9 4.372 14.416491 0.79517 14.722863 13.927693 34.85 7.87 907.547302 931.799377 32236.70983 6.8484 17631.0 13.86 21285.0 22.225 "" "" 0.002764957701810504 0.0029177961 0.0039457534 0.0068635494 103.77818994233 -19.02404315647 920.194763 2.204 6.267000000000001
104.55798485385 -18.9785560227 0.0124 0.0148 17.4235 "" "" 2933570591409260544 1104.76282 0.8644 0.0193 0.28 -6.429 0.015 0.017 1.032 5727.0 4.0818 14.421096 0.941688 14.807327 13.86564 28.66 8.08 1084.7345 1125.37256 32100.24173 5.5629 16311.0 20.013 22537.0 12.66 "" "" 0.0027617371255892285 0.0030918755 0.0038282778 0.0069201533 104.55798485385 -18.9785560227 1104.76282 0.28000000000000014 -6.429000000000001
104.44740926663 -18.29238970135 0.0113 0.0141 24.7437 "" "" 2933750773876342528 958.721802 1.0048 0.0182 1.347 -2.853 0.015 0.017 1.0 5902.7 4.2924 14.422031 0.866549 14.768222 13.901672 -3.45 6.17 944.088074 974.391235 32072.6081 5.5978 16909.0 15.176 21802.0 15.991 "" "" 0.0027618289864902302 0.0029554388 0.0038623696 0.0068178084 104.44740926663 -18.29238970135 958.721802 1.347 -2.853
104.53014395458 -18.65659267891 0.012 0.0141 5.1126 "" "" 2933597014047835648 877.689697 1.0973 0.0184 -3.685 12.044 0.015 0.016 0.968 5919.7 4.4542 14.429553 0.786154 14.739843 13.95369 25.91 5.56 863.027649 892.460083 31851.18343 6.5255 17357.0 12.957 20782.0 12.185 "" "" 0.002764284513261537 0.0029055055 0.0038326203 0.006738126 104.53014395458 -18.65659267891 877.689697 -3.6849999999999996 12.044
104.57542647364 -18.03481098506 0.0117 0.014 40.7658 "" "" 2933796163090528768 939.144043 1.0271 0.0185 -7.963 3.168 0.015 0.017 0.946 "" "" 14.435493 0.791434 14.745791 13.954357 -2.13 5.18 921.893738 954.451721 31677.40912 6.4959 17262.0 14.108 20769.0 13.367 "" "" 0.0027643010756359314 0.002927875 0.0038434393 0.006771314 104.57542647364 -18.03481098506 939.144043 -7.962999999999998 3.168
104.56824937906 -18.27124741288 0.0707 0.0815 26.7817 "" "" 2933753453935870976 863.443848 1.1576 0.1034 -0.522 -2.055 0.09 0.094 5.67 5446.8 4.3811 14.436668 0.876521 14.771494 13.894973 -0.06 4.98 784.703613 951.117493 31643.1193 24.203 16859.0 14.443 21937.0 13.851 "" "" 0.0028777489141639393 0.0029411248 0.0038410523 0.006782177 104.56824937906 -18.27124741288 863.443848 -0.5220000000000001 -2.055
104.04267164611 -18.23775016197 0.0131 0.0146 36.5787 "" "" 2933672777270014080 970.608643 0.9888 0.0192 -0.629 -5.133 0.016 0.018 0.944 5930.2 4.2598 14.437336 0.846563 14.774708 13.928144 37.82 6.67 953.297241 988.383057 31623.66647 5.6706 16809.0 15.484 21277.0 14.909 "" "" 0.0027621899202463994 0.0029640093 0.0038551942 0.0068192035 104.04267164611 -18.23775016197 970.608643 -0.6289999999999999 -5.133
104.45835186173 -18.55600324986 0.0122 0.015 8.9232 "" "" 2933696038814228480 806.800049 1.2042 0.0196 -2.67 -1.428 0.015 0.017 1.011 5639.1 4.4061 14.445378 0.872165 14.798993 13.926828 3.69 4.38 791.952393 819.818665 31390.30634 7.042 16437.0 16.014 21302.0 11.762 "" "" 0.0027660650773975257 0.0029839536 0.003826633 0.006810587 104.45835186173 -18.55600324986 806.800049 -2.6699999999999995 -1.428
