Clusters/UPK_457/UPK_457_stars_in_region.tsv
# %ECSV 1.0
# ---
# datatype:
# - name: RA_ICRS_1
#   unit: deg
#   datatype: float64
#   format: '{:15.11f}'
#   description: Right ascension (ICRS) at Ep=2016.0 (ra)
#   meta: !!omap
#   - {ucd: POS_EQ_RA_MAIN}
#   - {width: 15}
#   - {precision: '11'}
# - name: DE_ICRS_1
#   unit: deg
#   datatype: float64
#   format: '{:15.11f}'
#   description: Declination (ICRS) at Ep=2016.0 (dec)
#   meta: !!omap
#   - {ucd: POS_EQ_DEC_MAIN}
#   - {width: 15}
#   - {precision: '11'}
# - name: e_RA_ICRS
#   unit: mas
#   datatype: float64
#   format: '{:7.4f}'
#   description: Standard error of right ascension (ra_error)
#   meta: !!omap
#   - {ucd: ERROR}
#   - {width: 7}
#   - {precision: '4'}
# - name: e_DE_ICRS
#   unit: mas
#   datatype: float64
#   format: '{:7.4f}'
#   description: Standard error of declination (dec_error)
#   meta: !!omap
#   - {ucd: ERROR}
#   - {width: 7}
#   - {precision: '4'}
# - name: _r_1
#   unit: ''
#   datatype: float64
#   format: '{:7.4f}'
#   description: Distance from center (104.45590600000-18.70470598000)[ICRS], at Epoch=J2016.0
#   meta: !!omap
#   - {ucd: POS_ANG_DIST_GENERAL}
#   - {width: 7}
#   - {precision: '4'}
# - name: HIP
#   datatype: int32
#   description: '? HIP cross-id number, van Leeuwen, Cat. I/311 (hip_original_ext_source_id)'
#   meta: !!omap
#   - {ucd: ID_NUMBER}
#   - {width: 6}
#   - values: {'null': -2147483648}
# - name: TYC2
#   datatype: string
#   description: Tycho-2 cross-id name, Hog et al., Cat. I/259 (tyc2_original_ext_source_id)
#   meta: !!omap
#   - {ucd: ID_CROSSID}
#   - {_votable_string_dtype: char}
# - name: Source
#   datatype: int64
#   description: Source identifier, identical to the Gaia-EDR3 source_id (id)
#   meta: !!omap
#   - {ucd: ID_MAIN}
#   - {width: 19}
# - name: rgeo
#   unit: pc
#   datatype: float64
#   format: '{:15.8f}'
#   description: '? Median of the geometric distance posterior (r_med_geo)'
#   meta: !!omap
#   - {ucd: PHYS_DISTANCE_TRUE}
#   - {width: 15}
#   - {precision: '8'}
#   - values: {'null': .nan}
# - name: Plx
#   unit: mas
#   datatype: float64
#   format: '{:9.4f}'
#   description: '? Parallax (parallax)'
#   meta: !!omap
#   - {ucd: POS_PARLX_TRIG}
#   - {width: 9}
#   - {precision: '4'}
#   - values: {'null': .nan}
# - name: e_Plx
#   unit: mas
#   datatype: float32
#   format: '{:7.4f}'
#   description: '? Standard error of parallax (parallax_error)'
#   meta: !!omap
#   - {ucd: ERROR}
#   - {width: 7}
#   - {precision: '4'}
#   - values: {'null': .nan}
# - name: pmRA
#   unit: mas / yr
#   datatype: float64
#   format: '{:9.3f}'
#   description: '? Proper motion in right ascension direction, pmRA*cosDE (pmra)'
#   meta: !!omap
#   - {ucd: POS_EQ_PMRA}
#   - {width: 9}
#   - {precision: '3'}
#   - values: {'null': .nan}
# - name: pmDE
#   unit: mas / yr
#   datatype: float64
#   format: '{:9.3f}'
#   description: '? Proper motion in declination direction (pmdec)'
#   meta: !!omap
#   - {ucd: POS_EQ_PMDEC}
#   - {width: 9}
#   - {precision: '3'}
#   - values: {'null': .nan}
# - name: e_pmRA
#   unit: mas / yr
#   datatype: float32
#   format: '{:6.3f}'
#   description: '? Standard error of proper motion in right ascension direction (pmra_error)'
#   meta: !!omap
#   - {ucd: ERROR}
#   - {width: 6}
#   - {precision: '3'}
#   - values: {'null': .nan}
# - name: e_pmDE
[...]
#         value: !astropy.table.SerializedColumn {name: SkyCoord.dec}
#       distance: !astropy.table.SerializedColumn
#         __class__: astropy.coordinates.distances.Distance
#         unit: !astropy.units.Unit {unit: pc}
#         value: !astropy.table.SerializedColumn {name: SkyCoord.distance}
#       frame: icrs
#       obstime: !astropy.time.Time {format: jyear_str, in_subfmt: '*', jd1: 367701545.0, jd2: 0.0, out_subfmt: '*', precision: 3, scale: tt}
#       pm_dec: !astropy.table.SerializedColumn
#         __class__: astropy.units.quantity.Quantity
#         unit: !astropy.units.Unit {unit: mas / yr}
#         value: !astropy.table.SerializedColumn {name: SkyCoord.pm_dec}
#       pm_ra_cosdec: !astropy.table.SerializedColumn
#         __class__: astropy.units.quantity.Quantity
#         unit: !astropy.units.Unit {unit: mas / yr}
#         value: !astropy.table.SerializedColumn {name: SkyCoord.pm_ra_cosdec}
#       ra: !astropy.table.SerializedColumn
#         __class__: astropy.coordinates.angles.Longitude
#         unit: *id001
#         value: !astropy.table.SerializedColumn {name: SkyCoord.ra}
#         wrap_angle: !astropy.coordinates.Angle
#           unit: *id001
#           value: 360.0
#       representation_type: spherical
# schema: astropy-2.0
RA_ICRS_1 DE_ICRS_1 e_RA_ICRS e_DE_ICRS _r_1 HIP TYC2 Source rgeo Plx e_Plx pmRA pmDE e_pmRA e_pmDE RUWE Teff logg Gmag BP-RP BPmag RPmag RV e_RV b_rgeo B_rgeo FG e_FG FBP e_FBP FRP e_FRP RAVE5 RAVE6 e_Gmag e_BPmag e_RPmag e_BP-RP SkyCoord.ra SkyCoord.dec SkyCoord.distance SkyCoord.pm_ra_cosdec SkyCoord.pm_dec rmRA rmDE e_rmRA e_rmDE rRV e_rRV v_pec v_pec3d e_vpec e_vpec3d
[from data line 1115]
104.41831482745 -18.56302251097 0.0266 0.0324 8.7656 "" "" 2933602236728062336 1012.51697 0.9641 0.0413 10.603 6.983 0.032 0.036 1.027 5012.7 4.5248 16.212025 1.235306 16.755095 15.519789 "" "" 971.379089 1050.99622 6167.89895 2.5875 2712.6 10.259 4911.8 11.638 "" "" 0.0027927136675150116 0.004964493 0.004571836 0.00953633 104.41831482745 -18.56302251097 1012.51697 10.603 6.982999999999998 14.421545341491699 1.8755452232360836 0.104580194 0.10858019 "" "" 69.79662805788963 "" 7.304075609130068 ""
104.43430290529 -18.35534246436 0.0258 0.0304 20.9978 "" "" 2933746994305164672 1105.36609 0.871 0.0423 -3.25 -2.753 0.032 0.035 0.962 5016.8 4.5066 16.212324 1.218791 16.742186 15.523395 "" "" 1056.87561 1161.04541 6166.18753 2.5952 2745.0 7.7716 4895.5 10.594 "" "" 0.002792955793636052 0.0041513885 0.0044501885 0.008601577 104.43430290529 -18.35534246436 1105.36609 -3.2499999999999996 -2.7529999999999983 0.5685453414916992 -7.860454776763916 0.104580194 0.107580185 "" "" 41.29193352547489 "" 4.441558094125785 ""
104.23364684968 -18.65287539646 0.0327 0.0365 13.0103 "" "" 2933646663869226880 989.926941 0.9933 0.0502 0.582 4.721 0.039 0.043 0.967 5123.1 4.6212 16.21352 1.305209 16.793379 15.48817 "" "" 950.606934 1039.41321 6159.40388 2.8627 2618.6 9.4824 5057.0 10.219 "" "" 0.0028011474840031357 0.0048210807 0.0043700607 0.009191141 104.23364684968 -18.65287539646 989.926941 0.5820000000000001 4.721 4.400545341491699 -0.38645477676391593 0.11158019 0.115580186 "" "" 20.72794592964188 "" 2.3134740381370906 ""
104.73967271739 -18.85171636673 0.0353 0.0433 18.3752 "" "" 2933579078264441344 969.956665 1.0037 0.0554 2.657 -13.905 0.045 0.05 1.324 4592.5 4.4878 16.222221 1.445528 16.872374 15.426846 "" "" 921.779419 1020.59094 6110.2442 6.2338 2434.8 7.5143 5350.8 9.778 "" "" 0.0029696411464947684 0.0043603857 0.004268517 0.008628903 104.73967271739 -18.85171636673 969.956665 2.657 -13.904999999999983 6.475545341491699 -19.012454776763917 0.11758019 0.122580186 "" "" 92.34256138139241 "" 11.272255656169083 ""
104.19521353827 -18.69621827719 0.0286 0.0373 14.8245 "" "" 2933640616555322112 1117.77734 0.8636 0.0453 0.182 1.967 0.035 0.043 0.916 5290.5 4.5631 16.22796 1.184226 16.739876 15.55565 "" "" 1066.09546 1176.17468 6078.02746 2.6908 2750.8 8.8753 4752.2 11.244 "" "" 0.0027969320393922323 0.0044784504 0.0045698 0.0090482505 104.19521353827 -18.69621827719 1117.77734 0.1820000000000002 1.9670000000000003 4.0005453414917 -3.140454776763916 0.107580185 0.115580186 "" "" 26.946673292636756 "" 2.982959722688449 ""
104.46822216343 -18.76334574289 0.0286 0.0359 3.5873 "" "" 2933594540146788352 1063.76001 0.9 0.0423 -1.247 5.076 0.035 0.04 1.001 4546.7 4.413 16.229189 1.37673 16.84581 15.46908 "" "" 1026.09131 1125.69446 6071.1528 2.8018 2495.1 11.853 5146.7 10.168 "" "" 0.0028005090865596185 0.005864125 0.004345668 0.010209793 104.46822216343 -18.76334574289 1063.76001 -1.247 5.0760000000000005 2.5715453414916993 -0.03145477676391639 0.107580185 0.11258019 "" "" 12.967273607533247 "" 1.3950316174459008 ""
104.58639803177 -18.17453055141 0.0271 0.0329 32.6661 "" "" 2933758809755259648 918.494812 1.0804 0.0441 2.5 4.304 0.034 0.039 1.008 4666.7 4.4928 16.231491 1.285558 16.807674 15.522117 "" "" 882.732544 948.919739 6058.28853 2.6359 2584.3 10.119 4901.3 8.8583 "" "" 0.002795522201322978 0.0050851125 0.0042584403 0.009343553 104.58639803177 -18.17453055141 918.494812 2.5 4.304 6.318545341491699 -0.8034547767639157 0.10658019 0.11158019 "" "" 27.73033845491963 "" 2.957761855639356 ""
104.72860312325 -17.9940792456 0.0274 0.0346 45.3777 "" "" 2933786233126883712 928.170776 1.0572 0.0478 -0.481 7.139 0.036 0.046 1.015 4598.9 4.4785 16.233316 1.262099 16.792051 15.529952 "" "" 895.341125 970.806824 6048.12046 2.4576 2621.8 6.2946 4866.1 8.4779 "" "" 0.0027904172728886044 0.0038183753 0.004226336 0.008044711 104.72860312325 -17.9940792456 928.170776 -0.48100000000000065 7.139000000000001 3.3375453414916993 2.031545223236084 0.10858019 0.11858019 "" "" 17.189939010695408 "" 1.9144817050237475 ""
104.61852682299 -19.06988360695 0.0281 0.0333 23.7761 "" "" 2932818456738662272 1131.23828 0.8513 0.0425 -5.675 0.171 0.033 0.036 0.954 5020.6 4.4836 16.234224 1.160511 16.737595 15.577084 "" "" 1081.55237 1185.58118 6043.05662 2.404 2756.6 9.1423 4659.3 11.601 "" "" 0.0027889681354194527 0.004555351 0.004646689 0.009202041 104.61852682299 -19.06988360695 1131.23828 -5.675000000000002 0.17100000000000012 -1.8564546585083006 -4.936454776763916 0.10558019 0.10858019 "" "" 28.279520541697682 "" 3.0602113547099368 ""
104.59596809789 -18.58056883576 0.026 0.0302 10.9033 "" "" 2933692224883211008 959.124146 1.0221 0.0413 -0.66 -3.409 0.035 0.037 0.981 4870.6 4.6204 16.24112 1.185615 16.758259 15.572644 "" "" 922.136475 994.867859 6004.80972 3.7625 2704.7 10.407 4678.4 9.0965 "" "" 0.002838062696416893 0.005023714 0.0043290085 0.009352723 104.59596809789 -18.58056883576 959.124146 -0.6599999999999988 -3.409 3.158545341491699 -8.516454776763915 0.107580185 0.10958019 "" "" 41.29495651980356 "" 4.515202905382687 ""
103.94568346428 -18.62917441541 0.0278 0.0358 29.3549 "" "" 2933644189968189568 943.756775 1.0324 0.047 1.065 -4.508 0.035 0.044 1.001 4661.5 4.4838 16.245428 1.227379 16.786066 15.558687 "" "" 907.770508 987.627075 5981.0216 2.6706 2636.3 11.363 4739.0 9.4881 "" "" 0.0027976445797992916 0.005448403 0.0043599396 0.009808343 103.94568346428 -18.62917441541 943.756775 1.065 -4.5080000000000044 4.883545341491699 -9.615454776763915 0.107580185 0.11658019 "" "" 48.24357213468076 "" 5.537987042616402 ""
104.82410805444 -19.21942046488 0.0293 0.0372 37.2864 "" "" 2932800933272343424 873.190796 1.1111 0.0444 -0.568 3.466 0.035 0.041 1.111 4689.5 4.6074 16.248869 1.315124 16.795341 15.480218 "" "" 838.899597 910.727905 5962.10124 2.8162 2613.8 8.5735 5094.1 12.821 "" "" 0.0028026420033764265 0.0045241565 0.0046637882 0.009187944 104.82410805444 -19.21942046488 873.190796 -0.568 3.466 3.250545341491699 -1.6414547767639158 0.107580185 0.11358019 "" "" 15.071834314452714 "" 1.6402090001185763 ""
104.06120757898 -18.68152790368 0.0274 0.0386 22.4757 "" "" 2933642879999583872 911.670898 1.0787 0.0472 0.334 4.09 0.036 0.051 0.988 4580.6 4.5597 16.2515 1.342698 16.85734 15.514642 "" "" 866.743713 952.446533 5947.67756 3.1297 2468.8 12.839 4935.2 11.614 "" "" 0.002813928958459443 0.0062981406 0.0045620245 0.010860166 104.06120757898 -18.68152790368 911.670898 0.33400000000000063 4.09 4.152545341491699 -1.0174547767639162 0.10858019 0.12358019 "" "" 18.475271643347583 "" 2.022758049461712 ""
103.93490086703 -18.84365400236 0.0275 0.0345 30.7488 "" "" 2933614778032284672 900.357849 1.0947 0.0441 -1.177 -1.335 0.033 0.04 0.974 4251.0 4.3516 16.252905 1.583661 16.997784 15.414123 "" "" 867.632874 934.444702 5939.97734 2.4805 2169.2 10.24 5413.9 10.431 "" "" 0.0027923750320846 0.0058356146 0.004319694 0.010155309 103.93490086703 -18.84365400236 900.357849 -1.177 -1.335 2.641545341491699 -6.442454776763916 0.10558019 0.11258019 "" "" 29.715851095950804 "" 3.316282635160459 ""
104.02524773694 -18.62883069455 0.0311 0.0435 24.8999 "" "" 2933645461278467456 1075.95117 0.9098 0.0534 -3.108 8.241 0.04 0.054 1.091 5219.4 4.6475 16.256243 1.254984 16.805876 15.550892 "" "" 997.408997 1162.13293 5921.74551 2.3232 2588.6 11.709 4773.1 10.021 "" "" 0.002788050381595271 0.0056483615 0.004413585 0.010061947 104.02524773694 -18.62883069455 1075.95117 -3.108 8.241 0.7105453414916991 3.1335452232360836 0.11258019 0.1265802 "" "" 16.38681264841326 "" 2.06362000050112 ""
104.01230828113 -18.27385137404 0.029 0.036 36.1309 "" "" 2933672330593421184 1003.42346 0.9657 0.046 -0.513 17.597 0.037 0.045 0.963 5130.3 4.6451 16.264372 1.16266 16.765022 15.602363 "" "" 955.682617 1050.85303 5877.57652 2.4839 2687.9 9.6784 4552.1 8.3472 "" "" 0.0027932637605597365 0.0048029977 0.004271707 0.009074705 104.01230828113 -18.27385137404 1003.42346 -0.5129999999999983 17.597 3.3055453414916993 12.489545223236085 0.10958019 0.11758019 "" "" 61.448425143340614 "" 7.193964768106585 ""
104.74792563888 -18.27853535273 0.0275 0.0345 30.495 "" "" 2933707274448335104 1079.89575 0.897 0.0441 1.876 2.98 0.035 0.041 1.02 5268.3 4.5983 16.270496 1.280965 16.82557 15.544604 "" "" 1023.28345 1149.68811 5844.51083 2.6787 2542.1 11.47 4800.8 9.7032 "" "" 0.002799896031279429 0.0056377198 0.004370279 0.010007999 104.74792563888 -18.27853535273 1079.89575 1.876 2.9799999999999978 5.694545341491699 -2.127454776763916 0.107580185 0.11358019 "" "" 31.116473735462076 "" 3.370938354014644 ""
104.27213731993 -18.07483960028 0.0277 0.0309 39.2136 "" "" 2933775272369744768 855.522522 1.1409 0.0402 1.995 23.301 0.034 0.035 0.992 4516.2 4.4365 16.273203 1.368868 16.888626 15.519758 "" "" 822.218262 883.69635 5829.95996 2.3896 2398.6 8.3078 4912.0 9.8086 "" "" 0.0027910278122527513 0.004682612 0.0043570916 0.009039704 104.27213731993 -18.07483960028 855.522522 1.9950000000000003 23.301 5.813545341491699 18.193545223236082 0.10658019 0.107580185 "" "" 77.45306891913346 "" 8.325270123262351 ""
104.74215777107 -19.05499063376 0.03 0.0363 26.5672 "" "" 2932821274237169792 1141.03479 0.8514 0.0481 -2.195 -1.039 0.037 0.041 1.009 4985.8 4.5292 16.27605 1.213315 16.807838 15.594523 "" "" 1083.02527 1202.09644 5814.68967 2.6862 2583.9 10.977 4585.1 8.5461 "" "" 0.002800601208441964 0.0053907144 0.004287078 0.009677792 104.74215777107 -19.05499063376 1141.03479 -2.1950000000000025 -1.039000000000001 1.6235453414916994 -6.146454776763916 0.10958019 0.11358019 "" "" 34.38329362294515 "" 3.8964389259127383 ""
103.96616006299 -18.8688772279 0.0287 0.0357 29.5116 "" "" 2933613987758303744 787.526489 1.2523 0.0465 4.833 -16.581 0.034 0.041 0.983 4520.8 4.508 16.276197 1.331183 16.870083 15.538899 "" "" 761.325623 814.585693 5813.90212 2.425 2440.0 8.5901 4826.1 8.8741 "" "" 0.0027922886099336222 0.004732395 0.004274275 0.00900667 103.96616006299 -18.8688772279 787.526489 4.833 -16.581000000000007 8.6515453414917 -21.688454776763916 0.10658019 0.11358019 "" "" 87.16390780125563 "" 9.818578860409648 ""
104.29888716486 -18.21163169104 0.1606 0.1988 30.9047 "" "" 2933764414693661056 908.041565 1.2218 0.2674 -3.157 -3.507 0.204 0.24 6.013 4120.8 4.6772 16.277983 1.813333 17.094273 15.280939 "" "" 741.075989 1138.00171 5804.34898 18.306 1984.8 8.2059 6120.4 8.7994 "" "" 0.004395135019604636 0.0052853287 0.004089057 0.009374386 104.29888716486 -18.21163169104 908.041565 -3.1570000000000027 -3.507000000000002 0.6615453414916992 -8.614454776763916 0.27658018 0.31258017 "" "" 37.186792237051414 "" 11.616454633082803 ""
105.00287692325 -18.53084463737 0.0367 0.0462 32.8037 "" "" 2933685181136609408 1088.68591 0.9047 0.0606 4.437 -0.351 0.048 0.059 1.24 4518.9 4.4144 16.278984 1.310971 16.843979 15.533008 "" "" 1005.0459 1167.67981 5798.99602 3.9272 2499.3 8.9576 4852.4 8.4865 "" "" 0.0028517416576631163 0.004788263 0.004229592 0.009017855 105.00287692325 -18.53084463737 1088.68591 4.437000000000006 -0.3509999999999998 8.2555453414917 -5.458454776763916 0.12058019 0.13158019 "" "" 51.071711186793635 "" 6.334400408142695 ""
104.19643622119 -18.5347215889 0.0272 0.036 17.9355 "" "" 2933651611671493248 999.192078 0.9743 0.0455 -5.869 0.713 0.034 0.04 0.934 4765.5 4.4262 16.281092 1.205772 16.786324 15.580551 "" "" 960.071228 1035.5094 5787.75334 2.3645 2635.6 17.67 4644.5 23.244 "" "" 0.002790794865589065 0.0077955904 0.0066188285 0.0144144185 104.19643622119 -18.5347215889 999.192078 -5.868999999999997 0.7129999999999992 -2.0504546585083006 -4.394454776763916 0.10658019 0.11258019 "" "" 22.96705598530931 "" 2.561542024997669 ""
103.9495667192 -19.13949375601 0.0271 0.0329 38.813 "" "" 2933553342820953984 924.154297 1.0528 0.0398 1.518 -9.471 0.034 0.039 0.942 4766.7 4.6386 16.28158 1.184981 16.799467 15.614486 "" "" 892.21228 955.547485 5785.15053 2.254 2603.9 8.0986 4501.6 8.0571 "" "" 0.0027876042561464647 0.004380419 0.004249715 0.008630134 103.9495667192 -19.13949375601 924.154297 1.517999999999999 -9.471000000000005 5.336545341491699 -14.578454776763916 0.10658019 0.11158019 "" "" 68.0049325407437 "" 7.548622830753037 ""
103.85469555551 -18.64074578545 0.0277 0.0349 34.3886 "" "" 2933655700480589312 988.648621 0.9798 0.0441 -1.963 2.64 0.035 0.044 0.995 5019.9 4.616 16.281944 1.207933 16.809946 15.602014 "" "" 948.576416 1027.95862 5783.21014 2.4104 2578.9 9.1724 4553.6 10.589 "" "" 0.0027922338760566147 0.004764177 0.0045451364 0.009309313 103.85469555551 -18.64074578545 988.648621 -1.9630000000000014 2.6399999999999997 1.8555453414916991 -2.467454776763916 0.107580185 0.11658019 "" "" 14.467658036835061 "" 1.6407991056871034 ""
104.23510636126 -18.30853108903 0.0254 0.032 26.8861 "" "" 2933761391035602688 925.025696 1.062 0.041 -0.962 -0.56 0.032 0.038 0.972 4819.1 4.6729 16.28577 1.264335 16.845545 15.58121 "" "" 889.290222 977.202759 5762.86732 2.6506 2495.7 9.5225 4641.7 8.8974 "" "" 0.0028002086206435624 0.0049946937 0.004314516 0.00930921 104.23510636126 -18.30853108903 925.025696 -0.9619999999999994 -0.56 2.8565453414916995 -5.6674547767639165 0.104580194 0.11058019 "" "" 27.827635316047854 "" 3.044101292372219 ""
104.16578849195 -18.05908010023 0.0697 0.0812 42.1126 "" "" 2933957447705104256 1077.224 0.9416 0.1011 -6.385 -1.57 0.091 0.1 2.461 5068.2 4.6671 16.28627 1.369865 16.866047 15.496182 "" "" 955.277588 1235.8407 5760.21982 8.3301 2449.1 8.2906 5019.8 7.5158 "" "" 0.0031712924441044564 0.0046144943 0.004114158 0.008728652 104.16578849195 -18.05908010023 1077.224 -6.384999999999992 -1.5699999999999992 -2.5664546585083006 -6.677454776763916 0.16358018 0.17258018 "" "" 36.526972496561285 "" 6.262487150600549 ""
103.79817805369 -18.406931285 0.0306 0.0426 41.4593 "" "" 2933851379190122368 1070.1814 0.9139 0.0501 -4.431 -1.628 0.037 0.049 0.928 4745.4 4.5386 16.292149 1.158017 16.790552 15.632535 "" "" 997.242737 1133.4635 5729.10879 2.3911 2625.4 7.9134 4427.4 6.5979 "" "" 0.0027923337347422147 0.004300571 0.0041111656 0.008411737 103.79817805369 -18.406931285 1070.1814 -4.4309999999999965 -1.6279999999999994 -0.6124546585083008 -6.735454776763916 0.10958019 0.12158018 "" "" 34.30762958270558 "" 4.16791721697902 ""
104.76567948079 -18.2118384175 0.0292 0.0359 34.4286 "" "" 2933708099081997568 942.608337 1.042 0.0479 -4.945 11.918 0.038 0.043 1.005 4782.8 4.5473 16.297295 1.233476 16.83682 15.603345 "" "" 904.244568 988.391785 5702.02374 2.5907 2515.9 10.328 4548.0 14.695 "" "" 0.002799131245975018 0.005258356 0.005156605 0.010414962 104.76567948079 -18.2118384175 942.608337 -4.945000000000002 11.918 -1.126454658508301 6.810545223236083 0.11058019 0.115580186 "" "" 30.84268139365364 "" 3.560782988081797 ""
104.75568992022 -18.58443835435 0.0283 0.0335 18.5078 "" "" 2933681264126588160 898.580627 1.0961 0.0433 1.138 14.868 0.034 0.037 1.057 4562.0 4.4695 16.298094 1.259875 16.854284 15.594409 "" "" 861.244995 952.430298 5697.82485 2.2981 2475.7 7.1695 4585.6 8.0732 "" "" 0.0027899021363097746 0.004203721 0.0042352746 0.008438995 104.75568992022 -18.58443835435 898.580627 1.1380000000000003 14.868 4.956545341491699 9.760545223236084 0.10658019 0.10958019 "" "" 46.62601430498386 "" 5.0809250670055786 ""
