Clusters/UPK_457/UPK_457_stars_in_region.tsv
# %ECSV 1.0
# ---
# datatype:
# - name: RA_ICRS_1
#   unit: deg
#   datatype: float64
#   format: '{:15.11f}'
#   description: Right ascension (ICRS) at Ep=2016.0 (ra)
#   meta: !!omap
#   - {ucd: POS_EQ_RA_MAIN}
#   - {width: 15}
#   - {precision: '11'}
# - name: DE_ICRS_1
#   unit: deg
#   datatype: float64
#   format: '{:15.11f}'
#   description: Declination (ICRS) at Ep=2016.0 (dec)
#   meta: !!omap
#   - {ucd: POS_EQ_DEC_MAIN}
#   - {width: 15}
#   - {precision: '11'}
# - name: e_RA_ICRS
#   unit: mas
#   datatype: float64
#   format: '{:7.4f}'
#   description: Standard error of right ascension (ra_error)
#   meta: !!omap
#   - {ucd: ERROR}
#   - {width: 7}
#   - {precision: '4'}
# - name: e_DE_ICRS
#   unit: mas
#   datatype: float64
#   format: '{:7.4f}'
#   description: Standard error of declination (dec_error)
#   meta: !!omap
#   - {ucd: ERROR}
#   - {width: 7}
#   - {precision: '4'}
# - name: _r_1
#   unit: ''
#   datatype: float64
#   format: '{:7.4f}'
#   description: Distance from center (104.45590600000-18.70470598000)[ICRS], at Epoch=J2016.0
#   meta: !!omap
#   - {ucd: POS_ANG_DIST_GENERAL}
#   - {width: 7}
#   - {precision: '4'}
# - name: HIP
#   datatype: int32
#   description: '? HIP cross-id number, van Leeuwen, Cat. I/311 (hip_original_ext_source_id)'
#   meta: !!omap
#   - {ucd: ID_NUMBER}
#   - {width: 6}
#   - values: {'null': -2147483648}
# - name: TYC2
#   datatype: string
#   description: Tycho-2 cross-id name, Hog et al., Cat. I/259 (tyc2_original_ext_source_id)
#   meta: !!omap
#   - {ucd: ID_CROSSID}
#   - {_votable_string_dtype: char}
# - name: Source
#   datatype: int64
#   description: Source identifier, identical to the Gaia-EDR3 source_id (id)
#   meta: !!omap
#   - {ucd: ID_MAIN}
#   - {width: 19}
# - name: rgeo
#   unit: pc
#   datatype: float64
#   format: '{:15.8f}'
#   description: '? Median of the geometric distance posterior (r_med_geo)'
#   meta: !!omap
#   - {ucd: PHYS_DISTANCE_TRUE}
#   - {width: 15}
#   - {precision: '8'}
#   - values: {'null': .nan}
# - name: Plx
#   unit: mas
#   datatype: float64
#   format: '{:9.4f}'
#   description: '? Parallax (parallax)'
#   meta: !!omap
#   - {ucd: POS_PARLX_TRIG}
#   - {width: 9}
#   - {precision: '4'}
#   - values: {'null': .nan}
# - name: e_Plx
#   unit: mas
#   datatype: float32
#   format: '{:7.4f}'
#   description: '? Standard error of parallax (parallax_error)'
#   meta: !!omap
#   - {ucd: ERROR}
#   - {width: 7}
#   - {precision: '4'}
#   - values: {'null': .nan}
# - name: pmRA
#   unit: mas / yr
#   datatype: float64
#   format: '{:9.3f}'
#   description: '? Proper motion in right ascension direction, pmRA*cosDE (pmra)'
#   meta: !!omap
#   - {ucd: POS_EQ_PMRA}
#   - {width: 9}
#   - {precision: '3'}
#   - values: {'null': .nan}
# - name: pmDE
#   unit: mas / yr
#   datatype: float64
#   format: '{:9.3f}'
#   description: '? Proper motion in declination direction (pmdec)'
#   meta: !!omap
#   - {ucd: POS_EQ_PMDEC}
#   - {width: 9}
#   - {precision: '3'}
#   - values: {'null': .nan}
# - name: e_pmRA
#   unit: mas / yr
#   datatype: float32
#   format: '{:6.3f}'
#   description: '? Standard error of proper motion in right ascension direction (pmra_error)'
#   meta: !!omap
#   - {ucd: ERROR}
#   - {width: 6}
#   - {precision: '3'}
#   - values: {'null': .nan}
# - name: e_pmDE
[...]
#         value: !astropy.table.SerializedColumn {name: SkyCoord.dec}
#       distance: !astropy.table.SerializedColumn
#         __class__: astropy.coordinates.distances.Distance
#         unit: !astropy.units.Unit {unit: pc}
#         value: !astropy.table.SerializedColumn {name: SkyCoord.distance}
#       frame: icrs
#       obstime: !astropy.time.Time {format: jyear_str, in_subfmt: '*', jd1: 367701545.0, jd2: 0.0, out_subfmt: '*', precision: 3, scale: tt}
#       pm_dec: !astropy.table.SerializedColumn
#         __class__: astropy.units.quantity.Quantity
#         unit: !astropy.units.Unit {unit: mas / yr}
#         value: !astropy.table.SerializedColumn {name: SkyCoord.pm_dec}
#       pm_ra_cosdec: !astropy.table.SerializedColumn
#         __class__: astropy.units.quantity.Quantity
#         unit: !astropy.units.Unit {unit: mas / yr}
#         value: !astropy.table.SerializedColumn {name: SkyCoord.pm_ra_cosdec}
#       ra: !astropy.table.SerializedColumn
#         __class__: astropy.coordinates.angles.Longitude
#         unit: *id001
#         value: !astropy.table.SerializedColumn {name: SkyCoord.ra}
#         wrap_angle: !astropy.coordinates.Angle
#           unit: *id001
#           value: 360.0
#       representation_type: spherical
# schema: astropy-2.0
RA_ICRS_1 DE_ICRS_1 e_RA_ICRS e_DE_ICRS _r_1 HIP TYC2 Source rgeo Plx e_Plx pmRA pmDE e_pmRA e_pmDE RUWE Teff logg Gmag BP-RP BPmag RPmag RV e_RV b_rgeo B_rgeo FG e_FG FBP e_FBP FRP e_FRP RAVE5 RAVE6 e_Gmag e_BPmag e_RPmag e_BP-RP SkyCoord.ra SkyCoord.dec SkyCoord.distance SkyCoord.pm_ra_cosdec SkyCoord.pm_dec rmRA rmDE e_rmRA e_rmDE rRV e_rRV v_pec v_pec3d e_vpec e_vpec3d
104.67260420623 -18.68974065332 0.0224 0.0268 12.3484 "" 5967-1346-1 2933677862512617728 878.608032 1.128 0.0353 1.633 -5.382 0.029 0.031 2.363 "" "" 8.800899 1.505448 9.499473 7.994024 2.31 2.91 851.500549 901.217712 5683123.72928 892.0 2165800.0 1152.5 5029800.0 2145.4 "" "" 0.0027605850652911083 0.0028493602 0.0038076497 0.00665701 104.67260420623 -18.68974065332 878.608032 1.6330000000000005 -5.381999999999997 5.451545341491699 -10.489454776763916 0.10158019 0.10358019 -27.62285714285714 5.114375 49.23186908539044 56.45174196050745 5.078666542636976 5.087239145455175
104.49138296149 -18.56415183842 0.0091 0.0111 8.6711 "" 5967-1136-1 2933695248540233856 883.227478 1.1102 0.0148 -4.208 -4.311 0.012 0.013 1.078 "" "" 9.122942 1.407975 9.764022 8.356047 18.93 0.13 870.272827 894.523682 4224446.74665 586.32 1697500.0 594.98 3603600.0 844.01 "" "" 0.002759437872962077 0.0028160024 0.003787927 0.006603929 104.49138296149 -18.56415183842 883.227478 -4.208 -4.311 -0.38945465850830097 -9.418454776763916 0.08458019 0.085580185 -11.002857142857138 2.334375 39.46403971704619 40.969174950134416 3.377272853425065 3.3130555140525355
104.63131860332 -18.19345403604 0.0177 0.0218 32.2589 33571 5967-2441-1 2933755824751724928 822.739929 1.1965 0.0279 8.163 1.842 0.023 0.026 1.005 "" "" 9.314796 -0.063497 9.280637 9.344133 -48.61 0.7 803.755859 840.666077 3540203.74861 1470.9 2649500.0 2213.4 1450500.0 1289.9 "" "" 0.002792004041785526 0.0029338961 0.0039007643 0.0068346607 104.63131860332 -18.19345403604 822.739929 8.16299999999999 1.8420000000000005 11.9815453414917 -3.265454776763916 0.09558019 0.09858019 -78.54285714285714 2.9043748 48.429740736113125 92.27361592530337 4.6391159247540985 3.4698922480814547
104.02903921017 -19.09976958307 0.038 0.0444 33.8969 "" 5971-710-1 2933559733728233344 785.07959 1.2699 0.0607 -0.836 9.736 0.048 0.057 2.934 6030.9 2.8054 9.316295 0.974113 9.492299 8.518186 45.75 0.23 749.525146 824.642151 3535319.68871 2009.3 2180200.0 2815.2 3103700.0 3618.3 "" "" 0.002823574914613177 0.0031225877 0.0039857067 0.0071082944 104.02903921017 -19.09976958307 785.07959 -0.8359999999999986 9.736 2.9825453414916994 4.628545223236085 0.12058019 0.12958018 15.817142857142862 2.4343748 20.49035674007565 25.885067654901526 2.6023924864065786 2.5409571443625625
103.64140887997 -18.66194174778 0.0093 0.0111 46.3656 "" 5954-2-1 2933635050277378816 1039.51282 0.9361 0.014 5.118 -1.647 0.011 0.013 1.08 "" "" 9.629436 1.864512 10.552389 8.687878 34.73 0.14 1025.00952 1055.61084 2649552.21164 517.88 821220.0 485.11 2654600.0 716.89 "" "" 0.002763480708644113 0.002862935 0.0037907385 0.0066536735 103.64140887997 -18.66194174778 1039.51282 5.117999999999998 -1.6470000000000007 8.9365453414917 -6.754454776763916 0.08358019 0.085580185 4.797142857142859 2.344375 55.19544474489296 55.40351703798567 4.653683613543301 4.640647983231627
103.78717338796 -18.72745915796 0.0305 0.037 38.0267 "" 5954-2241-1 2933631476865125120 771.01416 1.2872 0.0475 -5.032 4.376 0.037 0.043 3.703 4735.6 2.4524 9.919119 1.171599 10.426494 9.254894 50.06 2.77 742.244263 800.235474 2029080.38666 330.01 922190.0 323.82 1574700.0 226.13 "" "" 0.002760972913749707 0.0028160962 0.0037825964 0.0065986924 103.78717338796 -18.72745915796 771.01416 -5.031999999999998 4.3759999999999994 -1.2134546585083008 -0.7314547767639157 0.10958019 0.115580186 20.127142857142864 4.974375 5.17807443031711 20.782548794547335 0.575858399604101 4.819637201746768
104.60061318293 -18.19913290143 0.0094 0.011 31.4326 "" 5967-2460-1 2933758745335532672 1024.38 0.9534 0.0139 -2.749 4.902 0.012 0.013 1.115 4944.7 2.5189 10.159755 1.480488 10.816508 9.33602 65.94 0.13 1010.76746 1038.77039 1625716.10195 418.72 643890.0 565.68 1461300.0 606.08 "" "" 0.0027694745670107297 0.0029487102 0.0038061147 0.006754825 104.60061318293 -18.19913290143 1024.38 -2.7489999999999997 4.9020000000000055 1.069545341491699 -0.20545477676391588 0.08458019 0.085580185 36.00714285714286 2.334375 5.288191909790056 36.39339652202667 0.4474655437547903 2.310514538070561
104.04617599764 -18.10408850924 0.009 0.01 42.9276 "" 5967-2086-1 2933956348191048064 793.477356 1.2388 0.0133 3.163 -7.271 0.011 0.012 0.942 "" "" 10.214933 1.270288 10.777828 9.507541 48.89 0.13 786.178711 800.972717 1545159.11033 168.16 667250.0 201.51 1247800.0 196.62 "" "" 0.0027578526797202006 0.0028093704 0.003783252 0.0065926225 104.04617599764 -18.10408850924 793.477356 3.1630000000000003 -7.271000000000002 6.9815453414916995 -12.378454776763917 0.08358019 0.08458019 18.957142857142863 2.334375 53.450809699902635 56.71298196075858 4.508038106944079 4.319790951274325
105.16301877898 -18.99285836174 0.0221 0.0268 43.7157 "" 5971-58-1 2932902603738265088 930.778564 1.0531 0.034 0.035 0.004 0.029 0.033 1.087 9348.9 3.7886 10.388962 0.112466 10.421492 10.309026 2.68 2.31 905.524048 959.266357 1316321.95197 579.92 926450.0 370.07 596410.0 161.23 "" "" 0.0027965320939575935 0.002823675 0.003790762 0.0066144373 105.16301877898 -18.99285836174 930.778564 0.035 0.004 3.8535453414916994 -5.1034547767639165 0.10158019 0.10558019 -27.25285714285714 4.5143747 28.21370700153391 39.22666803613815 2.9383299065061297 3.7819662872511475
104.89081858565 -18.68432535953 0.0078 0.0098 24.7482 "" 5967-36-1 2933676007086621568 778.777527 1.2605 0.0121 -3.303 3.827 0.009 0.011 0.897 "" "" 10.557143 1.340774 11.160309 9.819534 62.68 0.16 770.888184 786.034241 1127430.06362 140.83 469130.0 131.55 936150.0 217.34 J065933.8-184104 20091220_0703m21_070 0.0027586559603314065 0.0028067313 0.0037877783 0.00659451 104.89081858565 -18.68432535953 778.777527 -3.303 3.827 0.5155453414916993 -1.280454776763916 0.08158019 0.08358019 32.74714285714286 2.3643749 5.095411911737607 33.141191708452496 0.42446860583639634 2.3371737860828214
105.01060153074 -19.10365563985 0.0083 0.0094 39.5522 "" "" 2932806362111852544 924.747559 1.0627 0.0122 -7.479 1.807 0.011 0.011 0.89 5197.4 2.8981 10.62111 1.092797 11.084485 9.991688 29.78 0.27 912.158142 934.723389 1062925.27812 226.94 503060.0 260.95 798880.0 353.78 J070002.6-190613 20110312_0703m21_073 0.0027650543205784773 0.0028464436 0.0038098434 0.0066562872 105.01060153074 -19.10365563985 924.747559 -7.478999999999999 1.807 -3.660454658508301 -3.300454776763916 0.08358019 0.08358019 -0.1528571428571368 2.4743748 21.60391929010732 21.604460048786077 1.8056596455948382 1.805699319266147
104.28414258505 -18.18260395207 0.0081 0.0091 32.8162 "" 5967-2424-1 2933764723930124160 984.147583 0.9917 0.0129 -5.573 1.108 0.01 0.011 0.971 4922.4 2.5947 10.624576 1.351664 11.230638 9.878974 20.51 0.2 972.631531 996.796082 1059538.12978 115.96 439710.0 144.74 886280.0 189.28 "" "" 0.0027578813083433177 0.0028129662 0.0037864882 0.006599454 104.28414258505 -18.18260395207 984.147583 -5.573 1.108 -1.7544546585083012 -3.999454776763916 0.08258019 0.08358019 -9.422857142857136 2.4043748 20.373076269676254 22.446658402192952 1.6995142778852323 1.8433943655299267
104.75456389286 -19.37219417732 0.0118 0.0137 43.4843 "" 5971-1546-1 2932795057757182592 1116.62 0.8832 0.0173 -2.709 3.056 0.015 0.016 1.004 "" "" 10.660425 0.174651 10.714882 10.540231 24.46 2.95 1097.52991 1137.45679 1025124.38139 229.21 707070.0 235.76 482020.0 136.47 "" "" 0.0027659940266321213 0.0028135576 0.0037918622 0.00660542 104.75456389286 -19.37219417732 1116.62 -2.709 3.0560000000000014 1.1095453414916991 -2.051454776763916 0.08758019 0.08858019 -5.472857142857137 5.154375 12.344273419928717 13.503083039516605 1.0906765461658734 2.314834727224315
104.88139386208 -18.9685644561 0.0138 0.0154 28.8866 "" 5971-1636-1 2932823713778733568 1069.68616 0.9208 0.0203 -1.919 1.164 0.017 0.019 1.088 "" "" 10.692301 0.07953 10.708359 10.628829 12.47 5.54 1048.30237 1094.39734 995465.78736 283.87 711330.0 342.41 444250.0 129.87 "" "" 0.002772660968742415 0.0028386964 0.0037926862 0.0066313827 104.88139386208 -18.9685644561 1069.68616 -1.919 1.164 1.8995453414916992 -3.9434547767639163 0.08958019 0.09158019 -17.46285714285714 7.7443748 22.193324443638534 28.23995448743571 2.024183846663402 5.046218784379121
104.76602629669 -18.21935450539 0.0093 0.0109 34.0521 "" 5967-198-1 2933708099083451776 909.322998 1.079 0.0143 2.624 -1.961 0.012 0.013 0.991 "" "" 10.760115 1.272459 11.325741 10.053282 37.75 0.17 895.801819 921.83075 935191.9642 108.19 402830.0 152.36 754820.0 173.49 "" "" 0.002758181700335105 0.0028202275 0.0037876116 0.006607839 104.76602629669 -18.21935450539 909.322998 2.624 -1.9610000000000012 6.4425453414917 -7.068454776763916 0.08458019 0.085580185 7.817142857142862 2.3743749 41.222519773183265 41.957166955115845 3.5091853063646403 3.4760058694959026
103.9031120724 -19.08403136446 0.0081 0.0095 38.765 "" 5958-2710-1 2933557225470672000 963.041687 1.0164 0.0122 0.28 2.077 0.01 0.011 1.02 5084.6 2.8794 10.798354 1.121242 11.27741 10.156167 30.13 0.24 951.736328 974.432312 902827.97417 489.96 421170.0 752.64 686580.0 985.58 "" "" 0.0028176184111365814 0.0033984638 0.0040881354 0.0074865995 103.9031120724 -19.08403136446 963.041687 0.2799999999999996 2.077 4.0985453414916995 -3.030454776763916 0.08258019 0.08358019 0.19714285714286106 2.4443748 23.2679146281436 23.268749782674217 1.9297252171029944 1.929767085482187
105.01260285225 -19.09997245662 0.0083 0.0099 39.5099 "" "" 2932806465191067520 1031.6571 0.9449 0.013 -2.568 0.292 0.011 0.012 0.976 4904.6 2.5103 10.819911 1.157134 11.317434 10.1603 35.05 0.23 1020.43793 1044.07898 885079.52307 202.75 405920.0 332.67 683970.0 376.08 "" "" 0.002766522874070404 0.0029286193 0.0038262415 0.0067548607 105.01260285225 -19.09997245662 1031.6571 -2.5679999999999983 0.2920000000000004 1.2505453414916992 -4.815454776763916 0.08358019 0.08458019 5.117142857142859 2.4343748 24.328927828719454 24.861252589430165 2.056216761444264 2.073636888303429
104.63835286839 -18.37294273141 0.0155 0.0178 22.449 "" 5967-796-1 2933704937987574016 805.05365 1.2124 0.0226 3.39 -12.647 0.02 0.022 1.01 "" "" 10.90324 0.345477 11.019306 10.673829 0.05 1.04 794.284729 816.239807 819692.1218 942.12 534190.0 1922.0 426210.0 948.68 "" "" 0.003024738605035372 0.00480056 0.0044859895 0.009286549 104.63835286839 -18.37294273141 805.05365 3.389999999999997 -12.647 7.2085453414917 -17.754454776763914 0.092580184 0.09458019 -29.882857142857137 3.2443748 73.12147028807114 78.99199053138032 6.895334795797307 6.499819769962216
104.8619522242 -18.94265783642 0.0097 0.0108 27.1217 "" 5971-1796-1 2932824018711092736 1100.2832 0.8885 0.0141 -4.378 9.004 0.013 0.013 1.076 "" "" 10.947862 1.539065 11.66429 10.125225 43.97 0.19 1084.84033 1122.3822 786687.31644 168.09 294920.0 151.59 706430.0 169.59 "" "" 0.0027650691611466813 0.0028454338 0.003788359 0.006633793 104.8619522242 -18.94265783642 1100.2832 -4.377999999999996 9.004000000000003 -0.5594546585083009 3.8965452232360835 0.085580185 0.085580185 14.037142857142861 2.3943748 20.530209766520787 24.870281314234912 1.7569791510518602 1.9824006639157845
103.90320699071 -18.80751346997 0.0093 0.0107 32.001 "" 5958-2732-1 2933618106626184448 1040.25305 0.9388 0.0146 -1.7 -7.912 0.011 0.013 1.01 4996.2 2.7759 10.997473 1.307356 11.577999 10.270643 41.14 0.21 1023.91266 1053.84326 751549.54379 136.68 319310.0 115.29 617880.0 183.09 "" "" 0.00276238637916694 0.0028175742 0.0037930508 0.006610625 103.90320699071 -18.80751346997 1040.25305 -1.6999999999999982 -7.911999999999997 2.118545341491699 -13.019454776763915 0.08358019 0.085580185 11.207142857142863 2.4143748 65.04067220419675 65.99915978097131 5.562875505061723 5.497396176219691
104.1918319745 -18.65021642998 0.0102 0.0116 15.3619 "" 5967-840-1 2933641028872150912 930.813171 1.0527 0.0156 1.868 -5.005 0.013 0.014 1.026 4674.4 2.4992 11.012669 1.285008 11.58146 10.296452 17.98 0.19 918.389221 942.401489 741104.05807 136.84 318300.0 168.49 603360.0 153.35 "" "" 0.002762603707963088 0.002848747 0.0037894428 0.00663819 104.1918319745 -18.65021642998 930.813171 1.8680000000000003 -5.004999999999996 5.6865453414916995 -10.112454776763915 0.085580185 0.08658019 -11.952857142857138 2.3943748 51.18716011596824 52.564209825843676 4.419550455824737 4.338073093529481
103.69144156704 -18.72164914259 0.0106 0.0127 43.455 "" 5954-2370-1 2933630927108779776 1054.90027 0.92 0.0157 -3.118 1.801 0.013 0.015 0.995 "" "" 11.067193 0.627113 11.292844 10.66573 36.6 14.43 1035.6593 1071.84412 704805.74804 701.1 415220.0 807.95 429400.0 1423.4 "" "" 0.002959433868097672 0.0034997715 0.005218905 0.008718677 103.69144156704 -18.72164914259 1054.90027 -3.118 1.8010000000000008 0.7005453414916993 -3.306454776763916 0.085580185 0.08758019 6.6671428571428635 16.634375 16.900033663971232 18.1676066591313 1.478671931760628 6.257528200675862
104.66724473755 -19.10887467159 0.011 0.0128 27.0551 "" 5971-684-1 2932815089485348096 848.449524 1.1576 0.0173 -3.683 -0.64 0.014 0.015 1.137 "" "" 11.093972 1.22946 11.633199 10.403739 70.28 0.3 835.727356 861.093567 687634.68277 156.11 303490.0 150.0 546590.0 131.92 "" "" 0.0027663235809781074 0.0028413052 0.0037884554 0.0066297604 104.66724473755 -19.10887467159 848.449524 -3.683 -0.6399999999999999 0.1355453414916994 -5.747454776763916 0.08658019 0.08758019 40.34714285714286 2.5043747 23.120682767511664 46.502235520140374 2.0249009902190798 2.3947964239386486
104.08223616247 -18.09059292578 0.0143 0.0163 42.5473 "" 5967-1962-1 2933956279471642880 807.631165 1.2092 0.0216 -2.045 1.242 0.018 0.019 1.184 7588.1 3.8054 11.136188 0.449811 11.29934 10.849529 7.8 2.4 793.739014 820.492615 661411.41427 328.2 412740.0 535.63 362530.0 319.96 "" "" 0.002807498213464627 0.0031257549 0.003898969 0.007024724 104.08223616247 -18.09059292578 807.631165 -2.045 1.242 1.7735453414916993 -3.865454776763916 0.09058019 0.09158019 -22.132857142857137 4.604375 16.280851904688152 27.47598049294165 1.488184966766574 3.812370903517359
104.24331197831 -19.41995862828 0.0097 0.0118 44.5764 "" "" 2932782756970183808 1123.39331 0.8718 0.0149 -1.048 11.392 0.012 0.016 0.943 "" "" 11.197676 1.369764 11.813362 10.443598 31.91 0.3 1103.00061 1140.61157 624994.87182 150.8 257080.0 117.59 526890.0 175.48 "" "" 0.0027677458231398794 0.0028340223 0.0037966412 0.0066306638 104.24331197831 -19.41995862828 1123.39331 -1.0480000000000014 11.392 2.770545341491699 6.2845452232360834 0.08458019 0.08858019 1.9771428571428622 2.5043747 36.572082994309575 36.625487688496634 3.2162107930819777 3.214365438450242
104.97326919221 -18.42733540882 0.0127 0.0148 33.8063 "" "" 2933689373024636800 783.493652 1.2399 0.0206 -4.565 4.541 0.016 0.019 0.981 "" "" 11.208665 0.481148 11.38347 10.902322 48.79 1.9 770.499878 794.599365 618701.1286 219.1 381970.0 172.45 345330.0 100.87 "" "" 0.0027820176959898538 0.002832901 0.0037926647 0.0066255657 104.97326919221 -18.42733540882 783.493652 -4.565000000000006 4.541 -0.7464546585083012 -0.5664547767639156 0.08858019 0.09158019 18.85714285714286 4.104375 3.4799844090453806 19.175560701629898 0.31211324038111055 4.0366175275447285
104.56206305537 -19.01005088255 0.0194 0.0229 19.2868 "" 5971-200-1 2933570282171637248 828.204224 1.1723 0.0292 -3.706 3.383 0.024 0.026 1.404 9985.6 4.2275 11.222487 0.220188 11.298614 11.078425 27.33 8.62 809.11969 851.092163 610874.85411 348.06 413020.0 320.34 293620.0 320.16 "" "" 0.002823912892925528 0.002914478 0.0039604655 0.0068749436 104.56206305537 -19.01005088255 828.204224 -3.7059999999999986 3.383 0.11254534149169926 -1.724454776763916 0.09658019 0.09858019 -2.6028571428571396 10.824375 6.7840736101978045 7.266259013736347 0.6687182930033844 3.927359307244852
