Clusters/UBC_386/UBC_386_stars_in_region.tsv
# %ECSV 1.0
# ---
# datatype:
# - name: RA_ICRS_1
#   unit: deg
#   datatype: float64
#   format: '{:15.11f}'
#   description: Right ascension (ICRS) at Ep=2016.0 (ra)
#   meta: !!omap
#   - {ucd: POS_EQ_RA_MAIN}
#   - {width: 15}
#   - {precision: '11'}
# - name: DE_ICRS_1
#   unit: deg
#   datatype: float64
#   format: '{:15.11f}'
#   description: Declination (ICRS) at Ep=2016.0 (dec)
#   meta: !!omap
#   - {ucd: POS_EQ_DEC_MAIN}
#   - {width: 15}
#   - {precision: '11'}
# - name: e_RA_ICRS
#   unit: mas
#   datatype: float64
#   format: '{:7.4f}'
#   description: Standard error of right ascension (ra_error)
#   meta: !!omap
#   - {ucd: ERROR}
#   - {width: 7}
#   - {precision: '4'}
# - name: e_DE_ICRS
#   unit: mas
#   datatype: float64
#   format: '{:7.4f}'
#   description: Standard error of declination (dec_error)
#   meta: !!omap
#   - {ucd: ERROR}
#   - {width: 7}
#   - {precision: '4'}
# - name: _r_1
#   unit: ''
#   datatype: float64
#   format: '{:7.4f}'
#   description: Distance from center (319.76391122000+61.94360550000)[ICRS], at Epoch=J2016.0
#   meta: !!omap
#   - {ucd: POS_ANG_DIST_GENERAL}
#   - {width: 7}
#   - {precision: '4'}
# - name: HIP
#   datatype: int32
#   description: '? HIP cross-id number, van Leeuwen, Cat. I/311 (hip_original_ext_source_id)'
#   meta: !!omap
#   - {ucd: ID_NUMBER}
#   - {width: 6}
#   - values: {'null': -2147483648}
# - name: TYC2
#   datatype: string
#   description: Tycho-2 cross-id name, Hog et al., Cat. I/259 (tyc2_original_ext_source_id)
#   meta: !!omap
#   - {ucd: ID_CROSSID}
#   - {_votable_string_dtype: char}
# - name: Source
#   datatype: int64
#   description: Source identifier, identical to the Gaia-EDR3 source_id (id)
#   meta: !!omap
#   - {ucd: ID_MAIN}
#   - {width: 19}
# - name: rgeo
#   unit: pc
#   datatype: float64
#   format: '{:15.8f}'
#   description: '? Median of the geometric distance posterior (r_med_geo)'
#   meta: !!omap
#   - {ucd: PHYS_DISTANCE_TRUE}
#   - {width: 15}
#   - {precision: '8'}
#   - values: {'null': .nan}
# - name: Plx
#   unit: mas
#   datatype: float64
#   format: '{:9.4f}'
#   description: '? Parallax (parallax)'
#   meta: !!omap
#   - {ucd: POS_PARLX_TRIG}
#   - {width: 9}
#   - {precision: '4'}
#   - values: {'null': .nan}
# - name: e_Plx
#   unit: mas
#   datatype: float32
#   format: '{:7.4f}'
#   description: '? Standard error of parallax (parallax_error)'
#   meta: !!omap
#   - {ucd: ERROR}
#   - {width: 7}
#   - {precision: '4'}
#   - values: {'null': .nan}
# - name: pmRA
#   unit: mas / yr
#   datatype: float64
#   format: '{:9.3f}'
#   description: '? Proper motion in right ascension direction, pmRA*cosDE (pmra)'
#   meta: !!omap
#   - {ucd: POS_EQ_PMRA}
#   - {width: 9}
#   - {precision: '3'}
#   - values: {'null': .nan}
# - name: pmDE
#   unit: mas / yr
#   datatype: float64
#   format: '{:9.3f}'
#   description: '? Proper motion in declination direction (pmdec)'
#   meta: !!omap
#   - {ucd: POS_EQ_PMDEC}
#   - {width: 9}
#   - {precision: '3'}
#   - values: {'null': .nan}
# - name: e_pmRA
#   unit: mas / yr
#   datatype: float32
#   format: '{:6.3f}'
#   description: '? Standard error of proper motion in right ascension direction (pmra_error)'
#   meta: !!omap
#   - {ucd: ERROR}
#   - {width: 6}
#   - {precision: '3'}
#   - values: {'null': .nan}
# - name: e_pmDE
[...]
#         value: !astropy.table.SerializedColumn {name: SkyCoord.dec}
#       distance: !astropy.table.SerializedColumn
#         __class__: astropy.coordinates.distances.Distance
#         unit: !astropy.units.Unit {unit: pc}
#         value: !astropy.table.SerializedColumn {name: SkyCoord.distance}
#       frame: icrs
#       obstime: !astropy.time.Time {format: jyear_str, in_subfmt: '*', jd1: 367701545.0, jd2: 0.0, out_subfmt: '*', precision: 3, scale: tt}
#       pm_dec: !astropy.table.SerializedColumn
#         __class__: astropy.units.quantity.Quantity
#         unit: !astropy.units.Unit {unit: mas / yr}
#         value: !astropy.table.SerializedColumn {name: SkyCoord.pm_dec}
#       pm_ra_cosdec: !astropy.table.SerializedColumn
#         __class__: astropy.units.quantity.Quantity
#         unit: !astropy.units.Unit {unit: mas / yr}
#         value: !astropy.table.SerializedColumn {name: SkyCoord.pm_ra_cosdec}
#       ra: !astropy.table.SerializedColumn
#         __class__: astropy.coordinates.angles.Longitude
#         unit: *id001
#         value: !astropy.table.SerializedColumn {name: SkyCoord.ra}
#         wrap_angle: !astropy.coordinates.Angle
#           unit: *id001
#           value: 360.0
#       representation_type: spherical
# schema: astropy-2.0
RA_ICRS_1 DE_ICRS_1 e_RA_ICRS e_DE_ICRS _r_1 HIP TYC2 Source rgeo Plx e_Plx pmRA pmDE e_pmRA e_pmDE RUWE Teff logg Gmag BP-RP BPmag RPmag RV e_RV b_rgeo B_rgeo FG e_FG FBP e_FBP FRP e_FRP RAVE5 RAVE6 e_Gmag e_BPmag e_RPmag e_BP-RP SkyCoord.ra SkyCoord.dec SkyCoord.distance SkyCoord.pm_ra_cosdec SkyCoord.pm_dec rmRA rmDE e_rmRA e_rmDE rRV e_rRV v_pec v_pec3d e_vpec e_vpec3d
[from data line 410]
320.46074198561 62.17136183215 0.0196 0.0196 23.8864 "" "" 2192931754978035712 1244.78345 0.7805 0.0215 -0.432 -3.381 0.028 0.024 1.016 5576.4 4.1897 15.274001 1.248462 15.799989 14.551527 "" "" 1216.74451 1277.8446 14633.43434 3.9967 6537.6 11.138 11982.0 17.909 "" "" 0.0027712314732842394 0.00334763 0.0041130553 0.0074606854 320.46074198561 62.17136183215 1244.78345 -0.4319999999999997 -3.3810000000000002 3.0417083911895753 0.14154176139831565 0.15905389 0.1550539 "" "" 17.966332007065603 "" 2.8574616980478478 ""
319.3313852064 61.70765781209 0.0226 0.0204 18.7231 "" "" 2192821430159493376 1073.77856 0.9062 0.0227 -5.201 -6.667 0.036 0.028 1.058 6231.8 4.295 15.280533 1.408744 15.914283 14.505539 "" "" 1050.58875 1097.71655 14545.66017 3.9372 5884.4 11.686 12501.0 10.717 "" "" 0.0027709489633845124 0.0035262196 0.0038923132 0.007418533 319.3313852064 61.70765781209 1073.77856 -5.200999999999999 -6.667000000000001 -1.7272916088104244 -3.1444582386016844 0.1670539 0.15905389 "" "" 18.260043666207252 "" 2.93883904120783 ""
318.89002133793 61.82778736287 0.0196 0.0211 25.6667 "" "" 2193024942885916928 999.876282 0.9735 0.0223 0.217 -2.654 0.028 0.026 1.036 5765.1 4.0492 15.281611 1.500055 15.973202 14.473146 "" "" 979.559326 1025.22388 14531.22343 3.3817 5573.6 12.64 12880.0 15.553 "" "" 0.0027668813793678675 0.0037212658 0.0040003257 0.0077215917 318.89002133793 61.82778736287 999.876282 0.21699999999999986 -2.654 3.6907083911895753 0.8685417613983155 0.15905389 0.15705389 "" "" 17.9696246828819 "" 2.8562640673978934 ""
319.72261497052 62.35846037931 0.0221 0.019 24.9182 "" "" 2193133141703522304 1279.97021 0.7564 0.0229 -3.099 -1.66 0.029 0.023 1.079 5245.4 4.1613 15.283709 1.346735 15.878653 14.531918 "" "" 1243.90796 1318.18774 14503.18477 4.9575 6080.7 12.453 12201.0 16.553 "" "" 0.0027802023923073917 0.0035677967 0.0040562893 0.007624086 319.72261497052 62.35846037931 1279.97021 -3.0989999999999998 -1.6599999999999993 0.374708391189575 1.8625417613983155 0.1600539 0.1540539 "" "" 11.52656259731283 "" 1.7784524192306603 ""
320.90278743605 62.07128363244 0.0192 0.0218 32.9741 "" "" 2192938287629751680 1055.5321 0.9229 0.0231 -15.855 -12.081 0.028 0.028 1.03 6136.7 4.2178 15.285278 1.291446 15.851441 14.559996 "" "" 1026.995 1084.70972 14482.22531 3.8886 6235.1 10.291 11889.0 10.839 "" "" 0.0027707000512812315 0.0033160697 0.003906856 0.0072229253 320.90278743605 62.07128363244 1055.5321 -15.854999999999999 -12.081 -12.381291608810425 -8.558458238601684 0.15905389 0.15905389 "" "" 75.3053229756737 "" 11.977604699856652 ""
319.9364536005 61.98810994094 0.0214 0.0188 5.5502 "" "" 2192924990410488832 1364.78137 0.705 0.0217 -3.992 -10.731 0.03 0.024 0.994 7121.8 4.0195 15.286988 1.458753 15.947952 14.4892 "" "" 1322.55408 1400.95996 14459.43451 3.9017 5704.7 10.135 12690.0 13.438 "" "" 0.0027708522668919446 0.0033920198 0.003950394 0.007342414 319.9364536005 61.98810994094 1364.78137 -3.991999999999999 -10.730999999999998 -0.5182916088104248 -7.208458238601684 0.1610539 0.1550539 "" "" 46.75235627105408 "" 7.250605586466442 ""
320.31262513279 61.4160001562 0.0254 0.0217 35.2993 "" "" 2192755459461017600 1287.31104 0.7518 0.0239 -6.468 -7.974 0.032 0.027 0.99 5701.6 3.9424 15.290318 1.434873 15.938693 14.50382 "" "" 1240.66956 1324.38696 14415.15716 3.6617 5753.6 10.892 12521.0 11.527 "" "" 0.0027690887919452688 0.0034654925 0.003909324 0.0073748166 320.31262513279 61.4160001562 1287.31104 -6.468000000000002 -7.973999999999998 -2.9942916088104248 -4.451458238601685 0.1630539 0.15805389 "" "" 32.7353325470502 "" 5.225484223971303 ""
318.62459464137 62.25152073122 0.0258 0.0245 36.9407 "" "" 2193085381665955712 1260.99426 0.7556 0.0285 -2.4 3.847 0.037 0.028 1.043 6276.3 4.1612 15.293534 1.527412 15.996818 14.469405 "" "" 1220.64673 1300.09448 14372.5222 4.1569 5453.7 10.948 12924.0 16.086 "" "" 0.0027731569717068926 0.0035405518 0.0040137186 0.0075542703 318.62459464137 62.25152073122 1260.99426 -2.4000000000000004 3.8470000000000004 1.0737083911895753 7.369541761398315 0.1680539 0.15905389 "" "" 44.51364030413069 "" 7.088625478129924 ""
320.14341439595 62.46123934789 0.024 0.0206 32.823 "" "" 2193129533931284096 997.686707 0.9853 0.0238 -2.966 -8.801 0.033 0.027 1.033 4847.3 4.2442 15.293846 1.13415 15.777359 14.643209 "" "" 974.253662 1021.91473 14368.40232 3.9146 6675.3 17.594 11012.0 9.9494 "" "" 0.0027711530223794487 0.003996767 0.003904616 0.007901384 320.14341439595 62.46123934789 997.686707 -2.9659999999999997 -8.801 0.507708391189575 -5.278458238601685 0.16405389 0.15805389 "" "" 25.077216531722236 "" 3.9649568082114084 ""
320.59075203025 61.90785543732 0.0202 0.0219 23.4456 "" "" 2192912002429500160 940.675476 1.0358 0.0233 2.102 -3.098 0.031 0.025 1.009 5627.8 4.3807 15.299977 1.233981 15.834393 14.600411 "" "" 927.06488 960.83075 14287.48169 8.1654 6333.7 21.123 11455.0 26.26 "" "" 0.0028243259830558498 0.004571249 0.004525353 0.009096602 320.59075203025 61.90785543732 940.675476 2.1019999999999994 -3.0979999999999994 5.5757083911895755 0.42454176139831556 0.1620539 0.1560539 "" "" 24.932939974909146 "" 4.0396336926416465 ""
319.35476503955 61.70967384137 0.0226 0.0204 18.2028 "" "" 2192821808116671744 1237.68347 0.787 0.0227 5.303 -3.661 0.034 0.028 0.932 5213.7 4.1241 15.305526 1.574693 16.03596 14.461267 "" "" 1203.14722 1269.08862 14214.66159 4.1923 5260.6 8.5472 13021.0 12.627 "" "" 0.002773864870089413 0.0033010526 0.003923301 0.007224354 319.35476503955 61.70967384137 1237.68347 5.303000000000006 -3.6610000000000014 8.776708391189576 -0.1384582386016846 0.1650539 0.15905389 "" "" 51.49601662714307 "" 8.499543108421523 ""
319.07831622494 61.61308129288 0.0202 0.0212 27.7789 "" "" 2193007041462163584 1032.27063 0.9463 0.0239 13.768 -1.588 0.031 0.03 0.974 6375.9 4.2502 15.306961 1.368167 15.915943 14.547776 "" "" 1008.01257 1058.61157 14195.87458 4.2165 5875.4 11.669 12024.0 13.75 "" "" 0.00277412837404993 0.0035263181 0.003978099 0.0075044176 319.07831622494 61.61308129288 1032.27063 13.768000000000011 -1.5880000000000032 17.241708391189576 1.9345417613983154 0.1620539 0.1610539 "" "" 84.8924051826453 "" 13.756092948239656 ""
320.37255790295 61.95489886903 0.0249 0.0225 17.1864 "" "" 2192915850720176128 1233.02222 0.7847 0.0257 -4.493 -3.493 0.038 0.028 1.175 5814.5 4.0517 15.307963 1.328197 15.896554 14.568357 "" "" 1190.24658 1277.56873 14182.78252 3.6097 5981.3 15.418 11798.0 11.009 "" "" 0.0027691424230875407 0.003951934 0.003912819 0.007864753 320.37255790295 61.95489886903 1233.02222 -4.493 -3.4929999999999994 -1.0192916088104251 0.029541761398315547 0.1690539 0.15905389 "" "" 5.959777129911705 "" 1.007475009110789 ""
320.47968240298 62.44998546578 0.0219 0.0215 36.3916 "" "" 2193149256421278720 1178.14319 0.8208 0.0235 -5.23 -6.224 0.029 0.024 0.981 5567.5 4.1972 15.311648 1.265368 15.864126 14.598758 "" "" 1145.7406 1211.06628 14134.72098 3.6772 6162.6 13.864 11472.0 12.47 "" "" 0.002769760294377013 0.0037082674 0.0039593657 0.007667633 320.47968240298 62.44998546578 1178.14319 -5.229999999999999 -6.224 -1.7562916088104252 -2.7014582386016848 0.1600539 0.1550539 "" "" 17.993931697658752 "" 2.817058727711923 ""
319.46746312958 61.90840199443 0.0215 0.0213 8.6331 "" "" 2193017418103522432 936.66217 1.0439 0.023 4.127 -2.608 0.029 0.026 1.106 5397.8 4.3408 15.312045 1.297975 15.885152 14.587176 "" "" 916.971497 958.027893 14129.5608 3.5611 6044.4 11.506 11595.0 10.732 "" "" 0.0027688749216686305 0.0034722688 0.003910704 0.007382973 319.46746312958 61.90840199443 936.66217 4.127 -2.6079999999999997 7.600708391189575 0.9145417613983153 0.1600539 0.15705389 "" "" 33.98886330117831 "" 5.438608193062081 ""
319.98805547087 61.83521739017 0.0225 0.0205 9.08 "" "" 2192920008248382848 1094.60474 0.8863 0.0237 10.157 -1.132 0.032 0.026 1.024 5604.3 4.2903 15.314303 1.317634 15.895566 14.577932 "" "" 1063.22046 1124.97778 14100.20073 3.6318 5986.7 8.6479 11695.0 12.441 "" "" 0.00276947571274898 0.0032007531 0.003951928 0.0071526812 319.98805547087 61.83521739017 1094.60474 10.157 -1.132000000000001 13.630708391189575 2.3905417613983158 0.1630539 0.15705389 "" "" 71.80131795678014 "" 11.69485928963209 ""
319.86804772231 61.58356879112 0.0221 0.0215 21.8035 "" "" 2192809747848539904 1194.27356 0.8175 0.0227 -3.631 -4.727 0.031 0.028 0.96 5133.7 4.1176 15.315685 1.534952 16.027557 14.492605 "" "" 1161.52759 1223.68738 14082.26575 4.4537 5301.4 9.8711 12651.0 13.668 "" "" 0.00277663429302049 0.0034455757 0.0039572334 0.0074028093 319.86804772231 61.58356879112 1194.27356 -3.6310000000000002 -4.727 -0.1572916088104246 -1.2044582386016849 0.1620539 0.15905389 "" "" 6.876159203021374 "" 1.0940289898014492 ""
320.76438462325 61.70982752964 0.0236 0.0224 31.6224 "" "" 2192861837210508672 1343.33057 0.7204 0.0259 0.822 4.342 0.032 0.028 1.087 6443.3 4.1568 15.319328 1.45373 15.977952 14.524222 "" "" 1296.60718 1394.90601 14035.09605 4.1197 5549.3 12.991 12288.0 8.7915 "" "" 0.002773689879957103 0.0037743102 0.0038583851 0.007632695 320.76438462325 61.70982752964 1343.33057 0.8220000000000027 4.342 4.295708391189575 7.864541761398315 0.1630539 0.15905389 "" "" 57.05979068664626 "" 9.128534048721942 ""
318.72027972938 61.78945409544 0.0246 0.0262 30.9404 "" "" 2193001921861125248 1131.46521 0.8559 0.0267 -0.32 -6.367 0.036 0.034 1.259 6431.6 4.1911 15.321832 1.460862 15.979393 14.518531 "" "" 1103.17175 1169.17871 14002.76775 4.3906 5541.9 11.788 12352.0 10.56 "" "" 0.002776271863274852 0.0036219524 0.0038916988 0.007513651 318.72027972938 61.78945409544 1131.46521 -0.32000000000000073 -6.367 3.1537083911895754 -2.8444582386016846 0.1670539 0.1650539 "" "" 22.777157434823025 "" 3.784646031566172 ""
319.57049278286 62.45180585466 0.0232 0.0229 30.9687 "" "" 2193138261306351232 1348.54321 0.7137 0.0254 -3.125 -4.084 0.032 0.027 0.985 6961.9 4.0358 15.339 1.296563 15.90515 14.608587 "" "" 1309.3103 1396.93079 13783.09305 4.301 5934.1 10.594 11369.0 11.522 "" "" 0.002776072184532792 0.0033973814 0.0039363042 0.0073336856 319.57049278286 62.45180585466 1348.54321 -3.124999999999998 -4.083999999999995 0.3487083911895752 -0.5614582386016842 0.1630539 0.15805389 "" "" 4.224748652614026 "" 0.6736845394657811 ""
320.3417559391 62.40882586164 0.0234 0.0211 32.2647 "" "" 2193148672305579136 1123.50195 0.8685 0.0231 -4.199 -1.705 0.03 0.027 1.012 5764.9 4.2512 15.341608 1.272451 15.900507 14.628056 "" "" 1098.66858 1150.95789 13750.03107 3.4607 5959.6 8.5272 11167.0 11.745 "" "" 0.0027688379081172105 0.003193499 0.003948131 0.00714163 320.3417559391 62.40882586164 1123.50195 -4.198999999999997 -1.7049999999999992 -0.7252916088104246 1.8175417613983154 0.1610539 0.15805389 "" "" 10.421339583576092 "" 1.6514629809848762 ""
319.23530058869 61.44325550477 0.0215 0.0211 33.5773 "" "" 2192791124869992576 1159.33484 0.8318 0.0244 -2.094 -14.415 0.03 0.027 1.096 5584.3 4.1837 15.342092 1.367861 15.953202 14.585341 "" "" 1127.28027 1198.51917 13743.89824 3.7041 5677.2 12.666 11615.0 12.856 "" "" 0.002770814524101975 0.0036949466 0.0039658425 0.0076607894 319.23530058869 61.44325550477 1159.33484 -2.094000000000003 -14.414999999999987 1.3797083911895753 -10.892458238601684 0.1610539 0.15805389 "" "" 60.33502131508932 "" 9.539069764087207 ""
318.62160970622 62.07100118745 0.0655 0.0555 33.0641 "" "" 2193078131761083136 1124.42163 0.8725 0.0596 -2.359 -5.384 0.08 0.06 2.151 6015.8 4.3542 15.342545 1.395738 15.897064 14.501327 "" "" 1046.82642 1185.52832 13738.16967 17.328 5978.5 14.958 12550.0 12.114 "" "" 0.003076875437068224 0.0038941342 0.0039219977 0.007816132 318.62160970622 62.07100118745 1124.42163 -2.359 -5.384 1.1147083911895752 -1.861458238601685 0.2110539 0.1910539 "" "" 11.56398135029419 "" 2.272677581875609 ""
319.2242283938 62.11452942084 0.024 0.0208 18.3256 "" "" 2193036487758395648 1186.97961 0.8118 0.0235 -3.27 -3.026 0.035 0.028 1.098 "" "" 15.344823 1.882874 16.273666 14.390793 -53.28 6.06 1153.52539 1230.20483 13709.37642 4.6472 4226.2 11.536 13894.0 11.587 "" "" 0.002779792203406342 0.004070427 0.0038863325 0.007956759 319.2242283938 62.11452942084 1186.97961 -3.27 -3.0259999999999976 0.20370839118957518 0.49654176139831563 0.16605389 0.15905389 -23.318571428571428 8.013461 3.0196469234818717 23.513273719579782 0.48338869450615585 7.9473478905359265
320.04560696538 62.27409639226 0.0222 0.0192 21.3476 "" "" 2193123074300219648 1102.26465 0.8769 0.0215 -4.181 -3.769 0.029 0.024 0.94 5762.0 4.3662 15.348556 1.139587 15.833321 14.693733 "" "" 1069.71948 1134.44165 13662.31802 3.8028 6340.0 11.987 10512.0 9.376 "" "" 0.002771843792201672 0.0034639593 0.0039014784 0.0073654377 320.04560696538 62.27409639226 1102.26465 -4.1809999999999965 -3.769 -0.7072916088104249 -0.2464582386016847 0.1600539 0.1550539 "" "" 3.9133333623393396 "" 0.6242553046745128 ""
320.64894691653 62.4107155686 0.022 0.0215 37.413 "" "" 2192961755331136640 1092.60303 0.8871 0.0231 10.196 7.791 0.029 0.027 1.029 5658.7 4.2797 15.348844 1.280589 15.913142 14.632553 "" "" 1071.10571 1118.06201 13658.69573 3.2473 5890.6 11.206 11121.0 16.409 "" "" 0.002767385081159363 0.0034714758 0.0041048913 0.007576367 320.64894691653 62.4107155686 1092.60303 10.196000000000002 7.791 13.669708391189575 11.313541761398316 0.1600539 0.15805389 "" "" 91.89619412462095 "" 14.6339064410941 ""
319.86583652314 61.32596407077 0.0314 0.0275 37.1722 "" "" 2192751439371470720 930.086548 1.0584 0.0332 -1.29 -5.339 0.043 0.034 1.695 5884.5 4.3789 15.349612 1.340233 15.907485 14.567252 "" "" 899.83905 953.221252 13649.03631 8.0698 5921.4 16.59 11810.0 28.5 "" "" 0.0028291091606360685 0.004127743 0.004598771 0.008726515 319.86583652314 61.32596407077 930.086548 -1.2899999999999983 -5.338999999999997 2.183708391189575 -1.816458238601685 0.17405389 0.1650539 "" "" 12.522395561159303 "" 2.1342008602968345 ""
319.35903323947 61.4608005489 0.0206 0.0206 31.1733 "" "" 2192813733578007296 961.741821 1.0191 0.0231 -5.18 -4.112 0.03 0.028 1.052 5784.7 4.2853 15.35072 1.427042 15.988181 14.561139 "" "" 941.556335 985.135498 13635.11012 5.2265 5497.2 10.929 11877.0 19.938 "" "" 0.0027865734395307326 0.0035276634 0.0041959165 0.00772358 319.35903323947 61.4608005489 961.741821 -5.180000000000001 -4.112 -1.7062916088104245 -0.5894582386016847 0.1610539 0.15905389 "" "" 8.22946934783452 "" 1.3236430020387813 ""
318.63328242358 62.02109173174 0.0269 0.0261 32.2033 "" "" 2193077753803862656 1327.19165 0.7274 0.03 0.804 -4.642 0.036 0.029 1.145 5643.9 3.7844 15.352886 1.585587 16.0922 14.506612 "" "" 1273.93396 1390.72815 13607.93472 4.8352 4995.0 10.872 12489.0 13.733 "" "" 0.002782197021110014 0.0036564607 0.003963469 0.0076199295 318.63328242358 62.02109173174 1327.19165 0.8039999999999998 -4.642000000000003 4.2777083911895755 -1.119458238601685 0.1670539 0.1600539 "" "" 27.81680897847005 "" 4.634671155547732 ""
320.82232913746 62.25817431518 0.0213 0.0228 35.2019 "" "" 2192956223413223168 1156.27417 0.8436 0.0237 -5.879 -9.341 0.033 0.028 1.005 5935.2 4.1996 15.363959 1.278746 15.923818 14.645072 "" "" 1121.55713 1189.79126 13469.85617 3.9056 5833.0 13.177 10993.0 11.037 "" "" 0.002773246295790151 0.0037149575 0.003933447 0.0076484047 320.82232913746 62.25817431518 1156.27417 -5.879000000000002 -9.341000000000001 -2.4052916088104244 -5.818458238601684 0.16405389 0.15905389 "" "" 34.506852953630286 "" 5.513967030361832 ""
