Clusters/UBC_386/UBC_386_stars_in_region.tsv
# %ECSV 1.0
# ---
# datatype:
# - name: RA_ICRS_1
#   unit: deg
#   datatype: float64
#   format: '{:15.11f}'
#   description: Right ascension (ICRS) at Ep=2016.0 (ra)
#   meta: !!omap
#   - {ucd: POS_EQ_RA_MAIN}
#   - {width: 15}
#   - {precision: '11'}
# - name: DE_ICRS_1
#   unit: deg
#   datatype: float64
#   format: '{:15.11f}'
#   description: Declination (ICRS) at Ep=2016.0 (dec)
#   meta: !!omap
#   - {ucd: POS_EQ_DEC_MAIN}
#   - {width: 15}
#   - {precision: '11'}
# - name: e_RA_ICRS
#   unit: mas
#   datatype: float64
#   format: '{:7.4f}'
#   description: Standard error of right ascension (ra_error)
#   meta: !!omap
#   - {ucd: ERROR}
#   - {width: 7}
#   - {precision: '4'}
# - name: e_DE_ICRS
#   unit: mas
#   datatype: float64
#   format: '{:7.4f}'
#   description: Standard error of declination (dec_error)
#   meta: !!omap
#   - {ucd: ERROR}
#   - {width: 7}
#   - {precision: '4'}
# - name: _r_1
#   unit: ''
#   datatype: float64
#   format: '{:7.4f}'
#   description: Distance from center (319.76391122000+61.94360550000)[ICRS], at Epoch=J2016.0
#   meta: !!omap
#   - {ucd: POS_ANG_DIST_GENERAL}
#   - {width: 7}
#   - {precision: '4'}
# - name: HIP
#   datatype: int32
#   description: '? HIP cross-id number, van Leeuwen, Cat. I/311 (hip_original_ext_source_id)'
#   meta: !!omap
#   - {ucd: ID_NUMBER}
#   - {width: 6}
#   - values: {'null': -2147483648}
# - name: TYC2
#   datatype: string
#   description: Tycho-2 cross-id name, Hog et al., Cat. I/259 (tyc2_original_ext_source_id)
#   meta: !!omap
#   - {ucd: ID_CROSSID}
#   - {_votable_string_dtype: char}
# - name: Source
#   datatype: int64
#   description: Source identifier, identical to the Gaia-EDR3 source_id (id)
#   meta: !!omap
#   - {ucd: ID_MAIN}
#   - {width: 19}
# - name: rgeo
#   unit: pc
#   datatype: float64
#   format: '{:15.8f}'
#   description: '? Median of the geometric distance posterior (r_med_geo)'
#   meta: !!omap
#   - {ucd: PHYS_DISTANCE_TRUE}
#   - {width: 15}
#   - {precision: '8'}
#   - values: {'null': .nan}
# - name: Plx
#   unit: mas
#   datatype: float64
#   format: '{:9.4f}'
#   description: '? Parallax (parallax)'
#   meta: !!omap
#   - {ucd: POS_PARLX_TRIG}
#   - {width: 9}
#   - {precision: '4'}
#   - values: {'null': .nan}
# - name: e_Plx
#   unit: mas
#   datatype: float32
#   format: '{:7.4f}'
#   description: '? Standard error of parallax (parallax_error)'
#   meta: !!omap
#   - {ucd: ERROR}
#   - {width: 7}
#   - {precision: '4'}
#   - values: {'null': .nan}
# - name: pmRA
#   unit: mas / yr
#   datatype: float64
#   format: '{:9.3f}'
#   description: '? Proper motion in right ascension direction, pmRA*cosDE (pmra)'
#   meta: !!omap
#   - {ucd: POS_EQ_PMRA}
#   - {width: 9}
#   - {precision: '3'}
#   - values: {'null': .nan}
# - name: pmDE
#   unit: mas / yr
#   datatype: float64
#   format: '{:9.3f}'
#   description: '? Proper motion in declination direction (pmdec)'
#   meta: !!omap
#   - {ucd: POS_EQ_PMDEC}
#   - {width: 9}
#   - {precision: '3'}
#   - values: {'null': .nan}
# - name: e_pmRA
#   unit: mas / yr
#   datatype: float32
#   format: '{:6.3f}'
#   description: '? Standard error of proper motion in right ascension direction (pmra_error)'
#   meta: !!omap
#   - {ucd: ERROR}
#   - {width: 6}
#   - {precision: '3'}
#   - values: {'null': .nan}
# - name: e_pmDE
[...]
#         value: !astropy.table.SerializedColumn {name: SkyCoord.dec}
#       distance: !astropy.table.SerializedColumn
#         __class__: astropy.coordinates.distances.Distance
#         unit: !astropy.units.Unit {unit: pc}
#         value: !astropy.table.SerializedColumn {name: SkyCoord.distance}
#       frame: icrs
#       obstime: !astropy.time.Time {format: jyear_str, in_subfmt: '*', jd1: 367701545.0, jd2: 0.0, out_subfmt: '*', precision: 3, scale: tt}
#       pm_dec: !astropy.table.SerializedColumn
#         __class__: astropy.units.quantity.Quantity
#         unit: !astropy.units.Unit {unit: mas / yr}
#         value: !astropy.table.SerializedColumn {name: SkyCoord.pm_dec}
#       pm_ra_cosdec: !astropy.table.SerializedColumn
#         __class__: astropy.units.quantity.Quantity
#         unit: !astropy.units.Unit {unit: mas / yr}
#         value: !astropy.table.SerializedColumn {name: SkyCoord.pm_ra_cosdec}
#       ra: !astropy.table.SerializedColumn
#         __class__: astropy.coordinates.angles.Longitude
#         unit: *id001
#         value: !astropy.table.SerializedColumn {name: SkyCoord.ra}
#         wrap_angle: !astropy.coordinates.Angle
#           unit: *id001
#           value: 360.0
#       representation_type: spherical
# schema: astropy-2.0
RA_ICRS_1 DE_ICRS_1 e_RA_ICRS e_DE_ICRS _r_1 HIP TYC2 Source rgeo Plx e_Plx pmRA pmDE e_pmRA e_pmDE RUWE Teff logg Gmag BP-RP BPmag RPmag RV e_RV b_rgeo B_rgeo FG e_FG FBP e_FBP FRP e_FRP RAVE5 RAVE6 e_Gmag e_BPmag e_RPmag e_BP-RP SkyCoord.ra SkyCoord.dec SkyCoord.distance SkyCoord.pm_ra_cosdec SkyCoord.pm_dec rmRA rmDE e_rmRA e_rmDE rRV e_rRV v_pec v_pec3d e_vpec e_vpec3d
[from data line 348]
320.36744033584 61.53059582234 0.0218 0.0201 30.1343 "" "" 2192853178556246272 1202.03809 0.812 0.0219 -3.031 -3.083 0.029 0.024 0.998 6002.4 4.118 15.04447 1.20433 15.560583 14.356254 "" "" 1167.40063 1232.40125 18078.34919 4.2111 8150.5 16.898 14344.0 13.362 "" "" 0.0027669028578927745 0.0035849751 0.003912374 0.007497349 320.36744033584 61.53059582234 1202.03809 -3.0309999999999993 -3.083 0.44270839118957506 0.43954176139831524 0.1600539 0.1550539 "" "" 3.554480313099891 "" 0.5601564967050106 ""
318.99546984793 61.96946704516 0.0215 0.0218 21.7319 "" "" 2193028241420997888 1380.32336 0.6971 0.0222 -0.598 -1.807 0.027 0.026 1.006 7414.4 4.0747 15.045907 1.53447 15.750735 14.216266 -42.74 7.06 1343.07117 1427.50073 18054.43133 7.9882 6841.0 15.098 16317.0 17.919 "" "" 0.002796883825058464 0.0036778867 0.003963002 0.007640889 318.99546984793 61.96946704516 1380.32336 -0.5980000000000005 -1.807 2.8757083911895753 1.7155417613983155 0.15805389 0.15705389 -12.778571428571428 9.013461 21.90866296575969 25.3629927394689 3.457012338081661 5.435075399135877
320.31520577947 62.42563158987 0.0216 0.0182 32.7822 "" "" 2193148947183482368 1280.49866 0.7571 0.0206 4.95 -0.718 0.028 0.022 1.046 5640.5 3.8515 15.047301 1.274487 15.604676 14.330189 "" "" 1249.60425 1310.97717 18031.26355 4.1597 7826.1 11.641 14692.0 10.527 "" "" 0.002766681387420007 0.003223854 0.0038586168 0.0070824707 320.31520577947 62.42563158987 1280.49866 4.95 -0.7179999999999997 8.423708391189574 2.8045417613983155 0.15905389 0.1530539 "" "" 53.887443398533094 "" 8.539294640032493 ""
319.75147432843 62.30016181741 0.0208 0.0179 21.3962 "" "" 2193132660667076608 1097.24597 0.8863 0.0202 -3.364 -6.658 0.027 0.022 0.985 5628.3 4.32 15.061868 1.177958 15.564212 14.386253 "" "" 1073.11108 1121.99646 17790.968 3.7531 8123.3 13.473 13953.0 9.9739 "" "" 0.0027648236066254543 0.0033208115 0.0038582468 0.007179058 319.75147432843 62.30016181741 1097.24597 -3.3640000000000025 -6.657999999999995 0.10970839118957532 -3.135458238601685 0.15805389 0.1530539 "" "" 16.31732791946027 "" 2.497531977585264 ""
319.69308441526 62.37401935919 0.0212 0.0179 25.901 "" "" 2193133966337238784 1146.06921 0.8401 0.0218 1.384 1.675 0.027 0.022 1.079 6234.2 4.3431 15.062537 1.077576 15.513634 14.436058 "" "" 1113.50427 1182.90405 17780.00358 4.4048 8510.7 10.881 13327.0 10.281 "" "" 0.0027684181766042047 0.0031163972 0.0038710814 0.0069874786 319.69308441526 62.37401935919 1146.06921 1.3839999999999997 1.6749999999999985 4.8577083911895755 5.197541761398315 0.15805389 0.1530539 "" "" 38.64692591647353 "" 6.005930178162572 ""
320.62342930719 62.35093973533 0.0207 0.0193 34.3191 "" "" 2192959418868873088 1044.98376 0.9336 0.0214 2.034 4.275 0.031 0.025 1.005 6183.0 4.2774 15.069494 1.309221 15.646106 14.336885 "" "" 1025.90063 1069.4502 17666.43649 3.8398 7533.1 13.079 14602.0 13.137 "" "" 0.0027654074218974927 0.0033672687 0.0039035722 0.007270841 320.62342930719 62.35093973533 1044.98376 2.034 4.275 5.507708391189575 7.797541761398316 0.1620539 0.1560539 "" "" 47.28616331497769 "" 7.474821357472143 ""
319.09107633237 62.33831047962 0.0201 0.0186 30.2773 "" "" 2193089023798506880 1083.29614 0.9016 0.0209 -12.628 -5.948 0.029 0.023 0.926 5846.7 4.0547 15.072111 1.283629 15.632548 14.34892 "" "" 1056.73767 1107.51318 17623.91771 4.523 7627.8 12.07 14441.0 9.2907 "" "" 0.0027693738315742555 0.0032766897 0.0038433904 0.0071200803 319.09107633237 62.33831047962 1083.29614 -12.628 -5.948 -9.154291608810425 -2.425458238601685 0.1600539 0.1540539 "" "" 48.62759448124235 "" 7.764233404279181 ""
319.69868492349 61.54552531488 0.018 0.019 23.9566 "" "" 2192804319009817472 984.368835 0.9901 0.0192 5.636 8.577 0.025 0.025 1.04 5381.7 4.2028 15.073556 1.28944 15.639015 14.349575 "" "" 969.973694 1003.40625 17600.47805 4.0276 7582.5 9.0474 14432.0 11.31 "" "" 0.002766499382267133 0.0030762567 0.0038739769 0.0069502336 319.69868492349 61.54552531488 984.368835 5.636 8.577 9.109708391189574 12.099541761398315 0.1560539 0.1560539 "" "" 70.66744104981285 "" 11.027929829631299 ""
319.77311223835 61.92308288039 0.054 0.0656 1.2585 "" "" 2192924543735022464 1070.33704 0.9115 0.0608 -2.194 -3.704 0.075 0.084 2.615 "" "" 15.076065 1.230989 15.298156 14.067166 -46.29 5.17 1014.27692 1153.81323 17559.8508 13.768 10379.0 20.094 18719.0 19.917 "" "" 0.00288382963201602 0.0034933514 0.003951995 0.0074453466 319.77311223835 61.92308288039 1070.33704 -2.194 -3.7039999999999997 1.2797083911895752 -0.18145823860168475 0.2060539 0.21505389 -16.328571428571426 7.1234617 6.557414264040374 17.596077026661348 1.352368865599179 6.629518484501039
319.54905757815 61.80185185108 0.0216 0.0199 10.4533 "" "" 2192828370826763264 951.035156 1.0275 0.0228 -3.634 -6.354 0.03 0.024 1.039 5689.8 4.2972 15.076944 1.249147 15.622855 14.373708 "" "" 931.049744 973.991577 17545.62859 4.3202 7696.2 14.666 14115.0 14.923 "" "" 0.0027682591157033674 0.003473585 0.0039498573 0.0074234423 319.54905757815 61.80185185108 951.035156 -3.6339999999999986 -6.354000000000002 -0.1602916088104247 -2.8314582386016847 0.1610539 0.1550539 "" "" 12.784386000065734 "" 1.9825186602365619 ""
320.04376227696 61.5279133616 0.0197 0.0189 26.1782 "" "" 2192807720623991424 1306.64062 0.743 0.0208 1.595 -5.41 0.028 0.025 0.923 6303.5 4.0092 15.078494 1.433557 15.72915 14.295593 "" "" 1270.42578 1339.83398 17520.60906 4.2665 6978.4 11.859 15168.0 14.513 "" "" 0.002767976167162224 0.0033450543 0.003919558 0.0072646122 320.04376227696 61.5279133616 1306.64062 1.5950000000000029 -5.410000000000002 5.068708391189575 -1.8874582386016847 0.15905389 0.1560539 "" "" 33.498809807376816 "" 5.3159795573184185 ""
319.14619649402 61.41407154281 0.0182 0.0184 36.3126 "" "" 2192790643833609856 1152.30518 0.8416 0.0209 -0.564 1.364 0.026 0.024 1.037 5718.8 3.9737 15.081892 1.411135 15.715714 14.30458 "" "" 1128.41284 1186.33228 17465.85992 4.3671 7065.3 11.623 15043.0 15.277 "" "" 0.0027686616374248837 0.0033128979 0.0039369417 0.0072498396 319.14619649402 61.41407154281 1152.30518 -0.564 1.364 2.909708391189575 4.886541761398315 0.15705389 0.1550539 "" "" 31.063284524590312 "" 4.8328224223563465 ""
320.43455845907 61.759995511 0.0182 0.0181 21.9478 "" "" 2192904649445360640 1111.96362 0.872 0.0192 5.201 4.4 0.026 0.023 1.056 5767.9 4.1938 15.089 1.198561 15.606043 14.407482 "" "" 1088.82239 1132.30994 17351.88716 3.7306 7816.3 15.464 13682.0 14.283 "" "" 0.0027651905673494854 0.0035212468 0.0039456794 0.0074669262 320.43455845907 61.759995511 1111.96362 5.201 4.400000000000007 8.674708391189576 7.922541761398316 0.15705389 0.1540539 "" "" 61.9206603971484 "" 9.64084471753424 ""
320.42692168539 61.68504043964 0.0198 0.0196 24.3664 "" "" 2192903446854522240 1010.70435 0.967 0.0212 -2.011 -1.541 0.025 0.023 1.004 5883.8 4.1108 15.089366 1.366817 15.679481 14.312665 "" "" 991.836121 1032.53162 17346.04358 6.4773 7305.1 23.355 14931.0 49.131 "" "" 0.0027849891224789977 0.004453559 0.0052007292 0.009654288 320.42692168539 61.68504043964 1010.70435 -2.011 -1.541 1.462708391189575 1.9815417613983155 0.1560539 0.1540539 "" "" 11.799253288139191 "" 1.8260790837868726 ""
320.20469021425 61.91275261967 0.0197 0.0194 12.5822 "" "" 2192921210839290752 1238.41516 0.7841 0.0217 -8.737 -4.39 0.029 0.024 1.098 5631.2 3.9664 15.089652 1.435567 15.736261 14.300694 "" "" 1206.92871 1271.92334 17341.46698 4.1778 6932.9 10.795 15097.0 11.856 "" "" 0.002767708023798069 0.0032623704 0.00387437 0.0071367403 320.20469021425 61.91275261967 1238.41516 -8.737000000000002 -4.39 -5.263291608810425 -0.8674582386016843 0.1600539 0.1550539 "" "" 31.312790881314047 "" 5.00765679984498 ""
319.11031049372 61.81782889389 0.0359 0.0356 19.964 "" "" 2193013810330791808 1127.58801 0.8633 0.0381 0.875 -3.483 0.05 0.051 2.126 5265.2 4.1277 15.091037 1.587995 15.827058 14.239063 15.18 7.78 1081.63806 1185.87 17319.36601 7.9834 6376.7 11.565 15978.0 14.448 "" "" 0.0028004039155249782 0.003415042 0.0039048174 0.007319859 319.11031049372 61.81782889389 1127.58801 0.8749999999999989 -3.483 4.348708391189575 0.039541761398315334 0.18105389 0.1820539 45.14142857142858 9.733461 23.24379464876544 50.77423129052143 4.208381407755791 8.865506286368076
320.24732121338 61.77426815605 0.0181 0.0185 17.0401 "" "" 2192906573590698496 1120.26685 0.8616 0.0201 0.942 -3.057 0.025 0.022 1.044 6051.9 4.1463 15.092956 1.243696 15.632543 14.388846 "" "" 1100.12097 1146.21069 17288.79368 3.8148 7627.8 12.3 13919.0 11.74 "" "" 0.002765715623425913 0.0032939732 0.0038887472 0.00718272 320.24732121338 61.77426815605 1120.26685 0.9420000000000001 -3.057 4.415708391189575 0.4655417613983155 0.1560539 0.1530539 "" "" 23.57765058408514 "" 3.6786141685643843 ""
319.36699979853 61.87067142789 0.0199 0.0196 12.0379 "" "" 2193017074506038784 993.392334 0.9765 0.0207 3.568 4.092 0.026 0.023 1.008 5220.6 4.2211 15.115516 1.392006 15.741432 14.349426 "" "" 972.139404 1017.23584 16933.26155 3.9864 6899.9 14.272 14434.0 11.72 "" "" 0.0027671504971884826 0.0035816974 0.0038808405 0.007462538 319.36699979853 61.87067142789 993.392334 3.5680000000000014 4.092 7.041708391189575 7.614541761398315 0.15705389 0.1540539 "" "" 48.835819393764076 "" 7.591235650646876 ""
318.48761125269 62.1167908608 0.0276 0.0254 37.3878 "" "" 2193082151850461440 1034.16003 0.9413 0.0288 1.89 -5.231 0.034 0.028 1.082 5645.0 3.6776 15.127766 1.808828 16.009802 14.200973 9.67 7.19 1005.1792 1069.29919 16743.27526 5.5602 5388.9 10.914 16549.0 11.972 "" "" 0.0027788110747042345 0.0035525018 0.0038601374 0.0074126394 318.48761125269 62.1167908608 1034.16003 1.889999999999999 -5.231 5.363708391189575 -1.7084582386016844 0.1650539 0.15905389 39.63142857142857 9.143461 27.594012488745644 48.29161061552302 4.539501691274366 7.939433417229081
320.51077562277 62.06159164987 0.0222 0.0204 22.1952 "" "" 2192929800774021504 1379.38525 0.6984 0.0241 -3.72 1.1 0.037 0.025 1.078 5869.5 4.1058 15.127868 1.302032 15.699295 14.397263 "" "" 1328.07678 1429.88489 16741.69864 5.0581 7173.0 10.306 13812.0 10.47 "" "" 0.002774777902769886 0.0031966427 0.0038679582 0.007064601 320.51077562277 62.06159164987 1379.38525 -3.719999999999999 1.1000000000000016 -0.246291608810425 4.622541761398315 0.1680539 0.1560539 "" "" 30.26636958105809 "" 4.724252572257376 ""
319.84898060234 61.63168763225 0.0204 0.0199 18.87 "" "" 2192810916079638528 985.592529 0.993 0.0211 -2.737 -6.21 0.03 0.026 0.897 5511.6 4.2861 15.131277 1.239547 15.671532 14.431985 "" "" 965.386841 1004.95758 16689.21631 4.2844 7358.8 10.7 13377.0 11.075 "" "" 0.002769382225310625 0.0032058319 0.0038848089 0.0070906407 319.84898060234 61.63168763225 985.592529 -2.737 -6.209999999999999 0.7367083911895751 -2.6874582386016845 0.1610539 0.15705389 "" "" 13.018209535971243 "" 2.048243041172651 ""
319.43144607357 61.85561714601 0.0204 0.0198 10.7774 "" "" 2193017177585257344 1197.71106 0.8138 0.0209 -3.443 -1.71 0.027 0.024 1.004 7408.0 4.2785 15.132893 1.324503 15.714687 14.390184 "" "" 1171.22375 1223.81396 16664.40067 4.0618 7072.0 9.364 13902.0 16.604 "" "" 0.002767999815694631 0.0031387568 0.0039956616 0.0071344185 319.43144607357 61.85561714601 1197.71106 -3.443 -1.7100000000000029 0.030708391189575135 1.8125417613983155 0.15805389 0.1550539 "" "" 10.29154894042754 "" 1.5957537320781603 ""
319.69008007958 61.33195516434 0.0197 0.0186 36.7593 "" "" 2192797447062046336 959.629883 1.0193 0.021 -8.82 -6.343 0.028 0.024 0.984 5935.9 4.2704 15.134273 1.256148 15.682874 14.426725 "" "" 943.018188 981.500793 16643.24007 3.8193 7282.3 11.751 13442.0 11.466 "" "" 0.0027665624482854038 0.0032946172 0.003891201 0.007185818 319.69008007958 61.33195516434 959.629883 -8.819999999999999 -6.342999999999996 -5.346291608810425 -2.8204582386016845 0.15905389 0.1550539 "" "" 27.494980314319534 "" 4.349475752886183 ""
319.4994588509 61.9368438431 0.0204 0.0192 7.4748 "" "" 2193019136090439936 1050.98596 0.9293 0.0206 -9.88 -13.653 0.029 0.023 0.917 5544.3 4.2449 15.141064 1.230775 15.67403 14.443255 "" "" 1030.94922 1075.52344 16539.45621 3.9488 7341.8 13.31 13239.0 12.854 "" "" 0.0027674870048939753 0.0034145871 0.0039236443 0.0073382314 319.4994588509 61.9368438431 1050.98596 -9.88 -13.653 -6.406291608810426 -10.130458238601685 0.1600539 0.1540539 "" "" 59.71087003587728 "" 9.302443916447652 ""
319.80294011906 61.77306738997 0.0221 0.0199 10.2917 "" "" 2192825759486723840 1350.00989 0.714 0.0226 0.463 -5.314 0.029 0.025 1.029 6648.8 4.1269 15.144625 1.452704 15.80002 14.347316 "" "" 1311.84265 1394.61707 16485.30583 4.8345 6537.5 13.764 14462.0 12.795 "" "" 0.002773656552801785 0.0036069916 0.0038995452 0.007506537 319.80294011906 61.77306738997 1350.00989 0.4630000000000023 -5.314000000000005 3.9367083911895753 -1.7914582386016846 0.1600539 0.1560539 "" "" 27.67689164956225 "" 4.410999070327548 ""
318.80029882926 61.81766071702 0.0204 0.0221 28.2777 "" "" 2193024702367746304 1238.44641 0.7804 0.0221 -4.804 -5.482 0.029 0.027 1.085 6497.5 3.9761 15.145182 1.820165 16.031317 14.211152 -52.46 5.55 1207.57715 1269.6676 16476.84273 4.6445 5283.1 11.826 16394.0 12.689 "" "" 0.0027722652564441804 0.0037002396 0.003871684 0.0075719235 318.80029882926 61.81766071702 1238.44641 -4.8039999999999985 -5.482000000000004 -1.330291608810425 -1.9594582386016848 0.1600539 0.15805389 -22.498571428571427 7.503462 13.902860924405859 26.44759456377653 2.2062117554058034 6.4875854096283065
320.00271855471 62.47607821497 0.0226 0.0193 32.6393 "" "" 2193141113163100416 1201.0321 0.808 0.0223 5.403 5.987 0.032 0.026 1.071 6190.1 4.1898 15.146048 1.116293 15.613281 14.496988 "" "" 1168.4364 1233.85449 16463.71709 3.9687 7764.3 14.741 12600.0 15.558 "" "" 0.0027677227475252112 0.0034690283 0.0040101125 0.0074791405 320.00271855471 62.47607821497 1201.0321 5.403 5.987 8.876708391189574 9.509541761398316 0.1630539 0.15705389 "" "" 74.05735825265434 "" 11.839967637472453 ""
319.58910899198 62.0796346918 0.0212 0.0194 9.531 "" "" 2193116992626232192 1379.89404 0.6887 0.0218 1.024 -0.07 0.03 0.025 1.07 4989.5 3.1028 15.147128 2.485196 16.499022 14.013825 -20.18 3.65 1340.36731 1420.28394 16447.33173 5.9413 3434.1 8.7422 19662.0 14.258 "" "" 0.0027830939939564583 0.003927408 0.0038605195 0.007787927 319.58910899198 62.0796346918 1379.89404 1.0239999999999996 -0.06999999999999947 4.497708391189575 3.4525417613983156 0.1610539 0.1560539 9.781428571428574 5.6034617 37.08605927192961 38.35429750652507 5.9047816997417755 5.885653080275862
320.73317205656 61.77500756695 0.0187 0.021 29.234 "" "" 2192863245959774080 1340.32678 0.7179 0.0213 -4.6 -7.519 0.026 0.026 1.019 6484.7 4.112 15.151819 1.289608 15.716772 14.427164 "" "" 1297.40393 1375.104 16376.42691 4.3592 7058.4 11.228 13437.0 12.267 "" "" 0.0027704360364393644 0.0032814576 0.0039071986 0.0071886564 320.73317205656 61.77500756695 1340.32678 -4.599999999999995 -7.519000000000004 -1.1262916088104244 -3.9964582386016847 0.15705389 0.15705389 "" "" 26.37912149151794 "" 4.142943588154369 ""
320.93269534618 61.67896529836 0.0209 0.0214 36.7346 "" "" 2192858160718512384 1367.85559 0.707 0.0229 -6.902 -3.241 0.028 0.026 0.989 7158.0 3.768 15.157342 1.722512 15.977942 14.255429 -33.68 7.34 1327.22961 1411.06982 16293.3354 5.0406 5549.3 14.573 15739.0 20.109 "" "" 0.002775718144265796 0.003989319 0.0040259208 0.00801524 320.93269534618 61.67896529836 1367.85559 -6.902000000000002 -3.241000000000001 -3.428291608810425 0.2815417613983153 0.15905389 0.15705389 -3.718571428571426 9.293462 22.30262150395833 22.610499760469967 3.5470218041403663 3.8180022903324904
