Clusters/UBC_386/UBC_386_stars_in_region.tsv
# %ECSV 1.0
# ---
# datatype:
# - name: RA_ICRS_1
#   unit: deg
#   datatype: float64
#   format: '{:15.11f}'
#   description: Right ascension (ICRS) at Ep=2016.0 (ra)
#   meta: !!omap
#   - {ucd: POS_EQ_RA_MAIN}
#   - {width: 15}
#   - {precision: '11'}
# - name: DE_ICRS_1
#   unit: deg
#   datatype: float64
#   format: '{:15.11f}'
#   description: Declination (ICRS) at Ep=2016.0 (dec)
#   meta: !!omap
#   - {ucd: POS_EQ_DEC_MAIN}
#   - {width: 15}
#   - {precision: '11'}
# - name: e_RA_ICRS
#   unit: mas
#   datatype: float64
#   format: '{:7.4f}'
#   description: Standard error of right ascension (ra_error)
#   meta: !!omap
#   - {ucd: ERROR}
#   - {width: 7}
#   - {precision: '4'}
# - name: e_DE_ICRS
#   unit: mas
#   datatype: float64
#   format: '{:7.4f}'
#   description: Standard error of declination (dec_error)
#   meta: !!omap
#   - {ucd: ERROR}
#   - {width: 7}
#   - {precision: '4'}
# - name: _r_1
#   unit: ''
#   datatype: float64
#   format: '{:7.4f}'
#   description: Distance from center (319.76391122000+61.94360550000)[ICRS], at Epoch=J2016.0
#   meta: !!omap
#   - {ucd: POS_ANG_DIST_GENERAL}
#   - {width: 7}
#   - {precision: '4'}
# - name: HIP
#   datatype: int32
#   description: '? HIP cross-id number, van Leeuwen, Cat. I/311 (hip_original_ext_source_id)'
#   meta: !!omap
#   - {ucd: ID_NUMBER}
#   - {width: 6}
#   - values: {'null': -2147483648}
# - name: TYC2
#   datatype: string
#   description: Tycho-2 cross-id name, Hog et al., Cat. I/259 (tyc2_original_ext_source_id)
#   meta: !!omap
#   - {ucd: ID_CROSSID}
#   - {_votable_string_dtype: char}
# - name: Source
#   datatype: int64
#   description: Source identifier, identical to the Gaia-EDR3 source_id (id)
#   meta: !!omap
#   - {ucd: ID_MAIN}
#   - {width: 19}
# - name: rgeo
#   unit: pc
#   datatype: float64
#   format: '{:15.8f}'
#   description: '? Median of the geometric distance posterior (r_med_geo)'
#   meta: !!omap
#   - {ucd: PHYS_DISTANCE_TRUE}
#   - {width: 15}
#   - {precision: '8'}
#   - values: {'null': .nan}
# - name: Plx
#   unit: mas
#   datatype: float64
#   format: '{:9.4f}'
#   description: '? Parallax (parallax)'
#   meta: !!omap
#   - {ucd: POS_PARLX_TRIG}
#   - {width: 9}
#   - {precision: '4'}
#   - values: {'null': .nan}
# - name: e_Plx
#   unit: mas
#   datatype: float32
#   format: '{:7.4f}'
#   description: '? Standard error of parallax (parallax_error)'
#   meta: !!omap
#   - {ucd: ERROR}
#   - {width: 7}
#   - {precision: '4'}
#   - values: {'null': .nan}
# - name: pmRA
#   unit: mas / yr
#   datatype: float64
#   format: '{:9.3f}'
#   description: '? Proper motion in right ascension direction, pmRA*cosDE (pmra)'
#   meta: !!omap
#   - {ucd: POS_EQ_PMRA}
#   - {width: 9}
#   - {precision: '3'}
#   - values: {'null': .nan}
# - name: pmDE
#   unit: mas / yr
#   datatype: float64
#   format: '{:9.3f}'
#   description: '? Proper motion in declination direction (pmdec)'
#   meta: !!omap
#   - {ucd: POS_EQ_PMDEC}
#   - {width: 9}
#   - {precision: '3'}
#   - values: {'null': .nan}
# - name: e_pmRA
#   unit: mas / yr
#   datatype: float32
#   format: '{:6.3f}'
#   description: '? Standard error of proper motion in right ascension direction (pmra_error)'
#   meta: !!omap
#   - {ucd: ERROR}
#   - {width: 6}
#   - {precision: '3'}
#   - values: {'null': .nan}
# - name: e_pmDE
[...]
#         value: !astropy.table.SerializedColumn {name: SkyCoord.dec}
#       distance: !astropy.table.SerializedColumn
#         __class__: astropy.coordinates.distances.Distance
#         unit: !astropy.units.Unit {unit: pc}
#         value: !astropy.table.SerializedColumn {name: SkyCoord.distance}
#       frame: icrs
#       obstime: !astropy.time.Time {format: jyear_str, in_subfmt: '*', jd1: 367701545.0, jd2: 0.0, out_subfmt: '*', precision: 3, scale: tt}
#       pm_dec: !astropy.table.SerializedColumn
#         __class__: astropy.units.quantity.Quantity
#         unit: !astropy.units.Unit {unit: mas / yr}
#         value: !astropy.table.SerializedColumn {name: SkyCoord.pm_dec}
#       pm_ra_cosdec: !astropy.table.SerializedColumn
#         __class__: astropy.units.quantity.Quantity
#         unit: !astropy.units.Unit {unit: mas / yr}
#         value: !astropy.table.SerializedColumn {name: SkyCoord.pm_ra_cosdec}
#       ra: !astropy.table.SerializedColumn
#         __class__: astropy.coordinates.angles.Longitude
#         unit: *id001
#         value: !astropy.table.SerializedColumn {name: SkyCoord.ra}
#         wrap_angle: !astropy.coordinates.Angle
#           unit: *id001
#           value: 360.0
#       representation_type: spherical
# schema: astropy-2.0
RA_ICRS_1 DE_ICRS_1 e_RA_ICRS e_DE_ICRS _r_1 HIP TYC2 Source rgeo Plx e_Plx pmRA pmDE e_pmRA e_pmDE RUWE Teff logg Gmag BP-RP BPmag RPmag RV e_RV b_rgeo B_rgeo FG e_FG FBP e_FBP FRP e_FRP RAVE5 RAVE6 e_Gmag e_BPmag e_RPmag e_BP-RP SkyCoord.ra SkyCoord.dec SkyCoord.distance SkyCoord.pm_ra_cosdec SkyCoord.pm_dec rmRA rmDE e_rmRA e_rmDE rRV e_rRV v_pec v_pec3d e_vpec e_vpec3d
[from data line 87]
320.66303817497 61.79264915887 0.0523 0.0616 27.0006 "" "" 2192863211600032000 1218.99268 0.8101 0.0599 1.599 -3.939 0.07 0.072 6.151 7075.9 3.0225 13.28615 0.989564 13.684431 12.694867 "" "" 1136.16174 1318.77209 91303.33603 31.809 45882.0 30.326 66254.0 29.568 "" "" 0.002781163107427304 0.0028809777 0.0038103163 0.006691294 320.66303817497 61.79264915887 1218.99268 1.5989999999999966 -3.9389999999999947 5.072708391189575 -0.4164582386016846 0.20105389 0.20305389 "" "" 29.408847793044167 "" 5.913158905052589 ""
320.07187651175 62.26669540724 0.0114 0.0102 21.2256 "" "" 2193123039940483456 1236.97424 0.7851 0.0111 -2.042 -3.908 0.015 0.013 1.126 10108.9 4.1932 13.299222 0.700954 13.539916 12.838963 "" "" 1220.7063 1255.61145 90210.69919 17.353 52414.0 46.251 58019.0 49.641 "" "" 0.0027632243853427684 0.0029500762 0.003891874 0.00684195 320.07187651175 62.26669540724 1236.97424 -2.042 -3.9079999999999995 1.4317083911895754 -0.3854582386016845 0.1460539 0.14405389 "" "" 8.693388582872299 "" 1.2685356762191504 ""
319.63789875197 61.66810886412 0.0104 0.0096 16.9114 "" "" 2192823319945175680 930.104858 1.0476 0.0104 -4.508 -4.995 0.015 0.012 1.062 7836.7 4.1548 13.306299 0.906367 13.660543 12.754175 "" "" 921.70282 937.522644 89624.572 12.787 46903.0 69.674 62732.0 103.09 "" "" 0.002759671177684899 0.0032227843 0.00417938 0.007402164 319.63789875197 61.66810886412 930.104858 -4.507999999999997 -4.994999999999994 -1.0342916088104248 -1.4724582386016847 0.1460539 0.14305389 "" "" 7.9330731770888345 "" 1.1427747791046645 ""
320.05644172025 61.9651638431 0.0293 0.0224 8.3532 "" "" 2192925402728499968 1196.62744 0.817 0.0259 -3.414 -3.348 0.038 0.027 1.607 "" "" 13.32352 "" "" "" "" "" 1155.31421 1231.3197 88214.23821 66.501 "" "" "" "" "" "" 0.0028743201811717604 "" "" "" 320.05644172025 61.9651638431 1196.62744 -3.414 -3.3479999999999994 0.05970839118957505 0.17454176139831556 0.1690539 0.15805389 "" "" 1.0463277735818504 "" 0.16661924902945635 ""
319.3578919386 62.23542214419 0.0153 0.0126 20.8949 "" "" 2193131320639163520 958.971008 1.016 0.0142 -7.583 -10.064 0.021 0.015 1.237 5944.9 3.9085 13.344738 1.159076 13.842133 12.683057 -61.26 3.24 947.302307 973.810242 86507.0824 13.848 39679.0 24.016 66979.0 23.245 "" "" 0.00276079648313525 0.0028665124 0.003798119 0.0066646314 319.3578919386 62.23542214419 958.971008 -7.583 -10.064 -4.109291608810425 -6.541458238601685 0.1520539 0.1460539 -31.298571428571424 5.1934614 35.11455274294019 47.03862655101779 5.189101455251935 5.191032196983298
319.98070035002 61.39196655424 0.0097 0.0091 33.669 "" "" 2192757521045235456 1097.87866 0.8841 0.0102 -2.715 -5.558 0.013 0.012 0.976 "" "" 13.346741 0.83086 13.676682 12.845821 "" "" 1085.51697 1111.36267 86347.61792 13.883 46211.0 25.372 57654.0 21.511 "" "" 0.0027608445009609716 0.0028531398 0.0038010299 0.0066541694 319.98070035002 61.39196655424 1097.87866 -2.715 -5.558000000000001 0.7587083911895753 -2.0354582386016844 0.14405389 0.14305389 "" "" 11.304339390925241 "" 1.618512964764879 ""
319.13351049234 62.24366061626 0.0115 0.0095 25.2486 "" "" 2193041263762107776 1110.39856 0.8765 0.0112 4.603 1.226 0.015 0.011 1.001 "" "" 13.352032 1.320874 13.935944 12.615069 -14.47 2.59 1097.66687 1124.22205 85927.90888 12.904 36395.0 24.708 71307.0 29.246 "" "" 0.0027601402004230917 0.0028858879 0.0038055254 0.006691413 319.13351049234 62.24366061626 1110.39856 4.603 1.2259999999999984 8.076708391189575 4.748541761398315 0.1460539 0.1420539 15.491428571428573 4.5434613 49.31279731999556 51.688841529934045 7.152177277694864 6.957950489587699
320.47808808292 61.42557984235 0.0148 0.0148 37.1367 "" "" 2192848746152004096 1095.04114 0.8872 0.0155 -5.885 -1.5 0.019 0.018 1.312 6948.4 3.8931 13.368928 0.998055 13.778811 12.780755 2.9 7.92 1072.21973 1120.11707 84601.04485 17.093 42062.0 33.909 61215.0 25.005 "" "" 0.0027640387673414798 0.0029242386 0.0038053147 0.0067295535 320.47808808292 61.42557984235 1095.04114 -5.885000000000002 -1.4999999999999967 -2.4112916088104246 2.0225417613983154 0.15005389 0.1490539 32.861428571428576 9.873462 16.335636835406316 36.6977726650186 2.444492679962243 8.908010736518596
320.41682315862 61.86085177548 0.0095 0.0095 19.1067 "" "" 2192908566455588224 1381.88184 0.6958 0.0104 0.166 -1.15 0.014 0.012 1.024 9246.2 4.0478 13.375084 0.681587 13.637259 12.955671 "" "" 1359.2312 1400.77722 84122.67534 18.547 47920.0 27.892 52106.0 22.221 "" "" 0.0027656990822789635 0.002860842 0.003807639 0.006668481 320.41682315862 61.86085177548 1381.88184 0.16599999999999965 -1.1499999999999984 3.639708391189575 2.3725417613983155 0.1450539 0.14305389 "" "" 28.45831619407918 "" 4.111099434878273 ""
320.01236958614 61.80795691351 0.0103 0.0099 10.7528 "" "" 2192919183614620672 1188.95142 0.8124 0.0109 -3.287 -3.652 0.014 0.013 0.962 7992.8 4.0751 13.383069 0.807528 13.701252 12.893724 "" "" 1172.06592 1204.78772 83506.25051 16.818 45177.0 29.632 55166.0 28.492 "" "" 0.002763983334284065 0.0028796177 0.003820756 0.0067003737 320.01236958614 61.80795691351 1188.95142 -3.2869999999999955 -3.6519999999999997 0.18670839118957527 -0.1294582386016847 0.1450539 0.14405389 "" "" 1.2804103480742057 "" 0.18531376065070904 ""
320.66229465652 61.63862656725 0.0099 0.0113 31.3689 "" "" 2192855583738065664 1169.04724 0.8308 0.0116 -3.242 -3.562 0.013 0.012 1.104 8956.9 4.1865 13.388762 0.668033 13.645641 12.977609 "" "" 1154.23035 1184.27429 83069.54605 18.042 47551.0 27.562 51064.0 22.986 "" "" 0.0027653927429173463 0.002860262 0.0038108514 0.0066711134 320.66229465652 61.63862656725 1169.04724 -3.2420000000000013 -3.5620000000000003 0.2317083911895752 -0.0394582386016844 0.14405389 0.14305389 "" "" 1.3024461171473725 "" 0.1875858492018054 ""
319.87049222138 61.76014041103 0.011 0.01 11.4138 "" "" 2192825106651698560 1084.08826 0.8925 0.0111 -2.224 -4.268 0.015 0.012 0.931 8724.3 4.29 13.417052 0.822077 13.743666 12.921589 "" "" 1070.7854 1099.75171 80933.03073 14.585 43446.0 22.548 53768.0 18.07 "" "" 0.0027622586314399655 0.0028465001 0.0037969553 0.0066434555 319.87049222138 61.76014041103 1084.08826 -2.2240000000000006 -4.268000000000001 1.249708391189575 -0.7454582386016844 0.1460539 0.14305389 "" "" 7.477433234271301 "" 1.086265975598404 ""
319.01774920409 61.68526942358 0.011 0.0114 26.2182 "" "" 2193008312772561152 1150.0614 0.8391 0.0126 -3.772 -4.054 0.017 0.015 1.113 "" "" 13.417648 0.724691 13.697772 12.973081 "" "" 1132.73523 1167.00964 80888.58808 18.792 45322.0 26.982 51277.0 19.619 "" "" 0.002766841751941646 0.0028640633 0.0038021433 0.0066662068 319.01774920409 61.68526942358 1150.0614 -3.7720000000000016 -4.0540000000000065 -0.2982916088104246 -0.5314582386016848 0.1480539 0.1460539 "" "" 3.322273403868987 "" 0.4868309878746708 ""
320.13903584136 61.56475682307 0.0112 0.0101 25.1028 "" "" 2192807514465623552 1032.85535 0.9444 0.0113 0.196 1.948 0.015 0.012 1.004 "" "" 13.428544 1.197513 13.940124 12.742611 -24.15 2.02 1019.62384 1044.87561 80080.95225 12.762 36255.0 29.903 63404.0 48.224 "" "" 0.002760747677468178 0.0029303564 0.0038685475 0.006798904 320.13903584136 61.56475682307 1032.85535 0.1960000000000005 1.9479999999999977 3.6697083911895754 5.470541761398316 0.1460539 0.14305389 5.811428571428575 3.9734616 32.250066903116696 32.76949064749587 4.643738724523518 4.6241382431711235
320.19601815918 61.77355066044 0.0148 0.0143 15.9259 "" "" 2192906603649536640 1185.6134 0.8208 0.0156 -5.39 -3.252 0.02 0.018 1.47 8746.5 4.1811 13.4354 0.773128 13.738401 12.965274 "" "" 1159.61194 1206.35913 79576.83818 12.61 43657.0 29.854 51647.0 20.258 "" "" 0.0027606865698462167 0.0028872641 0.0038033 0.006690564 320.19601815918 61.77355066044 1185.6134 -5.389999999999999 -3.2519999999999984 -1.9162916088104245 0.27054176139831565 0.15105389 0.1490539 "" "" 10.87598486054703 "" 1.6424375070519746 ""
319.50706645297 62.35972815729 0.0108 0.0099 25.9844 "" "" 2193136577677221248 1185.69556 0.817 0.0111 1.641 -2.005 0.014 0.012 1.019 6251.0 3.7163 13.444899 1.098102 13.906529 12.808428 -26.19 3.6 1172.55811 1204.29871 78883.67649 11.768 37394.0 22.423 59674.0 23.084 "" "" 0.002760076867487727 0.0028651208 0.0038026476 0.0066677686 319.50706645297 62.35972815729 1185.69556 1.641 -2.005 5.114708391189575 1.5175417613983155 0.1450539 0.14305389 3.7714285714285722 5.5534616 29.98425110019614 30.220506076321772 4.344511124257224 4.365906704241483
319.33547111567 61.36584476841 0.0103 0.0097 36.7512 "" "" 2192777965090165632 1373.56677 0.6991 0.0109 -4.103 -4.688 0.014 0.013 0.913 "" "" 13.447969 1.384247 14.066489 12.682242 -37.25 2.71 1355.40784 1392.2644 78660.92129 12.781 32272.0 21.038 67029.0 23.332 "" "" 0.0027609619487982745 0.0028785432 0.003798231 0.0066767745 319.33547111567 61.36584476841 1373.56677 -4.103000000000001 -4.687999999999999 -0.6292916088104246 -1.1654582386016843 0.1450539 0.14405389 -7.2885714285714265 4.6634617 8.623432183167695 11.29100775338854 1.2441908040275955 3.1567728779044617
320.76324901815 62.25208032098 0.0106 0.0107 33.6132 "" "" 2192955020822376960 928.474609 1.0521 0.0115 2.141 3.609 0.016 0.013 1.034 5668.1 3.9529 13.457612 1.267091 14.014707 12.747616 9.47 1.76 919.413269 939.662231 77965.38284 9.9695 33848.0 39.879 63112.0 66.327 "" "" 0.0027588157397097236 0.0030694266 0.003947874 0.0070173005 320.76324901815 62.25208032098 928.474609 2.141 3.6089999999999995 5.614708391189575 7.131541761398315 0.1470539 0.14405389 39.431428571428576 3.7134614 39.945640031610196 56.12924119136703 5.8004741448957455 4.8832642254023435
319.52986484673 61.71254157919 0.0113 0.0104 15.3675 "" "" 2192826721559265408 1219.87402 0.7919 0.0117 -3.207 -3.155 0.015 0.013 1.051 "" "" 13.464063 0.962359 13.854075 12.891717 "" "" 1202.50623 1237.50562 77503.55712 13.632 39245.0 30.167 55268.0 20.602 "" "" 0.002761930205223916 0.0029123162 0.0038009905 0.0067133065 319.52986484673 61.71254157919 1219.87402 -3.207 -3.155 0.26670839118957534 0.3675417613983156 0.1460539 0.14405389 "" "" 2.6257842795614 "" 0.3800741141193144 ""
319.7015946228 61.32575468685 0.011 0.0098 37.1136 "" "" 2192796691147803776 1287.63171 0.7504 0.0112 -1.613 0.004 0.015 0.013 1.028 "" "" 13.466789 1.497025 14.151414 12.654388 7.92 2.87 1269.26294 1304.31494 77309.16881 12.645 29844.0 21.464 68771.0 18.829 "" "" 0.002761037249011306 0.0028973788 0.0037910545 0.0066884332 319.7015946228 61.32575468685 1287.63171 -1.613 0.0039999999999984935 1.8607083911895752 3.5265417613983154 0.1460539 0.14405389 37.88142857142857 4.8234615 24.33611541257723 45.02498355342869 3.516368783474174 4.481199724773287
319.19212997676 62.16044868158 0.0709 0.0578 20.6831 "" "" 2193039751933537280 985.928101 0.9944 0.0666 -9.085 -6.58 0.105 0.073 5.837 5623.9 3.6429 13.472692 1.465492 14.131916 12.666424 -30.3 2.04 929.083557 1059.1991 76890.01527 27.084 30384.0 27.509 68013.0 19.931 "" "" 0.002781735493084532 0.0029582663 0.003792751 0.0067510176 319.19212997676 62.16044868158 985.928101 -9.085 -6.58 -5.611291608810426 -3.0574582386016846 0.23605388 0.2040539 -0.3385714285714272 3.9934616 29.86331228345242 29.86523147660579 6.842374398377306 6.84208447529617
319.80900277845 62.02641048306 0.0104 0.01 5.1282 "" "" 2193112938177114880 1082.42566 0.8975 0.011 -7.326 -11.355 0.015 0.012 1.008 6609.2 3.8038 13.472841 1.035749 13.902877 12.867127 -20.1 5.39 1069.67773 1097.66956 76879.47328 12.187 37520.0 26.733 56534.0 22.343 "" "" 0.0027606904727908157 0.0028954248 0.003803663 0.006699088 319.80900277845 62.02641048306 1082.42566 -7.326 -11.355 -3.8522916088104244 -7.832458238601685 0.1460539 0.14305389 9.861428571428572 7.3434615 44.783541260804036 45.85644274611285 6.4328492685310525 6.477785615185348
319.6335355299 61.53517359396 0.0093 0.0091 24.7842 "" "" 2192804250290337408 1012.81348 0.9589 0.0098 2.131 -2.375 0.013 0.012 0.999 6345.8 3.8938 13.473057 1.191055 13.98602 12.794965 -38.56 2.91 1003.33209 1023.63879 76864.16714 10.383 34754.0 21.127 60419.0 21.229 "" "" 0.002759220851295211 0.002867172 0.0037985865 0.006665759 319.6335355299 61.53517359396 1012.81348 2.131 -2.375 5.604708391189575 1.1475417613983154 0.14405389 0.14305389 -8.598571428571429 4.8634615 27.46491239868399 28.779451761276317 3.9553261543696734 4.044688844501422
320.36159236729 61.96608629574 0.0107 0.0097 16.9144 "" "" 2192927601750695936 1078.17773 0.9034 0.0115 2.558 -0.007 0.017 0.012 1.061 6437.4 3.867 13.490376 1.022107 13.914129 12.892022 -21.07 3.37 1062.43701 1094.70886 75647.86147 10.814 37133.0 26.186 55252.0 20.653 "" "" 0.002759688192139274 0.0028933159 0.00380111 0.006694426 320.36159236729 61.96608629574 1078.17773 2.558 -0.007000000000000176 6.031708391189575 3.5155417613983153 0.1480539 0.14305389 8.891428571428573 5.3234615 35.67909804279585 36.77030784734138 5.237769184791505 5.242818349042084
319.16414557648 62.2834142506 0.0109 0.0098 26.4382 "" "" 2193041744798442496 1051.63318 0.9248 0.0116 -0.722 -3.677 0.015 0.013 0.984 5690.2 3.7745 13.529674 1.266929 14.085034 12.818106 -42.64 2.67 1038.9032 1064.79688 72958.76746 10.091 31725.0 22.54 59145.0 29.592 "" "" 0.002759409394823353 0.00289484 0.0038182223 0.0067130625 319.16414557648 62.2834142506 1051.63318 -0.722 -3.6770000000000005 2.751708391189575 -0.15445823860168462 0.1460539 0.14405389 -12.678571428571427 4.6234617 13.7381462807266 18.694460053717247 2.006424068424893 3.465003687222222
318.76242589073 62.33348042902 0.0111 0.0118 36.5478 "" "" 2193091944376170496 1193.90259 0.8133 0.0131 -1.406 -3.719 0.016 0.014 1.04 9000.4 4.1557 13.53995 0.850818 13.878768 13.02795 "" "" 1180.10278 1212.4231 72271.43969 12.135 38363.0 17.942 48750.0 25.658 "" "" 0.0027613446604265214 0.0028360002 0.0038223388 0.006658339 318.76242589073 62.33348042902 1193.90259 -1.4059999999999993 -3.719000000000006 2.0677083911895755 -0.19645823860168443 0.1470539 0.1450539 "" "" 11.754062686659585 "" 1.7282718270509243 ""
319.63438767256 61.40038362862 0.0102 0.0096 32.8012 "" "" 2192802291785204608 994.07074 0.9804 0.0107 0.404 -0.927 0.015 0.013 0.998 6003.3 3.6892 13.546452 1.34479 14.145279 12.800489 -11.28 1.76 985.135803 1005.67963 71839.9535 9.5223 30013.0 28.568 60112.0 27.362 "" "" 0.0027590759981284004 0.0029754147 0.0038115575 0.0067869723 319.63438767256 61.40038362862 994.07074 0.404 -0.927 3.877708391189575 2.5955417613983154 0.1460539 0.14405389 18.681428571428576 3.7134614 21.98666454643016 28.851502410561512 3.197696972774264 3.42340914553993
320.07310977511 61.7806254468 0.0419 0.0375 13.1213 "" "" 2192907157706194432 1048.88904 0.9359 0.0428 3.155 -2.491 0.058 0.049 4.49 "" "" 13.569101 1.19558 14.076662 12.881083 -33.88 2.34 999.678589 1096.51941 70356.84048 19.234 31971.0 25.809 55812.0 21.196 "" "" 0.0027712613107518593 0.002924595 0.0038018085 0.0067264037 320.07310977511 61.7806254468 1048.88904 3.154999999999999 -2.491 6.6287083911895746 1.0315417613983153 0.1890539 0.18005389 -3.918571428571429 4.2934613 33.35283380938536 33.5822382392433 6.29855080323874 6.275553790920976
320.02503871803 61.65394971528 0.0111 0.0108 18.8907 "" "" 2192811843792647424 1142.32019 0.8489 0.0112 -2.011 -4.382 0.014 0.014 1.008 6326.7 3.7972 13.571311 1.166124 14.070323 12.904199 -26.97 2.82 1128.87292 1155.04102 70213.75406 10.164 32158.0 28.57 54636.0 22.107 "" "" 0.0027597991739532458 0.0029522015 0.003804829 0.0067570303 320.02503871803 61.65394971528 1142.32019 -2.0110000000000015 -4.382 1.462708391189575 -0.8594582386016842 0.1450539 0.1450539 2.9914285714285747 4.7734613 9.185979979248161 9.660790499597187 1.33246216002037 1.9467814986756031
