Clusters/FSR_0398/FSR_0398_members.tsv
# %ECSV 1.0
# ---
# datatype:
# - name: RA_ICRS_1
#   unit: deg
#   datatype: float64
#   format: '{:15.11f}'
#   description: Right ascension (ICRS) at Ep=2016.0 (ra)
#   meta: !!omap
#   - {ucd: POS_EQ_RA_MAIN}
#   - {width: 15}
#   - {precision: '11'}
# - name: DE_ICRS_1
#   unit: deg
#   datatype: float64
#   format: '{:15.11f}'
#   description: Declination (ICRS) at Ep=2016.0 (dec)
#   meta: !!omap
#   - {ucd: POS_EQ_DEC_MAIN}
#   - {width: 15}
#   - {precision: '11'}
# - name: e_RA_ICRS
#   unit: mas
#   datatype: float64
#   format: '{:7.4f}'
#   description: Standard error of right ascension (ra_error)
#   meta: !!omap
#   - {ucd: ERROR}
#   - {width: 7}
#   - {precision: '4'}
# - name: e_DE_ICRS
#   unit: mas
#   datatype: float64
#   format: '{:7.4f}'
#   description: Standard error of declination (dec_error)
#   meta: !!omap
#   - {ucd: ERROR}
#   - {width: 7}
#   - {precision: '4'}
# - name: _r_1
#   unit: ''
#   datatype: float64
#   format: '{:7.4f}'
#   description: Distance from center (339.09611516000+64.14640433000)[ICRS], at Epoch=J2016.0
#   meta: !!omap
#   - {ucd: POS_ANG_DIST_GENERAL}
#   - {width: 7}
#   - {precision: '4'}
# - name: HIP
#   datatype: int32
#   description: '? HIP cross-id number, van Leeuwen, Cat. I/311 (hip_original_ext_source_id)'
#   meta: !!omap
#   - {ucd: ID_NUMBER}
#   - {width: 6}
#   - values: {'null': -2147483648}
# - name: TYC2
#   datatype: string
#   description: Tycho-2 cross-id name, Hog et al., Cat. I/259 (tyc2_original_ext_source_id)
#   meta: !!omap
#   - {ucd: ID_CROSSID}
#   - {_votable_string_dtype: char}
# - name: Source
#   datatype: int64
#   description: Source identifier, identical to the Gaia-EDR3 source_id (id)
#   meta: !!omap
#   - {ucd: ID_MAIN}
#   - {width: 19}
# - name: rgeo
#   unit: pc
#   datatype: float64
#   format: '{:15.8f}'
#   description: '? Median of the geometric distance posterior (r_med_geo)'
#   meta: !!omap
#   - {ucd: PHYS_DISTANCE_TRUE}
#   - {width: 15}
#   - {precision: '8'}
#   - values: {'null': .nan}
# - name: Plx
#   unit: mas
#   datatype: float64
#   format: '{:9.4f}'
#   description: '? Parallax (parallax)'
#   meta: !!omap
#   - {ucd: POS_PARLX_TRIG}
#   - {width: 9}
#   - {precision: '4'}
#   - values: {'null': .nan}
# - name: e_Plx
#   unit: mas
#   datatype: float32
#   format: '{:7.4f}'
#   description: '? Standard error of parallax (parallax_error)'
#   meta: !!omap
#   - {ucd: ERROR}
#   - {width: 7}
#   - {precision: '4'}
#   - values: {'null': .nan}
# - name: pmRA
#   unit: mas / yr
#   datatype: float64
#   format: '{:9.3f}'
#   description: '? Proper motion in right ascension direction, pmRA*cosDE (pmra)'
#   meta: !!omap
#   - {ucd: POS_EQ_PMRA}
#   - {width: 9}
#   - {precision: '3'}
#   - values: {'null': .nan}
# - name: pmDE
#   unit: mas / yr
#   datatype: float64
#   format: '{:9.3f}'
#   description: '? Proper motion in declination direction (pmdec)'
#   meta: !!omap
#   - {ucd: POS_EQ_PMDEC}
#   - {width: 9}
#   - {precision: '3'}
#   - values: {'null': .nan}
# - name: e_pmRA
#   unit: mas / yr
#   datatype: float32
#   format: '{:6.3f}'
#   description: '? Standard error of proper motion in right ascension direction (pmra_error)'
#   meta: !!omap
#   - {ucd: ERROR}
#   - {width: 6}
#   - {precision: '3'}
#   - values: {'null': .nan}
# - name: e_pmDE
[...]
#         unit: &id001 !astropy.units.Unit {unit: deg}
#         value: !astropy.table.SerializedColumn {name: SkyCoord.dec}
#       distance: !astropy.table.SerializedColumn
#         __class__: astropy.coordinates.distances.Distance
#         unit: !astropy.units.Unit {unit: pc}
#         value: !astropy.table.SerializedColumn {name: SkyCoord.distance}
#       frame: icrs
#       obstime: !astropy.time.Time {format: jyear_str, in_subfmt: '*', jd1: 367701545.0, jd2: 0.0, out_subfmt: '*', precision: 3, scale: tt}
#       pm_dec: !astropy.table.SerializedColumn
#         __class__: astropy.units.quantity.Quantity
#         unit: !astropy.units.Unit {unit: mas / yr}
#         value: !astropy.table.SerializedColumn {name: SkyCoord.pm_dec}
#       pm_ra_cosdec: !astropy.table.SerializedColumn
#         __class__: astropy.units.quantity.Quantity
#         unit: !astropy.units.Unit {unit: mas / yr}
#         value: !astropy.table.SerializedColumn {name: SkyCoord.pm_ra_cosdec}
#       ra: !astropy.table.SerializedColumn
#         __class__: astropy.coordinates.angles.Longitude
#         unit: *id001
#         value: !astropy.table.SerializedColumn {name: SkyCoord.ra}
#         wrap_angle: !astropy.coordinates.Angle
#           unit: *id001
#           value: 360.0
#       representation_type: spherical
# schema: astropy-2.0
RA_ICRS_1 DE_ICRS_1 e_RA_ICRS e_DE_ICRS _r_1 HIP TYC2 Source rgeo Plx e_Plx pmRA pmDE e_pmRA e_pmDE RUWE Teff logg Gmag BP-RP BPmag RPmag RV e_RV b_rgeo B_rgeo FG e_FG FBP e_FBP FRP e_FRP RAVE5 RAVE6 e_Gmag e_BPmag e_RPmag e_BP-RP SkyCoord.ra SkyCoord.dec SkyCoord.distance SkyCoord.pm_ra_cosdec SkyCoord.pm_dec Pmemb
339.17865046495 64.17999387589 0.0102 0.0105 2.9529 "" 4273-1117-1 2205544497678574720 918.930969 1.0743 0.0116 -3.089 -1.246 0.014 0.013 0.985 "" "" 10.110443 0.641303 10.349051 9.707748 "" "" 907.088196 928.181824 1701254.94439 650.63 990370.0 647.07 1037700.0 315.59 "" "" 0.002786432409941303 0.0028789348 0.0037937788 0.006672714 339.17865046495 64.17999387589 918.930969 -3.089 -1.246 1.0
339.24873332812 64.15113329678 0.0086 0.0086 4.0029 "" "" 2205543565666035072 921.099731 1.0733 0.0096 -3.234 -1.346 0.012 0.011 0.953 "" "" 12.339191 0.952106 12.724013 11.771907 "" "" 912.273438 928.424255 218408.74729 27.522 111120.0 54.094 155020.0 40.933 "" "" 0.002758714881124483 0.00283979 0.0037902398 0.0066300295 339.24873332812 64.15113329678 921.099731 -3.234 -1.346 1.0
339.19833106811 64.14570791599 0.0113 0.0115 2.6748 "" "" 2205543668745250432 912.997559 1.0772 0.0127 -3.07 -0.964 0.016 0.014 1.259 9013.7 3.8456 12.339212 0.91528 12.704605 11.789325 -18.25 14.81 903.634277 923.158264 218404.57451 42.247 113130.0 90.171 152560.0 90.635 "" "" 0.0027633127514712945 0.002921293 0.0038340306 0.0067553236 339.19833106811 64.14570791599 912.997559 -3.07 -0.964 1.0
339.14660434232 64.13619546357 0.0089 0.0088 1.4563 "" "" 2205542161216376064 906.961731 1.0876 0.0099 -3.176 -1.243 0.012 0.011 1.009 "" "" 12.640204 0.812999 12.957806 12.144807 -1.67 28.3 898.226196 913.48468 165525.58111 25.454 89597.0 43.526 109960.0 26.268 "" "" 0.002760374141784926 0.0028395862 0.0037882712 0.0066278577 339.14660434232 64.13619546357 906.961731 -3.176 -1.2429999999999999 1.0
339.01415657987 64.12904970502 0.0087 0.009 2.3844 "" "" 2205542878471268480 906.851074 1.0852 0.0099 -3.156 -1.318 0.012 0.012 0.972 "" "" 12.671508 0.831092 12.998085 12.166993 "" "" 900.164978 914.082764 160821.37809 24.435 86334.0 42.898 107740.0 37.548 "" "" 0.002760254152583106 0.0028418468 0.0037982762 0.006640123 339.01415657987 64.12904970502 906.851074 -3.156 -1.318 1.0
339.04913370205 64.13443060452 0.0198 0.0197 1.424 "" "" 2205542917130608512 894.267456 1.1032 0.0221 -3.043 -1.199 0.027 0.025 2.028 "" "" 12.800576 0.852046 13.136307 12.284261 "" "" 875.404114 913.457703 142796.11606 24.559 76014.0 52.555 96706.0 38.095 "" "" 0.00276164049416268 0.0028893845 0.0038035056 0.00669289 339.04913370205 64.13443060452 894.267456 -3.043 -1.1990000000000003 1.0
339.17128893707 64.18737312204 0.0115 0.0111 3.1473 "" "" 2205544566398047360 914.426331 1.0741 0.0127 -3.16 -1.11 0.016 0.014 1.036 7991.8 4.0843 12.920411 0.846291 13.254931 12.40864 "" "" 903.30011 926.529907 127873.98699 19.623 68147.0 36.672 86239.0 24.556 "" "" 0.0027603530779210447 0.0028506871 0.0037920054 0.0066426927 339.17128893707 64.18737312204 914.426331 -3.1599999999999997 -1.1099999999999997 1.0
339.13519626217 64.17316425695 0.0085 0.0083 1.9033 "" "" 2205544532038309376 918.363892 1.0642 0.0094 -3.258 -1.199 0.012 0.011 0.928 "" "" 13.060826 0.85866 13.40201 12.54335 "" "" 910.535522 927.456848 112361.14124 20.672 59513.0 47.738 76176.0 26.429 "" "" 0.002762551389153178 0.0029229342 0.003798108 0.006721042 339.13519626217 64.17316425695 918.363892 -3.258 -1.199 1.0
338.90990977795 64.03837676711 0.0102 0.0094 8.1142 "" "" 2205535564146411904 944.765015 1.0317 0.0107 -3.17 -1.133 0.013 0.011 0.909 "" "" 13.522983 1.022957 13.945299 12.922342 "" "" 934.334717 954.392151 73409.7307 11.558 36083.0 30.45 53731.0 19.518 "" "" 0.0027606178991015904 0.0029367572 0.0037999048 0.0067366622 338.90990977795 64.03837676711 944.765015 -3.1700000000000004 -1.1329999999999998 1.0
339.31317507466 64.13026690913 0.0101 0.0104 5.7628 "" "" 2205355793997794304 939.465515 1.0331 0.0118 -3.031 -1.128 0.014 0.013 0.962 "" "" 13.543819 1.084017 13.995931 12.911914 "" "" 930.609131 950.686218 72014.35261 12.901 34439.0 26.601 54249.0 27.041 "" "" 0.0027621768993338477 0.0029134778 0.003817934 0.006731412 339.31317507466 64.13026690913 939.465515 -3.031 -1.128 1.0
338.91428438846 64.15662303503 0.01 0.0098 4.796 "" "" 2205545975147291520 931.106567 1.0477 0.0111 -3.219 -1.235 0.014 0.012 0.946 "" "" 13.66683 1.089175 14.124332 13.035157 "" "" 921.728577 940.888184 64300.55761 12.158 30597.0 26.292 48428.0 20.248 "" "" 0.0027629575001346194 0.0029420208 0.003806547 0.006748568 338.91428438846 64.15662303503 931.106567 -3.219 -1.2349999999999999 1.0
339.07217729344 64.13193573994 0.011 0.011 1.0706 "" "" 2205542848411135872 919.264404 1.0587 0.0123 -3.124 -1.163 0.015 0.015 1.01 9019.1 4.3744 13.965892 1.16497 14.462372 13.297401 "" "" 909.277283 927.703369 48819.13367 9.3346 22411.0 21.139 38036.0 17.658 "" "" 0.002763130052283455 0.00297218 0.0038128456 0.006785026 339.07217729344 64.13193573994 919.264404 -3.1239999999999997 -1.1630000000000003 1.0
338.89042124927 64.15752309262 0.0124 0.0119 5.422 "" "" 2205545872068073216 915.744812 1.0616 0.0134 -3.246 -1.155 0.016 0.014 1.147 7987.8 4.2448 14.050942 1.210645 14.57109 13.360445 "" "" 906.559448 925.613953 45140.83548 8.5961 20276.0 22.59 35891.0 17.868 "" "" 0.002763066604811694 0.0030411005 0.0038178388 0.0068589393 338.89042124927 64.15752309262 915.744812 -3.2459999999999996 -1.155 1.0
339.17078648721 64.17185335837 0.0181 0.0172 2.4789 "" "" 2205544497678576896 948.496033 1.023 0.0198 -3.134 -1.069 0.024 0.022 1.649 7939.4 4.026 14.06575 1.239165 14.602706 13.363541 "" "" 930.016846 967.491394 44529.36806 12.026 19694.0 26.655 35788.0 25.357 "" "" 0.0027708788323935556 0.003153486 0.0038568797 0.007010366 339.17078648721 64.17185335837 948.496033 -3.1340000000000003 -1.0690000000000002 1.0
338.70624436006 64.05898289361 0.0119 0.0114 11.4846 "" "" 2205539137559167104 946.970337 1.0288 0.0133 -3.443 -1.106 0.015 0.014 1.02 "" "" 14.128308 1.335391 14.71643 13.381039 "" "" 936.722656 958.156189 42036.19114 7.9026 17736.0 15.587 35216.0 13.525 "" "" 0.0027628701690562453 0.0029488152 0.0038023156 0.006751131 338.70624436006 64.05898289361 946.970337 -3.4430000000000005 -1.1060000000000003 1.0
339.28338279837 64.18810760422 0.0117 0.012 5.4984 "" "" 2205544188440996736 946.395447 1.0269 0.0137 -3.242 -1.179 0.016 0.016 0.941 "" "" 14.135554 1.254035 14.680821 13.426786 "" "" 935.901794 957.220276 41756.60435 7.8913 18327.0 13.713 33763.0 14.972 "" "" 0.002762949636603229 0.002906033 0.0038099256 0.006715959 339.28338279837 64.18810760422 946.395447 -3.2420000000000004 -1.1790000000000003 1.0
339.27795062517 64.14478471394 0.0121 0.0127 4.7587 "" "" 2205543535605925248 932.506958 1.0466 0.0141 -3.261 -1.082 0.017 0.017 0.979 7230.0 4.1627 14.179538 1.292577 14.746327 13.453751 "" "" 917.997314 949.384766 40098.82976 7.1581 17254.0 16.543 32935.0 20.945 "" "" 0.002762128558833069 0.0029780394 0.003841937 0.0068199765 339.27795062517 64.14478471394 932.506958 -3.2610000000000006 -1.0820000000000003 1.0
338.8983215308 64.14591778622 0.0122 0.0119 5.1753 "" "" 2205545665909648768 940.875488 1.0303 0.0133 -3.13 -1.211 0.016 0.015 0.999 7647.7 4.2488 14.24561 1.279299 14.801597 13.522298 "" "" 929.771057 951.150208 37731.38921 6.3706 16398.0 17.085 30920.0 16.583 "" "" 0.002761411666136749 0.0030107663 0.0038239772 0.0068347435 338.8983215308 64.14591778622 940.875488 -3.130000000000001 -1.211 1.0
339.11528970924 64.06258568068 0.0139 0.0127 5.0542 "" "" 2205354007291396864 930.047791 1.0469 0.0147 -3.037 -1.078 0.017 0.016 1.004 7116.3 4.1791 14.428647 1.425343 15.069454 13.644112 -36.67 9.06 917.241943 942.620422 31877.7754 7.9389 12813.0 20.242 27638.0 21.873 "" "" 0.002768555972998385 0.003275229 0.0038758302 0.007151059 339.11528970924 64.06258568068 930.047791 -3.0370000000000004 -1.0780000000000003 1.0
338.89694022423 64.14694452449 0.0229 0.0224 5.2113 "" "" 2205545665909647872 910.912415 1.074 0.0251 -2.882 -0.872 0.03 0.028 1.722 7664.4 4.2028 14.488062 1.43499 15.121007 13.686017 -27.39 7.13 890.447021 929.710571 30180.18515 12.542 12218.0 15.279 26592.0 18.539 "" "" 0.0027920191519474422 0.0031029868 0.0038544366 0.0069574234 338.89694022423 64.14694452449 910.912415 -2.882 -0.8720000000000001 1.0
339.17223637408 64.17933144563 0.014 0.0139 2.8045 "" "" 2205544562098533248 947.270691 1.0302 0.0155 -3.02 -1.162 0.019 0.018 0.96 7160.0 4.1748 14.612816 1.379752 15.221708 13.841956 -22.97 9.43 932.845032 959.607056 26904.22062 7.0822 11136.0 29.025 23034.0 28.719 "" "" 0.0027701037435889516 0.0039740712 0.0040145046 0.007988576 339.17223637408 64.17933144563 947.270691 -3.02 -1.162 1.0
338.88155210739 64.18236565704 0.0143 0.0149 6.0109 "" "" 2205546799780998528 950.715332 1.0227 0.0166 -3.038 -1.003 0.02 0.018 0.99 7407.4 4.2785 14.722445 1.429077 15.365138 13.936061 -35.63 9.5 937.047302 966.320923 24320.28269 5.5121 9758.0 9.9476 21122.0 16.944 "" "" 0.0027662870031134276 0.0030016871 0.0038784433 0.0068801306 338.88155210739 64.18236565704 950.715332 -3.038 -1.003 1.0
339.13945832895 64.1825763263 0.0149 0.015 2.4484 "" "" 2205544738196735232 913.342896 1.0652 0.0172 -3.123 -1.256 0.021 0.018 0.983 5591.5 4.135 14.722789 1.405234 15.35382 13.948586 -19.48 10.97 898.816528 930.880493 24312.5914 7.3781 9860.3 11.257 20880.0 16.619 "" "" 0.0027749505820437283 0.00305311 0.0038769208 0.006930031 339.13945832895 64.1825763263 913.342896 -3.1229999999999998 -1.2560000000000002 1.0
339.15521239967 64.14629188182 0.0157 0.0156 1.5463 "" "" 2205543707404600448 948.079163 1.0217 0.0174 -3.183 -1.254 0.023 0.021 1.054 7268.9 4.2004 14.783102 1.425481 15.424952 13.999471 -11.31 10.94 932.806519 962.344971 22998.84847 5.7338 9235.0 9.6857 19924.0 12.378 "" "" 0.0027685842244666286 0.0030135927 0.003839103 0.0068526957 339.15521239967 64.14629188182 948.079163 -3.183 -1.254 1.0
338.81955163578 64.21737740507 0.0168 0.0172 8.3882 "" "" 2205558791329665152 922.928162 1.0619 0.0189 -3.059 -1.095 0.023 0.022 1.008 6456.3 4.1566 15.065317 1.495294 15.749686 14.254393 -27.33 8.34 908.144104 939.685608 17734.54575 6.0597 6847.7 12.692 15754.0 24.289 "" "" 0.0027801832046321843 0.003440162 0.0041335025 0.007573664 338.81955163578 64.21737740507 922.928162 -3.059 -1.0950000000000002 1.0
339.15974480599 64.20407600912 0.0183 0.0188 3.8392 "" "" 2205544841275944704 902.172729 1.08 0.0205 -3.182 -1.23 0.025 0.024 1.14 6083.5 4.0855 15.06992 1.496196 15.72269 14.226494 47.85 8.49 885.941406 917.888367 17659.52497 14.065 7020.1 53.261 16164.0 89.019 "" "" 0.0028878301244958555 0.008697119 0.0070736865 0.015770804 339.15974480599 64.20407600912 902.172729 -3.182 -1.23 1.0
339.34263173404 64.05978217275 0.0182 0.018 8.2912 "" "" 2205354488327756160 932.851562 1.0442 0.0198 -3.057 -1.242 0.025 0.023 0.964 6856.6 4.2983 15.097747 1.56852 15.824888 14.256368 2.1 8.66 918.28656 950.063904 17212.66703 7.9861 6389.4 11.97 15726.0 19.256 "" "" 0.0028009906407799115 0.003452875 0.0040063905 0.007459265 339.34263173404 64.05978217275 932.851562 -3.057 -1.2420000000000002 0.8
339.13409689832 64.17474797097 0.0171 0.0166 1.9694 "" "" 2205544532038308352 959.929443 1.0155 0.019 -3.095 -1.087 0.023 0.021 1.018 6454.3 4.1106 15.099366 1.495546 15.778387 14.282841 -22.29 6.38 945.344177 979.36792 17187.01052 7.6563 6669.0 15.938 15347.0 21.825 "" "" 0.0027974487244789756 0.0038102274 0.0040826155 0.007892843 339.13409689832 64.17474797097 959.929443 -3.0950000000000006 -1.087 1.0
339.15109885803 64.01883241407 0.0187 0.0186 7.7889 "" "" 2205352976499259392 932.825562 1.0462 0.0206 -3.171 -1.124 0.024 0.022 0.956 5654.4 3.9002 15.110812 1.630743 15.875405 14.244662 -46.05 9.68 914.288635 954.50885 17006.77124 14.579 6098.9 19.238 15896.0 41.644 "" "" 0.0029082767319483604 0.0044174846 0.004730145 0.009147629 339.15109885803 64.01883241407 932.825562 -3.171 -1.124 1.0
339.21993008175 64.1529960371 0.018 0.0177 3.2632 "" "" 2205543673044867840 941.143799 1.0372 0.0199 -3.383 -1.164 0.025 0.022 0.946 "" "" 15.141514 1.580444 15.876201 14.295756 -5.88 6.91 925.887268 961.932617 16532.60237 6.8743 6094.5 12.247 15165.0 13.707 "" "" 0.0027920598649355944 0.0035419373 0.0039047122 0.0074466495 339.21993008175 64.1529960371 941.143799 -3.383 -1.164 1.0
339.10176880698 64.06541751866 0.0192 0.0175 4.8615 "" "" 2205354076010871936 917.850464 1.0604 0.021 -3.115 -1.184 0.025 0.023 0.949 6736.2 4.3341 15.178798 1.454986 15.836238 14.381252 "" "" 901.433228 932.617249 15974.51858 12.476 6323.0 21.228 14017.0 35.581 "" "" 0.0028828482439455082 0.0045904084 0.0046775583 0.009267967 339.10176880698 64.06541751866 917.850464 -3.1149999999999998 -1.1839999999999997 1.0
339.16053358706 64.13683035912 0.018 0.0178 1.7809 "" "" 2205543634385553664 927.572144 1.0469 0.0201 -3.261 -1.223 0.025 0.022 0.998 6600.5 4.2971 15.203464 1.559842 15.921305 14.361463 "" "" 909.521729 944.845642 15615.68849 13.102 5846.5 17.256 14275.0 28.225 "" "" 0.0029020067313688673 0.00424903 0.004346525 0.008595554 339.16053358706 64.13683035912 927.572144 -3.2610000000000006 -1.2230000000000005 1.0
339.20316514057 63.98542754676 0.0196 0.02 10.0588 "" "" 2205349781043606144 901.983154 1.0799 0.0219 -3.599 -1.485 0.027 0.026 1.004 5333.7 4.1553 15.284548 1.767236 16.135653 14.368417 "" "" 880.275696 919.824524 14491.97985 31.114 4799.1 36.972 14184.0 91.761 "" "" 0.0036091001644939173 0.008817544 0.007976223 0.016793767 339.20316514057 63.98542754676 901.983154 -3.599 -1.4850000000000005 0.8
339.46226752675 64.03955561903 0.0199 0.0193 11.5426 "" "" 2205351533390270464 911.858459 1.07 0.0224 -3.212 -1.126 0.026 0.026 0.969 6666.0 4.2837 15.340487 1.731728 16.171026 14.439299 "" "" 893.835876 929.776184 13764.23849 11.131 4645.2 16.053 13287.0 30.047 "" "" 0.002891835957859351 0.0046758326 0.0045068897 0.009182722 339.46226752675 64.03955561903 911.858459 -3.2119999999999997 -1.1260000000000003 1.0
339.19951227342 64.15551242975 0.0205 0.0201 2.7595 "" "" 2205543673044864768 900.577881 1.0826 0.0228 -3.157 -1.127 0.03 0.027 1.011 5369.5 4.1739 15.348139 1.731398 16.176317 14.44492 "" "" 882.578552 920.934387 13667.56894 9.0761 4622.6 12.89 13219.0 22.818 "" "" 0.0028480911693914523 0.00411717 0.004218548 0.008335718 339.19951227342 64.15551242975 900.577881 -3.1570000000000005 -1.1269999999999998 1.0
339.34741910826 64.18608792878 0.0188 0.0207 6.9886 "" "" 2205544016642256896 955.927185 1.0185 0.0226 -3.251 -1.278 0.025 0.026 0.925 5268.2 4.1555 15.368757 1.740096 16.20533 14.465234 "" "" 933.284302 976.714233 13410.45991 13.863 4500.8 17.16 12974.0 52.304 "" "" 0.00297514945595741 0.0049920767 0.0057829604 0.010775037 339.34741910826 64.18608792878 955.927185 -3.2509999999999994 -1.2779999999999998 1.0
338.99311074948 64.11490398158 0.0244 0.023 3.293 "" "" 2205542504813746944 926.617737 1.0502 0.0267 -3.193 -1.199 0.032 0.029 1.028 4931.4 4.1778 15.800883 1.863635 16.71266 14.849025 "" "" 906.421875 950.317139 9007.27699 11.716 2820.7 15.503 9110.6 27.008 "" "" 0.0030961631474099795 0.006587457 0.004964196 0.011551653 338.99311074948 64.11490398158 926.617737 -3.193 -1.1989999999999998 1.0
338.95770132029 64.16112436401 0.0258 0.0243 3.7267 "" "" 2205545803348605696 889.009033 1.0932 0.0284 -3.14 -1.328 0.037 0.031 1.067 6317.9 4.262 15.874819 2.00788 16.886333 14.878453 "" "" 871.850037 909.590332 8414.32119 10.446 2403.7 15.493 8867.0 28.988 "" "" 0.003067344713918117 0.007533812 0.005184843 0.012718655 338.95770132029 64.16112436401 889.009033 -3.14 -1.3279999999999998 1.0
339.10551333333 64.19155498489 0.0245 0.0249 2.7202 "" "" 2205543329447453184 907.582397 1.08 0.0282 -3.159 -1.042 0.034 0.032 0.98 4954.2 4.1934 15.890787 1.763798 16.74195 14.978151 "" "" 886.596619 931.028748 8291.4756 12.658 2745.6 19.372 8089.1 43.247 "" "" 0.003215454322783538 0.008152883 0.0069266385 0.015079521 339.10551333333 64.19155498489 907.582397 -3.1590000000000007 -1.042 1.0
