Clusters/FSR_0398/FSR_0398_stars_in_region.tsv
# %ECSV 1.0
# ---
# datatype:
# - name: RA_ICRS_1
#   unit: deg
#   datatype: float64
#   format: '{:15.11f}'
#   description: Right ascension (ICRS) at Ep=2016.0 (ra)
#   meta: !!omap
#   - {ucd: POS_EQ_RA_MAIN}
#   - {width: 15}
#   - {precision: '11'}
# - name: DE_ICRS_1
#   unit: deg
#   datatype: float64
#   format: '{:15.11f}'
#   description: Declination (ICRS) at Ep=2016.0 (dec)
#   meta: !!omap
#   - {ucd: POS_EQ_DEC_MAIN}
#   - {width: 15}
#   - {precision: '11'}
# - name: e_RA_ICRS
#   unit: mas
#   datatype: float64
#   format: '{:7.4f}'
#   description: Standard error of right ascension (ra_error)
#   meta: !!omap
#   - {ucd: ERROR}
#   - {width: 7}
#   - {precision: '4'}
# - name: e_DE_ICRS
#   unit: mas
#   datatype: float64
#   format: '{:7.4f}'
#   description: Standard error of declination (dec_error)
#   meta: !!omap
#   - {ucd: ERROR}
#   - {width: 7}
#   - {precision: '4'}
# - name: _r_1
#   unit: ''
#   datatype: float64
#   format: '{:7.4f}'
#   description: Distance from center (339.09611516000+64.14640433000)[ICRS], at Epoch=J2016.0
#   meta: !!omap
#   - {ucd: POS_ANG_DIST_GENERAL}
#   - {width: 7}
#   - {precision: '4'}
# - name: HIP
#   datatype: int32
#   description: '? HIP cross-id number, van Leeuwen, Cat. I/311 (hip_original_ext_source_id)'
#   meta: !!omap
#   - {ucd: ID_NUMBER}
#   - {width: 6}
#   - values: {'null': -2147483648}
# - name: TYC2
#   datatype: string
#   description: Tycho-2 cross-id name, Hog et al., Cat. I/259 (tyc2_original_ext_source_id)
#   meta: !!omap
#   - {ucd: ID_CROSSID}
#   - {_votable_string_dtype: char}
# - name: Source
#   datatype: int64
#   description: Source identifier, identical to the Gaia-EDR3 source_id (id)
#   meta: !!omap
#   - {ucd: ID_MAIN}
#   - {width: 19}
# - name: rgeo
#   unit: pc
#   datatype: float64
#   format: '{:15.8f}'
#   description: '? Median of the geometric distance posterior (r_med_geo)'
#   meta: !!omap
#   - {ucd: PHYS_DISTANCE_TRUE}
#   - {width: 15}
#   - {precision: '8'}
#   - values: {'null': .nan}
# - name: Plx
#   unit: mas
#   datatype: float64
#   format: '{:9.4f}'
#   description: '? Parallax (parallax)'
#   meta: !!omap
#   - {ucd: POS_PARLX_TRIG}
#   - {width: 9}
#   - {precision: '4'}
#   - values: {'null': .nan}
# - name: e_Plx
#   unit: mas
#   datatype: float32
#   format: '{:7.4f}'
#   description: '? Standard error of parallax (parallax_error)'
#   meta: !!omap
#   - {ucd: ERROR}
#   - {width: 7}
#   - {precision: '4'}
#   - values: {'null': .nan}
# - name: pmRA
#   unit: mas / yr
#   datatype: float64
#   format: '{:9.3f}'
#   description: '? Proper motion in right ascension direction, pmRA*cosDE (pmra)'
#   meta: !!omap
#   - {ucd: POS_EQ_PMRA}
#   - {width: 9}
#   - {precision: '3'}
#   - values: {'null': .nan}
# - name: pmDE
#   unit: mas / yr
#   datatype: float64
#   format: '{:9.3f}'
#   description: '? Proper motion in declination direction (pmdec)'
#   meta: !!omap
#   - {ucd: POS_EQ_PMDEC}
#   - {width: 9}
#   - {precision: '3'}
#   - values: {'null': .nan}
# - name: e_pmRA
#   unit: mas / yr
#   datatype: float32
#   format: '{:6.3f}'
#   description: '? Standard error of proper motion in right ascension direction (pmra_error)'
#   meta: !!omap
#   - {ucd: ERROR}
#   - {width: 6}
#   - {precision: '3'}
#   - values: {'null': .nan}
# - name: e_pmDE
[...]
#         value: !astropy.table.SerializedColumn {name: SkyCoord.dec}
#       distance: !astropy.table.SerializedColumn
#         __class__: astropy.coordinates.distances.Distance
#         unit: !astropy.units.Unit {unit: pc}
#         value: !astropy.table.SerializedColumn {name: SkyCoord.distance}
#       frame: icrs
#       obstime: !astropy.time.Time {format: jyear_str, in_subfmt: '*', jd1: 367701545.0, jd2: 0.0, out_subfmt: '*', precision: 3, scale: tt}
#       pm_dec: !astropy.table.SerializedColumn
#         __class__: astropy.units.quantity.Quantity
#         unit: !astropy.units.Unit {unit: mas / yr}
#         value: !astropy.table.SerializedColumn {name: SkyCoord.pm_dec}
#       pm_ra_cosdec: !astropy.table.SerializedColumn
#         __class__: astropy.units.quantity.Quantity
#         unit: !astropy.units.Unit {unit: mas / yr}
#         value: !astropy.table.SerializedColumn {name: SkyCoord.pm_ra_cosdec}
#       ra: !astropy.table.SerializedColumn
#         __class__: astropy.coordinates.angles.Longitude
#         unit: *id001
#         value: !astropy.table.SerializedColumn {name: SkyCoord.ra}
#         wrap_angle: !astropy.coordinates.Angle
#           unit: *id001
#           value: 360.0
#       representation_type: spherical
# schema: astropy-2.0
RA_ICRS_1 DE_ICRS_1 e_RA_ICRS e_DE_ICRS _r_1 HIP TYC2 Source rgeo Plx e_Plx pmRA pmDE e_pmRA e_pmDE RUWE Teff logg Gmag BP-RP BPmag RPmag RV e_RV b_rgeo B_rgeo FG e_FG FBP e_FBP FRP e_FRP RAVE5 RAVE6 e_Gmag e_BPmag e_RPmag e_BP-RP SkyCoord.ra SkyCoord.dec SkyCoord.distance SkyCoord.pm_ra_cosdec SkyCoord.pm_dec rmRA rmDE e_rmRA e_rmDE rRV e_rRV v_pec v_pec3d e_vpec e_vpec3d
[from data line 1165]
340.53886704389 63.85559531726 0.0448 0.0415 41.7644 "" "" 2211282367825646464 777.447021 1.27 0.0513 -5.308 -6.237 0.063 0.05 1.027 4537.4 4.4762 16.726698 1.823042 17.625072 15.802031 "" "" 747.320312 801.709595 3839.43685 3.0117 1217.3 8.503 3787.4 8.781 "" "" 0.0028839420220646314 0.008080981 0.0045409575 0.012621938 340.53886704389 63.85559531726 777.447021 -5.308 -6.236999999999993 -2.1468261795043944 -5.067412983894348 0.17906488 0.16606489 "" "" 20.28061516928959 "" 3.409332908986062 ""
339.8328239054 64.55995171176 0.047 0.0466 31.3317 "" "" 2211563258686775296 879.720337 1.0959 0.0533 -1.544 -6.054 0.058 0.059 1.154 4526.8 4.3563 16.72779 1.869268 17.64006 15.770792 "" "" 831.074768 918.307678 3835.57133 2.5402 1200.6 9.204 3898.0 17.844 "" "" 0.0028476006746779576 0.008778647 0.006243934 0.0150225805 339.8328239054 64.55995171176 879.720337 -1.5440000000000023 -6.054000000000001 1.6171738204956054 -4.884412983894348 0.17406487 0.17506489 "" "" 21.45469929462085 "" 3.7538505116218 ""
339.35438704412 64.82778686275 0.048 0.0426 41.4241 "" "" 2211626343167379200 889.645996 1.0856 0.0505 12.153 10.355 0.065 0.056 1.061 5424.9 4.5893 16.730457 1.876761 17.649918 15.773156 "" "" 855.571777 931.773376 3826.16762 2.369 1189.7 8.3799 3889.5 7.7006 "" "" 0.0028361414197209276 0.008140698 0.004347925 0.012488623 339.35438704412 64.82778686275 889.645996 12.153 10.354999999999999 15.314173820495606 11.524587016105652 0.18106487 0.17206489 "" "" 80.8220191672103 "" 14.375278450579103 ""
338.90803559906 63.54097335549 0.0393 0.0365 36.6649 "" "" 2205322117150113408 748.999084 1.3001 0.0432 11.787 -0.59 0.048 0.044 0.963 4574.0 4.4663 16.732735 2.143068 17.843615 15.700546 "" "" 728.960754 765.414246 3818.15072 2.1895 995.34 7.1778 4158.5 6.6964 "" "" 0.00282478898653152 0.008311979 0.004164188 0.012476167 338.90803559906 63.54097335549 748.999084 11.787 -0.5900000000000029 14.948173820495606 0.5795870161056519 0.16406488 0.16006488 "" "" 53.109715058994865 "" 8.713124240121683 ""
339.98674084149 64.55295303546 0.0405 0.0425 33.6164 "" "" 2211562708930980352 1079.49353 0.9093 0.0471 -2.424 -7.119 0.049 0.052 1.022 5502.7 4.5747 16.733072 1.788496 17.597124 15.808628 "" "" 1021.85614 1134.30591 3816.96487 2.6475 1249.0 7.0406 3764.5 9.9595 "" "" 0.002856382585091075 0.0067262854 0.0047470806 0.011473366 339.98674084149 64.55295303546 1079.49353 -2.424000000000004 -7.119 0.7371738204956055 -5.949412983894348 0.16506489 0.16806489 "" "" 30.674749003598908 "" 5.153969139724553 ""
339.2352090829 64.15453740617 0.0416 0.04 3.6713 "" "" 2205543565666090496 903.675171 1.0787 0.046 -2.863 -1.421 0.055 0.051 0.986 4741.4 4.2381 16.734167 2.312733 17.859348 15.546616 "" "" 863.707825 940.221558 3813.11618 5.9651 981.02 20.302 4791.9 77.861 "" "" 0.0032367644356709113 0.022641655 0.018041832 0.040683486 339.2352090829 64.15453740617 903.675171 -2.863 -1.4209999999999996 0.2981738204956055 -0.2514129838943482 0.17106488 0.16706488 "" "" 1.6706224191703238 "" 0.2830272231475755 ""
339.64394475085 63.70367037302 0.0399 0.0391 30.2386 "" "" 2205284119582280192 1044.59497 0.9189 0.0458 -7.726 -4.413 0.054 0.049 0.91 4633.5 4.3672 16.7411 1.70418 17.561756 15.857576 "" "" 1011.67267 1096.09888 3788.84125 2.527 1290.4 6.0547 3598.5 9.9952 "" "" 0.0028488891798757717 0.0058084335 0.0048351246 0.010643559 339.64394475085 63.70367037302 1044.59497 -7.726000000000001 -4.412999999999999 -4.5648261795043945 -3.2434129838943484 0.17006488 0.16506489 "" "" 27.72656432696471 "" 4.669265388982853 ""
340.6042432185 64.00066693955 0.0434 0.0399 40.5165 "" "" 2211297211232533888 1004.1604 0.9622 0.0486 -5.746 -2.208 0.055 0.052 0.992 5033.9 4.6251 16.743935 1.70088 17.566553 15.865673 "" "" 955.53772 1051.20068 3778.96583 2.169 1284.7 6.9545 3571.8 8.0936 "" "" 0.0028249138045505205 0.0065061045 0.0045096064 0.011015711 340.6042432185 64.00066693955 1004.1604 -5.746000000000003 -2.2079999999999993 -2.584826179504395 -1.0384129838943483 0.17106488 0.16806489 "" "" 13.258728581292184 "" 2.2626172899132992 ""
339.4732875156 63.88526745191 0.0435 0.0402 18.5417 "" "" 2205337102300179584 1062.7998 0.9202 0.0467 -7.096 -2.19 0.056 0.049 1.023 4631.8 4.3427 16.745066 1.814411 17.637033 15.822622 "" "" 1014.17804 1113.69214 3775.02821 2.2451 1203.9 7.1826 3716.3 9.905 "" "" 0.0028299708835684842 0.007052987 0.0047600195 0.011813006 339.4732875156 63.88526745191 1062.7998 -7.0960000000000045 -2.1900000000000013 -3.9348261795043946 -1.020412983894348 0.17206489 0.16506489 "" "" 20.4780551981468 "" 3.514694052297871 ""
338.74140479915 64.74672506455 0.0607 0.0543 37.1706 "" "" 2205632458609660800 946.35498 1.0413 0.0665 8.161 8.562 0.083 0.069 1.408 5920.7 4.5648 16.746782 1.960136 17.617334 15.657199 "" "" 887.592712 1008.28632 3769.06924 2.8066 1226.0 8.7735 4327.9 13.243 "" "" 0.0028714863092752455 0.008255541 0.005032011 0.013287552 338.74140479915 64.74672506455 946.35498 8.161 8.561999999999996 11.322173820495605 9.731587016105651 0.19906488 0.18506488 "" "" 66.97041222399773 "" 12.94139762040585 ""
337.63831543661 64.07918559622 0.0407 0.0456 38.4001 "" "" 2205577444366198400 828.116089 1.194 0.0475 -2.221 -1.551 0.052 0.054 1.036 4342.3 4.3665 16.74758 1.932837 17.71164 15.778803 "" "" 800.149902 853.719299 3766.29822 2.9029 1124.0 7.9574 3869.3 10.034 "" "" 0.002879598605706396 0.008177253 0.0047128703 0.012890124 337.63831543661 64.07918559622 828.116089 -2.2209999999999996 -1.5509999999999997 0.9401738204956054 -0.3814129838943481 0.16806489 0.17006488 "" "" 3.9825589294448993 "" 0.6704597084901409 ""
339.13934039372 63.44541641636 0.0445 0.043 42.0749 "" "" 2205271887515455744 811.684326 1.1967 0.0498 2.479 13.137 0.053 0.049 1.096 5158.9 4.684 16.74931 1.791111 17.624453 15.833342 "" "" 783.37561 845.119995 3760.30443 2.3701 1218.0 9.2614 3679.8 11.351 "" "" 0.0028390318917928376 0.008714446 0.0050498033 0.013764249 339.13934039372 63.44541641636 811.684326 2.4790000000000023 13.137000000000002 5.640173820495606 14.306587016105652 0.16906488 0.16506489 "" "" 59.16595587587274 "" 9.798389412651623 ""
337.92910823616 63.7421126312 0.0395 0.0377 39.17 "" "" 2205507457879870208 835.464355 1.1599 0.0438 -7.627 -13.673 0.051 0.048 0.997 4681.6 4.3993 16.749367 1.823246 17.645592 15.822346 "" "" 804.240662 873.524048 3760.10598 2.0585 1194.5 6.4678 3717.2 9.5085 "" "" 0.0028187044454955823 0.0065074037 0.0046900995 0.011197504 337.92910823616 63.7421126312 835.464355 -7.626999999999997 -13.672999999999993 -4.465826179504394 -12.503412983894348 0.16706488 0.16406488 "" "" 52.57829296812182 "" 8.644241482596087 ""
339.15501120744 64.28944279727 0.0377 0.0393 8.7189 "" "" 2205548994504887424 978.942383 0.997 0.0446 -3.048 -1.255 0.05 0.05 0.998 4638.8 4.4219 16.755417 1.962971 17.711628 15.748657 "" "" 937.282166 1031.08008 3739.20883 2.9459 1124.0 9.4568 3978.3 22.603 "" "" 0.0028850435164767146 0.009551484 0.0072343936 0.016785879 339.15501120744 64.28944279727 978.942383 -3.048 -1.2549999999999997 0.11317382049560543 -0.08541298389434804 0.16606489 0.16606489 "" "" 0.657920439006105 "" 0.10925748417364135 ""
338.1625436805 63.66878516009 0.0419 0.0417 37.7904 "" "" 2205318616760417280 798.412354 1.232 0.0466 3.643 -4.124 0.054 0.052 0.956 4567.7 4.4317 16.762936 1.834079 17.671724 15.837646 "" "" 766.913147 827.738159 3713.40459 2.5574 1166.1 8.2093 3665.2 12.064 "" "" 0.0028549789330187007 0.008136878 0.0052014473 0.013338326 338.1625436805 63.66878516009 798.412354 3.643 -4.1240000000000006 6.804173820495605 -2.954412983894348 0.17006488 0.16806489 "" "" 28.072878579757507 "" 4.765348674078397 ""
340.29677716833 63.69546563228 0.0423 0.0377 41.6521 "" "" 2211274568165092608 1076.87866 0.907 0.0447 -4.758 -2.875 0.056 0.053 0.969 5354.0 4.5915 16.76312 1.677202 17.5512 15.873999 "" "" 1023.34033 1135.64087 3712.77296 2.5291 1303.0 11.657 3544.5 12.325 "" "" 0.0028528555769952763 0.010106096 0.005341997 0.015448093 340.29677716833 63.69546563228 1076.87866 -4.758 -2.8750000000000004 -1.5968261795043945 -1.7054129838943481 0.17206489 0.16906488 "" "" 11.925409689705969 "" 2.0329593097915986 ""
340.47103463571 64.1106611295 0.0439 0.0443 36.0602 "" "" 2211348785201251584 855.01709 1.142 0.0512 -2.306 -2.202 0.057 0.057 1.019 4499.4 4.473 16.764332 1.653504 17.541676 15.888171 "" "" 823.197876 890.568726 3708.63673 2.8492 1314.5 11.023 3498.6 10.293 "" "" 0.0028788121977816944 0.009522594 0.0049484447 0.014471038 340.47103463571 64.1106611295 855.01709 -2.306 -2.202 0.8551738204956054 -1.032412983894348 0.17306489 0.17306489 "" "" 5.43314381620242 "" 0.9402864234508923 ""
338.18755228753 64.55070229682 0.0421 0.0402 33.8423 "" "" 2205623696876372352 857.88147 1.1583 0.0456 2.347 -8.334 0.056 0.051 0.939 5071.4 4.6375 16.766115 1.764394 17.62262 15.858226 "" "" 828.003052 896.840027 3702.54933 2.0401 1220.0 8.6021 3596.4 12.076 "" "" 0.0028195176231923737 0.008148036 0.005251168 0.013399204 338.18755228753 64.55070229682 857.88147 2.346999999999999 -8.334 5.508173820495605 -7.164412983894348 0.17206489 0.16706488 "" "" 36.747998967165245 "" 6.208194357064317 ""
337.96169790287 64.44801492914 0.0404 0.04 34.6247 "" "" 2205621424833895168 1023.96259 0.9628 0.0452 -2.255 -8.599 0.052 0.048 1.011 4939.9 4.396 16.768421 1.608891 17.52892 15.920029 "" "" 980.356384 1085.32166 3694.69539 2.1034 1330.0 8.308 3397.4 9.5485 "" "" 0.002823801068205807 0.0073336875 0.004857505 0.012191193 337.96169790287 64.44801492914 1023.96259 -2.2550000000000043 -8.599 0.9061738204956056 -7.429412983894348 0.16806489 0.16406488 "" "" 36.326505964094814 "" 5.9620595968748 ""
338.12123775313 64.45178135231 0.0436 0.0402 31.2914 "" "" 2205620879377706496 978.107544 1.0061 0.046 4.895 -2.796 0.055 0.049 1.011 5467.2 4.5745 16.768635 1.844381 17.67306 15.828678 "" "" 937.834045 1023.29016 3693.96813 2.1599 1164.6 7.2618 3695.6 9.0161 "" "" 0.0028275098950003236 0.007322473 0.004615209 0.011937682 338.12123775313 64.45178135231 978.107544 4.895 -2.7959999999999994 8.056173820495605 -1.626412983894348 0.17106488 0.16506489 "" "" 38.10381709215745 "" 6.5094229857548545 ""
339.61141657287 64.27009844964 0.039 0.0439 15.3639 "" "" 2211549480431584640 1020.98291 0.9607 0.048 -7.997 1.683 0.051 0.053 0.996 5471.1 4.6279 16.772522 1.718125 17.59725 15.879125 "" "" 969.973572 1085.05237 3680.76289 2.3077 1248.9 9.0576 3527.8 8.7497 "" "" 0.0028381619628418736 0.008353982 0.004640605 0.012994587 339.61141657287 64.27009844964 1020.98291 -7.996999999999995 1.6830000000000005 -4.835826179504394 2.8525870161056517 0.16706488 0.16906488 "" "" 27.17108100601701 "" 4.5534233495688845 ""
340.4900807811 64.0211615355 0.0478 0.0427 37.3181 "" "" 2211298997938888448 1065.40503 0.9201 0.0511 10.088 -2.562 0.063 0.054 1.055 5048.8 4.656 16.77396 1.631636 17.522848 15.891212 "" "" 1015.14301 1129.29016 3675.89114 2.5991 1337.4 11.337 3488.8 8.8914 "" "" 0.0028602681673767804 0.009617308 0.004684052 0.01430136 340.4900807811 64.0211615355 1065.40503 10.088000000000003 -2.5619999999999994 13.249173820495605 -1.392412983894348 0.17906488 0.17006488 "" "" 67.27707260359317 "" 12.040511240863852 ""
339.07462479368 64.20141621553 0.0402 0.0383 3.3482 "" "" 2205546280085467264 1092.85388 0.8907 0.0442 7.644 5.883 0.053 0.049 1.022 4698.3 4.3845 16.779955 1.71728 17.615368 15.898088 "" "" 1039.60962 1140.57971 3655.64956 2.097 1228.2 7.7352 3466.8 6.8184 "" "" 0.002824833845828809 0.007385309 0.0043409253 0.011726234 339.07462479368 64.20141621553 1092.85388 7.644000000000002 5.882999999999998 10.805173820495606 7.052587016105652 0.16906488 0.16506489 "" "" 66.83985736882236 "" 11.221066440957852 ""
340.27675977452 63.73126695197 0.0403 0.0401 39.8609 "" "" 2211274911762441088 850.678467 1.1537 0.045 -4.898 -2.476 0.056 0.055 1.007 4590.9 4.3923 16.780489 1.815519 17.66871 15.853191 "" "" 819.741577 884.436401 3653.85128 3.381 1169.3 7.518 3613.1 9.9091 "" "" 0.0029327681002537602 0.0075176856 0.0048114783 0.012329164 340.27675977452 63.73126695197 850.678467 -4.8980000000000015 -2.4760000000000004 -1.7368261795043942 -1.3064129838943481 0.17206489 0.17106488 "" "" 8.763258648727104 "" 1.5046884536753529 ""
340.1830174264 64.5506339666 0.044 0.0454 37.2178 "" "" 2211561025303820544 900.346558 1.0918 0.0515 -1.871 -0.908 0.053 0.051 1.069 4390.8 4.3338 16.780638 1.980297 17.781324 15.801027 "" "" 854.857178 948.09259 3653.35074 13.81 1054.1 16.156 3790.9 47.445 "" "" 0.004943288376062639 0.016873173 0.01410432 0.030977493 340.1830174264 64.5506339666 900.346558 -1.871 -0.9079999999999998 1.2901738204956055 0.2615870161056518 0.16906488 0.16706488 "" "" 5.618033909861728 "" 0.9493710825073203 ""
340.14202007749 64.39628767474 0.2017 0.2165 31.095 "" "" 2211369504123511552 833.82251 1.282 0.2378 -1.783 0.267 0.253 0.257 5.489 "" "" 16.783443 2.113739 17.722176 15.608437 "" "" 715.838501 990.396667 3643.92333 12.953 1113.1 9.7835 4526.7 8.9361 "" "" 0.004742061250027736 0.009942518 0.0043448387 0.014287356 340.14202007749 64.39628767474 833.82251 -1.7830000000000004 0.26700000000000046 1.3781738204956056 1.4365870161056518 0.36906487 0.37306488 "" "" 7.868137780386942 "" 2.920284713485398 ""
337.72747268246 64.49801381009 0.0412 0.0418 41.3654 "" "" 2205601878442036352 924.032532 1.0516 0.049 -6.155 -2.423 0.054 0.051 1.015 7164.4 4.3326 16.786371 1.950271 17.753798 15.803527 "" "" 889.409607 967.866089 3634.10849 2.3465 1081.2 8.9584 3782.2 8.7236 "" "" 0.0028431067396205013 0.009418746 0.0045337547 0.013952501 337.72747268246 64.49801381009 924.032532 -6.155 -2.423 -2.993826179504395 -1.2534129838943482 0.17006488 0.16706488 "" "" 14.215530462696517 "" 2.4112500454034813 ""
340.0099878868 63.66131291788 0.0426 0.0402 37.7998 "" "" 2211273537373085056 852.208313 1.1438 0.0473 -6.124 -1.263 0.059 0.058 1.023 5142.0 4.5895 16.788141 1.912433 17.737894 15.825461 "" "" 817.279053 893.035706 3628.19115 3.1333 1097.1 7.1353 3706.6 10.274 "" "" 0.002910491062341994 0.0075926483 0.004831207 0.012423855 340.0099878868 63.66131291788 852.208313 -6.1240000000000006 -1.2630000000000006 -2.962826179504394 -0.09341298389434805 0.17506489 0.17406487 "" "" 11.974186728203374 "" 2.0962478440673085 ""
339.25900282221 64.36678588781 0.0409 0.0394 13.8876 "" "" 2205549926517172096 913.423035 1.0768 0.0464 -1.544 -1.462 0.058 0.051 0.958 4682.9 4.4218 16.788164 1.726 17.622892 15.896893 "" "" 871.101501 948.948792 3628.1151 2.1979 1219.7 6.5328 3470.6 8.9945 "" "" 0.0028327381161704183 0.006450003 0.004711828 0.011161831 339.25900282221 64.36678588781 913.423035 -1.544000000000001 -1.4620000000000013 1.6171738204956054 -0.2924129838943481 0.17406487 0.16706488 "" "" 7.115296755354095 "" 1.236977098902469 ""
339.94761671626 63.58170348655 0.0427 0.0402 40.6746 "" "" 2211272128623656960 1082.6001 0.9192 0.0475 -0.402 0.756 0.054 0.055 1.015 5162.7 4.5627 16.788305 1.834866 17.69086 15.855995 "" "" 1014.02649 1126.16772 3627.64135 2.1883 1145.7 9.2326 3603.8 9.1954 "" "" 0.0028320921972036415 0.009183505 0.004685995 0.0138695 339.94761671626 63.58170348655 1082.6001 -0.4020000000000002 0.7560000000000004 2.7591738204956053 1.9255870161056519 0.17006488 0.17106488 "" "" 17.265826453165392 "" 2.9419768879600254 ""
338.94040369331 64.23748829479 0.0445 0.0384 6.8125 "" "" 2205547486975753088 921.84259 1.062 0.0466 0.272 -1.391 0.06 0.048 1.022 4947.3 4.6094 16.789381 1.698222 17.556631 15.858409 "" "" 883.072327 952.799805 3624.05104 2.8652 1296.5 15.419 3595.8 25.745 "" "" 0.0028859355153632417 0.013210446 0.008643636 0.02185408 338.94040369331 64.23748829479 921.84259 0.272 -1.391 3.4331738204956057 -0.22141298389434816 0.17606488 0.16406488 "" "" 15.032534132047498 "" 2.6459794827622334 ""
