Clusters/FSR_0398/FSR_0398_stars_in_region.tsv
# %ECSV 1.0
# ---
# datatype:
# - name: RA_ICRS_1
#   unit: deg
#   datatype: float64
#   format: '{:15.11f}'
#   description: Right ascension (ICRS) at Ep=2016.0 (ra)
#   meta: !!omap
#   - {ucd: POS_EQ_RA_MAIN}
#   - {width: 15}
#   - {precision: '11'}
# - name: DE_ICRS_1
#   unit: deg
#   datatype: float64
#   format: '{:15.11f}'
#   description: Declination (ICRS) at Ep=2016.0 (dec)
#   meta: !!omap
#   - {ucd: POS_EQ_DEC_MAIN}
#   - {width: 15}
#   - {precision: '11'}
# - name: e_RA_ICRS
#   unit: mas
#   datatype: float64
#   format: '{:7.4f}'
#   description: Standard error of right ascension (ra_error)
#   meta: !!omap
#   - {ucd: ERROR}
#   - {width: 7}
#   - {precision: '4'}
# - name: e_DE_ICRS
#   unit: mas
#   datatype: float64
#   format: '{:7.4f}'
#   description: Standard error of declination (dec_error)
#   meta: !!omap
#   - {ucd: ERROR}
#   - {width: 7}
#   - {precision: '4'}
# - name: _r_1
#   unit: ''
#   datatype: float64
#   format: '{:7.4f}'
#   description: Distance from center (339.09611516000+64.14640433000)[ICRS], at Epoch=J2016.0
#   meta: !!omap
#   - {ucd: POS_ANG_DIST_GENERAL}
#   - {width: 7}
#   - {precision: '4'}
# - name: HIP
#   datatype: int32
#   description: '? HIP cross-id number, van Leeuwen, Cat. I/311 (hip_original_ext_source_id)'
#   meta: !!omap
#   - {ucd: ID_NUMBER}
#   - {width: 6}
#   - values: {'null': -2147483648}
# - name: TYC2
#   datatype: string
#   description: Tycho-2 cross-id name, Hog et al., Cat. I/259 (tyc2_original_ext_source_id)
#   meta: !!omap
#   - {ucd: ID_CROSSID}
#   - {_votable_string_dtype: char}
# - name: Source
#   datatype: int64
#   description: Source identifier, identical to the Gaia-EDR3 source_id (id)
#   meta: !!omap
#   - {ucd: ID_MAIN}
#   - {width: 19}
# - name: rgeo
#   unit: pc
#   datatype: float64
#   format: '{:15.8f}'
#   description: '? Median of the geometric distance posterior (r_med_geo)'
#   meta: !!omap
#   - {ucd: PHYS_DISTANCE_TRUE}
#   - {width: 15}
#   - {precision: '8'}
#   - values: {'null': .nan}
# - name: Plx
#   unit: mas
#   datatype: float64
#   format: '{:9.4f}'
#   description: '? Parallax (parallax)'
#   meta: !!omap
#   - {ucd: POS_PARLX_TRIG}
#   - {width: 9}
#   - {precision: '4'}
#   - values: {'null': .nan}
# - name: e_Plx
#   unit: mas
#   datatype: float32
#   format: '{:7.4f}'
#   description: '? Standard error of parallax (parallax_error)'
#   meta: !!omap
#   - {ucd: ERROR}
#   - {width: 7}
#   - {precision: '4'}
#   - values: {'null': .nan}
# - name: pmRA
#   unit: mas / yr
#   datatype: float64
#   format: '{:9.3f}'
#   description: '? Proper motion in right ascension direction, pmRA*cosDE (pmra)'
#   meta: !!omap
#   - {ucd: POS_EQ_PMRA}
#   - {width: 9}
#   - {precision: '3'}
#   - values: {'null': .nan}
# - name: pmDE
#   unit: mas / yr
#   datatype: float64
#   format: '{:9.3f}'
#   description: '? Proper motion in declination direction (pmdec)'
#   meta: !!omap
#   - {ucd: POS_EQ_PMDEC}
#   - {width: 9}
#   - {precision: '3'}
#   - values: {'null': .nan}
# - name: e_pmRA
#   unit: mas / yr
#   datatype: float32
#   format: '{:6.3f}'
#   description: '? Standard error of proper motion in right ascension direction (pmra_error)'
#   meta: !!omap
#   - {ucd: ERROR}
#   - {width: 6}
#   - {precision: '3'}
#   - values: {'null': .nan}
# - name: e_pmDE
[...]
#         value: !astropy.table.SerializedColumn {name: SkyCoord.dec}
#       distance: !astropy.table.SerializedColumn
#         __class__: astropy.coordinates.distances.Distance
#         unit: !astropy.units.Unit {unit: pc}
#         value: !astropy.table.SerializedColumn {name: SkyCoord.distance}
#       frame: icrs
#       obstime: !astropy.time.Time {format: jyear_str, in_subfmt: '*', jd1: 367701545.0, jd2: 0.0, out_subfmt: '*', precision: 3, scale: tt}
#       pm_dec: !astropy.table.SerializedColumn
#         __class__: astropy.units.quantity.Quantity
#         unit: !astropy.units.Unit {unit: mas / yr}
#         value: !astropy.table.SerializedColumn {name: SkyCoord.pm_dec}
#       pm_ra_cosdec: !astropy.table.SerializedColumn
#         __class__: astropy.units.quantity.Quantity
#         unit: !astropy.units.Unit {unit: mas / yr}
#         value: !astropy.table.SerializedColumn {name: SkyCoord.pm_ra_cosdec}
#       ra: !astropy.table.SerializedColumn
#         __class__: astropy.coordinates.angles.Longitude
#         unit: *id001
#         value: !astropy.table.SerializedColumn {name: SkyCoord.ra}
#         wrap_angle: !astropy.coordinates.Angle
#           unit: *id001
#           value: 360.0
#       representation_type: spherical
# schema: astropy-2.0
RA_ICRS_1 DE_ICRS_1 e_RA_ICRS e_DE_ICRS _r_1 HIP TYC2 Source rgeo Plx e_Plx pmRA pmDE e_pmRA e_pmDE RUWE Teff logg Gmag BP-RP BPmag RPmag RV e_RV b_rgeo B_rgeo FG e_FG FBP e_FBP FRP e_FRP RAVE5 RAVE6 e_Gmag e_BPmag e_RPmag e_BP-RP SkyCoord.ra SkyCoord.dec SkyCoord.distance SkyCoord.pm_ra_cosdec SkyCoord.pm_dec rmRA rmDE e_rmRA e_rmDE rRV e_rRV v_pec v_pec3d e_vpec e_vpec3d
[from data line 943]
339.90246626508 63.75596882906 0.032 0.0339 31.625 "" "" 2211286559715943296 855.528625 1.129 0.0372 -3.572 -5.066 0.046 0.044 1.01 4924.9 4.2931 16.25818 1.74451 17.096998 15.352488 "" "" 824.081299 885.511292 5911.18129 3.444 1979.8 8.9307 5730.1 10.737 "" "" 0.0028270024078335034 0.0056366753 0.0042921645 0.009928839 339.90246626508 63.75596882906 855.528625 -3.572000000000002 -5.065999999999996 -0.4108261795043946 -3.896412983894348 0.16206488 0.16006488 "" "" 15.888341555324827 "" 2.5435169575862044 ""
339.46934404636 63.99595728265 0.032 0.0319 13.3177 "" "" 2205350502598127104 1063.96692 0.9091 0.0358 4.576 -5.587 0.041 0.041 1.0 5023.7 4.2558 16.259258 1.899646 17.199823 15.300178 "" "" 1026.42078 1102.7998 5905.3202 2.8919 1800.9 9.9645 6012.9 11.404 "" "" 0.0028061523450627853 0.0066237836 0.004303953 0.010927737 339.46934404636 63.99595728265 1063.96692 4.575999999999996 -5.586999999999994 7.737173820495605 -4.417412983894348 0.15706488 0.15706488 "" "" 44.93191115526987 "" 7.05722545398652 ""
338.10034100621 64.38629831502 0.033 0.0312 29.6664 "" "" 2205608441145295104 792.505066 1.2301 0.0356 -2.92 -0.619 0.042 0.038 1.079 5115.2 4.5587 16.25946 1.682734 17.033115 15.350382 "" "" 771.659973 815.198669 5904.22175 3.6647 2099.8 9.2639 5741.2 13.061 "" "" 0.0028365366681494556 0.0055434327 0.0045149373 0.0100583695 338.10034100621 64.38629831502 792.505066 -2.9199999999999977 -0.6189999999999991 0.24117382049560554 0.5505870161056519 0.15806489 0.15406488 "" "" 2.257984232323955 "" 0.34934582619344523 ""
339.58106804286 64.73872577713 0.0333 0.0337 37.6908 "" "" 2211575215878054784 1081.05591 0.9091 0.0385 -5.393 -0.286 0.044 0.042 1.033 6588.3 4.3543 16.259888 1.737389 17.095026 15.357637 "" "" 1024.84729 1127.26355 5901.90117 2.8089 1983.4 7.5693 5703.0 8.9255 "" "" 0.002803356098898077 0.0049953805 0.0041438057 0.009139186 339.58106804286 64.73872577713 1081.05591 -5.393 -0.2860000000000001 -2.2318261795043943 0.8835870161056518 0.16006488 0.15806489 "" "" 12.299985825134822 "" 1.9654804380733055 ""
337.98344419213 64.39140392989 0.0528 0.0583 32.4979 "" "" 2205620329621894400 942.593628 1.0552 0.0617 -1.855 -1.869 0.065 0.066 1.677 6008.0 4.4818 16.260265 1.687035 17.029388 15.342354 "" "" 890.684998 994.743408 5899.841 7.3123 2107.0 8.9528 5783.8 12.465 "" "" 0.0030663679430082734 0.0053914995 0.004445111 0.00983661 337.98344419213 64.39140392989 942.593628 -1.8549999999999995 -1.869000000000001 1.3061738204956055 -0.6994129838943481 0.18106487 0.18206489 "" "" 6.619827476648022 "" 1.200096531194923 ""
340.2799615588 64.55000721584 0.0306 0.0299 39.139 "" "" 2211560338109063296 905.02417 1.0754 0.0343 12.772 14.893 0.037 0.036 1.06 5493.1 4.4778 16.261885 1.745295 17.103725 15.358431 "" "" 881.634705 934.023315 5891.05671 2.5195 1967.6 9.0917 5698.8 9.771 "" "" 0.0027941743572276953 0.005740558 0.0042129774 0.009953535 340.2799615588 64.55000721584 905.02417 12.772000000000011 14.893000000000006 15.933173820495606 16.062587016105653 0.15306488 0.15206489 "" "" 97.05535801134917 "" 14.806926328281826 ""
338.96746538912 64.52118613465 0.304 0.2942 22.7341 "" "" 2205613869991372928 874.01178 1.3702 0.3522 -2.366 -4.783 0.406 0.37 8.987 3693.4 4.4449 16.262524 2.09856 17.260668 15.162107 "" "" 644.237976 1202.9967 5887.58214 19.736 1702.7 7.5022 6828.3 11.152 "" "" 0.0045648700844019485 0.005538048 0.004174693 0.009712741 338.96746538912 64.52118613465 874.01178 -2.366 -4.783 0.7951738204956054 -3.6134129838943485 0.52206486 0.48606488 "" "" 15.32788942606677 "" 7.476733878669781 ""
339.71329065024 64.7248740407 0.0341 0.0329 38.2096 "" "" 2211580060598757504 747.857361 1.3107 0.0375 2.199 -4.855 0.042 0.04 1.006 5051.2 4.5798 16.267881 1.679591 17.072876 15.393285 "" "" 729.407104 769.423584 5858.60511 3.0763 2024.3 8.0242 5518.8 7.733 "" "" 0.002813683517711444 0.0051291 0.004074091 0.009203191 339.71329065024 64.7248740407 747.857361 2.198999999999999 -4.855 5.360173820495605 -3.6854129838943486 0.15806489 0.15606488 "" "" 23.05885727206567 "" 3.630056180324051 ""
338.70362077294 63.75210428921 0.0324 0.0303 25.8197 "" "" 2205340503914088192 878.366211 1.1097 0.0344 -1.355 -0.455 0.043 0.036 0.938 5482.4 4.5301 16.268063 1.64756 17.043625 15.396065 "" "" 844.988647 909.345886 5857.62623 3.0485 2079.5 9.4917 5504.7 13.325 "" "" 0.0028126631142574646 0.005687223 0.004603384 0.010290607 338.70362077294 63.75210428921 878.366211 -1.355 -0.45500000000000024 1.8061738204956055 0.7145870161056518 0.15906489 0.15206489 "" "" 8.087075953870649 "" 1.2788547804505752 ""
340.02143449299 63.62830060858 0.032 0.0319 39.54 "" "" 2211272334782072320 773.153137 1.2683 0.036 -8.082 -1.549 0.041 0.042 0.996 5420.0 4.5559 16.269354 1.698261 17.079575 15.381313 "" "" 754.530518 792.392578 5850.66157 2.7353 2011.8 9.3608 5580.0 11.699 "" "" 0.0028016870508883423 0.005771176 0.004411971 0.010183147 340.02143449299 63.62830060858 773.153137 -8.082 -1.5489999999999982 -4.920826179504395 -0.3794129838943481 0.15706488 0.15806489 "" "" 18.08710235547225 "" 2.840955879612769 ""
339.13180855138 64.52452642315 0.0319 0.0298 22.7063 "" "" 2205567175105747456 911.297241 1.0726 0.0355 -2.096 -15.951 0.043 0.041 1.006 6057.0 4.4605 16.272827 1.658935 17.0546 15.395664 "" "" 884.718445 936.457581 5831.97816 2.706 2058.6 10.059 5506.7 8.6664 "" "" 0.002800995928372936 0.005994238 0.004147705 0.010141943 339.13180855138 64.52452642315 911.297241 -2.0960000000000027 -15.95100000000001 1.0651738204956054 -14.781412983894349 0.15906489 0.15706488 "" "" 64.01460235203525 "" 10.055111747653648 ""
339.4720216861 63.66683349377 0.0335 0.0308 30.4362 "" "" 2205282710832994432 1016.69965 0.9608 0.0378 -12.429 -9.756 0.043 0.036 0.967 5542.8 4.5524 16.27577 1.556238 16.99423 15.437992 "" "" 985.082825 1055.19861 5816.18663 2.8024 2176.3 10.157 5296.2 9.1862 "" "" 0.0028045432026191173 0.0057846266 0.0042225774 0.0100072045 339.4720216861 63.66683349377 1016.69965 -12.429000000000007 -9.756 -9.267826179504395 -8.586412983894348 0.15906489 0.15206489 "" "" 60.88543749471803 "" 9.49025759554019 ""
339.39956500168 64.45518116284 0.0313 0.0305 20.1388 "" "" 2211567106977269376 1031.84314 0.9418 0.0348 -2.711 0.315 0.039 0.039 0.944 7173.8 4.3337 16.275951 1.810483 17.159294 15.348811 "" "" 999.487183 1066.24182 5815.21808 3.3126 1869.4 8.641 5749.5 12.856 "" "" 0.0028238820424330473 0.005742107 0.004491947 0.010234054 339.39956500168 64.45518116284 1031.84314 -2.710999999999999 0.31499999999999984 0.4501738204956056 1.4845870161056518 0.15506488 0.15506488 "" "" 7.587504271773994 "" 1.1765554458358014 ""
339.68172712719 64.04524710429 0.0318 0.0322 16.5064 "" "" 2211343803039047168 957.675903 1.0184 0.0361 0.285 3.988 0.04 0.041 1.011 4975.3 4.3394 16.276615 1.72524 17.103106 15.377866 "" "" 923.254028 995.301941 5811.66221 2.8596 1968.7 9.6358 5597.7 12.487 "" "" 0.0028066336337307807 0.0060020895 0.00448885 0.010490939 339.68172712719 64.04524710429 957.675903 0.2849999999999997 3.9880000000000013 3.4461738204956056 5.157587016105651 0.15606488 0.15706488 "" "" 28.1576544582592 "" 4.4139068653432885 ""
339.51193724283 64.08551261111 0.0358 0.0341 11.4881 "" "" 2205351941408051968 873.482788 1.1165 0.0405 4.839 -9.706 0.049 0.048 1.101 4803.6 4.4045 16.28163 1.692087 16.942436 15.250349 "" "" 838.988586 905.235596 5784.88928 3.8018 2282.7 43.505 6295.3 98.953 "" "" 0.0028462131354376205 0.020879844 0.017479673 0.038359515 339.51193724283 64.08551261111 873.482788 4.8389999999999995 -9.705999999999994 8.000173820495606 -8.536412983894348 0.16506489 0.16406488 "" "" 48.438623059179676 "" 7.969763995007424 ""
339.12514257211 64.10598489315 0.0331 0.0313 2.5415 "" "" 2205541920698215296 1031.98169 0.9426 0.0357 1.018 -2.897 0.043 0.04 1.044 5016.0 4.3787 16.284252 1.571042 17.01446 15.443418 "" "" 989.409973 1073.28772 5770.92782 3.2888 2136.2 7.3287 5269.8 9.8066 "" "" 0.0028239409646186554 0.0046539865 0.0042855516 0.008939538 339.12514257211 64.10598489315 1031.98169 1.018 -2.897 4.179173820495605 -1.727412983894348 0.15906489 0.15606488 "" "" 22.120306665333153 "" 3.5089590140368014 ""
338.88883021176 64.41301899535 0.0358 0.0348 16.8829 "" "" 2205564185808519552 962.114807 1.0143 0.042 3.622 2.642 0.045 0.042 1.142 4918.3 4.4091 16.289019 1.614311 17.03751 15.423199 "" "" 927.137085 997.204712 5745.64962 3.1125 2091.3 9.2978 5368.8 9.1517 "" "" 0.002817395969824484 0.0055754944 0.0042082085 0.009783703 338.88883021176 64.41301899535 962.114807 3.622 2.642 6.783173820495605 3.8115870161056518 0.1610649 0.15806489 "" "" 35.48339507842646 "" 5.689765079048681 ""
339.47430751846 63.87605045787 0.0347 0.0314 19.0262 "" "" 2205336861782013440 836.162537 1.167 0.0369 -2.415 -4.913 0.044 0.038 0.954 4876.6 4.4327 16.28924 1.729924 17.121586 15.391662 "" "" 810.276245 864.613037 5744.478 2.929 1935.5 8.2578 5527.1 16.128 "" "" 0.002810383987209885 0.005407692 0.004931631 0.010339323 339.47430751846 63.87605045787 836.162537 -2.415000000000002 -4.913 0.7461738204956054 -3.7434129838943484 0.16006488 0.15406488 "" "" 15.128559353212752 "" 2.3343132679850527 ""
338.61603592457 64.62330740086 0.0344 0.0343 31.2063 "" "" 2205617924440365440 988.147339 0.9939 0.0408 0.203 -0.225 0.048 0.046 1.004 4857.7 4.3421 16.290491 1.633141 17.059921 15.426781 "" "" 953.198181 1035.71094 5737.8648 3.1154 2048.6 8.6356 5351.1 9.879 "" "" 0.0028176774260020828 0.005360217 0.004278029 0.009638246 338.61603592457 64.62330740086 988.147339 0.203 -0.225 3.3641738204956053 0.9445870161056519 0.16406488 0.16206488 "" "" 16.366517557974063 "" 2.6827923478288085 ""
338.25951457 64.18521648516 0.0311 0.03 21.9973 "" "" 2205555595873757696 920.149658 1.0641 0.0341 -1.342 -3.23 0.04 0.038 1.019 "" "" 16.291534 2.303014 17.50958 15.206567 "" "" 893.589478 950.898438 5732.35459 8.3087 1353.9 9.3665 6554.4 20.694 "" "" 0.00317306600789681 0.008012781 0.005102415 0.013115196 338.25951457 64.18521648516 920.149658 -1.342 -3.23 1.8191738204956054 -2.060412983894348 0.15606488 0.15406488 "" "" 11.987959858283839 "" 1.857464535353524 ""
337.64646791204 64.16889242805 0.0378 0.0429 37.9369 "" "" 2205581193879617408 1038.32227 0.9438 0.0463 -4.025 -2.883 0.053 0.053 1.228 5063.7 4.3299 16.294197 1.740834 17.107508 15.366673 "" "" 994.577881 1088.46606 5718.30863 4.6288 1960.7 9.6078 5655.7 12.14 "" "" 0.0028920932782762884 0.006007559 0.004440174 0.010447733 337.64646791204 64.16889242805 1038.32227 -4.025000000000001 -2.8830000000000005 -0.8638261795043949 -1.7134129838943482 0.16906488 0.16906488 "" "" 9.443896237485353 "" 1.596631178621082 ""
338.77826380249 64.06881105584 0.0326 0.0301 9.541 "" "" 2205536594938531840 870.432983 1.1337 0.035 8.764 0.754 0.04 0.035 0.957 5460.9 4.46 16.296513 1.83058 17.192799 15.362219 "" "" 848.932251 895.531799 5706.12857 2.8109 1812.6 7.4654 5679.0 7.4621 "" "" 0.002806750580145439 0.0052708066 0.0040396806 0.009310488 338.77826380249 64.06881105584 870.432983 8.764 0.7539999999999983 11.925173820495605 1.9235870161056519 0.15606488 0.15106489 "" "" 49.83748828883376 "" 7.771661278059796 ""
339.00890624579 64.39501224907 0.0386 0.0375 15.0884 "" "" 2205562433461888512 744.913025 1.3173 0.0437 5.486 1.059 0.049 0.048 1.252 4581.3 4.1964 16.297781 1.675752 17.070875 15.395124 "" "" 722.505676 769.844482 5699.4656 3.8674 2028.0 8.6029 5509.5 10.276 "" "" 0.0028521154883908175 0.005384985 0.004287722 0.009672707 339.00890624579 64.39501224907 744.913025 5.486000000000002 1.0590000000000008 8.647173820495606 2.228587016105652 0.16506489 0.16406488 "" "" 31.52990130934127 "" 5.202521315908911 ""
339.91942276795 63.81696018041 0.0344 0.0332 29.3299 "" "" 2211290236205600896 1040.15259 0.9364 0.0394 -6.976 -7.226 0.053 0.046 1.056 4954.3 4.3071 16.298618 1.683752 17.097233 15.413481 "" "" 986.213257 1084.74695 5695.07356 3.3297 1979.4 10.155 5417.1 10.106 "" "" 0.002827498495829698 0.0062299403 0.0042879437 0.010517884 339.91942276795 63.81696018041 1040.15259 -6.975999999999992 -7.226000000000002 -3.8148261795043945 -6.056412983894348 0.16906488 0.16206488 "" "" 35.28990156247014 "" 5.79049477689596 ""
340.01514856252 63.82084908713 0.0349 0.0331 31.0889 "" "" 2211290133126404736 1050.32471 0.9335 0.0392 -7.175 -2.093 0.052 0.044 0.941 5576.2 4.5515 16.299698 1.577907 17.03513 15.457223 "" "" 1012.62421 1103.9563 5689.41379 2.8244 2095.9 7.4993 5203.2 14.47 "" "" 0.0028075438824441967 0.0047830036 0.0048374142 0.009620418 340.01514856252 63.82084908713 1050.32471 -7.175 -2.093 -4.013826179504394 -0.9234129838943481 0.16806489 0.16006488 "" "" 20.50498969855657 "" 3.4381100208010626 ""
337.82565981014 64.50665252778 0.0344 0.031 39.4685 "" "" 2205601569204398336 736.079895 1.3233 0.0387 6.051 1.916 0.043 0.036 0.987 4742.9 4.4737 16.301449 1.629152 17.072104 15.442951 "" "" 716.617798 755.265625 5680.24377 2.7505 2025.7 10.866 5272.0 12.438 "" "" 0.0028050292909694223 0.006457836 0.00456565 0.011023486 337.82565981014 64.50665252778 736.079895 6.051 1.9160000000000004 9.212173820495606 3.085587016105652 0.15906489 0.15206489 "" "" 33.89649343235064 "" 5.3682830181840595 ""
338.9670855243 64.5179720751 0.0334 0.0306 22.5448 "" "" 2205613869991348992 900.788452 1.0911 0.0383 14.569 -0.209 0.044 0.039 1.096 4825.4 4.3217 16.305342 1.713237 17.13053 15.417293 "" "" 872.787659 931.97998 5659.91456 2.9476 1919.6 9.7584 5398.1 12.654 "" "" 0.0028127400392330038 0.0061845668 0.0045564733 0.01074104 338.9670855243 64.5179720751 900.788452 14.569 -0.20900000000000005 17.730173820495608 0.9605870161056519 0.16006488 0.15506488 "" "" 75.81420690481282 "" 12.134099494980898 ""
340.28172055982 64.16311012501 0.0483 0.053 31.027 "" "" 2211351533980239872 795.160095 1.2404 0.0567 0.668 -6.319 0.06 0.066 1.748 5105.4 4.6819 16.305382 1.520359 16.921562 15.401203 "" "" 766.481384 829.171936 5659.70661 3.9111 2327.0 14.527 5478.7 16.136 "" "" 0.002855647892346358 0.007329858 0.0049506812 0.012280539 340.28172055982 64.16311012501 795.160095 0.6679999999999999 -6.319 3.8291738204956056 -5.149412983894348 0.17606488 0.18206489 "" "" 24.186384617997582 "" 4.352373991424564 ""
339.40813092892 64.10848365083 0.0371 0.036 8.4802 "" "" 2205355106803040640 752.786133 1.3024 0.0404 29.56 4.166 0.047 0.046 0.958 4789.0 4.4636 16.308815 1.666255 17.104034 15.437779 "" "" 728.214722 777.131409 5641.84109 2.8869 1967.0 9.1874 5297.2 10.549 "" "" 0.002810772543785663 0.0057881195 0.0043541584 0.010142278 339.40813092892 64.10848365083 752.786133 29.560000000000002 4.166000000000004 32.72117382049561 5.335587016105652 0.16306488 0.16206488 "" "" 118.29794231906678 "" 19.28718518240258 ""
338.90247326794 64.0345812038 0.0359 0.03 8.4136 "" "" 2205535559844931200 784.254089 1.2486 0.0361 5.12 0.887 0.043 0.035 0.988 5080.4 4.5619 16.310957 1.700309 17.126806 15.426497 "" "" 763.452454 807.734558 5630.72527 3.5999 1926.2 8.3283 5352.5 9.798 "" "" 0.002841412879319851 0.0054609855 0.0042701107 0.009731096 338.90247326794 64.0345812038 784.254089 5.119999999999998 0.8869999999999989 8.281173820495606 2.056587016105652 0.15906489 0.15106489 "" "" 31.719246704444934 "" 5.031027467380496 ""
