Clusters/FSR_0398/FSR_0398_stars_in_region.tsv
# %ECSV 1.0
# ---
# datatype:
# - name: RA_ICRS_1
#   unit: deg
#   datatype: float64
#   format: '{:15.11f}'
#   description: Right ascension (ICRS) at Ep=2016.0 (ra)
#   meta: !!omap
#   - {ucd: POS_EQ_RA_MAIN}
#   - {width: 15}
#   - {precision: '11'}
# - name: DE_ICRS_1
#   unit: deg
#   datatype: float64
#   format: '{:15.11f}'
#   description: Declination (ICRS) at Ep=2016.0 (dec)
#   meta: !!omap
#   - {ucd: POS_EQ_DEC_MAIN}
#   - {width: 15}
#   - {precision: '11'}
# - name: e_RA_ICRS
#   unit: mas
#   datatype: float64
#   format: '{:7.4f}'
#   description: Standard error of right ascension (ra_error)
#   meta: !!omap
#   - {ucd: ERROR}
#   - {width: 7}
#   - {precision: '4'}
# - name: e_DE_ICRS
#   unit: mas
#   datatype: float64
#   format: '{:7.4f}'
#   description: Standard error of declination (dec_error)
#   meta: !!omap
#   - {ucd: ERROR}
#   - {width: 7}
#   - {precision: '4'}
# - name: _r_1
#   unit: ''
#   datatype: float64
#   format: '{:7.4f}'
#   description: Distance from center (339.09611516000+64.14640433000)[ICRS], at Epoch=J2016.0
#   meta: !!omap
#   - {ucd: POS_ANG_DIST_GENERAL}
#   - {width: 7}
#   - {precision: '4'}
# - name: HIP
#   datatype: int32
#   description: '? HIP cross-id number, van Leeuwen, Cat. I/311 (hip_original_ext_source_id)'
#   meta: !!omap
#   - {ucd: ID_NUMBER}
#   - {width: 6}
#   - values: {'null': -2147483648}
# - name: TYC2
#   datatype: string
#   description: Tycho-2 cross-id name, Hog et al., Cat. I/259 (tyc2_original_ext_source_id)
#   meta: !!omap
#   - {ucd: ID_CROSSID}
#   - {_votable_string_dtype: char}
# - name: Source
#   datatype: int64
#   description: Source identifier, identical to the Gaia-EDR3 source_id (id)
#   meta: !!omap
#   - {ucd: ID_MAIN}
#   - {width: 19}
# - name: rgeo
#   unit: pc
#   datatype: float64
#   format: '{:15.8f}'
#   description: '? Median of the geometric distance posterior (r_med_geo)'
#   meta: !!omap
#   - {ucd: PHYS_DISTANCE_TRUE}
#   - {width: 15}
#   - {precision: '8'}
#   - values: {'null': .nan}
# - name: Plx
#   unit: mas
#   datatype: float64
#   format: '{:9.4f}'
#   description: '? Parallax (parallax)'
#   meta: !!omap
#   - {ucd: POS_PARLX_TRIG}
#   - {width: 9}
#   - {precision: '4'}
#   - values: {'null': .nan}
# - name: e_Plx
#   unit: mas
#   datatype: float32
#   format: '{:7.4f}'
#   description: '? Standard error of parallax (parallax_error)'
#   meta: !!omap
#   - {ucd: ERROR}
#   - {width: 7}
#   - {precision: '4'}
#   - values: {'null': .nan}
# - name: pmRA
#   unit: mas / yr
#   datatype: float64
#   format: '{:9.3f}'
#   description: '? Proper motion in right ascension direction, pmRA*cosDE (pmra)'
#   meta: !!omap
#   - {ucd: POS_EQ_PMRA}
#   - {width: 9}
#   - {precision: '3'}
#   - values: {'null': .nan}
# - name: pmDE
#   unit: mas / yr
#   datatype: float64
#   format: '{:9.3f}'
#   description: '? Proper motion in declination direction (pmdec)'
#   meta: !!omap
#   - {ucd: POS_EQ_PMDEC}
#   - {width: 9}
#   - {precision: '3'}
#   - values: {'null': .nan}
# - name: e_pmRA
#   unit: mas / yr
#   datatype: float32
#   format: '{:6.3f}'
#   description: '? Standard error of proper motion in right ascension direction (pmra_error)'
#   meta: !!omap
#   - {ucd: ERROR}
#   - {width: 6}
#   - {precision: '3'}
#   - values: {'null': .nan}
# - name: e_pmDE
[...]
#         value: !astropy.table.SerializedColumn {name: SkyCoord.dec}
#       distance: !astropy.table.SerializedColumn
#         __class__: astropy.coordinates.distances.Distance
#         unit: !astropy.units.Unit {unit: pc}
#         value: !astropy.table.SerializedColumn {name: SkyCoord.distance}
#       frame: icrs
#       obstime: !astropy.time.Time {format: jyear_str, in_subfmt: '*', jd1: 367701545.0, jd2: 0.0, out_subfmt: '*', precision: 3, scale: tt}
#       pm_dec: !astropy.table.SerializedColumn
#         __class__: astropy.units.quantity.Quantity
#         unit: !astropy.units.Unit {unit: mas / yr}
#         value: !astropy.table.SerializedColumn {name: SkyCoord.pm_dec}
#       pm_ra_cosdec: !astropy.table.SerializedColumn
#         __class__: astropy.units.quantity.Quantity
#         unit: !astropy.units.Unit {unit: mas / yr}
#         value: !astropy.table.SerializedColumn {name: SkyCoord.pm_ra_cosdec}
#       ra: !astropy.table.SerializedColumn
#         __class__: astropy.coordinates.angles.Longitude
#         unit: *id001
#         value: !astropy.table.SerializedColumn {name: SkyCoord.ra}
#         wrap_angle: !astropy.coordinates.Angle
#           unit: *id001
#           value: 360.0
#       representation_type: spherical
# schema: astropy-2.0
RA_ICRS_1 DE_ICRS_1 e_RA_ICRS e_DE_ICRS _r_1 HIP TYC2 Source rgeo Plx e_Plx pmRA pmDE e_pmRA e_pmDE RUWE Teff logg Gmag BP-RP BPmag RPmag RV e_RV b_rgeo B_rgeo FG e_FG FBP e_FBP FRP e_FRP RAVE5 RAVE6 e_Gmag e_BPmag e_RPmag e_BP-RP SkyCoord.ra SkyCoord.dec SkyCoord.distance SkyCoord.pm_ra_cosdec SkyCoord.pm_dec rmRA rmDE e_rmRA e_rmDE rRV e_rRV v_pec v_pec3d e_vpec e_vpec3d
[from data line 58]
339.42710730451 64.58482774641 0.0091 0.0092 27.6729 "" "" 2211571676822432384 889.371216 1.1092 0.0102 0.207 -1.114 0.012 0.011 1.012 "" "" 12.497736 0.917564 12.865472 11.947907 -31.54 18.16 882.610901 896.358398 188735.04009 30.426 97550.0 65.784 131820.0 54.285 "" "" 0.0027608740450809684 0.0028846376 0.0038057382 0.0066903755 339.42710730451 64.58482774641 889.371216 0.2070000000000003 -1.1139999999999999 3.3681738204956053 0.055587016105651754 0.12806489 0.12706488 -12.387 20.948656 14.200872996161753 18.84416522038363 1.8186293258583788 13.838396100554297
338.25174229667 64.59608595123 0.0085 0.0083 34.7581 "" "" 2205624109193222912 1014.02496 0.9735 0.0099 -1.402 -3.041 0.012 0.01 0.927 "" "" 12.532397 1.151204 13.009414 11.85821 2.92 13.11 1003.75659 1023.12073 182804.82487 28.547 85438.0 129.55 143180.0 111.64 "" "" 0.0027605319268377616 0.0032396563 0.0038730355 0.007112692 338.25174229667 64.59608595123 1014.02496 -1.4019999999999997 -3.0410000000000026 1.7591738204956056 -1.871412983894348 0.12806489 0.12606488 22.073 15.898657 12.345146523130982 25.29070919680927 1.567920452845368 13.896979200596494
339.48843457243 64.2292730348 0.0486 0.0532 11.3918 "" "" 2211549033754983808 909.40625 1.0996 0.0558 -3.745 -7.316 0.067 0.071 6.219 8101.4 3.6089 12.543919 1.350335 13.137621 11.787286 -11.19 4.03 872.953796 951.554688 180875.31283 66.038 75922.0 88.149 152840.0 118.72 "" "" 0.002783689310865751 0.003061721 0.003872335 0.006934056 339.48843457243 64.2292730348 909.40625 -3.744999999999997 -7.315999999999999 -0.5838261795043946 -6.146412983894348 0.18306488 0.18706489 7.962999999999999 6.818657 26.61389411779543 27.77964595010574 4.977583258052471 5.153719807310459
340.27033374985 63.78430833878 0.009 0.0089 37.7911 "" "" 2211276045633766528 766.188477 1.2905 0.0102 -3.117 -8.549 0.014 0.013 1.02 "" "" 12.583698 1.065514 13.028479 11.962965 -24.0 2.39 759.00238 772.034058 174368.21176 23.63 83951.0 64.808 130010.0 41.684 "" "" 0.002759246016921323 0.0029133419 0.0037953798 0.0067087216 340.27033374985 63.78430833878 766.188477 -3.1170000000000013 -8.549000000000001 0.044173820495605476 -7.379412983894348 0.13006489 0.12906489 -4.847000000000001 5.1786566 26.800540628080537 27.235315069912364 3.4590097321643807 3.526358187041386
339.95837493834 64.0119232774 0.008 0.0083 24.0112 "" "" 2211341397857442816 1004.08185 0.9851 0.0094 3.609 2.325 0.01 0.01 0.861 8946.5 3.8231 12.597247 1.176982 13.098762 11.92178 -14.59 3.41 993.901184 1012.04602 172205.8814 28.764 78689.0 52.423 135030.0 66.636 "" "" 0.0027612820289026384 0.0028824024 0.003817173 0.006699575 339.95837493834 64.0119232774 1004.08185 3.609000000000001 2.324999999999999 6.7701738204956055 3.494587016105652 0.12606488 0.12606488 4.562999999999999 6.198657 36.26091964399057 36.546891282678764 4.571228544614538 4.601016275459915
339.9391367688 64.56284383688 0.0088 0.0095 33.2193 "" "" 2211562605851756416 1059.51672 0.94 0.0104 5.121 -6.783 0.011 0.012 0.98 5016.1 2.8507 12.608757 2.022229 13.634271 11.612041 -43.09 0.42 1047.20972 1071.95129 170389.9883 29.924 48052.0 39.746 179610.0 51.996 "" "" 0.0027619100963374122 0.0029311369 0.0037924293 0.006723566 339.9391367688 64.56284383688 1059.51672 5.121 -6.7829999999999995 8.282173820495606 -5.6134129838943485 0.12706488 0.12806489 -23.937000000000005 3.2086568 50.247403627804886 55.65771770685122 6.400539655998023 5.940856735145167
340.34624536618 64.26329936014 0.01 0.0117 33.3845 "" "" 2211354347178114048 769.333252 1.2825 0.0123 -3.785 -1.744 0.014 0.016 1.094 "" "" 12.631931 0.739581 12.919415 12.179833 "" "" 761.605774 776.116943 166791.56582 28.581 92822.0 54.636 106470.0 39.256 "" "" 0.0027615944087646172 0.0028624232 0.0038005237 0.006662947 340.34624536618 64.26329936014 769.333252 -3.784999999999997 -1.7439999999999976 -0.6238261795043947 -0.5744129838943481 0.13006489 0.13206488 "" "" 3.0923619571654104 "" 0.4050571741379018 ""
338.49189398962 64.08178208545 0.0089 0.0086 16.2954 "" "" 2205538892738735232 946.631714 1.0385 0.01 -3.13 -1.085 0.012 0.01 1.008 "" "" 12.638328 0.853499 12.975051 12.121552 "" "" 938.474182 955.791504 165811.89003 22.714 88185.0 77.748 112340.0 45.281 "" "" 0.0027593315118257067 0.0029498048 0.0038046348 0.0067544393 338.49189398962 64.08178208545 946.631714 -3.1300000000000012 -1.0850000000000009 0.031173820495605575 0.08458701610565189 0.12806489 0.12606488 "" "" 0.40449986985926795 "" 0.051090643747985796 ""
339.14660434232 64.13619546357 0.0089 0.0088 1.4563 "" "" 2205542161216376064 906.961731 1.0876 0.0099 -3.176 -1.243 0.012 0.011 1.009 "" "" 12.640204 0.812999 12.957806 12.144807 -1.67 28.3 898.226196 913.48468 165525.58111 25.454 89597.0 43.526 109960.0 26.268 "" "" 0.002760374141784926 0.0028395862 0.0037882712 0.0066278577 339.14660434232 64.13619546357 906.961731 -3.176 -1.2429999999999992 -0.014826179504394688 -0.07341298389434825 0.12806489 0.12706488 17.482999999999997 31.088655 0.32197409684767303 17.48596455214984 0.04092426635545655 31.083384742788148
338.65234764531 64.52704403537 0.0095 0.0092 25.5843 "" "" 2205616103374285312 1005.19391 0.9774 0.0109 -1.718 -2.921 0.013 0.012 1.042 7199.4 3.6053 12.645983 0.936662 13.021787 12.085125 -7.0 18.73 996.75177 1018.84308 164646.9092 25.181 84470.0 49.159 116170.0 42.505 "" "" 0.002760319296303859 0.002860822 0.0038002024 0.0066610244 338.65234764531 64.52704403537 1005.19391 -1.718 -2.921 1.4431738204956055 -1.751412983894348 0.12906489 0.12806489 12.152999999999999 21.518656 10.812849500074536 16.266933432926503 1.3891292193239477 16.103048967370114
340.37649340284 64.44236546548 0.0086 0.0096 37.757 "" "" 2211371325189655168 811.091553 1.2206 0.0102 -4.24 -1.403 0.01 0.012 0.977 9310.1 4.0701 12.652206 0.868152 12.998207 12.130055 -25.61 8.74 804.615784 818.922424 163705.79139 24.649 86324.0 45.472 111460.0 44.653 "" "" 0.002760165663560375 0.0028481826 0.0038043295 0.006652512 340.37649340284 64.44236546548 811.091553 -4.24 -1.403 -1.0788261795043947 -0.23341298389434817 0.12606488 0.12806489 -6.457000000000001 11.528656 4.243593902870426 7.7266382219228475 0.5353505649183095 9.638757205921532
339.56221650839 64.27055122308 0.008 0.0085 14.2669 "" "" 2211549514791313536 785.708069 1.2581 0.0092 -4.561 -3.263 0.011 0.011 0.931 "" "" 12.652696 0.954977 13.041632 12.086655 -11.2 8.38 781.19873 790.883667 163632.03414 22.092 82940.0 53.785 116010.0 42.318 "" "" 0.0027592166842631966 0.0028776338 0.0038000771 0.006677711 339.56221650839 64.27055122308 785.708069 -4.561 -3.263 -1.3998261795043945 -2.093412983894348 0.12706488 0.12706488 7.952999999999999 11.168657 9.378836184566412 12.296860460171622 1.1917207291172593 7.280295639912004
338.48131800285 63.90490500135 0.0269 0.0277 21.7016 "" "" 2205533605641311360 802.378357 1.2413 0.0302 -2.27 -4.421 0.035 0.033 2.688 7545.2 4.0681 12.663875 0.99765 13.074202 12.076551 -11.37 4.95 781.698914 822.438904 161955.96238 24.711 80489.0 48.296 117090.0 38.352 "" "" 0.002760295752795531 0.0028652174 0.0037960764 0.006661294 338.48131800285 63.90490500135 802.378357 -2.27 -4.421 0.8911738204956055 -3.2514129838943484 0.15106489 0.14906488 7.7829999999999995 7.7386565 12.822096070887874 14.999374541996017 1.913127320434323 4.335761877118059
339.01415657987 64.12904970502 0.0087 0.009 2.3844 "" "" 2205542878471268480 906.851074 1.0852 0.0099 -3.156 -1.318 0.012 0.012 0.972 "" "" 12.671508 0.831092 12.998085 12.166993 "" "" 900.164978 914.082764 160821.37809 24.435 86334.0 42.898 107740.0 37.548 "" "" 0.002760254152583106 0.0028418468 0.0037982762 0.006640123 339.01415657987 64.12904970502 906.851074 -3.156 -1.318 0.00517382049560533 -0.1484129838943482 0.12806489 0.12806489 "" "" 0.6383368941447054 "" 0.08174854140940317 ""
338.35310278225 64.43431397959 0.0095 0.0095 25.931 "" "" 2205609746822676096 951.340576 1.0395 0.0106 -1.656 0.531 0.013 0.012 1.047 "" "" 12.68703 1.326126 13.269122 11.942996 -44.76 1.4 941.597595 961.85553 158538.51249 26.005 67262.0 42.895 132420.0 54.796 "" "" 0.0027610698017328456 0.0028748 0.003805993 0.006680793 338.35310278225 64.43431397959 951.340576 -1.6559999999999986 0.5309999999999999 1.5051738204956056 1.700587016105652 0.12906489 0.12806489 -25.607 4.188657 10.240846369313912 27.5788575426882 1.3160011279192454 3.9197527255259303
338.62333774885 64.16284594637 0.0097 0.0096 12.4055 "" "" 2205552396115927424 962.177673 1.0321 0.011 -1.349 -0.933 0.013 0.012 1.154 "" "" 12.709444 1.624178 13.473396 11.849218 -4.55 1.01 951.736084 974.657837 155299.13195 24.12 55726.0 43.374 144370.0 56.534 "" "" 0.0027604755366716143 0.002915339 0.0038032213 0.00671856 338.62333774885 64.16284594637 962.177673 -1.3490000000000004 -0.933 1.8121738204956055 0.2365870161056518 0.12906489 0.12806489 14.602999999999998 3.7986567 8.334958244869581 16.814254010919406 1.0756112985681452 3.341901196244044
338.93191354844 63.67542765182 0.0246 0.0251 28.5888 "" "" 2205328168768939008 1039.79993 0.9577 0.0282 -6.087 -7.41 0.034 0.029 0.94 "" "" 12.7188 2.483229 14.066182 11.582953 -50.92 0.63 1009.34253 1069.16711 153966.68447 52.409 32281.0 29.525 184490.0 87.741 "" "" 0.0027799956140181826 0.0029616177 0.0038144928 0.0067761103 338.93191354844 63.67542765182 1039.79993 -6.087 -7.41 -2.9258261795043943 -6.240412983894348 0.15006489 0.14506489 -31.767000000000003 3.4186568 33.96953628056171 46.50883447385452 4.958824678520486 4.30933939925333
337.64308484148 64.16323107772 0.0087 0.0106 38.0187 "" "" 2205581159519880192 994.374268 0.9912 0.0107 -4.107 -2.865 0.012 0.013 0.958 "" "" 12.724189 0.980028 13.121794 12.141766 -45.63 26.11 982.821899 1005.14191 153204.43224 22.964 77037.0 47.887 110270.0 42.601 "" "" 0.0027601221839037384 0.002870635 0.0038025873 0.0066732224 337.64308484148 64.16323107772 994.374268 -4.107000000000002 -2.8649999999999993 -0.9458261795043947 -1.6954129838943484 0.12806489 0.12906489 -26.477000000000004 28.898657 9.150440451350756 28.013605434747532 1.1788351077432278 27.31621855377495
339.16773764249 64.67242721359 0.0098 0.009 31.6159 "" "" 2211620566431689088 890.154053 1.1085 0.0105 -5.216 -8.385 0.014 0.012 1.016 7968.4 3.8186 12.73467 1.212335 13.255137 12.042803 -36.24 6.18 881.454712 898.281921 151732.60263 64.901 68134.0 118.8 120790.0 117.07 "" "" 0.002794183477487442 0.0033717845 0.003923144 0.0072949287 339.16773764249 64.67242721359 890.154053 -5.216000000000003 -8.385000000000007 -2.0548261795043947 -7.215412983894348 0.13006489 0.12806489 -17.087000000000003 8.968657 31.65467819396602 35.97199216840163 4.058636315163415 5.559224814517369
339.08004979107 64.30735551603 0.018 0.0197 9.6662 "" "" 2205549239322402432 1046.08264 0.9398 0.0211 -2.268 -1.918 0.024 0.025 2.012 9260.8 3.907 12.758175 0.928123 13.131585 12.203462 "" "" 1021.29907 1068.8136 148482.98616 20.133 76345.0 39.709 104180.0 28.647 "" "" 0.002759250271714915 0.0028467448 0.0037911555 0.0066379 339.08004979107 64.30735551603 1046.08264 -2.268 -1.9180000000000006 0.8931738204956057 -0.7484129838943481 0.14006488 0.14106488 "" "" 5.777969795545535 "" 0.8116790312993339 ""
339.24208678922 64.03562638915 0.0129 0.0125 7.6696 "" "" 2205354316529060736 1012.85608 0.9777 0.0141 -0.045 1.45 0.017 0.016 1.444 4924.1 2.9214 12.766072 1.965936 13.743141 11.777205 -26.48 0.52 1001.47229 1026.82239 147406.92653 30.651 43467.0 39.954 154270.0 56.096 "" "" 0.002764553838758722 0.0029632796 0.0037999465 0.0067632264 339.24208678922 64.03562638915 1012.85608 -0.04500000000000026 1.4500000000000002 3.1161738204956055 2.619587016105652 0.13306488 0.13206488 -7.327000000000002 3.3086567 19.544461258595437 20.872730891973333 2.592606555159755 2.691152609859228
339.18013616012 63.87581363691 0.0112 0.0102 16.385 "" "" 2205347886956873216 1088.26172 0.9076 0.0118 -5.152 -3.679 0.014 0.012 1.099 "" "" 12.770133 1.079301 13.212976 12.133676 -50.19 9.39 1075.04797 1103.9093 146856.65548 23.457 70831.0 36.604 111090.0 106.61 "" "" 0.002760772436886707 0.0028460263 0.0039203814 0.0067664078 339.18013616012 63.87581363691 1088.26172 -5.152 -3.678999999999998 -1.9908261795043947 -2.509412983894348 0.13006489 0.12806489 -31.037 12.178658 16.523302521909354 35.161269818232334 2.1288807523769786 10.796601933350425
337.90569174217 64.06929390774 0.0089 0.0098 31.5307 "" "" 2205529860429371648 955.822571 1.0378 0.0105 -3.734 -0.085 0.012 0.011 0.96 5609.4 3.1376 12.783738 2.035938 13.817706 11.781768 -26.2 0.51 947.892822 964.08374 145027.85205 22.442 40582.0 36.235 153620.0 42.932 "" "" 0.002760437768739289 0.0029537864 0.0037915427 0.006745329 337.90569174217 64.06929390774 955.822571 -3.734 -0.08499999999999967 -0.5728261795043945 1.084587016105652 0.12806489 0.12706488 -7.047000000000001 3.2986567 5.557068842107383 8.974476202872271 0.7073240552640137 2.626962464945314
339.79410423165 64.27738366229 0.0092 0.0099 19.8419 "" "" 2211363216291135360 852.101929 1.1561 0.0107 -6.006 -7.374 0.013 0.012 1.033 "" "" 12.791635 0.906446 13.157601 12.251155 "" "" 846.267944 861.084106 143976.88332 22.203 74538.0 66.261 99700.0 28.784 "" "" 0.0027604027766197758 0.0029523897 0.0037923586 0.006744748 339.79410423165 64.27738366229 852.101929 -6.006 -7.373999999999997 -2.8448261795043948 -6.204412983894348 0.12906489 0.12806489 "" "" 27.568039454135263 "" 3.53530226684384 ""
339.04913370205 64.13443060452 0.0198 0.0197 1.424 "" "" 2205542917130608512 894.267456 1.1032 0.0221 -3.043 -1.199 0.027 0.025 2.028 "" "" 12.800576 0.852046 13.136307 12.284261 "" "" 875.404114 913.457703 142796.11606 24.559 76014.0 52.555 96706.0 38.095 "" "" 0.00276164049416268 0.0028893845 0.0038035056 0.00669289 339.04913370205 64.13443060452 894.267456 -3.043 -1.1990000000000003 0.11817382049560532 -0.02941298389434821 0.14306489 0.14106488 "" "" 0.5162010846961003 "" 0.07379042056577889 ""
338.51447038296 63.98804340452 0.0096 0.0086 17.9777 "" "" 2205537380910250752 949.305359 1.0362 0.0101 -3.205 -1.365 0.012 0.01 0.998 "" "" 12.801426 0.967989 13.194545 12.226556 "" "" 940.800842 958.184021 142684.29898 37.529 72044.0 66.577 101980.0 69.968 "" "" 0.002770079523713384 0.0029650887 0.0038520943 0.006817183 338.51447038296 63.98804340452 949.305359 -3.205 -1.3650000000000002 -0.0438261795043946 -0.19541298389434814 0.12806489 0.12606488 "" "" 0.9011439918806662 "" 0.11368957435050066 ""
339.67171818866 63.74479714237 0.0089 0.0094 28.4733 "" "" 2205284802477221248 876.548889 1.1286 0.0108 -4.237 -5.386 0.013 0.012 1.022 "" "" 12.807093 1.395212 13.433362 12.03815 1.33 3.95 870.658447 883.426575 141941.60111 23.459 57819.0 45.744 121310.0 43.314 "" "" 0.002761157154647405 0.0029194024 0.003799212 0.006718614 339.67171818866 63.74479714237 876.548889 -4.237 -5.386 -1.0758261795043946 -4.216412983894348 0.12906489 0.12806489 20.482999999999997 6.738657 18.079788156855418 27.320908271812073 2.3164951512205434 5.279550100868619
340.67644145982 64.02649290637 0.0104 0.0091 42.0563 "" "" 2211297344373606528 933.498047 1.0562 0.0112 -4.194 -1.609 0.013 0.011 0.915 "" "" 12.834701 0.880475 13.185236 12.304761 "" "" 925.977112 943.016113 138377.84797 23.133 72665.0 52.102 94897.0 28.779 "" "" 0.0027612920221236808 0.002896739 0.0037936978 0.006690437 340.67644145982 64.02649290637 933.498047 -4.193999999999999 -1.609 -1.0328261795043945 -0.43941298389434813 0.12906489 0.12706488 "" "" 4.966436838351231 "" 0.6394802717470913 ""
337.57073778245 64.04070946586 0.0109 0.0122 40.4853 "" "" 2205571534490187264 1086.08423 0.9086 0.0128 -1.56 -3.058 0.014 0.014 1.114 "" "" 12.875061 1.106999 13.336533 12.229533 "" "" 1071.55505 1103.88171 133328.31942 21.18 63213.0 37.736 101710.0 34.29 "" "" 0.0027607131799904905 0.002864462 0.0037970662 0.0066615283 337.57073778245 64.04070946586 1086.08423 -1.5600000000000007 -3.058 1.6011738204956054 -1.888412983894348 0.13006489 0.13006489 "" "" 12.745802065634988 "" 1.6577813409344768 ""
