Clusters/Bochum_13/Bochum_13_stars_in_region.tsv
# %ECSV 1.0
# ---
# datatype:
# - name: RA_ICRS_1
#   unit: deg
#   datatype: float64
#   format: '{:15.11f}'
#   description: Right ascension (ICRS) at Ep=2016.0 (ra)
#   meta: !!omap
#   - {ucd: POS_EQ_RA_MAIN}
#   - {width: 15}
#   - {precision: '11'}
# - name: DE_ICRS_1
#   unit: deg
#   datatype: float64
#   format: '{:15.11f}'
#   description: Declination (ICRS) at Ep=2016.0 (dec)
#   meta: !!omap
#   - {ucd: POS_EQ_DEC_MAIN}
#   - {width: 15}
#   - {precision: '11'}
# - name: e_RA_ICRS
#   unit: mas
#   datatype: float64
#   format: '{:7.4f}'
#   description: Standard error of right ascension (ra_error)
#   meta: !!omap
#   - {ucd: ERROR}
#   - {width: 7}
#   - {precision: '4'}
# - name: e_DE_ICRS
#   unit: mas
#   datatype: float64
#   format: '{:7.4f}'
#   description: Standard error of declination (dec_error)
#   meta: !!omap
#   - {ucd: ERROR}
#   - {width: 7}
#   - {precision: '4'}
# - name: _r_1
#   unit: ''
#   datatype: float64
#   format: '{:7.4f}'
#   description: Distance from center (259.32410887000-35.53489504000)[ICRS], at Epoch=J2016.0
#   meta: !!omap
#   - {ucd: POS_ANG_DIST_GENERAL}
#   - {width: 7}
#   - {precision: '4'}
# - name: HIP
#   datatype: int32
#   description: '? HIP cross-id number, van Leeuwen, Cat. I/311 (hip_original_ext_source_id)'
#   meta: !!omap
#   - {ucd: ID_NUMBER}
#   - {width: 6}
#   - values: {'null': -2147483648}
# - name: TYC2
#   datatype: string
#   description: Tycho-2 cross-id name, Hog et al., Cat. I/259 (tyc2_original_ext_source_id)
#   meta: !!omap
#   - {ucd: ID_CROSSID}
#   - {_votable_string_dtype: char}
# - name: Source
#   datatype: int64
#   description: Source identifier, identical to the Gaia-EDR3 source_id (id)
#   meta: !!omap
#   - {ucd: ID_MAIN}
#   - {width: 19}
# - name: rgeo
#   unit: pc
#   datatype: float64
#   format: '{:15.8f}'
#   description: '? Median of the geometric distance posterior (r_med_geo)'
#   meta: !!omap
#   - {ucd: PHYS_DISTANCE_TRUE}
#   - {width: 15}
#   - {precision: '8'}
#   - values: {'null': .nan}
# - name: Plx
#   unit: mas
#   datatype: float64
#   format: '{:9.4f}'
#   description: '? Parallax (parallax)'
#   meta: !!omap
#   - {ucd: POS_PARLX_TRIG}
#   - {width: 9}
#   - {precision: '4'}
#   - values: {'null': .nan}
# - name: e_Plx
#   unit: mas
#   datatype: float32
#   format: '{:7.4f}'
#   description: '? Standard error of parallax (parallax_error)'
#   meta: !!omap
#   - {ucd: ERROR}
#   - {width: 7}
#   - {precision: '4'}
#   - values: {'null': .nan}
# - name: pmRA
#   unit: mas / yr
#   datatype: float64
#   format: '{:9.3f}'
#   description: '? Proper motion in right ascension direction, pmRA*cosDE (pmra)'
#   meta: !!omap
#   - {ucd: POS_EQ_PMRA}
#   - {width: 9}
#   - {precision: '3'}
#   - values: {'null': .nan}
# - name: pmDE
#   unit: mas / yr
#   datatype: float64
#   format: '{:9.3f}'
#   description: '? Proper motion in declination direction (pmdec)'
#   meta: !!omap
#   - {ucd: POS_EQ_PMDEC}
#   - {width: 9}
#   - {precision: '3'}
#   - values: {'null': .nan}
# - name: e_pmRA
#   unit: mas / yr
#   datatype: float32
#   format: '{:6.3f}'
#   description: '? Standard error of proper motion in right ascension direction (pmra_error)'
#   meta: !!omap
#   - {ucd: ERROR}
#   - {width: 6}
#   - {precision: '3'}
#   - values: {'null': .nan}
# - name: e_pmDE
[...]
#         value: !astropy.table.SerializedColumn {name: SkyCoord.dec}
#       distance: !astropy.table.SerializedColumn
#         __class__: astropy.coordinates.distances.Distance
#         unit: !astropy.units.Unit {unit: pc}
#         value: !astropy.table.SerializedColumn {name: SkyCoord.distance}
#       frame: icrs
#       obstime: !astropy.time.Time {format: jyear_str, in_subfmt: '*', jd1: 367701545.0, jd2: 0.0, out_subfmt: '*', precision: 3, scale: tt}
#       pm_dec: !astropy.table.SerializedColumn
#         __class__: astropy.units.quantity.Quantity
#         unit: !astropy.units.Unit {unit: mas / yr}
#         value: !astropy.table.SerializedColumn {name: SkyCoord.pm_dec}
#       pm_ra_cosdec: !astropy.table.SerializedColumn
#         __class__: astropy.units.quantity.Quantity
#         unit: !astropy.units.Unit {unit: mas / yr}
#         value: !astropy.table.SerializedColumn {name: SkyCoord.pm_ra_cosdec}
#       ra: !astropy.table.SerializedColumn
#         __class__: astropy.coordinates.angles.Longitude
#         unit: *id001
#         value: !astropy.table.SerializedColumn {name: SkyCoord.ra}
#         wrap_angle: !astropy.coordinates.Angle
#           unit: *id001
#           value: 360.0
#       representation_type: spherical
# schema: astropy-2.0
RA_ICRS_1 DE_ICRS_1 e_RA_ICRS e_DE_ICRS _r_1 HIP TYC2 Source rgeo Plx e_Plx pmRA pmDE e_pmRA e_pmDE RUWE Teff logg Gmag BP-RP BPmag RPmag RV e_RV b_rgeo B_rgeo FG e_FG FBP e_FBP FRP e_FRP RAVE5 RAVE6 e_Gmag e_BPmag e_RPmag e_BP-RP SkyCoord.ra SkyCoord.dec SkyCoord.distance SkyCoord.pm_ra_cosdec SkyCoord.pm_dec rmRA rmDE e_rmRA e_rmDE rRV e_rRV v_pec v_pec3d e_vpec e_vpec3d
259.43964262158 -35.22417598651 0.0261 0.0193 19.481 84612 7370-522-1 5975565497602725376 1675.60815 0.5725 0.0309 -0.137 -1.023 0.036 0.025 0.976 17542.5 2.561 7.641301 1.052237 8.066274 7.014036 "" "" 1587.8147 1766.60461 16535845.90775 14925.0 8107900.0 18821.0 12403000.0 35098.0 "" "" 0.0029244021889352095 0.00375994 0.0048706736 0.008630614 259.43964262158 -35.22417598651 1675.60815 -0.13699999999999998 -1.023 0.15299999165534972 0.24627590370178232 0.11072986 0.09972986 "" "" 2.302754354064732 "" 0.23697943157423837 ""
259.36253677933 -35.53667235889 0.0204 0.0155 1.8793 "" 7370-366-1 5975542648373731072 1589.47888 0.5937 0.022 -0.304 -1.196 0.028 0.021 0.802 "" "" 7.8071 0.94438 8.177366 7.232986 "" "" 1529.58765 1653.71301 14194058.57066 7481.2 7319300.0 12138.0 10138000.0 16323.0 "" "" 0.002814118734739964 0.0033206895 0.004164092 0.0074847816 259.36253677933 -35.53667235889 1589.47888 -0.30400000000000005 -1.1959999999999997 -0.014000008344650261 0.07327590370178227 0.10272986 0.09572986 "" "" 0.5620561031661551 "" 0.05394898657511654 ""
259.33716438561 -35.54867355426 0.0234 0.0168 1.0439 84578 7370-823-1 5975542579654256640 1751.13989 0.5357 0.0262 -0.441 -1.521 0.033 0.022 1.047 "" "" 7.827815 0.974755 8.210485 7.23573 "" "" 1691.13293 1828.96582 13925813.41263 5866.3 7099400.0 11482.0 10113000.0 13955.0 "" "" 0.002793022918859759 0.0032967443 0.0040655104 0.007362255 259.33716438561 -35.54867355426 1751.13989 -0.44099999999999995 -1.521 -0.15100000834465027 -0.2517240962982177 0.10772986 0.09672986 "" "" 2.436504442139889 "" 0.24306259423454066 ""
259.18889019089 -35.11106869929 0.0246 0.0174 26.277 "" 7370-153-1 5978567645406453888 1515.62549 0.6192 0.0272 2.142 -1.007 0.035 0.025 0.794 "" "" 8.797142 2.776126 10.378002 7.601876 -2.72 0.28 1464.87122 1576.75537 5702824.36307 3742.0 964310.0 1921.8 7217900.0 5787.5 "" "" 0.0028459332918554137 0.0035308711 0.003878353 0.0074092243 259.18889019089 -35.11106869929 1515.62549 2.141999999999998 -1.0069999999999995 2.4319999916553496 0.26227590370178233 0.109729856 0.09972986 63.215 13.675 17.572951827901033 65.61207862082813 1.926348285950219 13.185494194726601
259.21974919186 -35.48001280777 0.016 0.0117 6.0683 "" 7370-745-1 5975532267430361728 1674.37891 0.567 0.018 -0.431 -1.281 0.021 0.015 0.908 18655.6 3.2065 9.140953 0.856383 9.470782 8.614399 "" "" 1630.24878 1722.6759 4154946.52115 1573.1 2223800.0 2409.9 2840500.0 1293.7 "" "" 0.0027858154089205845 0.0030281062 0.0038115946 0.006839701 259.21974919186 -35.48001280777 1674.37891 -0.43099999999999994 -1.2809999999999997 -0.14100000834465026 -0.01172409629821769 0.09572986 0.08972986 "" "" 1.12291629543314 "" 0.10745179534787887 ""
259.72333554573 -35.20960724001 0.0157 0.012 27.6119 "" 7370-187-1 5975647819229309696 1534.04492 0.62 0.0203 2.26 -0.149 0.022 0.015 0.999 "" "" 9.578569 1.622527 10.323459 8.700932 -7.25 0.98 1487.44409 1586.65576 2776635.19482 1443.7 1014000.0 1080.7 2622900.0 705.35 "" "" 0.002812556983772748 0.003020605 0.0037906433 0.006811248 259.72333554573 -35.20960724001 1534.04492 2.26 -0.14899999999999983 2.5499999916553495 1.1202759037017822 0.09672986 0.08972986 58.685 14.375 20.25246154027182 62.081329104974785 1.9367862645137357 13.603257359523816
259.37338312549 -35.24837542914 0.0209 0.015 17.3593 "" 7370-126-1 5975559725164088320 1764.69983 0.5198 0.0242 -1.126 -0.31 0.028 0.021 1.025 "" "" 10.414187 2.480101 11.765521 9.28542 -22.68 0.2 1676.8396 1841.35999 1286091.06847 449.62 268660.0 262.63 1531100.0 754.55 "" "" 0.0027813426561293674 0.0029852216 0.00381707 0.0068022916 259.37338312549 -35.24837542914 1764.69983 -1.126 -0.30999999999999994 -0.8360000083446502 0.9592759037017822 0.10272986 0.09572986 43.255 13.595 10.64355878851797 44.545262022853095 1.0517144407686465 13.20361005712227
259.49061484949 -35.83479898425 0.0167 0.0126 19.7393 "" 7374-1056-1 5975462487104040448 1683.91858 0.5634 0.0187 -0.288 -1.442 0.02 0.015 1.163 16426.1 3.374 10.419055 1.063084 10.854808 9.791724 "" "" 1627.0304 1727.12317 1280338.75275 446.09 621580.0 467.47 960440.0 487.46 "" "" 0.002781167159326979 0.0029071975 0.0038193436 0.006726541 259.49061484949 -35.83479898425 1683.91858 -0.2879999999999999 -1.442 0.001999991655349753 -0.17272409629821772 0.094729856 0.08972986 "" "" 1.3787371313317098 "" 0.12371484025352138 ""
259.32710067442 -35.40648835661 0.0144 0.0106 7.7058 "" 7370-510-1 5975556186111510656 1532.73938 0.6215 0.0163 -0.281 -1.293 0.022 0.015 0.852 16830.6 3.368 10.455039 1.066361 10.893979 9.827618 -69.72 23.11 1491.87988 1584.41174 1238599.79328 423.15 599550.0 443.42 929200.0 426.93 "" "" 0.0027801754868331326 0.002903421 0.0038121622 0.006715583 259.32710067442 -35.40648835661 1532.73938 -0.281 -1.2929999999999997 0.008999991655349704 -0.0237240962982177 0.09672986 0.08972986 -3.7849999999999966 36.505 0.1843457532226641 3.7894865558187703 0.01670914609303198 36.46178104656091
259.36548128906 -35.44461701309 0.0141 0.0109 5.7815 "" 7370-298-1 5975544297642036096 1530.26782 0.6252 0.0153 0.323 2.32 0.02 0.015 0.822 "" "" 10.482975 0.959064 10.865803 9.906738 "" "" 1494.68323 1563.44128 1207137.1941 298.26 615310.0 325.93 863900.0 146.17 "" "" 0.0027683487989786045 0.0028488252 0.0037838437 0.006632669 259.36548128906 -35.44461701309 1530.26782 0.32300000000000023 2.32 0.6129999916553497 3.589275903701782 0.094729856 0.08972986 "" "" 26.41166475994621 "" 2.373758863600905 ""
259.36085582977 -35.29586002473 0.045 0.0313 14.4542 "" "" 5975559342903003648 1415.74194 0.649 0.0497 -10.393 -1.418 0.066 0.043 1.038 "" "" 10.750873 4.069313 13.40915 9.339837 25.49 0.15 1328.03809 1527.41016 943186.92457 1312.9 59123.0 638.55 1456200.0 6817.5 "" "" 0.003142593828921727 0.012053723 0.0063341614 0.018387884 259.36085582977 -35.29586002473 1415.74194 -10.393 -1.418 -10.103000008344651 -0.1487240962982177 0.14072986 0.11772986 91.425 13.545 67.80470703989107 113.82446539195979 9.541836623593467 12.274827088103342
259.11673774362 -35.46026588392 0.0214 0.0158 11.0753 "" "" 5975535845145608576 1880.08203 0.479 0.0239 0.772 -0.865 0.028 0.02 0.873 "" "" 10.78005 2.998182 12.532694 9.534512 -35.52 0.14 1788.07776 1984.85718 918177.27574 369.18 132540.0 226.76 1217200.0 1200.5 "" "" 0.002789689407815467 0.0033519533 0.003928158 0.0072801113 259.11673774362 -35.46026588392 1880.08203 0.772 -0.8650000000000004 1.0619999916553498 0.40427590370178224 0.10272986 0.094729856 30.415 13.535001 10.126651279574688 32.05653273730819 1.0304076458212332 12.846032814225628
259.33518761849 -35.97774883706 0.0166 0.0127 26.5767 "" 7374-601-1 5975457058257045632 1693.83496 0.558 0.0192 -0.305 -1.726 0.021 0.015 1.096 15064.7 3.4048 10.841124 1.196755 11.293859 10.097103 "" "" 1647.1084 1754.10156 867954.97213 642.06 414830.0 1138.2 724960.0 2184.9 "" "" 0.0028699925544079454 0.004081615 0.004999112 0.009080727 259.33518761849 -35.97774883706 1693.83496 -0.30500000000000005 -1.7260000000000004 -0.015000008344650262 -0.45672409629821775 0.09572986 0.08972986 "" "" 3.6689133569732473 "" 0.32923559448203144 ""
259.39320053879 -35.08991002259 0.0174 0.011 26.9125 "" 7370-704-1 5975570445402534272 1638.59705 0.5763 0.0199 -1.078 -2.997 0.02 0.014 0.944 6960.1 2.464 10.910882 1.143742 11.386168 10.242426 -42.07 38.76 1582.72595 1694.55957 813942.78049 438.12 381020.0 480.9 634140.0 824.47 "" "" 0.0028166174136949247 0.0031085215 0.0040343977 0.007142919 259.39320053879 -35.08991002259 1638.59705 -1.078 -2.9970000000000003 -0.7880000083446503 -1.7277240962982177 0.094729856 0.08872986 23.865000000000002 52.155 14.748975015263046 28.054776580840095 1.3243345054681086 44.37149210084114
259.52407067833 -35.61677691944 0.0741 0.0518 10.9252 "" "" 5975491585501140096 1576.18274 0.5973 0.0799 -1.516 -4.595 0.091 0.07 0.988 "" "" 10.91523 6.398363 15.494036 9.095673 "" "" 1436.18469 1785.71326 810690.07563 9296.4 8665.7 764.22 1823400.0 88550.0 "" "" 0.01275166454306552 0.0957907 0.052862015 0.14865272 259.52407067833 -35.61677691944 1576.18274 -1.5159999999999993 -4.594999999999996 -1.2260000083446503 -3.3257240962982175 0.16572985 0.14472985 "" "" 26.481374386371826 "" 3.903351849366076 ""
259.44605509469 -35.33436236053 0.0183 0.0122 13.4279 "" "" 5975546565384660864 1608.2146 0.6036 0.0205 -0.664 -1.01 0.027 0.017 0.961 6831.1 2.1736 11.265019 2.182681 12.394715 10.212034 "" "" 1553.78406 1659.64893 587406.89191 485.83 150500.0 310.87 652150.0 1264.0 "" "" 0.0028979593211896346 0.003579755 0.0043257526 0.007905507 259.44605509469 -35.33436236053 1608.2146 -0.664 -1.01 -0.3740000083446503 0.2592759037017822 0.10172986 0.091729864 "" "" 3.469064639022849 "" 0.3420329022975713 ""
259.55150633674 -35.66214700802 0.0206 0.0139 13.4675 "" "" 5975491143125863296 1733.50085 0.5612 0.0223 2.516 -0.018 0.025 0.018 1.02 "" "" 11.335156 2.172006 12.460252 10.288246 -2.04 0.23 1664.30383 1791.67908 550661.46164 245.76 141680.0 200.51 607940.0 320.06 "" "" 0.0027976045639108377 0.0031852927 0.0038223627 0.0070076557 259.55150633674 -35.66214700802 1733.50085 2.516 -0.018000000000000106 2.8059999916553497 1.2512759037017822 0.09972986 0.09272986 63.895 13.625 25.244857530913134 68.70133810018623 2.4892227078755798 12.704765824152366
259.04317925685 -35.7303593386 0.0169 0.0142 18.0341 "" "" 5975522612343885568 1739.94031 0.55 0.0212 -0.364 -1.291 0.023 0.016 0.873 "" "" 11.347376 1.271543 11.900139 10.628595 "" "" 1681.8092 1813.81238 544498.01441 394.41 237330.0 442.69 444340.0 577.15 "" "" 0.002865363268161248 0.0034476875 0.0040339245 0.0074816123 259.04317925685 -35.7303593386 1739.94031 -0.3639999999999999 -1.2909999999999997 -0.07400000834465026 -0.0217240962982177 0.09772986 0.09072986 "" "" 0.6360567898859897 "" 0.06182018213930729 ""
259.19449455679 -35.96140629805 0.0164 0.0145 26.3575 "" "" 5975457917258517120 1637.91064 0.578 0.0227 -0.701 -1.07 0.02 0.016 0.933 "" "" 11.430724 1.080998 11.879972 10.798975 "" "" 1586.67554 1681.35767 504262.79899 265.85 241780.0 344.17 379810.0 373.85 "" "" 0.0028141495800435906 0.0031896248 0.003927575 0.0071171997 259.19449455679 -35.96140629805 1637.91064 -0.7010000000000001 -1.07 -0.4110000083446502 0.19927590370178216 0.094729856 0.09072986 "" "" 3.5461646379934644 "" 0.33327429124176317 ""
259.11382938035 -35.30415746229 0.0205 0.0143 17.2447 "" "" 5978563724067577600 1387.40356 0.7036 0.0225 0.653 0.102 0.024 0.018 0.975 "" "" 11.46518 2.142185 12.572542 10.430357 -12.1 0.57 1354.84363 1424.33972 488511.39159 202.27 127760.0 133.87 533350.0 260.07 "" "" 0.0027917534793416793 0.0030131908 0.0038162828 0.0068294737 259.11382938035 -35.30415746229 1387.40356 0.6530000000000007 0.10199999999999998 0.9429999916553498 1.3712759037017823 0.098729864 0.09272986 53.835 13.965 10.944434442234863 54.93621638100295 1.0364129950714671 13.686624178425431
259.36944245771 -35.52212977985 0.0162 0.0119 2.3424 "" 7370-178-1 5975542678431087872 1605.61926 0.5829 0.0182 -0.211 -1.425 0.024 0.017 0.823 6102.1 2.6588 11.560555 0.875839 11.905581 11.029742 "" "" 1563.96667 1650.60535 447429.29792 197.4 236150.0 241.77 307090.0 212.08 "" "" 0.002796648451087672 0.0030034394 0.0038530456 0.0068564853 259.36944245771 -35.52212977985 1605.61926 -0.21099999999999988 -1.4249999999999998 0.07899999165534974 -0.15572409629821782 0.098729864 0.091729864 "" "" 1.3289440399413868 "" 0.12386482478207404 ""
259.39469063933 -35.56636669441 0.0166 0.0125 3.929 "" "" 5975539414255943808 1461.31128 0.6603 0.0183 -0.873 -3.688 0.022 0.017 1.042 "" "" 11.57633 1.974954 12.569333 10.594379 -25.38 0.26 1423.06274 1495.84802 440975.8317 159.24 128140.0 96.412 458570.0 180.5 "" "" 0.0027830750833300055 0.0029072976 0.0038034676 0.006710765 259.39469063933 -35.56636669441 1461.31128 -0.873 -3.688 -0.5830000083446503 -2.418724096298218 0.09672986 0.091729864 40.55500000000001 13.655001 17.233379281342597 44.06469546535649 1.5856683208066555 12.582689014468663
259.24865626029 -35.6240675809 0.0133 0.0101 6.4949 "" 7370-751-1 5975518424758180480 1564.99524 0.604 0.015 -0.191 -1.207 0.018 0.013 0.792 16115.0 3.7009 11.587088 1.191458 12.095579 10.904121 "" "" 1537.27832 1600.11707 436627.93908 428.32 198240.0 545.25 344750.0 1140.8 J171659.7-353727 20100608_1718m33_002 0.002954010677297262 0.0040869107 0.005214569 0.00930148 259.24865626029 -35.6240675809 1564.99524 -0.191 -1.207000000000001 0.09899999165534973 0.062275903701782154 0.09272986 0.08772986 "" "" 0.867607077027438 "" 0.07924730400560895 ""
259.63560058487 -35.29948765712 0.0196 0.0142 20.7722 "" "" 5975553261229312768 1304.29211 0.7471 0.0218 1.46 -0.944 0.027 0.02 1.273 "" "" 11.616436 1.615422 12.36638 10.750958 -21.95 13.18 1267.92493 1348.3446 424983.60952 142.1 154480.0 122.14 396990.0 186.19 "" "" 0.002779133394888827 0.0029192409 0.003813532 0.006732773 259.63560058487 -35.29948765712 1304.29211 1.4599999999999995 -0.9440000000000006 1.7499999916553497 0.3252759037017823 0.10172986 0.094729856 43.985 26.575 11.00440734174875 45.34067937231569 1.1169901658499888 25.781837666821207
259.50867771063 -35.15360512824 0.028 0.0201 24.5962 "" "" 5975567554881528320 1663.74524 0.5849 0.0311 -1.538 -4.536 0.037 0.025 1.016 4786.0 1.8439 11.683919 3.032118 13.462173 10.430056 2.95 0.24 1592.01147 1769.03577 399373.29712 141.27 56305.0 132.45 533500.0 534.81 "" "" 0.0027819577442397226 0.0037826204 0.0039329818 0.0077156024 259.50867771063 -35.15360512824 1663.74524 -1.5380000000000003 -4.536 -1.2480000083446503 -3.2667240962982174 0.11172986 0.09972986 68.885 13.635 27.577854036455097 74.20027802007229 2.7946623496871097 12.700811492623505
259.37965262427 -35.37428566967 0.0284 0.0196 10.0116 "" "" 5975557766659367040 1914.69666 0.5074 0.0308 -1.448 -1.714 0.04 0.027 0.932 6265.2 1.3208 11.820319 3.29517 13.805307 10.510138 -0.67 0.23 1812.46863 2019.64258 352223.98683 143.18 41048.0 160.59 495570.0 455.65 "" "" 0.0027904450033439734 0.005082101 0.003909 0.008991102 259.37965262427 -35.37428566967 1914.69666 -1.4480000000000008 -1.7139999999999997 -1.1580000083446502 -0.44472409629821774 0.11472986 0.10172986 65.265 13.625 11.2580051469857 66.22886760989921 1.2737601474915685 13.428453097175202
259.21309597318 -35.19575841028 0.0314 0.0201 21.0607 "" "" 5978566026169650176 1353.74817 0.7223 0.0339 -6.555 -3.785 0.038 0.027 1.188 4789.1 1.9656 11.84985 2.500784 13.216216 10.715432 -32.54 0.5 1305.45447 1414.77454 342773.31075 96.218 70620.0 58.177 410190.0 206.98 "" "" 0.0027721245933772097 0.0029300272 0.003818884 0.006748911 259.21309597318 -35.19575841028 1353.74817 -6.555 -3.7850000000000006 -6.26500000834465 -2.515724096298218 0.11272986 0.10172986 33.395 13.895 43.321058820759895 54.69863035169838 4.820225784191924 9.30268783198887
259.13265616765 -35.40269515304 0.0148 0.0108 12.2655 "" "" 5975536497980655488 1640.57068 0.5679 0.0163 -0.359 -1.273 0.017 0.013 0.901 "" "" 11.867069 0.946788 12.244488 11.2977 "" "" 1603.61072 1693.823 337379.63628 123.95 172830.0 191.89 239930.0 160.4 "" "" 0.002784044139049985 0.003039443 0.0038484514 0.006887894 259.13265616765 -35.40269515304 1640.57068 -0.359 -1.2730000000000001 -0.06900000834465025 -0.003724096298217683 0.091729864 0.08772986 "" "" 0.5373460557226101 "" 0.04928457358224204 ""
259.03479171052 -35.5127296897 0.0397 0.0289 14.1905 "" 7370-651-1 5975534260295187584 1371.37573 0.6993 0.0472 0.1 1.027 0.048 0.036 2.598 11896.7 3.5808 11.956808 0.97523 12.347302 11.372071 "" "" 1296.12793 1450.02502 310615.85035 64.497 157220.0 138.9 224040.0 94.124 "" "" 0.002764527945013521 0.0029504497 0.0038068085 0.0067572584 259.03479171052 -35.5127296897 1371.37573 0.10000000000000003 1.0270000000000001 0.3899999916553497 2.2962759037017824 0.12272986 0.11072986 "" "" 15.140282982041441 "" 1.681842681013296 ""
