Clusters/Bochum_13/Bochum_13_stars_in_region.tsv
# %ECSV 1.0
# ---
# datatype:
# - name: RA_ICRS_1
#   unit: deg
#   datatype: float64
#   format: '{:15.11f}'
#   description: Right ascension (ICRS) at Ep=2016.0 (ra)
#   meta: !!omap
#   - {ucd: POS_EQ_RA_MAIN}
#   - {width: 15}
#   - {precision: '11'}
# - name: DE_ICRS_1
#   unit: deg
#   datatype: float64
#   format: '{:15.11f}'
#   description: Declination (ICRS) at Ep=2016.0 (dec)
#   meta: !!omap
#   - {ucd: POS_EQ_DEC_MAIN}
#   - {width: 15}
#   - {precision: '11'}
# - name: e_RA_ICRS
#   unit: mas
#   datatype: float64
#   format: '{:7.4f}'
#   description: Standard error of right ascension (ra_error)
#   meta: !!omap
#   - {ucd: ERROR}
#   - {width: 7}
#   - {precision: '4'}
# - name: e_DE_ICRS
#   unit: mas
#   datatype: float64
#   format: '{:7.4f}'
#   description: Standard error of declination (dec_error)
#   meta: !!omap
#   - {ucd: ERROR}
#   - {width: 7}
#   - {precision: '4'}
# - name: _r_1
#   unit: ''
#   datatype: float64
#   format: '{:7.4f}'
#   description: Distance from center (259.32410887000-35.53489504000)[ICRS], at Epoch=J2016.0
#   meta: !!omap
#   - {ucd: POS_ANG_DIST_GENERAL}
#   - {width: 7}
#   - {precision: '4'}
# - name: HIP
#   datatype: int32
#   description: '? HIP cross-id number, van Leeuwen, Cat. I/311 (hip_original_ext_source_id)'
#   meta: !!omap
#   - {ucd: ID_NUMBER}
#   - {width: 6}
#   - values: {'null': -2147483648}
# - name: TYC2
#   datatype: string
#   description: Tycho-2 cross-id name, Hog et al., Cat. I/259 (tyc2_original_ext_source_id)
#   meta: !!omap
#   - {ucd: ID_CROSSID}
#   - {_votable_string_dtype: char}
# - name: Source
#   datatype: int64
#   description: Source identifier, identical to the Gaia-EDR3 source_id (id)
#   meta: !!omap
#   - {ucd: ID_MAIN}
#   - {width: 19}
# - name: rgeo
#   unit: pc
#   datatype: float64
#   format: '{:15.8f}'
#   description: '? Median of the geometric distance posterior (r_med_geo)'
#   meta: !!omap
#   - {ucd: PHYS_DISTANCE_TRUE}
#   - {width: 15}
#   - {precision: '8'}
#   - values: {'null': .nan}
# - name: Plx
#   unit: mas
#   datatype: float64
#   format: '{:9.4f}'
#   description: '? Parallax (parallax)'
#   meta: !!omap
#   - {ucd: POS_PARLX_TRIG}
#   - {width: 9}
#   - {precision: '4'}
#   - values: {'null': .nan}
# - name: e_Plx
#   unit: mas
#   datatype: float32
#   format: '{:7.4f}'
#   description: '? Standard error of parallax (parallax_error)'
#   meta: !!omap
#   - {ucd: ERROR}
#   - {width: 7}
#   - {precision: '4'}
#   - values: {'null': .nan}
# - name: pmRA
#   unit: mas / yr
#   datatype: float64
#   format: '{:9.3f}'
#   description: '? Proper motion in right ascension direction, pmRA*cosDE (pmra)'
#   meta: !!omap
#   - {ucd: POS_EQ_PMRA}
#   - {width: 9}
#   - {precision: '3'}
#   - values: {'null': .nan}
# - name: pmDE
#   unit: mas / yr
#   datatype: float64
#   format: '{:9.3f}'
#   description: '? Proper motion in declination direction (pmdec)'
#   meta: !!omap
#   - {ucd: POS_EQ_PMDEC}
#   - {width: 9}
#   - {precision: '3'}
#   - values: {'null': .nan}
# - name: e_pmRA
#   unit: mas / yr
#   datatype: float32
#   format: '{:6.3f}'
#   description: '? Standard error of proper motion in right ascension direction (pmra_error)'
#   meta: !!omap
#   - {ucd: ERROR}
#   - {width: 6}
#   - {precision: '3'}
#   - values: {'null': .nan}
# - name: e_pmDE
[...]
#         value: !astropy.table.SerializedColumn {name: SkyCoord.dec}
#       distance: !astropy.table.SerializedColumn
#         __class__: astropy.coordinates.distances.Distance
#         unit: !astropy.units.Unit {unit: pc}
#         value: !astropy.table.SerializedColumn {name: SkyCoord.distance}
#       frame: icrs
#       obstime: !astropy.time.Time {format: jyear_str, in_subfmt: '*', jd1: 367701545.0, jd2: 0.0, out_subfmt: '*', precision: 3, scale: tt}
#       pm_dec: !astropy.table.SerializedColumn
#         __class__: astropy.units.quantity.Quantity
#         unit: !astropy.units.Unit {unit: mas / yr}
#         value: !astropy.table.SerializedColumn {name: SkyCoord.pm_dec}
#       pm_ra_cosdec: !astropy.table.SerializedColumn
#         __class__: astropy.units.quantity.Quantity
#         unit: !astropy.units.Unit {unit: mas / yr}
#         value: !astropy.table.SerializedColumn {name: SkyCoord.pm_ra_cosdec}
#       ra: !astropy.table.SerializedColumn
#         __class__: astropy.coordinates.angles.Longitude
#         unit: *id001
#         value: !astropy.table.SerializedColumn {name: SkyCoord.ra}
#         wrap_angle: !astropy.coordinates.Angle
#           unit: *id001
#           value: 360.0
#       representation_type: spherical
# schema: astropy-2.0
RA_ICRS_1 DE_ICRS_1 e_RA_ICRS e_DE_ICRS _r_1 HIP TYC2 Source rgeo Plx e_Plx pmRA pmDE e_pmRA e_pmDE RUWE Teff logg Gmag BP-RP BPmag RPmag RV e_RV b_rgeo B_rgeo FG e_FG FBP e_FBP FRP e_FRP RAVE5 RAVE6 e_Gmag e_BPmag e_RPmag e_BP-RP SkyCoord.ra SkyCoord.dec SkyCoord.distance SkyCoord.pm_ra_cosdec SkyCoord.pm_dec rmRA rmDE e_rmRA e_rmDE rRV e_rRV v_pec v_pec3d e_vpec e_vpec3d
[from data line 911]
259.15397992441 -35.87808106416 0.1362 0.1114 22.1969 "" "" 5975506154029688704 1763.3761 0.5337 0.1726 -4.937 -0.717 0.171 0.129 1.166 "" "" 15.981024 6.243301 20.54268 14.299379 -17.13 5.26 1361.48999 2430.40552 7630.22247 35.553 82.86 14.635 15115.0 60.661 "" "" 0.005760652184151294 0.19178651 0.0057680593 0.19755457 259.15397992441 -35.87808106416 1763.3761 -4.937000000000003 -0.7169999999999996 -4.6470000083446505 0.5522759037017823 0.24572986 0.20372985 48.80500000000001 18.655 39.114840097554996 62.5451736016241 9.590736304140732 15.744052319382341
259.58874090687 -35.20636159443 0.0427 0.0293 23.5837 "" "" 5975554777361704448 1678.76428 0.5553 0.0466 1.29 -3.545 0.059 0.037 0.912 6010.7 3.6938 15.982533 2.427072 17.290087 14.863015 "" "" 1560.51904 1784.7627 7619.62023 4.0083 1657.2 9.3814 8994.0 14.756 "" "" 0.002813894666764664 0.0067500095 0.0041781333 0.010928143 259.58874090687 -35.20636159443 1678.76428 1.29 -3.545 1.5799999916553498 -2.2757240962982177 0.13372986 0.11172986 "" "" 22.04531511611008 "" 2.6306952823941447 ""
259.3914171142 -35.96401725416 0.054 0.0404 25.9551 "" "" 5975460081914003584 1529.01355 0.6128 0.0633 1.713 -1.972 0.071 0.048 1.245 5876.6 4.1367 15.984002 1.921548 16.623814 14.702266 "" "" 1390.76257 1696.61707 7609.31879 10.64 3061.2 60.589 10429.0 135.95 "" "" 0.003145890470749871 0.021669883 0.014649318 0.0363192 259.3914171142 -35.96401725416 1529.01355 1.713 -1.9720000000000013 2.00299999165535 -0.7027240962982177 0.14572987 0.12272986 "" "" 15.384276711256009 "" 2.2059403685269996 ""
259.54208618911 -35.21215716409 0.0451 0.0316 22.1066 "" "" 5975566421010038400 1819.01892 0.5224 0.0493 -0.621 -2.32 0.065 0.039 0.964 "" "" 15.985512 2.066857 17.02467 14.957812 "" "" 1633.79199 2089.17188 7598.74818 4.1311 2116.2 8.6879 8242.0 15.448 "" "" 0.0028178367027587893 0.005258663 0.0042924285 0.009551091 259.54208618911 -35.21215716409 1819.01892 -0.6210000000000002 -2.3199999999999994 -0.33100000834465027 -1.0507240962982176 0.13972986 0.113729864 "" "" 9.498393218800096 "" 1.1048152897925634 ""
259.33090799544 -35.59876431514 0.0447 0.0317 3.8465 "" "" 5975518802715892480 1497.56067 0.6393 0.0484 -1.717 1.22 0.059 0.041 0.917 7580.0 4.2666 15.986173 1.703663 16.796438 15.092775 "" "" 1406.00574 1628.62341 7594.1267 4.7116 2611.2 12.154 7278.6 15.169 "" "" 0.002836468416746776 0.0057727136 0.004404962 0.010177676 259.33090799544 -35.59876431514 1497.56067 -1.7169999999999999 1.22 -1.4270000083446504 2.489275903701782 0.13372986 0.11572986 "" "" 20.367474027721865 "" 2.4529100836384488 ""
259.41800212622 -35.40070188271 0.0502 0.0344 9.2671 "" "" 5975545942605576448 1748.82263 0.5445 0.0549 0.186 1.232 0.069 0.046 1.226 9313.9 3.6227 15.99087 1.860303 16.862186 15.001883 "" "" 1584.62878 1927.26831 7561.3426 4.5233 2457.8 10.553 7914.2 23.117 "" "" 0.0028308378287258858 0.005432995 0.0049337004 0.010366695 259.41800212622 -35.40070188271 1748.82263 0.186 1.2320000000000002 0.47599999165534973 2.5012759037017824 0.14372987 0.12072986 "" "" 21.106230721868247 "" 2.5666671649365473 ""
259.14401665726 -35.23596961014 0.0437 0.031 19.9822 "" "" 5978564346871351552 1396.59351 0.6755 0.0478 -4.337 -3.115 0.057 0.042 0.943 6563.4 4.0907 15.995952 2.021477 17.018215 14.996738 "" "" 1332.33582 1477.96741 7526.03536 4.0967 2128.8 7.8523 7951.8 11.453 "" "" 0.002817991847138508 0.004880971 0.00409013 0.008971101 259.14401665726 -35.23596961014 1396.59351 -4.337 -3.115 -4.04700000834465 -1.845724096298218 0.13172986 0.116729856 "" "" 29.445257892906685 "" 3.806422684945136 ""
259.06413695219 -35.3840955339 0.0448 0.0326 15.5977 "" "" 5975537180874315008 1586.92371 0.599 0.0513 1.007 2.549 0.053 0.039 0.958 6712.9 4.1118 15.997546 1.969608 16.981485 15.011877 "" "" 1481.96582 1708.46558 7514.98976 4.1499 2202.0 6.756 7841.7 11.938 "" "" 0.0028197984041376644 0.004345312 0.0041250205 0.008470332 259.06413695219 -35.3840955339 1586.92371 1.007 2.5490000000000004 1.2969999916553496 3.818275903701782 0.12772986 0.113729864 "" "" 30.332896915681726 "" 3.496079278677434 ""
259.48014884809 -35.89560949218 0.0502 0.0388 22.939 "" "" 5975462040427070976 1309.62549 0.7346 0.0558 -1.343 -1.993 0.063 0.05 1.33 6099.8 4.1663 15.997928 1.811549 16.767218 14.955668 "" "" 1209.21936 1422.16125 7512.35096 6.373 2682.4 12.27 8258.3 17.22 "" "" 0.002905195056148379 0.005696542 0.004405587 0.010102129 259.48014884809 -35.89560949218 1309.62549 -1.3429999999999995 -1.9929999999999999 -1.0530000083446502 -0.7237240962982179 0.13772985 0.12472986 "" "" 7.931648137906465 "" 1.0604367578669374 ""
259.5446078074 -35.80070494982 0.0521 0.0364 19.2323 "" "" 5975462968141331712 1617.00122 0.5898 0.0513 -1.113 1.044 0.062 0.049 0.975 5385.8 4.2097 16.000658 1.626132 16.758207 15.132075 "" "" 1499.97498 1792.83289 7493.47589 3.9445 2704.8 14.473 7019.9 19.481 "" "" 0.002813969933503304 0.0064448994 0.0048334384 0.011278338 259.5446078074 -35.80070494982 1617.00122 -1.1130000000000009 1.044 -0.8230000083446503 2.3132759037017823 0.13672987 0.123729855 "" "" 18.818976610478405 "" 2.3572225405872937 ""
259.08990105693 -35.47966497424 0.0428 0.0304 11.9096 "" "" 5975535703405461120 1547.56543 0.5945 0.0454 4.386 1.779 0.059 0.039 0.974 7169.4 4.1123 16.001802 1.908777 16.9437 15.034924 "" "" 1453.26221 1675.80591 7485.59024 3.8402 2280.0 8.8954 7677.0 18.619 "" "" 0.002811055671391207 0.0050723427 0.0046062605 0.009678603 259.08990105693 -35.47966497424 1547.56543 4.386 1.7789999999999997 4.67599999165535 3.048275903701782 0.13372986 0.113729864 "" "" 40.9453806675927 "" 5.2447932640850095 ""
259.73895529203 -35.49211265735 0.049 0.0352 20.4225 "" "" 5975499183304920320 1861.10291 0.4908 0.0546 -0.291 -2.077 0.059 0.044 0.99 5845.2 2.5785 16.004416 3.521497 18.169233 14.647737 "" "" 1680.25208 2135.70898 7467.58843 5.0272 737.43 9.7119 10966.0 16.315 "" "" 0.0028506199433016967 0.014568746 0.004110114 0.01867886 259.73895529203 -35.49211265735 1861.10291 -0.29100000000000004 -2.0770000000000004 -0.0010000083446502495 -0.8077240962982177 0.13372986 0.11872986 "" "" 7.12544679818506 "" 0.8460034720433726 ""
259.18080916984 -35.20845786649 0.0457 0.0333 20.8032 "" "" 5978565961779320448 1645.00525 0.5854 0.0486 -1.35 -2.771 0.06 0.045 1.006 7410.7 4.1631 16.005032 1.920352 16.957216 15.036864 "" "" 1524.75293 1800.70203 7463.35398 3.8204 2251.8 8.797 7663.2 15.94 "" "" 0.0028108140056263024 0.005077023 0.004402742 0.009479765 259.18080916984 -35.20845786649 1645.00525 -1.3500000000000003 -2.771000000000001 -1.0600000083446504 -1.5017240962982177 0.13472986 0.11972986 "" "" 14.332610013722139 "" 1.7904026177324404 ""
259.35789320511 -35.11532516787 0.0478 0.0319 25.2285 "" "" 5975570342323319296 1885.75818 0.4892 0.0521 -2.509 -3.815 0.058 0.042 0.963 4946.4 2.6572 16.00513 3.277959 17.970236 14.692277 "" "" 1706.39636 2085.85498 7462.67287 3.8738 885.77 6.6023 10526.0 21.136 "" "" 0.002812370656432549 0.008560279 0.0043631094 0.012923389 259.35789320511 -35.11532516787 1885.75818 -2.5089999999999995 -3.8150000000000004 -2.21900000834465 -2.5457240962982177 0.13272986 0.116729856 "" "" 30.186012369764946 "" 3.739792936593956 ""
259.67259316094 -35.52803201247 0.0452 0.0315 17.0207 "" "" 5975499355103614848 1757.83069 0.5229 0.05 -2.98 -5.09 0.054 0.039 1.029 8169.8 3.9363 16.005306 2.302975 17.222946 14.919971 "" "" 1619.17542 1913.29907 7461.46985 4.2903 1762.9 11.203 8534.3 17.874 "" "" 0.00282516008384643 0.007442518 0.0044107265 0.011853244 259.67259316094 -35.52803201247 1757.83069 -2.98 -5.09 -2.6900000083446503 -3.8207240962982176 0.12872986 0.113729864 "" "" 38.93340272266119 "" 4.629605550411802 ""
259.38304757693 -35.8841802942 0.0413 0.0333 21.1529 "" "" 5975463895852970240 1590.89734 0.5978 0.0497 0.01 -0.981 0.049 0.037 1.034 8615.8 4.302 16.00562 1.721149 16.827766 15.106617 "" "" 1466.51453 1685.80701 7459.3154 4.4697 2536.9 8.8822 7186.4 13.682 "" "" 0.0028310862873765818 0.0047154594 0.004307743 0.009023203 259.38304757693 -35.8841802942 1590.89734 0.009999999999999995 -0.9810000000000001 0.29999999165534974 0.28827590370178224 0.123729855 0.11172986 "" "" 3.137420892009084 "" 0.37059579315356483 ""
258.9590986994 -35.64480647835 0.0509 0.0404 18.9914 "" "" 5975527014692554368 1620.89185 0.5734 0.0651 2.245 2.357 0.067 0.048 0.998 6990.2 3.0853 16.006105 3.544946 18.185154 14.640208 "" "" 1454.65527 1796.79272 7455.98229 5.4036 726.7 8.184 11043.0 14.158 "" "" 0.0028654760233564253 0.0125417225 0.004027579 0.016569301 258.9590986994 -35.64480647835 1620.89185 2.244999999999999 2.356999999999998 2.53499999165535 3.6262759037017824 0.14172986 0.12272986 "" "" 33.99346919205777 "" 4.394513236471839 ""
259.64522943772 -35.49502921329 0.0422 0.0299 15.8642 "" "" 5975499733060748800 1420.31445 0.6707 0.0487 1.898 -1.316 0.051 0.038 1.055 7155.1 4.1898 16.006483 1.832976 16.901793 15.068816 "" "" 1328.3584 1533.03796 7453.37914 4.2828 2369.7 9.266 7441.0 13.644 "" "" 0.002825068456639569 0.005080241 0.0042716675 0.009351908 259.64522943772 -35.49502921329 1420.31445 1.8979999999999997 -1.3160000000000003 2.1879999916553494 -0.04672409629821783 0.12572986 0.11272986 "" "" 14.733609829847417 "" 1.8523718908139666 ""
259.57776044125 -35.574267464 0.0422 0.0303 12.605 "" "" 5975493239070648704 1486.73706 0.6379 0.0461 -1.489 -4.812 0.054 0.04 0.946 7472.0 4.2507 16.006725 1.769005 16.86617 15.097166 "" "" 1384.30969 1610.60352 7451.71515 3.5835 2448.8 11.086 7249.2 18.272 "" "" 0.0028043546721905725 0.0056519695 0.004666156 0.010318126 259.57776044125 -35.574267464 1486.73706 -1.4890000000000012 -4.812 -1.1990000083446504 -3.542724096298218 0.12872986 0.11472986 "" "" 26.357123137911135 "" 3.063920789681851 ""
259.09482010591 -35.63979636659 0.0419 0.0314 12.8368 "" "" 5975529351155011328 1646.23376 0.5686 0.0488 2.871 -2.949 0.058 0.038 0.981 5515.5 4.1905 16.008368 1.754269 16.845486 15.091217 "" "" 1544.12952 1800.35803 7440.45966 3.8363 2495.9 8.2419 7289.1 14.649 "" "" 0.002811613675433196 0.0045430567 0.0043640495 0.008907106 259.09482010591 -35.63979636659 1646.23376 2.871 -2.949 3.1609999916553497 -1.6797240962982176 0.13272986 0.11272986 "" "" 27.93199369945278 "" 3.591865939143273 ""
258.85586512473 -35.35328686279 0.0438 0.0301 25.3496 "" "" 5978541939993656576 1381.63135 0.6958 0.0502 1.947 -1.46 0.054 0.037 0.996 7365.8 4.2768 16.014542 1.835424 16.912228 15.076803 "" "" 1288.61438 1485.60974 7398.27126 3.3429 2347.1 9.8819 7386.5 12.802 "" "" 0.002798654422971113 0.005355483 0.004221935 0.009577418 258.85586512473 -35.35328686279 1381.63135 1.9469999999999998 -1.46 2.23699999165535 -0.19072409629821774 0.12872986 0.11172986 "" "" 14.703111596343728 "" 1.8910441103794131 ""
259.78394374337 -35.77941735562 0.0448 0.0336 26.7916 "" "" 5975475303287173632 1507.37976 0.6333 0.0498 -0.57 3.814 0.065 0.043 1.001 8137.7 3.6528 16.015247 2.050028 17.053246 15.003218 "" "" 1411.91467 1603.52771 7393.45758 4.2271 2061.2 22.457 7904.4 21.83 "" "" 0.0028243803573264176 0.012153821 0.004824411 0.016978232 259.78394374337 -35.77941735562 1507.37976 -0.5700000000000001 3.8140000000000005 -0.2800000083446502 5.083275903701782 0.13972986 0.11772986 "" "" 36.374962216908436 "" 4.285065162959296 ""
259.52348726798 -35.91300449938 0.0431 0.0322 24.6779 "" "" 5975461181433594240 1842.10938 0.5235 0.0457 -1.987 -5.687 0.053 0.04 0.984 8052.0 4.1634 16.017076 1.734583 16.845076 15.110493 "" "" 1698.96399 2031.10229 7381.01571 3.707 2496.8 10.306 7160.8 14.845 "" "" 0.0028087604087899992 0.005279163 0.00439886 0.009678023 259.52348726798 -35.91300449938 1842.10938 -1.9869999999999994 -5.687 -1.6970000083446504 -4.417724096298218 0.12772986 0.11472986 "" "" 41.32186440802986 "" 4.813285730648436 ""
259.45103588213 -35.19665682546 0.0633 0.0456 21.2232 "" "" 5975565978636468736 1759.39783 0.5338 0.0701 0.642 -0.007 0.084 0.057 1.845 7844.5 3.7662 16.017601 3.044331 17.782705 14.738375 "" "" 1560.47473 1990.19629 7377.45001 8.0918 1052.8 7.2662 10088.0 11.777 "" "" 0.0030016583643131343 0.007996115 0.0039862674 0.011982382 259.45103588213 -35.19665682546 1759.39783 0.6420000000000002 -0.006999999999999973 0.9319999916553497 1.2622759037017823 0.15872985 0.13172986 "" "" 13.085287880371515 "" 1.8560683701076575 ""
259.57520893842 -35.91519894969 0.0424 0.0322 25.8895 "" "" 5975461039693150464 1314.16736 0.7236 0.0468 5.014 0.878 0.056 0.041 0.981 6403.4 4.0457 16.018145 1.851082 16.920506 15.069424 "" "" 1223.65552 1393.20618 7373.75879 3.8204 2329.2 16.706 7436.8 19.3 "" "" 0.0028121570444685435 0.008272119 0.0047141477 0.012986267 259.57520893842 -35.91519894969 1314.16736 5.014000000000004 0.8780000000000003 5.30399999165535 2.1472759037017823 0.13072985 0.11572986 "" "" 35.644263288706156 "" 4.5882502463202455 ""
258.99896620646 -35.23055680213 0.0506 0.0349 24.2161 "" "" 5978544624379902848 1446.15344 0.6692 0.0561 2.461 -2.911 0.059 0.044 0.996 6060.9 3.9498 16.018461 1.910451 16.954159 15.043708 "" "" 1322.86499 1532.06335 7371.60893 4.0207 2258.2 20.844 7615.1 18.438 "" "" 0.002818241051700506 0.0104028955 0.0046037454 0.015006641 258.99896620646 -35.23055680213 1446.15344 2.461 -2.9109999999999996 2.7509999916553496 -1.6417240962982178 0.13372986 0.11872986 "" "" 21.960152931623607 "" 2.853906704814924 ""
259.55078575334 -35.37414231226 0.04 0.0299 14.689 "" "" 5975551238308606336 1490.90991 0.6395 0.0456 0.208 -1.345 0.055 0.038 0.984 9238.7 3.5466 16.022554 2.056323 17.059868 15.003545 "" "" 1376.45251 1595.72803 7343.86839 3.7315 2048.7 10.372 7902.1 12.548 "" "" 0.0028100060668188125 0.006164386 0.004154054 0.010318439 259.55078575334 -35.37414231226 1490.90991 0.20799999999999996 -1.345 0.4979999916553497 -0.07572409629821775 0.12972987 0.11272986 "" "" 3.5597755103697852 "" 0.4605294511091785 ""
259.49342662774 -35.17682316205 0.043 0.0293 23.0266 "" "" 5975567520521744384 1322.6814 0.7157 0.0465 0.271 -5.393 0.061 0.038 0.914 7416.0 4.2459 16.024801 1.784667 16.890263 15.105596 "" "" 1260.40186 1401.58777 7328.6843 4.0868 2395.0 10.86 7193.2 13.196 "" "" 0.002821057400759466 0.005658893 0.0042721154 0.009931008 259.49342662774 -35.17682316205 1322.6814 0.271 -5.393 0.5609999916553498 -4.123724096298218 0.13572986 0.11272986 "" "" 26.09187521807487 "" 2.9533262303291603 ""
258.7686708339 -35.5412668235 0.0485 0.033 27.1212 "" "" 5978530399447692416 1548.07874 0.6174 0.0503 0.119 -4.504 0.061 0.046 1.12 9158.7 3.9487 16.026897 2.086485 17.0853 14.998816 "" "" 1454.54028 1648.19165 7314.55751 3.6273 2001.2 12.364 7936.6 11.829 "" "" 0.0028074336242703327 0.00726514 0.0041112485 0.011376388 258.7686708339 -35.5412668235 1548.07874 0.11900000000000016 -4.504 0.4089999916553497 -3.2347240962982173 0.13572986 0.12072986 "" "" 23.925044142949783 "" 2.8944590460920603 ""
259.44213497295 -35.52785355675 0.0472 0.0361 5.7784 "" "" 5975539968315007232 1510.30505 0.6259 0.0505 0.523 -5.335 0.066 0.05 1.148 6698.8 4.1108 16.02791 1.748776 16.870625 15.121848 "" "" 1413.48804 1624.9574 7307.73552 3.5214 2438.7 10.176 7086.3 14.806 "" "" 0.0028045523552609536 0.0053207316 0.004407937 0.009728668 259.44213497295 -35.52785355675 1510.30505 0.5230000000000001 -5.335000000000001 0.8129999916553498 -4.065724096298218 0.14072986 0.12472986 "" "" 29.682099374418645 "" 3.7216240851554723 ""
258.96049668161 -35.55170026213 0.0449 0.0332 17.7804 "" "" 5975528663960044928 1493.30652 0.6356 0.0522 0.387 -3.956 0.059 0.042 0.919 7118.3 4.087 16.028326 2.13469 17.125975 14.991284 "" "" 1393.08362 1643.64355 7304.93304 3.9086 1927.6 10.434 7991.8 11.751 "" "" 0.0028158973056433803 0.0065057343 0.0041027274 0.010608462 258.96049668161 -35.55170026213 1493.30652 0.38700000000000034 -3.9559999999999973 0.6769999916553497 -2.6867240962982177 0.13372986 0.116729856 "" "" 19.611817830806416 "" 2.3105404661118936 ""
