Clusters/Bochum_13/Bochum_13_stars_in_region.tsv
# %ECSV 1.0
# ---
# datatype:
# - name: RA_ICRS_1
#   unit: deg
#   datatype: float64
#   format: '{:15.11f}'
#   description: Right ascension (ICRS) at Ep=2016.0 (ra)
#   meta: !!omap
#   - {ucd: POS_EQ_RA_MAIN}
#   - {width: 15}
#   - {precision: '11'}
# - name: DE_ICRS_1
#   unit: deg
#   datatype: float64
#   format: '{:15.11f}'
#   description: Declination (ICRS) at Ep=2016.0 (dec)
#   meta: !!omap
#   - {ucd: POS_EQ_DEC_MAIN}
#   - {width: 15}
#   - {precision: '11'}
# - name: e_RA_ICRS
#   unit: mas
#   datatype: float64
#   format: '{:7.4f}'
#   description: Standard error of right ascension (ra_error)
#   meta: !!omap
#   - {ucd: ERROR}
#   - {width: 7}
#   - {precision: '4'}
# - name: e_DE_ICRS
#   unit: mas
#   datatype: float64
#   format: '{:7.4f}'
#   description: Standard error of declination (dec_error)
#   meta: !!omap
#   - {ucd: ERROR}
#   - {width: 7}
#   - {precision: '4'}
# - name: _r_1
#   unit: ''
#   datatype: float64
#   format: '{:7.4f}'
#   description: Distance from center (259.32410887000-35.53489504000)[ICRS], at Epoch=J2016.0
#   meta: !!omap
#   - {ucd: POS_ANG_DIST_GENERAL}
#   - {width: 7}
#   - {precision: '4'}
# - name: HIP
#   datatype: int32
#   description: '? HIP cross-id number, van Leeuwen, Cat. I/311 (hip_original_ext_source_id)'
#   meta: !!omap
#   - {ucd: ID_NUMBER}
#   - {width: 6}
#   - values: {'null': -2147483648}
# - name: TYC2
#   datatype: string
#   description: Tycho-2 cross-id name, Hog et al., Cat. I/259 (tyc2_original_ext_source_id)
#   meta: !!omap
#   - {ucd: ID_CROSSID}
#   - {_votable_string_dtype: char}
# - name: Source
#   datatype: int64
#   description: Source identifier, identical to the Gaia-EDR3 source_id (id)
#   meta: !!omap
#   - {ucd: ID_MAIN}
#   - {width: 19}
# - name: rgeo
#   unit: pc
#   datatype: float64
#   format: '{:15.8f}'
#   description: '? Median of the geometric distance posterior (r_med_geo)'
#   meta: !!omap
#   - {ucd: PHYS_DISTANCE_TRUE}
#   - {width: 15}
#   - {precision: '8'}
#   - values: {'null': .nan}
# - name: Plx
#   unit: mas
#   datatype: float64
#   format: '{:9.4f}'
#   description: '? Parallax (parallax)'
#   meta: !!omap
#   - {ucd: POS_PARLX_TRIG}
#   - {width: 9}
#   - {precision: '4'}
#   - values: {'null': .nan}
# - name: e_Plx
#   unit: mas
#   datatype: float32
#   format: '{:7.4f}'
#   description: '? Standard error of parallax (parallax_error)'
#   meta: !!omap
#   - {ucd: ERROR}
#   - {width: 7}
#   - {precision: '4'}
#   - values: {'null': .nan}
# - name: pmRA
#   unit: mas / yr
#   datatype: float64
#   format: '{:9.3f}'
#   description: '? Proper motion in right ascension direction, pmRA*cosDE (pmra)'
#   meta: !!omap
#   - {ucd: POS_EQ_PMRA}
#   - {width: 9}
#   - {precision: '3'}
#   - values: {'null': .nan}
# - name: pmDE
#   unit: mas / yr
#   datatype: float64
#   format: '{:9.3f}'
#   description: '? Proper motion in declination direction (pmdec)'
#   meta: !!omap
#   - {ucd: POS_EQ_PMDEC}
#   - {width: 9}
#   - {precision: '3'}
#   - values: {'null': .nan}
# - name: e_pmRA
#   unit: mas / yr
#   datatype: float32
#   format: '{:6.3f}'
#   description: '? Standard error of proper motion in right ascension direction (pmra_error)'
#   meta: !!omap
#   - {ucd: ERROR}
#   - {width: 6}
#   - {precision: '3'}
#   - values: {'null': .nan}
# - name: e_pmDE
[...]
#         value: !astropy.table.SerializedColumn {name: SkyCoord.dec}
#       distance: !astropy.table.SerializedColumn
#         __class__: astropy.coordinates.distances.Distance
#         unit: !astropy.units.Unit {unit: pc}
#         value: !astropy.table.SerializedColumn {name: SkyCoord.distance}
#       frame: icrs
#       obstime: !astropy.time.Time {format: jyear_str, in_subfmt: '*', jd1: 367701545.0, jd2: 0.0, out_subfmt: '*', precision: 3, scale: tt}
#       pm_dec: !astropy.table.SerializedColumn
#         __class__: astropy.units.quantity.Quantity
#         unit: !astropy.units.Unit {unit: mas / yr}
#         value: !astropy.table.SerializedColumn {name: SkyCoord.pm_dec}
#       pm_ra_cosdec: !astropy.table.SerializedColumn
#         __class__: astropy.units.quantity.Quantity
#         unit: !astropy.units.Unit {unit: mas / yr}
#         value: !astropy.table.SerializedColumn {name: SkyCoord.pm_ra_cosdec}
#       ra: !astropy.table.SerializedColumn
#         __class__: astropy.coordinates.angles.Longitude
#         unit: *id001
#         value: !astropy.table.SerializedColumn {name: SkyCoord.ra}
#         wrap_angle: !astropy.coordinates.Angle
#           unit: *id001
#           value: 360.0
#       representation_type: spherical
# schema: astropy-2.0
RA_ICRS_1 DE_ICRS_1 e_RA_ICRS e_DE_ICRS _r_1 HIP TYC2 Source rgeo Plx e_Plx pmRA pmDE e_pmRA e_pmDE RUWE Teff logg Gmag BP-RP BPmag RPmag RV e_RV b_rgeo B_rgeo FG e_FG FBP e_FBP FRP e_FRP RAVE5 RAVE6 e_Gmag e_BPmag e_RPmag e_BP-RP SkyCoord.ra SkyCoord.dec SkyCoord.distance SkyCoord.pm_ra_cosdec SkyCoord.pm_dec rmRA rmDE e_rmRA e_rmDE rRV e_rRV v_pec v_pec3d e_vpec e_vpec3d
[from data line 507]
259.26396963677 -35.85715942998 0.0264 0.0211 19.5567 "" "" 5975505642935131520 1529.45825 0.6043 0.0321 -4.283 -5.282 0.033 0.025 0.986 6720.9 3.7869 15.145726 1.888687 16.075912 14.187225 -30.77 5.49 1459.72717 1619.33618 16468.58088 6.9726 5070.5 13.572 16760.0 18.523 "" "" 0.0027934033337961473 0.004028738 0.003965299 0.007994037 259.26396963677 -35.85715942998 1529.45825 -4.283000000000001 -5.282000000000002 -3.9930000083446506 -4.012724096298218 0.10772986 0.09972986 35.165000000000006 18.885 41.039580007803494 54.04465146725349 4.259385424166813 12.706378933784057
259.31392339768 -35.53985233884 0.0302 0.021 0.5795 "" "" 5975543335568508416 1572.33252 0.6008 0.033 -0.231 -1.179 0.038 0.027 0.946 "" "" 15.148893 1.484933 15.823383 14.33845 "" "" 1492.53333 1660.81067 16420.6203 6.6731 6398.3 13.73 14581.0 28.775 "" "" 0.0027904248658491525 0.0036350111 0.0043445025 0.007979514 259.31392339768 -35.53985233884 1572.33252 -0.2310000000000002 -1.179 0.05899999165534972 0.09027590370178218 0.11272986 0.10172986 "" "" 0.8037599666787231 "" 0.08450959585245359 ""
259.38433682314 -35.87273118598 0.0272 0.0212 20.4815 "" "" 5975463895852973056 1535.08362 0.607 0.0319 -0.273 -1.464 0.033 0.025 0.95 9165.2 3.839 15.152039 1.623513 15.909346 14.285832 "" "" 1469.95215 1614.58191 16373.1137 5.1316 5911.2 10.886 15305.0 18.604 "" "" 0.002776253751987846 0.0034326324 0.0040031876 0.00743582 259.38433682314 -35.87273118598 1535.08362 -0.27300000000000013 -1.464 0.01699999165534971 -0.19472409629821774 0.10772986 0.09972986 "" "" 1.4222595399550666 "" 0.14193123171469066 ""
258.88112789392 -35.42637168063 0.0292 0.0221 22.6017 "" "" 5978538508345969024 1661.026 0.559 0.035 -0.52 -0.426 0.036 0.025 0.965 9464.7 3.9464 15.159624 1.402554 15.786257 14.383703 "" "" 1567.86108 1768.6134 16259.12503 5.3404 6620.9 13.405 13985.0 17.214 "" "" 0.0027783024374835796 0.0035520818 0.0040087095 0.0075607914 258.88112789392 -35.42637168063 1661.026 -0.52 -0.426 -0.2300000083446503 0.8432759037017823 0.11072986 0.09972986 "" "" 6.881854759265418 "" 0.6918348182314791 ""
259.27843139612 -35.52062673563 0.029 0.0208 2.3891 "" "" 5975520211464601088 1645.65833 0.5671 0.0312 -0.239 -1.4 0.038 0.027 1.035 7465.1 3.9394 15.160218 1.593547 15.903287 14.30974 "" "" 1575.15796 1728.43726 16250.22098 5.4451 5944.3 11.574 14971.0 12.003 "" "" 0.0027792345746005622 0.0035005838 0.0038783345 0.007378918 259.27843139612 -35.52062673563 1645.65833 -0.239 -1.4000000000000001 0.05099999165534974 -0.13072409629821768 0.11272986 0.10172986 "" "" 1.0945573955504533 "" 0.11301321647337265 ""
259.12150545746 -35.44138085666 0.0293 0.022 11.3777 "" "" 5975535875204205440 1741.02783 0.5207 0.0324 -0.516 -3.055 0.039 0.029 0.939 15011.3 3.8622 15.160699 2.852342 16.781528 13.929187 -41.21 5.24 1637.74756 1846.31543 16243.02992 13.526 2647.3 9.9669 21256.0 95.15 "" "" 0.002899866285674788 0.004949193 0.0061567025 0.011105895 259.12150545746 -35.44138085666 1741.02783 -0.5160000000000002 -3.0549999999999997 -0.22600000834465028 -1.785724096298218 0.113729864 0.10372986 24.725 18.635 14.854189380091464 28.843934668134686 1.5432756213082548 15.993667815324585
259.21107990147 -35.86054393252 0.0291 0.0225 20.3003 "" "" 5975505780374097664 1590.63428 0.5917 0.0343 -1.038 -2.541 0.036 0.027 1.033 6892.2 3.6502 15.1625 1.640595 15.930584 14.289988 -38.17 14.93 1500.17615 1668.60754 16216.1056 5.4362 5796.7 9.719 15246.0 13.367 "" "" 0.002779256768752993 0.0033314978 0.0038974206 0.0072289184 259.21107990147 -35.86054393252 1590.63428 -1.038 -2.541 -0.7480000083446503 -1.2717240962982177 0.11072986 0.10172986 27.765 28.325 11.123886939700515 29.910467827288155 1.1581908529931697 26.29678591486422
259.18831175605 -35.41401135485 0.0378 0.0278 9.8303 "" "" 5975533401303072000 1677.80054 0.5561 0.0414 -0.616 -6.696 0.049 0.037 1.347 "" "" 15.166912 1.864981 16.069012 14.204031 -9.7 4.89 1575.73254 1794.21606 16150.34229 7.845 5102.8 15.167 16502.0 18.536 "" "" 0.0028053403102336217 0.0042660716 0.003971279 0.008237351 259.18831175605 -35.41401135485 1677.80054 -0.6159999999999998 -6.696000000000003 -0.32600000834465026 -5.4267240962982175 0.123729855 0.11172986 56.235 18.285 43.23531607068839 70.93424970162387 4.832641193394047 14.79215652767376
259.33166907135 -35.70397693776 0.0303 0.022 10.1516 "" "" 5975514782625880704 1676.63379 0.5757 0.0318 -0.368 -1.392 0.039 0.028 0.949 8664.1 4.0592 15.167897 1.501923 15.848798 14.346875 "" "" 1579.71667 1767.08569 16135.70661 13.802 6250.3 29.929 14468.0 39.029 "" "" 0.002907625249023118 0.0059003504 0.0047814357 0.010681786 259.33166907135 -35.70397693776 1676.63379 -0.368 -1.3919999999999995 -0.07800000834465026 -0.12272409629821768 0.113729864 0.10272986 "" "" 1.1556398447613647 "" 0.122511522887482 ""
259.74841693259 -35.57879963507 0.0708 0.055 20.8783 "" "" 5975495438093422208 1833.9917 0.5359 0.0755 -1.363 -3.302 0.088 0.07 2.676 "" "" 15.169949 1.469661 15.566816 14.097156 "" "" 1570.68945 2093.20337 16105.23747 14.694 8103.8 35.449 18209.0 67.431 "" "" 0.002927980989780893 0.0055083516 0.0055181035 0.011026455 259.74841693259 -35.57879963507 1833.9917 -1.3629999999999998 -3.3019999999999996 -1.0730000083446503 -2.032724096298218 0.16272986 0.14472985 "" "" 19.981504728241916 "" 2.974007361428811 ""
259.0297021062 -35.92152085719 0.0326 0.0233 27.2719 "" "" 5975507257842867328 1370.38452 0.6806 0.0359 0.781 -1.649 0.044 0.029 0.988 6852.7 3.749 15.170063 1.758826 16.013235 14.254409 -39.66 13.1 1307.65198 1441.05566 16103.54882 7.0373 5371.8 14.424 15754.0 23.932 "" "" 0.002795873961756039 0.00403538 0.0041235997 0.00815898 259.0297021062 -35.92152085719 1370.38452 0.7809999999999995 -1.649 1.0709999916553499 -0.3797240962982178 0.11872986 0.10372986 26.275000000000006 26.495 7.381129421069779 27.292062885215955 0.864700242787186 25.508713176483106
259.41007150976 -35.44234998385 0.0292 0.0212 6.962 "" "" 5975545530288641792 1751.1261 0.5474 0.0321 -0.3 -0.774 0.041 0.029 0.968 7283.5 3.8175 15.17102 1.672552 15.959045 14.286493 -26.09 8.71 1635.59412 1848.95947 16089.36892 5.4187 5646.8 10.075 15295.0 11.557 "" "" 0.002779478092683669 0.0033967134 0.0038673978 0.007264111 259.41007150976 -35.44234998385 1751.1261 -0.3 -0.7740000000000002 -0.010000008344650257 0.4952759037017822 0.11572986 0.10372986 39.845 22.105 4.111795129238516 40.056596013451134 0.42653719822662517 21.988275104964536
259.30512691595 -35.39351568487 0.0299 0.0225 8.5333 "" "" 5975556357910203008 1610.15527 0.5779 0.0321 -0.3 -1.268 0.042 0.031 0.975 "" "" 15.172275 2.022907 16.182846 14.159939 "" "" 1536.14294 1691.12866 16070.77499 5.995 4594.9 11.876 17186.0 18.547 "" "" 0.0027849292157690582 0.0039572464 0.0039568488 0.007914095 259.30512691595 -35.39351568487 1610.15527 -0.2999999999999998 -1.268 -0.010000008344650257 0.0012759037017822106 0.116729856 0.10572986 "" "" 0.0769401443050734 "" 0.008968284282240249 ""
259.4558030285 -35.50329028485 0.0673 0.0467 6.7051 "" "" 5975541475839434624 1683.29224 0.5547 0.0705 3.153 1.031 0.094 0.062 2.258 5193.4 3.5684 15.174657 2.061811 16.19917 14.137358 10.16 15.57 1534.58276 1883.06519 16035.55372 12.869 4526.4 14.498 17547.0 18.747 "" "" 0.0028898121097727728 0.0044585583 0.0039533908 0.0084119495 259.4558030285 -35.50329028485 1683.29224 3.1529999999999996 1.031 3.4429999916553498 2.300275903701782 0.16872986 0.13672987 76.095 28.965 33.03795600371427 82.95755277190474 5.2708946999578465 26.651704036924095
259.70374797403 -35.80700801358 0.0326 0.0238 24.6776 "" "" 5975473997617116416 1484.69373 0.633 0.0337 1.421 -1.834 0.044 0.031 1.095 "" "" 15.177164 1.392369 15.792279 14.39991 "" "" 1418.54346 1566.75195 15998.57255 6.1448 6584.2 19.864 13778.0 35.218 "" "" 0.0027866988070604794 0.0043028435 0.0046888976 0.008991741 259.70374797403 -35.80700801358 1484.69373 1.420999999999999 -1.834 1.7109999916553498 -0.5647240962982178 0.11872986 0.10572986 "" "" 12.679978690160096 "" 1.4901069639465858 ""
259.58960705332 -35.90935969304 0.0293 0.0236 25.9242 "" "" 5975461421952123520 1513.59985 0.6239 0.0321 -2.372 -3.277 0.039 0.03 0.907 7457.5 3.8752 15.181359 1.542044 15.887419 14.345375 "" "" 1437.55481 1582.89343 15936.87205 5.5666 6031.8 14.575 14488.0 18.289 "" "" 0.0027812965392082357 0.0038298767 0.0040202276 0.007850104 259.58960705332 -35.90935969304 1513.59985 -2.372000000000001 -3.2769999999999992 -2.08200000834465 -2.007724096298218 0.113729864 0.10472986 "" "" 20.75104842513066 "" 2.2719421950639584 ""
259.77710047054 -35.4282502583 0.0309 0.0214 23.0387 "" "" 5975501588486613504 1525.67371 0.6127 0.0348 0.495 -1.424 0.037 0.027 1.102 "" "" 15.192175 1.819872 16.072004 14.252132 "" "" 1434.59216 1626.08765 15778.89529 5.8794 5088.8 9.3954 15787.0 21.058 "" "" 0.0027848620250445636 0.0034356082 0.0040473617 0.00748297 259.77710047054 -35.4282502583 1525.67371 0.49500000000000066 -1.424 0.7849999916553497 -0.1547240962982177 0.11172986 0.10172986 "" "" 5.786098317592085 "" 0.6444097074472636 ""
258.90273078336 -35.44983033875 0.0296 0.022 21.2083 "" "" 5978537683712224128 1893.93542 0.4808 0.0349 4.157 -0.128 0.036 0.027 0.98 "" "" 15.195736 2.560017 16.599804 14.039787 -11.48 5.32 1784.42493 2057.66431 15727.23063 6.4668 3129.6 9.3446 19197.0 15.213 "" "" 0.002791253589311641 0.004277242 0.003876085 0.008153327 258.90273078336 -35.44983033875 1893.93542 4.157 -0.128 4.44699999165535 1.1412759037017821 0.11072986 0.10172986 54.455 18.715 41.21558805462387 68.29400942753657 4.541752696517016 15.17225570043422
258.93578526799 -35.67724959035 0.0284 0.022 20.7799 "" "" 5975523883655079936 1413.81482 0.6656 0.0374 -2.569 -3.811 0.039 0.028 0.953 6759.3 3.7301 15.203061 1.987823 16.201 14.213178 70.05 5.25 1347.23047 1483.95007 15621.49031 5.7347 4518.7 9.5855 16364.0 17.656 "" "" 0.0027839995081511636 0.003617959 0.003956772 0.007574731 258.93578526799 -35.67724959035 1413.81482 -2.569 -3.811 -2.27900000834465 -2.5417240962982177 0.113729864 0.10272986 135.985 18.645 22.87768889647344 137.8960074630293 2.4655496673875876 18.39116150507525
259.38550302102 -35.62416054132 0.0317 0.0217 6.1369 "" "" 5975515534238769920 1361.54932 0.6921 0.0345 -2.737 -5.983 0.041 0.028 0.909 6341.2 3.896 15.204802 1.683056 16.003607 14.320551 -19.8 11.4 1295.56738 1421.05798 15596.46618 6.2574 5419.7 14.429 14823.0 20.024 "" "" 0.0027895412474021456 0.0040175254 0.0040539997 0.008071525 259.38550302102 -35.62416054132 1361.54932 -2.737 -5.9830000000000005 -2.4470000083446504 -4.713724096298217 0.11572986 0.10272986 46.135000000000005 24.795 34.27600508140155 57.474192028598935 3.620347203663733 20.019912244918572
259.31787462511 -35.51527929947 0.031 0.0224 1.2157 "" "" 5975543438647730688 1768.34399 0.5203 0.0335 -0.391 -1.219 0.041 0.029 1.067 "" "" 15.206432 1.457674 15.843003 14.385329 "" "" 1668.60864 1894.224 15573.0511 5.3127 6283.7 39.554 13965.0 50.322 "" "" 0.002780104735802407 0.007381994 0.0054397113 0.012821705 259.31787462511 -35.51527929947 1768.34399 -0.391 -1.2190000000000003 -0.10100000834465028 0.05027590370178214 0.11572986 0.10372986 "" "" 0.9456633871302534 "" 0.10728356421413465 ""
259.85084535961 -35.51901801911 0.0422 0.0308 25.7384 "" "" 5975497259162246016 1605.24048 0.5837 0.0475 1.442 3.411 0.05 0.036 1.135 7913.8 3.5988 15.206659 1.74293 16.036524 14.293593 "" "" 1482.04382 1771.0697 15569.80576 5.5776 5257.8 15.793 15196.0 15.832 "" "" 0.002782636844031868 0.0042919507 0.0039450335 0.008236984 259.85084535961 -35.51901801911 1605.24048 1.442 3.411 1.7319999916553497 4.680275903701782 0.12472986 0.11072986 "" "" 37.97169908921716 "" 4.272138893045352 ""
259.60888486991 -35.58849721079 0.0303 0.0213 14.267 "" "" 5975492994248453504 1540.84937 0.6122 0.0339 0.097 -1.289 0.036 0.027 0.939 "" "" 15.208277 1.435557 15.854274 14.418716 "" "" 1474.38696 1649.06287 15546.62062 5.9031 6218.8 16.798 13542.0 14.56 "" "" 0.002785990947712504 0.004047972 0.003955559 0.008003531 259.60888486991 -35.58849721079 1540.84937 0.097 -1.289 0.3869999916553497 -0.019724096298217697 0.11072986 0.10172986 "" "" 2.8301718882124485 "" 0.3133212141847388 ""
259.21898671792 -35.62584668068 0.0321 0.0236 7.4896 "" "" 5975517737563129600 1793.60645 0.5086 0.0352 -2.321 -2.876 0.045 0.031 1.091 "" "" 15.211048 3.160387 17.087238 13.926851 -46.16 4.0 1673.79041 1873.59216 15506.9895 7.4425 1997.7 13.037 21302.0 14.577 "" "" 0.0028041625888541983 0.007615093 0.0038517183 0.011466811 259.21898671792 -35.62584668068 1793.60645 -2.3210000000000015 -2.876000000000001 -2.0310000083446504 -1.6067240962982177 0.11972986 0.10572986 19.775000000000006 17.395 22.01680111829492 29.59375198386566 2.521882418183877 11.774054423668703
259.50222270817 -35.8717024298 0.0296 0.0214 21.993 "" "" 5975462173564587520 1364.66638 0.7005 0.0328 0.741 -0.187 0.043 0.029 0.96 8356.4 3.9229 15.214628 1.457927 15.872547 14.41462 "" "" 1311.21448 1419.45776 15455.93453 5.2568 6115.0 15.155 13593.0 15.633 "" "" 0.002779955720017878 0.003876278 0.003980318 0.007856596 259.50222270817 -35.8717024298 1364.66638 0.7410000000000004 -0.18700000000000003 1.0309999916553498 1.0822759037017822 0.11772986 0.10372986 "" "" 9.668828088358511 "" 1.0694841796720587 ""
258.83429481297 -35.31784476464 0.0318 0.0218 27.2598 "" "" 5978542975112066432 1333.9884 0.7094 0.0368 0.927 -2.802 0.041 0.028 1.122 7476.6 4.1499 15.215901 1.598128 15.955955 14.357826 "" "" 1281.05688 1410.6665 15437.82204 5.1928 5662.9 11.999 14323.0 13.131 "" "" 0.0027794182925457316 0.0036162895 0.003908261 0.007524551 258.83429481297 -35.31784476464 1333.9884 0.927 -2.802000000000001 1.2169999916553498 -1.5327240962982178 0.11572986 0.10272986 "" "" 12.375097001084027 "" 1.3357980429582652 ""
258.91264643575 -35.27456541574 0.0307 0.0219 25.4733 "" "" 5978544212063051264 1713.61353 0.5384 0.0341 0.402 -1.005 0.039 0.028 1.062 "" "" 15.221231 1.43759 15.807832 14.370242 "" "" 1642.2384 1814.25391 15362.24572 5.2402 6490.6 48.75 14160.0 224.38 "" "" 0.00278009923414971 0.008618935 0.017614847 0.026233781 258.91264643575 -35.27456541574 1713.61353 0.402 -1.005 0.6919999916553498 0.26427590370178233 0.113729864 0.10272986 "" "" 6.016736283323734 "" 0.6762182613437837 ""
259.4120860489 -35.6223212078 0.0323 0.023 6.7785 "" "" 5975538937521958144 1351.19373 0.6907 0.0345 -0.239 -2.569 0.041 0.03 1.029 8139.9 4.2545 15.222546 1.445304 15.873165 14.427861 "" "" 1291.16187 1428.64343 15343.64163 6.7512 6111.5 18.879 13428.0 28.394 "" "" 0.002796427972535005 0.004362794 0.0044220537 0.008784847 259.4120860489 -35.6223212078 1351.19373 -0.2390000000000001 -2.5690000000000017 0.05099999165534974 -1.2997240962982177 0.11572986 0.10472986 "" "" 8.33069471004352 "" 0.8726207630959112 ""
259.71559965582 -35.75493919669 0.0308 0.0229 23.2095 "" "" 5975487324893295488 1373.21863 0.6876 0.0336 -1.164 -1.735 0.04 0.03 1.28 7439.0 3.9154 15.222676 1.427594 15.856257 14.428662 "" "" 1308.4032 1429.8147 15341.79437 5.8501 6207.5 15.827 13418.0 20.914 "" "" 0.0027862509140338387 0.003930431 0.004140961 0.008071392 259.71559965582 -35.75493919669 1373.21863 -1.164 -1.7350000000000003 -0.8740000083446502 -0.46572409629821787 0.11472986 0.10472986 "" "" 6.446184188302017 "" 0.7258072555573498 ""
259.37846928559 -35.22394318589 0.0308 0.0215 18.8457 "" "" 5975565669398836736 1390.22949 0.6832 0.0322 1.295 -1.754 0.039 0.029 1.007 8808.0 4.2736 15.222757 1.564553 15.940883 14.376329 "" "" 1335.74048 1459.97144 15340.65354 5.4254 5742.0 19.829 14081.0 19.493 "" "" 0.0027819476031344112 0.0046736556 0.0040672896 0.008740945 259.37846928559 -35.22394318589 1390.22949 1.2950000000000002 -1.754 1.5849999916553497 -0.4847240962982178 0.113729864 0.10372986 "" "" 10.922161348848238 "" 1.2332129052634262 ""
