Clusters/Bochum_13/Bochum_13_members.tsv
# %ECSV 1.0
# ---
# datatype:
# - name: RA_ICRS_1
#   unit: deg
#   datatype: float64
#   format: '{:15.11f}'
#   description: Right ascension (ICRS) at Ep=2016.0 (ra)
#   meta: !!omap
#   - {ucd: POS_EQ_RA_MAIN}
#   - {width: 15}
#   - {precision: '11'}
# - name: DE_ICRS_1
#   unit: deg
#   datatype: float64
#   format: '{:15.11f}'
#   description: Declination (ICRS) at Ep=2016.0 (dec)
#   meta: !!omap
#   - {ucd: POS_EQ_DEC_MAIN}
#   - {width: 15}
#   - {precision: '11'}
# - name: e_RA_ICRS
#   unit: mas
#   datatype: float64
#   format: '{:7.4f}'
#   description: Standard error of right ascension (ra_error)
#   meta: !!omap
#   - {ucd: ERROR}
#   - {width: 7}
#   - {precision: '4'}
# - name: e_DE_ICRS
#   unit: mas
#   datatype: float64
#   format: '{:7.4f}'
#   description: Standard error of declination (dec_error)
#   meta: !!omap
#   - {ucd: ERROR}
#   - {width: 7}
#   - {precision: '4'}
# - name: _r_1
#   unit: ''
#   datatype: float64
#   format: '{:7.4f}'
#   description: Distance from center (259.32410887000-35.53489504000)[ICRS], at Epoch=J2016.0
#   meta: !!omap
#   - {ucd: POS_ANG_DIST_GENERAL}
#   - {width: 7}
#   - {precision: '4'}
# - name: HIP
#   datatype: int32
#   description: '? HIP cross-id number, van Leeuwen, Cat. I/311 (hip_original_ext_source_id)'
#   meta: !!omap
#   - {ucd: ID_NUMBER}
#   - {width: 6}
#   - values: {'null': -2147483648}
# - name: TYC2
#   datatype: string
#   description: Tycho-2 cross-id name, Hog et al., Cat. I/259 (tyc2_original_ext_source_id)
#   meta: !!omap
#   - {ucd: ID_CROSSID}
#   - {_votable_string_dtype: char}
# - name: Source
#   datatype: int64
#   description: Source identifier, identical to the Gaia-EDR3 source_id (id)
#   meta: !!omap
#   - {ucd: ID_MAIN}
#   - {width: 19}
# - name: rgeo
#   unit: pc
#   datatype: float64
#   format: '{:15.8f}'
#   description: '? Median of the geometric distance posterior (r_med_geo)'
#   meta: !!omap
#   - {ucd: PHYS_DISTANCE_TRUE}
#   - {width: 15}
#   - {precision: '8'}
#   - values: {'null': .nan}
# - name: Plx
#   unit: mas
#   datatype: float64
#   format: '{:9.4f}'
#   description: '? Parallax (parallax)'
#   meta: !!omap
#   - {ucd: POS_PARLX_TRIG}
#   - {width: 9}
#   - {precision: '4'}
#   - values: {'null': .nan}
# - name: e_Plx
#   unit: mas
#   datatype: float32
#   format: '{:7.4f}'
#   description: '? Standard error of parallax (parallax_error)'
#   meta: !!omap
#   - {ucd: ERROR}
#   - {width: 7}
#   - {precision: '4'}
#   - values: {'null': .nan}
# - name: pmRA
#   unit: mas / yr
#   datatype: float64
#   format: '{:9.3f}'
#   description: '? Proper motion in right ascension direction, pmRA*cosDE (pmra)'
#   meta: !!omap
#   - {ucd: POS_EQ_PMRA}
#   - {width: 9}
#   - {precision: '3'}
#   - values: {'null': .nan}
# - name: pmDE
#   unit: mas / yr
#   datatype: float64
#   format: '{:9.3f}'
#   description: '? Proper motion in declination direction (pmdec)'
#   meta: !!omap
#   - {ucd: POS_EQ_PMDEC}
#   - {width: 9}
#   - {precision: '3'}
#   - values: {'null': .nan}
# - name: e_pmRA
#   unit: mas / yr
#   datatype: float32
#   format: '{:6.3f}'
#   description: '? Standard error of proper motion in right ascension direction (pmra_error)'
#   meta: !!omap
#   - {ucd: ERROR}
#   - {width: 6}
#   - {precision: '3'}
#   - values: {'null': .nan}
# - name: e_pmDE
[...]
#         unit: &id001 !astropy.units.Unit {unit: deg}
#         value: !astropy.table.SerializedColumn {name: SkyCoord.dec}
#       distance: !astropy.table.SerializedColumn
#         __class__: astropy.coordinates.distances.Distance
#         unit: !astropy.units.Unit {unit: pc}
#         value: !astropy.table.SerializedColumn {name: SkyCoord.distance}
#       frame: icrs
#       obstime: !astropy.time.Time {format: jyear_str, in_subfmt: '*', jd1: 367701545.0, jd2: 0.0, out_subfmt: '*', precision: 3, scale: tt}
#       pm_dec: !astropy.table.SerializedColumn
#         __class__: astropy.units.quantity.Quantity
#         unit: !astropy.units.Unit {unit: mas / yr}
#         value: !astropy.table.SerializedColumn {name: SkyCoord.pm_dec}
#       pm_ra_cosdec: !astropy.table.SerializedColumn
#         __class__: astropy.units.quantity.Quantity
#         unit: !astropy.units.Unit {unit: mas / yr}
#         value: !astropy.table.SerializedColumn {name: SkyCoord.pm_ra_cosdec}
#       ra: !astropy.table.SerializedColumn
#         __class__: astropy.coordinates.angles.Longitude
#         unit: *id001
#         value: !astropy.table.SerializedColumn {name: SkyCoord.ra}
#         wrap_angle: !astropy.coordinates.Angle
#           unit: *id001
#           value: 360.0
#       representation_type: spherical
# schema: astropy-2.0
RA_ICRS_1 DE_ICRS_1 e_RA_ICRS e_DE_ICRS _r_1 HIP TYC2 Source rgeo Plx e_Plx pmRA pmDE e_pmRA e_pmDE RUWE Teff logg Gmag BP-RP BPmag RPmag RV e_RV b_rgeo B_rgeo FG e_FG FBP e_FBP FRP e_FRP RAVE5 RAVE6 e_Gmag e_BPmag e_RPmag e_BP-RP SkyCoord.ra SkyCoord.dec SkyCoord.distance SkyCoord.pm_ra_cosdec SkyCoord.pm_dec Pmemb
259.33716438561 -35.54867355426 0.0234 0.0168 1.0439 84578 7370-823-1 5975542579654256640 1751.13989 0.5357 0.0262 -0.441 -1.521 0.033 0.022 1.047 "" "" 7.827815 0.974755 8.210485 7.23573 "" "" 1691.13293 1828.96582 13925813.41263 5866.3 7099400.0 11482.0 10113000.0 13955.0 "" "" 0.002793022918859759 0.0032967443 0.0040655104 0.007362255 259.33716438561 -35.54867355426 1751.13989 -0.44099999999999995 -1.521 0.9
259.32710067442 -35.40648835661 0.0144 0.0106 7.7058 "" 7370-510-1 5975556186111510656 1532.73938 0.6215 0.0163 -0.281 -1.293 0.022 0.015 0.852 16830.6 3.368 10.455039 1.066361 10.893979 9.827618 -69.72 23.11 1491.87988 1584.41174 1238599.79328 423.15 599550.0 443.42 929200.0 426.93 "" "" 0.0027801754868331326 0.002903421 0.0038121622 0.006715583 259.32710067442 -35.40648835661 1532.73938 -0.281 -1.2929999999999997 0.8
259.3345185835 -35.53188778926 0.013 0.0094 0.5393 "" "" 5975543365633240320 1643.85156 0.5784 0.0142 -0.273 -1.379 0.017 0.012 0.802 "" "" 11.999269 0.961211 12.383328 11.422116 "" "" 1604.172 1694.58899 298702.94736 262.25 152080.0 229.37 213950.0 662.8 "" "" 0.002915552727988739 0.0032352044 0.00505935 0.008294554 259.3345185835 -35.53188778926 1643.85156 -0.273 -1.3789999999999998 0.8
259.33695865141 -35.63389768235 0.0154 0.0106 5.9732 "" "" 5975515637316994688 1641.35413 0.5655 0.0172 -0.297 -1.483 0.02 0.013 1.006 "" "" 13.143753 1.040128 13.568739 12.528611 "" "" 1600.07495 1690.21338 104098.78479 45.635 51041.0 79.851 77217.0 96.795 "" "" 0.0027961283650664763 0.0032665296 0.0040169763 0.007283506 259.33695865141 -35.63389768235 1641.35413 -0.2970000000000001 -1.4830000000000005 0.8
259.39245988405 -35.61986989263 0.0151 0.0105 6.0926 "" "" 5975539006241438336 1717.1676 0.5378 0.0169 -0.257 -1.0 0.019 0.013 0.883 "" "" 13.202683 1.056735 13.634783 12.578048 "" "" 1672.78979 1763.16199 98599.19935 128.74 48029.0 186.94 73780.0 305.33 "" "" 0.0030986252593070696 0.00506395 0.0058713295 0.01093528 259.39245988405 -35.61986989263 1717.1676 -0.257 -1.0 0.8
259.32356408607 -35.54162665872 0.0145 0.0106 0.4048 "" "" 5975543331278657408 1660.9187 0.5605 0.016 -0.241 -1.152 0.02 0.013 0.985 13274.8 3.9883 13.224785 1.12261 13.678616 12.556005 "" "" 1623.06726 1702.93542 96612.41488 130.68 46129.0 215.25 75293.0 347.41 "" "" 0.0031222659734125922 0.0057838345 0.006275417 0.012059251 259.32356408607 -35.54162665872 1660.9187 -0.241 -1.1519999999999995 0.8
259.34259344176 -35.55232986497 0.0154 0.0116 1.3815 "" "" 5975542506639788800 1656.30701 0.5636 0.0171 -0.161 -1.41 0.02 0.014 0.984 7689.3 3.7127 13.398597 1.11596 13.857303 12.741343 "" "" 1619.7749 1704.93494 82320.50777 23.886 39129.0 51.315 63478.0 120.92 "" "" 0.0027732718680375345 0.003132483 0.004308284 0.007440767 259.34259344176 -35.55232986497 1656.30701 -0.16099999999999992 -1.41 0.9
259.45815493742 -35.72972404619 0.0154 0.011 13.3933 "" "" 5975467125668744192 1705.2959 0.5405 0.0171 -0.274 -1.258 0.018 0.013 0.915 10442.2 3.6413 13.450665 1.09064 13.901865 12.811225 "" "" 1654.92078 1751.73706 78465.8848 15.542 37555.0 48.6 59521.0 24.455 "" "" 0.002763700097103321 0.0031239756 0.0038056173 0.006929593 259.45815493742 -35.72972404619 1705.2959 -0.274 -1.258 0.8
259.42494284238 -35.41061867976 0.0159 0.0112 8.9374 "" "" 5975545740750922624 1564.41382 0.5919 0.0174 -0.195 -1.392 0.022 0.015 0.998 11217.4 3.8505 13.580302 1.205792 14.092398 12.886605 "" "" 1525.26001 1605.41138 69634.74843 13.936 31511.0 30.796 55529.0 29.387 "" "" 0.0027638747493146463 0.0029851268 0.003822811 0.0068079378 259.42494284238 -35.41061867976 1564.41382 -0.195 -1.392 0.8
259.41419095546 -35.52807267354 0.0183 0.0138 4.4175 "" "" 5975542820173295616 1504.2052 0.6274 0.0197 -0.391 -1.04 0.024 0.018 0.996 "" "" 13.628872 1.387933 14.24188 12.853948 "" "" 1468.27576 1556.48108 66588.28936 19.166 27458.0 36.279 57224.0 46.52 "" "" 0.0027729856132444708 0.0031373452 0.0038810808 0.007018426 259.41419095546 -35.52807267354 1504.2052 -0.391 -1.04 0.8
259.31091011846 -35.55552696638 0.0166 0.0119 1.3956 "" "" 5975519867867200384 1705.69653 0.5421 0.0186 -0.317 -1.211 0.024 0.015 1.013 "" "" 13.676987 1.193427 14.182666 12.989239 "" "" 1646.40869 1761.39124 63701.84544 16.411 28997.0 27.858 50520.0 20.891 "" "" 0.002769481332366392 0.002978772 0.0038059563 0.0067847283 259.31091011846 -35.55552696638 1705.69653 -0.317 -1.2110000000000003 0.8
259.30818953408 -35.50173328366 0.0171 0.0123 2.1362 "" "" 5975543644806166912 1736.53467 0.5345 0.0187 -0.242 -1.297 0.022 0.015 0.961 11414.0 3.8913 13.785681 1.086986 14.238132 13.151147 "" "" 1689.65002 1794.82739 57633.40521 70.562 27553.0 94.369 43521.0 146.68 "" "" 0.0030592173103824137 0.0046490184 0.0052606175 0.009909635 259.30818953408 -35.50173328366 1736.53467 -0.24199999999999994 -1.297 0.8
259.32045557018 -35.54606053523 0.0183 0.0133 0.6933 "" "" 5975543335568506624 1723.68213 0.538 0.0203 -0.242 -1.132 0.026 0.017 0.994 "" "" 13.9514 1.185602 14.45388 13.268278 "" "" 1663.53027 1788.22192 49475.11334 11.869 22587.0 30.342 39070.0 34.404 "" "" 0.0027676040425442757 0.0031483811 0.0038984353 0.0070468164 259.32045557018 -35.54606053523 1723.68213 -0.24200000000000005 -1.132 0.8
259.42779826868 -35.56637230388 0.0198 0.0148 5.4026 "" "" 5975539757854421760 1728.85303 0.5388 0.0216 -0.267 -1.268 0.026 0.019 0.942 "" "" 14.043501 1.637903 14.806686 13.168783 "" "" 1665.41162 1793.82727 45451.30675 14.309 16321.0 22.782 42820.0 23.432 "" "" 0.0027764410316451953 0.0031752056 0.0038257975 0.0070010033 259.42779826868 -35.56637230388 1728.85303 -0.267 -1.2680000000000002 0.8
259.29529776554 -35.5912243312 0.0197 0.0139 3.6606 "" "" 5975518935852930048 1685.49304 0.5467 0.0211 -0.36 -1.246 0.026 0.018 0.974 9920.6 3.7889 14.085641 1.147971 14.568156 13.420185 "" "" 1625.39294 1750.47937 43721.04586 11.675 20331.0 21.567 33969.0 34.722 "" "" 0.0027705320508136125 0.0030185357 0.003938958 0.0069574937 259.29529776554 -35.5912243312 1685.49304 -0.3600000000000002 -1.246 0.9
259.34907648427 -35.49949100483 0.0229 0.0175 2.4493 "" "" 5975543507368064640 1519.67297 0.612 0.0248 -0.423 -1.206 0.033 0.025 1.001 7999.3 4.0542 14.320866 1.154772 14.803617 13.648845 "" "" 1468.51257 1574.42847 35204.68409 8.8943 16367.0 27.747 27518.0 41.653 "" "" 0.0027689408259130997 0.00334261 0.00412124 0.00746385 259.34907648427 -35.49949100483 1519.67297 -0.42299999999999993 -1.206 0.8
259.37035968808 -35.54160419775 0.0241 0.0176 2.2937 "" "" 5975542644078773504 1590.19495 0.583 0.0262 -0.271 -1.136 0.032 0.024 0.949 9379.4 4.0081 14.605885 1.383754 15.220127 13.836373 "" "" 1526.77991 1650.67896 27076.52171 11.77 11152.0 26.358 23153.0 28.57 "" "" 0.0027954495915487754 0.003790809 0.004009824 0.007800633 259.37035968808 -35.54160419775 1590.19495 -0.271 -1.136 0.8
259.31937549066 -35.49259343295 0.0228 0.0166 2.5486 "" "" 5975543747885382528 1684.90417 0.5565 0.0248 -0.243 -1.418 0.03 0.022 0.924 "" "" 14.618252 1.140633 15.096669 13.956037 "" "" 1618.99792 1778.49292 26769.8478 7.0236 12495.0 19.967 20737.0 21.029 "" "" 0.002770006702846003 0.003285619 0.003936494 0.0072221127 259.31937549066 -35.49259343295 1684.90417 -0.243 -1.418 0.8
259.15987162188 -35.45428145507 0.0239 0.0179 9.3682 "" "" 5975533233805484800 1513.70251 0.6166 0.0262 -0.325 -1.315 0.031 0.022 1.035 7993.4 4.1593 14.627522 1.203615 15.136186 13.93257 "" "" 1459.61316 1584.55359 26542.27798 10.409 12049.0 19.318 21190.0 29.377 "" "" 0.0027880255109128376 0.0032886541 0.0040680985 0.0073567526 259.15987162188 -35.45428145507 1513.70251 -0.32499999999999996 -1.315 0.8
259.22188169353 -35.47757407428 0.0231 0.0168 6.063 "" "" 5975532267431625728 1641.21851 0.576 0.0253 -0.344 -1.387 0.031 0.022 0.949 7819.8 3.82 14.644369 1.170424 15.131851 13.961428 "" "" 1579.89136 1716.77637 26133.59673 7.6542 12097.0 32.331 20634.0 27.869 "" "" 0.002773609991964512 0.004025596 0.004053906 0.008079503 259.22188169353 -35.47757407428 1641.21851 -0.344 -1.387 0.9
259.32028271464 -35.6224865539 0.0278 0.0193 5.2588 "" "" 5975518592255487488 1746.33325 0.521 0.0298 -0.277 -1.113 0.036 0.025 0.939 8802.2 3.7109 14.894361 1.245008 15.423758 14.17875 "" "" 1659.12573 1851.32239 20758.81612 6.4835 9245.1 13.913 16891.0 23.278 "" "" 0.002776108795377247 0.0032333846 0.0040648 0.0072981846 259.32028271464 -35.6224865539 1746.33325 -0.2769999999999999 -1.113 0.8
259.45362975953 -35.46815280956 0.0313 0.0222 7.4874 "" "" 5975544538160063488 1616.24731 0.5798 0.0338 -0.366 -1.536 0.044 0.03 1.229 "" "" 14.948139 1.300333 15.513096 14.212763 "" "" 1541.63379 1718.30188 19755.63606 5.928 8514.9 16.703 16370.0 14.14 "" "" 0.0027745144356848546 0.003510143 0.0038940026 0.007404146 259.45362975953 -35.46815280956 1616.24731 -0.366 -1.536 0.8
259.4808944615 -35.51248376336 0.0271 0.0193 7.7734 "" "" 5975541411423859328 1725.88757 0.5222 0.0295 -0.322 -1.116 0.037 0.026 1.013 "" "" 15.083302 2.79377 16.65099 13.85722 -62.15 3.68 1640.26208 1803.0946 17443.19238 6.9161 2985.5 12.922 22713.0 93.461 "" "" 0.002788746686954562 0.0054652407 0.0058518136 0.011317054 259.4808944615 -35.51248376336 1725.88757 -0.3219999999999999 -1.116 0.8
259.35265071778 -35.45995312191 0.0294 0.0216 4.7077 "" "" 5975544194562827392 1611.14563 0.5906 0.0312 -0.333 -1.267 0.041 0.03 1.0 6456.2 3.7479 15.13365 1.934784 16.095407 14.160624 "" "" 1544.19446 1680.73572 16652.77892 16.439 4980.3 17.472 17175.0 41.445 "" "" 0.002956440492794487 0.0047216057 0.0045987037 0.009320309 259.35265071778 -35.45995312191 1611.14563 -0.33300000000000013 -1.2670000000000003 0.8
259.31392339768 -35.53985233884 0.0302 0.021 0.5795 "" "" 5975543335568508416 1572.33252 0.6008 0.033 -0.231 -1.179 0.038 0.027 0.946 "" "" 15.148893 1.484933 15.823383 14.33845 "" "" 1492.53333 1660.81067 16420.6203 6.6731 6398.3 13.73 14581.0 28.775 "" "" 0.0027904248658491525 0.0036350111 0.0043445025 0.007979514 259.31392339768 -35.53985233884 1572.33252 -0.2310000000000001 -1.179 0.8
259.31787462511 -35.51527929947 0.031 0.0224 1.2157 "" "" 5975543438647730688 1768.34399 0.5203 0.0335 -0.391 -1.219 0.041 0.029 1.067 "" "" 15.206432 1.457674 15.843003 14.385329 "" "" 1668.60864 1894.224 15573.0511 5.3127 6283.7 39.554 13965.0 50.322 "" "" 0.002780104735802407 0.007381994 0.0054397113 0.012821705 259.31787462511 -35.51527929947 1768.34399 -0.391 -1.2190000000000003 0.9
259.13143047465 -35.63751869019 0.0319 0.0246 11.2385 "" "" 5975529209414611968 1686.91077 0.5537 0.0389 -0.152 -1.194 0.045 0.031 1.014 9113.4 3.8143 15.343881 1.549326 16.057663 14.508337 "" "" 1587.24561 1803.63916 13721.27854 5.0366 5156.5 16.338 12469.0 15.276 "" "" 0.0027839935511517035 0.004429354 0.0040066247 0.008435979 259.13143047465 -35.63751869019 1686.91077 -0.15200000000000002 -1.1940000000000004 0.8
259.12952065711 -35.6043577251 0.0308 0.0238 10.3711 "" "" 5975529866550806912 1745.43433 0.5317 0.0358 -0.15 -1.225 0.041 0.031 0.928 7157.8 3.9499 15.371639 1.759018 16.21408 14.455063 "" "" 1648.78027 1866.82837 13374.91536 5.7598 4464.6 13.512 13096.0 20.496 "" "" 0.0027947101969528257 0.0043107467 0.004143808 0.008454555 259.12952065711 -35.6043577251 1745.43433 -0.15 -1.225 0.8
259.27850859632 -35.6129174363 0.0348 0.0248 5.1834 "" "" 5975518557895765760 1822.82397 0.5149 0.0383 -0.343 -1.416 0.048 0.033 0.946 7182.0 3.7649 15.558584 1.754618 16.40198 14.647362 "" "" 1699.85657 1933.54419 11259.34283 4.7551 3755.1 11.819 10970.0 15.562 "" "" 0.0027932135957819655 0.00441169 0.0040811775 0.008492867 259.27850859632 -35.6129174363 1822.82397 -0.343 -1.416 0.9
