Clusters/UBC_668/UBC_668_stars_in_region.tsv
# %ECSV 1.0
# ---
# datatype:
# - name: RA_ICRS_1
#   unit: deg
#   datatype: float64
#   format: '{:15.11f}'
#   description: Right ascension (ICRS) at Ep=2016.0 (ra)
#   meta: !!omap
#   - {ucd: POS_EQ_RA_MAIN}
#   - {width: 15}
#   - {precision: '11'}
# - name: DE_ICRS_1
#   unit: deg
#   datatype: float64
#   format: '{:15.11f}'
#   description: Declination (ICRS) at Ep=2016.0 (dec)
#   meta: !!omap
#   - {ucd: POS_EQ_DEC_MAIN}
#   - {width: 15}
#   - {precision: '11'}
# - name: e_RA_ICRS
#   unit: mas
#   datatype: float64
#   format: '{:7.4f}'
#   description: Standard error of right ascension (ra_error)
#   meta: !!omap
#   - {ucd: ERROR}
#   - {width: 7}
#   - {precision: '4'}
# - name: e_DE_ICRS
#   unit: mas
#   datatype: float64
#   format: '{:7.4f}'
#   description: Standard error of declination (dec_error)
#   meta: !!omap
#   - {ucd: ERROR}
#   - {width: 7}
#   - {precision: '4'}
# - name: _r_1
#   unit: ''
#   datatype: float64
#   format: '{:7.4f}'
#   description: Distance from center (250.65951104000-47.99659562000)[ICRS], at Epoch=J2016.0
#   meta: !!omap
#   - {ucd: POS_ANG_DIST_GENERAL}
#   - {width: 7}
#   - {precision: '4'}
# - name: HIP
#   datatype: int32
#   description: '? HIP cross-id number, van Leeuwen, Cat. I/311 (hip_original_ext_source_id)'
#   meta: !!omap
#   - {ucd: ID_NUMBER}
#   - {width: 6}
#   - values: {'null': -2147483648}
# - name: TYC2
#   datatype: string
#   description: Tycho-2 cross-id name, Hog et al., Cat. I/259 (tyc2_original_ext_source_id)
#   meta: !!omap
#   - {ucd: ID_CROSSID}
#   - {_votable_string_dtype: char}
# - name: Source
#   datatype: int64
#   description: Source identifier, identical to the Gaia-EDR3 source_id (id)
#   meta: !!omap
#   - {ucd: ID_MAIN}
#   - {width: 19}
# - name: rgeo
#   unit: pc
#   datatype: float64
#   format: '{:15.8f}'
#   description: '? Median of the geometric distance posterior (r_med_geo)'
#   meta: !!omap
#   - {ucd: PHYS_DISTANCE_TRUE}
#   - {width: 15}
#   - {precision: '8'}
#   - values: {'null': .nan}
# - name: Plx
#   unit: mas
#   datatype: float64
#   format: '{:9.4f}'
#   description: '? Parallax (parallax)'
#   meta: !!omap
#   - {ucd: POS_PARLX_TRIG}
#   - {width: 9}
#   - {precision: '4'}
#   - values: {'null': .nan}
# - name: e_Plx
#   unit: mas
#   datatype: float32
#   format: '{:7.4f}'
#   description: '? Standard error of parallax (parallax_error)'
#   meta: !!omap
#   - {ucd: ERROR}
#   - {width: 7}
#   - {precision: '4'}
#   - values: {'null': .nan}
# - name: pmRA
#   unit: mas / yr
#   datatype: float64
#   format: '{:9.3f}'
#   description: '? Proper motion in right ascension direction, pmRA*cosDE (pmra)'
#   meta: !!omap
#   - {ucd: POS_EQ_PMRA}
#   - {width: 9}
#   - {precision: '3'}
#   - values: {'null': .nan}
# - name: pmDE
#   unit: mas / yr
#   datatype: float64
#   format: '{:9.3f}'
#   description: '? Proper motion in declination direction (pmdec)'
#   meta: !!omap
#   - {ucd: POS_EQ_PMDEC}
#   - {width: 9}
#   - {precision: '3'}
#   - values: {'null': .nan}
# - name: e_pmRA
#   unit: mas / yr
#   datatype: float32
#   format: '{:6.3f}'
#   description: '? Standard error of proper motion in right ascension direction (pmra_error)'
#   meta: !!omap
#   - {ucd: ERROR}
#   - {width: 6}
#   - {precision: '3'}
#   - values: {'null': .nan}
# - name: e_pmDE
[...]
#         value: !astropy.table.SerializedColumn {name: SkyCoord.dec}
#       distance: !astropy.table.SerializedColumn
#         __class__: astropy.coordinates.distances.Distance
#         unit: !astropy.units.Unit {unit: pc}
#         value: !astropy.table.SerializedColumn {name: SkyCoord.distance}
#       frame: icrs
#       obstime: !astropy.time.Time {format: jyear_str, in_subfmt: '*', jd1: 367701545.0, jd2: 0.0, out_subfmt: '*', precision: 3, scale: tt}
#       pm_dec: !astropy.table.SerializedColumn
#         __class__: astropy.units.quantity.Quantity
#         unit: !astropy.units.Unit {unit: mas / yr}
#         value: !astropy.table.SerializedColumn {name: SkyCoord.pm_dec}
#       pm_ra_cosdec: !astropy.table.SerializedColumn
#         __class__: astropy.units.quantity.Quantity
#         unit: !astropy.units.Unit {unit: mas / yr}
#         value: !astropy.table.SerializedColumn {name: SkyCoord.pm_ra_cosdec}
#       ra: !astropy.table.SerializedColumn
#         __class__: astropy.coordinates.angles.Longitude
#         unit: *id001
#         value: !astropy.table.SerializedColumn {name: SkyCoord.ra}
#         wrap_angle: !astropy.coordinates.Angle
#           unit: *id001
#           value: 360.0
#       representation_type: spherical
# schema: astropy-2.0
RA_ICRS_1 DE_ICRS_1 e_RA_ICRS e_DE_ICRS _r_1 HIP TYC2 Source rgeo Plx e_Plx pmRA pmDE e_pmRA e_pmDE RUWE Teff logg Gmag BP-RP BPmag RPmag RV e_RV b_rgeo B_rgeo FG e_FG FBP e_FBP FRP e_FRP RAVE5 RAVE6 e_Gmag e_BPmag e_RPmag e_BP-RP SkyCoord.ra SkyCoord.dec SkyCoord.distance SkyCoord.pm_ra_cosdec SkyCoord.pm_dec rmRA rmDE e_rmRA e_rmDE rRV e_rRV v_pec v_pec3d e_vpec e_vpec3d
[from data line 782]
250.81854634084 -48.16501255733 0.0725 0.0525 11.9478 "" "" 5939496323590051712 2780.01733 0.3888 0.0914 -0.605 -0.463 0.097 0.077 1.303 "" "" 16.972351 1.847487 17.552856 15.705369 "" "" 2162.36792 3772.25098 3062.0091 4.2056 1301.0 21.766 4140.1 44.43 "" "" 0.003132980661669918 0.018377634 0.012249332 0.030626966 250.81854634084 -48.16501255733 2780.01733 -0.6050000000000005 -0.4630000000000001 0.033000011444091815 0.6163999433517455 0.16929662 0.14929661 "" "" 8.134107865150442 "" 1.214890726717844 ""
250.9792388955 -47.92047522228 0.0666 0.0524 13.6344 "" "" 5939506906392228352 3086.51221 0.3313 0.0832 -2.54 -3.078 0.09 0.077 1.064 "" "" 16.973274 1.763143 17.835697 16.072554 "" "" 2514.37402 4053.28052 3059.40392 2.0553 1002.6 6.3172 2952.1 12.232 "" "" 0.0028502291608443137 0.007388145 0.0058755744 0.013263719 250.9792388955 -47.92047522228 3086.51221 -2.5399999999999996 -3.0780000000000007 -1.9019999885559082 -1.9986000566482542 0.16229662 0.14929661 "" "" 40.36415879647604 "" 6.2810807148560155 ""
250.82667973617 -48.04238416158 0.0606 0.042 7.2496 "" "" 5939499347249632128 2853.67432 0.371 0.0683 -0.67 -2.226 0.083 0.063 0.94 8434.5 4.4857 16.97348 1.513783 17.664848 16.151066 "" "" 2423.57593 3938.37695 3058.82548 2.1221 1173.5 6.6359 2746.2 7.7981 "" "" 0.0028564252870099042 0.0067438786 0.004877391 0.011621269 250.82667973617 -48.04238416158 2853.67432 -0.6699999999999996 -2.226 -0.03199998855590824 -1.1466000566482544 0.15529661 0.13529661 "" "" 15.515428542251067 "" 2.0994442727584306 ""
250.59370347352 -47.81665907903 0.0587 0.0419 11.1159 "" "" 5942513181657941504 3233.61694 0.3044 0.0714 -3.022 -4.263 0.083 0.062 1.025 "" "" 16.975218 2.0461 17.99584 15.94974 "" "" 2600.18555 4121.06104 3053.93234 2.2454 865.13 8.061 3305.7 8.9357 "" "" 0.0028686321187369273 0.010494254 0.0047851033 0.015279356 250.59370347352 -47.81665907903 3233.61694 -3.0220000000000002 -4.263000000000002 -2.383999988555908 -3.1836000566482543 0.15529661 0.13429661 "" "" 60.961157392262436 "" 8.668616598674438 ""
250.42183960309 -47.99429108395 0.2228 0.1429 9.5438 "" "" 5941004131987430912 3581.66797 0.5281 0.301 -2.31 -5.862 0.298 0.213 4.672 4941.7 4.5166 16.97665 2.862161 18.501131 15.63897 "" "" 1887.87952 5559.87354 3049.9065 8.2383 543.21 6.4708 4401.2 9.2708 "" "" 0.004024030955439165 0.013230996 0.0044174874 0.017648485 250.42183960309 -47.99429108395 3581.66797 -2.31 -5.862 -1.6719999885559083 -4.7826000566482545 0.37029663 0.28529662 "" "" 86.01354509641212 "" 25.437798195663685 ""
250.83487411585 -47.79282346645 0.0572 0.0435 14.1157 "" "" 5942510948274805888 2651.72412 0.3615 0.0741 -0.872 -2.564 0.088 0.074 0.955 5475.1 4.721 16.97854 1.37137 17.60816 16.23679 "" "" 2289.27515 3134.13745 3044.60417 2.0515 1236.4 6.3649 2537.7 7.1551 "" "" 0.0028507905177096392 0.0062470185 0.0048636426 0.011110662 250.83487411585 -47.79282346645 2651.72412 -0.8719999999999999 -2.564 -0.2339999885559082 -1.4846000566482545 0.16029662 0.14629662 "" "" 18.8905641645287 "" 2.7703353385069986 ""
250.91018464589 -47.85021832457 0.0598 0.0468 13.3686 "" "" 5939508147672460800 2989.0542 0.339 0.0746 -2.042 -5.339 0.088 0.075 0.99 5342.6 4.6848 16.981287 1.440542 17.64295 16.202408 "" "" 2427.3811 3569.8252 3036.90868 1.8801 1197.4 6.6516 2619.4 6.9645 "" "" 0.0028361224053086126 0.0066454248 0.004755752 0.011401176 250.91018464589 -47.85021832457 2989.0542 -2.042000000000001 -5.339000000000004 -1.403999988555908 -4.259600056648255 0.16029662 0.14729661 "" "" 63.54429434448325 "" 9.444004673472561 ""
250.75537874504 -48.04381885354 0.0602 0.0394 4.7781 "" "" 5942500434194230272 3322.64941 0.3252 0.07 -2.77 -4.371 0.085 0.061 0.988 "" "" 16.981548 2.10204 18.060898 15.958858 "" "" 2653.54077 4193.20068 3036.18022 2.0795 814.81 6.6181 3278.0 7.1008 "" "" 0.0028539046567374574 0.009249505 0.004451433 0.013700938 250.75537874504 -48.04381885354 3322.64941 -2.7699999999999982 -4.371000000000001 -2.131999988555908 -3.291600056648255 0.15729661 0.13329661 "" "" 61.76490863525189 "" 8.69748905840133 ""
250.70900594075 -47.8011155785 0.0594 0.0457 11.8966 "" "" 5942510462915599232 2978.97534 0.3449 0.0727 -3.785 -6.037 0.085 0.07 1.024 "" "" 16.982864 1.858021 17.88521 16.02719 "" "" 2412.75586 3791.79614 3032.50352 2.9703 957.93 8.8962 3078.1 11.664 "" "" 0.0029534298129060346 0.010462047 0.0055866498 0.016048696 250.70900594075 -47.8011155785 2978.97534 -3.785 -6.037 -3.1469999885559083 -4.957600056648254 0.15729661 0.14229661 "" "" 82.91588504158668 "" 12.16888993471833 ""
250.39364884408 -47.89142875221 0.0667 0.0412 12.4094 "" "" 5942517545345481216 3028.44629 0.3057 0.0813 -1.627 -3.7 0.09 0.062 1.117 9243.8 3.8567 16.983215 2.678861 18.470203 15.791343 "" "" 2494.99414 3765.53784 3031.5233 2.019 558.9 6.7799 3824.9 10.733 "" "" 0.002848625322992836 0.013463138 0.0048544747 0.018317612 250.39364884408 -47.89142875221 3028.44629 -1.627 -3.7 -0.9889999885559082 -2.6206000566482546 0.16229662 0.13429661 "" "" 40.208059617925166 "" 5.552632280137572 ""
250.54128713187 -48.02317734339 0.0763 0.0533 5.0064 "" "" 5942504110661493888 2997.8186 0.3521 0.1 -1.597 -3.313 0.105 0.077 1.492 9579.6 4.241 16.983458 1.715561 17.633385 15.917824 "" "" 2242.52954 3941.8645 3030.84426 3.2781 1208.0 17.5 3404.3 61.234 "" "" 0.0029951283943413774 0.015974354 0.019891746 0.0358661 250.54128713187 -48.02317734339 2997.8186 -1.597 -3.313 -0.9589999885559082 -2.2336000566482546 0.17729661 0.14929661 "" "" 34.54043726085993 "" 5.31887250072701 ""
250.63900223574 -48.07370513153 0.0921 0.0622 4.6992 "" "" 5942500846511301632 2821.18604 0.4356 0.109 -0.395 -4.194 0.126 0.09 2.056 "" "" 16.984161 1.766102 17.761488 15.995386 "" "" 2164.16235 4099.3208 3028.88065 3.506 1073.5 6.7734 3169.6 10.473 "" "" 0.0030284067659681322 0.0073970156 0.0052109333 0.012607949 250.63900223574 -48.07370513153 2821.18604 -0.3949999999999999 -4.1940000000000035 0.24300001144409178 -3.1146000566482543 0.1982966 0.16229662 "" "" 41.77631584678884 "" 6.790255871944188 ""
250.55096720868 -47.80487561362 0.0617 0.0423 12.3039 "" "" 5942508130775799296 3082.01807 0.3311 0.0749 -2.999 -4.035 0.082 0.062 1.026 "" "" 16.984522 2.060332 18.030773 15.970441 "" "" 2558.57617 4021.01807 3027.87344 1.9031 837.74 5.6598 3243.3 10.653 "" "" 0.002838569850676765 0.007848009 0.0051963166 0.013044326 250.55096720868 -47.80487561362 3082.01807 -2.9990000000000006 -4.035 -2.3609999885559083 -2.9556000566482545 0.1542966 0.13429661 "" "" 55.2626504295447 "" 7.870606237740554 ""
250.65304103472 -47.7840000528 0.0642 0.0457 12.7584 "" "" 5942513456535849856 2774.49927 0.3592 0.0743 -2.258 -5.018 0.085 0.07 0.999 5622.9 4.6077 16.988977 1.670381 17.779184 16.108803 "" "" 2231.36694 3557.09888 3015.4743 2.1279 1056.2 7.3405 2855.2 7.6786 "" "" 0.0028598586612765616 0.008045108 0.0047759414 0.012821049 250.65304103472 -47.7840000528 2774.49927 -2.258 -5.017999999999999 -1.6199999885559082 -3.938600056648254 0.15729661 0.14229661 "" "" 56.007389189069755 "" 8.096620832859488 ""
250.85868267043 -47.82314809063 0.0562 0.0433 13.1327 "" "" 5939508422550410240 2749.90796 0.3734 0.0725 -0.98 -0.579 0.082 0.072 1.005 6674.5 4.3544 16.989511 1.841959 17.899246 16.057287 "" "" 2296.63745 3557.21387 3013.99404 1.9358 945.62 7.6586 2993.9 10.265 "" "" 0.002842194149094855 0.009225454 0.005304852 0.014530307 250.85868267043 -47.82314809063 2749.90796 -0.9800000000000002 -0.5789999999999997 -0.3419999885559082 0.5003999433517456 0.1542966 0.14429662 "" "" 7.900323114934737 "" 1.1657245978077793 ""
250.59136952842 -48.01325350882 0.0549 0.0383 2.9123 "" "" 5942501327547683968 2766.4751 0.376 0.0698 -0.785 -0.792 0.076 0.056 0.965 "" "" 16.992905 1.659779 17.767258 16.10748 "" "" 2384.96973 3337.52539 3004.58866 1.8496 1067.9 5.7586 2858.7 8.3181 "" "" 0.0028352262919667534 0.006485638 0.004925891 0.011411529 250.59136952842 -48.01325350882 2766.4751 -0.7849999999999996 -0.792 -0.14699998855590823 0.28739994335174557 0.14829661 0.12829661 "" "" 4.233066223395985 "" 0.5616934975100354 ""
250.6444136031 -47.92141920309 0.0564 0.0397 4.5512 "" "" 5942503453552338176 2864.92749 0.3455 0.0721 -0.927 -2.562 0.075 0.058 1.018 9285.4 4.4743 16.995878 1.533571 17.699589 16.166018 "" "" 2329.69067 3530.1189 2996.36959 2.0194 1136.5 6.3058 2708.6 8.1402 "" "" 0.0028508277948321756 0.0066389237 0.004993072 0.011631995 250.6444136031 -47.92141920309 2864.92749 -0.9270000000000006 -2.562 -0.28899998855590825 -1.4826000566482542 0.14729661 0.13029662 "" "" 20.51228334937775 "" 2.6862442567600966 ""
250.59860579424 -47.81154427733 0.0617 0.0441 11.3701 "" "" 5942513181657943680 3014.01025 0.3384 0.0759 -3.88 -6.203 0.086 0.067 1.093 "" "" 16.99648 1.726513 17.814867 16.088354 "" "" 2402.9707 3954.79419 2994.70527 2.0447 1022.0 6.7145 2909.5 14.701 "" "" 0.002853301547339667 0.007659518 0.006661795 0.014321313 250.59860579424 -47.81154427733 3014.01025 -3.88 -6.203 -3.241999988555908 -5.123600056648255 0.15829661 0.13929662 "" "" 86.62070129388042 "" 12.55855554604952 ""
250.51113732885 -47.98095987091 0.0543 0.0377 6.0316 "" "" 5942504523003385856 2795.96973 0.3564 0.0708 -1.211 -1.003 0.076 0.053 0.998 "" "" 16.996492 1.777039 17.862545 16.085506 "" "" 2374.23901 3264.19189 2994.67727 1.8243 978.14 8.1226 2917.1 7.6149 "" "" 0.0028335935038468403 0.009437953 0.004724052 0.014162005 250.51113732885 -47.98095987091 2795.96973 -1.2109999999999994 -1.0030000000000001 -0.5729999885559083 0.07639994335174571 0.14829661 0.12529661 "" "" 7.6611135072719 "" 1.1332744555985528 ""
250.42718889304 -48.05223989534 0.0562 0.0365 9.9026 "" "" 5941003483487728768 3088.89062 0.315 0.0725 -0.083 -0.88 0.072 0.051 0.989 "" "" 16.99664 2.199238 18.13065 15.931412 "" "" 2510.85791 4213.63574 2994.26812 1.7339 764.11 4.5082 3362.0 6.8124 "" "" 0.0028261420561955853 0.006987059 0.0043730787 0.011360138 250.42718889304 -48.05223989534 3088.89062 -0.08299999999999996 -0.8799999999999999 0.5550000114440918 0.1993999433517456 0.14429662 0.12329661 "" "" 8.634486475686318 "" 1.2265552421638048 ""
250.78591298383 -48.10668500735 0.0614 0.0399 8.3266 "" "" 5939497599232995840 3792.41992 0.3039 0.0697 -2.548 -5.682 0.087 0.064 1.004 "" "" 16.999527 1.582699 17.734201 16.151503 "" "" 3127.24756 5511.92725 2986.31656 1.8394 1100.9 7.5752 2745.1 7.9249 "" "" 0.0028353161572840157 0.007974884 0.0049100346 0.012884919 250.78591298383 -48.10668500735 3792.41992 -2.548 -5.682 -1.9099999885559082 -4.602600056648255 0.1592966 0.13629662 "" "" 89.57789418049933 "" 12.533084782813464 ""
250.79442485475 -47.81897312798 0.0626 0.0459 11.9592 "" "" 5942509505165786624 2962.55933 0.3322 0.0778 -0.997 -4.356 0.09 0.075 1.145 "" "" 16.999935 1.870319 17.892694 16.022375 "" "" 2489.52881 3711.97192 2985.19497 2.2453 951.35 6.9663 3091.8 5.5763 "" "" 0.002873791225339437 0.0084257405 0.004256561 0.012682302 250.79442485475 -47.81897312798 2962.55933 -0.997 -4.356 -0.3589999885559082 -3.2766000566482543 0.16229662 0.14729661 "" "" 46.28710747581892 "" 6.826583673605389 ""
