Clusters/UBC_668/UBC_668_stars_in_region.tsv
# %ECSV 1.0
# ---
# datatype:
# - name: RA_ICRS_1
#   unit: deg
#   datatype: float64
#   format: '{:15.11f}'
#   description: Right ascension (ICRS) at Ep=2016.0 (ra)
#   meta: !!omap
#   - {ucd: POS_EQ_RA_MAIN}
#   - {width: 15}
#   - {precision: '11'}
# - name: DE_ICRS_1
#   unit: deg
#   datatype: float64
#   format: '{:15.11f}'
#   description: Declination (ICRS) at Ep=2016.0 (dec)
#   meta: !!omap
#   - {ucd: POS_EQ_DEC_MAIN}
#   - {width: 15}
#   - {precision: '11'}
# - name: e_RA_ICRS
#   unit: mas
#   datatype: float64
#   format: '{:7.4f}'
#   description: Standard error of right ascension (ra_error)
#   meta: !!omap
#   - {ucd: ERROR}
#   - {width: 7}
#   - {precision: '4'}
# - name: e_DE_ICRS
#   unit: mas
#   datatype: float64
#   format: '{:7.4f}'
#   description: Standard error of declination (dec_error)
#   meta: !!omap
#   - {ucd: ERROR}
#   - {width: 7}
#   - {precision: '4'}
# - name: _r_1
#   unit: ''
#   datatype: float64
#   format: '{:7.4f}'
#   description: Distance from center (250.65951104000-47.99659562000)[ICRS], at Epoch=J2016.0
#   meta: !!omap
#   - {ucd: POS_ANG_DIST_GENERAL}
#   - {width: 7}
#   - {precision: '4'}
# - name: HIP
#   datatype: int32
#   description: '? HIP cross-id number, van Leeuwen, Cat. I/311 (hip_original_ext_source_id)'
#   meta: !!omap
#   - {ucd: ID_NUMBER}
#   - {width: 6}
#   - values: {'null': -2147483648}
# - name: TYC2
#   datatype: string
#   description: Tycho-2 cross-id name, Hog et al., Cat. I/259 (tyc2_original_ext_source_id)
#   meta: !!omap
#   - {ucd: ID_CROSSID}
#   - {_votable_string_dtype: char}
# - name: Source
#   datatype: int64
#   description: Source identifier, identical to the Gaia-EDR3 source_id (id)
#   meta: !!omap
#   - {ucd: ID_MAIN}
#   - {width: 19}
# - name: rgeo
#   unit: pc
#   datatype: float64
#   format: '{:15.8f}'
#   description: '? Median of the geometric distance posterior (r_med_geo)'
#   meta: !!omap
#   - {ucd: PHYS_DISTANCE_TRUE}
#   - {width: 15}
#   - {precision: '8'}
#   - values: {'null': .nan}
# - name: Plx
#   unit: mas
#   datatype: float64
#   format: '{:9.4f}'
#   description: '? Parallax (parallax)'
#   meta: !!omap
#   - {ucd: POS_PARLX_TRIG}
#   - {width: 9}
#   - {precision: '4'}
#   - values: {'null': .nan}
# - name: e_Plx
#   unit: mas
#   datatype: float32
#   format: '{:7.4f}'
#   description: '? Standard error of parallax (parallax_error)'
#   meta: !!omap
#   - {ucd: ERROR}
#   - {width: 7}
#   - {precision: '4'}
#   - values: {'null': .nan}
# - name: pmRA
#   unit: mas / yr
#   datatype: float64
#   format: '{:9.3f}'
#   description: '? Proper motion in right ascension direction, pmRA*cosDE (pmra)'
#   meta: !!omap
#   - {ucd: POS_EQ_PMRA}
#   - {width: 9}
#   - {precision: '3'}
#   - values: {'null': .nan}
# - name: pmDE
#   unit: mas / yr
#   datatype: float64
#   format: '{:9.3f}'
#   description: '? Proper motion in declination direction (pmdec)'
#   meta: !!omap
#   - {ucd: POS_EQ_PMDEC}
#   - {width: 9}
#   - {precision: '3'}
#   - values: {'null': .nan}
# - name: e_pmRA
#   unit: mas / yr
#   datatype: float32
#   format: '{:6.3f}'
#   description: '? Standard error of proper motion in right ascension direction (pmra_error)'
#   meta: !!omap
#   - {ucd: ERROR}
#   - {width: 6}
#   - {precision: '3'}
#   - values: {'null': .nan}
# - name: e_pmDE
[...]
#         value: !astropy.table.SerializedColumn {name: SkyCoord.dec}
#       distance: !astropy.table.SerializedColumn
#         __class__: astropy.coordinates.distances.Distance
#         unit: !astropy.units.Unit {unit: pc}
#         value: !astropy.table.SerializedColumn {name: SkyCoord.distance}
#       frame: icrs
#       obstime: !astropy.time.Time {format: jyear_str, in_subfmt: '*', jd1: 367701545.0, jd2: 0.0, out_subfmt: '*', precision: 3, scale: tt}
#       pm_dec: !astropy.table.SerializedColumn
#         __class__: astropy.units.quantity.Quantity
#         unit: !astropy.units.Unit {unit: mas / yr}
#         value: !astropy.table.SerializedColumn {name: SkyCoord.pm_dec}
#       pm_ra_cosdec: !astropy.table.SerializedColumn
#         __class__: astropy.units.quantity.Quantity
#         unit: !astropy.units.Unit {unit: mas / yr}
#         value: !astropy.table.SerializedColumn {name: SkyCoord.pm_ra_cosdec}
#       ra: !astropy.table.SerializedColumn
#         __class__: astropy.coordinates.angles.Longitude
#         unit: *id001
#         value: !astropy.table.SerializedColumn {name: SkyCoord.ra}
#         wrap_angle: !astropy.coordinates.Angle
#           unit: *id001
#           value: 360.0
#       representation_type: spherical
# schema: astropy-2.0
RA_ICRS_1 DE_ICRS_1 e_RA_ICRS e_DE_ICRS _r_1 HIP TYC2 Source rgeo Plx e_Plx pmRA pmDE e_pmRA e_pmDE RUWE Teff logg Gmag BP-RP BPmag RPmag RV e_RV b_rgeo B_rgeo FG e_FG FBP e_FBP FRP e_FRP RAVE5 RAVE6 e_Gmag e_BPmag e_RPmag e_BP-RP SkyCoord.ra SkyCoord.dec SkyCoord.distance SkyCoord.pm_ra_cosdec SkyCoord.pm_dec rmRA rmDE e_rmRA e_rmDE rRV e_rRV v_pec v_pec3d e_vpec e_vpec3d
[from data line 430]
250.59488146522 -47.89415680045 0.044 0.0311 6.6727 "" "" 5942506545905340032 2808.96313 0.3247 0.0548 -1.858 -6.075 0.06 0.046 1.093 "" "" 16.410057 1.496998 17.08144 15.584442 "" "" 2456.11548 3208.07764 5139.5325 2.8084 2008.4 7.0206 4627.9 9.1158 "" "" 0.0028184695173254695 0.004710573 0.004342517 0.00905309 250.59488146522 -47.89415680045 2808.96313 -1.8579999999999999 -6.0749999999999975 -1.2199999885559083 -4.995600056648255 0.1322966 0.11829661 "" "" 68.46859288732387 "" 8.15654632628707 ""
250.68053675468 -48.0619054965 0.0966 0.0701 4.0084 "" "" 5942500159291416320 3539.53955 0.306 0.1162 -3.115 -4.314 0.144 0.106 2.778 "" "" 16.412321 2.649575 17.783924 15.134349 "" "" 2785.95898 4701.51172 5128.83277 8.7639 1051.6 10.242 7005.2 15.936 "" "" 0.0033217093909413643 0.01093638 0.0045148907 0.015451271 250.68053675468 -48.0619054965 3539.53955 -3.115000000000002 -4.313999999999998 -2.4769999885559084 -3.2346000566482545 0.21629661 0.17829661 "" "" 68.35262048112554 "" 13.206821127512494 ""
250.87206591513 -48.13649016324 0.0449 0.0308 11.962 "" "" 5939496598468013824 3077.24927 0.3144 0.0545 -2.437 -1.944 0.059 0.048 0.985 8492.9 4.2443 16.41386 1.610033 17.16023 15.550198 "" "" 2677.04053 3869.67236 5121.56226 2.4675 1867.8 8.3126 4776.2 9.8426 "" "" 0.002804534867832035 0.0055797575 0.004392023 0.009971781 250.87206591513 -48.13649016324 3077.24927 -2.437 -1.944 -1.798999988555908 -0.8646000566482543 0.1312966 0.12029661 "" "" 29.113679608446944 "" 3.764513468647109 ""
250.57428330479 -47.81763027238 0.0448 0.0303 11.2718 "" "" 5942507374861544576 2801.16113 0.3213 0.0538 -2.241 -4.195 0.058 0.045 1.035 9750.4 4.4779 16.414297 1.688726 17.211382 15.522656 "" "" 2423.91504 3406.0061 5119.50542 2.8225 1781.8 7.0829 4898.9 11.164 "" "" 0.0028195922923196165 0.005139307 0.0045172665 0.009656574 250.57428330479 -47.81763027238 2801.16113 -2.2410000000000005 -4.195000000000002 -1.6029999885559083 -3.1156000566482547 0.13029662 0.117296614 "" "" 46.521638530001894 "" 5.588835622830219 ""
250.80295714431 -47.80829919115 0.1919 0.1449 12.6859 "" "" 5942510982634546688 3732.15283 0.3292 0.244 -1.982 -1.532 0.273 0.231 4.756 "" "" 16.417437 1.591767 17.050629 15.458861 "" "" 2274.29614 6529.43164 5104.71944 16.144 2066.2 8.0845 5195.3 19.232 "" "" 0.004402516397514693 0.0050825453 0.005517027 0.010599572 250.80295714431 -47.80829919115 3732.15283 -1.981999999999999 -1.532 -1.3439999885559082 -0.4526000566482544 0.34529662 0.30329663 "" "" 25.087855077802462 "" 8.56136290847776 ""
250.75039492085 -48.08722480264 0.1004 0.0625 6.5468 "" "" 5939497839751171328 2994.2168 0.4124 0.1056 -1.784 -6.039 0.137 0.096 2.014 6019.6 4.5519 16.418222 1.547272 17.04009 15.492819 "" "" 2209.95435 3860.0957 5101.02438 5.2913 2086.3 8.9071 5035.4 16.871 "" "" 0.0029766081632853184 0.0054103276 0.0052456507 0.010655979 250.75039492085 -48.08722480264 2994.2168 -1.784 -6.038999999999998 -1.1459999885559082 -4.959600056648254 0.20929661 0.1682966 "" "" 72.24424248614366 "" 12.325729505847283 ""
250.87987115485 -48.14687260339 0.0473 0.0318 12.6234 "" "" 5939496602799923584 2761.45093 0.3521 0.0529 -1.835 -2.521 0.063 0.049 0.948 8411.0 4.223 16.420202 1.513269 17.11674 15.60347 "" "" 2416.45947 3137.96289 5091.73733 2.51 1944.1 8.8046 4547.5 10.543 "" "" 0.0028068219504520635 0.0056536375 0.0045409217 0.010194559 250.87987115485 -48.14687260339 2761.45093 -1.835 -2.521 -1.1969999885559082 -1.4416000566482543 0.13529661 0.121296614 "" "" 24.526315178648282 "" 3.1196517690618353 ""
250.63131900971 -48.0704727832 0.0479 0.0303 4.5747 "" "" 5942500846511304576 2840.7959 0.3496 0.059 -3.21 -5.012 0.064 0.043 0.996 9453.5 4.1746 16.42021 1.712717 17.237123 15.524406 "" "" 2450.67871 3281.71313 5091.69929 2.4442 1740.1 7.3374 4891.0 11.145 "" "" 0.0028041810231153137 0.005361411 0.004517145 0.009878555 250.63131900971 -48.0704727832 2840.7959 -3.2100000000000017 -5.012 -2.571999988555908 -3.932600056648254 0.13629662 0.11529662 "" "" 63.27367987115378 "" 7.717365935814419 ""
250.93483541788 -48.11233645808 0.0456 0.0344 13.0442 "" "" 5939495228410399232 2637.64355 0.36 0.0548 -1.643 -2.942 0.063 0.055 1.008 8568.6 4.2064 16.420723 1.515584 17.11051 15.594926 "" "" 2316.55835 3011.08496 5089.29044 2.7153 1955.3 8.8819 4583.4 10.269 "" "" 0.0028155548439503415 0.0056664776 0.004494564 0.010161042 250.93483541788 -48.11233645808 2637.64355 -1.6429999999999998 -2.942 -1.0049999885559082 -1.8626000566482546 0.13529661 0.12729661 "" "" 26.460601540199637 "" 3.417222355273042 ""
250.51577092209 -47.88412536867 0.0426 0.031 8.8836 "" "" 5942507409221481344 2930.87646 0.3316 0.0577 -0.983 -3.276 0.061 0.048 0.989 "" "" 16.421467 1.599966 17.175045 15.575079 "" "" 2493.98047 3455.70215 5085.81215 2.5679 1842.5 8.5824 4668.0 9.892 "" "" 0.002809326765935596 0.0057759965 0.004424633 0.010200629 250.51577092209 -47.88412536867 2930.87646 -0.9830000000000001 -3.275999999999998 -0.3449999885559082 -2.196600056648254 0.13329661 0.12029661 "" "" 30.890039146480486 "" 3.726143008493471 ""
250.81180554214 -48.20500490191 0.0459 0.0307 13.9141 "" "" 5937994979160454016 3233.82861 0.3282 0.0574 -3.758 -6.644 0.058 0.046 1.032 5048.6 4.1765 16.423458 1.815682 17.298512 15.482829 "" "" 2688.45972 4192.2041 5076.49216 2.6138 1644.4 7.5308 5081.9 11.601 "" "" 0.0028114588450634036 0.005701656 0.004519604 0.01022126 250.81180554214 -48.20500490191 3233.82861 -3.758 -6.644 -3.119999988555908 -5.5646000566482545 0.13029662 0.11829661 "" "" 97.78857932633433 "" 11.859294930133137 ""
250.86199513968 -47.79943896387 0.0467 0.0352 14.3625 "" "" 5942510875254179584 2984.11182 0.3214 0.059 -2.552 -3.994 0.065 0.059 0.993 "" "" 16.423992 1.871632 17.304081 15.432449 "" "" 2573.99292 3450.19238 5073.98907 3.0799 1636.0 8.5848 5323.3 11.607 "" "" 0.002833041187887257 0.006343862 0.0044596074 0.010803469 250.86199513968 -47.79943896387 2984.11182 -2.551999999999999 -3.9940000000000007 -1.9139999885559082 -2.9146000566482546 0.13729662 0.1312966 "" "" 49.32075017766122 "" 6.56621577893558 ""
250.4503545649 -48.13005191929 0.0464 0.0311 11.5956 "" "" 5941000936547642112 2858.23486 0.3338 0.055 -0.756 -1.136 0.066 0.043 0.996 9352.3 3.7552 16.4244 1.46844 16.984472 15.516032 "" "" 2465.46704 3447.854 5072.08343 2.3616 2196.0 38.783 4928.8 49.875 "" "" 0.0028013116270584983 0.019376848 0.011618546 0.030995395 250.4503545649 -48.13005191929 2858.23486 -0.7560000000000002 -1.1360000000000001 -0.11799998855590821 -0.05660005664825429 0.1382966 0.11529662 "" "" 1.7730625188069364 "" 0.23811248962390963 ""
250.98896542481 -47.95576279345 0.0461 0.0361 13.4579 "" "" 5939505330173705728 2715.69897 0.3518 0.0566 -3.208 -2.694 0.067 0.057 0.992 5318.0 4.2931 16.425177 1.524424 17.06633 15.541906 "" "" 2339.28589 3204.80908 5068.45829 2.9027 2036.5 20.517 4812.8 46.399 "" "" 0.0028246104820299866 0.011288649 0.011128715 0.022417365 250.98896542481 -47.95576279345 2715.69897 -3.208 -2.694 -2.5699999885559084 -1.6146000566482543 0.13929662 0.12929662 "" "" 39.06906375569257 "" 5.334527490443313 ""
250.34375062509 -48.07663331251 0.0428 0.0277 13.5478 "" "" 5941002006018986880 3112.10645 0.3014 0.0538 -3.156 -4.383 0.059 0.04 0.983 "" "" 16.425476 2.008439 17.431843 15.423404 "" "" 2701.47266 3617.51807 5067.06055 2.3373 1454.4 7.2028 5367.8 7.063 "" "" 0.002800466252906966 0.0060578384 0.004040382 0.010098221 250.34375062509 -48.07663331251 3112.10645 -3.1559999999999997 -4.382999999999999 -2.5179999885559083 -3.3036000566482544 0.1312966 0.11229661 "" "" 61.27437730215703 "" 7.33023625850594 ""
250.80381683147 -47.82101498777 0.0433 0.0316 12.0277 "" "" 5942510978316577280 2933.84131 0.3051 0.0528 -2.618 -6.391 0.062 0.052 0.965 "" "" 16.425972 2.317972 17.663109 15.345137 "" "" 2567.92798 3470.15649 5064.74541 2.8136 1175.4 5.8017 5769.0 12.222 "" "" 0.002820564752706487 0.006041959 0.0044243257 0.010466285 250.80381683147 -47.82101498777 2933.84131 -2.6179999999999994 -6.3909999999999965 -1.979999988555908 -5.311600056648254 0.13429661 0.12429661 "" "" 78.83043878179251 "" 9.897895654360582 ""
250.78252424676 -48.07990732394 0.049 0.0304 7.0244 "" "" 5939497908470191488 3015.13257 0.3276 0.0523 -0.649 -1.039 0.061 0.047 0.91 "" "" 16.427095 1.609942 17.17789 15.567948 "" "" 2566.31836 3843.1814 5059.51519 2.4649 1837.6 8.9683 4698.7 9.6707 "" "" 0.002805633195836213 0.00598858 0.004390589 0.010379169 250.78252424676 -48.07990732394 3015.13257 -0.649 -1.0389999999999997 -0.010999988555908224 0.04039994335174568 0.13329661 0.11929661 "" "" 0.5984046122607192 "" 0.07199717942627015 ""
250.75931452191 -47.87774104153 0.1011 0.0758 8.1823 "" "" 5942508921020655616 2861.13818 0.435 0.1219 -2.062 -5.612 0.142 0.121 2.535 "" "" 16.42854 1.531252 16.967447 15.436195 "" "" 2024.12439 7735.61182 5052.79135 3.9342 2230.7 9.1015 5304.9 13.321 "" "" 0.0028820909565966703 0.005235385 0.0046601277 0.009895513 250.75931452191 -47.87774104153 2861.13818 -2.062 -5.612 -1.423999988555908 -4.5326000566482545 0.21429661 0.19329661 "" "" 64.43242794779202 "" 12.582074155899782 ""
250.94118386613 -48.0165105869 0.052 0.0381 11.3701 "" "" 5939504741728115200 2850.59106 0.3251 0.061 -0.526 -5.157 0.066 0.061 0.945 "" "" 16.428621 1.680213 17.227402 15.547189 "" "" 2454.92432 3426.14136 5052.40635 2.6977 1755.7 9.66 4789.4 10.435 "" "" 0.002815646787100364 0.0065932847 0.00445866 0.011051944 250.94118386613 -48.0165105869 2850.59106 -0.5260000000000007 -5.156999999999999 0.11200001144409177 -4.077600056648254 0.1382966 0.13329661 "" "" 55.116502463306865 "" 7.347054522151155 ""
250.78793343468 -47.91119488089 0.0468 0.035 7.2723 "" "" 5942508607494562560 2967.59277 0.3013 0.0556 -2.327 -3.343 0.066 0.056 1.072 "" "" 16.429514 2.336936 17.669195 15.332259 "" "" 2552.57202 3510.68286 5048.25612 3.1931 1168.8 10.285 5837.9 9.7208 "" "" 0.002839614049938753 0.009953154 0.0041895295 0.014142684 250.78793343468 -47.91119488089 2967.59277 -2.327 -3.343 -1.6889999885559082 -2.2636000566482544 0.1382966 0.12829661 "" "" 39.72754436050954 "" 5.242448516115891 ""
250.48764198551 -48.12270339508 0.0445 0.0295 10.2349 "" "" 5941002246537084416 2857.52148 0.3397 0.0535 -1.976 -3.919 0.062 0.041 0.974 7989.0 4.0093 16.43237 2.110258 17.50378 15.393522 "" "" 2456.08594 3345.2168 5034.99546 2.5416 1361.1 6.589 5517.6 10.476 "" "" 0.0028092997557569925 0.005950663 0.004305025 0.010255688 250.48764198551 -48.12270339508 2857.52148 -1.976 -3.919 -1.3379999885559082 -2.8396000566482544 0.13429661 0.11329661 "" "" 42.517204544849164 "" 4.991162113070165 ""
250.75121171142 -48.13187351465 0.047 0.0308 8.9107 "" "" 5939497358714820224 2825.98657 0.3462 0.0528 0.254 -2.122 0.062 0.046 0.98 4774.5 3.5048 16.435627 2.241875 17.606018 15.364143 "" "" 2449.36328 3225.00244 5019.90863 2.6263 1238.8 6.614 5668.9 10.274 "" "" 0.00281326319879105 0.0064333333 0.0042609484 0.010694282 250.75121171142 -48.13187351465 2825.98657 0.254 -2.122 0.8920000114440918 -1.0426000566482543 0.13429661 0.11829661 "" "" 18.379621468367663 "" 2.303115187152745 ""
250.81874908422 -47.95150087204 0.0517 0.0344 6.945 "" "" 5939506086088099712 2804.24683 0.3467 0.0555 -2.457 -5.325 0.069 0.056 1.076 8297.3 4.2939 16.435816 1.558763 17.156347 15.597584 "" "" 2422.58423 3233.27148 5019.03959 2.7384 1874.5 7.2093 4572.2 10.986 "" "" 0.002818280280451101 0.005022125 0.00459233 0.009614455 250.81874908422 -47.95150087204 2804.24683 -2.4570000000000003 -5.325000000000001 -1.818999988555908 -4.245600056648255 0.14129661 0.12829661 "" "" 61.394506301865256 "" 8.005707412141023 ""
250.78218133528 -48.11972823289 0.0466 0.03 8.8759 "" "" 5939497564873253248 2778.62329 0.3474 0.0527 -1.608 -1.978 0.061 0.046 1.034 6511.1 4.0368 16.438251 1.643782 17.21705 15.573269 "" "" 2451.75562 3214.49341 5007.79145 2.3988 1772.5 9.0854 4675.7 8.9775 "" "" 0.002803974862283983 0.0062254868 0.0043161893 0.010541676 250.78218133528 -48.11972823289 2778.62329 -1.6079999999999997 -1.9780000000000013 -0.9699999885559083 -0.8986000566482544 0.13329661 0.11829661 "" "" 17.41510837816058 "" 2.2045786063404402 ""
250.68661594627 -48.19142556173 0.0451 0.0308 11.7402 "" "" 5940997951569883520 2907.56519 0.3461 0.0556 -2.214 -3.748 0.058 0.043 1.029 "" "" 16.438986 1.795373 17.30953 15.514157 "" "" 2526.59814 3636.0625 5004.40823 2.4965 1627.8 6.0559 4937.4 7.4329 "" "" 0.002808051466462875 0.0049092444 0.0041176826 0.009026927 250.68661594627 -48.19142556173 2907.56519 -2.214 -3.748 -1.5759999885559082 -2.6686000566482546 0.13029662 0.11529662 "" "" 42.713096692834746 "" 5.098075423871702 ""
250.80478701612 -48.02178671682 0.0455 0.0312 6.0242 "" "" 5939499587767359360 2780.06836 0.3579 0.051 -2.566 -4.469 0.063 0.048 1.008 7975.1 4.2867 16.439249 1.443739 17.097166 15.653427 "" "" 2421.23682 3496.17188 5003.1957 2.3528 1979.5 8.7241 4343.0 8.4947 "" "" 0.002802227495923548 0.0055391393 0.0043351594 0.009874299 250.80478701612 -48.02178671682 2780.06836 -2.566 -4.469000000000001 -1.927999988555908 -3.3896000566482547 0.13529661 0.12029661 "" "" 51.38655286838704 "" 6.378653944189301 ""
250.80767531274 -47.86643515728 0.0461 0.0332 9.8218 "" "" 5942509157245477376 2693.15015 0.355 0.0547 1.655 -0.993 0.068 0.055 1.033 "" "" 16.442078 1.897914 17.386604 15.48869 "" "" 2331.63721 3121.18604 4990.17031 2.6098 1516.3 8.3742 5054.5 9.6422 "" "" 0.0028132218354824604 0.0066136615 0.00430971 0.010923372 250.80767531274 -47.86643515728 2693.15015 1.6550000000000002 -0.9929999999999999 2.293000011444092 0.08639994335174561 0.14029661 0.12729661 "" "" 29.292136330233276 "" 4.10907247532105 ""
250.44959198241 -47.82298258043 0.0504 0.0327 13.4084 "" "" 5942519538210341888 3120.18262 0.3106 0.0628 -2.529 -2.904 0.067 0.049 1.102 15010.3 4.2559 16.442888 2.48462 17.788198 15.303578 "" "" 2633.08984 3721.18774 4986.44764 2.9819 1047.5 8.0614 5994.1 10.001 "" "" 0.0028307847776528126 0.008809206 0.0041911025 0.013000309 250.44959198241 -47.82298258043 3120.18262 -2.529 -2.904 -1.8909999885559081 -1.8246000566482543 0.13929662 0.121296614 "" "" 38.863477024916875 "" 5.088297415508871 ""
250.71337019346 -47.76848064875 0.0438 0.0362 13.8574 "" "" 5942510604677547392 2709.22314 0.3731 0.054 -2.758 -4.69 0.064 0.056 0.986 "" "" 16.443739 1.626979 17.214884 15.587905 "" "" 2368.01636 3146.84033 4982.54338 2.5913 1776.1 8.2609 4613.1 9.2342 "" "" 0.0028125852961983114 0.0057694637 0.0043597245 0.010129188 250.71337019346 -47.76848064875 2709.22314 -2.758 -4.69 -2.119999988555908 -3.610600056648255 0.13629662 0.12829661 "" "" 53.76806295321282 "" 7.011053114247856 ""
250.72016013027 -47.92404064241 0.0445 0.0347 4.9889 "" "" 5942502942455198720 2892.14062 0.3265 0.0589 -1.64 0.671 0.063 0.054 0.984 "" "" 16.443876 1.582995 17.184607 15.601611 "" "" 2439.70605 3504.55811 4981.91192 2.5368 1826.3 7.5229 4555.3 7.5785 "" "" 0.0028102388850279295 0.0052713486 0.004188849 0.009460198 250.72016013027 -47.92404064241 2892.14062 -1.6400000000000006 0.6709999999999997 -1.001999988555908 1.7503999433517456 0.13529661 0.12629661 "" "" 27.649233183740865 "" 3.555041043929826 ""
250.7541304839 -48.02288942428 0.1157 0.0771 4.1127 "" "" 5942501945993362944 3241.5105 0.3094 0.1306 -2.986 -6.813 0.153 0.12 2.942 4739.6 3.4284 16.445404 2.873374 18.052467 15.179093 "" "" 2419.91064 4427.26807 4974.9057 6.661 821.16 8.3058 6722.3 12.565 "" "" 0.003115296557896386 0.01133082 0.0042897803 0.0156206 250.7541304839 -48.02288942428 3241.5105 -2.9860000000000015 -6.812999999999997 -2.3479999885559084 -5.733600056648254 0.22529662 0.19229661 "" "" 95.19615515923724 "" 18.78939773778783 ""
