Clusters/UBC_668/UBC_668_stars_in_region.tsv
# %ECSV 1.0
# ---
# datatype:
# - name: RA_ICRS_1
#   unit: deg
#   datatype: float64
#   format: '{:15.11f}'
#   description: Right ascension (ICRS) at Ep=2016.0 (ra)
#   meta: !!omap
#   - {ucd: POS_EQ_RA_MAIN}
#   - {width: 15}
#   - {precision: '11'}
# - name: DE_ICRS_1
#   unit: deg
#   datatype: float64
#   format: '{:15.11f}'
#   description: Declination (ICRS) at Ep=2016.0 (dec)
#   meta: !!omap
#   - {ucd: POS_EQ_DEC_MAIN}
#   - {width: 15}
#   - {precision: '11'}
# - name: e_RA_ICRS
#   unit: mas
#   datatype: float64
#   format: '{:7.4f}'
#   description: Standard error of right ascension (ra_error)
#   meta: !!omap
#   - {ucd: ERROR}
#   - {width: 7}
#   - {precision: '4'}
# - name: e_DE_ICRS
#   unit: mas
#   datatype: float64
#   format: '{:7.4f}'
#   description: Standard error of declination (dec_error)
#   meta: !!omap
#   - {ucd: ERROR}
#   - {width: 7}
#   - {precision: '4'}
# - name: _r_1
#   unit: ''
#   datatype: float64
#   format: '{:7.4f}'
#   description: Distance from center (250.65951104000-47.99659562000)[ICRS], at Epoch=J2016.0
#   meta: !!omap
#   - {ucd: POS_ANG_DIST_GENERAL}
#   - {width: 7}
#   - {precision: '4'}
# - name: HIP
#   datatype: int32
#   description: '? HIP cross-id number, van Leeuwen, Cat. I/311 (hip_original_ext_source_id)'
#   meta: !!omap
#   - {ucd: ID_NUMBER}
#   - {width: 6}
#   - values: {'null': -2147483648}
# - name: TYC2
#   datatype: string
#   description: Tycho-2 cross-id name, Hog et al., Cat. I/259 (tyc2_original_ext_source_id)
#   meta: !!omap
#   - {ucd: ID_CROSSID}
#   - {_votable_string_dtype: char}
# - name: Source
#   datatype: int64
#   description: Source identifier, identical to the Gaia-EDR3 source_id (id)
#   meta: !!omap
#   - {ucd: ID_MAIN}
#   - {width: 19}
# - name: rgeo
#   unit: pc
#   datatype: float64
#   format: '{:15.8f}'
#   description: '? Median of the geometric distance posterior (r_med_geo)'
#   meta: !!omap
#   - {ucd: PHYS_DISTANCE_TRUE}
#   - {width: 15}
#   - {precision: '8'}
#   - values: {'null': .nan}
# - name: Plx
#   unit: mas
#   datatype: float64
#   format: '{:9.4f}'
#   description: '? Parallax (parallax)'
#   meta: !!omap
#   - {ucd: POS_PARLX_TRIG}
#   - {width: 9}
#   - {precision: '4'}
#   - values: {'null': .nan}
# - name: e_Plx
#   unit: mas
#   datatype: float32
#   format: '{:7.4f}'
#   description: '? Standard error of parallax (parallax_error)'
#   meta: !!omap
#   - {ucd: ERROR}
#   - {width: 7}
#   - {precision: '4'}
#   - values: {'null': .nan}
# - name: pmRA
#   unit: mas / yr
#   datatype: float64
#   format: '{:9.3f}'
#   description: '? Proper motion in right ascension direction, pmRA*cosDE (pmra)'
#   meta: !!omap
#   - {ucd: POS_EQ_PMRA}
#   - {width: 9}
#   - {precision: '3'}
#   - values: {'null': .nan}
# - name: pmDE
#   unit: mas / yr
#   datatype: float64
#   format: '{:9.3f}'
#   description: '? Proper motion in declination direction (pmdec)'
#   meta: !!omap
#   - {ucd: POS_EQ_PMDEC}
#   - {width: 9}
#   - {precision: '3'}
#   - values: {'null': .nan}
# - name: e_pmRA
#   unit: mas / yr
#   datatype: float32
#   format: '{:6.3f}'
#   description: '? Standard error of proper motion in right ascension direction (pmra_error)'
#   meta: !!omap
#   - {ucd: ERROR}
#   - {width: 6}
#   - {precision: '3'}
#   - values: {'null': .nan}
# - name: e_pmDE
[...]
#         value: !astropy.table.SerializedColumn {name: SkyCoord.dec}
#       distance: !astropy.table.SerializedColumn
#         __class__: astropy.coordinates.distances.Distance
#         unit: !astropy.units.Unit {unit: pc}
#         value: !astropy.table.SerializedColumn {name: SkyCoord.distance}
#       frame: icrs
#       obstime: !astropy.time.Time {format: jyear_str, in_subfmt: '*', jd1: 367701545.0, jd2: 0.0, out_subfmt: '*', precision: 3, scale: tt}
#       pm_dec: !astropy.table.SerializedColumn
#         __class__: astropy.units.quantity.Quantity
#         unit: !astropy.units.Unit {unit: mas / yr}
#         value: !astropy.table.SerializedColumn {name: SkyCoord.pm_dec}
#       pm_ra_cosdec: !astropy.table.SerializedColumn
#         __class__: astropy.units.quantity.Quantity
#         unit: !astropy.units.Unit {unit: mas / yr}
#         value: !astropy.table.SerializedColumn {name: SkyCoord.pm_ra_cosdec}
#       ra: !astropy.table.SerializedColumn
#         __class__: astropy.coordinates.angles.Longitude
#         unit: *id001
#         value: !astropy.table.SerializedColumn {name: SkyCoord.ra}
#         wrap_angle: !astropy.coordinates.Angle
#           unit: *id001
#           value: 360.0
#       representation_type: spherical
# schema: astropy-2.0
RA_ICRS_1 DE_ICRS_1 e_RA_ICRS e_DE_ICRS _r_1 HIP TYC2 Source rgeo Plx e_Plx pmRA pmDE e_pmRA e_pmDE RUWE Teff logg Gmag BP-RP BPmag RPmag RV e_RV b_rgeo B_rgeo FG e_FG FBP e_FBP FRP e_FRP RAVE5 RAVE6 e_Gmag e_BPmag e_RPmag e_BP-RP SkyCoord.ra SkyCoord.dec SkyCoord.distance SkyCoord.pm_ra_cosdec SkyCoord.pm_dec rmRA rmDE e_rmRA e_rmDE rRV e_rRV v_pec v_pec3d e_vpec e_vpec3d
[from data line 494]
250.58018327303 -48.06638189045 0.0456 0.0314 5.2596 "" "" 5940999875715315840 2858.96631 0.3424 0.0553 -2.03 -2.086 0.062 0.044 0.948 "" "" 16.511662 1.532079 17.21293 15.680852 "" "" 2487.95483 3361.24927 4680.38817 2.239 1779.3 8.6983 4234.6 8.7468 "" "" 0.002803847183995677 0.005996427 0.0043946784 0.010391105 250.58018327303 -48.06638189045 2858.96631 -2.0299999999999994 -2.086 -1.391999988555908 -1.0066000566482542 0.13429661 0.11629661 "" "" 23.279046504412552 "" 2.9890479520905915 ""
250.78900812914 -48.16031717401 0.1135 0.0542 11.1106 "" "" 5939496980757682432 3311.43408 0.3165 0.0894 0.457 1.449 0.25 0.151 0.908 "" "" 16.511845 "" "" "" "" "" 2509.91577 4482.79395 4679.5985 3.6204 "" "" "" "" "" "" 0.0028805149755533363 "" "" "" 250.78900812914 -48.16031717401 3311.43408 0.45699999999999996 1.449000000000001 1.0950000114440919 2.5283999433517454 0.32229662 0.22329661 "" "" 43.24816947150733 "" 10.450685590217509 ""
250.74941583735 -48.09141854695 0.0537 0.0338 6.7361 "" "" 5939497839729934720 2725.11914 0.3873 0.0597 -0.88 -2.249 0.069 0.051 1.022 "" "" 16.515932 1.61697 17.129711 15.512741 "" "" 2271.38965 3465.09302 4662.02043 2.6044 1921.0 44.283 4943.8 95.127 "" "" 0.0028212900183484007 0.025183493 0.021230489 0.04641398 250.74941583735 -48.09141854695 2725.11914 -0.8800000000000003 -2.2490000000000014 -0.2419999885559082 -1.1696000566482545 0.14129661 0.12329661 "" "" 15.427801044505724 "" 1.914389259853635 ""
250.93634093922 -47.90105771214 0.1076 0.0852 12.5151 "" "" 5939507185577461888 3141.4126 0.3992 0.1365 -0.327 -2.397 0.154 0.123 2.5 5292.0 4.7512 16.52079 1.508911 17.063597 15.554686 "" "" 2312.68896 4136.50146 4641.20327 4.2169 2041.6 11.621 4756.5 11.451 "" "" 0.0029265895580012752 0.00678078 0.004595207 0.011375987 250.93634093922 -47.90105771214 3141.4126 -0.32699999999999996 -2.3969999999999994 0.3110000114440918 -1.3176000566482542 0.2262966 0.19529662 "" "" 20.15857296198107 "" 3.972337334675882 ""
250.40332882277 -47.96343726205 0.0448 0.0289 10.4797 "" "" 5941004308121633920 2759.12158 0.3348 0.0569 -4.352 -5.246 0.061 0.042 0.991 7486.4 3.5198 16.52296 2.361142 17.776505 15.415362 "" "" 2500.28027 3141.76196 4631.93406 2.3197 1058.8 7.0781 5407.7 9.9595 "" "" 0.0028084597103651588 0.0077759926 0.0042757737 0.012051767 250.40332882277 -47.96343726205 2759.12158 -4.352 -5.246 -3.7139999885559085 -4.166600056648255 0.13329661 0.114296615 "" "" 72.9975930792312 "" 8.983914003292632 ""
250.49908226427 -47.92556862832 0.0471 0.0332 7.7271 "" "" 5942505794313751168 2767.06128 0.3322 0.0602 -1.649 -3.752 0.064 0.046 1.06 8005.8 3.6071 16.524654 2.870473 18.169775 15.299302 "" "" 2366.80664 3293.8606 4624.71585 2.8623 737.07 6.9055 6017.8 8.6957 "" "" 0.002836078708025123 0.01054783 0.004092081 0.01463991 250.49908226427 -47.92556862832 2767.06128 -1.649 -3.752 -1.0109999885559082 -2.672600056648254 0.13629662 0.11829661 "" "" 37.477695140126976 "" 4.523445759817379 ""
250.96648180564 -48.02250257241 0.1053 0.0866 12.4196 "" "" 5939504673006759040 3563.77002 0.3264 0.1324 -3.148 -6.196 0.145 0.135 2.695 "" "" 16.529518 2.371176 17.65593 15.284754 "" "" 2446.55542 6210.86719 4604.04327 5.7351 1183.2 8.3325 6099.0 15.145 "" "" 0.0030693565620887706 0.008139306 0.004642483 0.012781789 250.96648180564 -48.02250257241 3563.77002 -3.1480000000000015 -6.196 -2.5099999885559083 -5.116600056648254 0.2172966 0.20729661 "" "" 96.27066907035729 "" 20.14691620995088 ""
250.89364402604 -47.82517697844 0.0462 0.0358 13.9444 "" "" 5939508383861184640 3298.13843 0.314 0.0612 -1.475 -2.462 0.071 0.058 1.046 7133.4 4.3364 16.530195 1.395395 17.153236 15.757841 "" "" 2827.44165 4009.646 4601.17677 2.4538 1879.8 7.3626 3944.8 11.036 "" "" 0.002815502630594349 0.0050861347 0.0048487014 0.009934836 250.89364402604 -47.82517697844 3298.13843 -1.4749999999999999 -2.4619999999999997 -0.8369999885559083 -1.3826000566482546 0.14329661 0.13029662 "" "" 25.266578501888596 "" 3.383373616689756 ""
250.41731978502 -48.00039007977 0.0463 0.0316 9.7264 "" "" 5941004136322930944 2818.89404 0.3376 0.0581 -2.215 -3.818 0.064 0.045 1.048 "" "" 16.53057 1.629058 17.287605 15.658547 "" "" 2465.1311 3238.25537 4599.59066 2.4538 1661.0 6.8877 4322.5 8.9947 "" "" 0.0028155437000512017 0.0052967197 0.0044032047 0.009699924 250.41731978502 -48.00039007977 2818.89404 -2.215 -3.8180000000000023 -1.576999988555908 -2.7386000566482545 0.13629662 0.117296614 "" "" 42.22518464060292 "" 5.164321723276588 ""
250.43576172364 -47.87616526757 0.0599 0.0408 11.5372 "" "" 5942506137886639744 2873.09497 0.3409 0.0761 -0.967 -2.118 0.081 0.057 1.379 6139.5 4.5042 16.530586 1.463624 17.07616 15.612536 "" "" 2411.1748 3709.60767 4599.51566 3.7947 2018.1 8.9708 4509.7 14.526 "" "" 0.0028972690324804784 0.00557477 0.0051491996 0.010723969 250.43576172364 -47.87616526757 2873.09497 -0.9670000000000004 -2.118 -0.3289999885559082 -1.0386000566482543 0.15329662 0.12929662 "" "" 14.836828364711293 "" 1.9535159155261144 ""
250.48811897206 -48.16068461034 0.048 0.0319 12.0056 "" "" 5941000562909880448 2647.18164 0.3726 0.0581 1.273 -0.753 0.065 0.044 0.943 "" "" 16.534248 2.02871 17.563318 15.534608 "" "" 2297.13965 3093.53418 4584.02927 2.1406 1288.5 6.2044 4845.2 9.4617 "" "" 0.002801578784720605 0.0059260055 0.0043334835 0.010259489 250.48811897206 -48.16068461034 2647.18164 1.2729999999999997 -0.7530000000000006 1.9110000114440917 0.3263999433517456 0.13729662 0.11629661 "" "" 24.325788839337232 "" 3.326448764195508 ""
250.98588399018 -47.95954907881 0.0479 0.0375 13.2958 "" "" 5939505330173702272 2773.78369 0.3537 0.0604 -2.95 -3.793 0.07 0.058 1.005 6749.3 4.0669 16.535599 2.129118 17.629997 15.500879 "" "" 2373.20532 3198.69116 4578.33166 2.8552 1211.8 6.4318 4998.1 12.921 "" "" 0.002837297211110267 0.0064026355 0.004707653 0.011110289 250.98588399018 -47.95954907881 2773.78369 -2.95 -3.7930000000000037 -2.3119999885559084 -2.7136000566482545 0.14229661 0.13029662 "" "" 46.8712025006709 "" 6.349798730178414 ""
250.52717690026 -47.85224953253 0.2865 0.2095 10.1646 "" "" 5942507576697534336 3491.61865 0.5126 0.3607 -2.081 -5.322 0.384 0.297 6.468 "" "" 16.537476 1.646453 17.177597 15.531144 "" "" 2210.48584 5264.44189 4570.42309 14.23 1838.1 7.3535 4860.7 8.8075 "" "" 0.004361093865113958 0.005162544 0.0042607663 0.00942331 250.52717690026 -47.85224953253 3491.61865 -2.081 -5.322 -1.4429999885559082 -4.2426000566482545 0.45629662 0.3692966 "" "" 74.16646706344757 "" 28.127336364768215 ""
250.76403607548 -48.18447579852 0.054 0.0326 12.026 "" "" 5937995803794215936 3111.28394 0.3107 0.0569 -4.678 -2.86 0.073 0.051 1.031 "" "" 16.539848 1.754966 17.377893 15.622928 "" "" 2630.56934 3641.84473 4560.44877 2.5149 1528.5 7.5656 4466.7 15.173 "" "" 0.002819623666064168 0.006055207 0.0052807387 0.011335946 250.76403607548 -48.18447579852 3111.28394 -4.6780000000000035 -2.860000000000001 -4.039999988555908 -1.7806000566482543 0.1452966 0.12329661 "" "" 65.11000228038786 "" 9.242399474965612 ""
250.63683182357 -48.12224783327 0.0472 0.0316 7.5938 "" "" 5940998810563384960 2785.40454 0.3365 0.058 -1.665 -5.046 0.065 0.046 0.997 8492.1 4.0029 16.54106 2.214952 17.662828 15.447876 "" "" 2387.07861 3174.29688 4555.36159 2.8465 1175.7 13.396 5248.2 13.464 "" "" 0.0028376174346316577 0.012681694 0.0046949117 0.017376605 250.63683182357 -48.12224783327 2785.40454 -1.665000000000001 -5.046000000000003 -1.0269999885559082 -3.9666000566482547 0.13729662 0.11829661 "" "" 54.09715720161455 "" 6.468893140184684 ""
250.8107848345 -47.90417847405 0.0495 0.036 8.2282 "" "" 5942508680532000640 3030.96729 0.3006 0.0585 -1.104 -0.652 0.068 0.059 1.083 6961.2 4.0923 16.541084 2.196414 17.683767 15.487353 "" "" 2622.1748 3797.17896 4555.26234 2.3401 1153.2 7.6266 5060.8 13.876 "" "" 0.0028112066271211334 0.007703484 0.004811016 0.0125145 250.8107848345 -47.90417847405 3030.96729 -1.104 -0.6520000000000004 -0.4659999885559083 0.4273999433517456 0.14029661 0.1312966 "" "" 9.084384088048528 "" 1.2378246286930599 ""
250.72437795105 -47.92524716522 0.0478 0.0375 5.0119 "" "" 5942502942455196288 3040.72339 0.3203 0.0605 -3.105 -4.574 0.068 0.053 1.064 "" "" 16.54197 1.870395 17.46439 15.593995 "" "" 2590.79517 3752.49902 4551.54652 2.5803 1411.4 8.5673 4587.3 10.155 "" "" 0.0028232326683418885 0.007156794 0.004478908 0.011635702 250.72437795105 -47.92524716522 3040.72339 -3.1050000000000004 -4.573999999999996 -2.466999988555908 -3.4946000566482542 0.14029661 0.12529661 "" "" 61.65394175694534 "" 8.044433598871729 ""
250.9417774334 -47.88733330411 0.0496 0.0402 13.103 "" "" 5939507219959464704 3263.04883 0.3033 0.0618 0.844 -5.92 0.071 0.058 0.963 4816.0 4.121 16.543507 2.073147 17.60965 15.536503 "" "" 2703.22021 4252.56299 4545.10555 5.3247 1234.7 8.8901 4836.8 15.625 "" "" 0.0030347465308416667 0.008300531 0.005156126 0.013456657 250.9417774334 -47.88733330411 3263.04883 0.8439999999999999 -5.920000000000002 1.4820000114440917 -4.840600056648254 0.14329661 0.13029662 "" "" 78.29914313301693 "" 10.293291995567877 ""
250.94417514129 -48.05213757208 0.0499 0.0366 11.8994 "" "" 5939498733103816576 3054.51318 0.3123 0.058 -2.477 -4.153 0.069 0.057 0.988 7050.1 4.037 16.543873 2.225298 17.706493 15.481195 "" "" 2604.78833 3659.61035 4543.57405 2.4686 1129.3 8.9765 5089.6 8.3468 "" "" 0.002817759719698996 0.009070048 0.00417782 0.013247868 250.94417514129 -48.05213757208 3054.51318 -2.4770000000000003 -4.1530000000000005 -1.838999988555908 -3.073600056648254 0.14129661 0.12929662 "" "" 51.85799275812957 "" 6.874580155508959 ""
250.64398343142 -47.97981622015 0.0454 0.0314 1.1842 "" "" 5942501602425394304 2806.52759 0.3442 0.0572 -3.285 -4.728 0.061 0.045 0.953 6330.7 4.0885 16.545986 1.910434 17.494768 15.584334 "" "" 2438.08154 3324.04614 4534.74081 2.1925 1372.5 6.0191 4628.3 8.876 "" "" 0.00280488033501949 0.0055187773 0.0043150014 0.009833779 250.64398343142 -47.97981622015 2806.52759 -3.285000000000001 -4.728 -2.6469999885559083 -3.648600056648254 0.13329661 0.117296614 "" "" 59.964975597054035 "" 7.378640214656782 ""
250.45646674211 -48.01041731756 0.0436 0.0294 8.1933 "" "" 5941003964524230016 3168.68457 0.3044 0.0573 -2.267 -4.509 0.065 0.043 0.997 9437.6 3.8973 16.54688 1.586018 17.267452 15.681435 "" "" 2656.46484 3885.51123 4531.00711 2.5705 1692.1 6.6642 4232.4 12.891 "" "" 0.002823329022905641 0.005105874 0.0050218995 0.0101277735 250.45646674211 -48.01041731756 3168.68457 -2.2670000000000017 -4.509 -1.628999988555908 -3.4296000566482547 0.13729662 0.11529662 "" "" 57.02649604133714 "" 6.823249337894228 ""
250.47378863588 -48.04117780786 0.0452 0.03 7.9191 "" "" 5941003071171011712 2883.32593 0.3301 0.0585 -2.546 -4.441 0.058 0.041 1.037 7970.5 3.2748 16.54886 2.766759 18.090918 15.324159 "" "" 2458.13794 3492.99927 4522.75011 2.7227 792.59 6.6246 5881.6 8.8218 "" "" 0.002831784061260352 0.009494019 0.004115303 0.013609322 250.47378863588 -48.04117780786 2883.32593 -2.5460000000000003 -4.441 -1.907999988555908 -3.3616000566482542 0.13029662 0.11329661 "" "" 52.8274052903784 "" 6.215955256377523 ""
250.91177348638 -47.98975265272 0.0591 0.0466 10.1374 "" "" 5939504947908270208 3395.71558 0.3002 0.0731 -2.744 -4.469 0.091 0.072 1.221 9527.9 4.1859 16.549255 1.850745 17.388285 15.537539 "" "" 2833.41284 4194.80176 4521.10131 4.4699 1513.9 9.6678 4832.2 13.961 "" "" 0.0029570362587167326 0.007473886 0.0049115834 0.012385469 250.91177348638 -47.98975265272 3395.71558 -2.7440000000000007 -4.468999999999999 -2.1059999885559084 -3.3896000566482547 0.16329661 0.14429662 "" "" 64.23093575614416 "" 9.62376339317667 ""
250.65140147124 -47.77770901311 0.1827 0.0945 13.1372 "" "" 5942513456535856768 3577.84082 0.3338 0.1434 -1.602 -1.077 0.34 0.204 1.467 "" "" 16.549677 "" "" "" "" "" 2554.67578 5597.28857 4519.35059 6.4403 "" "" "" "" "" "" 0.003160016511150381 "" "" "" 250.65140147124 -47.77770901311 3577.84082 -1.602 -1.077 -0.9639999885559083 0.002399943351745648 0.41229662 0.27629662 "" "" 16.348493198514603 "" 6.7404170291351315 ""
250.48908686739 -47.90499760329 0.045 0.0317 8.7812 "" "" 5942505966112459392 2732.8894 0.3531 0.0592 -1.806 -3.272 0.061 0.044 0.981 "" "" 16.553003 1.556885 17.271427 15.714542 "" "" 2391.26196 3109.32959 4505.52253 2.3035 1686.0 7.7015 4105.3 12.521 "" "" 0.0028106796186161452 0.0056905323 0.005024882 0.010715414 250.48908686739 -47.90499760329 2732.8894 -1.806 -3.272000000000001 -1.1679999885559083 -2.192600056648254 0.13329661 0.11629661 "" "" 32.18129150817894 "" 3.8701681840377304 ""
250.99166766809 -48.06997124991 0.056 0.0448 14.0351 "" "" 5939495739480406784 3279.93457 0.3012 0.0717 -2.374 -3.371 0.076 0.069 1.146 4808.6 3.5048 16.557352 2.550391 17.894667 15.344275 "" "" 2773.70483 4138.25195 4487.51378 4.0168 949.62 10.217 5773.6 26.268 "" "" 0.002921691218738616 0.012010079 0.0062197116 0.01822979 250.99166766809 -48.06997124991 3279.93457 -2.3739999999999997 -3.3710000000000004 -1.7359999885559083 -2.2916000566482544 0.14829661 0.14129661 "" "" 44.695961241405 "" 6.431232949660788 ""
250.90686071889 -48.07219094476 0.0546 0.0385 10.9113 "" "" 5939498664384338944 3010.48071 0.3062 0.0621 -4.423 -7.603 0.074 0.062 1.025 4659.0 2.7687 16.557793 3.069323 18.355404 15.286081 "" "" 2577.91919 3773.27368 4485.69635 2.9161 621.23 5.5483 6091.5 12.697 "" "" 0.002844288647929304 0.010090315 0.004405143 0.014495458 250.90686071889 -48.07219094476 3010.48071 -4.423 -7.603 -3.7849999885559082 -6.523600056648254 0.14629662 0.13429661 "" "" 107.62363615976088 "" 14.7893810223394 ""
250.87889086108 -48.18769377978 0.0477 0.0321 14.4486 "" "" 5939496014351786880 3077.22656 0.3145 0.0581 -2.809 -2.48 0.066 0.05 0.94 8177.8 4.3294 16.559813 1.52957 17.262882 15.733313 "" "" 2616.54199 3799.5061 4477.35909 2.2385 1699.3 5.1706 4034.9 8.5273 "" "" 0.002808282017220494 0.0043242583 0.004421405 0.008745663 250.87889086108 -48.18769377978 3077.22656 -2.809 -2.479999999999999 -2.1709999885559084 -1.4006000566482544 0.1382966 0.12229662 "" "" 37.68433832640771 "" 5.041903570034156 ""
250.84486842458 -47.98115212131 0.0523 0.0375 7.5008 "" "" 5939499935694869632 2809.76611 0.3361 0.0599 -2.775 -2.935 0.075 0.059 1.021 5128.4 3.2439 16.560402 2.540059 17.947723 15.407664 "" "" 2379.40503 3461.14087 4474.92596 2.628 904.33 7.6993 5446.2 15.812 "" "" 0.002828135814925677 0.009655678 0.0049214084 0.014577086 250.84486842458 -47.98115212131 2809.76611 -2.774999999999998 -2.9350000000000014 -2.136999988555908 -1.8556000566482544 0.14729661 0.1312966 "" "" 37.69340110885444 "" 5.30127332888478 ""
250.4471214812 -48.08537724666 0.0465 0.0326 10.0484 "" "" 5941002521415031424 3099.19678 0.3087 0.0591 -2.255 -4.11 0.061 0.043 1.044 9416.2 3.8313 16.56053 1.491991 17.223179 15.731188 "" "" 2707.6189 3882.53687 4474.40446 2.1869 1762.6 10.062 4042.8 9.4873 "" "" 0.002805956439459546 0.00679712 0.004558025 0.011355145 250.4471214812 -48.08537724666 3099.19678 -2.255 -4.11 -1.616999988555908 -3.0306000566482547 0.13329661 0.11529662 "" "" 50.460813477137044 "" 6.031046948863588 ""
250.66477834474 -47.94341736276 0.0502 0.0348 3.1977 "" "" 5942503213010684160 3086.91235 0.3201 0.0613 -0.92 -2.815 0.068 0.051 1.03 8038.1 3.7956 16.564651 1.879081 17.448692 15.569612 "" "" 2639.39258 3696.64795 4457.4473 3.2324 1432.0 7.6911 4691.5 34.055 "" "" 0.002865605712473847 0.006464503 0.008740558 0.015205061 250.66477834474 -47.94341736276 3086.91235 -0.9199999999999994 -2.8149999999999995 -0.28199998855590824 -1.7356000566482543 0.14029661 0.12329661 "" "" 25.72826807595789 "" 3.1842108247223986 ""
