Clusters/UBC_389/UBC_389_stars_in_region.tsv
# %ECSV 1.0
# ---
# datatype:
# - name: RA_ICRS_1
#   unit: deg
#   datatype: float64
#   format: '{:15.11f}'
#   description: Right ascension (ICRS) at Ep=2016.0 (ra)
#   meta: !!omap
#   - {ucd: POS_EQ_RA_MAIN}
#   - {width: 15}
#   - {precision: '11'}
# - name: DE_ICRS_1
#   unit: deg
#   datatype: float64
#   format: '{:15.11f}'
#   description: Declination (ICRS) at Ep=2016.0 (dec)
#   meta: !!omap
#   - {ucd: POS_EQ_DEC_MAIN}
#   - {width: 15}
#   - {precision: '11'}
# - name: e_RA_ICRS
#   unit: mas
#   datatype: float64
#   format: '{:7.4f}'
#   description: Standard error of right ascension (ra_error)
#   meta: !!omap
#   - {ucd: ERROR}
#   - {width: 7}
#   - {precision: '4'}
# - name: e_DE_ICRS
#   unit: mas
#   datatype: float64
#   format: '{:7.4f}'
#   description: Standard error of declination (dec_error)
#   meta: !!omap
#   - {ucd: ERROR}
#   - {width: 7}
#   - {precision: '4'}
# - name: _r_1
#   unit: ''
#   datatype: float64
#   format: '{:7.4f}'
#   description: Distance from center (338.34161319000+58.37330439000)[ICRS], at Epoch=J2016.0
#   meta: !!omap
#   - {ucd: POS_ANG_DIST_GENERAL}
#   - {width: 7}
#   - {precision: '4'}
# - name: HIP
#   datatype: int32
#   description: '? HIP cross-id number, van Leeuwen, Cat. I/311 (hip_original_ext_source_id)'
#   meta: !!omap
#   - {ucd: ID_NUMBER}
#   - {width: 6}
#   - values: {'null': -2147483648}
# - name: TYC2
#   datatype: string
#   description: Tycho-2 cross-id name, Hog et al., Cat. I/259 (tyc2_original_ext_source_id)
#   meta: !!omap
#   - {ucd: ID_CROSSID}
#   - {_votable_string_dtype: char}
# - name: Source
#   datatype: int64
#   description: Source identifier, identical to the Gaia-EDR3 source_id (id)
#   meta: !!omap
#   - {ucd: ID_MAIN}
#   - {width: 19}
# - name: rgeo
#   unit: pc
#   datatype: float64
#   format: '{:15.8f}'
#   description: '? Median of the geometric distance posterior (r_med_geo)'
#   meta: !!omap
#   - {ucd: PHYS_DISTANCE_TRUE}
#   - {width: 15}
#   - {precision: '8'}
#   - values: {'null': .nan}
# - name: Plx
#   unit: mas
#   datatype: float64
#   format: '{:9.4f}'
#   description: '? Parallax (parallax)'
#   meta: !!omap
#   - {ucd: POS_PARLX_TRIG}
#   - {width: 9}
#   - {precision: '4'}
#   - values: {'null': .nan}
# - name: e_Plx
#   unit: mas
#   datatype: float32
#   format: '{:7.4f}'
#   description: '? Standard error of parallax (parallax_error)'
#   meta: !!omap
#   - {ucd: ERROR}
#   - {width: 7}
#   - {precision: '4'}
#   - values: {'null': .nan}
# - name: pmRA
#   unit: mas / yr
#   datatype: float64
#   format: '{:9.3f}'
#   description: '? Proper motion in right ascension direction, pmRA*cosDE (pmra)'
#   meta: !!omap
#   - {ucd: POS_EQ_PMRA}
#   - {width: 9}
#   - {precision: '3'}
#   - values: {'null': .nan}
# - name: pmDE
#   unit: mas / yr
#   datatype: float64
#   format: '{:9.3f}'
#   description: '? Proper motion in declination direction (pmdec)'
#   meta: !!omap
#   - {ucd: POS_EQ_PMDEC}
#   - {width: 9}
#   - {precision: '3'}
#   - values: {'null': .nan}
# - name: e_pmRA
#   unit: mas / yr
#   datatype: float32
#   format: '{:6.3f}'
#   description: '? Standard error of proper motion in right ascension direction (pmra_error)'
#   meta: !!omap
#   - {ucd: ERROR}
#   - {width: 6}
#   - {precision: '3'}
#   - values: {'null': .nan}
# - name: e_pmDE
[...]
#         value: !astropy.table.SerializedColumn {name: SkyCoord.dec}
#       distance: !astropy.table.SerializedColumn
#         __class__: astropy.coordinates.distances.Distance
#         unit: !astropy.units.Unit {unit: pc}
#         value: !astropy.table.SerializedColumn {name: SkyCoord.distance}
#       frame: icrs
#       obstime: !astropy.time.Time {format: jyear_str, in_subfmt: '*', jd1: 367701545.0, jd2: 0.0, out_subfmt: '*', precision: 3, scale: tt}
#       pm_dec: !astropy.table.SerializedColumn
#         __class__: astropy.units.quantity.Quantity
#         unit: !astropy.units.Unit {unit: mas / yr}
#         value: !astropy.table.SerializedColumn {name: SkyCoord.pm_dec}
#       pm_ra_cosdec: !astropy.table.SerializedColumn
#         __class__: astropy.units.quantity.Quantity
#         unit: !astropy.units.Unit {unit: mas / yr}
#         value: !astropy.table.SerializedColumn {name: SkyCoord.pm_ra_cosdec}
#       ra: !astropy.table.SerializedColumn
#         __class__: astropy.coordinates.angles.Longitude
#         unit: *id001
#         value: !astropy.table.SerializedColumn {name: SkyCoord.ra}
#         wrap_angle: !astropy.coordinates.Angle
#           unit: *id001
#           value: 360.0
#       representation_type: spherical
# schema: astropy-2.0
RA_ICRS_1 DE_ICRS_1 e_RA_ICRS e_DE_ICRS _r_1 HIP TYC2 Source rgeo Plx e_Plx pmRA pmDE e_pmRA e_pmDE RUWE Teff logg Gmag BP-RP BPmag RPmag RV e_RV b_rgeo B_rgeo FG e_FG FBP e_FBP FRP e_FRP RAVE5 RAVE6 e_Gmag e_BPmag e_RPmag e_BP-RP SkyCoord.ra SkyCoord.dec SkyCoord.distance SkyCoord.pm_ra_cosdec SkyCoord.pm_dec rmRA rmDE e_rmRA e_rmDE rRV e_rRV v_pec v_pec3d e_vpec e_vpec3d
[from data line 283]
338.71523735581 58.14779333806 0.0251 0.0253 17.9485 "" "" 2007950953821405312 2554.30396 0.3761 0.031 5.772 -0.123 0.031 0.032 1.056 8582.2 4.2084 15.714225 0.955299 16.101088 15.145788 "" "" 2368.67383 2738.47974 9755.6628 4.1005 4954.3 12.082 6931.8 15.144 "" "" 0.00279285709578099 0.0038465247 0.004462087 0.008308612 338.71523735581 58.14779333806 2554.30396 5.771999999999999 -0.12300000000000008 9.134809419631958 3.315571453094482 0.10499203 0.105992034 "" "" 117.6586200727546 "" 12.366971240941718 ""
337.85811290099 58.37377708595 0.0252 0.0246 15.2122 "" "" 2008001703156345088 2014.1488 0.483 0.0298 -0.662 -1.756 0.035 0.031 0.958 8174.8 4.1266 15.721752 1.131161 16.197868 15.066708 "" "" 1880.62268 2153.90552 9688.26613 4.0478 4531.8 11.582 7455.5 12.293 "" "" 0.0027924121045271116 0.0039350674 0.0041819373 0.008117005 337.85811290099 58.37377708595 2014.1488 -0.6620000000000003 -1.756 2.700809419631958 1.6825714530944824 0.108992025 0.10499203 "" "" 30.379203192740228 "" 3.2775688437691275 ""
338.76922530583 58.52255719136 0.0258 0.0235 16.1381 "" "" 2008018986105648256 1843.38611 0.525 0.0278 -3.92 -3.813 0.034 0.03 0.977 7554.0 4.0427 15.721755 1.345451 16.3187 14.973249 "" "" 1739.35059 1930.245 9688.23797 3.1807 4054.5 9.5346 8125.7 11.218 "" "" 0.002778281504144838 0.0037820654 0.004065771 0.007847836 338.76922530583 58.52255719136 1843.38611 -3.919999999999999 -3.8130000000000015 -0.5571905803680419 -0.37442854690551775 0.10799203 0.10399203 "" "" 5.86567820014355 "" 0.626241608572563 ""
338.20236035679 58.11566579942 0.0242 0.0222 16.0716 "" "" 2007956515789654784 2244.05542 0.4282 0.0281 0.074 -1.218 0.032 0.027 1.01 6594.5 4.0369 15.726439 1.291085 16.29367 15.002585 "" "" 2132.68433 2358.33545 9646.52495 3.2358 4149.1 9.8416 7909.0 8.2484 "" "" 0.00277928553344542 0.0037970345 0.0039453637 0.0077423984 338.20236035679 58.11566579942 2244.05542 0.07400000000000007 -1.217999999999999 3.436809419631958 2.2205714530944825 0.105992034 0.10099203 "" "" 43.523451260255364 "" 4.55012903942569 ""
338.72590125137 58.40641759498 0.0232 0.0228 12.2474 "" "" 2007970332714091520 2354.64868 0.3965 0.028 -6.317 -4.832 0.034 0.029 0.972 7151.7 4.0152 15.726584 1.593626 16.462132 14.868505 "" "" 2193.73804 2549.45923 9645.2405 3.3082 3552.7 14.038 8948.6 14.295 "" "" 0.0027803717173262845 0.005117647 0.004158356 0.009276003 338.72590125137 58.40641759498 2354.64868 -6.317 -4.831999999999999 -2.954190580368042 -1.3934285469055174 0.10799203 0.10299203 "" "" 36.45557722062001 "" 3.9043723030540547 ""
338.17547391627 58.32283015488 0.0277 0.0248 6.0444 "" "" 2008009189270163840 2345.4978 0.4024 0.0327 -5.698 -6.105 0.036 0.029 1.005 7162.3 4.0439 15.727528 1.430389 16.354465 14.924076 "" "" 2194.5437 2494.73218 9636.86418 3.7376 3923.1 12.896 8502.1 18.137 "" "" 0.0027873125930822315 0.004530233 0.004432629 0.008962862 338.17547391627 58.32283015488 2345.4978 -5.6979999999999995 -6.105 -2.3351905803680424 -2.666428546905518 0.10999203 0.10299203 "" "" 39.40572254466752 "" 4.180443384388632 ""
338.25054486455 58.38272833727 0.0235 0.0235 2.9202 "" "" 2008011117725239680 2209.30444 0.43 0.0286 -3.253 -3.491 0.033 0.028 1.029 7883.0 4.3551 15.728525 1.087635 16.18041 15.092775 "" "" 2088.91846 2359.54712 9628.017 3.4217 4605.2 8.6828 7278.6 9.7831 "" "" 0.0027822072315217146 0.0034605777 0.004051341 0.007511919 338.25054486455 58.38272833727 2209.30444 -3.253000000000001 -3.491 0.1098094196319579 -0.05242854690551768 0.10699203 0.101992026 "" "" 1.2742815914840735 "" 0.13517788263970137 ""
338.51632138281 58.48853535868 0.0251 0.0227 8.8271 "" "" 2008017852234237568 2226.78589 0.4284 0.0267 -2.858 -2.85 0.035 0.03 0.994 7970.9 4.0577 15.731626 1.144823 16.216074 15.071251 "" "" 2102.29346 2368.67529 9600.56001 3.0294 4456.4 11.119 7424.3 10.942 "" "" 0.0027765378714135983 0.0038889104 0.0041041765 0.007993087 338.51632138281 58.48853535868 2226.78589 -2.857999999999999 -2.8499999999999996 0.5048094196319579 0.5885714530944823 0.108992025 0.10399203 "" "" 8.184345445647091 "" 0.8686862982177199 ""
337.76621455487 58.36391369206 0.101 0.0996 18.1149 "" "" 2008002355991355648 2098.45044 0.5177 0.1195 -1.814 -5.214 0.14 0.13 4.666 4986.1 4.1872 15.73195 1.488378 16.368471 14.880094 "" "" 1643.38147 2993.46948 9597.6964 17.018 3872.8 11.645 8853.6 11.171 "" "" 0.003361251740604505 0.0042945417 0.004020002 0.008314544 337.76621455487 58.36391369206 2098.45044 -1.8139999999999987 -5.214 1.548809419631958 -1.775428546905518 0.21399203 0.20399202 "" "" 23.43478619327962 "" 4.88316158069845 ""
338.33429666047 58.24083296732 0.0239 0.0218 7.9516 "" "" 2007961639699743488 2351.01709 0.4075 0.0277 -2.497 -3.479 0.032 0.027 0.972 7216.9 4.2234 15.733163 1.338352 16.326004 14.987652 "" "" 2183.91504 2486.56909 9586.97357 3.1857 4027.3 14.11 8018.6 8.0526 "" "" 0.0027788405356617718 0.004717547 0.0039335187 0.008651066 338.33429666047 58.24083296732 2351.01709 -2.4969999999999994 -3.479000000000002 0.8658094196319581 -0.04042854690551767 0.105992034 0.10099203 "" "" 9.658938074443697 "" 1.0236678950836098 ""
338.14213872226 58.46826718123 0.0279 0.0243 8.4704 "" "" 2008027129363242624 2624.70239 0.3509 0.029 -3.33 -1.515 0.037 0.029 1.024 5185.8 3.3526 15.745149 2.05824 16.767523 14.709283 "" "" 2421.32812 2890.09546 9481.72188 4.1521 2681.7 16.258 10362.0 26.716 "" "" 0.0027960404441811316 0.007149296 0.0047031804 0.011852477 338.14213872226 58.46826718123 2624.70239 -3.3300000000000005 -1.515 0.03280941963195794 1.9235714530944825 0.11099203 0.10299203 "" "" 23.934805130248705 "" 2.465151971889289 ""
338.2206875041 58.51554109706 0.0256 0.0233 9.3408 "" "" 2008027674813780608 2447.9519 0.3827 0.028 -3.151 -1.921 0.033 0.028 1.013 "" "" 15.748814 1.31495 16.320282 15.005332 "" "" 2308.64697 2625.17114 9449.76819 3.406 4048.6 10.774 7889.1 16.415 "" "" 0.002782971762569653 0.004016621 0.0044031027 0.008419724 338.2206875041 58.51554109706 2447.9519 -3.151 -1.9209999999999985 0.2118094196319582 1.5175714530944824 0.10699203 0.101992026 "" "" 17.779508734267896 "" 1.815107567407803 ""
338.7621261398 58.42877375393 0.0246 0.0247 13.6327 "" "" 2007970367073827456 2302.99512 0.4126 0.0288 1.908 0.393 0.036 0.031 0.975 6826.6 3.8761 15.759616 1.427726 16.40213 14.974404 "" "" 2184.98267 2488.57031 9356.21824 3.4992 3754.6 8.9914 8117.0 9.4218 "" "" 0.0027850809779701837 0.0038138565 0.003983968 0.007797824 338.7621261398 58.42877375393 2302.99512 1.9079999999999997 0.39300000000000024 5.2708094196319575 3.831571453094482 0.10999203 0.10499203 "" "" 71.13338624340635 "" 7.702994783828465 ""
337.84898156271 58.34323852002 0.0284 0.0273 15.6108 "" "" 2008001393918712704 2141.86255 0.4506 0.0352 -5.264 -1.768 0.041 0.033 1.082 5408.1 3.4504 15.759902 1.69398 16.56011 14.86613 "" "" 1985.17749 2314.12061 9353.75088 3.395 3246.2 9.2173 8968.2 10.992 "" "" 0.002783358417208346 0.004158008 0.004006821 0.008164829 337.84898156271 58.34323852002 2141.86255 -5.264000000000001 -1.7679999999999998 -1.9011905803680422 1.6705714530944824 0.11499203 0.10699203 "" "" 25.69454015754929 "" 2.8669186666892066 ""
338.22173506182 58.41754848671 0.0234 0.0229 4.6103 "" "" 2008014347540616960 2000.10754 0.4798 0.0281 -5.572 -1.297 0.033 0.028 0.983 6798.3 4.0196 15.763755 1.390775 16.381763 14.990989 "" "" 1915.09106 2086.94092 9320.61884 3.1093 3825.7 13.569 7994.0 11.56 "" "" 0.0027790240098727725 0.004755461 0.004092534 0.008847995 338.22173506182 58.41754848671 2000.10754 -5.571999999999997 -1.2970000000000002 -2.209190580368042 2.1415714530944827 0.10699203 0.101992026 "" "" 29.16986819090268 "" 3.051155651901654 ""
338.45096267634 58.40556096281 0.0236 0.0224 3.9461 "" "" 2008016512204468608 1955.55457 0.485 0.0275 -0.744 -0.071 0.034 0.029 0.983 6535.7 3.9465 15.76562 1.337314 16.360014 15.0227 "" "" 1848.3302 2049.60522 9304.62127 2.77 3903.1 11.679 7763.9 8.7495 "" "" 0.0027742141253323483 0.004282478 0.003972511 0.008254988 338.45096267634 58.40556096281 1955.55457 -0.744 -0.07099999999999985 2.6188094196319582 3.3675714530944822 0.10799203 0.10299203 "" "" 39.54289552293155 "" 4.148218189518854 ""
338.22725042124 58.3673758173 0.0243 0.0238 3.616 "" "" 2008011010336581504 2572.58423 0.3683 0.0292 -1.791 -2.361 0.034 0.028 1.011 7469.4 4.3256 15.769724 1.316163 16.344292 15.028129 "" "" 2406.94189 2762.18823 9269.52027 3.5184 3960.0 10.865 7725.1 12.425 "" "" 0.0027859690145893103 0.0040815454 0.004163323 0.008244868 338.22725042124 58.3673758173 2572.58423 -1.7910000000000001 -2.3609999999999998 1.571809419631958 1.0775714530944822 0.10799203 0.101992026 "" "" 23.23836793608925 "" 2.4658367092121862 ""
338.00704669676 58.53320905813 0.0257 0.0238 14.2251 "" "" 2008030015581208576 2683.03125 0.3592 0.0296 0.072 -1.52 0.034 0.028 0.994 8417.4 3.5839 15.794967 1.362827 16.401285 15.038458 "" "" 2495.12915 2916.39917 9056.49702 3.4148 3757.5 9.8889 7652.0 8.5662 "" "" 0.002785566992158791 0.0039937287 0.0039700186 0.007963747 338.00704669676 58.53320905813 2683.03125 0.07200000000000023 -1.5199999999999996 3.434809419631958 1.9185714530944824 0.10799203 0.101992026 "" "" 50.03491524051721 "" 5.33351288473525 ""
337.80066219695 58.29365162233 0.0267 0.0255 17.6966 "" "" 2007989127492129664 2069.09082 0.4587 0.0323 -2.211 -1.8 0.038 0.031 1.047 6710.0 3.9167 15.803795 1.558276 16.52673 14.968453 "" "" 1956.75916 2196.03149 8983.15375 3.0504 3347.5 6.9181 8161.6 12.446 "" "" 0.002779876982178304 0.0035804796 0.0041261404 0.00770662 337.80066219695 58.29365162233 2069.09082 -2.2110000000000003 -1.7999999999999994 1.1518094196319582 1.6385714530944824 0.11199203 0.10499203 "" "" 19.643356434618504 "" 2.1088619670775413 ""
338.09926943481 58.14421720958 0.0257 0.0245 15.7304 "" "" 2007960059151766656 2683.97559 0.3574 0.0311 -2.679 -3.174 0.035 0.03 0.986 7107.6 4.1433 15.815596 1.284899 16.377954 15.093056 "" "" 2492.95752 2939.9209 8886.04437 3.1405 3839.1 9.8662 7276.7 9.5461 "" "" 0.0027819113175005152 0.0039459607 0.0040388727 0.007984834 338.09926943481 58.14421720958 2683.97559 -2.6789999999999967 -3.1739999999999977 0.6838094196319582 0.2645714530944825 0.108992025 0.10399203 "" "" 9.327899491819586 "" 1.010715782744265 ""
337.81710391611 58.33074270842 0.0255 0.0245 16.7088 "" "" 2008001359558973440 2616.11182 0.3519 0.032 -2.834 -2.088 0.038 0.03 1.017 7994.6 4.0617 15.824778 1.025339 16.250221 15.224882 "" "" 2378.13647 2905.08838 8811.21231 3.1509 4318.5 9.4236 6444.7 9.0942 "" "" 0.002782541221387904 0.0036603722 0.0040781177 0.0077384897 337.81710391611 58.33074270842 2616.11182 -2.834 -2.087999999999999 0.5288094196319579 1.3505714530944823 0.11199203 0.10399203 "" "" 17.985592836526695 "" 1.890116028456756 ""
338.40778405824 58.36440592861 0.0285 0.0257 2.1496 "" "" 2008010293091587840 1856.69714 0.5067 0.0332 -0.418 -2.773 0.04 0.032 1.186 6876.1 4.1468 15.828461 1.23862 16.362486 15.123866 "" "" 1715.83569 2000.54565 8781.37387 3.4197 3894.2 7.4879 7073.1 8.1268 "" "" 0.002787572684049219 0.0034847525 0.003979942 0.0074646943 338.40778405824 58.36440592861 1856.69714 -0.41800000000000004 -2.773 2.944809419631958 0.6655714530944823 0.11399203 0.105992034 "" "" 26.57021541890869 "" 3.0188082472486197 ""
338.29400401607 58.2630440174 0.0289 0.0252 6.7836 "" "" 2007962636132121600 2046.73376 0.4614 0.0322 -2.875 -3.761 0.037 0.03 1.109 7227.6 4.3076 15.829212 1.244535 16.357855 15.11332 "" "" 1938.84216 2168.00562 8775.29995 4.1635 3910.9 9.5573 7142.2 9.7193 "" "" 0.0028030614124133386 0.0038503162 0.004057922 0.007908238 338.29400401607 58.2630440174 2046.73376 -2.875 -3.761 0.487809419631958 -0.3224285469055177 0.11099203 0.10399203 "" "" 5.672843500341138 "" 0.6178367158201368 ""
338.3778533393 58.56763327854 0.0258 0.0252 11.715 "" "" 2008022112841719680 2198.64746 0.4351 0.029 -5.867 -4.182 0.038 0.033 1.02 "" "" 15.829595 1.692096 16.6222 14.930104 "" "" 2068.68213 2352.99072 8772.20958 3.5087 3065.8 8.2213 8455.1 10.541 "" "" 0.0027893334896093277 0.0040326226 0.004014466 0.008047089 338.3778533393 58.56763327854 2198.64746 -5.867 -4.182 -2.504190580368042 -0.743428546905518 0.11199203 0.10699203 "" "" 27.223409584105955 "" 3.0380070416963774 ""
338.01910689949 58.18300153875 0.0265 0.0265 15.2935 "" "" 2008007372513821056 1829.10962 0.5217 0.0336 -1.882 2.485 0.036 0.032 1.029 5535.5 4.2333 15.837394 1.351233 16.34121 14.989977 "" "" 1730.38757 1930.59656 8709.42281 4.3342 3971.3 52.008 8001.4 80.826 "" "" 0.0028077972631809184 0.014489934 0.011600464 0.026090398 338.01910689949 58.18300153875 1829.10962 -1.8820000000000014 2.485000000000003 1.4808094196319581 5.923571453094482 0.10999203 0.105992034 "" "" 52.93765959387923 "" 5.623645489783638 ""
337.96247619562 58.2670661068 0.1058 0.0982 13.5409 "" "" 2008011701840778112 1976.85181 0.5329 0.1266 0.884 -1.388 0.148 0.127 4.159 5270.6 4.3414 15.841608 1.410134 16.437372 15.027238 "" "" 1532.00073 2652.60205 8675.68323 12.761 3634.7 10.802 7731.5 15.317 "" "" 0.0031846825643254695 0.0042657596 0.0043486087 0.008614369 337.96247619562 58.2670661068 1976.85181 0.884 -1.388 4.246809419631958 2.0505714530944825 0.22199203 0.20099203 "" "" 44.18980935798936 "" 9.641185860051586 ""
338.41158157603 58.5918055518 0.0264 0.025 13.2925 "" "" 2008022490798839296 2094.50391 0.4512 0.0292 -0.666 -1.106 0.037 0.032 0.999 "" "" 15.849443 1.818838 16.673372 14.854534 "" "" 1964.67468 2215.63428 8613.30317 3.7064 2924.6 22.327 9064.5 65.082 "" "" 0.0027946501150387312 0.00874575 0.008663302 0.017409053 338.41158157603 58.5918055518 2094.50391 -0.666 -1.106 2.696809419631958 2.3325714530944825 0.11099203 0.105992034 "" "" 35.39932616013615 "" 3.8542914141992433 ""
338.15996114997 58.56959218673 0.0256 0.0242 13.0838 "" "" 2008028812990657920 2272.70337 0.4228 0.0295 1.536 -0.811 0.035 0.029 1.051 7872.8 3.6755 15.85188 1.877167 16.77066 14.893494 "" "" 2094.84058 2434.0979 8593.98607 3.2058 2673.9 9.6568 8745.0 12.323 "" "" 0.0027849277843000246 0.0048125247 0.0040773167 0.008889841 338.15996114997 58.56959218673 2272.70337 1.5359999999999994 -0.8110000000000004 4.898809419631958 2.6275714530944825 0.108992025 0.10299203 "" "" 59.884946033760286 "" 6.44844280897141 ""
338.02315433906 58.41600878091 0.0273 0.0285 10.3362 "" "" 2008025480095798272 2187.65527 0.4417 0.0339 -5.805 -4.697 0.037 0.031 0.978 7170.0 3.5923 15.858366 1.231533 16.38832 15.156788 "" "" 2034.03882 2356.36572 8542.80207 3.2422 3802.7 12.268 6861.9 14.673 "" "" 0.0027859622049387933 0.0044781836 0.00443552 0.008913703 338.02315433906 58.41600878091 2187.65527 -5.805000000000003 -4.697000000000002 -2.4421905803680417 -1.2584285469055176 0.11099203 0.10499203 "" "" 28.48861715014052 "" 3.126920706497878 ""
338.10739310902 58.30149376817 0.0275 0.0252 8.5429 "" "" 2008009262299374976 2349.69409 0.4069 0.0327 -1.908 -2.582 0.038 0.031 0.959 7259.0 4.2905 15.860546 1.243738 16.400385 15.156647 "" "" 2198.97998 2564.19092 8525.66398 3.3304 3760.7 10.725 6862.8 9.6277 "" "" 0.0027877715578785048 0.00416804 0.004074769 0.008242809 338.10739310902 58.30149376817 2349.69409 -1.9079999999999995 -2.5820000000000007 1.454809419631958 0.8565714530944826 0.11199203 0.10499203 "" "" 18.802958998552338 "" 2.0726978722384133 ""
338.09691208709 58.17332870704 0.0299 0.0285 14.268 "" "" 2007960437108861824 2385.24634 0.4016 0.0362 -0.409 -0.752 0.042 0.038 1.133 "" "" 15.8656 1.220573 16.386017 15.165443 "" "" 2236.77393 2563.73242 8486.07516 3.9111 3810.7 9.3508 6807.4 8.7558 "" "" 0.0028003907717548274 0.0038578568 0.004029134 0.007886991 338.09691208709 58.17332870704 2385.24634 -0.409 -0.752 2.953809419631958 2.6865714530944826 0.115992025 0.11199203 "" "" 45.143156337754604 "" 5.155279786010024 ""
