Clusters/UBC_389/UBC_389_stars_in_region.tsv
# %ECSV 1.0
# ---
# datatype:
# - name: RA_ICRS_1
#   unit: deg
#   datatype: float64
#   format: '{:15.11f}'
#   description: Right ascension (ICRS) at Ep=2016.0 (ra)
#   meta: !!omap
#   - {ucd: POS_EQ_RA_MAIN}
#   - {width: 15}
#   - {precision: '11'}
# - name: DE_ICRS_1
#   unit: deg
#   datatype: float64
#   format: '{:15.11f}'
#   description: Declination (ICRS) at Ep=2016.0 (dec)
#   meta: !!omap
#   - {ucd: POS_EQ_DEC_MAIN}
#   - {width: 15}
#   - {precision: '11'}
# - name: e_RA_ICRS
#   unit: mas
#   datatype: float64
#   format: '{:7.4f}'
#   description: Standard error of right ascension (ra_error)
#   meta: !!omap
#   - {ucd: ERROR}
#   - {width: 7}
#   - {precision: '4'}
# - name: e_DE_ICRS
#   unit: mas
#   datatype: float64
#   format: '{:7.4f}'
#   description: Standard error of declination (dec_error)
#   meta: !!omap
#   - {ucd: ERROR}
#   - {width: 7}
#   - {precision: '4'}
# - name: _r_1
#   unit: ''
#   datatype: float64
#   format: '{:7.4f}'
#   description: Distance from center (338.34161319000+58.37330439000)[ICRS], at Epoch=J2016.0
#   meta: !!omap
#   - {ucd: POS_ANG_DIST_GENERAL}
#   - {width: 7}
#   - {precision: '4'}
# - name: HIP
#   datatype: int32
#   description: '? HIP cross-id number, van Leeuwen, Cat. I/311 (hip_original_ext_source_id)'
#   meta: !!omap
#   - {ucd: ID_NUMBER}
#   - {width: 6}
#   - values: {'null': -2147483648}
# - name: TYC2
#   datatype: string
#   description: Tycho-2 cross-id name, Hog et al., Cat. I/259 (tyc2_original_ext_source_id)
#   meta: !!omap
#   - {ucd: ID_CROSSID}
#   - {_votable_string_dtype: char}
# - name: Source
#   datatype: int64
#   description: Source identifier, identical to the Gaia-EDR3 source_id (id)
#   meta: !!omap
#   - {ucd: ID_MAIN}
#   - {width: 19}
# - name: rgeo
#   unit: pc
#   datatype: float64
#   format: '{:15.8f}'
#   description: '? Median of the geometric distance posterior (r_med_geo)'
#   meta: !!omap
#   - {ucd: PHYS_DISTANCE_TRUE}
#   - {width: 15}
#   - {precision: '8'}
#   - values: {'null': .nan}
# - name: Plx
#   unit: mas
#   datatype: float64
#   format: '{:9.4f}'
#   description: '? Parallax (parallax)'
#   meta: !!omap
#   - {ucd: POS_PARLX_TRIG}
#   - {width: 9}
#   - {precision: '4'}
#   - values: {'null': .nan}
# - name: e_Plx
#   unit: mas
#   datatype: float32
#   format: '{:7.4f}'
#   description: '? Standard error of parallax (parallax_error)'
#   meta: !!omap
#   - {ucd: ERROR}
#   - {width: 7}
#   - {precision: '4'}
#   - values: {'null': .nan}
# - name: pmRA
#   unit: mas / yr
#   datatype: float64
#   format: '{:9.3f}'
#   description: '? Proper motion in right ascension direction, pmRA*cosDE (pmra)'
#   meta: !!omap
#   - {ucd: POS_EQ_PMRA}
#   - {width: 9}
#   - {precision: '3'}
#   - values: {'null': .nan}
# - name: pmDE
#   unit: mas / yr
#   datatype: float64
#   format: '{:9.3f}'
#   description: '? Proper motion in declination direction (pmdec)'
#   meta: !!omap
#   - {ucd: POS_EQ_PMDEC}
#   - {width: 9}
#   - {precision: '3'}
#   - values: {'null': .nan}
# - name: e_pmRA
#   unit: mas / yr
#   datatype: float32
#   format: '{:6.3f}'
#   description: '? Standard error of proper motion in right ascension direction (pmra_error)'
#   meta: !!omap
#   - {ucd: ERROR}
#   - {width: 6}
#   - {precision: '3'}
#   - values: {'null': .nan}
# - name: e_pmDE
[...]
#         value: !astropy.table.SerializedColumn {name: SkyCoord.dec}
#       distance: !astropy.table.SerializedColumn
#         __class__: astropy.coordinates.distances.Distance
#         unit: !astropy.units.Unit {unit: pc}
#         value: !astropy.table.SerializedColumn {name: SkyCoord.distance}
#       frame: icrs
#       obstime: !astropy.time.Time {format: jyear_str, in_subfmt: '*', jd1: 367701545.0, jd2: 0.0, out_subfmt: '*', precision: 3, scale: tt}
#       pm_dec: !astropy.table.SerializedColumn
#         __class__: astropy.units.quantity.Quantity
#         unit: !astropy.units.Unit {unit: mas / yr}
#         value: !astropy.table.SerializedColumn {name: SkyCoord.pm_dec}
#       pm_ra_cosdec: !astropy.table.SerializedColumn
#         __class__: astropy.units.quantity.Quantity
#         unit: !astropy.units.Unit {unit: mas / yr}
#         value: !astropy.table.SerializedColumn {name: SkyCoord.pm_ra_cosdec}
#       ra: !astropy.table.SerializedColumn
#         __class__: astropy.coordinates.angles.Longitude
#         unit: *id001
#         value: !astropy.table.SerializedColumn {name: SkyCoord.ra}
#         wrap_angle: !astropy.coordinates.Angle
#           unit: *id001
#           value: 360.0
#       representation_type: spherical
# schema: astropy-2.0
RA_ICRS_1 DE_ICRS_1 e_RA_ICRS e_DE_ICRS _r_1 HIP TYC2 Source rgeo Plx e_Plx pmRA pmDE e_pmRA e_pmDE RUWE Teff logg Gmag BP-RP BPmag RPmag RV e_RV b_rgeo B_rgeo FG e_FG FBP e_FBP FRP e_FRP RAVE5 RAVE6 e_Gmag e_BPmag e_RPmag e_BP-RP SkyCoord.ra SkyCoord.dec SkyCoord.distance SkyCoord.pm_ra_cosdec SkyCoord.pm_dec rmRA rmDE e_rmRA e_rmDE rRV e_rRV v_pec v_pec3d e_vpec e_vpec3d
[from data line 442]
338.01709097266 58.14980084396 0.1447 0.1469 16.8744 "" "" 2007936896379330560 1898.22485 0.7282 0.1822 -4.282 -2.947 0.215 0.177 4.182 6094.2 4.3986 16.337698 1.33008 16.82117 15.491091 "" "" 1387.98022 2984.59814 5493.73544 11.738 2552.4 8.8998 5043.4 9.6977 "" "" 0.00360184174651744 0.0047028936 0.0043176673 0.009020561 338.01709097266 58.14980084396 1898.22485 -4.282000000000003 -2.947000000000002 -0.919190580368042 0.49157145309448236 0.28899205 0.25099203 "" "" 9.378893773203442 "" 2.6353359983363878 ""
338.1181622031 58.27817794602 0.0353 0.0316 9.0629 "" "" 2008008987421488000 2526.87183 0.3733 0.0413 -4.863 -3.096 0.047 0.038 1.061 6695.1 4.1628 16.338663 1.301234 16.897036 15.595801 "" "" 2267.60376 2783.93091 5488.8487 2.9311 2380.1 8.9632 4579.7 10.714 "" "" 0.002815661629226207 0.004950055 0.0045536226 0.0095036775 338.1181622031 58.27817794602 2526.87183 -4.8629999999999995 -3.0959999999999974 -1.5001905803680424 0.34257145309448234 0.12099203 0.11199203 "" "" 18.430864584090237 "" 2.2220583791632067 ""
338.67247310101 58.62024367057 0.0366 0.0358 18.0867 "" "" 2008023349792340224 1928.13843 0.4977 0.0418 -4.699 -3.39 0.049 0.043 1.111 6592.0 3.9969 16.342829 1.739764 17.167847 15.428082 "" "" 1810.88281 2079.27368 5467.83724 3.148 1854.7 7.8362 5344.7 9.9303 "" "" 0.0028253368882292093 0.005369197 0.004284051 0.009653248 338.67247310101 58.62024367057 1928.13843 -4.699 -3.39 -1.3361905803680418 0.0485714530944823 0.122992024 0.11699203 "" "" 12.220013938007964 "" 1.5028698472112192 ""
338.52101783073 58.34637129115 0.0327 0.0297 5.8734 "" "" 2007968958324538624 2010.18359 0.4778 0.0369 -0.538 -1.731 0.043 0.038 1.025 7162.2 4.3532 16.348103 1.253712 16.888702 15.634991 "" "" 1849.01904 2165.95947 5441.33798 2.6428 2398.5 11.642 4417.4 10.987 "" "" 0.0028053283015255317 0.0059630657 0.0046450165 0.010608083 338.52101783073 58.34637129115 2010.18359 -0.5380000000000007 -1.731 2.8248094196319578 1.7075714530944823 0.11699203 0.11199203 "" "" 31.451012310597722 "" 3.638099483635707 ""
338.04558618955 58.46288486109 0.0345 0.0325 10.7432 "" "" 2008025858052905984 2101.229 0.4537 0.0386 -3.93 -4.024 0.045 0.037 1.002 5094.5 3.682 16.348711 1.523591 17.055334 15.531743 "" "" 1981.96008 2276.15698 5438.2925 2.6472 2057.2 7.5187 4858.0 7.0472 "" "" 0.0028055491726107296 0.004850922 0.0040944335 0.008945355 338.04558618955 58.46288486109 2101.229 -3.9299999999999997 -4.024000000000003 -0.5671905803680422 -0.5854285469055176 0.11899203 0.11099203 "" "" 8.118520887386234 "" 0.9331024665178363 ""
338.22588033749 58.24531845814 0.036 0.0327 8.5016 "" "" 2007961089943882624 1876.90942 0.5219 0.0417 1.213 0.024 0.048 0.041 1.029 6690.7 4.3062 16.350393 1.304107 16.930376 15.626269 "" "" 1706.56311 2131.53198 5429.87007 2.7697 2308.2 13.53 4453.0 8.4864 "" "" 0.002810427822418106 0.0069490285 0.0043087318 0.01125776 338.22588033749 58.24531845814 1876.90942 1.213 0.023999999999999702 4.575809419631958 3.4625714530944824 0.12199203 0.11499203 "" "" 51.05056963991981 "" 6.100068358929313 ""
338.21418239252 58.40201964546 0.032 0.0308 4.3624 "" "" 2008014107022455936 2028.83459 0.4742 0.0382 -3.392 -3.416 0.045 0.037 1.021 7329.7 4.3009 16.35243 1.313159 16.933182 15.620023 "" "" 1887.33179 2162.19751 5419.69375 2.4593 2302.2 9.702 4478.7 9.9957 "" "" 0.0027990210206638535 0.0053591635 0.0044894903 0.009848654 338.21418239252 58.40201964546 2028.83459 -3.392 -3.416 -0.029190580368041896 0.022571453094482496 0.11899203 0.11099203 "" "" 0.3548488895358573 "" 0.04118488377613281 ""
338.21615054146 58.44877825544 0.034 0.0334 6.0046 "" "" 2008015172175719168 1976.78149 0.492 0.0392 -6.371 -1.66 0.045 0.039 0.991 6866.1 4.3282 16.353077 1.503389 17.043926 15.540537 "" "" 1831.58923 2144.15796 5416.46327 2.8274 2079.0 14.928 4818.9 8.2687 "" "" 0.0028130057252029987 0.008280251 0.0042136097 0.012493861 338.21615054146 58.44877825544 1976.78149 -6.371000000000004 -1.660000000000001 -3.0081905803680424 1.7785714530944825 0.11899203 0.11299203 "" "" 32.74460648674615 "" 3.846420892519392 ""
338.57221354002 58.30002522305 0.0404 0.0376 8.4901 "" "" 2007967893164033280 2672.40796 0.3598 0.0461 1.358 -3.227 0.054 0.049 1.279 5530.2 4.2503 16.35998 1.35176 16.934181 15.582421 "" "" 2336.95752 2999.56519 5382.13849 3.3661 2300.1 8.2503 4636.5 10.904 "" "" 0.002837760919020108 0.0047908113 0.0045610974 0.009351909 338.57221354002 58.30002522305 2672.40796 1.358000000000001 -3.2270000000000003 4.7208094196319585 0.21157145309448255 0.12799203 0.122992024 "" "" 59.85952671827764 "" 7.6609543239188564 ""
337.96350099661 58.5956512722 0.0356 0.0324 17.8497 "" "" 2008031183812285824 2673.54468 0.357 0.0392 -2.712 -1.354 0.049 0.038 1.052 "" "" 16.367996 1.66997 17.125538 15.455568 "" "" 2406.60425 2943.78149 5342.5498 2.7361 1928.4 16.122 5211.1 44.259 "" "" 0.0028108668100356718 0.009496232 0.009965831 0.019462064 337.96350099661 58.5956512722 2673.54468 -2.712 -1.354 0.6508094196319578 2.0845714530944823 0.122992024 0.11199203 "" "" 27.674452737907533 "" 3.1275539764744136 ""
338.4669029108 58.48633204774 0.0369 0.0331 7.8409 "" "" 2008018092752391936 2502.5249 0.3813 0.0391 0.167 0.489 0.048 0.041 1.048 7185.5 4.2697 16.370497 1.475047 17.041903 15.566855 "" "" 2280.6333 2759.60254 5330.25695 2.835 2082.8 6.8208 4703.4 13.511 "" "" 0.0028151839543814052 0.004519656 0.004900122 0.009419778 338.4669029108 58.48633204774 2502.5249 0.16699999999999998 0.4890000000000001 3.529809419631958 3.9275714530944823 0.12199203 0.11499203 "" "" 62.63902234773549 "" 7.402114587724494 ""
338.56650029412 58.09542685546 0.0338 0.0329 18.1228 "" "" 2007944597269785216 2533.83838 0.3778 0.0401 -3.31 -2.425 0.042 0.04 1.034 6390.1 4.2386 16.372194 1.256491 16.914196 15.657705 "" "" 2275.89795 2828.36475 5321.9329 2.5687 2342.8 14.124 4325.9 9.6261 "" "" 0.002804712505277908 0.007115434 0.0044856234 0.011601057 338.56650029412 58.09542685546 2533.83838 -3.309999999999999 -2.425 0.052809419631957955 1.0135714530944826 0.115992025 0.11399203 "" "" 12.189904478081557 "" 1.3896185126439722 ""
338.32927185526 58.37688280678 0.0314 0.0307 0.4437 "" "" 2008011186444746752 2019.01501 0.478 0.0382 -3.569 -10.388 0.044 0.038 0.954 6785.6 4.2927 16.374588 1.283349 16.936604 15.653254 "" "" 1881.36621 2240.13135 5310.20365 2.354 2295.0 8.194 4343.7 9.9984 "" "" 0.0027970418472783873 0.004776207 0.004530955 0.009307162 338.32927185526 58.37688280678 2019.01501 -3.569000000000003 -10.388000000000005 -0.20619058036804194 -6.9494285469055175 0.11799203 0.11199203 "" "" 66.53620977441477 "" 7.451885815971659 ""
338.27613821501 58.10458759582 0.0334 0.031 16.2551 "" "" 2007956313940396288 2080.38208 0.4559 0.0359 -2.954 -3.33 0.045 0.04 0.981 7186.3 4.3403 16.37516 1.342673 16.970617 15.627944 "" "" 1973.57239 2249.10132 5307.40702 2.4269 2224.2 9.0379 4446.1 9.2654 "" "" 0.002799691544099465 0.005220079 0.0044048973 0.009624977 338.27613821501 58.10458759582 2080.38208 -2.954 -3.33 0.4088094196319578 0.10857145309448235 0.11899203 0.11399203 "" "" 4.171020034945914 "" 0.4949711355568306 ""
338.14175619411 58.48710501245 0.0325 0.0305 9.2755 "" "" 2008027296853150080 1839.34717 0.5191 0.0366 0.236 0.211 0.042 0.037 1.061 6316.5 3.7643 16.377958 1.996516 17.385149 15.388633 "" "" 1730.71716 1954.02063 5293.74922 2.7842 1518.3 8.9638 5542.5 7.6042 "" "" 0.0028138707000741883 0.0069909454 0.0040623466 0.011053292 338.14175619411 58.48710501245 1839.34717 0.23599999999999993 0.21100000000000024 3.5988094196319578 3.6495714530944823 0.115992025 0.11099203 "" "" 44.68674356859889 "" 5.071254861139872 ""
338.04176444066 58.12322127531 0.0333 0.0318 17.7421 "" "" 2007936625809735936 2312.40991 0.415 0.0402 -2.014 -2.963 0.046 0.04 0.978 6091.3 4.2643 16.378117 1.325449 16.938 15.612551 "" "" 2135.1167 2547.01074 5292.97373 2.6311 2292.0 11.439 4509.6 12.671 "" "" 0.002807682003798179 0.0060948925 0.004856995 0.010951888 338.04176444066 58.12322127531 2312.40991 -2.0140000000000016 -2.963 1.3488094196319582 0.47557145309448234 0.11999203 0.11399203 "" "" 15.676103940793602 "" 1.870840161037777 ""
338.21779744244 58.4979605731 0.033 0.0304 8.4299 "" "" 2008015893728798720 2445.73291 0.3897 0.0365 -2.597 -1.93 0.043 0.036 1.058 8157.6 4.3673 16.379007 1.524222 17.079977 15.555755 "" "" 2276.15674 2651.83057 5288.63552 2.4166 2011.1 8.1126 4751.8 9.0607 "" "" 0.002799629080819968 0.0051930128 0.004309265 0.009502278 338.21779744244 58.4979605731 2445.73291 -2.597 -1.93 0.765809419631958 1.5085714530944825 0.11699203 0.10999203 "" "" 19.61287656393636 "" 2.186092692676782 ""
338.67625053971 58.12691461286 0.0325 0.0329 18.1707 "" "" 2007950369705855488 2560.67969 0.3772 0.0393 -0.618 -5.144 0.041 0.041 0.969 6092.5 4.2007 16.385937 1.341912 16.981575 15.639663 "" "" 2319.52393 2880.26099 5254.9887 2.5225 2201.8 6.5586 4398.4 6.7976 "" "" 0.0028041777659323637 0.0042713755 0.004135133 0.008406509 338.67625053971 58.12691461286 2560.67969 -0.6180000000000001 -5.144 2.744809419631958 -1.7054285469055177 0.11499203 0.11499203 "" "" 39.222486167492306 "" 4.510273304671086 ""
338.25569460966 58.15980018822 0.0363 0.0329 13.0941 "" "" 2007959646834953216 2083.70728 0.4771 0.0406 -3.366 -3.667 0.049 0.041 1.132 5726.9 4.196 16.387938 1.430679 16.955347 15.524668 "" "" 1874.3291 2265.03418 5245.31712 2.9256 2255.7 12.728 4889.8 20.043 "" "" 0.002821083081730457 0.006731823 0.005838622 0.0125704445 338.25569460966 58.15980018822 2083.70728 -3.365999999999996 -3.667 -0.003190580368042095 -0.2284285469055174 0.122992024 0.11499203 "" "" 2.2563568578982065 "" 0.25946669874421757 ""
338.45918234372 58.36529737453 0.0329 0.0329 3.7306 "" "" 2007969198842680320 1807.96875 0.5305 0.0385 -3.235 -0.336 0.046 0.046 1.028 5724.0 4.3973 16.392763 1.378537 17.00853 15.629993 "" "" 1711.30432 1922.5564 5222.05112 2.4793 2147.9 10.616 4437.7 12.117 "" "" 0.00280312496725411 0.0060482826 0.004803373 0.010851655 338.45918234372 58.36529737453 1807.96875 -3.235 -0.33599999999999947 0.12780941963195813 3.1025714530944826 0.11999203 0.11999203 "" "" 26.610880229011947 "" 3.1930936092085442 ""
338.39808008273 58.43523157893 0.0312 0.0303 4.1179 "" "" 2008017508636851712 2353.31592 0.3976 0.0369 -6.877 -8.662 0.044 0.039 0.99 5897.7 4.0338 16.39798 1.417178 17.037754 15.620576 "" "" 2157.79517 2535.92358 5197.0223 2.2951 2090.8 7.2815 4476.4 7.7762 "" "" 0.00279672868826032 0.004699225 0.004223869 0.008923095 338.39808008273 58.43523157893 2353.31592 -6.876999999999999 -8.662 -3.5141905803680418 -5.223428546905518 0.11799203 0.11299203 "" "" 70.22489672232044 "" 8.045904747652214 ""
338.59642182266 58.28620880554 0.0358 0.0326 9.5781 "" "" 2007965247472839936 1984.24719 0.4826 0.0407 -0.352 2.038 0.047 0.043 1.031 7108.6 4.3326 16.40054 1.306712 16.974712 15.668 "" "" 1823.3092 2183.4126 5184.79005 2.6013 2215.8 8.6775 4285.1 10.951 "" "" 0.002808651509818621 0.00508568 0.004688574 0.009774255 338.59642182266 58.28620880554 1984.24719 -0.352 2.038 3.010809419631958 5.476571453094483 0.12099203 0.11699203 "" "" 58.77979269467487 "" 6.932046848653846 ""
338.5615847801 58.53084981141 0.0365 0.0335 11.7064 "" "" 2008018260242985216 1914.93262 0.5041 0.0388 -3.449 -3.037 0.049 0.042 1.054 7433.5 4.3365 16.402102 1.395902 17.030767 15.634866 "" "" 1775.078 2080.32397 5177.33751 2.3209 2104.3 6.7816 4417.9 8.571 "" "" 0.002797977908465227 0.0044753016 0.004326734 0.008802036 338.5615847801 58.53084981141 1914.93262 -3.449 -3.037 -0.08619058036804184 0.4015714530944825 0.122992024 0.115992025 "" "" 3.727988039063469 "" 0.4335991707676905 ""
338.50321684444 58.42865808339 0.0466 0.0445 6.0698 "" "" 2008016924521330176 1838.77466 0.5402 0.0544 -7.355 -4.992 0.065 0.058 1.438 5804.4 4.6496 16.41474 1.313147 16.97314 15.659994 "" "" 1662.55444 2078.25903 5117.41874 4.8453 2219.0 7.5768 4316.8 7.2832 "" "" 0.002940846441880102 0.0046399147 0.0041999193 0.0088398345 338.50321684444 58.42865808339 1838.77466 -7.354999999999994 -4.991999999999998 -3.9921905803680424 -1.5534285469055176 0.13899203 0.13199203 "" "" 37.33648898541325 "" 5.155862340608344 ""
338.22284290732 58.2711204376 0.0357 0.032 7.1829 "" "" 2008009502817609216 2159.62964 0.4456 0.0412 -2.507 -3.41 0.049 0.04 1.0 6257.5 4.4764 16.41883 1.321592 17.002224 15.680632 "" "" 1989.7655 2462.78345 5098.16807 2.42 2160.4 9.0871 4235.5 8.2197 "" "" 0.0028031060347414993 0.0053517325 0.0043270546 0.009678787 338.22284290732 58.2711204376 2159.62964 -2.5069999999999997 -3.41 0.8558094196319579 0.02857145309448228 0.122992024 0.11399203 "" "" 8.765497619511256 "" 1.0780016717052 ""
338.36351958946 58.30261486431 0.0348 0.0305 4.2971 "" "" 2007963082808715520 2359.89502 0.4033 0.0395 -1.848 -1.497 0.046 0.038 0.975 6587.8 4.3895 16.41975 1.197545 16.928629 15.731084 "" "" 2162.77051 2594.1394 5093.85579 2.3695 2311.9 9.0452 4043.2 15.037 "" "" 0.0028012255994525163 0.005082286 0.0055307066 0.010612993 338.36351958946 58.30261486431 2359.89502 -1.8479999999999999 -1.497 1.514809419631958 1.9415714530944823 0.11999203 0.11199203 "" "" 27.54628633000987 "" 3.170151088675609 ""
338.79256055416 58.5333940611 0.036 0.0346 17.1071 "" "" 2008018986105648384 1839.63171 0.5225 0.0399 -3.869 -3.431 0.048 0.043 1.01 7187.0 4.1884 16.42274 1.469089 17.088846 15.619757 "" "" 1732.19641 1986.05591 5079.84653 2.5387 1994.7 8.4827 4479.8 9.2018 "" "" 0.0028082399033665887 0.0053947936 0.004388325 0.009783119 338.79256055416 58.5333940611 1839.63171 -3.8689999999999993 -3.431 -0.5061905803680422 0.007571453094482372 0.12199203 0.11699203 "" "" 4.414401852762158 "" 0.5385170039593711 ""
338.44190605338 58.14924042478 0.0341 0.0306 13.8115 "" "" 2007957550891016320 2441.50488 0.3898 0.0382 2.232 0.489 0.045 0.037 0.992 5378.2 4.2547 16.422964 1.318443 16.966208 15.647764 "" "" 2224.85889 2680.82617 5078.80192 2.4949 2233.2 19.583 4365.7 23.726 "" "" 0.0028064669433418028 0.009921276 0.007007182 0.016928459 338.44190605338 58.14924042478 2441.50488 2.232 0.4889999999999999 5.594809419631958 3.9275714530944823 0.11899203 0.11099203 "" "" 79.10850680032667 "" 9.2091686919849 ""
338.14895847867 58.12964620456 0.0466 0.0446 15.8343 "" "" 2007959371957029632 1999.02698 0.4855 0.0553 -2.134 -2.86 0.064 0.055 1.571 5743.9 4.3349 16.426603 1.316622 16.92437 15.607748 "" "" 1798.35486 2235.98975 5061.8013 4.4051 2321.0 10.539 4529.6 18.636 "" "" 0.002912830363821604 0.005664815 0.0058513177 0.011516133 338.14895847867 58.12964620456 1999.02698 -2.1339999999999986 -2.8600000000000008 1.228809419631958 0.5785714530944825 0.13799202 0.12899202 "" "" 12.869507670919552 "" 1.755439203453643 ""
338.33213993699 58.13165669794 0.0377 0.0343 14.5019 "" "" 2007957825758032000 1820.68005 0.5305 0.0415 4.959 -4.054 0.049 0.041 1.091 5838.6 4.4619 16.43146 1.351345 16.976976 15.625631 "" "" 1707.2052 1970.35718 5039.21965 2.8165 2211.2 18.091 4455.6 22.332 "" "" 0.0028213539908314646 0.009310877 0.006625507 0.015936384 338.33213993699 58.13165669794 1820.68005 4.958999999999999 -4.054 8.321809419631958 -0.6154285469055178 0.122992024 0.11499203 "" "" 72.0135325933549 "" 8.854057831434075 ""
338.624958468 58.50282784124 0.035 0.032 11.8143 "" "" 2008018676867977472 2245.56812 0.425 0.0386 -1.05 -0.325 0.047 0.041 0.965 6856.0 4.1616 16.431671 1.502399 17.12262 15.62022 "" "" 2063.38013 2494.37085 5038.22959 2.3241 1933.6 7.802 4477.9 8.2283 "" "" 0.0028004700714404063 0.005193974 0.004273648 0.009467622 338.624958468 58.50282784124 2245.56812 -1.0499999999999992 -0.3249999999999998 2.312809419631958 3.1135714530944822 0.12099203 0.11499203 "" "" 41.28362155745682 "" 4.836817941277028 ""
