Clusters/UBC_389/UBC_389_members.tsv
# %ECSV 1.0
# ---
# datatype:
# - name: RA_ICRS_1
#   unit: deg
#   datatype: float64
#   format: '{:15.11f}'
#   description: Right ascension (ICRS) at Ep=2016.0 (ra)
#   meta: !!omap
#   - {ucd: POS_EQ_RA_MAIN}
#   - {width: 15}
#   - {precision: '11'}
# - name: DE_ICRS_1
#   unit: deg
#   datatype: float64
#   format: '{:15.11f}'
#   description: Declination (ICRS) at Ep=2016.0 (dec)
#   meta: !!omap
#   - {ucd: POS_EQ_DEC_MAIN}
#   - {width: 15}
#   - {precision: '11'}
# - name: e_RA_ICRS
#   unit: mas
#   datatype: float64
#   format: '{:7.4f}'
#   description: Standard error of right ascension (ra_error)
#   meta: !!omap
#   - {ucd: ERROR}
#   - {width: 7}
#   - {precision: '4'}
# - name: e_DE_ICRS
#   unit: mas
#   datatype: float64
#   format: '{:7.4f}'
#   description: Standard error of declination (dec_error)
#   meta: !!omap
#   - {ucd: ERROR}
#   - {width: 7}
#   - {precision: '4'}
# - name: _r_1
#   unit: ''
#   datatype: float64
#   format: '{:7.4f}'
#   description: Distance from center (338.34161319000+58.37330439000)[ICRS], at Epoch=J2016.0
#   meta: !!omap
#   - {ucd: POS_ANG_DIST_GENERAL}
#   - {width: 7}
#   - {precision: '4'}
# - name: HIP
#   datatype: int32
#   description: '? HIP cross-id number, van Leeuwen, Cat. I/311 (hip_original_ext_source_id)'
#   meta: !!omap
#   - {ucd: ID_NUMBER}
#   - {width: 6}
#   - values: {'null': -2147483648}
# - name: TYC2
#   datatype: string
#   description: Tycho-2 cross-id name, Hog et al., Cat. I/259 (tyc2_original_ext_source_id)
#   meta: !!omap
#   - {ucd: ID_CROSSID}
#   - {_votable_string_dtype: char}
# - name: Source
#   datatype: int64
#   description: Source identifier, identical to the Gaia-EDR3 source_id (id)
#   meta: !!omap
#   - {ucd: ID_MAIN}
#   - {width: 19}
# - name: rgeo
#   unit: pc
#   datatype: float64
#   format: '{:15.8f}'
#   description: '? Median of the geometric distance posterior (r_med_geo)'
#   meta: !!omap
#   - {ucd: PHYS_DISTANCE_TRUE}
#   - {width: 15}
#   - {precision: '8'}
#   - values: {'null': .nan}
# - name: Plx
#   unit: mas
#   datatype: float64
#   format: '{:9.4f}'
#   description: '? Parallax (parallax)'
#   meta: !!omap
#   - {ucd: POS_PARLX_TRIG}
#   - {width: 9}
#   - {precision: '4'}
#   - values: {'null': .nan}
# - name: e_Plx
#   unit: mas
#   datatype: float32
#   format: '{:7.4f}'
#   description: '? Standard error of parallax (parallax_error)'
#   meta: !!omap
#   - {ucd: ERROR}
#   - {width: 7}
#   - {precision: '4'}
#   - values: {'null': .nan}
# - name: pmRA
#   unit: mas / yr
#   datatype: float64
#   format: '{:9.3f}'
#   description: '? Proper motion in right ascension direction, pmRA*cosDE (pmra)'
#   meta: !!omap
#   - {ucd: POS_EQ_PMRA}
#   - {width: 9}
#   - {precision: '3'}
#   - values: {'null': .nan}
# - name: pmDE
#   unit: mas / yr
#   datatype: float64
#   format: '{:9.3f}'
#   description: '? Proper motion in declination direction (pmdec)'
#   meta: !!omap
#   - {ucd: POS_EQ_PMDEC}
#   - {width: 9}
#   - {precision: '3'}
#   - values: {'null': .nan}
# - name: e_pmRA
#   unit: mas / yr
#   datatype: float32
#   format: '{:6.3f}'
#   description: '? Standard error of proper motion in right ascension direction (pmra_error)'
#   meta: !!omap
#   - {ucd: ERROR}
#   - {width: 6}
#   - {precision: '3'}
#   - values: {'null': .nan}
# - name: e_pmDE
#   unit: mas / yr
#   datatype: float32
#   format: '{:6.3f}'
#   description: '? Standard error of proper motion in declination direction (pmdec_error)'
#   meta: !!omap
#   - {ucd: ERROR}
#   - {width: 6}
#   - {precision: '3'}
#   - values: {'null': .nan}
# - name: RUWE
#   datatype: float64
#   format: '{:7.3f}'
#   description: '? Renormalised unit weight error (ruwe)'
#   meta: !!omap
#   - {ucd: ERROR}
#   - {width: 7}
#   - {precision: '3'}
#   - values: {'null': .nan}
# - name: Teff
#   unit: K
#   datatype: float64
#   format: '{:7.1f}'
#   description: '? Effective temperature from GSP-Phot Aeneas best library using BP/RP spectra (teff_gspphot)'
#   meta: !!omap
#   - {ucd: PHYS_TEMP_EFFEC}
#   - {width: 7}
#   - {precision: '1'}
#   - values: {'null': .nan}
# - name: logg
#   unit: log(cm.s**-2)
#   datatype: float64
#   format: '{:7.4f}'
#   description: '? Surface gravity from GSP-Phot Aeneas best library using BP/RP spectra (logg_gspphot)'
#   meta: !!omap
#   - {ucd: PHYS_GRAVITY_SURFACE}
#   - {width: 7}
#   - {precision: '4'}
#   - values: {'null': .nan}
# - name: Gmag
#   unit: mag
#   datatype: float64
#   format: '{:9.6f}'
#   description: '? G-band mean magnitude (phot_g_mean_mag)'
#   meta: !!omap
#   - {ucd: PHOT_MAG_OPTICAL}
#   - {width: 9}
#   - {precision: '6'}
#   - values: {'null': .nan}
# - name: BP-RP
#   unit: mag
#   datatype: float64
#   format: '{:9.6f}'
#   description: '? BP-RP colour (bp_rp)'
#   meta: !!omap
#   - {ucd: PHOT_CI_B-R}
#   - {width: 9}
#   - {precision: '6'}
#   - values: {'null': .nan}
# - name: BPmag
#   unit: mag
#   datatype: float64
#   format: '{:9.6f}'
#   description: '? Integrated BP mean magnitude (phot_bp_mean_mag)'
#   meta: !!omap
#   - {ucd: PHOT_MAG_B}
#   - {width: 9}
#   - {precision: '6'}
#   - values: {'null': .nan}
# - name: RPmag
#   unit: mag
#   datatype: float64
#   format: '{:9.6f}'
#   description: '? Integrated RP mean magnitude (phot_rp_mean_mag)'
#   meta: !!omap
#   - {ucd: PHOT_MAG_R}
#   - {width: 9}
#   - {precision: '6'}
#   - values: {'null': .nan}
# - name: RV
#   unit: km / s
#   datatype: float64
#   format: '{:7.2f}'
#   description: '? Radial velocity (radial_velocity)'
#   meta: !!omap
#   - {ucd: VELOC_BARYCENTER}
#   - {width: 7}
#   - {precision: '2'}
#   - values: {'null': .nan}
# - name: e_RV
#   unit: km / s
#   datatype: float32
#   format: '{:5.2f}'
#   description: '? Radial velocity error (radial_velocity_error)'
#   meta: !!omap
#   - {ucd: ERROR}
#   - {width: 5}
#   - {precision: '2'}
#   - values: {'null': .nan}
# - name: b_rgeo
#   unit: pc
#   datatype: float64
#   format: '{:14.8f}'
#   description: '? 16th percentile of the geometric distance posterior (r_lo_geo)'
#   meta: !!omap
#   - {ucd: ERROR}
#   - {width: 14}
#   - {precision: '8'}
#   - values: {'null': .nan}
# - name: B_rgeo
#   unit: pc
#   datatype: float64
#   format: '{:14.8f}'
#   description: '? 84th percentile of the geometric distance posterior (r_hi_geo)'
#   meta: !!omap
#   - {ucd: ERROR}
#   - {width: 14}
#   - {precision: '8'}
#   - values: {'null': .nan}
# - name: FG
#   unit: ''
#   datatype: float64
#   format: '{:16.5f}'
#   description: '? G-band mean flux (phot_g_mean_flux)'
#   meta: !!omap
#   - {ucd: PHOT_FLUX_OPTICAL}
#   - {width: 16}
#   - {precision: '5'}
#   - values: {'null': .nan}
# - name: e_FG
#   unit: ''
#   datatype: float32
#   format: '{:11.4g}'
#   description: '? Error on G-band mean flux (phot_g_mean_flux_error)'
#   meta: !!omap
#   - {ucd: ERROR}
#   - {width: 11}
#   - {precision: E4}
#   - values: {'null': .nan}
# - name: FBP
#   unit: ''
#   datatype: float32
#   format: '{:11.4g}'
#   description: '? Integrated BP mean flux (phot_bp_mean_flux)'
#   meta: !!omap
#   - {ucd: PHOT_FLUX_B}
#   - {width: 11}
#   - {precision: E4}
#   - values: {'null': .nan}
# - name: e_FBP
#   unit: ''
#   datatype: float32
#   format: '{:11.4g}'
#   description: '? Error on the integrated BP mean flux (phot_bp_mean_flux_error)'
#   meta: !!omap
#   - {ucd: ERROR}
#   - {width: 11}
#   - {precision: E4}
#   - values: {'null': .nan}
# - name: FRP
#   unit: ''
#   datatype: float32
#   format: '{:11.4g}'
#   description: '? Integrated RP mean flux (phot_rp_mean_flux)'
#   meta: !!omap
#   - {ucd: PHOT_FLUX_R}
#   - {width: 11}
#   - {precision: E4}
#   - values: {'null': .nan}
# - name: e_FRP
#   unit: ''
#   datatype: float32
#   format: '{:11.4g}'
#   description: '? Error on the integrated RP mean flux (phot_rp_mean_flux_error)'
#   meta: !!omap
#   - {ucd: ERROR}
#   - {width: 11}
#   - {precision: E4}
#   - values: {'null': .nan}
# - name: RAVE5
#   datatype: string
#   description: RAVE DR5 cross-id name, Kunder et al., Cat. III/279 (rave5_original_ext_source_id)
#   meta: !!omap
#   - {ucd: ID_CROSSID}
#   - {_votable_string_dtype: char}
# - name: RAVE6
#   datatype: string
#   description: RAVE DR6 cross-id name, Steinmetz et al., Cat. III/283 (rave6_original_ext_source_id)
#   meta: !!omap
#   - {ucd: ID_CROSSID}
#   - {_votable_string_dtype: char}
# - name: e_Gmag
#   unit: ''
#   datatype: float64
#   format: '{:11.4g}'
#   description: '? Error on G-band mean flux (phot_g_mean_flux_error)'
#   meta: !!omap
#   - {ucd: ERROR}
#   - {width: 11}
#   - {precision: E4}
#   - values: {'null': .nan}
# - name: e_BPmag
#   unit: ''
#   datatype: float32
#   format: '{:11.4g}'
#   description: '? Error on the integrated BP mean flux (phot_bp_mean_flux_error)'
#   meta: !!omap
#   - {ucd: ERROR}
#   - {width: 11}
#   - {precision: E4}
#   - values: {'null': .nan}
# - name: e_RPmag
#   unit: ''
#   datatype: float32
#   format: '{:11.4g}'
#   description: '? Error on the integrated RP mean flux (phot_rp_mean_flux_error)'
#   meta: !!omap
#   - {ucd: ERROR}
#   - {width: 11}
#   - {precision: E4}
#   - values: {'null': .nan}
# - name: e_BP-RP
#   unit: ''
#   datatype: float32
#   format: '{:11.4g}'
#   description: '? Error on the integrated BP mean flux (phot_bp_mean_flux_error)'
#   meta: !!omap
#   - {ucd: ERROR}
#   - {width: 11}
#   - {precision: E4}
#   - values: {'null': .nan}
# - name: SkyCoord.ra
#   unit: deg
#   datatype: float64
#   format: '{:15.11f}'
#   description: Right ascension (ICRS) at Ep=2016.0 (ra)
#   meta: !!omap
#   - {ucd: POS_EQ_RA_MAIN}
#   - {width: 15}
#   - {precision: '11'}
# - name: SkyCoord.dec
#   unit: deg
#   datatype: float64
#   format: '{:15.11f}'
#   description: Declination (ICRS) at Ep=2016.0 (dec)
#   meta: !!omap
#   - {ucd: POS_EQ_DEC_MAIN}
#   - {width: 15}
#   - {precision: '11'}
# - name: SkyCoord.distance
#   unit: pc
#   datatype: float64
#   format: '{:15.8f}'
#   description: '? Median of the geometric distance posterior (r_med_geo)'
#   meta: !!omap
#   - {ucd: PHYS_DISTANCE_TRUE}
#   - {width: 15}
#   - {precision: '8'}
#   - values: {'null': .nan}
# - {name: SkyCoord.pm_ra_cosdec, unit: mas / yr, datatype: float64}
# - {name: SkyCoord.pm_dec, unit: mas / yr, datatype: float64}
# - {name: Pmemb, datatype: float64}
# meta: !!omap
# - {ID: I_352_gedr3dis}
# - {name: I/352/gedr3dis}
# - {description: Estimating distances from parallaxes (1467744818 sources)}
# - __serialized_columns__:
#     SkyCoord:
#       __class__: astropy.coordinates.sky_coordinate.SkyCoord
#       dec: !astropy.table.SerializedColumn
#         __class__: astropy.coordinates.angles.Latitude
#         unit: &id001 !astropy.units.Unit {unit: deg}
#         value: !astropy.table.SerializedColumn {name: SkyCoord.dec}
#       distance: !astropy.table.SerializedColumn
#         __class__: astropy.coordinates.distances.Distance
#         unit: !astropy.units.Unit {unit: pc}
#         value: !astropy.table.SerializedColumn {name: SkyCoord.distance}
#       frame: icrs
#       obstime: !astropy.time.Time {format: jyear_str, in_subfmt: '*', jd1: 367701545.0, jd2: 0.0, out_subfmt: '*', precision: 3, scale: tt}
#       pm_dec: !astropy.table.SerializedColumn
#         __class__: astropy.units.quantity.Quantity
#         unit: !astropy.units.Unit {unit: mas / yr}
#         value: !astropy.table.SerializedColumn {name: SkyCoord.pm_dec}
#       pm_ra_cosdec: !astropy.table.SerializedColumn
#         __class__: astropy.units.quantity.Quantity
#         unit: !astropy.units.Unit {unit: mas / yr}
#         value: !astropy.table.SerializedColumn {name: SkyCoord.pm_ra_cosdec}
#       ra: !astropy.table.SerializedColumn
#         __class__: astropy.coordinates.angles.Longitude
#         unit: *id001
#         value: !astropy.table.SerializedColumn {name: SkyCoord.ra}
#         wrap_angle: !astropy.coordinates.Angle
#           unit: *id001
#           value: 360.0
#       representation_type: spherical
# schema: astropy-2.0
RA_ICRS_1 DE_ICRS_1 e_RA_ICRS e_DE_ICRS _r_1 HIP TYC2 Source rgeo Plx e_Plx pmRA pmDE e_pmRA e_pmDE RUWE Teff logg Gmag BP-RP BPmag RPmag RV e_RV b_rgeo B_rgeo FG e_FG FBP e_FBP FRP e_FRP RAVE5 RAVE6 e_Gmag e_BPmag e_RPmag e_BP-RP SkyCoord.ra SkyCoord.dec SkyCoord.distance SkyCoord.pm_ra_cosdec SkyCoord.pm_dec Pmemb
338.46193880669 58.43711485893 0.0092 0.009 5.3819 "" "" 2008017336838174336 2278.3042 0.4142 0.0107 -3.441 -3.513 0.013 0.011 1.001 "" "" 13.071629 0.672313 13.325163 12.65285 "" "" 2229.79712 2341.45703 111248.83565 24.416 63878.0 35.328 68868.0 24.821 "" "" 0.0027656049761263755 0.0028540522 0.003799586 0.0066536386 338.46193880669 58.43711485893 2278.3042 -3.441 -3.5130000000000012 0.97
338.40120146514 58.34625973781 0.01 0.0088 2.4801 "" "" 2008010224372123136 2190.56763 0.4282 0.0114 -3.345 -3.416 0.013 0.011 0.969 11651.8 3.9259 13.167166 0.504481 13.350311 12.84583 "" "" 2123.64136 2246.59912 101878.03873 28.864 62415.0 40.237 57654.0 19.629 "" "" 0.002772438136810455 0.0028766238 0.003797416 0.00667404 338.40120146514 58.34625973781 2190.56763 -3.3449999999999993 -3.4160000000000004 0.99
338.37614973746 58.42892735718 0.009 0.0086 3.5096 "" "" 2008017474277111168 2266.47046 0.4134 0.0106 -3.302 -3.444 0.012 0.011 0.912 "" "" 13.200807 0.673778 13.454132 12.780354 "" "" 2214.43311 2314.04639 98769.77948 29.146 56724.0 48.367 61237.0 48.855 "" "" 0.0027738852277017735 0.002939747 0.0038773746 0.0068171215 338.37614973746 58.42892735718 2266.47046 -3.3020000000000005 -3.4440000000000017 0.99
338.3318891847 58.44377868848 0.0119 0.0106 4.2395 "" "" 2008014622418803328 2033.70215 0.4654 0.0124 -3.386 -3.419 0.015 0.013 0.954 7388.1 3.634 13.688216 0.683576 13.946754 13.263179 "" "" 1987.93896 2083.8811 63046.41154 15.106 36034.0 22.047 39254.0 22.608 "" "" 0.002767573699364877 0.0028681592 0.003830764 0.006698923 338.3318891847 58.44377868848 2033.70215 -3.386 -3.4189999999999987 0.99
338.34698309058 58.37395299202 0.0111 0.0104 0.1734 "" "" 2008010533609726464 2243.53174 0.4225 0.0132 -3.347 -3.399 0.015 0.013 0.963 "" "" 13.807859 0.605768 14.033816 13.428048 "" "" 2178.2627 2325.63232 56468.04963 11.477 33258.0 25.316 33724.0 16.725 "" "" 0.002764142929120703 0.002909998 0.0038175466 0.0067275446 338.34698309058 58.37395299202 2243.53174 -3.3470000000000004 -3.399 0.99
338.35859205572 58.33658154025 0.0116 0.0108 2.2673 "" "" 2008010155652638080 2081.23926 0.4534 0.0142 -3.374 -3.465 0.016 0.013 0.935 7975.9 3.8778 13.819612 0.561545 14.028492 13.466947 "" "" 2017.69189 2131.34546 55860.09291 15.689 33421.0 25.302 32537.0 15.175 "" "" 0.002772143451549838 0.0029087274 0.0038131543 0.0067218817 338.35859205572 58.33658154025 2081.23926 -3.3740000000000006 -3.464999999999999 0.93
338.31382563717 58.34962517101 0.0119 0.0108 1.6684 "" "" 2008010396170780288 2324.93359 0.4046 0.0137 -3.362 -3.453 0.017 0.013 0.992 9992.1 3.7973 13.849347 0.587 14.067571 13.480571 "" "" 2260.92896 2401.20044 54351.05422 14.707 32240.0 25.957 32131.0 22.219 "" "" 0.002770939068329527 0.002923898 0.003853236 0.006777134 338.31382563717 58.34962517101 2324.93359 -3.362000000000001 -3.453 0.99
338.32232833662 58.39521187063 0.0113 0.0111 1.4477 "" "" 2008011255164206720 2189.073 0.43 0.0138 -3.326 -3.435 0.016 0.013 1.039 "" "" 13.888528 0.675918 14.144192 13.468274 "" "" 2126.03857 2254.29541 52424.67723 14.916 30043.0 25.095 32497.0 19.035 "" "" 0.0027725834041297487 0.0029338624 0.0038325163 0.006766379 338.32232833662 58.39521187063 2189.073 -3.3260000000000005 -3.4350000000000005 0.99
338.35570313559 58.40996966211 0.0121 0.012 2.2441 "" "" 2008011392603161472 2177.06812 0.4298 0.0145 -3.344 -3.399 0.017 0.015 0.981 "" "" 14.203851 0.645634 14.447453 13.80182 "" "" 2124.5249 2250.06201 39210.85963 10.037 22721.0 20.986 23902.0 11.405 "" "" 0.0027693012942365306 0.0029649136 0.003814724 0.0067796377 338.35570313559 58.40996966211 2177.06812 -3.3440000000000003 -3.399000000000001 0.98
338.29307195363 58.33615111422 0.0133 0.0118 2.7026 "" "" 2008009949494184704 2076.23267 0.4597 0.0153 -3.293 -3.431 0.018 0.014 1.057 "" "" 14.229316 0.691251 14.492413 13.801162 "" "" 2011.91479 2144.74609 38301.90111 8.2425 21800.0 17.23 23916.0 19.026 "" "" 0.0027652090358941247 0.0029191498 0.0038768253 0.0067959754 338.29307195363 58.33615111422 2076.23267 -3.293000000000001 -3.431000000000002 0.96
338.42413943573 58.30619084833 0.0145 0.0124 4.7927 "" "" 2007963014089260800 2275.91992 0.4132 0.016 -3.262 -3.593 0.019 0.015 0.96 9497.3 3.7972 14.251274 0.635908 14.492169 13.856261 "" "" 2202.00024 2361.08398 37535.07009 9.4783 21805.0 21.155 22733.0 11.806 "" "" 0.0027689271845362322 0.002982388 0.0038212123 0.0068036 338.42413943573 58.30619084833 2275.91992 -3.2619999999999982 -3.592999999999999 0.96
338.40484932433 58.35701142593 0.0211 0.0201 2.2172 "" "" 2008010224372115968 1923.63635 0.4994 0.0251 -3.566 -3.397 0.029 0.025 1.404 "" "" 14.77267 0.755155 15.05215 14.296995 "" "" 1838.48706 2006.52808 23220.89047 8.6605 13018.0 12.939 15148.0 13.288 "" "" 0.0027849172433510767 0.0029915895 0.0038975417 0.006889131 338.40484932433 58.35701142593 1923.63635 -3.566 -3.3970000000000007 0.93
338.38462126055 58.40428408604 0.0156 0.0149 2.2988 "" "" 2008011323883698688 2304.29932 0.4084 0.0183 -3.361 -3.457 0.022 0.019 1.015 8596.6 4.3676 14.808708 0.742477 15.087905 14.345427 "" "" 2215.2124 2405.53369 22462.78788 6.087 12597.0 11.212 14487.0 22.37 "" "" 0.002770983854181221 0.0029527792 0.004134548 0.007087327 338.38462126055 58.40428408604 2304.29932 -3.361 -3.456999999999998 0.98
338.37388135109 58.41144252121 0.0166 0.0156 2.5032 "" "" 2008011392603166592 2241.8877 0.4197 0.0192 -3.299 -3.374 0.024 0.019 0.981 "" "" 14.863342 0.791659 15.173626 14.381967 "" "" 2157.40234 2345.14038 21360.41741 5.8297 11640.0 12.866 14008.0 11.903 "" "" 0.002771208195895678 0.0030373132 0.0038903577 0.006927671 338.37388135109 58.41144252121 2241.8877 -3.2990000000000004 -3.3739999999999988 0.97
338.44270134715 58.2660226877 0.022 0.02 7.1819 "" "" 2007961880217934592 1848.15161 0.518 0.0253 -3.531 -3.463 0.028 0.024 0.931 7159.1 4.0956 15.467584 1.093413 15.92594 14.832526 "" "" 1761.70239 1975.93835 12243.71946 3.3238 5821.6 8.9081 9250.1 8.2671 "" "" 0.0027710401962548624 0.0032473386 0.0039019634 0.007149302 338.44270134715 58.2660226877 1848.15161 -3.530999999999999 -3.463 0.97
338.41129350862 58.38590823808 0.0224 0.0208 2.3187 "" "" 2008016370455846272 2380.49658 0.3959 0.026 -3.372 -3.39 0.031 0.026 1.054 "" "" 15.683784 1.010586 16.095312 15.084726 "" "" 2257.82324 2535.75513 10033.06166 2.9375 4980.7 11.123 7332.8 9.7877 "" "" 0.00277359687939682 0.0036965064 0.0040477123 0.0077442187 338.41129350862 58.38590823808 2380.49658 -3.371999999999999 -3.3899999999999997 0.92
338.25054486455 58.38272833727 0.0235 0.0235 2.9202 "" "" 2008011117725239680 2209.30444 0.43 0.0286 -3.253 -3.491 0.033 0.028 1.029 7883.0 4.3551 15.728525 1.087635 16.18041 15.092775 "" "" 2088.91846 2359.54712 9628.017 3.4217 4605.2 8.6828 7278.6 9.7831 "" "" 0.0027822072315217146 0.0034605777 0.004051341 0.007511919 338.25054486455 58.38272833727 2209.30444 -3.253000000000001 -3.491 0.99
338.47474193772 58.25733984031 0.0301 0.0264 8.1249 "" "" 2007961845858214784 2475.44604 0.3826 0.0337 -3.348 -3.406 0.039 0.033 0.897 7178.4 4.3357 16.068426 1.263836 16.614178 15.350342 "" "" 2290.4917 2709.96338 7040.06114 3.2401 3088.5 10.531 5741.4 13.365 "" "" 0.002800265334879016 0.004635782 0.0045465943 0.009182377 338.47474193772 58.25733984031 2475.44604 -3.3480000000000008 -3.4059999999999997 0.95
338.24967493801 58.35457453088 0.0314 0.0306 3.104 "" "" 2008010808487612160 2152.87964 0.44 0.0383 -3.346 -3.434 0.042 0.035 1.08 7574.4 4.0342 16.171392 1.251681 16.711771 15.46009 "" "" 1970.11816 2326.1731 6403.09604 2.5366 2823.0 10.509 5189.5 8.5622 "" "" 0.002788689613412632 0.0049113333 0.0041824295 0.009093763 338.24967493801 58.35457453088 2152.87964 -3.346 -3.434 0.98
338.34606295155 58.39830944358 0.0304 0.0292 1.5068 "" "" 2008011358243427968 1972.99805 0.4829 0.0361 -3.369 -3.415 0.042 0.036 1.005 7189.4 4.3474 16.298292 1.195846 16.815975 15.62013 "" "" 1821.06421 2133.72461 5696.78523 2.494 2564.6 7.4395 4478.2 9.4417 "" "" 0.00279601922449328 0.0042076963 0.004418581 0.008626277 338.34606295155 58.39830944358 1972.99805 -3.369 -3.415 0.93
338.21418239252 58.40201964546 0.032 0.0308 4.3624 "" "" 2008014107022455936 2028.83459 0.4742 0.0382 -3.392 -3.416 0.045 0.037 1.021 7329.7 4.3009 16.35243 1.313159 16.933182 15.620023 "" "" 1887.33179 2162.19751 5419.69375 2.4593 2302.2 9.702 4478.7 9.9957 "" "" 0.0027990210206638535 0.0053591635 0.0044894903 0.009848654 338.21418239252 58.40201964546 2028.83459 -3.392 -3.416 0.97
