Clusters/UBC_389/UBC_389_stars_in_region.tsv
# %ECSV 1.0
# ---
# datatype:
# - name: RA_ICRS_1
#   unit: deg
#   datatype: float64
#   format: '{:15.11f}'
#   description: Right ascension (ICRS) at Ep=2016.0 (ra)
#   meta: !!omap
#   - {ucd: POS_EQ_RA_MAIN}
#   - {width: 15}
#   - {precision: '11'}
# - name: DE_ICRS_1
#   unit: deg
#   datatype: float64
#   format: '{:15.11f}'
#   description: Declination (ICRS) at Ep=2016.0 (dec)
#   meta: !!omap
#   - {ucd: POS_EQ_DEC_MAIN}
#   - {width: 15}
#   - {precision: '11'}
# - name: e_RA_ICRS
#   unit: mas
#   datatype: float64
#   format: '{:7.4f}'
#   description: Standard error of right ascension (ra_error)
#   meta: !!omap
#   - {ucd: ERROR}
#   - {width: 7}
#   - {precision: '4'}
# - name: e_DE_ICRS
#   unit: mas
#   datatype: float64
#   format: '{:7.4f}'
#   description: Standard error of declination (dec_error)
#   meta: !!omap
#   - {ucd: ERROR}
#   - {width: 7}
#   - {precision: '4'}
# - name: _r_1
#   unit: ''
#   datatype: float64
#   format: '{:7.4f}'
#   description: Distance from center (338.34161319000+58.37330439000)[ICRS], at Epoch=J2016.0
#   meta: !!omap
#   - {ucd: POS_ANG_DIST_GENERAL}
#   - {width: 7}
#   - {precision: '4'}
# - name: HIP
#   datatype: int32
#   description: '? HIP cross-id number, van Leeuwen, Cat. I/311 (hip_original_ext_source_id)'
#   meta: !!omap
#   - {ucd: ID_NUMBER}
#   - {width: 6}
#   - values: {'null': -2147483648}
# - name: TYC2
#   datatype: string
#   description: Tycho-2 cross-id name, Hog et al., Cat. I/259 (tyc2_original_ext_source_id)
#   meta: !!omap
#   - {ucd: ID_CROSSID}
#   - {_votable_string_dtype: char}
# - name: Source
#   datatype: int64
#   description: Source identifier, identical to the Gaia-EDR3 source_id (id)
#   meta: !!omap
#   - {ucd: ID_MAIN}
#   - {width: 19}
# - name: rgeo
#   unit: pc
#   datatype: float64
#   format: '{:15.8f}'
#   description: '? Median of the geometric distance posterior (r_med_geo)'
#   meta: !!omap
#   - {ucd: PHYS_DISTANCE_TRUE}
#   - {width: 15}
#   - {precision: '8'}
#   - values: {'null': .nan}
# - name: Plx
#   unit: mas
#   datatype: float64
#   format: '{:9.4f}'
#   description: '? Parallax (parallax)'
#   meta: !!omap
#   - {ucd: POS_PARLX_TRIG}
#   - {width: 9}
#   - {precision: '4'}
#   - values: {'null': .nan}
# - name: e_Plx
#   unit: mas
#   datatype: float32
#   format: '{:7.4f}'
#   description: '? Standard error of parallax (parallax_error)'
#   meta: !!omap
#   - {ucd: ERROR}
#   - {width: 7}
#   - {precision: '4'}
#   - values: {'null': .nan}
# - name: pmRA
#   unit: mas / yr
#   datatype: float64
#   format: '{:9.3f}'
#   description: '? Proper motion in right ascension direction, pmRA*cosDE (pmra)'
#   meta: !!omap
#   - {ucd: POS_EQ_PMRA}
#   - {width: 9}
#   - {precision: '3'}
#   - values: {'null': .nan}
# - name: pmDE
#   unit: mas / yr
#   datatype: float64
#   format: '{:9.3f}'
#   description: '? Proper motion in declination direction (pmdec)'
#   meta: !!omap
#   - {ucd: POS_EQ_PMDEC}
#   - {width: 9}
#   - {precision: '3'}
#   - values: {'null': .nan}
# - name: e_pmRA
#   unit: mas / yr
#   datatype: float32
#   format: '{:6.3f}'
#   description: '? Standard error of proper motion in right ascension direction (pmra_error)'
#   meta: !!omap
#   - {ucd: ERROR}
#   - {width: 6}
#   - {precision: '3'}
#   - values: {'null': .nan}
# - name: e_pmDE
[...]
#         value: !astropy.table.SerializedColumn {name: SkyCoord.dec}
#       distance: !astropy.table.SerializedColumn
#         __class__: astropy.coordinates.distances.Distance
#         unit: !astropy.units.Unit {unit: pc}
#         value: !astropy.table.SerializedColumn {name: SkyCoord.distance}
#       frame: icrs
#       obstime: !astropy.time.Time {format: jyear_str, in_subfmt: '*', jd1: 367701545.0, jd2: 0.0, out_subfmt: '*', precision: 3, scale: tt}
#       pm_dec: !astropy.table.SerializedColumn
#         __class__: astropy.units.quantity.Quantity
#         unit: !astropy.units.Unit {unit: mas / yr}
#         value: !astropy.table.SerializedColumn {name: SkyCoord.pm_dec}
#       pm_ra_cosdec: !astropy.table.SerializedColumn
#         __class__: astropy.units.quantity.Quantity
#         unit: !astropy.units.Unit {unit: mas / yr}
#         value: !astropy.table.SerializedColumn {name: SkyCoord.pm_ra_cosdec}
#       ra: !astropy.table.SerializedColumn
#         __class__: astropy.coordinates.angles.Longitude
#         unit: *id001
#         value: !astropy.table.SerializedColumn {name: SkyCoord.ra}
#         wrap_angle: !astropy.coordinates.Angle
#           unit: *id001
#           value: 360.0
#       representation_type: spherical
# schema: astropy-2.0
RA_ICRS_1 DE_ICRS_1 e_RA_ICRS e_DE_ICRS _r_1 HIP TYC2 Source rgeo Plx e_Plx pmRA pmDE e_pmRA e_pmDE RUWE Teff logg Gmag BP-RP BPmag RPmag RV e_RV b_rgeo B_rgeo FG e_FG FBP e_FBP FRP e_FRP RAVE5 RAVE6 e_Gmag e_BPmag e_RPmag e_BP-RP SkyCoord.ra SkyCoord.dec SkyCoord.distance SkyCoord.pm_ra_cosdec SkyCoord.pm_dec rmRA rmDE e_rmRA e_rmDE rRV e_rRV v_pec v_pec3d e_vpec e_vpec3d
[from data line 31]
338.26268742892 58.30432611897 0.0104 0.0094 4.8278 "" "" 2008009708976028416 2648.93628 0.3467 0.0124 -4.738 -4.117 0.014 0.011 1.107 5054.1 2.4469 13.186394 1.65815 13.974126 12.315976 -54.49 5.0 2526.33203 2774.24976 100089.63389 16.86 35137.0 26.294 93922.0 33.502 "" "" 0.0027613834556392772 0.0029060596 0.0037991728 0.0067052324 338.26268742892 58.30432611897 2648.93628 -4.738 -4.117 -1.3751905803680424 -0.6784285469055176 0.08799203 0.08499203 "" "" 19.253710713806623 "" 1.6830229396756473 ""
338.37614973746 58.42892735718 0.009 0.0086 3.5096 "" "" 2008017474277111168 2266.47046 0.4134 0.0106 -3.302 -3.444 0.012 0.011 0.912 "" "" 13.200807 0.673778 13.454132 12.780354 "" "" 2214.43311 2314.04639 98769.77948 29.146 56724.0 48.367 61237.0 48.855 "" "" 0.0027738852277017735 0.002939747 0.0038773746 0.0068171215 338.37614973746 58.42892735718 2266.47046 -3.3020000000000023 -3.4440000000000035 0.06080941963195796 -0.005428546905517528 0.08599203 0.08499203 "" "" 0.6558778081095292 "" 0.05639510895686624 ""
338.01000363435 58.2614083549 0.0109 0.0097 12.4208 "" "" 2008008712543556992 2291.40259 0.4023 0.013 -2.794 -2.17 0.015 0.012 0.97 "" "" 13.259366 2.052999 14.30716 12.254161 -50.33 1.04 2225.73608 2370.25195 93583.75329 22.095 25855.0 17.162 99425.0 31.614 "" "" 0.002767218827846389 0.0028817425 0.0037951167 0.006676859 338.01000363435 58.2614083549 2291.40259 -2.7939999999999996 -2.17 0.568809419631958 1.2685714530944825 0.08899203 0.08599203 "" "" 15.09993879441718 "" 1.3061668517195968 ""
337.94744680092 58.36636619285 0.0097 0.0097 12.4098 "" "" 2008013179309878016 2254.5835 0.4168 0.0124 -3.562 -3.151 0.015 0.012 1.02 7871.8 3.5836 13.299212 0.672884 13.551829 12.878945 "" "" 2202.4729 2326.35107 90211.54449 34.264 51842.0 48.912 55922.0 55.724 "" "" 0.0027860094663528976 0.00297227 0.003931185 0.006903455 337.94744680092 58.36636619285 2254.5835 -3.5619999999999994 -3.151 -0.19919058036804183 0.2875714530944826 0.08899203 0.08599203 "" "" 3.7384334026872454 "" 0.32515415063861075 ""
338.28270689741 58.47761312285 0.0109 0.0097 6.5264 "" "" 2008015687570662144 2528.03418 0.3643 0.0118 -3.077 -2.961 0.014 0.012 1.046 "" "" 13.356319 1.855907 14.267508 12.4116 -59.52 1.0 2465.53711 2585.84546 85589.1798 18.577 26817.0 18.676 86004.0 42.281 "" "" 0.0027653795025847873 0.0028908104 0.003816888 0.006707698 338.28270689741 58.47761312285 2528.03418 -3.077 -2.9610000000000003 0.28580941963195805 0.47757145309448257 0.08799203 0.08599203 "" "" 6.6692195490725865 "" 0.5770471319073166 ""
338.83752114942 58.42728751805 0.0101 0.0101 15.9237 "" "" 2007970607592012928 1918.65845 0.4855 0.0122 0.554 -3.839 0.014 0.012 1.036 "" "" 13.385563 2.138422 14.491855 12.353433 -62.56 0.68 1876.91003 1981.49524 83314.71917 18.637 21811.0 22.302 90737.0 39.91 "" "" 0.0027660037073599314 0.0030029223 0.0038094334 0.0068123555 338.83752114942 58.42728751805 1918.65845 0.5540000000000003 -3.8390000000000026 3.9168094196319583 -0.40042854690551755 0.08799203 0.08599203 "" "" 35.806858769574106 "" 3.149985692290444 ""
338.68079211474 58.47553313039 0.0105 0.0094 12.2953 "" "" 2008018436349837824 2184.52954 0.4241 0.0118 -5.286 -4.151 0.015 0.012 0.997 "" "" 13.389194 1.908112 14.335957 12.427845 -52.85 0.94 2134.01001 2260.26172 83036.5501 16.083 25179.0 16.707 84727.0 25.334 "" "" 0.00276333349272206 0.0028816748 0.0037932994 0.006674974 338.68079211474 58.47553313039 2184.52954 -5.285999999999998 -4.151 -1.9231905803680416 -0.7124285469055174 0.08899203 0.08599203 "" "" 21.236457451234628 "" 1.8823021917598852 ""
338.12623167949 58.50142702509 0.0108 0.01 10.2396 "" "" 2008027507320348288 1844.14502 0.5136 0.0121 -3.163 -3.63 0.014 0.012 1.129 "" "" 13.44588 1.025468 13.866879 12.841412 "" "" 1791.57581 1887.41602 78812.41811 11.402 38785.0 35.964 57889.0 19.223 "" "" 0.0027597939005567593 0.002966248 0.0037965397 0.0067627877 338.12623167949 58.50142702509 1844.14502 -3.163 -3.629999999999999 0.1998094196319582 -0.19142854690551747 0.08799203 0.08599203 "" "" 2.4187948098332095 "" 0.21053331838395395 ""
338.00655138249 58.31564225509 0.0104 0.0099 11.1034 "" "" 2008012114157621888 1879.01685 0.5051 0.0131 -4.069 -4.61 0.015 0.013 0.904 "" "" 13.518531 0.852544 13.857062 13.004518 "" "" 1843.52063 1929.39038 73711.34005 12.795 39137.0 26.655 49814.0 22.939 "" "" 0.002761758206852947 0.0028864946 0.0038123091 0.006698804 338.00655138249 58.31564225509 1879.01685 -4.069 -4.610000000000001 -0.7061905803680419 -1.171428546905518 0.08899203 0.086992025 "" "" 12.182603346963868 "" 1.0663383656140222 ""
338.62544904653 58.5986188444 0.0105 0.01 16.1864 "" "" 2008022937475479040 1850.62891 0.5016 0.0115 4.866 -1.05 0.015 0.013 1.023 "" "" 13.518683 2.232612 14.689213 12.456601 -60.27 0.7 1809.11609 1889.19739 73701.03667 14.964 18186.0 14.478 82512.0 28.26 "" "" 0.0027641246333778395 0.0029209878 0.0037976317 0.0067186197 338.62544904653 58.5986188444 1850.62891 4.866 -1.0500000000000018 8.228809419631958 2.3885714530944826 0.08899203 0.086992025 "" "" 75.16240509174689 "" 6.677294649440285 ""
338.10003978496 58.18914746304 0.0109 0.0104 13.4224 "" "" 2007960505828326144 2095.11035 0.4492 0.0133 1.293 -2.057 0.015 0.013 0.948 4962.2 2.6334 13.536384 1.800993 14.414513 12.61352 -31.78 1.34 2043.65466 2145.06665 72509.20141 14.579 23421.0 21.411 71409.0 24.964 "" "" 0.0027639546730523234 0.0029614556 0.003798394 0.0067598494 338.10003978496 58.18914746304 2095.11035 1.293 -2.057 4.655809419631958 1.3815714530944825 0.08899203 0.086992025 "" "" 48.228744436217795 "" 4.284248366158387 ""
338.7376354302 58.45294716512 0.0107 0.0106 13.3318 "" "" 2007971191707529856 2134.21582 0.4426 0.0126 -1.117 -2.537 0.015 0.014 0.999 "" "" 13.548828 1.053569 13.981585 12.928016 "" "" 2077.97705 2181.81128 71682.89348 16.337 34897.0 36.529 53451.0 55.553 "" "" 0.002766409063108561 0.0030127575 0.0039442475 0.006957005 338.7376354302 58.45294716512 2134.21582 -1.117 -2.5369999999999986 2.245809419631958 0.9015714530944825 0.08899203 0.08799203 "" "" 24.481353100057724 "" 2.1752639518828367 ""
338.69864074523 58.14059304518 0.0104 0.0104 17.9436 "" "" 2007950953821404416 2286.90259 0.4089 0.0127 -4.519 -2.541 0.013 0.013 0.957 5090.5 2.829 13.552837 1.76219 14.406868 12.644678 -97.92 1.15 2221.09399 2356.04663 71418.65079 12.305 23587.0 21.078 69388.0 22.59 "" "" 0.0027616630857501363 0.0029540518 0.0037958755 0.006749927 338.69864074523 58.14059304518 2286.90259 -4.519000000000002 -2.5410000000000013 -1.1561905803680421 0.8975714530944825 0.086992025 0.086992025 "" "" 15.866364244133978 "" 1.380247160940506 ""
338.45426254445 58.35875082301 0.0104 0.0096 3.651 "" "" 2007969198842134656 2588.27441 0.3534 0.0122 -3.963 -2.153 0.014 0.013 1.057 4603.3 2.2009 13.561654 1.820588 14.452656 12.632068 -24.97 1.28 2504.31104 2672.13403 70841.06235 15.219 22613.0 15.797 70199.0 28.967 "" "" 0.0027651755634503527 0.0028914236 0.003805844 0.0066972678 338.45426254445 58.35875082301 2588.27441 -3.963 -2.153 -0.6001905803680421 1.2855714530944824 0.08799203 0.086992025 "" "" 17.406129418564557 "" 1.517324095008778 ""
338.04371433515 58.2080684625 0.0111 0.0105 13.6583 "" "" 2008007608721349760 2216.15063 0.4224 0.0132 -2.01 -1.218 0.016 0.013 1.015 "" "" 13.572001 0.684789 13.83188 13.147091 "" "" 2161.24561 2276.43555 70169.12362 15.804 40056.0 29.926 43684.0 30.261 "" "" 0.002766150381861462 0.0029056885 0.0038534927 0.006759181 338.04371433515 58.2080684625 2216.15063 -2.01 -1.218000000000001 1.3528094196319582 2.2205714530944825 0.08999203 0.086992025 "" "" 27.313922820926305 "" 2.398550056624585 ""
338.69424608834 58.30213313233 0.0949 0.0988 11.8987 "" "" 2007965144393638144 1877.27417 0.5578 0.112 -1.732 -3.632 0.117 0.112 10.385 17145.9 3.8034 13.575985 0.772555 13.758529 12.985973 "" "" 1484.64648 2629.67651 69912.14072 22.873 42855.0 170.46 50672.0 148.5 "" "" 0.0027781233123268384 0.0051415516 0.004940449 0.010082001 338.69424608834 58.30213313233 1877.27417 -1.7319999999999989 -3.631999999999998 1.630809419631958 -0.1934285469055177 0.19099203 0.18599203 "" "" 14.61311537066466 "" 2.789987990377926 ""
338.50597867754 58.33435911932 0.012 0.0097 5.6774 "" "" 2007968958324008064 2479.60864 0.3738 0.0132 -4.098 -4.101 0.016 0.012 0.986 4709.8 2.2508 13.627442 1.778091 14.489916 12.711824 -71.94 1.37 2398.83081 2585.90552 66676.05551 13.023 21850.0 20.73 65227.0 25.944 "" "" 0.0027634688763089623 0.0029742427 0.0038039745 0.006778217 338.50597867754 58.33435911932 2479.60864 -4.097999999999999 -4.100999999999998 -0.7351905803680419 -0.6624285469055176 0.08999203 0.08599203 "" "" 11.63116129122291 "" 1.026125967519623 ""
338.21747597397 58.29126223414 0.0117 0.0104 6.2866 "" "" 2008009773385468672 2373.14062 0.3933 0.0141 0.142 0.544 0.016 0.013 0.984 5040.1 2.7372 13.62985 1.804942 14.509978 12.705036 -45.49 1.77 2298.32202 2438.93506 66528.31454 17.263 21450.0 23.913 65636.0 44.819 "" "" 0.002769686181497761 0.003041403 0.0038514128 0.0068928157 338.21747597397 58.29126223414 2373.14062 0.14200000000000004 0.5439999999999998 3.504809419631958 3.9825714530944825 0.08999203 0.086992025 "" "" 59.675914182519904 "" 5.270213384916388 ""
338.53784958376 58.11160306176 0.0108 0.0104 16.8807 "" "" 2007945387543732736 2377.66309 0.388 0.013 0.051 -1.425 0.013 0.012 1.024 5246.5 2.6898 13.631641 1.872149 14.555571 12.683421 -22.64 1.08 2303.81812 2456.23511 66418.64751 12.42 20568.0 21.49 66956.0 27.036 "" "" 0.0027627902131033 0.0030119638 0.0038047244 0.006816688 338.53784958376 58.11160306176 2377.66309 0.05099999999999977 -1.4249999999999998 3.413809419631958 2.0135714530944826 0.086992025 0.08599203 "" "" 44.668041497787804 "" 3.8742836933258413 ""
338.41925105715 58.50760994967 0.012 0.0108 8.4191 "" "" 2008020944610650880 2623.59717 0.3555 0.0124 -2.891 -2.27 0.016 0.014 0.96 "" "" 13.659648 0.971522 14.052819 13.081297 "" "" 2529.31592 2708.72485 64727.30579 11.086 32681.0 21.156 46413.0 16.449 "" "" 0.002761588179131902 0.0028773332 0.0037989197 0.006676253 338.41925105715 58.50760994967 2623.59717 -2.891 -2.2700000000000005 0.471809419631958 1.1685714530944824 0.08999203 0.08799203 "" "" 15.671951641589024 "" 1.3834429032010462 ""
337.91201291032 58.42649831812 0.0111 0.0105 13.8783 "" "" 2008026132930800512 2351.67261 0.3912 0.0132 -3.695 -2.887 0.015 0.012 1.055 4881.0 2.4564 13.687081 1.824739 14.579365 12.754625 -56.29 1.32 2284.18994 2424.01343 63112.34584 11.415 20122.0 13.5 62706.0 21.74 "" "" 0.002762309267240635 0.002883688 0.0037980813 0.006681769 337.91201291032 58.42649831812 2351.67261 -3.695 -2.887 -0.33219058036804183 0.5515714530944824 0.08899203 0.08599203 "" "" 7.177285800265752 "" 0.6229932683007814 ""
338.3318891847 58.44377868848 0.0119 0.0106 4.2395 "" "" 2008014622418803328 2033.70215 0.4654 0.0124 -3.386 -3.419 0.015 0.013 0.954 7388.1 3.634 13.688216 0.683576 13.946754 13.263179 "" "" 1987.93896 2083.8811 63046.41154 15.106 36034.0 22.047 39254.0 22.608 "" "" 0.002767573699364877 0.0028681592 0.003830764 0.006698923 338.3318891847 58.44377868848 2033.70215 -3.386 -3.4189999999999974 -0.023190580368042113 0.019571453094482383 0.08899203 0.086992025 "" "" 0.29252225187421216 "" 0.025790400818901268 ""
338.10091527858 58.16268714906 0.0114 0.0106 14.7441 "" "" 2007960230950442240 2059.8501 0.4523 0.0142 -1.797 -4.889 0.017 0.013 0.982 5011.2 2.9253 13.713636 1.837349 14.615908 12.778559 -5.93 1.5 2007.20422 2112.11523 61587.46673 11.916 19456.0 20.002 61339.0 27.623 "" "" 0.00276331657464353 0.003005156 0.0038108781 0.006816034 338.10091527858 58.16268714906 2059.8501 -1.796999999999999 -4.888999999999998 1.565809419631958 -1.4504285469055178 0.09099203 0.086992025 "" "" 20.839249991719033 "" 1.85817592316615 ""
338.40005450147 58.22035261318 0.0114 0.0103 9.3603 "" "" 2007961674059523968 2352.83911 0.3993 0.0135 -3.188 -1.755 0.015 0.013 0.97 "" "" 13.741382 0.722403 14.017989 13.295587 "" "" 2288.99829 2422.01343 60033.5373 10.689 33746.0 22.616 38100.0 19.918 "" "" 0.0027620934844894847 0.0028834895 0.0038217667 0.006705256 338.40005450147 58.22035261318 2352.83911 -3.188 -1.7550000000000008 0.17480941963195784 1.6835714530944825 0.08899203 0.086992025 "" "" 18.876901095783108 "" 1.6425471278119397 ""
338.83478252455 58.43518770248 0.0114 0.0112 15.9414 "" "" 2007970607592008192 2231.01807 0.4178 0.0136 -3.344 -2.384 0.016 0.014 0.931 4646.3 2.2257 13.762252 1.952204 14.741932 12.789728 -96.94 1.22 2166.66992 2293.8374 58890.60826 13.031 17324.0 15.417 60711.0 23.373 "" "" 0.0027657743040865055 0.0029527324 0.0038024266 0.0067551592 338.83478252455 58.43518770248 2231.01807 -3.3440000000000003 -2.383999999999999 0.018809419631958146 1.0545714530944825 0.08999203 0.08799203 "" "" 11.153893915146826 "" 0.9814609140579162 ""
338.7630482085 58.53864889213 0.0122 0.0112 16.5352 "" "" 2008019054825115392 2206.89478 0.4206 0.0133 -8.674 -2.581 0.016 0.014 1.003 "" "" 13.784804 1.94315 14.745289 12.802139 -80.27 1.54 2134.55786 2263.57764 57679.99245 13.099 17270.0 28.475 60021.0 30.255 "" "" 0.0027663306628710497 0.0033150834 0.0038188028 0.007133886 338.7630482085 58.53864889213 2206.89478 -8.674000000000005 -2.5810000000000004 -5.3111905803680415 0.8575714530944825 0.08999203 0.08799203 "" "" 56.27824562331109 "" 5.061764739538109 ""
338.89633946178 58.44173745022 0.0113 0.0116 17.9133 "" "" 2008342998430955520 2260.20947 0.4115 0.0139 -4.483 -2.899 0.016 0.014 0.932 8599.8 3.6214 13.793864 0.980317 14.190558 13.210241 "" "" 2196.89868 2335.63672 57200.66432 11.588 28787.0 18.382 41216.0 19.019 "" "" 0.002764085587131809 0.0028750151 0.003812445 0.0066874605 338.89633946178 58.44173745022 2260.20947 -4.483000000000001 -2.899 -1.1201905803680416 0.5395714530944824 0.08999203 0.08799203 "" "" 13.320691206068945 "" 1.193784364587849 ""
338.34698309058 58.37395299202 0.0111 0.0104 0.1734 "" "" 2008010533609726464 2243.53174 0.4225 0.0132 -3.347 -3.399 0.015 0.013 0.963 "" "" 13.807859 0.605768 14.033816 13.428048 "" "" 2178.2627 2325.63232 56468.04963 11.477 33258.0 25.316 33724.0 16.725 "" "" 0.002764142929120703 0.002909998 0.0038175466 0.0067275446 338.34698309058 58.37395299202 2243.53174 -3.3470000000000004 -3.399 0.015809419631958033 0.0395714530944824 0.08899203 0.086992025 "" "" 0.4531573911743768 "" 0.03954706033341041 ""
338.654306458 58.56758555157 0.0124 0.011 15.2362 "" "" 2008019845099054720 2301.92236 0.4037 0.0129 -4.797 -3.471 0.017 0.014 0.981 "" "" 13.809382 2.141227 14.91563 12.774404 -98.29 1.33 2245.64795 2349.96094 56388.90078 13.408 14763.0 13.192 61574.0 22.6 "" "" 0.002767388253639986 0.0029540367 0.0038003335 0.0067543704 338.654306458 58.56758555157 2301.92236 -4.797000000000002 -3.470999999999999 -1.4341905803680417 -0.03242854690551766 0.09099203 0.08799203 "" "" 15.652613771032582 "" 1.4242395562818146 ""
338.35859205572 58.33658154025 0.0116 0.0108 2.2673 "" "" 2008010155652638080 2081.23926 0.4534 0.0142 -3.374 -3.465 0.016 0.013 0.935 7975.9 3.8778 13.819612 0.561545 14.028492 13.466947 "" "" 2017.69189 2131.34546 55860.09291 15.689 33421.0 25.302 32537.0 15.175 "" "" 0.002772143451549838 0.0029087274 0.0038131543 0.0067218817 338.35859205572 58.33658154025 2081.23926 -3.3740000000000014 -3.4649999999999976 -0.011190580368042102 -0.026428546905517436 0.08999203 0.086992025 "" "" 0.28312886053055836 "" 0.02476096623212341 ""
338.30656247652 58.18832275104 0.0122 0.011 11.1538 "" "" 2007961227382914688 2442.59546 0.3789 0.014 -4.423 -1.588 0.018 0.014 1.044 5083.4 2.8686 13.831728 1.823867 14.722693 12.898827 -58.13 1.37 2367.30737 2519.35156 55240.2189 12.091 17634.0 20.048 54907.0 31.39 "" "" 0.0027655497066973603 0.003051018 0.0038300138 0.006881032 338.30656247652 58.18832275104 2442.59546 -4.422999999999998 -1.5879999999999985 -1.060190580368042 1.8505714530944823 0.09199203 0.08799203 "" "" 24.69276122024965 "" 2.1975863227346064 ""
