Clusters/Stock_20/Stock_20_stars_in_region.tsv
# %ECSV 1.0
# ---
# datatype:
# - name: RA_ICRS_1
#   unit: deg
#   datatype: float64
#   format: '{:15.11f}'
#   description: Right ascension (ICRS) at Ep=2016.0 (ra)
#   meta: !!omap
#   - {ucd: POS_EQ_RA_MAIN}
#   - {width: 15}
#   - {precision: '11'}
# - name: DE_ICRS_1
#   unit: deg
#   datatype: float64
#   format: '{:15.11f}'
#   description: Declination (ICRS) at Ep=2016.0 (dec)
#   meta: !!omap
#   - {ucd: POS_EQ_DEC_MAIN}
#   - {width: 15}
#   - {precision: '11'}
# - name: e_RA_ICRS
#   unit: mas
#   datatype: float64
#   format: '{:7.4f}'
#   description: Standard error of right ascension (ra_error)
#   meta: !!omap
#   - {ucd: ERROR}
#   - {width: 7}
#   - {precision: '4'}
# - name: e_DE_ICRS
#   unit: mas
#   datatype: float64
#   format: '{:7.4f}'
#   description: Standard error of declination (dec_error)
#   meta: !!omap
#   - {ucd: ERROR}
#   - {width: 7}
#   - {precision: '4'}
# - name: _r_1
#   unit: ''
#   datatype: float64
#   format: '{:7.4f}'
#   description: Distance from center (006.30931750000+62.61480190000)[ICRS], at Epoch=J2016.0
#   meta: !!omap
#   - {ucd: POS_ANG_DIST_GENERAL}
#   - {width: 7}
#   - {precision: '4'}
# - name: HIP
#   datatype: int32
#   description: '? HIP cross-id number, van Leeuwen, Cat. I/311 (hip_original_ext_source_id)'
#   meta: !!omap
#   - {ucd: ID_NUMBER}
#   - {width: 6}
#   - values: {'null': -2147483648}
# - name: TYC2
#   datatype: string
#   description: Tycho-2 cross-id name, Hog et al., Cat. I/259 (tyc2_original_ext_source_id)
#   meta: !!omap
#   - {ucd: ID_CROSSID}
#   - {_votable_string_dtype: char}
# - name: Source
#   datatype: int64
#   description: Source identifier, identical to the Gaia-EDR3 source_id (id)
#   meta: !!omap
#   - {ucd: ID_MAIN}
#   - {width: 19}
# - name: rgeo
#   unit: pc
#   datatype: float64
#   format: '{:15.8f}'
#   description: '? Median of the geometric distance posterior (r_med_geo)'
#   meta: !!omap
#   - {ucd: PHYS_DISTANCE_TRUE}
#   - {width: 15}
#   - {precision: '8'}
#   - values: {'null': .nan}
# - name: Plx
#   unit: mas
#   datatype: float64
#   format: '{:9.4f}'
#   description: '? Parallax (parallax)'
#   meta: !!omap
#   - {ucd: POS_PARLX_TRIG}
#   - {width: 9}
#   - {precision: '4'}
#   - values: {'null': .nan}
# - name: e_Plx
#   unit: mas
#   datatype: float32
#   format: '{:7.4f}'
#   description: '? Standard error of parallax (parallax_error)'
#   meta: !!omap
#   - {ucd: ERROR}
#   - {width: 7}
#   - {precision: '4'}
#   - values: {'null': .nan}
# - name: pmRA
#   unit: mas / yr
#   datatype: float64
#   format: '{:9.3f}'
#   description: '? Proper motion in right ascension direction, pmRA*cosDE (pmra)'
#   meta: !!omap
#   - {ucd: POS_EQ_PMRA}
#   - {width: 9}
#   - {precision: '3'}
#   - values: {'null': .nan}
# - name: pmDE
#   unit: mas / yr
#   datatype: float64
#   format: '{:9.3f}'
#   description: '? Proper motion in declination direction (pmdec)'
#   meta: !!omap
#   - {ucd: POS_EQ_PMDEC}
#   - {width: 9}
#   - {precision: '3'}
#   - values: {'null': .nan}
# - name: e_pmRA
#   unit: mas / yr
#   datatype: float32
#   format: '{:6.3f}'
#   description: '? Standard error of proper motion in right ascension direction (pmra_error)'
#   meta: !!omap
#   - {ucd: ERROR}
#   - {width: 6}
#   - {precision: '3'}
#   - values: {'null': .nan}
# - name: e_pmDE
[...]
#         value: !astropy.table.SerializedColumn {name: SkyCoord.dec}
#       distance: !astropy.table.SerializedColumn
#         __class__: astropy.coordinates.distances.Distance
#         unit: !astropy.units.Unit {unit: pc}
#         value: !astropy.table.SerializedColumn {name: SkyCoord.distance}
#       frame: icrs
#       obstime: !astropy.time.Time {format: jyear_str, in_subfmt: '*', jd1: 367701545.0, jd2: 0.0, out_subfmt: '*', precision: 3, scale: tt}
#       pm_dec: !astropy.table.SerializedColumn
#         __class__: astropy.units.quantity.Quantity
#         unit: !astropy.units.Unit {unit: mas / yr}
#         value: !astropy.table.SerializedColumn {name: SkyCoord.pm_dec}
#       pm_ra_cosdec: !astropy.table.SerializedColumn
#         __class__: astropy.units.quantity.Quantity
#         unit: !astropy.units.Unit {unit: mas / yr}
#         value: !astropy.table.SerializedColumn {name: SkyCoord.pm_ra_cosdec}
#       ra: !astropy.table.SerializedColumn
#         __class__: astropy.coordinates.angles.Longitude
#         unit: *id001
#         value: !astropy.table.SerializedColumn {name: SkyCoord.ra}
#         wrap_angle: !astropy.coordinates.Angle
#           unit: *id001
#           value: 360.0
#       representation_type: spherical
# schema: astropy-2.0
RA_ICRS_1 DE_ICRS_1 e_RA_ICRS e_DE_ICRS _r_1 HIP TYC2 Source rgeo Plx e_Plx pmRA pmDE e_pmRA e_pmDE RUWE Teff logg Gmag BP-RP BPmag RPmag RV e_RV b_rgeo B_rgeo FG e_FG FBP e_FBP FRP e_FRP RAVE5 RAVE6 e_Gmag e_BPmag e_RPmag e_BP-RP SkyCoord.ra SkyCoord.dec SkyCoord.distance SkyCoord.pm_ra_cosdec SkyCoord.pm_dec rmRA rmDE e_rmRA e_rmDE rRV e_rRV v_pec v_pec3d e_vpec e_vpec3d
[from data line 764]
6.37761341466 62.63468914683 0.04 0.044 2.2303 "" "" 430570338292066176 3027.59229 0.3215 0.0537 -3.844 3.13 0.052 0.062 0.984 4940.2 4.2799 16.910204 1.573584 17.63973 16.066147 "" "" 2578.36182 3731.52515 3242.39071 1.8553 1200.9 8.8455 2969.6 6.6102 "" "" 0.002824491603159456 0.008469994 0.004486051 0.012956046 6.37761341466 62.63468914683 3027.59229 -3.8439999999999945 3.1299999999999977 -0.6284998836517333 4.3373636054992675 0.087047696 0.097047694 "" "" 62.89466549036881 "" 6.0915018452302 ""
6.19589215839 62.75533066816 0.0377 0.0433 8.9915 "" "" 430575045576179200 2361.34839 0.4225 0.0522 -2.13 -1.445 0.048 0.054 1.017 5657.7 4.5957 16.910742 1.382849 17.524721 16.141872 "" "" 2090.79541 2923.78467 3240.78275 1.8209 1335.1 11.639 2769.5 9.7431 "" "" 0.0028220456945294283 0.009867804 0.0053733806 0.015241185 6.19589215839 62.75533066816 2361.34839 -2.1299999999999994 -1.445 1.0855001163482667 -0.23763639450073248 0.083047695 0.0890477 "" "" 12.437510947402647 "" 1.0364367539228712 ""
6.41666396441 62.60092603801 0.0446 0.0513 3.078 "" "" 430570166493380352 2881.46436 0.3285 0.0604 -1.995 -0.355 0.054 0.071 1.063 6094.0 4.4826 16.919714 1.276672 17.465511 16.188839 "" "" 2423.93799 3337.35986 3214.11387 1.9625 1410.0 10.508 2652.3 19.453 "" "" 0.002833950552026889 0.008558988 0.008814559 0.017373547 6.41666396441 62.60092603801 2881.46436 -1.9950000000000019 -0.35500000000000026 1.2205001163482665 0.8523636054992676 0.0890477 0.1060477 "" "" 20.33249183997877 "" 1.9307077907922823 ""
6.09574663072 62.79026760948 0.0374 0.0418 12.0571 "" "" 430622255859097216 2994.30054 0.3045 0.05 -2.239 -0.641 0.048 0.056 0.99 8934.0 4.2928 16.920097 1.21541 17.438372 16.222961 "" "" 2574.09961 3459.71997 3212.98036 1.6902 1445.7 9.9781 2570.2 8.1711 "" "" 0.002813895513102268 0.007996248 0.0051184203 0.013114668 6.09574663072 62.79026760948 2994.30054 -2.239 -0.6409999999999999 0.9765001163482667 0.5663636054992676 0.083047695 0.0910477 "" "" 16.021863074531105 "" 1.3639774023240683 ""
5.89542901509 62.6570794921 0.0377 0.042 11.6929 "" "" 430596962785953152 2876.27856 0.3307 0.051 -3.092 -0.462 0.049 0.052 1.053 "" "" 16.9218 1.429531 17.55764 16.128109 "" "" 2484.43481 3329.11206 3207.94147 2.291 1295.3 9.232 2804.9 8.4868 "" "" 0.0028623463597472454 0.008226025 0.005007567 0.013233592 5.89542901509 62.6570794921 2876.27856 -3.092 -0.4620000000000002 0.12350011634826652 0.7453636054992676 0.08404769 0.087047696 "" "" 10.300506145636108 "" 0.8958234998040613 ""
6.56943158663 62.38575045201 0.0385 0.0437 15.5178 "" "" 430542987939417984 2113.55469 0.4493 0.0526 -2.745 -1.016 0.054 0.067 1.001 4969.6 4.3839 16.922268 1.410128 17.566586 16.156458 "" "" 1878.11658 2351.47925 3206.56011 2.1986 1284.6 5.5721 2732.6 7.7778 "" "" 0.00285411702361942 0.005473983 0.004881995 0.010355977 6.56943158663 62.38575045201 2113.55469 -2.745 -1.0159999999999996 0.4705001163482665 0.19136360549926756 0.0890477 0.1020477 "" "" 5.088544717406596 "" 0.46308872221981506 ""
6.34257246014 62.84890739382 0.0406 0.0442 14.076 "" "" 430582364200565632 2657.00269 0.3796 0.056 -2.731 -0.925 0.051 0.062 1.006 8127.7 4.3713 16.925537 1.286421 17.481 16.19458 "" "" 2320.57544 3124.84497 3196.91988 1.847 1390.0 8.8458 2638.3 7.0099 "" "" 0.002825821291106045 0.007451593 0.0047545405 0.012206133 6.34257246014 62.84890739382 2657.00269 -2.731 -0.925 0.48450011634826673 0.28236360549926753 0.086047694 0.097047694 "" "" 7.062519307704685 "" 0.6283197078595693 ""
6.09046946303 62.81709741523 0.0382 0.0418 13.5483 "" "" 430623767687574528 2781.75928 0.3484 0.0513 -5.333 2.802 0.049 0.053 0.945 6014.4 4.483 16.926838 1.19887 17.442436 16.243567 "" "" 2434.88696 3145.87061 3193.09385 1.6852 1440.3 6.6279 2521.9 9.5426 "" "" 0.0028142730310654466 0.00572258 0.005582288 0.011304868 6.09046946303 62.81709741523 2781.75928 -5.333000000000005 2.8020000000000036 -2.1174998836517336 4.009363605499267 0.08404769 0.0880477 "" "" 59.78562752987703 "" 5.212766132428233 ""
5.93392095421 62.65313698918 0.0372 0.0422 10.606 "" "" 430597688645130880 2539.90894 0.3704 0.0509 -2.551 -0.584 0.047 0.052 0.988 5289.3 4.6504 16.929733 1.347616 17.51481 16.167194 "" "" 2245.57373 2898.23804 3184.58996 1.772 1347.4 8.4665 2705.7 9.9407 "" "" 0.00282077459820887 0.0073708217 0.005495059 0.0128658805 5.93392095421 62.65313698918 2539.90894 -2.551 -0.5840000000000001 0.6645001163482664 0.6233636054992676 0.08204769 0.087047696 "" "" 10.969146480565911 "" 0.9260704282774812 ""
5.77802230788 62.65548914176 0.0374 0.0436 14.8547 "" "" 430597134586867584 2514.46753 0.3852 0.0512 -3.101 -0.727 0.048 0.058 0.973 7237.7 4.3926 16.93005 1.242565 17.462765 16.2202 "" "" 2210.09448 2956.36279 3183.66141 1.808 1413.5 8.363 2576.8 9.1416 "" "" 0.0028234679945846773 0.0070035695 0.0053963163 0.012399886 5.77802230788 62.65548914176 2514.46753 -3.1009999999999995 -0.7269999999999999 0.11450011634826662 0.4803636054992676 0.083047695 0.09304769 "" "" 5.8856466651592525 "" 0.5446434304684463 ""
6.44093678326 62.43487706313 0.0413 0.0452 11.3937 "" "" 430544018731522816 2681.9292 0.3515 0.0563 -0.006 -2.358 0.053 0.06 0.971 4784.2 4.1133 16.93109 2.078437 18.00176 15.923324 "" "" 2317.90674 3079.25781 3180.61487 1.9042 860.42 6.2788 3387.1 7.3512 "" "" 0.0028309562880828648 0.008399953 0.0044538174 0.0128537705 6.44093678326 62.43487706313 2681.9292 -0.005999999999999978 -2.3580000000000028 3.209500116348267 -1.1506363945007325 0.0880477 0.0950477 "" "" 43.34304559730176 "" 3.852016049400599 ""
6.86553013277 62.56440136545 0.0363 0.0392 15.6582 "" "" 430558170643058432 2950.03662 0.3208 0.0494 -3.379 -1.459 0.046 0.052 0.892 5511.4 4.4941 16.93306 1.28681 17.501501 16.214691 "" "" 2604.51343 3491.09961 3174.84538 1.6908 1364.0 6.8262 2589.9 5.8568 "" "" 0.0028153381780305032 0.0061081285 0.0045069 0.010615028 6.86553013277 62.56440136545 2950.03662 -3.379000000000003 -1.4589999999999987 -0.1634998836517334 -0.2516363945007325 0.0810477 0.087047696 "" "" 4.196189098944263 "" 0.3579796281512687 ""
6.54535293872 62.47228986982 0.0423 0.0474 10.7588 "" "" 430544980804388096 2158.9812 0.4585 0.0568 -2.624 0.584 0.064 0.079 1.057 5314.6 4.7234 16.933382 1.29513 17.507912 16.212782 "" "" 1919.97607 2477.20923 3173.90356 1.7811 1356.0 7.5067 2594.5 7.2895 "" "" 0.002821881446386634 0.006626588 0.0048568677 0.011483455 6.54535293872 62.47228986982 2158.9812 -2.624 0.5839999999999997 0.5915001163482665 1.7913636054992677 0.0990477 0.1140477 "" "" 19.305560159027515 "" 2.17499522692694 ""
6.42321337583 62.38537991177 0.0385 0.0406 14.1224 "" "" 430543533389332480 2544.06152 0.3894 0.0528 1.786 -0.203 0.052 0.055 1.0 5163.1 4.3935 16.933392 1.242321 17.474043 16.231722 "" "" 2217.8396 2940.33862 3173.87842 1.6874 1398.9 7.9208 2549.6 8.7408 "" "" 0.002815135650627211 0.0067511643 0.005304596 0.01205576 6.42321337583 62.38537991177 2544.06152 1.7859999999999996 -0.20299999999999993 5.001500116348266 1.0043636054992675 0.087047696 0.090047695 "" "" 61.516396446626445 "" 5.362132505682081 ""
6.39587895704 62.68999968395 0.0399 0.0414 5.1039 "" "" 430570922407605376 2216.12427 0.4317 0.0532 -0.837 0.709 0.05 0.057 1.014 8260.6 4.1736 16.933878 1.388285 17.55643 16.168146 "" "" 1971.37781 2469.14136 3172.45842 1.7443 1296.7 6.2496 2703.3 6.9246 "" "" 0.002819247724786029 0.005930228 0.004692391 0.010622619 6.39587895704 62.68999968395 2216.12427 -0.837 0.7090000000000001 2.378500116348267 1.9163636054992677 0.08504769 0.09204769 "" "" 32.085334905597705 "" 2.819327912695369 ""
6.13450964795 62.38744405876 0.0432 0.0425 14.4756 "" "" 430541269952458240 2426.91577 0.4043 0.0562 1.045 -0.606 0.055 0.053 1.012 5249.7 4.6282 16.93789 1.27158 17.500946 16.229366 "" "" 2180.22119 2870.04712 3160.75938 1.6741 1364.7 9.6633 2555.1 7.9243 "" "" 0.002814690938844639 0.008178641 0.005061838 0.013240479 6.13450964795 62.38744405876 2426.91577 1.045 -0.6060000000000004 4.2605001163482665 0.6013636054992676 0.090047695 0.0880477 "" "" 49.49682068040352 "" 4.455161948895568 ""
6.66309507074 62.56339242369 0.0397 0.042 10.2473 "" "" 430557556469743232 2808.91479 0.3344 0.052 -4.244 -0.006 0.049 0.059 1.013 7674.2 4.4144 16.94168 1.453747 17.606699 16.152952 "" "" 2436.3728 3195.71265 3149.73504 1.7781 1238.0 6.475 2741.4 9.3702 "" "" 0.002822669827059369 0.006327074 0.0052967793 0.011623854 6.66309507074 62.56339242369 2808.91479 -4.244 -0.005999999999999957 -1.0284998836517332 1.2013636054992676 0.08404769 0.094047695 "" "" 21.05626145344515 "" 1.8940958911582202 ""
6.46684771679 62.5432287964 0.0426 0.047 6.1146 "" "" 430546355193671808 2722.34033 0.3547 0.0562 -2.951 -0.939 0.055 0.072 1.028 7688.4 4.4143 16.943014 1.353426 17.5516 16.198174 "" "" 2415.09473 3140.70557 3145.87466 1.879 1302.5 8.4595 2629.6 10.096 "" "" 0.0028306078896749892 0.0075835963 0.005626762 0.013210358 6.46684771679 62.5432287964 2722.34033 -2.9509999999999974 -0.9390000000000001 0.26450011634826653 0.26836360549926763 0.090047695 0.10704769 "" "" 4.862205716262167 "" 0.481534895283958 ""
6.59121626284 62.58250791022 0.0388 0.0422 8.0217 "" "" 430569376219719040 2909.01978 0.3243 0.0535 -3.445 -1.009 0.048 0.057 1.04 5980.1 4.5608 16.944675 1.240791 17.477388 16.236597 "" "" 2549.0188 3419.78345 3141.06251 1.7221 1394.6 7.0177 2538.2 7.4921 "" "" 0.0028188868127981426 0.0061347107 0.0049552517 0.011089962 6.59121626284 62.58250791022 2909.01978 -3.445 -1.0089999999999997 -0.22949988365173324 0.19836360549926768 0.083047695 0.09204769 "" "" 4.182752407590846 "" 0.36394212893950767 ""
6.4669639275 62.55228095065 0.0398 0.0444 5.7481 "" "" 430546355193665024 2104.74634 0.4537 0.0524 -4.842 -2.574 0.05 0.064 0.952 5383.0 4.6987 16.944715 1.287443 17.504702 16.217258 "" "" 1884.86157 2455.79565 3140.94454 1.8377 1360.0 8.9262 2583.8 7.9124 "" "" 0.002827599827815303 0.0076528667 0.0050337296 0.012686596 6.4669639275 62.55228095065 2104.74634 -4.841999999999995 -2.5739999999999976 -1.626499883651733 -1.3666363945007323 0.08504769 0.0990477 "" "" 21.194357008852048 "" 1.93086157347981 ""
6.86536486107 62.64540143952 0.0392 0.0407 15.4475 "" "" 430564703295271296 2976.52832 0.31 0.0523 -1.408 -1.175 0.047 0.053 0.941 4835.1 4.3193 16.94685 1.721232 17.775635 16.054403 "" "" 2589.15332 3387.19189 3134.77983 1.7315 1059.7 6.8603 3001.9 6.98 "" "" 0.002819829596958478 0.0075623957 0.0045450046 0.0121074 6.86536486107 62.64540143952 2976.52832 -1.408 -1.1749999999999996 1.8075001163482667 0.032363605499267534 0.08204769 0.0880477 "" "" 25.5056443613903 "" 2.0927301282992055 ""
6.67899238714 62.72693027718 0.0391 0.0429 12.2048 "" "" 430577691276268032 2205.57959 0.4323 0.0532 -1.787 -1.162 0.048 0.056 0.964 5477.1 4.6877 16.949448 1.148273 17.427883 16.27961 "" "" 1946.23901 2505.12329 3127.28882 1.8894 1459.7 12.372 2439.6 12.544 "" "" 0.0028323274199738915 0.009616082 0.006741654 0.016357735 6.67899238714 62.72693027718 2205.57959 -1.787 -1.1619999999999995 1.4285001163482667 0.045363605499267656 0.083047695 0.0910477 "" "" 14.941707414837266 "" 1.2410005830986628 ""
6.49070670999 62.66950651795 0.0393 0.045 5.9823 "" "" 430572124990062848 2541.57642 0.3909 0.0522 -6.756 2.536 0.05 0.068 1.078 5578.3 4.6747 16.949911 1.154114 17.419003 16.264889 "" "" 2210.56958 2976.13232 3125.95341 1.7488 1471.7 9.6414 2472.9 12.128 "" "" 0.0028214776854397867 0.0076405513 0.006529755 0.014170306 6.49070670999 62.66950651795 2541.57642 -6.756 2.5359999999999996 -3.5404998836517336 3.7433636054992676 0.08504769 0.1030477 "" "" 62.07213547909679 "" 5.895281913778929 ""
6.35937250087 62.87524714283 0.0412 0.0444 15.6871 "" "" 430582600414323584 2092.88525 0.4646 0.055 -3.075 -3.427 0.055 0.063 1.08 5628.1 4.6553 16.953619 1.282118 17.510254 16.228136 "" "" 1855.79199 2367.62158 3115.29375 1.9792 1353.1 8.6478 2558.0 8.228 "" "" 0.0028403512953593295 0.0074790027 0.0051458967 0.012624899 6.35937250087 62.87524714283 2092.88525 -3.074999999999997 -3.4269999999999974 0.14050011634826642 -2.2196363945007325 0.090047695 0.098047696 "" "" 22.063474610960533 "" 2.162597087636273 ""
6.49127350386 62.51058456985 0.0425 0.0463 8.0253 "" "" 430546217754739712 2493.46362 0.3988 0.0558 -1.952 -1.105 0.054 0.065 0.95 5589.9 4.5978 16.953907 1.460096 17.602463 16.142366 "" "" 2219.33838 2838.39746 3114.46713 2.0534 1242.9 6.4945 2768.3 13.889 "" "" 0.0028467897651855882 0.00632227 0.0066300016 0.012952272 6.49127350386 62.51058456985 2493.46362 -1.952 -1.105 1.2635001163482666 0.1023636054992676 0.0890477 0.10004769 "" "" 14.982257936444723 "" 1.3352761555624222 ""
6.65308819189 62.70255458874 0.046 0.0483 10.8382 "" "" 430571678322072832 2482.36035 0.4119 0.0625 -2.857 -1.087 0.054 0.063 1.187 6071.7 4.488 16.966784 1.321257 17.534464 16.213207 "" "" 2103.47949 2999.60278 3077.74926 1.8194 1323.2 8.7112 2593.4 9.5992 "" "" 0.002829087076375278 0.0076731434 0.005516702 0.013189845 6.65308819189 62.70255458874 2482.36035 -2.857000000000002 -1.0869999999999995 0.3585001163482664 0.12036360549926761 0.0890477 0.098047696 "" "" 4.44965113319088 "" 0.40047042450386994 ""
6.49331810477 62.45685079738 0.0406 0.0467 10.7582 "" "" 430543434615960704 3016.00928 0.3147 0.0559 -2.696 -0.744 0.057 0.069 0.995 8302.9 4.4118 16.969547 1.366869 17.580902 16.214033 "" "" 2557.98047 3662.59888 3069.92315 1.7937 1267.8 10.133 2591.5 8.2381 "" "" 0.00282740553630245 0.009115368 0.005118218 0.014233585 6.49331810477 62.45685079738 3016.00928 -2.696 -0.744 0.5195001163482664 0.4633636054992676 0.09204769 0.10404769 "" "" 9.951683079310504 "" 0.9707552638072763 ""
6.02790271759 62.69015714833 0.0392 0.0419 8.9782 "" "" 430598100961974656 2564.40039 0.3721 0.0513 -3.108 -0.834 0.051 0.054 0.985 7642.9 4.4456 16.970734 1.244083 17.5138 16.269716 "" "" 2252.56714 3000.35107 3066.5724 1.7414 1348.6 8.542 2461.9 6.2616 "" "" 0.0028234598648373423 0.007421492 0.0046807486 0.012102241 6.02790271759 62.69015714833 2564.40039 -3.108 -0.8340000000000001 0.1075001163482665 0.3733636054992676 0.086047694 0.0890477 "" "" 4.722699476613424 "" 0.41947782087906255 ""
6.31878107705 62.73103066006 0.0397 0.0454 6.9786 "" "" 430575423533314432 2375.90234 0.4156 0.0532 -0.141 -1.305 0.051 0.063 0.992 5371.6 4.6986 16.971987 1.234757 17.510473 16.275717 "" "" 2139.55054 2662.48218 3063.03454 2.0952 1352.8 7.1944 2448.3 9.0231 "" "" 0.0028536561182052112 0.006412911 0.005504106 0.011917017 6.31878107705 62.73103066006 2375.90234 -0.141 -1.305 3.0745001163482666 -0.09763639450073236 0.086047694 0.098047696 "" "" 34.6417898408193 "" 2.981294115611605 ""
6.81985515262 62.67337659833 0.0408 0.0437 14.5081 "" "" 430565493569218176 2126.29053 0.4628 0.0547 -1.471 -1.114 0.05 0.054 1.051 5355.5 4.6856 16.973711 1.209744 17.49944 16.289696 "" "" 1943.58289 2335.45703 3058.17389 1.7149 1366.6 5.7921 2417.0 6.9674 "" "" 0.0028217851986341758 0.0053815194 0.0049070823 0.010288602 6.81985515262 62.67337659833 2126.29053 -1.471 -1.1140000000000003 1.7445001163482665 0.09336360549926748 0.08504769 0.0890477 "" "" 17.60731068834937 "" 1.4976670059182904 ""
6.13258610582 62.38894402761 0.0448 0.0427 14.4088 "" "" 430541269952457216 2348.87012 0.4012 0.0571 2.101 -2.612 0.057 0.053 0.989 4588.2 4.2725 16.97479 1.331943 17.57023 16.238287 "" "" 2103.95654 2683.99097 3055.13635 1.8066 1280.3 7.7433 2534.2 8.3368 "" "" 0.00282913284081742 0.007134767 0.005200118 0.012334885 6.13258610582 62.38894402761 2348.87012 2.101 -2.612000000000001 5.316500116348267 -1.4046363945007325 0.09204769 0.0880477 "" "" 61.22307610200719 "" 5.619789367885334 ""
