Clusters/Stock_20/Stock_20_stars_in_region.tsv
# %ECSV 1.0
# ---
# datatype:
# - name: RA_ICRS_1
#   unit: deg
#   datatype: float64
#   format: '{:15.11f}'
#   description: Right ascension (ICRS) at Ep=2016.0 (ra)
#   meta: !!omap
#   - {ucd: POS_EQ_RA_MAIN}
#   - {width: 15}
#   - {precision: '11'}
# - name: DE_ICRS_1
#   unit: deg
#   datatype: float64
#   format: '{:15.11f}'
#   description: Declination (ICRS) at Ep=2016.0 (dec)
#   meta: !!omap
#   - {ucd: POS_EQ_DEC_MAIN}
#   - {width: 15}
#   - {precision: '11'}
# - name: e_RA_ICRS
#   unit: mas
#   datatype: float64
#   format: '{:7.4f}'
#   description: Standard error of right ascension (ra_error)
#   meta: !!omap
#   - {ucd: ERROR}
#   - {width: 7}
#   - {precision: '4'}
# - name: e_DE_ICRS
#   unit: mas
#   datatype: float64
#   format: '{:7.4f}'
#   description: Standard error of declination (dec_error)
#   meta: !!omap
#   - {ucd: ERROR}
#   - {width: 7}
#   - {precision: '4'}
# - name: _r_1
#   unit: ''
#   datatype: float64
#   format: '{:7.4f}'
#   description: Distance from center (006.30931750000+62.61480190000)[ICRS], at Epoch=J2016.0
#   meta: !!omap
#   - {ucd: POS_ANG_DIST_GENERAL}
#   - {width: 7}
#   - {precision: '4'}
# - name: HIP
#   datatype: int32
#   description: '? HIP cross-id number, van Leeuwen, Cat. I/311 (hip_original_ext_source_id)'
#   meta: !!omap
#   - {ucd: ID_NUMBER}
#   - {width: 6}
#   - values: {'null': -2147483648}
# - name: TYC2
#   datatype: string
#   description: Tycho-2 cross-id name, Hog et al., Cat. I/259 (tyc2_original_ext_source_id)
#   meta: !!omap
#   - {ucd: ID_CROSSID}
#   - {_votable_string_dtype: char}
# - name: Source
#   datatype: int64
#   description: Source identifier, identical to the Gaia-EDR3 source_id (id)
#   meta: !!omap
#   - {ucd: ID_MAIN}
#   - {width: 19}
# - name: rgeo
#   unit: pc
#   datatype: float64
#   format: '{:15.8f}'
#   description: '? Median of the geometric distance posterior (r_med_geo)'
#   meta: !!omap
#   - {ucd: PHYS_DISTANCE_TRUE}
#   - {width: 15}
#   - {precision: '8'}
#   - values: {'null': .nan}
# - name: Plx
#   unit: mas
#   datatype: float64
#   format: '{:9.4f}'
#   description: '? Parallax (parallax)'
#   meta: !!omap
#   - {ucd: POS_PARLX_TRIG}
#   - {width: 9}
#   - {precision: '4'}
#   - values: {'null': .nan}
# - name: e_Plx
#   unit: mas
#   datatype: float32
#   format: '{:7.4f}'
#   description: '? Standard error of parallax (parallax_error)'
#   meta: !!omap
#   - {ucd: ERROR}
#   - {width: 7}
#   - {precision: '4'}
#   - values: {'null': .nan}
# - name: pmRA
#   unit: mas / yr
#   datatype: float64
#   format: '{:9.3f}'
#   description: '? Proper motion in right ascension direction, pmRA*cosDE (pmra)'
#   meta: !!omap
#   - {ucd: POS_EQ_PMRA}
#   - {width: 9}
#   - {precision: '3'}
#   - values: {'null': .nan}
# - name: pmDE
#   unit: mas / yr
#   datatype: float64
#   format: '{:9.3f}'
#   description: '? Proper motion in declination direction (pmdec)'
#   meta: !!omap
#   - {ucd: POS_EQ_PMDEC}
#   - {width: 9}
#   - {precision: '3'}
#   - values: {'null': .nan}
# - name: e_pmRA
#   unit: mas / yr
#   datatype: float32
#   format: '{:6.3f}'
#   description: '? Standard error of proper motion in right ascension direction (pmra_error)'
#   meta: !!omap
#   - {ucd: ERROR}
#   - {width: 6}
#   - {precision: '3'}
#   - values: {'null': .nan}
# - name: e_pmDE
[...]
#         value: !astropy.table.SerializedColumn {name: SkyCoord.dec}
#       distance: !astropy.table.SerializedColumn
#         __class__: astropy.coordinates.distances.Distance
#         unit: !astropy.units.Unit {unit: pc}
#         value: !astropy.table.SerializedColumn {name: SkyCoord.distance}
#       frame: icrs
#       obstime: !astropy.time.Time {format: jyear_str, in_subfmt: '*', jd1: 367701545.0, jd2: 0.0, out_subfmt: '*', precision: 3, scale: tt}
#       pm_dec: !astropy.table.SerializedColumn
#         __class__: astropy.units.quantity.Quantity
#         unit: !astropy.units.Unit {unit: mas / yr}
#         value: !astropy.table.SerializedColumn {name: SkyCoord.pm_dec}
#       pm_ra_cosdec: !astropy.table.SerializedColumn
#         __class__: astropy.units.quantity.Quantity
#         unit: !astropy.units.Unit {unit: mas / yr}
#         value: !astropy.table.SerializedColumn {name: SkyCoord.pm_ra_cosdec}
#       ra: !astropy.table.SerializedColumn
#         __class__: astropy.coordinates.angles.Longitude
#         unit: *id001
#         value: !astropy.table.SerializedColumn {name: SkyCoord.ra}
#         wrap_angle: !astropy.coordinates.Angle
#           unit: *id001
#           value: 360.0
#       representation_type: spherical
# schema: astropy-2.0
RA_ICRS_1 DE_ICRS_1 e_RA_ICRS e_DE_ICRS _r_1 HIP TYC2 Source rgeo Plx e_Plx pmRA pmDE e_pmRA e_pmDE RUWE Teff logg Gmag BP-RP BPmag RPmag RV e_RV b_rgeo B_rgeo FG e_FG FBP e_FBP FRP e_FRP RAVE5 RAVE6 e_Gmag e_BPmag e_RPmag e_BP-RP SkyCoord.ra SkyCoord.dec SkyCoord.distance SkyCoord.pm_ra_cosdec SkyCoord.pm_dec rmRA rmDE e_rmRA e_rmDE rRV e_rRV v_pec v_pec3d e_vpec e_vpec3d
[from data line 380]
6.51684169409 62.76365290757 0.0249 0.0242 10.6019 "" "" 430578653348893568 2655.23657 0.3514 0.0318 -2.708 -0.822 0.031 0.034 1.004 "" "" 15.942398 1.062673 16.380264 15.317592 "" "" 2440.94653 2914.54932 7906.56045 2.6241 3831.0 7.8957 5917.3 10.167 "" "" 0.002778783382140189 0.0035766424 0.004214711 0.0077913534 6.51684169409 62.76365290757 2655.23657 -2.7079999999999997 -0.8220000000000001 0.5075001163482664 0.3853636054992676 0.0660477 0.0690477 "" "" 8.02005704429997 "" 0.5386302760097973 ""
6.44999687992 62.6052607397 0.0233 0.0269 3.9251 "" "" 430570063414447104 2285.80688 0.4135 0.0314 -3.131 -1.267 0.029 0.04 1.043 5984.7 4.1684 15.943852 1.153888 16.42109 15.267201 "" "" 2140.95898 2452.94922 7895.97217 3.0274 3689.6 9.9866 6198.4 10.54 "" "" 0.0027865894583974696 0.0040523205 0.0042062197 0.00825854 6.44999687992 62.6052607397 2285.80688 -3.1310000000000002 -1.2669999999999997 0.08450011634826682 -0.059636394500732326 0.064047694 0.075047694 "" "" 1.1205834140796584 "" 0.0760910242402707 ""
6.23380185471 62.82879087945 0.0248 0.027 13.0062 "" "" 430577141520200320 2959.25293 0.3216 0.0322 -3.128 -0.856 0.033 0.039 1.015 9744.5 3.8757 15.949033 0.992438 16.336824 15.344386 "" "" 2706.55322 3262.78833 7858.38932 2.6133 3987.4 13.428 5773.0 15.113 "" "" 0.0027788764150350415 0.004599329 0.004728903 0.009328232 6.23380185471 62.82879087945 2959.25293 -3.128 -0.856 0.08750011634826649 0.3513636054992676 0.068047695 0.0740477 "" "" 5.079052846659936 "" 0.3743808459055801 ""
5.89842532705 62.69354862882 0.0227 0.0254 12.2709 "" "" 430598581998295936 3033.66724 0.3026 0.0306 -3.445 -0.711 0.029 0.033 0.977 9297.7 4.0768 15.955792 1.00227 16.36649 15.36422 "" "" 2835.31372 3286.92969 7809.61711 2.6047 3879.9 12.549 5668.5 10.056 "" "" 0.0027790142416057686 0.0044851787 0.0042418903 0.008727069 5.89842532705 62.69354862882 3033.66724 -3.445000000000005 -0.7109999999999996 -0.22949988365173324 0.4963636054992676 0.064047694 0.068047695 "" "" 7.863502458054132 "" 0.5296888529833544 ""
6.82103907339 62.61271504428 0.0237 0.0254 14.1236 "" "" 430558655981345664 2493.62622 0.3763 0.0316 -2.012 -2.19 0.03 0.033 1.024 6855.4 4.2447 15.958182 1.056212 16.396448 15.340236 "" "" 2354.24854 2738.66699 7792.44568 2.6661 3774.3 8.0294 5795.1 9.5474 "" "" 0.002780248443485132 0.0036221733 0.004181308 0.0078034815 6.82103907339 62.61271504428 2493.62622 -2.012 -2.19 1.2035001163482666 -0.9826363945007324 0.065047696 0.068047695 "" "" 18.364416937333782 "" 1.2168991841151542 ""
6.03460444732 62.73312589779 0.023 0.0254 10.3756 "" "" 430621637383820160 2434.24902 0.3983 0.0311 -3.998 -3.563 0.029 0.032 0.998 5156.1 4.1349 15.958323 1.498017 16.647991 15.149974 "" "" 2252.29565 2730.75952 7791.44031 2.4835 2993.8 7.6523 6905.1 7.9392 "" "" 0.0027769691345217607 0.0039353217 0.003980209 0.00791553 6.03460444732 62.73312589779 2434.24902 -3.9979999999999998 -3.5629999999999997 -0.7824998836517336 -2.3556363945007326 0.064047694 0.0670477 "" "" 28.640496437830283 "" 1.9119134287654898 ""
6.65018749336 62.51452290577 0.024 0.0282 11.1803 "" "" 430557006713970688 2844.42944 0.3256 0.0327 0.058 -1.858 0.03 0.037 0.952 7770.8 3.9911 15.960061 1.301436 16.532806 15.23137 "" "" 2567.39624 3112.6748 7778.97205 2.911 3328.8 7.7378 6406.3 8.6227 "" "" 0.002785115290182842 0.0037622587 0.0040520774 0.007814337 6.65018749336 62.51452290577 2844.42944 0.05800000000000044 -1.858 3.2735001163482664 -0.6506363945007325 0.065047696 0.072047696 "" "" 44.998616049492576 "" 2.939644131563564 ""
6.86483423668 62.55735896814 0.022 0.0247 15.7283 "" "" 430558071865845248 2859.64331 0.3204 0.0306 -3.533 -1.01 0.028 0.032 0.963 "" "" 15.965948 0.972094 16.359472 15.387379 "" "" 2630.83374 3116.95557 7736.90907 2.5323 3905.1 8.6674 5548.9 8.5933 "" "" 0.002778141847462765 0.003686758 0.0041365344 0.007823292 6.86483423668 62.55735896814 2859.64331 -3.533000000000002 -1.009999999999999 -0.3174998836517333 0.19736360549926757 0.06304769 0.0670477 "" "" 5.0673328267508335 "" 0.32525994781996187 ""
6.69222050991 62.71546079084 0.0269 0.0287 12.156 "" "" 430577588197064960 2766.02783 0.3385 0.0362 -1.802 -0.546 0.032 0.036 1.12 "" "" 15.966705 1.119039 16.43719 15.31815 "" "" 2476.62769 3218.30933 7731.51722 2.6787 3635.3 11.328 5914.2 10.481 "" "" 0.002780879886439383 0.0043853843 0.004240984 0.008626368 6.69222050991 62.71546079084 2766.02783 -1.8019999999999996 -0.546 1.4135001163482666 0.6613636054992675 0.0670477 0.07104769 "" "" 20.460613269419827 "" 1.3868920311254793 ""
6.48826783439 62.56763801832 0.0241 0.0272 5.6954 "" "" 430569857256057728 2827.6333 0.3238 0.0324 -3.059 -1.549 0.03 0.039 1.044 6692.0 4.2446 15.970348 1.099399 16.427015 15.327617 "" "" 2608.39941 3053.89502 7705.6198 2.7104 3669.5 9.9167 5862.9 9.7654 "" "" 0.0027816608926870792 0.004048997 0.004189767 0.0082387645 6.48826783439 62.56763801832 2827.6333 -3.0589999999999984 -1.5489999999999988 0.15650011634826644 -0.34163639450073235 0.065047696 0.0740477 "" "" 5.036520871514938 "" 0.36548378972534595 ""
6.28870837252 62.38433749999 0.0247 0.0267 13.8396 "" "" 430540720196660736 2181.30103 0.4341 0.0346 0.042 -1.322 0.034 0.035 1.026 5990.2 4.2778 15.97164 1.090349 16.432104 15.341755 "" "" 2042.53125 2340.4043 7696.45639 2.7289 3652.4 8.0834 5787.0 10.557 "" "" 0.002782083276532573 0.0036822672 0.0042669387 0.007949206 6.28870837252 62.38433749999 2181.30103 0.041999999999999815 -1.3220000000000018 3.2575001163482664 -0.11463639450073249 0.0690477 0.07004769 "" "" 33.70133805783257 "" 2.3270417617787196 ""
6.42165852455 62.4867270522 0.0254 0.0285 8.2889 "" "" 430545736722400512 3049.47437 0.3099 0.0337 -0.764 0.981 0.033 0.04 0.979 8209.6 4.2117 15.973263 1.239359 16.50684 15.267481 "" "" 2725.84253 3381.16089 7684.95908 3.0337 3409.4 8.9808 6196.8 8.9116 "" "" 0.0027884565751762637 0.003995557 0.004089215 0.008084772 6.42165852455 62.4867270522 3049.47437 -0.764000000000001 0.9810000000000008 2.4515001163482664 2.1883636054992675 0.068047695 0.075047694 "" "" 47.49969693750573 "" 3.3837318573899964 ""
6.81745591351 62.73998495417 0.0246 0.0259 15.8823 "" "" 430566146404179456 2827.27197 0.3296 0.0326 0.462 -0.178 0.03 0.032 1.002 7464.9 3.9604 15.973287 1.372952 16.578632 15.205681 "" "" 2555.47974 3072.18213 7684.79087 2.7075 3191.3 12.344 6559.7 7.9839 "" "" 0.00278174681910793 0.0050420295 0.004003748 0.009045778 6.81745591351 62.73998495417 2827.27197 0.462 -0.178 3.677500116348267 1.0293636054992676 0.065047696 0.0670477 "" "" 51.177403687317195 "" 3.336514723540222 ""
6.45256215372 62.6401398876 0.0236 0.027 4.234 "" "" 430570510091007360 2078.04663 0.4642 0.0326 -2.957 -0.57 0.03 0.037 1.045 6481.2 4.3229 15.977625 1.073907 16.430555 15.356648 "" "" 1946.25195 2255.9502 7654.14833 2.6446 3657.6 11.687 5708.2 10.396 "" "" 0.002780740107800803 0.004452022 0.004265417 0.008717438 6.45256215372 62.6401398876 2078.04663 -2.957 -0.5699999999999998 0.25850011634826675 0.6373636054992676 0.065047696 0.072047696 "" "" 6.774688014511876 "" 0.48168511080909393 ""
6.70817586796 62.55451060573 0.0242 0.0282 11.5975 "" "" 430557522110018944 2415.43872 0.3868 0.0331 -3.365 -1.181 0.03 0.04 0.967 6711.9 4.1651 15.978775 1.184282 16.476173 15.291891 "" "" 2219.84692 2598.71216 7646.04104 2.8796 3507.1 8.6701 6059.0 12.024 "" "" 0.002785496493541557 0.0038716267 0.004350419 0.008222045 6.70817586796 62.55451060573 2415.43872 -3.365 -1.1809999999999985 -0.1494998836517336 0.02636360549926753 0.065047696 0.075047694 "" "" 1.7380614363644806 "" 0.11361997854920232 ""
5.84555303247 62.48100546718 0.027 0.0283 15.1327 "" "" 430589717185935360 2159.49976 0.451 0.036 -2.819 -0.038 0.034 0.036 0.98 5898.2 4.2117 15.979525 1.201473 16.499598 15.298124 "" "" 2013.47327 2342.80029 7640.76564 2.7195 3432.2 7.7926 6024.3 8.0593 "" "" 0.002782287089396908 0.0037231378 0.0040488853 0.007772023 5.84555303247 62.48100546718 2159.49976 -2.819000000000004 -0.0379999999999998 0.39650011634826665 1.1693636054992675 0.0690477 0.07104769 "" "" 12.639003047016537 "" 0.8953984638121618 ""
6.79467877317 62.65199677229 0.0234 0.0253 13.5714 "" "" 430559583694239360 2736.8064 0.3456 0.0319 -1.4 -2.607 0.029 0.032 1.005 6608.1 4.0042 15.98402 1.289601 16.546211 15.25661 "" "" 2477.22681 2973.76685 7609.19166 2.4527 3288.0 10.534 6259.1 8.5996 "" "" 0.002777457117836078 0.0044592223 0.0040631257 0.0085223485 6.79467877317 62.65199677229 2736.8064 -1.4 -2.607 1.8155001163482667 -1.3996363945007326 0.064047694 0.0670477 "" "" 29.73786030600509 "" 1.938378828387677 ""
6.37787659205 62.49159629798 0.0254 0.026 7.6316 "" "" 430544465408084992 2266.68799 0.415 0.0334 -4.625 0.644 0.032 0.034 0.981 5451.7 4.1815 15.985529 1.436571 16.633888 15.197317 "" "" 2117.32129 2449.12158 7598.62688 2.6833 3032.9 7.7426 6610.5 8.2046 "" "" 0.0027818679392298076 0.003932888 0.0040124357 0.007945323 6.37787659205 62.49159629798 2266.68799 -4.625000000000005 0.6440000000000007 -1.4094998836517334 1.8513636054992677 0.0670477 0.0690477 "" "" 24.999925893194796 "" 1.7080104961048634 ""
6.16224552253 62.73153035753 0.023 0.0247 8.0909 "" "" 430575079935924224 2296.52026 0.4086 0.0306 -0.569 0.458 0.029 0.032 0.997 6006.4 4.1605 15.990312 1.207403 16.512041 15.304638 "" "" 2167.17188 2441.56396 7565.23024 2.3882 3393.1 9.0878 5988.3 7.9756 "" "" 0.002776556224979856 0.004030037 0.0040465784 0.008076616 6.16224552253 62.73153035753 2296.52026 -0.569 0.45799999999999996 2.6465001163482667 1.6653636054992675 0.064047694 0.0670477 "" "" 34.03770638513778 "" 2.209481376976123 ""
5.97914560382 62.78792858428 0.1016 0.1134 13.8003 "" "" 430622427657784704 2767.33594 0.394 0.1377 -1.055 -0.87 0.13 0.137 4.319 5405.9 4.6427 15.99306 1.237081 16.47551 15.238428 "" "" 2098.54175 4050.01123 7546.10346 16.721 3509.2 9.566 6364.8 8.764 "" "" 0.003657837749284821 0.004067533 0.0040643276 0.008131861 5.97914560382 62.78792858428 2767.33594 -1.055 -0.87 2.160500116348267 0.3373636054992676 0.16504769 0.17204769 "" "" 28.683075040829216 "" 4.738953252411822 ""
6.36124528815 62.55820664361 0.0251 0.027 3.6863 "" "" 430546561352087040 2815.78906 0.3345 0.0332 -3.179 -1.224 0.031 0.037 0.951 7369.7 4.2846 15.994989 1.095141 16.454243 15.359101 "" "" 2556.72339 3056.2439 7532.70269 2.5541 3578.7 9.137 5695.3 12.723 "" "" 0.0027798049282208256 0.003933111 0.0044907313 0.0084238425 6.36124528815 62.55820664361 2815.78906 -3.179 -1.224000000000001 0.036500116348266776 -0.0166363945007324 0.0660477 0.072047696 "" "" 0.5353776971911375 "" 0.03593346251867718 ""
6.39339547746 62.63181491255 0.0238 0.0283 2.5344 "" "" 430570368348318976 2122.52173 0.4514 0.0327 1.987 -1.723 0.031 0.039 0.996 5394.8 4.2132 15.997136 1.304145 16.510315 15.20617 "" "" 1983.12329 2276.85352 7517.8251 2.8944 3398.5 22.515 6556.8 65.041 "" "" 0.0027868485657806166 0.0077151824 0.011413969 0.019129151 6.39339547746 62.63181491255 2122.52173 1.9870000000000005 -1.7230000000000025 5.202500116348267 -0.5156363945007325 0.0660477 0.0740477 "" "" 52.597524652492595 "" 3.478283920790045 ""
5.79870688011 62.62113371158 0.0241 0.0287 14.0955 "" "" 430596726572467584 2088.35376 0.4634 0.0333 -1.217 0.674 0.031 0.037 1.06 6018.9 4.2617 16.003984 1.163656 16.503784 15.340128 "" "" 1929.57043 2266.54395 7470.55864 2.7855 3419.0 8.9965 5795.7 8.518 "" "" 0.0027849017990030263 0.0039933776 0.0041024433 0.008095821 5.79870688011 62.62113371158 2088.35376 -1.2170000000000014 0.6740000000000002 1.9985001163482665 1.8813636054992675 0.0660477 0.072047696 "" "" 27.16950469143184 "" 1.8728426362451056 ""
6.04616571235 62.79561270156 0.0438 0.0463 13.0428 "" "" 430622290218831872 2077.60352 0.4783 0.0583 -2.862 -0.78 0.056 0.06 1.902 8157.2 4.2129 16.005615 0.973007 16.372904 15.399897 "" "" 1840.46252 2371.19946 7459.33976 6.0088 3857.0 10.21 5485.3 9.2945 "" "" 0.002890799595926047 0.0040056766 0.0042033643 0.00820904 6.04616571235 62.79561270156 2077.60352 -2.862 -0.7800000000000005 0.3535001163482665 0.42736360549926755 0.0910477 0.0950477 "" "" 5.461797319074831 "" 0.5103687091641798 ""
5.85465635297 62.77231807484 0.0231 0.0279 15.6822 "" "" 430622908694121600 3026.16797 0.3147 0.0327 -2.987 -0.508 0.03 0.036 0.99 7882.2 3.7709 16.010504 1.227702 16.530457 15.302754 "" "" 2731.53931 3473.58862 7425.83002 2.7331 3336.1 10.504 5998.7 10.222 "" "" 0.0027841473411233074 0.0044126436 0.0042079356 0.008620579 5.85465635297 62.77231807484 3026.16797 -2.9870000000000005 -0.508 0.2285001163482665 0.6993636054992676 0.065047696 0.07104769 "" "" 10.55356314121457 "" 0.7439336566088239 ""
5.90512086695 62.59163466607 0.025 0.0264 11.2457 "" "" 430596417334852480 2254.25391 0.4223 0.0327 -0.46 -1.481 0.031 0.033 1.055 6042.3 4.1673 16.01127 1.231197 16.545279 15.314081 "" "" 2078.1582 2484.40479 7420.59311 2.6445 3290.8 6.4966 5936.4 7.7548 "" "" 0.0027823554855109455 0.0035184275 0.0040367483 0.0075551756 5.90512086695 62.59163466607 2254.25391 -0.4600000000000003 -1.4810000000000019 2.7555001163482666 -0.2736363945007325 0.0660477 0.068047695 "" "" 29.58779040967521 "" 1.9547919798513769 ""
6.51220774792 62.63496451592 0.025 0.0269 5.7267 "" "" 430570544450759680 2724.59326 0.3342 0.033 -2.47 -2.789 0.031 0.038 1.023 5364.8 3.4794 16.012337 1.582847 16.747936 15.16509 "" "" 2531.70312 3017.40356 7413.30383 2.5161 2730.5 11.577 6809.6 9.6548 "" "" 0.002779853135715473 0.005382962 0.00408086 0.0094638225 6.51220774792 62.63496451592 2724.59326 -2.47 -2.789 0.7455001163482664 -1.5816363945007326 0.0660477 0.0730477 "" "" 22.581468466208733 "" 1.6219360021965765 ""
6.64164228666 62.77383425582 0.027 0.0264 13.218 "" "" 430578172312560768 2307.29102 0.4038 0.0351 -1.216 -1.479 0.033 0.036 0.971 7223.2 4.3165 16.013811 1.106368 16.47585 15.369481 "" "" 2141.81787 2568.98389 7403.24257 2.7292 3508.1 12.168 5641.1 10.409 "" "" 0.0027842403160522077 0.0046869214 0.0042775427 0.008964464 6.64164228666 62.77383425582 2307.29102 -1.216 -1.479 1.9995001163482666 -0.2716363945007325 0.068047695 0.07104769 "" "" 22.068521879492085 "" 1.5029377234207046 ""
5.83286316256 62.48692534795 0.0263 0.0264 15.2485 "" "" 430589717185931136 2779.72559 0.342 0.0338 -0.77 -1.0 0.034 0.036 0.983 7096.4 4.2848 16.021969 1.138848 16.499561 15.360713 "" "" 2576.03662 3018.49951 7347.83354 2.6121 3432.4 7.9277 5686.9 8.3549 "" "" 0.0027822226864276777 0.0037514733 0.0041022063 0.007853679 5.83286316256 62.48692534795 2779.72559 -0.77 -0.9999999999999998 2.4455001163482666 0.20736360549926758 0.0690477 0.07104769 "" "" 32.33729288458747 "" 2.2332839254905 ""
6.66682286423 62.53907036519 0.0256 0.0278 10.874 "" "" 430557144152906112 2520.08008 0.377 0.0335 -3.374 0.189 0.032 0.041 0.947 6298.7 4.0709 16.026022 1.12966 16.500372 15.370712 "" "" 2341.04541 2729.64795 7320.4563 2.677 3429.8 8.4515 5634.7 8.7084 "" "" 0.0027837798707312914 0.003865596 0.0041351435 0.008000739 6.66682286423 62.53907036519 2520.08008 -3.373999999999999 0.18900000000000006 -0.1584998836517335 1.3963636054992676 0.0670477 0.076047696 "" "" 16.78692399065359 "" 1.2747975063701114 ""
6.64663912826 62.79997184184 0.025 0.0264 14.4762 "" "" 430578344111232896 2388.49438 0.4045 0.0342 -3.723 -0.604 0.032 0.034 1.013 7202.9 4.3564 16.026608 1.160832 16.521727 15.360894 "" "" 2201.16064 2619.47168 7316.50355 2.8826 3363.0 8.7925 5685.9 9.7689 "" "" 0.0027883278462059614 0.003980315 0.0042146677 0.008194983 6.64663912826 62.79997184184 2388.49438 -3.723 -0.6040000000000001 -0.5074998836517333 0.6033636054992676 0.0670477 0.0690477 "" "" 8.926051456890749 "" 0.6089899423403121 ""
