Clusters/Stock_20/Stock_20_stars_in_region.tsv
# %ECSV 1.0
# ---
# datatype:
# - name: RA_ICRS_1
#   unit: deg
#   datatype: float64
#   format: '{:15.11f}'
#   description: Right ascension (ICRS) at Ep=2016.0 (ra)
#   meta: !!omap
#   - {ucd: POS_EQ_RA_MAIN}
#   - {width: 15}
#   - {precision: '11'}
# - name: DE_ICRS_1
#   unit: deg
#   datatype: float64
#   format: '{:15.11f}'
#   description: Declination (ICRS) at Ep=2016.0 (dec)
#   meta: !!omap
#   - {ucd: POS_EQ_DEC_MAIN}
#   - {width: 15}
#   - {precision: '11'}
# - name: e_RA_ICRS
#   unit: mas
#   datatype: float64
#   format: '{:7.4f}'
#   description: Standard error of right ascension (ra_error)
#   meta: !!omap
#   - {ucd: ERROR}
#   - {width: 7}
#   - {precision: '4'}
# - name: e_DE_ICRS
#   unit: mas
#   datatype: float64
#   format: '{:7.4f}'
#   description: Standard error of declination (dec_error)
#   meta: !!omap
#   - {ucd: ERROR}
#   - {width: 7}
#   - {precision: '4'}
# - name: _r_1
#   unit: ''
#   datatype: float64
#   format: '{:7.4f}'
#   description: Distance from center (006.30931750000+62.61480190000)[ICRS], at Epoch=J2016.0
#   meta: !!omap
#   - {ucd: POS_ANG_DIST_GENERAL}
#   - {width: 7}
#   - {precision: '4'}
# - name: HIP
#   datatype: int32
#   description: '? HIP cross-id number, van Leeuwen, Cat. I/311 (hip_original_ext_source_id)'
#   meta: !!omap
#   - {ucd: ID_NUMBER}
#   - {width: 6}
#   - values: {'null': -2147483648}
# - name: TYC2
#   datatype: string
#   description: Tycho-2 cross-id name, Hog et al., Cat. I/259 (tyc2_original_ext_source_id)
#   meta: !!omap
#   - {ucd: ID_CROSSID}
#   - {_votable_string_dtype: char}
# - name: Source
#   datatype: int64
#   description: Source identifier, identical to the Gaia-EDR3 source_id (id)
#   meta: !!omap
#   - {ucd: ID_MAIN}
#   - {width: 19}
# - name: rgeo
#   unit: pc
#   datatype: float64
#   format: '{:15.8f}'
#   description: '? Median of the geometric distance posterior (r_med_geo)'
#   meta: !!omap
#   - {ucd: PHYS_DISTANCE_TRUE}
#   - {width: 15}
#   - {precision: '8'}
#   - values: {'null': .nan}
# - name: Plx
#   unit: mas
#   datatype: float64
#   format: '{:9.4f}'
#   description: '? Parallax (parallax)'
#   meta: !!omap
#   - {ucd: POS_PARLX_TRIG}
#   - {width: 9}
#   - {precision: '4'}
#   - values: {'null': .nan}
# - name: e_Plx
#   unit: mas
#   datatype: float32
#   format: '{:7.4f}'
#   description: '? Standard error of parallax (parallax_error)'
#   meta: !!omap
#   - {ucd: ERROR}
#   - {width: 7}
#   - {precision: '4'}
#   - values: {'null': .nan}
# - name: pmRA
#   unit: mas / yr
#   datatype: float64
#   format: '{:9.3f}'
#   description: '? Proper motion in right ascension direction, pmRA*cosDE (pmra)'
#   meta: !!omap
#   - {ucd: POS_EQ_PMRA}
#   - {width: 9}
#   - {precision: '3'}
#   - values: {'null': .nan}
# - name: pmDE
#   unit: mas / yr
#   datatype: float64
#   format: '{:9.3f}'
#   description: '? Proper motion in declination direction (pmdec)'
#   meta: !!omap
#   - {ucd: POS_EQ_PMDEC}
#   - {width: 9}
#   - {precision: '3'}
#   - values: {'null': .nan}
# - name: e_pmRA
#   unit: mas / yr
#   datatype: float32
#   format: '{:6.3f}'
#   description: '? Standard error of proper motion in right ascension direction (pmra_error)'
#   meta: !!omap
#   - {ucd: ERROR}
#   - {width: 6}
#   - {precision: '3'}
#   - values: {'null': .nan}
# - name: e_pmDE
[...]
#         value: !astropy.table.SerializedColumn {name: SkyCoord.dec}
#       distance: !astropy.table.SerializedColumn
#         __class__: astropy.coordinates.distances.Distance
#         unit: !astropy.units.Unit {unit: pc}
#         value: !astropy.table.SerializedColumn {name: SkyCoord.distance}
#       frame: icrs
#       obstime: !astropy.time.Time {format: jyear_str, in_subfmt: '*', jd1: 367701545.0, jd2: 0.0, out_subfmt: '*', precision: 3, scale: tt}
#       pm_dec: !astropy.table.SerializedColumn
#         __class__: astropy.units.quantity.Quantity
#         unit: !astropy.units.Unit {unit: mas / yr}
#         value: !astropy.table.SerializedColumn {name: SkyCoord.pm_dec}
#       pm_ra_cosdec: !astropy.table.SerializedColumn
#         __class__: astropy.units.quantity.Quantity
#         unit: !astropy.units.Unit {unit: mas / yr}
#         value: !astropy.table.SerializedColumn {name: SkyCoord.pm_ra_cosdec}
#       ra: !astropy.table.SerializedColumn
#         __class__: astropy.coordinates.angles.Longitude
#         unit: *id001
#         value: !astropy.table.SerializedColumn {name: SkyCoord.ra}
#         wrap_angle: !astropy.coordinates.Angle
#           unit: *id001
#           value: 360.0
#       representation_type: spherical
# schema: astropy-2.0
RA_ICRS_1 DE_ICRS_1 e_RA_ICRS e_DE_ICRS _r_1 HIP TYC2 Source rgeo Plx e_Plx pmRA pmDE e_pmRA e_pmDE RUWE Teff logg Gmag BP-RP BPmag RPmag RV e_RV b_rgeo B_rgeo FG e_FG FBP e_FBP FRP e_FRP RAVE5 RAVE6 e_Gmag e_BPmag e_RPmag e_BP-RP SkyCoord.ra SkyCoord.dec SkyCoord.distance SkyCoord.pm_ra_cosdec SkyCoord.pm_dec rmRA rmDE e_rmRA e_rmDE rRV e_rRV v_pec v_pec3d e_vpec e_vpec3d
[from data line 507]
6.48558363059 62.4701740604 0.0326 0.0356 9.954 "" "" 430544912084702848 2422.56201 0.3914 0.0443 -3.305 -1.109 0.044 0.052 1.06 7058.2 4.3602 16.298645 1.247509 16.844456 15.596947 "" "" 2178.22046 2673.89893 5694.9336 2.4572 2498.2 6.9534 4574.9 8.2953 "" "" 0.0027948609736495314 0.004113092 0.0042613875 0.00837448 6.48558363059 62.4701740604 2422.56201 -3.305 -1.109 -0.08949988365173356 0.09836360549926759 0.079047695 0.087047696 "" "" 1.5270859722775514 "" 0.1275411545185918 ""
6.43208939024 62.70861250763 0.0287 0.0316 6.567 "" "" 430572468596023424 2937.18677 0.3196 0.0392 -4.492 -0.944 0.036 0.043 0.997 "" "" 16.298717 1.157822 16.792603 15.634781 "" "" 2586.8457 3364.00415 5694.55238 2.3762 2620.5 8.0739 4418.2 8.8601 "" "" 0.002792318962131409 0.004356086 0.004361691 0.008717777 6.43208939024 62.70861250763 2937.18677 -4.492 -0.9440000000000001 -1.2764998836517334 0.26336360549926763 0.07104769 0.07804769 "" "" 18.14607112221819 "" 1.2946667174180806 ""
6.48192004013 62.62591604149 0.0273 0.032 4.8091 "" "" 430570475731290240 2896.20068 0.3318 0.0378 -1.038 0.405 0.034 0.047 1.004 6205.4 4.232 16.302135 1.116658 16.747772 15.631114 "" "" 2564.38599 3337.61597 5676.65365 2.3271 2730.9 14.677 4433.2 20.281 "" "" 0.0027910381038665473 0.0064679687 0.006241399 0.012709368 6.48192004013 62.62591604149 2896.20068 -1.0380000000000003 0.405 2.1775001163482663 1.6123636054992676 0.0690477 0.08204769 "" "" 37.19556890892313 "" 2.7492463370513627 ""
6.10630930906 62.45410934194 0.0298 0.0303 11.1588 "" "" 430541922787448320 2835.15576 0.3307 0.0394 -1.939 -0.478 0.039 0.038 0.965 7151.8 4.3438 16.308105 1.347469 16.908062 15.560593 "" "" 2610.42529 3178.22949 5645.52863 2.3991 2356.1 7.8696 4730.7 7.6494 "" "" 0.002793683951134385 0.004575618 0.0041672373 0.008742856 6.10630930906 62.45410934194 2835.15576 -1.9389999999999996 -0.47800000000000015 1.2765001163482665 0.7293636054992676 0.0740477 0.0730477 "" "" 19.757192504553764 "" 1.4581368256502696 ""
6.21252666256 62.56527094777 0.0313 0.0301 3.9974 "" "" 430549344490880128 2122.26709 0.4531 0.0392 -3.0 -1.146 0.038 0.04 1.01 5909.5 4.3926 16.308992 1.231028 16.7983 15.567272 "" "" 1966.84021 2332.36865 5640.92228 2.3688 2606.7 21.76 4701.6 22.951 "" "" 0.00279278817436044 0.009483178 0.006509554 0.015992733 6.21252666256 62.56527094777 2122.26709 -3.0 -1.145999999999999 0.2155001163482666 0.06136360549926767 0.0730477 0.075047694 "" "" 2.2540071710914513 "" 0.1649924123516986 ""
6.43549342891 62.78065770279 0.0314 0.0313 10.5398 "" "" 430573117129782528 2296.59766 0.4183 0.0422 -2.222 -2.683 0.043 0.045 1.078 6019.5 4.0032 16.312841 1.244324 16.769062 15.524738 "" "" 2105.7522 2530.48877 5620.95198 2.771 2677.9 38.907 4889.5 42.495 "" "" 0.002806826389864948 0.016019436 0.0101649305 0.026184365 6.43549342891 62.78065770279 2296.59766 -2.221999999999998 -2.683 0.9935001163482666 -1.4756363945007323 0.07804769 0.0800477 "" "" 19.36506302136362 "" 1.538153142443144 ""
6.38424095685 62.8736525656 0.0278 0.0295 15.6669 "" "" 430582604718724736 2662.48486 0.3616 0.0372 -2.347 -1.214 0.036 0.042 1.026 7168.8 4.3566 16.321762 1.160327 16.815748 15.655421 "" "" 2426.47559 2921.85767 5574.96536 2.5244 2565.2 10.064 4335.0 7.7571 "" "" 0.0027988375438884657 0.005092116 0.004249507 0.009341624 6.38424095685 62.8736525656 2662.48486 -2.3469999999999986 -1.2139999999999986 0.8685001163482666 -0.00663639450073239 0.07104769 0.07704769 "" "" 10.960946247259413 "" 0.7787539511779173 ""
6.36619494152 62.40116770355 0.0309 0.0326 12.9145 "" "" 430543743853632000 2393.1377 0.4054 0.0437 -4.475 -2.306 0.043 0.043 1.056 5919.1 4.3942 16.323782 1.245512 16.864725 15.619213 "" "" 2158.36182 2697.07812 5564.60001 2.4527 2452.0 7.3139 4482.0 8.0519 "" "" 0.002796570638349776 0.004274735 0.00425303 0.008527765 6.36619494152 62.40116770355 2393.1377 -4.475000000000001 -2.306000000000002 -1.259499883651733 -1.0986363945007325 0.07804769 0.07804769 "" "" 18.95867914995704 "" 1.4796811657294153 ""
6.33004721572 62.46510820972 0.03 0.0307 8.9999 "" "" 430547317266382080 2393.98511 0.3926 0.0399 -3.747 -1.253 0.038 0.041 1.009 7164.9 4.2899 16.324663 1.280888 16.886806 15.605919 "" "" 2207.34009 2653.05591 5560.08498 2.2876 2402.7 6.0967 4537.2 7.8243 "" "" 0.0027912966056383537 0.003921097 0.004217741 0.008138838 6.33004721572 62.46510820972 2393.98511 -3.7470000000000017 -1.2529999999999997 -0.5314998836517333 -0.045636394500732314 0.0730477 0.076047696 "" "" 6.053381029592621 "" 0.4423211611466475 ""
5.85296421365 62.52432101867 0.0309 0.0311 13.7324 "" "" 430590266941725952 3078.21899 0.3056 0.0395 -2.265 -0.279 0.04 0.041 1.023 9369.5 4.1744 16.325506 0.961318 16.714357 15.753039 "" "" 2674.28442 3593.41162 5555.77175 2.2748 2816.3 6.9139 3962.3 8.7495 "" "" 0.0027909525972074005 0.003858705 0.004475687 0.008334393 5.85296421365 62.52432101867 3078.21899 -2.2649999999999997 -0.27900000000000025 0.9505001163482665 0.9283636054992676 0.075047694 0.076047696 "" "" 19.386003125805537 "" 1.4643715453070443 ""
6.23920410956 62.80452094255 0.0283 0.0321 11.5454 "" "" 430577004081252608 2833.94043 0.3349 0.0377 1.241 -1.97 0.037 0.045 0.974 6866.7 4.3605 16.331974 1.19847 16.846493 15.648023 "" "" 2573.7085 3141.16089 5522.77511 2.2595 2493.6 7.0924 4364.6 9.5157 "" "" 0.002790896578262841 0.004161896 0.0044594835 0.00862138 6.23920410956 62.80452094255 2833.94043 1.2409999999999988 -1.9700000000000002 4.456500116348266 -0.7626363945007324 0.072047696 0.0800477 "" "" 60.73385258343396 "" 4.390301317932176 ""
6.34418481483 62.87406984345 0.0286 0.032 15.5856 "" "" 430582776517413376 2967.09961 0.3135 0.0387 -0.617 -0.692 0.038 0.048 0.96 5384.7 3.7175 16.332424 1.809976 17.21505 15.405074 "" "" 2674.65137 3500.83765 5520.47965 2.3971 1775.8 10.027 5459.2 10.644 "" "" 0.002795362672748972 0.006735652 0.0043318574 0.01106751 6.34418481483 62.87406984345 2967.09961 -0.6169999999999994 -0.692 2.5985001163482666 0.5153636054992676 0.0730477 0.083047695 "" "" 37.25727085604609 "" 2.736582135717053 ""
6.02968985 62.8039813562 0.028 0.0311 13.7119 "" "" 430622324578565760 2320.23193 0.4198 0.0381 -2.398 0.141 0.036 0.039 0.992 5649.5 4.4246 16.335472 1.175854 16.836712 15.660858 "" "" 2129.86743 2549.7937 5505.00884 2.1956 2516.1 8.9787 4313.4 9.115 "" "" 0.002789140671180028 0.004774557 0.00442129 0.009195847 6.02968985 62.8039813562 2320.23193 -2.3980000000000015 0.14100000000000007 0.8175001163482665 1.3483636054992676 0.07104769 0.0740477 "" "" 17.341810668356775 "" 1.2703468586579607 ""
5.91987079991 62.79654973436 0.0275 0.0333 15.2882 "" "" 430622801307963776 2523.51392 0.3772 0.0388 0.084 0.922 0.035 0.04 0.945 6074.0 4.4027 16.336132 1.074384 16.78397 15.709586 "" "" 2302.52979 2810.96118 5501.65812 2.5006 2641.4 9.5945 4124.0 10.303 "" "" 0.00279916379977503 0.0048309867 0.004652029 0.009483015 5.91987079991 62.79654973436 2523.51392 0.08400000000000002 0.9220000000000005 3.2995001163482667 2.1293636054992677 0.07004769 0.075047694 "" "" 46.97196962734151 "" 3.361037419229529 ""
6.68104455995 62.71250269795 0.0303 0.034 11.801 "" "" 430577588197066880 3039.4209 0.3107 0.0415 -3.602 -1.023 0.036 0.042 1.044 9631.3 4.2812 16.336206 0.969935 16.730474 15.760539 "" "" 2774.13965 3351.31763 5501.28387 2.4729 2774.8 11.967 3935.0 10.768 "" "" 0.0027982110166479934 0.0054507675 0.004807396 0.010258163 6.68104455995 62.71250269795 3039.4209 -3.601999999999999 -1.0229999999999988 -0.38649988365173327 0.18436360549926767 0.07104769 0.07704769 "" "" 6.169298946176605 "" 0.44540803978286264 ""
6.2127797737 62.4621085468 0.0299 0.0306 9.543 "" "" 430547111107945600 2650.76196 0.3661 0.0405 -3.163 -1.132 0.04 0.041 0.99 8278.8 4.3551 16.337189 1.088305 16.79625 15.707944 "" "" 2430.43726 2895.96899 5496.30596 2.408 2611.7 8.1083 4130.3 11.004 "" "" 0.002796078617707512 0.0043757544 0.004759312 0.0091350665 6.2127797737 62.4621085468 2650.76196 -3.1630000000000016 -1.1319999999999995 0.05250011634826679 0.07536360549926768 0.075047694 0.076047696 "" "" 1.1540262566536477 "" 0.08738566014325033 ""
6.08859511226 62.39866226117 0.0322 0.0325 14.3372 "" "" 430541544830354944 3068.53931 0.3083 0.0422 -2.129 0.635 0.042 0.04 1.011 6588.5 4.3086 16.341944 1.189057 16.856598 15.667541 "" "" 2726.50171 3523.17676 5472.28748 2.2778 2470.5 8.9231 4286.9 7.2838 "" "" 0.002792137169434704 0.00481284 0.004205574 0.009018414 6.08859511226 62.39866226117 3068.53931 -2.1290000000000004 0.6350000000000005 1.0865001163482666 1.8423636054992676 0.07704769 0.075047694 "" "" 31.109671992063543 "" 2.3509219038594007 ""
6.41632199288 62.65192937471 0.028 0.0306 3.6976 "" "" 430570716249184896 2370.98706 0.4049 0.0373 -3.346 0.77 0.035 0.042 1.002 6625.4 4.3987 16.346342 1.147182 16.836437 15.689255 "" "" 2138.9231 2670.68311 5450.16794 2.2342 2516.8 8.254 4202.0 7.577 "" "" 0.0027910363901395333 0.0045237048 0.0042563668 0.0087800715 6.41632199288 62.65192937471 2370.98706 -3.346 0.7699999999999998 -0.13049988365173348 1.9773636054992676 0.07004769 0.07704769 "" "" 22.270902305809766 "" 1.7152761079122871 ""
5.97014440517 62.76283978891 0.0353 0.0624 12.8871 "" "" 430622015336278400 2222.51147 0.4444 0.0486 -4.048 -1.347 0.046 0.071 1.114 "" "" 16.347912 "" "" "" "" "" 2011.76685 2621.3125 5442.29144 3.8149 "" "" "" "" "" "" 0.0028584995708552845 "" "" "" 5.97014440517 62.76283978891 2222.51147 -4.048 -1.347 -0.8324998836517334 -0.1396363945007324 0.0810477 0.1060477 "" "" 8.892653271600473 "" 0.7277169208344537 ""
6.43483745183 62.40411357445 0.0292 0.0334 13.1106 "" "" 430543606414682624 2443.96338 0.3813 0.0406 -4.741 1.336 0.038 0.046 1.039 4901.2 4.1272 16.350084 1.541308 17.06496 15.523652 "" "" 2219.40161 2732.80273 5431.41568 2.4994 2039.1 8.7542 4894.4 10.609 "" "" 0.002800253170399489 0.0054325205 0.0044522253 0.009884746 6.43483745183 62.40411357445 2443.96338 -4.741 1.3360000000000005 -1.525499883651733 2.543363605499268 0.0730477 0.0810477 "" "" 34.35673631917222 "" 2.714524139980848 ""
6.00709170255 62.44929664563 0.0302 0.0324 12.9834 "" "" 430588686393807872 2724.59937 0.3437 0.0405 -1.625 0.495 0.039 0.04 0.935 7739.9 4.0701 16.35196 1.136988 16.836466 15.699478 "" "" 2512.9021 2990.69409 5422.04456 2.5682 2516.7 9.2946 4162.6 9.5382 "" "" 0.002802902369740499 0.0048850393 0.0045247297 0.0094097685 6.00709170255 62.44929664563 2724.59937 -1.625 0.495 1.5905001163482666 1.7023636054992677 0.0740477 0.075047694 "" "" 30.08778451368251 "" 2.244046176439677 ""
6.15339701672 62.69332345548 0.0279 0.0305 6.3768 "" "" 430574564539862656 2381.35474 0.399 0.0376 -3.485 -1.175 0.036 0.04 1.099 7431.9 4.2761 16.352148 1.217665 16.862875 15.64521 "" "" 2204.50854 2591.92358 5421.09682 2.392 2456.2 7.8689 4376.0 8.9188 "" "" 0.0027966581447846387 0.0044591525 0.004379551 0.008838704 6.15339701672 62.69332345548 2381.35474 -3.485 -1.175 -0.2694998836517333 0.032363605499267534 0.07104769 0.075047694 "" "" 3.063868653597303 "" 0.2178598560319232 ""
6.40168743852 62.50177105158 0.0299 0.0342 7.2469 "" "" 430545977236568832 2328.97437 0.4106 0.0401 -2.981 -1.703 0.04 0.046 0.968 6517.0 4.4047 16.35305 1.214073 16.882143 15.66807 "" "" 2155.39941 2619.6665 5416.59555 2.5743 2413.0 9.2699 4284.8 10.464 "" "" 0.0028032221477074753 0.0050182105 0.0046167276 0.009634938 6.40168743852 62.50177105158 2328.97437 -2.981 -1.703 0.23450011634826673 -0.4956363945007325 0.075047694 0.0810477 "" "" 6.052998666336154 "" 0.48414240833574673 ""
6.26006162873 62.69925820985 0.0293 0.0335 5.246 "" "" 430574049143789824 2703.64722 0.3448 0.0405 -2.603 -1.483 0.039 0.047 1.034 7101.6 4.3571 16.355394 1.297811 16.926628 15.628818 "" "" 2426.26318 3064.70435 5404.91562 2.1949 2316.1 8.3018 4442.5 9.0609 "" "" 0.002790374742382898 0.0047885664 0.0043803616 0.0091689285 6.26006162873 62.69925820985 2703.64722 -2.603 -1.483 0.6125001163482664 -0.2756363945007325 0.0740477 0.08204769 "" "" 8.607560664905229 "" 0.6494783390492233 ""
6.33230023819 62.60397682116 0.06 0.0896 0.9079 "" "" 430549688088254336 2282.82178 0.44 0.0852 -3.352 -1.004 0.075 0.105 1.808 "" "" 16.356009 "" "" "" "" "" 1906.45679 2927.21924 5401.86295 8.6367 "" "" "" "" "" "" 0.0032565613428924742 "" "" "" 6.33230023819 62.60397682116 2282.82178 -3.352 -1.0039999999999998 -0.13649988365173327 0.20336360549926757 0.1100477 0.1400477 "" "" 2.6502452646717143 "" 0.3484141661090814 ""
6.42113146218 62.75995459744 0.0307 0.0312 9.2372 "" "" 430572983992055680 2330.771 0.4057 0.0399 -2.344 -1.98 0.038 0.046 1.032 7102.0 4.2987 16.356375 1.089579 16.813324 15.723745 "" "" 2111.23608 2540.46436 5400.03464 2.1028 2570.9 8.7349 4070.6 8.2234 "" "" 0.0027875691201081454 0.0046252613 0.00436975 0.008995011 6.42113146218 62.75995459744 2330.771 -2.344 -1.98 0.8715001163482667 -0.7726363945007324 0.0730477 0.0810477 "" "" 12.867214981399451 "" 0.986546034005846 ""
6.72166815268 62.73351869845 0.0291 0.0318 13.4062 "" "" 430565974605483264 2925.53955 0.327 0.0394 -1.571 0.041 0.035 0.04 0.942 7264.8 4.3346 16.357506 1.366415 16.960758 15.594343 "" "" 2659.87939 3311.38306 5394.41226 2.3174 2244.5 11.325 4585.9 9.3852 "" "" 0.0027945198197580367 0.0061478787 0.0043841754 0.010532054 6.72166815268 62.73351869845 2925.53955 -1.571 0.04100000000000022 1.6445001163482666 1.2483636054992675 0.07004769 0.075047694 "" "" 28.630662854203973 "" 2.05900104538872 ""
6.40883138286 62.54453460952 0.0328 0.0393 5.0334 "" "" 430546492632866560 2900.50635 0.3258 0.0436 -3.715 0.354 0.04 0.05 0.945 6317.6 3.9253 16.365719 1.888692 17.298058 15.409366 "" "" 2577.38794 3267.56274 5353.7624 2.4844 1645.1 10.703 5437.7 11.85 "" "" 0.0028010064697813683 0.0075948746 0.0044589248 0.012053799 6.40883138286 62.54453460952 2900.50635 -3.715 0.354 -0.49949988365173326 1.5613636054992677 0.075047694 0.08504769 "" "" 22.53797013691878 "" 1.8970055427414318 ""
6.27302321271 62.72138587434 0.0289 0.0338 6.4727 "" "" 430574220942473344 2304.5686 0.4142 0.0391 -3.632 0.716 0.037 0.047 0.967 5534.8 4.4255 16.366142 1.313333 16.93378 15.620447 "" "" 2123.37866 2510.6875 5351.67428 2.1783 2300.9 9.6982 4476.9 16.6 "" "" 0.0027905358720745252 0.0053598396 0.005521866 0.010881705 6.27302321271 62.72138587434 2304.5686 -3.6319999999999997 0.7159999999999999 -0.4164998836517335 1.9233636054992675 0.072047696 0.08204769 "" "" 21.497130883129863 "" 1.7547244169347327 ""
6.28618435014 62.88311798693 0.0312 0.0324 16.1115 "" "" 430582845236883584 2658.95508 0.3462 0.0412 -1.929 -1.639 0.043 0.048 1.034 6598.5 4.349 16.36752 1.15051 16.851309 15.700799 "" "" 2415.33789 2985.96021 5344.89234 2.5872 2482.5 8.0951 4157.6 8.6828 "" "" 0.0028049944453863948 0.004507745 0.0044073965 0.008915141 6.28618435014 62.88311798693 2658.95508 -1.9289999999999998 -1.6390000000000018 1.2865001163482666 -0.43163639450073243 0.07804769 0.083047695 "" "" 17.102615428842604 "" 1.3437192682896537 ""
6.790697314 62.57923058801 0.0289 0.0318 13.4634 "" "" 430558896499539072 2370.37134 0.4059 0.0395 0.396 -0.235 0.036 0.042 1.004 5873.7 4.4151 16.37042 1.15851 16.868523 15.710012 "" "" 2143.24561 2631.41479 5330.62659 2.2773 2443.5 9.8459 4122.4 9.3124 "" "" 0.0027940893028061842 0.0051889047 0.004505466 0.009694371 6.790697314 62.57923058801 2370.37134 0.3960000000000003 -0.23500000000000018 3.6115001163482665 0.9723636054992676 0.07104769 0.07704769 "" "" 42.02223277053984 "" 3.003291720954618 ""
6.49264525333 62.72690524331 0.0297 0.0305 8.4109 "" "" 430572709114182528 2180.72998 0.4379 0.0392 -2.807 -0.671 0.038 0.043 1.058 5672.3 4.4678 16.375027 1.268549 16.932585 15.664036 "" "" 2017.453 2361.4397 5308.05974 2.0726 2303.5 7.6166 4300.7 8.7284 "" "" 0.002787743562125562 0.0045467913 0.0043748473 0.008921638 6.49264525333 62.72690524331 2180.72998 -2.807 -0.671 0.40850011634826666 0.5363636054992675 0.0730477 0.07804769 "" "" 6.969073003639821 "" 0.5313935468484646 ""
