Clusters/Stock_20/Stock_20_members.tsv
# %ECSV 1.0
# ---
# datatype:
# - name: RA_ICRS_1
#   unit: deg
#   datatype: float64
#   format: '{:15.11f}'
#   description: Right ascension (ICRS) at Ep=2016.0 (ra)
#   meta: !!omap
#   - {ucd: POS_EQ_RA_MAIN}
#   - {width: 15}
#   - {precision: '11'}
# - name: DE_ICRS_1
#   unit: deg
#   datatype: float64
#   format: '{:15.11f}'
#   description: Declination (ICRS) at Ep=2016.0 (dec)
#   meta: !!omap
#   - {ucd: POS_EQ_DEC_MAIN}
#   - {width: 15}
#   - {precision: '11'}
# - name: e_RA_ICRS
#   unit: mas
#   datatype: float64
#   format: '{:7.4f}'
#   description: Standard error of right ascension (ra_error)
#   meta: !!omap
#   - {ucd: ERROR}
#   - {width: 7}
#   - {precision: '4'}
# - name: e_DE_ICRS
#   unit: mas
#   datatype: float64
#   format: '{:7.4f}'
#   description: Standard error of declination (dec_error)
#   meta: !!omap
#   - {ucd: ERROR}
#   - {width: 7}
#   - {precision: '4'}
# - name: _r_1
#   unit: ''
#   datatype: float64
#   format: '{:7.4f}'
#   description: Distance from center (006.30931750000+62.61480190000)[ICRS], at Epoch=J2016.0
#   meta: !!omap
#   - {ucd: POS_ANG_DIST_GENERAL}
#   - {width: 7}
#   - {precision: '4'}
# - name: HIP
#   datatype: int32
#   description: '? HIP cross-id number, van Leeuwen, Cat. I/311 (hip_original_ext_source_id)'
#   meta: !!omap
#   - {ucd: ID_NUMBER}
#   - {width: 6}
#   - values: {'null': -2147483648}
# - name: TYC2
#   datatype: string
#   description: Tycho-2 cross-id name, Hog et al., Cat. I/259 (tyc2_original_ext_source_id)
#   meta: !!omap
#   - {ucd: ID_CROSSID}
#   - {_votable_string_dtype: char}
# - name: Source
#   datatype: int64
#   description: Source identifier, identical to the Gaia-EDR3 source_id (id)
#   meta: !!omap
#   - {ucd: ID_MAIN}
#   - {width: 19}
# - name: rgeo
#   unit: pc
#   datatype: float64
#   format: '{:15.8f}'
#   description: '? Median of the geometric distance posterior (r_med_geo)'
#   meta: !!omap
#   - {ucd: PHYS_DISTANCE_TRUE}
#   - {width: 15}
#   - {precision: '8'}
#   - values: {'null': .nan}
# - name: Plx
#   unit: mas
#   datatype: float64
#   format: '{:9.4f}'
#   description: '? Parallax (parallax)'
#   meta: !!omap
#   - {ucd: POS_PARLX_TRIG}
#   - {width: 9}
#   - {precision: '4'}
#   - values: {'null': .nan}
# - name: e_Plx
#   unit: mas
#   datatype: float32
#   format: '{:7.4f}'
#   description: '? Standard error of parallax (parallax_error)'
#   meta: !!omap
#   - {ucd: ERROR}
#   - {width: 7}
#   - {precision: '4'}
#   - values: {'null': .nan}
# - name: pmRA
#   unit: mas / yr
#   datatype: float64
#   format: '{:9.3f}'
#   description: '? Proper motion in right ascension direction, pmRA*cosDE (pmra)'
#   meta: !!omap
#   - {ucd: POS_EQ_PMRA}
#   - {width: 9}
#   - {precision: '3'}
#   - values: {'null': .nan}
# - name: pmDE
#   unit: mas / yr
#   datatype: float64
#   format: '{:9.3f}'
#   description: '? Proper motion in declination direction (pmdec)'
#   meta: !!omap
#   - {ucd: POS_EQ_PMDEC}
#   - {width: 9}
#   - {precision: '3'}
#   - values: {'null': .nan}
# - name: e_pmRA
#   unit: mas / yr
#   datatype: float32
#   format: '{:6.3f}'
#   description: '? Standard error of proper motion in right ascension direction (pmra_error)'
#   meta: !!omap
#   - {ucd: ERROR}
#   - {width: 6}
#   - {precision: '3'}
#   - values: {'null': .nan}
# - name: e_pmDE
[...]
#         unit: &id001 !astropy.units.Unit {unit: deg}
#         value: !astropy.table.SerializedColumn {name: SkyCoord.dec}
#       distance: !astropy.table.SerializedColumn
#         __class__: astropy.coordinates.distances.Distance
#         unit: !astropy.units.Unit {unit: pc}
#         value: !astropy.table.SerializedColumn {name: SkyCoord.distance}
#       frame: icrs
#       obstime: !astropy.time.Time {format: jyear_str, in_subfmt: '*', jd1: 367701545.0, jd2: 0.0, out_subfmt: '*', precision: 3, scale: tt}
#       pm_dec: !astropy.table.SerializedColumn
#         __class__: astropy.units.quantity.Quantity
#         unit: !astropy.units.Unit {unit: mas / yr}
#         value: !astropy.table.SerializedColumn {name: SkyCoord.pm_dec}
#       pm_ra_cosdec: !astropy.table.SerializedColumn
#         __class__: astropy.units.quantity.Quantity
#         unit: !astropy.units.Unit {unit: mas / yr}
#         value: !astropy.table.SerializedColumn {name: SkyCoord.pm_ra_cosdec}
#       ra: !astropy.table.SerializedColumn
#         __class__: astropy.coordinates.angles.Longitude
#         unit: *id001
#         value: !astropy.table.SerializedColumn {name: SkyCoord.ra}
#         wrap_angle: !astropy.coordinates.Angle
#           unit: *id001
#           value: 360.0
#       representation_type: spherical
# schema: astropy-2.0
RA_ICRS_1 DE_ICRS_1 e_RA_ICRS e_DE_ICRS _r_1 HIP TYC2 Source rgeo Plx e_Plx pmRA pmDE e_pmRA e_pmDE RUWE Teff logg Gmag BP-RP BPmag RPmag RV e_RV b_rgeo B_rgeo FG e_FG FBP e_FBP FRP e_FRP RAVE5 RAVE6 e_Gmag e_BPmag e_RPmag e_BP-RP SkyCoord.ra SkyCoord.dec SkyCoord.distance SkyCoord.pm_ra_cosdec SkyCoord.pm_dec Pmemb
6.33113825873 62.60407284548 0.0091 0.0098 0.8816 "" "" 430549683785345280 2608.91113 0.3623 0.0118 -3.25 -1.312 0.011 0.014 0.908 15148.7 4.0698 12.216063 0.381666 12.343027 11.961361 "" "" 2543.6333 2688.92896 244636.67939 58.865 157840.0 145.63 130200.0 136.58 "" "" 0.0027676781056925905 0.002964548 0.003947266 0.006911814 6.33113825873 62.60407284548 2608.91113 -3.250000000000001 -1.3120000000000003 0.9
6.31550012818 62.63477575565 0.0087 0.0101 1.2105 "" "" 430573258869825536 2485.25684 0.3778 0.0117 -3.237 -1.257 0.011 0.014 0.947 14140.1 4.0362 12.70129 0.402215 12.842485 12.44027 "" "" 2411.51807 2556.43262 156469.83213 29.48 99637.0 66.921 83763.0 42.672 "" "" 0.002762903233692817 0.002883891 0.0038196417 0.0067035328 6.31550012818 62.63477575565 2485.25684 -3.2369999999999988 -1.2569999999999997 0.9
6.36527789629 62.60352695713 0.0102 0.012 1.6863 "" 4019-2785-1 430570200853117696 2519.60767 0.3705 0.0139 -3.263 -1.297 0.013 0.017 1.027 "" "" 12.903441 0.445379 13.061058 12.615679 -35.75 13.7 2424.49243 2617.9873 129888.32452 45.472 81469.0 82.981 71267.0 67.537 "" "" 0.002781414327209898 0.0030013386 0.0039169355 0.006918274 6.36527789629 62.60352695713 2519.60767 -3.263 -1.2969999999999997 0.9
6.06597957405 62.58997845035 0.0089 0.0098 6.8816 "" "" 430548932174000896 2600.16309 0.3548 0.0118 -3.181 -1.234 0.011 0.013 1.021 14184.7 4.0609 13.222219 0.435765 13.376999 12.941234 "" "" 2529.15479 2676.14062 96840.90025 29.009 60900.0 39.377 52804.0 21.353 "" "" 0.0027744490771472053 0.0028771306 0.003804799 0.0066819293 6.06597957405 62.58997845035 2600.16309 -3.181 -1.234 0.8
6.32050042761 62.62492880707 0.0089 0.0096 0.6815 "" "" 430573224510089600 2670.96777 0.345 0.0114 -3.204 -1.144 0.011 0.014 0.986 14574.5 3.9818 13.341928 0.424212 13.490701 13.066488 "" "" 2593.03955 2747.78101 86731.18896 21.49 54845.0 35.296 47050.0 26.186 "" "" 0.0027684221945186317 0.0028763309 0.0038273847 0.006703716 6.32050042761 62.62492880707 2670.96777 -3.2040000000000015 -1.144 0.9
6.32641295069 62.63569947686 0.0089 0.0103 1.3396 "" "" 430573258869825664 2593.36011 0.3545 0.012 -3.197 -1.242 0.011 0.015 0.963 11870.5 3.9858 13.618359 0.484207 13.793403 13.309195 "" "" 2513.69336 2669.82202 67236.21967 18.048 41501.0 23.31 37625.0 16.063 "" "" 0.0027706907181877165 0.0028560357 0.0038077005 0.006663736 6.32641295069 62.63569947686 2593.36011 -3.197000000000001 -1.2420000000000004 0.9
6.31982196284 62.63699720253 0.0107 0.0124 1.3629 "" "" 430573258869825024 2526.50122 0.3673 0.0145 -3.295 -1.14 0.014 0.018 1.197 13147.8 4.4098 13.759386 0.649034 13.822312 13.173279 "" "" 2412.7019 2638.97485 59046.25043 22.844 40410.0 326.54 42643.0 536.49 "" "" 0.0027871551734538844 0.009206464 0.01417281 0.023379274 6.31982196284 62.63699720253 2526.50122 -3.295000000000001 -1.1400000000000001 0.8
6.44756626025 62.6190649219 0.01 0.0113 3.8237 "" "" 430570097774171776 2650.88306 0.35 0.0136 -3.158 -1.156 0.012 0.016 1.012 11131.2 3.951 13.941247 0.398416 14.086084 13.687669 "" "" 2552.23267 2746.34692 49939.9385 15.344 31694.0 27.382 26552.0 18.115 "" "" 0.0027754409844620758 0.0029436254 0.0038512882 0.0067949137 6.44756626025 62.6190649219 2650.88306 -3.157999999999999 -1.1559999999999995 1.0
6.30695587524 62.62489034468 0.0105 0.0116 0.6088 "" "" 430573220206604800 2560.28687 0.3615 0.014 -3.225 -1.187 0.014 0.016 0.976 11295.1 3.9391 13.983884 0.4926 14.158256 13.665656 "" "" 2468.0708 2657.24365 48016.78062 13.997 29656.0 46.947 27095.0 23.792 "" "" 0.002773437975081656 0.0032770783 0.0038977764 0.0071748546 6.30695587524 62.62489034468 2560.28687 -3.225 -1.1869999999999994 0.8
6.28707792307 62.62805604566 0.0112 0.0117 1.0045 "" "" 430549962966146560 2532.71997 0.3681 0.0147 -3.227 -1.148 0.014 0.016 1.023 10768.9 4.1996 14.186609 0.530116 14.381008 13.850892 "" "" 2443.67334 2636.12476 39838.51253 12.049 24155.0 21.681 22846.0 11.681 "" "" 0.002774819019716616 0.0029554632 0.003819934 0.0067753973 6.28707792307 62.62805604566 2532.71997 -3.227 -1.148 1.0
6.20067157003 62.66123084928 0.0118 0.0121 4.0911 "" "" 430574255302436352 2573.74121 0.3595 0.0157 -3.206 -1.174 0.015 0.016 0.966 12216.1 4.1064 14.270799 0.554571 14.474168 13.919597 "" "" 2478.64551 2692.22998 36866.10915 12.186 22169.0 21.435 21445.0 17.8 "" "" 0.002778594886267424 0.0029811247 0.0038853413 0.0068664663 6.20067157003 62.66123084928 2573.74121 -3.2059999999999986 -1.174 0.9
6.46515917502 62.64459995358 0.0127 0.0147 4.6558 "" "" 430570510091004160 2638.8811 0.3528 0.0174 -3.186 -1.291 0.016 0.02 0.966 9444.7 4.0676 14.546011 0.528657 14.741405 14.212748 "" "" 2499.25684 2770.73853 28611.62509 8.2482 17332.0 21.954 16370.0 11.251 "" "" 0.0027730410888557387 0.0031106956 0.0038523462 0.0069630416 6.46515917502 62.64459995358 2638.8811 -3.186000000000001 -1.291 1.0
6.19194419894 62.68141226281 0.0148 0.0157 5.1422 "" "" 430574289652998016 2429.63086 0.3851 0.0194 -3.199 -1.17 0.019 0.02 1.183 12035.6 4.138 14.603285 0.863714 14.820953 13.957239 "" "" 2308.18359 2540.72876 27141.43571 7.8668 16108.0 132.4 20714.0 478.75 "" "" 0.002773233173761273 0.009350235 0.025376964 0.0347272 6.19194419894 62.68141226281 2429.63086 -3.199 -1.17 0.8
6.32431944145 62.64692108461 0.0134 0.0151 1.9711 "" "" 430573361949037568 2517.97046 0.3673 0.0181 -3.215 -1.221 0.017 0.022 1.0 9537.5 4.085 14.671391 0.558229 14.877941 14.319712 "" "" 2404.6709 2629.71021 25491.22505 8.2832 15284.0 11.996 14835.0 12.687 "" "" 0.0027778155207835173 0.0029174017 0.0038917726 0.006809174 6.32431944145 62.64692108461 2517.97046 -3.2150000000000007 -1.2209999999999999 0.9
6.22047715236 62.63313730822 0.0166 0.018 2.6866 "" "" 430549997325880064 2566.64722 0.3628 0.0226 -3.251 -1.203 0.021 0.024 0.948 9344.4 4.184 15.169785 0.668128 15.423682 14.755554 "" "" 2428.02539 2730.72314 16107.66121 4.9363 9245.8 11.212 9929.7 12.224 "" "" 0.002775337701114478 0.0030852158 0.004008769 0.0070939846 6.22047715236 62.63313730822 2566.64722 -3.251 -1.203 1.0
6.3788829044 62.50348427054 0.0181 0.0192 6.9505 "" "" 430546011596304128 2601.10767 0.3609 0.0245 -3.266 -1.118 0.023 0.025 0.961 8394.0 4.3772 15.360323 0.750044 15.647786 14.897742 "" "" 2412.77124 2784.8562 13515.04897 4.1595 7521.5 12.365 8710.9 10.002 "" "" 0.00277550876130341 0.0033122376 0.003979685 0.0072919223 6.3788829044 62.50348427054 2601.10767 -3.266000000000001 -1.1180000000000005 0.8
6.29635750023 62.61885427883 0.0183 0.0193 0.4325 "" "" 430549756807721856 2589.54077 0.3667 0.0242 -3.221 -1.212 0.022 0.026 0.976 8859.9 4.2005 15.361186 0.778686 15.664469 14.885782 "" "" 2416.85205 2743.59302 13504.30709 4.1372 7406.8 17.148 8807.3 14.581 "" "" 0.0027753253214827245 0.00375547 0.0041850605 0.007940531 6.29635750023 62.61885427883 2589.54077 -3.221000000000001 -1.2119999999999997 0.8
6.23419599507 62.66497312462 0.0195 0.0211 3.6541 "" "" 430573533747722880 2839.18945 0.331 0.0268 -3.226 -1.242 0.024 0.027 1.073 9109.2 4.271 15.504474 0.832192 15.83588 15.003688 "" "" 2617.77759 3151.09448 11834.70002 3.775 6325.1 9.9855 7901.0 9.2415 "" "" 0.002777000272716492 0.0032746082 0.0039870394 0.007261648 6.23419599507 62.66497312462 2839.18945 -3.2260000000000004 -1.2420000000000002 0.9
6.32761472106 62.60413647351 0.0221 0.0233 0.8152 "" "" 430549688088253952 2499.78394 0.3763 0.0287 -3.174 -1.229 0.027 0.033 1.06 7988.6 4.1175 15.554984 0.847727 15.866675 15.018949 "" "" 2313.96509 2668.96899 11296.74133 3.765 6148.2 27.176 7790.7 14.158 "" "" 0.0027789799144885686 0.005551272 0.004263433 0.009814706 6.32761472106 62.60413647351 2499.78394 -3.174 -1.2289999999999996 0.9
6.38661147398 62.6421468725 0.0205 0.0239 2.6904 "" "" 430570372651803008 2883.03906 0.3234 0.028 -3.223 -1.19 0.026 0.034 0.992 7419.0 4.1825 15.75601 0.903383 16.118727 15.215343 "" "" 2674.03857 3158.78833 9387.34739 3.0883 4874.5 10.714 6501.6 8.0221 "" "" 0.0027783763300134236 0.003671515 0.0040097875 0.0076813027 6.38661147398 62.6421468725 2883.03906 -3.2229999999999994 -1.19 1.0
6.37922771993 62.60400552304 0.0237 0.0269 2.0356 "" "" 430570200853117824 2484.53052 0.3727 0.0319 -3.158 -1.171 0.03 0.037 1.067 7430.7 4.3158 15.890315 0.927546 16.265556 15.338011 "" "" 2300.32935 2679.38574 8295.08244 2.8708 4257.9 11.9 5807.0 8.7877 "" "" 0.0027808240466483843 0.0041222274 0.00412108 0.0082433075 6.37922771993 62.60400552304 2484.53052 -3.157999999999999 -1.1710000000000003 0.8
6.36124528815 62.55820664361 0.0251 0.027 3.6863 "" "" 430546561352087040 2815.78906 0.3345 0.0332 -3.179 -1.224 0.031 0.037 0.951 7369.7 4.2846 15.994989 1.095141 16.454243 15.359101 "" "" 2556.72339 3056.2439 7532.70269 2.5541 3578.7 9.137 5695.3 12.723 "" "" 0.0027798049282208256 0.003933111 0.0044907313 0.0084238425 6.36124528815 62.55820664361 2815.78906 -3.179 -1.2240000000000004 0.9
