Clusters/UPK_150/UPK_150_stars_in_region.tsv
# %ECSV 1.0
# ---
# datatype:
# - name: RA_ICRS_1
#   unit: deg
#   datatype: float64
#   format: '{:15.11f}'
#   description: Right ascension (ICRS) at Ep=2016.0 (ra)
#   meta: !!omap
#   - {ucd: POS_EQ_RA_MAIN}
#   - {width: 15}
#   - {precision: '11'}
# - name: DE_ICRS_1
#   unit: deg
#   datatype: float64
#   format: '{:15.11f}'
#   description: Declination (ICRS) at Ep=2016.0 (dec)
#   meta: !!omap
#   - {ucd: POS_EQ_DEC_MAIN}
#   - {width: 15}
#   - {precision: '11'}
# - name: e_RA_ICRS
#   unit: mas
#   datatype: float64
#   format: '{:7.4f}'
#   description: Standard error of right ascension (ra_error)
#   meta: !!omap
#   - {ucd: ERROR}
#   - {width: 7}
#   - {precision: '4'}
# - name: e_DE_ICRS
#   unit: mas
#   datatype: float64
#   format: '{:7.4f}'
#   description: Standard error of declination (dec_error)
#   meta: !!omap
#   - {ucd: ERROR}
#   - {width: 7}
#   - {precision: '4'}
# - name: _r_1
#   unit: ''
#   datatype: float64
#   format: '{:7.4f}'
#   description: Distance from center (319.53900996000+54.48630551000)[ICRS], at Epoch=J2016.0
#   meta: !!omap
#   - {ucd: POS_ANG_DIST_GENERAL}
#   - {width: 7}
#   - {precision: '4'}
# - name: HIP
#   datatype: int32
#   description: '? HIP cross-id number, van Leeuwen, Cat. I/311 (hip_original_ext_source_id)'
#   meta: !!omap
#   - {ucd: ID_NUMBER}
#   - {width: 6}
#   - values: {'null': -2147483648}
# - name: TYC2
#   datatype: string
#   description: Tycho-2 cross-id name, Hog et al., Cat. I/259 (tyc2_original_ext_source_id)
#   meta: !!omap
#   - {ucd: ID_CROSSID}
#   - {_votable_string_dtype: char}
# - name: Source
#   datatype: int64
#   description: Source identifier, identical to the Gaia-EDR3 source_id (id)
#   meta: !!omap
#   - {ucd: ID_MAIN}
#   - {width: 19}
# - name: rgeo
#   unit: pc
#   datatype: float64
#   format: '{:15.8f}'
#   description: '? Median of the geometric distance posterior (r_med_geo)'
#   meta: !!omap
#   - {ucd: PHYS_DISTANCE_TRUE}
#   - {width: 15}
#   - {precision: '8'}
#   - values: {'null': .nan}
# - name: Plx
#   unit: mas
#   datatype: float64
#   format: '{:9.4f}'
#   description: '? Parallax (parallax)'
#   meta: !!omap
#   - {ucd: POS_PARLX_TRIG}
#   - {width: 9}
#   - {precision: '4'}
#   - values: {'null': .nan}
# - name: e_Plx
#   unit: mas
#   datatype: float32
#   format: '{:7.4f}'
#   description: '? Standard error of parallax (parallax_error)'
#   meta: !!omap
#   - {ucd: ERROR}
#   - {width: 7}
#   - {precision: '4'}
#   - values: {'null': .nan}
# - name: pmRA
#   unit: mas / yr
#   datatype: float64
#   format: '{:9.3f}'
#   description: '? Proper motion in right ascension direction, pmRA*cosDE (pmra)'
#   meta: !!omap
#   - {ucd: POS_EQ_PMRA}
#   - {width: 9}
#   - {precision: '3'}
#   - values: {'null': .nan}
# - name: pmDE
#   unit: mas / yr
#   datatype: float64
#   format: '{:9.3f}'
#   description: '? Proper motion in declination direction (pmdec)'
#   meta: !!omap
#   - {ucd: POS_EQ_PMDEC}
#   - {width: 9}
#   - {precision: '3'}
#   - values: {'null': .nan}
# - name: e_pmRA
#   unit: mas / yr
#   datatype: float32
#   format: '{:6.3f}'
#   description: '? Standard error of proper motion in right ascension direction (pmra_error)'
#   meta: !!omap
#   - {ucd: ERROR}
#   - {width: 6}
#   - {precision: '3'}
#   - values: {'null': .nan}
# - name: e_pmDE
[...]
#         value: !astropy.table.SerializedColumn {name: SkyCoord.dec}
#       distance: !astropy.table.SerializedColumn
#         __class__: astropy.coordinates.distances.Distance
#         unit: !astropy.units.Unit {unit: pc}
#         value: !astropy.table.SerializedColumn {name: SkyCoord.distance}
#       frame: icrs
#       obstime: !astropy.time.Time {format: jyear_str, in_subfmt: '*', jd1: 367701545.0, jd2: 0.0, out_subfmt: '*', precision: 3, scale: tt}
#       pm_dec: !astropy.table.SerializedColumn
#         __class__: astropy.units.quantity.Quantity
#         unit: !astropy.units.Unit {unit: mas / yr}
#         value: !astropy.table.SerializedColumn {name: SkyCoord.pm_dec}
#       pm_ra_cosdec: !astropy.table.SerializedColumn
#         __class__: astropy.units.quantity.Quantity
#         unit: !astropy.units.Unit {unit: mas / yr}
#         value: !astropy.table.SerializedColumn {name: SkyCoord.pm_ra_cosdec}
#       ra: !astropy.table.SerializedColumn
#         __class__: astropy.coordinates.angles.Longitude
#         unit: *id001
#         value: !astropy.table.SerializedColumn {name: SkyCoord.ra}
#         wrap_angle: !astropy.coordinates.Angle
#           unit: *id001
#           value: 360.0
#       representation_type: spherical
# schema: astropy-2.0
RA_ICRS_1 DE_ICRS_1 e_RA_ICRS e_DE_ICRS _r_1 HIP TYC2 Source rgeo Plx e_Plx pmRA pmDE e_pmRA e_pmDE RUWE Teff logg Gmag BP-RP BPmag RPmag RV e_RV b_rgeo B_rgeo FG e_FG FBP e_FBP FRP e_FRP RAVE5 RAVE6 e_Gmag e_BPmag e_RPmag e_BP-RP SkyCoord.ra SkyCoord.dec SkyCoord.distance SkyCoord.pm_ra_cosdec SkyCoord.pm_dec rmRA rmDE e_rmRA e_rmDE rRV e_rRV v_pec v_pec3d e_vpec e_vpec3d
[from data line 2229]
318.25289869681 54.86729230588 0.0271 0.028 50.1308 "" "" 2177002412777458688 840.266296 1.1721 0.0305 -2.33 -5.554 0.036 0.034 1.037 5663.1 4.2359 15.929326 1.972558 16.922007 14.949449 "" "" 816.043579 868.676025 8002.32553 4.3368 2326.0 7.8284 8305.7 12.572 "" "" 0.002817447717687014 0.0045976015 0.0041212384 0.00871884 318.25289869681 54.86729230588 840.266296 -2.33 -5.554 1.9027075004577636 -1.5497804679870608 0.18107663 0.17907664 "" "" 9.77394340172873 "" 1.7620624360086685 ""
319.17417469467 54.36577907272 0.035 0.0366 14.6447 "" "" 2176174205645156352 1060.25232 0.9081 0.0419 4.895 -0.382 0.046 0.042 1.017 "" "" 15.929467 "" "" "" "" "" 1008.67114 1107.84216 8001.28501 4.9027 "" "" "" "" "" "" 0.0028344977541768946 "" "" "" 319.17417469467 54.36577907272 1060.25232 4.894999999999996 -0.3820000000000007 9.127707500457763 3.6222195320129393 0.19107664 0.18707663 "" "" 49.352150675123056 "" 9.403428156254163 ""
318.42351122587 54.56244502325 0.0279 0.0263 39.1105 "" "" 2176570785737393408 1128.63293 0.8571 0.0311 -9.148 -6.286 0.038 0.033 1.041 5406.1 3.787 15.930368 2.332663 17.174747 14.842084 "" "" 1086.63623 1168.51257 7994.65053 3.3541 1843.0 8.7855 9169.1 11.484 "" "" 0.0027927193805400946 0.0058798357 0.00401658 0.009896416 318.42351122587 54.56244502325 1128.63293 -9.148 -6.286 -4.915292499542236 -2.28178046798706 0.18307664 0.17807662 "" "" 28.990657098105128 "" 5.282102683047331 ""
319.66315810378 54.14855002024 0.026 0.0261 20.7259 "" "" 2176111602200364160 938.041931 1.0375 0.0291 -4.757 -6.834 0.036 0.035 1.018 5027.4 4.2831 15.930427 1.658869 16.71709 15.058222 "" "" 914.743774 966.654236 7994.22245 2.6681 2809.2 8.7304 7514.0 7.7245 "" "" 0.0027790466320789823 0.004378417 0.003940752 0.008319169 319.66315810378 54.14855002024 938.041931 -4.757 -6.834 -0.524292499542236 -2.82978046798706 0.18107663 0.18007663 "" "" 12.796239733934502 "" 2.304729539084566 ""
320.72670349608 53.80819424471 0.0288 0.0302 58.2864 "" "" 2175916267083132544 953.352173 1.0219 0.0334 -6.384 -6.007 0.038 0.037 0.922 5428.5 4.2476 15.931372 1.738831 16.77054 15.03171 "" "" 926.619019 981.094421 7987.26202 4.0208 2674.2 8.7094 7699.7 13.986 "" "" 0.0028090066982721608 0.0045042993 0.0042630006 0.008767299 320.72670349608 53.80819424471 953.352173 -6.384000000000002 -6.007 -2.1512924995422367 -2.00278046798706 0.18307664 0.18207663 "" "" 13.282144190522958 "" 2.425492467906913 ""
320.79197289993 53.44974719341 0.0265 0.0261 76.3101 "" "" 2175854934948946304 988.224487 0.9923 0.0295 -4.661 -4.596 0.04 0.035 0.984 5449.8 4.2556 15.932413 1.687161 16.72617 15.039009 "" "" 961.798523 1017.02716 7979.60656 3.1896 2785.8 17.896 7648.1 12.821 "" "" 0.002789289538007567 0.0075121615 0.0041948124 0.011706974 320.79197289993 53.44974719341 988.224487 -4.660999999999998 -4.596000000000004 -0.4282924995422359 -0.5917804679870606 0.18507662 0.18007663 "" "" 3.4218231929727416 "" 0.6221245895055256 ""
321.5749242945 54.03210975401 0.0254 0.0248 76.3765 "" "" 2175969284161876864 905.032104 1.0791 0.0279 -2.753 -3.681 0.035 0.032 1.038 6304.9 4.3879 15.933199 1.816539 16.821514 15.004975 "" "" 879.372009 932.629272 7973.83605 2.7596 2551.6 8.667 7891.7 7.9337 "" "" 0.0027808236476432923 0.0046244715 0.003933844 0.008558316 321.5749242945 54.03210975401 905.032104 -2.753000000000001 -3.681 1.4797075004577636 0.3232195320129394 0.18007663 0.17707664 "" "" 6.497398761604951 "" 1.1691490406802398 ""
320.01637176002 54.20660019541 0.1679 0.0598 23.6718 "" "" 2176124693251083904 1047.23132 0.9355 0.0844 -5.171 -5.043 0.328 0.074 1.53 "" "" 15.933445 "" "" "" "" "" 962.856934 1159.5885 7972.02632 13.507 "" "" "" "" "" "" 0.0033129712366988993 "" "" "" 320.01637176002 54.20660019541 1047.23132 -5.171000000000001 -5.043000000000004 -0.9382924995422366 -1.0387804679870607 0.47307664 0.21907663 "" "" 6.948465532836373 "" 2.4760863436587326 ""
318.69756426756 55.53647144173 0.0304 0.0294 69.3409 "" "" 2177054811379207040 1166.98401 0.8343 0.0352 -1.974 -10.454 0.042 0.035 1.03 6049.1 4.1644 15.93457 1.65119 16.717377 15.066187 "" "" 1129.42224 1228.72131 7963.76721 2.9536 2808.4 7.4182 7459.0 8.5557 "" "" 0.002784589487378709 0.0040012365 0.003979281 0.007980518 318.69756426756 55.53647144173 1166.98401 -1.9740000000000038 -10.454 2.2587075004577635 -6.449780467987061 0.18707663 0.18007663 "" "" 37.8014383934302 "" 6.836560459396061 ""
318.34926536497 53.51152783915 0.0289 0.0307 71.9792 "" "" 2175744537109634688 1130.61707 0.8595 0.0329 0.285 -7.564 0.039 0.038 0.977 5262.6 4.0868 15.935669 2.151766 17.04988 14.898113 "" "" 1086.93188 1171.10571 7955.71126 4.062 2067.6 8.8447 8707.9 12.2 "" "" 0.002810532859165082 0.0054181744 0.004074016 0.009492191 318.34926536497 53.51152783915 1130.61707 0.2849999999999997 -7.564 4.517707500457764 -3.5597804679870606 0.18407664 0.18307664 "" "" 30.82392275716805 "" 5.662176662229318 ""
319.89391886658 53.66699188274 0.0267 0.0265 50.7214 "" "" 2175896888190139520 1169.63025 0.8383 0.0298 2.061 1.142 0.035 0.034 1.08 6581.8 4.2814 15.936336 1.766326 16.770761 15.004436 "" "" 1123.6228 1209.11597 7950.82287 3.2841 2673.7 10.932 7895.6 12.81 "" "" 0.0027915784617615555 0.0052432944 0.004169735 0.00941303 319.89391886658 53.66699188274 1169.63025 2.061 1.1420000000000008 6.293707500457764 5.146219532012939 0.18007663 0.17907664 "" "" 45.07222881276256 "" 8.098425219995944 ""
318.60515715996 55.52041995657 0.0324 0.0321 69.8734 "" "" 2177057491438686336 916.709717 1.0698 0.0357 2.248 -6.712 0.045 0.04 1.257 5523.3 4.4493 15.936739 1.572453 16.670113 15.09766 "" "" 891.761108 944.382507 7947.88024 2.8253 2933.4 9.6284 7245.9 11.023 "" "" 0.0027822205656716933 0.0045260754 0.004124542 0.008650618 318.60515715996 55.52041995657 916.709717 2.248 -6.712 6.480707500457764 -2.7077804679870603 0.19007663 0.18507662 "" "" 30.519187984353213 "" 5.778559380573755 ""
317.92826960493 54.17892492833 0.0266 0.0265 59.291 "" "" 2176535532645361408 1030.21362 0.9364 0.0292 -0.593 -4.537 0.036 0.037 0.966 6944.3 4.177 15.93747 2.026679 16.95833 14.931651 "" "" 1003.836 1058.18262 7942.53433 2.9904 2249.5 9.5547 8443.0 23.336 "" "" 0.002785479172623186 0.005390016 0.0048258915 0.010215907 317.92826960493 54.17892492833 1030.21362 -0.5929999999999991 -4.536999999999999 3.6397075004577637 -0.5327804679870605 0.18107663 0.18207663 "" "" 17.96287314803948 "" 3.2530343894964577 ""
321.10591441977 54.3566930467 0.0238 0.0249 55.248 "" "" 2176039068791562880 926.022461 1.0578 0.0273 3.648 -0.495 0.032 0.032 0.995 5209.5 4.2952 15.9376 1.666281 16.727758 15.061478 "" "" 904.330261 949.428345 7941.57797 3.6583 2781.7 11.113 7491.5 10.309 "" "" 0.002800345588853068 0.005157466 0.0040639862 0.009221452 321.10591441977 54.3566930467 926.022461 3.6479999999999975 -0.49499999999999933 7.880707500457763 3.5092195320129393 0.17707664 0.17707664 "" "" 37.86563100321043 "" 6.705118624137684 ""
317.89192022963 55.05274680615 0.026 0.0282 66.3685 "" "" 2176645586888964480 922.616699 1.0545 0.0298 9.999 -9.92 0.034 0.035 1.041 6518.0 4.2155 15.939132 2.070471 16.99271 14.922239 "" "" 898.268372 949.865234 7930.37889 4.1553 2179.4 11.127 8516.5 10.305 "" "" 0.002813437731799912 0.006205869 0.0040012063 0.010207076 317.89192022963 55.05274680615 922.616699 9.999000000000002 -9.92 14.231707500457764 -5.9157804679870605 0.17907664 0.18007663 "" "" 67.40097220939417 "" 12.07989343323787 ""
318.64878714031 54.18535112844 0.0605 0.0579 35.9979 "" "" 2175798962935696384 993.450989 1.0035 0.0659 -8.925 -5.613 0.082 0.077 2.243 5691.2 4.3163 15.940911 1.880965 16.82779 14.946824 "" "" 920.310303 1065.94043 7917.39521 7.0768 2536.9 8.5497 8325.9 28.231 "" "" 0.0029212304668861425 0.0046015116 0.005276062 0.009877574 318.64878714031 54.18535112844 993.450989 -8.925 -5.613000000000001 -4.692292499542237 -1.608780467987061 0.22707663 0.22207662 "" "" 23.358415924686867 "" 5.291986913113227 ""
319.41686344195 55.21865631116 0.0255 0.0265 44.1431 "" "" 2176989837112677248 1088.41479 0.8986 0.0289 -6.287 -0.621 0.034 0.035 1.042 6298.6 4.2931 15.941543 1.750134 16.786705 15.036572 "" "" 1056.45239 1124.28589 7912.79034 2.8571 2634.7 8.9956 7665.3 10.655 "" "" 0.0027830697933832653 0.004639713 0.0040695737 0.008709287 319.41686344195 55.21865631116 1088.41479 -6.287000000000003 -0.6210000000000004 -2.0542924995422362 3.3832195320129395 0.17907664 0.18007663 "" "" 20.42000696116009 "" 3.6716766095503033 ""
320.46489713015 53.87057167159 0.0357 0.031 49.2127 "" "" 2175915201931147520 1161.88184 0.8356 0.0376 -3.884 -8.34 0.045 0.037 1.002 5056.5 3.7826 15.94162 2.068156 16.994352 14.926196 "" "" 1106.74634 1211.45471 7912.23116 3.0128 2176.1 12.363 8485.5 12.969 "" "" 0.0027861638066028517 0.006770055 0.004127634 0.010897689 320.46489713015 53.87057167159 1161.88184 -3.884000000000001 -8.34 0.3487075004577638 -4.33578046798706 0.19007663 0.18207663 "" "" 23.955632035777946 "" 4.363019343256538 ""
317.74838162222 53.94001221496 0.025 0.0268 70.8599 "" "" 2176525740119798144 1140.17749 0.8454 0.0288 -4.916 -4.888 0.033 0.034 1.051 8093.5 3.9831 15.941771 2.666974 17.427639 14.760665 "" "" 1099.46997 1172.91675 7911.13292 5.7977 1460.0 10.404 9883.1 32.198 "" "" 0.0028679094463607063 0.008224718 0.0051764403 0.013401158 317.74838162222 53.94001221496 1140.17749 -4.916 -4.8880000000000035 -0.6832924995422367 -0.8837804679870604 0.17807662 0.17907664 "" "" 6.0374081644691024 "" 1.0789039662714188 ""
318.88028787503 54.31402208166 0.0303 0.0324 25.2227 "" "" 2176175854912426240 1128.36536 0.8741 0.0357 2.316 -3.01 0.042 0.039 1.114 5823.2 4.0839 15.941974 1.777285 16.80349 15.026205 "" "" 1079.03381 1173.047 7909.64739 2.9918 2594.3 10.517 7738.8 9.7734 "" "" 0.0027857574400133095 0.0052113174 0.0040204325 0.00923175 318.88028787503 54.31402208166 1128.36536 2.316 -3.009999999999999 6.5487075004577635 0.9942195320129397 0.18707663 0.18407664 "" "" 35.42679890854812 "" 6.6251503944490535 ""
319.95890906775 54.914725613 0.0275 0.0256 29.5414 "" "" 2176217945593294592 791.191528 1.2311 0.029 9.78 15.436 0.037 0.032 1.0 5077.3 4.3994 15.942006 1.56863 16.67615 15.107519 "" "" 774.010742 806.000305 7909.41727 2.6416 2917.1 9.0076 7180.4 9.0699 "" "" 0.002779078931875844 0.004361765 0.0040205205 0.008382285 319.95890906775 54.914725613 791.191528 9.78000000000001 15.43600000000001 14.012707500457763 19.44021953201294 0.18207663 0.17707664 "" "" 89.87131574683669 "" 16.069167109905948 ""
319.21281376561 53.68787208373 0.0268 0.0282 49.2621 "" "" 2175723405870041984 1067.77063 0.9046 0.0301 -1.121 -5.499 0.034 0.034 0.97 6294.8 4.1626 15.942743 2.024698 16.963917 14.939219 "" "" 1036.30212 1102.12329 7904.04429 3.2479 2237.9 12.24 8384.4 12.293 "" "" 0.0027912069406699543 0.0065611685 0.004100952 0.01066212 319.21281376561 53.68787208373 1067.77063 -1.1209999999999996 -5.499000000000003 3.1117075004577637 -1.4947804679870602 0.17907664 0.17907664 "" "" 17.471953399238544 "" 3.1288187403871284 ""
319.49706661518 53.74493701133 0.0249 0.0245 44.5066 "" "" 2176087962700095104 1032.2699 0.9424 0.0277 1.471 2.291 0.034 0.032 1.017 5730.4 4.2301 15.943278 1.655696 16.728542 15.072846 "" "" 997.621277 1062.05615 7900.15282 2.793 2779.7 7.1731 7413.4 7.8934 "" "" 0.0027819290093320467 0.0039541107 0.0039522327 0.007906344 319.49706661518 53.74493701133 1032.2699 1.4709999999999996 2.2909999999999995 5.703707500457764 6.29521953201294 0.17907664 0.17707664 "" "" 41.564837937230216 "" 7.397754188500027 ""
317.68115467017 54.08319731246 0.0258 0.0284 69.4191 "" "" 2176536151120414848 1000.7821 0.9668 0.0294 -0.222 1.951 0.036 0.035 1.026 5511.3 4.1571 15.943725 1.973912 16.926903 14.952991 "" "" 971.843445 1032.297 7896.90606 3.4025 2315.6 7.7748 8278.7 10.33 "" "" 0.0027947507085108116 0.0045906734 0.00401486 0.008605533 317.68115467017 54.08319731246 1000.7821 -0.22199999999999975 1.951000000000001 4.010707500457763 5.95521953201294 0.18107663 0.18007663 "" "" 34.059161409322186 "" 6.143907067866815 ""
317.85224759475 54.26845981184 0.0272 0.0252 60.3768 "" "" 2176539277856826752 1028.91479 0.9501 0.0296 -8.225 -4.897 0.036 0.033 1.004 5889.1 3.9936 15.9439 2.008756 16.957567 14.948812 "" "" 1000.53998 1062.47437 7895.63148 2.7914 2251.1 9.0772 8310.6 9.8129 "" "" 0.0027819289770554135 0.005191573 0.003990897 0.00918247 317.85224759475 54.26845981184 1028.91479 -8.224999999999998 -4.897 -3.992292499542236 -0.8927804679870608 0.18107663 0.17807662 "" "" 19.951544977082396 "" 3.6099303611598965 ""
317.40026771647 54.85466758281 0.0265 0.0287 77.4251 "" "" 2176823707773063040 1051.42944 0.9291 0.0309 -2.124 -4.68 0.034 0.034 0.981 5507.8 4.1837 15.944289 1.88419 16.873413 14.989223 "" "" 1015.67737 1085.32642 7892.80014 2.9462 2432.5 7.8793 8007.0 8.2422 "" "" 0.002784967048840818 0.0044892738 0.00394117 0.008430444 317.40026771647 54.85466758281 1051.42944 -2.1240000000000014 -4.679999999999998 2.1087075004577636 -0.6757804679870603 0.17907664 0.17907664 "" "" 11.035801593885282 "" 1.9762542889822063 ""
320.1083165579 54.734474563 0.0275 0.0265 24.7598 "" "" 2176200490846117120 1069.28394 0.9067 0.0305 2.586 -1.609 0.035 0.031 1.009 5153.1 4.2592 15.944736 1.605423 16.697985 15.092562 "" "" 1038.84778 1102.10571 7889.5505 2.9456 2859.1 8.9584 7280.0 8.4386 "" "" 0.002784979328228355 0.0043997928 0.0039834185 0.008383211 320.1083165579 54.734474563 1069.28394 2.5860000000000003 -1.6090000000000004 6.818707500457764 2.3952195320129395 0.18007663 0.17607664 "" "" 36.6301826336044 "" 6.580305687185178 ""
319.47158731019 54.1662930548 0.0273 0.0251 19.3451 "" "" 2176115416131181312 1161.4353 0.8352 0.0293 -2.432 -6.757 0.036 0.034 0.994 6348.8 4.4299 15.945306 1.451219 16.606594 15.155375 "" "" 1127.15674 1199.91833 7885.41522 2.5789 3110.1 7.297 6870.8 8.605 "" "" 0.0027781065297418925 0.0037781224 0.004016556 0.007794678 319.47158731019 54.1662930548 1161.4353 -2.4320000000000004 -6.757 1.8007075004577637 -2.75278046798706 0.18107663 0.17907664 "" "" 18.10897935869753 "" 3.253790936430941 ""
317.66753075302 55.12428966702 0.0248 0.028 75.1878 "" "" 2176834393652044544 1160.95483 0.8358 0.0291 -6.469 -4.617 0.033 0.034 1.02 4985.4 4.1824 15.946213 1.708936 16.765541 15.056605 "" "" 1125.86157 1204.50549 7878.82536 3.5366 2686.6 8.9839 7525.2 9.9598 "" "" 0.0027980900590393455 0.0045789494 0.0040433523 0.008622302 317.66753075302 55.12428966702 1160.95483 -6.4689999999999985 -4.616999999999999 -2.2362924995422366 -0.6127804679870605 0.17807662 0.17907664 "" "" 12.75979370148813 "" 2.273114493592388 ""
318.66872283656 55.27203472461 0.0335 0.0347 55.9005 "" "" 2177038524864400512 1029.61487 0.9484 0.0377 -0.528 -11.192 0.044 0.046 1.274 5384.2 4.2003 15.94639 1.874591 16.861061 14.98647 "" "" 990.495667 1073.59277 7877.54142 3.5256 2460.3 6.8678 8027.3 8.6218 "" "" 0.002797840180149643 0.004119545 0.0039552017 0.008074747 318.66872283656 55.27203472461 1029.61487 -0.5279999999999987 -11.192 3.7047075004577636 -7.187780467987061 0.18907663 0.19107664 "" "" 39.46441300757685 "" 7.524229117968232 ""
318.45299334142 54.68150719715 0.0301 0.0264 39.5356 "" "" 2176949670577234432 937.669983 1.0394 0.0321 -3.59 -3.673 0.04 0.034 0.984 5844.7 4.1276 15.946608 1.975825 16.941053 14.965228 "" "" 908.277832 967.893066 7875.96462 3.0277 2285.6 7.4922 8185.9 8.24 "" "" 0.002786753820145738 0.0045223716 0.003934232 0.008456604 318.45299334142 54.68150719715 937.669983 -3.5899999999999994 -3.672999999999999 0.6427075004577638 0.3312195320129394 0.18507662 0.17907664 "" "" 3.2135684173234185 "" 0.5907623363151151 ""
