Clusters/UPK_150/UPK_150_stars_in_region.tsv
# %ECSV 1.0
# ---
# datatype:
# - name: RA_ICRS_1
#   unit: deg
#   datatype: float64
#   format: '{:15.11f}'
#   description: Right ascension (ICRS) at Ep=2016.0 (ra)
#   meta: !!omap
#   - {ucd: POS_EQ_RA_MAIN}
#   - {width: 15}
#   - {precision: '11'}
# - name: DE_ICRS_1
#   unit: deg
#   datatype: float64
#   format: '{:15.11f}'
#   description: Declination (ICRS) at Ep=2016.0 (dec)
#   meta: !!omap
#   - {ucd: POS_EQ_DEC_MAIN}
#   - {width: 15}
#   - {precision: '11'}
# - name: e_RA_ICRS
#   unit: mas
#   datatype: float64
#   format: '{:7.4f}'
#   description: Standard error of right ascension (ra_error)
#   meta: !!omap
#   - {ucd: ERROR}
#   - {width: 7}
#   - {precision: '4'}
# - name: e_DE_ICRS
#   unit: mas
#   datatype: float64
#   format: '{:7.4f}'
#   description: Standard error of declination (dec_error)
#   meta: !!omap
#   - {ucd: ERROR}
#   - {width: 7}
#   - {precision: '4'}
# - name: _r_1
#   unit: ''
#   datatype: float64
#   format: '{:7.4f}'
#   description: Distance from center (319.53900996000+54.48630551000)[ICRS], at Epoch=J2016.0
#   meta: !!omap
#   - {ucd: POS_ANG_DIST_GENERAL}
#   - {width: 7}
#   - {precision: '4'}
# - name: HIP
#   datatype: int32
#   description: '? HIP cross-id number, van Leeuwen, Cat. I/311 (hip_original_ext_source_id)'
#   meta: !!omap
#   - {ucd: ID_NUMBER}
#   - {width: 6}
#   - values: {'null': -2147483648}
# - name: TYC2
#   datatype: string
#   description: Tycho-2 cross-id name, Hog et al., Cat. I/259 (tyc2_original_ext_source_id)
#   meta: !!omap
#   - {ucd: ID_CROSSID}
#   - {_votable_string_dtype: char}
# - name: Source
#   datatype: int64
#   description: Source identifier, identical to the Gaia-EDR3 source_id (id)
#   meta: !!omap
#   - {ucd: ID_MAIN}
#   - {width: 19}
# - name: rgeo
#   unit: pc
#   datatype: float64
#   format: '{:15.8f}'
#   description: '? Median of the geometric distance posterior (r_med_geo)'
#   meta: !!omap
#   - {ucd: PHYS_DISTANCE_TRUE}
#   - {width: 15}
#   - {precision: '8'}
#   - values: {'null': .nan}
# - name: Plx
#   unit: mas
#   datatype: float64
#   format: '{:9.4f}'
#   description: '? Parallax (parallax)'
#   meta: !!omap
#   - {ucd: POS_PARLX_TRIG}
#   - {width: 9}
#   - {precision: '4'}
#   - values: {'null': .nan}
# - name: e_Plx
#   unit: mas
#   datatype: float32
#   format: '{:7.4f}'
#   description: '? Standard error of parallax (parallax_error)'
#   meta: !!omap
#   - {ucd: ERROR}
#   - {width: 7}
#   - {precision: '4'}
#   - values: {'null': .nan}
# - name: pmRA
#   unit: mas / yr
#   datatype: float64
#   format: '{:9.3f}'
#   description: '? Proper motion in right ascension direction, pmRA*cosDE (pmra)'
#   meta: !!omap
#   - {ucd: POS_EQ_PMRA}
#   - {width: 9}
#   - {precision: '3'}
#   - values: {'null': .nan}
# - name: pmDE
#   unit: mas / yr
#   datatype: float64
#   format: '{:9.3f}'
#   description: '? Proper motion in declination direction (pmdec)'
#   meta: !!omap
#   - {ucd: POS_EQ_PMDEC}
#   - {width: 9}
#   - {precision: '3'}
#   - values: {'null': .nan}
# - name: e_pmRA
#   unit: mas / yr
#   datatype: float32
#   format: '{:6.3f}'
#   description: '? Standard error of proper motion in right ascension direction (pmra_error)'
#   meta: !!omap
#   - {ucd: ERROR}
#   - {width: 6}
#   - {precision: '3'}
#   - values: {'null': .nan}
# - name: e_pmDE
[...]
#         value: !astropy.table.SerializedColumn {name: SkyCoord.dec}
#       distance: !astropy.table.SerializedColumn
#         __class__: astropy.coordinates.distances.Distance
#         unit: !astropy.units.Unit {unit: pc}
#         value: !astropy.table.SerializedColumn {name: SkyCoord.distance}
#       frame: icrs
#       obstime: !astropy.time.Time {format: jyear_str, in_subfmt: '*', jd1: 367701545.0, jd2: 0.0, out_subfmt: '*', precision: 3, scale: tt}
#       pm_dec: !astropy.table.SerializedColumn
#         __class__: astropy.units.quantity.Quantity
#         unit: !astropy.units.Unit {unit: mas / yr}
#         value: !astropy.table.SerializedColumn {name: SkyCoord.pm_dec}
#       pm_ra_cosdec: !astropy.table.SerializedColumn
#         __class__: astropy.units.quantity.Quantity
#         unit: !astropy.units.Unit {unit: mas / yr}
#         value: !astropy.table.SerializedColumn {name: SkyCoord.pm_ra_cosdec}
#       ra: !astropy.table.SerializedColumn
#         __class__: astropy.coordinates.angles.Longitude
#         unit: *id001
#         value: !astropy.table.SerializedColumn {name: SkyCoord.ra}
#         wrap_angle: !astropy.coordinates.Angle
#           unit: *id001
#           value: 360.0
#       representation_type: spherical
# schema: astropy-2.0
RA_ICRS_1 DE_ICRS_1 e_RA_ICRS e_DE_ICRS _r_1 HIP TYC2 Source rgeo Plx e_Plx pmRA pmDE e_pmRA e_pmDE RUWE Teff logg Gmag BP-RP BPmag RPmag RV e_RV b_rgeo B_rgeo FG e_FG FBP e_FBP FRP e_FRP RAVE5 RAVE6 e_Gmag e_BPmag e_RPmag e_BP-RP SkyCoord.ra SkyCoord.dec SkyCoord.distance SkyCoord.pm_ra_cosdec SkyCoord.pm_dec rmRA rmDE e_rmRA e_rmDE rRV e_rRV v_pec v_pec3d e_vpec e_vpec3d
[from data line 2261]
319.2675351399 53.3096591866 0.0253 0.026 71.248 "" "" 2175510684729177600 932.38208 1.046 0.0291 -6.613 -7.419 0.033 0.033 1.044 5512.6 4.1655 15.948958 2.026632 16.973333 14.946701 "" "" 908.991943 966.957642 7858.92634 2.9553 2218.6 8.2212 8326.8 12.825 "" "" 0.002785405798019223 0.0048961053 0.004132817 0.009028923 319.2675351399 53.3096591866 932.38208 -6.613000000000008 -7.419000000000001 -2.3802924995422368 -3.41478046798706 0.17807662 0.17807662 "" "" 18.396190873347553 "" 3.275931581195554 ""
318.98475680822 54.82281530478 0.0287 0.0287 27.8884 "" "" 2176944173019465984 1087.84436 0.9 0.0317 -15.004 -1.706 0.04 0.034 0.98 5019.3 4.3188 15.950415 1.468402 16.618597 15.150195 "" "" 1056.61426 1125.6145 7848.3989 2.7443 3075.9 7.439 6903.7 7.6601 "" "" 0.0027813517971631077 0.0038314532 0.0039667385 0.0077981916 318.98475680822 54.82281530478 1087.84436 -15.004000000000001 -1.7059999999999969 -10.771292499542236 2.2982195320129395 0.18507662 0.17907664 "" "" 56.791073834046145 "" 10.496093677574644 ""
319.74073311683 53.730283243 0.0542 0.0527 45.9129 "" "" 2176085694957482240 868.707092 1.117 0.059 -4.001 -2.848 0.072 0.069 2.187 5522.6 4.3603 15.951272 1.901313 16.869751 14.968438 "" "" 833.488647 918.549438 7842.20091 8.5633 2440.7 8.6733 8161.7 11.315 "" "" 0.0029995612218619086 0.00476145 0.004068095 0.008829545 319.74073311683 53.730283243 868.707092 -4.001 -2.848 0.23170750045776334 1.1562195320129396 0.21707663 0.21407664 "" "" 4.855592122418424 "" 1.040035045523417 ""
318.50509966277 54.30215836001 0.0272 0.0262 37.7687 "" "" 2176551303765703296 1124.55872 0.86 0.0302 1.513 0.044 0.036 0.032 0.935 5332.1 4.1147 15.951658 2.053167 16.992973 14.939806 "" "" 1089.98743 1170.5365 7839.41032 3.0611 2178.8 7.4995 8379.8 11.653 "" "" 0.0027877457077003526 0.004663824 0.0040698056 0.00873363 318.50509966277 54.30215836001 1124.55872 1.5130000000000001 0.04400000000000093 5.745707500457764 4.048219532012939 0.18107663 0.17707664 "" "" 37.465314871403145 "" 6.734748606792821 ""
320.84116791101 54.88706123051 0.0299 0.0293 51.1636 "" "" 2176252820727903744 1141.98999 0.8553 0.0343 3.066 -6.143 0.04 0.034 0.966 6472.4 4.4151 15.952246 1.60528 16.704613 15.099333 "" "" 1091.14404 1187.68042 7835.17377 2.9616 2841.7 9.5711 7234.8 10.515 "" "" 0.002785715972672309 0.0045997445 0.0040955846 0.008695329 320.84116791101 54.88706123051 1141.98999 3.065999999999997 -6.142999999999996 7.2987075004577635 -2.1387804679870603 0.18507662 0.17907664 "" "" 41.1694890984813 "" 7.600268533099624 ""
321.20854651101 54.36976511861 0.0243 0.0254 58.6893 "" "" 2176027592638953344 905.1521 1.0751 0.0276 -4.714 3.981 0.033 0.033 0.995 5935.6 4.2148 15.952344 1.835986 16.85068 15.014693 "" "" 877.963623 928.597839 7834.4586 2.685 2484.0 6.8652 7821.3 8.0068 "" "" 0.0027803323102968533 0.0040974854 0.0039394326 0.008036918 321.20854651101 54.36976511861 905.1521 -4.714 3.981 -0.48129249954223674 7.985219532012939 0.17807662 0.17807662 "" "" 34.32212699267696 "" 6.111968533225742 ""
320.63460414788 55.50688297479 0.0283 0.03 71.9114 "" "" 2176350642905339648 830.126526 1.1823 0.0321 -9.912 -9.905 0.037 0.037 0.977 5508.9 4.5237 15.952961 1.483232 16.631296 15.148064 "" "" 808.169678 850.214233 7830.00946 2.7653 3040.2 7.5953 6917.2 5.7595 "" "" 0.0027818735217082714 0.0038913514 0.0038859982 0.0077773496 320.63460414788 55.50688297479 830.126526 -9.912 -9.905 -5.679292499542237 -5.90078046798706 0.18207663 0.18207663 "" "" 32.225402876686665 "" 5.867492852099357 ""
320.30193028976 54.64311151089 0.0294 0.031 28.1578 "" "" 2176245845700588800 943.326111 1.0332 0.0342 6.841 6.252 0.038 0.037 1.158 6314.1 4.1983 15.953008 1.810578 16.824913 15.014335 "" "" 922.95105 972.117188 7829.67572 4.5154 2543.6 9.4208 7823.9 8.527 "" "" 0.0028255707891416074 0.004894452 0.0039602956 0.008854748 320.30193028976 54.64311151089 943.326111 6.841 6.251999999999999 11.073707500457765 10.256219532012938 0.18307664 0.18207663 "" "" 67.48904719956676 "" 12.324551782408923 ""
321.64497315923 54.68554122948 0.0274 0.0273 74.1884 "" "" 2176056351740509824 1160.99719 0.8233 0.031 -5.398 -17.224 0.039 0.036 0.989 5193.1 4.1373 15.954081 1.881556 16.8867 15.005144 "" "" 1115.77173 1204.1604 7821.94091 2.822 2402.9 5.9738 7890.4 8.8913 "" "" 0.0027830249060170004 0.003882122 0.0039724787 0.0078546 321.64497315923 54.68554122948 1160.99719 -5.398000000000003 -17.223999999999997 -1.165292499542236 -13.21978046798706 0.18407664 0.18107663 "" "" 73.0322142099385 "" 13.226130444134215 ""
319.69378733086 55.4898360134 0.0298 0.0279 60.4471 "" "" 2177089274196550144 808.90741 1.2036 0.0319 7.128 0.487 0.039 0.037 0.961 5502.9 4.3615 15.954225 1.866818 16.871166 15.004348 "" "" 790.795898 831.93573 7820.9013 4.1087 2437.5 9.9912 7896.2 11.867 "" "" 0.0028137402389608046 0.005252709 0.0041165827 0.009369291 319.69378733086 55.4898360134 808.90741 7.1279999999999974 0.4870000000000016 11.360707500457764 4.4912195320129396 0.18407664 0.18207663 "" "" 46.83979810734181 "" 8.609510194990499 ""
318.89786197376 54.01588752193 0.0268 0.0285 36.0798 "" "" 2175782882578201472 918.16333 1.0627 0.0312 -3.003 5.244 0.035 0.035 1.056 5314.3 4.2545 15.954601 1.875062 16.88216 15.007098 "" "" 894.222107 941.804199 7818.18745 2.9383 2413.0 7.3682 7876.2 10.226 "" "" 0.002785371598898571 0.004333191 0.004033715 0.008366906 318.89786197376 54.01588752193 918.16333 -3.003 5.244 1.2297075004577636 9.24821953201294 0.18007663 0.18007663 "" "" 40.603369946486325 "" 7.311717982893604 ""
318.61425824221 54.01904419532 0.0293 0.0287 42.8565 "" "" 2175788277056984064 1111.66638 0.8801 0.0319 -6.907 -7.95 0.036 0.035 1.05 5744.7 3.9715 15.955132 1.880144 16.767973 14.887829 "" "" 1076.73743 1145.203 7814.36845 3.3751 2680.6 40.822 8790.8 100.49 "" "" 0.0027949407688138235 0.016768094 0.012974017 0.02974211 318.61425824221 54.01904419532 1111.66638 -6.907000000000004 -7.950000000000003 -2.6742924995422364 -3.9457804679870607 0.18107663 0.18007663 "" "" 25.116941972023287 "" 4.530895268630688 ""
318.55355379025 55.40924252269 0.0261 0.0278 64.9576 "" "" 2177052131319444096 1110.61401 0.8776 0.0298 -8.549 -5.887 0.035 0.032 0.963 5876.8 4.2843 15.955358 1.603284 16.708284 15.105 "" "" 1075.57068 1152.68384 7812.74522 2.7337 2832.1 8.7122 7197.1 13.802 "" "" 0.0027813872216454006 0.004352068 0.0043149753 0.008667043 318.55355379025 55.40924252269 1110.61401 -8.548999999999998 -5.886999999999999 -4.316292499542236 -1.8827804679870601 0.18007663 0.17707664 "" "" 24.789951973286467 "" 4.4522859134178105 ""
321.0938568551 54.4095129336 0.032 0.0327 54.4375 "" "" 2176039549827890176 1082.51636 0.9007 0.0366 2.03 -4.245 0.043 0.04 1.387 5060.3 4.189 15.955639 1.773889 16.807653 15.033764 "" "" 1044.22852 1128.27747 7810.72312 4.4616 2584.4 6.4863 7685.2 8.4733 "" "" 0.0028242561994270086 0.0039000649 0.0039644316 0.007864497 321.0938568551 54.4095129336 1082.51636 2.0300000000000002 -4.244999999999997 6.262707500457763 -0.24078046798706065 0.18807663 0.18507662 "" "" 32.15849217768621 "" 6.048119581278927 ""
319.43182152261 53.5313374059 0.0254 0.0246 57.4226 "" "" 2175707359872254976 888.359436 1.0963 0.0282 -0.956 -0.981 0.032 0.031 0.938 4790.9 4.1655 15.955714 1.844753 16.860933 15.01618 "" "" 864.780945 913.267639 7810.18044 2.7519 2460.6 8.4705 7810.6 10.749 "" "" 0.002781751081282355 0.00466419 0.0040640314 0.008728221 319.43182152261 53.5313374059 888.359436 -0.9559999999999996 -0.9809999999999993 3.2767075004577637 3.0232195320129396 0.17707664 0.17607664 "" "" 18.773223796859746 "" 3.3156800718424986 ""
320.28224894706 55.60079610425 0.0271 0.0289 71.5835 "" "" 2177104907878228864 998.932983 0.9819 0.0295 -3.039 -6.452 0.036 0.039 0.903 5546.9 4.4543 15.955825 1.399218 16.586124 15.186907 "" "" 964.72406 1025.90332 7809.38497 3.4114 3169.3 8.3309 6674.1 11.168 "" "" 0.002795842701928577 0.0039912807 0.004193386 0.008184667 320.28224894706 55.60079610425 998.932983 -3.0389999999999997 -6.451999999999996 1.1937075004577635 -2.4477804679870605 0.18107663 0.18407664 "" "" 12.894845752663 "" 2.366256486705917 ""
321.29627612711 54.51687548932 0.0437 0.047 61.2505 "" "" 2176041920650011264 997.940613 0.9806 0.0509 -5.8 -6.065 0.06 0.063 1.727 6014.2 4.3486 15.959543 1.848223 16.75614 14.907917 "" "" 942.246399 1061.19714 7782.68203 5.0501 2709.9 17.641 8629.6 44.483 "" "" 0.0028439658275409025 0.00759876 0.0067532333 0.014351994 321.29627612711 54.51687548932 997.940613 -5.800000000000003 -6.065000000000006 -1.5672924995422362 -2.060780467987061 0.20507663 0.20807663 "" "" 12.246862382933166 "" 2.5348840168479208 ""
317.7952773286 55.03937271014 0.0248 0.0272 68.8812 "" "" 2176645380730520704 1071.46753 0.9017 0.0285 -1.961 -7.667 0.032 0.034 0.95 "" "" 15.960479 1.792316 16.831629 15.039312 "" "" 1043.96777 1103.1106 7775.98491 2.5638 2527.9 8.6232 7646.0 8.4982 "" "" 0.0027784772273169445 0.004637053 0.003967363 0.008604416 317.7952773286 55.03937271014 1071.46753 -1.9609999999999999 -7.667 2.2717075004577634 -3.6627804679870604 0.17707664 0.17907664 "" "" 21.88974261118357 "" 3.9078286643580076 ""
319.16403428317 54.00931877898 0.0273 0.0275 31.4937 "" "" 2176153727240886016 1062.16699 0.9254 0.0309 10.05 -4.511 0.037 0.034 1.016 5495.8 4.2492 15.96095 1.656395 16.742435 15.08604 "" "" 1024.80286 1097.19666 7772.60534 4.1236 2744.4 7.4265 7323.9 11.913 "" "" 0.00281488601806945 0.004051822 0.0041716495 0.008223471 319.16403428317 54.00931877898 1062.16699 10.05000000000001 -4.511000000000002 14.282707500457764 -0.5067804679870607 0.18207663 0.17907664 "" "" 71.95399243740822 "" 13.10087148222892 ""
320.20775294105 55.63900088012 0.0276 0.0296 72.8782 "" "" 2177108103333879424 1043.24768 0.9297 0.0313 -3.087 -7.924 0.038 0.037 0.971 4866.3 4.274 15.962814 1.570069 16.693241 15.123172 "" "" 1008.69592 1079.72375 7759.27013 21.631 2871.6 30.292 7077.7 59.406 "" "" 0.0040930614586808765 0.0117882015 0.009865642 0.021653842 320.20775294105 55.63900088012 1043.24768 -3.086999999999999 -7.924000000000004 1.1457075004577635 -3.919780467987061 0.18307664 0.18207663 "" "" 20.1943072701618 "" 3.6785049575956905 ""
319.63491419401 54.35351614012 0.0279 0.0272 8.6422 "" "" 2176165375192705024 1156.43689 0.8371 0.0307 17.486 19.616 0.038 0.036 0.982 6563.5 4.2278 15.962853 1.590634 16.696087 15.105453 "" "" 1118.86462 1208.74121 7758.9918 3.3344 2864.1 9.02 7194.1 8.6134 "" "" 0.00279454771099969 0.0044132704 0.003996694 0.008409964 319.63491419401 54.35351614012 1156.43689 17.485999999999997 19.616 21.718707500457764 23.62021953201294 0.18307664 0.18107663 "" "" 175.88878001089952 "" 32.01098902737166 ""
319.30554987146 55.61659184167 0.0295 0.029 68.2901 "" "" 2177140195330352512 873.004028 1.122 0.0326 7.959 -11.223 0.038 0.033 1.014 5776.9 4.3403 15.963029 1.717092 16.787388 15.070295 "" "" 852.789917 897.043579 7757.73907 2.6964 2633.1 7.6886 7430.9 8.0799 "" "" 0.0027810432401880764 0.004223272 0.0039594765 0.008182749 319.30554987146 55.61659184167 873.004028 7.9590000000000005 -11.223 12.191707500457763 -7.218780467987061 0.18307664 0.17807662 "" "" 58.63011806919733 "" 10.658482690700904 ""
320.88524874437 54.35586174237 0.0246 0.0262 47.6429 "" "" 2176033949190447744 1010.95721 0.9616 0.029 -4.722 -3.272 0.033 0.034 0.978 5823.6 4.3431 15.963252 1.578475 16.699036 15.120561 "" "" 985.34021 1042.84729 7756.14295 2.7848 2856.3 8.4048 7094.7 11.278 "" "" 0.002782760305317196 0.0042416966 0.0041548223 0.008396519 320.88524874437 54.35586174237 1010.95721 -4.722 -3.2719999999999985 -0.48929249954223675 0.7322195320129397 0.17807662 0.17907664 "" "" 4.220041703250856 "" 0.7544106987216396 ""
317.71502457394 55.11913025791 0.032 0.0354 73.6224 "" "" 2176834256213101184 801.933228 1.2271 0.0375 7.639 -8.225 0.041 0.043 1.381 5006.1 4.2803 15.964467 1.804785 16.749176 14.944391 "" "" 783.639099 829.272766 7747.47103 4.0175 2727.4 17.841 8344.5 66.244 "" "" 0.002812254557199648 0.007630643 0.009411459 0.017042102 317.71502457394 55.11913025791 801.933228 7.638999999999999 -8.224999999999998 11.871707500457763 -4.22078046798706 0.18607664 0.18807663 "" "" 47.8935177455632 "" 8.922665170107152 ""
319.77803486033 53.9232401176 0.0293 0.0259 34.8096 "" "" 2176096483915421440 1057.18481 0.9169 0.0313 0.865 -1.439 0.04 0.037 0.971 5237.2 4.2889 15.967014 1.566835 16.696909 15.130074 "" "" 1023.98041 1095.80457 7729.31703 2.7119 2861.9 8.9487 7032.8 12.801 "" "" 0.0027815292334337693 0.0043943767 0.0042648865 0.008659263 319.77803486033 53.9232401176 1057.18481 0.8649999999999992 -1.4389999999999992 5.097707500457764 2.5652195320129394 0.18507662 0.18207663 "" "" 28.596833921946097 "" 5.275383522914524 ""
317.86185346459 55.16433070154 0.0317 0.0298 70.8169 "" "" 2177209258400433152 830.562073 1.1687 0.034 -14.772 -15.466 0.038 0.038 1.029 "" "" 15.967765 1.842606 16.68582 14.843214 "" "" 807.696045 853.054688 7723.97513 6.4808 2891.3 153.18 9159.5 732.08 "" "" 0.0029020141711116098 0.057589523 0.08686055 0.14445007 317.86185346459 55.16433070154 830.562073 -14.772000000000006 -15.466000000000005 -10.539292499542237 -11.46178046798706 0.18307664 0.18307664 "" "" 61.30003513270603 "" 11.22260415766701 ""
319.96597856213 53.31277558424 0.0252 0.0268 72.0111 "" "" 2175873489208194688 1020.32959 0.9589 0.0294 0.484 -3.968 0.034 0.035 0.975 5809.6 4.4356 15.967864 1.629664 16.730967 15.101302 "" "" 986.118469 1055.92957 7723.27024 2.7584 2773.5 9.0024 7221.7 11.191 "" "" 0.0027824735749490703 0.0044949623 0.0041369693 0.008631932 319.96597856213 53.31277558424 1020.32959 0.4840000000000002 -3.968 4.716707500457764 0.03621953201293948 0.17907664 0.18007663 "" "" 22.812378687717253 "" 4.08516551565345 ""
321.32727961437 54.65191443581 0.0286 0.0293 62.9887 "" "" 2176067003259353216 985.024353 0.986 0.033 -3.386 -7.924 0.042 0.037 0.967 5006.9 4.2408 15.968513 1.71104 16.787867 15.076826 "" "" 952.438354 1016.27563 7718.657 3.187 2631.9 7.095 7386.3 12.397 "" "" 0.002791551267350981 0.004043732 0.0041957614 0.008239493 321.32727961437 54.65191443581 985.024353 -3.3860000000000032 -7.924000000000004 0.8467075004577636 -3.919780467987061 0.18707663 0.18207663 "" "" 18.72362076298963 "" 3.4133619763277396 ""
319.95240572572 53.63529111312 0.027 0.0265 53.0954 "" "" 2175893795813691648 924.147156 1.0503 0.0305 -7.878 -2.496 0.037 0.034 1.067 5619.2 4.1235 15.968548 1.975218 16.960102 14.984884 "" "" 902.284058 954.21759 7718.40868 2.8249 2245.8 10.942 8039.0 11.465 "" "" 0.002783827510816104 0.0059806695 0.0040842886 0.010064958 319.95240572572 53.63529111312 924.147156 -7.878000000000004 -2.4960000000000004 -3.6452924995422364 1.5082195320129395 0.18207663 0.17907664 "" "" 17.28082638998876 "" 3.1389106551883135 ""
320.73357345738 55.39126498928 0.0272 0.03 68.1407 "" "" 2176337139528198400 853.966492 1.1437 0.0315 -4.777 -5.565 0.037 0.038 0.982 4971.2 4.3791 15.969489 1.517685 16.665865 15.14818 "" "" 830.486206 879.822388 7711.71784 5.2592 2944.9 11.6 6916.5 12.412 "" "" 0.0028530769910676663 0.0051064137 0.0042520603 0.009358474 320.73357345738 55.39126498928 853.966492 -4.777000000000001 -5.565000000000001 -0.5442924995422365 -1.560780467987061 0.18207663 0.18307664 "" "" 6.690869627640211 "" 1.2242181910589218 ""
