Clusters/UPK_150/UPK_150_members.tsv
# %ECSV 1.0
# ---
# datatype:
# - name: RA_ICRS_1
#   unit: deg
#   datatype: float64
#   format: '{:15.11f}'
#   description: Right ascension (ICRS) at Ep=2016.0 (ra)
#   meta: !!omap
#   - {ucd: POS_EQ_RA_MAIN}
#   - {width: 15}
#   - {precision: '11'}
# - name: DE_ICRS_1
#   unit: deg
#   datatype: float64
#   format: '{:15.11f}'
#   description: Declination (ICRS) at Ep=2016.0 (dec)
#   meta: !!omap
#   - {ucd: POS_EQ_DEC_MAIN}
#   - {width: 15}
#   - {precision: '11'}
# - name: e_RA_ICRS
#   unit: mas
#   datatype: float64
#   format: '{:7.4f}'
#   description: Standard error of right ascension (ra_error)
#   meta: !!omap
#   - {ucd: ERROR}
#   - {width: 7}
#   - {precision: '4'}
# - name: e_DE_ICRS
#   unit: mas
#   datatype: float64
#   format: '{:7.4f}'
#   description: Standard error of declination (dec_error)
#   meta: !!omap
#   - {ucd: ERROR}
#   - {width: 7}
#   - {precision: '4'}
# - name: _r_1
#   unit: ''
#   datatype: float64
#   format: '{:7.4f}'
#   description: Distance from center (319.53900996000+54.48630551000)[ICRS], at Epoch=J2016.0
#   meta: !!omap
#   - {ucd: POS_ANG_DIST_GENERAL}
#   - {width: 7}
#   - {precision: '4'}
# - name: HIP
#   datatype: int32
#   description: '? HIP cross-id number, van Leeuwen, Cat. I/311 (hip_original_ext_source_id)'
#   meta: !!omap
#   - {ucd: ID_NUMBER}
#   - {width: 6}
#   - values: {'null': -2147483648}
# - name: TYC2
#   datatype: string
#   description: Tycho-2 cross-id name, Hog et al., Cat. I/259 (tyc2_original_ext_source_id)
#   meta: !!omap
#   - {ucd: ID_CROSSID}
#   - {_votable_string_dtype: char}
# - name: Source
#   datatype: int64
#   description: Source identifier, identical to the Gaia-EDR3 source_id (id)
#   meta: !!omap
#   - {ucd: ID_MAIN}
#   - {width: 19}
# - name: rgeo
#   unit: pc
#   datatype: float64
#   format: '{:15.8f}'
#   description: '? Median of the geometric distance posterior (r_med_geo)'
#   meta: !!omap
#   - {ucd: PHYS_DISTANCE_TRUE}
#   - {width: 15}
#   - {precision: '8'}
#   - values: {'null': .nan}
# - name: Plx
#   unit: mas
#   datatype: float64
#   format: '{:9.4f}'
#   description: '? Parallax (parallax)'
#   meta: !!omap
#   - {ucd: POS_PARLX_TRIG}
#   - {width: 9}
#   - {precision: '4'}
#   - values: {'null': .nan}
# - name: e_Plx
#   unit: mas
#   datatype: float32
#   format: '{:7.4f}'
#   description: '? Standard error of parallax (parallax_error)'
#   meta: !!omap
#   - {ucd: ERROR}
#   - {width: 7}
#   - {precision: '4'}
#   - values: {'null': .nan}
# - name: pmRA
#   unit: mas / yr
#   datatype: float64
#   format: '{:9.3f}'
#   description: '? Proper motion in right ascension direction, pmRA*cosDE (pmra)'
#   meta: !!omap
#   - {ucd: POS_EQ_PMRA}
#   - {width: 9}
#   - {precision: '3'}
#   - values: {'null': .nan}
# - name: pmDE
#   unit: mas / yr
#   datatype: float64
#   format: '{:9.3f}'
#   description: '? Proper motion in declination direction (pmdec)'
#   meta: !!omap
#   - {ucd: POS_EQ_PMDEC}
#   - {width: 9}
#   - {precision: '3'}
#   - values: {'null': .nan}
# - name: e_pmRA
#   unit: mas / yr
#   datatype: float32
#   format: '{:6.3f}'
#   description: '? Standard error of proper motion in right ascension direction (pmra_error)'
#   meta: !!omap
#   - {ucd: ERROR}
#   - {width: 6}
#   - {precision: '3'}
#   - values: {'null': .nan}
# - name: e_pmDE
[...]
#       distance: !astropy.table.SerializedColumn
#         __class__: astropy.coordinates.distances.Distance
#         unit: !astropy.units.Unit {unit: pc}
#         value: !astropy.table.SerializedColumn {name: SkyCoord.distance}
#       frame: icrs
#       obstime: !astropy.time.Time {format: jyear_str, in_subfmt: '*', jd1: 367701545.0, jd2: 0.0, out_subfmt: '*', precision: 3, scale: tt}
#       pm_dec: !astropy.table.SerializedColumn
#         __class__: astropy.units.quantity.Quantity
#         unit: !astropy.units.Unit {unit: mas / yr}
#         value: !astropy.table.SerializedColumn {name: SkyCoord.pm_dec}
#       pm_ra_cosdec: !astropy.table.SerializedColumn
#         __class__: astropy.units.quantity.Quantity
#         unit: !astropy.units.Unit {unit: mas / yr}
#         value: !astropy.table.SerializedColumn {name: SkyCoord.pm_ra_cosdec}
#       ra: !astropy.table.SerializedColumn
#         __class__: astropy.coordinates.angles.Longitude
#         unit: *id001
#         value: !astropy.table.SerializedColumn {name: SkyCoord.ra}
#         wrap_angle: !astropy.coordinates.Angle
#           unit: *id001
#           value: 360.0
#       representation_type: spherical
# schema: astropy-2.0
RA_ICRS_1 DE_ICRS_1 e_RA_ICRS e_DE_ICRS _r_1 HIP TYC2 Source rgeo Plx e_Plx pmRA pmDE e_pmRA e_pmDE RUWE Teff logg Gmag BP-RP BPmag RPmag RV e_RV b_rgeo B_rgeo FG e_FG FBP e_FBP FRP e_FRP RAVE5 RAVE6 e_Gmag e_BPmag e_RPmag e_BP-RP SkyCoord.ra SkyCoord.dec SkyCoord.distance SkyCoord.pm_ra_cosdec SkyCoord.pm_dec rmRA rmDE e_rmRA e_rmDE rRV e_rRV v_pec v_pec3d e_vpec e_vpec3d Pmemb
319.67795490722 54.43681021737 0.0111 0.01 5.6833 "" 3957-103-1 2176189873686534272 975.865234 0.9882 0.0121 -4.109 -4.16 0.016 0.014 0.752 6134.1 3.0003 11.360256 1.08735 11.815984 10.728634 "" "" 964.517883 985.239868 538076.57389 169.95 256460.0 227.56 405230.0 169.68 "" "" 0.002776578500714181 0.0029518066 0.0038066271 0.0067584338 319.67795490722 54.43681021737 975.865234 -4.109000000000002 -4.16 0.12370750045776369 -0.1557804679870607 0.16107664 0.15907663 "" "" 0.9201470723638177 "" 0.14708833516679568 "" 1.0
319.34619298908 54.75255937611 0.028 0.0292 17.3227 "" 3957-1208-1 2176212138796901888 1013.85016 0.9458 0.031 -3.734 -4.086 0.037 0.036 2.693 12353.6 4.2137 11.721923 0.644146 11.9624 11.318254 -11.89 18.54 983.958191 1043.47583 385636.08916 247.24 224110.0 447.72 235430.0 353.95 "" "" 0.0028418885677971226 0.003534095 0.0041168174 0.0076509123 319.34619298908 54.75255937611 1013.85016 -3.7339999999999995 -4.086 0.4987075004577637 -0.08178046798706085 0.18207663 0.18107663 10.824583333333333 21.218334 2.428623511478341 11.093683630822683 0.4421321637415881 20.703865761931734 0.9
320.3746170923 54.5576888477 0.0167 0.0175 29.412 "" "" 2176147817365487360 962.138672 0.9945 0.0195 -4.391 -4.12 0.022 0.022 1.664 15001.3 4.1543 11.784616 0.9998 12.191481 11.191681 -14.55 10.07 941.754944 978.680725 363998.98311 57.049 181480.0 91.598 264540.0 71.332 "" "" 0.002760569830582842 0.0028434757 0.003790704 0.0066341795 320.3746170923 54.5576888477 962.138672 -4.391 -4.120000000000001 -0.15829249954223634 -0.11578046798706065 0.16707663 0.16707663 8.164583333333333 12.748333 0.8943960401255926 8.213425916360162 0.14943267839862562 12.67253321856491 0.8
319.48395057669 54.54308015319 0.0085 0.0084 3.9092 "" "" 2176206190253627904 978.568604 1.0167 0.0095 -4.165 -4.031 0.011 0.011 0.982 "" "" 12.450577 1.458124 13.110223 11.652099 -38.27 16.94 969.681274 987.516113 197113.28251 29.366 77862.0 43.988 173110.0 56.84 "" "" 0.002760064046599332 0.002856797 0.0037961581 0.006652955 319.48395057669 54.54308015319 978.568604 -4.165000000000002 -4.030999999999999 0.06770750045776364 -0.02678046798706024 0.15607664 0.15607664 -15.55541666666667 19.618334 0.33772947502777667 15.559082520248865 0.052711681654375585 19.61371160182172 1.0
319.47431927772 53.46609198424 0.0083 0.0084 61.2554 "" "" 2175517865914825728 943.859192 1.0316 0.0096 -4.386 -4.29 0.011 0.011 0.971 "" "" 13.138593 1.175181 13.637959 12.462778 "" "" 936.391846 952.071289 104594.68956 20.039 47889.0 36.204 82044.0 36.765 "" "" 0.0027631610265610325 0.0029083989 0.0038105696 0.0067189685 319.47431927772 53.46609198424 943.859192 -4.386000000000001 -4.289999999999998 -0.15329249954223645 -0.2857804679870606 0.15607664 0.15607664 "" "" 1.4508735400826602 "" 0.22644746704238408 "" 1.0
321.42284697173 55.17952941387 0.0114 0.0104 77.25 "" "" 2176275498155935360 955.117981 1.0197 0.0124 -4.212 -3.825 0.016 0.013 0.977 "" "" 13.50335 1.050146 13.939981 12.889835 "" "" 945.151978 965.491089 74749.20077 11.266 36260.0 22.545 55364.0 17.688 "" "" 0.0027601752133399344 0.0028706728 0.0037952668 0.0066659395 321.42284697173 55.17952941387 955.117981 -4.212 -3.825 0.020707500457763928 0.17921953201293928 0.16107664 0.15807663 "" "" 0.8167712834883055 "" 0.12914503445699496 "" 1.0
319.30045888504 53.64390269393 0.0151 0.0156 51.2373 "" "" 2175712582552468480 963.080322 1.0114 0.0172 -4.168 -4.087 0.02 0.02 1.559 "" "" 13.601128 1.189591 14.109572 12.919981 "" "" 946.699219 977.308289 68311.8188 11.965 31016.0 28.224 53848.0 20.633 "" "" 0.0027618750682412044 0.0029599313 0.00380221 0.0067621414 319.30045888504 53.64390269393 963.080322 -4.168000000000001 -4.087000000000001 0.06470750045776352 -0.08278046798706029 0.16507663 0.16507663 "" "" 0.47964379202811136 "" 0.07917797998615475 "" 0.9
318.68300485564 54.56365719216 0.0108 0.0109 30.1658 "" "" 2176933658939182976 971.236084 1.0048 0.0121 -4.369 -4.068 0.014 0.013 0.93 "" "" 13.649293 1.248987 14.191992 12.943005 "" "" 957.242981 984.643616 65347.56139 7.8617 28749.0 19.521 52718.0 17.712 "" "" 0.002758414603364167 0.002885924 0.003796945 0.006682869 318.68300485564 54.56365719216 971.236084 -4.369 -4.068 -0.1362924995422361 -0.06378046798706016 0.15907663 0.15807663 "" "" 0.6927488700314572 "" 0.11007602428597658 "" 1.0
319.20937805626 54.64072327206 0.0112 0.0113 14.7424 "" "" 2176187743382297344 983.444519 0.9908 0.0119 -4.167 -4.014 0.015 0.015 0.972 8869.1 4.2679 13.716505 1.117984 14.188217 13.070233 "" "" 971.170898 994.080994 61424.94654 8.6001 28849.0 20.09 46888.0 24.108 "" "" 0.002759510390484477 0.0028907992 0.0038203879 0.006711187 319.20937805626 54.64072327206 983.444519 -4.167 -4.014000000000002 0.06570750045776386 -0.009780467987060781 0.16007663 0.16007663 "" "" 0.3096718455307473 "" 0.0495712263971065 "" 0.9
319.4680562206 55.78349193144 0.013 0.0116 77.8692 "" "" 2177145933406873856 993.970642 0.98 0.0132 -4.027 -3.793 0.017 0.015 0.876 8024.9 4.2733 13.887438 1.121558 14.36194 13.240382 "" "" 979.342041 1007.80054 52477.32442 7.8368 24583.0 17.882 40087.0 16.044 "" "" 0.0027600867619021426 0.002899793 0.0038042811 0.0067040743 319.4680562206 55.78349193144 993.970642 -4.027 -3.793 0.20570750045776354 0.2112195320129393 0.16207664 0.16007663 "" "" 1.3891044619915642 "" 0.22371985889236626 "" 0.9
319.23405137143 54.36853976631 0.0115 0.0129 12.7761 "" "" 2176179840642254848 980.756226 0.9883 0.014 -4.261 -4.109 0.015 0.014 0.937 8890.6 4.0915 13.924371 1.346329 14.521031 13.174703 "" "" 968.637268 992.695374 50722.22282 7.9051 21233.0 20.383 42587.0 20.888 "" "" 0.0027605112563342912 0.002978486 0.0038167152 0.0067952015 319.23405137143 54.36853976631 980.756226 -4.261 -4.109 -0.02829249954223645 -0.10478046798706053 0.16007663 0.15907663 "" "" 0.5045465274937843 "" 0.08029594855187852 "" 0.9
321.1185139513 55.36802605396 0.0162 0.0152 75.9193 "" "" 2176291780365816064 980.486023 0.9927 0.0173 -4.105 -3.796 0.021 0.018 1.464 7106.1 4.0631 14.088712 1.326104 14.57934 13.253236 "" "" 961.802124 994.200378 43597.53542 9.9235 20122.0 82.014 39615.0 361.55 "" "" 0.002766380873126192 0.0052314615 0.010605349 0.01583681 321.1185139513 55.36802605396 980.486023 -4.104999999999998 -3.7959999999999985 0.12770750045776325 0.20821953201293963 0.16607663 0.16307664 "" "" 1.1352147876076064 "" 0.1860641272357366 "" 1.0
320.03720976664 54.86147127022 0.0129 0.0117 28.3803 "" "" 2176205816605664640 979.649048 0.9965 0.0136 -4.133 -3.942 0.017 0.015 0.944 7745.4 4.2953 14.176057 1.192412 14.687382 13.494969 "" "" 968.245056 990.044983 40227.5866 6.3331 18216.0 18.048 31708.0 17.56 "" "" 0.002760617004863942 0.002990356 0.003826914 0.00681727 320.03720976664 54.86147127022 979.649048 -4.133000000000003 -3.942000000000003 0.09970750045776366 0.06221953201293928 0.16207664 0.16007663 "" "" 0.5457460507227396 "" 0.08814813933953554 "" 0.9
320.43251283847 55.37559002919 0.0147 0.0151 61.6086 "" "" 2176324838741365760 984.643311 0.9889 0.0171 -4.257 -3.774 0.022 0.019 0.949 6690.0 4.2181 14.257906 1.147841 14.746796 13.598955 "" "" 969.025635 1000.59961 37306.48735 7.2038 17246.0 15.407 28812.0 17.595 "" "" 0.0027632849817887913 0.0029539587 0.0038371019 0.006791061 320.43251283847 55.37559002919 984.643311 -4.257 -3.7740000000000027 -0.024292499542236 0.23021953201293943 0.16707663 0.16407663 "" "" 1.0804479483572682 "" 0.17731226942868272 "" 0.8
320.39293283365 55.323002249 0.0138 0.0145 58.2051 "" "" 2176324460784134528 943.690552 1.0335 0.0154 -4.142 -3.639 0.02 0.019 1.103 6510.2 4.2117 14.307089 1.156686 14.800948 13.644262 "" "" 931.487 957.315491 35654.24502 6.4241 16407.0 15.782 27635.0 17.773 "" "" 0.0027622560918870134 0.0029792232 0.0038433466 0.0068225698 320.39293283365 55.323002249 943.690552 -4.142 -3.639000000000002 0.09070750045776332 0.36521953201293966 0.16507663 0.16407663 "" "" 1.6832931315332644 "" 0.2762871397461979 "" 1.0
319.28519880064 54.94332543219 0.0192 0.0197 28.7976 "" "" 2176969358708219520 1046.40405 0.934 0.0217 -4.19 -3.893 0.026 0.027 1.703 6286.8 3.9588 14.342199 1.40359 14.969147 13.565557 -18.91 5.7 1021.45233 1074.4397 34519.69888 13.739 14053.0 21.763 29712.0 34.039 "" "" 0.0027890005437658225 0.0032576362 0.003978806 0.0072364425 319.28519880064 54.94332543219 1046.40405 -4.1899999999999995 -3.893000000000002 0.04270750045776328 0.11121953201293966 0.17107663 0.17207663 3.8045833333333334 8.378333 0.590916058413113 3.850199492022234 0.10160710050683713 8.279083474592555 1.0
320.11206203218 55.10282201498 0.0142 0.0139 41.9669 "" "" 2176315183654474624 971.804443 1.0034 0.0158 -4.186 -3.891 0.02 0.016 0.99 6819.0 4.206 14.380998 1.229498 14.914457 13.684959 "" "" 958.097595 984.68042 33307.92467 5.6644 14779.0 17.178 26618.0 16.861 "" "" 0.002761499972187233 0.0030622927 0.003841449 0.0069037415 320.11206203218 55.10282201498 971.804443 -4.186 -3.891000000000001 0.04670750045776373 0.11321953201293944 0.16507663 0.16107664 "" "" 0.5641654868498439 "" 0.09120554950247695 "" 0.9
319.98334107793 54.4899868975 0.013 0.0136 15.4875 "" "" 2176144243952406656 981.603333 0.9881 0.0151 -4.18 -3.875 0.017 0.017 0.957 7459.5 4.1592 14.444142 1.34512 15.040717 13.695598 "" "" 968.78363 996.931091 31426.0475 5.4498 13156.0 12.637 26358.0 16.026 "" "" 0.0027617459236957275 0.0029787074 0.003836602 0.0068153096 319.98334107793 54.4899868975 981.603333 -4.180000000000001 -3.875 0.052707500457763956 0.12921953201293945 0.16207664 0.16207664 "" "" 0.6493243103368893 "" 0.1052403006384039 "" 0.9
319.62461253854 53.71295018847 0.0139 0.0131 46.4989 "" "" 2176084904683392896 931.188782 1.0449 0.0148 -4.493 -4.261 0.019 0.018 0.978 6684.6 4.1712 14.459035 1.352789 15.06204 13.709251 -27.37 9.23 920.855957 946.668396 30997.94639 5.9331 12900.0 11.162 26029.0 13.007 "" "" 0.0027631459821000183 0.0029440832 0.0038181269 0.0067622103 319.62461253854 53.71295018847 931.188782 -4.493000000000001 -4.260999999999999 -0.26029249954223665 -0.25678046798706067 0.16407663 0.16307664 -4.655416666666667 11.908333 1.6138491217999762 4.927211516488037 0.26400019887065135 11.251777616753285 1.0
320.35876948161 55.03335332723 0.0152 0.0147 43.3905 "" "" 2176307418353653760 968.152222 1.0017 0.0168 -4.288 -3.892 0.019 0.018 0.966 6838.6 4.1919 14.536921 1.322151 15.116393 13.794242 -29.3 8.61 952.775208 987.04248 28852.16338 6.1414 12270.0 16.785 24069.0 23.082 "" "" 0.002764995460011251 0.0031608592 0.0039201854 0.007081045 320.35876948161 55.03335332723 968.152222 -4.288000000000002 -3.8920000000000003 -0.055292499542236584 0.11221953201293955 0.16407663 0.16307664 -6.585416666666667 11.288333 0.5740977871209421 6.610393403027408 0.09373436032549066 11.245684004145701 1.0
319.03950692678 54.39951860781 0.0143 0.0177 18.1893 "" "" 2176178157015044352 993.687378 0.9788 0.0182 -4.285 -3.988 0.019 0.02 1.025 6881.8 4.1724 14.586518 1.436228 15.233614 13.797386 -16.12 6.48 975.034729 1013.65442 27563.83124 9.1582 11015.0 19.871 24000.0 46.814 "" "" 0.002778834841835485 0.0034090183 0.004332307 0.007741325 319.03950692678 54.39951860781 993.687378 -4.285 -3.9879999999999995 -0.05229249954223647 0.016219532012939464 0.16407663 0.16507663 6.594583333333333 9.158333 0.2578774778996223 6.599623484251631 0.04233436131835125 9.15133872981352 0.9
320.07108487018 55.41367870662 0.0171 0.0165 58.5846 "" "" 2177078652729481088 940.757019 1.0337 0.0181 -4.234 -3.82 0.027 0.022 0.926 6513.5 4.2708 14.672084 1.238511 15.211346 13.972835 11.92 9.28 927.545105 955.227722 25474.94133 6.1675 11243.0 16.49 20419.0 18.585 "" "" 0.002767830094724263 0.0032126172 0.0039064432 0.0071190605 320.07108487018 55.41367870662 940.757019 -4.234000000000002 -3.820000000000002 -0.001292499542236314 0.1842195320129396 0.17207663 0.16707663 34.63458333333333 11.958333 0.821489794612441 34.644324328182 0.13725195362466008 11.954971116622897 0.9
318.71941341886 54.39003086409 0.0163 0.0156 29.1771 "" "" 2176927817783619968 987.764893 0.9868 0.0187 -4.346 -4.144 0.022 0.019 1.016 6687.2 4.0488 14.762252 1.676841 15.556107 13.879267 -2.18 7.23 973.669434 1007.42493 23444.77479 6.9527 8184.2 13.49 22256.0 14.892 "" "" 0.0027740695529279535 0.0033147815 0.0038485732 0.0071633547 318.71941341886 54.39003086409 987.764893 -4.346 -4.143999999999997 -0.11329249954223641 -0.13978046798706067 0.16707663 0.16407663 20.534583333333334 9.908333 0.8424197973849894 20.551855969440748 0.13922886845088386 9.900007093875463 1.0
320.1829642852 54.14681731414 0.0165 0.0154 30.3781 "" "" 2176121841402953472 900.799194 1.0808 0.0182 -4.254 -3.838 0.023 0.019 1.05 6415.9 4.0744 14.794876 1.598496 15.541199 13.942702 24.35 21.03 886.400085 915.464417 22750.79055 8.141 8297.3 12.571 20993.0 26.462 "" "" 0.002782576459529477 0.0032389762 0.0040195473 0.0072585233 320.1829642852 54.14681731414 900.799194 -4.254 -3.838 -0.021292499542235888 0.16621953201293937 0.16807663 0.16407663 47.06458333333333 23.708334 0.7155215096660738 47.07002204557666 0.11744711588520988 23.7055946536002 1.0
320.55271298237 54.68351436886 0.0167 0.016 37.1789 "" "" 2176243990274899456 974.846924 0.9935 0.0188 -4.244 -3.962 0.022 0.02 0.932 7841.0 4.1918 14.843009 1.696281 15.649853 13.953571 -60.68 7.85 956.202148 992.115295 21764.21303 5.4851 7507.2 10.385 20784.0 20.2 "" "" 0.00276887405454927 0.0031687338 0.003923931 0.007092665 320.55271298237 54.68351436886 974.846924 -4.243999999999999 -3.9620000000000024 -0.0112924995422361 0.042219532012939265 0.16707663 0.16507663 -37.96541666666667 10.528334 0.20194472943224437 37.96595375263681 0.03336347283861992 10.528184726196045 0.9
319.48839497095 53.93978615632 0.0175 0.0164 32.8392 "" "" 2176104077417455744 966.884155 1.0095 0.0194 -4.011 -4.022 0.025 0.021 1.001 6344.6 4.2371 15.084538 1.50922 15.778756 14.269536 -4.98 6.83 952.455627 981.959412 17423.34534 3.7304 6666.8 9.5476 15536.0 11.456 "" "" 0.002765108864753926 0.003194174 0.0038632492 0.0070574232 319.48839497095 53.93978615632 966.884155 -4.010999999999998 -4.022 0.22170750045776355 -0.01778046798706079 0.17007664 0.16607663 17.734583333333333 9.508333 1.0193546861422436 17.763854592489338 0.17334266573782275 9.492670597234891 0.8
318.58267709607 54.59077386656 0.0194 0.0185 33.874 "" "" 2176945238171000832 922.017151 1.059 0.0215 -4.38 -4.124 0.025 0.022 1.029 "" "" 15.127546 2.05959 16.174429 14.114839 103.17 7.92 900.942017 942.66925 16746.66725 5.9588 4630.7 10.598 17915.0 23.448 "" "" 0.0027822720426533454 0.00373625 0.0040377155 0.0077739656 318.58267709607 54.59077386656 922.017151 -4.380000000000003 -4.124000000000002 -0.14729249954223622 -0.11978046798706021 0.17007664 0.16707663 125.88458333333334 10.598333 0.8297063981065531 125.88731760472938 0.14012813039452904 10.598103203302072 0.9
318.93834644439 54.47903796577 0.0205 0.0227 20.9418 "" "" 2176179222166904192 963.377136 1.0098 0.0242 -4.114 -3.918 0.026 0.026 0.989 6531.6 4.0565 15.336763 1.880773 16.267569 14.386796 -6.23 10.94 942.179443 992.951111 13811.51532 4.3822 4250.0 9.4731 13946.0 15.851 "" "" 0.002776771858232298 0.0036934773 0.003975751 0.007669228 318.93834644439 54.47903796577 963.377136 -4.113999999999997 -3.9179999999999966 0.11870750045776379 0.0862195320129393 0.17107663 0.17107663 16.484583333333333 13.618333 0.6699602945266806 16.498191854559497 0.11461454646392977 13.607100587158888 1.0
319.68270526849 54.72284466761 0.0216 0.0205 15.0453 "" "" 2176209149499991808 979.573669 0.9952 0.0231 -4.3 -3.945 0.028 0.026 1.011 5354.3 4.1771 15.535419 1.63864 16.305548 14.666908 "" "" 953.261292 998.683228 11502.14709 15.854 4103.9 19.637 10774.0 46.228 "" "" 0.0031355030021156024 0.0058970503 0.0059988317 0.011895882 319.68270526849 54.72284466761 979.573669 -4.300000000000001 -3.9450000000000003 -0.06729249954223615 0.05921953201293961 0.17307663 0.17107663 "" "" 0.41621209291349714 "" 0.07167446549845552 "" 1.0
