Clusters/UPK_150/UPK_150_stars_in_region.tsv
# %ECSV 1.0
# ---
# datatype:
# - name: RA_ICRS_1
#   unit: deg
#   datatype: float64
#   format: '{:15.11f}'
#   description: Right ascension (ICRS) at Ep=2016.0 (ra)
#   meta: !!omap
#   - {ucd: POS_EQ_RA_MAIN}
#   - {width: 15}
#   - {precision: '11'}
# - name: DE_ICRS_1
#   unit: deg
#   datatype: float64
#   format: '{:15.11f}'
#   description: Declination (ICRS) at Ep=2016.0 (dec)
#   meta: !!omap
#   - {ucd: POS_EQ_DEC_MAIN}
#   - {width: 15}
#   - {precision: '11'}
# - name: e_RA_ICRS
#   unit: mas
#   datatype: float64
#   format: '{:7.4f}'
#   description: Standard error of right ascension (ra_error)
#   meta: !!omap
#   - {ucd: ERROR}
#   - {width: 7}
#   - {precision: '4'}
# - name: e_DE_ICRS
#   unit: mas
#   datatype: float64
#   format: '{:7.4f}'
#   description: Standard error of declination (dec_error)
#   meta: !!omap
#   - {ucd: ERROR}
#   - {width: 7}
#   - {precision: '4'}
# - name: _r_1
#   unit: ''
#   datatype: float64
#   format: '{:7.4f}'
#   description: Distance from center (319.53900996000+54.48630551000)[ICRS], at Epoch=J2016.0
#   meta: !!omap
#   - {ucd: POS_ANG_DIST_GENERAL}
#   - {width: 7}
#   - {precision: '4'}
# - name: HIP
#   datatype: int32
#   description: '? HIP cross-id number, van Leeuwen, Cat. I/311 (hip_original_ext_source_id)'
#   meta: !!omap
#   - {ucd: ID_NUMBER}
#   - {width: 6}
#   - values: {'null': -2147483648}
# - name: TYC2
#   datatype: string
#   description: Tycho-2 cross-id name, Hog et al., Cat. I/259 (tyc2_original_ext_source_id)
#   meta: !!omap
#   - {ucd: ID_CROSSID}
#   - {_votable_string_dtype: char}
# - name: Source
#   datatype: int64
#   description: Source identifier, identical to the Gaia-EDR3 source_id (id)
#   meta: !!omap
#   - {ucd: ID_MAIN}
#   - {width: 19}
# - name: rgeo
#   unit: pc
#   datatype: float64
#   format: '{:15.8f}'
#   description: '? Median of the geometric distance posterior (r_med_geo)'
#   meta: !!omap
#   - {ucd: PHYS_DISTANCE_TRUE}
#   - {width: 15}
#   - {precision: '8'}
#   - values: {'null': .nan}
# - name: Plx
#   unit: mas
#   datatype: float64
#   format: '{:9.4f}'
#   description: '? Parallax (parallax)'
#   meta: !!omap
#   - {ucd: POS_PARLX_TRIG}
#   - {width: 9}
#   - {precision: '4'}
#   - values: {'null': .nan}
# - name: e_Plx
#   unit: mas
#   datatype: float32
#   format: '{:7.4f}'
#   description: '? Standard error of parallax (parallax_error)'
#   meta: !!omap
#   - {ucd: ERROR}
#   - {width: 7}
#   - {precision: '4'}
#   - values: {'null': .nan}
# - name: pmRA
#   unit: mas / yr
#   datatype: float64
#   format: '{:9.3f}'
#   description: '? Proper motion in right ascension direction, pmRA*cosDE (pmra)'
#   meta: !!omap
#   - {ucd: POS_EQ_PMRA}
#   - {width: 9}
#   - {precision: '3'}
#   - values: {'null': .nan}
# - name: pmDE
#   unit: mas / yr
#   datatype: float64
#   format: '{:9.3f}'
#   description: '? Proper motion in declination direction (pmdec)'
#   meta: !!omap
#   - {ucd: POS_EQ_PMDEC}
#   - {width: 9}
#   - {precision: '3'}
#   - values: {'null': .nan}
# - name: e_pmRA
#   unit: mas / yr
#   datatype: float32
#   format: '{:6.3f}'
#   description: '? Standard error of proper motion in right ascension direction (pmra_error)'
#   meta: !!omap
#   - {ucd: ERROR}
#   - {width: 6}
#   - {precision: '3'}
#   - values: {'null': .nan}
# - name: e_pmDE
[...]
#         value: !astropy.table.SerializedColumn {name: SkyCoord.dec}
#       distance: !astropy.table.SerializedColumn
#         __class__: astropy.coordinates.distances.Distance
#         unit: !astropy.units.Unit {unit: pc}
#         value: !astropy.table.SerializedColumn {name: SkyCoord.distance}
#       frame: icrs
#       obstime: !astropy.time.Time {format: jyear_str, in_subfmt: '*', jd1: 367701545.0, jd2: 0.0, out_subfmt: '*', precision: 3, scale: tt}
#       pm_dec: !astropy.table.SerializedColumn
#         __class__: astropy.units.quantity.Quantity
#         unit: !astropy.units.Unit {unit: mas / yr}
#         value: !astropy.table.SerializedColumn {name: SkyCoord.pm_dec}
#       pm_ra_cosdec: !astropy.table.SerializedColumn
#         __class__: astropy.units.quantity.Quantity
#         unit: !astropy.units.Unit {unit: mas / yr}
#         value: !astropy.table.SerializedColumn {name: SkyCoord.pm_ra_cosdec}
#       ra: !astropy.table.SerializedColumn
#         __class__: astropy.coordinates.angles.Longitude
#         unit: *id001
#         value: !astropy.table.SerializedColumn {name: SkyCoord.ra}
#         wrap_angle: !astropy.coordinates.Angle
#           unit: *id001
#           value: 360.0
#       representation_type: spherical
# schema: astropy-2.0
RA_ICRS_1 DE_ICRS_1 e_RA_ICRS e_DE_ICRS _r_1 HIP TYC2 Source rgeo Plx e_Plx pmRA pmDE e_pmRA e_pmDE RUWE Teff logg Gmag BP-RP BPmag RPmag RV e_RV b_rgeo B_rgeo FG e_FG FBP e_FBP FRP e_FRP RAVE5 RAVE6 e_Gmag e_BPmag e_RPmag e_BP-RP SkyCoord.ra SkyCoord.dec SkyCoord.distance SkyCoord.pm_ra_cosdec SkyCoord.pm_dec rmRA rmDE e_rmRA e_rmDE rRV e_rRV v_pec v_pec3d e_vpec e_vpec3d
[from data line 1598]
320.82167945442 53.79184125273 0.0913 0.1005 61.3891 "" "" 2175869125521022464 874.422607 1.184 0.1081 1.352 -6.234 0.116 0.121 4.6 "" "" 15.410347 1.734693 16.172169 14.437476 "" "" 788.148193 983.949402 12906.48874 18.946 4640.3 12.271 13310.0 27.524 "" "" 0.0031830781508801398 0.0040035783 0.0043959883 0.008399567 320.82167945442 53.79184125273 874.422607 1.3520000000000012 -6.234000000000007 5.584707500457764 -2.2297804679870605 0.26107663 0.26607662 "" "" 24.924084045093277 "" 6.52437159342077 ""
319.28483682959 53.45398443418 0.0223 0.0231 62.5853 "" "" 2175705985482641792 1125.01099 0.8719 0.0258 1.203 4.017 0.029 0.029 1.208 5641.4 4.1499 15.41097 1.583705 16.107798 14.524093 "" "" 1093.58679 1153.61731 12899.07939 3.7504 4923.8 22.74 12289.0 67.801 "" "" 0.002773344816673108 0.005738355 0.0070828414 0.012821197 319.28483682959 53.45398443418 1125.01099 1.203 4.017 5.435707500457764 8.021219532012939 0.17407663 0.17407663 "" "" 51.66989243588362 "" 8.994520833743358 ""
318.28406452482 53.54109050758 0.0256 0.025 71.9271 "" "" 2175745533542037632 1164.26184 0.8283 0.0275 2.559 2.572 0.035 0.033 1.158 5241.9 3.696 15.413043 1.955251 16.3919 14.436648 "" "" 1132.37231 1195.8551 12874.47529 4.3439 3790.2 8.645 13320.0 13.463 "" "" 0.0027795662223953988 0.003730655 0.003935479 0.0076661343 318.28406452482 53.54109050758 1164.26184 2.559 2.572 6.791707500457764 6.5762195320129395 0.18007663 0.17807662 "" "" 52.171640274085526 "" 9.34454840699069 ""
321.6938050102 54.74979025781 0.0232 0.0219 76.5085 "" "" 2176062639572729856 857.57251 1.1425 0.0268 2.574 0.607 0.034 0.029 0.967 5799.0 4.1309 15.413922 1.797309 16.283833 14.486524 "" "" 840.51825 877.35376 12864.0561 5.0359 4186.8 9.7933 12722.0 14.46 "" "" 0.0027879101776656576 0.0037729018 0.0039757565 0.0077486583 321.6938050102 54.74979025781 857.57251 2.574 0.607 6.8067075004577635 4.61121953201294 0.17907664 0.17407663 "" "" 33.41990678724167 "" 5.932667227698398 ""
318.53073838127 54.5947714203 0.2362 0.2241 35.6935 "" "" 2176945478689165312 996.800415 1.1661 0.27 4.646 7.295 0.326 0.281 11.794 5612.0 4.3916 15.414361 1.959289 16.34635 14.387061 -50.24 7.9 766.307434 1383.87683 12858.85351 28.882 3952.5 9.261 13942.0 12.583 "" "" 0.003679510728506367 0.0037758152 0.0039043487 0.0076801637 318.53073838127 54.5947714203 996.800415 4.645999999999999 7.295 8.878707500457764 11.29921953201294 0.47107664 0.42607662 -27.52541666666667 10.578333 67.8969999174491 73.26425568081405 30.132271956368722 28.20621020579455
320.80179605283 54.28184656815 0.0192 0.0215 45.7958 "" "" 2176031887606070784 976.58252 0.9889 0.023 -1.84 -4.048 0.026 0.027 1.05 5249.3 4.1251 15.414548 1.732452 16.234957 14.502504 "" "" 956.190918 998.988098 12856.64673 3.4743 4379.6 9.8162 12536.0 10.693 "" "" 0.0027708977715800113 0.0037022997 0.0038911973 0.0075934967 320.80179605283 54.28184656815 976.58252 -1.8400000000000003 -4.048 2.392707500457764 -0.04378046798706059 0.17107663 0.17207663 "" "" 11.077699683680766 "" 1.8951391995136138 ""
319.73137099151 53.9707648682 0.0251 0.0212 31.6596 "" "" 2176097583427035648 828.114868 1.1854 0.0262 -2.853 -5.94 0.034 0.029 1.063 5327.0 3.9412 15.415841 1.745391 16.258802 14.513412 "" "" 811.066528 846.889221 12841.33358 4.3979 4284.5 12.336 12411.0 11.386 "" "" 0.002780297927953999 0.0041901497 0.0039084367 0.008098586 319.73137099151 53.9707648682 828.114868 -2.8529999999999998 -5.940000000000001 1.3797075004577635 -1.935780467987061 0.17907664 0.17407663 "" "" 9.330939707822031 "" 1.6401633477586282 ""
319.24679434496 53.70779544335 0.0209 0.0209 47.8287 "" "" 2175724917698530048 795.752319 1.2243 0.0229 6.088 0.965 0.027 0.025 1.025 6210.6 4.158 15.417112 1.983028 16.413555 14.430527 "" "" 783.62561 809.061096 12826.30671 4.2723 3715.3 9.6287 13395.0 12.605 "" "" 0.0027789526219046175 0.0039626625 0.003915048 0.007877711 319.24679434496 53.70779544335 795.752319 6.088000000000001 0.9650000000000014 10.320707500457765 4.969219532012939 0.17207663 0.17007664 "" "" 43.2055923876632 "" 7.418487421799178 ""
319.22140171363 53.5820339631 0.0221 0.0226 55.3984 "" "" 2175710555327907456 989.875061 0.9822 0.0252 0.505 0.912 0.029 0.029 1.067 6501.8 4.2422 15.417544 1.671193 16.204885 14.533692 "" "" 971.520752 1014.88446 12821.21011 3.4188 4502.6 9.2631 12181.0 12.154 "" "" 0.002770488681232379 0.0035741138 0.003931581 0.007505695 319.22140171363 53.5820339631 989.875061 0.5050000000000003 0.912000000000001 4.737707500457764 4.916219532012939 0.17407663 0.17407663 "" "" 32.03479677685241 "" 5.576509518994627 ""
319.82959780003 53.22965402234 0.1312 0.1286 76.0969 "" "" 2175497524949767424 875.20459 1.1563 0.1489 -9.861 -14.05 0.18 0.164 6.405 4958.0 4.396 15.417923 1.559223 16.099787 14.540564 "" "" 759.151367 1020.2486 12816.74092 13.744 4960.2 10.684 12104.0 10.891 "" "" 0.002991212542462498 0.0036406284 0.0039036032 0.0075442316 319.82959780003 53.22965402234 875.20459 -9.861000000000002 -14.050000000000011 -5.628292499542237 -10.045780467987061 0.32507664 0.30907664 "" "" 47.76965746897488 "" 14.950636334344658 ""
318.95649119543 54.94575258703 0.0212 0.0205 34.1687 "" "" 2176957843889943424 926.46106 1.0536 0.0233 -13.505 -3.382 0.028 0.025 0.986 6612.4 4.1721 15.419122 1.866612 16.333935 14.467322 "" "" 909.681274 947.978699 12802.59815 3.9408 3998.0 9.1855 12949.0 12.526 "" "" 0.0027755145762684724 0.003742673 0.0039226003 0.0076652733 318.95649119543 54.94575258703 926.46106 -13.505 -3.382 -9.272292499542237 0.6222195320129393 0.17307663 0.17007664 "" "" 40.81015827053583 "" 7.0627405388151105 ""
320.44213660054 54.93884016909 0.0224 0.0216 41.4375 "" "" 2176297350950344448 1118.4292 0.874 0.0241 -5.264 -5.815 0.029 0.028 1.024 5636.6 4.0107 15.419805 1.544042 16.134684 14.590642 "" "" 1085.57092 1150.04004 12794.55013 3.638 4803.3 10.047 11558.0 10.781 "" "" 0.0027725613111260206 0.00359758 0.0039127204 0.0075103003 320.44213660054 54.93884016909 1118.4292 -5.263999999999999 -5.814999999999994 -1.0312924995422366 -1.810780467987061 0.17407663 0.17307663 "" "" 11.047302813474749 "" 1.914741546116684 ""
319.83367985412 55.11568026323 0.02 0.0199 39.1134 "" "" 2176317550164733568 849.380615 1.1517 0.0224 -2.933 -3.999 0.028 0.026 1.009 4999.0 4.2808 15.419979 1.49454 16.109474 14.614934 "" "" 832.385803 865.28595 12792.49113 3.4366 4916.2 8.6781 11303.0 10.936 "" "" 0.002770715303877298 0.0033849962 0.0039226576 0.007307654 319.83367985412 55.11568026323 849.380615 -2.932999999999998 -3.9990000000000028 1.2997075004577638 0.005219532012939343 0.17307663 0.17107663 "" "" 5.2327479232493 "" 0.9056662064981387 ""
319.07968460221 54.35916335726 0.068 0.0863 17.7563 "" "" 2176174549242530048 1113.02441 0.8891 0.0907 -3.36 -3.669 0.095 0.099 4.212 "" "" 15.421692 1.644343 16.023092 14.378749 -7.47 9.68 1006.43463 1251.23169 12772.32103 7.3189 5323.3 23.391 14049.0 41.773 "" "" 0.002824689234911572 0.0055268146 0.0049704807 0.010497295 319.07968460221 54.35916335726 1113.02441 -3.360000000000002 -3.669000000000003 0.8727075004577638 0.3352195320129394 0.24007663 0.24407664 15.244583333333335 12.358334 4.93215130054899 16.02259147137103 1.1866492279268086 11.763923128810854
320.97145190747 54.52793135481 0.0201 0.0205 49.9623 "" "" 2176044772508096256 905.215942 1.0778 0.0232 -3.446 -7.742 0.028 0.026 1.028 5503.9 4.1561 15.422553 1.760919 16.272217 14.511298 "" "" 884.017761 922.282104 12762.19543 3.6956 4231.8 9.2604 12435.0 10.502 "" "" 0.0027731998420008988 0.0036646922 0.0038890284 0.007553721 320.97145190747 54.52793135481 905.215942 -3.4459999999999997 -7.742 0.7867075004577635 -3.7377804679870605 0.17307663 0.17107663 "" "" 16.38916639517642 "" 2.8052015323038058 ""
320.54478252666 53.81937270556 0.0219 0.0252 53.3863 "" "" 2175914136779268480 1012.00806 0.9576 0.027 -10.736 -6.359 0.029 0.03 1.018 6637.7 4.1549 15.424397 1.80996 16.301594 14.491633 "" "" 984.894104 1036.57275 12740.54563 3.9681 4118.9 11.187 12662.0 17.148 "" "" 0.002775993483332742 0.0040596705 0.0040553426 0.008115013 320.54478252666 53.81937270556 1012.00806 -10.736 -6.358999999999993 -6.503292499542237 -2.3547804679870605 0.17407663 0.17507663 "" "" 33.177826550242344 "" 5.779339777804666 ""
318.84423585582 55.56588562166 0.1506 0.1619 69.0407 "" "" 2177060549455615744 833.063843 1.2666 0.1705 4.142 -2.245 0.205 0.196 6.761 5476.8 3.7576 15.424617 1.826625 16.25071 14.424085 "" "" 737.688782 955.785706 12737.95884 19.711 4316.5 8.8178 13475.0 15.091 "" "" 0.0032271503378798173 0.0035643193 0.0039701695 0.007534489 318.84423585582 55.56588562166 833.063843 4.142 -2.2450000000000006 8.374707500457763 1.7592195320129393 0.35007662 0.3410766 "" "" 33.791141372851776 "" 11.816794153903553 ""
318.43969861242 54.42994741188 0.0224 0.0224 38.4901 "" "" 2176557213640791552 857.322205 1.1317 0.0262 2.306 3.916 0.032 0.028 1.093 6054.5 4.0189 15.424953 2.131729 16.524563 14.392834 -18.01 6.03 835.7771 875.233398 12734.01632 4.1406 3354.2 10.159 13868.0 10.839 "" "" 0.0027778455061936804 0.004312622 0.0038734789 0.008186101 318.43969861242 54.42994741188 857.322205 2.3060000000000014 3.9159999999999986 6.538707500457764 7.92021953201294 0.17707664 0.17307663 4.704583333333332 8.708334 41.73658288114669 42.000898263431274 7.291754096542766 7.311227733493573
318.01535300821 54.3718980244 0.0232 0.0227 53.6197 "" "" 2176564905924611584 936.876892 1.0375 0.0252 -3.709 -1.595 0.032 0.031 1.087 6191.0 3.8714 15.425188 2.3098 16.643175 14.333375 -23.08 7.06 916.034424 957.354248 12731.2636 4.5356 3007.1 11.742 14649.0 11.785 "" "" 0.0027823379376259168 0.0050753052 0.0038790037 0.008954309 318.01535300821 54.3718980244 936.876892 -3.7090000000000005 -1.5950000000000002 0.5237075004577636 2.4092195320129397 0.17707664 0.17607664 -0.3654166666666647 9.738333 10.9487098881863 10.954806139587603 1.92830735348804 1.9544186724686146
320.74901941357 53.52715183399 0.0206 0.0229 71.6382 "" "" 2175856201960200960 833.866638 1.1792 0.0243 -9.485 -4.329 0.027 0.03 1.018 6204.7 4.1576 15.426979 1.836731 16.327522 14.490791 "" "" 817.014221 846.698669 12710.28029 3.5225 4021.7 6.2734 12672.0 10.019 "" "" 0.0027717015303029896 0.0032639573 0.003875645 0.0071396027 320.74901941357 53.52715183399 833.866638 -9.485000000000001 -4.329000000000001 -5.252292499542236 -0.3247804679870603 0.17207663 0.17507663 "" "" 20.799484107319348 "" 3.5793448287558713 ""
318.60741915007 55.46705785841 0.0213 0.0213 67.0195 "" "" 2177052749794804096 1055.79443 0.9231 0.0242 -1.153 -4.185 0.029 0.027 0.963 5736.8 4.0459 15.428295 1.573172 16.161242 14.58807 "" "" 1024.7572 1085.9823 12694.88815 9.6689 4687.3 14.737 11586.0 22.426 "" "" 0.002876736763565011 0.0044088103 0.004324384 0.008733194 318.60741915007 55.46705785841 1055.79443 -1.1529999999999994 -4.185 3.0797075004577636 -0.18078046798706016 0.17407663 0.17207663 "" "" 15.438820871990085 "" 2.687432509754736 ""
319.21670612731 55.39143028691 0.021 0.0221 55.4319 "" "" 2177042544952768384 852.458435 1.1465 0.024 -8.295 -2.156 0.028 0.028 1.04 6274.5 4.1531 15.428298 1.944967 16.398663 14.453695 "" "" 835.628906 874.762329 12694.84752 3.6642 3766.6 7.0704 13112.0 15.471 "" "" 0.002773084664904032 0.0034552526 0.003990598 0.0074458504 319.21670612731 55.39143028691 852.458435 -8.295000000000003 -2.1560000000000055 -4.062292499542236 1.8482195320129393 0.17307663 0.17307663 "" "" 18.033328687749062 "" 3.121147750441981 ""
320.61796041416 54.40643608113 0.0198 0.0216 37.9457 "" "" 2176224267784917888 1104.32336 0.8813 0.024 3.737 -5.856 0.028 0.026 1.072 5567.2 4.1198 15.429281 1.710399 16.233297 14.522899 "" "" 1079.65637 1130.8844 12683.35255 3.7804 4386.3 12.35 12303.0 24.932 "" "" 0.002774259497378568 0.0041388636 0.00437319 0.008512054 320.61796041416 54.40643608113 1104.32336 3.7369999999999957 -5.855999999999997 7.969707500457764 -1.8517804679870604 0.17307663 0.17107663 "" "" 42.82868491674533 "" 7.408280930654127 ""
317.78507838401 54.90177878915 0.0211 0.0225 65.7284 "" "" 2176642253994220288 922.237244 1.0583 0.0234 -2.653 -2.232 0.028 0.028 0.991 6512.0 4.1505 15.430052 1.952014 16.403181 14.451167 "" "" 907.817017 939.066895 12674.36422 4.9751 3751.0 9.6706 13143.0 12.491 "" "" 0.002788086181097733 0.0039522713 0.003917715 0.007869987 317.78507838401 54.90177878915 922.237244 -2.653 -2.232 1.5797075004577636 1.7722195320129392 0.17307663 0.17307663 "" "" 10.378047519838635 "" 1.7961974869636486 ""
320.6532628206 55.49160702191 0.0237 0.0258 71.4789 "" "" 2176350436746914944 932.96228 1.0529 0.0277 3.514 3.977 0.033 0.032 1.114 5876.4 4.3146 15.430242 1.414988 16.066336 14.651348 "" "" 905.02179 954.659485 12672.14255 3.908 5115.4 9.0243 10930.0 13.338 "" "" 0.0027755905355061512 0.0033843438 0.0040048948 0.0073892386 320.6532628206 55.49160702191 932.96228 3.513999999999997 3.977 7.746707500457763 7.98121953201294 0.17807662 0.17707664 "" "" 49.186643432361 "" 8.733699813332573 ""
318.67012475974 54.43496218582 0.0204 0.0212 30.459 "" "" 2176928848575856768 1141.87695 0.8439 0.0243 -2.173 -1.952 0.028 0.025 0.931 6469.3 4.0475 15.43025 1.749719 16.272015 14.522296 "" "" 1117.44983 1173.0083 12672.04198 3.4103 4232.6 10.214 12309.0 12.057 "" "" 0.002770769991044843 0.0038275078 0.0039261654 0.007753673 318.67012475974 54.43496218582 1141.87695 -2.1730000000000005 -1.9519999999999993 2.0597075004577636 2.0522195320129395 0.17307663 0.17007664 "" "" 15.737247304682409 "" 2.700333074830325 ""
318.10259496659 54.60113984782 0.0221 0.0204 50.4659 "" "" 2176620229401882112 1051.18018 0.9097 0.0241 1.236 -5.907 0.03 0.028 0.967 4960.1 3.1119 15.43191 2.984152 17.171686 14.187534 -17.49 4.13 1023.11218 1079.44165 12652.68736 6.1246 1848.2 8.4485 16755.0 15.796 "" "" 0.00280499533691733 0.0056936485 0.003915542 0.009609191 318.10259496659 54.60113984782 1051.18018 1.2360000000000027 -5.907 5.468707500457763 -1.9027804679870606 0.17507663 0.17307663 5.224583333333335 6.8083334 28.850611577817414 29.31985776604376 5.04486864845627 5.110226546120145
320.10947394827 54.26686453378 0.0281 0.0279 23.8915 "" "" 2176126376888389248 900.928772 1.084 0.032 -3.791 5.233 0.038 0.035 1.353 5628.1 3.9586 15.432418 1.706095 16.239471 14.533377 "" "" 875.549866 924.651611 12646.76876 4.2735 4361.4 7.9583 12184.0 10.506 "" "" 0.002779639017281035 0.0034219918 0.0038936115 0.007315603 320.10947394827 54.26686453378 900.928772 -3.7910000000000004 5.2330000000000005 0.44170750045776375 9.23721953201294 0.18307664 0.18007663 "" "" 39.49171753419047 "" 7.111807895975836 ""
319.99071047509 54.7607145793 0.0214 0.0197 22.7436 "" "" 2176204098618626176 789.876465 1.238 0.023 1.096 -6.881 0.027 0.025 0.971 5146.7 4.2893 15.43363 1.489108 16.11584 14.626733 "" "" 776.904175 806.158569 12632.65544 3.4027 4887.4 10.974 11181.0 8.8417 "" "" 0.0027707971903584384 0.0037051695 0.0038756784 0.007580848 319.99071047509 54.7607145793 789.876465 1.0959999999999974 -6.881 5.328707500457764 -2.8767804679870608 0.17207663 0.17007664 "" "" 22.67246968305172 "" 3.89121495470487 ""
317.83453846828 55.21411686397 0.0215 0.0221 73.3008 "" "" 2177210254832827392 862.000916 1.1352 0.0239 -6.015 -6.498 0.028 0.029 0.989 6504.9 4.2243 15.433742 1.837892 16.33349 14.495599 "" "" 844.484558 882.874695 12631.36057 3.5504 3999.6 10.796 12616.0 11.066 "" "" 0.0027721692327405795 0.0040464825 0.0038975228 0.007944006 317.83453846828 55.21411686397 862.000916 -6.015 -6.498000000000001 -1.782292499542236 -2.4937804679870608 0.17307663 0.17407663 "" "" 12.52409036583601 "" 2.1759252006848673 ""
