Clusters/UPK_150/UPK_150_members.tsv
# %ECSV 1.0
# ---
# datatype:
# - name: RA_ICRS_1
#   unit: deg
#   datatype: float64
#   format: '{:15.11f}'
#   description: Right ascension (ICRS) at Ep=2016.0 (ra)
#   meta: !!omap
#   - {ucd: POS_EQ_RA_MAIN}
#   - {width: 15}
#   - {precision: '11'}
# - name: DE_ICRS_1
#   unit: deg
#   datatype: float64
#   format: '{:15.11f}'
#   description: Declination (ICRS) at Ep=2016.0 (dec)
#   meta: !!omap
#   - {ucd: POS_EQ_DEC_MAIN}
#   - {width: 15}
#   - {precision: '11'}
# - name: e_RA_ICRS
#   unit: mas
#   datatype: float64
#   format: '{:7.4f}'
#   description: Standard error of right ascension (ra_error)
#   meta: !!omap
#   - {ucd: ERROR}
#   - {width: 7}
#   - {precision: '4'}
# - name: e_DE_ICRS
#   unit: mas
#   datatype: float64
#   format: '{:7.4f}'
#   description: Standard error of declination (dec_error)
#   meta: !!omap
#   - {ucd: ERROR}
#   - {width: 7}
#   - {precision: '4'}
# - name: _r_1
#   unit: ''
#   datatype: float64
#   format: '{:7.4f}'
#   description: Distance from center (319.53900996000+54.48630551000)[ICRS], at Epoch=J2016.0
#   meta: !!omap
#   - {ucd: POS_ANG_DIST_GENERAL}
#   - {width: 7}
#   - {precision: '4'}
# - name: HIP
#   datatype: int32
#   description: '? HIP cross-id number, van Leeuwen, Cat. I/311 (hip_original_ext_source_id)'
#   meta: !!omap
#   - {ucd: ID_NUMBER}
#   - {width: 6}
#   - values: {'null': -2147483648}
# - name: TYC2
#   datatype: string
#   description: Tycho-2 cross-id name, Hog et al., Cat. I/259 (tyc2_original_ext_source_id)
#   meta: !!omap
#   - {ucd: ID_CROSSID}
#   - {_votable_string_dtype: char}
# - name: Source
#   datatype: int64
#   description: Source identifier, identical to the Gaia-EDR3 source_id (id)
#   meta: !!omap
#   - {ucd: ID_MAIN}
#   - {width: 19}
# - name: rgeo
#   unit: pc
#   datatype: float64
#   format: '{:15.8f}'
#   description: '? Median of the geometric distance posterior (r_med_geo)'
#   meta: !!omap
#   - {ucd: PHYS_DISTANCE_TRUE}
#   - {width: 15}
#   - {precision: '8'}
#   - values: {'null': .nan}
# - name: Plx
#   unit: mas
#   datatype: float64
#   format: '{:9.4f}'
#   description: '? Parallax (parallax)'
#   meta: !!omap
#   - {ucd: POS_PARLX_TRIG}
#   - {width: 9}
#   - {precision: '4'}
#   - values: {'null': .nan}
# - name: e_Plx
#   unit: mas
#   datatype: float32
#   format: '{:7.4f}'
#   description: '? Standard error of parallax (parallax_error)'
#   meta: !!omap
#   - {ucd: ERROR}
#   - {width: 7}
#   - {precision: '4'}
#   - values: {'null': .nan}
# - name: pmRA
#   unit: mas / yr
#   datatype: float64
#   format: '{:9.3f}'
#   description: '? Proper motion in right ascension direction, pmRA*cosDE (pmra)'
#   meta: !!omap
#   - {ucd: POS_EQ_PMRA}
#   - {width: 9}
#   - {precision: '3'}
#   - values: {'null': .nan}
# - name: pmDE
#   unit: mas / yr
#   datatype: float64
#   format: '{:9.3f}'
#   description: '? Proper motion in declination direction (pmdec)'
#   meta: !!omap
#   - {ucd: POS_EQ_PMDEC}
#   - {width: 9}
#   - {precision: '3'}
#   - values: {'null': .nan}
# - name: e_pmRA
#   unit: mas / yr
#   datatype: float32
#   format: '{:6.3f}'
#   description: '? Standard error of proper motion in right ascension direction (pmra_error)'
#   meta: !!omap
#   - {ucd: ERROR}
#   - {width: 6}
#   - {precision: '3'}
#   - values: {'null': .nan}
# - name: e_pmDE
[...]
#       distance: !astropy.table.SerializedColumn
#         __class__: astropy.coordinates.distances.Distance
#         unit: !astropy.units.Unit {unit: pc}
#         value: !astropy.table.SerializedColumn {name: SkyCoord.distance}
#       frame: icrs
#       obstime: !astropy.time.Time {format: jyear_str, in_subfmt: '*', jd1: 367701545.0, jd2: 0.0, out_subfmt: '*', precision: 3, scale: tt}
#       pm_dec: !astropy.table.SerializedColumn
#         __class__: astropy.units.quantity.Quantity
#         unit: !astropy.units.Unit {unit: mas / yr}
#         value: !astropy.table.SerializedColumn {name: SkyCoord.pm_dec}
#       pm_ra_cosdec: !astropy.table.SerializedColumn
#         __class__: astropy.units.quantity.Quantity
#         unit: !astropy.units.Unit {unit: mas / yr}
#         value: !astropy.table.SerializedColumn {name: SkyCoord.pm_ra_cosdec}
#       ra: !astropy.table.SerializedColumn
#         __class__: astropy.coordinates.angles.Longitude
#         unit: *id001
#         value: !astropy.table.SerializedColumn {name: SkyCoord.ra}
#         wrap_angle: !astropy.coordinates.Angle
#           unit: *id001
#           value: 360.0
#       representation_type: spherical
# schema: astropy-2.0
RA_ICRS_1 DE_ICRS_1 e_RA_ICRS e_DE_ICRS _r_1 HIP TYC2 Source rgeo Plx e_Plx pmRA pmDE e_pmRA e_pmDE RUWE Teff logg Gmag BP-RP BPmag RPmag RV e_RV b_rgeo B_rgeo FG e_FG FBP e_FBP FRP e_FRP RAVE5 RAVE6 e_Gmag e_BPmag e_RPmag e_BP-RP SkyCoord.ra SkyCoord.dec SkyCoord.distance SkyCoord.pm_ra_cosdec SkyCoord.pm_dec rmRA rmDE e_rmRA e_rmDE rRV e_rRV v_pec v_pec3d e_vpec e_vpec3d Pmemb
[from data line 30]
320.17255923302 53.76270846491 0.0236 0.023 48.7968 "" "" 2175901801632891520 945.753052 1.0287 0.026 -4.272 -4.052 0.03 0.027 1.033 5528.1 3.9283 15.649515 1.918497 16.590622 14.672125 "" "" 919.111877 964.786743 10354.77275 3.6884 3156.2 8.8968 10723.0 27.928 "" "" 0.0027823297879513175 0.0041414686 0.004720185 0.0088616535 320.17255923302 53.76270846491 945.753052 -4.272000000000002 -4.052 -0.03929249954223657 -0.04778046798706015 0.17507663 0.17207663 "" "" 0.2773180606601343 "" 0.04805733122836036 "" 1.0
319.9390249778 55.58325392468 0.0247 0.0243 67.2384 "" "" 2177095287150908416 965.654785 1.0067 0.026 -3.929 -3.764 0.033 0.031 0.991 5385.0 4.2527 15.695053 1.688239 16.501656 14.813417 "" "" 940.57489 987.948669 9929.45322 6.2801 3425.7 13.015 9414.4 19.173 "" "" 0.002839602608317363 0.00497999 0.0043786974 0.009358687 319.9390249778 55.58325392468 965.654785 -3.929 -3.7640000000000002 0.30370750045776385 0.24021953201293966 0.17807662 0.17607664 "" "" 1.7724104658875532 "" 0.31426539906469086 "" 0.8
318.97150108142 53.99359037227 0.0248 0.0271 35.6358 "" "" 2175781920505543936 939.7901 1.0364 0.0295 -4.167 -4.101 0.035 0.032 0.951 5536.9 4.2402 15.729638 1.706016 16.54532 14.839305 "" "" 909.158447 969.094177 9618.1464 5.6928 3290.7 12.826 9192.6 16.458 "" "" 0.002829268210705058 0.0050688614 0.0042499746 0.009318836 318.97150108142 53.99359037227 939.7901 -4.167 -4.101000000000003 0.06570750045776386 -0.09678046798706053 0.18007663 0.17707664 "" "" 0.5210923558655765 "" 0.09276936161075676 "" 0.9
318.65252392349 54.50534069175 0.0263 0.0277 30.9112 "" "" 2176932284549654528 953.798096 1.0103 0.0305 -4.394 -4.041 0.034 0.033 1.041 5927.4 4.1645 15.796985 2.086583 16.867317 14.780734 "" "" 929.994019 978.117798 9039.67867 3.8198 2446.2 5.3907 9702.1 8.3315 "" "" 0.002793255398610842 0.003675565 0.0038926874 0.0075682523 318.65252392349 54.50534069175 953.798096 -4.394000000000002 -4.040999999999999 -0.16129249954223646 -0.036780467987060916 0.17907664 0.17807662 "" "" 0.7479230270278652 "" 0.13389867172226244 "" 0.9
319.17207647561 54.53851234078 0.057 0.0709 13.1591 "" "" 2176185063322581120 878.587036 1.1263 0.0721 -4.351 -4.534 0.072 0.077 2.125 6544.6 4.247 16.02982 2.187397 17.147497 14.9601 "" "" 821.482056 932.903076 7294.89544 6.6217 1889.8 8.9741 8224.7 12.704 "" "" 0.0029262741726723052 0.005862399 0.004134756 0.0099971555 319.17207647561 54.53851234078 878.587036 -4.351 -4.534 -0.1182924995422363 -0.5297804679870604 0.21707663 0.22207662 "" "" 2.2606017707392163 "" 0.501495805146068 "" 0.8
319.62286036781 53.86228837649 0.0339 0.0311 37.5566 "" "" 2176090917637685248 962.513428 1.0209 0.0373 -4.437 -4.25 0.046 0.041 1.066 4716.1 4.19 16.269854 1.781582 17.134527 15.352945 "" "" 930.019836 1004.7713 5847.97161 5.3359 1912.5 9.4546 5727.7 16.735 "" "" 0.00292800376409119 0.006049323 0.0049342685 0.010983592 319.62286036781 53.86228837649 962.513428 -4.437 -4.249999999999998 -0.2042924995422366 -0.24578046798706055 0.19107664 0.18607664 "" "" 1.4581104730630692 "" 0.274322599185889 "" 0.9
319.45688174919 54.45426463457 0.0352 0.035 3.4491 "" "" 2176170529153430272 955.021423 1.0154 0.0387 -4.214 -4.069 0.047 0.048 1.015 6285.4 4.4306 16.338371 1.961463 17.31683 15.355367 "" "" 919.166443 991.804077 5490.3312 7.4407 1616.9 11.277 5714.9 19.486 "" "" 0.003123602913182893 0.008070105 0.0052904305 0.013360536 319.45688174919 54.45426463457 955.021423 -4.2139999999999995 -4.068999999999999 0.01870750045776326 -0.0647804679870605 0.19207662 0.19307664 "" "" 0.3052313089480026 "" 0.058909595918478184 "" 0.8
319.32996297274 54.47766844643 0.0366 0.0399 7.3053 "" "" 2176182280183939712 961.4328 1.0123 0.0416 -4.347 -3.95 0.046 0.047 1.026 6307.4 4.2638 16.42284 2.283458 17.627153 15.343696 "" "" 914.390076 1006.91364 5079.38044 8.7499 1214.9 10.596 5776.7 35.16 "" "" 0.0033301498760256454 0.009871977 0.007612758 0.017484736 319.32996297274 54.47766844643 961.4328 -4.347 -3.95 -0.11429249954223675 0.054219532012939275 0.19107664 0.19207662 "" "" 0.5764898206163149 "" 0.11025986492807201 "" 0.9
320.72072562543 54.59139595635 0.0381 0.0414 41.6143 "" "" 2176230933574348928 875.36322 1.1079 0.0455 -4.342 -3.97 0.049 0.048 1.01 4559.2 4.1745 16.68318 2.264059 17.87689 15.612831 "" "" 844.3125 906.266418 3996.45116 3.443 965.3 8.585 4508.4 12.055 "" "" 0.002909762893888848 0.010051146 0.00476571 0.014816856 320.72072562543 54.59139595635 875.36322 -4.342 -3.970000000000001 -0.10929249954223597 0.03421953201293926 0.19407663 0.19307664 "" "" 0.47518691546793373 "" 0.09218034959300095 "" 0.9
319.28452925662 54.48022959636 0.0457 0.0514 8.8778 "" "" 2176181623042910592 941.247009 1.0423 0.0552 -4.201 -4.008 0.059 0.065 1.091 4819.5 4.3348 16.877106 2.216164 18.014776 15.798613 "" "" 893.841125 997.339111 3342.75398 4.267 850.17 7.3492 3799.4 16.219 "" "" 0.0030842507053120646 0.009791482 0.005980412 0.015771894 319.28452925662 54.48022959636 941.247009 -4.201 -4.008 0.03170750045776405 -0.003780467987060554 0.20407663 0.21007663 "" "" 0.14246530586429676 "" 0.029085994613174116 "" 0.9
318.44821401998 54.12689452151 0.0431 0.0424 43.8531 "" "" 2176543229227134592 897.565735 1.0784 0.0487 -4.443 -4.112 0.057 0.05 0.966 5414.1 4.3929 16.950243 2.326169 18.186142 15.859973 "" "" 860.590881 931.048767 3124.99462 2.9483 726.04 7.236 3590.6 14.455 "" "" 0.0029395704052093607 0.011174808 0.0057783118 0.01695312 318.44821401998 54.12689452151 897.565735 -4.4430000000000005 -4.1119999999999965 -0.21029249954223594 -0.10778046798706065 0.20207663 0.19507663 "" "" 1.0053461481339492 "" 0.20171315137516005 "" 0.8
