Clusters/UBC_133/UBC_133_stars_in_region.tsv
# %ECSV 1.0
# ---
# datatype:
# - name: RA_ICRS_1
#   unit: deg
#   datatype: float64
#   format: '{:15.11f}'
#   description: Right ascension (ICRS) at Ep=2016.0 (ra)
#   meta: !!omap
#   - {ucd: POS_EQ_RA_MAIN}
#   - {width: 15}
#   - {precision: '11'}
# - name: DE_ICRS_1
#   unit: deg
#   datatype: float64
#   format: '{:15.11f}'
#   description: Declination (ICRS) at Ep=2016.0 (dec)
#   meta: !!omap
#   - {ucd: POS_EQ_DEC_MAIN}
#   - {width: 15}
#   - {precision: '11'}
# - name: e_RA_ICRS
#   unit: mas
#   datatype: float64
#   format: '{:7.4f}'
#   description: Standard error of right ascension (ra_error)
#   meta: !!omap
#   - {ucd: ERROR}
#   - {width: 7}
#   - {precision: '4'}
# - name: e_DE_ICRS
#   unit: mas
#   datatype: float64
#   format: '{:7.4f}'
#   description: Standard error of declination (dec_error)
#   meta: !!omap
#   - {ucd: ERROR}
#   - {width: 7}
#   - {precision: '4'}
# - name: _r_1
#   unit: ''
#   datatype: float64
#   format: '{:7.4f}'
#   description: Distance from center (303.72270688000+28.36450600000)[ICRS], at Epoch=J2016.0
#   meta: !!omap
#   - {ucd: POS_ANG_DIST_GENERAL}
#   - {width: 7}
#   - {precision: '4'}
# - name: HIP
#   datatype: int32
#   description: '? HIP cross-id number, van Leeuwen, Cat. I/311 (hip_original_ext_source_id)'
#   meta: !!omap
#   - {ucd: ID_NUMBER}
#   - {width: 6}
#   - values: {'null': -2147483648}
# - name: TYC2
#   datatype: string
#   description: Tycho-2 cross-id name, Hog et al., Cat. I/259 (tyc2_original_ext_source_id)
#   meta: !!omap
#   - {ucd: ID_CROSSID}
#   - {_votable_string_dtype: char}
# - name: Source
#   datatype: int64
#   description: Source identifier, identical to the Gaia-EDR3 source_id (id)
#   meta: !!omap
#   - {ucd: ID_MAIN}
#   - {width: 19}
# - name: rgeo
#   unit: pc
#   datatype: float64
#   format: '{:15.8f}'
#   description: '? Median of the geometric distance posterior (r_med_geo)'
#   meta: !!omap
#   - {ucd: PHYS_DISTANCE_TRUE}
#   - {width: 15}
#   - {precision: '8'}
#   - values: {'null': .nan}
# - name: Plx
#   unit: mas
#   datatype: float64
#   format: '{:9.4f}'
#   description: '? Parallax (parallax)'
#   meta: !!omap
#   - {ucd: POS_PARLX_TRIG}
#   - {width: 9}
#   - {precision: '4'}
#   - values: {'null': .nan}
# - name: e_Plx
#   unit: mas
#   datatype: float32
#   format: '{:7.4f}'
#   description: '? Standard error of parallax (parallax_error)'
#   meta: !!omap
#   - {ucd: ERROR}
#   - {width: 7}
#   - {precision: '4'}
#   - values: {'null': .nan}
# - name: pmRA
#   unit: mas / yr
#   datatype: float64
#   format: '{:9.3f}'
#   description: '? Proper motion in right ascension direction, pmRA*cosDE (pmra)'
#   meta: !!omap
#   - {ucd: POS_EQ_PMRA}
#   - {width: 9}
#   - {precision: '3'}
#   - values: {'null': .nan}
# - name: pmDE
#   unit: mas / yr
#   datatype: float64
#   format: '{:9.3f}'
#   description: '? Proper motion in declination direction (pmdec)'
#   meta: !!omap
#   - {ucd: POS_EQ_PMDEC}
#   - {width: 9}
#   - {precision: '3'}
#   - values: {'null': .nan}
# - name: e_pmRA
#   unit: mas / yr
#   datatype: float32
#   format: '{:6.3f}'
#   description: '? Standard error of proper motion in right ascension direction (pmra_error)'
#   meta: !!omap
#   - {ucd: ERROR}
#   - {width: 6}
#   - {precision: '3'}
#   - values: {'null': .nan}
# - name: e_pmDE
[...]
#         value: !astropy.table.SerializedColumn {name: SkyCoord.dec}
#       distance: !astropy.table.SerializedColumn
#         __class__: astropy.coordinates.distances.Distance
#         unit: !astropy.units.Unit {unit: pc}
#         value: !astropy.table.SerializedColumn {name: SkyCoord.distance}
#       frame: icrs
#       obstime: !astropy.time.Time {format: jyear_str, in_subfmt: '*', jd1: 367701545.0, jd2: 0.0, out_subfmt: '*', precision: 3, scale: tt}
#       pm_dec: !astropy.table.SerializedColumn
#         __class__: astropy.units.quantity.Quantity
#         unit: !astropy.units.Unit {unit: mas / yr}
#         value: !astropy.table.SerializedColumn {name: SkyCoord.pm_dec}
#       pm_ra_cosdec: !astropy.table.SerializedColumn
#         __class__: astropy.units.quantity.Quantity
#         unit: !astropy.units.Unit {unit: mas / yr}
#         value: !astropy.table.SerializedColumn {name: SkyCoord.pm_ra_cosdec}
#       ra: !astropy.table.SerializedColumn
#         __class__: astropy.coordinates.angles.Longitude
#         unit: *id001
#         value: !astropy.table.SerializedColumn {name: SkyCoord.ra}
#         wrap_angle: !astropy.coordinates.Angle
#           unit: *id001
#           value: 360.0
#       representation_type: spherical
# schema: astropy-2.0
RA_ICRS_1 DE_ICRS_1 e_RA_ICRS e_DE_ICRS _r_1 HIP TYC2 Source rgeo Plx e_Plx pmRA pmDE e_pmRA e_pmDE RUWE Teff logg Gmag BP-RP BPmag RPmag RV e_RV b_rgeo B_rgeo FG e_FG FBP e_FBP FRP e_FRP RAVE5 RAVE6 e_Gmag e_BPmag e_RPmag e_BP-RP SkyCoord.ra SkyCoord.dec SkyCoord.distance SkyCoord.pm_ra_cosdec SkyCoord.pm_dec rmRA rmDE e_rmRA e_rmDE rRV e_rRV v_pec v_pec3d e_vpec e_vpec3d
[from data line 266]
303.70309836696 28.20757791755 0.0156 0.0183 9.4725 "" "" 1837019261261113216 1659.50281 0.5734 0.0278 -3.176 -5.859 0.022 0.022 1.027 9240.0 4.1633 15.30892 1.484819 15.982541 14.497723 "" "" 1595.59802 1751.64636 14170.29515 3.4923 5525.9 11.683 12591.0 10.63 "" "" 0.002768282779473268 0.0036130773 0.0038889523 0.0075020296 303.70309836696 28.20757791755 1659.50281 -3.1759999999999975 -5.859000000000003 -2.0451519498825075 -1.161316665649414 0.0906206 0.0906206 "" "" 18.49992869199638 "" 1.6764746322372897 ""
303.63143972376 28.80120401917 0.0172 0.0195 26.6395 "" "" 1837333618505638144 1448.77795 0.6618 0.0268 0.818 -4.101 0.024 0.025 0.974 7906.3 4.0742 15.314069 1.844403 16.216364 14.371961 "" "" 1401.03882 1511.9425 14103.25006 4.4854 4455.2 7.3375 14138.0 13.345 "" "" 0.0027768735716311188 0.0033139926 0.003915868 0.0072298604 303.63143972376 28.80120401917 1448.77795 0.818 -4.101 1.9488480501174927 0.596683334350586 0.0926206 0.0936206 "" "" 13.996372484605283 "" 1.2975578727025776 ""
303.25137243279 28.13421962422 0.0222 0.0295 28.487 "" "" 1837008334863696256 1276.59314 0.7409 0.0392 -7.354 -6.426 0.03 0.036 1.598 7310.6 3.9905 15.317856 2.010481 16.328861 14.31838 41.11 6.12 1214.54504 1343.85254 14054.14934 3.8523 4016.7 8.8523 14853.0 10.845 "" "" 0.0027713458795851163 0.0036756853 0.0038616303 0.0075373156 303.25137243279 28.13421962422 1276.59314 -7.354000000000003 -6.426 -6.223151949882507 -1.7283166656494142 0.0986206 0.1046206 52.434 7.048734 39.0818760929155 65.39661608173621 3.871541517744571 6.106827189180519
303.74519646417 28.12802142579 0.0142 0.0178 14.2388 "" "" 1837017852511802240 1327.96558 0.714 0.0253 -1.625 -7.17 0.02 0.022 0.979 7083.5 3.8197 15.321871 2.173122 16.448538 14.275416 20.36 5.32 1290.33875 1367.32617 14002.2741 3.9262 3597.5 7.6566 15452.0 10.519 "" "" 0.0027720879492917037 0.003622813 0.003850977 0.00747379 303.74519646417 28.12802142579 1327.96558 -1.6250000000000018 -7.17 -0.4941519498825073 -2.472316665649414 0.0886206 0.0906206 31.683999999999997 6.2487345 15.869944589183238 35.43629491444818 1.4369375596371512 5.624004378511987
303.62887801437 28.84719092599 0.0158 0.0193 29.3798 "" "" 1837334305700427136 1777.29004 0.5319 0.0264 -3.122 -7.572 0.022 0.025 0.991 6716.6 3.5797 15.330373 2.318309 16.562778 14.24447 -4.0 4.33 1700.9834 1868.87622 13893.04511 4.5132 3238.2 7.0092 15899.0 9.5695 "" "" 0.0027778031069438883 0.0036480252 0.0038354641 0.0074834893 303.62887801437 28.84719092599 1777.29004 -3.1220000000000008 -7.572000000000005 -1.9911519498825072 -2.874316665649414 0.0906206 0.0936206 7.324 5.258734 29.456804737172007 30.35365416756077 2.7294210421488816 2.9370145911276158
303.6541300102 28.27673856405 0.0151 0.0182 6.3915 "" "" 1837031527687753984 1587.58643 0.6023 0.0272 -1.151 -4.737 0.02 0.023 1.039 8875.0 4.2284 15.332332 1.664996 16.117191 14.452195 "" "" 1494.59229 1678.22668 13868.01136 3.7228 4881.4 8.5788 13130.0 12.363 "" "" 0.0027706928127553122 0.0033802344 0.0039152075 0.007295442 303.6541300102 28.27673856405 1587.58643 -1.1510000000000002 -4.737 -0.020151949882507347 -0.03931666564941416 0.0886206 0.0916206 "" "" 0.33246401429050415 "" 0.030255750466991017 ""
303.82459482467 28.35591476023 0.0151 0.0184 5.4042 "" "" 1837026579885379840 1358.48291 0.7085 0.027 -3.722 -7.039 0.02 0.024 1.019 6512.7 3.9343 15.332558 1.877233 16.255901 14.378668 19.29 12.67 1309.37561 1415.73474 13865.1231 3.5881 4295.9 8.0666 14050.0 10.375 "" "" 0.0027696092532271902 0.0034556454 0.0038634858 0.007319131 303.82459482467 28.35591476023 1358.48291 -3.7219999999999995 -7.039 -2.5911519498825073 -2.3413166656494138 0.0886206 0.0926206 30.613999999999997 13.598734 22.48734797602713 37.98549479728981 2.0337648501400585 11.025686642856167
303.81506817105 28.55894437431 0.0147 0.0188 12.6427 "" "" 1837045031065078656 1428.42932 0.6654 0.0249 -1.103 -4.737 0.021 0.023 1.022 "" "" 15.333563 1.48252 16.01074 14.52822 "" "" 1382.09412 1475.51611 13852.2953 3.2451 5384.2 8.4201 12243.0 8.5834 "" "" 0.002767035055393879 0.0032661937 0.0038552748 0.0071214684 303.81506817105 28.55894437431 1428.42932 -1.1030000000000006 -4.737 0.027848050117492695 -0.03931666564941416 0.0896206 0.0916206 "" "" 0.32621509375062147 "" 0.029671652073423743 ""
304.14501593532 28.33581258147 0.0155 0.0211 22.3658 "" "" 1837117358315797120 1264.85156 0.7566 0.028 -5.373 -11.625 0.022 0.025 1.029 6324.2 4.0005 15.336964 1.830652 16.230864 14.400211 "" "" 1224.65405 1301.03223 13808.97137 3.5651 4396.1 9.4612 13774.0 9.7275 "" "" 0.0027695417819321257 0.0036393977 0.0038563798 0.0074957777 304.14501593532 28.33581258147 1264.85156 -5.372999999999996 -11.624999999999995 -4.2421519498825075 -6.927316665649414 0.0906206 0.0936206 "" "" 48.70076741822631 "" 4.520016558497349 ""
303.763418835 28.40989276712 0.0157 0.0182 3.469 "" "" 1837039430427572992 1416.99207 0.6724 0.0271 3.067 -0.587 0.021 0.023 0.985 7294.2 4.068 15.338614 1.823918 16.22717 14.403253 "" "" 1352.27405 1467.83276 13787.98952 3.7818 4411.1 8.4823 13736.0 10.732 "" "" 0.0027713666512025757 0.003484824 0.0038734125 0.0073582362 303.763418835 28.40989276712 1416.99207 3.0670000000000006 -0.5870000000000002 4.197848050117493 4.110683334350586 0.0896206 0.0916206 "" "" 39.46198493300425 "" 3.5754585190587846 ""
303.75075466209 28.24552424752 0.0157 0.0183 7.291 "" "" 1837019604858488832 1593.20752 0.6002 0.028 -0.909 -2.408 0.022 0.023 1.004 8974.2 4.3725 15.341878 1.488878 16.022083 14.533205 "" "" 1543.05237 1660.61523 13746.61141 3.4544 5328.2 12.053 12186.0 13.172 "" "" 0.0027687955410329364 0.0037171599 0.003957402 0.007674562 303.75075466209 28.24552424752 1593.20752 -0.909 -2.408 0.22184805011749265 2.289683334350586 0.0906206 0.0916206 "" "" 17.372212058436475 "" 1.5914918263868434 ""
303.31409339657 28.18309514274 0.0151 0.0194 24.1802 "" "" 1837008953338981120 1462.27661 0.6342 0.0262 -3.817 -6.956 0.021 0.023 0.965 4925.7 2.3344 15.3494 3.157602 17.228748 14.071146 -12.18 2.56 1403.32275 1518.50793 13651.69458 4.7614 1753.5 7.4653 18651.0 13.928 "" "" 0.0027812205920431155 0.00539921 0.0038653738 0.009264584 303.31409339657 28.18309514274 1462.27661 -3.8169999999999993 -6.955999999999999 -2.6861519498825075 -2.2583166656494145 0.0896206 0.0916206 -0.8559999999999999 3.488734 24.32384626717484 24.33890369817744 2.2001939096561816 2.202253494546543
303.68507754041 28.25405344559 0.0163 0.0196 6.9188 "" "" 1837031287169566080 1481.09229 0.6467 0.0292 -1.556 -8.245 0.022 0.024 1.06 7196.3 3.926 15.35934 1.834153 16.255724 14.421571 "" "" 1429.46448 1553.27136 13527.29345 3.4533 4296.6 8.136 13506.0 10.013 "" "" 0.0027692260900416673 0.0034658238 0.0038641493 0.0073299734 303.68507754041 28.25405344559 1481.09229 -1.555999999999997 -8.245000000000001 -0.4251519498825074 -3.5473166656494133 0.0906206 0.0926206 "" "" 25.08172652170049 "" 2.322381665441286 ""
303.72564088318 28.67972737948 0.0161 0.0206 18.9139 "" "" 1837328292746108800 1454.62866 0.6568 0.0266 -2.94 -7.484 0.022 0.025 1.052 6687.8 3.7672 15.361583 1.898666 16.290136 14.39147 18.26 5.77 1408.0675 1504.85999 13499.37914 3.6221 4162.6 9.6515 13886.0 16.014 "" "" 0.0027706780765354246 0.0037579802 0.0039813993 0.0077393795 303.72564088318 28.67972737948 1454.62866 -2.9399999999999986 -7.48399999999999 -1.8091519498825073 -2.786316665649414 0.0906206 0.0936206 29.584000000000003 6.6987343 22.905931765715437 37.4151675935791 2.1243198514537402 5.4539861608185864
303.81129226305 28.38958271017 0.0162 0.0196 4.9125 "" "" 1837038433995132416 1286.84839 0.7471 0.0286 -6.819 -6.285 0.022 0.025 1.07 6783.1 3.9531 15.363716 1.868731 16.282303 14.413571 "" "" 1229.13379 1331.31519 13472.87824 3.7268 4192.7 8.7098 13606.0 9.4659 "" "" 0.002771639955448499 0.0035877891 0.0038541276 0.0074419165 303.81129226305 28.38958271017 1286.84839 -6.819000000000001 -6.285 -5.688151949882507 -1.5873166656494142 0.0906206 0.0936206 "" "" 36.02140382836033 "" 3.2722080886303826 ""
303.55685477194 28.18919523621 0.0182 0.0214 13.691 "" "" 1837029328664643072 1797.97144 0.5278 0.0309 -0.984 -4.657 0.024 0.027 1.134 "" "" 15.364758 1.562319 16.085266 14.522947 "" "" 1714.37305 1896.3844 13459.95957 3.4691 5027.0 7.8938 12302.0 12.421 "" "" 0.002769493699772894 0.0032698268 0.003935158 0.0072049843 303.55685477194 28.18919523621 1797.97144 -0.984 -4.657 0.1468480501174927 0.04068333435058591 0.0926206 0.0956206 "" "" 1.2986359109871124 "" 0.12056230875926939 ""
304.09495681217 28.62159372065 0.0159 0.0219 24.9652 "" "" 1837125570293612288 1629.63025 0.5835 0.0281 -5.743 -9.317 0.023 0.028 1.018 6929.4 3.8719 15.364967 2.118628 16.453146 14.334518 -19.3 19.67 1553.50159 1712.51697 13457.35668 5.2823 3582.3 8.3557 14634.0 13.216 "" "" 0.0027880843300984413 0.0037680867 0.003904506 0.007672593 304.09495681217 28.62159372065 1629.63025 -5.743 -9.317 -4.612151949882508 -4.619316665649414 0.0916206 0.096620604 -7.976000000000001 20.598734 50.42238101849823 51.04932010883799 4.74765433931715 5.687519608996329
303.40096199258 28.437503162 0.0435 0.0554 17.5369 "" "" 1837224457614691328 1818.16748 0.545 0.0755 6.478 3.771 0.056 0.062 2.653 5586.2 3.3356 15.366228 1.238124 15.873004 14.63488 "" "" 1624.46521 2085.28271 13441.73906 8.2826 6112.5 9.3739 11097.0 10.543 "" "" 0.0028353782537075003 0.0032492185 0.003917625 0.007166844 303.40096199258 28.437503162 1818.16748 6.477999999999997 3.771 7.608848050117492 8.468683334350587 0.1246206 0.1306206 "" "" 98.11531149030814 "" 12.556339944619094 ""
303.58843786403 28.0592772252 0.0144 0.0184 19.6415 "" "" 1836993147859201152 1430.63623 0.6697 0.026 -0.926 -5.6 0.02 0.023 1.045 7487.7 3.9543 15.366836 1.843067 16.265282 14.422215 "" "" 1383.83936 1483.54395 13434.22452 4.5431 4259.0 7.5925 13498.0 12.205 "" "" 0.002779676458628829 0.0033957844 0.0039048076 0.007300592 303.58843786403 28.0592772252 1430.63623 -0.926 -5.6 0.20484805011749263 -0.9023166656494137 0.0886206 0.0916206 "" "" 6.274505006659475 "" 0.5739656969257089 ""
303.73234753968 28.34056289391 0.0185 0.0213 1.5241 "" "" 1837038021679260672 1280.23889 0.7482 0.0317 -1.507 -4.884 0.026 0.029 1.128 9243.7 4.3199 15.367419 1.625508 16.127686 14.502177 53.3 5.11 1236.20654 1333.8905 13427.00284 3.3229 4834.4 8.4822 12540.0 10.295 "" "" 0.0027683907548653706 0.0033784602 0.0038830722 0.0072615324 303.73234753968 28.34056289391 1280.23889 -1.5069999999999997 -4.884 -0.3761519498825072 -0.1863166656494144 0.0946206 0.0976206 64.624 6.0387344 2.547284612758908 64.6741836817319 0.24255016141049685 6.0340562658502614
303.71071972553 28.32109820542 0.0162 0.0192 2.6803 "" "" 1837032111803296512 1612.10608 0.5861 0.0292 -0.295 -7.088 0.021 0.025 1.063 5530.6 3.399 15.367472 2.114202 16.449123 14.334922 -18.58 7.49 1511.89905 1705.01099 13426.34766 7.0271 3595.6 9.5947 14628.0 20.703 "" "" 0.002813308033420421 0.004022318 0.004079828 0.008102146 303.71071972553 28.32109820542 1612.10608 -0.29499999999999926 -7.087999999999997 0.8358480501174927 -2.390316665649414 0.0896206 0.0936206 -7.2559999999999985 8.418734 19.34983983493718 20.665571311670085 1.8032718663269247 3.404192153525352
303.53005465971 28.3394318522 0.0157 0.0184 10.2832 "" "" 1837036544209614976 1826.60742 0.5112 0.0265 -2.166 -4.639 0.021 0.022 0.957 "" "" 15.367814 2.129266 16.459787 14.330522 22.95 7.38 1764.56775 1905.60022 13422.11952 3.8063 3560.4 8.1781 14688.0 11.342 "" "" 0.0027724700712448563 0.0037422657 0.0038712583 0.007613524 303.53005465971 28.3394318522 1826.60742 -2.1660000000000004 -4.639000000000001 -1.0351519498825072 0.0586833343505857 0.0896206 0.0906206 34.274 8.308734 8.97685926381591 35.43008718931351 0.804540409892969 8.040203622159943
304.02309660238 28.03528057529 0.0145 0.0201 25.3477 "" "" 1836968718084478976 1753.81384 0.5362 0.028 -0.422 -2.157 0.021 0.025 0.931 8089.7 4.1982 15.373941 1.584395 16.111595 14.5272 "" "" 1681.19116 1821.89368 13346.5858 3.1607 4906.6 8.6965 12254.0 8.5504 "" "" 0.0027672911974205407 0.0033894307 0.0038545642 0.0072439946 304.02309660238 28.03528057529 1753.81384 -0.42199999999999993 -2.1569999999999996 0.7088480501174927 2.540683334350586 0.0896206 0.0936206 "" "" 21.927524667669896 "" 2.0466595840332533 ""
303.78357395705 28.53283045931 0.0161 0.02 10.5976 "" "" 1837044859266388736 1432.57642 0.6622 0.0271 -1.367 -3.667 0.023 0.026 1.079 7155.7 4.054 15.376088 1.718839 16.193148 14.474309 "" "" 1364.93335 1479.2157 13320.22057 3.3291 4551.5 7.2128 12866.0 9.8439 "" "" 0.0027686501366434683 0.003278022 0.0038695997 0.0071476214 303.78357395705 28.53283045931 1432.57642 -1.367 -3.667 -0.23615194988250732 1.0306833343505861 0.0916206 0.0946206 "" "" 7.180121268034819 "" 0.6783291963789253 ""
303.6948271083 28.28686880471 0.0165 0.0192 4.8854 "" "" 1837031905644861440 1640.05945 0.5848 0.0286 -1.099 -4.765 0.022 0.024 1.062 8388.3 4.2913 15.390388 1.558661 16.111607 14.552946 "" "" 1560.68066 1736.18164 13145.94506 3.4738 4906.5 9.4653 11967.0 11.255 "" "" 0.0027702172431968665 0.003488855 0.003914901 0.007403756 303.6948271083 28.28686880471 1640.05945 -1.099 -4.765000000000001 0.0318480501174927 -0.06731666564941374 0.0906206 0.0926206 "" "" 0.5789236322871274 "" 0.05341036485063427 ""
303.96093181803 28.35457896321 0.0157 0.0199 12.5921 "" "" 1837027267080295936 1513.54321 0.6416 0.0286 -1.173 -4.675 0.022 0.025 0.994 "" "" 15.392707 1.594626 16.133406 14.53878 "" "" 1443.61804 1591.03955 13117.88476 3.2856 4809.0 9.178 12124.0 8.8725 "" "" 0.0027687075457023145 0.0034754544 0.0038620003 0.0073374547 303.96093181803 28.35457896321 1513.54321 -1.1730000000000007 -4.675 -0.04215194988250737 0.022683334350586115 0.0906206 0.0936206 "" "" 0.3434124923914721 "" 0.03135454106536987 ""
303.69932782543 28.03102908562 0.0142 0.0182 20.0468 "" "" 1837012458032870272 1284.1759 0.7484 0.0258 -2.002 -5.652 0.02 0.023 1.003 7441.4 4.2471 15.393641 1.860876 16.306248 14.445372 "" "" 1247.74463 1330.49304 13106.6022 3.4785 4101.3 7.877 13213.0 9.3079 "" "" 0.0027703470391780474 0.0034833068 0.0038559977 0.0073393043 303.69932782543 28.03102908562 1284.1759 -2.002 -5.652 -0.8711519498825071 -0.9543166656494142 0.0886206 0.0916206 "" "" 7.865248686608174 "" 0.7099909162417541 ""
303.50463875812 28.63184689361 0.0185 0.0247 19.7362 "" "" 1837236449163570688 1510.67786 0.6148 0.0325 -2.358 -7.007 0.026 0.034 1.273 5192.7 2.9165 15.39494 2.453972 16.72076 14.266789 37.96 4.56 1436.59351 1579.63293 13090.93454 4.3729 2799.7 6.7348 15576.0 12.788 "" "" 0.0027790872487067544 0.0038218414 0.0038830806 0.007704922 303.50463875812 28.63184689361 1510.67786 -2.3580000000000005 -7.007 -1.2271519498825074 -2.3093166656494137 0.0946206 0.1026206 49.284 5.4887342 18.7258524983669 52.72162941137721 1.8896909427044237 5.174564230353842
303.37469860739 28.435449082 0.0177 0.022 18.8543 "" "" 1837224388895222016 1382.13416 0.6844 0.0308 -6.238 -8.361 0.024 0.026 1.09 6687.6 3.7516 15.40027 2.230132 16.566465 14.336333 31.76 5.79 1329.36877 1434.06201 13026.82497 4.722 3227.2 8.8317 14609.0 15.62 "" "" 0.00278328572494197 0.0040759686 0.0039536506 0.008029619 303.37469860739 28.435449082 1382.13416 -6.2379999999999995 -8.361 -5.107151949882508 -3.6633166656494147 0.0926206 0.0946206 43.084 6.7187343 41.17588833042072 59.59601358983063 3.8419098479584948 5.535203271845131
303.99180542428 28.65127604898 0.0159 0.0206 22.3015 "" "" 1837137939799433984 1301.29089 0.7341 0.0287 2.241 -0.541 0.024 0.027 0.989 6114.3 3.6785 15.423019 1.989402 16.421309 14.431907 "" "" 1249.66406 1352.5249 12756.71412 4.0066 3688.9 6.0889 13378.0 9.0192 "" "" 0.0027763418739802045 0.003316132 0.003849614 0.007165746 303.99180542428 28.65127604898 1301.29089 2.241 -0.541 3.371848050117493 4.156683334350586 0.0926206 0.0956206 "" "" 33.01377235492297 "" 3.1178664909104423 ""
