Clusters/UBC_133/UBC_133_stars_in_region.tsv
# %ECSV 1.0
# ---
# datatype:
# - name: RA_ICRS_1
#   unit: deg
#   datatype: float64
#   format: '{:15.11f}'
#   description: Right ascension (ICRS) at Ep=2016.0 (ra)
#   meta: !!omap
#   - {ucd: POS_EQ_RA_MAIN}
#   - {width: 15}
#   - {precision: '11'}
# - name: DE_ICRS_1
#   unit: deg
#   datatype: float64
#   format: '{:15.11f}'
#   description: Declination (ICRS) at Ep=2016.0 (dec)
#   meta: !!omap
#   - {ucd: POS_EQ_DEC_MAIN}
#   - {width: 15}
#   - {precision: '11'}
# - name: e_RA_ICRS
#   unit: mas
#   datatype: float64
#   format: '{:7.4f}'
#   description: Standard error of right ascension (ra_error)
#   meta: !!omap
#   - {ucd: ERROR}
#   - {width: 7}
#   - {precision: '4'}
# - name: e_DE_ICRS
#   unit: mas
#   datatype: float64
#   format: '{:7.4f}'
#   description: Standard error of declination (dec_error)
#   meta: !!omap
#   - {ucd: ERROR}
#   - {width: 7}
#   - {precision: '4'}
# - name: _r_1
#   unit: ''
#   datatype: float64
#   format: '{:7.4f}'
#   description: Distance from center (303.72270688000+28.36450600000)[ICRS], at Epoch=J2016.0
#   meta: !!omap
#   - {ucd: POS_ANG_DIST_GENERAL}
#   - {width: 7}
#   - {precision: '4'}
# - name: HIP
#   datatype: int32
#   description: '? HIP cross-id number, van Leeuwen, Cat. I/311 (hip_original_ext_source_id)'
#   meta: !!omap
#   - {ucd: ID_NUMBER}
#   - {width: 6}
#   - values: {'null': -2147483648}
# - name: TYC2
#   datatype: string
#   description: Tycho-2 cross-id name, Hog et al., Cat. I/259 (tyc2_original_ext_source_id)
#   meta: !!omap
#   - {ucd: ID_CROSSID}
#   - {_votable_string_dtype: char}
# - name: Source
#   datatype: int64
#   description: Source identifier, identical to the Gaia-EDR3 source_id (id)
#   meta: !!omap
#   - {ucd: ID_MAIN}
#   - {width: 19}
# - name: rgeo
#   unit: pc
#   datatype: float64
#   format: '{:15.8f}'
#   description: '? Median of the geometric distance posterior (r_med_geo)'
#   meta: !!omap
#   - {ucd: PHYS_DISTANCE_TRUE}
#   - {width: 15}
#   - {precision: '8'}
#   - values: {'null': .nan}
# - name: Plx
#   unit: mas
#   datatype: float64
#   format: '{:9.4f}'
#   description: '? Parallax (parallax)'
#   meta: !!omap
#   - {ucd: POS_PARLX_TRIG}
#   - {width: 9}
#   - {precision: '4'}
#   - values: {'null': .nan}
# - name: e_Plx
#   unit: mas
#   datatype: float32
#   format: '{:7.4f}'
#   description: '? Standard error of parallax (parallax_error)'
#   meta: !!omap
#   - {ucd: ERROR}
#   - {width: 7}
#   - {precision: '4'}
#   - values: {'null': .nan}
# - name: pmRA
#   unit: mas / yr
#   datatype: float64
#   format: '{:9.3f}'
#   description: '? Proper motion in right ascension direction, pmRA*cosDE (pmra)'
#   meta: !!omap
#   - {ucd: POS_EQ_PMRA}
#   - {width: 9}
#   - {precision: '3'}
#   - values: {'null': .nan}
# - name: pmDE
#   unit: mas / yr
#   datatype: float64
#   format: '{:9.3f}'
#   description: '? Proper motion in declination direction (pmdec)'
#   meta: !!omap
#   - {ucd: POS_EQ_PMDEC}
#   - {width: 9}
#   - {precision: '3'}
#   - values: {'null': .nan}
# - name: e_pmRA
#   unit: mas / yr
#   datatype: float32
#   format: '{:6.3f}'
#   description: '? Standard error of proper motion in right ascension direction (pmra_error)'
#   meta: !!omap
#   - {ucd: ERROR}
#   - {width: 6}
#   - {precision: '3'}
#   - values: {'null': .nan}
# - name: e_pmDE
[...]
#         value: !astropy.table.SerializedColumn {name: SkyCoord.dec}
#       distance: !astropy.table.SerializedColumn
#         __class__: astropy.coordinates.distances.Distance
#         unit: !astropy.units.Unit {unit: pc}
#         value: !astropy.table.SerializedColumn {name: SkyCoord.distance}
#       frame: icrs
#       obstime: !astropy.time.Time {format: jyear_str, in_subfmt: '*', jd1: 367701545.0, jd2: 0.0, out_subfmt: '*', precision: 3, scale: tt}
#       pm_dec: !astropy.table.SerializedColumn
#         __class__: astropy.units.quantity.Quantity
#         unit: !astropy.units.Unit {unit: mas / yr}
#         value: !astropy.table.SerializedColumn {name: SkyCoord.pm_dec}
#       pm_ra_cosdec: !astropy.table.SerializedColumn
#         __class__: astropy.units.quantity.Quantity
#         unit: !astropy.units.Unit {unit: mas / yr}
#         value: !astropy.table.SerializedColumn {name: SkyCoord.pm_ra_cosdec}
#       ra: !astropy.table.SerializedColumn
#         __class__: astropy.coordinates.angles.Longitude
#         unit: *id001
#         value: !astropy.table.SerializedColumn {name: SkyCoord.ra}
#         wrap_angle: !astropy.coordinates.Angle
#           unit: *id001
#           value: 360.0
#       representation_type: spherical
# schema: astropy-2.0
RA_ICRS_1 DE_ICRS_1 e_RA_ICRS e_DE_ICRS _r_1 HIP TYC2 Source rgeo Plx e_Plx pmRA pmDE e_pmRA e_pmDE RUWE Teff logg Gmag BP-RP BPmag RPmag RV e_RV b_rgeo B_rgeo FG e_FG FBP e_FBP FRP e_FRP RAVE5 RAVE6 e_Gmag e_BPmag e_RPmag e_BP-RP SkyCoord.ra SkyCoord.dec SkyCoord.distance SkyCoord.pm_ra_cosdec SkyCoord.pm_dec rmRA rmDE e_rmRA e_rmDE rRV e_rRV v_pec v_pec3d e_vpec e_vpec3d
[from data line 391]
303.8130683626 28.2953555395 0.0193 0.0225 6.3237 "" "" 1837025785304709504 1445.76965 0.6625 0.0347 -1.087 -4.787 0.026 0.03 0.978 7634.5 4.1489 15.779968 1.724212 16.598276 14.874064 "" "" 1377.00793 1530.86987 9182.46573 3.1205 3134.1 7.1348 8902.9 10.944 "" "" 0.0027799149440025364 0.003727503 0.0040081204 0.007735623 303.8130683626 28.2953555395 1445.76965 -1.0870000000000002 -4.787 0.04384805011749271 -0.08931666564941398 0.0946206 0.0986206 "" "" 0.6818638033570691 "" 0.06672485673177021 ""
303.40552225757 28.33175710298 0.0188 0.0238 16.8637 "" "" 1837222567829054720 1434.20105 0.6743 0.0325 -2.103 -6.998 0.025 0.03 1.034 6457.4 3.8067 15.781078 1.83742 16.682087 14.844667 "" "" 1372.03723 1488.62781 9173.08187 2.8922 2901.2 7.9966 9147.3 9.0743 "" "" 0.002776504119027925 0.004091557 0.0039298614 0.008021418 303.40552225757 28.33175710298 1434.20105 -2.1029999999999993 -6.997999999999998 -0.9721519498825075 -2.3003166656494143 0.0936206 0.0986206 "" "" 16.97696685383435 "" 1.661694078533028 ""
303.79425525531 28.17368740568 0.0191 0.0221 12.0573 "" "" 1837018402267801728 1432.81885 0.6712 0.0335 0.019 -6.431 0.027 0.029 0.983 6373.4 3.9125 15.784596 2.019235 16.801662 14.782428 "" "" 1367.53442 1515.54358 9143.41168 2.9563 2598.7 7.1036 9686.9 11.259 "" "" 0.0027775930204886326 0.0040734964 0.003984498 0.008057995 303.79425525531 28.17368740568 1432.81885 0.019000000000000128 -6.431 1.1498480501174926 -1.7333166656494141 0.0956206 0.0976206 "" "" 14.126671597962845 "" 1.370481993757138 ""
303.83489407304 28.56163718484 0.0181 0.0231 13.2256 "" "" 1837138798792579456 1485.38928 0.6471 0.0302 -1.144 -4.572 0.026 0.029 0.998 7751.6 4.3176 15.790095 1.646981 16.565649 14.918668 "" "" 1420.94812 1559.6333 9097.22063 2.7195 3229.7 10.958 8544.6 9.8237 "" "" 0.002774370790762456 0.004621176 0.003980188 0.008601364 303.83489407304 28.56163718484 1485.38928 -1.144 -4.572 -0.01315194988250723 0.12568333435058587 0.0946206 0.0976206 "" "" 0.8897361116405541 "" 0.08682809977807784 ""
304.22074780252 28.39699626613 0.0195 0.0244 26.363 "" "" 1837072209618032896 1437.19678 0.6608 0.0349 -3.108 -5.11 0.027 0.03 1.006 6333.4 3.9768 15.792725 1.768104 16.646927 14.878823 "" "" 1372.75122 1516.24512 9075.21608 2.8061 2996.7 7.1018 8864.0 9.6051 "" "" 0.0027756969948926893 0.0037954806 0.003958271 0.0077537512 304.22074780252 28.39699626613 1437.19678 -3.1080000000000014 -5.109999999999999 -1.9771519498825074 -0.4123166656494144 0.0956206 0.0986206 "" "" 13.75873827402569 "" 1.3173649257425475 ""
303.98154543987 28.66363502226 0.0185 0.0234 22.5466 "" "" 1837138523914990208 1719.0188 0.544 0.0312 -3.133 -7.458 0.028 0.03 0.987 7481.7 4.1159 15.793199 1.797671 16.662382 14.864711 "" "" 1621.10999 1801.03003 9071.25382 2.5323 2954.4 7.0788 8980.0 9.1439 "" "" 0.002771940327071148 0.0038147825 0.0039377627 0.007752545 303.98154543987 28.66363502226 1719.0188 -3.133 -7.458 -2.0021519498825073 -2.7603166656494142 0.096620604 0.0986206 "" "" 27.785021834698362 "" 2.7211465967034743 ""
303.80343427905 28.72655866811 0.0191 0.0237 22.1359 "" "" 1837328876861674368 1401.98853 0.6782 0.0312 -0.984 -4.632 0.026 0.03 0.993 7346.8 4.3232 15.794168 1.851655 16.705385 14.85373 "" "" 1343.83899 1472.30969 9063.15094 2.6979 2839.6 8.3286 9071.2 11.027 "" "" 0.0027742111389315077 0.0042339093 0.004003207 0.008237116 303.80343427905 28.72655866811 1401.98853 -0.9839999999999998 -4.632000000000002 0.1468480501174927 0.06568333435058626 0.0946206 0.0986206 "" "" 1.0690391564090755 "" 0.10187848428857192 ""
304.21347799783 28.37929261825 0.0187 0.0239 25.9244 "" "" 1837072106538559104 1814.22473 0.5262 0.0322 -1.092 -3.298 0.026 0.03 1.039 6674.3 3.9595 15.798884 1.840071 16.69721 14.85714 "" "" 1714.20801 1912.25903 9023.87698 2.651 2861.1 6.3891 9042.8 8.9895 "" "" 0.0027737207976590403 0.003696415 0.003930483 0.007626898 304.21347799783 28.37929261825 1814.22473 -1.0919999999999999 -3.298000000000001 0.038848050117492594 1.399683334350586 0.0946206 0.0986206 "" "" 12.041107322974291 "" 1.187464918049097 ""
303.27138516211 28.30434194401 0.0228 0.0302 24.1068 "" "" 1837199684246964480 1259.47058 0.7509 0.0405 -1.642 -5.246 0.031 0.035 1.068 "" "" 15.806145 1.997678 16.803679 14.806001 "" "" 1194.93616 1331.07886 8963.72936 3.0053 2593.9 9.5751 9478.9 9.0943 "" "" 0.002779262282051069 0.0048834546 0.00392031 0.008803764 303.27138516211 28.30434194401 1259.47058 -1.6419999999999995 -5.246000000000004 -0.5111519498825072 -0.5483166656494145 0.099620596 0.1036206 "" "" 4.475138750745355 "" 0.4554809541257988 ""
303.70344016979 28.46175061003 0.0194 0.0226 5.9226 "" "" 1837042900761309824 1631.60327 0.5807 0.0315 -0.734 -4.494 0.027 0.031 0.988 8505.5 4.4025 15.821036 1.758669 16.665203 14.906534 "" "" 1525.98706 1724.94983 8841.62784 2.7204 2946.7 7.2744 8640.6 8.1419 "" "" 0.0027754973740333603 0.0038689957 0.003915406 0.0077844015 303.70344016979 28.46175061003 1631.60327 -0.7339999999999982 -4.494 0.3968480501174927 0.20368333435058616 0.0956206 0.099620596 "" "" 3.4497884684573448 "" 0.33279522455381394 ""
303.71101736901 28.37820861591 0.0185 0.0227 1.028 "" "" 1837038949391247104 1420.48022 0.6838 0.0323 -2.522 -5.719 0.025 0.03 1.042 7347.6 3.9982 15.821749 1.885073 16.753252 14.868179 "" "" 1361.88135 1485.1731 8835.82972 4.3702 2717.2 8.9456 8951.3 11.725 "" "" 0.00280716293514108 0.0045345244 0.004038105 0.008572629 303.71101736901 28.37820861591 1420.48022 -2.5219999999999994 -5.719000000000003 -1.3911519498825071 -1.0213166656494144 0.0936206 0.0986206 "" "" 11.619954370404493 "" 1.1085612296570655 ""
303.76444567065 28.33402663988 0.019 0.0222 2.8639 "" "" 1837037849879584640 1581.93701 0.5917 0.0328 -1.171 -4.722 0.026 0.03 1.002 7314.1 4.0307 15.82212 1.686575 16.596485 14.90991 "" "" 1497.16663 1678.99341 8832.81161 2.7532 3139.2 11.112 8613.8 37.848 "" "" 0.002776026157787082 0.004749268 0.006086238 0.010835506 303.76444567065 28.33402663988 1581.93701 -1.171 -4.722 -0.040151949882507365 -0.02431666564941448 0.0946206 0.0986206 "" "" 0.3519832658816877 "" 0.033688461510675706 ""
303.76215590813 28.46445959853 0.0193 0.0226 6.3483 "" "" 1837041285853594240 1560.14819 0.6076 0.0321 0.262 -5.389 0.027 0.03 0.946 5259.0 4.0864 15.825867 1.897642 16.76765 14.870008 "" "" 1491.13 1642.68665 8802.37844 2.6481 2681.4 6.4255 8936.2 8.0943 "" "" 0.0027746130934468405 0.003815007 0.0039052393 0.007720246 303.76215590813 28.46445959853 1560.14819 0.26199999999999846 -5.388999999999999 1.3928480501174927 -0.6913166656494143 0.0956206 0.0986206 "" "" 11.499192662515883 "" 1.1064636332251652 ""
303.83893963109 28.59760813518 0.0194 0.0242 15.2705 "" "" 1837139211109713792 1430.67981 0.6725 0.0324 0.366 -5.238 0.028 0.03 1.042 7720.8 4.3919 15.826452 1.697044 16.632935 14.93589 "" "" 1373.82898 1518.05005 8797.62942 2.6544 3035.6 6.44 8410.1 7.7055 "" "" 0.002774725544288083 0.0036180946 0.003908107 0.0075262017 303.83893963109 28.59760813518 1430.67981 0.3659999999999999 -5.237999999999999 1.4968480501174928 -0.5403166656494145 0.096620604 0.0986206 "" "" 10.79183234699942 "" 1.0452242183273068 ""
303.31485162337 28.16690412268 0.0193 0.0255 24.5991 "" "" 1837008712820809600 1309.99292 0.7346 0.0341 -5.683 -8.137 0.026 0.03 1.109 6236.5 3.847 15.835233 2.171783 16.9634 14.791616 "" "" 1260.78735 1360.63147 8726.77241 2.8284 2239.0 8.4303 9605.3 10.061 "" "" 0.0027777002311039733 0.0049494416 0.003946778 0.00889622 303.31485162337 28.16690412268 1309.99292 -5.683 -8.137 -4.552151949882507 -3.4393166656494145 0.0946206 0.0986206 "" "" 35.4265913436765 "" 3.404263247661569 ""
303.78789028112 27.89475566262 0.0177 0.0217 28.3953 "" "" 1836939718464179328 1532.07837 0.625 0.0299 -5.307 -10.393 0.024 0.027 0.991 7084.3 4.026 15.836313 1.979734 16.831196 14.851462 "" "" 1458.35852 1603.5979 8718.09167 2.8093 2528.9 7.5189 9090.2 8.9149 "" "" 0.00277744400345287 0.0042668115 0.003926515 0.008193327 303.78789028112 27.89475566262 1532.07837 -5.307000000000001 -10.393000000000004 -4.176151949882508 -5.695316665649415 0.0926206 0.0956206 "" "" 51.28719524549203 "" 4.850867154394197 ""
304.01458723771 28.50384861827 0.0201 0.0253 17.5232 "" "" 1837123057719511296 1566.40112 0.6019 0.0355 1.742 0.048 0.028 0.033 1.025 5320.3 3.614 15.840226 2.225364 16.996637 14.771274 "" "" 1484.98364 1640.40247 8686.72868 2.993 2171.5 8.3011 9787.0 12.439 "" "" 0.0027805991920303265 0.005001167 0.0040234267 0.009024594 304.01458723771 28.50384861827 1566.40112 1.742 0.0480000000000003 2.8728480501174927 4.745683334350586 0.096620604 0.1016206 "" "" 41.188759088482705 "" 4.131403436334829 ""
304.12752810151 28.04036142021 0.0188 0.0256 28.9215 "" "" 1836968133968858624 1349.44031 0.7101 0.0361 -7.036 -7.424 0.026 0.033 1.019 5813.5 3.9036 15.842383 1.945423 16.81376 14.868338 "" "" 1289.53442 1415.07947 8669.4836 2.658 2569.9 6.8239 8950.0 8.5384 "" "" 0.0027753554099923445 0.004012055 0.003918752 0.007930808 304.12752810151 28.04036142021 1349.44031 -7.035999999999998 -7.424000000000001 -5.905151949882507 -2.7263166656494144 0.0946206 0.1016206 "" "" 41.60263109615066 "" 3.989173201152494 ""
303.34593784099 28.26999097726 0.0188 0.0237 20.6932 "" "" 1837198790889614208 1559.29785 0.6171 0.0339 -4.738 -2.487 0.025 0.029 1.02 5003.8 3.473 15.845846 2.141845 16.953398 14.811553 "" "" 1477.44446 1637.36035 8641.87913 2.7661 2259.7 8.1849 9430.5 8.9095 "" "" 0.0027771499550049146 0.004821919 0.003916107 0.008738026 303.34593784099 28.26999097726 1559.29785 -4.738000000000001 -2.487 -3.6071519498825078 2.210683334350586 0.0936206 0.0976206 "" "" 31.269270802338415 "" 2.9621235817203053 ""
303.80938873748 28.32928926285 0.0194 0.0242 5.0414 "" "" 1837026442446424320 1310.67969 0.7285 0.0349 4.16 -0.369 0.026 0.032 0.964 7303.7 4.1073 15.847001 1.727683 16.669476 14.941793 "" "" 1259.68127 1375.81873 8632.69179 2.8926 2935.1 7.9582 8364.5 8.1628 "" "" 0.0027792340913486507 0.004056023 0.0039250967 0.00798112 303.80938873748 28.32928926285 1310.67969 4.159999999999998 -0.3689999999999998 5.290848050117493 4.328683334350586 0.0946206 0.1006206 "" "" 42.46933514951676 "" 4.122539185585501 ""
303.99563133492 28.42084762276 0.0202 0.0244 14.797 "" "" 1837121515844163328 1596.57422 0.5981 0.0348 -1.133 -4.68 0.028 0.032 1.021 8161.5 3.6586 15.849635 1.937593 16.809914 14.87232 "" "" 1518.31445 1699.92493 8611.77609 3.2822 2579.0 8.5095 8917.2 9.4999 "" "" 0.0027862205033611846 0.004540794 0.0039524226 0.008493217 303.99563133492 28.42084762276 1596.57422 -1.133 -4.68 -0.0021519498825073313 0.01768333435058622 0.096620604 0.1006206 "" "" 0.13481053819351574 "" 0.013557001863198784 ""
304.1128000084 28.02980923657 0.0183 0.0244 28.7887 "" "" 1836968168328602496 1546.73828 0.6182 0.0342 -1.336 -4.485 0.026 0.03 0.996 7275.5 4.2215 15.851023 1.697459 16.660873 14.963414 "" "" 1472.3407 1658.10449 8600.77874 2.4917 2958.5 5.7142 8199.6 8.6312 "" "" 0.002773216133686842 0.0034903658 0.0039484063 0.0074387724 304.1128000084 28.02980923657 1546.73828 -1.3360000000000005 -4.484999999999999 -0.2051519498825074 0.21268333435058562 0.0946206 0.0986206 "" "" 2.166485701667016 "" 0.20952804957145946 ""
303.46158911767 28.80877044256 0.0209 0.0251 29.9965 "" "" 1837252289003223168 1270.60693 0.7547 0.0351 8.468 -3.506 0.029 0.036 1.045 5686.3 4.0835 15.851411 2.00987 16.865917 14.856048 "" "" 1225.63696 1328.77563 8597.70584 2.9573 2449.3 6.1514 9051.9 8.5267 "" "" 0.0027805138503781 0.0039013573 0.003915319 0.007816676 303.46158911767 28.80877044256 1270.60693 8.467999999999998 -3.5060000000000024 9.598848050117493 1.1916833343505862 0.0976206 0.1046206 "" "" 58.25457120431219 "" 5.693254132129791 ""
303.97949084304 28.77960812544 0.0198 0.0249 28.3442 "" "" 1837148728757151872 1265.76294 0.7591 0.0333 0.395 -8.621 0.027 0.032 1.003 4693.8 3.0757 15.853838 2.480912 17.207695 14.726783 "" "" 1216.52197 1327.09607 8578.50041 3.057 1787.9 7.2772 10196.0 8.7466 "" "" 0.002782352898229643 0.005226331 0.003892457 0.009118788 303.97949084304 28.77960812544 1265.76294 0.39500000000000113 -8.621000000000002 1.5258480501174927 -3.9233166656494145 0.0956206 0.1006206 "" "" 25.256330184996862 "" 2.525076018106832 ""
303.7129308698 28.29071199675 0.0198 0.0246 4.4576 "" "" 1837031802565640832 1562.99609 0.6054 0.036 -0.96 -4.981 0.027 0.033 1.079 6630.5 3.8669 15.856572 1.824372 16.74471 14.920339 "" "" 1488.05261 1653.41785 8556.92558 3.4549 2738.6 8.3485 8531.4 9.738 "" "" 0.0027899746816305608 0.0043289657 0.0039773826 0.008306349 303.7129308698 28.29071199675 1562.99609 -0.9600000000000006 -4.981 0.1708480501174927 -0.28331666564941393 0.0956206 0.1016206 "" "" 2.451087278466425 "" 0.2452454108759697 ""
303.60061288524 28.12715361718 0.0182 0.0228 15.6351 "" "" 1837017130957355904 1627.94495 0.5898 0.0325 -6.656 -7.943 0.026 0.028 0.949 7281.3 4.0502 15.863729 1.870968 16.781528 14.910561 "" "" 1543.07275 1716.53125 8500.70244 2.4998 2647.3 5.7901 8608.6 9.9725 "" "" 0.0027737574782652165 0.0036639061 0.0039831735 0.0076470794 303.60061288524 28.12715361718 1627.94495 -6.656000000000004 -7.942999999999998 -5.525151949882507 -3.2453166656494137 0.0946206 0.096620604 "" "" 49.44521538451234 "" 4.7041004889289 ""
303.38489555099 28.43965476621 0.0207 0.025 18.3903 "" "" 1837224491974435072 1712.16016 0.5444 0.0346 0.577 -0.698 0.027 0.03 1.025 6581.1 3.7638 15.864606 2.267365 17.05546 14.788094 "" "" 1634.8418 1809.39648 8493.84242 3.2657 2057.0 8.9714 9636.5 11.818 "" "" 0.002786762894567569 0.005496217 0.004007079 0.009503296 303.38489555099 28.43965476621 1712.16016 0.5770000000000003 -0.698 1.7078480501174926 3.999683334350586 0.0956206 0.0986206 "" "" 35.295297934901434 "" 3.464725965334291 ""
304.10843706333 28.70612524738 0.0195 0.028 28.871 "" "" 1837143712235288064 1280.84827 0.7439 0.0363 -1.276 -5.033 0.028 0.034 0.965 6272.0 3.8723 15.866492 2.241257 17.040424 14.799168 "" "" 1224.62427 1360.91077 8479.09894 3.3592 2085.7 8.7098 9538.7 8.3029 "" "" 0.0027886933064768128 0.0053237323 0.0038957526 0.009219484 304.10843706333 28.70612524738 1280.84827 -1.275999999999999 -5.0329999999999995 -0.14515194988250735 -0.3353166656494144 0.096620604 0.1026206 "" "" 2.218334312896833 "" 0.22559849645864397 ""
303.44873927554 28.60929185528 0.0183 0.025 20.6022 "" "" 1837236689681752320 1337.84814 0.7098 0.0327 -5.462 -12.909 0.026 0.032 1.022 6279.3 3.9112 15.866895 1.954784 16.843706 14.888922 "" "" 1289.96033 1398.0144 8475.95681 2.7017 2500.0 6.6556 8781.9 9.6729 "" "" 0.0027769693317182377 0.0040174597 0.003964075 0.007981535 303.44873927554 28.60929185528 1337.84814 -5.462 -12.909 -4.331151949882507 -8.211316665649415 0.0946206 0.1006206 "" "" 58.870807451142454 "" 5.848549820223037 ""
304.07380223579 28.52746807727 0.0199 0.0266 20.9447 "" "" 1837124539501414912 1593.6499 0.5936 0.0358 -3.828 -8.481 0.028 0.033 0.992 6707.7 3.8472 15.867332 2.245123 17.042732 14.797609 "" "" 1512.88916 1709.03027 8472.54535 3.2897 2081.2 7.875 9552.4 9.4324 "" "" 0.0027873837593689076 0.0049661947 0.0039285007 0.008894695 304.07380223579 28.52746807727 1593.6499 -3.8280000000000003 -8.481 -2.697151949882507 -3.783316665649414 0.096620604 0.1016206 "" "" 35.097696096832586 "" 3.508494652618093 ""
303.98228339625 28.02869211411 0.0176 0.0235 24.3801 "" "" 1836965831866479616 1468.93579 0.66 0.0314 -4.325 -6.069 0.025 0.031 1.002 6645.4 3.96 15.867778 1.802307 16.73073 14.928423 "" "" 1401.35364 1555.73303 8469.0661 2.4761 2774.1 7.2113 8468.2 11.322 "" "" 0.0027735456322389215 0.0039687385 0.004048575 0.008017314 303.98228339625 28.02869211411 1468.93579 -4.325000000000001 -6.069000000000001 -3.1941519498825075 -1.371316665649414 0.0936206 0.099620596 "" "" 24.203079526579454 "" 2.289112682423082 ""
