Clusters/UBC_133/UBC_133_stars_in_region.tsv
# %ECSV 1.0
# ---
# datatype:
# - name: RA_ICRS_1
#   unit: deg
#   datatype: float64
#   format: '{:15.11f}'
#   description: Right ascension (ICRS) at Ep=2016.0 (ra)
#   meta: !!omap
#   - {ucd: POS_EQ_RA_MAIN}
#   - {width: 15}
#   - {precision: '11'}
# - name: DE_ICRS_1
#   unit: deg
#   datatype: float64
#   format: '{:15.11f}'
#   description: Declination (ICRS) at Ep=2016.0 (dec)
#   meta: !!omap
#   - {ucd: POS_EQ_DEC_MAIN}
#   - {width: 15}
#   - {precision: '11'}
# - name: e_RA_ICRS
#   unit: mas
#   datatype: float64
#   format: '{:7.4f}'
#   description: Standard error of right ascension (ra_error)
#   meta: !!omap
#   - {ucd: ERROR}
#   - {width: 7}
#   - {precision: '4'}
# - name: e_DE_ICRS
#   unit: mas
#   datatype: float64
#   format: '{:7.4f}'
#   description: Standard error of declination (dec_error)
#   meta: !!omap
#   - {ucd: ERROR}
#   - {width: 7}
#   - {precision: '4'}
# - name: _r_1
#   unit: ''
#   datatype: float64
#   format: '{:7.4f}'
#   description: Distance from center (303.72270688000+28.36450600000)[ICRS], at Epoch=J2016.0
#   meta: !!omap
#   - {ucd: POS_ANG_DIST_GENERAL}
#   - {width: 7}
#   - {precision: '4'}
# - name: HIP
#   datatype: int32
#   description: '? HIP cross-id number, van Leeuwen, Cat. I/311 (hip_original_ext_source_id)'
#   meta: !!omap
#   - {ucd: ID_NUMBER}
#   - {width: 6}
#   - values: {'null': -2147483648}
# - name: TYC2
#   datatype: string
#   description: Tycho-2 cross-id name, Hog et al., Cat. I/259 (tyc2_original_ext_source_id)
#   meta: !!omap
#   - {ucd: ID_CROSSID}
#   - {_votable_string_dtype: char}
# - name: Source
#   datatype: int64
#   description: Source identifier, identical to the Gaia-EDR3 source_id (id)
#   meta: !!omap
#   - {ucd: ID_MAIN}
#   - {width: 19}
# - name: rgeo
#   unit: pc
#   datatype: float64
#   format: '{:15.8f}'
#   description: '? Median of the geometric distance posterior (r_med_geo)'
#   meta: !!omap
#   - {ucd: PHYS_DISTANCE_TRUE}
#   - {width: 15}
#   - {precision: '8'}
#   - values: {'null': .nan}
# - name: Plx
#   unit: mas
#   datatype: float64
#   format: '{:9.4f}'
#   description: '? Parallax (parallax)'
#   meta: !!omap
#   - {ucd: POS_PARLX_TRIG}
#   - {width: 9}
#   - {precision: '4'}
#   - values: {'null': .nan}
# - name: e_Plx
#   unit: mas
#   datatype: float32
#   format: '{:7.4f}'
#   description: '? Standard error of parallax (parallax_error)'
#   meta: !!omap
#   - {ucd: ERROR}
#   - {width: 7}
#   - {precision: '4'}
#   - values: {'null': .nan}
# - name: pmRA
#   unit: mas / yr
#   datatype: float64
#   format: '{:9.3f}'
#   description: '? Proper motion in right ascension direction, pmRA*cosDE (pmra)'
#   meta: !!omap
#   - {ucd: POS_EQ_PMRA}
#   - {width: 9}
#   - {precision: '3'}
#   - values: {'null': .nan}
# - name: pmDE
#   unit: mas / yr
#   datatype: float64
#   format: '{:9.3f}'
#   description: '? Proper motion in declination direction (pmdec)'
#   meta: !!omap
#   - {ucd: POS_EQ_PMDEC}
#   - {width: 9}
#   - {precision: '3'}
#   - values: {'null': .nan}
# - name: e_pmRA
#   unit: mas / yr
#   datatype: float32
#   format: '{:6.3f}'
#   description: '? Standard error of proper motion in right ascension direction (pmra_error)'
#   meta: !!omap
#   - {ucd: ERROR}
#   - {width: 6}
#   - {precision: '3'}
#   - values: {'null': .nan}
# - name: e_pmDE
[...]
#         value: !astropy.table.SerializedColumn {name: SkyCoord.dec}
#       distance: !astropy.table.SerializedColumn
#         __class__: astropy.coordinates.distances.Distance
#         unit: !astropy.units.Unit {unit: pc}
#         value: !astropy.table.SerializedColumn {name: SkyCoord.distance}
#       frame: icrs
#       obstime: !astropy.time.Time {format: jyear_str, in_subfmt: '*', jd1: 367701545.0, jd2: 0.0, out_subfmt: '*', precision: 3, scale: tt}
#       pm_dec: !astropy.table.SerializedColumn
#         __class__: astropy.units.quantity.Quantity
#         unit: !astropy.units.Unit {unit: mas / yr}
#         value: !astropy.table.SerializedColumn {name: SkyCoord.pm_dec}
#       pm_ra_cosdec: !astropy.table.SerializedColumn
#         __class__: astropy.units.quantity.Quantity
#         unit: !astropy.units.Unit {unit: mas / yr}
#         value: !astropy.table.SerializedColumn {name: SkyCoord.pm_ra_cosdec}
#       ra: !astropy.table.SerializedColumn
#         __class__: astropy.coordinates.angles.Longitude
#         unit: *id001
#         value: !astropy.table.SerializedColumn {name: SkyCoord.ra}
#         wrap_angle: !astropy.coordinates.Angle
#           unit: *id001
#           value: 360.0
#       representation_type: spherical
# schema: astropy-2.0
RA_ICRS_1 DE_ICRS_1 e_RA_ICRS e_DE_ICRS _r_1 HIP TYC2 Source rgeo Plx e_Plx pmRA pmDE e_pmRA e_pmDE RUWE Teff logg Gmag BP-RP BPmag RPmag RV e_RV b_rgeo B_rgeo FG e_FG FBP e_FBP FRP e_FRP RAVE5 RAVE6 e_Gmag e_BPmag e_RPmag e_BP-RP SkyCoord.ra SkyCoord.dec SkyCoord.distance SkyCoord.pm_ra_cosdec SkyCoord.pm_dec rmRA rmDE e_rmRA e_rmDE rRV e_rRV v_pec v_pec3d e_vpec e_vpec3d
[from data line 237]
304.09289693827 28.19726336683 0.0136 0.0181 21.9839 "" "" 1836974387441337984 1302.74768 0.7245 0.0247 -1.368 -0.288 0.02 0.024 0.982 4664.6 2.8398 15.125033 2.601358 16.57018 13.968822 -46.63 2.18 1265.36597 1351.41882 16785.4676 5.3662 3216.2 6.583 20494.0 12.801 "" "" 0.0027770973207424847 0.0035670323 0.003839746 0.007406778 304.09289693827 28.19726336683 1302.74768 -1.3679999999999999 -0.2879999999999999 -0.23715194988250743 4.409683334350586 0.0886206 0.0926206 -35.306000000000004 3.1087341 27.26925009454595 44.61082421026196 2.5253864084047133 2.90450822616908
304.0365082201 28.63204934381 0.0145 0.018 23.0538 "" "" 1837137527482567424 1495.23718 0.6371 0.025 1.434 -2.839 0.021 0.023 1.007 "" "" 15.126559 1.740732 15.960336 14.219604 -0.81 10.19 1440.75684 1541.42737 16761.88777 4.1264 5640.0 9.3044 16267.0 11.773 "" "" 0.002768253972189666 0.0033156131 0.0038602054 0.0071758186 304.0365082201 28.63204934381 1495.23718 1.4340000000000002 -2.838999999999999 2.564848050117493 1.858683334350586 0.0896206 0.0916206 10.514 11.118733 22.449520312753798 24.7896179533438 2.0275117400734914 5.0606227348689
303.81029250562 28.52077143765 0.0139 0.0172 10.4527 "" "" 1837044824906644608 1541.80115 0.6117 0.0235 -3.581 -7.155 0.019 0.022 0.986 6379.9 3.8554 15.150267 1.812304 16.023329 14.211024 -0.25 4.03 1485.73621 1598.30762 16399.86385 3.8863 5322.1 8.9558 16396.0 18.073 "" "" 0.002767306775179826 0.0033351292 0.003964344 0.0072994735 303.81029250562 28.52077143765 1541.80115 -3.5810000000000004 -7.1550000000000065 -2.4501519498825073 -2.4573166656494143 0.0876206 0.0906206 11.074 4.9587345 25.360026487724994 27.672448743436373 2.260531946677866 2.8687069304228663
303.73184311371 28.36604025951 0.0138 0.017 0.4911 "" "" 1837038880671759360 1540.6012 0.6201 0.0253 -1.094 -4.751 0.019 0.023 0.985 9200.8 4.1202 15.15703 1.431482 15.802682 14.3712 "" "" 1477.21875 1612.79114 16298.02046 3.3562 6521.5 7.9286 14147.0 9.5859 "" "" 0.002764376677258845 0.0030866556 0.0038503197 0.0069369753 303.73184311371 28.36604025951 1540.6012 -1.0940000000000003 -4.751 0.03684805011749259 -0.053316665649414396 0.0876206 0.0916206 "" "" 0.47327793506439714 "" 0.04275923620312635 ""
303.89377145304 28.1553994857 0.0137 0.0173 15.4642 "" "" 1837020395132394752 1318.98816 0.7251 0.025 5.877 -1.948 0.019 0.022 1.007 5990.7 3.4651 15.159833 2.165229 16.283749 14.11852 18.03 4.21 1278.94617 1362.63513 16255.998 3.9461 4187.1 7.7596 17855.0 10.418 "" "" 0.002767896861432658 0.0034400013 0.003832108 0.0072721094 303.89377145304 28.1553994857 1318.98816 5.876999999999997 -1.947999999999999 7.0078480501174925 2.749683334350586 0.0876206 0.0906206 29.354 5.1387343 47.06504729785134 55.46869381145534 4.142983550352967 4.444393237884537
303.755576078 28.36892629944 0.014 0.0167 1.7555 "" "" 1837038159117243904 1490.4624 0.6403 0.0245 -1.114 -4.633 0.019 0.022 1.027 9054.4 4.1435 15.16707 1.559957 15.887191 14.327234 "" "" 1443.40247 1534.52942 16147.9948 3.9565 6033.1 8.8386 14732.0 11.363 "" "" 0.0027681323836678726 0.0032117176 0.0038710514 0.0070827687 303.755576078 28.36892629944 1490.4624 -1.1140000000000003 -4.633 0.016848050117492575 0.06468333435058593 0.0876206 0.0906206 "" "" 0.4722215127224764 "" 0.042704388379710766 ""
303.93291990041 28.78953400993 0.014 0.0173 27.8032 "" "" 1837143162479548928 1798.50916 0.5216 0.0232 -2.606 -6.465 0.019 0.022 1.029 "" "" 15.182435 1.490074 15.861635 14.371561 "" "" 1730.896 1881.50354 15921.09308 3.6081 6176.8 7.352 14143.0 9.1917 "" "" 0.0027662848455245383 0.0030749163 0.0038446905 0.0069196066 303.93291990041 28.78953400993 1798.50916 -2.6059999999999977 -6.465000000000002 -1.4751519498825072 -1.767316665649414 0.0876206 0.0906206 "" "" 19.62491049951237 "" 1.7544851047312164 ""
303.70304758082 28.29967030653 0.0142 0.0173 4.0263 "" "" 1837032008724077184 1489.32605 0.6426 0.0258 -1.231 -4.729 0.019 0.022 0.989 "" "" 15.185687 1.489832 15.861537 14.371705 "" "" 1436.32544 1537.45154 15873.47418 3.8512 6177.3 11.075 14141.0 12.348 "" "" 0.0027678835590714355 0.0034020834 0.0038964811 0.0072985645 303.70304758082 28.29967030653 1489.32605 -1.2310000000000003 -4.728999999999999 -0.10015194988250742 -0.031316665649414155 0.0876206 0.0906206 "" "" 0.7407717302317832 "" 0.06510787711091653 ""
303.66522068946 28.58753947984 0.0135 0.0165 13.7212 "" "" 1837233562945483008 1429.90015 0.663 0.0223 3.252 -1.04 0.02 0.022 1.016 4879.1 3.267 15.188993 2.249334 16.37406 14.124725 -25.4 4.07 1388.70825 1471.89893 15825.20024 4.3204 3852.9 5.9774 17753.0 10.437 "" "" 0.0027712182909895274 0.0032591869 0.003832905 0.007092092 303.66522068946 28.58753947984 1429.90015 3.2520000000000007 -1.04 4.3828480501174925 3.657683334350586 0.0886206 0.0906206 -14.075999999999999 4.9987345 38.691265665820914 41.1721728212531 3.4608211539883 3.6739538454941307
303.64119704874 27.87479895277 0.0145 0.0186 29.6973 "" "" 1836985657436168704 1329.00806 0.7072 0.0256 -9.132 -22.482 0.021 0.023 1.085 5824.5 3.3754 15.191059 2.531979 16.579428 14.047449 10.66 4.28 1286.18237 1370.2323 15795.12714 4.6238 3188.9 6.4681 19062.0 14.709 "" "" 0.0027735911337417743 0.0035545477 0.003871128 0.0074256756 303.64119704874 27.87479895277 1329.00806 -9.132 -22.482 -8.001151949882507 -17.784316665649413 0.0896206 0.0916206 21.984 5.2087345 122.84834781928609 124.79989109742161 11.2144565521782 11.07715790173635
304.01160574618 28.05469575964 0.0134 0.0174 24.0596 "" "" 1836971673021995264 1422.08301 0.6681 0.024 -0.021 -1.669 0.019 0.022 1.044 6257.1 3.6347 15.192739 1.880599 16.120049 14.239449 86.54 7.71 1369.89563 1460.78796 15770.70967 4.0315 4868.5 8.5307 15973.0 12.101 "" "" 0.0027692639586670803 0.003377036 0.0038678555 0.0072448915 304.01160574618 28.05469575964 1422.08301 -0.021000000000000185 -1.6690000000000007 1.1098480501174928 3.028683334350586 0.0876206 0.0906206 97.864 8.638734 21.742914938526216 100.25027105212229 1.9627469927938717 8.443842289173228
304.16950619158 28.29376750678 0.0145 0.0183 23.976 "" "" 1837069770076346112 1600.33655 0.5931 0.0262 -4.452 -5.225 0.02 0.022 1.047 6658.6 3.8502 15.199861 1.839043 16.096586 14.257544 -3.5 5.05 1543.84387 1661.36768 15667.59795 4.1 4974.9 7.603 15709.0 10.159 "" "" 0.0027699305107458222 0.0032462787 0.0038440519 0.0070903306 304.16950619158 28.29376750678 1600.33655 -4.451999999999999 -5.225 -3.3211519498825073 -0.5273166656494137 0.0886206 0.0906206 7.824 5.9787345 25.50848926541955 26.681416765307354 2.2618459913610147 2.783830753918871
303.5936916631 28.03953119351 0.0132 0.0177 20.6574 "" "" 1836992357585210880 1576.61023 0.5921 0.0249 2.913 0.727 0.019 0.022 0.995 6367.0 3.6863 15.200787 2.088194 16.269415 14.181221 1.04 7.09 1521.20459 1649.76257 15654.24733 4.0139 4242.8 7.3751 16853.0 9.7732 "" "" 0.002769348692296569 0.0033685202 0.0038314695 0.0071999896 303.5936916631 28.03953119351 1576.61023 2.913 0.7270000000000005 4.043848050117493 5.424683334350586 0.0876206 0.0906206 12.364 8.018734 50.56384417945017 52.053538152595515 4.528524648059972 4.793560569776488
303.62608231133 28.36066455555 0.0139 0.0163 5.1067 "" "" 1837036028813511936 1613.76306 0.5888 0.0233 -1.208 -4.715 0.019 0.02 1.012 9222.5 3.9893 15.20427 1.72622 16.02684 14.30062 -25.61 15.67 1547.92065 1670.19946 15604.09472 3.5117 5304.9 7.779 15098.0 9.6585 "" "" 0.0027661333651874597 0.0032124503 0.0038426751 0.007055125 303.62608231133 28.36066455555 1613.76306 -1.208 -4.715 -0.07715194988250729 -0.01731666564941392 0.0876206 0.0886206 -14.286 16.598734 0.604836063565047 14.298797944715103 0.053025265621527894 16.58387758252958
304.23192269971 28.50919185607 0.016 0.0209 28.2342 "" "" 1837126704164887936 1253.99341 0.7609 0.0275 4.26 -1.8 0.022 0.025 1.164 7003.3 4.1441 15.208518 1.751962 16.03805 14.286088 -33.18 5.35 1210.79297 1295.14355 15543.17082 4.7398 5250.5 9.2768 15301.0 10.903 "" "" 0.0027751413107790354 0.0033860025 0.0038577556 0.007243758 304.23192269971 28.50919185607 1253.99341 4.260000000000002 -1.8000000000000005 5.3908480501174925 2.897683334350586 0.0906206 0.0936206 -21.856 6.278734 36.378500624356235 42.43913339921407 3.321417258710921 4.308320743026437
303.44166038732 28.79781276147 0.0155 0.0177 29.9197 "" "" 1837252151564054912 1546.0304 0.6033 0.0252 -13.183 -4.012 0.021 0.024 0.992 5808.2 3.3132 15.21271 2.284662 16.420282 14.13562 -11.85 3.3 1494.39368 1608.0575 15483.26076 4.4406 3692.4 8.7791 17576.0 12.524 "" "" 0.00277286000970039 0.0038011826 0.0038577544 0.007658937 303.44166038732 28.79781276147 1546.0304 -13.183 -4.0120000000000005 -12.052151949882507 0.6856833343505864 0.0896206 0.0926206 -0.5259999999999998 4.228734 88.46321117810605 88.46477495558437 7.928996385593571 7.928896092669599
303.45479573311 28.43741835414 0.0152 0.0182 14.8012 "" "" 1837225694565254016 1546.62415 0.6123 0.0251 -2.283 -5.755 0.02 0.023 1.071 6013.0 3.6244 15.21806 1.858512 16.13314 14.274629 -4.6 5.47 1495.36548 1609.71204 15407.16352 4.2037 4810.2 9.6536 15463.0 11.382 "" "" 0.0027711989027232554 0.0035401895 0.003862956 0.0074031455 303.45479573311 28.43741835414 1546.62415 -2.2830000000000026 -5.7550000000000034 -1.1521519498825072 -1.057316665649414 0.0886206 0.0916206 6.724 6.398734 11.463986183048576 13.290415915430511 1.031810127262283 3.357416909081566
303.52676495074 28.24149453346 0.015 0.0177 12.7129 "" "" 1837030462535900288 1455.67529 0.6554 0.0254 -1.485 -3.772 0.02 0.022 1.079 7130.8 3.5412 15.23397 1.943476 16.203949 14.260473 -32.5 5.04 1406.04883 1502.49695 15183.04235 3.8237 4506.5 7.9535 15666.0 10.441 "" "" 0.0027688543572193494 0.003384806 0.0038480316 0.0072328374 303.52676495074 28.24149453346 1455.67529 -1.4849999999999999 -3.772000000000001 -0.3541519498825074 0.9256833343505861 0.0886206 0.0906206 -21.176000000000002 5.9687343 6.838610208729778 22.252855223250414 0.6179894853595562 5.683070805155456
303.5767617771 28.28480084925 0.0143 0.0173 9.0713 "" "" 1837031012291708416 1486.45557 0.6423 0.0252 -1.081 -4.656 0.019 0.022 1.001 9016.1 4.2061 15.240022 1.625953 16.000023 14.37407 "" "" 1433.82947 1538.9292 15098.65197 4.5243 5437.6 9.9416 14110.0 10.628 "" "" 0.0027744613083403005 0.0034242526 0.0038668502 0.007291103 303.5767617771 28.28480084925 1486.45557 -1.080999999999999 -4.655999999999999 0.049848050117492715 0.04168333435058624 0.0876206 0.0906206 "" "" 0.457832145043291 "" 0.04068633988297307 ""
303.41075618832 28.67580912707 0.0153 0.0179 24.8864 "" "" 1837248956108371072 1493.76489 0.6362 0.0248 2.145 -1.732 0.021 0.023 1.008 7878.4 4.0121 15.248652 1.731778 16.077242 14.345464 -72.87 7.33 1437.84753 1556.65955 14979.09757 4.0676 5064.3 9.0684 14487.0 14.056 "" "" 0.0027710496603968846 0.003400716 0.003923449 0.007324165 303.41075618832 28.67580912707 1493.76489 2.145 -1.7320000000000002 3.2758480501174927 2.9656833343505857 0.0896206 0.0916206 -61.54600000000001 8.258734 31.287605415430384 69.04219266963985 2.8323707418833366 7.473100645014775
303.63937768284 28.72859704475 0.0179 0.0206 22.2826 "" "" 1837238545107844480 1677.46899 0.563 0.0288 -2.401 -4.5 0.024 0.027 1.213 7182.2 3.7816 15.251609 1.943859 16.20282 14.258961 68.17 15.29 1579.85376 1777.1405 14938.367 5.5624 4511.2 9.2455 15688.0 11.362 "" "" 0.002784821818926209 0.0035688116 0.0038603188 0.0074291304 303.63937768284 28.72859704475 1677.46899 -2.4010000000000002 -4.5 -1.2701519498825071 0.19768333435058594 0.0926206 0.0956206 79.494 16.218735 10.220821254813046 80.1483700590526 0.9473951907390515 16.086770828425976
303.21575174748 28.27818309742 0.0141 0.0185 27.2727 "" "" 1837198138054618880 1336.88379 0.7087 0.0254 -1.293 -5.084 0.019 0.023 0.985 7046.1 3.8104 15.252095 1.863089 16.166212 14.303123 15.76 11.82 1293.72046 1386.9021 14931.68127 3.7078 4665.9 7.8885 15063.0 10.089 "" "" 0.002768479290128831 0.0033398438 0.0038487094 0.007188553 303.21575174748 28.27818309742 1336.88379 -1.2929999999999995 -5.084 -0.16215194988250725 -0.3863166656494137 0.0876206 0.0916206 27.084 12.7487335 2.6549258885974925 27.213814276465275 0.24168489452401887 12.687941916700636
304.14733838804 28.29597460383 0.0151 0.0196 22.8002 "" "" 1837069941875043072 1502.47473 0.6282 0.0268 0.272 -1.366 0.022 0.026 0.995 4795.7 3.1494 15.252705 2.39493 16.540794 14.145865 -24.44 3.19 1440.74329 1572.0896 14923.30453 5.0094 3304.4 6.0914 17411.0 14.034 "" "" 0.0027793196146221563 0.0034337917 0.0038793832 0.007313175 304.14733838804 28.29597460383 1502.47473 0.272 -1.366 1.4028480501174927 3.331683334350586 0.0906206 0.0946206 -13.116000000000001 4.1187344 25.744928162234796 28.893438391417355 2.4207725843109706 2.854514300564919
303.39734451308 28.6965109126 0.0158 0.019 26.2864 "" "" 1837249265346024064 1274.37207 0.753 0.0257 -13.293 -16.132 0.021 0.024 1.072 6315.5 3.931 15.255946 1.888947 16.189493 14.300547 -8.75 6.06 1236.92664 1310.94104 14878.81265 3.9002 4566.9 7.0892 15099.0 11.636 "" "" 0.0027699800632908864 0.0032596907 0.0038708947 0.0071305856 303.39734451308 28.6965109126 1274.37207 -13.292999999999996 -16.13200000000001 -12.162151949882507 -11.434316665649416 0.0896206 0.0926206 2.574 6.9887342 100.83541752407108 100.86826509489364 9.180102868170069 9.17884610225689
303.70382646457 28.65930205286 0.0144 0.0184 17.7158 "" "" 1837234421938945280 1628.66443 0.5828 0.0239 -3.698 -8.305 0.02 0.025 1.027 7110.7 3.9995 15.25633 1.868348 16.17665 14.308301 11.46 4.84 1564.69861 1695.22839 14873.55675 3.8564 4621.2 8.0556 14991.0 11.242 "" "" 0.002769663597255762 0.0033715167 0.003866092 0.0072376085 303.70382646457 28.65930205286 1628.66443 -3.698000000000001 -8.305 -2.5671519498825073 -3.607316665649414 0.0886206 0.0936206 22.784 5.7687345 34.179936582380854 41.07771562265332 3.1435288537034656 4.132741941619044
303.80805463242 28.49564358252 0.0151 0.0179 9.0658 "" "" 1837041766889925760 1557.64978 0.6139 0.0251 -2.227 -7.16 0.021 0.023 1.023 7499.8 4.1227 15.257187 1.653157 16.037445 14.384288 "" "" 1484.40918 1635.1449 14861.81886 3.7293 5253.4 8.6615 13978.0 9.4316 "" "" 0.0027687571161159118 0.0033150415 0.0038497304 0.0071647717 303.80805463242 28.49564358252 1557.64978 -2.2269999999999994 -7.160000000000001 -1.0961519498825072 -2.462316665649414 0.0896206 0.0916206 "" "" 19.899977798980657 "" 1.8167252391855324 ""
303.77890611431 28.60843545302 0.0143 0.0183 14.9328 "" "" 1837139967023687808 1244.87231 0.7736 0.0243 -0.854 -0.926 0.021 0.023 1.036 6714.3 3.8911 15.267548 1.886224 16.196873 14.310649 -14.51 19.33 1212.12061 1280.64783 14720.6681 3.8731 4535.9 8.0888 14959.0 9.1664 "" "" 0.0027700890463197864 0.003396149 0.0038374937 0.007233643 303.77890611431 28.60843545302 1244.87231 -0.8539999999999994 -0.9259999999999997 0.2768480501174927 3.771683334350586 0.0896206 0.0916206 -3.186 20.258734 22.315425881866283 22.54171307352366 2.044316169068336 3.506335937803619
303.95268426664 28.7267176456 0.0157 0.0191 24.8844 "" "" 1837141925529108864 1392.20825 0.6935 0.0253 3.61 -1.563 0.022 0.024 1.096 7167.3 4.0482 15.280218 1.784559 16.14431 14.359751 -8.98 4.6 1334.8916 1458.37439 14549.88382 3.779 4760.9 8.2798 14297.0 11.207 "" "" 0.002769713103408621 0.003369045 0.0038740237 0.007243069 303.95268426664 28.7267176456 1392.20825 3.61 -1.5630000000000004 4.740848050117492 3.134683334350586 0.0906206 0.0926206 2.3439999999999994 5.528734 37.50562813396511 37.57880356960923 3.4217749468403227 3.432479609031164
