Clusters/UBC_133/UBC_133_members.tsv
# %ECSV 1.0
# ---
# datatype:
# - name: RA_ICRS_1
#   unit: deg
#   datatype: float64
#   format: '{:15.11f}'
#   description: Right ascension (ICRS) at Ep=2016.0 (ra)
#   meta: !!omap
#   - {ucd: POS_EQ_RA_MAIN}
#   - {width: 15}
#   - {precision: '11'}
# - name: DE_ICRS_1
#   unit: deg
#   datatype: float64
#   format: '{:15.11f}'
#   description: Declination (ICRS) at Ep=2016.0 (dec)
#   meta: !!omap
#   - {ucd: POS_EQ_DEC_MAIN}
#   - {width: 15}
#   - {precision: '11'}
# - name: e_RA_ICRS
#   unit: mas
#   datatype: float64
#   format: '{:7.4f}'
#   description: Standard error of right ascension (ra_error)
#   meta: !!omap
#   - {ucd: ERROR}
#   - {width: 7}
#   - {precision: '4'}
# - name: e_DE_ICRS
#   unit: mas
#   datatype: float64
#   format: '{:7.4f}'
#   description: Standard error of declination (dec_error)
#   meta: !!omap
#   - {ucd: ERROR}
#   - {width: 7}
#   - {precision: '4'}
# - name: _r_1
#   unit: ''
#   datatype: float64
#   format: '{:7.4f}'
#   description: Distance from center (303.72270688000+28.36450600000)[ICRS], at Epoch=J2016.0
#   meta: !!omap
#   - {ucd: POS_ANG_DIST_GENERAL}
#   - {width: 7}
#   - {precision: '4'}
# - name: HIP
#   datatype: int32
#   description: '? HIP cross-id number, van Leeuwen, Cat. I/311 (hip_original_ext_source_id)'
#   meta: !!omap
#   - {ucd: ID_NUMBER}
#   - {width: 6}
#   - values: {'null': -2147483648}
# - name: TYC2
#   datatype: string
#   description: Tycho-2 cross-id name, Hog et al., Cat. I/259 (tyc2_original_ext_source_id)
#   meta: !!omap
#   - {ucd: ID_CROSSID}
#   - {_votable_string_dtype: char}
# - name: Source
#   datatype: int64
#   description: Source identifier, identical to the Gaia-EDR3 source_id (id)
#   meta: !!omap
#   - {ucd: ID_MAIN}
#   - {width: 19}
# - name: rgeo
#   unit: pc
#   datatype: float64
#   format: '{:15.8f}'
#   description: '? Median of the geometric distance posterior (r_med_geo)'
#   meta: !!omap
#   - {ucd: PHYS_DISTANCE_TRUE}
#   - {width: 15}
#   - {precision: '8'}
#   - values: {'null': .nan}
# - name: Plx
#   unit: mas
#   datatype: float64
#   format: '{:9.4f}'
#   description: '? Parallax (parallax)'
#   meta: !!omap
#   - {ucd: POS_PARLX_TRIG}
#   - {width: 9}
#   - {precision: '4'}
#   - values: {'null': .nan}
# - name: e_Plx
#   unit: mas
#   datatype: float32
#   format: '{:7.4f}'
#   description: '? Standard error of parallax (parallax_error)'
#   meta: !!omap
#   - {ucd: ERROR}
#   - {width: 7}
#   - {precision: '4'}
#   - values: {'null': .nan}
# - name: pmRA
#   unit: mas / yr
#   datatype: float64
#   format: '{:9.3f}'
#   description: '? Proper motion in right ascension direction, pmRA*cosDE (pmra)'
#   meta: !!omap
#   - {ucd: POS_EQ_PMRA}
#   - {width: 9}
#   - {precision: '3'}
#   - values: {'null': .nan}
# - name: pmDE
#   unit: mas / yr
#   datatype: float64
#   format: '{:9.3f}'
#   description: '? Proper motion in declination direction (pmdec)'
#   meta: !!omap
#   - {ucd: POS_EQ_PMDEC}
#   - {width: 9}
#   - {precision: '3'}
#   - values: {'null': .nan}
# - name: e_pmRA
#   unit: mas / yr
#   datatype: float32
#   format: '{:6.3f}'
#   description: '? Standard error of proper motion in right ascension direction (pmra_error)'
#   meta: !!omap
#   - {ucd: ERROR}
#   - {width: 6}
#   - {precision: '3'}
#   - values: {'null': .nan}
# - name: e_pmDE
[...]
#         unit: &id001 !astropy.units.Unit {unit: deg}
#         value: !astropy.table.SerializedColumn {name: SkyCoord.dec}
#       distance: !astropy.table.SerializedColumn
#         __class__: astropy.coordinates.distances.Distance
#         unit: !astropy.units.Unit {unit: pc}
#         value: !astropy.table.SerializedColumn {name: SkyCoord.distance}
#       frame: icrs
#       obstime: !astropy.time.Time {format: jyear_str, in_subfmt: '*', jd1: 367701545.0, jd2: 0.0, out_subfmt: '*', precision: 3, scale: tt}
#       pm_dec: !astropy.table.SerializedColumn
#         __class__: astropy.units.quantity.Quantity
#         unit: !astropy.units.Unit {unit: mas / yr}
#         value: !astropy.table.SerializedColumn {name: SkyCoord.pm_dec}
#       pm_ra_cosdec: !astropy.table.SerializedColumn
#         __class__: astropy.units.quantity.Quantity
#         unit: !astropy.units.Unit {unit: mas / yr}
#         value: !astropy.table.SerializedColumn {name: SkyCoord.pm_ra_cosdec}
#       ra: !astropy.table.SerializedColumn
#         __class__: astropy.coordinates.angles.Longitude
#         unit: *id001
#         value: !astropy.table.SerializedColumn {name: SkyCoord.ra}
#         wrap_angle: !astropy.coordinates.Angle
#           unit: *id001
#           value: 360.0
#       representation_type: spherical
# schema: astropy-2.0
RA_ICRS_1 DE_ICRS_1 e_RA_ICRS e_DE_ICRS _r_1 HIP TYC2 Source rgeo Plx e_Plx pmRA pmDE e_pmRA e_pmDE RUWE Teff logg Gmag BP-RP BPmag RPmag RV e_RV b_rgeo B_rgeo FG e_FG FBP e_FBP FRP e_FRP RAVE5 RAVE6 e_Gmag e_BPmag e_RPmag e_BP-RP SkyCoord.ra SkyCoord.dec SkyCoord.distance SkyCoord.pm_ra_cosdec SkyCoord.pm_dec Pmemb
[from data line 41]
303.5767617771 28.28480084925 0.0143 0.0173 9.0713 "" "" 1837031012291708416 1486.45557 0.6423 0.0252 -1.081 -4.656 0.019 0.022 1.001 9016.1 4.2061 15.240022 1.625953 16.000023 14.37407 "" "" 1433.82947 1538.9292 15098.65197 4.5243 5437.6 9.9416 14110.0 10.628 "" "" 0.0027744613083403005 0.0034242526 0.0038668502 0.007291103 303.5767617771 28.28480084925 1486.45557 -1.0809999999999997 -4.655999999999999 0.95
303.6541300102 28.27673856405 0.0151 0.0182 6.3915 "" "" 1837031527687753984 1587.58643 0.6023 0.0272 -1.151 -4.737 0.02 0.023 1.039 8875.0 4.2284 15.332332 1.664996 16.117191 14.452195 "" "" 1494.59229 1678.22668 13868.01136 3.7228 4881.4 8.5788 13130.0 12.363 "" "" 0.0027706928127553122 0.0033802344 0.0039152075 0.007295442 303.6541300102 28.27673856405 1587.58643 -1.1510000000000002 -4.737 0.98
303.81506817105 28.55894437431 0.0147 0.0188 12.6427 "" "" 1837045031065078656 1428.42932 0.6654 0.0249 -1.103 -4.737 0.021 0.023 1.022 "" "" 15.333563 1.48252 16.01074 14.52822 "" "" 1382.09412 1475.51611 13852.2953 3.2451 5384.2 8.4201 12243.0 8.5834 "" "" 0.002767035055393879 0.0032661937 0.0038552748 0.0071214684 303.81506817105 28.55894437431 1428.42932 -1.1030000000000002 -4.737 0.98
303.6948271083 28.28686880471 0.0165 0.0192 4.8854 "" "" 1837031905644861440 1640.05945 0.5848 0.0286 -1.099 -4.765 0.022 0.024 1.062 8388.3 4.2913 15.390388 1.558661 16.111607 14.552946 "" "" 1560.68066 1736.18164 13145.94506 3.4738 4906.5 9.4653 11967.0 11.255 "" "" 0.0027702172431968665 0.003488855 0.003914901 0.007403756 303.6948271083 28.28686880471 1640.05945 -1.099 -4.765000000000001 0.98
303.96093181803 28.35457896321 0.0157 0.0199 12.5921 "" "" 1837027267080295936 1513.54321 0.6416 0.0286 -1.173 -4.675 0.022 0.025 0.994 "" "" 15.392707 1.594626 16.133406 14.53878 "" "" 1443.61804 1591.03955 13117.88476 3.2856 4809.0 9.178 12124.0 8.8725 "" "" 0.0027687075457023145 0.0034754544 0.0038620003 0.0073374547 303.96093181803 28.35457896321 1513.54321 -1.1730000000000003 -4.675 0.98
303.64098062134 28.26872098571 0.016 0.0199 7.1878 "" "" 1837031424608542336 1667.65796 0.5722 0.0296 -1.135 -4.714 0.022 0.024 1.053 9036.1 4.2045 15.437884 1.591415 16.173456 14.582041 "" "" 1600.31799 1770.05225 12583.25081 3.4441 4634.8 7.5256 11650.0 10.483 "" "" 0.0027712993907939806 0.0033004486 0.0039036148 0.0072040632 303.64098062134 28.26872098571 1667.65796 -1.1350000000000002 -4.7139999999999995 0.98
303.65879218847 28.29065134719 0.016 0.0192 5.5706 "" "" 1837032317961739264 1511.84753 0.6417 0.0285 -1.128 -4.731 0.021 0.024 1.003 7917.2 3.8866 15.463943 1.633053 16.22976 14.596706 "" "" 1436.7218 1575.01013 12284.8377 3.1657 4400.6 8.1774 11494.0 11.947 "" "" 0.0027694889646589934 0.0034431987 0.0039442745 0.0073874732 303.65879218847 28.29065134719 1511.84753 -1.1280000000000001 -4.731 0.98
303.63240490333 28.37195077005 0.0155 0.0186 4.7883 "" "" 1837036200612204288 1608.79285 0.596 0.0272 -1.184 -4.674 0.021 0.023 0.977 "" "" 15.474555 1.646791 16.250555 14.603764 "" "" 1543.76807 1671.98877 12165.3539 3.0659 4317.1 9.1276 11420.0 8.9015 "" "" 0.002768873535071547 0.0036131216 0.0038729757 0.0074860975 303.63240490333 28.37195077005 1608.79285 -1.1840000000000002 -4.674 0.95
303.69049068508 28.38818523986 0.0166 0.0203 2.2161 "" "" 1837039121189949312 1504.55054 0.6435 0.0279 -1.134 -4.781 0.023 0.028 0.977 7991.1 3.9628 15.515258 1.66164 16.299255 14.637615 "" "" 1440.09607 1583.29041 11717.73472 3.215 4127.8 9.4109 11069.0 12.836 "" "" 0.0027713769456808425 0.0037299346 0.0039835856 0.00771352 303.69049068508 28.38818523986 1504.55054 -1.134 -4.781 0.99
303.43978270876 28.08699549725 0.0171 0.0233 22.382 "" "" 1837005757883245824 1502.69385 0.6336 0.0315 -1.139 -4.769 0.024 0.027 1.034 9349.5 4.2541 15.632784 1.837267 16.527159 14.689892 "" "" 1432.22717 1566.68237 10515.57922 2.9897 3346.2 6.9793 10549.0 10.388 "" "" 0.0027725578879901837 0.0035935068 0.003927702 0.007521209 303.43978270876 28.08699549725 1502.69385 -1.139 -4.769 0.97
303.59838571361 28.10462643422 0.0165 0.0221 16.9211 "" "" 1837017027878134528 1510.97009 0.636 0.0309 -1.053 -4.907 0.023 0.027 1.017 8124.7 4.1299 15.638397 1.640813 16.411621 14.770808 "" "" 1453.92468 1583.92139 10461.35179 2.7031 3721.9 9.024 9791.2 8.7054 "" "" 0.002769565574899712 0.003835987 0.0039007172 0.0077367043 303.59838571361 28.10462643422 1510.97009 -1.053 -4.907 0.95
303.95045639588 28.67791894641 0.0174 0.0213 22.3109 "" "" 1837141238334326272 1486.37964 0.6523 0.0291 -1.055 -4.628 0.026 0.028 1.002 7445.9 4.0808 15.652972 1.601979 16.400393 14.798413 "" "" 1419.38977 1540.90515 10321.85699 2.819 3760.6 9.4971 9545.4 8.1021 "" "" 0.0027712301541951783 0.0039119422 0.0038901176 0.00780206 303.95045639588 28.67791894641 1486.37964 -1.0550000000000002 -4.627999999999999 0.98
303.67030627739 28.63966012627 0.017 0.0202 16.7389 "" "" 1837235006054504064 1513.16345 0.6227 0.0275 -1.075 -4.747 0.024 0.027 1.005 8775.3 4.396 15.657899 1.683811 16.457619 14.773808 "" "" 1443.6156 1593.32617 10275.12591 2.5861 3567.5 5.1165 9764.2 7.4348 "" "" 0.0027688377783196376 0.0031952772 0.0038687452 0.007064022 303.67030627739 28.63966012627 1513.16345 -1.075 -4.747 0.97
303.71898693155 28.47269339902 0.0188 0.0211 6.4942 "" "" 1837042832041830912 1454.05017 0.6582 0.0301 -1.203 -4.683 0.026 0.029 1.023 7957.7 4.298 15.675324 1.600509 16.422935 14.822427 "" "" 1398.01599 1512.8269 10111.53073 2.9351 3683.3 8.6996 9336.6 10.404 "" "" 0.002773285933300416 0.0037896198 0.003968311 0.007757931 303.71898693155 28.47269339902 1454.05017 -1.2030000000000003 -4.683 0.96
303.83545023311 28.51129609312 0.0179 0.023 10.6279 "" "" 1837041904328875776 1501.41138 0.6343 0.031 -1.098 -4.673 0.025 0.028 1.0 7887.6 4.2366 15.688477 1.629857 16.455132 14.825274 "" "" 1439.99048 1574.69092 9989.77437 2.7871 3575.7 7.5655 9312.1 9.5294 "" "" 0.0027719211881911173 0.0036141702 0.0039393157 0.007553486 303.83545023311 28.51129609312 1501.41138 -1.0979999999999999 -4.673000000000001 0.99
303.8130683626 28.2953555395 0.0193 0.0225 6.3237 "" "" 1837025785304709504 1445.76965 0.6625 0.0347 -1.087 -4.787 0.026 0.03 0.978 7634.5 4.1489 15.779968 1.724212 16.598276 14.874064 "" "" 1377.00793 1530.86987 9182.46573 3.1205 3134.1 7.1348 8902.9 10.944 "" "" 0.0027799149440025364 0.003727503 0.0040081204 0.007735623 303.8130683626 28.2953555395 1445.76965 -1.0870000000000002 -4.787 0.92
303.83489407304 28.56163718484 0.0181 0.0231 13.2256 "" "" 1837138798792579456 1485.38928 0.6471 0.0302 -1.144 -4.572 0.026 0.029 0.998 7751.6 4.3176 15.790095 1.646981 16.565649 14.918668 "" "" 1420.94812 1559.6333 9097.22063 2.7195 3229.7 10.958 8544.6 9.8237 "" "" 0.002774370790762456 0.004621176 0.003980188 0.008601364 303.83489407304 28.56163718484 1485.38928 -1.144 -4.572 0.97
303.76444567065 28.33402663988 0.019 0.0222 2.8639 "" "" 1837037849879584640 1581.93701 0.5917 0.0328 -1.171 -4.722 0.026 0.03 1.002 7314.1 4.0307 15.82212 1.686575 16.596485 14.90991 "" "" 1497.16663 1678.99341 8832.81161 2.7532 3139.2 11.112 8613.8 37.848 "" "" 0.002776026157787082 0.004749268 0.006086238 0.010835506 303.76444567065 28.33402663988 1581.93701 -1.171 -4.722 0.96
303.99563133492 28.42084762276 0.0202 0.0244 14.797 "" "" 1837121515844163328 1596.57422 0.5981 0.0348 -1.133 -4.68 0.028 0.032 1.021 8161.5 3.6586 15.849635 1.937593 16.809914 14.87232 "" "" 1518.31445 1699.92493 8611.77609 3.2822 2579.0 8.5095 8917.2 9.4999 "" "" 0.0027862205033611846 0.004540794 0.0039524226 0.008493217 303.99563133492 28.42084762276 1596.57422 -1.133 -4.68 0.93
303.78113215411 28.44362232904 0.0203 0.0239 5.6605 "" "" 1837041010975679360 1542.82849 0.6208 0.0341 -1.436 -4.551 0.028 0.032 1.061 7487.4 4.1287 15.880665 1.544265 16.595766 15.051501 "" "" 1466.81104 1612.92468 8369.13955 2.4169 3141.3 7.0784 7560.6 9.7176 "" "" 0.002773103119064829 0.003710868 0.004028787 0.0077396547 303.78113215411 28.44362232904 1542.82849 -1.4359999999999995 -4.550999999999999 0.97
303.67930383476 28.38182209399 0.0197 0.024 2.5159 "" "" 1837039121189952256 1485.98047 0.6457 0.0334 -1.081 -4.77 0.026 0.032 1.009 7390.0 4.1466 15.910782 1.966152 16.897665 14.931513 "" "" 1412.43103 1549.84167 8140.18274 3.0522 2378.8 8.6196 8444.1 12.827 "" "" 0.0027852327330979624 0.004823149 0.004123575 0.008946724 303.67930383476 28.38182209399 1485.98047 -1.081 -4.77 0.98
303.53761243142 28.54907442736 0.0198 0.0242 14.7637 "" "" 1837232463433888256 1626.78284 0.5865 0.0334 -1.137 -4.683 0.029 0.033 1.018 7797.8 4.0421 15.947256 1.757988 16.792236 15.034248 "" "" 1537.13049 1719.55591 7871.2582 2.5272 2621.3 8.2269 7681.7 7.0579 "" "" 0.0027772841220945815 0.004404149 0.0039088195 0.008312969 303.53761243142 28.54907442736 1626.78284 -1.137 -4.683 0.98
303.52077193588 28.35337133821 0.0203 0.0246 10.6829 "" "" 1837036612929098112 1683.31494 0.5751 0.0347 -1.121 -4.744 0.026 0.031 0.987 7817.5 4.4511 15.949034 1.689609 16.749193 15.059585 "" "" 1596.5752 1777.40955 7858.38236 6.6595 2727.3 12.786 7504.5 17.934 "" "" 0.002904886339708833 0.0058046654 0.004584317 0.0103889825 303.52077193588 28.35337133821 1683.31494 -1.121 -4.744 0.97
303.64961692773 28.29522003323 0.0203 0.0245 5.673 "" "" 1837032317961742976 1504.8136 0.6363 0.035 -1.082 -4.689 0.027 0.031 0.986 7938.2 4.1451 15.954617 1.812567 16.8341 15.021534 "" "" 1435.54419 1582.73071 7818.07655 2.5917 2522.2 6.9977 7772.2 9.4228 "" "" 0.002778728787939071 0.004105981 0.0040020514 0.008108033 303.64961692773 28.29522003323 1504.8136 -1.0820000000000003 -4.689 0.96
303.94637406603 28.14812570848 0.0213 0.0273 17.5581 "" "" 1837020188973946624 1535.48022 0.6295 0.0395 -1.094 -4.91 0.03 0.035 1.005 7668.4 4.2346 16.104658 1.913423 17.051912 15.13849 "" "" 1449.54077 1624.02246 6809.00575 2.6101 2063.7 7.8898 6978.5 9.5484 "" "" 0.0027865764643264924 0.0050015133 0.0040608672 0.0090623805 303.94637406603 28.14812570848 1535.48022 -1.0940000000000003 -4.91 0.82
303.67329528192 28.15880946857 0.0228 0.0274 12.615 "" "" 1837017508914454784 1467.66943 0.655 0.0404 -1.224 -4.459 0.03 0.034 1.013 6722.6 4.2087 16.218122 1.937204 17.182549 15.245344 "" "" 1386.53259 1588.03589 6133.35218 2.3821 1829.8 8.1574 6324.4 8.3956 "" "" 0.0027874013396766042 0.0055869105 0.004044885 0.009631796 303.67329528192 28.15880946857 1467.66943 -1.2240000000000004 -4.459 0.89
303.66641985084 28.4564631031 0.0236 0.0275 6.2662 "" "" 1837042557163811968 1553.52173 0.617 0.0385 -1.143 -4.597 0.032 0.037 1.035 7613.7 4.2756 16.240343 1.77942 17.095684 15.316264 "" "" 1474.95068 1644.90955 6009.10017 2.3068 1982.2 8.0255 5924.5 9.121 "" "" 0.00278666633966019 0.0052066385 0.0041325237 0.009339162 303.66641985084 28.4564631031 1553.52173 -1.1429999999999998 -4.597 0.82
303.83932461464 28.37152237191 0.0244 0.0297 6.1712 "" "" 1837026614245116544 1455.97083 0.6592 0.0437 -1.153 -4.576 0.034 0.039 0.97 7347.0 4.3347 16.311037 1.838138 17.21118 15.373042 "" "" 1374.66406 1534.40405 5630.30967 2.212 1782.2 8.2096 5622.7 9.4131 "" "" 0.002788142808639753 0.0057270285 0.004193758 0.009920787 303.83932461464 28.37152237191 1455.97083 -1.153 -4.576 0.94
303.62983330255 28.69297781999 0.0255 0.0306 20.3073 "" "" 1837238338949152512 1559.52356 0.6201 0.0417 -1.072 -4.488 0.036 0.043 1.074 7113.3 4.3073 16.33758 1.880219 17.267067 15.386848 "" "" 1470.18469 1679.98169 5494.33331 2.0692 1692.7 6.6716 5551.6 6.6749 "" "" 0.002785495381830825 0.00510858 0.003998481 0.009107061 303.62983330255 28.69297781999 1559.52356 -1.072 -4.488 0.95
303.69441404847 28.32163034015 0.0256 0.0298 2.9749 "" "" 1837032077443564416 1598.72205 0.5968 0.0459 -1.173 -4.647 0.035 0.04 0.996 6995.1 4.2815 16.36072 1.947596 17.330526 15.38293 "" "" 1488.90637 1716.04382 5378.47189 2.7335 1596.6 8.5463 5571.7 9.8676 "" "" 0.002810031411589022 0.006446813 0.0042404155 0.010687228 303.69441404847 28.32163034015 1598.72205 -1.173 -4.647 0.96
303.68336233299 28.29980084847 0.0258 0.0318 4.4034 "" "" 1837031974364347776 1682.11707 0.5766 0.0475 -0.98 -4.667 0.035 0.04 0.995 7174.7 4.2998 16.447027 1.871244 17.369146 15.497902 "" "" 1548.39136 1824.85059 4967.47263 2.2029 1540.8 6.2054 5011.8 8.8281 "" "" 0.002797073133240951 0.0051870407 0.00423572 0.00942276 303.68336233299 28.29980084847 1682.11707 -0.9800000000000002 -4.667000000000001 0.91
303.63155010481 28.34186053786 0.0259 0.0312 5.0014 "" "" 1837033039516267264 1631.96216 0.5864 0.0451 -1.115 -4.763 0.033 0.039 0.961 7260.9 4.1845 16.45464 1.947321 17.428217 15.480896 "" "" 1492.30591 1751.95801 4932.7736 2.0246 1459.3 6.1157 5091.0 8.4256 "" "" 0.002791124075121694 0.005337502 0.0041847997 0.009522302 303.63155010481 28.34186053786 1631.96216 -1.115 -4.763 0.95
303.88314920929 28.40652452166 0.0274 0.0351 8.8364 "" "" 1837028263512722816 1256.29053 0.7784 0.0505 -1.145 -4.678 0.037 0.045 1.032 7158.4 4.3649 16.497318 1.725405 17.320387 15.594982 "" "" 1173.64758 1331.24133 4742.6315 2.1661 1611.6 7.8062 4583.2 7.579 "" "" 0.002799588203637273 0.0059533673 0.00418417 0.0101375375 303.88314920929 28.40652452166 1256.29053 -1.145 -4.677999999999999 0.86
303.76244067921 28.34030031628 0.0274 0.0322 2.5517 "" "" 1837037849879587328 1655.79443 0.5954 0.0475 -1.119 -4.656 0.038 0.044 1.005 7177.7 4.3002 16.561165 1.796122 17.43588 15.639759 "" "" 1527.96436 1779.56775 4471.78771 1.9291 1449.0 9.1984 4398.0 7.0377 "" "" 0.0027948468199717686 0.007435706 0.0041596014 0.011595307 303.76244067921 28.34030031628 1655.79443 -1.1189999999999998 -4.655999999999999 0.97
303.7865984067 28.42717469573 0.028 0.0361 5.0508 "" "" 1837040942256199808 1595.15161 0.6181 0.0522 -1.073 -4.684 0.038 0.047 1.005 6425.8 4.4114 16.577955 1.791287 17.450647 15.659361 "" "" 1479.15442 1709.49207 4403.16333 1.9959 1429.4 7.4922 4319.3 6.8954 "" "" 0.002798928708158012 0.0063380776 0.0041578854 0.010495963 303.7865984067 28.42717469573 1595.15161 -1.073 -4.683999999999999 0.96
303.8342548759 28.338435179 0.0306 0.0382 6.0942 "" "" 1837026506859346944 1486.50952 0.6606 0.0559 -1.104 -4.616 0.041 0.049 0.957 5215.7 4.2922 16.780313 1.945696 17.750797 15.805101 "" "" 1349.63953 1608.32666 3654.44496 1.8819 1084.2 6.8715 3776.7 8.5526 "" "" 0.002811475851579658 0.0074253934 0.0045087757 0.011934169 303.8342548759 28.338435179 1486.50952 -1.104 -4.616 0.8
303.53757974319 28.30466874511 0.0318 0.0378 10.4152 "" "" 1837034207747395072 1517.11279 0.6378 0.0543 -1.117 -4.702 0.042 0.046 1.055 6352.8 4.4347 16.812695 1.876677 17.732502 15.855825 "" "" 1389.69849 1675.7406 3547.06615 1.8387 1102.6 5.7212 3604.4 7.2497 "" "" 0.0028122145149375804 0.0062867785 0.004364937 0.010651715 303.53757974319 28.30466874511 1517.11279 -1.117 -4.702 0.95
303.42363640734 28.27113379122 0.0323 0.0409 16.7608 "" "" 1837034413905854848 1509.83032 0.6448 0.0587 -1.376 -4.741 0.043 0.05 0.995 5878.4 4.4419 16.931725 1.869093 17.85064 15.981546 "" "" 1399.10522 1642.59912 3178.75296 1.6782 988.92 5.1596 3210.3 7.6262 "" "" 0.002814312578864294 0.0063146027 0.004575594 0.010890197 303.42363640734 28.27113379122 1509.83032 -1.3760000000000001 -4.741 0.88
