Clusters/UBC_133/UBC_133_members.tsv
# %ECSV 1.0
# ---
# datatype:
# - name: RA_ICRS_1
#   unit: deg
#   datatype: float64
#   format: '{:15.11f}'
#   description: Right ascension (ICRS) at Ep=2016.0 (ra)
#   meta: !!omap
#   - {ucd: POS_EQ_RA_MAIN}
#   - {width: 15}
#   - {precision: '11'}
# - name: DE_ICRS_1
#   unit: deg
#   datatype: float64
#   format: '{:15.11f}'
#   description: Declination (ICRS) at Ep=2016.0 (dec)
#   meta: !!omap
#   - {ucd: POS_EQ_DEC_MAIN}
#   - {width: 15}
#   - {precision: '11'}
# - name: e_RA_ICRS
#   unit: mas
#   datatype: float64
#   format: '{:7.4f}'
#   description: Standard error of right ascension (ra_error)
#   meta: !!omap
#   - {ucd: ERROR}
#   - {width: 7}
#   - {precision: '4'}
# - name: e_DE_ICRS
#   unit: mas
#   datatype: float64
#   format: '{:7.4f}'
#   description: Standard error of declination (dec_error)
#   meta: !!omap
#   - {ucd: ERROR}
#   - {width: 7}
#   - {precision: '4'}
# - name: _r_1
#   unit: ''
#   datatype: float64
#   format: '{:7.4f}'
#   description: Distance from center (303.72270688000+28.36450600000)[ICRS], at Epoch=J2016.0
#   meta: !!omap
#   - {ucd: POS_ANG_DIST_GENERAL}
#   - {width: 7}
#   - {precision: '4'}
# - name: HIP
#   datatype: int32
#   description: '? HIP cross-id number, van Leeuwen, Cat. I/311 (hip_original_ext_source_id)'
#   meta: !!omap
#   - {ucd: ID_NUMBER}
#   - {width: 6}
#   - values: {'null': -2147483648}
# - name: TYC2
#   datatype: string
#   description: Tycho-2 cross-id name, Hog et al., Cat. I/259 (tyc2_original_ext_source_id)
#   meta: !!omap
#   - {ucd: ID_CROSSID}
#   - {_votable_string_dtype: char}
# - name: Source
#   datatype: int64
#   description: Source identifier, identical to the Gaia-EDR3 source_id (id)
#   meta: !!omap
#   - {ucd: ID_MAIN}
#   - {width: 19}
# - name: rgeo
#   unit: pc
#   datatype: float64
#   format: '{:15.8f}'
#   description: '? Median of the geometric distance posterior (r_med_geo)'
#   meta: !!omap
#   - {ucd: PHYS_DISTANCE_TRUE}
#   - {width: 15}
#   - {precision: '8'}
#   - values: {'null': .nan}
# - name: Plx
#   unit: mas
#   datatype: float64
#   format: '{:9.4f}'
#   description: '? Parallax (parallax)'
#   meta: !!omap
#   - {ucd: POS_PARLX_TRIG}
#   - {width: 9}
#   - {precision: '4'}
#   - values: {'null': .nan}
# - name: e_Plx
#   unit: mas
#   datatype: float32
#   format: '{:7.4f}'
#   description: '? Standard error of parallax (parallax_error)'
#   meta: !!omap
#   - {ucd: ERROR}
#   - {width: 7}
#   - {precision: '4'}
#   - values: {'null': .nan}
# - name: pmRA
#   unit: mas / yr
#   datatype: float64
#   format: '{:9.3f}'
#   description: '? Proper motion in right ascension direction, pmRA*cosDE (pmra)'
#   meta: !!omap
#   - {ucd: POS_EQ_PMRA}
#   - {width: 9}
#   - {precision: '3'}
#   - values: {'null': .nan}
# - name: pmDE
#   unit: mas / yr
#   datatype: float64
#   format: '{:9.3f}'
#   description: '? Proper motion in declination direction (pmdec)'
#   meta: !!omap
#   - {ucd: POS_EQ_PMDEC}
#   - {width: 9}
#   - {precision: '3'}
#   - values: {'null': .nan}
# - name: e_pmRA
#   unit: mas / yr
#   datatype: float32
#   format: '{:6.3f}'
#   description: '? Standard error of proper motion in right ascension direction (pmra_error)'
#   meta: !!omap
#   - {ucd: ERROR}
#   - {width: 6}
#   - {precision: '3'}
#   - values: {'null': .nan}
# - name: e_pmDE
[...]
#         unit: &id001 !astropy.units.Unit {unit: deg}
#         value: !astropy.table.SerializedColumn {name: SkyCoord.dec}
#       distance: !astropy.table.SerializedColumn
#         __class__: astropy.coordinates.distances.Distance
#         unit: !astropy.units.Unit {unit: pc}
#         value: !astropy.table.SerializedColumn {name: SkyCoord.distance}
#       frame: icrs
#       obstime: !astropy.time.Time {format: jyear_str, in_subfmt: '*', jd1: 367701545.0, jd2: 0.0, out_subfmt: '*', precision: 3, scale: tt}
#       pm_dec: !astropy.table.SerializedColumn
#         __class__: astropy.units.quantity.Quantity
#         unit: !astropy.units.Unit {unit: mas / yr}
#         value: !astropy.table.SerializedColumn {name: SkyCoord.pm_dec}
#       pm_ra_cosdec: !astropy.table.SerializedColumn
#         __class__: astropy.units.quantity.Quantity
#         unit: !astropy.units.Unit {unit: mas / yr}
#         value: !astropy.table.SerializedColumn {name: SkyCoord.pm_ra_cosdec}
#       ra: !astropy.table.SerializedColumn
#         __class__: astropy.coordinates.angles.Longitude
#         unit: *id001
#         value: !astropy.table.SerializedColumn {name: SkyCoord.ra}
#         wrap_angle: !astropy.coordinates.Angle
#           unit: *id001
#           value: 360.0
#       representation_type: spherical
# schema: astropy-2.0
RA_ICRS_1 DE_ICRS_1 e_RA_ICRS e_DE_ICRS _r_1 HIP TYC2 Source rgeo Plx e_Plx pmRA pmDE e_pmRA e_pmDE RUWE Teff logg Gmag BP-RP BPmag RPmag RV e_RV b_rgeo B_rgeo FG e_FG FBP e_FBP FRP e_FRP RAVE5 RAVE6 e_Gmag e_BPmag e_RPmag e_BP-RP SkyCoord.ra SkyCoord.dec SkyCoord.distance SkyCoord.pm_ra_cosdec SkyCoord.pm_dec Pmemb
303.68581189901 28.34959939116 0.0079 0.0097 2.1436 "" 2167-160-1 1837032932125821568 1586.47266 0.6245 0.0138 -1.054 -4.796 0.011 0.013 1.156 6598.0 2.7643 12.203124 1.36478 12.808468 11.443688 "" "" 1552.60376 1620.19617 247569.52563 34.422 102810.0 60.288 209740.0 56.978 "" "" 0.002759452566499845 0.0028618888 0.0037908736 0.006652762 303.68581189901 28.34959939116 1586.47266 -1.0539999999999998 -4.795999999999999 0.93
303.64433529909 28.42156979401 0.006 0.0072 5.3698 "" "" 1837042351005379840 1621.54626 0.6028 0.01 -1.126 -4.807 0.008 0.009 0.909 11380.2 3.5614 12.406931 1.369835 13.013338 11.643503 "" "" 1598.63513 1645.17578 205198.55959 29.65 85130.0 34.402 174480.0 67.17 "" "" 0.0027597828801695554 0.002824457 0.0038024245 0.0066268817 303.64433529909 28.42156979401 1621.54626 -1.1259999999999997 -4.807 0.96
303.76688986222 28.27144479758 0.0067 0.0081 6.0518 "" "" 1837019948455873792 1598.63904 0.6136 0.0122 -1.061 -4.839 0.009 0.01 0.966 "" "" 12.452811 1.207201 12.969893 11.762692 "" "" 1564.46326 1635.37854 196708.16713 27.76 88605.0 51.286 156340.0 44.836 "" "" 0.0027595772161790747 0.0028600676 0.0037921867 0.0066522546 303.76688986222 28.27144479758 1598.63904 -1.061 -4.839 0.98
303.67004547155 28.34020938532 0.0074 0.0089 3.1396 "" "" 1837032902077300608 1598.12073 0.6126 0.0126 -1.244 -4.707 0.01 0.011 1.086 "" "" 12.657261 1.572071 13.384812 11.812741 -38.04 14.63 1571.61487 1625.09436 162945.57265 22.352 60463.0 36.188 149300.0 43.13 "" "" 0.0027593425258879093 0.002864843 0.0037923742 0.006657217 303.67004547155 28.34020938532 1598.12073 -1.244 -4.707 0.98
303.79469251238 28.3552277687 0.0066 0.0085 3.8413 "" "" 1837038223525529856 1593.27563 0.6098 0.0124 -1.107 -4.769 0.009 0.01 0.877 11030.0 3.6491 12.826973 1.217426 13.34965 12.132224 -12.41 27.54 1557.4928 1623.66711 139366.20934 20.034 62453.0 38.55 111240.0 27.706 "" "" 0.0027597371140146224 0.0028695292 0.0037890438 0.0066585727 303.79469251238 28.3552277687 1593.27563 -1.1070000000000002 -4.769 0.98
303.79142185294 28.43320281196 0.0087 0.0109 5.4902 "" "" 1837040942256199552 1812.53223 0.5317 0.016 -1.099 -4.88 0.012 0.014 1.034 "" "" 12.882388 1.069641 13.327284 12.257643 "" "" 1749.88867 1870.47083 132431.56537 19.184 63753.0 38.735 99106.0 22.434 "" "" 0.002759805468843706 0.0028670917 0.0037873646 0.0066544563 303.79142185294 28.43320281196 1812.53223 -1.0990000000000004 -4.880000000000001 0.97
303.66010158807 28.46780017983 0.007 0.0083 7.0232 "" "" 1837043691035182336 1526.29346 0.623 0.0114 -1.089 -4.676 0.01 0.011 1.016 10560.3 3.6831 13.183851 1.305203 13.753036 12.447832 "" "" 1504.81128 1549.4707 100324.30679 16.429 43073.0 29.123 83181.0 19.997 "" "" 0.0027610508662830493 0.0028851258 0.0037883844 0.00667351 303.66010158807 28.46780017983 1526.29346 -1.089 -4.676000000000001 0.99
303.65091104465 28.2997480057 0.0073 0.0086 5.429 "" "" 1837032317961743616 1559.05493 0.6068 0.0126 -1.083 -4.71 0.01 0.011 0.986 7579.0 3.4466 13.272298 1.632741 14.037946 12.405205 "" "" 1524.86023 1591.53748 92475.65695 20.762 33131.0 25.538 86512.0 42.643 "" "" 0.002766081945354864 0.0029129812 0.0038170852 0.0067300666 303.65091104465 28.2997480057 1559.05493 -1.0829999999999997 -4.71 0.99
303.72229415072 28.36610097006 0.0071 0.0091 0.0981 "" "" 1837038880671762944 1586.45325 0.5994 0.0132 -1.176 -4.689 0.01 0.012 1.004 10154.7 3.8389 13.298658 1.29682 13.864799 12.567979 "" "" 1556.39954 1620.18677 90257.48353 12.631 38860.0 26.317 74468.0 21.96 "" "" 0.002759506455571465 0.0028854285 0.0037929197 0.0066783484 303.72229415072 28.36610097006 1586.45325 -1.1760000000000004 -4.689 0.98
303.61991835548 28.3855475645 0.0078 0.0088 5.5713 "" "" 1837036406770765312 1598.12317 0.5916 0.0128 -1.104 -4.658 0.01 0.011 1.039 10052.0 3.6836 13.467518 1.324098 14.047969 12.723871 "" "" 1571.87256 1631.56287 77257.34248 11.1 32827.0 22.8 64507.0 25.505 "" "" 0.0027597325038091706 0.002890279 0.0038036837 0.006693963 303.61991835548 28.3855475645 1598.12317 -1.1039999999999999 -4.658 0.99
303.86067377205 28.44376063018 0.0083 0.0104 8.6967 "" "" 1837040667378282752 1592.19409 0.5995 0.0149 -1.091 -4.624 0.012 0.013 0.97 9739.2 3.8174 13.529485 1.187959 14.035774 12.847815 "" "" 1554.99792 1628.38892 72971.43593 9.5108 33198.0 31.301 57548.0 19.893 "" "" 0.0027589517225610665 0.0029720364 0.0037979716 0.0067700082 303.86067377205 28.44376063018 1592.19409 -1.091 -4.624 0.99
303.74495095282 28.24838970121 0.0082 0.0098 7.0654 "" "" 1837019811016922496 1517.43982 0.6287 0.0146 -1.188 -4.721 0.011 0.012 0.975 "" "" 13.582638 1.197047 14.094789 12.897742 "" "" 1482.33984 1553.86914 69485.06372 10.155 31441.0 20.406 54962.0 16.583 "" "" 0.0027598854416990837 0.0028777784 0.0037935523 0.006671331 303.74495095282 28.24838970121 1517.43982 -1.188 -4.721000000000001 0.99
303.58202210107 28.32265225855 0.0079 0.0094 7.8421 "" "" 1837035547777179392 1655.48254 0.5732 0.0137 -1.114 -4.693 0.01 0.011 1.046 15001.2 4.1368 13.657554 1.328963 14.240925 12.911962 "" "" 1618.23499 1691.96265 64852.30263 77.755 27482.0 91.302 54247.0 210.85 "" "" 0.0030473495766703703 0.0045602745 0.005665062 0.010225337 303.58202210107 28.32265225855 1655.48254 -1.1139999999999999 -4.693 0.99
303.65867342206 28.37874468863 0.008 0.0099 3.4868 "" "" 1837036161945935872 1525.98328 0.6202 0.0136 -1.134 -4.61 0.011 0.013 1.084 "" "" 13.664371 1.522537 14.36132 12.838782 "" "" 1498.09058 1556.27869 64446.30407 12.341 24597.0 18.073 58029.0 16.511 "" "" 0.0027631533114130047 0.002901977 0.0037919865 0.0066939634 303.65867342206 28.37874468863 1525.98328 -1.134 -4.609999999999999 0.98
303.67757314661 28.34289978497 0.0088 0.0114 2.7129 "" "" 1837032936437035648 1545.3855 0.6149 0.0165 -1.094 -4.793 0.012 0.015 1.127 "" "" 13.730574 1.639822 14.500012 12.86019 15.03 6.88 1505.30078 1591.0863 60634.13482 12.255 21648.0 17.32 56896.0 23.922 "" "" 0.0027640449246597353 0.0029222653 0.0038068516 0.0067291167 303.67757314661 28.34289978497 1545.3855 -1.0940000000000003 -4.793000000000001 0.98
303.90120481701 28.52892132715 0.0085 0.0105 13.6379 "" "" 1837135637696646016 1611.9856 0.5896 0.0149 -1.182 -4.603 0.012 0.013 0.991 8828.4 3.7058 13.880121 1.330531 14.465035 13.134504 "" "" 1576.29932 1644.75452 52832.13173 7.9466 22356.0 18.968 44193.0 15.983 "" "" 0.0027601555957262156 0.0029383074 0.003799726 0.006738033 303.90120481701 28.52892132715 1611.9856 -1.1820000000000002 -4.603 0.99
303.5966345206 28.38452154059 0.0086 0.0103 6.763 "" "" 1837036372410910976 1557.14404 0.6123 0.0143 -1.071 -4.7 0.011 0.013 1.024 9764.2 3.8062 13.880668 1.24223 14.416115 13.173884 "" "" 1527.2002 1596.30237 52805.54351 7.2788 23387.0 16.587 42619.0 14.908 "" "" 0.0027593817060057434 0.0028944812 0.0037984161 0.0066928975 303.5966345206 28.38452154059 1557.14404 -1.071 -4.699999999999999 0.99
303.8578114147 28.03131009975 0.0079 0.01 21.2299 "" "" 1836966450341828992 1587.55078 0.5951 0.0142 -1.035 -4.673 0.011 0.012 0.957 9613.6 3.8257 13.886504 1.324243 14.468148 13.143905 "" "" 1550.37048 1626.53064 52522.45991 6.7809 22292.0 16.521 43812.0 15.574 "" "" 0.0027588834835042745 0.0029038808 0.0037990373 0.006702918 303.8578114147 28.03131009975 1587.55078 -1.0350000000000001 -4.673 0.98
303.70274541847 28.3737149514 0.0091 0.0109 1.1899 "" "" 1837039052470464384 1500.61072 0.6315 0.0154 -1.156 -4.707 0.012 0.014 1.032 9204.3 3.871 14.020068 1.485898 14.694326 13.208428 4.41 8.65 1464.55139 1537.83936 46442.92936 7.7329 18100.0 14.551 41284.0 19.648 "" "" 0.002761244342443723 0.0029235103 0.0038145424 0.0067380527 303.70274541847 28.3737149514 1500.61072 -1.156 -4.706999999999999 0.99
303.7055082161 28.3695397269 0.0091 0.0112 0.9569 "" "" 1837038846312031744 1517.88489 0.6311 0.0158 -1.098 -4.701 0.012 0.015 1.117 "" "" 14.050358 1.428964 14.692838 13.263874 "" "" 1479.2699 1570.41467 45165.16706 7.4106 18125.0 12.855 39229.0 14.84 "" "" 0.0027610731804999285 0.0028944814 0.003801634 0.0066961152 303.7055082161 28.3695397269 1517.88489 -1.0979999999999999 -4.701 0.98
303.93527546174 28.67934195231 0.0092 0.0111 21.964 "" "" 1837141203974587520 1576.27344 0.606 0.0152 -1.313 -4.521 0.013 0.014 1.028 9734.8 3.9289 14.082114 1.29125 14.646379 13.355128 "" "" 1533.21216 1606.49084 43863.28605 6.4962 18918.0 14.631 36067.0 13.977 "" "" 0.0027600082654659626 0.0029137847 0.0038027307 0.0067165154 303.93527546174 28.67934195231 1576.27344 -1.3130000000000002 -4.521 0.89
303.74341071076 28.23961281037 0.0099 0.0116 7.573 "" "" 1837019604858490368 1520.08423 0.6293 0.0178 -1.176 -4.7 0.014 0.015 1.003 9250.4 3.8841 14.212966 1.250978 14.754071 13.503093 "" "" 1473.87305 1558.68872 38883.06066 6.7587 17131.0 10.324 31472.0 14.323 "" "" 0.0027617759021929663 0.002865865 0.0038115461 0.006677411 303.74341071076 28.23961281037 1520.08423 -1.176 -4.7 0.99
303.77675744986 28.33516745988 0.0102 0.012 3.3533 "" "" 1837037815519839104 1544.14111 0.6161 0.0178 -1.025 -4.744 0.014 0.016 1.02 9204.1 3.8212 14.369784 1.289086 14.930801 13.641715 "" "" 1503.0321 1581.70569 33653.7078 5.5062 14558.0 14.641 27700.0 13.208 "" "" 0.0027610407001692084 0.0029962228 0.003814675 0.006810898 303.77675744986 28.33516745988 1544.14111 -1.0249999999999997 -4.744 0.97
303.72928888574 28.32482838187 0.011 0.0131 2.4059 "" "" 1837037918599220480 1560.7926 0.609 0.0194 -1.08 -4.637 0.015 0.017 0.988 "" "" 14.500843 1.412991 15.133586 13.720595 "" "" 1517.60876 1604.22412 29827.00114 6.3294 12078.0 12.025 25758.0 21.766 "" "" 0.002764936217590337 0.002992248 0.0038891484 0.0068813963 303.72928888574 28.32482838187 1560.7926 -1.0800000000000003 -4.6370000000000005 0.99
303.5907588337 28.41573376922 0.011 0.0128 7.6128 "" "" 1837037300123856256 1571.04004 0.6078 0.0183 -1.15 -4.687 0.015 0.016 0.962 9240.6 3.9267 14.524885 1.270599 15.076932 13.806333 "" "" 1530.40955 1608.63745 29173.78853 4.6749 12725.0 11.243 23803.0 11.036 "" "" 0.002760807683873926 0.0029504711 0.0038127587 0.00676323 303.5907588337 28.41573376922 1571.04004 -1.1500000000000001 -4.687000000000001 0.98
303.7674967587 28.58449653591 0.0113 0.0145 13.4092 "" "" 1837046096216983552 1481.24792 0.6475 0.0189 -1.142 -4.714 0.017 0.018 1.123 "" "" 14.565987 1.412827 15.199017 13.786189 "" "" 1443.32837 1523.27429 28090.0174 4.721 11371.0 11.759 24248.0 11.889 "" "" 0.0027613560038639872 0.0030076054 0.0038166896 0.006824295 303.7674967587 28.58449653591 1481.24792 -1.1420000000000001 -4.714 0.99
303.8216224018 28.33185082596 0.0112 0.0135 5.5786 "" "" 1837026408086682240 1479.87024 0.6415 0.0199 -1.178 -4.706 0.015 0.017 0.98 "" "" 14.608815 1.379696 15.220435 13.840739 "" "" 1444.1593 1531.80542 27003.53833 4.9882 11149.0 13.902 23060.0 13.818 "" "" 0.0027626100532272047 0.0031012767 0.0038349705 0.0069362475 303.8216224018 28.33185082596 1479.87024 -1.178 -4.7059999999999995 0.98
303.68789354683 28.3296303722 0.012 0.0153 2.7853 "" "" 1837032833357813760 1544.49023 0.6182 0.0222 -1.129 -4.796 0.016 0.019 1.024 9215.9 3.8206 14.614511 1.468491 15.278285 13.809794 "" "" 1494.65356 1599.53552 26862.25664 5.8783 10571.0 10.739 23727.0 13.511 "" "" 0.0027655451219797344 0.0030002731 0.0038296173 0.0068298904 303.68789354683 28.3296303722 1544.49023 -1.129 -4.796 0.96
303.66088308473 28.32896835409 0.0115 0.0137 3.8993 "" "" 1837032798998086016 1657.02515 0.5711 0.0202 -1.106 -4.688 0.015 0.017 1.006 9239.4 3.7779 14.685448 1.611122 15.435818 13.824696 "" "" 1604.18384 1709.65466 25163.29872 5.117 9143.0 8.0229 23403.0 12.748 "" "" 0.0027641519504859086 0.0029483438 0.003825376 0.0067737196 303.66088308473 28.32896835409 1657.02515 -1.106 -4.688000000000001 0.96
303.68941150271 28.35642147429 0.0121 0.0146 1.8236 "" "" 1837038811952295936 1468.62793 0.6441 0.0207 -1.12 -4.753 0.016 0.019 1.067 7874.2 3.7612 14.780364 1.493333 15.457191 13.963859 "" "" 1426.29456 1513.80652 23056.90909 5.0174 8964.8 11.735 20588.0 15.23 "" "" 0.0027654314676869274 0.003131288 0.0038637829 0.0069950707 303.68941150271 28.35642147429 1468.62793 -1.1199999999999999 -4.753 0.93
303.73214014973 28.49743018267 0.0121 0.0144 7.991 "" "" 1837044515669011840 1540.00513 0.6165 0.0203 -1.144 -4.682 0.018 0.019 1.0 9250.8 4.1172 14.793578 1.282713 15.344818 14.062105 "" "" 1497.92041 1596.66992 22777.98774 3.7331 9942.4 12.327 18807.0 31.194 "" "" 0.002761060081629925 0.0030979256 0.0041864975 0.0072844233 303.73214014973 28.49743018267 1540.00513 -1.1440000000000001 -4.682 0.98
303.83180234755 28.6586152113 0.012 0.0154 18.5603 "" "" 1837140546829196928 1495.25232 0.6368 0.0201 -1.058 -4.696 0.018 0.019 1.002 "" "" 14.81145 1.431883 15.455116 14.023233 "" "" 1459.78394 1535.25525 22406.11663 4.2752 8981.9 9.3446 19492.0 12.665 "" "" 0.0027630972283185324 0.003010149 0.003844659 0.006854808 303.83180234755 28.6586152113 1495.25232 -1.0579999999999998 -4.696 0.99
303.58085255725 28.34936162509 0.0127 0.015 7.5449 "" "" 1837035891374571520 1536.73499 0.6189 0.0216 -1.121 -4.686 0.017 0.018 1.035 7411.3 3.8371 14.859292 1.498261 15.541843 14.043582 "" "" 1489.22351 1601.83228 21440.25512 3.9919 8292.4 7.4495 19130.0 9.8022 "" "" 0.0027627258421223694 0.0029557406 0.0038201087 0.0067758495 303.58085255725 28.34936162509 1536.73499 -1.1210000000000002 -4.686 0.98
303.96421568073 28.27671216043 0.0128 0.017 13.8009 "" "" 1837023453149113984 1616.5354 0.5941 0.0245 -1.116 -4.677 0.018 0.022 1.037 9245.1 4.0682 14.937342 1.509882 15.627388 14.117506 "" "" 1548.82373 1684.44678 19953.09236 3.9862 7664.1 10.483 17871.0 12.254 "" "" 0.0027638447794850972 0.0031607752 0.0038520098 0.007012785 303.96421568073 28.27671216043 1616.5354 -1.116 -4.677 0.98
303.57608919781 28.4329784617 0.0139 0.0157 8.7614 "" "" 1837037506282296576 1665.98242 0.5757 0.0217 -1.138 -4.74 0.019 0.02 1.065 9173.8 4.1741 15.046933 1.383898 15.664096 14.280198 "" "" 1613.28845 1713.95959 18037.38029 3.6091 7409.3 8.6261 15384.0 10.983 "" "" 0.0027638713409505146 0.003063144 0.003858051 0.006921195 303.57608919781 28.4329784617 1665.98242 -1.138 -4.74 0.99
303.68717071819 28.49044453929 0.0138 0.0168 7.7855 "" "" 1837043828474255104 1548.74622 0.613 0.0233 -1.105 -4.767 0.02 0.022 1.03 "" "" 15.072989 1.350282 15.672444 14.322163 "" "" 1483.6947 1602.84949 17609.65343 3.4821 7352.6 8.885 14801.0 13.499 "" "" 0.002763671799890295 0.0030832528 0.003906952 0.006990205 303.68717071819 28.49044453929 1548.74622 -1.1050000000000002 -4.767 0.99
303.45524458434 28.16480124269 0.0136 0.0175 18.5298 "" "" 1837006651236458752 1642.03906 0.5859 0.0236 -1.192 -4.48 0.019 0.021 1.059 "" "" 15.094844 1.647965 15.868284 14.220319 "" "" 1571.24292 1692.50342 17258.74097 3.9652 6139.1 8.4678 16257.0 11.89 "" "" 0.0027665888353465506 0.0031666695 0.003861903 0.0070285723 303.45524458434 28.16480124269 1642.03906 -1.192 -4.48 0.96
303.73184311371 28.36604025951 0.0138 0.017 0.4911 "" "" 1837038880671759360 1540.6012 0.6201 0.0253 -1.094 -4.751 0.019 0.023 0.985 9200.8 4.1202 15.15703 1.431482 15.802682 14.3712 "" "" 1477.21875 1612.79114 16298.02046 3.3562 6521.5 7.9286 14147.0 9.5859 "" "" 0.002764376677258845 0.0030866556 0.0038503197 0.0069369753 303.73184311371 28.36604025951 1540.6012 -1.0940000000000003 -4.751 0.98
303.755576078 28.36892629944 0.014 0.0167 1.7555 "" "" 1837038159117243904 1490.4624 0.6403 0.0245 -1.114 -4.633 0.019 0.022 1.027 9054.4 4.1435 15.16707 1.559957 15.887191 14.327234 "" "" 1443.40247 1534.52942 16147.9948 3.9565 6033.1 8.8386 14732.0 11.363 "" "" 0.0027681323836678726 0.0032117176 0.0038710514 0.0070827687 303.755576078 28.36892629944 1490.4624 -1.1140000000000003 -4.633 0.99
303.70304758082 28.29967030653 0.0142 0.0173 4.0263 "" "" 1837032008724077184 1489.32605 0.6426 0.0258 -1.231 -4.729 0.019 0.022 0.989 "" "" 15.185687 1.489832 15.861537 14.371705 "" "" 1436.32544 1537.45154 15873.47418 3.8512 6177.3 11.075 14141.0 12.348 "" "" 0.0027678835590714355 0.0034020834 0.0038964811 0.0072985645 303.70304758082 28.29967030653 1489.32605 -1.231 -4.728999999999999 0.98
