Clusters/NGC_6613/NGC_6613_stars_in_region.tsv
# %ECSV 1.0
# ---
# datatype:
# - name: RA_ICRS_1
#   unit: deg
#   datatype: float64
#   format: '{:15.11f}'
#   description: Right ascension (ICRS) at Ep=2016.0 (ra)
#   meta: !!omap
#   - {ucd: POS_EQ_RA_MAIN}
#   - {width: 15}
#   - {precision: '11'}
# - name: DE_ICRS_1
#   unit: deg
#   datatype: float64
#   format: '{:15.11f}'
#   description: Declination (ICRS) at Ep=2016.0 (dec)
#   meta: !!omap
#   - {ucd: POS_EQ_DEC_MAIN}
#   - {width: 15}
#   - {precision: '11'}
# - name: e_RA_ICRS
#   unit: mas
#   datatype: float64
#   format: '{:7.4f}'
#   description: Standard error of right ascension (ra_error)
#   meta: !!omap
#   - {ucd: ERROR}
#   - {width: 7}
#   - {precision: '4'}
# - name: e_DE_ICRS
#   unit: mas
#   datatype: float64
#   format: '{:7.4f}'
#   description: Standard error of declination (dec_error)
#   meta: !!omap
#   - {ucd: ERROR}
#   - {width: 7}
#   - {precision: '4'}
# - name: _r_1
#   unit: ''
#   datatype: float64
#   format: '{:7.4f}'
#   description: Distance from center (274.99750699000-17.09239427000)[ICRS], at Epoch=J2016.0
#   meta: !!omap
#   - {ucd: POS_ANG_DIST_GENERAL}
#   - {width: 7}
#   - {precision: '4'}
# - name: HIP
#   datatype: int32
#   description: '? HIP cross-id number, van Leeuwen, Cat. I/311 (hip_original_ext_source_id)'
#   meta: !!omap
#   - {ucd: ID_NUMBER}
#   - {width: 6}
#   - values: {'null': -2147483648}
# - name: TYC2
#   datatype: string
#   description: Tycho-2 cross-id name, Hog et al., Cat. I/259 (tyc2_original_ext_source_id)
#   meta: !!omap
#   - {ucd: ID_CROSSID}
#   - {_votable_string_dtype: char}
# - name: Source
#   datatype: int64
#   description: Source identifier, identical to the Gaia-EDR3 source_id (id)
#   meta: !!omap
#   - {ucd: ID_MAIN}
#   - {width: 19}
# - name: rgeo
#   unit: pc
#   datatype: float64
#   format: '{:15.8f}'
#   description: '? Median of the geometric distance posterior (r_med_geo)'
#   meta: !!omap
#   - {ucd: PHYS_DISTANCE_TRUE}
#   - {width: 15}
#   - {precision: '8'}
#   - values: {'null': .nan}
# - name: Plx
#   unit: mas
#   datatype: float64
#   format: '{:9.4f}'
#   description: '? Parallax (parallax)'
#   meta: !!omap
#   - {ucd: POS_PARLX_TRIG}
#   - {width: 9}
#   - {precision: '4'}
#   - values: {'null': .nan}
# - name: e_Plx
#   unit: mas
#   datatype: float32
#   format: '{:7.4f}'
#   description: '? Standard error of parallax (parallax_error)'
#   meta: !!omap
#   - {ucd: ERROR}
#   - {width: 7}
#   - {precision: '4'}
#   - values: {'null': .nan}
# - name: pmRA
#   unit: mas / yr
#   datatype: float64
#   format: '{:9.3f}'
#   description: '? Proper motion in right ascension direction, pmRA*cosDE (pmra)'
#   meta: !!omap
#   - {ucd: POS_EQ_PMRA}
#   - {width: 9}
#   - {precision: '3'}
#   - values: {'null': .nan}
# - name: pmDE
#   unit: mas / yr
#   datatype: float64
#   format: '{:9.3f}'
#   description: '? Proper motion in declination direction (pmdec)'
#   meta: !!omap
#   - {ucd: POS_EQ_PMDEC}
#   - {width: 9}
#   - {precision: '3'}
#   - values: {'null': .nan}
# - name: e_pmRA
#   unit: mas / yr
#   datatype: float32
#   format: '{:6.3f}'
#   description: '? Standard error of proper motion in right ascension direction (pmra_error)'
#   meta: !!omap
#   - {ucd: ERROR}
#   - {width: 6}
#   - {precision: '3'}
#   - values: {'null': .nan}
# - name: e_pmDE
[...]
#         value: !astropy.table.SerializedColumn {name: SkyCoord.dec}
#       distance: !astropy.table.SerializedColumn
#         __class__: astropy.coordinates.distances.Distance
#         unit: !astropy.units.Unit {unit: pc}
#         value: !astropy.table.SerializedColumn {name: SkyCoord.distance}
#       frame: icrs
#       obstime: !astropy.time.Time {format: jyear_str, in_subfmt: '*', jd1: 367701545.0, jd2: 0.0, out_subfmt: '*', precision: 3, scale: tt}
#       pm_dec: !astropy.table.SerializedColumn
#         __class__: astropy.units.quantity.Quantity
#         unit: !astropy.units.Unit {unit: mas / yr}
#         value: !astropy.table.SerializedColumn {name: SkyCoord.pm_dec}
#       pm_ra_cosdec: !astropy.table.SerializedColumn
#         __class__: astropy.units.quantity.Quantity
#         unit: !astropy.units.Unit {unit: mas / yr}
#         value: !astropy.table.SerializedColumn {name: SkyCoord.pm_ra_cosdec}
#       ra: !astropy.table.SerializedColumn
#         __class__: astropy.coordinates.angles.Longitude
#         unit: *id001
#         value: !astropy.table.SerializedColumn {name: SkyCoord.ra}
#         wrap_angle: !astropy.coordinates.Angle
#           unit: *id001
#           value: 360.0
#       representation_type: spherical
# schema: astropy-2.0
RA_ICRS_1 DE_ICRS_1 e_RA_ICRS e_DE_ICRS _r_1 HIP TYC2 Source rgeo Plx e_Plx pmRA pmDE e_pmRA e_pmDE RUWE Teff logg Gmag BP-RP BPmag RPmag RV e_RV b_rgeo B_rgeo FG e_FG FBP e_FBP FRP e_FRP RAVE5 RAVE6 e_Gmag e_BPmag e_RPmag e_BP-RP SkyCoord.ra SkyCoord.dec SkyCoord.distance SkyCoord.pm_ra_cosdec SkyCoord.pm_dec rmRA rmDE e_rmRA e_rmDE rRV e_rRV v_pec v_pec3d e_vpec e_vpec3d
[from data line 3255]
274.64829408995 -17.32719452658 0.08 0.072 24.4757 "" "" 4097312561748641664 1116.9707 0.9071 0.0874 -4.824 -7.253 0.106 0.078 1.15 4440.0 4.7323 16.992264 1.507511 17.66568 16.158169 "" "" 1009.95251 1219.32703 3006.36333 2.5445 1172.6 14.919 2728.3 17.488 "" "" 0.002904519396486213 0.014092797 0.007919413 0.022012211 274.64829408995 -17.32719452658 1116.9707 -4.823999999999996 -7.253000000000003 -4.3065000166893 -6.388583341121674 0.15396962 0.12596962 "" "" 40.79123436377721 "" 5.52074050567043 ""
275.3467030209 -17.29171875819 0.1039 0.0921 23.3164 "" "" 4096574102323323904 1209.45288 0.8732 0.12 -0.286 -6.191 0.159 0.11 1.45 4388.3 4.3703 16.993177 1.599335 17.722042 16.122707 "" "" 1038.78503 1421.50513 3003.83097 4.0941 1113.3 9.6547 2818.9 17.386 "" "" 0.003127561345235658 0.009820374 0.00768935 0.017509723 275.3467030209 -17.29171875819 1209.45288 -0.286 -6.191 0.2314999833106995 -5.326583341121673 0.2069696 0.15796961 "" "" 30.56509848453149 "" 4.831617100625616 ""
275.07904960953 -16.6389631758 0.0741 0.0716 27.6058 "" "" 4097410040326708480 1257.45532 0.7711 0.087 1.026 -4.343 0.093 0.072 0.998 4680.0 4.6682 16.993444 1.391827 17.621967 16.23014 "" "" 1136.81592 1385.66003 3003.09293 2.5396 1220.8 8.8191 2553.3 11.75 "" "" 0.002904275596650673 0.008324896 0.00626483 0.014589726 275.07904960953 -16.6389631758 1257.45532 1.026 -4.343 1.5434999833106995 -3.4785833411216736 0.1409696 0.11996961 "" "" 22.682931641286487 "" 2.8051828288294116 ""
274.9366532525 -17.46156335846 0.1026 0.099 22.4229 "" "" 4097292353914654080 1342.03137 0.7667 0.1249 -0.481 -2.299 0.114 0.087 1.003 "" "" 16.993488 1.961838 17.988798 16.02696 "" "" 1174.54163 1564.06763 3002.97453 3.1394 870.76 9.6656 3078.7 16.522 "" "" 0.002979958633314726 0.01237064 0.0069450466 0.019315686 274.9366532525 -17.46156335846 1342.03137 -0.481 -2.299000000000002 0.03649998331069948 -1.4345833411216735 0.1619696 0.1349696 "" "" 9.128665963749405 "" 1.2322678433015095 ""
275.48509671018 -17.12407570757 0.0788 0.0713 28.0254 "" "" 4096583615593745792 1225.51514 0.8407 0.086 -1.155 -2.138 0.111 0.08 1.136 4568.5 4.7885 16.994036 1.420841 17.652693 16.231852 "" "" 1099.49512 1339.65991 3001.45765 3.3542 1186.7 10.373 2549.3 13.883 "" "" 0.0030106433235152765 0.009892123 0.0070173983 0.016909521 275.48509671018 -17.12407570757 1225.51514 -1.1550000000000007 -2.138 -0.6375000166893006 -1.2735833411216735 0.15896961 0.12796961 "" "" 8.27324813340192 "" 1.114846217165689 ""
274.81719914855 -17.21549893021 0.0952 0.0817 12.7049 "" "" 4097312424308760960 1408.6532 0.721 0.0841 -0.987 -4.334 0.118 0.08 0.913 4411.2 4.3894 16.995926 1.388086 17.627016 16.23893 "" "" 1242.28552 1600.87683 2996.24066 3.0475 1215.1 12.627 2532.7 11.158 "" "" 0.0029683820069080122 0.011622564 0.0060961964 0.01771876 274.81719914855 -17.21549893021 1408.6532 -0.987 -4.334 -0.4695000166893005 -3.469583341121673 0.16596961 0.12796961 "" "" 23.37760465677108 "" 3.0099129447253876 ""
274.84268744791 -17.3212880527 0.1022 0.1072 16.3508 "" "" 4097310328364559232 1197.59412 0.8876 0.1209 -1.601 -2.525 0.12 0.086 1.007 4366.1 4.8389 16.996387 1.371157 17.615108 16.243952 "" "" 1059.36267 1379.20105 2994.96561 2.8697 1228.5 15.492 2521.0 12.153 "" "" 0.0029451765766618145 0.013973083 0.006455899 0.020428982 274.84268744791 -17.3212880527 1197.59412 -1.601 -2.525 -1.0835000166893005 -1.6605833411216735 0.16796961 0.1339696 "" "" 11.255574098778254 "" 1.63160505747549 ""
275.27157845738 -16.73074211453 0.0788 0.0713 26.8027 "" "" 4097359183608785408 1607.05945 0.6363 0.0806 -2.682 0.292 0.106 0.077 1.012 4684.9 4.7358 16.997948 1.311785 17.600565 16.28878 "" "" 1422.93298 1846.61365 2990.66537 2.656 1245.1 7.1673 2419.1 7.2533 "" "" 0.0029191686466460195 0.00684447 0.00498813 0.0118326 275.27157845738 -16.73074211453 1607.05945 -2.682 0.29200000000000004 -2.1645000166893005 1.1564166588783265 0.15396962 0.12496961 "" "" 18.69362964335238 "" 2.7670601209450187 ""
274.65430742985 -17.06802896814 0.0795 0.0724 19.738 "" "" 4097365127841548416 1475.23999 0.6938 0.086 2.7 -2.5 0.093 0.07 0.953 4895.4 4.7952 16.998161 1.279797 17.576954 16.297157 "" "" 1321.10364 1734.94568 2990.07822 2.5977 1272.4 17.586 2400.5 15.857 "" "" 0.002912305984589909 0.015263287 0.008106917 0.023370204 274.65430742985 -17.06802896814 1475.23999 2.7000000000000006 -2.500000000000001 3.2174999833106996 -1.6355833411216736 0.1409696 0.11796961 "" "" 25.238906947167422 "" 3.4467024614934987 ""
275.26384414509 -16.70478514817 0.0773 0.0687 27.8327 "" "" 4097360386199651200 1426.39844 0.7039 0.0769 -1.405 0.436 0.098 0.075 0.987 4589.6 4.6475 16.99817 1.42901 17.650059 16.221048 "" "" 1267.86975 1611.33374 2990.05 2.6891 1189.6 8.4955 2574.8 11.838 "" "" 0.00292322703903282 0.008240499 0.0062611517 0.01450165 275.26384414509 -16.70478514817 1426.39844 -1.4049999999999998 0.436 -0.8875000166893006 1.3004166588783264 0.1459696 0.12296961 "" "" 10.644730337920413 "" 1.3914536089145455 ""
274.94318079154 -17.25821943211 0.0804 0.0677 10.4255 "" "" 4097305170097499904 1166.94385 0.8506 0.0814 -3.506 -1.197 0.11 0.079 0.96 4705.3 4.5679 16.99871 1.435885 17.664888 16.229004 "" "" 1054.14258 1314.37476 2988.5614 2.7023 1173.4 10.405 2556.0 11.616 "" "" 0.002924995618313993 0.010023807 0.006215338 0.016239146 274.94318079154 -17.25821943211 1166.94385 -3.5060000000000016 -1.197 -2.9885000166893003 -0.33258334112167365 0.15796961 0.1269696 "" "" 16.632380247257853 "" 2.62171572349102 ""
274.85744252554 -16.79372027939 0.0781 0.078 19.641 "" "" 4097401377367427840 1174.60413 0.8577 0.0988 -2.24 -11.2 0.107 0.077 0.95 4276.0 4.7284 16.999414 1.501747 17.702042 16.200294 "" "" 1033.04382 1339.69995 2986.62872 2.7379 1134.0 14.966 2624.5 15.965 "" "" 0.002929580471005656 0.014598161 0.0076095005 0.022207662 274.85744252554 -16.79372027939 1174.60413 -2.2399999999999998 -11.2 -1.7225000166893008 -10.335583341121673 0.1549696 0.12496961 "" "" 58.338305145579675 "" 7.34329716126339 ""
275.30770933497 -17.0332388105 0.0807 0.0747 18.1435 "" "" 4097333138926305664 1490.70618 0.664 0.0906 0.252 4.213 0.111 0.083 1.108 "" "" 16.9995 1.977011 17.990162 16.013151 "" "" 1313.36475 1680.32141 2986.39301 2.555 869.67 9.7073 3118.2 10.614 "" "" 0.0029076866766233967 0.012436085 0.0052860286 0.017722115 275.30770933497 -17.0332388105 1490.70618 0.252 4.212999999999999 0.7694999833106995 5.0774166588783265 0.15896961 0.13096961 "" "" 36.28643614162086 "" 4.777604771592001 ""
275.07556247349 -17.24181903851 0.0834 0.0735 10.0201 "" "" 4097306166529948416 1421.25659 0.7154 0.0956 -3.329 -7.899 0.107 0.076 1.028 8959.7 4.319 16.999619 2.057421 17.97988 15.922459 "" "" 1246.37292 1637.66687 2986.06801 3.5982 877.94 10.697 3389.8 24.855 "" "" 0.003050157128078649 0.013519875 0.008812501 0.022332376 275.07556247349 -17.24181903851 1421.25659 -3.329 -7.898999999999998 -2.8115000166893007 -7.034583341121674 0.1549696 0.12396961 "" "" 51.03505047666674 "" 6.567373046541743 ""
