Clusters/NGC_6613/NGC_6613_stars_in_region.tsv
# %ECSV 1.0
# ---
# datatype:
# - name: RA_ICRS_1
#   unit: deg
#   datatype: float64
#   format: '{:15.11f}'
#   description: Right ascension (ICRS) at Ep=2016.0 (ra)
#   meta: !!omap
#   - {ucd: POS_EQ_RA_MAIN}
#   - {width: 15}
#   - {precision: '11'}
# - name: DE_ICRS_1
#   unit: deg
#   datatype: float64
#   format: '{:15.11f}'
#   description: Declination (ICRS) at Ep=2016.0 (dec)
#   meta: !!omap
#   - {ucd: POS_EQ_DEC_MAIN}
#   - {width: 15}
#   - {precision: '11'}
# - name: e_RA_ICRS
#   unit: mas
#   datatype: float64
#   format: '{:7.4f}'
#   description: Standard error of right ascension (ra_error)
#   meta: !!omap
#   - {ucd: ERROR}
#   - {width: 7}
#   - {precision: '4'}
# - name: e_DE_ICRS
#   unit: mas
#   datatype: float64
#   format: '{:7.4f}'
#   description: Standard error of declination (dec_error)
#   meta: !!omap
#   - {ucd: ERROR}
#   - {width: 7}
#   - {precision: '4'}
# - name: _r_1
#   unit: ''
#   datatype: float64
#   format: '{:7.4f}'
#   description: Distance from center (274.99750699000-17.09239427000)[ICRS], at Epoch=J2016.0
#   meta: !!omap
#   - {ucd: POS_ANG_DIST_GENERAL}
#   - {width: 7}
#   - {precision: '4'}
# - name: HIP
#   datatype: int32
#   description: '? HIP cross-id number, van Leeuwen, Cat. I/311 (hip_original_ext_source_id)'
#   meta: !!omap
#   - {ucd: ID_NUMBER}
#   - {width: 6}
#   - values: {'null': -2147483648}
# - name: TYC2
#   datatype: string
#   description: Tycho-2 cross-id name, Hog et al., Cat. I/259 (tyc2_original_ext_source_id)
#   meta: !!omap
#   - {ucd: ID_CROSSID}
#   - {_votable_string_dtype: char}
# - name: Source
#   datatype: int64
#   description: Source identifier, identical to the Gaia-EDR3 source_id (id)
#   meta: !!omap
#   - {ucd: ID_MAIN}
#   - {width: 19}
# - name: rgeo
#   unit: pc
#   datatype: float64
#   format: '{:15.8f}'
#   description: '? Median of the geometric distance posterior (r_med_geo)'
#   meta: !!omap
#   - {ucd: PHYS_DISTANCE_TRUE}
#   - {width: 15}
#   - {precision: '8'}
#   - values: {'null': .nan}
# - name: Plx
#   unit: mas
#   datatype: float64
#   format: '{:9.4f}'
#   description: '? Parallax (parallax)'
#   meta: !!omap
#   - {ucd: POS_PARLX_TRIG}
#   - {width: 9}
#   - {precision: '4'}
#   - values: {'null': .nan}
# - name: e_Plx
#   unit: mas
#   datatype: float32
#   format: '{:7.4f}'
#   description: '? Standard error of parallax (parallax_error)'
#   meta: !!omap
#   - {ucd: ERROR}
#   - {width: 7}
#   - {precision: '4'}
#   - values: {'null': .nan}
# - name: pmRA
#   unit: mas / yr
#   datatype: float64
#   format: '{:9.3f}'
#   description: '? Proper motion in right ascension direction, pmRA*cosDE (pmra)'
#   meta: !!omap
#   - {ucd: POS_EQ_PMRA}
#   - {width: 9}
#   - {precision: '3'}
#   - values: {'null': .nan}
# - name: pmDE
#   unit: mas / yr
#   datatype: float64
#   format: '{:9.3f}'
#   description: '? Proper motion in declination direction (pmdec)'
#   meta: !!omap
#   - {ucd: POS_EQ_PMDEC}
#   - {width: 9}
#   - {precision: '3'}
#   - values: {'null': .nan}
# - name: e_pmRA
#   unit: mas / yr
#   datatype: float32
#   format: '{:6.3f}'
#   description: '? Standard error of proper motion in right ascension direction (pmra_error)'
#   meta: !!omap
#   - {ucd: ERROR}
#   - {width: 6}
#   - {precision: '3'}
#   - values: {'null': .nan}
# - name: e_pmDE
[...]
#         value: !astropy.table.SerializedColumn {name: SkyCoord.dec}
#       distance: !astropy.table.SerializedColumn
#         __class__: astropy.coordinates.distances.Distance
#         unit: !astropy.units.Unit {unit: pc}
#         value: !astropy.table.SerializedColumn {name: SkyCoord.distance}
#       frame: icrs
#       obstime: !astropy.time.Time {format: jyear_str, in_subfmt: '*', jd1: 367701545.0, jd2: 0.0, out_subfmt: '*', precision: 3, scale: tt}
#       pm_dec: !astropy.table.SerializedColumn
#         __class__: astropy.units.quantity.Quantity
#         unit: !astropy.units.Unit {unit: mas / yr}
#         value: !astropy.table.SerializedColumn {name: SkyCoord.pm_dec}
#       pm_ra_cosdec: !astropy.table.SerializedColumn
#         __class__: astropy.units.quantity.Quantity
#         unit: !astropy.units.Unit {unit: mas / yr}
#         value: !astropy.table.SerializedColumn {name: SkyCoord.pm_ra_cosdec}
#       ra: !astropy.table.SerializedColumn
#         __class__: astropy.coordinates.angles.Longitude
#         unit: *id001
#         value: !astropy.table.SerializedColumn {name: SkyCoord.ra}
#         wrap_angle: !astropy.coordinates.Angle
#           unit: *id001
#           value: 360.0
#       representation_type: spherical
# schema: astropy-2.0
RA_ICRS_1 DE_ICRS_1 e_RA_ICRS e_DE_ICRS _r_1 HIP TYC2 Source rgeo Plx e_Plx pmRA pmDE e_pmRA e_pmDE RUWE Teff logg Gmag BP-RP BPmag RPmag RV e_RV b_rgeo B_rgeo FG e_FG FBP e_FBP FRP e_FRP RAVE5 RAVE6 e_Gmag e_BPmag e_RPmag e_BP-RP SkyCoord.ra SkyCoord.dec SkyCoord.distance SkyCoord.pm_ra_cosdec SkyCoord.pm_dec rmRA rmDE e_rmRA e_rmDE rRV e_rRV v_pec v_pec3d e_vpec e_vpec3d
[from data line 794]
274.95205631185 -17.3904905805 0.0289 0.0233 18.0744 "" "" 4097297271663681792 1359.94617 0.6917 0.0316 0.473 -8.858 0.035 0.023 0.984 5122.2 3.47 14.63358 1.702184 15.430303 13.728119 37.75 12.06 1306.78516 1418.81372 26394.56669 162.01 9189.6 173.0 25581.0 487.49 "" "" 0.00721138547988312 0.020629225 0.021032915 0.04166214 274.95205631185 -17.3904905805 1359.94617 0.4729999999999996 -8.858 0.9904999833106994 -7.993583341121674 0.082969606 0.07096961 60.39666666666666 12.874616 51.92187203308845 79.64695938869767 3.6950794400211353 10.055659861097688
275.01925748894 -16.68538273453 0.0226 0.0204 24.4526 "" "" 4097409451906060032 1396.18726 0.6779 0.026 -1.089 -3.636 0.031 0.022 0.969 6850.1 4.3502 14.634244 0.936842 15.018681 14.081839 2.0 7.38 1345.77441 1454.23108 26378.43596 7.8552 13426.0 29.421 18468.0 21.774 "" "" 0.0027742251500328208 0.0036668445 0.003990285 0.0076571293 275.01925748894 -16.68538273453 1396.18726 -1.089 -3.636000000000001 -0.5715000166893005 -2.7715833411216737 0.07896961 0.06996961 24.646666666666665 8.194615 18.728017780912893 30.954754526243093 1.31768816960169 6.573206349796121
274.94634910917 -16.71069559408 0.0247 0.0226 23.0895 "" "" 4097403576390775040 1127.26892 0.8401 0.0273 4.109 -6.559 0.035 0.025 1.026 "" "" 14.638989 1.182655 15.153817 13.971162 -21.91 5.33 1097.28198 1161.81799 26263.40724 16.354 11855.0 32.787 20450.0 34.896 "" "" 0.002837053350682709 0.0040989965 0.0042090677 0.008308064 274.94634910917 -16.71069559408 1127.26892 4.109 -6.558999999999998 4.6264999833106994 -5.694583341121674 0.082969606 0.07296961 0.7366666666666646 6.144615 39.203901108023345 39.21082171882466 3.0226677881366104 3.02433832459862
274.90675413373 -16.69241352817 0.0225 0.0213 24.5579 "" "" 4097404572823203456 1388.06055 0.682 0.0267 -1.575 -5.441 0.03 0.024 0.935 5402.4 3.6918 14.639404 1.172773 15.145942 13.973168 32.9 9.12 1337.55347 1448.14587 26253.36687 7.4898 11941.0 35.578 20412.0 27.403 "" "" 0.002772676264708791 0.0042719822 0.004050717 0.008322699 274.90675413373 -16.69241352817 1388.06055 -1.5749999999999988 -5.441000000000005 -1.0575000166893005 -4.576583341121673 0.07796961 0.07196961 55.54666666666667 9.934615 30.904603964816012 63.565137646353755 2.23396129798859 8.749084210334766
274.71763762475 -17.23578720287 0.0264 0.0229 18.2055 "" "" 4097315035648939136 1392.9928 0.6804 0.0302 -0.114 -3.871 0.032 0.023 0.93 5539.2 4.1002 14.640941 1.205543 15.157899 13.952356 -77.51 6.53 1333.78088 1449.02344 26216.25037 8.1874 11810.0 18.842 20807.0 27.091 "" "" 0.002776105787643602 0.0032841454 0.00403511 0.0073192557 274.71763762475 -17.23578720287 1392.9928 -0.11399999999999999 -3.8709999999999996 0.4034999833106995 -3.0065833411216736 0.079969615 0.07096961 -54.863333333333344 7.3446155 20.029804924320267 58.405294535262556 1.4248950550033395 6.916488674595047
274.77018596968 -17.30738552934 0.0276 0.0238 18.3346 "" "" 4097309916047802752 1388.89575 0.6747 0.0297 -2.014 -3.492 0.033 0.022 0.947 5742.7 3.7526 14.641246 1.231123 15.171964 13.940841 -61.26 4.52 1339.04773 1436.86877 26208.8882 7.4945 11658.0 13.518 21029.0 34.683 "" "" 0.002772756834002337 0.003061051 0.0041821436 0.0072431946 274.77018596968 -17.30738552934 1388.89575 -2.014 -3.492 -1.4965000166893003 -2.6275833411216736 0.08096961 0.06996961 -38.61333333333333 5.334615 19.907151871101636 43.44288442000849 1.449590778125156 4.787867893944847
275.03693677775 -17.28511638923 0.0255 0.0215 11.7821 "" "" 4097304315410109184 1311.39087 0.7275 0.027 -1.076 4.966 0.031 0.022 0.999 "" "" 14.646932 1.439323 15.272763 13.83344 -54.26 11.98 1257.68762 1359.01404 26071.98621 8.6505 10625.0 36.081 23216.0 221.05 "" "" 0.0027787698644773464 0.00462375 0.011006975 0.015630726 275.03693677775 -17.28511638923 1311.39087 -1.076 4.966 -0.5585000166893006 5.830416658878327 0.07896961 0.06996961 -31.613333333333333 12.794615 36.40772296660151 48.21747749579241 2.5506031097423616 8.606905058612796
274.53528711577 -16.91547825617 0.0328 0.032 28.5662 "" "" 4097387603416600960 1142.85522 0.8335 0.0393 -1.976 -3.976 0.037 0.03 1.077 6047.4 3.9015 14.649804 1.012114 15.067779 14.055665 -10.17 7.02 1087.69348 1200.27527 26003.10419 9.2321 12832.0 23.661 18919.0 23.141 "" "" 0.0027821543249378806 0.0034340986 0.0040059197 0.0074400185 274.53528711577 -16.91547825617 1142.85522 -1.9760000000000004 -3.976 -1.4585000166893005 -3.1115833411216736 0.08496961 0.07796961 12.476666666666665 7.834615 18.61569710047479 22.410073396750324 1.4757816615610253 4.530870096010159
275.11624197663 -17.53218348708 0.6496 0.5619 27.2498 "" "" 4096540872098342528 1446.13721 1.8286 0.7084 -1.066 0.014 0.788 0.529 35.401 "" "" 14.650312 1.664428 15.243726 13.579298 "" "" 833.368713 3379.65308 25990.93059 217.45 10913.0 31.12 29339.0 25.898 "" "" 0.00949236799648784 0.0041678646 0.0038990064 0.008066871 275.11624197663 -17.53218348708 1446.13721 -1.0659999999999996 0.014000000000000005 -0.5485000166893006 0.8784166588783264 0.83596957 0.5769696 "" "" 7.098719784944868 "" 4.684895676152515 ""
274.97995476015 -17.54308916659 0.0279 0.0228 27.0604 "" "" 4096540425400988672 1580.1106 0.5818 0.0271 -0.028 0.196 0.033 0.023 1.042 5633.6 2.8028 14.653569 2.750007 16.203564 13.453557 -2.35 3.26 1514.87634 1650.02832 25913.08482 20.859 4508.1 19.043 32941.0 60.075 "" "" 0.0028906090065700576 0.005368384 0.0042666635 0.009635048 274.97995476015 -17.54308916659 1580.1106 -0.028 0.19599999999999998 0.48949998331069944 1.0604166588783264 0.08096961 0.07096961 20.296666666666663 4.0746155 8.747580214101161 22.10146686036725 0.637048192088685 3.7503686829910996
274.76057474574 -16.85220217782 0.0235 0.0212 19.8132 "" "" 4097378051409281920 1332.96973 0.7092 0.0254 -0.914 -4.342 0.03 0.023 0.877 6352.9 4.2091 14.655201 0.962133 15.05 14.087867 -14.72 10.79 1288.82996 1385.58618 25874.16651 6.2691 13044.0 29.284 18366.0 22.5 "" "" 0.0027678498188730273 0.0037049204 0.0040066144 0.007711535 274.76057474574 -16.85220217782 1332.96973 -0.9140000000000001 -4.342 -0.39650001668930057 -3.477583341121673 0.07796961 0.07096961 7.926666666666664 11.604615 22.11468823481385 23.4923706800199 1.5715539748588758 4.185720265059927
275.42148150712 -17.1306264612 0.0236 0.0217 24.4204 "" "" 4097328470306993024 1274.70154 0.7434 0.0289 -0.899 0.246 0.035 0.024 1.04 5911.1 4.0049 14.657467 1.163097 15.152767 13.98967 -33.08 8.04 1217.99219 1333.19116 25820.22152 7.4778 11866.0 15.664 20104.0 19.311 "" "" 0.002773204299880489 0.0031367594 0.003920636 0.0070573958 275.42148150712 -17.1306264612 1274.70154 -0.8989999999999999 0.24599999999999994 -0.38150001668930056 1.1104166588783264 0.082969606 0.07196961 -10.433333333333334 8.854615 7.094158007865344 12.61671598653962 0.519356322709405 7.328102883896746
275.12765136389 -17.23735479185 0.0253 0.022 11.4592 "" "" 4097306063450745856 1530.40088 0.6198 0.0287 -3.086 -5.495 0.034 0.023 1.04 5018.0 3.5159 14.659343 1.571643 15.377537 13.805894 -26.08 4.65 1469.89026 1605.93701 25775.65848 9.706 9647.2 21.977 23812.0 103.55 "" "" 0.0027854875105278593 0.0037286289 0.0060478207 0.00977645 275.12765136389 -17.23735479185 1530.40088 -3.0860000000000003 -5.495000000000004 -2.5685000166893004 -4.630583341121674 0.08196961 0.07096961 -3.4333333333333336 5.4646153 38.412151906782476 38.565284802364815 2.831188832260709 2.8616042057902837
274.56261675961 -16.90089689388 0.028 0.0244 27.4719 "" "" 4097387740855550848 1456.94946 0.6581 0.0308 1.648 -1.65 0.036 0.024 0.946 5802.8 4.0889 14.659858 1.113534 15.132672 14.019138 84.89 12.29 1386.63855 1548.79407 25763.41896 6.8781 12088.0 14.895 19566.0 27.553 "" "" 0.002770524969307733 0.0030943358 0.004076934 0.0071712695 274.56261675961 -16.90089689388 1456.94946 1.648 -1.65 2.165499983310699 -0.7855833411216735 0.08396961 0.07196961 107.53666666666666 13.104615 15.908462047607928 108.70700916913296 1.3150506069262078 12.964958978818537
275.16286483287 -16.64568474423 0.0232 0.0224 28.4346 "" "" 4097408356699519616 1147.83398 0.8376 0.0276 -0.029 -4.938 0.03 0.023 1.046 6121.8 4.2945 14.662101 0.952672 15.052068 14.099396 "" "" 1108.73694 1183.61719 25710.25246 7.7558 13019.0 23.983 18172.0 14.991 "" "" 0.0027747183791081986 0.0034329898 0.0038840657 0.0073170555 275.16286483287 -16.64568474423 1147.83398 -0.028999999999999998 -4.938 0.48849998331069944 -4.073583341121673 0.07796961 0.07096961 "" "" 22.32207095943032 "" 1.586511416388952 ""
275.04427701333 -17.26889370475 0.0253 0.0216 10.9241 "" "" 4097304555928296192 1405.22839 0.6722 0.0273 -0.68 -1.531 0.031 0.023 0.997 6319.3 4.0648 14.665995 1.204138 15.185425 13.981287 -23.21 15.03 1356.14185 1459.40393 25618.22327 6.9015 11515.0 19.554 20260.0 26.473 "" "" 0.002770801846211611 0.0033443037 0.0040368815 0.007381185 275.04427701333 -17.26889370475 1405.22839 -0.6799999999999995 -1.531 -0.16250001668930059 -0.6665833411216735 0.07896961 0.07096961 -0.5633333333333361 15.844615 4.569993967384284 4.604583510630815 0.32648993808564664 1.9653565541117182
275.13736431157 -17.10219391284 0.0243 0.0213 8.0421 "" "" 4097331597042534528 1487.57568 0.6324 0.0269 -0.533 -1.356 0.034 0.024 0.914 7655.5 4.3086 14.666654 0.990327 15.074652 14.084325 "" "" 1429.01099 1556.21692 25602.66476 8.5811 12751.0 12.317 18426.0 17.926 "" "" 0.0027792467756861273 0.0029807703 0.0039242124 0.006904983 275.13736431157 -17.10219391284 1487.57568 -0.5329999999999999 -1.356 -0.015500016689300566 -0.4915833411216737 0.08196961 0.07196961 "" "" 3.467930193665653 "" 0.24962242927367018 ""
275.11609942 -16.95293904071 0.0277 0.0246 10.7844 "" "" 4097346951541405824 1344.75427 0.7122 0.0289 -2.03 -4.97 0.042 0.029 0.942 5429.2 4.1281 14.669827 1.174634 15.170097 13.995463 -35.11 8.61 1296.8313 1406.61487 25527.9505 9.2055 11678.0 29.198 19997.0 21.153 "" "" 0.0027829981219933903 0.0038928404 0.0039500357 0.007842876 275.11609942 -16.95293904071 1344.75427 -2.030000000000004 -4.969999999999999 -1.5125000166893003 -4.105583341121673 0.089969605 0.07696961 -12.463333333333335 9.424615 27.888914736391786 30.547115133045033 2.193080052864148 4.3353333594949905
274.82006365608 -16.70419497768 0.029 0.0262 25.4222 "" "" 4097415915840998528 1460.76514 0.6492 0.0327 -1.786 2.976 0.042 0.03 1.078 5917.5 3.9089 14.671005 0.962013 14.963184 14.001171 "" "" 1387.35681 1540.49622 25500.26875 10.051 14130.0 275.98 19893.0 344.23 "" "" 0.002788355617545783 0.02138882 0.01916403 0.040552847 274.82006365608 -16.70419497768 1460.76514 -1.7860000000000018 2.976000000000001 -1.2685000166893006 3.8404166588783264 0.089969605 0.07796961 "" "" 28.004151052634857 "" 2.2187874850249916 ""
274.7486581997 -16.71601943577 0.0318 0.0284 26.7217 "" "" 4097415293062633984 1412.72241 0.6744 0.037 1.123 1.055 0.048 0.033 1.084 6705.9 4.3042 14.674378 0.88066 15.022594 14.141934 "" "" 1340.42236 1504.35181 25421.15678 10.246 13378.0 17.503 17474.0 27.288 "" "" 0.002789854562463837 0.0031309596 0.004142285 0.0072732447 274.7486581997 -16.71601943577 1412.72241 1.1229999999999996 1.0550000000000004 1.6404999833106995 1.9194166588783264 0.09596961 0.08096961 "" "" 16.907870481731607 "" 1.4813885306555825 ""
274.6012833615 -17.05867692216 0.0251 0.0222 22.8153 "" "" 4097368087085129984 1363.41663 0.6978 0.0272 6.842 -6.696 0.029 0.021 0.992 6404.5 4.0639 14.677149 0.996638 15.083631 14.086993 -31.64 14.76 1311.93103 1415.61694 25356.36901 7.69 12646.0 26.59 18381.0 39.497 "" "" 0.0027749259146426187 0.0036050996 0.0044414783 0.008046578 274.6012833615 -17.05867692216 1363.41663 6.841999999999999 -6.6960000000000015 7.359499983310699 -5.831583341121673 0.07696961 0.06896961 -8.993333333333336 15.5746155 60.68290657809849 61.345702336925555 4.489717405479647 4.993754128008328
274.90847922827 -17.02209578312 0.0234 0.0195 6.6234 "" "" 4097325206131525248 1420.11926 0.6591 0.0266 -0.42 -0.889 0.034 0.023 0.987 7746.5 4.2708 14.6784 0.955305 15.067327 14.112021 "" "" 1362.88196 1488.23999 25327.17532 7.9544 12838.0 14.398 17962.0 12.341 "" "" 0.0027763402853760734 0.0030443002 0.0038522973 0.0068965973 274.90847922827 -17.02209578312 1420.11926 -0.42000000000000004 -0.8890000000000003 0.09749998331069948 -0.024583341121673596 0.08196961 0.07096961 "" "" 0.6768483166739915 "" 0.05506425882020903 ""
275.10135851013 -16.68384497305 0.0223 0.0211 25.2277 "" "" 4097406707432081152 1331.45447 0.7179 0.0254 0.995 -5.463 0.029 0.023 0.952 5932.1 3.97 14.678464 0.980573 15.084515 14.103942 "" "" 1282.09351 1373.75793 25325.67974 6.553 12636.0 18.475 18096.0 22.266 "" "" 0.0027696052018554916 0.0032101457 0.0040085455 0.0072186915 275.10135851013 -16.68384497305 1331.45447 0.9950000000000003 -5.463 1.5124999833106996 -4.598583341121674 0.07696961 0.07096961 "" "" 30.551579318499147 "" 2.1868050176417766 ""
274.70464559908 -16.85184465779 0.032 0.0275 22.1532 "" "" 4097377879610610944 1384.81689 0.6871 0.0332 -1.423 -4.527 0.04 0.03 1.182 6090.1 4.1771 14.684135 1.030448 15.106767 14.076319 "" "" 1317.54016 1458.40662 25193.75815 8.7821 12380.0 25.922 18562.0 38.787 "" "" 0.0027811917907908435 0.0035990705 0.004408053 0.008007124 274.70464559908 -16.85184465779 1384.81689 -1.4230000000000005 -4.5269999999999975 -0.9055000166893006 -3.6625833411216737 0.08796961 0.07796961 "" "" 24.76515175034092 "" 1.9460500065152972 ""
275.18766676018 -16.69139969763 0.0212 0.0194 26.4207 "" "" 4097407149803581952 1113.87903 0.865 0.0254 1.688 -3.112 0.03 0.022 0.97 6173.5 4.1464 14.686306 1.059052 15.086012 14.026959 116.57 8.78 1079.61829 1143.87744 25143.40904 7.9283 12619.0 24.902 19426.0 37.137 "" "" 0.0027765082848360298 0.0035179006 0.0043118354 0.007829736 275.18766676018 -16.69139969763 1113.87903 1.6880000000000015 -3.112 2.205499983310699 -2.2475833411216737 0.07796961 0.06996961 139.21666666666667 9.594615 16.62576301985223 140.20590670071667 1.2303423598484002 9.528036050549186
274.76382139677 -17.37250009378 0.0258 0.0241 21.4893 "" "" 4097308335499762048 1257.46741 0.755 0.0307 -2.3 -5.169 0.031 0.023 0.917 5834.0 4.1808 14.687233 1.068923 15.134016 14.065093 -4.36 7.37 1211.75378 1298.95728 25121.97081 7.0183 12073.0 19.589 18755.0 18.122 "" "" 0.002771965558488696 0.0032997702 0.003922285 0.0072220555 274.76382139677 -17.37250009378 1257.46741 -2.3 -5.169 -1.7825000166893004 -4.304583341121673 0.07896961 0.07096961 18.286666666666665 8.184615 27.769778938774866 33.25000451257416 2.0048671859204688 4.802676561642406
275.14570993222 -16.82866500873 0.0238 0.0208 17.9648 "" "" 4097357568700841088 1404.20654 0.6646 0.0267 8.694 5.219 0.037 0.025 0.979 5663.2 3.6616 14.688483 1.292577 15.25522 13.962644 -33.03 6.46 1356.91382 1460.9668 25093.04955 8.5942 10798.0 22.178 20611.0 18.033 "" "" 0.002780299850311025 0.003571822 0.0038969347 0.0074687568 275.14570993222 -16.82866500873 1404.20654 8.694 5.219000000000006 9.2114999833107 6.083416658878327 0.08496961 0.07296961 -10.383333333333336 7.2746153 73.47496162233486 74.20501058900733 5.989112524494477 6.016919020494182
275.19389589512 -17.20332920516 0.0244 0.0236 13.0798 "" "" 4097303662574949376 1088.07983 0.8821 0.031 16.365 -2.776 0.031 0.022 1.108 5843.7 4.0733 14.688732 1.172111 15.191234 14.019123 "" "" 1057.42493 1118.59656 25087.30431 6.6015 11453.0 31.222 19566.0 23.803 "" "" 0.002770092941328692 0.004067628 0.0040035453 0.008071173 275.19389589512 -17.20332920516 1088.07983 16.364999999999995 -2.7759999999999985 16.882499983310698 -1.9115833411216734 0.07896961 0.06996961 "" "" 87.62784906917695 "" 6.910516673274304 ""
