Clusters/NGC_6613/NGC_6613_stars_in_region.tsv
# %ECSV 1.0
# ---
# datatype:
# - name: RA_ICRS_1
#   unit: deg
#   datatype: float64
#   format: '{:15.11f}'
#   description: Right ascension (ICRS) at Ep=2016.0 (ra)
#   meta: !!omap
#   - {ucd: POS_EQ_RA_MAIN}
#   - {width: 15}
#   - {precision: '11'}
# - name: DE_ICRS_1
#   unit: deg
#   datatype: float64
#   format: '{:15.11f}'
#   description: Declination (ICRS) at Ep=2016.0 (dec)
#   meta: !!omap
#   - {ucd: POS_EQ_DEC_MAIN}
#   - {width: 15}
#   - {precision: '11'}
# - name: e_RA_ICRS
#   unit: mas
#   datatype: float64
#   format: '{:7.4f}'
#   description: Standard error of right ascension (ra_error)
#   meta: !!omap
#   - {ucd: ERROR}
#   - {width: 7}
#   - {precision: '4'}
# - name: e_DE_ICRS
#   unit: mas
#   datatype: float64
#   format: '{:7.4f}'
#   description: Standard error of declination (dec_error)
#   meta: !!omap
#   - {ucd: ERROR}
#   - {width: 7}
#   - {precision: '4'}
# - name: _r_1
#   unit: ''
#   datatype: float64
#   format: '{:7.4f}'
#   description: Distance from center (274.99750699000-17.09239427000)[ICRS], at Epoch=J2016.0
#   meta: !!omap
#   - {ucd: POS_ANG_DIST_GENERAL}
#   - {width: 7}
#   - {precision: '4'}
# - name: HIP
#   datatype: int32
#   description: '? HIP cross-id number, van Leeuwen, Cat. I/311 (hip_original_ext_source_id)'
#   meta: !!omap
#   - {ucd: ID_NUMBER}
#   - {width: 6}
#   - values: {'null': -2147483648}
# - name: TYC2
#   datatype: string
#   description: Tycho-2 cross-id name, Hog et al., Cat. I/259 (tyc2_original_ext_source_id)
#   meta: !!omap
#   - {ucd: ID_CROSSID}
#   - {_votable_string_dtype: char}
# - name: Source
#   datatype: int64
#   description: Source identifier, identical to the Gaia-EDR3 source_id (id)
#   meta: !!omap
#   - {ucd: ID_MAIN}
#   - {width: 19}
# - name: rgeo
#   unit: pc
#   datatype: float64
#   format: '{:15.8f}'
#   description: '? Median of the geometric distance posterior (r_med_geo)'
#   meta: !!omap
#   - {ucd: PHYS_DISTANCE_TRUE}
#   - {width: 15}
#   - {precision: '8'}
#   - values: {'null': .nan}
# - name: Plx
#   unit: mas
#   datatype: float64
#   format: '{:9.4f}'
#   description: '? Parallax (parallax)'
#   meta: !!omap
#   - {ucd: POS_PARLX_TRIG}
#   - {width: 9}
#   - {precision: '4'}
#   - values: {'null': .nan}
# - name: e_Plx
#   unit: mas
#   datatype: float32
#   format: '{:7.4f}'
#   description: '? Standard error of parallax (parallax_error)'
#   meta: !!omap
#   - {ucd: ERROR}
#   - {width: 7}
#   - {precision: '4'}
#   - values: {'null': .nan}
# - name: pmRA
#   unit: mas / yr
#   datatype: float64
#   format: '{:9.3f}'
#   description: '? Proper motion in right ascension direction, pmRA*cosDE (pmra)'
#   meta: !!omap
#   - {ucd: POS_EQ_PMRA}
#   - {width: 9}
#   - {precision: '3'}
#   - values: {'null': .nan}
# - name: pmDE
#   unit: mas / yr
#   datatype: float64
#   format: '{:9.3f}'
#   description: '? Proper motion in declination direction (pmdec)'
#   meta: !!omap
#   - {ucd: POS_EQ_PMDEC}
#   - {width: 9}
#   - {precision: '3'}
#   - values: {'null': .nan}
# - name: e_pmRA
#   unit: mas / yr
#   datatype: float32
#   format: '{:6.3f}'
#   description: '? Standard error of proper motion in right ascension direction (pmra_error)'
#   meta: !!omap
#   - {ucd: ERROR}
#   - {width: 6}
#   - {precision: '3'}
#   - values: {'null': .nan}
# - name: e_pmDE
[...]
#         value: !astropy.table.SerializedColumn {name: SkyCoord.dec}
#       distance: !astropy.table.SerializedColumn
#         __class__: astropy.coordinates.distances.Distance
#         unit: !astropy.units.Unit {unit: pc}
#         value: !astropy.table.SerializedColumn {name: SkyCoord.distance}
#       frame: icrs
#       obstime: !astropy.time.Time {format: jyear_str, in_subfmt: '*', jd1: 367701545.0, jd2: 0.0, out_subfmt: '*', precision: 3, scale: tt}
#       pm_dec: !astropy.table.SerializedColumn
#         __class__: astropy.units.quantity.Quantity
#         unit: !astropy.units.Unit {unit: mas / yr}
#         value: !astropy.table.SerializedColumn {name: SkyCoord.pm_dec}
#       pm_ra_cosdec: !astropy.table.SerializedColumn
#         __class__: astropy.units.quantity.Quantity
#         unit: !astropy.units.Unit {unit: mas / yr}
#         value: !astropy.table.SerializedColumn {name: SkyCoord.pm_ra_cosdec}
#       ra: !astropy.table.SerializedColumn
#         __class__: astropy.coordinates.angles.Longitude
#         unit: *id001
#         value: !astropy.table.SerializedColumn {name: SkyCoord.ra}
#         wrap_angle: !astropy.coordinates.Angle
#           unit: *id001
#           value: 360.0
#       representation_type: spherical
# schema: astropy-2.0
RA_ICRS_1 DE_ICRS_1 e_RA_ICRS e_DE_ICRS _r_1 HIP TYC2 Source rgeo Plx e_Plx pmRA pmDE e_pmRA e_pmDE RUWE Teff logg Gmag BP-RP BPmag RPmag RV e_RV b_rgeo B_rgeo FG e_FG FBP e_FBP FRP e_FRP RAVE5 RAVE6 e_Gmag e_BPmag e_RPmag e_BP-RP SkyCoord.ra SkyCoord.dec SkyCoord.distance SkyCoord.pm_ra_cosdec SkyCoord.pm_dec rmRA rmDE e_rmRA e_rmDE rRV e_rRV v_pec v_pec3d e_vpec e_vpec3d
[from data line 3064]
274.84110285721 -17.52000925251 0.0704 0.0689 27.1762 "" "" 4097198040748433536 1443.89417 0.6925 0.0821 1.586 -5.554 0.085 0.066 0.939 4803.6 4.6775 16.843458 1.328819 17.450388 16.121569 "" "" 1305.09045 1661.16199 3447.97141 2.6543 1429.8 10.889 2821.8 12.484 "" "" 0.0028793016051497124 0.008726762 0.006112013 0.014838775 274.84110285721 -17.52000925251 1443.89417 1.5860000000000014 -5.554000000000004 2.1034999833106998 -4.689583341121674 0.13296962 0.11396961 "" "" 35.176665115504534 "" 4.128568023834866 ""
274.75508376378 -17.12578956534 0.0782 0.0665 14.0454 "" "" 4097316787995651072 1145.28137 0.8781 0.0759 1.953 -7.962 0.1 0.067 0.942 4710.8 4.7141 16.845173 1.40457 17.478966 16.074396 "" "" 1048.86975 1268.16541 3442.5277 3.2757 1392.6 9.3582 2947.1 15.228 "" "" 0.0029426395281340898 0.0078114015 0.0067644063 0.014575807 274.75508376378 -17.12578956534 1145.28137 1.953 -7.962 2.4704999833106998 -7.097583341121673 0.1479696 0.11496961 "" "" 40.79756713774345 "" 4.853999244937225 ""
275.23101589669 -17.3827248868 0.0909 0.099 21.9661 "" "" 4096550531541909376 1331.99719 0.8041 0.1213 -6.398 -3.418 0.11 0.081 0.865 4567.4 4.8063 16.845928 1.343555 17.4557 16.112144 "" "" 1136.91455 1678.8324 3440.1325 3.2829 1422.8 9.8834 2846.4 9.4876 "" "" 0.00294369120127889 0.008041572 0.005232653 0.0132742245 275.23101589669 -17.3827248868 1331.99719 -6.397999999999998 -3.4179999999999997 -5.8805000166893 -2.5535833411216737 0.15796961 0.12896961 "" "" 40.47698963405843 "" 6.222698658364743 ""
274.91177600483 -17.16351197823 0.079 0.0677 6.5094 "" "" 4097318609061628288 1141.82092 0.8818 0.0827 2.004 3.444 0.096 0.071 0.997 "" "" 16.846231 1.386629 17.484924 16.098295 "" "" 1059.79761 1259.19812 3439.17637 3.8148 1385.0 19.096 2883.0 10.97 "" "" 0.0030070208164933204 0.015227637 0.0055992263 0.020826863 274.91177600483 -17.16351197823 1141.82092 2.004 3.4440000000000004 2.5214999833106995 4.308416658878326 0.14396961 0.11896961 "" "" 27.01804891751177 "" 3.3994315773864363 ""
275.38349206471 -16.87662432118 0.0705 0.0669 25.655 "" "" 4097342553495075840 1507.11206 0.6916 0.0795 3.949 -4.087 0.092 0.068 0.964 4697.4 4.3372 16.846476 1.780253 17.678999 15.898746 "" "" 1346.84973 1702.5249 3438.40311 3.1213 1158.3 11.288 3464.7 26.077 "" "" 0.0029262957998439348 0.010942545 0.009003422 0.019945968 275.38349206471 -16.87662432118 1507.11206 3.949 -4.0870000000000015 4.466499983310699 -3.2225833411216733 0.13996962 0.11596961 "" "" 39.34535714981022 "" 5.203205959468251 ""
275.23691179833 -17.30759898036 0.0664 0.0595 18.8419 "" "" 4096551424895203072 1273.34277 0.7951 0.0771 10.607 -0.728 0.097 0.068 0.99 4602.2 4.7173 16.847273 1.407324 17.42331 16.015985 "" "" 1159.81555 1419.55847 3435.87853 3.2033 1465.9 12.824 3110.0 12.698 "" "" 0.002935374277643804 0.009899583 0.0058254055 0.015724989 275.23691179833 -17.30759898036 1273.34277 10.606999999999998 -0.7280000000000011 11.124499983310699 0.13641665887832644 0.14496961 0.11596961 "" "" 67.14857783911104 "" 9.734239799269991 ""
274.81137143023 -17.19404827354 0.0832 0.0671 12.2919 "" "" 4097315379246285440 1091.45251 0.9047 0.0815 -20.188 -16.187 0.102 0.062 0.937 4816.0 4.7446 16.84828 1.388077 17.47537 16.087294 "" "" 1007.94135 1181.09326 3432.69057 2.6049 1397.2 9.3946 2912.3 9.6349 "" "" 0.002875868548862495 0.007815385 0.0052140327 0.013029418 274.81137143023 -17.19404827354 1091.45251 -20.188000000000017 -16.186999999999998 -19.6705000166893 -15.322583341121675 0.14996961 0.10996961 "" "" 128.9962715653496 "" 17.575884293037717 ""
275.03747363235 -16.88872100456 0.0744 0.0755 12.4337 "" "" 4097351250813826176 1289.63403 0.7773 0.0932 -1.217 -7.954 0.115 0.077 1.0 4293.8 4.5594 16.849386 1.380924 17.47623 16.095306 "" "" 1158.29688 1449.0321 3429.19307 2.9661 1396.1 12.456 2890.9 12.697 "" "" 0.0029109661355265866 0.010080762 0.006084688 0.01616545 275.03747363235 -16.88872100456 1289.63403 -1.2170000000000003 -7.954000000000001 -0.6995000166893006 -7.089583341121673 0.16296962 0.12496961 "" "" 43.54810227682608 "" 5.460538406090285 ""
275.27007445505 -16.7348618314 0.0728 0.0694 26.5519 "" "" 4097359183608780800 1327.21277 0.7698 0.0874 2.851 -1.003 0.089 0.065 0.994 4318.8 4.3847 16.850992 1.364491 17.474398 16.109907 "" "" 1187.56372 1549.02063 3424.12713 3.0746 1398.5 12.293 2852.3 10.485 "" "" 0.0029227097740093396 0.009943264 0.0054966323 0.015439896 275.27007445505 -16.7348618314 1327.21277 2.851 -1.003 3.3684999833106994 -0.13858334112167348 0.13696961 0.11296961 "" "" 21.209121061364588 "" 2.904220211229222 ""
275.46481565612 -17.22277839878 0.0712 0.067 27.9095 "" "" 4096576060828964096 1437.9563 0.707 0.0861 -0.013 -2.952 0.104 0.072 0.997 "" "" 16.851305 2.039059 17.828678 15.789619 "" "" 1279.51648 1598.21655 3423.14261 5.9415 1009.1 9.115 3831.0 12.492 "" "" 0.0033381308885641584 0.010196419 0.0051785796 0.0153749995 275.46481565612 -17.22277839878 1437.9563 -0.013000000000000012 -2.952 0.5044999833106995 -2.0875833411216735 0.15196961 0.11996961 "" "" 14.638391891688897 "" 1.7852170439048596 ""
274.87866342317 -16.74303628386 0.0721 0.0689 22.0437 "" "" 4097403786853320192 1285.89941 0.7668 0.0883 -1.161 -4.151 0.106 0.072 1.022 4495.8 4.3996 16.852453 1.392303 17.48423 16.091927 "" "" 1137.43652 1490.39929 3419.52279 4.2094 1385.9 30.879 2899.9 26.781 "" "" 0.003062369099817083 0.024351476 0.0107155545 0.03506703 274.87866342317 -16.74303628386 1285.89941 -1.1610000000000005 -4.151 -0.6435000166893006 -3.2865833411216734 0.15396962 0.11996961 "" "" 20.41262997821039 "" 2.477977548504664 ""
274.7655462368 -16.87410269291 0.0727 0.0673 18.674 "" "" 4097377188111365376 1300.86133 0.7534 0.0878 0.168 3.787 0.092 0.071 1.088 4472.0 4.5536 16.85309 1.347628 17.456707 16.10908 "" "" 1156.93945 1461.81018 3417.51424 2.7102 1421.5 22.069 2854.5 18.153 "" "" 0.002886719919822897 0.01708558 0.007871348 0.024956929 274.7655462368 -16.87410269291 1300.86133 0.16799999999999998 3.7869999999999995 0.6854999833106995 4.651416658878326 0.13996962 0.11896961 "" "" 28.990811558567902 "" 3.463080907345692 ""
275.40795719156 -17.29755692374 0.0773 0.071 26.5521 "" "" 4096574166665082496 1603.94434 0.6739 0.0924 -0.446 -3.043 0.118 0.077 1.051 4582.0 4.7152 16.853289 1.360605 17.449572 16.088966 "" "" 1379.90771 2186.78076 3416.89441 3.3149 1430.8 14.644 2907.8 16.461 "" "" 0.002949794392484827 0.0114572635 0.007215339 0.018672602 275.40795719156 -17.29755692374 1603.94434 -0.4460000000000001 -3.043 0.07149998331069946 -2.1785833411216737 0.16596961 0.12496961 "" "" 16.572025041722075 "" 2.0718503041255585 ""
274.83046546292 -16.84747609768 0.0652 0.0612 17.5453 "" "" 4097400557037889152 1451.54626 0.6917 0.0787 1.241 -2.194 0.081 0.06 1.018 4656.7 4.3634 16.854424 1.594202 17.602818 16.008615 "" "" 1297.70496 1650.68677 3413.32176 4.3769 1242.5 20.761 3131.2 22.945 "" "" 0.0030870889193174056 0.018354932 0.008808157 0.027163088 274.83046546292 -16.84747609768 1451.54626 1.241 -2.193999999999998 1.7584999833106996 -1.3295833411216735 0.12896961 0.10796961 "" "" 15.168144358202197 "" 1.846737450222099 ""
275.35286703736 -17.01547527392 0.0662 0.0653 20.9 "" "" 4097338945722146560 1601.85803 0.6364 0.0824 -2.344 -1.494 0.085 0.063 0.947 5068.5 4.7151 16.854803 1.388317 17.4692 16.080883 "" "" 1427.28442 1818.86816 3412.12727 3.2442 1405.2 11.891 2929.6 20.81 "" "" 0.0029423522088353245 0.009601979 0.008588622 0.0181906 275.35286703736 -17.01547527392 1601.85803 -2.3440000000000025 -1.4939999999999998 -1.8265000166893004 -0.6295833411216736 0.13296962 0.11096961 "" "" 14.66901535602553 "" 1.9188395105811038 ""
275.13564777491 -16.73356791521 0.0609 0.059 22.9436 "" "" 4097405504841227392 1419.34631 0.7096 0.0733 -1.98 -4.884 0.084 0.065 0.945 4895.9 4.6384 16.855474 1.415241 17.48946 16.074219 "" "" 1257.61316 1545.58057 3410.01805 3.8694 1379.2 8.4536 2947.6 15.827 "" "" 0.0030182142481446493 0.0072161057 0.0069476906 0.014163796 275.13564777491 -16.73356791521 1419.34631 -1.98 -4.883999999999995 -1.4625000166893005 -4.019583341121674 0.1319696 0.11296961 "" "" 28.77691769269806 "" 3.3194887611894317 ""
275.36971522932 -16.90274290815 0.0705 0.069 24.1992 "" "" 4097340977252484864 1291.39026 0.761 0.0831 -1.907 2.338 0.089 0.068 1.024 5173.7 4.762 16.856644 1.331579 17.452965 16.121386 "" "" 1169.55396 1472.59229 3406.34983 2.8906 1426.4 9.4216 2822.3 15.631 "" "" 0.0029052829486521316 0.0076951217 0.0071023004 0.014797422 275.36971522932 -16.90274290815 1291.39026 -1.9070000000000003 2.338 -1.3895000166893006 3.2024166588783265 0.13696961 0.11596961 "" "" 21.368286188577663 "" 2.554427417843944 ""
275.21717463829 -16.97204405566 0.0778 0.0756 14.5242 "" "" 4097346092547878784 1256.24658 0.8009 0.0904 -3.195 -5.563 0.102 0.073 1.008 4712.6 4.6984 16.856659 1.330652 17.466152 16.1355 "" "" 1108.55823 1408.44739 3406.30477 3.0544 1409.1 10.126 2785.9 11.053 "" "" 0.0029222638262120576 0.008286152 0.0057305717 0.014016723 275.21717463829 -16.97204405566 1256.24658 -3.1950000000000043 -5.563 -2.6775000166893004 -4.698583341121673 0.14996961 0.12096961 "" "" 32.20209917850821 "" 4.143910131230304 ""
275.02499244884 -17.35266121628 0.0737 0.0722 15.6953 "" "" 4097300741997199744 1488.85034 0.6796 0.0935 0.048 -1.116 0.087 0.064 1.001 4901.0 4.7142 16.857153 1.393164 17.48044 16.087276 "" "" 1311.43823 1711.16382 3404.75388 3.9029 1390.7 6.7269 2912.4 9.9357 "" "" 0.003023374201029428 0.005946945 0.0052918233 0.011238769 275.02499244884 -17.35266121628 1488.85034 0.048 -1.116 0.5654999833106995 -0.2515833411216737 0.1349696 0.11196961 "" "" 4.367939602024704 "" 0.5741539354847777 ""
274.9963410367 -17.47713216912 0.2834 0.2157 23.0844 "" "" 4097292976688562944 1470.74146 0.7662 0.1483 0.989 -1.686 0.339 0.178 0.898 "" "" 16.858023 2.158374 17.715029 15.556655 "" "" 1206.94946 1950.95972 3402.02508 7.7746 1120.5 45.567 4747.8 373.72 "" "" 0.0037078604979288933 0.044241343 0.08554655 0.12978789 274.9963410367 -17.47713216912 1470.74146 0.9889999999999998 -1.6859999999999995 1.5064999833106993 -0.8215833411216735 0.3869696 0.22596961 "" "" 11.96254290315019 "" 4.265172188521663 ""
275.33616131857 -17.26080480991 0.0775 0.0685 21.8853 "" "" 4096574956939227520 1246.26099 0.8154 0.0894 -4.591 -13.583 0.12 0.078 1.108 4458.5 4.4132 16.860157 1.554726 17.33335 15.778624 "" "" 1103.39172 1414.83472 3395.34745 6.3838 1592.5 34.686 3870.0 151.65 "" "" 0.0034291303624841432 0.023812285 0.04271324 0.06652553 275.33616131857 -17.26080480991 1246.26099 -4.591 -13.583 -4.073500016689301 -12.718583341121674 0.16796961 0.12596962 "" "" 78.89162797869167 "" 10.291323977042511 ""
275.25481485958 -16.76582442026 0.0704 0.0664 24.5371 "" "" 4097358981755457408 1141.23193 0.8716 0.0796 -4.476 -11.749 0.089 0.064 0.942 4794.2 4.5366 16.862133 1.398897 17.504845 16.105947 "" "" 1059.09216 1254.03931 3389.17242 2.9874 1359.8 9.4315 2862.7 17.44 "" "" 0.002916794376571047 0.008030884 0.007618066 0.01564895 275.25481485958 -16.76582442026 1141.23193 -4.475999999999999 -11.749 -3.9585000166893005 -10.884583341121674 0.13696961 0.11196961 "" "" 62.65239576266439 "" 7.2156893144682694 ""
274.88843021527 -16.74104456803 0.0709 0.0704 21.9912 "" "" 4097403782549174528 1444.3894 0.6988 0.085 -0.967 -5.106 0.104 0.073 0.984 4694.4 4.4898 16.863005 1.3876 17.507486 16.119886 "" "" 1299.99194 1648.68933 3386.45202 2.8031 1356.5 16.002 2826.2 29.061 "" "" 0.0028981827401285375 0.013108318 0.01178667 0.024894988 274.88843021527 -16.74104456803 1444.3894 -0.9669999999999997 -5.106 -0.4495000166893005 -4.2415833411216735 0.15196961 0.12096961 "" "" 29.20221156114095 "" 3.543903966947006 ""
275.1029799768 -17.42254886929 0.0682 0.0608 20.7106 "" "" 4096548671738704256 1349.22595 0.7583 0.0834 0.505 0.107 0.091 0.059 0.953 4694.2 4.3833 16.864199 1.428331 17.512346 16.084015 "" "" 1204.09363 1515.18555 3382.73022 2.8139 1350.4 13.101 2921.1 8.9087 "" "" 0.0028995673361567496 0.010896623 0.0050247503 0.015921373 275.1029799768 -17.42254886929 1349.22595 0.5049999999999998 0.10700000000000003 1.0224999833106994 0.9714166588783264 0.1389696 0.10696961 "" "" 9.019812470274514 "" 1.1258163713431575 ""
274.80161962002 -17.03665418764 0.0748 0.0733 11.723 "" "" 4097370419242433792 1170.67065 0.8609 0.0922 4.75 -0.51 0.09 0.067 0.913 4594.0 4.7966 16.864542 1.373543 17.494356 16.120813 "" "" 1046.31384 1299.97632 3381.66113 2.8499 1373.0 12.613 2823.8 14.814 "" "" 0.002903278315695077 0.0103569785 0.0068357186 0.017192697 274.80161962002 -17.03665418764 1170.67065 4.75 -0.5100000000000002 5.2674999833106995 0.3544166588783264 0.13796961 0.11496961 "" "" 29.295333172144083 "" 4.039081353425507 ""
275.28487310271 -17.47406094409 0.0757 0.0642 28.2038 "" "" 4096544690386161664 1604.52979 0.6288 0.0803 -1.796 2.029 0.108 0.073 0.973 5621.5 4.662 16.86514 1.565775 17.514622 15.948847 "" "" 1441.31506 1795.59143 3379.79545 3.434 1347.6 28.66 3308.4 18.925 "" "" 0.0029679499755030985 0.023258792 0.0072702686 0.030529061 275.28487310271 -17.47406094409 1604.52979 -1.796 2.029 -1.2785000166893006 2.8934166588783263 0.15596962 0.12096961 "" "" 24.058333403303827 "" 3.0637312564629235 ""
275.26878930198 -17.01892986855 0.0769 0.0751 16.1733 "" "" 4097334002225043200 1482.3302 0.6927 0.0933 -3.561 -4.753 0.098 0.073 0.948 4687.1 4.4468 16.86527 1.681768 17.665691 15.983924 "" "" 1285.21313 1739.09509 3379.39222 3.4711 1172.6 9.9225 3203.2 12.359 "" "" 0.0029724503232763915 0.009601796 0.0056420313 0.015243827 275.26878930198 -17.01892986855 1482.3302 -3.561000000000001 -4.753000000000002 -3.0435000166893005 -3.8885833411216737 0.1459696 0.12096961 "" "" 34.695690141167255 "" 4.54616053053092 ""
275.12390162658 -16.98895526108 0.0897 0.0798 9.5442 "" "" 4097345164834894080 1143.36072 0.8901 0.0989 -1.395 -8.207 0.149 0.095 1.043 4373.9 4.7467 16.865644 1.516224 17.52092 16.004696 "" "" 1012.60712 1329.42993 3378.23011 4.1355 1339.8 17.677 3142.5 65.596 "" "" 0.003059140463279326 0.014594143 0.022976434 0.037570577 275.12390162658 -16.98895526108 1143.36072 -1.395 -8.207 -0.8775000166893006 -7.342583341121674 0.19696961 0.14296961 "" "" 40.07651105273893 "" 5.7658376537067655 ""
275.05660599238 -17.42712274349 0.0724 0.0673 20.3672 "" "" 4097293457732433408 1155.8335 0.8583 0.0828 -0.361 -6.788 0.095 0.072 1.008 4755.0 4.7723 16.86779 1.354931 17.45371 16.09878 "" "" 1060.62671 1254.82166 3371.55659 2.4082 1425.4 8.6827 2881.7 22.501 "" "" 0.0028623770507820593 0.0071781366 0.009281967 0.016460104 275.05660599238 -17.42712274349 1155.8335 -0.3610000000000001 -6.788000000000001 0.15649998331069948 -5.923583341121674 0.14296961 0.11996961 "" "" 32.46456886660059 "" 3.8953322600308713 ""
274.89645062249 -17.00252608121 0.0707 0.0618 7.917 "" "" 4097325407985294336 1505.66711 0.6495 0.0825 2.189 -1.463 0.1 0.066 0.996 "" "" 16.868826 2.146387 17.982502 15.836115 "" "" 1350.15649 1666.18396 3368.34475 3.1592 875.82 7.9425 3670.4 14.455 "" "" 0.0029374764456300937 0.010233857 0.005706765 0.015940621 274.89645062249 -17.00252608121 1505.66711 2.189 -1.463 2.7064999833106995 -0.5985833411216737 0.1479696 0.11396961 "" "" 19.782686810445185 "" 2.8993411098740993 ""
274.71833739272 -17.0886598077 0.0814 0.0745 16.0121 "" "" 4097369942510944768 1193.23779 0.8508 0.0793 -1.599 -4.842 0.099 0.073 1.002 4274.1 4.2863 16.869099 1.580858 17.617159 16.0363 "" "" 1074.61182 1315.60693 3367.49556 2.7264 1226.2 15.831 3052.4 18.215 "" "" 0.002892143544808721 0.014292519 0.007500797 0.021793315 274.71833739272 -17.0886598077 1193.23779 -1.5990000000000004 -4.842 -1.0815000166893005 -3.977583341121673 0.14696962 0.12096961 "" "" 23.313764322461356 "" 2.8660964203855457 ""
