Clusters/Ruprecht_26/Ruprecht_26_stars_in_region.tsv
# %ECSV 1.0
# ---
# datatype:
# - name: RA_ICRS_1
#   unit: deg
#   datatype: float64
#   format: '{:15.11f}'
#   description: Right ascension (ICRS) at Ep=2016.0 (ra)
#   meta: !!omap
#   - {ucd: POS_EQ_RA_MAIN}
#   - {width: 15}
#   - {precision: '11'}
# - name: DE_ICRS_1
#   unit: deg
#   datatype: float64
#   format: '{:15.11f}'
#   description: Declination (ICRS) at Ep=2016.0 (dec)
#   meta: !!omap
#   - {ucd: POS_EQ_DEC_MAIN}
#   - {width: 15}
#   - {precision: '11'}
# - name: e_RA_ICRS
#   unit: mas
#   datatype: float64
#   format: '{:7.4f}'
#   description: Standard error of right ascension (ra_error)
#   meta: !!omap
#   - {ucd: ERROR}
#   - {width: 7}
#   - {precision: '4'}
# - name: e_DE_ICRS
#   unit: mas
#   datatype: float64
#   format: '{:7.4f}'
#   description: Standard error of declination (dec_error)
#   meta: !!omap
#   - {ucd: ERROR}
#   - {width: 7}
#   - {precision: '4'}
# - name: _r_1
#   unit: ''
#   datatype: float64
#   format: '{:7.4f}'
#   description: Distance from center (114.25590635000-15.57440608000)[ICRS], at Epoch=J2016.0
#   meta: !!omap
#   - {ucd: POS_ANG_DIST_GENERAL}
#   - {width: 7}
#   - {precision: '4'}
# - name: HIP
#   datatype: int32
#   description: '? HIP cross-id number, van Leeuwen, Cat. I/311 (hip_original_ext_source_id)'
#   meta: !!omap
#   - {ucd: ID_NUMBER}
#   - {width: 6}
#   - values: {'null': -2147483648}
# - name: TYC2
#   datatype: string
#   description: Tycho-2 cross-id name, Hog et al., Cat. I/259 (tyc2_original_ext_source_id)
#   meta: !!omap
#   - {ucd: ID_CROSSID}
#   - {_votable_string_dtype: char}
# - name: Source
#   datatype: int64
#   description: Source identifier, identical to the Gaia-EDR3 source_id (id)
#   meta: !!omap
#   - {ucd: ID_MAIN}
#   - {width: 19}
# - name: rgeo
#   unit: pc
#   datatype: float64
#   format: '{:15.8f}'
#   description: '? Median of the geometric distance posterior (r_med_geo)'
#   meta: !!omap
#   - {ucd: PHYS_DISTANCE_TRUE}
#   - {width: 15}
#   - {precision: '8'}
#   - values: {'null': .nan}
# - name: Plx
#   unit: mas
#   datatype: float64
#   format: '{:9.4f}'
#   description: '? Parallax (parallax)'
#   meta: !!omap
#   - {ucd: POS_PARLX_TRIG}
#   - {width: 9}
#   - {precision: '4'}
#   - values: {'null': .nan}
# - name: e_Plx
#   unit: mas
#   datatype: float32
#   format: '{:7.4f}'
#   description: '? Standard error of parallax (parallax_error)'
#   meta: !!omap
#   - {ucd: ERROR}
#   - {width: 7}
#   - {precision: '4'}
#   - values: {'null': .nan}
# - name: pmRA
#   unit: mas / yr
#   datatype: float64
#   format: '{:9.3f}'
#   description: '? Proper motion in right ascension direction, pmRA*cosDE (pmra)'
#   meta: !!omap
#   - {ucd: POS_EQ_PMRA}
#   - {width: 9}
#   - {precision: '3'}
#   - values: {'null': .nan}
# - name: pmDE
#   unit: mas / yr
#   datatype: float64
#   format: '{:9.3f}'
#   description: '? Proper motion in declination direction (pmdec)'
#   meta: !!omap
#   - {ucd: POS_EQ_PMDEC}
#   - {width: 9}
#   - {precision: '3'}
#   - values: {'null': .nan}
# - name: e_pmRA
#   unit: mas / yr
#   datatype: float32
#   format: '{:6.3f}'
#   description: '? Standard error of proper motion in right ascension direction (pmra_error)'
#   meta: !!omap
#   - {ucd: ERROR}
#   - {width: 6}
#   - {precision: '3'}
#   - values: {'null': .nan}
# - name: e_pmDE
[...]
#         value: !astropy.table.SerializedColumn {name: SkyCoord.dec}
#       distance: !astropy.table.SerializedColumn
#         __class__: astropy.coordinates.distances.Distance
#         unit: !astropy.units.Unit {unit: pc}
#         value: !astropy.table.SerializedColumn {name: SkyCoord.distance}
#       frame: icrs
#       obstime: !astropy.time.Time {format: jyear_str, in_subfmt: '*', jd1: 367701545.0, jd2: 0.0, out_subfmt: '*', precision: 3, scale: tt}
#       pm_dec: !astropy.table.SerializedColumn
#         __class__: astropy.units.quantity.Quantity
#         unit: !astropy.units.Unit {unit: mas / yr}
#         value: !astropy.table.SerializedColumn {name: SkyCoord.pm_dec}
#       pm_ra_cosdec: !astropy.table.SerializedColumn
#         __class__: astropy.units.quantity.Quantity
#         unit: !astropy.units.Unit {unit: mas / yr}
#         value: !astropy.table.SerializedColumn {name: SkyCoord.pm_ra_cosdec}
#       ra: !astropy.table.SerializedColumn
#         __class__: astropy.coordinates.angles.Longitude
#         unit: *id001
#         value: !astropy.table.SerializedColumn {name: SkyCoord.ra}
#         wrap_angle: !astropy.coordinates.Angle
#           unit: *id001
#           value: 360.0
#       representation_type: spherical
# schema: astropy-2.0
RA_ICRS_1 DE_ICRS_1 e_RA_ICRS e_DE_ICRS _r_1 HIP TYC2 Source rgeo Plx e_Plx pmRA pmDE e_pmRA e_pmDE RUWE Teff logg Gmag BP-RP BPmag RPmag RV e_RV b_rgeo B_rgeo FG e_FG FBP e_FBP FRP e_FRP RAVE5 RAVE6 e_Gmag e_BPmag e_RPmag e_BP-RP SkyCoord.ra SkyCoord.dec SkyCoord.distance SkyCoord.pm_ra_cosdec SkyCoord.pm_dec rmRA rmDE e_rmRA e_rmDE rRV e_rRV v_pec v_pec3d e_vpec e_vpec3d
[from data line 1164]
114.13192127336 -15.79172653301 0.0259 0.0266 14.8768 "" "" 3029040945533645312 1213.07483 0.7865 0.0341 24.791 -25.945 0.034 0.034 0.996 5898.5 4.562 15.829113 0.855475 16.16784 15.312365 "" "" 1159.44128 1268.96008 8776.09765 3.2619 4658.9 15.571 5945.8 13.861 "" "" 0.0027847152670074584 0.0045774337 0.004548645 0.009126078 114.13192127336 -15.79172653301 1213.07483 24.791 -25.944999999999997 28.009454599380494 -26.062399998009205 0.13399652 0.13399652 "" "" 219.99032273539905 "" 29.477936902805517 ""
114.39110193818 -16.10953556766 0.0268 0.0257 33.0425 "" "" 3028971023464690176 1147.7782 0.8272 0.0352 0.47 -1.832 0.036 0.032 1.039 5504.3 4.5941 15.831362 1.036129 16.20694 15.170811 "" "" 1103.48877 1191.21423 8757.94241 5.5448 4494.1 22.761 6773.8 39.995 "" "" 0.002839772006420267 0.006166242 0.0074417284 0.01360797 114.39110193818 -16.10953556766 1147.7782 0.47 -1.832 3.688454599380493 -1.949399998009205 0.13599652 0.13199651 "" "" 22.697161704150922 "" 3.0671416022987863 ""
114.08752980266 -14.9804303073 0.0282 0.0267 36.947 "" "" 3029857882674261632 1161.83862 0.8246 0.0439 -2.712 -3.111 0.035 0.032 1.019 5136.6 4.469 15.831507 1.045576 16.267794 15.222218 "" "" 1101.30261 1225.22534 8756.77509 3.0902 4249.1 14.526 6460.6 13.043 "" "" 0.0027818324685962466 0.004643468 0.00436902 0.009012489 114.08752980266 -14.9804303073 1161.83862 -2.712 -3.111 0.506454599380493 -3.228399998009205 0.13499652 0.13199651 "" "" 17.99661063447587 "" 2.3768009769633993 ""
114.0402266738 -14.8899207956 0.0289 0.0259 42.9252 "" "" 3029912102342860416 1195.95605 0.8 0.0426 -4.919 3.998 0.036 0.031 0.923 5240.1 4.5361 15.831643 0.971343 16.232353 15.26101 "" "" 1137.63379 1265.6748 8755.67556 3.0623 4390.1 8.1065 6233.8 8.239 "" "" 0.002781364635532701 0.0034357673 0.0040426347 0.007478402 114.0402266738 -14.8899207956 1195.95605 -4.9190000000000005 3.998 -1.7005454006195064 3.8806000019907954 0.13599652 0.13099651 "" "" 24.01799826285721 "" 3.1659280744476237 ""
114.30845777903 -15.22836632784 0.0281 0.0295 20.9837 "" "" 3029835583204160128 1109.63904 0.8661 0.0467 -0.772 7.208 0.034 0.032 0.94 5091.3 4.4968 15.836474 1.115063 16.307121 15.192059 "" "" 1058.64893 1170.771 8716.79823 3.4159 4098.0 16.686 6642.5 13.864 "" "" 0.0027879772348032507 0.005227701 0.004406698 0.009634399 114.30845777903 -15.22836632784 1109.63904 -0.7720000000000002 7.208 2.446454599380493 7.090600001990795 0.13399652 0.13199651 "" "" 39.4517872189724 "" 5.215948856684904 ""
114.29748081402 -15.16969786628 0.0277 0.0284 24.4013 "" "" 3029839289753470464 1061.82068 0.9105 0.0422 0.837 -11.164 0.034 0.034 1.031 4834.1 4.5294 15.837775 1.1941 16.349316 15.155215 "" "" 1003.13562 1108.81836 8706.36272 3.2772 3941.8 12.337 6871.8 10.851 "" "" 0.0027854648121332874 0.0043968507 0.004150066 0.008546917 114.29748081402 -15.16969786628 1061.82068 0.8369999999999993 -11.164000000000005 4.055454599380493 -11.281399998009205 0.13399652 0.13399652 "" "" 60.3369198677461 "" 8.084937076574654 ""
114.66465534094 -16.05602599536 0.0265 0.0275 37.3074 "" "" 3028965766424515712 1230.30762 0.7796 0.0395 -7.246 3.54 0.033 0.033 0.985 5378.2 4.6427 15.840779 1.020617 16.27098 15.250363 "" "" 1168.68152 1290.00488 8682.30422 3.1578 4236.7 11.584 6295.2 12.723 "" "" 0.0027834737153758842 0.0040740366 0.0043702247 0.008444261 114.66465534094 -16.05602599536 1230.30762 -7.246000000000001 3.539999999999999 -4.027545400619507 3.422600001990795 0.13299651 0.13299651 "" "" 30.822568347847522 "" 4.099294156339531 ""
113.6277192755 -15.84940815665 0.0263 0.0255 39.8585 "" "" 3028287642630236800 1021.49127 0.9368 0.0378 -4.735 -2.329 0.034 0.032 1.007 4830.7 4.3969 15.841392 1.105911 16.310608 15.204697 "" "" 981.798279 1063.76624 8677.4136 3.761 4084.8 11.298 6565.7 16.793 "" "" 0.0027952171445072794 0.0040991516 0.004689915 0.008789066 113.6277192755 -15.84940815665 1021.49127 -4.735 -2.329 -1.5165454006195072 -2.446399998009205 0.13399652 0.13199651 "" "" 13.936495127020383 "" 1.8473486617163455 ""
113.84895250996 -15.07490080238 0.0267 0.0285 38.1153 "" "" 3029879048273635712 1052.30566 0.9141 0.0397 -10.575 -6.853 0.032 0.034 1.0 4863.2 4.509 15.843466 1.12844 16.329817 15.201377 "" "" 1014.65723 1096.32227 8660.85008 3.1774 4013.2 13.991 6585.8 16.789 "" "" 0.002783963152202614 0.0047023776 0.004684512 0.00938689 113.84895250996 -15.07490080238 1052.30566 -10.575 -6.852999999999999 -7.356545400619506 -6.970399998009205 0.13199651 0.13399652 "" "" 50.54946240341151 "" 6.720368985408381 ""
113.78019484021 -15.56710275014 0.0276 0.0275 27.4987 "" "" 3029802254257376768 1192.1991 0.8084 0.0374 -0.701 2.844 0.034 0.034 1.016 4836.5 4.4257 15.845593 1.208956 16.375198 15.166243 "" "" 1144.03357 1244.7533 8643.88967 3.1519 3848.9 10.711 6802.4 8.1515 "" "" 0.00278361773004466 0.0041127005 0.003997062 0.008109762 113.78019484021 -15.56710275014 1192.1991 -0.7009999999999996 2.844 2.517454599380493 2.726600001990795 0.13399652 0.13399652 "" "" 20.97125685120332 "" 2.810075363977933 ""
114.39165757977 -14.94364364816 0.0268 0.0276 38.6529 "" "" 3029861078129748992 1213.49072 0.7961 0.0388 -4.721 1.919 0.036 0.034 0.952 5380.4 4.6561 15.849848 0.993117 16.264868 15.27175 "" "" 1157.95618 1270.51917 8610.08532 4.8247 4260.6 15.913 6172.5 17.688 "" "" 0.0028216903490199167 0.004922315 0.0048952955 0.0098176105 114.39165757977 -14.94364364816 1213.49072 -4.720999999999998 1.9189999999999992 -1.502545400619507 1.8016000019907952 0.13599652 0.13399652 "" "" 13.49368438835488 "" 1.8192260893651053 ""
114.17429877513 -15.44874521011 0.0299 0.0304 8.8942 "" "" 3029807751815226624 855.401123 1.1349 0.0444 -3.637 -5.756 0.035 0.035 1.042 4759.8 4.5172 15.851153 1.217311 16.384064 15.166753 "" "" 823.374756 885.789001 8599.74484 3.4104 3817.6 10.54 6799.2 12.183 "" "" 0.0027887596116131317 0.004095203 0.0042507076 0.00834591 114.17429877513 -15.44874521011 855.401123 -3.637000000000001 -5.756000000000002 -0.41854540061950685 -5.873399998009205 0.13499652 0.13499652 "" "" 23.874685179332022 "" 3.2229993793190546 ""
114.27801034622 -16.1581843562 0.0266 0.0275 35.0499 "" "" 3027472423476959744 1006.19586 0.9657 0.035 -1.025 3.378 0.035 0.036 1.007 "" "" 15.852201 1.3114 16.430603 15.119204 "" "" 969.536316 1034.72095 8591.44697 4.9894 3657.4 12.918 7103.6 13.045 "" "" 0.0028265453291594507 0.004742472 0.004273069 0.0090155415 114.27801034622 -16.1581843562 1006.19586 -1.025 3.3780000000000032 2.1934545993804933 3.2606000019907952 0.13499652 0.13599652 "" "" 18.742316384394783 "" 2.543065384127252 ""
113.78145751114 -16.10089205849 0.0247 0.0263 41.8076 "" "" 3027528017535068032 1022.01685 0.9333 0.0366 -2.979 -1.372 0.031 0.031 1.013 4817.6 4.263 15.853291 1.13732 16.342623 15.205302 "" "" 991.443726 1063.8877 8582.83013 4.1737 3966.1 11.683 6562.0 9.9302 "" "" 0.0028054498990018866 0.004244287 0.0041210777 0.008365365 113.78145751114 -16.10089205849 1022.01685 -2.9790000000000028 -1.372 0.23945459938049307 -1.489399998009205 0.13099651 0.13099651 "" "" 7.307843083179085 "" 0.9573019423483399 ""
113.89440101963 -14.96053516338 0.0342 0.0338 42.361 "" "" 3029904337042147712 996.444336 0.9758 0.0518 4.972 -3.67 0.039 0.038 1.164 4669.5 4.3526 15.853897 1.234625 16.253433 15.018808 "" "" 953.450012 1064.56079 8578.03967 6.1913 4305.7 91.554 7791.7 107.66 "" "" 0.0028645916505073647 0.02325448 0.015470646 0.038725127 113.89440101963 -14.96053516338 996.444336 4.971999999999997 -3.6700000000000026 8.190454599380494 -3.787399998009205 0.13899651 0.13799651 "" "" 42.62045901120281 "" 5.916609345645137 ""
114.42462947582 -15.4476438113 0.0278 0.0302 12.3694 "" "" 3029077328195588992 1083.30603 0.8808 0.0434 -0.936 -11.125 0.035 0.036 0.974 5292.0 4.6441 15.860977 1.054956 16.308134 15.253178 "" "" 1030.5 1142.35315 8522.28343 3.4097 4094.1 11.8 6279.0 8.1215 "" "" 0.0027893526366029875 0.0041925646 0.004031858 0.008224422 114.42462947582 -15.4476438113 1083.30603 -0.9359999999999998 -11.125 2.282454599380493 -11.242399998009205 0.13499652 0.13599652 "" "" 58.905975917980975 "" 8.008684126315607 ""
114.1447016317 -16.12748594196 0.0258 0.0301 33.7998 "" "" 3027472114239376640 959.344238 0.9973 0.037 3.038 -0.848 0.031 0.038 0.897 4862.0 4.537 15.862259 1.16207 16.363111 15.201041 "" "" 925.298218 999.65918 8512.22662 5.8151 3892.0 16.977 6587.8 11.478 "" "" 0.002853407389330473 0.005496801 0.004226372 0.009723173 114.1447016317 -16.12748594196 959.344238 3.038 -0.8479999999999999 6.256454599380493 -0.9653999980092048 0.13099651 0.13799651 "" "" 28.78662682087179 "" 3.775756074063353 ""
114.73707571014 -15.8126291227 0.0265 0.0283 31.2538 "" "" 3029006173477782272 958.807434 1.0165 0.0412 -2.845 4.293 0.032 0.034 0.962 4781.0 4.4485 15.862911 1.166284 16.371077 15.204793 "" "" 921.403442 1004.08167 8507.1149 4.9296 3863.6 12.795 6565.1 13.915 "" "" 0.002826237457781839 0.0045512035 0.004424877 0.00897608 114.73707571014 -15.8126291227 958.807434 -2.8449999999999998 4.293 0.37345459938049297 4.175600001990795 0.13199651 0.13399652 "" "" 19.05279447013405 "" 2.5527079370998838 ""
114.53735572809 -15.88730019586 0.0248 0.0247 24.8326 "" "" 3028983461689787520 1053.95776 0.9088 0.0372 -0.786 0.843 0.031 0.03 0.932 5094.1 4.4984 15.865253 1.067524 16.317417 15.249893 "" "" 1015.18073 1087.85876 8488.79121 3.0123 4059.3 9.398 6298.0 8.2697 "" "" 0.0027821269260304145 0.0037554752 0.0040393304 0.007794806 114.53735572809 -15.88730019586 1053.95776 -0.7859999999999996 0.8429999999999994 2.432454599380493 0.7256000019907951 0.13099651 0.12999651 "" "" 12.681095107553533 "" 1.6601466454630274 ""
114.62074396186 -15.4217065619 0.0336 0.0354 22.9981 "" "" 3029066474819683328 871.795776 1.1083 0.0488 -7.235 -1.262 0.042 0.042 1.22 5066.7 4.6447 15.867274 1.103083 16.337069 15.233986 "" "" 833.488953 912.109985 8472.9961 2.9802 3986.5 12.882 6390.9 12.075 "" "" 0.0027816587901442758 0.0044826665 0.004300227 0.008782893 114.62074396186 -15.4217065619 871.795776 -7.235 -1.262 -4.016545400619507 -1.3793999980092049 0.14199652 0.14199652 "" "" 17.549137086055904 "" 2.4919163562189204 ""
114.49914644282 -15.92352792946 0.0264 0.0264 25.2209 "" "" 3028983289891139968 1132.22009 0.8508 0.0392 -0.341 0.712 0.033 0.032 1.053 4909.3 4.4412 15.87157 1.161403 16.375395 15.213992 "" "" 1086.48425 1180.71765 8439.54315 3.0534 3848.2 10.043 6509.7 10.842 "" "" 0.0027831805072444957 0.0039766855 0.004189715 0.008166401 114.49914644282 -15.92352792946 1132.22009 -0.3410000000000001 0.7119999999999996 2.877454599380493 0.5946000019907951 0.13299651 0.13199651 "" "" 15.768757233939679 "" 2.096546317476823 ""
114.69926389144 -15.98500190185 0.0285 0.0305 35.5278 "" "" 3028967278252942592 1020.16418 0.9408 0.0461 1.522 -4.15 0.036 0.035 0.998 5007.9 4.6302 15.873056 1.155109 16.376692 15.221583 "" "" 974.107056 1070.54138 8427.99296 2.9702 3843.6 11.381 6464.3 11.282 "" "" 0.002781761979959746 0.004256828 0.0042278147 0.008484643 114.69926389144 -15.98500190185 1020.16418 1.5219999999999998 -4.15 4.740454599380493 -4.267399998009205 0.13599652 0.13499652 "" "" 30.842731240678216 "" 4.180726144479847 ""
114.59163417901 -14.99055370861 0.0249 0.0244 40.0594 "" "" 3029939315253077760 1184.54932 0.8033 0.0335 -3.345 0.208 0.032 0.03 1.01 5429.4 4.5763 15.873172 1.035857 16.308638 15.27278 "" "" 1140.81348 1226.03137 8427.09854 4.3179 4092.2 13.163 6166.6 13.221 "" "" 0.002810920314227687 0.004470102 0.004438728 0.008908831 114.59163417901 -14.99055370861 1184.54932 -3.3450000000000037 0.20799999999999988 -0.12654540061950703 0.09060000199079513 0.13199651 0.12999651 "" "" 0.8738509744577021 "" 0.11475600201526295 ""
114.09749122504 -14.99075765802 0.0393 0.0378 36.1993 "" "" 3029857813954788736 875.337952 1.1041 0.0583 -3.472 2.705 0.047 0.044 1.456 4556.6 4.3611 15.87328 1.427058 16.51213 15.085073 "" "" 826.407776 928.614441 8426.26412 5.3075 3392.8 13.139 7330.4 13.565 "" "" 0.002838922298764583 0.0050461874 0.0042802435 0.009326431 114.09749122504 -14.99075765802 875.337952 -3.4719999999999995 2.704999999999997 -0.2535454006195068 2.587600001990795 0.14699651 0.1439965 "" "" 10.787632238623502 "" 1.5536922977067398 ""
113.71427924618 -15.52745358072 0.0273 0.029 31.4345 "" "" 3029814520683975552 976.210083 0.982 0.0371 -3.341 0.206 0.036 0.036 1.012 4531.8 4.2522 15.87568 1.548809 16.597313 15.048504 "" "" 948.166687 1009.12769 8407.65279 7.8084 3136.8 12.486 7581.5 18.484 "" "" 0.0029340348475117893 0.0051441877 0.004614184 0.009758372 113.71427924618 -15.52745358072 976.210083 -3.341000000000001 0.206 -0.12254540061950703 0.08860000199079512 0.13599652 0.13599652 "" "" 0.6997282583618772 "" 0.09516060844621471 ""
114.7088851613 -15.47958356084 0.0266 0.0299 26.7977 "" "" 3029068021007879680 1058.59839 0.9142 0.0369 -3.833 10.687 0.034 0.038 0.977 5378.0 4.6057 15.875854 1.05633 16.318727 15.262398 "" "" 1020.22638 1090.15088 8406.31164 3.0683 4054.4 9.895 6225.9 12.404 "" "" 0.002783673419474698 0.003847922 0.0043546394 0.008202561 114.7088851613 -15.47958356084 1058.59839 -3.833 10.687000000000003 -0.614545400619507 10.569600001990795 0.13399652 0.13799651 "" "" 53.125247685830104 "" 7.33039314408477 ""
114.9389888909 -15.61688788697 0.0289 0.0282 39.5582 "" "" 3029015725484823424 1085.17151 0.8948 0.0399 -1.05 0.764 0.037 0.037 1.017 5130.2 4.5117 15.878274 1.130165 16.360048 15.229883 "" "" 1034.42078 1134.80457 8387.588 4.429 3903.0 15.255 6415.1 16.27 "" "" 0.0028143345318375076 0.0050787283 0.0046761422 0.00975487 114.9389888909 -15.61688788697 1085.17151 -1.0500000000000005 0.7640000000000007 2.1684545993804933 0.6466000019907951 0.13699651 0.13699651 "" "" 11.639219903351377 "" 1.5945324784672776 ""
113.84833378477 -15.63258143962 0.0897 0.0899 23.8104 "" "" 3029798062369309184 1023.50153 0.9853 0.123 -4.055 0.805 0.112 0.112 3.251 4742.8 4.7241 15.879504 1.292178 16.386139 15.093961 "" "" 922.70343 1197.1842 8378.09326 20.895 3810.3 15.825 7270.7 12.435 "" "" 0.003863176874392102 0.0053027165 0.0042109247 0.009513641 113.84833378477 -15.63258143962 1023.50153 -4.055 0.8050000000000005 -0.8365454006195066 0.6876000019907952 0.21199653 0.21199653 "" "" 5.253420296346303 "" 1.113706849953431 ""
114.71617520214 -15.79911835362 0.0849 0.0939 29.8107 "" "" 3029006379636217216 1166.69617 0.8902 0.1346 -8.169 3.192 0.105 0.115 3.428 5239.4 4.6626 15.879981 1.090858 16.327389 15.236531 "" "" 1006.71857 1392.59424 8374.41247 8.8489 4022.2 11.157 6376.0 12.821 "" "" 0.002984623774425515 0.0041055125 0.0043646516 0.008470165 114.71617520214 -15.79911835362 1166.69617 -8.169 3.192000000000003 -4.950545400619507 3.0746000019907953 0.20499651 0.21499652 "" "" 32.22751089914457 "" 6.697791230841548 ""
114.18571392612 -16.10580198028 0.0291 0.0329 32.1402 "" "" 3027473729147052928 999.217468 0.9625 0.0383 -4.92 3.402 0.04 0.046 1.013 4609.0 4.4179 15.880463 1.328122 16.477789 15.149667 "" "" 960.092102 1043.01233 8370.69942 4.488 3501.9 10.807 6907.0 13.421 "" "" 0.002816142319840283 0.0043602446 0.0043283417 0.008688586 114.18571392612 -16.10580198028 999.217468 -4.92 3.4019999999999975 -1.7015454006195068 3.2846000019907953 0.13999651 0.14599651 "" "" 17.520341781659795 "" 2.536030321560795 ""
114.08004566175 -15.40149514293 0.0268 0.0259 14.5269 "" "" 3029812046782530816 882.026794 1.0858 0.037 -3.714 -3.544 0.033 0.03 1.024 5094.7 4.6037 15.881707 1.12206 16.363924 15.241864 "" "" 860.135925 910.438782 8361.10981 2.9652 3889.1 12.212 6344.7 14.07 "" "" 0.002782094716028963 0.004405474 0.0044811694 0.008886643 114.08004566175 -15.40149514293 882.026794 -3.7139999999999986 -3.5439999999999956 -0.4955454006195068 -3.661399998009205 0.13299651 0.12999651 "" "" 15.44717111963895 "" 2.0089213564314674 ""
