Clusters/Ruprecht_26/Ruprecht_26_stars_in_region.tsv
# %ECSV 1.0
# ---
# datatype:
# - name: RA_ICRS_1
#   unit: deg
#   datatype: float64
#   format: '{:15.11f}'
#   description: Right ascension (ICRS) at Ep=2016.0 (ra)
#   meta: !!omap
#   - {ucd: POS_EQ_RA_MAIN}
#   - {width: 15}
#   - {precision: '11'}
# - name: DE_ICRS_1
#   unit: deg
#   datatype: float64
#   format: '{:15.11f}'
#   description: Declination (ICRS) at Ep=2016.0 (dec)
#   meta: !!omap
#   - {ucd: POS_EQ_DEC_MAIN}
#   - {width: 15}
#   - {precision: '11'}
# - name: e_RA_ICRS
#   unit: mas
#   datatype: float64
#   format: '{:7.4f}'
#   description: Standard error of right ascension (ra_error)
#   meta: !!omap
#   - {ucd: ERROR}
#   - {width: 7}
#   - {precision: '4'}
# - name: e_DE_ICRS
#   unit: mas
#   datatype: float64
#   format: '{:7.4f}'
#   description: Standard error of declination (dec_error)
#   meta: !!omap
#   - {ucd: ERROR}
#   - {width: 7}
#   - {precision: '4'}
# - name: _r_1
#   unit: ''
#   datatype: float64
#   format: '{:7.4f}'
#   description: Distance from center (114.25590635000-15.57440608000)[ICRS], at Epoch=J2016.0
#   meta: !!omap
#   - {ucd: POS_ANG_DIST_GENERAL}
#   - {width: 7}
#   - {precision: '4'}
# - name: HIP
#   datatype: int32
#   description: '? HIP cross-id number, van Leeuwen, Cat. I/311 (hip_original_ext_source_id)'
#   meta: !!omap
#   - {ucd: ID_NUMBER}
#   - {width: 6}
#   - values: {'null': -2147483648}
# - name: TYC2
#   datatype: string
#   description: Tycho-2 cross-id name, Hog et al., Cat. I/259 (tyc2_original_ext_source_id)
#   meta: !!omap
#   - {ucd: ID_CROSSID}
#   - {_votable_string_dtype: char}
# - name: Source
#   datatype: int64
#   description: Source identifier, identical to the Gaia-EDR3 source_id (id)
#   meta: !!omap
#   - {ucd: ID_MAIN}
#   - {width: 19}
# - name: rgeo
#   unit: pc
#   datatype: float64
#   format: '{:15.8f}'
#   description: '? Median of the geometric distance posterior (r_med_geo)'
#   meta: !!omap
#   - {ucd: PHYS_DISTANCE_TRUE}
#   - {width: 15}
#   - {precision: '8'}
#   - values: {'null': .nan}
# - name: Plx
#   unit: mas
#   datatype: float64
#   format: '{:9.4f}'
#   description: '? Parallax (parallax)'
#   meta: !!omap
#   - {ucd: POS_PARLX_TRIG}
#   - {width: 9}
#   - {precision: '4'}
#   - values: {'null': .nan}
# - name: e_Plx
#   unit: mas
#   datatype: float32
#   format: '{:7.4f}'
#   description: '? Standard error of parallax (parallax_error)'
#   meta: !!omap
#   - {ucd: ERROR}
#   - {width: 7}
#   - {precision: '4'}
#   - values: {'null': .nan}
# - name: pmRA
#   unit: mas / yr
#   datatype: float64
#   format: '{:9.3f}'
#   description: '? Proper motion in right ascension direction, pmRA*cosDE (pmra)'
#   meta: !!omap
#   - {ucd: POS_EQ_PMRA}
#   - {width: 9}
#   - {precision: '3'}
#   - values: {'null': .nan}
# - name: pmDE
#   unit: mas / yr
#   datatype: float64
#   format: '{:9.3f}'
#   description: '? Proper motion in declination direction (pmdec)'
#   meta: !!omap
#   - {ucd: POS_EQ_PMDEC}
#   - {width: 9}
#   - {precision: '3'}
#   - values: {'null': .nan}
# - name: e_pmRA
#   unit: mas / yr
#   datatype: float32
#   format: '{:6.3f}'
#   description: '? Standard error of proper motion in right ascension direction (pmra_error)'
#   meta: !!omap
#   - {ucd: ERROR}
#   - {width: 6}
#   - {precision: '3'}
#   - values: {'null': .nan}
# - name: e_pmDE
[...]
#         value: !astropy.table.SerializedColumn {name: SkyCoord.dec}
#       distance: !astropy.table.SerializedColumn
#         __class__: astropy.coordinates.distances.Distance
#         unit: !astropy.units.Unit {unit: pc}
#         value: !astropy.table.SerializedColumn {name: SkyCoord.distance}
#       frame: icrs
#       obstime: !astropy.time.Time {format: jyear_str, in_subfmt: '*', jd1: 367701545.0, jd2: 0.0, out_subfmt: '*', precision: 3, scale: tt}
#       pm_dec: !astropy.table.SerializedColumn
#         __class__: astropy.units.quantity.Quantity
#         unit: !astropy.units.Unit {unit: mas / yr}
#         value: !astropy.table.SerializedColumn {name: SkyCoord.pm_dec}
#       pm_ra_cosdec: !astropy.table.SerializedColumn
#         __class__: astropy.units.quantity.Quantity
#         unit: !astropy.units.Unit {unit: mas / yr}
#         value: !astropy.table.SerializedColumn {name: SkyCoord.pm_ra_cosdec}
#       ra: !astropy.table.SerializedColumn
#         __class__: astropy.coordinates.angles.Longitude
#         unit: *id001
#         value: !astropy.table.SerializedColumn {name: SkyCoord.ra}
#         wrap_angle: !astropy.coordinates.Angle
#           unit: *id001
#           value: 360.0
#       representation_type: spherical
# schema: astropy-2.0
RA_ICRS_1 DE_ICRS_1 e_RA_ICRS e_DE_ICRS _r_1 HIP TYC2 Source rgeo Plx e_Plx pmRA pmDE e_pmRA e_pmDE RUWE Teff logg Gmag BP-RP BPmag RPmag RV e_RV b_rgeo B_rgeo FG e_FG FBP e_FBP FRP e_FRP RAVE5 RAVE6 e_Gmag e_BPmag e_RPmag e_BP-RP SkyCoord.ra SkyCoord.dec SkyCoord.distance SkyCoord.pm_ra_cosdec SkyCoord.pm_dec rmRA rmDE e_rmRA e_rmDE rRV e_rRV v_pec v_pec3d e_vpec e_vpec3d
[from data line 1546]
114.86155402982 -15.39125767155 0.0335 0.0356 36.7037 "" "" 3029070494908908160 1072.3689 0.9118 0.0473 -7.622 10.799 0.043 0.046 1.009 4848.7 4.6679 16.53211 1.213979 17.058613 15.844634 "" "" 1026.88525 1123.24353 4593.06957 2.3436 2051.0 8.5179 3641.7 11.679 "" "" 0.002810462303862115 0.0053025614 0.00513886 0.0104414215 114.86155402982 -15.39125767155 1072.3689 -7.622 10.799000000000005 -4.403545400619507 10.681600001990795 0.14299652 0.14599651 "" "" 58.727744920785476 "" 8.548677953998498 ""
114.3018739103 -15.16106798587 0.0408 0.0399 24.9425 "" "" 3029839397135065088 1047.75146 0.9226 0.0623 -6.508 0.283 0.048 0.045 0.951 4544.5 4.6639 16.53243 1.33665 17.13796 15.801311 "" "" 993.993591 1109.68469 4591.71296 2.7788 1906.5 8.2144 3790.0 9.1195 "" "" 0.0028325820155970845 0.0054469304 0.0045944396 0.01004137 114.3018739103 -15.16106798587 1047.75146 -6.508 0.28300000000000036 -3.289545400619507 0.1656000019907951 0.14799652 0.14499652 "" "" 16.357695127483346 "" 2.420759078469573 ""
113.84100684326 -15.81022559026 0.0386 0.0414 27.8311 "" "" 3027543823014555008 1141.19299 0.8602 0.0515 -1.574 0.663 0.053 0.052 0.99 4905.0 4.7192 16.533905 1.149954 17.027998 15.878044 "" "" 1077.2821 1205.72791 4585.4811 3.124 2109.7 8.7295 3531.3 14.394 "" "" 0.0028528814183622227 0.0052884836 0.0058197575 0.011108241 113.84100684326 -15.81022559026 1141.19299 -1.5740000000000007 0.663 1.644454599380493 0.5456000019907952 0.15299651 0.15199652 "" "" 9.372086575989368 "" 1.4329699226212154 ""
114.19582741775 -15.1282997347 0.04 0.0407 26.9912 "" "" 3029851869720120704 961.126953 1.0276 0.0603 -6.25 0.462 0.051 0.048 1.074 4354.6 4.5081 16.534037 1.505035 17.23317 15.728134 "" "" 915.005798 1010.97015 4584.92421 2.5515 1746.4 11.092 4054.2 7.9615 "" "" 0.0028207904563116704 0.007438977 0.0043393215 0.011778299 114.19582741775 -15.1282997347 961.126953 -6.249999999999995 0.46200000000000047 -3.031545400619507 0.34460000199079516 0.1509965 0.14799652 "" "" 13.899878441773062 "" 2.09830636567028 ""
114.8444242563 -15.22094807523 0.0357 0.0396 40.1089 "" "" 3029169657113131904 914.849487 1.0695 0.0503 -6.59 -7.595 0.044 0.047 1.049 4605.3 4.6766 16.535187 1.324362 17.126017 15.801655 "" "" 864.37677 961.047974 4580.07259 2.3973 1927.6 7.8603 3788.8 11.114 "" "" 0.002813316426002178 0.005233232 0.0049423864 0.010175618 114.8444242563 -15.22094807523 914.849487 -6.59 -7.595000000000002 -3.3715454006195067 -7.712399998009205 0.1439965 0.14699651 "" "" 36.500020839472896 "" 5.3479579569529045 ""
114.21682238581 -15.04825407646 0.0414 0.0424 31.65 "" "" 3029859325783263488 839.918274 1.1697 0.06 -3.679 2.214 0.052 0.05 1.033 4461.4 4.557 16.53546 1.472603 17.21891 15.746307 "" "" 801.261414 893.384155 4578.92234 2.9082 1769.5 10.217 3986.9 9.0577 "" "" 0.002840301284636106 0.0068618655 0.0045131003 0.011374965 114.21682238581 -15.04825407646 839.918274 -3.6789999999999994 2.213999999999998 -0.46054540061950666 2.096600001990795 0.15199652 0.14999652 "" "" 8.546017291103068 "" 1.282664607291779 ""
114.15364681525 -15.02320036541 0.0826 0.0808 33.5977 "" "" 3029856714443159040 1134.60718 0.9071 0.1278 -6.605 3.731 0.102 0.093 1.977 5018.3 4.7763 16.536043 1.036668 16.950306 15.913638 "" "" 1002.89557 1339.00635 4576.45811 4.7486 2266.2 13.902 3417.5 9.168 "" "" 0.0029767368735968695 0.0072212606 0.004771513 0.011992773 114.15364681525 -15.02320036541 1134.60718 -6.605 3.731000000000002 -3.3865454006195073 3.613600001990795 0.2019965 0.19299652 "" "" 26.634482767649832 "" 5.2538119884396055 ""
114.47141057194 -16.00162974756 0.0362 0.035 28.4936 "" "" 3028973600444976640 1102.57568 0.8827 0.0509 -0.183 0.281 0.047 0.044 0.975 4539.7 4.4846 16.538568 1.416717 17.19138 15.774663 "" "" 1041.76501 1174.5365 4565.82376 2.2957 1815.0 8.9494 3884.1 7.5668 "" "" 0.0028088798696849697 0.0060370117 0.0043310146 0.010368027 114.47141057194 -16.00162974756 1102.57568 -0.18299999999999997 0.2810000000000001 3.0354545993804933 0.16360000199079516 0.14699651 0.1439965 "" "" 15.886943507728969 "" 2.3351886572879796 ""
113.80730730248 -16.03637899951 0.0433 0.0442 37.9345 "" "" 3027529941680365568 924.066528 1.0514 0.0633 -15.033 -8.547 0.055 0.052 1.211 4913.5 4.6682 16.542122 1.264856 17.04454 15.779684 "" "" 870.135193 991.330322 4550.90518 4.0739 2077.8 7.027 3866.2 13.465 "" "" 0.002921719626664869 0.004611711 0.005346242 0.009957952 113.80730730248 -16.03637899951 924.066528 -15.033000000000001 -8.547 -11.814545400619506 -8.664399998009205 0.15499651 0.15199652 "" "" 64.17300842298849 "" 9.879689344504614 ""
113.94229672378 -15.9662077472 0.0367 0.0369 29.6739 "" "" 3027536676189253504 1047.66187 0.9263 0.0522 1.097 -2.425 0.045 0.044 0.975 4809.4 4.6387 16.542747 1.255228 17.100044 15.844816 "" "" 991.634521 1111.92371 4548.288 2.5198 1974.2 11.723 3641.1 9.4436 "" "" 0.0028202132808924476 0.007025068 0.0047131157 0.011738184 113.94229672378 -15.9662077472 1047.66187 1.0969999999999995 -2.425000000000003 4.315454599380493 -2.5423999980092047 0.14499652 0.1439965 "" "" 24.87272558195626 "" 3.6000664720844453 ""
114.29396686663 -15.59398237325 0.0368 0.0386 2.4936 "" "" 3029050806778398464 860.39447 1.1369 0.0536 -11.372 6.7 0.047 0.046 1.034 4503.0 4.5455 16.544388 1.396637 17.180336 15.783699 "" "" 823.766357 900.310852 4541.41572 2.7875 1833.5 7.7659 3851.9 11.348 "" "" 0.002834767150148852 0.00537895 0.0049512805 0.01033023 114.29396686663 -15.59398237325 860.39447 -11.371999999999998 6.700000000000002 -8.153545400619507 6.582600001990795 0.14699651 0.14599651 "" "" 42.7364779558086 "" 6.265284508267086 ""
114.81890919126 -15.36247915998 0.0341 0.0358 34.9516 "" "" 3029073346767201408 1157.34937 0.8339 0.0478 -7.092 3.868 0.043 0.045 0.979 4768.2 4.603 16.546146 1.180969 17.061691 15.880722 "" "" 1092.08606 1239.7583 4534.07009 2.3535 2045.2 9.0092 3522.7 5.5746 "" "" 0.0028123662727330863 0.0055370964 0.0041516 0.009688696 114.81890919126 -15.36247915998 1157.34937 -7.092000000000002 3.8679999999999994 -3.8735454006195065 3.750600001990795 0.14299652 0.14499652 "" "" 29.578452838619448 "" 4.2583432447070715 ""
114.34477956812 -15.56335058223 0.0392 0.0425 5.1794 "" "" 3029051700131548160 987.587646 0.9721 0.0618 -0.334 -1.739 0.047 0.051 0.959 4749.9 4.6406 16.547651 1.267219 17.109264 15.842045 "" "" 917.841187 1060.0708 4527.79184 2.548 1957.5 11.451 3650.4 6.3886 "" "" 0.0028222515262550487 0.006937195 0.004230168 0.011167363 114.34477956812 -15.56335058223 987.587646 -0.3340000000000001 -1.7389999999999994 2.884454599380493 -1.856399998009205 0.14699651 0.1509965 "" "" 16.0573522921728 "" 2.37936640645147 ""
114.4241859004 -15.58554967971 0.0369 0.0392 9.7487 "" "" 3029040120899677440 1203.13049 0.8081 0.0521 -1.898 1.948 0.045 0.044 0.987 4642.6 4.4654 16.549805 1.284424 17.108133 15.823709 "" "" 1131.55505 1296.05322 4518.81698 2.6269 1959.6 11.73 3712.6 5.8946 "" "" 0.0028266869216099035 0.0070727416 0.004153962 0.011226703 114.4241859004 -15.58554967971 1203.13049 -1.898 1.948 1.3204545993804933 1.830600001990795 0.14499652 0.1439965 "" "" 12.87212482289737 "" 1.8579564579794465 ""
114.02524857105 -14.92003272791 0.0395 0.0383 41.4707 "" "" 3029905436553658240 948.046936 1.0358 0.0619 -2.587 0.718 0.047 0.041 0.958 4477.9 4.5068 16.54994 1.272684 17.116518 15.843834 "" "" 887.082642 1008.71704 4518.25662 4.6876 1944.5 11.453 3644.4 12.744 "" "" 0.002976681473664054 0.0069771158 0.005357099 0.0123342145 114.02524857105 -14.92003272791 948.046936 -2.586999999999998 0.7180000000000009 0.631454599380493 0.6006000019907951 0.14699651 0.14099652 "" "" 3.91614967071277 "" 0.5646219065066831 ""
114.67198624596 -15.21826358334 0.0417 0.0404 32.1858 "" "" 3029088293253759872 893.12439 1.0975 0.064 1.608 -1.404 0.051 0.05 0.956 4492.5 4.5926 16.550802 1.360142 17.160225 15.800083 "" "" 838.894897 970.738586 4514.67082 2.5965 1867.8 9.1976 3794.2 10.053 "" "" 0.0028251915265997307 0.006030751 0.004749666 0.010780416 114.67198624596 -15.21826358334 893.12439 1.6079999999999992 -1.4039999999999995 4.826454599380494 -1.5213999980092048 0.1509965 0.14999652 "" "" 21.42344609985921 "" 3.2329350485058663 ""
114.29649361268 -16.16443292372 0.0381 0.0399 35.479 "" "" 3027469468539452160 828.912659 1.1722 0.0526 -1.913 -10.548 0.052 0.053 0.951 4552.8 4.6502 16.555084 1.412192 17.20254 15.790347 "" "" 793.970459 864.744019 4496.8999 2.668 1796.4 9.367 3828.4 7.0814 "" "" 0.00282961791038834 0.0063115917 0.0042798305 0.010591422 114.29649361268 -16.16443292372 828.912659 -1.9130000000000027 -10.548 1.3054545993804931 -10.665399998009205 0.15199652 0.15299651 "" "" 42.21758903942786 "" 6.458522642719183 ""
113.81624619767 -15.04403089956 0.0423 0.0419 40.7436 "" "" 3029880079065777408 1129.90222 0.8699 0.0623 5.524 2.999 0.051 0.051 1.077 4396.9 4.303 16.558903 1.381414 17.164099 15.782685 "" "" 1050.94312 1199.23242 4481.10913 3.9224 1861.1 8.4971 3855.5 10.131 "" "" 0.002914615566398084 0.0056883763 0.004735305 0.010423681 113.81624619767 -15.04403089956 1129.90222 5.523999999999998 2.998999999999997 8.742454599380494 2.8816000019907952 0.1509965 0.1509965 "" "" 49.30016735273821 "" 7.444153026035968 ""
114.7682293196 -15.60444694985 0.0525 0.0547 29.6633 "" "" 3029013526452590848 1189.12634 0.8221 0.0769 -2.587 3.389 0.063 0.075 1.37 "" "" 16.56036 1.679175 16.912434 15.233258 "" "" 1085.8407 1310.5918 4475.09809 6.8238 2346.6 56.161 6395.2 113.1 "" "" 0.0032144529116787074 0.026134212 0.019569805 0.045704015 114.7682293196 -15.60444694985 1189.12634 -2.587 3.3890000000000025 0.631454599380493 3.271600001990795 0.16299652 0.17499653 "" "" 18.780577268425223 "" 3.2787098420678444 ""
114.19482920968 -15.95076575525 0.0377 0.0375 22.8553 "" "" 3029023971822906496 1210.73804 0.7933 0.0504 -3.075 -3.455 0.049 0.047 1.004 4615.9 4.4453 16.563875 1.24584 17.116272 15.870432 "" "" 1141.40332 1273.81738 4460.63514 2.5145 1944.9 11.149 3556.2 12.12 "" "" 0.0028224778759532864 0.0068207067 0.005289252 0.012109959 114.19482920968 -15.95076575525 1210.73804 -3.075 -3.454999999999999 0.143454599380493 -3.572399998009205 0.14899652 0.14699651 "" "" 20.518163444146985 "" 3.016164994406302 ""
114.3513280864 -15.33503272017 0.0446 0.0456 15.386 "" "" 3029081936702104960 1050.46887 0.918 0.074 -3.213 0.831 0.051 0.052 1.102 4779.0 4.7113 16.564985 1.243075 17.108208 15.865132 "" "" 984.55481 1123.94006 4456.07352 2.9874 1959.4 9.4874 3573.6 10.765 "" "" 0.0028498442554526285 0.005951674 0.004998079 0.010949753 114.3513280864 -15.33503272017 1050.46887 -3.2129999999999983 0.8310000000000006 0.005454599380493086 0.7136000019907951 0.1509965 0.15199652 "" "" 3.5532769455001914 "" 0.540085534559177 ""
114.31592491339 -15.89105018069 0.0382 0.0391 19.3123 "" "" 3029025930328043904 1137.6615 0.8565 0.0512 -0.229 4.09 0.049 0.049 0.944 4658.2 4.5269 16.566286 1.291826 17.142654 15.850828 "" "" 1080.51831 1200.77039 4450.74363 2.5226 1898.3 15.322 3621.0 10.963 "" "" 0.002823203189912285 0.009196904 0.0050089285 0.014205832 114.31592491339 -15.89105018069 1137.6615 -0.22900000000000006 4.09 2.989454599380493 3.972600001990795 0.14899652 0.14899652 "" "" 26.810288616852215 "" 3.9946396253429834 ""
114.78472588641 -15.62926464496 0.0419 0.0435 30.7368 "" "" 3029013251583781632 1136.19373 0.8572 0.0649 -3.248 1.828 0.056 0.061 1.021 4649.4 4.5759 16.571146 1.386424 17.20492 15.818496 "" "" 1060.68152 1213.24072 4430.86599 2.7823 1792.5 13.084 3730.4 12.024 "" "" 0.002838415667868612 0.008401936 0.005150815 0.013552751 114.78472588641 -15.62926464496 1136.19373 -3.248000000000002 1.8279999999999985 -0.029545400619507056 1.7106000019907952 0.15599652 0.16099651 "" "" 9.213910045687772 "" 1.4833938492704752 ""
113.77946365304 -16.12087147925 0.037 0.0406 42.7936 "" "" 3027527845736388480 1055.59717 0.9347 0.0598 -3.26 0.722 0.045 0.048 0.978 4473.0 4.6004 16.571634 1.305622 17.12778 15.822159 "" "" 997.974487 1136.91821 4428.87246 2.9128 1924.4 18.228 3717.9 19.954 "" "" 0.002846346385567076 0.010655919 0.0069454634 0.017601382 113.77946365304 -16.12087147925 1055.59717 -3.26 0.722 -0.04154540061950662 0.6046000019907951 0.14499652 0.14799652 "" "" 3.032268264681982 "" 0.4487228156298035 ""
114.63859012445 -15.96030087633 0.04 0.0426 32.0058 "" "" 3028979235441930880 912.278809 1.0843 0.0595 -5.648 11.378 0.05 0.052 1.109 4836.7 4.7256 16.573519 1.278685 17.143307 15.864622 "" "" 866.969055 973.635254 4421.19325 2.4407 1897.1 11.065 3575.3 11.144 "" "" 0.0028197589879516666 0.0069200797 0.0050731027 0.011993183 114.63859012445 -15.96030087633 912.278809 -5.648 11.378 -2.4295454006195065 11.260600001990795 0.14999652 0.15199652 "" "" 49.81356380229095 "" 7.5670849347548454 ""
114.24352073562 -15.35893112528 0.0495 0.0482 12.9483 "" "" 3029832147230462848 853.404419 1.1717 0.0725 4.025 0.024 0.058 0.053 1.253 4520.4 4.7183 16.576542 1.389332 17.145348 15.756016 "" "" 803.060242 904.565674 4408.89565 3.3961 1893.6 15.05 3951.4 16.287 "" "" 0.0028794493345913764 0.009069115 0.0058575873 0.014926702 114.24352073562 -15.35893112528 853.404419 4.025 0.024000000000000354 7.2434545993804935 -0.09339999800920487 0.1579965 0.15299651 "" "" 29.303201569657684 "" 4.629779476778597 ""
114.06967394879 -15.69878020229 0.0392 0.04 13.0948 "" "" 3029046855408337536 1189.60535 0.8286 0.0503 -7.842 4.885 0.051 0.051 1.145 4760.0 4.4302 16.576645 1.133006 17.068377 15.93537 "" "" 1110.66028 1261.83801 4408.48236 2.5907 2032.7 8.4356 3349.7 9.1723 "" "" 0.002828231374178252 0.0052997004 0.004808589 0.010108289 114.06967394879 -15.69878020229 1189.60535 -7.842000000000001 4.885000000000005 -4.6235454006195065 4.767600001990795 0.1509965 0.1509965 "" "" 37.44862750817256 "" 5.654611916248861 ""
114.06505073638 -15.84250433512 0.0603 0.063 19.5007 "" "" 3029040464497340928 970.744995 1.0284 0.0781 -4.163 0.516 0.08 0.082 1.534 4994.5 4.663 16.57777 1.238648 17.092144 15.853496 "" "" 891.754761 1056.03503 4403.91501 3.9965 1988.7 7.6329 3612.1 9.3322 "" "" 0.002926190499422928 0.00501504 0.0047066254 0.009721665 114.06505073638 -15.84250433512 970.744995 -4.163 0.5159999999999987 -0.9445454006195071 0.39860000199079515 0.17999652 0.18199652 "" "" 4.71731385292682 "" 0.8505329840267215 ""
114.84858482049 -15.82942318855 0.0468 0.0542 37.4975 "" "" 3028993803971913088 1023.0011 0.97 0.0724 -0.745 -5.404 0.059 0.07 1.232 5184.4 4.6954 16.581985 1.136843 17.028307 15.891464 "" "" 952.888428 1086.30957 4386.84422 3.1998 2109.1 7.4626 3488.0 15.365 "" "" 0.002866873904021377 0.0047479775 0.0060957945 0.010843772 114.84858482049 -15.82942318855 1023.0011 -0.7449999999999994 -5.4039999999999955 2.473454599380493 -5.521399998009205 0.15899652 0.16999651 "" "" 29.337137773302114 "" 4.934742677243781 ""
114.54082086418 -16.03446282139 0.0404 0.0367 32.1326 "" "" 3028972840232179840 1111.89417 0.8847 0.0548 -0.254 -2.318 0.051 0.043 1.043 4782.5 4.5793 16.58381 1.324044 17.196058 15.872014 "" "" 1054.4491 1192.72119 4379.47669 2.4499 1807.1 11.082 3551.0 24.465 "" "" 0.002821468199218199 0.0072192363 0.008380845 0.0156000815 114.54082086418 -16.03446282139 1111.89417 -0.254 -2.318 2.964454599380493 -2.435399998009205 0.1509965 0.14299652 "" "" 20.22010330828448 "" 2.989035829450117 ""
114.25962242009 -16.01123836521 0.0573 0.0622 26.2108 "" "" 3029022597433438720 1077.55273 0.905 0.0792 -0.318 -1.734 0.074 0.077 1.452 4657.8 4.5366 16.587072 1.367571 17.179293 15.811722 "" "" 995.90387 1172.28601 4366.3424 4.1122 1835.3 12.437 3753.8 10.071 "" "" 0.0029389419011732684 0.007868831 0.004771658 0.012640489 114.25962242009 -16.01123836521 1077.55273 -0.31799999999999984 -1.734 2.900454599380493 -1.8513999980092049 0.17399651 0.17699651 "" "" 17.57513104066446 "" 3.0733680878178893 ""
