Clusters/Ruprecht_26/Ruprecht_26_stars_in_region.tsv
# %ECSV 1.0
# ---
# datatype:
# - name: RA_ICRS_1
#   unit: deg
#   datatype: float64
#   format: '{:15.11f}'
#   description: Right ascension (ICRS) at Ep=2016.0 (ra)
#   meta: !!omap
#   - {ucd: POS_EQ_RA_MAIN}
#   - {width: 15}
#   - {precision: '11'}
# - name: DE_ICRS_1
#   unit: deg
#   datatype: float64
#   format: '{:15.11f}'
#   description: Declination (ICRS) at Ep=2016.0 (dec)
#   meta: !!omap
#   - {ucd: POS_EQ_DEC_MAIN}
#   - {width: 15}
#   - {precision: '11'}
# - name: e_RA_ICRS
#   unit: mas
#   datatype: float64
#   format: '{:7.4f}'
#   description: Standard error of right ascension (ra_error)
#   meta: !!omap
#   - {ucd: ERROR}
#   - {width: 7}
#   - {precision: '4'}
# - name: e_DE_ICRS
#   unit: mas
#   datatype: float64
#   format: '{:7.4f}'
#   description: Standard error of declination (dec_error)
#   meta: !!omap
#   - {ucd: ERROR}
#   - {width: 7}
#   - {precision: '4'}
# - name: _r_1
#   unit: ''
#   datatype: float64
#   format: '{:7.4f}'
#   description: Distance from center (114.25590635000-15.57440608000)[ICRS], at Epoch=J2016.0
#   meta: !!omap
#   - {ucd: POS_ANG_DIST_GENERAL}
#   - {width: 7}
#   - {precision: '4'}
# - name: HIP
#   datatype: int32
#   description: '? HIP cross-id number, van Leeuwen, Cat. I/311 (hip_original_ext_source_id)'
#   meta: !!omap
#   - {ucd: ID_NUMBER}
#   - {width: 6}
#   - values: {'null': -2147483648}
# - name: TYC2
#   datatype: string
#   description: Tycho-2 cross-id name, Hog et al., Cat. I/259 (tyc2_original_ext_source_id)
#   meta: !!omap
#   - {ucd: ID_CROSSID}
#   - {_votable_string_dtype: char}
# - name: Source
#   datatype: int64
#   description: Source identifier, identical to the Gaia-EDR3 source_id (id)
#   meta: !!omap
#   - {ucd: ID_MAIN}
#   - {width: 19}
# - name: rgeo
#   unit: pc
#   datatype: float64
#   format: '{:15.8f}'
#   description: '? Median of the geometric distance posterior (r_med_geo)'
#   meta: !!omap
#   - {ucd: PHYS_DISTANCE_TRUE}
#   - {width: 15}
#   - {precision: '8'}
#   - values: {'null': .nan}
# - name: Plx
#   unit: mas
#   datatype: float64
#   format: '{:9.4f}'
#   description: '? Parallax (parallax)'
#   meta: !!omap
#   - {ucd: POS_PARLX_TRIG}
#   - {width: 9}
#   - {precision: '4'}
#   - values: {'null': .nan}
# - name: e_Plx
#   unit: mas
#   datatype: float32
#   format: '{:7.4f}'
#   description: '? Standard error of parallax (parallax_error)'
#   meta: !!omap
#   - {ucd: ERROR}
#   - {width: 7}
#   - {precision: '4'}
#   - values: {'null': .nan}
# - name: pmRA
#   unit: mas / yr
#   datatype: float64
#   format: '{:9.3f}'
#   description: '? Proper motion in right ascension direction, pmRA*cosDE (pmra)'
#   meta: !!omap
#   - {ucd: POS_EQ_PMRA}
#   - {width: 9}
#   - {precision: '3'}
#   - values: {'null': .nan}
# - name: pmDE
#   unit: mas / yr
#   datatype: float64
#   format: '{:9.3f}'
#   description: '? Proper motion in declination direction (pmdec)'
#   meta: !!omap
#   - {ucd: POS_EQ_PMDEC}
#   - {width: 9}
#   - {precision: '3'}
#   - values: {'null': .nan}
# - name: e_pmRA
#   unit: mas / yr
#   datatype: float32
#   format: '{:6.3f}'
#   description: '? Standard error of proper motion in right ascension direction (pmra_error)'
#   meta: !!omap
#   - {ucd: ERROR}
#   - {width: 6}
#   - {precision: '3'}
#   - values: {'null': .nan}
# - name: e_pmDE
[...]
#         value: !astropy.table.SerializedColumn {name: SkyCoord.dec}
#       distance: !astropy.table.SerializedColumn
#         __class__: astropy.coordinates.distances.Distance
#         unit: !astropy.units.Unit {unit: pc}
#         value: !astropy.table.SerializedColumn {name: SkyCoord.distance}
#       frame: icrs
#       obstime: !astropy.time.Time {format: jyear_str, in_subfmt: '*', jd1: 367701545.0, jd2: 0.0, out_subfmt: '*', precision: 3, scale: tt}
#       pm_dec: !astropy.table.SerializedColumn
#         __class__: astropy.units.quantity.Quantity
#         unit: !astropy.units.Unit {unit: mas / yr}
#         value: !astropy.table.SerializedColumn {name: SkyCoord.pm_dec}
#       pm_ra_cosdec: !astropy.table.SerializedColumn
#         __class__: astropy.units.quantity.Quantity
#         unit: !astropy.units.Unit {unit: mas / yr}
#         value: !astropy.table.SerializedColumn {name: SkyCoord.pm_ra_cosdec}
#       ra: !astropy.table.SerializedColumn
#         __class__: astropy.coordinates.angles.Longitude
#         unit: *id001
#         value: !astropy.table.SerializedColumn {name: SkyCoord.ra}
#         wrap_angle: !astropy.coordinates.Angle
#           unit: *id001
#           value: 360.0
#       representation_type: spherical
# schema: astropy-2.0
RA_ICRS_1 DE_ICRS_1 e_RA_ICRS e_DE_ICRS _r_1 HIP TYC2 Source rgeo Plx e_Plx pmRA pmDE e_pmRA e_pmDE RUWE Teff logg Gmag BP-RP BPmag RPmag RV e_RV b_rgeo B_rgeo FG e_FG FBP e_FBP FRP e_FRP RAVE5 RAVE6 e_Gmag e_BPmag e_RPmag e_BP-RP SkyCoord.ra SkyCoord.dec SkyCoord.distance SkyCoord.pm_ra_cosdec SkyCoord.pm_dec rmRA rmDE e_rmRA e_rmDE rRV e_rRV v_pec v_pec3d e_vpec e_vpec3d
[from data line 56]
114.41023795888 -15.56371215922 0.0156 0.0174 8.9432 "" 5980-288-1 3029051871930199552 1052.99219 0.9033 0.0227 -3.24 0.122 0.019 0.02 0.929 "" "" 11.352887 0.064752 11.3705 11.305748 4.14 21.28 1025.18469 1082.58081 541741.1058 259.67 386560.0 380.06 238150.0 190.57 "" "" 0.0028040375928755135 0.0029874004 0.0038779594 0.00686536 114.41023795888 -15.56371215922 1052.99219 -3.24 0.12200000000000027 -0.02154540061950705 0.004600001990795133 0.118996516 0.11999652 -17.011739130434783 24.484001 0.10996067806885702 17.01209450928037 0.013089750703294361 24.483489694511476
114.25108955465 -15.66588799724 0.0124 0.0136 5.496 "" 5980-825-1 3029049398029188096 1016.66394 0.9414 0.0176 -2.278 -0.203 0.018 0.018 0.877 9175.9 3.8779 11.356889 0.391801 11.49552 11.103719 27.99 2.72 1000.64606 1036.04883 539748.25418 175.91 344520.0 164.86 286860.0 123.79 J073700.3-153957 20041202_0739m14_012 0.002777949200453534 0.0028381294 0.0038083133 0.0066464427 114.25108955465 -15.66588799724 1016.66394 -2.278 -0.203 0.9404545993804931 -0.3203999980092049 0.117996514 0.117996514 6.8382608695652145 5.9240003 4.787830422809217 8.347762087997255 0.5649472987655124 4.863586364546749
113.6885166357 -15.44568956811 0.0164 0.017 33.7005 "" 5979-1216-1 3029815860713709184 952.973755 1.0321 0.0215 -2.23 4.954 0.02 0.02 1.228 "" "" 11.368893 1.243638 11.916285 10.672647 6.57 1.24 936.095825 971.455444 533813.42544 131.24 233830.0 203.44 426680.0 250.64 "" "" 0.0027682200475284842 0.0029457374 0.003832818 0.0067785555 113.6885166357 -15.44568956811 952.973755 -2.2300000000000004 4.954 0.9884545993804932 4.836600001990795 0.11999652 0.11999652 -14.581739130434784 4.4440002 22.298967179474506 26.643405438106708 2.6757984142286726 3.30616735425052
113.65448414664 -15.33209949654 0.0123 0.0124 37.697 "" "" 3029822285984427264 1076.55212 0.908 0.0168 1.197 3.953 0.015 0.015 1.003 4858.2 2.7419 11.383328 1.364339 11.998343 10.634005 59.23 0.23 1059.4408 1090.52283 526763.42285 150.24 216810.0 129.22 442140.0 170.55 "" "" 0.0027726670852092935 0.0028642265 0.003802516 0.0066667423 113.65448414664 -15.33209949654 1076.55212 1.197 3.9530000000000003 4.415454599380493 3.835600001990795 0.114996515 0.114996515 38.07826086956521 3.4340003 29.845418106239965 48.38081161769548 3.432119077335643 3.433284497944927
114.21151482468 -14.83395982654 0.0136 0.0129 44.5011 "" 5409-970-1 3029866433942187136 1083.31616 0.8782 0.0194 -2.713 2.175 0.018 0.015 1.035 "" "" 11.446913 0.395173 11.588152 11.192979 57.85 8.43 1061.42444 1107.53577 496799.86446 167.04 316340.0 183.83 264220.0 91.689 "" "" 0.0027793987875889136 0.0028606171 0.0037981158 0.006658733 114.21151482468 -14.83395982654 1083.31616 -2.713 2.175 0.5054545993804931 2.057600001990795 0.117996514 0.114996515 36.69826086956522 11.634001 10.879730633540674 38.27702822201673 1.2530114492506241 11.159831404264724
114.15291690364 -15.15012409319 0.0167 0.0166 26.145 "" 5980-1542-1 3029851693617162496 1083.26453 0.8732 0.0234 -2.472 -0.095 0.023 0.02 1.106 "" "" 11.456261 0.158051 11.509925 11.351874 7.06 7.08 1061.5354 1108.8634 492541.18618 176.79 339980.0 175.82 228250.0 65.077 "" "" 0.002782743573088299 0.0028461053 0.0037920382 0.006638143 114.15291690364 -15.15012409319 1083.26453 -2.472 -0.09499999999999999 0.7464545993804932 -0.21239999800920487 0.12299652 0.11999652 -14.091739130434785 10.284 3.98494436738814 14.644346804531958 0.4892489624965616 9.896826845645645
114.64706012594 -15.53243831918 0.0125 0.0134 22.7496 "" 5980-2580-1 3029061591430987008 824.946716 1.1635 0.0189 -5.218 2.435 0.016 0.016 0.928 7961.8 3.868 11.463181 0.356648 11.59008 11.233433 13.4 8.67 814.331116 839.210205 489411.77782 207.73 315780.0 221.82 254560.0 147.45 "" "" 0.0027935930007390824 0.002892529 0.0038313493 0.006723878 114.64706012594 -15.53243831918 824.946716 -5.218 2.435 -1.9995454006195068 2.317600001990795 0.11599652 0.11599652 -7.751739130434784 11.874001 11.969095308603167 14.260038641348071 1.3883733703235732 6.559041678503223
113.55803882864 -15.61717781339 0.0172 0.0168 40.412 "" 5979-2632-1 3028311793219934464 1040.62549 0.9078 0.0231 -0.96 -1.465 0.021 0.018 1.016 "" "" 11.46873 0.267266 11.560683 11.293417 4.48 6.9 1012.85132 1067.32166 486916.73268 161.54 324450.0 193.4 240870.0 84.157 "" "" 0.002778765374938457 0.002864246 0.0037983719 0.006662618 113.55803882864 -15.61717781339 1040.62549 -0.9600000000000007 -1.465 2.258454599380493 -1.582399998009205 0.12099651 0.117996514 -16.671739130434784 10.104 13.602263601270197 21.516701901353528 1.6325025410661118 7.896589468190932
114.60898128866 -15.61238751349 0.1796 0.1869 20.5316 "" 5980-2148-1 3029059534152622592 1025.72205 1.0909 0.283 -2.473 -1.028 0.228 0.226 13.617 "" "" 11.537499 0.493332 11.707336 11.214004 22.84 3.83 815.643921 1609.77637 457032.30989 176.72 283450.0 160.75 259150.0 86.002 "" "" 0.0027871200574196785 0.0028573042 0.0037965185 0.006653823 114.60898128866 -15.61238751349 1025.72205 -2.473 -1.0279999999999991 0.7454545993804933 -1.145399998009205 0.32799652 0.32599652 1.688260869565216 7.0340004 6.644388971482772 6.855518183774804 2.1700101527417797 2.724689837369173
114.75227154413 -15.08573366274 0.0105 0.0106 41.0444 "" 5980-2808-1 3029186081068077824 1226.45471 0.7953 0.0143 0.395 -2.221 0.014 0.013 0.896 "" "" 11.540843 1.467255 12.217443 10.750188 18.05 0.25 1203.05933 1253.77637 455627.11315 114.65 177190.0 122.76 397270.0 107.78 "" "" 0.0027688319618325912 0.0028897882 0.0037908433 0.0066806315 114.75227154413 -15.08573366274 1226.45471 0.39500000000000013 -2.221000000000001 3.613454599380493 -2.338399998009205 0.11399651 0.11299652 -3.101739130434783 3.4540002 25.021361804692017 25.212880283588603 2.844985322067584 2.8551707061501053
114.90330196452 -15.73874477525 0.0124 0.0133 38.6804 "" 5980-3309-1 3029007822745073664 897.806641 1.0794 0.018 -0.803 0.24 0.016 0.017 1.04 7073.1 3.724 11.595738 0.610471 11.825135 11.214664 0.16 2.06 880.562378 913.67157 433162.91033 216.1 254310.0 405.64 259000.0 250.04 "" "" 0.002808057405153385 0.0032839356 0.00392204 0.0072059757 114.90330196452 -15.73874477525 897.806641 -0.8029999999999997 0.24000000000000005 2.4154545993804932 0.12260000199079513 0.11599652 0.11699651 -20.991739130434784 5.264 10.292449247872094 23.379213486348288 1.1939148276882272 4.755578290698718
114.24100629265 -15.59878561039 0.0135 0.0142 1.6974 "" 5980-1592-1 3029050944217393152 1041.4613 0.9078 0.0186 -3.192 0.123 0.018 0.017 0.896 9178.2 4.1027 11.687441 0.146116 11.737005 11.590889 "" "" 1023.68445 1060.55054 398080.11344 151.34 275810.0 170.97 183150.0 73.521 J073657.8-153556 20041123_0739m14_026 0.002786066765086053 0.0028701946 0.0038044297 0.006674624 114.24100629265 -15.59878561039 1041.4613 -3.1919999999999984 0.12300000000000011 0.026454599380492994 0.005600001990795134 0.117996514 0.11699651 "" "" 0.13348771746260196 "" 0.01574538348409707 ""
114.27692841871 -16.19695080192 0.0278 0.0302 37.3724 "" 5980-485-1 3027467784914623104 935.388123 1.0418 0.0396 -2.568 2.076 0.037 0.041 2.559 "" "" 11.729803 0.626539 11.966173 11.339634 119.83 4.73 900.202332 970.947449 382847.10595 317.85 223330.0 514.4 230840.0 557.1 "" "" 0.0028990213706635284 0.0037468688 0.0045988644 0.008345733 114.27692841871 -16.19695080192 935.388123 -2.568 2.076 0.6504545993804931 1.9586000019907952 0.13699651 0.14099652 98.67826086956521 7.934 9.150281870258627 99.10159850651829 1.2865686358175066 7.90100099097141
113.74203137382 -16.07137250783 0.0103 0.0107 42.0603 "" 5979-1719-1 3027529112743093120 1172.51172 0.8181 0.0162 -1.348 1.502 0.014 0.013 0.907 "" "" 11.742295 0.873333 12.092975 11.219642 39.14 2.15 1149.83484 1195.75342 378467.41449 77.34 198710.0 102.84 257810.0 96.414 "" "" 0.0027642387767968356 0.0028461888 0.0038011305 0.0066473195 113.74203137382 -16.07137250783 1172.51172 -1.3480000000000008 1.5020000000000013 1.870454599380493 1.3846000019907951 0.11399651 0.11299652 17.988260869565217 5.354 12.933722484827497 22.155331331895347 1.4698338777714985 4.430872667670697
114.04842402405 -16.18040105913 0.0124 0.0133 38.2806 "" 5980-2597-1 3027512620065243776 1080.15283 0.8719 0.0181 -2.708 3.818 0.015 0.016 0.945 "" "" 11.75043 0.181518 11.811364 11.629847 22.92 18.83 1055.32251 1104.03918 375642.60685 75.331 257560.0 152.75 176690.0 47.186 "" "" 0.00276390969981526 0.002863507 0.003790488 0.0066539953 114.04842402405 -16.18040105913 1080.15283 -2.708 3.818 0.510454599380493 3.700600001990795 0.114996515 0.11599652 1.7682608695652178 22.034 19.126193111384897 19.207759094616492 2.2182161802585743 2.998894196302562
113.68219880391 -15.60539853497 0.2187 0.2128 33.2081 "" "" 3028300729384179456 991.757751 1.1829 0.2834 -6.82 5.09 0.237 0.243 9.86 "" "" 11.771105 0.649122 11.245248 10.596126 "" "" 757.398682 1466.97644 368557.23306 557.34 433830.0 855.83 457830.0 547.34 "" "" 0.00320741900583541 0.003517476 0.003996067 0.007513543 113.68219880391 -15.60539853497 991.757751 -6.820000000000004 5.090000000000005 -3.601545400619507 4.972600001990795 0.33699653 0.3429965 "" "" 28.863062457906793 "" 9.840686306223136 ""
113.99841494057 -15.17982419148 0.022 0.0225 27.9715 "" 5979-2858-1 3029827405585460352 1230.31775 0.7567 0.0294 -2.779 1.755 0.028 0.026 1.465 "" "" 11.775654 0.200894 11.843262 11.642367 78.8 19.05 1185.0835 1267.95068 367016.14065 85.276 250100.0 147.8 174670.0 66.348 "" "" 0.0027668447114651876 0.0028629946 0.003801817 0.0066648116 113.99841494057 -15.17982419148 1230.31775 -2.779 1.755 0.43945459938049325 1.637600001990795 0.12799652 0.12599652 57.64826086956521 22.254 9.887887958756409 58.49010437305069 1.2471777041919025 21.934712951539893
114.19746850642 -16.24814315844 0.0191 0.0208 40.5646 "" 5980-173-1 3027467162131385728 954.733398 1.0177 0.0266 -3.711 0.708 0.026 0.027 0.973 "" "" 11.777612 0.364115 11.520006 11.155891 28.68 13.78 930.317871 981.841187 366355.03074 250.71 336830.0 6148.5 273400.0 4131.2 "" "" 0.002853743354201582 0.020014485 0.016835669 0.036850154 114.19746850642 -16.24814315844 954.733398 -3.711 0.708 -0.4925454006195067 0.5906000019907951 0.12599652 0.12699652 7.528260869565216 16.984 3.4802027356261487 8.293764091248711 0.4405493415992889 15.417507387664541
114.08970933018 -15.92392717424 0.0121 0.0126 23.0631 "" 5980-2755-1 3027526741921162496 1049.72375 0.8995 0.0161 -4.378 2.698 0.015 0.016 0.879 "" "" 11.789969 0.200922 11.85983 11.658908 43.1 8.13 1034.50476 1065.32092 362208.95658 84.962 246310.0 131.09 172030.0 69.936 "" "" 0.0027670651986183765 0.0028493777 0.003805069 0.006654447 114.08970933018 -15.92392717424 1049.72375 -4.378 2.698 -1.159545400619507 2.580600001990795 0.114996515 0.11599652 21.948260869565217 11.334001 14.076932942542141 26.074627442541072 1.6305189930446726 9.580894561712512
113.6519613734 -15.41808125055 0.0111 0.0117 36.1571 "" 5979-994-1 3029819086225433472 860.619446 1.1093 0.0156 -5.863 2.71 0.015 0.014 0.914 8990.0 4.2064 11.796675 0.277123 11.894602 11.617478 20.17 2.1 848.769165 873.385925 359978.83808 86.998 238550.0 127.48 178720.0 64.774 "" "" 0.002767786277507881 0.0028498587 0.0037998124 0.006649671 113.6519613734 -15.41808125055 860.619446 -5.863 2.7099999999999986 -2.6445454006195073 2.592600001990795 0.114996515 0.11399651 -0.9817391304347822 5.304 15.1074265771979 15.139291578724954 1.729913997836944 1.76020425694222
114.58768362129 -15.89558466886 0.0104 0.01 27.1752 "" 5980-2109-1 3028980644191213312 869.775024 1.1043 0.0144 -9.573 0.999 0.014 0.013 0.86 8703.2 4.1235 11.831046 0.387123 11.969555 11.582432 44.61 2.06 856.536194 881.52594 348761.43092 79.566 222640.0 114.79 184580.0 67.448 "" "" 0.0027664316289510737 0.0028457711 0.0038001488 0.0066459198 114.58768362129 -15.89558466886 869.775024 -9.573 0.9989999999999998 -6.354545400619507 0.8816000019907951 0.11399651 0.11299652 23.458260869565216 5.264 26.449020137267894 35.35308571038994 3.014598761329401 4.157740077255864
114.1826930549 -15.69269157582 0.1347 0.1541 8.2622 "" 5980-609-1 3029044067968041728 1112.70679 0.8824 0.1955 -2.943 -0.164 0.181 0.191 13.157 8995.0 4.2297 11.839918 0.312768 11.942066 11.629298 31.12 8.39 958.161011 1355.23303 345923.17062 160.3 228340.0 127.09 176780.0 67.568 J073643.9-154134 20041123_0739m14_014 0.002800879649365768 0.0028548604 0.0038020967 0.006656957 114.1826930549 -15.69269157582 1112.70679 -2.9429999999999996 -0.164 0.2754545993804931 -0.2813999980092049 0.2809965 0.29099652 9.968260869565217 11.594001 2.0768763622157405 10.182319980615203 0.5942918045800815 11.350911726421153
113.65686660474 -15.39978192092 0.0168 0.017 36.1873 "" "" 3029819537205692800 1160.18677 0.8173 0.0231 -2.522 2.307 0.021 0.02 1.513 9125.2 4.1911 11.88439 0.358337 12.011394 11.653056 19.89 3.86 1126.4613 1197.64978 332040.18774 65.47 214220.0 114.67 172960.0 65.701 "" "" 0.002763624364380093 0.0028500569 0.0038018187 0.0066518756 113.65686660474 -15.39978192092 1160.18677 -2.5220000000000002 2.3069999999999995 0.6964545993804934 2.189600001990795 0.12099651 0.11999652 -1.2617391304347834 7.064 12.635674168541664 12.69851358729916 1.5174021977184347 1.6650595657476455
114.06867328041 -15.66772305246 0.0118 0.0126 12.182 "" 5980-423-1 3029047095926499456 1118.0675 0.8409 0.0163 -4.188 2.018 0.016 0.016 0.971 9176.0 3.9957 11.889921 0.216913 11.962876 11.745963 "" "" 1099.0564 1138.2312 330353.09088 77.186 224010.0 118.05 158770.0 57.748 "" "" 0.0027669735121520316 0.0028482317 0.0037999575 0.0066481894 114.06867328041 -15.66772305246 1118.0675 -4.187999999999994 2.018 -0.9695454006195066 1.900600001990795 0.11599652 0.11599652 "" "" 11.307373511317037 "" 1.311615946455926 ""
114.16268361167 -15.78354373715 0.0117 0.0119 13.655 "" 5980-3022-1 3029042388642639104 904.099976 1.0586 0.0154 -1.234 -1.969 0.015 0.015 0.946 "" "" 11.911935 0.24125 11.995987 11.754737 -19.23 19.3 892.680908 916.505127 323722.46372 87.032 217280.0 95.009 157490.0 54.625 "" "" 0.0027707388141700964 0.002830272 0.0037980971 0.006628369 114.16268361167 -15.78354373715 904.099976 -1.2339999999999998 -1.9690000000000007 1.9844545993804932 -2.086399998009205 0.114996515 0.114996515 -40.38173913043478 22.504 12.339612761751031 42.22500323633447 1.4190124666970398 21.52561882297244
114.37012057307 -15.60262539905 0.0143 0.0156 6.8145 "" 5980-681-1 3029051322174424192 1019.72369 0.9255 0.0197 -3.21 0.106 0.018 0.018 0.941 9755.8 4.125 11.922256 0.10104 11.95635 11.85531 "" "" 999.398682 1038.44702 320659.77776 72.337 225360.0 119.19 143560.0 58.376 J073728.8-153610 20041202_0739m14_010 0.0027661850342899285 0.002848647 0.0038050814 0.0066537284 114.37012057307 -15.60262539905 1019.72369 -3.21 0.10599999999999996 0.0084545993804932 -0.011399998009204867 0.117996514 0.117996514 "" "" 0.06860154997494511 "" 0.008094743741306663 ""
113.7267914797 -15.7583745761 0.0119 0.0127 32.4994 "" 5979-39-1 3028294269753374080 1053.20325 0.8999 0.0172 -3.586 2.841 0.015 0.015 0.919 9831.6 4.0821 11.929458 0.201494 11.996872 11.795378 27.26 13.56 1033.823 1070.07227 318539.81545 64.274 217100.0 102.35 151710.0 69.668 "" "" 0.0027640159087077235 0.0028367322 0.003812128 0.00664886 113.7267914797 -15.7583745761 1053.20325 -3.586 2.841 -0.3675454006195067 2.7236000019907953 0.114996515 0.114996515 6.108260869565218 16.764 13.719957438247494 15.01825831972484 1.5777472942889412 6.9689755300081435
