Clusters/Ruprecht_26/Ruprecht_26_members.tsv
# %ECSV 1.0
# ---
# datatype:
# - name: RA_ICRS_1
#   unit: deg
#   datatype: float64
#   format: '{:15.11f}'
#   description: Right ascension (ICRS) at Ep=2016.0 (ra)
#   meta: !!omap
#   - {ucd: POS_EQ_RA_MAIN}
#   - {width: 15}
#   - {precision: '11'}
# - name: DE_ICRS_1
#   unit: deg
#   datatype: float64
#   format: '{:15.11f}'
#   description: Declination (ICRS) at Ep=2016.0 (dec)
#   meta: !!omap
#   - {ucd: POS_EQ_DEC_MAIN}
#   - {width: 15}
#   - {precision: '11'}
# - name: e_RA_ICRS
#   unit: mas
#   datatype: float64
#   format: '{:7.4f}'
#   description: Standard error of right ascension (ra_error)
#   meta: !!omap
#   - {ucd: ERROR}
#   - {width: 7}
#   - {precision: '4'}
# - name: e_DE_ICRS
#   unit: mas
#   datatype: float64
#   format: '{:7.4f}'
#   description: Standard error of declination (dec_error)
#   meta: !!omap
#   - {ucd: ERROR}
#   - {width: 7}
#   - {precision: '4'}
# - name: _r_1
#   unit: ''
#   datatype: float64
#   format: '{:7.4f}'
#   description: Distance from center (114.25590635000-15.57440608000)[ICRS], at Epoch=J2016.0
#   meta: !!omap
#   - {ucd: POS_ANG_DIST_GENERAL}
#   - {width: 7}
#   - {precision: '4'}
# - name: HIP
#   datatype: int32
#   description: '? HIP cross-id number, van Leeuwen, Cat. I/311 (hip_original_ext_source_id)'
#   meta: !!omap
#   - {ucd: ID_NUMBER}
#   - {width: 6}
#   - values: {'null': -2147483648}
# - name: TYC2
#   datatype: string
#   description: Tycho-2 cross-id name, Hog et al., Cat. I/259 (tyc2_original_ext_source_id)
#   meta: !!omap
#   - {ucd: ID_CROSSID}
#   - {_votable_string_dtype: char}
# - name: Source
#   datatype: int64
#   description: Source identifier, identical to the Gaia-EDR3 source_id (id)
#   meta: !!omap
#   - {ucd: ID_MAIN}
#   - {width: 19}
# - name: rgeo
#   unit: pc
#   datatype: float64
#   format: '{:15.8f}'
#   description: '? Median of the geometric distance posterior (r_med_geo)'
#   meta: !!omap
#   - {ucd: PHYS_DISTANCE_TRUE}
#   - {width: 15}
#   - {precision: '8'}
#   - values: {'null': .nan}
# - name: Plx
#   unit: mas
#   datatype: float64
#   format: '{:9.4f}'
#   description: '? Parallax (parallax)'
#   meta: !!omap
#   - {ucd: POS_PARLX_TRIG}
#   - {width: 9}
#   - {precision: '4'}
#   - values: {'null': .nan}
# - name: e_Plx
#   unit: mas
#   datatype: float32
#   format: '{:7.4f}'
#   description: '? Standard error of parallax (parallax_error)'
#   meta: !!omap
#   - {ucd: ERROR}
#   - {width: 7}
#   - {precision: '4'}
#   - values: {'null': .nan}
# - name: pmRA
#   unit: mas / yr
#   datatype: float64
#   format: '{:9.3f}'
#   description: '? Proper motion in right ascension direction, pmRA*cosDE (pmra)'
#   meta: !!omap
#   - {ucd: POS_EQ_PMRA}
#   - {width: 9}
#   - {precision: '3'}
#   - values: {'null': .nan}
# - name: pmDE
#   unit: mas / yr
#   datatype: float64
#   format: '{:9.3f}'
#   description: '? Proper motion in declination direction (pmdec)'
#   meta: !!omap
#   - {ucd: POS_EQ_PMDEC}
#   - {width: 9}
#   - {precision: '3'}
#   - values: {'null': .nan}
# - name: e_pmRA
#   unit: mas / yr
#   datatype: float32
#   format: '{:6.3f}'
#   description: '? Standard error of proper motion in right ascension direction (pmra_error)'
#   meta: !!omap
#   - {ucd: ERROR}
#   - {width: 6}
#   - {precision: '3'}
#   - values: {'null': .nan}
# - name: e_pmDE
[...]
#         unit: &id001 !astropy.units.Unit {unit: deg}
#         value: !astropy.table.SerializedColumn {name: SkyCoord.dec}
#       distance: !astropy.table.SerializedColumn
#         __class__: astropy.coordinates.distances.Distance
#         unit: !astropy.units.Unit {unit: pc}
#         value: !astropy.table.SerializedColumn {name: SkyCoord.distance}
#       frame: icrs
#       obstime: !astropy.time.Time {format: jyear_str, in_subfmt: '*', jd1: 367701545.0, jd2: 0.0, out_subfmt: '*', precision: 3, scale: tt}
#       pm_dec: !astropy.table.SerializedColumn
#         __class__: astropy.units.quantity.Quantity
#         unit: !astropy.units.Unit {unit: mas / yr}
#         value: !astropy.table.SerializedColumn {name: SkyCoord.pm_dec}
#       pm_ra_cosdec: !astropy.table.SerializedColumn
#         __class__: astropy.units.quantity.Quantity
#         unit: !astropy.units.Unit {unit: mas / yr}
#         value: !astropy.table.SerializedColumn {name: SkyCoord.pm_ra_cosdec}
#       ra: !astropy.table.SerializedColumn
#         __class__: astropy.coordinates.angles.Longitude
#         unit: *id001
#         value: !astropy.table.SerializedColumn {name: SkyCoord.ra}
#         wrap_angle: !astropy.coordinates.Angle
#           unit: *id001
#           value: 360.0
#       representation_type: spherical
# schema: astropy-2.0
RA_ICRS_1 DE_ICRS_1 e_RA_ICRS e_DE_ICRS _r_1 HIP TYC2 Source rgeo Plx e_Plx pmRA pmDE e_pmRA e_pmDE RUWE Teff logg Gmag BP-RP BPmag RPmag RV e_RV b_rgeo B_rgeo FG e_FG FBP e_FBP FRP e_FRP RAVE5 RAVE6 e_Gmag e_BPmag e_RPmag e_BP-RP SkyCoord.ra SkyCoord.dec SkyCoord.distance SkyCoord.pm_ra_cosdec SkyCoord.pm_dec Pmemb
114.35233710983 -15.5392961107 0.0227 0.0238 5.9587 "" 5980-201-1 3029052864061053952 1106.40564 0.8962 0.0356 -3.225 0.142 0.026 0.028 1.089 "" "" 10.336826 -0.053163 10.310818 10.36398 "" "" 1065.61255 1158.05115 1381071.37887 544.92 1025900.0 566.73 566980.0 176.19 J073724.6-153222 20041123_0739m14_122 0.0027884240613846307 0.0028539079 0.003794412 0.00664832 114.35233710983 -15.5392961107 1106.40564 -3.2250000000000005 0.14199999999999993 1.0
114.41362475167 -15.44649380399 0.0199 0.0203 11.9184 "" 5980-2242-1 3029077298137429504 1033.53491 0.9337 0.0283 -2.763 -0.099 0.023 0.023 0.961 11004.3 3.9749 11.115069 0.037608 11.121679 11.084071 17.77 11.48 1005.07068 1063.35522 674402.43112 245.69 486120.0 275.03 292100.0 156.79 "" "" 0.002783566581511409 0.0028569878 0.0038240515 0.006681039 114.41362475167 -15.44649380399 1033.53491 -2.763 -0.09900000000000009 0.8
114.55368589554 -15.32833587151 0.0158 0.0151 22.6836 "" 5980-2672-1 3029085578834222080 988.13208 0.9778 0.0232 -3.022 0.078 0.021 0.021 0.894 9909.7 3.999 11.192949 0.165256 11.246982 11.081726 20.99 13.04 960.340637 1016.58698 627721.35285 219.29 433140.0 200.13 292730.0 93.184 "" "" 0.0027813042818810225 0.0028349091 0.0037951523 0.006630061 114.55368589554 -15.32833587151 988.13208 -3.0219999999999994 0.07800000000000001 0.8
114.41023795888 -15.56371215922 0.0156 0.0174 8.9432 "" 5980-288-1 3029051871930199552 1052.99219 0.9033 0.0227 -3.24 0.122 0.019 0.02 0.929 "" "" 11.352887 0.064752 11.3705 11.305748 4.14 21.28 1025.18469 1082.58081 541741.1058 259.67 386560.0 380.06 238150.0 190.57 "" "" 0.0028040375928755135 0.0029874004 0.0038779594 0.00686536 114.41023795888 -15.56371215922 1052.99219 -3.24 0.12200000000000005 0.9
114.24100629265 -15.59878561039 0.0135 0.0142 1.6974 "" 5980-1592-1 3029050944217393152 1041.4613 0.9078 0.0186 -3.192 0.123 0.018 0.017 0.896 9178.2 4.1027 11.687441 0.146116 11.737005 11.590889 "" "" 1023.68445 1060.55054 398080.11344 151.34 275810.0 170.97 183150.0 73.521 J073657.8-153556 20041123_0739m14_026 0.002786066765086053 0.0028701946 0.0038044297 0.006674624 114.24100629265 -15.59878561039 1041.4613 -3.1919999999999997 0.12300000000000007 1.0
114.08417969825 -15.62033187884 0.0105 0.0101 10.2996 "" 5980-2756-1 3029048435956285824 1024.62866 0.932 0.0137 -3.254 0.11 0.014 0.013 0.922 8999.5 4.1991 11.933037 0.285048 12.032936 11.747889 8.17 8.71 1007.89392 1037.1416 317491.40031 81.621 210010.0 133.72 158490.0 58.665 "" "" 0.0027694220631592588 0.002874539 0.0038006892 0.0066752285 114.08417969825 -15.62033187884 1024.62866 -3.2539999999999996 0.11000000000000007 1.0
114.08139582397 -15.65468387549 0.0144 0.0144 11.1755 "" 5980-705-1 3029047297783444864 1031.82849 0.919 0.0189 -3.222 0.025 0.02 0.018 1.053 "" "" 11.951069 0.130497 11.99396 11.863463 -12.08 18.54 1012.83099 1049.0304 312262.0695 88.15 217690.0 132.01 142490.0 50.346 "" "" 0.002772314973867098 0.0028668004 0.0037988017 0.0066656023 114.08139582397 -15.65468387549 1031.82849 -3.222 0.024999999999999963 1.0
114.3958363857 -15.85423915621 0.013 0.0121 18.6339 "" 5980-2845-1 3029025788583627904 1110.33582 0.8526 0.0182 -3.279 0.075 0.016 0.014 0.896 9638.8 4.0467 12.114289 0.166447 12.170142 12.003695 "" "" 1086.14514 1129.74829 268677.41661 60.971 185080.0 101.43 125220.0 50.035 "" "" 0.0027663144402515698 0.0028529102 0.0038042003 0.0066571105 114.3958363857 -15.85423915621 1110.33582 -3.279 0.07499999999999994 0.8
114.10131616676 -15.1971955502 0.0122 0.0117 24.3354 "" 5980-2630-1 3029849666392602496 1047.37903 0.9105 0.0172 -3.189 0.355 0.016 0.014 0.917 9491.5 4.1977 12.221083 0.138783 12.269905 12.131122 "" "" 1028.30359 1063.23596 243508.30872 63.392 168830.0 78.781 111350.0 40.973 "" "" 0.0027697795855154616 0.0028357941 0.0038004392 0.006636233 114.10131616676 -15.1971955502 1047.37903 -3.189 0.3549999999999999 1.0
114.28271652962 -15.47856809547 0.0124 0.0129 5.9555 "" 5980-777-1 3029056506193317888 1038.44238 0.9257 0.0171 -3.259 0.174 0.016 0.015 0.847 "" "" 12.370159 0.227185 12.45055 12.223365 "" "" 1017.50726 1061.40698 212267.37288 64.402 142950.0 86.592 102290.0 36.554 "" "" 0.002774941833579605 0.0028666353 0.0037992457 0.006665881 114.28271652962 -15.47856809547 1038.44238 -3.259 0.17399999999999996 0.8
114.27075584771 -15.58861863967 0.0131 0.0138 1.2099 "" 5980-645-1 3029050875497888768 1043.51379 0.9155 0.0187 -3.243 0.168 0.017 0.017 1.035 9221.5 4.1717 12.412539 0.185507 12.477324 12.291818 "" "" 1020.59479 1068.4624 204141.47802 57.596 139470.0 101.62 96035.0 46.116 J073705.0-153519 20041222_0739m14_014 0.0027722961025397615 0.0029001487 0.003815174 0.006715323 114.27075584771 -15.58861863967 1043.51379 -3.243 0.168 0.9
114.29146091414 -15.66863872918 0.0148 0.0157 6.0157 "" 5980-579-1 3029049153209318016 1019.6394 0.9451 0.0208 -3.178 0.148 0.019 0.019 1.289 9416.5 4.3175 12.449217 0.250039 12.508506 12.258467 "" "" 999.406311 1042.6864 197360.34515 46.768 135520.0 422.85 99031.0 529.91 "" "" 0.0027673063787632336 0.0043888134 0.006930842 0.011319656 114.29146091414 -15.66863872918 1019.6394 -3.178 0.14799999999999996 1.0
113.91517717049 -15.54836401399 0.0107 0.0111 19.7562 "" 5979-1184-1 3029803250689694976 1085.0105 0.8852 0.0143 -3.238 0.212 0.013 0.015 0.934 9225.8 4.1919 12.506783 0.302947 12.6104 12.307453 "" "" 1069.75293 1103.48315 187168.78308 42.979 123380.0 72.904 94662.0 48.951 "" "" 0.002766576769378754 0.0028629766 0.0038208575 0.006683834 113.91517717049 -15.54836401399 1085.0105 -3.2379999999999995 0.21200000000000002 1.0
114.31212348506 -15.58289299306 0.0122 0.0132 3.2888 "" 5980-678-1 3029052314305242880 970.671265 0.9953 0.0175 -3.242 0.124 0.015 0.015 1.006 8197.7 4.3956 12.743526 0.297134 12.850351 12.553217 "" "" 957.045288 986.225464 150500.05823 38.243 98918.0 70.863 75487.0 53.084 "" "" 0.002769098403974373 0.0028965536 0.0038557332 0.006752287 114.31212348506 -15.58289299306 970.671265 -3.242 0.12400000000000001 0.9
114.31294892765 -15.63128480263 0.0117 0.0117 4.7448 "" "" 3029049741626512000 1032.40381 0.9364 0.0155 -3.146 0.009 0.015 0.014 0.94 "" "" 12.779756 0.31232 12.893434 12.581114 "" "" 1015.06842 1047.90076 145560.77666 34.713 95070.0 57.596 73572.0 31.568 "" "" 0.0027674592994662455 0.0028666544 0.003807986 0.0066746403 114.31294892765 -15.63128480263 1032.40381 -3.146 0.008999999999999956 0.8
114.35271275135 -15.35596856545 0.0113 0.0108 14.2517 "" "" 3029081833622896768 1073.6748 0.8957 0.0172 -3.11 0.107 0.014 0.013 0.946 7878.8 4.3623 13.201197 0.49989 13.388059 12.888168 "" "" 1054.22644 1091.45947 98734.27668 49.323 60283.0 48.175 55449.0 31.459 "" "" 0.002808196648807305 0.0029219664 0.0038292524 0.006751219 114.35271275135 -15.35596856545 1073.6748 -3.1099999999999994 0.107 0.9
114.54349786543 -15.4558010533 0.0096 0.0098 18.0856 "" "" 3029077710454200064 1031.72253 0.9234 0.0147 -3.139 0.158 0.012 0.012 0.999 7704.8 4.1673 13.291718 0.534662 13.48977 12.955108 "" "" 1019.73279 1048.17126 90836.31541 23.552 54892.0 26.412 52133.0 23.902 "" "" 0.0027696636681378076 0.0028386558 0.0038120232 0.006650679 114.54349786543 -15.4558010533 1031.72253 -3.1389999999999993 0.15800000000000003 1.0
114.15977510226 -15.6146367529 0.0095 0.01 6.0573 "" "" 3029053452478348160 1072.4906 0.8885 0.0132 -3.027 0.036 0.013 0.013 1.109 7553.3 4.2458 13.361108 0.572453 13.574649 13.002196 "" "" 1059.0863 1087.16736 85212.52763 49.334 50764.0 100.17 49921.0 62.778 "" "" 0.002826112921017944 0.003517818 0.0040184506 0.007536269 114.15977510226 -15.6146367529 1072.4906 -3.027 0.036000000000000074 0.9
114.22573789557 -15.60813981977 0.0123 0.0137 2.6714 "" "" 3029050531900548352 1054.21558 0.9145 0.017 -3.201 0.159 0.016 0.017 1.25 6947.4 4.1458 13.539614 0.618338 13.772675 13.154337 "" "" 1033.30066 1074.40393 72293.8285 19.113 42301.0 21.279 43393.0 19.981 "" "" 0.0027702319374816493 0.0028431227 0.0038123054 0.006655428 114.22573789557 -15.60813981977 1054.21558 -3.2010000000000005 0.15900000000000009 1.0
114.53087696393 -15.5959832832 0.0103 0.0108 15.9443 "" "" 3029062381707080064 1075.47314 0.8875 0.0153 -3.287 0.104 0.013 0.012 0.964 6705.5 4.1604 13.561413 0.7047 13.834881 13.130181 6.18 5.33 1054.4541 1098.17981 70856.82508 16.59 39945.0 28.203 44370.0 28.506 "" "" 0.002767022054815409 0.0028935603 0.0038432141 0.0067367745 114.53087696393 -15.5959832832 1075.47314 -3.287 0.10400000000000001 1.0
114.27666227164 -15.62031705451 0.0109 0.0118 3.0045 "" "" 3029049913425225088 1089.4491 0.8753 0.0157 -3.242 0.201 0.014 0.014 1.003 6571.4 4.1782 13.703014 0.668416 13.960426 13.29201 14.78 8.17 1071.94312 1109.67383 62192.91101 15.441 35583.0 24.0 38226.0 21.582 "" "" 0.002768474875712607 0.00288467 0.0038287714 0.0067134416 114.27666227164 -15.62031705451 1089.4491 -3.2419999999999995 0.20099999999999998 1.0
114.56991332544 -15.91662903295 0.0121 0.0107 27.3942 "" "" 3028980231874372864 1049.49487 0.9101 0.0175 -3.218 0.043 0.016 0.013 1.029 6677.8 4.2014 13.818721 0.705029 14.090511 13.385483 93.14 13.8 1032.11047 1069.39001 55905.97831 11.764 31565.0 20.637 35072.0 24.471 "" "" 0.0027647759393016383 0.0028790506 0.0038545583 0.006733609 114.56991332544 -15.91662903295 1049.49487 -3.2179999999999995 0.04299999999999998 1.0
114.09286256067 -15.41272534147 0.0118 0.0112 13.5269 "" "" 3029809091845033728 1052.797 0.9095 0.0158 -3.233 0.145 0.015 0.014 0.948 6720.8 4.2703 13.860892 0.675976 14.121975 13.445999 24.33 5.38 1033.19751 1069.68335 53776.16059 11.38 30664.0 20.848 33171.0 16.6 "" "" 0.0027648832948606516 0.0028861656 0.0038182389 0.0067044045 114.09286256067 -15.41272534147 1052.797 -3.233 0.14500000000000007 1.0
114.54196239851 -15.47417673616 0.0114 0.0122 17.5967 "" "" 3029065856344471296 1031.52905 0.9318 0.018 -3.214 0.128 0.014 0.014 0.941 6569.1 4.1864 13.896815 0.722656 14.178802 13.456146 15.92 10.03 1007.95319 1050.36182 52026.03484 10.781 29100.0 19.656 32862.0 17.276 "" "" 0.0027644908688464333 0.0028849416 0.0038222407 0.006707182 114.54196239851 -15.47417673616 1031.52905 -3.214 0.128 1.0
114.15516865467 -15.39988100179 0.0141 0.0129 11.9825 "" "" 3029808920046300800 1073.39343 0.8893 0.0206 -3.259 0.114 0.017 0.015 0.987 5573.5 4.093 13.948161 1.001866 14.363337 13.36147 "" "" 1044.97449 1098.72791 49622.91806 48.676 24552.0 83.905 35857.0 88.994 "" "" 0.0029539892337727258 0.004642457 0.0046416763 0.009284133 114.15516865467 -15.39988100179 1073.39343 -3.259 0.11400000000000002 1.0
114.32289743606 -15.51391945523 0.0126 0.0137 5.3073 "" "" 3029053211960029312 1071.29102 0.8929 0.0197 -3.285 0.087 0.016 0.016 0.991 6468.2 4.2943 13.994799 0.69832 14.26529 13.56697 15.43 6.12 1053.49048 1090.26123 47536.4971 11.751 26872.0 22.905 29674.0 19.265 "" "" 0.002768361331839225 0.002939645 0.003844553 0.006784198 114.32289743606 -15.51391945523 1071.29102 -3.2849999999999993 0.08700000000000002 1.0
114.31788116516 -15.73016172415 0.012 0.0126 10.0078 "" "" 3029036925444141952 1046.71912 0.9112 0.0166 -3.28 0.089 0.016 0.015 1.0 6419.2 4.2813 14.067184 0.735598 14.354344 13.618747 10.47 9.98 1029.88586 1063.19751 44470.58292 10.349 24756.0 23.39 28292.0 17.589 "" "" 0.0027668809894476672 0.0029727712 0.0038391857 0.006811957 114.31788116516 -15.73016172415 1046.71912 -3.2799999999999994 0.089 1.0
114.45644286429 -15.44394065481 0.0133 0.0131 13.9892 "" "" 3029077160698440192 1079.03113 0.8862 0.0196 -3.288 0.038 0.017 0.016 0.998 6064.6 4.0059 14.107933 0.737993 14.395763 13.65777 22.06 4.34 1055.78076 1102.39807 42832.49423 10.1 23829.0 21.228 27293.0 14.711 "" "" 0.002767189038200585 0.0029530616 0.003824422 0.0067774835 114.45644286429 -15.44394065481 1079.03113 -3.288 0.038000000000000055 0.8
114.21396423857 -15.62859439688 0.0119 0.0129 4.0553 "" "" 3029050497540823552 1039.26392 0.9186 0.0172 -3.251 0.122 0.016 0.016 0.98 6284.8 4.2544 14.126447 0.734778 14.410842 13.676064 24.37 7.82 1019.40497 1060.77246 42108.34043 9.7681 23501.0 21.294 26837.0 20.745 "" "" 0.0027668077148093606 0.002958523 0.0038714479 0.006829971 114.21396423857 -15.62859439688 1039.26392 -3.251 0.12200000000000001 1.0
114.50265557829 -15.68882249351 0.0168 0.0158 15.8241 "" "" 3029035516694729216 1175.8324 0.8115 0.0241 -3.281 0.061 0.019 0.017 1.149 5239.1 4.1767 14.375733 1.056751 14.819102 13.762351 -13.95 10.35 1147.20117 1207.28918 33469.82952 55.092 16135.0 87.389 24787.0 111.29 "" "" 0.0032841543833354967 0.0065088384 0.006168255 0.012677094 114.50265557829 -15.68882249351 1175.8324 -3.2810000000000006 0.061000000000000054 1.0
114.32530734177 -15.58061560181 0.0143 0.0157 4.0284 "" "" 3029051562692615424 1100.08936 0.8694 0.0215 -3.286 0.034 0.019 0.018 0.961 6299.7 4.335 14.409534 0.767822 14.710885 13.943063 21.48 17.64 1076.33252 1131.48718 32443.93329 11.752 17826.0 27.45 20986.0 18.15 "" "" 0.0027832461392824966 0.0032527419 0.003894287 0.007147029 114.32530734177 -15.58061560181 1100.08936 -3.2859999999999996 0.034000000000000016 1.0
114.1028899969 -15.7288846751 0.0151 0.0169 12.8088 "" "" 3029043763032185984 1034.46326 0.9275 0.0199 -3.231 0.083 0.02 0.021 1.062 "" "" 14.480425 0.829109 14.813078 13.983969 -31.36 7.22 1012.48212 1056.51233 30393.22423 28.225 16225.0 51.611 20210.0 49.616 "" "" 0.002934010820139379 0.004439926 0.004624787 0.009064713 114.1028899969 -15.7288846751 1034.46326 -3.2309999999999994 0.08300000000000003 1.0
114.14788295323 -15.72996474135 0.0146 0.0151 11.2279 "" "" 3029043625593212160 1085.94446 0.8764 0.0196 -3.219 0.142 0.019 0.019 1.022 6136.4 4.4971 14.535482 0.787042 14.846171 14.05913 35.89 10.56 1058.99658 1114.46509 28890.42689 8.6974 15738.0 17.437 18858.0 15.662 "" "" 0.0027746397765100145 0.003038442 0.0038854654 0.0069239074 114.14788295323 -15.72996474135 1085.94446 -3.2189999999999994 0.14199999999999996 1.0
114.2042411282 -15.53177487657 0.0159 0.0156 3.9321 "" "" 3029054414550735232 1107.50525 0.8662 0.0214 -3.209 0.105 0.021 0.019 1.02 5945.6 4.3492 14.600725 0.864896 14.948264 14.083368 "" "" 1084.94678 1131.57458 27205.50372 13.8 14326.0 26.61 18442.0 27.701 "" "" 0.0028098227613075014 0.0034426998 0.0041162325 0.0075589325 114.2042411282 -15.53177487657 1107.50525 -3.209 0.10500000000000002 1.0
114.1833666482 -15.58057898143 0.0149 0.0161 4.2088 "" "" 3029053830435446016 1071.00598 0.8867 0.0215 -3.227 0.138 0.019 0.019 0.96 5814.5 4.2935 14.643178 0.89187 15.003602 14.111733 "" "" 1048.4303 1094.34241 26162.26952 13.867 13614.0 26.083 17967.0 32.269 "" "" 0.0028147767900558633 0.0034802444 0.0042527895 0.007733034 114.1833666482 -15.58057898143 1071.00598 -3.2269999999999994 0.13799999999999996 1.0
114.23605076359 -15.43947550257 0.0165 0.0167 8.1768 "" "" 3029057610006390144 1044.53577 0.9119 0.0255 -3.196 0.157 0.019 0.019 1.022 5814.8 4.0531 14.663451 0.831668 14.993266 14.161598 "" "" 1020.0929 1069.79285 25678.29427 12.11 13744.0 33.349 17160.0 26.463 "" "" 0.0028024939634943595 0.0038373824 0.004133663 0.007971046 114.23605076359 -15.43947550257 1044.53577 -3.1960000000000006 0.15700000000000003 1.0
114.32612227143 -15.68312247166 0.0159 0.0172 7.6818 "" "" 3029037715718096896 1084.62451 0.8869 0.0225 -3.252 -0.004 0.02 0.02 1.052 6041.5 4.3405 14.689149 0.861227 15.035328 14.174101 "" "" 1058.4552 1106.20825 25077.6727 11.157 13222.0 23.498 16964.0 24.86 "" "" 0.002797341334308787 0.0033923804 0.004100649 0.0074930293 114.32612227143 -15.68312247166 1084.62451 -3.252 -0.003999999999999974 1.0
114.45375428281 -15.6016973164 0.016 0.0154 11.5509 "" "" 3029039777302284672 1118.30334 0.8511 0.022 -3.276 0.041 0.02 0.018 1.054 5914.4 4.2938 14.697271 0.843842 15.030967 14.187125 "" "" 1088.84778 1146.65991 24890.75747 14.877 13275.0 34.087 16761.0 28.237 "" "" 0.0028307078086212355 0.003944298 0.0041987402 0.008143038 114.45375428281 -15.6016973164 1118.30334 -3.2759999999999994 0.04099999999999999 1.0
