Clusters/Ruprecht_26/Ruprecht_26_members.tsv
# %ECSV 1.0
# ---
# datatype:
# - name: RA_ICRS_1
#   unit: deg
#   datatype: float64
#   format: '{:15.11f}'
#   description: Right ascension (ICRS) at Ep=2016.0 (ra)
#   meta: !!omap
#   - {ucd: POS_EQ_RA_MAIN}
#   - {width: 15}
#   - {precision: '11'}
# - name: DE_ICRS_1
#   unit: deg
#   datatype: float64
#   format: '{:15.11f}'
#   description: Declination (ICRS) at Ep=2016.0 (dec)
#   meta: !!omap
#   - {ucd: POS_EQ_DEC_MAIN}
#   - {width: 15}
#   - {precision: '11'}
# - name: e_RA_ICRS
#   unit: mas
#   datatype: float64
#   format: '{:7.4f}'
#   description: Standard error of right ascension (ra_error)
#   meta: !!omap
#   - {ucd: ERROR}
#   - {width: 7}
#   - {precision: '4'}
# - name: e_DE_ICRS
#   unit: mas
#   datatype: float64
#   format: '{:7.4f}'
#   description: Standard error of declination (dec_error)
#   meta: !!omap
#   - {ucd: ERROR}
#   - {width: 7}
#   - {precision: '4'}
# - name: _r_1
#   unit: ''
#   datatype: float64
#   format: '{:7.4f}'
#   description: Distance from center (114.25590635000-15.57440608000)[ICRS], at Epoch=J2016.0
#   meta: !!omap
#   - {ucd: POS_ANG_DIST_GENERAL}
#   - {width: 7}
#   - {precision: '4'}
# - name: HIP
#   datatype: int32
#   description: '? HIP cross-id number, van Leeuwen, Cat. I/311 (hip_original_ext_source_id)'
#   meta: !!omap
#   - {ucd: ID_NUMBER}
#   - {width: 6}
#   - values: {'null': -2147483648}
# - name: TYC2
#   datatype: string
#   description: Tycho-2 cross-id name, Hog et al., Cat. I/259 (tyc2_original_ext_source_id)
#   meta: !!omap
#   - {ucd: ID_CROSSID}
#   - {_votable_string_dtype: char}
# - name: Source
#   datatype: int64
#   description: Source identifier, identical to the Gaia-EDR3 source_id (id)
#   meta: !!omap
#   - {ucd: ID_MAIN}
#   - {width: 19}
# - name: rgeo
#   unit: pc
#   datatype: float64
#   format: '{:15.8f}'
#   description: '? Median of the geometric distance posterior (r_med_geo)'
#   meta: !!omap
#   - {ucd: PHYS_DISTANCE_TRUE}
#   - {width: 15}
#   - {precision: '8'}
#   - values: {'null': .nan}
# - name: Plx
#   unit: mas
#   datatype: float64
#   format: '{:9.4f}'
#   description: '? Parallax (parallax)'
#   meta: !!omap
#   - {ucd: POS_PARLX_TRIG}
#   - {width: 9}
#   - {precision: '4'}
#   - values: {'null': .nan}
# - name: e_Plx
#   unit: mas
#   datatype: float32
#   format: '{:7.4f}'
#   description: '? Standard error of parallax (parallax_error)'
#   meta: !!omap
#   - {ucd: ERROR}
#   - {width: 7}
#   - {precision: '4'}
#   - values: {'null': .nan}
# - name: pmRA
#   unit: mas / yr
#   datatype: float64
#   format: '{:9.3f}'
#   description: '? Proper motion in right ascension direction, pmRA*cosDE (pmra)'
#   meta: !!omap
#   - {ucd: POS_EQ_PMRA}
#   - {width: 9}
#   - {precision: '3'}
#   - values: {'null': .nan}
# - name: pmDE
#   unit: mas / yr
#   datatype: float64
#   format: '{:9.3f}'
#   description: '? Proper motion in declination direction (pmdec)'
#   meta: !!omap
#   - {ucd: POS_EQ_PMDEC}
#   - {width: 9}
#   - {precision: '3'}
#   - values: {'null': .nan}
# - name: e_pmRA
#   unit: mas / yr
#   datatype: float32
#   format: '{:6.3f}'
#   description: '? Standard error of proper motion in right ascension direction (pmra_error)'
#   meta: !!omap
#   - {ucd: ERROR}
#   - {width: 6}
#   - {precision: '3'}
#   - values: {'null': .nan}
# - name: e_pmDE
[...]
#         unit: &id001 !astropy.units.Unit {unit: deg}
#         value: !astropy.table.SerializedColumn {name: SkyCoord.dec}
#       distance: !astropy.table.SerializedColumn
#         __class__: astropy.coordinates.distances.Distance
#         unit: !astropy.units.Unit {unit: pc}
#         value: !astropy.table.SerializedColumn {name: SkyCoord.distance}
#       frame: icrs
#       obstime: !astropy.time.Time {format: jyear_str, in_subfmt: '*', jd1: 367701545.0, jd2: 0.0, out_subfmt: '*', precision: 3, scale: tt}
#       pm_dec: !astropy.table.SerializedColumn
#         __class__: astropy.units.quantity.Quantity
#         unit: !astropy.units.Unit {unit: mas / yr}
#         value: !astropy.table.SerializedColumn {name: SkyCoord.pm_dec}
#       pm_ra_cosdec: !astropy.table.SerializedColumn
#         __class__: astropy.units.quantity.Quantity
#         unit: !astropy.units.Unit {unit: mas / yr}
#         value: !astropy.table.SerializedColumn {name: SkyCoord.pm_ra_cosdec}
#       ra: !astropy.table.SerializedColumn
#         __class__: astropy.coordinates.angles.Longitude
#         unit: *id001
#         value: !astropy.table.SerializedColumn {name: SkyCoord.ra}
#         wrap_angle: !astropy.coordinates.Angle
#           unit: *id001
#           value: 360.0
#       representation_type: spherical
# schema: astropy-2.0
RA_ICRS_1 DE_ICRS_1 e_RA_ICRS e_DE_ICRS _r_1 HIP TYC2 Source rgeo Plx e_Plx pmRA pmDE e_pmRA e_pmDE RUWE Teff logg Gmag BP-RP BPmag RPmag RV e_RV b_rgeo B_rgeo FG e_FG FBP e_FBP FRP e_FRP RAVE5 RAVE6 e_Gmag e_BPmag e_RPmag e_BP-RP SkyCoord.ra SkyCoord.dec SkyCoord.distance SkyCoord.pm_ra_cosdec SkyCoord.pm_dec Pmemb
[from data line 39]
114.53368903372 -16.12241724319 0.0167 0.0153 36.5815 "" "" 3028958722678272512 1031.84216 0.9301 0.0215 -3.254 0.203 0.022 0.019 1.067 6235.9 4.4223 14.740459 0.889681 15.096032 14.206351 "" "" 1007.18335 1061.14709 23920.09808 17.877 12503.0 35.592 16467.0 38.161 "" "" 0.0028723201490368842 0.004163859 0.0045403233 0.008704182 114.53368903372 -16.12241724319 1031.84216 -3.2539999999999996 0.20300000000000004 1.0
114.25207951566 -15.5572918895 0.0159 0.0172 1.0504 "" "" 3029054105313294592 1136.29187 0.8369 0.0231 -3.025 0.051 0.02 0.02 0.986 5186.1 4.2032 14.742274 0.998285 15.146667 14.148381 "" "" 1109.94592 1161.6864 23880.14705 40.508 11933.0 77.276 17370.0 81.628 "" "" 0.0033141804535993372 0.0075644245 0.00634956 0.013913984 114.25207951566 -15.5572918895 1136.29187 -3.0250000000000004 0.051 0.8
113.72202768507 -15.46757391895 0.0164 0.0172 31.5231 "" "" 3029815963792925056 1025.45911 0.9297 0.022 -3.275 0.241 0.021 0.02 0.973 5772.6 4.3433 14.79136 0.937146 15.175693 14.238547 "" "" 1005.95288 1049.37769 22824.57688 23.267 11618.0 38.977 15986.0 40.885 "" "" 0.0029693021237901423 0.004588351 0.0046898276 0.009278178 113.72202768507 -15.46757391895 1025.45911 -3.2750000000000004 0.241 1.0
114.56171329832 -15.4863291288 0.0167 0.0179 18.4515 "" "" 3029065581466556800 1129.57104 0.8438 0.0259 -3.288 0.163 0.021 0.021 0.957 5389.6 4.2638 14.854596 0.9996 15.264543 14.264942 "" "" 1099.46277 1168.76062 21533.18572 51.045 10705.0 87.784 15602.0 121.67 "" "" 0.0037704197198279578 0.009330302 0.009272171 0.018602472 114.56171329832 -15.4863291288 1129.57104 -3.288 0.16299999999999998 1.0
113.89719171755 -15.45335582564 0.0177 0.0184 21.9737 "" "" 3029805003036289408 1062.94275 0.9047 0.025 -3.261 0.141 0.022 0.024 1.039 6015.9 4.0942 14.953032 1.011348 15.370475 14.359127 "" "" 1035.15552 1089.63184 19666.81132 29.821 9710.2 52.596 14306.0 57.418 "" "" 0.0032096942590743678 0.0065092887 0.005768275 0.012277564 113.89719171755 -15.45335582564 1062.94275 -3.2609999999999997 0.14100000000000004 1.0
114.37421136532 -15.72009673105 0.0189 0.0197 11.0965 "" "" 3029036616206450816 1001.52789 0.9646 0.0259 -3.184 0.055 0.024 0.023 1.042 5601.8 4.4106 14.999578 1.109081 15.47177 14.362689 "" "" 978.814697 1032.65796 18841.50196 9.4729 8845.2 22.5 14259.0 21.487 "" "" 0.002808872891967516 0.003925918 0.0041183205 0.008044239 114.37421136532 -15.72009673105 1001.52789 -3.184 0.05499999999999998 1.0
113.89944986701 -15.69994060882 0.0174 0.0183 21.9299 "" "" 3029796722339521920 1096.8313 0.8737 0.0238 -3.353 0.119 0.023 0.023 0.994 5803.6 4.4541 15.077335 0.906689 15.446651 14.539962 "" "" 1066.70605 1125.06555 17539.31687 8.7633 9052.3 18.238 12111.0 15.977 "" "" 0.0028082143674165723 0.0035454314 0.004041691 0.0075871223 113.89944986701 -15.69994060882 1096.8313 -3.353 0.11900000000000004 1.0
114.13876481155 -15.52883512633 0.0212 0.0198 7.3024 "" "" 3029055307903938048 1053.79456 0.9191 0.0295 -3.368 0.169 0.027 0.025 0.989 5204.3 4.3863 15.227072 1.00016 15.63984 14.63968 "" "" 1018.59875 1082.17346 15279.81815 13.28 7576.7 23.745 11048.0 27.194 "" "" 0.002912428031786009 0.0044003436 0.004628807 0.00902915 114.13876481155 -15.52883512633 1053.79456 -3.3679999999999994 0.16899999999999998 0.9
114.20006719183 -15.58687826511 0.0205 0.0214 3.3129 "" "" 3029053624277008640 1050.16431 0.9123 0.0287 -3.216 0.119 0.026 0.027 0.991 5106.9 4.3107 15.306379 1.12149 15.775324 14.653834 "" "" 1020.28406 1085.69629 14203.48605 23.616 6687.9 58.125 10905.0 54.763 "" "" 0.0032940387920443394 0.009840075 0.0066341646 0.01647424 114.20006719183 -15.58687826511 1050.16431 -3.2159999999999993 0.1189999999999999 1.0
114.19340807574 -15.63130091709 0.0204 0.0219 4.9697 "" "" 3029050463181097344 1057.71887 0.9035 0.0313 -3.366 0.123 0.027 0.027 0.929 5042.6 4.3474 15.351746 1.140712 15.83657 14.695858 "" "" 1020.85364 1095.93689 13622.24235 24.01 6321.0 37.896 10491.0 48.411 "" "" 0.003354688656701822 0.0070820595 0.00627578 0.01335784 114.19340807574 -15.63130091709 1057.71887 -3.366 0.12300000000000001 1.0
114.23822678993 -15.57077776919 0.0236 0.0251 1.0448 "" "" 3029054070953574656 1195.22913 0.7946 0.0353 -3.001 0.17 0.03 0.03 0.979 5210.4 4.4472 15.589129 1.009418 16.012783 15.003365 "" "" 1151.90698 1246.37024 10946.999 3.7801 5374.1 10.351 7903.4 13.008 "" "" 0.002780710425075813 0.0034868715 0.004180555 0.007667427 114.23822678993 -15.57077776919 1195.22913 -3.0010000000000003 0.16999999999999996 0.8
114.36885254048 -15.64873754695 0.0255 0.029 7.905 "" "" 3029039364985493504 1007.86829 0.9522 0.0367 -3.255 0.201 0.031 0.034 1.031 "" "" 15.82443 1.27483 16.380592 15.105763 "" "" 978.633057 1040.87903 8814.02931 7.2772 3829.8 16.963 7192.1 20.704 "" "" 0.002897476108097961 0.005559776 0.004904348 0.010464124 114.36885254048 -15.64873754695 1007.86829 -3.2549999999999994 0.201 1.0
113.71427924618 -15.52745358072 0.0273 0.029 31.4345 "" "" 3029814520683975552 976.210083 0.982 0.0371 -3.341 0.206 0.036 0.036 1.012 4531.8 4.2522 15.87568 1.548809 16.597313 15.048504 "" "" 948.166687 1009.12769 8407.65279 7.8084 3136.8 12.486 7581.5 18.484 "" "" 0.0029340348475117893 0.0051441877 0.004614184 0.009758372 113.71427924618 -15.52745358072 976.210083 -3.341000000000001 0.206 0.9
114.03335957551 -15.76567713246 0.0269 0.0301 17.2335 "" "" 3029041804526818816 1024.1864 0.9364 0.0351 -3.291 0.145 0.036 0.039 1.037 5305.0 4.6173 15.926063 1.265534 16.442675 15.17714 "" "" 985.071472 1058.26208 8026.41999 12.447 3617.0 18.599 6734.5 34.673 "" "" 0.0032290348593565915 0.0062413635 0.006747712 0.012989076 114.03335957551 -15.76567713246 1024.1864 -3.291 0.14500000000000002 1.0
114.16584941593 -15.664390857 0.0292 0.0299 7.4987 "" "" 3029044450226907008 1104.46118 0.8915 0.0392 -3.148 0.127 0.039 0.038 1.083 5135.1 4.6439 16.051569 1.283367 16.578611 15.295244 "" "" 1046.8125 1159.67981 7150.21935 11.436 3191.3 34.967 6040.3 50.098 "" "" 0.003256882103609919 0.012219207 0.009765996 0.021985203 114.16584941593 -15.664390857 1104.46118 -3.1480000000000006 0.12699999999999995 1.0
114.1921868155 -15.72105341436 0.032 0.033 9.538 "" "" 3029043213276328832 1048.93799 0.9283 0.0436 -3.313 0.138 0.039 0.04 0.953 4570.9 4.4035 16.284655 1.387835 16.89717 15.509335 "" "" 1008.49408 1092.96484 5768.79679 5.188 2379.8 9.2705 4959.3 22.336 "" "" 0.0029232167105043626 0.0050669075 0.0061802818 0.01124719 114.1921868155 -15.72105341436 1048.93799 -3.3130000000000006 0.13799999999999998 1.0
