Clusters/SAI_4/SAI_4_stars_in_region.tsv
# %ECSV 1.0
# ---
# datatype:
# - name: RA_ICRS_1
#   unit: deg
#   datatype: float64
#   format: '{:15.11f}'
#   description: Right ascension (ICRS) at Ep=2016.0 (ra)
#   meta: !!omap
#   - {ucd: POS_EQ_RA_MAIN}
#   - {width: 15}
#   - {precision: '11'}
# - name: DE_ICRS_1
#   unit: deg
#   datatype: float64
#   format: '{:15.11f}'
#   description: Declination (ICRS) at Ep=2016.0 (dec)
#   meta: !!omap
#   - {ucd: POS_EQ_DEC_MAIN}
#   - {width: 15}
#   - {precision: '11'}
# - name: e_RA_ICRS
#   unit: mas
#   datatype: float64
#   format: '{:7.4f}'
#   description: Standard error of right ascension (ra_error)
#   meta: !!omap
#   - {ucd: ERROR}
#   - {width: 7}
#   - {precision: '4'}
# - name: e_DE_ICRS
#   unit: mas
#   datatype: float64
#   format: '{:7.4f}'
#   description: Standard error of declination (dec_error)
#   meta: !!omap
#   - {ucd: ERROR}
#   - {width: 7}
#   - {precision: '4'}
# - name: _r_1
#   unit: ''
#   datatype: float64
#   format: '{:7.4f}'
#   description: Distance from center (005.89241752000+62.71130195000)[ICRS], at Epoch=J2016.0
#   meta: !!omap
#   - {ucd: POS_ANG_DIST_GENERAL}
#   - {width: 7}
#   - {precision: '4'}
# - name: HIP
#   datatype: int32
#   description: '? HIP cross-id number, van Leeuwen, Cat. I/311 (hip_original_ext_source_id)'
#   meta: !!omap
#   - {ucd: ID_NUMBER}
#   - {width: 6}
#   - values: {'null': -2147483648}
# - name: TYC2
#   datatype: string
#   description: Tycho-2 cross-id name, Hog et al., Cat. I/259 (tyc2_original_ext_source_id)
#   meta: !!omap
#   - {ucd: ID_CROSSID}
#   - {_votable_string_dtype: char}
# - name: Source
#   datatype: int64
#   description: Source identifier, identical to the Gaia-EDR3 source_id (id)
#   meta: !!omap
#   - {ucd: ID_MAIN}
#   - {width: 19}
# - name: rgeo
#   unit: pc
#   datatype: float64
#   format: '{:15.8f}'
#   description: '? Median of the geometric distance posterior (r_med_geo)'
#   meta: !!omap
#   - {ucd: PHYS_DISTANCE_TRUE}
#   - {width: 15}
#   - {precision: '8'}
#   - values: {'null': .nan}
# - name: Plx
#   unit: mas
#   datatype: float64
#   format: '{:9.4f}'
#   description: '? Parallax (parallax)'
#   meta: !!omap
#   - {ucd: POS_PARLX_TRIG}
#   - {width: 9}
#   - {precision: '4'}
#   - values: {'null': .nan}
# - name: e_Plx
#   unit: mas
#   datatype: float32
#   format: '{:7.4f}'
#   description: '? Standard error of parallax (parallax_error)'
#   meta: !!omap
#   - {ucd: ERROR}
#   - {width: 7}
#   - {precision: '4'}
#   - values: {'null': .nan}
# - name: pmRA
#   unit: mas / yr
#   datatype: float64
#   format: '{:9.3f}'
#   description: '? Proper motion in right ascension direction, pmRA*cosDE (pmra)'
#   meta: !!omap
#   - {ucd: POS_EQ_PMRA}
#   - {width: 9}
#   - {precision: '3'}
#   - values: {'null': .nan}
# - name: pmDE
#   unit: mas / yr
#   datatype: float64
#   format: '{:9.3f}'
#   description: '? Proper motion in declination direction (pmdec)'
#   meta: !!omap
#   - {ucd: POS_EQ_PMDEC}
#   - {width: 9}
#   - {precision: '3'}
#   - values: {'null': .nan}
# - name: e_pmRA
#   unit: mas / yr
#   datatype: float32
#   format: '{:6.3f}'
#   description: '? Standard error of proper motion in right ascension direction (pmra_error)'
#   meta: !!omap
#   - {ucd: ERROR}
#   - {width: 6}
#   - {precision: '3'}
#   - values: {'null': .nan}
# - name: e_pmDE
[...]
#         value: !astropy.table.SerializedColumn {name: SkyCoord.dec}
#       distance: !astropy.table.SerializedColumn
#         __class__: astropy.coordinates.distances.Distance
#         unit: !astropy.units.Unit {unit: pc}
#         value: !astropy.table.SerializedColumn {name: SkyCoord.distance}
#       frame: icrs
#       obstime: !astropy.time.Time {format: jyear_str, in_subfmt: '*', jd1: 367701545.0, jd2: 0.0, out_subfmt: '*', precision: 3, scale: tt}
#       pm_dec: !astropy.table.SerializedColumn
#         __class__: astropy.units.quantity.Quantity
#         unit: !astropy.units.Unit {unit: mas / yr}
#         value: !astropy.table.SerializedColumn {name: SkyCoord.pm_dec}
#       pm_ra_cosdec: !astropy.table.SerializedColumn
#         __class__: astropy.units.quantity.Quantity
#         unit: !astropy.units.Unit {unit: mas / yr}
#         value: !astropy.table.SerializedColumn {name: SkyCoord.pm_ra_cosdec}
#       ra: !astropy.table.SerializedColumn
#         __class__: astropy.coordinates.angles.Longitude
#         unit: *id001
#         value: !astropy.table.SerializedColumn {name: SkyCoord.ra}
#         wrap_angle: !astropy.coordinates.Angle
#           unit: *id001
#           value: 360.0
#       representation_type: spherical
# schema: astropy-2.0
RA_ICRS_1 DE_ICRS_1 e_RA_ICRS e_DE_ICRS _r_1 HIP TYC2 Source rgeo Plx e_Plx pmRA pmDE e_pmRA e_pmDE RUWE Teff logg Gmag BP-RP BPmag RPmag RV e_RV b_rgeo B_rgeo FG e_FG FBP e_FBP FRP e_FRP RAVE5 RAVE6 e_Gmag e_BPmag e_RPmag e_BP-RP SkyCoord.ra SkyCoord.dec SkyCoord.distance SkyCoord.pm_ra_cosdec SkyCoord.pm_dec rmRA rmDE e_rmRA e_rmDE rRV e_rRV v_pec v_pec3d e_vpec e_vpec3d
[from data line 574]
6.11814059175 62.45372752369 0.033 0.0327 16.6653 "" "" 430541922787449856 2526.11426 0.3727 0.0435 0.864 -2.363 0.044 0.041 1.007 5752.8 4.4664 16.424166 1.271783 16.985142 15.713359 "" "" 2290.42114 2772.33325 5073.18488 2.2085 2194.6 11.075 4109.7 9.3004 "" "" 0.002795565915242348 0.006148663 0.0045078676 0.01065653 6.11814059175 62.45372752369 2526.11426 0.8640000000000002 -2.3630000000000027 3.897250093460083 -1.794249976158142 0.11952442 0.11652442 "" "" 51.37281364635542 "" 6.113632477377272 ""
6.46975227491 62.6461681103 0.0298 0.0325 16.3723 "" "" 430570613170218496 2333.53296 0.4121 0.0403 0.202 -1.13 0.038 0.047 0.997 5919.8 4.4685 16.425137 1.084827 16.88071 15.795883 "" "" 2124.20483 2582.76562 5068.64559 2.2118 2416.2 11.895 3808.9 9.517 "" "" 0.0027957572258650856 0.006029523 0.0046522305 0.010681754 6.46975227491 62.6461681103 2333.53296 0.20200000000000012 -1.1299999999999994 3.235250093460083 -0.561249976158142 0.11352442 0.12252442 "" "" 36.319412701996825 "" 4.133056903281149 ""
5.98311333014 62.7664885767 0.0295 0.0354 4.1445 "" "" 430621946621455232 2331.86206 0.4087 0.0405 -2.478 -0.969 0.038 0.044 1.002 7129.0 4.4144 16.426294 1.030671 16.859514 15.828843 "" "" 2132.47925 2595.69897 5063.24879 2.2635 2463.8 10.136 3695.1 9.1942 "" "" 0.0027977448563468944 0.0052665295 0.0046456503 0.00991218 5.98311333014 62.7664885767 2331.86206 -2.478 -0.9689999999999996 0.5552500934600828 -0.40024997615814206 0.11352442 0.11952442 "" "" 7.56549331076818 "" 0.8746550279765769 ""
5.62413379058 62.76197948346 0.0289 0.0333 7.9761 "" "" 430602876965515392 2148.07153 0.4448 0.0388 2.062 0.526 0.038 0.049 1.032 5646.4 4.4448 16.428526 1.254476 16.976322 15.721846 "" "" 1984.54224 2318.6897 5052.84541 2.1757 2212.5 9.4651 4077.7 10.139 "" "" 0.0027947005837434713 0.0054184073 0.0046445373 0.010062944 5.62413379058 62.76197948346 2148.07153 2.062 0.526 5.095250093460082 1.094750023841858 0.11352442 0.124524415 "" "" 53.06306995180485 "" 6.050898263578762 ""
6.21579708925 62.87727425805 0.0304 0.0361 13.3363 "" "" 430583150168082048 2384.00098 0.396 0.0412 0.638 0.336 0.042 0.05 0.972 7212.1 4.3225 16.434687 1.309924 17.010395 15.700471 "" "" 2191.00879 2650.72803 5024.25847 2.1887 2144.2 7.2348 4158.8 8.7257 "" "" 0.0027956207056908746 0.004604956 0.0044128313 0.009017788 6.21579708925 62.87727425805 2384.00098 0.6379999999999999 0.33600000000000035 3.671250093460083 0.904750023841858 0.117524415 0.12552442 "" "" 42.72695189060748 "" 5.04165661673708 ""
5.59198488947 62.47038901482 0.0335 0.0337 16.6673 "" "" 430591125935196288 2310.58301 0.4117 0.0426 0.728 0.052 0.043 0.05 0.97 5945.8 4.5368 16.435015 1.234387 16.969599 15.735211 "" "" 2119.73071 2539.17139 5022.74103 2.2342 2226.3 6.6959 4027.9 8.98 "" "" 0.0027973261773882275 0.0042951754 0.0044880956 0.008783272 5.59198488947 62.47038901482 2310.58301 0.728 0.051999999999999984 3.7612500934600828 0.620750023841858 0.11852442 0.12552442 "" "" 41.75106764486705 "" 4.956492700759534 ""
6.40829234233 62.62035738354 0.0768 0.0952 15.2242 "" "" 430570269572593152 2481.95825 0.4301 0.1045 -3.011 -0.405 0.097 0.123 2.839 5375.8 4.6564 16.435745 1.241616 16.919193 15.677577 "" "" 1963.5824 3309.10864 5019.36402 9.133 2332.1 11.071 4247.4 11.082 "" "" 0.0033903696558913086 0.005860986 0.0047231987 0.010584185 6.40829234233 62.62035738354 2481.95825 -3.011 -0.405 0.022250093460082887 0.16375002384185788 0.17252442 0.19852442 "" "" 1.9441367117971353 "" 0.38510131883750104 ""
5.94563134007 62.53700864897 0.031 0.0319 10.5602 "" "" 430589545387219840 2380.42456 0.4036 0.0401 -2.59 -1.21 0.039 0.04 1.02 6333.6 4.0733 16.438189 1.435754 17.08787 15.652116 "" "" 2137.68091 2690.66675 5008.08149 6.6433 1996.5 12.886 4348.2 19.88 "" "" 0.0031090350506918067 0.007542703 0.0062389863 0.013781689 5.94563134007 62.53700864897 2380.42456 -2.589999999999998 -1.209999999999999 0.44325009346008315 -0.641249976158142 0.114524424 0.11552442 "" "" 8.795639890981635 "" 1.0132757739999447 ""
6.01675754752 62.71635477321 0.0296 0.0333 3.4335 "" "" 430598135323952384 2757.4939 0.3505 0.0407 -3.232 -0.721 0.039 0.044 0.997 8081.5 4.3646 16.439985 1.133564 16.918715 15.785151 "" "" 2478.24341 3201.11206 4999.79619 2.3965 2333.1 8.5336 3846.8 6.9099 "" "" 0.0028040365091272826 0.0048534092 0.004252918 0.009106327 6.01675754752 62.71635477321 2757.4939 -3.231999999999998 -0.7209999999999998 -0.1987499065399172 -0.15224997615814206 0.114524424 0.11952442 "" "" 3.2723735347155967 "" 0.3808993202772438 ""
5.45796748093 62.65861999912 0.0297 0.0312 12.3723 "" "" 430606690896531200 2157.04736 0.4524 0.0384 -4.978 -0.801 0.039 0.043 0.911 5943.6 4.4646 16.443295 1.152947 16.932152 15.779205 "" "" 2007.25549 2319.03613 4984.58739 2.2326 2304.4 7.862 3867.9 6.1941 "" "" 0.0027979061798466503 0.0046375063 0.0041601495 0.008797656 5.45796748093 62.65861999912 2157.04736 -4.978000000000003 -0.8009999999999999 -1.9447499065399168 -0.23224997615814214 0.114524424 0.11852442 "" "" 20.02520094659655 "" 2.2945203297542616 ""
6.27189454463 62.57351322158 0.0307 0.033 13.3351 "" "" 430549413210356608 2838.09839 0.3302 0.0425 -3.237 -0.994 0.039 0.042 1.054 5928.5 4.2414 16.444685 1.403908 17.05971 15.655802 "" "" 2548.51343 3199.44336 4978.20119 4.865 2049.0 7.3919 4333.5 11.645 "" "" 0.0029525599650699094 0.00480904 0.004774525 0.0095835645 6.27189454463 62.57351322158 2838.09839 -3.236999999999998 -0.9940000000000007 -0.2037499065399171 -0.4252499761581421 0.114524424 0.117524415 "" "" 6.343455328658337 "" 0.7419948922242281 ""
5.43440631662 62.68850210728 0.0302 0.0314 12.678 "" "" 430606828335460480 2652.36572 0.3522 0.0394 -3.774 -0.45 0.039 0.044 1.045 6033.4 4.4376 16.445263 1.206728 16.962145 15.755417 "" "" 2352.55298 2969.56494 4975.55994 2.1291 2241.6 9.7517 3953.6 7.799 "" "" 0.0027942157729352185 0.005485865 0.00434406 0.009829925 5.43440631662 62.68850210728 2652.36572 -3.7740000000000005 -0.4500000000000004 -0.740749906539917 0.1187500238418579 0.114524424 0.11952442 "" "" 9.43177472714885 "" 1.0813752787391746 ""
5.95658596789 62.72094651514 0.0324 0.0352 1.8573 "" "" 430598375839848832 2359.4104 0.3981 0.0413 -4.117 -0.826 0.042 0.043 0.998 6605.0 4.3863 16.446804 1.233728 16.986145 15.752418 "" "" 2135.22412 2654.51538 4968.49659 2.3886 2192.6 8.5141 3964.5 9.5373 "" "" 0.002804324978714493 0.005055685 0.0045941155 0.0096498 5.95658596789 62.72094651514 2359.4104 -4.117000000000002 -0.8259999999999996 -1.083749906539917 -0.25724997615814205 0.117524415 0.11852442 "" "" 12.457007295432563 "" 1.4646696218611353 ""
6.20889221332 62.57414101367 0.03 0.0316 11.9945 "" "" 430549344490875392 2945.1416 0.3244 0.04 -3.885 -0.594 0.036 0.041 1.028 8905.7 4.3922 16.44779 1.152446 16.938816 15.78637 "" "" 2647.40356 3466.65259 4963.98507 2.2176 2290.3 8.1925 3842.5 8.4194 "" "" 0.0027976870248428137 0.0047820876 0.0044657914 0.009247879 6.20889221332 62.57414101367 2945.1416 -3.8850000000000025 -0.5939999999999992 -0.8517499065399168 -0.025249976158142062 0.11152442 0.11652442 "" "" 11.895627740186727 "" 1.3267063544960527 ""
5.67443273473 62.54240989837 0.0315 0.0331 11.7835 "" "" 430593050080504448 2478.18872 0.3745 0.0418 -2.408 0.376 0.043 0.048 1.004 5640.9 4.3164 16.451683 1.476607 17.125362 15.648755 "" "" 2274.05005 2735.08105 4946.21992 2.1272 1928.7 5.9737 4361.7 9.3393 "" "" 0.002794605604090606 0.00436962 0.004437156 0.008806776 5.67443273473 62.54240989837 2478.18872 -2.4080000000000017 0.37600000000000017 0.6252500934600831 0.9447500238418579 0.11852442 0.12352442 "" "" 13.307884126085566 "" 1.623870230360539 ""
5.94492190761 62.76711684179 0.0319 0.0359 3.6465 "" "" 430622011033884032 2509.11157 0.3842 0.0429 -5.739 -3.518 0.04 0.044 1.039 5727.9 4.4721 16.452997 1.276589 17.014927 15.738338 "" "" 2274.2356 2774.25977 4940.24011 2.2007 2135.2 8.2125 4016.3 9.2132 "" "" 0.002797447598355098 0.0050223577 0.004526251 0.009548608 5.94492190761 62.76711684179 2509.11157 -5.739000000000001 -3.5180000000000002 -2.705749906539917 -2.949249976158142 0.11552442 0.11952442 "" "" 47.60122802882487 "" 5.603293036341545 ""
5.41550777387 62.85635405604 0.0309 0.0309 15.7165 "" "" 430615383910217600 2866.46509 0.3166 0.041 0.972 0.81 0.042 0.044 0.948 5327.7 4.1772 16.456215 1.531938 17.161263 15.629325 "" "" 2632.03589 3205.61816 4925.61675 2.1224 1866.0 9.9075 4440.5 6.5718 "" "" 0.002794755297937149 0.0064044376 0.0041067884 0.010511226 5.41550777387 62.85635405604 2866.46509 0.9720000000000002 0.8100000000000002 4.0052500934600825 1.378750023841858 0.117524415 0.11952442 "" "" 57.553572214743674 "" 6.776237464430526 ""
5.79552067668 62.88096308913 0.0299 0.0343 10.5209 "" "" 430626653905538816 2639.74561 0.3517 0.0413 -1.235 -1.26 0.038 0.044 0.979 8026.0 4.2149 16.457508 1.368598 17.068672 15.700074 "" "" 2400.55151 3001.61499 4919.75114 2.299 2032.1 8.0088 4160.3 9.5505 "" "" 0.002801643837918872 0.005108352 0.004527252 0.009635604 5.79552067668 62.88096308913 2639.74561 -1.235 -1.2600000000000002 1.798250093460083 -0.6912499761581421 0.11352442 0.11952442 "" "" 24.10554203361637 "" 2.755613746667547 ""
5.47298017764 62.61257386673 0.0333 0.0316 12.987 "" "" 430594424469972992 2778.57495 0.3413 0.0399 -1.342 -1.443 0.044 0.045 1.015 "" "" 16.457573 1.30595 16.995752 15.689802 "" "" 2524.97437 3123.94775 4919.46337 2.2615 2173.3 10.371 4199.9 12.192 "" "" 0.0028001621491453724 0.0058846627 0.004921143 0.010805806 5.47298017764 62.61257386673 2778.57495 -1.342 -1.443 1.691250093460083 -0.8742499761581422 0.11952442 0.12052442 "" "" 25.074535185599554 "" 3.0023240566935687 ""
5.37878331976 62.6974272537 0.0299 0.0303 14.1571 "" "" 430607000126981504 2006.23999 0.4736 0.0386 0.605 -1.585 0.04 0.041 0.999 5639.4 4.4924 16.45839 1.295516 16.990372 15.694856 "" "" 1879.6145 2152.37524 4915.76631 2.3084 2184.1 10.083 4180.4 25.02 "" "" 0.002802095372142401 0.0057366122 0.0075173443 0.013253957 5.37878331976 62.6974272537 2006.23999 0.6049999999999998 -1.5850000000000009 3.638250093460083 -1.016249976158142 0.11552442 0.11652442 "" "" 35.92258214657609 "" 4.152545752044506 ""
6.26875736431 62.74292654828 0.0301 0.0349 10.5195 "" "" 430575698411215104 2267.11621 0.4209 0.041 -1.45 0.169 0.04 0.049 1.026 5846.0 4.4751 16.461962 1.233546 16.996998 15.763452 "" "" 2094.39941 2485.18262 4899.61459 2.1765 2170.8 6.144 3924.4 8.5027 "" "" 0.002797214108804912 0.004150672 0.004451677 0.008602349 6.26875736431 62.74292654828 2267.11621 -1.45 0.1690000000000002 1.583250093460083 0.737750023841858 0.11552442 0.124524415 "" "" 18.77025155296149 "" 2.1995101065733 ""
5.53863615871 62.76771885123 0.0296 0.0311 10.2951 "" "" 430601640014922368 2636.15527 0.3678 0.0384 0.463 0.229 0.039 0.043 0.956 6259.2 4.5133 16.4643 1.102351 16.929117 15.826766 "" "" 2383.62695 2944.67212 4889.07765 1.9176 2310.8 9.5687 3702.1 10.237 "" "" 0.002788034535203413 0.0052913134 0.004826729 0.010118043 5.53863615871 62.76771885123 2636.15527 0.4630000000000001 0.22899999999999998 3.496250093460083 0.7977500238418579 0.114524424 0.11852442 "" "" 44.80976642075635 "" 5.140829573475803 ""
6.14765019175 62.72998277727 0.0291 0.0316 7.1078 "" "" 430575079935924096 2256.27466 0.4257 0.0389 -3.34 2.62 0.037 0.041 1.005 5968.0 4.4192 16.484955 1.339353 17.075937 15.736585 "" "" 2105.40552 2469.19849 4796.9435 2.0692 2018.6 7.7523 4022.8 7.2864 "" "" 0.002794840373355026 0.005017114 0.0042604124 0.009277526 6.14765019175 62.72998277727 2256.27466 -3.3400000000000003 2.6199999999999983 -0.30674990653991685 3.188750023841858 0.11252442 0.11652442 "" "" 34.2602884342028 "" 3.9909250916618757 ""
5.74128913444 62.74579765429 0.0336 0.0366 4.6419 "" "" 430601944946635392 2284.25195 0.4155 0.0455 -8.493 -1.14 0.045 0.049 1.097 5681.1 4.5164 16.486792 1.237344 17.021404 15.784061 "" "" 2093.95532 2558.41528 4788.83951 2.1777 2122.5 10.231 3850.6 12.137 "" "" 0.0027992073188371764 0.0059308414 0.0050985566 0.011029398 5.74128913444 62.74579765429 2284.25195 -8.493000000000002 -1.1400000000000003 -5.459749906539917 -0.571249976158142 0.12052442 0.124524415 "" "" 59.437338356626114 "" 7.166267579333666 ""
5.56474074656 62.86074416214 0.03 0.0317 12.6979 "" "" 430603839038133120 2228.18628 0.4271 0.0404 -0.98 -1.846 0.039 0.044 1.033 5255.8 3.8343 16.489256 1.323245 17.080053 15.756808 "" "" 2051.77612 2440.78003 4777.9824 2.1195 2010.9 6.9395 3948.5 6.3147 "" "" 0.002797097868264873 0.004671579 0.004159176 0.008830755 5.56474074656 62.86074416214 2228.18628 -0.9799999999999994 -1.846 2.053250093460083 -1.2772499761581422 0.114524424 0.11952442 "" "" 25.5390030455022 "" 2.96102037181786 ""
5.94344682163 62.74104295822 0.0298 0.0349 2.27 "" "" 430598410199569792 2219.44409 0.433 0.0404 -0.65 -1.228 0.038 0.042 0.98 6453.5 4.3849 16.491686 1.283154 17.057829 15.774675 "" "" 2037.53601 2443.4165 4767.29872 2.2515 2052.5 7.9218 3884.1 6.9485 "" "" 0.0028026280499322746 0.0050344085 0.004249283 0.009283692 5.94344682163 62.74104295822 2219.44409 -0.6499999999999996 -1.228 2.383250093460083 -0.6592499761581421 0.11352442 0.117524415 "" "" 26.013735793495062 "" 2.960711138881906 ""
5.67266993225 62.53130981613 0.0321 0.0317 12.3852 "" "" 430593015720774400 2113.84497 0.4567 0.0415 -2.022 4.267 0.043 0.046 0.952 5596.1 4.4866 16.49425 1.327226 17.07918 15.751954 "" "" 1933.33386 2266.61206 4756.06011 2.3714 2012.5 7.2204 3966.2 7.9046 "" "" 0.0028079982514767816 0.0047915573 0.0043550003 0.009146558 5.67266993225 62.53130981613 2113.84497 -2.022 4.267 1.0112500934600832 4.835750023841858 0.11852442 0.12152442 "" "" 49.50050273016073 "" 6.009371670769749 ""
6.11884250833 62.80099608385 0.0312 0.0331 8.2243 "" "" 430576832282558080 2419.42651 0.4032 0.0412 -2.085 -3.6 0.04 0.043 1.013 5554.9 4.4192 16.496145 1.385985 17.105568 15.719583 "" "" 2189.09961 2599.75635 4747.76221 2.154 1964.2 6.0144 4086.3 7.6789 "" "" 0.002799005044521008 0.004340228 0.0042949426 0.008635171 6.11884250833 62.80099608385 2419.42651 -2.085 -3.5999999999999996 0.948250093460083 -3.031249976158142 0.11552442 0.11852442 "" "" 36.42385259123904 "" 4.307488355194968 ""
6.09855638085 62.45484016662 0.0369 0.0375 16.4078 "" "" 430542124640209920 2632.21362 0.3516 0.048 -3.012 -0.513 0.049 0.049 1.076 9237.7 4.3025 16.499142 1.124701 16.971949 15.847248 "" "" 2374.21045 2996.69727 4734.67501 2.2754 2221.5 8.1054 3632.9 8.0197 "" "" 0.002804291237982956 0.004845411 0.0044752993 0.00932071 6.09855638085 62.45484016662 2632.21362 -3.012 -0.513 0.021250093460082997 0.0557500238418579 0.124524415 0.124524415 "" "" 0.7443925230378381 "" 0.09269504311874684 ""
5.76617621365 62.65640468893 0.0332 0.0371 4.7887 "" "" 430600093826800256 2438.31152 0.4016 0.0434 -2.559 0.984 0.043 0.05 1.085 5953.1 4.4877 16.505001 1.181276 17.012053 15.830776 "" "" 2174.08887 2757.85132 4709.19324 2.1391 2140.9 8.6633 3688.5 6.7211 "" "" 0.002799110532076219 0.005204608 0.0042658886 0.009470496 5.76617621365 62.65640468893 2438.31152 -2.559 0.984 0.47425009346008284 1.552750023841858 0.11852442 0.12552442 "" "" 18.764446966692724 "" 2.344475856164228 ""
5.72541210124 62.60433693829 0.0308 0.0327 7.8975 "" "" 430593668555758208 2080.68848 0.4638 0.041 3.088 1.33 0.039 0.045 0.988 5913.2 4.4592 16.505556 1.260143 17.039263 15.77912 "" "" 1927.58154 2279.85596 4706.78536 2.1498 2087.9 13.359 3868.2 13.502 "" "" 0.0027995911514150412 0.0074862493 0.0053522075 0.012838457 5.72541210124 62.60433693829 2080.68848 3.088000000000002 1.3300000000000014 6.121250093460083 1.898750023841858 0.114524424 0.12052442 "" "" 63.20827657481225 "" 7.272970908941959 ""
