Clusters/SAI_4/SAI_4_stars_in_region.tsv
# %ECSV 1.0
# ---
# datatype:
# - name: RA_ICRS_1
#   unit: deg
#   datatype: float64
#   format: '{:15.11f}'
#   description: Right ascension (ICRS) at Ep=2016.0 (ra)
#   meta: !!omap
#   - {ucd: POS_EQ_RA_MAIN}
#   - {width: 15}
#   - {precision: '11'}
# - name: DE_ICRS_1
#   unit: deg
#   datatype: float64
#   format: '{:15.11f}'
#   description: Declination (ICRS) at Ep=2016.0 (dec)
#   meta: !!omap
#   - {ucd: POS_EQ_DEC_MAIN}
#   - {width: 15}
#   - {precision: '11'}
# - name: e_RA_ICRS
#   unit: mas
#   datatype: float64
#   format: '{:7.4f}'
#   description: Standard error of right ascension (ra_error)
#   meta: !!omap
#   - {ucd: ERROR}
#   - {width: 7}
#   - {precision: '4'}
# - name: e_DE_ICRS
#   unit: mas
#   datatype: float64
#   format: '{:7.4f}'
#   description: Standard error of declination (dec_error)
#   meta: !!omap
#   - {ucd: ERROR}
#   - {width: 7}
#   - {precision: '4'}
# - name: _r_1
#   unit: ''
#   datatype: float64
#   format: '{:7.4f}'
#   description: Distance from center (005.89241752000+62.71130195000)[ICRS], at Epoch=J2016.0
#   meta: !!omap
#   - {ucd: POS_ANG_DIST_GENERAL}
#   - {width: 7}
#   - {precision: '4'}
# - name: HIP
#   datatype: int32
#   description: '? HIP cross-id number, van Leeuwen, Cat. I/311 (hip_original_ext_source_id)'
#   meta: !!omap
#   - {ucd: ID_NUMBER}
#   - {width: 6}
#   - values: {'null': -2147483648}
# - name: TYC2
#   datatype: string
#   description: Tycho-2 cross-id name, Hog et al., Cat. I/259 (tyc2_original_ext_source_id)
#   meta: !!omap
#   - {ucd: ID_CROSSID}
#   - {_votable_string_dtype: char}
# - name: Source
#   datatype: int64
#   description: Source identifier, identical to the Gaia-EDR3 source_id (id)
#   meta: !!omap
#   - {ucd: ID_MAIN}
#   - {width: 19}
# - name: rgeo
#   unit: pc
#   datatype: float64
#   format: '{:15.8f}'
#   description: '? Median of the geometric distance posterior (r_med_geo)'
#   meta: !!omap
#   - {ucd: PHYS_DISTANCE_TRUE}
#   - {width: 15}
#   - {precision: '8'}
#   - values: {'null': .nan}
# - name: Plx
#   unit: mas
#   datatype: float64
#   format: '{:9.4f}'
#   description: '? Parallax (parallax)'
#   meta: !!omap
#   - {ucd: POS_PARLX_TRIG}
#   - {width: 9}
#   - {precision: '4'}
#   - values: {'null': .nan}
# - name: e_Plx
#   unit: mas
#   datatype: float32
#   format: '{:7.4f}'
#   description: '? Standard error of parallax (parallax_error)'
#   meta: !!omap
#   - {ucd: ERROR}
#   - {width: 7}
#   - {precision: '4'}
#   - values: {'null': .nan}
# - name: pmRA
#   unit: mas / yr
#   datatype: float64
#   format: '{:9.3f}'
#   description: '? Proper motion in right ascension direction, pmRA*cosDE (pmra)'
#   meta: !!omap
#   - {ucd: POS_EQ_PMRA}
#   - {width: 9}
#   - {precision: '3'}
#   - values: {'null': .nan}
# - name: pmDE
#   unit: mas / yr
#   datatype: float64
#   format: '{:9.3f}'
#   description: '? Proper motion in declination direction (pmdec)'
#   meta: !!omap
#   - {ucd: POS_EQ_PMDEC}
#   - {width: 9}
#   - {precision: '3'}
#   - values: {'null': .nan}
# - name: e_pmRA
#   unit: mas / yr
#   datatype: float32
#   format: '{:6.3f}'
#   description: '? Standard error of proper motion in right ascension direction (pmra_error)'
#   meta: !!omap
#   - {ucd: ERROR}
#   - {width: 6}
#   - {precision: '3'}
#   - values: {'null': .nan}
# - name: e_pmDE
[...]
#         value: !astropy.table.SerializedColumn {name: SkyCoord.dec}
#       distance: !astropy.table.SerializedColumn
#         __class__: astropy.coordinates.distances.Distance
#         unit: !astropy.units.Unit {unit: pc}
#         value: !astropy.table.SerializedColumn {name: SkyCoord.distance}
#       frame: icrs
#       obstime: !astropy.time.Time {format: jyear_str, in_subfmt: '*', jd1: 367701545.0, jd2: 0.0, out_subfmt: '*', precision: 3, scale: tt}
#       pm_dec: !astropy.table.SerializedColumn
#         __class__: astropy.units.quantity.Quantity
#         unit: !astropy.units.Unit {unit: mas / yr}
#         value: !astropy.table.SerializedColumn {name: SkyCoord.pm_dec}
#       pm_ra_cosdec: !astropy.table.SerializedColumn
#         __class__: astropy.units.quantity.Quantity
#         unit: !astropy.units.Unit {unit: mas / yr}
#         value: !astropy.table.SerializedColumn {name: SkyCoord.pm_ra_cosdec}
#       ra: !astropy.table.SerializedColumn
#         __class__: astropy.coordinates.angles.Longitude
#         unit: *id001
#         value: !astropy.table.SerializedColumn {name: SkyCoord.ra}
#         wrap_angle: !astropy.coordinates.Angle
#           unit: *id001
#           value: 360.0
#       representation_type: spherical
# schema: astropy-2.0
RA_ICRS_1 DE_ICRS_1 e_RA_ICRS e_DE_ICRS _r_1 HIP TYC2 Source rgeo Plx e_Plx pmRA pmDE e_pmRA e_pmDE RUWE Teff logg Gmag BP-RP BPmag RPmag RV e_RV b_rgeo B_rgeo FG e_FG FBP e_FBP FRP e_FRP RAVE5 RAVE6 e_Gmag e_BPmag e_RPmag e_BP-RP SkyCoord.ra SkyCoord.dec SkyCoord.distance SkyCoord.pm_ra_cosdec SkyCoord.pm_dec rmRA rmDE e_rmRA e_rmDE rRV e_rRV v_pec v_pec3d e_vpec e_vpec3d
[from data line 95]
6.29809872824 62.75441984178 0.0109 0.0123 11.4477 "" "" 430575767130688896 2752.67993 0.3397 0.0146 -1.105 -0.914 0.014 0.018 0.989 10397.9 3.9787 14.085838 0.544663 14.28457 13.739906 "" "" 2634.62085 2841.79077 43713.08445 10.793 26399.0 20.147 25304.0 16.888 "" "" 0.0027683303965582618 0.002910607 0.0038482214 0.0067588286 6.29809872824 62.75441984178 2752.67993 -1.105 -0.914 1.928250093460083 -0.3452499761581421 0.08952442 0.09352442 "" "" 25.55933417587549 "" 2.2914289139410955 ""
6.30397008942 62.5819572615 0.0108 0.0111 13.7462 "" "" 430549585009046400 2641.84229 0.3517 0.0141 -1.545 0.363 0.013 0.014 0.992 9244.4 4.0217 14.103751 0.993872 14.508929 13.515058 "" "" 2534.11865 2728.76221 42997.80682 10.963 21471.0 22.163 31127.0 23.226 "" "" 0.0027691916197805635 0.0030068392 0.003865237 0.0068720765 6.30397008942 62.5819572615 2641.84229 -1.545 0.3630000000000001 1.488250093460083 0.9317500238418579 0.088524416 0.08952442 "" "" 21.987470180631153 "" 1.9526444884485377 ""
5.58662168897 62.9391070302 0.0109 0.0111 16.0324 "" "" 430627993935259136 2741.05103 0.3394 0.0146 -2.788 -0.867 0.013 0.015 1.024 "" "" 14.113975 0.895843 14.46658 13.570738 "" "" 2643.93018 2842.96655 42594.81756 8.7369 22325.0 17.913 29571.0 14.007 "" "" 0.002764305657599109 0.0029230085 0.0038142123 0.006737221 5.58662168897 62.9391070302 2741.05103 -2.788 -0.8670000000000002 0.2452500934600832 -0.2982499761581421 0.088524416 0.09052442 "" "" 5.01689764411645 "" 0.4501309968972088 ""
6.31082953117 62.63757647177 0.0104 0.0123 12.344 "" "" 430573258869824384 2760.07202 0.332 0.0142 -2.763 -0.746 0.013 0.017 0.955 "" "" 14.116189 0.651213 14.358259 13.707047 "" "" 2630.86646 2885.66479 42508.03232 22.362 24667.0 38.086 26082.0 48.962 "" "" 0.0028138980795658977 0.0032550436 0.004293938 0.007548982 6.31082953117 62.63757647177 2760.07202 -2.7629999999999995 -0.746 0.2702500934600831 -0.1772499761581421 0.088524416 0.092524424 "" "" 4.228229217993273 "" 0.37946792196750156 ""
5.92549454195 62.59990541819 0.0112 0.0116 6.7457 "" "" 430596039377725440 2771.63232 0.3319 0.0146 -1.017 -0.789 0.014 0.015 0.968 "" "" 14.118045 0.759714 14.409096 13.649382 "" "" 2677.78223 2876.02441 42435.44853 13.926 23538.0 23.898 27505.0 37.534 "" "" 0.002778262522685752 0.0030000343 0.004059425 0.0070594596 5.92549454195 62.59990541819 2771.63232 -1.017 -0.789 2.016250093460083 -0.22024997615814212 0.08952442 0.09052442 "" "" 26.64613348094811 "" 2.3857955434872045 ""
6.19510079922 62.51423800441 0.0117 0.0124 14.4773 "" "" 430547660863726080 2411.25293 0.3838 0.0159 -4.297 0.017 0.015 0.016 1.057 7262.9 3.2758 14.12111 1.047315 14.55622 13.508905 -4.3 8.66 2312.64551 2504.6958 42315.83865 6.5573 20556.0 16.009 31304.0 16.824 "" "" 0.0027604521979613062 0.0029154825 0.0038241625 0.0067396453 6.19510079922 62.51423800441 2411.25293 -4.296999999999998 0.016999999999999984 -1.2637499065399167 0.5857500238418579 0.09052442 0.09152442 "" "" 15.919911805401346 "" 1.4439688755530418 ""
6.30151508812 62.70431427779 0.0149 0.0169 11.2628 "" "" 430574117863266816 2793.21704 0.3278 0.0206 -3.144 -1.311 0.02 0.024 1.351 9981.8 3.6653 14.135169 0.688254 14.389275 13.70102 "" "" 2645.43188 2972.68262 41771.41569 14.474 23972.0 23.676 26227.0 15.162 "" "" 0.0027808857473740683 0.0029891368 0.0038311484 0.006820285 6.30151508812 62.70431427779 2793.21704 -3.144 -1.311 -0.11074990653991712 -0.742249976158142 0.095524415 0.09952442 "" "" 9.936068270615525 "" 0.9880329324611458 ""
6.32955807837 62.63005197061 0.011 0.0125 12.9909 "" "" 430573258869826944 2572.77612 0.355 0.0145 -3.255 -1.172 0.014 0.018 0.957 "" "" 14.176243 0.511565 14.362038 13.850472 "" "" 2480.24756 2669.71606 40220.68388 11.803 24581.0 15.441 22854.0 14.497 "" "" 0.0027736808423197024 0.002872317 0.0038416216 0.006713939 6.32955807837 62.63005197061 2572.77612 -3.255 -1.1719999999999997 -0.22174990653991689 -0.603249976158142 0.08952442 0.09352442 "" "" 7.837892281893111 "" 0.7293729276891161 ""
6.28707792307 62.62805604566 0.0112 0.0117 11.9642 "" "" 430549962966146560 2532.71997 0.3681 0.0147 -3.227 -1.148 0.014 0.016 1.023 10768.9 4.1996 14.186609 0.530116 14.381008 13.850892 "" "" 2443.67334 2636.12476 39838.51253 12.049 24155.0 21.681 22846.0 11.681 "" "" 0.002774819019716616 0.0029554632 0.003819934 0.0067753973 6.28707792307 62.62805604566 2532.71997 -3.227 -1.148 -0.19374990653991686 -0.579249976158142 0.08952442 0.09152442 "" "" 7.3326410288387285 "" 0.6696546118634782 ""
5.73559365938 62.44562235364 0.0119 0.0121 16.5193 "" "" 430587930479550592 2492.88379 0.3751 0.0158 -3.478 -1.029 0.016 0.018 1.056 7095.7 3.8595 14.190533 0.941791 14.574211 13.632421 "" "" 2381.06567 2619.39087 39694.78986 13.344 20218.0 24.07 27938.0 28.705 "" "" 0.002779389241864061 0.0030750362 0.0039405795 0.0070156157 5.73559365938 62.44562235364 2492.88379 -3.478 -1.028999999999999 -0.4447499065399172 -0.460249976158142 0.09152442 0.09352442 "" "" 7.562712465743223 "" 0.7000353714828738 ""
5.90541764082 62.82560535447 0.0113 0.0134 6.8675 "" "" 430623282344410112 2632.18018 0.3539 0.0159 -3.196 -1.15 0.014 0.016 1.024 10403.5 3.8922 14.194682 0.454596 14.359236 13.90464 "" "" 2529.77686 2790.49341 39543.40295 15.432 24645.0 18.848 21742.0 15.141 "" "" 0.002787709220053489 0.0029111044 0.0038542722 0.006765377 5.90541764082 62.82560535447 2632.18018 -3.1959999999999997 -1.149999999999999 -0.16274990653991717 -0.581249976158142 0.08952442 0.09152442 "" "" 7.530899069289365 "" 0.688177299199211 ""
6.31242670824 62.60175719168 0.0114 0.0121 13.3111 "" "" 430549722447992576 2418.84375 0.3857 0.0154 -3.291 -1.354 0.014 0.016 1.037 10676.2 3.8327 14.248896 0.781853 14.549425 13.767572 "" "" 2338.39404 2515.95605 37617.3849 9.644 20685.0 21.773 24668.0 19.45 "" "" 0.0027693444576486156 0.003015152 0.0038751238 0.0068902755 6.31242670824 62.60175719168 2418.84375 -3.291 -1.354 -0.2577499065399169 -0.7852499761581422 0.08952442 0.09152442 "" "" 9.475741660938748 "" 0.8654367377073638 ""
6.02114253856 62.62511545049 0.0116 0.013 6.2703 "" "" 430597413767251328 2122.16235 0.4443 0.0163 -2.801 -1.434 0.015 0.016 1.05 9473.2 3.8582 14.25304 0.625137 14.487009 13.861872 "" "" 2060.12793 2187.86621 37474.06521 10.59 21909.0 19.445 22616.0 14.469 "" "" 0.002772351064336903 0.0029518856 0.0038426844 0.00679457 6.02114253856 62.62511545049 2122.16235 -2.801 -1.434 0.23225009346008285 -0.865249976158142 0.09052442 0.09152442 "" "" 9.011682509336588 "" 0.8241864744535646 ""
6.20067157003 62.66123084928 0.0118 0.0121 9.0028 "" "" 430574255302436352 2573.74121 0.3595 0.0157 -3.206 -1.174 0.015 0.016 0.966 12216.1 4.1064 14.270799 0.554571 14.474168 13.919597 "" "" 2478.64551 2692.22998 36866.10915 12.186 22169.0 21.435 21445.0 17.8 "" "" 0.002778594886267424 0.0029811247 0.0038853413 0.0068664663 6.20067157003 62.66123084928 2573.74121 -3.2059999999999977 -1.1739999999999995 -0.17274990653991695 -0.605249976158142 0.09052442 0.09152442 "" "" 7.678635383521988 "" 0.7022071766355227 ""
5.93923687811 62.5538684303 0.012 0.0124 9.5339 "" "" 430595420902467712 2418.5188 0.3806 0.0157 -1.858 0.533 0.015 0.016 0.989 4767.9 2.568 14.276645 1.832668 15.178892 13.346224 -110.11 2.14 2330.80322 2497.92578 36668.15286 6.871 11584.0 14.108 36364.0 28.779 "" "" 0.002762821172902704 0.0030876424 0.0038758311 0.0069634737 5.93923687811 62.5538684303 2418.5188 -1.8579999999999999 0.533 1.175250093460083 1.1017500238418578 0.09052442 0.09152442 "" "" 18.467240479083618 "" 1.6803996474779868 ""
5.99665469843 62.6609150018 0.012 0.0137 4.1684 "" "" 430597757364608128 2514.48877 0.369 0.0165 -0.69 -1.719 0.015 0.017 1.089 5779.9 3.2751 14.281056 1.434465 14.929151 13.494686 -30.83 3.69 2413.95972 2628.28149 36519.46228 9.9042 14580.0 24.502 31716.0 23.943 "" "" 0.00277100943679411 0.0033338002 0.0038672395 0.0072010397 5.99665469843 62.6609150018 2514.48877 -0.69 -1.719 2.343250093460083 -1.1502499761581422 0.09052442 0.092524424 "" "" 31.11184687299168 "" 2.828571178501995 ""
5.51674514958 62.65046362372 0.0112 0.0121 10.9699 "" "" 430594905506282880 2169.23364 0.4299 0.015 -2.939 -1.433 0.014 0.016 1.026 9598.7 4.3958 14.281825 0.541327 14.48489 13.943563 "" "" 2100.8147 2251.00513 36493.60967 10.084 21951.0 16.873 20976.0 12.95 "" "" 0.002771605544067829 0.0029123107 0.0038383633 0.006750674 5.51674514958 62.65046362372 2169.23364 -2.938999999999999 -1.4329999999999987 0.09425009346008295 -0.8642499761581421 0.08952442 0.09152442 "" "" 8.939048749352793 "" 0.817933418463467 ""
5.65858500156 62.91864495047 0.0111 0.0121 13.9947 "" "" 430627714749022080 2204.70459 0.4253 0.015 -1.542 -1.428 0.014 0.016 0.969 "" "" 14.301353 0.891043 14.658812 13.76777 "" "" 2134.07251 2289.57056 35843.11474 10.062 18702.0 25.223 24663.0 17.889 "" "" 0.0027721268517929385 0.0031510715 0.00386056 0.0070116315 5.65858500156 62.91864495047 2204.70459 -1.5419999999999991 -1.428 1.491250093460083 -0.859249976158142 0.08952442 0.09152442 "" "" 17.985865649365202 "" 1.619214872235346 ""
5.90740227869 62.70838975514 0.0116 0.0128 0.4477 "" "" 430598990010661376 2820.9165 0.328 0.0152 -2.741 -0.868 0.015 0.017 1.057 9990.7 3.6785 14.302156 0.828454 14.620343 13.791889 "" "" 2715.81177 2918.65747 35816.57764 7.8577 19377.0 17.108 24121.0 20.084 "" "" 0.0027655970520475107 0.0029502476 0.0038859984 0.006836246 5.90740227869 62.70838975514 2820.9165 -2.740999999999998 -0.868 0.2922500934600829 -0.2992499761581421 0.09052442 0.092524424 "" "" 5.592922269942058 "" 0.5120518638180528 ""
6.21417077915 62.57231797943 0.0119 0.0122 12.1757 "" "" 430549344490876672 2124.26855 0.4418 0.0154 -0.192 -3.955 0.015 0.016 0.992 5282.4 3.1827 14.30395 1.661549 15.09511 13.433561 -24.08 2.49 2061.44336 2194.28125 35757.44239 6.2164 12513.0 13.512 33553.0 17.314 "" "" 0.002761777975457733 0.0030264852 0.003820683 0.0068471683 6.21417077915 62.57231797943 2124.26855 -0.19200000000000017 -3.955000000000002 2.841250093460083 -3.386249976158142 0.09052442 0.09152442 "" "" 44.508532242168684 "" 4.05528817237592 ""
6.28936454829 62.52112585807 0.012 0.0121 15.8177 "" "" 430547557784514432 2837.57739 0.3173 0.0158 -1.7 -1.665 0.015 0.016 1.01 "" "" 14.317894 1.871346 15.239824 13.368479 -65.52 2.33 2710.02734 2968.65112 35301.16973 7.2224 10952.0 20.885 35626.0 19.404 "" "" 0.002764259992688558 0.003474453 0.0038253663 0.007299819 6.28936454829 62.52112585807 2837.57739 -1.6999999999999995 -1.665 1.333250093460083 -1.0962499761581421 0.09052442 0.09152442 "" "" 23.21585163644567 "" 2.110996794697095 ""
5.94520219695 62.66281543813 0.0117 0.0131 3.252 "" "" 430597723004863488 2820.78027 0.3261 0.016 0.065 -1.195 0.014 0.017 1.065 4952.7 2.6913 14.320719 1.884526 15.256151 13.371625 -83.22 2.26 2699.57544 2938.35352 35209.45451 8.1574 10788.0 13.813 35523.0 16.958 "" "" 0.002766778740818358 0.0031173148 0.003814757 0.006932072 5.94520219695 62.66281543813 2820.78027 0.06499999999999999 -1.1949999999999998 3.098250093460083 -0.6262499761581422 0.08952442 0.092524424 "" "" 42.26292256663893 "" 3.788620394496774 ""
5.54346268483 62.6433862087 0.0128 0.0132 10.4385 "" "" 430594699347863808 2608.92163 0.3535 0.016 -4.199 -1.105 0.016 0.019 0.998 9911.0 3.8619 14.329491 0.551683 14.533144 13.981461 "" "" 2513.37793 2728.65015 34926.14043 10.655 20997.0 18.962 20257.0 16.071 "" "" 0.0027751579143074335 0.0029574388 0.003876299 0.0068337377 5.54346268483 62.6433862087 2608.92163 -4.199 -1.1050000000000002 -1.1657499065399168 -0.5362499761581421 0.09152442 0.09452442 "" "" 15.868106501599327 "" 1.4607450809101503 ""
5.69706411268 62.55909737164 0.0121 0.0122 10.6031 "" "" 430593153159710336 2040.63489 0.4594 0.0159 -1.352 -1.486 0.016 0.017 1.051 6558.9 3.7075 14.343434 1.119405 14.816243 13.696838 -59.17 6.33 1976.87891 2104.30396 34480.44218 5.7525 16178.0 12.996 26328.0 15.579 "" "" 0.0027612678538383698 0.0029233126 0.0038335992 0.006756912 5.69706411268 62.55909737164 2040.63489 -1.3519999999999999 -1.485999999999998 1.681250093460083 -0.9172499761581421 0.09152442 0.092524424 "" "" 18.52487632005387 "" 1.6997456558536026 ""
5.61644449739 62.78633148777 0.0116 0.0125 8.8177 "" "" 430602980044712704 2613.36304 0.3479 0.0157 -2.919 0.116 0.015 0.018 0.981 "" "" 14.344885 1.990594 15.347846 13.357252 -95.31 1.51 2513.18213 2717.46851 34434.42003 6.9956 9914.7 14.899 35996.0 17.711 "" "" 0.002764135087879859 0.0032321853 0.0038169504 0.007049136 5.61644449739 62.78633148777 2613.36304 -2.919 0.116 0.11425009346008297 0.6847500238418579 0.09052442 0.09352442 "" "" 8.599488620368875 "" 0.8035743442587358 ""
5.74665116958 62.46558628958 0.0133 0.0127 15.2829 "" "" 430588342796401664 2757.12891 0.3377 0.0168 -4.158 -0.885 0.017 0.019 0.982 "" "" 14.352514 0.748721 14.640254 13.891533 "" "" 2627.46143 2909.43042 34193.29471 7.3745 19025.0 12.77 22006.0 17.008 "" "" 0.002765252450357778 0.0028837742 0.0038714197 0.0067551937 5.74665116958 62.46558628958 2757.12891 -4.157999999999997 -0.8850000000000002 -1.1247499065399174 -0.3162499761581421 0.092524424 0.09452442 "" "" 15.269115946596191 "" 1.415025953831027 ""
6.08243739874 62.64052334441 0.0151 0.0167 6.7397 "" "" 430550581441427712 2185.60669 0.4342 0.02 -1.224 -1.181 0.018 0.023 1.249 9061.9 3.9084 14.374011 0.86203 14.715737 13.853707 "" "" 2066.16357 2292.80615 33522.94818 7.4011 17747.0 15.378 22786.0 11.554 "" "" 0.0027657274315924757 0.0029445137 0.0038192696 0.0067637833 6.08243739874 62.64052334441 2185.60669 -1.224 -1.181 1.809250093460083 -0.6122499761581421 0.09352442 0.09852442 "" "" 19.787540254507707 "" 1.8610263575321169 ""
6.10156693451 62.70585463823 0.0129 0.014 5.7632 "" "" 430574633259330944 2446.40649 0.3846 0.0173 -3.233 -1.122 0.018 0.019 1.118 7808.7 3.9054 14.396436 0.547799 14.596779 14.04898 "" "" 2333.77759 2548.75488 32837.66984 8.162 19802.0 17.853 19036.0 11.592 "" "" 0.0027685045039201545 0.0029568973 0.0038367773 0.0067936745 6.10156693451 62.70585463823 2446.40649 -3.233 -1.122 -0.1997499065399171 -0.5532499761581422 0.09352442 0.09452442 "" "" 6.82080995938183 "" 0.6439501997246924 ""
6.37323862329 62.57943621597 0.0202 0.0237 15.4377 "" "" 430546698791029504 2121.6687 0.4361 0.0275 -4.586 -0.681 0.025 0.032 1.809 6889.9 3.6668 14.417052 0.856033 14.75601 13.899977 "" "" 1997.29504 2254.02002 32220.01877 8.7945 17101.0 17.101 21836.0 16.387 "" "" 0.002771211764439043 0.0029939723 0.003866216 0.006860188 6.37323862329 62.57943621597 2121.6687 -4.586 -0.680999999999999 -1.5527499065399173 -0.11224997615814214 0.10052442 0.107524425 "" "" 15.656305232784328 "" 1.5744304617388634 ""
6.10727576904 62.66077518301 0.0118 0.0128 6.6471 "" "" 430550993758285312 2468.0271 0.3721 0.0157 1.121 -1.223 0.015 0.017 1.005 5043.9 2.746 14.41849 1.868977 15.341411 13.472434 -17.13 2.27 2388.94165 2567.66577 32177.38397 6.6792 9973.6 10.925 32373.0 18.466 "" "" 0.0027645219282497954 0.0030330676 0.0038297889 0.0068628564 6.10727576904 62.66077518301 2468.0271 1.121 -1.2229999999999992 4.1542500934600834 -0.6542499761581422 0.09052442 0.092524424 "" "" 49.19727783769539 "" 4.455962112960251 ""
6.29071210818 62.80966253322 0.0127 0.0142 12.4287 "" "" 430576385605962624 2698.66455 0.3388 0.0171 1.2 -2.305 0.016 0.02 1.064 5926.6 2.9446 14.426571 1.979238 15.420352 13.441114 -100.19 2.3 2589.40845 2814.78296 31938.78872 7.3926 9274.2 10.603 33321.0 18.149 "" "" 0.002766756976822492 0.0030538293 0.0038253686 0.006879198 6.29071210818 62.80966253322 2698.66455 1.199999999999999 -2.305 4.233250093460083 -1.7362499761581422 0.09152442 0.095524415 "" "" 58.52796454572262 "" 5.3910759871975324 ""
