Clusters/SAI_4/SAI_4_stars_in_region.tsv
# %ECSV 1.0
# ---
# datatype:
# - name: RA_ICRS_1
#   unit: deg
#   datatype: float64
#   format: '{:15.11f}'
#   description: Right ascension (ICRS) at Ep=2016.0 (ra)
#   meta: !!omap
#   - {ucd: POS_EQ_RA_MAIN}
#   - {width: 15}
#   - {precision: '11'}
# - name: DE_ICRS_1
#   unit: deg
#   datatype: float64
#   format: '{:15.11f}'
#   description: Declination (ICRS) at Ep=2016.0 (dec)
#   meta: !!omap
#   - {ucd: POS_EQ_DEC_MAIN}
#   - {width: 15}
#   - {precision: '11'}
# - name: e_RA_ICRS
#   unit: mas
#   datatype: float64
#   format: '{:7.4f}'
#   description: Standard error of right ascension (ra_error)
#   meta: !!omap
#   - {ucd: ERROR}
#   - {width: 7}
#   - {precision: '4'}
# - name: e_DE_ICRS
#   unit: mas
#   datatype: float64
#   format: '{:7.4f}'
#   description: Standard error of declination (dec_error)
#   meta: !!omap
#   - {ucd: ERROR}
#   - {width: 7}
#   - {precision: '4'}
# - name: _r_1
#   unit: ''
#   datatype: float64
#   format: '{:7.4f}'
#   description: Distance from center (005.89241752000+62.71130195000)[ICRS], at Epoch=J2016.0
#   meta: !!omap
#   - {ucd: POS_ANG_DIST_GENERAL}
#   - {width: 7}
#   - {precision: '4'}
# - name: HIP
#   datatype: int32
#   description: '? HIP cross-id number, van Leeuwen, Cat. I/311 (hip_original_ext_source_id)'
#   meta: !!omap
#   - {ucd: ID_NUMBER}
#   - {width: 6}
#   - values: {'null': -2147483648}
# - name: TYC2
#   datatype: string
#   description: Tycho-2 cross-id name, Hog et al., Cat. I/259 (tyc2_original_ext_source_id)
#   meta: !!omap
#   - {ucd: ID_CROSSID}
#   - {_votable_string_dtype: char}
# - name: Source
#   datatype: int64
#   description: Source identifier, identical to the Gaia-EDR3 source_id (id)
#   meta: !!omap
#   - {ucd: ID_MAIN}
#   - {width: 19}
# - name: rgeo
#   unit: pc
#   datatype: float64
#   format: '{:15.8f}'
#   description: '? Median of the geometric distance posterior (r_med_geo)'
#   meta: !!omap
#   - {ucd: PHYS_DISTANCE_TRUE}
#   - {width: 15}
#   - {precision: '8'}
#   - values: {'null': .nan}
# - name: Plx
#   unit: mas
#   datatype: float64
#   format: '{:9.4f}'
#   description: '? Parallax (parallax)'
#   meta: !!omap
#   - {ucd: POS_PARLX_TRIG}
#   - {width: 9}
#   - {precision: '4'}
#   - values: {'null': .nan}
# - name: e_Plx
#   unit: mas
#   datatype: float32
#   format: '{:7.4f}'
#   description: '? Standard error of parallax (parallax_error)'
#   meta: !!omap
#   - {ucd: ERROR}
#   - {width: 7}
#   - {precision: '4'}
#   - values: {'null': .nan}
# - name: pmRA
#   unit: mas / yr
#   datatype: float64
#   format: '{:9.3f}'
#   description: '? Proper motion in right ascension direction, pmRA*cosDE (pmra)'
#   meta: !!omap
#   - {ucd: POS_EQ_PMRA}
#   - {width: 9}
#   - {precision: '3'}
#   - values: {'null': .nan}
# - name: pmDE
#   unit: mas / yr
#   datatype: float64
#   format: '{:9.3f}'
#   description: '? Proper motion in declination direction (pmdec)'
#   meta: !!omap
#   - {ucd: POS_EQ_PMDEC}
#   - {width: 9}
#   - {precision: '3'}
#   - values: {'null': .nan}
# - name: e_pmRA
#   unit: mas / yr
#   datatype: float32
#   format: '{:6.3f}'
#   description: '? Standard error of proper motion in right ascension direction (pmra_error)'
#   meta: !!omap
#   - {ucd: ERROR}
#   - {width: 6}
#   - {precision: '3'}
#   - values: {'null': .nan}
# - name: e_pmDE
[...]
#         value: !astropy.table.SerializedColumn {name: SkyCoord.dec}
#       distance: !astropy.table.SerializedColumn
#         __class__: astropy.coordinates.distances.Distance
#         unit: !astropy.units.Unit {unit: pc}
#         value: !astropy.table.SerializedColumn {name: SkyCoord.distance}
#       frame: icrs
#       obstime: !astropy.time.Time {format: jyear_str, in_subfmt: '*', jd1: 367701545.0, jd2: 0.0, out_subfmt: '*', precision: 3, scale: tt}
#       pm_dec: !astropy.table.SerializedColumn
#         __class__: astropy.units.quantity.Quantity
#         unit: !astropy.units.Unit {unit: mas / yr}
#         value: !astropy.table.SerializedColumn {name: SkyCoord.pm_dec}
#       pm_ra_cosdec: !astropy.table.SerializedColumn
#         __class__: astropy.units.quantity.Quantity
#         unit: !astropy.units.Unit {unit: mas / yr}
#         value: !astropy.table.SerializedColumn {name: SkyCoord.pm_ra_cosdec}
#       ra: !astropy.table.SerializedColumn
#         __class__: astropy.coordinates.angles.Longitude
#         unit: *id001
#         value: !astropy.table.SerializedColumn {name: SkyCoord.ra}
#         wrap_angle: !astropy.coordinates.Angle
#           unit: *id001
#           value: 360.0
#       representation_type: spherical
# schema: astropy-2.0
RA_ICRS_1 DE_ICRS_1 e_RA_ICRS e_DE_ICRS _r_1 HIP TYC2 Source rgeo Plx e_Plx pmRA pmDE e_pmRA e_pmDE RUWE Teff logg Gmag BP-RP BPmag RPmag RV e_RV b_rgeo B_rgeo FG e_FG FBP e_FBP FRP e_FRP RAVE5 RAVE6 e_Gmag e_BPmag e_RPmag e_BP-RP SkyCoord.ra SkyCoord.dec SkyCoord.distance SkyCoord.pm_ra_cosdec SkyCoord.pm_dec rmRA rmDE e_rmRA e_rmDE rRV e_rRV v_pec v_pec3d e_vpec e_vpec3d
[from data line 638]
6.43271729721 62.69438969034 0.0322 0.0362 14.9016 "" "" 430572365516822528 2581.20972 0.3812 0.0443 -4.877 -1.098 0.042 0.051 0.994 6025.3 4.4201 16.56992 1.172411 17.077318 15.904907 "" "" 2297.87817 2945.96021 4435.87313 2.0608 2016.0 8.1498 3445.0 8.1479 "" "" 0.002801109737369968 0.005200934 0.0045692357 0.00977017 6.43271729721 62.69438969034 2581.20972 -4.876999999999996 -1.0979999999999988 -1.8437499065399168 -0.5292499761581422 0.117524415 0.12652442 "" "" 23.469139883301636 "" 2.77484182083011 ""
5.32523876216 62.6271379437 0.0338 0.0343 16.4201 "" "" 430604972909413632 2820.69385 0.3308 0.0403 -1.981 -0.53 0.045 0.049 0.987 "" "" 16.570105 1.316987 17.14528 15.828294 "" "" 2540.57422 3141.85327 4435.11604 2.0287 1893.7 9.9448 3696.9 6.4252 "" "" 0.002799720623255902 0.0063478467 0.004224277 0.010572124 5.32523876216 62.6271379437 2820.69385 -1.980999999999999 -0.5299999999999998 1.052250093460083 0.038750023841857884 0.12052442 0.124524415 "" "" 14.078213589261711 "" 1.6968460748602807 ""
5.51806721136 62.78626352217 0.0328 0.0343 11.2252 "" "" 430603186203134080 2917.44849 0.3246 0.0426 -3.207 -0.661 0.043 0.049 1.081 9606.0 4.3693 16.576488 1.11137 17.049177 15.937807 "" "" 2627.32642 3428.38672 4409.11525 2.1252 2068.9 8.2819 3342.2 10.403 "" "" 0.0028045783870145396 0.0051647793 0.005069975 0.0102347545 5.51806721136 62.78626352217 2917.44849 -3.207 -0.661 -0.17374990653991684 -0.09224997615814212 0.11852442 0.124524415 "" "" 2.7203946025282746 "" 0.32609261076741297 ""
5.43900419769 62.67591617878 0.0329 0.0327 12.6594 "" "" 430606725256254336 2976.32861 0.3207 0.0418 -2.393 -0.155 0.042 0.045 0.984 8912.9 4.354 16.578365 1.216369 17.101381 15.885013 "" "" 2699.12427 3393.63647 4401.49942 1.8858 1971.8 7.3831 3508.8 8.1804 "" "" 0.0027943120984062894 0.0049307495 0.0045487476 0.009479497 5.43900419769 62.67591617878 2976.32861 -2.393 -0.155 0.6402500934600832 0.4137500238418579 0.117524415 0.12052442 "" "" 10.75444790960889 "" 1.27349961637151 ""
6.45101845639 62.67298960255 0.0317 0.0348 15.547 "" "" 430570853688358272 2160.78418 0.4453 0.0428 0.627 0.904 0.041 0.05 1.015 5101.4 4.3853 16.57872 1.328878 17.155539 15.82666 "" "" 1997.32117 2398.13428 4400.06002 2.1834 1875.9 10.227 3702.5 10.064 "" "" 0.002807500062201369 0.0065438487 0.0047951387 0.011338987 6.45101845639 62.67298960255 2160.78418 0.6270000000000004 0.9040000000000001 3.660250093460083 1.4727500238418578 0.11652442 0.12552442 "" "" 40.40956285909833 "" 4.761042220300243 ""
6.04499772381 62.53308232924 0.0338 0.0379 11.492 "" "" 430595283463536512 2512.11694 0.3756 0.0464 -6.018 -0.626 0.04 0.046 0.933 5828.0 4.5281 16.579172 1.215448 17.105436 15.889988 "" "" 2276.78418 2790.73633 4398.23182 2.1073 1964.5 8.0802 3492.7 8.3757 "" "" 0.0028039971781095713 0.0052657356 0.004589419 0.009855155 6.04499772381 62.53308232924 2512.11694 -6.017999999999996 -0.6260000000000001 -2.984749906539917 -0.05724997615814209 0.11552442 0.12152442 "" "" 35.54725058827724 "" 4.106655934147937 ""
5.74945445821 62.8038020701 0.031 0.0355 6.7985 "" "" 430602533368113792 2026.48169 0.4814 0.0431 -6.457 -2.033 0.039 0.044 0.998 5772.1 4.6384 16.580517 1.1317 17.062452 15.930753 "" "" 1867.15381 2192.66846 4392.7868 2.0832 2043.8 8.6371 3364.0 9.8346 "" "" 0.002803016579729528 0.0053700786 0.0049354676 0.010305546 5.74945445821 62.8038020701 2026.48169 -6.457 -2.033 -3.423749906539917 -1.464249976158142 0.114524424 0.11952442 "" "" 35.76827989168723 "" 4.124501627077589 ""
6.22773655401 62.64795517569 0.0342 0.0342 9.9856 "" "" 430573499387988608 2663.81372 0.3618 0.0456 -3.708 -0.598 0.043 0.044 0.967 6143.7 4.5081 16.584684 0.967356 16.909637 15.942282 "" "" 2419.19507 2996.08105 4375.95896 2.9693 2352.7 28.233 3328.5 19.511 "" "" 0.002852113688873793 0.013324519 0.007401953 0.020726472 6.22773655401 62.64795517569 2663.81372 -3.707999999999998 -0.5980000000000001 -0.6747499065399172 -0.029249976158142066 0.11852442 0.11952442 "" "" 8.527715423356101 "" 1.0107585636169867 ""
6.1038413417 62.96827953394 0.0337 0.0391 16.4701 "" "" 430631017592269312 2532.90576 0.3859 0.0471 -1.156 0.434 0.043 0.053 0.955 6218.5 4.457 16.585144 1.303356 17.156126 15.85277 "" "" 2256.11865 2853.20605 4374.10515 2.0813 1874.9 8.3038 3614.5 9.5918 "" "" 0.0028033344191131003 0.00555951 0.004752383 0.010311893 6.1038413417 62.96827953394 2532.90576 -1.1559999999999995 0.4340000000000001 1.877250093460083 1.0027500238418579 0.11852442 0.12852442 "" "" 25.552072198071734 "" 3.0870937230082776 ""
5.55277788907 62.73564017259 0.0322 0.0341 9.4526 "" "" 430601502575990400 2382.31274 0.3971 0.0432 -0.463 0.866 0.044 0.049 0.994 5588.7 4.551 16.58717 1.170763 17.095705 15.924942 "" "" 2139.07593 2619.34033 4365.95492 1.9932 1982.1 9.1561 3382.1 7.7046 "" "" 0.0027995502961778575 0.0057393126 0.004516775 0.010256087 5.55277788907 62.73564017259 2382.31274 -0.4629999999999999 0.8659999999999998 2.570250093460083 1.434750023841858 0.11952442 0.124524415 "" "" 33.23944082222271 "" 4.013032405230292 ""
6.19476081867 62.78467786603 0.0324 0.0368 9.4012 "" "" 430576557404659840 2252.13843 0.4362 0.0436 -1.002 -2.844 0.042 0.049 1.026 5891.1 4.5161 16.58884 1.157145 17.085276 15.92813 "" "" 2052.23804 2484.38477 4359.23772 1.9523 2001.3 7.54 3372.1 5.8694 "" "" 0.002797897278840054 0.0049515436 0.0042255293 0.009177073 6.19476081867 62.78467786603 2252.13843 -1.002 -2.844000000000003 2.0312500934600832 -2.275249976158142 0.117524415 0.124524415 "" "" 32.55958422848937 "" 3.9549979248569205 ""
5.66259459668 62.84797600071 0.0322 0.0339 10.3456 "" "" 430626310308168832 2400.69336 0.3996 0.043 -3.745 -3.061 0.042 0.049 1.008 5383.9 4.5469 16.592228 1.284552 17.155216 15.870665 "" "" 2206.05298 2645.32007 4345.6604 1.9962 1876.4 8.511 3555.4 8.0261 "" "" 0.002800094482718966 0.0056601837 0.0045045586 0.010164742 5.66259459668 62.84797600071 2400.69336 -3.7449999999999997 -3.061 -0.7117499065399171 -2.492249976158142 0.117524415 0.124524415 "" "" 29.49386795735172 "" 3.6575442714422546 ""
5.75343718292 62.64679463101 0.0327 0.0367 5.4432 "" "" 430599715869891072 2820.68677 0.3322 0.0441 -0.498 -1.231 0.042 0.049 0.921 5866.2 4.4749 16.592691 1.218531 17.1213 15.902769 "" "" 2537.46021 3220.51611 4343.80591 2.0939 1936.0 8.5723 3451.8 11.035 "" "" 0.0028045867482231622 0.0055584875 0.00513141 0.010689897 5.75343718292 62.64679463101 2820.68677 -0.498 -1.2309999999999997 2.535250093460083 -0.6622499761581422 0.117524415 0.124524415 "" "" 35.03380073665518 "" 4.133426641705996 ""
5.73615000714 62.81032184922 0.0318 0.0362 7.329 "" "" 430602533368107392 2410.33911 0.3991 0.0443 -1.661 -0.479 0.039 0.045 1.001 9335.5 4.3484 16.593002 1.206609 17.113976 15.907367 "" "" 2221.84473 2661.47632 4342.55678 2.2534 1949.1 7.8218 3437.3 9.7515 "" "" 0.002812331660762267 0.0051739076 0.0048755854 0.010049493 5.73615000714 62.81032184922 2410.33911 -1.661 -0.479 1.372250093460083 0.08975002384185793 0.114524424 0.12052442 "" "" 15.711463888705087 "" 1.7997583528671486 ""
6.04374128726 62.5444316778 0.0344 0.0393 10.8476 "" "" 430595283463652608 2254.53223 0.4202 0.0475 -3.216 -0.965 0.041 0.047 0.976 7436.6 4.2352 16.594526 1.180559 17.097809 15.91725 "" "" 2013.28772 2545.03149 4336.46982 2.1552 1978.3 8.8171 3406.1 5.1876 "" "" 0.0028076613716795126 0.005585805 0.004125307 0.009711112 6.04374128726 62.5444316778 2254.53223 -3.216 -0.9650000000000007 -0.18274990653991718 -0.39624997615814206 0.11652442 0.12252442 "" "" 4.663172262736022 "" 0.5665449762834572 ""
6.20603176364 62.54676325942 0.0339 0.033 13.1264 "" "" 430547832662402816 2867.78589 0.3292 0.0439 -0.837 -1.321 0.041 0.043 0.987 5306.8 4.3847 16.595436 1.225573 17.13082 15.905247 "" "" 2488.88403 3251.47583 4332.83563 2.1416 1919.1 8.6437 3444.0 8.3656 "" "" 0.00280709488530086 0.005630193 0.004608583 0.010238776 6.20603176364 62.54676325942 2867.78589 -0.837 -1.3209999999999997 2.1962500934600833 -0.752249976158142 0.11652442 0.11852442 "" "" 31.556952249957224 "" 3.6838332608383846 ""
5.77106777438 62.46596683811 0.0363 0.0363 15.0969 "" "" 430588308436665472 2792.021 0.343 0.0468 -2.797 -0.868 0.046 0.051 0.977 7437.0 4.3354 16.59877 1.116828 17.07062 15.953792 "" "" 2479.09375 3076.19043 4319.55034 2.0227 2028.5 10.133 3293.4 11.247 "" "" 0.0028018340243806433 0.006099217 0.0052944804 0.011393698 5.77106777438 62.46596683811 2792.021 -2.797 -0.8679999999999999 0.23625009346008286 -0.2992499761581421 0.12152442 0.12652442 "" "" 5.045758179979838 "" 0.6288445178901934 ""
5.56892493671 62.79571474405 0.0342 0.0341 10.2281 "" "" 430603048764179200 2738.64648 0.3479 0.0439 1.023 -0.719 0.044 0.048 1.077 5973.5 4.4659 16.598824 1.133456 17.078068 15.944612 "" "" 2437.10327 3077.40161 4319.34228 1.8994 2014.6 8.1711 3321.3 11.988 "" "" 0.0027963803192143357 0.005213201 0.005444393 0.010657594 5.56892493671 62.79571474405 2738.64648 1.023 -0.7189999999999995 4.056250093460083 -0.15024997615814206 0.11952442 0.12352442 "" "" 52.69104109256179 "" 6.298159703827105 ""
5.70701841214 62.58254113914 0.0321 0.0335 9.2633 "" "" 430593599836294016 2905.42334 0.3296 0.0424 -2.661 0.887 0.041 0.047 0.992 5801.1 4.5 16.605001 1.207941 17.123674 15.915733 "" "" 2630.4104 3273.47778 4294.83179 1.9056 1931.7 8.6538 3410.9 6.1905 "" "" 0.002797116337962218 0.005607434 0.0042622387 0.009869672 5.70701841214 62.58254113914 2905.42334 -2.6609999999999983 0.8869999999999998 0.372250093460083 1.455750023841858 0.11652442 0.12252442 "" "" 20.6932357977138 "" 2.527982097246016 ""
5.90368356562 62.63880332067 0.0332 0.0358 4.361 "" "" 430596932730895104 2201.06665 0.4374 0.0442 -0.525 -1.898 0.041 0.045 1.076 5827.8 4.4737 16.609848 1.373194 17.219494 15.8463 "" "" 2003.33276 2459.4563 4275.7067 2.1144 1768.6 8.0484 3636.1 7.7156 "" "" 0.0028071452535795385 0.0056742695 0.0044262344 0.010100504 5.90368356562 62.63880332067 2201.06665 -0.525 -1.898 2.508250093460083 -1.329249976158142 0.11652442 0.12052442 "" "" 29.61632749446446 "" 3.477346447537408 ""
5.85639089012 62.86159122929 0.0348 0.0396 9.0714 "" "" 430623630248584960 2611.98071 0.3662 0.0487 -3.665 -0.738 0.044 0.052 0.996 6069.1 4.4583 16.6205 1.146626 17.105165 15.958539 "" "" 2343.36938 2983.4751 4233.96132 2.1706 1964.9 11.316 3279.0 9.1598 "" "" 0.002810980774664999 0.0068471134 0.0048458916 0.0116930045 5.85639089012 62.86159122929 2611.98071 -3.6649999999999996 -0.738 -0.631749906539917 -0.16924997615814208 0.11952442 0.12752442 "" "" 8.097390656838785 "" 0.9723088511602183 ""
5.83286429433 62.75651691327 0.0335 0.0406 3.1685 "" "" 430599406631961216 2732.25464 0.3453 0.0458 -1.574 -3.194 0.044 0.052 1.051 6100.9 4.4319 16.623472 1.172044 17.12822 15.956176 "" "" 2467.61548 3213.07129 4222.3846 2.0481 1923.7 7.3551 3286.2 9.4717 "" "" 0.0028051994554611206 0.0050017657 0.0049068057 0.009908572 5.83286429433 62.75651691327 2732.25464 -1.5740000000000003 -3.194 1.459250093460083 -2.625249976158142 0.11952442 0.12752442 "" "" 38.89871353174961 "" 4.888868548267054 ""
6.15675188367 62.56062930919 0.0353 0.0351 11.6134 "" "" 430548657296111872 2047.29968 0.4719 0.045 -2.229 -0.607 0.042 0.045 0.941 5010.1 4.391 16.623497 1.296678 17.19998 15.903302 "" "" 1913.36023 2231.823 4222.2893 1.9253 1800.6 7.2423 3450.1 7.1798 "" "" 0.002799445098986077 0.0051822555 0.004403282 0.009585537 6.15675188367 62.56062930919 2047.29968 -2.229 -0.607 0.8042500934600829 -0.038249976158142074 0.117524415 0.12052442 "" "" 7.81342591298847 "" 0.9183218860180469 ""
5.52268885959 62.8833917663 0.0321 0.0343 14.4725 "" "" 430627375460011904 2943.12598 0.3169 0.0433 -1.213 -2.357 0.042 0.047 0.959 5328.8 4.3594 16.624184 1.104545 17.094854 15.99031 "" "" 2636.36914 3264.04321 4219.61871 2.0498 1983.7 6.6989 3184.4 9.3091 "" "" 0.0028053464835954035 0.0046074158 0.004935371 0.009542787 5.52268885959 62.8833917663 2943.12598 -1.213 -2.357 1.820250093460083 -1.7882499761581423 0.117524415 0.12252442 "" "" 35.597212429867305 "" 4.271883173705577 ""
5.76370472669 62.95750437825 0.034 0.0386 15.1871 "" "" 430628749849508352 2395.80347 0.403 0.0473 -4.314 0.003 0.043 0.05 1.035 6062.1 4.4707 16.628374 1.185734 17.135517 15.949783 "" "" 2175.33032 2678.07446 4203.36759 2.0395 1910.8 9.1625 3305.6 8.3313 "" "" 0.0028052297322784525 0.0059067626 0.0046660323 0.010572795 5.76370472669 62.95750437825 2395.80347 -4.314 0.0030000000000004415 -1.280749906539917 0.5717500238418579 0.11852442 0.12552442 "" "" 15.927801021226854 "" 1.9068124051723148 ""
5.60873430941 62.62497744894 0.0334 0.0378 9.3756 "" "" 430594630628407040 2148.12158 0.4531 0.0441 -1.965 0.38 0.043 0.055 0.98 6051.0 4.4764 16.636482 1.170234 17.135466 15.965232 "" "" 1951.75244 2408.51807 4172.09054 1.9813 1910.9 8.3003 3258.9 7.991 "" "" 0.0028031486668390433 0.0054796305 0.00462293 0.010102561 5.60873430941 62.62497744894 2148.12158 -1.9650000000000019 0.3800000000000002 1.068250093460083 0.9487500238418579 0.11852442 0.13052443 "" "" 14.547521509744563 "" 1.8032993976051837 ""
6.0091827995 62.47455925158 0.0367 0.0361 14.566 "" "" 430589098710657920 2463.04492 0.3795 0.0482 -2.311 -1.1 0.047 0.045 0.976 4946.6 4.3851 16.643223 1.351429 17.256 15.904572 "" "" 2244.25854 2722.72412 4146.26867 1.9987 1710.1 10.657 3446.1 7.1435 "" "" 0.0028045877933419215 0.0073188124 0.004398766 0.011717578 6.0091827995 62.47455925158 2463.04492 -2.311 -1.1 0.7222500934600831 -0.5312499761581422 0.12252442 0.12052442 "" "" 10.467526120930891 "" 1.2752167455851258 ""
6.11406634265 62.57086266157 0.0352 0.0375 10.4094 "" "" 430548829094796544 2558.56787 0.3699 0.0468 -1.721 -1.257 0.045 0.049 0.938 8165.0 4.2186 16.645803 1.052887 17.084063 16.031176 "" "" 2289.54614 2906.93286 4136.43017 2.2065 2003.5 7.6562 3066.8 6.4112 "" "" 0.0028155322512652984 0.004999963 0.0044085705 0.009408534 6.11406634265 62.57086266157 2558.56787 -1.7209999999999992 -1.2569999999999988 1.312250093460083 -0.688249976158142 0.12052442 0.124524415 "" "" 17.97051945655685 "" 2.1815943251366865 ""
6.25663125401 62.62757274917 0.0336 0.0356 11.2206 "" "" 430549962966144896 2547.35425 0.3609 0.0452 -4.476 -1.222 0.042 0.046 0.965 5803.0 4.5134 16.64795 1.248351 17.189823 15.941472 "" "" 2283.3335 2989.09155 4128.25926 2.0317 1817.6 8.7529 3331.0 8.9959 "" "" 0.0028066541602894315 0.0059264125 0.0047834665 0.010709879 6.25663125401 62.62757274917 2547.35425 -4.476 -1.222 -1.442749906539917 -0.6532499761581421 0.117524415 0.12152442 "" "" 19.122919950405006 "" 2.2606064073034617 ""
6.34742178273 62.57316749572 0.0341 0.0369 15.0361 "" "" 430549550649316096 2544.03979 0.3658 0.0455 -5.599 2.404 0.042 0.05 0.99 "" "" 16.648788 1.466182 17.315912 15.84973 "" "" 2254.0481 2814.66577 4125.06735 2.0759 1618.3 9.1048 3624.6 12.211 "" "" 0.002808972634365566 0.00671558 0.005259558 0.0119751375 6.34742178273 62.57316749572 2544.03979 -5.599 2.404 -2.565749906539917 2.972750023841858 0.117524415 0.12552442 "" "" 47.35314932651944 "" 5.78528775964955 ""
6.31542324071 62.60880479403 0.0359 0.0389 13.1792 "" "" 430549756807728384 2379.00732 0.3923 0.0478 -3.2 -1.216 0.043 0.051 1.042 5782.4 4.4658 16.65186 1.416573 17.290792 15.87422 "" "" 2153.96411 2660.36255 4113.41648 3.2239 1656.1 9.5798 3543.8 9.7506 "" "" 0.0028837306543490876 0.006872388 0.004817468 0.011689857 6.31542324071 62.60880479403 2379.00732 -3.2000000000000024 -1.216000000000001 -0.16674990653991717 -0.6472499761581421 0.11852442 0.12652442 "" "" 7.53703615189543 "" 0.9499778952998743 ""
5.992387667 62.64820163322 0.0345 0.0392 4.6811 "" "" 430597654285401984 2063.78442 0.4594 0.0464 -2.81 -0.895 0.044 0.049 1.073 5806.7 4.5396 16.652464 1.223496 17.183027 15.959532 "" "" 1881.8811 2282.5603 4111.12899 2.0048 1829.0 6.8085 3276.0 5.7534 "" "" 0.002805729624370808 0.0049112355 0.004233156 0.009144392 5.992387667 62.64820163322 2063.78442 -2.81 -0.8950000000000002 0.22325009346008295 -0.3262499761581421 0.11952442 0.124524415 "" "" 3.8671755547293696 "" 0.47547659782667473 ""
