Clusters/LP_1329/LP_1329_members.tsv
# %ECSV 1.0
# ---
# datatype:
# - name: RA_ICRS_1
#   unit: deg
#   datatype: float64
#   format: '{:15.11f}'
#   description: Right ascension (ICRS) at Ep=2016.0 (ra)
#   meta: !!omap
#   - {ucd: POS_EQ_RA_MAIN}
#   - {width: 15}
#   - {precision: '11'}
# - name: DE_ICRS_1
#   unit: deg
#   datatype: float64
#   format: '{:15.11f}'
#   description: Declination (ICRS) at Ep=2016.0 (dec)
#   meta: !!omap
#   - {ucd: POS_EQ_DEC_MAIN}
#   - {width: 15}
#   - {precision: '11'}
# - name: e_RA_ICRS
#   unit: mas
#   datatype: float64
#   format: '{:7.4f}'
#   description: Standard error of right ascension (ra_error)
#   meta: !!omap
#   - {ucd: ERROR}
#   - {width: 7}
#   - {precision: '4'}
# - name: e_DE_ICRS
#   unit: mas
#   datatype: float64
#   format: '{:7.4f}'
#   description: Standard error of declination (dec_error)
#   meta: !!omap
#   - {ucd: ERROR}
#   - {width: 7}
#   - {precision: '4'}
# - name: _r_1
#   unit: ''
#   datatype: float64
#   format: '{:7.4f}'
#   description: Distance from center (025.34051755000+61.49119992000)[ICRS], at Epoch=J2016.0
#   meta: !!omap
#   - {ucd: POS_ANG_DIST_GENERAL}
#   - {width: 7}
#   - {precision: '4'}
# - name: HIP
#   datatype: int32
#   description: '? HIP cross-id number, van Leeuwen, Cat. I/311 (hip_original_ext_source_id)'
#   meta: !!omap
#   - {ucd: ID_NUMBER}
#   - {width: 6}
#   - values: {'null': -2147483648}
# - name: TYC2
#   datatype: string
#   description: Tycho-2 cross-id name, Hog et al., Cat. I/259 (tyc2_original_ext_source_id)
#   meta: !!omap
#   - {ucd: ID_CROSSID}
#   - {_votable_string_dtype: char}
# - name: Source
#   datatype: int64
#   description: Source identifier, identical to the Gaia-EDR3 source_id (id)
#   meta: !!omap
#   - {ucd: ID_MAIN}
#   - {width: 19}
# - name: rgeo
#   unit: pc
#   datatype: float64
#   format: '{:15.8f}'
#   description: '? Median of the geometric distance posterior (r_med_geo)'
#   meta: !!omap
#   - {ucd: PHYS_DISTANCE_TRUE}
#   - {width: 15}
#   - {precision: '8'}
#   - values: {'null': .nan}
# - name: Plx
#   unit: mas
#   datatype: float64
#   format: '{:9.4f}'
#   description: '? Parallax (parallax)'
#   meta: !!omap
#   - {ucd: POS_PARLX_TRIG}
#   - {width: 9}
#   - {precision: '4'}
#   - values: {'null': .nan}
# - name: e_Plx
#   unit: mas
#   datatype: float32
#   format: '{:7.4f}'
#   description: '? Standard error of parallax (parallax_error)'
#   meta: !!omap
#   - {ucd: ERROR}
#   - {width: 7}
#   - {precision: '4'}
#   - values: {'null': .nan}
# - name: pmRA
#   unit: mas / yr
#   datatype: float64
#   format: '{:9.3f}'
#   description: '? Proper motion in right ascension direction, pmRA*cosDE (pmra)'
#   meta: !!omap
#   - {ucd: POS_EQ_PMRA}
#   - {width: 9}
#   - {precision: '3'}
#   - values: {'null': .nan}
# - name: pmDE
#   unit: mas / yr
#   datatype: float64
#   format: '{:9.3f}'
#   description: '? Proper motion in declination direction (pmdec)'
#   meta: !!omap
#   - {ucd: POS_EQ_PMDEC}
#   - {width: 9}
#   - {precision: '3'}
#   - values: {'null': .nan}
# - name: e_pmRA
#   unit: mas / yr
#   datatype: float32
#   format: '{:6.3f}'
#   description: '? Standard error of proper motion in right ascension direction (pmra_error)'
#   meta: !!omap
#   - {ucd: ERROR}
#   - {width: 6}
#   - {precision: '3'}
#   - values: {'null': .nan}
# - name: e_pmDE
[...]
#       distance: !astropy.table.SerializedColumn
#         __class__: astropy.coordinates.distances.Distance
#         unit: !astropy.units.Unit {unit: pc}
#         value: !astropy.table.SerializedColumn {name: SkyCoord.distance}
#       frame: icrs
#       obstime: !astropy.time.Time {format: jyear_str, in_subfmt: '*', jd1: 367701545.0, jd2: 0.0, out_subfmt: '*', precision: 3, scale: tt}
#       pm_dec: !astropy.table.SerializedColumn
#         __class__: astropy.units.quantity.Quantity
#         unit: !astropy.units.Unit {unit: mas / yr}
#         value: !astropy.table.SerializedColumn {name: SkyCoord.pm_dec}
#       pm_ra_cosdec: !astropy.table.SerializedColumn
#         __class__: astropy.units.quantity.Quantity
#         unit: !astropy.units.Unit {unit: mas / yr}
#         value: !astropy.table.SerializedColumn {name: SkyCoord.pm_ra_cosdec}
#       ra: !astropy.table.SerializedColumn
#         __class__: astropy.coordinates.angles.Longitude
#         unit: *id001
#         value: !astropy.table.SerializedColumn {name: SkyCoord.ra}
#         wrap_angle: !astropy.coordinates.Angle
#           unit: *id001
#           value: 360.0
#       representation_type: spherical
# schema: astropy-2.0
RA_ICRS_1 DE_ICRS_1 e_RA_ICRS e_DE_ICRS _r_1 HIP TYC2 Source rgeo Plx e_Plx pmRA pmDE e_pmRA e_pmDE RUWE Teff logg Gmag BP-RP BPmag RPmag RV e_RV b_rgeo B_rgeo FG e_FG FBP e_FBP FRP e_FRP RAVE5 RAVE6 e_Gmag e_BPmag e_RPmag e_BP-RP SkyCoord.ra SkyCoord.dec SkyCoord.distance SkyCoord.pm_ra_cosdec SkyCoord.pm_dec rmRA rmDE e_rmRA e_rmDE rRV e_rRV v_pec v_pec3d e_vpec e_vpec3d Pmemb
[from data line 31]
25.54072903911 61.79834943055 0.0083 0.0098 19.2919 "" "" 511482127667381504 2622.48975 0.3484 0.0135 -1.343 -0.564 0.011 0.012 1.03 6344.9 3.1849 13.574891 0.924586 13.943133 13.018547 "" "" 2528.96191 2716.18921 69982.6323 8.8059 36155.0 20.895 49174.0 18.572 "" "" 0.0027587051070854718 0.002859856 0.0038015624 0.0066614184 25.54072903911 61.79834943055 2622.48975 -1.343 -0.5639999999999998 -0.07363778877258298 -0.21032284641265864 0.17137551 0.17237552 "" "" 2.770050784258745 "" 0.4771872313150654 "" 0.87
25.33166022182 61.21851396193 0.0073 0.0084 16.3631 "" "" 511440311865014784 2847.74878 0.3221 0.0126 -1.256 -0.55 0.01 0.01 0.986 11723.7 3.7272 13.619115 0.697873 13.883047 13.185174 "" "" 2742.44019 2966.18262 67189.4214 11.199 38212.0 18.656 42178.0 14.894 "" "" 0.0027612567706120617 0.0028400766 0.0037987789 0.0066388557 25.33166022182 61.21851396193 2847.74878 -1.2560000000000007 -0.5500000000000003 0.013362211227416987 -0.19632284641265874 0.17037553 0.17037553 "" "" 2.656161448074806 "" 0.45254490372753886 "" 0.87
25.30227863313 61.95500226715 0.0083 0.0097 27.8494 "" "" 511496661836484864 2789.2478 0.3262 0.0134 -0.942 -0.431 0.01 0.012 1.015 15021.0 3.691 13.626215 1.279362 14.181415 12.902053 "" "" 2699.60669 2893.88599 66751.43954 13.236 29030.0 20.72 54744.0 30.13 "" "" 0.0027637182302014006 0.0028957862 0.0038263316 0.006722118 25.30227863313 61.95500226715 2789.2478 -0.942 -0.4310000000000001 0.32736221122741704 -0.07732284641265869 0.17037553 0.17237552 "" "" 4.44716063742733 "" 0.7581599367349678 "" 0.85
25.65505243094 61.7930588383 0.0079 0.0092 20.2083 "" "" 511479413248052224 2975.49829 0.3054 0.0133 -1.263 -0.273 0.01 0.011 1.031 "" "" 13.627961 1.029359 14.04863 13.019271 "" "" 2876.13916 3092.6377 66644.17073 10.877 32807.0 23.838 49142.0 21.401 "" "" 0.0027610125561877315 0.0028995564 0.0038088444 0.006708401 25.65505243094 61.7930588383 2975.49829 -1.263 -0.27300000000000035 0.006362211227417092 0.08067715358734129 0.17037553 0.17137551 "" "" 1.1413920773501502 "" 0.19559961906650114 "" 0.91
24.76907342111 61.49850627904 0.0083 0.0102 16.3687 "" "" 511462061579260800 2629.00122 0.3489 0.0145 -1.448 -0.509 0.011 0.013 0.972 13101.2 3.6807 13.723856 0.999635 14.126178 13.126543 "" "" 2528.02539 2762.37817 61010.46321 10.204 30545.0 24.584 44519.0 17.585 "" "" 0.0027612975410536496 0.0029238095 0.0038036366 0.006727446 24.76907342111 61.49850627904 2629.00122 -1.4479999999999995 -0.5089999999999998 -0.17863778877258296 -0.1553228464126587 0.17137551 0.17337552 "" "" 2.9498857551858064 "" 0.508086588192439 "" 0.8
24.62096915426 61.85503478876 0.0085 0.0106 29.9365 "" "" 511520473136238464 2888.07324 0.3169 0.0141 -1.524 -0.37 0.011 0.014 0.948 11949.0 4.2482 13.751311 0.721636 14.027918 13.306282 "" "" 2776.25854 2994.6853 59487.04547 25.626 33439.0 52.911 37726.0 45.182 "" "" 0.002794735793355387 0.003276658 0.0039968174 0.0072734756 24.62096915426 61.85503478876 2888.07324 -1.524000000000001 -0.3700000000000001 -0.25463778877258303 -0.016322846412658687 0.17137551 0.17437552 "" "" 3.4930101586986617 "" 0.598659665109172 "" 0.88
25.92303826497 61.63717410994 0.0082 0.0096 18.8067 "" "" 511289438258019968 2949.44141 0.3073 0.0137 -1.291 -0.374 0.011 0.012 0.953 13361.8 3.8163 13.77717 1.028803 14.197729 13.168926 "" "" 2828.18481 3073.14209 58086.97747 8.8583 28597.0 20.073 42814.0 20.395 "" "" 0.0027602906787077813 0.002892379 0.0038146072 0.006706986 25.92303826497 61.63717410994 2949.44141 -1.2910000000000004 -0.3739999999999997 -0.021637788772582933 -0.02032284641265869 0.17137551 0.17237552 "" "" 0.4150097632338722 "" 0.07131732445970879 "" 0.9
26.24944512019 61.65615294495 0.008 0.0094 27.7828 "" "" 511291396763091840 2801.47949 0.3266 0.0139 -1.089 -0.154 0.01 0.011 1.011 "" "" 13.779101 1.083794 14.228568 13.144774 "" "" 2711.16138 2913.34595 57983.71384 8.5263 27796.0 17.185 43777.0 20.07 "" "" 0.002759941792719951 0.0028697804 0.0038120204 0.006681801 26.24944512019 61.65615294495 2801.47949 -1.089 -0.15399999999999986 0.18036221122741702 0.1996771535873413 0.17037553 0.17137551 "" "" 3.5730537518668073 "" 0.6107311271976894 "" 0.81
24.51685944394 61.46170593125 0.008 0.0095 23.6649 "" "" 509961468730102400 2854.21387 0.3233 0.0135 -1.349 -0.367 0.01 0.012 0.958 "" "" 13.797692 0.826418 14.120025 13.293607 "" "" 2760.93384 2963.68164 56999.3622 9.3063 30719.0 18.168 38169.0 20.208 "" "" 0.0027610167507800118 0.002863107 0.003822846 0.006685953 24.51685944394 61.46170593125 2854.21387 -1.349 -0.367 -0.07963778877258298 -0.013322846412658684 0.17037553 0.17237552 "" "" 1.0923903341301473 "" 0.18617639757324767 "" 0.91
25.629858948 61.91308644089 0.0088 0.0103 26.6174 "" "" 511488827816295808 2928.09644 0.3144 0.0151 -0.941 -0.686 0.011 0.013 0.957 "" "" 13.823414 0.923339 14.192085 13.268746 "" "" 2814.56714 3029.91309 55664.86372 8.5506 28746.0 23.065 39053.0 17.429 "" "" 0.002760363097334977 0.002923008 0.0038103175 0.0067333253 25.629858948 61.91308644089 2928.09644 -0.9410000000000001 -0.6860000000000002 0.32836221122741704 -0.33232284641265875 0.17137551 0.17337552 "" "" 6.484119476875679 "" 1.1177999774324083 "" 0.8
25.31148782406 61.82778314007 0.0089 0.0105 20.2119 "" "" 511493432021139200 2709.22144 0.3359 0.0146 -1.501 -0.177 0.011 0.013 0.986 14204.6 3.8245 13.825253 1.126059 14.296804 13.170746 "" "" 2597.99414 2834.09766 55570.69446 8.8131 26103.0 17.184 42742.0 20.091 "" "" 0.0027606953281242587 0.0028802648 0.0038136842 0.006693949 25.31148782406 61.82778314007 2709.22144 -1.5009999999999997 -0.17699999999999994 -0.2316377887725829 0.17667715358734132 0.17137551 0.17337552 "" "" 3.7411248573782045 "" 0.6438992162141115 "" 0.89
24.70762963439 61.15293739582 0.009 0.0104 27.2759 "" "" 509947106359811712 2770.95654 0.332 0.0154 -1.211 -0.434 0.012 0.013 0.981 11272.5 3.8905 13.829477 0.598541 14.052239 13.453698 "" "" 2640.80591 2899.04663 55354.85269 10.992 32698.0 16.744 32937.0 12.529 "" "" 0.002763742394474767 0.002845025 0.0038018813 0.006646906 24.70762963439 61.15293739582 2770.95654 -1.2109999999999996 -0.43400000000000005 0.058362211227416916 -0.08032284641265869 0.17237552 0.17337552 "" "" 1.304068552761255 "" 0.22564382342926412 "" 0.89
25.98260020237 61.58730263129 0.0085 0.0101 19.2434 "" "" 511288373106156160 2931.19067 0.3117 0.0147 -0.999 -0.325 0.012 0.012 0.997 15901.1 3.725 13.875507 0.957732 14.261204 13.303472 "" "" 2817.46753 3071.01343 53057.1479 9.7886 26973.0 19.254 37824.0 21.222 "" "" 0.002762591753722047 0.0028958095 0.0038281619 0.006723971 25.98260020237 61.58730263129 2931.19067 -0.9989999999999997 -0.3250000000000001 0.270362211227417 0.028677153587341297 0.17237552 0.17237552 "" "" 3.777442148271356 "" 0.6511385360813428 "" 0.83
24.72156497927 61.63740556202 0.0081 0.0103 19.7399 "" "" 511465360114021632 2756.70874 0.3209 0.0148 -1.565 -0.222 0.01 0.014 1.05 "" "" 13.895566 2.376967 15.171136 12.794168 -16.0 0.87 2640.16675 2893.54004 52085.91844 11.956 11667.0 11.676 60463.0 20.153 "" "" 0.0027665686357392096 0.0029942764 0.0037966683 0.0067909444 24.72156497927 61.63740556202 2756.70874 -1.5649999999999997 -0.2219999999999997 -0.29563778877258295 0.1316771535873413 0.17037553 0.17437552 11.024999999999999 2.045 4.228893047123996 11.808224312063759 0.7233274180689092 1.9268503554192749 0.85
24.34551099041 61.50330916625 0.0085 0.0106 28.4981 "" "" 510008060538253952 2775.39258 0.3291 0.0143 -1.306 -0.378 0.011 0.013 1.03 10720.2 3.7903 13.916168 1.223898 14.440219 13.216321 "" "" 2674.50537 2873.67041 51106.89117 8.3469 22873.0 19.93 40985.0 13.487 "" "" 0.002761020386377807 0.00294619 0.0037962322 0.0067424225 24.34551099041 61.50330916625 2775.39258 -1.306 -0.3780000000000002 -0.03663778877258306 -0.024322846412658694 0.17137551 0.17337552 "" "" 0.5785261079956401 "" 0.09950058728603231 "" 0.84
25.61903209289 61.29597441578 0.008 0.0094 14.1853 "" "" 511254769280881792 3021.47461 0.3014 0.0144 -1.143 -0.239 0.011 0.012 0.992 6915.5 3.1315 13.949346 0.723467 14.219946 13.496479 "" "" 2907.75 3175.91968 49568.8297 7.7666 28018.0 19.252 31664.0 15.418 "" "" 0.0027605667985559483 0.0028881873 0.0038161788 0.006704366 25.61903209289 61.29597441578 3021.47461 -1.143 -0.239 0.12636221122741698 0.11467715358734132 0.17137551 0.17237552 "" "" 2.4438806093901673 "" 0.41992680092786105 "" 0.85
25.32383855622 61.34494653427 0.0087 0.0098 8.7883 "" "" 511441926772674304 2807.78687 0.3221 0.0149 -1.203 -0.42 0.012 0.012 0.967 12428.1 3.8471 13.956335 0.830597 14.281548 13.450951 "" "" 2697.29077 2922.89258 49250.73181 7.3537 26473.0 16.338 33020.0 13.8 "" "" 0.0027600851419811727 0.002869502 0.0038065242 0.006676026 25.32383855622 61.34494653427 2807.78687 -1.2029999999999998 -0.41999999999999993 0.06636221122741692 -0.06632284641265868 0.17237552 0.17237552 "" "" 1.2486752947613557 "" 0.21524104713130376 "" 0.88
25.55711390434 61.78555221808 0.0114 0.0138 18.709 "" "" 511481887149219072 2621.79907 0.3512 0.0189 -1.334 -0.51 0.014 0.016 1.271 13769.1 3.7964 13.956392 0.888883 14.280495 13.391612 "" "" 2503.90649 2777.75244 49248.14746 16.382 26498.0 79.504 34875.0 128.96 "" "" 0.0027788895185571097 0.004289187 0.0055138404 0.009803027 25.55711390434 61.78555221808 2621.79907 -1.3339999999999999 -0.5099999999999998 -0.06463778877258308 -0.1563228464126587 0.17437552 0.17637552 "" "" 2.1021983033998546 "" 0.3701654198395313 "" 0.85
25.66464804532 61.48584657215 0.0089 0.0104 9.2887 "" "" 511263393575075584 2767.69751 0.3294 0.0152 -1.1 -0.225 0.012 0.012 0.987 12407.9 3.7245 14.002138 0.879171 14.348315 13.469144 "" "" 2655.52173 2883.49048 47216.24241 7.686 24894.0 15.352 32471.0 14.235 "" "" 0.0027609828324777555 0.0028693848 0.0038092362 0.0066786213 25.66464804532 61.48584657215 2767.69751 -1.1000000000000005 -0.22499999999999987 0.1693622112274169 0.1286771535873413 0.17237552 0.17237552 "" "" 2.7903895134140275 "" 0.4809948297137018 "" 0.85
26.2376691522 61.66843983283 0.0087 0.01 27.7383 "" "" 511292152677329152 2710.03198 0.3362 0.0152 -1.096 -0.254 0.011 0.012 1.024 13303.5 4.0654 14.003163 1.080364 14.449586 13.369222 "" "" 2607.68335 2811.96167 47171.70295 11.92 22677.0 21.608 35602.0 31.35 "" "" 0.0027689460429054786 0.002975794 0.0038984339 0.006874228 26.2376691522 61.66843983283 2710.03198 -1.096 -0.254 0.1733622112274169 0.0996771535873413 0.17137551 0.17237552 "" "" 2.5687888764685014 "" 0.4408671273642921 "" 0.86
24.81777104052 61.79657036499 0.0091 0.0108 23.6137 "" "" 511472575658960128 2794.26929 0.3274 0.0152 -1.526 -0.225 0.012 0.015 0.987 14336.5 3.8413 14.01129 1.010899 14.42154 13.410642 "" "" 2667.14575 2910.4082 46819.93566 13.471 23270.0 25.035 34269.0 29.855 "" "" 0.0027729722698659827 0.0030248102 0.0038959507 0.006920761 24.81777104052 61.79657036499 2794.26929 -1.526 -0.22500000000000003 -0.25663778877258303 0.1286771535873413 0.17237552 0.17537552 "" "" 3.8024623152769057 "" 0.6577589568353438 "" 0.91
25.22832032513 61.10938389811 0.0088 0.0101 23.1359 "" "" 509936862851316736 2873.23364 0.3224 0.0154 -1.165 -0.322 0.012 0.012 0.985 11591.5 3.6858 14.057078 0.640785 14.297041 13.656256 "" "" 2763.48755 2998.77246 44886.46981 8.5584 26098.0 14.983 27331.0 10.928 "" "" 0.0027630860542719516 0.0028589482 0.0038042327 0.006663181 25.22832032513 61.10938389811 2873.23364 -1.1649999999999998 -0.3220000000000004 0.10436221122741696 0.0316771535873413 0.17237552 0.17237552 "" "" 1.4853538378051527 "" 0.2560386329023864 "" 0.87
25.98619244866 61.64355598682 0.0087 0.0104 20.5861 "" "" 511289129020370304 2858.74609 0.3152 0.0153 -1.164 -0.224 0.011 0.013 0.965 7158.9 3.2003 14.061355 1.136813 14.537437 13.400623 "" "" 2754.02295 2971.84644 44710.00715 7.6086 20914.0 18.846 34587.0 13.887 "" "" 0.0027615083257032194 0.002956733 0.0038044401 0.0067611733 25.98619244866 61.64355598682 2858.74609 -1.1640000000000001 -0.22399999999999992 0.10536221122741707 0.1296771535873413 0.17137551 0.17337552 "" "" 2.2640764977972965 "" 0.3907411176398784 "" 0.88
26.08161280702 61.42706681284 0.0091 0.0111 21.5906 "" "" 511282016554634880 2720.06812 0.3352 0.0164 -1.317 -0.266 0.012 0.013 0.996 "" "" 14.090496 0.953402 14.47333 13.519928 "" "" 2608.59619 2833.53345 43525.94032 7.281 22186.0 13.691 30988.0 16.219 "" "" 0.002761299651111283 0.0028694877 0.0038218657 0.0066913534 26.08161280702 61.42706681284 2720.06812 -1.317 -0.26600000000000007 -0.047637788772582956 0.0876771535873413 0.17237552 0.17337552 "" "" 1.286514164083814 "" 0.22275748405021709 "" 0.89
24.90781937064 61.24069951412 0.0096 0.0116 19.5111 "" "" 509942261636542592 2895.48755 0.3203 0.0163 -1.33 -0.528 0.012 0.014 1.061 8743.7 3.5402 14.138072 0.826287 14.462321 13.636034 "" "" 2766.9624 3059.05591 41659.86582 6.7972 22412.0 13.58 27845.0 13.513 "" "" 0.0027610090277578694 0.0028666789 0.0038159338 0.006682613 24.90781937064 61.24069951412 2895.48755 -1.3300000000000003 -0.5279999999999999 -0.06063778877258308 -0.17432284641265872 0.17237552 0.17437552 "" "" 2.533125844222921 "" 0.44117109434388174 "" 0.82
26.20319137052 61.57112399969 0.0094 0.0112 25.1347 "" "" 511284765333633536 2699.39087 0.3363 0.0166 -1.232 -0.243 0.012 0.013 0.941 11128.9 3.833 14.173615 1.217859 14.693669 13.47581 "" "" 2592.43701 2831.41064 40318.14635 6.0329 18111.0 14.836 32273.0 14.135 "" "" 0.002760105626759876 0.0029284956 0.0038091808 0.0067376764 26.20319137052 61.57112399969 2699.39087 -1.2320000000000002 -0.24300000000000008 0.03736221122741701 0.11067715358734131 0.17237552 0.17337552 "" "" 1.4946404418042667 "" 0.25898155207001655 "" 0.9
26.21076703241 61.32469885404 0.0133 0.0162 26.9112 "" "" 511246144986507904 2729.03271 0.3432 0.0237 -1.182 -0.295 0.018 0.019 1.593 "" "" 14.185701 1.043692 14.609826 13.566134 "" "" 2541.51978 2865.07373 39871.81554 6.9297 19565.0 11.906 29696.0 13.584 "" "" 0.0027617742897537707 0.0028673306 0.0038118751 0.0066792057 26.21076703241 61.32469885404 2729.03271 -1.182 -0.2949999999999999 0.08736221122741705 0.058677153587341324 0.17837551 0.17937551 "" "" 1.3613261019421559 "" 0.24325126214987855 "" 0.83
25.23969917445 61.44549857776 0.0087 0.0106 3.9834 "" "" 511447080733367296 2642.93164 0.3504 0.0148 -1.226 -0.273 0.012 0.013 1.006 9644.1 3.7494 14.222242 0.873928 14.566507 13.692579 "" "" 2552.41577 2729.90063 38552.24818 5.1768 20362.0 13.287 26432.0 11.888 "" "" 0.002759174683626484 0.0028787148 0.003810798 0.006689513 25.23969917445 61.44549857776 2642.93164 -1.2259999999999993 -0.2730000000000003 0.043362211227417014 0.08067715358734129 0.17237552 0.17337552 "" "" 1.1474177279875222 "" 0.19867754197710552 "" 0.8
25.53407226493 61.07693382899 0.0093 0.0107 25.4745 "" "" 509749640944575616 2996.88916 0.302 0.0164 -1.321 -0.586 0.012 0.013 0.98 4971.3 2.8924 14.245221 1.720674 15.072548 13.351874 -38.05 1.48 2867.07959 3144.81152 37744.91614 5.112 12776.0 7.7986 36175.0 12.113 "" "" 0.0027592412502928745 0.0028678004 0.0037968273 0.0066646277 25.53407226493 61.07693382899 2996.88916 -1.3210000000000002 -0.5860000000000005 -0.05163778877258296 -0.23232284641265866 0.17237552 0.17337552 -11.024999999999999 2.655 3.3807421538875904 11.531697295327886 0.585979201033232 2.544147185820213 0.83
26.27969957234 61.4927959505 0.0108 0.0131 26.8952 "" "" 511272258388912128 2765.63721 0.3303 0.0196 -1.019 -0.221 0.014 0.015 1.126 10980.5 3.9176 14.354972 1.166904 14.846751 13.679847 "" "" 2618.71631 2937.57056 34115.99811 5.7117 15730.0 13.059 26744.0 16.294 "" "" 0.0027613096836601758 0.0029321536 0.0038368348 0.0067689884 26.27969957234 61.4927959505 2765.63721 -1.019 -0.22099999999999995 0.2503622112274171 0.1326771535873413 0.17437552 0.17537552 "" "" 3.714405444712786 "" 0.6485176234784497 "" 0.83
