Clusters/LP_1329/LP_1329_members.tsv
# %ECSV 1.0
# ---
# datatype:
# - name: RA_ICRS_1
#   unit: deg
#   datatype: float64
#   format: '{:15.11f}'
#   description: Right ascension (ICRS) at Ep=2016.0 (ra)
#   meta: !!omap
#   - {ucd: POS_EQ_RA_MAIN}
#   - {width: 15}
#   - {precision: '11'}
# - name: DE_ICRS_1
#   unit: deg
#   datatype: float64
#   format: '{:15.11f}'
#   description: Declination (ICRS) at Ep=2016.0 (dec)
#   meta: !!omap
#   - {ucd: POS_EQ_DEC_MAIN}
#   - {width: 15}
#   - {precision: '11'}
# - name: e_RA_ICRS
#   unit: mas
#   datatype: float64
#   format: '{:7.4f}'
#   description: Standard error of right ascension (ra_error)
#   meta: !!omap
#   - {ucd: ERROR}
#   - {width: 7}
#   - {precision: '4'}
# - name: e_DE_ICRS
#   unit: mas
#   datatype: float64
#   format: '{:7.4f}'
#   description: Standard error of declination (dec_error)
#   meta: !!omap
#   - {ucd: ERROR}
#   - {width: 7}
#   - {precision: '4'}
# - name: _r_1
#   unit: ''
#   datatype: float64
#   format: '{:7.4f}'
#   description: Distance from center (025.34051755000+61.49119992000)[ICRS], at Epoch=J2016.0
#   meta: !!omap
#   - {ucd: POS_ANG_DIST_GENERAL}
#   - {width: 7}
#   - {precision: '4'}
# - name: HIP
#   datatype: int32
#   description: '? HIP cross-id number, van Leeuwen, Cat. I/311 (hip_original_ext_source_id)'
#   meta: !!omap
#   - {ucd: ID_NUMBER}
#   - {width: 6}
#   - values: {'null': -2147483648}
# - name: TYC2
#   datatype: string
#   description: Tycho-2 cross-id name, Hog et al., Cat. I/259 (tyc2_original_ext_source_id)
#   meta: !!omap
#   - {ucd: ID_CROSSID}
#   - {_votable_string_dtype: char}
# - name: Source
#   datatype: int64
#   description: Source identifier, identical to the Gaia-EDR3 source_id (id)
#   meta: !!omap
#   - {ucd: ID_MAIN}
#   - {width: 19}
# - name: rgeo
#   unit: pc
#   datatype: float64
#   format: '{:15.8f}'
#   description: '? Median of the geometric distance posterior (r_med_geo)'
#   meta: !!omap
#   - {ucd: PHYS_DISTANCE_TRUE}
#   - {width: 15}
#   - {precision: '8'}
#   - values: {'null': .nan}
# - name: Plx
#   unit: mas
#   datatype: float64
#   format: '{:9.4f}'
#   description: '? Parallax (parallax)'
#   meta: !!omap
#   - {ucd: POS_PARLX_TRIG}
#   - {width: 9}
#   - {precision: '4'}
#   - values: {'null': .nan}
# - name: e_Plx
#   unit: mas
#   datatype: float32
#   format: '{:7.4f}'
#   description: '? Standard error of parallax (parallax_error)'
#   meta: !!omap
#   - {ucd: ERROR}
#   - {width: 7}
#   - {precision: '4'}
#   - values: {'null': .nan}
# - name: pmRA
#   unit: mas / yr
#   datatype: float64
#   format: '{:9.3f}'
#   description: '? Proper motion in right ascension direction, pmRA*cosDE (pmra)'
#   meta: !!omap
#   - {ucd: POS_EQ_PMRA}
#   - {width: 9}
#   - {precision: '3'}
#   - values: {'null': .nan}
# - name: pmDE
#   unit: mas / yr
#   datatype: float64
#   format: '{:9.3f}'
#   description: '? Proper motion in declination direction (pmdec)'
#   meta: !!omap
#   - {ucd: POS_EQ_PMDEC}
#   - {width: 9}
#   - {precision: '3'}
#   - values: {'null': .nan}
# - name: e_pmRA
#   unit: mas / yr
#   datatype: float32
#   format: '{:6.3f}'
#   description: '? Standard error of proper motion in right ascension direction (pmra_error)'
#   meta: !!omap
#   - {ucd: ERROR}
#   - {width: 6}
#   - {precision: '3'}
#   - values: {'null': .nan}
# - name: e_pmDE
[...]
#       distance: !astropy.table.SerializedColumn
#         __class__: astropy.coordinates.distances.Distance
#         unit: !astropy.units.Unit {unit: pc}
#         value: !astropy.table.SerializedColumn {name: SkyCoord.distance}
#       frame: icrs
#       obstime: !astropy.time.Time {format: jyear_str, in_subfmt: '*', jd1: 367701545.0, jd2: 0.0, out_subfmt: '*', precision: 3, scale: tt}
#       pm_dec: !astropy.table.SerializedColumn
#         __class__: astropy.units.quantity.Quantity
#         unit: !astropy.units.Unit {unit: mas / yr}
#         value: !astropy.table.SerializedColumn {name: SkyCoord.pm_dec}
#       pm_ra_cosdec: !astropy.table.SerializedColumn
#         __class__: astropy.units.quantity.Quantity
#         unit: !astropy.units.Unit {unit: mas / yr}
#         value: !astropy.table.SerializedColumn {name: SkyCoord.pm_ra_cosdec}
#       ra: !astropy.table.SerializedColumn
#         __class__: astropy.coordinates.angles.Longitude
#         unit: *id001
#         value: !astropy.table.SerializedColumn {name: SkyCoord.ra}
#         wrap_angle: !astropy.coordinates.Angle
#           unit: *id001
#           value: 360.0
#       representation_type: spherical
# schema: astropy-2.0
RA_ICRS_1 DE_ICRS_1 e_RA_ICRS e_DE_ICRS _r_1 HIP TYC2 Source rgeo Plx e_Plx pmRA pmDE e_pmRA e_pmDE RUWE Teff logg Gmag BP-RP BPmag RPmag RV e_RV b_rgeo B_rgeo FG e_FG FBP e_FBP FRP e_FRP RAVE5 RAVE6 e_Gmag e_BPmag e_RPmag e_BP-RP SkyCoord.ra SkyCoord.dec SkyCoord.distance SkyCoord.pm_ra_cosdec SkyCoord.pm_dec rmRA rmDE e_rmRA e_rmDE rRV e_rRV v_pec v_pec3d e_vpec e_vpec3d Pmemb
[from data line 62]
25.44061150143 61.37274188483 0.0098 0.0114 7.6658 "" "" 511443060644023552 2969.12109 0.3072 0.0169 -1.107 -0.629 0.013 0.014 0.933 8066.2 3.2002 14.439407 1.210012 14.957257 13.747245 "" "" 2839.2229 3121.97607 31563.39367 4.3488 14207.0 10.693 25134.0 12.876 "" "" 0.002759378072316272 0.0029073772 0.0038200922 0.006727469 25.44061150143 61.37274188483 2969.12109 -1.1069999999999998 -0.6289999999999996 0.162362211227417 -0.2753228464126587 0.17337552 0.17437552 "" "" 4.4983736882440315 "" 0.7832479995446537 "" 0.86
25.46091595413 61.73598509962 0.0111 0.0128 15.0833 "" "" 511480066082940672 2976.24097 0.3053 0.0177 -1.229 -0.227 0.015 0.016 0.999 11361.5 3.9587 14.452571 0.882865 14.800715 13.917851 "" "" 2843.45459 3145.98145 31183.02258 6.2992 16411.0 16.155 21479.0 13.325 "" "" 0.0027640357454201854 0.002987872 0.0038389338 0.006826806 25.46091595413 61.73598509962 2976.24097 -1.229 -0.2270000000000003 0.0403622112274169 0.1266771535873413 0.17537552 0.17637552 "" "" 1.875603353307062 "" 0.3306381046462721 "" 0.88
25.09089305272 61.8687196908 0.0116 0.0134 23.7394 "" "" 511497245952081408 2692.96069 0.3407 0.0188 -1.128 -0.081 0.014 0.016 0.971 11908.1 3.9388 14.503916 1.290525 15.060817 13.770292 "" "" 2580.90234 2831.68872 29742.7077 6.4714 12915.0 13.285 24606.0 18.959 "" "" 0.002765428684765069 0.0030053924 0.003870861 0.0068762535 25.09089305272 61.8687196908 2692.96069 -1.128 -0.08100000000000007 0.1413622112274171 0.2726771535873413 0.17437552 0.17637552 "" "" 3.9205529680547464 "" 0.6898360316934777 "" 0.83
25.30896839026 61.5781205419 0.0104 0.0125 5.2927 "" "" 511454158839358080 2940.93188 0.3089 0.0177 -1.281 -0.349 0.014 0.016 0.998 "" "" 14.532773 1.152162 15.015653 13.863491 "" "" 2815.46436 3089.89819 28962.61039 5.1978 13463.0 11.418 22582.0 10.375 "" "" 0.002762201465860258 0.0029381881 0.003812159 0.006750347 25.30896839026 61.5781205419 2940.93188 -1.2810000000000004 -0.3490000000000003 -0.011637788772582924 0.004677153587341332 0.17437552 0.17637552 "" "" 0.17484243507766775 "" 0.03053710668811038 "" 0.88
25.16244655839 61.634821199 0.0103 0.0129 10.0071 "" "" 511467009381459584 3003.1084 0.3015 0.018 -1.313 -0.315 0.014 0.017 0.963 11919.8 3.7969 14.558279 1.090988 15.008297 13.917309 "" "" 2851.36719 3191.1438 28290.14337 4.7043 13555.0 16.117 21490.0 13.399 "" "" 0.0027612290203051183 0.003074345 0.0038395307 0.0069138757 25.16244655839 61.634821199 3003.1084 -1.3129999999999997 -0.31500000000000006 -0.04363778877258295 0.038677153587341306 0.17437552 0.17737553 "" "" 0.8300423078072663 "" 0.14583983996333585 "" 0.91
25.28786051946 61.78786205087 0.0123 0.0142 17.8629 "" "" 511492847905599616 2912.95874 0.3156 0.0197 -1.431 -0.235 0.015 0.017 0.983 13076.2 3.8744 14.564952 1.11755 15.032191 13.914641 "" "" 2736.12012 3066.21875 28116.8157 7.0186 13260.0 12.717 21543.0 13.915 "" "" 0.0027686176557701007 0.0029781372 0.0038438968 0.006822034 25.28786051946 61.78786205087 2912.95874 -1.431 -0.23500000000000026 -0.16163778877258306 0.11867715358734132 0.17537552 0.17737553 "" "" 2.768760152383105 "" 0.4875194804983196 "" 0.89
25.17722007201 61.1095973866 0.0105 0.0118 23.3746 "" "" 509936832798101248 2772.5249 0.3302 0.0179 -1.174 -0.21 0.014 0.014 1.003 10864.1 3.8627 14.571848 0.800599 14.882938 14.082339 "" "" 2649.74854 2905.97168 27938.79367 4.9593 15214.0 12.436 18460.0 9.0794 "" "" 0.0027620521640229893 0.0029279138 0.0038169222 0.006744836 25.17722007201 61.1095973866 2772.5249 -1.174 -0.20999999999999996 0.09536221122741706 0.14367715358734132 0.17437552 0.17437552 "" "" 2.2662244813411925 "" 0.39517407045894065 "" 0.85
24.83854207491 61.82124907461 0.0113 0.0133 24.4257 "" "" 511472713097903360 2677.81885 0.3392 0.019 -1.599 0.023 0.015 0.018 0.993 11506.6 4.0186 14.583049 1.116716 15.019376 13.902659 "" "" 2549.79834 2839.86328 27652.04759 6.5356 13417.0 28.468 21782.0 72.96 "" "" 0.002767244259870072 0.0036182979 0.005244955 0.008863253 24.83854207491 61.82124907461 2677.81885 -1.5989999999999998 0.023000000000000444 -0.329637788772583 0.37667715358734133 0.17537552 0.17837551 "" "" 6.3533667039756745 "" 1.125058433934752 "" 0.87
25.37702281474 61.46159504859 0.0102 0.012 2.0614 "" "" 511450207469544064 2820.6731 0.3271 0.0169 -1.19 -0.299 0.013 0.014 1.011 11901.0 3.8754 14.58734 0.9536 14.970849 14.017249 "" "" 2670.47583 3008.89917 27542.96224 6.4226 14031.0 14.979 19600.0 16.957 "" "" 0.002766927552157113 0.0030213485 0.003894363 0.006915712 25.37702281474 61.46159504859 2820.6731 -1.19 -0.299 0.07936221122741705 0.05467715358734132 0.17337552 0.17437552 "" "" 1.2885197287962868 "" 0.2238133314299211 "" 0.87
25.68394792484 61.45169413139 0.0112 0.0126 10.1227 "" "" 511263290495872512 2740.56616 0.3332 0.0196 -1.5 -0.285 0.015 0.016 0.986 11194.7 3.9162 14.608368 0.92957 14.979153 14.049582 "" "" 2579.47412 2921.74341 27014.67171 4.54 13924.0 10.966 19025.0 10.21 "" "" 0.002761355286205796 0.0029182555 0.003824034 0.0067422893 25.68394792484 61.45169413139 2740.56616 -1.5 -0.2849999999999996 -0.230637788772583 0.06867715358734133 0.17537552 0.17637552 "" "" 3.1260555687182046 "" 0.5484888955367204 "" 0.88
25.47539353665 61.25223583855 0.0112 0.0128 14.8529 "" "" 511252982574329728 2685.62891 0.3427 0.0194 -1.164 -0.453 0.015 0.015 1.0 9983.0 4.1667 14.700904 0.834993 15.027778 14.192784 "" "" 2563.24878 2873.45972 24807.61962 4.0092 13314.0 10.399 16674.0 11.295 "" "" 0.0027609017154171128 0.0029161945 0.00385028 0.006766475 25.47539353665 61.25223583855 2685.62891 -1.164 -0.45300000000000007 0.10536221122741707 -0.0993228464126587 0.17537552 0.17537552 "" "" 1.8432508770549891 "" 0.3232610832345663 "" 0.9
25.4110951012 61.77943570297 0.0119 0.0144 17.4108 "" "" 511481337393248256 2910.85889 0.3169 0.0203 -1.103 -0.55 0.015 0.017 1.008 10391.6 4.0514 14.705187 1.365269 15.308495 13.943227 "" "" 2746.45825 3091.83691 24709.95941 7.8853 10281.0 14.65 20983.0 24.509 "" "" 0.002777018825337126 0.0031904008 0.0039864792 0.00717688 25.4110951012 61.77943570297 2910.85889 -1.103 -0.5500000000000002 0.166362211227417 -0.19632284641265874 0.17537552 0.17737553 "" "" 3.5505117317114103 "" 0.6268157750213259 "" 0.83
24.66224072301 61.39335416013 0.0116 0.0147 20.3211 "" "" 509960094340599296 2819.88452 0.3276 0.0205 -1.072 -0.265 0.015 0.019 1.018 10686.3 3.7957 14.725518 0.941298 15.100782 14.159485 "" "" 2668.62402 2957.94604 24251.557 5.1749 12448.0 11.091 17193.0 12.117 "" "" 0.002765043318912084 0.0029531112 0.0038560652 0.0068091764 24.66224072301 61.39335416013 2819.88452 -1.072 -0.2649999999999997 0.19736221122741693 0.0886771535873413 0.17537552 0.17937551 "" "" 2.8920407320512633 "" 0.5091546284880575 "" 0.83
25.5389537827 61.42534020279 0.0113 0.013 6.9265 "" "" 511449039238601600 3031.36108 0.3021 0.0195 -1.156 -0.293 0.015 0.016 0.943 10785.4 3.4703 14.768725 0.949472 15.150061 14.200588 "" "" 2861.06421 3197.47095 23305.40828 4.8999 11896.0 11.729 16555.0 12.986 "" "" 0.0027647600314040935 0.0029884789 0.0038741536 0.0068626325 25.5389537827 61.42534020279 3031.36108 -1.156 -0.29300000000000004 0.11336221122741708 0.060677153587341326 0.17537552 0.17637552 "" "" 1.8475151500625897 "" 0.3244212723315214 "" 0.88
25.74765122365 61.93302408256 0.0129 0.0141 28.9268 "" "" 511486182116427776 3004.57275 0.3065 0.0206 -1.052 -0.339 0.015 0.016 0.995 12384.7 3.8123 14.775435 0.944312 15.153965 14.209653 "" "" 2843.47412 3232.36841 23161.80519 10.269 11853.0 18.782 16417.0 18.753 "" "" 0.0027970533742304755 0.0032779474 0.003977674 0.0072556213 25.74765122365 61.93302408256 3004.57275 -1.052 -0.339 0.21736221122741695 0.014677153587341285 0.17537552 0.17637552 "" "" 3.1026510797728406 "" 0.5441431724351895 "" 0.84
24.9476638361 61.84241344097 0.0131 0.0148 23.858 "" "" 511473537731618944 2861.54932 0.3231 0.0204 -1.246 -0.545 0.016 0.019 0.986 6599.6 2.6793 14.788934 1.188351 15.293844 14.105494 "" "" 2700.38135 3051.83887 22875.6437 4.4039 10420.0 11.53 18070.0 10.661 "" "" 0.0027632370302536637 0.003037828 0.003833282 0.00687111 24.9476638361 61.84241344097 2861.54932 -1.246 -0.545 0.023362211227416996 -0.19132284641265873 0.17637552 0.17937551 "" "" 2.614329348646724 "" 0.4688323963156753 "" 0.87
24.85896076173 61.72740586805 0.0119 0.0142 19.7381 "" "" 511471304348684032 2838.59058 0.3248 0.0206 -1.142 -0.165 0.016 0.02 0.935 10196.5 3.6386 14.855781 1.029295 15.274897 14.245602 "" "" 2683.5459 2951.27783 21509.70524 3.5964 10604.0 9.9197 15882.0 8.924 "" "" 0.002761293895196607 0.0029692822 0.003828304 0.006797586 24.85896076173 61.72740586805 2838.59058 -1.142 -0.165 0.1273622112274171 0.1886771535873413 0.17637552 0.18037552 "" "" 3.062884683200056 "" 0.5486637635471184 "" 0.86
26.10958002381 61.41587042321 0.012 0.0148 22.5091 "" "" 511281810396207104 2690.1709 0.341 0.0215 -1.462 -0.399 0.015 0.017 0.995 11522.7 3.9058 14.872848 1.048585 15.302492 14.253907 "" "" 2538.70386 2887.60522 21174.20954 3.59 10338.0 10.59 15761.0 9.515 "" "" 0.0027614625873987318 0.0030036713 0.0038357999 0.006839471 26.10958002381 61.41587042321 2690.1709 -1.462 -0.3990000000000004 -0.19263778877258297 -0.04532284641265871 0.17537552 0.17737553 "" "" 2.5234740280832666 "" 0.4428217198733216 "" 0.9
25.75700861611 61.68726386174 0.0127 0.0148 16.7258 "" "" 511477489102745472 2980.375 0.3048 0.0206 -1.171 -0.456 0.016 0.018 1.007 9928.9 3.7577 14.880234 1.13186 15.351052 14.219193 "" "" 2828.66772 3193.06836 21030.67053 3.6682 9885.4 9.2905 16274.0 11.55 "" "" 0.002761820514059941 0.0029709018 0.003857137 0.006828039 25.75700861611 61.68726386174 2980.375 -1.1710000000000003 -0.45599999999999996 0.09836221122741695 -0.10232284641265871 0.17637552 0.17837551 "" "" 2.005089921423524 "" 0.3557386169294393 "" 0.9
25.97727331496 61.86260940329 0.0139 0.0152 28.7254 "" "" 511486250835949184 2717.68042 0.3395 0.0219 -1.171 -0.39 0.017 0.018 1.038 11003.8 3.9627 14.888095 1.099605 15.346105 14.2465 "" "" 2561.59106 2888.68091 20878.95991 5.5472 9930.6 12.502 15869.0 11.373 "" "" 0.0027703790323035985 0.0031069908 0.0038586536 0.0069656447 25.97727331496 61.86260940329 2717.68042 -1.171 -0.39 0.09836221122741695 -0.036322846412658705 0.17737553 0.17837551 "" "" 1.3507157091514201 "" 0.23974639546023 "" 0.88
25.1520551603 61.27124080227 0.0121 0.014 14.2657 "" "" 509943189349427712 2606.04932 0.3548 0.0207 -1.11 -0.486 0.016 0.017 0.943 9496.1 3.7965 14.984112 0.857429 15.322345 14.464916 "" "" 2463.21777 2767.18872 19111.82419 3.4841 10150.0 9.5859 12978.0 8.3553 "" "" 0.002762420297571013 0.0029726222 0.003843479 0.0068161013 25.1520551603 61.27124080227 2606.04932 -1.1099999999999999 -0.4860000000000001 0.1593622112274169 -0.13232284641265868 0.17637552 0.17737553 "" "" 2.5586932023488176 "" 0.45233677773944203 "" 0.83
26.15184172614 61.62109191921 0.0126 0.0151 24.4605 "" "" 511285796125759232 2843.45581 0.3277 0.0221 -1.176 -0.245 0.017 0.018 0.95 11219.2 3.9723 14.997754 1.240468 15.532292 14.291824 "" "" 2657.40356 3040.11719 18873.18898 3.6578 8365.7 7.9431 15220.0 11.379 "" "" 0.0027633437025816696 0.002974522 0.003865571 0.006840093 26.15184172614 61.62109191921 2843.45581 -1.1759999999999997 -0.24500000000000002 0.09336221122741706 0.10867715358734131 0.17737553 0.17837551 "" "" 1.9310341708727532 "" 0.3436305682283172 "" 0.86
25.00628170776 61.72900600728 0.0127 0.0152 17.1611 "" "" 511468555569612160 2974.38745 0.309 0.0214 -1.164 -0.453 0.017 0.02 0.977 7198.7 3.3083 15.012376 1.128543 15.480287 14.351744 "" "" 2765.42407 3200.64819 18620.72334 3.2263 8776.1 12.182 14403.0 12.246 "" "" 0.0027617346247666074 0.0031711813 0.0038904892 0.0070616705 25.00628170776 61.72900600728 2974.38745 -1.164 -0.453 0.10536221122741707 -0.0993228464126587 0.17737553 0.18037552 "" "" 2.0414370189043924 "" 0.36499536653162273 "" 0.88
24.50477620139 61.74472739839 0.0132 0.0162 28.2761 "" "" 511513807347056640 2621.71118 0.3488 0.0224 -1.374 -0.375 0.018 0.021 1.028 11108.4 4.0191 15.037961 1.28099 15.522673 14.241683 "" "" 2477.00635 2759.83301 18187.05339 5.3294 8440.1 28.858 15940.0 122.15 "" "" 0.0027736280776964966 0.0046439436 0.009138277 0.01378222 24.50477620139 61.74472739839 2621.71118 -1.3740000000000008 -0.3749999999999999 -0.10463778877258312 -0.02132284641265869 0.17837551 0.18137552 "" "" 1.3270480941782754 "" 0.23687289193679542 "" 0.86
25.21274472967 61.44864851762 0.0128 0.0148 4.4638 "" "" 511447080733365248 2888.9856 0.3243 0.0213 -1.303 -0.199 0.017 0.018 1.014 "" "" 15.038744 1.117184 15.503352 14.386169 "" "" 2724.45312 3073.65015 18173.94502 3.2109 8591.6 10.242 13954.0 8.5426 "" "" 0.0027619894409375307 0.0030757538 0.0038373861 0.00691314 25.21274472967 61.44864851762 2888.9856 -1.3030000000000004 -0.19899999999999987 -0.033637788772582944 0.1546771535873413 0.17737553 0.17837551 "" "" 2.167624837573458 "" 0.38655356885686604 "" 0.88
24.75086887247 61.43485014528 0.0126 0.0161 17.2362 "" "" 509957723518630016 2910.27051 0.3164 0.0231 -1.264 -0.409 0.016 0.02 1.014 9857.1 3.8059 15.047971 0.958251 15.432647 14.474396 "" "" 2725.87256 3116.427 18020.14959 3.757 9169.8 10.086 12865.0 11.233 "" "" 0.002764603045959486 0.0030349963 0.0038964648 0.0069314614 24.75086887247 61.43485014528 2910.27051 -1.264 -0.409 0.00536221122741698 -0.055322846412658666 0.17637552 0.18037552 "" "" 0.7667375062508665 "" 0.13827244267622518 "" 0.86
25.33753798297 61.95787218358 0.0136 0.0152 28.0005 "" "" 511495940281977728 2967.04004 0.3081 0.0218 -1.247 -0.379 0.017 0.018 1.025 9988.0 3.8208 15.057556 1.091039 15.510117 14.419078 "" "" 2791.56738 3135.34766 17861.76079 3.65 8538.3 12.469 13537.0 13.569 "" "" 0.0027642384875068214 0.0032092163 0.0039329543 0.0071421703 25.33753798297 61.95787218358 2967.04004 -1.247 -0.3789999999999997 0.022362211227416884 -0.025322846412658695 0.17737553 0.17837551 "" "" 0.4751213204388451 "" 0.0845421653511774 "" 0.88
24.63995072609 61.16816875087 0.0146 0.0171 27.9702 "" "" 509948137151937920 3048.65234 0.3051 0.026 -1.433 -0.254 0.019 0.021 1.016 9232.4 4.2052 15.089001 0.851152 15.425084 14.573932 "" "" 2795.78809 3314.54736 17351.88185 3.7565 9233.9 11.384 11738.0 8.9119 "" "" 0.0027653278517939498 0.0030946338 0.0038682355 0.0069628693 24.63995072609 61.16816875087 3048.65234 -1.433 -0.2539999999999996 -0.16363778877258306 0.0996771535873413 0.17937551 0.18137552 "" "" 2.768824041725232 "" 0.4981639588277715 "" 0.89
26.00642678245 61.66563731143 0.0131 0.0155 21.7064 "" "" 511289163380095232 3036.90137 0.3036 0.0231 -1.02 -0.556 0.017 0.019 0.98 10326.8 3.6081 15.11103 1.052248 15.542898 14.49065 "" "" 2855.11084 3242.24805 17003.36653 3.769 8284.3 10.087 12674.0 13.017 "" "" 0.002765810864958618 0.003087511 0.0039404593 0.0070279706 26.00642678245 61.66563731143 3036.90137 -1.02 -0.556 0.24936221122741697 -0.20232284641265874 0.17737553 0.17937551 "" "" 4.622449297057076 "" 0.8235917704692386 "" 0.84
26.24545153355 61.35068935394 0.0136 0.0164 27.3073 "" "" 511269647048838144 2719.80151 0.3407 0.0239 -1.206 -0.228 0.018 0.019 1.015 10726.6 3.8032 15.138224 1.086426 15.585978 14.499552 "" "" 2528.87378 2948.28149 16582.7741 3.0477 7962.1 9.8723 12570.0 9.1286 "" "" 0.0027625363949798035 0.0030979586 0.0038607558 0.0069587147 26.24545153355 61.35068935394 2719.80151 -1.206 -0.22799999999999945 0.06336221122741703 0.1256771535873413 0.17837551 0.17937551 "" "" 1.8144812833370116 "" 0.32510659239743095 "" 0.83
