Clusters/LP_1329/LP_1329_stars_in_region.tsv
# %ECSV 1.0
# ---
# datatype:
# - name: RA_ICRS_1
#   unit: deg
#   datatype: float64
#   format: '{:15.11f}'
#   description: Right ascension (ICRS) at Ep=2016.0 (ra)
#   meta: !!omap
#   - {ucd: POS_EQ_RA_MAIN}
#   - {width: 15}
#   - {precision: '11'}
# - name: DE_ICRS_1
#   unit: deg
#   datatype: float64
#   format: '{:15.11f}'
#   description: Declination (ICRS) at Ep=2016.0 (dec)
#   meta: !!omap
#   - {ucd: POS_EQ_DEC_MAIN}
#   - {width: 15}
#   - {precision: '11'}
# - name: e_RA_ICRS
#   unit: mas
#   datatype: float64
#   format: '{:7.4f}'
#   description: Standard error of right ascension (ra_error)
#   meta: !!omap
#   - {ucd: ERROR}
#   - {width: 7}
#   - {precision: '4'}
# - name: e_DE_ICRS
#   unit: mas
#   datatype: float64
#   format: '{:7.4f}'
#   description: Standard error of declination (dec_error)
#   meta: !!omap
#   - {ucd: ERROR}
#   - {width: 7}
#   - {precision: '4'}
# - name: _r_1
#   unit: ''
#   datatype: float64
#   format: '{:7.4f}'
#   description: Distance from center (025.34051755000+61.49119992000)[ICRS], at Epoch=J2016.0
#   meta: !!omap
#   - {ucd: POS_ANG_DIST_GENERAL}
#   - {width: 7}
#   - {precision: '4'}
# - name: HIP
#   datatype: int32
#   description: '? HIP cross-id number, van Leeuwen, Cat. I/311 (hip_original_ext_source_id)'
#   meta: !!omap
#   - {ucd: ID_NUMBER}
#   - {width: 6}
#   - values: {'null': -2147483648}
# - name: TYC2
#   datatype: string
#   description: Tycho-2 cross-id name, Hog et al., Cat. I/259 (tyc2_original_ext_source_id)
#   meta: !!omap
#   - {ucd: ID_CROSSID}
#   - {_votable_string_dtype: char}
# - name: Source
#   datatype: int64
#   description: Source identifier, identical to the Gaia-EDR3 source_id (id)
#   meta: !!omap
#   - {ucd: ID_MAIN}
#   - {width: 19}
# - name: rgeo
#   unit: pc
#   datatype: float64
#   format: '{:15.8f}'
#   description: '? Median of the geometric distance posterior (r_med_geo)'
#   meta: !!omap
#   - {ucd: PHYS_DISTANCE_TRUE}
#   - {width: 15}
#   - {precision: '8'}
#   - values: {'null': .nan}
# - name: Plx
#   unit: mas
#   datatype: float64
#   format: '{:9.4f}'
#   description: '? Parallax (parallax)'
#   meta: !!omap
#   - {ucd: POS_PARLX_TRIG}
#   - {width: 9}
#   - {precision: '4'}
#   - values: {'null': .nan}
# - name: e_Plx
#   unit: mas
#   datatype: float32
#   format: '{:7.4f}'
#   description: '? Standard error of parallax (parallax_error)'
#   meta: !!omap
#   - {ucd: ERROR}
#   - {width: 7}
#   - {precision: '4'}
#   - values: {'null': .nan}
# - name: pmRA
#   unit: mas / yr
#   datatype: float64
#   format: '{:9.3f}'
#   description: '? Proper motion in right ascension direction, pmRA*cosDE (pmra)'
#   meta: !!omap
#   - {ucd: POS_EQ_PMRA}
#   - {width: 9}
#   - {precision: '3'}
#   - values: {'null': .nan}
# - name: pmDE
#   unit: mas / yr
#   datatype: float64
#   format: '{:9.3f}'
#   description: '? Proper motion in declination direction (pmdec)'
#   meta: !!omap
#   - {ucd: POS_EQ_PMDEC}
#   - {width: 9}
#   - {precision: '3'}
#   - values: {'null': .nan}
# - name: e_pmRA
#   unit: mas / yr
#   datatype: float32
#   format: '{:6.3f}'
#   description: '? Standard error of proper motion in right ascension direction (pmra_error)'
#   meta: !!omap
#   - {ucd: ERROR}
#   - {width: 6}
#   - {precision: '3'}
#   - values: {'null': .nan}
# - name: e_pmDE
[...]
#         unit: &id001 !astropy.units.Unit {unit: deg}
#         value: !astropy.table.SerializedColumn {name: SkyCoord.dec}
#       distance: !astropy.table.SerializedColumn
#         __class__: astropy.coordinates.distances.Distance
#         unit: !astropy.units.Unit {unit: pc}
#         value: !astropy.table.SerializedColumn {name: SkyCoord.distance}
#       frame: icrs
#       obstime: !astropy.time.Time {format: jyear_str, in_subfmt: '*', jd1: 367701545.0, jd2: 0.0, out_subfmt: '*', precision: 3, scale: tt}
#       pm_dec: !astropy.table.SerializedColumn
#         __class__: astropy.units.quantity.Quantity
#         unit: !astropy.units.Unit {unit: mas / yr}
#         value: !astropy.table.SerializedColumn {name: SkyCoord.pm_dec}
#       pm_ra_cosdec: !astropy.table.SerializedColumn
#         __class__: astropy.units.quantity.Quantity
#         unit: !astropy.units.Unit {unit: mas / yr}
#         value: !astropy.table.SerializedColumn {name: SkyCoord.pm_ra_cosdec}
#       ra: !astropy.table.SerializedColumn
#         __class__: astropy.coordinates.angles.Longitude
#         unit: *id001
#         value: !astropy.table.SerializedColumn {name: SkyCoord.ra}
#         wrap_angle: !astropy.coordinates.Angle
#           unit: *id001
#           value: 360.0
#       representation_type: spherical
# schema: astropy-2.0
RA_ICRS_1 DE_ICRS_1 e_RA_ICRS e_DE_ICRS _r_1 HIP TYC2 Source rgeo Plx e_Plx pmRA pmDE e_pmRA e_pmDE RUWE Teff logg Gmag BP-RP BPmag RPmag RV e_RV b_rgeo B_rgeo FG e_FG FBP e_FBP FRP e_FRP RAVE5 RAVE6 e_Gmag e_BPmag e_RPmag e_BP-RP SkyCoord.ra SkyCoord.dec SkyCoord.distance SkyCoord.pm_ra_cosdec SkyCoord.pm_dec
[from data line 1706]
25.0250670434 61.88546220175 0.0338 0.0362 25.3015 "" "" 511497486470240512 3000.15283 0.3151 0.0524 -1.286 -0.435 0.043 0.046 1.022 8510.6 4.4018 16.764877 1.414156 17.403137 15.988981 "" "" 2615.32739 3628.79077 3706.77154 1.7032 1493.4 8.0279 3188.3 7.3515 "" "" 0.00280011935295419 0.0064691114 0.0045333267 0.011002438 25.0250670434 61.88546220175 3000.15283 -1.2860000000000003 -0.43500000000000005
24.96000907165 61.21537107815 0.0367 0.0435 19.8415 "" "" 509941986758678016 2313.47119 0.4385 0.0627 4.036 -4.236 0.047 0.05 1.254 6886.1 4.0701 16.764944 1.483405 17.429344 15.945939 "" "" 1990.77673 2824.4458 3706.54572 2.0743 1457.7 4.8115 3317.3 6.6648 "" "" 0.002821521234746879 0.0045418334 0.0043637194 0.008905552 24.96000907165 61.21537107815 2313.47119 4.0360000000000005 -4.236000000000001
25.93094396938 61.46214653275 0.0285 0.0356 17.0058 "" "" 511259682723913216 2868.49243 0.3215 0.0504 -1.084 -0.579 0.038 0.042 1.011 9263.3 4.3792 16.764952 1.433229 17.411898 15.978668 "" "" 2544.3103 3389.72632 3706.5186 1.5049 1481.4 4.8782 3218.8 6.4514 "" "" 0.002790361209869445 0.00453517 0.0043611075 0.008896277 25.93094396938 61.46214653275 2868.49243 -1.084 -0.5789999999999997
26.27692848293 61.55692782341 0.0291 0.035 27.0767 "" "" 511284593534951040 2331.02148 0.4121 0.0519 -0.364 -0.726 0.038 0.039 0.994 9084.3 4.2982 16.76501 1.520406 17.470486 15.95008 "" "" 2114.47583 2654.39429 3706.31732 1.5299 1403.5 5.2799 3304.7 5.4974 "" "" 0.0027915314014077637 0.0049465224 0.0041887756 0.009135298 26.27692848293 61.55692782341 2331.02148 -0.36400000000000005 -0.726
26.24958506766 61.52637600291 0.0291 0.0346 26.1041 "" "" 511284456096017024 2659.03027 0.3652 0.0526 -1.056 -1.612 0.037 0.039 1.011 7842.6 4.2004 16.7672 1.836739 17.658094 15.821356 "" "" 2263.34985 3096.60669 3698.84855 1.4523 1180.8 6.2899 3720.6 7.3187 "" "" 0.002788103303888426 0.0064213756 0.0043410882 0.010762464 26.24958506766 61.52637600291 2659.03027 -1.056 -1.6120000000000003
26.30820985743 61.38146099096 0.0309 0.0374 28.5311 "" "" 511269440890402688 2757.3042 0.3432 0.0551 -3.342 -3.178 0.041 0.045 1.008 7465.6 4.3355 16.767862 1.714225 17.582273 15.868049 "" "" 2399.79858 3167.79028 3696.59311 1.5092 1266.2 7.597 3564.0 6.4886 "" "" 0.002790748768350687 0.0070866384 0.0042650923 0.011351731 26.30820985743 61.38146099096 2757.3042 -3.3419999999999996 -3.1779999999999995
24.64061442305 61.81361895168 0.0309 0.0362 27.7814 "" "" 511519579783064192 3074.33423 0.31 0.0511 -1.278 -0.289 0.041 0.049 0.999 7741.1 4.4032 16.768202 1.396019 17.396172 16.000153 "" "" 2637.12988 3690.70288 3695.43996 1.7312 1503.0 7.2483 3155.7 7.6794 "" "" 0.0028018740061382633 0.005933041 0.004611359 0.010544401 24.64061442305 61.81361895168 3074.33423 -1.278 -0.289
25.93779160753 61.80006030852 0.0418 0.0453 25.161 "" "" 511296890017030528 2835.47461 0.3502 0.0695 -1.181 -0.15 0.052 0.053 1.416 7377.6 4.343 16.768255 1.729717 17.56328 15.833563 "" "" 2375.67017 3372.60474 3695.25607 2.9746 1288.6 7.0839 3679.0 7.5889 "" "" 0.002890614915863167 0.006588645 0.004393131 0.010981776 25.93779160753 61.80006030852 2835.47461 -1.181 -0.15000000000000008
25.41228839417 61.58041086282 0.0302 0.0393 5.7326 "" "" 511455425851359872 2674.76782 0.3552 0.0518 -1.248 -0.359 0.041 0.046 1.111 10116.2 4.3673 16.768618 1.548266 17.359594 15.811328 "" "" 2401.91919 3078.89282 3694.02188 1.8533 1554.5 8.7731 3755.1 42.458 "" "" 0.0028086483456678524 0.006732895 0.012844753 0.019577648 25.41228839417 61.58041086282 2674.76782 -1.248 -0.35900000000000004
25.72222749994 61.04615726176 0.0274 0.0337 28.883 "" "" 511246866541341056 2884.66333 0.3368 0.0516 -1.402 -0.438 0.035 0.039 1.0 7243.9 4.3455 16.76931 1.191259 17.285204 16.093945 "" "" 2547.26392 3450.89038 3691.66719 1.3612 1664.7 6.2441 2894.5 6.8725 "" "" 0.002784251717160231 0.0049366066 0.0045748525 0.00951146 25.72222749994 61.04615726176 2884.66333 -1.4019999999999997 -0.43799999999999994
26.08591718371 61.19716470949 0.0279 0.0345 27.7707 "" "" 511243396207582592 3087.52417 0.3143 0.0537 -0.229 0.544 0.039 0.041 1.036 9324.0 3.523 16.769438 1.590418 17.502777 15.912359 "" "" 2635.92114 3617.02344 3691.23731 1.515 1362.4 6.0199 3421.5 6.6821 "" "" 0.002791122867909494 0.0055498118 0.004333576 0.009883388 26.08591718371 61.19716470949 3087.52417 -0.22900000000000004 0.544
25.56990104715 61.37323940383 0.0282 0.0329 9.6648 "" "" 511261160192659712 2489.36011 0.3742 0.0486 -1.014 1.029 0.037 0.039 0.995 7417.4 4.3765 16.769516 1.410884 17.404367 15.993484 "" "" 2267.59497 2774.98242 3690.96545 1.4877 1491.7 7.2087 3175.2 7.5616 "" "" 0.0027898571436912284 0.005942611 0.0045792167 0.010521827 25.56990104715 61.37323940383 2489.36011 -1.014 1.0290000000000001
25.78981149696 61.22806792742 0.0272 0.0325 20.4012 "" "" 511250474313655296 3123.86206 0.3124 0.0502 -0.083 0.962 0.038 0.04 0.955 7204.6 4.3048 16.771755 1.229971 17.299643 16.069672 "" "" 2659.88574 3777.71631 3683.36251 1.4445 1642.7 6.0037 2960.0 7.9456 "" "" 0.002788025845486873 0.0048508802 0.0047726147 0.009623495 25.78981149696 61.22806792742 3123.86206 -0.08299999999999996 0.9620000000000002
25.39420023104 61.73004643405 0.1389 0.1573 14.4124 "" "" 511480753277709824 3219.16846 0.3738 0.22 -1.268 -0.547 0.177 0.184 4.284 6456.6 4.654 16.77249 1.575132 17.414759 15.839626 "" "" 2193.38477 5798.77588 3680.87155 7.9099 1477.5 6.4439 3658.5 7.8638 "" "" 0.0036104608340843565 0.005496173 0.004441858 0.009938031 25.39420023104 61.73004643405 3219.16846 -1.2680000000000002 -0.5470000000000002
24.81119302133 61.14297867303 0.0321 0.0417 25.8627 "" "" 509935664557446144 2321.27148 0.4263 0.06 -3.378 -0.831 0.044 0.052 1.017 "" "" 16.772818 "" "" "" "" "" 2018.55762 2603.97461 3679.7638 2.1918 "" "" "" "" "" "" 0.002830196989493193 "" "" "" 24.81119302133 61.14297867303 2321.27148 -3.3780000000000006 -0.8310000000000002
25.7250497057 61.1347862969 0.0293 0.034 24.0824 "" "" 511248378369732736 2278.71924 0.4177 0.0519 0.459 -0.111 0.039 0.039 1.006 7197.1 4.3016 16.772999 1.416354 17.408407 15.992053 "" "" 2010.62451 2532.20483 3679.14611 1.492 1486.1 5.7971 3179.3 6.1894 "" "" 0.0027902779747260987 0.00507179 0.0043302905 0.00940208 25.7250497057 61.1347862969 2278.71924 0.4590000000000001 -0.11100000000000004
24.93588534417 61.37088712052 0.0292 0.0359 13.6713 "" "" 509956383488867200 2931.67896 0.3066 0.0506 -0.146 0.531 0.037 0.044 0.997 6681.3 3.7812 16.773125 2.670168 18.26467 15.594501 "" "" 2593.21436 3497.80664 3678.72025 1.6597 675.38 4.7 4585.2 7.8373 "" "" 0.0027985238666110115 0.008054405 0.0042104325 0.012264838 24.93588534417 61.37088712052 2931.67896 -0.14600000000000002 0.531
26.07744540153 61.85607819858 0.0301 0.0323 30.3221 "" "" 511298440509368448 2491.10303 0.3889 0.0495 -1.221 -0.222 0.036 0.036 0.961 8601.1 4.2586 16.774351 1.364342 17.385761 16.02142 "" "" 2170.73047 2816.92871 3674.56918 1.5514 1517.4 6.8691 3094.5 8.0665 "" "" 0.00279319120442538 0.005651755 0.0047216336 0.010373388 26.07744540153 61.85607819858 2491.10303 -1.2209999999999999 -0.22200000000000003
24.35382204777 61.44855677033 0.0283 0.0336 28.3912 "" "" 510006720508471936 2684.71118 0.3611 0.0469 -1.18 -0.391 0.035 0.043 1.011 8569.7 4.4874 16.775347 1.287994 17.344328 16.056334 "" "" 2363.0896 3015.47217 3671.19823 2.3224 1576.5 6.0816 2996.6 7.8108 "" "" 0.002839636255870754 0.0050326674 0.0047215247 0.009754192 24.35382204777 61.44855677033 2684.71118 -1.1800000000000002 -0.3909999999999998
25.51848520477 61.08476084262 0.03 0.034 24.92 "" "" 509749640944573824 2840.23389 0.337 0.0526 -0.987 0.966 0.038 0.039 0.977 7647.9 4.439 16.776018 1.25234 17.323267 16.070927 "" "" 2457.54834 3271.0752 3668.93368 1.5306 1607.3 5.6355 2956.6 7.9608 "" "" 0.0027923017743806855 0.004719826 0.004778075 0.009497901 25.51848520477 61.08476084262 2840.23389 -0.9869999999999999 0.966
24.90195848264 61.60931327534 0.0288 0.0351 14.4 "" "" 511461821060992768 2469.25317 0.3722 0.0482 -0.983 -0.557 0.039 0.046 1.003 8494.4 4.4244 16.776136 1.693302 17.581034 15.887732 "" "" 2217.07959 2790.91553 3668.53241 1.6144 1267.7 5.6865 3500.0 6.7943 "" "" 0.002796440424108043 0.0056128926 0.0043273508 0.009940243 24.90195848264 61.60931327534 2469.25317 -0.9829999999999999 -0.5569999999999999
24.62626472115 61.67347482241 0.0297 0.0353 23.1417 "" "" 511512604756247168 2317.67505 0.4113 0.0504 -0.571 1.342 0.04 0.049 1.008 7912.6 4.4159 16.776426 1.636861 17.55008 15.913218 "" "" 2040.34082 2639.052 3667.552 1.5461 1304.3 6.2999 3418.8 6.7109 "" "" 0.002793077733237706 0.005940272 0.004338881 0.010279153 24.62626472115 61.67347482241 2317.67505 -0.571 1.342
26.35776833409 61.53862458954 0.0571 0.0653 29.2479 "" "" 511272601986272128 2510.98682 0.386 0.0972 -2.495 0.231 0.071 0.073 1.859 6013.8 4.4552 16.776983 1.824822 17.535074 15.710252 "" "" 2038.88184 3245.12769 3665.67027 2.0985 1322.5 5.746 4121.5 8.2064 "" "" 0.0028245567062669444 0.0054806974 0.0043539912 0.009834688 26.35776833409 61.53862458954 2510.98682 -2.495 0.23099999999999998
24.83636521352 61.49074819882 0.0325 0.039 14.4378 "" "" 511459175361244544 3096.38257 0.3201 0.0566 -2.749 1.46 0.041 0.049 1.088 7477.5 4.3068 16.777287 1.74783 17.612509 15.864678 "" "" 2650.05835 3736.07129 3664.64853 1.7447 1231.4 5.6281 3575.1 5.7545 "" "" 0.0028033877035060903 0.0056929705 0.0041638752 0.009856846 24.83636521352 61.49074819882 3096.38257 -2.749 1.46
25.35745179733 61.42022937697 0.0291 0.0328 4.2858 "" "" 511444190213884288 2912.96362 0.3251 0.0478 -1.214 -0.252 0.039 0.039 1.001 8593.2 4.486 16.777687 1.408056 17.41182 16.003763 "" "" 2558.24194 3335.76172 3663.29693 2.1197 1481.5 6.7097 3145.2 7.1751 "" "" 0.0028260355147142844 0.0056537404 0.0045186984 0.010172439 25.35745179733 61.42022937697 2912.96362 -1.2140000000000002 -0.252
25.40305092596 61.52541462069 0.0297 0.0356 2.7236 "" "" 511450825944785664 2857.50635 0.3446 0.05 -1.714 -2.48 0.04 0.042 1.08 8208.3 4.4269 16.778044 1.586391 17.506086 15.919695 "" "" 2529.80469 3282.16235 3662.09023 1.6142 1358.3 6.2377 3398.4 7.6599 "" "" 0.00279657400628364 0.0057136095 0.0045025116 0.010216121 25.40305092596 61.52541462069 2857.50635 -1.714 -2.48
25.45927918819 61.32933397825 0.0304 0.0345 10.2932 "" "" 511442442168755840 2415.86621 0.4051 0.0544 -2.421 -0.122 0.04 0.041 1.039 5365.7 4.3272 16.778545 1.568396 17.387983 15.819588 "" "" 2076.92334 2728.03101 3660.39797 1.8697 1514.3 21.814 3726.7 35.129 "" "" 0.002810578883281602 0.01588732 0.010910007 0.026797328 25.45927918819 61.32933397825 2415.86621 -2.4210000000000003 -0.12200000000000005
25.97357896377 61.38879437099 0.0281 0.0337 19.1704 "" "" 511259167327300864 2397.56665 0.3947 0.0506 -1.185 -0.485 0.038 0.041 0.997 7278.0 4.2025 16.778553 1.516718 17.471651 15.954933 "" "" 2154.44751 2703.03223 3660.37788 1.4803 1402.0 7.7781 3289.9 6.8872 "" "" 0.0027900868439230267 0.006638354 0.0044102035 0.011048557 25.97357896377 61.38879437099 2397.56665 -1.1849999999999998 -0.48499999999999976
25.48859348674 61.1857393765 0.0282 0.0324 18.8165 "" "" 511252226660374656 2539.37305 0.3794 0.0498 -3.096 -0.588 0.038 0.037 1.005 7442.6 4.3734 16.778862 1.270231 17.336163 16.065931 "" "" 2210.5459 2939.12207 3659.33363 1.5284 1588.4 5.4132 2970.2 6.8647 "" "" 0.0027923886948994386 0.004634232 0.0045365775 0.00917081 25.48859348674 61.1857393765 2539.37305 -3.095999999999999 -0.5880000000000001
24.68995756829 61.23628232621 0.0303 0.0362 24.1634 "" "" 509948721267368576 3164.82959 0.3117 0.0537 0.497 -0.617 0.038 0.043 1.038 7193.0 4.345 16.779501 1.250546 17.320452 16.069906 "" "" 2719.67236 3679.73291 3657.17772 1.4995 1611.5 6.2977 2959.3 6.0336 "" "" 0.0027910508172074044 0.0050782217 0.0043799584 0.0094581805 24.68995756829 61.23628232621 3164.82959 0.49699999999999983 -0.6169999999999999
25.87644130738 61.63849057597 0.0302 0.0344 17.6786 "" "" 511289472617757952 2705.74365 0.3479 0.0493 -1.163 -0.289 0.038 0.04 0.999 9243.6 4.2974 16.779682 1.459113 17.44314 15.984027 "" "" 2409.11792 3125.50586 3656.56989 1.5283 1439.3 6.8828 3202.9 6.2885 "" "" 0.0027924395569803168 0.0058942633 0.0043391143 0.010233378 25.87644130738 61.63849057597 2705.74365 -1.163 -0.2889999999999999
25.55648115911 61.7096454239 0.0317 0.0373 14.4834 "" "" 511477214218296832 2629.48193 0.3666 0.0502 -1.88 -0.353 0.04 0.046 0.913 7201.7 4.285 16.77977 1.450672 17.431946 15.981274 "" "" 2356.1936 2960.41431 3656.2765 1.5517 1454.2 9.0239 3211.1 8.3498 "" "" 0.002793583186312706 0.007292329 0.004717453 0.012009782 25.55648115911 61.7096454239 2629.48193 -1.88 -0.35300000000000015
25.36772074184 61.75101626438 0.0323 0.0371 15.6083 "" "" 511480821997181056 2816.53052 0.3367 0.0519 -2.245 -3.768 0.04 0.045 0.981 7169.0 4.3413 16.780708 1.578178 17.514248 15.93607 "" "" 2472.64551 3393.76465 3653.11842 1.6072 1348.1 7.2647 3347.6 8.7718 "" "" 0.0027964192623068204 0.006482101 0.0047305017 0.011212602 25.36772074184 61.75101626438 2816.53052 -2.245 -3.7680000000000007
24.4945062255 61.71379945219 0.0322 0.0375 27.5891 "" "" 511512226799109248 2882.26172 0.33 0.0525 -2.84 -0.375 0.043 0.049 1.067 6347.2 4.0092 16.782799 2.09125 17.854353 15.763103 "" "" 2502.16309 3326.90674 3646.09192 1.7602 985.54 5.6726 3925.7 6.6266 "" "" 0.002804732887022892 0.0068438984 0.004200312 0.01104421 24.4945062255 61.71379945219 2882.26172 -2.84 -0.3750000000000003
25.04308454088 61.33108306446 0.0302 0.035 12.8538 "" "" 509944323220729984 2418.81177 0.4011 0.0499 1.87 -3.148 0.038 0.041 1.007 7433.6 4.3575 16.783297 1.632477 17.555252 15.922775 "" "" 2154.15332 2663.97412 3644.41565 1.5822 1298.1 5.8464 3388.8 6.2909 "" "" 0.00279534878448882 0.005629981 0.0042832373 0.009913218 25.04308454088 61.33108306446 2418.81177 1.8699999999999997 -3.1479999999999997
25.23161815344 61.67033265606 0.0297 0.0357 11.1888 "" "" 511456907618344832 2526.54297 0.3918 0.0505 -0.231 -0.831 0.039 0.043 1.014 8211.5 4.2604 16.784296 1.422937 17.425234 16.002296 "" "" 2207.48413 2995.23389 3641.06406 2.1349 1463.3 6.4834 3149.5 7.4286 "" "" 0.002827907686656636 0.005561145 0.004565287 0.010126432 25.23161815344 61.67033265606 2526.54297 -0.23100000000000004 -0.8309999999999998
25.57915554547 61.69242419002 0.0317 0.0396 13.8625 "" "" 511476763246503936 2744.06689 0.3401 0.0513 -3.047 -1.498 0.041 0.046 1.022 6629.3 4.1962 16.784428 1.869738 17.70827 15.838532 "" "" 2380.63574 3192.72485 3640.6217 1.5589 1127.5 6.2822 3662.2 5.4054 "" "" 0.002794267138898553 0.0066619446 0.0041051037 0.010767048 25.57915554547 61.69242419002 2744.06689 -3.0470000000000006 -1.4979999999999996
25.17149978875 61.04402997774 0.0307 0.0329 27.2695 "" "" 509936214322908544 2479.64038 0.402 0.0519 -3.266 3.507 0.037 0.037 1.019 6350.0 4.4892 16.785215 1.269657 17.337801 16.068144 "" "" 2204.16504 2757.41602 3637.9806 1.5081 1586.0 6.0231 2964.2 6.9133 "" "" 0.0027918390841292014 0.0049785897 0.0045492733 0.009527863 25.17149978875 61.04402997774 2479.64038 -3.265999999999999 3.5069999999999992
25.71679974074 61.83994999364 0.0318 0.0347 23.509 "" "" 511485391842503296 2627.06152 0.3446 0.053 -2.879 0.448 0.037 0.039 0.985 8147.2 4.2926 16.785383 1.568255 17.512423 15.944168 "" "" 2295.3064 3023.72046 3637.42111 1.4586 1350.4 5.9068 3322.7 6.6996 "" "" 0.002789506013329509 0.0055081113 0.0043676365 0.009875748 25.71679974074 61.83994999364 2627.06152 -2.8790000000000004 0.44800000000000045
