Clusters/LP_1329/LP_1329_members.tsv
# %ECSV 1.0
# ---
# datatype:
# - name: RA_ICRS_1
#   unit: deg
#   datatype: float64
#   format: '{:15.11f}'
#   description: Right ascension (ICRS) at Ep=2016.0 (ra)
#   meta: !!omap
#   - {ucd: POS_EQ_RA_MAIN}
#   - {width: 15}
#   - {precision: '11'}
# - name: DE_ICRS_1
#   unit: deg
#   datatype: float64
#   format: '{:15.11f}'
#   description: Declination (ICRS) at Ep=2016.0 (dec)
#   meta: !!omap
#   - {ucd: POS_EQ_DEC_MAIN}
#   - {width: 15}
#   - {precision: '11'}
# - name: e_RA_ICRS
#   unit: mas
#   datatype: float64
#   format: '{:7.4f}'
#   description: Standard error of right ascension (ra_error)
#   meta: !!omap
#   - {ucd: ERROR}
#   - {width: 7}
#   - {precision: '4'}
# - name: e_DE_ICRS
#   unit: mas
#   datatype: float64
#   format: '{:7.4f}'
#   description: Standard error of declination (dec_error)
#   meta: !!omap
#   - {ucd: ERROR}
#   - {width: 7}
#   - {precision: '4'}
# - name: _r_1
#   unit: ''
#   datatype: float64
#   format: '{:7.4f}'
#   description: Distance from center (025.34051755000+61.49119992000)[ICRS], at Epoch=J2016.0
#   meta: !!omap
#   - {ucd: POS_ANG_DIST_GENERAL}
#   - {width: 7}
#   - {precision: '4'}
# - name: HIP
#   datatype: int32
#   description: '? HIP cross-id number, van Leeuwen, Cat. I/311 (hip_original_ext_source_id)'
#   meta: !!omap
#   - {ucd: ID_NUMBER}
#   - {width: 6}
#   - values: {'null': -2147483648}
# - name: TYC2
#   datatype: string
#   description: Tycho-2 cross-id name, Hog et al., Cat. I/259 (tyc2_original_ext_source_id)
#   meta: !!omap
#   - {ucd: ID_CROSSID}
#   - {_votable_string_dtype: char}
# - name: Source
#   datatype: int64
#   description: Source identifier, identical to the Gaia-EDR3 source_id (id)
#   meta: !!omap
#   - {ucd: ID_MAIN}
#   - {width: 19}
# - name: rgeo
#   unit: pc
#   datatype: float64
#   format: '{:15.8f}'
#   description: '? Median of the geometric distance posterior (r_med_geo)'
#   meta: !!omap
#   - {ucd: PHYS_DISTANCE_TRUE}
#   - {width: 15}
#   - {precision: '8'}
#   - values: {'null': .nan}
# - name: Plx
#   unit: mas
#   datatype: float64
#   format: '{:9.4f}'
#   description: '? Parallax (parallax)'
#   meta: !!omap
#   - {ucd: POS_PARLX_TRIG}
#   - {width: 9}
#   - {precision: '4'}
#   - values: {'null': .nan}
# - name: e_Plx
#   unit: mas
#   datatype: float32
#   format: '{:7.4f}'
#   description: '? Standard error of parallax (parallax_error)'
#   meta: !!omap
#   - {ucd: ERROR}
#   - {width: 7}
#   - {precision: '4'}
#   - values: {'null': .nan}
# - name: pmRA
#   unit: mas / yr
#   datatype: float64
#   format: '{:9.3f}'
#   description: '? Proper motion in right ascension direction, pmRA*cosDE (pmra)'
#   meta: !!omap
#   - {ucd: POS_EQ_PMRA}
#   - {width: 9}
#   - {precision: '3'}
#   - values: {'null': .nan}
# - name: pmDE
#   unit: mas / yr
#   datatype: float64
#   format: '{:9.3f}'
#   description: '? Proper motion in declination direction (pmdec)'
#   meta: !!omap
#   - {ucd: POS_EQ_PMDEC}
#   - {width: 9}
#   - {precision: '3'}
#   - values: {'null': .nan}
# - name: e_pmRA
#   unit: mas / yr
#   datatype: float32
#   format: '{:6.3f}'
#   description: '? Standard error of proper motion in right ascension direction (pmra_error)'
#   meta: !!omap
#   - {ucd: ERROR}
#   - {width: 6}
#   - {precision: '3'}
#   - values: {'null': .nan}
# - name: e_pmDE
[...]
#       distance: !astropy.table.SerializedColumn
#         __class__: astropy.coordinates.distances.Distance
#         unit: !astropy.units.Unit {unit: pc}
#         value: !astropy.table.SerializedColumn {name: SkyCoord.distance}
#       frame: icrs
#       obstime: !astropy.time.Time {format: jyear_str, in_subfmt: '*', jd1: 367701545.0, jd2: 0.0, out_subfmt: '*', precision: 3, scale: tt}
#       pm_dec: !astropy.table.SerializedColumn
#         __class__: astropy.units.quantity.Quantity
#         unit: !astropy.units.Unit {unit: mas / yr}
#         value: !astropy.table.SerializedColumn {name: SkyCoord.pm_dec}
#       pm_ra_cosdec: !astropy.table.SerializedColumn
#         __class__: astropy.units.quantity.Quantity
#         unit: !astropy.units.Unit {unit: mas / yr}
#         value: !astropy.table.SerializedColumn {name: SkyCoord.pm_ra_cosdec}
#       ra: !astropy.table.SerializedColumn
#         __class__: astropy.coordinates.angles.Longitude
#         unit: *id001
#         value: !astropy.table.SerializedColumn {name: SkyCoord.ra}
#         wrap_angle: !astropy.coordinates.Angle
#           unit: *id001
#           value: 360.0
#       representation_type: spherical
# schema: astropy-2.0
RA_ICRS_1 DE_ICRS_1 e_RA_ICRS e_DE_ICRS _r_1 HIP TYC2 Source rgeo Plx e_Plx pmRA pmDE e_pmRA e_pmDE RUWE Teff logg Gmag BP-RP BPmag RPmag RV e_RV b_rgeo B_rgeo FG e_FG FBP e_FBP FRP e_FRP RAVE5 RAVE6 e_Gmag e_BPmag e_RPmag e_BP-RP SkyCoord.ra SkyCoord.dec SkyCoord.distance SkyCoord.pm_ra_cosdec SkyCoord.pm_dec rmRA rmDE e_rmRA e_rmDE rRV e_rRV v_pec v_pec3d e_vpec e_vpec3d Pmemb
[from data line 93]
25.65052447626 61.8362121422 0.0147 0.0161 22.5047 "" "" 511482505624484224 2942.33716 0.3205 0.0239 -1.317 -0.357 0.018 0.02 0.974 "" "" 15.155096 1.033089 15.577875 14.544786 "" "" 2726.04321 3206.90991 16327.06559 3.6389 8021.7 11.078 12057.0 10.584 "" "" 0.002765925805524269 0.003167533 0.0038977058 0.007065239 25.65052447626 61.8362121422 2942.33716 -1.3169999999999997 -0.3570000000000004 -0.047637788772582956 -0.0033228464126586754 0.17837551 0.18037552 "" "" 0.666003200493571 "" 0.11880514746207929 "" 0.89
25.65751938274 61.31789054631 0.0129 0.0147 13.8203 "" "" 511254185165305344 2871.74951 0.3181 0.0229 -1.215 -0.398 0.018 0.018 0.999 9631.0 3.8176 15.170659 0.83617 15.498331 14.662161 "" "" 2683.29175 3039.2146 16094.7141 3.1461 8631.5 10.693 10822.0 7.3975 "" "" 0.0027634819319402467 0.0030974506 0.0038515632 0.006949014 25.65751938274 61.31789054631 2871.74951 -1.215 -0.39799999999999985 0.05436221122741691 -0.04432284641265871 0.17837551 0.17837551 "" "" 0.9547662623864603 "" 0.17030692123868452 "" 0.88
25.18807296125 61.33721720127 0.0143 0.016 10.2231 "" "" 511444606832272128 2700.19385 0.3418 0.0232 -1.131 -0.382 0.019 0.019 1.019 9611.5 4.275 15.197824 1.102753 15.658462 14.555709 "" "" 2544.85278 2856.73682 15697.00402 3.1253 7447.9 9.3379 11936.0 8.0649 "" "" 0.002763787201432904 0.0031045233 0.0038499231 0.0069544464 25.18807296125 61.33721720127 2700.19385 -1.1309999999999998 -0.38200000000000006 0.138362211227417 -0.028322846412658698 0.17937551 0.17937551 "" "" 1.807608175329521 "" 0.3242406462618395 "" 0.82
25.41290422411 61.25638209837 0.0136 0.0155 14.2419 "" "" 511440586742913664 2794.07617 0.3305 0.0228 -0.942 -0.499 0.017 0.018 0.996 9455.5 3.9205 15.20283 0.8711 15.547932 14.676831 "" "" 2648.82178 2936.96753 15624.80273 3.178 8246.0 8.9141 10676.0 11.138 "" "" 0.0027641556659935397 0.0030269832 0.0039454764 0.0069724596 25.41290422411 61.25638209837 2794.07617 -0.942 -0.4990000000000003 0.32736221122741704 -0.1453228464126587 0.17737553 0.17837551 "" "" 4.7435566780326655 "" 0.8421735869233282 "" 0.83
24.62151589524 61.30388005035 0.0139 0.0169 23.5124 "" "" 509954974739656320 2784.15137 0.3338 0.025 -1.532 -0.515 0.017 0.021 1.027 9473.8 3.9849 15.208092 0.734308 15.492222 14.757914 "" "" 2610.13892 2908.49829 15549.27614 3.3863 8680.2 7.4278 9908.2 8.1996 "" "" 0.002765447173260513 0.0029407898 0.0038847195 0.0068255095 24.62151589524 61.30388005035 2784.15137 -1.532 -0.5149999999999999 -0.26263778877258304 -0.1613228464126587 0.17737553 0.18137552 "" "" 4.067629363833232 "" 0.7259912550574915 "" 0.82
25.04610723996 61.68723391842 0.0139 0.0165 14.4562 "" "" 511468177612518784 2888.12769 0.3173 0.0231 -1.257 -0.24 0.018 0.021 0.97 11542.4 3.8083 15.21029 1.300311 15.775173 14.474862 "" "" 2749.17627 3080.04419 15517.82628 7.1491 6688.8 12.538 12859.0 18.624 "" "" 0.0028003554612365854 0.0034535541 0.0040934673 0.0075470214 25.04610723996 61.68723391842 2888.12769 -1.257 -0.23999999999999974 0.012362211227417097 0.11367715358734132 0.17837551 0.18137552 "" "" 1.5653839879340234 "" 0.2838678923788711 "" 0.87
25.30433676339 61.74109857173 0.0146 0.0176 15.0294 "" "" 511457594813057664 2892.82983 0.3111 0.0244 -1.272 -0.457 0.018 0.022 0.972 9249.1 3.5473 15.224585 0.915774 15.591139 14.675365 "" "" 2723.31519 3131.54712 15314.85419 3.1315 7924.3 9.1073 10691.0 8.3657 "" "" 0.0027642496035254977 0.0030564866 0.0038736968 0.0069301836 25.30433676339 61.74109857173 2892.82983 -1.272 -0.45700000000000046 -0.0026377887725830274 -0.10332284641265871 0.17837551 0.18237552 "" "" 1.4172258734470073 "" 0.2584636543942903 "" 0.88
25.39573672507 61.75157426394 0.0164 0.02 15.7016 "" "" 511480925076395904 2616.79736 0.3489 0.0282 -1.187 -0.375 0.02 0.024 1.093 9561.0 3.4742 15.226907 1.051244 15.654883 14.60364 "" "" 2411.70752 2829.61328 15282.13756 3.5807 7472.5 9.4121 11421.0 9.1238 "" "" 0.0027670392272212186 0.0031072907 0.0038776319 0.0069849226 25.39573672507 61.75157426394 2616.79736 -1.1869999999999996 -0.3750000000000001 0.08236221122741694 -0.02132284641265869 0.18037552 0.18437552 "" "" 1.0552701477404958 "" 0.19061279488039698 "" 0.82
25.25759523095 61.1497049018 0.0133 0.0155 20.6284 "" "" 509938512118959744 2684.61792 0.3426 0.0239 -1.302 -0.129 0.017 0.018 0.998 10030.1 4.0272 15.238297 0.725807 15.505667 14.77986 "" "" 2512.92188 2862.86475 15122.6544 2.9758 8573.3 12.253 9709.9 13.607 "" "" 0.002763590982951465 0.0031926387 0.004074149 0.007266788 25.25759523095 61.1497049018 2684.61792 -1.3019999999999996 -0.12900000000000036 -0.032637788772583054 0.2246771535873413 0.17737553 0.17837551 "" "" 2.889044978030374 "" 0.515275338134327 "" 0.8
25.31851916826 61.59285345744 0.0132 0.0163 6.1316 "" "" 511454261918561792 2840.48779 0.3241 0.0229 -1.544 -0.327 0.018 0.02 1.015 10698.5 3.7836 15.254656 1.215104 15.771406 14.556302 "" "" 2680.45728 3022.26807 14896.50292 3.0997 6712.0 10.073 11930.0 8.6273 "" "" 0.0027645669490487896 0.0032311042 0.0038600785 0.0070911827 25.31851916826 61.59285345744 2840.48779 -1.5440000000000003 -0.32700000000000046 -0.27463778877258305 0.026677153587341296 0.17837551 0.18037552 "" "" 3.715102655696655 "" 0.6627531768527329 "" 0.88
24.80433016121 61.13622575618 0.0152 0.0175 26.3076 "" "" 509935630207224320 2921.95776 0.3156 0.026 -1.09 -0.395 0.02 0.022 0.998 9662.3 4.3894 15.301328 0.870277 15.647656 14.777378 "" "" 2699.48877 3109.72437 14269.7258 3.4336 7522.4 9.5917 9732.1 8.8418 "" "" 0.0027676780196670206 0.0031147436 0.0039059871 0.0070207305 24.80433016121 61.13622575618 2921.95776 -1.0899999999999999 -0.395 0.1793622112274169 -0.04132284641265871 0.18037552 0.18237552 "" "" 2.549256853430849 "" 0.4600818553046203 "" 0.84
25.77501339959 61.15992361193 0.0138 0.0166 23.4851 "" "" 511249855838447744 2950.65063 0.3134 0.0247 -1.144 -0.496 0.018 0.02 0.983 8260.3 3.5155 15.314294 1.059391 15.753277 14.693886 "" "" 2759.44922 3230.83643 14100.33366 2.7163 6825.1 9.553 10510.0 8.2507 "" "" 0.0027632473837857245 0.0031771853 0.003874301 0.0070514865 25.77501339959 61.15992361193 2950.65063 -1.144 -0.49599999999999994 0.1253622112274171 -0.1423228464126587 0.17837551 0.18037552 "" "" 2.6526213741804883 "" 0.4761573935624301 "" 0.86
25.77299365184 61.44832134598 0.0155 0.0178 12.6578 "" "" 511262397142675712 2840.74609 0.3211 0.0269 -1.053 -0.341 0.02 0.021 1.019 9251.0 3.4228 15.359736 0.93103 15.733458 14.802427 "" "" 2622.396 3068.16968 13522.34555 2.9731 6950.8 7.0662 9510.1 7.6135 "" "" 0.002765641841929887 0.0030005565 0.003878047 0.0068786032 25.77299365184 61.44832134598 2840.74609 -1.053 -0.3409999999999999 0.21636221122741706 0.012677153587341283 0.18037552 0.18137552 "" "" 2.918343254515014 "" 0.5264076837641392 "" 0.8
24.59150106234 61.6220964048 0.0148 0.0186 22.8001 "" "" 511510955488819200 2477.00635 0.3793 0.026 -1.286 -0.553 0.019 0.024 1.033 9210.7 3.7691 15.434072 1.204075 15.948603 14.744528 "" "" 2328.73633 2641.40381 12627.50931 2.5896 5701.3 9.0483 10031.0 8.4958 "" "" 0.0027643021209085594 0.003279362 0.0038896445 0.0071690064 24.59150106234 61.6220964048 2477.00635 -1.2860000000000005 -0.5530000000000004 -0.01663778877258304 -0.19932284641265874 0.17937551 0.18437552 "" "" 2.348390253442561 "" 0.43290553283857736 "" 0.82
24.79640919496 61.55084704024 0.0145 0.0181 15.9731 "" "" 511462611335030912 2641.67017 0.3507 0.0247 -1.273 -0.401 0.02 0.024 1.01 9323.0 3.511 15.441807 1.174346 15.934769 14.760423 "" "" 2499.2041 2760.00757 12537.87249 2.8978 5774.4 8.967 9885.3 10.714 "" "" 0.002766723691805372 0.0032600209 0.003958343 0.0072183637 24.79640919496 61.55084704024 2641.67017 -1.273 -0.401 -0.0036377887725829172 -0.047322846412658714 0.18037552 0.18437552 "" "" 0.5943020061707044 "" 0.109560929675745 "" 0.87
26.02694608373 61.81339647928 0.0169 0.0189 27.4979 "" "" 511296786937824896 2948.69897 0.3117 0.0278 -1.097 -0.364 0.02 0.022 1.027 9581.6 3.4849 15.46361 1.091882 15.91645 14.824568 "" "" 2735.10767 3155.26392 12288.61396 2.6782 5872.7 9.1613 9318.2 9.7865 "" "" 0.0027654623064918885 0.00326401 0.0039476594 0.0072116693 26.02694608373 61.81339647928 2948.69897 -1.097 -0.36400000000000005 0.17236221122741702 -0.010322846412658682 0.18037552 0.18237552 "" "" 2.413394511204731 "" 0.4353346277553316 "" 0.81
25.19816574018 61.13292448002 0.0157 0.0176 21.884 "" "" 509936970237013504 2740.41479 0.3376 0.0269 -1.543 -0.362 0.021 0.02 0.989 9277.6 3.9705 15.473472 0.934293 15.847192 14.912899 "" "" 2514.77222 2941.20703 12177.49735 2.6176 6259.5 8.1822 8590.1 10.377 "" "" 0.0027651866315125165 0.0031303803 0.0040004994 0.00713088 25.19816574018 61.13292448002 2740.41479 -1.5430000000000001 -0.362 -0.27363778877258293 -0.00832284641265868 0.18137552 0.18037552 "" "" 3.5560798814594787 "" 0.6449825544524227 "" 0.87
25.30076026305 61.66748318922 0.0158 0.0185 10.6378 "" "" 511456735819654912 2791.48853 0.328 0.026 -1.369 -0.314 0.021 0.023 0.994 9598.3 3.8341 15.489187 0.938963 15.867594 14.928631 "" "" 2610.66626 3005.10132 12002.5002 3.0583 6143.0 8.9782 8466.5 7.2971 "" "" 0.0027691741231892267 0.0032098456 0.0038935072 0.007103353 25.30076026305 61.66748318922 2791.48853 -1.3690000000000007 -0.3140000000000001 -0.099637788772583 0.03967715358734131 0.18137552 0.18337552 "" "" 1.419058237553048 "" 0.25777272372939397 "" 0.9
25.48756346211 61.56607543561 0.0161 0.0192 6.1541 "" "" 511452440852448384 3060.2937 0.3063 0.0268 -1.245 -0.371 0.021 0.023 1.057 9001.8 3.6079 15.495286 1.296454 16.057192 14.760737 "" "" 2779.11597 3313.99438 11935.27224 2.5329 5158.7 7.7798 9882.4 9.7186 "" "" 0.002764937667252593 0.0032351348 0.003927314 0.007162449 25.48756346211 61.56607543561 3060.2937 -1.245 -0.37099999999999983 0.024362211227416886 -0.017322846412658688 0.18137552 0.18337552 "" "" 0.4336233172355302 "" 0.07894094888959245 "" 0.88
25.97298946916 61.85453341225 0.0184 0.0198 28.2748 "" "" 511298543588585088 2896.84839 0.3111 0.0291 -1.142 -0.374 0.022 0.023 1.062 9678.7 3.7945 15.520166 1.154962 15.995314 14.840352 "" "" 2673.46216 3150.83325 11664.88048 2.8386 5461.2 8.1875 9183.7 17.221 "" "" 0.0027679588117448988 0.0032302656 0.004292875 0.007523141 25.97298946916 61.85453341225 2896.84839 -1.142 -0.374 0.1273622112274171 -0.02032284641265869 0.18237552 0.18337552 "" "" 1.770942363798077 "" 0.3230206246087098 "" 0.85
25.55420946389 61.26888425996 0.0152 0.0178 14.6848 "" "" 511254322604734848 2661.61279 0.3418 0.0278 -1.485 -0.4 0.02 0.021 0.984 8720.8 3.5376 15.533139 0.928075 15.907128 14.979053 "" "" 2485.77856 2882.56421 11526.32694 2.4852 5923.3 6.4137 8082.3 7.0729 "" "" 0.0027652469191349785 0.0030277295 0.0038969847 0.006924714 25.55420946389 61.26888425996 2661.61279 -1.4849999999999997 -0.40000000000000024 -0.2156377887725831 -0.046322846412658714 0.18037552 0.18137552 "" "" 2.7825590077056277 "" 0.5020285851815217 "" 0.85
25.87959602182 61.86255838814 0.0183 0.0199 27.0545 "" "" 511484979525630848 2880.70142 0.3184 0.0298 -1.115 -0.422 0.022 0.024 1.052 9051.3 3.6348 15.576107 1.273269 16.122467 14.849198 "" "" 2634.33569 3090.26294 11079.0854 2.3967 4857.7 10.408 9109.2 9.8449 "" "" 0.0027653128170796243 0.0036327124 0.0039573545 0.0075900666 25.87959602182 61.86255838814 2880.70142 -1.115 -0.4220000000000001 0.154362211227417 -0.06832284641265868 0.18237552 0.18437552 "" "" 2.304975325882013 "" 0.42112970957419543 "" 0.85
25.36433862165 61.48015265428 0.0155 0.0186 0.9513 "" "" 511450310548747648 2860.90259 0.3272 0.0266 -1.495 -0.346 0.02 0.021 0.948 9258.6 3.5118 15.587917 1.144835 16.06926 14.924424 "" "" 2601.81274 3130.65723 10959.22417 2.4741 5101.7 8.4642 8499.4 8.0443 "" "" 0.0027662010985584078 0.0033211245 0.003916592 0.0072377166 25.36433862165 61.48015265428 2860.90259 -1.495 -0.3460000000000001 -0.22563778877258311 0.007677153587341334 0.18037552 0.18137552 "" "" 3.0615720359009315 "" 0.5522361869519371 "" 0.88
24.80746730938 61.12807300317 0.0179 0.0209 26.6542 "" "" 509935630207238784 2847.38525 0.327 0.0303 -1.11 -0.507 0.023 0.026 1.041 7234.9 4.0473 15.652632 1.119512 16.124811 15.0053 "" "" 2649.23193 3138.14453 10325.09648 3.8771 4847.2 9.2687 7889.3 9.8793 "" "" 0.002785319726761499 0.003477832 0.0040164967 0.0074943285 24.80746730938 61.12807300317 2847.38525 -1.1099999999999999 -0.5070000000000003 0.1593622112274169 -0.1533228464126587 0.18337552 0.18637553 "" "" 2.984679445279221 "" 0.5516394427754225 "" 0.81
25.42956239965 61.23080085978 0.0165 0.0192 15.8324 "" "" 511252535897732224 2642.66577 0.3489 0.0289 -1.568 -0.304 0.021 0.022 0.964 8029.3 3.5539 15.667341 1.1479 16.154558 15.006659 "" "" 2476.72241 2817.1377 10186.1526 2.2412 4716.2 6.5431 7879.4 7.5909 "" "" 0.002765656699793285 0.0031708092 0.0039214543 0.0070922635 25.42956239965 61.23080085978 2642.66577 -1.5680000000000003 -0.3040000000000001 -0.29863778877258307 0.049677153587341316 0.18137552 0.18237552 "" "" 3.7922100068954987 "" 0.6879164386794875 "" 0.82
24.81555996998 61.2612921615 0.0189 0.0219 20.4441 "" "" 509954115746248832 2773.7146 0.3329 0.0311 -1.436 -0.353 0.025 0.027 1.027 7603.7 4.1475 15.748019 1.229123 16.27323 15.044106 "" "" 2518.93091 3041.21069 9456.68881 2.6704 4227.9 7.3275 7612.3 7.4398 "" "" 0.0027723254416229175 0.0033654012 0.003925523 0.007290924 24.81555996998 61.2612921615 2773.7146 -1.436 -0.353 -0.16663778877258295 0.0006771535873413281 0.18537553 0.18737552 "" "" 2.190872953344036 "" 0.40613430006939777 "" 0.87
25.38707725471 61.52439962503 0.0169 0.0204 2.3967 "" "" 511450825944786816 2842.16089 0.3337 0.0289 -1.24 -0.345 0.023 0.025 1.008 8624.3 3.5958 15.757512 1.304785 16.327818 15.023033 "" "" 2583.07153 3081.33545 9374.36365 2.3144 4020.6 7.7039 7761.5 9.0381 "" "" 0.002768328356915607 0.0034803818 0.003985251 0.0074656326 25.38707725471 61.52439962503 2842.16089 -1.2400000000000002 -0.3450000000000002 0.029362211227417 0.008677153587341335 0.18337552 0.18537553 "" "" 0.4124743913617443 "" 0.07570429767753911 "" 0.87
25.48542468835 61.41674741051 0.0171 0.0191 6.1006 "" "" 511449107957949056 2723.89453 0.3379 0.0287 -1.016 -0.469 0.022 0.022 1.006 9051.7 3.5132 15.759521 1.182511 16.25935 15.076838 "" "" 2551.41211 2912.18823 9357.03231 2.3225 4282.3 8.5327 7386.2 8.1829 "" "" 0.00276846780872367 0.0035306204 0.0039661783 0.0074967984 25.48542468835 61.41674741051 2723.89453 -1.016 -0.46900000000000025 0.253362211227417 -0.11532284641265866 0.18237552 0.18237552 "" "" 3.5941518088020943 "" 0.6554853067704164 "" 0.8
25.25353221195 61.59996912301 0.0169 0.0211 6.9839 "" "" 511454983473062272 2879.96899 0.3248 0.0296 -1.541 -0.363 0.023 0.027 0.965 9640.4 3.6502 15.761327 1.252901 16.2986 15.045698 "" "" 2601.65063 3185.46143 9341.49126 2.4261 4130.3 8.2894 7601.1 8.1504 "" "" 0.0027697114594470887 0.003540237 0.003954628 0.007494865 25.25353221195 61.59996912301 2879.96899 -1.541 -0.3630000000000001 -0.27163778877258293 -0.00932284641265868 0.18337552 0.18737552 "" "" 3.7103251637114294 "" 0.6804004670361655 "" 0.86
25.17072074825 61.31453939732 0.0179 0.0199 11.6675 "" "" 511444469393329536 2491.67725 0.371 0.0287 -1.251 -0.272 0.024 0.023 0.987 9249.3 4.0993 15.76543 1.033866 16.191893 15.158027 "" "" 2316.90625 2692.21484 9306.24726 2.3133 4556.8 7.9563 6854.1 7.729 "" "" 0.002768506509893816 0.0033732513 0.003972745 0.0073459963 25.17072074825 61.31453939732 2491.67725 -1.2510000000000003 -0.27200000000000024 0.018362211227417102 0.08167715358734129 0.18437552 0.18337552 "" "" 0.9887291652284352 "" 0.1813564185827289 "" 0.83
