Clusters/LP_1329/LP_1329_stars_in_region.tsv
# %ECSV 1.0
# ---
# datatype:
# - name: RA_ICRS_1
#   unit: deg
#   datatype: float64
#   format: '{:15.11f}'
#   description: Right ascension (ICRS) at Ep=2016.0 (ra)
#   meta: !!omap
#   - {ucd: POS_EQ_RA_MAIN}
#   - {width: 15}
#   - {precision: '11'}
# - name: DE_ICRS_1
#   unit: deg
#   datatype: float64
#   format: '{:15.11f}'
#   description: Declination (ICRS) at Ep=2016.0 (dec)
#   meta: !!omap
#   - {ucd: POS_EQ_DEC_MAIN}
#   - {width: 15}
#   - {precision: '11'}
# - name: e_RA_ICRS
#   unit: mas
#   datatype: float64
#   format: '{:7.4f}'
#   description: Standard error of right ascension (ra_error)
#   meta: !!omap
#   - {ucd: ERROR}
#   - {width: 7}
#   - {precision: '4'}
# - name: e_DE_ICRS
#   unit: mas
#   datatype: float64
#   format: '{:7.4f}'
#   description: Standard error of declination (dec_error)
#   meta: !!omap
#   - {ucd: ERROR}
#   - {width: 7}
#   - {precision: '4'}
# - name: _r_1
#   unit: ''
#   datatype: float64
#   format: '{:7.4f}'
#   description: Distance from center (025.34051755000+61.49119992000)[ICRS], at Epoch=J2016.0
#   meta: !!omap
#   - {ucd: POS_ANG_DIST_GENERAL}
#   - {width: 7}
#   - {precision: '4'}
# - name: HIP
#   datatype: int32
#   description: '? HIP cross-id number, van Leeuwen, Cat. I/311 (hip_original_ext_source_id)'
#   meta: !!omap
#   - {ucd: ID_NUMBER}
#   - {width: 6}
#   - values: {'null': -2147483648}
# - name: TYC2
#   datatype: string
#   description: Tycho-2 cross-id name, Hog et al., Cat. I/259 (tyc2_original_ext_source_id)
#   meta: !!omap
#   - {ucd: ID_CROSSID}
#   - {_votable_string_dtype: char}
# - name: Source
#   datatype: int64
#   description: Source identifier, identical to the Gaia-EDR3 source_id (id)
#   meta: !!omap
#   - {ucd: ID_MAIN}
#   - {width: 19}
# - name: rgeo
#   unit: pc
#   datatype: float64
#   format: '{:15.8f}'
#   description: '? Median of the geometric distance posterior (r_med_geo)'
#   meta: !!omap
#   - {ucd: PHYS_DISTANCE_TRUE}
#   - {width: 15}
#   - {precision: '8'}
#   - values: {'null': .nan}
# - name: Plx
#   unit: mas
#   datatype: float64
#   format: '{:9.4f}'
#   description: '? Parallax (parallax)'
#   meta: !!omap
#   - {ucd: POS_PARLX_TRIG}
#   - {width: 9}
#   - {precision: '4'}
#   - values: {'null': .nan}
# - name: e_Plx
#   unit: mas
#   datatype: float32
#   format: '{:7.4f}'
#   description: '? Standard error of parallax (parallax_error)'
#   meta: !!omap
#   - {ucd: ERROR}
#   - {width: 7}
#   - {precision: '4'}
#   - values: {'null': .nan}
# - name: pmRA
#   unit: mas / yr
#   datatype: float64
#   format: '{:9.3f}'
#   description: '? Proper motion in right ascension direction, pmRA*cosDE (pmra)'
#   meta: !!omap
#   - {ucd: POS_EQ_PMRA}
#   - {width: 9}
#   - {precision: '3'}
#   - values: {'null': .nan}
# - name: pmDE
#   unit: mas / yr
#   datatype: float64
#   format: '{:9.3f}'
#   description: '? Proper motion in declination direction (pmdec)'
#   meta: !!omap
#   - {ucd: POS_EQ_PMDEC}
#   - {width: 9}
#   - {precision: '3'}
#   - values: {'null': .nan}
# - name: e_pmRA
#   unit: mas / yr
#   datatype: float32
#   format: '{:6.3f}'
#   description: '? Standard error of proper motion in right ascension direction (pmra_error)'
#   meta: !!omap
#   - {ucd: ERROR}
#   - {width: 6}
#   - {precision: '3'}
#   - values: {'null': .nan}
# - name: e_pmDE
[...]
#         unit: &id001 !astropy.units.Unit {unit: deg}
#         value: !astropy.table.SerializedColumn {name: SkyCoord.dec}
#       distance: !astropy.table.SerializedColumn
#         __class__: astropy.coordinates.distances.Distance
#         unit: !astropy.units.Unit {unit: pc}
#         value: !astropy.table.SerializedColumn {name: SkyCoord.distance}
#       frame: icrs
#       obstime: !astropy.time.Time {format: jyear_str, in_subfmt: '*', jd1: 367701545.0, jd2: 0.0, out_subfmt: '*', precision: 3, scale: tt}
#       pm_dec: !astropy.table.SerializedColumn
#         __class__: astropy.units.quantity.Quantity
#         unit: !astropy.units.Unit {unit: mas / yr}
#         value: !astropy.table.SerializedColumn {name: SkyCoord.pm_dec}
#       pm_ra_cosdec: !astropy.table.SerializedColumn
#         __class__: astropy.units.quantity.Quantity
#         unit: !astropy.units.Unit {unit: mas / yr}
#         value: !astropy.table.SerializedColumn {name: SkyCoord.pm_ra_cosdec}
#       ra: !astropy.table.SerializedColumn
#         __class__: astropy.coordinates.angles.Longitude
#         unit: *id001
#         value: !astropy.table.SerializedColumn {name: SkyCoord.ra}
#         wrap_angle: !astropy.coordinates.Angle
#           unit: *id001
#           value: 360.0
#       representation_type: spherical
# schema: astropy-2.0
RA_ICRS_1 DE_ICRS_1 e_RA_ICRS e_DE_ICRS _r_1 HIP TYC2 Source rgeo Plx e_Plx pmRA pmDE e_pmRA e_pmDE RUWE Teff logg Gmag BP-RP BPmag RPmag RV e_RV b_rgeo B_rgeo FG e_FG FBP e_FBP FRP e_FRP RAVE5 RAVE6 e_Gmag e_BPmag e_RPmag e_BP-RP SkyCoord.ra SkyCoord.dec SkyCoord.distance SkyCoord.pm_ra_cosdec SkyCoord.pm_dec
[from data line 80]
25.97311067628 61.24229921295 0.0068 0.0084 23.5337 "" "" 511255486528593408 2689.48364 0.3591 0.0126 -1.937 -1.859 0.009 0.01 0.991 "" "" 12.755167 2.264876 13.950489 11.685613 -77.05 0.33 2599.05811 2796.07007 148894.98121 23.204 35910.0 27.436 167850.0 60.489 "" "" 0.002760510629268874 0.0029108694 0.0037995817 0.006710451 25.97311067628 61.24229921295 2689.48364 -1.937 -1.8590000000000002
25.9820684897 61.8947563147 0.0088 0.01 30.3225 "" "" 511486388274878976 2810.3916 0.3409 0.0148 -0.924 -0.332 0.011 0.012 1.19 6338.0 3.0479 12.771259 0.992976 13.175551 12.182575 "" "" 2708.92236 2916.29639 146704.38798 21.171 73316.0 30.601 106200.0 28.552 "" "" 0.0027597715567054823 0.0028267317 0.0037906377 0.006617369 25.9820684897 61.8947563147 2810.3916 -0.9240000000000002 -0.3320000000000001
25.20001597034 61.20191629664 0.0168 0.0195 17.8215 "" "" 509939444138055296 2495.27002 0.375 0.029 -0.308 -0.417 0.022 0.022 2.369 13862.8 3.9027 12.788326 0.648399 13.031597 12.383198 "" "" 2353.76904 2662.39966 144416.31863 21.672 83710.0 36.635 88283.0 29.211 "" "" 0.002760133388286459 0.0028303408 0.0037964175 0.0066267583 25.20001597034 61.20191629664 2495.27002 -0.30800000000000005 -0.41700000000000004
25.34851840584 60.99245372718 0.0062 0.0071 29.9257 "" "" 509748026036721536 2911.38037 0.3246 0.011 -0.574 -0.648 0.008 0.008 0.897 "" "" 12.792811 0.767184 13.090117 12.322932 "" "" 2823.4248 2996.69287 143820.92196 16.314 79318.0 30.392 93322.0 26.71 "" "" 0.002758071300563565 0.0028210138 0.0037921357 0.0066131493 25.34851840584 60.99245372718 2911.38037 -0.5739999999999998 -0.6479999999999999
24.89998041249 61.56113781975 0.0063 0.0083 13.282 "" "" 511461232644287872 2608.84326 0.3659 0.0112 -1.491 -0.313 0.008 0.011 0.883 6357.4 3.1453 12.797272 0.881745 13.105455 12.22371 "" "" 2518.53833 2709.27246 143231.37867 25.149 78205.0 162.69 102250.0 679.74 "" "" 0.0027619072785105376 0.0035897894 0.0081474 0.011737189 24.89998041249 61.56113781975 2608.84326 -1.491 -0.31300000000000006
25.59245430014 61.64258344967 0.0071 0.009 11.5889 "" "" 511476423950886272 2461.7876 0.3874 0.0121 -1.219 -0.214 0.009 0.011 0.944 "" "" 12.809794 1.01763 13.223577 12.205947 "" "" 2387.43018 2543.16333 141588.87719 23.619 70143.0 46.384 103940.0 53.083 "" "" 0.002761266445711315 0.0028810645 0.0038198417 0.006700906 25.59245430014 61.64258344967 2461.7876 -1.219 -0.21399999999999986
25.64683369217 61.34821491231 0.0095 0.0112 12.2843 "" "" 511260816594778752 2616.573 0.3647 0.0166 -2.293 1.385 0.012 0.013 1.171 "" "" 12.864408 2.315764 14.096318 11.780554 -98.03 0.28 2533.96948 2731.41211 134642.92266 24.08 31397.0 25.441 153790.0 52.704 "" "" 0.002762153873593989 0.002925585 0.0037976536 0.0067232386 25.64683369217 61.34821491231 2616.573 -2.293 1.3850000000000002
25.01497364628 61.90043368152 0.0085 0.0098 26.2425 "" "" 511497585247491712 2785.33618 0.3425 0.014 -1.192 -0.315 0.01 0.012 1.044 15727.3 3.5245 12.865122 1.0469 13.297759 12.250859 "" "" 2688.54248 2887.53516 134554.46406 19.397 65511.0 31.804 99727.0 32.499 "" "" 0.002759762107542521 0.0028395213 0.0037959076 0.006635429 25.01497364628 61.90043368152 2785.33618 -1.1919999999999997 -0.31500000000000006
25.07213373595 61.12811740855 0.0076 0.0091 23.1159 "" "" 509937519992840832 2597.35352 0.3624 0.0135 -0.955 -0.247 0.01 0.011 0.999 14206.9 3.8665 12.871625 0.702866 13.140125 12.43726 "" "" 2503.99097 2690.82544 133750.8843 19.837 75747.0 34.325 83995.0 28.379 "" "" 0.002760021682603639 0.0028332167 0.0037971428 0.006630359 25.07213373595 61.12811740855 2597.35352 -0.9549999999999998 -0.247
25.96591675698 61.90540179225 0.0084 0.0093 30.5633 "" "" 511486452689911296 3091.48022 0.3071 0.0142 -1.207 -0.32 0.01 0.011 1.073 16697.1 3.3815 12.878273 1.088764 13.319899 12.231134 "" "" 2963.01758 3232.78101 132934.46167 21.124 64189.0 49.589 101560.0 59.88 "" "" 0.002760716531540822 0.0029135207 0.0038332131 0.0067467336 25.96591675698 61.90540179225 3091.48022 -1.2069999999999999 -0.3200000000000002
25.30886172388 61.76451784817 0.0084 0.0102 16.4239 "" "" 511481062515346688 2763.79443 0.3436 0.0144 -1.176 -0.233 0.01 0.013 0.978 6360.1 3.2421 12.881573 0.834381 13.209597 12.375216 "" "" 2667.06787 2856.90186 132531.0604 29.508 71052.0 52.661 88935.0 57.247 "" "" 0.0027659043844816635 0.0029038938 0.0038434572 0.006747351 25.30886172388 61.76451784817 2763.79443 -1.1759999999999997 -0.233
24.74792152963 61.03686118441 0.009 0.0106 32.1764 "" "" 509933431184115968 2398.39258 0.3917 0.0155 -1.233 -0.541 0.011 0.013 0.989 6528.9 3.5169 12.91108 0.58256 13.126646 12.544086 "" "" 2328.53662 2482.01733 128977.70073 25.168 76693.0 31.831 76124.0 28.679 "" "" 0.0027634536378692916 0.0028263254 0.0038014525 0.0066277776 24.74792152963 61.03686118441 2398.39258 -1.2329999999999999 -0.541
24.60002918894 61.23068825606 0.0092 0.011 26.4152 "" "" 509948824346596224 2841.01953 0.3366 0.0164 -1.637 -0.753 0.012 0.013 1.14 "" "" 12.915559 1.655327 13.701968 12.046641 -28.23 0.5 2717.74536 3014.8396 128446.83313 15.351 45147.0 22.979 120370.0 22.56 "" "" 0.002758373942724156 0.0028443695 0.003784856 0.006629226 24.60002918894 61.23068825606 2841.01953 -1.637 -0.753
25.47187486637 61.80709487454 0.0091 0.0109 19.3197 "" "" 511481440472454144 2988.88306 0.3147 0.0154 -1.181 -0.209 0.011 0.013 1.046 15315.2 3.7521 12.928607 0.933798 13.303974 12.370176 "" "" 2827.14111 3115.3811 126912.40011 20.483 65137.0 34.634 89349.0 35.468 "" "" 0.0027608867622495007 0.0028492666 0.0038038774 0.006653144 25.47187486637 61.80709487454 2988.88306 -1.181 -0.20899999999999988
25.01097797799 61.45897919095 0.0125 0.0155 9.638 "" "" 511458316367806336 3047.60107 0.311 0.0217 -1.359 -0.324 0.016 0.019 1.618 12629.5 3.688 12.944878 1.119654 13.412794 12.29314 "" "" 2876.8291 3290.49316 125024.71108 41.276 58925.0 50.836 95918.0 56.984 "" "" 0.0027785381600270503 0.0029432017 0.00383403 0.0067772316 25.01097797799 61.45897919095 3047.60107 -1.359 -0.3240000000000002
25.48119463222 61.10352407166 0.0094 0.0113 23.6111 "" "" 509749911517166848 2578.34033 0.3661 0.0174 -0.86 -0.169 0.013 0.013 1.121 12275.6 3.6549 12.950614 0.612573 13.179516 12.566943 "" "" 2477.70776 2663.75 124365.89275 18.791 73048.0 31.198 74539.0 21.939 "" "" 0.002760199521138245 0.00282844 0.003792868 0.0066213077 25.48119463222 61.10352407166 2578.34033 -0.86 -0.16899999999999998
24.54344877909 61.42541565135 0.0092 0.0113 23.1885 "" "" 509959716383462528 2764.76245 0.3402 0.0153 -1.585 -0.709 0.011 0.014 1.073 13826.8 3.8938 12.955817 0.806614 13.269825 12.463211 "" "" 2655.06372 2879.75977 123771.29764 23.555 67218.0 32.44 82011.0 35.202 "" "" 0.002763057039413898 0.002838945 0.0038080069 0.0066469517 24.54344877909 61.42541565135 2764.76245 -1.585 -0.7089999999999997
26.00617111871 61.90048696676 0.0101 0.0116 31.0106 "" "" 511486761929565824 2706.14526 0.344 0.017 -1.222 -0.184 0.013 0.014 1.152 "" "" 12.964729 1.076095 13.411806 12.335712 "" "" 2595.50513 2830.46704 122759.52812 19.292 58979.0 32.527 92230.0 25.466 "" "" 0.002760598266446622 0.0028536979 0.003791253 0.006644951 26.00617111871 61.90048696676 2706.14526 -1.2220000000000002 -0.18400000000000005
24.50524623273 61.7829345194 0.008 0.0105 29.5498 "" "" 511514528901543552 2840.78003 0.3268 0.0137 -0.875 -0.221 0.011 0.014 0.977 6127.8 2.679 12.986402 0.966898 13.377579 12.410681 "" "" 2728.67798 2956.37622 120333.36817 19.521 60868.0 30.449 86077.0 25.325 "" "" 0.0027609440725681338 0.002842542 0.0037928575 0.0066353995 24.50524623273 61.7829345194 2840.78003 -0.875 -0.2209999999999999
24.61574348415 61.10714626881 0.0111 0.0133 31.0982 "" "" 509945628891144832 2684.55859 0.3454 0.0193 -1.258 -0.489 0.014 0.016 1.166 13563.5 3.7946 12.991444 0.476005 13.163891 12.687886 "" "" 2530.85986 2863.96753 119775.81944 40.625 74107.0 52.186 66681.0 41.539 "" "" 0.002779820331383355 0.0028930297 0.0038394257 0.0067324555 24.61574348415 61.10714626881 2684.55859 -1.258 -0.489
26.20540439482 61.24340534459 0.0068 0.0082 28.9722 "" "" 511244633158103168 2784.85571 0.3298 0.0125 -1.104 -0.296 0.009 0.01 1.013 "" "" 13.026296 0.734097 13.3066 12.572503 "" "" 2701.06519 2876.7666 115992.12597 22.178 64980.0 39.388 74158.0 23.205 "" "" 0.0027631296282432734 0.0028667364 0.0037946214 0.006661358 26.20540439482 61.24340534459 2784.85571 -1.104 -0.296
25.94579463454 61.86132439099 0.0087 0.0092 28.1078 "" "" 511486216476211968 2887.89038 0.3214 0.0138 -1.083 -0.397 0.01 0.011 1.066 "" "" 13.029575 0.9138 13.39324 12.47944 "" "" 2780.95068 2998.48218 115642.22218 29.206 59996.0 48.504 80795.0 43.301 "" "" 0.0027689310872908873 0.0029249827 0.003823914 0.006748897 25.94579463454 61.86132439099 2887.89038 -1.083 -0.3970000000000001
25.16454155861 61.57638580344 0.0073 0.009 7.173 "" "" 511454708595176832 2881.59839 0.3194 0.0126 -1.454 -0.369 0.01 0.011 1.079 "" "" 13.031611 1.158892 13.51998 12.361089 "" "" 2768.83643 3009.16235 115425.56661 21.134 53386.0 28.083 90100.0 23.399 "" "" 0.0027624823248132476 0.002848025 0.0037898854 0.0066379104 25.16454155861 61.57638580344 2881.59839 -1.4540000000000002 -0.3689999999999998
24.36208226229 61.61228063256 0.0066 0.0087 28.8934 "" "" 510010431360173824 2485.32056 0.3716 0.0118 -3.729 -0.428 0.008 0.012 0.982 "" "" 13.034238 2.183115 14.169502 11.986387 -63.44 0.56 2421.14575 2572.93701 115146.72766 20.091 29351.0 21.136 127230.0 35.21 "" "" 0.002761825001665151 0.0028976437 0.003791307 0.0066889506 24.36208226229 61.61228063256 2485.32056 -3.729 -0.42799999999999994
25.99057631336 61.9004893353 0.0077 0.009 30.7418 "" "" 511486388274874240 2881.16406 0.3197 0.0135 -1.003 -0.274 0.01 0.011 1.051 16846.4 3.5508 13.042449 1.0643 13.481873 12.417573 "" "" 2754.54614 3020.40649 114279.21275 21.889 55293.0 33.871 85532.0 31.619 "" "" 0.002763157143004713 0.0028683438 0.0038006348 0.0066689784 25.99057631336 61.9004893353 2881.16406 -1.003 -0.2739999999999999
25.98093355766 61.80922867653 0.0076 0.0088 26.4012 "" "" 511296859961423488 2961.67554 0.3096 0.0129 -1.133 -0.621 0.01 0.01 1.111 "" "" 13.045163 0.873446 13.389752 12.516306 "" "" 2827.80273 3097.59058 113993.8533 20.055 60189.0 31.328 78097.0 25.688 "" "" 0.002761933346330946 0.002846824 0.0037962173 0.006643041 25.98093355766 61.80922867653 2961.67554 -1.1330000000000002 -0.6210000000000001
25.72744566726 61.34967782974 0.0063 0.0076 13.9801 "" "" 511260163759747968 2979.63257 0.3046 0.0114 -1.328 -0.237 0.008 0.01 0.951 "" "" 13.058585 0.623765 13.289821 12.666056 "" "" 2866.05957 3104.07324 112593.30544 27.593 65992.0 43.696 68036.0 37.778 "" "" 0.0027681379037226227 0.0028812983 0.0038271635 0.006708462 25.72744566726 61.34967782974 2979.63257 -1.3279999999999998 -0.23700000000000007
24.84916689116 61.4408647537 0.0065 0.0083 14.4027 "" "" 511458728684681216 2908.30103 0.3081 0.0117 -2.491 -1.727 0.008 0.011 1.035 4619.4 1.8472 13.061702 2.539595 14.458202 11.918608 -88.63 0.35 2806.5769 3000.48584 112270.5818 24.729 22498.0 21.811 135430.0 53.319 "" "" 0.0027656790621637013 0.0029821096 0.003803478 0.0067855874 24.84916689116 61.4408647537 2908.30103 -2.4909999999999997 -1.7269999999999996
25.22831565092 60.96172595171 0.0065 0.0077 31.9333 "" "" 509742146217308800 2771.59521 0.3287 0.012 -0.874 -0.37 0.008 0.009 0.95 "" "" 13.080786 0.540375 13.271418 12.731043 "" "" 2686.60156 2844.25415 110314.48922 37.123 67120.0 70.191 64083.0 49.612 "" "" 0.0027794398431644886 0.003012343 0.0038717266 0.0068840696 25.22831565092 60.96172595171 2771.59521 -0.8739999999999999 -0.36999999999999994
26.01000367178 61.89169836248 0.0087 0.0099 30.664 "" "" 511298715387260288 2533.54761 0.3622 0.0148 -1.121 -0.548 0.01 0.011 1.17 13670.5 3.7547 13.09033 1.133115 13.556837 12.423722 "" "" 2438.71631 2658.47412 109348.99541 18.894 51604.0 46.659 85049.0 84.633 "" "" 0.0027616993424767595 0.0029578323 0.003930782 0.006888614 26.01000367178 61.89169836248 2533.54761 -1.121 -0.548
25.7991137746 61.08530322521 0.0064 0.0078 27.7098 "" "" 511247175778946560 2702.20508 0.3369 0.012 -1.184 -0.528 0.008 0.009 0.987 12726.2 3.9059 13.091379 0.586904 13.308636 12.721732 "" "" 2611.28687 2811.8833 109243.34524 20.417 64858.0 25.508 64635.0 18.25 "" "" 0.0027627821564755062 0.0028226555 0.0037917949 0.0066144504 25.7991137746 61.08530322521 2702.20508 -1.1839999999999997 -0.5279999999999998
25.96649436745 61.89961683008 0.0069 0.0078 30.2924 "" "" 511486456994351616 2845.98755 0.3179 0.0116 -1.052 -0.231 0.008 0.009 1.078 14431.3 3.8023 13.095226 1.085257 13.5443 12.459043 "" "" 2731.64966 2940.0647 108856.95317 17.452 52203.0 26.727 82327.0 24.716 "" "" 0.0027608129761302583 0.002845004 0.0037934121 0.006638416 25.96649436745 61.89961683008 2845.98755 -1.0520000000000003 -0.23100000000000004
25.68801984088 61.50969168773 0.008 0.0092 10.0103 "" "" 511263531014023296 2816.55762 0.3233 0.0136 -0.248 -1.783 0.011 0.011 1.236 "" "" 13.108064 1.032787 13.529996 12.497209 "" "" 2723.52148 2910.96802 107577.48478 13.918 52895.0 22.729 79483.0 19.753 "" "" 0.0027588984897046385 0.0028289058 0.0037890016 0.0066179074 25.68801984088 61.50969168773 2816.55762 -0.24799999999999994 -1.783
25.31832670331 61.14913470522 0.0716 0.0801 20.5339 "" "" 509938275907042048 2689.96729 0.4243 0.1271 -2.258 -0.77 0.094 0.088 12.357 8655.0 3.5286 13.112021 0.90535 13.464089 12.55874 "" "" 2032.8811 3637.58569 107186.00112 51.251 56206.0 22.97 75104.0 19.567 "" "" 0.0028038011323351865 0.002825231 0.0037899527 0.006615184 25.31832670331 61.14913470522 2689.96729 -2.258 -0.7700000000000002
26.16558330638 61.6338503 0.0077 0.0093 25.0792 "" "" 511291671641012480 2676.48218 0.3406 0.0136 -1.304 -0.355 0.01 0.011 1.188 15148.6 3.7935 13.120072 1.065413 13.559134 12.493721 "" "" 2589.28589 2776.2793 106394.13405 19.539 51495.0 32.65 79739.0 28.581 "" "" 0.0027625254385560674 0.0028738382 0.003799365 0.006673203 26.16558330638 61.6338503 2676.48218 -1.304 -0.355
25.99694426994 61.47260084393 0.0066 0.0084 18.8371 "" "" 511283012987255552 2306.0835 0.3942 0.0121 -1.354 -2.993 0.009 0.01 1.013 "" "" 13.131701 2.259923 14.322057 12.062134 -29.52 0.42 2241.21167 2374.74097 105260.66167 21.579 25503.0 14.829 118660.0 29.487 "" "" 0.0027642959390298933 0.0028607 0.0037890002 0.0066497 25.99694426994 61.47260084393 2306.0835 -1.3539999999999999 -2.993
25.39935674205 60.96554661777 0.0065 0.0077 31.5849 "" "" 509747201403012864 2584.604 0.3545 0.0118 -1.271 -0.435 0.008 0.009 0.967 12071.8 3.849 13.138848 0.58487 13.35443 12.76956 "" "" 2523.56055 2657.06006 104570.0896 21.996 62179.0 29.527 61849.0 18.393 "" "" 0.0027647689637930154 0.0028374065 0.003793149 0.0066305557 25.39935674205 60.96554661777 2584.604 -1.2710000000000001 -0.43499999999999994
25.43468883185 61.20142510679 0.0064 0.0076 17.5963 "" "" 511252432818520704 2460.34326 0.3724 0.0113 -1.232 -0.296 0.008 0.009 0.917 "" "" 13.159872 0.661544 13.408195 12.746651 "" "" 2397.4812 2537.32764 102564.72957 17.549 59175.0 25.947 63168.0 22.398 "" "" 0.002761575706082904 0.0028304935 0.0037989388 0.0066294326 25.43468883185 61.20142510679 2460.34326 -1.2320000000000002 -0.29600000000000004
24.88424964388 61.09609863389 0.0069 0.0084 27.1086 "" "" 509934599415139072 2287.6748 0.4034 0.0124 -0.775 1.462 0.009 0.01 1.005 5025.9 2.7463 13.164273 1.675921 13.963315 12.287394 -60.56 1.56 2236.68237 2347.36255 102149.80164 12.597 35489.0 15.728 96427.0 23.772 "" "" 0.0027585714440086203 0.0028313564 0.0037888484 0.006620205 24.88424964388 61.09609863389 2287.6748 -0.7749999999999999 1.462
