Clusters/LP_1329/LP_1329_stars_in_region.tsv
# %ECSV 1.0
# ---
# datatype:
# - name: RA_ICRS_1
#   unit: deg
#   datatype: float64
#   format: '{:15.11f}'
#   description: Right ascension (ICRS) at Ep=2016.0 (ra)
#   meta: !!omap
#   - {ucd: POS_EQ_RA_MAIN}
#   - {width: 15}
#   - {precision: '11'}
# - name: DE_ICRS_1
#   unit: deg
#   datatype: float64
#   format: '{:15.11f}'
#   description: Declination (ICRS) at Ep=2016.0 (dec)
#   meta: !!omap
#   - {ucd: POS_EQ_DEC_MAIN}
#   - {width: 15}
#   - {precision: '11'}
# - name: e_RA_ICRS
#   unit: mas
#   datatype: float64
#   format: '{:7.4f}'
#   description: Standard error of right ascension (ra_error)
#   meta: !!omap
#   - {ucd: ERROR}
#   - {width: 7}
#   - {precision: '4'}
# - name: e_DE_ICRS
#   unit: mas
#   datatype: float64
#   format: '{:7.4f}'
#   description: Standard error of declination (dec_error)
#   meta: !!omap
#   - {ucd: ERROR}
#   - {width: 7}
#   - {precision: '4'}
# - name: _r_1
#   unit: ''
#   datatype: float64
#   format: '{:7.4f}'
#   description: Distance from center (025.34051755000+61.49119992000)[ICRS], at Epoch=J2016.0
#   meta: !!omap
#   - {ucd: POS_ANG_DIST_GENERAL}
#   - {width: 7}
#   - {precision: '4'}
# - name: HIP
#   datatype: int32
#   description: '? HIP cross-id number, van Leeuwen, Cat. I/311 (hip_original_ext_source_id)'
#   meta: !!omap
#   - {ucd: ID_NUMBER}
#   - {width: 6}
#   - values: {'null': -2147483648}
# - name: TYC2
#   datatype: string
#   description: Tycho-2 cross-id name, Hog et al., Cat. I/259 (tyc2_original_ext_source_id)
#   meta: !!omap
#   - {ucd: ID_CROSSID}
#   - {_votable_string_dtype: char}
# - name: Source
#   datatype: int64
#   description: Source identifier, identical to the Gaia-EDR3 source_id (id)
#   meta: !!omap
#   - {ucd: ID_MAIN}
#   - {width: 19}
# - name: rgeo
#   unit: pc
#   datatype: float64
#   format: '{:15.8f}'
#   description: '? Median of the geometric distance posterior (r_med_geo)'
#   meta: !!omap
#   - {ucd: PHYS_DISTANCE_TRUE}
#   - {width: 15}
#   - {precision: '8'}
#   - values: {'null': .nan}
# - name: Plx
#   unit: mas
#   datatype: float64
#   format: '{:9.4f}'
#   description: '? Parallax (parallax)'
#   meta: !!omap
#   - {ucd: POS_PARLX_TRIG}
#   - {width: 9}
#   - {precision: '4'}
#   - values: {'null': .nan}
# - name: e_Plx
#   unit: mas
#   datatype: float32
#   format: '{:7.4f}'
#   description: '? Standard error of parallax (parallax_error)'
#   meta: !!omap
#   - {ucd: ERROR}
#   - {width: 7}
#   - {precision: '4'}
#   - values: {'null': .nan}
# - name: pmRA
#   unit: mas / yr
#   datatype: float64
#   format: '{:9.3f}'
#   description: '? Proper motion in right ascension direction, pmRA*cosDE (pmra)'
#   meta: !!omap
#   - {ucd: POS_EQ_PMRA}
#   - {width: 9}
#   - {precision: '3'}
#   - values: {'null': .nan}
# - name: pmDE
#   unit: mas / yr
#   datatype: float64
#   format: '{:9.3f}'
#   description: '? Proper motion in declination direction (pmdec)'
#   meta: !!omap
#   - {ucd: POS_EQ_PMDEC}
#   - {width: 9}
#   - {precision: '3'}
#   - values: {'null': .nan}
# - name: e_pmRA
#   unit: mas / yr
#   datatype: float32
#   format: '{:6.3f}'
#   description: '? Standard error of proper motion in right ascension direction (pmra_error)'
#   meta: !!omap
#   - {ucd: ERROR}
#   - {width: 6}
#   - {precision: '3'}
#   - values: {'null': .nan}
# - name: e_pmDE
[...]
#         unit: &id001 !astropy.units.Unit {unit: deg}
#         value: !astropy.table.SerializedColumn {name: SkyCoord.dec}
#       distance: !astropy.table.SerializedColumn
#         __class__: astropy.coordinates.distances.Distance
#         unit: !astropy.units.Unit {unit: pc}
#         value: !astropy.table.SerializedColumn {name: SkyCoord.distance}
#       frame: icrs
#       obstime: !astropy.time.Time {format: jyear_str, in_subfmt: '*', jd1: 367701545.0, jd2: 0.0, out_subfmt: '*', precision: 3, scale: tt}
#       pm_dec: !astropy.table.SerializedColumn
#         __class__: astropy.units.quantity.Quantity
#         unit: !astropy.units.Unit {unit: mas / yr}
#         value: !astropy.table.SerializedColumn {name: SkyCoord.pm_dec}
#       pm_ra_cosdec: !astropy.table.SerializedColumn
#         __class__: astropy.units.quantity.Quantity
#         unit: !astropy.units.Unit {unit: mas / yr}
#         value: !astropy.table.SerializedColumn {name: SkyCoord.pm_ra_cosdec}
#       ra: !astropy.table.SerializedColumn
#         __class__: astropy.coordinates.angles.Longitude
#         unit: *id001
#         value: !astropy.table.SerializedColumn {name: SkyCoord.ra}
#         wrap_angle: !astropy.coordinates.Angle
#           unit: *id001
#           value: 360.0
#       representation_type: spherical
# schema: astropy-2.0
RA_ICRS_1 DE_ICRS_1 e_RA_ICRS e_DE_ICRS _r_1 HIP TYC2 Source rgeo Plx e_Plx pmRA pmDE e_pmRA e_pmDE RUWE Teff logg Gmag BP-RP BPmag RPmag RV e_RV b_rgeo B_rgeo FG e_FG FBP e_FBP FRP e_FRP RAVE5 RAVE6 e_Gmag e_BPmag e_RPmag e_BP-RP SkyCoord.ra SkyCoord.dec SkyCoord.distance SkyCoord.pm_ra_cosdec SkyCoord.pm_dec
[from data line 1094]
24.8104799993 61.6710527404 0.0213 0.0268 18.5881 "" "" 511465153955558784 2303.49365 0.4134 0.0369 -0.401 -0.023 0.028 0.038 0.983 7196.4 3.3194 16.139833 1.731317 16.965242 15.233926 "" "" 2154.77002 2517.29639 6591.94241 2.0884 2235.2 6.3501 6391.3 7.6409 "" "" 0.002776707932415387 0.004159249 0.003996069 0.008155318 24.8104799993 61.6710527404 2303.49365 -0.40100000000000013 -0.02299999999999999
26.00472764314 61.21070624829 0.0212 0.025 25.4618 "" "" 511243705445212032 2626.99316 0.3667 0.0384 -1.248 -0.32 0.03 0.031 0.985 9369.1 4.2758 16.1403 1.112103 16.603018 15.490914 "" "" 2374.87573 2868.98633 6589.10532 1.9477 3120.4 6.1176 5044.2 8.1119 "" "" 0.002773948454985769 0.003509417 0.0041632187 0.007672636 26.00472764314 61.21070624829 2626.99316 -1.2480000000000002 -0.32000000000000006
25.96949605578 61.90856233633 0.0434 0.0473 30.7763 "" "" 511486456994347136 2268.35327 0.4258 0.0704 -1.152 -0.133 0.052 0.055 1.979 8111.1 3.3521 16.14038 1.523496 16.804914 15.281419 "" "" 1972.89844 2665.48022 6588.61684 5.3109 2590.9 8.3322 6117.7 13.319 "" "" 0.002890974274889697 0.004469543 0.0044577126 0.008927256 25.96949605578 61.90856233633 2268.35327 -1.1520000000000001 -0.13299999999999992
24.86116361075 61.56994752458 0.0322 0.0404 14.5015 "" "" 511461271305214848 2630.44702 0.3713 0.0536 -1.244 -0.356 0.044 0.05 1.666 9257.6 4.1664 16.141184 1.424956 16.754725 15.329768 "" "" 2361.34009 2924.51709 6583.74766 5.6471 2713.5 7.8151 5851.3 8.506 "" "" 0.002908445821478179 0.0041908505 0.004095711 0.008286562 24.86116361075 61.56994752458 2630.44702 -1.2440000000000002 -0.3560000000000001
26.30787431202 61.74847119556 0.0217 0.0262 31.6127 "" "" 511293973743424000 2531.34229 0.3675 0.0386 -2.562 -0.934 0.026 0.029 1.047 8513.0 3.6215 16.144358 1.677338 16.933596 15.256258 "" "" 2272.75415 2758.25928 6564.5336 2.1891 2301.3 6.6903 6261.2 9.6583 "" "" 0.0027790070453137016 0.004212852 0.0041338527 0.008346705 26.30787431202 61.74847119556 2531.34229 -2.5619999999999994 -0.9339999999999997
25.70002001541 61.03714343452 0.0199 0.0244 29.1503 "" "" 509745655214942592 2601.48877 0.3644 0.0376 0.116 -1.423 0.025 0.028 1.005 7444.6 4.262 16.145918 1.142629 16.632772 15.490144 "" "" 2390.84253 2913.35669 6555.10594 1.9405 3036.0 5.9443 5047.8 6.1127 "" "" 0.002774003110310679 0.003507719 0.0040015485 0.0075092674 25.70002001541 61.03714343452 2601.48877 0.11599999999999988 -1.4230000000000003
25.38203569911 61.25254247028 0.0206 0.0243 14.3691 "" "" 511440277508968320 2741.18286 0.3487 0.0351 -1.967 -0.601 0.026 0.028 0.98 8165.7 3.5389 16.146162 1.11856 16.616678 15.498118 "" "" 2503.17505 2995.11646 6553.63312 2.2404 3081.4 7.7924 5010.8 8.1166 "" "" 0.0027802074270144024 0.0039145527 0.0041685426 0.008083096 25.38203569911 61.25254247028 2741.18286 -1.967 -0.6009999999999999
26.08203287301 61.57310025297 0.022 0.0258 21.769 "" "" 511285418168663296 2509.78223 0.3907 0.0372 -0.437 -0.375 0.028 0.03 0.958 9053.2 4.1044 16.146313 1.500889 16.829346 15.328457 "" "" 2284.79663 2770.13159 6552.71719 2.1638 2533.3 8.2978 5858.4 8.4957 "" "" 0.002778548164616751 0.0045202263 0.00409424 0.008614466 26.08203287301 61.57310025297 2509.78223 -0.43699999999999994 -0.3749999999999999
24.7789633725 61.87726746081 0.0229 0.0277 28.1421 "" "" 511521435208897408 2567.979 0.3617 0.0378 -1.42 -0.248 0.028 0.036 0.993 9224.6 3.8405 16.147167 1.244184 16.683224 15.43904 "" "" 2297.43848 2870.45337 6547.56277 2.1179 2898.2 6.88 5291.1 8.6801 "" "" 0.0027776119801201783 0.0037984361 0.004178069 0.007976505 24.7789633725 61.87726746081 2567.979 -1.4199999999999997 -0.24799999999999991
25.96915307473 61.77060551878 0.0225 0.0255 24.5402 "" "" 511296447644579712 3070.30566 0.3027 0.0366 -0.422 -0.803 0.028 0.03 0.958 9254.4 4.0769 16.148548 1.184649 16.65129 15.466641 "" "" 2776.55322 3470.60229 6539.24541 2.0328 2984.7 6.4956 5158.2 7.1845 "" "" 0.0027759151375708634 0.003656266 0.0040707025 0.0077269683 25.96915307473 61.77060551878 3070.30566 -0.42199999999999993 -0.8029999999999998
25.11931506783 61.11380873559 0.0218 0.0252 23.5232 "" "" 509937245114956928 2404.98608 0.3913 0.0376 -4.143 0.501 0.028 0.029 1.041 7303.6 4.0997 16.148605 1.541095 16.855244 15.314149 "" "" 2198.0769 2591.65186 6538.89354 2.0731 2473.5 6.6965 5936.1 7.5558 "" "" 0.0027767389336395597 0.0040527997 0.0040241284 0.008076929 25.11931506783 61.11380873559 2404.98608 -4.143 0.5010000000000003
24.66684157086 61.14394388315 0.0238 0.0275 28.4685 "" "" 509947209439041792 2391.47632 0.4031 0.0395 -4.095 0.579 0.032 0.033 0.992 7313.5 4.3517 16.151531 1.224593 16.68133 15.456737 "" "" 2201.10767 2612.28442 6521.29788 2.153 2903.3 7.8102 5205.5 7.3241 "" "" 0.0027785390383997933 0.0040392866 0.0040764394 0.008115726 24.66684157086 61.14394388315 2391.47632 -4.095 0.5790000000000002
26.33473129154 61.64629566163 0.0216 0.0262 29.8863 "" "" 511291087525451136 2366.03979 0.3991 0.0383 -0.783 -0.47 0.027 0.029 0.996 "" "" 16.153664 1.442706 16.801441 15.358735 "" "" 2178.78882 2553.61841 6508.50471 2.113 2599.2 7.3622 5697.2 7.8164 "" "" 0.002777775399836344 0.004152436 0.0040623434 0.008214779 26.33473129154 61.64629566163 2366.03979 -0.783 -0.4700000000000001
25.80147596461 61.76584682347 0.0255 0.0298 21.0777 "" "" 511478382455911552 2907.33838 0.3089 0.0432 -1.019 0.205 0.033 0.037 1.194 6995.9 2.5384 16.154612 2.269815 17.326624 15.056808 "" "" 2638.29712 3262.76807 6502.82043 3.5974 1602.4 6.3708 7523.8 8.6996 "" "" 0.002820027103976637 0.0051398985 0.003982435 0.0091223335 25.80147596461 61.76584682347 2907.33838 -1.0189999999999997 0.2049999999999999
26.0112826566 61.89445276277 0.0239 0.0267 30.8157 "" "" 511298715387258368 2888.54639 0.3187 0.0391 -1.238 -0.36 0.03 0.032 0.997 8957.9 3.6035 16.155508 1.32781 16.734545 15.406734 "" "" 2605.35352 3219.52563 6497.46056 2.0722 2764.4 12.571 5450.9 13.967 "" "" 0.0027769931412763315 0.0056711906 0.004692902 0.010364093 26.0112826566 61.89445276277 2888.54639 -1.2380000000000002 -0.3600000000000001
25.82883566008 61.6669184342 0.0224 0.0257 17.4817 "" "" 511289781855387520 2263.875 0.4177 0.0363 1.256 -2.383 0.028 0.031 1.012 7927.8 4.1552 16.156267 1.624753 16.918266 15.293513 "" "" 2146.46289 2444.7334 6492.92293 1.9457 2334.1 6.7346 6050.0 7.622 "" "" 0.00277446327731654 0.0041950876 0.0040192953 0.008214382 25.82883566008 61.6669184342 2263.875 1.2559999999999998 -2.3829999999999996
24.35019512663 61.24882488809 0.0231 0.0276 31.9694 "" "" 509951160808778112 2392.60864 0.4033 0.0383 -1.504 -0.59 0.028 0.034 1.014 8050.9 4.2768 16.158455 1.0278 16.58217 15.554371 "" "" 2171.49219 2628.2915 6479.84922 2.1335 3180.9 7.2492 4757.8 6.5747 "" "" 0.0027784134932337954 0.0037292824 0.0040662996 0.007795582 24.35019512663 61.24882488809 2392.60864 -1.504 -0.59
26.38202380431 61.347284063 0.0219 0.0269 31.1169 "" "" 511269097293024128 3028.8584 0.3153 0.0392 -2.463 -1.029 0.029 0.033 1.016 8759.7 3.6535 16.159698 1.386687 16.775118 15.388431 "" "" 2698.29126 3404.95605 6472.4256 2.0379 2663.0 7.8968 5543.5 9.0678 "" "" 0.0027764461558488045 0.004260397 0.00417587 0.008436267 26.38202380431 61.347284063 3028.8584 -2.463 -1.029
25.17438079081 61.48941637674 0.0207 0.0251 4.7591 "" "" 511448283324178816 2934.02246 0.3237 0.0343 -0.041 0.479 0.026 0.031 0.995 9094.2 4.4435 16.162273 1.480411 16.83545 15.355039 "" "" 2709.23535 3268.82129 6457.09867 2.0343 2519.1 6.4254 5716.7 6.8567 "" "" 0.0027764715420652837 0.003931207 0.0039974465 0.007928654 25.17438079081 61.48941637674 2934.02246 -0.04099999999999998 0.4790000000000001
25.87455604889 61.65992786951 0.0222 0.0269 18.3061 "" "" 511289610056700160 2523.0957 0.3729 0.0379 -1.604 -0.393 0.028 0.031 0.985 9401.4 4.1919 16.162485 1.218815 16.687752 15.468937 "" "" 2315.40771 2692.99194 6455.83722 1.9555 2886.1 6.2726 5147.3 7.635 "" "" 0.002774877927743971 0.0036542206 0.004108206 0.0077624265 25.87455604889 61.65992786951 2523.0957 -1.604 -0.39299999999999996
26.05101899317 61.64020426798 0.0213 0.0256 22.1798 "" "" 511288888502202752 2751.48047 0.3394 0.0378 -1.635 -0.199 0.027 0.03 0.988 8960.2 3.4955 16.162579 1.428103 16.801285 15.373181 "" "" 2515.96143 3094.71875 6455.28726 2.1279 2599.6 6.2915 5621.9 7.4298 "" "" 0.0027784673397325006 0.003832719 0.004042602 0.007875321 26.05101899317 61.64020426798 2751.48047 -1.635 -0.1990000000000001
25.4633135115 61.47252273804 0.021 0.025 3.6918 "" "" 511450104390320512 2448.65063 0.3867 0.0345 -1.516 -0.314 0.028 0.03 1.015 8668.8 3.5165 16.163729 1.147871 16.649384 15.501513 "" "" 2272.62354 2701.09497 6448.44555 1.9747 2989.9 8.5223 4995.2 7.4937 "" "" 0.002775308059904834 0.0041668303 0.004115424 0.008282254 25.4633135115 61.47252273804 2448.65063 -1.516 -0.31400000000000006
25.71595087052 61.39948291738 0.0203 0.024 12.0921 "" "" 511260644796048512 2410.29175 0.3994 0.0353 -1.683 -0.363 0.028 0.029 0.979 8941.0 4.4511 16.163822 1.133533 16.643457 15.509925 "" "" 2214.02466 2634.3269 6447.89898 1.9348 3006.3 6.1951 4956.7 6.9305 "" "" 0.002774514493746206 0.003576441 0.004072875 0.0076493155 25.71595087052 61.39948291738 2410.29175 -1.6829999999999996 -0.3630000000000002
24.64387593687 61.21505652977 0.0231 0.0274 26.001 "" "" 509948652547930624 2813.43506 0.3253 0.0394 -3.35 -0.173 0.03 0.033 1.0 6868.3 4.251 16.164606 1.32581 16.749495 15.423684 "" "" 2542.01782 3179.19116 6443.23833 2.0502 2726.6 8.2396 5366.4 7.7869 "" "" 0.002776894347238091 0.004306988 0.0040946044 0.008401592 24.64387593687 61.21505652977 2813.43506 -3.35 -0.173
25.12192071864 61.9707965614 0.0244 0.0294 29.4386 "" "" 511499475030991232 2602.3457 0.3601 0.0417 0.032 -1.653 0.031 0.039 0.954 7345.7 3.9978 16.16672 1.992153 17.154467 15.162313 "" "" 2369.49414 2905.43311 6430.71473 2.1758 1877.7 5.8961 6827.0 9.3326 "" "" 0.00277970104590514 0.00440548 0.0040603722 0.008465853 25.12192071864 61.9707965614 2602.3457 0.03199999999999992 -1.6530000000000002
25.7937658926 61.72463287381 0.0218 0.0275 19.0626 "" "" 511477660901421440 2655.47974 0.3596 0.038 -3.16 -0.075 0.029 0.035 1.006 6295.0 3.7354 16.168327 1.874633 17.093588 15.218955 "" "" 2422.2771 2980.13989 6421.19011 2.6132 1986.0 7.2248 6480.0 8.1779 "" "" 0.002790524453316698 0.004835873 0.004020104 0.008855977 25.7937658926 61.72463287381 2655.47974 -3.16 -0.07499999999999984
25.74226892046 61.03958608812 0.033 0.0406 29.4708 "" "" 511246797821870464 2913.66089 0.3179 0.0624 -0.173 0.732 0.041 0.045 1.675 7566.9 4.1453 16.17224 1.284474 16.695082 15.410607 "" "" 2535.09473 3602.99194 6398.09759 4.6499 2866.7 7.3899 5431.4 8.2762 "" "" 0.0028660818555814372 0.0039520436 0.0041256277 0.008077672 25.74226892046 61.03958608812 2913.66089 -0.17300000000000001 0.732
25.12363969858 61.16666857799 0.0214 0.0243 20.4482 "" "" 509938001029109632 2571.7561 0.3695 0.037 -0.477 -2.484 0.029 0.028 1.023 5144.6 4.1419 16.172554 1.646878 16.953041 15.306163 "" "" 2296.04541 2874.89941 6396.24949 2.2171 2260.5 6.2151 5979.9 8.3194 "" "" 0.002780903391677054 0.0040861033 0.0040700557 0.008156159 25.12363969858 61.16666857799 2571.7561 -0.4769999999999999 -2.484
24.76415128231 61.32258716259 0.0218 0.0265 19.3975 "" "" 509955283977280768 2579.20752 0.3772 0.0382 -1.247 -0.241 0.028 0.034 1.025 7828.3 3.7821 16.177914 1.434831 16.819975 15.385144 "" "" 2350.30029 2902.00171 6364.7508 2.3999 2555.2 9.3469 5560.3 9.8471 "" "" 0.002785567920670275 0.0048537366 0.004240388 0.009094125 24.76415128231 61.32258716259 2579.20752 -1.247 -0.24100000000000005
24.66748463979 61.26438075454 0.0231 0.028 23.6517 "" "" 509954665502061440 2606.26636 0.3595 0.0407 1.773 -0.519 0.028 0.034 1.021 7201.7 4.305 16.178453 1.289674 16.736055 15.446382 "" "" 2394.13843 2912.23682 6361.58262 2.1388 2760.5 6.7025 5255.4 10.103 "" "" 0.0027793950336259332 0.0038385463 0.004317433 0.008155979 24.66748463979 61.26438075454 2606.26636 1.773 -0.5190000000000002
24.70722537806 61.30421386614 0.0222 0.0287 21.3719 "" "" 509955215257822848 2912.33984 0.3237 0.0396 -2.102 -1.86 0.027 0.034 0.948 6707.0 4.2334 16.179234 1.370031 16.791233 15.421202 "" "" 2608.61694 3278.93579 6357.01202 1.9386 2623.8 7.01 5378.7 7.1631 "" "" 0.0027751426560889947 0.004024854 0.004046535 0.008071389 24.70722537806 61.30421386614 2912.33984 -2.102 -1.8600000000000008
24.42133189366 61.448996665 0.0217 0.0274 26.4623 "" "" 510006857947425152 2951.99854 0.3089 0.0359 -1.436 -0.334 0.028 0.036 1.018 15008.8 4.1988 16.17935 2.339908 17.423664 15.083756 "" "" 2681.63354 3279.53638 6356.33712 2.3089 1465.4 5.3625 7339.3 8.154 "" "" 0.0027834026792355874 0.0048549976 0.003967214 0.008822212 24.42133189366 61.448996665 2951.99854 -1.4359999999999997 -0.33399999999999996
25.61124885858 61.55728977922 0.0213 0.0255 8.701 "" "" 511451856737124864 2763.57495 0.3398 0.0355 -1.194 -0.503 0.028 0.03 0.991 9232.5 3.8048 16.180239 1.284175 16.736353 15.452178 "" "" 2505.55811 3102.13745 6351.13539 2.0605 2759.8 6.2251 5227.4 7.764 "" "" 0.002777744829926951 0.0037125149 0.0041090357 0.007821551 25.61124885858 61.55728977922 2763.57495 -1.194 -0.5030000000000002
25.31093563313 62.033751861 0.0249 0.0276 32.5639 "" "" 511503018388052608 2933.48633 0.3255 0.038 -0.914 -2.722 0.028 0.033 0.978 7269.1 4.0446 16.18275 1.557435 16.90262 15.345185 "" "" 2626.64185 3312.13306 6336.46026 2.2456 2367.9 6.6713 5768.8 8.9909 "" "" 0.0027820573958107953 0.004140312 0.0041409107 0.008281223 25.31093563313 62.033751861 2933.48633 -0.9139999999999999 -2.7220000000000004
25.90786331957 61.76186481028 0.0233 0.026 22.9219 "" "" 511296378925108480 3025.97705 0.3004 0.0384 1.107 0.49 0.029 0.031 1.07 6523.6 3.6443 16.183094 2.162479 17.298601 15.136122 "" "" 2718.4502 3362.40625 6334.44965 2.5653 1644.3 7.853 6993.7 8.5053 "" "" 0.002790183313345284 0.0058883782 0.0040033977 0.009891776 25.90786331957 61.76186481028 3025.97705 1.1070000000000002 0.49
24.57601192662 61.88914286388 0.0248 0.0312 32.2998 "" "" 511521125971247744 2991.71729 0.3103 0.0406 -2.713 0.16 0.032 0.044 1.056 6745.7 4.0469 16.18379 1.612926 16.934216 15.321289 "" "" 2649.59888 3384.09033 6330.39027 2.1963 2300.0 7.9738 5897.2 8.7055 "" "" 0.002780950496647564 0.0046854606 0.004105193 0.008790653 24.57601192662 61.88914286388 2991.71729 -2.713 0.1600000000000001
25.77467169472 61.53682145941 0.0319 0.0345 12.722 "" "" 511263805891927168 2469.72363 0.3753 0.0531 -1.523 0.109 0.042 0.041 1.521 7392.0 3.076 16.184628 2.409575 17.436117 15.026543 "" "" 2185.25977 2851.32886 6325.51042 2.9631 1448.7 5.8135 7736.4 9.0718 "" "" 0.0028018675516586675 0.005173794 0.003988061 0.009161855 25.77467169472 61.53682145941 2469.72363 -1.523 0.1090000000000002
25.49829612027 61.47883379594 0.0228 0.0261 4.5798 "" "" 511449726433194368 2373.45605 0.3999 0.0375 -0.045 -1.735 0.031 0.032 1.058 5206.7 3.7552 16.187271 1.878361 17.1121 15.23374 "" "" 2157.45508 2654.63965 6310.1254 1.9809 1952.4 6.5102 6392.4 7.948 "" "" 0.0027763213826890116 0.00457077 0.0040132403 0.00858401 25.49829612027 61.47883379594 2373.45605 -0.04499999999999993 -1.7350000000000003
25.23009550916 61.1354927089 0.0212 0.0238 21.5781 "" "" 509938378986279808 3057.63037 0.3057 0.0376 -1.426 -0.49 0.028 0.028 1.018 7735.9 4.144 16.187437 1.188981 16.69608 15.507098 "" "" 2728.55493 3500.64185 6309.17089 2.056 2864.1 7.6265 4969.6 6.3068 "" "" 0.002777944171006125 0.0040178904 0.004022721 0.008040612 25.23009550916 61.1354927089 3057.63037 -1.4260000000000002 -0.4899999999999999
