Clusters/UBC_373/UBC_373_stars_in_region.tsv
# %ECSV 1.0
# ---
# datatype:
# - name: RA_ICRS_1
#   unit: deg
#   datatype: float64
#   format: '{:15.11f}'
#   description: Right ascension (ICRS) at Ep=2016.0 (ra)
#   meta: !!omap
#   - {ucd: POS_EQ_RA_MAIN}
#   - {width: 15}
#   - {precision: '11'}
# - name: DE_ICRS_1
#   unit: deg
#   datatype: float64
#   format: '{:15.11f}'
#   description: Declination (ICRS) at Ep=2016.0 (dec)
#   meta: !!omap
#   - {ucd: POS_EQ_DEC_MAIN}
#   - {width: 15}
#   - {precision: '11'}
# - name: e_RA_ICRS
#   unit: mas
#   datatype: float64
#   format: '{:7.4f}'
#   description: Standard error of right ascension (ra_error)
#   meta: !!omap
#   - {ucd: ERROR}
#   - {width: 7}
#   - {precision: '4'}
# - name: e_DE_ICRS
#   unit: mas
#   datatype: float64
#   format: '{:7.4f}'
#   description: Standard error of declination (dec_error)
#   meta: !!omap
#   - {ucd: ERROR}
#   - {width: 7}
#   - {precision: '4'}
# - name: _r_1
#   unit: ''
#   datatype: float64
#   format: '{:7.4f}'
#   description: Distance from center (306.86010736000+37.66580594000)[ICRS], at Epoch=J2016.0
#   meta: !!omap
#   - {ucd: POS_ANG_DIST_GENERAL}
#   - {width: 7}
#   - {precision: '4'}
# - name: HIP
#   datatype: int32
#   description: '? HIP cross-id number, van Leeuwen, Cat. I/311 (hip_original_ext_source_id)'
#   meta: !!omap
#   - {ucd: ID_NUMBER}
#   - {width: 6}
#   - values: {'null': -2147483648}
# - name: TYC2
#   datatype: string
#   description: Tycho-2 cross-id name, Hog et al., Cat. I/259 (tyc2_original_ext_source_id)
#   meta: !!omap
#   - {ucd: ID_CROSSID}
#   - {_votable_string_dtype: char}
# - name: Source
#   datatype: int64
#   description: Source identifier, identical to the Gaia-EDR3 source_id (id)
#   meta: !!omap
#   - {ucd: ID_MAIN}
#   - {width: 19}
# - name: rgeo
#   unit: pc
#   datatype: float64
#   format: '{:15.8f}'
#   description: '? Median of the geometric distance posterior (r_med_geo)'
#   meta: !!omap
#   - {ucd: PHYS_DISTANCE_TRUE}
#   - {width: 15}
#   - {precision: '8'}
#   - values: {'null': .nan}
# - name: Plx
#   unit: mas
#   datatype: float64
#   format: '{:9.4f}'
#   description: '? Parallax (parallax)'
#   meta: !!omap
#   - {ucd: POS_PARLX_TRIG}
#   - {width: 9}
#   - {precision: '4'}
#   - values: {'null': .nan}
# - name: e_Plx
#   unit: mas
#   datatype: float32
#   format: '{:7.4f}'
#   description: '? Standard error of parallax (parallax_error)'
#   meta: !!omap
#   - {ucd: ERROR}
#   - {width: 7}
#   - {precision: '4'}
#   - values: {'null': .nan}
# - name: pmRA
#   unit: mas / yr
#   datatype: float64
#   format: '{:9.3f}'
#   description: '? Proper motion in right ascension direction, pmRA*cosDE (pmra)'
#   meta: !!omap
#   - {ucd: POS_EQ_PMRA}
#   - {width: 9}
#   - {precision: '3'}
#   - values: {'null': .nan}
# - name: pmDE
#   unit: mas / yr
#   datatype: float64
#   format: '{:9.3f}'
#   description: '? Proper motion in declination direction (pmdec)'
#   meta: !!omap
#   - {ucd: POS_EQ_PMDEC}
#   - {width: 9}
#   - {precision: '3'}
#   - values: {'null': .nan}
# - name: e_pmRA
#   unit: mas / yr
#   datatype: float32
#   format: '{:6.3f}'
#   description: '? Standard error of proper motion in right ascension direction (pmra_error)'
#   meta: !!omap
#   - {ucd: ERROR}
#   - {width: 6}
#   - {precision: '3'}
#   - values: {'null': .nan}
# - name: e_pmDE
[...]
#         unit: &id001 !astropy.units.Unit {unit: deg}
#         value: !astropy.table.SerializedColumn {name: SkyCoord.dec}
#       distance: !astropy.table.SerializedColumn
#         __class__: astropy.coordinates.distances.Distance
#         unit: !astropy.units.Unit {unit: pc}
#         value: !astropy.table.SerializedColumn {name: SkyCoord.distance}
#       frame: icrs
#       obstime: !astropy.time.Time {format: jyear_str, in_subfmt: '*', jd1: 367701545.0, jd2: 0.0, out_subfmt: '*', precision: 3, scale: tt}
#       pm_dec: !astropy.table.SerializedColumn
#         __class__: astropy.units.quantity.Quantity
#         unit: !astropy.units.Unit {unit: mas / yr}
#         value: !astropy.table.SerializedColumn {name: SkyCoord.pm_dec}
#       pm_ra_cosdec: !astropy.table.SerializedColumn
#         __class__: astropy.units.quantity.Quantity
#         unit: !astropy.units.Unit {unit: mas / yr}
#         value: !astropy.table.SerializedColumn {name: SkyCoord.pm_ra_cosdec}
#       ra: !astropy.table.SerializedColumn
#         __class__: astropy.coordinates.angles.Longitude
#         unit: *id001
#         value: !astropy.table.SerializedColumn {name: SkyCoord.ra}
#         wrap_angle: !astropy.coordinates.Angle
#           unit: *id001
#           value: 360.0
#       representation_type: spherical
# schema: astropy-2.0
RA_ICRS_1 DE_ICRS_1 e_RA_ICRS e_DE_ICRS _r_1 HIP TYC2 Source rgeo Plx e_Plx pmRA pmDE e_pmRA e_pmDE RUWE Teff logg Gmag BP-RP BPmag RPmag RV e_RV b_rgeo B_rgeo FG e_FG FBP e_FBP FRP e_FRP RAVE5 RAVE6 e_Gmag e_BPmag e_RPmag e_BP-RP SkyCoord.ra SkyCoord.dec SkyCoord.distance SkyCoord.pm_ra_cosdec SkyCoord.pm_dec
[from data line 1095]
306.95376287838 38.14846552707 0.0372 0.0431 29.297 "" "" 2058069683104664576 1128.90503 0.8557 0.049 6.761 -1.487 0.055 0.059 0.997 4774.8 4.3338 16.789246 1.940454 17.758617 15.818164 "" "" 1071.31238 1184.22253 3624.50134 2.1118 1076.4 12.019 3731.6 9.0165 "" "" 0.002827007516976 0.012440183 0.0046006567 0.01704084 306.95376287838 38.14846552707 1128.90503 6.761000000000001 -1.4870000000000005
306.69793974346 37.5476204467 0.0363 0.0495 10.4739 "" "" 2058018246574822144 1106.45996 0.881 0.0498 -3.68 -3.568 0.049 0.064 1.074 "" "" 16.792532 2.0565 17.808496 15.751996 "" "" 1049.42151 1171.95044 3613.5508 2.0041 1028.1 19.599 3966.1 26.208 "" "" 0.0028203514135032213 0.020884957 0.008109122 0.02899408 306.69793974346 37.5476204467 1106.45996 -3.6799999999999997 -3.568
306.60854600703 37.68869519755 0.0328 0.0409 12.0248 "" "" 2058033979036438656 1210.95239 0.7954 0.0446 -4.917 -6.996 0.044 0.051 0.988 6726.1 4.3039 16.79275 2.057673 17.846352 15.788678 "" "" 1147.99829 1282.44702 3612.82515 1.8133 992.83 8.2223 3834.3 7.6542 "" "" 0.0028086912838077636 0.009414672 0.0043567563 0.013771428 306.60854600703 37.68869519755 1210.95239 -4.917 -6.996
306.88678924055 37.44961663917 0.0828 0.0977 13.0333 "" "" 2057827481307859968 1095.11829 0.9296 0.1145 -5.827 -6.241 0.112 0.126 2.503 "" "" 16.793522 2.123831 17.828215 15.704384 "" "" 983.244202 1242.28076 3610.25906 5.007 1009.6 8.3431 4143.9 11.595 "" "" 0.0031399336830110224 0.0093961 0.0048490297 0.01424513 306.88678924055 37.44961663917 1095.11829 -5.827000000000001 -6.241000000000001
307.32156311102 37.72432152825 0.0339 0.0415 22.1879 "" "" 2057858267633352320 1037.50244 0.9455 0.046 -10.296 -8.618 0.047 0.06 0.999 "" "" 16.79398 1.623996 17.564322 15.940326 "" "" 991.615784 1085.29272 3608.73173 2.0708 1287.3 10.316 3334.5 9.4407 "" "" 0.0028248812092515506 0.009137167 0.0048716464 0.014008813 307.32156311102 37.72432152825 1037.50244 -10.296 -8.618
307.41264548662 37.75308061195 0.035 0.0413 26.7451 "" "" 2057857954094256384 1223.73669 0.7936 0.0471 -3.082 -10.127 0.051 0.06 0.933 5392.1 4.5919 16.794685 1.748393 17.644869 15.896476 "" "" 1167.01843 1291.17761 3606.39152 2.0388 1195.3 5.6518 3471.9 6.7408 "" "" 0.0028228599739341825 0.005842976 0.004327511 0.010170487 307.41264548662 37.75308061195 1223.73669 -3.082 -10.127
306.99605122956 37.88895494297 0.0381 0.0461 14.8603 "" "" 2058053087348845696 1193.3877 0.8028 0.0521 -3.684 -5.574 0.049 0.063 1.044 7082.3 4.308 16.794752 2.172559 17.92217 15.749612 "" "" 1125.45007 1277.91321 3606.16507 2.207 925.87 10.891 3974.8 6.5431 "" "" 0.002834311431898433 0.013072733 0.0041806814 0.017253414 306.99605122956 37.88895494297 1193.3877 -3.684 -5.574
306.46863574649 38.04790743103 0.0413 0.0452 29.4877 "" "" 2058114350764433280 1152.89148 0.8397 0.0539 -3.82 -6.063 0.055 0.055 1.088 6465.1 4.3804 16.79791 2.062672 17.85616 15.793488 "" "" 1084.61218 1218.51331 3595.69246 2.4667 983.91 10.173 3817.4 10.882 "" "" 0.0028542185543835017 0.01156737 0.0048849727 0.016452342 306.46863574649 38.04790743103 1152.89148 -3.8199999999999994 -6.062999999999999
307.38968900498 37.72043159522 0.0332 0.0406 25.3561 "" "" 2057857614798296448 1286.88013 0.7519 0.0453 3.577 -1.229 0.046 0.058 0.993 6540.6 4.3731 16.79983 1.75901 17.64282 15.88381 "" "" 1206.5708 1364.72632 3589.34093 1.8097 1197.5 7.2906 3512.6 7.2372 "" "" 0.002809172810397952 0.0071749063 0.004391799 0.011566706 307.38968900498 37.72043159522 1286.88013 3.5769999999999995 -1.229
307.10630851293 37.31102900825 0.0373 0.0383 24.3004 "" "" 2057810438877494272 1446.17871 0.6603 0.0474 -0.624 -2.753 0.049 0.051 1.001 7987.5 4.2171 16.804083 2.242725 17.984741 15.742016 "" "" 1340.1355 1567.00562 3575.31195 2.1163 874.02 10.163 4002.7 14.241 "" "" 0.002829277885358183 0.012929457 0.005404221 0.018333677 307.10630851293 37.31102900825 1446.17871 -0.624 -2.753
307.27977241315 37.60900337341 0.0326 0.0412 20.2289 "" "" 2057855209616614912 1009.86639 0.9575 0.0447 0.263 -1.363 0.045 0.056 1.024 4752.8 4.4997 16.804289 1.608772 17.568861 15.960089 "" "" 942.599487 1062.89539 3574.63226 2.0744 1282.0 8.961 3274.3 11.165 "" "" 0.002826441471455405 0.008085799 0.0052905865 0.013376386 307.27977241315 37.60900337341 1009.86639 0.26299999999999996 -1.363
306.82909114179 37.14726788778 0.0381 0.0415 31.1474 "" "" 2057813423874848512 1328.01465 0.7283 0.0512 -2.317 -6.075 0.054 0.059 1.021 5185.2 4.5489 16.80495 1.770193 17.667784 15.897591 "" "" 1244.6062 1401.95898 3572.45138 2.1822 1170.3 8.0394 3468.3 9.1995 "" "" 0.00283401479678756 0.007963295 0.0047515617 0.012714857 306.82909114179 37.14726788778 1328.01465 -2.317 -6.074999999999999
307.38339803153 37.44363409273 0.1335 0.1651 28.2357 "" "" 2057838579503143808 1170.33374 0.9297 0.181 -2.578 -3.978 0.175 0.215 3.822 4708.7 4.7104 16.807959 1.890916 17.67983 15.788915 "" "" 963.315369 1553.71375 3562.56713 15.099 1157.4 18.292 3833.5 45.774 "" "" 0.005363447229092721 0.01738476 0.013503916 0.030888677 307.38339803153 37.44363409273 1170.33374 -2.578 -3.9779999999999998
307.14573796094 38.12453949218 0.0422 0.0441 30.6671 "" "" 2064061952753923584 1391.09558 0.7034 0.0559 -14.061 -14.777 0.061 0.061 1.122 4994.3 4.1914 16.81082 2.380483 18.088184 15.707702 "" "" 1295.23352 1541.23145 3553.19417 2.8225 794.59 14.745 4131.2 9.9297 "" "" 0.0028871487418144453 0.020340007 0.004592827 0.024932833 307.14573796094 38.12453949218 1391.09558 -14.061 -14.777
306.68653841478 38.00437167083 0.0366 0.0428 21.9158 "" "" 2058064872739320576 1403.04919 0.6862 0.048 -6.607 -5.632 0.05 0.055 1.027 6331.9 4.3491 16.812325 1.898772 17.759262 15.86049 "" "" 1323.22363 1493.61438 3548.27247 2.0858 1075.8 7.4347 3588.9 7.4414 "" "" 0.0028282737037903976 0.008005346 0.004399058 0.012404405 306.68653841478 38.00437167083 1403.04919 -6.607000000000001 -5.632
306.59879630613 37.38597713451 0.0385 0.0511 20.8928 "" "" 2058008076091575424 1308.27161 0.7359 0.053 0.415 -3.064 0.052 0.064 1.089 6701.3 4.3512 16.813686 1.83278 17.710077 15.877297 "" "" 1235.16675 1414.00305 3543.82585 2.3392 1125.6 7.4041 3533.8 8.9627 "" "" 0.002846999383161595 0.007667561 0.0046761897 0.012343751 306.59879630613 37.38597713451 1308.27161 0.41500000000000015 -3.064
306.99398619107 38.03610829573 0.0369 0.0442 23.1057 "" "" 2058068136914946688 994.247375 0.9811 0.0517 -2.133 -14.384 0.052 0.059 1.036 4873.2 4.5941 16.815222 1.781192 17.684795 15.903604 "" "" 950.141541 1036.28564 3538.81431 2.0222 1152.1 7.002 3449.2 8.2547 "" "" 0.002824308585402586 0.007164318 0.0045864414 0.01175076 306.99398619107 38.03610829573 994.247375 -2.1329999999999996 -14.383999999999999
306.75333441546 37.36837810527 0.0366 0.0446 18.555 "" "" 2057825454083312640 1171.30798 0.823 0.0487 0.597 -2.718 0.047 0.06 1.022 5331.5 4.5844 16.816462 1.744237 17.67022 15.925982 "" "" 1112.98816 1250.46558 3534.7779 4.4603 1167.7 11.206 3378.8 17.566 "" "" 0.003077131538349186 0.010786539 0.0067930445 0.017579583 306.75333441546 37.36837810527 1171.30798 0.597 -2.718
306.5057320255 37.81221610085 0.0354 0.0415 18.971 "" "" 2058038450100529280 1452.83301 0.6659 0.0469 3.579 -5.116 0.049 0.052 0.95 5814.4 4.2996 16.81727 1.938098 17.786757 15.848659 "" "" 1379.25916 1537.24939 3532.14434 2.0871 1048.9 6.3651 3628.2 6.7367 "" "" 0.002829023353730797 0.007155079 0.0042834324 0.011438511 306.5057320255 37.81221610085 1452.83301 3.579 -5.116
306.8519011408 37.29980243595 0.0353 0.0395 21.9637 "" "" 2057824114053463168 1060.37769 0.9183 0.0472 5.868 12.858 0.048 0.053 0.981 5322.3 4.6166 16.817368 1.655968 17.610428 15.95446 "" "" 1021.89209 1104.00952 3531.82658 1.8843 1233.8 8.2142 3291.4 11.688 "" "" 0.002815552127293552 0.0077482546 0.005398965 0.01314722 306.8519011408 37.29980243595 1060.37769 5.868000000000001 12.858000000000002
307.35486283529 37.40163611494 0.0361 0.0446 28.3791 "" "" 2057832326030757504 1107.74963 0.8661 0.0491 -2.093 -5.414 0.047 0.056 1.048 4536.5 4.186 16.817675 1.692485 17.631214 15.938729 "" "" 1046.74329 1179.95935 3530.83349 2.1645 1210.4 7.8587 3339.4 8.6821 "" "" 0.002834571416640156 0.007581405 0.0047171973 0.012298603 307.35486283529 37.40163611494 1107.74963 -2.093 -5.414000000000001
306.37107682949 37.96912710638 0.0358 0.0411 29.47 "" "" 2058090367665383680 1264.69873 0.7625 0.0482 -3.02 -10.966 0.049 0.056 0.964 4808.8 4.276 16.818535 1.923249 17.776587 15.853337 "" "" 1187.57312 1339.52319 3528.03245 1.9867 1058.7 7.9351 3612.6 10.07 "" "" 0.0028223389110822684 0.008602782 0.004841812 0.013444594 306.37107682949 37.96912710638 1264.69873 -3.0199999999999996 -10.966000000000001
306.63996497569 37.27281769968 0.043 0.0518 25.8047 "" "" 2058005018075848320 1104.25476 0.8733 0.0551 -0.424 -5.515 0.059 0.07 1.108 4525.1 4.1853 16.818747 1.627483 17.583153 15.955669 "" "" 1032.85559 1178.01392 3527.34698 3.2595 1265.2 8.5228 3287.7 14.111 "" "" 0.002932299979229706 0.007828013 0.0059999772 0.013827991 306.63996497569 37.27281769968 1104.25476 -0.42399999999999993 -5.515
306.80586707235 37.46608915917 0.0335 0.044 12.2575 "" "" 2058013882887300096 1307.70691 0.7462 0.0479 -5.187 -5.578 0.046 0.06 0.999 "" "" 16.819273 2.47886 18.160858 15.681998 "" "" 1225.01038 1403.70618 3525.63535 1.9612 743.14 5.6335 4230.2 10.654 "" "" 0.002820737153616254 0.008690683 0.0046648853 0.013355568 306.80586707235 37.46608915917 1307.70691 -5.187 -5.577999999999999
307.20941495746 37.55122000315 0.0324 0.0403 17.9704 "" "" 2057849024863716736 1073.67981 0.9091 0.0441 -17.424 -17.981 0.045 0.054 1.003 4945.1 4.3211 16.822676 2.073758 17.889505 15.815747 "" "" 1022.27887 1131.47571 3514.60662 2.4755 954.15 6.5391 3739.9 10.429 "" "" 0.002859476856117364 0.007946828 0.0048425663 0.012789395 307.20941495746 37.55122000315 1073.67981 -17.424 -17.981
307.3440907296 37.73436727968 0.0358 0.0438 23.3416 "" "" 2057858233273608064 1385.01196 0.7053 0.0489 -8.061 -7.843 0.048 0.061 1.019 7078.4 4.3148 16.825043 1.773724 17.677418 15.903694 "" "" 1286.88196 1475.97583 3506.95196 1.941 1160.0 7.9796 3448.9 8.7678 "" "" 0.0028200886159275643 0.007972901 0.00467998 0.012652881 307.3440907296 37.73436727968 1385.01196 -8.061 -7.843000000000001
307.26220616475 37.69816810345 0.0377 0.0425 19.1921 "" "" 2057856824524355712 1052.76404 0.931 0.0481 -0.299 -11.857 0.053 0.056 1.078 4593.0 4.3876 16.827929 1.756871 17.675217 15.918345 "" "" 1003.08118 1105.04639 3497.63925 1.9384 1162.3 8.0431 3402.7 15.254 "" "" 0.002820257684156428 0.008014638 0.006162299 0.014176937 307.26220616475 37.69816810345 1052.76404 -0.2990000000000008 -11.857
307.10052689162 37.91551077724 0.0387 0.0407 18.826 "" "" 2058051919117706752 1286.64868 0.7378 0.0514 0.289 -2.472 0.049 0.054 0.973 6626.9 4.2714 16.837015 2.203301 17.987734 15.784432 "" "" 1198.77332 1377.94617 3468.49153 2.0887 871.61 11.451 3849.3 10.938 "" "" 0.002831832099588543 0.014534465 0.0048787356 0.019413201 307.10052689162 37.91551077724 1286.64868 0.2889999999999998 -2.4719999999999995
307.0199042244 37.73114767439 0.0341 0.0426 8.5394 "" "" 2058042573268840704 1427.38232 0.6576 0.0477 1.903 -0.336 0.045 0.056 1.003 7984.7 4.1504 16.838001 2.270599 18.032093 15.761494 "" "" 1343.83386 1520.27515 3465.34184 2.1005 836.72 7.594 3931.5 9.7578 "" "" 0.002832825977401728 0.010241452 0.004641701 0.014883153 307.0199042244 37.73114767439 1427.38232 1.9029999999999998 -0.3360000000000002
306.50242374844 37.88738439548 0.036 0.0448 21.552 "" "" 2058085900899261696 1446.28943 0.6725 0.0494 -2.805 -5.642 0.049 0.056 1.004 6655.1 4.3521 16.83895 1.841951 17.742943 15.900991 "" "" 1344.4458 1555.39258 3462.32126 1.9978 1092.0 5.8659 3457.5 7.0894 "" "" 0.002825645005502229 0.006465309 0.0043863268 0.010851636 306.50242374844 37.88738439548 1446.28943 -2.805 -5.642000000000001
306.88349612795 37.62788885562 0.0337 0.0445 2.5319 "" "" 2058040717842989568 1188.62256 0.8075 0.047 -0.716 -3.828 0.044 0.058 1.037 6708.2 4.3003 16.84032 2.056451 17.893091 15.83664 "" "" 1127.78723 1267.02051 3457.94692 2.0269 951.0 11.034 3668.6 8.5766 "" "" 0.0028278630655377305 0.012902577 0.0045526456 0.017455224 306.88349612795 37.62788885562 1188.62256 -0.7160000000000002 -3.8279999999999994
306.46779684927 37.71991012769 0.0348 0.0401 18.9069 "" "" 2058035598242217472 1417.42395 0.6826 0.046 -2.745 -9.004 0.046 0.05 1.002 4616.2 4.1605 16.840487 1.998964 17.850628 15.851664 "" "" 1328.04675 1518.04785 3457.41802 1.99 988.93 5.6042 3618.2 8.3608 "" "" 0.0028252993339177293 0.00675588 0.0045363195 0.0112922 306.46779684927 37.71991012769 1417.42395 -2.7450000000000006 -9.003999999999998
307.04716005769 37.50257933711 0.0365 0.0412 13.2293 "" "" 2057850914649377792 1333.72681 0.7137 0.0472 -2.234 -2.729 0.048 0.052 1.054 "" "" 16.840858 2.408372 18.12966 15.721288 "" "" 1263.82617 1416.56372 3456.23669 2.276 764.81 7.8146 4079.8 13.666 "" "" 0.002846574071811627 0.011439223 0.005245045 0.016684268 307.04716005769 37.50257933711 1333.72681 -2.234 -2.729
306.79395954476 37.14873499078 0.0393 0.0462 31.184 "" "" 2057814115370002816 1160.73169 0.8304 0.0538 1.021 -1.076 0.055 0.064 1.053 4708.2 4.3652 16.841606 1.69804 17.65068 15.952641 "" "" 1099.39856 1213.75317 3453.85819 1.9398 1188.9 9.2503 3296.9 13.204 "" "" 0.002821989935809247 0.008896487 0.0057612355 0.014657723 306.79395954476 37.14873499078 1160.73169 1.021 -1.076
307.07712912082 37.71236882288 0.0819 0.0972 10.6763 "" "" 2057854694216508800 994.920532 1.0073 0.0994 -2.034 -8.104 0.101 0.11 1.419 "" "" 16.842024 1.771723 16.885798 15.114075 "" "" 903.022156 1106.24927 3452.52795 3.7599 2404.9 37.774 7137.2 280.94 "" "" 0.0029983083114931653 0.017280508 0.042904373 0.06018488 307.07712912082 37.71236882288 994.920532 -2.0339999999999994 -8.104
306.39855675134 37.33001169096 0.047 0.0555 29.8102 "" "" 2057916232513024640 1236.23022 0.7918 0.065 0.978 -3.243 0.065 0.067 1.072 4580.7 4.2958 16.842768 1.962433 17.829977 15.867544 "" "" 1148.50818 1375.49121 3450.16237 2.4453 1007.9 8.5881 3565.7 10.596 "" "" 0.0028607590354920373 0.0096629225 0.0049692593 0.014632182 306.39855675134 37.33001169096 1236.23022 0.9779999999999996 -3.2429999999999994
306.98949627059 37.13790544778 0.0411 0.0438 32.2688 "" "" 2057806865465109248 1183.57104 0.8369 0.0554 -9.02 -5.196 0.056 0.056 1.006 5016.4 4.5875 16.843649 1.66196 17.629076 15.967116 "" "" 1110.19604 1249.22925 3447.36294 2.0132 1212.8 9.5925 3253.2 15.211 "" "" 0.0028273326921453967 0.009029411 0.006328934 0.015358345 306.98949627059 37.13790544778 1183.57104 -9.020000000000001 -5.196
306.27456031569 37.67411529387 0.0349 0.0452 27.8136 "" "" 2058077139166015104 1351.15076 0.7075 0.0481 -9.621 -18.839 0.049 0.057 0.981 7125.2 4.3009 16.846012 1.930884 17.805075 15.87419 "" "" 1279.92651 1449.573 3439.86614 2.1659 1031.3 7.7075 3543.9 7.3456 "" "" 0.0028388623525410902 0.008580643 0.004398667 0.01297931 306.27456031569 37.67411529387 1351.15076 -9.620999999999999 -18.839
306.91953091059 37.23861621594 0.0395 0.0413 25.7872 "" "" 2057820025244547200 1322.62549 0.7354 0.053 -3.591 -6.287 0.053 0.051 0.988 5347.8 4.5073 16.847223 1.832476 17.746834 15.914358 "" "" 1228.75854 1426.95886 3436.03629 2.2159 1088.1 7.9568 3415.2 11.439 "" "" 0.002842895920062757 0.008415517 0.005244867 0.013660384 306.91953091059 37.23861621594 1322.62549 -3.591 -6.287
307.49918487831 37.72989659789 0.0388 0.0473 30.5827 "" "" 2063850606003710592 1453.70898 0.6536 0.0532 -3.212 -5.647 0.056 0.061 0.993 9422.7 4.1497 16.848389 2.552022 18.247982 15.69596 "" "" 1344.35254 1602.38049 3432.34754 2.259 685.84 7.5115 4176.1 9.5057 "" "" 0.002846473301914632 0.012214225 0.004515683 0.016729908 307.49918487831 37.72989659789 1453.70898 -3.2120000000000006 -5.647
