Clusters/UBC_373/UBC_373_stars_in_region.tsv
# %ECSV 1.0
# ---
# datatype:
# - name: RA_ICRS_1
#   unit: deg
#   datatype: float64
#   format: '{:15.11f}'
#   description: Right ascension (ICRS) at Ep=2016.0 (ra)
#   meta: !!omap
#   - {ucd: POS_EQ_RA_MAIN}
#   - {width: 15}
#   - {precision: '11'}
# - name: DE_ICRS_1
#   unit: deg
#   datatype: float64
#   format: '{:15.11f}'
#   description: Declination (ICRS) at Ep=2016.0 (dec)
#   meta: !!omap
#   - {ucd: POS_EQ_DEC_MAIN}
#   - {width: 15}
#   - {precision: '11'}
# - name: e_RA_ICRS
#   unit: mas
#   datatype: float64
#   format: '{:7.4f}'
#   description: Standard error of right ascension (ra_error)
#   meta: !!omap
#   - {ucd: ERROR}
#   - {width: 7}
#   - {precision: '4'}
# - name: e_DE_ICRS
#   unit: mas
#   datatype: float64
#   format: '{:7.4f}'
#   description: Standard error of declination (dec_error)
#   meta: !!omap
#   - {ucd: ERROR}
#   - {width: 7}
#   - {precision: '4'}
# - name: _r_1
#   unit: ''
#   datatype: float64
#   format: '{:7.4f}'
#   description: Distance from center (306.86010736000+37.66580594000)[ICRS], at Epoch=J2016.0
#   meta: !!omap
#   - {ucd: POS_ANG_DIST_GENERAL}
#   - {width: 7}
#   - {precision: '4'}
# - name: HIP
#   datatype: int32
#   description: '? HIP cross-id number, van Leeuwen, Cat. I/311 (hip_original_ext_source_id)'
#   meta: !!omap
#   - {ucd: ID_NUMBER}
#   - {width: 6}
#   - values: {'null': -2147483648}
# - name: TYC2
#   datatype: string
#   description: Tycho-2 cross-id name, Hog et al., Cat. I/259 (tyc2_original_ext_source_id)
#   meta: !!omap
#   - {ucd: ID_CROSSID}
#   - {_votable_string_dtype: char}
# - name: Source
#   datatype: int64
#   description: Source identifier, identical to the Gaia-EDR3 source_id (id)
#   meta: !!omap
#   - {ucd: ID_MAIN}
#   - {width: 19}
# - name: rgeo
#   unit: pc
#   datatype: float64
#   format: '{:15.8f}'
#   description: '? Median of the geometric distance posterior (r_med_geo)'
#   meta: !!omap
#   - {ucd: PHYS_DISTANCE_TRUE}
#   - {width: 15}
#   - {precision: '8'}
#   - values: {'null': .nan}
# - name: Plx
#   unit: mas
#   datatype: float64
#   format: '{:9.4f}'
#   description: '? Parallax (parallax)'
#   meta: !!omap
#   - {ucd: POS_PARLX_TRIG}
#   - {width: 9}
#   - {precision: '4'}
#   - values: {'null': .nan}
# - name: e_Plx
#   unit: mas
#   datatype: float32
#   format: '{:7.4f}'
#   description: '? Standard error of parallax (parallax_error)'
#   meta: !!omap
#   - {ucd: ERROR}
#   - {width: 7}
#   - {precision: '4'}
#   - values: {'null': .nan}
# - name: pmRA
#   unit: mas / yr
#   datatype: float64
#   format: '{:9.3f}'
#   description: '? Proper motion in right ascension direction, pmRA*cosDE (pmra)'
#   meta: !!omap
#   - {ucd: POS_EQ_PMRA}
#   - {width: 9}
#   - {precision: '3'}
#   - values: {'null': .nan}
# - name: pmDE
#   unit: mas / yr
#   datatype: float64
#   format: '{:9.3f}'
#   description: '? Proper motion in declination direction (pmdec)'
#   meta: !!omap
#   - {ucd: POS_EQ_PMDEC}
#   - {width: 9}
#   - {precision: '3'}
#   - values: {'null': .nan}
# - name: e_pmRA
#   unit: mas / yr
#   datatype: float32
#   format: '{:6.3f}'
#   description: '? Standard error of proper motion in right ascension direction (pmra_error)'
#   meta: !!omap
#   - {ucd: ERROR}
#   - {width: 6}
#   - {precision: '3'}
#   - values: {'null': .nan}
# - name: e_pmDE
[...]
#         unit: &id001 !astropy.units.Unit {unit: deg}
#         value: !astropy.table.SerializedColumn {name: SkyCoord.dec}
#       distance: !astropy.table.SerializedColumn
#         __class__: astropy.coordinates.distances.Distance
#         unit: !astropy.units.Unit {unit: pc}
#         value: !astropy.table.SerializedColumn {name: SkyCoord.distance}
#       frame: icrs
#       obstime: !astropy.time.Time {format: jyear_str, in_subfmt: '*', jd1: 367701545.0, jd2: 0.0, out_subfmt: '*', precision: 3, scale: tt}
#       pm_dec: !astropy.table.SerializedColumn
#         __class__: astropy.units.quantity.Quantity
#         unit: !astropy.units.Unit {unit: mas / yr}
#         value: !astropy.table.SerializedColumn {name: SkyCoord.pm_dec}
#       pm_ra_cosdec: !astropy.table.SerializedColumn
#         __class__: astropy.units.quantity.Quantity
#         unit: !astropy.units.Unit {unit: mas / yr}
#         value: !astropy.table.SerializedColumn {name: SkyCoord.pm_ra_cosdec}
#       ra: !astropy.table.SerializedColumn
#         __class__: astropy.coordinates.angles.Longitude
#         unit: *id001
#         value: !astropy.table.SerializedColumn {name: SkyCoord.ra}
#         wrap_angle: !astropy.coordinates.Angle
#           unit: *id001
#           value: 360.0
#       representation_type: spherical
# schema: astropy-2.0
RA_ICRS_1 DE_ICRS_1 e_RA_ICRS e_DE_ICRS _r_1 HIP TYC2 Source rgeo Plx e_Plx pmRA pmDE e_pmRA e_pmDE RUWE Teff logg Gmag BP-RP BPmag RPmag RV e_RV b_rgeo B_rgeo FG e_FG FBP e_FBP FRP e_FRP RAVE5 RAVE6 e_Gmag e_BPmag e_RPmag e_BP-RP SkyCoord.ra SkyCoord.dec SkyCoord.distance SkyCoord.pm_ra_cosdec SkyCoord.pm_dec
[from data line 566]
306.79950452432 38.03494779039 0.0228 0.0252 22.3338 "" "" 2058064666580831616 1361.59937 0.7068 0.0301 -3.602 -5.546 0.032 0.035 0.923 6223.5 3.8866 15.858164 1.759832 16.708782 14.94895 "" "" 1312.02905 1410.89026 8544.39119 7.0333 2830.8 14.754 8309.6 19.586 "" "" 0.0028966408061227495 0.006309291 0.0045642965 0.010873588 306.79950452432 38.03494779039 1361.59937 -3.602 -5.545999999999999
306.42499151626 37.27478344785 0.0234 0.0266 31.3011 "" "" 2057915098641617024 1247.01514 0.7777 0.0324 1.611 -4.695 0.032 0.033 1.017 6460.4 4.3477 15.859036 1.461382 16.524233 15.062851 "" "" 1201.46716 1298.7594 8537.52801 3.112 3355.2 12.814 7482.0 10.843 "" "" 0.002783597541065838 0.0049979216 0.004093838 0.009091759 306.42499151626 37.27478344785 1247.01514 1.6110000000000002 -4.695000000000001
306.94079628207 37.73885890964 0.0212 0.0259 5.8211 "" "" 2058043157384428416 1103.37463 0.8855 0.0292 -2.8 15.243 0.027 0.033 1.044 6307.8 4.1377 15.859212 1.926537 16.819946 14.89341 "" "" 1071.80786 1138.47437 8536.14758 3.2606 2555.3 8.1407 8745.7 11.18 "" "" 0.00278635711859322 0.004444027 0.0040261783 0.008470206 306.94079628207 37.73885890964 1103.37463 -2.8 15.243
307.07679956648 37.17018854313 0.0228 0.0263 31.4789 "" "" 2057807105982832256 1207.09473 0.8124 0.0325 -10.758 -4.831 0.03 0.032 0.955 6820.4 4.255 15.860225 1.574566 16.584255 15.009689 "" "" 1171.18848 1251.72095 8528.18663 3.1932 3174.8 13.605 7857.5 12.312 "" "" 0.00278514935230522 0.005425201 0.004144633 0.009569834 307.07679956648 37.17018854313 1207.09473 -10.758 -4.8309999999999995
306.89550200752 37.51470195335 0.0209 0.0247 9.2211 "" "" 2057828198562717056 1227.34644 0.779 0.0287 -0.013 -4.577 0.028 0.032 1.058 7493.6 3.8798 15.861551 2.045539 16.891539 14.846 "" "" 1182.91443 1267.07166 8517.7744 3.3465 2392.2 6.605 9136.0 13.166 "" "" 0.0027881445907301026 0.0040953304 0.004090466 0.008185796 306.89550200752 37.51470195335 1227.34644 -0.0129999999999999 -4.577
307.48267250284 37.7519136234 0.0243 0.0294 29.9999 "" "" 2063850812162145920 1405.87231 0.68 0.0329 -0.679 -7.769 0.033 0.038 1.026 8602.9 3.8282 15.862315 2.1094 16.941801 14.832401 "" "" 1338.42444 1484.64453 8511.78228 3.643 2284.0 6.3619 9251.2 10.538 "" "" 0.0027942308137427554 0.0041147326 0.0039765933 0.008091326 307.48267250284 37.7519136234 1405.87231 -0.6789999999999996 -7.769
306.89657161659 37.89430685693 0.0226 0.0261 13.8187 "" "" 2058048208266046080 1275.49182 0.7531 0.0305 -0.814 -2.778 0.03 0.034 1.0 8848.7 4.1075 15.862722 2.029631 16.884373 14.854742 "" "" 1237.26587 1334.82031 8508.597 3.1672 2408.1 12.791 9062.8 14.043 "" "" 0.0027848026981901514 0.0064065587 0.004136919 0.010543478 306.89657161659 37.89430685693 1275.49182 -0.8139999999999997 -2.7780000000000005
306.81663616836 37.4258490097 0.0228 0.0261 14.5452 "" "" 2057826106918340224 1412.12317 0.6737 0.0307 -4.805 -7.801 0.03 0.034 0.941 6815.8 3.6517 15.863817 2.732892 17.406713 14.673821 "" "" 1349.96204 1460.4292 8500.02183 3.8757 1488.4 10.202 10706.0 16.26 "" "" 0.0027994410087758535 0.00794786 0.0041234563 0.012071317 306.81663616836 37.4258490097 1412.12317 -4.805 -7.801
306.37175312587 37.63263878001 0.0205 0.0246 23.2849 "" "" 2058029757086713600 1301.32104 0.7415 0.0274 -12.005 -19.024 0.028 0.032 1.03 6357.4 4.0253 15.868266 1.970659 16.85133 14.880671 "" "" 1254.81042 1337.91687 8465.25954 3.1704 2482.5 9.4089 8848.9 11.342 "" "" 0.0027851636105136078 0.0049717794 0.004027452 0.008999231 306.37175312587 37.63263878001 1301.32104 -12.005000000000003 -19.024000000000004
306.4414766166 37.48991970951 0.0208 0.0242 22.5308 "" "" 2058024431327152384 1470.40332 0.636 0.0281 5.514 -4.919 0.027 0.03 0.991 5141.8 3.3529 15.870999 2.628978 17.32891 14.699933 "" "" 1410.22742 1541.85168 8443.97692 3.6352 1599.0 8.6418 10452.0 10.079 "" "" 0.002794685875680201 0.0064974516 0.0039217235 0.010419175 306.4414766166 37.48991970951 1470.40332 5.514000000000002 -4.9190000000000005
306.83788192846 37.31097430073 0.0235 0.0253 21.3162 "" "" 2057824182772947712 1181.78735 0.8139 0.0302 2.7 -1.912 0.032 0.033 0.941 5145.6 4.172 15.871188 1.696406 16.684229 14.987823 "" "" 1140.69482 1220.98022 8442.50604 4.3891 2895.5 11.552 8017.3 12.132 "" "" 0.002812542890034958 0.0051525366 0.004121051 0.009273588 306.83788192846 37.31097430073 1181.78735 2.7000000000000006 -1.912
307.02830044439 38.13131621934 0.024 0.0264 29.0436 "" "" 2058069098987628928 1009.53174 0.9753 0.0314 0.848 -6.449 0.034 0.035 1.027 5173.1 4.1946 15.872961 1.726196 16.699968 14.973772 "" "" 981.193542 1043.44836 8428.73545 3.2062 2853.8 11.137 8121.7 13.179 "" "" 0.0027861012745872644 0.005073272 0.0041698576 0.00924313 307.02830044439 38.13131621934 1009.53174 0.8479999999999999 -6.449
306.89156280192 37.35255540586 0.0218 0.0251 18.8546 "" "" 2057824663809278208 998.430298 0.9713 0.0293 2.279 -17.512 0.028 0.032 1.026 5325.6 4.3224 15.877026 1.492839 16.561707 15.068868 "" "" 973.064331 1021.9151 8397.23624 2.8259 3241.4 11.242 7440.7 12.112 "" "" 0.0027794409388867255 0.0046866685 0.004172207 0.008858875 306.89156280192 37.35255540586 998.430298 2.279000000000001 -17.512
306.38705264592 37.77572354238 0.0221 0.0253 23.3998 "" "" 2058083564432421760 1108.76086 0.8753 0.0297 -17.972 -16.279 0.029 0.034 1.056 6141.2 4.0482 15.877583 1.641221 16.629702 14.988481 "" "" 1070.61511 1147.60571 8392.92945 3.259 3044.6 9.408 8012.5 15.111 "" "" 0.002787387928163239 0.0043636006 0.004298427 0.008662028 306.38705264592 37.77572354238 1108.76086 -17.972 -16.279
306.73295983896 38.1967396776 0.0222 0.0257 32.4193 "" "" 2058119161126497536 1433.32312 0.6769 0.0305 0.443 0.001 0.031 0.034 0.986 7119.8 4.1389 15.879035 1.69686 16.68501 14.988151 "" "" 1381.05396 1495.65674 8381.71117 3.2944 2893.4 12.151 8014.9 10.878 "" "" 0.002788171494175679 0.005345569 0.0040564984 0.009402067 306.73295983896 38.1967396776 1433.32312 0.443 0.0010000000000000035
306.77602752728 37.71247115496 0.0212 0.026 4.8761 "" "" 2058045047170101888 1414.23499 0.6731 0.0286 -3.733 -5.017 0.029 0.032 0.964 8038.8 4.0969 15.879419 1.87223 16.804787 14.932557 "" "" 1352.21948 1480.28259 8378.74222 3.3097 2591.2 8.1777 8436.0 11.844 "" "" 0.0027884988852812428 0.004418841 0.004075216 0.008494057 306.77602752728 37.71247115496 1414.23499 -3.733000000000001 -5.017000000000001
306.55894503683 37.23088867367 0.0242 0.0306 29.7783 "" "" 2058004708838208128 990.153381 0.9931 0.0342 -2.052 -0.25 0.034 0.043 0.989 4807.2 4.3366 15.882663 1.395013 16.509287 15.114274 "" "" 953.865723 1016.65155 8353.75449 2.9267 3401.7 9.3109 7135.9 11.877 "" "" 0.0027814529390128837 0.0040763537 0.0041891932 0.008265547 306.55894503683 37.23088867367 990.153381 -2.052 -0.24999999999999992
306.4352662669 37.29724529328 0.0258 0.031 29.9696 "" "" 2057915201721060480 1411.94202 0.6794 0.0355 -0.304 -4.056 0.037 0.039 0.96 6619.2 4.2806 15.884448 1.497834 16.569855 15.072021 "" "" 1346.84229 1502.64453 8340.03033 3.0799 3217.2 12.142 7419.1 10.856 "" "" 0.0027843406015102042 0.0049574096 0.00409972 0.00905713 306.4352662669 37.29724529328 1411.94202 -0.3039999999999998 -4.056000000000001
306.2464838435 37.8714736661 0.0214 0.027 31.6118 "" "" 2058083083400871552 1202.92664 0.7987 0.0292 1.47 -1.885 0.03 0.037 0.964 6439.7 4.0208 15.887187 1.78723 16.754036 14.966805 "" "" 1171.68701 1242.10889 8319.01755 3.1154 2715.2 8.8765 8174.0 10.53 "" "" 0.00278515923942724 0.004514845 0.004029892 0.0085447375 306.2464838435 37.8714736661 1202.92664 1.47 -1.8849999999999998
306.60362756422 37.35559277962 0.0272 0.0379 22.2586 "" "" 2058007904293896064 1203.22607 0.8042 0.038 -4.315 -0.545 0.037 0.047 1.176 5901.7 4.0691 15.893631 1.766144 16.742369 14.976225 "" "" 1151.63245 1250.80066 8269.78957 3.973 2744.5 11.116 8103.4 10.676 "" "" 0.0028042591733273984 0.0052080117 0.0040410203 0.009249032 306.60362756422 37.35559277962 1203.22607 -4.315000000000001 -0.545
306.87950780694 37.62253976368 0.0221 0.0276 2.7547 "" "" 2058040614763774208 1384.91357 0.6963 0.0305 -3.712 -6.804 0.029 0.035 1.039 6602.0 3.9289 15.895449 2.161889 16.999437 14.837548 "" "" 1319.56433 1435.42004 8255.95078 3.3248 2165.9 10.629 9207.4 24.872 "" "" 0.002789797615588489 0.006014522 0.004783896 0.010798418 306.87950780694 37.62253976368 1384.91357 -3.712 -6.804
306.56466813783 37.45988422764 0.0304 0.0364 18.7108 "" "" 2058012538560996096 1054.15881 0.914 0.0422 0.919 -4.938 0.041 0.048 1.005 9582.8 4.2691 15.895932 1.765303 16.58295 14.817648 "" "" 1015.07977 1106.26038 8252.27603 8.4158 3178.6 141.86 9377.8 64.613 "" "" 0.002969476987320643 0.048536357 0.0083812205 0.056917578 306.56466813783 37.45988422764 1054.15881 0.9190000000000003 -4.938
306.68466996476 37.62576894712 0.0207 0.0265 8.674 "" "" 2058020887977783424 1202.27344 0.8019 0.0283 -0.628 -3.799 0.027 0.032 1.016 7198.9 4.2862 15.898373 1.81955 16.779484 14.959934 "" "" 1164.11084 1239.38477 8233.7508 3.0068 2652.3 10.106 8225.9 12.594 "" "" 0.002783701297860781 0.0049899356 0.00412879 0.009118726 306.68466996476 37.62576894712 1202.27344 -0.6280000000000001 -3.7989999999999995
306.4625793128 37.86276879121 0.139 0.1684 22.2529 "" "" 2058085935259013504 1013.1626 1.0865 0.195 -6.787 -7.598 0.186 0.2 7.221 5049.2 4.6559 15.906021 1.66087 16.617764 14.956894 "" "" 830.778809 1333.21362 8175.94823 21.42 3078.3 10.943 8249.0 14.712 "" "" 0.003960171445849684 0.00476257 0.004246571 0.0090091415 306.4625793128 37.86276879121 1013.1626 -6.787000000000001 -7.598000000000001
307.27325608229 37.60467242279 0.0209 0.0256 19.9704 "" "" 2057855175257038080 1072.77319 0.8937 0.0283 -2.906 -8.114 0.029 0.036 0.964 5245.7 3.7912 15.908586 2.104263 16.986658 14.882395 "" "" 1042.95435 1104.41296 8156.66188 3.1861 2191.6 8.5276 8834.9 12.545 "" "" 0.002787768405531854 0.005062869 0.004081727 0.009144596 307.27325608229 37.60467242279 1072.77319 -2.9060000000000006 -8.114
306.34814198988 38.01813933503 0.0297 0.0344 32.1768 "" "" 2058091364097827968 1287.24451 0.7467 0.0402 -4.917 -5.482 0.04 0.046 1.329 7496.4 4.0633 15.909019 2.064339 16.963362 14.899023 "" "" 1220.71289 1350.74365 8153.40526 3.6856 2239.1 9.2319 8700.6 12.246 "" "" 0.0027986892940009785 0.0052748844 0.0040766415 0.009351525 306.34814198988 38.01813933503 1287.24451 -4.916999999999999 -5.482
306.67723569434 38.14413597362 0.0238 0.0259 29.9771 "" "" 2058113835366582784 1100.98022 0.8761 0.0321 -1.919 -5.773 0.033 0.034 1.033 5013.5 4.2415 15.909179 1.625963 16.673765 15.047802 "" "" 1063.49976 1149.54468 8152.21068 2.9778 2923.6 8.7239 7586.4 11.322 "" "" 0.0027837160326454197 0.0042756633 0.0041120914 0.008387755 306.67723569434 38.14413597362 1100.98022 -1.9190000000000005 -5.773
306.80553192122 37.16324032754 0.0242 0.0259 30.2659 "" "" 2057814218449170688 1241.98315 0.7744 0.0321 -2.258 -6.291 0.033 0.033 0.916 6433.5 4.0971 15.910454 1.916176 16.86237 14.946194 "" "" 1191.8573 1287.01306 8142.64269 3.216 2457.4 11.305 8330.7 12.724 "" "" 0.0027884899049066534 0.005721292 0.0041271937 0.009848486 306.80553192122 37.16324032754 1241.98315 -2.2579999999999996 -6.2909999999999995
307.44311648412 37.41135961507 0.0241 0.0282 31.6614 "" "" 2057837583070686464 1159.33777 0.8434 0.0321 -3.194 -6.136 0.032 0.036 1.061 6713.9 4.2939 15.910776 1.627133 16.672901 15.045768 "" "" 1112.53088 1212.48816 8140.22204 3.0513 2925.9 6.7981 7600.7 10.088 "" "" 0.002785214900606418 0.0037614726 0.0040447894 0.007806262 307.44311648412 37.41135961507 1159.33777 -3.1939999999999995 -6.136
306.99489468805 38.17570449634 0.0239 0.0257 31.252 "" "" 2058070198499268224 1468.49329 0.6546 0.0307 -0.186 -4.434 0.034 0.036 1.032 6920.2 3.9813 15.911811 1.812546 16.79464 14.982094 "" "" 1411.39746 1527.04395 8132.4695 2.9497 2615.5 10.28 8059.7 10.254 "" "" 0.0027833200853731766 0.0050985976 0.004023905 0.009122502 306.99489468805 38.17570449634 1468.49329 -0.18600000000000017 -4.434
306.9825825356 38.10230397462 0.0326 0.036 26.8244 "" "" 2058069305146061824 1153.42603 0.8332 0.0425 -0.086 -1.534 0.045 0.046 1.216 "" "" 15.913449 "" "" "" "" "" 1108.36536 1208.92566 8120.20234 5.7357 "" "" "" "" "" "" 0.0028600592595361095 "" "" "" 306.9825825356 38.10230397462 1153.42603 -0.08599999999999991 -1.5339999999999998
307.06306118773 37.3450090134 0.0227 0.0256 21.5359 "" "" 2057822464785949312 1392.3584 0.6913 0.0302 2.903 -1.105 0.03 0.032 1.039 7192.3 4.1325 15.915723 1.733347 16.746887 15.01354 "" "" 1341.63049 1445.51819 8103.2187 2.9461 2733.1 10.088 7829.6 17.853 "" "" 0.002783453123391388 0.0048831473 0.004518048 0.009401195 307.06306118773 37.3450090134 1392.3584 2.9030000000000005 -1.1050000000000004
306.29685281737 37.39678086362 0.0226 0.0258 31.2858 "" "" 2057929083055178752 1045.32214 0.9295 0.03 -7.196 -4.992 0.03 0.033 1.021 5081.8 4.3197 15.918842 1.546238 16.630129 15.083891 "" "" 1010.25031 1078.21985 8079.97296 2.905 3043.4 10.002 7338.4 10.975 "" "" 0.0027828343417135564 0.0045295996 0.0041134404 0.00864304 306.29685281737 37.39678086362 1045.32214 -7.196 -4.991999999999999
306.64773383232 37.99221454327 0.0236 0.0283 22.0192 "" "" 2058063601429018880 1405.96313 0.6808 0.0319 1.452 -2.346 0.032 0.037 0.967 6649.0 3.826 15.919417 2.035558 16.951408 14.915851 "" "" 1352.1991 1476.89014 8075.69363 3.2655 2263.9 10.581 8566.8 16.931 "" "" 0.0027900782619785258 0.005790998 0.0043460517 0.0101370495 306.64773383232 37.99221454327 1405.96313 1.4520000000000004 -2.346
306.81016436648 37.37722409531 0.024 0.0274 17.4773 "" "" 2057825694601795584 1016.73279 0.9594 0.0311 -2.083 -6.349 0.032 0.037 1.081 5055.6 4.2779 15.922273 1.587932 16.670345 15.082414 "" "" 966.428101 1052.96655 8054.48035 3.1758 2932.8 9.4986 7348.4 15.574 "" "" 0.002788378479985467 0.004488908 0.004424782 0.00891369 306.81016436648 37.37722409531 1016.73279 -2.0829999999999993 -6.349
307.28089356781 37.74285126678 0.0221 0.0278 20.5029 "" "" 2057858439432068352 1302.97473 0.7393 0.0296 4.37 -2.984 0.03 0.04 0.969 6866.5 3.9707 15.923041 1.774276 16.772867 14.998591 "" "" 1266.03821 1343.4928 8048.7824 2.702 2668.5 6.6756 7938.2 13.666 "" "" 0.0027793234059922465 0.0038938802 0.0042163306 0.00811021 307.28089356781 37.74285126678 1302.97473 4.37 -2.984
307.5091269814 37.76797653136 0.023 0.0292 31.4081 "" "" 2063851224479004672 1291.43445 0.7507 0.0315 -2.053 -2.606 0.032 0.036 0.971 5079.8 4.1664 15.923114 1.72854 16.751547 15.023006 "" "" 1247.31628 1340.65442 8048.24546 3.1042 2721.4 5.1685 7761.7 10.056 "" "" 0.0027869616889325335 0.0034694443 0.004032673 0.007502117 307.5091269814 37.76797653136 1291.43445 -2.053 -2.6060000000000003
306.91374112726 37.67717746611 0.0209 0.027 2.637 "" "" 2058041233239781504 1332.55994 0.7197 0.0291 -0.704 -3.649 0.028 0.035 0.925 6861.2 3.9656 15.92693 1.947976 16.89916 14.951184 "" "" 1290.93188 1375.46899 8020.0014 2.875 2375.5 10.566 8292.5 9.887 "" "" 0.002782674328573793 0.0055773403 0.00399493 0.00957227 306.91374112726 37.67717746611 1332.55994 -0.704 -3.649
307.08018510196 37.43937633455 0.0224 0.026 17.1512 "" "" 2057846482238557312 991.952576 0.9815 0.0302 -1.93 -8.852 0.03 0.033 1.102 6002.5 4.4952 15.928715 1.438332 16.586401 15.148069 "" "" 959.602295 1022.97791 8006.83696 3.2444 3168.5 9.5678 6917.2 11.392 "" "" 0.0027902222879283714 0.0043051112 0.004181036 0.008486147 307.08018510196 37.43937633455 991.952576 -1.93 -8.852
306.54497882071 37.63272980385 0.0226 0.0285 15.1014 "" "" 2058031921750725760 1470.34204 0.6491 0.0318 -2.073 -9.715 0.03 0.035 1.013 7141.6 3.8547 15.930847 2.208047 17.084005 14.875958 "" "" 1414.37195 1538.2959 7991.12647 3.142 2003.6 7.0236 8887.4 11.445 "" "" 0.002788194741870659 0.004719213 0.0040297215 0.008748935 306.54497882071 37.63272980385 1470.34204 -2.073 -9.715
