Clusters/UBC_373/UBC_373_members.tsv
# %ECSV 1.0
# ---
# datatype:
# - name: RA_ICRS_1
#   unit: deg
#   datatype: float64
#   format: '{:15.11f}'
#   description: Right ascension (ICRS) at Ep=2016.0 (ra)
#   meta: !!omap
#   - {ucd: POS_EQ_RA_MAIN}
#   - {width: 15}
#   - {precision: '11'}
# - name: DE_ICRS_1
#   unit: deg
#   datatype: float64
#   format: '{:15.11f}'
#   description: Declination (ICRS) at Ep=2016.0 (dec)
#   meta: !!omap
#   - {ucd: POS_EQ_DEC_MAIN}
#   - {width: 15}
#   - {precision: '11'}
# - name: e_RA_ICRS
#   unit: mas
#   datatype: float64
#   format: '{:7.4f}'
#   description: Standard error of right ascension (ra_error)
#   meta: !!omap
#   - {ucd: ERROR}
#   - {width: 7}
#   - {precision: '4'}
# - name: e_DE_ICRS
#   unit: mas
#   datatype: float64
#   format: '{:7.4f}'
#   description: Standard error of declination (dec_error)
#   meta: !!omap
#   - {ucd: ERROR}
#   - {width: 7}
#   - {precision: '4'}
# - name: _r_1
#   unit: ''
#   datatype: float64
#   format: '{:7.4f}'
#   description: Distance from center (306.86010736000+37.66580594000)[ICRS], at Epoch=J2016.0
#   meta: !!omap
#   - {ucd: POS_ANG_DIST_GENERAL}
#   - {width: 7}
#   - {precision: '4'}
# - name: HIP
#   datatype: int32
#   description: '? HIP cross-id number, van Leeuwen, Cat. I/311 (hip_original_ext_source_id)'
#   meta: !!omap
#   - {ucd: ID_NUMBER}
#   - {width: 6}
#   - values: {'null': -2147483648}
# - name: TYC2
#   datatype: string
#   description: Tycho-2 cross-id name, Hog et al., Cat. I/259 (tyc2_original_ext_source_id)
#   meta: !!omap
#   - {ucd: ID_CROSSID}
#   - {_votable_string_dtype: char}
# - name: Source
#   datatype: int64
#   description: Source identifier, identical to the Gaia-EDR3 source_id (id)
#   meta: !!omap
#   - {ucd: ID_MAIN}
#   - {width: 19}
# - name: rgeo
#   unit: pc
#   datatype: float64
#   format: '{:15.8f}'
#   description: '? Median of the geometric distance posterior (r_med_geo)'
#   meta: !!omap
#   - {ucd: PHYS_DISTANCE_TRUE}
#   - {width: 15}
#   - {precision: '8'}
#   - values: {'null': .nan}
# - name: Plx
#   unit: mas
#   datatype: float64
#   format: '{:9.4f}'
#   description: '? Parallax (parallax)'
#   meta: !!omap
#   - {ucd: POS_PARLX_TRIG}
#   - {width: 9}
#   - {precision: '4'}
#   - values: {'null': .nan}
# - name: e_Plx
#   unit: mas
#   datatype: float32
#   format: '{:7.4f}'
#   description: '? Standard error of parallax (parallax_error)'
#   meta: !!omap
#   - {ucd: ERROR}
#   - {width: 7}
#   - {precision: '4'}
#   - values: {'null': .nan}
# - name: pmRA
#   unit: mas / yr
#   datatype: float64
#   format: '{:9.3f}'
#   description: '? Proper motion in right ascension direction, pmRA*cosDE (pmra)'
#   meta: !!omap
#   - {ucd: POS_EQ_PMRA}
#   - {width: 9}
#   - {precision: '3'}
#   - values: {'null': .nan}
# - name: pmDE
#   unit: mas / yr
#   datatype: float64
#   format: '{:9.3f}'
#   description: '? Proper motion in declination direction (pmdec)'
#   meta: !!omap
#   - {ucd: POS_EQ_PMDEC}
#   - {width: 9}
#   - {precision: '3'}
#   - values: {'null': .nan}
# - name: e_pmRA
#   unit: mas / yr
#   datatype: float32
#   format: '{:6.3f}'
#   description: '? Standard error of proper motion in right ascension direction (pmra_error)'
#   meta: !!omap
#   - {ucd: ERROR}
#   - {width: 6}
#   - {precision: '3'}
#   - values: {'null': .nan}
# - name: e_pmDE
[...]
#       distance: !astropy.table.SerializedColumn
#         __class__: astropy.coordinates.distances.Distance
#         unit: !astropy.units.Unit {unit: pc}
#         value: !astropy.table.SerializedColumn {name: SkyCoord.distance}
#       frame: icrs
#       obstime: !astropy.time.Time {format: jyear_str, in_subfmt: '*', jd1: 367701545.0, jd2: 0.0, out_subfmt: '*', precision: 3, scale: tt}
#       pm_dec: !astropy.table.SerializedColumn
#         __class__: astropy.units.quantity.Quantity
#         unit: !astropy.units.Unit {unit: mas / yr}
#         value: !astropy.table.SerializedColumn {name: SkyCoord.pm_dec}
#       pm_ra_cosdec: !astropy.table.SerializedColumn
#         __class__: astropy.units.quantity.Quantity
#         unit: !astropy.units.Unit {unit: mas / yr}
#         value: !astropy.table.SerializedColumn {name: SkyCoord.pm_ra_cosdec}
#       ra: !astropy.table.SerializedColumn
#         __class__: astropy.coordinates.angles.Longitude
#         unit: *id001
#         value: !astropy.table.SerializedColumn {name: SkyCoord.ra}
#         wrap_angle: !astropy.coordinates.Angle
#           unit: *id001
#           value: 360.0
#       representation_type: spherical
# schema: astropy-2.0
RA_ICRS_1 DE_ICRS_1 e_RA_ICRS e_DE_ICRS _r_1 HIP TYC2 Source rgeo Plx e_Plx pmRA pmDE e_pmRA e_pmDE RUWE Teff logg Gmag BP-RP BPmag RPmag RV e_RV b_rgeo B_rgeo FG e_FG FBP e_FBP FRP e_FRP RAVE5 RAVE6 e_Gmag e_BPmag e_RPmag e_BP-RP SkyCoord.ra SkyCoord.dec SkyCoord.distance SkyCoord.pm_ra_cosdec SkyCoord.pm_dec rmRA rmDE e_rmRA e_rmDE rRV e_rRV v_pec v_pec3d e_vpec e_vpec3d Pmemb
306.85493760297 37.66171449837 0.008 0.011 0.3472 "" 3152-734-1 2058041061440396416 1215.99902 0.8009 0.0118 -0.632 -3.751 0.011 0.013 1.039 27039.3 3.9914 10.405375 1.343822 10.994839 9.651016 "" "" 1198.1947 1234.77283 1296572.86534 2157.7 546360.0 2120.6 1093300.0 6954.8 "" "" 0.003294911396787161 0.0050540706 0.007873119 0.0129271895 306.85493760297 37.66171449837 1215.99902 -0.6319999999999998 -3.7510000000000003 -0.043290347576141364 -0.059612823486328015 0.10672952 0.10872953 "" "" 0.4246402933998152 "" 0.04587948056603585 "" 1.0
306.89331224068 37.83494009288 0.0083 0.0096 10.2696 "" 3152-1060-1 2058047413693780992 1269.42297 0.7661 0.0111 -0.584 -3.633 0.011 0.012 0.913 "" "" 10.917498 1.244957 11.456618 10.211661 "" "" 1251.12354 1286.5636 808998.50833 200.89 357080.0 282.7 652370.0 276.4 "" "" 0.002768479472908704 0.0029195752 0.0038072742 0.0067268494 306.89331224068 37.83494009288 1269.42297 -0.5840000000000005 -3.633 0.004709652423858679 0.05838717651367187 0.10672952 0.107729524 "" "" 0.35246049370650745 "" 0.03796813341504633 "" 1.0
306.91906907911 37.64669822404 0.0074 0.009 3.0263 "" "" 2058041130159841920 1239.9165 0.7924 0.0101 -0.684 -3.787 0.01 0.012 0.972 18457.9 4.0524 12.141985 1.393807 12.743734 11.349927 -67.77 22.25 1223.18018 1257.77612 261910.36104 2388.9 109120.0 3032.3 228660.0 6219.3 "" "" 0.010279225044907034 0.030299908 0.029771687 0.060071595 306.91906907911 37.64669822404 1239.9165 -0.684 -3.787 -0.09529034757614141 -0.09561282348632805 0.10572952 0.107729524 -74.58 23.372257 0.7933586208380002 74.58421963057104 0.08468118340356127 23.37093495568907 1.0
306.82311808283 37.62898906587 0.0075 0.0101 2.8227 "" "" 2058017456300139136 1238.4447 0.7759 0.0106 -0.633 -3.595 0.01 0.013 0.999 "" "" 13.151424 1.386991 13.768233 12.381242 "" "" 1223.46057 1252.18982 103365.81313 19.768 42474.0 34.224 88443.0 32.984 "" "" 0.0027631329301277376 0.0029241075 0.0038010108 0.0067251185 306.82311808283 37.62898906587 1238.4447 -0.6330000000000008 -3.595 -0.044290347576141365 0.09638717651367168 0.10572952 0.10872953 "" "" 0.6226904282098361 "" 0.06738289256075422 "" 1.0
306.97714799066 37.70831707885 0.0084 0.0106 6.1147 "" "" 2058042813787017984 1233.89575 0.7821 0.0119 -0.707 -3.649 0.011 0.013 1.011 "" "" 13.655381 1.384906 14.272429 12.887524 "" "" 1217.55408 1251.19934 64982.17058 11.904 26696.0 19.897 55482.0 19.77 "" "" 0.0027624895421232173 0.0029051476 0.003799132 0.0067042797 306.97714799066 37.70831707885 1233.89575 -0.707 -3.649 -0.11829034757614132 0.042387176513671854 0.10672952 0.10872953 "" "" 0.7349164361501662 "" 0.0786059196060097 "" 1.0
306.87070240667 37.64215181183 0.0091 0.0113 1.5058 "" "" 2058040992720905856 1229.77539 0.7825 0.0126 -0.591 -3.643 0.012 0.014 0.968 "" "" 13.784724 1.449556 14.440341 12.990785 "" "" 1210.48474 1249.54138 57684.20691 10.773 22871.0 16.228 50448.0 29.777 "" "" 0.0027627712786199546 0.0028945694 0.0038333307 0.0067279004 306.87070240667 37.64215181183 1229.77539 -0.5909999999999999 -3.643 -0.0022903475761413272 0.04838717651367208 0.107729524 0.10972952 "" "" 0.28237119483421075 "" 0.030983204960010703 "" 1.0
306.75634077642 37.73114801171 0.0103 0.0125 6.2959 "" "" 2058045322048025216 1268.70361 0.7609 0.0142 -0.69 -3.653 0.014 0.016 1.032 "" "" 14.136488 1.48399 14.810405 13.326415 81.39 12.54 1244.58667 1290.05188 41720.69183 12.66 16265.0 21.754 37033.0 27.84 "" "" 0.002774947782795736 0.0031454358 0.0038665144 0.00701195 306.75634077642 37.73114801171 1268.70361 -0.6899999999999997 -3.6529999999999996 -0.1012903475761413 0.03838717651367185 0.10972952 0.111729525 74.58 13.662258 0.6514015486870143 74.58284470290491 0.07164289889606162 13.661737063259363 1.0
306.94282024063 37.71444578808 0.0109 0.0133 4.8928 "" "" 2058042848146773888 1229.05371 0.784 0.0151 -0.683 -3.612 0.014 0.017 1.001 "" "" 14.400895 1.410795 15.030643 13.619847 "" "" 1206.80286 1252.48584 32703.08204 6.6142 13279.0 18.115 28263.0 17.635 "" "" 0.0027640566673650903 0.0031589295 0.003839619 0.0069985483 306.94282024063 37.71444578808 1229.05371 -0.6829999999999997 -3.6119999999999988 -0.09429034757614141 0.07938717651367178 0.10972952 0.11272952 "" "" 0.7180767725531204 "" 0.07969490081519931 "" 1.0
306.9100647086 37.60046419502 0.0115 0.014 4.5831 "" "" 2058039893209248128 1239.75598 0.7734 0.016 -0.553 -3.805 0.015 0.018 1.034 "" "" 14.471839 1.518189 15.166951 13.648762 "" "" 1208.16687 1268.45361 30634.52176 7.0769 11712.0 16.047 27520.0 16.106 "" "" 0.002766712555543842 0.0031619633 0.0038324262 0.0069943895 306.9100647086 37.60046419502 1239.75598 -0.553 -3.8049999999999997 0.035709652423858596 -0.11361282348632828 0.11072952 0.11372952 "" "" 0.699841053956977 "" 0.07940609422939081 "" 1.0
306.89823174832 37.6664038574 0.0123 0.0161 1.8111 "" "" 2058041198879333504 1261.63245 0.7673 0.0173 -0.686 -3.644 0.016 0.021 1.067 "" "" 14.72673 1.585399 15.462345 13.876946 "" "" 1237.76648 1286.87756 24224.48989 5.6261 8922.3 13.881 22304.0 16.995 "" "" 0.0027668347153252722 0.003261637 0.0038688695 0.0071305064 306.89823174832 37.6664038574 1261.63245 -0.6860000000000002 -3.643999999999999 -0.09729034757614141 0.04738717651367175 0.111729525 0.11672952 "" "" 0.6471535999099236 "" 0.0729377381151374 "" 0.99
306.85060622408 37.70495848174 0.0128 0.0167 2.3921 "" "" 2058044119457128448 1310.69397 0.732 0.0178 -0.68 -3.546 0.017 0.02 1.003 "" "" 14.733001 1.396143 15.358543 13.9624 "" "" 1282.88342 1349.3562 24084.99009 5.1765 9817.5 10.662 20616.0 12.536 "" "" 0.0027651841152739006 0.003029092 0.003836613 0.006865705 306.85060622408 37.70495848174 1310.69397 -0.68 -3.546 -0.0912903475761414 0.14538717651367206 0.11272952 0.115729526 "" "" 1.0665463208755945 "" 0.12253457516973582 "" 0.96
306.84512172156 37.71607987625 0.013 0.0173 3.0992 "" "" 2058044703572686976 1224.2489 0.7888 0.018 -0.581 -3.62 0.017 0.021 1.005 "" "" 14.838539 1.490181 15.517287 14.027106 "" "" 1194.92908 1250.06543 21854.01341 5.1213 8482.1 12.754 19423.0 14.205 "" "" 0.0027670427403128995 0.0032326889 0.0038618967 0.0070945853 306.84512172156 37.71607987625 1224.2489 -0.5809999999999985 -3.62 0.007709652423858682 0.07138717651367177 0.11272952 0.11672952 "" "" 0.4166643193750955 "" 0.04861813670488867 "" 1.0
306.87140821177 37.74411796422 0.0186 0.0237 4.7292 "" "" 2058044841011638912 1297.02454 0.7435 0.0262 -0.576 -3.663 0.024 0.03 1.385 7955.2 3.8918 14.882813 1.484553 15.556386 14.071833 "" "" 1259.35156 1349.04407 20980.76634 5.3436 8182.1 11.89 18639.0 14.493 "" "" 0.0027691616705106423 0.0032053674 0.003872525 0.0070778923 306.87140821177 37.74411796422 1297.02454 -0.5759999999999995 -3.6629999999999994 0.012709652423858686 0.028387176513672063 0.11972952 0.12572952 "" "" 0.1912150983628342 "" 0.023853640371039677 "" 0.83
306.95695550452 37.63370081201 0.0169 0.0211 4.9878 "" "" 2058040133727407872 1149.22107 0.8376 0.024 -0.574 -3.968 0.023 0.025 0.948 6370.5 3.8092 15.418159 1.903464 16.359444 14.455979 "" "" 1117.9574 1182.04407 12813.9631 4.7164 3905.2 10.514 13085.0 14.137 "" "" 0.0027841495437290415 0.0040410114 0.003957236 0.007998248 306.95695550452 37.63370081201 1149.22107 -0.574 -3.9680000000000044 0.014709652423858688 -0.2766128234863281 0.118729524 0.12072952 "" "" 1.508924220959932 "" 0.18216325857085852 "" 0.84
306.69663042933 37.7476836906 0.0187 0.0244 9.1844 "" "" 2058033845895444736 1259.00757 0.7609 0.0263 -0.593 -3.924 0.025 0.03 1.087 "" "" 15.552451 1.651615 16.33062 14.679005 "" "" 1221.41736 1299.64478 11323.12368 3.7854 4010.2 8.3099 10655.0 11.025 "" "" 0.0027791250574767962 0.003584255 0.0039428216 0.0075270766 306.69663042933 37.7476836906 1259.00757 -0.5929999999999999 -3.9240000000000004 -0.004290347576141329 -0.23261282348632806 0.12072952 0.12572952 "" "" 1.3883986860939221 "" 0.17456038117974965 "" 0.99
306.96692875454 37.57532843714 0.0183 0.0215 7.4325 "" "" 2057851911081847936 1214.31458 0.7893 0.0249 -0.587 -3.605 0.024 0.028 0.982 6526.8 3.8423 15.589639 1.800036 16.461443 14.661407 "" "" 1185.40308 1251.32214 10941.86255 3.8282 3555.0 10.193 10829.0 17.259 "" "" 0.00278138198931547 0.004180449 0.004156691 0.00833714 306.96692875454 37.57532843714 1214.31458 -0.5869999999999997 -3.605 0.0017096524238586763 0.08638717651367189 0.11972952 0.12372953 "" "" 0.4973290908783466 "" 0.06153352691448237 "" 1.0
306.88433646346 37.66796117626 0.0273 0.0375 1.158 "" "" 2058041027080648576 1344.7572 0.7199 0.0391 -0.482 -3.707 0.037 0.048 1.742 "" "" 15.655489 1.645031 16.342142 14.697111 "" "" 1287.22668 1412.06641 10297.95602 5.8293 3967.9 65.741 10479.0 47.202 "" "" 0.0028230333903942998 0.018203804 0.0061807763 0.02438458 306.88433646346 37.66796117626 1344.7572 -0.48199999999999965 -3.707 0.10670965242385866 -0.015612823486327976 0.13272953 0.14372952 "" "" 0.6874250228945982 "" 0.09140649842891223 "" 0.99
306.68466996476 37.62576894712 0.0207 0.0265 8.674 "" "" 2058020887977783424 1202.27344 0.8019 0.0283 -0.628 -3.799 0.027 0.032 1.016 7198.9 4.2862 15.898373 1.81955 16.779484 14.959934 "" "" 1164.11084 1239.38477 8233.7508 3.0068 2652.3 10.106 8225.9 12.594 "" "" 0.002783701297860781 0.0049899356 0.00412879 0.009118726 306.68466996476 37.62576894712 1202.27344 -0.6280000000000002 -3.7989999999999995 -0.03929034757614136 -0.10761282348632806 0.122729525 0.12772952 "" "" 0.6528581975545676 "" 0.08301196615521794 "" 0.99
306.91374112726 37.67717746611 0.0209 0.027 2.637 "" "" 2058041233239781504 1332.55994 0.7197 0.0291 -0.704 -3.649 0.028 0.035 0.925 6861.2 3.9656 15.92693 1.947976 16.89916 14.951184 "" "" 1290.93188 1375.46899 8020.0014 2.875 2375.5 10.566 8292.5 9.887 "" "" 0.002782674328573793 0.0055773403 0.00399493 0.00957227 306.91374112726 37.67717746611 1332.55994 -0.704 -3.649 -0.11529034757614132 0.042387176513671854 0.12372953 0.13072953 "" "" 0.775869465774467 "" 0.09666067667766742 "" 0.93
306.86399741933 37.63418382818 0.0222 0.0309 1.9063 "" "" 2058040889641690880 1198.21033 0.8057 0.032 -0.446 -3.621 0.03 0.039 0.927 7642.0 4.2367 16.063543 1.914082 17.010376 15.096293 "" "" 1159.21216 1243.58618 7071.79376 3.0551 2144.2 9.7035 7255.1 9.1053 "" "" 0.0027949594505320774 0.0056504104 0.0040175198 0.00966793 306.86399741933 37.63418382818 1198.21033 -0.4460000000000003 -3.6210000000000035 0.14270965242385864 0.07038717651367188 0.12572952 0.13472952 "" "" 0.9037466032295332 "" 0.11526429468929228 "" 0.99
306.8908473802 37.60887417521 0.0238 0.0309 3.7151 "" "" 2058039858849520640 1214.4071 0.8059 0.0331 -0.566 -3.79 0.03 0.04 0.949 6897.3 4.1764 16.071533 1.921886 17.023579 15.101692 "" "" 1173.17285 1260.47485 7019.94054 2.8446 2118.3 9.6886 7219.1 10.895 "" "" 0.0027902245785361938 0.0056960685 0.004119306 0.009815374 306.8908473802 37.60887417521 1214.4071 -0.5660000000000001 -3.7899999999999996 0.022709652423858695 -0.09861282348632816 0.12572952 0.13572952 "" "" 0.5825017372783463 "" 0.0787796167074007 "" 0.99
306.84491676429 37.57772660668 0.0261 0.0341 5.3338 "" "" 2058017078342991232 1376.0509 0.6952 0.0366 -0.465 -3.741 0.035 0.045 1.08 7170.3 4.1857 16.142126 1.880546 17.071335 15.190789 "" "" 1320.40405 1445.6637 6578.0335 2.8691 2027.1 10.884 6650.3 10.642 "" "" 0.002795719466355176 0.0064629028 0.0041596126 0.010622515 306.84491676429 37.57772660668 1376.0509 -0.46499999999999964 -3.7410000000000005 0.12370965242385862 -0.04961282348632823 0.13072953 0.14072952 "" "" 0.8693640644394853 "" 0.1148953283019676 "" 0.96
306.99192764301 37.74158269697 0.0282 0.0343 7.735 "" "" 2058042951225978496 1222.073 0.7895 0.0388 -0.591 -3.609 0.037 0.046 1.001 6482.1 4.2704 16.471956 1.903013 17.412947 15.509933 "" "" 1176.80505 1267.15527 4854.72158 4.386 1479.9 10.901 4956.6 17.465 "" "" 0.0029247173375887944 0.008470315 0.0053776926 0.013848007 306.99192764301 37.74158269697 1222.073 -0.5910000000000017 -3.6090000000000044 -0.0022903475761413272 0.08238717651367189 0.13272953 0.14172952 "" "" 0.4774224785535799 "" 0.0676616452861914 "" 0.94
306.83612789519 37.58924932711 0.0307 0.0415 4.7326 "" "" 2058017147062475264 1283.19861 0.7528 0.0446 -0.424 -3.72 0.04 0.055 1.051 6849.7 4.2343 16.565393 2.021246 17.597193 15.575947 "" "" 1227.56567 1343.32068 4454.39835 3.7236 1248.9 7.6417 4664.2 12.656 "" "" 0.0029009552762116436 0.0072054863 0.00479198 0.011997467 306.83612789519 37.58924932711 1283.19861 -0.4239999999999998 -3.719999999999998 0.16470965242385865 -0.02861282348632832 0.13572952 0.15072952 "" "" 1.0168275489875602 "" 0.13848419928288255 "" 0.92
306.96030471333 37.58421579602 0.031 0.0381 6.8291 "" "" 2057851975501726464 1150.81934 0.8378 0.0425 -0.473 -3.943 0.043 0.05 0.979 6888.8 4.2641 16.639143 2.030405 17.672718 15.642313 "" "" 1094.86853 1215.20679 4161.88335 4.252 1165.0 10.487 4387.7 15.47 "" "" 0.0029702213328119693 0.010163964 0.0053793774 0.015543342 306.96030471333 37.58421579602 1150.81934 -0.473 -3.943 0.11570965242385867 -0.2516128234863282 0.13872953 0.14572953 "" "" 1.5106949150330324 "" 0.21834375895308702 "" 0.95
306.88399317861 37.57624168429 0.0314 0.0405 5.4924 "" "" 2058016288069721600 1303.47314 0.7355 0.0437 -0.639 -3.723 0.042 0.053 0.985 6724.9 4.3045 16.658808 2.040883 17.692041 15.651158 "" "" 1244.33923 1362.0592 4087.17914 2.4655 1144.5 12.574 4352.1 11.249 "" "" 0.0028320917972969608 0.012250373 0.0047073597 0.016957734 306.88399317861 37.57624168429 1303.47314 -0.639 -3.723 -0.05029034757614137 -0.03161282348632799 0.13772953 0.14872952 "" "" 0.36700742702704275 "" 0.05172317088750083 "" 0.94
306.87733860025 37.6819291809 0.0305 0.0405 1.2671 "" "" 2058041473757255424 1135.24023 0.851 0.0433 -0.576 -3.513 0.041 0.054 0.949 6832.2 4.3326 16.672335 2.019278 17.692553 15.673274 "" "" 1084.0282 1201.6427 4036.57319 4.736 1143.9 10.801 4264.3 16.343 "" "" 0.003035542725892236 0.0106247105 0.005621254 0.016245965 306.87733860025 37.6819291809 1135.24023 -0.5759999999999996 -3.512999999999999 0.012709652423858686 0.17838717651367197 0.13672952 0.14972952 "" "" 0.9623415654986635 "" 0.1440304860959002 "" 0.98
306.88349612795 37.62788885562 0.0337 0.0445 2.5319 "" "" 2058040717842989568 1188.62256 0.8075 0.047 -0.716 -3.828 0.044 0.058 1.037 6708.2 4.3003 16.84032 2.056451 17.893091 15.83664 "" "" 1127.78723 1267.02051 3457.94692 2.0269 951.0 11.034 3668.6 8.5766 "" "" 0.0028278630655377305 0.012902577 0.0045526456 0.017455224 306.88349612795 37.62788885562 1188.62256 -0.7160000000000006 -3.8279999999999994 -0.12729034757614133 -0.13661282348632797 0.13972953 0.15372953 "" "" 1.0520169242264887 "" 0.15505567998560993 "" 0.96
306.8449098188 37.72236372364 0.0368 0.0505 3.4693 "" "" 2058044703572689792 1159.69971 0.8465 0.0504 -0.604 -3.545 0.048 0.067 1.049 4816.2 4.2821 16.865263 1.984108 17.863981 15.879873 "" "" 1090.2959 1228.19751 3379.41514 2.8078 976.84 13.466 3525.4 15.443 "" "" 0.0028992330540089204 0.015225011 0.0060748546 0.021299865 306.8449098188 37.72236372364 1159.69971 -0.604 -3.545 -0.015290347576141339 0.14638717651367195 0.14372952 0.16272953 "" "" 0.8090645860196051 "" 0.13150239094609273 "" 0.99
306.85867009532 37.67149893151 0.0337 0.0467 0.3483 "" "" 2058041061440397824 1383.14392 0.6952 0.0485 -0.622 -3.662 0.045 0.062 0.987 4737.7 4.1865 16.88422 2.108849 17.970758 15.86191 "" "" 1280.6322 1501.23193 3320.91938 3.6663 885.35 11.124 3584.2 15.435 "" "" 0.0030047565039680235 0.013924171 0.00601208 0.01993625 306.85867009532 37.67149893151 1383.14392 -0.621999999999999 -3.661999999999999 -0.033290347576141355 0.029387176513671953 0.14072952 0.15772952 "" "" 0.2911273611667987 "" 0.04320761078132568 "" 0.96
