Clusters/UBC_373/UBC_373_stars_in_region.tsv
# %ECSV 1.0
# ---
# datatype:
# - name: RA_ICRS_1
#   unit: deg
#   datatype: float64
#   format: '{:15.11f}'
#   description: Right ascension (ICRS) at Ep=2016.0 (ra)
#   meta: !!omap
#   - {ucd: POS_EQ_RA_MAIN}
#   - {width: 15}
#   - {precision: '11'}
# - name: DE_ICRS_1
#   unit: deg
#   datatype: float64
#   format: '{:15.11f}'
#   description: Declination (ICRS) at Ep=2016.0 (dec)
#   meta: !!omap
#   - {ucd: POS_EQ_DEC_MAIN}
#   - {width: 15}
#   - {precision: '11'}
# - name: e_RA_ICRS
#   unit: mas
#   datatype: float64
#   format: '{:7.4f}'
#   description: Standard error of right ascension (ra_error)
#   meta: !!omap
#   - {ucd: ERROR}
#   - {width: 7}
#   - {precision: '4'}
# - name: e_DE_ICRS
#   unit: mas
#   datatype: float64
#   format: '{:7.4f}'
#   description: Standard error of declination (dec_error)
#   meta: !!omap
#   - {ucd: ERROR}
#   - {width: 7}
#   - {precision: '4'}
# - name: _r_1
#   unit: ''
#   datatype: float64
#   format: '{:7.4f}'
#   description: Distance from center (306.86010736000+37.66580594000)[ICRS], at Epoch=J2016.0
#   meta: !!omap
#   - {ucd: POS_ANG_DIST_GENERAL}
#   - {width: 7}
#   - {precision: '4'}
# - name: HIP
#   datatype: int32
#   description: '? HIP cross-id number, van Leeuwen, Cat. I/311 (hip_original_ext_source_id)'
#   meta: !!omap
#   - {ucd: ID_NUMBER}
#   - {width: 6}
#   - values: {'null': -2147483648}
# - name: TYC2
#   datatype: string
#   description: Tycho-2 cross-id name, Hog et al., Cat. I/259 (tyc2_original_ext_source_id)
#   meta: !!omap
#   - {ucd: ID_CROSSID}
#   - {_votable_string_dtype: char}
# - name: Source
#   datatype: int64
#   description: Source identifier, identical to the Gaia-EDR3 source_id (id)
#   meta: !!omap
#   - {ucd: ID_MAIN}
#   - {width: 19}
# - name: rgeo
#   unit: pc
#   datatype: float64
#   format: '{:15.8f}'
#   description: '? Median of the geometric distance posterior (r_med_geo)'
#   meta: !!omap
#   - {ucd: PHYS_DISTANCE_TRUE}
#   - {width: 15}
#   - {precision: '8'}
#   - values: {'null': .nan}
# - name: Plx
#   unit: mas
#   datatype: float64
#   format: '{:9.4f}'
#   description: '? Parallax (parallax)'
#   meta: !!omap
#   - {ucd: POS_PARLX_TRIG}
#   - {width: 9}
#   - {precision: '4'}
#   - values: {'null': .nan}
# - name: e_Plx
#   unit: mas
#   datatype: float32
#   format: '{:7.4f}'
#   description: '? Standard error of parallax (parallax_error)'
#   meta: !!omap
#   - {ucd: ERROR}
#   - {width: 7}
#   - {precision: '4'}
#   - values: {'null': .nan}
# - name: pmRA
#   unit: mas / yr
#   datatype: float64
#   format: '{:9.3f}'
#   description: '? Proper motion in right ascension direction, pmRA*cosDE (pmra)'
#   meta: !!omap
#   - {ucd: POS_EQ_PMRA}
#   - {width: 9}
#   - {precision: '3'}
#   - values: {'null': .nan}
# - name: pmDE
#   unit: mas / yr
#   datatype: float64
#   format: '{:9.3f}'
#   description: '? Proper motion in declination direction (pmdec)'
#   meta: !!omap
#   - {ucd: POS_EQ_PMDEC}
#   - {width: 9}
#   - {precision: '3'}
#   - values: {'null': .nan}
# - name: e_pmRA
#   unit: mas / yr
#   datatype: float32
#   format: '{:6.3f}'
#   description: '? Standard error of proper motion in right ascension direction (pmra_error)'
#   meta: !!omap
#   - {ucd: ERROR}
#   - {width: 6}
#   - {precision: '3'}
#   - values: {'null': .nan}
# - name: e_pmDE
[...]
#         unit: &id001 !astropy.units.Unit {unit: deg}
#         value: !astropy.table.SerializedColumn {name: SkyCoord.dec}
#       distance: !astropy.table.SerializedColumn
#         __class__: astropy.coordinates.distances.Distance
#         unit: !astropy.units.Unit {unit: pc}
#         value: !astropy.table.SerializedColumn {name: SkyCoord.distance}
#       frame: icrs
#       obstime: !astropy.time.Time {format: jyear_str, in_subfmt: '*', jd1: 367701545.0, jd2: 0.0, out_subfmt: '*', precision: 3, scale: tt}
#       pm_dec: !astropy.table.SerializedColumn
#         __class__: astropy.units.quantity.Quantity
#         unit: !astropy.units.Unit {unit: mas / yr}
#         value: !astropy.table.SerializedColumn {name: SkyCoord.pm_dec}
#       pm_ra_cosdec: !astropy.table.SerializedColumn
#         __class__: astropy.units.quantity.Quantity
#         unit: !astropy.units.Unit {unit: mas / yr}
#         value: !astropy.table.SerializedColumn {name: SkyCoord.pm_ra_cosdec}
#       ra: !astropy.table.SerializedColumn
#         __class__: astropy.coordinates.angles.Longitude
#         unit: *id001
#         value: !astropy.table.SerializedColumn {name: SkyCoord.ra}
#         wrap_angle: !astropy.coordinates.Angle
#           unit: *id001
#           value: 360.0
#       representation_type: spherical
# schema: astropy-2.0
RA_ICRS_1 DE_ICRS_1 e_RA_ICRS e_DE_ICRS _r_1 HIP TYC2 Source rgeo Plx e_Plx pmRA pmDE e_pmRA e_pmDE RUWE Teff logg Gmag BP-RP BPmag RPmag RV e_RV b_rgeo B_rgeo FG e_FG FBP e_FBP FRP e_FRP RAVE5 RAVE6 e_Gmag e_BPmag e_RPmag e_BP-RP SkyCoord.ra SkyCoord.dec SkyCoord.distance SkyCoord.pm_ra_cosdec SkyCoord.pm_dec
[from data line 162]
307.14729327868 37.81386991244 0.0108 0.0116 16.2665 "" "" 2058048964180156160 1005.14069 0.9662 0.0144 -3.07 -3.688 0.015 0.015 1.006 6613.7 4.0493 14.2517 1.366042 14.861102 13.49506 -11.31 9.63 993.264954 1019.28595 37520.31713 6.7724 15523.0 12.823 31705.0 25.005 "" "" 0.002762280860832948 0.0029307774 0.0038751734 0.006805951 307.14729327868 37.81386991244 1005.14069 -3.07 -3.6880000000000006
306.58291581236 38.12549256727 0.0112 0.0126 30.5446 "" "" 2058113526128989696 1235.1123 0.7799 0.0154 -0.56 -3.917 0.015 0.015 0.964 "" "" 14.252234 1.422079 14.891913 13.469834 "" "" 1211.24182 1259.65662 37501.89312 9.9116 15089.0 21.403 32451.0 28.588 "" "" 0.0027702225532599 0.00318698 0.003898538 0.007085518 306.58291581236 38.12549256727 1235.1123 -0.5599999999999997 -3.917
306.77779024697 37.56865500206 0.0111 0.0136 7.0202 "" "" 2058016872184585216 1110.26086 0.8724 0.0156 0.289 0.085 0.014 0.017 0.958 "" "" 14.257525 1.632984 15.024559 13.391575 -15.4 4.98 1090.19556 1126.78149 37319.59458 9.4023 13353.0 14.024 34876.0 19.953 "" "" 0.0027688650665147712 0.0030141869 0.0038300876 0.0068442747 306.77779024697 37.56865500206 1110.26086 0.2889999999999999 0.08500000000000002
306.33564408605 37.94606148194 0.0402 0.0475 30.0149 "" "" 2058088890196641408 1161.07874 0.8398 0.0544 -0.038 -2.903 0.054 0.064 4.117 "" "" 14.265953 1.430878 14.900257 13.469379 "" "" 1086.18884 1237.81396 37031.01011 12.972 14973.0 15.084 32464.0 15.134 "" "" 0.0027814463340432496 0.0029969008 0.0038131236 0.0068100244 306.33564408605 37.94606148194 1161.07874 -0.038000000000000145 -2.903
307.17236428467 38.11115377738 0.013 0.0133 30.539 "" "" 2064061677876015616 1020.35461 0.9542 0.0166 2.53 0.551 0.018 0.018 1.039 6658.3 3.8983 14.275106 1.559808 14.997704 13.437897 3.28 5.83 1004.90485 1035.66846 36720.13582 9.5737 13688.0 19.076 33419.0 22.246 "" "" 0.002769823142235121 0.0031740451 0.0038478673 0.0070219124 307.17236428467 38.11115377738 1020.35461 2.5300000000000002 0.5510000000000003
306.27035921769 37.60794589183 0.011 0.0138 28.2354 "" "" 2058028313977757824 1019.52545 0.9497 0.0153 -1.61 2.48 0.015 0.018 1.034 "" "" 14.281207 1.733747 15.115439 13.381692 22.79 2.46 1005.2655 1036.25684 36514.36609 7.4062 12281.0 12.635 35195.0 20.769 "" "" 0.0027641067403471387 0.0030054634 0.0038333056 0.0068387687 306.27035921769 37.60794589183 1019.52545 -1.61 2.4800000000000004
307.21614780803 37.75931774839 0.0106 0.0126 17.8066 "" "" 2057860191778755840 1127.79553 0.8566 0.0149 -4.232 -11.177 0.014 0.016 1.02 "" "" 14.289153 1.579587 15.024785 13.445198 -23.09 2.82 1107.37634 1148.47327 36248.12111 8.8089 13351.0 15.447 33195.0 21.029 "" "" 0.0027679247301677307 0.0030599113 0.0038414598 0.0069013713 307.21614780803 37.75931774839 1127.79553 -4.231999999999999 -11.176999999999998
307.41456966671 37.38505917379 0.0112 0.0138 31.3027 "" "" 2057837445631737472 1038.12341 0.9342 0.0154 1.322 2.733 0.015 0.018 0.948 6485.5 4.1507 14.294622 1.14225 14.78105 13.6388 -43.97 3.87 1024.5874 1053.84351 36065.96864 6.5959 16711.0 12.419 27774.0 15.096 "" "" 0.002762465766418437 0.0029044969 0.0038251772 0.006729674 307.41456966671 37.38505917379 1038.12341 1.3220000000000003 2.733
306.46888743487 37.27907344328 0.0127 0.0131 29.7569 "" "" 2058008694567759360 1007.18964 0.9657 0.0169 0.942 -3.62 0.017 0.017 0.959 6533.5 4.1779 14.295313 1.109539 14.764373 13.654834 -21.53 5.09 990.982971 1022.1615 36043.0514 6.978 16969.0 18.375 27367.0 24.235 "" "" 0.002763326555546673 0.003027757 0.0038997654 0.0069275224 306.46888743487 37.27907344328 1007.18964 0.942 -3.62
306.74523807736 37.84481646391 0.0106 0.0126 12.0439 "" "" 2058058756705776896 1015.51593 0.9611 0.0141 -0.774 -4.286 0.014 0.016 0.994 6731.5 3.9993 14.304734 1.24986 14.848166 13.598307 "" "" 998.877258 1030.3363 35731.64455 6.4218 15709.0 18.929 28829.0 15.371 "" "" 0.002762221176803204 0.003081666 0.0038234594 0.0069051255 306.74523807736 37.84481646391 1015.51593 -0.774 -4.286
306.79262391574 37.56611649069 0.0111 0.0144 6.787 "" "" 2058016837824840960 1124.96912 0.8598 0.0163 -1.553 -3.383 0.015 0.019 0.977 7185.1 3.9385 14.311746 1.530045 15.016628 13.486584 "" "" 1100.0907 1147.91785 35501.65004 7.8986 13451.0 14.315 31954.0 15.304 "" "" 0.002765888804140373 0.0030199625 0.0038149874 0.00683495 306.79262391574 37.56611649069 1124.96912 -1.5530000000000004 -3.3830000000000005
307.22153973833 37.53504326496 0.0104 0.0123 18.888 "" "" 2057848818705277696 1373.15344 0.6974 0.014 -0.156 -2.364 0.014 0.017 0.977 "" "" 14.322935 1.774662 15.174829 13.400166 "" "" 1346.11731 1401.01172 35137.65028 9.0342 11627.0 12.082 34601.0 26.999 "" "" 0.002769425107490055 0.0030096408 0.0038731727 0.0068828138 307.22153973833 37.53504326496 1373.15344 -0.15600000000000014 -2.364
306.55530716441 38.01316213889 0.012 0.0138 25.3565 "" "" 2058111120947261184 1027.67371 0.9404 0.0165 -2.106 -3.958 0.016 0.016 1.103 7603.8 4.2401 14.342634 1.306831 14.916447 13.609615 "" "" 1009.16699 1044.073 34505.86812 6.3663 14752.0 23.18 28531.0 20.02 "" "" 0.002762592337679365 0.0032704112 0.003855405 0.0071258163 306.55530716441 38.01316213889 1027.67371 -2.106 -3.958
307.34223888677 37.87038114831 0.0115 0.014 25.9534 "" "" 2063867201757373056 1060.63147 0.912 0.0157 -0.88 -4.157 0.015 0.019 1.003 6255.4 3.8932 14.34973 1.606184 15.104662 13.498478 20.15 2.79 1041.8938 1077.78918 34281.08255 6.7141 12404.0 12.976 31606.0 18.18 "" "" 0.002763513669185645 0.0030124905 0.003830634 0.0068431245 307.34223888677 37.87038114831 1060.63147 -0.8800000000000001 -4.157
306.87276944458 37.36129597983 0.0114 0.0137 18.2805 "" "" 2057824938687195264 1071.85425 0.9023 0.0158 0.624 -0.608 0.015 0.017 0.996 6295.8 3.9005 14.353509 1.585107 15.09335 13.508244 -49.51 3.61 1053.96521 1089.56311 34161.99594 6.984 12534.0 15.712 31323.0 21.546 "" "" 0.0027642463794314803 0.0031044222 0.0038524664 0.0069568884 306.87276944458 37.36129597983 1071.85425 0.624 -0.6080000000000001
306.70789120829 37.96379405429 0.0108 0.0132 19.2802 "" "" 2058064009445668480 1349.24548 0.7131 0.0147 -1.031 -3.418 0.014 0.017 1.035 "" "" 14.355323 1.410793 14.988384 13.577591 "" "" 1316.95496 1375.49512 34104.97972 6.7852 13806.0 14.508 29385.0 15.475 "" "" 0.0027637743608092706 0.0030144318 0.0038223893 0.0068368213 306.70789120829 37.96379405429 1349.24548 -1.0309999999999997 -3.4180000000000006
306.70534893803 37.37367640111 0.0115 0.0146 19.0121 "" "" 2058007491975973504 1055.99792 0.9219 0.0159 0.894 -3.979 0.016 0.018 1.032 6608.8 4.1681 14.365631 1.168675 14.86593 13.697255 -3.1 6.92 1035.28687 1077.2052 33782.69016 6.5021 15454.0 15.722 26318.0 13.93 "" "" 0.002763233218479784 0.0030008517 0.0038228235 0.0068236752 306.70534893803 37.37367640111 1055.99792 0.8939999999999997 -3.9789999999999996
307.31625064746 37.83616594553 0.012 0.0148 23.9324 "" "" 2057862322082625664 1056.46765 0.9148 0.016 0.852 -2.444 0.016 0.02 1.004 7161.0 4.0221 14.375443 1.395534 15.001137 13.605602 "" "" 1038.06616 1076.45374 33478.79405 10.937 13645.0 22.265 28636.0 24.794 "" "" 0.002778056260916673 0.0033051062 0.0038945414 0.007199648 307.31625064746 37.83616594553 1056.46765 0.852 -2.444
306.40708729126 37.50345141645 0.0112 0.0126 23.6401 "" "" 2058023778492146176 1200.97534 0.8017 0.0151 1.176 -3.962 0.015 0.016 1.027 "" "" 14.390152 1.720573 15.210919 13.490346 9.5 5.85 1173.63 1228.80859 33028.27107 6.9628 11247.0 14.712 31843.0 17.928 "" "" 0.0027648108377621118 0.0031308318 0.0038284976 0.0069593294 306.40708729126 37.50345141645 1200.97534 1.176 -3.9619999999999997
306.78618200706 37.38765032241 0.012 0.0139 17.056 "" "" 2057825591522580608 1087.9491 0.8848 0.0159 -1.677 -9.096 0.016 0.018 1.01 5228.7 3.3682 14.397727 1.735475 15.231484 13.496009 -12.36 19.8 1071.68115 1104.78894 32798.65669 7.7094 11036.0 15.282 31678.0 20.108 "" "" 0.0027671138204607626 0.0031694558 0.0038417056 0.007011161 306.78618200706 37.38765032241 1087.9491 -1.677 -9.096
306.36614113002 37.31991318738 0.0135 0.0138 31.3638 "" "" 2057916163793509120 1317.36414 0.7249 0.0178 -3.067 -8.812 0.018 0.018 0.978 "" "" 14.400798 1.781339 15.261549 13.48021 "" "" 1291.83972 1354.75354 32706.00166 8.4052 10735.0 14.029 32142.0 17.729 "" "" 0.0027694123919031637 0.0031302236 0.003826536 0.00695676 306.36614113002 37.31991318738 1317.36414 -3.067 -8.812000000000001
306.94282024063 37.71444578808 0.0109 0.0133 4.8928 "" "" 2058042848146773888 1229.05371 0.784 0.0151 -0.683 -3.612 0.014 0.017 1.001 "" "" 14.400895 1.410795 15.030643 13.619847 "" "" 1206.80286 1252.48584 32703.08204 6.6142 13279.0 18.115 28263.0 17.635 "" "" 0.0027640566673650903 0.0031589295 0.003839619 0.0069985483 306.94282024063 37.71444578808 1229.05371 -0.683 -3.6119999999999997
307.24112929676 37.46381309874 0.0111 0.0129 21.8006 "" "" 2057836311760481280 1058.14197 0.9202 0.0149 1.371 -3.152 0.015 0.019 0.971 7060.0 4.1958 14.406513 1.242784 14.947476 13.704693 "" "" 1042.84082 1077.76575 32534.31349 6.0297 14336.0 11.33 26139.0 20.42 "" "" 0.002762658183312143 0.0029191342 0.0038733894 0.006792524 307.24112929676 37.46381309874 1058.14197 1.371 -3.152
306.731401828 37.56185207642 0.0126 0.0163 8.7363 "" "" 2058019758402625408 1224.11731 0.7837 0.0174 0.191 -1.909 0.016 0.02 1.163 "" "" 14.409936 1.729112 15.236585 13.507473 -35.61 6.89 1198.06104 1250.52283 32431.8847 7.6323 10985.0 11.801 31345.0 19.478 "" "" 0.0027671419654013204 0.0030241543 0.0038391307 0.006863285 306.731401828 37.56185207642 1224.11731 0.191 -1.9090000000000003
307.25607019986 37.85316277828 0.0121 0.0138 21.8896 "" "" 2057863077996872832 1024.81934 0.945 0.0163 -2.534 -6.213 0.016 0.019 0.987 6269.6 3.9368 14.428129 1.63046 15.196583 13.566123 -3.97 3.73 1008.57587 1040.02454 31892.98558 7.2356 11397.0 18.945 29697.0 20.965 "" "" 0.002766308744031423 0.0033230018 0.003856324 0.0071793254 307.25607019986 37.85316277828 1024.81934 -2.5340000000000003 -6.213000000000001
307.0268023769 37.63380687374 0.0112 0.0128 8.1484 "" "" 2057853938306408064 1461.59387 0.6505 0.0153 -2.808 -7.288 0.016 0.016 0.967 "" "" 14.438912 1.694234 15.23992 13.545686 "" "" 1430.66833 1499.42505 31577.78712 6.1886 10951.0 19.5 30261.0 21.046 "" "" 0.0027635241291032175 0.0033945248 0.0038540782 0.007248603 307.0268023769 37.63380687374 1461.59387 -2.808 -7.288000000000001
307.12030752214 37.69777767008 0.0109 0.0121 12.5036 "" "" 2057854453702470144 997.029358 0.9746 0.0145 1.962 -2.145 0.015 0.015 0.958 6631.2 4.0996 14.439514 1.261593 14.989026 13.727433 14.83 7.05 982.85498 1010.45471 31560.3067 5.5995 13798.0 16.069 25597.0 17.166 "" "" 0.0027620458289602696 0.0030633067 0.0038488815 0.006912188 307.12030752214 37.69777767008 997.029358 1.9620000000000004 -2.1450000000000005
306.59558933606 37.29412002175 0.0132 0.0166 25.6119 "" "" 2058005327313403520 1301.85791 0.7353 0.0181 -1.286 -5.057 0.018 0.021 1.12 8789.1 3.9976 14.441971 1.34303 15.036134 13.693104 "" "" 1271.76074 1333.73779 31488.95833 6.3133 13212.0 15.809 26419.0 15.305 "" "" 0.002763905721650302 0.0030777988 0.0038313642 0.0069091627 306.59558933606 37.29412002175 1301.85791 -1.286 -5.057
306.56248650465 37.87861389562 0.0113 0.0129 19.0335 "" "" 2058039343453725568 1166.396 0.8239 0.0152 5.547 -2.444 0.015 0.016 1.101 "" "" 14.450148 1.990887 15.454989 13.464103 -1.72 2.0 1147.13562 1187.46008 31252.7217 7.9771 8983.0 9.1345 32622.0 12.943 "" "" 0.0027692218615513434 0.0030006613 0.0038038522 0.0068045137 306.56248650465 37.87861389562 1166.396 5.546999999999999 -2.444
307.10049652452 37.69522759341 0.0113 0.0125 11.5508 "" "" 2057854419342737664 1037.84033 0.9379 0.0149 1.902 -0.415 0.015 0.016 1.008 6318.1 4.0973 14.452 1.209804 14.976168 13.766364 -33.37 10.37 1017.76733 1053.11365 31199.4508 5.8283 13962.0 17.673 24695.0 16.29 "" "" 0.0027627752287303076 0.0031102726 0.0038466447 0.0069569172 307.10049652452 37.69522759341 1037.84033 1.9020000000000001 -0.4149999999999999
306.1800825346 37.61397339595 0.0123 0.0147 32.4585 "" "" 2058075799136249344 1464.57922 0.6524 0.0165 -0.419 -3.106 0.017 0.02 1.036 "" "" 14.453531 1.873731 15.3722 13.498469 "" "" 1429.25781 1497.65869 31155.4653 9.254 9694.8 13.118 31606.0 15.104 "" "" 0.002774128833669379 0.003153303 0.0038148314 0.006968134 306.1800825346 37.61397339595 1464.57922 -0.4189999999999998 -3.106
306.91635497241 37.37938000236 0.0119 0.0138 17.3927 "" "" 2057826209997504000 1357.37158 0.7077 0.0162 -1.787 -3.497 0.016 0.017 1.052 "" "" 14.456785 1.726831 15.279545 13.552713 42.24 7.15 1329.04773 1390.80945 31062.23124 7.8071 10558.0 16.955 30066.0 21.339 "" "" 0.002768800502786527 0.003290152 0.0038571407 0.0071472926 306.91635497241 37.37938000236 1357.37158 -1.7869999999999997 -3.497
306.4149355306 37.83430591623 0.0121 0.0139 23.4146 "" "" 2058084389070804480 1089.27844 0.8922 0.0166 -0.082 -2.228 0.016 0.018 1.081 6633.0 4.0897 14.461526 1.285033 15.023963 13.73893 "" "" 1069.31763 1105.901 30926.90111 6.1358 13361.0 16.536 25327.0 12.757 "" "" 0.0027637274516440543 0.003096884 0.0038187434 0.006915627 306.4149355306 37.83430591623 1089.27844 -0.08199999999999996 -2.228
306.72360903539 38.10428396818 0.0128 0.0141 27.0911 "" "" 2058112770214634496 1086.99365 0.8929 0.0168 0.781 -0.996 0.017 0.018 1.003 6434.5 3.9982 14.462538 1.404359 15.095351 13.690992 5.46 8.01 1067.10657 1104.54236 30898.0881 6.1108 12511.0 14.784 26470.0 17.213 "" "" 0.00276367471938388 0.0030710127 0.0038447645 0.006915777 306.72360903539 38.10428396818 1086.99365 0.781 -0.996
306.78638524232 37.17626617842 0.0125 0.0143 29.5817 "" "" 2057814493327079808 1292.953 0.743 0.0165 0.011 -1.229 0.017 0.019 1.012 "" "" 14.463123 1.572916 15.194039 13.621123 -16.11 9.88 1269.41223 1319.22986 30881.43732 6.6748 11424.0 11.325 28230.0 17.816 "" "" 0.002765295881255178 0.0029905732 0.0038409946 0.0068315677 306.78638524232 37.17626617842 1292.953 0.010999999999999954 -1.229
306.91461584983 38.06498461784 0.0123 0.0143 24.0895 "" "" 2058067930756534144 1028.43018 0.9454 0.0165 2.53 -2.277 0.018 0.019 0.926 "" "" 14.464021 1.546536 15.179481 13.632945 -4.66 6.06 1009.97192 1047.00769 30855.91897 6.5581 11578.0 14.313 27924.0 20.699 "" "" 0.0027649666183283375 0.0030962208 0.003864124 0.0069603445 306.91461584983 38.06498461784 1028.43018 2.53 -2.2770000000000006
307.32062482617 37.84826268512 0.0281 0.0335 24.435 "" "" 2057862356442364672 1404.64612 0.6728 0.0379 -0.726 -3.919 0.038 0.049 2.38 7965.9 3.7111 14.466501 1.32554 15.030784 13.705244 "" "" 1346.41028 1479.80615 30785.51482 17.338 13277.0 22.722 26125.0 24.764 "" "" 0.0028223550328255026 0.0033522549 0.003917005 0.0072692595 307.32062482617 37.84826268512 1404.64612 -0.7260000000000002 -3.9190000000000005
306.53654276871 37.59527311576 0.0115 0.0137 15.9469 "" "" 2058031028396914432 1089.26392 0.8858 0.016 1.858 -3.952 0.015 0.017 1.056 "" "" 14.466509 1.798682 15.339845 13.541163 -11.06 6.11 1071.82361 1107.15137 30785.29388 8.015 9988.0 12.984 30387.0 16.07 "" "" 0.002769782214558193 0.0031268413 0.0038227497 0.006949591 306.53654276871 37.59527311576 1089.26392 1.8580000000000003 -3.952
306.9100647086 37.60046419502 0.0115 0.014 4.5831 "" "" 2058039893209248128 1239.75598 0.7734 0.016 -0.553 -3.805 0.015 0.018 1.034 "" "" 14.471839 1.518189 15.166951 13.648762 "" "" 1208.16687 1268.45361 30634.52176 7.0769 11712.0 16.047 27520.0 16.106 "" "" 0.002766712555543842 0.0031619633 0.0038324262 0.0069943895 306.9100647086 37.60046419502 1239.75598 -0.5530000000000003 -3.8049999999999997
