Clusters/Gulliver_2/Gulliver_2_stars_in_region.tsv
# %ECSV 1.0
# ---
# datatype:
# - name: RA_ICRS_1
#   unit: deg
#   datatype: float64
#   format: '{:15.11f}'
#   description: Right ascension (ICRS) at Ep=2016.0 (ra)
#   meta: !!omap
#   - {ucd: POS_EQ_RA_MAIN}
#   - {width: 15}
#   - {precision: '11'}
# - name: DE_ICRS_1
#   unit: deg
#   datatype: float64
#   format: '{:15.11f}'
#   description: Declination (ICRS) at Ep=2016.0 (dec)
#   meta: !!omap
#   - {ucd: POS_EQ_DEC_MAIN}
#   - {width: 15}
#   - {precision: '11'}
# - name: e_RA_ICRS
#   unit: mas
#   datatype: float64
#   format: '{:7.4f}'
#   description: Standard error of right ascension (ra_error)
#   meta: !!omap
#   - {ucd: ERROR}
#   - {width: 7}
#   - {precision: '4'}
# - name: e_DE_ICRS
#   unit: mas
#   datatype: float64
#   format: '{:7.4f}'
#   description: Standard error of declination (dec_error)
#   meta: !!omap
#   - {ucd: ERROR}
#   - {width: 7}
#   - {precision: '4'}
# - name: _r_1
#   unit: ''
#   datatype: float64
#   format: '{:7.4f}'
#   description: Distance from center (122.87390703000-37.42100601000)[ICRS], at Epoch=J2016.0
#   meta: !!omap
#   - {ucd: POS_ANG_DIST_GENERAL}
#   - {width: 7}
#   - {precision: '4'}
# - name: HIP
#   datatype: int32
#   description: '? HIP cross-id number, van Leeuwen, Cat. I/311 (hip_original_ext_source_id)'
#   meta: !!omap
#   - {ucd: ID_NUMBER}
#   - {width: 6}
#   - values: {'null': -2147483648}
# - name: TYC2
#   datatype: string
#   description: Tycho-2 cross-id name, Hog et al., Cat. I/259 (tyc2_original_ext_source_id)
#   meta: !!omap
#   - {ucd: ID_CROSSID}
#   - {_votable_string_dtype: char}
# - name: Source
#   datatype: int64
#   description: Source identifier, identical to the Gaia-EDR3 source_id (id)
#   meta: !!omap
#   - {ucd: ID_MAIN}
#   - {width: 19}
# - name: rgeo
#   unit: pc
#   datatype: float64
#   format: '{:15.8f}'
#   description: '? Median of the geometric distance posterior (r_med_geo)'
#   meta: !!omap
#   - {ucd: PHYS_DISTANCE_TRUE}
#   - {width: 15}
#   - {precision: '8'}
#   - values: {'null': .nan}
# - name: Plx
#   unit: mas
#   datatype: float64
#   format: '{:9.4f}'
#   description: '? Parallax (parallax)'
#   meta: !!omap
#   - {ucd: POS_PARLX_TRIG}
#   - {width: 9}
#   - {precision: '4'}
#   - values: {'null': .nan}
# - name: e_Plx
#   unit: mas
#   datatype: float32
#   format: '{:7.4f}'
#   description: '? Standard error of parallax (parallax_error)'
#   meta: !!omap
#   - {ucd: ERROR}
#   - {width: 7}
#   - {precision: '4'}
#   - values: {'null': .nan}
# - name: pmRA
#   unit: mas / yr
#   datatype: float64
#   format: '{:9.3f}'
#   description: '? Proper motion in right ascension direction, pmRA*cosDE (pmra)'
#   meta: !!omap
#   - {ucd: POS_EQ_PMRA}
#   - {width: 9}
#   - {precision: '3'}
#   - values: {'null': .nan}
# - name: pmDE
#   unit: mas / yr
#   datatype: float64
#   format: '{:9.3f}'
#   description: '? Proper motion in declination direction (pmdec)'
#   meta: !!omap
#   - {ucd: POS_EQ_PMDEC}
#   - {width: 9}
#   - {precision: '3'}
#   - values: {'null': .nan}
# - name: e_pmRA
#   unit: mas / yr
#   datatype: float32
#   format: '{:6.3f}'
#   description: '? Standard error of proper motion in right ascension direction (pmra_error)'
#   meta: !!omap
#   - {ucd: ERROR}
#   - {width: 6}
#   - {precision: '3'}
#   - values: {'null': .nan}
# - name: e_pmDE
[...]
#         value: !astropy.table.SerializedColumn {name: SkyCoord.dec}
#       distance: !astropy.table.SerializedColumn
#         __class__: astropy.coordinates.distances.Distance
#         unit: !astropy.units.Unit {unit: pc}
#         value: !astropy.table.SerializedColumn {name: SkyCoord.distance}
#       frame: icrs
#       obstime: !astropy.time.Time {format: jyear_str, in_subfmt: '*', jd1: 367701545.0, jd2: 0.0, out_subfmt: '*', precision: 3, scale: tt}
#       pm_dec: !astropy.table.SerializedColumn
#         __class__: astropy.units.quantity.Quantity
#         unit: !astropy.units.Unit {unit: mas / yr}
#         value: !astropy.table.SerializedColumn {name: SkyCoord.pm_dec}
#       pm_ra_cosdec: !astropy.table.SerializedColumn
#         __class__: astropy.units.quantity.Quantity
#         unit: !astropy.units.Unit {unit: mas / yr}
#         value: !astropy.table.SerializedColumn {name: SkyCoord.pm_ra_cosdec}
#       ra: !astropy.table.SerializedColumn
#         __class__: astropy.coordinates.angles.Longitude
#         unit: *id001
#         value: !astropy.table.SerializedColumn {name: SkyCoord.ra}
#         wrap_angle: !astropy.coordinates.Angle
#           unit: *id001
#           value: 360.0
#       representation_type: spherical
# schema: astropy-2.0
RA_ICRS_1 DE_ICRS_1 e_RA_ICRS e_DE_ICRS _r_1 HIP TYC2 Source rgeo Plx e_Plx pmRA pmDE e_pmRA e_pmDE RUWE Teff logg Gmag BP-RP BPmag RPmag RV e_RV b_rgeo B_rgeo FG e_FG FBP e_FBP FRP e_FRP RAVE5 RAVE6 e_Gmag e_BPmag e_RPmag e_BP-RP SkyCoord.ra SkyCoord.dec SkyCoord.distance SkyCoord.pm_ra_cosdec SkyCoord.pm_dec rmRA rmDE e_rmRA e_rmDE rRV e_rRV v_pec v_pec3d e_vpec e_vpec3d
[from data line 509]
122.46586674168 -37.58049936373 0.0168 0.0194 21.6525 "" "" 5541094955356608512 1517.74451 0.6289 0.0224 -8.962 4.92 0.023 0.025 0.977 6185.6 4.2144 15.331079 0.99685 15.73002 14.73317 "" "" 1468.64099 1557.62073 13884.02137 3.5653 6972.8 16.143 10137.0 20.577 "" "" 0.002769390412472015 0.0037554472 0.0043750447 0.008130492 122.46586674168 -37.58049936373 1517.74451 -8.962 4.920000000000001 -4.04194270324707 0.30051414489746087 0.11268833 0.11468833 "" "" 29.158434183860297 "" 3.286138753346385 ""
122.54918418643 -37.10947204399 0.0178 0.0194 24.2861 "" "" 5541492669332204800 1239.41895 0.7692 0.0229 -2.255 0.753 0.023 0.025 1.029 5366.9 4.3404 15.335173 0.995255 15.746784 14.75153 "" "" 1198.14465 1282.1626 13831.77321 6.728 6866.0 15.963 9966.6 14.833 "" "" 0.0028054767687031115 0.0037625742 0.0041103237 0.007872898 122.54918418643 -37.10947204399 1239.41895 -2.2550000000000003 0.7530000000000001 2.66505729675293 -3.866485855102539 0.11268833 0.11468833 "" "" 27.588167934649743 "" 3.1463755037921324 ""
122.47249739296 -37.76876925921 0.0171 0.0207 28.2763 "" "" 5541083960240384384 1366.75513 0.6964 0.0233 -11.387 8.012 0.023 0.027 0.986 6100.9 4.4224 15.340364 1.113736 15.812461 14.698725 "" "" 1329.35498 1400.19653 13765.78216 3.5003 6463.0 8.7363 10463.0 12.17 "" "" 0.002769116712214936 0.0031526175 0.003984792 0.0071374094 122.47249739296 -37.76876925921 1366.75513 -11.387 8.012 -6.466942703247071 3.3925141448974614 0.11268833 0.11668833 "" "" 47.31042861951646 "" 5.3727372751420885 ""
122.96394393631 -37.44548425203 0.0169 0.0214 4.5342 "" "" 5541425702199785984 1553.35107 0.6093 0.023 -2.181 4.508 0.023 0.026 1.051 5866.6 4.0907 15.34049 1.175105 15.837547 14.662442 "" "" 1506.92615 1615.52808 13764.18529 4.0027 6315.4 16.044 10819.0 20.6 "" "" 0.0027733517378566593 0.0039234017 0.0043078386 0.00823124 122.96394393631 -37.44548425203 1553.35107 -2.181 4.508000000000001 2.7390572967529296 -0.11148585510253906 0.11268833 0.11568833 "" "" 20.184059810015025 "" 2.274609529193255 ""
122.77512408399 -37.36285666437 0.0163 0.0212 5.8607 "" "" 5541471705581086080 1205.02258 0.7967 0.0223 0.535 6.765 0.021 0.026 0.995 5905.5 4.3604 15.352701 1.043282 15.783721 14.740439 "" "" 1174.71448 1235.51379 13610.25182 6.7196 6636.3 12.934 10069.0 21.548 "" "" 0.0028069795297896993 0.0035018316 0.004436489 0.007938321 122.77512408399 -37.36285666437 1205.02258 0.534999999999999 6.765 5.45505729675293 2.1455141448974606 0.11068833 0.11568833 "" "" 33.481559025870204 "" 3.7288809925785085 ""
122.94010136991 -37.45793666098 0.0173 0.0216 3.8541 "" "" 5541422747262323072 1202.56152 0.795 0.0234 -2.224 5.369 0.025 0.027 0.98 5835.7 4.3919 15.364348 1.018623 15.785432 14.766808 "" "" 1164.95605 1243.78638 13465.03229 4.8876 6625.9 13.701 9827.3 15.108 "" "" 0.0027833628203031554 0.003581261 0.004131563 0.0077128243 122.94010136991 -37.45793666098 1202.56152 -2.2240000000000015 5.368999999999998 2.6960572967529295 0.7495141448974607 0.11468833 0.11668833 "" "" 15.95072001344222 "" 1.831668593068858 ""
122.88857590598 -37.37602359439 0.0174 0.023 2.788 "" "" 5541424156011583872 1365.75439 0.6997 0.0239 -5.062 4.706 0.023 0.027 1.052 5226.7 4.1694 15.36519 1.438138 16.012152 14.574014 "" "" 1318.98853 1419.12268 13454.60372 22.73 5377.2 36.428 11737.0 52.188 "" "" 0.00331001114116578 0.007866781 0.006131081 0.013997862 122.88857590598 -37.37602359439 1365.75439 -5.062 4.7059999999999995 -0.1419427032470706 0.08651414489746134 0.11268833 0.11668833 "" "" 1.076119428996073 "" 0.12244698653713365 ""
122.64567064225 -37.53633753473 0.0171 0.0209 12.8835 "" "" 5541093168650138368 1223.98169 0.7757 0.0243 -8.053 3.684 0.024 0.026 0.938 6012.3 4.351 15.370907 1.047769 15.803926 14.756158 "" "" 1193.45312 1261.40198 13383.93679 3.4708 6514.0 10.57 9924.2 15.723 "" "" 0.002769668769339521 0.0032998356 0.004152423 0.0074522584 122.64567064225 -37.53633753473 1223.98169 -8.053 3.684 -3.132942703247071 -0.9354858551025389 0.113688335 0.11568833 "" "" 18.969310078581685 "" 2.15972001492799 ""
122.46379522354 -37.62178104542 0.0182 0.0198 22.9347 "" "" 5541091588102261760 1433.89307 0.6614 0.0233 -2.943 3.175 0.025 0.026 0.992 5967.9 4.0397 15.372099 1.058338 15.808598 14.750259 "" "" 1378.70764 1485.81445 13369.25082 4.3151 6486.0 11.985 9978.3 13.572 "" "" 0.002777515880321707 0.0034365817 0.004057655 0.007494237 122.46379522354 -37.62178104542 1433.89307 -2.942999999999999 3.175 1.9770572967529296 -1.4444858551025392 0.11468833 0.11568833 "" "" 16.64180328389499 "" 1.9144288793720439 ""
122.98229615356 -37.15921486816 0.0188 0.0201 16.5377 "" "" 5541480162387076096 1494.90881 0.6339 0.0234 -6.149 5.933 0.025 0.024 1.031 5923.2 4.2529 15.375153 1.019621 15.794733 14.775112 "" "" 1442.53552 1538.14502 13331.70712 3.3742 6569.4 12.799 9752.4 12.766 "" "" 0.002768989325409518 0.0035013708 0.0040377784 0.0075391494 122.98229615356 -37.15921486816 1494.90881 -6.149000000000001 5.933000000000005 -1.2289427032470703 1.3135141448974608 0.11468833 0.113688335 "" "" 12.745937078491782 "" 1.4550276854188415 ""
122.75720374011 -37.78361828434 0.0175 0.0234 22.4529 "" "" 5541039773614953984 1513.29712 0.6243 0.0245 -3.057 5.706 0.023 0.032 1.012 6122.0 4.2095 15.38199 1.120036 15.856335 14.736299 "" "" 1466.15942 1560.854 13248.00667 3.8615 6207.0 8.6723 10107.0 7.5995 "" "" 0.002773434946272948 0.0031758847 0.003866547 0.0070424317 122.75720374011 -37.78361828434 1513.29712 -3.0569999999999986 5.7059999999999995 1.8630572967529297 1.0865141448974613 0.11268833 0.121688336 "" "" 15.47030403093216 "" 1.7796907012347893 ""
123.28250384105 -37.2291319026 0.0173 0.0217 22.6406 "" "" 5541453121272351360 1407.7262 0.677 0.0233 -4.577 4.636 0.023 0.029 0.954 5948.1 4.266 15.383682 1.030083 15.809812 14.779729 "" "" 1364.75171 1444.36682 13227.37637 4.0515 6478.8 11.403 9711.1 11.383 "" "" 0.002775316870637421 0.0033818295 0.0039879056 0.0073697353 123.28250384105 -37.2291319026 1407.7262 -4.576999999999998 4.636000000000001 0.34305729675292973 0.01651414489746106 0.11268833 0.11868833 "" "" 2.2917424307082634 "" 0.25828526796660983 ""
123.17590905216 -37.73711648914 0.0286 0.0315 23.7898 "" "" 5541400722670004352 1239.4707 0.7807 0.0373 -4.656 -2.291 0.037 0.04 1.647 5805.6 4.1651 15.383821 1.356584 15.978898 14.622314 "" "" 1181.75208 1298.02783 13225.69594 5.4141 5544.4 11.387 11226.0 13.847 "" "" 0.0027909377517293514 0.0035717443 0.004009646 0.0075813904 123.17590905216 -37.73711648914 1239.4707 -4.656000000000001 -2.2909999999999995 0.26405729675293 -6.910485855102539 0.12668833 0.12968832 "" "" 40.629362859620294 "" 5.268978260358746 ""
122.66944429127 -37.67095408874 0.0196 0.0226 17.875 "" "" 5541044206021620608 1134.1123 0.8433 0.0262 -2.022 4.389 0.028 0.028 1.062 6141.6 4.3251 15.384246 1.146119 15.870242 14.724123 "" "" 1096.97815 1170.63171 13220.51048 3.7293 6128.0 10.837 10221.0 9.9703 "" "" 0.002772289715584574 0.0033869862 0.003924975 0.0073119616 122.66944429127 -37.67095408874 1134.1123 -2.022 4.389 2.89805729675293 -0.23048585510253883 0.11768833 0.11768833 "" "" 15.628257024441107 "" 1.8392634391940261 ""
122.49953564222 -37.73815404914 0.017 0.0198 26.0574 "" "" 5541084097679318656 1382.59253 0.6827 0.0227 -3.829 4.742 0.022 0.025 0.942 6637.7 4.3747 15.384423 1.111367 15.854823 14.743456 "" "" 1347.58618 1422.96826 13218.36147 3.2753 6215.7 10.889 10041.0 9.1688 "" "" 0.0027684229373175144 0.0033768103 0.0039072563 0.0072840666 122.49953564222 -37.73815404914 1382.59253 -3.8290000000000006 4.742000000000006 1.0910572967529295 0.12251414489746093 0.11168833 0.11468833 "" "" 7.195168632401387 "" 0.8038887182192485 ""
123.09565190406 -37.49186987254 0.0178 0.0195 11.3852 "" "" 5541424808846482944 1213.04834 0.7887 0.023 -5.72 3.887 0.025 0.025 0.967 5320.1 3.8954 15.386034 1.293324 15.953423 14.6601 "" "" 1177.86401 1247.53369 13198.7567 3.6587 5676.1 9.7359 10842.0 9.3995 "" "" 0.0027717088954380704 0.0033545822 0.0038948348 0.007249417 123.09565190406 -37.49186987254 1213.04834 -5.719999999999999 3.8869999999999982 -0.7999427032470701 -0.732485855102539 0.11468833 0.11468833 "" "" 6.236516168085552 "" 0.7152556205852904 ""
122.73037214324 -37.83437459469 0.0164 0.0216 25.7229 "" "" 5541038089987836544 1378.849 0.694 0.0227 -6.579 7.499 0.021 0.028 0.983 5910.3 4.2464 15.386247 1.149244 15.873833 14.724588 "" "" 1335.2821 1420.00427 13196.17854 3.6366 6107.8 10.125 10217.0 10.95 "" "" 0.0027715183912240533 0.0033203135 0.0039544613 0.007274775 122.73037214324 -37.83437459469 1378.849 -6.578999999999997 7.499000000000002 -1.65894270324707 2.8795141448974606 0.11068833 0.11768833 "" "" 21.719619116012925 "" 2.5191164785887317 ""
123.09949286047 -37.356887143 0.0165 0.0189 11.4215 "" "" 5541427763783848832 1099.13367 0.8734 0.0216 0.325 -0.87 0.023 0.024 1.013 5444.8 4.3699 15.387324 1.100684 15.851923 14.751239 "" "" 1073.93994 1127.10291 13183.08493 3.2833 6232.3 11.16 9969.3 9.6703 "" "" 0.0027685572609750905 0.0034007276 0.0039233784 0.007324106 123.09949286047 -37.356887143 1099.13367 0.32499999999999996 -0.8699999999999997 5.24505729675293 -5.489485855102539 0.11268833 0.113688335 "" "" 39.55578252141313 "" 4.478196931743698 ""
122.65583259175 -37.37123668607 0.0198 0.0245 10.8154 "" "" 5541473290439839360 1506.47717 0.6343 0.0278 -1.127 4.458 0.027 0.03 1.196 5933.0 4.326 15.393877 1.009624 15.799519 14.789895 "" "" 1451.02625 1572.19287 13103.76421 4.5906 6540.5 8.9058 9620.6 10.746 "" "" 0.0027814501671296244 0.0031576348 0.0039691906 0.0071268254 122.65583259175 -37.37123668607 1506.47717 -1.1269999999999998 4.457999999999998 3.79305729675293 -0.16148585510253888 0.11668833 0.11968833 "" "" 27.109626450320487 "" 3.1635261649431543 ""
123.01614215108 -37.12909854664 0.0183 0.0204 18.7849 "" "" 5541503767528979456 1555.04504 0.6092 0.0233 -4.008 8.16 0.025 0.024 1.057 5873.0 4.1096 15.394012 1.119992 15.869447 14.749455 "" "" 1503.48401 1615.21338 13102.12561 3.7293 6132.5 10.378 9985.6 10.183 "" "" 0.002772596798909409 0.0033408136 0.003938225 0.0072790384 123.01614215108 -37.12909854664 1555.04504 -4.008 8.16 0.9120572967529297 3.540514144897461 0.11468833 0.113688335 "" "" 26.948818696440227 "" 3.0654502811021955 ""
122.71133046564 -37.41836599626 0.0181 0.0234 7.7488 "" "" 5541470026264940160 1297.29382 0.7307 0.0253 4.104 17.569 0.024 0.028 1.004 5216.5 4.2708 15.409244 1.061905 15.850053 14.788148 "" "" 1256.08643 1336.78687 12919.60556 3.9738 6243.0 12.185 9636.0 11.208 "" "" 0.0027754840673080323 0.0035036749 0.0039847894 0.007488464 122.71133046564 -37.41836599626 1297.29382 4.103999999999999 17.569000000000003 9.024057296752929 12.94951414489746 0.113688335 0.11768833 "" "" 97.05637408564951 "" 11.296967140160177 ""
122.50397889407 -37.6298329565 0.0181 0.0215 21.6069 "" "" 5541091347584079232 1271.3822 0.7546 0.0243 2.921 -2.566 0.025 0.027 1.0 5857.1 4.3075 15.411277 1.137473 15.897161 14.759687 "" "" 1236.27222 1303.6543 12895.43512 3.4643 5978.0 12.429 9892.0 11.734 "" "" 0.002770715701598117 0.0035889845 0.003992799 0.0075817835 122.50397889407 -37.6298329565 1271.3822 2.9209999999999994 -2.566 7.841057296752929 -7.185485855102539 0.11468833 0.11668833 "" "" 64.09312852127331 "" 7.409520363403402 ""
122.9384406537 -37.63538739423 0.0182 0.0219 13.2243 "" "" 5541416253271908096 1568.3031 0.6069 0.0251 -3.78 4.831 0.025 0.029 1.055 6100.1 4.1528 15.411289 1.20035 15.927329 14.726979 "" "" 1506.33472 1638.08728 12895.29309 4.1879 5814.1 10.845 10195.0 14.398 "" "" 0.002777790529744051 0.0034476875 0.0040785866 0.007526274 122.9384406537 -37.63538739423 1568.3031 -3.7799999999999994 4.831000000000001 1.1400572967529299 0.21151414489746134 0.11468833 0.11868833 "" "" 8.619532640917022 "" 0.9897264038993122 ""
122.88949200978 -37.11705573824 0.0213 0.0245 18.2522 "" "" 5541483873238875392 1283.04602 0.7488 0.027 -1.415 -0.761 0.028 0.029 1.136 "" "" 15.412086 1.168282 15.912762 14.744479 "" "" 1246.06616 1333.95532 12885.82931 3.4977 5892.7 9.7296 10032.0 12.149 "" "" 0.002771036490200045 0.003316441 0.0040015704 0.0073180115 122.88949200978 -37.11705573824 1283.04602 -1.4150000000000003 -0.7610000000000001 3.5050572967529297 -5.380485855102539 0.11768833 0.11868833 "" "" 39.05295157953017 "" 4.623528783620111 ""
122.8505055174 -37.35930501437 0.0172 0.0223 3.8665 "" "" 5541471125776428800 1426.90991 0.6679 0.0236 0.041 4.767 0.023 0.027 0.948 "" "" 15.417879 0.995837 15.765383 14.769546 "" "" 1380.56042 1478.72327 12817.25625 5.5124 6749.4 66.639 9802.6 77.449 "" "" 0.0027946075373760093 0.011076987 0.009373908 0.020450894 122.8505055174 -37.35930501437 1426.90991 0.04100000000000059 4.766999999999996 4.96105729675293 0.14751414489746129 0.11268833 0.11668833 "" "" 33.56920386059292 "" 3.7829783336395444 ""
123.05123638111 -37.36564434221 0.0209 0.0265 9.0824 "" "" 5541426423754122112 1324.72974 0.7255 0.028 -3.191 1.769 0.027 0.033 1.282 5910.2 4.2944 15.418137 1.134111 15.89824 14.764129 "" "" 1279.07556 1369.26843 12814.22203 4.9362 5972.0 12.14 9851.6 13.913 "" "" 0.002786882395198326 0.0035575787 0.004078585 0.007636164 123.05123638111 -37.36564434221 1324.72974 -3.191 1.7689999999999997 1.7290572967529299 -2.850485855102539 0.11668833 0.12268833 "" "" 20.934306513187092 "" 2.5352221173132903 ""
122.89426709826 -36.96616293085 0.0253 0.03 27.3079 "" "" 5541509299446855808 1100.8877 0.8729 0.0335 -6.54 9.745 0.037 0.041 1.412 5032.1 4.3691 15.419325 1.12818 15.894188 14.766008 "" "" 1062.64575 1139.26819 12800.20535 3.3485 5994.3 11.291 9834.6 11.934 "" "" 0.002769920578337179 0.0034594154 0.004002444 0.0074618594 122.89426709826 -36.96616293085 1100.8877 -6.540000000000005 9.745000000000001 -1.6199427032470703 5.12551414489746 0.12668833 0.13068834 "" "" 28.05004318841356 "" 3.6557658515185993 ""
122.79254067093 -36.9679350078 0.0173 0.0217 27.461 "" "" 5541498510487406208 1604.72876 0.5882 0.0229 -9.423 -1.121 0.024 0.028 0.949 5303.3 4.2001 15.422877 1.168877 15.915069 14.746192 "" "" 1542.88684 1665.68445 12758.39331 3.4382 5880.2 17.879 10016.0 13.561 "" "" 0.002770811849219389 0.004322401 0.004055203 0.008377604 122.79254067093 -36.9679350078 1604.72876 -9.422999999999998 -1.1210000000000018 -4.50294270324707 -5.7404858551025395 0.113688335 0.11768833 "" "" 55.4953849284592 "" 6.447502177110971 ""
123.25914222917 -37.17679698489 0.0179 0.0194 23.5112 "" "" 5541454255143699328 1607.99377 0.5836 0.0227 -12.454 11.045 0.024 0.026 1.033 5874.0 4.0533 15.423752 1.087989 15.878422 14.790433 "" "" 1551.65491 1661.08203 12748.1131 3.4203 6082.0 15.227 9615.8 12.706 "" "" 0.002770676076393824 0.0038953854 0.0040425197 0.007937905 123.25914222917 -37.17679698489 1607.99377 -12.454000000000004 11.045000000000002 -7.533942703247071 6.425514144897461 0.113688335 0.11568833 "" "" 75.47115916850738 "" 8.644072489349433 ""
122.30379388272 -37.24892110182 0.0198 0.0221 29.0918 "" "" 5541115708638245760 1583.79565 0.5898 0.0274 -6.141 4.651 0.027 0.028 1.056 6851.5 4.4318 15.42621 1.001471 15.836127 14.834657 "" "" 1521.06335 1644.55554 12719.27854 3.3395 6323.6 10.562 9232.0 9.5447 "" "" 0.002770027296362225 0.0033277103 0.0039425576 0.007270268 122.30379388272 -37.24892110182 1583.79565 -6.140999999999998 4.651000000000002 -1.2209427032470703 0.03151414489746074 0.11668833 0.11768833 "" "" 9.168903286450794 "" 1.069910174661915 ""
