Clusters/Gulliver_2/Gulliver_2_stars_in_region.tsv
# %ECSV 1.0
# ---
# datatype:
# - name: RA_ICRS_1
#   unit: deg
#   datatype: float64
#   format: '{:15.11f}'
#   description: Right ascension (ICRS) at Ep=2016.0 (ra)
#   meta: !!omap
#   - {ucd: POS_EQ_RA_MAIN}
#   - {width: 15}
#   - {precision: '11'}
# - name: DE_ICRS_1
#   unit: deg
#   datatype: float64
#   format: '{:15.11f}'
#   description: Declination (ICRS) at Ep=2016.0 (dec)
#   meta: !!omap
#   - {ucd: POS_EQ_DEC_MAIN}
#   - {width: 15}
#   - {precision: '11'}
# - name: e_RA_ICRS
#   unit: mas
#   datatype: float64
#   format: '{:7.4f}'
#   description: Standard error of right ascension (ra_error)
#   meta: !!omap
#   - {ucd: ERROR}
#   - {width: 7}
#   - {precision: '4'}
# - name: e_DE_ICRS
#   unit: mas
#   datatype: float64
#   format: '{:7.4f}'
#   description: Standard error of declination (dec_error)
#   meta: !!omap
#   - {ucd: ERROR}
#   - {width: 7}
#   - {precision: '4'}
# - name: _r_1
#   unit: ''
#   datatype: float64
#   format: '{:7.4f}'
#   description: Distance from center (122.87390703000-37.42100601000)[ICRS], at Epoch=J2016.0
#   meta: !!omap
#   - {ucd: POS_ANG_DIST_GENERAL}
#   - {width: 7}
#   - {precision: '4'}
# - name: HIP
#   datatype: int32
#   description: '? HIP cross-id number, van Leeuwen, Cat. I/311 (hip_original_ext_source_id)'
#   meta: !!omap
#   - {ucd: ID_NUMBER}
#   - {width: 6}
#   - values: {'null': -2147483648}
# - name: TYC2
#   datatype: string
#   description: Tycho-2 cross-id name, Hog et al., Cat. I/259 (tyc2_original_ext_source_id)
#   meta: !!omap
#   - {ucd: ID_CROSSID}
#   - {_votable_string_dtype: char}
# - name: Source
#   datatype: int64
#   description: Source identifier, identical to the Gaia-EDR3 source_id (id)
#   meta: !!omap
#   - {ucd: ID_MAIN}
#   - {width: 19}
# - name: rgeo
#   unit: pc
#   datatype: float64
#   format: '{:15.8f}'
#   description: '? Median of the geometric distance posterior (r_med_geo)'
#   meta: !!omap
#   - {ucd: PHYS_DISTANCE_TRUE}
#   - {width: 15}
#   - {precision: '8'}
#   - values: {'null': .nan}
# - name: Plx
#   unit: mas
#   datatype: float64
#   format: '{:9.4f}'
#   description: '? Parallax (parallax)'
#   meta: !!omap
#   - {ucd: POS_PARLX_TRIG}
#   - {width: 9}
#   - {precision: '4'}
#   - values: {'null': .nan}
# - name: e_Plx
#   unit: mas
#   datatype: float32
#   format: '{:7.4f}'
#   description: '? Standard error of parallax (parallax_error)'
#   meta: !!omap
#   - {ucd: ERROR}
#   - {width: 7}
#   - {precision: '4'}
#   - values: {'null': .nan}
# - name: pmRA
#   unit: mas / yr
#   datatype: float64
#   format: '{:9.3f}'
#   description: '? Proper motion in right ascension direction, pmRA*cosDE (pmra)'
#   meta: !!omap
#   - {ucd: POS_EQ_PMRA}
#   - {width: 9}
#   - {precision: '3'}
#   - values: {'null': .nan}
# - name: pmDE
#   unit: mas / yr
#   datatype: float64
#   format: '{:9.3f}'
#   description: '? Proper motion in declination direction (pmdec)'
#   meta: !!omap
#   - {ucd: POS_EQ_PMDEC}
#   - {width: 9}
#   - {precision: '3'}
#   - values: {'null': .nan}
# - name: e_pmRA
#   unit: mas / yr
#   datatype: float32
#   format: '{:6.3f}'
#   description: '? Standard error of proper motion in right ascension direction (pmra_error)'
#   meta: !!omap
#   - {ucd: ERROR}
#   - {width: 6}
#   - {precision: '3'}
#   - values: {'null': .nan}
# - name: e_pmDE
[...]
#         value: !astropy.table.SerializedColumn {name: SkyCoord.dec}
#       distance: !astropy.table.SerializedColumn
#         __class__: astropy.coordinates.distances.Distance
#         unit: !astropy.units.Unit {unit: pc}
#         value: !astropy.table.SerializedColumn {name: SkyCoord.distance}
#       frame: icrs
#       obstime: !astropy.time.Time {format: jyear_str, in_subfmt: '*', jd1: 367701545.0, jd2: 0.0, out_subfmt: '*', precision: 3, scale: tt}
#       pm_dec: !astropy.table.SerializedColumn
#         __class__: astropy.units.quantity.Quantity
#         unit: !astropy.units.Unit {unit: mas / yr}
#         value: !astropy.table.SerializedColumn {name: SkyCoord.pm_dec}
#       pm_ra_cosdec: !astropy.table.SerializedColumn
#         __class__: astropy.units.quantity.Quantity
#         unit: !astropy.units.Unit {unit: mas / yr}
#         value: !astropy.table.SerializedColumn {name: SkyCoord.pm_ra_cosdec}
#       ra: !astropy.table.SerializedColumn
#         __class__: astropy.coordinates.angles.Longitude
#         unit: *id001
#         value: !astropy.table.SerializedColumn {name: SkyCoord.ra}
#         wrap_angle: !astropy.coordinates.Angle
#           unit: *id001
#           value: 360.0
#       representation_type: spherical
# schema: astropy-2.0
RA_ICRS_1 DE_ICRS_1 e_RA_ICRS e_DE_ICRS _r_1 HIP TYC2 Source rgeo Plx e_Plx pmRA pmDE e_pmRA e_pmDE RUWE Teff logg Gmag BP-RP BPmag RPmag RV e_RV b_rgeo B_rgeo FG e_FG FBP e_FBP FRP e_FRP RAVE5 RAVE6 e_Gmag e_BPmag e_RPmag e_BP-RP SkyCoord.ra SkyCoord.dec SkyCoord.distance SkyCoord.pm_ra_cosdec SkyCoord.pm_dec rmRA rmDE e_rmRA e_rmDE rRV e_rRV v_pec v_pec3d e_vpec e_vpec3d
[from data line 1048]
122.73341272493 -37.12873634763 0.0367 0.0422 18.7753 "" "" 5541483048605307520 1308.55127 0.7463 0.0477 -6.866 4.315 0.047 0.055 0.988 4838.2 4.5589 16.597857 1.345487 17.173956 15.828469 "" "" 1210.93787 1406.70129 4323.19117 2.7621 1844.3 21.456 3696.3 26.412 "" "" 0.0028412992699919366 0.012935608 0.008629755 0.021565363 122.73341272493 -37.12873634763 1308.55127 -6.866 4.315000000000001 -1.94594270324707 -0.30448585510253867 0.13668832 0.14468834 "" "" 12.216635756704102 "" 1.6722737333390782 ""
122.93471858743 -37.78015881767 0.0313 0.042 21.7422 "" "" 5541402608151337088 1459.05847 0.6657 0.044 -7.532 5.419 0.04 0.05 0.996 5389.7 4.6717 16.59971 1.301664 17.178932 15.877268 "" "" 1366.70251 1562.41187 4315.81365 2.0203 1835.9 9.259 3533.9 12.218 "" "" 0.0028018043398870957 0.0061455914 0.005326789 0.01147238 122.93471858743 -37.78015881767 1459.05847 -7.532000000000001 5.419000000000002 -2.6119427032470703 0.7995141448974605 0.12968832 0.13968833 "" "" 18.89135743158664 "" 2.46673936540017 ""
122.93168547583 -37.46786402902 0.0305 0.0375 3.9345 "" "" 5541422747262338944 1412.35583 0.6831 0.0412 3.197 2.54 0.043 0.047 0.996 5302.6 4.6377 16.60187 1.18585 17.114922 15.929071 "" "" 1332.95288 1493.94299 4307.24209 2.1318 1947.4 7.9799 3369.2 8.5916 "" "" 0.0028072323273118215 0.005251574 0.004685005 0.009936579 122.93168547583 -37.46786402902 1412.35583 3.196999999999999 2.54 8.117057296752929 -2.079485855102539 0.13268833 0.13668832 "" "" 56.095067976206636 "" 7.457175391402025 ""
123.30077282696 -37.36596171489 0.0319 0.0394 20.6145 "" "" 5541438724542216576 1251.98279 0.7693 0.0416 -4.79 2.983 0.042 0.051 0.963 5228.2 4.6463 16.601961 1.276558 17.170366 15.893808 "" "" 1194.36975 1335.66992 4306.87731 2.6064 1850.4 8.2443 3480.4 10.909 "" "" 0.0028325806228414138 0.0055844015 0.0050857747 0.010670176 123.30077282696 -37.36596171489 1251.98279 -4.790000000000001 2.9829999999999997 0.13005729675292965 -1.636485855102539 0.13168833 0.14068833 "" "" 9.742180107804908 "" 1.370078235327105 ""
122.61311161243 -37.5271495088 0.0319 0.0379 13.9563 "" "" 5541093855844911744 1234.27527 0.7767 0.0442 -1.582 0.737 0.044 0.047 1.011 5094.9 4.6741 16.602509 1.282444 17.158815 15.876371 "" "" 1158.23755 1310.89209 4304.7021 3.1413 1870.2 10.275 3536.8 11.199 "" "" 0.002866972515442595 0.006585402 0.005109097 0.011694498 122.61311161243 -37.5271495088 1234.27527 -1.5819999999999999 0.7369999999999999 3.33805729675293 -3.882485855102539 0.13368833 0.13668832 "" "" 29.955478289429262 "" 4.05661183459038 ""
122.3268988055 -37.3907090023 0.1977 0.2363 26.1343 "" "" 5541109626964601344 1600.48828 0.8451 0.2761 6.631 -22.008 0.27 0.316 7.849 "" "" 16.602951 2.091009 17.486889 15.39588 "" "" 1054.18701 2410.38965 4302.95147 14.877 1382.5 7.4026 5505.6 9.4499 "" "" 0.004656494215892077 0.0064484673 0.0042138626 0.01066233 122.3268988055 -37.3907090023 1600.48828 6.631000000000004 -22.007999999999996 11.55105729675293 -26.627485855102538 0.35968834 0.40568835 "" "" 220.1926856944163 "" 87.80330957838264 ""
122.66229338722 -37.87887633288 0.0304 0.0377 29.2537 "" "" 5541037574591844480 1339.33032 0.7247 0.0415 1.151 5.139 0.038 0.049 1.002 4761.8 4.4265 16.604534 1.374864 17.227657 15.852794 "" "" 1274.87073 1407.91699 4296.67968 2.0299 1755.3 6.1902 3614.4 5.6535 "" "" 0.0028026587606465214 0.004737696 0.004143408 0.008881104 122.66229338722 -37.87887633288 1339.33032 1.1509999999999996 5.139 6.0710572967529295 0.5195141448974612 0.12768833 0.13868833 "" "" 38.68251170289409 "" 4.942530807388806 ""
122.62411814379 -37.62866228176 0.0322 0.0386 17.2197 "" "" 5541045305532846336 1294.599 0.7462 0.0435 -11.343 9.872 0.045 0.048 1.003 5206.6 4.6365 16.604963 1.252899 17.152792 15.899893 "" "" 1233.99622 1390.54102 4294.98195 2.3183 1880.6 8.5894 3461.0 11.913 "" "" 0.0028169559344156164 0.005690022 0.0053150947 0.011005117 122.62411814379 -37.62866228176 1294.599 -11.343 9.871999999999993 -6.42294270324707 5.252514144897461 0.13468833 0.13768834 "" "" 50.91477292073849 "" 6.919243247858402 ""
123.3903609628 -37.62276646309 0.0322 0.0338 27.3962 "" "" 5541221467913308288 1295.43896 0.7477 0.0416 -2.142 -2.057 0.043 0.042 1.001 5015.2 4.5122 16.605673 1.295665 17.1798 15.884135 "" "" 1226.38904 1365.98474 4292.17834 2.0241 1834.4 11.628 3511.6 9.5197 "" "" 0.0028024888423294134 0.0074264035 0.004790309 0.012216712 123.3903609628 -37.62276646309 1295.43896 -2.1419999999999995 -2.057 2.77805729675293 -6.6764858551025394 0.13268833 0.13168833 "" "" 44.4035147118292 "" 5.8539989799895995 ""
122.95025036709 -37.37070987484 0.0326 0.0393 4.7276 "" "" 5541429138173576576 1525.09546 0.6331 0.0441 -9.732 7.195 0.042 0.047 1.041 5332.8 4.6738 16.60639 1.216145 17.113018 15.896873 "" "" 1397.03442 1627.56738 4289.34515 2.3214 1950.8 13.142 3470.6 10.41 "" "" 0.0028172798151716175 0.007828415 0.0049889344 0.012817349 122.95025036709 -37.37070987484 1525.09546 -9.732 7.195 -4.81194270324707 2.575514144897461 0.13168833 0.13668832 "" "" 39.45449794234757 "" 5.240268623966369 ""
122.583606537 -37.19480840962 0.0364 0.0379 19.3941 "" "" 5541488404414665344 1625.25208 0.5923 0.0463 1.274 0.072 0.049 0.048 0.981 5331.6 4.6606 16.610325 1.162245 17.102951 15.940706 "" "" 1507.17725 1793.98401 4273.82413 2.1195 1969.0 7.3332 3333.3 9.685 "" "" 0.0028074387010045363 0.004912845 0.0049229534 0.009835798 122.583606537 -37.19480840962 1625.25208 1.2740000000000002 0.07199999999999986 6.19405729675293 -4.547485855102539 0.13868833 0.13768834 "" "" 59.19625270103597 "" 8.189145880764858 ""
123.34449065543 -37.42966178458 0.0309 0.0356 22.4287 "" "" 5541434635733205888 1442.03845 0.6798 0.0398 -4.255 2.465 0.042 0.044 0.99 5039.4 4.5958 16.61234 1.305063 17.193132 15.888069 "" "" 1370.99463 1529.15857 4265.89915 2.1377 1812.0 8.031 3498.9 11.354 "" "" 0.0028085244039310294 0.0055625057 0.005166906 0.010729412 123.34449065543 -37.42966178458 1442.03845 -4.255 2.465 0.6650572967529298 -2.154485855102539 0.13168833 0.13368833 "" "" 15.412130332828026 "" 2.0577586968139907 ""
122.8624406948 -37.25195634418 0.0314 0.0409 10.1577 "" "" 5541478684918499968 1337.59717 0.7164 0.0438 -2.774 0.238 0.039 0.047 1.043 4749.9 4.5629 16.618385 1.180325 17.129671 15.949346 "" "" 1264.026 1406.54797 4242.21619 2.0438 1921.1 6.3066 3306.9 7.4266 "" "" 0.002804532828757461 0.004526479 0.0044976887 0.009024167 122.8624406948 -37.25195634418 1337.59717 -2.7740000000000005 0.23799999999999988 2.1460572967529297 -4.3814858551025395 0.12868834 0.13668832 "" "" 30.932808345603377 "" 4.181415869909 ""
122.44799109576 -37.46004046766 0.0633 0.0695 20.425 "" "" 5541097974708470784 1383.00684 0.7054 0.0826 -2.898 -0.364 0.087 0.098 2.484 5211.6 4.6954 16.62147 1.335795 17.113852 15.778056 "" "" 1271.91101 1569.18567 4230.18459 4.1356 1949.3 9.8923 3872.0 17.022 "" "" 0.0029527082662808945 0.006176077 0.006088194 0.01226427 122.44799109576 -37.46004046766 1383.00684 -2.8980000000000006 -0.3640000000000011 2.0220572967529296 -4.983485855102539 0.17668833 0.18768832 "" "" 35.255810024891886 "" 6.563672675921368 ""
122.90981963284 -37.81338210486 0.0306 0.0377 23.6044 "" "" 5541027197950585472 1603.55945 0.5974 0.0414 -2.784 1.363 0.04 0.048 0.941 5381.7 4.6204 16.623802 1.236684 17.166618 15.929934 "" "" 1511.3551 1722.70044 4221.09947 2.0968 1856.8 8.1383 3366.5 7.5294 "" "" 0.002807608917032977 0.005516407 0.0044922675 0.010008674 122.90981963284 -37.81338210486 1603.55945 -2.784 1.363 2.13605729675293 -3.256485855102539 0.12968832 0.13768834 "" "" 29.601898342643846 "" 4.006068694587686 ""
123.0681352622 -37.15283230164 0.0326 0.0357 18.5706 "" "" 5541456522886076032 1531.67126 0.6359 0.0421 -0.444 -1.155 0.043 0.043 1.054 5257.6 4.6175 16.624071 1.148965 17.124262 15.975297 "" "" 1428.5885 1617.44727 4220.05664 2.1775 1930.7 6.6932 3228.8 8.9139 "" "" 0.0028116976965751168 0.004685332 0.004823732 0.009509064 123.0681352622 -37.15283230164 1531.67126 -0.4440000000000004 -1.1550000000000007 4.47605729675293 -5.774485855102539 0.13268833 0.13268833 "" "" 53.04351284728426 "" 7.038255064039707 ""
122.41520761296 -37.66981033707 0.0327 0.0377 26.439 "" "" 5541085437709129344 1124.68347 0.8657 0.0444 -6.368 5.416 0.043 0.046 0.994 4733.3 4.456 16.625143 1.521887 17.331274 15.809387 "" "" 1064.94495 1187.55347 4215.89558 2.3537 1595.5 8.6094 3761.9 10.757 "" "" 0.0028212083310423224 0.006489166 0.0048910514 0.011380218 122.41520761296 -37.66981033707 1124.68347 -6.368 5.416 -1.4479427032470706 0.7965141448974613 0.13268833 0.13568833 "" "" 8.809826297049051 "" 1.1751540007544952 ""
122.43986104516 -37.28017508463 0.0417 0.048 22.3604 "" "" 5541111894707209600 1304.99744 0.7447 0.0579 -3.528 4.368 0.057 0.064 1.307 4604.2 4.4133 16.626802 1.478001 17.254032 15.776032 "" "" 1213.64954 1431.98169 4209.45246 3.6742 1713.2 14.507 3879.2 22.448 "" "" 0.0029137408664916416 0.009607837 0.007332018 0.016939854 122.43986104516 -37.28017508463 1304.99744 -3.5279999999999996 4.368 1.3920572967529297 -0.25148585510253874 0.14668833 0.15368834 "" "" 8.750220472533371 "" 1.2855357671489869 ""
123.38688643009 -37.63486202725 0.033 0.0336 27.5763 "" "" 5541221021236714368 1323.54663 0.7442 0.0408 -7.735 7.506 0.045 0.043 0.991 5269.9 4.6559 16.629368 1.343245 17.226814 15.88357 "" "" 1252.50293 1401.35291 4199.51713 2.1768 1756.7 6.6696 3513.4 8.1355 "" "" 0.0028122086993004653 0.0049776887 0.0045392048 0.009516893 123.38688643009 -37.63486202725 1323.54663 -7.735 7.506 -2.8149427032470706 2.886514144897461 0.13468833 0.13268833 "" "" 25.294299001302697 "" 3.381012218153826 ""
122.97218239505 -37.17395856351 0.0341 0.0383 15.5473 "" "" 5541480128027357184 1615.06152 0.61 0.0433 -2.76 0.244 0.042 0.045 0.961 4993.1 4.495 16.63318 1.271745 17.197227 15.925483 "" "" 1493.73303 1717.67261 4184.79573 2.0793 1805.2 7.5081 3380.4 7.722 "" "" 0.0028076355084392613 0.005308198 0.00452052 0.009828718 122.97218239505 -37.17395856351 1615.06152 -2.759999999999999 0.24399999999999986 2.16005729675293 -4.375485855102539 0.13168833 0.13468833 "" "" 37.355427593341915 "" 5.009577685506306 ""
123.2678723924 -37.4741757956 0.0327 0.035 19.0356 "" "" 5541413848089727232 1256.89758 0.7752 0.0413 -10.655 19.201 0.043 0.046 0.997 4908.9 4.3559 16.635738 1.489892 17.315441 15.825549 "" "" 1202.23389 1312.92871 4174.9507 2.1696 1619.0 11.137 3706.3 7.8795 "" "" 0.0028124970590804673 0.007972873 0.004428514 0.012401387 123.2678723924 -37.4741757956 1256.89758 -10.655000000000005 19.201 -5.73494270324707 14.581514144897461 0.13268833 0.13568833 "" "" 93.34970144040508 "" 12.62930914203656 ""
122.95077231496 -37.09405978556 0.0336 0.0394 19.9573 "" "" 5541481364977904128 1244.77905 0.7825 0.0441 -7.98 8.409 0.045 0.047 1.004 5024.2 4.6526 16.636581 1.244734 17.18557 15.940836 "" "" 1168.50378 1301.32104 4171.70723 2.2195 1824.7 7.8894 3332.9 5.8676 "" "" 0.002815221173025161 0.005460962 0.0042352523 0.009696214 122.95077231496 -37.09405978556 1244.77905 -7.98 8.408999999999999 -3.0599427032470707 3.7895141448974616 0.13468833 0.13668832 "" "" 28.73832950415743 "" 3.905610325841291 ""
123.40402926016 -37.53675651917 0.032 0.0338 26.1796 "" "" 5541433055185267072 1492.48975 0.642 0.0408 -3.965 -0.89 0.042 0.042 1.002 5449.9 4.5654 16.63659 1.250248 17.185984 15.935736 "" "" 1392.1626 1577.32581 4171.68021 2.0482 1824.0 7.5062 3348.6 8.6208 "" "" 0.002806413165390277 0.0052676997 0.0047007143 0.009968414 123.40402926016 -37.53675651917 1492.48975 -3.9649999999999994 -0.8900000000000002 0.9550572967529298 -5.509485855102539 0.13168833 0.13168833 "" "" 39.5575887578412 "" 5.209272667740863 ""
122.86228695689 -37.41081862162 0.0524 0.0667 0.8248 "" "" 5541424018572685440 1341.48572 0.733 0.0704 -4.383 3.753 0.069 0.079 1.623 5015.3 4.5047 16.644634 1.321366 17.203114 15.881747 "" "" 1210.42346 1448.02698 4140.88065 5.7058 1795.4 8.0138 3519.3 10.337 "" "" 0.003135279247757561 0.0055920235 0.0049450807 0.010537105 122.86228695689 -37.41081862162 1341.48572 -4.383000000000001 3.753 0.5370572967529297 -0.866485855102539 0.15868834 0.16868833 "" "" 6.482161891498211 "" 1.0758659020285462 ""
123.10094558576 -37.2484979351 0.0315 0.0367 14.9815 "" "" 5541431852592625792 1447.25732 0.6644 0.0416 0.869 1.845 0.041 0.047 1.041 5142.9 4.5992 16.64911 1.341124 17.218393 15.87727 "" "" 1376.95422 1557.30627 4123.84747 2.1259 1770.4 9.3922 3533.9 21.371 "" "" 0.00281159506612264 0.00640018 0.007575942 0.013976122 123.10094558576 -37.2484979351 1447.25732 0.8690000000000001 1.8450000000000009 5.7890572967529295 -2.7744858551025393 0.13068834 0.13668832 "" "" 44.03828948062699 "" 5.805559539121982 ""
122.49960151697 -37.65114149257 0.0346 0.0414 22.5348 "" "" 5541091240199230208 1394.85535 0.6965 0.0469 -3.043 1.311 0.047 0.052 1.071 4905.6 4.4795 16.649454 1.446145 17.305794 15.859649 "" "" 1292.65308 1505.66565 4122.54508 2.2003 1633.4 8.8784 3591.7 8.0367 "" "" 0.002815597646430169 0.0065278937 0.0044928603 0.0110207535 122.49960151697 -37.65114149257 1394.85535 -3.0430000000000006 1.3110000000000004 1.8770572967529295 -3.308485855102539 0.13668832 0.14168833 "" "" 25.149717837197954 "" 3.5332136163108414 ""
122.60277812184 -37.43679569957 0.0353 0.0407 12.953 "" "" 5541472637606870272 1604.20801 0.6263 0.0498 -1.472 2.216 0.048 0.05 1.115 5240.0 4.6609 16.64953 1.27876 17.207607 15.928847 "" "" 1472.38782 1722.42786 4122.25004 2.3482 1788.0 7.2849 3369.9 8.3206 "" "" 0.0028238813492418614 0.0052300757 0.004633609 0.009863685 122.60277812184 -37.43679569957 1604.20801 -1.4719999999999995 2.216 3.4480572967529297 -2.403485855102539 0.13768834 0.13968833 "" "" 31.959958744419225 "" 4.421517054448031 ""
123.00429701446 -37.2082961851 0.0341 0.0381 14.1985 "" "" 5541479784429966848 1371.04126 0.7039 0.0437 -4.902 4.814 0.043 0.046 1.03 4290.1 4.153 16.649784 1.723334 17.479689 15.756354 "" "" 1292.68799 1462.5116 4121.28621 5.8849 1391.7 13.576 3950.2 20.755 "" "" 0.003161547719395719 0.010952685 0.006842996 0.017795682 123.00429701446 -37.2082961851 1371.04126 -4.902 4.814000000000002 0.018057296752929552 0.194514144897461 0.13268833 0.13568833 "" "" 1.269531254762956 "" 0.17222839672073217 ""
123.09776958109 -37.36633627733 0.0311 0.0355 11.164 "" "" 5541427660704644736 1622.15759 0.6056 0.0411 -1.034 10.111 0.041 0.046 1.009 5510.1 4.6573 16.652344 1.181594 17.159775 15.978181 "" "" 1516.82556 1761.16138 4111.58737 2.0506 1868.6 7.8513 3220.2 8.0306 "" "" 0.00280802563813644 0.0053475546 0.0046491926 0.009996748 123.09776958109 -37.36633627733 1622.15759 -1.0340000000000007 10.111 3.88605729675293 5.491514144897462 0.13068834 0.13568833 "" "" 51.727307611533625 "" 6.933564802973999 ""
123.02350646406 -37.48810366751 0.0328 0.0374 8.1841 "" "" 5541424632744343552 1175.76086 0.8299 0.0433 1.341 -1.329 0.045 0.048 1.007 5046.7 4.6677 16.656708 1.354028 17.266356 15.912328 "" "" 1113.50757 1240.57495 4095.0899 2.1431 1693.8 6.9689 3421.6 11.409 "" "" 0.0028132976569709483 0.005266887 0.005233563 0.01050045 123.02350646406 -37.48810366751 1175.76086 1.3409999999999997 -1.329 6.26105729675293 -5.948485855102539 0.13468833 0.13768834 "" "" 48.13090483899388 "" 6.551570465610909 ""
122.66255260056 -37.3248863111 0.0337 0.0422 11.6113 "" "" 5541473634037190144 1139.29041 0.8464 0.0497 -2.777 -1.035 0.045 0.05 0.991 4864.2 4.6952 16.657509 1.400441 17.211914 15.811473 "" "" 1088.15039 1204.72888 4092.07405 2.4082 1780.9 25.217 3754.6 39.528 "" "" 0.0028284375038200977 0.015624833 0.012039111 0.027663944 122.66255260056 -37.3248863111 1139.29041 -2.7769999999999997 -1.0350000000000006 2.1430572967529296 -5.654485855102539 0.13468833 0.13968833 "" "" 32.655094573684366 "" 4.541350464378665 ""
