Clusters/Gulliver_2/Gulliver_2_members.tsv
# %ECSV 1.0
# ---
# datatype:
# - name: RA_ICRS_1
#   unit: deg
#   datatype: float64
#   format: '{:15.11f}'
#   description: Right ascension (ICRS) at Ep=2016.0 (ra)
#   meta: !!omap
#   - {ucd: POS_EQ_RA_MAIN}
#   - {width: 15}
#   - {precision: '11'}
# - name: DE_ICRS_1
#   unit: deg
#   datatype: float64
#   format: '{:15.11f}'
#   description: Declination (ICRS) at Ep=2016.0 (dec)
#   meta: !!omap
#   - {ucd: POS_EQ_DEC_MAIN}
#   - {width: 15}
#   - {precision: '11'}
# - name: e_RA_ICRS
#   unit: mas
#   datatype: float64
#   format: '{:7.4f}'
#   description: Standard error of right ascension (ra_error)
#   meta: !!omap
#   - {ucd: ERROR}
#   - {width: 7}
#   - {precision: '4'}
# - name: e_DE_ICRS
#   unit: mas
#   datatype: float64
#   format: '{:7.4f}'
#   description: Standard error of declination (dec_error)
#   meta: !!omap
#   - {ucd: ERROR}
#   - {width: 7}
#   - {precision: '4'}
# - name: _r_1
#   unit: ''
#   datatype: float64
#   format: '{:7.4f}'
#   description: Distance from center (122.87390703000-37.42100601000)[ICRS], at Epoch=J2016.0
#   meta: !!omap
#   - {ucd: POS_ANG_DIST_GENERAL}
#   - {width: 7}
#   - {precision: '4'}
# - name: HIP
#   datatype: int32
#   description: '? HIP cross-id number, van Leeuwen, Cat. I/311 (hip_original_ext_source_id)'
#   meta: !!omap
#   - {ucd: ID_NUMBER}
#   - {width: 6}
#   - values: {'null': -2147483648}
# - name: TYC2
#   datatype: string
#   description: Tycho-2 cross-id name, Hog et al., Cat. I/259 (tyc2_original_ext_source_id)
#   meta: !!omap
#   - {ucd: ID_CROSSID}
#   - {_votable_string_dtype: char}
# - name: Source
#   datatype: int64
#   description: Source identifier, identical to the Gaia-EDR3 source_id (id)
#   meta: !!omap
#   - {ucd: ID_MAIN}
#   - {width: 19}
# - name: rgeo
#   unit: pc
#   datatype: float64
#   format: '{:15.8f}'
#   description: '? Median of the geometric distance posterior (r_med_geo)'
#   meta: !!omap
#   - {ucd: PHYS_DISTANCE_TRUE}
#   - {width: 15}
#   - {precision: '8'}
#   - values: {'null': .nan}
# - name: Plx
#   unit: mas
#   datatype: float64
#   format: '{:9.4f}'
#   description: '? Parallax (parallax)'
#   meta: !!omap
#   - {ucd: POS_PARLX_TRIG}
#   - {width: 9}
#   - {precision: '4'}
#   - values: {'null': .nan}
# - name: e_Plx
#   unit: mas
#   datatype: float32
#   format: '{:7.4f}'
#   description: '? Standard error of parallax (parallax_error)'
#   meta: !!omap
#   - {ucd: ERROR}
#   - {width: 7}
#   - {precision: '4'}
#   - values: {'null': .nan}
# - name: pmRA
#   unit: mas / yr
#   datatype: float64
#   format: '{:9.3f}'
#   description: '? Proper motion in right ascension direction, pmRA*cosDE (pmra)'
#   meta: !!omap
#   - {ucd: POS_EQ_PMRA}
#   - {width: 9}
#   - {precision: '3'}
#   - values: {'null': .nan}
# - name: pmDE
#   unit: mas / yr
#   datatype: float64
#   format: '{:9.3f}'
#   description: '? Proper motion in declination direction (pmdec)'
#   meta: !!omap
#   - {ucd: POS_EQ_PMDEC}
#   - {width: 9}
#   - {precision: '3'}
#   - values: {'null': .nan}
# - name: e_pmRA
#   unit: mas / yr
#   datatype: float32
#   format: '{:6.3f}'
#   description: '? Standard error of proper motion in right ascension direction (pmra_error)'
#   meta: !!omap
#   - {ucd: ERROR}
#   - {width: 6}
#   - {precision: '3'}
#   - values: {'null': .nan}
# - name: e_pmDE
[...]
#         unit: &id001 !astropy.units.Unit {unit: deg}
#         value: !astropy.table.SerializedColumn {name: SkyCoord.dec}
#       distance: !astropy.table.SerializedColumn
#         __class__: astropy.coordinates.distances.Distance
#         unit: !astropy.units.Unit {unit: pc}
#         value: !astropy.table.SerializedColumn {name: SkyCoord.distance}
#       frame: icrs
#       obstime: !astropy.time.Time {format: jyear_str, in_subfmt: '*', jd1: 367701545.0, jd2: 0.0, out_subfmt: '*', precision: 3, scale: tt}
#       pm_dec: !astropy.table.SerializedColumn
#         __class__: astropy.units.quantity.Quantity
#         unit: !astropy.units.Unit {unit: mas / yr}
#         value: !astropy.table.SerializedColumn {name: SkyCoord.pm_dec}
#       pm_ra_cosdec: !astropy.table.SerializedColumn
#         __class__: astropy.units.quantity.Quantity
#         unit: !astropy.units.Unit {unit: mas / yr}
#         value: !astropy.table.SerializedColumn {name: SkyCoord.pm_ra_cosdec}
#       ra: !astropy.table.SerializedColumn
#         __class__: astropy.coordinates.angles.Longitude
#         unit: *id001
#         value: !astropy.table.SerializedColumn {name: SkyCoord.ra}
#         wrap_angle: !astropy.coordinates.Angle
#           unit: *id001
#           value: 360.0
#       representation_type: spherical
# schema: astropy-2.0
RA_ICRS_1 DE_ICRS_1 e_RA_ICRS e_DE_ICRS _r_1 HIP TYC2 Source rgeo Plx e_Plx pmRA pmDE e_pmRA e_pmDE RUWE Teff logg Gmag BP-RP BPmag RPmag RV e_RV b_rgeo B_rgeo FG e_FG FBP e_FBP FRP e_FRP RAVE5 RAVE6 e_Gmag e_BPmag e_RPmag e_BP-RP SkyCoord.ra SkyCoord.dec SkyCoord.distance SkyCoord.pm_ra_cosdec SkyCoord.pm_dec Pmemb
122.90559183619 -37.38016136031 0.0186 0.0243 2.8787 "" 7133-4567-1 5541429821059515264 1407.12012 0.691 0.0254 -4.923 4.563 0.024 0.03 1.077 "" "" 8.164459 0.036134 8.155679 8.119545 "" "" 1369.95886 1451.4873 10213232.4331 3330.5 7467000.0 5354.0 4480600.0 1366.0 "" "" 0.0027779748417493147 0.0028967403 0.0037938494 0.0066905897 122.90559183619 -37.38016136031 1407.12012 -4.923 4.563000000000001 1.0
122.83047733004 -37.46087883438 0.0154 0.0205 3.1629 "" 7133-784-1 5541423262658509824 1422.06323 0.6928 0.0216 -4.908 4.63 0.021 0.024 0.904 24341.0 3.8206 8.602167 0.017229 8.586562 8.569333 "" "" 1377.57812 1468.45679 6824641.80355 2064.6 5021000.0 2299.5 2960900.0 1063.8 "" "" 0.002774828704647197 0.0028341308 0.00379946 0.006633591 122.83047733004 -37.46087883438 1422.06323 -4.908 4.629999999999999 0.8
122.86961056007 -37.4200340305 0.0109 0.0135 0.2129 "" 7133-458-1 5541423812414255104 1355.37317 0.73 0.0149 -4.922 4.568 0.015 0.017 0.917 16362.1 3.9574 10.423763 0.149121 10.464117 10.314996 "" "" 1326.42468 1386.58154 1274797.68081 336.24 890780.0 495.84 593140.0 184.57 "" "" 0.002770162273023219 0.0028548727 0.0037944529 0.0066493256 122.86961056007 -37.4200340305 1355.37317 -4.922000000000001 4.568 1.0
122.88081958786 -37.39398951753 0.0101 0.0131 1.6541 "" 7133-1574-1 5541423915493438592 1352.56384 0.7273 0.0139 -4.753 4.793 0.013 0.016 0.935 13941.5 3.8746 10.656027 0.170861 10.705946 10.535085 14.93 18.23 1330.72937 1372.60242 1029285.86432 217.28 712920.0 307.12 484310.0 129.32 "" "" 0.002764836424755759 0.0028291016 0.003790485 0.0066195866 122.88081958786 -37.39398951753 1352.56384 -4.753 4.792999999999999 1.0
122.83647999402 -37.45303117003 0.0104 0.0139 2.6214 "" "" 5541423361428712832 1310.16553 0.7156 0.0144 -4.98 4.662 0.014 0.016 0.895 "" "" 11.611521 0.174355 11.664238 11.489883 "" "" 1284.72144 1341.74084 426912.0813 416.06 294930.0 1014.2 201000.0 520.23 "" "" 0.0029515153557891013 0.0046609966 0.004709613 0.00937061 122.83647999402 -37.45303117003 1310.16553 -4.98 4.662000000000001 1.0
122.90459425773 -37.41187534089 0.0111 0.0137 1.5616 "" "" 5541423881133689728 1261.32727 0.7444 0.015 -5.115 4.512 0.015 0.017 0.968 "" "" 11.639747 0.220229 11.710067 11.489838 "" "" 1241.91748 1279.65588 415956.53265 85.886 282740.0 120.78 201010.0 71.899 "" "" 0.0027644251675779004 0.0028284555 0.0037992825 0.006627738 122.90459425773 -37.41187534089 1261.32727 -5.115 4.512 0.9
122.88075593733 -37.40837152821 0.01 0.0126 0.8253 "" "" 5541423915493450368 1268.81982 0.7379 0.0136 -4.899 4.613 0.013 0.016 0.908 "" "" 11.704869 0.228806 11.777526 11.54872 "" "" 1250.78003 1285.83679 391740.87805 80.406 265710.0 148.87 190400.0 100.06 "" "" 0.0027643176018196844 0.0028557114 0.0038222102 0.006677922 122.88075593733 -37.40837152821 1268.81982 -4.898999999999999 4.613 1.0
123.16888194032 -37.26266769041 0.0091 0.0107 16.9777 "" "" 5541452056120611200 1241.56567 0.7663 0.012 -4.859 4.754 0.012 0.013 0.975 "" "" 12.365035 0.295255 12.466583 12.171329 "" "" 1222.69116 1257.28735 213271.39324 33.383 140860.0 71.422 107310.0 49.178 "" "" 0.0027605564398772054 0.0028439611 0.0038119948 0.0066559557 123.16888194032 -37.26266769041 1241.56567 -4.858999999999999 4.754 1.0
122.91269192998 -37.39234841497 0.0094 0.0123 2.5246 "" "" 5541429752340040960 1280.66064 0.7462 0.0131 -4.773 4.636 0.012 0.014 0.954 "" "" 12.388386 0.272754 12.481367 12.208613 "" "" 1258.3916 1302.64929 208733.66046 39.71 138950.0 72.324 103680.0 32.211 "" "" 0.0027630514983511224 0.0028468263 0.0037944047 0.006641231 122.91269192998 -37.39234841497 1280.66064 -4.773 4.636 1.0
122.75442677555 -37.29652194173 0.0098 0.0125 9.3944 "" "" 5541472461499173504 1313.25488 0.7273 0.0138 -4.959 4.511 0.012 0.015 1.0 "" "" 12.546077 0.307053 12.650547 12.343494 "" "" 1293.35681 1330.54858 180516.18875 41.931 118900.0 97.735 91572.0 48.332 "" "" 0.0027668382201474382 0.002929428 0.0038225802 0.006752008 122.75442677555 -37.29652194173 1313.25488 -4.959 4.510999999999999 1.0
122.88095781808 -37.40604688846 0.0093 0.0119 0.9584 "" "" 5541423911186838656 1340.8053 0.7168 0.0127 -4.816 4.603 0.012 0.014 0.912 "" "" 12.730248 0.319139 12.839948 12.520808 "" "" 1319.29358 1360.57251 152351.72514 29.482 99871.0 73.668 77774.0 30.67 "" "" 0.0027633192006921788 0.002902834 0.003803557 0.006706391 122.88095781808 -37.40604688846 1340.8053 -4.815999999999999 4.603 1.0
122.868323792 -37.43995565627 0.009 0.0117 1.1677 "" "" 5541423709335054592 1314.45447 0.7332 0.0122 -4.932 4.594 0.013 0.014 0.966 "" "" 12.745522 0.354841 12.870769 12.515927 "" "" 1290.37427 1339.97864 150223.6513 28.32 97075.0 55.662 78124.0 28.018 "" "" 0.0027629122393740815 0.0028587794 0.0037993877 0.006658167 122.868323792 -37.43995565627 1314.45447 -4.932 4.593999999999999 1.0
122.90432973719 -37.40392896777 0.0096 0.0119 1.7754 "" "" 5541423881133683200 1319.93005 0.7293 0.0129 -4.964 4.635 0.012 0.014 0.974 7955.3 3.9315 12.776676 0.361486 12.904783 12.543297 "" "" 1294.89575 1337.71667 145974.29949 31.14 94081.0 81.736 76180.0 34.987 "" "" 0.0027650379498697724 0.0029453023 0.0038121347 0.0067574373 122.90432973719 -37.40392896777 1319.93005 -4.964 4.635000000000001 1.0
122.95704019977 -37.3720895313 0.0088 0.0107 4.9313 "" "" 5541429172533309056 1259.39465 0.7612 0.0122 -4.953 4.659 0.011 0.013 1.094 7184.3 3.8965 13.047805 0.785553 13.35594 12.570387 28.91 3.34 1238.86292 1275.43616 113716.84462 21.568 62093.0 26.745 74302.0 32.368 "" "" 0.002763004627458025 0.0028290895 0.0038088625 0.0066379523 122.95704019977 -37.3720895313 1259.39465 -4.952999999999999 4.658999999999999 1.0
122.87573815863 -37.29146099267 0.0083 0.0099 7.7732 "" "" 5541477447967935104 1336.24109 0.7086 0.011 -4.979 4.61 0.01 0.012 1.004 9189.0 4.1823 13.149094 0.499363 13.334491 12.835128 "" "" 1312.89429 1361.69116 103587.97804 30.639 63332.0 36.971 58225.0 37.534 "" "" 0.0027739715183159467 0.002861253 0.0038436435 0.0067048967 122.87573815863 -37.29146099267 1336.24109 -4.979 4.61 1.0
122.96350274681 -37.38027829241 0.0081 0.0102 4.9203 "" "" 5541429103813831936 1325.48633 0.7213 0.0112 -4.961 4.719 0.01 0.012 1.05 9201.3 4.2773 13.152957 0.448044 13.316231 12.868187 "" "" 1309.43481 1357.14819 103220.02692 28.848 64406.0 50.018 56479.0 18.931 "" "" 0.002771978822988711 0.0029147922 0.003796863 0.0067116553 122.96350274681 -37.38027829241 1325.48633 -4.961 4.719000000000001 1.0
122.81813463987 -37.29124316737 0.0084 0.0101 8.2276 "" "" 5541478203882234112 1306.81506 0.731 0.0115 -4.954 4.646 0.01 0.012 0.97 "" "" 13.372221 1.140708 13.857623 12.716915 -41.87 7.46 1290.09729 1327.02307 84344.83277 34.87 39117.0 61.812 64922.0 64.205 "" "" 0.0027916430759817048 0.0032754454 0.003928951 0.0072043967 122.81813463987 -37.29124316737 1306.81506 -4.954 4.646000000000001 1.0
122.84009007212 -37.4535751461 0.0087 0.0118 2.5326 "" "" 5541423365737709568 1356.85669 0.7019 0.0123 -4.853 4.606 0.012 0.014 1.043 8651.2 4.1914 13.480179 0.513008 13.671847 13.158839 "" "" 1335.27856 1378.97559 76361.60887 30.14 46417.0 63.099 43214.0 41.629 "" "" 0.0027884470349200897 0.0031564943 0.003921436 0.0070779305 122.84009007212 -37.4535751461 1356.85669 -4.853 4.606 0.9
122.74201165646 -37.76274244673 0.0085 0.0114 21.4416 "" "" 5541040529529197568 1327.93835 0.7155 0.0121 -4.941 4.486 0.011 0.015 0.979 9309.7 4.1278 13.578795 0.646856 13.824036 13.177179 "" "" 1308.74524 1352.33789 69731.48548 17.191 40346.0 30.052 42490.0 22.738 "" "" 0.0027682910948892635 0.0029050084 0.003823782 0.0067287907 122.74201165646 -37.76274244673 1327.93835 -4.941000000000001 4.486000000000001 1.0
122.99353006586 -37.63832416997 0.009 0.0108 14.2273 "" "" 5541405876630867456 1321.31763 0.7184 0.0122 -4.934 4.501 0.013 0.014 1.011 9002.7 4.181 13.624946 0.751719 13.91817 13.16645 "" "" 1301.01135 1339.64832 66829.55708 15.13 36996.0 25.213 42912.0 20.367 "" "" 0.0027662629309245013 0.0028866162 0.0038143515 0.0067009674 122.99353006586 -37.63832416997 1321.31763 -4.934000000000001 4.501000000000001 1.0
122.74903498272 -37.27709664343 0.0096 0.0125 10.4895 "" "" 5541475420743481984 1298.72363 0.7373 0.0137 -4.924 4.659 0.012 0.016 0.995 7312.8 4.0903 13.888302 0.715545 14.164813 13.449268 "" "" 1277.80078 1320.94043 52435.58342 20.688 29478.0 51.805 33071.0 31.11 "" "" 0.0027884203926537223 0.0033802132 0.003914958 0.007295171 122.74903498272 -37.27709664343 1298.72363 -4.924 4.659 1.0
122.84985824769 -37.35880436647 0.0101 0.0132 3.9042 "" "" 5541471125776428928 1374.25415 0.6896 0.014 -4.852 4.684 0.013 0.016 1.057 5847.5 4.0037 14.030365 1.001171 14.430937 13.429766 6.24 9.2 1346.47302 1402.57031 46004.54692 24.295 23070.0 85.321 33671.0 65.514 "" "" 0.0028143473249564077 0.0048896596 0.004329723 0.009219382 122.84985824769 -37.35880436647 1374.25415 -4.852 4.683999999999999 1.0
122.86425900895 -37.40514067747 0.0101 0.0136 1.0571 "" "" 5541424018572678272 1331.24414 0.7165 0.0141 -4.997 4.592 0.013 0.017 1.013 5856.1 3.7236 14.039215 1.127584 14.513648 13.386064 23.65 6.23 1310.05627 1353.67249 45631.09501 25.554 21378.0 45.819 35054.0 58.819 "" "" 0.0028216104133527804 0.0036331995 0.0041955616 0.007828761 122.86425900895 -37.40514067747 1331.24414 -4.997 4.592 1.0
122.88150291937 -37.36818211374 0.0104 0.0138 3.19 "" "" 5541424224731062016 1398.83875 0.6844 0.0144 -4.881 4.604 0.013 0.016 1.054 6164.8 3.7376 14.109013 1.153254 14.598743 13.44549 11.47 6.44 1362.67944 1444.17249 42789.96125 36.924 19766.0 67.14 33187.0 101.0 "" "" 0.0029102512885106494 0.004624515 0.005020163 0.009644678 122.88150291937 -37.36818211374 1398.83875 -4.881 4.604000000000001 1.0
122.75688273804 -37.43060061829 0.0107 0.0148 5.6057 "" "" 5541469235990836992 1343.30554 0.7114 0.0152 -4.841 4.51 0.014 0.018 1.065 "" "" 14.162086 1.172981 14.660103 13.487122 40.73 10.2 1313.87939 1369.32703 40748.57591 45.039 18680.0 70.938 31938.0 93.726 "" "" 0.003005314922501118 0.0049784738 0.004943255 0.009921729 122.75688273804 -37.43060061829 1343.30554 -4.841000000000001 4.51 1.0
122.97253396911 -37.44805381817 0.0161 0.0198 4.9712 "" "" 5541425702199779456 1307.12378 0.73 0.0218 -4.83 4.51 0.022 0.025 0.975 5160.0 3.7886 15.223075 1.525659 15.92562 14.399961 "" "" 1268.96362 1341.00317 15336.16644 25.329 5823.3 40.763 13778.0 66.178 "" "" 0.0032874471169153504 0.008096116 0.0064404686 0.014536584 122.97253396911 -37.44805381817 1307.12378 -4.83 4.510000000000001 1.0
122.88857590598 -37.37602359439 0.0174 0.023 2.788 "" "" 5541424156011583872 1365.75439 0.6997 0.0239 -5.062 4.706 0.023 0.027 1.052 5226.7 4.1694 15.36519 1.438138 16.012152 14.574014 "" "" 1318.98853 1419.12268 13454.60372 22.73 5377.2 36.428 11737.0 52.188 "" "" 0.00331001114116578 0.007866781 0.006131081 0.013997862 122.88857590598 -37.37602359439 1365.75439 -5.062 4.7059999999999995 1.0
122.92506687187 -37.4255986361 0.0217 0.0259 2.4533 "" "" 5541423056499957760 1396.70691 0.6823 0.0289 -4.765 4.561 0.03 0.032 0.99 4894.3 4.1742 15.839412 1.480991 16.515295 15.034304 "" "" 1346.69885 1454.40808 8693.2472 15.414 3383.0 25.01 7681.3 43.593 "" "" 0.003361230891881717 0.0084978035 0.007228505 0.01572631 122.92506687187 -37.4255986361 1396.70691 -4.765 4.561 1.0
122.865507473 -37.4172886009 0.0218 0.0276 0.4582 "" "" 5541423812414257024 1248.06946 0.7652 0.0293 -4.983 4.596 0.03 0.033 1.062 4926.5 4.2585 15.877344 1.494422 16.56602 15.071597 "" "" 1204.15332 1291.08704 8394.77864 13.872 3228.6 29.904 7422.0 40.128 "" "" 0.00328796214813406 0.010436222 0.0069815936 0.017417815 122.865507473 -37.4172886009 1248.06946 -4.982999999999999 4.596000000000001 1.0
122.66423758034 -37.54055079658 0.0242 0.0301 12.2927 "" "" 5541092962491703296 1264.86267 0.7591 0.0346 -5.175 4.552 0.035 0.038 1.007 5231.4 3.8424 16.136637 1.505592 16.82532 15.319727 "" "" 1208.75598 1320.1355 6611.3767 7.1051 2542.7 11.972 5905.6 23.314 "" "" 0.0029921982427355727 0.0058239335 0.00571451 0.011538444 122.66423758034 -37.54055079658 1264.86267 -5.175 4.552 0.9
122.91842651665 -37.3616667443 0.0294 0.0361 4.1449 "" "" 5541429859728109568 1372.65967 0.7073 0.0392 -4.92 4.812 0.04 0.043 1.109 5256.8 3.8355 16.285103 1.760051 17.132359 15.372308 "" "" 1296.71228 1465.19446 5766.40949 6.4443 1916.3 10.526 5626.5 17.248 "" "" 0.00301065857963602 0.006584234 0.0050360123 0.011620246 122.91842651665 -37.3616667443 1372.65967 -4.92 4.812000000000001 0.9
122.87615687863 -37.35744306106 0.0304 0.0405 3.8153 "" "" 5541430095937942912 1394.17908 0.6884 0.0427 -4.988 4.544 0.039 0.047 1.005 5424.1 3.8491 16.513752 1.764617 17.360691 15.596074 "" "" 1307.44519 1476.25549 4671.39143 7.7859 1552.9 15.251 4578.6 25.933 "" "" 0.003296438373639775 0.011022 0.007218093 0.018240092 122.87615687863 -37.35744306106 1394.17908 -4.988000000000001 4.5440000000000005 0.8
123.12661062287 -37.27486008185 0.0323 0.0376 14.9056 "" "" 5541428622777212928 1298.42004 0.7522 0.0425 -4.834 4.804 0.041 0.047 0.998 4787.8 4.2393 16.663206 1.797918 17.531073 15.733154 "" "" 1244.58167 1359.245 4070.65282 5.8102 1327.4 9.2033 4035.5 18.255 "" "" 0.0031612339953855243 0.008028219 0.006197254 0.014225474 123.12661062287 -37.27486008185 1298.42004 -4.834 4.804 1.0
122.84570327752 -37.44407793968 0.035 0.0439 1.9292 "" "" 5541423400097435008 1502.88013 0.6516 0.0497 -4.937 4.648 0.053 0.056 0.973 "" "" 16.800104 1.707085 17.535475 15.82839 "" "" 1405.15186 1626.58911 3588.43672 51.36 1322.0 48.585 3696.6 113.47 "" "" 0.015782129515041505 0.03999947 0.03354112 0.07354059 122.84570327752 -37.44407793968 1502.88013 -4.937000000000001 4.648 0.9
122.95177926464 -37.34030888262 0.0349 0.0426 6.1014 "" "" 5541430375124129792 1288.57947 0.7611 0.0474 -4.835 4.599 0.044 0.052 1.018 5525.5 4.5424 16.823755 1.820745 17.709871 15.889126 "" "" 1221.04944 1358.45459 3511.11148 7.2217 1125.8 11.414 3495.5 21.684 "" "" 0.0035466571049465262 0.01135592 0.0077231764 0.019079097 122.95177926464 -37.34030888262 1288.57947 -4.835000000000001 4.598999999999999 0.8
