Clusters/Gulliver_2/Gulliver_2_stars_in_region.tsv
# %ECSV 1.0
# ---
# datatype:
# - name: RA_ICRS_1
#   unit: deg
#   datatype: float64
#   format: '{:15.11f}'
#   description: Right ascension (ICRS) at Ep=2016.0 (ra)
#   meta: !!omap
#   - {ucd: POS_EQ_RA_MAIN}
#   - {width: 15}
#   - {precision: '11'}
# - name: DE_ICRS_1
#   unit: deg
#   datatype: float64
#   format: '{:15.11f}'
#   description: Declination (ICRS) at Ep=2016.0 (dec)
#   meta: !!omap
#   - {ucd: POS_EQ_DEC_MAIN}
#   - {width: 15}
#   - {precision: '11'}
# - name: e_RA_ICRS
#   unit: mas
#   datatype: float64
#   format: '{:7.4f}'
#   description: Standard error of right ascension (ra_error)
#   meta: !!omap
#   - {ucd: ERROR}
#   - {width: 7}
#   - {precision: '4'}
# - name: e_DE_ICRS
#   unit: mas
#   datatype: float64
#   format: '{:7.4f}'
#   description: Standard error of declination (dec_error)
#   meta: !!omap
#   - {ucd: ERROR}
#   - {width: 7}
#   - {precision: '4'}
# - name: _r_1
#   unit: ''
#   datatype: float64
#   format: '{:7.4f}'
#   description: Distance from center (122.87390703000-37.42100601000)[ICRS], at Epoch=J2016.0
#   meta: !!omap
#   - {ucd: POS_ANG_DIST_GENERAL}
#   - {width: 7}
#   - {precision: '4'}
# - name: HIP
#   datatype: int32
#   description: '? HIP cross-id number, van Leeuwen, Cat. I/311 (hip_original_ext_source_id)'
#   meta: !!omap
#   - {ucd: ID_NUMBER}
#   - {width: 6}
#   - values: {'null': -2147483648}
# - name: TYC2
#   datatype: string
#   description: Tycho-2 cross-id name, Hog et al., Cat. I/259 (tyc2_original_ext_source_id)
#   meta: !!omap
#   - {ucd: ID_CROSSID}
#   - {_votable_string_dtype: char}
# - name: Source
#   datatype: int64
#   description: Source identifier, identical to the Gaia-EDR3 source_id (id)
#   meta: !!omap
#   - {ucd: ID_MAIN}
#   - {width: 19}
# - name: rgeo
#   unit: pc
#   datatype: float64
#   format: '{:15.8f}'
#   description: '? Median of the geometric distance posterior (r_med_geo)'
#   meta: !!omap
#   - {ucd: PHYS_DISTANCE_TRUE}
#   - {width: 15}
#   - {precision: '8'}
#   - values: {'null': .nan}
# - name: Plx
#   unit: mas
#   datatype: float64
#   format: '{:9.4f}'
#   description: '? Parallax (parallax)'
#   meta: !!omap
#   - {ucd: POS_PARLX_TRIG}
#   - {width: 9}
#   - {precision: '4'}
#   - values: {'null': .nan}
# - name: e_Plx
#   unit: mas
#   datatype: float32
#   format: '{:7.4f}'
#   description: '? Standard error of parallax (parallax_error)'
#   meta: !!omap
#   - {ucd: ERROR}
#   - {width: 7}
#   - {precision: '4'}
#   - values: {'null': .nan}
# - name: pmRA
#   unit: mas / yr
#   datatype: float64
#   format: '{:9.3f}'
#   description: '? Proper motion in right ascension direction, pmRA*cosDE (pmra)'
#   meta: !!omap
#   - {ucd: POS_EQ_PMRA}
#   - {width: 9}
#   - {precision: '3'}
#   - values: {'null': .nan}
# - name: pmDE
#   unit: mas / yr
#   datatype: float64
#   format: '{:9.3f}'
#   description: '? Proper motion in declination direction (pmdec)'
#   meta: !!omap
#   - {ucd: POS_EQ_PMDEC}
#   - {width: 9}
#   - {precision: '3'}
#   - values: {'null': .nan}
# - name: e_pmRA
#   unit: mas / yr
#   datatype: float32
#   format: '{:6.3f}'
#   description: '? Standard error of proper motion in right ascension direction (pmra_error)'
#   meta: !!omap
#   - {ucd: ERROR}
#   - {width: 6}
#   - {precision: '3'}
#   - values: {'null': .nan}
# - name: e_pmDE
[...]
#         value: !astropy.table.SerializedColumn {name: SkyCoord.dec}
#       distance: !astropy.table.SerializedColumn
#         __class__: astropy.coordinates.distances.Distance
#         unit: !astropy.units.Unit {unit: pc}
#         value: !astropy.table.SerializedColumn {name: SkyCoord.distance}
#       frame: icrs
#       obstime: !astropy.time.Time {format: jyear_str, in_subfmt: '*', jd1: 367701545.0, jd2: 0.0, out_subfmt: '*', precision: 3, scale: tt}
#       pm_dec: !astropy.table.SerializedColumn
#         __class__: astropy.units.quantity.Quantity
#         unit: !astropy.units.Unit {unit: mas / yr}
#         value: !astropy.table.SerializedColumn {name: SkyCoord.pm_dec}
#       pm_ra_cosdec: !astropy.table.SerializedColumn
#         __class__: astropy.units.quantity.Quantity
#         unit: !astropy.units.Unit {unit: mas / yr}
#         value: !astropy.table.SerializedColumn {name: SkyCoord.pm_ra_cosdec}
#       ra: !astropy.table.SerializedColumn
#         __class__: astropy.coordinates.angles.Longitude
#         unit: *id001
#         value: !astropy.table.SerializedColumn {name: SkyCoord.ra}
#         wrap_angle: !astropy.coordinates.Angle
#           unit: *id001
#           value: 360.0
#       representation_type: spherical
# schema: astropy-2.0
RA_ICRS_1 DE_ICRS_1 e_RA_ICRS e_DE_ICRS _r_1 HIP TYC2 Source rgeo Plx e_Plx pmRA pmDE e_pmRA e_pmDE RUWE Teff logg Gmag BP-RP BPmag RPmag RV e_RV b_rgeo B_rgeo FG e_FG FBP e_FBP FRP e_FRP RAVE5 RAVE6 e_Gmag e_BPmag e_RPmag e_BP-RP SkyCoord.ra SkyCoord.dec SkyCoord.distance SkyCoord.pm_ra_cosdec SkyCoord.pm_dec rmRA rmDE e_rmRA e_rmDE rRV e_rRV v_pec v_pec3d e_vpec e_vpec3d
[from data line 119]
122.84009007212 -37.4535751461 0.0087 0.0118 2.5326 "" "" 5541423365737709568 1356.85669 0.7019 0.0123 -4.853 4.606 0.012 0.014 1.043 8651.2 4.1914 13.480179 0.513008 13.671847 13.158839 "" "" 1335.27856 1378.97559 76361.60887 30.14 46417.0 63.099 43214.0 41.629 "" "" 0.0027884470349200897 0.0031564943 0.003921436 0.0070779305 122.84009007212 -37.4535751461 1356.85669 -4.853 4.606 0.06705729675292993 -0.01348585510253919 0.10168833 0.10368833 "" "" 0.4399141472324709 "" 0.044768660570143184 ""
122.43127949998 -37.07596123119 0.0088 0.0102 29.5891 "" "" 5541492394454374656 1092.5636 0.8771 0.0121 -6.127 6.583 0.012 0.013 1.012 6942.9 4.1313 13.48126 0.712063 13.757628 13.045566 "" "" 1081.79639 1105.99976 76285.62953 17.614 42891.0 33.061 47966.0 31.072 "" "" 0.002766701216237001 0.0029129798 0.0038442689 0.0067572487 122.43127949998 -37.07596123119 1092.5636 -6.126999999999999 6.583000000000001 -1.20694270324707 1.9635141448974611 0.10168833 0.10268833 "" "" 11.93598125808989 "" 1.2224244215297573 ""
122.82075188412 -37.8902245433 0.0082 0.0114 28.2661 "" "" 5541025102006690048 1527.80518 0.6179 0.0117 -4.92 5.17 0.01 0.015 1.034 6616.9 3.8322 13.540089 0.960588 13.93333 12.972742 40.3 3.26 1502.96509 1553.16528 72262.21347 8.4888 36483.0 21.508 51293.0 19.967 "" "" 0.0027582706223910577 0.0028626474 0.0038029407 0.0066655884 122.82075188412 -37.8902245433 1527.80518 -4.92 5.17 5.7296752929758554e-05 0.5505141448974609 0.09968833 0.10468833 25.853999999999996 4.957692 3.9867114585990224 26.15957156098174 0.41736217050127244 4.900193868445474
122.80903551365 -36.94398055242 0.0124 0.0144 28.789 "" "" 5541498609255639424 1214.64685 0.7906 0.0163 -5.516 5.0 0.016 0.019 1.768 7460.0 4.167 13.54244 0.69478 13.76139 13.066609 5.94 5.09 1193.16968 1237.10217 72105.85819 23.049 42743.0 43.441 47045.0 350.05 "" "" 0.0027770921411400654 0.0030004475 0.008919021 0.011919469 122.80903551365 -36.94398055242 1214.64685 -5.515999999999997 5.0 -0.5959427032470703 0.38051414489746094 0.10568833 0.10868833 -8.506 6.7876925 4.070865530080829 9.429951334126825 0.43381534260560795 6.125494530532398
122.27018049955 -37.39647158044 0.0089 0.01 28.8108 "" "" 5541112203945015040 1366.29626 0.6967 0.0119 -2.055 2.613 0.012 0.014 0.902 6297.1 3.6412 13.566484 1.041141 14.001321 12.96018 9.39 2.69 1345.58154 1387.09961 70526.69186 9.7855 34268.0 18.543 51890.0 19.466 "" "" 0.0027594353087575345 0.0028513535 0.003801266 0.0066526197 122.27018049955 -37.39647158044 1366.29626 -2.0549999999999997 2.6130000000000004 2.8650572967529295 -2.006485855102539 0.10168833 0.10368833 -5.056000000000001 4.3876925 22.652546079124118 23.209932784625668 2.318505770277378 2.456409729545928
122.65553038436 -37.60342265096 0.0085 0.0107 15.0935 "" "" 5541045442971748736 1126.48694 0.8536 0.0118 -6.032 8.281 0.012 0.013 0.931 7539.6 4.0948 13.573219 0.810288 13.894017 13.083729 "" "" 1115.01685 1140.16284 70090.44946 13.507 37828.0 21.454 46309.0 19.317 "" "" 0.0027632529159019635 0.0028573102 0.003806421 0.0066637313 122.65553038436 -37.60342265096 1126.48694 -6.032000000000002 8.281 -1.1119427032470703 3.6615141448974615 0.10168833 0.10268833 "" "" 20.43247859307846 "" 2.0964595058028106 ""
122.36680542713 -37.40943069093 0.0084 0.0103 24.176 "" "" 5541109386446420352 1275.43811 0.7474 0.0116 -4.839 3.703 0.011 0.014 1.021 7986.9 4.1107 13.578581 0.59578 13.803458 13.207678 "" "" 1258.39966 1292.41748 69745.19825 19.274 41118.0 31.972 41313.0 25.042 "" "" 0.002771608652953149 0.0029150946 0.003836255 0.0067513497 122.36680542713 -37.40943069093 1275.43811 -4.839 3.703 0.08105729675292928 -0.9164858551025392 0.10068833 0.10368833 "" "" 5.562313628609657 "" 0.5766193510337174 ""
122.74201165646 -37.76274244673 0.0085 0.0114 21.4416 "" "" 5541040529529197568 1327.93835 0.7155 0.0121 -4.941 4.486 0.011 0.015 0.979 9309.7 4.1278 13.578795 0.646856 13.824036 13.177179 "" "" 1308.74524 1352.33789 69731.48548 17.191 40346.0 30.052 42490.0 22.738 "" "" 0.0027682910948892635 0.0029050084 0.003823782 0.0067287907 122.74201165646 -37.76274244673 1327.93835 -4.941000000000001 4.486000000000002 -0.02094270324707015 -0.1334858551025393 0.10068833 0.10468833 "" "" 0.8504950674259957 "" 0.08895670763453449 ""
123.36949890158 -37.51051311336 0.0089 0.0099 24.2048 "" "" 5541433330063190272 1480.37903 0.6375 0.0114 -4.487 1.759 0.012 0.012 1.041 8420.0 4.1093 13.580873 0.631309 13.822234 13.190925 "" "" 1461.3374 1505.65247 69598.16778 17.433 40413.0 22.169 41955.0 23.359 "" "" 0.0027687089894114112 0.0028530296 0.00382742 0.0066804495 123.36949890158 -37.51051311336 1480.37903 -4.486999999999999 1.7589999999999995 0.4330572967529296 -2.860485855102539 0.10168833 0.10168833 "" "" 20.3007398827543 "" 2.064348394414533 ""
123.39997463353 -37.17146215735 0.01 0.0124 29.2347 "" "" 5541441816918279680 1104.64758 0.8681 0.0134 -3.785 3.131 0.014 0.017 1.172 "" "" 13.586929 0.795299 13.894189 13.09889 -2.82 4.49 1088.42224 1120.14917 69210.99785 13.461 37822.0 16.987 45667.0 18.883 "" "" 0.002763400261674143 0.0028324614 0.003805953 0.006638414 123.39997463353 -37.17146215735 1104.64758 -3.785 3.1310000000000016 1.1350572967529295 -1.4884858551025393 0.10368833 0.106688336 -17.266000000000002 6.187692 9.801233603157632 19.853940065983537 1.0349630331431463 5.405334332860792
122.66660082553 -37.80505692464 0.0085 0.0104 25.0612 "" "" 5541038777182642304 1350.69141 0.7041 0.0118 -4.108 3.489 0.011 0.014 0.979 "" "" 13.598916 0.613049 13.830852 13.217803 "" "" 1329.39429 1366.90857 68451.06885 17.171 40094.0 22.393 40930.0 20.072 "" "" 0.0027687484748357524 0.0028553049 0.003816703 0.006672008 122.66660082553 -37.80505692464 1350.69141 -4.107999999999999 3.4890000000000034 0.81205729675293 -1.1304858551025392 0.10068833 0.10368833 "" "" 8.911444078900265 "" 0.9150009881708359 ""
122.81567252123 -37.53615612605 0.0098 0.014 7.4447 "" "" 5541420720037942016 1584.35254 0.5949 0.0138 -4.453 4.566 0.013 0.017 1.128 "" "" 13.619 0.933526 13.997843 13.064317 "" "" 1559.06958 1618.65833 67196.46571 10.671 34378.0 22.217 47145.0 21.516 "" "" 0.002760709586405876 0.0028770438 0.003811726 0.00668877 122.81567252123 -37.53615612605 1584.35254 -4.453 4.566 0.4670572967529294 -0.053485855102539226 0.10268833 0.106688336 "" "" 3.530445416387102 "" 0.3627218444867141 ""
122.52145010506 -37.2329712854 0.0099 0.0111 20.2501 "" "" 5541487584091026944 1504.96985 0.6262 0.0135 -3.098 2.274 0.014 0.015 0.944 6544.8 3.8822 13.623778 0.953136 14.012033 13.058897 41.81 3.58 1475.44202 1544.84314 66901.43344 11.023 33932.0 22.367 47380.0 26.801 "" "" 0.0027611214062035804 0.0028804955 0.0038289577 0.006709453 122.52145010506 -37.2329712854 1504.96985 -3.098 2.274 1.8220572967529298 -2.345485855102539 0.10368833 0.10468833 27.364 5.2776923 21.18702085586164 34.607489778178305 2.210083862359428 4.386917243130338
122.99353006586 -37.63832416997 0.009 0.0108 14.2273 "" "" 5541405876630867456 1321.31763 0.7184 0.0122 -4.934 4.501 0.013 0.014 1.011 9002.7 4.181 13.624946 0.751719 13.91817 13.16645 "" "" 1301.01135 1339.64832 66829.55708 15.13 36996.0 25.213 42912.0 20.367 "" "" 0.0027662629309245013 0.0028866162 0.0038143515 0.0067009674 122.99353006586 -37.63832416997 1321.31763 -4.934000000000001 4.501000000000001 -0.013942703247070476 -0.11848585510253873 0.10268833 0.10368833 "" "" 0.7472025144281285 "" 0.07746602368960424 ""
123.36651482892 -37.32609300474 0.0088 0.0108 24.1688 "" "" 5541438449664057344 1392.83948 0.6789 0.0119 -3.77 2.171 0.012 0.013 1.076 9095.6 4.147 13.634976 0.696573 13.894073 13.1975 "" "" 1368.2334 1412.75159 66214.98305 13.403 37826.0 53.004 41702.0 96.946 "" "" 0.0027640710226268066 0.003178002 0.004544726 0.007722728 123.36651482892 -37.32609300474 1392.83948 -3.7699999999999996 2.171 1.1500572967529297 -2.4484858551025392 0.10168833 0.10268833 "" "" 17.85941169542787 "" 1.8307380540361493 ""
122.68293799101 -37.43951608811 0.0265 0.0341 9.1664 "" "" 5541469579588240768 1598.68726 0.5913 0.0363 -3.336 2.664 0.035 0.044 3.801 5897.6 3.2263 13.639241 1.178374 14.141464 12.96309 80.46 2.56 1522.84082 1700.79138 65955.40549 19.143 30118.0 20.173 51751.0 24.993 "" "" 0.0027732821063048757 0.002883384 0.003815583 0.006698967 122.68293799101 -37.43951608811 1598.68726 -3.336 2.664 1.5840572967529298 -1.955485855102539 0.12468833 0.13368833 66.014 4.2576923 19.07006484321808 68.71328524473662 2.482863544837167 4.148070273865572
122.6163962329 -37.61489917257 0.009 0.0104 16.8974 "" "" 5541092240937229824 1266.5033 0.7528 0.0119 -5.209 5.547 0.013 0.013 0.902 7464.2 4.1093 13.643003 0.678676 13.906554 13.227879 "" "" 1248.54053 1286.62036 65727.23543 15.962 37393.0 22.686 40552.0 19.099 "" "" 0.0027679077011810295 0.0028668698 0.0038138186 0.0066806884 122.6163962329 -37.61489917257 1266.5033 -5.209 5.547 -0.28894270324706994 0.9275141448974606 0.10268833 0.10268833 "" "" 5.8320043291157715 "" 0.5988787701312085 ""
122.79477629867 -37.24475926395 0.0113 0.0136 11.2284 "" "" 5541481468059554432 1623.19885 0.5872 0.0152 -6.355 2.661 0.014 0.016 1.054 7088.4 3.7205 13.647325 0.737084 13.931361 13.194277 "" "" 1586.90015 1659.26929 65466.15948 19.671 36549.0 28.023 41826.0 31.151 "" "" 0.00277456668730102 0.002911707 0.0038649205 0.006776627 122.79477629867 -37.24475926395 1623.19885 -6.355 2.6610000000000014 -1.4349427032470707 -1.958485855102539 0.10368833 0.10568833 "" "" 18.680217616887074 "" 1.9613117183837319 ""
122.46480347 -37.41261593317 0.0137 0.0163 19.502 "" "" 5541109970561912832 1371.00879 0.6944 0.0188 -5.317 2.05 0.018 0.022 1.64 5940.1 3.5159 13.650018 1.061906 14.09391 13.032004 35.82 4.45 1343.20679 1409.31689 65303.98977 9.5082 31467.0 19.614 48569.0 18.806 "" "" 0.002759851331809587 0.002871072 0.0038026914 0.0066737635 122.46480347 -37.41261593317 1371.00879 -5.316999999999998 2.05 -0.3969427032470705 -2.5694858551025392 0.10768833 0.11168833 21.374 6.147692 16.89608871182625 27.245654511461133 1.885548206745232 4.962541557499736
122.96886300112 -37.1809163341 0.0103 0.0122 15.1015 "" "" 5541479750072572800 1137.35242 0.8458 0.0136 -4.942 6.331 0.013 0.015 1.045 6239.2 3.9507 13.660923 0.841974 13.988656 13.146682 78.35 14.11 1122.38611 1151.54639 64651.33756 73.695 34670.0 123.92 43700.0 151.88 "" "" 0.003020509073583411 0.004779645 0.0053406903 0.010120335 122.96886300112 -37.1809163341 1137.35242 -4.942 6.331000000000001 -0.021942703247070483 1.7115141448974613 0.10268833 0.10468833 63.903999999999996 15.807692 9.227617409161613 64.5667882045395 0.9660208661403493 15.64603226882466
123.16379916551 -37.56770469406 0.0094 0.01 16.3683 "" "" 5541411683426414592 1220.68347 0.7848 0.012 -1.556 4.044 0.013 0.013 1.039 "" "" 13.662662 1.180588 14.169745 12.989157 18.74 2.2 1204.72876 1238.85522 64547.88214 8.9045 29344.0 14.684 50524.0 19.479 "" "" 0.0027593882014625413 0.0028425758 0.0038024925 0.0066450685 123.16379916551 -37.56770469406 1220.68347 -1.556 4.044 3.3640572967529296 -0.5754858551025395 0.10268833 0.10268833 4.293999999999997 3.8976922 19.747326493526337 20.20879362163727 2.0278199288674976 2.1476258514767865
122.37295686306 -37.57028673127 0.0089 0.0097 25.4738 "" "" 5541095573831933696 1287.70447 0.7443 0.0113 -5.535 2.041 0.013 0.013 1.008 6782.8 3.8374 13.665071 0.866165 14.011734 13.145569 24.09 4.02 1268.18445 1303.10229 64404.77789 14.645 33941.0 32.526 43745.0 25.866 "" "" 0.002766358953105355 0.0029778567 0.0038335195 0.006811376 122.37295686306 -37.57028673127 1287.70447 -5.534999999999998 2.0409999999999995 -0.6149427032470705 -2.578485855102539 0.10268833 0.10268833 9.643999999999998 5.7176924 16.17974249939006 18.835891360553365 1.6614706955376148 3.256822379612494
122.97805978743 -37.83784576901 0.0087 0.0112 25.4954 "" "" 5541399245201530240 1182.02588 0.8097 0.0122 -10.855 4.092 0.011 0.014 1.024 6636.7 3.8273 13.671151 0.916039 14.040514 13.124475 58.04 3.35 1162.5011 1199.05188 64045.17113 10.317 33053.0 23.298 44603.0 20.787 "" "" 0.0027608657393307836 0.0028932218 0.0038131045 0.0067063263 122.97805978743 -37.83784576901 1182.02588 -10.855000000000004 4.092000000000002 -5.934942703247071 -0.5274858551025394 0.10068833 0.10368833 43.593999999999994 5.0476923 33.3833894744848 54.90799148398293 3.3621142779933564 4.4988085204115364
123.14644553372 -37.21470427947 0.0101 0.0114 17.9538 "" "" 5541455251576265856 1235.37231 0.7772 0.0131 -8.871 9.036 0.013 0.014 1.156 5590.6 3.6013 13.676335 1.342793 14.275976 12.933184 100.19 1.83 1216.66528 1253.76636 63740.06102 8.2106 26609.0 17.379 53197.0 16.41 "" "" 0.002758867450657667 0.0028788715 0.003794193 0.0066730645 123.14644553372 -37.21470427947 1235.37231 -8.871 9.036000000000001 -3.9509427032470708 4.4165141448974605 0.10268833 0.10368833 85.744 3.5276923 34.69971546690269 92.49920966951018 3.5825718939860245 3.5354668324592686
122.62123783292 -37.48040396649 0.0089 0.0118 12.5519 "" "" 5541094298219823744 1432.06616 0.657 0.0128 -4.61 2.481 0.012 0.015 0.988 "" "" 13.680823 0.802884 13.984934 13.18205 "" "" 1403.90662 1458.55396 63477.17472 10.275 34789.0 54.511 42300.0 90.006 "" "" 0.0027609195019554673 0.0032679166 0.0044295476 0.007697464 122.62123783292 -37.48040396649 1432.06616 -4.610000000000001 2.481 0.31005729675292937 -2.138485855102539 0.10168833 0.10468833 "" "" 14.667811711504195 "" 1.5346554679113271 ""
122.98342223151 -37.84872462389 0.0087 0.0121 26.1854 "" "" 5541399039043103488 1387.37305 0.6847 0.0123 -4.122 6.342 0.011 0.015 0.96 6168.5 3.7179 13.695833 1.145716 14.184294 13.038578 42.19 3.82 1364.69946 1413.2002 62605.63528 10.989 28953.0 18.324 48276.0 20.826 "" "" 0.0027619031048034884 0.0028735383 0.0038082944 0.0066818325 122.98342223151 -37.84872462389 1387.37305 -4.122 6.342 0.7980572967529298 1.7225141448974606 0.10068833 0.10468833 27.743999999999996 5.517692 12.484208119508743 30.42342828103381 1.2982657415257441 5.059865948538706
122.83421907113 -37.17408686057 0.0111 0.0132 14.9358 "" "" 5541482189611787136 1245.84253 0.7682 0.015 -1.033 0.824 0.014 0.016 0.977 7442.0 4.1382 13.706884 0.674134 13.964273 13.290139 -19.03 9.64 1223.68933 1275.19373 61971.65606 20.968 35457.0 21.669 38292.0 21.182 "" "" 0.0027797015144586344 0.0028679823 0.0038268059 0.006694788 122.83421907113 -37.17408686057 1245.84253 -1.033 0.8240000000000001 3.8870572967529298 -3.795485855102539 0.10368833 0.10568833 -33.476 11.337692 32.082067863699436 46.36703197759176 3.358006634702012 8.508936942319183
122.77445649191 -37.27547463492 0.009 0.0121 9.9372 "" "" 5541472603244907776 1573.41235 0.599 0.0127 -4.427 5.945 0.012 0.015 0.978 7489.2 3.8823 13.716861 0.706868 13.99078 13.283912 "" "" 1546.12634 1607.80542 61404.8248 13.376 34602.0 27.305 38512.0 26.586 "" "" 0.0027654522261160814 0.002918751 0.003852986 0.006771737 122.77445649191 -37.27547463492 1573.41235 -4.426999999999996 5.944999999999997 0.4930572967529301 1.3255141448974612 0.10168833 0.10468833 "" "" 10.547414608884754 "" 1.1003937930037242 ""
122.83302809657 -37.87668815739 0.009 0.0128 27.4098 "" "" 5541026575174917248 1330.87024 0.717 0.0128 -2.637 6.156 0.011 0.017 1.052 5641.6 3.5456 13.718871 1.38327 14.341246 12.957975 14.38 2.23 1313.00806 1353.04565 61291.24499 9.005 25056.0 16.431 51996.0 22.825 "" "" 0.0027599339450995533 0.0028795805 0.0038093156 0.006688896 122.83302809657 -37.87668815739 1330.87024 -2.6370000000000013 6.156000000000002 2.2830572967529297 1.5365141448974606 0.10068833 0.106688336 -0.06600000000000072 3.9276924 17.36019198701484 17.36031744600352 1.7810935635099105 1.7811432850312752
