Clusters/NGC_663/NGC_663_stars_in_region.tsv
# %ECSV 1.0
# ---
# datatype:
# - name: RA_ICRS_1
#   unit: deg
#   datatype: float64
#   format: '{:15.11f}'
#   description: Right ascension (ICRS) at Ep=2016.0 (ra)
#   meta: !!omap
#   - {ucd: POS_EQ_RA_MAIN}
#   - {width: 15}
#   - {precision: '11'}
# - name: DE_ICRS_1
#   unit: deg
#   datatype: float64
#   format: '{:15.11f}'
#   description: Declination (ICRS) at Ep=2016.0 (dec)
#   meta: !!omap
#   - {ucd: POS_EQ_DEC_MAIN}
#   - {width: 15}
#   - {precision: '11'}
# - name: e_RA_ICRS
#   unit: mas
#   datatype: float64
#   format: '{:7.4f}'
#   description: Standard error of right ascension (ra_error)
#   meta: !!omap
#   - {ucd: ERROR}
#   - {width: 7}
#   - {precision: '4'}
# - name: e_DE_ICRS
#   unit: mas
#   datatype: float64
#   format: '{:7.4f}'
#   description: Standard error of declination (dec_error)
#   meta: !!omap
#   - {ucd: ERROR}
#   - {width: 7}
#   - {precision: '4'}
# - name: _r_1
#   unit: ''
#   datatype: float64
#   format: '{:7.4f}'
#   description: Distance from center (026.57201742000+61.21589979000)[ICRS], at Epoch=J2016.0
#   meta: !!omap
#   - {ucd: POS_ANG_DIST_GENERAL}
#   - {width: 7}
#   - {precision: '4'}
# - name: HIP
#   datatype: int32
#   description: '? HIP cross-id number, van Leeuwen, Cat. I/311 (hip_original_ext_source_id)'
#   meta: !!omap
#   - {ucd: ID_NUMBER}
#   - {width: 6}
#   - values: {'null': -2147483648}
# - name: TYC2
#   datatype: string
#   description: Tycho-2 cross-id name, Hog et al., Cat. I/259 (tyc2_original_ext_source_id)
#   meta: !!omap
#   - {ucd: ID_CROSSID}
#   - {_votable_string_dtype: char}
# - name: Source
#   datatype: int64
#   description: Source identifier, identical to the Gaia-EDR3 source_id (id)
#   meta: !!omap
#   - {ucd: ID_MAIN}
#   - {width: 19}
# - name: rgeo
#   unit: pc
#   datatype: float64
#   format: '{:15.8f}'
#   description: '? Median of the geometric distance posterior (r_med_geo)'
#   meta: !!omap
#   - {ucd: PHYS_DISTANCE_TRUE}
#   - {width: 15}
#   - {precision: '8'}
#   - values: {'null': .nan}
# - name: Plx
#   unit: mas
#   datatype: float64
#   format: '{:9.4f}'
#   description: '? Parallax (parallax)'
#   meta: !!omap
#   - {ucd: POS_PARLX_TRIG}
#   - {width: 9}
#   - {precision: '4'}
#   - values: {'null': .nan}
# - name: e_Plx
#   unit: mas
#   datatype: float32
#   format: '{:7.4f}'
#   description: '? Standard error of parallax (parallax_error)'
#   meta: !!omap
#   - {ucd: ERROR}
#   - {width: 7}
#   - {precision: '4'}
#   - values: {'null': .nan}
# - name: pmRA
#   unit: mas / yr
#   datatype: float64
#   format: '{:9.3f}'
#   description: '? Proper motion in right ascension direction, pmRA*cosDE (pmra)'
#   meta: !!omap
#   - {ucd: POS_EQ_PMRA}
#   - {width: 9}
#   - {precision: '3'}
#   - values: {'null': .nan}
# - name: pmDE
#   unit: mas / yr
#   datatype: float64
#   format: '{:9.3f}'
#   description: '? Proper motion in declination direction (pmdec)'
#   meta: !!omap
#   - {ucd: POS_EQ_PMDEC}
#   - {width: 9}
#   - {precision: '3'}
#   - values: {'null': .nan}
# - name: e_pmRA
#   unit: mas / yr
#   datatype: float32
#   format: '{:6.3f}'
#   description: '? Standard error of proper motion in right ascension direction (pmra_error)'
#   meta: !!omap
#   - {ucd: ERROR}
#   - {width: 6}
#   - {precision: '3'}
#   - values: {'null': .nan}
# - name: e_pmDE
[...]
#         value: !astropy.table.SerializedColumn {name: SkyCoord.dec}
#       distance: !astropy.table.SerializedColumn
#         __class__: astropy.coordinates.distances.Distance
#         unit: !astropy.units.Unit {unit: pc}
#         value: !astropy.table.SerializedColumn {name: SkyCoord.distance}
#       frame: icrs
#       obstime: !astropy.time.Time {format: jyear_str, in_subfmt: '*', jd1: 367701545.0, jd2: 0.0, out_subfmt: '*', precision: 3, scale: tt}
#       pm_dec: !astropy.table.SerializedColumn
#         __class__: astropy.units.quantity.Quantity
#         unit: !astropy.units.Unit {unit: mas / yr}
#         value: !astropy.table.SerializedColumn {name: SkyCoord.pm_dec}
#       pm_ra_cosdec: !astropy.table.SerializedColumn
#         __class__: astropy.units.quantity.Quantity
#         unit: !astropy.units.Unit {unit: mas / yr}
#         value: !astropy.table.SerializedColumn {name: SkyCoord.pm_ra_cosdec}
#       ra: !astropy.table.SerializedColumn
#         __class__: astropy.coordinates.angles.Longitude
#         unit: *id001
#         value: !astropy.table.SerializedColumn {name: SkyCoord.ra}
#         wrap_angle: !astropy.coordinates.Angle
#           unit: *id001
#           value: 360.0
#       representation_type: spherical
# schema: astropy-2.0
RA_ICRS_1 DE_ICRS_1 e_RA_ICRS e_DE_ICRS _r_1 HIP TYC2 Source rgeo Plx e_Plx pmRA pmDE e_pmRA e_pmDE RUWE Teff logg Gmag BP-RP BPmag RPmag RV e_RV b_rgeo B_rgeo FG e_FG FBP e_FBP FRP e_FRP RAVE5 RAVE6 e_Gmag e_BPmag e_RPmag e_BP-RP SkyCoord.ra SkyCoord.dec SkyCoord.distance SkyCoord.pm_ra_cosdec SkyCoord.pm_dec rmRA rmDE e_rmRA e_rmDE rRV e_rRV v_pec v_pec3d e_vpec e_vpec3d
[from data line 61]
26.5733265777 61.1761205428 0.0087 0.011 2.3871 "" "" 511217106700849664 2512.67896 0.3864 0.0161 -2.859 -0.447 0.012 0.014 1.185 "" "" 12.035917 2.268228 13.226665 10.958437 -69.57 2.13 2407.9436 2601.0481 288788.46723 49.725 69944.0 37.861 327930.0 72.616 "" "" 0.002761655065752765 0.0028513954 0.0037870212 0.0066384166 26.5733265777 61.1761205428 2512.67896 -2.859 -0.44699999999999995 -1.7201218929290771 -0.12946829509735108 0.07449027 0.07649027 -50.8 40.565002 20.544768882382492 54.797148907863004 1.5306199665871008 37.61038822778644
26.29052127329 61.29541057941 0.008 0.0097 9.4197 "" 4032-1881-1 511245114194384512 2386.07837 0.3904 0.0147 -1.247 -0.509 0.011 0.012 1.152 "" "" 12.060897 0.838307 12.389174 11.550866 "" "" 2302.01294 2473.39722 282220.08624 53.41 151270.0 63.399 190030.0 39.54 "" "" 0.002762971113036455 0.0028270327 0.0037861278 0.0066131605 26.29052127329 61.29541057941 2386.07837 -1.247 -0.5090000000000001 -0.10812189292907726 -0.19146829509735108 0.07349027 0.07449027 "" "" 2.4869285817817692 "" 0.18465375582693788 ""
26.61212461487 61.23643645939 0.0244 0.0303 1.6912 "" "" 511217729481954816 2576.68188 0.3746 0.0454 -1.307 -0.232 0.034 0.037 3.388 6048.1 2.2753 12.088612 0.954637 12.469289 11.514652 "" "" 2313.32446 2954.7168 275107.31426 100.62 140510.0 159.8 196470.0 168.36 "" "" 0.002783789252402202 0.00305119 0.003892218 0.006943408 26.61212461487 61.23643645939 2576.68188 -1.307 -0.2320000000000004 -0.1681218929290771 0.08553170490264891 0.09649027 0.09949027 "" "" 2.303806736048975 "" 0.2237334180527019 ""
26.62601102496 61.21657593787 0.0075 0.0091 1.5604 "" "" 511217656456656000 2482.53882 0.3774 0.0139 -1.198 -0.328 0.01 0.011 1.132 "" "" 12.094787 0.844119 12.42448 11.580361 "" "" 2388.81348 2575.64258 273546.97016 83.787 146430.0 105.37 184930.0 103.71 "" "" 0.002775317112229892 0.002897492 0.003828116 0.006725608 26.62601102496 61.21657593787 2482.53882 -1.198 -0.328 -0.0591218929290771 -0.010468295097351088 0.07249027 0.07349027 "" "" 0.7065225475507183 "" 0.051237629105347245 ""
25.76051868638 61.25230558248 0.0072 0.0087 23.5326 "" "" 511250852270750208 2367.36475 0.3922 0.0129 -0.849 -1.158 0.01 0.011 1.02 15850.2 3.9207 12.122239 0.567873 12.327978 11.760105 "" "" 2297.10791 2457.05981 266717.18056 75.107 160040.0 112.16 156720.0 99.982 "" "" 0.002772231408944878 0.002892064 0.003842331 0.006734395 25.76051868638 61.25230558248 2367.36475 -0.8489999999999998 -1.158 0.2898781070709229 -0.840468295097351 0.07249027 0.07349027 "" "" 9.976344887854918 "" 0.7321101428802301 ""
26.19964504363 61.19404594378 0.007 0.0086 10.8414 "" "" 511242876504622208 1991.4801 0.4955 0.013 -0.601 -0.717 0.01 0.01 1.018 "" "" 12.211123 2.291398 13.425861 11.134463 -61.93 0.21 1938.63049 2048.40576 245752.29869 33.309 58220.0 32.823 278850.0 74.121 "" "" 0.0027592472380465125 0.0028565237 0.0037903849 0.006646909 26.19964504363 61.19404594378 1991.4801 -0.601 -0.717 0.5378781070709229 -0.39946829509735104 0.07249027 0.07249027 -43.16 38.645 6.3244563951738195 43.62091641282259 0.45846153559729 38.236719381190774
26.61025105296 61.24439775175 0.006 0.0077 2.0354 "" "" 511217763841681536 2730.3584 0.3491 0.0117 -1.243 -0.356 0.008 0.009 0.924 14860.6 3.6959 12.219182 0.78935 12.524019 11.73467 "" "" 2638.06567 2818.48999 243934.81113 38.458 133600.0 64.338 160430.0 51.649 "" "" 0.0027606321493923607 0.0028387376 0.0037955116 0.0066342494 26.61025105296 61.24439775175 2730.3584 -1.2430000000000003 -0.3560000000000005 -0.10412189292907725 -0.03846829509735106 0.07049027 0.07149027 "" "" 1.436561163729838 "" 0.10143719610098914 ""
26.41506368313 61.21642118493 0.0061 0.0078 4.5346 "" 4032-1659-1 511241712580840448 2481.66455 0.3868 0.0112 -1.176 -0.367 0.008 0.009 0.912 19179.6 3.5952 12.236114 1.029687 12.654522 11.624835 "" "" 2424.05298 2560.08789 240160.29665 166.28 118470.0 233.64 177510.0 436.65 "" "" 0.0028560270632132295 0.0035170882 0.004627817 0.008144905 26.41506368313 61.21642118493 2481.66455 -1.1760000000000002 -0.367 -0.03712189292907708 -0.04946829509735107 0.07049027 0.07149027 "" "" 0.7275209303647715 "" 0.051749753637656555 ""
26.74070379489 61.16309010225 0.0062 0.008 5.8164 "" "" 511216350786608000 2529.84619 0.3736 0.0118 -1.201 -0.326 0.008 0.009 0.968 16060.3 3.5263 12.264894 0.888089 12.61708 11.728991 "" "" 2450.90137 2611.41943 233877.99231 40.799 122630.0 61.546 161270.0 55.777 "" "" 0.002761822315548787 0.0028428822 0.0037979912 0.0066408734 26.74070379489 61.16309010225 2529.84619 -1.201 -0.3260000000000006 -0.062121892929077216 -0.008468295097351086 0.07049027 0.07149027 "" "" 0.7518223484416933 "" 0.05300997230838257 ""
26.66572738724 61.16440472304 0.0058 0.0072 4.1095 "" "" 511216213347654144 2667.20215 0.3577 0.011 -1.216 -0.413 0.008 0.009 0.903 14399.5 3.4873 12.274959 0.809767 12.589986 11.780219 "" "" 2590.21509 2745.55688 231719.78272 100.35 125730.0 167.5 153840.0 209.86 "" "" 0.0027951517492399644 0.0031428067 0.004059235 0.007202042 26.66572738724 61.16440472304 2667.20215 -1.2159999999999993 -0.4130000000000006 -0.07712189292907712 -0.09546829509735105 0.07049027 0.07149027 "" "" 1.5515841432545665 "" 0.11031307898634317 ""
26.94127150575 61.51088789091 0.0057 0.0069 20.6398 "" "" 511228514137026304 2367.66064 0.4203 0.0104 -2.258 0.191 0.007 0.008 0.913 "" "" 12.276906 2.046626 13.317554 11.270928 -58.52 0.25 2304.21533 2421.17065 231304.61979 25.98 64327.0 26.876 245920.0 58.458 "" "" 0.0027580175893786724 0.0028268043 0.0037881841 0.0066149887 26.94127150575 61.51088789091 2367.66064 -2.258 0.19100000000000014 -1.1191218929290772 0.508531704902649 0.06949027 0.07049027 -39.75 38.685 13.795439256567054 42.07584395210191 0.9610238340411206 36.547952717020664
26.20268404376 61.21507350299 0.0219 0.0262 10.6705 "" "" 511244392642274176 2531.88452 0.4089 0.0392 -1.993 0.268 0.03 0.031 1.018 "" "" 12.279341 3.100817 14.102758 11.001942 -143.2 0.19 2302.51587 2795.37769 230786.54291 84.0 31211.0 61.577 315050.0 286.93 "" "" 0.0027835149182230874 0.003517605 0.003906598 0.0074242027 26.20268404376 61.21507350299 2531.88452 -1.9930000000000003 0.2679999999999999 -0.8541218929290773 0.5855317049026489 0.09249027 0.09349027 -124.42999999999999 38.625 12.427817988239951 125.04909259946199 1.1534401117591027 38.433946440662574
26.50877659503 61.32046666346 0.0076 0.0095 6.5338 "" "" 511265901837482368 2259.80371 0.4437 0.0147 -1.094 1.167 0.011 0.012 1.034 "" "" 12.291081 2.279491 13.496829 11.217338 -62.17 0.42 2181.56323 2332.56592 228304.25617 29.228 54536.0 34.997 258360.0 68.478 "" "" 0.002758824010900531 0.0028758473 0.003790322 0.0066661695 26.50877659503 61.32046666346 2259.80371 -1.0940000000000003 1.1669999999999998 0.04487810707092277 1.484531704902649 0.07349027 0.07449027 -43.400000000000006 38.855 15.908780600736591 46.22390399135899 1.1850349582302697 36.48355534602059
26.43982954309 61.1821037784 0.0071 0.009 4.3258 "" "" 511240746200845312 2753.94995 0.3468 0.0127 -1.106 -0.548 0.01 0.011 1.06 "" "" 12.291188 0.966729 12.683233 11.716504 "" "" 2661.38794 2845.77124 228281.84316 106.2 115380.0 97.984 163140.0 156.24 "" "" 0.002801234636526714 0.0029385716 0.003919814 0.006858385 26.43982954309 61.1821037784 2753.94995 -1.106 -0.5479999999999998 0.03287810707092276 -0.23046829509735112 0.07249027 0.07349027 "" "" 3.0389281061045246 "" 0.2232714371355883 ""
26.00670186655 61.35910931993 0.0059 0.0074 18.4218 "" "" 511257960429747200 2463.72046 0.3863 0.0109 -1.175 -0.308 0.008 0.009 0.888 "" "" 12.309665 0.767929 12.606615 11.838686 "" "" 2397.70435 2533.82397 224429.98624 34.276 123810.0 71.145 145780.0 51.094 "" "" 0.0027603052829860593 0.0028590725 0.003798491 0.0066575636 26.00670186655 61.35910931993 2463.72046 -1.1749999999999992 -0.30799999999999994 -0.03612189292907719 0.00953170490264893 0.07049027 0.07149027 "" "" 0.43627184183975354 "" 0.030781508855441595 ""
26.53303705486 60.89631436233 0.0056 0.0076 19.2085 "" 4032-3063-1 511183434157278720 1991.771 0.4881 0.0112 -1.194 -1.181 0.007 0.009 0.924 "" "" 12.331085 0.970005 12.72116 11.751155 -58.29 5.22 1954.90063 2035.81958 220045.66017 22.897 111420.0 40.422 158010.0 38.536 "" "" 0.0027576354378949152 0.0028178361 0.0037886465 0.006606483 26.53303705486 60.89631436233 1991.771 -1.194 -1.181 -0.0551218929290771 -0.8634682950973511 0.06949027 0.07149027 -39.519999999999996 43.655003 8.168593334321637 40.35537531806046 0.583909582153101 42.75148681518591
26.6066888609 61.20899787997 0.0062 0.0081 1.084 "" "" 511217282805390464 2547.03052 0.3721 0.0118 -1.568 -0.388 0.009 0.01 0.928 15391.8 3.8052 12.332502 0.786695 12.637328 11.850633 "" "" 2475.11206 2627.2168 219758.55038 32.285 120360.0 41.334 144180.0 33.649 "" "" 0.002759933302394953 0.0028149735 0.0037878666 0.00660284 26.6066888609 61.20899787997 2547.03052 -1.568 -0.3880000000000005 -0.4291218929290772 -0.07046829509735109 0.07149027 0.07249027 "" "" 5.250145290744485 "" 0.3754731181892651 ""
26.20587333091 61.35824849662 0.0092 0.0112 13.5771 "" 4032-2523-1 511269681408575104 2088.7854 0.4648 0.0166 -1.369 -0.377 0.013 0.013 1.39 "" "" 12.357285 0.884709 12.702014 11.817305 "" "" 2011.5553 2162.34033 214799.10337 36.857 113400.0 54.859 148670.0 46.362 "" "" 0.0027616112914936168 0.0028391771 0.0037945176 0.0066336947 26.20587333091 61.35824849662 2088.7854 -1.369 -0.3769999999999999 -0.23012189292907714 -0.059468295097351076 0.075490266 0.075490266 "" "" 2.3532485892502497 "" 0.17764736216587806 ""
26.53449648199 61.20412028091 0.0068 0.0082 1.2942 "" "" 511264115131117952 2572.14282 0.3709 0.0124 -1.14 -0.252 0.009 0.01 0.97 14876.2 3.4709 12.405947 0.827893 12.730233 11.90234 "" "" 2481.69287 2678.12183 205384.65 30.778 110490.0 55.198 137470.0 45.015 "" "" 0.0027601198903935273 0.0028424026 0.0037960673 0.00663847 26.53449648199 61.20412028091 2572.14282 -1.1399999999999992 -0.25199999999999984 -0.0011218929290770507 0.06553170490264892 0.07149027 0.07249027 "" "" 0.7990768008094127 "" 0.057925058491731525 ""
26.84934279579 61.1681176505 0.0062 0.0077 8.5153 "" "" 511213430208846208 2492.28906 0.3834 0.0118 -1.177 -0.572 0.008 0.009 0.93 5899.8 2.6701 12.413525 0.912225 12.778714 11.866489 "" "" 2425.67017 2557.0459 203956.23704 41.801 105670.0 71.484 142090.0 71.396 "" "" 0.002764291171234182 0.0028852231 0.0038185536 0.006703777 26.84934279579 61.1681176505 2492.28906 -1.1769999999999998 -0.5720000000000001 -0.038121892929077195 -0.254468295097351 0.07049027 0.07149027 "" "" 3.039694886938227 "" 0.21724235083759824 ""
26.69791050081 61.1939521654 0.0068 0.0083 3.8694 "" "" 511216625664510208 2685.60034 0.3527 0.0126 -1.096 -0.559 0.009 0.01 1.038 14444.0 3.8096 12.438161 0.806456 12.752709 11.946254 "" "" 2615.7439 2779.81494 199380.39902 24.289 108230.0 39.622 132030.0 39.936 "" "" 0.002758493059707349 0.0028183393 0.0037936238 0.006611963 26.69791050081 61.1939521654 2685.60034 -1.096 -0.5589999999999999 0.042878107070922766 -0.24146829509735113 0.07149027 0.07249027 "" "" 3.12191579467909 "" 0.22621371882155739 ""
26.74487484593 61.12634391589 0.0057 0.0072 7.3405 "" "" 511215770976991744 2168.43823 0.4455 0.011 -0.671 -0.255 0.008 0.009 0.874 6591.8 2.8104 12.472121 0.972923 12.867279 11.894356 1.08 20.08 2125.0708 2222.46631 193240.50143 21.366 97388.0 38.823 138490.0 28.188 "" "" 0.0027579341102932768 0.0028235407 0.0037858372 0.006609378 26.74487484593 61.12634391589 2168.43823 -0.671 -0.255 0.4678781070709228 0.06253170490264892 0.07049027 0.07149027 19.85 58.515 4.851796933824627 20.434344459440585 0.3420902163066163 56.84175120160291
26.34562822001 61.16029759103 0.0073 0.0088 7.3474 "" "" 511241021078756096 2600.78418 0.3676 0.0136 -0.998 -0.128 0.01 0.01 1.142 15126.3 3.6428 12.479248 0.863564 12.822015 11.958451 "" "" 2513.38623 2701.57422 191976.29474 30.778 101530.0 47.7 130550.0 55.175 "" "" 0.002760813070992536 0.0028364134 0.0038071366 0.00664355 26.34562822001 61.16029759103 2600.78418 -0.9980000000000001 -0.12799999999999992 0.14087810707092285 0.18953170490264892 0.07249027 0.07249027 "" "" 2.9112448123585617 "" 0.21103691507653569 ""
26.94116978301 61.32412513831 0.0052 0.0066 12.4707 "" 4032-1895-1 511224704508742400 2698.4917 0.3526 0.0103 -1.282 -0.436 0.007 0.008 0.876 6155.0 2.7759 12.499809 0.862905 12.841169 11.978264 "" "" 2623.25269 2774.00073 188374.95962 23.733 99758.0 41.908 128190.0 30.201 "" "" 0.0027587136239386805 0.002827205 0.0037880281 0.006615233 26.94116978301 61.32412513831 2698.4917 -1.2819999999999991 -0.43599999999999955 -0.14312189292907718 -0.11846829509735107 0.06949027 0.07049027 "" "" 2.3764358637051406 "" 0.1661094927471722 ""
26.89143251558 61.24926283595 0.0055 0.0068 9.4379 "" "" 511215560512610688 2394.06152 0.3972 0.0104 -1.272 -0.917 0.008 0.008 0.877 15161.4 3.8018 12.499989 0.805659 12.813211 12.007552 "" "" 2337.49609 2462.84473 188343.58652 50.535 102360.0 94.912 124780.0 129.18 "" "" 0.0027706777075979998 0.0029662373 0.003942988 0.006909225 26.89143251558 61.24926283595 2394.06152 -1.272000000000001 -0.9169999999999994 -0.13312189292907717 -0.5994682950973511 0.07049027 0.07049027 "" "" 6.968391037924481 "" 0.49120377167321133 ""
26.73209984088 61.09086597508 0.0062 0.0079 8.8179 "" 4032-1625-1 511192268914516864 2277.98706 0.4192 0.0121 -0.911 -0.575 0.008 0.009 0.938 15031.6 3.8743 12.501924 0.832832 12.830419 11.997586 -17.18 27.94 2210.51636 2349.71826 188008.50754 22.007 100750.0 35.712 125930.0 29.31 "" "" 0.0027582496250052823 0.0028165865 0.0037878207 0.006604407 26.73209984088 61.09086597508 2277.98706 -0.911 -0.575 0.22787810707092282 -0.25746829509735103 0.07049027 0.07149027 1.5899999999999999 66.375 3.712547763585317 4.038701635043413 0.263786715812329 26.13235718548669
26.33162063117 61.22419779151 0.0063 0.0075 6.9621 "" "" 511241845712465664 2472.53247 0.3852 0.0114 -1.217 -0.294 0.008 0.009 0.934 "" "" 12.53097 0.911841 12.895231 11.98339 "" "" 2412.87402 2549.45874 183045.39286 46.766 94913.0 63.785 127590.0 98.347 "" "" 0.0027692483378187545 0.0028839977 0.003870932 0.0067549297 26.33162063117 61.22419779151 2472.53247 -1.217 -0.29400000000000004 -0.07812189292907723 0.023531704902648942 0.07049027 0.07149027 "" "" 0.9562075385011586 "" 0.06748338698475818 ""
26.61925158296 61.23067102137 0.0093 0.0113 1.6269 "" "" 511217660762484096 2728.77368 0.3448 0.0175 -1.369 -0.258 0.013 0.014 1.373 "" "" 12.555924 0.89209 12.909911 12.017821 "" "" 2626.77881 2870.61938 178886.33616 58.132 93638.0 122.96 123600.0 163.5 "" "" 0.002777818681057851 0.0031333277 0.004043078 0.0071764058 26.61925158296 61.23067102137 2728.77368 -1.3690000000000002 -0.2579999999999999 -0.23012189292907714 0.05953170490264892 0.075490266 0.07649027 "" "" 3.0744717290652126 "" 0.23228673469266928 ""
26.40569049768 61.1964380574 0.0061 0.0074 4.9466 "" "" 511240819227509120 2667.38599 0.3548 0.0112 -1.253 -0.397 0.008 0.009 0.879 6569.5 2.7408 12.560887 0.97434 12.955675 11.981335 "" "" 2589.67798 2741.43262 178070.42414 60.278 89773.0 98.989 127830.0 118.12 "" "" 0.002779724233253274 0.00303617 0.003910277 0.0069464473 26.40569049768 61.1964380574 2667.38599 -1.2529999999999997 -0.3969999999999999 -0.11412189292907704 -0.0794682950973511 0.07049027 0.07149027 "" "" 1.758253125047174 "" 0.12451663269507676 ""
26.44392677669 60.82809988818 0.0057 0.0075 23.564 "" "" 511181342517939072 2738.63477 0.3478 0.0115 -1.303 -0.643 0.007 0.008 0.974 5860.0 2.7377 12.581053 0.814923 12.890701 12.075778 "" "" 2656.00049 2835.99902 174793.59945 34.464 95310.0 56.929 117180.0 43.766 "" "" 0.0027636239245983608 0.002864545 0.0038010748 0.00666562 26.44392677669 60.82809988818 2738.63477 -1.303 -0.6430000000000001 -0.16412189292907708 -0.3254682950973511 0.06949027 0.07049027 "" "" 4.731716838397754 "" 0.3325861736912638 ""
