Clusters/NGC_663/NGC_663_stars_in_region.tsv
# %ECSV 1.0
# ---
# datatype:
# - name: RA_ICRS_1
#   unit: deg
#   datatype: float64
#   format: '{:15.11f}'
#   description: Right ascension (ICRS) at Ep=2016.0 (ra)
#   meta: !!omap
#   - {ucd: POS_EQ_RA_MAIN}
#   - {width: 15}
#   - {precision: '11'}
# - name: DE_ICRS_1
#   unit: deg
#   datatype: float64
#   format: '{:15.11f}'
#   description: Declination (ICRS) at Ep=2016.0 (dec)
#   meta: !!omap
#   - {ucd: POS_EQ_DEC_MAIN}
#   - {width: 15}
#   - {precision: '11'}
# - name: e_RA_ICRS
#   unit: mas
#   datatype: float64
#   format: '{:7.4f}'
#   description: Standard error of right ascension (ra_error)
#   meta: !!omap
#   - {ucd: ERROR}
#   - {width: 7}
#   - {precision: '4'}
# - name: e_DE_ICRS
#   unit: mas
#   datatype: float64
#   format: '{:7.4f}'
#   description: Standard error of declination (dec_error)
#   meta: !!omap
#   - {ucd: ERROR}
#   - {width: 7}
#   - {precision: '4'}
# - name: _r_1
#   unit: ''
#   datatype: float64
#   format: '{:7.4f}'
#   description: Distance from center (026.57201742000+61.21589979000)[ICRS], at Epoch=J2016.0
#   meta: !!omap
#   - {ucd: POS_ANG_DIST_GENERAL}
#   - {width: 7}
#   - {precision: '4'}
# - name: HIP
#   datatype: int32
#   description: '? HIP cross-id number, van Leeuwen, Cat. I/311 (hip_original_ext_source_id)'
#   meta: !!omap
#   - {ucd: ID_NUMBER}
#   - {width: 6}
#   - values: {'null': -2147483648}
# - name: TYC2
#   datatype: string
#   description: Tycho-2 cross-id name, Hog et al., Cat. I/259 (tyc2_original_ext_source_id)
#   meta: !!omap
#   - {ucd: ID_CROSSID}
#   - {_votable_string_dtype: char}
# - name: Source
#   datatype: int64
#   description: Source identifier, identical to the Gaia-EDR3 source_id (id)
#   meta: !!omap
#   - {ucd: ID_MAIN}
#   - {width: 19}
# - name: rgeo
#   unit: pc
#   datatype: float64
#   format: '{:15.8f}'
#   description: '? Median of the geometric distance posterior (r_med_geo)'
#   meta: !!omap
#   - {ucd: PHYS_DISTANCE_TRUE}
#   - {width: 15}
#   - {precision: '8'}
#   - values: {'null': .nan}
# - name: Plx
#   unit: mas
#   datatype: float64
#   format: '{:9.4f}'
#   description: '? Parallax (parallax)'
#   meta: !!omap
#   - {ucd: POS_PARLX_TRIG}
#   - {width: 9}
#   - {precision: '4'}
#   - values: {'null': .nan}
# - name: e_Plx
#   unit: mas
#   datatype: float32
#   format: '{:7.4f}'
#   description: '? Standard error of parallax (parallax_error)'
#   meta: !!omap
#   - {ucd: ERROR}
#   - {width: 7}
#   - {precision: '4'}
#   - values: {'null': .nan}
# - name: pmRA
#   unit: mas / yr
#   datatype: float64
#   format: '{:9.3f}'
#   description: '? Proper motion in right ascension direction, pmRA*cosDE (pmra)'
#   meta: !!omap
#   - {ucd: POS_EQ_PMRA}
#   - {width: 9}
#   - {precision: '3'}
#   - values: {'null': .nan}
# - name: pmDE
#   unit: mas / yr
#   datatype: float64
#   format: '{:9.3f}'
#   description: '? Proper motion in declination direction (pmdec)'
#   meta: !!omap
#   - {ucd: POS_EQ_PMDEC}
#   - {width: 9}
#   - {precision: '3'}
#   - values: {'null': .nan}
# - name: e_pmRA
#   unit: mas / yr
#   datatype: float32
#   format: '{:6.3f}'
#   description: '? Standard error of proper motion in right ascension direction (pmra_error)'
#   meta: !!omap
#   - {ucd: ERROR}
#   - {width: 6}
#   - {precision: '3'}
#   - values: {'null': .nan}
# - name: e_pmDE
[...]
#         value: !astropy.table.SerializedColumn {name: SkyCoord.dec}
#       distance: !astropy.table.SerializedColumn
#         __class__: astropy.coordinates.distances.Distance
#         unit: !astropy.units.Unit {unit: pc}
#         value: !astropy.table.SerializedColumn {name: SkyCoord.distance}
#       frame: icrs
#       obstime: !astropy.time.Time {format: jyear_str, in_subfmt: '*', jd1: 367701545.0, jd2: 0.0, out_subfmt: '*', precision: 3, scale: tt}
#       pm_dec: !astropy.table.SerializedColumn
#         __class__: astropy.units.quantity.Quantity
#         unit: !astropy.units.Unit {unit: mas / yr}
#         value: !astropy.table.SerializedColumn {name: SkyCoord.pm_dec}
#       pm_ra_cosdec: !astropy.table.SerializedColumn
#         __class__: astropy.units.quantity.Quantity
#         unit: !astropy.units.Unit {unit: mas / yr}
#         value: !astropy.table.SerializedColumn {name: SkyCoord.pm_ra_cosdec}
#       ra: !astropy.table.SerializedColumn
#         __class__: astropy.coordinates.angles.Longitude
#         unit: *id001
#         value: !astropy.table.SerializedColumn {name: SkyCoord.ra}
#         wrap_angle: !astropy.coordinates.Angle
#           unit: *id001
#           value: 360.0
#       representation_type: spherical
# schema: astropy-2.0
RA_ICRS_1 DE_ICRS_1 e_RA_ICRS e_DE_ICRS _r_1 HIP TYC2 Source rgeo Plx e_Plx pmRA pmDE e_pmRA e_pmDE RUWE Teff logg Gmag BP-RP BPmag RPmag RV e_RV b_rgeo B_rgeo FG e_FG FBP e_FBP FRP e_FRP RAVE5 RAVE6 e_Gmag e_BPmag e_RPmag e_BP-RP SkyCoord.ra SkyCoord.dec SkyCoord.distance SkyCoord.pm_ra_cosdec SkyCoord.pm_dec rmRA rmDE e_rmRA e_rmDE rRV e_rRV v_pec v_pec3d e_vpec e_vpec3d
[from data line 1030]
26.62046715386 61.59021921318 0.0244 0.0293 22.5022 "" "" 511276690795402368 2192.27515 0.4208 0.0433 -1.325 -0.757 0.031 0.035 1.083 7979.3 3.6484 16.319073 1.414771 16.952782 15.538011 "" "" 2049.10815 2414.47583 5588.79104 1.8177 2261.0 6.8795 4830.1 6.9379 "" "" 0.002777856507832472 0.0043241736 0.004088507 0.008412681 26.62046715386 61.59021921318 2192.27515 -1.3250000000000004 -0.7570000000000001 -0.1861218929290771 -0.4394682950973511 0.09349027 0.097490266 "" "" 4.959355382515686 "" 0.48052467900187706 ""
26.54388020405 61.23394095043 0.0232 0.028 1.3536 "" "" 511264252570063488 2476.30298 0.3786 0.0421 -1.016 -0.127 0.032 0.034 0.981 9266.8 4.1973 16.32334 1.227239 16.847593 15.620355 "" "" 2212.40991 2878.12915 5566.86957 1.6945 2491.0 9.8593 4477.3 8.4901 "" "" 0.0027750695989484666 0.0051236623 0.0043037795 0.009427441 26.54388020405 61.23394095043 2476.30298 -1.016 -0.12700000000000003 0.12287810707092284 0.19053170490264892 0.094490275 0.09649027 "" "" 2.661150435030199 "" 0.255223229982842 ""
26.30077111635 60.90955034653 0.0222 0.0274 19.9967 "" "" 511184194375959552 2651.27368 0.3742 0.0413 -1.211 -0.355 0.029 0.032 1.065 7491.0 4.2321 16.326437 1.160369 16.820446 15.660077 "" "" 2411.45044 2931.72241 5551.00496 1.6853 2554.1 6.1666 4316.5 7.3601 "" "" 0.0027749679161454877 0.0038284138 0.0042084474 0.008036861 26.30077111635 60.90955034653 2651.27368 -1.2110000000000003 -0.35499999999999965 -0.07212189292907722 -0.037468295097351056 0.09149027 0.094490275 "" "" 1.0213716454557558 "" 0.09410514193232253 ""
26.42900739952 61.26527132156 0.0242 0.0289 5.0812 "" "" 511265249002546176 2486.11304 0.3743 0.0442 -1.007 -0.433 0.033 0.034 0.998 9305.9 4.1391 16.326622 1.267001 16.859905 15.592904 "" "" 2237.99219 2809.08936 5550.05951 1.8521 2462.9 8.704 4591.9 10.184 "" "" 0.0027790402029466066 0.0047442527 0.0044812975 0.00922555 26.42900739952 61.26527132156 2486.11304 -1.0070000000000006 -0.43300000000000016 0.13187810707092296 -0.11546829509735107 0.09549027 0.09649027 "" "" 2.0655869398259137 "" 0.19814245564617816 ""
26.10557442239 61.0682938619 0.0565 0.068 16.1519 "" "" 511236146302941568 1983.20178 0.5433 0.1002 -0.627 -0.824 0.075 0.076 2.584 7468.7 4.1464 16.326643 1.323657 16.871456 15.547799 "" "" 1605.00488 3047.8042 5549.95218 7.6733 2436.9 8.333 4786.7 9.654 "" "" 0.0031377012754499486 0.0046442514 0.004367923 0.009012174 26.10557442239 61.0682938619 1983.20178 -0.627 -0.824 0.5118781070709228 -0.506468295097351 0.13749027 0.13849026 "" "" 6.769115256296851 "" 0.9340421881894708 ""
26.26399401106 60.95500043428 0.0227 0.0267 18.0248 "" "" 511231335939663360 2439.28101 0.3784 0.0404 4.67 0.231 0.03 0.032 0.948 7170.5 4.2486 16.328428 1.426709 16.97254 15.545831 "" "" 2226.25537 2695.90479 5540.8358 1.7802 2220.2 4.8813 4795.4 5.4806 "" "" 0.002777314171043371 0.0036719502 0.0039778757 0.007649826 26.26399401106 60.95500043428 2439.28101 4.67 0.23099999999999998 5.808878107070923 0.5485317049026489 0.09249027 0.094490275 "" "" 67.4621472997362 "" 6.240797534219048 ""
25.85868656777 61.37701467182 0.0226 0.0276 22.7153 "" "" 511258961168882176 2190.10547 0.45 0.0413 0.245 0.928 0.031 0.033 1.052 7204.9 4.2742 16.328543 1.420171 16.963114 15.542943 "" "" 1972.5719 2385.70361 5540.25318 1.8947 2239.6 6.7201 4808.2 7.206 "" "" 0.002780226534241321 0.004289354 0.004114784 0.008404138 25.85868656777 61.37701467182 2190.10547 0.24499999999999988 0.9280000000000006 1.383878107070923 1.2455317049026489 0.09349027 0.09549027 "" "" 19.328001891996355 "" 1.8243811286398526 ""
26.31165241668 61.0017011203 0.0214 0.0252 14.9043 "" "" 511231885695438720 2268.81909 0.4246 0.0383 -0.907 -0.353 0.028 0.03 1.006 7931.4 4.2875 16.330841 1.375 16.94627 15.57127 "" "" 2040.73157 2534.37622 5528.54231 1.7025 2274.6 6.4717 4684.4 6.0784 "" "" 0.0027755322095565833 0.004162672 0.0040334277 0.0081961 26.31165241668 61.0017011203 2268.81909 -0.9069999999999998 -0.353 0.23187810707092282 -0.035468295097351055 0.09049027 0.09249027 "" "" 2.522667641326149 "" 0.2283934599523012 ""
26.57824663079 61.31981181326 0.0242 0.0284 6.2373 "" "" 511266589032249088 2335.62305 0.4091 0.043 -0.855 -0.169 0.033 0.035 1.03 9247.0 4.2039 16.331299 1.232589 16.860785 15.628196 "" "" 2174.3418 2581.65308 5526.20954 1.9516 2461.0 6.0879 4445.1 5.6707 "" "" 0.002781871511312561 0.0038728267 0.004025197 0.007898023 26.57824663079 61.31981181326 2335.62305 -0.855 -0.169 0.28387810707092287 0.14853170490264891 0.09549027 0.097490266 "" "" 3.5469681271405107 "" 0.34023807866794487 ""
26.00680204016 61.2971650615 0.0228 0.0268 17.0216 "" "" 511256109310667008 2446.28369 0.3839 0.0407 -0.816 -0.699 0.031 0.032 0.991 7655.5 4.1283 16.337807 1.207761 16.855745 15.647984 "" "" 2199.57349 2727.31396 5493.18489 2.503 2472.4 6.6511 4364.8 8.4164 "" "" 0.002799381888385312 0.0040393085 0.0043205023 0.00835981 26.00680204016 61.2971650615 2446.28369 -0.8160000000000004 -0.6989999999999996 0.3228781070709229 -0.38146829509735103 0.09349027 0.094490275 "" "" 5.795005445312225 "" 0.5451603769671197 ""
25.94624014897 61.10709420486 0.0239 0.0288 19.251 "" "" 511237039656100224 2316.0708 0.4213 0.0421 -1.696 -0.455 0.031 0.033 0.999 8130.3 4.2962 16.338099 1.231685 16.871782 15.640098 "" "" 2083.7356 2622.11963 5491.70498 1.8783 2436.2 7.9364 4396.6 6.9058 "" "" 0.002780231886656103 0.004505043 0.0041463296 0.008651372 25.94624014897 61.10709420486 2316.0708 -1.6960000000000008 -0.45500000000000074 -0.5571218929290771 -0.1374682950973511 0.09349027 0.09549027 "" "" 6.2996205312780935 "" 0.5896835930074568 ""
26.24087600138 61.37728789952 0.0237 0.0292 13.5949 "" "" 511269784487787520 2487.07007 0.3851 0.0435 -1.242 -2.21 0.032 0.035 1.029 7702.3 4.2277 16.338457 1.633306 17.109222 15.475917 "" "" 2180.09473 2795.39551 5489.88998 1.9295 1957.6 6.2032 5114.4 8.1896 "" "" 0.002781619310130025 0.004429649 0.004160091 0.00858974 26.24087600138 61.37728789952 2487.07007 -1.241999999999999 -2.2100000000000004 -0.10312189292907714 -1.892468295097351 0.094490275 0.097490266 "" "" 22.34286086223553 "" 2.17801605843711 ""
27.23935608015 61.13504598622 0.0218 0.0262 19.9047 "" "" 511207284121591296 2714.73364 0.3518 0.0434 -1.172 -0.201 0.031 0.032 0.949 8423.4 4.4252 16.33987 1.578197 17.073015 15.494819 "" "" 2464.42871 3063.05981 5482.75209 1.9039 2024.0 6.0827 5026.1 6.0468 "" "" 0.002780995695801611 0.0042932364 0.0039987443 0.00829198 27.23935608015 61.13504598622 2714.73364 -1.172 -0.20100000000000004 -0.03312189292907708 0.11653170490264891 0.09349027 0.094490275 "" "" 1.5589053438566087 "" 0.14718543934575692 ""
26.12902820281 61.01860352361 0.0237 0.0277 17.4629 "" "" 511232710329149056 2460.60449 0.3874 0.0421 -4.551 0.168 0.029 0.032 1.038 7106.2 4.2166 16.339912 1.420764 16.981913 15.561149 "" "" 2272.13477 2734.13086 5482.53932 1.7472 2201.2 7.7138 4728.2 7.2649 "" "" 0.0027769606403569664 0.004718224 0.004131192 0.008849416 26.12902820281 61.01860352361 2460.60449 -4.551 0.16799999999999846 -3.4121218929290773 0.48553170490264896 0.09149027 0.094490275 "" "" 40.197366975322694 "" 3.6800996567655506 ""
26.94792644208 61.45005888925 0.0231 0.0273 17.7329 "" "" 511227212769576064 2569.41382 0.3675 0.0433 -0.892 -2.81 0.03 0.032 1.031 7437.4 4.0745 16.340061 1.615589 17.087864 15.472275 "" "" 2271.46436 2884.03687 5481.78666 2.0211 1996.5 6.6352 5131.5 7.0294 "" "" 0.002784247249763102 0.004561278 0.0040615005 0.008622779 26.94792644208 61.45005888925 2569.41382 -0.8920000000000003 -2.8099999999999996 0.24687810707092284 -2.492468295097351 0.09249027 0.094490275 "" "" 30.504369484840062 "" 2.8817797355639403 ""
26.32251976532 61.04733166178 0.0212 0.0256 12.431 "" "" 511238036088567552 2208.23779 0.4321 0.0386 -1.311 -0.62 0.029 0.031 1.024 7486.4 3.6176 16.342436 1.284215 16.905313 15.621099 "" "" 2048.0957 2524.87061 5469.81385 1.6682 2362.1 6.2776 4474.2 5.9431 "" "" 0.0027751463311017303 0.004013864 0.0040451987 0.008059062 26.32251976532 61.04733166178 2208.23779 -1.3109999999999995 -0.6199999999999999 -0.1721218929290771 -0.30246829509735107 0.09149027 0.09349027 "" "" 3.6426679806584743 "" 0.33878639842646113 ""
26.39474009002 60.89631143918 0.0236 0.0307 19.8542 "" "" 511183988217713152 2414.61816 0.3903 0.0445 9.293 -3.501 0.029 0.033 1.039 "" "" 16.345102 1.631004 17.008677 15.377672 "" "" 2183.92285 2687.7085 5456.39993 4.7241 2147.6 36.203 5598.7 39.623 "" "" 0.0029112587231020755 0.018514164 0.008563107 0.02707727 26.39474009002 60.89631143918 2414.61816 9.293 -3.5009999999999994 10.431878107070922 -3.183468295097351 0.09149027 0.09549027 "" "" 124.83162886180912 "" 11.464266051730483 ""
26.19881956389 61.02419311192 0.0288 0.0364 15.788 "" "" 511232847768096384 1990.13647 0.487 0.0542 -2.16 0.021 0.038 0.042 1.273 "" "" 16.346794 1.487643 16.830564 15.342921 "" "" 1782.59082 2220.05933 5447.89643 2.522 2530.4 7.819 5780.8 7.6091 "" "" 0.0028007886714317715 0.004363571 0.0040405593 0.00840413 26.19881956389 61.02419311192 1990.13647 -2.16 0.021000000000000206 -1.0211218929290773 0.33853170490264894 0.10049027 0.104490265 "" "" 10.148058974554703 "" 1.0238727359553135 ""
26.56784643285 61.22454932577 0.0238 0.0298 0.5328 "" "" 511264252570066688 2354.25269 0.414 0.0453 -1.026 -0.373 0.032 0.035 0.975 9261.6 4.11 16.34697 1.31533 16.92214 15.60681 "" "" 2103.34741 2683.08423 5447.01993 1.8708 2325.7 7.2237 4533.5 8.4816 "" "" 0.0027804395355002197 0.004376948 0.004290664 0.008667612 26.56784643285 61.22454932577 2354.25269 -1.0259999999999998 -0.37299999999999994 0.11287810707092283 -0.05546829509735107 0.094490275 0.097490266 "" "" 1.4034919691148484 "" 0.1334457087695367 ""
26.20991186352 61.39934478297 0.0236 0.0292 15.1641 "" "" 511270059365689984 1887.08289 0.5206 0.0437 0.628 0.428 0.033 0.034 1.011 7495.4 4.3763 16.347574 1.602305 17.093246 15.490941 "" "" 1723.75598 2083.45898 5443.9901 1.8467 1986.6 7.7192 5044.1 7.0305 "" "" 0.002779826486858655 0.0050579733 0.004071096 0.00912907 26.20991186352 61.39934478297 1887.08289 0.6279999999999999 0.42800000000000005 1.766878107070923 0.7455317049026489 0.09549027 0.09649027 "" "" 17.153629981854742 "" 1.6406087341015327 ""
27.36326107939 61.24116178202 0.0224 0.0265 22.9004 "" "" 511209448784975360 2434.9707 0.3812 0.0434 -1.482 -0.587 0.029 0.031 1.025 7707.4 4.1746 16.348423 1.542315 17.058811 15.516496 "" "" 2213.21094 2682.71362 5439.7359 1.7949 2050.7 5.723 4926.7 6.2833 "" "" 0.002778512693164514 0.0041189906 0.004025062 0.008144053 27.36326107939 61.24116178202 2434.9707 -1.4820000000000007 -0.5869999999999994 -0.34312189292907713 -0.26946829509735104 0.09149027 0.09349027 "" "" 5.035513045999339 "" 0.46456810474104 ""
26.39722488925 61.17592663975 0.0219 0.0264 5.5934 "" "" 511240441270393728 2154.61475 0.4415 0.04 -2.01 -2.477 0.03 0.032 1.042 7656.4 4.2109 16.349464 1.460822 17.0099 15.549077 "" "" 1966.01538 2436.94385 5434.51867 1.7098 2145.1 6.678 4781.1 6.8784 "" "" 0.00277641404465932 0.004382897 0.00408945 0.008472348 26.39722488925 61.17592663975 2154.61475 -2.01 -2.477 -0.8711218929290769 -2.159468295097351 0.09249027 0.094490275 "" "" 23.781212921640726 "" 2.240497538256504 ""
26.25139894739 61.03256979886 0.0222 0.0263 14.3978 "" "" 511232916487564800 2000.15112 0.4732 0.0403 3.22 -0.66 0.029 0.03 1.049 7447.4 4.3473 16.350418 1.4539 17.007236 15.553336 "" "" 1850.16516 2212.16748 5429.74385 1.9111 2150.4 7.8779 4762.4 7.6368 "" "" 0.0027816945097073843 0.004858595 0.0041611255 0.00901972 26.25139894739 61.03256979886 2000.15112 3.22 -0.6600000000000001 4.3588781070709235 -0.3424682950973511 0.09149027 0.09249027 "" "" 41.45263955946563 "" 3.7927688280103085 ""
27.04623492696 61.42256817569 0.0229 0.0274 18.4453 "" "" 511223948594440576 2018.2915 0.4777 0.0419 -1.028 -0.571 0.03 0.032 0.991 8540.7 3.5608 16.352018 1.313916 16.930178 15.616262 "" "" 1837.01025 2181.58447 5421.74753 1.825 2308.6 6.4426 4494.2 5.9315 "" "" 0.0027794523497634673 0.004118944 0.004041921 0.008160865 27.04623492696 61.42256817569 2018.2915 -1.0280000000000007 -0.5709999999999997 0.11087810707092283 -0.253468295097351 0.09249027 0.094490275 "" "" 2.6467129002333873 "" 0.2492459705235027 ""
26.85689512686 61.37441712263 0.0228 0.0272 12.5641 "" "" 511225043803687936 2519.41846 0.3646 0.0409 -1.673 -2.963 0.029 0.032 0.966 6520.4 3.8551 16.353931 1.967812 17.343699 15.375886 "" "" 2260.05151 2822.07959 5412.20822 1.8124 1577.4 6.1907 5607.9 7.3922 "" "" 0.0027792053143886196 0.005093335 0.0040412913 0.009134626 26.85689512686 61.37441712263 2519.41846 -1.6729999999999992 -2.963 -0.5341218929290772 -2.645468295097351 0.09149027 0.094490275 "" "" 32.22977829202968 "" 3.041671376302567 ""
27.10220259094 60.97722816661 0.0217 0.0279 21.0112 "" "" 511198591107925760 2140.20142 0.4514 0.0421 1.903 0.277 0.03 0.034 0.976 7487.2 4.3164 16.356234 1.32914 16.943708 15.614569 "" "" 1991.68396 2339.76514 5400.74462 1.6563 2280.0 5.2908 4501.2 6.8647 "" "" 0.0027753667777410413 0.0037593648 0.0041261995 0.007885564 27.10220259094 60.97722816661 2140.20142 1.9029999999999998 0.2770000000000001 3.041878107070923 0.594531704902649 0.09249027 0.09649027 "" "" 31.442376613659672 "" 2.9128378089488636 ""
26.42531345022 60.87090865572 0.0229 0.0283 21.1336 "" "" 511183129224282368 2016.95959 0.4779 0.0422 -0.585 -1.754 0.03 0.033 0.98 7201.9 4.328 16.358105 1.487127 17.038 15.550873 "" "" 1854.29651 2197.05103 5391.44476 1.7195 2090.3 8.266 4773.2 6.9754 "" "" 0.002776994034444274 0.0051204646 0.0040989285 0.009219393 26.42531345022 60.87090865572 2016.95959 -0.585 -1.754 0.5538781070709229 -1.436468295097351 0.09249027 0.09549027 "" "" 14.718720632587255 "" 1.3998578840222724 ""
26.9353711423 61.28339964017 0.0221 0.0269 11.2412 "" "" 511221577772590208 2695.64722 0.3455 0.0418 -1.683 -0.333 0.03 0.033 0.989 8480.2 3.5368 16.358118 1.373015 16.966736 15.59372 "" "" 2437.76196 3093.14111 5391.37836 1.7609 2232.1 6.0237 4588.5 7.1895 "" "" 0.002778046510861589 0.0040460103 0.004144607 0.008190617 26.9353711423 61.28339964017 2695.64722 -1.683 -0.3330000000000001 -0.5441218929290772 -0.015468295097351092 0.09249027 0.09549027 "" "" 6.955254311839469 "" 0.6433104764156891 ""
27.21422399122 61.23591862858 0.0227 0.0285 18.5866 "" "" 511208899029174656 2727.08228 0.3489 0.0446 -2.517 0.159 0.031 0.033 0.97 "" "" 16.359589 1.947577 17.330645 15.383067 "" "" 2416.12061 3164.17749 5384.07737 1.8176 1596.5 6.9122 5571.0 11.063 "" "" 0.002779592553513382 0.0054664942 0.0043511367 0.009817631 27.21422399122 61.23591862858 2727.08228 -2.517 0.15899999999999984 -1.378121892929077 0.47653170490264896 0.09349027 0.09549027 "" "" 18.8490340767393 "" 1.766265742751497 ""
26.49584219087 60.841878968 0.0214 0.0278 22.5502 "" "" 511182888706145664 2389.3689 0.3963 0.0408 -1.407 -0.497 0.027 0.031 0.985 8976.2 4.2935 16.36153 1.336338 16.951176 15.614838 "" "" 2152.70459 2615.1416 5374.46114 1.647 2264.4 5.7161 4500.1 5.4854 "" "" 0.002775336749082578 0.003911114 0.0040044063 0.00791552 26.49584219087 60.841878968 2389.3689 -1.4069999999999998 -0.4969999999999991 -0.2681218929290772 -0.17946829509735107 0.08949027 0.09349027 "" "" 3.65412329315457 "" 0.3315997951104448 ""
26.6593947866 61.18659900498 0.0236 0.0287 3.0772 "" "" 511217007927510016 2613.19556 0.3819 0.0419 -1.18 -0.131 0.033 0.034 1.031 9014.1 4.2625 16.361593 1.2067 16.874542 15.667842 "" "" 2285.30298 2967.97925 5374.14788 1.8315 2430.0 12.707 4285.7 12.014 "" "" 0.002780054308117946 0.0063261073 0.00485256 0.011178667 26.6593947866 61.18659900498 2613.19556 -1.18 -0.1309999999999998 -0.041121892929077086 0.18653170490264892 0.09549027 0.09649027 "" "" 2.3659629880489104 "" 0.2281832951441635 ""
