Clusters/NGC_663/NGC_663_members.tsv
# %ECSV 1.0
# ---
# datatype:
# - name: RA_ICRS_1
#   unit: deg
#   datatype: float64
#   format: '{:15.11f}'
#   description: Right ascension (ICRS) at Ep=2016.0 (ra)
#   meta: !!omap
#   - {ucd: POS_EQ_RA_MAIN}
#   - {width: 15}
#   - {precision: '11'}
# - name: DE_ICRS_1
#   unit: deg
#   datatype: float64
#   format: '{:15.11f}'
#   description: Declination (ICRS) at Ep=2016.0 (dec)
#   meta: !!omap
#   - {ucd: POS_EQ_DEC_MAIN}
#   - {width: 15}
#   - {precision: '11'}
# - name: e_RA_ICRS
#   unit: mas
#   datatype: float64
#   format: '{:7.4f}'
#   description: Standard error of right ascension (ra_error)
#   meta: !!omap
#   - {ucd: ERROR}
#   - {width: 7}
#   - {precision: '4'}
# - name: e_DE_ICRS
#   unit: mas
#   datatype: float64
#   format: '{:7.4f}'
#   description: Standard error of declination (dec_error)
#   meta: !!omap
#   - {ucd: ERROR}
#   - {width: 7}
#   - {precision: '4'}
# - name: _r_1
#   unit: ''
#   datatype: float64
#   format: '{:7.4f}'
#   description: Distance from center (026.57201742000+61.21589979000)[ICRS], at Epoch=J2016.0
#   meta: !!omap
#   - {ucd: POS_ANG_DIST_GENERAL}
#   - {width: 7}
#   - {precision: '4'}
# - name: HIP
#   datatype: int32
#   description: '? HIP cross-id number, van Leeuwen, Cat. I/311 (hip_original_ext_source_id)'
#   meta: !!omap
#   - {ucd: ID_NUMBER}
#   - {width: 6}
#   - values: {'null': -2147483648}
# - name: TYC2
#   datatype: string
#   description: Tycho-2 cross-id name, Hog et al., Cat. I/259 (tyc2_original_ext_source_id)
#   meta: !!omap
#   - {ucd: ID_CROSSID}
#   - {_votable_string_dtype: char}
# - name: Source
#   datatype: int64
#   description: Source identifier, identical to the Gaia-EDR3 source_id (id)
#   meta: !!omap
#   - {ucd: ID_MAIN}
#   - {width: 19}
# - name: rgeo
#   unit: pc
#   datatype: float64
#   format: '{:15.8f}'
#   description: '? Median of the geometric distance posterior (r_med_geo)'
#   meta: !!omap
#   - {ucd: PHYS_DISTANCE_TRUE}
#   - {width: 15}
#   - {precision: '8'}
#   - values: {'null': .nan}
# - name: Plx
#   unit: mas
#   datatype: float64
#   format: '{:9.4f}'
#   description: '? Parallax (parallax)'
#   meta: !!omap
#   - {ucd: POS_PARLX_TRIG}
#   - {width: 9}
#   - {precision: '4'}
#   - values: {'null': .nan}
# - name: e_Plx
#   unit: mas
#   datatype: float32
#   format: '{:7.4f}'
#   description: '? Standard error of parallax (parallax_error)'
#   meta: !!omap
#   - {ucd: ERROR}
#   - {width: 7}
#   - {precision: '4'}
#   - values: {'null': .nan}
# - name: pmRA
#   unit: mas / yr
#   datatype: float64
#   format: '{:9.3f}'
#   description: '? Proper motion in right ascension direction, pmRA*cosDE (pmra)'
#   meta: !!omap
#   - {ucd: POS_EQ_PMRA}
#   - {width: 9}
#   - {precision: '3'}
#   - values: {'null': .nan}
# - name: pmDE
#   unit: mas / yr
#   datatype: float64
#   format: '{:9.3f}'
#   description: '? Proper motion in declination direction (pmdec)'
#   meta: !!omap
#   - {ucd: POS_EQ_PMDEC}
#   - {width: 9}
#   - {precision: '3'}
#   - values: {'null': .nan}
# - name: e_pmRA
#   unit: mas / yr
#   datatype: float32
#   format: '{:6.3f}'
#   description: '? Standard error of proper motion in right ascension direction (pmra_error)'
#   meta: !!omap
#   - {ucd: ERROR}
#   - {width: 6}
#   - {precision: '3'}
#   - values: {'null': .nan}
# - name: e_pmDE
[...]
#         unit: &id001 !astropy.units.Unit {unit: deg}
#         value: !astropy.table.SerializedColumn {name: SkyCoord.dec}
#       distance: !astropy.table.SerializedColumn
#         __class__: astropy.coordinates.distances.Distance
#         unit: !astropy.units.Unit {unit: pc}
#         value: !astropy.table.SerializedColumn {name: SkyCoord.distance}
#       frame: icrs
#       obstime: !astropy.time.Time {format: jyear_str, in_subfmt: '*', jd1: 367701545.0, jd2: 0.0, out_subfmt: '*', precision: 3, scale: tt}
#       pm_dec: !astropy.table.SerializedColumn
#         __class__: astropy.units.quantity.Quantity
#         unit: !astropy.units.Unit {unit: mas / yr}
#         value: !astropy.table.SerializedColumn {name: SkyCoord.pm_dec}
#       pm_ra_cosdec: !astropy.table.SerializedColumn
#         __class__: astropy.units.quantity.Quantity
#         unit: !astropy.units.Unit {unit: mas / yr}
#         value: !astropy.table.SerializedColumn {name: SkyCoord.pm_ra_cosdec}
#       ra: !astropy.table.SerializedColumn
#         __class__: astropy.coordinates.angles.Longitude
#         unit: *id001
#         value: !astropy.table.SerializedColumn {name: SkyCoord.ra}
#         wrap_angle: !astropy.coordinates.Angle
#           unit: *id001
#           value: 360.0
#       representation_type: spherical
# schema: astropy-2.0
RA_ICRS_1 DE_ICRS_1 e_RA_ICRS e_DE_ICRS _r_1 HIP TYC2 Source rgeo Plx e_Plx pmRA pmDE e_pmRA e_pmDE RUWE Teff logg Gmag BP-RP BPmag RPmag RV e_RV b_rgeo B_rgeo FG e_FG FBP e_FBP FRP e_FRP RAVE5 RAVE6 e_Gmag e_BPmag e_RPmag e_BP-RP SkyCoord.ra SkyCoord.dec SkyCoord.distance SkyCoord.pm_ra_cosdec SkyCoord.pm_dec Pmemb
[from data line 80]
26.27476185013 61.23478206544 0.0088 0.0105 8.6597 "" "" 511244495719156864 2494.45166 0.3696 0.0163 -1.115 -0.373 0.012 0.012 1.015 7326.3 3.6161 14.152273 0.974695 14.544581 13.569886 "" "" 2404.45166 2584.99243 41118.52528 5.9754 20777.0 13.068 29594.0 11.678 "" "" 0.0027598340779485145 0.0028725227 0.0038035887 0.0066761114 26.27476185013 61.23478206544 2494.45166 -1.1150000000000002 -0.3730000000000001 0.8
26.46648472819 61.14206209786 0.0089 0.0107 5.38 "" "" 511240097673017472 2646.35693 0.3479 0.0158 -1.101 -0.279 0.013 0.013 0.986 11619.6 3.8485 14.156347 0.857945 14.493547 13.635602 "" "" 2542.04639 2790.14648 40964.49946 6.2361 21777.0 15.389 27856.0 12.466 "" "" 0.002760273187575551 0.0028937382 0.0038104868 0.006704225 26.46648472819 61.14206209786 2646.35693 -1.1009999999999998 -0.279 1.0
26.21076703241 61.32469885404 0.0133 0.0162 12.2948 "" "" 511246144986507904 2729.03271 0.3432 0.0237 -1.182 -0.295 0.018 0.019 1.593 "" "" 14.185701 1.043692 14.609826 13.566134 "" "" 2541.51978 2865.07373 39871.81554 6.9297 19565.0 11.906 29696.0 13.584 "" "" 0.0027617742897537707 0.0028673306 0.0038118751 0.0066792057 26.21076703241 61.32469885404 2729.03271 -1.182 -0.29499999999999993 0.8
26.65562802698 61.23818173973 0.0093 0.0117 2.7601 "" "" 511217592042996992 2798.85864 0.3279 0.0172 -1.046 -0.328 0.013 0.014 0.995 12259.5 3.7857 14.186007 0.960588 14.571767 13.611178 "" "" 2672.80566 2929.55029 39860.63466 9.5933 20263.0 18.969 28490.0 21.696 "" "" 0.0027676831158601743 0.0029695318 0.0038687673 0.0068382993 26.65562802698 61.23818173973 2798.85864 -1.0459999999999998 -0.3280000000000001 0.9
26.70585911293 61.24879002692 0.0089 0.011 4.3394 "" "" 511219035151995776 2508.58008 0.3713 0.0168 -1.206 -0.352 0.012 0.013 1.016 10291.7 3.5848 14.189057 1.04462 14.617985 13.573364 "" "" 2381.24438 2611.15796 39748.78978 5.5639 19419.0 13.404 29499.0 13.055 "" "" 0.0027595083998256504 0.0028890648 0.003809804 0.006698869 26.70585911293 61.24879002692 2508.58008 -1.206 -0.35199999999999987 1.0
26.76020571632 61.12704294254 0.0088 0.0109 7.6202 "" "" 511215874056206464 2618.86353 0.3502 0.0164 -1.198 -0.337 0.012 0.013 1.009 "" "" 14.21272 0.948058 14.589408 13.64135 "" "" 2527.69214 2762.02832 38891.86349 5.7685 19937.0 16.691 27709.0 14.032 "" "" 0.002760022218804245 0.0029344955 0.0038191664 0.0067536617 26.76020571632 61.12704294254 2618.86353 -1.198 -0.3370000000000001 0.9
26.40483782333 61.22351003977 0.0095 0.012 4.8509 "" "" 511241712580699776 2628.96509 0.3494 0.0181 -1.149 -0.297 0.012 0.014 0.999 11650.7 3.724 14.232315 1.100958 14.690183 13.589225 "" "" 2513.30762 2761.89502 38196.24674 5.9394 18170.0 13.488 29072.0 11.845 "" "" 0.0027604877333963587 0.0029042435 0.0038051829 0.0067094266 26.40483782333 61.22351003977 2628.96509 -1.149 -0.297 0.8
26.56841314567 61.18573583224 0.0095 0.0118 1.8128 "" "" 511217179726465408 2763.54321 0.3263 0.0169 -1.092 -0.365 0.013 0.015 1.017 11697.6 3.91 14.250597 0.853069 14.585462 13.732392 "" "" 2645.4314 2924.0769 37558.47904 5.1915 20009.0 13.294 25480.0 14.323 "" "" 0.0027594042828936825 0.0028819116 0.0038283442 0.0067102555 26.56841314567 61.18573583224 2763.54321 -1.092 -0.36500000000000005 1.0
26.80580731975 61.18112038412 0.0088 0.0107 7.0729 "" "" 511216423811959680 2485.00806 0.3718 0.0167 -1.148 -0.259 0.012 0.013 0.962 11313.2 3.9436 14.25153 0.930778 14.624217 13.69344 "" "" 2395.81616 2591.32593 37526.23166 5.4184 19308.0 11.677 26411.0 14.488 "" "" 0.002759776430789952 0.0028663925 0.0038260235 0.006692416 26.80580731975 61.18112038412 2485.00806 -1.1479999999999997 -0.25900000000000006 0.9
25.90182799227 61.28383331436 0.0088 0.0108 19.766 "" "" 511256212389900032 2595.99097 0.3547 0.0162 -1.15 -0.258 0.012 0.014 0.984 11061.3 3.9451 14.274418 0.690657 14.536079 13.845423 "" "" 2499.19458 2698.43359 36743.4326 6.0593 20940.0 11.895 22961.0 10.764 "" "" 0.00276113151272752 0.0028575223 0.0038135017 0.006671024 25.90182799227 61.28383331436 2595.99097 -1.15 -0.25800000000000006 0.9
26.65020585778 61.29415908491 0.0093 0.0112 5.2094 "" "" 511219413109070592 2640.33105 0.3457 0.0169 -1.103 -0.356 0.013 0.014 0.985 10797.7 3.7756 14.276047 0.952441 14.659516 13.707075 "" "" 2507.40259 2780.0083 36688.35109 6.3974 18690.0 13.038 26081.0 16.557 "" "" 0.0027618167900543876 0.0028911424 0.003841719 0.0067328615 26.65020585778 61.29415908491 2640.33105 -1.103 -0.3560000000000001 0.9
26.97387374028 61.04638287771 0.0091 0.0116 15.4585 "" "" 511211510369501056 2705.84521 0.3383 0.017 -1.158 -0.32 0.012 0.014 1.049 8717.1 3.703 14.29424 0.873432 14.63923 13.765798 "" "" 2556.22729 2839.70239 36078.67971 6.4199 19043.0 12.666 24708.0 13.599 "" "" 0.0027620852176665923 0.0028821088 0.003826333 0.006708442 26.97387374028 61.04638287771 2705.84521 -1.158 -0.31999999999999995 0.9
26.21916935788 61.07547660379 0.0096 0.0112 13.2427 "" "" 511239101240429696 2427.78271 0.3788 0.0169 -1.148 -0.298 0.013 0.014 0.968 10828.5 4.0719 14.316237 0.832065 14.641671 13.809607 "" "" 2336.0022 2567.34204 35355.11118 4.8448 19000.0 13.266 23731.0 16.94 "" "" 0.0027593342024131483 0.0028913184 0.0038580315 0.0067493496 26.21916935788 61.07547660379 2427.78271 -1.148 -0.29799999999999993 1.0
26.49463075371 61.1899936872 0.0096 0.0115 2.7237 "" "" 511240677483868032 2753.01221 0.3321 0.0174 -1.171 -0.326 0.013 0.014 1.014 "" "" 14.349043 1.034837 14.774243 13.739407 "" "" 2633.29077 2869.12964 34302.81268 4.9208 16816.0 11.399 25316.0 13.397 "" "" 0.0027597187747632466 0.0028856057 0.0038228063 0.006708412 26.49463075371 61.1899936872 2753.01221 -1.1709999999999998 -0.32599999999999985 1.0
26.82282904696 61.46643594452 0.0093 0.011 16.6749 "" "" 511228170539978624 2746.29663 0.3367 0.0172 -0.994 -0.34 0.012 0.013 0.976 11393.6 3.7767 14.37719 0.986927 14.775666 13.788739 "" "" 2610.82275 2912.2605 33424.94659 4.9209 16794.0 13.769 24191.0 11.427 "" "" 0.0027599528465082315 0.0029287282 0.0038140211 0.0067427494 26.82282904696 61.46643594452 2746.29663 -0.9940000000000002 -0.34 0.8
26.5106929146 61.23952072541 0.01 0.012 2.2683 "" "" 511264527447969664 2671.85254 0.3446 0.0183 -1.096 -0.195 0.014 0.015 0.973 10854.2 3.7209 14.418639 1.099389 14.876343 13.776954 "" "" 2535.57739 2800.91479 32172.9659 5.552 15307.0 12.706 24456.0 13.243 "" "" 0.0027616832018756646 0.0029321138 0.0038248382 0.006756952 26.5106929146 61.23952072541 2671.85254 -1.096 -0.195 0.9
26.7122952705 61.16743459251 0.0097 0.012 4.9906 "" "" 511216183293810432 2759.17773 0.3292 0.0178 -1.154 -0.345 0.013 0.014 0.992 11148.2 3.7327 14.458803 0.97859 14.85323 13.87464 "" "" 2636.18579 2901.96338 31004.55203 5.0113 15636.0 12.041 22351.0 12.335 "" "" 0.002760903059518203 0.0029127514 0.0038265858 0.006739337 26.7122952705 61.16743459251 2759.17773 -1.154 -0.345 1.0
26.17119360988 60.87391640839 0.009 0.011 23.592 "" "" 511229343074876032 2561.2666 0.3559 0.0169 -1.036 -0.438 0.012 0.013 0.976 7848.8 3.922 14.458855 0.798494 14.769254 13.970759 "" "" 2470.05884 2678.34546 31003.07697 4.7567 16893.0 10.915 20458.0 11.526 "" "" 0.0027603511749166505 0.002877009 0.0038285644 0.0067055738 26.17119360988 60.87391640839 2561.2666 -1.036 -0.43799999999999994 0.8
26.78672794491 61.06819305663 0.0099 0.0127 10.826 "" "" 511189245257548288 2672.46924 0.3451 0.0183 -1.19 -0.37 0.014 0.015 0.942 11191.8 3.8822 14.466213 0.906629 14.826001 13.919373 "" "" 2524.65161 2790.66357 30793.6693 5.1434 16033.0 13.436 21449.0 10.404 "" "" 0.0027612816880950926 0.0029347762 0.0038158984 0.006750675 26.78672794491 61.06819305663 2672.46924 -1.19 -0.37 1.0
26.56624884547 61.23419628949 0.0103 0.0124 1.1104 "" "" 511264286929801728 2640.63721 0.3516 0.0183 -1.109 -0.258 0.014 0.015 1.03 "" "" 14.485877 1.108692 14.946729 13.838037 "" "" 2514.26025 2753.30713 30240.98075 5.0704 14346.0 13.635 23118.0 11.234 "" "" 0.0027613273173772834 0.0029748816 0.0038160312 0.0067909127 26.56624884547 61.23419628949 2640.63721 -1.109 -0.25799999999999995 1.0
26.60510232139 61.27122340493 0.0107 0.0136 3.4541 "" "" 511264802325866240 2774.74194 0.3321 0.0203 -1.164 -0.326 0.014 0.016 1.057 10797.0 3.9147 14.490912 0.933753 14.864928 13.931175 "" "" 2621.33105 2947.80298 30101.06351 5.0393 15468.0 13.713 21217.0 10.404 "" "" 0.002761309161738799 0.002951533 0.0038166975 0.0067682303 26.60510232139 61.27122340493 2774.74194 -1.1639999999999997 -0.32599999999999996 1.0
26.25630961667 61.31768651469 0.0105 0.0125 10.9645 "" "" 511245320352792448 2665.14307 0.3418 0.0192 -1.181 -0.273 0.014 0.015 1.004 11649.1 3.5918 14.491239 1.029584 14.907973 13.878389 "" "" 2558.95459 2801.77686 30092.01904 7.5269 14867.0 17.72 22274.0 16.139 "" "" 0.002768671549232663 0.0030756656 0.0038603893 0.0069360547 26.25630961667 61.31768651469 2665.14307 -1.1809999999999998 -0.27300000000000013 1.0
26.64484941204 61.20268933822 0.0117 0.0128 2.2489 "" "" 511217076646966272 2796.77441 0.327 0.02 -1.057 -0.332 0.015 0.015 1.071 12110.7 3.9302 14.496182 0.919847 14.854482 13.934635 "" "" 2661.25049 2949.86133 29955.33842 4.8131 15618.0 23.73 21150.0 47.485 "" "" 0.002760837330312497 0.003241366 0.0044973143 0.0077386806 26.64484941204 61.20268933822 2796.77441 -1.057 -0.33200000000000013 0.8
26.54400751982 61.19351645666 0.0103 0.0123 1.5681 "" "" 511217179726197632 2499.78076 0.3646 0.0182 -1.126 -0.207 0.014 0.015 0.982 11201.1 3.7192 14.498767 0.909647 14.859904 13.950257 "" "" 2417.58105 2629.26465 29884.09826 6.3716 15540.0 18.284 20848.0 15.387 "" "" 0.0027650275098446216 0.0030687018 0.0038634005 0.006932102 26.54400751982 61.19351645666 2499.78076 -1.126 -0.207 0.8
26.77214455104 61.24833186954 0.0097 0.0118 6.0977 "" "" 511218244878011904 2702.48682 0.3407 0.0187 -1.164 -0.33 0.013 0.014 0.959 10986.5 3.8013 14.503476 0.940137 14.880684 13.940547 "" "" 2552.40869 2866.92798 29754.73955 4.3268 15246.0 9.2636 21035.0 10.732 "" "" 0.002759839922465013 0.002867099 0.0038197613 0.00668686 26.77214455104 61.24833186954 2702.48682 -1.164 -0.33000000000000007 0.9
26.4090419054 61.21471642707 0.0101 0.0127 4.7091 "" "" 511241609501485440 2611.81592 0.3559 0.0181 -1.157 -0.222 0.014 0.015 1.041 10712.8 3.6843 14.508223 0.994798 14.910262 13.915464 "" "" 2523.71265 2767.46851 29624.96057 5.1303 14836.0 13.249 21526.0 12.083 "" "" 0.002761728041983842 0.0029538388 0.0038282047 0.0067820437 26.4090419054 61.21471642707 2611.81592 -1.157 -0.22199999999999984 1.0
26.57661956796 61.04781740782 0.0099 0.0121 10.0858 "" "" 511191890957415680 2612.28906 0.3501 0.0191 -1.152 -0.333 0.014 0.015 1.008 10502.4 3.7709 14.579508 0.778174 14.879739 14.101564 "" "" 2461.61182 2754.23633 27742.36656 4.7201 15259.0 10.5 18136.0 9.5608 "" "" 0.0027615056981006797 0.0028884648 0.0038224775 0.0067109424 26.57661956796 61.04781740782 2612.28906 -1.152 -0.33300000000000013 1.0
26.45183150849 61.46234955705 0.0103 0.0125 15.1861 "" "" 511271365035848960 2682.63159 0.3387 0.0191 -1.04 -0.292 0.013 0.015 1.012 12092.2 3.963 14.607715 1.048609 15.038254 13.989645 "" "" 2565.12573 2804.72241 27030.93221 4.3573 13186.0 11.166 20105.0 9.7303 "" "" 0.002760873126808092 0.0029377476 0.0038157364 0.006753484 26.45183150849 61.46234955705 2682.63159 -1.04 -0.2919999999999999 0.9
26.49900484378 61.2669742243 0.011 0.0133 3.7193 "" "" 511264630527175936 2781.54077 0.3242 0.0202 -1.172 -0.272 0.015 0.017 0.913 10745.7 3.8025 14.658469 1.04018 15.084748 14.044568 "" "" 2655.0708 2939.6001 25796.39056 4.2701 12633.0 12.665 19113.0 12.425 "" "" 0.0027611754239192064 0.002994971 0.003844724 0.006839695 26.49900484378 61.2669742243 2781.54077 -1.1719999999999997 -0.27200000000000013 0.8
26.58327945781 61.23660682805 0.0109 0.0133 1.2843 "" "" 511217729481955840 2540.08984 0.3622 0.0198 -0.975 -0.407 0.015 0.016 0.973 9693.1 3.783 14.659404 1.019961 15.073463 14.053502 "" "" 2435.37061 2649.1333 25774.20644 4.4761 12765.0 11.572 18956.0 9.9251 "" "" 0.0027617643841299166 0.0029586863 0.0038218964 0.0067805825 26.58327945781 61.23660682805 2540.08984 -0.9750000000000001 -0.4069999999999999 0.8
26.80995217015 61.11686547249 0.0111 0.0137 9.0945 "" "" 511212884758975104 2672.66211 0.3398 0.0205 -1.145 -0.295 0.015 0.016 0.974 10690.9 3.7986 14.672298 0.955127 15.056246 14.101119 "" "" 2547.12256 2810.29175 25469.9078 4.2756 12969.0 14.04 18143.0 12.743 "" "" 0.002761341795459461 0.0030276407 0.003855549 0.00688319 26.80995217015 61.11686547249 2672.66211 -1.145 -0.29500000000000004 0.9
26.78928755346 61.36531066599 0.011 0.0135 10.9352 "" "" 511225735300867584 2683.06836 0.3432 0.021 -1.118 -0.397 0.016 0.017 0.991 "" "" 14.691841 1.175075 15.187981 14.012905 "" "" 2548.49194 2844.4585 25015.57214 4.0248 11487.0 13.091 19679.0 12.266 "" "" 0.0027608521527056366 0.0030522235 0.0038394935 0.006891717 26.78928755346 61.36531066599 2683.06836 -1.1180000000000003 -0.397 0.9
26.34836172769 61.07541863639 0.0107 0.0127 10.6294 "" "" 511238173527489920 2705.80444 0.3382 0.0196 -1.169 -0.381 0.014 0.016 1.006 10323.3 3.6827 14.695949 0.879055 15.040586 14.161531 "" "" 2569.72119 2881.42017 24921.1074 4.2878 13158.0 12.915 17161.0 13.519 "" "" 0.0027616455222416866 0.0029867594 0.003874957 0.0068617165 26.34836172769 61.07541863639 2705.80444 -1.169 -0.38099999999999995 0.9
26.42727961854 61.19417658874 0.0114 0.0138 4.3814 "" "" 511240853587248640 2692.26367 0.3431 0.0201 -1.13 -0.38 0.015 0.016 0.959 "" "" 14.728115 0.97677 15.121463 14.144692 "" "" 2549.7981 2847.8606 24193.60801 4.7748 12213.0 9.8475 17429.0 11.27 "" "" 0.002763639760547842 0.002924286 0.0038440367 0.0067683225 26.42727961854 61.19417658874 2692.26367 -1.1300000000000001 -0.38000000000000006 0.9
26.9905169479 61.21850771426 0.011 0.0135 12.0912 "" "" 511215324300276352 2795.21899 0.3341 0.0207 -1.15 -0.283 0.015 0.016 1.003 10236.4 3.8436 14.734168 0.934815 15.108461 14.173646 "" "" 2627.92773 2988.13916 24059.09981 3.8171 12360.0 11.47 16971.0 14.448 "" "" 0.0027606995660607063 0.0029665162 0.0038907717 0.006857288 26.9905169479 61.21850771426 2795.21899 -1.15 -0.2830000000000002 0.8
26.54630600384 61.14352471476 0.0113 0.0138 4.4057 "" "" 511193501560595328 2784.00146 0.3352 0.0202 -1.069 -0.304 0.016 0.017 1.022 10212.1 3.6472 14.760295 0.923678 15.047462 14.123783 "" "" 2602.32251 2923.54272 23487.06499 4.8356 13075.0 136.33 17768.0 146.47 "" "" 0.0027643728736969756 0.011659492 0.009715473 0.021374965 26.54630600384 61.14352471476 2784.00146 -1.069 -0.30400000000000005 1.0
26.39339841288 61.14698425479 0.0111 0.0135 6.6171 "" "" 511240235111970304 2674.52026 0.3454 0.0203 -1.089 -0.329 0.016 0.016 1.023 10558.0 3.9333 14.82316 0.912673 15.186122 14.273449 "" "" 2572.51489 2792.66333 22165.75565 3.6245 11507.0 10.117 15480.0 10.21 "" "" 0.0027610340336622313 0.0029489452 0.003846627 0.006795572 26.39339841288 61.14698425479 2674.52026 -1.089 -0.3289999999999999 0.9
26.56862367883 61.24084506328 0.0118 0.0147 1.4999 "" "" 511264286929799936 2529.52783 0.3612 0.0215 -0.97 -0.318 0.016 0.019 0.926 10637.4 3.7183 14.855797 0.980328 15.250092 14.269764 "" "" 2420.69019 2654.08887 21509.39539 3.9682 10849.0 14.693 15533.0 11.045 "" "" 0.002762591374646527 0.0031539213 0.0038574291 0.0070113502 26.56862367883 61.24084506328 2529.52783 -0.9700000000000002 -0.31799999999999995 0.9
26.35823564054 61.18060609682 0.0112 0.0134 6.5325 "" "" 511241162824600448 2571.59058 0.3595 0.0206 -1.052 -0.38 0.015 0.016 1.047 9916.1 3.6028 14.860629 1.135392 15.333347 14.197955 "" "" 2462.15698 2718.69067 21413.86264 9.796 10048.0 18.095 16595.0 26.349 "" "" 0.0027997289131857614 0.0034070613 0.0041539795 0.007561041 26.35823564054 61.18060609682 2571.59058 -1.052 -0.3800000000000001 1.0
