Clusters/NGC_663/NGC_663_stars_in_region.tsv
# %ECSV 1.0
# ---
# datatype:
# - name: RA_ICRS_1
#   unit: deg
#   datatype: float64
#   format: '{:15.11f}'
#   description: Right ascension (ICRS) at Ep=2016.0 (ra)
#   meta: !!omap
#   - {ucd: POS_EQ_RA_MAIN}
#   - {width: 15}
#   - {precision: '11'}
# - name: DE_ICRS_1
#   unit: deg
#   datatype: float64
#   format: '{:15.11f}'
#   description: Declination (ICRS) at Ep=2016.0 (dec)
#   meta: !!omap
#   - {ucd: POS_EQ_DEC_MAIN}
#   - {width: 15}
#   - {precision: '11'}
# - name: e_RA_ICRS
#   unit: mas
#   datatype: float64
#   format: '{:7.4f}'
#   description: Standard error of right ascension (ra_error)
#   meta: !!omap
#   - {ucd: ERROR}
#   - {width: 7}
#   - {precision: '4'}
# - name: e_DE_ICRS
#   unit: mas
#   datatype: float64
#   format: '{:7.4f}'
#   description: Standard error of declination (dec_error)
#   meta: !!omap
#   - {ucd: ERROR}
#   - {width: 7}
#   - {precision: '4'}
# - name: _r_1
#   unit: ''
#   datatype: float64
#   format: '{:7.4f}'
#   description: Distance from center (026.57201742000+61.21589979000)[ICRS], at Epoch=J2016.0
#   meta: !!omap
#   - {ucd: POS_ANG_DIST_GENERAL}
#   - {width: 7}
#   - {precision: '4'}
# - name: HIP
#   datatype: int32
#   description: '? HIP cross-id number, van Leeuwen, Cat. I/311 (hip_original_ext_source_id)'
#   meta: !!omap
#   - {ucd: ID_NUMBER}
#   - {width: 6}
#   - values: {'null': -2147483648}
# - name: TYC2
#   datatype: string
#   description: Tycho-2 cross-id name, Hog et al., Cat. I/259 (tyc2_original_ext_source_id)
#   meta: !!omap
#   - {ucd: ID_CROSSID}
#   - {_votable_string_dtype: char}
# - name: Source
#   datatype: int64
#   description: Source identifier, identical to the Gaia-EDR3 source_id (id)
#   meta: !!omap
#   - {ucd: ID_MAIN}
#   - {width: 19}
# - name: rgeo
#   unit: pc
#   datatype: float64
#   format: '{:15.8f}'
#   description: '? Median of the geometric distance posterior (r_med_geo)'
#   meta: !!omap
#   - {ucd: PHYS_DISTANCE_TRUE}
#   - {width: 15}
#   - {precision: '8'}
#   - values: {'null': .nan}
# - name: Plx
#   unit: mas
#   datatype: float64
#   format: '{:9.4f}'
#   description: '? Parallax (parallax)'
#   meta: !!omap
#   - {ucd: POS_PARLX_TRIG}
#   - {width: 9}
#   - {precision: '4'}
#   - values: {'null': .nan}
# - name: e_Plx
#   unit: mas
#   datatype: float32
#   format: '{:7.4f}'
#   description: '? Standard error of parallax (parallax_error)'
#   meta: !!omap
#   - {ucd: ERROR}
#   - {width: 7}
#   - {precision: '4'}
#   - values: {'null': .nan}
# - name: pmRA
#   unit: mas / yr
#   datatype: float64
#   format: '{:9.3f}'
#   description: '? Proper motion in right ascension direction, pmRA*cosDE (pmra)'
#   meta: !!omap
#   - {ucd: POS_EQ_PMRA}
#   - {width: 9}
#   - {precision: '3'}
#   - values: {'null': .nan}
# - name: pmDE
#   unit: mas / yr
#   datatype: float64
#   format: '{:9.3f}'
#   description: '? Proper motion in declination direction (pmdec)'
#   meta: !!omap
#   - {ucd: POS_EQ_PMDEC}
#   - {width: 9}
#   - {precision: '3'}
#   - values: {'null': .nan}
# - name: e_pmRA
#   unit: mas / yr
#   datatype: float32
#   format: '{:6.3f}'
#   description: '? Standard error of proper motion in right ascension direction (pmra_error)'
#   meta: !!omap
#   - {ucd: ERROR}
#   - {width: 6}
#   - {precision: '3'}
#   - values: {'null': .nan}
# - name: e_pmDE
[...]
#         value: !astropy.table.SerializedColumn {name: SkyCoord.dec}
#       distance: !astropy.table.SerializedColumn
#         __class__: astropy.coordinates.distances.Distance
#         unit: !astropy.units.Unit {unit: pc}
#         value: !astropy.table.SerializedColumn {name: SkyCoord.distance}
#       frame: icrs
#       obstime: !astropy.time.Time {format: jyear_str, in_subfmt: '*', jd1: 367701545.0, jd2: 0.0, out_subfmt: '*', precision: 3, scale: tt}
#       pm_dec: !astropy.table.SerializedColumn
#         __class__: astropy.units.quantity.Quantity
#         unit: !astropy.units.Unit {unit: mas / yr}
#         value: !astropy.table.SerializedColumn {name: SkyCoord.pm_dec}
#       pm_ra_cosdec: !astropy.table.SerializedColumn
#         __class__: astropy.units.quantity.Quantity
#         unit: !astropy.units.Unit {unit: mas / yr}
#         value: !astropy.table.SerializedColumn {name: SkyCoord.pm_ra_cosdec}
#       ra: !astropy.table.SerializedColumn
#         __class__: astropy.coordinates.angles.Longitude
#         unit: *id001
#         value: !astropy.table.SerializedColumn {name: SkyCoord.ra}
#         wrap_angle: !astropy.coordinates.Angle
#           unit: *id001
#           value: 360.0
#       representation_type: spherical
# schema: astropy-2.0
RA_ICRS_1 DE_ICRS_1 e_RA_ICRS e_DE_ICRS _r_1 HIP TYC2 Source rgeo Plx e_Plx pmRA pmDE e_pmRA e_pmDE RUWE Teff logg Gmag BP-RP BPmag RPmag RV e_RV b_rgeo B_rgeo FG e_FG FBP e_FBP FRP e_FRP RAVE5 RAVE6 e_Gmag e_BPmag e_RPmag e_BP-RP SkyCoord.ra SkyCoord.dec SkyCoord.distance SkyCoord.pm_ra_cosdec SkyCoord.pm_dec rmRA rmDE e_rmRA e_rmDE rRV e_rRV v_pec v_pec3d e_vpec e_vpec3d
[from data line 154]
26.35619508752 61.15640040835 0.0065 0.0078 7.19 "" "" 511241025385674752 2581.46826 0.3559 0.0121 -1.114 -0.3 0.008 0.009 0.995 "" "" 13.315337 0.858908 13.654282 12.795374 "" "" 2504.77197 2664.91064 88881.57269 15.576 47174.0 32.621 60396.0 29.311 "" "" 0.0027618819266001494 0.0028894178 0.0038159369 0.006705355 26.35619508752 61.15640040835 2581.46826 -1.114 -0.3 0.02487810707092275 0.017531704902648937 0.07049027 0.07149027 "" "" 0.37240584010530386 "" 0.026375144282371733 ""
26.21227086178 61.36980255915 0.0082 0.0095 13.8839 "" "" 511269715768312192 2744.20264 0.3344 0.0143 -1.164 -0.402 0.011 0.011 1.158 "" "" 13.322266 0.940624 13.698401 12.757777 "" "" 2645.479 2849.80005 88316.22337 14.319 45296.0 23.675 62524.0 23.387 "" "" 0.002760937769649878 0.0028472948 0.003801139 0.006648434 26.21227086178 61.36980255915 2744.20264 -1.1640000000000006 -0.4019999999999999 -0.025121892929077072 -0.0844682950973511 0.07349027 0.07349027 "" "" 1.1462867678325543 "" 0.08424092347182081 ""
26.98936153837 60.99378178146 0.0067 0.0088 18.0004 "" "" 511199514516687232 2462.74951 0.3713 0.0134 -1.076 -0.798 0.009 0.011 1.07 12161.6 3.6662 13.330293 0.698783 13.594093 12.89531 "" "" 2401.92456 2548.01172 87665.67221 15.468 49863.0 21.877 55085.0 16.103 "" "" 0.0027619718869488735 0.0028305415 0.0037926857 0.006623227 26.98936153837 60.99378178146 2462.74951 -1.076 -0.798 0.06287810707092278 -0.4804682950973511 0.07149027 0.07349027 "" "" 5.656539310976 "" 0.41551265683760863 ""
26.30612732309 60.99156115384 0.0063 0.0076 15.5116 "" "" 511231782616233600 2581.64209 0.3537 0.0117 -1.18 -0.529 0.008 0.009 0.997 11670.9 3.791 13.330813 0.752592 13.619725 12.867133 "" "" 2500.02734 2670.04736 87623.64467 13.102 48700.0 21.449 56533.0 17.882 "" "" 0.0027600988216916617 0.0028308507 0.0037949535 0.006625804 26.30612732309 60.99156115384 2581.64209 -1.1800000000000002 -0.5289999999999999 -0.041121892929077086 -0.2114682950973511 0.07049027 0.07149027 "" "" 2.6362066827816393 "" 0.18836772856840378 ""
25.93122491137 61.28156324735 0.0066 0.0081 18.9085 "" "" 511256212389901696 2573.52588 0.3593 0.0124 -1.198 -0.271 0.009 0.01 0.952 12185.0 3.9636 13.344769 0.716847 13.617649 12.900802 "" "" 2501.55347 2678.31543 86504.59921 25.444 48793.0 46.405 54807.0 46.106 "" "" 0.0027737655823285912 0.0029751149 0.003888183 0.006863298 25.93122491137 61.28156324735 2573.52588 -1.198 -0.2710000000000003 -0.0591218929290771 0.04653170490264891 0.07149027 0.07249027 "" "" 0.9177788181478366 "" 0.0659648180453619 ""
26.32663124295 61.35327178333 0.0071 0.0086 10.8616 "" "" 511268753695639296 2555.63989 0.36 0.0127 -1.145 -0.382 0.009 0.01 0.903 12313.4 3.8231 13.357677 0.948127 13.738235 12.790108 "" "" 2480.08765 2620.39624 85482.17962 11.22 43664.0 21.502 60690.0 20.049 "" "" 0.0027590031086413384 0.002840935 0.0037963632 0.0066372985 26.32663124295 61.35327178333 2555.63989 -1.1450000000000007 -0.38199999999999995 -0.006121892929077166 -0.06446829509735108 0.07149027 0.07249027 "" "" 0.7844648755766771 "" 0.056859106026526086 ""
26.47551313485 61.2410945794 0.007 0.0087 3.1705 "" "" 511264493088231040 2696.14673 0.3382 0.013 -1.113 -0.32 0.01 0.01 1.105 13775.3 3.6611 13.361839 1.170289 13.855723 12.685434 "" "" 2608.20972 2784.07568 85155.18083 16.508 39186.0 36.01 66832.0 42.097 "" "" 0.0027633477144692986 0.0029631958 0.0038407608 0.006803957 26.47551313485 61.2410945794 2696.14673 -1.113 -0.31999999999999984 0.025878107070922862 -0.002468295097351081 0.07249027 0.07249027 "" "" 0.33221632359568193 "" 0.02408245015055978 ""
26.46591385186 61.5395547829 0.0067 0.0083 19.6573 "" "" 511277721587420544 2454.3667 0.3679 0.0124 -0.17 -1.978 0.009 0.01 1.021 4708.3 2.4306 13.366838 2.377338 14.642524 12.265185 -79.22 0.4 2379.83838 2526.66357 84764.07309 16.5 18985.0 15.794 98420.0 36.665 "" "" 0.002763414016524321 0.0029327292 0.003800964 0.006733693 26.46591385186 61.5395547829 2454.3667 -0.17000000000000026 -1.9779999999999984 0.9688781070709228 -1.660468295097351 0.07149027 0.07249027 -60.45 38.835003 22.365401944359203 64.45474151784914 1.615622693230699 36.42639691667261
27.13686835174 61.43253564563 0.0068 0.0086 20.8188 "" "" 511224189112603904 2767.99854 0.3126 0.0133 0.587 0.081 0.009 0.01 1.048 "" "" 13.372362 2.757076 14.93329 12.176213 -40.56 0.46 2693.79761 2846.29541 84333.86378 21.078 14524.0 15.634 106830.0 50.322 "" "" 0.002768650869226861 0.0030250521 0.003813829 0.0068388814 27.13686835174 61.43253564563 2767.99854 0.587 0.08099999999999999 1.7258781070709228 0.39853170490264894 0.07149027 0.07249027 -21.790000000000003 38.895 23.239933042808847 31.85747302963998 1.6626134202679388 26.631189165664544
26.77164466992 61.57082259497 0.0067 0.0081 22.054 "" "" 511276037960225152 1911.41785 0.489 0.0124 -2.112 -1.87 0.008 0.009 0.952 4958.5 2.7694 13.393332 1.984597 14.393058 12.408461 -56.85 0.71 1865.46558 1960.11877 82720.58658 12.043 23889.0 15.591 86253.0 21.586 "" "" 0.00275985055045735 0.0028787428 0.003789137 0.0066678794 26.77164466992 61.57082259497 1911.41785 -2.112 -1.8699999999999999 -0.9731218929290772 -1.5524682950973512 0.07049027 0.07149027 -38.08 39.145 16.60036633655993 41.54104671897414 1.1821057392840406 35.8866926703682
26.53849278371 61.51760693239 0.0067 0.0081 18.1281 "" "" 511277481069259776 1976.83459 0.4711 0.0124 -0.899 -1.242 0.009 0.01 0.968 7485.4 3.4246 13.401872 1.362859 14.005613 12.642755 "" "" 1933.41821 2036.64014 82072.55719 9.0359 34133.0 16.649 69511.0 21.382 "" "" 0.002757911926726605 0.0028399844 0.00379411 0.0066340943 26.53849278371 61.51760693239 1976.83459 -0.8990000000000002 -1.242 0.23987810707092283 -0.9244682950973511 0.07149027 0.07249027 "" "" 8.949312892847505 "" 0.6481772071468469 ""
26.35954748949 61.19987908938 0.0073 0.0088 6.2147 "" "" 511241265903790720 2443.55298 0.3767 0.0132 -1.086 -0.154 0.01 0.01 1.118 "" "" 13.407238 0.892304 13.750788 12.858483 "" "" 2369.49243 2515.4873 81667.921 22.626 43162.0 47.153 56986.0 43.477 "" "" 0.0027716910348136873 0.003031823 0.0038690951 0.006900918 26.35954748949 61.19987908938 2443.55298 -1.086 -0.15400000000000005 0.052878107070922775 0.16353170490264893 0.07249027 0.07249027 "" "" 1.990654471796165 "" 0.14430307507214604 ""
26.66117892026 61.16201869547 0.0078 0.0094 4.135 "" "" 511216110268439552 2561.36401 0.3572 0.0133 -1.038 -0.139 0.011 0.011 0.959 13462.7 3.8218 13.419955 0.866388 13.760322 12.893933 "" "" 2466.56421 2659.91602 80716.90989 11.026 42785.0 20.198 55155.0 22.042 "" "" 0.0027593089719460217 0.0028368577 0.0038042078 0.0066410657 26.66117892026 61.16201869547 2561.36401 -1.038 -0.13899999999999996 0.10087810707092282 0.1785317049026489 0.07349027 0.07349027 "" "" 2.4896164744001554 "" 0.18296258561083217 ""
25.96229985421 60.96183189303 0.0066 0.0082 23.349 "" "" 511233741121349760 2463.16821 0.3698 0.0126 -1.236 -0.608 0.009 0.009 0.994 "" "" 13.427922 0.648606 13.668908 13.020302 "" "" 2399.85352 2551.75708 80126.80891 20.147 46543.0 41.142 49095.0 31.612 "" "" 0.002768811369692136 0.0029506197 0.0038434968 0.0067941165 25.96229985421 60.96183189303 2463.16821 -1.236 -0.608 -0.09712189292907714 -0.29046829509735106 0.07149027 0.07149027 "" "" 3.5758906667693107 "" 0.2556413995549547 ""
26.62246363482 61.41432582477 0.0072 0.0089 11.9939 "" "" 511267379306212992 2365.65381 0.3776 0.0133 -2.216 1.667 0.01 0.011 1.086 "" "" 13.433139 2.324021 14.669453 12.345431 -35.69 1.42 2274.37305 2447.8811 79742.77129 15.724 18520.0 16.871 91408.0 37.737 "" "" 0.002763625128756551 0.002960286 0.0038058697 0.006766156 26.62246363482 61.41432582477 2365.65381 -2.216 1.6670000000000007 -1.0771218929290773 1.984531704902649 0.07249027 0.07349027 -16.919999999999998 39.855 25.319387733918422 30.452549896855906 1.8549974890799845 22.197820092865847
26.24106365916 60.97789961774 0.0066 0.0081 17.2055 "" "" 511231645177292544 2315.40967 0.4017 0.0121 -1.343 -0.732 0.008 0.009 0.916 "" "" 13.441871 0.764251 13.736084 12.971833 "" "" 2261.80811 2385.63672 79103.98277 11.159 43751.0 17.28 51336.0 24.052 "" "" 0.002759573884914717 0.002822931 0.003813462 0.0066363933 26.24106365916 60.97789961774 2315.40967 -1.343 -0.732 -0.20412189292907712 -0.41446829509735106 0.07049027 0.07149027 "" "" 5.070537206820682 "" 0.3615098954930342 ""
26.64456667109 61.20677601227 0.0075 0.009 2.1666 "" "" 511217076646961664 2689.55176 0.339 0.0145 -1.248 -0.554 0.01 0.011 1.017 14219.9 3.7731 13.44236 0.839682 13.766108 12.926426 "" "" 2596.23877 2811.38086 79068.33437 18.637 42557.0 44.566 53529.0 49.844 "" "" 0.002767179516678659 0.0030129382 0.0039122673 0.0069252057 26.64456667109 61.20677601227 2689.55176 -1.248 -0.554 -0.10912189292907715 -0.23646829509735112 0.07249027 0.07349027 "" "" 3.3201113092221894 "" 0.2434162596087334 ""
26.95087259902 61.04250628851 0.007 0.0092 15.1227 "" "" 511211476009767168 2717.88086 0.3394 0.0139 -1.208 -0.383 0.01 0.011 1.089 13124.2 3.9658 13.446084 0.857649 13.776682 12.919033 "" "" 2622.8772 2832.83936 78797.6594 15.954 42145.0 25.34 53895.0 25.234 "" "" 0.0027640754713261976 0.00286552 0.0038134165 0.0066789365 26.95087259902 61.04250628851 2717.88086 -1.208 -0.3830000000000001 -0.06912189292907711 -0.06546829509735108 0.07249027 0.07349027 "" "" 1.226498772980024 "" 0.08949129954527481 ""
26.59681497121 61.21588327485 0.0072 0.0092 0.7164 "" "" 511217351524857856 2639.80762 0.3495 0.0136 -1.12 -0.32 0.01 0.012 0.967 14035.9 3.8275 13.447624 0.88853 13.798958 12.910428 "" "" 2562.08105 2737.302 78685.94206 11.339 41289.0 22.696 54323.0 18.807 "" "" 0.002759758861760916 0.002853285 0.0037980285 0.0066513135 26.59681497121 61.21588327485 2639.80762 -1.1199999999999994 -0.3199999999999996 0.018878107070922745 -0.002468295097351081 0.07249027 0.07449027 "" "" 0.23822640285202082 "" 0.017277212450717984 ""
26.53439275782 61.19469378829 0.007 0.0089 1.6737 "" "" 511264115131118464 2561.21118 0.3582 0.013 -1.128 -0.176 0.009 0.011 0.974 "" "" 13.456847 0.840472 13.785614 12.945142 "" "" 2471.52246 2645.77661 78020.35614 12.456 41800.0 26.238 52614.0 20.615 "" "" 0.0027607672179373374 0.0028721974 0.0038032485 0.006675446 26.53439275782 61.19469378829 2561.21118 -1.127999999999999 -0.17599999999999988 0.01087810707092296 0.14153170490264894 0.07149027 0.07349027 "" "" 1.7232825033058459 "" 0.1266245286444402 ""
26.41866290574 60.85123032521 0.0067 0.0085 22.3293 "" "" 511183026145090048 2812.66675 0.3214 0.0134 -0.922 -0.205 0.009 0.01 0.997 13806.4 3.8819 13.462256 0.812787 13.776347 12.96356 "" "" 2703.35107 2930.67261 77632.61996 12.426 42158.0 23.75 51729.0 18.908 "" "" 0.00276079526682963 0.0028564264 0.0038001612 0.0066565876 26.41866290574 60.85123032521 2812.66675 -0.9219999999999996 -0.2049999999999997 0.2168781070709228 0.11253170490264894 0.07149027 0.07249027 "" "" 3.2574815174624683 "" 0.23357300804548398 ""
26.51473929997 61.20504420315 0.0073 0.0088 1.7786 "" "" 511264183850594432 2625.79614 0.3478 0.013 -0.952 -0.272 0.01 0.01 1.063 14647.8 3.9316 13.463505 0.898991 13.819919 12.920928 "" "" 2547.50342 2720.79443 77543.39182 16.773 40499.0 27.983 53801.0 38.901 "" "" 0.0027653108064073103 0.002889263 0.0038600548 0.006749318 26.51473929997 61.20504420315 2625.79614 -0.952 -0.27200000000000046 0.1868781070709229 0.045531704902648906 0.07249027 0.07249027 "" "" 2.3939773517036835 "" 0.17354005850759596 ""
26.59895424535 61.26795217002 0.0076 0.0094 3.2185 "" "" 511264798020735616 2759.55225 0.3295 0.0135 -1.188 -0.337 0.011 0.012 0.936 13137.9 3.8495 13.470116 0.903691 13.828738 12.925047 "" "" 2680.34692 2856.55615 77072.67236 13.384 40172.0 26.609 53597.0 20.801 "" "" 0.00276176352471304 0.0028813623 0.0038027994 0.0066841617 26.59895424535 61.26795217002 2759.55225 -1.1880000000000002 -0.33700000000000047 -0.04912189292907709 -0.019468295097351096 0.07349027 0.07449027 "" "" 0.6911506429542685 "" 0.05088722253785256 ""
26.6997817978 61.16996357613 0.0167 0.0212 4.6088 "" "" 511216247709829120 2170.18677 0.4387 0.0315 -0.404 -0.239 0.023 0.025 2.614 15001.0 3.4656 13.474462 0.910966 13.826537 12.915571 "" "" 2029.08081 2334.31445 76764.72131 17.033 40253.0 23.458 54067.0 16.019 "" "" 0.0027658320191267694 0.0028610127 0.003793047 0.0066540595 26.6997817978 61.16996357613 2170.18677 -0.404 -0.23899999999999996 0.7348781070709228 0.07853170490264894 0.08549027 0.08749027 "" "" 7.602501134086368 "" 0.650113548229902 ""
27.07362605852 61.06281972887 0.0065 0.0081 17.187 "" "" 511200034216870656 2094.07275 0.4436 0.013 -1.237 0.046 0.009 0.01 0.949 12685.4 4.3182 13.47589 0.781355 13.778005 12.99665 "" "" 2048.35059 2158.18384 76663.8914 9.4811 42094.0 16.55 50176.0 15.105 "" "" 0.002758590025950525 0.0028226357 0.003793489 0.006616125 27.07362605852 61.06281972887 2094.07275 -1.2370000000000003 0.04599999999999981 -0.09812189292907725 0.3635317049026489 0.07149027 0.07249027 "" "" 3.737511208790613 "" 0.27068102293551366 ""
26.94781391608 61.13157133905 0.0073 0.0091 11.9913 "" "" 511212403722623104 2794.3645 0.3265 0.0138 -0.967 -0.575 0.01 0.011 1.002 "" "" 13.501432 0.794194 13.807704 13.01351 "" "" 2703.02222 2907.02515 74881.35832 11.549 40958.0 24.801 49403.0 16.404 "" "" 0.002760403987233213 0.0028665785 0.0037965374 0.0066631157 26.94781391608 61.13157133905 2794.3645 -0.9669999999999999 -0.5749999999999995 0.17187810707092288 -0.25746829509735103 0.07249027 0.07349027 "" "" 4.100309959310436 "" 0.30007485460806643 ""
26.44982743178 61.09241235727 0.009 0.0106 8.2102 "" "" 511238448405584768 2150.8208 0.4375 0.0167 -1.177 -0.359 0.012 0.013 1.376 11927.9 3.9487 13.521635 0.855516 13.842439 12.986922 "" "" 2081.44238 2208.78638 73500.91488 13.99 39668.0 28.05 50628.0 63.2 "" "" 0.002763059237566282 0.0028938693 0.0040150583 0.0069089276 26.44982743178 61.09241235727 2150.8208 -1.177 -0.359 -0.038121892929077195 -0.04146829509735106 0.07449027 0.075490266 "" "" 0.5742627414606833 "" 0.043089169646879144 ""
26.1443510383 61.23715546059 0.007 0.0087 12.417 "" "" 511243945963344896 2152.79565 0.4312 0.0129 -0.485 -0.611 0.01 0.011 0.952 8954.1 3.6963 13.522355 1.191699 14.030472 12.838773 "" "" 2100.37891 2209.90723 73452.18957 7.7542 33360.0 21.73 58030.0 17.699 "" "" 0.0027577031955488833 0.0028784052 0.0037938615 0.006672267 26.1443510383 61.23715546059 2152.79565 -0.485 -0.6109999999999999 0.6538781070709229 -0.29346829509735106 0.07249027 0.07349027 "" "" 7.313538803457912 "" 0.5313935978600716 ""
26.04740060613 61.22180639267 0.0072 0.0089 15.1592 "" "" 511244049042581120 2784.45142 0.3263 0.0134 -1.176 -0.158 0.01 0.011 0.979 11828.9 3.7804 13.539083 0.68764 13.79922 13.11158 "" "" 2699.51611 2898.625 72329.23637 11.851 41279.0 19.789 45136.0 19.16 "" "" 0.0027610570942694364 0.0028383033 0.0038073806 0.006645684 26.04740060613 61.22180639267 2784.45142 -1.1760000000000002 -0.15799999999999975 -0.03712189292907708 0.15953170490264892 0.07249027 0.07349027 "" "" 2.161799299222871 "" 0.15876088966343269 ""
25.94318572416 61.0184317091 0.0124 0.0151 21.737 "" "" 511235012431623168 1953.25342 0.4857 0.0231 -1.236 -0.199 0.016 0.017 1.71 "" "" 13.567401 0.622041 13.798171 13.17613 "" "" 1873.95447 2050.5813 70467.07012 15.311 41319.0 19.803 42531.0 18.703 "" "" 0.002765400826186159 0.0028382784 0.0038094209 0.0066476995 25.94318572416 61.0184317091 1953.25342 -1.236 -0.19900000000000018 -0.09712189292907714 0.11853170490264892 0.07849027 0.079490274 "" "" 1.4187583382233102 "" 0.11220974242301905 ""
