Clusters/NGC_663/NGC_663_members.tsv
# %ECSV 1.0
# ---
# datatype:
# - name: RA_ICRS_1
#   unit: deg
#   datatype: float64
#   format: '{:15.11f}'
#   description: Right ascension (ICRS) at Ep=2016.0 (ra)
#   meta: !!omap
#   - {ucd: POS_EQ_RA_MAIN}
#   - {width: 15}
#   - {precision: '11'}
# - name: DE_ICRS_1
#   unit: deg
#   datatype: float64
#   format: '{:15.11f}'
#   description: Declination (ICRS) at Ep=2016.0 (dec)
#   meta: !!omap
#   - {ucd: POS_EQ_DEC_MAIN}
#   - {width: 15}
#   - {precision: '11'}
# - name: e_RA_ICRS
#   unit: mas
#   datatype: float64
#   format: '{:7.4f}'
#   description: Standard error of right ascension (ra_error)
#   meta: !!omap
#   - {ucd: ERROR}
#   - {width: 7}
#   - {precision: '4'}
# - name: e_DE_ICRS
#   unit: mas
#   datatype: float64
#   format: '{:7.4f}'
#   description: Standard error of declination (dec_error)
#   meta: !!omap
#   - {ucd: ERROR}
#   - {width: 7}
#   - {precision: '4'}
# - name: _r_1
#   unit: ''
#   datatype: float64
#   format: '{:7.4f}'
#   description: Distance from center (026.57201742000+61.21589979000)[ICRS], at Epoch=J2016.0
#   meta: !!omap
#   - {ucd: POS_ANG_DIST_GENERAL}
#   - {width: 7}
#   - {precision: '4'}
# - name: HIP
#   datatype: int32
#   description: '? HIP cross-id number, van Leeuwen, Cat. I/311 (hip_original_ext_source_id)'
#   meta: !!omap
#   - {ucd: ID_NUMBER}
#   - {width: 6}
#   - values: {'null': -2147483648}
# - name: TYC2
#   datatype: string
#   description: Tycho-2 cross-id name, Hog et al., Cat. I/259 (tyc2_original_ext_source_id)
#   meta: !!omap
#   - {ucd: ID_CROSSID}
#   - {_votable_string_dtype: char}
# - name: Source
#   datatype: int64
#   description: Source identifier, identical to the Gaia-EDR3 source_id (id)
#   meta: !!omap
#   - {ucd: ID_MAIN}
#   - {width: 19}
# - name: rgeo
#   unit: pc
#   datatype: float64
#   format: '{:15.8f}'
#   description: '? Median of the geometric distance posterior (r_med_geo)'
#   meta: !!omap
#   - {ucd: PHYS_DISTANCE_TRUE}
#   - {width: 15}
#   - {precision: '8'}
#   - values: {'null': .nan}
# - name: Plx
#   unit: mas
#   datatype: float64
#   format: '{:9.4f}'
#   description: '? Parallax (parallax)'
#   meta: !!omap
#   - {ucd: POS_PARLX_TRIG}
#   - {width: 9}
#   - {precision: '4'}
#   - values: {'null': .nan}
# - name: e_Plx
#   unit: mas
#   datatype: float32
#   format: '{:7.4f}'
#   description: '? Standard error of parallax (parallax_error)'
#   meta: !!omap
#   - {ucd: ERROR}
#   - {width: 7}
#   - {precision: '4'}
#   - values: {'null': .nan}
# - name: pmRA
#   unit: mas / yr
#   datatype: float64
#   format: '{:9.3f}'
#   description: '? Proper motion in right ascension direction, pmRA*cosDE (pmra)'
#   meta: !!omap
#   - {ucd: POS_EQ_PMRA}
#   - {width: 9}
#   - {precision: '3'}
#   - values: {'null': .nan}
# - name: pmDE
#   unit: mas / yr
#   datatype: float64
#   format: '{:9.3f}'
#   description: '? Proper motion in declination direction (pmdec)'
#   meta: !!omap
#   - {ucd: POS_EQ_PMDEC}
#   - {width: 9}
#   - {precision: '3'}
#   - values: {'null': .nan}
# - name: e_pmRA
#   unit: mas / yr
#   datatype: float32
#   format: '{:6.3f}'
#   description: '? Standard error of proper motion in right ascension direction (pmra_error)'
#   meta: !!omap
#   - {ucd: ERROR}
#   - {width: 6}
#   - {precision: '3'}
#   - values: {'null': .nan}
# - name: e_pmDE
[...]
#         unit: &id001 !astropy.units.Unit {unit: deg}
#         value: !astropy.table.SerializedColumn {name: SkyCoord.dec}
#       distance: !astropy.table.SerializedColumn
#         __class__: astropy.coordinates.distances.Distance
#         unit: !astropy.units.Unit {unit: pc}
#         value: !astropy.table.SerializedColumn {name: SkyCoord.distance}
#       frame: icrs
#       obstime: !astropy.time.Time {format: jyear_str, in_subfmt: '*', jd1: 367701545.0, jd2: 0.0, out_subfmt: '*', precision: 3, scale: tt}
#       pm_dec: !astropy.table.SerializedColumn
#         __class__: astropy.units.quantity.Quantity
#         unit: !astropy.units.Unit {unit: mas / yr}
#         value: !astropy.table.SerializedColumn {name: SkyCoord.pm_dec}
#       pm_ra_cosdec: !astropy.table.SerializedColumn
#         __class__: astropy.units.quantity.Quantity
#         unit: !astropy.units.Unit {unit: mas / yr}
#         value: !astropy.table.SerializedColumn {name: SkyCoord.pm_ra_cosdec}
#       ra: !astropy.table.SerializedColumn
#         __class__: astropy.coordinates.angles.Longitude
#         unit: *id001
#         value: !astropy.table.SerializedColumn {name: SkyCoord.ra}
#         wrap_angle: !astropy.coordinates.Angle
#           unit: *id001
#           value: 360.0
#       representation_type: spherical
# schema: astropy-2.0
RA_ICRS_1 DE_ICRS_1 e_RA_ICRS e_DE_ICRS _r_1 HIP TYC2 Source rgeo Plx e_Plx pmRA pmDE e_pmRA e_pmDE RUWE Teff logg Gmag BP-RP BPmag RPmag RV e_RV b_rgeo B_rgeo FG e_FG FBP e_FBP FRP e_FRP RAVE5 RAVE6 e_Gmag e_BPmag e_RPmag e_BP-RP SkyCoord.ra SkyCoord.dec SkyCoord.distance SkyCoord.pm_ra_cosdec SkyCoord.pm_dec Pmemb
26.59908194598 61.25825398816 0.0086 0.0112 2.6587 8260 4032-2615-1 511264699246655488 2578.48438 0.3588 0.0162 -1.124 -0.345 0.011 0.013 0.859 "" "" 8.284625 0.95794 8.662474 7.704534 "" "" 2483.70312 2672.59424 9143169.38792 3267.7 4682000.0 5032.9 6566700.0 7103.6 "" "" 0.0027825096096828475 0.003024432 0.0039576753 0.0069821076 26.59908194598 61.25825398816 2578.48438 -1.124 -0.34499999999999986 1.0
26.4838057207 61.23480699684 0.0077 0.0098 2.7889 "" 4032-1601-1 511264424368755584 2640.33838 0.3521 0.0141 -1.105 -0.372 0.01 0.011 0.978 "" "" 8.631494 1.224605 9.147587 7.922982 "" "" 2544.50562 2734.25708 6642774.48938 2498.5 2994900.0 3112.6 5369900.0 5542.2 "" "" 0.0027854184046740443 0.003009709 0.0039420063 0.0069517153 26.4838057207 61.23480699684 2640.33838 -1.1049999999999998 -0.37199999999999983 1.0
26.64388865436 61.26249704267 0.0067 0.0085 3.4816 "" 4032-3013-1 511217828255340672 2661.67578 0.3488 0.0135 -1.164 -0.318 0.009 0.01 0.926 6425.5 1.8248 9.095495 0.854005 9.425429 8.571424 "" "" 2568.69824 2769.02368 4332601.63894 1033.1 2318700.0 1427.6 2955200.0 2082.0 "" "" 0.002767456275852275 0.0028691303 0.0038560128 0.006725143 26.64388865436 61.26249704267 2661.67578 -1.164 -0.31799999999999995 1.0
26.3251059759 61.11568733267 0.0086 0.0103 9.3381 "" 4032-1619-1 511239410478024192 2715.69897 0.3492 0.0169 -1.133 -0.096 0.012 0.012 1.084 "" "" 9.999481 0.697148 10.252793 9.555645 "" "" 2587.72168 2884.51587 1884319.11619 2545.0 1082200.0 3157.6 1193700.0 6914.7 "" "" 0.0031212448838004677 0.004221463 0.00733751 0.011558973 26.3251059759 61.11568733267 2715.69897 -1.133 -0.096 0.9
26.61275326249 61.16719743284 0.0067 0.0083 3.1506 "" 4032-2171-1 511216904848319104 2663.08325 0.3528 0.0125 -1.128 -0.382 0.009 0.01 0.86 "" "" 10.068186 0.825976 10.385136 9.559159 "" "" 2576.01929 2748.31714 1768774.6312 305.45 957990.0 393.67 1189900.0 257.61 "" "" 0.002761692261070528 0.0028256169 0.0037866845 0.0066123013 26.61275326249 61.16719743284 2663.08325 -1.1280000000000001 -0.38199999999999995 1.0
26.61528884213 61.20706563443 0.0071 0.0093 1.358 "" 4032-1965-1 511217282805392640 2728.08105 0.3417 0.0144 -1.192 -0.348 0.01 0.012 0.946 "" "" 10.265814 0.989051 10.652657 9.663606 "" "" 2641.57642 2834.30762 1474419.80355 3914.1 748780.0 5217.0 1080700.0 9666.9 "" "" 0.003987390902810337 0.008062849 0.010421406 0.018484253 26.61528884213 61.20706563443 2728.08105 -1.1919999999999997 -0.348 1.0
26.55304552566 61.13011402347 0.0069 0.0084 5.1763 "" 4032-1661-1 511193471505349504 2804.6897 0.337 0.0132 -1.247 -0.428 0.009 0.01 0.957 "" "" 10.819079 0.66612 11.065024 10.398905 "" "" 2691.47803 2908.60864 885758.10719 159.55 512160.0 209.95 549030.0 158.47 "" "" 0.002762252285194887 0.0028254453 0.0037923523 0.0066177975 26.55304552566 61.13011402347 2804.6897 -1.247 -0.42799999999999994 0.9
26.52638858029 61.27525389124 0.0103 0.0129 3.797 "" 4032-1925-1 511264939764819328 2627.74414 0.343 0.0188 -1.169 -0.352 0.014 0.016 1.164 "" "" 11.196545 0.985385 11.59505 10.609665 "" "" 2509.39453 2752.65161 625646.55641 173.27 314340.0 178.84 452160.0 175.32 "" "" 0.002771678864390302 0.0028577303 0.003802756 0.0066604866 26.52638858029 61.27525389124 2627.74414 -1.169 -0.35199999999999987 0.8
26.52554698953 61.22755512957 0.0098 0.0124 1.5136 "" 4032-3101-1 511264218210327424 2591.02759 0.3464 0.0187 -1.331 -0.387 0.013 0.015 1.14 32440.8 4.0721 11.203627 1.130292 11.658521 10.528229 "" "" 2494.83325 2711.25708 621578.92071 1462.4 296490.0 2139.4 487380.0 4173.6 "" "" 0.003757247474136637 0.00831643 0.010036321 0.01835275 26.52554698953 61.22755512957 2591.02759 -1.3310000000000002 -0.38700000000000007 0.8
26.6987853126 61.33582135479 0.0196 0.0235 8.0706 "" 4032-1383-1 511219962864843904 2373.39624 0.3981 0.036 -1.197 -0.375 0.027 0.028 2.395 13644.9 3.6138 11.240809 1.089825 11.697434 10.60761 "" "" 2160.38428 2540.93213 600652.22727 218.41 286050.0 123.9 453020.0 88.346 "" "" 0.0027834607944504557 0.0028295245 0.0037853082 0.0066148327 26.6987853126 61.33582135479 2373.39624 -1.1970000000000003 -0.3749999999999999 0.9
27.21530187965 61.08317695206 0.0122 0.0151 20.255 "" 4032-2577-1 511201168088214016 2521.4812 0.3597 0.0232 -1.196 -0.445 0.017 0.018 1.382 "" "" 11.423642 0.867327 11.76433 10.897003 "" "" 2332.56079 2732.88086 507562.75362 159.54 268960.0 115.78 347020.0 80.986 "" "" 0.0027763749460234023 0.0028290444 0.0037878663 0.006616911 27.21530187965 61.08317695206 2521.4812 -1.196 -0.44499999999999995 0.9
26.58168051205 61.26357742273 0.0122 0.0157 2.8742 "" "" 511264694938474368 2613.26489 0.3423 0.0229 -1.212 -0.342 0.017 0.019 1.225 "" "" 11.470115 0.845053 11.797901 10.952848 "" "" 2440.82666 2782.79077 486296.00263 397.12 260770.0 411.84 329620.0 553.06 "" "" 0.002894462436631618 0.0032749565 0.004195523 0.0074704792 26.58168051205 61.26357742273 2613.26489 -1.212 -0.34199999999999986 0.9
26.65281689532 61.19273950788 0.0108 0.0131 2.7174 "" 4032-2359-1 511217007927502592 2815.521 0.3081 0.0198 -1.206 -0.433 0.015 0.016 1.091 15138.4 3.3704 11.528486 0.755231 11.816092 11.060862 "" "" 2680.66748 2949.79834 460842.14297 107.86 256440.0 108.9 298410.0 81.008 "" "" 0.00276701364372611 0.0028280087 0.0037908573 0.0066188658 26.65281689532 61.19273950788 2815.521 -1.206 -0.43299999999999994 0.9
26.48375113137 61.21257766098 0.0097 0.012 2.558 "" 4032-2367-1 511240922306718208 2759.78735 0.3183 0.0172 -1.127 -0.414 0.013 0.014 1.021 37456.6 4.1796 11.605554 1.09038 12.040008 10.949628 "" "" 2620.87329 2874.51929 429264.64884 1216.2 208650.0 1350.9 330600.0 2967.9 "" "" 0.004129690378213003 0.007563067 0.010454072 0.01801714 26.48375113137 61.21257766098 2759.78735 -1.1269999999999998 -0.41399999999999987 0.9
26.51005667791 61.22065060281 0.0095 0.0118 1.8125 "" "" 511264218210331008 2526.30713 0.3514 0.0162 -1.308 -0.339 0.013 0.014 1.128 6638.9 2.7034 11.754512 0.907891 12.114368 11.206476 "" "" 2446.55029 2611.51221 374233.00773 69.964 194840.0 77.669 260960.0 65.492 "" "" 0.0027627868108965163 0.0028235384 0.0037891916 0.00661273 26.51005667791 61.22065060281 2526.30713 -1.3080000000000003 -0.3390000000000001 1.0
26.40758190922 61.13307855858 0.0076 0.0093 6.8791 "" "" 511240200752235136 2752.03833 0.3303 0.0143 -1.261 -0.366 0.011 0.011 1.162 23115.9 3.9498 11.988814 0.893858 12.302629 11.408771 "" "" 2660.60815 2874.44604 301592.72512 782.42 163820.0 496.71 216600.0 1545.0 "" "" 0.003940265158257952 0.0043153604 0.008617498 0.012932858 26.40758190922 61.13307855858 2752.03833 -1.2610000000000001 -0.36600000000000016 0.8
26.68934812211 61.19981504911 0.0083 0.0101 3.5253 "" 4032-2479-1 511217385884614528 2583.55737 0.3561 0.0158 -1.245 -0.419 0.012 0.013 1.178 "" "" 12.003923 0.765484 12.297113 11.53163 "" "" 2487.63745 2725.04688 297424.97682 61.88 164650.0 73.262 193420.0 61.538 "" "" 0.0027645642946676134 0.0028316847 0.0037951353 0.00662682 26.68934812211 61.19981504911 2583.55737 -1.245 -0.41899999999999976 0.8
26.76561299193 61.292233992 0.0071 0.0089 7.2238 "" "" 511219584907760896 2647.8418 0.3499 0.0138 -1.181 -0.414 0.01 0.011 1.15 31294.8 4.1745 12.027339 1.074252 12.465455 11.391203 "" "" 2554.02808 2741.93433 291079.22172 334.89 141010.0 434.42 220130.0 917.61 "" "" 0.0030252553977259326 0.0043558534 0.005896383 0.010252236 26.76561299193 61.292233992 2647.8418 -1.181 -0.4139999999999999 0.9
26.62601102496 61.21657593787 0.0075 0.0091 1.5604 "" "" 511217656456656000 2482.53882 0.3774 0.0139 -1.198 -0.328 0.01 0.011 1.132 "" "" 12.094787 0.844119 12.42448 11.580361 "" "" 2388.81348 2575.64258 273546.97016 83.787 146430.0 105.37 184930.0 103.71 "" "" 0.002775317112229892 0.002897492 0.003828116 0.006725608 26.62601102496 61.21657593787 2482.53882 -1.198 -0.328 0.9
26.61025105296 61.24439775175 0.006 0.0077 2.0354 "" "" 511217763841681536 2730.3584 0.3491 0.0117 -1.243 -0.356 0.008 0.009 0.924 14860.6 3.6959 12.219182 0.78935 12.524019 11.73467 "" "" 2638.06567 2818.48999 243934.81113 38.458 133600.0 64.338 160430.0 51.649 "" "" 0.0027606321493923607 0.0028387376 0.0037955116 0.0066342494 26.61025105296 61.24439775175 2730.3584 -1.2430000000000003 -0.3560000000000001 0.9
26.41506368313 61.21642118493 0.0061 0.0078 4.5346 "" 4032-1659-1 511241712580840448 2481.66455 0.3868 0.0112 -1.176 -0.367 0.008 0.009 0.912 19179.6 3.5952 12.236114 1.029687 12.654522 11.624835 "" "" 2424.05298 2560.08789 240160.29665 166.28 118470.0 233.64 177510.0 436.65 "" "" 0.0028560270632132295 0.0035170882 0.004627817 0.008144905 26.41506368313 61.21642118493 2481.66455 -1.1760000000000002 -0.367 1.0
26.66572738724 61.16440472304 0.0058 0.0072 4.1095 "" "" 511216213347654144 2667.20215 0.3577 0.011 -1.216 -0.413 0.008 0.009 0.903 14399.5 3.4873 12.274959 0.809767 12.589986 11.780219 "" "" 2590.21509 2745.55688 231719.78272 100.35 125730.0 167.5 153840.0 209.86 "" "" 0.0027951517492399644 0.0031428067 0.004059235 0.007202042 26.66572738724 61.16440472304 2667.20215 -1.216 -0.4130000000000002 0.9
26.00670186655 61.35910931993 0.0059 0.0074 18.4218 "" "" 511257960429747200 2463.72046 0.3863 0.0109 -1.175 -0.308 0.008 0.009 0.888 "" "" 12.309665 0.767929 12.606615 11.838686 "" "" 2397.70435 2533.82397 224429.98624 34.276 123810.0 71.145 145780.0 51.094 "" "" 0.0027603052829860593 0.0028590725 0.003798491 0.0066575636 26.00670186655 61.35910931993 2463.72046 -1.1749999999999998 -0.30799999999999994 0.9
26.53449648199 61.20412028091 0.0068 0.0082 1.2942 "" "" 511264115131117952 2572.14282 0.3709 0.0124 -1.14 -0.252 0.009 0.01 0.97 14876.2 3.4709 12.405947 0.827893 12.730233 11.90234 "" "" 2481.69287 2678.12183 205384.65 30.778 110490.0 55.198 137470.0 45.015 "" "" 0.0027601198903935273 0.0028424026 0.0037960673 0.00663847 26.53449648199 61.20412028091 2572.14282 -1.1399999999999997 -0.252 0.8
26.94116978301 61.32412513831 0.0052 0.0066 12.4707 "" 4032-1895-1 511224704508742400 2698.4917 0.3526 0.0103 -1.282 -0.436 0.007 0.008 0.876 6155.0 2.7759 12.499809 0.862905 12.841169 11.978264 "" "" 2623.25269 2774.00073 188374.95962 23.733 99758.0 41.908 128190.0 30.201 "" "" 0.0027587136239386805 0.002827205 0.0037880281 0.006615233 26.94116978301 61.32412513831 2698.4917 -1.2819999999999998 -0.43599999999999983 1.0
26.40569049768 61.1964380574 0.0061 0.0074 4.9466 "" "" 511240819227509120 2667.38599 0.3548 0.0112 -1.253 -0.397 0.008 0.009 0.879 6569.5 2.7408 12.560887 0.97434 12.955675 11.981335 "" "" 2589.67798 2741.43262 178070.42414 60.278 89773.0 98.989 127830.0 118.12 "" "" 0.002779724233253274 0.00303617 0.003910277 0.0069464473 26.40569049768 61.1964380574 2667.38599 -1.2529999999999997 -0.3969999999999999 0.9
26.66477452984 61.10983520258 0.0059 0.0074 6.9068 "" "" 511192509432679808 2501.23999 0.3786 0.0112 -1.152 -0.307 0.008 0.009 0.869 "" "" 12.615051 0.803699 12.928454 12.124756 "" "" 2438.81226 2573.42871 169404.99148 44.591 92052.0 76.219 112010.0 92.877 "" "" 0.002770101924954941 0.002931421 0.0038851285 0.006816549 26.66477452984 61.10983520258 2501.23999 -1.1519999999999997 -0.30699999999999994 0.9
26.60983838589 61.23273160023 0.006 0.0076 1.4877 "" "" 511217729481958400 2586.49756 0.3683 0.0117 -1.266 -0.225 0.008 0.009 0.845 "" "" 12.654808 0.898206 13.013273 12.115068 -50.42 39.99 2523.32495 2659.82056 163314.08532 44.189 85135.0 77.066 113010.0 84.925 "" "" 0.002770937232156671 0.0029582097 0.0038664504 0.00682466 26.60983838589 61.23273160023 2586.49756 -1.2659999999999998 -0.22500000000000006 0.9
26.45607779465 61.17274871851 0.006 0.0072 4.2354 "" "" 511240540042417408 2722.23755 0.3474 0.0107 -1.111 -0.311 0.008 0.009 0.882 5858.6 2.6871 12.678311 0.852067 13.014663 12.162596 "" "" 2638.3291 2802.7666 159816.74756 23.495 85026.0 40.385 108170.0 39.589 "" "" 0.0027599396365304593 0.0028374265 0.0038002143 0.0066376408 26.45607779465 61.17274871851 2722.23755 -1.1109999999999998 -0.31099999999999994 0.8
26.55762183237 61.19362681509 0.0062 0.0076 1.3996 "" "" 511217179726196352 2569.84473 0.3675 0.0113 -1.157 -0.418 0.008 0.009 0.877 "" "" 12.687678 0.757397 12.980376 12.22298 "" "" 2495.04395 2639.96313 158443.9039 25.623 87754.0 46.201 102320.0 37.744 "" "" 0.002760908956095978 0.002848122 0.003800544 0.006648666 26.55762183237 61.19362681509 2569.84473 -1.1569999999999998 -0.418 0.8
26.60093664193 61.23384006836 0.0061 0.0075 1.3625 "" "" 511217725176130048 2655.94043 0.3595 0.0114 -1.175 -0.325 0.008 0.009 0.887 "" "" 12.693455 0.903444 13.054478 12.151033 12.88 36.88 2581.31958 2732.55933 157603.06908 20.386 81965.0 36.43 109330.0 26.999 "" "" 0.00275889703942371 0.0028315925 0.0037888805 0.006620473 26.60093664193 61.23384006836 2655.94043 -1.1749999999999998 -0.32500000000000007 1.0
26.81344378138 61.36990205484 0.0059 0.0074 11.5668 "" "" 511225769660601856 2765.03198 0.3413 0.0112 -1.206 -0.336 0.008 0.009 0.887 "" "" 12.70343 0.870327 13.048474 12.178147 "" "" 2687.48975 2871.46875 156161.77421 21.309 82419.0 30.657 106630.0 31.508 "" "" 0.0027593004434628447 0.002819246 0.0037929744 0.0066122203 26.81344378138 61.36990205484 2765.03198 -1.206 -0.33599999999999997 0.9
26.54046609279 61.20595802031 0.0067 0.0081 1.0895 "" "" 511264149490855808 2654.2522 0.3544 0.0117 -1.247 -0.292 0.009 0.01 0.969 15237.6 3.7627 12.711766 0.784821 13.015941 12.23112 "" "" 2550.20557 2751.61011 154967.29865 80.525 84926.0 127.28 101560.0 191.53 "" "" 0.0028124872508056096 0.0032299943 0.0042984025 0.007528397 26.54046609279 61.20595802031 2654.2522 -1.247 -0.29200000000000015 0.9
26.64035217301 61.27991596776 0.0073 0.0089 4.3177 "" "" 511219378749345152 2799.05859 0.3371 0.0134 -1.257 -0.331 0.01 0.011 0.963 13573.9 3.8469 12.857984 0.890898 13.212992 12.322094 "" "" 2707.10815 2917.26147 135441.98799 21.642 70830.0 47.509 93394.0 29.1 "" "" 0.002760776583042341 0.0028836438 0.0037944925 0.006678136 26.64035217301 61.27991596776 2799.05859 -1.2570000000000001 -0.33099999999999974 0.9
26.67726147994 61.16442720483 0.0068 0.0085 4.3357 "" "" 511216217653553664 2766.73706 0.3346 0.0131 -1.082 -0.152 0.009 0.01 0.983 6354.0 3.221 13.021163 0.881421 13.370325 12.488904 "" "" 2663.08813 2871.57617 116541.7283 19.543 61276.0 28.394 80093.0 28.023 "" "" 0.0027613290687915 0.0028351657 0.0037984252 0.006633591 26.67726147994 61.16442720483 2766.73706 -1.082 -0.15200000000000002 0.8
26.20540439482 61.24340534459 0.0068 0.0082 10.7149 "" "" 511244633158103168 2784.85571 0.3298 0.0125 -1.104 -0.296 0.009 0.01 1.013 "" "" 13.026296 0.734097 13.3066 12.572503 "" "" 2701.06519 2876.7666 115992.12597 22.178 64980.0 39.388 74158.0 23.205 "" "" 0.0027631296282432734 0.0028667364 0.0037946214 0.006661358 26.20540439482 61.24340534459 2784.85571 -1.104 -0.296 0.9
26.84600289008 61.19547016744 0.0063 0.0079 8.0125 "" "" 511214980702927872 2697.81348 0.3355 0.012 -1.125 -0.336 0.008 0.01 0.939 "" "" 13.116403 0.830384 13.439757 12.609373 "" "" 2624.57349 2785.77417 106754.39324 15.621 57480.0 27.492 71682.0 25.576 "" "" 0.0027598966865727027 0.002838083 0.0037991838 0.006637267 26.84600289008 61.19547016744 2697.81348 -1.125 -0.3359999999999999 1.0
26.57864914142 61.16689127907 0.0065 0.008 2.9468 "" "" 511193643304032256 2773.94922 0.3302 0.012 -1.105 -0.37 0.009 0.01 0.925 "" "" 13.174022 0.928659 13.545052 12.616392 "" "" 2692.06567 2854.92188 101236.72845 14.349 52167.0 19.508 71220.0 27.626 "" "" 0.0027596143313370555 0.002819556 0.003802775 0.006622331 26.57864914142 61.16689127907 2773.94922 -1.105 -0.37 0.8
26.47187204846 61.19940057265 0.0072 0.0086 3.0587 "" "" 511240887946984320 2597.88159 0.3531 0.0127 -1.059 -0.353 0.009 0.01 0.983 "" "" 13.189806 0.862559 13.528249 12.665689 "" "" 2502.03491 2681.53394 99775.631 14.59 52981.0 24.954 68059.0 24.783 "" "" 0.002759890535977755 0.0028366456 0.0038000047 0.0066366503 26.47187204846 61.19940057265 2597.88159 -1.059 -0.353 1.0
