Clusters/NGC_663/NGC_663_members.tsv
# %ECSV 1.0
# ---
# datatype:
# - name: RA_ICRS_1
#   unit: deg
#   datatype: float64
#   format: '{:15.11f}'
#   description: Right ascension (ICRS) at Ep=2016.0 (ra)
#   meta: !!omap
#   - {ucd: POS_EQ_RA_MAIN}
#   - {width: 15}
#   - {precision: '11'}
# - name: DE_ICRS_1
#   unit: deg
#   datatype: float64
#   format: '{:15.11f}'
#   description: Declination (ICRS) at Ep=2016.0 (dec)
#   meta: !!omap
#   - {ucd: POS_EQ_DEC_MAIN}
#   - {width: 15}
#   - {precision: '11'}
# - name: e_RA_ICRS
#   unit: mas
#   datatype: float64
#   format: '{:7.4f}'
#   description: Standard error of right ascension (ra_error)
#   meta: !!omap
#   - {ucd: ERROR}
#   - {width: 7}
#   - {precision: '4'}
# - name: e_DE_ICRS
#   unit: mas
#   datatype: float64
#   format: '{:7.4f}'
#   description: Standard error of declination (dec_error)
#   meta: !!omap
#   - {ucd: ERROR}
#   - {width: 7}
#   - {precision: '4'}
# - name: _r_1
#   unit: ''
#   datatype: float64
#   format: '{:7.4f}'
#   description: Distance from center (026.57201742000+61.21589979000)[ICRS], at Epoch=J2016.0
#   meta: !!omap
#   - {ucd: POS_ANG_DIST_GENERAL}
#   - {width: 7}
#   - {precision: '4'}
# - name: HIP
#   datatype: int32
#   description: '? HIP cross-id number, van Leeuwen, Cat. I/311 (hip_original_ext_source_id)'
#   meta: !!omap
#   - {ucd: ID_NUMBER}
#   - {width: 6}
#   - values: {'null': -2147483648}
# - name: TYC2
#   datatype: string
#   description: Tycho-2 cross-id name, Hog et al., Cat. I/259 (tyc2_original_ext_source_id)
#   meta: !!omap
#   - {ucd: ID_CROSSID}
#   - {_votable_string_dtype: char}
# - name: Source
#   datatype: int64
#   description: Source identifier, identical to the Gaia-EDR3 source_id (id)
#   meta: !!omap
#   - {ucd: ID_MAIN}
#   - {width: 19}
# - name: rgeo
#   unit: pc
#   datatype: float64
#   format: '{:15.8f}'
#   description: '? Median of the geometric distance posterior (r_med_geo)'
#   meta: !!omap
#   - {ucd: PHYS_DISTANCE_TRUE}
#   - {width: 15}
#   - {precision: '8'}
#   - values: {'null': .nan}
# - name: Plx
#   unit: mas
#   datatype: float64
#   format: '{:9.4f}'
#   description: '? Parallax (parallax)'
#   meta: !!omap
#   - {ucd: POS_PARLX_TRIG}
#   - {width: 9}
#   - {precision: '4'}
#   - values: {'null': .nan}
# - name: e_Plx
#   unit: mas
#   datatype: float32
#   format: '{:7.4f}'
#   description: '? Standard error of parallax (parallax_error)'
#   meta: !!omap
#   - {ucd: ERROR}
#   - {width: 7}
#   - {precision: '4'}
#   - values: {'null': .nan}
# - name: pmRA
#   unit: mas / yr
#   datatype: float64
#   format: '{:9.3f}'
#   description: '? Proper motion in right ascension direction, pmRA*cosDE (pmra)'
#   meta: !!omap
#   - {ucd: POS_EQ_PMRA}
#   - {width: 9}
#   - {precision: '3'}
#   - values: {'null': .nan}
# - name: pmDE
#   unit: mas / yr
#   datatype: float64
#   format: '{:9.3f}'
#   description: '? Proper motion in declination direction (pmdec)'
#   meta: !!omap
#   - {ucd: POS_EQ_PMDEC}
#   - {width: 9}
#   - {precision: '3'}
#   - values: {'null': .nan}
# - name: e_pmRA
#   unit: mas / yr
#   datatype: float32
#   format: '{:6.3f}'
#   description: '? Standard error of proper motion in right ascension direction (pmra_error)'
#   meta: !!omap
#   - {ucd: ERROR}
#   - {width: 6}
#   - {precision: '3'}
#   - values: {'null': .nan}
# - name: e_pmDE
[...]
#         unit: &id001 !astropy.units.Unit {unit: deg}
#         value: !astropy.table.SerializedColumn {name: SkyCoord.dec}
#       distance: !astropy.table.SerializedColumn
#         __class__: astropy.coordinates.distances.Distance
#         unit: !astropy.units.Unit {unit: pc}
#         value: !astropy.table.SerializedColumn {name: SkyCoord.distance}
#       frame: icrs
#       obstime: !astropy.time.Time {format: jyear_str, in_subfmt: '*', jd1: 367701545.0, jd2: 0.0, out_subfmt: '*', precision: 3, scale: tt}
#       pm_dec: !astropy.table.SerializedColumn
#         __class__: astropy.units.quantity.Quantity
#         unit: !astropy.units.Unit {unit: mas / yr}
#         value: !astropy.table.SerializedColumn {name: SkyCoord.pm_dec}
#       pm_ra_cosdec: !astropy.table.SerializedColumn
#         __class__: astropy.units.quantity.Quantity
#         unit: !astropy.units.Unit {unit: mas / yr}
#         value: !astropy.table.SerializedColumn {name: SkyCoord.pm_ra_cosdec}
#       ra: !astropy.table.SerializedColumn
#         __class__: astropy.coordinates.angles.Longitude
#         unit: *id001
#         value: !astropy.table.SerializedColumn {name: SkyCoord.ra}
#         wrap_angle: !astropy.coordinates.Angle
#           unit: *id001
#           value: 360.0
#       representation_type: spherical
# schema: astropy-2.0
RA_ICRS_1 DE_ICRS_1 e_RA_ICRS e_DE_ICRS _r_1 HIP TYC2 Source rgeo Plx e_Plx pmRA pmDE e_pmRA e_pmDE RUWE Teff logg Gmag BP-RP BPmag RPmag RV e_RV b_rgeo B_rgeo FG e_FG FBP e_FBP FRP e_FRP RAVE5 RAVE6 e_Gmag e_BPmag e_RPmag e_BP-RP SkyCoord.ra SkyCoord.dec SkyCoord.distance SkyCoord.pm_ra_cosdec SkyCoord.pm_dec Pmemb
[from data line 40]
26.62369580543 61.20082538783 0.0068 0.0082 1.7459 "" "" 511217076646970240 2665.72461 0.3444 0.0128 -1.141 -0.363 0.009 0.01 0.964 12164.2 3.5868 13.202457 0.883786 13.5516 12.667813 "" "" 2546.36401 2743.73242 98619.74579 12.486 51853.0 27.3 67926.0 23.861 "" "" 0.002758747052641038 0.0028481232 0.0037985775 0.0066467007 26.62369580543 61.20082538783 2665.72461 -1.141 -0.363 1.0
26.49761447649 61.18064690376 0.0071 0.0084 3.0166 "" "" 511240613069083392 2677.7832 0.3411 0.0119 -1.133 -0.266 0.009 0.011 0.991 "" "" 13.205823 0.809449 13.519713 12.710264 "" "" 2591.34595 2778.09497 98314.50217 23.936 53399.0 34.326 65321.0 37.59 "" "" 0.002767971020396057 0.0028761362 0.0038306797 0.006706816 26.49761447649 61.18064690376 2677.7832 -1.1330000000000002 -0.26599999999999996 1.0
26.64526572933 61.10770094847 0.0068 0.0083 6.8293 "" "" 511192509432680320 2640.09961 0.3472 0.0125 -1.112 -0.273 0.009 0.01 0.985 13230.4 3.6922 13.208685 0.892025 13.560299 12.668274 "" "" 2561.57153 2753.74146 98055.66641 47.278 51440.0 79.052 67897.0 65.726 "" "" 0.0028046094351815384 0.0032510103 0.0039228015 0.007173812 26.64526572933 61.10770094847 2640.09961 -1.112 -0.2729999999999999 0.9
26.39984844363 61.15185595469 0.0065 0.008 6.2895 "" "" 511240235111968768 2726.38867 0.3341 0.0122 -1.072 -0.273 0.009 0.009 0.938 13239.8 3.7988 13.253046 0.789931 13.557628 12.767696 "" "" 2641.73535 2812.45654 94130.052 20.039 51566.0 32.83 61955.0 37.073 "" "" 0.0027649980741976357 0.0028745204 0.0038348173 0.0067093377 26.39984844363 61.15185595469 2726.38867 -1.072 -0.2730000000000001 0.9
26.7483268577 61.20820039397 0.0092 0.0111 5.1152 "" "" 511216698689833600 2555.77759 0.3579 0.0178 -1.143 -0.305 0.013 0.014 1.368 6511.6 3.0857 13.265606 0.951239 13.6429 12.691662 "" "" 2467.45508 2658.19189 93047.46605 16.364 47671.0 28.759 66450.0 28.684 "" "" 0.0027619285934521896 0.0028660211 0.0038083305 0.0066743516 26.7483268577 61.20820039397 2555.77759 -1.1429999999999998 -0.305 0.9
26.44952746037 61.27331619588 0.0069 0.0084 4.9364 "" "" 511265347773502592 2439.50708 0.3762 0.0129 -1.028 -0.298 0.01 0.01 1.054 16765.2 4.1207 13.307507 1.097577 13.753977 12.6564 "" "" 2371.80566 2508.24341 89524.86035 118.39 43035.0 104.69 68643.0 482.95 "" "" 0.003106980400638071 0.0038420297 0.008522696 0.012364726 26.44952746037 61.27331619588 2439.50708 -1.028 -0.29800000000000004 0.8
26.4662034514 61.13680935189 0.0069 0.0082 5.6469 "" "" 511240063313280512 2662.74146 0.3467 0.0123 -1.144 -0.336 0.009 0.01 0.941 15069.8 3.82 13.30864 0.738719 13.589947 12.851228 "" "" 2570.53638 2744.56299 89431.61814 16.369 50054.0 28.582 57368.0 28.371 "" "" 0.002762477429670746 0.0028582204 0.0038173336 0.006675554 26.4662034514 61.13680935189 2662.74146 -1.144 -0.3359999999999999 1.0
26.35619508752 61.15640040835 0.0065 0.0078 7.19 "" "" 511241025385674752 2581.46826 0.3559 0.0121 -1.114 -0.3 0.008 0.009 0.995 "" "" 13.315337 0.858908 13.654282 12.795374 "" "" 2504.77197 2664.91064 88881.57269 15.576 47174.0 32.621 60396.0 29.311 "" "" 0.0027618819266001494 0.0028894178 0.0038159369 0.006705355 26.35619508752 61.15640040835 2581.46826 -1.114 -0.3 1.0
25.93122491137 61.28156324735 0.0066 0.0081 18.9085 "" "" 511256212389901696 2573.52588 0.3593 0.0124 -1.198 -0.271 0.009 0.01 0.952 12185.0 3.9636 13.344769 0.716847 13.617649 12.900802 "" "" 2501.55347 2678.31543 86504.59921 25.444 48793.0 46.405 54807.0 46.106 "" "" 0.0027737655823285912 0.0029751149 0.003888183 0.006863298 25.93122491137 61.28156324735 2573.52588 -1.198 -0.27100000000000013 0.8
26.32663124295 61.35327178333 0.0071 0.0086 10.8616 "" "" 511268753695639296 2555.63989 0.36 0.0127 -1.145 -0.382 0.009 0.01 0.903 12313.4 3.8231 13.357677 0.948127 13.738235 12.790108 "" "" 2480.08765 2620.39624 85482.17962 11.22 43664.0 21.502 60690.0 20.049 "" "" 0.0027590031086413384 0.002840935 0.0037963632 0.0066372985 26.32663124295 61.35327178333 2555.63989 -1.1450000000000002 -0.382 0.8
26.47551313485 61.2410945794 0.007 0.0087 3.1705 "" "" 511264493088231040 2696.14673 0.3382 0.013 -1.113 -0.32 0.01 0.01 1.105 13775.3 3.6611 13.361839 1.170289 13.855723 12.685434 "" "" 2608.20972 2784.07568 85155.18083 16.508 39186.0 36.01 66832.0 42.097 "" "" 0.0027633477144692986 0.0029631958 0.0038407608 0.006803957 26.47551313485 61.2410945794 2696.14673 -1.113 -0.3199999999999999 1.0
26.59681497121 61.21588327485 0.0072 0.0092 0.7164 "" "" 511217351524857856 2639.80762 0.3495 0.0136 -1.12 -0.32 0.01 0.012 0.967 14035.9 3.8275 13.447624 0.88853 13.798958 12.910428 "" "" 2562.08105 2737.302 78685.94206 11.339 41289.0 22.696 54323.0 18.807 "" "" 0.002759758861760916 0.002853285 0.0037980285 0.0066513135 26.59681497121 61.21588327485 2639.80762 -1.1199999999999999 -0.3199999999999999 0.9
26.53439275782 61.19469378829 0.007 0.0089 1.6737 "" "" 511264115131118464 2561.21118 0.3582 0.013 -1.128 -0.176 0.009 0.011 0.974 "" "" 13.456847 0.840472 13.785614 12.945142 "" "" 2471.52246 2645.77661 78020.35614 12.456 41800.0 26.238 52614.0 20.615 "" "" 0.0027607672179373374 0.0028721974 0.0038032485 0.006675446 26.53439275782 61.19469378829 2561.21118 -1.1279999999999997 -0.17600000000000002 0.9
26.59895424535 61.26795217002 0.0076 0.0094 3.2185 "" "" 511264798020735616 2759.55225 0.3295 0.0135 -1.188 -0.337 0.011 0.012 0.936 13137.9 3.8495 13.470116 0.903691 13.828738 12.925047 "" "" 2680.34692 2856.55615 77072.67236 13.384 40172.0 26.609 53597.0 20.801 "" "" 0.00276176352471304 0.0028813623 0.0038027994 0.0066841617 26.59895424535 61.26795217002 2759.55225 -1.1880000000000002 -0.3370000000000001 0.8
26.04740060613 61.22180639267 0.0072 0.0089 15.1592 "" "" 511244049042581120 2784.45142 0.3263 0.0134 -1.176 -0.158 0.01 0.011 0.979 11828.9 3.7804 13.539083 0.68764 13.79922 13.11158 "" "" 2699.51611 2898.625 72329.23637 11.851 41279.0 19.789 45136.0 19.16 "" "" 0.0027610570942694364 0.0028383033 0.0038073806 0.006645684 26.04740060613 61.22180639267 2784.45142 -1.1760000000000002 -0.1579999999999998 0.9
26.49041768479 61.15384825248 0.0076 0.0091 4.4079 "" "" 511240475630136448 2737.60254 0.3353 0.0138 -1.148 -0.334 0.01 0.011 0.998 "" "" 13.57739 0.821082 13.896985 13.075903 "" "" 2651.70923 2833.23267 69821.78129 13.351 37724.0 20.717 46644.0 18.522 "" "" 0.0027631306701523975 0.0028531684 0.0038038937 0.006657062 26.49041768479 61.15384825248 2737.60254 -1.148 -0.3339999999999999 0.9
26.55034066382 61.11423598142 0.0072 0.0088 6.132 "" "" 511192887389801600 2769.34741 0.3306 0.0137 -1.074 -0.401 0.01 0.011 1.002 11973.0 3.8558 13.62918 0.705045 13.896911 13.191866 "" "" 2681.86987 2877.65454 66569.40504 10.955 37727.0 17.172 41919.0 15.811 "" "" 0.002761107367889006 0.002833597 0.003801504 0.0066351006 26.55034066382 61.11423598142 2769.34741 -1.074 -0.40099999999999986 0.9
26.52556179431 61.13995654267 0.0075 0.0093 4.7506 "" "" 511193540224823040 2755.96387 0.3268 0.0141 -1.096 -0.317 0.01 0.011 0.935 "" "" 13.687633 0.784841 13.991395 13.206554 "" "" 2650.19263 2861.55151 63080.3101 14.016 34583.0 23.525 41356.0 23.558 "" "" 0.002765861086526433 0.0028862662 0.0038296531 0.0067159194 26.52556179431 61.13995654267 2755.96387 -1.096 -0.31700000000000006 0.9
26.87372055027 61.10595781905 0.0075 0.0095 10.9432 "" "" 511212987838201344 2719.9729 0.3342 0.0141 -1.125 -0.251 0.01 0.011 0.995 13095.5 3.8236 13.688407 0.800334 13.999265 13.198931 "" "" 2609.35498 2842.52588 63035.31175 10.593 34333.0 15.894 41647.0 15.382 "" "" 0.002761354701182675 0.0028350807 0.0038005966 0.006635677 26.87372055027 61.10595781905 2719.9729 -1.125 -0.2509999999999999 0.9
26.4375965143 61.10116101685 0.0072 0.009 7.9076 "" "" 511238448405583232 2615.54761 0.3511 0.0136 -1.068 -0.33 0.01 0.011 0.95 6672.7 3.5973 13.696645 0.723153 13.970757 13.247603 "" "" 2521.91992 2714.78418 62558.87087 9.7072 35246.0 19.528 39821.0 17.993 "" "" 0.002760465981629179 0.0028542795 0.0038110893 0.0066653686 26.4375965143 61.10116101685 2615.54761 -1.0680000000000003 -0.3299999999999999 0.9
26.53783760382 61.23292611397 0.0076 0.0095 1.4206 "" "" 511264321289540608 2606.40796 0.3506 0.0141 -1.267 -0.243 0.01 0.011 0.996 10706.2 3.7629 13.698913 1.029962 14.120173 13.090211 "" "" 2497.44653 2690.40649 62428.33547 8.4833 30715.0 23.177 46033.0 19.446 "" "" 0.0027592675142552236 0.0029079656 0.0038071105 0.006715076 26.53783760382 61.23292611397 2606.40796 -1.267 -0.2430000000000001 0.8
26.62087088878 61.22247816334 0.0078 0.0097 1.4654 "" "" 511217660762494336 2788.20044 0.3247 0.0143 -1.131 -0.226 0.011 0.012 0.979 10909.9 3.8113 13.714913 1.00133 14.119884 13.118554 "" "" 2708.36719 2914.38867 61515.03068 9.0257 30723.0 18.715 44847.0 21.421 "" "" 0.002759921528982186 0.0028674852 0.0038147962 0.0066822814 26.62087088878 61.22247816334 2788.20044 -1.131 -0.2260000000000001 0.9
26.13361936171 61.01802094967 0.0077 0.0092 17.3893 "" "" 511232641609673600 2725.85815 0.3384 0.0137 -1.075 -0.172 0.01 0.011 1.004 "" "" 13.749766 0.679119 14.00565 13.32653 "" "" 2623.01758 2835.36084 59571.74382 9.3916 34132.0 15.618 37029.0 14.693 "" "" 0.002760631815564821 0.0028340546 0.0038038574 0.0066379122 26.13361936171 61.01802094967 2725.85815 -1.0750000000000002 -0.17199999999999996 0.8
26.58255646343 61.25571347665 0.0083 0.0099 2.4081 "" "" 511264699246656000 2508.77319 0.3647 0.0153 -1.045 -0.254 0.011 0.012 0.957 "" "" 13.787435 0.902662 14.088763 13.186101 "" "" 2399.36035 2602.7207 57540.4186 20.052 31616.0 339.64 42142.0 277.86 "" "" 0.0027811774792021555 0.011992784 0.008095118 0.020087902 26.58255646343 61.25571347665 2508.77319 -1.045 -0.254 0.9
26.46944120696 61.1390155683 0.008 0.0097 5.4849 "" "" 511240097673018240 2611.1394 0.352 0.0147 -1.105 -0.29 0.011 0.012 0.96 12653.8 3.8105 13.796788 0.770412 14.093282 13.322869 "" "" 2523.03467 2712.677 57046.81526 9.5908 31485.0 17.386 37154.0 12.964 "" "" 0.002761359931844342 0.002853857 0.0037983218 0.0066521787 26.46944120696 61.1390155683 2611.1394 -1.105 -0.29000000000000015 1.0
26.50866235906 61.25058151225 0.0087 0.0104 2.7707 "" "" 511264527447966208 2658.56421 0.3421 0.0154 -1.134 -0.371 0.011 0.012 0.965 14434.1 3.7417 13.812142 1.089217 14.259215 13.169998 "" "" 2541.79126 2765.30444 56245.77337 11.309 27023.0 21.302 42772.0 15.916 "" "" 0.0027639546604050335 0.002918488 0.003800915 0.006719403 26.50866235906 61.25058151225 2658.56421 -1.134 -0.371 0.8
26.83165819727 61.21545394595 0.0081 0.0098 7.5013 "" "" 511217970000140672 2753.45581 0.3351 0.0151 -1.145 -0.307 0.011 0.012 1.022 13058.7 3.9744 13.843944 0.840331 14.17246 13.332129 "" "" 2647.29175 2891.64355 54622.19486 12.161 29271.0 33.765 36839.0 23.279 "" "" 0.0027659033170449867 0.0030583704 0.0038411517 0.006899522 26.83165819727 61.21545394595 2753.45581 -1.145 -0.307 0.9
26.67717318726 61.33556256153 0.0078 0.0094 7.7938 "" "" 511219928505106304 2530.15723 0.3618 0.0144 -1.16 -0.238 0.01 0.012 0.988 13681.2 3.9347 13.866376 1.116542 14.333302 13.21676 "" "" 2443.81274 2617.05615 53505.25937 10.701 25240.0 20.648 40969.0 22.787 "" "" 0.0027638635760555037 0.0029281317 0.0038273237 0.0067554554 26.67717318726 61.33556256153 2530.15723 -1.1599999999999997 -0.23799999999999993 1.0
26.61589928627 61.30392751984 0.0087 0.0104 5.4313 "" "" 511266314154346240 2654.35376 0.3453 0.0161 -1.112 -0.28 0.012 0.013 1.002 12595.2 3.8005 13.883907 1.026552 14.302626 13.276073 "" "" 2558.05542 2774.46094 52648.2453 8.7877 25964.0 13.916 38791.0 14.862 "" "" 0.0027612735336159694 0.002850208 0.0038022052 0.006652413 26.61589928627 61.30392751984 2654.35376 -1.112 -0.2800000000000001 0.9
26.97116329729 61.18944540188 0.0079 0.0099 11.6451 "" "" 511214052989995264 2807.60059 0.3306 0.0149 -1.132 -0.223 0.011 0.012 0.921 "" "" 13.91586 0.807682 14.230405 13.422723 "" "" 2696.35986 2953.61401 51121.41197 7.0053 27749.0 16.507 33890.0 12.077 "" "" 0.002759334206669583 0.0028639475 0.003799135 0.0066630826 26.97116329729 61.18944540188 2807.60059 -1.132 -0.22300000000000014 0.9
26.17711118348 61.02346907372 0.0079 0.0099 16.2563 "" "" 511232469810975488 2745.98462 0.3326 0.015 -1.111 -0.303 0.01 0.012 0.949 11745.1 3.9755 13.965518 0.731476 14.236239 13.504764 "" "" 2633.02295 2849.0874 48835.93815 25.567 27601.0 61.913 31423.0 55.558 "" "" 0.0028133402803122457 0.0037035823 0.0042389627 0.007942545 26.17711118348 61.02346907372 2745.98462 -1.1109999999999998 -0.30300000000000005 0.9
26.87950708393 61.31940892696 0.0081 0.0097 10.8272 "" "" 511224635789272576 2665.17163 0.3426 0.0151 -1.099 -0.316 0.011 0.012 1.013 12398.4 3.7881 13.980356 1.053971 14.415141 13.36117 "" "" 2589.31885 2755.01562 48173.06534 6.2564 23408.0 13.509 35867.0 13.468 "" "" 0.0027589260107702372 0.0028596614 0.0038013076 0.006660969 26.87950708393 61.31940892696 2665.17163 -1.0990000000000002 -0.31599999999999995 1.0
26.33085525953 61.21891758502 0.0101 0.0124 6.9693 "" "" 511241472062198400 2726.79248 0.3394 0.0183 -1.1 -0.276 0.014 0.015 1.272 11077.5 3.6636 13.981813 1.054163 14.41392 13.359757 "" "" 2605.83618 2874.80884 48108.43044 7.1129 23434.0 12.814 35913.0 12.258 "" "" 0.002759992486584992 0.002852634 0.0037975076 0.0066501414 26.33085525953 61.21891758502 2726.79248 -1.1 -0.276 0.9
26.52578090311 61.18004866373 0.0087 0.0107 2.5325 "" "" 511240647428821504 2809.00635 0.3279 0.0157 -1.13 -0.397 0.011 0.013 1.022 12057.7 3.8929 14.003707 0.911119 14.365819 13.4547 "" "" 2711.97852 2921.91577 47148.08955 6.9018 24496.0 14.625 32906.0 16.106 "" "" 0.0027599003772856446 0.0028644793 0.0038165604 0.00668104 26.52578090311 61.18004866373 2809.00635 -1.1300000000000001 -0.397 1.0
26.64317918576 61.17860446392 0.0088 0.0103 3.0396 "" "" 511216973567782400 2657.20508 0.3461 0.0156 -1.042 -0.366 0.012 0.012 0.99 12238.6 3.8081 14.062327 0.863725 14.399561 13.535836 "" "" 2547.49023 2763.44727 44669.98147 6.1903 23746.0 14.423 30537.0 19.197 "" "" 0.0027594252173145143 0.0028670433 0.00384052 0.006707563 26.64317918576 61.17860446392 2657.20508 -1.042 -0.36600000000000005 1.0
26.65114619892 61.20106293509 0.0088 0.0106 2.4538 "" "" 511217076646968576 2709.10156 0.3372 0.0164 -1.092 -0.262 0.012 0.013 0.925 12656.2 4.038 14.067878 0.882288 14.421942 13.539654 "" "" 2575.54541 2829.40771 44442.19694 61.017 23262.0 91.698 30430.0 135.61 "" "" 0.0031327092104233975 0.0051090983 0.006139639 0.011248738 26.65114619892 61.20106293509 2709.10156 -1.092 -0.26200000000000007 0.9
26.82302273897 61.22155994856 0.0087 0.0105 7.259 "" "" 511217970000133888 2481.68896 0.3715 0.0161 -1.128 -0.342 0.012 0.013 0.973 7430.3 3.7815 14.072638 0.881624 14.421333 13.539709 "" "" 2395.92065 2593.6333 44247.79515 6.3249 23275.0 12.382 30428.0 12.722 "" "" 0.0027596876358797337 0.0028493274 0.0038065463 0.0066558737 26.82302273897 61.22155994856 2481.68896 -1.128 -0.3420000000000002 0.9
26.39953453666 61.15529597899 0.0084 0.0102 6.1727 "" "" 511240338191183360 2669.67212 0.3465 0.0151 -1.247 -0.269 0.011 0.012 0.983 11717.7 3.8125 14.081753 0.809102 14.39135 13.582248 "" "" 2553.71021 2796.99365 43877.89656 6.4022 23926.0 15.994 29259.0 11.762 "" "" 0.0027598706565352144 0.0028830227 0.0038045007 0.0066875233 26.39953453666 61.15529597899 2669.67212 -1.2470000000000003 -0.269 1.0
26.2942774473 61.2694439021 0.0087 0.0105 8.637 "" "" 511245011115197952 2741.07617 0.3352 0.0158 -1.061 -0.456 0.012 0.012 0.929 11649.4 3.7075 14.093348 0.856439 14.430188 13.57375 "" "" 2636.25366 2861.38818 43411.76037 16.326 23086.0 31.167 29489.0 34.355 "" "" 0.0027854104900688504 0.0031517579 0.003985434 0.0071371915 26.2942774473 61.2694439021 2741.07617 -1.061 -0.45599999999999985 0.8
