Clusters/NGC_637/NGC_637_stars_in_region.tsv
# %ECSV 1.0
# ---
# datatype:
# - name: RA_ICRS_1
#   unit: deg
#   datatype: float64
#   format: '{:15.11f}'
#   description: Right ascension (ICRS) at Ep=2016.0 (ra)
#   meta: !!omap
#   - {ucd: POS_EQ_RA_MAIN}
#   - {width: 15}
#   - {precision: '11'}
# - name: DE_ICRS_1
#   unit: deg
#   datatype: float64
#   format: '{:15.11f}'
#   description: Declination (ICRS) at Ep=2016.0 (dec)
#   meta: !!omap
#   - {ucd: POS_EQ_DEC_MAIN}
#   - {width: 15}
#   - {precision: '11'}
# - name: e_RA_ICRS
#   unit: mas
#   datatype: float64
#   format: '{:7.4f}'
#   description: Standard error of right ascension (ra_error)
#   meta: !!omap
#   - {ucd: ERROR}
#   - {width: 7}
#   - {precision: '4'}
# - name: e_DE_ICRS
#   unit: mas
#   datatype: float64
#   format: '{:7.4f}'
#   description: Standard error of declination (dec_error)
#   meta: !!omap
#   - {ucd: ERROR}
#   - {width: 7}
#   - {precision: '4'}
# - name: _r_1
#   unit: ''
#   datatype: float64
#   format: '{:7.4f}'
#   description: Distance from center (025.77051884000+64.03679987000)[ICRS], at Epoch=J2016.0
#   meta: !!omap
#   - {ucd: POS_ANG_DIST_GENERAL}
#   - {width: 7}
#   - {precision: '4'}
# - name: HIP
#   datatype: int32
#   description: '? HIP cross-id number, van Leeuwen, Cat. I/311 (hip_original_ext_source_id)'
#   meta: !!omap
#   - {ucd: ID_NUMBER}
#   - {width: 6}
#   - values: {'null': -2147483648}
# - name: TYC2
#   datatype: string
#   description: Tycho-2 cross-id name, Hog et al., Cat. I/259 (tyc2_original_ext_source_id)
#   meta: !!omap
#   - {ucd: ID_CROSSID}
#   - {_votable_string_dtype: char}
# - name: Source
#   datatype: int64
#   description: Source identifier, identical to the Gaia-EDR3 source_id (id)
#   meta: !!omap
#   - {ucd: ID_MAIN}
#   - {width: 19}
# - name: rgeo
#   unit: pc
#   datatype: float64
#   format: '{:15.8f}'
#   description: '? Median of the geometric distance posterior (r_med_geo)'
#   meta: !!omap
#   - {ucd: PHYS_DISTANCE_TRUE}
#   - {width: 15}
#   - {precision: '8'}
#   - values: {'null': .nan}
# - name: Plx
#   unit: mas
#   datatype: float64
#   format: '{:9.4f}'
#   description: '? Parallax (parallax)'
#   meta: !!omap
#   - {ucd: POS_PARLX_TRIG}
#   - {width: 9}
#   - {precision: '4'}
#   - values: {'null': .nan}
# - name: e_Plx
#   unit: mas
#   datatype: float32
#   format: '{:7.4f}'
#   description: '? Standard error of parallax (parallax_error)'
#   meta: !!omap
#   - {ucd: ERROR}
#   - {width: 7}
#   - {precision: '4'}
#   - values: {'null': .nan}
# - name: pmRA
#   unit: mas / yr
#   datatype: float64
#   format: '{:9.3f}'
#   description: '? Proper motion in right ascension direction, pmRA*cosDE (pmra)'
#   meta: !!omap
#   - {ucd: POS_EQ_PMRA}
#   - {width: 9}
#   - {precision: '3'}
#   - values: {'null': .nan}
# - name: pmDE
#   unit: mas / yr
#   datatype: float64
#   format: '{:9.3f}'
#   description: '? Proper motion in declination direction (pmdec)'
#   meta: !!omap
#   - {ucd: POS_EQ_PMDEC}
#   - {width: 9}
#   - {precision: '3'}
#   - values: {'null': .nan}
# - name: e_pmRA
#   unit: mas / yr
#   datatype: float32
#   format: '{:6.3f}'
#   description: '? Standard error of proper motion in right ascension direction (pmra_error)'
#   meta: !!omap
#   - {ucd: ERROR}
#   - {width: 6}
#   - {precision: '3'}
#   - values: {'null': .nan}
# - name: e_pmDE
[...]
#         unit: &id001 !astropy.units.Unit {unit: deg}
#         value: !astropy.table.SerializedColumn {name: SkyCoord.dec}
#       distance: !astropy.table.SerializedColumn
#         __class__: astropy.coordinates.distances.Distance
#         unit: !astropy.units.Unit {unit: pc}
#         value: !astropy.table.SerializedColumn {name: SkyCoord.distance}
#       frame: icrs
#       obstime: !astropy.time.Time {format: jyear_str, in_subfmt: '*', jd1: 367701545.0, jd2: 0.0, out_subfmt: '*', precision: 3, scale: tt}
#       pm_dec: !astropy.table.SerializedColumn
#         __class__: astropy.units.quantity.Quantity
#         unit: !astropy.units.Unit {unit: mas / yr}
#         value: !astropy.table.SerializedColumn {name: SkyCoord.pm_dec}
#       pm_ra_cosdec: !astropy.table.SerializedColumn
#         __class__: astropy.units.quantity.Quantity
#         unit: !astropy.units.Unit {unit: mas / yr}
#         value: !astropy.table.SerializedColumn {name: SkyCoord.pm_ra_cosdec}
#       ra: !astropy.table.SerializedColumn
#         __class__: astropy.coordinates.angles.Longitude
#         unit: *id001
#         value: !astropy.table.SerializedColumn {name: SkyCoord.ra}
#         wrap_angle: !astropy.coordinates.Angle
#           unit: *id001
#           value: 360.0
#       representation_type: spherical
# schema: astropy-2.0
RA_ICRS_1 DE_ICRS_1 e_RA_ICRS e_DE_ICRS _r_1 HIP TYC2 Source rgeo Plx e_Plx pmRA pmDE e_pmRA e_pmDE RUWE Teff logg Gmag BP-RP BPmag RPmag RV e_RV b_rgeo B_rgeo FG e_FG FBP e_FBP FRP e_FRP RAVE5 RAVE6 e_Gmag e_BPmag e_RPmag e_BP-RP SkyCoord.ra SkyCoord.dec SkyCoord.distance SkyCoord.pm_ra_cosdec SkyCoord.pm_dec
[from data line 40]
25.62818198646 64.03024480532 0.009 0.0101 3.7599 "" "" 512140872572632704 2020.14832 0.4626 0.0136 -1.934 -2.637 0.011 0.014 1.002 5551.6 2.8871 13.761478 1.929647 14.724425 12.794779 -11.32 1.16 1962.27209 2070.34814 58932.56749 10.999 17605.0 14.344 60429.0 19.586 "" "" 0.0027627616254241373 0.0029270477 0.0037957297 0.006722777 25.62818198646 64.03024480532 2020.14832 -1.9340000000000002 -2.6370000000000005
25.52924338382 64.06283536559 0.0088 0.0098 6.5245 "" "" 512891632855799424 2605.83496 0.3499 0.0136 -0.771 0.334 0.011 0.013 1.029 5337.0 2.8998 13.769036 1.829768 14.666745 12.836977 -13.9 1.1 2512.26733 2702.79272 58523.768 10.269 18566.0 11.432 58126.0 21.214 "" "" 0.002761898597903101 0.0028691455 0.003800098 0.006669244 25.52924338382 64.06283536559 2605.83496 -0.7709999999999998 0.33399999999999996
26.27500094876 63.99304336549 0.009 0.0104 13.5193 "" "" 512219625092022912 2352.39258 0.3953 0.0142 -1.621 -0.137 0.011 0.013 1.015 10661.6 3.9634 13.798912 0.850354 14.13231 13.281956 "" "" 2281.02124 2422.25464 56935.33445 9.6586 30373.0 24.282 38581.0 15.448 "" "" 0.0027614695158358197 0.0029220672 0.0038043028 0.00672637 26.27500094876 63.99304336549 2352.39258 -1.621 -0.13700000000000018
25.61270764748 64.13201730583 0.0086 0.0101 7.0544 "" "" 512893625720545792 2725.14209 0.3385 0.0132 -1.463 -0.405 0.011 0.013 1.031 "" "" 13.842302 1.034018 14.268559 13.234542 "" "" 2627.22144 2852.90405 54704.83942 7.9334 26791.0 21.447 40303.0 26.452 "" "" 0.002759815510135537 0.0029224127 0.0038459753 0.0067683877 25.61270764748 64.13201730583 2725.14209 -1.463 -0.4050000000000001
25.93635241689 63.97443898558 0.009 0.0106 5.7461 "" "" 512136749404182400 2620.34424 0.3476 0.0147 -0.973 1.063 0.011 0.014 1.066 5605.5 2.9667 13.849492 1.753871 14.695643 12.941772 -32.33 1.18 2527.00171 2706.21802 54343.78997 8.4777 18078.0 15.667 52778.0 26.23 "" "" 0.002760521275046171 0.0029445556 0.0038177078 0.0067622634 25.93635241689 63.97443898558 2620.34424 -0.9729999999999998 1.063
25.37742066847 64.04008683307 0.009 0.0102 10.327 "" "" 512886478895063808 2607.57007 0.3554 0.0141 -0.886 -0.556 0.011 0.014 0.997 9252.9 3.4483 13.867549 0.919226 14.235938 13.316712 "" "" 2531.94214 2685.98315 53447.46046 8.2008 27608.0 19.319 37366.0 16.842 "" "" 0.0027603518270524346 0.0028917603 0.0038109336 0.006702694 25.37742066847 64.04008683307 2607.57007 -0.8860000000000001 -0.556
25.46194676212 64.14386126923 0.0089 0.0101 10.33 "" "" 512893179043935872 2741.96606 0.3329 0.0135 0.329 -0.579 0.011 0.014 0.971 5063.6 2.5376 13.870214 1.744545 14.713273 12.968728 -40.77 1.31 2641.33521 2861.56641 53316.45276 7.8832 17787.0 12.614 51483.0 21.124 "" "" 0.0027599928261931423 0.002894461 0.0038055468 0.0067000077 25.46194676212 64.14386126923 2741.96606 0.32899999999999996 -0.5789999999999997
25.19021550124 64.02578422139 0.0093 0.0106 15.2605 "" "" 512889193314408320 2633.48877 0.3444 0.015 0.28 0.063 0.012 0.015 1.017 5905.7 2.8163 13.872501 1.845705 14.779069 12.933364 -46.18 1.38 2545.22998 2747.67407 53204.25086 9.4981 16741.0 13.025 53188.0 25.75 "" "" 0.0027621293218518758 0.0029152404 0.00381576 0.0067310003 25.19021550124 64.02578422139 2633.48877 0.27999999999999997 0.06300000000000001
25.78569629969 64.04693739944 0.0101 0.0112 0.7272 "" "" 512141800285682816 2650.39697 0.3437 0.0151 -1.192 0.002 0.012 0.016 0.976 11804.5 3.934 13.883491 0.766337 14.180288 13.413951 "" "" 2561.19775 2746.90869 52668.42622 20.798 29060.0 42.606 34165.0 45.051 "" "" 0.002788477843879464 0.0032123206 0.004041466 0.0072537865 25.78569629969 64.04693739944 2650.39697 -1.192 0.0020000000000000616
25.68491974769 64.02779721859 0.0097 0.0109 2.3128 "" "" 512140975651848064 2608.31274 0.361 0.0146 -1.264 -0.046 0.012 0.015 0.91 12392.9 3.9881 13.945059 0.768943 14.241979 13.473036 "" "" 2491.229 2703.22241 49764.92423 9.3741 27455.0 18.955 32355.0 15.605 "" "" 0.00276290007479387 0.0028891072 0.0038154873 0.0067045945 25.68491974769 64.02779721859 2608.31274 -1.2640000000000002 -0.045999999999999985
26.17673231682 63.94650170246 0.0091 0.0115 11.9823 "" "" 512125857367133696 2788.66846 0.3218 0.015 1.155 -2.025 0.011 0.015 1.033 5568.6 2.5205 13.949483 1.93609 14.916555 12.980466 -19.8 1.29 2695.68213 2924.34229 49562.53833 8.3771 14750.0 9.6833 50930.0 21.083 "" "" 0.002761424643171174 0.002879775 0.003806013 0.006685788 26.17673231682 63.94650170246 2788.66846 1.155 -2.0249999999999995
25.74468045565 64.02091672751 0.0096 0.0111 1.1701 "" "" 512140185378000000 2849.69629 0.317 0.015 -1.205 0.041 0.012 0.016 1.011 11825.4 3.8503 13.952435 0.725109 14.226401 13.501292 "" "" 2764.48096 2966.70361 49427.99668 11.185 27852.0 16.595 31524.0 14.573 "" "" 0.0027662525058930066 0.0028641827 0.0038125645 0.0066767475 25.74468045565 64.02091672751 2849.69629 -1.2050000000000003 0.04100000000000001
25.83551828538 64.0723617282 0.0098 0.0112 2.7321 "" "" 512141765925931904 2447.0752 0.3777 0.0152 -1.234 -0.053 0.011 0.015 0.992 12180.6 3.8686 13.96106 0.729344 14.239497 13.510153 "" "" 2350.76855 2548.90503 49036.89608 9.6647 27518.0 16.487 31268.0 15.071 "" "" 0.002763617253736228 0.002864996 0.003815441 0.006680437 25.83551828538 64.0723617282 2447.0752 -1.2340000000000002 -0.05300000000000002
25.73396739109 64.04704935345 0.0098 0.0108 1.14 "" "" 512140391536410240 2685.07812 0.3453 0.0145 -1.314 -0.024 0.012 0.015 0.949 11068.8 3.9874 13.971089 0.743111 14.256161 13.51305 "" "" 2602.05908 2781.13647 48585.97018 8.7802 27099.0 16.744 31184.0 16.93 "" "" 0.0027622974468286465 0.002869686 0.003825073 0.0066947592 25.73396739109 64.04704935345 2685.07812 -1.314 -0.023999999999999945
25.97933367375 64.23432642132 0.0091 0.011 13.0512 "" "" 512238557307659264 2211.62402 0.4232 0.0142 -0.773 -0.838 0.011 0.015 0.974 8704.6 3.6083 13.989087 0.944946 14.362509 13.417563 "" "" 2147.92114 2287.93701 47787.21559 7.5021 24570.0 33.598 34051.0 66.087 "" "" 0.002760587327506219 0.0031605884 0.004327137 0.0074877255 25.97933367375 64.23432642132 2211.62402 -0.773 -0.8380000000000001
25.73331392967 64.05825132919 0.0106 0.011 1.6158 "" "" 512141147450648064 2843.77979 0.3202 0.0151 -1.746 2.155 0.012 0.015 1.077 5314.7 2.9745 13.990661 1.790103 14.860511 13.070408 -31.52 1.77 2707.51904 2957.1897 47718.04438 8.0699 15531.0 15.592 46881.0 28.648 "" "" 0.0027614315357280387 0.0029955215 0.0038371761 0.0068326974 25.73331392967 64.05825132919 2843.77979 -1.7460000000000002 2.155
25.79390086506 64.06670484554 0.0101 0.0114 1.8964 "" "" 512141834645411200 2500.92993 0.3685 0.0157 -1.183 -0.047 0.012 0.016 0.96 12239.0 3.8964 13.992168 0.740398 14.276399 13.536 "" "" 2411.72876 2607.85376 47651.8152 9.6696 26599.0 18.354 30532.0 19.145 "" "" 0.002764114717676197 0.0028890013 0.0038402118 0.006729213 25.79390086506 64.06670484554 2500.92993 -1.183 -0.047000000000000056
25.73422420985 64.06219879876 0.0103 0.011 1.7974 "" "" 512142624919395840 2755.72241 0.3346 0.015 -1.282 0.037 0.012 0.015 1.024 11706.3 4.0259 14.060539 0.685951 14.319605 13.633654 "" "" 2637.68726 2870.76074 44743.60157 9.3498 25561.0 16.054 27906.0 12.574 "" "" 0.002764645332075775 0.002872291 0.003810913 0.0066832043 25.73422420985 64.06219879876 2755.72241 -1.282 0.03699999999999995
25.96803160775 63.96113679493 0.0094 0.0115 6.8993 "" "" 512135993489944704 2650.95947 0.3497 0.0157 -1.257 -0.054 0.012 0.015 0.994 12701.3 4.0258 14.075787 0.883943 14.42539 13.541448 "" "" 2525.68677 2759.71338 44119.64768 7.775 23188.0 14.438 30379.0 21.306 "" "" 0.002761955501588045 0.0028709003 0.0038553292 0.0067262296 25.96803160775 63.96113679493 2650.95947 -1.2569999999999997 -0.05400000000000013
25.66455390746 63.85357711511 0.01 0.0112 11.3425 "" "" 512132763674421888 3000.89917 0.3014 0.0156 -1.121 0.178 0.012 0.015 1.05 5612.0 2.6251 14.087966 1.949169 15.063401 13.114232 -91.23 1.71 2875.60376 3154.11597 43627.51439 8.1482 12884.0 15.254 45026.0 19.531 "" "" 0.00276277201459657 0.0030720427 0.003808613 0.006880656 25.66455390746 63.85357711511 3000.89917 -1.1209999999999998 0.178
25.27255039918 63.92195426931 0.0109 0.0118 14.8082 "" "" 512884245512143360 2535.2041 0.3636 0.0167 -2.988 -2.998 0.013 0.016 0.918 5278.5 2.9288 14.101099 1.870002 15.023809 13.153808 -36.66 1.43 2419.08667 2668.57959 43102.9527 7.2235 13363.0 11.212 43415.0 19.763 "" "" 0.0027613216349175844 0.002935117 0.0038115613 0.0067466786 25.27255039918 63.92195426931 2535.2041 -2.988 -2.998000000000001
26.15191560281 64.08111115438 0.0102 0.0124 10.3575 "" "" 512232132036735360 2700.25684 0.3321 0.0162 -3.628 -0.185 0.012 0.016 0.996 "" "" 14.110132 2.035491 15.142962 13.107471 -80.96 1.56 2579.6084 2822.28125 42745.84008 8.7698 11974.0 11.202 45307.0 22.877 "" "" 0.0027643095928273744 0.002969304 0.0038189366 0.0067882407 26.15191560281 64.08111115438 2700.25684 -3.628 -0.1850000000000001
25.7626969734 64.24041946642 0.0126 0.0145 12.2189 "" "" 512237698314198400 2131.30566 0.4432 0.0188 -1.365 -1.293 0.016 0.02 1.407 "" "" 14.123976 0.913974 14.487472 13.573498 "" "" 2048.19946 2221.46216 42204.26765 7.559 21899.0 16.492 29496.0 18.565 "" "" 0.002762173862432873 0.0029075106 0.003840667 0.0067481776 25.7626969734 64.24041946642 2131.30566 -1.3649999999999998 -1.2930000000000001
25.60257850038 64.04401197338 0.0102 0.011 4.432 "" "" 512140941292107264 2660.07397 0.3479 0.0151 -1.263 -0.024 0.012 0.015 0.934 11778.1 4.0972 14.140626 0.793856 14.448461 13.654605 "" "" 2578.35107 2774.69067 41561.99438 7.6401 22700.0 14.171 27373.0 16.87 "" "" 0.002762539303569977 0.002871316 0.0038381605 0.0067094765 25.60257850038 64.04401197338 2660.07397 -1.263 -0.024000000000000084
25.5688860703 63.87598091122 0.0107 0.0123 11.0145 "" "" 512133072912060800 2553.71631 0.362 0.0167 -1.271 -0.049 0.013 0.016 1.13 11668.9 3.9239 14.149974 0.77711 14.439405 13.662295 "" "" 2449.03833 2660.51562 41205.70014 8.744 22890.0 20.513 27179.0 27.745 "" "" 0.0027649362136192316 0.0029549543 0.003938548 0.006893502 25.5688860703 63.87598091122 2553.71631 -1.2709999999999997 -0.04899999999999997
26.09041967013 64.07083082333 0.0125 0.0142 8.6426 "" "" 512232063317266176 2714.40088 0.3373 0.0193 -1.542 1.643 0.014 0.018 1.256 5610.0 2.878 14.18336 1.840638 15.083899 13.243261 -20.56 1.74 2586.51782 2839.56348 39957.9141 7.1502 12643.0 12.835 39981.0 17.303 "" "" 0.0027621614966648654 0.0029999912 0.00380848 0.006808471 26.09041967013 64.07083082333 2714.40088 -1.542 1.643
25.39337054198 63.91004279872 0.0104 0.0121 12.5073 "" "" 512883352158949888 2620.26099 0.3455 0.0163 -1.195 0.646 0.012 0.016 1.041 5230.8 2.7947 14.186968 1.879527 15.116635 13.237108 -105.28 1.49 2515.87329 2719.70459 39825.34594 8.8006 12268.0 14.392 40208.0 18.855 "" "" 0.0027657465209906485 0.0030671475 0.0038135222 0.00688067 25.39337054198 63.91004279872 2620.26099 -1.1949999999999998 0.646
25.98857855972 64.04180985645 0.0104 0.0121 5.7353 "" "" 512138879707921920 2624.45581 0.3485 0.0171 -2.358 1.619 0.013 0.016 0.952 "" "" 14.217748 1.815721 15.097911 13.28219 -69.39 2.84 2543.65894 2765.11914 38712.1912 8.3301 12481.0 13.703 38573.0 25.479 "" "" 0.0027652073908601546 0.0030341402 0.003846825 0.006880965 25.98857855972 64.04180985645 2624.45581 -2.358 1.6189999999999998
26.27164656636 64.15619917297 0.0101 0.0125 14.9618 "" "" 512234124901494400 2489.74072 0.365 0.0167 -1.144 -0.289 0.013 0.017 1.062 "" "" 14.218896 1.995345 15.226798 13.231453 -53.86 1.49 2409.57153 2601.13281 38671.27628 7.8372 11084.0 13.288 40418.0 15.818 "" "" 0.002764092240024535 0.003078845 0.0038031933 0.0068820384 26.27164656636 64.15619917297 2489.74072 -1.144 -0.28900000000000003
26.17076246885 64.05793651906 0.0108 0.0128 10.5857 "" "" 512231891518580992 2410.28076 0.3815 0.0182 -1.275 -0.281 0.012 0.017 1.017 10404.0 3.8064 14.222174 0.84496 14.544011 13.699051 "" "" 2306.90698 2533.94556 38554.71111 7.3705 20788.0 20.175 26275.0 47.408 "" "" 0.002763126958173386 0.0029825114 0.0042569223 0.007239434 26.17076246885 64.05793651906 2410.28076 -1.2749999999999997 -0.281
25.40966423926 64.06941870431 0.0105 0.0119 9.6733 "" "" 512892491849253376 2188.20703 0.4253 0.0163 -0.943 1.503 0.013 0.016 1.02 7478.1 3.8716 14.230814 0.944196 14.611793 13.667598 "" "" 2110.8606 2251.64941 38249.08707 6.7054 19530.0 17.354 27047.0 19.604 "" "" 0.0027618867397519718 0.002952257 0.0038604436 0.0068127005 25.40966423926 64.06941870431 2188.20703 -0.9430000000000001 1.503
25.49054920658 64.08227321527 0.0104 0.0116 7.8383 "" "" 512891839014210560 2929.46704 0.3106 0.0158 0.449 -1.12 0.013 0.016 0.936 "" "" 14.255829 1.085982 14.709808 13.623826 "" "" 2773.1416 3041.11035 37377.92811 6.2317 17844.0 15.887 28160.0 14.859 "" "" 0.0027612598563899215 0.0029528767 0.0038225574 0.006775434 25.49054920658 64.08227321527 2929.46704 0.449 -1.1200000000000003
25.76147082419 64.03352344971 0.0152 0.0159 0.3084 "" "" 512140322816943744 2799.18896 0.3246 0.0219 -1.178 0.016 0.018 0.02 1.293 11171.8 3.7777 14.283729 0.71629 14.544961 13.828671 "" "" 2628.06689 2970.00317 36429.68301 15.203 20770.0 21.456 23318.0 26.421 "" "" 0.002792327511517479 0.0030071626 0.003974565 0.0069817277 25.76147082419 64.03352344971 2799.18896 -1.1780000000000004 0.016000000000000094
25.43624794528 64.24600087391 0.0105 0.0124 15.2994 "" "" 512898161205874176 2881.98413 0.3242 0.0158 -1.931 0.218 0.013 0.017 0.999 11654.4 4.061 14.285012 0.662284 14.534586 13.872302 "" "" 2741.9104 3003.67212 36386.62279 7.7664 20969.0 12.683 22399.0 11.499 "" "" 0.002765048490887504 0.00286641 0.0038202626 0.0066866726 25.43624794528 64.24600087391 2881.98413 -1.9310000000000003 0.21799999999999992
25.79782888614 64.12850145639 0.011 0.0125 5.5485 "" "" 512143209034929792 2041.45593 0.4598 0.0158 -0.971 0.831 0.013 0.017 1.031 5097.5 3.1085 14.328266 1.855516 15.24216 13.386643 -46.43 1.74 1969.2655 2116.13501 34965.54023 6.496 10928.0 12.014 35035.0 14.908 "" "" 0.0027626937617204277 0.003034767 0.0038075151 0.006842282 25.79782888614 64.12850145639 2041.45593 -0.971 0.8309999999999997
25.98420942345 63.96275896732 0.0106 0.0131 7.1642 "" "" 512137470958693632 2627.18018 0.3431 0.0181 -2.25 -0.234 0.013 0.017 1.025 "" "" 14.331995 2.204819 15.481602 13.276783 -25.16 1.8 2508.54834 2762.01685 34845.65109 9.106 8765.5 11.342 38765.0 19.349 "" "" 0.0027698901436925246 0.0031238948 0.0038180382 0.006941933 25.98420942345 63.96275896732 2627.18018 -2.25 -0.2340000000000001
25.34607584224 64.16585600922 0.0105 0.0126 13.5531 "" "" 512896340139840640 2618.58765 0.3537 0.0166 -2.617 0.053 0.013 0.018 0.978 10540.6 3.8123 14.375806 0.70414 14.643696 13.939556 "" "" 2490.99048 2742.32568 33467.58875 12.226 18964.0 23.8 21054.0 26.416 "" "" 0.002783721217950598 0.003105117 0.0040173936 0.0071225106 25.34607584224 64.16585600922 2618.58765 -2.617 0.0530000000000002
25.25511963992 64.14564176368 0.0116 0.0144 15.0072 "" "" 512896099621699072 2773.14404 0.3354 0.0189 -2.044 0.116 0.014 0.019 1.138 "" "" 14.386452 0.749518 14.67408 13.924561 "" "" 2633.60425 2958.22778 33141.04414 6.6824 18441.0 14.714 21347.0 17.517 "" "" 0.0027640037097427525 0.002921563 0.0038829753 0.0068045384 25.25511963992 64.14564176368 2773.14404 -2.044 0.11599999999999994
25.72523417672 64.03005252868 0.0114 0.0123 1.2567 "" "" 512140249796345600 2498.34058 0.3699 0.0167 -1.261 -0.016 0.014 0.017 0.962 11843.5 3.9937 14.395255 0.746726 14.679571 13.932845 "" "" 2402.08423 2602.58252 32873.40432 8.0314 18348.0 22.989 21185.0 16.636 "" "" 0.002768059244498262 0.003104133 0.0038743583 0.0069784913 25.72523417672 64.03005252868 2498.34058 -1.261 -0.016000000000000087
25.25601562674 64.14438022725 0.011 0.0134 14.9535 "" "" 512896099621700864 2042.65613 0.4559 0.0179 -3.501 1.266 0.014 0.018 1.035 6591.6 3.7785 14.424593 1.278342 14.980994 13.702652 -67.37 5.6 1969.48291 2148.76489 31997.02232 6.3542 13900.0 15.952 26188.0 17.863 "" "" 0.002763743568287452 0.0030557504 0.0038512591 0.0069070095 25.25601562674 64.14438022725 2042.65613 -3.501 1.2660000000000002
