Clusters/NGC_637/NGC_637_members.tsv
# %ECSV 1.0
# ---
# datatype:
# - name: RA_ICRS_1
#   unit: deg
#   datatype: float64
#   format: '{:15.11f}'
#   description: Right ascension (ICRS) at Ep=2016.0 (ra)
#   meta: !!omap
#   - {ucd: POS_EQ_RA_MAIN}
#   - {width: 15}
#   - {precision: '11'}
# - name: DE_ICRS_1
#   unit: deg
#   datatype: float64
#   format: '{:15.11f}'
#   description: Declination (ICRS) at Ep=2016.0 (dec)
#   meta: !!omap
#   - {ucd: POS_EQ_DEC_MAIN}
#   - {width: 15}
#   - {precision: '11'}
# - name: e_RA_ICRS
#   unit: mas
#   datatype: float64
#   format: '{:7.4f}'
#   description: Standard error of right ascension (ra_error)
#   meta: !!omap
#   - {ucd: ERROR}
#   - {width: 7}
#   - {precision: '4'}
# - name: e_DE_ICRS
#   unit: mas
#   datatype: float64
#   format: '{:7.4f}'
#   description: Standard error of declination (dec_error)
#   meta: !!omap
#   - {ucd: ERROR}
#   - {width: 7}
#   - {precision: '4'}
# - name: _r_1
#   unit: ''
#   datatype: float64
#   format: '{:7.4f}'
#   description: Distance from center (025.77051884000+64.03679987000)[ICRS], at Epoch=J2016.0
#   meta: !!omap
#   - {ucd: POS_ANG_DIST_GENERAL}
#   - {width: 7}
#   - {precision: '4'}
# - name: HIP
#   datatype: int32
#   description: '? HIP cross-id number, van Leeuwen, Cat. I/311 (hip_original_ext_source_id)'
#   meta: !!omap
#   - {ucd: ID_NUMBER}
#   - {width: 6}
#   - values: {'null': -2147483648}
# - name: TYC2
#   datatype: string
#   description: Tycho-2 cross-id name, Hog et al., Cat. I/259 (tyc2_original_ext_source_id)
#   meta: !!omap
#   - {ucd: ID_CROSSID}
#   - {_votable_string_dtype: char}
# - name: Source
#   datatype: int64
#   description: Source identifier, identical to the Gaia-EDR3 source_id (id)
#   meta: !!omap
#   - {ucd: ID_MAIN}
#   - {width: 19}
# - name: rgeo
#   unit: pc
#   datatype: float64
#   format: '{:15.8f}'
#   description: '? Median of the geometric distance posterior (r_med_geo)'
#   meta: !!omap
#   - {ucd: PHYS_DISTANCE_TRUE}
#   - {width: 15}
#   - {precision: '8'}
#   - values: {'null': .nan}
# - name: Plx
#   unit: mas
#   datatype: float64
#   format: '{:9.4f}'
#   description: '? Parallax (parallax)'
#   meta: !!omap
#   - {ucd: POS_PARLX_TRIG}
#   - {width: 9}
#   - {precision: '4'}
#   - values: {'null': .nan}
# - name: e_Plx
#   unit: mas
#   datatype: float32
#   format: '{:7.4f}'
#   description: '? Standard error of parallax (parallax_error)'
#   meta: !!omap
#   - {ucd: ERROR}
#   - {width: 7}
#   - {precision: '4'}
#   - values: {'null': .nan}
# - name: pmRA
#   unit: mas / yr
#   datatype: float64
#   format: '{:9.3f}'
#   description: '? Proper motion in right ascension direction, pmRA*cosDE (pmra)'
#   meta: !!omap
#   - {ucd: POS_EQ_PMRA}
#   - {width: 9}
#   - {precision: '3'}
#   - values: {'null': .nan}
# - name: pmDE
#   unit: mas / yr
#   datatype: float64
#   format: '{:9.3f}'
#   description: '? Proper motion in declination direction (pmdec)'
#   meta: !!omap
#   - {ucd: POS_EQ_PMDEC}
#   - {width: 9}
#   - {precision: '3'}
#   - values: {'null': .nan}
# - name: e_pmRA
#   unit: mas / yr
#   datatype: float32
#   format: '{:6.3f}'
#   description: '? Standard error of proper motion in right ascension direction (pmra_error)'
#   meta: !!omap
#   - {ucd: ERROR}
#   - {width: 6}
#   - {precision: '3'}
#   - values: {'null': .nan}
# - name: e_pmDE
[...]
#       distance: !astropy.table.SerializedColumn
#         __class__: astropy.coordinates.distances.Distance
#         unit: !astropy.units.Unit {unit: pc}
#         value: !astropy.table.SerializedColumn {name: SkyCoord.distance}
#       frame: icrs
#       obstime: !astropy.time.Time {format: jyear_str, in_subfmt: '*', jd1: 367701545.0, jd2: 0.0, out_subfmt: '*', precision: 3, scale: tt}
#       pm_dec: !astropy.table.SerializedColumn
#         __class__: astropy.units.quantity.Quantity
#         unit: !astropy.units.Unit {unit: mas / yr}
#         value: !astropy.table.SerializedColumn {name: SkyCoord.pm_dec}
#       pm_ra_cosdec: !astropy.table.SerializedColumn
#         __class__: astropy.units.quantity.Quantity
#         unit: !astropy.units.Unit {unit: mas / yr}
#         value: !astropy.table.SerializedColumn {name: SkyCoord.pm_ra_cosdec}
#       ra: !astropy.table.SerializedColumn
#         __class__: astropy.coordinates.angles.Longitude
#         unit: *id001
#         value: !astropy.table.SerializedColumn {name: SkyCoord.ra}
#         wrap_angle: !astropy.coordinates.Angle
#           unit: *id001
#           value: 360.0
#       representation_type: spherical
# schema: astropy-2.0
RA_ICRS_1 DE_ICRS_1 e_RA_ICRS e_DE_ICRS _r_1 HIP TYC2 Source rgeo Plx e_Plx pmRA pmDE e_pmRA e_pmDE RUWE Teff logg Gmag BP-RP BPmag RPmag RV e_RV b_rgeo B_rgeo FG e_FG FBP e_FBP FRP e_FRP RAVE5 RAVE6 e_Gmag e_BPmag e_RPmag e_BP-RP SkyCoord.ra SkyCoord.dec SkyCoord.distance SkyCoord.pm_ra_cosdec SkyCoord.pm_dec rmRA rmDE e_rmRA e_rmDE rRV e_rRV v_pec v_pec3d e_vpec e_vpec3d Pmemb
[from data line 31]
25.67982008643 64.04250629749 0.0146 0.0171 2.4067 "" "" 512141078731060864 2576.55786 0.3632 0.0221 -1.245 0.008 0.018 0.023 0.94 9257.9 3.5924 15.079853 0.888237 15.43291 14.544673 "" "" 2429.2876 2713.90454 17498.68867 4.0825 9167.5 13.892 12058.0 10.737 "" "" 0.002766939318889969 0.0032391315 0.003901078 0.0071402094 25.67982008643 64.04250629749 2576.55786 -1.245 0.007999999999999957 0.006844406127929581 0.049644442826509476 0.08133086 0.08633086 "" "" 0.6120369206297656 "" 0.05278221594301226 "" 1.0
25.6640859005 63.98557290255 0.0146 0.0171 4.1566 "" "" 512140460255779840 2636.78027 0.3468 0.0228 -1.217 -0.006 0.018 0.023 1.041 "" "" 15.109009 0.890621 15.437721 14.5471 "" "" 2489.74341 2805.90479 17035.04148 4.3171 9127.0 19.862 12031.0 66.505 "" "" 0.0027690247769268815 0.003656183 0.0070925704 0.010748753 25.6640859005 63.98557290255 2636.78027 -1.217 -0.005999999999999996 0.034844406127929606 0.03564444282650948 0.08133086 0.08633086 "" "" 0.6229965962181253 "" 0.05228488107231927 "" 1.0
25.76166268973 64.09031581439 0.0163 0.0178 3.2194 "" "" 512142762358339456 2616.51489 0.3551 0.0242 -1.308 -0.075 0.021 0.024 1.055 8803.6 3.6215 15.23933 0.857365 15.578212 14.720847 "" "" 2447.42529 2799.1626 15108.27238 3.6201 8019.2 12.423 10252.0 12.878 "" "" 0.002767574637297844 0.0032579273 0.0040179337 0.0072758608 25.76166268973 64.09031581439 2616.51489 -1.3080000000000012 -0.07500000000000018 -0.056155593872070364 -0.03335555717349052 0.08433086 0.08733086 "" "" 0.8100544520841451 "" 0.06895463511961894 "" 0.9
25.60459779663 63.99964410932 0.0159 0.0176 4.898 "" "" 512140528975254528 2864.39478 0.3213 0.0243 -1.261 -0.086 0.02 0.024 0.946 9605.8 4.0362 15.305145 0.917546 15.673092 14.755546 "" "" 2675.2124 3098.29419 14219.63778 3.5123 7348.2 9.6044 9929.8 8.8487 "" "" 0.002768340701573137 0.003130319 0.003901261 0.00703158 25.60459779663 63.99964410932 2864.39478 -1.261 -0.08600000000000006 -0.009155593872070211 -0.04435555717349052 0.083330855 0.08733086 "" "" 0.614921235212431 "" 0.05360329768687321 "" 1.0
25.76589050219 64.04412248461 0.0177 0.0196 0.4559 "" "" 512140322816935040 2424.57227 0.3856 0.0266 -1.234 -0.036 0.022 0.026 1.037 9131.8 3.6948 15.389688 0.944226 15.77094 14.826714 "" "" 2285.16162 2584.11987 13154.42023 3.6296 6714.9 11.984 9299.8 10.823 "" "" 0.002771558583273741 0.0033970177 0.003985013 0.0073820306 25.76589050219 64.04412248461 2424.57227 -1.2339999999999998 -0.03600000000000005 0.0178444061279297 0.005644442826509478 0.08533086 0.08933086 "" "" 0.21509124630923554 "" 0.01843383490903705 "" 1.0
25.78440178946 64.05726613653 0.0192 0.0218 1.2809 "" "" 512141834645415296 2712.11279 0.3424 0.0291 -1.252 -0.132 0.023 0.03 1.036 8114.4 3.7573 15.534554 0.977176 15.867362 14.890186 "" "" 2519.10229 2916.21533 11511.32355 3.4567 6144.3 27.385 8771.7 110.31 "" "" 0.0027745425774404068 0.0055858702 0.014167272 0.019753141 25.78440178946 64.05726613653 2712.11279 -1.252 -0.13199999999999992 -0.00015559387207031428 -0.09035555717349053 0.08633086 0.09333086 "" "" 1.1615598733110728 "" 0.10840935887111174 "" 0.9
25.85206577939 64.09989501589 0.0183 0.0222 4.3485 "" "" 512142384401214720 2747.85132 0.3452 0.0292 -1.268 -0.144 0.023 0.03 1.01 7953.8 4.157 15.607417 1.320173 16.181583 14.86141 "" "" 2542.87427 2972.71289 10764.15568 3.9874 4600.3 9.9392 9007.3 11.385 "" "" 0.0027845194123695886 0.0036452424 0.0040208274 0.00766607 25.85206577939 64.09989501589 2747.85132 -1.2680000000000002 -0.14399999999999935 -0.01615559387207033 -0.10235555717349051 0.08633086 0.09333086 "" "" 1.3496664825802178 "" 0.12574430456446672 "" 1.0
25.80856138977 63.99127441147 0.0188 0.0222 2.9089 "" "" 512139910500417408 2576.51465 0.367 0.0309 -1.155 0.008 0.023 0.031 1.029 8510.7 3.5047 15.665857 0.990172 16.071383 15.08121 "" "" 2349.06299 2819.28027 10200.0864 2.7581 5091.7 9.132 7356.5 11.191 "" "" 0.0027709168521659775 0.0034024888 0.004124527 0.0075270156 25.80856138977 63.99127441147 2576.51465 -1.1549999999999998 0.007999999999999986 0.09684440612792966 0.049644442826509476 0.08633086 0.09433086 "" "" 1.329074527157456 "" 0.11703237418493878 "" 0.9
25.78457437944 63.99907786452 0.021 0.0234 2.2933 "" "" 512139979219580032 2701.22827 0.3449 0.0331 -1.258 -0.042 0.025 0.033 1.011 "" "" 15.785944 1.022349 16.204685 15.182336 "" "" 2445.59668 2978.32544 9132.06899 2.5643 4503.4 11.187 6702.3 11.689 "" "" 0.0027721361951065734 0.0038806454 0.0042272066 0.008107852 25.78457437944 63.99907786452 2701.22827 -1.258 -0.041999999999999996 -0.00615559387207032 -0.0003555571734905269 0.08833086 0.09633086 "" "" 0.07894649841363369 "" 0.006975606831743136 "" 0.9
25.73792187943 64.04982292124 0.0208 0.024 1.159 "" "" 512140391536752000 2813.48853 0.3438 0.0314 -1.266 -0.021 0.025 0.033 0.99 9046.4 4.2229 15.808261 1.020001 16.229671 15.209671 "" "" 2587.74219 3053.32495 8946.27995 2.7368 4401.0 9.2647 6535.7 8.221 "" "" 0.0027752672413650942 0.003606815 0.0040185666 0.0076253815 25.73792187943 64.04982292124 2813.48853 -1.2660000000000016 -0.02099999999999983 -0.014155593872070327 0.020644442826509474 0.08833086 0.09633086 "" "" 0.3338179041124783 "" 0.031327685048029096 "" 0.8
25.80224868098 64.02847413098 0.0223 0.024 0.9718 "" "" 512140112357396352 2758.96948 0.3358 0.0323 -1.342 -0.008 0.027 0.033 1.021 9185.6 4.1993 15.81922 1.037851 16.244389 15.206537 "" "" 2560.43555 2988.79517 8856.43585 2.9154 4341.7 9.7444 6554.6 10.541 "" "" 0.002778404112679311 0.0037044615 0.0041632275 0.007867689 25.80224868098 64.02847413098 2758.96948 -1.3419999999999999 -0.008000000000000134 -0.0901555938720704 0.033644442826509476 0.09033086 0.09633086 "" "" 1.258433450729376 "" 0.11462505653841584 "" 1.0
25.81844399836 64.08086492429 0.0225 0.0253 2.9279 "" "" 512141972084716672 2668.73413 0.3501 0.0342 -1.344 -0.123 0.028 0.036 0.985 9048.5 4.2221 16.03252 1.109571 16.498816 15.389244 "" "" 2463.93164 2931.26147 7276.77223 2.3924 3434.7 8.822 5539.4 7.7321 "" "" 0.0027783465763073947 0.0039448603 0.004071916 0.008016776 25.81844399836 64.08086492429 2668.73413 -1.344 -0.12299999999999996 -0.0921555938720704 -0.08135555717349052 0.091330856 0.09933086 "" "" 1.5550190622306934 "" 0.1475990656127639 "" 1.0
25.72022655879 64.04927141828 0.0223 0.0247 1.518 "" "" 512141143149576320 2428.28955 0.3934 0.0338 -1.26 0.106 0.028 0.033 0.976 9068.0 4.2691 16.033901 1.083329 16.482826 15.399497 "" "" 2246.42969 2597.3186 7267.52269 2.457 3485.7 7.4058 5487.3 6.7647 "" "" 0.002779662961157333 0.0036202602 0.004009398 0.007629658 25.72022655879 64.04927141828 2428.28955 -1.2600000000000002 0.10600000000000001 -0.008155593872070321 0.14764444282650946 0.091330856 0.09633086 "" "" 1.7019918585228488 "" 0.16392912024147555 "" 0.9
25.86243098115 64.0513332486 0.0261 0.0283 2.5664 "" "" 512141662846726656 2370.38306 0.4008 0.0384 -1.273 0.025 0.029 0.037 1.028 9890.4 4.462 16.173277 1.160906 16.58899 15.428083 "" "" 2180.59497 2586.91284 6391.98945 2.6748 3161.0 28.314 5344.7 56.648 "" "" 0.0027925280436928057 0.010117591 0.012112351 0.022229943 25.86243098115 64.0513332486 2370.38306 -1.2729999999999992 0.024999999999999592 -0.021155593872070222 0.06664444282650947 0.09233086 0.10033086 "" "" 0.7856130919577182 "" 0.07826688377217991 "" 1.0
