Clusters/NGC_637/NGC_637_stars_in_region.tsv
# %ECSV 1.0
# ---
# datatype:
# - name: RA_ICRS_1
#   unit: deg
#   datatype: float64
#   format: '{:15.11f}'
#   description: Right ascension (ICRS) at Ep=2016.0 (ra)
#   meta: !!omap
#   - {ucd: POS_EQ_RA_MAIN}
#   - {width: 15}
#   - {precision: '11'}
# - name: DE_ICRS_1
#   unit: deg
#   datatype: float64
#   format: '{:15.11f}'
#   description: Declination (ICRS) at Ep=2016.0 (dec)
#   meta: !!omap
#   - {ucd: POS_EQ_DEC_MAIN}
#   - {width: 15}
#   - {precision: '11'}
# - name: e_RA_ICRS
#   unit: mas
#   datatype: float64
#   format: '{:7.4f}'
#   description: Standard error of right ascension (ra_error)
#   meta: !!omap
#   - {ucd: ERROR}
#   - {width: 7}
#   - {precision: '4'}
# - name: e_DE_ICRS
#   unit: mas
#   datatype: float64
#   format: '{:7.4f}'
#   description: Standard error of declination (dec_error)
#   meta: !!omap
#   - {ucd: ERROR}
#   - {width: 7}
#   - {precision: '4'}
# - name: _r_1
#   unit: ''
#   datatype: float64
#   format: '{:7.4f}'
#   description: Distance from center (025.77051884000+64.03679987000)[ICRS], at Epoch=J2016.0
#   meta: !!omap
#   - {ucd: POS_ANG_DIST_GENERAL}
#   - {width: 7}
#   - {precision: '4'}
# - name: HIP
#   datatype: int32
#   description: '? HIP cross-id number, van Leeuwen, Cat. I/311 (hip_original_ext_source_id)'
#   meta: !!omap
#   - {ucd: ID_NUMBER}
#   - {width: 6}
#   - values: {'null': -2147483648}
# - name: TYC2
#   datatype: string
#   description: Tycho-2 cross-id name, Hog et al., Cat. I/259 (tyc2_original_ext_source_id)
#   meta: !!omap
#   - {ucd: ID_CROSSID}
#   - {_votable_string_dtype: char}
# - name: Source
#   datatype: int64
#   description: Source identifier, identical to the Gaia-EDR3 source_id (id)
#   meta: !!omap
#   - {ucd: ID_MAIN}
#   - {width: 19}
# - name: rgeo
#   unit: pc
#   datatype: float64
#   format: '{:15.8f}'
#   description: '? Median of the geometric distance posterior (r_med_geo)'
#   meta: !!omap
#   - {ucd: PHYS_DISTANCE_TRUE}
#   - {width: 15}
#   - {precision: '8'}
#   - values: {'null': .nan}
# - name: Plx
#   unit: mas
#   datatype: float64
#   format: '{:9.4f}'
#   description: '? Parallax (parallax)'
#   meta: !!omap
#   - {ucd: POS_PARLX_TRIG}
#   - {width: 9}
#   - {precision: '4'}
#   - values: {'null': .nan}
# - name: e_Plx
#   unit: mas
#   datatype: float32
#   format: '{:7.4f}'
#   description: '? Standard error of parallax (parallax_error)'
#   meta: !!omap
#   - {ucd: ERROR}
#   - {width: 7}
#   - {precision: '4'}
#   - values: {'null': .nan}
# - name: pmRA
#   unit: mas / yr
#   datatype: float64
#   format: '{:9.3f}'
#   description: '? Proper motion in right ascension direction, pmRA*cosDE (pmra)'
#   meta: !!omap
#   - {ucd: POS_EQ_PMRA}
#   - {width: 9}
#   - {precision: '3'}
#   - values: {'null': .nan}
# - name: pmDE
#   unit: mas / yr
#   datatype: float64
#   format: '{:9.3f}'
#   description: '? Proper motion in declination direction (pmdec)'
#   meta: !!omap
#   - {ucd: POS_EQ_PMDEC}
#   - {width: 9}
#   - {precision: '3'}
#   - values: {'null': .nan}
# - name: e_pmRA
#   unit: mas / yr
#   datatype: float32
#   format: '{:6.3f}'
#   description: '? Standard error of proper motion in right ascension direction (pmra_error)'
#   meta: !!omap
#   - {ucd: ERROR}
#   - {width: 6}
#   - {precision: '3'}
#   - values: {'null': .nan}
# - name: e_pmDE
[...]
#         unit: &id001 !astropy.units.Unit {unit: deg}
#         value: !astropy.table.SerializedColumn {name: SkyCoord.dec}
#       distance: !astropy.table.SerializedColumn
#         __class__: astropy.coordinates.distances.Distance
#         unit: !astropy.units.Unit {unit: pc}
#         value: !astropy.table.SerializedColumn {name: SkyCoord.distance}
#       frame: icrs
#       obstime: !astropy.time.Time {format: jyear_str, in_subfmt: '*', jd1: 367701545.0, jd2: 0.0, out_subfmt: '*', precision: 3, scale: tt}
#       pm_dec: !astropy.table.SerializedColumn
#         __class__: astropy.units.quantity.Quantity
#         unit: !astropy.units.Unit {unit: mas / yr}
#         value: !astropy.table.SerializedColumn {name: SkyCoord.pm_dec}
#       pm_ra_cosdec: !astropy.table.SerializedColumn
#         __class__: astropy.units.quantity.Quantity
#         unit: !astropy.units.Unit {unit: mas / yr}
#         value: !astropy.table.SerializedColumn {name: SkyCoord.pm_ra_cosdec}
#       ra: !astropy.table.SerializedColumn
#         __class__: astropy.coordinates.angles.Longitude
#         unit: *id001
#         value: !astropy.table.SerializedColumn {name: SkyCoord.ra}
#         wrap_angle: !astropy.coordinates.Angle
#           unit: *id001
#           value: 360.0
#       representation_type: spherical
# schema: astropy-2.0
RA_ICRS_1 DE_ICRS_1 e_RA_ICRS e_DE_ICRS _r_1 HIP TYC2 Source rgeo Plx e_Plx pmRA pmDE e_pmRA e_pmDE RUWE Teff logg Gmag BP-RP BPmag RPmag RV e_RV b_rgeo B_rgeo FG e_FG FBP e_FBP FRP e_FRP RAVE5 RAVE6 e_Gmag e_BPmag e_RPmag e_BP-RP SkyCoord.ra SkyCoord.dec SkyCoord.distance SkyCoord.pm_ra_cosdec SkyCoord.pm_dec
25.77961904659 64.06942643474 0.0084 0.0093 1.9721 "" 4040-1966-1 512141899063944192 2691.88037 0.3508 0.0128 -1.298 -0.254 0.01 0.012 0.901 19861.2 3.3274 9.897759 0.542121 10.087427 9.545306 "" "" 2604.74097 2806.47461 2069392.75969 975.71 1260200.0 1674.6 1205100.0 1471.0 "" "" 0.0028024723983177038 0.003141118 0.004005015 0.007146133 25.77961904659 64.06942643474 2691.88037 -1.298 -0.25399999999999995
25.7678838656 64.03703826419 0.009 0.0102 0.0707 "" 4040-300-1 512140322816941312 2478.55225 0.3869 0.014 -1.377 -0.052 0.011 0.014 0.919 18965.9 3.3068 10.086684 0.502772 10.262007 9.759234 "" "" 2396.14771 2563.66626 1738893.98033 807.77 1073000.0 1465.2 989610.0 1076.0 "" "" 0.002801100925346322 0.0031596085 0.0039594634 0.0071190717 25.7678838656 64.03703826419 2478.55225 -1.3769999999999998 -0.052000000000000046
25.76695510981 64.02408151904 0.0123 0.0139 0.7688 "" 4040-330-1 512140288458675072 2579.62158 0.3632 0.0184 -1.343 -0.165 0.015 0.018 0.913 "" "" 10.260299 0.584704 10.469611 9.884907 "" "" 2467.14087 2726.89136 1481928.00279 533.41 886280.0 810.93 881450.0 507.96 "" "" 0.002782897179184734 0.0029617476 0.0038308236 0.0067925714 25.76695510981 64.02408151904 2579.62158 -1.343 -0.16500000000000012
25.88409896964 64.03757480397 0.0101 0.0117 2.9838 "" 4040-580-1 512138707909235072 2570.82959 0.3697 0.0158 -1.233 -0.083 0.012 0.016 1.118 17840.3 3.4389 10.507912 0.582509 10.718868 10.136359 "" "" 2454.53857 2703.76392 1179728.22801 1012.1 704480.0 1837.4 699220.0 1828.2 "" "" 0.0029085070505185727 0.0039754272 0.0047267843 0.008702211 25.88409896964 64.03757480397 2570.82959 -1.2330000000000003 -0.08299999999999992
25.78718006183 64.0415440465 0.0093 0.0108 0.522 "" 4040-26-1 512141800285686272 2593.4104 0.3685 0.0147 -1.367 -0.026 0.011 0.014 1.055 18180.5 3.5021 10.584191 0.568788 10.787603 10.218816 "" "" 2506.37012 2702.92456 1099689.47246 447.05 661260.0 783.61 648080.0 702.73 "" "" 0.0027904486398130967 0.003072532 0.003958503 0.0070310347 25.78718006183 64.0415440465 2593.4104 -1.3670000000000002 -0.02599999999999997
25.76707361834 64.03949575049 0.0094 0.0104 0.1853 "" "" 512140322816938752 2490.54248 0.3819 0.0143 -1.254 -0.166 0.012 0.014 0.938 "" "" 10.715586 0.554756 10.912363 10.357607 "" "" 2386.50806 2586.44043 974344.394 179.56 589480.0 331.18 570320.0 219.01 "" "" 0.0027625757330619507 0.002856069 0.0038023102 0.006658379 25.76707361834 64.03949575049 2490.54248 -1.254 -0.16599999999999995
25.89823401011 64.03524605656 0.0092 0.0108 3.3562 "" 4040-90-1 512138707909237248 2793.90259 0.345 0.0154 -1.328 -0.067 0.011 0.014 1.019 19989.9 3.4994 10.773487 0.631265 11.003677 10.372413 "" "" 2682.72998 2949.58057 923744.50383 1658.2 541930.0 3044.9 562590.0 2897.5 "" "" 0.003374958766933845 0.006708145 0.0067492626 0.013457408 25.89823401011 64.03524605656 2793.90259 -1.328 -0.06699999999999989
25.32019729556 63.98264434937 0.0144 0.0158 12.2781 "" "" 512885894779554176 2296.17188 0.4158 0.0218 -2.396 1.04 0.018 0.022 1.185 4560.9 1.9784 11.182766 2.305961 12.41125 10.105289 -65.24 0.19 2183.24927 2399.35693 633636.70125 187.88 148220.0 140.13 719520.0 353.81 "" "" 0.0027740637705360514 0.0029729952 0.0038169052 0.0067899004 25.32019729556 63.98264434937 2296.17188 -2.3959999999999995 1.0399999999999998
25.98852256984 64.22506521645 0.0086 0.0104 12.6558 "" 4040-1536-1 512238351149241216 2806.22974 0.3042 0.0134 -1.279 -0.149 0.01 0.014 0.91 15748.2 3.59 11.72168 0.643518 11.960073 11.316554 "" "" 2716.65747 2912.31152 385722.28228 86.335 224590.0 120.11 235800.0 109.22 "" "" 0.002766016379939134 0.0028499474 0.0038126942 0.0066626417 25.98852256984 64.22506521645 2806.22974 -1.2789999999999997 -0.14900000000000013
25.31326244583 64.10959245503 0.0089 0.0106 12.7657 "" 4039-818-1 512892835446595456 2640.47021 0.3256 0.0141 -1.336 -0.13 0.011 0.014 1.008 17732.7 3.9761 11.792455 0.520192 11.978122 11.45793 "" "" 2545.81226 2732.82129 361380.56545 59.963 220890.0 107.85 207010.0 65.288 "" "" 0.002761203489531743 0.0028400824 0.0037948627 0.006634945 25.31326244583 64.10959245503 2640.47021 -1.3360000000000003 -0.12999999999999998
25.80750272217 64.04677972999 0.0085 0.0095 1.141 "" 4040-658-1 512141624186037888 2515.46973 0.368 0.0128 -1.348 -0.069 0.01 0.013 1.08 "" "" 12.075139 0.657876 12.319796 11.66192 "" "" 2428.41064 2600.46045 278542.16058 150.59 161250.0 208.86 171550.0 433.73 "" "" 0.0028171518851014283 0.0031245393 0.0046710945 0.0077956337 25.80750272217 64.04677972999 2515.46973 -1.348 -0.06900000000000014
25.92337726425 64.23731123466 0.0082 0.0096 12.6785 "" "" 512237148558383872 3014.5481 0.324 0.0128 0.891 0.077 0.01 0.013 1.04 4955.5 1.7795 12.083056 2.230576 13.254482 11.023907 -39.76 0.2 2906.11133 3109.76025 276518.4547 59.972 68175.0 61.137 308740.0 183.88 "" "" 0.0027653641494200963 0.0029551724 0.0038343025 0.0067894747 25.92337726425 64.23731123466 3014.5481 0.891 0.077
25.77108693248 63.78398003107 0.0104 0.0122 15.1692 "" "" 512129426475346304 2789.83179 0.3485 0.0161 1.649 -2.111 0.013 0.016 1.048 "" "" 12.146127 2.645095 13.622953 10.977859 -18.07 0.25 2686.57568 2901.82446 260913.19952 101.46 48555.0 97.361 322120.0 257.85 "" "" 0.002787480269045072 0.003539032 0.0038780249 0.0074170567 25.77108693248 63.78398003107 2789.83179 1.6490000000000002 -2.1110000000000007
25.70216405597 64.02501470914 0.0072 0.008 1.9301 "" "" 512141010011586816 2466.21387 0.3833 0.0109 -1.305 -0.094 0.009 0.011 0.927 17080.8 3.8341 12.347023 0.594742 12.566615 11.971873 "" "" 2401.4458 2523.30347 216838.99499 37.462 128460.0 63.39 128950.0 54.249 "" "" 0.002761697714010647 0.0028411434 0.0038068837 0.0066480273 25.70216405597 64.02501470914 2466.21387 -1.3050000000000002 -0.09399999999999992
25.47391469782 64.17097417743 0.0068 0.0081 11.1901 "" "" 512894755291229696 2223.53564 0.4303 0.0105 -0.989 -0.132 0.008 0.012 0.937 "" "" 12.417104 0.714606 12.688143 11.973536 -18.67 23.88 2173.63989 2266.18213 203285.02952 39.599 114860.0 54.875 128750.0 52.925 "" "" 0.0027634254391192153 0.0028379774 0.0038056434 0.006643621 25.47391469782 64.17097417743 2223.53564 -0.9889999999999999 -0.13199999999999992
25.7533120712 64.03437091383 0.0082 0.0091 0.4749 "" "" 512140352875719296 2597.79907 0.3582 0.0122 -1.229 -0.082 0.01 0.013 1.013 15245.3 4.0258 12.705128 0.578866 12.919167 12.340301 "" "" 2522.44238 2667.67798 155917.84654 30.124 92843.0 46.663 91841.0 41.637 "" "" 0.0027632937601305523 0.0028430317 0.0038113012 0.006654333 25.7533120712 64.03437091383 2597.79907 -1.229 -0.08200000000000005
25.67122414339 63.85538585754 0.0105 0.0118 11.1949 "" "" 512132763674421504 2752.12671 0.3502 0.0163 -2.366 -0.246 0.013 0.016 1.196 4952.4 1.8847 12.91964 2.103159 14.00276 11.899601 -29.29 0.52 2638.21558 2856.09644 127964.87443 20.712 34223.0 24.992 137820.0 42.176 "" "" 0.0027609186528474304 0.0029006389 0.0037939588 0.0066945977 25.67122414339 63.85538585754 2752.12671 -2.366 -0.2460000000000001
25.65869349882 63.81582625409 0.0075 0.0085 13.5824 "" "" 512131251845948544 2725.38086 0.3295 0.0117 2.529 0.982 0.009 0.011 1.026 4612.9 2.268 13.070053 2.317846 14.304381 11.986535 -20.86 0.51 2643.93018 2825.35449 111410.37997 20.538 25922.0 21.605 127220.0 40.628 "" "" 0.00276258025190152 0.0029332454 0.0037952536 0.006728499 25.65869349882 63.81582625409 2725.38086 2.529 0.9819999999999999
25.79141412184 64.03693445169 0.0091 0.0095 0.5489 "" "" 512141800285690752 2565.76123 0.3601 0.013 -1.281 -0.084 0.01 0.012 1.078 16130.5 4.064 13.082621 0.642896 13.32138 12.678484 "" "" 2479.8811 2645.44531 110128.23477 63.993 64101.0 160.61 67261.0 129.9 "" "" 0.0028266269237825262 0.0038968707 0.004322102 0.008218972 25.79141412184 64.03693445169 2565.76123 -1.281 -0.08399999999999991
25.77504007471 64.03629044194 0.008 0.0094 0.1226 "" "" 512140322816941568 2733.13184 0.3342 0.0123 -1.127 -0.054 0.009 0.012 1.03 15005.2 3.7902 13.0879 0.72516 13.362346 12.637186 "" "" 2641.677 2806.53906 109593.99162 25.784 61728.0 36.041 69869.0 47.971 "" "" 0.002767135464954594 0.002861278 0.0038521972 0.006713475 25.77504007471 64.03629044194 2733.13184 -1.1270000000000002 -0.05399999999999998
25.31822899466 63.95928220157 0.0074 0.0086 12.7739 "" "" 512884417310815616 2048.28564 0.453 0.0115 -3.086 0.487 0.009 0.012 1.05 5609.1 2.7393 13.122191 1.811648 14.005001 12.193353 -28.92 1.05 1983.17334 2085.07983 106186.70704 24.526 34152.0 28.183 105150.0 59.595 "" "" 0.0027667086079834905 0.0029304978 0.0038291495 0.0067596473 25.31822899466 63.95928220157 2048.28564 -3.086 0.48700000000000015
25.7430647028 64.03903577662 0.0076 0.0087 0.7335 "" "" 512140357176677888 2676.98657 0.3424 0.0115 -1.251 -0.031 0.009 0.012 0.972 "" "" 13.13254 0.637252 13.369038 12.731786 "" "" 2599.38599 2773.54565 105179.39322 31.857 61348.0 54.893 64039.0 56.761 "" "" 0.0027748751454901295 0.002954463 0.0038999782 0.006854441 25.7430647028 64.03903577662 2676.98657 -1.251 -0.030999999999999986
25.80914471482 64.05344243378 0.0077 0.0087 1.4234 "" "" 512141834645417728 2531.18237 0.3624 0.0117 -1.188 -0.009 0.009 0.012 1.047 7070.4 3.2156 13.161443 0.787018 13.463738 12.676721 "" "" 2471.60547 2624.14648 102416.47728 21.438 56224.0 31.367 67371.0 26.158 "" "" 0.0027646772412802576 0.0028551621 0.0038028196 0.006657982 25.80914471482 64.05344243378 2531.18237 -1.1879999999999997 -0.009000000000000077
26.07238425207 64.08692720353 0.0077 0.0088 8.4739 "" "" 512232922310713984 2468.24146 0.3692 0.0121 -0.082 -1.03 0.009 0.011 1.007 5475.0 2.7104 13.197242 1.986351 14.196866 12.210515 -23.98 0.6 2387.20337 2539.38159 99094.64003 18.025 28620.0 17.061 103500.0 26.74 "" "" 0.0027623889078330277 0.0028642549 0.0037897774 0.0066540325 26.07238425207 64.08692720353 2468.24146 -0.08199999999999996 -1.03
25.60898809713 63.94524750504 0.0075 0.0088 6.9453 "" "" 512134412941837056 2491.03149 0.3693 0.0118 0.754 -0.974 0.009 0.012 1.035 7282.9 3.0821 13.22173 0.958708 13.608917 12.650209 "" "" 2422.66797 2561.26758 96884.56867 12.507 49187.0 26.933 69036.0 21.013 "" "" 0.002758882765974125 0.0028528038 0.0037938028 0.0066466066 25.60898809713 63.94524750504 2491.03149 0.754 -0.974
26.08864044611 64.05376570097 0.0152 0.0172 8.4155 "" "" 512232028957539584 2808.59644 0.321 0.025 1.716 -1.282 0.019 0.023 2.029 "" "" 13.260807 2.038592 14.292765 12.254172 0.53 0.63 2587.89111 3070.58423 93459.6155 20.998 26201.0 18.367 99424.0 23.554 "" "" 0.0027660973973754094 0.002892115 0.0037881245 0.0066802395 26.08864044611 64.05376570097 2808.59644 1.7159999999999997 -1.282
25.75579052265 64.02447811879 0.0078 0.01 0.8345 "" "" 512140288457212544 2504.82568 0.3672 0.0121 -1.251 0.006 0.01 0.014 0.968 "" "" 13.333227 0.640281 13.570777 12.930496 "" "" 2434.31665 2574.25903 87429.05564 23.424 50946.0 29.976 53329.0 33.2 "" "" 0.002770632905813462 0.0028623692 0.0038393491 0.006701718 25.75579052265 64.02447811879 2504.82568 -1.251 0.006000000000000132
25.8317143588 63.94542905557 0.0077 0.0095 5.7138 "" "" 512136474526295680 2386.07886 0.3837 0.013 -0.567 0.557 0.01 0.013 1.029 "" "" 13.411815 2.003987 14.42306 12.419073 -63.98 0.58 2319.66138 2449.9436 81324.42931 15.511 23238.0 19.209 85414.0 27.796 "" "" 0.0027630911128871784 0.0029309622 0.0037958617 0.0067268237 25.8317143588 63.94542905557 2386.07886 -0.5670000000000001 0.5570000000000002
25.81057541485 64.05881379102 0.0087 0.0097 1.6884 "" "" 512141834645764224 2734.41455 0.3333 0.013 -1.2 0.018 0.01 0.013 0.917 15002.8 3.8578 13.488489 0.746942 13.774812 13.027869 "" "" 2640.32617 2839.05957 75779.36796 14.232 42217.0 24.929 48754.0 30.469 "" "" 0.002762855195876434 0.0028628812 0.0038398094 0.0067026904 25.81057541485 64.05881379102 2734.41455 -1.2 0.0179999999999999
25.21145731017 63.98982851645 0.0087 0.0095 14.9653 "" "" 512884726548446848 2379.21484 0.3917 0.0134 -0.276 -1.665 0.011 0.013 1.076 "" "" 13.508203 1.309966 14.084007 12.774041 "" "" 2313.17725 2450.84326 74415.87975 23.391 31755.0 35.202 61594.0 45.714 "" "" 0.0027763752714908144 0.0030386976 0.0038643323 0.00690303 25.21145731017 63.98982851645 2379.21484 -0.27600000000000013 -1.665
25.64280862199 63.9572406064 0.0081 0.0094 5.8372 "" "" 512133794466542848 2088.86816 0.4449 0.0126 0.679 1.109 0.01 0.013 1.014 5312.0 2.7183 13.531881 1.942061 14.502895 12.560834 -37.05 0.91 2036.90796 2156.18774 72810.50267 12.053 21590.0 14.853 74959.0 20.476 "" "" 0.0027611760176522388 0.0028884197 0.003791001 0.0066794204 25.64280862199 63.9572406064 2088.86816 0.679 1.109
25.62009777608 64.15051421342 0.0096 0.0109 7.8803 "" "" 512893797519216256 2022.29724 0.4672 0.0147 -1.843 -0.037 0.012 0.014 1.167 9652.7 3.7422 13.543249 0.877031 13.861051 12.984019 "" "" 1968.23169 2105.5542 72052.18053 10.166 38994.0 88.661 50763.0 193.65 "" "" 0.002759575373450676 0.0037254894 0.0056070187 0.009332508 25.62009777608 64.15051421342 2022.29724 -1.8429999999999997 -0.03699999999999994
25.69718210695 64.1845398799 0.008 0.0094 9.0702 "" "" 512894278555504128 2624.2998 0.3478 0.0119 -2.682 -0.382 0.01 0.013 1.012 5075.7 2.7309 13.552094 1.845635 14.460865 12.615231 -53.58 0.89 2551.729 2695.6687 71467.5511 11.44 22442.0 17.502 71296.0 24.895 "" "" 0.002760796023101592 0.002915822 0.003798349 0.006714171 25.69718210695 64.1845398799 2624.2998 -2.682 -0.3819999999999999
26.24820433777 64.10703034477 0.0085 0.0106 13.2213 "" "" 512232406914619008 2824.06372 0.3198 0.0139 -1.231 0.022 0.01 0.014 1.104 "" "" 13.628724 0.969331 14.011562 13.042232 "" "" 2720.0271 2948.51953 66597.39396 13.24 33946.0 33.085 48113.0 44.443 "" "" 0.0027637621589478556 0.0029840963 0.003910188 0.0068942844 26.24820433777 64.10703034477 2824.06372 -1.231 0.02199999999999995
25.86572107078 64.23185840781 0.0087 0.01 11.9659 "" "" 512237835753160064 2843.89478 0.3164 0.0132 -1.4 -1.97 0.011 0.014 1.096 4753.3 2.5813 13.656222 1.99593 14.664789 12.668859 -50.96 0.94 2737.39453 2929.29028 64931.87331 12.41 18600.0 15.889 67860.0 30.385 "" "" 0.002763123165869128 0.002940286 0.0038105207 0.0067508067 25.86572107078 64.23185840781 2843.89478 -1.4000000000000001 -1.97
25.74714130043 64.06106126564 0.0098 0.0108 1.5798 "" "" 512141869005152128 2619.36304 0.347 0.0149 -1.271 -0.006 0.011 0.015 1.095 12154.9 3.8516 13.671642 0.707558 13.940997 13.233439 "" "" 2518.08325 2731.51001 64016.19352 15.031 36226.0 23.629 40344.0 17.5 "" "" 0.0027670885645024955 0.002878642 0.0038086127 0.0066872546 25.74714130043 64.06106126564 2619.36304 -1.271 -0.006000000000000119
25.87518668014 64.00661921303 0.0084 0.0101 3.2934 "" "" 512138570470301696 2391.44019 0.3814 0.0136 -0.478 3.054 0.01 0.013 1.015 "" "" 13.675331 1.920096 14.631194 12.711098 -40.92 0.95 2323.05811 2470.67896 63799.04661 12.674 19184.0 12.737 65271.0 24.991 "" "" 0.002763749310938112 0.002881786 0.0038021756 0.0066839615 25.87518668014 64.00661921303 2391.44019 -0.47799999999999965 3.0540000000000003
25.77860509773 64.02768276171 0.0098 0.0108 0.5868 "" "" 512140322816948480 2612.57983 0.353 0.0142 -1.137 -0.115 0.012 0.014 1.029 11239.7 3.9101 13.705586 0.792965 14.013169 13.220204 "" "" 2532.6792 2717.36255 62045.75131 13.771 33896.0 46.13 40839.0 20.955 "" "" 0.0027658380086876197 0.0031572734 0.0038202216 0.006977495 25.77860509773 64.02768276171 2612.57983 -1.137 -0.1150000000000001
25.74243073887 64.18699749918 0.0089 0.0103 9.0418 "" "" 512143690071260800 2095.61694 0.4432 0.0131 -1.781 0.565 0.011 0.014 1.047 "" "" 13.725973 1.142559 14.211112 13.068553 "" "" 2039.99219 2143.00049 60891.59107 26.637 28247.0 51.499 46961.0 55.213 "" "" 0.002795956270561744 0.0034210207 0.0039891396 0.0074101603 25.74243073887 64.18699749918 2095.61694 -1.7810000000000001 0.565
