Clusters/NGC_637/NGC_637_members.tsv
# %ECSV 1.0
# ---
# datatype:
# - name: RA_ICRS_1
#   unit: deg
#   datatype: float64
#   format: '{:15.11f}'
#   description: Right ascension (ICRS) at Ep=2016.0 (ra)
#   meta: !!omap
#   - {ucd: POS_EQ_RA_MAIN}
#   - {width: 15}
#   - {precision: '11'}
# - name: DE_ICRS_1
#   unit: deg
#   datatype: float64
#   format: '{:15.11f}'
#   description: Declination (ICRS) at Ep=2016.0 (dec)
#   meta: !!omap
#   - {ucd: POS_EQ_DEC_MAIN}
#   - {width: 15}
#   - {precision: '11'}
# - name: e_RA_ICRS
#   unit: mas
#   datatype: float64
#   format: '{:7.4f}'
#   description: Standard error of right ascension (ra_error)
#   meta: !!omap
#   - {ucd: ERROR}
#   - {width: 7}
#   - {precision: '4'}
# - name: e_DE_ICRS
#   unit: mas
#   datatype: float64
#   format: '{:7.4f}'
#   description: Standard error of declination (dec_error)
#   meta: !!omap
#   - {ucd: ERROR}
#   - {width: 7}
#   - {precision: '4'}
# - name: _r_1
#   unit: ''
#   datatype: float64
#   format: '{:7.4f}'
#   description: Distance from center (025.77051884000+64.03679987000)[ICRS], at Epoch=J2016.0
#   meta: !!omap
#   - {ucd: POS_ANG_DIST_GENERAL}
#   - {width: 7}
#   - {precision: '4'}
# - name: HIP
#   datatype: int32
#   description: '? HIP cross-id number, van Leeuwen, Cat. I/311 (hip_original_ext_source_id)'
#   meta: !!omap
#   - {ucd: ID_NUMBER}
#   - {width: 6}
#   - values: {'null': -2147483648}
# - name: TYC2
#   datatype: string
#   description: Tycho-2 cross-id name, Hog et al., Cat. I/259 (tyc2_original_ext_source_id)
#   meta: !!omap
#   - {ucd: ID_CROSSID}
#   - {_votable_string_dtype: char}
# - name: Source
#   datatype: int64
#   description: Source identifier, identical to the Gaia-EDR3 source_id (id)
#   meta: !!omap
#   - {ucd: ID_MAIN}
#   - {width: 19}
# - name: rgeo
#   unit: pc
#   datatype: float64
#   format: '{:15.8f}'
#   description: '? Median of the geometric distance posterior (r_med_geo)'
#   meta: !!omap
#   - {ucd: PHYS_DISTANCE_TRUE}
#   - {width: 15}
#   - {precision: '8'}
#   - values: {'null': .nan}
# - name: Plx
#   unit: mas
#   datatype: float64
#   format: '{:9.4f}'
#   description: '? Parallax (parallax)'
#   meta: !!omap
#   - {ucd: POS_PARLX_TRIG}
#   - {width: 9}
#   - {precision: '4'}
#   - values: {'null': .nan}
# - name: e_Plx
#   unit: mas
#   datatype: float32
#   format: '{:7.4f}'
#   description: '? Standard error of parallax (parallax_error)'
#   meta: !!omap
#   - {ucd: ERROR}
#   - {width: 7}
#   - {precision: '4'}
#   - values: {'null': .nan}
# - name: pmRA
#   unit: mas / yr
#   datatype: float64
#   format: '{:9.3f}'
#   description: '? Proper motion in right ascension direction, pmRA*cosDE (pmra)'
#   meta: !!omap
#   - {ucd: POS_EQ_PMRA}
#   - {width: 9}
#   - {precision: '3'}
#   - values: {'null': .nan}
# - name: pmDE
#   unit: mas / yr
#   datatype: float64
#   format: '{:9.3f}'
#   description: '? Proper motion in declination direction (pmdec)'
#   meta: !!omap
#   - {ucd: POS_EQ_PMDEC}
#   - {width: 9}
#   - {precision: '3'}
#   - values: {'null': .nan}
# - name: e_pmRA
#   unit: mas / yr
#   datatype: float32
#   format: '{:6.3f}'
#   description: '? Standard error of proper motion in right ascension direction (pmra_error)'
#   meta: !!omap
#   - {ucd: ERROR}
#   - {width: 6}
#   - {precision: '3'}
#   - values: {'null': .nan}
# - name: e_pmDE
[...]
#       distance: !astropy.table.SerializedColumn
#         __class__: astropy.coordinates.distances.Distance
#         unit: !astropy.units.Unit {unit: pc}
#         value: !astropy.table.SerializedColumn {name: SkyCoord.distance}
#       frame: icrs
#       obstime: !astropy.time.Time {format: jyear_str, in_subfmt: '*', jd1: 367701545.0, jd2: 0.0, out_subfmt: '*', precision: 3, scale: tt}
#       pm_dec: !astropy.table.SerializedColumn
#         __class__: astropy.units.quantity.Quantity
#         unit: !astropy.units.Unit {unit: mas / yr}
#         value: !astropy.table.SerializedColumn {name: SkyCoord.pm_dec}
#       pm_ra_cosdec: !astropy.table.SerializedColumn
#         __class__: astropy.units.quantity.Quantity
#         unit: !astropy.units.Unit {unit: mas / yr}
#         value: !astropy.table.SerializedColumn {name: SkyCoord.pm_ra_cosdec}
#       ra: !astropy.table.SerializedColumn
#         __class__: astropy.coordinates.angles.Longitude
#         unit: *id001
#         value: !astropy.table.SerializedColumn {name: SkyCoord.ra}
#         wrap_angle: !astropy.coordinates.Angle
#           unit: *id001
#           value: 360.0
#       representation_type: spherical
# schema: astropy-2.0
RA_ICRS_1 DE_ICRS_1 e_RA_ICRS e_DE_ICRS _r_1 HIP TYC2 Source rgeo Plx e_Plx pmRA pmDE e_pmRA e_pmDE RUWE Teff logg Gmag BP-RP BPmag RPmag RV e_RV b_rgeo B_rgeo FG e_FG FBP e_FBP FRP e_FRP RAVE5 RAVE6 e_Gmag e_BPmag e_RPmag e_BP-RP SkyCoord.ra SkyCoord.dec SkyCoord.distance SkyCoord.pm_ra_cosdec SkyCoord.pm_dec rmRA rmDE e_rmRA e_rmDE rRV e_rRV v_pec v_pec3d e_vpec e_vpec3d Pmemb
25.7678838656 64.03703826419 0.009 0.0102 0.0707 "" 4040-300-1 512140322816941312 2478.55225 0.3869 0.014 -1.377 -0.052 0.011 0.014 0.919 18965.9 3.3068 10.086684 0.502772 10.262007 9.759234 "" "" 2396.14771 2563.66626 1738893.98033 807.77 1073000.0 1465.2 989610.0 1076.0 "" "" 0.002801100925346322 0.0031596085 0.0039594634 0.0071190717 25.7678838656 64.03703826419 2478.55225 -1.3769999999999991 -0.05200000000000027 -0.12515559387207031 -0.010355557173490522 0.07433086 0.07733086 "" "" 1.4753947797477542 "" 0.10969806048630895 "" 0.9
25.88409896964 64.03757480397 0.0101 0.0117 2.9838 "" 4040-580-1 512138707909235072 2570.82959 0.3697 0.0158 -1.233 -0.083 0.012 0.016 1.118 17840.3 3.4389 10.507912 0.582509 10.718868 10.136359 "" "" 2454.53857 2703.76392 1179728.22801 1012.1 704480.0 1837.4 699220.0 1828.2 "" "" 0.0029085070505185727 0.0039754272 0.0047267843 0.008702211 25.88409896964 64.03757480397 2570.82959 -1.2330000000000003 -0.08299999999999991 0.01884440612792959 -0.04135555717349053 0.07533086 0.07933086 "" "" 0.5538001397772173 "" 0.04356059352799743 "" 1.0
25.78718006183 64.0415440465 0.0093 0.0108 0.522 "" 4040-26-1 512141800285686272 2593.4104 0.3685 0.0147 -1.367 -0.026 0.011 0.014 1.055 18180.5 3.5021 10.584191 0.568788 10.787603 10.218816 "" "" 2506.37012 2702.92456 1099689.47246 447.05 661260.0 783.61 648080.0 702.73 "" "" 0.0027904486398130967 0.003072532 0.003958503 0.0070310347 25.78718006183 64.0415440465 2593.4104 -1.3670000000000004 -0.025999999999999964 -0.1151555938720703 0.015644442826509477 0.07433086 0.07733086 "" "" 1.4285843176346973 "" 0.1062671037453457 "" 0.8
25.76707361834 64.03949575049 0.0094 0.0104 0.1853 "" "" 512140322816938752 2490.54248 0.3819 0.0143 -1.254 -0.166 0.012 0.014 0.938 "" "" 10.715586 0.554756 10.912363 10.357607 "" "" 2386.50806 2586.44043 974344.394 179.56 589480.0 331.18 570320.0 219.01 "" "" 0.0027625757330619507 0.002856069 0.0038023102 0.006658379 25.76707361834 64.03949575049 2490.54248 -1.254 -0.16599999999999993 -0.002155593872070316 -0.12435555717349053 0.07533086 0.07733086 "" "" 1.4682591968304926 "" 0.11354087207485927 "" 0.8
25.89823401011 64.03524605656 0.0092 0.0108 3.3562 "" 4040-90-1 512138707909237248 2793.90259 0.345 0.0154 -1.328 -0.067 0.011 0.014 1.019 19989.9 3.4994 10.773487 0.631265 11.003677 10.372413 "" "" 2682.72998 2949.58057 923744.50383 1658.2 541930.0 3044.9 562590.0 2897.5 "" "" 0.003374958766933845 0.006708145 0.0067492626 0.013457408 25.89823401011 64.03524605656 2793.90259 -1.3279999999999998 -0.06699999999999928 -0.07615559387207038 -0.02535555717349053 0.07433086 0.07733086 "" "" 1.0629662366482042 "" 0.07933517053777096 "" 1.0
25.80750272217 64.04677972999 0.0085 0.0095 1.141 "" 4040-658-1 512141624186037888 2515.46973 0.368 0.0128 -1.348 -0.069 0.01 0.013 1.08 "" "" 12.075139 0.657876 12.319796 11.66192 "" "" 2428.41064 2600.46045 278542.16058 150.59 161250.0 208.86 171550.0 433.73 "" "" 0.0028171518851014283 0.0031245393 0.0046710945 0.0077956337 25.80750272217 64.04677972999 2515.46973 -1.348 -0.06900000000000017 -0.0961555938720704 -0.02735555717349053 0.07333086 0.076330855 "" "" 1.1919883008106036 "" 0.08768232815675614 "" 0.9
25.70216405597 64.02501470914 0.0072 0.008 1.9301 "" "" 512141010011586816 2466.21387 0.3833 0.0109 -1.305 -0.094 0.009 0.011 0.927 17080.8 3.8341 12.347023 0.594742 12.566615 11.971873 "" "" 2401.4458 2523.30347 216838.99499 37.462 128460.0 63.39 128950.0 54.249 "" "" 0.002761697714010647 0.0028411434 0.0038068837 0.0066480273 25.70216405597 64.02501470914 2466.21387 -1.3050000000000013 -0.09399999999999965 -0.05315559387207025 -0.052355557173490525 0.07233086 0.07433086 "" "" 0.8721775927286171 "" 0.06395025412539601 "" 1.0
25.7533120712 64.03437091383 0.0082 0.0091 0.4749 "" "" 512140352875719296 2597.79907 0.3582 0.0122 -1.229 -0.082 0.01 0.013 1.013 15245.3 4.0258 12.705128 0.578866 12.919167 12.340301 "" "" 2522.44238 2667.67798 155917.84654 30.124 92843.0 46.663 91841.0 41.637 "" "" 0.0027632937601305523 0.0028430317 0.0038113012 0.006654333 25.7533120712 64.03437091383 2597.79907 -1.229 -0.08200000000000013 0.022844406127929595 -0.04035555717349053 0.07333086 0.076330855 "" "" 0.5710147806521362 "" 0.043176572398607074 "" 1.0
25.79141412184 64.03693445169 0.0091 0.0095 0.5489 "" "" 512141800285690752 2565.76123 0.3601 0.013 -1.281 -0.084 0.01 0.012 1.078 16130.5 4.064 13.082621 0.642896 13.32138 12.678484 "" "" 2479.8811 2645.44531 110128.23477 63.993 64101.0 160.61 67261.0 129.9 "" "" 0.0028266269237825262 0.0038968707 0.004322102 0.008218972 25.79141412184 64.03693445169 2565.76123 -1.281 -0.0839999999999999 -0.02915559387207023 -0.04235555717349053 0.07333086 0.07533086 "" "" 0.6253580501227467 "" 0.04671031212870733 "" 0.9
25.77504007471 64.03629044194 0.008 0.0094 0.1226 "" "" 512140322816941568 2733.13184 0.3342 0.0123 -1.127 -0.054 0.009 0.012 1.03 15005.2 3.7902 13.0879 0.72516 13.362346 12.637186 "" "" 2641.677 2806.53906 109593.99162 25.784 61728.0 36.041 69869.0 47.971 "" "" 0.002767135464954594 0.002861278 0.0038521972 0.006713475 25.77504007471 64.03629044194 2733.13184 -1.1270000000000016 -0.05399999999999953 0.12484440612792969 -0.012355557173490524 0.07233086 0.07533086 "" "" 1.6252663061769865 "" 0.11760517746414546 "" 1.0
25.7430647028 64.03903577662 0.0076 0.0087 0.7335 "" "" 512140357176677888 2676.98657 0.3424 0.0115 -1.251 -0.031 0.009 0.012 0.972 "" "" 13.13254 0.637252 13.369038 12.731786 "" "" 2599.38599 2773.54565 105179.39322 31.857 61348.0 54.893 64039.0 56.761 "" "" 0.0027748751454901295 0.002954463 0.0038999782 0.006854441 25.7430647028 64.03903577662 2676.98657 -1.251 -0.030999999999999986 0.0008444061279297976 0.010644442826509476 0.07233086 0.07533086 "" "" 0.13549076375824434 "" 0.010204144263103712 "" 1.0
25.80914471482 64.05344243378 0.0077 0.0087 1.4234 "" "" 512141834645417728 2531.18237 0.3624 0.0117 -1.188 -0.009 0.009 0.012 1.047 7070.4 3.2156 13.161443 0.787018 13.463738 12.676721 "" "" 2471.60547 2624.14648 102416.47728 21.438 56224.0 31.367 67371.0 26.158 "" "" 0.0027646772412802576 0.0028551621 0.0038028196 0.006657982 25.80914471482 64.05344243378 2531.18237 -1.187999999999999 -0.009000000000000438 0.06384440612792974 0.032644442826509475 0.07233086 0.07533086 "" "" 0.8603160208493846 "" 0.06277103348317392 "" 1.0
25.75579052265 64.02447811879 0.0078 0.01 0.8345 "" "" 512140288457212544 2504.82568 0.3672 0.0121 -1.251 0.006 0.01 0.014 0.968 "" "" 13.333227 0.640281 13.570777 12.930496 "" "" 2434.31665 2574.25903 87429.05564 23.424 50946.0 29.976 53329.0 33.2 "" "" 0.002770632905813462 0.0028623692 0.0038393491 0.006701718 25.75579052265 64.02447811879 2504.82568 -1.2509999999999997 0.006000000000000233 0.0008444061279297976 0.047644442826509474 0.07333086 0.07733086 "" "" 0.5657652879123172 "" 0.04375042261863165 "" 0.8
25.81057541485 64.05881379102 0.0087 0.0097 1.6884 "" "" 512141834645764224 2734.41455 0.3333 0.013 -1.2 0.018 0.01 0.013 0.917 15002.8 3.8578 13.488489 0.746942 13.774812 13.027869 "" "" 2640.32617 2839.05957 75779.36796 14.232 42217.0 24.929 48754.0 30.469 "" "" 0.002762855195876434 0.0028628812 0.0038398094 0.0067026904 25.81057541485 64.05881379102 2734.41455 -1.1999999999999997 0.017999999999999676 0.05184440612792973 0.05964444282650948 0.07333086 0.076330855 "" "" 1.0242817157016706 "" 0.07687687123092292 "" 1.0
25.74714130043 64.06106126564 0.0098 0.0108 1.5798 "" "" 512141869005152128 2619.36304 0.347 0.0149 -1.271 -0.006 0.011 0.015 1.095 12154.9 3.8516 13.671642 0.707558 13.940997 13.233439 "" "" 2518.08325 2731.51001 64016.19352 15.031 36226.0 23.629 40344.0 17.5 "" "" 0.0027670885645024955 0.002878642 0.0038086127 0.0066872546 25.74714130043 64.06106126564 2619.36304 -1.2709999999999995 -0.0060000000000002855 -0.01915559387207022 0.03564444282650948 0.07433086 0.07833086 "" "" 0.5024117587678094 "" 0.03891302983865611 "" 0.9
25.77860509773 64.02768276171 0.0098 0.0108 0.5868 "" "" 512140322816948480 2612.57983 0.353 0.0142 -1.137 -0.115 0.012 0.014 1.029 11239.7 3.9101 13.705586 0.792965 14.013169 13.220204 "" "" 2532.6792 2717.36255 62045.75131 13.771 33896.0 46.13 40839.0 20.955 "" "" 0.0027658380086876197 0.0031572734 0.0038202216 0.006977495 25.77860509773 64.02768276171 2612.57983 -1.137 -0.11500000000000019 0.11484440612792968 -0.07335555717349053 0.07533086 0.07733086 "" "" 1.6875516866878493 "" 0.1281118604774773 "" 0.8
25.78569629969 64.04693739944 0.0101 0.0112 0.7272 "" "" 512141800285682816 2650.39697 0.3437 0.0151 -1.192 0.002 0.012 0.016 0.976 11804.5 3.934 13.883491 0.766337 14.180288 13.413951 "" "" 2561.19775 2746.90869 52668.42622 20.798 29060.0 42.606 34165.0 45.051 "" "" 0.002788477843879464 0.0032123206 0.004041466 0.0072537865 25.78569629969 64.04693739944 2650.39697 -1.192 0.002000000000000145 0.05984440612792974 0.04364444282650948 0.07533086 0.07933086 "" "" 0.9305178389163008 "" 0.07141102401564288 "" 0.9
25.68491974769 64.02779721859 0.0097 0.0109 2.3128 "" "" 512140975651848064 2608.31274 0.361 0.0146 -1.264 -0.046 0.012 0.015 0.91 12392.9 3.9881 13.945059 0.768943 14.241979 13.473036 "" "" 2491.229 2703.22241 49764.92423 9.3741 27455.0 18.955 32355.0 15.605 "" "" 0.00276290007479387 0.0028891072 0.0038154873 0.0067045945 25.68491974769 64.02779721859 2608.31274 -1.2640000000000005 -0.046000000000000055 -0.012155593872070325 -0.0043555571734905235 0.07533086 0.07833086 "" "" 0.15964084603072415 "" 0.012081332573077665 "" 1.0
25.74468045565 64.02091672751 0.0096 0.0111 1.1701 "" "" 512140185378000000 2849.69629 0.317 0.015 -1.205 0.041 0.012 0.016 1.011 11825.4 3.8503 13.952435 0.725109 14.226401 13.501292 "" "" 2764.48096 2966.70361 49427.99668 11.185 27852.0 16.595 31524.0 14.573 "" "" 0.0027662525058930066 0.0028641827 0.0038125645 0.0066767475 25.74468045565 64.02091672751 2849.69629 -1.205000000000001 0.04099999999999979 0.046844406127929616 0.08264444282650948 0.07533086 0.07933086 "" "" 1.2831828573079676 "" 0.10057203294304268 "" 0.9
25.83551828538 64.0723617282 0.0098 0.0112 2.7321 "" "" 512141765925931904 2447.0752 0.3777 0.0152 -1.234 -0.053 0.011 0.015 0.992 12180.6 3.8686 13.96106 0.729344 14.239497 13.510153 "" "" 2350.76855 2548.90503 49036.89608 9.6647 27518.0 16.487 31268.0 15.071 "" "" 0.002763617253736228 0.002864996 0.003815441 0.006680437 25.83551828538 64.0723617282 2447.0752 -1.2340000000000004 -0.053000000000000234 0.0178444061279297 -0.011355557173490523 0.07433086 0.07833086 "" "" 0.24533517426632062 "" 0.018524165782045188 "" 0.9
25.73396739109 64.04704935345 0.0098 0.0108 1.14 "" "" 512140391536410240 2685.07812 0.3453 0.0145 -1.314 -0.024 0.012 0.015 0.949 11068.8 3.9874 13.971089 0.743111 14.256161 13.51305 "" "" 2602.05908 2781.13647 48585.97018 8.7802 27099.0 16.744 31184.0 16.93 "" "" 0.0027622974468286465 0.002869686 0.003825073 0.0066947592 25.73396739109 64.04704935345 2685.07812 -1.314 -0.02399999999999993 -0.06215559387207037 0.017644442826509475 0.07533086 0.07833086 "" "" 0.8223278548604672 "" 0.062134021856452025 "" 1.0
25.79390086506 64.06670484554 0.0101 0.0114 1.8964 "" "" 512141834645411200 2500.92993 0.3685 0.0157 -1.183 -0.047 0.012 0.016 0.96 12239.0 3.8964 13.992168 0.740398 14.276399 13.536 "" "" 2411.72876 2607.85376 47651.8152 9.6696 26599.0 18.354 30532.0 19.145 "" "" 0.002764114717676197 0.0028890013 0.0038402118 0.006729213 25.79390086506 64.06670484554 2500.92993 -1.183 -0.04700000000000007 0.06884440612792964 -0.005355557173490524 0.07533086 0.07933086 "" "" 0.8185753397994467 "" 0.06168420032257679 "" 1.0
25.73422420985 64.06219879876 0.0103 0.011 1.7974 "" "" 512142624919395840 2755.72241 0.3346 0.015 -1.282 0.037 0.012 0.015 1.024 11706.3 4.0259 14.060539 0.685951 14.319605 13.633654 "" "" 2637.68726 2870.76074 44743.60157 9.3498 25561.0 16.054 27906.0 12.574 "" "" 0.002764645332075775 0.002872291 0.003810913 0.0066832043 25.73422420985 64.06219879876 2755.72241 -1.282 0.036999999999999936 -0.03015559387207034 0.07864444282650948 0.07533086 0.07833086 "" "" 1.1001928961674545 "" 0.08576307965041775 "" 1.0
25.60257850038 64.04401197338 0.0102 0.011 4.432 "" "" 512140941292107264 2660.07397 0.3479 0.0151 -1.263 -0.024 0.012 0.015 0.934 11778.1 4.0972 14.140626 0.793856 14.448461 13.654605 "" "" 2578.35107 2774.69067 41561.99438 7.6401 22700.0 14.171 27373.0 16.87 "" "" 0.002762539303569977 0.002871316 0.0038381605 0.0067094765 25.60257850038 64.04401197338 2660.07397 -1.263 -0.024000000000000105 -0.011155593872070213 0.017644442826509475 0.07533086 0.07833086 "" "" 0.2632100888971013 "" 0.020395090654943816 "" 0.9
25.72523417672 64.03005252868 0.0114 0.0123 1.2567 "" "" 512140249796345600 2498.34058 0.3699 0.0167 -1.261 -0.016 0.014 0.017 0.962 11843.5 3.9937 14.395255 0.746726 14.679571 13.932845 "" "" 2402.08423 2602.58252 32873.40432 8.0314 18348.0 22.989 21185.0 16.636 "" "" 0.002768059244498262 0.003104133 0.0038743583 0.0069784913 25.72523417672 64.03005252868 2498.34058 -1.261 -0.016000000000000174 -0.009155593872070211 0.025644442826509475 0.07733086 0.08033086 "" "" 0.32245902361507806 "" 0.025795865178974656 "" 1.0
25.76740520304 64.03398470669 0.0152 0.0163 0.1877 "" "" 512140322816942848 2792.32324 0.3296 0.0218 -1.042 -0.347 0.019 0.023 1.246 10145.3 4.1892 14.502943 0.8368 14.824788 13.987988 "" "" 2644.2207 3008.12231 29769.35149 6.1438 16051.0 30.165 20136.0 32.427 "" "" 0.0027644165172988873 0.0034566568 0.004164237 0.007620894 25.76740520304 64.03398470669 2792.32324 -1.0419999999999998 -0.3469999999999998 0.20984440612792965 -0.3053555571734905 0.08233086 0.08633086 "" "" 4.903909352482048 "" 0.41716703706990255 "" 0.8
25.87665486363 64.01923211431 0.0119 0.0144 2.9814 "" "" 512138604830034048 2818.59521 0.3299 0.0199 -1.242 -0.056 0.014 0.019 0.994 10540.7 3.8648 14.552402 0.76406 14.845441 14.081381 "" "" 2664.53271 2947.51562 28443.67774 6.5865 15749.0 14.604 18476.0 13.672 "" "" 0.002766766977533834 0.0029662591 0.003863836 0.0068300953 25.87665486363 64.01923211431 2818.59521 -1.242 -0.05600000000000008 0.009844406127929695 -0.014355557173490525 0.07733086 0.08233086 "" "" 0.23255641238653196 "" 0.018782486690531792 "" 0.8
25.76136787573 64.05389234719 0.0128 0.0136 1.0533 "" "" 512141869005156736 2423.93457 0.3779 0.0187 -1.26 0.014 0.015 0.019 0.989 10949.3 4.0396 14.616388 0.771245 14.912147 14.140902 "" "" 2326.58813 2541.84937 26815.8358 6.208 14810.0 12.234 17490.0 14.839 "" "" 0.002766761267282163 0.0029307771 0.0038900229 0.0068208 25.76136787573 64.05389234719 2423.93457 -1.2599999999999998 0.0140000000000002 -0.008155593872070321 0.055644442826509474 0.07833086 0.08233086 "" "" 0.6461544156838394 "" 0.053145388552045696 "" 1.0
25.77264501604 63.97160191473 0.0159 0.0189 3.9123 "" "" 512139498183254656 2822.01758 0.3295 0.0261 -1.221 0.085 0.02 0.026 1.296 8305.0 3.8415 14.863224 1.049157 15.294388 14.245231 "" "" 2638.44409 3075.63745 21362.74284 3.9265 10415.0 9.9946 15888.0 10.674 "" "" 0.002762537508872119 0.0029783596 0.0038491287 0.0068274885 25.77264501604 63.97160191473 2822.01758 -1.221 0.08500000000000041 0.030844406127929602 0.1266444428265095 0.083330855 0.08933086 "" "" 1.743561230689926 "" 0.15518667152576174 "" 0.8
25.77439872488 64.03113845369 0.0149 0.0162 0.3546 "" "" 512140322816945536 2689.28345 0.3504 0.0222 -1.305 0.019 0.019 0.022 0.919 9260.6 4.2181 15.003992 0.97476 15.401438 14.426678 "" "" 2513.01416 2900.28296 18765.06025 4.7349 9437.2 13.543 13443.0 16.613 "" "" 0.00276890642444848 0.0031957366 0.0040104934 0.00720623 25.77439872488 64.03113845369 2689.28345 -1.305 0.019000000000000072 -0.05315559387207025 0.06064444282650948 0.08233086 0.08533086 "" "" 1.0279705355276163 "" 0.0863912471660174 "" 1.0
