Clusters/NGC_637/NGC_637_stars_in_region.tsv
# %ECSV 1.0
# ---
# datatype:
# - name: RA_ICRS_1
#   unit: deg
#   datatype: float64
#   format: '{:15.11f}'
#   description: Right ascension (ICRS) at Ep=2016.0 (ra)
#   meta: !!omap
#   - {ucd: POS_EQ_RA_MAIN}
#   - {width: 15}
#   - {precision: '11'}
# - name: DE_ICRS_1
#   unit: deg
#   datatype: float64
#   format: '{:15.11f}'
#   description: Declination (ICRS) at Ep=2016.0 (dec)
#   meta: !!omap
#   - {ucd: POS_EQ_DEC_MAIN}
#   - {width: 15}
#   - {precision: '11'}
# - name: e_RA_ICRS
#   unit: mas
#   datatype: float64
#   format: '{:7.4f}'
#   description: Standard error of right ascension (ra_error)
#   meta: !!omap
#   - {ucd: ERROR}
#   - {width: 7}
#   - {precision: '4'}
# - name: e_DE_ICRS
#   unit: mas
#   datatype: float64
#   format: '{:7.4f}'
#   description: Standard error of declination (dec_error)
#   meta: !!omap
#   - {ucd: ERROR}
#   - {width: 7}
#   - {precision: '4'}
# - name: _r_1
#   unit: ''
#   datatype: float64
#   format: '{:7.4f}'
#   description: Distance from center (025.77051884000+64.03679987000)[ICRS], at Epoch=J2016.0
#   meta: !!omap
#   - {ucd: POS_ANG_DIST_GENERAL}
#   - {width: 7}
#   - {precision: '4'}
# - name: HIP
#   datatype: int32
#   description: '? HIP cross-id number, van Leeuwen, Cat. I/311 (hip_original_ext_source_id)'
#   meta: !!omap
#   - {ucd: ID_NUMBER}
#   - {width: 6}
#   - values: {'null': -2147483648}
# - name: TYC2
#   datatype: string
#   description: Tycho-2 cross-id name, Hog et al., Cat. I/259 (tyc2_original_ext_source_id)
#   meta: !!omap
#   - {ucd: ID_CROSSID}
#   - {_votable_string_dtype: char}
# - name: Source
#   datatype: int64
#   description: Source identifier, identical to the Gaia-EDR3 source_id (id)
#   meta: !!omap
#   - {ucd: ID_MAIN}
#   - {width: 19}
# - name: rgeo
#   unit: pc
#   datatype: float64
#   format: '{:15.8f}'
#   description: '? Median of the geometric distance posterior (r_med_geo)'
#   meta: !!omap
#   - {ucd: PHYS_DISTANCE_TRUE}
#   - {width: 15}
#   - {precision: '8'}
#   - values: {'null': .nan}
# - name: Plx
#   unit: mas
#   datatype: float64
#   format: '{:9.4f}'
#   description: '? Parallax (parallax)'
#   meta: !!omap
#   - {ucd: POS_PARLX_TRIG}
#   - {width: 9}
#   - {precision: '4'}
#   - values: {'null': .nan}
# - name: e_Plx
#   unit: mas
#   datatype: float32
#   format: '{:7.4f}'
#   description: '? Standard error of parallax (parallax_error)'
#   meta: !!omap
#   - {ucd: ERROR}
#   - {width: 7}
#   - {precision: '4'}
#   - values: {'null': .nan}
# - name: pmRA
#   unit: mas / yr
#   datatype: float64
#   format: '{:9.3f}'
#   description: '? Proper motion in right ascension direction, pmRA*cosDE (pmra)'
#   meta: !!omap
#   - {ucd: POS_EQ_PMRA}
#   - {width: 9}
#   - {precision: '3'}
#   - values: {'null': .nan}
# - name: pmDE
#   unit: mas / yr
#   datatype: float64
#   format: '{:9.3f}'
#   description: '? Proper motion in declination direction (pmdec)'
#   meta: !!omap
#   - {ucd: POS_EQ_PMDEC}
#   - {width: 9}
#   - {precision: '3'}
#   - values: {'null': .nan}
# - name: e_pmRA
#   unit: mas / yr
#   datatype: float32
#   format: '{:6.3f}'
#   description: '? Standard error of proper motion in right ascension direction (pmra_error)'
#   meta: !!omap
#   - {ucd: ERROR}
#   - {width: 6}
#   - {precision: '3'}
#   - values: {'null': .nan}
# - name: e_pmDE
[...]
#         unit: &id001 !astropy.units.Unit {unit: deg}
#         value: !astropy.table.SerializedColumn {name: SkyCoord.dec}
#       distance: !astropy.table.SerializedColumn
#         __class__: astropy.coordinates.distances.Distance
#         unit: !astropy.units.Unit {unit: pc}
#         value: !astropy.table.SerializedColumn {name: SkyCoord.distance}
#       frame: icrs
#       obstime: !astropy.time.Time {format: jyear_str, in_subfmt: '*', jd1: 367701545.0, jd2: 0.0, out_subfmt: '*', precision: 3, scale: tt}
#       pm_dec: !astropy.table.SerializedColumn
#         __class__: astropy.units.quantity.Quantity
#         unit: !astropy.units.Unit {unit: mas / yr}
#         value: !astropy.table.SerializedColumn {name: SkyCoord.pm_dec}
#       pm_ra_cosdec: !astropy.table.SerializedColumn
#         __class__: astropy.units.quantity.Quantity
#         unit: !astropy.units.Unit {unit: mas / yr}
#         value: !astropy.table.SerializedColumn {name: SkyCoord.pm_ra_cosdec}
#       ra: !astropy.table.SerializedColumn
#         __class__: astropy.coordinates.angles.Longitude
#         unit: *id001
#         value: !astropy.table.SerializedColumn {name: SkyCoord.ra}
#         wrap_angle: !astropy.coordinates.Angle
#           unit: *id001
#           value: 360.0
#       representation_type: spherical
# schema: astropy-2.0
RA_ICRS_1 DE_ICRS_1 e_RA_ICRS e_DE_ICRS _r_1 HIP TYC2 Source rgeo Plx e_Plx pmRA pmDE e_pmRA e_pmDE RUWE Teff logg Gmag BP-RP BPmag RPmag RV e_RV b_rgeo B_rgeo FG e_FG FBP e_FBP FRP e_FRP RAVE5 RAVE6 e_Gmag e_BPmag e_RPmag e_BP-RP SkyCoord.ra SkyCoord.dec SkyCoord.distance SkyCoord.pm_ra_cosdec SkyCoord.pm_dec
[from data line 202]
26.17039953342 64.05852088397 0.0355 0.0403 10.5804 "" "" 512231891513027840 2165.7522 0.4499 0.0594 -0.865 -0.094 0.043 0.052 2.119 "" "" 15.793164 0.984137 16.10203 15.117893 "" "" 1892.00269 2567.37598 9071.54395 4.9024 4950.0 64.871 7112.1 58.499 "" "" 0.0028171018725062914 0.014499832 0.00969728 0.024197113 26.17039953342 64.05852088397 2165.7522 -0.865 -0.09399999999999994
25.54275034416 63.90068769841 0.0198 0.0233 10.1324 "" "" 512133931905512448 2975.41284 0.3151 0.032 -1.547 -0.261 0.025 0.03 1.02 9365.8 4.2712 15.79613 0.931262 16.175137 15.243875 "" "" 2739.56421 3257.5127 9046.79366 2.6419 4627.7 9.2896 6333.0 7.2628 "" "" 0.002773502940416143 0.003540516 0.0039792093 0.0075197252 25.54275034416 63.90068769841 2975.41284 -1.547 -0.26100000000000007
26.28203060929 64.16178684483 0.0195 0.0236 15.361 "" "" 512234056182260992 2539.9541 0.3629 0.0311 -1.232 -0.013 0.025 0.033 1.009 "" "" 15.799713 0.999192 16.20057 15.201377 "" "" 2382.47974 2738.10669 9016.99023 2.8374 4520.5 8.7678 6585.8 11.412 "" "" 0.002776421278162137 0.003495665 0.004221769 0.0077174343 26.28203060929 64.16178684483 2539.9541 -1.2319999999999998 -0.013000000000000053
25.93468083749 64.17487990653 0.0196 0.0248 9.3349 "" "" 512236701883793280 2880.91138 0.3264 0.0314 -0.565 -0.425 0.024 0.035 1.026 8275.3 4.3284 15.805675 0.977378 16.205147 15.227769 "" "" 2640.72119 3210.05078 8967.61275 2.9925 4501.5 9.6011 6427.6 9.5976 "" "" 0.002779039171775948 0.0036259696 0.004112425 0.0077383947 25.93468083749 64.17487990653 2880.91138 -0.565 -0.42500000000000004
25.89043520454 63.89477153509 0.0196 0.0235 9.088 "" "" 512136062209466368 2783.67334 0.3465 0.0318 -2.185 0.143 0.024 0.032 1.015 9576.6 4.3504 15.807333 1.114959 16.273445 15.158486 "" "" 2551.81543 3060.32153 8953.9302 2.5173 4227.1 7.4589 6851.2 8.908 "" "" 0.002772176514417842 0.0033845895 0.0040344247 0.0074190143 25.89043520454 63.89477153509 2783.67334 -2.185 0.14300000000000018
25.73792187943 64.04982292124 0.0208 0.024 1.159 "" "" 512140391536752000 2813.48853 0.3438 0.0314 -1.266 -0.021 0.025 0.033 0.99 9046.4 4.2229 15.808261 1.020001 16.229671 15.209671 "" "" 2587.74219 3053.32495 8946.27995 2.7368 4401.0 9.2647 6535.7 8.221 "" "" 0.0027752672413650942 0.003606815 0.0040185666 0.0076253815 25.73792187943 64.04982292124 2813.48853 -1.2660000000000002 -0.02100000000000001
25.99502922282 64.02181673006 0.0202 0.0232 5.967 "" "" 512138776628722944 2572.12427 0.3502 0.0316 -1.304 0.029 0.025 0.031 1.017 9262.6 3.9846 15.814007 1.169635 16.311632 15.141997 "" "" 2416.58423 2775.00342 8899.05843 2.6928 4081.0 8.6074 6956.0 9.5923 "" "" 0.0027748380113884895 0.0036095718 0.004065146 0.0076747183 25.99502922282 64.02181673006 2572.12427 -1.304 0.029000000000000033
25.80224868098 64.02847413098 0.0223 0.024 0.9718 "" "" 512140112357396352 2758.96948 0.3358 0.0323 -1.342 -0.008 0.027 0.033 1.021 9185.6 4.1993 15.81922 1.037851 16.244389 15.206537 "" "" 2560.43555 2988.79517 8856.43585 2.9154 4341.7 9.7444 6554.6 10.541 "" "" 0.002778404112679311 0.0037044615 0.0041632275 0.007867689 25.80224868098 64.02847413098 2758.96948 -1.3419999999999999 -0.00800000000000011
25.74416490906 64.06767789748 0.0206 0.0231 1.9777 "" "" 512142624919393792 2533.61597 0.3638 0.0311 -1.398 -0.072 0.025 0.031 0.979 9207.5 4.2652 15.830814 0.984868 16.231379 15.24651 "" "" 2370.73145 2723.14746 8762.35866 2.5386 4394.1 9.7767 6317.6 8.4261 "" "" 0.0027732173875982843 0.0036906304 0.0040473104 0.007737941 25.74416490906 64.06767789748 2533.61597 -1.3979999999999997 -0.07200000000000008
25.74047483857 64.27489040044 0.0194 0.0227 14.307 "" "" 512988802195126400 2812.06738 0.3333 0.0292 -1.472 -0.616 0.025 0.03 1.029 8740.3 4.3103 15.839355 0.965784 16.232718 15.266933 "" "" 2619.25317 3007.11963 8693.70453 2.441 4388.6 7.4021 6199.9 7.8495 "" "" 0.0027721333578017695 0.003337456 0.004021604 0.00735906 25.74047483857 64.27489040044 2812.06738 -1.472 -0.6160000000000001
26.19979548201 64.17241546276 0.0201 0.0252 13.8831 "" "" 512234365419647104 2565.16724 0.3682 0.0324 -1.239 -0.023 0.026 0.034 0.938 9532.0 4.0709 15.844319 1.248696 16.376596 15.1279 "" "" 2363.96777 2796.15771 8654.03844 2.4778 3844.0 8.3747 7046.9 8.0565 "" "" 0.0027728011844731218 0.0036579105 0.003978005 0.0076359157 26.19979548201 64.17241546276 2565.16724 -1.2390000000000003 -0.022999999999999892
25.74207428031 64.02455784999 0.0229 0.0262 1.0479 "" "" 512140357176689664 3017.86548 0.3058 0.0345 -1.306 0.01 0.029 0.039 1.049 8824.9 4.2503 15.84678 1.280504 16.396902 15.116398 "" "" 2688.70874 3396.25049 8634.45447 3.3373 3772.7 12.633 7122.0 14.135 "" "" 0.002787094086001632 0.0045828796 0.0043505323 0.008933412 25.74207428031 64.02455784999 3017.86548 -1.3059999999999998 0.009999999999999907
25.52870042291 63.88744353788 0.0203 0.0258 10.9941 "" "" 512133897546192128 2572.05103 0.3657 0.0337 -5.036 -1.437 0.025 0.036 0.999 7497.3 4.1038 15.855731 1.301323 16.428236 15.126913 "" "" 2327.81543 2832.60327 8563.56166 2.4656 3665.4 8.0883 7053.3 13.052 "" "" 0.002772996527636753 0.0036776569 0.0042802277 0.007957885 25.52870042291 63.88744353788 2572.05103 -5.0360000000000005 -1.4370000000000003
25.39907517727 63.95690536376 0.0207 0.0232 10.8835 "" "" 512885104505584256 2649.54077 0.3601 0.0316 -3.439 -0.083 0.026 0.032 0.954 9292.1 4.3936 15.860155 1.018536 16.282059 15.263523 "" "" 2450.51196 2884.74585 8528.73662 2.4892 4193.7 7.2168 6219.4 7.1879 "" "" 0.0027734823698150712 0.0033579748 0.003982245 0.00734022 25.39907517727 63.95690536376 2649.54077 -3.439 -0.08300000000000032
25.6987171663 64.01707326599 0.0214 0.0234 2.2272 "" "" 512140219737605632 2979.08276 0.3128 0.0323 -1.237 -0.14 0.028 0.032 0.983 7993.4 3.8773 15.892046 1.047069 16.326254 15.279185 "" "" 2659.87305 3327.02124 8281.86766 2.6697 4026.4 9.9045 6130.3 10.174 "" "" 0.002777459988778958 0.0038624052 0.004186959 0.008049364 25.6987171663 64.01707326599 2979.08276 -1.237 -0.14
25.75304337309 64.0461388891 0.0224 0.0244 0.7243 "" "" 512140391536410752 2735.06348 0.3396 0.034 -1.213 -0.139 0.028 0.035 1.022 8987.0 4.3763 15.893162 0.955604 16.283354 15.32775 "" "" 2507.34521 2996.92114 8273.36055 2.6705 4188.7 8.6375 5862.2 8.224 "" "" 0.0027775186088795545 0.003577385 0.004074771 0.007652156 25.75304337309 64.0461388891 2735.06348 -1.213 -0.13900000000000012
26.26054648498 64.03760282237 0.0219 0.0257 12.8717 "" "" 512220037408857600 2136.85693 0.4476 0.034 -0.834 -0.839 0.026 0.034 0.993 9325.9 4.1158 15.914877 1.269905 16.463154 15.193249 "" "" 1984.37134 2283.45386 8109.53185 2.504 3549.4 10.22 6635.3 10.397 "" "" 0.0027756402652806956 0.004190266 0.0041446383 0.008334905 26.26054648498 64.03760282237 2136.85693 -0.8339999999999999 -0.839
25.32431142838 64.18877753096 0.0212 0.025 14.8249 "" "" 512896443219024512 2840.10669 0.3237 0.0337 -2.474 0.029 0.026 0.034 1.015 8910.3 4.2033 15.916606 0.960354 16.313427 15.353073 "" "" 2565.93262 3164.80298 8096.63274 2.5308 4074.2 11.45 5727.0 9.5212 "" "" 0.0027761418672027508 0.004134681 0.0041883085 0.00832299 25.32431142838 64.18877753096 2840.10669 -2.4740000000000006 0.02900000000000007
25.34401446349 64.05514567183 0.0212 0.024 11.2535 "" "" 512886547614527488 2449.82153 0.3814 0.0339 -2.831 0.964 0.027 0.035 1.008 7188.9 4.2766 15.934303 1.430442 16.581081 15.15064 "" "" 2260.20972 2616.94189 7965.72733 2.7202 3184.1 6.7932 6900.8 9.2 "" "" 0.0027801540784304743 0.003626392 0.004047089 0.0076734805 25.34401446349 64.05514567183 2449.82153 -2.831 0.9640000000000001
25.74326437728 64.05955716409 0.0218 0.0247 1.5416 "" "" 512141869005153152 2295.09839 0.4096 0.0328 -0.545 0.664 0.027 0.034 1.011 6877.3 4.2103 15.934484 1.379007 16.548124 15.169117 "" "" 2140.36938 2476.84595 7964.39902 2.4008 3282.2 11.887 6784.4 8.7356 "" "" 0.0027746901540474716 0.0048215096 0.0040296544 0.008851164 25.74326437728 64.05955716409 2295.09839 -0.5449999999999999 0.664
25.78761567287 64.02800854549 0.0218 0.0247 0.6928 "" "" 512140322816948096 2910.13916 0.3277 0.0331 -1.204 -0.092 0.027 0.034 0.961 9477.1 4.298 15.940577 1.049228 16.371458 15.32223 "" "" 2642.14648 3218.01318 7919.83815 2.6685 3862.2 10.696 5892.0 11.343 "" "" 0.002779499676748091 0.0041019702 0.0043188767 0.008420847 25.78761567287 64.02800854549 2910.13916 -1.204 -0.09199999999999992
25.57305326559 63.90194943494 0.0221 0.0242 9.6176 "" "" 512133966265250048 2158.32568 0.4466 0.0346 -0.788 1.345 0.028 0.034 1.019 7474.8 4.1289 15.95128 1.351768 16.54771 15.195942 "" "" 1988.3623 2345.40308 7842.14394 2.3777 3283.5 7.8083 6618.8 8.8747 "" "" 0.002774915389852403 0.0038014983 0.004050068 0.007851566 25.57305326559 63.90194943494 2158.32568 -0.788 1.3449999999999998
25.86897724064 64.05675712249 0.0239 0.027 2.8492 "" "" 512141697206461440 2753.42993 0.3326 0.0367 -1.372 0.066 0.029 0.036 1.107 8534.5 4.2049 15.95864 1.301316 16.52511 15.223794 "" "" 2500.10815 3057.39551 7789.16468 2.692 3352.5 10.748 6451.2 9.1935 "" "" 0.0027807542207321473 0.0044610812 0.0040838406 0.008544922 25.86897724064 64.05675712249 2753.42993 -1.3720000000000003 0.06600000000000004
25.93584231175 63.89894065224 0.0214 0.0248 9.3472 "" "" 512135443735581696 2752.41333 0.3351 0.0344 -0.978 0.182 0.027 0.033 0.989 9246.6 4.0562 15.962583 1.14644 16.446058 15.299618 "" "" 2531.17456 3034.83252 7760.93241 2.7115 3605.7 7.5353 6016.0 8.9492 "" "" 0.002781309496560829 0.0035963075 0.0041100234 0.007706331 25.93584231175 63.89894065224 2752.41333 -0.978 0.18199999999999994
25.93987592793 64.11464141732 0.0225 0.0268 6.4458 "" "" 512236083406623488 2727.12354 0.3409 0.035 -1.788 -0.562 0.027 0.034 1.013 6436.7 3.8373 15.972055 1.778147 16.828957 15.05081 "" "" 2449.21899 2951.65234 7693.5117 2.6012 2534.2 7.8085 7565.4 9.655 "" "" 0.002779666352802129 0.004356249 0.0040253787 0.0083816275 25.93987592793 64.11464141732 2727.12354 -1.788 -0.5620000000000002
26.21880882303 63.91295121953 0.0225 0.0256 13.9462 "" "" 512125204532124160 2080.55298 0.4554 0.0359 1.262 1.01 0.028 0.034 0.963 7731.1 4.2464 15.974377 1.330517 16.553158 15.222641 "" "" 1917.72571 2245.41992 7677.07692 7.1269 3267.0 15.08 6458.1 18.795 "" "" 0.0029338892710905323 0.0057359566 0.004926273 0.01066223 26.21880882303 63.91295121953 2080.55298 1.2619999999999998 1.0099999999999998
26.08359086791 63.85722704016 0.0225 0.0244 13.5702 "" "" 512123658343939968 2845.86597 0.321 0.035 -1.797 -0.659 0.029 0.032 0.949 9239.3 4.0517 15.976279 1.288409 16.539448 15.251039 "" "" 2605.3269 3197.07202 7663.6418 2.4053 3308.5 7.2787 6291.3 9.3554 "" "" 0.002776312658534639 0.0036729486 0.0041097975 0.007782746 26.08359086791 63.85722704016 2845.86597 -1.7969999999999997 -0.6589999999999998
26.06791706453 64.01095249941 0.0213 0.0253 7.9679 "" "" 512137982053594624 2986.3855 0.3107 0.0342 -0.891 1.045 0.026 0.033 0.988 8831.0 3.967 15.986398 1.396582 16.606485 15.209904 "" "" 2760.31152 3350.74268 7592.5467 2.3977 3110.4 11.376 6534.3 10.651 "" "" 0.0027765717033217657 0.0048532183 0.004173224 0.009026442 26.06791706453 64.01095249941 2986.3855 -0.8909999999999998 1.045
25.3346911106 64.0316321085 0.022 0.0244 11.4534 "" "" 512886513254809600 2650.75 0.3602 0.0341 -0.728 0.668 0.028 0.035 1.015 7099.8 4.1632 15.988578 1.360014 16.593527 15.233513 "" "" 2411.71436 2885.98389 7577.31809 2.394 3147.8 8.5215 6393.7 7.5371 "" "" 0.0027765913349956776 0.0040526665 0.0039902222 0.008042889 25.3346911106 64.0316321085 2650.75 -0.7279999999999999 0.6680000000000001
26.30589377283 63.99839735229 0.023 0.0266 14.26 "" "" 512219728171235456 2194.73975 0.4294 0.0353 0.877 -2.815 0.027 0.034 1.011 7170.3 4.0 15.996471 1.441691 16.644375 15.202683 "" "" 2031.94861 2366.15039 7522.42863 2.6005 3003.8 9.5084 6577.9 9.339 "" "" 0.0027807675894536564 0.004426849 0.004081652 0.008508502 26.30589377283 63.99839735229 2194.73975 0.8770000000000001 -2.8150000000000004
25.32795266845 64.08925755291 0.0222 0.0258 12.0331 "" "" 512886891211880576 2822.6272 0.3452 0.0349 -1.641 0.565 0.028 0.037 1.029 9314.1 4.2988 16.014463 0.963043 16.406303 15.44326 "" "" 2587.18384 3090.06641 7398.79798 2.5114 3740.2 8.6965 5270.5 7.3696 "" "" 0.00277985748192281 0.0037627262 0.0040729013 0.0078356275 25.32795266845 64.08925755291 2822.6272 -1.641 0.565
25.80284136695 63.78004681999 0.0249 0.0279 15.4288 "" "" 512128674865814272 2862.74414 0.322 0.0372 -2.335 -0.16 0.031 0.036 1.06 8867.2 3.5952 16.024765 1.338495 16.610132 15.271637 "" "" 2655.2876 3095.44458 7328.93401 2.7179 3100.0 9.2941 6173.1 8.3072 "" "" 0.0027845840628003384 0.0042873067 0.0040519745 0.008339281 25.80284136695 63.78004681999 2862.74414 -2.335 -0.15999999999999995
25.64273970379 63.8818292167 0.0227 0.0262 9.8887 "" "" 512133141631534848 2212.93066 0.4342 0.0357 2.987 -3.728 0.028 0.037 1.002 6526.6 3.8012 16.02857 1.48902 16.70923 15.22021 "" "" 2011.70618 2376.06934 7303.29615 2.487 2829.6 6.8487 6472.5 11.146 "" "" 0.0027800157309928564 0.0038328657 0.0042165737 0.00804944 25.64273970379 63.8818292167 2212.93066 2.987 -3.7279999999999998
25.81844399836 64.08086492429 0.0225 0.0253 2.9279 "" "" 512141972084716672 2668.73413 0.3501 0.0342 -1.344 -0.123 0.028 0.036 0.985 9048.5 4.2221 16.03252 1.109571 16.498816 15.389244 "" "" 2463.93164 2931.26147 7276.77223 2.3924 3434.7 8.822 5539.4 7.7321 "" "" 0.0027783465763073947 0.0039448603 0.004071916 0.008016776 25.81844399836 64.08086492429 2668.73413 -1.344 -0.12299999999999997
25.34596166601 63.92052768429 0.0425 0.0484 13.1741 "" "" 512883455238161024 2568.14575 0.3777 0.0664 0.55 -0.441 0.052 0.069 1.86 6572.1 4.0413 16.033733 1.414019 16.655622 15.241604 "" "" 2016.53284 3158.80688 7268.64622 4.9984 2972.8 8.4392 6346.2 10.849 "" "" 0.002854686743602945 0.004157519 0.00421056 0.008368079 25.34596166601 63.92052768429 2568.14575 0.5499999999999999 -0.44099999999999995
25.72022655879 64.04927141828 0.0223 0.0247 1.518 "" "" 512141143149576320 2428.28955 0.3934 0.0338 -1.26 0.106 0.028 0.033 0.976 9068.0 4.2691 16.033901 1.083329 16.482826 15.399497 "" "" 2246.42969 2597.3186 7267.52269 2.457 3485.7 7.4058 5487.3 6.7647 "" "" 0.002779662961157333 0.0036202602 0.004009398 0.007629658 25.72022655879 64.04927141828 2428.28955 -1.2600000000000002 0.10600000000000001
25.9115089353 64.10241962834 0.0221 0.0262 5.4023 "" "" 512142246962260224 2069.53711 0.4634 0.0344 -0.808 0.205 0.026 0.035 0.897 8573.3 4.4443 16.04334 1.421501 16.6847 15.263199 "" "" 1928.70422 2201.25415 7204.61589 2.265 2894.3 9.3391 6221.3 11.845 "" "" 0.0027763824404701785 0.004478687 0.004307779 0.008786466 25.9115089353 64.10241962834 2069.53711 -0.808 0.2049999999999999
25.7753120113 64.03950701265 0.0234 0.0277 0.2055 "" "" 512140322817276160 2806.60742 0.3363 0.0359 -1.319 -0.032 0.028 0.042 0.994 9551.4 4.3922 16.047188 1.02648 16.450275 15.423796 "" "" 2545.56104 3109.7522 7179.12209 2.5071 3591.8 20.35 5365.9 16.055 "" "" 0.002781286234007968 0.0067546447 0.004983666 0.011738311 25.7753120113 64.03950701265 2806.60742 -1.319 -0.032000000000000056
25.71092670631 63.87589194052 0.0227 0.0258 9.7813 "" "" 512133279070674048 2553.01685 0.3698 0.0356 0.196 -0.418 0.027 0.036 0.952 6680.9 4.0507 16.05939 1.62999 16.826885 15.196896 "" "" 2352.00928 2795.7251 7098.90621 2.5561 2539.0 11.461 6613.0 10.124 "" "" 0.0027829164343730565 0.005639573 0.004128749 0.009768322 25.71092670631 63.87589194052 2553.01685 0.196 -0.418
25.63293135238 63.9563486946 0.0229 0.026 6.0332 "" "" 512134546079673728 2653.10596 0.3677 0.0352 -3.239 1.775 0.028 0.035 1.022 7332.9 4.3098 16.077822 1.335928 16.66616 15.330233 "" "" 2434.90649 2965.39526 6979.39501 2.3234 2944.1 7.5367 5848.8 8.236 "" "" 0.002778925125402142 0.003938297 0.0040769116 0.008015208 25.63293135238 63.9563486946 2653.10596 -3.2389999999999994 1.775
