Clusters/NGC_3590/NGC_3590_members.tsv
# %ECSV 1.0
# ---
# datatype:
# - name: RA_ICRS_1
#   unit: deg
#   datatype: float64
#   format: '{:15.11f}'
#   description: Right ascension (ICRS) at Ep=2016.0 (ra)
#   meta: !!omap
#   - {ucd: POS_EQ_RA_MAIN}
#   - {width: 15}
#   - {precision: '11'}
# - name: DE_ICRS_1
#   unit: deg
#   datatype: float64
#   format: '{:15.11f}'
#   description: Declination (ICRS) at Ep=2016.0 (dec)
#   meta: !!omap
#   - {ucd: POS_EQ_DEC_MAIN}
#   - {width: 15}
#   - {precision: '11'}
# - name: e_RA_ICRS
#   unit: mas
#   datatype: float64
#   format: '{:7.4f}'
#   description: Standard error of right ascension (ra_error)
#   meta: !!omap
#   - {ucd: ERROR}
#   - {width: 7}
#   - {precision: '4'}
# - name: e_DE_ICRS
#   unit: mas
#   datatype: float64
#   format: '{:7.4f}'
#   description: Standard error of declination (dec_error)
#   meta: !!omap
#   - {ucd: ERROR}
#   - {width: 7}
#   - {precision: '4'}
# - name: _r_1
#   unit: ''
#   datatype: float64
#   format: '{:7.4f}'
#   description: Distance from center (168.26161512000-60.78750360000)[ICRS], at Epoch=J2016.0
#   meta: !!omap
#   - {ucd: POS_ANG_DIST_GENERAL}
#   - {width: 7}
#   - {precision: '4'}
# - name: HIP
#   datatype: int32
#   description: '? HIP cross-id number, van Leeuwen, Cat. I/311 (hip_original_ext_source_id)'
#   meta: !!omap
#   - {ucd: ID_NUMBER}
#   - {width: 6}
#   - values: {'null': -2147483648}
# - name: TYC2
#   datatype: string
#   description: Tycho-2 cross-id name, Hog et al., Cat. I/259 (tyc2_original_ext_source_id)
#   meta: !!omap
#   - {ucd: ID_CROSSID}
#   - {_votable_string_dtype: char}
# - name: Source
#   datatype: int64
#   description: Source identifier, identical to the Gaia-EDR3 source_id (id)
#   meta: !!omap
#   - {ucd: ID_MAIN}
#   - {width: 19}
# - name: rgeo
#   unit: pc
#   datatype: float64
#   format: '{:15.8f}'
#   description: '? Median of the geometric distance posterior (r_med_geo)'
#   meta: !!omap
#   - {ucd: PHYS_DISTANCE_TRUE}
#   - {width: 15}
#   - {precision: '8'}
#   - values: {'null': .nan}
# - name: Plx
#   unit: mas
#   datatype: float64
#   format: '{:9.4f}'
#   description: '? Parallax (parallax)'
#   meta: !!omap
#   - {ucd: POS_PARLX_TRIG}
#   - {width: 9}
#   - {precision: '4'}
#   - values: {'null': .nan}
# - name: e_Plx
#   unit: mas
#   datatype: float32
#   format: '{:7.4f}'
#   description: '? Standard error of parallax (parallax_error)'
#   meta: !!omap
#   - {ucd: ERROR}
#   - {width: 7}
#   - {precision: '4'}
#   - values: {'null': .nan}
# - name: pmRA
#   unit: mas / yr
#   datatype: float64
#   format: '{:9.3f}'
#   description: '? Proper motion in right ascension direction, pmRA*cosDE (pmra)'
#   meta: !!omap
#   - {ucd: POS_EQ_PMRA}
#   - {width: 9}
#   - {precision: '3'}
#   - values: {'null': .nan}
# - name: pmDE
#   unit: mas / yr
#   datatype: float64
#   format: '{:9.3f}'
#   description: '? Proper motion in declination direction (pmdec)'
#   meta: !!omap
#   - {ucd: POS_EQ_PMDEC}
#   - {width: 9}
#   - {precision: '3'}
#   - values: {'null': .nan}
# - name: e_pmRA
#   unit: mas / yr
#   datatype: float32
#   format: '{:6.3f}'
#   description: '? Standard error of proper motion in right ascension direction (pmra_error)'
#   meta: !!omap
#   - {ucd: ERROR}
#   - {width: 6}
#   - {precision: '3'}
#   - values: {'null': .nan}
# - name: e_pmDE
[...]
#       distance: !astropy.table.SerializedColumn
#         __class__: astropy.coordinates.distances.Distance
#         unit: !astropy.units.Unit {unit: pc}
#         value: !astropy.table.SerializedColumn {name: SkyCoord.distance}
#       frame: icrs
#       obstime: !astropy.time.Time {format: jyear_str, in_subfmt: '*', jd1: 367701545.0, jd2: 0.0, out_subfmt: '*', precision: 3, scale: tt}
#       pm_dec: !astropy.table.SerializedColumn
#         __class__: astropy.units.quantity.Quantity
#         unit: !astropy.units.Unit {unit: mas / yr}
#         value: !astropy.table.SerializedColumn {name: SkyCoord.pm_dec}
#       pm_ra_cosdec: !astropy.table.SerializedColumn
#         __class__: astropy.units.quantity.Quantity
#         unit: !astropy.units.Unit {unit: mas / yr}
#         value: !astropy.table.SerializedColumn {name: SkyCoord.pm_ra_cosdec}
#       ra: !astropy.table.SerializedColumn
#         __class__: astropy.coordinates.angles.Longitude
#         unit: *id001
#         value: !astropy.table.SerializedColumn {name: SkyCoord.ra}
#         wrap_angle: !astropy.coordinates.Angle
#           unit: *id001
#           value: 360.0
#       representation_type: spherical
# schema: astropy-2.0
RA_ICRS_1 DE_ICRS_1 e_RA_ICRS e_DE_ICRS _r_1 HIP TYC2 Source rgeo Plx e_Plx pmRA pmDE e_pmRA e_pmDE RUWE Teff logg Gmag BP-RP BPmag RPmag RV e_RV b_rgeo B_rgeo FG e_FG FBP e_FBP FRP e_FRP RAVE5 RAVE6 e_Gmag e_BPmag e_RPmag e_BP-RP SkyCoord.ra SkyCoord.dec SkyCoord.distance SkyCoord.pm_ra_cosdec SkyCoord.pm_dec rmRA rmDE e_rmRA e_rmDE rRV e_rRV v_pec v_pec3d e_vpec e_vpec3d Pmemb
[from data line 31]
168.30711264651 -60.78841930049 0.0109 0.0113 1.3334 "" "" 5337625410888387456 2464.78955 0.3674 0.0134 -6.115 1.071 0.015 0.015 0.898 "" "" 13.787168 0.668583 14.037494 13.368911 "" "" 2388.88818 2543.84961 57554.50813 14.967 33145.0 22.23 35612.0 20.609 "" "" 0.0027697487190067732 0.0028836282 0.0038312557 0.006714884 168.30711264651 -60.78841930049 2464.78955 -6.1150000000000055 1.0710000000000013 0.00057817459106424 0.0223853788375854 0.10834432 0.10834432 "" "" 0.261617893366904 "" 0.028344811836440283 "" 1.0
168.28780293667 -60.80067753178 0.011 0.0111 1.1012 "" "" 5337623972117407104 2388.99023 0.3899 0.0135 -6.062 0.983 0.015 0.014 1.013 "" "" 13.795157 0.630257 14.028156 13.3979 "" "" 2312.85913 2483.67993 57132.57839 13.333 33431.0 24.938 34674.0 19.049 "" "" 0.0027669459069061125 0.0029053402 0.0038261611 0.0067315013 168.28780293667 -60.80067753178 2388.99023 -6.062000000000001 0.9830000000000014 0.053578174591064176 -0.06561462116241457 0.10834432 0.107344314 "" "" 0.9592479576719471 "" 0.1033546176605835 "" 1.0
168.28347361764 -60.78860988464 0.0116 0.0115 0.6435 "" "" 5337625449586139008 2286.13184 0.4035 0.0142 -5.984 0.942 0.016 0.015 0.985 9990.3 3.847 13.821886 0.591764 14.039958 13.448194 "" "" 2213.34912 2352.57764 55743.27591 14.544 33070.0 23.61 33104.0 18.749 "" "" 0.002769844195887691 0.002895843 0.0038290808 0.006724924 168.28347361764 -60.78860988464 2286.13184 -5.984000000000002 0.9419999999999995 0.13157817459106447 -0.1066146211624146 0.10934432 0.10834432 "" "" 1.8351237352024496 "" 0.1999350445756166 "" 0.9
168.31026181255 -60.7955618791 0.0112 0.0112 1.5042 "" "" 5337625376528636544 2560.28711 0.3527 0.0136 -6.036 0.997 0.015 0.015 1.066 10665.7 3.7946 13.856209 0.762235 14.107326 13.345092 "" "" 2487.83057 2634.18701 54008.65898 12.482 31080.0 100.4 36402.0 168.65 "" "" 0.0027667224471966878 0.004481789 0.0062917923 0.010773581 168.31026181255 -60.7955618791 2560.28711 -6.036000000000001 0.9970000000000021 0.07957817459106487 -0.05161462116241455 0.10834432 0.10834432 "" "" 1.1510917945210555 "" 0.12471425368604869 "" 1.0
168.2371046071 -60.79141119313 0.0114 0.0122 0.755 "" "" 5337624178275833600 2458.66187 0.3734 0.0145 -6.079 1.081 0.015 0.015 0.949 9430.6 3.5971 13.867066 0.730718 14.14633 13.415612 "" "" 2371.80493 2591.14233 53471.22311 12.963 29984.0 29.233 34112.0 30.561 "" "" 0.002767864022290672 0.0029842183 0.00390255 0.006886768 168.2371046071 -60.79141119313 2458.66187 -6.079 1.0809999999999989 0.036578174591064716 0.03238537883758541 0.10834432 0.10834432 "" "" 0.5693547446507238 "" 0.06168635064527601 "" 1.0
168.29644827838 -60.78900068959 0.0117 0.012 1.0239 "" "" 5337625380866660736 2191.34155 0.4224 0.0144 -6.047 0.94 0.016 0.016 1.02 11685.7 3.8094 13.8676 0.828419 14.188486 13.360067 "" "" 2108.45532 2274.88403 53444.91813 15.439 28842.0 26.93 35903.0 34.609 "" "" 0.002773114131895634 0.002968629 0.0039216205 0.0068902494 168.29644827838 -60.78900068959 2191.34155 -6.047000000000001 0.9400000000000008 0.06857817459106474 -0.1086146211624146 0.10934432 0.10934432 "" "" 1.3342331569697634 "" 0.1458908152811063 "" 0.8
168.26901679214 -60.78787787552 0.0158 0.0152 0.2179 "" "" 5337625449548975744 2416.55981 0.3768 0.0193 -6.086 1.047 0.019 0.017 1.345 12618.7 3.996 13.925105 0.579905 14.064709 13.484803 "" "" 2283.17651 2561.72681 50687.94384 26.611 32325.0 169.99 32006.0 122.45 "" "" 0.0028136627955881867 0.0063549276 0.0056158938 0.011970822 168.26901679214 -60.78787787552 2416.55981 -6.086 1.0469999999999995 0.029578174591064155 -0.00161462116241462 0.11234432 0.11034432 "" "" 0.33930742896538957 "" 0.038117263122680156 "" 0.8
168.22474683137 -60.79664975453 0.0121 0.0137 1.2109 "" "" 5337624143916104704 2445.49902 0.371 0.0158 -6.244 0.957 0.016 0.017 0.956 10577.5 3.9994 14.050442 0.860971 14.389272 13.5283 "" "" 2344.81079 2558.92651 45161.69467 9.1149 23972.0 15.848 30750.0 19.641 "" "" 0.0027640203090442223 0.002881018 0.0038424812 0.006723499 168.22474683137 -60.79664975453 2445.49902 -6.243999999999998 0.9570000000000005 -0.12842182540893532 -0.09161462116241459 0.10934432 0.11034432 "" "" 1.8285977585121278 "" 0.20056538158496037 "" 1.0
168.27410106913 -60.73422005293 0.0122 0.012 3.2179 "" "" 5337626205500303488 2483.68433 0.3665 0.0148 -6.175 0.862 0.016 0.016 0.949 10202.7 4.0877 14.093327 0.615027 14.32266 13.707633 "" "" 2401.75024 2590.91846 43412.61036 9.9427 25489.0 22.599 26068.0 14.224 "" "" 0.00276651823380077 0.0029515608 0.003825533 0.0067770937 168.27410106913 -60.73422005293 2483.68433 -6.175000000000003 0.862000000000001 -0.05942182540893537 -0.18661462116241456 0.10934432 0.10934432 "" "" 2.3056385508102677 "" 0.252108476066662 "" 1.0
168.28777550683 -60.81842309323 0.0123 0.0126 2.007 "" "" 5337623869038217216 2473.1792 0.3659 0.015 -6.037 1.001 0.016 0.016 0.934 11139.8 4.0082 14.102587 0.696854 14.366588 13.669734 "" "" 2401.61206 2570.03076 43043.93626 9.7092 24478.0 21.795 26994.0 20.827 "" "" 0.0027661828115154146 0.0029528993 0.003871105 0.0068240045 168.28777550683 -60.81842309323 2473.1792 -6.036999999999994 1.0009999999999988 0.07857817459106453 -0.04761462116241466 0.10934432 0.10934432 "" "" 1.0770811183454245 "" 0.11777270086450174 "" 1.0
168.25939560165 -60.78442371478 0.0181 0.0149 0.1959 "" "" 5337625651412409856 2266.8501 0.4055 0.0201 -6.151 1.203 0.023 0.019 0.95 11188.9 3.8559 14.118991 0.608678 14.29473 13.686052 "" "" 2159.44336 2376.7771 42398.47176 15.932 26153.0 216.59 26591.0 185.73 "" "" 0.0027853619738172214 0.009414641 0.008473118 0.01788776 168.25939560165 -60.78442371478 2266.8501 -6.151000000000004 1.2029999999999998 -0.03542182540893535 0.15438537883758552 0.11634432 0.11234432 "" "" 1.7019530992869578 "" 0.191550958787551 "" 0.9
168.25367930932 -60.77796152576 0.0128 0.0133 0.6179 "" "" 5337625655744557696 2293.46118 0.4025 0.0158 -6.151 1.001 0.017 0.018 1.005 10700.8 3.9264 14.127198 0.521168 14.308598 13.78743 "" "" 2228.53174 2378.34888 42079.21267 15.693 25821.0 37.983 24221.0 44.559 "" "" 0.0027849137628138065 0.0032149456 0.0042747376 0.007489683 168.25367930932 -60.77796152576 2293.46118 -6.151 1.001 -0.03542182540893535 -0.04761462116241466 0.11034432 0.111344315 "" "" 0.6451424920472647 "" 0.07160377666036098 "" 1.0
168.28886909017 -60.81610308544 0.0123 0.0126 1.8923 "" "" 5337623869038214400 2279.94775 0.4047 0.0149 -6.06 0.851 0.016 0.016 1.025 "" "" 14.144036 0.676517 14.397566 13.721048 "" "" 2201.573 2356.17017 41431.66746 15.817 23790.0 29.867 25748.0 30.508 "" "" 0.002786322473798935 0.0031053238 0.0039923294 0.007097653 168.28886909017 -60.81610308544 2279.94775 -6.06 0.8510000000000002 0.055578174591064844 -0.19761462116241457 0.10934432 0.10934432 "" "" 2.218466799975769 "" 0.2425767403784185 "" 1.0
168.09888954791 -60.82025740806 0.0137 0.0142 5.1522 "" "" 5337624590592748928 2497.95996 0.3637 0.0158 -6.028 1.096 0.02 0.02 0.976 11541.2 4.1364 14.216342 0.559812 14.424692 13.864881 "" "" 2414.93481 2610.41455 38762.32151 24.534 23203.0 46.722 22553.0 35.705 "" "" 0.00283972404842335 0.0035446826 0.004151906 0.0076965885 168.09888954791 -60.82025740806 2497.95996 -6.028000000000004 1.0959999999999999 0.08757817459106487 0.047385378837585534 0.11334431 0.11334431 "" "" 1.1790086196841265 "" 0.13363392050317371 "" 1.0
168.30634132739 -60.79847094626 0.0126 0.0132 1.4655 "" "" 5337625380866673920 2344.60327 0.3916 0.0156 -6.07 1.059 0.017 0.017 0.979 9884.2 3.7575 14.240119 0.752725 14.524851 13.772126 "" "" 2273.01538 2420.5498 37922.69016 8.2086 21158.0 19.568 24564.0 22.779 "" "" 0.002765324775517459 0.002965359 0.003911196 0.006876555 168.30634132739 -60.79847094626 2344.60327 -6.070000000000003 1.0590000000000004 0.04557817459106417 0.01038537883758539 0.11034432 0.11034432 "" "" 0.5195123746655058 "" 0.05732523999233237 "" 1.0
168.2857162939 -60.79590112542 0.0131 0.0133 0.8671 "" "" 5337625449586150784 2453.60449 0.371 0.0156 -6.028 1.023 0.018 0.019 0.969 "" "" 14.285231 0.675547 14.53923 13.863684 "" "" 2356.70361 2528.47241 36379.30009 8.7066 20880.0 17.277 22578.0 13.957 "" "" 0.002767545868519926 0.0029312358 0.0038385144 0.0067697503 168.2857162939 -60.79590112542 2453.60449 -6.027999999999997 1.0230000000000006 0.08757817459106487 -0.02561462116241464 0.111344315 0.11234432 "" "" 1.0612123337807577 "" 0.11824393197986217 "" 1.0
168.22789099657 -60.79008421713 0.0133 0.0144 0.9996 "" "" 5337624143916094464 2384.71143 0.382 0.0169 -6.079 1.032 0.018 0.018 0.989 11130.2 3.8962 14.345085 0.720734 14.618602 13.897868 "" "" 2283.43237 2491.74878 34428.07542 8.4766 19408.0 18.132 21878.0 17.761 "" "" 0.0027682575702918707 0.0029688315 0.0038808032 0.0068496345 168.22789099657 -60.79008421713 2384.71143 -6.078999999999994 1.032 0.036578174591064716 -0.016614621162414522 0.111344315 0.111344315 "" "" 0.4541162917176486 "" 0.050563267482338 "" 1.0
168.26220343484 -60.70383978757 0.0139 0.0135 5.0199 "" "" 5337626342939225344 2329.09473 0.3923 0.0167 -6.069 0.997 0.019 0.018 1.043 "" "" 14.458981 0.605312 14.685762 14.08045 "" "" 2241.11768 2422.71387 30999.49207 9.4204 18244.0 20.828 18492.0 12.652 "" "" 0.0027750048378974565 0.0030531043 0.0038516943 0.0069047986 168.26220343484 -60.70383978757 2329.09473 -6.069 0.997 0.0465781745910645 -0.05161462116241455 0.11234432 0.111344315 "" "" 0.7675393405519891 "" 0.0858064969187725 "" 1.0
168.16857023213 -60.80229816783 0.015 0.0163 2.865 "" "" 5337624831110890368 2402.021 0.3772 0.0187 -6.154 1.053 0.02 0.02 1.039 7759.2 3.9522 14.537694 0.636907 14.772925 14.136019 "" "" 2309.1936 2526.37646 28831.62606 7.9603 16836.0 20.249 17569.0 21.3 "" "" 0.0027715789671619463 0.0030806263 0.004002048 0.0070826747 168.16857023213 -60.80229816783 2402.021 -6.154 1.0530000000000004 -0.03842182540893546 0.004385378837585385 0.11334431 0.11334431 "" "" 0.440294981234832 "" 0.049904931599266476 "" 1.0
168.33812046564 -60.81174495994 0.0147 0.0148 2.6703 "" "" 5337622425929186688 2466.11597 0.3689 0.0177 -6.045 1.093 0.019 0.019 0.908 11182.0 3.8737 14.63901 0.739329 14.894673 14.155344 "" "" 2380.95825 2572.28052 26262.88468 6.5764 15050.0 24.659 17259.0 31.387 "" "" 0.0027687010840693124 0.0033090338 0.0042640828 0.0075731166 168.33812046564 -60.81174495994 2466.11597 -6.045 1.0929999999999984 0.07057817459106452 0.04438537883758542 0.11234432 0.11234432 "" "" 0.9745993580505401 "" 0.10949069936351118 "" 1.0
168.26974016034 -60.80379634373 0.0156 0.016 1.0061 "" "" 5337623972117414144 2452.55249 0.3755 0.0189 -6.162 1.014 0.02 0.02 0.986 "" "" 14.690389 0.850638 15.021399 14.17076 "" "" 2333.84277 2562.88062 25049.05169 6.3276 13392.0 13.872 17016.0 13.492 "" "" 0.0027689368478565728 0.0030083032 0.0038761892 0.0068844925 168.26974016034 -60.80379634373 2452.55249 -6.161999999999997 1.014 -0.04642182540893547 -0.03461462116241454 0.11334431 0.11334431 "" "" 0.6731682949974325 "" 0.07629979706428693 "" 1.0
168.38525500966 -60.73470200626 0.0157 0.0152 4.8132 "" "" 5337623147483569536 2120.24634 0.4336 0.0187 -6.089 1.048 0.021 0.02 0.952 7970.4 4.186 14.735971 0.779276 15.028239 14.248963 "" "" 2023.62769 2198.19556 24019.20824 6.566 13308.0 13.337 15833.0 12.939 "" "" 0.0027712597664810708 0.0029948314 0.003882138 0.0068769697 168.38525500966 -60.73470200626 2120.24634 -6.089 1.0479999999999987 0.02657817459106404 -0.0006146211624145081 0.114344314 0.11334431 "" "" 0.2671812061045074 "" 0.030550509476902406 "" 1.0
168.26592111262 -60.78307726769 0.0191 0.02 0.294 "" "" 5337625449586134400 2511.74097 0.3681 0.0244 -6.094 0.96 0.025 0.026 1.144 9867.5 3.9756 14.770026 0.669334 15.009025 14.33969 "" "" 2360.86865 2649.53027 23277.49894 10.089 13546.0 24.744 14564.0 22.948 "" "" 0.002795216919525272 0.0034232195 0.0041485443 0.007571764 168.26592111262 -60.78307726769 2511.74097 -6.094 0.96 0.021578174591064148 -0.08861462116241459 0.118344314 0.11934432 "" "" 1.085843043420725 "" 0.1295286550169918 "" 0.9
168.25736463439 -60.78488505986 0.0186 0.0194 0.2004 "" "" 5337625655708002816 2536.98657 0.359 0.0222 -6.131 1.098 0.026 0.028 1.09 14243.7 4.4012 14.78605 0.654365 14.853169 14.198804 "" "" 2401.96704 2701.53027 22936.47763 12.755 15637.0 347.75 16582.0 257.19 "" "" 0.002820698241264318 0.024306277 0.017258868 0.041565143 168.25736463439 -60.78488505986 2536.98657 -6.131 1.0980000000000005 -0.015421825408935774 0.049385378837585536 0.11934432 0.12134431 "" "" 0.6221574143466271 "" 0.07538553654981531 "" 1.0
168.22398999942 -60.77990067218 0.0161 0.0171 1.1926 "" "" 5337624242657308288 2439.77588 0.378 0.0198 -6.076 0.928 0.023 0.026 1.009 7975.3 4.1302 14.816933 0.725655 15.084282 14.358627 "" "" 2336.85132 2545.56909 22293.26273 6.6952 12639.0 18.827 14312.0 19.107 "" "" 0.0027745472976007097 0.0032250169 0.004047809 0.007272826 168.22398999942 -60.77990067218 2439.77588 -6.076 0.9279999999999999 0.03957817459106483 -0.1206146211624145 0.11634432 0.11934432 "" "" 1.468027699151626 "" 0.17477752228173862 "" 1.0
168.16167379728 -60.80455938828 0.0171 0.0171 3.0996 "" "" 5337624831110892928 2198.94385 0.4184 0.0208 -6.236 1.034 0.026 0.024 0.964 7984.8 4.1188 14.868228 0.875371 15.216764 14.341393 "" "" 2120.83057 2291.95117 21264.51585 5.063 11187.0 17.759 14541.0 14.025 "" "" 0.0027674205744662186 0.0032795954 0.0039217817 0.0072013773 168.16167379728 -60.80455938828 2198.94385 -6.236 1.034 -0.12042182540893531 -0.01461462116241452 0.11934432 0.11734432 "" "" 1.26436557197874 "" 0.15085844377699248 "" 1.0
168.38099595779 -60.77240611231 0.0157 0.0162 3.6121 "" "" 5337622906965458048 2290.43823 0.4022 0.0193 -6.089 1.208 0.021 0.021 0.973 10078.1 3.8777 14.877874 0.996016 15.262418 14.266402 "" "" 2173.9375 2388.43042 21076.43449 4.5597 10726.0 19.936 15581.0 75.651 "" "" 0.0027653141660162524 0.0034434628 0.00648642 0.009929882 168.38099595779 -60.77240611231 2290.43823 -6.089 1.208 0.02657817459106404 0.1593853788375854 0.114344314 0.114344314 "" "" 1.754289158630252 "" 0.2005929899463793 "" 0.8
168.34819518846 -60.82978107026 0.0172 0.0173 3.5852 "" "" 5337620948460213120 2418.93652 0.3796 0.0201 -6.021 0.949 0.023 0.023 0.913 9513.0 4.1701 14.990014 1.068589 15.422525 14.353936 "" "" 2327.65552 2540.23682 19008.2059 4.7005 9255.6 13.881 14374.0 26.427 "" "" 0.0027683706380051388 0.0032305545 0.004274151 0.0075047053 168.34819518846 -60.82978107026 2418.93652 -6.021 0.9489999999999994 0.09457817459106455 -0.0996146211624146 0.11634432 0.11634432 "" "" 1.5749506212333149 "" 0.1832365555863842 "" 1.0
168.22064772567 -60.7628792503 0.017 0.0168 1.9035 "" "" 5337625724464019712 2525.0874 0.3681 0.0206 -6.077 1.091 0.022 0.022 0.919 9497.1 4.1833 15.045584 0.6854 15.307817 14.622417 "" "" 2391.48242 2688.2229 18059.80607 5.7421 10287.0 11.876 11225.0 14.829 "" "" 0.0027768612818869776 0.0030587867 0.0040424047 0.007101191 168.22064772567 -60.7628792503 2525.0874 -6.076999999999999 1.091 0.038578174591064496 0.04238537883758542 0.115344316 0.115344316 "" "" 0.6859760467390177 "" 0.07912343774386132 "" 0.9
168.23493601262 -60.78708060224 0.0186 0.0195 0.7817 "" "" 5337624178275828224 2307.52002 0.4016 0.0234 -6.163 0.923 0.026 0.025 0.999 9948.6 4.2773 15.070287 0.785007 15.374458 14.589452 "" "" 2160.84766 2435.95728 17653.54794 5.1403 9674.6 21.771 11571.0 20.477 "" "" 0.0027733976461677347 0.0037087153 0.0042397566 0.007948472 168.23493601262 -60.78708060224 2307.52002 -6.163 0.9229999999999999 -0.0474218254089358 -0.1256146211624145 0.11934432 0.118344314 "" "" 1.4685743504767372 "" 0.17398129447054003 "" 0.9
