Clusters/NGC_3590/NGC_3590_stars_in_region.tsv
# %ECSV 1.0
# ---
# datatype:
# - name: RA_ICRS_1
#   unit: deg
#   datatype: float64
#   format: '{:15.11f}'
#   description: Right ascension (ICRS) at Ep=2016.0 (ra)
#   meta: !!omap
#   - {ucd: POS_EQ_RA_MAIN}
#   - {width: 15}
#   - {precision: '11'}
# - name: DE_ICRS_1
#   unit: deg
#   datatype: float64
#   format: '{:15.11f}'
#   description: Declination (ICRS) at Ep=2016.0 (dec)
#   meta: !!omap
#   - {ucd: POS_EQ_DEC_MAIN}
#   - {width: 15}
#   - {precision: '11'}
# - name: e_RA_ICRS
#   unit: mas
#   datatype: float64
#   format: '{:7.4f}'
#   description: Standard error of right ascension (ra_error)
#   meta: !!omap
#   - {ucd: ERROR}
#   - {width: 7}
#   - {precision: '4'}
# - name: e_DE_ICRS
#   unit: mas
#   datatype: float64
#   format: '{:7.4f}'
#   description: Standard error of declination (dec_error)
#   meta: !!omap
#   - {ucd: ERROR}
#   - {width: 7}
#   - {precision: '4'}
# - name: _r_1
#   unit: ''
#   datatype: float64
#   format: '{:7.4f}'
#   description: Distance from center (168.26161512000-60.78750360000)[ICRS], at Epoch=J2016.0
#   meta: !!omap
#   - {ucd: POS_ANG_DIST_GENERAL}
#   - {width: 7}
#   - {precision: '4'}
# - name: HIP
#   datatype: int32
#   description: '? HIP cross-id number, van Leeuwen, Cat. I/311 (hip_original_ext_source_id)'
#   meta: !!omap
#   - {ucd: ID_NUMBER}
#   - {width: 6}
#   - values: {'null': -2147483648}
# - name: TYC2
#   datatype: string
#   description: Tycho-2 cross-id name, Hog et al., Cat. I/259 (tyc2_original_ext_source_id)
#   meta: !!omap
#   - {ucd: ID_CROSSID}
#   - {_votable_string_dtype: char}
# - name: Source
#   datatype: int64
#   description: Source identifier, identical to the Gaia-EDR3 source_id (id)
#   meta: !!omap
#   - {ucd: ID_MAIN}
#   - {width: 19}
# - name: rgeo
#   unit: pc
#   datatype: float64
#   format: '{:15.8f}'
#   description: '? Median of the geometric distance posterior (r_med_geo)'
#   meta: !!omap
#   - {ucd: PHYS_DISTANCE_TRUE}
#   - {width: 15}
#   - {precision: '8'}
#   - values: {'null': .nan}
# - name: Plx
#   unit: mas
#   datatype: float64
#   format: '{:9.4f}'
#   description: '? Parallax (parallax)'
#   meta: !!omap
#   - {ucd: POS_PARLX_TRIG}
#   - {width: 9}
#   - {precision: '4'}
#   - values: {'null': .nan}
# - name: e_Plx
#   unit: mas
#   datatype: float32
#   format: '{:7.4f}'
#   description: '? Standard error of parallax (parallax_error)'
#   meta: !!omap
#   - {ucd: ERROR}
#   - {width: 7}
#   - {precision: '4'}
#   - values: {'null': .nan}
# - name: pmRA
#   unit: mas / yr
#   datatype: float64
#   format: '{:9.3f}'
#   description: '? Proper motion in right ascension direction, pmRA*cosDE (pmra)'
#   meta: !!omap
#   - {ucd: POS_EQ_PMRA}
#   - {width: 9}
#   - {precision: '3'}
#   - values: {'null': .nan}
# - name: pmDE
#   unit: mas / yr
#   datatype: float64
#   format: '{:9.3f}'
#   description: '? Proper motion in declination direction (pmdec)'
#   meta: !!omap
#   - {ucd: POS_EQ_PMDEC}
#   - {width: 9}
#   - {precision: '3'}
#   - values: {'null': .nan}
# - name: e_pmRA
#   unit: mas / yr
#   datatype: float32
#   format: '{:6.3f}'
#   description: '? Standard error of proper motion in right ascension direction (pmra_error)'
#   meta: !!omap
#   - {ucd: ERROR}
#   - {width: 6}
#   - {precision: '3'}
#   - values: {'null': .nan}
# - name: e_pmDE
[...]
#         value: !astropy.table.SerializedColumn {name: SkyCoord.dec}
#       distance: !astropy.table.SerializedColumn
#         __class__: astropy.coordinates.distances.Distance
#         unit: !astropy.units.Unit {unit: pc}
#         value: !astropy.table.SerializedColumn {name: SkyCoord.distance}
#       frame: icrs
#       obstime: !astropy.time.Time {format: jyear_str, in_subfmt: '*', jd1: 367701545.0, jd2: 0.0, out_subfmt: '*', precision: 3, scale: tt}
#       pm_dec: !astropy.table.SerializedColumn
#         __class__: astropy.units.quantity.Quantity
#         unit: !astropy.units.Unit {unit: mas / yr}
#         value: !astropy.table.SerializedColumn {name: SkyCoord.pm_dec}
#       pm_ra_cosdec: !astropy.table.SerializedColumn
#         __class__: astropy.units.quantity.Quantity
#         unit: !astropy.units.Unit {unit: mas / yr}
#         value: !astropy.table.SerializedColumn {name: SkyCoord.pm_ra_cosdec}
#       ra: !astropy.table.SerializedColumn
#         __class__: astropy.coordinates.angles.Longitude
#         unit: *id001
#         value: !astropy.table.SerializedColumn {name: SkyCoord.ra}
#         wrap_angle: !astropy.coordinates.Angle
#           unit: *id001
#           value: 360.0
#       representation_type: spherical
# schema: astropy-2.0
RA_ICRS_1 DE_ICRS_1 e_RA_ICRS e_DE_ICRS _r_1 HIP TYC2 Source rgeo Plx e_Plx pmRA pmDE e_pmRA e_pmDE RUWE Teff logg Gmag BP-RP BPmag RPmag RV e_RV b_rgeo B_rgeo FG e_FG FBP e_FBP FRP e_FRP RAVE5 RAVE6 e_Gmag e_BPmag e_RPmag e_BP-RP SkyCoord.ra SkyCoord.dec SkyCoord.distance SkyCoord.pm_ra_cosdec SkyCoord.pm_dec rmRA rmDE e_rmRA e_rmDE rRV e_rRV v_pec v_pec3d e_vpec e_vpec3d
[from data line 439]
168.17180615131 -60.59716084566 0.0179 0.017 11.7212 "" "" 5337651116312575360 2380.89014 0.3803 0.0213 -5.726 2.079 0.025 0.022 0.938 8063.6 4.144 15.033832 0.662379 15.286012 14.623632 "" "" 2287.07568 2533.34204 18256.36388 5.4604 10496.0 12.059 11213.0 13.03 "" "" 0.0027743908936691767 0.003056321 0.003984413 0.0070407344 168.17180615131 -60.59716084566 2380.89014 -5.7260000000000035 2.079 0.3895781745910645 1.0303853788375856 0.118344314 0.115344316 "" "" 12.431723956141235 "" 1.4386461935700985 ""
167.86941811866 -60.67202802752 0.0173 0.0189 13.4305 "" "" 5337638334489397888 2469.05103 0.3718 0.0222 -7.526 1.783 0.022 0.022 1.004 8385.3 4.2212 15.035828 0.800874 15.349221 14.548347 "" "" 2344.02637 2601.54102 18222.8224 4.8876 9902.1 17.599 12018.0 8.9558 "" "" 0.0027706663272265893 0.0033924489 0.0038650164 0.0072574653 167.86941811866 -60.67202802752 2469.05103 -7.526000000000001 1.7829999999999993 -1.4104218254089353 0.7343853788375854 0.115344316 0.115344316 "" "" 18.610132768231214 "" 2.146573030490018 ""
167.97245340643 -60.90632768641 0.0177 0.018 11.0572 "" "" 5337628301445148416 2656.3103 0.3434 0.0213 -8.352 4.1 0.024 0.023 0.96 9146.0 3.6958 15.044263 1.219347 15.567703 14.348356 "" "" 2514.00586 2827.25317 18081.7926 4.2506 8097.2 10.642 14448.0 14.402 "" "" 0.0027671162153864613 0.0031338907 0.003931292 0.0070651826 167.97245340643 -60.90632768641 2656.3103 -8.351999999999999 4.100000000000001 -2.236421825408936 3.051385378837585 0.11734432 0.11634432 "" "" 47.6338224486594 "" 5.558616871796556 ""
168.1334579808 -60.72334533658 0.0174 0.0191 5.3787 "" "" 5337626789615638656 2302.89624 0.4001 0.0228 -8.097 3.412 0.023 0.023 0.948 7289.7 4.067 15.045029 1.111908 15.507886 14.395978 "" "" 2182.01343 2423.08398 18069.05588 4.3093 8555.8 13.525 13828.0 16.298 "" "" 0.002767460609848357 0.0032757958 0.0039901496 0.0072659454 168.1334579808 -60.72334533658 2302.89624 -8.096999999999994 3.4119999999999973 -1.981421825408935 2.3633853788375854 0.11634432 0.11634432 "" "" 33.665108946213834 "" 3.9167441338027547 ""
168.22064772567 -60.7628792503 0.017 0.0168 1.9035 "" "" 5337625724464019712 2525.0874 0.3681 0.0206 -6.077 1.091 0.022 0.022 0.919 9497.1 4.1833 15.045584 0.6854 15.307817 14.622417 "" "" 2391.48242 2688.2229 18059.80607 5.7421 10287.0 11.876 11225.0 14.829 "" "" 0.0027768612818869776 0.0030587867 0.0040424047 0.007101191 168.22064772567 -60.7628792503 2525.0874 -6.076999999999999 1.091 0.038578174591064496 0.04238537883758542 0.115344316 0.115344316 "" "" 0.6859760467390177 "" 0.07912343774386132 ""
167.85363409436 -60.70665695941 0.0173 0.0182 12.9081 "" "" 5337637887812736384 2792.81885 0.3238 0.0222 -4.708 1.786 0.023 0.023 1.001 7034.0 4.0791 15.046609 1.084094 15.503999 14.419905 "" "" 2641.17676 2999.9585 18042.77302 6.1341 8586.5 12.712 13527.0 17.29 "" "" 0.0027799355514496883 0.003220056 0.004026119 0.007246175 167.85363409436 -60.70665695941 2792.81885 -4.707999999999998 1.786 1.4075781745910643 0.7373853788375855 0.11634432 0.11634432 "" "" 21.03550594928483 "" 2.4473615891179348 ""
167.77076621541 -60.74469026626 0.0168 0.0178 14.6107 "" "" 5337634761075881344 2401.56299 0.3845 0.0213 -5.956 1.023 0.022 0.022 1.014 8280.8 4.2547 15.048656 0.767032 15.347064 14.580032 "" "" 2296.65576 2540.70898 18008.77059 4.6098 9921.8 11.932 11672.0 15.531 "" "" 0.00276930132351113 0.003080573 0.004046096 0.007126669 167.77076621541 -60.74469026626 2401.56299 -5.955999999999998 1.023 0.15957817459106405 -0.02561462116241464 0.115344316 0.115344316 "" "" 1.8397962915450163 "" 0.21221004439945423 ""
167.78448935615 -60.86717015438 0.0185 0.018 14.7502 "" "" 5337629499697158528 2420.08374 0.3786 0.0221 -6.123 1.364 0.024 0.023 1.005 7996.6 3.6315 15.053004 0.820593 15.376117 14.555524 "" "" 2299.20923 2575.23096 17936.80957 4.41 9659.8 10.692 11938.0 13.163 "" "" 0.00276822103382253 0.0030379693 0.003964453 0.0070024226 167.78448935615 -60.86717015438 2420.08374 -6.123000000000007 1.3640000000000012 -0.007421825408935767 0.31538537883758555 0.11734432 0.11634432 "" "" 3.6188493984692154 "" 0.4210345760129354 ""
168.31775226623 -60.63370577498 0.0179 0.0173 9.3738 "" "" 5337650429118077184 2269.53125 0.4091 0.0219 -5.275 2.489 0.024 0.023 0.959 9413.6 4.2548 15.053324 0.783874 15.359303 14.575429 "" "" 2163.25269 2392.69507 17931.52311 5.1904 9810.6 11.251 11722.0 12.635 "" "" 0.002773185411436981 0.0030553942 0.003956429 0.0070118234 168.31775226623 -60.63370577498 2269.53125 -5.275000000000005 2.4890000000000003 0.8405781745910641 1.4403853788375853 0.11734432 0.11634432 "" "" 17.9406014494325 "" 2.0918593513059256 ""
168.3034538123 -60.81221455878 0.0179 0.0181 1.9231 "" "" 5337623899065528192 2249.77637 0.4114 0.0213 -8.459 2.425 0.024 0.023 0.992 9902.0 4.0469 15.05498 0.908369 15.367102 14.458733 "" "" 2153.84668 2351.55713 17904.19345 4.8097 9740.4 82.916 13052.0 46.343 "" "" 0.0027707145517909975 0.0096544 0.0053986325 0.015053032 168.3034538123 -60.81221455878 2249.77637 -8.459 2.425 -2.343421825408935 1.3763853788375853 0.11734432 0.11634432 "" "" 28.981721822835745 "" 3.393430555829729 ""
167.74018127944 -60.74862139379 0.0184 0.019 15.4555 "" "" 5337634795435600000 2386.67358 0.3851 0.0222 -10.217 3.95 0.025 0.024 0.994 6069.2 3.8037 15.060645 1.110591 15.516697 14.406106 "" "" 2276.58447 2508.12427 17811.01088 4.6691 8486.7 16.261 13700.0 31.967 "" "" 0.0027699818122787186 0.0034803492 0.0045499336 0.008030282 167.74018127944 -60.74862139379 2386.67358 -10.217000000000008 3.950000000000005 -4.101421825408936 2.9013853788375856 0.118344314 0.11734432 "" "" 56.83468342192985 "" 6.707159559511569 ""
167.94244421603 -60.58355129445 0.0208 0.0191 15.4161 "" "" 5337640430433570688 2291.99438 0.4016 0.0245 -7.444 2.173 0.026 0.024 1.039 7834.1 4.1189 15.062606 0.908172 15.417572 14.5094 "" "" 2169.97412 2430.57617 17778.87561 6.0829 9298.0 13.31 12457.0 18.899 "" "" 0.002780248869494028 0.003193846 0.004122746 0.007316592 167.94244421603 -60.58355129445 2291.99438 -7.444000000000001 2.173 -1.3284218254089355 1.1243853788375855 0.11934432 0.11734432 "" "" 18.907657601058418 "" 2.2408154786348113 ""
167.7284704211 -60.74055210688 0.0174 0.018 15.8754 "" "" 5337634795435605760 2286.05078 0.4093 0.0218 -7.027 2.616 0.023 0.022 0.949 6211.0 3.8929 15.066318 1.171353 15.568091 14.396738 "" "" 2161.61523 2386.05713 17718.19973 4.325 8094.3 12.478 13819.0 14.608 "" "" 0.0027680370195590134 0.003253687 0.0039498103 0.007203497 167.7284704211 -60.74055210688 2286.05078 -7.027 2.616 -0.9114218254089357 1.5673853788375856 0.11634432 0.115344316 "" "" 19.646699821638308 "" 2.271115729993457 ""
168.01893388811 -61.02845459303 0.0184 0.0199 16.0974 "" "" 5337240448712057472 2069.5249 0.4506 0.0231 -7.467 4.082 0.026 0.026 0.962 5441.1 3.3912 15.067601 1.70095 15.877325 14.176375 -31.72 6.48 1979.672 2166.92261 17697.27416 5.1307 6088.2 12.193 16928.0 15.334 "" "" 0.002773241806209431 0.0035374009 0.0039052526 0.007442653 168.01893388811 -61.02845459303 2069.5249 -7.466999999999999 4.0820000000000025 -1.3514218254089352 3.0333853788375853 0.11934432 0.11934432 "" "" 32.575628565119295 "" 3.8877161231517365 ""
168.23493601262 -60.78708060224 0.0186 0.0195 0.7817 "" "" 5337624178275828224 2307.52002 0.4016 0.0234 -6.163 0.923 0.026 0.025 0.999 9948.6 4.2773 15.070287 0.785007 15.374458 14.589452 "" "" 2160.84766 2435.95728 17653.54794 5.1403 9674.6 21.771 11571.0 20.477 "" "" 0.0027733976461677347 0.0037087153 0.0042397566 0.007948472 168.23493601262 -60.78708060224 2307.52002 -6.163 0.9229999999999999 -0.0474218254089358 -0.1256146211624145 0.11934432 0.118344314 "" "" 1.4685743504767372 "" 0.17398129447054003 ""
168.14905408565 -60.5864681194 0.0195 0.0181 12.5071 "" "" 5337651185032053760 2578.2605 0.3501 0.0229 -7.743 2.217 0.026 0.024 0.897 8194.5 4.1664 15.077371 0.705039 15.346032 14.640993 "" "" 2416.72314 2759.01099 17538.74753 5.4857 9931.3 12.165 11035.0 12.71 "" "" 0.0027761686369751114 0.003090918 0.0039809016 0.0070718196 168.14905408565 -60.5864681194 2578.2605 -7.7429999999999986 2.217 -1.6274218254089359 1.1683853788375855 0.11934432 0.11734432 "" "" 24.483505412422932 "" 2.9054050790059818 ""
168.26831442376 -60.81089788449 0.0188 0.0174 1.4173 "" "" 5337623937757686656 2489.2522 0.373 0.0218 -5.891 1.083 0.024 0.023 0.942 9345.2 3.9669 15.081229 0.829792 15.404526 14.574734 "" "" 2349.85547 2624.51758 17476.5295 4.3824 9410.4 13.609 11729.0 22.085 "" "" 0.002768738698784441 0.0032016297 0.0042968825 0.007498512 168.26831442376 -60.81089788449 2489.2522 -5.891 1.0829999999999997 0.22457817459106444 0.03438537883758541 0.11734432 0.11634432 "" "" 2.6806901048647163 "" 0.3145026087421745 ""
168.33949568854 -60.55296673574 0.018 0.0172 14.2571 "" "" 5337652215824273664 2485.04346 0.3739 0.0218 -8.244 2.935 0.024 0.023 0.957 8422.9 4.079 15.082313 0.961823 15.473483 14.511661 "" "" 2378.9668 2589.77197 17459.09823 4.3003 8831.3 14.254 12431.0 10.948 "" "" 0.002768267559730619 0.0032948442 0.0038984695 0.007193314 168.33949568854 -60.55296673574 2485.04346 -8.243999999999998 2.9349999999999996 -2.1284218254089353 1.8863853788375855 0.11734432 0.11634432 "" "" 33.5003847718853 "" 3.916377234718933 ""
167.77723801244 -60.81394419417 0.018 0.0183 14.2666 "" "" 5337631222022922880 2383.96851 0.389 0.0214 -5.977 1.382 0.023 0.022 0.964 8283.2 4.3844 15.084643 0.7993 15.396221 14.596921 "" "" 2261.50879 2511.88843 17421.64934 4.2617 9482.6 11.853 11492.0 10.924 "" "" 0.002768091303706432 0.0031027216 0.0039177677 0.0070204893 167.77723801244 -60.81394419417 2383.96851 -5.977000000000004 1.3820000000000001 0.13857817459106414 0.33338537883758534 0.11634432 0.115344316 "" "" 4.07975336798755 "" 0.4711796347175426 ""
168.09037930693 -61.03191738025 0.0181 0.0179 15.4922 "" "" 5337615519620983040 2144.29858 0.4266 0.022 -6.234 1.683 0.026 0.023 1.078 8398.6 4.3801 15.085584 0.81706 15.405283 14.588223 "" "" 2042.05798 2237.35278 17406.56861 4.4057 9403.8 13.786 11584.0 13.9 "" "" 0.0027689903757643322 0.0032122475 0.003997629 0.0072098766 168.09037930693 -61.03191738025 2144.29858 -6.234 1.683 -0.11842182540893553 0.6343853788375855 0.11934432 0.11634432 "" "" 6.559257773007652 "" 0.7638032274049049 ""
168.52275555311 -60.6262932014 0.0181 0.0173 12.3422 "" "" 5337648638072669184 2160.57739 0.429 0.0216 -6.8 1.756 0.024 0.023 0.951 7761.2 4.1616 15.08939 0.862946 15.426559 14.563614 "" "" 2067.14746 2246.64258 17345.6603 4.1363 9221.3 12.061 11850.0 14.436 "" "" 0.0027674578166886113 0.0031307666 0.004004147 0.0071349135 168.52275555311 -60.6262932014 2160.57739 -6.8 1.7559999999999998 -0.6844218254089354 0.7073853788375855 0.11734432 0.11634432 "" "" 10.08025119716684 "" 1.1776645881105097 ""
168.35212630506 -61.00327098731 0.0273 0.0258 13.2128 "" "" 5337613492396693120 2498.96021 0.3647 0.0312 -7.803 2.734 0.036 0.034 1.611 "" "" 15.09739 1.306828 15.663279 14.35645 "" "" 2314.32471 2696.30957 17218.31871 6.2022 7414.9 9.1351 14341.0 10.437 "" "" 0.002782937768158134 0.0030942322 0.0038611004 0.0069553326 168.35212630506 -61.00327098731 2498.96021 -7.803000000000001 2.7340000000000018 -1.6874218254089355 1.6853853788375854 0.12934431 0.12734431 "" "" 28.24972867066343 "" 3.6258361647466377 ""
168.60216119799 -60.58077969315 0.018 0.017 15.9352 "" "" 5337654243049908096 2781.56128 0.3265 0.0216 -6.57 0.208 0.024 0.022 1.042 6381.4 3.7995 15.100701 1.200466 15.618377 14.417911 "" "" 2643.80298 2931.95776 17165.88043 3.8213 7728.0 10.587 13552.0 10.685 "" "" 0.0027659006356057026 0.0031618713 0.0038751175 0.0070369886 168.60216119799 -60.58077969315 2781.56128 -6.57 0.20800000000000063 -0.45442182540893583 -0.8406146211624146 0.11734432 0.115344316 "" "" 12.598933617910449 "" 1.4589518122781862 ""
168.62580470412 -60.65857192539 0.017 0.0164 13.1922 "" "" 5337647611619475968 2722.1792 0.3297 0.0204 -5.187 2.015 0.022 0.021 0.978 9379.7 4.1987 15.104975 0.704226 15.373809 14.669583 "" "" 2568.36597 2893.58032 17098.44743 5.2392 9680.4 15.137 10748.0 10.819 "" "" 0.002775332123595617 0.003266093 0.003934231 0.007200324 168.62580470412 -60.65857192539 2722.1792 -5.187000000000001 2.015 0.9285781745910642 0.9663853788375856 0.115344316 0.114344314 "" "" 17.292880355321998 "" 1.9856629090773423 ""
168.00879608963 -60.82900363063 0.1011 0.1062 7.8063 "" "" 5337630363029460992 2582.45605 0.4459 0.1201 -5.168 4.926 0.139 0.145 5.808 10970.1 3.5339 15.105971 1.582477 15.756026 14.17355 8.79 8.7 1941.8219 3383.76416 17082.76168 32.536 6807.8 17.124 16972.0 33.555 "" "" 0.0034449987710951273 0.0039042854 0.004346443 0.008250728 168.00879608963 -60.82900363063 2582.45605 -5.168000000000003 4.926 0.9475781745910643 3.8773853788375856 0.23234431 0.23834431 "" "" 48.859242154066116 "" 11.62899717023704 ""
168.1324559491 -60.89780484185 0.0192 0.0192 7.6193 "" "" 5337618234040552064 2442.24756 0.3748 0.0224 -6.844 2.326 0.025 0.024 0.982 7994.6 3.8742 15.107917 1.070556 15.551106 14.480551 "" "" 2309.07446 2580.38281 17052.17981 4.0995 8221.9 11.874 12792.0 13.151 "" "" 0.0027676562860547193 0.0032005792 0.003940767 0.007141346 168.1324559491 -60.89780484185 2442.24756 -6.8439999999999985 2.3259999999999996 -0.7284218254089359 1.2773853788375855 0.118344314 0.11734432 "" "" 17.022650454678907 "" 2.001701818288169 ""
168.60679686219 -60.62579495914 0.0409 0.037 14.0294 "" "" 5337648230094974080 2473.32715 0.376 0.0476 -5.75 1.166 0.053 0.046 2.16 10067.3 4.3889 15.109674 0.812912 15.403519 14.590607 "" "" 2239.51953 2777.38037 17024.60726 8.0968 9419.1 21.693 11559.0 47.694 "" "" 0.0028032885807337433 0.0037467014 0.0058611585 0.00960786 168.60679686219 -60.62579495914 2473.32715 -5.750000000000003 1.166 0.36557817459106445 0.11738537883758537 0.14634432 0.13934432 "" "" 4.501404297927021 "" 0.6558739972612411 ""
168.17620145736 -60.7182051716 0.0179 0.018 4.8536 "" "" 5337626686536635136 2465.75415 0.3677 0.022 -6.038 1.478 0.024 0.024 0.983 8378.8 4.2848 15.116782 0.779678 15.420405 14.640727 "" "" 2330.9165 2610.64429 16913.50848 4.7761 9273.7 13.723 11037.0 11.775 "" "" 0.0027723256378369902 0.0032196832 0.003952906 0.007172589 168.17620145736 -60.7182051716 2465.75415 -6.038 1.4780000000000006 0.0775781745910642 0.42938537883758543 0.11734432 0.11734432 "" "" 5.099767570303554 "" 0.5984287567794251 ""
168.36044247091 -60.55352012536 0.0187 0.0181 14.3363 "" "" 5337652387623204992 2774.5354 0.3295 0.0227 -3.637 1.665 0.026 0.026 0.991 7343.6 3.9021 15.11733 1.160533 15.588761 14.428228 "" "" 2647.31006 2927.17773 16904.99486 4.4245 7941.7 19.817 13424.0 29.213 "" "" 0.002769935057268693 0.0038890964 0.0044571664 0.008346263 168.36044247091 -60.55352012536 2774.5354 -3.637 1.6649999999999998 2.4785781745910644 0.6163853788375855 0.11934432 0.11934432 "" "" 33.589353538905236 "" 4.008698437189082 ""
168.33799055988 -60.99948070147 0.0259 0.0244 12.9125 "" "" 5337613492410343424 2385.05957 0.3801 0.03 -4.436 -1.594 0.034 0.03 1.061 6097.2 3.058 15.121405 2.214069 16.276327 14.062258 10.27 4.47 2233.32056 2549.53979 16841.6578 6.7548 4215.9 9.2231 18804.0 19.45 "" "" 0.002789519319159061 0.0036642738 0.003942707 0.007606981 168.33799055988 -60.99948070147 2385.05957 -4.4360000000000035 -1.5940000000000003 1.6795781745910645 -2.642614621162415 0.12734431 0.12334432 "" "" 35.39875350683957 "" 4.407441777205255 ""
168.69107427425 -60.9246291192 0.0172 0.0165 15.0056 "" "" 5337433103767935232 2446.16748 0.3792 0.021 -6.132 0.923 0.023 0.021 0.984 "" "" 15.129903 1.583811 15.852414 14.268603 "" "" 2316.42041 2600.00098 16710.3538 4.887 6229.5 11.008 15550.0 10.873 "" "" 0.002773556012734808 0.003386147 0.003854877 0.007241024 168.69107427425 -60.9246291192 2446.16748 -6.131999999999997 0.9230000000000002 -0.01642182540893522 -0.1256146211624145 0.11634432 0.114344314 "" "" 1.4688741450966312 "" 0.16800719532932132 ""
