Clusters/NGC_3590/NGC_3590_members.tsv
# %ECSV 1.0
# ---
# datatype:
# - name: RA_ICRS_1
#   unit: deg
#   datatype: float64
#   format: '{:15.11f}'
#   description: Right ascension (ICRS) at Ep=2016.0 (ra)
#   meta: !!omap
#   - {ucd: POS_EQ_RA_MAIN}
#   - {width: 15}
#   - {precision: '11'}
# - name: DE_ICRS_1
#   unit: deg
#   datatype: float64
#   format: '{:15.11f}'
#   description: Declination (ICRS) at Ep=2016.0 (dec)
#   meta: !!omap
#   - {ucd: POS_EQ_DEC_MAIN}
#   - {width: 15}
#   - {precision: '11'}
# - name: e_RA_ICRS
#   unit: mas
#   datatype: float64
#   format: '{:7.4f}'
#   description: Standard error of right ascension (ra_error)
#   meta: !!omap
#   - {ucd: ERROR}
#   - {width: 7}
#   - {precision: '4'}
# - name: e_DE_ICRS
#   unit: mas
#   datatype: float64
#   format: '{:7.4f}'
#   description: Standard error of declination (dec_error)
#   meta: !!omap
#   - {ucd: ERROR}
#   - {width: 7}
#   - {precision: '4'}
# - name: _r_1
#   unit: ''
#   datatype: float64
#   format: '{:7.4f}'
#   description: Distance from center (168.26161512000-60.78750360000)[ICRS], at Epoch=J2016.0
#   meta: !!omap
#   - {ucd: POS_ANG_DIST_GENERAL}
#   - {width: 7}
#   - {precision: '4'}
# - name: HIP
#   datatype: int32
#   description: '? HIP cross-id number, van Leeuwen, Cat. I/311 (hip_original_ext_source_id)'
#   meta: !!omap
#   - {ucd: ID_NUMBER}
#   - {width: 6}
#   - values: {'null': -2147483648}
# - name: TYC2
#   datatype: string
#   description: Tycho-2 cross-id name, Hog et al., Cat. I/259 (tyc2_original_ext_source_id)
#   meta: !!omap
#   - {ucd: ID_CROSSID}
#   - {_votable_string_dtype: char}
# - name: Source
#   datatype: int64
#   description: Source identifier, identical to the Gaia-EDR3 source_id (id)
#   meta: !!omap
#   - {ucd: ID_MAIN}
#   - {width: 19}
# - name: rgeo
#   unit: pc
#   datatype: float64
#   format: '{:15.8f}'
#   description: '? Median of the geometric distance posterior (r_med_geo)'
#   meta: !!omap
#   - {ucd: PHYS_DISTANCE_TRUE}
#   - {width: 15}
#   - {precision: '8'}
#   - values: {'null': .nan}
# - name: Plx
#   unit: mas
#   datatype: float64
#   format: '{:9.4f}'
#   description: '? Parallax (parallax)'
#   meta: !!omap
#   - {ucd: POS_PARLX_TRIG}
#   - {width: 9}
#   - {precision: '4'}
#   - values: {'null': .nan}
# - name: e_Plx
#   unit: mas
#   datatype: float32
#   format: '{:7.4f}'
#   description: '? Standard error of parallax (parallax_error)'
#   meta: !!omap
#   - {ucd: ERROR}
#   - {width: 7}
#   - {precision: '4'}
#   - values: {'null': .nan}
# - name: pmRA
#   unit: mas / yr
#   datatype: float64
#   format: '{:9.3f}'
#   description: '? Proper motion in right ascension direction, pmRA*cosDE (pmra)'
#   meta: !!omap
#   - {ucd: POS_EQ_PMRA}
#   - {width: 9}
#   - {precision: '3'}
#   - values: {'null': .nan}
# - name: pmDE
#   unit: mas / yr
#   datatype: float64
#   format: '{:9.3f}'
#   description: '? Proper motion in declination direction (pmdec)'
#   meta: !!omap
#   - {ucd: POS_EQ_PMDEC}
#   - {width: 9}
#   - {precision: '3'}
#   - values: {'null': .nan}
# - name: e_pmRA
#   unit: mas / yr
#   datatype: float32
#   format: '{:6.3f}'
#   description: '? Standard error of proper motion in right ascension direction (pmra_error)'
#   meta: !!omap
#   - {ucd: ERROR}
#   - {width: 6}
#   - {precision: '3'}
#   - values: {'null': .nan}
# - name: e_pmDE
[...]
#       distance: !astropy.table.SerializedColumn
#         __class__: astropy.coordinates.distances.Distance
#         unit: !astropy.units.Unit {unit: pc}
#         value: !astropy.table.SerializedColumn {name: SkyCoord.distance}
#       frame: icrs
#       obstime: !astropy.time.Time {format: jyear_str, in_subfmt: '*', jd1: 367701545.0, jd2: 0.0, out_subfmt: '*', precision: 3, scale: tt}
#       pm_dec: !astropy.table.SerializedColumn
#         __class__: astropy.units.quantity.Quantity
#         unit: !astropy.units.Unit {unit: mas / yr}
#         value: !astropy.table.SerializedColumn {name: SkyCoord.pm_dec}
#       pm_ra_cosdec: !astropy.table.SerializedColumn
#         __class__: astropy.units.quantity.Quantity
#         unit: !astropy.units.Unit {unit: mas / yr}
#         value: !astropy.table.SerializedColumn {name: SkyCoord.pm_ra_cosdec}
#       ra: !astropy.table.SerializedColumn
#         __class__: astropy.coordinates.angles.Longitude
#         unit: *id001
#         value: !astropy.table.SerializedColumn {name: SkyCoord.ra}
#         wrap_angle: !astropy.coordinates.Angle
#           unit: *id001
#           value: 360.0
#       representation_type: spherical
# schema: astropy-2.0
RA_ICRS_1 DE_ICRS_1 e_RA_ICRS e_DE_ICRS _r_1 HIP TYC2 Source rgeo Plx e_Plx pmRA pmDE e_pmRA e_pmDE RUWE Teff logg Gmag BP-RP BPmag RPmag RV e_RV b_rgeo B_rgeo FG e_FG FBP e_FBP FRP e_FRP RAVE5 RAVE6 e_Gmag e_BPmag e_RPmag e_BP-RP SkyCoord.ra SkyCoord.dec SkyCoord.distance SkyCoord.pm_ra_cosdec SkyCoord.pm_dec rmRA rmDE e_rmRA e_rmDE rRV e_rRV v_pec v_pec3d e_vpec e_vpec3d Pmemb
168.19915950592 -60.73798262332 0.012 0.0127 3.4898 "" 8959-1171-1 5337626514737970176 2459.50854 0.3956 0.0153 -6.19 1.013 0.015 0.016 0.84 20469.8 3.3907 8.789533 0.420803 8.924593 8.50379 "" "" 2376.88403 2545.65259 5742932.4751 3755.9 3677700.0 6944.9 3145200.0 6134.6 "" "" 0.0028453465116451224 0.003462472 0.004332244 0.007794716 168.19915950592 -60.73798262332 2459.50854 -6.190000000000003 1.013000000000001 -0.07442182540893594 -0.03561462116241465 0.10834432 0.10934432 "" "" 0.9618444640579421 "" 0.10439028093880467 "" 1.0
168.20948371793 -60.77376499364 0.01 0.01 1.7352 "" 8959-132-1 5337624246995287424 2428.65015 0.4017 0.0123 -6.175 1.084 0.013 0.013 0.678 17754.0 3.3616 10.318099 0.405525 10.455007 10.049481 "" "" 2347.34106 2514.16821 1405099.5053 459.57 898290.0 405.4 757470.0 327.3 "" "" 0.002778110148499857 0.0028328684 0.0038083885 0.0066412566 168.20948371793 -60.77376499364 2428.65015 -6.174999999999994 1.083999999999999 -0.05942182540893537 0.035385378837585524 0.10634431 0.10634431 "" "" 0.7961539401232942 "" 0.08466644335039179 "" 1.0
168.24415657808 -60.78954865958 0.0124 0.0128 0.5257 "" 8959-241-1 5337624178275829888 2357.39917 0.4118 0.0155 -6.083 1.065 0.017 0.017 0.926 17459.5 3.364 10.344596 0.435095 10.491132 10.056037 "" "" 2279.50317 2436.36499 1371223.57103 425.47 868890.0 572.08 752910.0 229.86 "" "" 0.0027758390851247176 0.0028802885 0.0037938897 0.006674178 168.24415657808 -60.78954865958 2357.39917 -6.082999999999999 1.065 0.03257817459106427 0.016385378837585396 0.11034432 0.11034432 "" "" 0.4074812105987405 "" 0.04496323731456611 "" 1.0
168.25878043338 -60.78572919361 0.0114 0.012 0.135 "" 8959-943-1 5337625655744673792 2268.54346 0.4268 0.0145 -6.394 1.124 0.015 0.015 0.874 16525.9 3.6173 10.540701 0.440086 10.689146 10.24906 "" "" 2214.24512 2347.21826 1144633.34612 527.79 724030.0 887.72 630280.0 556.17 "" "" 0.0028004325203221147 0.0030914634 0.0038989268 0.00699039 168.25878043338 -60.78572919361 2268.54346 -6.394 1.124 -0.2784218254089357 0.07538537883758556 0.10834432 0.10834432 "" "" 3.1016405254798887 "" 0.336045122707677 "" 0.8
168.26938888842 -60.78930748191 0.0163 0.0168 0.2521 "" 8959-344-1 5337625449586143616 2602.17383 0.3776 0.0204 -6.193 0.958 0.022 0.021 1.335 15133.6 3.7695 10.691442 0.404936 10.826534 10.421598 "" "" 2475.27832 2746.4436 996254.48152 247.31 637970.0 339.57 537670.0 134.25 "" "" 0.0027684710578713355 0.0028493889 0.0037890922 0.0066384813 168.26938888842 -60.78930748191 2602.17383 -6.192999999999994 0.9579999999999989 -0.07742182540893516 -0.09061462116241459 0.115344316 0.114344314 "" "" 1.470068383640001 "" 0.1687158478721086 "" 0.8
168.3025732897 -60.81085643644 0.0123 0.0131 1.8441 "" 8959-897-1 5337623903397942144 2373.0 0.4069 0.0151 -6.205 1.267 0.016 0.017 1.026 16014.7 3.6805 10.896507 0.464443 11.054788 10.590344 "" "" 2297.70215 2460.28345 824790.96246 216.93 517010.0 293.32 460280.0 200.32 "" "" 0.0027700785015775994 0.0028573554 0.0038088067 0.006666162 168.3025732897 -60.81085643644 2373.0 -6.204999999999993 1.266999999999999 -0.08942182540893562 0.21838537883758535 0.10934432 0.11034432 "" "" 2.654352472688771 "" 0.29251306369048247 "" 0.8
168.2628925838 -60.79769808975 0.0121 0.0129 0.6128 "" 8959-637-1 5337623967779100032 2411.1875 0.3781 0.015 -6.316 1.129 0.016 0.017 0.881 15366.8 3.7792 11.430637 0.454968 11.589241 11.134273 "" "" 2319.46484 2504.7832 504303.15467 185.44 316020.0 194.34 278900.0 117.5 "" "" 0.0027840947256087805 0.0028689462 0.003806962 0.0066759083 168.2628925838 -60.79769808975 2411.1875 -6.316 1.1290000000000013 -0.20042182540893538 0.08038537883758545 0.10934432 0.11034432 "" "" 2.4680012362744304 "" 0.2702052604313593 "" 0.9
168.25455157478 -60.78947628259 0.0094 0.01 0.2383 "" "" 5337624173937528704 2422.17114 0.3718 0.0117 -6.292 1.408 0.013 0.013 0.724 14731.9 3.7873 11.860996 0.476027 12.027493 11.551465 "" "" 2360.27539 2480.87134 339272.09203 76.807 211070.0 140.17 189920.0 92.889 "" "" 0.0027662620403395986 0.0028818278 0.0038165061 0.0066983337 168.25455157478 -60.78947628259 2422.17114 -6.292 1.4080000000000001 -0.17642182540893536 0.35938537883758537 0.10634431 0.10634431 "" "" 4.596489111540307 "" 0.4888104741561068 "" 0.8
168.23899888655 -60.79343021338 0.009 0.0097 0.7516 "" "" 5337624173937529472 2532.33301 0.364 0.0114 -6.061 1.039 0.012 0.012 0.902 "" "" 12.209125 0.545228 12.40416 11.858932 "" "" 2458.05273 2609.13428 246205.06407 41.07 149190.0 90.014 143080.0 72.555 "" "" 0.002761266318858536 0.0028660388 0.003819274 0.006685313 168.23899888655 -60.79343021338 2532.33301 -6.061 1.0389999999999986 0.05457817459106451 -0.009614621162414627 0.10534432 0.10534432 "" "" 0.6652034391993371 "" 0.07007540253622359 "" 1.0
168.28918351659 -60.7883050596 0.0095 0.0092 0.8087 "" "" 5337625445247847808 2450.14185 0.3799 0.0115 -5.972 1.165 0.013 0.012 0.901 "" "" 12.29388 0.530242 12.483367 11.953125 "" "" 2393.98828 2519.06909 227716.62416 47.059 138700.0 93.428 131190.0 71.613 "" "" 0.0027644408163395263 0.002884427 0.0038255705 0.0067099975 168.28918351659 -60.7883050596 2450.14185 -5.972 1.1649999999999996 0.14357817459106403 0.11638537883758548 0.10634431 0.10534432 "" "" 2.1464959902570677 "" 0.2274189192179201 "" 1.0
168.26964233995 -60.787067651 0.0122 0.0108 0.2365 "" "" 5337625449586139776 2521.87085 0.3658 0.0139 -5.893 1.18 0.016 0.014 0.932 13628.3 3.6053 12.326585 0.503951 12.502505 11.998554 "" "" 2442.40503 2593.71118 220959.53244 53.653 136270.0 95.86 125820.0 76.575 "" "" 0.002767904192551174 0.002892817 0.003836713 0.00672953 168.26964233995 -60.787067651 2521.87085 -5.893 1.1799999999999993 0.22257817459106466 0.1313853788375854 0.10934432 0.107344314 "" "" 3.0895817547434747 "" 0.3362423761899578 "" 0.8
168.24641474267 -60.79289022084 0.0094 0.0098 0.55 "" "" 5337624173937529216 2602.27246 0.3573 0.0114 -6.27 1.379 0.012 0.013 0.922 "" "" 12.558306 0.521139 12.743739 12.2226 "" "" 2529.31909 2675.40063 178494.36044 31.524 109120.0 68.804 102360.0 55.461 "" "" 0.002761984510845354 0.0028729285 0.0038248918 0.0066978205 168.24641474267 -60.79289022084 2602.27246 -6.269999999999998 1.379 -0.15442182540893512 0.33038537883758545 0.10534432 0.10634431 "" "" 4.498398288325529 "" 0.4775756626476898 "" 1.0
168.22575210309 -60.7573317602 0.0102 0.0102 2.0931 "" "" 5337625758823749760 2330.97217 0.4006 0.0126 -6.183 1.051 0.014 0.013 0.901 13708.7 3.8084 12.680546 0.389439 12.815514 12.426075 "" "" 2275.99243 2403.08008 159488.18126 28.739 102140.0 53.651 84865.0 29.222 "" "" 0.0027622574360206004 0.0028478578 0.0037978278 0.0066456855 168.22575210309 -60.7573317602 2330.97217 -6.183 1.0509999999999997 -0.06742182540893538 0.0023853788375853835 0.107344314 0.10634431 "" "" 0.7453968933247229 "" 0.08001319096916878 "" 1.0
168.2379759175 -60.78356880772 0.0116 0.0136 0.7314 "" "" 5337624173937527552 2496.63354 0.3733 0.0147 -6.075 1.028 0.016 0.018 1.03 15928.1 3.8229 12.730166 0.508572 12.912008 12.403437 "" "" 2412.2832 2598.26392 152363.42987 37.661 93457.0 64.218 86653.0 32.307 "" "" 0.0027683591410891752 0.00288819 0.0038009982 0.006689188 168.2379759175 -60.78356880772 2496.63354 -6.075 1.028 0.040578174591064275 -0.020614621162414526 0.10934432 0.111344315 "" "" 0.5386180984460558 "" 0.05911741558216529 "" 1.0
168.21786686755 -60.7756260023 0.0111 0.0126 1.4662 "" "" 5337624246995289344 2655.50513 0.3504 0.0146 -6.216 1.128 0.014 0.015 0.972 15230.9 3.9029 12.74336 0.502406 12.923203 12.420796 "" "" 2571.07788 2754.89087 150522.87528 41.321 92499.0 83.431 85278.0 63.084 "" "" 0.002771393985767096 0.0029570377 0.0038637812 0.006820819 168.21786686755 -60.7756260023 2655.50513 -6.216 1.1280000000000017 -0.10042182540893574 0.07938537883758534 0.107344314 0.10834432 "" "" 1.6112749902096533 "" 0.1735826531372548 "" 1.0
168.26973852725 -60.83132489757 0.012 0.0116 2.64 "" "" 5337623830340350208 2595.69482 0.361 0.0138 -6.252 1.207 0.016 0.015 1.024 14801.5 3.715 12.786709 0.620872 13.015135 12.394263 "" "" 2504.89209 2696.06152 144631.651 25.265 84989.0 41.235 87388.0 36.459 "" "" 0.0027618401595818193 0.0028394617 0.0038064308 0.0066458927 168.26973852725 -60.83132489757 2595.69482 -6.251999999999999 1.2069999999999999 -0.13642182540893533 0.15838537883758552 0.10934432 0.10834432 "" "" 2.5719173083509625 "" 0.2797509206583128 "" 1.0
168.2757636553 -60.78360987865 0.0116 0.0122 0.4757 "" "" 5337625449586133632 2362.3457 0.3987 0.0148 -6.106 0.994 0.015 0.016 1.046 10643.1 3.6038 12.992278 0.541897 13.19051 12.648613 "" "" 2287.37402 2441.73218 119683.79524 36.602 72312.0 37.745 69137.0 31.166 "" "" 0.0027752552457854574 0.0028471437 0.0038109412 0.0066580847 168.2757636553 -60.78360987865 2362.3457 -6.106 0.9939999999999991 0.009578174591064581 -0.054614621162414556 0.10834432 0.10934432 "" "" 0.6208817863469326 "" 0.06787145118832413 "" 1.0
168.22686372867 -60.7943196499 0.0248 0.0295 1.0966 "" "" 5337624143916100864 2184.94824 0.4399 0.0327 -6.079 0.888 0.033 0.037 2.919 12945.2 3.701 13.223417 0.757929 13.509404 12.751475 "" "" 2038.04199 2355.54297 96734.14813 26.67 53908.0 32.854 62888.0 22.094 "" "" 0.0027715329645267082 0.0028675585 0.0037985821 0.0066661406 168.22686372867 -60.7943196499 2184.94824 -6.079 0.8879999999999996 0.036578174591064716 -0.16061462116241454 0.12634432 0.13034432 "" "" 1.7060217475893422 "" 0.22203867529355983 "" 0.9
168.2367086286 -60.80903794101 0.0107 0.0109 1.4836 "" "" 5337624036498821376 2350.66479 0.3887 0.0127 -6.215 0.972 0.014 0.014 1.134 13110.2 3.8282 13.363356 0.70305 13.628053 12.925003 "" "" 2292.54541 2419.81836 85036.30423 20.191 48328.0 23.857 53599.0 26.473 "" "" 0.0027673540903883948 0.0028411816 0.0038172367 0.006658418 168.2367086286 -60.80903794101 2350.66479 -6.215000000000006 0.9720000000000006 -0.0994218254089354 -0.07661462116241458 0.107344314 0.107344314 "" "" 1.398528592561571 "" 0.15012409301561686 "" 1.0
168.24517270637 -60.77671012349 0.0102 0.0108 0.807 "" "" 5337625655744558080 2468.12744 0.3726 0.0128 -6.203 1.069 0.013 0.013 1.028 6928.3 3.7211 13.369867 0.479878 13.538921 13.059043 "" "" 2399.08081 2558.31494 84527.83515 22.956 52462.0 46.201 47374.0 35.021 "" "" 0.0027710528291518843 0.0029494562 0.0038636685 0.0068131248 168.24517270637 -60.77671012349 2468.12744 -6.203 1.069 -0.08742182540893584 0.0203853788375854 0.10634431 0.10634431 "" "" 1.0501789417004543 "" 0.11168055748299927 "" 1.0
168.15357070191 -60.81856108608 0.0103 0.0103 3.6705 "" "" 5337624414455929600 2490.17358 0.3654 0.012 -6.051 1.06 0.015 0.015 0.944 13801.6 4.0103 13.37866 0.532077 13.571714 13.039638 "" "" 2425.87866 2577.2356 83846.06261 61.88 50902.0 115.19 48228.0 97.051 "" "" 0.0028694706229038932 0.0037177778 0.0043654754 0.008083253 168.15357070191 -60.81856108608 2490.17358 -6.050999999999998 1.0599999999999998 0.0645781745910643 0.011385378837585503 0.10834432 0.10834432 "" "" 0.7739992654709749 "" 0.08385842137544383 "" 1.0
168.22172840937 -60.76606670209 0.0103 0.0101 1.7377 "" "" 5337625724464024192 2479.42676 0.3629 0.0126 -5.943 0.958 0.014 0.013 0.971 13862.3 3.951 13.454406 0.466789 13.622556 13.155767 "" "" 2412.30322 2546.29712 78195.9472 25.024 48573.0 27.083 43336.0 23.81 "" "" 0.002777141227666915 0.0028550883 0.0038261705 0.006681259 168.22172840937 -60.76606670209 2479.42676 -5.943000000000006 0.9579999999999993 0.17257817459106484 -0.09061462116241459 0.107344314 0.10634431 "" "" 2.290806904124227 "" 0.24541183614291054 "" 0.8
168.24839589531 -60.81692337406 0.0099 0.0105 1.8071 "" "" 5337624040836911744 2445.71362 0.3756 0.0123 -6.086 0.961 0.013 0.014 0.915 12125.3 3.7025 13.489178 0.854239 13.823475 12.969235 "" "" 2369.64526 2519.75049 75731.34537 16.286 40367.0 28.512 51459.0 21.529 "" "" 0.00276519541265549 0.0028936393 0.0038065815 0.0067002205 168.24839589531 -60.81692337406 2445.71362 -6.086 0.9609999999999996 0.029578174591064155 -0.08761462116241459 0.10634431 0.107344314 "" "" 1.0720060301576626 "" 0.11496453476017245 "" 1.0
168.28983085034 -60.82640324471 0.0107 0.011 2.4757 "" "" 5337623864700091904 2429.73901 0.3734 0.013 -6.09 0.95 0.014 0.014 1.125 "" "" 13.517513 0.61375 13.744517 13.130767 "" "" 2354.81616 2521.32495 73780.49777 15.649 43412.0 22.085 44346.0 21.199 "" "" 0.0027649270290199673 0.0028443164 0.003814854 0.0066591706 168.28983085034 -60.82640324471 2429.73901 -6.09 0.9499999999999997 0.025578174591064595 -0.0986146211624146 0.107344314 0.107344314 "" "" 1.1733228657077688 "" 0.1259495386549334 "" 0.9
168.26394818137 -60.78267803278 0.0108 0.011 0.2975 "" "" 5337625445247846784 2471.99658 0.3666 0.0133 -5.921 1.082 0.014 0.015 0.944 6739.8 3.5188 13.552021 0.488161 13.724108 13.235947 "" "" 2395.92383 2545.77246 71472.4055 36.766 44236.0 56.004 40251.0 49.674 "" "" 0.002811356385139465 0.0031103853 0.0040098745 0.00712026 168.26394818137 -60.78267803278 2471.99658 -5.921 1.0819999999999999 0.1945781745910642 0.03338537883758552 0.107344314 0.10834432 "" "" 2.3132398194246604 "" 0.24837959417532923 "" 0.9
168.25629422578 -60.79504835079 0.0117 0.0114 0.4787 "" "" 5337624178275835648 2462.83276 0.3724 0.0133 -5.883 1.013 0.016 0.016 1.017 "" "" 13.580671 0.616917 13.806544 13.189628 "" "" 2383.05859 2547.48315 69611.0362 24.159 41001.0 33.071 42006.0 48.701 "" "" 0.0027809669148688636 0.0029243762 0.0039834986 0.0069078747 168.25629422578 -60.79504835079 2462.83276 -5.882999999999999 1.013 0.23257817459106445 -0.03561462116241465 0.10934432 0.10934432 "" "" 2.7467255045410774 "" 0.30033882842561316 "" 1.0
168.26292561492 -60.79566199073 0.0105 0.0108 0.491 "" "" 5337623972117404800 2474.95557 0.3684 0.0129 -5.997 1.078 0.014 0.014 1.127 11115.9 3.7506 13.582772 0.624669 13.811596 13.186927 "" "" 2402.98535 2553.87793 69476.47309 20.495 40811.0 48.964 42110.0 34.111 "" "" 0.0027738729023646285 0.0030792719 0.0038803658 0.0069596376 168.26292561492 -60.79566199073 2474.95557 -5.996999999999997 1.0780000000000007 0.11857817459106457 0.02938537883758552 0.107344314 0.107344314 "" "" 1.4331528139063747 "" 0.1538408063194471 "" 1.0
168.20736100297 -60.76471573816 0.0105 0.0108 2.0965 "" "" 5337625724464023424 2399.72949 0.3819 0.0131 -6.089 1.008 0.014 0.015 1.04 10593.2 3.9647 13.583406 0.62665 13.80165 13.175 "" "" 2325.36206 2473.84082 69435.92412 19.5 41187.0 42.255 42575.0 41.682 "" "" 0.00277214011462305 0.0030042967 0.0039260183 0.006930315 168.20736100297 -60.76471573816 2399.72949 -6.089 1.0079999999999998 0.02657817459106404 -0.040614621162414544 0.107344314 0.10834432 "" "" 0.5521071499681538 "" 0.05965266583903368 "" 1.0
168.29740143169 -60.76114848303 0.0105 0.0107 1.8973 "" "" 5337625621384786688 2432.83472 0.3728 0.0128 -6.058 1.094 0.013 0.014 0.922 11855.9 3.9026 13.622266 0.48465 13.79072 13.30607 "" "" 2368.78418 2528.12744 66994.69825 20.929 41603.0 31.729 37734.0 30.208 "" "" 0.002776118442638818 0.002910449 0.0038780426 0.0067884913 168.29740143169 -60.76114848303 2432.83472 -6.058 1.094 0.057578174591064624 0.04538537883758553 0.10634431 0.107344314 "" "" 0.8454411155816106 "" 0.09023278010642978 "" 1.0
168.29018792035 -60.74536869752 0.011 0.011 2.6631 "" "" 5337625999341888128 2350.9585 0.3912 0.0135 -6.171 1.096 0.015 0.015 0.879 "" "" 13.63809 0.519473 13.821552 13.302079 "" "" 2275.6521 2436.55884 66025.35266 18.989 40439.0 21.33 37873.0 22.559 "" "" 0.0027729578806416945 0.0028483355 0.0038343149 0.00668265 168.29018792035 -60.74536869752 2350.9585 -6.171 1.096 -0.05542182540893581 0.047385378837585534 0.10834432 0.10834432 "" "" 0.812558634189409 "" 0.08803610982324099 "" 1.0
