Clusters/NGC_3590/NGC_3590_stars_in_region.tsv
# %ECSV 1.0
# ---
# datatype:
# - name: RA_ICRS_1
#   unit: deg
#   datatype: float64
#   format: '{:15.11f}'
#   description: Right ascension (ICRS) at Ep=2016.0 (ra)
#   meta: !!omap
#   - {ucd: POS_EQ_RA_MAIN}
#   - {width: 15}
#   - {precision: '11'}
# - name: DE_ICRS_1
#   unit: deg
#   datatype: float64
#   format: '{:15.11f}'
#   description: Declination (ICRS) at Ep=2016.0 (dec)
#   meta: !!omap
#   - {ucd: POS_EQ_DEC_MAIN}
#   - {width: 15}
#   - {precision: '11'}
# - name: e_RA_ICRS
#   unit: mas
#   datatype: float64
#   format: '{:7.4f}'
#   description: Standard error of right ascension (ra_error)
#   meta: !!omap
#   - {ucd: ERROR}
#   - {width: 7}
#   - {precision: '4'}
# - name: e_DE_ICRS
#   unit: mas
#   datatype: float64
#   format: '{:7.4f}'
#   description: Standard error of declination (dec_error)
#   meta: !!omap
#   - {ucd: ERROR}
#   - {width: 7}
#   - {precision: '4'}
# - name: _r_1
#   unit: ''
#   datatype: float64
#   format: '{:7.4f}'
#   description: Distance from center (168.26161512000-60.78750360000)[ICRS], at Epoch=J2016.0
#   meta: !!omap
#   - {ucd: POS_ANG_DIST_GENERAL}
#   - {width: 7}
#   - {precision: '4'}
# - name: HIP
#   datatype: int32
#   description: '? HIP cross-id number, van Leeuwen, Cat. I/311 (hip_original_ext_source_id)'
#   meta: !!omap
#   - {ucd: ID_NUMBER}
#   - {width: 6}
#   - values: {'null': -2147483648}
# - name: TYC2
#   datatype: string
#   description: Tycho-2 cross-id name, Hog et al., Cat. I/259 (tyc2_original_ext_source_id)
#   meta: !!omap
#   - {ucd: ID_CROSSID}
#   - {_votable_string_dtype: char}
# - name: Source
#   datatype: int64
#   description: Source identifier, identical to the Gaia-EDR3 source_id (id)
#   meta: !!omap
#   - {ucd: ID_MAIN}
#   - {width: 19}
# - name: rgeo
#   unit: pc
#   datatype: float64
#   format: '{:15.8f}'
#   description: '? Median of the geometric distance posterior (r_med_geo)'
#   meta: !!omap
#   - {ucd: PHYS_DISTANCE_TRUE}
#   - {width: 15}
#   - {precision: '8'}
#   - values: {'null': .nan}
# - name: Plx
#   unit: mas
#   datatype: float64
#   format: '{:9.4f}'
#   description: '? Parallax (parallax)'
#   meta: !!omap
#   - {ucd: POS_PARLX_TRIG}
#   - {width: 9}
#   - {precision: '4'}
#   - values: {'null': .nan}
# - name: e_Plx
#   unit: mas
#   datatype: float32
#   format: '{:7.4f}'
#   description: '? Standard error of parallax (parallax_error)'
#   meta: !!omap
#   - {ucd: ERROR}
#   - {width: 7}
#   - {precision: '4'}
#   - values: {'null': .nan}
# - name: pmRA
#   unit: mas / yr
#   datatype: float64
#   format: '{:9.3f}'
#   description: '? Proper motion in right ascension direction, pmRA*cosDE (pmra)'
#   meta: !!omap
#   - {ucd: POS_EQ_PMRA}
#   - {width: 9}
#   - {precision: '3'}
#   - values: {'null': .nan}
# - name: pmDE
#   unit: mas / yr
#   datatype: float64
#   format: '{:9.3f}'
#   description: '? Proper motion in declination direction (pmdec)'
#   meta: !!omap
#   - {ucd: POS_EQ_PMDEC}
#   - {width: 9}
#   - {precision: '3'}
#   - values: {'null': .nan}
# - name: e_pmRA
#   unit: mas / yr
#   datatype: float32
#   format: '{:6.3f}'
#   description: '? Standard error of proper motion in right ascension direction (pmra_error)'
#   meta: !!omap
#   - {ucd: ERROR}
#   - {width: 6}
#   - {precision: '3'}
#   - values: {'null': .nan}
# - name: e_pmDE
[...]
#         value: !astropy.table.SerializedColumn {name: SkyCoord.dec}
#       distance: !astropy.table.SerializedColumn
#         __class__: astropy.coordinates.distances.Distance
#         unit: !astropy.units.Unit {unit: pc}
#         value: !astropy.table.SerializedColumn {name: SkyCoord.distance}
#       frame: icrs
#       obstime: !astropy.time.Time {format: jyear_str, in_subfmt: '*', jd1: 367701545.0, jd2: 0.0, out_subfmt: '*', precision: 3, scale: tt}
#       pm_dec: !astropy.table.SerializedColumn
#         __class__: astropy.units.quantity.Quantity
#         unit: !astropy.units.Unit {unit: mas / yr}
#         value: !astropy.table.SerializedColumn {name: SkyCoord.pm_dec}
#       pm_ra_cosdec: !astropy.table.SerializedColumn
#         __class__: astropy.units.quantity.Quantity
#         unit: !astropy.units.Unit {unit: mas / yr}
#         value: !astropy.table.SerializedColumn {name: SkyCoord.pm_ra_cosdec}
#       ra: !astropy.table.SerializedColumn
#         __class__: astropy.coordinates.angles.Longitude
#         unit: *id001
#         value: !astropy.table.SerializedColumn {name: SkyCoord.ra}
#         wrap_angle: !astropy.coordinates.Angle
#           unit: *id001
#           value: 360.0
#       representation_type: spherical
# schema: astropy-2.0
RA_ICRS_1 DE_ICRS_1 e_RA_ICRS e_DE_ICRS _r_1 HIP TYC2 Source rgeo Plx e_Plx pmRA pmDE e_pmRA e_pmDE RUWE Teff logg Gmag BP-RP BPmag RPmag RV e_RV b_rgeo B_rgeo FG e_FG FBP e_FBP FRP e_FRP RAVE5 RAVE6 e_Gmag e_BPmag e_RPmag e_BP-RP SkyCoord.ra SkyCoord.dec SkyCoord.distance SkyCoord.pm_ra_cosdec SkyCoord.pm_dec rmRA rmDE e_rmRA e_rmDE rRV e_rRV v_pec v_pec3d e_vpec e_vpec3d
[from data line 913]
168.45986056641 -60.66384274447 0.0279 0.0284 9.4277 "" "" 5337647023164912000 2777.81494 0.3375 0.0342 -5.567 2.269 0.037 0.038 0.943 5521.5 4.1845 16.089321 1.331295 16.641865 15.31057 "" "" 2537.95435 3054.19556 6905.86402 2.9937 3010.7 12.213 5955.7 10.933 "" "" 0.0027952312346043637 0.0052137426 0.004272728 0.00948647 168.45986056641 -60.66384274447 2777.81494 -5.567000000000004 2.269000000000002 0.5485781745910643 1.2203853788375856 0.13034432 0.13134432 "" "" 17.61740537201791 "" 2.310994075772835 ""
168.23364646489 -60.62517559868 0.029 0.0281 9.7742 "" "" 5337650841434663552 2745.04639 0.3387 0.034 -10.911 2.765 0.041 0.04 0.99 7311.5 4.3795 16.089714 1.177433 16.596521 15.419088 "" "" 2556.01489 2987.60571 6903.36547 2.7858 3139.1 8.8197 5389.2 9.4703 "" "" 0.0027899384328730946 0.004134088 0.004233668 0.008367756 168.23364646489 -60.62517559868 2745.04639 -10.911 2.764999999999999 -4.795421825408935 1.7163853788375856 0.13434431 0.13334432 "" "" 66.272014107047 "" 8.895767075891024 ""
168.07143476522 -60.93778597792 0.0317 0.0305 10.5912 "" "" 5337616271197816064 2171.89331 0.4331 0.0375 -12.474 2.03 0.039 0.039 1.082 7637.6 4.0179 16.089962 1.627824 16.85204 15.224215 "" "" 2051.29834 2317.12695 6901.7942 2.7857 2480.9 7.9563 6448.7 12.392 "" "" 0.0027899516304061307 0.004461976 0.0043170257 0.008779001 168.07143476522 -60.93778597792 2171.89331 -12.474 2.03 -6.358421825408936 0.9813853788375853 0.13234432 0.13234432 "" "" 66.23360910084845 "" 8.76564198518062 ""
168.2876635322 -60.84152340296 0.03 0.029 3.3296 "" "" 5337623731599287296 2154.06055 0.4477 0.0348 -7.704 1.807 0.04 0.039 1.129 8040.5 4.4347 16.090433 1.237998 16.60364 15.365642 "" "" 1998.67883 2319.69531 6898.80369 3.6161 3118.6 9.4922 5661.1 7.3467 "" "" 0.002813479649385174 0.0043250504 0.0040334915 0.008358542 168.2876635322 -60.84152340296 2154.06055 -7.703999999999994 1.806999999999999 -1.5884218254089353 0.7583853788375854 0.13334432 0.13234432 "" "" 17.971868649341328 "" 2.393120588714802 ""
167.89435475395 -60.697531789 0.0299 0.0291 12.0468 "" "" 5337638093971201408 2512.12207 0.3708 0.0351 -4.95 3.807 0.038 0.035 0.986 5769.8 4.1771 16.090502 1.266169 16.642258 15.376089 "" "" 2305.84326 2774.08911 6898.36386 2.6763 3009.6 9.8975 5606.9 10.936 "" "" 0.002787331875121595 0.00453147 0.0043322383 0.008863708 167.89435475395 -60.697531789 2512.12207 -4.949999999999999 3.8069999999999995 1.1655781745910643 2.7583853788375854 0.13134432 0.12834431 "" "" 35.65734633445158 "" 4.592784421587399 ""
167.71642008371 -60.81896076163 0.028 0.0274 16.0683 "" "" 5337632665131727104 2520.09229 0.3771 0.0322 -6.73 1.346 0.035 0.034 0.998 7102.3 4.2991 16.096407 1.188092 16.613901 15.425809 "" "" 2339.35352 2748.80176 6860.94885 2.4889 3089.3 9.2744 5355.9 9.6619 "" "" 0.0027833287909586244 0.0042906106 0.004256759 0.008547369 167.71642008371 -60.81896076163 2520.09229 -6.73 1.346 -0.614421825408936 0.29738537883758553 0.12834431 0.12734431 "" "" 8.153902061259764 "" 1.0449642252759868 ""
168.06144094451 -60.70807001996 0.0297 0.0292 7.5604 "" "" 5337638575007603840 2316.27075 0.4144 0.0362 -5.064 2.409 0.039 0.038 1.006 7428.4 4.3525 16.100998 1.15098 16.539919 15.388939 "" "" 2141.06714 2506.84106 6831.99186 2.9037 3307.1 29.181 5540.9 34.977 "" "" 0.002793694598241754 0.009978294 0.007826701 0.017804995 168.06144094451 -60.70807001996 2316.27075 -5.064000000000004 2.409000000000001 1.0515781745910644 1.3603853788375853 0.13234432 0.13134432 "" "" 18.877915519212493 "" 2.4865847096279063 ""
168.36468379692 -60.72091855427 0.027 0.027 5.0089 "" "" 5337623147483559040 2152.82031 0.4459 0.0329 -7.103 1.347 0.036 0.035 1.031 6581.8 4.3156 16.102972 1.195778 16.614618 15.41884 "" "" 2002.41833 2327.34058 6819.58096 2.5913 3087.2 8.9931 5390.4 10.003 "" "" 0.002786035349345373 0.004217609 0.0042828936 0.008500502 168.36468379692 -60.72091855427 2152.82031 -7.103 1.347 -0.9874218254089353 0.2983853788375854 0.12934431 0.12834431 "" "" 10.52602076584139 "" 1.360603287562737 ""
168.43263718366 -60.87162619965 0.0738 0.0667 7.1057 "" "" 5337620570463219840 2792.53345 0.3857 0.0848 -7.054 3.511 0.095 0.084 2.97 6364.4 4.3777 16.10591 1.560966 16.671587 15.11062 "" "" 2219.28296 3469.27734 6801.15989 5.0546 2929.4 12.01 7159.9 23.075 "" "" 0.0028710454771909023 0.005253502 0.0051504932 0.010403995 168.43263718366 -60.87162619965 2792.53345 -7.053999999999995 3.5109999999999992 -0.9384218254089358 2.4623853788375856 0.18834431 0.17734432 "" "" 34.880352971201994 "" 6.235798589611134 ""
167.76327776967 -60.70405463116 0.0414 0.0576 15.4458 "" "" 5337640774030720256 1941.0437 0.5054 0.0544 -5.65 2.573 0.058 0.078 1.309 "" "" 16.106016 "" "" "" "" "" 1723.10168 2171.22314 6800.49253 5.6936 "" "" "" "" "" "" 0.002901395709835683 "" "" "" 167.76327776967 -60.70405463116 1941.0437 -5.649999999999995 2.5729999999999995 0.4655781745910641 1.5243853788375854 0.15134431 0.17134431 "" "" 14.664742298746248 "" 2.489044450102963 ""
168.22869890409 -60.56281569461 0.0292 0.0277 13.5159 "" "" 5337651459909995136 2404.62061 0.4022 0.034 -6.167 3.7 0.039 0.036 0.944 6874.8 4.3613 16.110973 1.111033 16.583359 15.472326 "" "" 2227.43823 2621.677 6769.50824 2.9528 3177.4 7.7672 5131.3 7.6712 "" "" 0.002795724509851114 0.0038508808 0.0041131936 0.007964075 168.22869890409 -60.56281569461 2404.62061 -6.166999999999998 3.7 -0.05142182540893536 2.6513853788375856 0.13234432 0.12934431 "" "" 30.22591287495263 "" 3.9095844660070735 ""
168.52311050045 -60.7326961402 0.0276 0.027 8.3396 "" "" 5337645687474075648 2527.32349 0.3785 0.0333 -10.764 3.834 0.036 0.034 1.011 4959.2 3.6503 16.111496 1.792302 16.966192 15.17389 "" "" 2317.71021 2787.83765 6766.25592 2.7343 2233.3 8.9279 6754.6 11.863 "" "" 0.002790035002299249 0.0051598297 0.0042331843 0.009393014 168.52311050045 -60.7326961402 2527.32349 -10.764 3.833999999999998 -4.648421825408935 2.7853853788375855 0.12934431 0.12734431 "" "" 64.91768598057261 "" 8.362627724298497 ""
168.14466038467 -60.72240428171 0.0273 0.0287 5.1971 "" "" 5337626789615863168 2556.3916 0.3649 0.0342 -6.123 1.029 0.036 0.038 0.962 7139.4 4.349 16.112238 1.093069 16.539734 15.446665 "" "" 2365.698 2796.69067 6761.63079 3.2763 3307.7 14.917 5254.0 19.509 "" "" 0.0028050945756605277 0.005635609 0.0055260216 0.011161631 168.14466038467 -60.72240428171 2556.3916 -6.123 1.029 -0.007421825408935767 -0.019614621162414636 0.12934431 0.13134432 "" "" 0.25412164514938895 "" 0.03331420553590146 ""
168.05241907931 -60.55242503071 0.0298 0.0288 15.3865 "" "" 5337663210942387712 2193.50244 0.4403 0.037 -8.451 3.711 0.038 0.035 0.992 6095.3 4.32 16.113014 1.174221 16.613604 15.439383 "" "" 2045.01038 2390.4668 6756.80104 2.9111 3090.1 7.6115 5289.4 9.4348 "" "" 0.002794746171388905 0.0038648827 0.0042466847 0.008111567 168.05241907931 -60.55242503071 2193.50244 -8.450999999999995 3.710999999999997 -2.335421825408936 2.6623853788375853 0.13134432 0.12834431 "" "" 36.82208385489182 "" 4.774256278151726 ""
168.03871446791 -60.64664773805 0.0274 0.0282 10.6872 "" "" 5337639193482957952 2223.35718 0.4253 0.0344 -3.219 7.727 0.036 0.036 0.998 5402.1 4.2023 16.11573 1.387694 16.72593 15.338235 "" "" 2063.30835 2414.50439 6739.91444 3.0568 2786.4 9.1439 5805.8 11.169 "" "" 0.002798976286045891 0.004525463 0.0043181484 0.008843612 168.03871446791 -60.64664773805 2223.35718 -3.2189999999999994 7.727 2.8965781745910646 6.678385378837586 0.12934431 0.12934431 "" "" 76.71647186737438 "" 9.922839452022162 ""
168.16075305628 -60.63852090508 0.0285 0.0286 9.4164 "" "" 5337650944513857792 2128.75317 0.4476 0.0351 -1.714 -2.226 0.037 0.036 0.953 5169.3 4.2859 16.118301 1.252523 16.644915 15.392391 "" "" 2003.81494 2269.15356 6723.9799 2.9359 3002.3 18.878 5523.3 26.154 "" "" 0.0027958054888993895 0.0073751053 0.006380876 0.013755981 168.16075305628 -60.63852090508 2128.75317 -1.7140000000000004 -2.226 4.401578174591064 -3.2746146211624145 0.13034432 0.12934431 "" "" 55.35606250701241 "" 7.195674393823429 ""
168.62506078605 -60.79645382205 0.0271 0.0272 10.6548 "" "" 5337457533546266240 2241.09009 0.4263 0.0331 -7.786 3.012 0.035 0.034 0.993 4993.4 3.4287 16.121578 1.957305 17.09877 15.141465 "" "" 2105.41138 2392.39941 6703.70966 2.7588 1976.6 8.5534 6959.4 11.064 "" "" 0.0027913141166775474 0.0054643783 0.004154892 0.00961927 168.62506078605 -60.79645382205 2241.09009 -7.786 3.012 -1.6704218254089351 1.9633853788375855 0.12834431 0.12734431 "" "" 27.383653963677325 "" 3.498677022588097 ""
168.63695840718 -60.64150991403 0.0287 0.0259 14.0743 "" "" 5337648019597360000 2698.23315 0.3507 0.0334 -5.808 0.826 0.035 0.032 0.978 7662.4 4.4448 16.122114 1.116734 16.595339 15.478605 "" "" 2402.63135 3004.08105 6700.40062 4.1301 3142.5 12.538 5101.7 11.178 "" "" 0.0028354322542851014 0.005152699 0.004465739 0.009618438 168.63695840718 -60.64150991403 2698.23315 -5.808 0.8260000000000001 0.3075781745910646 -0.2226146211624146 0.12834431 0.12534432 "" "" 4.856044040268684 "" 0.6182763976489666 ""
168.14657640918 -60.65355926877 0.0271 0.0281 8.7168 "" "" 5337627442450700032 2543.74121 0.3796 0.0342 -6.014 1.1 0.036 0.036 1.025 6041.4 4.3199 16.122381 1.063693 16.55403 15.490336 "" "" 2324.84937 2789.57812 6698.75539 3.0055 3264.4 10.072 5046.9 15.539 "" "" 0.0027980506191419416 0.004359716 0.0050456584 0.0094053745 168.14657640918 -60.65355926877 2543.74121 -6.014000000000001 1.0999999999999999 0.10157817459106422 0.05138537883758554 0.12934431 0.12934431 "" "" 1.3725558339168322 "" 0.17753229322691547 ""
168.03379870119 -60.57040737045 0.0308 0.0285 14.645 "" "" 5337663073503415424 2240.1748 0.4176 0.0369 -8.319 1.379 0.039 0.034 0.987 6042.1 4.325 16.122433 1.188241 16.631226 15.442985 "" "" 2071.58667 2466.97314 6698.44195 2.9782 3040.4 12.005 5271.9 10.156 "" "" 0.0027972875654426726 0.005115038 0.0043195533 0.009434591 168.03379870119 -60.57040737045 2240.1748 -8.319 1.379 -2.2034218254089364 0.33038537883758545 0.13234432 0.12734431 "" "" 23.65842651941618 "" 3.1285054323166905 ""
168.56360100034 -60.612632577 0.0312 0.0277 13.7373 "" "" 5337648298814436608 2894.88892 0.3302 0.0358 -6.221 0.871 0.041 0.036 1.087 7410.2 4.2684 16.124325 1.034078 16.541834 15.507756 "" "" 2649.50732 3194.05786 6686.77906 2.6966 3301.3 8.3661 4966.6 9.3232 "" "" 0.002789892597604334 0.003918616 0.0042939107 0.008212527 168.56360100034 -60.612632577 2894.88892 -6.221 0.8710000000000002 -0.10542182540893563 -0.17761462116241455 0.13434431 0.12934431 "" "" 2.834159647685947 "" 0.37032637556767484 ""
168.566390811 -60.58689703987 0.034 0.0309 15.0008 "" "" 5337648436253397760 2119.37354 0.4595 0.0399 -6.868 1.924 0.047 0.044 1.199 6374.7 4.4413 16.125372 1.136468 16.604795 15.468327 "" "" 1956.06592 2332.67651 6680.32546 3.4943 3115.3 9.1749 5150.2 7.3292 "" "" 0.00281324048944337 0.004243792 0.0040830215 0.008326814 168.566390811 -60.58689703987 2119.37354 -6.868000000000001 1.9239999999999993 -0.7524218254089359 0.8753853788375854 0.14034432 0.13734432 "" "" 11.596031366810942 "" 1.6075220929189398 ""
168.31906923798 -60.81144867067 0.0374 0.0378 2.2119 "" "" 5337623903397939840 2098.95947 0.4576 0.0448 -5.791 1.298 0.05 0.05 1.38 5362.0 4.1816 16.127462 1.567864 16.840664 15.272799 "" "" 1923.12402 2319.52808 6667.48299 7.1873 2507.0 8.6543 6166.5 15.326 "" "" 0.002993590950789406 0.0046725473 0.004643852 0.0093164 168.31906923798 -60.81144867067 2098.95947 -5.791 1.298 0.3245781745910641 0.2493853788375855 0.14334431 0.14334431 "" "" 4.072367005411445 "" 0.5837506502928488 ""
168.43054054533 -61.02745169218 0.0287 0.0279 15.217 "" "" 5337612633403089664 2393.38354 0.3953 0.034 -5.186 4.42 0.038 0.034 1.065 4878.0 4.1577 16.134466 1.4843 16.812273 15.327973 "" "" 2181.00806 2589.18115 6624.60963 2.5184 2573.4 8.022 5861.0 11.413 "" "" 0.0027860641113273367 0.0043863608 0.004330554 0.008716915 168.43054054533 -61.02745169218 2393.38354 -5.186 4.42 0.9295781745910645 3.3713853788375854 0.13134432 0.12734431 "" "" 39.67438216531495 "" 5.063682659294918 ""
167.76180986 -60.88532827505 0.0309 0.0287 15.7481 "" "" 5337629091718875392 2041.88477 0.4646 0.0356 -8.689 1.608 0.04 0.036 0.931 7597.6 4.259 16.134714 1.443202 16.786303 15.343101 "" "" 1888.43506 2208.58252 6623.09573 2.8831 2635.7 7.7737 5779.9 9.7775 "" "" 0.002795562603276492 0.0042472924 0.0042020343 0.008449327 167.76180986 -60.88532827505 2041.88477 -8.689 1.6079999999999992 -2.5734218254089356 0.5593853788375855 0.13334432 0.12934431 "" "" 25.48858351476668 "" 3.394223882554879 ""
168.09976445739 -60.70913871453 0.0299 0.0305 6.6802 "" "" 5337626858335117184 2654.75464 0.3565 0.037 -6.532 3.112 0.038 0.039 1.044 7245.9 4.3524 16.135117 1.121657 16.607197 15.485539 "" "" 2424.65283 2917.323 6620.64164 2.6999 3108.4 9.7463 5069.2 8.9718 "" "" 0.002790668194507403 0.004401622 0.0042398465 0.008641468 168.09976445739 -60.70913871453 2654.75464 -6.532 3.112 -0.4164218254089356 2.0633853788375855 0.13134432 0.13234432 "" "" 26.48817009297118 "" 3.5045260100513964 ""
168.22549381639 -61.0473191238 0.0281 0.0274 15.6245 "" "" 5337614557548348288 2894.96533 0.321 0.0336 -7.497 1.27 0.037 0.034 0.999 "" "" 16.135399 1.216511 16.620365 15.403854 "" "" 2646.69165 3219.50195 6618.91784 2.7752 3070.9 13.326 5465.3 61.564 "" "" 0.0027926733506725755 0.0054756925 0.0128009375 0.01827663 168.22549381639 -61.0473191238 2894.96533 -7.497 1.270000000000001 -1.3814218254089354 0.22138537883758547 0.13034432 0.12734431 "" "" 19.197938419657916 "" 2.50091620414938 ""
168.67457959698 -60.65189691137 0.0294 0.0288 14.5964 "" "" 5337460282325264128 2702.30176 0.3516 0.0344 -7.174 2.306 0.039 0.04 1.007 7922.5 4.3058 16.135824 1.418993 16.761312 15.34232 "" "" 2457.26929 3022.33936 6616.3342 3.1709 2697.1 12.853 5784.0 18.79 "" "" 0.002804023161368408 0.005878433 0.0051695695 0.011048002 168.67457959698 -60.65189691137 2702.30176 -7.174000000000002 2.306 -1.058421825408936 1.2573853788375855 0.13234432 0.13334432 "" "" 21.052155314389935 "" 2.798473963147423 ""
168.69214663182 -60.74818076445 0.0293 0.0277 12.8337 "" "" 5337458152021332736 2414.06055 0.3875 0.0349 -8.608 3.696 0.039 0.038 1.05 7364.6 4.1993 16.137081 1.33802 16.727005 15.388985 "" "" 2252.90796 2641.59985 6608.67759 2.6655 2783.7 8.4448 5540.7 10.352 "" "" 0.0027899028123013815 0.0043166964 0.0042893714 0.008606068 168.69214663182 -60.74818076445 2414.06055 -8.608000000000008 3.696 -2.492421825408936 2.6473853788375856 0.13234432 0.13134432 "" "" 41.60596788365217 "" 5.484296560655628 ""
168.12602509272 -60.71460901148 0.0285 0.0284 5.9101 "" "" 5337626789615641088 2021.33875 0.4704 0.0349 -9.942 6.376 0.038 0.038 0.958 6184.7 4.2561 16.13977 1.251432 16.685953 15.434522 "" "" 1899.07385 2171.55249 6592.32903 2.5855 2890.9 7.6267 5313.1 9.7477 "" "" 0.002788030729384541 0.003998702 0.004272188 0.0082708895 168.12602509272 -60.71460901148 2021.33875 -9.941999999999995 6.375999999999994 -3.8264218254089357 5.327385378837586 0.13134432 0.13134432 "" "" 62.84423756089464 "" 8.254233547168191 ""
168.25540627146 -60.75516862737 0.03 0.0287 1.9486 "" "" 5337625793183478144 2796.51636 0.3369 0.0347 -5.089 1.21 0.041 0.042 0.992 6741.4 4.2346 16.141312 1.342545 16.740856 15.398311 "" "" 2574.31152 3074.54053 6582.97891 2.6453 2748.4 7.7987 5493.3 9.4876 "" "" 0.002789648665306551 0.004156502 0.0042190165 0.008375518 168.25540627146 -60.75516862737 2796.51636 -5.089 1.2099999999999993 1.026578174591064 0.1613853788375854 0.13434431 0.13534431 "" "" 13.774919928792626 "" 1.8509155380668463 ""
