Clusters/NGC_3590/NGC_3590_members.tsv
# %ECSV 1.0
# ---
# datatype:
# - name: RA_ICRS_1
#   unit: deg
#   datatype: float64
#   format: '{:15.11f}'
#   description: Right ascension (ICRS) at Ep=2016.0 (ra)
#   meta: !!omap
#   - {ucd: POS_EQ_RA_MAIN}
#   - {width: 15}
#   - {precision: '11'}
# - name: DE_ICRS_1
#   unit: deg
#   datatype: float64
#   format: '{:15.11f}'
#   description: Declination (ICRS) at Ep=2016.0 (dec)
#   meta: !!omap
#   - {ucd: POS_EQ_DEC_MAIN}
#   - {width: 15}
#   - {precision: '11'}
# - name: e_RA_ICRS
#   unit: mas
#   datatype: float64
#   format: '{:7.4f}'
#   description: Standard error of right ascension (ra_error)
#   meta: !!omap
#   - {ucd: ERROR}
#   - {width: 7}
#   - {precision: '4'}
# - name: e_DE_ICRS
#   unit: mas
#   datatype: float64
#   format: '{:7.4f}'
#   description: Standard error of declination (dec_error)
#   meta: !!omap
#   - {ucd: ERROR}
#   - {width: 7}
#   - {precision: '4'}
# - name: _r_1
#   unit: ''
#   datatype: float64
#   format: '{:7.4f}'
#   description: Distance from center (168.26161512000-60.78750360000)[ICRS], at Epoch=J2016.0
#   meta: !!omap
#   - {ucd: POS_ANG_DIST_GENERAL}
#   - {width: 7}
#   - {precision: '4'}
# - name: HIP
#   datatype: int32
#   description: '? HIP cross-id number, van Leeuwen, Cat. I/311 (hip_original_ext_source_id)'
#   meta: !!omap
#   - {ucd: ID_NUMBER}
#   - {width: 6}
#   - values: {'null': -2147483648}
# - name: TYC2
#   datatype: string
#   description: Tycho-2 cross-id name, Hog et al., Cat. I/259 (tyc2_original_ext_source_id)
#   meta: !!omap
#   - {ucd: ID_CROSSID}
#   - {_votable_string_dtype: char}
# - name: Source
#   datatype: int64
#   description: Source identifier, identical to the Gaia-EDR3 source_id (id)
#   meta: !!omap
#   - {ucd: ID_MAIN}
#   - {width: 19}
# - name: rgeo
#   unit: pc
#   datatype: float64
#   format: '{:15.8f}'
#   description: '? Median of the geometric distance posterior (r_med_geo)'
#   meta: !!omap
#   - {ucd: PHYS_DISTANCE_TRUE}
#   - {width: 15}
#   - {precision: '8'}
#   - values: {'null': .nan}
# - name: Plx
#   unit: mas
#   datatype: float64
#   format: '{:9.4f}'
#   description: '? Parallax (parallax)'
#   meta: !!omap
#   - {ucd: POS_PARLX_TRIG}
#   - {width: 9}
#   - {precision: '4'}
#   - values: {'null': .nan}
# - name: e_Plx
#   unit: mas
#   datatype: float32
#   format: '{:7.4f}'
#   description: '? Standard error of parallax (parallax_error)'
#   meta: !!omap
#   - {ucd: ERROR}
#   - {width: 7}
#   - {precision: '4'}
#   - values: {'null': .nan}
# - name: pmRA
#   unit: mas / yr
#   datatype: float64
#   format: '{:9.3f}'
#   description: '? Proper motion in right ascension direction, pmRA*cosDE (pmra)'
#   meta: !!omap
#   - {ucd: POS_EQ_PMRA}
#   - {width: 9}
#   - {precision: '3'}
#   - values: {'null': .nan}
# - name: pmDE
#   unit: mas / yr
#   datatype: float64
#   format: '{:9.3f}'
#   description: '? Proper motion in declination direction (pmdec)'
#   meta: !!omap
#   - {ucd: POS_EQ_PMDEC}
#   - {width: 9}
#   - {precision: '3'}
#   - values: {'null': .nan}
# - name: e_pmRA
#   unit: mas / yr
#   datatype: float32
#   format: '{:6.3f}'
#   description: '? Standard error of proper motion in right ascension direction (pmra_error)'
#   meta: !!omap
#   - {ucd: ERROR}
#   - {width: 6}
#   - {precision: '3'}
#   - values: {'null': .nan}
# - name: e_pmDE
[...]
#       distance: !astropy.table.SerializedColumn
#         __class__: astropy.coordinates.distances.Distance
#         unit: !astropy.units.Unit {unit: pc}
#         value: !astropy.table.SerializedColumn {name: SkyCoord.distance}
#       frame: icrs
#       obstime: !astropy.time.Time {format: jyear_str, in_subfmt: '*', jd1: 367701545.0, jd2: 0.0, out_subfmt: '*', precision: 3, scale: tt}
#       pm_dec: !astropy.table.SerializedColumn
#         __class__: astropy.units.quantity.Quantity
#         unit: !astropy.units.Unit {unit: mas / yr}
#         value: !astropy.table.SerializedColumn {name: SkyCoord.pm_dec}
#       pm_ra_cosdec: !astropy.table.SerializedColumn
#         __class__: astropy.units.quantity.Quantity
#         unit: !astropy.units.Unit {unit: mas / yr}
#         value: !astropy.table.SerializedColumn {name: SkyCoord.pm_ra_cosdec}
#       ra: !astropy.table.SerializedColumn
#         __class__: astropy.coordinates.angles.Longitude
#         unit: *id001
#         value: !astropy.table.SerializedColumn {name: SkyCoord.ra}
#         wrap_angle: !astropy.coordinates.Angle
#           unit: *id001
#           value: 360.0
#       representation_type: spherical
# schema: astropy-2.0
RA_ICRS_1 DE_ICRS_1 e_RA_ICRS e_DE_ICRS _r_1 HIP TYC2 Source rgeo Plx e_Plx pmRA pmDE e_pmRA e_pmDE RUWE Teff logg Gmag BP-RP BPmag RPmag RV e_RV b_rgeo B_rgeo FG e_FG FBP e_FBP FRP e_FRP RAVE5 RAVE6 e_Gmag e_BPmag e_RPmag e_BP-RP SkyCoord.ra SkyCoord.dec SkyCoord.distance SkyCoord.pm_ra_cosdec SkyCoord.pm_dec rmRA rmDE e_rmRA e_rmDE rRV e_rRV v_pec v_pec3d e_vpec e_vpec3d Pmemb
[from data line 93]
168.24389333702 -60.79487505499 0.0302 0.0286 0.6818 "" "" 5337624178275836928 2551.59619 0.3686 0.0346 -6.156 1.056 0.038 0.037 1.059 7444.5 4.2798 16.073755 1.088111 16.510862 15.422751 "" "" 2340.57153 2817.15454 7005.59071 3.2862 3396.8 22.305 5371.0 23.96 "" "" 0.0028019949548284168 0.007655993 0.006143521 0.013799515 168.24389333702 -60.79487505499 2551.59619 -6.155999999999994 1.0559999999999994 -0.04042182540893524 0.007385378837585499 0.13134432 0.13034432 "" "" 0.49697744246427245 "" 0.06525916832971759 "" 1.0
168.18197286136 -60.81073395615 0.0279 0.0275 2.7162 "" "" 5337624075196652544 2398.3645 0.3979 0.0329 -6.155 1.057 0.038 0.036 0.955 6011.2 3.9757 16.079391 1.439716 16.696842 15.257126 "" "" 2223.24487 2572.62305 6969.31219 2.9511 2862.1 11.769 6256.2 20.944 "" "" 0.0027934129923420756 0.0052647297 0.0052435733 0.010508303 168.18197286136 -60.81073395615 2398.3645 -6.155000000000002 1.0570000000000008 -0.039421825408935796 0.008385378837585389 0.13134432 0.12934431 "" "" 0.45818338575158946 "" 0.060140407112543516 "" 1.0
168.32301809017 -60.82384386442 0.0272 0.0275 2.8255 "" "" 5337620948460456832 2552.23218 0.3722 0.0326 -5.959 1.224 0.036 0.036 0.971 7985.6 4.3293 16.085308 1.133885 16.566149 15.432263 "" "" 2369.12988 2800.60645 6931.43712 2.6573 3228.2 8.4264 5324.2 9.1188 "" "" 0.0027865827396813896 0.003977038 0.0042120838 0.008189121 168.32301809017 -60.82384386442 2552.23218 -5.959 1.2240000000000004 0.15657817459106482 0.17538537883758543 0.12934431 0.12934431 "" "" 2.844263285208261 "" 0.3678892844185305 "" 0.8
168.22247067809 -60.80514070991 0.0274 0.0285 1.5598 "" "" 5337624040836901888 2593.6792 0.367 0.0338 -6.062 0.911 0.037 0.038 0.979 9292.7 4.2907 16.087006 1.260674 16.629532 15.368858 "" "" 2399.43115 2793.07544 6920.60668 2.7151 3045.1 9.2984 5644.4 10.181 "" "" 0.002788051099308645 0.004333206 0.004256639 0.008589845 168.22247067809 -60.80514070991 2593.6792 -6.061999999999992 0.9109999999999994 0.053578174591064176 -0.13761462116241452 0.13034432 0.13134432 "" "" 1.8155430457050228 "" 0.23822307584160649 "" 1.0
168.09901680148 -60.78481598847 0.0286 0.0301 4.7643 "" "" 5337624728031662336 2090.08569 0.4545 0.0348 -6.134 1.43 0.038 0.041 0.987 5174.8 4.1654 16.164816 1.629075 16.922338 15.293263 "" "" 1968.85632 2221.77612 6441.99695 9.036 2325.3 13.043 6051.4 35.562 "" "" 0.0031481908888953015 0.0066988124 0.0074158274 0.01411464 168.09901680148 -60.78481598847 2090.08569 -6.134 1.4300000000000002 -0.018421825408935888 0.3813853788375854 0.13134432 0.13434431 "" "" 3.782792450781348 "" 0.5081705188776806 "" 0.9
168.21578438387 -60.80320563046 0.0326 0.0324 1.6395 "" "" 5337624105218308608 2307.72803 0.4266 0.039 -6.01 0.993 0.044 0.043 1.097 5586.4 4.1962 16.214043 1.538818 16.87097 15.332151 "" "" 2117.32178 2562.00488 6156.44111 2.9613 2438.0 15.202 5838.5 42.357 "" "" 0.0028043774010850083 0.0073224665 0.008736546 0.016059013 168.21578438387 -60.80320563046 2307.72803 -6.010000000000005 0.9930000000000003 0.10557817459106467 -0.05561462116241456 0.13734432 0.13634431 "" "" 1.3053108604110546 "" 0.17899431142938452 "" 0.9
168.31035044593 -60.81226244324 0.0291 0.0293 2.0596 "" "" 5337623903397942656 2710.89648 0.343 0.0343 -6.225 1.133 0.038 0.038 1.048 5755.0 3.8887 16.214062 1.480108 16.878687 15.398579 "" "" 2528.93921 3054.22485 6156.33624 6.3407 2420.7 14.905 5492.0 14.578 "" "" 0.0029735961510558317 0.0072441106 0.004752848 0.011996958 168.31035044593 -60.81226244324 2710.89648 -6.224999999999999 1.1329999999999998 -0.10942182540893519 0.08438537883758546 0.13134432 0.13134432 "" "" 1.775579218206451 "" 0.23321224216258465 "" 0.9
168.27067399005 -60.82921445733 0.0296 0.0296 2.5167 "" "" 5337623834678547584 2105.54688 0.4422 0.0346 -6.11 0.96 0.039 0.04 1.025 7648.1 4.4079 16.218433 1.234881 16.74466 15.509778 "" "" 1961.92468 2290.0249 6131.58937 2.4714 2738.8 8.5663 4957.3 9.9322 "" "" 0.0027898562915500916 0.0043951464 0.0043607084 0.008755855 168.27067399005 -60.82921445733 2105.54688 -6.11 0.96 0.005578174591064133 -0.08861462116241459 0.13234432 0.13334432 "" "" 0.8861503149100595 "" 0.1181596288355345 "" 1.0
168.18021381644 -60.77025707216 0.0288 0.0308 2.5992 "" "" 5337625002909532160 2639.7041 0.3634 0.0352 -6.214 1.038 0.039 0.043 0.993 6079.8 4.2596 16.221857 1.237096 16.73377 15.496675 "" "" 2380.06372 2884.15674 6112.28555 2.598 2766.4 7.4197 5017.5 11.256 "" "" 0.002793700055627898 0.004032984 0.004496252 0.008529237 168.18021381644 -60.77025707216 2639.7041 -6.214 1.0379999999999994 -0.09842182540893596 -0.010614621162414517 0.13234432 0.13634431 "" "" 1.238614389737675 "" 0.16398139416060317 "" 1.0
168.26249318614 -60.74294106491 0.0292 0.0294 2.6739 "" "" 5337625827543197952 2564.19531 0.375 0.0357 -6.111 0.974 0.038 0.038 0.994 6055.6 4.4191 16.259188 1.119021 16.701797 15.582776 "" "" 2339.23218 2777.2915 5905.70472 2.6437 2849.0 13.151 4635.0 10.127 "" "" 0.0027978592472469735 0.0057360986 0.0044621928 0.010198291 168.26249318614 -60.74294106491 2564.19531 -6.111 0.974 0.004578174591064688 -0.07461462116241457 0.13134432 0.13134432 "" "" 0.908592929399174 "" 0.11933851900581029 "" 1.0
168.22572162808 -60.80488701802 0.0311 0.0315 1.4805 "" "" 5337624040836900864 2202.81396 0.4215 0.0373 -6.125 1.043 0.041 0.041 0.974 8309.8 4.4236 16.330486 1.235516 16.865034 15.629518 "" "" 2015.63879 2482.90918 5530.34852 2.3609 2451.3 7.48 4439.7 9.3729 "" "" 0.002794033160564071 0.0043314453 0.004420149 0.008751594 168.22572162808 -60.80488701802 2202.81396 -6.125 1.0429999999999995 -0.009421825408935547 -0.005614621162414624 0.13434431 0.13434431 "" "" 0.11451952170520797 "" 0.015385046075590153 "" 1.0
168.27733235398 -60.7627192315 0.0316 0.033 1.5567 "" "" 5337625587025056256 2316.6626 0.4212 0.0379 -6.121 1.106 0.043 0.044 1.044 6065.6 4.4178 16.349604 1.112255 16.7868 15.674545 "" "" 2102.51318 2498.41577 5433.82439 2.7894 2634.5 27.749 4259.3 11.416 "" "" 0.002811126212524297 0.011771437 0.004769916 0.016541352 168.27733235398 -60.7627192315 2316.6626 -6.121 1.106 -0.005421825408935987 0.05738537883758554 0.13634431 0.13734432 "" "" 0.6329540444821523 "" 0.08692706010403353 "" 1.0
168.37352129091 -60.73583703434 0.0351 0.0334 4.5128 "" "" 5337623147483572480 2287.15381 0.4125 0.0406 -6.039 0.93 0.048 0.046 1.027 6058.3 4.4223 16.429068 1.211634 16.938654 15.72702 "" "" 2089.26416 2491.37598 5050.32966 2.4885 2290.6 9.4435 4058.4 14.953 "" "" 0.0028067773640454113 0.005274588 0.0055033183 0.010777906 168.37352129091 -60.73583703434 2287.15381 -6.039000000000005 0.9300000000000004 0.07657817459106475 -0.1186146211624145 0.14134431 0.13934432 "" "" 1.5306189120569393 "" 0.21418816449358502 "" 0.9
168.29688187302 -60.70559551457 0.0346 0.0345 5.0221 "" "" 5337626166802785152 2075.0896 0.4699 0.0416 -6.15 1.045 0.046 0.048 1.021 6062.4 4.4445 16.448303 1.167401 16.93685 15.769448 "" "" 1912.32544 2362.32471 4961.639 2.6365 2294.4 13.196 3902.8 11.551 "" "" 0.0028150743210756017 0.0068395026 0.0049608266 0.011800329 168.29688187302 -60.70559551457 2075.0896 -6.150000000000001 1.045 -0.0344218254089359 -0.003614621162414622 0.13934432 0.14134431 "" "" 0.3404320751126321 "" 0.04744475458246623 "" 1.0
168.1892426641 -60.77558599389 0.0372 0.0352 2.237 "" "" 5337624968549800576 2105.56055 0.4595 0.0431 -6.243 0.87 0.05 0.047 0.92 6044.0 4.3925 16.541647 1.402989 17.169348 15.766358 "" "" 1941.81763 2276.86548 4552.90104 2.4399 1852.2 7.1296 3913.9 10.831 "" "" 0.0028160849200206716 0.005025081 0.0048281676 0.0098532485 168.1892426641 -60.77558599389 2105.56055 -6.243000000000006 0.8700000000000017 -0.12742182540893587 -0.17861462116241456 0.14334431 0.14034432 "" "" 2.189761846378211 "" 0.3095518810768819 "" 0.8
168.2612515824 -60.80536831087 0.0389 0.0366 1.0719 "" "" 5337623937720606848 2101.63306 0.4595 0.0457 -6.114 1.024 0.053 0.049 1.073 5873.6 4.5453 16.558569 1.268144 17.08296 15.814816 "" "" 1916.84607 2314.75 4482.49 2.6052 2005.5 15.124 3743.1 16.408 "" "" 0.002826655444942419 0.008650171 0.0060774363 0.014727607 168.2612515824 -60.80536831087 2101.63306 -6.113999999999995 1.024 0.001578174591064574 -0.02461462116241453 0.14634432 0.14234431 "" "" 0.2457079469680223 "" 0.0349792083541145 "" 1.0
