Clusters/NGC_3590/NGC_3590_stars_in_region.tsv
# %ECSV 1.0
# ---
# datatype:
# - name: RA_ICRS_1
#   unit: deg
#   datatype: float64
#   format: '{:15.11f}'
#   description: Right ascension (ICRS) at Ep=2016.0 (ra)
#   meta: !!omap
#   - {ucd: POS_EQ_RA_MAIN}
#   - {width: 15}
#   - {precision: '11'}
# - name: DE_ICRS_1
#   unit: deg
#   datatype: float64
#   format: '{:15.11f}'
#   description: Declination (ICRS) at Ep=2016.0 (dec)
#   meta: !!omap
#   - {ucd: POS_EQ_DEC_MAIN}
#   - {width: 15}
#   - {precision: '11'}
# - name: e_RA_ICRS
#   unit: mas
#   datatype: float64
#   format: '{:7.4f}'
#   description: Standard error of right ascension (ra_error)
#   meta: !!omap
#   - {ucd: ERROR}
#   - {width: 7}
#   - {precision: '4'}
# - name: e_DE_ICRS
#   unit: mas
#   datatype: float64
#   format: '{:7.4f}'
#   description: Standard error of declination (dec_error)
#   meta: !!omap
#   - {ucd: ERROR}
#   - {width: 7}
#   - {precision: '4'}
# - name: _r_1
#   unit: ''
#   datatype: float64
#   format: '{:7.4f}'
#   description: Distance from center (168.26161512000-60.78750360000)[ICRS], at Epoch=J2016.0
#   meta: !!omap
#   - {ucd: POS_ANG_DIST_GENERAL}
#   - {width: 7}
#   - {precision: '4'}
# - name: HIP
#   datatype: int32
#   description: '? HIP cross-id number, van Leeuwen, Cat. I/311 (hip_original_ext_source_id)'
#   meta: !!omap
#   - {ucd: ID_NUMBER}
#   - {width: 6}
#   - values: {'null': -2147483648}
# - name: TYC2
#   datatype: string
#   description: Tycho-2 cross-id name, Hog et al., Cat. I/259 (tyc2_original_ext_source_id)
#   meta: !!omap
#   - {ucd: ID_CROSSID}
#   - {_votable_string_dtype: char}
# - name: Source
#   datatype: int64
#   description: Source identifier, identical to the Gaia-EDR3 source_id (id)
#   meta: !!omap
#   - {ucd: ID_MAIN}
#   - {width: 19}
# - name: rgeo
#   unit: pc
#   datatype: float64
#   format: '{:15.8f}'
#   description: '? Median of the geometric distance posterior (r_med_geo)'
#   meta: !!omap
#   - {ucd: PHYS_DISTANCE_TRUE}
#   - {width: 15}
#   - {precision: '8'}
#   - values: {'null': .nan}
# - name: Plx
#   unit: mas
#   datatype: float64
#   format: '{:9.4f}'
#   description: '? Parallax (parallax)'
#   meta: !!omap
#   - {ucd: POS_PARLX_TRIG}
#   - {width: 9}
#   - {precision: '4'}
#   - values: {'null': .nan}
# - name: e_Plx
#   unit: mas
#   datatype: float32
#   format: '{:7.4f}'
#   description: '? Standard error of parallax (parallax_error)'
#   meta: !!omap
#   - {ucd: ERROR}
#   - {width: 7}
#   - {precision: '4'}
#   - values: {'null': .nan}
# - name: pmRA
#   unit: mas / yr
#   datatype: float64
#   format: '{:9.3f}'
#   description: '? Proper motion in right ascension direction, pmRA*cosDE (pmra)'
#   meta: !!omap
#   - {ucd: POS_EQ_PMRA}
#   - {width: 9}
#   - {precision: '3'}
#   - values: {'null': .nan}
# - name: pmDE
#   unit: mas / yr
#   datatype: float64
#   format: '{:9.3f}'
#   description: '? Proper motion in declination direction (pmdec)'
#   meta: !!omap
#   - {ucd: POS_EQ_PMDEC}
#   - {width: 9}
#   - {precision: '3'}
#   - values: {'null': .nan}
# - name: e_pmRA
#   unit: mas / yr
#   datatype: float32
#   format: '{:6.3f}'
#   description: '? Standard error of proper motion in right ascension direction (pmra_error)'
#   meta: !!omap
#   - {ucd: ERROR}
#   - {width: 6}
#   - {precision: '3'}
#   - values: {'null': .nan}
# - name: e_pmDE
[...]
#         value: !astropy.table.SerializedColumn {name: SkyCoord.dec}
#       distance: !astropy.table.SerializedColumn
#         __class__: astropy.coordinates.distances.Distance
#         unit: !astropy.units.Unit {unit: pc}
#         value: !astropy.table.SerializedColumn {name: SkyCoord.distance}
#       frame: icrs
#       obstime: !astropy.time.Time {format: jyear_str, in_subfmt: '*', jd1: 367701545.0, jd2: 0.0, out_subfmt: '*', precision: 3, scale: tt}
#       pm_dec: !astropy.table.SerializedColumn
#         __class__: astropy.units.quantity.Quantity
#         unit: !astropy.units.Unit {unit: mas / yr}
#         value: !astropy.table.SerializedColumn {name: SkyCoord.pm_dec}
#       pm_ra_cosdec: !astropy.table.SerializedColumn
#         __class__: astropy.units.quantity.Quantity
#         unit: !astropy.units.Unit {unit: mas / yr}
#         value: !astropy.table.SerializedColumn {name: SkyCoord.pm_ra_cosdec}
#       ra: !astropy.table.SerializedColumn
#         __class__: astropy.coordinates.angles.Longitude
#         unit: *id001
#         value: !astropy.table.SerializedColumn {name: SkyCoord.ra}
#         wrap_angle: !astropy.coordinates.Angle
#           unit: *id001
#           value: 360.0
#       representation_type: spherical
# schema: astropy-2.0
RA_ICRS_1 DE_ICRS_1 e_RA_ICRS e_DE_ICRS _r_1 HIP TYC2 Source rgeo Plx e_Plx pmRA pmDE e_pmRA e_pmDE RUWE Teff logg Gmag BP-RP BPmag RPmag RV e_RV b_rgeo B_rgeo FG e_FG FBP e_FBP FRP e_FRP RAVE5 RAVE6 e_Gmag e_BPmag e_RPmag e_BP-RP SkyCoord.ra SkyCoord.dec SkyCoord.distance SkyCoord.pm_ra_cosdec SkyCoord.pm_dec rmRA rmDE e_rmRA e_rmDE rRV e_rRV v_pec v_pec3d e_vpec e_vpec3d
[from data line 1104]
168.34337240994 -60.57577404419 0.033 0.031 12.9289 "" "" 5337652181464759168 2462.27466 0.3872 0.0386 -8.368 1.313 0.045 0.043 1.007 5865.6 4.4362 16.35496 1.337149 16.946571 15.609423 "" "" 2270.74341 2728.3313 5407.0778 2.4492 2274.0 7.8659 4522.6 9.3873 "" "" 0.002798866511078468 0.0046786503 0.004400277 0.009078927 168.34337240994 -60.57577404419 2462.27466 -8.368 1.3129999999999997 -2.252421825408936 0.2643853788375854 0.13834432 0.13634431 "" "" 26.468901771852828 "" 3.661107837836848 ""
168.33320514284 -60.86079980213 0.0318 0.0312 4.8708 "" "" 5337620776661504896 2242.40552 0.422 0.0372 -5.869 1.276 0.041 0.039 1.021 9359.5 3.841 16.355852 1.710482 17.16631 15.455828 "" "" 2042.33911 2452.17188 5402.63452 2.6113 1857.3 6.5869 5209.9 9.4231 "" "" 0.002804849584558689 0.0047551887 0.004259118 0.009014307 168.33320514284 -60.86079980213 2242.40552 -5.869 1.276 0.24657817459106468 0.22738537883758547 0.13434431 0.13234432 "" "" 3.56515345066295 "" 0.47569447930487774 ""
168.52437263004 -60.68994263973 0.0315 0.031 9.6772 "" "" 5337646202870494080 2378.19702 0.3942 0.0382 -11.841 3.207 0.043 0.041 1.035 6911.1 4.3491 16.357267 1.253623 16.887327 15.633704 "" "" 2175.8396 2677.26025 5395.59617 2.4778 2401.5 8.626 4422.6 8.6086 "" "" 0.0028000696478671506 0.0047952174 0.004330143 0.00912536 168.52437263004 -60.68994263973 2378.19702 -11.841000000000001 3.207000000000002 -5.725421825408935 2.1583853788375853 0.13634431 0.13434431 "" "" 68.97453335756151 "" 9.387230499718559 ""
168.19784578982 -60.99776662991 0.0331 0.0321 12.7523 "" "" 5337615141663951744 2471.4082 0.3808 0.0391 -5.988 2.787 0.041 0.038 0.934 6709.5 4.2241 16.360558 1.625955 17.124138 15.498183 "" "" 2286.66064 2751.82935 5379.27384 2.3637 1930.9 7.3268 5010.5 6.5201 "" "" 0.0027963184014317835 0.004975742 0.004034834 0.009010576 168.19784578982 -60.99776662991 2471.4082 -5.988 2.787 0.12757817459106402 1.7383853788375854 0.13434431 0.13134432 "" "" 20.41903845199867 "" 2.6822565728783596 ""
167.91053438951 -60.66020253418 0.0349 0.039 12.8239 "" "" 5337638265769958016 2834.99072 0.3405 0.0451 -7.187 2.077 0.043 0.045 1.072 "" "" 16.361458 1.217661 16.857296 15.639635 "" "" 2503.37622 3159.39624 5374.81506 3.1323 2468.9 16.432 4398.5 24.485 "" "" 0.002827038581031346 0.0077461815 0.0071283155 0.014874497 167.91053438951 -60.66020253418 2834.99072 -7.186999999999999 2.0770000000000004 -1.0714218254089358 1.0283853788375854 0.13634431 0.13834432 "" "" 19.95655636952118 "" 2.7401744333389755 ""
168.1153536536 -60.5420876742 0.0346 0.0325 15.3398 "" "" 5337663451460581376 2643.73291 0.355 0.0416 -3.741 1.712 0.047 0.043 1.041 6878.8 4.4267 16.363596 1.042112 16.803078 15.760965 "" "" 2382.53882 2994.2395 5364.24268 2.2381 2595.3 8.5667 3933.4 8.635 "" "" 0.002792310110574521 0.0045419224 0.0044682086 0.009010131 168.1153536536 -60.5420876742 2643.73291 -3.7410000000000028 1.712000000000001 2.3745781745910644 0.6633853788375854 0.14034432 0.13634431 "" "" 30.895934357863624 "" 4.327240348328071 ""
168.69855066876 -60.86481746226 0.0326 0.0309 13.5952 "" "" 5337433653523843072 2491.36646 0.3794 0.038 -10.752 3.331 0.041 0.039 1.086 5871.7 3.7704 16.363968 2.258246 17.55407 15.295824 "" "" 2279.4856 2802.25708 5362.4035 2.59 1299.5 5.6193 6037.1 9.6739 "" "" 0.002804779338932758 0.005461458 0.0041606016 0.00962206 168.69855066876 -60.86481746226 2491.36646 -10.751999999999994 3.3310000000000004 -4.636421825408936 2.2823853788375854 0.13434431 0.13234432 "" "" 61.02641524153159 "" 8.174886860679381 ""
168.3371188102 -60.71307920581 0.0317 0.0322 4.984 "" "" 5337626102421056384 2561.20874 0.3743 0.0386 -4.044 -0.059 0.044 0.048 0.997 7113.7 4.3534 16.36417 1.231019 16.897074 15.666055 "" "" 2319.60083 2878.25073 5361.4023 2.4512 2380.1 11.148 4292.8 10.078 "" "" 0.0027996775316465458 0.005800556 0.0045585935 0.010359149 168.3371188102 -60.71307920581 2561.20874 -4.044 -0.05900000000000002 2.071578174591065 -1.1076146211624145 0.13734432 0.14134431 "" "" 28.518314659229098 "" 3.942474341379637 ""
168.25969150038 -60.55032576697 0.0385 0.0337 14.2308 "" "" 5337652903019022720 2132.70288 0.4455 0.045 -7.818 2.768 0.052 0.045 1.098 5959.5 4.464 16.365658 1.127705 16.843252 15.715548 "" "" 1959.75903 2342.27197 5354.06543 2.4349 2501.0 11.276 4101.5 8.1927 "" "" 0.0027992132715019976 0.0056344923 0.0043574288 0.0099919215 168.25969150038 -60.55032576697 2132.70288 -7.8179999999999925 2.7679999999999993 -1.7024218254089352 1.7193853788375852 0.14534432 0.13834432 "" "" 24.459894092431135 "" 3.469704383263832 ""
168.23255829492 -60.55040929794 0.0365 0.0349 14.2513 "" "" 5337652937378753792 2738.96045 0.3467 0.0428 -7.754 2.355 0.051 0.047 1.022 "" "" 16.366945 "" "" "" "" "" 2481.75146 3042.81323 5347.72311 6.5864 "" "" "" "" "" "" 0.0030626707054644013 "" "" "" 168.23255829492 -60.55040929794 2738.96045 -7.754 2.355000000000001 -1.638421825408935 1.3063853788375854 0.14434431 0.14034432 "" "" 27.205031024741356 "" 3.8849595001263344 ""
168.18641438556 -60.69657510873 0.0311 0.0322 5.8845 "" "" 5337627094515748736 2298.48999 0.4259 0.0389 -9.722 1.85 0.041 0.042 1.03 6321.9 4.3761 16.36901 1.218344 16.887436 15.669092 "" "" 2129.01465 2551.62061 5337.55111 2.766 2401.3 10.866 4280.8 9.0113 "" "" 0.0028121804250541295 0.0056500183 0.0044167154 0.010066734 168.18641438556 -60.69657510873 2298.48999 -9.72200000000001 1.8500000000000016 -3.606421825408935 0.8013853788375855 0.13434431 0.13534431 "" "" 40.249767056178214 "" 5.409227802922742 ""
167.84564997079 -60.8809026351 0.0359 0.0346 13.3918 "" "" 5337629263517602944 2788.33423 0.3406 0.0426 -7.14 2.476 0.048 0.043 1.056 7455.8 4.266 16.36915 1.404666 16.99526 15.590594 "" "" 2456.60132 3129.27222 5336.87283 2.3426 2174.3 7.0561 4601.7 14.665 "" "" 0.002796232764773464 0.004494422 0.0051240595 0.009618482 167.84564997079 -60.8809026351 2788.33423 -7.14 2.476 -1.0244218254089352 1.4273853788375854 0.14134431 0.13634431 "" "" 23.221072710979715 "" 3.2060052035815803 ""
168.68108607672 -60.75846740952 0.0331 0.0318 12.4118 "" "" 5337458117649067776 2213.94897 0.4379 0.0398 -9.804 5.1 0.044 0.041 1.126 "" "" 16.369318 1.598543 17.053875 15.455332 "" "" 2038.47205 2378.23047 5336.0446 3.1718 2060.0 11.011 5212.3 34.195 "" "" 0.0028298931752184417 0.0064393096 0.008063473 0.014502782 168.68108607672 -60.75846740952 2213.94897 -9.804000000000007 5.1 -3.688421825408936 4.051385378837585 0.13734432 0.13434431 "" "" 57.49606462650512 "" 7.802914620364625 ""
168.59917550346 -60.59411443393 0.0348 0.0325 15.2622 "" "" 5337648367533929856 2839.46021 0.3376 0.0415 -5.96 2.039 0.048 0.043 1.141 5680.1 4.3718 16.36965 1.142607 16.831722 15.689116 "" "" 2555.76001 3237.54321 5334.417 2.5646 2527.7 14.99 4202.5 11.273 "" "" 0.0028043281588972513 0.007017288 0.004771373 0.011788661 168.59917550346 -60.59411443393 2839.46021 -5.960000000000006 2.039 0.1555781745910645 0.9903853788375856 0.14134431 0.13634431 "" "" 13.493101940288867 "" 1.8413615085998778 ""
168.22503866549 -61.05206842132 0.0481 0.0444 15.9097 "" "" 5337614557548340480 2008.61853 0.4913 0.0579 -6.74 1.664 0.062 0.057 1.633 5923.2 4.5592 16.369688 1.261025 16.866484 15.605458 "" "" 1804.77246 2303.83545 5334.22438 4.5137 2448.1 8.371 4539.2 9.7382 "" "" 0.0029044527355373433 0.0046441453 0.0044395183 0.009083664 168.22503866549 -61.05206842132 2008.61853 -6.739999999999997 1.6640000000000004 -0.6244218254089358 0.6153853788375854 0.1553443 0.15034431 "" "" 8.34692477695747 "" 1.2762546962419175 ""
168.68633229202 -60.744642581 0.0316 0.03 12.7082 "" "" 5337458152010102272 2203.42725 0.4297 0.038 -6.844 -0.111 0.041 0.041 1.04 6171.0 4.3129 16.369759 1.323055 16.945164 15.622108 "" "" 2041.25977 2415.38867 5333.88492 2.3452 2276.9 10.778 4470.1 12.566 "" "" 0.002796368576724215 0.00584801 0.004857908 0.010705918 168.68633229202 -60.744642581 2203.42725 -6.844 -0.1110000000000001 -0.7284218254089359 -1.1596146211624145 0.13434431 0.13434431 "" "" 14.302532622012954 "" 1.9214638701839217 ""
168.04370525081 -60.55734828819 0.0346 0.0336 15.2219 "" "" 5337663172241286144 2766.70337 0.3476 0.0423 -6.201 1.847 0.045 0.041 0.975 7657.7 4.3631 16.372328 1.104854 16.838612 15.733758 "" "" 2467.65137 3067.7876 5321.27801 2.4183 2511.7 8.1446 4033.2 9.1894 "" "" 0.0027991524917297143 0.00449224 0.004517005 0.009009245 168.04370525081 -60.55734828819 2766.70337 -6.201000000000001 1.8470000000000002 -0.08542182540893517 0.7983853788375854 0.13834432 0.13434431 "" "" 10.529923088063448 "" 1.4151189723245716 ""
168.37561231005 -60.83451790123 0.0341 0.0333 4.3686 "" "" 5337620879740737536 2803.55664 0.3448 0.0393 -6.902 1.591 0.045 0.043 0.981 7920.4 4.3058 16.37777 1.632453 17.147263 15.51481 "" "" 2526.8501 3339.3208 5294.66663 2.4859 1890.2 9.7256 4934.4 11.549 "" "" 0.002802079391457931 0.0062444415 0.0045542605 0.010798702 168.37561231005 -60.83451790123 2803.55664 -6.902 1.591 -0.7864218254089357 0.5423853788375854 0.13834432 0.13634431 "" "" 12.695146247870076 "" 1.7481572674211814 ""
167.86243324085 -60.90985632575 0.0368 0.0358 13.7844 "" "" 5337628095286472320 2649.25708 0.3642 0.0418 -6.422 1.531 0.049 0.045 0.962 7856.5 4.161 16.378338 1.3259 16.96543 15.639529 "" "" 2397.74243 3073.40942 5291.90306 2.6115 2234.8 8.3719 4398.9 7.0386 "" "" 0.0028069326193620237 0.0049323663 0.004159546 0.009091912 167.86243324085 -60.90985632575 2649.25708 -6.422000000000004 1.5310000000000008 -0.30642182540893526 0.48238537883758537 0.14234431 0.13834432 "" "" 7.176354421548104 "" 1.0011449265280858 ""
167.90984039697 -60.80051207068 0.0382 0.039 10.3284 "" "" 5337630706626737024 2175.48706 0.4556 0.0474 -2.828 7.659 0.05 0.05 1.135 "" "" 16.378366 1.549155 17.061949 15.512794 "" "" 2006.44836 2388.79663 5291.7622 2.906 2044.7 12.082 4943.6 23.217 "" "" 0.0028190936569998304 0.0069960174 0.0063469494 0.013342967 167.90984039697 -60.80051207068 2175.48706 -2.8279999999999994 7.659000000000001 3.2875781745910646 6.610385378837585 0.14334431 0.14334431 "" "" 76.1297621020286 "" 10.912768440232723 ""
167.80818569528 -60.74952945862 0.0317 0.0333 13.4796 "" "" 5337631909217608320 2213.15015 0.4328 0.04 -6.972 4.525 0.041 0.04 0.986 6324.1 4.4478 16.379463 1.092008 16.83885 15.746842 "" "" 2012.96582 2386.61694 5286.41515 2.4161 2511.2 9.1066 3984.9 7.6863 "" "" 0.0027996478108075927 0.0048257057 0.0043208245 0.00914653 167.80818569528 -60.74952945862 2213.15015 -6.972000000000003 4.525 -0.856421825408936 3.476385378837586 0.13434431 0.13334432 "" "" 37.55877716374453 "" 5.010406288551263 ""
168.13652322917 -60.70545326664 0.0323 0.0328 6.1391 "" "" 5337626892694860800 2263.302 0.4215 0.0395 -5.267 0.953 0.044 0.045 0.965 5621.8 4.3223 16.379763 1.305675 16.907354 15.60168 "" "" 2056.70068 2488.02979 5284.95578 3.6347 2357.6 9.0532 4555.0 21.696 "" "" 0.0028547091078246225 0.005016728 0.0064053126 0.01142204 168.13652322917 -60.70545326664 2263.302 -5.266999999999998 0.9529999999999996 0.8485781745910641 -0.09561462116241459 0.13734432 0.13834432 "" "" 9.161197398381765 "" 1.2583536521399818 ""
168.08568513823 -60.98605321611 0.0346 0.0334 12.9729 "" "" 5337616035017273216 2573.37183 0.3751 0.0408 -6.225 1.687 0.045 0.043 1.048 6599.6 3.9667 16.381598 1.553929 17.09941 15.54548 "" "" 2278.68335 2798.05273 5276.04041 2.4156 1975.4 6.3969 4797.0 8.2313 "" "" 0.0027998026553282943 0.0044885115 0.004213628 0.008702139 168.08568513823 -60.98605321611 2573.37183 -6.225 1.6869999999999998 -0.10942182540893519 0.6383853788375855 0.13834432 0.13634431 "" "" 7.90044474191329 "" 1.0776348989046076 ""
168.0838702749 -60.63709637647 0.0332 0.0362 10.4239 "" "" 5337639262202458368 2817.87769 0.3343 0.0417 -8.599 1.262 0.042 0.045 1.002 6029.1 4.3881 16.38161 1.189836 16.867477 15.677642 "" "" 2586.96069 3135.93604 5275.97361 2.5527 2445.8 7.0111 4247.2 11.68 "" "" 0.002804950513189989 0.0041799303 0.004816522 0.008996452 168.0838702749 -60.63709637647 2817.87769 -8.599000000000002 1.262 -2.4834218254089357 0.21338537883758546 0.13534431 0.13834432 "" "" 33.292642406923385 "" 4.506709807812086 ""
168.60007938361 -60.66735172034 0.0314 0.0302 12.2708 "" "" 5337647577259729920 1985.72046 0.4842 0.0373 -7.036 0.644 0.04 0.037 1.055 5984.9 4.2893 16.381824 1.318379 16.888327 15.569947 "" "" 1822.89673 2140.24707 5274.93215 2.4961 2399.3 28.885 4690.1 50.994 "" "" 0.002802811052790837 0.013365579 0.012395108 0.025760688 168.60007938361 -60.66735172034 1985.72046 -7.035999999999999 0.644 -0.9204218254089351 -0.40461462116241453 0.13334432 0.13034432 "" "" 9.463423117961923 "" 1.2573394478722957 ""
168.12817302481 -60.80740266713 0.0387 0.0327 4.0848 "" "" 5337624483175430784 2228.59155 0.4255 0.0434 -9.781 1.099 0.049 0.043 0.964 5944.8 4.453 16.382874 1.248754 16.917274 15.668521 "" "" 2037.91577 2486.66406 5269.84173 2.5659 2336.2 6.9221 4283.0 7.6481 "" "" 0.0028055762277384654 0.004258426 0.0042476603 0.008506086 168.12817302481 -60.80740266713 2228.59155 -9.781 1.099 -3.665421825408936 0.050385378837585426 0.14234431 0.13634431 "" "" 38.72342922608106 "" 5.512016879133217 ""
168.77948141418 -60.74437725057 0.0305 0.0282 15.3939 "" "" 5337458633057721984 2406.70337 0.3888 0.0358 -4.771 0.828 0.039 0.035 1.033 7372.3 4.4121 16.382944 1.245282 16.929213 15.68393 "" "" 2241.57104 2662.97046 5269.50019 2.1159 2310.6 6.8602 4222.7 8.1855 "" "" 0.0027895973689623255 0.0042633805 0.0043258835 0.008589264 168.77948141418 -60.74437725057 2406.70337 -4.771 0.828 1.3445781745910645 -0.2206146211624146 0.13234432 0.12834431 "" "" 15.543741028278879 "" 2.0555198929536154 ""
168.72350622551 -60.71042182745 0.0302 0.0283 14.3098 "" "" 5337459560770685696 2101.50977 0.4464 0.0358 -5.736 0.696 0.039 0.036 0.99 7555.4 4.0818 16.383358 1.309771 16.95212 15.642349 "" "" 1927.44287 2275.6665 5267.49166 2.1901 2262.4 9.3833 4387.5 10.006 "" "" 0.0027920553002603863 0.0052974387 0.0045182724 0.0098157115 168.72350622551 -60.71042182745 2101.50977 -5.736 0.6960000000000006 0.3795781745910647 -0.3526146211624146 0.13234432 0.12934431 "" "" 5.1607698351158175 "" 0.6758708768048756 ""
167.9233502913 -60.95097443229 0.0382 0.0352 13.9218 "" "" 5337627786049060736 2443.41016 0.4018 0.0441 -6.652 1.943 0.052 0.051 0.969 7071.8 4.4325 16.387585 1.377764 17.007318 15.629555 "" "" 2196.06152 2798.67139 5247.02519 2.5253 2150.3 8.0004 4439.5 10.486 "" "" 0.002804432784888208 0.004909512 0.004567309 0.009476821 167.9233502913 -60.95097443229 2443.41016 -6.652000000000001 1.943 -0.5364218254089357 0.8943853788375855 0.14534432 0.14434431 "" "" 12.078806025164335 "" 1.7467106093706788 ""
167.88046065657 -60.84251582679 0.0324 0.0327 11.63 "" "" 5337630912785101440 2481.15356 0.3821 0.0384 -10.741 2.658 0.042 0.042 1.044 6387.8 4.3631 16.388218 1.202713 16.888998 15.686285 "" "" 2205.78174 2766.50977 5243.96443 2.4087 2397.8 7.9634 4213.5 10.881 "" "" 0.0028000893113385742 0.004559313 0.004705861 0.009265174 167.88046065657 -60.84251582679 2481.15356 -10.741 2.658 -4.625421825408935 1.6093853788375854 0.13534431 0.13534431 "" "" 57.59684085436408 "" 7.795404775478551 ""
168.05789200019 -60.53879283733 0.0364 0.0349 16.0795 "" "" 5337663588899521280 2306.43066 0.4161 0.0445 -8.408 7.412 0.048 0.043 1.123 5628.8 4.4699 16.388288 1.30503 16.951317 15.646287 "" "" 2085.17529 2530.06445 5243.62622 2.8939 2264.1 7.1793 4371.6 9.3002 "" "" 0.0028197228836934042 0.004431463 0.004429328 0.008860791 168.05789200019 -60.53879283733 2306.43066 -8.407999999999996 7.412 -2.292421825408935 6.363385378837585 0.14134431 0.13634431 "" "" 73.94421276219998 "" 10.12503025587403 ""
