Clusters/Stock_14/Stock_14_stars_in_region.tsv
# %ECSV 1.0
# ---
# datatype:
# - name: RA_ICRS_1
#   unit: deg
#   datatype: float64
#   format: '{:15.11f}'
#   description: Right ascension (ICRS) at Ep=2016.0 (ra)
#   meta: !!omap
#   - {ucd: POS_EQ_RA_MAIN}
#   - {width: 15}
#   - {precision: '11'}
# - name: DE_ICRS_1
#   unit: deg
#   datatype: float64
#   format: '{:15.11f}'
#   description: Declination (ICRS) at Ep=2016.0 (dec)
#   meta: !!omap
#   - {ucd: POS_EQ_DEC_MAIN}
#   - {width: 15}
#   - {precision: '11'}
# - name: e_RA_ICRS
#   unit: mas
#   datatype: float64
#   format: '{:7.4f}'
#   description: Standard error of right ascension (ra_error)
#   meta: !!omap
#   - {ucd: ERROR}
#   - {width: 7}
#   - {precision: '4'}
# - name: e_DE_ICRS
#   unit: mas
#   datatype: float64
#   format: '{:7.4f}'
#   description: Standard error of declination (dec_error)
#   meta: !!omap
#   - {ucd: ERROR}
#   - {width: 7}
#   - {precision: '4'}
# - name: _r_1
#   unit: ''
#   datatype: float64
#   format: '{:7.4f}'
#   description: Distance from center (175.93061662000-62.52710291000)[ICRS], at Epoch=J2016.0
#   meta: !!omap
#   - {ucd: POS_ANG_DIST_GENERAL}
#   - {width: 7}
#   - {precision: '4'}
# - name: HIP
#   datatype: int32
#   description: '? HIP cross-id number, van Leeuwen, Cat. I/311 (hip_original_ext_source_id)'
#   meta: !!omap
#   - {ucd: ID_NUMBER}
#   - {width: 6}
#   - values: {'null': -2147483648}
# - name: TYC2
#   datatype: string
#   description: Tycho-2 cross-id name, Hog et al., Cat. I/259 (tyc2_original_ext_source_id)
#   meta: !!omap
#   - {ucd: ID_CROSSID}
#   - {_votable_string_dtype: char}
# - name: Source
#   datatype: int64
#   description: Source identifier, identical to the Gaia-EDR3 source_id (id)
#   meta: !!omap
#   - {ucd: ID_MAIN}
#   - {width: 19}
# - name: rgeo
#   unit: pc
#   datatype: float64
#   format: '{:15.8f}'
#   description: '? Median of the geometric distance posterior (r_med_geo)'
#   meta: !!omap
#   - {ucd: PHYS_DISTANCE_TRUE}
#   - {width: 15}
#   - {precision: '8'}
#   - values: {'null': .nan}
# - name: Plx
#   unit: mas
#   datatype: float64
#   format: '{:9.4f}'
#   description: '? Parallax (parallax)'
#   meta: !!omap
#   - {ucd: POS_PARLX_TRIG}
#   - {width: 9}
#   - {precision: '4'}
#   - values: {'null': .nan}
# - name: e_Plx
#   unit: mas
#   datatype: float32
#   format: '{:7.4f}'
#   description: '? Standard error of parallax (parallax_error)'
#   meta: !!omap
#   - {ucd: ERROR}
#   - {width: 7}
#   - {precision: '4'}
#   - values: {'null': .nan}
# - name: pmRA
#   unit: mas / yr
#   datatype: float64
#   format: '{:9.3f}'
#   description: '? Proper motion in right ascension direction, pmRA*cosDE (pmra)'
#   meta: !!omap
#   - {ucd: POS_EQ_PMRA}
#   - {width: 9}
#   - {precision: '3'}
#   - values: {'null': .nan}
# - name: pmDE
#   unit: mas / yr
#   datatype: float64
#   format: '{:9.3f}'
#   description: '? Proper motion in declination direction (pmdec)'
#   meta: !!omap
#   - {ucd: POS_EQ_PMDEC}
#   - {width: 9}
#   - {precision: '3'}
#   - values: {'null': .nan}
# - name: e_pmRA
#   unit: mas / yr
#   datatype: float32
#   format: '{:6.3f}'
#   description: '? Standard error of proper motion in right ascension direction (pmra_error)'
#   meta: !!omap
#   - {ucd: ERROR}
#   - {width: 6}
#   - {precision: '3'}
#   - values: {'null': .nan}
# - name: e_pmDE
[...]
#         value: !astropy.table.SerializedColumn {name: SkyCoord.dec}
#       distance: !astropy.table.SerializedColumn
#         __class__: astropy.coordinates.distances.Distance
#         unit: !astropy.units.Unit {unit: pc}
#         value: !astropy.table.SerializedColumn {name: SkyCoord.distance}
#       frame: icrs
#       obstime: !astropy.time.Time {format: jyear_str, in_subfmt: '*', jd1: 367701545.0, jd2: 0.0, out_subfmt: '*', precision: 3, scale: tt}
#       pm_dec: !astropy.table.SerializedColumn
#         __class__: astropy.units.quantity.Quantity
#         unit: !astropy.units.Unit {unit: mas / yr}
#         value: !astropy.table.SerializedColumn {name: SkyCoord.pm_dec}
#       pm_ra_cosdec: !astropy.table.SerializedColumn
#         __class__: astropy.units.quantity.Quantity
#         unit: !astropy.units.Unit {unit: mas / yr}
#         value: !astropy.table.SerializedColumn {name: SkyCoord.pm_ra_cosdec}
#       ra: !astropy.table.SerializedColumn
#         __class__: astropy.coordinates.angles.Longitude
#         unit: *id001
#         value: !astropy.table.SerializedColumn {name: SkyCoord.ra}
#         wrap_angle: !astropy.coordinates.Angle
#           unit: *id001
#           value: 360.0
#       representation_type: spherical
# schema: astropy-2.0
RA_ICRS_1 DE_ICRS_1 e_RA_ICRS e_DE_ICRS _r_1 HIP TYC2 Source rgeo Plx e_Plx pmRA pmDE e_pmRA e_pmDE RUWE Teff logg Gmag BP-RP BPmag RPmag RV e_RV b_rgeo B_rgeo FG e_FG FBP e_FBP FRP e_FRP RAVE5 RAVE6 e_Gmag e_BPmag e_RPmag e_BP-RP SkyCoord.ra SkyCoord.dec SkyCoord.distance SkyCoord.pm_ra_cosdec SkyCoord.pm_dec rmRA rmDE e_rmRA e_rmDE rRV e_rRV v_pec v_pec3d e_vpec e_vpec3d
[from data line 846]
175.30082342194 -62.50524540947 0.0188 0.018 17.4881 "" "" 5333349551949320192 2313.74658 0.3974 0.0228 -5.052 0.067 0.023 0.023 0.941 6985.4 4.1625 15.114947 0.841401 15.44982 14.608418 "" "" 2181.55542 2466.88428 16942.12624 4.6612 9025.9 17.934 11371.0 8.9011 "" "" 0.002771465111520268 0.0035268965 0.003873766 0.0074006626 175.30082342194 -62.50524540947 2313.74658 -5.0520000000000005 0.06699999999999978 1.3291430931091313 -0.6125714497566224 0.07028162 0.07028162 "" "" 16.05056013416828 "" 1.128059325497259 ""
175.94099500382 -62.85307250599 0.0169 0.0179 19.5603 "" "" 5333324366259333120 2411.22998 0.3824 0.0215 -9.59 3.06 0.022 0.024 0.982 6965.7 4.0682 15.116209 0.9357 15.495116 14.559416 "" "" 2276.77539 2557.92334 16922.45034 3.7747 8657.1 12.873 11896.0 11.35 "" "" 0.002765943231885445 0.0032235975 0.003918778 0.0071423757 175.94099500382 -62.85307250599 2411.22998 -9.59 3.06 -3.208856906890869 2.3804285502433777 0.069281615 0.07128161 "" "" 45.66431960435815 "" 3.1964153453989446 ""
175.64216531443 -62.48091796022 0.0179 0.017 8.4573 "" "" 5333347112408136960 2420.36475 0.3783 0.0221 -6.541 0.697 0.024 0.023 0.996 5538.9 3.7874 15.116734 1.20438 15.633782 14.429402 "" "" 2305.01514 2550.48047 16914.26297 22.087 7619.1 43.667 13409.0 52.975 "" "" 0.003098690231747013 0.0068195434 0.0057168943 0.012536438 175.64216531443 -62.48091796022 2420.36475 -6.540999999999992 0.6970000000000003 -0.1598569068908695 0.01742855024337764 0.07128161 0.07028162 "" "" 1.8448306310586617 "" 0.13148098019751853 ""
176.09319761488 -62.48802597874 0.0179 0.0179 5.077 "" "" 5333356458246687232 2146.78149 0.4292 0.0217 -6.611 2.337 0.024 0.024 0.95 5788.5 3.8222 15.119885 0.945082 15.452519 14.507438 "" "" 2061.11841 2241.77271 16865.2376 6.1003 9003.5 53.727 12479.0 46.162 "" "" 0.0027831669750851894 0.00705422 0.0055149444 0.012569165 176.09319761488 -62.48802597874 2146.78149 -6.610999999999994 2.336999999999999 -0.2298569068908689 1.6574285502433779 0.07128161 0.07128161 "" "" 17.026983804861025 "" 1.2137108517360649 ""
175.96815453808 -62.36505541204 0.0192 0.0188 9.7785 "" "" 5333366216413480064 2634.17969 0.342 0.023 -4.92 1.456 0.025 0.028 0.956 6959.9 4.0493 15.12162 0.79044 15.427796 14.637357 "" "" 2488.71265 2787.19385 16838.31516 4.6609 9210.8 21.58 11072.0 10.674 "" "" 0.002771662111354355 0.0037756895 0.003921648 0.0076973373 175.96815453808 -62.36505541204 2634.17969 -4.92 1.4559999999999997 1.461143093109131 0.7764285502433776 0.072281614 0.07528162 "" "" 20.659654110781577 "" 1.5071793670485416 ""
175.30090688477 -62.55521923018 0.0179 0.0171 17.5034 "" "" 5333343504634944000 2098.52905 0.4378 0.0221 -9.576 1.885 0.023 0.022 1.001 6645.6 4.1675 15.122831 0.964151 15.516025 14.551873 "" "" 1986.22729 2203.95435 16819.54243 4.2761 8491.9 13.546 11979.0 12.693 "" "" 0.002769112233166489 0.0032839964 0.003950603 0.0072345994 175.30090688477 -62.55521923018 2098.52905 -9.576 1.885 -3.1948569068908697 1.2054285502433777 0.07028162 0.069281615 "" "" 33.96610463365882 "" 2.3829864049179332 ""
175.87067367151 -62.85121038771 0.0167 0.0182 19.5163 "" "" 5333323679064540032 2678.63989 0.3355 0.0219 -1.448 0.064 0.022 0.025 0.967 6639.4 4.0307 15.123608 0.950432 15.509186 14.558754 "" "" 2515.65527 2818.68799 16807.52913 4.3648 8545.6 11.37 11903.0 10.067 "" "" 0.0027697093444245583 0.0031419524 0.0038893363 0.007031289 175.87067367151 -62.85121038771 2678.63989 -1.4479999999999995 0.064 4.9331430931091305 -0.6155714497566223 0.069281615 0.072281614 "" "" 63.12065233600795 "" 4.376065906731831 ""
176.54040583736 -62.68640809842 0.0173 0.0181 19.3579 "" "" 5333305227883336192 2644.83154 0.3385 0.0214 -8.26 1.968 0.023 0.025 0.979 8454.6 3.943 15.123659 0.973439 15.515253 14.541814 "" "" 2503.88623 2773.22583 16806.71909 4.914 8498.0 14.522 12090.0 17.947 "" "" 0.0027735472700920675 0.0033507464 0.0041086944 0.0074594407 176.54040583736 -62.68640809842 2644.83154 -8.26000000000001 1.968 -1.878856906890869 1.2884285502433777 0.07028162 0.072281614 "" "" 28.56053711009703 "" 2.025725850314856 ""
175.60334124652 -62.34159171757 0.0465 0.0452 14.3689 "" "" 5333373668174237696 2555.76953 0.367 0.0579 -7.013 1.658 0.062 0.06 3.278 "" "" 15.126132 1.003624 15.524934 14.52131 "" "" 2206.68164 2968.1001 16768.4907 10.489 8422.5 12.492 12321.0 12.984 "" "" 0.0028377863527038016 0.0032215237 0.0039487756 0.007170299 175.60334124652 -62.34159171757 2555.76953 -7.012999999999998 1.658 -0.631856906890869 0.9784285502433776 0.109281614 0.10728161 "" "" 14.109785982054223 "" 1.522080053901478 ""
176.1683218429 -62.439090573 0.0183 0.0176 8.4443 "" "" 5333362643000256000 2501.78052 0.3636 0.0222 -9.437 1.204 0.024 0.023 0.99 "" "" 15.12957 0.696401 15.395494 14.699094 "" "" 2367.43848 2635.13135 16715.47862 5.1083 9489.0 11.32 10460.0 13.106 "" "" 0.002775226735666522 0.0030761494 0.0040167626 0.0070929118 176.1683218429 -62.439090573 2501.78052 -9.437 1.2039999999999997 -3.0558569068908685 0.5244285502433776 0.07128161 0.07028162 "" "" 36.7674488112826 "" 2.619798317858056 ""
176.00401611711 -62.85015481548 0.0169 0.0174 19.4882 "" "" 5333324228820410624 2119.80469 0.4359 0.0213 -9.681 0.551 0.022 0.022 0.971 5661.5 3.6678 15.130867 1.04446 15.565862 14.521401 "" "" 2030.99414 2245.23804 16695.52367 3.7082 8111.0 9.2922 12320.0 9.6706 "" "" 0.002765852990563169 0.0030548673 0.0038742814 0.006929149 176.00401611711 -62.85015481548 2119.80469 -9.681 0.5510000000000002 -3.2998569068908683 -0.12857144975662227 0.069281615 0.069281615 "" "" 33.18170502444662 "" 2.298882123061492 ""
175.39372898409 -62.39696387993 0.0179 0.0188 16.8161 "" "" 5333351441734987264 2637.72998 0.349 0.0228 -10.741 2.123 0.024 0.025 1.058 4869.6 3.2497 15.130932 1.574948 15.869003 14.294055 -8.64 3.61 2495.89062 2813.02905 16694.51999 4.2303 6135.0 10.79 15189.0 11.589 "" "" 0.002769021522429263 0.00338104 0.0038691054 0.007250145 175.39372898409 -62.39696387993 2637.72998 -10.741 2.123 -4.359856906890869 1.443428550243378 0.07128161 0.072281614 "" "" 57.420357620588845 "" 4.098723542303228 ""
176.38442223063 -62.76855519074 0.0421 0.0507 19.1411 "" "" 5333281622741146624 2234.25659 0.4312 0.0537 -9.281 1.202 0.055 0.062 2.265 5573.9 4.1931 15.131076 1.192923 15.497759 14.304836 "" "" 2001.74622 2559.99048 16692.31558 10.308 8636.0 57.378 15039.0 83.722 "" "" 0.002835723032716649 0.007734486 0.0071286117 0.014863098 176.38442223063 -62.76855519074 2234.25659 -9.281000000000008 1.2020000000000004 -2.8998569068908697 0.5224285502433776 0.102281615 0.109281614 "" "" 31.204973843528588 "" 3.1987889588693235 ""
175.37705117643 -62.64968906447 0.0183 0.0181 16.9679 "" "" 5333341885387485440 2263.30347 0.4062 0.0222 -6.029 1.237 0.024 0.023 1.039 7777.2 4.1432 15.132721 0.662189 15.380827 14.718638 "" "" 2157.98242 2410.12012 16667.04119 5.6657 9618.0 10.142 10273.0 12.256 "" "" 0.002779929627746673 0.0030159273 0.003995193 0.00701112 175.37705117643 -62.64968906447 2263.30347 -6.029 1.237 0.35214309310913094 0.5574285502433778 0.07128161 0.07028162 "" "" 7.073455231305837 "" 0.49916174566128163 ""
176.23453983616 -62.30829279911 0.0195 0.0191 15.6093 "" "" 5333365323055836800 2023.86401 0.4629 0.0241 -8.113 1.522 0.027 0.026 1.098 "" "" 15.132903 1.413949 15.425785 14.011836 "" "" 1937.89551 2128.84497 16664.24664 13.59 9227.9 43.958 19698.0 1473.3 "" "" 0.002894095641017791 0.0058766264 0.08129488 0.0871715 176.23453983616 -62.30829279911 2023.86401 -8.113 1.522 -1.7318569068908687 0.8424285502433777 0.07428162 0.073281616 "" "" 18.475190181243786 "" 1.3688512457489184 ""
175.43038640893 -62.40447983149 0.0173 0.0181 15.7047 "" "" 5333351269936499712 2694.72949 0.3352 0.0219 -6.155 1.336 0.023 0.023 0.96 7469.8 4.0288 15.134839 0.931273 15.513944 14.58267 "" "" 2541.66479 2838.01587 16634.55673 4.1284 8508.2 12.084 11644.0 10.18 "" "" 0.0027684649674619287 0.0031879388 0.0038967626 0.007084701 175.43038640893 -62.40447983149 2694.72949 -6.155000000000001 1.3360000000000005 0.2261430931091306 0.6564285502433778 0.07028162 0.07028162 "" "" 8.8681834470669 "" 0.623270275558058 ""
176.45192194452 -62.55057676654 0.018 0.0169 14.4925 "" "" 5333308354619799808 2236.21655 0.41 0.0212 -6.42 0.657 0.023 0.021 0.964 6593.6 4.0466 15.142992 1.008057 15.556472 14.548415 "" "" 2132.99512 2360.94189 16510.1115 4.0363 8181.4 12.428 12017.0 10.327 "" "" 0.002768076047486834 0.0032411753 0.0038928522 0.007134028 176.45192194452 -62.55057676654 2236.21655 -6.4199999999999955 0.6569999999999995 -0.03885690689086907 -0.022571449756622286 0.07028162 0.06828161 "" "" 0.4763166908093337 "" 0.03323853594416261 ""
175.48242743369 -62.65266756187 0.0174 0.0179 14.4918 "" "" 5333339278387076224 2421.11353 0.38 0.022 -9.098 0.715 0.022 0.022 0.992 5983.4 3.9537 15.144124 1.12095 15.59285 14.4719 "" "" 2294.8689 2552.19995 16492.90897 4.9812 7911.8 17.149 12894.0 23.175 "" "" 0.002774764411412412 0.0036501146 0.004253453 0.0079035675 175.48242743369 -62.65266756187 2421.11353 -9.098000000000003 0.7149999999999999 -2.71685690689087 0.035428550243377654 0.069281615 0.069281615 "" "" 31.181512986768986 "" 2.1603055877472475 ""
175.25901214188 -62.45501685304 0.0186 0.0185 19.1082 "" "" 5333350136064887552 2290.29199 0.4021 0.0237 -6.897 1.825 0.024 0.024 1.014 7448.1 3.6402 15.146566 0.810945 15.467296 14.656351 "" "" 2159.25854 2452.92505 16455.84095 3.9303 8881.8 11.821 10880.0 10.998 "" "" 0.0027674960479404757 0.0031421594 0.0039355126 0.007077672 175.25901214188 -62.45501685304 2290.29199 -6.897 1.8250000000000002 -0.5158569068908694 1.1454285502433776 0.07128161 0.07128161 "" "" 13.637617570758422 "" 0.9721113631840345 ""
175.8699906828 -62.24398563644 0.0173 0.0183 17.0705 "" "" 5333369446228372224 2335.23682 0.3909 0.022 -8.654 2.155 0.023 0.025 1.011 6628.4 4.1305 15.146626 0.968666 15.542949 14.574283 "" "" 2220.33008 2484.31177 16454.94344 3.9401 8283.9 11.638 11734.0 14.379 "" "" 0.0027675580404660843 0.0031798934 0.004006731 0.007186624 175.8699906828 -62.24398563644 2335.23682 -8.654 2.1550000000000002 -2.272856906890869 1.4754285502433775 0.07028162 0.072281614 "" "" 29.994330489519605 "" 2.1260112251996777 ""
176.52804856413 -62.40791809472 0.0174 0.0174 18.047 "" "" 5333316944555190400 2455.09106 0.3699 0.0223 -8.562 1.793 0.024 0.022 1.002 7793.2 4.1778 15.146657 0.795274 15.452721 14.657447 "" "" 2331.14087 2627.22705 16454.47735 5.8511 9001.8 16.354 10869.0 11.585 "" "" 0.002782237851107512 0.0034169925 0.003952591 0.0073695835 176.52804856413 -62.40791809472 2455.09106 -8.562 1.793 -2.1808569068908685 1.1134285502433776 0.07128161 0.069281615 "" "" 28.495198579428678 "" 2.0195320802725556 ""
176.10097055147 -62.21218137181 0.0173 0.0179 19.4808 "" "" 5334870004742253824 1852.85571 0.5049 0.0216 -8.329 1.401 0.023 0.025 0.903 5549.8 4.1358 15.147411 1.037605 15.580167 14.542562 "" "" 1780.17102 1925.92053 16443.04673 4.0575 8004.8 12.056 12082.0 14.486 "" "" 0.0027683151941002623 0.0032340384 0.0039972905 0.0072313286 176.10097055147 -62.21218137181 1852.85571 -8.329 1.4009999999999991 -1.9478569068908698 0.7214285502433777 0.07028162 0.072281614 "" "" 18.242758018888292 "" 1.2865865575023736 ""
175.710223463 -62.45725066937 0.0174 0.0173 7.4073 "" "" 5333370477021432192 2305.33228 0.3977 0.0217 -6.446 0.726 0.024 0.023 0.914 6513.6 4.1473 15.149737 0.914764 15.519737 14.604973 "" "" 2194.83667 2423.33691 16407.85947 4.0087 8463.0 12.569 11407.0 12.134 "" "" 0.002768059539374582 0.00322261 0.0039519104 0.0071745208 175.710223463 -62.45725066937 2305.33228 -6.446000000000001 0.7260000000000001 -0.06485690689086887 0.046428550243377664 0.07128161 0.07028162 "" "" 0.8715848714311732 "" 0.06183403808741222 ""
175.88371012738 -62.44845097516 0.0181 0.0189 4.8949 "" "" 5333358966507715584 2465.86035 0.366 0.0226 -8.156 0.188 0.026 0.03 0.965 7129.1 3.7115 15.15085 0.990139 15.555818 14.565679 "" "" 2351.3584 2601.02368 16391.03867 4.1582 8186.3 11.209 11827.0 13.0 "" "" 0.0027690531352038265 0.0031615065 0.003963329 0.0071248356 175.88371012738 -62.44845097516 2465.86035 -8.156 0.18799999999999967 -1.7748569068908697 -0.4915714497566223 0.073281616 0.07728162 "" "" 21.525802239932613 "" 1.5837347913830615 ""
175.28565226828 -62.54266868466 0.0179 0.0179 17.8721 "" "" 5333349380150719616 2726.21313 0.3349 0.0227 -6.123 1.123 0.023 0.022 1.012 9627.3 3.6761 15.151977 0.782927 15.453737 14.670811 "" "" 2572.71753 2905.15332 16374.04753 4.4156 8993.4 16.426 10736.0 12.371 "" "" 0.0027708331013166824 0.0034230847 0.0039810725 0.007404157 175.28565226828 -62.54266868466 2726.21313 -6.122999999999991 1.1229999999999993 0.25814309310913064 0.4434285502433777 0.07028162 0.069281615 "" "" 6.6303452169956705 "" 0.4610483107765786 ""
176.5533104774 -62.58161343289 0.0182 0.017 17.528 "" "" 5333307525678092672 2133.81714 0.4336 0.0218 -7.01 1.368 0.024 0.021 0.985 7137.1 4.1472 15.154217 0.842163 15.487967 14.645803 "" "" 2034.15845 2250.01904 16340.29408 4.2339 8714.3 15.529 10986.0 9.4729 "" "" 0.002769644736448813 0.0033953623 0.0038936094 0.007288972 176.5533104774 -62.58161343289 2133.81714 -7.01 1.3680000000000003 -0.6288569068908689 0.6884285502433778 0.07128161 0.06828161 "" "" 9.430703254965607 "" 0.6569639141768956 ""
176.18525046371 -62.7513286574 0.0175 0.0188 15.1757 "" "" 5333328111471396224 1941.82483 0.4782 0.0225 -10.5 3.289 0.023 0.025 1.093 5921.7 3.8047 15.155275 0.968292 15.551162 14.58287 "" "" 1854.06506 2038.00879 16324.36967 3.9338 8221.5 12.294 11642.0 10.496 "" "" 0.0027677145161670025 0.003228153 0.0039040868 0.0071322396 176.18525046371 -62.7513286574 1941.82483 -10.5 3.2889999999999975 -4.118856906890869 2.609428550243378 0.07028162 0.072281614 "" "" 44.878716765069065 "" 3.1801149894622336 ""
175.80605145351 -62.65498850535 0.0176 0.0175 8.4092 "" "" 5333332642617803776 2432.83496 0.3788 0.0214 -6.455 0.65 0.023 0.025 0.933 6053.4 3.6837 15.155514 1.053957 15.594843 14.540886 "" "" 2314.7168 2557.01343 16320.79483 7.4412 7897.3 17.05 12101.0 17.099 "" "" 0.002799435271439325 0.0036441323 0.004078898 0.0077230306 175.80605145351 -62.65498850535 2432.83496 -6.455 0.65 -0.07385690689086921 -0.029571449756622292 0.07028162 0.072281614 "" "" 0.917422290223459 "" 0.06473452411603162 ""
175.99196484519 -62.64749990448 0.0213 0.0227 7.4199 "" "" 5333333093633572096 2040.41467 0.4544 0.0266 -7.327 1.35 0.027 0.03 1.337 6378.4 4.167 15.159868 0.98768 15.56042 14.57274 "" "" 1940.28613 2189.67725 16255.47373 4.4398 8151.7 9.5361 11751.0 9.4744 "" "" 0.0027712320929054483 0.0030656597 0.0038794372 0.006945097 175.99196484519 -62.64749990448 2040.41467 -7.327 1.3500000000000005 -0.9458569068908691 0.6704285502433778 0.07428162 0.07728162 "" "" 11.212843403145751 "" 0.8443060531534196 ""
175.59257562665 -62.52724698069 0.0188 0.0184 9.3569 "" "" 5333347211147319808 2522.84375 0.3588 0.023 -6.081 0.803 0.024 0.023 1.072 6801.5 3.9729 15.161139 1.127763 15.536397 14.408634 "" "" 2396.59497 2674.9502 16236.46527 7.5969 8334.1 29.076 13668.0 196.71 "" "" 0.0028017601528847022 0.0047046095 0.016076483 0.020781092 175.59257562665 -62.52724698069 2522.84375 -6.081000000000001 0.803 0.30014309310913045 0.12342855024337773 0.07128161 0.07028162 "" "" 3.880834453035738 "" 0.27607415063105867 ""
176.05944879945 -62.48055163311 0.0181 0.0174 4.5319 "" "" 5333359310105169152 2238.15088 0.4109 0.0219 -6.444 0.711 0.026 0.025 0.952 6830.4 3.992 15.161271 0.821585 15.48359 14.662005 "" "" 2129.89111 2357.1272 16234.48203 4.3603 8749.5 13.968 10823.0 10.861 "" "" 0.002770708526059974 0.0032847219 0.0039332993 0.007218021 176.05944879945 -62.48055163311 2238.15088 -6.444 0.711 -0.06285690689086909 0.03142855024337765 0.073281616 0.072281614 "" "" 0.7455486394561475 "" 0.05448671444796722 ""
