Clusters/Stock_14/Stock_14_stars_in_region.tsv
# %ECSV 1.0
# ---
# datatype:
# - name: RA_ICRS_1
#   unit: deg
#   datatype: float64
#   format: '{:15.11f}'
#   description: Right ascension (ICRS) at Ep=2016.0 (ra)
#   meta: !!omap
#   - {ucd: POS_EQ_RA_MAIN}
#   - {width: 15}
#   - {precision: '11'}
# - name: DE_ICRS_1
#   unit: deg
#   datatype: float64
#   format: '{:15.11f}'
#   description: Declination (ICRS) at Ep=2016.0 (dec)
#   meta: !!omap
#   - {ucd: POS_EQ_DEC_MAIN}
#   - {width: 15}
#   - {precision: '11'}
# - name: e_RA_ICRS
#   unit: mas
#   datatype: float64
#   format: '{:7.4f}'
#   description: Standard error of right ascension (ra_error)
#   meta: !!omap
#   - {ucd: ERROR}
#   - {width: 7}
#   - {precision: '4'}
# - name: e_DE_ICRS
#   unit: mas
#   datatype: float64
#   format: '{:7.4f}'
#   description: Standard error of declination (dec_error)
#   meta: !!omap
#   - {ucd: ERROR}
#   - {width: 7}
#   - {precision: '4'}
# - name: _r_1
#   unit: ''
#   datatype: float64
#   format: '{:7.4f}'
#   description: Distance from center (175.93061662000-62.52710291000)[ICRS], at Epoch=J2016.0
#   meta: !!omap
#   - {ucd: POS_ANG_DIST_GENERAL}
#   - {width: 7}
#   - {precision: '4'}
# - name: HIP
#   datatype: int32
#   description: '? HIP cross-id number, van Leeuwen, Cat. I/311 (hip_original_ext_source_id)'
#   meta: !!omap
#   - {ucd: ID_NUMBER}
#   - {width: 6}
#   - values: {'null': -2147483648}
# - name: TYC2
#   datatype: string
#   description: Tycho-2 cross-id name, Hog et al., Cat. I/259 (tyc2_original_ext_source_id)
#   meta: !!omap
#   - {ucd: ID_CROSSID}
#   - {_votable_string_dtype: char}
# - name: Source
#   datatype: int64
#   description: Source identifier, identical to the Gaia-EDR3 source_id (id)
#   meta: !!omap
#   - {ucd: ID_MAIN}
#   - {width: 19}
# - name: rgeo
#   unit: pc
#   datatype: float64
#   format: '{:15.8f}'
#   description: '? Median of the geometric distance posterior (r_med_geo)'
#   meta: !!omap
#   - {ucd: PHYS_DISTANCE_TRUE}
#   - {width: 15}
#   - {precision: '8'}
#   - values: {'null': .nan}
# - name: Plx
#   unit: mas
#   datatype: float64
#   format: '{:9.4f}'
#   description: '? Parallax (parallax)'
#   meta: !!omap
#   - {ucd: POS_PARLX_TRIG}
#   - {width: 9}
#   - {precision: '4'}
#   - values: {'null': .nan}
# - name: e_Plx
#   unit: mas
#   datatype: float32
#   format: '{:7.4f}'
#   description: '? Standard error of parallax (parallax_error)'
#   meta: !!omap
#   - {ucd: ERROR}
#   - {width: 7}
#   - {precision: '4'}
#   - values: {'null': .nan}
# - name: pmRA
#   unit: mas / yr
#   datatype: float64
#   format: '{:9.3f}'
#   description: '? Proper motion in right ascension direction, pmRA*cosDE (pmra)'
#   meta: !!omap
#   - {ucd: POS_EQ_PMRA}
#   - {width: 9}
#   - {precision: '3'}
#   - values: {'null': .nan}
# - name: pmDE
#   unit: mas / yr
#   datatype: float64
#   format: '{:9.3f}'
#   description: '? Proper motion in declination direction (pmdec)'
#   meta: !!omap
#   - {ucd: POS_EQ_PMDEC}
#   - {width: 9}
#   - {precision: '3'}
#   - values: {'null': .nan}
# - name: e_pmRA
#   unit: mas / yr
#   datatype: float32
#   format: '{:6.3f}'
#   description: '? Standard error of proper motion in right ascension direction (pmra_error)'
#   meta: !!omap
#   - {ucd: ERROR}
#   - {width: 6}
#   - {precision: '3'}
#   - values: {'null': .nan}
# - name: e_pmDE
[...]
#         value: !astropy.table.SerializedColumn {name: SkyCoord.dec}
#       distance: !astropy.table.SerializedColumn
#         __class__: astropy.coordinates.distances.Distance
#         unit: !astropy.units.Unit {unit: pc}
#         value: !astropy.table.SerializedColumn {name: SkyCoord.distance}
#       frame: icrs
#       obstime: !astropy.time.Time {format: jyear_str, in_subfmt: '*', jd1: 367701545.0, jd2: 0.0, out_subfmt: '*', precision: 3, scale: tt}
#       pm_dec: !astropy.table.SerializedColumn
#         __class__: astropy.units.quantity.Quantity
#         unit: !astropy.units.Unit {unit: mas / yr}
#         value: !astropy.table.SerializedColumn {name: SkyCoord.pm_dec}
#       pm_ra_cosdec: !astropy.table.SerializedColumn
#         __class__: astropy.units.quantity.Quantity
#         unit: !astropy.units.Unit {unit: mas / yr}
#         value: !astropy.table.SerializedColumn {name: SkyCoord.pm_ra_cosdec}
#       ra: !astropy.table.SerializedColumn
#         __class__: astropy.coordinates.angles.Longitude
#         unit: *id001
#         value: !astropy.table.SerializedColumn {name: SkyCoord.ra}
#         wrap_angle: !astropy.coordinates.Angle
#           unit: *id001
#           value: 360.0
#       representation_type: spherical
# schema: astropy-2.0
RA_ICRS_1 DE_ICRS_1 e_RA_ICRS e_DE_ICRS _r_1 HIP TYC2 Source rgeo Plx e_Plx pmRA pmDE e_pmRA e_pmDE RUWE Teff logg Gmag BP-RP BPmag RPmag RV e_RV b_rgeo B_rgeo FG e_FG FBP e_FBP FRP e_FRP RAVE5 RAVE6 e_Gmag e_BPmag e_RPmag e_BP-RP SkyCoord.ra SkyCoord.dec SkyCoord.distance SkyCoord.pm_ra_cosdec SkyCoord.pm_dec rmRA rmDE e_rmRA e_rmDE rRV e_rRV v_pec v_pec3d e_vpec e_vpec3d
[from data line 2112]
175.91428507789 -62.81837152075 0.0295 0.0296 17.4819 "" "" 5333324572417823104 2415.6084 0.3977 0.0373 -8.8 -1.04 0.037 0.039 1.016 5331.8 3.946 16.305405 1.296241 16.867336 15.571095 "" "" 2227.81226 2636.89771 5659.58815 2.3142 2446.1 9.2972 4685.1 8.079 "" "" 0.002790857699390394 0.0049814307 0.0042177048 0.009199135 175.91428507789 -62.81837152075 2415.6084 -8.8 -1.04 -2.41885690689087 -1.7195714497566223 0.084281616 0.08628161 "" "" 33.98118069264535 "" 2.8869832998327856 ""
176.43933033726 -62.61723766752 0.0351 0.0307 15.064 "" "" 5333307667424874624 2325.33521 0.4129 0.0412 -9.98 2.832 0.045 0.039 1.156 5818.3 4.5086 16.30564 1.099218 16.736084 15.636866 "" "" 2152.10107 2552.56763 5658.36175 2.7408 2760.5 12.671 4409.7 18.026 "" "" 0.0028050615101427173 0.00571155 0.005829412 0.011540962 176.43933033726 -62.61723766752 2325.33521 -9.98 2.8320000000000007 -3.5988569068908696 2.1524285502433775 0.09228162 0.08628161 "" "" 46.22018020730642 "" 4.193988250385993 ""
175.72896295598 -62.69590855444 0.0305 0.0314 11.5569 "" "" 5333338007077010560 2230.90479 0.4302 0.0376 -20.412 5.122 0.039 0.049 0.999 5719.1 4.5227 16.30655 1.017991 16.718245 15.700254 "" "" 2068.76025 2437.52612 5653.62962 2.3622 2806.2 8.3567 4159.6 10.941 "" "" 0.00279241486783506 0.0042707156 0.0047370237 0.009007739 175.72896295598 -62.69590855444 2230.90479 -20.412 5.122 -14.030856906890868 4.442428550243378 0.08628161 0.09628162 "" "" 155.6283528810184 "" 13.577052023749234 ""
175.87605913099 -62.38311604942 0.0323 0.0312 8.7708 "" "" 5333360989402842880 2671.45801 0.3597 0.0387 -6.489 -1.491 0.043 0.051 0.996 6044.0 4.3508 16.306704 1.10871 16.777874 15.669164 "" "" 2346.45532 2987.50073 5652.81777 2.5968 2656.2 8.8045 4280.5 10.936 "" "" 0.0028000996493667144 0.0045537935 0.004688087 0.009241881 175.87605913099 -62.38311604942 2671.45801 -6.489 -1.4910000000000017 -0.10785690689086902 -2.1705714497566224 0.09028162 0.098281614 "" "" 27.519230691107722 "" 2.7041141870888237 ""
175.95305798674 -62.43575932657 0.0316 0.0304 5.5158 "" "" 5333359756781739136 2154.34692 0.446 0.0385 -9.803 3.953 0.043 0.045 0.997 5103.6 4.3545 16.308077 1.061942 16.73638 15.674437 "" "" 1994.06262 2344.72583 5645.67398 2.4522 2759.7 15.248 4259.7 13.841 "" "" 0.0027953866163157445 0.0066160765 0.0051700682 0.011786144 175.95305798674 -62.43575932657 2154.34692 -9.803 3.953 -3.42185690689087 3.2734285502433775 0.09028162 0.09228162 "" "" 48.356490804175465 "" 4.412180259186261 ""
175.50481312706 -62.65554983555 0.0341 0.03 14.0609 "" "" 5333339244027493888 1861.75464 0.5179 0.0384 -5.581 0.859 0.041 0.039 1.021 5620.1 4.5109 16.308186 1.096338 16.776337 15.679998 "" "" 1737.03809 1974.80859 5645.11223 2.2746 2660.0 7.2918 4238.0 8.9938 "" "" 0.0027898345610344027 0.004079637 0.0044263676 0.008506005 175.50481312706 -62.65554983555 1861.75464 -5.581 0.859 0.8001430931091305 0.17942855024337767 0.08828162 0.08628161 "" "" 7.236394784064787 "" 0.6381551748345194 ""
176.35076871427 -62.25933274741 0.0353 0.0296 19.8642 "" "" 5334865847213843200 1904.03198 0.5046 0.0403 -4.788 0.614 0.046 0.04 0.965 "" "" 16.31024 "" "" "" "" "" 1780.71802 2093.69556 5634.44325 4.9971 "" "" "" "" "" "" 0.0029187341498407614 "" "" "" 176.35076871427 -62.25933274741 1904.03198 -4.788000000000006 0.6140000000000007 1.5931430931091306 -0.06557144975662232 0.09328161 0.087281615 "" "" 14.390467633277854 "" 1.3422246845283572 ""
175.29682576628 -62.68344539425 0.0307 0.0324 19.8529 "" "" 5333340412258360064 2270.73315 0.4173 0.0401 -8.133 1.183 0.039 0.04 1.036 6021.6 4.4789 16.310534 0.964858 16.674822 15.709964 "" "" 2076.42114 2511.86475 5632.91246 2.4965 2920.7 20.399 4122.6 13.211 "" "" 0.002797023401599283 0.008080118 0.0051370305 0.013217149 175.29682576628 -62.68344539425 2270.73315 -8.133 1.183 -1.7518569068908683 0.5034285502433777 0.08628161 0.087281615 "" "" 19.618834634375066 "" 1.694249245270018 ""
176.2616852886 -62.30110248051 0.0314 0.0294 16.3856 "" "" 5333364601505656576 2680.42627 0.3573 0.0375 -3.708 -0.018 0.04 0.039 0.968 7893.1 4.3026 16.310743 1.296259 16.882023 15.585764 "" "" 2428.99219 2972.52441 5631.82616 2.6338 2413.3 7.8725 4622.2 9.1827 "" "" 0.0028017153476947235 0.004508823 0.0043515842 0.008860407 176.2616852886 -62.30110248051 2680.42627 -3.708 -0.017999999999999988 2.6731430931091307 -0.6975714497566223 0.087281615 0.08628161 "" "" 35.100226706709115 "" 3.061378609700835 ""
176.00432914995 -62.4995799366 0.0326 0.0301 2.6256 "" "" 5333357832636386816 2596.91333 0.3639 0.0381 -7.223 2.344 0.042 0.045 1.013 6006.0 4.3848 16.312105 1.197407 16.809042 15.611635 "" "" 2390.27441 2889.56177 5624.76627 2.3697 2581.1 7.7508 4513.4 33.856 "" "" 0.0027930307101254738 0.0042912723 0.0089785345 0.013269806 176.00432914995 -62.4995799366 2596.91333 -7.223 2.344 -0.841856906890869 1.6644285502433775 0.08928162 0.09228162 "" "" 22.959680936889885 "" 2.1049078285678013 ""
176.34884786341 -62.35977198927 0.0353 0.0286 15.3482 "" "" 5333363914310700800 1908.71716 0.4939 0.0388 -1.119 -3.069 0.045 0.037 1.026 5450.8 4.5574 16.312185 1.115789 16.787336 15.671548 "" "" 1763.36328 2049.98828 5624.35094 2.5084 2633.2 9.5404 4271.1 7.6106 "" "" 0.0027975462145259367 0.004822806 0.004245776 0.009068582 176.34884786341 -62.35977198927 1908.71716 -1.1189999999999998 -3.069 5.262143093109131 -3.7485714497566223 0.09228162 0.084281616 "" "" 58.45292162614066 "" 5.241372214825869 ""
176.26068981609 -62.44410707987 0.0339 0.0296 10.4165 "" "" 5333361955805503872 2146.67578 0.4389 0.0396 -6.482 2.332 0.041 0.038 1.068 5165.4 4.3817 16.312386 1.139795 16.798462 15.658667 "" "" 1960.40735 2341.74243 5623.31978 2.4166 2606.3 9.6861 4322.1 10.22 "" "" 0.0027945476384889697 0.0049057794 0.004568903 0.009474682 176.26068981609 -62.44410707987 2146.67578 -6.482 2.332 -0.10085690689086935 1.6524285502433775 0.08828162 0.08528161 "" "" 16.845151927350777 "" 1.4367725350329787 ""
175.61087498765 -62.36895519822 0.031 0.0289 12.9916 "" "" 5333372091929214464 2119.83374 0.4442 0.0372 -6.662 0.979 0.038 0.039 0.917 5174.5 4.3797 16.31333 0.987289 16.713938 15.726649 "" "" 1975.60632 2282.16943 5618.43326 2.5299 2817.4 10.964 4059.7 10.362 "" "" 0.00279835742126519 0.0050633154 0.0046865223 0.009749837 175.61087498765 -62.36895519822 2119.83374 -6.661999999999995 0.9790000000000008 -0.28085690689086906 0.29942855024337767 0.08528161 0.08628161 "" "" 4.12504922773025 "" 0.3539912390121048 ""
176.16781420296 -62.34580477438 0.0857 0.0807 12.716 "" "" 5333363570713587712 2257.56177 0.5026 0.1034 -7.676 0.465 0.11 0.109 2.871 7652.0 4.1308 16.313349 1.454786 16.913595 15.458809 "" "" 1768.35034 3848.46045 5618.33459 8.0441 2344.1 7.7216 5195.6 9.8193 "" "" 0.0031635894132321664 0.004536104 0.0043004965 0.008836601 176.16781420296 -62.34580477438 2257.56177 -7.67600000000001 0.4650000000000003 -1.2948569068908693 -0.2145714497566223 0.1572816 0.15628162 "" "" 14.045015415232578 "" 2.2086483984037057 ""
176.44128680369 -62.72247992927 0.0309 0.0292 18.3279 "" "" 5333305468401368192 2365.51636 0.3942 0.0363 -8.902 1.586 0.039 0.037 0.992 5523.8 4.435 16.313446 1.134909 16.798302 15.663393 "" "" 2174.31348 2613.69653 5617.82828 2.1176 2606.7 7.267 4303.3 11.757 "" "" 0.002785549047402149 0.0041166446 0.0048044594 0.008921104 176.44128680369 -62.72247992927 2365.51636 -8.901999999999985 1.5860000000000003 -2.5208569068908684 0.9064285502433778 0.08628161 0.084281616 "" "" 30.036931681974046 "" 2.584827875967643 ""
175.51810414554 -62.54553359501 0.0328 0.0301 11.4681 "" "" 5333345944176939136 2083.24463 0.4621 0.0401 -3.46 -0.07 0.041 0.038 1.036 5746.3 4.492 16.313505 1.109218 16.783743 15.674525 "" "" 1909.66187 2258.19336 5617.52397 2.3317 2641.9 9.1326 4259.4 9.0825 "" "" 0.002791932431923551 0.0046767085 0.0044321218 0.00910883 175.51810414554 -62.54553359501 2083.24463 -3.459999999999997 -0.07000000000000023 2.921143093109131 -0.7495714497566224 0.08828162 0.08528161 "" "" 29.77956821399212 "" 2.62355750407594 ""
176.33854385953 -62.61595968671 0.0314 0.0285 12.4714 "" "" 5333353365870128896 2065.56714 0.4626 0.0364 -7.126 1.419 0.039 0.036 0.973 5496.2 4.4501 16.313627 1.268095 16.8139 15.545805 "" "" 1937.79138 2268.98804 5616.88837 2.5502 2569.5 14.17 4795.5 46.402 "" "" 0.002799069305027325 0.0066056945 0.011164879 0.017770573 176.33854385953 -62.61595968671 2065.56714 -7.125999999999995 1.4189999999999996 -0.7448569068908695 0.7394285502433777 0.08628161 0.083281614 "" "" 10.275973994958097 "" 0.8714627155444069 ""
175.80814128699 -62.49905217369 0.0345 0.0317 3.7863 "" "" 5333358549861051008 2334.42969 0.4072 0.0395 -11.478 2.275 0.046 0.048 0.976 5183.1 4.3601 16.31363 1.070228 16.763851 15.693624 "" "" 2160.41675 2577.2478 5616.88394 2.4146 2690.8 9.4468 4185.1 8.321 "" "" 0.0027945723557378423 0.004723844 0.0043524415 0.009076286 175.80814128699 -62.49905217369 2334.42969 -11.478 2.2749999999999995 -5.096856906890869 1.5954285502433776 0.09328161 0.095281616 "" "" 59.096171837985054 "" 5.523236321235463 ""
175.77838155882 -62.6144142843 0.0328 0.0302 6.7192 "" "" 5333332853115520128 2002.64026 0.4888 0.0374 -8.39 3.011 0.041 0.042 0.966 5589.0 4.5294 16.31384 1.153728 16.803802 15.650075 "" "" 1842.77734 2154.13135 5615.77965 3.3191 2593.6 9.1812 4356.4 10.774 "" "" 0.0028290586931735257 0.004749434 0.004636154 0.009385588 175.77838155882 -62.6144142843 2002.64026 -8.39 3.011 -2.0088569068908697 2.331428550243378 0.08828162 0.08928162 "" "" 29.2133052459562 "" 2.5958039147939442 ""
175.70785976873 -62.49151582353 0.0316 0.0287 6.5286 "" "" 5333346871889971968 2298.47998 0.4182 0.0379 -6.104 -0.078 0.041 0.039 0.994 5607.8 4.4361 16.31483 1.149345 16.80867 15.659325 "" "" 2135.40088 2509.23315 5610.66343 2.2768 2582.0 13.832 4319.4 9.8449 "" "" 0.002790324215086369 0.0064509977 0.004517474 0.010968472 175.70785976873 -62.49151582353 2298.47998 -6.104 -0.07799999999999951 0.27714309310913077 -0.7575714497566223 0.08828162 0.08628161 "" "" 8.78854695582696 "" 0.7603858752361425 ""
175.7574319346 -62.5977916263 0.0307 0.0288 6.3964 "" "" 5333346081616083072 1921.2179 0.4896 0.0366 -5.011 2.262 0.039 0.039 0.991 6078.7 4.5179 16.31511 0.973276 16.71657 15.743294 "" "" 1802.53577 2033.2345 5609.22816 2.2974 2810.5 9.3966 3998.0 8.2265 "" "" 0.002790974561905675 0.004578454 0.004390307 0.008968761 175.7574319346 -62.5977916263 1921.2179 -5.010999999999998 2.2620000000000005 1.3701430931091307 1.5824285502433777 0.08628161 0.08628161 "" "" 19.061630237811055 "" 1.6446681940915895 ""
175.2991939122 -62.5095304492 0.033 0.0297 17.5145 "" "" 5333349551949318272 2267.3728 0.4124 0.0394 -7.109 -1.07 0.039 0.037 0.982 5392.2 4.4257 16.316767 1.121986 16.799915 15.677929 "" "" 2045.10095 2499.25586 5600.67243 2.3444 2602.9 6.8724 4246.1 8.4162 "" "" 0.002792551245440397 0.004000344 0.0043491377 0.008349482 175.2991939122 -62.5095304492 2267.3728 -7.109 -1.07 -0.7278569068908691 -1.7495714497566224 0.08628161 0.084281616 "" "" 20.365516411860355 "" 1.7225085626373629 ""
176.50314122305 -62.37709556525 0.0333 0.0305 18.2595 "" "" 5333317146376637952 2124.9978 0.4445 0.0407 -9.325 5.221 0.045 0.039 0.986 5815.6 4.5483 16.317474 1.004382 16.717972 15.71359 "" "" 1944.85144 2363.75366 5597.01892 2.5167 2806.9 11.723 4108.9 11.223 "" "" 0.0027982369379095187 0.0053242254 0.004803989 0.010128215 176.50314122305 -62.37709556525 2124.9978 -9.324999999999989 5.221 -2.9438569068908684 4.541428550243378 0.09228162 0.08628161 "" "" 54.51335836526617 "" 4.802594726023897 ""
175.7956640624 -62.83096975863 0.0323 0.0313 18.6069 "" "" 5333323953942453504 2468.13354 0.3813 0.0398 -7.623 1.129 0.04 0.043 1.002 5860.7 4.4855 16.317556 0.999663 16.72089 15.721227 "" "" 2260.4104 2652.71021 5596.59589 2.5573 2799.4 8.1308 4080.1 7.8238 "" "" 0.002799628393258187 0.0042106532 0.0043148883 0.008525541 175.7956640624 -62.83096975863 2468.13354 -7.623000000000009 1.1290000000000013 -1.2418569068908694 0.4494285502433777 0.087281615 0.09028162 "" "" 15.45056851100131 "" 1.353999564281373 ""
176.55631517222 -62.43480329007 0.0511 0.0448 18.2085 "" "" 5333315776324014464 1884.30835 0.5386 0.0606 -4.389 -0.716 0.065 0.055 1.542 5601.2 4.5753 16.319283 1.189199 16.754194 15.564996 "" "" 1715.0387 2184.22705 5587.7101 5.6725 2714.8 31.982 4711.5 32.914 "" "" 0.002967601653198475 0.013091424 0.0084742755 0.021565698 176.55631517222 -62.43480329007 1884.30835 -4.389000000000001 -0.7159999999999986 1.9921430931091306 -1.3955714497566223 0.11228161 0.102281615 "" "" 21.724696182005385 "" 2.369966477707642 ""
175.90618431341 -62.29036568913 0.0329 0.0331 14.2205 "" "" 5333367625162213632 2261.05469 0.4221 0.04 -6.114 0.692 0.04 0.046 0.964 5118.4 4.3645 16.321468 1.097729 16.776306 15.678577 "" "" 2075.80371 2443.87012 5576.47077 8.3675 2660.1 15.292 4243.5 16.04 "" "" 0.0032009238757060975 0.0068367873 0.0055790967 0.012415884 175.90618431341 -62.29036568913 2261.05469 -6.113999999999999 0.6919999999999995 0.267143093109131 0.012428550243377634 0.087281615 0.09328161 "" "" 2.866176040693386 "" 0.25020288830532483 ""
176.48289597657 -62.52136724637 0.0339 0.0291 15.2922 "" "" 5333314298854924032 2282.64844 0.4231 0.0381 -6.255 1.414 0.042 0.035 1.002 5832.6 4.5046 16.322176 0.990225 16.732365 15.74214 "" "" 2077.54272 2516.77417 5572.83609 2.3668 2769.9 7.0481 4002.2 7.1597 "" "" 0.0027936386327995283 0.0039265137 0.0042492733 0.008175787 176.48289597657 -62.52136724637 2282.64844 -6.255000000000001 1.4139999999999997 0.12614309310913097 0.7344285502433776 0.08928162 0.08228162 "" "" 8.062694068871716 "" 0.6650954386919341 ""
175.57337726045 -62.27178147977 0.0324 0.0314 18.2564 "" "" 5333374428391525760 2213.96973 0.4324 0.0387 -1.75 3.698 0.042 0.044 1.032 5640.8 4.5086 16.323517 1.120272 16.804981 15.68471 "" "" 2042.02295 2441.55811 5565.96358 2.5501 2590.7 9.5716 4219.6 8.0021 "" "" 0.002799863655186708 0.004886314 0.004303861 0.009190175 175.57337726045 -62.27178147977 2213.96973 -1.75 3.6979999999999995 4.631143093109131 3.0184285502433776 0.08928162 0.091281615 "" "" 58.01166183543368 "" 5.214237195562747 ""
175.34707788732 -62.51828105865 0.0331 0.029 16.1632 "" "" 5333348796035212032 2211.81177 0.4446 0.0386 -7.141 3.478 0.04 0.037 1.002 5857.4 4.4998 16.324944 1.109657 16.788553 15.678896 "" "" 2034.12952 2449.04468 5558.64976 2.4564 2630.2 10.888 4242.3 13.277 "" "" 0.0027967822390285364 0.0052901595 0.0050823325 0.010372492 175.34707788732 -62.51828105865 2211.81177 -7.141 3.4779999999999975 -0.7598569068908692 2.798428550243378 0.087281615 0.084281616 "" "" 30.40100651589426 "" 2.5686120320331463 ""
175.56770706928 -62.39093425296 0.035 0.0317 12.9661 "" "" 5333371984519124864 1849.76379 0.5126 0.0415 -5.66 0.873 0.044 0.042 1.105 5627.0 4.5451 16.325565 1.151068 16.806673 15.655605 "" "" 1739.32971 1993.44336 5555.46483 3.3071 2586.7 8.0194 4334.3 10.56 "" "" 0.002830110591123584 0.0043721064 0.0046131504 0.008985257 175.56770706928 -62.39093425296 1849.76379 -5.66 0.873 0.7211430931091307 0.19342855024337768 0.091281615 0.08928162 "" "" 6.546395444021548 "" 0.5966958095697751 ""
175.59264104762 -62.37235519218 0.031 0.0297 13.1977 "" "" 5333372121958133376 2655.43237 0.3611 0.0379 -4.003 0.126 0.039 0.039 1.014 5590.2 4.1999 16.326323 1.440397 16.942825 15.502428 "" "" 2416.21167 2924.37744 5551.59258 2.8022 2281.8 15.658 4991.0 21.818 "" "" 0.002809293219288317 0.007955776 0.0060671847 0.01402296 175.59264104762 -62.37235519218 2655.43237 -4.003 0.126 2.3781430931091307 -0.5535714497566223 0.08628161 0.08628161 "" "" 30.73334195972519 "" 2.6517223022738152 ""
