Clusters/Stock_14/Stock_14_stars_in_region.tsv
# %ECSV 1.0
# ---
# datatype:
# - name: RA_ICRS_1
#   unit: deg
#   datatype: float64
#   format: '{:15.11f}'
#   description: Right ascension (ICRS) at Ep=2016.0 (ra)
#   meta: !!omap
#   - {ucd: POS_EQ_RA_MAIN}
#   - {width: 15}
#   - {precision: '11'}
# - name: DE_ICRS_1
#   unit: deg
#   datatype: float64
#   format: '{:15.11f}'
#   description: Declination (ICRS) at Ep=2016.0 (dec)
#   meta: !!omap
#   - {ucd: POS_EQ_DEC_MAIN}
#   - {width: 15}
#   - {precision: '11'}
# - name: e_RA_ICRS
#   unit: mas
#   datatype: float64
#   format: '{:7.4f}'
#   description: Standard error of right ascension (ra_error)
#   meta: !!omap
#   - {ucd: ERROR}
#   - {width: 7}
#   - {precision: '4'}
# - name: e_DE_ICRS
#   unit: mas
#   datatype: float64
#   format: '{:7.4f}'
#   description: Standard error of declination (dec_error)
#   meta: !!omap
#   - {ucd: ERROR}
#   - {width: 7}
#   - {precision: '4'}
# - name: _r_1
#   unit: ''
#   datatype: float64
#   format: '{:7.4f}'
#   description: Distance from center (175.93061662000-62.52710291000)[ICRS], at Epoch=J2016.0
#   meta: !!omap
#   - {ucd: POS_ANG_DIST_GENERAL}
#   - {width: 7}
#   - {precision: '4'}
# - name: HIP
#   datatype: int32
#   description: '? HIP cross-id number, van Leeuwen, Cat. I/311 (hip_original_ext_source_id)'
#   meta: !!omap
#   - {ucd: ID_NUMBER}
#   - {width: 6}
#   - values: {'null': -2147483648}
# - name: TYC2
#   datatype: string
#   description: Tycho-2 cross-id name, Hog et al., Cat. I/259 (tyc2_original_ext_source_id)
#   meta: !!omap
#   - {ucd: ID_CROSSID}
#   - {_votable_string_dtype: char}
# - name: Source
#   datatype: int64
#   description: Source identifier, identical to the Gaia-EDR3 source_id (id)
#   meta: !!omap
#   - {ucd: ID_MAIN}
#   - {width: 19}
# - name: rgeo
#   unit: pc
#   datatype: float64
#   format: '{:15.8f}'
#   description: '? Median of the geometric distance posterior (r_med_geo)'
#   meta: !!omap
#   - {ucd: PHYS_DISTANCE_TRUE}
#   - {width: 15}
#   - {precision: '8'}
#   - values: {'null': .nan}
# - name: Plx
#   unit: mas
#   datatype: float64
#   format: '{:9.4f}'
#   description: '? Parallax (parallax)'
#   meta: !!omap
#   - {ucd: POS_PARLX_TRIG}
#   - {width: 9}
#   - {precision: '4'}
#   - values: {'null': .nan}
# - name: e_Plx
#   unit: mas
#   datatype: float32
#   format: '{:7.4f}'
#   description: '? Standard error of parallax (parallax_error)'
#   meta: !!omap
#   - {ucd: ERROR}
#   - {width: 7}
#   - {precision: '4'}
#   - values: {'null': .nan}
# - name: pmRA
#   unit: mas / yr
#   datatype: float64
#   format: '{:9.3f}'
#   description: '? Proper motion in right ascension direction, pmRA*cosDE (pmra)'
#   meta: !!omap
#   - {ucd: POS_EQ_PMRA}
#   - {width: 9}
#   - {precision: '3'}
#   - values: {'null': .nan}
# - name: pmDE
#   unit: mas / yr
#   datatype: float64
#   format: '{:9.3f}'
#   description: '? Proper motion in declination direction (pmdec)'
#   meta: !!omap
#   - {ucd: POS_EQ_PMDEC}
#   - {width: 9}
#   - {precision: '3'}
#   - values: {'null': .nan}
# - name: e_pmRA
#   unit: mas / yr
#   datatype: float32
#   format: '{:6.3f}'
#   description: '? Standard error of proper motion in right ascension direction (pmra_error)'
#   meta: !!omap
#   - {ucd: ERROR}
#   - {width: 6}
#   - {precision: '3'}
#   - values: {'null': .nan}
# - name: e_pmDE
[...]
#         value: !astropy.table.SerializedColumn {name: SkyCoord.dec}
#       distance: !astropy.table.SerializedColumn
#         __class__: astropy.coordinates.distances.Distance
#         unit: !astropy.units.Unit {unit: pc}
#         value: !astropy.table.SerializedColumn {name: SkyCoord.distance}
#       frame: icrs
#       obstime: !astropy.time.Time {format: jyear_str, in_subfmt: '*', jd1: 367701545.0, jd2: 0.0, out_subfmt: '*', precision: 3, scale: tt}
#       pm_dec: !astropy.table.SerializedColumn
#         __class__: astropy.units.quantity.Quantity
#         unit: !astropy.units.Unit {unit: mas / yr}
#         value: !astropy.table.SerializedColumn {name: SkyCoord.pm_dec}
#       pm_ra_cosdec: !astropy.table.SerializedColumn
#         __class__: astropy.units.quantity.Quantity
#         unit: !astropy.units.Unit {unit: mas / yr}
#         value: !astropy.table.SerializedColumn {name: SkyCoord.pm_ra_cosdec}
#       ra: !astropy.table.SerializedColumn
#         __class__: astropy.coordinates.angles.Longitude
#         unit: *id001
#         value: !astropy.table.SerializedColumn {name: SkyCoord.ra}
#         wrap_angle: !astropy.coordinates.Angle
#           unit: *id001
#           value: 360.0
#       representation_type: spherical
# schema: astropy-2.0
RA_ICRS_1 DE_ICRS_1 e_RA_ICRS e_DE_ICRS _r_1 HIP TYC2 Source rgeo Plx e_Plx pmRA pmDE e_pmRA e_pmDE RUWE Teff logg Gmag BP-RP BPmag RPmag RV e_RV b_rgeo B_rgeo FG e_FG FBP e_FBP FRP e_FRP RAVE5 RAVE6 e_Gmag e_BPmag e_RPmag e_BP-RP SkyCoord.ra SkyCoord.dec SkyCoord.distance SkyCoord.pm_ra_cosdec SkyCoord.pm_dec rmRA rmDE e_rmRA e_rmDE rRV e_rRV v_pec v_pec3d e_vpec e_vpec3d
[from data line 470]
176.15057501856 -62.26214798043 0.0392 0.0415 17.033 "" "" 5333365735376965504 1920.33081 0.4965 0.0476 -8.289 -0.84 0.053 0.059 2.37 6007.2 3.9144 14.323014 1.40628 14.811432 13.405152 "" "" 1733.92371 2116.66089 35135.07459 22.637 16250.0 125.64 34443.0 131.23 "" "" 0.002842731512672873 0.008846128 0.0056032315 0.01444936 176.15057501856 -62.26214798043 1920.33081 -8.289 -0.8400000000000011 -1.9078569068908688 -1.5195714497566222 0.10028161 0.106281616 "" "" 22.2012249333604 "" 2.2790035159725854 ""
176.3746460799 -62.76064367076 0.015 0.015 18.6071 "" "" 5333281725820370944 1924.43091 0.4861 0.0187 -4.733 0.495 0.02 0.018 1.244 6359.7 3.9048 14.331014 0.921467 14.704231 13.782764 -3.1 6.94 1867.96631 1999.50623 34877.17878 6.2914 17936.0 14.525 24325.0 14.242 "" "" 0.0027622722181299946 0.0029254295 0.0038324695 0.006757899 176.3746460799 -62.76064367076 1924.43091 -4.733000000000005 0.49500000000000055 1.6481430931091312 -0.18457144975662232 0.06728162 0.065281615 "" "" 15.128014527457063 "" 1.0174680602207824 ""
175.94348885293 -62.68771279989 0.0134 0.0136 9.6431 "" "" 5333331547445255808 2288.78271 0.4 0.0162 -5.678 2.507 0.017 0.019 0.973 6638.0 3.8752 14.334157 0.999583 14.748051 13.748467 -24.88 8.63 2220.51245 2368.87671 34776.35143 6.0424 17226.0 10.835 25106.0 11.568 "" "" 0.0027617706402369344 0.0028725294 0.003812348 0.0066848774 175.94348885293 -62.68771279989 2288.78271 -5.678 2.5070000000000006 0.7031430931091309 1.8274285502433778 0.06428161 0.06628162 "" "" 21.242400724077903 "" 1.402574203082528 ""
175.73876476465 -62.82849630778 0.0122 0.0128 18.8396 "" "" 5333323919582904704 2280.24023 0.4038 0.0156 -6.678 1.516 0.016 0.018 0.964 7152.3 3.825 14.34058 0.785742 14.651328 13.865586 "" "" 2215.71582 2362.86133 34571.23249 7.0828 18832.0 17.978 22538.0 15.736 "" "" 0.002764284592181888 0.002976471 0.003854657 0.006831128 175.73876476465 -62.82849630778 2280.24023 -6.678000000000001 1.516 -0.2968569068908691 0.8364285502433777 0.06328162 0.065281615 "" "" 9.592890712371936 "" 0.6241223866853283 ""
176.24353789971 -62.41484239338 0.0129 0.0131 10.9852 "" "" 5333362368122390272 2105.34082 0.44 0.0163 -8.979 1.211 0.017 0.017 0.879 7104.9 3.975 14.345188 0.844418 14.678809 13.834391 "" "" 2044.61121 2177.4668 34424.79661 6.7059 18361.0 13.826 23195.0 17.838 "" "" 0.0027634256966457826 0.0029074848 0.003870519 0.0067780036 176.24353789971 -62.41484239338 2105.34082 -8.979 1.2109999999999999 -2.5978569068908683 0.5314285502433778 0.06428161 0.06428161 "" "" 26.46170665006126 "" 1.7010011765312132 ""
175.45323512613 -62.41628733607 0.0127 0.0125 14.8142 "" "" 5333351201217021056 2079.0874 0.4457 0.0158 -7.49 0.646 0.017 0.016 0.93 9247.7 4.2631 14.34545 0.422605 14.50242 14.079816 "" "" 2016.198 2155.95654 34416.50518 12.555 21600.0 20.422 18503.0 17.523 "" "" 0.002783641954367723 0.0029730117 0.003916757 0.006889769 175.45323512613 -62.41628733607 2079.0874 -7.4899999999999975 0.6459999999999997 -1.1088569068908694 -0.033571449756622296 0.06428161 0.06328162 "" "" 10.932652507801215 "" 0.7027585995270088 ""
176.10816127411 -62.80821484522 0.0121 0.013 17.5616 "" "" 5333327458636234880 2395.6062 0.3791 0.0155 -6.34 0.803 0.016 0.016 1.013 9336.8 4.1994 14.345634 0.381344 14.484489 14.103146 "" "" 2300.92432 2509.67358 34410.66041 11.081 21959.0 13.752 18109.0 13.771 "" "" 0.002777414523001272 0.0028718256 0.0038685168 0.0067403424 176.10816127411 -62.80821484522 2395.6062 -6.3399999999999945 0.803 0.041143093109131 0.12342855024337773 0.06328162 0.06328162 "" "" 1.4773670199663806 "" 0.09349017549000498 ""
176.29142083468 -62.7173269728 0.012 0.0125 15.1449 "" "" 5333329107903908480 2368.69409 0.3865 0.0151 -13.135 2.517 0.015 0.015 1.019 6632.3 3.7172 14.345902 0.76355 14.642863 13.879313 96.69 22.03 2275.95337 2460.42114 34402.15047 6.5692 18979.0 17.321 22255.0 14.077 "" "" 0.002763109293433581 0.002960896 0.0038412719 0.0068021677 176.29142083468 -62.7173269728 2368.69409 -13.134999999999994 2.516999999999999 -6.753856906890869 1.8374285502433776 0.062281616 0.062281616 "" "" 78.58583270304386 "" 4.894452657975678 ""
175.79965055894 -62.56933672023 0.0128 0.0137 4.4209 "" "" 5333334502382986112 2344.14355 0.3886 0.0158 -6.42 0.698 0.017 0.02 0.914 9478.1 4.1907 14.347936 0.459718 14.509186 14.049468 "" "" 2281.3418 2424.01367 34337.78608 9.0907 21466.0 24.749 19027.0 23.878 "" "" 0.002770272905947233 0.0030581073 0.004017495 0.007075602 175.79965055894 -62.56933672023 2344.14355 -6.419999999999997 0.6980000000000001 -0.03885690689086907 0.01842855024337764 0.06428161 0.06728162 "" "" 0.4778441462067547 "" 0.030984798710405465 ""
176.09010273741 -62.27613912989 0.0131 0.0135 15.6968 "" "" 5333368243637890816 1906.67017 0.4921 0.0162 -8.974 4.427 0.017 0.019 0.996 4998.9 3.4172 14.352379 1.422882 14.998339 13.575457 -40.21 3.39 1845.56836 1965.78528 34197.58108 5.4906 13680.0 12.62 29443.0 16.691 "" "" 0.0027608290567431833 0.0029645008 0.0038291723 0.006793673 176.09010273741 -62.27613912989 1906.67017 -8.973999999999991 4.427 -2.5928569068908693 3.7474285502433773 0.06428161 0.06628162 "" "" 41.18429856802498 "" 2.703370248811033 ""
175.72648283014 -62.82078538188 0.0127 0.0127 18.4962 "" "" 5333323919582903552 2637.41699 0.3448 0.016 -6.983 1.293 0.017 0.018 0.98 10220.8 4.0017 14.35372 0.594962 14.575526 13.980564 "" "" 2532.61401 2746.47607 34155.36321 16.454 20193.0 28.197 20274.0 25.654 "" "" 0.0028045254120652344 0.003175467 0.0040213424 0.007196809 175.72648283014 -62.82078538188 2637.41699 -6.983 1.2930000000000017 -0.6018569068908688 0.6134285502433776 0.06428161 0.065281615 "" "" 10.743360049125199 "" 0.696095205667045 ""
175.97948099323 -62.56918406466 0.0137 0.0139 2.8639 "" "" 5333357351600003200 2244.21436 0.4074 0.0167 -6.384 0.776 0.018 0.021 1.096 10826.1 4.3504 14.35464 0.595663 14.548545 13.952882 "" "" 2152.35693 2328.85815 34126.40842 10.536 20701.0 31.961 20797.0 46.458 "" "" 0.002775635294141448 0.0032550038 0.0044906917 0.0077456953 175.97948099323 -62.56918406466 2244.21436 -6.384 0.776 -0.0028569068908694817 0.09642855024337771 0.065281615 0.06828161 "" "" 1.0262161329366937 "" 0.07006905242927505 ""
175.68918659932 -62.67659773999 0.0129 0.013 11.1754 "" "" 5333343951312322816 2537.58545 0.3578 0.0158 -6.353 1.703 0.016 0.017 0.915 9246.6 4.0098 14.366685 0.529269 14.564007 14.034738 "" "" 2420.64307 2633.68311 33749.93255 9.7036 20409.0 14.527 19287.0 13.742 "" "" 0.0027729472441671275 0.0028952202 0.003857741 0.0067529613 175.68918659932 -62.67659773999 2537.58545 -6.353 1.7029999999999985 0.0281430931091311 1.0234285502433778 0.06328162 0.06428161 "" "" 12.314610696287417 "" 0.7915938017997367 ""
175.33823949538 -62.67721611495 0.0126 0.0141 18.6714 "" "" 5333340446618116736 2539.95898 0.3553 0.0166 -6.409 1.103 0.018 0.019 0.959 7159.7 3.5621 14.368353 0.436446 14.523817 14.087371 "" "" 2435.91113 2638.93066 33698.11258 10.764 21178.0 16.676 18374.0 11.419 "" "" 0.0027770608604536003 0.002918211 0.003839144 0.0067573553 175.33823949538 -62.67721611495 2539.95898 -6.409 1.1029999999999993 -0.02785690689086895 0.42342855024337767 0.065281615 0.06628162 "" "" 5.108848296401851 "" 0.3386008731012892 ""
175.73755371065 -62.51799005949 0.0141 0.0131 5.3726 "" "" 5333346768810863744 2373.86597 0.3882 0.0167 -12.263 -0.242 0.019 0.019 0.954 4679.6 2.6808 14.372477 1.750881 15.22268 13.471799 -1.44 2.23 2288.69678 2466.99341 33570.3546 7.165 11126.0 13.155 32392.0 16.396 "" "" 0.0027650476975766866 0.0030713237 0.0038191304 0.0068904543 175.73755371065 -62.51799005949 2373.86597 -12.263 -0.24200000000000088 -5.881856906890869 -0.9215714497566223 0.06628162 0.06628162 "" "" 66.9908212572551 "" 4.440259936172609 ""
176.46241727635 -62.66813119206 0.0128 0.0129 16.9486 "" "" 5333306052517360000 1947.63098 0.4778 0.0159 -6.886 0.129 0.017 0.017 1.007 7094.0 4.0458 14.374019 0.832937 14.701896 13.868958 -17.69 12.63 1881.57153 2006.89795 33522.73515 6.3994 17975.0 18.862 22469.0 26.94 "" "" 0.002763104742481763 0.0030138153 0.0039972947 0.00701111 176.46241727635 -62.66813119206 1947.63098 -6.886000000000012 0.129 -0.5048569068908693 -0.5505714497566223 0.06428161 0.06428161 "" "" 6.8961354025678165 "" 0.44329470462402126 ""
175.69076081419 -62.43185715655 0.013 0.0129 8.768 "" "" 5333371095496748032 2103.36108 0.4426 0.0163 -9.237 -0.28 0.018 0.017 0.945 6339.1 3.6828 14.377065 0.905156 14.727848 13.822692 "" "" 2018.10913 2174.19629 33428.81158 8.0221 17550.0 30.507 23447.0 49.129 "" "" 0.002767611936020835 0.0033685372 0.0044112583 0.0077797957 175.69076081419 -62.43185715655 2103.36108 -9.23699999999999 -0.28000000000000025 -2.8558569068908692 -0.9595714497566223 0.065281615 0.06428161 "" "" 30.036966576773022 "" 1.9578356011183122 ""
175.94768584463 -62.27806685881 0.013 0.0144 14.9497 "" "" 5333367693882089728 2617.26953 0.3464 0.0169 -5.196 0.717 0.017 0.022 0.936 9815.5 3.775 14.377798 0.503353 14.560379 14.057026 "" "" 2503.33594 2732.87476 33406.22866 9.8305 20477.0 14.16 18895.0 13.665 "" "" 0.0027737826890725983 0.0028894187 0.0038600888 0.0067495075 175.94768584463 -62.27806685881 2617.26953 -5.196 0.7170000000000005 1.1851430931091311 0.037428550243377656 0.06428161 0.069281615 "" "" 14.710046749845635 "" 0.9456616592221327 ""
175.35820141418 -62.6020411842 0.014 0.0137 16.4507 "" "" 5333342542562245632 2074.32861 0.4415 0.0177 -6.39 0.9 0.019 0.018 0.943 9518.9 4.0993 14.380838 0.415592 14.533103 14.117511 "" "" 2001.28235 2148.3645 33312.8149 13.603 20998.0 19.183 17871.0 11.384 "" "" 0.0027907614538313884 0.0029612314 0.003842144 0.0068033757 175.35820141418 -62.6020411842 2074.32861 -6.39 0.9 -0.008856906890868821 0.2204285502433777 0.06628162 0.065281615 "" "" 2.169072344360002 "" 0.1416040679438491 ""
175.70046732892 -62.61868464681 0.0135 0.013 8.4055 "" "" 5333344535427831040 2027.33862 0.4597 0.0169 -8.521 0.401 0.019 0.018 0.988 6432.2 3.6515 14.383874 0.881413 14.739372 13.85796 4.06 6.04 1970.41138 2112.81006 33219.80378 5.8964 17365.0 13.237 22697.0 16.977 "" "" 0.0027620514559488505 0.0029103314 0.0038656506 0.0067759817 175.70046732892 -62.61868464681 2027.33862 -8.52099999999999 0.4009999999999997 -2.13985690689087 -0.2785714497566223 0.06628162 0.065281615 "" "" 20.736651014589405 "" 1.3741157410958755 ""
176.03076370723 -62.45033784169 0.0129 0.0139 5.3776 "" "" 5333359516263598976 2069.49219 0.4486 0.0165 -5.256 1.865 0.018 0.02 0.939 5781.1 3.4214 14.393373 1.08563 14.852108 13.766478 0.73 6.22 1997.2832 2143.13599 32930.42257 5.7966 15652.0 17.646 24693.0 11.116 "" "" 0.002761940492013516 0.0030468602 0.003810855 0.0068577155 176.03076370723 -62.45033784169 2069.49219 -5.255999999999994 1.8649999999999995 1.1251430931091306 1.1854285502433777 0.065281615 0.06728162 "" "" 16.03224521984129 "" 1.0635996744403662 ""
175.63837776785 -62.43539332963 0.0129 0.013 9.7935 "" "" 5333370751899345664 2378.04053 0.3912 0.0167 -6.938 1.781 0.018 0.017 0.969 5768.9 3.6518 14.395033 1.021155 14.821545 13.800389 7.57 11.18 2284.15674 2459.11694 32880.13091 5.9119 16099.0 14.313 23933.0 17.278 "" "" 0.002762227202582256 0.0029524271 0.0038598073 0.0068122344 175.63837776785 -62.43539332963 2378.04053 -6.937999999999997 1.7809999999999977 -0.5568569068908689 1.1014285502433776 0.065281615 0.06428161 "" "" 13.91172463705568 "" 0.8971176419231471 ""
175.70164815723 -62.56545908524 0.0141 0.015 6.7388 "" "" 5333346184695291008 1898.30396 0.4886 0.0174 -5.591 1.025 0.018 0.02 1.049 6177.6 4.0492 14.396992 0.639454 14.3993 13.759846 11.19 15.58 1842.9231 1957.36633 32820.8716 15.799 23752.0 789.3 24844.0 461.83 "" "" 0.002804450642955892 0.036187697 0.020533768 0.056721464 175.70164815723 -62.56545908524 1898.30396 -5.591 1.025 0.7901430931091307 0.3454285502433776 0.065281615 0.06728162 "" "" 7.759388696993815 "" 0.5090673380454586 ""
175.92119681199 -62.82858898311 0.0124 0.0135 18.091 "" "" 5333324400619111040 2639.60205 0.3445 0.0162 -8.444 4.348 0.017 0.018 0.955 "" "" 14.399876 1.447963 15.059954 13.611991 -52.37 4.22 2511.56714 2785.78101 32733.79122 5.5828 12925.0 11.236 28468.0 19.057 "" "" 0.002761535591151531 0.00294549 0.003848634 0.006794124 175.92119681199 -62.82858898311 2639.60205 -8.444000000000011 4.348000000000001 -2.06285690689087 3.6684285502433776 0.06428161 0.065281615 "" "" 52.65744151064994 "" 3.424986039378992 ""
176.18482434825 -62.25078458641 0.0127 0.0128 18.0232 "" "" 5333365563578257536 2678.5769 0.3385 0.0159 -5.126 1.211 0.017 0.017 0.973 7967.4 3.5637 14.400666 0.687371 14.664398 13.977027 "" "" 2571.84229 2814.57471 32709.99048 8.5432 18606.0 16.39 20340.0 13.94 "" "" 0.0027698741639534323 0.0029495414 0.0038519376 0.006801479 176.18482434825 -62.25078458641 2678.5769 -5.126 1.211 1.2551430931091305 0.5314285502433778 0.06428161 0.06428161 "" "" 17.305414148581928 "" 1.1124199287814873 ""
176.36050712475 -62.74065100129 0.0124 0.0125 17.457 "" "" 5333282103777519104 2647.23633 0.3377 0.0154 -4.756 1.915 0.017 0.016 0.941 "" "" 14.401428 1.957608 15.376309 13.418701 -19.04 2.94 2554.78296 2748.146 32687.03288 6.5406 9658.1 12.604 34016.0 15.249 "" "" 0.0027638719938355154 0.0031293244 0.003810594 0.0069399187 176.36050712475 -62.74065100129 2647.23633 -4.756000000000006 1.9150000000000014 1.6251430931091306 1.2354285502433777 0.06428161 0.06328162 "" "" 25.615467311589132 "" 1.6372685476608395 ""
175.91131072906 -62.20544511043 0.0135 0.0142 19.3069 "" "" 5333369789825781376 2170.625 0.4243 0.0164 -7.062 1.652 0.018 0.02 0.961 7073.9 4.0777 14.402543 0.844446 14.739109 13.894663 19.8 15.15 2091.12646 2246.73877 32653.49693 7.14 17369.0 19.045 21943.0 11.887 "" "" 0.002765529117484617 0.0030335367 0.0038248748 0.0068584112 175.91131072906 -62.20544511043 2170.625 -7.061999999999995 1.6519999999999997 -0.6808569068908694 0.9724285502433776 0.065281615 0.06728162 "" "" 12.213690304182485 "" 0.8138021187825931 ""
175.98285565651 -62.71502603384 0.0129 0.0131 11.3671 "" "" 5333331302617476864 2280.32178 0.4007 0.0158 -5.415 0.741 0.016 0.017 0.906 8801.6 4.0047 14.404591 0.540842 14.606708 14.065865 "" "" 2194.73706 2368.56934 32591.95273 10.846 19622.0 12.118 18742.0 15.882 "" "" 0.002778909218201816 0.0028696072 0.0038897593 0.0067593665 175.98285565651 -62.71502603384 2280.32178 -5.415 0.741 0.9661430931091308 0.06142855024337768 0.06328162 0.06428161 "" "" 10.463861772396879 "" 0.6622125659729917 ""
175.96404445503 -62.46783320499 0.0135 0.0136 3.6748 "" "" 5333359619342776576 2147.49561 0.4278 0.0164 -6.315 0.82 0.019 0.02 0.911 9110.9 4.2937 14.416985 0.39002 14.561612 14.171592 "" "" 2076.8418 2219.26489 32222.00028 14.846 20454.0 17.717 17003.0 11.799 "" "" 0.0028003629672860757 0.0029444008 0.0038537497 0.0067981505 175.96404445503 -62.46783320499 2147.49561 -6.315 0.8200000000000002 0.06614309310913047 0.14042855024337764 0.06628162 0.06728162 "" "" 1.5800647017195888 "" 0.10602416985955336 ""
176.11809509915 -62.49205207752 0.0133 0.0137 5.6021 "" "" 5333356389527212032 2334.85107 0.3927 0.0164 -8.429 2.581 0.018 0.018 0.972 6080.3 3.6258 14.420383 0.950103 14.805935 13.855832 -23.1 6.01 2239.86084 2440.01367 32121.35427 6.1035 16332.0 14.665 22742.0 15.147 "" "" 0.0027630329508169125 0.0029555894 0.003847942 0.006803531 176.11809509915 -62.49205207752 2334.85107 -8.428999999999997 2.5809999999999986 -2.0478569068908694 1.9014285502433776 0.065281615 0.065281615 "" "" 30.927111840670104 "" 2.018971797766979 ""
