Clusters/Riddle_4/Riddle_4_stars_in_region.tsv
# %ECSV 1.0
# ---
# datatype:
# - name: RA_ICRS_1
#   unit: deg
#   datatype: float64
#   format: '{:15.11f}'
#   description: Right ascension (ICRS) at Ep=2016.0 (ra)
#   meta: !!omap
#   - {ucd: POS_EQ_RA_MAIN}
#   - {width: 15}
#   - {precision: '11'}
# - name: DE_ICRS_1
#   unit: deg
#   datatype: float64
#   format: '{:15.11f}'
#   description: Declination (ICRS) at Ep=2016.0 (dec)
#   meta: !!omap
#   - {ucd: POS_EQ_DEC_MAIN}
#   - {width: 15}
#   - {precision: '11'}
# - name: e_RA_ICRS
#   unit: mas
#   datatype: float64
#   format: '{:7.4f}'
#   description: Standard error of right ascension (ra_error)
#   meta: !!omap
#   - {ucd: ERROR}
#   - {width: 7}
#   - {precision: '4'}
# - name: e_DE_ICRS
#   unit: mas
#   datatype: float64
#   format: '{:7.4f}'
#   description: Standard error of declination (dec_error)
#   meta: !!omap
#   - {ucd: ERROR}
#   - {width: 7}
#   - {precision: '4'}
# - name: _r_1
#   unit: ''
#   datatype: float64
#   format: '{:7.4f}'
#   description: Distance from center (031.85781692000+60.26269923000)[ICRS], at Epoch=J2016.0
#   meta: !!omap
#   - {ucd: POS_ANG_DIST_GENERAL}
#   - {width: 7}
#   - {precision: '4'}
# - name: HIP
#   datatype: int32
#   description: '? HIP cross-id number, van Leeuwen, Cat. I/311 (hip_original_ext_source_id)'
#   meta: !!omap
#   - {ucd: ID_NUMBER}
#   - {width: 6}
#   - values: {'null': -2147483648}
# - name: TYC2
#   datatype: string
#   description: Tycho-2 cross-id name, Hog et al., Cat. I/259 (tyc2_original_ext_source_id)
#   meta: !!omap
#   - {ucd: ID_CROSSID}
#   - {_votable_string_dtype: char}
# - name: Source
#   datatype: int64
#   description: Source identifier, identical to the Gaia-EDR3 source_id (id)
#   meta: !!omap
#   - {ucd: ID_MAIN}
#   - {width: 19}
# - name: rgeo
#   unit: pc
#   datatype: float64
#   format: '{:15.8f}'
#   description: '? Median of the geometric distance posterior (r_med_geo)'
#   meta: !!omap
#   - {ucd: PHYS_DISTANCE_TRUE}
#   - {width: 15}
#   - {precision: '8'}
#   - values: {'null': .nan}
# - name: Plx
#   unit: mas
#   datatype: float64
#   format: '{:9.4f}'
#   description: '? Parallax (parallax)'
#   meta: !!omap
#   - {ucd: POS_PARLX_TRIG}
#   - {width: 9}
#   - {precision: '4'}
#   - values: {'null': .nan}
# - name: e_Plx
#   unit: mas
#   datatype: float32
#   format: '{:7.4f}'
#   description: '? Standard error of parallax (parallax_error)'
#   meta: !!omap
#   - {ucd: ERROR}
#   - {width: 7}
#   - {precision: '4'}
#   - values: {'null': .nan}
# - name: pmRA
#   unit: mas / yr
#   datatype: float64
#   format: '{:9.3f}'
#   description: '? Proper motion in right ascension direction, pmRA*cosDE (pmra)'
#   meta: !!omap
#   - {ucd: POS_EQ_PMRA}
#   - {width: 9}
#   - {precision: '3'}
#   - values: {'null': .nan}
# - name: pmDE
#   unit: mas / yr
#   datatype: float64
#   format: '{:9.3f}'
#   description: '? Proper motion in declination direction (pmdec)'
#   meta: !!omap
#   - {ucd: POS_EQ_PMDEC}
#   - {width: 9}
#   - {precision: '3'}
#   - values: {'null': .nan}
# - name: e_pmRA
#   unit: mas / yr
#   datatype: float32
#   format: '{:6.3f}'
#   description: '? Standard error of proper motion in right ascension direction (pmra_error)'
#   meta: !!omap
#   - {ucd: ERROR}
#   - {width: 6}
#   - {precision: '3'}
#   - values: {'null': .nan}
# - name: e_pmDE
[...]
#         value: !astropy.table.SerializedColumn {name: SkyCoord.dec}
#       distance: !astropy.table.SerializedColumn
#         __class__: astropy.coordinates.distances.Distance
#         unit: !astropy.units.Unit {unit: pc}
#         value: !astropy.table.SerializedColumn {name: SkyCoord.distance}
#       frame: icrs
#       obstime: !astropy.time.Time {format: jyear_str, in_subfmt: '*', jd1: 367701545.0, jd2: 0.0, out_subfmt: '*', precision: 3, scale: tt}
#       pm_dec: !astropy.table.SerializedColumn
#         __class__: astropy.units.quantity.Quantity
#         unit: !astropy.units.Unit {unit: mas / yr}
#         value: !astropy.table.SerializedColumn {name: SkyCoord.pm_dec}
#       pm_ra_cosdec: !astropy.table.SerializedColumn
#         __class__: astropy.units.quantity.Quantity
#         unit: !astropy.units.Unit {unit: mas / yr}
#         value: !astropy.table.SerializedColumn {name: SkyCoord.pm_ra_cosdec}
#       ra: !astropy.table.SerializedColumn
#         __class__: astropy.coordinates.angles.Longitude
#         unit: *id001
#         value: !astropy.table.SerializedColumn {name: SkyCoord.ra}
#         wrap_angle: !astropy.coordinates.Angle
#           unit: *id001
#           value: 360.0
#       representation_type: spherical
# schema: astropy-2.0
RA_ICRS_1 DE_ICRS_1 e_RA_ICRS e_DE_ICRS _r_1 HIP TYC2 Source rgeo Plx e_Plx pmRA pmDE e_pmRA e_pmDE RUWE Teff logg Gmag BP-RP BPmag RPmag RV e_RV b_rgeo B_rgeo FG e_FG FBP e_FBP FRP e_FRP RAVE5 RAVE6 e_Gmag e_BPmag e_RPmag e_BP-RP SkyCoord.ra SkyCoord.dec SkyCoord.distance SkyCoord.pm_ra_cosdec SkyCoord.pm_dec rmRA rmDE e_rmRA e_rmDE rRV e_rRV v_pec v_pec3d e_vpec e_vpec3d
[from data line 123]
32.03085093658 60.34982810196 0.0179 0.0273 7.3334 "" "" 507577864954733952 2769.6499 0.3321 0.0373 -1.082 -0.74 0.032 0.042 1.042 9203.5 3.6488 15.949431 1.714151 16.759827 15.045675 "" "" 2473.23535 3065.81665 7855.50939 2.1349 2700.8 6.7978 7601.3 8.11 "" "" 0.002771075007821854 0.0039055068 0.003952924 0.007858431 32.03085093658 60.34982810196 2769.6499 -1.0819999999999996 -0.7399999999999997 -0.2929500169754029 -0.23014997482299804 0.09431732 0.10431731 "" "" 4.890804547080053 "" 0.4805411176854572 ""
32.19799063473 60.19367069036 0.0175 0.0256 10.9483 "" "" 507571538461566848 2700.34814 0.3346 0.0361 -0.844 -1.337 0.033 0.04 1.054 7664.3 3.1974 15.95198 1.914438 16.890228 14.97579 "" "" 2509.8877 2984.10229 7837.09338 2.2233 2395.1 9.6917 8106.7 7.9393 "" "" 0.0027724827609535018 0.005204517 0.0039261137 0.009130631 32.19799063473 60.19367069036 2700.34814 -0.8439999999999999 -1.3369999999999997 -0.054950016975402804 -0.827149974822998 0.09531731 0.10231731 "" "" 10.610567117468117 "" 1.0853294565006057 ""
32.20778495665 60.19316003247 0.0179 0.0246 11.2304 "" "" 507571577122685312 2604.65503 0.3598 0.0355 -1.438 -0.393 0.033 0.038 0.981 8779.4 3.5503 15.958577 1.639692 16.72337 15.083677 "" "" 2366.17407 2848.38354 7789.61522 2.1263 2793.0 6.6527 7339.9 8.1383 "" "" 0.002771213456478072 0.003804359 0.0039664786 0.0077708373 32.20778495665 60.19316003247 2604.65503 -1.4379999999999993 -0.3929999999999998 -0.6489500169754028 0.11685002517700194 0.09531731 0.100317314 "" "" 8.140823771731117 "" 0.7772721077260254 ""
32.25044804461 60.16591099431 0.018 0.0257 13.0642 "" "" 507570718129253632 2862.40381 0.3255 0.0372 -0.123 -0.837 0.032 0.041 1.03 8601.1 3.4804 15.970448 1.67589 16.754332 15.078442 "" "" 2607.96973 3203.35449 7704.90553 2.173 2714.5 7.2307 7375.3 9.129 "" "" 0.0027722829616795655 0.0040186252 0.0040112096 0.008029835 32.25044804461 60.16591099431 2862.40381 -0.12299999999999994 -0.8369999999999999 0.6660499830245972 -0.327149974822998 0.09431732 0.10331731 "" "" 10.068086563774003 "" 0.9678712807172957 ""
31.92910556315 60.47427635079 0.0171 0.0277 12.8696 "" "" 507591333972096768 2617.61719 0.355 0.0378 -0.855 -0.461 0.032 0.043 0.993 "" "" 15.980111 1.222814 16.50157 15.278756 "" "" 2375.68091 2898.78003 7636.64061 2.0426 3426.0 11.057 6132.8 8.1792 "" "" 0.0027705820545024335 0.0044792453 0.004047284 0.008526529 31.92910556315 60.47427635079 2617.61719 -0.8550000000000001 -0.46100000000000035 -0.06595001697540281 0.04885002517700193 0.09431732 0.10531731 "" "" 1.0183024792126745 "" 0.10015534115096122 ""
31.93928904218 60.36867748961 0.0176 0.0278 6.8039 "" "" 507589615985249280 2319.22656 0.3974 0.037 -0.836 -0.501 0.032 0.042 1.048 9239.3 3.5871 15.982251 1.388259 16.598557 15.210298 "" "" 2143.88525 2526.90259 7621.60415 2.1533 3133.2 5.6886 6531.9 6.4161 "" "" 0.0027723427003631643 0.0034162658 0.003926974 0.0073432396 31.93928904218 60.36867748961 2319.22656 -0.836 -0.501 -0.0469500169754028 0.008850025177001952 0.09431732 0.10431731 "" "" 0.5252172681117317 "" 0.04972649085939365 ""
32.1053975036 60.46315936255 0.0165 0.0266 14.0934 "" "" 507584530743899136 2512.55664 0.3704 0.0377 -1.549 -0.538 0.032 0.042 1.006 9145.1 3.8178 15.992488 1.389069 16.606415 15.217346 "" "" 2329.22217 2781.3418 7550.07873 2.0226 3110.6 8.6229 6489.6 7.1859 "" "" 0.002770629617958403 0.004104116 0.0039659906 0.008070107 32.1053975036 60.46315936255 2512.55664 -1.5489999999999995 -0.5380000000000005 -0.7599500169754028 -0.02814997482299808 0.09431732 0.10431731 "" "" 9.05684583130385 "" 0.854348066800188 ""
32.1410530055 60.05733776884 0.0387 0.0566 14.9441 "" "" 507194582077435520 2402.96216 0.4066 0.0828 0.08 -0.953 0.067 0.109 2.255 "" "" 15.992817 1.689744 16.247612 14.557868 "" "" 2049.89307 2830.33325 7547.79221 6.1858 4328.8 18.187 11913.0 20.981 "" "" 0.002895438149403775 0.005347271 0.004235584 0.009582855 32.1410530055 60.05733776884 2402.96216 0.08000000000000007 -0.9529999999999995 0.8690499830245971 -0.443149974822998 0.12931731 0.17131731 "" "" 11.111156999304328 "" 1.5447565948893887 ""
31.74265149179 60.44120163292 0.0171 0.0282 11.2424 "" "" 507592536562971520 2576.4873 0.3691 0.0379 -0.711 -0.508 0.032 0.045 1.019 8805.3 3.4069 15.993981 1.409739 16.61885 15.209111 "" "" 2364.3623 2954.88477 7539.70491 2.2354 3075.2 5.8797 6539.0 7.6832 "" "" 0.002774060387323997 0.0034777008 0.003988883 0.0074665835 31.74265149179 60.44120163292 2576.4873 -0.7110000000000001 -0.5080000000000001 0.0780499830245972 0.001850025177001946 0.09431732 0.10731731 "" "" 0.9534570352207401 "" 0.08993494880935123 ""
31.56459497192 60.28582166653 0.0234 0.0378 8.8332 "" "" 507215816394073088 2538.89233 0.3603 0.0498 -1.531 -1.075 0.041 0.057 1.075 10523.2 4.0193 15.995554 1.730006 16.59425 14.864244 "" "" 2320.62427 2829.77173 7528.7904 4.9624 3145.7 52.453 8983.8 85.884 "" "" 0.0028467386874909046 0.018317863 0.011046166 0.029364029 31.56459497192 60.28582166653 2538.89233 -1.531 -1.075 -0.7419500169754027 -0.565149974822998 0.10331731 0.11931731 "" "" 11.224147803329327 "" 1.2286407147763023 ""
31.90127054806 60.51023209752 0.0169 0.0287 14.9077 "" "" 507591638909757824 2426.20239 0.3898 0.0379 -1.286 -0.497 0.033 0.046 1.006 11575.9 4.4256 15.999099 1.348932 16.505651 15.156719 "" "" 2208.7561 2692.42871 7504.24784 2.7162 3413.2 11.654 6862.3 20.612 "" "" 0.0027832047517439944 0.004639811 0.0049918955 0.009631706 31.90127054806 60.51023209752 2426.20239 -1.286 -0.4970000000000003 -0.49695001697540286 0.012850025177001956 0.09531731 0.108317316 "" "" 5.716934536028389 "" 0.5449758734317202 ""
31.91506781413 60.35398276477 0.0174 0.0274 5.7352 "" "" 507588138518336128 2196.85742 0.4272 0.0363 -0.477 -1.035 0.031 0.04 1.008 9346.5 4.0297 16.002132 1.435724 16.645887 15.210163 "" "" 2012.06628 2415.1687 7483.31093 2.0331 2999.6 7.3282 6532.7 7.0207 "" "" 0.002771065006054917 0.0038497918 0.003955407 0.007805199 31.91506781413 60.35398276477 2196.85742 -0.47700000000000004 -1.035 0.3120499830245972 -0.525149974822998 0.093317315 0.10231731 "" "" 6.361014855162754 "" 0.6363996219488726 ""
31.91046948825 60.26772366438 0.0175 0.0259 1.5956 "" "" 507575730349744896 2786.22949 0.3303 0.0351 -0.834 -0.588 0.031 0.041 1.046 9242.5 3.4661 16.002533 1.501883 16.682678 15.180795 "" "" 2543.08521 3078.51929 7480.55527 2.1141 2899.6 8.0912 6711.8 7.4141 "" "" 0.002772353140307333 0.004118751 0.003965117 0.008083868 31.91046948825 60.26772366438 2786.22949 -0.8339999999999999 -0.5879999999999999 -0.044950016975402796 -0.07814997482299801 0.093317315 0.10331731 "" "" 1.19065243820204 "" 0.12016542661150029 ""
31.88972684247 60.3449553953 0.033 0.0534 5.0257 "" "" 507588310315206528 2455.47974 0.4089 0.0688 -3.579 0.557 0.059 0.083 1.883 7586.7 3.8821 16.045284 1.881993 16.93721 15.055217 "" "" 2120.64893 2944.65161 7191.71981 5.734 2293.7 7.4258 7534.8 8.8592 "" "" 0.0028881071914821474 0.004487827 0.0039891573 0.008476984 31.88972684247 60.3449553953 2455.47974 -3.5790000000000006 0.5569999999999994 -2.789950016975403 1.066850025177002 0.12131731 0.14531732 "" "" 34.765266641957616 "" 4.333017873023895 ""
31.66825669433 60.10802991352 0.0191 0.029 10.8673 "" "" 507209322403674112 2275.79956 0.4118 0.0361 -1.319 -0.523 0.033 0.044 1.037 "" "" 16.056438 1.423926 16.684006 15.260079 "" "" 2099.92798 2489.48755 7118.22214 2.2288 2896.1 9.8096 6239.2 8.8978 "" "" 0.00277621326605742 0.0046162363 0.004084264 0.0087005 31.66825669433 60.10802991352 2275.79956 -1.319 -0.523 -0.5299500169754028 -0.013149974822998067 0.09531731 0.10631731 "" "" 5.718484140104173 "" 0.5451114732077501 ""
31.65894586514 60.46933188257 0.0425 0.0667 13.7302 "" "" 507593532995368192 2113.46362 0.4624 0.0877 0.307 -4.161 0.08 0.101 2.443 "" "" 16.05704 1.873381 16.94372 15.070339 "" "" 1817.71863 2498.7041 7114.28104 6.3124 2280.0 5.7884 7430.6 7.416 "" "" 0.002918877939643891 0.0039221155 0.0039316565 0.0078537725 31.65894586514 60.46933188257 2113.46362 0.30699999999999994 -4.161 1.096049983024597 -3.6511499748229976 0.14231731 0.16331732 "" "" 38.18907380607063 "" 6.17459198245145 ""
31.43435359433 60.34252168373 0.0171 0.0269 13.4678 "" "" 507217190783598720 2406.11035 0.3961 0.035 -1.259 -0.623 0.033 0.039 0.994 "" "" 16.066317 1.64485 16.832283 15.187433 "" "" 2205.00024 2642.1272 7053.74982 2.1951 2526.4 6.4799 6670.9 7.2659 "" "" 0.0027759593384598107 0.003942085 0.0039600777 0.007902162 31.43435359433 60.34252168373 2406.11035 -1.259 -0.6230000000000001 -0.46995001697540273 -0.11314997482299805 0.09531731 0.10131732 "" "" 5.512927632417269 "" 0.5273436216814208 ""
31.77052450887 60.11427857023 0.0184 0.0271 9.2781 "" "" 507197983690008320 2133.40063 0.4405 0.0358 -1.051 -0.751 0.032 0.044 0.957 9198.9 3.7714 16.074968 1.44198 16.72195 15.27997 "" "" 1965.88916 2292.64453 6997.76187 2.0835 2796.6 7.1903 6125.9 7.0867 "" "" 0.0027742187439318074 0.003946852 0.003982628 0.00792948 31.77052450887 60.11427857023 2133.40063 -1.051 -0.7509999999999998 -0.26195001697540277 -0.24114997482299805 0.09431732 0.10631731 "" "" 3.600484348050924 "" 0.360051919049328 ""
31.75624410975 60.4302707648 0.0199 0.0329 10.4967 "" "" 507592467845360768 2472.6958 0.374 0.0443 -1.605 0.647 0.037 0.051 1.008 8072.9 3.6728 16.084145 2.190233 17.215412 15.025179 "" "" 2190.99609 2785.10083 6938.87327 6.6152 1775.2 8.1217 7746.2 23.209 "" "" 0.0029433317567684357 0.0056973263 0.0049865944 0.01068392 31.75624410975 60.4302707648 2472.6958 -1.6050000000000006 0.6469999999999998 -0.8159500169754028 1.156850025177002 0.09931731 0.11331731 "" "" 16.59228393399847 "" 1.8063398422342711 ""
31.8274792623 60.26031280941 0.0218 0.0327 0.9142 "" "" 507212105532934528 2894.62793 0.3141 0.0419 -0.776 -0.473 0.038 0.05 1.138 10133.5 4.2322 16.086208 1.523876 16.676891 15.153015 "" "" 2661.65869 3322.78784 6925.69441 2.7263 2915.1 46.289 6885.8 95.934 "" "" 0.0027882719109109514 0.01746477 0.015591631 0.0330564 31.8274792623 60.26031280941 2894.62793 -0.7760000000000002 -0.4730000000000002 0.013049983024597145 0.03685002517700198 0.100317314 0.11231731 "" "" 0.5363705699912199 "" 0.05956088295469945 ""
31.38772023461 60.27978357112 0.018 0.027 14.0246 "" "" 507215438436953984 2830.99951 0.331 0.0357 -0.666 -0.49 0.032 0.037 1.045 "" "" 16.10797 1.460671 16.761448 15.300776 "" "" 2604.95508 3157.12036 6788.26497 1.9466 2696.7 6.647 6009.6 6.9401 "" "" 0.002772855073180408 0.0038661421 0.003981942 0.007848084 31.38772023461 60.27978357112 2830.99951 -0.6660000000000006 -0.4899999999999999 0.12304998302459713 0.019850025177001962 0.09431732 0.09931731 "" "" 1.672546739533576 "" 0.15796769751205528 ""
32.32612069819 60.1800579309 0.0197 0.0267 14.8097 "" "" 507571989439548160 2766.48145 0.3326 0.0396 -0.894 -1.582 0.034 0.042 0.998 "" "" 16.11271 1.769252 16.958538 15.189286 "" "" 2450.41406 3087.2417 6758.69262 2.096 2249.1 7.6011 6659.5 9.5523 "" "" 0.0027758172473556293 0.004609702 0.0040876786 0.008697381 32.32612069819 60.1800579309 2766.48145 -0.8939999999999996 -1.582 -0.10495001697540285 -1.0721499748229981 0.09631731 0.10431731 "" "" 14.126430358372204 "" 1.472599354197659 ""
31.96051308289 60.37051738082 0.0189 0.0294 7.1526 "" "" 507589581625508992 2272.07422 0.4068 0.0393 -1.554 1.276 0.034 0.044 1.02 6477.3 3.6957 16.117748 2.306862 17.333004 15.026142 "" "" 2087.00781 2524.93286 6727.4026 2.1788 1593.0 6.7103 7739.3 8.1305 "" "" 0.0027776676928027598 0.0053574364 0.0039477507 0.009305187 31.96051308289 60.37051738082 2272.07422 -1.5540000000000005 1.2759999999999998 -0.7649500169754029 1.785850025177002 0.09631731 0.10631731 "" "" 20.923066052522692 "" 2.193354675699617 ""
31.93427629744 60.25378106287 0.0193 0.029 2.3379 "" "" 507575665931535616 2658.92603 0.3479 0.0381 -0.733 -0.56 0.034 0.046 1.061 9242.7 3.5612 16.125631 1.554953 16.838703 15.283751 "" "" 2372.03687 2950.00244 6678.73708 2.0829 2511.5 6.0936 6104.6 8.5731 "" "" 0.002776048521837242 0.003837262 0.004075372 0.007912634 31.93427629744 60.25378106287 2658.92603 -0.7330000000000001 -0.5600000000000006 0.05604998302459718 -0.0501499748229981 0.09631731 0.108317316 "" "" 0.9479013059917287 "" 0.09652237152641918 ""
31.55853331257 60.43355391769 0.018 0.028 13.5651 "" "" 507593155038084608 2625.38306 0.3596 0.0383 -1.446 -0.533 0.035 0.039 1.034 9141.7 4.0411 16.14218 1.716741 16.95677 15.240029 "" "" 2399.87915 2950.90479 6577.71337 1.9317 2252.7 6.974 6355.5 7.8492 "" "" 0.0027737079781670654 0.004368427 0.004010208 0.008378635 31.55853331257 60.43355391769 2625.38306 -1.4460000000000002 -0.5329999999999999 -0.6569500169754028 -0.023149974822998076 0.09731731 0.10131732 "" "" 8.180367699740879 "" 0.796132779240467 ""
31.92393522763 60.06425042589 0.0214 0.0311 12.0694 "" "" 507196639354902912 2465.28296 0.3847 0.042 0.454 -2.993 0.038 0.052 1.067 8762.1 4.0826 16.145252 1.97473 16.920626 14.945895 "" "" 2176.77051 2749.32544 6559.11924 3.8589 2329.0 26.251 8333.0 146.86 "" "" 0.0028283939569831106 0.01255177 0.019504577 0.032056347 31.92393522763 60.06425042589 2465.28296 0.4540000000000002 -2.993 1.2430499830245971 -2.483149974822998 0.100317314 0.11431731 "" "" 32.44937212819211 "" 3.623060480302663 ""
32.08132809203 60.36466412513 0.0198 0.0308 9.0299 "" "" 507578071113153664 2934.88843 0.3061 0.0426 -2.08 0.151 0.036 0.049 1.009 7385.5 3.4073 16.148884 2.668024 17.635855 14.967831 "" "" 2660.90771 3362.47144 6537.21683 2.7439 1205.2 5.1493 8166.3 8.2836 "" "" 0.002792753419346012 0.005413343 0.0039365795 0.009349923 32.08132809203 60.36466412513 2934.88843 -2.079999999999999 0.15100000000000055 -1.290950016975403 0.660850025177002 0.09831731 0.11131731 "" "" 20.17520410213062 "" 2.0408056848620206 ""
31.54516302062 60.41683721982 0.0176 0.0274 13.1037 "" "" 507593116378439680 3072.26123 0.3029 0.0365 -2.113 -0.69 0.033 0.038 0.979 7988.6 3.9967 16.152218 1.545909 16.859118 15.313209 "" "" 2786.14893 3580.43994 6517.17906 2.0023 2464.7 7.1367 5941.2 6.5391 "" "" 0.0027754390353488478 0.00420341 0.0039638053 0.008167215 31.54516302062 60.41683721982 3072.26123 -2.113000000000001 -0.689999999999999 -1.3239500169754028 -0.180149974822998 0.09531731 0.100317314 "" "" 19.457713301964873 "" 1.8564709805626065 ""
31.97985780546 60.25049380854 0.0189 0.0284 3.7059 "" "" 507575425413367168 2351.38696 0.4044 0.0387 -0.818 -0.469 0.034 0.046 1.008 9234.4 3.6114 16.156063 1.648129 16.925684 15.277555 "" "" 2163.03882 2570.08032 6494.13749 2.2747 2318.2 6.8518 6139.5 8.102 "" "" 0.0027814416943165686 0.004252426 0.004041859 0.008294284 31.97985780546 60.25049380854 2351.38696 -0.8180000000000003 -0.4690000000000005 -0.02895001697540278 0.04085002517700198 0.09631731 0.108317316 "" "" 0.5580392148438882 "" 0.05829215514193344 ""
31.60064494952 60.1812736893 0.0198 0.03 9.0882 "" "" 507210834232140288 2993.36719 0.3198 0.0409 -0.12 -0.831 0.037 0.047 1.026 9230.0 3.4847 16.158669 1.585479 16.890789 15.30531 "" "" 2690.93262 3427.80835 6478.57432 1.9878 2393.9 7.489 5984.6 8.0012 "" "" 0.0027753859071565916 0.004395659 0.0040485607 0.00844422 31.60064494952 60.1812736893 2993.36719 -0.12000000000000002 -0.8310000000000001 0.6690499830245972 -0.321149974822998 0.09931731 0.10931731 "" "" 10.529835246294553 "" 1.0663048711779324 ""
31.77779759002 60.45080639138 0.0194 0.031 11.5335 "" "" 507593945312236416 2262.26318 0.4214 0.0425 -1.775 -1.59 0.036 0.05 1.006 7107.7 3.8541 16.181976 1.743738 17.015007 15.271269 "" "" 2045.61121 2473.51807 6340.97642 2.0478 2135.1 5.5247 6175.2 6.6825 "" "" 0.0027775410996892648 0.0039595226 0.003957801 0.007917324 31.77779759002 60.45080639138 2262.26318 -1.775 -1.59 -0.9859500169754027 -1.0801499748229981 0.09831731 0.11231731 "" "" 15.682262879094665 "" 1.6651953414870797 ""
