Clusters/Riddle_4/Riddle_4_stars_in_region.tsv
# %ECSV 1.0
# ---
# datatype:
# - name: RA_ICRS_1
#   unit: deg
#   datatype: float64
#   format: '{:15.11f}'
#   description: Right ascension (ICRS) at Ep=2016.0 (ra)
#   meta: !!omap
#   - {ucd: POS_EQ_RA_MAIN}
#   - {width: 15}
#   - {precision: '11'}
# - name: DE_ICRS_1
#   unit: deg
#   datatype: float64
#   format: '{:15.11f}'
#   description: Declination (ICRS) at Ep=2016.0 (dec)
#   meta: !!omap
#   - {ucd: POS_EQ_DEC_MAIN}
#   - {width: 15}
#   - {precision: '11'}
# - name: e_RA_ICRS
#   unit: mas
#   datatype: float64
#   format: '{:7.4f}'
#   description: Standard error of right ascension (ra_error)
#   meta: !!omap
#   - {ucd: ERROR}
#   - {width: 7}
#   - {precision: '4'}
# - name: e_DE_ICRS
#   unit: mas
#   datatype: float64
#   format: '{:7.4f}'
#   description: Standard error of declination (dec_error)
#   meta: !!omap
#   - {ucd: ERROR}
#   - {width: 7}
#   - {precision: '4'}
# - name: _r_1
#   unit: ''
#   datatype: float64
#   format: '{:7.4f}'
#   description: Distance from center (031.85781692000+60.26269923000)[ICRS], at Epoch=J2016.0
#   meta: !!omap
#   - {ucd: POS_ANG_DIST_GENERAL}
#   - {width: 7}
#   - {precision: '4'}
# - name: HIP
#   datatype: int32
#   description: '? HIP cross-id number, van Leeuwen, Cat. I/311 (hip_original_ext_source_id)'
#   meta: !!omap
#   - {ucd: ID_NUMBER}
#   - {width: 6}
#   - values: {'null': -2147483648}
# - name: TYC2
#   datatype: string
#   description: Tycho-2 cross-id name, Hog et al., Cat. I/259 (tyc2_original_ext_source_id)
#   meta: !!omap
#   - {ucd: ID_CROSSID}
#   - {_votable_string_dtype: char}
# - name: Source
#   datatype: int64
#   description: Source identifier, identical to the Gaia-EDR3 source_id (id)
#   meta: !!omap
#   - {ucd: ID_MAIN}
#   - {width: 19}
# - name: rgeo
#   unit: pc
#   datatype: float64
#   format: '{:15.8f}'
#   description: '? Median of the geometric distance posterior (r_med_geo)'
#   meta: !!omap
#   - {ucd: PHYS_DISTANCE_TRUE}
#   - {width: 15}
#   - {precision: '8'}
#   - values: {'null': .nan}
# - name: Plx
#   unit: mas
#   datatype: float64
#   format: '{:9.4f}'
#   description: '? Parallax (parallax)'
#   meta: !!omap
#   - {ucd: POS_PARLX_TRIG}
#   - {width: 9}
#   - {precision: '4'}
#   - values: {'null': .nan}
# - name: e_Plx
#   unit: mas
#   datatype: float32
#   format: '{:7.4f}'
#   description: '? Standard error of parallax (parallax_error)'
#   meta: !!omap
#   - {ucd: ERROR}
#   - {width: 7}
#   - {precision: '4'}
#   - values: {'null': .nan}
# - name: pmRA
#   unit: mas / yr
#   datatype: float64
#   format: '{:9.3f}'
#   description: '? Proper motion in right ascension direction, pmRA*cosDE (pmra)'
#   meta: !!omap
#   - {ucd: POS_EQ_PMRA}
#   - {width: 9}
#   - {precision: '3'}
#   - values: {'null': .nan}
# - name: pmDE
#   unit: mas / yr
#   datatype: float64
#   format: '{:9.3f}'
#   description: '? Proper motion in declination direction (pmdec)'
#   meta: !!omap
#   - {ucd: POS_EQ_PMDEC}
#   - {width: 9}
#   - {precision: '3'}
#   - values: {'null': .nan}
# - name: e_pmRA
#   unit: mas / yr
#   datatype: float32
#   format: '{:6.3f}'
#   description: '? Standard error of proper motion in right ascension direction (pmra_error)'
#   meta: !!omap
#   - {ucd: ERROR}
#   - {width: 6}
#   - {precision: '3'}
#   - values: {'null': .nan}
# - name: e_pmDE
[...]
#         unit: &id001 !astropy.units.Unit {unit: deg}
#         value: !astropy.table.SerializedColumn {name: SkyCoord.dec}
#       distance: !astropy.table.SerializedColumn
#         __class__: astropy.coordinates.distances.Distance
#         unit: !astropy.units.Unit {unit: pc}
#         value: !astropy.table.SerializedColumn {name: SkyCoord.distance}
#       frame: icrs
#       obstime: !astropy.time.Time {format: jyear_str, in_subfmt: '*', jd1: 367701545.0, jd2: 0.0, out_subfmt: '*', precision: 3, scale: tt}
#       pm_dec: !astropy.table.SerializedColumn
#         __class__: astropy.units.quantity.Quantity
#         unit: !astropy.units.Unit {unit: mas / yr}
#         value: !astropy.table.SerializedColumn {name: SkyCoord.pm_dec}
#       pm_ra_cosdec: !astropy.table.SerializedColumn
#         __class__: astropy.units.quantity.Quantity
#         unit: !astropy.units.Unit {unit: mas / yr}
#         value: !astropy.table.SerializedColumn {name: SkyCoord.pm_ra_cosdec}
#       ra: !astropy.table.SerializedColumn
#         __class__: astropy.coordinates.angles.Longitude
#         unit: *id001
#         value: !astropy.table.SerializedColumn {name: SkyCoord.ra}
#         wrap_angle: !astropy.coordinates.Angle
#           unit: *id001
#           value: 360.0
#       representation_type: spherical
# schema: astropy-2.0
RA_ICRS_1 DE_ICRS_1 e_RA_ICRS e_DE_ICRS _r_1 HIP TYC2 Source rgeo Plx e_Plx pmRA pmDE e_pmRA e_pmDE RUWE Teff logg Gmag BP-RP BPmag RPmag RV e_RV b_rgeo B_rgeo FG e_FG FBP e_FBP FRP e_FRP RAVE5 RAVE6 e_Gmag e_BPmag e_RPmag e_BP-RP SkyCoord.ra SkyCoord.dec SkyCoord.distance SkyCoord.pm_ra_cosdec SkyCoord.pm_dec
[from data line 245]
32.03951143366 60.46987378712 0.0273 0.042 13.5489 "" "" 507596247414680960 2519.85034 0.3744 0.0589 -1.518 2.131 0.052 0.063 0.993 7440.5 4.1304 16.8541 1.994041 17.856647 15.862607 "" "" 2202.95776 2950.97046 3414.34088 1.4185 983.46 6.4085 3581.9 4.916 "" "" 0.002791998598201347 0.0076052686 0.004062536 0.011667805 32.03951143366 60.46987378712 2519.85034 -1.5180000000000002 2.131
31.76506962102 60.28561709098 0.0276 0.0443 3.083 "" "" 507213136334584704 2429.89355 0.3849 0.0556 0.014 -0.556 0.048 0.067 0.987 "" "" 16.854496 1.635567 17.607342 15.971775 "" "" 2112.47241 2895.8147 3413.09428 1.469 1237.3 6.8395 3239.3 7.6388 "" "" 0.0027946664789125215 0.0066185603 0.0045649847 0.011183545 31.76506962102 60.28561709098 2429.89355 0.014000000000000012 -0.556
31.41287746864 60.3071459697 0.0265 0.0416 13.4991 "" "" 507215575876009472 2572.44873 0.3682 0.056 -0.995 -0.647 0.048 0.056 0.939 9213.5 3.8716 16.854803 1.651557 17.634623 15.983066 "" "" 2304.78638 2961.38892 3412.12987 1.5026 1206.6 6.9223 3205.8 5.3184 "" "" 0.0027964966669602777 0.0068252655 0.004186664 0.011011929 31.41287746864 60.3071459697 2572.44873 -0.9950000000000001 -0.647
32.00217050807 60.42523237412 0.0258 0.0416 10.6521 "" "" 507590200100760576 2820.68823 0.3569 0.0553 -3.118 0.902 0.047 0.062 0.956 8099.4 4.2963 16.87069 1.746937 17.71153 15.964594 "" "" 2358.6936 3368.17822 3362.56807 1.3587 1124.1 5.4207 3260.8 5.3627 "" "" 0.002790027819534858 0.0059327562 0.0041799624 0.010112719 32.00217050807 60.42523237412 2820.68823 -3.1179999999999994 0.9019999999999999
32.18737660852 60.44664665124 0.0263 0.0429 14.7469 "" "" 507584599463383552 2602.97656 0.3856 0.0603 -0.172 -0.316 0.049 0.066 1.009 "" "" 16.885525 1.502823 17.569487 16.066664 "" "" 2242.43945 3071.95483 3316.93614 1.3601 1281.2 5.553 2968.2 5.8633 "" "" 0.0027910562629389008 0.00547081 0.0043455274 0.009816337 32.18737660852 60.44664665124 2602.97656 -0.172 -0.31600000000000006
31.4390961426 60.4095031818 0.0257 0.0402 15.2375 "" "" 507968329022721408 2339.52856 0.4238 0.0535 -1.785 -0.034 0.049 0.057 1.001 7136.3 4.1641 16.901243 1.939404 17.863274 15.923869 "" "" 2056.96216 2711.56689 3269.26137 1.3672 977.48 5.8685 3385.4 6.0579 "" "" 0.002792481636831964 0.0070904926 0.004249511 0.011340003 31.4390961426 60.4095031818 2339.52856 -1.7849999999999997 -0.03400000000000018
31.97274154056 60.10027203678 0.029 0.0419 10.3312 "" "" 507198292927653504 2335.3313 0.4442 0.0557 -1.559 -2.695 0.051 0.071 1.024 7981.7 4.0452 16.902666 2.246625 18.084583 15.837958 "" "" 2014.55566 2708.4729 3264.98043 1.5056 797.23 5.0124 3664.2 6.1964 "" "" 0.002800439584979573 0.0073745265 0.004201763 0.011576289 31.97274154056 60.10027203678 2335.3313 -1.5589999999999997 -2.6949999999999994
31.59383719173 60.31719487864 0.0279 0.0447 8.5036 "" "" 507216331790142080 2779.50781 0.3705 0.0571 -0.974 -0.377 0.052 0.068 1.087 9300.6 3.8767 16.903105 1.591574 17.628757 16.037184 "" "" 2252.3811 3404.77051 3263.66067 1.5328 1213.1 5.3989 3049.9 6.7529 "" "" 0.0028021083259745943 0.005579778 0.0044791517 0.01005893 31.59383719173 60.31719487864 2779.50781 -0.974 -0.3770000000000001
31.83271801267 60.25320792147 0.0329 0.0473 0.9394 "" "" 507212105543955712 2530.91675 0.3706 0.0633 -1.073 -0.531 0.056 0.075 1.085 9333.0 4.3461 16.907896 1.790483 17.702415 15.911932 "" "" 2242.94165 2963.99854 3249.28885 1.9951 1133.6 17.695 3422.8 21.96 "" "" 0.002834822269694958 0.017176008 0.007925088 0.025101095 31.83271801267 60.25320792147 2530.91675 -1.073 -0.5310000000000001
32.04100315869 60.32180584002 0.0288 0.0466 6.4997 "" "" 507577555717104512 2387.67651 0.3995 0.0633 -1.381 -1.369 0.052 0.076 1.004 5155.9 3.5783 16.909351 2.421662 18.213615 15.791953 "" "" 2119.2915 2686.1709 3244.9381 1.5724 707.9 6.119 3822.8 6.7917 "" "" 0.002805100120324246 0.009790949 0.00424318 0.014034129 32.04100315869 60.32180584002 2387.67651 -1.381 -1.3689999999999998
31.78015270394 60.38664902798 0.0266 0.0442 7.7866 "" "" 507589306747599744 2764.74585 0.3445 0.059 -0.826 -0.492 0.05 0.07 0.998 9301.4 4.0253 16.914577 1.491211 17.590847 16.099636 "" "" 2427.38062 3340.11694 3229.35409 1.3918 1256.3 6.1048 2879.4 6.1559 "" "" 0.0027947723532435026 0.0059683262 0.004435282 0.010403609 31.78015270394 60.38664902798 2764.74585 -0.826 -0.4919999999999999
31.72777216386 60.2132279206 0.0277 0.0409 4.8798 "" "" 507211727585327872 2522.27173 0.3808 0.0532 -0.589 -0.629 0.048 0.064 0.951 9295.0 3.8636 16.921488 1.598234 17.64671 16.048475 "" "" 2233.38037 2859.81104 3208.86868 1.3813 1193.3 7.7689 3018.3 7.1879 "" "" 0.0027946777379956557 0.007599364 0.0045792065 0.01217857 31.72777216386 60.2132279206 2522.27173 -0.5889999999999999 -0.629
31.95288780098 60.25221585575 0.0277 0.042 2.899 "" "" 507575455471809280 2344.1748 0.4059 0.0555 -0.787 -0.406 0.049 0.066 1.019 "" "" 16.922812 1.721424 17.74084 16.019417 "" "" 2073.80322 2659.36646 3204.95444 1.3975 1094.2 4.7797 3100.2 6.4062 "" "" 0.002795697376613144 0.005502592 0.0043951366 0.009897728 31.95288780098 60.25221585575 2344.1748 -0.787 -0.406
31.58998547535 60.28798072516 0.0267 0.0416 8.1111 "" "" 507215915171868672 2648.98853 0.3789 0.0532 -3.317 0.906 0.046 0.061 0.949 9519.5 4.4917 16.926489 1.849462 17.7759 15.926438 "" "" 2283.82935 3081.04346 3194.12002 1.6167 1059.4 8.4022 3377.4 8.9781 "" "" 0.002809588596979178 0.0090518305 0.0047554043 0.013807235 31.58998547535 60.28798072516 2648.98853 -3.3170000000000006 0.9060000000000001
31.56565359892 60.42140667848 0.027 0.0417 12.8809 "" "" 507592948881634048 2311.57568 0.4209 0.0544 -0.66 -0.318 0.05 0.059 1.045 9254.1 4.0139 16.928244 1.669102 17.716904 16.047802 "" "" 2053.45801 2641.59937 3188.96386 1.3085 1118.6 4.7862 3020.2 4.8477 "" "" 0.002791103780995858 0.0054190867 0.0041618207 0.009580907 31.56565359892 60.42140667848 2311.57568 -0.6600000000000001 -0.31800000000000006
32.10794428547 60.35946720652 0.0284 0.0445 9.432 "" "" 507578036753549184 2229.51099 0.4107 0.0609 -1.235 -0.55 0.052 0.072 0.989 9252.5 4.0469 16.930107 1.829809 17.821749 15.99194 "" "" 1950.53625 2576.42017 3183.49193 1.4068 1015.6 6.0563 3179.7 6.6167 "" "" 0.0027967820189027867 0.007050158 0.0044032144 0.011453372 32.10794428547 60.35946720652 2229.51099 -1.2349999999999999 -0.55
32.35608724065 60.25696195115 0.0282 0.0405 14.8345 "" "" 507572917152446592 2479.37012 0.3823 0.057 -0.211 -1.633 0.048 0.061 0.974 9278.0 4.0274 16.93032 1.739874 17.760736 16.020863 "" "" 2203.93652 2941.52124 3182.86754 1.3784 1074.3 5.5278 3096.1 6.4583 "" "" 0.0027951521931562267 0.0062446487 0.0044060177 0.010650666 32.35608724065 60.25696195115 2479.37012 -0.21099999999999997 -1.633
32.17542506315 60.4181499235 0.0276 0.0446 13.2634 "" "" 507584187146543360 2657.8584 0.349 0.062 -2.421 1.073 0.05 0.068 1.0 9180.1 4.4894 16.93129 1.776302 17.657568 15.881266 "" "" 2315.26733 3055.52075 3180.02662 1.6362 1181.4 21.978 3520.9 35.513 "" "" 0.002811381333815829 0.020390136 0.011584923 0.03197506 32.17542506315 60.4181499235 2657.8584 -2.4209999999999994 1.073
31.8622112113 60.47891744491 0.0276 0.0456 12.9737 "" "" 507591540130527104 2579.55151 0.3828 0.0609 -0.754 -0.437 0.052 0.069 1.053 7602.8 4.3223 16.93204 1.675253 17.726997 16.051744 "" "" 2241.72144 3124.15112 3177.8315 1.5039 1108.2 6.2497 3009.3 6.7226 "" "" 0.002802820380749113 0.006728771 0.0044907276 0.011219499 31.8622112113 60.47891744491 2579.55151 -0.754 -0.43700000000000006
32.20824866097 60.40425978212 0.0287 0.0453 13.4329 "" "" 507583362512830208 2162.92432 0.4402 0.0644 -4.556 -0.129 0.054 0.068 1.018 7949.9 4.376 16.933304 2.054957 17.975183 15.920226 "" "" 1880.48401 2524.86719 3174.1325 1.4271 881.75 6.4356 3396.8 6.9481 "" "" 0.002798228045432783 0.008401285 0.0043835975 0.012784882 32.20824866097 60.40425978212 2162.92432 -4.556 -0.12900000000000034
32.16694151521 60.4521662114 0.0275 0.0455 14.6076 "" "" 507584290225735680 2161.80005 0.4545 0.0636 2.518 -3.247 0.051 0.069 1.02 7981.7 4.4285 16.939077 1.755791 17.780779 16.024988 "" "" 1912.01111 2456.16284 3157.29697 1.3928 1054.6 4.6794 3084.3 6.429 "" "" 0.002796639116633117 0.0055672154 0.0044051697 0.009972385 32.16694151521 60.4521662114 2161.80005 2.5180000000000002 -3.247
32.01584352816 60.09917331305 0.0301 0.043 10.8856 "" "" 507195715947275264 2886.48242 0.3381 0.0592 -0.652 -0.343 0.052 0.071 1.023 9269.1 3.766 16.942787 1.75465 17.778719 16.024069 "" "" 2452.43579 3470.18994 3146.52948 1.413 1056.6 6.594 3087.0 7.8706 "" "" 0.0027981263997604077 0.0073278206 0.004684719 0.012012539 32.01584352816 60.09917331305 2886.48242 -0.6519999999999999 -0.343
31.94881375393 60.51076255716 0.0276 0.0441 15.1263 "" "" 507597312566762496 2540.42285 0.382 0.0615 -1.547 -0.011 0.053 0.073 1.001 9318.2 4.1866 16.947918 1.665251 17.73102 16.06577 "" "" 2228.64819 3051.97607 3131.69593 1.3754 1104.1 5.327 2970.6 5.045 "" "" 0.0027962773227203325 0.005935139 0.004205206 0.0101403445 31.94881375393 60.51076255716 2540.42285 -1.547 -0.010999999999999868
32.18522919203 60.30875574667 0.0292 0.0459 10.1219 "" "" 507576902882077824 2503.33765 0.3739 0.0607 -1.792 -1.035 0.051 0.07 0.98 9246.4 4.1535 16.95037 2.108069 18.03017 15.922101 "" "" 2218.40259 2901.68774 3124.62816 1.4497 838.2 5.8776 3390.9 7.2219 "" "" 0.0028009892254021074 0.008108538 0.0044306736 0.012539212 32.18522919203 60.30875574667 2503.33765 -1.7920000000000003 -1.035
32.04283329861 60.14571529047 0.0286 0.0429 8.9272 "" "" 507195887746135808 2783.66479 0.344 0.0582 -2.08 -1.527 0.052 0.075 0.993 7932.3 3.8664 16.95323 2.616303 18.404392 15.78809 "" "" 2403.85474 3379.72437 3116.41075 1.4317 593.83 6.1459 3836.4 7.8114 "" "" 0.002800104522992475 0.011578153 0.00437846 0.015956612 32.04283329861 60.14571529047 2783.66479 -2.08 -1.5270000000000001
32.36237987773 60.24422001361 0.0293 0.0415 15.0616 "" "" 507572710994022400 2827.78784 0.3186 0.0584 2.683 -1.321 0.05 0.065 0.987 6931.3 4.0293 16.964972 2.335229 18.210436 15.875207 "" "" 2426.40381 3333.66138 3082.89188 1.4533 709.97 5.3943 3540.6 6.6064 "" "" 0.002802454994077635 0.008708429 0.0042881104 0.0129965395 32.36237987773 60.24422001361 2827.78784 2.683 -1.3210000000000002
31.59880797507 60.2619201572 0.0289 0.0436 7.7087 "" "" 507215747674707968 2328.19043 0.4075 0.0582 -1.227 -0.624 0.053 0.069 1.01 9299.0 4.1272 16.966238 1.708143 17.782415 16.074272 "" "" 2087.93066 2696.61572 3079.29929 1.3084 1053.1 4.8276 2947.5 6.9824 "" "" 0.0027936742795205993 0.0057059326 0.004571547 0.01027748 31.59880797507 60.2619201572 2328.19043 -1.2270000000000003 -0.624
32.05465635258 60.05358662786 0.0335 0.0433 13.8549 "" "" 507194990087452544 2340.2793 0.4057 0.0633 -1.457 -1.033 0.06 0.074 1.006 9277.1 4.2738 16.981285 2.002272 17.980612 15.97834 "" "" 2083.29199 2813.09229 3036.91752 1.6607 877.35 5.7232 3219.8 8.8857 "" "" 0.0028185624244970553 0.00761234 0.0048230295 0.012435369 32.05465635258 60.05358662786 2340.2793 -1.4569999999999999 -1.033
31.76709193633 60.05318396022 0.0322 0.0435 12.8594 "" "" 507197223470438400 2500.18188 0.3683 0.0598 -1.643 0.03 0.055 0.071 1.014 "" "" 16.983902 1.82686 17.870358 16.043497 "" "" 2228.948 2968.77466 3029.60285 1.5178 971.12 5.9692 3032.2 7.2804 "" "" 0.002808498359124896 0.0072334986 0.0045912494 0.011824748 31.76709193633 60.05318396022 2500.18188 -1.6429999999999998 0.030000000000000013
31.4148574217 60.26987894667 0.0281 0.0411 13.1887 "" "" 507215232278525952 2490.52783 0.381 0.0559 -1.063 -0.084 0.05 0.058 1.009 9133.1 4.4692 16.991 1.704058 17.804699 16.100641 "" "" 2170.43188 2942.69189 3009.86685 1.2647 1031.7 5.1298 2876.7 6.6617 "" "" 0.0027928331005292848 0.006076892 0.0045393133 0.010616206 31.4148574217 60.26987894667 2490.52783 -1.063 -0.08400000000000002
