Clusters/Riddle_4/Riddle_4_stars_in_region.tsv
# %ECSV 1.0
# ---
# datatype:
# - name: RA_ICRS_1
#   unit: deg
#   datatype: float64
#   format: '{:15.11f}'
#   description: Right ascension (ICRS) at Ep=2016.0 (ra)
#   meta: !!omap
#   - {ucd: POS_EQ_RA_MAIN}
#   - {width: 15}
#   - {precision: '11'}
# - name: DE_ICRS_1
#   unit: deg
#   datatype: float64
#   format: '{:15.11f}'
#   description: Declination (ICRS) at Ep=2016.0 (dec)
#   meta: !!omap
#   - {ucd: POS_EQ_DEC_MAIN}
#   - {width: 15}
#   - {precision: '11'}
# - name: e_RA_ICRS
#   unit: mas
#   datatype: float64
#   format: '{:7.4f}'
#   description: Standard error of right ascension (ra_error)
#   meta: !!omap
#   - {ucd: ERROR}
#   - {width: 7}
#   - {precision: '4'}
# - name: e_DE_ICRS
#   unit: mas
#   datatype: float64
#   format: '{:7.4f}'
#   description: Standard error of declination (dec_error)
#   meta: !!omap
#   - {ucd: ERROR}
#   - {width: 7}
#   - {precision: '4'}
# - name: _r_1
#   unit: ''
#   datatype: float64
#   format: '{:7.4f}'
#   description: Distance from center (031.85781692000+60.26269923000)[ICRS], at Epoch=J2016.0
#   meta: !!omap
#   - {ucd: POS_ANG_DIST_GENERAL}
#   - {width: 7}
#   - {precision: '4'}
# - name: HIP
#   datatype: int32
#   description: '? HIP cross-id number, van Leeuwen, Cat. I/311 (hip_original_ext_source_id)'
#   meta: !!omap
#   - {ucd: ID_NUMBER}
#   - {width: 6}
#   - values: {'null': -2147483648}
# - name: TYC2
#   datatype: string
#   description: Tycho-2 cross-id name, Hog et al., Cat. I/259 (tyc2_original_ext_source_id)
#   meta: !!omap
#   - {ucd: ID_CROSSID}
#   - {_votable_string_dtype: char}
# - name: Source
#   datatype: int64
#   description: Source identifier, identical to the Gaia-EDR3 source_id (id)
#   meta: !!omap
#   - {ucd: ID_MAIN}
#   - {width: 19}
# - name: rgeo
#   unit: pc
#   datatype: float64
#   format: '{:15.8f}'
#   description: '? Median of the geometric distance posterior (r_med_geo)'
#   meta: !!omap
#   - {ucd: PHYS_DISTANCE_TRUE}
#   - {width: 15}
#   - {precision: '8'}
#   - values: {'null': .nan}
# - name: Plx
#   unit: mas
#   datatype: float64
#   format: '{:9.4f}'
#   description: '? Parallax (parallax)'
#   meta: !!omap
#   - {ucd: POS_PARLX_TRIG}
#   - {width: 9}
#   - {precision: '4'}
#   - values: {'null': .nan}
# - name: e_Plx
#   unit: mas
#   datatype: float32
#   format: '{:7.4f}'
#   description: '? Standard error of parallax (parallax_error)'
#   meta: !!omap
#   - {ucd: ERROR}
#   - {width: 7}
#   - {precision: '4'}
#   - values: {'null': .nan}
# - name: pmRA
#   unit: mas / yr
#   datatype: float64
#   format: '{:9.3f}'
#   description: '? Proper motion in right ascension direction, pmRA*cosDE (pmra)'
#   meta: !!omap
#   - {ucd: POS_EQ_PMRA}
#   - {width: 9}
#   - {precision: '3'}
#   - values: {'null': .nan}
# - name: pmDE
#   unit: mas / yr
#   datatype: float64
#   format: '{:9.3f}'
#   description: '? Proper motion in declination direction (pmdec)'
#   meta: !!omap
#   - {ucd: POS_EQ_PMDEC}
#   - {width: 9}
#   - {precision: '3'}
#   - values: {'null': .nan}
# - name: e_pmRA
#   unit: mas / yr
#   datatype: float32
#   format: '{:6.3f}'
#   description: '? Standard error of proper motion in right ascension direction (pmra_error)'
#   meta: !!omap
#   - {ucd: ERROR}
#   - {width: 6}
#   - {precision: '3'}
#   - values: {'null': .nan}
# - name: e_pmDE
[...]
#         value: !astropy.table.SerializedColumn {name: SkyCoord.dec}
#       distance: !astropy.table.SerializedColumn
#         __class__: astropy.coordinates.distances.Distance
#         unit: !astropy.units.Unit {unit: pc}
#         value: !astropy.table.SerializedColumn {name: SkyCoord.distance}
#       frame: icrs
#       obstime: !astropy.time.Time {format: jyear_str, in_subfmt: '*', jd1: 367701545.0, jd2: 0.0, out_subfmt: '*', precision: 3, scale: tt}
#       pm_dec: !astropy.table.SerializedColumn
#         __class__: astropy.units.quantity.Quantity
#         unit: !astropy.units.Unit {unit: mas / yr}
#         value: !astropy.table.SerializedColumn {name: SkyCoord.pm_dec}
#       pm_ra_cosdec: !astropy.table.SerializedColumn
#         __class__: astropy.units.quantity.Quantity
#         unit: !astropy.units.Unit {unit: mas / yr}
#         value: !astropy.table.SerializedColumn {name: SkyCoord.pm_ra_cosdec}
#       ra: !astropy.table.SerializedColumn
#         __class__: astropy.coordinates.angles.Longitude
#         unit: *id001
#         value: !astropy.table.SerializedColumn {name: SkyCoord.ra}
#         wrap_angle: !astropy.coordinates.Angle
#           unit: *id001
#           value: 360.0
#       representation_type: spherical
# schema: astropy-2.0
RA_ICRS_1 DE_ICRS_1 e_RA_ICRS e_DE_ICRS _r_1 HIP TYC2 Source rgeo Plx e_Plx pmRA pmDE e_pmRA e_pmDE RUWE Teff logg Gmag BP-RP BPmag RPmag RV e_RV b_rgeo B_rgeo FG e_FG FBP e_FBP FRP e_FRP RAVE5 RAVE6 e_Gmag e_BPmag e_RPmag e_BP-RP SkyCoord.ra SkyCoord.dec SkyCoord.distance SkyCoord.pm_ra_cosdec SkyCoord.pm_dec rmRA rmDE e_rmRA e_rmDE rRV e_rRV v_pec v_pec3d e_vpec e_vpec3d
31.81829502643 60.25420969442 0.0082 0.0127 1.2819 "" 4033-896-1 507212105542439680 2596.00903 0.3553 0.0158 -0.665 -0.401 0.013 0.02 0.968 "" "" 8.436033 2.09536 9.499405 7.404045 -35.96 0.19 2475.34766 2705.17114 7953046.21081 2168.4 2166000.0 963.94 8660400.0 2613.8 "" "" 0.0027711768107407807 0.0028316989 0.0037935611 0.00662526 31.81829502643 60.25420969442 2596.00903 -0.665 -0.401 0.12404998302459713 0.10885002517700193 0.07531731 0.08231731 -28.21 3.8600001 2.030775865946017 28.28300108930643 0.15929244016887256 3.8500540986483824
31.79316156168 60.24798646241 0.0111 0.0171 2.1175 "" 4033-1936-1 507212277341133056 2362.82617 0.3743 0.0221 -0.926 -0.619 0.019 0.028 0.831 "" "" 8.714097 3.166305 10.604631 7.438327 -38.07 0.22 2201.24731 2478.94727 6156130.26083 4199.6 782640.0 2454.2 8391300.0 12458.0 "" "" 0.0028531352338886395 0.0044018948 0.0041087726 0.008510668 31.79316156168 60.24798646241 2362.82617 -0.9259999999999999 -0.6190000000000002 -0.13695001697540288 -0.10914997482299804 0.08131731 0.09031731 -30.32 3.89 1.9613725493573317 30.383373451237645 0.16657313850887878 3.881901259975803
32.24672767658 60.25130452838 0.03 0.046 11.5967 "" "" 507573295109575552 2178.15356 0.4564 0.0635 2.355 1.262 0.053 0.074 0.977 "" "" 11.988749 6.09598 16.46011 10.36413 "" "" 1965.56165 2465.95264 301610.98575 938.89 3559.4 33.732 566900.0 4875.6 "" "" 0.00436060580272109 0.010660984 0.010073667 0.020734651 32.24672767658 60.25130452838 2178.15356 2.355000000000002 1.262000000000001 3.144049983024597 1.771850025177002 0.115317315 0.13631731 "" "" 37.260391417593304 "" 4.49784442257733 ""
31.89475496237 60.34922559718 0.0063 0.01 5.3064 "" "" 507588306012256768 2433.30469 0.3932 0.0131 -0.718 -0.397 0.011 0.015 1.082 "" "" 12.142244 1.13994 12.622021 11.48208 -53.2 14.44 2353.6814 2512.64502 261847.95145 45.12 122070.0 58.749 202450.0 49.226 "" "" 0.0027616645426156534 0.0028386777 0.0037885911 0.006627269 31.89475496237 60.34922559718 2433.30469 -0.718 -0.39700000000000035 0.0710499830245972 0.11285002517700193 0.07331731 0.07731731 -45.45 18.11 1.5380842906639427 45.47601789168866 0.11720691770849316 18.099639890250913
31.78464243539 60.43837214799 0.0052 0.0088 10.7618 "" "" 507593945312244352 2854.7207 0.3374 0.0116 -0.862 -0.472 0.009 0.014 0.903 "" "" 12.257054 0.978421 12.654271 11.67585 -31.15 24.96 2777.08887 2931.94897 235572.7195 34.439 118500.0 64.364 169360.0 38.833 "" "" 0.0027598883221977358 0.0028518103 0.0037875723 0.006639383 31.78464243539 60.43837214799 2854.7207 -0.8620000000000001 -0.4719999999999999 -0.07295001697540282 0.03785002517700198 0.071317315 0.07631731 -23.4 28.63 1.112072454706845 23.42641041953542 0.08052148895027789 28.597722585262012
31.86679847021 60.26965916074 0.0064 0.0096 0.4958 "" "" 507587382604105088 2384.66333 0.4078 0.0123 -0.909 -0.515 0.011 0.014 1.026 "" "" 12.376297 1.408537 12.994259 11.585722 -65.12 9.51 2325.77173 2458.11475 211070.62213 268.55 86639.0 340.92 184020.0 988.65 "" "" 0.0030822191147026556 0.005102718 0.0069504795 0.012053197 31.86679847021 60.26965916074 2384.66333 -0.909 -0.5150000000000002 -0.11995001697540286 -0.00514997482299806 0.07331731 0.07631731 -57.370000000000005 13.18 1.3570805945680413 57.38604854614189 0.09950514486562599 13.176314604722535
31.70248477584 60.17702367691 0.0052 0.0078 6.9175 "" "" 507210112677634176 2518.23901 0.3822 0.0103 -0.032 -0.592 0.009 0.012 0.938 6734.1 2.7697 12.418769 1.268181 12.968376 11.700195 "" "" 2453.50586 2601.34521 202973.38123 31.311 88729.0 53.871 165610.0 32.287 "" "" 0.0027604060279547192 0.002866982 0.0037853047 0.0066522867 31.70248477584 60.17702367691 2518.23901 -0.031999999999999945 -0.5919999999999999 0.7570499830245971 -0.08214997482299802 0.071317315 0.074317314 "" "" 9.089538705513576 "" 0.6485654443831059 ""
32.00443806378 60.21772244911 0.0055 0.0084 5.1332 "" "" 507574635139395584 2514.104 0.3837 0.0108 -0.739 -0.6 0.009 0.014 0.97 "" "" 12.435743 1.347641 13.030816 11.683175 "" "" 2450.4939 2584.86035 199824.77172 33.298 83770.0 58.511 168220.0 36.573 "" "" 0.0027612537802996088 0.002891393 0.0037867462 0.006678139 32.00443806378 60.21772244911 2514.104 -0.7390000000000001 -0.5999999999999999 0.05004998302459718 -0.09014997482299802 0.071317315 0.07631731 "" "" 1.2287667410916727 "" 0.0923654379067971 ""
31.84243671052 60.25574502288 0.0066 0.0095 0.6194 "" "" 507212032517347968 2550.32544 0.3763 0.0124 -0.882 -0.683 0.011 0.014 1.01 13893.1 3.3512 12.774036 1.223911 13.298668 12.074757 "" "" 2469.47266 2630.31909 146329.5621 33.713 65456.0 47.76 117290.0 73.598 "" "" 0.0027666516397360603 0.0029004554 0.0038402965 0.0067407517 31.84243671052 60.25574502288 2550.32544 -0.8820000000000001 -0.683 -0.09295001697540284 -0.1731499748229981 0.07331731 0.07631731 "" "" 2.375656045075074 "" 0.1797338677499653 ""
31.84925697884 60.25818165293 0.0061 0.0094 0.372 "" "" 507587348242581248 2918.95776 0.3254 0.0122 -0.901 -0.544 0.011 0.014 0.999 15404.8 3.4166 12.781885 1.233898 13.310432 12.076534 "" "" 2834.40698 3011.65308 145275.64406 22.238 64751.0 41.854 117100.0 27.604 "" "" 0.0027603281260624216 0.0028770776 0.0037880382 0.0066651157 31.84925697884 60.25818165293 2918.95776 -0.901 -0.544 -0.11195001697540286 -0.034149974822998086 0.07331731 0.07631731 "" "" 1.6193883633169508 "" 0.1191504988669514 ""
31.83740266454 60.25700102934 0.0083 0.0124 0.6972 "" "" 507212101236824576 2714.34888 0.3466 0.016 -0.775 -0.49 0.014 0.018 1.065 15512.5 3.3618 12.970322 1.207004 13.485265 12.278261 "" "" 2614.47778 2817.90796 122128.82507 20.583 55120.0 32.006 97242.0 31.56 "" "" 0.0027613896517790573 0.0028605082 0.0037957735 0.0066562817 31.83740266454 60.25700102934 2714.34888 -0.775 -0.49000000000000016 0.014049983024597146 0.019850025177001962 0.07631731 0.08031731 "" "" 0.31289169816796203 "" 0.024719926621916653 ""
31.86863160752 60.42062280216 0.0072 0.0121 9.4809 "" "" 507590749856585472 2430.75537 0.3633 0.0158 -2.694 1.693 0.014 0.02 1.341 4860.0 2.1303 13.10649 2.522221 14.489818 11.967597 -103.19 0.37 2347.83887 2521.15674 107733.43807 25.313 21852.0 13.852 129460.0 42.333 "" "" 0.002767104531745576 0.0028738014 0.003796021 0.006669822 31.86863160752 60.42062280216 2430.75537 -2.6940000000000004 1.6930000000000016 -1.9049500169754028 2.202850025177002 0.07631731 0.08231731 -95.44 4.04 33.55466660943457 101.16673984699864 2.6778431930525586 3.9134293516948784
31.49836555793 60.39394910878 0.0055 0.0085 13.2665 "" "" 507217671819928064 2775.66406 0.3265 0.0109 -0.794 -0.428 0.01 0.012 0.955 17310.9 3.7527 13.131072 1.228112 13.654608 12.426496 "" "" 2699.70703 2846.03101 105321.72848 15.999 47160.0 24.54 84832.0 27.596 "" "" 0.0027602520262550306 0.0028467944 0.0037958492 0.0066426434 31.49836555793 60.39394910878 2775.66406 -0.7939999999999999 -0.4279999999999995 -0.004950016975402871 0.08185002517700196 0.07231731 0.074317314 "" "" 1.0788394341874477 "" 0.08016869130841989 ""
31.92948895692 60.05976231759 0.0069 0.0096 12.3628 "" "" 507196643660227840 2537.69165 0.3455 0.0128 -5.289 0.637 0.012 0.016 1.078 "" "" 13.141981 2.848882 14.775195 11.926313 -110.24 0.49 2463.45312 2630.61084 104268.74583 30.88 16801.0 17.341 134470.0 60.723 "" "" 0.0027740193376289304 0.0030068033 0.0038110511 0.0068178545 31.92948895692 60.05976231759 2537.69165 -5.289 0.6370000000000002 -4.4999500169754025 1.146850025177002 0.074317314 0.078317314 -102.49 4.16 55.85860198779389 116.72353454222834 4.1652320247111465 4.161198673461568
31.83377100686 60.25955137885 0.0063 0.0093 0.7402 "" "" 507212105542437888 2699.85767 0.3371 0.0119 -0.792 -0.438 0.01 0.014 0.973 "" "" 13.170822 1.328399 13.74931 12.420912 20.46 7.15 2620.91528 2788.00171 101535.48323 60.787 43221.0 74.449 85269.0 177.97 "" "" 0.0028309533382312154 0.0033589732 0.0044066943 0.0077656675 31.83377100686 60.25955137885 2699.85767 -0.792 -0.438 -0.0029500169754028693 0.07185002517700195 0.07231731 0.07631731 28.21 10.82 0.9202628398296593 28.225006354195415 0.07022595190375766 10.814247281373495
31.693219811 60.19197310178 0.0068 0.01 6.4851 "" "" 507211658865856384 2529.23779 0.3504 0.0131 0.122 0.524 0.012 0.015 1.074 "" "" 13.613272 2.485718 14.966912 12.481195 -37.77 0.81 2457.67896 2605.17603 67552.00051 13.587 14082.0 13.384 80664.0 25.386 "" "" 0.0027639606589280477 0.0029748792 0.0037947968 0.0067696758 31.693219811 60.19197310178 2529.23779 0.122 0.524 0.9110499830245972 1.033850025177002 0.074317314 0.07731731 -30.020000000000003 4.48 16.52015972308685 34.265377238202134 1.255871549996389 3.971369874102189
32.17871758434 60.43550347187 0.0066 0.0106 14.0794 "" "" 507584221506268928 2775.04443 0.3174 0.0147 -0.247 0.062 0.012 0.017 1.011 "" "" 13.701475 2.567891 15.117941 12.55005 -22.58 0.58 2672.00244 2889.46436 62281.17016 12.129 12253.0 12.323 75707.0 26.576 "" "" 0.002763421318982701 0.0029962275 0.0037985512 0.0067947786 32.17871758434 60.43550347187 2775.04443 -0.24699999999999994 0.06199999999999995 0.5420499830245972 0.571850025177002 0.074317314 0.07931732 -14.829999999999998 4.25 10.364177737350499 18.092680292631925 0.7979532532239579 3.5134520896466324
31.69214695798 60.21673924893 0.0071 0.0107 5.6524 "" "" 507212449139833344 2830.58398 0.3062 0.0141 -1.051 -0.22 0.012 0.017 1.021 "" "" 13.731721 2.827644 15.347958 12.520313 -15.44 0.47 2705.27832 2958.96631 60570.09542 14.691 9913.7 12.281 77810.0 32.307 "" "" 0.0027678759986762406 0.00309743 0.0038061724 0.0069036027 31.69214695798 60.21673924893 2830.58398 -1.0509999999999995 -0.2200000000000003 -0.26195001697540277 0.289850025177002 0.074317314 0.07931732 -7.6899999999999995 4.14 5.241740844834157 9.306553985466516 0.4041885633831021 3.4284458910057034
31.89785112289 60.25593352294 0.007 0.0104 1.2588 "" "" 507575631571797504 2756.19507 0.333 0.0138 -0.761 -0.395 0.012 0.016 0.957 11313.3 3.699 13.783911 1.468775 14.44619 12.977415 "" "" 2639.80127 2880.4646 57727.45567 10.594 22748.0 20.872 51073.0 20.555 "" "" 0.002762515268903968 0.0029626773 0.003804559 0.006767236 31.89785112289 60.25593352294 2756.19507 -0.7609999999999999 -0.395 0.028049983024597158 0.11485002517700194 0.074317314 0.078317314 "" "" 1.5445444100659427 "" 0.1206251978476954 ""
31.6421648955 60.43754575198 0.0069 0.0107 12.2894 "" "" 507593395556250752 2432.99316 0.3762 0.0141 -0.982 -0.609 0.013 0.016 0.92 13392.0 3.8116 13.808991 1.217266 14.328689 13.111423 "" "" 2351.02539 2537.95923 56409.26943 12.882 25348.0 20.44 45143.0 20.624 "" "" 0.0027664537997981343 0.0029243063 0.0038117939 0.0067361 31.6421648955 60.43754575198 2432.99316 -0.9819999999999998 -0.6089999999999998 -0.19295001697540282 -0.09914997482299803 0.07531731 0.078317314 "" "" 2.5017687266136086 "" 0.19001881179175112 ""
31.88426021727 60.48835908031 0.0071 0.0118 13.5623 "" "" 507591505770780032 2362.61841 0.3797 0.0157 -0.988 -0.991 0.013 0.018 1.034 "" "" 13.952009 2.190367 15.092436 12.902069 -29.57 0.89 2283.60254 2474.1377 49447.34193 9.739 12544.0 10.458 54743.0 19.989 "" "" 0.002763606046743063 0.0029333269 0.0038001183 0.0067334455 31.88426021727 60.48835908031 2362.61841 -0.988 -0.9910000000000001 -0.19895001697540282 -0.48114997482299804 0.07531731 0.08031731 -21.82 4.56 5.8307684687121455 22.585620667489476 0.4641690883882845 4.407051833852745
32.1993976085 60.35875680805 0.0085 0.0131 11.673 "" "" 507577143400215808 2274.56323 0.3923 0.0182 3.583 -3.821 0.016 0.021 1.178 "" "" 13.998879 2.729655 15.537505 12.80785 -56.87 1.24 2192.32227 2379.54297 47358.21673 13.99 8325.6 12.516 59706.0 30.958 "" "" 0.0027739251053103898 0.0032325124 0.00382108 0.0070535922 32.1993976085 60.35875680805 2274.56323 3.5829999999999997 -3.8210000000000006 4.372049983024597 -3.311149974822998 0.078317314 0.08331731 -49.12 4.91 59.12956679979446 76.87054097592494 4.740769177243636 4.8105880366438605
31.71846366151 60.09565202275 0.0082 0.0121 10.8511 "" "" 507197537013418368 2290.8186 0.3995 0.0155 -0.915 -0.93 0.014 0.019 1.049 "" "" 14.03862 1.314052 14.609701 13.29565 "" "" 2211.7439 2375.42334 45656.07946 13.591 19568.0 22.416 38098.0 32.971 "" "" 0.002774211672799529 0.0030548295 0.0038944345 0.006949264 31.71846366151 60.09565202275 2290.8186 -0.9150000000000003 -0.9299999999999996 -0.12595001697540287 -0.4201499748229981 0.07631731 0.08131731 "" "" 4.762770133727414 "" 0.38538777337997765 ""
31.84383095747 60.26315691903 0.0078 0.0117 0.4171 "" "" 507587416962055424 2634.25098 0.3463 0.0151 -0.816 -0.446 0.014 0.018 1.016 6791.5 2.8545 14.076014 1.308705 14.646998 13.338293 "" "" 2535.58716 2723.1438 44110.42416 8.206 18907.0 15.831 36630.0 15.849 "" "" 0.002762713611381444 0.0029345367 0.0038084663 0.0067430027 31.84383095747 60.26315691903 2634.25098 -0.8159999999999998 -0.44600000000000006 -0.02695001697540278 0.06385002517700195 0.07631731 0.08031731 "" "" 0.8653616071521131 "" 0.06899124185634678 ""
31.91032509753 60.42926769913 0.0076 0.0123 10.1149 "" "" 507590818576053504 2420.36768 0.3801 0.0165 -1.157 -0.923 0.014 0.019 0.997 "" "" 14.144594 1.268741 14.690843 13.422102 "" "" 2336.6416 2517.10083 41410.35115 6.5826 18158.0 10.808 33909.0 11.994 "" "" 0.002760720256159548 0.0028640337 0.0037988434 0.0066628773 31.91032509753 60.42926769913 2420.36768 -1.157 -0.923 -0.36795001697540286 -0.4131499748229981 0.07631731 0.08131731 "" "" 6.347127841718496 "" 0.5023412142861056 ""
31.51469595178 60.12962054183 0.0112 0.0169 12.9792 "" "" 507204610817849600 2499.96387 0.3662 0.0223 -2.512 -0.388 0.02 0.025 1.421 "" "" 14.281265 2.445375 15.594488 13.149113 -61.94 1.53 2365.44897 2638.56299 36512.41801 10.398 7899.9 9.5929 43603.0 17.148 "" "" 0.0027726145438516587 0.0030859795 0.0038034262 0.0068894057 31.51469595178 60.12962054183 2499.96387 -2.5120000000000013 -0.38800000000000023 -1.7229500169754028 0.12185002517700194 0.08231731 0.08731731 -54.19 5.2 20.467656581757783 57.92651436042715 1.6853670730438657 4.900891279427685
32.09579989181 60.44065141217 0.008 0.0127 12.8021 "" "" 507584427664699776 2123.06226 0.4289 0.0178 4.859 1.511 0.015 0.02 1.019 "" "" 14.294475 2.283621 15.502581 13.21896 -3.1 1.12 2047.37146 2201.37012 36070.8886 6.5635 8597.7 8.7574 40886.0 17.448 "" "" 0.0027623939011371815 0.0030013449 0.0038076774 0.0068090223 32.09579989181 60.44065141217 2123.06226 4.858999999999998 1.5110000000000008 5.648049983024597 2.020850025177002 0.07731731 0.08231731 4.65 4.79 60.36672594925713 60.54555393943237 4.70262252216445 4.703142677171457
31.82619709081 60.26057744346 0.0088 0.0137 0.9497 "" "" 507212105542437504 2750.36792 0.3337 0.0176 -0.791 -0.608 0.016 0.021 0.983 "" "" 14.305277 1.289414 14.855353 13.565939 "" "" 2626.91138 2881.44165 35713.78831 7.3454 15605.0 15.681 29702.0 49.185 "" "" 0.002764354493070286 0.002995894 0.0041852426 0.007181137 31.82619709081 60.26057744346 2750.36792 -0.7910000000000001 -0.6080000000000008 -0.0019500169754028684 -0.09814997482299803 0.078317314 0.08331731 "" "" 1.2798086020628874 "" 0.1066277604089443 ""
31.58335901537 60.25577784595 0.0084 0.0127 8.1797 "" "" 507215713314863872 2627.07373 0.3418 0.0167 -0.854 1.061 0.015 0.019 1.026 "" "" 14.324743 2.378581 15.597229 13.218648 -40.29 1.35 2522.88428 2759.11914 35079.18734 7.225 7880.0 10.646 40898.0 12.477 "" "" 0.0027643798159720976 0.003152251 0.003793869 0.00694612 31.58335901537 60.25577784595 2627.07373 -0.8540000000000001 1.0610000000000002 -0.06495001697540281 1.570850025177002 0.07731731 0.08131731 -32.54 5.02 19.57745525114805 37.9753650951601 1.5918556901091363 4.379077044885563
31.37083329318 60.23716167585 0.0084 0.0122 14.5797 "" "" 507214716882457600 2857.84521 0.313 0.0163 -0.371 -0.371 0.015 0.017 1.052 6699.1 2.6536 14.326901 1.475639 14.992164 13.516524 "" "" 2755.97705 2973.72803 35009.55117 6.642 13758.0 14.741 31085.0 13.339 "" "" 0.002763009125502493 0.003022969 0.0038079908 0.0068309596 31.37083329318 60.23716167585 2857.84521 -0.371 -0.3710000000000002 0.41804998302459717 0.13885002517700196 0.07731731 0.07931732 "" "" 5.967169909539199 "" 0.4625650538068486 ""
