Clusters/Riddle_4/Riddle_4_stars_in_region.tsv
# %ECSV 1.0
# ---
# datatype:
# - name: RA_ICRS_1
#   unit: deg
#   datatype: float64
#   format: '{:15.11f}'
#   description: Right ascension (ICRS) at Ep=2016.0 (ra)
#   meta: !!omap
#   - {ucd: POS_EQ_RA_MAIN}
#   - {width: 15}
#   - {precision: '11'}
# - name: DE_ICRS_1
#   unit: deg
#   datatype: float64
#   format: '{:15.11f}'
#   description: Declination (ICRS) at Ep=2016.0 (dec)
#   meta: !!omap
#   - {ucd: POS_EQ_DEC_MAIN}
#   - {width: 15}
#   - {precision: '11'}
# - name: e_RA_ICRS
#   unit: mas
#   datatype: float64
#   format: '{:7.4f}'
#   description: Standard error of right ascension (ra_error)
#   meta: !!omap
#   - {ucd: ERROR}
#   - {width: 7}
#   - {precision: '4'}
# - name: e_DE_ICRS
#   unit: mas
#   datatype: float64
#   format: '{:7.4f}'
#   description: Standard error of declination (dec_error)
#   meta: !!omap
#   - {ucd: ERROR}
#   - {width: 7}
#   - {precision: '4'}
# - name: _r_1
#   unit: ''
#   datatype: float64
#   format: '{:7.4f}'
#   description: Distance from center (031.85781692000+60.26269923000)[ICRS], at Epoch=J2016.0
#   meta: !!omap
#   - {ucd: POS_ANG_DIST_GENERAL}
#   - {width: 7}
#   - {precision: '4'}
# - name: HIP
#   datatype: int32
#   description: '? HIP cross-id number, van Leeuwen, Cat. I/311 (hip_original_ext_source_id)'
#   meta: !!omap
#   - {ucd: ID_NUMBER}
#   - {width: 6}
#   - values: {'null': -2147483648}
# - name: TYC2
#   datatype: string
#   description: Tycho-2 cross-id name, Hog et al., Cat. I/259 (tyc2_original_ext_source_id)
#   meta: !!omap
#   - {ucd: ID_CROSSID}
#   - {_votable_string_dtype: char}
# - name: Source
#   datatype: int64
#   description: Source identifier, identical to the Gaia-EDR3 source_id (id)
#   meta: !!omap
#   - {ucd: ID_MAIN}
#   - {width: 19}
# - name: rgeo
#   unit: pc
#   datatype: float64
#   format: '{:15.8f}'
#   description: '? Median of the geometric distance posterior (r_med_geo)'
#   meta: !!omap
#   - {ucd: PHYS_DISTANCE_TRUE}
#   - {width: 15}
#   - {precision: '8'}
#   - values: {'null': .nan}
# - name: Plx
#   unit: mas
#   datatype: float64
#   format: '{:9.4f}'
#   description: '? Parallax (parallax)'
#   meta: !!omap
#   - {ucd: POS_PARLX_TRIG}
#   - {width: 9}
#   - {precision: '4'}
#   - values: {'null': .nan}
# - name: e_Plx
#   unit: mas
#   datatype: float32
#   format: '{:7.4f}'
#   description: '? Standard error of parallax (parallax_error)'
#   meta: !!omap
#   - {ucd: ERROR}
#   - {width: 7}
#   - {precision: '4'}
#   - values: {'null': .nan}
# - name: pmRA
#   unit: mas / yr
#   datatype: float64
#   format: '{:9.3f}'
#   description: '? Proper motion in right ascension direction, pmRA*cosDE (pmra)'
#   meta: !!omap
#   - {ucd: POS_EQ_PMRA}
#   - {width: 9}
#   - {precision: '3'}
#   - values: {'null': .nan}
# - name: pmDE
#   unit: mas / yr
#   datatype: float64
#   format: '{:9.3f}'
#   description: '? Proper motion in declination direction (pmdec)'
#   meta: !!omap
#   - {ucd: POS_EQ_PMDEC}
#   - {width: 9}
#   - {precision: '3'}
#   - values: {'null': .nan}
# - name: e_pmRA
#   unit: mas / yr
#   datatype: float32
#   format: '{:6.3f}'
#   description: '? Standard error of proper motion in right ascension direction (pmra_error)'
#   meta: !!omap
#   - {ucd: ERROR}
#   - {width: 6}
#   - {precision: '3'}
#   - values: {'null': .nan}
# - name: e_pmDE
[...]
#         value: !astropy.table.SerializedColumn {name: SkyCoord.dec}
#       distance: !astropy.table.SerializedColumn
#         __class__: astropy.coordinates.distances.Distance
#         unit: !astropy.units.Unit {unit: pc}
#         value: !astropy.table.SerializedColumn {name: SkyCoord.distance}
#       frame: icrs
#       obstime: !astropy.time.Time {format: jyear_str, in_subfmt: '*', jd1: 367701545.0, jd2: 0.0, out_subfmt: '*', precision: 3, scale: tt}
#       pm_dec: !astropy.table.SerializedColumn
#         __class__: astropy.units.quantity.Quantity
#         unit: !astropy.units.Unit {unit: mas / yr}
#         value: !astropy.table.SerializedColumn {name: SkyCoord.pm_dec}
#       pm_ra_cosdec: !astropy.table.SerializedColumn
#         __class__: astropy.units.quantity.Quantity
#         unit: !astropy.units.Unit {unit: mas / yr}
#         value: !astropy.table.SerializedColumn {name: SkyCoord.pm_ra_cosdec}
#       ra: !astropy.table.SerializedColumn
#         __class__: astropy.coordinates.angles.Longitude
#         unit: *id001
#         value: !astropy.table.SerializedColumn {name: SkyCoord.ra}
#         wrap_angle: !astropy.coordinates.Angle
#           unit: *id001
#           value: 360.0
#       representation_type: spherical
# schema: astropy-2.0
RA_ICRS_1 DE_ICRS_1 e_RA_ICRS e_DE_ICRS _r_1 HIP TYC2 Source rgeo Plx e_Plx pmRA pmDE e_pmRA e_pmDE RUWE Teff logg Gmag BP-RP BPmag RPmag RV e_RV b_rgeo B_rgeo FG e_FG FBP e_FBP FRP e_FRP RAVE5 RAVE6 e_Gmag e_BPmag e_RPmag e_BP-RP SkyCoord.ra SkyCoord.dec SkyCoord.distance SkyCoord.pm_ra_cosdec SkyCoord.pm_dec rmRA rmDE e_rmRA e_rmDE rRV e_rRV v_pec v_pec3d e_vpec e_vpec3d
[from data line 92]
31.7595054214 60.50567589792 0.0137 0.0222 14.8672 "" "" 507594391988795776 2792.47241 0.3321 0.0293 -0.821 -0.437 0.026 0.033 1.014 9307.4 3.7641 15.553773 1.327669 16.13375 14.806082 "" "" 2583.02271 3054.3396 11309.34413 2.6566 4807.5 7.4814 9478.2 7.7656 "" "" 0.002767098883749774 0.0032618782 0.0038826587 0.007144537 31.7595054214 60.50567589792 2792.47241 -0.8210000000000002 -0.43699999999999994 -0.031950016975402784 0.07285002517700195 0.08831731 0.09531731 "" "" 1.052926502800873 "" 0.09921018599723665 ""
31.7016086099 60.16327057595 0.0152 0.0219 7.5676 "" "" 507210078317900160 2562.62842 0.3625 0.0288 0.004 -0.395 0.029 0.035 1.008 "" "" 15.612759 1.354093 16.207247 14.853154 "" "" 2355.39258 2802.77148 10711.32563 2.4472 4492.8 7.3741 9076.0 8.1995 "" "" 0.0027664637026757204 0.0033106944 0.0039045943 0.0072152885 31.7016086099 60.16327057595 2562.62842 0.003999999999999948 -0.3949999999999998 0.7930499830245972 0.11485002517700194 0.09131731 0.09731731 "" "" 9.733559184278086 "" 0.890080692151245 ""
31.36197274351 60.26754967483 0.0145 0.0218 14.7588 "" "" 507215094839574144 2882.71948 0.3108 0.0285 -3.119 -0.36 0.026 0.03 1.008 "" "" 15.61475 2.63851 17.08114 14.442631 -57.01 4.94 2664.36011 3105.21484 10691.70357 3.4521 2008.9 7.7433 13247.0 9.9745 "" "" 0.002777531423861138 0.005029811 0.0038667899 0.0088966 31.36197274351 60.26754967483 2882.71948 -3.119 -0.36000000000000043 -2.329950016975403 0.14985002517700197 0.08831731 0.09231731 -49.26 8.610001 31.902423796026408 58.68826325647465 2.818073846247643 7.3873788504773925
31.92128251647 60.48035293945 0.0146 0.0233 13.1942 "" "" 507591402691570048 3036.90723 0.3069 0.0328 -2.807 -0.093 0.028 0.036 1.004 9002.6 3.5229 15.649596 1.251433 16.18936 14.937926 "" "" 2745.09692 3414.99536 10354.00258 2.3444 4567.4 7.7179 8394.4 8.001 "" "" 0.0027662655991253934 0.0033393123 0.003918501 0.0072578136 31.92128251647 60.48035293945 3036.90723 -2.8069999999999995 -0.09300000000000039 -2.0179500169754028 0.416850025177002 0.09031731 0.09831731 "" "" 29.66156372599918 "" 2.6890748418659505 ""
31.85251358625 60.40366475165 0.0149 0.0244 8.4594 "" "" 507590715496859776 2441.18018 0.3783 0.0323 1.092 -0.585 0.027 0.037 1.028 4664.4 2.5028 15.656048 2.461604 16.991745 14.530141 "" "" 2285.68726 2625.90015 10292.65712 3.1992 2181.3 7.8291 12221.0 8.4054 "" "" 0.0027759101161254508 0.004792805 0.0038524491 0.008645254 31.85251358625 60.40366475165 2441.18018 1.0920000000000003 -0.585 1.8810499830245972 -0.07514997482299801 0.089317314 0.09931731 "" "" 21.783357679981748 "" 1.9459975303135244 ""
31.86563174015 60.44881198646 0.0158 0.026 11.1692 "" "" 507591093453949440 2580.20532 0.3552 0.0347 0.232 -2.261 0.029 0.04 1.112 "" "" 15.669303 2.516963 17.042604 14.525641 -52.37 5.7 2373.02832 2866.01587 10167.76256 3.6628 2081.5 6.6369 12272.0 9.6957 "" "" 0.002782941921666733 0.0044463156 0.003875507 0.008321823 31.86563174015 60.44881198646 2580.20532 0.23199999999999987 -2.261000000000002 1.0210499830245972 -1.7511499748229982 0.09131731 0.10231731 -44.62 9.37 24.79158771828624 51.044757043142845 2.470269746937693 8.27804821084156
31.81050208796 60.05925710021 0.0179 0.0252 12.288 "" "" 507196815458923008 2659.40674 0.3257 0.0337 -0.203 1.59 0.031 0.04 1.032 6687.3 2.9272 15.68086 3.085414 17.49631 14.410895 20.89 2.76 2453.59766 2904.91431 10060.11381 4.1266 1370.5 6.3111 13640.0 8.4057 "" "" 0.002791081738107438 0.005725625 0.0038381515 0.009563777 31.81050208796 60.05925710021 2659.40674 -0.20299999999999951 1.5900000000000014 0.5860499830245971 2.099850025177002 0.093317315 0.10231731 28.64 6.4300003 27.481409618021647 39.69228482455366 2.7946847104443737 5.026886654645849
31.57570654345 60.30767626242 0.0145 0.0232 8.8135 "" "" 507216159991452928 2813.30127 0.3301 0.0296 -1.114 -0.55 0.027 0.035 0.993 8807.4 3.4492 15.699737 1.472938 16.365927 14.892989 "" "" 2611.03027 3061.3374 9886.72019 2.2614 3881.9 7.2123 8749.1 8.4797 "" "" 0.0027664892808953135 0.0034429978 0.0039231456 0.007366143 31.57570654345 60.30767626242 2813.30127 -1.114 -0.5500000000000002 -0.32495001697540293 -0.04014997482299809 0.089317314 0.09731731 "" "" 4.366175221365716 "" 0.3905234094175201 ""
32.28401057478 60.14014002651 0.0164 0.0224 14.6821 "" "" 507570443253107072 2210.65381 0.4232 0.0321 -3.69 0.125 0.029 0.035 1.012 9039.4 3.4284 15.760392 1.418254 16.392351 14.974097 "" "" 2057.35352 2370.42993 9349.53213 2.1918 3788.6 5.4952 8119.3 7.3008 "" "" 0.0027670514719735067 0.003203917 0.0039034418 0.007107359 32.28401057478 60.14014002651 2210.65381 -3.6899999999999977 0.12500000000000022 -2.900950016975403 0.634850025177002 0.09131731 0.09731731 "" "" 31.11698855466235 "" 2.8503192654222227 ""
31.52889543001 60.33509643345 0.0155 0.024 10.6998 "" "" 507216984625168768 2694.83472 0.3305 0.0308 -1.772 0.055 0.029 0.035 1.057 6907.7 2.8155 15.774708 2.363116 17.03565 14.672534 "" "" 2506.41724 2866.86499 9227.06502 2.9627 2094.9 5.4038 10719.0 8.4215 "" "" 0.002777287005632028 0.0039533204 0.0038744512 0.007827772 31.52889543001 60.33509643345 2694.83472 -1.772 0.054999999999999605 -0.9829500169754029 0.564850025177002 0.09131731 0.09731731 "" "" 14.48117009325101 "" 1.3444747867619635 ""
31.76908193249 60.4093022508 0.0152 0.0243 9.1824 "" "" 507589478546278784 2629.0415 0.3512 0.032 -2.025 -0.194 0.028 0.039 0.958 "" "" 15.776765 1.496474 16.452085 14.955611 "" "" 2412.63257 2875.87378 9209.59965 2.3188 3585.8 6.8058 8258.7 8.9435 "" "" 0.002768847988736158 0.0034686574 0.0039580483 0.0074267057 31.76908193249 60.4093022508 2629.0415 -2.025 -0.194 -1.2359500169754027 0.31585002517700195 0.09031731 0.10131732 "" "" 15.896960315839555 "" 1.4470987314636712 ""
31.62128754696 60.39949080378 0.0154 0.0243 10.8032 "" "" 507592124245937920 2246.802 0.416 0.0315 -2.449 1.986 0.029 0.036 0.99 8971.6 4.1544 15.801737 1.758042 16.645866 14.887824 "" "" 2068.5957 2462.08398 9000.19968 3.5867 2999.6 6.95 8790.8 11.87 "" "" 0.0027890861800971166 0.0037567823 0.0040537645 0.007810547 31.62128754696 60.39949080378 2246.802 -2.449 1.986 -1.6599500169754027 2.4958500251770017 0.09131731 0.09831731 "" "" 31.922358292210635 "" 3.071719309884482 ""
31.57902298451 60.27163049295 0.0155 0.0233 8.3135 "" "" 507215747674598912 2631.70679 0.349 0.0308 -1.848 -0.154 0.027 0.035 0.961 9001.9 3.5358 15.819823 1.576464 16.54397 14.967506 "" "" 2458.896 2813.12817 8851.51419 2.0904 3294.8 7.3577 8168.8 9.9962 "" "" 0.00276722529677265 0.0036964384 0.0040061153 0.0077025536 31.57902298451 60.27163049295 2631.70679 -1.8480000000000008 -0.15399999999999991 -1.058950016975403 0.3558500251770019 0.089317314 0.09731731 "" "" 13.935543048899454 "" 1.2564480786014098 ""
32.19317508545 60.07647882992 0.0171 0.0225 15.0007 "" "" 507569824776046720 2704.28857 0.3355 0.0323 -1.465 -0.792 0.03 0.036 0.995 7996.2 3.0444 15.821918 1.909325 16.753757 14.844433 "" "" 2496.33496 2968.46484 8834.45745 2.4009 2715.9 6.3096 9149.2 9.141 "" "" 0.0027710743526116882 0.0037613166 0.0039319764 0.007693293 32.19317508545 60.07647882992 2704.28857 -1.464999999999999 -0.7919999999999999 -0.6759500169754029 -0.2821499748229981 0.09231731 0.09831731 "" "" 9.389081992239284 "" 0.8753628425318244 ""
31.37180566605 60.19957813279 0.0164 0.0236 14.9654 "" "" 507208738287991680 2572.77197 0.3409 0.0317 -1.89 0.01 0.029 0.032 1.008 "" "" 15.825357 2.573383 17.242582 14.669199 "" "" 2398.48511 2794.43652 8806.50552 2.825 1731.3 7.4815 10752.0 7.9501 "" "" 0.0027772458106795576 0.0054587685 0.0038637049 0.009322474 31.37180566605 60.19957813279 2572.77197 -1.890000000000001 0.009999999999999978 -1.1009500169754027 0.519850025177002 0.09131731 0.09431732 "" "" 14.847482327674555 "" 1.364061115028173 ""
31.88620954846 60.41426264443 0.0177 0.031 9.1328 "" "" 507590676836141824 2523.28809 0.3672 0.0403 -0.439 -1.54 0.033 0.051 1.091 4858.5 2.9985 15.831135 2.260335 16.890392 14.630057 "" "" 2255.49902 2795.09668 8759.77279 3.6149 2394.7 6.6587 11146.0 9.176 "" "" 0.002791512026710074 0.0041108867 0.0038836417 0.007994529 31.88620954846 60.41426264443 2523.28809 -0.4390000000000003 -1.5399999999999996 0.35004998302459717 -1.030149974822998 0.09531731 0.11331731 "" "" 13.012899261674816 "" 1.4520944469354304 ""
32.15885035533 60.38921495945 0.0157 0.0253 11.7294 "" "" 507583293793368064 2820.43091 0.3248 0.034 0.106 -1.72 0.029 0.039 1.016 "" "" 15.847125 1.898143 16.782951 14.884809 "" "" 2601.62012 3089.53101 8631.71009 2.491 2643.8 5.9885 8815.3 8.2043 "" "" 0.0027730785642160636 0.00371931 0.003912135 0.0076314453 32.15885035533 60.38921495945 2820.43091 0.1060000000000002 -1.7199999999999998 0.8950499830245972 -1.210149974822998 0.09131731 0.10131732 "" "" 20.12256145394753 "" 1.9699604143172122 ""
32.0430269253 60.36333003523 0.0165 0.0252 8.1698 "" "" 507577899314465280 2690.8269 0.3379 0.0348 -1.264 -0.365 0.029 0.038 1.003 8941.0 3.513 15.853671 1.587762 16.586412 14.998651 "" "" 2424.39893 2980.4436 8579.82404 2.3581 3168.5 6.0534 7937.8 6.8331 "" "" 0.002771432081285451 0.0034767424 0.0038932338 0.0073699765 32.0430269253 60.36333003523 2690.8269 -1.2639999999999998 -0.3650000000000003 -0.47495001697540284 0.14485002517700196 0.09131731 0.100317314 "" "" 6.333220005240818 "" 0.5833999115245957 ""
31.79807475618 60.30008065811 0.02 0.0304 2.8615 "" "" 507587726199682304 2210.80713 0.424 0.0402 -2.588 -0.598 0.038 0.046 1.25 9267.3 3.5231 15.85514 1.437503 16.474047 15.036544 "" "" 2060.55688 2469.28394 8568.22361 3.8831 3514.0 7.4372 7665.5 9.7517 "" "" 0.0027989115340733887 0.003614611 0.004023867 0.007638478 31.79807475618 60.30008065811 2210.80713 -2.587999999999999 -0.5979999999999998 -1.798950016975403 -0.08814997482299802 0.100317314 0.108317316 "" "" 18.87422193601308 "" 1.8937873169815815 ""
31.71545743473 60.1891295983 0.0167 0.0247 6.1218 "" "" 507211590146380288 2115.52734 0.4397 0.0327 -0.497 -0.258 0.031 0.038 1.048 8997.2 3.4519 15.877523 1.474018 16.542112 15.068094 "" "" 1975.43933 2268.92725 8393.38741 2.2372 3300.4 6.5941 7446.0 8.0394 "" "" 0.00277047634686389 0.0035342288 0.00395701 0.0074912384 31.71545743473 60.1891295983 2115.52734 -0.4969999999999999 -0.2579999999999997 0.29204998302459717 0.25185002517700195 0.093317315 0.100317314 "" "" 3.867087946664211 "" 0.37265176891900886 ""
31.63972548084 60.0688695596 0.0189 0.0273 13.3278 "" "" 507203309449476608 2559.75806 0.3501 0.0349 -2.898 -0.414 0.033 0.044 0.979 "" "" 15.877617 2.629765 17.33805 14.708286 "" "" 2393.90454 2762.33691 8392.66655 3.0898 1585.6 5.2363 10372.0 9.5623 "" "" 0.0027841631789766053 0.004543257 0.003909691 0.008452948 31.63972548084 60.0688695596 2559.75806 -2.8980000000000006 -0.4139999999999998 -2.108950016975403 0.09585002517700197 0.09531731 0.10631731 "" "" 25.61483898736759 "" 2.4421518440086483 ""
31.42857651332 60.39957640605 0.0165 0.0254 15.1644 "" "" 507968397742025344 2230.30298 0.4213 0.034 -1.232 -0.615 0.03 0.034 1.054 "" "" 15.889371 1.397732 16.510757 15.113026 "" "" 2085.33691 2388.78857 8302.30054 2.1189 3397.1 5.9175 7144.1 8.2781 "" "" 0.0027692189773989902 0.003370751 0.003983276 0.0073540267 31.42857651332 60.39957640605 2230.30298 -1.2319999999999995 -0.6150000000000001 -0.4429500169754028 -0.10514997482299804 0.09231731 0.09631731 "" "" 4.812838036658106 "" 0.44535626720797244 ""
32.17140808157 60.46377730623 0.0164 0.0272 15.2356 "" "" 507584668182848128 2584.78979 0.3609 0.0377 -0.001 -1.017 0.03 0.04 1.023 9123.9 3.5293 15.89869 1.303241 16.464348 15.161107 "" "" 2328.64722 2801.79077 8231.34144 2.5625 3545.5 7.6025 6834.6 8.2172 "" "" 0.0027759743976040283 0.0036338873 0.003998466 0.0076323533 32.17140808157 60.46377730623 2584.78979 -0.0009999999999998899 -1.017 0.7880499830245972 -0.507149974822998 0.09231731 0.10231731 "" "" 11.481699872417611 "" 1.0948330937710822 ""
32.02769633835 60.05536186199 0.0259 0.0348 13.4344 "" "" 507195028754035456 2698.88037 0.3246 0.0498 -1.893 0.893 0.044 0.055 1.042 7236.8 3.2517 15.902223 2.837644 17.516714 14.67907 "" "" 2370.34619 3135.39648 8204.60406 3.433 1345.0 5.8236 10654.0 9.8842 "" "" 0.0027925213983828003 0.0054666977 0.003911311 0.009378009 32.02769633835 60.05536186199 2698.88037 -1.8930000000000002 0.8929999999999995 -1.1039500169754028 1.402850025177002 0.10631731 0.11731731 "" "" 22.836636871420055 "" 2.5859470854019038 ""
31.89549001863 60.46685653373 0.0165 0.0272 12.3003 "" "" 507591299612365440 2277.71753 0.4028 0.0365 -4.518 3.106 0.031 0.041 1.012 6092.1 3.195 15.90303 2.239708 17.071335 14.831627 "" "" 2058.11768 2526.1311 8198.5036 2.3768 2027.1 4.7496 9257.8 10.228 "" "" 0.002773240803916692 0.003775799 0.00396517 0.007740969 31.89549001863 60.46685653373 2277.71753 -4.518 3.106 -3.7289500169754026 3.615850025177002 0.093317315 0.10331731 "" "" 56.07827790107214 "" 5.511961953882896 ""
32.11995316493 60.19056718906 0.0179 0.0266 8.9291 "" "" 507571680201904000 2111.16895 0.4377 0.0367 -0.923 -0.734 0.032 0.043 1.03 9284.9 3.6882 15.913667 1.92748 16.863754 14.936275 "" "" 1969.33301 2293.59399 8118.57804 2.3346 2454.2 6.1061 8407.1 6.1677 "" "" 0.0027729531136487435 0.0038835877 0.0038624066 0.0077459943 32.11995316493 60.19056718906 2111.16895 -0.923 -0.734 -0.13395001697540287 -0.22414997482299803 0.09431732 0.10531731 "" "" 2.61305385035455 "" 0.2679352524442791 ""
31.79051447009 60.26337027342 0.0169 0.0253 2.0034 "" "" 507212277341129216 2451.8645 0.3785 0.0329 -0.869 -0.558 0.031 0.039 1.009 7508.4 3.4628 15.914787 1.452311 16.565836 15.113524 "" "" 2275.69751 2705.62378 8110.20604 2.2215 3229.1 7.2706 7140.8 7.7357 "" "" 0.0027713237352712554 0.0037096175 0.0039581745 0.007667792 31.79051447009 60.26337027342 2451.8645 -0.869 -0.558 -0.07995001697540283 -0.0481499748229981 0.093317315 0.10131732 "" "" 1.0846621548324356 "" 0.10359836729131151 ""
31.87041142247 60.07009361052 0.0189 0.0259 11.5625 "" "" 507196884178393600 2386.08862 0.3872 0.0365 -0.796 -0.537 0.033 0.043 1.049 9278.0 3.8207 15.915827 1.44835 16.565638 15.117288 "" "" 2193.58569 2588.40552 8102.44499 2.344 3229.7 8.3545 7116.1 8.9277 "" "" 0.0027731655678156497 0.0039589163 0.0040173563 0.007976273 31.87041142247 60.07009361052 2386.08862 -0.7960000000000003 -0.5370000000000006 -0.006950016975402873 -0.02714997482299808 0.09531731 0.10531731 "" "" 0.3169691233774828 "" 0.033196137913461314 ""
31.99050577861 60.30304636694 0.0215 0.0327 4.6299 "" "" 507576215687321344 2199.54053 0.431 0.0434 1.764 -2.344 0.039 0.052 1.316 6458.7 3.6259 15.94417 2.355573 17.15469 14.799117 "" "" 1988.16003 2496.77686 7893.66664 3.3842 1877.3 7.2109 9539.2 10.333 "" "" 0.0027943624594261385 0.005017716 0.0039581438 0.00897586 31.99050577861 60.30304636694 2199.54053 1.764 -2.3439999999999994 2.5530499830245974 -1.834149974822998 0.10131732 0.11431731 "" "" 32.774530460495725 "" 3.4715462428788086 ""
31.69940202189 60.29898156873 0.0168 0.0261 5.1906 "" "" 507213376852751360 2396.81323 0.3792 0.0335 -0.047 0.669 0.031 0.04 1.005 9498.9 4.2809 15.944209 1.761761 16.790594 15.028833 "" "" 2235.55664 2633.68237 7893.38287 2.1629 2625.3 7.6417 7720.1 8.1936 "" "" 0.002771335412090089 0.0042157876 0.00395115 0.008166937 31.69940202189 60.29898156873 2396.81323 -0.047000000000000125 0.6689999999999996 0.7420499830245971 1.178850025177002 0.093317315 0.10231731 "" "" 15.825222949896226 "" 1.5800806494534965 ""
