Clusters/Riddle_4/Riddle_4_stars_in_region.tsv
# %ECSV 1.0
# ---
# datatype:
# - name: RA_ICRS_1
#   unit: deg
#   datatype: float64
#   format: '{:15.11f}'
#   description: Right ascension (ICRS) at Ep=2016.0 (ra)
#   meta: !!omap
#   - {ucd: POS_EQ_RA_MAIN}
#   - {width: 15}
#   - {precision: '11'}
# - name: DE_ICRS_1
#   unit: deg
#   datatype: float64
#   format: '{:15.11f}'
#   description: Declination (ICRS) at Ep=2016.0 (dec)
#   meta: !!omap
#   - {ucd: POS_EQ_DEC_MAIN}
#   - {width: 15}
#   - {precision: '11'}
# - name: e_RA_ICRS
#   unit: mas
#   datatype: float64
#   format: '{:7.4f}'
#   description: Standard error of right ascension (ra_error)
#   meta: !!omap
#   - {ucd: ERROR}
#   - {width: 7}
#   - {precision: '4'}
# - name: e_DE_ICRS
#   unit: mas
#   datatype: float64
#   format: '{:7.4f}'
#   description: Standard error of declination (dec_error)
#   meta: !!omap
#   - {ucd: ERROR}
#   - {width: 7}
#   - {precision: '4'}
# - name: _r_1
#   unit: ''
#   datatype: float64
#   format: '{:7.4f}'
#   description: Distance from center (031.85781692000+60.26269923000)[ICRS], at Epoch=J2016.0
#   meta: !!omap
#   - {ucd: POS_ANG_DIST_GENERAL}
#   - {width: 7}
#   - {precision: '4'}
# - name: HIP
#   datatype: int32
#   description: '? HIP cross-id number, van Leeuwen, Cat. I/311 (hip_original_ext_source_id)'
#   meta: !!omap
#   - {ucd: ID_NUMBER}
#   - {width: 6}
#   - values: {'null': -2147483648}
# - name: TYC2
#   datatype: string
#   description: Tycho-2 cross-id name, Hog et al., Cat. I/259 (tyc2_original_ext_source_id)
#   meta: !!omap
#   - {ucd: ID_CROSSID}
#   - {_votable_string_dtype: char}
# - name: Source
#   datatype: int64
#   description: Source identifier, identical to the Gaia-EDR3 source_id (id)
#   meta: !!omap
#   - {ucd: ID_MAIN}
#   - {width: 19}
# - name: rgeo
#   unit: pc
#   datatype: float64
#   format: '{:15.8f}'
#   description: '? Median of the geometric distance posterior (r_med_geo)'
#   meta: !!omap
#   - {ucd: PHYS_DISTANCE_TRUE}
#   - {width: 15}
#   - {precision: '8'}
#   - values: {'null': .nan}
# - name: Plx
#   unit: mas
#   datatype: float64
#   format: '{:9.4f}'
#   description: '? Parallax (parallax)'
#   meta: !!omap
#   - {ucd: POS_PARLX_TRIG}
#   - {width: 9}
#   - {precision: '4'}
#   - values: {'null': .nan}
# - name: e_Plx
#   unit: mas
#   datatype: float32
#   format: '{:7.4f}'
#   description: '? Standard error of parallax (parallax_error)'
#   meta: !!omap
#   - {ucd: ERROR}
#   - {width: 7}
#   - {precision: '4'}
#   - values: {'null': .nan}
# - name: pmRA
#   unit: mas / yr
#   datatype: float64
#   format: '{:9.3f}'
#   description: '? Proper motion in right ascension direction, pmRA*cosDE (pmra)'
#   meta: !!omap
#   - {ucd: POS_EQ_PMRA}
#   - {width: 9}
#   - {precision: '3'}
#   - values: {'null': .nan}
# - name: pmDE
#   unit: mas / yr
#   datatype: float64
#   format: '{:9.3f}'
#   description: '? Proper motion in declination direction (pmdec)'
#   meta: !!omap
#   - {ucd: POS_EQ_PMDEC}
#   - {width: 9}
#   - {precision: '3'}
#   - values: {'null': .nan}
# - name: e_pmRA
#   unit: mas / yr
#   datatype: float32
#   format: '{:6.3f}'
#   description: '? Standard error of proper motion in right ascension direction (pmra_error)'
#   meta: !!omap
#   - {ucd: ERROR}
#   - {width: 6}
#   - {precision: '3'}
#   - values: {'null': .nan}
# - name: e_pmDE
[...]
#         unit: &id001 !astropy.units.Unit {unit: deg}
#         value: !astropy.table.SerializedColumn {name: SkyCoord.dec}
#       distance: !astropy.table.SerializedColumn
#         __class__: astropy.coordinates.distances.Distance
#         unit: !astropy.units.Unit {unit: pc}
#         value: !astropy.table.SerializedColumn {name: SkyCoord.distance}
#       frame: icrs
#       obstime: !astropy.time.Time {format: jyear_str, in_subfmt: '*', jd1: 367701545.0, jd2: 0.0, out_subfmt: '*', precision: 3, scale: tt}
#       pm_dec: !astropy.table.SerializedColumn
#         __class__: astropy.units.quantity.Quantity
#         unit: !astropy.units.Unit {unit: mas / yr}
#         value: !astropy.table.SerializedColumn {name: SkyCoord.pm_dec}
#       pm_ra_cosdec: !astropy.table.SerializedColumn
#         __class__: astropy.units.quantity.Quantity
#         unit: !astropy.units.Unit {unit: mas / yr}
#         value: !astropy.table.SerializedColumn {name: SkyCoord.pm_ra_cosdec}
#       ra: !astropy.table.SerializedColumn
#         __class__: astropy.coordinates.angles.Longitude
#         unit: *id001
#         value: !astropy.table.SerializedColumn {name: SkyCoord.ra}
#         wrap_angle: !astropy.coordinates.Angle
#           unit: *id001
#           value: 360.0
#       representation_type: spherical
# schema: astropy-2.0
RA_ICRS_1 DE_ICRS_1 e_RA_ICRS e_DE_ICRS _r_1 HIP TYC2 Source rgeo Plx e_Plx pmRA pmDE e_pmRA e_pmDE RUWE Teff logg Gmag BP-RP BPmag RPmag RV e_RV b_rgeo B_rgeo FG e_FG FBP e_FBP FRP e_FRP RAVE5 RAVE6 e_Gmag e_BPmag e_RPmag e_BP-RP SkyCoord.ra SkyCoord.dec SkyCoord.distance SkyCoord.pm_ra_cosdec SkyCoord.pm_dec
[from data line 204]
32.22161420673 60.20300110607 0.024 0.0344 11.4136 "" "" 507571577122680448 2547.74463 0.3605 0.048 -0.137 -1.795 0.045 0.053 0.966 8585.1 3.7197 16.573078 2.017986 17.59021 15.572224 "" "" 2287.72607 2914.12573 4422.98246 1.6887 1257.0 6.5358 4680.2 6.0804 "" "" 0.0027863289412079495 0.0062971874 0.0040340316 0.010331219 32.22161420673 60.20300110607 2547.74463 -0.137 -1.7950000000000004
32.0692903454 60.29617043049 0.0245 0.0369 6.6033 "" "" 507576696723659520 2473.33569 0.3831 0.0492 -0.804 -0.46 0.043 0.058 1.012 9248.4 3.824 16.580624 1.476273 17.24515 15.768877 "" "" 2211.06128 2795.0415 4392.35743 1.6374 1727.3 6.8251 3904.9 6.9138 "" "" 0.002784889203377696 0.0051176017 0.004240181 0.009357782 32.0692903454 60.29617043049 2473.33569 -0.804 -0.45999999999999996
32.21649716567 60.08812622624 0.0255 0.0347 14.9757 "" "" 507569859128927488 2303.21045 0.4051 0.0497 -1.175 -0.565 0.044 0.056 1.171 9513.4 3.9735 16.583073 1.637164 17.2937 15.656535 "" "" 2086.77441 2545.48828 4382.45642 2.1598 1651.7 9.4827 4330.6 18.839 "" "" 0.002806795688897324 0.0068293745 0.0060491418 0.012878517 32.21649716567 60.08812622624 2303.21045 -1.1749999999999998 -0.565
32.12226714616 60.44974179795 0.0233 0.0386 13.6943 "" "" 507584462024430848 2789.59302 0.3349 0.0526 -2.682 -1.618 0.045 0.061 1.048 5149.9 3.4929 16.585041 2.189697 17.720636 15.530939 "" "" 2484.94067 3276.14258 4374.51643 1.6125 1114.7 4.8955 4861.6 5.8178 "" "" 0.002784234524148707 0.005524646 0.0039964817 0.009521128 32.12226714616 60.44974179795 2789.59302 -2.6819999999999995 -1.618
32.13146626039 60.37469342069 0.0229 0.0367 10.5477 "" "" 507578139832621568 2896.35498 0.3119 0.0494 -0.985 -0.656 0.042 0.056 0.995 9116.1 4.2555 16.594309 1.855108 17.49901 15.643902 "" "" 2559.08569 3459.61084 4337.33749 1.613 1367.1 6.3336 4381.2 8.5502 "" "" 0.00278474786655983 0.0057521057 0.004332829 0.0100849345 32.13146626039 60.37469342069 2896.35498 -0.9850000000000001 -0.6560000000000001
31.48106641703 60.12792272444 0.0242 0.0349 13.8432 "" "" 507204645177586048 2648.99707 0.3576 0.0489 -1.279 -0.59 0.044 0.053 1.015 9058.8 3.605 16.603554 1.549141 17.304855 15.755714 "" "" 2329.05298 3171.7583 4300.56344 1.6174 1634.8 5.768 3952.5 8.1626 "" "" 0.0027854132015823984 0.004739174 0.004394467 0.009133641 31.48106641703 60.12792272444 2648.99707 -1.279 -0.5900000000000001
31.56741503541 60.32661044904 0.0228 0.0346 9.4476 "" "" 507216159991448576 2473.14966 0.3793 0.045 -0.861 -0.889 0.041 0.051 1.036 8998.5 3.6737 16.60965 1.578748 17.337343 15.758595 "" "" 2210.70557 2790.04443 4276.48102 1.4871 1586.6 6.9587 3942.0 5.1695 "" "" 0.0027810673631967885 0.0055191694 0.0040386883 0.009557858 31.56741503541 60.32661044904 2473.14966 -0.8609999999999999 -0.8889999999999998
32.12493577548 60.17579518346 0.024 0.0365 9.5161 "" "" 507571302244785408 2694.67676 0.3649 0.0499 -0.9 -0.83 0.044 0.059 0.986 9232.2 3.4892 16.612684 2.025619 17.607746 15.582128 "" "" 2348.17407 3102.56104 4264.55213 1.8287 1236.9 6.6542 4637.7 6.1194 "" "" 0.002794378849882481 0.0064731813 0.004041797 0.010514978 32.12493577548 60.17579518346 2694.67676 -0.9 -0.8299999999999997
31.98341934716 60.29134169431 0.0239 0.0358 4.1127 "" "" 507575906449681536 2341.33081 0.4066 0.0482 -2.045 -0.686 0.043 0.056 0.99 8208.1 4.0941 16.616234 1.959324 17.588825 15.629501 "" "" 2107.64233 2584.89404 4250.63227 1.6368 1258.6 7.1821 4439.7 6.7732 "" "" 0.002786859509653985 0.0067949486 0.0041264244 0.010921373 31.98341934716 60.29134169431 2341.33081 -2.045 -0.6859999999999999
32.22352375145 60.23018131201 0.0247 0.036 11.0628 "" "" 507573157670635776 2804.43652 0.3329 0.0518 -0.798 -1.065 0.042 0.055 1.0 8583.7 4.0958 16.618408 2.067647 17.664537 15.59689 "" "" 2472.39624 3212.55103 4242.12848 1.6299 1173.8 5.4549 4575.1 6.8726 "" "" 0.0027867204523540174 0.0057657277 0.004116282 0.00988201 32.22352375145 60.23018131201 2804.43652 -0.798 -1.065
31.53992131044 60.42409221604 0.0227 0.0345 13.5219 "" "" 507593120678348032 2797.69409 0.3478 0.0463 -1.017 -0.386 0.042 0.048 1.014 9259.7 3.8537 16.620958 1.527538 17.318598 15.791059 "" "" 2449.72461 3366.35376 4232.16975 1.4351 1614.3 6.2671 3825.9 8.7005 "" "" 0.0027798085219667068 0.0050549004 0.0045144297 0.00956933 31.53992131044 60.42409221604 2797.69409 -1.0170000000000001 -0.3860000000000001
31.61464070484 60.17445158101 0.0247 0.0367 8.9752 "" "" 507210834232142464 2149.92822 0.4478 0.0498 -1.791 -3.466 0.045 0.058 1.007 7665.8 4.2103 16.624092 1.929733 17.581408 15.651674 "" "" 1968.5387 2353.88184 4219.97498 1.5936 1267.2 6.2693 4350.0 7.5695 "" "" 0.002785659178741078 0.0060529667 0.004225305 0.0102782715 31.61464070484 60.17445158101 2149.92822 -1.7909999999999997 -3.4659999999999993
31.99344129499 60.40885691524 0.0232 0.0371 9.65 "" "" 507590165741034752 3122.81323 0.3015 0.049 0.355 -0.479 0.042 0.055 1.019 8964.6 3.4793 16.624184 1.556984 17.33941 15.782427 "" "" 2752.73535 3792.20483 4219.6189 1.5447 1583.6 6.0406 3856.4 6.4211 "" "" 0.0027838400029378783 0.0049937125 0.0041894973 0.009183209 31.99344129499 60.40885691524 3122.81323 0.355 -0.479
32.007925141 60.04232222238 0.027 0.0354 13.9617 "" "" 507194925673315072 2747.31177 0.3417 0.0505 0.35 -0.964 0.047 0.059 0.997 "" "" 16.649288 1.820708 17.53369 15.712981 "" "" 2424.24292 3206.79761 4123.17038 1.7785 1324.2 6.4517 4111.2 6.867 "" "" 0.0027948376076035353 0.0059806155 0.004191967 0.010172583 32.007925141 60.04232222238 2747.31177 0.3500000000000001 -0.964
31.85904124426 60.27082172224 0.2574 0.3955 0.4887 "" "" 507587382604105472 2562.89185 0.7651 0.5032 1.208 -3.071 0.448 0.563 9.304 "" "" 16.650593 1.829034 17.42221 15.593177 "" "" 1622.50378 3568.40674 4118.22152 14.486 1467.3 6.3937 4590.8 6.5079 "" "" 0.004709294183628649 0.0054925303 0.0040807677 0.009573298 31.85904124426 60.27082172224 2562.89185 1.2079999999999997 -3.0710000000000006
32.15020732729 60.27370630973 0.0248 0.0387 8.7255 "" "" 507576387486021120 2353.68945 0.4028 0.053 -1.091 -3.581 0.044 0.062 1.035 8595.6 4.2054 16.652393 2.052172 17.691515 15.639343 "" "" 2070.4668 2702.97192 4111.39516 1.718 1145.0 5.8144 4399.7 8.5989 "" "" 0.002792422447529726 0.006179257 0.004334349 0.010513606 32.15020732729 60.27370630973 2353.68945 -1.0910000000000002 -3.581
31.74438252655 60.44833580589 0.026 0.0418 11.6358 "" "" 507592536562966912 2214.16919 0.4189 0.0573 0.993 0.351 0.048 0.064 0.991 8260.8 4.2027 16.653599 1.779023 17.511026 15.732003 "" "" 1948.34729 2502.10864 4106.83154 1.644 1352.1 7.1131 4039.8 7.1869 "" "" 0.002789389221975946 0.0063568796 0.0042443625 0.010601242 31.74438252655 60.44833580589 2214.16919 0.993 0.3509999999999998
31.81660410051 60.41864556435 0.0239 0.0397 9.4365 "" "" 507590921655281152 2787.21265 0.3462 0.0535 -0.995 0.721 0.044 0.063 0.996 8576.5 4.2254 16.658007 1.720637 17.475428 15.75479 "" "" 2458.67505 3251.20972 4090.19493 1.7537 1397.2 6.3075 3955.9 6.6402 "" "" 0.002794368538331325 0.005639955 0.0041958457 0.0098358 31.81660410051 60.41864556435 2787.21265 -0.995 0.7210000000000001
31.78206241503 60.42804227899 0.0244 0.0392 10.1723 "" "" 507589512906003328 3119.53125 0.3004 0.0531 -0.548 -0.543 0.045 0.061 1.032 9257.9 3.525 16.66015 1.569697 17.378971 15.809274 "" "" 2620.98853 3613.37915 4082.1277 1.6066 1527.0 6.4044 3762.3 5.5808 "" "" 0.0027882584683053793 0.005340521 0.0041082255 0.009448746 31.78206241503 60.42804227899 3119.53125 -0.548 -0.5430000000000001
31.69466136567 60.13127846704 0.0262 0.0374 9.2655 "" "" 507209734720525824 2358.92749 0.3999 0.0501 -0.916 -1.12 0.049 0.06 1.016 9321.2 4.0106 16.661928 1.515396 17.35232 15.836924 "" "" 2113.93237 2648.54224 4075.45146 1.604 1564.9 8.5193 3667.7 6.3036 "" "" 0.0027882595906096206 0.0065361965 0.00421495 0.010751147 31.69466136567 60.13127846704 2358.92749 -0.916 -1.12
32.3583411025 60.29865376625 0.024 0.0353 15.0436 "" "" 507578930106639616 2540.5166 0.3733 0.0503 0.036 -1.401 0.043 0.054 0.979 9235.8 3.5237 16.67332 1.658764 17.449873 15.791109 "" "" 2243.5459 2884.97412 4032.90781 1.5225 1430.4 5.2939 3825.7 6.1418 "" "" 0.0027856410618699594 0.0048920135 0.0041619632 0.009053977 32.3583411025 60.29865376625 2540.5166 0.03599999999999992 -1.401
31.93985439073 60.01879262528 0.0282 0.0374 14.8382 "" "" 507193546978395392 2736.42358 0.3311 0.0524 -0.382 -0.623 0.046 0.065 1.001 7942.0 3.8308 16.683283 2.698322 18.197014 15.498692 "" "" 2388.39648 3298.26611 3996.07502 2.0387 718.81 5.2365 5008.2 7.6601 "" "" 0.002810447029324266 0.008387245 0.0041281315 0.012515377 31.93985439073 60.01879262528 2736.42358 -0.382 -0.623
31.73133470592 60.48823682372 0.0246 0.0397 14.0426 "" "" 507594323269334528 2214.22949 0.4361 0.0519 -0.962 -0.778 0.046 0.06 1.031 9027.3 3.6297 16.684797 2.010564 17.708979 15.698415 "" "" 1981.2843 2473.40479 3990.50514 3.3733 1126.7 10.918 4166.7 21.766 "" "" 0.002904162407151753 0.01088474 0.006815536 0.017700277 31.73133470592 60.48823682372 2214.22949 -0.962 -0.7779999999999999
31.61883509723 60.24495271084 0.0263 0.0423 7.1936 "" "" 507212689657998080 2238.75854 0.4281 0.054 -0.99 -0.046 0.048 0.07 1.055 9230.5 3.5741 16.72189 1.737715 17.548664 15.810949 "" "" 1998.48523 2453.03931 3856.47924 1.4584 1306.0 6.1187 3756.5 7.4766 "" "" 0.0027857449232091716 0.005801729 0.004353555 0.010155284 31.61883509723 60.24495271084 2238.75854 -0.9900000000000002 -0.04600000000000003
31.66673170798 60.30847211377 0.0247 0.0389 6.3118 "" "" 507213342493012224 2115.2356 0.455 0.0504 0.643 -2.947 0.045 0.06 0.982 8356.4 4.2985 16.740692 1.926783 17.693773 15.766991 "" "" 1909.02356 2342.51099 3790.27015 1.6186 1142.6 5.8629 3911.7 5.6648 "" "" 0.00279405871259313 0.0062307655 0.0040934025 0.010324168 31.66673170798 60.30847211377 2115.2356 0.6429999999999999 -2.9469999999999996
31.65815669468 60.1722683682 0.0265 0.0396 8.0528 "" "" 507210147037374848 2358.5271 0.4031 0.0521 -2.465 0.571 0.049 0.061 1.006 7980.6 3.9139 16.74249 2.273501 17.931686 15.658185 "" "" 2117.39624 2606.23901 3783.99705 1.6017 917.79 7.3727 4324.0 11.22 "" "" 0.0027933844909817118 0.009157257 0.0047138995 0.013871157 31.65815669468 60.1722683682 2358.5271 -2.4649999999999994 0.571
31.42049554351 60.181203846 0.026 0.0371 13.9187 "" "" 507207909352763520 2882.53491 0.3265 0.0508 -0.815 -0.405 0.049 0.052 1.009 9252.9 3.9443 16.750366 1.637008 17.512028 15.87502 "" "" 2536.073 3262.09448 3756.64375 1.5401 1350.8 6.2704 3541.2 6.4913 "" "" 0.002791042397487446 0.0057607642 0.0042713913 0.010032156 31.42049554351 60.181203846 2882.53491 -0.815 -0.4049999999999999
32.12377147172 60.31962245622 0.0263 0.0417 8.6143 "" "" 507576799802857728 2867.80713 0.31 0.0559 -1.074 -1.115 0.049 0.064 0.992 "" "" 16.753273 2.943005 18.460764 15.517759 "" "" 2505.62207 3302.69482 3746.60098 1.6895 563.78 5.7128 4921.0 6.8664 "" "" 0.0027984820125075455 0.011350092 0.0040717097 0.015421801 32.12377147172 60.31962245622 2867.80713 -1.074 -1.115
31.95913030397 60.48707530066 0.0248 0.0409 13.7938 "" "" 507591368331823872 2455.72437 0.3761 0.0548 -0.773 -0.567 0.046 0.061 1.0 7267.2 4.4976 16.761814 1.717218 17.575144 15.857925 "" "" 2139.36328 2775.20996 3717.24527 1.5621 1274.6 5.572 3597.4 5.8872 "" "" 0.0027928412300983647 0.0055057304 0.0041762223 0.009681953 31.95913030397 60.48707530066 2455.72437 -0.773 -0.567
31.92321416084 60.06396480599 0.0387 0.0559 12.0828 "" "" 507196643660226560 2711.29443 0.3398 0.0793 1.715 -0.997 0.066 0.088 1.158 "" "" 16.801758 "" "" "" "" "" 2208.62378 3404.05908 3582.97578 4.2017 "" "" "" "" "" "" 0.003035274908863647 "" "" "" 31.92321416084 60.06396480599 2711.29443 1.7149999999999994 -0.9969999999999999
31.5951815764 60.41388992189 0.025 0.0385 11.9626 "" "" 507592875860270080 2832.77881 0.344 0.05 0.24 -0.444 0.047 0.056 0.995 9248.9 3.7739 16.818167 1.745181 17.645254 15.900073 "" "" 2526.27295 3211.43384 3529.23341 1.4583 1194.9 6.519 3460.4 6.3018 "" "" 0.0027916053793785385 0.006547683 0.0042653563 0.010813039 31.5951815764 60.41388992189 2832.77881 0.24 -0.44400000000000006
32.19745883663 60.35707206809 0.0277 0.0436 11.5734 "" "" 507577143400217600 2369.4165 0.4142 0.0588 2.64 -2.677 0.052 0.068 1.013 7877.3 4.2689 16.82229 2.063055 17.867914 15.804859 "" "" 2093.64502 2704.24072 3515.85479 1.501 973.31 7.1025 3777.6 5.7747 "" "" 0.002794037534170964 0.008399848 0.0041277637 0.012527611 32.19745883663 60.35707206809 2369.4165 2.64 -2.6769999999999996
31.57995665589 60.23032291903 0.0317 0.0489 8.4986 "" "" 507211276607156864 3128.31738 0.3133 0.0636 -0.777 -1.51 0.056 0.074 1.322 "" "" 16.822292 1.777717 17.604809 15.827092 "" "" 2526.34619 3947.88257 3515.84787 2.161 1240.2 6.6714 3701.0 10.064 "" "" 0.0028349842740530485 0.006472744 0.0047958754 0.011268619 31.57995665589 60.23032291903 3128.31738 -0.7770000000000001 -1.5099999999999998
31.64373343032 60.17382566908 0.0277 0.0414 8.315 "" "" 507210799872403584 2719.26611 0.3338 0.0567 -2.359 -1.307 0.05 0.065 1.004 7036.6 4.0467 16.83207 2.397496 18.11305 15.715554 "" "" 2408.11304 3191.91968 3484.3251 1.7521 776.6 6.8901 4101.4 7.1098 "" "" 0.0028088906727251764 0.010028751 0.0042221015 0.014250852 31.64373343032 60.17382566908 2719.26611 -2.359 -1.307
31.8595003404 60.29011069958 0.0263 0.0394 1.6455 "" "" 507587554400992384 2747.13525 0.3438 0.0511 -1.223 -0.555 0.046 0.06 0.999 9337.2 4.1571 16.833057 1.644033 17.596676 15.952643 "" "" 2400.11865 3212.92358 3481.1601 1.4878 1249.5 6.4176 3296.9 7.0885 "" "" 0.002794120979667402 0.006235564 0.0044421945 0.010677759 31.8595003404 60.29011069958 2747.13525 -1.2229999999999999 -0.5549999999999999
31.82280404453 60.35043119622 0.0412 0.0843 5.3658 "" "" 507588993208870528 3070.77222 0.3148 0.091 -1.062 -0.147 0.076 0.112 1.437 "" "" 16.833979 1.818612 17.053581 15.234969 "" "" 2508.37695 3957.83228 3478.20505 4.061 2060.6 17.413 6385.1 16.263 "" "" 0.0030329434875334712 0.009589835 0.0046830694 0.014272904 31.82280404453 60.35043119622 3070.77222 -1.062 -0.14700000000000002
31.61347349721 60.1071021088 0.0277 0.0418 11.8445 "" "" 507209494202368896 3161.45068 0.3102 0.0525 -0.351 -1.106 0.049 0.065 0.997 9306.5 4.1575 16.834206 1.601778 17.579887 15.978109 "" "" 2736.02002 3745.25049 3477.48016 1.4862 1269.0 7.072 3220.4 6.3853 "" "" 0.0027941195642092512 0.006663025 0.004349495 0.01101252 31.61347349721 60.1071021088 3161.45068 -0.3510000000000001 -1.106
31.91786551141 60.09128764104 0.0287 0.042 10.4396 "" "" 507198224208180736 2180.71509 0.4608 0.0568 1.291 -3.042 0.049 0.067 0.968 8360.6 4.1827 16.834713 2.066893 17.88185 15.814957 "" "" 1888.32471 2473.62939 3475.85725 1.6115 960.9 5.2562 3742.6 6.7103 "" "" 0.0028009243131081117 0.0065618237 0.004251266 0.010813089 31.91786551141 60.09128764104 2180.71509 1.291 -3.041999999999999
31.81998296684 60.27297149856 0.0271 0.0417 1.2835 "" "" 507587623122274176 2428.56689 0.3908 0.053 -0.688 -0.307 0.046 0.066 1.008 "" "" 16.84711 1.65855 17.62167 15.963119 "" "" 2112.57837 2788.01587 3436.39176 1.4476 1221.1 5.974 3265.2 6.0661 "" "" 0.002793023300976298 0.005999985 0.004283965 0.010283951 31.81998296684 60.27297149856 2428.56689 -0.6880000000000001 -0.30699999999999994
31.63153837999 60.09274942933 0.0299 0.045 12.2297 "" "" 507209386817861504 2645.68066 0.3459 0.0608 -1.034 -0.717 0.053 0.075 1.044 9270.1 4.1404 16.847298 1.655741 17.626318 15.970577 "" "" 2245.47681 3157.16235 3435.79683 1.5826 1215.9 4.8701 3242.9 4.9769 "" "" 0.002800339664406318 0.0051668813 0.004130404 0.009297285 31.63153837999 60.09274942933 2645.68066 -1.0340000000000003 -0.7170000000000001
