Clusters/NGC_6913/NGC_6913_stars_in_region.tsv
# %ECSV 1.0
# ---
# datatype:
# - name: RA_ICRS_1
#   unit: deg
#   datatype: float64
#   format: '{:15.11f}'
#   description: Right ascension (ICRS) at Ep=2016.0 (ra)
#   meta: !!omap
#   - {ucd: POS_EQ_RA_MAIN}
#   - {width: 15}
#   - {precision: '11'}
# - name: DE_ICRS_1
#   unit: deg
#   datatype: float64
#   format: '{:15.11f}'
#   description: Declination (ICRS) at Ep=2016.0 (dec)
#   meta: !!omap
#   - {ucd: POS_EQ_DEC_MAIN}
#   - {width: 15}
#   - {precision: '11'}
# - name: e_RA_ICRS
#   unit: mas
#   datatype: float64
#   format: '{:7.4f}'
#   description: Standard error of right ascension (ra_error)
#   meta: !!omap
#   - {ucd: ERROR}
#   - {width: 7}
#   - {precision: '4'}
# - name: e_DE_ICRS
#   unit: mas
#   datatype: float64
#   format: '{:7.4f}'
#   description: Standard error of declination (dec_error)
#   meta: !!omap
#   - {ucd: ERROR}
#   - {width: 7}
#   - {precision: '4'}
# - name: _r_1
#   unit: ''
#   datatype: float64
#   format: '{:7.4f}'
#   description: Distance from center (305.91180731000+38.48390596000)[ICRS], at Epoch=J2016.0
#   meta: !!omap
#   - {ucd: POS_ANG_DIST_GENERAL}
#   - {width: 7}
#   - {precision: '4'}
# - name: HIP
#   datatype: int32
#   description: '? HIP cross-id number, van Leeuwen, Cat. I/311 (hip_original_ext_source_id)'
#   meta: !!omap
#   - {ucd: ID_NUMBER}
#   - {width: 6}
#   - values: {'null': -2147483648}
# - name: TYC2
#   datatype: string
#   description: Tycho-2 cross-id name, Hog et al., Cat. I/259 (tyc2_original_ext_source_id)
#   meta: !!omap
#   - {ucd: ID_CROSSID}
#   - {_votable_string_dtype: char}
# - name: Source
#   datatype: int64
#   description: Source identifier, identical to the Gaia-EDR3 source_id (id)
#   meta: !!omap
#   - {ucd: ID_MAIN}
#   - {width: 19}
# - name: rgeo
#   unit: pc
#   datatype: float64
#   format: '{:15.8f}'
#   description: '? Median of the geometric distance posterior (r_med_geo)'
#   meta: !!omap
#   - {ucd: PHYS_DISTANCE_TRUE}
#   - {width: 15}
#   - {precision: '8'}
#   - values: {'null': .nan}
# - name: Plx
#   unit: mas
#   datatype: float64
#   format: '{:9.4f}'
#   description: '? Parallax (parallax)'
#   meta: !!omap
#   - {ucd: POS_PARLX_TRIG}
#   - {width: 9}
#   - {precision: '4'}
#   - values: {'null': .nan}
# - name: e_Plx
#   unit: mas
#   datatype: float32
#   format: '{:7.4f}'
#   description: '? Standard error of parallax (parallax_error)'
#   meta: !!omap
#   - {ucd: ERROR}
#   - {width: 7}
#   - {precision: '4'}
#   - values: {'null': .nan}
# - name: pmRA
#   unit: mas / yr
#   datatype: float64
#   format: '{:9.3f}'
#   description: '? Proper motion in right ascension direction, pmRA*cosDE (pmra)'
#   meta: !!omap
#   - {ucd: POS_EQ_PMRA}
#   - {width: 9}
#   - {precision: '3'}
#   - values: {'null': .nan}
# - name: pmDE
#   unit: mas / yr
#   datatype: float64
#   format: '{:9.3f}'
#   description: '? Proper motion in declination direction (pmdec)'
#   meta: !!omap
#   - {ucd: POS_EQ_PMDEC}
#   - {width: 9}
#   - {precision: '3'}
#   - values: {'null': .nan}
# - name: e_pmRA
#   unit: mas / yr
#   datatype: float32
#   format: '{:6.3f}'
#   description: '? Standard error of proper motion in right ascension direction (pmra_error)'
#   meta: !!omap
#   - {ucd: ERROR}
#   - {width: 6}
#   - {precision: '3'}
#   - values: {'null': .nan}
# - name: e_pmDE
[...]
#         value: !astropy.table.SerializedColumn {name: SkyCoord.dec}
#       distance: !astropy.table.SerializedColumn
#         __class__: astropy.coordinates.distances.Distance
#         unit: !astropy.units.Unit {unit: pc}
#         value: !astropy.table.SerializedColumn {name: SkyCoord.distance}
#       frame: icrs
#       obstime: !astropy.time.Time {format: jyear_str, in_subfmt: '*', jd1: 367701545.0, jd2: 0.0, out_subfmt: '*', precision: 3, scale: tt}
#       pm_dec: !astropy.table.SerializedColumn
#         __class__: astropy.units.quantity.Quantity
#         unit: !astropy.units.Unit {unit: mas / yr}
#         value: !astropy.table.SerializedColumn {name: SkyCoord.pm_dec}
#       pm_ra_cosdec: !astropy.table.SerializedColumn
#         __class__: astropy.units.quantity.Quantity
#         unit: !astropy.units.Unit {unit: mas / yr}
#         value: !astropy.table.SerializedColumn {name: SkyCoord.pm_ra_cosdec}
#       ra: !astropy.table.SerializedColumn
#         __class__: astropy.coordinates.angles.Longitude
#         unit: *id001
#         value: !astropy.table.SerializedColumn {name: SkyCoord.ra}
#         wrap_angle: !astropy.coordinates.Angle
#           unit: *id001
#           value: 360.0
#       representation_type: spherical
# schema: astropy-2.0
RA_ICRS_1 DE_ICRS_1 e_RA_ICRS e_DE_ICRS _r_1 HIP TYC2 Source rgeo Plx e_Plx pmRA pmDE e_pmRA e_pmDE RUWE Teff logg Gmag BP-RP BPmag RPmag RV e_RV b_rgeo B_rgeo FG e_FG FBP e_FBP FRP e_FRP RAVE5 RAVE6 e_Gmag e_BPmag e_RPmag e_BP-RP SkyCoord.ra SkyCoord.dec SkyCoord.distance SkyCoord.pm_ra_cosdec SkyCoord.pm_dec rmRA rmDE e_rmRA e_rmDE rRV e_rRV v_pec v_pec3d e_vpec e_vpec3d
[from data line 241]
305.52451876523 38.78436661765 0.0115 0.0123 25.5828 "" "" 2061198206005277568 1851.4585 0.5137 0.0145 -4.43 -4.761 0.015 0.016 1.073 "" "" 14.233265 1.289069 14.79773 13.508661 "" "" 1794.88086 1899.03967 38162.837 6.6948 16456.0 20.015 31311.0 12.595 "" "" 0.0027618956055055627 0.0030868927 0.003804533 0.0068914257 305.52451876523 38.78436661765 1851.4585 -4.43 -4.761000000000003 -1.0033332633972165 1.0756875648498534 0.109179206 0.11017921 "" "" 12.909190587305684 "" 1.4163331503933725 ""
305.73077705098 38.55729165787 0.0107 0.0134 9.5711 "" "" 2061180231559943808 1725.02002 0.5525 0.0144 -3.541 -6.043 0.014 0.017 0.936 "" "" 14.236494 0.898566 14.59653 13.697964 "" "" 1677.30164 1774.79321 38049.51885 6.4626 19806.0 14.731 26301.0 14.771 "" "" 0.0027614844075483243 0.0029046782 0.0038282555 0.0067329337 305.73077705098 38.55729165787 1725.02002 -3.5409999999999995 -6.0430000000000055 -0.11433326339721672 -0.20631243515014663 0.108179204 0.1111792 "" "" 1.928652594350821 "" 0.21308074760252363 ""
306.11647881448 38.22533847302 0.0136 0.0161 18.2599 "" "" 2061111585103250944 1754.42798 0.5408 0.0185 -3.361 -5.741 0.019 0.021 1.326 "" "" 14.237179 1.752837 15.077649 13.324812 "" "" 1698.29236 1816.51819 38025.50962 8.4947 12716.0 10.386 37088.0 14.087 "" "" 0.002765975205202944 0.0029277038 0.0038018145 0.006729518 306.11647881448 38.22533847302 1754.42798 -3.360999999999998 -5.741 0.065666736602783 0.09568756484985386 0.11317921 0.1151792 "" "" 0.9650929756043208 "" 0.11054432194011989 ""
305.72028350254 38.73000543204 0.2932 0.3386 17.2821 "" "" 2061186454974675584 1848.01184 0.8691 0.3656 -7.267 -4.708 0.397 0.412 26.261 5057.7 4.6937 14.245707 1.142504 14.655443 13.512939 -15.43 6.13 1164.58167 3227.59106 37728.01126 105.92 18760.0 21.445 31188.0 24.381 "" "" 0.004108904314294303 0.0030537604 0.0038735168 0.006927277 305.72028350254 38.73000543204 1848.01184 -7.267 -4.707999999999999 -3.840333263397217 1.1286875648498533 0.49117923 0.5061792 28.766666666666666 6.9802084 35.06248920543886 45.35305127984916 17.264370557499184 14.06226316680213
306.11816595774 38.28347928531 0.0119 0.0141 15.4535 "" "" 2061112031779874048 1473.13452 0.6434 0.0157 -0.295 -3.071 0.016 0.018 1.075 "" "" 14.245769 1.805891 15.109291 13.3034 "" "" 1443.52661 1509.29919 37725.86603 10.899 12351.0 13.674 37827.0 33.835 "" "" 0.0027731169675936206 0.0030380818 0.0039021622 0.0069402438 306.11816595774 38.28347928531 1473.13452 -0.29499999999999993 -3.071 3.1316667366027833 2.7656875648498533 0.11017921 0.112179205 "" "" 29.17411200364315 "" 3.2400768740130435 ""
305.62807350103 38.58213383534 0.0105 0.013 14.5629 "" "" 2061181094855187584 2010.79224 0.4715 0.0142 -2.04 -5.459 0.014 0.016 1.015 "" "" 14.25179 0.949304 14.635104 13.685801 "" "" 1955.0022 2077.29761 37517.2238 6.8014 19115.0 20.606 26597.0 17.104 "" "" 0.002762341682307978 0.0030257138 0.003843336 0.0068690497 305.62807350103 38.58213383534 2010.79224 -2.04 -5.459 1.3866667366027832 0.3776875648498539 0.108179204 0.11017921 "" "" 13.698006156779956 "" 1.4837477043712215 ""
305.71173825114 38.75500496712 0.0118 0.0134 18.7762 "" "" 2061186901651479168 1501.9071 0.6375 0.0143 -0.403 -3.226 0.016 0.017 1.002 "" "" 14.259255 0.972389 14.65508 13.682691 "" "" 1469.56592 1536.9436 37260.16366 6.0722 18767.0 16.964 26674.0 12.917 "" "" 0.0027609956729404885 0.0029577434 0.0038157783 0.0067735217 305.71173825114 38.75500496712 1501.9071 -0.403 -3.226 3.023666736602783 2.6106875648498535 0.11017921 0.1111792 "" "" 28.438981944856124 "" 3.145562051732181 ""
306.28849594234 38.30598806975 0.0111 0.0135 20.6817 "" "" 2058133111180113024 1608.3418 0.5799 0.0148 -1.289 0.032 0.016 0.018 1.032 "" "" 14.264958 2.575538 15.686574 13.111036 3.35 1.38 1573.17102 1642.31921 37064.94441 12.127 7257.5 11.266 45159.0 20.307 "" "" 0.0027781253537438847 0.0032597047 0.0038107869 0.0070704916 306.28849594234 38.30598806975 1608.3418 -1.2889999999999997 0.03200000000000005 2.1376667366027835 5.8686875648498535 0.11017921 0.112179205 47.54666666666667 2.2302084 47.61577532706531 67.29002579215341 5.33043273102547 4.08787152483831
305.39377617792 38.39559119789 0.0107 0.0131 24.9152 "" "" 2061081485976684032 1807.19739 0.5291 0.0149 -3.127 -5.987 0.015 0.017 1.031 "" "" 14.266208 1.238307 14.800595 13.562288 "" "" 1758.51648 1856.00513 37022.31745 6.9497 16413.0 13.79 29802.0 19.783 "" "" 0.0027628478352590196 0.0029355064 0.0038474894 0.0067829955 305.39377617792 38.39559119789 1807.19739 -3.1269999999999984 -5.986999999999993 0.2996667366027834 -0.15031243515014658 0.109179206 0.1111792 "" "" 2.871808389168128 "" 0.3147047783499949 ""
305.66786235549 38.37450040203 0.0107 0.0133 13.2121 "" "" 2061125191559939328 1629.11865 0.585 0.0148 -3.507 -5.72 0.015 0.017 0.975 7466.6 3.7504 14.271617 1.193238 14.783185 13.589947 "" "" 1598.85144 1663.57068 36838.32173 7.1041 16678.0 16.83 29052.0 14.403 "" "" 0.0027632642033196303 0.002997575 0.0038175206 0.0068150954 305.66786235549 38.37450040203 1629.11865 -3.5069999999999997 -5.719999999999999 -0.08033326339721691 0.11668756484985376 0.109179206 0.1111792 "" "" 1.0939525344781234 "" 0.12092555693831228 ""
306.09464076455 38.44938141793 0.0106 0.0129 8.8354 "" "" 2061140447284239104 1724.47559 0.5515 0.0146 -3.306 -5.613 0.014 0.016 1.028 "" "" 14.272429 1.46317 14.933782 13.470612 "" "" 1687.01111 1765.91931 36810.7689 7.3873 14518.0 13.422 32428.0 16.764 "" "" 0.002763922029250038 0.0029652326 0.003820833 0.0067860656 306.09464076455 38.44938141793 1724.47559 -3.3059999999999996 -5.6129999999999995 0.12066673660278315 0.22368756484985308 0.108179204 0.11017921 "" "" 2.0774959341133794 "" 0.22796690621414106 ""
305.99007032768 38.53406968131 0.012 0.0131 4.7498 "" "" 2061130173722074624 1819.26355 0.5299 0.0155 -1.33 -4.269 0.016 0.016 0.945 "" "" 14.275703 1.378057 14.888672 13.510615 "" "" 1766.34375 1872.98718 36699.94709 7.816 15134.0 17.264 31254.0 20.769 "" "" 0.002765005700839121 0.0030527108 0.0038476337 0.0069003445 305.99007032768 38.53406968131 1819.26355 -1.3300000000000018 -4.268999999999999 2.096666736602783 1.5676875648498534 0.11017921 0.11017921 "" "" 22.575381690305488 "" 2.4873376798807283 ""
306.20307567214 38.26006548947 0.0115 0.0138 19.1859 "" "" 2058109604820971648 1689.40894 0.5522 0.0157 1.063 -4.205 0.015 0.017 1.002 "" "" 14.277782 2.588529 15.709278 13.120749 -37.44 1.29 1642.16882 1736.94995 36629.73801 13.023 7107.3 12.3 44757.0 25.748 "" "" 0.002782228451724949 0.0033638752 0.0038306476 0.007194523 306.20307567214 38.26006548947 1689.40894 1.0630000000000002 -4.205 4.489666736602783 1.6316875648498534 0.109179206 0.1111792 6.756666666666668 2.1402082 38.253070719844864 38.84520516024979 4.185438089091613 4.138414824158989
305.88532532854 38.50525469576 0.011 0.0126 1.7853 "" "" 2061130586038797440 1635.89551 0.5844 0.0145 -3.358 -5.684 0.014 0.015 1.043 6624.0 3.7064 14.283978 1.219527 14.802573 13.583046 "" "" 1599.18091 1673.03467 36421.33687 7.5267 16383.0 16.089 29237.0 16.962 "" "" 0.002764440849794185 0.002986962 0.0038315135 0.006818475 305.88532532854 38.50525469576 1635.89551 -3.357999999999999 -5.683999999999999 0.06866673660278311 0.15268756484985335 0.108179204 0.109179206 "" "" 1.2981793812476816 "" 0.14151664050130447 ""
305.45521069188 38.48251525608 0.011 0.0115 21.4453 "" "" 2061176147052913408 1700.56995 0.5613 0.0139 -3.142 -5.346 0.015 0.015 0.935 "" "" 14.285563 0.938769 14.663515 13.724746 "" "" 1660.5752 1738.24292 36368.16021 6.1438 18621.0 16.165 25660.0 15.917 "" "" 0.002761418343599657 0.002945067 0.0038389205 0.0067839874 305.45521069188 38.48251525608 1700.56995 -3.1420000000000003 -5.346 0.2846667366027833 0.49068756484985343 0.109179206 0.109179206 "" "" 4.572694951606596 "" 0.4992432049768303 ""
305.96324649818 38.50596010893 0.0112 0.0128 2.7543 "" "" 2061130036282940800 1718.62683 0.5558 0.0153 -2.86 -5.626 0.015 0.016 1.025 9830.2 4.0416 14.286387 1.25175 14.827235 13.575485 "" "" 1677.71167 1767.07898 36340.5615 28.763 16015.0 51.28 29442.0 64.177 "" "" 0.002886219121249438 0.0044577206 0.00445924 0.008916961 305.96324649818 38.50596010893 1718.62683 -2.859999999999999 -5.626000000000001 0.5666667366027833 0.21068756484985318 0.109179206 0.11017921 "" "" 4.9249733110335665 "" 0.5383052092096731 ""
305.76735967748 38.0992610731 0.0115 0.0139 24.0603 "" "" 2061105434710197504 1605.19397 0.5975 0.016 -2.344 -2.864 0.015 0.018 1.13 "" "" 14.287498 1.606388 15.030273 13.423884 "" "" 1570.62842 1643.36365 36303.41694 49.576 13283.0 73.56 33854.0 138.86 "" "" 0.0031289196021218983 0.0066285487 0.005840931 0.01246948 305.76735967748 38.0992610731 1605.19397 -2.3439999999999994 -2.863999999999999 1.0826667366027833 2.9726875648498536 0.109179206 0.112179205 "" "" 24.07143847076976 "" 2.691957900771448 ""
305.79448821733 38.58599374519 0.0115 0.0133 8.2363 "" "" 2061134915365925120 1689.37769 0.5632 0.0146 -3.47 -5.849 0.015 0.016 1.015 8922.9 3.9997 14.288271 0.996193 14.696182 13.699989 "" "" 1648.12317 1736.43262 36277.59883 6.4501 18069.0 26.753 26252.0 27.072 "" "" 0.0027620743447608785 0.003220131 0.0039417436 0.0071618743 305.79448821733 38.58599374519 1689.37769 -3.4699999999999998 -5.849000000000004 -0.04333326339721699 -0.012312435150146683 0.109179206 0.11017921 "" "" 0.3607326699743946 "" 0.03941156785833634 ""
305.54949882864 38.30585121373 0.0113 0.0124 20.1099 "" "" 2061124023328871936 1986.95288 0.4763 0.0144 -3.639 -5.425 0.015 0.017 1.059 "" "" 14.288837 1.405041 14.91552 13.510479 "" "" 1931.92188 2042.60999 36258.64785 8.9355 14764.0 17.171 31258.0 15.971 "" "" 0.0027682812672411945 0.0030626091 0.0038198784 0.006882488 305.54949882864 38.30585121373 1986.95288 -3.6390000000000002 -5.425000000000001 -0.2123332633972166 0.4116875648498537 0.109179206 0.1111792 "" "" 4.362671381324611 "" 0.4832180537351718 ""
306.2179231489 38.16916552893 0.0109 0.0133 23.7535 "" "" 2058108062930815616 1757.44727 0.5407 0.0146 -3.207 -5.718 0.015 0.017 1.002 "" "" 14.289669 1.60134 15.034365 13.433024 "" "" 1713.51526 1796.46912 36230.88757 8.2587 13233.0 14.839 33570.0 16.832 "" "" 0.0027664129346549765 0.0030442348 0.0038183879 0.0068626227 306.2179231489 38.16916552893 1757.44727 -3.2070000000000003 -5.718 0.21966673660278335 0.11868756484985354 0.109179206 0.1111792 "" "" 2.079911167619151 "" 0.22802966145431122 ""
306.30125478535 38.71919197202 0.0121 0.0164 23.0817 "" "" 2061150652126683008 1608.48999 0.5877 0.0171 1.621 -3.258 0.016 0.02 1.03 "" "" 14.2936 1.924196 15.236569 13.312373 "" "" 1568.10229 1659.44348 36099.96783 11.68 10985.0 21.947 37515.0 25.502 "" "" 0.0027776232588669365 0.0035341864 0.0038507746 0.007384961 306.30125478535 38.71919197202 1608.48999 1.6210000000000007 -3.258 5.047666736602784 2.5786875648498535 0.11017921 0.11417921 "" "" 43.21578396125712 "" 4.797769396349131 ""
305.66533397703 38.68673115353 0.0113 0.0137 16.7847 "" "" 2061184874426716416 1857.16211 0.5088 0.0149 0.078 -1.491 0.016 0.017 0.98 "" "" 14.297848 1.067117 14.743648 13.676531 "" "" 1811.14709 1911.80969 35958.9931 6.7961 17296.0 17.891 26825.0 14.401 "" "" 0.002762950649086278 0.0030077186 0.003824065 0.006831784 305.66533397703 38.68673115353 1857.16211 0.0779999999999999 -1.4910000000000005 3.504666736602783 4.345687564849854 0.11017921 0.1111792 "" "" 49.14512675138051 "" 5.4446017703178935 ""
305.75186467291 38.30944803637 0.0113 0.013 12.8893 "" "" 2061121652506807040 2013.6886 0.4708 0.0154 -2.116 -4.174 0.016 0.016 1.007 "" "" 14.303736 1.529134 15.002657 13.473523 -98.67 8.5 1955.27979 2076.14087 35764.52163 8.1082 13626.0 12.964 32341.0 17.115 "" "" 0.002766293232052109 0.0029752497 0.0038228086 0.0067980583 305.75186467291 38.30944803637 2013.6886 -2.1160000000000028 -4.1739999999999995 1.310666736602783 1.6626875648498531 0.11017921 0.11017921 -54.473333333333336 9.350208 20.20807080419655 58.10086204241608 2.226509240840904 8.800565651626574
305.65187429136 38.75529360571 0.012 0.0151 20.3377 "" "" 2061187412742660480 1518.83679 0.633 0.0155 -0.569 -3.315 0.017 0.019 1.004 "" "" 14.305297 1.460604 14.956238 13.495634 -101.22 11.41 1490.14172 1555.80225 35713.14656 8.8468 14221.0 22.695 31689.0 57.765 "" "" 0.002768415994127033 0.0032844043 0.004266239 0.007550643 305.65187429136 38.75529360571 1518.83679 -0.5689999999999993 -3.3149999999999964 2.8576667366027833 2.5216875648498536 0.1111792 0.11317921 -57.02333333333333 12.260208 27.43784651568681 63.281086952286394 3.074662268496664 11.12796152105634
305.88755227818 38.87134925241 0.0126 0.0141 23.2743 "" "" 2061209682158687872 1843.10608 0.5165 0.0156 -2.711 -6.571 0.016 0.018 1.022 "" "" 14.306355 1.434152 14.949163 13.515012 "" "" 1796.37292 1893.42651 35678.3243 8.67 14314.0 18.033 31128.0 20.107 "" "" 0.0027679234844119748 0.0031074104 0.0038439024 0.0069513125 305.88755227818 38.87134925241 1843.10608 -2.711000000000002 -6.570999999999996 0.7156667366027833 -0.7343124351501462 0.11017921 0.112179205 "" "" 8.958005901718577 "" 0.9962145862549463 ""
306.00666978536 38.36984935335 0.0124 0.0144 8.1679 "" "" 2061117048301756032 1869.06787 0.5102 0.0171 -3.238 -5.783 0.018 0.019 1.234 "" "" 14.307199 1.819377 15.187592 13.368216 "" "" 1815.2406 1924.70007 35650.63891 10.398 11492.0 16.422 35635.0 21.172 "" "" 0.002773457990654951 0.0031925277 0.003834038 0.0070265657 306.00666978536 38.36984935335 1869.06787 -3.2380000000000004 -5.783000000000007 0.1886667366027832 0.05368756484985315 0.112179205 0.11317921 "" "" 1.7378280086615319 "" 0.19507888175922564 ""
305.52384627732 38.60313355966 0.0113 0.0129 19.5612 "" "" 2061178414795659136 1589.03845 0.6021 0.0147 -0.331 -0.114 0.016 0.017 1.051 "" "" 14.313383 1.054447 14.751588 13.697141 "" "" 1553.41248 1624.41785 35448.14685 6.0603 17170.0 18.266 26321.0 12.427 "" "" 0.0027615655358462802 0.0030197962 0.0038139871 0.0068337834 305.52384627732 38.60313355966 1589.03845 -0.33100000000000007 -0.11399999999999999 3.0956667366027832 5.722687564849854 0.11017921 0.1111792 "" "" 49.00593825609318 "" 5.437385959413772 ""
305.74245580528 38.5881822912 0.0128 0.0147 10.1152 "" "" 2061180442020086656 1575.17297 0.6005 0.0164 -4.438 -5.348 0.018 0.018 1.135 "" "" 14.316813 1.169858 14.814859 13.645001 "" "" 1529.32336 1620.59131 35336.31432 6.661 16198.0 20.528 27616.0 18.487 "" "" 0.002762910955921686 0.0031110041 0.0038486363 0.0069596404 305.74245580528 38.5881822912 1575.17297 -4.438 -5.348 -1.0113332633972165 0.48868756484985365 0.112179205 0.112179205 "" "" 8.386277726969897 "" 0.9407659668244658 ""
306.31466348241 38.30586296537 0.0185 0.0221 21.7486 "" "" 2058132733224521216 1609.09802 0.5925 0.0246 -1.421 -1.115 0.025 0.029 1.149 "" "" 14.32071 1.966623 15.304804 13.338181 "" "" 1547.54834 1687.49329 35209.73298 30.271 10316.0 36.371 36634.0 80.635 "" "" 0.0029091420221227056 0.0047369166 0.0044715684 0.0092084855 306.31466348241 38.30586296537 1609.09802 -1.4210000000000003 -1.1150000000000002 2.005666736602783 4.721687564849853 0.119179204 0.123179205 "" "" 39.12724778589954 "" 4.796070713587479 ""
305.88887336328 38.43889973832 0.0106 0.0122 2.9074 "" "" 2061128730612893696 1657.91174 0.5758 0.0142 -3.189 -5.631 0.015 0.016 0.931 "" "" 14.320733 1.154782 14.809848 13.655066 "" "" 1616.82849 1697.75 35208.97288 6.2398 16273.0 14.225 27361.0 15.917 "" "" 0.002762030665140423 0.0029471726 0.0038317968 0.0067789694 305.88887336328 38.43889973832 1657.91174 -3.1889999999999983 -5.6309999999999985 0.23766673660278315 0.2056875648498533 0.109179206 0.11017921 "" "" 2.470031604219018 "" 0.2707366252685362 ""
