Clusters/NGC_6913/NGC_6913_members.tsv
# %ECSV 1.0
# ---
# datatype:
# - name: RA_ICRS_1
#   unit: deg
#   datatype: float64
#   format: '{:15.11f}'
#   description: Right ascension (ICRS) at Ep=2016.0 (ra)
#   meta: !!omap
#   - {ucd: POS_EQ_RA_MAIN}
#   - {width: 15}
#   - {precision: '11'}
# - name: DE_ICRS_1
#   unit: deg
#   datatype: float64
#   format: '{:15.11f}'
#   description: Declination (ICRS) at Ep=2016.0 (dec)
#   meta: !!omap
#   - {ucd: POS_EQ_DEC_MAIN}
#   - {width: 15}
#   - {precision: '11'}
# - name: e_RA_ICRS
#   unit: mas
#   datatype: float64
#   format: '{:7.4f}'
#   description: Standard error of right ascension (ra_error)
#   meta: !!omap
#   - {ucd: ERROR}
#   - {width: 7}
#   - {precision: '4'}
# - name: e_DE_ICRS
#   unit: mas
#   datatype: float64
#   format: '{:7.4f}'
#   description: Standard error of declination (dec_error)
#   meta: !!omap
#   - {ucd: ERROR}
#   - {width: 7}
#   - {precision: '4'}
# - name: _r_1
#   unit: ''
#   datatype: float64
#   format: '{:7.4f}'
#   description: Distance from center (305.91180731000+38.48390596000)[ICRS], at Epoch=J2016.0
#   meta: !!omap
#   - {ucd: POS_ANG_DIST_GENERAL}
#   - {width: 7}
#   - {precision: '4'}
# - name: HIP
#   datatype: int32
#   description: '? HIP cross-id number, van Leeuwen, Cat. I/311 (hip_original_ext_source_id)'
#   meta: !!omap
#   - {ucd: ID_NUMBER}
#   - {width: 6}
#   - values: {'null': -2147483648}
# - name: TYC2
#   datatype: string
#   description: Tycho-2 cross-id name, Hog et al., Cat. I/259 (tyc2_original_ext_source_id)
#   meta: !!omap
#   - {ucd: ID_CROSSID}
#   - {_votable_string_dtype: char}
# - name: Source
#   datatype: int64
#   description: Source identifier, identical to the Gaia-EDR3 source_id (id)
#   meta: !!omap
#   - {ucd: ID_MAIN}
#   - {width: 19}
# - name: rgeo
#   unit: pc
#   datatype: float64
#   format: '{:15.8f}'
#   description: '? Median of the geometric distance posterior (r_med_geo)'
#   meta: !!omap
#   - {ucd: PHYS_DISTANCE_TRUE}
#   - {width: 15}
#   - {precision: '8'}
#   - values: {'null': .nan}
# - name: Plx
#   unit: mas
#   datatype: float64
#   format: '{:9.4f}'
#   description: '? Parallax (parallax)'
#   meta: !!omap
#   - {ucd: POS_PARLX_TRIG}
#   - {width: 9}
#   - {precision: '4'}
#   - values: {'null': .nan}
# - name: e_Plx
#   unit: mas
#   datatype: float32
#   format: '{:7.4f}'
#   description: '? Standard error of parallax (parallax_error)'
#   meta: !!omap
#   - {ucd: ERROR}
#   - {width: 7}
#   - {precision: '4'}
#   - values: {'null': .nan}
# - name: pmRA
#   unit: mas / yr
#   datatype: float64
#   format: '{:9.3f}'
#   description: '? Proper motion in right ascension direction, pmRA*cosDE (pmra)'
#   meta: !!omap
#   - {ucd: POS_EQ_PMRA}
#   - {width: 9}
#   - {precision: '3'}
#   - values: {'null': .nan}
# - name: pmDE
#   unit: mas / yr
#   datatype: float64
#   format: '{:9.3f}'
#   description: '? Proper motion in declination direction (pmdec)'
#   meta: !!omap
#   - {ucd: POS_EQ_PMDEC}
#   - {width: 9}
#   - {precision: '3'}
#   - values: {'null': .nan}
# - name: e_pmRA
#   unit: mas / yr
#   datatype: float32
#   format: '{:6.3f}'
#   description: '? Standard error of proper motion in right ascension direction (pmra_error)'
#   meta: !!omap
#   - {ucd: ERROR}
#   - {width: 6}
#   - {precision: '3'}
#   - values: {'null': .nan}
# - name: e_pmDE
[...]
#       distance: !astropy.table.SerializedColumn
#         __class__: astropy.coordinates.distances.Distance
#         unit: !astropy.units.Unit {unit: pc}
#         value: !astropy.table.SerializedColumn {name: SkyCoord.distance}
#       frame: icrs
#       obstime: !astropy.time.Time {format: jyear_str, in_subfmt: '*', jd1: 367701545.0, jd2: 0.0, out_subfmt: '*', precision: 3, scale: tt}
#       pm_dec: !astropy.table.SerializedColumn
#         __class__: astropy.units.quantity.Quantity
#         unit: !astropy.units.Unit {unit: mas / yr}
#         value: !astropy.table.SerializedColumn {name: SkyCoord.pm_dec}
#       pm_ra_cosdec: !astropy.table.SerializedColumn
#         __class__: astropy.units.quantity.Quantity
#         unit: !astropy.units.Unit {unit: mas / yr}
#         value: !astropy.table.SerializedColumn {name: SkyCoord.pm_ra_cosdec}
#       ra: !astropy.table.SerializedColumn
#         __class__: astropy.coordinates.angles.Longitude
#         unit: *id001
#         value: !astropy.table.SerializedColumn {name: SkyCoord.ra}
#         wrap_angle: !astropy.coordinates.Angle
#           unit: *id001
#           value: 360.0
#       representation_type: spherical
# schema: astropy-2.0
RA_ICRS_1 DE_ICRS_1 e_RA_ICRS e_DE_ICRS _r_1 HIP TYC2 Source rgeo Plx e_Plx pmRA pmDE e_pmRA e_pmDE RUWE Teff logg Gmag BP-RP BPmag RPmag RV e_RV b_rgeo B_rgeo FG e_FG FBP e_FBP FRP e_FRP RAVE5 RAVE6 e_Gmag e_BPmag e_RPmag e_BP-RP SkyCoord.ra SkyCoord.dec SkyCoord.distance SkyCoord.pm_ra_cosdec SkyCoord.pm_dec rmRA rmDE e_rmRA e_rmDE rRV e_rRV v_pec v_pec3d e_vpec e_vpec3d Pmemb
305.99468342369 38.43253411964 0.0094 0.0111 4.9661 "" 3152-54-1 2061117525036716032 1859.17615 0.5063 0.0126 -3.46 -5.835 0.013 0.014 1.073 "" "" 11.446881 1.473558 12.114459 10.640902 -62.4 27.36 1818.16248 1912.71753 496814.32235 141.29 194820.0 160.01 439340.0 269.39 "" "" 0.0027725676138702095 0.0029292058 0.0038375692 0.0067667747 305.99468342369 38.43253411964 1859.17615 -3.4599999999999995 -5.834999999999999 -0.03333326339721676 0.0016875648498535512 0.10717921 0.108179204 -18.203333333333333 40.963333 0.2941254285416674 18.20570938502972 0.031524886391218185 40.957986953171705 1.0
305.92852130552 38.475944123 0.0095 0.0105 0.919 "" 3152-676-1 2061130345520591488 1730.32263 0.5413 0.0127 -3.464 -5.886 0.013 0.014 0.901 16143.5 3.5293 11.499041 1.074539 11.946472 10.871933 "" "" 1690.80261 1765.91882 473511.4741 155.14 227420.0 136.74 355130.0 169.53 "" "" 0.002778188534128327 0.0028655222 0.0038147562 0.006680278 305.92852130552 38.475944123 1730.32263 -3.4639999999999995 -5.885999999999999 -0.037333263397216765 -0.049312435150146605 0.10717921 0.108179204 "" "" 0.5072813520924251 "" 0.05469301670723454 "" 0.9
305.96179443642 38.47151708353 0.0066 0.0078 2.4628 "" "" 2061129555246589824 1742.83301 0.5589 0.009 -3.411 -5.93 0.009 0.01 0.909 15001.0 3.9416 12.591824 1.086238 13.044677 11.958439 "" "" 1715.89636 1766.22717 173068.24207 61.224 82708.0 99.194 130550.0 118.06 "" "" 0.002781961814595512 0.0030790668 0.0039048404 0.006983907 305.96179443642 38.47151708353 1742.83301 -3.4109999999999987 -5.93 0.01566673660278317 -0.0933124351501462 0.1031792 0.1041792 "" "" 0.7816459756773677 "" 0.0814099255293127 "" 1.0
305.98957566191 38.50962538603 0.0075 0.0083 3.9646 "" "" 2061130070642666880 1772.84253 0.5509 0.0099 -3.395 -5.951 0.01 0.01 0.898 15001.0 3.938 12.609354 1.122784 13.081295 11.958511 "" "" 1744.96924 1801.11938 170296.27249 38.797 79965.0 61.923 130540.0 78.219 "" "" 0.0027664007206324426 0.0029140932 0.003834966 0.006749059 305.98957566191 38.50962538603 1772.84253 -3.3949999999999996 -5.950999999999999 0.031666736602783185 -0.11431243515014611 0.1041792 0.1041792 "" "" 0.996775437473321 "" 0.1038432711545859 "" 1.0
305.91353045619 38.4212130126 0.0079 0.0087 3.7624 "" "" 2061127901677704064 1790.45056 0.5453 0.0105 -3.106 -5.823 0.011 0.011 0.917 "" "" 12.852373 1.056065 13.290223 12.234158 "" "" 1758.11133 1831.16907 136143.66384 25.728 65967.0 44.653 101270.0 43.799 "" "" 0.0027629491175793137 0.0028853382 0.003808442 0.0066937804 305.91353045619 38.4212130126 1790.45056 -3.105999999999999 -5.823000000000002 0.32066673660278333 0.013687564849853118 0.105179206 0.105179206 "" "" 2.723891884681254 "" 0.2864967843990264 "" 0.8
305.86462061286 38.28276582735 0.0085 0.0092 12.2708 "" "" 2061109214281446272 1699.71167 0.5578 0.0114 -3.615 -6.012 0.011 0.012 1.081 "" "" 13.086366 1.616493 13.84096 12.224466 "" "" 1670.17627 1733.96289 109748.92643 26.879 39722.0 30.422 102180.0 33.544 "" "" 0.0027681218060284746 0.002911443 0.0037961518 0.0067075947 305.86462061286 38.28276582735 1699.71167 -3.614999999999999 -6.0120000000000005 -0.188333263397217 -0.17531243515014605 0.105179206 0.10617921 "" "" 2.072980801681163 "" 0.21899927556709503 "" 0.9
305.88207616128 38.69843671143 0.0079 0.0094 12.9471 "" "" 2061159173341728896 1718.8623 0.5524 0.0103 -3.337 -5.85 0.011 0.012 1.103 15000.8 4.1382 13.100457 1.203039 13.615109 12.41207 "" "" 1690.49365 1751.97595 108333.75426 22.231 48907.0 36.672 85967.0 36.191 "" "" 0.002764313700382976 0.0029065164 0.0038069214 0.006713438 305.88207616128 38.69843671143 1718.8623 -3.3369999999999993 -5.85 0.08966673660278301 -0.013312435150146129 0.105179206 0.10617921 "" "" 0.7385589704032005 "" 0.07769704812607237 "" 0.8
306.10811673219 38.51988145603 0.0079 0.0094 9.4671 "" "" 2061141821673810176 1656.3324 0.5731 0.0106 -3.455 -5.859 0.011 0.013 1.008 15002.6 3.9743 13.163438 1.487744 13.841039 12.353294 "" "" 1635.06677 1686.03552 102228.41771 26.703 39719.0 39.382 90749.0 65.124 "" "" 0.002769877390443977 0.0029906442 0.003858861 0.006849505 306.10811673219 38.51988145603 1656.3324 -3.455 -5.859 -0.028333263397216868 -0.02231243515014647 0.105179206 0.10717921 "" "" 0.28313973118543834 "" 0.029998433044465516 "" 0.9
305.90723823776 38.47861621288 0.0085 0.0104 0.3831 "" "" 2061130311160866048 1677.03137 0.5654 0.0115 -3.339 -5.865 0.012 0.013 1.023 "" "" 13.642593 1.182647 14.146843 12.964196 "" "" 1644.89636 1715.08118 65752.05142 12.074 29970.0 27.224 51699.0 25.547 "" "" 0.0027625240209080376 0.0029593492 0.0038172733 0.0067766225 305.90723823776 38.47861621288 1677.03137 -3.3389999999999986 -5.865 0.08766673660278324 -0.028312435150146698 0.10617921 0.10717921 "" "" 0.732314993760709 "" 0.07782608701147001 "" 0.8
305.76977923107 38.38947139757 0.0097 0.0115 8.7556 "" "" 2061122477140691072 1685.10583 0.5646 0.0132 -3.418 -5.839 0.014 0.015 0.984 "" "" 13.808224 1.343318 14.401604 13.058286 "" "" 1630.50647 1732.90015 56449.12356 14.905 23701.0 25.217 47407.0 25.701 "" "" 0.0027701941204644003 0.0030198507 0.003824944 0.0068447944 305.76977923107 38.38947139757 1685.10583 -3.418 -5.839 0.008666736602783054 -0.0023124351501468965 0.108179204 0.109179206 "" "" 0.07164644932892422 "" 0.007755438040586961 "" 0.9
305.99047253088 38.51435057168 0.0098 0.0112 4.1209 "" "" 2061130139362333824 1733.46631 0.5456 0.0133 -3.414 -5.804 0.013 0.014 1.009 10091.7 3.9213 13.829543 1.24615 14.368942 13.122792 "" "" 1689.67981 1774.66174 55351.50141 11.438 24425.0 25.559 44673.0 23.823 "" "" 0.002764439673289675 0.0030126187 0.0038234752 0.006836094 305.99047253088 38.51435057168 1733.46631 -3.4140000000000006 -5.8039999999999985 0.012666736602783057 0.032687564849853246 0.10717921 0.108179204 "" "" 0.28804218931107645 "" 0.03112271998949541 "" 0.9
305.87273298996 38.58192701287 0.0095 0.011 6.1606 "" "" 2061134399969911808 1741.90942 0.5424 0.0124 -3.383 -5.777 0.012 0.014 0.985 7812.5 3.7496 13.88033 1.133528 14.358215 13.224688 "" "" 1704.82178 1784.10828 52821.98112 8.0792 24668.0 16.416 40671.0 17.18 "" "" 0.002760320084568159 0.0028822043 0.0038071077 0.006689312 305.87273298996 38.58192701287 1741.90942 -3.383000000000001 -5.777000000000001 0.043666736602783196 0.05968756484985338 0.10617921 0.108179204 "" "" 0.6106232369297698 "" 0.06563355563382794 "" 0.8
305.82438723939 38.45995571219 0.0098 0.012 4.3507 "" "" 2061131891708868608 1752.45142 0.5422 0.0131 -3.305 -5.821 0.013 0.015 1.108 "" "" 13.907344 0.920326 14.274439 13.354113 "" "" 1714.19324 1793.21936 51523.96493 10.035 26647.0 19.38 36100.0 21.798 "" "" 0.002763422803708167 0.0028997555 0.0038358218 0.0067355772 305.82438723939 38.45995571219 1752.45142 -3.3050000000000015 -5.821 0.12166673660278304 0.015687564849853786 0.10717921 0.109179206 "" "" 1.0190057342787628 "" 0.10924986318445011 "" 0.8
305.7188966868 38.60367898955 0.0103 0.0126 11.5585 "" "" 2061180716898018304 1785.10828 0.5353 0.014 -3.514 -5.891 0.013 0.016 1.015 "" "" 14.096008 0.907133 14.458763 13.55163 "" "" 1736.30859 1831.15613 43305.54923 7.4562 22486.0 17.435 30096.0 18.297 "" "" 0.0027616544555261555 0.0029144052 0.003836591 0.006750996 305.7188966868 38.60367898955 1785.10828 -3.5140000000000002 -5.890999999999998 -0.08733326339721659 -0.0543124351501465 0.10717921 0.11017921 "" "" 0.8702076890428643 "" 0.09400354867935506 "" 0.9
305.7335992594 38.48465760515 0.0124 0.0153 8.37 "" "" 2061132510184226688 1871.65808 0.5064 0.0162 -3.433 -5.762 0.016 0.018 1.246 10468.3 3.8674 14.09868 0.983053 14.469368 13.486315 "" "" 1814.41199 1927.56982 43199.12796 11.207 22267.0 62.524 31962.0 100.86 "" "" 0.0027696798902498766 0.004132722 0.0051012146 0.009233937 305.7335992594 38.48465760515 1871.65808 -3.4330000000000003 -5.761999999999999 -0.006333263397216626 0.07468756484985395 0.11017921 0.112179205 "" "" 0.6649805811031322 "" 0.07458758207126673 "" 1.0
305.94852120229 38.50056248551 0.0106 0.0121 1.9928 "" "" 2061130757837452160 1730.14136 0.5501 0.0143 -3.473 -5.788 0.014 0.016 1.079 9380.4 3.8515 14.098845 1.422294 14.737386 13.315092 "" "" 1687.40308 1772.47559 43192.50515 9.3134 17397.0 20.885 37422.0 20.384 "" "" 0.002765248263888885 0.0030796027 0.0038253744 0.0069049774 305.94852120229 38.50056248551 1730.14136 -3.4729999999999994 -5.787999999999999 -0.04633326339721666 0.04868756484985326 0.108179204 0.11017921 "" "" 0.5511845126698106 "" 0.06020770075578282 "" 1.0
305.95635914736 38.50452196963 0.0105 0.0115 2.4305 "" "" 2061130757837449344 1657.62305 0.5744 0.0141 -3.493 -5.725 0.014 0.015 1.008 "" "" 14.116121 1.296514 14.684314 13.3878 "" "" 1616.19116 1695.42725 42510.68294 8.7447 18268.0 21.175 34998.0 38.133 "" "" 0.0027643572895765267 0.0030608652 0.003960202 0.007021067 305.95635914736 38.50452196963 1657.62305 -3.4930000000000003 -5.724999999999997 -0.06633326339721668 0.11168756484985387 0.108179204 0.109179206 "" "" 1.0206477788834893 "" 0.11116827391794531 "" 1.0
305.89939971628 38.58847274416 0.0109 0.012 6.301 "" "" 2061134365610171648 1702.2074 0.5585 0.0138 -3.417 -5.672 0.014 0.016 0.875 "" "" 14.161978 1.196686 14.673614 13.476929 "" "" 1668.98145 1735.07703 40752.61431 7.0053 18449.0 15.757 32239.0 16.42 "" "" 0.0027616340134180776 0.00294023 0.0038196235 0.0067598536 305.89939971628 38.58847274416 1702.2074 -3.4170000000000007 -5.671999999999999 0.009666736602783388 0.1646875648498538 0.108179204 0.11017921 "" "" 1.3310626415069473 "" 0.1466463700320507 "" 0.9
305.97864189645 38.5768486789 0.0105 0.0118 6.3983 "" "" 2061154706575721984 1672.40955 0.5697 0.0136 -3.405 -5.749 0.014 0.015 0.963 "" "" 14.177972 1.230985 14.708147 13.477162 "" "" 1639.21802 1717.05505 40156.71485 7.2043 17871.0 16.084 32232.0 13.603 "" "" 0.002762196774509601 0.0029563333 0.0038070579 0.006763391 305.97864189645 38.5768486789 1672.40955 -3.405 -5.749000000000001 0.0216667366027834 0.08768756484985385 0.108179204 0.109179206 "" "" 0.7160241054413549 "" 0.07813392089327055 "" 0.8
305.73077705098 38.55729165787 0.0107 0.0134 9.5711 "" "" 2061180231559943808 1725.02002 0.5525 0.0144 -3.541 -6.043 0.014 0.017 0.936 "" "" 14.236494 0.898566 14.59653 13.697964 "" "" 1677.30164 1774.79321 38049.51885 6.4626 19806.0 14.731 26301.0 14.771 "" "" 0.0027614844075483243 0.0029046782 0.0038282555 0.0067329337 305.73077705098 38.55729165787 1725.02002 -3.5410000000000004 -6.043000000000004 -0.11433326339721672 -0.20631243515014663 0.108179204 0.1111792 "" "" 1.928652594350821 "" 0.21308074760252363 "" 0.9
306.09464076455 38.44938141793 0.0106 0.0129 8.8354 "" "" 2061140447284239104 1724.47559 0.5515 0.0146 -3.306 -5.613 0.014 0.016 1.028 "" "" 14.272429 1.46317 14.933782 13.470612 "" "" 1687.01111 1765.91931 36810.7689 7.3873 14518.0 13.422 32428.0 16.764 "" "" 0.002763922029250038 0.0029652326 0.003820833 0.0067860656 306.09464076455 38.44938141793 1724.47559 -3.3059999999999996 -5.6129999999999995 0.12066673660278315 0.22368756484985308 0.108179204 0.11017921 "" "" 2.0774959341133794 "" 0.22796690621414106 "" 0.8
305.88532532854 38.50525469576 0.011 0.0126 1.7853 "" "" 2061130586038797440 1635.89551 0.5844 0.0145 -3.358 -5.684 0.014 0.015 1.043 6624.0 3.7064 14.283978 1.219527 14.802573 13.583046 "" "" 1599.18091 1673.03467 36421.33687 7.5267 16383.0 16.089 29237.0 16.962 "" "" 0.002764440849794185 0.002986962 0.0038315135 0.006818475 305.88532532854 38.50525469576 1635.89551 -3.357999999999999 -5.683999999999999 0.06866673660278311 0.15268756484985335 0.108179204 0.109179206 "" "" 1.2981793812476816 "" 0.14151664050130447 "" 0.9
305.79448821733 38.58599374519 0.0115 0.0133 8.2363 "" "" 2061134915365925120 1689.37769 0.5632 0.0146 -3.47 -5.849 0.015 0.016 1.015 8922.9 3.9997 14.288271 0.996193 14.696182 13.699989 "" "" 1648.12317 1736.43262 36277.59883 6.4501 18069.0 26.753 26252.0 27.072 "" "" 0.0027620743447608785 0.003220131 0.0039417436 0.0071618743 305.79448821733 38.58599374519 1689.37769 -3.47 -5.849000000000002 -0.04333326339721699 -0.012312435150146683 0.109179206 0.11017921 "" "" 0.3607326699743946 "" 0.03941156785833634 "" 0.9
305.88887336328 38.43889973832 0.0106 0.0122 2.9074 "" "" 2061128730612893696 1657.91174 0.5758 0.0142 -3.189 -5.631 0.015 0.016 0.931 "" "" 14.320733 1.154782 14.809848 13.655066 "" "" 1616.82849 1697.75 35208.97288 6.2398 16273.0 14.225 27361.0 15.917 "" "" 0.002762030665140423 0.0029471726 0.0038317968 0.0067789694 305.88887336328 38.43889973832 1657.91174 -3.1889999999999983 -5.6309999999999985 0.23766673660278315 0.2056875648498533 0.109179206 0.11017921 "" "" 2.470031604219018 "" 0.2707366252685362 "" 0.9
305.91560215203 38.6046430821 0.0124 0.0134 7.2464 "" "" 2061134503049124480 1623.11267 0.5853 0.0154 -3.499 -5.873 0.017 0.017 1.034 "" "" 14.375639 1.300043 14.942278 13.642235 "" "" 1588.26648 1657.59033 33472.74554 6.4599 14405.0 19.739 27686.0 26.445 "" "" 0.0027632760917010025 0.0031620422 0.0039190864 0.0070811287 305.91560215203 38.6046430821 1623.11267 -3.499000000000001 -5.872999999999999 -0.07233326339721691 -0.036312435150146705 0.1111792 0.1111792 "" "" 0.622688240310795 "" 0.06922998214759343 "" 0.8
306.12110079722 38.71935099312 0.0124 0.0148 17.201 "" "" 2061157249196441728 1682.7605 0.558 0.0166 -3.313 -5.601 0.017 0.02 1.046 "" "" 14.465832 2.147833 15.570969 13.423136 "" "" 1630.64551 1742.31946 30804.49799 17.081 8072.9 18.63 33877.0 51.979 "" "" 0.002820325930784751 0.0037500614 0.0041302457 0.007880307 306.12110079722 38.71935099312 1682.7605 -3.313000000000001 -5.601000000000003 0.11366673660278304 0.23568756484985354 0.1111792 0.11417921 "" "" 2.08711734366647 "" 0.23713653635422077 "" 0.8
305.87115536876 38.48686896276 0.0117 0.0132 1.9175 "" "" 2061130551679058432 1661.20642 0.5761 0.0152 -3.435 -5.805 0.015 0.017 0.981 "" "" 14.492693 0.998233 14.901229 13.902996 "" "" 1621.74573 1693.34167 30051.74537 5.7828 14960.0 20.15 21775.0 13.277 "" "" 0.0027632299109005797 0.0031501867 0.0038369242 0.0069871107 305.87115536876 38.48686896276 1661.20642 -3.4350000000000014 -5.805000000000003 -0.00833326339721685 0.0316875648498538 0.109179206 0.1111792 "" "" 0.2579954687515926 "" 0.028650634351888297 "" 0.8
305.72998279645 38.37920919179 0.0119 0.0143 10.6063 "" "" 2061125363358595200 1762.20044 0.5426 0.0162 -3.431 -5.879 0.016 0.018 1.008 "" "" 14.511443 1.304429 15.082974 13.778545 "" "" 1713.24231 1810.49341 29537.20636 6.072 12654.0 13.21 24420.0 18.677 "" "" 0.0027643454763309045 0.0030116008 0.003869533 0.0068811337 305.72998279645 38.37920919179 1762.20044 -3.4309999999999996 -5.879 -0.004333263397216847 -0.042312435150146044 0.11017921 0.112179205 "" "" 0.3552771327410892 "" 0.03984739635766978 "" 1.0
305.73065686748 38.438658344 0.0132 0.0161 8.9333 "" "" 2061125775675485184 1681.12317 0.5631 0.0177 -3.518 -5.882 0.018 0.02 1.076 "" "" 14.653212 1.060727 15.093923 14.033195 "" "" 1638.42834 1725.59924 25921.62136 4.9253 12527.0 12.178 19314.0 20.461 "" "" 0.0027630324350426867 0.0029831363 0.0039505344 0.0069336705 305.73065686748 38.438658344 1681.12317 -3.517999999999998 -5.882 -0.09133326339721659 -0.04531243515014616 0.112179205 0.11417921 "" "" 0.8124370897212865 "" 0.09146178030976007 "" 0.8
305.96061479969 38.54258452754 0.0151 0.0157 4.2007 "" "" 2061130963996061696 1718.9043 0.5519 0.0197 -3.464 -5.892 0.021 0.021 1.028 "" "" 14.824399 1.284353 15.384677 14.100324 "" "" 1665.78735 1765.74573 22140.49108 5.1911 9584.0 22.053 18156.0 21.54 "" "" 0.0027670547659169507 0.003745206 0.00399286 0.007738066 305.96061479969 38.54258452754 1718.9043 -3.4640000000000004 -5.892 -0.037333263397216765 -0.05531243515014683 0.1151792 0.1151792 "" "" 0.5437108438176887 "" 0.06262418189841834 "" 1.0
