Clusters/NGC_6913/NGC_6913_members.tsv
# %ECSV 1.0
# ---
# datatype:
# - name: RA_ICRS_1
#   unit: deg
#   datatype: float64
#   format: '{:15.11f}'
#   description: Right ascension (ICRS) at Ep=2016.0 (ra)
#   meta: !!omap
#   - {ucd: POS_EQ_RA_MAIN}
#   - {width: 15}
#   - {precision: '11'}
# - name: DE_ICRS_1
#   unit: deg
#   datatype: float64
#   format: '{:15.11f}'
#   description: Declination (ICRS) at Ep=2016.0 (dec)
#   meta: !!omap
#   - {ucd: POS_EQ_DEC_MAIN}
#   - {width: 15}
#   - {precision: '11'}
# - name: e_RA_ICRS
#   unit: mas
#   datatype: float64
#   format: '{:7.4f}'
#   description: Standard error of right ascension (ra_error)
#   meta: !!omap
#   - {ucd: ERROR}
#   - {width: 7}
#   - {precision: '4'}
# - name: e_DE_ICRS
#   unit: mas
#   datatype: float64
#   format: '{:7.4f}'
#   description: Standard error of declination (dec_error)
#   meta: !!omap
#   - {ucd: ERROR}
#   - {width: 7}
#   - {precision: '4'}
# - name: _r_1
#   unit: ''
#   datatype: float64
#   format: '{:7.4f}'
#   description: Distance from center (305.91180731000+38.48390596000)[ICRS], at Epoch=J2016.0
#   meta: !!omap
#   - {ucd: POS_ANG_DIST_GENERAL}
#   - {width: 7}
#   - {precision: '4'}
# - name: HIP
#   datatype: int32
#   description: '? HIP cross-id number, van Leeuwen, Cat. I/311 (hip_original_ext_source_id)'
#   meta: !!omap
#   - {ucd: ID_NUMBER}
#   - {width: 6}
#   - values: {'null': -2147483648}
# - name: TYC2
#   datatype: string
#   description: Tycho-2 cross-id name, Hog et al., Cat. I/259 (tyc2_original_ext_source_id)
#   meta: !!omap
#   - {ucd: ID_CROSSID}
#   - {_votable_string_dtype: char}
# - name: Source
#   datatype: int64
#   description: Source identifier, identical to the Gaia-EDR3 source_id (id)
#   meta: !!omap
#   - {ucd: ID_MAIN}
#   - {width: 19}
# - name: rgeo
#   unit: pc
#   datatype: float64
#   format: '{:15.8f}'
#   description: '? Median of the geometric distance posterior (r_med_geo)'
#   meta: !!omap
#   - {ucd: PHYS_DISTANCE_TRUE}
#   - {width: 15}
#   - {precision: '8'}
#   - values: {'null': .nan}
# - name: Plx
#   unit: mas
#   datatype: float64
#   format: '{:9.4f}'
#   description: '? Parallax (parallax)'
#   meta: !!omap
#   - {ucd: POS_PARLX_TRIG}
#   - {width: 9}
#   - {precision: '4'}
#   - values: {'null': .nan}
# - name: e_Plx
#   unit: mas
#   datatype: float32
#   format: '{:7.4f}'
#   description: '? Standard error of parallax (parallax_error)'
#   meta: !!omap
#   - {ucd: ERROR}
#   - {width: 7}
#   - {precision: '4'}
#   - values: {'null': .nan}
# - name: pmRA
#   unit: mas / yr
#   datatype: float64
#   format: '{:9.3f}'
#   description: '? Proper motion in right ascension direction, pmRA*cosDE (pmra)'
#   meta: !!omap
#   - {ucd: POS_EQ_PMRA}
#   - {width: 9}
#   - {precision: '3'}
#   - values: {'null': .nan}
# - name: pmDE
#   unit: mas / yr
#   datatype: float64
#   format: '{:9.3f}'
#   description: '? Proper motion in declination direction (pmdec)'
#   meta: !!omap
#   - {ucd: POS_EQ_PMDEC}
#   - {width: 9}
#   - {precision: '3'}
#   - values: {'null': .nan}
# - name: e_pmRA
#   unit: mas / yr
#   datatype: float32
#   format: '{:6.3f}'
#   description: '? Standard error of proper motion in right ascension direction (pmra_error)'
#   meta: !!omap
#   - {ucd: ERROR}
#   - {width: 6}
#   - {precision: '3'}
#   - values: {'null': .nan}
# - name: e_pmDE
[...]
#       distance: !astropy.table.SerializedColumn
#         __class__: astropy.coordinates.distances.Distance
#         unit: !astropy.units.Unit {unit: pc}
#         value: !astropy.table.SerializedColumn {name: SkyCoord.distance}
#       frame: icrs
#       obstime: !astropy.time.Time {format: jyear_str, in_subfmt: '*', jd1: 367701545.0, jd2: 0.0, out_subfmt: '*', precision: 3, scale: tt}
#       pm_dec: !astropy.table.SerializedColumn
#         __class__: astropy.units.quantity.Quantity
#         unit: !astropy.units.Unit {unit: mas / yr}
#         value: !astropy.table.SerializedColumn {name: SkyCoord.pm_dec}
#       pm_ra_cosdec: !astropy.table.SerializedColumn
#         __class__: astropy.units.quantity.Quantity
#         unit: !astropy.units.Unit {unit: mas / yr}
#         value: !astropy.table.SerializedColumn {name: SkyCoord.pm_ra_cosdec}
#       ra: !astropy.table.SerializedColumn
#         __class__: astropy.coordinates.angles.Longitude
#         unit: *id001
#         value: !astropy.table.SerializedColumn {name: SkyCoord.ra}
#         wrap_angle: !astropy.coordinates.Angle
#           unit: *id001
#           value: 360.0
#       representation_type: spherical
# schema: astropy-2.0
RA_ICRS_1 DE_ICRS_1 e_RA_ICRS e_DE_ICRS _r_1 HIP TYC2 Source rgeo Plx e_Plx pmRA pmDE e_pmRA e_pmDE RUWE Teff logg Gmag BP-RP BPmag RPmag RV e_RV b_rgeo B_rgeo FG e_FG FBP e_FBP FRP e_FRP RAVE5 RAVE6 e_Gmag e_BPmag e_RPmag e_BP-RP SkyCoord.ra SkyCoord.dec SkyCoord.distance SkyCoord.pm_ra_cosdec SkyCoord.pm_dec rmRA rmDE e_rmRA e_rmDE rRV e_rRV v_pec v_pec3d e_vpec e_vpec3d Pmemb
[from data line 31]
306.07457041159 38.62440027936 0.014 0.0166 11.3747 "" "" 2061154362978329216 1735.8855 0.54 0.0187 -3.458 -5.796 0.019 0.021 1.044 7169.0 3.3062 14.903277 1.942935 15.8682 13.925265 -7.14 7.21 1698.84827 1783.25024 20589.02676 5.4151 6139.6 11.269 21333.0 14.721 "" "" 0.00277007815950947 0.0034287618 0.0038529285 0.0072816904 306.07457041159 38.62440027936 1735.8855 -3.458000000000002 -5.796 -0.03133326339721698 0.04068756484985325 0.11317921 0.1151792 37.056666666666665 20.813334 0.4225471502128789 37.059075683813234 0.04835576594816884 20.811980552442193 0.8
306.05096018187 38.50431387487 0.0158 0.0174 6.6484 "" "" 2061141581155648384 1713.61035 0.5531 0.0207 -3.325 -5.682 0.021 0.022 1.094 "" "" 14.96655 1.36983 15.57463 14.2048 "" "" 1670.27014 1770.05725 19423.46051 4.9714 8045.7 14.088 16491.0 14.373 "" "" 0.0027692983738124882 0.0033762865 0.0038960485 0.007272335 306.05096018187 38.50431387487 1713.61035 -3.325 -5.682 0.10166673660278303 0.15468756484985313 0.1151792 0.116179205 "" "" 1.503528904032228 "" 0.17422660751597824 "" 0.8
305.94539249474 38.51094678136 0.0159 0.0161 2.2626 "" "" 2061130757837458816 1637.48169 0.5821 0.02 -3.431 -5.86 0.021 0.021 0.997 "" "" 14.974628 1.246308 15.51157 14.265262 "" "" 1586.27881 1689.41858 19279.50747 4.4672 8526.9 14.333 15597.0 15.288 "" "" 0.002766781214924787 0.0033340345 0.00392636 0.0072603943 305.94539249474 38.51094678136 1637.48169 -3.4310000000000005 -5.860000000000001 -0.004333263397216847 -0.023312435150146804 0.1151792 0.1151792 "" "" 0.18404257119128578 "" 0.02119787675082732 "" 0.9
305.69212370386 38.61953720622 0.0148 0.0179 13.1333 "" "" 2061181369733072000 1789.25842 0.53 0.0195 -3.469 -5.854 0.02 0.022 1.021 8762.8 4.1628 15.006238 1.157971 15.498482 14.34051 "" "" 1735.66833 1853.60291 18726.28614 4.4101 8630.3 13.552 14553.0 14.296 "" "" 0.002767159011296243 0.0032698275 0.0039269943 0.0071968217 305.69212370386 38.61953720622 1789.25842 -3.468999999999998 -5.853999999999999 -0.04233326339721666 -0.017312435150146577 0.11417921 0.116179205 "" "" 0.38789497020600694 "" 0.04440152910759203 "" 0.9
305.94959832676 38.52617011545 0.0163 0.0172 3.095 "" "" 2061130860916678912 1680.18616 0.5679 0.0212 -3.402 -5.895 0.022 0.021 1.062 "" "" 15.034365 1.334338 15.619431 14.285093 "" "" 1634.19958 1735.89185 18247.3906 4.6277 7720.5 17.668 15315.0 16.223 "" "" 0.0027690446552298812 0.003736116 0.003950503 0.007686619 305.94959832676 38.52617011545 1680.18616 -3.4019999999999984 -5.895 0.024666736602783068 -0.05831243515014606 0.116179205 0.1151792 "" "" 0.5042457992422194 "" 0.0581554447751353 "" 0.9
305.79018673691 38.55812245981 0.0155 0.0185 7.2405 "" "" 2061133197378997504 1684.2854 0.5656 0.0201 -3.469 -6.046 0.02 0.023 1.047 "" "" 15.102166 1.228793 15.631354 14.402561 "" "" 1625.98877 1746.1554 17142.74347 4.1852 7636.2 10.165 13745.0 16.474 "" "" 0.002768041073848493 0.0031422772 0.0039971387 0.007139416 305.79018673691 38.55812245981 1684.2854 -3.4689999999999976 -6.045999999999999 -0.04233326339721666 -0.20931243515014675 0.11417921 0.11717921 "" "" 1.7048828623792545 "" 0.19957830527107304 "" 0.9
305.95952241451 38.50716213692 0.0163 0.0187 2.6396 "" "" 2061130792197187328 1741.43408 0.5461 0.0222 -3.401 -5.981 0.021 0.024 0.958 7709.9 3.6832 15.16852 1.429764 15.812992 14.383228 "" "" 1684.9231 1802.50024 16126.45079 4.5433 6459.8 16.415 13992.0 19.393 "" "" 0.002772247192232201 0.0039238925 0.0040679555 0.0079918485 305.95952241451 38.50716213692 1741.43408 -3.401 -5.981 0.025666736602783402 -0.14431243515014636 0.1151792 0.1181792 "" "" 1.2099060495004006 "" 0.14287580541381176 "" 0.8
305.95110148183 38.49880265509 0.019 0.0204 2.0504 "" "" 2061130757837449600 1591.00867 0.5967 0.025 -3.439 -5.844 0.025 0.027 1.092 "" "" 15.33062 1.473924 16.000015 14.526092 "" "" 1529.23022 1646.74438 13889.89377 3.9896 5437.6 13.757 12267.0 12.816 "" "" 0.0027729125224114364 0.00391541 0.003945938 0.007861348 305.95110148183 38.49880265509 1591.00867 -3.439 -5.843999999999999 -0.012333263397216854 -0.00731243515014679 0.119179204 0.12117921 "" "" 0.1081290716191553 "" 0.012943333310421494 "" 0.9
305.6734872064 38.3695361985 0.0173 0.0205 13.1368 "" "" 2061125191559933056 1634.14429 0.5808 0.024 -3.532 -5.933 0.024 0.026 1.036 "" "" 15.345783 1.643947 16.120703 14.476756 "" "" 1582.37097 1704.15039 13697.25516 4.2463 4865.6 10.536 12837.0 10.268 "" "" 0.002775803010592998 0.003648634 0.003877878 0.0075265123 305.6734872064 38.3695361985 1634.14429 -3.532 -5.933 -0.10533326339721683 -0.09631243515014631 0.1181792 0.120179206 "" "" 1.105546087614631 "" 0.13166398927528605 "" 0.8
305.96923778744 38.30308402175 0.0205 0.0215 11.1804 "" "" 2061114643120061952 1638.6626 0.5859 0.0267 -3.425 -5.911 0.027 0.027 1.126 "" "" 15.432951 1.657368 16.206875 14.549507 "" "" 1567.56421 1718.67859 12640.55689 4.5321 4494.4 10.895 12005.0 11.314 "" "" 0.002782683093502171 0.003835659 0.0039154505 0.0077511095 305.96923778744 38.30308402175 1638.6626 -3.4249999999999985 -5.9110000000000005 0.0016667366027833808 -0.07431243515014607 0.12117921 0.12117921 "" "" 0.5773492217790385 "" 0.06996272152665665 "" 0.8
305.83870787878 38.2944531609 0.0207 0.0215 11.8756 "" "" 2061120999671723392 1651.94983 0.5755 0.0271 -3.431 -5.806 0.028 0.028 0.992 "" "" 15.556212 1.986432 16.54719 14.560758 "" "" 1578.47729 1732.57996 11283.96554 4.1462 3285.0 8.2973 11881.0 10.185 "" "" 0.002784052147706755 0.003912241 0.0038923027 0.0078045437 305.83870787878 38.2944531609 1651.94983 -3.431 -5.805999999999998 -0.004333263397216847 0.030687564849853466 0.12217921 0.12217921 "" "" 0.24267483375353952 "" 0.02964981952002744 "" 0.8
305.92744813336 38.34047876914 0.0191 0.0208 8.637 "" "" 2061115639552514304 1558.74109 0.6135 0.0259 -3.672 -6.027 0.026 0.026 1.027 "" "" 15.638418 1.777097 16.487612 14.710515 "" "" 1498.38904 1620.71655 10461.14845 3.4441 3470.3 11.765 10350.0 11.644 "" "" 0.0027784101682797467 0.0046188496 0.003971868 0.008590718 305.92744813336 38.34047876914 1558.74109 -3.6719999999999993 -6.026999999999998 -0.24533326339721695 -0.19031243515014662 0.120179206 0.120179206 "" "" 2.2940724797891967 "" 0.27569980943237327 "" 0.8
305.90715460207 38.46590961946 0.0196 0.0216 1.1017 "" "" 2061130242441384192 1641.89465 0.5776 0.0261 -3.411 -5.836 0.027 0.029 1.007 6723.7 3.6908 15.662275 1.801985 16.536673 14.734688 "" "" 1582.03723 1717.84131 10233.79559 4.1051 3317.0 12.705 10122.0 13.983 "" "" 0.0027895286118494247 0.0050079445 0.0040661264 0.009074071 305.90715460207 38.46590961946 1641.89465 -3.4109999999999996 -5.836 0.01566673660278317 0.0006875648498532172 0.12117921 0.123179205 "" "" 0.12204500460145151 "" 0.014789790109943522 "" 1.0
305.87193317686 38.28578374408 0.024 0.0237 12.0343 "" "" 2061109214281443584 1613.02673 0.5979 0.0311 -3.45 -5.816 0.031 0.029 1.041 7970.9 4.2498 15.793113 1.725917 16.596188 14.870271 "" "" 1527.37952 1693.08411 9071.97263 3.646 3140.1 9.0454 8934.1 13.182 "" "" 0.0027896584807349297 0.004191278 0.00410488 0.008296158 305.87193317686 38.28578374408 1613.02673 -3.4499999999999993 -5.816000000000001 -0.023333263397216975 0.02068756484985368 0.1251792 0.123179205 "" "" 0.23842185913896533 "" 0.029636537369569813 "" 0.8
306.05284999486 38.67670162402 0.0228 0.026 13.3258 "" "" 2061156871239240064 1660.45959 0.5723 0.0301 -3.42 -5.775 0.031 0.031 0.96 8587.4 3.9795 15.860014 1.956513 16.831266 14.874753 "" "" 1590.97681 1752.68201 8529.84493 3.4583 2528.8 9.2089 8897.3 12.114 "" "" 0.002790261942088901 0.004839193 0.0040582027 0.008897396 306.05284999486 38.67670162402 1660.45959 -3.42 -5.775 0.006666736602783274 0.06168756484985316 0.1251792 0.1251792 "" "" 0.4883439310906753 "" 0.061130503285139554 "" 0.8
305.82879122693 38.29519276379 0.0315 0.0332 11.977 "" "" 2061121068391205376 1831.77429 0.5183 0.0416 -3.486 -5.788 0.042 0.042 0.988 "" "" 16.372694 2.078837 17.4284 15.349563 "" "" 1734.50586 1995.17151 5319.47899 3.0694 1459.0 6.8689 5745.6 11.47 "" "" 0.0028256449331392096 0.005823523 0.004356792 0.010180315 305.82879122693 38.29519276379 1831.77429 -3.4860000000000015 -5.788 -0.059333263397217006 0.04868756484985326 0.13617921 0.13617921 "" "" 0.6664102730075534 "" 0.09075122368470079 "" 0.8
305.95362833036 38.48257654622 0.0375 0.0415 1.9658 "" "" 2061129623966075648 1573.11243 0.6035 0.05 -3.34 -5.905 0.05 0.053 1.016 5181.0 3.8118 16.874435 2.1852 18.01184 15.826641 "" "" 1470.33044 1713.07288 3350.98506 3.9581 852.47 10.364 3702.6 18.163 "" "" 0.003039153396755478 0.013491628 0.006530736 0.020022364 305.95362833036 38.48257654622 1573.11243 -3.3399999999999994 -5.904999999999999 0.08666673660278335 -0.06831243515014673 0.14417921 0.1471792 "" "" 0.8228505320804802 "" 0.11958992606708627 "" 0.8
