Clusters/NGC_6913/NGC_6913_stars_in_region.tsv
# %ECSV 1.0
# ---
# datatype:
# - name: RA_ICRS_1
#   unit: deg
#   datatype: float64
#   format: '{:15.11f}'
#   description: Right ascension (ICRS) at Ep=2016.0 (ra)
#   meta: !!omap
#   - {ucd: POS_EQ_RA_MAIN}
#   - {width: 15}
#   - {precision: '11'}
# - name: DE_ICRS_1
#   unit: deg
#   datatype: float64
#   format: '{:15.11f}'
#   description: Declination (ICRS) at Ep=2016.0 (dec)
#   meta: !!omap
#   - {ucd: POS_EQ_DEC_MAIN}
#   - {width: 15}
#   - {precision: '11'}
# - name: e_RA_ICRS
#   unit: mas
#   datatype: float64
#   format: '{:7.4f}'
#   description: Standard error of right ascension (ra_error)
#   meta: !!omap
#   - {ucd: ERROR}
#   - {width: 7}
#   - {precision: '4'}
# - name: e_DE_ICRS
#   unit: mas
#   datatype: float64
#   format: '{:7.4f}'
#   description: Standard error of declination (dec_error)
#   meta: !!omap
#   - {ucd: ERROR}
#   - {width: 7}
#   - {precision: '4'}
# - name: _r_1
#   unit: ''
#   datatype: float64
#   format: '{:7.4f}'
#   description: Distance from center (305.91180731000+38.48390596000)[ICRS], at Epoch=J2016.0
#   meta: !!omap
#   - {ucd: POS_ANG_DIST_GENERAL}
#   - {width: 7}
#   - {precision: '4'}
# - name: HIP
#   datatype: int32
#   description: '? HIP cross-id number, van Leeuwen, Cat. I/311 (hip_original_ext_source_id)'
#   meta: !!omap
#   - {ucd: ID_NUMBER}
#   - {width: 6}
#   - values: {'null': -2147483648}
# - name: TYC2
#   datatype: string
#   description: Tycho-2 cross-id name, Hog et al., Cat. I/259 (tyc2_original_ext_source_id)
#   meta: !!omap
#   - {ucd: ID_CROSSID}
#   - {_votable_string_dtype: char}
# - name: Source
#   datatype: int64
#   description: Source identifier, identical to the Gaia-EDR3 source_id (id)
#   meta: !!omap
#   - {ucd: ID_MAIN}
#   - {width: 19}
# - name: rgeo
#   unit: pc
#   datatype: float64
#   format: '{:15.8f}'
#   description: '? Median of the geometric distance posterior (r_med_geo)'
#   meta: !!omap
#   - {ucd: PHYS_DISTANCE_TRUE}
#   - {width: 15}
#   - {precision: '8'}
#   - values: {'null': .nan}
# - name: Plx
#   unit: mas
#   datatype: float64
#   format: '{:9.4f}'
#   description: '? Parallax (parallax)'
#   meta: !!omap
#   - {ucd: POS_PARLX_TRIG}
#   - {width: 9}
#   - {precision: '4'}
#   - values: {'null': .nan}
# - name: e_Plx
#   unit: mas
#   datatype: float32
#   format: '{:7.4f}'
#   description: '? Standard error of parallax (parallax_error)'
#   meta: !!omap
#   - {ucd: ERROR}
#   - {width: 7}
#   - {precision: '4'}
#   - values: {'null': .nan}
# - name: pmRA
#   unit: mas / yr
#   datatype: float64
#   format: '{:9.3f}'
#   description: '? Proper motion in right ascension direction, pmRA*cosDE (pmra)'
#   meta: !!omap
#   - {ucd: POS_EQ_PMRA}
#   - {width: 9}
#   - {precision: '3'}
#   - values: {'null': .nan}
# - name: pmDE
#   unit: mas / yr
#   datatype: float64
#   format: '{:9.3f}'
#   description: '? Proper motion in declination direction (pmdec)'
#   meta: !!omap
#   - {ucd: POS_EQ_PMDEC}
#   - {width: 9}
#   - {precision: '3'}
#   - values: {'null': .nan}
# - name: e_pmRA
#   unit: mas / yr
#   datatype: float32
#   format: '{:6.3f}'
#   description: '? Standard error of proper motion in right ascension direction (pmra_error)'
#   meta: !!omap
#   - {ucd: ERROR}
#   - {width: 6}
#   - {precision: '3'}
#   - values: {'null': .nan}
# - name: e_pmDE
[...]
#         value: !astropy.table.SerializedColumn {name: SkyCoord.dec}
#       distance: !astropy.table.SerializedColumn
#         __class__: astropy.coordinates.distances.Distance
#         unit: !astropy.units.Unit {unit: pc}
#         value: !astropy.table.SerializedColumn {name: SkyCoord.distance}
#       frame: icrs
#       obstime: !astropy.time.Time {format: jyear_str, in_subfmt: '*', jd1: 367701545.0, jd2: 0.0, out_subfmt: '*', precision: 3, scale: tt}
#       pm_dec: !astropy.table.SerializedColumn
#         __class__: astropy.units.quantity.Quantity
#         unit: !astropy.units.Unit {unit: mas / yr}
#         value: !astropy.table.SerializedColumn {name: SkyCoord.pm_dec}
#       pm_ra_cosdec: !astropy.table.SerializedColumn
#         __class__: astropy.units.quantity.Quantity
#         unit: !astropy.units.Unit {unit: mas / yr}
#         value: !astropy.table.SerializedColumn {name: SkyCoord.pm_ra_cosdec}
#       ra: !astropy.table.SerializedColumn
#         __class__: astropy.coordinates.angles.Longitude
#         unit: *id001
#         value: !astropy.table.SerializedColumn {name: SkyCoord.ra}
#         wrap_angle: !astropy.coordinates.Angle
#           unit: *id001
#           value: 360.0
#       representation_type: spherical
# schema: astropy-2.0
RA_ICRS_1 DE_ICRS_1 e_RA_ICRS e_DE_ICRS _r_1 HIP TYC2 Source rgeo Plx e_Plx pmRA pmDE e_pmRA e_pmDE RUWE Teff logg Gmag BP-RP BPmag RPmag RV e_RV b_rgeo B_rgeo FG e_FG FBP e_FBP FRP e_FRP RAVE5 RAVE6 e_Gmag e_BPmag e_RPmag e_BP-RP SkyCoord.ra SkyCoord.dec SkyCoord.distance SkyCoord.pm_ra_cosdec SkyCoord.pm_dec rmRA rmDE e_rmRA e_rmDE rRV e_rRV v_pec v_pec3d e_vpec e_vpec3d
[from data line 1309]
306.39646496943 38.51310824786 0.0354 0.0512 22.8256 "" "" 2061144536093105792 1966.17053 0.4942 0.051 -1.121 -5.483 0.046 0.057 0.981 8856.4 4.1115 16.838205 2.530852 18.224117 15.693265 "" "" 1765.90942 2203.13501 3464.69393 2.3234 701.08 8.057 4186.5 8.2671 "" "" 0.0028498948122766777 0.012785727 0.0043451698 0.017130896 306.39646496943 38.51310824786 1966.17053 -1.1209999999999996 -5.482999999999999 2.305666736602783 0.35368756484985386 0.1401792 0.15117921 "" "" 21.73935372332306 "" 3.0531133670766217 ""
305.66277797721 38.76089491644 0.321 0.5051 20.3095 "" "" 2061187520126590208 1926.64319 0.8859 0.4454 -3.591 -2.875 0.433 0.611 10.467 "" "" 16.838257 1.690343 17.148716 15.458373 "" "" 1327.41907 2642.04712 3464.53047 5.5164 1887.7 11.37 5197.7 13.393 "" "" 0.0032527547450021685 0.0071099605 0.0047021788 0.011812139 305.66277797721 38.76089491644 1926.64319 -3.591 -2.875000000000001 -0.164333263397217 2.9616875648498535 0.5271792 0.7051792 "" "" 27.08858921277566 "" 19.089374106452524 ""
305.98530389923 38.90293196581 0.0375 0.044 25.3761 "" "" 2061209299898955264 1448.34924 0.6608 0.0488 0.138 -0.726 0.051 0.052 1.019 8953.1 4.1985 16.844395 2.424027 18.155712 15.731686 "" "" 1345.96814 1553.14966 3444.99747 2.2859 746.68 6.6104 4041.0 7.9662 "" "" 0.0028479485354685643 0.010008856 0.00434337 0.014352226 305.98530389923 38.90293196581 1448.34924 0.138 -0.726 3.564666736602783 5.1106875648498535 0.14517921 0.1461792 "" "" 42.777246878669956 "" 6.2391761505412076 ""
305.76179147343 38.79280893681 0.0412 0.0438 19.8229 "" "" 2061210541151904512 1539.83264 0.6304 0.0489 -6.382 -7.047 0.054 0.054 1.006 6011.3 4.4389 16.845427 1.620254 17.580162 15.959908 "" "" 1420.58655 1666.96484 3441.72448 2.3847 1268.7 7.9768 3274.9 9.0261 "" "" 0.0028561724260272353 0.007374638 0.004820629 0.012195267 305.76179147343 38.79280893681 1539.83264 -6.382 -7.046999999999997 -2.9553332633972165 -1.2103124351501462 0.1481792 0.1481792 "" "" 23.309206210756056 "" 3.4539396052094595 ""
306.24188111762 38.38286778836 0.0389 0.0485 16.6559 "" "" 2061136530274071808 1578.09387 0.6141 0.0536 -4.573 -1.361 0.052 0.06 1.078 8075.8 4.2492 16.847857 2.281848 18.055456 15.773608 "" "" 1474.26697 1737.71619 3434.02898 2.0767 818.91 7.0125 3887.9 9.9405 "" "" 0.002832472338486358 0.009707034 0.0046893316 0.014396366 306.24188111762 38.38286778836 1578.09387 -4.573 -1.3609999999999993 -1.1463332633972172 4.475687564849854 0.1461792 0.1541792 "" "" 34.55954324582014 "" 5.311758186707923 ""
305.60210100608 38.81900852012 0.0387 0.0438 24.7963 "" "" 2061199683474007936 1572.80786 0.6126 0.0503 2.294 4.534 0.052 0.059 0.995 5557.9 4.5723 16.848324 1.557245 17.560347 16.003101 "" "" 1468.87427 1734.2262 3432.55082 2.1346 1292.0 9.0202 3147.2 9.4605 "" "" 0.002836840916509658 0.008077361 0.004993561 0.013070922 305.60210100608 38.81900852012 1572.80786 2.294 4.533999999999994 5.720666736602784 10.370687564849852 0.1461792 0.1531792 "" "" 88.29732343652795 "" 13.383670773561462 ""
305.67535528056 38.72918259004 0.0361 0.044 18.4252 "" "" 2061186592413641856 1456.98206 0.6566 0.0477 -0.939 -3.008 0.05 0.058 1.02 5540.9 4.5338 16.849216 1.655548 17.631647 15.976099 "" "" 1364.08276 1556.51294 3429.73356 2.1584 1209.9 11.7 3226.4 7.7807 "" "" 0.0028387769937688115 0.010863725 0.0045977593 0.015461484 305.67535528056 38.72918259004 1456.98206 -0.9389999999999994 -3.008000000000001 2.487666736602783 2.8286875648498535 0.14417921 0.15217921 "" "" 26.01495735321838 "" 3.8695477010255 ""
306.17692875398 38.46657051147 0.0372 0.0457 12.4968 "" "" 2061140683500918656 1587.32178 0.605 0.051 -4.118 -4.699 0.049 0.055 1.033 8466.5 4.4137 16.850458 2.157373 17.972506 15.815133 "" "" 1496.23657 1690.875 3425.81061 2.1896 883.92 8.7445 3742.0 10.322 "" "" 0.002841364214072478 0.0110975215 0.004822161 0.015919682 306.17692875398 38.46657051147 1587.32178 -4.118 -4.699 -0.6913332633972171 1.1376875648498537 0.14317921 0.1491792 "" "" 10.016334809901545 "" 1.4782624452618023 ""
306.18524547314 38.43993898833 0.0373 0.0474 13.1145 "" "" 2061137694203629952 1724.73035 0.5553 0.0524 -4.139 -4.21 0.049 0.059 0.972 8256.9 4.1344 16.853514 2.354337 18.109478 15.755141 "" "" 1606.99133 1940.01562 3416.18411 2.2976 779.16 8.407 3954.6 9.5124 "" "" 0.0028504420407216386 0.012042591 0.0045939465 0.016636537 306.18524547314 38.43993898833 1724.73035 -4.139000000000001 -4.210000000000001 -0.712333263397217 1.6266875648498536 0.14317921 0.1531792 "" "" 14.517709682117859 "" 2.20109794867432 ""
305.39726408763 38.38135104244 0.0375 0.0406 24.9542 "" "" 2061081417257199232 1775.86267 0.5254 0.0496 -0.295 -1.553 0.052 0.05 0.993 7186.0 4.2956 16.85569 1.897852 17.802923 15.905071 "" "" 1615.42517 1976.60205 3409.34411 1.9292 1033.4 6.735 3444.5 9.4839 "" "" 0.0028229844492816338 0.0076063215 0.0048187426 0.012425064 305.39726408763 38.38135104244 1775.86267 -0.29499999999999926 -1.553 3.1316667366027833 4.283687564849854 0.1461792 0.14417921 "" "" 44.6666462268873 "" 6.471256804221635 ""
305.966330395 38.64511783124 0.037 0.04 10.0052 "" "" 2061157936391134848 1429.08411 0.6738 0.0474 -0.548 -0.601 0.05 0.048 0.943 4919.9 4.2205 16.856392 2.005499 17.842867 15.837368 "" "" 1325.13977 1530.50977 3407.1415 2.0333 996.02 11.651 3666.2 11.466 "" "" 0.002830480026784542 0.013003335 0.0050807493 0.018084085 305.966330395 38.64511783124 1429.08411 -0.548 -0.601 2.878666736602783 5.2356875648498535 0.14417921 0.1421792 "" "" 40.47296750052465 "" 5.773305276187436 ""
306.28467247887 38.36118701979 0.0405 0.0503 19.011 "" "" 2058133867094618624 1699.05994 0.5483 0.0539 -1.829 -4.202 0.055 0.06 1.028 8205.1 4.292 16.856943 2.218285 18.011137 15.792852 "" "" 1557.76685 1922.37756 3405.40885 2.1953 853.02 7.1016 3819.6 8.4259 "" "" 0.0028428293397399 0.009459858 0.004474395 0.013934253 306.28467247887 38.36118701979 1699.05994 -1.829 -4.202 1.5976667366027832 1.6346875648498536 0.1491792 0.1541792 "" "" 18.408545909398093 "" 2.793626512863203 ""
305.47588952951 38.6013157809 0.0355 0.0406 21.636 "" "" 2061179033270975744 1592.95093 0.6081 0.0464 -6.575 -8.804 0.046 0.053 1.028 4920.4 4.3336 16.8577 1.661877 17.644756 15.98288 "" "" 1477.67407 1702.14099 3403.03719 2.0418 1195.4 8.6815 3206.3 8.5471 "" "" 0.002831281755379509 0.008364176 0.004760307 0.013124483 305.47588952951 38.6013157809 1592.95093 -6.575 -8.803999999999998 -3.148333263397217 -2.9673124351501468 0.1401792 0.1471792 "" "" 32.66617064817724 "" 4.688076371589698 ""
306.01518754598 38.77908022197 0.0401 0.0475 18.3613 "" "" 2061161166206630144 1827.33765 0.5175 0.0529 -3.42 -4.725 0.056 0.054 1.009 7021.1 4.2161 16.858006 2.086278 17.931494 15.845216 "" "" 1660.31836 1967.73376 3402.07774 1.8714 917.95 8.7024 3639.8 9.7552 "" "" 0.002819305122814322 0.010664523 0.0047698463 0.015434369 306.01518754598 38.77908022197 1827.33765 -3.42 -4.725 0.006666736602783274 1.1116875648498539 0.1501792 0.1481792 "" "" 9.62914443429796 "" 1.426839647708312 ""
306.39513866277 38.34615601803 0.0372 0.0483 24.1787 "" "" 2058134245051722112 2127.34058 0.4404 0.0515 -1.018 -3.538 0.051 0.056 0.973 9279.5 4.0517 16.859104 2.396479 18.138403 15.741924 "" "" 1920.6759 2392.56958 3398.63878 2.252 758.67 8.477 4003.0 10.625 "" "" 0.0028476950146919897 0.012448202 0.0047527514 0.017200954 306.39513866277 38.34615601803 2127.34058 -1.0180000000000011 -3.5379999999999985 2.4086667366027834 2.2986875648498537 0.14517921 0.1501792 "" "" 33.57343295933821 "" 4.954887662374617 ""
305.91014521104 38.47569737122 0.0361 0.0426 0.4987 "" "" 2061130311160863232 1919.34717 0.4994 0.0502 -3.609 -6.972 0.049 0.05 1.029 6912.7 3.7493 16.86208 1.894961 17.798197 15.903235 "" "" 1719.1095 2133.18945 3389.33873 2.0567 1037.9 9.9109 3450.4 10.193 "" "" 0.002832994920928093 0.0107365735 0.0049569467 0.01569352 305.91014521104 38.47569737122 1919.34717 -3.608999999999998 -6.972000000000001 -0.18233326339721678 -1.135312435150147 0.14317921 0.14417921 "" "" 10.461094567997359 "" 1.508010202161187 ""
306.0491432002 38.76110602174 0.042 0.0446 17.8345 "" "" 2061160341572906624 2020.51648 0.4712 0.0511 -1.196 -4.88 0.056 0.054 0.95 "" "" 16.866615 2.556971 18.263514 15.706543 "" "" 1838.48523 2267.99902 3375.2103 2.2778 676.1 6.7818 4135.6 8.2145 "" "" 0.0028510823452787314 0.011242499 0.00435139 0.015593888 306.0491432002 38.76110602174 2020.51648 -1.1959999999999975 -4.88 2.2306667366027835 0.9566875648498536 0.1501792 0.1481792 "" "" 23.245552048732954 "" 3.4838163687386454 ""
305.7288128275 38.44390251733 0.0361 0.0421 8.9258 "" "" 2061131646889686528 1826.36023 0.531 0.0481 -0.717 -9.483 0.049 0.055 0.992 4753.5 4.2723 16.867666 1.749092 17.709412 15.96032 "" "" 1680.25903 2008.3136 3371.94365 1.9301 1126.3 6.4368 3273.6 7.5881 "" "" 0.0028245390491811093 0.00680344 0.004540651 0.011344091 305.7288128275 38.44390251733 1826.36023 -0.7169999999999965 -9.483 2.709666736602783 -3.646312435150147 0.14317921 0.1491792 "" "" 39.3275970057939 "" 5.7840140615724405 ""
306.19061414899 38.70592943558 0.0529 0.0643 18.6655 "" "" 2061162162639027328 1830.32129 0.5547 0.0722 -2.517 -6.314 0.07 0.08 1.433 9251.3 3.7291 16.868536 2.514674 18.207703 15.693028 "" "" 1589.797 2146.84985 3369.24312 3.8694 711.76 8.4418 4187.4 16.202 "" "" 0.0030243308963155426 0.0131761385 0.005650822 0.018826962 306.19061414899 38.70592943558 1830.32129 -2.5170000000000003 -6.314 0.9096667366027833 -0.47731243515014654 0.1641792 0.1741792 "" "" 8.912466453143514 "" 1.4829356908928277 ""
305.88993389498 38.53202080319 0.0383 0.0414 3.0641 "" "" 2061133678415260672 1835.50891 0.5315 0.0496 -0.31 0.905 0.048 0.051 1.019 4800.9 4.284 16.868864 1.78789 17.74287 15.95498 "" "" 1700.59546 2001.55334 3368.22305 1.9674 1092.1 6.0827 3289.8 7.2986 "" "" 0.0028273627740763333 0.0066599054 0.004481727 0.011141632 305.88993389498 38.53202080319 1835.50891 -0.3100000000000004 0.9050000000000007 3.116666736602783 6.741687564849854 0.1421792 0.14517921 "" "" 64.61934730033768 "" 9.347541781436966 ""
305.43790077629 38.48647789052 0.0368 0.039 22.2581 "" "" 2061176112693184000 1746.36365 0.5512 0.0474 -0.27 -0.397 0.048 0.052 1.006 4742.9 4.3313 16.869375 1.619213 17.64014 16.020927 "" "" 1623.78381 1912.38806 3366.64021 1.8116 1200.5 7.2076 3095.9 7.7971 "" "" 0.002816580121961551 0.0070906207 0.0046648644 0.011755485 305.43790077629 38.48647789052 1746.36365 -0.27 -0.397 3.156666736602783 5.439687564849853 0.1421792 0.1461792 "" "" 52.06097808690289 "" 7.558312470987863 ""
306.20749623543 38.38021750607 0.0373 0.045 15.2265 "" "" 2061136221036414976 1778.12769 0.5329 0.0501 -0.667 -1.838 0.05 0.055 1.002 7147.6 3.6467 16.873568 2.14556 17.979996 15.834435 "" "" 1630.92773 1991.9978 3353.66321 2.2246 877.85 8.7041 3676.1 9.7448 "" "" 0.0028478915443072026 0.011121045 0.0047505093 0.015871555 306.20749623543 38.38021750607 1778.12769 -0.6670000000000005 -1.838 2.7596667366027834 3.9986875648498534 0.14417921 0.1491792 "" "" 40.94922682418067 "" 6.043473984365527 ""
306.26366409606 38.32658984206 0.0377 0.0448 19.047 "" "" 2058133386058046976 1645.29102 0.6011 0.0507 -0.283 -2.928 0.049 0.055 0.928 6694.1 4.2776 16.873766 2.075628 17.9287 15.853071 "" "" 1508.27209 1773.05225 3353.05438 1.9523 920.32 7.4136 3613.5 12.013 "" "" 0.002826910254615152 0.009180379 0.005226113 0.014406492 306.26366409606 38.32658984206 1645.29102 -0.2829999999999999 -2.928 3.1436667366027833 2.9086875648498536 0.14317921 0.1491792 "" "" 33.40084715063741 "" 4.875763996173131 ""
305.62786892932 38.38254925584 0.0369 0.0424 14.6654 "" "" 2061125878746615680 1889.06165 0.504 0.0497 -2.433 -5.037 0.051 0.057 0.951 4885.0 4.3042 16.873901 1.833586 17.751543 15.917957 "" "" 1762.0365 2084.2334 3352.63392 3.7757 1083.4 5.9823 3403.9 13.87 "" "" 0.0030144473660598955 0.006612675 0.0058186166 0.012431292 305.62786892932 38.38254925584 1889.06165 -2.432999999999999 -5.037000000000001 0.9936667366027834 0.7996875648498536 0.14517921 0.15117921 "" "" 11.420928263202414 "" 1.6853501352251175 ""
305.9793011649 38.72458193544 0.0388 0.0408 14.7833 "" "" 2061159516939105280 1556.68152 0.6153 0.0478 -6.115 -9.147 0.052 0.048 0.976 5108.0 4.2653 16.874004 2.216549 18.0402 15.82365 "" "" 1449.17676 1701.40137 3352.31588 1.9712 830.5 7.8061 3712.8 7.1083 "" "" 0.00282831684301896 0.010579689 0.0043133115 0.014893001 305.9793011649 38.72458193544 1556.68152 -6.115000000000002 -9.147000000000002 -2.688333263397217 -3.3103124351501467 0.1461792 0.1421792 "" "" 31.465772329093873 "" 4.524217761598593 ""
305.95362833036 38.48257654622 0.0375 0.0415 1.9658 "" "" 2061129623966075648 1573.11243 0.6035 0.05 -3.34 -5.905 0.05 0.053 1.016 5181.0 3.8118 16.874435 2.1852 18.01184 15.826641 "" "" 1470.33044 1713.07288 3350.98506 3.9581 852.47 10.364 3702.6 18.163 "" "" 0.003039153396755478 0.013491628 0.006530736 0.020022364 305.95362833036 38.48257654622 1573.11243 -3.3399999999999994 -5.904999999999999 0.08666673660278335 -0.06831243515014673 0.14417921 0.1471792 "" "" 0.8228505320804802 "" 0.11958992606708627 ""
305.43409406853 38.5710845379 0.0364 0.0382 23.0252 "" "" 2061177384003544064 1940.97705 0.4888 0.0455 -2.106 -3.758 0.048 0.053 1.033 "" "" 16.877655 1.991847 17.867294 15.875447 "" "" 1784.63147 2139.66699 3341.06159 1.941 973.87 8.4851 3539.8 11.881 "" "" 0.002826596850824917 0.009862666 0.005250114 0.01511278 305.43409406853 38.5710845379 1940.97705 -2.1060000000000003 -3.7580000000000005 1.3206667366027833 2.0786875648498535 0.1421792 0.1471792 "" "" 22.65780416393094 "" 3.302576783295913 ""
305.78613276675 38.65820754001 0.0356 0.0451 12.0053 "" "" 2061182331806042240 2108.93848 0.4609 0.0482 -4.559 -5.395 0.047 0.056 0.986 "" "" 16.879843 1.881367 17.73995 15.858583 "" "" 1890.51343 2423.66064 3334.34107 2.1121 1095.1 7.5163 3595.2 26.822 "" "" 0.0028398565892170566 0.007957249 0.008938454 0.016895704 305.78613276675 38.65820754001 2108.93848 -4.559000000000001 -5.394999999999996 -1.132333263397217 0.44168756484985394 0.1411792 0.1501792 "" "" 12.149871396556986 "" 1.7301459123914265 ""
305.74100769819 38.83639747329 0.0431 0.0531 22.6128 "" "" 2061210850389552896 1622.75452 0.601 0.0567 -1.081 -2.652 0.056 0.064 1.156 6654.4 4.3567 16.88057 1.727535 17.682203 15.954668 "" "" 1481.53162 1837.8302 3332.10444 2.7812 1154.9 9.9781 3290.7 9.0104 "" "" 0.0029005241221873057 0.009786703 0.0048085186 0.014595222 305.74100769819 38.83639747329 1622.75452 -1.081 -2.652 2.3456667366027832 3.1846875648498534 0.1501792 0.15817921 "" "" 30.423589249599377 "" 4.728207643066464 ""
305.44826427428 38.63948866725 0.0381 0.0416 23.6665 "" "" 2061190853012526720 1519.49487 0.6238 0.049 -6.417 -10.868 0.053 0.056 1.047 5066.2 4.3984 16.880701 1.613161 17.625717 16.012556 "" "" 1409.15051 1653.1936 3331.70117 2.0021 1216.6 7.4835 3119.9 8.4409 "" "" 0.002831514452245954 0.007237948 0.0047866916 0.012024639 305.44826427428 38.63948866725 1519.49487 -6.417 -10.867999999999999 -2.9903332633972166 -5.031312435150147 0.1471792 0.1501792 "" "" 42.15481221115045 "" 6.298009401434629 ""
305.93591882179 38.45102305685 0.0365 0.0404 2.275 "" "" 2061129417807640704 1460.52454 0.6587 0.0487 -1.201 -10.309 0.048 0.05 0.988 7075.3 4.307 16.881725 1.969389 17.867636 15.898247 "" "" 1370.75244 1585.30054 3328.56 1.8014 973.56 8.0312 3466.2 8.6295 "" "" 0.002817278334261804 0.0093811145 0.0046465346 0.01402765 305.93591882179 38.45102305685 1460.52454 -1.2010000000000005 -10.309 2.225666736602783 -4.472312435150146 0.1421792 0.14417921 "" "" 34.583383024364544 "" 4.97255177393467 ""
