Clusters/NGC_6913/NGC_6913_stars_in_region.tsv
# %ECSV 1.0
# ---
# datatype:
# - name: RA_ICRS_1
#   unit: deg
#   datatype: float64
#   format: '{:15.11f}'
#   description: Right ascension (ICRS) at Ep=2016.0 (ra)
#   meta: !!omap
#   - {ucd: POS_EQ_RA_MAIN}
#   - {width: 15}
#   - {precision: '11'}
# - name: DE_ICRS_1
#   unit: deg
#   datatype: float64
#   format: '{:15.11f}'
#   description: Declination (ICRS) at Ep=2016.0 (dec)
#   meta: !!omap
#   - {ucd: POS_EQ_DEC_MAIN}
#   - {width: 15}
#   - {precision: '11'}
# - name: e_RA_ICRS
#   unit: mas
#   datatype: float64
#   format: '{:7.4f}'
#   description: Standard error of right ascension (ra_error)
#   meta: !!omap
#   - {ucd: ERROR}
#   - {width: 7}
#   - {precision: '4'}
# - name: e_DE_ICRS
#   unit: mas
#   datatype: float64
#   format: '{:7.4f}'
#   description: Standard error of declination (dec_error)
#   meta: !!omap
#   - {ucd: ERROR}
#   - {width: 7}
#   - {precision: '4'}
# - name: _r_1
#   unit: ''
#   datatype: float64
#   format: '{:7.4f}'
#   description: Distance from center (305.91180731000+38.48390596000)[ICRS], at Epoch=J2016.0
#   meta: !!omap
#   - {ucd: POS_ANG_DIST_GENERAL}
#   - {width: 7}
#   - {precision: '4'}
# - name: HIP
#   datatype: int32
#   description: '? HIP cross-id number, van Leeuwen, Cat. I/311 (hip_original_ext_source_id)'
#   meta: !!omap
#   - {ucd: ID_NUMBER}
#   - {width: 6}
#   - values: {'null': -2147483648}
# - name: TYC2
#   datatype: string
#   description: Tycho-2 cross-id name, Hog et al., Cat. I/259 (tyc2_original_ext_source_id)
#   meta: !!omap
#   - {ucd: ID_CROSSID}
#   - {_votable_string_dtype: char}
# - name: Source
#   datatype: int64
#   description: Source identifier, identical to the Gaia-EDR3 source_id (id)
#   meta: !!omap
#   - {ucd: ID_MAIN}
#   - {width: 19}
# - name: rgeo
#   unit: pc
#   datatype: float64
#   format: '{:15.8f}'
#   description: '? Median of the geometric distance posterior (r_med_geo)'
#   meta: !!omap
#   - {ucd: PHYS_DISTANCE_TRUE}
#   - {width: 15}
#   - {precision: '8'}
#   - values: {'null': .nan}
# - name: Plx
#   unit: mas
#   datatype: float64
#   format: '{:9.4f}'
#   description: '? Parallax (parallax)'
#   meta: !!omap
#   - {ucd: POS_PARLX_TRIG}
#   - {width: 9}
#   - {precision: '4'}
#   - values: {'null': .nan}
# - name: e_Plx
#   unit: mas
#   datatype: float32
#   format: '{:7.4f}'
#   description: '? Standard error of parallax (parallax_error)'
#   meta: !!omap
#   - {ucd: ERROR}
#   - {width: 7}
#   - {precision: '4'}
#   - values: {'null': .nan}
# - name: pmRA
#   unit: mas / yr
#   datatype: float64
#   format: '{:9.3f}'
#   description: '? Proper motion in right ascension direction, pmRA*cosDE (pmra)'
#   meta: !!omap
#   - {ucd: POS_EQ_PMRA}
#   - {width: 9}
#   - {precision: '3'}
#   - values: {'null': .nan}
# - name: pmDE
#   unit: mas / yr
#   datatype: float64
#   format: '{:9.3f}'
#   description: '? Proper motion in declination direction (pmdec)'
#   meta: !!omap
#   - {ucd: POS_EQ_PMDEC}
#   - {width: 9}
#   - {precision: '3'}
#   - values: {'null': .nan}
# - name: e_pmRA
#   unit: mas / yr
#   datatype: float32
#   format: '{:6.3f}'
#   description: '? Standard error of proper motion in right ascension direction (pmra_error)'
#   meta: !!omap
#   - {ucd: ERROR}
#   - {width: 6}
#   - {precision: '3'}
#   - values: {'null': .nan}
# - name: e_pmDE
[...]
#         value: !astropy.table.SerializedColumn {name: SkyCoord.dec}
#       distance: !astropy.table.SerializedColumn
#         __class__: astropy.coordinates.distances.Distance
#         unit: !astropy.units.Unit {unit: pc}
#         value: !astropy.table.SerializedColumn {name: SkyCoord.distance}
#       frame: icrs
#       obstime: !astropy.time.Time {format: jyear_str, in_subfmt: '*', jd1: 367701545.0, jd2: 0.0, out_subfmt: '*', precision: 3, scale: tt}
#       pm_dec: !astropy.table.SerializedColumn
#         __class__: astropy.units.quantity.Quantity
#         unit: !astropy.units.Unit {unit: mas / yr}
#         value: !astropy.table.SerializedColumn {name: SkyCoord.pm_dec}
#       pm_ra_cosdec: !astropy.table.SerializedColumn
#         __class__: astropy.units.quantity.Quantity
#         unit: !astropy.units.Unit {unit: mas / yr}
#         value: !astropy.table.SerializedColumn {name: SkyCoord.pm_ra_cosdec}
#       ra: !astropy.table.SerializedColumn
#         __class__: astropy.coordinates.angles.Longitude
#         unit: *id001
#         value: !astropy.table.SerializedColumn {name: SkyCoord.ra}
#         wrap_angle: !astropy.coordinates.Angle
#           unit: *id001
#           value: 360.0
#       representation_type: spherical
# schema: astropy-2.0
RA_ICRS_1 DE_ICRS_1 e_RA_ICRS e_DE_ICRS _r_1 HIP TYC2 Source rgeo Plx e_Plx pmRA pmDE e_pmRA e_pmDE RUWE Teff logg Gmag BP-RP BPmag RPmag RV e_RV b_rgeo B_rgeo FG e_FG FBP e_FBP FRP e_FRP RAVE5 RAVE6 e_Gmag e_BPmag e_RPmag e_BP-RP SkyCoord.ra SkyCoord.dec SkyCoord.distance SkyCoord.pm_ra_cosdec SkyCoord.pm_dec rmRA rmDE e_rmRA e_rmDE rRV e_rRV v_pec v_pec3d e_vpec e_vpec3d
[from data line 1374]
306.1011587467 38.09153470476 0.0427 0.0496 25.1746 "" "" 2058106688537191296 1740.34387 0.5644 0.0566 -6.68 -2.136 0.056 0.062 1.105 8205.3 4.1847 16.92582 2.2938 17.967272 15.673471 "" "" 1556.96814 1948.40247 3196.08908 2.4294 888.19 23.795 4263.5 87.784 "" "" 0.0028762625610901428 0.029220864 0.022672158 0.051893022 306.1011587467 38.09153470476 1740.34387 -6.68 -2.136000000000002 -3.2533332633972165 3.7006875648498534 0.1501792 0.1561792 "" "" 40.647251452551565 "" 6.243109589457621 ""
306.19626622957 38.4927816474 0.0446 0.0533 13.37 "" "" 2061140825241385216 1505.39868 0.6336 0.0608 -0.084 -3.067 0.059 0.064 1.075 7987.9 4.0997 16.926277 2.340666 18.181797 15.841131 "" "" 1372.76575 1659.35974 3194.74356 2.1489 728.95 7.2591 3653.5 8.2019 "" "" 0.002850462309577463 0.011166296 0.0044971905 0.015663486 306.19626622957 38.4927816474 1505.39868 -0.08399999999999963 -3.067 3.342666736602783 2.7696875648498533 0.1531792 0.15817921 "" "" 30.97584913379207 "" 4.808505476782601 ""
305.78036117873 38.14337899674 0.0389 0.0465 21.3482 "" "" 2061106602941313408 2086.37939 0.4526 0.0531 -1.167 -6.278 0.051 0.064 0.943 8058.3 4.0858 16.928307 2.355694 18.18847 15.832777 "" "" 1895.24524 2412.82422 3188.77434 2.2722 724.48 5.6308 3681.7 10.329 "" "" 0.002861875393870711 0.00888787 0.0048540733 0.013741944 305.78036117873 38.14337899674 2086.37939 -1.1669999999999998 -6.2780000000000005 2.2596667366027834 -0.44131243515014607 0.14517921 0.15817921 "" "" 22.76902325119729 "" 3.316931428551986 ""
305.79856284956 38.77375615579 0.0748 0.086 18.183 "" "" 2061207483135186304 1893.4292 0.5409 0.0953 -0.798 -7.579 0.099 0.109 1.886 "" "" 16.92886 1.784347 17.73975 15.955402 "" "" 1638.81519 2227.15356 3187.15492 5.4015 1095.3 8.2944 3288.5 11.836 "" "" 0.0033132559971429153 0.008682507 0.0054364107 0.014118917 305.79856284956 38.77375615579 1893.4292 -0.7980000000000023 -7.579000000000004 2.628666736602783 -1.7423124351501462 0.1931792 0.20317921 "" "" 28.303596718855275 "" 5.555585867258144 ""
305.6130853761 38.67280748264 0.0383 0.0474 18.0219 "" "" 2061184908786195328 1869.05969 0.5012 0.0512 -1.532 -3.181 0.053 0.063 1.018 "" "" 16.93192 2.507891 18.3018 15.793909 "" "" 1710.29199 2061.55615 3178.18335 2.2324 652.68 7.9078 3815.9 9.6165 "" "" 0.002858916443726508 0.013447311 0.004665876 0.018113187 305.6130853761 38.67280748264 1869.05969 -1.5319999999999998 -3.1809999999999996 1.8946667366027832 2.6556875648498535 0.1471792 0.1571792 "" "" 28.901613378853952 "" 4.447345314773549 ""
305.95880042041 38.70791173901 0.0382 0.0449 13.6198 "" "" 2061159379500152448 1635.07056 0.5739 0.0512 -0.133 2.977 0.05 0.056 1.052 5595.4 4.3039 16.932423 2.039103 17.975277 15.936174 "" "" 1503.86865 1774.74255 3176.71147 1.8671 881.67 6.7525 3347.3 9.53 "" "" 0.0028282518638942686 0.008771022 0.0048825243 0.013653547 305.95880042041 38.70791173901 1635.07056 -0.1329999999999999 2.977 3.293666736602783 8.813687564849854 0.14417921 0.1501792 "" "" 72.92197577613078 "" 10.898694449696105 ""
305.54994780971 38.48999544048 0.0379 0.0453 16.9986 "" "" 2061174497785422592 1541.99036 0.6232 0.0505 1.189 -2.022 0.051 0.062 1.024 5385.3 4.5908 16.933445 1.573751 17.649658 16.075907 "" "" 1447.99475 1645.65332 3173.71836 2.295 1190.0 5.3 2943.0 8.6954 "" "" 0.0028649974057297573 0.0055828653 0.0049572657 0.0105401315 305.54994780971 38.48999544048 1541.99036 1.1890000000000003 -2.0219999999999994 4.615666736602783 3.8146875648498537 0.14517921 0.1561792 "" "" 43.76654420110097 "" 6.5536413519852585 ""
305.81653734711 38.770748797 0.0838 0.1056 17.7805 "" "" 2061207276976754304 2057.01733 0.4877 0.1104 -3.39 -6.936 0.108 0.133 2.302 5355.8 4.6959 16.93439 1.782536 17.725924 15.943388 "" "" 1723.99634 2646.40112 3170.96208 4.6013 1109.3 10.655 3325.1 9.1683 "" "" 0.0031739465758447863 0.010795467 0.0048214076 0.015616874 305.81653734711 38.770748797 2057.01733 -3.3900000000000006 -6.936000000000002 0.03666673660278308 -1.0993124351501464 0.20217921 0.2271792 "" "" 10.724545006773083 "" 2.436111980344358 ""
305.6401558755 38.77370722996 0.0428 0.0484 21.5516 "" "" 2061187481462173952 1574.45068 0.6046 0.0536 -4.599 -6.059 0.06 0.064 0.972 5453.8 4.5748 16.935568 1.676848 17.733614 16.056767 "" "" 1456.34167 1724.72693 3167.52322 2.2559 1101.5 8.9572 2995.4 8.2568 "" "" 0.0028617681797302795 0.0092594 0.0048208637 0.014080264 305.6401558755 38.77370722996 1574.45068 -4.599 -6.059 -1.172333263397217 -0.22231243515014665 0.1541792 0.15817921 "" "" 8.904921221580805 "" 1.3742055431628284 ""
305.92638072293 38.21947888323 0.0414 0.0449 15.8804 "" "" 2061107908611328640 1629.03247 0.5948 0.0545 -3.422 -6.135 0.052 0.057 0.996 8329.4 4.1679 16.940964 2.281445 18.129932 15.848487 "" "" 1515.2533 1758.09753 3151.81957 2.2525 764.62 7.4419 3628.8 7.5637 "" "" 0.0028624938870139517 0.010929413 0.0044051283 0.015334541 305.92638072293 38.21947888323 1629.03247 -3.422 -6.135 0.00466673660278305 -0.29831243515014627 0.1461792 0.15117921 "" "" 2.303735290791976 "" 0.34827410815088294 ""
305.44048900909 38.43244903313 0.0374 0.0447 22.3585 "" "" 2061175425498392320 1650.42981 0.5869 0.0517 0.976 -1.508 0.052 0.063 1.022 4836.5 4.3177 16.94098 1.681904 17.742847 16.060944 "" "" 1528.66174 1802.91711 3151.77081 1.7783 1092.1 7.5624 2983.9 7.2543 "" "" 0.0028225988431514826 0.008019375 0.004609895 0.01262927 305.44048900909 38.43244903313 1650.42981 0.9759999999999996 -1.508 4.402666736602783 4.3286875648498535 0.1461792 0.1571792 "" "" 48.30116464364417 "" 7.326597205104861 ""
305.73628081716 38.81527906884 0.0413 0.0495 21.5165 "" "" 2061187348327888512 1654.5271 0.586 0.0543 0.546 -0.448 0.055 0.065 0.998 5082.2 4.4799 16.941467 1.691175 17.745785 16.05461 "" "" 1534.00488 1804.00378 3150.35632 2.0364 1089.2 7.9267 3001.3 10.341 "" "" 0.002843298308183147 0.008379656 0.0053177197 0.013697376 305.73628081716 38.81527906884 1654.5271 0.546 -0.44800000000000006 3.9726667366027835 5.388687564849853 0.1491792 0.15917921 "" "" 52.503507899434275 "" 8.176437450119534 ""
305.40379202991 38.39157865397 0.0377 0.0431 24.5094 "" "" 2061081451616938624 1487.35767 0.6427 0.0517 -1.993 -3.659 0.052 0.055 1.0 4803.2 4.2706 16.941795 1.802702 17.824596 16.021894 "" "" 1396.80835 1593.98193 3149.40748 1.7987 1012.9 5.9337 3093.1 6.5338 "" "" 0.0028242344185420735 0.0069454685 0.004420838 0.011366306 305.40379202991 38.39157865397 1487.35767 -1.9930000000000023 -3.6590000000000016 1.433666736602783 2.1776875648498537 0.1461792 0.1491792 "" "" 18.381269599705373 "" 2.7255472199436146 ""
305.64300221154 38.32395019831 0.0405 0.0507 15.8698 "" "" 2061123507932851712 1637.68433 0.5901 0.0575 -2.372 -2.905 0.056 0.065 0.973 7979.0 4.0769 16.942276 2.022728 17.971348 15.94862 "" "" 1480.49597 1832.6969 3148.01347 1.9668 884.87 6.4486 3309.1 8.4163 "" "" 0.0028375932711329427 0.008389977 0.0046807346 0.013070712 305.64300221154 38.32395019831 1637.68433 -2.372 -2.9049999999999967 1.0546667366027833 2.9316875648498537 0.1501792 0.15917921 "" "" 24.185418016140115 "" 3.825501782219934 ""
305.9165497688 38.69002013631 0.0367 0.0448 12.3689 "" "" 2061159001543033472 1803.79163 0.5345 0.0495 -6.499 -6.168 0.049 0.06 1.01 7091.9 4.3295 16.942587 1.860311 17.851421 15.991111 "" "" 1671.65259 1950.75537 3147.11256 1.8934 988.21 8.3314 3182.1 9.6746 "" "" 0.0028316913236016254 0.009569423 0.0050179902 0.0145874135 305.9165497688 38.69002013631 1803.79163 -6.4990000000000006 -6.167999999999998 -3.0723332633972165 -0.33131243515014663 0.14317921 0.1541792 "" "" 26.420659062152065 "" 3.786356607760289 ""
305.65682342688 38.68171263407 0.0393 0.0476 16.8489 "" "" 2061184840066979584 1889.81934 0.5183 0.0518 -0.618 -3.735 0.055 0.063 0.986 "" "" 16.943272 1.593456 17.694845 16.101389 "" "" 1733.6792 2101.4834 3145.1255 1.9293 1141.5 5.9453 2874.8 7.4355 "" "" 0.002834672758601259 0.006305754 0.004708468 0.011014222 305.65682342688 38.68171263407 1889.81934 -0.6179999999999982 -3.735 2.8086667366027833 2.1016875648498536 0.1491792 0.1571792 "" "" 31.42329936353224 "" 4.7794586538761825 ""
306.04960596886 38.63090622452 0.0389 0.0495 10.9359 "" "" 2061155148951010560 1848.35779 0.5325 0.0536 -2.791 -1.889 0.051 0.058 1.063 6898.9 4.2411 16.94713 2.273582 18.137703 15.864121 "" "" 1689.96252 2051.93652 3133.96794 1.9312 759.16 6.5666 3576.9 9.8502 "" "" 0.002835386049739162 0.009797139 0.0048190737 0.014616213 306.04960596886 38.63090622452 1848.35779 -2.7910000000000004 -1.8889999999999998 0.6356667366027833 3.9476875648498533 0.14517921 0.15217921 "" "" 35.03205827608356 "" 5.3250925470062835 ""
306.30646261363 38.64891233317 0.0435 0.0581 20.9953 "" "" 2061149307795506048 1505.6239 0.6339 0.0611 -3.469 -5.811 0.057 0.069 1.022 8799.6 4.2187 16.947433 2.294308 18.164179 15.869871 "" "" 1381.76379 1668.87341 3133.09421 2.2231 740.88 10.763 3558.0 12.414 "" "" 0.002860994236278764 0.01601772 0.0053510745 0.021368794 306.30646261363 38.64891233317 1505.6239 -3.4690000000000007 -5.811 -0.04233326339721666 0.025687564849853572 0.15117921 0.1631792 "" "" 0.35338750825380116 "" 0.054598455310909864 ""
305.50379249682 38.54033523257 0.0392 0.0454 19.4526 "" "" 2061177796320353664 1593.39526 0.6082 0.0504 -2.297 -4.928 0.052 0.062 1.005 4595.4 4.3231 16.947462 1.757973 17.799875 16.041903 "" "" 1457.31213 1726.16687 3133.00912 1.9632 1036.3 8.484 3036.7 7.9913 "" "" 0.002838072306363682 0.009316355 0.0047378573 0.014054213 305.50379249682 38.54033523257 1593.39526 -2.2970000000000006 -4.927999999999999 1.129666736602783 0.9086875648498536 0.1461792 0.1561792 "" "" 10.949738762290362 "" 1.6445096976274929 ""
305.87703889161 38.72330020826 0.0418 0.0486 14.4559 "" "" 2061206211824856448 1700.09961 0.5685 0.053 -1.462 -2.406 0.054 0.063 0.968 6491.5 4.3786 16.947737 1.887626 17.886723 15.999097 "" "" 1577.06067 1856.02051 3132.22107 2.0312 956.59 7.8406 3158.8 10.926 "" "" 0.0028438572283472326 0.009326288 0.005327966 0.014654254 305.87703889161 38.72330020826 1700.09961 -1.4620000000000006 -2.4059999999999997 1.9646667366027832 3.4306875648498534 0.1481792 0.1571792 "" "" 31.858527884708632 "" 4.938235513622118 ""
305.49531075854 38.56045358749 0.0377 0.0437 20.0834 "" "" 2061177963814274688 2007.23438 0.4907 0.049 -2.44 -6.56 0.051 0.058 1.032 5263.1 4.5289 16.948002 1.526901 17.656353 16.129452 "" "" 1815.67664 2215.83032 3131.45238 1.86 1182.7 6.7156 2801.4 7.8474 "" "" 0.0028297850821236903 0.006767018 0.0048511755 0.011618193 305.49531075854 38.56045358749 2007.23438 -2.44 -6.56 0.9866667366027833 -0.7233124351501461 0.14517921 0.15217921 "" "" 11.63972355486753 "" 1.718766365560697 ""
305.58012220458 38.64746292405 0.0375 0.0463 18.3966 "" "" 2061184462109602560 1775.21326 0.5541 0.05 0.411 -1.908 0.051 0.063 0.994 5326.4 4.5832 16.953531 1.497395 17.634525 16.13713 "" "" 1621.17603 1938.84583 3115.54689 1.8513 1206.7 8.9498 2781.7 8.8961 "" "" 0.002829844454910934 0.008522328 0.0051322896 0.013654618 305.58012220458 38.64746292405 1775.21326 0.41100000000000014 -1.908 3.8376667366027832 3.9286875648498536 0.14517921 0.1571792 "" "" 46.21265291561517 "" 6.998382690144635 ""
305.45084668946 38.60845130392 0.0412 0.0457 22.8856 "" "" 2061179063325962112 1712.22534 0.5787 0.0539 -3.269 -5.956 0.055 0.064 1.079 5528.1 4.4111 16.95371 1.937564 17.8989 15.961335 "" "" 1572.57019 1890.4563 3115.0338 3.3735 945.93 12.208 3270.6 19.176 "" "" 0.002995722125419259 0.014287407 0.0074032084 0.021690615 305.45084668946 38.60845130392 1712.22534 -3.2689999999999992 -5.9559999999999995 0.15766673660278308 -0.11931243515014689 0.1491792 0.15817921 "" "" 1.6047069872727913 "" 0.24474652006467829 ""
305.86790553691 38.11523792948 0.0388 0.045 22.2165 "" "" 2061104163399836544 1475.89343 0.6506 0.0536 1.16 -7.93 0.05 0.06 0.968 4879.4 4.1746 16.954805 2.316965 18.183146 15.86618 "" "" 1363.30701 1588.53223 3111.8919 1.999 728.05 7.5293 3570.1 7.8253 "" "" 0.0028422218082946233 0.011569871 0.004466239 0.01603611 305.86790553691 38.11523792948 1475.89343 1.1600000000000004 -7.93 4.586666736602783 -2.093312435150146 0.14417921 0.1541792 "" "" 35.270902766506964 "" 5.14785705220571 ""
305.47360664677 38.63854098474 0.038 0.0509 22.5555 "" "" 2061179475642877696 1788.4679 0.5517 0.0513 -1.013 0.995 0.053 0.063 0.982 5592.7 4.5871 16.95678 1.578114 17.684761 16.106647 "" "" 1663.49573 1961.33203 3106.23774 1.9663 1152.2 8.6394 2860.9 9.8617 "" "" 0.0028397456802334796 0.008605907 0.005318908 0.013924815 305.47360664677 38.63854098474 1788.4679 -1.013 0.9949999999999999 2.4136667366027833 6.831687564849854 0.1471792 0.1571792 "" "" 61.42282739764909 "" 9.588170199943706 ""
305.48181382389 38.40267752405 0.0394 0.0466 20.7863 "" "" 2061172225737819136 1817.3064 0.5209 0.0533 -6.691 -0.112 0.054 0.063 1.002 4859.2 4.2951 16.958477 1.743177 17.797314 16.054136 "" "" 1647.56946 1992.88245 3101.38814 1.875 1038.7 6.2251 3002.6 9.3178 "" "" 0.002832428666562979 0.0070799747 0.0050631943 0.012143169 305.48181382389 38.40267752405 1817.3064 -6.690999999999999 -0.11200000000000108 -3.2643332633972166 5.724687564849853 0.1481792 0.1571792 "" "" 56.766355039828916 "" 8.799878711610672 ""
305.71066595057 38.09016588102 0.0377 0.0482 25.4528 "" "" 2061106083243871232 1688.10193 0.5724 0.0524 -0.625 -0.33 0.049 0.065 1.03 8967.2 4.2745 16.961979 2.058664 18.007143 15.948479 "" "" 1565.66602 1853.09033 3091.39876 1.9994 856.17 7.4157 3309.5 5.1806 "" "" 0.0028433945828151594 0.009809272 0.0041439477 0.01395322 305.71066595057 38.09016588102 1688.10193 -0.625 -0.33000000000000007 2.801666736602783 5.5066875648498534 0.14317921 0.15917921 "" "" 49.437310732414474 "" 7.713370535400788 ""
306.04701549522 38.49551696373 0.042 0.0535 6.3879 "" "" 2061141546795909248 1997.64417 0.4671 0.0591 -3.533 -5.514 0.056 0.066 1.058 4716.8 4.2366 16.96233 2.162413 17.988577 15.826164 "" "" 1759.52368 2393.22095 3090.40258 4.042 870.94 11.699 3704.2 18.161 "" "" 0.0030997337258114868 0.014848774 0.006528382 0.021377157 306.04701549522 38.49551696373 1997.64417 -3.5329999999999995 -5.514 -0.10633326339721672 0.3226875648498533 0.1501792 0.1601792 "" "" 3.217091386629804 "" 0.5122492458363851 ""
306.12401890545 38.1263035741 0.0402 0.0482 23.6685 "" "" 2058107100858178560 1789.10132 0.5366 0.0531 -3.097 -5.916 0.052 0.064 0.977 5166.7 3.7924 16.963203 2.252203 18.149475 15.897272 "" "" 1642.49744 1968.74231 3087.91754 4.645 750.98 5.7106 3469.4 15.192 "" "" 0.003202997408711654 0.008714878 0.0060734604 0.014788339 306.12401890545 38.1263035741 1789.10132 -3.0970000000000004 -5.916 0.32966673660278323 -0.07931243515014685 0.1461792 0.15817921 "" "" 2.8754559158016395 "" 0.42229268208433746 ""
305.87063984925 38.18804752878 0.0419 0.0489 17.8569 "" "" 2061107565013960320 1622.29944 0.6014 0.0569 -0.057 -1.726 0.055 0.061 1.046 "" "" 16.964546 2.201284 18.115011 15.913727 "" "" 1462.76489 1795.24854 3084.10031 2.2468 775.2 6.4511 3417.2 8.4372 "" "" 0.002866604873577043 0.009456338 0.0046335747 0.014089913 305.87063984925 38.18804752878 1622.29944 -0.056999999999999884 -1.726 3.3696667366027833 4.1106875648498535 0.1491792 0.1551792 "" "" 40.87305320383622 "" 6.245243985186356 ""
