Clusters/NGC_1980/NGC_1980_members.tsv
# %ECSV 1.0
# ---
# datatype:
# - name: RA_ICRS_1
#   unit: deg
#   datatype: float64
#   format: '{:15.11f}'
#   description: Right ascension (ICRS) at Ep=2016.0 (ra)
#   meta: !!omap
#   - {ucd: POS_EQ_RA_MAIN}
#   - {width: 15}
#   - {precision: '11'}
# - name: DE_ICRS_1
#   unit: deg
#   datatype: float64
#   format: '{:15.11f}'
#   description: Declination (ICRS) at Ep=2016.0 (dec)
#   meta: !!omap
#   - {ucd: POS_EQ_DEC_MAIN}
#   - {width: 15}
#   - {precision: '11'}
# - name: e_RA_ICRS
#   unit: mas
#   datatype: float64
#   format: '{:7.4f}'
#   description: Standard error of right ascension (ra_error)
#   meta: !!omap
#   - {ucd: ERROR}
#   - {width: 7}
#   - {precision: '4'}
# - name: e_DE_ICRS
#   unit: mas
#   datatype: float64
#   format: '{:7.4f}'
#   description: Standard error of declination (dec_error)
#   meta: !!omap
#   - {ucd: ERROR}
#   - {width: 7}
#   - {precision: '4'}
# - name: _r_1
#   unit: ''
#   datatype: float64
#   format: '{:8.4f}'
#   description: Distance from center (083.79160604000-05.93490522000)[ICRS], at Epoch=J2016.0
#   meta: !!omap
#   - {ucd: POS_ANG_DIST_GENERAL}
#   - {width: 8}
#   - {precision: '4'}
# - name: HIP
#   datatype: int32
#   description: '? HIP cross-id number, van Leeuwen, Cat. I/311 (hip_original_ext_source_id)'
#   meta: !!omap
#   - {ucd: ID_NUMBER}
#   - {width: 6}
#   - values: {'null': -2147483648}
# - name: TYC2
#   datatype: string
#   description: Tycho-2 cross-id name, Hog et al., Cat. I/259 (tyc2_original_ext_source_id)
#   meta: !!omap
#   - {ucd: ID_CROSSID}
#   - {_votable_string_dtype: char}
# - name: Source
#   datatype: int64
#   description: Source identifier, identical to the Gaia-EDR3 source_id (id)
#   meta: !!omap
#   - {ucd: ID_MAIN}
#   - {width: 19}
# - name: rgeo
#   unit: pc
#   datatype: float64
#   format: '{:15.8f}'
#   description: '? Median of the geometric distance posterior (r_med_geo)'
#   meta: !!omap
#   - {ucd: PHYS_DISTANCE_TRUE}
#   - {width: 15}
#   - {precision: '8'}
#   - values: {'null': .nan}
# - name: Plx
#   unit: mas
#   datatype: float64
#   format: '{:9.4f}'
#   description: '? Parallax (parallax)'
#   meta: !!omap
#   - {ucd: POS_PARLX_TRIG}
#   - {width: 9}
#   - {precision: '4'}
#   - values: {'null': .nan}
# - name: e_Plx
#   unit: mas
#   datatype: float32
#   format: '{:7.4f}'
#   description: '? Standard error of parallax (parallax_error)'
#   meta: !!omap
#   - {ucd: ERROR}
#   - {width: 7}
#   - {precision: '4'}
#   - values: {'null': .nan}
# - name: pmRA
#   unit: mas / yr
#   datatype: float64
#   format: '{:9.3f}'
#   description: '? Proper motion in right ascension direction, pmRA*cosDE (pmra)'
#   meta: !!omap
#   - {ucd: POS_EQ_PMRA}
#   - {width: 9}
#   - {precision: '3'}
#   - values: {'null': .nan}
# - name: pmDE
#   unit: mas / yr
#   datatype: float64
#   format: '{:9.3f}'
#   description: '? Proper motion in declination direction (pmdec)'
#   meta: !!omap
#   - {ucd: POS_EQ_PMDEC}
#   - {width: 9}
#   - {precision: '3'}
#   - values: {'null': .nan}
# - name: e_pmRA
#   unit: mas / yr
#   datatype: float32
#   format: '{:6.3f}'
#   description: '? Standard error of proper motion in right ascension direction (pmra_error)'
#   meta: !!omap
#   - {ucd: ERROR}
#   - {width: 6}
#   - {precision: '3'}
#   - values: {'null': .nan}
# - name: e_pmDE
[...]
#         unit: &id001 !astropy.units.Unit {unit: deg}
#         value: !astropy.table.SerializedColumn {name: SkyCoord.dec}
#       distance: !astropy.table.SerializedColumn
#         __class__: astropy.coordinates.distances.Distance
#         unit: !astropy.units.Unit {unit: pc}
#         value: !astropy.table.SerializedColumn {name: SkyCoord.distance}
#       frame: icrs
#       obstime: !astropy.time.Time {format: jyear_str, in_subfmt: '*', jd1: 367701545.0, jd2: 0.0, out_subfmt: '*', precision: 3, scale: tt}
#       pm_dec: !astropy.table.SerializedColumn
#         __class__: astropy.units.quantity.Quantity
#         unit: !astropy.units.Unit {unit: mas / yr}
#         value: !astropy.table.SerializedColumn {name: SkyCoord.pm_dec}
#       pm_ra_cosdec: !astropy.table.SerializedColumn
#         __class__: astropy.units.quantity.Quantity
#         unit: !astropy.units.Unit {unit: mas / yr}
#         value: !astropy.table.SerializedColumn {name: SkyCoord.pm_ra_cosdec}
#       ra: !astropy.table.SerializedColumn
#         __class__: astropy.coordinates.angles.Longitude
#         unit: *id001
#         value: !astropy.table.SerializedColumn {name: SkyCoord.ra}
#         wrap_angle: !astropy.coordinates.Angle
#           unit: *id001
#           value: 360.0
#       representation_type: spherical
# schema: astropy-2.0
RA_ICRS_1 DE_ICRS_1 e_RA_ICRS e_DE_ICRS _r_1 HIP TYC2 Source rgeo Plx e_Plx pmRA pmDE e_pmRA e_pmDE RUWE Teff logg Gmag BP-RP BPmag RPmag RV e_RV b_rgeo B_rgeo FG e_FG FBP e_FBP FRP e_FRP RAVE5 RAVE6 e_Gmag e_BPmag e_RPmag e_BP-RP SkyCoord.ra SkyCoord.dec SkyCoord.distance SkyCoord.pm_ra_cosdec SkyCoord.pm_dec Pmemb
83.70468314588 -6.00636755641 0.0255 0.0228 6.7298 "" 4778-1350-1 3017188622495555328 372.049561 2.6648 0.0347 1.205 0.508 0.032 0.028 0.995 "" "" 8.333762 -0.146293 8.269674 8.415967 "" "" 367.042755 376.720551 8738599.36204 2629.7 6722800.0 3830.4 3410100.0 1152.9 "" "" 0.00277462461158636 0.002857924 0.0037971658 0.0066550896 83.70468314588 -6.00636755641 372.049561 1.2050000000000003 0.508 1.0
83.70285871017 -5.99860033134 0.0193 0.0175 6.5309 "" "" 3017188622495553792 374.993561 2.6425 0.0266 0.917 0.067 0.024 0.021 1.098 10527.4 4.14 9.301491 -0.020275 9.286151 9.306426 17.93 3.41 371.793274 378.226837 3583853.62756 893.83 2636100.0 1048.6 1501700.0 556.31 "" "" 0.0027685944801017657 0.002823398 0.0038007242 0.006624122 83.70285871017 -5.99860033134 374.993561 0.917 0.067 1.0
83.78765310827 -6.03353243559 0.0106 0.0096 5.9223 "" "" 3017184636765899392 379.102051 2.6122 0.0147 1.579 0.802 0.013 0.012 0.923 6068.2 3.7646 10.35568 0.685933 10.617871 9.931938 27.13 1.21 376.770752 381.326538 1357297.23902 304.19 773160.0 241.97 844080.0 176.29 "" "" 0.0027660438381526646 0.0028107844 0.0037861785 0.006596963 83.78765310827 -6.03353243559 379.102051 1.5789999999999997 0.802 1.0
83.7012806844 -5.86651005209 0.0131 0.0124 6.775 "" "" 3017237653842191616 375.056 2.6364 0.019 1.098 0.768 0.017 0.016 1.185 5722.3 3.9906 11.039047 0.873013 11.389308 10.516295 24.06 4.32 372.626007 377.42572 723315.83398 970.79 379920.0 1613.1 492770.0 1612.3 "" "" 0.0031169287765081296 0.005388545 0.005186859 0.010575404 83.7012806844 -5.86651005209 375.056 1.0979999999999999 0.7679999999999999 1.0
83.66771546092 -5.83767334063 0.0086 0.008 9.4186 "" "" 3017237993141611776 378.069946 2.629 0.0122 1.427 0.846 0.011 0.01 1.016 5192.7 4.1103 12.21002 1.127898 12.684154 11.556255 "" "" 376.539886 379.706085 246002.06689 425.25 115280.0 692.42 189080.0 863.79 "" "" 0.0033338206403413944 0.007093203 0.006235857 0.01332906 83.66771546092 -5.83767334063 378.069946 1.4269999999999998 0.846 1.0
83.6985032846 -5.73077204022 0.0093 0.0085 13.4498 "" "" 3017244216552060672 377.932983 2.6298 0.0137 1.387 0.651 0.012 0.011 1.03 4942.2 4.1251 12.716104 1.262071 13.267879 12.005808 31.0 5.24 375.987823 380.021851 154349.59986 297.87 67339.0 447.53 124980.0 600.74 "" "" 0.0034615109970329272 0.0077363877 0.0064435676 0.014179955 83.6985032846 -5.73077204022 377.932983 1.387 0.6509999999999999 1.0
83.8103857784 -6.08677809862 0.0088 0.0083 9.181 "" "" 3017183399815320576 376.99649 2.6348 0.0127 1.229 0.378 0.011 0.01 0.994 4861.2 4.1311 12.743511 1.226659 13.279243 12.052585 28.16 3.48 375.442749 378.814209 150501.95395 189.69 66638.0 299.82 119710.0 361.83 "" "" 0.0030764305117542234 0.0056256643 0.0050053233 0.010630988 83.8103857784 -6.08677809862 376.99649 1.2290000000000003 0.37800000000000006 1.0
83.7480099473 -6.36110968584 0.0097 0.0093 25.7042 "" "" 3017137598284115456 377.313507 2.6341 0.0139 1.196 0.71 0.013 0.011 0.857 4938.0 4.1577 12.942784 1.314004 13.528945 12.214941 15.92 8.2 375.394196 378.717316 125265.98976 282.69 52947.0 426.93 103080.0 621.79 "" "" 0.003687176508724591 0.009188538 0.0075615346 0.016750073 83.7480099473 -6.36110968584 377.313507 1.1959999999999997 0.7100000000000001 1.0
83.81853032463 -5.7110215059 0.01 0.0092 13.5288 "" "" 3017246621733867904 372.06601 2.6496 0.014 1.439 0.572 0.013 0.012 0.932 "" "" 13.298965 1.418893 13.938933 12.520041 23.73 3.37 370.069183 374.209015 90232.02202 126.39 36295.0 171.83 77829.0 293.7 "" "" 0.003147168111174698 0.005848613 0.005574114 0.011422727 83.81853032463 -5.7110215059 372.06601 1.439 0.5719999999999998 1.0
83.78626812808 -6.0840265177 0.0094 0.0086 8.9529 "" "" 3017160756747739392 377.806366 2.607 0.0133 0.98 0.593 0.012 0.01 1.013 4665.1 4.1336 13.444332 1.505523 14.139264 12.633741 23.49 5.62 375.818268 379.479675 78924.86995 191.24 30179.0 273.81 70091.0 467.98 "" "" 0.0038095853448006697 0.010238266 0.008175233 0.018413499 83.78626812808 -6.0840265177 377.806366 0.9800000000000001 0.5930000000000001 1.0
83.61672252001 -5.99790235966 0.0099 0.0095 11.0996 "" "" 3017212261995558912 378.218536 2.6034 0.0138 1.513 0.774 0.013 0.011 1.064 4743.9 4.148 13.532107 1.529985 14.236444 12.706459 27.52 3.73 376.321533 380.155975 72795.35917 253.38 27596.0 352.48 65550.0 595.24 "" "" 0.004676931166164016 0.014145862 0.01055881 0.024704672 83.61672252001 -5.99790235966 378.218536 1.5130000000000001 0.774 1.0
83.87570562301 -6.0507508354 0.0116 0.0106 8.573 "" "" 3017183915211386496 374.895996 2.6302 0.016 1.191 0.723 0.015 0.013 1.206 "" "" 13.753384 1.637498 14.523299 12.885801 63.75 4.66 372.438477 377.586456 59373.56422 109.35 21188.0 126.6 55570.0 283.48 "" "" 0.003404455258210301 0.0070619327 0.006705275 0.013767207 83.87570562301 -6.0507508354 374.895996 1.1909999999999998 0.7229999999999999 1.0
83.66142830257 -6.10536840027 0.011 0.0105 12.843 "" "" 3017163333728131456 377.892975 2.6044 0.0154 1.42 0.619 0.014 0.013 1.07 "" "" 13.872574 1.691122 14.676814 12.985692 18.55 3.94 375.890808 379.690704 53200.69046 105.55 18395.0 123.58 50685.0 259.93 "" "" 0.003497416764466156 0.0078095575 0.006729535 0.014539093 83.66142830257 -6.10536840027 377.892975 1.4200000000000002 0.6189999999999999 1.0
83.80850462446 -5.86917874185 0.0114 0.0106 4.0705 "" "" 3017191646152505088 378.955688 2.5937 0.0163 1.444 0.605 0.016 0.014 1.079 4792.8 4.1694 13.891104 1.648179 14.671184 13.023005 -24.58 5.99 376.20694 381.487671 52300.44386 215.55 18490.0 304.19 48973.0 573.33 "" "" 0.005254998419940476 0.0180787 0.013260758 0.03133946 83.80850462446 -5.86917874185 378.955688 1.444 0.6050000000000001 1.0
83.82288258174 -5.65795528156 0.015 0.0134 16.7216 "" "" 3017251500816581248 379.022949 2.5885 0.0232 0.968 1.167 0.019 0.017 1.08 3991.7 4.0833 14.384784 1.768679 15.23294 13.464261 3.57 5.99 376.557526 382.185425 33191.99965 60.319 11022.0 89.635 32618.0 164.35 "" "" 0.003388928969306906 0.009259971 0.0066491677 0.015909139 83.82288258174 -5.65795528156 379.022949 0.9679999999999997 1.1669999999999998 1.0
83.87599926372 -5.85471587115 0.0145 0.0133 6.9655 "" "" 3017191543073275008 371.157288 2.6549 0.0215 1.07 0.351 0.02 0.018 1.037 6012.8 4.2741 14.390926 1.882896 15.308653 13.425757 -1.97 6.83 368.023956 373.914612 33004.73368 167.03 10279.0 183.54 33795.0 400.18 "" "" 0.0061468136092708405 0.019586464 0.013400624 0.032987088 83.87599926372 -5.85471587115 371.157288 1.0700000000000003 0.351 1.0
84.03927424064 -5.77406648298 0.0158 0.0144 17.6537 "" "" 3017198896057254400 374.36853 2.6209 0.0242 1.14 0.362 0.021 0.018 0.996 4392.0 4.1793 14.52724 1.824957 15.416983 13.592026 1.69 8.18 370.861786 377.710358 29110.58434 35.932 9303.0 48.761 28997.0 84.238 "" "" 0.003063952143156731 0.0063380077 0.004922626 0.011260634 84.03927424064 -5.77406648298 374.36853 1.1400000000000001 0.36199999999999993 1.0
83.82782759136 -5.90178306464 0.0145 0.0139 2.9364 "" "" 3017190993317478144 376.806702 2.6102 0.0206 1.2 0.566 0.019 0.018 1.079 "" "" 14.544899 2.254617 15.718603 13.463986 4.72 4.73 373.60907 379.449646 28640.94456 15.743 7046.5 25.496 32626.0 44.092 "" "" 0.002819211329955891 0.004818494 0.0040542213 0.008872716 83.82782759136 -5.90178306464 376.806702 1.1999999999999997 0.5659999999999998 1.0
83.61699895581 -6.27031091835 0.015 0.014 22.6606 "" "" 3017150929862605696 379.096893 2.5943 0.0228 1.241 0.497 0.021 0.017 0.969 4848.5 4.2368 14.5518 1.954216 15.522703 13.568487 26.68 7.05 375.238922 382.876373 28459.46412 43.519 8439.9 52.808 29632.0 138.95 "" "" 0.0032168707858372227 0.00734406 0.006340682 0.013684742 83.61699895581 -6.27031091835 379.096893 1.2409999999999999 0.49700000000000005 1.0
83.88029152229 -5.66969507838 0.016 0.0144 16.7701 "" "" 3017248305361036288 371.40686 2.6529 0.0244 1.013 0.818 0.02 0.018 1.05 5572.2 4.4015 14.582212 1.873961 15.495758 13.621797 -10.24 7.94 367.977905 374.496185 27673.34797 53.007 8651.9 68.032 28212.0 114.46 "" "" 0.003452078291932369 0.008981781 0.0058041015 0.014785882 83.88029152229 -5.66969507838 371.40686 1.013 0.8180000000000001 1.0
83.60126432325 -6.11540206268 0.0154 0.0144 15.6932 "" "" 3017161993698343936 375.577179 2.6186 0.0208 1.378 0.748 0.019 0.017 1.069 4108.6 4.1442 14.601104 1.965013 15.582765 13.617752 -3.32 11.12 372.666046 378.422821 27196.01796 25.57 7985.7 32.925 28318.0 65.835 "" "" 0.0029383440037706737 0.005274842 0.0045447946 0.009819636 83.60126432325 -6.11540206268 375.577179 1.3780000000000001 0.7479999999999999 1.0
83.91263460186 -5.68329929137 0.0168 0.0153 16.736 "" "" 3017248064842864768 377.513367 2.6075 0.0255 1.266 0.839 0.022 0.019 1.021 3862.6 4.0423 14.676278 1.949159 15.635994 13.686835 -15.52 5.97 373.752258 380.87149 25376.71492 46.618 7603.6 56.784 26572.0 144.45 "" "" 0.0034014666632773724 0.00857496 0.007008586 0.015583546 83.91263460186 -5.68329929137 377.513367 1.2659999999999998 0.839 1.0
83.77000220945 -6.00579851454 0.0181 0.016 4.4447 "" "" 3017187900941042304 375.418884 2.6212 0.0235 1.257 0.819 0.024 0.02 1.06 3861.7 4.1121 14.786449 1.934249 15.73804 13.803791 25.56 4.91 372.687378 378.205078 22928.06436 20.172 6921.5 57.996 23858.0 81.196 "" "" 0.0029162038732847644 0.009515754 0.005285585 0.014801338 83.77000220945 -6.00579851454 375.418884 1.2570000000000001 0.819 1.0
83.83948194103 -5.96171609228 0.0663 0.0569 3.2788 "" "" 3017189722005821568 372.874939 2.6528 0.0893 1.398 0.619 0.085 0.071 4.18 "" "" 14.79249 2.467204 16.085327 13.618123 31.93 5.16 360.3479 384.711517 22800.83831 21.632 5026.7 37.434 28308.0 44.17 "" "" 0.002941572767318218 0.008553394 0.0041417084 0.012695102 83.83948194103 -5.96171609228 372.874939 1.3979999999999997 0.619 1.0
83.76223549036 -6.09034216127 0.0162 0.0143 9.4895 "" "" 3017160722388004096 377.669891 2.6017 0.0222 1.552 0.689 0.02 0.017 0.955 "" "" 14.846787 2.039834 15.871534 13.8317 80.8 5.75 374.729858 380.820831 21688.61605 60.388 6120.7 63.352 23253.0 163.59 "" "" 0.004090296781002147 0.011579054 0.008522253 0.020101307 83.76223549036 -6.09034216127 377.669891 1.5520000000000003 0.689 1.0
83.8188035485 -5.67168806333 0.0201 0.0179 15.8763 "" "" 3017249817189402496 378.689148 2.5948 0.0298 1.343 0.395 0.026 0.022 1.068 3772.2 4.031 14.948199 2.138828 16.03356 13.894732 "" "" 374.48584 382.430176 19754.5389 20.02 5272.2 41.153 21941.0 62.762 "" "" 0.002966901983070305 0.008922374 0.0048917616 0.013814135 83.8188035485 -5.67168806333 378.689148 1.3430000000000002 0.3950000000000001 1.0
83.88326490647 -5.99489407822 0.0201 0.0182 6.5478 "" "" 3017186423472281728 370.108704 2.66 0.028 1.317 0.86 0.025 0.022 1.104 "" "" 15.080071 2.266121 16.243559 13.977438 31.26 6.49 365.8396 374.082336 17495.16897 20.175 4345.0 49.915 20332.0 52.691 "" "" 0.0030264507684458148 0.012781117 0.0047117663 0.017492883 83.88326490647 -5.99489407822 370.108704 1.317 0.8599999999999999 1.0
83.73445481058 -6.07149712753 0.0182 0.0157 8.8767 "" "" 3017163849124195840 375.902771 2.6101 0.0243 1.079 0.368 0.023 0.019 1.004 "" "" 15.110431 2.11962 16.192171 14.072551 -0.39 7.19 373.217316 378.96875 17012.74816 56.602 4555.6 72.044 18627.0 169.58 "" "" 0.004543167181657639 0.01739547 0.010582422 0.027977891 83.73445481058 -6.07149712753 375.902771 1.079 0.36800000000000005 1.0
83.67968914432 -6.21077713144 0.0207 0.0194 17.8484 "" "" 3017157561292097408 368.646149 2.6676 0.0313 0.946 0.518 0.026 0.024 1.017 3723.5 4.0241 15.186908 2.23916 16.351675 14.112515 "" "" 364.803436 372.625336 15855.63869 52.293 3933.2 64.341 17954.0 151.11 "" "" 0.004518202923592547 0.01797877 0.009888819 0.02786759 83.67968914432 -6.21077713144 368.646149 0.946 0.518 1.0
83.84856015827 -5.87480747098 0.0216 0.0195 4.9554 "" "" 3017191401338765312 375.881439 2.6207 0.0304 1.339 0.775 0.029 0.024 1.095 "" "" 15.303526 2.264648 16.460415 14.195767 -0.87 8.93 371.49939 380.530731 14240.86372 28.054 3558.4 53.042 16628.0 95.53 "" "" 0.003488053972505621 0.016422886 0.0072933226 0.02371621 83.84856015827 -5.87480747098 375.881439 1.3390000000000002 0.7749999999999999 1.0
83.71835042582 -6.19915820807 0.02 0.0184 16.4466 "" "" 3017157630011566976 378.317535 2.5994 0.0287 1.233 0.719 0.026 0.023 0.97 "" "" 15.346974 2.322914 16.564589 14.241674 "" "" 374.075897 382.010803 13682.22893 28.906 3232.8 33.674 15940.0 80.611 "" "" 0.0035851506502556103 0.011648516 0.0066657234 0.018314239 83.71835042582 -6.19915820807 378.317535 1.233 0.719 1.0
83.80379630484 -5.99403505737 0.0209 0.0186 3.6216 "" "" 3017188107099468416 374.064575 2.6242 0.0285 1.441 0.762 0.027 0.023 0.976 3675.0 4.0091 15.358297 2.303252 16.560972 14.25772 30.75 6.92 369.824799 378.531952 13540.28552 10.58 3243.6 25.253 15706.0 43.45 "" "" 0.0028829690524773974 0.008901571 0.004827588 0.013729159 83.80379630484 -5.99403505737 374.064575 1.4409999999999998 0.762 1.0
83.68814579745 -6.35201400688 0.0219 0.0202 25.7763 "" "" 3017137770082812928 372.572662 2.6415 0.0327 1.141 0.562 0.029 0.025 1.029 "" "" 15.379904 2.356015 16.6194 14.263385 "" "" 368.362335 377.18631 13273.49774 19.67 3073.7 26.043 15624.0 75.401 "" "" 0.0031906924329662832 0.009613105 0.0064605367 0.016073642 83.68814579745 -6.35201400688 372.572662 1.1409999999999998 0.562 1.0
83.88748466293 -5.9675003708 0.0232 0.0205 6.0467 "" "" 3017186767069661312 370.791595 2.6504 0.0322 0.954 0.835 0.029 0.025 0.975 3668.6 4.0836 15.390728 2.251398 16.550467 14.299068 "" "" 365.890808 376.546417 13141.82266 12.041 3275.1 29.601 15119.0 41.24 "" "" 0.002929401957269253 0.010202054 0.004801514 0.015003568 83.88748466293 -5.9675003708 370.791595 0.9540000000000002 0.835 1.0
83.71205688541 -6.00378404944 0.0227 0.0201 6.294 "" "" 3017188553776076800 371.595551 2.6514 0.0303 1.168 0.287 0.029 0.025 1.138 3707.5 4.1213 15.392712 2.203711 16.528965 14.325254 "" "" 367.86319 376.054077 13117.83808 40.782 3340.6 50.611 14759.0 124.75 "" "" 0.004357223100058445 0.01668416 0.009924911 0.02660907 83.71205688541 -6.00378404944 371.595551 1.1680000000000001 0.287 1.0
83.76185020983 -5.85092999048 0.0233 0.0219 5.3423 "" "" 3017238444116305792 375.725616 2.6274 0.0326 1.236 0.633 0.031 0.027 1.046 "" "" 15.402037 2.266883 16.565817 14.298934 "" "" 370.643982 380.395447 13005.65122 23.959 3229.2 38.819 15121.0 91.417 "" "" 0.0034047552928019456 0.013346802 0.0075743156 0.020921119 83.76185020983 -5.85092999048 375.725616 1.236 0.6329999999999999 1.0
83.69218847948 -6.09223455414 0.0211 0.0193 11.149 "" "" 3017163471167079168 368.028259 2.6626 0.03 1.33 0.609 0.027 0.025 0.958 3727.1 4.1988 15.443907 2.28822 16.643553 14.355332 13.29 6.89 363.799133 372.873779 12513.65313 7.4745 3006.0 12.804 14356.0 21.458 "" "" 0.0028306122376157697 0.005401171 0.0041130753 0.009514246 83.69218847948 -6.09223455414 368.028259 1.33 0.609 1.0
83.72210885683 -5.90148936624 0.0274 0.0246 4.6068 "" "" 3017236588690303744 364.01767 2.6912 0.0395 1.103 0.517 0.037 0.032 1.142 3472.8 3.9581 15.633919 2.728922 17.134722 14.4058 "" "" 359.187225 369.444366 10504.59776 30.173 1912.2 31.939 13704.0 117.91 "" "" 0.004161444629351638 0.018348169 0.010077289 0.028425459 83.72210885683 -5.90148936624 364.01767 1.103 0.517 1.0
83.77403803453 -5.73338489043 0.0258 0.023 12.1366 "" "" 3017249061275166592 377.452942 2.5998 0.0353 1.424 0.755 0.034 0.028 1.018 3524.9 3.975 15.663497 2.556577 17.046972 14.490396 "" "" 372.603821 383.163177 10222.28423 10.461 2073.1 22.206 12677.0 40.572 "" "" 0.0029709110129342254 0.011959875 0.0051340247 0.0170939 83.77403803453 -5.73338489043 377.452942 1.424 0.7550000000000001 1.0
83.99573695629 -5.98569780501 0.0249 0.0221 12.5571 "" "" 3017185942435923200 378.707092 2.5962 0.0379 1.245 0.502 0.032 0.027 0.998 3568.4 4.0024 15.666935 2.383401 16.92401 14.540608 "" "" 373.529541 382.585175 10189.96899 21.054 2321.7 32.85 12104.0 69.797 "" "" 0.003553048684942456 0.015613532 0.007313122 0.022926655 83.99573695629 -5.98569780501 378.707092 1.2450000000000003 0.502 1.0
