Clusters/NGC_1980/NGC_1980_stars_in_region.tsv
# %ECSV 1.0
# ---
# datatype:
# - name: RA_ICRS_1
#   unit: deg
#   datatype: float64
#   format: '{:15.11f}'
#   description: Right ascension (ICRS) at Ep=2016.0 (ra)
#   meta: !!omap
#   - {ucd: POS_EQ_RA_MAIN}
#   - {width: 15}
#   - {precision: '11'}
# - name: DE_ICRS_1
#   unit: deg
#   datatype: float64
#   format: '{:15.11f}'
#   description: Declination (ICRS) at Ep=2016.0 (dec)
#   meta: !!omap
#   - {ucd: POS_EQ_DEC_MAIN}
#   - {width: 15}
#   - {precision: '11'}
# - name: e_RA_ICRS
#   unit: mas
#   datatype: float64
#   format: '{:7.4f}'
#   description: Standard error of right ascension (ra_error)
#   meta: !!omap
#   - {ucd: ERROR}
#   - {width: 7}
#   - {precision: '4'}
# - name: e_DE_ICRS
#   unit: mas
#   datatype: float64
#   format: '{:7.4f}'
#   description: Standard error of declination (dec_error)
#   meta: !!omap
#   - {ucd: ERROR}
#   - {width: 7}
#   - {precision: '4'}
# - name: _r_1
#   unit: ''
#   datatype: float64
#   format: '{:8.4f}'
#   description: Distance from center (083.79160604000-05.93490522000)[ICRS], at Epoch=J2016.0
#   meta: !!omap
#   - {ucd: POS_ANG_DIST_GENERAL}
#   - {width: 8}
#   - {precision: '4'}
# - name: HIP
#   datatype: int32
#   description: '? HIP cross-id number, van Leeuwen, Cat. I/311 (hip_original_ext_source_id)'
#   meta: !!omap
#   - {ucd: ID_NUMBER}
#   - {width: 6}
#   - values: {'null': -2147483648}
# - name: TYC2
#   datatype: string
#   description: Tycho-2 cross-id name, Hog et al., Cat. I/259 (tyc2_original_ext_source_id)
#   meta: !!omap
#   - {ucd: ID_CROSSID}
#   - {_votable_string_dtype: char}
# - name: Source
#   datatype: int64
#   description: Source identifier, identical to the Gaia-EDR3 source_id (id)
#   meta: !!omap
#   - {ucd: ID_MAIN}
#   - {width: 19}
# - name: rgeo
#   unit: pc
#   datatype: float64
#   format: '{:15.8f}'
#   description: '? Median of the geometric distance posterior (r_med_geo)'
#   meta: !!omap
#   - {ucd: PHYS_DISTANCE_TRUE}
#   - {width: 15}
#   - {precision: '8'}
#   - values: {'null': .nan}
# - name: Plx
#   unit: mas
#   datatype: float64
#   format: '{:9.4f}'
#   description: '? Parallax (parallax)'
#   meta: !!omap
#   - {ucd: POS_PARLX_TRIG}
#   - {width: 9}
#   - {precision: '4'}
#   - values: {'null': .nan}
# - name: e_Plx
#   unit: mas
#   datatype: float32
#   format: '{:7.4f}'
#   description: '? Standard error of parallax (parallax_error)'
#   meta: !!omap
#   - {ucd: ERROR}
#   - {width: 7}
#   - {precision: '4'}
#   - values: {'null': .nan}
# - name: pmRA
#   unit: mas / yr
#   datatype: float64
#   format: '{:9.3f}'
#   description: '? Proper motion in right ascension direction, pmRA*cosDE (pmra)'
#   meta: !!omap
#   - {ucd: POS_EQ_PMRA}
#   - {width: 9}
#   - {precision: '3'}
#   - values: {'null': .nan}
# - name: pmDE
#   unit: mas / yr
#   datatype: float64
#   format: '{:9.3f}'
#   description: '? Proper motion in declination direction (pmdec)'
#   meta: !!omap
#   - {ucd: POS_EQ_PMDEC}
#   - {width: 9}
#   - {precision: '3'}
#   - values: {'null': .nan}
# - name: e_pmRA
#   unit: mas / yr
#   datatype: float32
#   format: '{:6.3f}'
#   description: '? Standard error of proper motion in right ascension direction (pmra_error)'
#   meta: !!omap
#   - {ucd: ERROR}
#   - {width: 6}
#   - {precision: '3'}
#   - values: {'null': .nan}
# - name: e_pmDE
[...]
#         unit: &id001 !astropy.units.Unit {unit: deg}
#         value: !astropy.table.SerializedColumn {name: SkyCoord.dec}
#       distance: !astropy.table.SerializedColumn
#         __class__: astropy.coordinates.distances.Distance
#         unit: !astropy.units.Unit {unit: pc}
#         value: !astropy.table.SerializedColumn {name: SkyCoord.distance}
#       frame: icrs
#       obstime: !astropy.time.Time {format: jyear_str, in_subfmt: '*', jd1: 367701545.0, jd2: 0.0, out_subfmt: '*', precision: 3, scale: tt}
#       pm_dec: !astropy.table.SerializedColumn
#         __class__: astropy.units.quantity.Quantity
#         unit: !astropy.units.Unit {unit: mas / yr}
#         value: !astropy.table.SerializedColumn {name: SkyCoord.pm_dec}
#       pm_ra_cosdec: !astropy.table.SerializedColumn
#         __class__: astropy.units.quantity.Quantity
#         unit: !astropy.units.Unit {unit: mas / yr}
#         value: !astropy.table.SerializedColumn {name: SkyCoord.pm_ra_cosdec}
#       ra: !astropy.table.SerializedColumn
#         __class__: astropy.coordinates.angles.Longitude
#         unit: *id001
#         value: !astropy.table.SerializedColumn {name: SkyCoord.ra}
#         wrap_angle: !astropy.coordinates.Angle
#           unit: *id001
#           value: 360.0
#       representation_type: spherical
# schema: astropy-2.0
RA_ICRS_1 DE_ICRS_1 e_RA_ICRS e_DE_ICRS _r_1 HIP TYC2 Source rgeo Plx e_Plx pmRA pmDE e_pmRA e_pmDE RUWE Teff logg Gmag BP-RP BPmag RPmag RV e_RV b_rgeo B_rgeo FG e_FG FBP e_FBP FRP e_FRP RAVE5 RAVE6 e_Gmag e_BPmag e_RPmag e_BP-RP SkyCoord.ra SkyCoord.dec SkyCoord.distance SkyCoord.pm_ra_cosdec SkyCoord.pm_dec
[from data line 1919]
83.64190650844 -5.47379155621 0.1911 0.1209 29.0746 "" "" 3017269951996082048 350.995239 2.7848 0.1435 2.237 0.549 0.337 0.144 1.055 "" "" 16.724916 "" "" "" "" "" 331.493866 366.926239 3845.744 118.46 "" "" "" "" "" "" 0.03355711116363807 "" "" "" 83.64190650844 -5.47379155621 350.995239 2.2370000000000005 0.549
82.80457087621 -4.91850311656 0.0475 0.0371 84.8225 "" "" 3209703178554101376 357.929047 2.7712 0.0667 -1.179 -3.373 0.065 0.051 0.97 "" "" 16.725483 2.269741 17.910753 15.641012 "" "" 348.331451 366.465973 3843.73634 2.2587 935.66 8.27 4392.9 7.6433 "" "" 0.0028282237227936174 0.009993868 0.0042252108 0.014219079 82.80457087621 -4.91850311656 357.929047 -1.1789999999999998 -3.3730000000000007
83.30447194283 -7.08527851053 0.3147 0.2515 74.8823 "" "" 3016525067226834944 297.156799 3.4594 0.3764 0.171 -0.94 0.352 0.284 4.962 "" "" 16.726803 3.102977 18.36697 15.263993 "" "" 270.085205 337.975006 3839.06889 33.969 614.65 9.5103 6216.7 19.919 "" "" 0.009994169968877597 0.017029408 0.0051367222 0.022166131 83.30447194283 -7.08527851053 297.156799 0.171 -0.9400000000000001
83.86611437495 -5.94302043519 0.0471 0.0415 4.4731 "" "" 3017189859446113024 373.553528 2.6315 0.0666 1.014 0.492 0.06 0.05 1.049 3367.7 4.0283 16.727995 2.741795 18.205482 15.463688 "" "" 364.691528 383.713776 3834.8524 3.5124 713.22 32.091 5172.3 24.422 "" "" 0.002929284029562103 0.048931807 0.0063690534 0.05530086 83.86611437495 -5.94302043519 373.553528 1.014 0.49199999999999994
83.60786661986 -6.06441477776 0.0514 0.0479 13.4384 "" "" 3017164635100429696 367.066101 2.6872 0.0628 1.458 0.171 0.067 0.056 1.058 3382.3 4.1601 16.728495 3.134363 18.569593 15.43523 "" "" 359.846069 374.426422 3833.08795 5.6975 510.01 11.755 5309.7 19.601 "" "" 0.003193158601083135 0.02517973 0.0055089155 0.030688647 83.60786661986 -6.06441477776 367.066101 1.458 0.17100000000000004
83.63429655967 -5.69681381634 0.0448 0.0383 17.0952 "" "" 3017256208100753280 344.253204 2.8679 0.0638 0.315 1.07 0.055 0.046 1.009 3470.8 4.2888 16.728586 2.905289 18.366585 15.461296 "" "" 337.194183 350.85556 3832.76891 3.1779 614.87 25.781 5183.7 23.305 "" "" 0.002898654440524786 0.04560946 0.006173379 0.05178284 83.63429655967 -5.69681381634 344.253204 0.315 1.07
85.27602397203 -5.600665908 0.0462 0.0389 90.8549 "" "" 3017111411866027776 373.683777 2.6311 0.0705 1.568 -2.418 0.058 0.046 1.095 "" "" 16.729439 2.582222 18.089817 15.507595 "" "" 364.554047 383.638855 3829.75764 8.9158 793.4 19.85 4967.3 27.053 "" "" 0.0037390770967125346 0.027306853 0.007017773 0.034324627 85.27602397203 -5.600665908 373.683777 1.5680000000000005 -2.418
84.76449091386 -4.79562926161 0.0469 0.0434 89.7225 "" "" 3023407460261652096 346.868744 2.842 0.0688 -1.007 4.126 0.06 0.052 1.103 "" "" 16.730564 2.462403 18.056395 15.593991 "" "" 339.245483 354.978516 3825.78699 3.426 818.2 8.5822 4587.3 11.852 "" "" 0.0029218343255025024 0.011725235 0.004706665 0.0164319 84.76449091386 -4.79562926161 346.868744 -1.007 4.126
82.41240287295 -6.91557739402 0.1653 0.1496 101.1147 "" "" 3016683667482425856 266.470459 3.8047 0.2468 18.416 -11.214 0.213 0.185 3.793 "" "" 16.732864 2.628053 18.020517 15.392465 "" "" 249.287125 282.687805 3817.6941 6.8771 845.69 9.6389 5523.0 10.822 "" "" 0.0033789073588343355 0.01268552 0.004337017 0.017022537 82.41240287295 -6.91557739402 266.470459 18.416000000000004 -11.213999999999999
83.57874747561 -5.99162710323 0.041 0.0392 13.1504 "" "" 3017212158916346880 364.758362 2.6867 0.0584 1.347 0.552 0.054 0.046 1.024 3428.5 4.2372 16.734173 2.992847 18.459051 15.466204 "" "" 357.974579 372.944275 3813.0974 4.1361 564.67 10.743 5160.3 16.57 "" "" 0.002996461944190611 0.020844014 0.00514183 0.025985844 83.57874747561 -5.99162710323 364.758362 1.347 0.552
83.33352010763 -5.72518038449 0.0452 0.0409 30.0995 "" "" 3017235420459056512 335.166718 2.9552 0.0627 0.803 0.331 0.058 0.05 1.098 "" "" 16.734474 2.908288 18.38431 15.476022 "" "" 327.722321 342.414368 3812.03932 3.1612 604.91 13.853 5113.9 18.002 "" "" 0.0028986975899211445 0.025020426 0.005375087 0.030395513 83.33352010763 -5.72518038449 335.166718 0.803 0.331
83.05702328299 -4.13660756496 0.0407 0.0352 116.4879 "" "" 3209859137405992320 257.546082 3.8575 0.0593 7.303 6.13 0.054 0.041 1.033 3539.8 4.7229 16.734653 2.404608 18.018082 15.613474 "" "" 253.615097 261.535309 3811.40685 2.1707 847.59 9.7093 4505.8 11.531 "" "" 0.002823854445418161 0.012746438 0.004690854 0.017437292 83.05702328299 -4.13660756496 257.546082 7.303 6.129999999999999
82.6310482944 -4.55141073591 0.0482 0.039 108.1605 "" "" 3209728226803138560 349.716919 2.8404 0.0704 0.618 -0.271 0.063 0.05 1.088 3441.3 4.234 16.737764 2.721365 18.257877 15.536512 "" "" 341.409058 357.898071 3800.50156 3.0409 679.62 9.0263 4836.7 12.906 "" "" 0.0028890281464640753 0.014687546 0.004762042 0.019449588 82.6310482944 -4.55141073591 349.716919 0.6180000000000001 -0.271
83.72875565499 -4.45682968528 0.0452 0.0384 88.764 "" "" 3209638719685943936 353.843353 2.7843 0.0731 1.227 -1.708 0.062 0.05 1.077 3467.1 4.2953 16.738636 2.891731 18.378222 15.48649 "" "" 345.714142 363.502808 3797.44964 2.5323 608.32 10.408 5064.8 12.122 "" "" 0.00284885710592404 0.018784683 0.00458654 0.023371223 83.72875565499 -4.45682968528 353.843353 1.227 -1.7080000000000002
83.53017518784 -5.83458486449 0.1196 0.1059 16.7239 "" "" 3017241635274453376 366.012543 2.7699 0.1783 -1.989 0.199 0.149 0.127 2.791 "" "" 16.739283 2.227874 17.817675 15.589801 "" "" 343.835785 390.560394 3795.19217 7.2264 1019.4 16.321 4605.1 14.657 "" "" 0.003444661950364422 0.01760557 0.005121062 0.02272663 83.53017518784 -5.83458486449 366.012543 -1.9889999999999999 0.19899999999999998
83.789053793 -4.70066076023 0.0482 0.0425 74.0548 "" "" 3209579208619140480 364.332367 2.6734 0.071 1.246 0.982 0.064 0.052 0.981 3468.0 4.2641 16.740671 2.836474 18.311308 15.474834 "" "" 355.636169 374.513733 3790.34267 2.569 646.98 22.428 5119.5 19.292 "" "" 0.002851896921768999 0.037741058 0.0055698687 0.043310925 83.789053793 -4.70066076023 364.332367 1.246 0.9820000000000001
83.87740044519 -5.86538903779 0.2076 0.1845 6.6042 "" "" 3017191474353799296 332.782867 3.079 0.3126 1.458 0.303 0.287 0.238 4.219 "" "" 16.740845 3.38684 18.579504 15.192664 "" "" 299.622192 364.991364 3789.73406 12.111 505.38 30.736 6638.8 39.248 "" "" 0.004430667046510071 0.066090785 0.007448787 0.07353957 83.87740044519 -5.86538903779 332.782867 1.4580000000000004 0.303
82.46706742918 -5.67878906717 0.0509 0.0418 80.5439 "" "" 3209073433269152896 327.035156 3.0255 0.0693 1.071 -0.323 0.07 0.052 1.025 3378.5 4.1549 16.74169 3.256605 18.683931 15.427326 "" "" 318.948608 333.394135 3786.7902 2.9287 459.03 8.7263 5348.4 10.768 "" "" 0.0028804336151801446 0.020827912 0.004366005 0.025193917 82.46706742918 -5.67878906717 327.035156 1.0710000000000002 -0.323
83.23873933432 -7.30397332581 0.045 0.0405 88.5063 "" "" 3016503107057463168 370.658813 2.6532 0.0614 0.366 -0.8 0.06 0.05 0.977 "" "" 16.743113 3.370157 18.773178 15.403021 "" "" 362.284515 379.957062 3781.82448 3.7221 422.81 5.9051 5469.5 14.743 "" "" 0.0029552789025150254 0.0154183 0.0047800294 0.02019833 83.23873933432 -7.30397332581 370.658813 0.366 -0.8000000000000002
84.26967998527 -6.08204352351 0.0437 0.0391 29.8617 "" "" 3016987171347744896 370.415955 2.6582 0.063 1.268 0.544 0.055 0.047 1.058 3332.6 4.2747 16.743967 3.16873 18.6066 15.43787 "" "" 361.554626 379.119049 3778.85116 3.0961 492.92 7.2259 5296.8 13.283 "" "" 0.002895362131757127 0.016158927 0.004658011 0.020816937 84.26967998527 -6.08204352351 370.415955 1.2680000000000002 0.544
83.25558614134 -4.79881006816 0.0409 0.0374 75.3115 "" "" 3209609204670864640 286.540405 3.4675 0.0563 3.139 -16.494 0.052 0.044 1.024 3617.6 4.7209 16.7447 2.49828 18.102228 15.603948 "" "" 280.956543 290.573151 3776.30146 2.2842 784.38 10.524 4545.5 11.177 "" "" 0.002832506560943022 0.014832089 0.004627224 0.019459313 83.25558614134 -4.79881006816 286.540405 3.139 -16.494
84.37715034095 -6.09083216809 0.0465 0.0425 36.1702 "" "" 3016987549304861440 375.97049 2.6241 0.0702 1.042 0.968 0.059 0.052 0.994 "" "" 16.745045 3.639165 18.999866 15.360702 "" "" 365.944763 385.602997 3775.10112 4.5797 343.14 9.058 5686.9 17.676 "" "" 0.003053957033412637 0.028796092 0.005066774 0.033862866 84.37715034095 -6.09083216809 375.97049 1.042 0.968
83.5635867972 -5.08101360571 0.0556 0.0474 53.0124 "" "" 3209539488761717120 372.113861 2.6432 0.075 1.667 -0.654 0.067 0.055 1.094 "" "" 16.745626 4.01169 19.308142 15.296452 "" "" 362.83609 383.202332 3773.08379 6.3269 258.32 10.31 6033.6 31.07 "" "" 0.0033024898604467807 0.04342335 0.006748551 0.0501719 83.5635867972 -5.08101360571 372.113861 1.6669999999999998 -0.654
84.85674870051 -6.31758953124 0.0419 0.0366 67.5646 "" "" 3017011704201615744 372.351868 2.6364 0.0575 2.273 -1.02 0.055 0.044 0.974 "" "" 16.747053 3.271632 18.693224 15.421592 "" "" 364.668488 380.702148 3768.12417 2.5998 455.12 7.612 5376.8 12.976 "" "" 0.0028553350538356196 0.018372323 0.0045988467 0.02297117 84.85674870051 -6.31758953124 372.351868 2.273 -1.02
83.83559786569 -5.40581200071 0.1704 0.1704 31.8541 "" "" 3017361108393218816 360.814728 2.7813 0.221 0.673 0.015 0.224 0.234 0.429 "" "" 16.747477 0.773351 13.163876 12.390525 "" "" 333.344635 384.591187 3766.65631 54.07 74108.0 2004.1 87690.0 337.31 "" "" 0.01582731807152942 0.029493798 0.005632597 0.035126396 83.83559786569 -5.40581200071 360.814728 0.673 0.015
84.12212951162 -4.73333477901 0.0426 0.0345 74.7492 "" "" 3209568866338114944 362.887665 2.7185 0.0633 1.131 1.149 0.056 0.044 1.038 3442.6 4.2429 16.748447 3.009092 18.486845 15.477753 "" "" 355.655762 371.653656 3763.28841 2.5156 550.4 8.489 5105.7 15.275 "" "" 0.002849303423347575 0.016976524 0.004983462 0.021959987 84.12212951162 -4.73333477901 362.887665 1.1310000000000002 1.149
83.89689229603 -6.81163569154 0.0445 0.041 52.9771 "" "" 3016548191330795904 353.709839 2.789 0.063 0.284 0.855 0.055 0.049 0.995 3462.8 4.2841 16.75099 2.89648 18.396673 15.500194 "" "" 346.950378 361.644928 3754.48576 4.4002 598.06 11.254 5001.3 18.941 "" "" 0.003034956288375525 0.020620491 0.0055849426 0.026205434 83.89689229603 -6.81163569154 353.709839 0.2839999999999999 0.8549999999999999
83.6463604714 -6.74814143459 0.0468 0.041 49.5569 "" "" 3016563515774031360 362.680695 2.7055 0.0683 1.109 0.245 0.058 0.053 1.02 3471.5 4.2819 16.751371 2.938565 18.443037 15.504472 "" "" 355.09436 372.355743 3753.17004 5.1705 573.06 11.341 4981.6 17.808 "" "" 0.003135132071843366 0.021667387 0.005417357 0.027084745 83.6463604714 -6.74814143459 362.680695 1.109 0.24499999999999994
84.19451178041 -4.37936456819 0.05 0.042 96.3877 "" "" 3215596079842228096 354.801788 2.7903 0.0735 0.958 0.372 0.066 0.053 1.095 "" "" 16.752039 3.527522 18.902882 15.37536 "" "" 346.897614 362.615356 3750.86024 4.7951 375.2 10.979 5610.7 23.559 "" "" 0.0030851819731896337 0.0318928 0.0059217974 0.037814595 84.19451178041 -4.37936456819 354.801788 0.9579999999999999 0.37199999999999994
83.64096228489 -5.45503403896 0.0669 0.0553 30.1643 "" "" 3017270123794770048 368.762787 2.6584 0.097 0.645 -1.404 0.091 0.067 1.059 "" "" 16.754416 2.593539 17.893843 15.300303 "" "" 353.662384 382.126984 3742.65931 7.698 950.34 96.593 6012.2 83.372 "" "" 0.003546666121349074 0.11038999 0.015523157 0.12591314 83.64096228489 -5.45503403896 368.762787 0.6450000000000001 -1.4040000000000001
83.49871611928 -6.59032969544 0.0458 0.0396 43.0307 "" "" 3016754212323221632 367.097198 2.6853 0.0688 1.126 -0.283 0.055 0.049 0.976 "" "" 16.756842 2.975521 18.47772 15.502199 "" "" 358.692352 374.429932 3734.3062 7.4046 555.05 11.074 4992.0 32.695 "" "" 0.0034966555097957017 0.021840865 0.008052958 0.029893823 83.49871611928 -6.59032969544 367.097198 1.126 -0.2829999999999999
83.35257266638 -6.51239577061 0.0451 0.0367 43.4318 "" "" 3016770498839218048 354.975494 2.7789 0.0644 1.053 -0.022 0.058 0.048 0.968 3470.8 4.2903 16.756956 2.897689 18.411493 15.513804 "" "" 347.036407 365.488708 3733.91299 3.4557 589.96 13.968 4939.0 16.099 "" "" 0.0029328295564314847 0.025857065 0.0051776883 0.031034753 83.35257266638 -6.51239577061 354.975494 1.053 -0.022
85.29135916997 -5.37444692037 0.0427 0.0364 95.6528 "" "" 3023132822871934848 279.178253 3.5547 0.0682 -2.389 -47.084 0.055 0.043 0.961 3655.8 4.7415 16.757471 2.25059 17.929462 15.678872 "" "" 274.343964 284.174408 3732.1451 2.2635 919.67 11.959 4242.4 11.682 "" "" 0.002832912408673625 0.014391518 0.004818934 0.019210452 85.29135916997 -5.37444692037 279.178253 -2.389 -47.083999999999996
83.88978499892 -4.41572879068 0.0423 0.0339 91.3392 "" "" 3209640025355962624 376.069458 2.6025 0.0692 0.7 -0.525 0.058 0.045 0.979 3488.2 4.2497 16.758842 2.900036 18.422113 15.522078 "" "" 368.487091 385.367767 3727.43077 2.2352 584.21 9.1876 4901.5 8.158 "" "" 0.002831199078015903 0.017301334 0.004189187 0.021490522 83.88978499892 -4.41572879068 376.069458 0.7 -0.525
83.57187519073 -6.20436175945 0.0441 0.0402 20.8148 "" "" 3017155190470160256 264.738373 3.7467 0.0601 -6.991 -19.432 0.057 0.047 1.048 3535.4 4.7387 16.760193 2.439918 18.064396 15.624478 "" "" 260.941315 268.872253 3722.79737 2.1695 812.19 11.85 4460.3 14.793 "" "" 0.0028270354750736804 0.016084934 0.005220204 0.021305138 83.57187519073 -6.20436175945 264.738373 -6.990999999999999 -19.432
83.09820641385 -6.13867140077 0.0439 0.0373 43.1419 "" "" 3016842860447882112 286.200409 3.4706 0.062 23.766 -14.282 0.057 0.048 0.99 3583.9 4.5722 16.761106 2.369165 18.023832 15.654667 "" "" 280.821838 291.139069 3719.66553 2.2581 843.11 10.381 4338.0 11.536 "" "" 0.002833059618231635 0.0136564635 0.004756065 0.018412529 83.09820641385 -6.13867140077 286.200409 23.765999999999995 -14.282
83.09971970954 -4.3141177548 0.0447 0.0411 105.6717 "" "" 3209829450592225920 356.36615 2.7446 0.064 2.074 -2.106 0.058 0.047 0.984 3516.6 4.4235 16.762497 3.049625 18.525873 15.476248 "" "" 348.83786 364.831573 3714.90697 3.5365 530.97 11.148 5112.8 13.851 "" "" 0.0029428058342335717 0.022965737 0.0047890777 0.027754813 83.09971970954 -4.3141177548 356.36615 2.074 -2.106
83.53483433837 -5.24408856006 0.0558 0.046 44.1941 "" "" 3209523992519736960 350.73349 2.7932 0.0823 1.324 -1.489 0.074 0.062 0.948 3338.5 4.1653 16.763506 2.67102 18.164248 15.493228 "" "" 340.233948 359.863312 3711.45871 3.1981 740.83 29.097 5033.5 28.041 "" "" 0.0029098216810057166 0.042734794 0.0071321866 0.04986698 83.53483433837 -5.24408856006 350.73349 1.324 -1.4890000000000003
82.80632990497 -7.35995698939 0.0425 0.0363 103.7233 "" "" 3016417486886116224 259.501617 3.8113 0.059 -17.999 -21.097 0.055 0.047 0.995 3525.1 4.7487 16.763527 2.518642 18.128883 15.610242 "" "" 255.589615 263.008484 3711.38679 2.4398 765.36 7.7338 4519.2 9.4677 "" "" 0.0028462641425152824 0.011320371 0.0044110753 0.015731446 82.80632990497 -7.35995698939 259.501617 -17.998999999999995 -21.096999999999998
84.81025434739 -7.27693464787 0.0399 0.0372 100.8447 "" "" 3016079077822392320 263.133331 3.764 0.0579 14.686 -20.374 0.051 0.044 0.973 3620.6 4.7413 16.763748 2.279888 17.958582 15.678694 "" "" 259.040009 267.368683 3710.63022 2.1404 895.33 10.568 4243.1 10.471 "" "" 0.0028256010781766054 0.013115672 0.0046327785 0.01774845 84.81025434739 -7.27693464787 263.133331 14.686000000000002 -20.374
