Clusters/NGC_1980/NGC_1980_stars_in_region.tsv
# %ECSV 1.0
# ---
# datatype:
# - name: RA_ICRS_1
#   unit: deg
#   datatype: float64
#   format: '{:15.11f}'
#   description: Right ascension (ICRS) at Ep=2016.0 (ra)
#   meta: !!omap
#   - {ucd: POS_EQ_RA_MAIN}
#   - {width: 15}
#   - {precision: '11'}
# - name: DE_ICRS_1
#   unit: deg
#   datatype: float64
#   format: '{:15.11f}'
#   description: Declination (ICRS) at Ep=2016.0 (dec)
#   meta: !!omap
#   - {ucd: POS_EQ_DEC_MAIN}
#   - {width: 15}
#   - {precision: '11'}
# - name: e_RA_ICRS
#   unit: mas
#   datatype: float64
#   format: '{:7.4f}'
#   description: Standard error of right ascension (ra_error)
#   meta: !!omap
#   - {ucd: ERROR}
#   - {width: 7}
#   - {precision: '4'}
# - name: e_DE_ICRS
#   unit: mas
#   datatype: float64
#   format: '{:7.4f}'
#   description: Standard error of declination (dec_error)
#   meta: !!omap
#   - {ucd: ERROR}
#   - {width: 7}
#   - {precision: '4'}
# - name: _r_1
#   unit: ''
#   datatype: float64
#   format: '{:8.4f}'
#   description: Distance from center (083.79160604000-05.93490522000)[ICRS], at Epoch=J2016.0
#   meta: !!omap
#   - {ucd: POS_ANG_DIST_GENERAL}
#   - {width: 8}
#   - {precision: '4'}
# - name: HIP
#   datatype: int32
#   description: '? HIP cross-id number, van Leeuwen, Cat. I/311 (hip_original_ext_source_id)'
#   meta: !!omap
#   - {ucd: ID_NUMBER}
#   - {width: 6}
#   - values: {'null': -2147483648}
# - name: TYC2
#   datatype: string
#   description: Tycho-2 cross-id name, Hog et al., Cat. I/259 (tyc2_original_ext_source_id)
#   meta: !!omap
#   - {ucd: ID_CROSSID}
#   - {_votable_string_dtype: char}
# - name: Source
#   datatype: int64
#   description: Source identifier, identical to the Gaia-EDR3 source_id (id)
#   meta: !!omap
#   - {ucd: ID_MAIN}
#   - {width: 19}
# - name: rgeo
#   unit: pc
#   datatype: float64
#   format: '{:15.8f}'
#   description: '? Median of the geometric distance posterior (r_med_geo)'
#   meta: !!omap
#   - {ucd: PHYS_DISTANCE_TRUE}
#   - {width: 15}
#   - {precision: '8'}
#   - values: {'null': .nan}
# - name: Plx
#   unit: mas
#   datatype: float64
#   format: '{:9.4f}'
#   description: '? Parallax (parallax)'
#   meta: !!omap
#   - {ucd: POS_PARLX_TRIG}
#   - {width: 9}
#   - {precision: '4'}
#   - values: {'null': .nan}
# - name: e_Plx
#   unit: mas
#   datatype: float32
#   format: '{:7.4f}'
#   description: '? Standard error of parallax (parallax_error)'
#   meta: !!omap
#   - {ucd: ERROR}
#   - {width: 7}
#   - {precision: '4'}
#   - values: {'null': .nan}
# - name: pmRA
#   unit: mas / yr
#   datatype: float64
#   format: '{:9.3f}'
#   description: '? Proper motion in right ascension direction, pmRA*cosDE (pmra)'
#   meta: !!omap
#   - {ucd: POS_EQ_PMRA}
#   - {width: 9}
#   - {precision: '3'}
#   - values: {'null': .nan}
# - name: pmDE
#   unit: mas / yr
#   datatype: float64
#   format: '{:9.3f}'
#   description: '? Proper motion in declination direction (pmdec)'
#   meta: !!omap
#   - {ucd: POS_EQ_PMDEC}
#   - {width: 9}
#   - {precision: '3'}
#   - values: {'null': .nan}
# - name: e_pmRA
#   unit: mas / yr
#   datatype: float32
#   format: '{:6.3f}'
#   description: '? Standard error of proper motion in right ascension direction (pmra_error)'
#   meta: !!omap
#   - {ucd: ERROR}
#   - {width: 6}
#   - {precision: '3'}
#   - values: {'null': .nan}
# - name: e_pmDE
[...]
#         value: !astropy.table.SerializedColumn {name: SkyCoord.dec}
#       distance: !astropy.table.SerializedColumn
#         __class__: astropy.coordinates.distances.Distance
#         unit: !astropy.units.Unit {unit: pc}
#         value: !astropy.table.SerializedColumn {name: SkyCoord.distance}
#       frame: icrs
#       obstime: !astropy.time.Time {format: jyear_str, in_subfmt: '*', jd1: 367701545.0, jd2: 0.0, out_subfmt: '*', precision: 3, scale: tt}
#       pm_dec: !astropy.table.SerializedColumn
#         __class__: astropy.units.quantity.Quantity
#         unit: !astropy.units.Unit {unit: mas / yr}
#         value: !astropy.table.SerializedColumn {name: SkyCoord.pm_dec}
#       pm_ra_cosdec: !astropy.table.SerializedColumn
#         __class__: astropy.units.quantity.Quantity
#         unit: !astropy.units.Unit {unit: mas / yr}
#         value: !astropy.table.SerializedColumn {name: SkyCoord.pm_ra_cosdec}
#       ra: !astropy.table.SerializedColumn
#         __class__: astropy.coordinates.angles.Longitude
#         unit: *id001
#         value: !astropy.table.SerializedColumn {name: SkyCoord.ra}
#         wrap_angle: !astropy.coordinates.Angle
#           unit: *id001
#           value: 360.0
#       representation_type: spherical
# schema: astropy-2.0
RA_ICRS_1 DE_ICRS_1 e_RA_ICRS e_DE_ICRS _r_1 HIP TYC2 Source rgeo Plx e_Plx pmRA pmDE e_pmRA e_pmDE RUWE Teff logg Gmag BP-RP BPmag RPmag RV e_RV b_rgeo B_rgeo FG e_FG FBP e_FBP FRP e_FRP RAVE5 RAVE6 e_Gmag e_BPmag e_RPmag e_BP-RP SkyCoord.ra SkyCoord.dec SkyCoord.distance SkyCoord.pm_ra_cosdec SkyCoord.pm_dec rmRA rmDE e_rmRA e_rmDE rRV e_rRV v_pec v_pec3d e_vpec e_vpec3d
[from data line 574]
83.82463555144 -6.81500529475 0.0121 0.0105 52.8427 "" "" 3016548775446352000 366.677368 2.6884 0.0174 1.115 0.303 0.015 0.013 1.092 4308.5 4.1123 13.83398 1.598214 14.586541 12.988327 24.19 2.33 364.318237 369.20166 55125.79921 58.371 19989.0 91.679 50562.0 136.09 "" "" 0.002985546831967068 0.0057081045 0.0047774073 0.010485511 83.82463555144 -6.81500529475 366.677368 1.1150000000000013 0.303 -0.10668350219726563 -0.2984683246612549 0.18727896 0.18527895 8.817192982456142 4.0121903 0.550895488140188 8.834386109330238 0.10219475451389885 4.004387049307712
84.0221923238 -7.07040955594 0.0117 0.0116 69.5031 "" "" 3016489917214701824 312.593414 3.1588 0.0173 13.896 -29.61 0.015 0.014 1.074 4743.4 4.5644 13.838964 1.208698 14.369013 13.160315 -51.04 1.9 311.140442 314.154205 54873.33384 7.4554 24424.0 20.935 43155.0 20.058 "" "" 0.0027592661793811 0.0029412808 0.0038129238 0.0067542046 84.0221923238 -7.07040955594 312.593414 13.896000000000008 -29.609999999999996 12.674316497802735 -30.211468324661254 0.18727896 0.18627895 -66.41280701754386 3.5821905 48.543727114895034 82.26271560163157 9.049956245342477 6.0732090634177744
84.83029419267 -4.99410633746 0.0106 0.0091 83.8749 "" "" 3023348395871036032 305.672333 3.2314 0.0159 10.499 10.095 0.014 0.011 1.016 4805.6 4.5809 13.844134 1.207931 14.373046 13.165114 48.12 3.05 304.468872 307.156525 54612.62539 14.704 24333.0 34.255 42965.0 34.884 "" "" 0.002770783937454966 0.003181387 0.003880827 0.007062214 84.83029419267 -4.99410633746 305.672333 10.499 10.095000000000011 9.277316497802735 9.493531675338746 0.18627895 0.18327895 32.74719298245614 4.7321906 19.232342368627442 37.97711996998097 3.5531845957748787 4.45964042595723
82.60958278672 -4.93679509324 0.0969 0.091 92.5796 "" "" 3209696512765291648 346.520233 2.8764 0.1582 16.058 17.049 0.126 0.119 5.21 "" "" 13.845523 1.371426 14.086451 12.715025 21.88 4.57 329.632416 366.134674 54542.80879 51.899 31684.0 77.063 65035.0 138.14 "" "" 0.0029426351711794867 0.0038417059 0.004427446 0.008269152 82.60958278672 -4.93679509324 346.520233 16.058 17.049 14.836316497802734 16.447531675338745 0.29827896 0.29127896 6.507192982456139 6.2521906 36.38206509947989 36.95941316381686 10.712334281653254 10.602294424211788
83.19486296764 -5.65723806905 0.0107 0.0102 39.3249 "" "" 3209390230056434432 337.421295 2.9228 0.0152 -4.313 -8.648 0.014 0.012 1.005 4904.5 4.6165 13.856633 1.207027 14.385561 13.178534 -31.79 2.01 336.020874 339.160278 53987.54613 15.326 24054.0 29.554 42437.0 39.99 "" "" 0.0027725057989757746 0.0030926662 0.003915421 0.0070080874 83.19486296764 -5.65723806905 337.421295 -4.312999999999996 -8.648 -5.534683502197265 -9.249468324661255 0.18627895 0.18427895 -47.162807017543855 3.6921906 17.239576053971867 50.214871784111565 3.186017774673795 3.63619499203257
83.52007025049 -7.18889470999 0.0114 0.0102 76.9605 "" "" 3016509330466795904 367.713379 2.6794 0.0163 -1.563 4.991 0.014 0.012 0.983 4934.9 4.5419 13.8601 1.135443 14.350247 13.214805 22.61 2.66 365.374115 370.023102 53815.43223 11.553 24850.0 27.833 41043.0 26.534 "" "" 0.0027651613887098806 0.0030436607 0.0038440109 0.0068876715 83.52007025049 -7.18889470999 367.713379 -1.5630000000000006 4.991000000000006 -2.7846835021972653 4.389531675338745 0.18627895 0.18427895 7.23719298245614 4.3421907 9.060457730695337 11.596070737755495 1.674871751545784 3.00941966073586
85.45117544008 -4.99156508651 0.0133 0.0128 114.1425 "" "" 3023358841231549440 320.954865 3.0723 0.0178 -3.299 -36.935 0.016 0.015 1.05 4650.3 4.5364 13.868097 1.269115 14.431683 13.162567 18.9 1.99 319.294006 322.591675 53420.46394 8.5103 23054.0 20.68 43066.0 26.919 "" "" 0.002760743875028218 0.0029552649 0.0038398306 0.0067950953 85.45117544008 -4.99156508651 320.954865 -3.2990000000000004 -36.93499999999999 -4.520683502197265 -37.53646832466126 0.18827896 0.18727896 3.527192982456139 3.6721907 57.51785647083567 57.625904794069314 10.772708624432937 10.754858858811682
83.15476302999 -5.88923902528 0.0111 0.0105 38.106 "" "" 3017226521286845568 307.026642 3.2097 0.0167 -4.238 19.895 0.015 0.012 0.909 4829.4 4.5689 13.868245 1.196297 14.390562 13.194265 62.08 1.79 305.377167 308.488953 53413.2337 7.4701 23944.0 21.751 41827.0 36.139 "" "" 0.002759501123605161 0.0029593625 0.0038940643 0.006853427 83.15476302999 -5.88923902528 307.026642 -4.238 19.895 -5.459683502197266 19.293531675338745 0.18727896 0.18427895 46.707192982456135 3.4721904 29.180560663356033 55.07328750790351 5.383902348804631 4.099893728793261
83.84030969053 -4.42095016838 0.1159 0.0825 90.8839 "" "" 3209639853557281152 315.94751 3.157 0.1625 -1.542 0.081 0.149 0.099 8.402 6011.7 4.3071 13.872126 1.729792 14.610401 12.88061 11.29 6.52 301.445587 337.296295 53222.66693 101.31 19555.0 369.91 55836.0 516.94 "" "" 0.0034442833813383283 0.020726869 0.010738963 0.031465832 83.84030969053 -4.42095016838 315.94751 -1.5419999999999987 0.081 -2.7636835021972654 -0.5204683246612549 0.32127896 0.27127895 -4.08280701754386 8.20219 4.211623134905998 5.865755072706396 1.34643805099363 5.790335664475529
83.66142830257 -6.10536840027 0.011 0.0105 12.843 "" "" 3017163333728131456 377.892975 2.6044 0.0154 1.42 0.619 0.014 0.013 1.07 "" "" 13.872574 1.691122 14.676814 12.985692 18.55 3.94 375.890808 379.690704 53200.69046 105.55 18395.0 123.58 50685.0 259.93 "" "" 0.003497416764466156 0.0078095575 0.006729535 0.014539093 83.66142830257 -6.10536840027 377.892975 1.4200000000000002 0.6189999999999999 0.1983164978027343 0.017531675338745112 0.18627895 0.18527895 3.177192982456141 5.6221905 0.3566123785785039 3.1971436683896406 0.06642662296176116 5.587112023914474
82.93822795726 -4.62587376552 0.0117 0.0114 93.6388 "" "" 3209805055178017664 313.683167 3.1468 0.017 -3.904 -3.136 0.015 0.014 1.015 "" "" 13.873921 1.237438 14.420323 13.182885 1.63 1.88 312.142792 315.430054 53134.71576 8.4574 23296.0 19.182 42267.0 23.915 "" "" 0.0027607344352488074 0.0029298945 0.0038289833 0.006758878 82.93822795726 -4.62587376552 313.683167 -3.9040000000000052 -3.136000000000003 -5.1256835021972655 -3.737468324661255 0.18727896 0.18627895 -13.74280701754386 3.5621905 9.432038424955222 16.668176072122726 1.7631539469583852 3.1018433736542272
84.36624140812 -6.59938770647 0.0107 0.0106 52.5747 "" "" 3016883920333971840 260.408508 3.7988 0.0151 -3.65 -29.788 0.014 0.012 1.056 4463.7 4.5578 13.874984 1.387117 14.50423 13.117112 -5.72 1.73 259.386139 261.371307 53082.70554 7.1066 21564.0 22.42 44907.0 22.41 "" "" 0.0027591516423223854 0.00300987 0.003818022 0.006827892 84.36624140812 -6.59938770647 260.408508 -3.6500000000000052 -29.788 -4.871683502197266 -30.389468324661255 0.18627895 0.18427895 -21.09280701754386 3.4121904 37.98975783685718 43.452597257038605 7.00262641784075 6.342361987346974
84.81673204434 -6.2293072543 0.0245 0.0222 63.661 "" "" 3017013589691048320 377.533569 2.6102 0.0335 -4.165 -28.684 0.031 0.026 2.193 4775.5 4.4608 13.878272 1.190379 14.3987 13.208321 -10.08 2.36 371.61969 381.934937 52922.19527 8.1476 23765.0 25.646 41289.0 23.64 "" "" 0.0027603858032383116 0.0030261963 0.0038301644 0.0068563605 84.81673204434 -6.2293072543 377.533569 -4.165 -28.683999999999994 -5.386683502197266 -29.285468324661256 0.20327896 0.19827896 -25.45280701754386 4.0421906 53.28577081743341 59.05267781125906 10.57427270697265 9.699381439980405
83.46180418057 -7.02126242113 0.0635 0.054 68.0822 "" "" 3016526510336488320 333.142456 2.9551 0.0895 0.751 0.222 0.081 0.068 3.53 "" "" 13.883326 1.760351 14.532962 12.772611 13.53 5.17 325.03537 343.798065 52676.43617 51.291 21001.0 39.535 61676.0 82.74 "" "" 0.0029511725873850054 0.0034587136 0.004050339 0.0075090528 83.46180418057 -7.02126242113 333.142456 0.751 0.222 -0.4706835021972656 -0.3794683246612549 0.25327897 0.24027896 -1.8428070175438602 6.8521905 0.9547183824810781 2.0754336640220963 0.23699851006620648 6.0851339229732275
83.31740894209 -5.66936584294 0.0145 0.0136 32.4819 "" "" 3209412873124153344 342.058624 2.8794 0.0197 1.548 0.573 0.019 0.017 1.378 "" "" 13.889903 1.644518 14.659095 13.014577 38.91 4.97 340.064789 344.324158 52358.31136 48.686 18697.0 76.556 49355.0 119.18 "" "" 0.002934459199198537 0.005248668 0.0045997244 0.009848393 83.31740894209 -5.66936584294 342.058624 1.548 0.573 0.3263164978027344 -0.02846832466125493 0.19127895 0.18927896 23.537192982456137 6.65219 0.5310854245600087 23.54318383782369 0.10157748052295403 6.650497870801472
83.80850462446 -5.86917874185 0.0114 0.0106 4.0705 "" "" 3017191646152505088 378.955688 2.5937 0.0163 1.444 0.605 0.016 0.014 1.079 4792.8 4.1694 13.891104 1.648179 14.671184 13.023005 -24.58 5.99 376.20694 381.487671 52300.44386 215.55 18490.0 304.19 48973.0 573.33 "" "" 0.005254998419940476 0.0180787 0.013260758 0.03133946 83.80850462446 -5.86917874185 378.955688 1.444 0.6050000000000001 0.22231649780273433 0.0035316753387450994 0.18827896 0.18627895 -39.95280701754386 7.67219 0.3993863852989243 39.95480319142949 0.07519585208725181 7.671806917432833
84.75026165555 -6.65977403174 0.0408 0.0363 71.8344 "" "" 3016891410757004672 365.302704 2.6989 0.0564 -9.65 -5.874 0.05 0.044 4.097 4550.2 4.1775 13.89828 1.422479 14.536825 13.114346 -3.1 3.42 358.950287 371.382782 51955.87276 64.831 20926.0 86.603 45021.0 130.5 "" "" 0.003070382478536315 0.0052891695 0.0049181688 0.010207338 84.75026165555 -6.65977403174 365.302704 -9.65 -5.874 -10.871683502197266 -6.4754683246612545 0.22227895 0.21627896 -18.47280701754386 5.1021905 21.91094257263653 28.658925372888522 4.836260107003458 4.9484834458151035
83.70128980391 -5.62301663474 0.0174 0.0152 19.4745 "" "" 3017262839530248192 344.217773 2.8607 0.0251 1.246 0.821 0.022 0.02 1.467 4942.4 4.2017 13.902919 1.757675 14.735958 12.978283 0.6 8.03 340.83905 347.160095 51734.35735 132.2 17419.0 163.25 51032.0 311.31 "" "" 0.00391016043409613 0.010551074 0.0076257396 0.018176813 83.70128980391 -5.62301663474 344.217773 1.2459999999999998 0.8210000000000011 0.02431649780273437 0.21953167533874507 0.19427896 0.19227895 -14.77280701754386 9.712191 0.3603767657596987 14.777201987889741 0.06930164724203637 9.709302218176562
83.85700192504 -5.50586160147 0.0315 0.0263 26.037 "" "" 3017359012449385728 376.569153 2.6149 0.0507 1.784 0.904 0.04 0.034 1.746 5506.1 4.1662 13.903559 1.888017 14.744387 12.85637 "" "" 370.788116 383.974457 51703.90432 346.65 17285.0 380.63 57097.0 1204.0 "" "" 0.007783354997194088 0.024071066 0.023204679 0.047275744 83.85700192504 -5.50586160147 376.569153 1.7839999999999987 0.9039999999999997 0.5623164978027344 0.30253167533874514 0.21227896 0.20627895 "" "" 1.1397428894787738 "" 0.24042528160828358 ""
83.28707527496 -5.38612587157 0.0129 0.0112 44.6277 "" "" 3209433420247512448 357.657898 2.7524 0.0183 1.603 0.649 0.016 0.014 1.128 5472.0 4.1235 13.906583 1.899112 14.844218 12.945106 27.18 3.94 355.660797 359.985992 51560.08961 65.878 15766.0 83.289 52616.0 169.51 "" "" 0.0030848369607499714 0.0063783936 0.0051496327 0.011528026 83.28707527496 -5.38612587157 357.657898 1.6029999999999998 0.6490000000000007 0.38131649780273436 0.04753167533874514 0.18827896 0.18627895 11.80719298245614 5.6221905 0.6514481362954656 11.825150772791202 0.12263414600454167 5.613656626987789
83.58642736929 -5.51274099941 0.0135 0.0113 28.1362 "" "" 3017268268368909696 375.511597 2.6169 0.0188 1.216 1.575 0.018 0.014 1.221 5806.6 4.1133 13.918998 2.015264 14.904957 12.889693 -8.06 5.34 373.021149 378.42804 50973.86427 66.907 14909.0 127.66 55371.0 241.95 "" "" 0.003102052075160123 0.009706411 0.006065611 0.015772022 83.58642736929 -5.51274099941 375.511597 1.216 1.5750000000000002 -0.005683502197265655 0.9735316753387451 0.19027895 0.18627895 -23.43280701754386 7.0221906 1.732842866891341 23.496791038837387 0.3227923957143209 7.003108930918424
83.67007387756 -4.3593150915 0.0548 0.0444 94.8139 "" "" 3209652429221541632 354.875061 2.7994 0.0855 0.429 -1.501 0.072 0.05 4.81 4624.9 4.2156 13.930917 1.773765 14.707564 12.9338 -1.1 4.57 343.593201 366.38266 50417.35605 92.583 17881.0 86.779 53167.0 152.7 "" "" 0.0034010169466754518 0.0059623676 0.004899762 0.01086213 83.67007387756 -4.3593150915 354.875061 0.429 -1.5009999999999997 -0.7926835021972656 -2.1024683246612548 0.24427895 0.22227895 -16.47280701754386 6.2521906 3.7795880991597537 16.90084782596874 0.8509143967613164 6.09681434625005
83.34336925581 -5.54260575117 0.1177 0.1037 35.6385 "" "" 3209416446536777856 294.063049 3.3651 0.1751 -0.836 2.049 0.152 0.131 10.3 7878.5 4.1091 13.931069 1.902622 14.813571 12.910949 -14.78 9.57 280.145416 312.855927 50410.27411 116.39 16218.0 157.56 54297.0 283.03 "" "" 0.0037250329825085676 0.0109108575 0.0068054455 0.017716303 83.34336925581 -5.54260575117 294.063049 -0.8359999999999993 2.049 -2.0576835021972655 1.447531675338745 0.32427895 0.30327895 -30.152807017543857 11.252191 3.506714342241786 30.356034268582025 1.1133143217052013 11.177599461143604
84.78879745244 -4.6403716003 0.0121 0.0111 97.8887 "" "" 3023422922143508480 363.261475 2.7096 0.0164 0.594 6.799 0.015 0.013 1.031 5014.9 4.5754 13.936205 1.112194 14.413731 13.301537 60.82 4.14 360.977753 365.544983 50172.38179 11.487 23438.0 21.013 37892.0 26.217 "" "" 0.002766510695388878 0.0029550903 0.0038533155 0.0068084057 84.78879745244 -4.6403716003 363.261475 0.594 6.799 -0.6276835021972657 6.1975316753387455 0.18727896 0.18527895 45.447192982456144 5.8221903 10.72586910304884 46.69573447329368 1.987496760195576 5.684877753305691
84.1138619797 -5.77845786388 0.0141 0.0118 21.4027 "" "" 3017196112918434560 377.415466 2.6091 0.0202 1.101 0.704 0.019 0.015 1.066 4947.7 4.2014 13.946177 1.660233 14.719241 13.059008 -36.55 10.05 375.104614 380.273804 49713.67789 90.222 17690.0 156.46 47376.0 276.99 "" "" 0.0033873856111291817 0.009999982 0.007387797 0.01738778 84.1138619797 -5.77845786388 377.415466 1.1009999999999986 0.704 -0.12068350219726565 0.10253167533874508 0.19127895 0.18727896 -51.92280701754386 11.732191 0.28329441197854555 51.92357984870612 0.05371612414771657 11.732016467408394
83.70066989421 -5.70805986985 0.0796 0.0684 14.6532 "" "" 3017244319631273984 359.688568 2.7488 0.1221 1.076 1.22 0.101 0.091 7.735 "" "" 13.948227 2.240178 15.086922 12.846744 -11.8 4.77 344.61908 380.167206 49619.92816 58.61 12608.0 45.955 57605.0 112.86 "" "" 0.003039155038304242 0.00484212 0.0043368908 0.009179011 83.70066989421 -5.70805986985 359.688568 1.076 1.22 -0.14568350219726556 0.6185316753387451 0.27327895 0.26327896 -27.17280701754386 6.4521904 1.0834051235475501 27.194396626408352 0.2858174294102848 6.447078066172617
84.13173474411 -6.1407271945 0.025 0.0233 23.7565 "" "" 3017168487688838784 367.430939 2.6664 0.0378 2.719 -0.06 0.032 0.027 2.526 7533.7 3.9387 13.957602 2.39975 15.102177 12.702427 -16.45 5.21 362.756073 372.474579 49193.33382 126.21 12432.0 205.29 65794.0 973.87 "" "" 0.0039180491144424475 0.018144606 0.016509274 0.03465388 84.13173474411 -6.1407271945 367.430939 2.718999999999996 -0.059999999999999984 1.4973164978027342 -0.6614683246612549 0.20427896 0.19927895 -31.82280701754386 6.8921905 2.8508916046739055 31.950252415551255 0.5800734609413793 6.864893534513438
