Clusters/NGC_1980/NGC_1980_stars_in_region.tsv
# %ECSV 1.0
# ---
# datatype:
# - name: RA_ICRS_1
#   unit: deg
#   datatype: float64
#   format: '{:15.11f}'
#   description: Right ascension (ICRS) at Ep=2016.0 (ra)
#   meta: !!omap
#   - {ucd: POS_EQ_RA_MAIN}
#   - {width: 15}
#   - {precision: '11'}
# - name: DE_ICRS_1
#   unit: deg
#   datatype: float64
#   format: '{:15.11f}'
#   description: Declination (ICRS) at Ep=2016.0 (dec)
#   meta: !!omap
#   - {ucd: POS_EQ_DEC_MAIN}
#   - {width: 15}
#   - {precision: '11'}
# - name: e_RA_ICRS
#   unit: mas
#   datatype: float64
#   format: '{:7.4f}'
#   description: Standard error of right ascension (ra_error)
#   meta: !!omap
#   - {ucd: ERROR}
#   - {width: 7}
#   - {precision: '4'}
# - name: e_DE_ICRS
#   unit: mas
#   datatype: float64
#   format: '{:7.4f}'
#   description: Standard error of declination (dec_error)
#   meta: !!omap
#   - {ucd: ERROR}
#   - {width: 7}
#   - {precision: '4'}
# - name: _r_1
#   unit: ''
#   datatype: float64
#   format: '{:8.4f}'
#   description: Distance from center (083.79160604000-05.93490522000)[ICRS], at Epoch=J2016.0
#   meta: !!omap
#   - {ucd: POS_ANG_DIST_GENERAL}
#   - {width: 8}
#   - {precision: '4'}
# - name: HIP
#   datatype: int32
#   description: '? HIP cross-id number, van Leeuwen, Cat. I/311 (hip_original_ext_source_id)'
#   meta: !!omap
#   - {ucd: ID_NUMBER}
#   - {width: 6}
#   - values: {'null': -2147483648}
# - name: TYC2
#   datatype: string
#   description: Tycho-2 cross-id name, Hog et al., Cat. I/259 (tyc2_original_ext_source_id)
#   meta: !!omap
#   - {ucd: ID_CROSSID}
#   - {_votable_string_dtype: char}
# - name: Source
#   datatype: int64
#   description: Source identifier, identical to the Gaia-EDR3 source_id (id)
#   meta: !!omap
#   - {ucd: ID_MAIN}
#   - {width: 19}
# - name: rgeo
#   unit: pc
#   datatype: float64
#   format: '{:15.8f}'
#   description: '? Median of the geometric distance posterior (r_med_geo)'
#   meta: !!omap
#   - {ucd: PHYS_DISTANCE_TRUE}
#   - {width: 15}
#   - {precision: '8'}
#   - values: {'null': .nan}
# - name: Plx
#   unit: mas
#   datatype: float64
#   format: '{:9.4f}'
#   description: '? Parallax (parallax)'
#   meta: !!omap
#   - {ucd: POS_PARLX_TRIG}
#   - {width: 9}
#   - {precision: '4'}
#   - values: {'null': .nan}
# - name: e_Plx
#   unit: mas
#   datatype: float32
#   format: '{:7.4f}'
#   description: '? Standard error of parallax (parallax_error)'
#   meta: !!omap
#   - {ucd: ERROR}
#   - {width: 7}
#   - {precision: '4'}
#   - values: {'null': .nan}
# - name: pmRA
#   unit: mas / yr
#   datatype: float64
#   format: '{:9.3f}'
#   description: '? Proper motion in right ascension direction, pmRA*cosDE (pmra)'
#   meta: !!omap
#   - {ucd: POS_EQ_PMRA}
#   - {width: 9}
#   - {precision: '3'}
#   - values: {'null': .nan}
# - name: pmDE
#   unit: mas / yr
#   datatype: float64
#   format: '{:9.3f}'
#   description: '? Proper motion in declination direction (pmdec)'
#   meta: !!omap
#   - {ucd: POS_EQ_PMDEC}
#   - {width: 9}
#   - {precision: '3'}
#   - values: {'null': .nan}
# - name: e_pmRA
#   unit: mas / yr
#   datatype: float32
#   format: '{:6.3f}'
#   description: '? Standard error of proper motion in right ascension direction (pmra_error)'
#   meta: !!omap
#   - {ucd: ERROR}
#   - {width: 6}
#   - {precision: '3'}
#   - values: {'null': .nan}
# - name: e_pmDE
[...]
#         unit: &id001 !astropy.units.Unit {unit: deg}
#         value: !astropy.table.SerializedColumn {name: SkyCoord.dec}
#       distance: !astropy.table.SerializedColumn
#         __class__: astropy.coordinates.distances.Distance
#         unit: !astropy.units.Unit {unit: pc}
#         value: !astropy.table.SerializedColumn {name: SkyCoord.distance}
#       frame: icrs
#       obstime: !astropy.time.Time {format: jyear_str, in_subfmt: '*', jd1: 367701545.0, jd2: 0.0, out_subfmt: '*', precision: 3, scale: tt}
#       pm_dec: !astropy.table.SerializedColumn
#         __class__: astropy.units.quantity.Quantity
#         unit: !astropy.units.Unit {unit: mas / yr}
#         value: !astropy.table.SerializedColumn {name: SkyCoord.pm_dec}
#       pm_ra_cosdec: !astropy.table.SerializedColumn
#         __class__: astropy.units.quantity.Quantity
#         unit: !astropy.units.Unit {unit: mas / yr}
#         value: !astropy.table.SerializedColumn {name: SkyCoord.pm_ra_cosdec}
#       ra: !astropy.table.SerializedColumn
#         __class__: astropy.coordinates.angles.Longitude
#         unit: *id001
#         value: !astropy.table.SerializedColumn {name: SkyCoord.ra}
#         wrap_angle: !astropy.coordinates.Angle
#           unit: *id001
#           value: 360.0
#       representation_type: spherical
# schema: astropy-2.0
RA_ICRS_1 DE_ICRS_1 e_RA_ICRS e_DE_ICRS _r_1 HIP TYC2 Source rgeo Plx e_Plx pmRA pmDE e_pmRA e_pmDE RUWE Teff logg Gmag BP-RP BPmag RPmag RV e_RV b_rgeo B_rgeo FG e_FG FBP e_FBP FRP e_FRP RAVE5 RAVE6 e_Gmag e_BPmag e_RPmag e_BP-RP SkyCoord.ra SkyCoord.dec SkyCoord.distance SkyCoord.pm_ra_cosdec SkyCoord.pm_dec
[from data line 923]
82.7845741511 -6.50740095332 0.0185 0.0168 69.194 "" "" 3016795100411723136 371.934326 2.6438 0.0258 0.916 -0.083 0.024 0.022 0.973 3829.4 4.075 15.0209 2.120852 16.099653 13.978802 -29.19 8.72 368.104797 375.684875 18475.09378 74.887 4960.8 86.162 20307.0 228.97 "" "" 0.005192296358596836 0.019062985 0.012812243 0.031875227 82.7845741511 -6.50740095332 371.934326 0.9160000000000001 -0.083
83.82023687552 -6.30445894503 0.0191 0.0175 22.2389 "" "" 3017141102977414784 332.596832 2.9616 0.0263 0.015 -0.236 0.025 0.022 1.051 "" "" 15.023006 2.47597 16.354218 13.878247 "" "" 329.666443 334.697266 18439.30413 17.104 3924.0 27.276 22277.0 48.767 "" "" 0.002933609123241024 0.008046283 0.004464631 0.012510914 83.82023687552 -6.30445894503 332.596832 0.015000000000000001 -0.23600000000000002
85.20366879536 -5.28849124172 0.0178 0.0158 92.8098 "" "" 3023137392717137280 290.945129 3.3896 0.0278 21.129 -17.328 0.024 0.019 1.0 4303.8 4.5908 15.025604 1.762377 15.878359 14.115982 24.82 5.87 289.013916 293.2211 18395.21612 4.3444 6082.4 15.819 17896.0 10.709 "" "" 0.0027672260134636874 0.003969722 0.0038348201 0.007804542 85.20366879536 -5.28849124172 290.945129 21.128999999999998 -17.328
84.33966515802 -5.30505384771 0.0181 0.0162 49.9911 "" "" 3017377875945840000 254.651077 3.8841 0.0276 -10.776 -6.496 0.024 0.02 1.091 4228.9 4.6402 15.041092 1.827648 15.933831 14.106183 22.3 3.89 253.056396 256.652405 18134.67789 4.3572 5779.4 13.112 18059.0 13.489 "" "" 0.002767641934404299 0.0037219222 0.003865413 0.007587335 84.33966515802 -5.30505384771 254.651077 -10.776 -6.496
84.06150277638 -6.22136297921 0.0199 0.019 23.5522 "" "" 3017166082507174272 369.430084 2.6665 0.0286 1.805 -1.219 0.024 0.022 1.1 3607.6 4.0022 15.044466 2.089276 16.093925 14.004649 "" "" 365.88913 373.109528 18078.40759 74.692 4987.1 116.33 19829.0 161.45 "" "" 0.005264412293107248 0.025479311 0.00961419 0.0350935 84.06150277638 -6.22136297921 369.430084 1.8050000000000004 -1.2190000000000003
83.54329048814 -6.79062053535 0.1345 0.1051 53.4354 "" "" 3016557292365712768 367.763062 2.6546 0.1832 1.777 -0.025 0.165 0.126 4.558 6173.9 3.8111 15.045757 2.326193 16.013472 13.687279 "" "" 341.966919 395.514221 18056.92809 12.81 5370.7 29.706 26561.0 145.49 "" "" 0.0028609558934087863 0.006621869 0.007046488 0.013668356 83.54329048814 -6.79062053535 367.763062 1.7770000000000001 -0.025
84.16955188705 -6.86792835886 0.0202 0.0184 60.3469 "" "" 3016871585188001536 363.304138 2.7156 0.0265 0.932 0.14 0.026 0.021 1.089 "" "" 15.046976 2.287223 16.235329 13.948106 47.96 8.4 359.36969 367.620239 18036.6606 58.982 4378.1 63.632 20889.0 181.45 "" "" 0.004494188561049974 0.016025033 0.0101602115 0.026185244 84.16955188705 -6.86792835886 363.304138 0.932 0.14
84.47285769393 -6.97101584069 0.0202 0.0181 74.2584 "" "" 3016853099648753152 378.714722 2.5822 0.0264 0.426 -0.469 0.025 0.021 1.054 "" "" 15.050835 2.661336 16.527136 13.8658 32.4 7.99 375.463623 382.932983 17972.68527 36.039 3346.3 26.741 22534.0 138.35 "" "" 0.003511648883911119 0.009113951 0.00766285 0.0167768 84.47285769393 -6.97101584069 378.714722 0.426 -0.4690000000000001
81.83469312431 -6.21309562148 0.0182 0.0154 117.9425 "" "" 3208933451694758912 339.92392 2.9027 0.0247 3.274 -8.559 0.023 0.019 1.015 4405.8 4.6452 15.054594 1.69693 15.866426 14.169497 12.27 6.62 336.881134 343.376892 17910.5622 4.3237 6149.6 13.078 17036.0 15.723 "" "" 0.002767758471905789 0.0036216576 0.0039099674 0.007531625 81.83469312431 -6.21309562148 339.92392 3.274 -8.559000000000001
84.1513619596 -5.60947902518 0.0193 0.0173 29.0252 "" "" 3017296409006209920 375.353455 2.6173 0.0271 1.416 -0.556 0.025 0.021 1.102 "" "" 15.060935 2.487252 16.394018 13.906766 "" "" 371.351929 381.295135 17806.25925 16.999 3782.8 26.861 21700.0 52.155 "" "" 0.0029438325211210113 0.008198983 0.004592746 0.012791729 84.1513619596 -5.60947902518 375.353455 1.416 -0.5560000000000002
83.40421914549 -4.5606345748 0.0648 0.0555 85.6431 "" "" 3209619546951862784 367.992096 2.6977 0.0936 1.731 -2.248 0.083 0.073 4.74 "" "" 15.062492 2.563929 16.365028 13.8011 12.46 5.04 354.582642 381.304626 17780.7448 21.753 3885.1 17.94 23918.0 44.233 "" "" 0.0030587822328135015 0.005737651 0.0042796563 0.0100173075 83.40421914549 -4.5606345748 367.992096 1.7309999999999997 -2.2479999999999998
84.88763637932 -6.35752252504 0.0186 0.0162 70.1285 "" "" 3017008405666734080 330.527222 2.9859 0.0251 -8.788 0.42 0.024 0.02 0.993 4345.8 4.5948 15.07125 1.650551 15.856437 14.205886 71.32 4.55 328.39975 333.063721 17637.89356 4.3582 6206.4 12.019 16474.0 21.725 "" "" 0.0027683501198176056 0.0034936941 0.00404151 0.0075352043 84.88763637932 -6.35752252504 330.527222 -8.787999999999998 0.41999999999999993
85.52134373441 -6.47575870689 0.0191 0.0173 108.1587 "" "" 3016244176366347648 265.189728 3.7226 0.0303 28.919 29.388 0.025 0.02 1.056 4020.9 4.653 15.076982 1.836763 15.972888 14.136125 30.63 5.9 262.88092 266.967285 17545.01059 4.4368 5575.2 12.266 17567.0 18.877 "" "" 0.0027689661827142776 0.0036730196 0.0039553656 0.007628385 85.52134373441 -6.47575870689 265.189728 28.919000000000004 29.388
83.07000067867 -5.52104517646 0.0379 0.0327 49.7242 "" "" 3209407203767186176 279.283356 3.5373 0.053 -5.584 -4.044 0.046 0.038 2.004 3922.3 4.3907 15.079581 1.942092 16.034767 14.092675 -9.62 6.81 275.571808 283.288574 17503.07504 8.2866 5266.4 10.413 18285.0 13.09 "" "" 0.0028028581243018484 0.003520467 0.00385848 0.007378947 83.07000067867 -5.52104517646 279.283356 -5.584 -4.044
83.87567183969 -6.20166134655 0.0193 0.0178 16.7729 "" "" 3017146531816058624 370.494568 2.6583 0.0277 1.333 0.795 0.024 0.021 1.044 3717.8 4.0192 15.080008 2.20078 16.20842 14.00764 81.49 7.36 366.181488 375.221161 17496.18417 47.625 4488.0 61.57 19774.0 138.11 "" "" 0.004040564966854511 0.015154081 0.008472855 0.023626937 83.87567183969 -6.20166134655 370.494568 1.333 0.795
83.88326490647 -5.99489407822 0.0201 0.0182 6.5478 "" "" 3017186423472281728 370.108704 2.66 0.028 1.317 0.86 0.025 0.022 1.104 "" "" 15.080071 2.266121 16.243559 13.977438 31.26 6.49 365.8396 374.082336 17495.16897 20.175 4345.0 49.915 20332.0 52.691 "" "" 0.0030264507684458148 0.012781117 0.0047117663 0.017492883 83.88326490647 -5.99489407822 370.108704 1.317 0.8599999999999999
83.80247093795 -6.95337652721 0.0199 0.019 61.1117 "" "" 3016542453254504960 359.492096 2.734 0.0303 1.446 -2.476 0.025 0.023 1.068 "" "" 15.080905 2.586625 16.497252 13.910626 -3.25 9.01 355.43335 364.591492 17481.75007 13.29 3439.7 16.193 21623.0 38.066 "" "" 0.0028762952405777063 0.0058232634 0.0042352187 0.010058482 83.80247093795 -6.95337652721 359.492096 1.446 -2.4760000000000004
83.94345151625 -5.68353950156 0.062 0.0544 17.596 "" "" 3017247721245474432 316.770752 3.0932 0.1021 2.574 1.268 0.081 0.072 3.338 "" "" 15.081088 2.790223 16.619038 13.828815 "" "" 307.627594 326.68988 17478.79441 28.105 3074.7 33.828 23315.0 97.737 "" "" 0.003261845179857093 0.012266857 0.0059160157 0.018182872 83.94345151625 -5.68353950156 316.770752 2.5740000000000003 1.2679999999999998
83.24688180362 -5.40723955348 0.0435 0.0372 45.3886 "" "" 3209432904851447552 349.330231 2.7777 0.0619 1.48 -1.03 0.053 0.044 2.23 "" "" 15.083259 2.603986 16.509148 13.905162 33.29 7.91 342.582733 357.618713 17443.8888 22.164 3402.2 17.666 21732.0 79.011 "" "" 0.003081375427941231 0.0062903753 0.005464958 0.011755333 83.24688180362 -5.40723955348 349.330231 1.4800000000000002 -1.03
82.1043960137 -6.14925480293 0.0369 0.0305 101.4883 "" "" 3208981761487367296 296.52713 3.3403 0.0492 17.473 -5.745 0.047 0.038 2.034 4344.7 4.6434 15.087836 1.721414 15.916624 14.19521 63.06 6.3 291.354095 301.042358 17370.49203 4.2961 5871.7 10.444 16637.0 15.101 "" "" 0.0027683741961538563 0.0033933145 0.003905756 0.0072990702 82.1043960137 -6.14925480293 296.52713 17.473000000000003 -5.745
85.02649826976 -6.68597532126 0.0198 0.0188 86.3379 "" "" 3016142540259050368 344.196106 2.8631 0.0292 3.388 -29.673 0.026 0.022 0.971 "" "" 15.088541 1.498103 15.774274 14.276171 -5.63 5.72 341.060211 347.343231 17359.22493 4.2453 6694.3 14.976 15442.0 25.683 "" "" 0.0027680845227260873 0.0036992903 0.0041886265 0.007887917 85.02649826976 -6.68597532126 344.196106 3.388 -29.673
84.8133216683 -6.73434327936 0.0416 0.0394 77.5435 "" "" 3016886703471821952 335.146729 2.9406 0.0562 0.56 0.992 0.052 0.046 1.866 5994.9 4.4018 15.089922 2.122896 15.982964 13.860068 "" "" 329.575836 340.598022 17337.16083 110.32 5523.7 209.88 22653.0 681.13 "" "" 0.007437933627183232 0.04134817 0.032863937 0.074212104 84.8133216683 -6.73434327936 335.146729 0.5599999999999999 0.9919999999999999
82.38513260468 -5.75675080847 0.021 0.0177 84.6273 "" "" 3209071234245943936 283.616791 3.4859 0.0291 -0.911 -29.075 0.027 0.023 1.032 4250.9 4.6236 15.096168 1.721586 15.924163 14.202577 -34.07 4.78 281.311829 285.871918 17237.70838 4.7473 5831.1 14.536 16524.0 11.57 "" "" 0.002771497565173231 0.0038872291 0.0038550836 0.0077423127 82.38513260468 -5.75675080847 283.616791 -0.9110000000000003 -29.075000000000003
83.55417369144 -5.70369250654 0.0198 0.018 19.8321 "" "" 3017256757856573312 377.95993 2.6016 0.0263 1.39 0.438 0.027 0.021 1.061 3820.6 4.1441 15.098091 2.140516 16.184237 14.04372 -10.76 8.09 374.32489 381.833191 17207.20287 36.638 4589.0 42.065 19128.0 121.6 "" "" 0.003596678808853125 0.010336102 0.007869197 0.0182053 83.55417369144 -5.70369250654 377.95993 1.3899999999999997 0.438
83.70174343155 -5.08370133097 0.0221 0.0205 51.3534 "" "" 3209533029130885760 371.527649 2.6474 0.032 1.421 -0.233 0.028 0.025 1.293 "" "" 15.106976 2.191805 16.229914 14.038109 -4.07 8.42 368.092865 376.333771 17066.97773 45.226 4400.0 49.047 19227.0 136.04 "" "" 0.003983657664889315 0.01242021 0.008561439 0.020981649 83.70174343155 -5.08370133097 371.527649 1.421 -0.23300000000000004
83.16100074282 -5.88841589789 0.0186 0.0176 37.7383 "" "" 3017226521286844672 375.372009 2.6276 0.0286 11.899 -47.775 0.025 0.021 0.982 4497.5 4.643 15.107712 1.600077 15.862059 14.261982 0.19 5.06 371.106659 379.202698 17055.40387 4.1559 6174.4 12.146 15645.0 18.134 "" "" 0.0027679924906069296 0.0035137923 0.0039833994 0.0074971914 83.16100074282 -5.88841589789 375.372009 11.899 -47.775
84.31606656057 -4.63009382742 0.0269 0.0222 84.3261 "" "" 3215575390982516096 369.57373 2.66 0.0402 1.031 0.478 0.034 0.026 1.015 6012.4 4.4074 15.11043 2.169935 16.06978 13.899845 "" "" 364.917511 374.022064 17012.76051 16.746 5099.2 84.265 21838.0 424.91 "" "" 0.0029553230474862564 0.018157598 0.021460973 0.03961857 84.31606656057 -4.63009382742 369.57373 1.0310000000000001 0.478
83.73445481058 -6.07149712753 0.0182 0.0157 8.8767 "" "" 3017163849124195840 375.902771 2.6101 0.0243 1.079 0.368 0.023 0.019 1.004 "" "" 15.110431 2.11962 16.192171 14.072551 -0.39 7.19 373.217316 378.96875 17012.74816 56.602 4555.6 72.044 18627.0 169.58 "" "" 0.004543167181657639 0.01739547 0.010582422 0.027977891 83.73445481058 -6.07149712753 375.902771 1.079 0.36800000000000005
82.5873663052 -5.18039250514 0.0743 0.0625 84.977 "" "" 3209481420801908480 291.43576 3.3929 0.102 16.855 -13.937 0.093 0.076 4.46 3898.7 4.4891 15.112985 2.068451 16.141584 14.073133 49.31 3.81 283.668152 300.242645 16972.77387 16.827 4772.9 12.486 18617.0 16.952 "" "" 0.002958115992931436 0.0039815065 0.003906549 0.007888055 82.5873663052 -5.18039250514 291.43576 16.855000000000008 -13.937
84.61324477131 -6.26563509645 0.0189 0.0176 52.8833 "" "" 3016966692943669376 317.14621 3.1187 0.0284 -3.298 4.259 0.024 0.021 1.02 "" "" 15.118808 1.662728 15.9073 14.244572 49.73 6.95 314.232971 319.935974 16881.99663 4.5699 5922.4 11.596 15898.0 16.559 "" "" 0.0027709510351836813 0.0035077531 0.003944948 0.007452701 84.61324477131 -6.26563509645 317.14621 -3.298 4.259
84.49595784436 -5.67219511506 0.0193 0.0174 44.9021 "" "" 3017285070292526720 351.72757 2.8016 0.0267 -2.32 1.049 0.025 0.021 1.044 4449.4 4.6721 15.118824 1.566178 15.850022 14.283844 5.09 8.3 348.146179 355.514069 16881.73743 5.0353 6243.2 13.862 15333.0 17.439 "" "" 0.0027742859840325525 0.0036873454 0.0039760047 0.00766335 84.49595784436 -5.67219511506 351.72757 -2.3199999999999994 1.049
83.20156470883 -4.69544904158 0.0194 0.0173 82.2985 "" "" 3209613774516153472 343.827454 2.8654 0.0272 1.352 -0.591 0.024 0.02 0.961 3794.3 4.195 15.119023 2.19271 16.250511 14.057801 20.45 8.18 340.633942 347.30542 16878.63808 43.465 4317.3 54.168 18882.0 119.19 "" "" 0.003925432963307608 0.013905247 0.007826556 0.021731803 83.20156470883 -4.69544904158 343.827454 1.3520000000000003 -0.5909999999999999
83.85837878918 -5.42996336474 0.0704 0.0625 30.5577 "" "" 3017360657409619328 352.979614 2.8491 0.1076 1.904 -1.006 0.088 0.076 2.012 "" "" 15.120675 1.432794 14.901476 13.468682 "" "" 340.000763 368.502594 16852.9845 78.745 14956.0 1532.1 32485.0 1425.6 "" "" 0.005773022283504152 0.11125833 0.047797047 0.15905538 83.85837878918 -5.42996336474 352.979614 1.904 -1.0060000000000002
83.77934682693 -4.91577185775 0.0198 0.018 61.1524 "" "" 3209547941257283328 378.417236 2.597 0.0273 1.285 0.69 0.025 0.021 1.042 3969.2 4.2701 15.125425 2.074767 16.177418 14.102651 0.43 12.17 374.988068 381.660706 16779.40471 20.45 4618.0 28.96 18117.0 59.873 "" "" 0.003056595031443326 0.0073582917 0.0052113775 0.01256967 83.77934682693 -4.91577185775 378.417236 1.285 0.6899999999999998
84.56100820198 -5.09716549024 0.0182 0.0155 68.1022 "" "" 3017387462312794368 362.367981 2.722 0.027 0.549 0.073 0.026 0.02 1.025 "" "" 15.12873 2.158567 16.237635 14.079068 24.71 6.55 359.559753 365.706635 16728.41144 49.732 4368.8 46.501 18515.0 146.4 "" "" 0.004243869672363695 0.011888506 0.009380107 0.021268614 84.56100820198 -5.09716549024 362.367981 0.549 0.07299999999999998
82.29793721722 -6.99269102018 0.0201 0.0167 109.3518 "" "" 3016679651690508672 339.54187 2.8963 0.0271 -0.709 -0.07 0.026 0.021 1.021 3780.7 4.2227 15.132277 2.158745 16.240448 14.081703 -15.32 6.83 335.892242 342.457275 16673.85508 22.832 4357.5 25.926 18470.0 63.43 "" "" 0.003130839632524833 0.007036669 0.0053091045 0.012345774 82.29793721722 -6.99269102018 339.54187 -0.7090000000000001 -0.07000000000000002
83.77274222081 -4.41852179922 0.018 0.0148 90.99 "" "" 3209639269441739776 377.80014 2.5945 0.027 1.093 0.576 0.025 0.02 1.046 3721.9 4.01 15.133936 2.281901 16.31914 14.037238 "" "" 374.41922 381.220001 16648.40139 52.101 4052.9 60.353 19243.0 215.62 "" "" 0.004374566820048844 0.016407024 0.012739322 0.029146347 83.77274222081 -4.41852179922 377.80014 1.093 0.576
84.25006067464 -6.9672737214 0.023 0.0207 67.7045 "" "" 3016867049702538368 297.479156 3.3174 0.0323 6.46 -15.675 0.029 0.024 1.314 4191.9 4.599 15.140924 1.82395 16.032036 14.208086 43.25 9.71 294.739105 300.242188 16541.57816 4.8904 5279.6 11.956 16441.0 15.748 "" "" 0.0027739545934549383 0.0037189187 0.0039198557 0.0076387743 84.25006067464 -6.9672737214 297.479156 6.459999999999999 -15.675
84.61038425143 -7.12584559425 0.0207 0.019 86.5341 "" "" 3016099517570924928 340.734833 2.8909 0.028 11.052 5.244 0.027 0.022 1.059 4353.1 4.602 15.146389 1.660675 15.936468 14.275793 43.68 7.25 338.170258 344.31842 16458.53686 5.4878 5765.4 13.582 15447.0 17.903 "" "" 0.002779001107832392 0.003785122 0.003983366 0.0077684876 84.61038425143 -7.12584559425 340.734833 11.052 5.244000000000001
82.76471166627 -4.47904560995 0.2053 0.1721 106.7477 "" "" 3209822647363944448 345.872375 3.0215 0.2965 8.348 -24.319 0.259 0.213 10.651 4230.1 4.5194 15.14892 1.685605 15.905203 14.219598 -21.75 3.66 306.582825 385.082642 16420.21593 18.352 5933.8 9.5072 16267.0 14.641 "" "" 0.003010697130993214 0.0032880362 0.0039036733 0.0071917092 82.76471166627 -4.47904560995 345.872375 8.348 -24.318999999999996
