Clusters/NGC_1980/NGC_1980_stars_in_region.tsv
# %ECSV 1.0
# ---
# datatype:
# - name: RA_ICRS_1
#   unit: deg
#   datatype: float64
#   format: '{:15.11f}'
#   description: Right ascension (ICRS) at Ep=2016.0 (ra)
#   meta: !!omap
#   - {ucd: POS_EQ_RA_MAIN}
#   - {width: 15}
#   - {precision: '11'}
# - name: DE_ICRS_1
#   unit: deg
#   datatype: float64
#   format: '{:15.11f}'
#   description: Declination (ICRS) at Ep=2016.0 (dec)
#   meta: !!omap
#   - {ucd: POS_EQ_DEC_MAIN}
#   - {width: 15}
#   - {precision: '11'}
# - name: e_RA_ICRS
#   unit: mas
#   datatype: float64
#   format: '{:7.4f}'
#   description: Standard error of right ascension (ra_error)
#   meta: !!omap
#   - {ucd: ERROR}
#   - {width: 7}
#   - {precision: '4'}
# - name: e_DE_ICRS
#   unit: mas
#   datatype: float64
#   format: '{:7.4f}'
#   description: Standard error of declination (dec_error)
#   meta: !!omap
#   - {ucd: ERROR}
#   - {width: 7}
#   - {precision: '4'}
# - name: _r_1
#   unit: ''
#   datatype: float64
#   format: '{:8.4f}'
#   description: Distance from center (083.79160604000-05.93490522000)[ICRS], at Epoch=J2016.0
#   meta: !!omap
#   - {ucd: POS_ANG_DIST_GENERAL}
#   - {width: 8}
#   - {precision: '4'}
# - name: HIP
#   datatype: int32
#   description: '? HIP cross-id number, van Leeuwen, Cat. I/311 (hip_original_ext_source_id)'
#   meta: !!omap
#   - {ucd: ID_NUMBER}
#   - {width: 6}
#   - values: {'null': -2147483648}
# - name: TYC2
#   datatype: string
#   description: Tycho-2 cross-id name, Hog et al., Cat. I/259 (tyc2_original_ext_source_id)
#   meta: !!omap
#   - {ucd: ID_CROSSID}
#   - {_votable_string_dtype: char}
# - name: Source
#   datatype: int64
#   description: Source identifier, identical to the Gaia-EDR3 source_id (id)
#   meta: !!omap
#   - {ucd: ID_MAIN}
#   - {width: 19}
# - name: rgeo
#   unit: pc
#   datatype: float64
#   format: '{:15.8f}'
#   description: '? Median of the geometric distance posterior (r_med_geo)'
#   meta: !!omap
#   - {ucd: PHYS_DISTANCE_TRUE}
#   - {width: 15}
#   - {precision: '8'}
#   - values: {'null': .nan}
# - name: Plx
#   unit: mas
#   datatype: float64
#   format: '{:9.4f}'
#   description: '? Parallax (parallax)'
#   meta: !!omap
#   - {ucd: POS_PARLX_TRIG}
#   - {width: 9}
#   - {precision: '4'}
#   - values: {'null': .nan}
# - name: e_Plx
#   unit: mas
#   datatype: float32
#   format: '{:7.4f}'
#   description: '? Standard error of parallax (parallax_error)'
#   meta: !!omap
#   - {ucd: ERROR}
#   - {width: 7}
#   - {precision: '4'}
#   - values: {'null': .nan}
# - name: pmRA
#   unit: mas / yr
#   datatype: float64
#   format: '{:9.3f}'
#   description: '? Proper motion in right ascension direction, pmRA*cosDE (pmra)'
#   meta: !!omap
#   - {ucd: POS_EQ_PMRA}
#   - {width: 9}
#   - {precision: '3'}
#   - values: {'null': .nan}
# - name: pmDE
#   unit: mas / yr
#   datatype: float64
#   format: '{:9.3f}'
#   description: '? Proper motion in declination direction (pmdec)'
#   meta: !!omap
#   - {ucd: POS_EQ_PMDEC}
#   - {width: 9}
#   - {precision: '3'}
#   - values: {'null': .nan}
# - name: e_pmRA
#   unit: mas / yr
#   datatype: float32
#   format: '{:6.3f}'
#   description: '? Standard error of proper motion in right ascension direction (pmra_error)'
#   meta: !!omap
#   - {ucd: ERROR}
#   - {width: 6}
#   - {precision: '3'}
#   - values: {'null': .nan}
# - name: e_pmDE
[...]
#         value: !astropy.table.SerializedColumn {name: SkyCoord.dec}
#       distance: !astropy.table.SerializedColumn
#         __class__: astropy.coordinates.distances.Distance
#         unit: !astropy.units.Unit {unit: pc}
#         value: !astropy.table.SerializedColumn {name: SkyCoord.distance}
#       frame: icrs
#       obstime: !astropy.time.Time {format: jyear_str, in_subfmt: '*', jd1: 367701545.0, jd2: 0.0, out_subfmt: '*', precision: 3, scale: tt}
#       pm_dec: !astropy.table.SerializedColumn
#         __class__: astropy.units.quantity.Quantity
#         unit: !astropy.units.Unit {unit: mas / yr}
#         value: !astropy.table.SerializedColumn {name: SkyCoord.pm_dec}
#       pm_ra_cosdec: !astropy.table.SerializedColumn
#         __class__: astropy.units.quantity.Quantity
#         unit: !astropy.units.Unit {unit: mas / yr}
#         value: !astropy.table.SerializedColumn {name: SkyCoord.pm_ra_cosdec}
#       ra: !astropy.table.SerializedColumn
#         __class__: astropy.coordinates.angles.Longitude
#         unit: *id001
#         value: !astropy.table.SerializedColumn {name: SkyCoord.ra}
#         wrap_angle: !astropy.coordinates.Angle
#           unit: *id001
#           value: 360.0
#       representation_type: spherical
# schema: astropy-2.0
RA_ICRS_1 DE_ICRS_1 e_RA_ICRS e_DE_ICRS _r_1 HIP TYC2 Source rgeo Plx e_Plx pmRA pmDE e_pmRA e_pmDE RUWE Teff logg Gmag BP-RP BPmag RPmag RV e_RV b_rgeo B_rgeo FG e_FG FBP e_FBP FRP e_FRP RAVE5 RAVE6 e_Gmag e_BPmag e_RPmag e_BP-RP SkyCoord.ra SkyCoord.dec SkyCoord.distance SkyCoord.pm_ra_cosdec SkyCoord.pm_dec rmRA rmDE e_rmRA e_rmDE rRV e_rRV v_pec v_pec3d e_vpec e_vpec3d
[from data line 1938]
84.26967998527 -6.08204352351 0.0437 0.0391 29.8617 "" "" 3016987171347744896 370.415955 2.6582 0.063 1.268 0.544 0.055 0.047 1.058 3332.6 4.2747 16.743967 3.16873 18.6066 15.43787 "" "" 361.554626 379.119049 3778.85116 3.0961 492.92 7.2259 5296.8 13.283 "" "" 0.002895362131757127 0.016158927 0.004658011 0.020816937 84.26967998527 -6.08204352351 370.415955 1.2680000000000013 0.544 0.04631649780273439 -0.057468324661254844 0.22727895 0.21927896 "" "" 0.12959243578981747 "" 0.028829586412024964 ""
83.25558614134 -4.79881006816 0.0409 0.0374 75.3115 "" "" 3209609204670864640 286.540405 3.4675 0.0563 3.139 -16.494 0.052 0.044 1.024 3617.6 4.7209 16.7447 2.49828 18.102228 15.603948 "" "" 280.956543 290.573151 3776.30146 2.2842 784.38 10.524 4545.5 11.177 "" "" 0.002832506560943022 0.014832089 0.004627224 0.019459313 83.25558614134 -4.79881006816 286.540405 3.139 -16.494 1.9173164978027342 -17.095468324661255 0.22427896 0.21627896 "" "" 23.364664297911386 "" 5.055649492401554 ""
84.37715034095 -6.09083216809 0.0465 0.0425 36.1702 "" "" 3016987549304861440 375.97049 2.6241 0.0702 1.042 0.968 0.059 0.052 0.994 "" "" 16.745045 3.639165 18.999866 15.360702 "" "" 365.944763 385.602997 3775.10112 4.5797 343.14 9.058 5686.9 17.676 "" "" 0.003053957033412637 0.028796092 0.005066774 0.033862866 84.37715034095 -6.09083216809 375.97049 1.042 0.968 -0.1796835021972656 0.3665316753387451 0.23127896 0.22427896 "" "" 0.7274628527835846 "" 0.16415360916231694 ""
83.5635867972 -5.08101360571 0.0556 0.0474 53.0124 "" "" 3209539488761717120 372.113861 2.6432 0.075 1.667 -0.654 0.067 0.055 1.094 "" "" 16.745626 4.01169 19.308142 15.296452 "" "" 362.83609 383.202332 3773.08379 6.3269 258.32 10.31 6033.6 31.07 "" "" 0.0033024898604467807 0.04342335 0.006748551 0.0501719 83.5635867972 -5.08101360571 372.113861 1.6669999999999998 -0.654 0.4453164978027344 -1.2554683246612548 0.23927896 0.22727895 "" "" 2.3495955365138115 "" 0.5372379472568234 ""
84.85674870051 -6.31758953124 0.0419 0.0366 67.5646 "" "" 3017011704201615744 372.351868 2.6364 0.0575 2.273 -1.02 0.055 0.044 0.974 "" "" 16.747053 3.271632 18.693224 15.421592 "" "" 364.668488 380.702148 3768.12417 2.5998 455.12 7.612 5376.8 12.976 "" "" 0.0028553350538356196 0.018372323 0.0045988467 0.02297117 84.85674870051 -6.31758953124 372.351868 2.273 -1.02 1.0513164978027345 -1.621468324661255 0.22727895 0.21627896 "" "" 3.410702206711944 "" 0.7489629345210177 ""
83.83559786569 -5.40581200071 0.1704 0.1704 31.8541 "" "" 3017361108393218816 360.814728 2.7813 0.221 0.673 0.015 0.224 0.234 0.429 "" "" 16.747477 0.773351 13.163876 12.390525 "" "" 333.344635 384.591187 3766.65631 54.07 74108.0 2004.1 87690.0 337.31 "" "" 0.01582731807152942 0.029493798 0.005632597 0.035126396 83.83559786569 -5.40581200071 360.814728 0.673 0.015 -0.5486835021972656 -0.5864683246612549 0.39627898 0.40627897 "" "" 1.3735422147214433 "" 0.5516728617219265 ""
84.12212951162 -4.73333477901 0.0426 0.0345 74.7492 "" "" 3209568866338114944 362.887665 2.7185 0.0633 1.131 1.149 0.056 0.044 1.038 3442.6 4.2429 16.748447 3.009092 18.486845 15.477753 "" "" 355.655762 371.653656 3763.28841 2.5156 550.4 8.489 5105.7 15.275 "" "" 0.002849303423347575 0.016976524 0.004983462 0.021959987 84.12212951162 -4.73333477901 362.887665 1.1310000000000013 1.149 -0.09068350219726562 0.5475316753387451 0.22827896 0.21627896 "" "" 0.954632205360178 "" 0.2067809482349667 ""
83.89689229603 -6.81163569154 0.0445 0.041 52.9771 "" "" 3016548191330795904 353.709839 2.789 0.063 0.284 0.855 0.055 0.049 0.995 3462.8 4.2841 16.75099 2.89648 18.396673 15.500194 "" "" 346.950378 361.644928 3754.48576 4.4002 598.06 11.254 5001.3 18.941 "" "" 0.003034956288375525 0.020620491 0.0055849426 0.026205434 83.89689229603 -6.81163569154 353.709839 0.2839999999999997 0.8549999999999999 -0.9376835021972656 0.2535316753387451 0.22727895 0.22127895 "" "" 1.6285572514998172 "" 0.3694793045300254 ""
83.6463604714 -6.74814143459 0.0468 0.041 49.5569 "" "" 3016563515774031360 362.680695 2.7055 0.0683 1.109 0.245 0.058 0.053 1.02 3471.5 4.2819 16.751371 2.938565 18.443037 15.504472 "" "" 355.09436 372.355743 3753.17004 5.1705 573.06 11.341 4981.6 17.808 "" "" 0.003135132071843366 0.021667387 0.005417357 0.027084745 83.6463604714 -6.74814143459 362.680695 1.109 0.24499999999999994 -0.11268350219726564 -0.3564683246612549 0.23027895 0.22527896 "" "" 0.6426958160938899 "" 0.14508072146443055 ""
84.19451178041 -4.37936456819 0.05 0.042 96.3877 "" "" 3215596079842228096 354.801788 2.7903 0.0735 0.958 0.372 0.066 0.053 1.095 "" "" 16.752039 3.527522 18.902882 15.37536 "" "" 346.897614 362.615356 3750.86024 4.7951 375.2 10.979 5610.7 23.559 "" "" 0.0030851819731896337 0.0318928 0.0059217974 0.037814595 84.19451178041 -4.37936456819 354.801788 0.9579999999999997 0.37199999999999994 -0.26368350219726566 -0.22946832466125489 0.23827896 0.22527896 "" "" 0.5878581685158483 "" 0.13683317492602956 ""
83.64096228489 -5.45503403896 0.0669 0.0553 30.1643 "" "" 3017270123794770048 368.762787 2.6584 0.097 0.645 -1.404 0.091 0.067 1.059 "" "" 16.754416 2.593539 17.893843 15.300303 "" "" 353.662384 382.126984 3742.65931 7.698 950.34 96.593 6012.2 83.372 "" "" 0.003546666121349074 0.11038999 0.015523157 0.12591314 83.64096228489 -5.45503403896 368.762787 0.6450000000000007 -1.4040000000000001 -0.5766835021972656 -2.005468324661255 0.26327896 0.23927896 "" "" 3.6474801342220453 "" 0.8797581785156894 ""
83.49871611928 -6.59032969544 0.0458 0.0396 43.0307 "" "" 3016754212323221632 367.097198 2.6853 0.0688 1.126 -0.283 0.055 0.049 0.976 "" "" 16.756842 2.975521 18.47772 15.502199 "" "" 358.692352 374.429932 3734.3062 7.4046 555.05 11.074 4992.0 32.695 "" "" 0.0034966555097957017 0.021840865 0.008052958 0.029893823 83.49871611928 -6.59032969544 367.097198 1.126 -0.28299999999999964 -0.09568350219726574 -0.8844683246612548 0.22727895 0.22127895 "" "" 1.5479904812354517 "" 0.34264659093650346 ""
83.35257266638 -6.51239577061 0.0451 0.0367 43.4318 "" "" 3016770498839218048 354.975494 2.7789 0.0644 1.053 -0.022 0.058 0.048 0.968 3470.8 4.2903 16.756956 2.897689 18.411493 15.513804 "" "" 347.036407 365.488708 3733.91299 3.4557 589.96 13.968 4939.0 16.099 "" "" 0.0029328295564314847 0.025857065 0.0051776883 0.031034753 83.35257266638 -6.51239577061 354.975494 1.053 -0.022 -0.1686835021972657 -0.6234683246612549 0.23027895 0.22027895 "" "" 1.0867549383968285 "" 0.24014611834640465 ""
85.29135916997 -5.37444692037 0.0427 0.0364 95.6528 "" "" 3023132822871934848 279.178253 3.5547 0.0682 -2.389 -47.084 0.055 0.043 0.961 3655.8 4.7415 16.757471 2.25059 17.929462 15.678872 "" "" 274.343964 284.174408 3732.1451 2.2635 919.67 11.959 4242.4 11.682 "" "" 0.002832912408673625 0.014391518 0.004818934 0.019210452 85.29135916997 -5.37444692037 279.178253 -2.389 -47.08399999999995 -3.6106835021972654 -47.68546832466126 0.22727895 0.21527895 "" "" 63.2830496699223 "" 13.627957670468852 ""
83.88978499892 -4.41572879068 0.0423 0.0339 91.3392 "" "" 3209640025355962624 376.069458 2.6025 0.0692 0.7 -0.525 0.058 0.045 0.979 3488.2 4.2497 16.758842 2.900036 18.422113 15.522078 "" "" 368.487091 385.367767 3727.43077 2.2352 584.21 9.1876 4901.5 8.158 "" "" 0.002831199078015903 0.017301334 0.004189187 0.021490522 83.88978499892 -4.41572879068 376.069458 0.7 -0.525 -0.5216835021972657 -1.1264683246612548 0.23027895 0.21727896 "" "" 2.212889055808053 "" 0.4860183577357552 ""
83.57187519073 -6.20436175945 0.0441 0.0402 20.8148 "" "" 3017155190470160256 264.738373 3.7467 0.0601 -6.991 -19.432 0.057 0.047 1.048 3535.4 4.7387 16.760193 2.439918 18.064396 15.624478 "" "" 260.941315 268.872253 3722.79737 2.1695 812.19 11.85 4460.3 14.793 "" "" 0.0028270354750736804 0.016084934 0.005220204 0.021305138 83.57187519073 -6.20436175945 264.738373 -6.990999999999993 -19.432 -8.212683502197265 -20.033468324661253 0.22927895 0.21927896 "" "" 27.16961541723286 "" 5.997574131580706 ""
83.09820641385 -6.13867140077 0.0439 0.0373 43.1419 "" "" 3016842860447882112 286.200409 3.4706 0.062 23.766 -14.282 0.057 0.048 0.99 3583.9 4.5722 16.761106 2.369165 18.023832 15.654667 "" "" 280.821838 291.139069 3719.66553 2.2581 843.11 10.381 4338.0 11.536 "" "" 0.002833059618231635 0.0136564635 0.004756065 0.018412529 83.09820641385 -6.13867140077 286.200409 23.765999999999977 -14.282 22.544316497802733 -14.883468324661255 0.22927895 0.22027895 "" "" 36.6471124284219 "" 8.30367929739567 ""
83.09971970954 -4.3141177548 0.0447 0.0411 105.6717 "" "" 3209829450592225920 356.36615 2.7446 0.064 2.074 -2.106 0.058 0.047 0.984 3516.6 4.4235 16.762497 3.049625 18.525873 15.476248 "" "" 348.83786 364.831573 3714.90697 3.5365 530.97 11.148 5112.8 13.851 "" "" 0.0029428058342335717 0.022965737 0.0047890777 0.027754813 83.09971970954 -4.3141177548 356.36615 2.074 -2.106 0.8523164978027342 -2.7074683246612548 0.23027895 0.21927896 "" "" 4.794649191631637 "" 1.0562291207447425 ""
83.53483433837 -5.24408856006 0.0558 0.046 44.1941 "" "" 3209523992519736960 350.73349 2.7932 0.0823 1.324 -1.489 0.074 0.062 0.948 3338.5 4.1653 16.763506 2.67102 18.164248 15.493228 "" "" 340.233948 359.863312 3711.45871 3.1981 740.83 29.097 5033.5 28.041 "" "" 0.0029098216810057166 0.042734794 0.0071321866 0.04986698 83.53483433837 -5.24408856006 350.73349 1.324 -1.4890000000000005 0.10231649780273444 -2.0904683246612548 0.24627896 0.23427895 "" "" 3.4795151637510813 "" 0.8152794831751962 ""
82.80632990497 -7.35995698939 0.0425 0.0363 103.7233 "" "" 3016417486886116224 259.501617 3.8113 0.059 -17.999 -21.097 0.055 0.047 0.995 3525.1 4.7487 16.763527 2.518642 18.128883 15.610242 "" "" 255.589615 263.008484 3711.38679 2.4398 765.36 7.7338 4519.2 9.4677 "" "" 0.0028462641425152824 0.011320371 0.0044110753 0.015731446 82.80632990497 -7.35995698939 259.501617 -17.998999999999977 -21.096999999999998 -19.220683502197264 -21.698468324661256 0.22727895 0.21927896 "" "" 35.6553570855854 "" 7.945143164936053 ""
84.81025434739 -7.27693464787 0.0399 0.0372 100.8447 "" "" 3016079077822392320 263.133331 3.764 0.0579 14.686 -20.374 0.051 0.044 0.973 3620.6 4.7413 16.763748 2.279888 17.958582 15.678694 "" "" 259.040009 267.368683 3710.63022 2.1404 895.33 10.568 4243.1 10.471 "" "" 0.0028256010781766054 0.013115672 0.0046327785 0.01774845 84.81025434739 -7.27693464787 263.133331 14.68600000000001 -20.374 13.464316497802734 -20.975468324661254 0.22327895 0.21627896 "" "" 31.087817503615625 "" 6.787863227542723 ""
82.72594332122 -6.50024107328 0.0441 0.0393 72.0478 "" "" 3016795306570167424 325.015839 3.0526 0.0658 -22.241 -9.213 0.055 0.047 0.963 3607.4 4.6899 16.76608 2.503704 18.124342 15.620638 "" "" 319.618591 331.81723 3702.66351 2.2353 768.56 7.5294 4476.1 11.454 "" "" 0.002832210555030107 0.010996565 0.004690711 0.015687276 82.72594332122 -6.50024107328 325.015839 -22.24099999999998 -9.21300000000001 -23.462683502197265 -9.814468324661254 0.22727895 0.21927896 "" "" 39.180955781788775 "" 8.859031097379985 ""
83.25256168642 -7.50325118444 0.0451 0.0411 99.4315 "" "" 3016402639182179200 344.536072 2.8579 0.0612 3.484 6.68 0.056 0.049 1.082 3737.2 4.7351 16.775772 2.251338 17.959654 15.708316 "" "" 338.528595 350.884979 3669.763 2.5048 894.45 12.057 4128.9 12.52 "" "" 0.0028532392927872736 0.014899088 0.005012256 0.019911345 83.25256168642 -7.50325118444 344.536072 3.484 6.679999999999999 2.2623164978027344 6.078531675338745 0.22827896 0.22127895 "" "" 10.59209496426008 "" 2.3529533992329843 ""
83.95029054647 -4.83902500601 0.0481 0.0422 66.4325 "" "" 3209573436183093120 376.072449 2.6161 0.0708 1.854 0.188 0.063 0.052 1.163 "" "" 16.776318 3.631452 19.043016 15.411565 "" "" 367.395386 384.497406 3667.91907 4.1557 329.77 10.1 5426.7 14.267 "" "" 0.003017448181085531 0.033370137 0.004736197 0.038106333 83.95029054647 -4.83902500601 376.072449 1.8540000000000003 0.18800000000000022 0.6323164978027345 -0.4134683246612549 0.23527896 0.22427896 "" "" 1.3467417164434254 "" 0.312496640102798 ""
84.94190036981 -6.55502619128 0.0459 0.0374 78.0474 "" "" 3016896599077467008 261.737915 3.7628 0.0619 24.66 -12.767 0.058 0.046 0.963 3516.7 4.6945 16.77696 2.513143 18.146883 15.633739 "" "" 256.997864 265.145508 3665.74967 2.491 752.77 7.7623 4422.4 12.529 "" "" 0.00285239015515934 0.011538171 0.0048729195 0.01641109 84.94190036981 -6.55502619128 261.737915 24.66000000000002 -12.767 23.438316497802735 -13.368468324661254 0.23027895 0.21827896 "" "" 33.475859386617884 "" 7.612143477063277 ""
82.67459518131 -7.03218949887 0.222 0.1913 93.6423 "" "" 3016632407051022592 353.140991 2.8933 0.3022 15.711 -2.261 0.284 0.236 6.202 "" "" 16.778946 1.998928 17.553646 15.554718 "" "" 320.868774 389.831207 3659.04762 6.6284 1300.0 9.9337 4756.3 11.856 "" "" 0.003385288185833809 0.008753058 0.0046484806 0.013401538 82.67459518131 -7.03218949887 353.140991 15.710999999999999 -2.261 14.489316497802735 -2.862468324661255 0.45627898 0.40827894 "" "" 24.722260148059203 "" 11.23793826433928 ""
83.81305830921 -5.88480413477 0.0528 0.0474 3.2674 "" "" 3017191199475907968 362.159973 2.6958 0.0751 1.388 0.933 0.073 0.061 1.038 "" "" 16.779171 2.619443 18.161919 15.542476 "" "" 353.131836 371.874725 3658.29327 3.4624 742.42 29.837 4810.3 23.329 "" "" 0.0029407049998707597 0.043723598 0.006481537 0.050205134 83.81305830921 -5.88480413477 362.159973 1.388 0.933 0.16631649780273428 0.33153167533874517 0.24527895 0.23327896 "" "" 0.636718766825043 "" 0.15010058259048167 ""
83.47658118895 -5.75353802886 0.0515 0.0453 21.7251 "" "" 3017254696272276224 375.587494 2.5986 0.0718 1.151 0.701 0.07 0.058 1.041 3637.2 4.6702 16.780993 2.47562 18.051165 15.575544 "" "" 365.263214 385.277985 3652.16103 38.032 822.15 34.681 4666.0 139.25 "" "" 0.011637268596596778 0.045884844 0.03262189 0.07850674 83.47658118895 -5.75353802886 375.587494 1.151 0.7009999999999998 -0.0706835021972656 0.09953167533874507 0.24227896 0.23027895 "" "" 0.21733121967058364 "" 0.0509360155906702 ""
83.20317942828 -4.13653771095 0.0458 0.0361 113.4885 "" "" 3209856904022963968 309.448212 3.202 0.0727 -0.598 -17.506 0.059 0.044 0.991 3626.7 4.7554 16.782366 2.323144 17.975235 15.652091 "" "" 302.739563 316.822968 3647.54083 2.214 881.7 9.2991 4348.3 21.828 "" "" 0.0028330377808090837 0.011786051 0.0066324407 0.01841849 83.20317942828 -4.13653771095 309.448212 -0.598 -17.506 -1.8196835021972655 -18.107468324661255 0.23127896 0.21627896 "" "" 26.693530245882954 "" 5.7773893940632295 ""
83.7034196049 -5.55918609838 0.0653 0.0522 23.1497 "" "" 3017264042121086080 378.941589 2.5778 0.0941 1.082 -0.677 0.087 0.067 0.964 "" "" 16.783361 2.516781 17.937492 15.420711 "" "" 366.464813 393.242981 3644.19945 10.042 912.89 82.288 5381.1 95.232 "" "" 0.004067316293794817 0.09790813 0.019582972 0.1174911 83.7034196049 -5.55918609838 378.941589 1.082 -0.677 -0.13968350219726555 -1.278468324661255 0.25927895 0.23927896 "" "" 2.3100288974922933 "" 0.5533088009774104 ""
81.87079547554 -6.0966260422 0.0435 0.0398 115.0239 "" "" 3209031308229855744 364.310974 2.7203 0.061 9.335 35.429 0.056 0.047 1.01 3889.3 4.7865 16.783735 2.037651 17.816132 15.778481 "" "" 357.920044 372.397034 3642.94649 2.1982 1020.9 7.7002 3870.5 10.06 "" "" 0.0028321382147198666 0.008651506 0.0047167093 0.013368215 81.87079547554 -6.0966260422 364.310974 9.334999999999997 35.429000000000045 8.113316497802735 34.82753167533875 0.22827896 0.21927896 "" "" 61.75171161430847 "" 13.570015152719217 ""
