Clusters/NGC_1980/NGC_1980_members.tsv
# %ECSV 1.0
# ---
# datatype:
# - name: RA_ICRS_1
#   unit: deg
#   datatype: float64
#   format: '{:15.11f}'
#   description: Right ascension (ICRS) at Ep=2016.0 (ra)
#   meta: !!omap
#   - {ucd: POS_EQ_RA_MAIN}
#   - {width: 15}
#   - {precision: '11'}
# - name: DE_ICRS_1
#   unit: deg
#   datatype: float64
#   format: '{:15.11f}'
#   description: Declination (ICRS) at Ep=2016.0 (dec)
#   meta: !!omap
#   - {ucd: POS_EQ_DEC_MAIN}
#   - {width: 15}
#   - {precision: '11'}
# - name: e_RA_ICRS
#   unit: mas
#   datatype: float64
#   format: '{:7.4f}'
#   description: Standard error of right ascension (ra_error)
#   meta: !!omap
#   - {ucd: ERROR}
#   - {width: 7}
#   - {precision: '4'}
# - name: e_DE_ICRS
#   unit: mas
#   datatype: float64
#   format: '{:7.4f}'
#   description: Standard error of declination (dec_error)
#   meta: !!omap
#   - {ucd: ERROR}
#   - {width: 7}
#   - {precision: '4'}
# - name: _r_1
#   unit: ''
#   datatype: float64
#   format: '{:8.4f}'
#   description: Distance from center (083.79160604000-05.93490522000)[ICRS], at Epoch=J2016.0
#   meta: !!omap
#   - {ucd: POS_ANG_DIST_GENERAL}
#   - {width: 8}
#   - {precision: '4'}
# - name: HIP
#   datatype: int32
#   description: '? HIP cross-id number, van Leeuwen, Cat. I/311 (hip_original_ext_source_id)'
#   meta: !!omap
#   - {ucd: ID_NUMBER}
#   - {width: 6}
#   - values: {'null': -2147483648}
# - name: TYC2
#   datatype: string
#   description: Tycho-2 cross-id name, Hog et al., Cat. I/259 (tyc2_original_ext_source_id)
#   meta: !!omap
#   - {ucd: ID_CROSSID}
#   - {_votable_string_dtype: char}
# - name: Source
#   datatype: int64
#   description: Source identifier, identical to the Gaia-EDR3 source_id (id)
#   meta: !!omap
#   - {ucd: ID_MAIN}
#   - {width: 19}
# - name: rgeo
#   unit: pc
#   datatype: float64
#   format: '{:15.8f}'
#   description: '? Median of the geometric distance posterior (r_med_geo)'
#   meta: !!omap
#   - {ucd: PHYS_DISTANCE_TRUE}
#   - {width: 15}
#   - {precision: '8'}
#   - values: {'null': .nan}
# - name: Plx
#   unit: mas
#   datatype: float64
#   format: '{:9.4f}'
#   description: '? Parallax (parallax)'
#   meta: !!omap
#   - {ucd: POS_PARLX_TRIG}
#   - {width: 9}
#   - {precision: '4'}
#   - values: {'null': .nan}
# - name: e_Plx
#   unit: mas
#   datatype: float32
#   format: '{:7.4f}'
#   description: '? Standard error of parallax (parallax_error)'
#   meta: !!omap
#   - {ucd: ERROR}
#   - {width: 7}
#   - {precision: '4'}
#   - values: {'null': .nan}
# - name: pmRA
#   unit: mas / yr
#   datatype: float64
#   format: '{:9.3f}'
#   description: '? Proper motion in right ascension direction, pmRA*cosDE (pmra)'
#   meta: !!omap
#   - {ucd: POS_EQ_PMRA}
#   - {width: 9}
#   - {precision: '3'}
#   - values: {'null': .nan}
# - name: pmDE
#   unit: mas / yr
#   datatype: float64
#   format: '{:9.3f}'
#   description: '? Proper motion in declination direction (pmdec)'
#   meta: !!omap
#   - {ucd: POS_EQ_PMDEC}
#   - {width: 9}
#   - {precision: '3'}
#   - values: {'null': .nan}
# - name: e_pmRA
#   unit: mas / yr
#   datatype: float32
#   format: '{:6.3f}'
#   description: '? Standard error of proper motion in right ascension direction (pmra_error)'
#   meta: !!omap
#   - {ucd: ERROR}
#   - {width: 6}
#   - {precision: '3'}
#   - values: {'null': .nan}
# - name: e_pmDE
[...]
#         unit: &id001 !astropy.units.Unit {unit: deg}
#         value: !astropy.table.SerializedColumn {name: SkyCoord.dec}
#       distance: !astropy.table.SerializedColumn
#         __class__: astropy.coordinates.distances.Distance
#         unit: !astropy.units.Unit {unit: pc}
#         value: !astropy.table.SerializedColumn {name: SkyCoord.distance}
#       frame: icrs
#       obstime: !astropy.time.Time {format: jyear_str, in_subfmt: '*', jd1: 367701545.0, jd2: 0.0, out_subfmt: '*', precision: 3, scale: tt}
#       pm_dec: !astropy.table.SerializedColumn
#         __class__: astropy.units.quantity.Quantity
#         unit: !astropy.units.Unit {unit: mas / yr}
#         value: !astropy.table.SerializedColumn {name: SkyCoord.pm_dec}
#       pm_ra_cosdec: !astropy.table.SerializedColumn
#         __class__: astropy.units.quantity.Quantity
#         unit: !astropy.units.Unit {unit: mas / yr}
#         value: !astropy.table.SerializedColumn {name: SkyCoord.pm_ra_cosdec}
#       ra: !astropy.table.SerializedColumn
#         __class__: astropy.coordinates.angles.Longitude
#         unit: *id001
#         value: !astropy.table.SerializedColumn {name: SkyCoord.ra}
#         wrap_angle: !astropy.coordinates.Angle
#           unit: *id001
#           value: 360.0
#       representation_type: spherical
# schema: astropy-2.0
RA_ICRS_1 DE_ICRS_1 e_RA_ICRS e_DE_ICRS _r_1 HIP TYC2 Source rgeo Plx e_Plx pmRA pmDE e_pmRA e_pmDE RUWE Teff logg Gmag BP-RP BPmag RPmag RV e_RV b_rgeo B_rgeo FG e_FG FBP e_FBP FRP e_FRP RAVE5 RAVE6 e_Gmag e_BPmag e_RPmag e_BP-RP SkyCoord.ra SkyCoord.dec SkyCoord.distance SkyCoord.pm_ra_cosdec SkyCoord.pm_dec Pmemb
[from data line 41]
84.05404312733 -5.92417299617 0.0257 0.0233 15.6752 "" "" 3017192470786200192 367.897003 2.6683 0.0379 1.093 0.267 0.032 0.028 1.051 3603.7 4.0856 15.688828 2.378095 16.94529 14.567195 "" "" 362.401367 373.90097 9986.55181 5.729 2276.7 11.524 11811.0 22.929 "" "" 0.0028248431531120344 0.0061634076 0.0043274025 0.0104908105 84.05404312733 -5.92417299617 367.897003 1.0929999999999997 0.26699999999999996 1.0
83.66299523812 -6.28656465338 0.0255 0.0231 22.4514 "" "" 3017150792423649280 378.378662 2.5886 0.0347 1.33 0.613 0.033 0.029 1.032 "" "" 15.715549 2.771604 17.274199 14.502595 "" "" 373.551727 382.426147 9743.77226 8.4558 1681.7 11.798 12535.0 24.522 "" "" 0.002911969466827758 0.008111954 0.0043353355 0.012447289 83.66299523812 -6.28656465338 378.378662 1.33 0.613 1.0
84.03745339089 -5.74666490868 0.0269 0.0229 18.5175 "" "" 3017199377093585280 373.836609 2.6261 0.0391 1.076 0.307 0.037 0.028 1.022 3537.0 4.0189 15.721808 2.449574 17.031094 14.58152 "" "" 367.933716 379.889191 9687.75954 9.8883 2103.7 20.575 11656.0 33.563 "" "" 0.002969835310031478 0.010979368 0.004904865 0.015884234 84.03745339089 -5.74666490868 373.836609 1.076 0.30700000000000005 1.0
83.7779556932 -5.96982571308 0.0263 0.0227 2.248 "" "" 3017188381977375232 371.048218 2.6473 0.0354 1.105 0.901 0.036 0.029 1.008 3571.8 4.0272 15.755116 2.461536 17.073498 14.611962 "" "" 365.781158 377.24884 9395.08396 5.8434 2023.1 21.177 11334.0 17.241 "" "" 0.002836865132140284 0.0117025385 0.004124499 0.015827037 83.7779556932 -5.96982571308 371.048218 1.1050000000000002 0.9009999999999998 1.0
83.86250244105 -5.81277915796 0.0274 0.0243 8.4616 "" "" 3017244663228788480 376.598389 2.606 0.0417 1.163 0.345 0.036 0.032 1.045 3522.9 4.0034 15.768029 2.43045 17.023905 14.593454 "" "" 370.80658 382.272858 9283.99498 22.107 2117.7 32.014 11529.0 90.622 "" "" 0.003778335592951083 0.016648915 0.009333674 0.025982589 83.86250244105 -5.81277915796 376.598389 1.1629999999999998 0.34500000000000003 1.0
84.02357000728 -5.87031401581 0.0271 0.0246 14.3763 "" "" 3017193604657563392 375.729889 2.6121 0.042 1.234 1.052 0.034 0.031 1.026 3572.9 4.1374 15.772599 2.731812 17.293459 14.561647 32.17 4.79 369.024231 381.798309 9245.00449 9.4342 1652.1 18.821 11871.0 43.462 "" "" 0.002969739809030629 0.012679685 0.005484984 0.018164668 84.02357000728 -5.87031401581 375.729889 1.234 1.0520000000000003 1.0
83.64273598285 -6.03602241581 0.025 0.0233 10.7576 "" "" 3017164811196874496 374.123047 2.6148 0.0356 1.166 0.623 0.033 0.029 1.045 3520.8 4.003 15.782368 2.478158 17.105707 14.627549 "" "" 369.687592 379.140045 9162.19871 14.471 1964.0 27.008 11172.0 45.701 "" "" 0.003245375069784798 0.015189001 0.0058317827 0.021020785 83.64273598285 -6.03602241581 374.123047 1.166 0.6229999999999999 1.0
83.65105798673 -6.08097179456 0.0255 0.0235 12.1302 "" "" 3017163642965773696 374.248596 2.6227 0.0357 1.343 0.503 0.033 0.029 1.015 3489.8 4.0025 15.821133 2.595659 17.238825 14.643166 "" "" 369.092529 378.976013 8840.84472 9.9234 1737.3 17.779 11013.0 39.018 "" "" 0.0030128025952587947 0.011456065 0.005392635 0.0168487 83.65105798673 -6.08097179456 374.248596 1.3430000000000002 0.5029999999999999 1.0
83.88816759089 -5.78539546448 0.0313 0.0283 10.6625 "" "" 3017245178624857600 374.643646 2.6156 0.0487 1.048 0.658 0.041 0.037 1.096 3520.1 4.0179 15.879528 2.536295 17.24381 14.707516 "" "" 366.941162 380.664124 8377.90751 17.383 1729.4 29.107 10379.0 57.404 "" "" 0.0035590282641571372 0.018485475 0.0070953085 0.025580784 83.88816759089 -5.78539546448 374.643646 1.0479999999999998 0.658 1.0
83.85204073153 -6.02955624338 0.0296 0.0267 6.7274 "" "" 3017184808564584192 369.381683 2.6735 0.0426 1.121 0.919 0.039 0.034 1.142 3950.1 4.654 15.969403 1.829449 16.817232 14.987783 "" "" 361.276154 375.65979 7712.32857 68.438 2561.7 99.527 8017.6 199.38 "" "" 0.010020895646221016 0.042275127 0.027263092 0.06953822 83.85204073153 -6.02955624338 369.381683 1.1209999999999998 0.9190000000000002 1.0
83.79630333668 -6.00601628429 0.0318 0.0276 4.2759 "" "" 3017188004020384000 370.8591 2.6506 0.0427 0.929 0.727 0.042 0.035 1.123 3482.5 3.9596 15.995508 2.90664 17.634586 14.727946 "" "" 365.262939 377.67984 7529.10518 5.0789 1206.7 19.635 10185.0 24.662 "" "" 0.002851000651722155 0.017885694 0.004603846 0.02248954 83.79630333668 -6.00601628429 370.8591 0.929 0.7270000000000001 1.0
83.74254727196 -5.82632326935 0.0299 0.0265 7.1427 "" "" 3017239303109623936 377.87793 2.6024 0.0411 1.22 0.253 0.041 0.033 1.015 3456.4 4.0062 16.018724 2.800269 17.59264 14.792371 "" "" 372.156586 384.363525 7369.81712 8.4082 1254.2 16.491 9598.6 33.129 "" "" 0.0030209599506141414 0.014546041 0.0053222547 0.019868296 83.74254727196 -5.82632326935 377.87793 1.2200000000000002 0.253 1.0
83.97116957511 -5.99667617957 0.0322 0.0297 11.3383 "" "" 3017185873716452864 372.603485 2.6415 0.0474 1.537 0.399 0.04 0.034 1.089 3510.0 4.0221 16.040798 2.548333 17.42758 14.879247 "" "" 366.293121 378.851044 7221.50288 6.5837 1460.1 18.011 8860.5 19.111 "" "" 0.0029277261791810965 0.0136806015 0.0044460935 0.018126694 83.97116957511 -5.99667617957 372.603485 1.5370000000000001 0.39899999999999997 1.0
83.90561009131 -6.00004242499 0.0346 0.03 7.8459 "" "" 3017186389112541696 371.069672 2.6365 0.0485 1.083 0.976 0.041 0.036 1.042 3556.3 4.2561 16.050163 2.684799 17.523342 14.838543 "" "" 364.298492 378.472809 7159.48436 5.929 1336.8 18.962 9199.0 23.624 "" "" 0.002898314999624218 0.015651463 0.004696622 0.020348085 83.90561009131 -6.00004242499 371.069672 1.083 0.9760000000000002 1.0
83.79217788891 -5.80952305486 0.0301 0.0271 7.523 "" "" 3017239062591441536 378.870056 2.5911 0.0431 1.065 0.796 0.039 0.033 1.042 3475.9 4.0191 16.075966 2.615878 17.50184 14.885962 "" "" 373.432648 383.915192 6991.33956 4.4752 1363.6 26.026 8805.9 21.495 "" "" 0.002841618493237507 0.020909619 0.0046160147 0.025525633 83.79217788891 -5.80952305486 378.870056 1.0649999999999997 0.7959999999999999 1.0
83.93414125515 -5.83463660722 0.0347 0.0305 10.4194 "" "" 3017196765753498880 369.23111 2.6663 0.0501 1.145 0.338 0.047 0.039 1.11 3556.4 4.3832 16.094378 2.643661 17.542614 14.898953 "" "" 362.264221 375.702301 6873.77614 5.6447 1313.3 23.436 8701.2 24.934 "" "" 0.0028959866998763428 0.019574968 0.004895273 0.024470242 83.93414125515 -5.83463660722 369.23111 1.1449999999999998 0.33799999999999997 1.0
83.70049822931 -6.30319349363 0.0304 0.0281 22.7559 "" "" 3017144642030479744 365.727173 2.6911 0.042 1.262 0.677 0.039 0.035 1.013 3549.6 4.1639 16.096434 2.520974 17.467855 14.946881 "" "" 360.777771 370.411102 6860.78131 5.7211 1406.9 16.009 8325.4 24.679 "" "" 0.0029002585995774525 0.0126656545 0.0049640858 0.01762974 83.70049822931 -6.30319349363 365.727173 1.2620000000000002 0.677 1.0
83.64867192914 -5.59782600104 0.0344 0.03 21.951 "" "" 3017263561084755584 377.204529 2.6182 0.0485 1.156 0.51 0.045 0.037 1.06 3493.4 4.0111 16.103796 2.429399 17.35003 14.920632 "" "" 370.513214 382.616974 6814.40953 4.4322 1568.2 33.555 8529.1 27.83 "" "" 0.0028443768333552724 0.023398606 0.005180198 0.028578803 83.64867192914 -5.59782600104 377.204529 1.156 0.51 1.0
83.92439852635 -5.87487021398 0.0355 0.032 8.7055 "" "" 3017196559595074304 369.816132 2.6713 0.0519 1.5 0.586 0.048 0.04 1.122 3435.4 4.1395 16.1164 3.002503 17.830023 14.827519 "" "" 362.779144 375.74585 6735.76394 6.193 1007.9 20.158 9292.9 30.015 "" "" 0.0029305782241267606 0.021893248 0.0051557147 0.027048962 83.92439852635 -5.87487021398 369.816132 1.5000000000000004 0.586 1.0
83.81224192757 -5.94338838029 0.0367 0.0323 1.3325 "" "" 3017189996885073408 368.9841 2.6768 0.0501 1.346 0.269 0.048 0.04 1.15 "" "" 16.145123 2.586253 17.501337 14.915084 "" "" 363.133179 374.898468 6559.91172 21.748 1364.2 40.751 8572.8 74.394 "" "" 0.004533033695588848 0.032552607 0.010151667 0.042704273 83.81224192757 -5.94338838029 368.9841 1.3460000000000003 0.269 1.0
83.85838130428 -6.02771473989 0.0307 0.0282 6.8474 "" "" 3017184739845106944 373.569794 2.6511 0.0448 1.061 0.802 0.039 0.034 1.031 3559.1 4.3968 16.154581 2.595563 17.56096 14.965398 "" "" 365.148193 380.933258 6503.00857 4.4599 1291.3 10.228 8184.6 18.682 "" "" 0.0028541635135639625 0.009041097 0.004519468 0.013560565 83.85838130428 -6.02771473989 373.569794 1.061 0.8019999999999999 1.0
83.75670295724 -5.97272125322 0.0327 0.0283 3.08 "" "" 3017189103531882880 378.838074 2.5997 0.043 1.29 0.411 0.045 0.035 0.981 3441.0 4.0247 16.18546 2.599781 17.584389 14.984608 "" "" 373.196533 384.239655 6320.66951 3.3689 1263.7 29.8 8041.1 18.063 "" "" 0.0028154354375251028 0.025754921 0.0044980096 0.03025293 83.75670295724 -5.97272125322 378.838074 1.29 0.4109999999999999 1.0
83.66335700775 -6.42340494154 0.0374 0.0338 30.2919 "" "" 3017135394965152000 368.642212 2.6676 0.0544 1.477 0.598 0.049 0.04 1.05 3522.6 4.2377 16.213135 2.777957 17.773829 14.995872 "" "" 361.271027 376.317047 6161.59572 5.0656 1061.4 9.8472 7958.1 19.626 "" "" 0.0028962981425230717 0.010452271 0.004631771 0.015084042 83.66335700775 -6.42340494154 368.642212 1.477 0.5980000000000001 1.0
83.98321992479 -5.70728882414 0.0334 0.0291 17.8138 "" "" 3017247377648087936 367.411316 2.6802 0.0524 1.244 0.858 0.045 0.037 0.977 3469.0 4.4016 16.31361 2.645189 17.75058 15.105391 "" "" 361.283234 373.609772 5616.98022 3.8389 1084.4 17.659 7194.5 21.538 "" "" 0.0028534917294286287 0.01789956 0.004984822 0.022884382 83.98321992479 -5.70728882414 367.411316 1.244 0.8579999999999999 1.0
83.9522053752 -5.9397720258 0.0361 0.0337 9.5887 "" "" 3017187110667027200 371.765381 2.6523 0.0582 1.345 0.511 0.044 0.039 0.999 "" "" 16.384014 2.463102 17.636326 15.173224 "" "" 362.58609 379.130585 5264.30656 61.155 1204.7 45.303 6758.8 206.81 "" "" 0.012910350001309712 0.040924568 0.033436317 0.074360885 83.9522053752 -5.9397720258 371.765381 1.3450000000000002 0.5110000000000001 1.0
83.75226138956 -5.81646120822 0.0389 0.0351 7.4846 "" "" 3017239749786219904 372.577179 2.6422 0.0539 0.68 0.697 0.051 0.044 1.038 "" "" 16.484255 2.772174 18.005108 15.232934 "" "" 364.697601 379.388214 4800.0425 8.538 857.78 16.858 6397.1 44.582 "" "" 0.0033647381127458204 0.021519683 0.008457963 0.029977646 83.75226138956 -5.81646120822 372.577179 0.68 0.6970000000000001 1.0
83.81017876851 -5.90740630896 0.0462 0.0427 1.9877 "" "" 3017190958957744000 378.381134 2.5895 0.0657 1.376 0.181 0.061 0.057 1.031 3429.3 4.009 16.487568 2.555191 17.852943 15.297752 "" "" 370.944672 387.484436 4785.41361 13.195 986.82 29.733 6026.4 31.423 "" "" 0.004068694348324049 0.032832127 0.006806888 0.039639015 83.81017876851 -5.90740630896 378.381134 1.3760000000000001 0.181 1.0
83.8212724656 -6.03591064409 0.0384 0.0325 6.3136 "" "" 3017184602406157056 371.316711 2.6519 0.0538 1.113 0.36 0.049 0.04 1.002 3534.2 4.4298 16.543962 2.835044 18.122976 15.287932 "" "" 364.40033 379.102051 4543.19847 2.789 769.53 29.885 6081.1 16.828 "" "" 0.002834789949413441 0.042257205 0.004828131 0.047085337 83.8212724656 -6.03591064409 371.316711 1.113 0.36000000000000004 1.0
83.74191246269 -5.89527689235 0.0388 0.0339 3.8012 "" "" 3017236623050039680 379.104614 2.5974 0.0545 1.16 0.429 0.052 0.042 0.956 3457.5 4.2403 16.545414 2.836745 18.112865 15.27612 "" "" 371.711456 386.224213 4537.13187 3.7346 776.73 18.26 6147.7 18.807 "" "" 0.0028966310880471843 0.025676418 0.005031494 0.030707913 83.74191246269 -5.89527689235 379.104614 1.1599999999999997 0.42899999999999994 1.0
83.80347091707 -5.92400274643 0.0486 0.0439 0.964 "" "" 3017190752799316480 370.600006 2.6396 0.0671 1.342 0.707 0.062 0.053 1.095 3321.8 3.9814 16.605934 2.662934 18.016075 15.353141 "" "" 361.053955 378.331238 4291.14529 8.1311 849.15 32.282 5726.7 48.672 "" "" 0.0034386517919988402 0.041370455 0.009971779 0.051342234 83.80347091707 -5.92400274643 370.600006 1.3419999999999999 0.7070000000000001 1.0
83.86611437495 -5.94302043519 0.0471 0.0415 4.4731 "" "" 3017189859446113024 373.553528 2.6315 0.0666 1.014 0.492 0.06 0.05 1.049 3367.7 4.0283 16.727995 2.741795 18.205482 15.463688 "" "" 364.691528 383.713776 3834.8524 3.5124 713.22 32.091 5172.3 24.422 "" "" 0.002929284029562103 0.048931807 0.0063690534 0.05530086 83.86611437495 -5.94302043519 373.553528 1.014 0.49199999999999994 1.0
83.57874747561 -5.99162710323 0.041 0.0392 13.1504 "" "" 3017212158916346880 364.758362 2.6867 0.0584 1.347 0.552 0.054 0.046 1.024 3428.5 4.2372 16.734173 2.992847 18.459051 15.466204 "" "" 357.974579 372.944275 3813.0974 4.1361 564.67 10.743 5160.3 16.57 "" "" 0.002996461944190611 0.020844014 0.00514183 0.025985844 83.57874747561 -5.99162710323 364.758362 1.347 0.552 1.0
83.81305830921 -5.88480413477 0.0528 0.0474 3.2674 "" "" 3017191199475907968 362.159973 2.6958 0.0751 1.388 0.933 0.073 0.061 1.038 "" "" 16.779171 2.619443 18.161919 15.542476 "" "" 353.131836 371.874725 3658.29327 3.4624 742.42 29.837 4810.3 23.329 "" "" 0.0029407049998707597 0.043723598 0.006481537 0.050205134 83.81305830921 -5.88480413477 362.159973 1.388 0.933 1.0
83.61316412833 -5.80102571792 0.0425 0.0378 13.34 "" "" 3017242017528814976 358.796112 2.7525 0.0629 1.097 0.458 0.055 0.045 0.96 3409.2 4.1639 16.78829 2.790743 18.336708 15.545965 "" "" 350.588959 367.711792 3627.69688 2.7881 632.02 16.111 4794.8 17.827 "" "" 0.0028789061371443797 0.027817093 0.0055298368 0.03334693 83.61316412833 -5.80102571792 358.796112 1.0970000000000002 0.45799999999999996 1.0
83.8495194188 -5.85776899935 0.0515 0.0469 5.7764 "" "" 3017191714871969664 351.082947 2.7925 0.0775 1.347 0.454 0.07 0.06 0.944 3512.1 4.5455 16.839273 2.593509 18.154806 15.561297 "" "" 342.591125 359.501282 3461.28559 7.1378 747.3 42.666 4727.6 26.355 "" "" 0.0035503302479462455 0.062051285 0.007135718 0.069187 83.8495194188 -5.85776899935 351.082947 1.347 0.4539999999999999 1.0
83.63314647154 -5.72094017495 0.0533 0.0433 15.946 "" "" 3017244422710495872 369.557495 2.6483 0.0739 1.06 0.428 0.068 0.052 1.118 "" "" 16.854912 2.801667 18.398277 15.59661 "" "" 360.635651 379.70816 3411.78639 2.7993 597.18 28.214 4576.3 25.366 "" "" 0.0028957480521491666 0.051371858 0.007106452 0.05847831 83.63314647154 -5.72094017495 369.557495 1.0600000000000003 0.428 1.0
83.84795801445 -5.57316615027 0.0599 0.0548 21.9635 "" "" 3017252978285314560 368.41803 2.6602 0.1005 1.025 0.544 0.076 0.07 1.065 3474.7 4.2806 16.876987 2.873715 18.490913 15.617198 "" "" 355.547882 387.414032 3343.11764 3.0907 548.34 45.167 4490.3 30.184 "" "" 0.0029324600146617454 0.08947606 0.008218875 0.09769493 83.84795801445 -5.57316615027 368.41803 1.025 0.5439999999999999 1.0
83.93995472705 -5.9584047162 0.0491 0.0427 8.9646 "" "" 3017186938868339968 377.506836 2.6148 0.0713 1.106 0.908 0.061 0.051 0.979 "" "" 16.912592 2.92872 18.579132 15.650413 "" "" 368.379059 387.529663 3235.26432 2.6353 505.55 13.577 4355.0 8.0802 "" "" 0.0028937756990747667 0.029291613 0.0042827292 0.033574343 83.93995472705 -5.9584047162 377.506836 1.1059999999999999 0.908 1.0
