Clusters/NGC_1980/NGC_1980_stars_in_region.tsv
# %ECSV 1.0
# ---
# datatype:
# - name: RA_ICRS_1
#   unit: deg
#   datatype: float64
#   format: '{:15.11f}'
#   description: Right ascension (ICRS) at Ep=2016.0 (ra)
#   meta: !!omap
#   - {ucd: POS_EQ_RA_MAIN}
#   - {width: 15}
#   - {precision: '11'}
# - name: DE_ICRS_1
#   unit: deg
#   datatype: float64
#   format: '{:15.11f}'
#   description: Declination (ICRS) at Ep=2016.0 (dec)
#   meta: !!omap
#   - {ucd: POS_EQ_DEC_MAIN}
#   - {width: 15}
#   - {precision: '11'}
# - name: e_RA_ICRS
#   unit: mas
#   datatype: float64
#   format: '{:7.4f}'
#   description: Standard error of right ascension (ra_error)
#   meta: !!omap
#   - {ucd: ERROR}
#   - {width: 7}
#   - {precision: '4'}
# - name: e_DE_ICRS
#   unit: mas
#   datatype: float64
#   format: '{:7.4f}'
#   description: Standard error of declination (dec_error)
#   meta: !!omap
#   - {ucd: ERROR}
#   - {width: 7}
#   - {precision: '4'}
# - name: _r_1
#   unit: ''
#   datatype: float64
#   format: '{:8.4f}'
#   description: Distance from center (083.79160604000-05.93490522000)[ICRS], at Epoch=J2016.0
#   meta: !!omap
#   - {ucd: POS_ANG_DIST_GENERAL}
#   - {width: 8}
#   - {precision: '4'}
# - name: HIP
#   datatype: int32
#   description: '? HIP cross-id number, van Leeuwen, Cat. I/311 (hip_original_ext_source_id)'
#   meta: !!omap
#   - {ucd: ID_NUMBER}
#   - {width: 6}
#   - values: {'null': -2147483648}
# - name: TYC2
#   datatype: string
#   description: Tycho-2 cross-id name, Hog et al., Cat. I/259 (tyc2_original_ext_source_id)
#   meta: !!omap
#   - {ucd: ID_CROSSID}
#   - {_votable_string_dtype: char}
# - name: Source
#   datatype: int64
#   description: Source identifier, identical to the Gaia-EDR3 source_id (id)
#   meta: !!omap
#   - {ucd: ID_MAIN}
#   - {width: 19}
# - name: rgeo
#   unit: pc
#   datatype: float64
#   format: '{:15.8f}'
#   description: '? Median of the geometric distance posterior (r_med_geo)'
#   meta: !!omap
#   - {ucd: PHYS_DISTANCE_TRUE}
#   - {width: 15}
#   - {precision: '8'}
#   - values: {'null': .nan}
# - name: Plx
#   unit: mas
#   datatype: float64
#   format: '{:9.4f}'
#   description: '? Parallax (parallax)'
#   meta: !!omap
#   - {ucd: POS_PARLX_TRIG}
#   - {width: 9}
#   - {precision: '4'}
#   - values: {'null': .nan}
# - name: e_Plx
#   unit: mas
#   datatype: float32
#   format: '{:7.4f}'
#   description: '? Standard error of parallax (parallax_error)'
#   meta: !!omap
#   - {ucd: ERROR}
#   - {width: 7}
#   - {precision: '4'}
#   - values: {'null': .nan}
# - name: pmRA
#   unit: mas / yr
#   datatype: float64
#   format: '{:9.3f}'
#   description: '? Proper motion in right ascension direction, pmRA*cosDE (pmra)'
#   meta: !!omap
#   - {ucd: POS_EQ_PMRA}
#   - {width: 9}
#   - {precision: '3'}
#   - values: {'null': .nan}
# - name: pmDE
#   unit: mas / yr
#   datatype: float64
#   format: '{:9.3f}'
#   description: '? Proper motion in declination direction (pmdec)'
#   meta: !!omap
#   - {ucd: POS_EQ_PMDEC}
#   - {width: 9}
#   - {precision: '3'}
#   - values: {'null': .nan}
# - name: e_pmRA
#   unit: mas / yr
#   datatype: float32
#   format: '{:6.3f}'
#   description: '? Standard error of proper motion in right ascension direction (pmra_error)'
#   meta: !!omap
#   - {ucd: ERROR}
#   - {width: 6}
#   - {precision: '3'}
#   - values: {'null': .nan}
# - name: e_pmDE
[...]
#         value: !astropy.table.SerializedColumn {name: SkyCoord.dec}
#       distance: !astropy.table.SerializedColumn
#         __class__: astropy.coordinates.distances.Distance
#         unit: !astropy.units.Unit {unit: pc}
#         value: !astropy.table.SerializedColumn {name: SkyCoord.distance}
#       frame: icrs
#       obstime: !astropy.time.Time {format: jyear_str, in_subfmt: '*', jd1: 367701545.0, jd2: 0.0, out_subfmt: '*', precision: 3, scale: tt}
#       pm_dec: !astropy.table.SerializedColumn
#         __class__: astropy.units.quantity.Quantity
#         unit: !astropy.units.Unit {unit: mas / yr}
#         value: !astropy.table.SerializedColumn {name: SkyCoord.pm_dec}
#       pm_ra_cosdec: !astropy.table.SerializedColumn
#         __class__: astropy.units.quantity.Quantity
#         unit: !astropy.units.Unit {unit: mas / yr}
#         value: !astropy.table.SerializedColumn {name: SkyCoord.pm_ra_cosdec}
#       ra: !astropy.table.SerializedColumn
#         __class__: astropy.coordinates.angles.Longitude
#         unit: *id001
#         value: !astropy.table.SerializedColumn {name: SkyCoord.ra}
#         wrap_angle: !astropy.coordinates.Angle
#           unit: *id001
#           value: 360.0
#       representation_type: spherical
# schema: astropy-2.0
RA_ICRS_1 DE_ICRS_1 e_RA_ICRS e_DE_ICRS _r_1 HIP TYC2 Source rgeo Plx e_Plx pmRA pmDE e_pmRA e_pmDE RUWE Teff logg Gmag BP-RP BPmag RPmag RV e_RV b_rgeo B_rgeo FG e_FG FBP e_FBP FRP e_FRP RAVE5 RAVE6 e_Gmag e_BPmag e_RPmag e_BP-RP SkyCoord.ra SkyCoord.dec SkyCoord.distance SkyCoord.pm_ra_cosdec SkyCoord.pm_dec rmRA rmDE e_rmRA e_rmDE rRV e_rRV v_pec v_pec3d e_vpec e_vpec3d
[from data line 60]
83.8557999206 -5.8524249326 0.0141 0.0127 6.2586 "" "" 3017191749231706752 377.437042 2.6265 0.0206 -0.761 0.119 0.019 0.016 1.177 6938.3 3.6762 9.62935 0.555477 9.831491 9.276014 29.04 0.75 373.908264 379.917603 2649761.77534 474.14 1595200.0 464.83 1544400.0 439.74 "" "" 0.002762161006253763 0.0028080496 0.0037920044 0.006600054 83.8557999206 -5.8524249326 377.437042 -0.7609999999999991 0.119 -1.9826835021972657 -0.4824683246612549 0.19127895 0.18827896 13.66719298245614 2.4321904 3.650633966873444 14.146352617540272 0.6976817078112365 2.3566957664866393
84.24688116465 -6.15453958826 0.0184 0.0161 30.1923 "" 4778-1079-1 3016986239338948224 377.128021 2.6319 0.0258 1.746 -0.718 0.026 0.02 1.325 10379.6 4.1591 9.631053 0.194995 9.638879 9.443884 "" "" 373.654877 381.329559 2645608.29617 6697.9 1904900.0 16935.0 1323100.0 8021.7 "" "" 0.0038919777595657844 0.010047623 0.00759042 0.017638043 84.24688116465 -6.15453958826 377.128021 1.7459999999999998 -0.7180000000000001 0.5243164978027344 -1.3194683246612549 0.19827896 0.19227895 "" "" 2.5380613493446016 "" 0.49012032665727995 ""
83.82685476534 -4.68218689758 0.0355 0.0298 75.1926 "" 4774-951-1 3209579724015206528 360.477509 2.7485 0.052 1.338 -0.734 0.048 0.038 3.033 "" "" 9.646112 0.481926 9.802429 9.320503 27.62 3.41 353.300079 369.528076 2609165.66337 530.73 1638500.0 589.89 1482400.0 549.03 "" "" 0.0027641569911012243 0.002817417 0.003800714 0.006618131 83.82685476534 -4.68218689758 360.477509 1.3380000000000014 -0.734 0.11631649780273445 -1.3354683246612549 0.22027895 0.21027896 12.247192982456141 5.0921907 2.2905046549504564 12.459540421856364 0.48182145083565575 5.006188402750538
83.85905108642 -5.80462590651 0.0157 0.0145 8.7924 "" "" 3017244663228786944 375.039185 2.6449 0.0256 1.67 -1.164 0.021 0.019 1.221 9203.1 4.2855 9.738839 0.23774 9.816524 9.578785 22.52 1.2 371.282013 378.78299 2395582.16562 599.77 1617400.0 489.74 1168500.0 453.14 "" "" 0.002768696653919674 0.0028094712 0.0038027628 0.006612234 83.85905108642 -5.80462590651 375.039185 1.6699999999999997 -1.164 0.4483164978027343 -1.7654683246612548 0.19327895 0.19127895 7.14719298245614 2.8821907 3.238056442400448 7.846488198719306 0.6197662666801844 2.637752869655332
83.36586071013 -6.04894914227 0.0355 0.0323 26.3105 "" 4778-372-1 3017208207547056128 356.228577 2.784 0.0489 0.304 1.389 0.047 0.039 1.377 9798.9 4.1893 9.756812 0.191136 9.814417 9.623281 16.63 4.87 350.866699 361.068481 2356253.1756 1064.5 1620500.0 732.25 1121600.0 551.85 "" "" 0.002798640673236371 0.0028329745 0.0038169492 0.0066499235 83.36586071013 -6.04894914227 356.228577 0.3040000000000003 1.389 -0.9176835021972656 0.7875316753387451 0.21927896 0.21127896 1.2571929824561394 6.5521903 2.0418913822257485 2.397885445959573 0.44088974135270875 3.455717645044957
84.53373997636 -6.42858312194 0.0155 0.0155 53.2647 "" 4779-412-1 3016957274078842752 351.155609 2.8223 0.0232 0.942 -1.359 0.02 0.018 1.036 "" "" 9.775049 0.124202 9.81056 9.686358 21.49 2.88 348.287567 353.969391 2317005.93907 589.71 1626300.0 684.8 1058300.0 666.18 "" "" 0.0027691425296401673 0.0028273773 0.0038406812 0.006668058 84.53373997636 -6.42858312194 351.155609 0.942 -1.3590000000000013 -0.2796835021972657 -1.9604683246612549 0.19227895 0.19027895 6.117192982456139 4.5621905 3.2961947288965465 6.948737272009643 0.627328634931439 4.027249777046772
83.92072249336 -6.73566368692 0.0281 0.0249 48.6586 "" "" 3016924842782393088 345.280914 2.8761 0.0378 -1.975 0.982 0.037 0.03 1.866 "" "" 9.780952 0.167847 9.830722 9.662875 19.61 2.35 340.895355 349.553162 2304444.77171 520.76 1596400.0 597.43 1081500.0 515.31 "" "" 0.002766222817265387 0.0028196003 0.003814624 0.006634224 83.92072249336 -6.73566368692 345.280914 -1.975 0.9819999999999998 -3.1966835021972657 0.3805316753387451 0.20927896 0.20227896 4.23719298245614 4.0321903 5.2687309427747895 6.761163370155175 1.102127695052234 2.6689195973815005
81.82008744271 -6.076205686 0.014 0.012 117.9469 25509 4765-236-1 3209032369085302528 341.983459 2.898 0.019 3.388 -12.015 0.017 0.014 1.101 6957.6 3.8214 9.782269 0.505867 9.944152 9.438285 19.28 2.06 339.542175 344.799042 2301650.64981 439.57 1438000.0 1393.4 1330000.0 2046.7 "" "" 0.002763111505255867 0.0029819258 0.0041322308 0.0071141566 81.82008744271 -6.076205686 341.983459 3.3879999999999995 -12.015 2.1663164978027343 -12.616468324661255 0.18927896 0.18627895 3.9071929824561416 3.7421904 20.75060599205592 21.115250555929986 3.867197918094927 3.8629845100876197
82.56731289678 -6.33839652619 0.011 0.0104 76.9443 "" 4778-527-1 3016812997537590656 264.321564 3.7603 0.0152 -14.541 17.559 0.015 0.013 0.99 6584.5 3.9266 9.7889 0.609958 10.015578 9.405621 43.73 0.24 263.326324 265.254944 2287634.52994 442.16 1346400.0 322.13 1370600.0 336.84 "" "" 0.002763300214526008 0.002802236 0.0037887895 0.0065910257 82.56731289678 -6.33839652619 264.321564 -14.541 17.55899999999998 -15.762683502197266 16.957531675338746 0.18727896 0.18527895 28.357192982456137 1.9221905 29.00690972270111 40.56514767020073 5.401338600010833 4.089399447841136
84.56044749927 -5.42036688696 0.032 0.0264 55.3198 "" 4775-402-1 3017325649146578304 347.653046 2.8536 0.0484 0.109 -1.23 0.041 0.033 1.393 10467.4 4.1051 9.855327 0.277935 9.86673 9.588795 29.82 5.44 341.708374 352.634644 2151870.45874 1956.2 1544300.0 4345.0 1157800.0 2047.6 "" "" 0.0029267691283480606 0.0041372497 0.004239188 0.008376438 84.56044749927 -5.42036688696 347.653046 0.10900000000000012 -1.23 -1.1126835021972656 -1.8314683246612549 0.21327895 0.20527896 14.44719298245614 7.1221905 3.5313554630013093 14.87252017912227 0.7326364764278367 6.920695352586353
81.88456002001 -6.19085348796 0.0111 0.0096 114.8143 "" 4765-313-1 3209027391219693824 309.500488 3.2063 0.0156 -4.709 0.8 0.014 0.012 0.976 "" "" 9.894278 0.58104 10.108537 9.527496 5.64 0.98 308.038635 310.880981 2076039.39911 350.23 1236000.0 329.13 1225100.0 239.05 "" "" 0.0027614015927129648 0.0028051091 0.0037853152 0.006590424 81.88456002001 -6.19085348796 309.500488 -4.709000000000007 0.8 -5.930683502197265 0.19853167533874516 0.18627895 0.18427895 -9.732807017543859 2.6621904 8.705377858653408 13.05799127364864 1.621609298809925 2.259659518743509
83.44551148839 -7.39315866218 0.0123 0.0104 89.8932 "" 4778-132-1 3016452357723547904 279.325134 3.5553 0.0174 10.42 -9.513 0.017 0.013 1.063 6631.1 3.9371 9.913033 0.584798 10.128962 9.544164 54.27 0.29 277.824768 280.886169 2040486.32289 499.97 1212900.0 326.21 1206400.0 270.03 "" "" 0.0027681334237936507 0.0028054088 0.0037871872 0.006592596 83.44551148839 -7.39315866218 279.325134 10.42000000000001 -9.513 9.198316497802734 -10.114468324661255 0.18927896 0.18527895 38.89719298245615 1.9721905 18.10115820182554 42.90272194350787 3.386730781643127 2.288868696790883
84.93583545124 -6.55158012164 0.0699 0.0603 77.6311 "" 4779-332-1 3016896599077467392 264.662506 3.7643 0.1006 -6.211 23.935 0.087 0.073 5.827 6113.8 4.086 9.953082 0.67627 10.210686 9.534416 49.08 1.41 258.050293 271.951843 1966589.81156 304.91 1125000.0 224.94 1217300.0 180.22 "" "" 0.0027604577683303082 0.0027986027 0.0037827985 0.0065814015 84.93583545124 -6.55158012164 264.662506 -6.210999999999999 23.935 -7.432683502197266 23.333531675338744 0.25927895 0.24527895 33.707192982456135 3.0921905 30.72113365112169 45.60661039330397 7.575889505440554 5.591576965286826
83.71774319396 -5.55234026852 0.0131 0.0114 23.3736 "" 4774-878-1 3017265515291765760 378.40918 2.6197 0.0188 17.19 4.416 0.016 0.014 1.145 4848.3 3.1335 9.976461 1.169183 10.482511 9.313329 33.45 0.19 375.644043 380.99527 1924696.14738 276.63 875810.0 267.87 1492200.0 225.82 "" "" 0.0027597356289786037 0.002809862 0.0037829517 0.006592814 83.71774319396 -5.55234026852 378.40918 17.19 4.416 15.968316497802736 3.8145316753387455 0.18827896 0.18627895 18.077192982456143 1.8721905 29.44759501679756 34.55352020269834 5.541199107638492 4.822889222715984
83.2206185938 -5.15631693238 0.0133 0.0117 57.8363 "" 4774-573-1 3209492759515639808 332.032318 2.9819 0.0187 0.318 -0.114 0.018 0.015 1.147 7415.7 4.0309 9.979294 0.391446 10.115461 9.724015 10.8 1.47 329.951019 334.438385 1919681.52105 422.67 1228100.0 420.39 1022200.0 240.92 "" "" 0.00276567105061688 0.002814814 0.003788035 0.006602849 83.2206185938 -5.15631693238 332.032318 0.318 -0.114 -0.9036835021972656 -0.7154683246612549 0.19027895 0.18727896 -4.572807017543859 3.1521907 1.8140356578060393 4.9194806013938255 0.3430861440175418 2.9327871539752386
83.08485519414 -4.44799976421 0.0118 0.0108 98.7044 "" 4774-28-1 3209814916422915840 261.920349 3.7915 0.0163 -14.469 -9.369 0.015 0.012 1.038 6158.8 3.9915 9.996435 0.676463 10.253743 9.57728 20.06 0.39 261.031525 262.947784 1889612.51254 415.25 1081200.0 260.02 1170200.0 272.74 "" "" 0.0027656313810676225 0.0028023608 0.0037878442 0.0065902052 83.08485519414 -4.44799976421 261.920349 -14.46900000000001 -9.369 -15.690683502197265 -9.970468324661255 0.18727896 0.18427895 4.687192982456139 2.0721905 23.080188009887124 23.551323882672147 4.30263135939994 4.236678900949247
84.49730129351 -7.39140645099 0.0122 0.0111 96.9825 "" 4779-150-1 3015704694112882688 318.1987 3.1158 0.0171 -10.429 -20.53 0.015 0.013 1.108 5042.7 3.386 10.024257 1.077949 10.480335 9.402386 26.43 0.16 316.50705 320.037262 1841806.91736 229.44 877570.0 230.86 1374700.0 317.04 "" "" 0.0027586378857020174 0.002804751 0.0037876675 0.0065924185 84.49730129351 -7.39140645099 318.1987 -10.429000000000011 -20.53 -11.650683502197266 -21.131468324661256 0.18727896 0.18527895 11.05719298245614 1.8421905 36.39499819164732 38.03757891902807 6.760265763876827 6.490465833838429
85.52497684233 -5.31863539444 0.0238 0.0215 109.9073 "" 4775-368-1 3023126912997338752 372.507477 2.6625 0.0326 2.622 -7.068 0.027 0.024 1.183 7667.6 4.103 10.089582 0.329421 10.203902 9.874481 27.3 1.24 368.600525 376.869141 1734258.96934 736.27 1132000.0 369.16 889950.0 246.38 "" "" 0.002793610223426946 0.0028125462 0.003791316 0.006603862 85.52497684233 -5.31863539444 372.507477 2.6220000000000048 -7.067999999999999 1.4003164978027343 -7.6694683246612545 0.19927895 0.19627896 11.927192982456141 2.9221907 13.765738324590817 18.21410124222053 2.7032669359265964 2.7992403770939123
83.56629191998 -7.36097315951 0.1686 0.1522 86.6113 "" 4778-117-1 3016457756499530496 377.877045 2.7401 0.2314 -1.506 -4.609 0.217 0.169 15.914 6746.7 3.9749 10.099482 0.555528 10.29837 9.742843 24.23 0.49 349.514832 414.221527 1718517.36943 684.14 1037700.0 239.63 1004700.0 156.38 "" "" 0.002789016415257638 0.002801412 0.0037831583 0.0065845703 83.56629191998 -7.36097315951 377.877045 -1.5060000000000002 -4.609 -2.727683502197266 -5.210468324661255 0.38927895 0.34127897 8.85719298245614 2.1721907 10.534146310442965 13.762925053137849 3.709669738167048 3.1648507434564626
84.32931014846 -7.17516566374 0.0313 0.0277 81.0243 "" 4778-267-1 3016473733777925376 344.893402 2.8768 0.0438 0.037 0.007 0.038 0.033 2.224 "" "" 10.109236 0.170139 10.165302 9.995163 21.35 1.24 339.917328 350.206818 1703147.52491 648.46 1173000.0 399.1 796330.0 184.67 "" "" 0.002786158105606594 0.002814518 0.0037877595 0.0066022775 84.32931014846 -7.17516566374 344.893402 0.03699999999999996 0.006999999999999999 -1.1846835021972657 -0.5944683246612549 0.21027896 0.20527896 5.977192982456142 2.9221907 2.1668694336347123 6.357842329905907 0.45348852521224237 2.75158085719995
83.54636806361 -5.38181379383 0.0261 0.0219 36.2723 "" 4774-846-1 3209425173910483584 369.668335 2.6771 0.0398 2.05 4.229 0.034 0.029 2.325 "" "" 10.154814 0.758244 10.448248 9.690004 17.54 1.4 364.747406 374.624176 1633132.52168 355.52 903890.0 431.33 1054800.0 596.96 "" "" 0.0027654391394943164 0.0028378658 0.0038290075 0.0066668736 83.54636806361 -5.38181379383 369.668335 2.0500000000000025 4.229 0.8283164978027342 3.627531675338745 0.20627895 0.20127895 2.1671929824561396 3.0821905 6.5198642258834925 6.87061532522106 1.3139459959687085 1.5811001341420678
83.73385602784 -7.6982723684 0.0098 0.0087 105.8579 "" 5333-663-1 3016427378193766912 361.493408 2.7403 0.0133 8.108 -15.197 0.013 0.011 0.877 6017.1 3.6861 10.167015 0.763583 10.465674 9.702091 18.28 0.26 359.806549 363.504761 1614881.53342 225.07 889500.0 245.85 1043100.0 206.59 "" "" 0.002759472352647541 0.002806261 0.0037854942 0.006591755 83.73385602784 -7.6982723684 361.493408 8.108000000000018 -15.197000000000022 6.886316497802735 -15.798468324661254 0.18527895 0.18327895 2.9071929824561416 1.9421905 29.53020222717976 29.672961001817374 5.4217372166463615 5.399007134679107
82.96974234967 -4.27036942056 0.0434 0.0379 111.2955 "" 4774-343-1 3209833401962515456 376.861938 2.6104 0.0635 -13.191 -2.214 0.056 0.046 1.784 "" "" 10.199774 0.270701 10.29036 10.019659 26.53 1.94 368.863251 387.368225 1566885.7452 588.62 1045400.0 382.67 778560.0 201.97 "" "" 0.002785345131690272 0.0028183335 0.0037898624 0.0066081956 82.96974234967 -4.27036942056 376.861938 -13.191 -2.214 -14.412683502197266 -2.815468324661255 0.22827896 0.21827896 11.157192982456142 3.6221905 26.232378720980545 28.506501865516952 5.978861618112529 5.6816103491400645
84.15757916199 -6.42513143239 0.0636 0.0574 36.6297 "" 4778-1082-1 3016948722800534400 276.912048 3.5687 0.0869 7.79 -21.083 0.08 0.068 5.363 7035.0 4.1425 10.206606 0.457053 10.37148 9.914427 -0.7 0.38 271.329529 282.867493 1557056.40513 340.8 970120.0 324.38 857800.0 162.4 "" "" 0.002765549161870993 0.002813689 0.0037849676 0.0065986565 84.15757916199 -6.42513143239 276.912048 7.79 -21.083 6.568316497802734 -21.684468324661253 0.25227895 0.24027896 -16.07280701754386 2.0621905 29.739301339729735 33.80475069570042 7.176402997778058 6.389033013407455
83.42162436752 -5.01388381674 0.0122 0.0112 59.5156 "" 4774-457-1 3209543989887451776 378.337219 2.6171 0.0175 0.45 -0.161 0.016 0.014 0.985 "" "" 10.251082 0.706514 10.521794 9.81528 25.16 2.62 376.102539 381.095947 1494561.24321 261.33 844690.0 311.5 939820.0 286.44 "" "" 0.002761852754701538 0.0028187518 0.003793841 0.006612593 83.42162436752 -5.01388381674 378.337219 0.4499999999999999 -0.161 -0.7716835021972657 -0.7624683246612549 0.18827896 0.18627895 9.78719298245614 4.3021903 1.9454433421494686 9.978672069636943 0.36436916185069534 4.220234200488012
82.29767081007 -6.13483295768 0.0229 0.0207 89.9428 "" 4765-608-1 3208985468042433792 352.806366 2.8106 0.0317 1.443 0.245 0.028 0.024 2.009 "" "" 10.26079 0.808552 10.563992 9.755441 "" "" 349.499908 355.902771 1481258.46083 3298.2 812490.0 5514.3 993070.0 4538.2 "" "" 0.003665542499907722 0.007879355 0.0062371404 0.014116496 82.29767081007 -6.13483295768 352.806366 1.443 0.245 0.22131649780273444 -0.3564683246612549 0.20027895 0.19627896 "" "" 0.7016710875237254 "" 0.1385098587616299 ""
84.66991140153 -6.61843854232 0.0124 0.0116 66.5272 "" 4779-353-1 3016903952061512192 323.77005 3.0637 0.0172 -4.646 8.627 0.016 0.014 1.001 6940.1 4.0676 10.306414 0.4749 10.476963 10.002063 22.86 0.7 322.11908 325.35965 1420304.22043 466.15 880300.0 595.23 791290.0 341.02 "" "" 0.002778267438248295 0.0028851358 0.0038082376 0.0066933734 84.66991140153 -6.61843854232 323.77005 -4.646000000000001 8.627 -5.8676835021972655 8.025531675338746 0.18827896 0.18627895 7.48719298245614 2.3821905 15.25734252475525 16.995427610808896 2.852788417157882 2.7677210194978703
