Clusters/NGC_1980/NGC_1980_stars_in_region.tsv
# %ECSV 1.0
# ---
# datatype:
# - name: RA_ICRS_1
#   unit: deg
#   datatype: float64
#   format: '{:15.11f}'
#   description: Right ascension (ICRS) at Ep=2016.0 (ra)
#   meta: !!omap
#   - {ucd: POS_EQ_RA_MAIN}
#   - {width: 15}
#   - {precision: '11'}
# - name: DE_ICRS_1
#   unit: deg
#   datatype: float64
#   format: '{:15.11f}'
#   description: Declination (ICRS) at Ep=2016.0 (dec)
#   meta: !!omap
#   - {ucd: POS_EQ_DEC_MAIN}
#   - {width: 15}
#   - {precision: '11'}
# - name: e_RA_ICRS
#   unit: mas
#   datatype: float64
#   format: '{:7.4f}'
#   description: Standard error of right ascension (ra_error)
#   meta: !!omap
#   - {ucd: ERROR}
#   - {width: 7}
#   - {precision: '4'}
# - name: e_DE_ICRS
#   unit: mas
#   datatype: float64
#   format: '{:7.4f}'
#   description: Standard error of declination (dec_error)
#   meta: !!omap
#   - {ucd: ERROR}
#   - {width: 7}
#   - {precision: '4'}
# - name: _r_1
#   unit: ''
#   datatype: float64
#   format: '{:8.4f}'
#   description: Distance from center (083.79160604000-05.93490522000)[ICRS], at Epoch=J2016.0
#   meta: !!omap
#   - {ucd: POS_ANG_DIST_GENERAL}
#   - {width: 8}
#   - {precision: '4'}
# - name: HIP
#   datatype: int32
#   description: '? HIP cross-id number, van Leeuwen, Cat. I/311 (hip_original_ext_source_id)'
#   meta: !!omap
#   - {ucd: ID_NUMBER}
#   - {width: 6}
#   - values: {'null': -2147483648}
# - name: TYC2
#   datatype: string
#   description: Tycho-2 cross-id name, Hog et al., Cat. I/259 (tyc2_original_ext_source_id)
#   meta: !!omap
#   - {ucd: ID_CROSSID}
#   - {_votable_string_dtype: char}
# - name: Source
#   datatype: int64
#   description: Source identifier, identical to the Gaia-EDR3 source_id (id)
#   meta: !!omap
#   - {ucd: ID_MAIN}
#   - {width: 19}
# - name: rgeo
#   unit: pc
#   datatype: float64
#   format: '{:15.8f}'
#   description: '? Median of the geometric distance posterior (r_med_geo)'
#   meta: !!omap
#   - {ucd: PHYS_DISTANCE_TRUE}
#   - {width: 15}
#   - {precision: '8'}
#   - values: {'null': .nan}
# - name: Plx
#   unit: mas
#   datatype: float64
#   format: '{:9.4f}'
#   description: '? Parallax (parallax)'
#   meta: !!omap
#   - {ucd: POS_PARLX_TRIG}
#   - {width: 9}
#   - {precision: '4'}
#   - values: {'null': .nan}
# - name: e_Plx
#   unit: mas
#   datatype: float32
#   format: '{:7.4f}'
#   description: '? Standard error of parallax (parallax_error)'
#   meta: !!omap
#   - {ucd: ERROR}
#   - {width: 7}
#   - {precision: '4'}
#   - values: {'null': .nan}
# - name: pmRA
#   unit: mas / yr
#   datatype: float64
#   format: '{:9.3f}'
#   description: '? Proper motion in right ascension direction, pmRA*cosDE (pmra)'
#   meta: !!omap
#   - {ucd: POS_EQ_PMRA}
#   - {width: 9}
#   - {precision: '3'}
#   - values: {'null': .nan}
# - name: pmDE
#   unit: mas / yr
#   datatype: float64
#   format: '{:9.3f}'
#   description: '? Proper motion in declination direction (pmdec)'
#   meta: !!omap
#   - {ucd: POS_EQ_PMDEC}
#   - {width: 9}
#   - {precision: '3'}
#   - values: {'null': .nan}
# - name: e_pmRA
#   unit: mas / yr
#   datatype: float32
#   format: '{:6.3f}'
#   description: '? Standard error of proper motion in right ascension direction (pmra_error)'
#   meta: !!omap
#   - {ucd: ERROR}
#   - {width: 6}
#   - {precision: '3'}
#   - values: {'null': .nan}
# - name: e_pmDE
[...]
#         unit: &id001 !astropy.units.Unit {unit: deg}
#         value: !astropy.table.SerializedColumn {name: SkyCoord.dec}
#       distance: !astropy.table.SerializedColumn
#         __class__: astropy.coordinates.distances.Distance
#         unit: !astropy.units.Unit {unit: pc}
#         value: !astropy.table.SerializedColumn {name: SkyCoord.distance}
#       frame: icrs
#       obstime: !astropy.time.Time {format: jyear_str, in_subfmt: '*', jd1: 367701545.0, jd2: 0.0, out_subfmt: '*', precision: 3, scale: tt}
#       pm_dec: !astropy.table.SerializedColumn
#         __class__: astropy.units.quantity.Quantity
#         unit: !astropy.units.Unit {unit: mas / yr}
#         value: !astropy.table.SerializedColumn {name: SkyCoord.pm_dec}
#       pm_ra_cosdec: !astropy.table.SerializedColumn
#         __class__: astropy.units.quantity.Quantity
#         unit: !astropy.units.Unit {unit: mas / yr}
#         value: !astropy.table.SerializedColumn {name: SkyCoord.pm_ra_cosdec}
#       ra: !astropy.table.SerializedColumn
#         __class__: astropy.coordinates.angles.Longitude
#         unit: *id001
#         value: !astropy.table.SerializedColumn {name: SkyCoord.ra}
#         wrap_angle: !astropy.coordinates.Angle
#           unit: *id001
#           value: 360.0
#       representation_type: spherical
# schema: astropy-2.0
RA_ICRS_1 DE_ICRS_1 e_RA_ICRS e_DE_ICRS _r_1 HIP TYC2 Source rgeo Plx e_Plx pmRA pmDE e_pmRA e_pmDE RUWE Teff logg Gmag BP-RP BPmag RPmag RV e_RV b_rgeo B_rgeo FG e_FG FBP e_FBP FRP e_FRP RAVE5 RAVE6 e_Gmag e_BPmag e_RPmag e_BP-RP SkyCoord.ra SkyCoord.dec SkyCoord.distance SkyCoord.pm_ra_cosdec SkyCoord.pm_dec
[from data line 1337]
83.04502291903 -4.9266761731 0.0315 0.0246 75.1536 "" "" 3209513100480622976 361.865082 2.7123 0.0476 1.255 -0.485 0.041 0.029 1.052 "" "" 15.825659 2.450489 17.144348 14.693859 "" "" 356.739929 370.06015 8804.06648 10.465 1895.3 10.653 10510.0 31.57 "" "" 0.0030425893820042065 0.006710242 0.0049920008 0.011702243 83.04502291903 -4.9266761731 361.865082 1.255 -0.48500000000000004
84.61644628958 -6.9995361077 0.1063 0.0983 80.6135 "" "" 3016107458966189440 322.655334 3.0715 0.1513 14.413 2.258 0.14 0.116 3.975 3968.0 4.326 15.826776 2.071486 16.811335 14.739848 "" "" 307.707794 337.776733 8795.01132 11.663 2575.6 10.014 10074.0 14.613 "" "" 0.003108822182143869 0.0050601396 0.0040944032 0.009154543 84.61644628958 -6.9995361077 322.655334 14.412999999999998 2.2580000000000005
83.56569098854 -4.0400391407 0.0287 0.0219 114.491 "" "" 3215857248213901696 307.786438 3.1982 0.0434 4.212 -13.918 0.04 0.029 1.068 "" "" 15.831235 1.939491 16.79918 14.859688 "" "" 303.797852 311.895874 8758.96498 3.0756 2604.6 7.6755 9021.6 10.572 "" "" 0.002781570647225333 0.004245258 0.0039877985 0.008233056 83.56569098854 -4.0400391407 307.786438 4.212000000000001 -13.918000000000001
82.07554737877 -5.6079630286 0.0284 0.0226 104.3027 "" "" 3209086489969595264 360.472839 2.7369 0.0401 1.524 -1.109 0.037 0.03 1.048 3615.8 4.147 15.831345 2.360043 17.078066 14.718023 "" "" 355.232971 364.984833 8758.07937 10.826 2014.6 10.751 10279.0 41.451 "" "" 0.0030648017970880356 0.006430893 0.0057838997 0.012214793 82.07554737877 -5.6079630286 360.472839 1.5240000000000002 -1.1089999999999998
84.58052199371 -7.4023130252 0.049 0.0432 99.8102 "" "" 3015703972558371840 306.777435 3.216 0.0738 2.268 -2.675 0.061 0.053 1.942 "" "" 15.837791 2.269645 17.005318 14.735673 "" "" 299.720154 313.921356 8706.23869 12.489 2154.2 16.159 10113.0 31.671 "" "" 0.003165046819713896 0.008608971 0.0050838147 0.013692785 84.58052199371 -7.4023130252 306.777435 2.268 -2.675
82.44338454803 -6.84925011962 0.0525 0.0443 97.3251 "" "" 3016688374768775552 349.352478 2.8077 0.0662 0.966 -0.24 0.072 0.055 1.466 6144.5 4.4332 15.839787 2.636002 16.92074 14.284739 "" "" 341.426849 356.550629 8690.23829 21.735 2328.7 83.048 15320.0 588.76 "" "" 0.003868567384315028 0.038820803 0.041896533 0.08071734 82.44338454803 -6.84925011962 349.352478 0.966 -0.24000000000000005
82.616776473 -5.30497731517 0.2623 0.2131 79.6845 "" "" 3209474961171103232 296.293976 3.5759 0.3593 -10.015 -11.31 0.349 0.266 10.07 "" "" 15.840598 2.02112 16.63061 14.609489 "" "" 260.273926 349.766785 8683.75301 13.342 3042.1 9.0352 11360.0 13.637 "" "" 0.0032209545057609473 0.004264235 0.0039978093 0.008262044 82.616776473 -5.30497731517 296.293976 -10.015 -11.310000000000002
83.26393829495 -6.62579655926 0.0301 0.0263 52.0456 "" "" 3016763180214980480 350.498596 2.8002 0.0437 0.833 -0.249 0.039 0.033 1.045 3426.9 4.0035 15.841415 2.794899 17.413433 14.618534 "" "" 344.955139 354.72998 8677.223 7.0676 1479.3 13.988 11265.0 21.93 "" "" 0.0028937575998820653 0.010638922 0.004330267 0.01496919 83.26393829495 -6.62579655926 350.498596 0.8330000000000001 -0.24900000000000003
84.09161178735 -4.576178709 0.0317 0.0228 83.4708 "" "" 3209584328220063488 281.92627 3.4991 0.0497 4.493 -5.869 0.037 0.028 1.029 3699.4 4.5217 15.841925 2.31166 17.05919 14.747531 "" "" 277.881073 285.480713 8673.15285 4.088 2049.9 11.225 10003.0 12.128 "" "" 0.0028024414134923533 0.006567521 0.0040020742 0.010569595 84.09161178735 -4.576178709 281.92627 4.493 -5.869000000000001
83.5090087152 -7.29418248503 0.0282 0.0258 83.2776 "" "" 3016505963212457088 367.46283 2.6609 0.0378 0.68 0.112 0.037 0.03 1.097 3463.1 4.0028 15.842517 2.820137 17.436888 14.616751 "" "" 362.107971 372.39682 8668.42098 9.1158 1447.6 8.5662 11284.0 24.687 "" "" 0.0029825208819480712 0.0070045646 0.004463862 0.011468427 83.5090087152 -7.29418248503 367.46283 0.6799999999999999 0.112
83.95776027286 -4.77568050198 0.0356 0.0307 70.2581 "" "" 3209574329536277504 378.276489 2.5968 0.0547 0.445 -0.398 0.045 0.036 1.266 "" "" 15.84457 3.005213 17.545898 14.540686 "" "" 369.128571 388.638824 8652.04094 6.7578 1309.4 21.931 12103.0 21.613 "" "" 0.0028828707555376225 0.018397685 0.004247694 0.022645378 83.95776027286 -4.77568050198 378.276489 0.44500000000000006 -0.3980000000000001
83.20538431691 -5.2237060692 0.0286 0.0239 55.1937 "" "" 3209444999479322368 369.838745 2.6578 0.0393 1.64 -2.308 0.038 0.03 0.985 3527.7 4.049 15.845097 2.509953 17.203491 14.693538 "" "" 365.217773 374.641388 8647.84917 6.7792 1794.8 9.4265 10513.0 16.217 "" "" 0.0028837835386840696 0.0063484306 0.004133854 0.010482285 83.20538431691 -5.2237060692 369.838745 1.64 -2.308
84.50335129178 -7.26522119786 0.072 0.0457 90.3913 "" "" 3016093543270824704 371.81778 2.6401 0.0828 -0.535 0.994 0.097 0.063 1.415 "" "" 15.84577 2.343662 16.69878 14.355118 "" "" 360.931152 384.286713 8642.49167 72.307 2857.0 213.29 14359.0 841.97 "" "" 0.00949244409449383 0.0811039 0.063776486 0.14488038 84.50335129178 -7.26522119786 371.81778 -0.535 0.994
84.43416555245 -5.49199282238 0.0278 0.0257 46.6675 "" "" 3017301597326671232 331.147278 2.967 0.0353 0.877 -1.264 0.034 0.03 1.05 "" "" 15.84736 2.463384 17.175388 14.712005 "" "" 327.493164 335.919464 8629.84002 134.22 1841.9 100.4 10336.0 449.79 "" "" 0.017109779556990376 0.059248053 0.047398716 0.10664677 84.43416555245 -5.49199282238 331.147278 0.8770000000000001 -1.264
84.73581276396 -7.02273897813 0.0283 0.0256 86.19 "" "" 3016104778906596096 300.831573 3.2751 0.0409 23.857 -27.946 0.039 0.03 1.056 4636.6 4.756 15.848518 1.911636 16.791065 14.879429 "" "" 297.011414 304.293304 8620.64029 3.2783 2624.2 10.055 8859.0 16.35 "" "" 0.00278608450255676 0.005009185 0.0042777327 0.009286918 84.73581276396 -7.02273897813 300.831573 23.857 -27.946
83.78412037129 -7.4140904341 0.0351 0.0303 88.7522 "" "" 3016443359769256064 301.832611 3.271 0.0476 0.011 -3.748 0.044 0.039 1.351 3663.7 4.42 15.851762 1.947838 16.795595 14.847757 "" "" 297.411011 306.413055 8594.92353 4.878 2613.2 9.2471 9121.3 11.235 "" "" 0.0028233837834159277 0.004748263 0.0040090145 0.008757277 83.78412037129 -7.4140904341 301.832611 0.010999999999999989 -3.7479999999999998
84.55463271675 -5.37199988638 0.026 0.0219 56.7125 "" "" 3017330390787402240 311.709198 3.1673 0.0356 1.024 -3.212 0.035 0.027 1.059 "" "" 15.855084 1.98708 16.85054 14.863461 "" "" 308.676483 315.014008 8568.66031 4.1966 2484.3 12.593 8990.3 15.364 "" "" 0.0028061627449245644 0.0061704963 0.0042102854 0.010380782 84.55463271675 -5.37199988638 311.709198 1.0239999999999998 -3.2119999999999997
83.79429245489 -6.02910376051 0.03 0.0268 5.6542 "" "" 3017184636765897728 364.839203 2.6972 0.0418 0.739 0.696 0.04 0.034 1.076 3488.7 4.0049 15.855395 2.507031 17.188036 14.681005 "" "" 359.604431 370.441406 8566.2085 17.365 1820.5 34.209 10635.0 76.07 "" "" 0.0035264679047380208 0.020591965 0.0086368555 0.029228821 83.79429245489 -6.02910376051 364.839203 0.7389999999999999 0.6960000000000001
83.82602478434 -5.38766853156 0.1384 0.1376 32.8984 "" "" 3017364063325254528 364.428894 2.7178 0.1503 2.358 0.791 0.165 0.164 0.792 "" "" 15.857067 0.764271 12.841862 12.077591 "" "" 347.37915 382.622711 8553.0254 100.72 99695.0 1707.0 116980.0 461.32 "" "" 0.013079094553874269 0.018798435 0.005711092 0.024509527 83.82602478434 -5.38766853156 364.428894 2.358 0.791
82.44317397964 -6.84889958982 0.0581 0.0489 97.3236 "" "" 3016688379064008064 357.110413 2.7391 0.0777 1.344 0.032 0.068 0.056 1.11 6106.5 4.4136 15.859299 2.652098 16.8611 14.209002 "" "" 347.903046 367.275482 8535.46999 26.716 2460.2 128.23 16427.0 675.65 "" "" 0.004374995095519682 0.05665924 0.044816468 0.10147571 82.44317397964 -6.84889958982 357.110413 1.344 0.032
83.13993255121 -4.86029096463 0.0289 0.0242 75.3162 "" "" 3209606902568162304 339.996033 2.8912 0.0422 1.272 -0.521 0.037 0.029 1.042 3548.8 4.0926 15.8607 2.456422 17.175781 14.719359 "" "" 335.69696 344.241455 8524.45705 7.9023 1841.2 12.811 10266.0 28.792 "" "" 0.0029333972003206723 0.008053303 0.0048534605 0.012906764 83.13993255121 -4.86029096463 339.996033 1.2719999999999998 -0.521
84.19188865552 -4.5670356438 0.0369 0.0273 85.4857 "" "" 3215588245822313216 272.402374 3.631 0.0557 -20.459 -40.957 0.045 0.034 1.056 "" "" 15.861667 2.010789 16.869726 14.858937 "" "" 268.858948 276.120728 8516.87314 3.2723 2440.8 9.6669 9027.8 13.141 "" "" 0.0027867198521378035 0.0051260097 0.004096515 0.009222524 84.19188865552 -4.5670356438 272.402374 -20.459000000000003 -40.957
84.53971781406 -6.346353313 0.0305 0.0275 51.0019 "" "" 3016964425200947328 343.258362 2.8631 0.0472 -6.875 -3.313 0.04 0.034 1.152 5283.7 4.6238 15.864095 2.051336 16.89365 14.842314 "" "" 338.059601 350.391846 8497.84963 6.0179 2387.6 14.532 9167.1 16.802 "" "" 0.00286058916709626 0.007173168 0.0042712796 0.011444448 84.53971781406 -6.346353313 343.258362 -6.874999999999999 -3.313
84.29524439844 -5.2556692006 0.0956 0.0857 50.6493 "" "" 3017381376329682944 364.843323 2.694 0.137 -1.756 1.62 0.129 0.103 4.315 4628.9 4.3848 15.867696 2.21619 16.917799 14.701609 "" "" 347.976318 382.317352 8469.70615 19.367 2335.1 21.376 10436.0 35.852 "" "" 0.0037088300644228917 0.010323272 0.0053100185 0.01563329 84.29524439844 -5.2556692006 364.843323 -1.7559999999999996 1.62
82.60327986201 -6.89912311277 0.0266 0.0225 91.4712 "" "" 3016637629730419072 313.493439 3.1457 0.0375 0.962 0.718 0.036 0.028 1.019 4691.4 4.7195 15.868472 1.952164 16.79946 14.847296 "" "" 310.400543 317.0336 8463.65192 3.0865 2604.0 22.022 9125.1 35.518 "" "" 0.002783623598470917 0.009596627 0.005669504 0.015266132 82.60327986201 -6.89912311277 313.493439 0.9620000000000001 0.718
83.31986786478 -7.70907843886 0.4194 0.4701 110.0975 "" "" 3016347942775834880 312.479004 3.2801 0.3752 -17.121 -4.141 0.459 0.55 1.287 "" "" 15.872598 "" "" "" "" "" 277.770996 354.694519 8431.55686 34.74 "" "" "" "" "" "" 0.005253940580191375 "" "" "" 83.31986786478 -7.70907843886 312.479004 -17.121 -4.141
83.99042361701 -5.38608477848 0.0885 0.0872 35.0036 "" "" 3017361933012984192 366.375366 2.6986 0.102 1.563 0.682 0.104 0.092 1.058 "" "" 15.874442 2.464005 16.3627 13.898694 "" "" 352.682159 381.177582 8417.24425 22.819 3893.5 233.81 21862.0 865.28 "" "" 0.004031806128209066 0.06525961 0.043138422 0.108398035 83.99042361701 -5.38608477848 366.375366 1.5630000000000002 0.6819999999999999
84.36252363825 -5.51776220085 0.0265 0.024 42.2865 "" "" 3017304071227841664 339.951965 2.8871 0.0374 0.791 -1.004 0.035 0.029 0.992 3489.8 4.1255 15.874449 2.922205 17.546568 14.624363 "" "" 334.393738 344.230469 8417.18905 10.387 1308.5 12.451 11205.0 44.245 "" "" 0.003063807163647347 0.010701437 0.0057152477 0.016416684 84.36252363825 -5.51776220085 339.951965 0.7909999999999999 -1.004
84.61394321888 -4.23385401791 0.0363 0.0348 113.2785 "" "" 3215625388699509632 356.559875 2.7639 0.0435 39.119 -3.062 0.045 0.039 1.12 4198.6 4.6845 15.874595 1.759624 16.723019 14.963394 "" "" 351.120941 362.544922 8416.06245 3.4325 2793.9 16.589 8199.7 12.671 "" "" 0.0027906769327096263 0.0070245476 0.0041350573 0.011159604 84.61394321888 -4.23385401791 356.559875 39.119 -3.062
83.8613966526 -7.62069212118 0.0295 0.0264 101.2326 "" "" 3015684799824327424 370.551147 2.6615 0.0402 7.347 -31.787 0.04 0.033 1.203 4176.1 4.5583 15.8769 1.92927 16.830639 14.901369 "" "" 364.088379 376.51825 8398.21292 3.9989 2530.2 10.271 8681.8 14.014 "" "" 0.0028034020224531817 0.0052163396 0.004165963 0.009382302 83.8613966526 -7.62069212118 370.551147 7.347000000000001 -31.786999999999995
83.58476989879 -4.9823405499 0.0263 0.0247 58.4738 "" "" 3209549315646872960 378.410767 2.588 0.0392 0.292 -0.148 0.033 0.028 1.032 3489.3 4.0039 15.878984 2.597547 17.29984 14.702294 "" "" 374.097961 384.078796 8382.09928 11.118 1642.4 16.779 10429.0 43.219 "" "" 0.0031089757413727192 0.011437586 0.005876095 0.017313682 83.58476989879 -4.9823405499 378.410767 0.2919999999999999 -0.14800000000000002
83.88816759089 -5.78539546448 0.0313 0.0283 10.6625 "" "" 3017245178624857600 374.643646 2.6156 0.0487 1.048 0.658 0.041 0.037 1.096 3520.1 4.0179 15.879528 2.536295 17.24381 14.707516 "" "" 366.941162 380.664124 8377.90751 17.383 1729.4 29.107 10379.0 57.404 "" "" 0.0035590282641571372 0.018485475 0.0070953085 0.025580784 83.88816759089 -5.78539546448 374.643646 1.0479999999999998 0.658
84.07777712725 -6.52378557382 0.0276 0.0257 39.2397 "" "" 3016946145820166016 368.351959 2.665 0.0396 2.135 -0.796 0.034 0.029 0.998 3476.8 4.0696 15.880017 2.967342 17.589258 14.621916 "" "" 362.983429 373.677368 8374.12974 6.227 1258.1 14.825 11230.0 25.172 "" "" 0.0028711684756362113 0.01309464 0.0044951634 0.017589804 84.07777712725 -6.52378557382 368.351959 2.1350000000000002 -0.7960000000000002
83.11150362699 -6.3616989264 0.0358 0.0306 47.9769 "" "" 3016823722073665792 360.006775 2.732 0.0536 0.899 -0.113 0.045 0.039 1.232 3513.0 4.151 15.881843 2.840974 17.480522 14.639548 "" "" 353.415039 366.64624 8360.06933 5.9893 1390.6 11.899 11049.0 15.245 "" "" 0.0028630097908482316 0.009700302 0.0040654526 0.013765754 83.11150362699 -6.3616989264 360.006775 0.8989999999999999 -0.11299999999999999
83.58447166246 -4.33111321881 0.0274 0.0216 97.0203 "" "" 3209655659036871424 371.434601 2.6512 0.0424 0.953 1.074 0.037 0.03 0.933 "" "" 15.882633 2.656805 17.350828 14.694023 "" "" 367.126221 375.922272 8353.98149 8.2725 1567.1 13.737 10509.0 25.038 "" "" 0.002957655997291722 0.009917986 0.0045798747 0.01449786 83.58447166246 -4.33111321881 371.434601 0.953 1.074
82.06222977127 -6.33202947729 0.0278 0.0234 105.8842 "" "" 3208974614661821056 329.961456 2.9913 0.0379 11.053 -12.716 0.037 0.029 1.01 "" "" 15.88275 1.94971 16.858906 14.909196 "" "" 326.357452 334.204956 8353.08378 3.5443 2465.2 9.104 8619.5 13.18 "" "" 0.0027935683040171766 0.004884894 0.004127948 0.009012843 82.06222977127 -6.33202947729 329.961456 11.052999999999999 -12.716
84.5319495513 -5.27530371375 0.0254 0.0215 59.3347 "" "" 3017332314932742016 332.401367 2.9626 0.0366 -9.754 -1.246 0.034 0.026 1.044 "" "" 15.887134 1.958048 16.867542 14.909494 "" "" 328.661194 337.244202 8319.4262 2.9541 2445.7 14.386 8617.1 13.177 "" "" 0.0027821612772986415 0.006969369 0.004127982 0.011097351 84.5319495513 -5.27530371375 332.401367 -9.754000000000001 -1.2459999999999998
84.89683772123 -4.60405409955 0.0302 0.0298 103.6168 "" "" 3023445977527933312 377.230408 2.612 0.0387 1.364 -1.757 0.037 0.033 1.027 3402.5 4.0437 15.888267 2.254806 17.015265 14.760459 "" "" 370.902618 382.649597 8310.74317 68.987 2134.6 90.287 9884.9 181.18 "" "" 0.009424401678469752 0.046007976 0.02025612 0.06626409 84.89683772123 -4.60405409955 377.230408 1.364 -1.7569999999999997
82.81844367186 -7.50274608834 0.0291 0.025 110.5067 "" "" 3016412367285125376 321.423248 3.0702 0.0414 4.838 -17.025 0.035 0.029 1.004 4072.1 4.651 15.888767 1.96651 16.873457 14.906947 "" "" 317.38916 324.949402 8306.91419 3.1941 2432.4 10.571 8637.3 11.554 "" "" 0.0027867681779140015 0.0054817367 0.004048842 0.009530579 82.81844367186 -7.50274608834 321.423248 4.838 -17.025
83.61148073006 -4.84599307049 0.1033 0.0929 66.2148 "" "" 3209552889059620736 369.670105 2.6942 0.1492 2.648 -1.278 0.131 0.114 5.479 "" "" 15.894623 2.661512 17.231165 14.569653 12.1 7.56 352.219299 394.306274 8262.23585 22.265 1749.6 15.213 11784.0 35.192 "" "" 0.0040189902010322005 0.009844304 0.0049796905 0.014823995 83.61148073006 -4.84599307049 369.670105 2.6480000000000006 -1.2780000000000002
83.34657812257 -4.34155601888 0.0282 0.0242 99.2308 "" "" 3209838659002088832 366.774597 2.6768 0.0398 1.592 -2.528 0.037 0.029 1.051 3515.9 4.1208 15.896942 2.849571 17.51129 14.661718 "" "" 362.673218 371.375519 8244.60748 6.9324 1351.8 10.392 10826.0 32.279 "" "" 0.0029026250890731623 0.008800638 0.004976296 0.013776934 83.34657812257 -4.34155601888 366.774597 1.5920000000000003 -2.5279999999999996
