Clusters/ASCC_21/ASCC_21_members.tsv
# %ECSV 1.0
# ---
# datatype:
# - name: RA_ICRS_1
#   unit: deg
#   datatype: float64
#   format: '{:15.11f}'
#   description: Right ascension (ICRS) at Ep=2016.0 (ra)
#   meta: !!omap
#   - {ucd: POS_EQ_RA_MAIN}
#   - {width: 15}
#   - {precision: '11'}
# - name: DE_ICRS_1
#   unit: deg
#   datatype: float64
#   format: '{:15.11f}'
#   description: Declination (ICRS) at Ep=2016.0 (dec)
#   meta: !!omap
#   - {ucd: POS_EQ_DEC_MAIN}
#   - {width: 15}
#   - {precision: '11'}
# - name: e_RA_ICRS
#   unit: mas
#   datatype: float64
#   format: '{:7.4f}'
#   description: Standard error of right ascension (ra_error)
#   meta: !!omap
#   - {ucd: ERROR}
#   - {width: 7}
#   - {precision: '4'}
# - name: e_DE_ICRS
#   unit: mas
#   datatype: float64
#   format: '{:7.4f}'
#   description: Standard error of declination (dec_error)
#   meta: !!omap
#   - {ucd: ERROR}
#   - {width: 7}
#   - {precision: '4'}
# - name: _r_1
#   unit: ''
#   datatype: float64
#   format: '{:8.4f}'
#   description: Distance from center (082.14230656000+03.47709487000)[ICRS], at Epoch=J2016.0
#   meta: !!omap
#   - {ucd: POS_ANG_DIST_GENERAL}
#   - {width: 8}
#   - {precision: '4'}
# - name: HIP
#   datatype: int32
#   description: '? HIP cross-id number, van Leeuwen, Cat. I/311 (hip_original_ext_source_id)'
#   meta: !!omap
#   - {ucd: ID_NUMBER}
#   - {width: 6}
#   - values: {'null': -2147483648}
# - name: TYC2
#   datatype: string
#   description: Tycho-2 cross-id name, Hog et al., Cat. I/259 (tyc2_original_ext_source_id)
#   meta: !!omap
#   - {ucd: ID_CROSSID}
#   - {_votable_string_dtype: char}
# - name: Source
#   datatype: int64
#   description: Source identifier, identical to the Gaia-EDR3 source_id (id)
#   meta: !!omap
#   - {ucd: ID_MAIN}
#   - {width: 19}
# - name: rgeo
#   unit: pc
#   datatype: float64
#   format: '{:15.8f}'
#   description: '? Median of the geometric distance posterior (r_med_geo)'
#   meta: !!omap
#   - {ucd: PHYS_DISTANCE_TRUE}
#   - {width: 15}
#   - {precision: '8'}
#   - values: {'null': .nan}
# - name: Plx
#   unit: mas
#   datatype: float64
#   format: '{:9.4f}'
#   description: '? Parallax (parallax)'
#   meta: !!omap
#   - {ucd: POS_PARLX_TRIG}
#   - {width: 9}
#   - {precision: '4'}
#   - values: {'null': .nan}
# - name: e_Plx
#   unit: mas
#   datatype: float32
#   format: '{:7.4f}'
#   description: '? Standard error of parallax (parallax_error)'
#   meta: !!omap
#   - {ucd: ERROR}
#   - {width: 7}
#   - {precision: '4'}
#   - values: {'null': .nan}
# - name: pmRA
#   unit: mas / yr
#   datatype: float64
#   format: '{:9.3f}'
#   description: '? Proper motion in right ascension direction, pmRA*cosDE (pmra)'
#   meta: !!omap
#   - {ucd: POS_EQ_PMRA}
#   - {width: 9}
#   - {precision: '3'}
#   - values: {'null': .nan}
# - name: pmDE
#   unit: mas / yr
#   datatype: float64
#   format: '{:9.3f}'
#   description: '? Proper motion in declination direction (pmdec)'
#   meta: !!omap
#   - {ucd: POS_EQ_PMDEC}
#   - {width: 9}
#   - {precision: '3'}
#   - values: {'null': .nan}
# - name: e_pmRA
#   unit: mas / yr
#   datatype: float32
#   format: '{:6.3f}'
#   description: '? Standard error of proper motion in right ascension direction (pmra_error)'
#   meta: !!omap
#   - {ucd: ERROR}
#   - {width: 6}
#   - {precision: '3'}
#   - values: {'null': .nan}
# - name: e_pmDE
[...]
#         unit: &id001 !astropy.units.Unit {unit: deg}
#         value: !astropy.table.SerializedColumn {name: SkyCoord.dec}
#       distance: !astropy.table.SerializedColumn
#         __class__: astropy.coordinates.distances.Distance
#         unit: !astropy.units.Unit {unit: pc}
#         value: !astropy.table.SerializedColumn {name: SkyCoord.distance}
#       frame: icrs
#       obstime: !astropy.time.Time {format: jyear_str, in_subfmt: '*', jd1: 367701545.0, jd2: 0.0, out_subfmt: '*', precision: 3, scale: tt}
#       pm_dec: !astropy.table.SerializedColumn
#         __class__: astropy.units.quantity.Quantity
#         unit: !astropy.units.Unit {unit: mas / yr}
#         value: !astropy.table.SerializedColumn {name: SkyCoord.pm_dec}
#       pm_ra_cosdec: !astropy.table.SerializedColumn
#         __class__: astropy.units.quantity.Quantity
#         unit: !astropy.units.Unit {unit: mas / yr}
#         value: !astropy.table.SerializedColumn {name: SkyCoord.pm_ra_cosdec}
#       ra: !astropy.table.SerializedColumn
#         __class__: astropy.coordinates.angles.Longitude
#         unit: *id001
#         value: !astropy.table.SerializedColumn {name: SkyCoord.ra}
#         wrap_angle: !astropy.coordinates.Angle
#           unit: *id001
#           value: 360.0
#       representation_type: spherical
# schema: astropy-2.0
RA_ICRS_1 DE_ICRS_1 e_RA_ICRS e_DE_ICRS _r_1 HIP TYC2 Source rgeo Plx e_Plx pmRA pmDE e_pmRA e_pmDE RUWE Teff logg Gmag BP-RP BPmag RPmag RV e_RV b_rgeo B_rgeo FG e_FG FBP e_FBP FRP e_FRP RAVE5 RAVE6 e_Gmag e_BPmag e_RPmag e_BP-RP SkyCoord.ra SkyCoord.dec SkyCoord.distance SkyCoord.pm_ra_cosdec SkyCoord.pm_dec Pmemb
81.72615713417 3.61467148372 0.04 0.0326 26.2527 25477 105-1852-1 3236071936992839424 326.131805 3.0418 0.0482 0.824 -0.263 0.049 0.038 1.065 "" "" 7.16935 -0.2206 7.080384 7.300984 "" "" 321.791077 331.646088 25539180.7233 7769.8 20103000.0 11873.0 9522800.0 3728.0 "" "" 0.002775048977239918 0.0028629082 0.003803208 0.0066661164 81.72615713417 3.61467148372 326.131805 0.824 -0.2630000000000001 0.8
82.02884796521 3.53573592274 0.0375 0.0283 7.6517 "" 105-2036-1 3236060774373087104 336.776764 2.9412 0.0445 1.245 -0.691 0.046 0.034 1.023 "" "" 7.555191 -0.14704 7.490477 7.637517 "" "" 330.817139 341.667908 17900724.15792 5457.8 13779000.0 7919.9 6984800.0 3618.3 "" "" 0.0027751346369885984 0.0028591082 0.003821003 0.0066801114 82.02884796521 3.53573592274 336.776764 1.2449999999999997 -0.6909999999999997 0.9
82.24386492515 3.64701902482 0.0302 0.0231 11.8716 "" 105-1954-1 3236083864117227264 353.510223 2.8052 0.0336 1.392 -0.701 0.038 0.027 1.263 10580.6 4.0734 8.970132 -0.015992 8.953865 8.969857 11.91 10.62 348.480347 357.899139 4862886.00214 1598.6 3579900.0 1425.4 2047500.0 885.5 "" "" 0.002778341373319223 0.0028234615 0.0038084395 0.006631901 82.24386492515 3.64701902482 353.510223 1.392 -0.7009999999999997 0.9
82.4937239461 3.56194491327 0.0302 0.0246 21.6523 "" 105-2060-1 3236033183503281152 339.209656 2.9153 0.0364 1.635 -0.698 0.041 0.028 1.181 "" "" 8.995148 -0.018843 8.979485 8.998328 11.31 3.44 335.746094 343.736969 4752124.87681 1642.8 3496400.0 1443.3 1994500.0 728.74 "" "" 0.0027807673646605886 0.002825937 0.0038001447 0.0066260817 82.4937239461 3.56194491327 339.209656 1.6350000000000002 -0.698 0.8
82.04020535305 3.62315772968 0.0191 0.0149 10.6859 25591 105-2342-1 3236062458000252544 339.107269 2.9243 0.0222 1.499 -0.674 0.024 0.018 1.262 9952.9 4.2331 9.408449 0.287869 9.504358 9.216489 7.06 8.44 336.042908 341.263702 3247634.27612 834.56 2156100.0 1299.9 1631400.0 948.39 "" "" 0.002769410439125286 0.0028659254 0.0038317244 0.00669765 82.04020535305 3.62315772968 339.107269 1.4989999999999999 -0.674 0.9
82.12364828356 3.52709344378 0.0191 0.0143 3.2013 "" 105-2268-1 3236057269679762816 336.634491 2.9408 0.0218 1.466 -0.637 0.023 0.016 1.034 "" "" 9.870637 0.176203 9.926246 9.750043 13.92 2.24 334.713165 338.708649 2121739.50479 482.94 1461900.0 479.84 998020.0 261.46 "" "" 0.002766380780265924 0.0028128366 0.0037900703 0.0066029066 82.12364828356 3.52709344378 336.634491 1.466 -0.6370000000000002 1.0
81.54448681864 3.8508839951 0.0135 0.0104 42.2413 "" 109-325-1 3236267173322427392 342.350006 2.8965 0.0155 1.468 -0.601 0.016 0.012 1.047 "" "" 10.638642 0.778496 10.944003 10.165507 23.36 1.62 340.726166 343.817322 1045899.2383 585.53 572550.0 1176.2 680700.0 955.19 "" "" 0.00282156858460513 0.0035721066 0.004074917 0.0076470235 81.54448681864 3.8508839951 342.350006 1.468 -0.601 1.0
81.56643547591 3.08385517717 0.0471 0.0345 41.7928 "" 105-869-1 3235943642024991872 325.507935 3.0372 0.052 1.335 -1.564 0.06 0.039 3.142 "" "" 11.626073 1.14499 12.105974 10.960984 13.72 1.84 319.995605 331.272308 421228.17478 698.97 196350.0 1069.8 327160.0 1335.2 "" "" 0.0032920597078245047 0.0065405597 0.005823939 0.012364499 81.56643547591 3.08385517717 325.507935 1.3349999999999995 -1.5640000000000005 0.8
82.57534081576 3.43202502502 0.0151 0.012 26.0754 "" "" 3236017305007721600 339.965698 2.9305 0.0156 1.39 -0.684 0.019 0.013 1.159 5106.9 4.1689 12.397089 1.190507 12.911073 11.720566 15.49 2.84 337.887299 341.924103 207067.03304 219.33 93538.0 324.5 162530.0 391.25 "" "" 0.0029856945262202563 0.0046874746 0.004595087 0.009282561 82.57534081576 3.43202502502 339.965698 1.3900000000000003 -0.684 0.8
82.47848807096 3.56746836495 0.0156 0.012 20.8502 "" "" 3236033213567257088 340.566864 2.9004 0.0166 1.473 -0.605 0.021 0.014 1.074 4688.5 4.1914 13.094653 1.340086 13.689263 12.349177 18.87 2.03 338.425507 342.086212 108914.41864 153.07 45678.0 267.91 91093.0 416.56 "" "" 0.003149633577247404 0.006952485 0.0062397663 0.013192251 82.47848807096 3.56746836495 340.566864 1.4729999999999996 -0.605 0.8
82.28546614403 4.05474939556 0.0127 0.0109 35.7033 "" "" 3236115749954308480 342.344513 2.8747 0.0167 1.44 -0.554 0.017 0.013 1.056 "" "" 13.581904 1.80951 14.46073 12.651219 22.33 6.1 340.312286 344.799225 69532.02184 47.17 22445.0 64.758 68972.0 126.78 "" "" 0.002852069944709714 0.004194988 0.004273953 0.008468941 82.28546614403 4.05474939556 342.344513 1.4399999999999995 -0.554 0.8
82.45165405651 2.91317235786 0.0274 0.021 38.578 "" "" 3223962504335346432 343.234497 2.8784 0.0319 1.691 -0.698 0.033 0.024 2.148 5327.4 4.2731 13.765694 1.517547 14.434068 12.916521 "" "" 339.795319 346.503906 58704.207 584.64 23003.0 815.6 54019.0 1421.1 "" "" 0.011158466459428104 0.038597107 0.02881186 0.067408964 82.45165405651 2.91317235786 343.234497 1.6909999999999998 -0.698 0.8
82.37813391428 4.04531087079 0.0156 0.013 36.9009 "" "" 3236112142181844224 344.307678 2.8613 0.0199 1.255 -0.518 0.02 0.015 0.983 4485.2 4.1644 13.942166 1.631374 14.70378 13.072406 66.48 3.61 341.784332 346.535217 49897.66359 152.01 17943.0 243.65 46795.0 405.95 "" "" 0.004304900688542116 0.015005029 0.0101488065 0.025153834 82.37813391428 4.04531087079 344.307678 1.2550000000000001 -0.5179999999999999 0.9
82.10394517572 3.56051687838 0.0196 0.015 5.5074 "" "" 3236058334831649280 336.594879 2.9294 0.0217 1.427 -0.642 0.024 0.018 1.069 5514.5 4.3486 14.157721 1.832037 15.049488 13.217451 -16.66 10.0 334.263367 338.553986 40912.7319 114.84 13050.0 135.22 40943.0 267.68 "" "" 0.004108491085540287 0.011590894 0.00804183 0.019632723 82.10394517572 3.56051687838 336.594879 1.427 -0.642 1.0
81.88756467324 3.69687321791 0.0173 0.0129 20.1641 "" "" 3236075819643268224 341.988861 2.8824 0.0217 1.01 -0.644 0.02 0.014 1.006 4123.4 4.1543 14.232533 1.795848 15.105429 13.309581 13.79 4.47 338.731873 344.573639 38188.58016 59.627 12395.0 83.177 37612.0 156.54 "" "" 0.0032350675179270935 0.0078018494 0.00589095 0.0136928 81.88756467324 3.69687321791 341.988861 1.01 -0.644 0.9
82.38623268498 3.73659430517 0.056 0.0475 21.3489 "" "" 3236085680888177792 352.789551 2.7904 0.0697 1.621 -0.477 0.07 0.056 2.928 4753.3 4.2728 14.406397 1.937955 15.338098 13.400143 35.82 11.0 342.590515 361.429138 32537.77868 102.1 10004.0 114.76 34602.0 277.08 "" "" 0.004381655406996569 0.012763629 0.009480104 0.022243733 82.38623268498 3.73659430517 352.789551 1.6209999999999998 -0.477 1.0
81.62893849448 3.61549850645 0.0232 0.0192 31.8449 "" "" 3236071352877620864 326.283325 3.0118 0.0265 1.185 -0.482 0.028 0.022 1.179 "" "" 14.614971 2.449173 15.92136 13.472187 8.67 13.06 322.992615 329.438385 26850.85887 83.562 5846.2 90.676 32380.0 253.23 "" "" 0.004359900545069013 0.017069615 0.009294194 0.026363809 81.62893849448 3.61549850645 326.283325 1.1849999999999998 -0.48199999999999993 0.8
82.25006853081 3.07218217295 0.0431 0.0343 25.1377 "" "" 3235978414080385792 329.166107 2.9909 0.0525 1.242 -0.935 0.049 0.038 2.299 "" "" 14.632577 2.285295 15.821059 13.535765 -5.17 4.22 323.407715 334.023468 26418.96387 35.857 6412.0 37.111 30539.0 100.39 "" "" 0.0031246303465953962 0.006875552 0.005198295 0.0120738465 82.25006853081 3.07218217295 329.166107 1.242 -0.935 0.8
82.10019462128 3.58162867441 0.0251 0.0191 6.7601 "" "" 3236059881019874176 338.871246 2.9084 0.0299 1.162 -0.492 0.03 0.022 1.067 "" "" 14.820632 2.050081 15.850086 13.800005 71.43 5.35 335.570343 342.607941 22217.44024 50.953 6242.8 59.943 23942.0 148.59 "" "" 0.0037137459679351934 0.010792096 0.00772587 0.018517965 82.10019462128 3.58162867441 338.871246 1.162 -0.49200000000000005 0.9
81.73917915071 3.24962277028 0.0238 0.0191 27.7363 "" "" 3235952747355612672 337.763245 2.9132 0.0302 1.458 -0.557 0.034 0.023 1.065 "" "" 15.09825 2.13933 16.169016 14.029686 "" "" 334.003204 341.266571 17204.68082 242.38 4653.8 215.3 19377.0 749.91 "" "" 0.015542063550200063 0.050307143 0.042188738 0.09249588 81.73917915071 3.24962277028 337.763245 1.4579999999999997 -0.5569999999999998 0.9
82.03569544868 3.52886135916 0.0272 0.0199 7.1001 "" "" 3236057819435587584 341.813934 2.8842 0.0312 1.572 -0.754 0.033 0.023 1.016 "" "" 15.139151 2.167349 16.252337 14.084988 24.07 5.28 338.024078 345.542572 16568.63268 12.328 4310.0 19.854 18415.0 56.965 "" "" 0.002871307996824556 0.00572708 0.00505609 0.01078317 82.03569544868 3.52886135916 341.813934 1.572 -0.7539999999999999 0.9
82.44879784601 3.73766090498 0.028 0.023 24.1092 "" "" 3236044483561593472 337.959625 2.9145 0.0328 1.514 -0.7 0.038 0.029 1.048 "" "" 15.140193 2.169918 16.253212 14.083294 8.0 7.74 334.803558 341.605988 16552.7236 43.504 4306.6 56.574 18443.0 124.22 "" "" 0.003966671520406607 0.0145332115 0.008231701 0.022764914 82.44879784601 3.73766090498 337.959625 1.514 -0.6999999999999998 1.0
81.74589692834 3.66739252484 0.0242 0.0194 26.3415 "" "" 3236073281317728768 340.239624 2.8927 0.0275 1.444 -0.701 0.029 0.022 1.006 3663.5 4.0148 15.153568 2.271713 16.338255 14.066542 "" "" 336.927185 343.921814 16350.05703 34.679 3982.1 35.97 18730.0 85.638 "" "" 0.0035909682270169672 0.010196547 0.0062391856 0.016435733 81.74589692834 3.66739252484 340.239624 1.4440000000000008 -0.701 0.9
82.30042174432 2.89285191912 0.026 0.0209 36.3118 "" "" 3223872069503741568 338.153687 2.9115 0.034 1.261 -0.804 0.032 0.025 1.043 3639.5 4.1001 15.308022 2.312273 16.517176 14.204903 117.98 7.8 333.771454 341.715546 14182.00622 55.578 3377.1 55.28 16489.0 203.65 "" "" 0.005069120143076302 0.01799018 0.013931974 0.031922154 82.30042174432 2.89285191912 338.153687 1.2610000000000003 -0.8040000000000002 1.0
82.33273478632 3.46285105825 0.0279 0.021 11.4367 "" "" 3236007585498064000 340.179199 2.9075 0.032 1.082 -0.547 0.034 0.025 0.961 3654.2 4.0833 15.343144 2.279258 16.533188 14.25393 "" "" 335.52951 344.405396 13730.57871 16.779 3327.7 21.173 15761.0 54.025 "" "" 0.003058129412889525 0.007450353 0.005304186 0.012754539 82.33273478632 3.46285105825 340.179199 1.0819999999999996 -0.547 1.0
81.7599129024 3.1129761868 0.0328 0.0257 31.6538 "" "" 3235897595680582656 338.029785 2.9158 0.0422 1.1 -0.795 0.044 0.031 1.108 3591.5 4.0108 15.408531 2.370209 16.659525 14.289316 78.77 7.57 334.126343 343.613892 12928.08692 42.443 2962.1 50.571 15256.0 125.91 "" "" 0.004505252925627591 0.018745247 0.0097251525 0.0284704 81.7599129024 3.1129761868 338.029785 1.1 -0.7950000000000003 1.0
81.81212404799 2.77148439257 0.0333 0.026 46.73 "" "" 3235852519998974848 335.928406 2.9267 0.039 1.456 -0.727 0.043 0.031 0.945 "" "" 15.556416 2.350262 16.796717 14.446455 -3.7 8.3 332.477875 340.879425 11281.84362 8.036 2610.5 14.733 13200.0 27.949 "" "" 0.002861796955149266 0.0067329616 0.0044236393 0.011156601 81.81212404799 2.77148439257 335.928406 1.4560000000000004 -0.727 0.9
82.45475436435 3.42905942822 0.0355 0.0261 18.9335 "" "" 3236018095282158080 344.593811 2.8576 0.0392 1.532 -0.745 0.045 0.031 1.086 "" "" 15.571983 2.393753 16.84747 14.453716 -7.19 6.55 339.817108 348.84552 11121.24621 10.11 2491.3 13.013 13112.0 35.026 "" "" 0.0029267695702469405 0.0063204165 0.004763988 0.011084404 82.45475436435 3.42905942822 344.593811 1.532 -0.745 0.8
82.7120276046 3.15035672532 0.0308 0.0247 39.3563 "" "" 3223974289725544960 339.923401 2.8906 0.0348 1.433 -0.53 0.038 0.029 1.022 3504.7 4.004 15.602658 2.578881 17.01663 14.437749 -92.38 5.1 335.921661 343.821594 10811.43636 5.9917 2131.9 11.116 13306.0 17.666 "" "" 0.0028202571811811513 0.006311408 0.004044954 0.010356362 82.7120276046 3.15035672532 339.923401 1.433 -0.53 0.8
81.92439454828 3.97911240473 0.0355 0.0258 32.8253 "" "" 3236295417027310720 340.891724 2.8954 0.0395 1.265 -0.6 0.046 0.03 1.112 3571.4 4.0633 15.625853 2.419223 16.914946 14.495723 "" "" 335.407013 345.500122 10582.92839 8.4713 2341.2 16.142 12614.0 36.898 "" "" 0.002889138255564149 0.007988962 0.00493664 0.0129256025 81.92439454828 3.97911240473 340.891724 1.2649999999999997 -0.6 0.9
82.15380920435 3.52623452475 0.0328 0.0256 3.0278 "" "" 3236057231025026432 331.587646 2.9506 0.0421 1.363 -0.621 0.039 0.029 1.051 3559.3 4.0477 15.642266 2.449464 16.955105 14.505641 "" "" 327.489838 336.19812 10424.14382 34.334 2256.2 30.458 12500.0 100.22 "" "" 0.004514443560523336 0.01492031 0.009490033 0.024410343 82.15380920435 3.52623452475 331.587646 1.3630000000000007 -0.621 1.0
81.97827829312 3.79298795324 0.0353 0.0262 21.3473 "" "" 3236081111043572608 329.745483 2.9817 0.0434 1.58 -0.752 0.043 0.031 0.985 3472.0 4.0074 15.809164 2.616772 17.250187 14.633415 "" "" 325.641174 335.384003 8938.83695 24.603 1719.3 29.341 11112.0 80.171 "" "" 0.00406472896076186 0.018737711 0.008697448 0.02743516 81.97827829312 3.79298795324 329.745483 1.58 -0.7520000000000002 0.8
81.84871659054 3.92510575068 0.0394 0.0291 32.1182 "" "" 3236271433929944832 336.01651 2.9193 0.045 1.184 -0.772 0.047 0.033 1.034 3471.3 4.0735 16.018951 2.627998 17.464369 14.83637 "" "" 331.179199 341.149628 7368.2851 5.3152 1411.5 10.738 9217.4 19.679 "" "" 0.00286447293160523 0.008718286 0.0044336203 0.013151906 81.84871659054 3.92510575068 336.01651 1.1839999999999995 -0.772 0.8
82.47585320116 3.37472509305 0.0446 0.0322 20.9 "" "" 3235993498005483904 342.650116 2.8937 0.0471 1.905 -0.762 0.058 0.037 0.941 3491.1 4.0731 16.060074 2.576198 17.469439 14.893241 "" "" 336.660858 347.762024 7094.42435 5.0735 1404.9 11.046 8747.1 20.523 "" "" 0.0028626329935666946 0.008980993 0.0045577507 0.013538744 82.47585320116 3.37472509305 342.650116 1.9049999999999998 -0.762 0.8
82.2263785376 3.5288158856 0.0401 0.0302 5.9144 "" "" 3236011601291744384 342.582001 2.8774 0.0453 1.298 -0.885 0.05 0.034 0.944 3502.1 4.3926 16.103786 2.620792 17.54149 14.920698 "" "" 337.958191 347.925842 6814.47166 4.5326 1314.7 11.275 8528.6 15.151 "" "" 0.002848388843612115 0.009720437 0.004243113 0.01396355 82.2263785376 3.5288158856 342.582001 1.2979999999999996 -0.8850000000000001 1.0
81.77908974042 3.61067406391 0.0419 0.0333 23.181 "" "" 3236068848911481088 338.255157 2.9123 0.0474 1.3 -0.529 0.05 0.037 1.062 3521.7 4.3204 16.139864 2.740841 17.67205 14.93121 "" "" 332.201904 343.103027 6591.75476 3.3627 1165.7 7.3938 8446.5 15.613 "" "" 0.0028104388256652902 0.007430369 0.0042791967 0.011709565 81.77908974042 3.61067406391 338.255157 1.3000000000000005 -0.529 1.0
82.44663987517 3.55013534884 0.0567 0.0459 18.7452 "" "" 3236031701738724352 341.510559 2.8879 0.0615 1.642 -0.729 0.068 0.053 1.012 3517.1 4.3218 16.28568 2.809765 17.877254 15.06749 "" "" 334.925598 350.192108 5763.34632 5.2739 964.97 9.9513 7450.1 17.244 "" "" 0.002928974807571126 0.01153912 0.0045386255 0.016077746 82.44663987517 3.55013534884 341.510559 1.642 -0.7289999999999999 0.8
81.8629562297 3.62064047665 0.0473 0.0356 18.8158 "" "" 3236069050775158528 340.621307 2.8909 0.0583 1.131 -0.496 0.055 0.04 1.08 "" "" 16.367558 2.767545 17.922327 15.154782 "" "" 333.290222 348.341034 5344.70769 3.5853 925.73 8.7195 6874.6 14.27 "" "" 0.0028499558247003583 0.010600402 0.0044003413 0.015000744 81.8629562297 3.62064047665 340.621307 1.131 -0.49599999999999994 0.9
81.97599966368 3.63978790078 0.0455 0.0342 13.9454 "" "" 3236074415189399936 344.951111 2.8419 0.0521 1.421 -0.716 0.056 0.042 0.987 3456.1 4.2347 16.382505 2.717713 17.895884 15.17817 "" "" 339.594482 351.441711 5271.62166 4.8829 948.56 9.2755 6728.1 15.479 "" "" 0.0029331165740570917 0.010977393 0.0045302566 0.01550765 81.97599966368 3.63978790078 344.951111 1.421 -0.7159999999999999 0.8
82.36992002093 3.69670703473 0.0603 0.0461 18.958 "" "" 3236085028053618304 339.59906 2.8929 0.0663 1.771 -0.807 0.082 0.056 1.117 3389.1 4.285 16.399132 3.073601 18.197735 15.124134 "" "" 333.333435 347.008392 5191.51756 4.1027 718.33 7.9994 7071.4 11.645 "" "" 0.002885826698764396 0.012408637 0.0041809734 0.016589612 82.36992002093 3.69670703473 339.59906 1.771 -0.807 0.8
