Clusters/ASCC_21/ASCC_21_stars_in_region.tsv
# %ECSV 1.0
# ---
# datatype:
# - name: RA_ICRS_1
#   unit: deg
#   datatype: float64
#   format: '{:15.11f}'
#   description: Right ascension (ICRS) at Ep=2016.0 (ra)
#   meta: !!omap
#   - {ucd: POS_EQ_RA_MAIN}
#   - {width: 15}
#   - {precision: '11'}
# - name: DE_ICRS_1
#   unit: deg
#   datatype: float64
#   format: '{:15.11f}'
#   description: Declination (ICRS) at Ep=2016.0 (dec)
#   meta: !!omap
#   - {ucd: POS_EQ_DEC_MAIN}
#   - {width: 15}
#   - {precision: '11'}
# - name: e_RA_ICRS
#   unit: mas
#   datatype: float64
#   format: '{:7.4f}'
#   description: Standard error of right ascension (ra_error)
#   meta: !!omap
#   - {ucd: ERROR}
#   - {width: 7}
#   - {precision: '4'}
# - name: e_DE_ICRS
#   unit: mas
#   datatype: float64
#   format: '{:7.4f}'
#   description: Standard error of declination (dec_error)
#   meta: !!omap
#   - {ucd: ERROR}
#   - {width: 7}
#   - {precision: '4'}
# - name: _r_1
#   unit: ''
#   datatype: float64
#   format: '{:8.4f}'
#   description: Distance from center (082.14230656000+03.47709487000)[ICRS], at Epoch=J2016.0
#   meta: !!omap
#   - {ucd: POS_ANG_DIST_GENERAL}
#   - {width: 8}
#   - {precision: '4'}
# - name: HIP
#   datatype: int32
#   description: '? HIP cross-id number, van Leeuwen, Cat. I/311 (hip_original_ext_source_id)'
#   meta: !!omap
#   - {ucd: ID_NUMBER}
#   - {width: 6}
#   - values: {'null': -2147483648}
# - name: TYC2
#   datatype: string
#   description: Tycho-2 cross-id name, Hog et al., Cat. I/259 (tyc2_original_ext_source_id)
#   meta: !!omap
#   - {ucd: ID_CROSSID}
#   - {_votable_string_dtype: char}
# - name: Source
#   datatype: int64
#   description: Source identifier, identical to the Gaia-EDR3 source_id (id)
#   meta: !!omap
#   - {ucd: ID_MAIN}
#   - {width: 19}
# - name: rgeo
#   unit: pc
#   datatype: float64
#   format: '{:15.8f}'
#   description: '? Median of the geometric distance posterior (r_med_geo)'
#   meta: !!omap
#   - {ucd: PHYS_DISTANCE_TRUE}
#   - {width: 15}
#   - {precision: '8'}
#   - values: {'null': .nan}
# - name: Plx
#   unit: mas
#   datatype: float64
#   format: '{:9.4f}'
#   description: '? Parallax (parallax)'
#   meta: !!omap
#   - {ucd: POS_PARLX_TRIG}
#   - {width: 9}
#   - {precision: '4'}
#   - values: {'null': .nan}
# - name: e_Plx
#   unit: mas
#   datatype: float32
#   format: '{:7.4f}'
#   description: '? Standard error of parallax (parallax_error)'
#   meta: !!omap
#   - {ucd: ERROR}
#   - {width: 7}
#   - {precision: '4'}
#   - values: {'null': .nan}
# - name: pmRA
#   unit: mas / yr
#   datatype: float64
#   format: '{:9.3f}'
#   description: '? Proper motion in right ascension direction, pmRA*cosDE (pmra)'
#   meta: !!omap
#   - {ucd: POS_EQ_PMRA}
#   - {width: 9}
#   - {precision: '3'}
#   - values: {'null': .nan}
# - name: pmDE
#   unit: mas / yr
#   datatype: float64
#   format: '{:9.3f}'
#   description: '? Proper motion in declination direction (pmdec)'
#   meta: !!omap
#   - {ucd: POS_EQ_PMDEC}
#   - {width: 9}
#   - {precision: '3'}
#   - values: {'null': .nan}
# - name: e_pmRA
#   unit: mas / yr
#   datatype: float32
#   format: '{:6.3f}'
#   description: '? Standard error of proper motion in right ascension direction (pmra_error)'
#   meta: !!omap
#   - {ucd: ERROR}
#   - {width: 6}
#   - {precision: '3'}
#   - values: {'null': .nan}
# - name: e_pmDE
[...]
#         value: !astropy.table.SerializedColumn {name: SkyCoord.dec}
#       distance: !astropy.table.SerializedColumn
#         __class__: astropy.coordinates.distances.Distance
#         unit: !astropy.units.Unit {unit: pc}
#         value: !astropy.table.SerializedColumn {name: SkyCoord.distance}
#       frame: icrs
#       obstime: !astropy.time.Time {format: jyear_str, in_subfmt: '*', jd1: 367701545.0, jd2: 0.0, out_subfmt: '*', precision: 3, scale: tt}
#       pm_dec: !astropy.table.SerializedColumn
#         __class__: astropy.units.quantity.Quantity
#         unit: !astropy.units.Unit {unit: mas / yr}
#         value: !astropy.table.SerializedColumn {name: SkyCoord.pm_dec}
#       pm_ra_cosdec: !astropy.table.SerializedColumn
#         __class__: astropy.units.quantity.Quantity
#         unit: !astropy.units.Unit {unit: mas / yr}
#         value: !astropy.table.SerializedColumn {name: SkyCoord.pm_ra_cosdec}
#       ra: !astropy.table.SerializedColumn
#         __class__: astropy.coordinates.angles.Longitude
#         unit: *id001
#         value: !astropy.table.SerializedColumn {name: SkyCoord.ra}
#         wrap_angle: !astropy.coordinates.Angle
#           unit: *id001
#           value: 360.0
#       representation_type: spherical
# schema: astropy-2.0
RA_ICRS_1 DE_ICRS_1 e_RA_ICRS e_DE_ICRS _r_1 HIP TYC2 Source rgeo Plx e_Plx pmRA pmDE e_pmRA e_pmDE RUWE Teff logg Gmag BP-RP BPmag RPmag RV e_RV b_rgeo B_rgeo FG e_FG FBP e_FBP FRP e_FRP RAVE5 RAVE6 e_Gmag e_BPmag e_RPmag e_BP-RP SkyCoord.ra SkyCoord.dec SkyCoord.distance SkyCoord.pm_ra_cosdec SkyCoord.pm_dec rmRA rmDE e_rmRA e_rmDE rRV e_rRV v_pec v_pec3d e_vpec e_vpec3d
[from data line 2003]
81.47148739051 3.7800571803 0.059 0.0475 44.09 "" "" 3236265004363213568 330.946686 2.991 0.0702 26.316 -47.746 0.068 0.054 0.981 "" "" 16.969223 2.441424 18.284336 15.842912 "" "" 323.580109 338.969604 3070.84012 2.1354 663.26 8.0773 3647.5 9.5271 "" "" 0.002856888652182133 0.013513475 0.004725041 0.018238515 81.47148739051 3.7800571803 330.946686 26.316 -47.746 24.924543515205382 -47.06660867547989 0.2733944 0.25939438 "" "" 83.54638423397576 "" 21.932967665971663 ""
81.45746862575 3.04622059242 0.0678 0.0509 48.4901 "" "" 3235922785663970304 330.612091 2.9793 0.0754 1.129 -0.096 0.092 0.063 1.034 3459.7 4.2558 16.969992 3.262801 18.915777 15.652976 "" "" 322.847412 339.346954 3068.67027 4.9946 370.77 6.1112 4344.8 17.419 "" "" 0.003273320661346252 0.018111805 0.005764667 0.023876471 81.45746862575 3.04622059242 330.612091 1.1289999999999998 -0.096 -0.2624564847946167 0.5833913245201111 0.2973944 0.26839438 "" "" 1.0024903306824116 "" 0.27417221467402336 ""
83.07100347915 3.10739601863 0.0687 0.0586 59.8891 "" "" 3223981638414963584 363.814056 2.7045 0.0788 -6.472 -11.982 0.088 0.066 1.022 3712.4 4.5427 16.972408 2.265186 18.166931 15.901745 "" "" 352.860596 375.123871 3061.84466 2.2423 739.0 7.3112 3455.1 8.671 "" "" 0.0028677537569386765 0.011098054 0.004659206 0.01575726 83.07100347915 3.10739601863 363.814056 -6.472 -11.982 -7.863456484794617 -11.302608675479888 0.2933944 0.27139437 "" "" 23.74419275474876 "" 6.618948043933931 ""
83.45529008989 2.72249044933 0.0625 0.0506 90.7625 "" "" 3223722261044867328 369.301605 2.6836 0.0791 8.884 -18.628 0.079 0.057 1.013 3726.9 4.7183 16.972498 2.176306 18.087503 15.911198 "" "" 357.870544 380.627777 3061.59202 1.9126 795.09 10.622 3425.1 9.0738 "" "" 0.0028375758190527186 0.014770807 0.0047494275 0.019520234 83.45529008989 2.72249044933 369.301605 8.884000000000013 -18.628000000000004 7.492543515205384 -17.94860867547989 0.28439438 0.2623944 "" "" 34.04649464587748 "" 9.048682777215376 ""
82.45082661238 5.34685029942 0.0586 0.0473 113.6932 "" "" 3236911315336676736 311.676636 3.1817 0.0811 -13.272 -17.648 0.074 0.057 1.002 3718.2 4.7704 16.97379 2.210411 18.11814 15.907728 "" "" 304.670105 321.544037 3057.95213 1.9765 772.97 8.1247 3436.1 12.854 "" "" 0.002843283423295402 0.011748324 0.005547999 0.017296324 82.45082661238 5.34685029942 311.676636 -13.272000000000018 -17.648000000000003 -14.663456484794617 -16.96860867547989 0.2793944 0.2623944 "" "" 33.131818264298985 "" 8.938739210248771 ""
81.4435114247 5.29219172237 0.0693 0.0513 116.6533 "" "" 3237604931079149312 371.658173 2.6427 0.0777 7.946 -33.4 0.079 0.057 1.067 3593.5 4.5304 16.97541 2.281853 18.173714 15.891861 "" "" 362.920624 381.394562 3053.39288 2.0084 734.4 9.4194 3486.7 10.473 "" "" 0.0028463670258420796 0.014202401 0.0049919253 0.019194327 81.4435114247 5.29219172237 371.658173 7.946 -33.4 6.554543515205383 -32.72060867547989 0.28439438 0.2623944 "" "" 58.78773037535112 "" 15.47747142811307 ""
83.91050671943 3.58425752797 0.0675 0.0511 106.0856 "" "" 3224352139472671744 389.952881 2.5376 0.076 12.021 -16.016 0.078 0.059 1.007 "" "" 16.97556 2.27389 18.173758 15.899868 "" "" 379.041534 401.934357 3052.97569 2.7049 734.37 8.7524 3461.1 11.551 "" "" 0.0029184132482165514 0.0132374605 0.005235797 0.018473256 83.91050671943 3.58425752797 389.952881 12.021000000000004 -16.016 10.629543515205384 -15.336608675479887 0.2833944 0.2643944 "" "" 34.49086495710918 "" 9.336881136885747 ""
82.50952482715 3.66335871373 0.0716 0.0611 24.6673 "" "" 3236037233656734336 337.807129 2.8982 0.0848 1.174 0.075 0.092 0.068 1.051 3425.0 4.4317 16.975958 3.232112 18.901201 15.669089 "" "" 327.515137 349.171539 3051.85194 4.1855 375.78 6.9588 4280.8 19.062 "" "" 0.0031319400007611096 0.020298645 0.006136601 0.026435245 82.50952482715 3.66335871373 337.807129 1.174 0.075 -0.21745648479461677 0.754391324520111 0.2973944 0.2733944 "" "" 1.2571184788384346 "" 0.34609690797652465 ""
82.39049496378 2.19294557905 0.2185 0.1989 78.4713 "" "" 3223749920633039744 276.369385 3.6129 0.2279 2.069 -6.347 0.27 0.219 2.617 "" "" 16.976244 2.552873 17.678013 15.12514 "" "" 259.134705 297.631256 3051.04774 6.6515 1159.3 11.7 7064.8 18.991 "" "" 0.0036324085221211824 0.011307228 0.0047751293 0.016082358 82.39049496378 2.19294557905 276.369385 2.0689999999999973 -6.3469999999999995 0.6775435152053833 -5.667608675479889 0.4753944 0.42439437 "" "" 7.4773808443943715 "" 3.1790492603996494 ""
81.39197461486 1.61781396682 0.0601 0.0481 120.2811 "" "" 3222211046735708416 309.622589 3.2071 0.0764 0.715 -0.44 0.071 0.055 1.005 "" "" 16.982616 2.963218 18.686226 15.723008 "" "" 302.520111 316.733459 3033.19311 2.5661 458.06 7.5762 4073.4 10.934 "" "" 0.0029043939104161187 0.018173277 0.0047725616 0.02294584 81.39197461486 1.61781396682 309.622589 0.715 -0.44 -0.6764564847946167 0.23939132452011108 0.2763944 0.2603944 "" "" 1.0531084380901694 "" 0.2892464552116081 ""
83.71865277615 3.96617221709 0.4438 0.3635 98.8377 "" "" 3224428761690080512 342.212799 3.284 0.5639 3.229 -12.98 0.526 0.407 7.272 "" "" 16.983505 2.463214 18.133585 15.670371 "" "" 287.245392 434.519135 3030.71067 23.786 762.05 14.588 4275.7 11.22 "" "" 0.008955601244272833 0.020970803 0.004732989 0.025703792 83.71865277615 3.96617221709 342.212799 3.229 -12.979999999999999 1.8375435152053834 -12.30060867547989 0.7313944 0.6123944 "" "" 20.174084411856647 "" 12.411860291921995 ""
83.17818210038 3.87298528379 0.0689 0.0556 66.4174 "" "" 3236411479926850688 385.329926 2.5792 0.0853 29.944 -8.71 0.079 0.06 1.054 3638.8 4.7686 16.984074 2.242103 18.106676 15.864574 "" "" 371.868439 398.85614 3029.12425 2.0103 781.17 12.995 3575.4 19.534 "" "" 0.0028479801884122866 0.018275794 0.0070335404 0.025309334 83.17818210038 3.87298528379 385.329926 29.944000000000006 -8.71 28.552543515205382 -8.03060867547989 0.28439438 0.2653944 "" "" 54.17362029623865 "" 15.33356597061232 ""
80.54945898645 2.27583409377 0.0618 0.0423 119.605 "" "" 3234365361802884480 284.095337 3.4928 0.074 12.287 -2.454 0.078 0.053 0.973 3478.3 4.5787 16.985285 2.506515 18.349392 15.842876 "" "" 277.716278 289.368073 3025.74834 1.9708 624.68 7.1915 3647.6 12.3 "" "" 0.002844626929061106 0.012806947 0.0052619423 0.01806889 80.54945898645 2.27583409377 284.095337 12.287 -2.454000000000001 10.895543515205384 -1.774608675479889 0.2833944 0.2583944 "" "" 14.865406307258759 "" 4.203582409312634 ""
83.91055794414 3.66544360909 0.0635 0.051 106.4903 "" "" 3224356022123178368 307.368652 3.2056 0.077 15.952 -25.581 0.083 0.06 0.976 3584.2 4.779 16.986887 2.44814 18.309341 15.861201 "" "" 300.917206 314.558563 3021.28791 2.0723 648.16 5.299 3586.6 11.339 "" "" 0.00285418574597676 0.009304579 0.0051054955 0.014410075 83.91055794414 3.66544360909 307.368652 15.952 -25.58099999999999 14.560543515205383 -24.90160867547989 0.2883944 0.2653944 "" "" 42.02672571861459 "" 11.407717902724832 ""
80.2171246811 3.33142040877 0.06 0.0455 115.6378 "" "" 3234690473647631232 333.306641 2.9608 0.076 -0.693 -9.81 0.071 0.055 1.014 3617.9 4.5064 16.986979 2.369658 18.249975 15.880318 "" "" 326.10025 340.512726 3021.03219 1.87 684.58 5.5124 3524.0 8.2787 "" "" 0.0028360993033942645 0.009177047 0.0045595537 0.0137366 80.2171246811 3.33142040877 333.306641 -0.6929999999999998 -9.81 -2.0844564847946168 -9.13060867547989 0.2763944 0.2603944 "" "" 14.796337396997343 "" 3.8649519540935993 ""
82.40490705192 2.75983241338 0.0582 0.046 45.8213 "" "" 3223855164512468096 347.262909 2.8345 0.0763 1.559 -0.161 0.07 0.056 0.999 "" "" 16.987259 2.908978 18.649544 15.740565 "" "" 338.626801 355.104034 3020.25074 2.2698 473.8 8.5634 4008.0 10.876 "" "" 0.0028736005578479692 0.019820824 0.0047920733 0.024612898 82.40490705192 2.75983241338 347.262909 1.559 -0.16100000000000003 0.16754351520538324 0.518391324520111 0.27539438 0.26139438 "" "" 0.8967450288584443 "" 0.23562012984437694 ""
81.94519053786 3.28044037515 0.062 0.0518 16.6917 "" "" 3236000468737076352 335.026794 2.9416 0.0799 1.727 -0.441 0.077 0.062 1.004 3435.1 4.2473 16.987778 2.986679 18.69832 15.711641 "" "" 326.567169 344.203735 3018.81004 2.7768 452.99 10.596 4116.3 19.108 "" "" 0.0029307306518632477 0.025549531 0.0062996475 0.03184918 81.94519053786 3.28044037515 335.026794 1.7269999999999999 -0.44100000000000006 0.3355435152053834 0.23839132452011108 0.28239438 0.2673944 "" "" 0.6536421661612036 "" 0.18135508945776424 ""
81.62335207142 2.83154113383 0.0626 0.0473 49.6674 "" "" 3235866160815002496 334.399261 2.9597 0.0683 5.319 0.38 0.082 0.056 0.943 3651.3 4.7641 16.98942 2.335862 18.2208 15.884938 "" "" 326.623474 341.458923 3014.2473 2.0558 703.23 10.421 3509.0 13.65 "" "" 0.002853091783866696 0.016329408 0.005667607 0.021997014 81.62335207142 2.83154113383 334.399261 5.318999999999999 0.38000000000000006 3.9275435152053833 1.059391324520111 0.2873944 0.26139438 "" "" 6.447854074243807 "" 1.8421895529471786 ""
81.71621763967 1.49332659262 0.0633 0.0519 121.7354 "" "" 3222198780310360320 337.12262 2.95 0.0764 1.68 -0.183 0.077 0.062 0.959 3417.4 4.2213 16.989786 3.148308 18.850344 15.702036 "" "" 329.001526 345.300201 3013.2276 2.7008 393.8 7.2461 4152.8 12.627 "" "" 0.002922128005723505 0.02017194 0.00501819 0.02519013 81.71621763967 1.49332659262 337.12262 1.6799999999999995 -0.18299999999999997 0.28854351520538324 0.4963913245201111 0.28239438 0.2673944 "" "" 0.917488198773315 "" 0.24887876528299216 ""
81.5465660141 3.8227683441 0.0683 0.0564 41.2631 "" "" 3236266864084786944 354.925201 2.7736 0.077 1.36 -0.365 0.079 0.064 0.977 "" "" 16.990128 3.41229 19.05352 15.641231 "" "" 346.305725 364.444641 3012.28155 3.5819 326.59 9.774 4392.0 16.841 "" "" 0.0030427935847568413 0.03261287 0.005622825 0.038235698 81.5465660141 3.8227683441 354.925201 1.3599999999999988 -0.36499999999999994 -0.0314564847946166 0.3143913245201111 0.28439438 0.2693944 "" "" 0.5315557162494655 "" 0.14327933937715953 ""
80.15215914788 3.81860839001 0.0611 0.0449 120.9156 "" "" 3236970482806507264 342.089844 2.8822 0.0715 3.772 3.291 0.07 0.051 0.989 3691.6 4.773 16.99334 2.280623 18.192846 15.912223 "" "" 334.04657 352.631989 3003.38209 1.7272 721.57 6.2623 3421.9 7.4909 "" "" 0.0028251819408059912 0.009827212 0.0044646235 0.014291836 80.15215914788 3.81860839001 342.089844 3.772 3.291 2.380543515205383 3.970391324520111 0.27539438 0.2563944 "" "" 7.506537993791131 "" 1.9633561091947367 ""
81.78818754676 2.56149792802 0.0631 0.0502 58.8908 "" "" 3223835682540901888 353.325897 2.7984 0.0748 1.192 0.152 0.077 0.06 0.984 3487.1 4.3115 16.994648 2.855171 18.622566 15.767395 "" "" 344.974365 361.82785 2999.76769 2.726 485.73 8.5209 3910.2 11.327 "" "" 0.002926647399226869 0.019249769 0.0049168733 0.024166642 81.78818754676 2.56149792802 353.325897 1.192 0.152 -0.19945648479461675 0.8313913245201111 0.28239438 0.2653944 "" "" 1.4318939163074869 "" 0.3813813647836604 ""
80.68710078063 4.00967214015 0.0616 0.0427 92.8008 "" "" 3236249615495507328 398.173615 2.4816 0.076 -3.296 -6.843 0.081 0.057 1.01 3721.0 4.6606 16.995146 2.249027 18.171455 15.922428 "" "" 388.445312 410.993866 2998.39309 1.6533 735.93 7.6185 3389.9 6.498 "" "" 0.0028196090213907063 0.011580907 0.004314532 0.01589544 80.68710078063 4.00967214015 398.173615 -3.296000000000003 -6.843 -4.687456484794616 -6.163608675479889 0.2863944 0.2623944 "" "" 14.61470435726057 "" 3.966946024171263 ""
82.84230341098 4.72565564518 0.0607 0.0488 85.8309 "" "" 3236725738390062976 363.472809 2.729 0.0724 -4.547 -20.507 0.082 0.055 0.944 3711.9 4.6755 16.996525 2.09071 18.05706 15.966351 "" "" 354.000519 372.89444 2994.58387 2.0513 817.7 9.5597 3255.5 9.3617 "" "" 0.0028539320437738812 0.012996342 0.004902233 0.017898574 82.84230341098 4.72565564518 363.472809 -4.546999999999994 -20.507 -5.938456484794616 -19.82760867547989 0.2873944 0.2603944 "" "" 35.659451691882126 "" 9.368516325820876 ""
81.75241308458 1.82396833241 0.0736 0.0609 101.903 "" "" 3222244379978189824 375.321289 2.6283 0.0931 -0.149 1.446 0.098 0.077 1.005 "" "" 16.997362 "" "" "" "" "" 362.172363 388.237946 2992.27921 4.3297 "" "" "" "" "" "" 0.0031717304163542065 "" "" "" 81.75241308458 1.82396833241 375.321289 -0.14899999999999988 1.4459999999999982 -1.5404564847946167 2.125391324520111 0.30339438 0.28239438 "" "" 4.669823131075417 "" 1.353308165829041 ""
81.94993861229 3.96934309317 0.0779 0.0558 31.7012 "" "" 3236294759895484032 343.94342 2.8951 0.083 1.543 -0.734 0.1 0.067 1.114 3273.7 4.4358 16.998993 3.422853 19.078642 15.655788 "" "" 331.276886 355.279266 2987.78621 2.8384 319.12 9.7469 4333.5 9.9719 "" "" 0.002942053615729678 0.033278875 0.0045305374 0.037809413 81.94993861229 3.96934309317 343.94342 1.5430000000000004 -0.734 0.15154351520538323 -0.0546086754798889 0.30539438 0.2723944 "" "" 0.26261134212056747 "" 0.07925225130553742 ""
