Clusters/ASCC_21/ASCC_21_stars_in_region.tsv
# %ECSV 1.0
# ---
# datatype:
# - name: RA_ICRS_1
#   unit: deg
#   datatype: float64
#   format: '{:15.11f}'
#   description: Right ascension (ICRS) at Ep=2016.0 (ra)
#   meta: !!omap
#   - {ucd: POS_EQ_RA_MAIN}
#   - {width: 15}
#   - {precision: '11'}
# - name: DE_ICRS_1
#   unit: deg
#   datatype: float64
#   format: '{:15.11f}'
#   description: Declination (ICRS) at Ep=2016.0 (dec)
#   meta: !!omap
#   - {ucd: POS_EQ_DEC_MAIN}
#   - {width: 15}
#   - {precision: '11'}
# - name: e_RA_ICRS
#   unit: mas
#   datatype: float64
#   format: '{:7.4f}'
#   description: Standard error of right ascension (ra_error)
#   meta: !!omap
#   - {ucd: ERROR}
#   - {width: 7}
#   - {precision: '4'}
# - name: e_DE_ICRS
#   unit: mas
#   datatype: float64
#   format: '{:7.4f}'
#   description: Standard error of declination (dec_error)
#   meta: !!omap
#   - {ucd: ERROR}
#   - {width: 7}
#   - {precision: '4'}
# - name: _r_1
#   unit: ''
#   datatype: float64
#   format: '{:8.4f}'
#   description: Distance from center (082.14230656000+03.47709487000)[ICRS], at Epoch=J2016.0
#   meta: !!omap
#   - {ucd: POS_ANG_DIST_GENERAL}
#   - {width: 8}
#   - {precision: '4'}
# - name: HIP
#   datatype: int32
#   description: '? HIP cross-id number, van Leeuwen, Cat. I/311 (hip_original_ext_source_id)'
#   meta: !!omap
#   - {ucd: ID_NUMBER}
#   - {width: 6}
#   - values: {'null': -2147483648}
# - name: TYC2
#   datatype: string
#   description: Tycho-2 cross-id name, Hog et al., Cat. I/259 (tyc2_original_ext_source_id)
#   meta: !!omap
#   - {ucd: ID_CROSSID}
#   - {_votable_string_dtype: char}
# - name: Source
#   datatype: int64
#   description: Source identifier, identical to the Gaia-EDR3 source_id (id)
#   meta: !!omap
#   - {ucd: ID_MAIN}
#   - {width: 19}
# - name: rgeo
#   unit: pc
#   datatype: float64
#   format: '{:15.8f}'
#   description: '? Median of the geometric distance posterior (r_med_geo)'
#   meta: !!omap
#   - {ucd: PHYS_DISTANCE_TRUE}
#   - {width: 15}
#   - {precision: '8'}
#   - values: {'null': .nan}
# - name: Plx
#   unit: mas
#   datatype: float64
#   format: '{:9.4f}'
#   description: '? Parallax (parallax)'
#   meta: !!omap
#   - {ucd: POS_PARLX_TRIG}
#   - {width: 9}
#   - {precision: '4'}
#   - values: {'null': .nan}
# - name: e_Plx
#   unit: mas
#   datatype: float32
#   format: '{:7.4f}'
#   description: '? Standard error of parallax (parallax_error)'
#   meta: !!omap
#   - {ucd: ERROR}
#   - {width: 7}
#   - {precision: '4'}
#   - values: {'null': .nan}
# - name: pmRA
#   unit: mas / yr
#   datatype: float64
#   format: '{:9.3f}'
#   description: '? Proper motion in right ascension direction, pmRA*cosDE (pmra)'
#   meta: !!omap
#   - {ucd: POS_EQ_PMRA}
#   - {width: 9}
#   - {precision: '3'}
#   - values: {'null': .nan}
# - name: pmDE
#   unit: mas / yr
#   datatype: float64
#   format: '{:9.3f}'
#   description: '? Proper motion in declination direction (pmdec)'
#   meta: !!omap
#   - {ucd: POS_EQ_PMDEC}
#   - {width: 9}
#   - {precision: '3'}
#   - values: {'null': .nan}
# - name: e_pmRA
#   unit: mas / yr
#   datatype: float32
#   format: '{:6.3f}'
#   description: '? Standard error of proper motion in right ascension direction (pmra_error)'
#   meta: !!omap
#   - {ucd: ERROR}
#   - {width: 6}
#   - {precision: '3'}
#   - values: {'null': .nan}
# - name: e_pmDE
[...]
#         value: !astropy.table.SerializedColumn {name: SkyCoord.dec}
#       distance: !astropy.table.SerializedColumn
#         __class__: astropy.coordinates.distances.Distance
#         unit: !astropy.units.Unit {unit: pc}
#         value: !astropy.table.SerializedColumn {name: SkyCoord.distance}
#       frame: icrs
#       obstime: !astropy.time.Time {format: jyear_str, in_subfmt: '*', jd1: 367701545.0, jd2: 0.0, out_subfmt: '*', precision: 3, scale: tt}
#       pm_dec: !astropy.table.SerializedColumn
#         __class__: astropy.units.quantity.Quantity
#         unit: !astropy.units.Unit {unit: mas / yr}
#         value: !astropy.table.SerializedColumn {name: SkyCoord.pm_dec}
#       pm_ra_cosdec: !astropy.table.SerializedColumn
#         __class__: astropy.units.quantity.Quantity
#         unit: !astropy.units.Unit {unit: mas / yr}
#         value: !astropy.table.SerializedColumn {name: SkyCoord.pm_ra_cosdec}
#       ra: !astropy.table.SerializedColumn
#         __class__: astropy.coordinates.angles.Longitude
#         unit: *id001
#         value: !astropy.table.SerializedColumn {name: SkyCoord.ra}
#         wrap_angle: !astropy.coordinates.Angle
#           unit: *id001
#           value: 360.0
#       representation_type: spherical
# schema: astropy-2.0
RA_ICRS_1 DE_ICRS_1 e_RA_ICRS e_DE_ICRS _r_1 HIP TYC2 Source rgeo Plx e_Plx pmRA pmDE e_pmRA e_pmDE RUWE Teff logg Gmag BP-RP BPmag RPmag RV e_RV b_rgeo B_rgeo FG e_FG FBP e_FBP FRP e_FRP RAVE5 RAVE6 e_Gmag e_BPmag e_RPmag e_BP-RP SkyCoord.ra SkyCoord.dec SkyCoord.distance SkyCoord.pm_ra_cosdec SkyCoord.pm_dec rmRA rmDE e_rmRA e_rmDE rRV e_rRV v_pec v_pec3d e_vpec e_vpec3d
[from data line 430]
81.40183788423 3.62518593363 0.0111 0.0086 45.2243 "" "" 3236168590936352000 368.614075 2.6963 0.0137 27.849 -16.048 0.013 0.01 1.035 5380.4 4.356 12.546265 0.976593 12.956205 11.979612 91.3 0.74 366.640686 370.358765 180484.86402 34.777 89729.0 51.467 128030.0 41.951 "" "" 0.0027632511394579825 0.0028588246 0.0037960887 0.0066549135 81.40183788423 3.62518593363 368.614075 27.84899999999997 -16.048 26.457543515205383 -15.368608675479887 0.21839438 0.2153944 75.76914285714285 6.502 53.460570186445615 92.73076929458743 11.635233992448084 8.556890031901029
82.78243575707 4.65876776663 0.0232 0.0179 80.5887 "" "" 3236724845036896000 393.993835 2.5171 0.0266 2.645 -6.306 0.028 0.02 2.161 5755.4 4.3726 12.54646 0.815798 12.873254 12.057456 19.01 1.36 389.575592 398.147003 180452.46003 38.412 96854.0 39.452 119170.0 53.183 "" "" 0.0027649961324501247 0.0028250027 0.0038103159 0.0066353185 82.78243575707 4.65876776663 393.993835 2.645000000000004 -6.306 1.2535435152053833 -5.626608675479889 0.23339438 0.22539438 3.4791428571428575 7.122 10.765484237085074 11.313712294350399 2.4306210105268327 3.185260339393683
83.56217500642 2.51257309816 0.018 0.0142 102.8922 "" "" 3223702499899469440 400.126068 2.4733 0.0208 0.885 -13.019 0.021 0.016 1.563 "" "" 12.558255 0.788839 12.871563 12.082724 0.45 1.14 396.790131 403.389465 178502.5961 43.67 97004.0 55.262 116430.0 35.972 "" "" 0.0027680939462066435 0.0028579063 0.0037942394 0.0066521456 83.56217500642 2.51257309816 400.126068 0.8849999999999998 -13.019 -0.5064564847946167 -12.339608675479889 0.22639439 0.22139439 -15.080857142857145 6.902 23.422975320931208 27.857997506070276 5.18591450305117 5.742199480309753
82.26047006929 1.90371751143 0.0276 0.0217 94.6679 "" "" 3223734871068740352 334.471466 2.9656 0.0362 -21.451 -2.419 0.034 0.026 2.492 5587.6 4.4365 12.564026 0.82419 12.89332 12.06913 -25.06 1.49 331.087402 338.142853 177556.45783 44.351 95080.0 52.079 117900.0 48.219 "" "" 0.002768634929518846 0.0028528436 0.0038053785 0.006658222 82.26047006929 1.90371751143 334.471466 -21.45099999999998 -2.419 -22.842456484794617 -1.739608675479889 0.2393944 0.23139438 -40.590857142857146 7.252 36.31917769501036 54.46742468699594 8.692960010890731 7.925107803350195
80.68001965257 4.6238506515 0.0119 0.0084 111.3253 "" "" 3237129327877171584 372.829346 2.6539 0.0145 -3.528 -34.976 0.013 0.01 1.052 5599.3 4.3627 12.567565 0.839246 12.905228 12.065982 -31.09 0.98 370.731934 374.668365 176978.54853 26.807 94043.0 36.68 118240.0 39.072 "" "" 0.002760223803793026 0.002822123 0.003796373 0.006618496 80.68001965257 4.6238506515 372.829346 -3.527999999999999 -34.97600000000004 -4.919456484794617 -34.29660867547989 0.21839438 0.2153944 -46.62085714285715 6.742 61.22968025674472 76.95828782579488 13.192258181149255 11.262689949185605
82.62769252606 5.29391661025 0.0126 0.0099 112.8103 "" "" 3236898907176049024 290.566132 3.4212 0.0154 -5.052 -7.407 0.017 0.012 0.987 5072.3 4.3775 12.56762 1.092176 13.035304 11.943128 9.78 2.89 289.113403 292.009155 176969.62254 69.815 83425.0 101.02 132410.0 115.35 "" "" 0.0027884139737209307 0.0030844049 0.0038959407 0.0069803456 82.62769252606 5.29391661025 290.566132 -5.052 -7.407 -6.443456484794616 -6.727608675479889 0.22239439 0.21739438 -5.750857142857145 8.652 12.830107019749361 14.06001436755215 2.8200672536170903 4.37559304642806
82.17427853205 2.40927642962 0.013 0.0106 64.0977 "" "" 3223815990114617728 299.173218 3.3133 0.0156 20.57 -17.217 0.015 0.012 1.015 5362.2 4.4615 12.575319 0.954722 12.973748 12.019026 71.3 0.88 297.686584 300.801239 175719.05082 39.883 88291.0 50.257 123470.0 55.096 "" "" 0.0027663183223133013 0.0028577964 0.003810309 0.0066681057 82.17427853205 2.40927642962 299.173218 20.570000000000014 -17.217000000000002 19.178543515205384 -16.537608675479888 0.22039439 0.21739438 55.76914285714285 6.642 35.91159815895728 66.33129108762192 7.868950434714013 7.023872369970484
81.03912207801 4.89936775054 0.0137 0.0103 107.8886 "" "" 3237164404873651840 400.587372 2.4735 0.0162 0.705 -7.295 0.018 0.012 1.03 5921.9 4.2841 12.579092 0.856073 12.92518 12.069106 7.29 1.56 397.963837 403.232849 175109.57342 34.44 92330.0 32.075 117900.0 40.403 "" "" 0.002763582526938248 0.0028155483 0.0037976522 0.0066132005 81.03912207801 4.89936775054 400.587372 0.7050000000000006 -7.295 -0.6864564847946167 -6.615608675479889 0.2233944 0.21739438 -8.240857142857145 7.322 12.62905595027727 15.07994630773642 2.746303985096608 4.615223951638113
82.41782277795 2.27338513154 0.0133 0.0108 74.0856 "" "" 3223785963999623040 328.325714 3.0175 0.0149 11.186 -7.456 0.017 0.012 0.987 5546.8 4.4375 12.579789 0.898747 12.94898 12.050233 5.81 1.18 326.783356 329.669586 174997.26268 36.38 90328.0 48.32 119970.0 41.254 "" "" 0.0027645497943740664 0.002849979 0.003797778 0.0066477573 82.41782277795 2.27338513154 328.325714 11.186 -7.456000000000005 9.794543515205383 -6.776608675479889 0.22239439 0.21739438 -9.720857142857145 6.942 18.53558684087703 20.929955640840006 4.092437924839142 4.850847384175372
83.44632773957 4.15653440112 0.0122 0.0099 88.0704 "" "" 3236448214782810496 315.866058 3.1453 0.0149 43.677 -13.002 0.016 0.012 1.069 5520.7 4.4403 12.589953 0.867954 12.941499 12.073545 -44.08 1.18 314.393127 317.319489 173366.63492 33.608 90953.0 40.181 117420.0 52.603 "" "" 0.0027633474849981907 0.002831098 0.0038105526 0.0066416506 83.44632773957 4.15653440112 315.866058 43.67699999999999 -13.002 42.28554351520538 -12.32260867547989 0.22139439 0.21739438 -59.61085714285714 6.942 65.94358090822651 88.89325144411097 14.579064054590406 11.7745100784959
81.05575405574 2.59715325051 0.0115 0.0089 83.8189 "" "" 3234403398033312256 384.70929 2.5705 0.0137 -0.889 -8.313 0.014 0.011 1.015 5757.4 4.3649 12.598531 0.807292 12.922255 12.114963 -11.93 1.72 382.55658 387.005005 172002.44686 62.366 92580.0 94.561 113020.0 72.392 "" "" 0.0027833018545568794 0.0030024755 0.0038428328 0.0068453085 81.05575405574 2.59715325051 384.70929 -0.8890000000000009 -8.313 -2.280456484794617 -7.6336086754798895 0.21939439 0.2163944 -27.460857142857144 7.4820004 14.527928430339461 31.067014331883804 3.147355911545139 6.7753065321234915
82.51033700565 5.15813135241 0.0117 0.0093 103.2375 "" "" 3236802493749474304 282.281555 3.5183 0.0148 25.273 -8.818 0.014 0.011 1.032 5526.6 4.4941 12.605805 0.92459 12.985978 12.061388 25.7 1.36 280.840881 283.548584 170853.77013 42.471 87302.0 51.146 118740.0 48.298 "" "" 0.0027685071499085868 0.0028617557 0.0038050967 0.006666852 82.51033700565 5.15813135241 282.281555 25.273 -8.818 23.881543515205383 -8.138608675479889 0.21939439 0.2163944 10.169142857142855 7.122 33.75843036991211 35.2568161848058 7.395936702451669 7.373535448800114
82.00500182203 2.06112664301 0.0116 0.0094 85.3556 "" "" 3223755315113080704 389.114929 2.5447 0.0141 -5.878 -21.809 0.014 0.01 1.087 5537.3 4.346 12.608316 0.869679 12.960872 12.091193 89.28 1.37 387.217529 391.442169 170459.07696 39.32 89345.0 47.883 115530.0 55.679 "" "" 0.0027666791719189172 0.0028501994 0.0038154335 0.006665633 82.00500182203 2.06112664301 389.114929 -5.878000000000002 -21.808999999999997 -7.269456484794617 -21.12960867547989 0.21939439 0.2153944 73.74914285714286 7.132 41.21348590599541 84.48365222152123 8.894745961015614 7.588709102885599
83.44766758622 4.12924215357 0.0129 0.0104 87.3973 "" "" 3236444843233324032 313.161163 3.1673 0.0154 6.591 -30.427 0.017 0.012 1.061 5403.6 4.46 12.619052 0.93218 13.005632 12.073452 42.18 1.13 311.688751 314.885468 168781.94093 33.219 85736.0 45.39 117430.0 42.633 "" "" 0.002763594211364413 0.002848763 0.0037998818 0.006648645 83.44766758622 4.12924215357 313.161163 6.591 -30.427000000000003 5.1995435152053835 -29.74760867547989 0.22239439 0.21739438 26.649142857142856 6.892 44.82631682770852 52.149549330349075 9.751708003984161 9.09212748450014
82.4379984253 2.26102011546 0.0248 0.0198 75.0851 "" "" 3223785787905968000 363.014008 2.7378 0.0275 1.988 -0.25 0.032 0.023 2.042 "" "" 12.627467 1.351348 13.225031 11.873683 "" "" 358.894623 366.706421 167478.78939 221.9 70049.0 341.79 141150.0 548.09 "" "" 0.00310824471972624 0.0059874826 0.005661974 0.011649457 82.4379984253 2.26102011546 363.014008 1.988 -0.25 0.5965435152053833 0.4293913245201111 0.23739439 0.22839439 "" "" 1.2647233188057123 "" 0.2964026649641453 ""
83.24198790098 2.60065832693 0.0122 0.0105 84.2998 "" "" 3223695426089268864 308.983521 3.2149 0.0146 8.135 -23.493 0.014 0.012 1.08 5464.9 4.4938 12.627508 0.918748 13.006725 12.087977 8.66 1.59 307.630127 310.36618 167472.41852 45.009 85650.0 69.86 115870.0 57.871 "" "" 0.002770728191573447 0.0029273352 0.003818086 0.0067454213 83.24198790098 2.60065832693 308.983521 8.135 -23.493 6.743543515205383 -22.813608675479887 0.21939439 0.21739438 -6.870857142857144 7.352 34.841541874381996 35.51255718843498 7.579978468979703 7.571568164423703
82.64571204025 2.31524839824 0.0116 0.0093 75.9575 "" "" 3223775552998864768 346.90387 2.8609 0.0153 1.633 -0.509 0.015 0.012 1.018 5009.9 4.2188 12.629951 1.148255 13.120862 11.972607 23.73 2.58 344.970703 348.610809 167096.19088 249.46 77103.0 422.53 128860.0 537.95 "" "" 0.0031967383278497102 0.0065716445 0.0059015467 0.012473191 82.64571204025 2.31524839824 346.90387 1.6329999999999998 -0.509 0.2415435152053833 0.17039132452011108 0.22039439 0.21739438 8.199142857142856 8.342 0.4860542468339179 8.21353713832853 0.10664132494995157 8.327382985599801
83.97309008421 3.10937536604 0.0111 0.0093 111.8628 "" "" 3224116092366091776 343.813263 2.8803 0.013 -12.727 12.521 0.013 0.01 1.009 5720.8 4.4373 12.637536 0.81972 12.966347 12.146626 56.47 1.36 342.120056 345.08609 165932.90484 36.013 88895.0 47.334 109780.0 36.155 "" "" 0.002765378119635371 0.002849434 0.0037962599 0.006645694 83.97309008421 3.10937536604 343.813263 -12.727 12.521 -14.118456484794617 13.200391324520112 0.21839438 0.2153944 40.939142857142855 7.122 31.498758880403827 51.65447927221191 6.835238609811826 7.016735983747097
82.94455287819 1.70666709415 0.0111 0.0094 116.6016 "" "" 3223485659886708096 340.678284 2.9105 0.0136 1.6 -0.457 0.012 0.01 0.941 4986.4 4.2251 12.639868 1.108902 13.110245 12.001343 23.29 4.2 339.248016 342.164978 165576.91471 258.37 77861.0 422.52 125490.0 517.93 "" "" 0.0032345213209808844 0.00651912 0.005862093 0.012381213 82.94455287819 1.70666709415 340.678284 1.6000000000000003 -0.45700000000000013 0.2085435152053834 0.22239132452011107 0.21739438 0.2153944 7.759142857142855 9.962 0.4923155074037156 7.774745811689355 0.10650383803413545 9.942009677253289
83.40812588467 4.02682909128 0.016 0.0132 82.6527 "" "" 3236437185306819712 340.5784 2.9138 0.0151 -4.626 -5.519 0.021 0.016 1.022 5736.7 4.3864 12.645375 0.918432 13.019993 12.101561 14.69 4.53 339.030151 342.192841 164739.08694 159.28 84610.0 271.29 114430.0 258.07 "" "" 0.0029485216096564225 0.004461414 0.0045032743 0.0089646885 83.40812588467 4.02682909128 340.5784 -4.6259999999999994 -5.519 -6.017456484794617 -4.839608675479889 0.22639439 0.22139439 -0.8408571428571445 10.292 12.466187488653954 12.494513645475212 2.797958420199056 2.8762570655190154
81.85774223623 5.33517075287 0.014 0.0108 112.7767 "" "" 3237580329506066048 311.946381 3.1828 0.0145 4.023 -10.34 0.018 0.012 0.96 5524.8 4.4264 12.64699 0.981468 13.057511 12.076043 85.65 0.75 310.481018 313.830658 164494.271 31.406 81736.0 43.406 117150.0 46.433 "" "" 0.0027631069631813073 0.0028491216 0.0038038031 0.0066529247 81.85774223623 5.33517075287 311.946381 4.023 -10.340000000000005 2.631543515205383 -9.660608675479889 0.2233944 0.21739438 70.11914285714286 6.512 14.804905573557896 71.66505022716704 3.2247179533118597 6.406259420113102
81.9371760005 5.0141124833 0.0142 0.0112 93.0342 "" "" 3236785039001801984 395.477722 2.5006 0.0148 6.256 10.082 0.017 0.013 1.04 6246.2 4.4074 12.647443 0.785372 12.957022 12.17165 24.0 1.21 392.77536 397.912262 164425.65021 33.742 89662.0 37.796 107270.0 30.39 "" "" 0.002764313950654527 0.002827458 0.0037918782 0.006619336 81.9371760005 5.0141124833 395.477722 6.256000000000001 10.082 4.8645435152053835 10.761391324520112 0.22239439 0.21839438 8.469142857142856 6.972 22.13822677415456 23.702899937319646 4.850002887396926 5.169641703368891
81.68120006912 1.73159870566 0.0123 0.0101 108.3149 "" "" 3222239153002250368 332.774353 2.9863 0.0151 1.26 -0.43 0.016 0.012 1.078 4875.0 4.1806 12.650785 1.179428 13.159764 11.980336 19.03 4.95 331.248291 334.26532 163920.38121 279.28 74389.0 448.31 127950.0 576.74 "" "" 0.0033186820327498713 0.007113316 0.006183443 0.013296759 81.68120006912 1.73159870566 332.774353 1.2600000000000013 -0.43000000000000005 -0.1314564847946167 0.2493913245201111 0.22139439 0.21739438 3.499142857142857 10.712 0.44468090965629925 3.5272853366444044 0.09706065693986447 10.626541145468602
81.33272085855 2.00140317657 0.0129 0.0102 100.9635 "" "" 3222309113725115264 341.182098 2.9039 0.0143 3.58 -7.258 0.018 0.013 0.989 5564.4 4.4469 12.653638 0.843576 12.994361 12.150785 41.84 1.08 339.396637 343.031677 163490.08233 55.033 86631.0 97.31 109360.0 110.16 "" "" 0.0027794532566136104 0.0030450635 0.0039344453 0.006979509 81.33272085855 2.00140317657 341.182098 3.58 -7.257999999999999 2.1885435152053834 -6.578608675479889 0.2233944 0.21839438 26.30914285714286 6.842 11.212224031738579 28.598688179975095 2.454330429132992 6.367370591700247
82.23564715223 4.40073907527 0.0131 0.0102 55.6996 "" "" 3236688664232530304 347.180145 2.8531 0.0153 3.432 0.325 0.017 0.012 1.099 5711.6 4.4842 12.657163 0.844507 12.998362 12.153854 20.85 2.22 345.83493 348.924072 162960.25499 47.477 86312.0 107.9 109050.0 75.631 "" "" 0.0027734179983202713 0.0031027892 0.0038536664 0.0069564553 82.23564715223 4.40073907527 347.180145 3.4320000000000004 0.325 2.0405435152053832 1.004391324520111 0.22239439 0.21739438 5.319142857142857 7.9820004 3.7427300109525725 6.503945623202805 0.8287456558123372 6.545342391700567
80.47656425245 3.61700030421 0.0111 0.0078 100.1056 "" "" 3236214912159795840 310.398132 3.1938 0.0135 -0.739 -25.422 0.013 0.01 0.955 5493.7 4.4535 12.659334 0.903723 13.028244 12.124521 1.32 1.12 309.308563 311.56189 162634.60855 25.646 83969.0 36.432 112030.0 44.574 "" "" 0.0027606344411097166 0.002829657 0.00380399 0.006633647 80.47656425245 3.61700030421 310.398132 -0.739 -25.422000000000008 -2.1304564847946166 -24.74260867547989 0.21839438 0.2153944 -14.210857142857144 6.882 36.53818115181841 39.204427589467386 7.87093161442499 7.748199548863895
82.35369194168 2.64361355689 0.0125 0.0103 51.5877 "" "" 3223851758602238464 337.357697 2.9358 0.0168 1.884 -36.201 0.017 0.013 1.001 5638.1 4.4469 12.670722 0.859139 13.0177 12.158562 102.05 1.41 335.25412 339.100464 160937.75071 33.021 84788.0 46.202 108580.0 43.486 "" "" 0.002764311098590716 0.0028522054 0.0038043144 0.00665652 82.35369194168 2.64361355689 337.357697 1.884 -36.201 0.4925435152053832 -35.52160867547989 0.22239439 0.21839438 86.51914285714285 7.172 56.80719385446505 103.50178430516773 12.406416176718 9.072431727390239
