Clusters/ASCC_21/ASCC_21_stars_in_region.tsv
# %ECSV 1.0
# ---
# datatype:
# - name: RA_ICRS_1
#   unit: deg
#   datatype: float64
#   format: '{:15.11f}'
#   description: Right ascension (ICRS) at Ep=2016.0 (ra)
#   meta: !!omap
#   - {ucd: POS_EQ_RA_MAIN}
#   - {width: 15}
#   - {precision: '11'}
# - name: DE_ICRS_1
#   unit: deg
#   datatype: float64
#   format: '{:15.11f}'
#   description: Declination (ICRS) at Ep=2016.0 (dec)
#   meta: !!omap
#   - {ucd: POS_EQ_DEC_MAIN}
#   - {width: 15}
#   - {precision: '11'}
# - name: e_RA_ICRS
#   unit: mas
#   datatype: float64
#   format: '{:7.4f}'
#   description: Standard error of right ascension (ra_error)
#   meta: !!omap
#   - {ucd: ERROR}
#   - {width: 7}
#   - {precision: '4'}
# - name: e_DE_ICRS
#   unit: mas
#   datatype: float64
#   format: '{:7.4f}'
#   description: Standard error of declination (dec_error)
#   meta: !!omap
#   - {ucd: ERROR}
#   - {width: 7}
#   - {precision: '4'}
# - name: _r_1
#   unit: ''
#   datatype: float64
#   format: '{:8.4f}'
#   description: Distance from center (082.14230656000+03.47709487000)[ICRS], at Epoch=J2016.0
#   meta: !!omap
#   - {ucd: POS_ANG_DIST_GENERAL}
#   - {width: 8}
#   - {precision: '4'}
# - name: HIP
#   datatype: int32
#   description: '? HIP cross-id number, van Leeuwen, Cat. I/311 (hip_original_ext_source_id)'
#   meta: !!omap
#   - {ucd: ID_NUMBER}
#   - {width: 6}
#   - values: {'null': -2147483648}
# - name: TYC2
#   datatype: string
#   description: Tycho-2 cross-id name, Hog et al., Cat. I/259 (tyc2_original_ext_source_id)
#   meta: !!omap
#   - {ucd: ID_CROSSID}
#   - {_votable_string_dtype: char}
# - name: Source
#   datatype: int64
#   description: Source identifier, identical to the Gaia-EDR3 source_id (id)
#   meta: !!omap
#   - {ucd: ID_MAIN}
#   - {width: 19}
# - name: rgeo
#   unit: pc
#   datatype: float64
#   format: '{:15.8f}'
#   description: '? Median of the geometric distance posterior (r_med_geo)'
#   meta: !!omap
#   - {ucd: PHYS_DISTANCE_TRUE}
#   - {width: 15}
#   - {precision: '8'}
#   - values: {'null': .nan}
# - name: Plx
#   unit: mas
#   datatype: float64
#   format: '{:9.4f}'
#   description: '? Parallax (parallax)'
#   meta: !!omap
#   - {ucd: POS_PARLX_TRIG}
#   - {width: 9}
#   - {precision: '4'}
#   - values: {'null': .nan}
# - name: e_Plx
#   unit: mas
#   datatype: float32
#   format: '{:7.4f}'
#   description: '? Standard error of parallax (parallax_error)'
#   meta: !!omap
#   - {ucd: ERROR}
#   - {width: 7}
#   - {precision: '4'}
#   - values: {'null': .nan}
# - name: pmRA
#   unit: mas / yr
#   datatype: float64
#   format: '{:9.3f}'
#   description: '? Proper motion in right ascension direction, pmRA*cosDE (pmra)'
#   meta: !!omap
#   - {ucd: POS_EQ_PMRA}
#   - {width: 9}
#   - {precision: '3'}
#   - values: {'null': .nan}
# - name: pmDE
#   unit: mas / yr
#   datatype: float64
#   format: '{:9.3f}'
#   description: '? Proper motion in declination direction (pmdec)'
#   meta: !!omap
#   - {ucd: POS_EQ_PMDEC}
#   - {width: 9}
#   - {precision: '3'}
#   - values: {'null': .nan}
# - name: e_pmRA
#   unit: mas / yr
#   datatype: float32
#   format: '{:6.3f}'
#   description: '? Standard error of proper motion in right ascension direction (pmra_error)'
#   meta: !!omap
#   - {ucd: ERROR}
#   - {width: 6}
#   - {precision: '3'}
#   - values: {'null': .nan}
# - name: e_pmDE
[...]
#         value: !astropy.table.SerializedColumn {name: SkyCoord.dec}
#       distance: !astropy.table.SerializedColumn
#         __class__: astropy.coordinates.distances.Distance
#         unit: !astropy.units.Unit {unit: pc}
#         value: !astropy.table.SerializedColumn {name: SkyCoord.distance}
#       frame: icrs
#       obstime: !astropy.time.Time {format: jyear_str, in_subfmt: '*', jd1: 367701545.0, jd2: 0.0, out_subfmt: '*', precision: 3, scale: tt}
#       pm_dec: !astropy.table.SerializedColumn
#         __class__: astropy.units.quantity.Quantity
#         unit: !astropy.units.Unit {unit: mas / yr}
#         value: !astropy.table.SerializedColumn {name: SkyCoord.pm_dec}
#       pm_ra_cosdec: !astropy.table.SerializedColumn
#         __class__: astropy.units.quantity.Quantity
#         unit: !astropy.units.Unit {unit: mas / yr}
#         value: !astropy.table.SerializedColumn {name: SkyCoord.pm_ra_cosdec}
#       ra: !astropy.table.SerializedColumn
#         __class__: astropy.coordinates.angles.Longitude
#         unit: *id001
#         value: !astropy.table.SerializedColumn {name: SkyCoord.ra}
#         wrap_angle: !astropy.coordinates.Angle
#           unit: *id001
#           value: 360.0
#       representation_type: spherical
# schema: astropy-2.0
RA_ICRS_1 DE_ICRS_1 e_RA_ICRS e_DE_ICRS _r_1 HIP TYC2 Source rgeo Plx e_Plx pmRA pmDE e_pmRA e_pmDE RUWE Teff logg Gmag BP-RP BPmag RPmag RV e_RV b_rgeo B_rgeo FG e_FG FBP e_FBP FRP e_FRP RAVE5 RAVE6 e_Gmag e_BPmag e_RPmag e_BP-RP SkyCoord.ra SkyCoord.dec SkyCoord.distance SkyCoord.pm_ra_cosdec SkyCoord.pm_dec rmRA rmDE e_rmRA e_rmDE rRV e_rRV v_pec v_pec3d e_vpec e_vpec3d
[from data line 60]
82.58307126427 3.25624160761 0.0157 0.0121 29.5392 "" 118-2314-1 3235988618922637312 407.881195 2.4225 0.0181 0.206 -5.818 0.02 0.014 0.958 9550.3 4.0889 9.339819 0.210402 9.406203 9.195802 -0.43 1.84 405.242676 410.733917 3459547.03776 691.58 2360100.0 856.39 1662800.0 407.19 "" "" 0.002763855538545281 0.002817847 0.0037887224 0.0066065695 82.58307126427 3.25624160761 407.881195 0.20600000000000007 -5.818 -1.1854564847946167 -5.1386086754798885 0.22539438 0.21939439 -15.960857142857144 7.602 10.195704793311618 18.93941279361774 2.240011682745235 6.518953429304715
82.50152357021 2.37052986189 0.0485 0.0391 69.7958 "" 118-424-1 3223789017721392512 362.613708 2.7255 0.061 0.365 0.608 0.064 0.046 1.815 "" "" 9.397787 -0.01613 9.381215 9.397346 "" "" 354.050171 372.218597 3279682.50032 889.42 2415100.0 828.52 1381100.0 977.27 "" "" 0.0027710080009853626 0.0028149213 0.003856678 0.006671599 82.50152357021 2.37052986189 362.613708 0.36500000000000016 0.6080000000000008 -1.0264564847946167 1.2873913245201112 0.2693944 0.2513944 "" "" 2.8300001872663785 "" 0.7316652189223112 ""
82.04020535305 3.62315772968 0.0191 0.0149 10.6859 25591 105-2342-1 3236062458000252544 339.107269 2.9243 0.0222 1.499 -0.674 0.024 0.018 1.262 9952.9 4.2331 9.408449 0.287869 9.504358 9.216489 7.06 8.44 336.042908 341.263702 3247634.27612 834.56 2156100.0 1299.9 1631400.0 948.39 "" "" 0.002769410439125286 0.0028659254 0.0038317244 0.00669765 82.04020535305 3.62315772968 339.107269 1.4989999999999999 -0.674 0.10754351520538341 0.0053913245201110405 0.22939439 0.2233944 -8.470857142857145 14.202 0.17307913376002532 8.472625161143212 0.03970081315389187 14.19903609653509
82.15402312958 1.58960956283 0.0165 0.0133 113.2513 "" 101-563-1 3222039935239763840 402.177032 2.4652 0.0208 -4.747 0.526 0.02 0.016 0.958 "" "" 9.414475 0.075854 9.431987 9.356132 19.04 3.24 398.014587 405.319489 3229661.07622 747.54 2304700.0 882.21 1434500.0 373.01 "" "" 0.002766756908801529 0.0028209533 0.003789912 0.0066108652 82.15402312958 1.58960956283 402.177032 -4.747 0.5260000000000007 -6.138456484794617 1.205391324520111 0.22539438 0.22139439 3.509142857142855 9.002 11.925335264272432 12.430917293471804 2.68614765547866 3.619122036807272
80.12105157328 3.50076978723 0.0222 0.0157 121.0588 "" 104-1869-1 3234709440223201024 387.872803 2.5541 0.0252 -0.363 -3.618 0.028 0.019 1.092 "" "" 9.439676 0.002327 9.431931 9.429604 13.2 2.34 384.048645 392.222015 3155558.1967 632.32 2304900.0 761.58 1340700.0 425.52 "" "" 0.002763896355590748 0.0028131383 0.0037950594 0.0066081975 80.12105157328 3.50076978723 387.872803 -0.36300000000000004 -3.617999999999999 -1.7544564847946167 -2.938608675479889 0.23339438 0.22439438 -2.3308571428571447 8.102 6.292333390944043 6.710167995154632 1.4270636217014252 3.116282954181633
81.38263152188 5.40397355559 0.0162 0.0115 124.2225 "" 109-857-1 3237611051409120896 310.775543 3.1858 0.0189 9.1 0.83 0.018 0.013 1.077 6628.9 3.707 9.45491 0.628356 9.688149 9.059793 3.5 0.47 308.953339 312.855011 3111591.35252 519.12 1820400.0 426.55 1884700.0 389.57 "" "" 0.0027612678910554638 0.0028017443 0.0037860393 0.006587784 81.38263152188 5.40397355559 310.775543 9.1 0.83 7.708543515205383 1.5093913245201112 0.2233944 0.21839438 -12.030857142857144 6.232 11.570907568376951 16.692136638182657 2.582762649853534 4.835377553799517
82.99729889756 2.09481486859 0.0187 0.0155 97.4875 "" 118-275-1 3223571593592214528 387.850922 2.5506 0.0222 -0.779 0.64 0.025 0.018 1.015 "" "" 9.472577 0.035131 9.476233 9.441103 19.17 3.65 384.032532 391.387848 3061370.88738 736.42 2212700.0 983.48 1326500.0 416.74 "" "" 0.0027676709543973184 0.002831595 0.0037947432 0.006626338 82.99729889756 2.09481486859 387.850922 -0.7789999999999999 0.6400000000000007 -2.1704564847946166 1.3193913245201112 0.2303944 0.2233944 3.6391428571428577 9.412001 4.669597037079138 5.920177127704217 1.067127944469559 5.8464795023532785
82.36089359589 4.06274626099 0.0115 0.0093 37.4969 "" 109-2622-1 3236112966815564672 301.950623 3.2795 0.0145 3.461 -1.664 0.015 0.011 0.879 5311.1 3.3676 9.483862 1.089704 9.942871 8.853168 33.54 0.18 300.984406 303.020905 3029715.53521 302.11 1439700.0 353.26 2279800.0 457.07 "" "" 0.002757446406721315 0.0028028595 0.0037856454 0.0065885046 82.36089359589 4.06274626099 301.950623 3.461 -1.664 2.069543515205383 -0.9846086754798888 0.22039439 0.2163944 18.009142857142855 5.942 3.280166122628913 18.305428600309305 0.7205264904078873 5.847250242283817
81.78581098494 3.70282214572 0.0247 0.0186 25.2815 "" 105-1958-1 3236079328631677824 326.669373 3.0312 0.0286 1.57 0.084 0.029 0.021 1.487 "" "" 9.542567 0.348725 9.658753 9.310028 "" "" 322.837738 329.959442 2870249.78578 1137.9 1870300.0 2135.7 1496700.0 1849.4 "" "" 0.002788738903539277 0.0030532219 0.0040104357 0.0070636575 81.78581098494 3.70282214572 326.669373 1.5699999999999987 0.08399999999999999 0.17854351520538336 0.763391324520111 0.23439439 0.22639439 "" "" 1.2139439069232507 "" 0.27534218453824183 ""
81.07339569126 2.36794225054 0.0202 0.015 92.3646 "" 105-1358-1 3234344368002824064 344.76712 2.8717 0.0238 1.559 -3.072 0.027 0.018 1.181 "" "" 9.553339 0.126748 9.588097 9.461349 9.64 3.88 341.711639 348.038116 2841914.68139 792.16 1996100.0 536.87 1302000.0 424.75 "" "" 0.0027718911057512795 0.0028054097 0.003795943 0.0066013527 81.07339569126 2.36794225054 344.76712 1.5590000000000002 -3.0720000000000005 0.16754351520538324 -2.392608675479889 0.23239438 0.2233944 -5.8908571428571435 9.642 3.919566608701908 7.075676665704984 0.8757847911428154 8.042097132516275
83.62887145836 4.07794777101 0.0146 0.0113 96.0241 "" 122-766-1 3224435496199258368 276.16861 3.5936 0.0167 3.143 -29.396 0.019 0.013 0.932 7375.3 4.0509 9.558195 0.399738 9.696905 9.297167 -17.63 0.88 275.084137 277.262573 2829233.92374 522.64 1805700.0 643.98 1514600.0 510.91 "" "" 0.002762610408731544 0.0028169102 0.003797086 0.006613996 83.62887145836 4.07794777101 276.16861 3.143 -29.396 1.751543515205383 -28.71660867547989 0.22439438 0.21839438 -33.16085714285714 6.642 37.66102668288221 50.17963109925924 8.22580571738188 7.574977010199441
81.80760357781 4.17350095961 0.2049 0.1592 46.3403 "" 109-2488-1 3236314761559998720 404.109039 2.5047 0.2444 0.856 -7.537 0.251 0.184 14.457 "" "" 9.634181 0.292309 9.724411 9.432102 -11.06 1.8 365.208374 454.142242 2637997.60541 606.49 1760600.0 680.07 1337600.0 306.72 "" "" 0.00276660403227649 0.002821513 0.0037875732 0.006609086 81.80760357781 4.17350095961 404.109039 0.855999999999999 -7.537 -0.5354564847946167 -6.857608675479889 0.45639437 0.3893944 -26.590857142857146 7.5620003 13.175572409647401 29.676074402011103 5.136300504520236 7.149277589718899
83.49198598354 2.63583277819 0.0169 0.0129 95.3253 "" 118-950-1 3223717072724384896 342.103973 2.8901 0.0192 3.328 1.124 0.021 0.015 1.146 7637.5 3.8856 9.635998 0.41203 9.779687 9.367657 22.91 1.74 340.119568 344.539429 2633586.08638 1418.3 1673200.0 2374.3 1419400.0 2566.4 "" "" 0.002816679266087824 0.0031872778 0.0042588157 0.0074460935 83.49198598354 2.63583277819 342.103973 3.328 1.1239999999999999 1.9365435152053831 1.8033913245201112 0.22639439 0.22039439 7.379142857142856 7.502 4.291020310935971 8.536076652361286 0.9595912372502701 6.50313450608767
83.2699605205 2.46938113373 0.0181 0.0156 90.6702 "" 118-308-1 3223690443927231360 341.824036 2.903 0.0205 1.963 0.317 0.02 0.017 0.954 9727.7 4.1992 9.656052 0.073438 9.674582 9.601145 18.94 1.9 339.307434 344.228729 2585391.17294 612.48 1843200.0 604.33 1144700.0 246.63 "" "" 0.0027672995899041815 0.002812787 0.0037866144 0.006599401 83.2699605205 2.46938113373 341.824036 1.9629999999999999 0.3170000000000004 0.5715435152053834 0.996391324520111 0.22539438 0.22239439 3.4091428571428573 7.662 1.8611383963245733 3.8840817641601943 0.41529603190181164 6.728047393835396
81.79494598937 2.63011725525 0.0206 0.0161 54.9151 "" 105-1242-1 3235846129087646976 343.419281 2.8868 0.0249 1.224 0.012 0.025 0.019 1.343 "" "" 9.657994 0.131486 9.697872 9.566386 8.55 2.92 340.435669 346.239258 2580769.41736 686.95 1804100.0 547.74 1182000.0 349.68 "" "" 0.0027704352215753092 0.0028095748 0.0037930063 0.006602581 81.79494598937 2.63011725525 343.419281 1.2240000000000004 0.012 -0.16745648479461672 0.6913913245201111 0.2303944 0.22439438 -6.980857142857143 8.682 1.1579920634790895 7.076249859075085 0.2602367633096366 8.565066697984655
81.03354080177 2.46302147067 0.0231 0.0169 90.0874 25258 105-1491-1 3234348869128542080 343.310669 2.8882 0.0277 1.191 -0.424 0.031 0.021 1.374 10453.9 4.29 9.695356 0.231715 9.767713 9.535997 "" "" 340.440918 346.547516 2493470.63459 673.4 1691700.0 607.27 1215500.0 468.79 "" "" 0.0027708784184336706 0.0028172594 0.0038025088 0.006619768 81.03354080177 2.46302147067 343.310669 1.1909999999999987 -0.4240000000000001 -0.20045648479461664 0.2553913245201111 0.23639439 0.22639439 "" "" 0.5283253653922726 "" 0.12165101180318204 ""
81.16765403326 2.7793857751 0.02 0.0155 71.8475 "" 105-1295-1 3235908217134651648 335.443298 2.9579 0.0244 0.961 -5.561 0.025 0.018 1.364 6992.4 3.8738 9.70532 0.457509 9.867957 9.410448 26.29 1.13 332.787842 337.933319 2470691.31232 604.58 1542500.0 738.79 1364500.0 395.21 "" "" 0.002768099619497295 0.0028382158 0.0037924421 0.006630658 81.16765403326 2.7793857751 335.443298 0.9610000000000001 -5.560999999999996 -0.43045648479461673 -4.881608675479889 0.2303944 0.2233944 10.759142857142855 6.892 7.791881471746706 13.284297944948303 1.7410900120726518 5.674579670055595
82.14773070094 3.64580115719 0.0165 0.0127 10.1276 "" 105-2415-1 3236063415777721472 278.529938 3.5631 0.0184 -16.678 -8.87 0.02 0.014 1.027 6933.9 3.9419 9.715634 0.54693 9.914449 9.367518 21.2 0.65 277.441925 280.045593 2447333.53741 467.01 1477900.0 380.8 1419600.0 322.76 "" "" 0.0027630987739447003 0.0028041594 0.003787435 0.0065915943 82.14773070094 3.64580115719 278.529938 -16.67799999999998 -8.870000000000001 -18.069456484794618 -8.190608675479888 0.22539438 0.21939439 5.669142857142855 6.412 26.192260699875188 26.79876305550165 5.877099352871349 5.902073108301469
82.35351963441 3.72514658843 0.025 0.0191 19.5313 "" 105-2300-1 3236085341585956864 343.331177 2.8816 0.0299 1.451 -0.371 0.034 0.024 1.29 9590.0 4.3007 9.743716 0.127549 9.781934 9.654385 14.53 2.24 340.355286 346.878998 2384844.91256 659.13 1669700.0 454.24 1089900.0 314.7 "" "" 0.002771612646957846 0.0028057608 0.0037923618 0.0065981224 82.35351963441 3.72514658843 343.331177 1.4510000000000003 -0.37100000000000033 0.05954351520538337 0.3083913245201111 0.2393944 0.22939439 -1.0008571428571447 8.002 0.5111419623014053 1.1238243305933087 0.11744065398057957 7.126633102841533
82.84801994967 2.61491771327 0.032 0.0257 66.8122 "" 118-953-1 3223891998153104384 410.680389 2.3971 0.0391 -0.725 -0.061 0.037 0.03 1.127 10120.8 4.098 9.752093 0.060267 9.764483 9.704216 23.74 3.13 402.929901 418.334412 2366515.60182 1125.3 1696800.0 776.87 1041100.0 305.32 "" "" 0.002803271648734909 0.0028341056 0.0037927711 0.006626877 82.84801994967 2.61491771327 410.680389 -0.725 -0.060999999999999985 -2.116456484794617 0.6183913245201111 0.24239439 0.23539439 8.209142857142854 8.892 4.292207085302245 9.26353432077079 1.038075174215095 7.894563366507109
81.29626846508 1.86711181733 0.0206 0.0155 109.0981 "" 101-15-1 3222282278769474304 345.168549 2.8686 0.0235 1.726 0.087 0.026 0.019 1.312 "" "" 9.758865 0.527314 9.949646 9.422332 31.81 4.63 342.239563 348.509308 2351800.51025 424.05 1430700.0 364.28 1349700.0 291.43 "" "" 0.002762266165288237 0.0028038316 0.0037866458 0.006590477 81.29626846508 1.86711181733 345.168549 1.7260000000000002 0.087 0.3345435152053833 0.766391324520111 0.23139438 0.22439438 16.279142857142855 10.392 1.3681495361843583 16.336533454702888 0.30855786111699923 10.355525117292414
82.55388099055 3.7465194625 0.0302 0.0263 29.474 "" 118-2315-1 3236043972460939520 406.388275 2.4303 0.0361 -0.89 1.176 0.043 0.031 1.215 "" "" 9.767971 0.086557 9.790442 9.703885 14.96 2.96 400.858856 412.124451 2332160.72916 981.8 1656700.0 778.37 1041400.0 290.17 "" "" 0.002792974806621494 0.0028364174 0.0037914703 0.0066278875 82.55388099055 3.7465194625 406.388275 -0.89 1.176 -2.281456484794617 1.855391324520111 0.24839438 0.23639439 -0.5708571428571432 8.722 5.664548702349149 5.693240718504397 1.380383302162619 1.6282309693279415
82.52252501434 1.58949143297 0.02 0.0163 115.5264 "" 114-1262-1 3223526273097585792 356.567352 2.7815 0.0229 1.69 -4.846 0.023 0.019 1.234 9305.2 4.3255 9.831471 0.14781 9.878455 9.730645 25.95 0.32 353.697845 359.546417 2199672.62736 632.69 1527700.0 688.87 1016000.0 268.68 "" "" 0.0027729612434132717 0.0028327967 0.0037902724 0.006623069 82.52252501434 1.58949143297 356.567352 1.6899999999999988 -4.845999999999995 0.29854351520538325 -4.166608675479889 0.22839439 0.22439438 10.419142857142855 6.0820003 7.060160886557068 12.585881360541313 1.5844059563928086 5.112789825817913
80.51653410727 2.58251565461 0.3936 0.2882 111.2182 "" 104-373-1 3234391990600790272 313.154663 3.5297 0.4767 0.922 -4.074 0.474 0.34 11.519 7888.5 3.8423 9.839462 0.307199 9.913972 9.606773 "" "" 270.618866 365.055817 2183542.53685 4236.9 1478500.0 750.12 1138800.0 440.84 "" "" 0.003468449314949522 0.002844026 0.0038026804 0.0066467067 80.51653410727 2.58251565461 313.154663 0.922000000000001 -4.074 -0.46945648479461666 -3.3946086754798888 0.67939436 0.5453944 "" "" 5.086754302227736 "" 2.7886135697151198 ""
80.56512452728 3.39742869744 0.0176 0.0123 94.5815 "" 104-1790-1 3236190722904175104 352.259888 2.8069 0.0209 1.382 -0.598 0.02 0.015 1.371 "" "" 9.847795 0.633585 10.08289 9.449306 17.1 5.12 349.662811 354.684479 2166850.42992 536.68 1265500.0 828.7 1316500.0 705.58 "" "" 0.002768411686134904 0.0028793307 0.0038239164 0.0067032473 80.56512452728 3.39742869744 352.259888 1.3819999999999986 -0.598 -0.009456484794616804 0.08139132452011111 0.22539438 0.22039439 1.5691428571428574 10.882 0.13681424667254471 1.5750960111101244 0.03016230539739095 10.8408712241937
82.12364828356 3.52709344378 0.0191 0.0143 3.2013 "" 105-2268-1 3236057269679762816 336.634491 2.9408 0.0218 1.466 -0.637 0.023 0.016 1.034 "" "" 9.870637 0.176203 9.926246 9.750043 13.92 2.24 334.713165 338.708649 2121739.50479 482.94 1461900.0 479.84 998020.0 261.46 "" "" 0.002766380780265924 0.0028128366 0.0037900703 0.0066029066 82.12364828356 3.52709344378 336.634491 1.466 -0.6370000000000005 0.07454351520538327 0.04239132452011107 0.22839439 0.22139439 -1.610857142857144 8.002 0.1368332619722534 1.6166583053557881 0.031020616208022194 7.973286179154738
82.68863335644 4.99425898104 0.0145 0.0115 96.7213 "" 122-1372-1 3236749618408185984 389.851044 2.5375 0.0183 6.926 -9.291 0.019 0.013 1.108 6770.2 3.7977 9.926018 0.589444 10.144664 9.55522 53.62 0.27 386.792145 392.374084 2016228.32051 370.13 1195500.0 224.59 1194200.0 205.0 "" "" 0.0027625198047491473 0.0027976155 0.0037839748 0.0065815905 82.68863335644 4.99425898104 389.851044 6.926 -9.291 5.5345435152053835 -8.61160867547989 0.22439438 0.21839438 38.08914285714285 6.032 18.916421639161737 42.527800451262266 4.164736622478339 5.71121669125113
