Clusters/Czernik_31/Czernik_31_stars_in_region.tsv
# %ECSV 1.0
# ---
# datatype:
# - name: RA_ICRS_1
#   unit: deg
#   datatype: float64
#   format: '{:15.11f}'
#   description: Right ascension (ICRS) at Ep=2016.0 (ra)
#   meta: !!omap
#   - {ucd: POS_EQ_RA_MAIN}
#   - {width: 15}
#   - {precision: '11'}
# - name: DE_ICRS_1
#   unit: deg
#   datatype: float64
#   format: '{:15.11f}'
#   description: Declination (ICRS) at Ep=2016.0 (dec)
#   meta: !!omap
#   - {ucd: POS_EQ_DEC_MAIN}
#   - {width: 15}
#   - {precision: '11'}
# - name: e_RA_ICRS
#   unit: mas
#   datatype: float64
#   format: '{:7.4f}'
#   description: Standard error of right ascension (ra_error)
#   meta: !!omap
#   - {ucd: ERROR}
#   - {width: 7}
#   - {precision: '4'}
# - name: e_DE_ICRS
#   unit: mas
#   datatype: float64
#   format: '{:7.4f}'
#   description: Standard error of declination (dec_error)
#   meta: !!omap
#   - {ucd: ERROR}
#   - {width: 7}
#   - {precision: '4'}
# - name: _r_1
#   unit: ''
#   datatype: float64
#   format: '{:7.4f}'
#   description: Distance from center (114.23210635000-20.50840608000)[ICRS], at Epoch=J2016.0
#   meta: !!omap
#   - {ucd: POS_ANG_DIST_GENERAL}
#   - {width: 7}
#   - {precision: '4'}
# - name: HIP
#   datatype: int32
#   description: '? HIP cross-id number, van Leeuwen, Cat. I/311 (hip_original_ext_source_id)'
#   meta: !!omap
#   - {ucd: ID_NUMBER}
#   - {width: 6}
#   - values: {'null': -2147483648}
# - name: TYC2
#   datatype: string
#   description: Tycho-2 cross-id name, Hog et al., Cat. I/259 (tyc2_original_ext_source_id)
#   meta: !!omap
#   - {ucd: ID_CROSSID}
#   - {_votable_string_dtype: char}
# - name: Source
#   datatype: int64
#   description: Source identifier, identical to the Gaia-EDR3 source_id (id)
#   meta: !!omap
#   - {ucd: ID_MAIN}
#   - {width: 19}
# - name: rgeo
#   unit: pc
#   datatype: float64
#   format: '{:15.8f}'
#   description: '? Median of the geometric distance posterior (r_med_geo)'
#   meta: !!omap
#   - {ucd: PHYS_DISTANCE_TRUE}
#   - {width: 15}
#   - {precision: '8'}
#   - values: {'null': .nan}
# - name: Plx
#   unit: mas
#   datatype: float64
#   format: '{:9.4f}'
#   description: '? Parallax (parallax)'
#   meta: !!omap
#   - {ucd: POS_PARLX_TRIG}
#   - {width: 9}
#   - {precision: '4'}
#   - values: {'null': .nan}
# - name: e_Plx
#   unit: mas
#   datatype: float32
#   format: '{:7.4f}'
#   description: '? Standard error of parallax (parallax_error)'
#   meta: !!omap
#   - {ucd: ERROR}
#   - {width: 7}
#   - {precision: '4'}
#   - values: {'null': .nan}
# - name: pmRA
#   unit: mas / yr
#   datatype: float64
#   format: '{:9.3f}'
#   description: '? Proper motion in right ascension direction, pmRA*cosDE (pmra)'
#   meta: !!omap
#   - {ucd: POS_EQ_PMRA}
#   - {width: 9}
#   - {precision: '3'}
#   - values: {'null': .nan}
# - name: pmDE
#   unit: mas / yr
#   datatype: float64
#   format: '{:9.3f}'
#   description: '? Proper motion in declination direction (pmdec)'
#   meta: !!omap
#   - {ucd: POS_EQ_PMDEC}
#   - {width: 9}
#   - {precision: '3'}
#   - values: {'null': .nan}
# - name: e_pmRA
#   unit: mas / yr
#   datatype: float32
#   format: '{:6.3f}'
#   description: '? Standard error of proper motion in right ascension direction (pmra_error)'
#   meta: !!omap
#   - {ucd: ERROR}
#   - {width: 6}
#   - {precision: '3'}
#   - values: {'null': .nan}
# - name: e_pmDE
[...]
#         unit: &id001 !astropy.units.Unit {unit: deg}
#         value: !astropy.table.SerializedColumn {name: SkyCoord.dec}
#       distance: !astropy.table.SerializedColumn
#         __class__: astropy.coordinates.distances.Distance
#         unit: !astropy.units.Unit {unit: pc}
#         value: !astropy.table.SerializedColumn {name: SkyCoord.distance}
#       frame: icrs
#       obstime: !astropy.time.Time {format: jyear_str, in_subfmt: '*', jd1: 367701545.0, jd2: 0.0, out_subfmt: '*', precision: 3, scale: tt}
#       pm_dec: !astropy.table.SerializedColumn
#         __class__: astropy.units.quantity.Quantity
#         unit: !astropy.units.Unit {unit: mas / yr}
#         value: !astropy.table.SerializedColumn {name: SkyCoord.pm_dec}
#       pm_ra_cosdec: !astropy.table.SerializedColumn
#         __class__: astropy.units.quantity.Quantity
#         unit: !astropy.units.Unit {unit: mas / yr}
#         value: !astropy.table.SerializedColumn {name: SkyCoord.pm_ra_cosdec}
#       ra: !astropy.table.SerializedColumn
#         __class__: astropy.coordinates.angles.Longitude
#         unit: *id001
#         value: !astropy.table.SerializedColumn {name: SkyCoord.ra}
#         wrap_angle: !astropy.coordinates.Angle
#           unit: *id001
#           value: 360.0
#       representation_type: spherical
# schema: astropy-2.0
RA_ICRS_1 DE_ICRS_1 e_RA_ICRS e_DE_ICRS _r_1 HIP TYC2 Source rgeo Plx e_Plx pmRA pmDE e_pmRA e_pmDE RUWE Teff logg Gmag BP-RP BPmag RPmag RV e_RV b_rgeo B_rgeo FG e_FG FBP e_FBP FRP e_FRP RAVE5 RAVE6 e_Gmag e_BPmag e_RPmag e_BP-RP SkyCoord.ra SkyCoord.dec SkyCoord.distance SkyCoord.pm_ra_cosdec SkyCoord.pm_dec
[from data line 486]
114.23653858613 -20.27226859584 0.0312 0.0374 14.1704 "" "" 5716234100959041024 2872.02075 0.3212 0.053 -2.906 1.375 0.045 0.049 0.99 6022.7 4.3842 16.595291 1.451385 17.25016 15.798775 "" "" 2578.50171 3266.33374 4333.41594 1.999 1719.3 10.556 3798.8 10.501 "" "" 0.0028004712126142683 0.0072264774 0.004826126 0.012052603 114.23653858613 -20.27226859584 2872.02075 -2.906 1.3750000000000002
114.45238878546 -20.51672434434 0.0377 0.0408 12.389 "" "" 5715473376353168896 2319.67798 0.4253 0.0563 -3.541 9.107 0.058 0.061 0.984 5661.1 4.521 16.598448 1.443726 17.253176 15.80945 "" "" 2078.86768 2594.06934 4320.83681 2.3626 1714.5 6.2859 3761.6 6.2465 "" "" 0.0028185521052619964 0.004861136 0.004187413 0.009048549 114.45238878546 -20.51672434434 2319.67798 -3.5410000000000004 9.107
114.28591508399 -20.46310756322 0.0364 0.0402 4.0662 "" "" 5715454581575109120 2703.33179 0.3636 0.058 -3.603 1.04 0.057 0.055 1.133 5975.3 4.4913 16.604227 1.346327 17.203917 15.85759 "" "" 2355.3208 3132.4165 4297.8979 2.5097 1794.1 6.6142 3598.5 9.7146 "" "" 0.002827321494550728 0.0048792213 0.0047827773 0.009661999 114.28591508399 -20.46310756322 2703.33179 -3.6029999999999998 1.04
114.14605611792 -20.42565061408 0.0304 0.037 6.9319 "" "" 5716206059107498368 2692.06665 0.3521 0.053 -1.928 3.022 0.046 0.05 0.961 8905.4 4.385 16.60619 1.073033 17.061787 15.988753 "" "" 2349.87622 3090.91479 4290.13446 2.1033 2045.0 7.5346 3189.0 6.6319 "" "" 0.002806266256830808 0.004877228 0.004402489 0.009279717 114.14605611792 -20.42565061408 2692.06665 -1.9279999999999997 3.0220000000000002
114.05235358474 -20.32993483216 0.0333 0.0373 14.7251 "" "" 5716210770695413120 2758.9873 0.3328 0.0552 -2.864 4.129 0.046 0.048 0.985 6596.8 4.3149 16.607454 1.365137 17.215757 15.85062 "" "" 2421.0896 3145.81201 4285.14328 2.2375 1774.7 9.1815 3621.7 9.5833 "" "" 0.002813038928218934 0.006271921 0.0047473703 0.011019291 114.05235358474 -20.32993483216 2758.9873 -2.864 4.129
114.27370040328 -20.56169728343 0.035 0.0423 3.9605 "" "" 5715452794869021568 2477.54932 0.404 0.0629 -3.317 0.253 0.054 0.058 1.093 5122.2 4.4998 16.608536 1.299583 17.18276 15.883177 "" "" 2153.90479 2946.69897 4280.87253 2.2932 1829.4 7.429 3514.7 7.0591 "" "" 0.002816036726576396 0.0052177445 0.0043633645 0.0095811095 114.27370040328 -20.56169728343 2477.54932 -3.317000000000001 0.25299999999999995
114.01492994992 -20.58449021186 0.0333 0.0379 13.0277 "" "" 5716196854996075648 3018.67944 0.3124 0.0532 -2.223 3.235 0.055 0.05 1.004 "" "" 16.61134 1.299078 17.18137 15.882292 "" "" 2664.625 3682.87402 4269.83045 3.0782 1831.8 13.304 3517.6 11.033 "" "" 0.0028643413861126504 0.008364565 0.005087303 0.013451868 114.01492994992 -20.58449021186 3018.67944 -2.2230000000000003 3.2350000000000003
114.23620487227 -20.46624815973 0.0712 0.0763 2.5399 "" "" 5715454684654620928 2255.26245 0.525 0.1167 -1.29 2.576 0.115 0.106 2.001 9342.4 4.2338 16.611547 1.11886 17.042162 15.923302 "" "" 1679.30225 5045.48779 4269.01636 5.4858 2082.3 8.9966 3387.2 7.7872 "" "" 0.0030884254926364075 0.005458014 0.004529274 0.009987288 114.23620487227 -20.46624815973 2255.26245 -1.29 2.576
114.0815328479 -20.71075389318 0.0316 0.0365 14.7955 "" "" 5715444067495325568 3078.61914 0.3211 0.0488 -2.225 2.468 0.044 0.048 1.055 9286.8 4.3937 16.617445 0.942534 16.996367 16.053833 "" "" 2707.28027 3508.89038 4245.89117 1.9297 2172.1 9.5753 3003.5 7.2172 "" "" 0.002799157842799204 0.005540162 0.0045924215 0.010132583 114.0815328479 -20.71075389318 3078.61914 -2.2249999999999996 2.468
114.41936077943 -20.64522598474 0.0313 0.0367 13.3428 "" "" 5715436886310111744 2542.24023 0.3837 0.0527 -0.832 1.642 0.045 0.051 0.976 7336.8 4.367 16.6226 1.4454 17.278175 15.832775 "" "" 2237.15845 2897.03882 4225.7786 2.2488 1675.5 10.021 3681.7 14.712 "" "" 0.002815249220608338 0.007067739 0.0057538687 0.012821607 114.41936077943 -20.64522598474 2542.24023 -0.8319999999999999 1.6420000000000001
114.21152709966 -20.50728044034 0.0328 0.0369 1.1585 "" "" 5715453958794539904 2620.13306 0.3651 0.0531 -1.986 2.944 0.049 0.05 1.002 8336.7 4.4747 16.623337 1.059391 17.066442 16.007051 "" "" 2300.396 3008.77881 4222.91198 2.2885 2036.3 8.6606 3135.7 9.5588 "" "" 0.002817443682059962 0.005395245 0.0050237505 0.010418995 114.21152709966 -20.50728044034 2620.13306 -1.9859999999999998 2.944
114.04118141336 -20.60763742321 0.0321 0.0363 12.2676 "" "" 5716196580123644160 2253.77588 0.4235 0.0489 -2.994 3.064 0.05 0.048 0.974 7190.1 4.3546 16.627504 1.179241 17.12508 15.945839 "" "" 2050.62891 2454.19116 4206.73546 2.2011 1929.2 8.487 3317.6 9.5828 "" "" 0.0028132753567034607 0.0055316463 0.0049111075 0.010442754 114.04118141336 -20.60763742321 2253.77588 -2.9940000000000007 3.064
114.17262483428 -20.58290644375 0.3118 0.3774 5.5812 "" "" 5715451454840669824 3161.37207 0.8316 0.5012 -4.502 1.811 0.489 0.552 10.845 "" "" 16.631329 1.231834 16.928371 15.696537 "" "" 2133.30566 4407.81836 4191.94313 12.405 2312.4 8.9048 4173.9 11.907 "" "" 0.00423260179199278 0.0050265533 0.0048864153 0.009912969 114.17262483428 -20.58290644375 3161.37207 -4.502 1.811
114.10585748475 -20.54746652913 0.0332 0.039 7.471 "" "" 5716202764876451968 2550.90942 0.3578 0.0517 -2.991 2.942 0.051 0.052 0.946 5757.5 4.5389 16.631643 1.276066 17.197216 15.92115 "" "" 2295.09912 2872.08936 4190.72779 2.3754 1805.2 8.5214 3393.9 9.0499 "" "" 0.0028232129179420863 0.005835462 0.0047608344 0.010596296 114.10585748475 -20.54746652913 2550.90942 -2.991 2.942
114.0698972273 -20.60129005215 0.0386 0.0388 10.682 "" "" 5715446094719861632 2302.99097 0.4078 0.0535 -3.053 3.091 0.055 0.051 0.995 5934.8 4.6432 16.633104 1.117161 17.090214 15.973053 "" "" 2072.198 2650.22656 4185.09493 2.4464 1992.2 17.355 3235.5 13.25 "" "" 0.002827471057333479 0.009861323 0.005835522 0.015696846 114.0698972273 -20.60129005215 2302.99097 -3.053 3.0909999999999997
114.21405978566 -20.40290080831 0.0337 0.0389 6.4111 "" "" 5716205891612513024 2510.56494 0.3771 0.057 -1.627 2.969 0.049 0.053 1.023 9444.1 4.3369 16.633581 0.99362 17.04567 16.05205 "" "" 2230.55469 3031.23901 4183.25655 2.2579 2075.6 6.7414 3008.4 8.4734 "" "" 0.0028169508567662694 0.00449672 0.0048616333 0.009358354 114.21405978566 -20.40290080831 2510.56494 -1.627 2.969
114.03291143009 -20.51937148049 0.0348 0.0377 11.2131 "" "" 5716203795668655104 2547.76392 0.3833 0.0546 -1.258 2.369 0.054 0.047 1.025 7194.4 4.3424 16.639692 1.202522 17.150795 15.948273 "" "" 2290.68579 2915.43188 4159.77661 2.0791 1884.1 5.9743 3310.2 8.2914 "" "" 0.0028082506648847354 0.004431442 0.004656147 0.009087589 114.03291143009 -20.51937148049 2547.76392 -1.258 2.3690000000000007
114.23325075473 -20.27250071575 0.0797 0.1003 14.1545 "" "" 5716234100959042432 2189.61328 0.4672 0.1337 -0.591 1.544 0.107 0.129 2.424 9280.3 3.6582 16.642817 1.676475 17.373627 15.697152 "" "" 1728.6936 2999.57642 4147.81902 6.9354 1534.5 8.2545 4171.5 9.9418 "" "" 0.003299624595311318 0.0064727277 0.0045803273 0.0110530555 114.23325075473 -20.27250071575 2189.61328 -0.591 1.5439999999999998
114.04014359512 -20.53874697353 0.0341 0.0387 10.9392 "" "" 5716203726949183616 2642.89966 0.3598 0.0549 -3.083 3.105 0.055 0.05 0.975 6355.9 4.4912 16.649206 1.178036 17.151482 15.973446 "" "" 2310.54321 3066.97046 4123.48592 2.277 1882.9 9.4717 3234.3 9.5211 "" "" 0.002819795256662747 0.006133092 0.0049496754 0.0110827675 114.04014359512 -20.53874697353 2642.89966 -3.0830000000000006 3.1050000000000004
114.08910893484 -20.65267346375 0.0352 0.0398 11.8087 "" "" 5715445613683529856 2560.70361 0.3693 0.0538 -2.995 3.13 0.053 0.054 1.044 5731.6 4.5551 16.651752 1.258879 17.208782 15.949903 "" "" 2262.40186 2926.75342 4113.82598 2.7765 1786.1 10.772 3305.2 10.018 "" "" 0.0028510983824908873 0.007117765 0.005011327 0.012129093 114.08910893484 -20.65267346375 2560.70361 -2.995 3.13
114.26619004109 -20.45122959813 0.0345 0.0387 3.9293 "" "" 5715454822093555584 2883.1748 0.3625 0.0609 -0.736 0.823 0.054 0.055 1.005 5290.1 4.499 16.652384 1.29545 17.22759 15.93214 "" "" 2377.41284 3488.52954 4111.43386 2.1234 1755.4 8.336 3359.7 9.0839 "" "" 0.0028118002375352317 0.005862468 0.0047855456 0.010648014 114.26619004109 -20.45122959813 2883.1748 -0.736 0.823
114.32561239454 -20.53913735052 0.0345 0.0415 5.5684 "" "" 5715450385384565504 2295.39575 0.4403 0.0576 -3.256 4.168 0.051 0.058 1.034 5904.8 4.5645 16.654192 1.177256 17.163488 15.986233 "" "" 1985.47388 2609.71191 4104.59396 2.4379 1862.2 9.8378 3196.4 7.2804 "" "" 0.0028297778225072003 0.0063784597 0.0045165583 0.010895018 114.32561239454 -20.53913735052 2295.39575 -3.2560000000000002 4.168
114.35802535171 -20.53001660718 0.0347 0.0407 7.1936 "" "" 5715450458406496768 2495.26294 0.4013 0.0584 -2.747 3.393 0.052 0.056 1.048 8318.3 4.3699 16.656845 1.273062 17.209074 15.936012 "" "" 2115.74902 2943.99512 4094.57254 1.8879 1785.6 6.4457 3347.8 10.623 "" "" 0.002800427509290432 0.004811038 0.005114 0.009925038 114.35802535171 -20.53001660718 2495.26294 -2.747 3.393
114.06252204149 -20.46224806946 0.0341 0.0397 9.9258 "" "" 5716204585942577792 2292.19971 0.419 0.0557 -2.783 5.299 0.051 0.052 1.065 5743.7 4.6144 16.657307 1.194179 17.168852 15.974673 "" "" 2019.30273 2636.64893 4092.83519 2.0193 1853.0 9.217 3230.6 9.4632 "" "" 0.0028069086977139607 0.0060787373 0.0049394886 0.011018226 114.06252204149 -20.46224806946 2292.19971 -2.7830000000000004 5.299
114.29489220731 -20.65952005939 0.035 0.042 9.7286 "" "" 5715447022432717568 2797.302 0.337 0.0574 -0.932 1.124 0.053 0.061 1.035 6023.6 4.4257 16.659184 1.429687 17.270428 15.840741 "" "" 2396.729 3178.97583 4085.76305 2.4337 1687.5 14.45 3654.8 21.451 "" "" 0.0028302013702968206 0.009706774 0.007408926 0.0171157 114.29489220731 -20.65952005939 2797.302 -0.9319999999999999 1.124
114.31465516392 -20.64944400907 0.0333 0.0391 9.6494 "" "" 5715447159871658880 2716.7229 0.3567 0.0562 -1.087 0.038 0.05 0.056 0.943 7624.3 4.4374 16.66389 1.380577 17.28217 15.901592 "" "" 2349.99438 3157.06348 4068.08857 2.1689 1669.4 6.5306 3455.6 6.4421 "" "" 0.0028154694341087625 0.0050818245 0.004287265 0.009369089 114.31465516392 -20.64944400907 2716.7229 -1.087 0.03799999999999999
114.27425453124 -20.5280425753 0.0377 0.0412 2.6453 "" "" 5715453207185595136 3200.81836 0.3099 0.0602 -1.923 3.023 0.053 0.058 1.049 8378.9 4.4533 16.665314 1.108217 17.127949 16.019732 "" "" 2653.2478 4154.41895 4062.75881 2.1156 1924.1 12.207 3099.3 9.9598 "" "" 0.0028127279701772243 0.0074318447 0.0051436783 0.012575523 114.27425453124 -20.5280425753 3200.81836 -1.923 3.0230000000000006
114.18085964327 -20.70748950105 0.0324 0.0378 12.2868 "" "" 5715441421795420416 3044.23389 0.3048 0.0511 -2.646 3.845 0.046 0.05 0.988 6080.2 4.4567 16.669647 1.128498 17.157272 16.028774 "" "" 2625.55371 3435.0249 4046.57574 2.0874 1872.9 7.575 3073.6 8.019 "" "" 0.0028116663686946894 0.005202739 0.004723112 0.009925852 114.18085964327 -20.70748950105 3044.23389 -2.6460000000000004 3.8450000000000006
114.07791667328 -20.50765996525 0.0347 0.0399 8.6652 "" "" 5716203142833578112 2254.47266 0.4264 0.0557 -0.079 2.41 0.054 0.052 0.984 5314.5 4.6577 16.672567 1.115292 17.141462 16.02617 "" "" 2030.41406 2511.31885 4035.7079 2.296 1900.3 8.8044 3081.0 8.8113 "" "" 0.002823710451714379 0.005752382 0.0048913434 0.010643725 114.07791667328 -20.50765996525 2254.47266 -0.07899999999999999 2.41
114.30751648659 -20.47544679751 0.0368 0.0414 4.677 "" "" 5715453825660860544 2911.57617 0.3539 0.0623 0.515 2.86 0.058 0.055 1.063 7177.9 4.3371 16.677208 1.300159 17.252947 15.952787 "" "" 2467.67773 3850.73145 4018.49287 2.1348 1714.9 6.5196 3296.4 9.5717 "" "" 0.002815044759925624 0.0049822507 0.004921669 0.00990392 114.30751648659 -20.47544679751 2911.57617 0.5150000000000001 2.86
113.96990134218 -20.51501385799 0.034 0.0364 14.7402 "" "" 5716201115609124992 2234.66089 0.4305 0.0537 -3.901 5.206 0.054 0.046 0.997 5308.6 4.6364 16.683739 1.120716 17.164032 16.043316 "" "" 2026.35486 2465.21484 3994.39978 2.0478 1861.2 8.248 3032.7 7.6674 "" "" 0.0028109815701794043 0.005561971 0.0046710568 0.010233028 113.96990134218 -20.51501385799 2234.66089 -3.900999999999999 5.206
114.47581914016 -20.49960862863 0.0368 0.0412 13.7065 "" "" 5715473513792110592 3030.70166 0.3119 0.062 -2.369 1.408 0.052 0.06 1.054 9504.2 4.174 16.68474 1.430386 17.31433 15.883944 "" "" 2576.0354 3513.42236 3990.71718 2.2723 1620.6 9.3751 3512.2 9.6707 "" "" 0.0028238233433110107 0.0068727876 0.004818819 0.011691607 114.47581914016 -20.49960862863 3030.70166 -2.3690000000000007 1.408
114.37570097788 -20.63060394424 0.0331 0.0377 10.9006 "" "" 5715448499901695616 2340.78052 0.4093 0.0548 -0.766 2.913 0.046 0.052 0.927 5551.8 4.5782 16.687733 1.292128 17.26159 15.969461 "" "" 2121.59692 2667.13745 3979.73326 2.0837 1701.3 7.4185 3246.2 7.6895 "" "" 0.0028133511211138186 0.0054953643 0.004571453 0.0100668175 114.37570097788 -20.63060394424 2340.78052 -0.766 2.913
114.10625209138 -20.67545716014 0.0339 0.0391 12.265 "" "" 5715444789049807616 2495.15063 0.3912 0.0509 -3.277 -0.023 0.049 0.053 1.036 5280.1 3.8984 16.695406 1.434182 17.355133 15.920951 "" "" 2214.73486 2901.71216 3951.70225 1.8919 1560.9 6.3922 3394.5 9.4398 "" "" 0.002803922944852641 0.005249257 0.004837366 0.010086623 114.10625209138 -20.67545716014 2495.15063 -3.277 -0.022999999999999913
114.07893013784 -20.62230033045 0.0363 0.0437 10.9883 "" "" 5715445922921171840 2398.96973 0.4064 0.0579 -2.51 3.32 0.058 0.06 1.117 5347.9 4.5833 16.697382 1.09807 17.148058 16.049988 "" "" 2074.12549 2792.79614 3944.51745 2.2504 1888.8 7.4841 3014.1 8.9983 "" "" 0.0028240891036887565 0.0051276595 0.004978969 0.010106629 114.07893013784 -20.62230033045 2398.96973 -2.51 3.32
114.1010802879 -20.3174859288 0.0327 0.0385 13.6201 "" "" 5716211011213546752 2262.98047 0.4196 0.0556 -2.818 3.453 0.047 0.051 0.927 5338.9 4.6198 16.702154 1.282426 17.267757 15.985332 "" "" 2048.39673 2625.01245 3927.21813 2.0519 1691.7 7.7329 3199.1 7.6243 "" "" 0.0028131109073541603 0.005693533 0.0045803254 0.010273859 114.1010802879 -20.3174859288 2262.98047 -2.818 3.453
114.05403647017 -20.53315389925 0.0352 0.0388 10.1158 "" "" 5716203005394663168 2250.20288 0.43 0.0551 -2.186 1.315 0.056 0.051 0.914 5809.0 4.5999 16.702759 1.212357 17.210089 15.997732 "" "" 2012.79382 2558.75513 3925.03223 2.1742 1783.9 12.121 3162.8 16.686 "" "" 0.0028201950177523722 0.007887224 0.006862506 0.01474973 114.05403647017 -20.53315389925 2250.20288 -2.186 1.3149999999999997
114.23349748555 -20.37591185145 0.0352 0.0415 7.95 "" "" 5716229393678069760 3192.75342 0.3042 0.0583 -4.119 2.968 0.052 0.062 0.997 6044.1 4.4633 16.705729 1.418926 17.345762 15.926836 "" "" 2668.19507 3872.00586 3914.31051 2.2519 1574.4 7.6692 3376.2 7.3105 "" "" 0.002825233362593515 0.005979693 0.00445092 0.0104306135 114.23349748555 -20.37591185145 3192.75342 -4.119 2.9680000000000004
114.33035797016 -20.50866795766 0.0347 0.04 5.5215 "" "" 5715453482063476096 2264.63745 0.415 0.0564 -1.874 5.292 0.049 0.054 0.949 5443.6 4.6255 16.705778 1.252853 17.252344 15.999491 "" "" 2004.65613 2591.55273 3914.13372 1.9857 1715.8 9.976 3157.6 15.174 "" "" 0.0028098365961057724 0.0069018137 0.0064425645 0.013344378 114.33035797016 -20.50866795766 2264.63745 -1.874 5.292
114.06258050814 -20.57688907188 0.0365 0.04 10.3733 "" "" 5716196820641772928 2553.84717 0.362 0.0563 -1.574 0.246 0.058 0.052 1.031 "" "" 16.705894 1.703471 17.51084 15.807368 "" "" 2237.20068 3066.10864 3913.71422 2.2872 1352.3 14.747 3768.9 14.875 "" "" 0.00282743592739382 0.012164404 0.0057136933 0.017878097 114.06258050814 -20.57688907188 2553.84717 -1.574 0.24600000000000005
