Clusters/Czernik_31/Czernik_31_stars_in_region.tsv
# %ECSV 1.0
# ---
# datatype:
# - name: RA_ICRS_1
#   unit: deg
#   datatype: float64
#   format: '{:15.11f}'
#   description: Right ascension (ICRS) at Ep=2016.0 (ra)
#   meta: !!omap
#   - {ucd: POS_EQ_RA_MAIN}
#   - {width: 15}
#   - {precision: '11'}
# - name: DE_ICRS_1
#   unit: deg
#   datatype: float64
#   format: '{:15.11f}'
#   description: Declination (ICRS) at Ep=2016.0 (dec)
#   meta: !!omap
#   - {ucd: POS_EQ_DEC_MAIN}
#   - {width: 15}
#   - {precision: '11'}
# - name: e_RA_ICRS
#   unit: mas
#   datatype: float64
#   format: '{:7.4f}'
#   description: Standard error of right ascension (ra_error)
#   meta: !!omap
#   - {ucd: ERROR}
#   - {width: 7}
#   - {precision: '4'}
# - name: e_DE_ICRS
#   unit: mas
#   datatype: float64
#   format: '{:7.4f}'
#   description: Standard error of declination (dec_error)
#   meta: !!omap
#   - {ucd: ERROR}
#   - {width: 7}
#   - {precision: '4'}
# - name: _r_1
#   unit: ''
#   datatype: float64
#   format: '{:7.4f}'
#   description: Distance from center (114.23210635000-20.50840608000)[ICRS], at Epoch=J2016.0
#   meta: !!omap
#   - {ucd: POS_ANG_DIST_GENERAL}
#   - {width: 7}
#   - {precision: '4'}
# - name: HIP
#   datatype: int32
#   description: '? HIP cross-id number, van Leeuwen, Cat. I/311 (hip_original_ext_source_id)'
#   meta: !!omap
#   - {ucd: ID_NUMBER}
#   - {width: 6}
#   - values: {'null': -2147483648}
# - name: TYC2
#   datatype: string
#   description: Tycho-2 cross-id name, Hog et al., Cat. I/259 (tyc2_original_ext_source_id)
#   meta: !!omap
#   - {ucd: ID_CROSSID}
#   - {_votable_string_dtype: char}
# - name: Source
#   datatype: int64
#   description: Source identifier, identical to the Gaia-EDR3 source_id (id)
#   meta: !!omap
#   - {ucd: ID_MAIN}
#   - {width: 19}
# - name: rgeo
#   unit: pc
#   datatype: float64
#   format: '{:15.8f}'
#   description: '? Median of the geometric distance posterior (r_med_geo)'
#   meta: !!omap
#   - {ucd: PHYS_DISTANCE_TRUE}
#   - {width: 15}
#   - {precision: '8'}
#   - values: {'null': .nan}
# - name: Plx
#   unit: mas
#   datatype: float64
#   format: '{:9.4f}'
#   description: '? Parallax (parallax)'
#   meta: !!omap
#   - {ucd: POS_PARLX_TRIG}
#   - {width: 9}
#   - {precision: '4'}
#   - values: {'null': .nan}
# - name: e_Plx
#   unit: mas
#   datatype: float32
#   format: '{:7.4f}'
#   description: '? Standard error of parallax (parallax_error)'
#   meta: !!omap
#   - {ucd: ERROR}
#   - {width: 7}
#   - {precision: '4'}
#   - values: {'null': .nan}
# - name: pmRA
#   unit: mas / yr
#   datatype: float64
#   format: '{:9.3f}'
#   description: '? Proper motion in right ascension direction, pmRA*cosDE (pmra)'
#   meta: !!omap
#   - {ucd: POS_EQ_PMRA}
#   - {width: 9}
#   - {precision: '3'}
#   - values: {'null': .nan}
# - name: pmDE
#   unit: mas / yr
#   datatype: float64
#   format: '{:9.3f}'
#   description: '? Proper motion in declination direction (pmdec)'
#   meta: !!omap
#   - {ucd: POS_EQ_PMDEC}
#   - {width: 9}
#   - {precision: '3'}
#   - values: {'null': .nan}
# - name: e_pmRA
#   unit: mas / yr
#   datatype: float32
#   format: '{:6.3f}'
#   description: '? Standard error of proper motion in right ascension direction (pmra_error)'
#   meta: !!omap
#   - {ucd: ERROR}
#   - {width: 6}
#   - {precision: '3'}
#   - values: {'null': .nan}
# - name: e_pmDE
[...]
#         value: !astropy.table.SerializedColumn {name: SkyCoord.dec}
#       distance: !astropy.table.SerializedColumn
#         __class__: astropy.coordinates.distances.Distance
#         unit: !astropy.units.Unit {unit: pc}
#         value: !astropy.table.SerializedColumn {name: SkyCoord.distance}
#       frame: icrs
#       obstime: !astropy.time.Time {format: jyear_str, in_subfmt: '*', jd1: 367701545.0, jd2: 0.0, out_subfmt: '*', precision: 3, scale: tt}
#       pm_dec: !astropy.table.SerializedColumn
#         __class__: astropy.units.quantity.Quantity
#         unit: !astropy.units.Unit {unit: mas / yr}
#         value: !astropy.table.SerializedColumn {name: SkyCoord.pm_dec}
#       pm_ra_cosdec: !astropy.table.SerializedColumn
#         __class__: astropy.units.quantity.Quantity
#         unit: !astropy.units.Unit {unit: mas / yr}
#         value: !astropy.table.SerializedColumn {name: SkyCoord.pm_ra_cosdec}
#       ra: !astropy.table.SerializedColumn
#         __class__: astropy.coordinates.angles.Longitude
#         unit: *id001
#         value: !astropy.table.SerializedColumn {name: SkyCoord.ra}
#         wrap_angle: !astropy.coordinates.Angle
#           unit: *id001
#           value: 360.0
#       representation_type: spherical
# schema: astropy-2.0
RA_ICRS_1 DE_ICRS_1 e_RA_ICRS e_DE_ICRS _r_1 HIP TYC2 Source rgeo Plx e_Plx pmRA pmDE e_pmRA e_pmDE RUWE Teff logg Gmag BP-RP BPmag RPmag RV e_RV b_rgeo B_rgeo FG e_FG FBP e_FBP FRP e_FRP RAVE5 RAVE6 e_Gmag e_BPmag e_RPmag e_BP-RP SkyCoord.ra SkyCoord.dec SkyCoord.distance SkyCoord.pm_ra_cosdec SkyCoord.pm_dec rmRA rmDE e_rmRA e_rmDE rRV e_rRV v_pec v_pec3d e_vpec e_vpec3d
[from data line 95]
114.00352254989 -20.62679402207 0.0163 0.0193 14.6746 "" "" 5716196236526318720 2231.56299 0.413 0.0256 -3.189 5.024 0.025 0.025 1.703 7151.0 3.5526 14.21081 0.761791 14.505425 13.743633 "" "" 2087.06689 2397.52637 38960.33949 8.8966 21540.0 19.063 25218.0 15.336 "" "" 0.0027664521880828683 0.0029509899 0.003836625 0.006787615 114.00352254989 -20.62679402207 2231.56299 -3.189 5.024 -1.2317272319793702 1.9370001068115235 0.14972667 0.14972667 "" "" 24.28044229794345 "" 3.635429867565422 ""
114.04028586547 -20.56230473942 0.0129 0.0143 11.2526 "" "" 5716197026800215936 2254.57593 0.4034 0.0196 -3.081 3.131 0.021 0.019 1.218 "" "" 14.212312 0.678691 14.458893 13.780202 "" "" 2167.06982 2368.16675 38906.50052 10.999 22483.0 17.325 24382.0 28.342 "" "" 0.0027723640392161935 0.0029129074 0.0039845407 0.006897448 114.04028586547 -20.56230473942 2254.57593 -3.0810000000000013 3.1310000000000007 -1.12372723197937 0.04400010681152322 0.14572668 0.14372668 "" "" 12.01812670634222 "" 1.7513251709982398 ""
114.02803350424 -20.58521599809 0.0112 0.0126 12.357 "" "" 5716196889361289088 2532.17407 0.356 0.0171 -3.138 3.147 0.018 0.017 1.003 9741.2 4.1018 14.215371 0.618245 14.446476 13.828231 "" "" 2438.53149 2652.64136 38797.01598 10.565 22742.0 15.032 23327.0 13.72 "" "" 0.00277113792638506 0.002880984 0.0038329517 0.0067139356 114.02803350424 -20.58521599809 2532.17407 -3.1380000000000003 3.1469999999999994 -1.18072723197937 0.060000106811523235 0.14272667 0.14172667 "" "" 14.189970511022757 "" 2.0252508841924466 ""
114.41861565409 -20.64345894393 0.0111 0.0122 13.2447 "" "" 5715436886310111488 2575.57324 0.353 0.0179 -2.555 1.002 0.016 0.017 0.977 5127.3 2.9318 14.219584 1.758758 15.07214 13.313381 71.33 2.1 2459.66846 2690.30444 38646.7361 9.3453 12781.0 12.156 37481.0 15.251 "" "" 0.0027678004970795693 0.0029751302 0.0038051151 0.0067802453 114.41861565409 -20.64345894393 2575.57324 -2.555000000000002 1.0020000000000002 -0.5977272319793703 -2.084999893188477 0.14072667 0.14172667 "" "" 26.479458094887697 "" 3.750841093518498 ""
113.98597796476 -20.57314235871 0.0123 0.0127 14.3639 "" "" 5716197679635312256 2348.82959 0.3811 0.0175 -3.044 3.143 0.019 0.017 0.933 10639.8 3.8194 14.227212 0.572239 14.439881 13.867642 "" "" 2260.82031 2445.46289 38376.18317 11.686 22880.0 21.451 22496.0 13.034 "" "" 0.0027750853377132103 0.0029700538 0.0038313773 0.006801431 113.98597796476 -20.57314235871 2348.82959 -3.043999999999998 3.143 -1.0867272319793702 0.05600010681152323 0.14372668 0.14172667 "" "" 12.115079225819414 "" 1.741196348955779 ""
114.19041073913 -20.50154954185 0.0122 0.0141 2.3791 "" "" 5715454237977779968 2406.55127 0.3823 0.0207 -3.11 3.057 0.019 0.019 1.099 9692.7 3.8372 14.232428 0.748159 14.519819 13.77166 "" "" 2268.12988 2534.21753 38192.27546 9.2907 21256.0 16.016 24575.0 15.827 "" "" 0.0027679500474338445 0.002907629 0.003843523 0.0067511518 114.19041073913 -20.50154954185 2406.55127 -3.1100000000000003 3.057 -1.15272723197937 -0.029999893188476623 0.14372668 0.14372668 "" "" 13.153672936044835 "" 1.8905336975293314 ""
114.36177285623 -20.67821207357 0.0109 0.0126 12.5237 "" "" 5715435065244014336 2534.76318 0.3534 0.018 -2.742 0.458 0.016 0.018 1.023 8730.5 3.425 14.237478 0.951625 14.623141 13.671516 "" "" 2435.177 2631.24658 38015.04898 6.6952 19327.0 14.377 26950.0 16.506 "" "" 0.002761947559883198 0.0029047136 0.0038374371 0.0067421505 114.36177285623 -20.67821207357 2534.76318 -2.742 0.4579999999999997 -0.7847272319793701 -2.6289998931884764 0.14072667 0.14272667 "" "" 32.96395434866974 "" 4.699476951584005 ""
114.07291047978 -20.5974224116 0.0112 0.0132 10.4172 "" "" 5715446094719858048 2563.61572 0.3544 0.018 -3.146 3.143 0.019 0.018 1.01 10376.8 3.8165 14.245894 0.555257 14.451757 13.896501 "" "" 2458.33008 2666.82788 37721.50744 10.393 22632.0 19.385 21906.0 15.487 "" "" 0.002771511291981415 0.0029410687 0.0038565425 0.0067976112 114.07291047978 -20.5974224116 2563.61572 -3.1459999999999995 3.143 -1.18872723197937 0.05600010681152323 0.14372668 0.14272667 "" "" 14.4608845009731 "" 2.0783829608182507 ""
114.10721186839 -20.5014547042 0.0119 0.0137 7.0313 "" "" 5716203486430928640 2386.04126 0.3801 0.0197 -3.113 3.12 0.019 0.018 1.016 10567.9 3.9604 14.248997 0.596159 14.425118 13.828959 "" "" 2270.69141 2522.33667 37613.87737 19.517 23194.0 113.1 23312.0 160.58 "" "" 0.002812324424471713 0.005984565 0.008379576 0.01436414 114.10721186839 -20.5014547042 2386.04126 -3.113 3.12 -1.15572723197937 0.033000106811523544 0.14372668 0.14272667 "" "" 13.076412333735762 "" 1.8794186723498325 ""
114.35089639694 -20.40741828066 0.0139 0.0152 9.0171 "" "" 5715478633393331840 2622.46899 0.3432 0.023 -1.249 0.729 0.021 0.021 1.183 5762.0 3.3548 14.250307 1.319887 14.833326 13.513439 70.49 5.44 2484.6626 2785.71826 37568.5193 8.7219 15925.0 16.306 31173.0 18.388 "" "" 0.0027668259441824966 0.00300349 0.0038332616 0.0068367515 114.35089639694 -20.40741828066 2622.46899 -1.249 0.729 0.7082727680206298 -2.3579998931884765 0.14572668 0.14572668 "" "" 30.604831978485162 "" 4.459940579307952 ""
114.02891153767 -20.62246207067 0.0115 0.0134 13.3089 "" "" 5716196202166544384 2378.79834 0.3814 0.0181 -3.121 3.089 0.018 0.019 0.996 10776.3 4.0452 14.258019 0.469286 14.42671 13.957424 "" "" 2281.74805 2470.41724 37302.61717 12.11 23160.0 20.587 20710.0 17.753 "" "" 0.0027777740190084634 0.002952371 0.0038922941 0.006844665 114.02891153767 -20.62246207067 2378.79834 -3.121 3.089 -1.1637272319793701 0.0020001068115234055 0.14272667 0.14372668 "" "" 13.121630592553862 "" 1.872806739697782 ""
114.08486950714 -20.60888867588 0.0113 0.0137 10.2356 "" "" 5715446026000378496 2282.56226 0.3962 0.0185 -3.074 3.14 0.018 0.018 1.032 "" "" 14.281479 0.607784 14.508266 13.900482 "" "" 2197.52808 2371.34424 36505.2529 8.9772 21484.0 13.832 21826.0 18.202 "" "" 0.002768226495314379 0.0028764016 0.003886333 0.0067627346 114.08486950714 -20.60888867588 2282.56226 -3.074 3.14 -1.11672723197937 0.05300010681152356 0.14272667 0.14272667 "" "" 12.095857134449298 "" 1.7264014661552103 ""
114.42470355259 -20.64958188414 0.0111 0.0125 13.74 "" "" 5715436886310110336 2937.229 0.3036 0.0181 -3.857 3.3 0.016 0.018 1.012 5280.6 2.8493 14.287386 1.892938 15.227487 13.334549 82.26 1.81 2809.36377 3067.15381 36307.1711 9.7188 11077.0 14.614 36757.0 18.373 "" "" 0.0027706058529060992 0.0031363806 0.0038181483 0.006954529 114.42470355259 -20.64958188414 2937.229 -3.857 3.3 -1.8997272319793703 0.21300010681152326 0.14072667 0.14272667 "" "" 26.61461482644356 "" 3.7460516209007446 ""
114.1636533592 -20.59576148561 0.0122 0.014 6.5009 "" "" 5715451076881880704 2453.7417 0.3728 0.0191 -3.129 3.02 0.02 0.019 1.024 9665.3 3.7799 14.297383 0.631255 14.533155 13.9019 "" "" 2380.6936 2572.97217 35974.37584 8.0576 20997.0 15.857 21797.0 13.856 "" "" 0.0027660311517699204 0.0029081556 0.0038418851 0.0067500407 114.1636533592 -20.59576148561 2453.7417 -3.129 3.02 -1.1717272319793701 -0.06699989318847654 0.14472668 0.14372668 "" "" 13.650310680948666 "" 1.9755197959133266 ""
114.25051714337 -20.71559077323 0.0115 0.0141 12.474 "" "" 5715446266518790400 2424.10034 0.3779 0.0189 -2.43 0.596 0.017 0.02 0.948 7351.0 3.6438 14.307632 0.905358 14.672627 13.767269 "" "" 2317.5354 2535.42944 35636.39936 13.146 18466.0 26.214 24675.0 21.099 "" "" 0.0027842782913475375 0.003187574 0.0038917386 0.0070793126 114.25051714337 -20.71559077323 2424.10034 -2.43 0.5960000000000003 -0.4727272319793703 -2.4909998931884765 0.14172667 0.14472668 "" "" 29.133019397074445 "" 4.21331735917838 ""
114.05774505761 -20.64814821724 0.0123 0.0136 12.8928 "" "" 5715445304445898752 2594.44287 0.3442 0.0201 -3.094 3.109 0.02 0.018 0.949 10012.2 3.8613 14.310353 0.550677 14.515055 13.964377 "" "" 2486.38574 2746.12036 35547.21173 10.148 21350.0 17.805 20578.0 14.92 "" "" 0.0027726993623316282 0.0029334116 0.0038604955 0.006793907 114.05774505761 -20.64814821724 2594.44287 -3.094 3.108999999999999 -1.13672723197937 0.022000106811523423 0.14472668 0.14272667 "" "" 13.981701958676483 "" 2.0235148893292227 ""
114.19605122469 -20.53576802616 0.0121 0.0132 2.6077 "" "" 5715452451271390976 2696.39087 0.3326 0.0193 -2.725 3.053 0.018 0.018 0.953 8045.1 3.5266 14.321826 0.540381 14.521071 13.980691 "" "" 2549.25586 2839.01465 35173.56552 10.389 21232.0 17.437 20271.0 14.938 "" "" 0.002773919554119949 0.0029291855 0.0038631437 0.0067923293 114.19605122469 -20.53576802616 2696.39087 -2.7249999999999996 3.053 -0.7677272319793702 -0.033999893188476626 0.14272667 0.14272667 "" "" 9.82185698986628 "" 1.4018409873062663 ""
114.06481029138 -20.33943203885 0.0113 0.0132 13.8302 "" "" 5716210564536977152 2517.2915 0.3584 0.0197 -2.036 0.981 0.016 0.017 0.96 "" "" 14.328009 0.833405 14.656556 13.823152 "" "" 2392.60156 2678.76758 34973.8419 6.6611 18741.0 12.437 23437.0 13.051 "" "" 0.002763069124868342 0.0028817009 0.003827436 0.006709137 114.06481029138 -20.33943203885 2517.2915 -2.036 0.981000000000001 -0.07872723197937015 -2.1059998931884767 0.14072667 0.14172667 "" "" 25.14626189355614 "" 3.563861059938398 ""
114.37116132644 -20.52510190136 0.012 0.0138 7.878 "" "" 5715473719950586496 2252.51562 0.4001 0.0198 -2.576 2.46 0.017 0.019 1.033 4883.4 2.8047 14.339031 2.180738 15.476828 13.296089 90.54 1.61 2175.36499 2360.02515 34620.58192 7.4681 8804.1 13.236 38082.0 17.223 "" "" 0.0027652562936397156 0.0032325538 0.0038111473 0.007043701 114.37116132644 -20.52510190136 2252.51562 -2.5759999999999996 2.46 -0.6187272319793702 -0.6269998931884766 0.14172667 0.14372668 "" "" 9.405105084547829 "" 1.3425172226460913 ""
114.25963274103 -20.41068337776 0.0118 0.0136 6.0641 "" "" 5716229015717794176 2784.58545 0.3226 0.0198 -1.971 3.104 0.018 0.02 0.99 12118.8 4.0245 14.343039 0.787132 14.648701 13.861568 "" "" 2632.07251 2960.20874 34492.9917 8.545 18877.0 14.018 22622.0 17.446 "" "" 0.002768417385467729 0.0029043262 0.0038710237 0.00677535 114.25963274103 -20.41068337776 2784.58545 -1.9709999999999988 3.104 -0.013727231979370202 0.01700010681152353 0.14272667 0.14472668 "" "" 0.28840217593738526 "" 0.0415127920257305 ""
114.29196017488 -20.28113065409 0.0116 0.0134 14.0458 "" "" 5716232382972093184 2805.2915 0.3142 0.0193 -1.332 2.654 0.017 0.019 1.009 5221.7 2.9702 14.35914 2.04582 15.402022 13.356202 47.9 1.88 2648.10742 2979.12671 33985.25125 8.7449 9432.1 11.846 36031.0 21.309 "" "" 0.0027694476330012985 0.0031055529 0.003833541 0.0069390936 114.29196017488 -20.28113065409 2805.2915 -1.332 2.654 0.6252727680206298 -0.43299989318847665 0.14172667 0.14372668 "" "" 10.11325843453083 "" 1.4399054241889864 ""
114.03524480288 -20.60917665625 0.0205 0.0231 12.6043 "" "" 5716196580123651456 2954.35864 0.3044 0.0314 -3.197 3.253 0.033 0.033 1.714 8819.5 3.5238 14.374311 0.711179 14.631087 13.919909 "" "" 2723.93774 3196.94238 33513.67537 10.493 19186.0 16.173 21439.0 15.607 "" "" 0.0027762111630527846 0.0029364426 0.0038611447 0.0067975875 114.03524480288 -20.60917665625 2954.35864 -3.197 3.2530000000000006 -1.2397272319793702 0.16600010681152355 0.15772668 0.15772668 "" "" 17.51566034301649 "" 2.762686871097398 ""
114.14275585734 -20.67576610928 0.0132 0.0156 11.2258 "" "" 5715444651610835840 2497.38257 0.3647 0.0206 -3.024 3.123 0.02 0.02 1.056 10125.9 3.972 14.400858 0.500694 14.583909 14.083215 "" "" 2368.61011 2629.00171 32704.19551 10.818 20038.0 18.575 18445.0 15.159 "" "" 0.002778627960089141 0.0029661458 0.0038832906 0.006849436 114.14275585734 -20.67576610928 2497.38257 -3.024000000000001 3.123000000000001 -1.0667272319793701 0.03600010681152366 0.14472668 0.14472668 "" "" 12.634672147458081 "" 1.828574136732134 ""
114.11292194518 -20.59789837605 0.0123 0.0144 8.5829 "" "" 5715451729716931072 2490.14966 0.3582 0.019 -3.072 3.157 0.019 0.019 1.022 10710.1 4.2161 14.400972 0.561338 14.607204 14.045867 "" "" 2371.9729 2588.39819 32700.75955 8.9314 19613.0 16.578 19090.0 13.955 "" "" 0.002771231943989062 0.002937221 0.0038618213 0.006799042 114.11292194518 -20.59789837605 2490.14966 -3.071999999999999 3.157 -1.1147272319793702 0.07000010681152347 0.14372668 0.14372668 "" "" 13.183386827112898 "" 1.8948043763444444 ""
114.18524334317 -20.58842732255 0.0126 0.015 5.4758 "" "" 5715451454838992896 2969.14307 0.3026 0.0208 -1.986 3.065 0.019 0.02 1.01 10319.1 4.0093 14.419098 0.604608 14.644145 14.039537 "" "" 2780.09204 3183.12915 32159.3779 7.3542 18957.0 20.103 19202.0 14.05 "" "" 0.0027664842855626205 0.0030183943 0.0038619738 0.006880368 114.18524334317 -20.58842732255 2969.14307 -1.9859999999999998 3.065 -0.028727231979370105 -0.021999893188476616 0.14372668 0.14472668 "" "" 0.509237782217364 "" 0.07337971814982644 ""
114.05321438044 -20.62627957004 0.0126 0.0146 12.2886 "" "" 5715445957280922496 2528.99023 0.3533 0.0196 -3.16 2.994 0.02 0.02 1.027 10733.1 3.9668 14.445797 0.643878 14.685138 14.04126 "" "" 2418.46826 2669.94531 31378.18986 7.4461 18254.0 23.37 19171.0 15.427 "" "" 0.0027673401388395662 0.0031172486 0.0038790558 0.0069963047 114.05321438044 -20.62627957004 2528.99023 -3.16 2.9939999999999998 -1.2027272319793703 -0.09299989318847635 0.14472668 0.14472668 "" "" 14.46062623786039 "" 2.0928384077477973 ""
114.0955093765 -20.62045353847 0.0129 0.0149 10.202 "" "" 5715445819841947008 2511.25757 0.3548 0.0196 -3.191 2.991 0.021 0.02 1.009 9798.6 3.9107 14.44885 0.546765 14.654432 14.107667 "" "" 2385.5376 2631.66187 31290.09246 9.8251 18778.0 19.145 18034.0 14.867 "" "" 0.002776331553229094 0.0030017328 0.0038839248 0.0068856576 114.0955093765 -20.62045353847 2511.25757 -3.1909999999999994 2.990999999999998 -1.23372723197937 -0.09599989318847646 0.14572668 0.14472668 "" "" 14.72989260818393 "" 2.1464500093618293 ""
114.39715343226 -20.53799106725 0.0122 0.0141 9.4426 "" "" 5715472895316859136 2734.84814 0.3284 0.0208 -1.922 2.786 0.019 0.02 0.969 13608.5 4.4029 14.472589 0.843718 14.802453 13.958735 "" "" 2584.62524 2922.05566 30613.38506 8.1928 16385.0 17.587 20685.0 14.979 "" "" 0.002770598887393185 0.0030237676 0.0038602967 0.0068840645 114.39715343226 -20.53799106725 2734.84814 -1.9220000000000006 2.786 0.03527276802062995 -0.30099989318847653 0.14372668 0.14472668 "" "" 3.9286158314100166 "" 0.5685224840592922 ""
114.09106052127 -20.61227236406 0.0124 0.0141 10.0808 "" "" 5715446026000376704 2481.73218 0.3664 0.0194 -2.237 0.487 0.02 0.019 0.946 9434.7 3.7807 14.490802 0.617743 14.722305 14.104563 "" "" 2354.74365 2617.80811 30104.12889 8.6653 17640.0 13.84 18086.0 11.78 "" "" 0.00277298755334072 0.002917309 0.0038449739 0.006762283 114.09106052127 -20.61227236406 2481.73218 -2.237 0.487 -0.2797272319793702 -2.5999998931884765 0.14472668 0.14372668 "" "" 30.76136750726199 "" 4.4215823237970335 ""
114.2804406773 -20.60842845528 0.0119 0.0146 6.5871 "" "" 5715448053224861056 2791.26123 0.3251 0.0204 -2.183 3.097 0.018 0.02 1.008 13495.7 4.4015 14.491738 0.77939 14.791752 14.012362 "" "" 2649.99316 2968.87012 30078.167 7.1128 16547.0 22.758 19689.0 15.874 "" "" 0.00276725692784665 0.0031646346 0.003879431 0.0070440657 114.2804406773 -20.60842845528 2791.26123 -2.183 3.097 -0.22572723197936995 0.010000106811523413 0.14272667 0.14472668 "" "" 2.9894310836142237 "" 0.4266833510411036 ""
