Clusters/Czernik_31/Czernik_31_stars_in_region.tsv
# %ECSV 1.0
# ---
# datatype:
# - name: RA_ICRS_1
#   unit: deg
#   datatype: float64
#   format: '{:15.11f}'
#   description: Right ascension (ICRS) at Ep=2016.0 (ra)
#   meta: !!omap
#   - {ucd: POS_EQ_RA_MAIN}
#   - {width: 15}
#   - {precision: '11'}
# - name: DE_ICRS_1
#   unit: deg
#   datatype: float64
#   format: '{:15.11f}'
#   description: Declination (ICRS) at Ep=2016.0 (dec)
#   meta: !!omap
#   - {ucd: POS_EQ_DEC_MAIN}
#   - {width: 15}
#   - {precision: '11'}
# - name: e_RA_ICRS
#   unit: mas
#   datatype: float64
#   format: '{:7.4f}'
#   description: Standard error of right ascension (ra_error)
#   meta: !!omap
#   - {ucd: ERROR}
#   - {width: 7}
#   - {precision: '4'}
# - name: e_DE_ICRS
#   unit: mas
#   datatype: float64
#   format: '{:7.4f}'
#   description: Standard error of declination (dec_error)
#   meta: !!omap
#   - {ucd: ERROR}
#   - {width: 7}
#   - {precision: '4'}
# - name: _r_1
#   unit: ''
#   datatype: float64
#   format: '{:7.4f}'
#   description: Distance from center (114.23210635000-20.50840608000)[ICRS], at Epoch=J2016.0
#   meta: !!omap
#   - {ucd: POS_ANG_DIST_GENERAL}
#   - {width: 7}
#   - {precision: '4'}
# - name: HIP
#   datatype: int32
#   description: '? HIP cross-id number, van Leeuwen, Cat. I/311 (hip_original_ext_source_id)'
#   meta: !!omap
#   - {ucd: ID_NUMBER}
#   - {width: 6}
#   - values: {'null': -2147483648}
# - name: TYC2
#   datatype: string
#   description: Tycho-2 cross-id name, Hog et al., Cat. I/259 (tyc2_original_ext_source_id)
#   meta: !!omap
#   - {ucd: ID_CROSSID}
#   - {_votable_string_dtype: char}
# - name: Source
#   datatype: int64
#   description: Source identifier, identical to the Gaia-EDR3 source_id (id)
#   meta: !!omap
#   - {ucd: ID_MAIN}
#   - {width: 19}
# - name: rgeo
#   unit: pc
#   datatype: float64
#   format: '{:15.8f}'
#   description: '? Median of the geometric distance posterior (r_med_geo)'
#   meta: !!omap
#   - {ucd: PHYS_DISTANCE_TRUE}
#   - {width: 15}
#   - {precision: '8'}
#   - values: {'null': .nan}
# - name: Plx
#   unit: mas
#   datatype: float64
#   format: '{:9.4f}'
#   description: '? Parallax (parallax)'
#   meta: !!omap
#   - {ucd: POS_PARLX_TRIG}
#   - {width: 9}
#   - {precision: '4'}
#   - values: {'null': .nan}
# - name: e_Plx
#   unit: mas
#   datatype: float32
#   format: '{:7.4f}'
#   description: '? Standard error of parallax (parallax_error)'
#   meta: !!omap
#   - {ucd: ERROR}
#   - {width: 7}
#   - {precision: '4'}
#   - values: {'null': .nan}
# - name: pmRA
#   unit: mas / yr
#   datatype: float64
#   format: '{:9.3f}'
#   description: '? Proper motion in right ascension direction, pmRA*cosDE (pmra)'
#   meta: !!omap
#   - {ucd: POS_EQ_PMRA}
#   - {width: 9}
#   - {precision: '3'}
#   - values: {'null': .nan}
# - name: pmDE
#   unit: mas / yr
#   datatype: float64
#   format: '{:9.3f}'
#   description: '? Proper motion in declination direction (pmdec)'
#   meta: !!omap
#   - {ucd: POS_EQ_PMDEC}
#   - {width: 9}
#   - {precision: '3'}
#   - values: {'null': .nan}
# - name: e_pmRA
#   unit: mas / yr
#   datatype: float32
#   format: '{:6.3f}'
#   description: '? Standard error of proper motion in right ascension direction (pmra_error)'
#   meta: !!omap
#   - {ucd: ERROR}
#   - {width: 6}
#   - {precision: '3'}
#   - values: {'null': .nan}
# - name: e_pmDE
[...]
#         unit: &id001 !astropy.units.Unit {unit: deg}
#         value: !astropy.table.SerializedColumn {name: SkyCoord.dec}
#       distance: !astropy.table.SerializedColumn
#         __class__: astropy.coordinates.distances.Distance
#         unit: !astropy.units.Unit {unit: pc}
#         value: !astropy.table.SerializedColumn {name: SkyCoord.distance}
#       frame: icrs
#       obstime: !astropy.time.Time {format: jyear_str, in_subfmt: '*', jd1: 367701545.0, jd2: 0.0, out_subfmt: '*', precision: 3, scale: tt}
#       pm_dec: !astropy.table.SerializedColumn
#         __class__: astropy.units.quantity.Quantity
#         unit: !astropy.units.Unit {unit: mas / yr}
#         value: !astropy.table.SerializedColumn {name: SkyCoord.pm_dec}
#       pm_ra_cosdec: !astropy.table.SerializedColumn
#         __class__: astropy.units.quantity.Quantity
#         unit: !astropy.units.Unit {unit: mas / yr}
#         value: !astropy.table.SerializedColumn {name: SkyCoord.pm_ra_cosdec}
#       ra: !astropy.table.SerializedColumn
#         __class__: astropy.coordinates.angles.Longitude
#         unit: *id001
#         value: !astropy.table.SerializedColumn {name: SkyCoord.ra}
#         wrap_angle: !astropy.coordinates.Angle
#           unit: *id001
#           value: 360.0
#       representation_type: spherical
# schema: astropy-2.0
RA_ICRS_1 DE_ICRS_1 e_RA_ICRS e_DE_ICRS _r_1 HIP TYC2 Source rgeo Plx e_Plx pmRA pmDE e_pmRA e_pmDE RUWE Teff logg Gmag BP-RP BPmag RPmag RV e_RV b_rgeo B_rgeo FG e_FG FBP e_FBP FRP e_FRP RAVE5 RAVE6 e_Gmag e_BPmag e_RPmag e_BP-RP SkyCoord.ra SkyCoord.dec SkyCoord.distance SkyCoord.pm_ra_cosdec SkyCoord.pm_dec
[from data line 445]
114.04603275467 -20.44748339703 0.0302 0.0337 11.0793 "" "" 5716207609599561472 2883.18066 0.3299 0.0527 -3.263 4.058 0.046 0.046 1.009 "" "" 16.472078 1.412128 17.057678 15.64555 "" "" 2509.25391 3305.76416 4854.17393 2.2624 2052.8 33.339 4374.6 27.819 "" "" 0.00280140290187018 0.017852549 0.007871137 0.025723685 114.04603275467 -20.44748339703 2883.18066 -3.263 4.058
114.45312229391 -20.61752452997 0.0315 0.0375 14.0365 "" "" 5715437058108782208 2888.06934 0.3377 0.054 -1.103 2.916 0.045 0.052 1.029 4858.6 4.1555 16.47315 1.766551 17.334028 15.567477 "" "" 2522.44189 3336.99219 4849.38101 2.5011 1591.5 7.6297 4700.8 10.87 "" "" 0.00281164755889609 0.005905728 0.004537287 0.010443015 114.45312229391 -20.61752452997 2888.06934 -1.103 2.9160000000000004
114.3638197706 -20.56541260151 0.0314 0.0375 8.1527 "" "" 5715450046089639680 2512.75977 0.4026 0.0552 -1.226 0.18 0.047 0.049 1.019 4861.2 4.1647 16.476934 1.925328 17.441212 15.515883 "" "" 2138.5791 2932.86377 4832.51062 2.3576 1441.9 6.5634 4929.5 6.241 "" "" 0.0028057727396840703 0.005675397 0.0040215976 0.009696994 114.3638197706 -20.56541260151 2512.75977 -1.2259999999999998 0.18
114.25724941788 -20.59964337618 0.0291 0.0354 5.6535 "" "" 5715448328102776320 2627.77759 0.368 0.0506 -0.66 0.186 0.044 0.048 0.962 6747.0 4.3594 16.477694 1.297183 17.048498 15.751315 "" "" 2361.77612 2948.74976 4829.13881 2.3072 2070.2 15.162 3968.6 6.8279 "" "" 0.0028037240101475847 0.008427162 0.004215816 0.012642978 114.25724941788 -20.59964337618 2627.77759 -0.66 0.18599999999999994
114.49367412233 -20.53624427645 0.0306 0.0362 14.7927 "" "" 5715461384804468480 2455.6665 0.3905 0.0492 -4.463 5.79 0.047 0.052 1.029 7435.4 4.3533 16.478891 1.616733 17.236814 15.620082 "" "" 2204.71948 2794.37744 4823.80613 2.2839 1740.6 8.2491 4478.4 12.203 "" "" 0.002802863590289268 0.0058533526 0.004799615 0.010652968 114.49367412233 -20.53624427645 2455.6665 -4.463000000000001 5.789999999999999
114.20096645527 -20.67609773599 0.0305 0.035 10.2124 "" "" 5715447331670403328 2953.50122 0.3238 0.0471 -0.496 4.179 0.044 0.046 0.956 8354.7 4.4747 16.484848 1.119741 16.945276 15.825535 "" "" 2594.98267 3541.93213 4797.41564 2.4533 2276.7 7.7361 3706.3 8.0362 "" "" 0.0028107049297863506 0.004625556 0.0044526123 0.009078168 114.20096645527 -20.67609773599 2953.50122 -0.496 4.179000000000001
114.0191006512 -20.38879918874 0.0297 0.0334 13.9607 "" "" 5716208812190396032 2849.63379 0.3296 0.0524 -2.715 3.983 0.044 0.043 0.965 7343.6 4.3352 16.488132 1.259325 17.038254 15.778929 "" "" 2474.07471 3241.53174 4782.92936 2.1827 2089.9 7.1422 3868.9 8.4052 "" "" 0.0027995156482537196 0.0046424945 0.0044550537 0.009097548 114.0191006512 -20.38879918874 2849.63379 -2.7150000000000003 3.983
114.45836627489 -20.49213137759 0.0323 0.0363 12.7533 "" "" 5715473479432376832 2922.93481 0.3485 0.0511 -0.984 1.92 0.045 0.051 0.963 7623.5 4.1031 16.489626 1.445139 17.14444 15.699301 "" "" 2530.29614 3569.14453 4776.35142 2.3918 1895.1 9.5219 4163.3 11.294 "" "" 0.0028084498081519305 0.006127394 0.004791525 0.010918919 114.45836627489 -20.49213137759 2922.93481 -0.984 1.92
114.38887317625 -20.55100539898 0.0292 0.0349 9.172 "" "" 5715449423311862784 3044.40015 0.3138 0.0504 -2.189 3.076 0.044 0.047 0.971 8913.0 4.3848 16.491488 1.15543 16.983366 15.827936 "" "" 2614.6814 3532.02856 4768.17297 2.2035 2198.2 12.406 3698.1 11.271 "" "" 0.002800632090721344 0.0067329244 0.0050233235 0.011756248 114.38887317625 -20.55100539898 3044.40015 -2.189 3.076
114.46881328952 -20.58286869138 0.0297 0.0363 14.0294 "" "" 5715460766329378432 2808.78735 0.3445 0.0506 -0.729 0.54 0.045 0.052 1.049 7664.3 4.3283 16.496778 1.419797 17.137682 15.717885 "" "" 2496.96484 3258.3418 4744.9901 2.4955 1907.0 7.2201 4092.6 7.8463 "" "" 0.0028138667615110516 0.004968197 0.0043147 0.009282897 114.46881328952 -20.58286869138 2808.78735 -0.7289999999999999 0.5400000000000001
114.2249192871 -20.30437404776 0.0317 0.0367 12.2486 "" "" 5716231008582605056 2892.73267 0.3392 0.0536 -1.12 4.66 0.046 0.051 1.083 5443.2 4.2557 16.499458 1.572784 17.224834 15.65205 "" "" 2573.45825 3304.77393 4733.28985 2.4318 1759.9 12.206 4348.5 12.585 "" "" 0.0028112177680064783 0.008030553 0.0049150116 0.012945564 114.2249192871 -20.30437404776 2892.73267 -1.12 4.66
114.04129420145 -20.56216902309 0.0304 0.0337 11.196 "" "" 5716197026800215424 3133.71533 0.311 0.0466 -1.158 1.099 0.048 0.044 1.03 6163.0 4.455 16.506037 1.09628 16.92123 15.82495 "" "" 2705.37598 3726.427 4704.69977 2.1397 2327.7 17.41 3708.3 13.748 "" "" 0.0027992179842603205 0.00858671 0.0055214195 0.01410813 114.04129420145 -20.56216902309 3133.71533 -1.158 1.099
114.12185351806 -20.38884117299 0.0322 0.0394 9.4807 "" "" 5716206441368355328 2859.13062 0.3295 0.0547 -2.257 1.169 0.05 0.057 0.966 7197.7 4.3393 16.506044 1.40914 17.140413 15.731274 "" "" 2521.5354 3389.29248 4704.66835 2.3026 1902.2 7.6042 4042.5 12.029 "" "" 0.0028060943047331414 0.0051597888 0.0049720714 0.01013186 114.12185351806 -20.38884117299 2859.13062 -2.257 1.169
114.36493738342 -20.6424615579 0.0299 0.0358 10.9713 "" "" 5715448396822489344 3058.43921 0.3003 0.0495 -1.816 3.255 0.043 0.05 1.006 8721.8 4.3596 16.50743 1.20832 17.029999 15.821679 "" "" 2752.18262 3607.32935 4698.6687 2.3118 2105.8 7.4542 3719.5 8.0868 "" "" 0.0028066267250109246 0.004749344 0.004456008 0.0092053525 114.36493738342 -20.6424615579 3058.43921 -1.8159999999999998 3.255
114.30954518358 -20.27249912075 0.0318 0.0364 14.8093 "" "" 5716232417331821568 2376.56372 0.4 0.0527 -2.263 5.141 0.048 0.05 1.013 7316.6 4.3431 16.50783 1.298565 17.085897 15.787333 "" "" 2085.19092 2759.36768 4696.94005 4.7725 2000.1 10.78 3839.1 12.704 "" "" 0.002967969864421501 0.0064829704 0.005214602 0.011697573 114.30954518358 -20.27249912075 2376.56372 -2.262999999999999 5.140999999999998
114.38643433762 -20.54107393602 0.0303 0.0375 8.8906 "" "" 5715450183528585600 3074.46118 0.3334 0.054 -1.995 3.753 0.047 0.05 0.949 7339.8 4.3397 16.509926 1.315721 17.08727 15.771549 "" "" 2509.12402 3666.50439 4687.87874 2.1862 1997.6 8.3419 3895.3 9.1199 "" "" 0.002801457541377671 0.0053237327 0.004554715 0.009878447 114.38643433762 -20.54107393602 3074.46118 -1.995 3.753
114.07042063287 -20.59375851849 0.051 0.0586 10.4279 "" "" 5715446094719858304 3047.35449 0.3435 0.0781 -2.779 3.112 0.08 0.078 1.741 5196.2 4.3802 16.517994 1.216797 17.017551 15.800755 "" "" 2473.5686 4015.09351 4653.17347 5.2775 2130.1 7.9203 3791.9 7.7467 "" "" 0.003017973573397183 0.0049074385 0.00438221 0.009289648 114.07042063287 -20.59375851849 3047.35449 -2.779 3.1120000000000005
114.1414249463 -20.53630661626 0.0323 0.0364 5.3635 "" "" 5715452588710363648 2780.19556 0.3619 0.0524 -3.143 3.026 0.052 0.049 1.008 7229.6 4.3567 16.523537 1.08673 16.985453 15.898723 "" "" 2443.96582 3277.12939 4629.47783 2.1668 2194.0 9.3468 3464.7 7.4691 "" "" 0.0028017902594225674 0.0054018055 0.0044454616 0.009847267 114.1414249463 -20.53630661626 2780.19556 -3.1430000000000002 3.0260000000000002
114.05419292442 -20.58007362314 0.0324 0.0359 10.8816 "" "" 5716196786282044544 2456.17041 0.3733 0.0495 -3.049 3.025 0.051 0.046 0.981 7222.2 4.343 16.523785 1.154249 17.024702 15.870453 "" "" 2213.06079 2822.10791 4628.41855 2.1144 2116.1 9.7724 3556.1 11.36 "" "" 0.0027996075033699815 0.005738103 0.005129668 0.010867771 114.05419292442 -20.58007362314 2456.17041 -3.049 3.0249999999999995
114.14206106163 -20.59034893837 0.0307 0.0353 7.0545 "" "" 5715451798436393344 2369.37549 0.4075 0.0486 -3.242 2.514 0.048 0.047 1.009 5921.3 4.4789 16.52461 1.061779 16.973877 15.912098 "" "" 2164.37451 2614.03833 4624.89915 2.121 2217.5 6.9377 3422.3 8.9469 "" "" 0.002799949520150228 0.004395865 0.004726567 0.009122431 114.14206106163 -20.59034893837 2369.37549 -3.2419999999999995 2.5139999999999993
114.12444115691 -20.40177610782 0.03 0.0361 8.8071 "" "" 5716206441368357760 2867.99121 0.3252 0.0517 -1.087 -0.598 0.045 0.047 1.021 7741.8 4.4081 16.528711 1.499505 17.214115 15.71461 "" "" 2545.14429 3339.05908 4607.46583 2.239 1777.3 8.1009 4105.0 8.3714 "" "" 0.0028053815947276404 0.005681137 0.00438021 0.010061347 114.12444115691 -20.40177610782 2867.99121 -1.087 -0.5980000000000001
114.07694911967 -20.60233597541 0.0309 0.0356 10.38 "" "" 5715446094719857280 2684.89771 0.3499 0.0485 -3.755 3.149 0.048 0.047 0.921 5741.4 4.4652 16.529713 1.365119 17.15356 15.788442 "" "" 2404.74292 2990.50024 4603.2184 2.2668 1879.3 18.84 3835.1 15.292 "" "" 0.0028067148698718808 0.011236446 0.005746831 0.016983278 114.07694911967 -20.60233597541 2684.89771 -3.754999999999999 3.1490000000000005
114.00652171789 -20.52249358398 0.0317 0.0336 12.7048 "" "" 5716198126311852288 2990.33984 0.306 0.0495 -2.674 5.046 0.05 0.043 0.967 5203.8 4.265 16.532482 1.485329 17.210674 15.725346 "" "" 2549.64404 3446.86572 4591.49268 2.4786 1783.0 7.1486 4064.6 9.4351 "" "" 0.002816968356029466 0.0051705046 0.004542649 0.009713153 114.00652171789 -20.52249358398 2990.33984 -2.6739999999999995 5.046
114.03877236758 -20.50737413994 0.0358 0.0372 10.8651 "" "" 5716203830028383488 2438.07642 0.3803 0.0536 0.834 3.119 0.054 0.046 1.067 6819.8 4.3489 16.53261 1.413449 17.168114 15.754664 "" "" 2170.80762 2785.73804 4590.95061 2.3647 1854.3 10.117 3956.3 9.1489 "" "" 0.0028115010339629085 0.0065479577 0.0045373566 0.011085315 114.03877236758 -20.50737413994 2438.07642 0.8340000000000001 3.119000000000001
114.17048101009 -20.60159470232 0.0318 0.0378 6.5764 "" "" 5715451076881879168 2800.97534 0.3548 0.0534 -1.948 -1.98 0.049 0.05 0.985 5411.3 4.5537 16.533222 1.284295 17.10107 15.816775 "" "" 2465.27783 3340.35767 4588.36335 2.3668 1972.4 6.1401 3736.4 6.2041 "" "" 0.0028116627225497287 0.004382787 0.0041873436 0.008570131 114.17048101009 -20.60159470232 2800.97534 -1.948 -1.98
114.25126857553 -20.71148642393 0.0315 0.038 12.2323 "" "" 5715446266518788864 2570.95508 0.3725 0.0539 -0.806 -3.685 0.046 0.054 1.02 4809.1 4.1573 16.541414 1.664167 17.33704 15.672873 "" "" 2247.3728 2979.8855 4553.87768 2.2345 1587.1 7.068 4265.9 10.167 "" "" 0.0028063520343151963 0.0055825114 0.004580359 0.01016287 114.25126857553 -20.71148642393 2570.95508 -0.806 -3.6850000000000005
114.08637147565 -20.6018805051 0.0319 0.0363 9.9241 "" "" 5715446060360114688 2564.63574 0.3727 0.0521 -0.986 1.381 0.052 0.05 1.006 6862.5 4.3571 16.545218 1.258606 17.090261 15.831656 "" "" 2232.18701 3130.74731 4537.94891 2.3859 1992.1 6.743 3685.5 8.1679 "" "" 0.002813832177704955 0.0046142424 0.0044803685 0.009094611 114.08637147565 -20.6018805051 2564.63574 -0.986 1.3809999999999998
114.14093995239 -20.61524338991 0.0361 0.0411 8.2049 "" "" 5715450939442941568 2789.80176 0.3413 0.0565 -1.593 1.127 0.056 0.054 1.215 5837.1 4.5451 16.547873 0.930674 16.605953 15.67528 "" "" 2421.09399 3309.27759 4526.86611 4.4135 3112.0 78.396 4256.4 93.177 "" "" 0.0029516621068399885 0.027493289 0.024066497 0.051559784 114.14093995239 -20.61524338991 2789.80176 -1.593 1.127
114.3581736017 -20.37482471184 0.0299 0.0358 10.6993 "" "" 5715478839551571840 2576.45898 0.3617 0.0511 -1.59 3.44 0.045 0.049 0.93 9285.1 4.3853 16.548798 1.166011 17.051142 15.885131 "" "" 2291.70996 2924.63721 4523.01111 2.1218 2065.2 9.4235 3508.4 7.4116 "" "" 0.0028020008293163923 0.0056858812 0.0044209226 0.010106804 114.3581736017 -20.37482471184 2576.45898 -1.5900000000000003 3.440000000000001
114.24046603466 -20.61746996187 0.0328 0.0418 6.5607 "" "" 5715448190663834880 2311.44214 0.4239 0.0581 -0.556 1.879 0.054 0.063 1.003 5826.5 4.5806 16.552776 1.177581 17.059196 15.881616 "" "" 2051.65259 2617.27271 4506.46996 2.182 2049.9 7.7519 3519.8 7.4215 "" "" 0.002805023302200298 0.0049641514 0.0044186544 0.009382806 114.24046603466 -20.61746996187 2311.44214 -0.5560000000000002 1.8790000000000002
114.03870189284 -20.6266713402 0.0307 0.0359 12.9766 "" "" 5715445579323809280 2389.80322 0.3924 0.0483 -3.056 3.079 0.049 0.047 0.961 6344.3 4.4911 16.552792 1.079948 17.010324 15.930376 "" "" 2201.10913 2722.59106 4506.40409 2.2066 2144.3 10.386 3365.2 9.6858 "" "" 0.0028061415948175653 0.005953157 0.004904009 0.010857166 114.03870189284 -20.6266713402 2389.80322 -3.0559999999999996 3.0790000000000006
114.3138479474 -20.53356047988 0.0343 0.0386 4.8349 "" "" 5715450389687035008 3010.9231 0.3383 0.0555 -1.446 -0.42 0.051 0.053 1.03 "" "" 16.555737 1.277513 17.124193 15.846681 "" "" 2557.23218 3615.88916 4494.19509 2.1525 1930.8 10.656 3634.8 9.5485 "" "" 0.0028039623031594716 0.006609892 0.0047348426 0.011344735 114.3138479474 -20.53356047988 3010.9231 -1.4460000000000002 -0.42
114.04742209574 -20.33857227888 0.0319 0.0368 14.549 "" "" 5716210530177254272 2834.05127 0.3441 0.0529 -1.372 -1.089 0.046 0.048 1.01 7609.9 4.2371 16.558043 1.318946 17.137259 15.818313 "" "" 2366.97705 3167.55078 4484.66306 2.268 1907.7 6.7886 3731.1 8.0955 "" "" 0.0028094983333612038 0.004765775 0.004453463 0.009219239 114.04742209574 -20.33857227888 2834.05127 -1.3720000000000003 -1.089
114.03802878868 -20.60803645357 0.0306 0.0349 12.4343 "" "" 5716196580123647744 2570.771 0.3655 0.0472 -3.009 3.119 0.048 0.045 0.979 7130.3 4.3462 16.561922 1.214855 17.093262 15.878407 "" "" 2305.81763 2969.0564 4468.6678 2.1756 1986.6 8.3729 3530.2 6.6878 "" "" 0.0028055667766112248 0.005359588 0.0043028444 0.009662433 114.03802878868 -20.60803645357 2570.771 -3.0090000000000003 3.1189999999999993
114.13373470436 -20.56340920528 0.0326 0.0381 6.4375 "" "" 5715452107674035072 2332.24951 0.4089 0.0521 -2.447 0.19 0.051 0.051 1.063 6358.0 4.488 16.571175 1.166139 17.069183 15.903045 "" "" 2135.11133 2605.38037 4430.74723 2.1052 2031.2 10.963 3451.0 8.2131 "" "" 0.0028031967047413057 0.006490392 0.0045782747 0.011068666 114.13373470436 -20.56340920528 2332.24951 -2.4470000000000005 0.19
114.03417993671 -20.63685483418 0.0313 0.0355 13.5282 "" "" 5715445579323814784 2254.39746 0.4408 0.0489 -3.041 3.358 0.048 0.045 1.0 6024.4 4.4694 16.572317 1.188653 17.062382 15.873729 "" "" 1991.74353 2528.57764 4426.08747 2.8378 2043.9 7.884 3545.4 9.3212 "" "" 0.002841896708437874 0.0050323713 0.004736236 0.009768607 114.03417993671 -20.63685483418 2254.39746 -3.0410000000000004 3.3580000000000005
114.34606615883 -20.30186856822 0.0328 0.0388 13.9512 "" "" 5716231627057830656 3084.00122 0.3121 0.0554 -1.968 6.486 0.049 0.057 1.006 7416.7 4.3143 16.577229 1.53811 17.289904 15.751794 "" "" 2665.40601 3713.89624 4406.11139 2.179 1657.5 7.7401 3966.8 9.9024 "" "" 0.002807150573169335 0.005787146 0.0046507735 0.010437919 114.34606615883 -20.30186856822 3084.00122 -1.9679999999999997 6.486000000000001
114.21258258013 -20.44365100664 0.0379 0.0439 4.0373 "" "" 5716205444935919232 3064.58057 0.3023 0.0645 -2.04 0.639 0.06 0.062 1.148 5473.9 4.5119 16.583145 1.260845 17.124489 15.863644 "" "" 2575.23438 3719.69141 4382.16274 2.6189 1930.3 8.8347 3578.5 8.0082 "" "" 0.0028306917788241937 0.0056989947 0.0044930303 0.010192025 114.21258258013 -20.44365100664 3064.58057 -2.04 0.6390000000000001
114.15343933974 -20.31322983643 0.0332 0.0392 12.5182 "" "" 5716233688642239104 2332.58667 0.4347 0.0588 -0.557 2.632 0.049 0.053 1.047 5632.7 4.5843 16.584623 1.278027 17.148478 15.870451 "" "" 2025.92212 2877.93042 4376.20599 2.0589 1888.1 7.9496 3556.1 11.105 "" "" 0.002802270365258406 0.005355586 0.0050773504 0.010432936 114.15343933974 -20.31322983643 2332.58667 -0.557 2.632
113.96888425672 -20.49458411461 0.0323 0.037 14.8163 "" "" 5716201218688327552 2467.88086 0.3873 0.0511 -2.029 1.315 0.05 0.048 0.953 5646.2 4.6014 16.592875 1.091284 17.055923 15.96464 "" "" 2217.26562 2822.41309 4343.07175 2.1724 2056.1 6.2244 3260.6 9.0925 "" "" 0.002808332203960879 0.0043114168 0.00484258 0.009153997 113.96888425672 -20.49458411461 2467.88086 -2.029 1.3149999999999997
