Clusters/Czernik_31/Czernik_31_stars_in_region.tsv
# %ECSV 1.0
# ---
# datatype:
# - name: RA_ICRS_1
#   unit: deg
#   datatype: float64
#   format: '{:15.11f}'
#   description: Right ascension (ICRS) at Ep=2016.0 (ra)
#   meta: !!omap
#   - {ucd: POS_EQ_RA_MAIN}
#   - {width: 15}
#   - {precision: '11'}
# - name: DE_ICRS_1
#   unit: deg
#   datatype: float64
#   format: '{:15.11f}'
#   description: Declination (ICRS) at Ep=2016.0 (dec)
#   meta: !!omap
#   - {ucd: POS_EQ_DEC_MAIN}
#   - {width: 15}
#   - {precision: '11'}
# - name: e_RA_ICRS
#   unit: mas
#   datatype: float64
#   format: '{:7.4f}'
#   description: Standard error of right ascension (ra_error)
#   meta: !!omap
#   - {ucd: ERROR}
#   - {width: 7}
#   - {precision: '4'}
# - name: e_DE_ICRS
#   unit: mas
#   datatype: float64
#   format: '{:7.4f}'
#   description: Standard error of declination (dec_error)
#   meta: !!omap
#   - {ucd: ERROR}
#   - {width: 7}
#   - {precision: '4'}
# - name: _r_1
#   unit: ''
#   datatype: float64
#   format: '{:7.4f}'
#   description: Distance from center (114.23210635000-20.50840608000)[ICRS], at Epoch=J2016.0
#   meta: !!omap
#   - {ucd: POS_ANG_DIST_GENERAL}
#   - {width: 7}
#   - {precision: '4'}
# - name: HIP
#   datatype: int32
#   description: '? HIP cross-id number, van Leeuwen, Cat. I/311 (hip_original_ext_source_id)'
#   meta: !!omap
#   - {ucd: ID_NUMBER}
#   - {width: 6}
#   - values: {'null': -2147483648}
# - name: TYC2
#   datatype: string
#   description: Tycho-2 cross-id name, Hog et al., Cat. I/259 (tyc2_original_ext_source_id)
#   meta: !!omap
#   - {ucd: ID_CROSSID}
#   - {_votable_string_dtype: char}
# - name: Source
#   datatype: int64
#   description: Source identifier, identical to the Gaia-EDR3 source_id (id)
#   meta: !!omap
#   - {ucd: ID_MAIN}
#   - {width: 19}
# - name: rgeo
#   unit: pc
#   datatype: float64
#   format: '{:15.8f}'
#   description: '? Median of the geometric distance posterior (r_med_geo)'
#   meta: !!omap
#   - {ucd: PHYS_DISTANCE_TRUE}
#   - {width: 15}
#   - {precision: '8'}
#   - values: {'null': .nan}
# - name: Plx
#   unit: mas
#   datatype: float64
#   format: '{:9.4f}'
#   description: '? Parallax (parallax)'
#   meta: !!omap
#   - {ucd: POS_PARLX_TRIG}
#   - {width: 9}
#   - {precision: '4'}
#   - values: {'null': .nan}
# - name: e_Plx
#   unit: mas
#   datatype: float32
#   format: '{:7.4f}'
#   description: '? Standard error of parallax (parallax_error)'
#   meta: !!omap
#   - {ucd: ERROR}
#   - {width: 7}
#   - {precision: '4'}
#   - values: {'null': .nan}
# - name: pmRA
#   unit: mas / yr
#   datatype: float64
#   format: '{:9.3f}'
#   description: '? Proper motion in right ascension direction, pmRA*cosDE (pmra)'
#   meta: !!omap
#   - {ucd: POS_EQ_PMRA}
#   - {width: 9}
#   - {precision: '3'}
#   - values: {'null': .nan}
# - name: pmDE
#   unit: mas / yr
#   datatype: float64
#   format: '{:9.3f}'
#   description: '? Proper motion in declination direction (pmdec)'
#   meta: !!omap
#   - {ucd: POS_EQ_PMDEC}
#   - {width: 9}
#   - {precision: '3'}
#   - values: {'null': .nan}
# - name: e_pmRA
#   unit: mas / yr
#   datatype: float32
#   format: '{:6.3f}'
#   description: '? Standard error of proper motion in right ascension direction (pmra_error)'
#   meta: !!omap
#   - {ucd: ERROR}
#   - {width: 6}
#   - {precision: '3'}
#   - values: {'null': .nan}
# - name: e_pmDE
[...]
#         value: !astropy.table.SerializedColumn {name: SkyCoord.dec}
#       distance: !astropy.table.SerializedColumn
#         __class__: astropy.coordinates.distances.Distance
#         unit: !astropy.units.Unit {unit: pc}
#         value: !astropy.table.SerializedColumn {name: SkyCoord.distance}
#       frame: icrs
#       obstime: !astropy.time.Time {format: jyear_str, in_subfmt: '*', jd1: 367701545.0, jd2: 0.0, out_subfmt: '*', precision: 3, scale: tt}
#       pm_dec: !astropy.table.SerializedColumn
#         __class__: astropy.units.quantity.Quantity
#         unit: !astropy.units.Unit {unit: mas / yr}
#         value: !astropy.table.SerializedColumn {name: SkyCoord.pm_dec}
#       pm_ra_cosdec: !astropy.table.SerializedColumn
#         __class__: astropy.units.quantity.Quantity
#         unit: !astropy.units.Unit {unit: mas / yr}
#         value: !astropy.table.SerializedColumn {name: SkyCoord.pm_ra_cosdec}
#       ra: !astropy.table.SerializedColumn
#         __class__: astropy.coordinates.angles.Longitude
#         unit: *id001
#         value: !astropy.table.SerializedColumn {name: SkyCoord.ra}
#         wrap_angle: !astropy.coordinates.Angle
#           unit: *id001
#           value: 360.0
#       representation_type: spherical
# schema: astropy-2.0
RA_ICRS_1 DE_ICRS_1 e_RA_ICRS e_DE_ICRS _r_1 HIP TYC2 Source rgeo Plx e_Plx pmRA pmDE e_pmRA e_pmDE RUWE Teff logg Gmag BP-RP BPmag RPmag RV e_RV b_rgeo B_rgeo FG e_FG FBP e_FBP FRP e_FRP RAVE5 RAVE6 e_Gmag e_BPmag e_RPmag e_BP-RP SkyCoord.ra SkyCoord.dec SkyCoord.distance SkyCoord.pm_ra_cosdec SkyCoord.pm_dec rmRA rmDE e_rmRA e_rmDE rRV e_rRV v_pec v_pec3d e_vpec e_vpec3d
[from data line 63]
114.11113124938 -20.6051903955 0.0096 0.0111 8.9393 "" "" 5715451729716933888 2411.48608 0.375 0.0147 -3.334 2.761 0.015 0.016 1.053 11455.8 3.8035 13.683753 0.589208 13.902403 13.313195 "" "" 2338.89185 2501.72754 63306.0908 13.511 37537.0 22.906 37487.0 15.813 "" "" 0.002765046880157569 0.0028677536 0.0038070309 0.0066747842 114.11113124938 -20.6051903955 2411.48608 -3.3340000000000005 2.7610000000000006 -1.3767272319793702 -0.32599989318847644 0.13972667 0.14072667 "" "" 16.17177103745594 "" 2.2604892274029336 ""
114.07361815121 -20.64442505255 0.0096 0.0111 12.0773 "" "" 5715445682403011840 2531.1416 0.3562 0.0153 -3.055 3.118 0.016 0.015 0.94 11208.4 3.8894 13.697109 0.465598 13.866424 13.400825 "" "" 2418.18994 2634.26855 62532.09895 16.927 38801.0 23.409 34580.0 16.494 "" "" 0.002770950611428659 0.0028660283 0.0038146982 0.0066807265 114.07361815121 -20.64442505255 2531.1416 -3.0549999999999975 3.118000000000001 -1.0977272319793703 0.03100010681152332 0.14072667 0.13972667 "" "" 13.175355130281009 "" 1.8541133998731218 ""
114.02647316978 -20.58490306222 0.0096 0.0107 12.4315 "" "" 5716196889361290112 2234.4939 0.4079 0.0145 -3.178 3.078 0.016 0.014 1.022 11079.3 4.017 13.709159 0.536166 13.907495 13.371328 "" "" 2175.36572 2295.02588 61841.9586 15.831 37361.0 21.659 35533.0 18.848 "" "" 0.002769303065732654 0.002860284 0.0038230098 0.0066832937 114.02647316978 -20.58490306222 2234.4939 -3.178000000000001 3.0780000000000016 -1.22072723197937 -0.008999893188476715 0.14072667 0.13872668 "" "" 12.929685183750902 "" 1.819550152601961 ""
114.0491447806 -20.63670935021 0.0096 0.0112 12.841 "" "" 5715445510604329600 2487.28296 0.3625 0.0149 -3.176 3.256 0.016 0.015 1.022 "" "" 13.746842 0.512806 13.933513 13.420707 "" "" 2402.75464 2569.0603 59732.38847 16.788 36476.0 23.092 33953.0 21.392 "" "" 0.002772166288594241 0.0028735865 0.0038407906 0.006714377 114.0491447806 -20.63670935021 2487.28296 -3.176 3.2559999999999993 -1.2187272319793703 0.16900010681152322 0.14072667 0.13972667 "" "" 14.505943366451605 "" 2.041100392845818 ""
114.18200889715 -20.62101307285 0.01 0.0118 7.3191 "" "" 5715450767644233984 2565.04053 0.3524 0.0168 -3.135 3.082 0.016 0.016 0.921 11625.9 3.8316 13.782946 0.541551 13.982967 13.441417 "" "" 2459.25586 2678.87744 57778.80976 15.63 34852.0 25.607 33311.0 16.962 "" "" 0.002770930054249233 0.0029019683 0.0038196046 0.006721573 114.18200889715 -20.62101307285 2565.04053 -3.134999999999999 3.0819999999999985 -1.17772723197937 -0.004999893188476712 0.14072667 0.14072667 "" "" 14.31928075281889 "" 2.0151047060577105 ""
114.38779399918 -20.65379061082 0.0095 0.0108 12.3518 "" "" 5715436680151697792 2597.35596 0.3462 0.0153 -2.106 0.957 0.013 0.015 1.019 4742.5 2.5559 13.818964 1.98595 14.819162 12.833213 41.28 0.96 2510.32935 2684.76074 55893.4793 13.481 16134.0 16.801 58327.0 31.497 "" "" 0.0027677364670065686 0.0030105405 0.0038245888 0.006835129 114.38779399918 -20.65379061082 2597.35596 -2.106 0.9569999999999999 -0.14872723197937 -2.1299998931884767 0.13772668 0.13972667 "" "" 26.28727274291925 "" 3.67277977998705 ""
114.09396540923 -20.32397711481 0.0097 0.0111 13.52 "" "" 5716210908134337408 2878.19678 0.3123 0.016 -1.635 2.038 0.014 0.015 1.019 4812.2 2.7234 13.839848 1.904357 14.787895 12.883538 59.78 1.13 2743.77661 3033.71533 54828.65023 9.6924 16606.0 18.093 55686.0 19.757 "" "" 0.002761996997054437 0.0030305844 0.0037989623 0.0068295468 114.09396540923 -20.32397711481 2878.19678 -1.6349999999999996 2.037999999999998 0.3222727680206299 -1.0489998931884768 0.13872668 0.13972667 "" "" 14.971283963726622 "" 2.090600696753213 ""
114.14113570362 -20.49285012536 0.0102 0.0111 5.1971 "" "" 5716203417711412224 2296.96997 0.3966 0.0165 -3.09 3.083 0.015 0.015 0.947 11665.8 3.9255 13.868525 0.50594 14.053673 13.547732 "" "" 2206.14136 2394.43994 53399.46048 14.378 32655.0 22.097 30204.0 14.376 "" "" 0.002770785297954378 0.0028852776 0.0038145483 0.0066998256 114.14113570362 -20.49285012536 2296.96997 -3.09 3.083 -1.13272723197937 -0.003999893188476378 0.13972667 0.13972667 "" "" 12.332800557603852 "" 1.723221136376179 ""
114.32776988782 -20.32407626844 0.01 0.0112 12.2986 "" "" 5716231283460459776 2493.96606 0.3626 0.0165 -3.72 6.225 0.015 0.016 1.012 5814.0 2.811 13.878142 1.960346 14.859825 12.899479 50.79 1.44 2392.43652 2600.39111 52928.52911 12.755 15541.0 15.033 54874.0 28.904 "" "" 0.002767715357927611 0.0029812856 0.0038224063 0.006803692 114.32776988782 -20.32407626844 2493.96606 -3.7200000000000006 6.224999999999998 -1.7627272319793703 3.138000106811523 0.13972667 0.14072667 "" "" 42.5475983262701 "" 5.97740397616537 ""
114.06304011764 -20.5481082286 0.0104 0.0117 9.7939 "" "" 5716202902315448192 2572.47607 0.3524 0.0158 -3.137 3.131 0.016 0.016 0.97 11567.3 3.9712 13.89457 0.523231 14.088667 13.565435 "" "" 2486.83765 2662.25146 52133.69689 24.597 31619.0 43.298 29716.0 30.097 "" "" 0.002802533972126884 0.0031615717 0.0039361115 0.007097683 114.06304011764 -20.5481082286 2572.47607 -3.1369999999999996 3.130999999999997 -1.1797272319793701 0.04400010681152322 0.14072667 0.14072667 "" "" 14.39504886561295 "" 2.0257673003105934 ""
113.98399934263 -20.52856697106 0.0106 0.0112 13.9944 "" "" 5716198160671618944 2601.62451 0.3446 0.016 -3.118 3.125 0.017 0.015 0.996 11008.7 3.8425 13.906829 0.53469 14.103929 13.56924 "" "" 2516.87793 2709.86377 51548.3859 13.446 31178.0 27.58 29612.0 17.048 "" "" 0.002769836637824693 0.0029508462 0.0038307235 0.0067815697 113.98399934263 -20.52856697106 2601.62451 -3.1180000000000003 3.125 -1.16072723197937 0.03800010681152344 0.14172667 0.13972667 "" "" 14.321408812796124 "" 2.029695168586427 ""
113.97850963821 -20.52084934736 0.0106 0.0113 14.2704 "" "" 5716198160671619584 2612.21313 0.3413 0.0161 -1.704 2.296 0.017 0.015 0.957 11126.1 4.0181 13.922347 0.560808 14.129152 13.568344 "" "" 2466.54834 2728.18701 50816.8749 13.219 30462.0 21.188 29636.0 27.96 "" "" 0.002769757683638213 0.0028905638 0.003915736 0.0068063 113.97850963821 -20.52084934736 2612.21313 -1.7039999999999997 2.296 0.2532727680206299 -0.7909998931884767 0.14172667 0.13972667 "" "" 10.283887939450281 "" 1.4388584020059387 ""
114.04166764921 -20.59610091765 0.0102 0.0118 11.9229 "" "" 5716196683202851712 2547.62573 0.3518 0.0159 -3.14 3.127 0.016 0.015 0.986 10832.2 3.9155 13.930177 0.540657 14.129493 13.588836 "" "" 2440.3772 2655.84375 50451.74823 15.234 30452.0 17.471 29082.0 12.187 "" "" 0.0027747555759312648 0.0028588576 0.0038066702 0.006665528 114.04166764921 -20.59610091765 2547.62573 -3.1400000000000006 3.127 -1.1827272319793702 0.04000010681152322 0.14072667 0.13972667 "" "" 14.290479371126388 "" 2.011035314524322 ""
114.02240557882 -20.63618771503 0.01 0.0119 14.055 "" "" 5716196167806826240 2450.99805 0.3669 0.0159 -3.2 3.209 0.016 0.016 1.055 9154.0 4.0669 13.942465 0.644213 14.186987 13.542774 "" "" 2351.06812 2556.77881 49883.94144 11.246 28882.0 15.332 30342.0 15.842 "" "" 0.0027661711271417156 0.0028490773 0.0038216591 0.0066707367 114.02240557882 -20.63618771503 2450.99805 -3.1999999999999997 3.209 -1.2427272319793703 0.12200010681152351 0.14072667 0.14072667 "" "" 14.507075790263306 "" 2.0415324764367524 ""
114.05356147421 -20.67775084009 0.0101 0.0114 14.276 "" "" 5715445098287480320 2390.30835 0.3778 0.0154 -3.057 3.225 0.015 0.015 0.974 "" "" 13.957715 0.504223 14.140956 13.636733 "" "" 2305.20361 2474.27612 49188.17143 14.897 30132.0 19.087 27827.0 14.05 "" "" 0.00277487190616817 0.0028736833 0.0038189322 0.0066926153 114.05356147421 -20.67775084009 2390.30835 -3.057 3.2249999999999996 -1.09972723197937 0.13800010681152353 0.13972667 0.13972667 "" "" 12.557695687116594 "" 1.75464498360652 ""
114.21171019768 -20.57929733464 0.0111 0.0133 4.4051 "" "" 5715451523558459520 2678.68823 0.3343 0.0196 -1.299 0.931 0.017 0.019 0.995 10373.1 3.6241 13.960026 0.661924 14.208581 13.546657 "" "" 2547.90503 2842.7959 49083.59009 12.744 28313.0 32.568 30234.0 14.961 "" "" 0.0027697033296542064 0.0030569285 0.0038173788 0.006874307 114.21171019768 -20.57929733464 2678.68823 -1.2989999999999995 0.9310000000000004 0.65827276802063 -2.1559998931884765 0.14172667 0.14372668 "" "" 28.622215838464367 "" 4.108925710523207 ""
114.10177290191 -20.63016640486 0.0105 0.0131 10.3429 "" "" 5715445751122469888 2369.73535 0.3848 0.0167 -3.196 3.092 0.016 0.017 1.002 11508.8 4.1007 13.964667 0.4974 14.14594 13.64854 "" "" 2274.46997 2470.04053 48874.19656 15.747 29994.0 20.83 27526.0 19.439 "" "" 0.002777438071400673 0.002890257 0.003856376 0.006746633 114.10177290191 -20.63016640486 2369.73535 -3.196 3.0920000000000005 -1.2387272319793703 0.005000106811523519 0.14072667 0.14172667 "" "" 13.9141734204123 "" 1.9580955274322964 ""
114.17404374166 -20.51193268387 0.0104 0.0118 3.2698 "" "" 5715452726149301248 2361.78882 0.3867 0.0172 -1.683 2.477 0.016 0.016 0.962 9152.9 3.8521 13.987803 0.899185 14.34982 13.450635 "" "" 2264.70581 2465.52979 47843.81738 9.2834 24859.0 20.366 33030.0 14.059 "" "" 0.002763362414336628 0.0029285252 0.0038075317 0.006736057 114.17404374166 -20.51193268387 2361.78882 -1.683 2.477 0.27427276802062983 -0.6099998931884767 0.14072667 0.14072667 "" "" 7.487402735746678 "" 1.0536772586138663 ""
114.09659516582 -20.64371701843 0.0104 0.0118 11.129 "" "" 5715445648043261952 2490.16479 0.3597 0.0158 -3.162 3.138 0.017 0.016 1.025 11109.6 3.9812 13.988659 0.526954 14.182313 13.655359 "" "" 2404.27686 2579.52808 47806.06967 14.626 29006.0 18.908 27354.0 15.009 "" "" 0.002775271082260838 0.0028785348 0.0038260464 0.006704581 114.09659516582 -20.64371701843 2490.16479 -3.161999999999999 3.138 -1.20472723197937 0.05100010681152334 0.14172667 0.14072667 "" "" 14.23259071600749 "" 2.0171123542300315 ""
114.05730124683 -20.60700203961 0.0103 0.0117 11.4646 "" "" 5715445991640654464 2374.3479 0.3815 0.0163 -3.267 3.118 0.017 0.016 0.981 10804.8 3.9784 13.997344 0.539021 14.19639 13.65737 "" "" 2315.53394 2450.36084 47425.18916 13.912 28633.0 16.037 27303.0 17.386 "" "" 0.0027736671544474 0.0028556685 0.0038420993 0.006697768 114.05730124683 -20.60700203961 2374.3479 -3.2669999999999995 3.117999999999998 -1.30972723197937 0.03100010681152332 0.14172667 0.14072667 "" "" 14.744334365938993 "" 2.0896572236454345 ""
114.00276084414 -20.45291227552 0.078 0.0921 13.314 "" "" 5716207437800914560 2252.46167 0.4617 0.1228 -2.351 2.845 0.117 0.117 9.069 7778.9 3.5822 14.032138 0.635957 14.260124 13.624167 "" "" 1750.72815 2907.51733 45929.47815 34.502 27000.0 20.332 28151.0 20.119 "" "" 0.002873498259079846 0.0029074932 0.0038582166 0.0067657097 114.00276084414 -20.45291227552 2252.46167 -2.351 2.845 -0.3937272319793701 -0.24199989318847637 0.24172667 0.24172667 "" "" 4.934250666246466 "" 1.1927399661593363 ""
114.07452935006 -20.61206179972 0.011 0.0124 10.8187 "" "" 5715446026000386432 2527.67139 0.3554 0.0169 -3.183 3.135 0.017 0.017 1.084 10602.4 3.7707 14.040534 0.587394 14.253909 13.666515 "" "" 2412.13892 2656.72217 45575.6717 11.695 27155.0 37.153 27074.0 31.338 "" "" 0.0027693701555828866 0.0031609675 0.0039828517 0.0071438192 114.07452935006 -20.61206179972 2527.67139 -3.183 3.135 -1.22572723197937 0.048000106811523224 0.14172667 0.14172667 "" "" 14.696893244776714 "" 2.082941777865406 ""
114.21445744013 -20.50309125862 0.0106 0.0119 1.0418 "" "" 5715454066179076096 2616.37842 0.3378 0.0178 -1.951 3.059 0.016 0.016 1.03 14274.9 3.9112 14.045962 0.608911 14.271872 13.662961 "" "" 2487.64868 2724.28369 45348.40301 24.306 26710.0 47.067 27163.0 51.656 "" "" 0.0028161036525076602 0.0033831187 0.0043066135 0.007689732 114.21445744013 -20.50309125862 2616.37842 -1.9509999999999992 3.0589999999999984 0.006272768020629815 -0.0279998931884764 0.14072667 0.14072667 "" "" 0.3558516135513629 "" 0.050077812810843676 ""
114.30589826133 -20.51320020013 0.0114 0.0125 4.1568 "" "" 5715453413344008832 2201.72534 0.4199 0.019 -2.937 5.124 0.017 0.017 1.038 5268.2 3.1184 14.050151 1.585465 14.794044 13.208579 53.93 2.4 2095.56274 2312.58374 45173.75896 10.914 16512.0 18.184 41279.0 20.127 "" "" 0.0027677785688983944 0.0030355712 0.0038162782 0.006851849 114.30589826133 -20.51320020013 2201.72534 -2.9370000000000003 5.124000000000003 -0.97972723197937 2.037000106811523 0.14172667 0.14172667 "" "" 23.589536996358376 "" 3.3432665878334067 ""
114.00867815625 -20.60948844273 0.0104 0.0122 13.9404 "" "" 5716196477044468608 2544.02588 0.3554 0.0162 -3.1 3.056 0.017 0.016 0.946 9622.8 3.8241 14.106573 0.511047 14.292171 13.781123 "" "" 2432.09546 2656.19922 42886.17841 9.7227 26215.0 19.75 24362.0 20.858 "" "" 0.0027662931064927937 0.0029075998 0.003892022 0.0067996215 114.00867815625 -20.60948844273 2544.02588 -3.0999999999999996 3.0559999999999983 -1.1427272319793702 -0.030999893188476513 0.14172667 0.14072667 "" "" 13.784854601475509 "" 1.9536714741411336 ""
114.31942254321 -20.30240294688 0.0105 0.0127 13.2998 "" "" 5716231558338365312 2978.09082 0.3017 0.0183 -2.505 3.103 0.016 0.018 0.997 11571.2 3.9473 14.112923 0.924599 14.4825 13.557901 "" "" 2848.75 3120.25049 42636.12258 8.2537 22000.0 24.035 29922.0 19.203 "" "" 0.0027633251405113413 0.0030318378 0.0038430777 0.006874915 114.31942254321 -20.30240294688 2978.09082 -2.504999999999999 3.1030000000000006 -0.54772723197937 0.01600010681152364 0.14072667 0.14272667 "" "" 7.735098217963077 "" 1.0885479027577012 ""
114.1228074473 -20.28897076735 0.0109 0.0134 14.5303 "" "" 5716234513275965824 2469.14136 0.3702 0.0185 -3.077 3.046 0.015 0.019 1.033 11190.6 3.725 14.136819 0.762881 14.429107 13.666225 "" "" 2355.29297 2578.44189 41707.99313 12.296 23109.0 36.398 27081.0 24.512 "" "" 0.002773850297317811 0.0032725339 0.0039050612 0.007177595 114.1228074473 -20.28897076735 2469.14136 -3.077 3.0460000000000003 -1.11972723197937 -0.040999893188476744 0.13972667 0.14372668 "" "" 13.113767422251248 "" 1.8324142725857884 ""
114.04692069072 -20.60077007631 0.0106 0.0125 11.7877 "" "" 5716196614483372032 2493.25269 0.3601 0.0164 -3.101 3.024 0.017 0.017 0.937 10717.6 3.9411 14.144743 0.602277 14.370034 13.767757 "" "" 2388.6897 2597.25464 41404.69986 10.078 24401.0 18.047 24664.0 14.812 "" "" 0.0027679646687682746 0.0029034247 0.0038352164 0.0067386413 114.04692069072 -20.60077007631 2493.25269 -3.101 3.024 -1.14372723197937 -0.06299989318847654 0.14172667 0.14172667 "" "" 13.537078766921141 "" 1.9185651310283536 ""
114.38510930057 -20.60919233623 0.0106 0.0121 10.5096 "" "" 5715448907917396480 2641.82495 0.3428 0.0172 -0.897 1.121 0.015 0.017 1.06 9203.9 3.752 14.165432 0.962975 14.553745 13.59077 "" "" 2498.94971 2792.87866 40623.17302 7.8371 20602.0 19.093 29030.0 23.079 "" "" 0.002763270499619352 0.0029660596 0.0038766973 0.0068427566 114.38510930057 -20.60919233623 2641.82495 -0.897 1.1210000000000004 1.0602727680206299 -1.9659998931884766 0.13972667 0.14172667 "" "" 27.97072121522303 "" 3.9516618203793645 ""
114.05470519135 -20.47283004729 0.0106 0.0123 10.1965 "" "" 5716204551582853504 2644.0708 0.3412 0.0173 -3.139 3.156 0.017 0.016 0.978 11246.4 3.8287 14.177917 0.749753 14.465219 13.715466 "" "" 2534.15088 2776.54517 40158.74721 9.3212 22353.0 17.269 25880.0 12.69 "" "" 0.0027668209051770988 0.0029135244 0.0038166943 0.0067302184 114.05470519135 -20.47283004729 2644.0708 -3.1389999999999993 3.156 -1.18172723197937 0.06900010681152358 0.14172667 0.14072667 "" "" 14.835689181925053 "" 2.102562633906372 ""
114.11834774033 -20.63322465963 0.0111 0.0125 9.8449 "" "" 5715445029567957120 2345.71704 0.3831 0.0175 -3.14 3.168 0.018 0.017 0.98 "" "" 14.184233 0.535583 14.383066 13.847484 "" "" 2270.1521 2452.85889 39925.81299 13.838 24110.0 25.054 22917.0 18.667 "" "" 0.002780898664276115 0.0030096495 0.0038814768 0.0068911263 114.11834774033 -20.63322465963 2345.71704 -3.1400000000000006 3.168 -1.1827272319793702 0.08100010681152359 0.14272667 0.14172667 "" "" 13.181191470694413 "" 1.8812463060092346 ""
