Clusters/Czernik_31/Czernik_31_stars_in_region.tsv
# %ECSV 1.0
# ---
# datatype:
# - name: RA_ICRS_1
#   unit: deg
#   datatype: float64
#   format: '{:15.11f}'
#   description: Right ascension (ICRS) at Ep=2016.0 (ra)
#   meta: !!omap
#   - {ucd: POS_EQ_RA_MAIN}
#   - {width: 15}
#   - {precision: '11'}
# - name: DE_ICRS_1
#   unit: deg
#   datatype: float64
#   format: '{:15.11f}'
#   description: Declination (ICRS) at Ep=2016.0 (dec)
#   meta: !!omap
#   - {ucd: POS_EQ_DEC_MAIN}
#   - {width: 15}
#   - {precision: '11'}
# - name: e_RA_ICRS
#   unit: mas
#   datatype: float64
#   format: '{:7.4f}'
#   description: Standard error of right ascension (ra_error)
#   meta: !!omap
#   - {ucd: ERROR}
#   - {width: 7}
#   - {precision: '4'}
# - name: e_DE_ICRS
#   unit: mas
#   datatype: float64
#   format: '{:7.4f}'
#   description: Standard error of declination (dec_error)
#   meta: !!omap
#   - {ucd: ERROR}
#   - {width: 7}
#   - {precision: '4'}
# - name: _r_1
#   unit: ''
#   datatype: float64
#   format: '{:7.4f}'
#   description: Distance from center (114.23210635000-20.50840608000)[ICRS], at Epoch=J2016.0
#   meta: !!omap
#   - {ucd: POS_ANG_DIST_GENERAL}
#   - {width: 7}
#   - {precision: '4'}
# - name: HIP
#   datatype: int32
#   description: '? HIP cross-id number, van Leeuwen, Cat. I/311 (hip_original_ext_source_id)'
#   meta: !!omap
#   - {ucd: ID_NUMBER}
#   - {width: 6}
#   - values: {'null': -2147483648}
# - name: TYC2
#   datatype: string
#   description: Tycho-2 cross-id name, Hog et al., Cat. I/259 (tyc2_original_ext_source_id)
#   meta: !!omap
#   - {ucd: ID_CROSSID}
#   - {_votable_string_dtype: char}
# - name: Source
#   datatype: int64
#   description: Source identifier, identical to the Gaia-EDR3 source_id (id)
#   meta: !!omap
#   - {ucd: ID_MAIN}
#   - {width: 19}
# - name: rgeo
#   unit: pc
#   datatype: float64
#   format: '{:15.8f}'
#   description: '? Median of the geometric distance posterior (r_med_geo)'
#   meta: !!omap
#   - {ucd: PHYS_DISTANCE_TRUE}
#   - {width: 15}
#   - {precision: '8'}
#   - values: {'null': .nan}
# - name: Plx
#   unit: mas
#   datatype: float64
#   format: '{:9.4f}'
#   description: '? Parallax (parallax)'
#   meta: !!omap
#   - {ucd: POS_PARLX_TRIG}
#   - {width: 9}
#   - {precision: '4'}
#   - values: {'null': .nan}
# - name: e_Plx
#   unit: mas
#   datatype: float32
#   format: '{:7.4f}'
#   description: '? Standard error of parallax (parallax_error)'
#   meta: !!omap
#   - {ucd: ERROR}
#   - {width: 7}
#   - {precision: '4'}
#   - values: {'null': .nan}
# - name: pmRA
#   unit: mas / yr
#   datatype: float64
#   format: '{:9.3f}'
#   description: '? Proper motion in right ascension direction, pmRA*cosDE (pmra)'
#   meta: !!omap
#   - {ucd: POS_EQ_PMRA}
#   - {width: 9}
#   - {precision: '3'}
#   - values: {'null': .nan}
# - name: pmDE
#   unit: mas / yr
#   datatype: float64
#   format: '{:9.3f}'
#   description: '? Proper motion in declination direction (pmdec)'
#   meta: !!omap
#   - {ucd: POS_EQ_PMDEC}
#   - {width: 9}
#   - {precision: '3'}
#   - values: {'null': .nan}
# - name: e_pmRA
#   unit: mas / yr
#   datatype: float32
#   format: '{:6.3f}'
#   description: '? Standard error of proper motion in right ascension direction (pmra_error)'
#   meta: !!omap
#   - {ucd: ERROR}
#   - {width: 6}
#   - {precision: '3'}
#   - values: {'null': .nan}
# - name: e_pmDE
[...]
#         value: !astropy.table.SerializedColumn {name: SkyCoord.dec}
#       distance: !astropy.table.SerializedColumn
#         __class__: astropy.coordinates.distances.Distance
#         unit: !astropy.units.Unit {unit: pc}
#         value: !astropy.table.SerializedColumn {name: SkyCoord.distance}
#       frame: icrs
#       obstime: !astropy.time.Time {format: jyear_str, in_subfmt: '*', jd1: 367701545.0, jd2: 0.0, out_subfmt: '*', precision: 3, scale: tt}
#       pm_dec: !astropy.table.SerializedColumn
#         __class__: astropy.units.quantity.Quantity
#         unit: !astropy.units.Unit {unit: mas / yr}
#         value: !astropy.table.SerializedColumn {name: SkyCoord.pm_dec}
#       pm_ra_cosdec: !astropy.table.SerializedColumn
#         __class__: astropy.units.quantity.Quantity
#         unit: !astropy.units.Unit {unit: mas / yr}
#         value: !astropy.table.SerializedColumn {name: SkyCoord.pm_ra_cosdec}
#       ra: !astropy.table.SerializedColumn
#         __class__: astropy.coordinates.angles.Longitude
#         unit: *id001
#         value: !astropy.table.SerializedColumn {name: SkyCoord.ra}
#         wrap_angle: !astropy.coordinates.Angle
#           unit: *id001
#           value: 360.0
#       representation_type: spherical
# schema: astropy-2.0
RA_ICRS_1 DE_ICRS_1 e_RA_ICRS e_DE_ICRS _r_1 HIP TYC2 Source rgeo Plx e_Plx pmRA pmDE e_pmRA e_pmDE RUWE Teff logg Gmag BP-RP BPmag RPmag RV e_RV b_rgeo B_rgeo FG e_FG FBP e_FBP FRP e_FRP RAVE5 RAVE6 e_Gmag e_BPmag e_RPmag e_BP-RP SkyCoord.ra SkyCoord.dec SkyCoord.distance SkyCoord.pm_ra_cosdec SkyCoord.pm_dec rmRA rmDE e_rmRA e_rmDE rRV e_rRV v_pec v_pec3d e_vpec e_vpec3d
[from data line 347]
114.03532936468 -20.45679835669 0.0255 0.029 11.4855 "" "" 5716207575239840000 2621.30078 0.3527 0.0414 -3.07 3.079 0.039 0.039 0.958 9240.0 4.2989 16.092533 1.042138 16.527124 15.484986 "" "" 2409.09326 2882.16797 6885.47185 2.8183 3346.3 11.394 5071.8 7.8711 "" "" 0.0027909289139287164 0.004631629 0.0041379854 0.008769615 114.03532936468 -20.45679835669 2621.30078 -3.07 3.0790000000000006 -1.11272723197937 -0.007999893188476381 0.16372667 0.16372667 "" "" 13.825954992813577 "" 2.263677605525316 ""
114.3273845674 -20.73841246246 0.0258 0.0303 14.8012 "" "" 5715434309329806336 3005.89233 0.303 0.0418 -3.714 2.086 0.038 0.045 0.911 6859.0 4.1974 16.09407 1.369807 16.698967 15.32916 "" "" 2637.57349 3381.19873 6875.72828 2.9128 2856.5 8.4044 5854.6 9.0631 "" "" 0.0027934474949013206 0.004241414 0.0041362615 0.008377675 114.3273845674 -20.73841246246 3005.89233 -3.7139999999999986 2.086 -1.75672723197937 -1.0009998931884767 0.16272667 0.16972667 "" "" 28.807930325489878 "" 4.7380388987772974 ""
114.28661520693 -20.73587062767 0.0264 0.0316 13.9869 "" "" 5715434446768780800 2366.08057 0.3996 0.0421 -1.461 0.926 0.04 0.048 0.992 8110.7 4.4112 16.095598 1.175937 16.575926 15.399989 "" "" 2119.83984 2691.16211 6866.06279 3.5803 3199.2 12.661 5484.8 13.105 "" "" 0.0028128849558241463 0.0051232832 0.0045840493 0.009707333 114.28661520693 -20.73587062767 2366.08057 -1.4610000000000012 0.926 0.4962727680206298 -2.1609998931884764 0.16472667 0.17272668 "" "" 24.86697513235787 "" 4.285443624282342 ""
114.13614182514 -20.5661442935 0.0281 0.033 6.4089 "" "" 5715452107674034688 2186.48682 0.4339 0.0457 -2.41 0.814 0.045 0.045 1.072 6077.6 4.4976 16.099527 1.129759 16.584082 15.454323 "" "" 2002.2605 2398.82544 6841.25297 3.0232 3175.3 10.384 5217.1 12.505 "" "" 0.002796782515990296 0.0045157447 0.0045887213 0.009104466 114.13614182514 -20.5661442935 2186.48682 -2.4099999999999997 0.8140000000000001 -0.45272723197937026 -2.2729998931884765 0.16972667 0.16972667 "" "" 24.01997825337673 "" 4.076830917334474 ""
114.06797321614 -20.66863139322 0.0266 0.0294 13.3195 "" "" 5715445235726423168 2541.55029 0.3736 0.0391 -4.339 2.679 0.038 0.039 1.026 5920.8 4.311 16.101229 1.189464 16.611116 15.421653 "" "" 2318.68799 2840.01733 6830.5462 2.7976 3097.2 8.9334 5376.5 10.764 "" "" 0.002790974022180706 0.0041943076 0.0043598935 0.008554202 114.06797321614 -20.66863139322 2541.55029 -4.339 2.679000000000002 -2.3817272319793705 -0.40799989318847674 0.16272667 0.16372667 "" "" 29.110494230212666 "" 4.737886179143051 ""
114.04162008633 -20.54247483972 0.0263 0.0285 10.8971 "" "" 5716202971034940928 2909.26367 0.3246 0.0401 -3.202 3.1 0.043 0.036 1.006 8139.8 4.2002 16.10257 1.03061 16.531906 15.501296 "" "" 2600.1814 3296.79541 6822.11609 2.8967 3331.6 8.9405 4996.2 8.5195 "" "" 0.002793620947800201 0.004034135 0.0042084893 0.008242624 114.04162008633 -20.54247483972 2909.26367 -3.2019999999999995 3.0999999999999988 -1.24472723197937 0.013000106811523526 0.16772668 0.16072667 "" "" 17.165612385996898 "" 2.879118354462325 ""
114.28844378862 -20.29365052873 0.0264 0.0295 13.2691 "" "" 5716230905503348352 2681.52588 0.3601 0.0431 -0.835 0.051 0.037 0.04 1.01 7477.3 4.3706 16.11739 1.238139 16.659086 15.420947 "" "" 2392.6709 2977.87207 6729.62517 2.7634 2963.3 9.1447 5380.0 8.4184 "" "" 0.0027911576478983316 0.0043601994 0.0041436744 0.008503874 114.28844378862 -20.29365052873 2681.52588 -0.835 0.051 1.12227276802063 -3.0359998931884764 0.16172668 0.16472667 "" "" 41.14096604990658 "" 6.762296075170605 ""
114.06272084296 -20.67758577418 0.0262 0.0281 13.9122 "" "" 5715445201367000064 2600.88062 0.3554 0.0386 -3.27 3.245 0.039 0.038 0.981 7532.3 4.4061 16.118479 0.967165 16.512964 15.545799 "" "" 2363.85815 2915.26636 6722.87903 3.0398 3390.2 8.0749 4795.6 6.2953 "" "" 0.0027987131864948144 0.0038042974 0.0040391986 0.007843496 114.06272084296 -20.67758577418 2600.88062 -3.27 3.245 -1.3127272319793701 0.15800010681152354 0.16372667 0.16272667 "" "" 16.30033039793164 "" 2.6685667934351662 ""
114.12559873543 -20.7290858439 0.0243 0.0297 14.529 "" "" 5715441078198070016 2852.81494 0.3258 0.0406 0.582 -1.525 0.035 0.04 1.028 5860.2 4.3621 16.122175 1.190052 16.614014 15.423962 "" "" 2569.12915 3362.70288 6700.02666 2.6135 3089.0 13.928 5365.0 20.918 "" "" 0.0027876792502880016 0.005634781 0.0056748744 0.011309655 114.12559873543 -20.7290858439 2852.81494 0.5820000000000001 -1.525 2.5392727680206297 -4.611999893188477 0.15972668 0.16472667 "" "" 71.19285445966196 "" 11.645528498066135 ""
114.34053066864 -20.51451132204 0.0256 0.03 6.104 "" "" 5715450527125975168 3188.11035 0.3019 0.0428 -2.07 2.166 0.037 0.04 0.99 9304.8 4.1433 16.124674 1.202708 16.641363 15.438655 "" "" 2758.74756 3595.75537 6684.62389 2.8858 3012.1 11.672 5292.9 6.615 "" "" 0.002794903916511804 0.005048381 0.004015596 0.009063978 114.34053066864 -20.51451132204 3188.11035 -2.07 2.1659999999999995 -0.11272723197936996 -0.9209998931884766 0.16172668 0.16472667 "" "" 14.021684993400454 "" 2.3091302420902773 ""
114.19355962681 -20.32964418914 0.0296 0.0341 10.9425 "" "" 5716230493186554752 2828.49341 0.3381 0.0534 -2.755 2.988 0.043 0.047 1.096 5086.1 3.4994 16.134592 1.984917 17.133015 15.148098 "" "" 2442.0105 3195.62329 6623.84326 3.0794 1915.2 6.3917 6917.0 7.2279 "" "" 0.0028011723805047256 0.004573259 0.0039459984 0.008519257 114.19355962681 -20.32964418914 2828.49341 -2.7550000000000017 2.9879999999999995 -0.79772723197937 -0.09899989318847657 0.16772668 0.17172667 "" "" 10.777221598117293 "" 1.8082891471214086 ""
114.4700446865 -20.43246931034 0.0271 0.0316 14.1295 "" "" 5715475953333519616 2917.69067 0.3333 0.048 -2.009 1.775 0.041 0.043 0.997 8870.4 4.4949 16.137957 1.304548 16.712528 15.40798 "" "" 2532.43408 3447.19775 6603.34108 2.8366 2821.0 9.8655 5444.6 11.443 "" "" 0.0027945157882959164 0.004711925 0.0044148425 0.0091267675 114.4700446865 -20.43246931034 2917.69067 -2.0090000000000003 1.7750000000000001 -0.051727231979370014 -1.3119998931884767 0.16572668 0.16772668 "" "" 18.158863576030218 "" 3.045669881455196 ""
114.12294662891 -20.72573100817 0.0281 0.0338 14.4086 "" "" 5715441078198070656 3070.15869 0.3054 0.0455 -1.524 4.0 0.039 0.044 1.096 7424.3 4.4389 16.138508 1.036202 16.55571 15.519507 "" "" 2661.2146 3561.44556 6600.00062 3.1733 3259.4 11.548 4913.1 11.126 "" "" 0.0028043358768845717 0.0047521046 0.0045087687 0.009260873 114.12294662891 -20.72573100817 3070.15869 -1.5240000000000007 3.999999999999998 0.43327276802062986 0.9130001068115234 0.16372667 0.16872668 "" "" 14.706680555165836 "" 2.468057485328463 ""
114.06591652005 -20.64886788534 0.0256 0.0301 12.5766 "" "" 5715445304445894272 2535.67676 0.3734 0.0418 -3.922 5.763 0.041 0.04 0.975 6555.3 4.3138 16.140013 1.178449 16.623888 15.445439 "" "" 2237.25293 2789.99561 6590.85455 2.5861 3061.0 19.242 5260.0 22.108 "" "" 0.0027880603856427666 0.007373432 0.0059252256 0.013298658 114.06591652005 -20.64886788534 2535.67676 -3.9220000000000006 5.763 -1.9647272319793703 2.6760001068115233 0.16572668 0.16472667 "" "" 39.90113853369393 "" 6.586784776476994 ""
114.1039161152 -20.69166781625 0.0253 0.028 13.1431 "" "" 5715444204934260992 2424.63428 0.4024 0.038 -2.93 3.104 0.037 0.038 0.995 7645.7 4.1461 16.14222 1.054981 16.572348 15.517366 "" "" 2202.79199 2660.70874 6577.47598 4.6694 3209.8 13.386 4922.8 11.032 "" "" 0.002861097584465861 0.005318548 0.0044948724 0.0098134205 114.1039161152 -20.69166781625 2424.63428 -2.9299999999999993 3.104 -0.9727272319793703 0.01700010681152353 0.16172668 0.16272667 "" "" 11.181034090630376 "" 1.8082749847788508 ""
114.27378088253 -20.74320232356 0.0257 0.03 14.2808 "" "" 5715434412409051136 2358.80225 0.4102 0.043 -2.476 4.197 0.038 0.043 0.941 6328.9 4.2736 16.14908 1.468118 16.820707 15.35259 "" "" 2099.97803 2574.08374 6536.0366 3.1936 2553.5 6.7809 5729.6 10.108 "" "" 0.0028059269552669175 0.0040122224 0.004237049 0.008249272 114.27378088253 -20.74320232356 2358.80225 -2.4760000000000013 4.196999999999999 -0.5187272319793701 1.1100001068115235 0.16272667 0.16772668 "" "" 13.698909494616135 "" 2.2855463184527274 ""
114.49028024429 -20.47813746946 0.0295 0.0326 14.6233 "" "" 5715473548151837184 2256.22095 0.4286 0.0463 0.711 -1.914 0.043 0.046 1.151 5463.9 4.244 16.149658 1.364392 16.756643 15.392251 "" "" 2036.44824 2525.00098 6532.5587 3.0319 2708.7 10.851 5524.1 11.468 "" "" 0.002801020894185252 0.0051674615 0.0044004726 0.009567934 114.49028024429 -20.47813746946 2256.22095 0.7110000000000005 -1.9139999999999997 2.6682727680206297 -5.000999893188476 0.16772668 0.17072667 "" "" 60.619613892870724 "" 10.309363258895495 ""
114.21707108159 -20.62032939547 0.0256 0.0305 6.7683 "" "" 5715448156304106112 2570.1062 0.3687 0.0433 -3.043 3.614 0.041 0.042 0.954 8053.7 4.3146 16.15044 1.059512 16.59448 15.534968 "" "" 2265.01831 2895.59326 6527.8519 2.8572 3145.0 10.042 4843.6 6.3655 "" "" 0.0027960013182616603 0.0044501103 0.0040397677 0.008489878 114.21707108159 -20.62032939547 2570.1062 -3.0430000000000006 3.6140000000000003 -1.0857272319793703 0.5270001068115233 0.16572668 0.16672668 "" "" 14.702444063697484 "" 2.4393974717147495 ""
114.08250304586 -20.65681159368 0.0259 0.0296 12.2434 "" "" 5715445613683534208 2185.02588 0.4342 0.0392 -1.395 2.027 0.039 0.041 1.009 5859.2 4.4007 16.151186 1.113355 16.62493 15.511575 "" "" 2025.16797 2369.98291 6523.37104 2.4188 3058.1 8.2178 4949.1 8.3226 "" "" 0.002784575383142861 0.0040370203 0.0041973004 0.00823432 114.08250304586 -20.65681159368 2185.02588 -1.395 2.0269999999999997 0.5622727680206299 -1.0599998931884764 0.16372667 0.16572668 "" "" 12.427350197655938 "" 2.054111432704418 ""
114.45756072857 -20.54663380847 0.0297 0.0352 12.8743 "" "" 5715472689158406400 3033.46094 0.3198 0.0491 -2.17 -0.689 0.046 0.05 1.233 6011.6 4.1297 16.151382 1.330412 16.723114 15.392702 "" "" 2632.65771 3545.60571 6522.19707 4.3797 2793.6 9.2514 5521.8 6.9854 "" "" 0.002850148425676774 0.0045511713 0.004021229 0.008572401 114.45756072857 -20.54663380847 3033.46094 -2.17 -0.689 -0.21272723197937005 -3.7759998931884766 0.17072667 0.17472668 "" "" 54.37970120504493 "" 9.500904316901485 ""
114.44273203625 -20.64055057791 0.0252 0.03 14.2425 "" "" 5715436851950363008 2767.12915 0.3375 0.0415 -2.058 2.215 0.037 0.042 0.927 9395.7 4.3901 16.15216 0.928012 16.524233 15.596221 "" "" 2509.40601 3119.90405 6517.51995 2.6479 3355.2 9.1363 4577.9 9.5975 "" "" 0.0027904057782406093 0.004065203 0.0044119097 0.008477112 114.44273203625 -20.64055057791 2767.12915 -2.058 2.2149999999999994 -0.10072723197936995 -0.8719998931884767 0.16172668 0.16672668 "" "" 11.513370693351055 "" 1.9188392634942146 ""
114.11632595419 -20.62585327212 0.0254 0.0298 9.5896 "" "" 5715445785482199936 2867.25464 0.3305 0.04 -2.323 1.334 0.04 0.039 0.995 8446.4 4.4681 16.15227 0.871339 16.505114 15.633775 "" "" 2539.27759 3266.85449 6516.86429 2.6043 3414.9 8.1903 4422.3 8.2594 "" "" 0.002789273618737668 0.0038165462 0.00428902 0.008105566 114.11632595419 -20.62585327212 2867.25464 -2.323 1.334 -0.36572723197937007 -1.7529998931884765 0.16472667 0.16372667 "" "" 24.337623907746217 "" 3.9857362910970915 ""
114.48302283919 -20.44886329043 0.0271 0.0293 14.549 "" "" 5715475850254491008 2580.23169 0.3704 0.0444 0.634 6.136 0.041 0.045 0.971 5884.7 3.9603 16.154678 1.416277 16.787739 15.371462 "" "" 2316.19995 2857.6106 6502.42068 3.4408 2632.2 11.286 5630.8 13.21 "" "" 0.0028145813153730233 0.005427398 0.0045576063 0.009985004 114.48302283919 -20.44886329043 2580.23169 0.6339999999999999 6.136000000000001 2.59127276802063 3.0490001068115236 0.16572668 0.16972667 "" "" 48.93815364636024 "" 8.224582990490266 ""
114.25537925829 -20.65505768189 0.027 0.032 8.8957 "" "" 5715447812706716928 2578.82056 0.3681 0.0425 0.017 1.714 0.04 0.046 1.055 7471.6 4.2037 16.161121 1.205383 16.660114 15.454731 "" "" 2299.09741 2798.48462 6463.95804 3.1482 2960.5 11.101 5215.1 11.038 "" "" 0.0028056041298430904 0.0049355477 0.0044231866 0.009358734 114.25537925829 -20.65505768189 2578.82056 0.016999999999999987 1.714 1.9742727680206298 -1.3729998931884766 0.16472667 0.17072667 "" "" 29.394875058132158 "" 4.900311011763335 ""
114.16121648858 -20.48433534778 0.0271 0.0304 4.2378 "" "" 5716204895180139776 2582.56104 0.3655 0.0443 -2.471 2.751 0.041 0.043 0.988 7034.5 4.4145 16.164793 1.231882 16.693092 15.46121 "" "" 2354.1936 2905.22778 6442.1298 2.6874 2872.0 9.3571 5184.1 8.5425 "" "" 0.002792298562436503 0.004505338 0.004181462 0.0086868 114.16121648858 -20.48433534778 2582.56104 -2.471 2.7510000000000003 -0.5137272319793702 -0.3359998931884767 0.16572668 0.16772668 "" "" 7.514343900020296 "" 1.24984893253465 ""
114.05516229527 -20.635752024 0.0262 0.03 12.537 "" "" 5715445888561448832 2784.66309 0.3358 0.0419 -3.285 3.154 0.041 0.041 0.95 7235.8 4.3427 16.17161 1.00893 16.589228 15.580297 "" "" 2478.12817 3100.79102 6401.81514 3.2386 3160.3 9.2172 4645.6 8.7897 "" "" 0.002809533176115766 0.0042204843 0.0043015964 0.00852208 114.05516229527 -20.635752024 2784.66309 -3.285 3.154 -1.3277272319793703 0.06700010681152335 0.16572668 0.16572668 "" "" 17.54737317676545 "" 2.9080678393521078 ""
114.16769695644 -20.70272565224 0.0278 0.0332 12.2074 "" "" 5715441524864476288 3041.38379 0.3093 0.0435 -2.996 3.142 0.04 0.043 1.107 6097.8 4.411 16.17533 1.031739 16.560865 15.529126 "" "" 2687.59985 3439.17065 6379.9123 3.244 3243.9 18.812 4869.8 15.165 "" "" 0.002810082825104532 0.0068869167 0.0050710393 0.0119579565 114.16769695644 -20.70272565224 3041.38379 -2.9959999999999996 3.142 -1.0387272319793701 0.05500010681152334 0.16472667 0.16772668 "" "" 14.99543399179127 "" 2.4702748905816536 ""
114.15645389194 -20.54516968573 0.028 0.0306 4.7892 "" "" 5715452519990883200 2558.47314 0.3788 0.0448 -3.225 3.181 0.041 0.04 0.987 8233.5 4.4544 16.175367 0.985643 16.580229 15.594585 "" "" 2322.22241 2826.76514 6379.69153 5.5599 3186.6 14.758 4584.8 14.48 "" "" 0.002913266124981958 0.005750583 0.00510314 0.010853723 114.15645389194 -20.54516968573 2558.47314 -3.2249999999999996 3.1809999999999987 -1.2677272319793702 0.09400010681152349 0.16572668 0.16472667 "" "" 15.416139426006835 "" 2.5547815110374446 ""
114.08152850106 -20.69366476781 0.0269 0.0318 13.9669 "" "" 5715444376722883456 2626.01465 0.3703 0.0409 -3.102 3.191 0.04 0.044 1.033 6311.0 4.4074 16.181633 1.069411 16.435526 15.366115 "" "" 2392.38623 3007.80005 6342.9875 4.1562 3640.9 52.419 5658.6 105.83 "" "" 0.002845682641454982 0.015878692 0.020654704 0.036533397 114.08152850106 -20.69366476781 2626.01465 -3.1019999999999994 3.191 -1.14472723197937 0.10400010681152327 0.16472667 0.16872668 "" "" 14.307457802940366 "" 2.357294093786773 ""
114.11476810726 -20.64120118022 0.0252 0.0297 10.3406 "" "" 5715444995208223104 2598.25342 0.3611 0.0402 -2.227 0.159 0.039 0.039 0.902 6308.0 4.1043 16.188145 1.294903 16.7605 15.465597 "" "" 2376.60645 2925.97949 6305.06041 2.445 2699.1 7.928 5163.2 8.1817 "" "" 0.002787302707016984 0.0042373864 0.0041525615 0.008389948 114.11476810726 -20.64120118022 2598.25342 -2.227 0.15900000000000017 -0.26972723197937 -2.9279998931884768 0.16372667 0.16372667 "" "" 36.21311312843096 "" 5.92905251447677 ""
114.34293975971 -20.43627951605 0.0275 0.0319 7.5856 "" "" 5715477465162059392 3226.10327 0.3034 0.048 -0.874 0.475 0.043 0.041 0.954 8645.6 4.2115 16.188168 1.14398 16.67042 15.52644 "" "" 2755.88721 3788.39404 6304.92385 2.792 2932.6 10.134 4881.8 9.4184 "" "" 0.0027969542662095283 0.004675668 0.0043210518 0.0089967195 114.34293975971 -20.43627951605 3226.10327 -0.8740000000000008 0.4750000000000001 1.0832727680206298 -2.6119998931884765 0.16772668 0.16572668 "" "" 43.24079135110074 "" 7.178909756197331 ""
