Clusters/Czernik_31/Czernik_31_stars_in_region.tsv
# %ECSV 1.0
# ---
# datatype:
# - name: RA_ICRS_1
#   unit: deg
#   datatype: float64
#   format: '{:15.11f}'
#   description: Right ascension (ICRS) at Ep=2016.0 (ra)
#   meta: !!omap
#   - {ucd: POS_EQ_RA_MAIN}
#   - {width: 15}
#   - {precision: '11'}
# - name: DE_ICRS_1
#   unit: deg
#   datatype: float64
#   format: '{:15.11f}'
#   description: Declination (ICRS) at Ep=2016.0 (dec)
#   meta: !!omap
#   - {ucd: POS_EQ_DEC_MAIN}
#   - {width: 15}
#   - {precision: '11'}
# - name: e_RA_ICRS
#   unit: mas
#   datatype: float64
#   format: '{:7.4f}'
#   description: Standard error of right ascension (ra_error)
#   meta: !!omap
#   - {ucd: ERROR}
#   - {width: 7}
#   - {precision: '4'}
# - name: e_DE_ICRS
#   unit: mas
#   datatype: float64
#   format: '{:7.4f}'
#   description: Standard error of declination (dec_error)
#   meta: !!omap
#   - {ucd: ERROR}
#   - {width: 7}
#   - {precision: '4'}
# - name: _r_1
#   unit: ''
#   datatype: float64
#   format: '{:7.4f}'
#   description: Distance from center (114.23210635000-20.50840608000)[ICRS], at Epoch=J2016.0
#   meta: !!omap
#   - {ucd: POS_ANG_DIST_GENERAL}
#   - {width: 7}
#   - {precision: '4'}
# - name: HIP
#   datatype: int32
#   description: '? HIP cross-id number, van Leeuwen, Cat. I/311 (hip_original_ext_source_id)'
#   meta: !!omap
#   - {ucd: ID_NUMBER}
#   - {width: 6}
#   - values: {'null': -2147483648}
# - name: TYC2
#   datatype: string
#   description: Tycho-2 cross-id name, Hog et al., Cat. I/259 (tyc2_original_ext_source_id)
#   meta: !!omap
#   - {ucd: ID_CROSSID}
#   - {_votable_string_dtype: char}
# - name: Source
#   datatype: int64
#   description: Source identifier, identical to the Gaia-EDR3 source_id (id)
#   meta: !!omap
#   - {ucd: ID_MAIN}
#   - {width: 19}
# - name: rgeo
#   unit: pc
#   datatype: float64
#   format: '{:15.8f}'
#   description: '? Median of the geometric distance posterior (r_med_geo)'
#   meta: !!omap
#   - {ucd: PHYS_DISTANCE_TRUE}
#   - {width: 15}
#   - {precision: '8'}
#   - values: {'null': .nan}
# - name: Plx
#   unit: mas
#   datatype: float64
#   format: '{:9.4f}'
#   description: '? Parallax (parallax)'
#   meta: !!omap
#   - {ucd: POS_PARLX_TRIG}
#   - {width: 9}
#   - {precision: '4'}
#   - values: {'null': .nan}
# - name: e_Plx
#   unit: mas
#   datatype: float32
#   format: '{:7.4f}'
#   description: '? Standard error of parallax (parallax_error)'
#   meta: !!omap
#   - {ucd: ERROR}
#   - {width: 7}
#   - {precision: '4'}
#   - values: {'null': .nan}
# - name: pmRA
#   unit: mas / yr
#   datatype: float64
#   format: '{:9.3f}'
#   description: '? Proper motion in right ascension direction, pmRA*cosDE (pmra)'
#   meta: !!omap
#   - {ucd: POS_EQ_PMRA}
#   - {width: 9}
#   - {precision: '3'}
#   - values: {'null': .nan}
# - name: pmDE
#   unit: mas / yr
#   datatype: float64
#   format: '{:9.3f}'
#   description: '? Proper motion in declination direction (pmdec)'
#   meta: !!omap
#   - {ucd: POS_EQ_PMDEC}
#   - {width: 9}
#   - {precision: '3'}
#   - values: {'null': .nan}
# - name: e_pmRA
#   unit: mas / yr
#   datatype: float32
#   format: '{:6.3f}'
#   description: '? Standard error of proper motion in right ascension direction (pmra_error)'
#   meta: !!omap
#   - {ucd: ERROR}
#   - {width: 6}
#   - {precision: '3'}
#   - values: {'null': .nan}
# - name: e_pmDE
[...]
#         unit: &id001 !astropy.units.Unit {unit: deg}
#         value: !astropy.table.SerializedColumn {name: SkyCoord.dec}
#       distance: !astropy.table.SerializedColumn
#         __class__: astropy.coordinates.distances.Distance
#         unit: !astropy.units.Unit {unit: pc}
#         value: !astropy.table.SerializedColumn {name: SkyCoord.distance}
#       frame: icrs
#       obstime: !astropy.time.Time {format: jyear_str, in_subfmt: '*', jd1: 367701545.0, jd2: 0.0, out_subfmt: '*', precision: 3, scale: tt}
#       pm_dec: !astropy.table.SerializedColumn
#         __class__: astropy.units.quantity.Quantity
#         unit: !astropy.units.Unit {unit: mas / yr}
#         value: !astropy.table.SerializedColumn {name: SkyCoord.pm_dec}
#       pm_ra_cosdec: !astropy.table.SerializedColumn
#         __class__: astropy.units.quantity.Quantity
#         unit: !astropy.units.Unit {unit: mas / yr}
#         value: !astropy.table.SerializedColumn {name: SkyCoord.pm_ra_cosdec}
#       ra: !astropy.table.SerializedColumn
#         __class__: astropy.coordinates.angles.Longitude
#         unit: *id001
#         value: !astropy.table.SerializedColumn {name: SkyCoord.ra}
#         wrap_angle: !astropy.coordinates.Angle
#           unit: *id001
#           value: 360.0
#       representation_type: spherical
# schema: astropy-2.0
RA_ICRS_1 DE_ICRS_1 e_RA_ICRS e_DE_ICRS _r_1 HIP TYC2 Source rgeo Plx e_Plx pmRA pmDE e_pmRA e_pmDE RUWE Teff logg Gmag BP-RP BPmag RPmag RV e_RV b_rgeo B_rgeo FG e_FG FBP e_FBP FRP e_FRP RAVE5 RAVE6 e_Gmag e_BPmag e_RPmag e_BP-RP SkyCoord.ra SkyCoord.dec SkyCoord.distance SkyCoord.pm_ra_cosdec SkyCoord.pm_dec
[from data line 323]
114.11917022035 -20.54478191351 0.0264 0.0284 6.7108 "" "" 5716202799236177408 2381.46118 0.4047 0.0399 -3.176 3.0 0.04 0.038 0.971 8072.4 4.4365 15.998725 0.984711 16.404095 15.419384 "" "" 2178.84692 2573.97998 7506.834 3.5775 3747.8 12.153 5387.7 12.459 "" "" 0.002803483141134993 0.004492272 0.004537357 0.009029629 114.11917022035 -20.54478191351 2381.46118 -3.176 2.9999999999999996
114.12003251963 -20.61317344117 0.0236 0.0283 8.8969 "" "" 5715451660997455616 2773.24194 0.3338 0.0372 -3.127 3.078 0.037 0.038 0.972 "" "" 16.009968 0.940381 16.390896 15.450515 "" "" 2549.21704 3209.19116 7429.50427 3.0189 3793.7 9.6445 5235.4 11.684 "" "" 0.0027904169641440016 0.0039247638 0.0044894316 0.008414196 114.12003251963 -20.61317344117 2773.24194 -3.127 3.0780000000000003
114.04279818516 -20.64055068811 0.0231 0.0277 13.2645 "" "" 5715445510604335360 2540.58521 0.3713 0.0374 -3.067 3.14 0.036 0.037 0.995 7519.9 4.4418 16.011303 0.957545 16.396147 15.438602 "" "" 2318.91943 2793.33081 7420.36851 2.9854 3775.4 11.616 5293.2 9.559 "" "" 0.00278973118515314 0.0043525076 0.0042577223 0.00861023 114.04279818516 -20.64055068811 2540.58521 -3.067 3.1400000000000006
114.00681936637 -20.63743319449 0.0229 0.026 14.8353 "" "" 5716196064727890688 2522.70703 0.3686 0.0367 -3.048 5.169 0.036 0.034 0.992 6576.1 4.3452 16.014114 1.114021 16.483574 15.369553 "" "" 2322.52979 2799.28687 7401.18291 2.5825 3483.3 10.036 5640.8 8.5912 "" "" 0.002781243285564677 0.0041917376 0.004125313 0.0083170505 114.00681936637 -20.63743319449 2522.70703 -3.048 5.168999999999999
114.37227235723 -20.59265455771 0.0778 0.0958 9.3576 "" "" 5715449187096183552 3184.82812 0.3794 0.131 -2.294 2.896 0.116 0.139 3.406 7993.5 4.0672 16.01582 1.339056 16.55785 15.218794 "" "" 2233.58057 4709.43799 7389.57007 16.716 3252.9 9.6741 6481.0 9.8555 "" "" 0.0036910673351700876 0.0042674704 0.004124282 0.008391753 114.37227235723 -20.59265455771 3184.82812 -2.294 2.8959999999999995
114.1567676601 -20.67898724992 0.0242 0.0278 11.0751 "" "" 5715441696673330304 2675.93652 0.3521 0.037 -3.44 3.202 0.035 0.037 1.048 7664.2 4.3331 16.027075 1.040223 16.457603 15.41738 "" "" 2448.18262 2913.00659 7313.36197 2.8368 3567.6 9.7659 5397.7 10.537 "" "" 0.0027873205832474705 0.004076555 0.004333127 0.008409682 114.1567676601 -20.67898724992 2675.93652 -3.4400000000000004 3.202
114.05510048859 -20.51427286176 0.0254 0.0277 9.9533 "" "" 5716203864388110208 2740.61743 0.3398 0.0389 -3.3 3.12 0.039 0.036 0.986 8798.5 4.3061 16.02763 1.027219 16.454037 15.426818 "" "" 2458.44067 3033.33154 7309.61708 2.8889 3579.3 8.1624 5351.0 6.8543 "" "" 0.002788533546897247 0.0037303402 0.0040271506 0.0077574905 114.05510048859 -20.51427286176 2740.61743 -3.3 3.1200000000000006
114.13970961018 -20.56483195023 0.0267 0.031 6.1979 "" "" 5715452107674033152 2670.36328 0.3374 0.0434 -2.534 2.705 0.041 0.042 1.034 5048.1 3.7722 16.045311 1.578307 16.782076 15.203769 "" "" 2422.88428 2972.94727 7191.55054 2.8923 2646.0 9.1161 6571.3 9.3676 "" "" 0.00278970658410093 0.004666614 0.0040840255 0.00875064 114.13970961018 -20.56483195023 2670.36328 -2.534 2.705
114.01861518239 -20.59541007474 0.0238 0.0274 13.081 "" "" 5716196855001567488 3114.3147 0.3028 0.0367 -2.823 2.988 0.038 0.036 1.043 6067.1 4.1789 16.046398 1.21496 16.571568 15.356607 "" "" 2754.13281 3539.19556 7184.34458 2.5696 3212.1 7.1839 5708.4 8.5292 "" "" 0.002782551131643959 0.0036988517 0.004112837 0.007811689 114.01861518239 -20.59541007474 3114.3147 -2.8230000000000004 2.9880000000000004
114.30759076973 -20.28025358151 0.0248 0.029 14.3323 "" "" 5716232348612347136 2916.38721 0.3391 0.0411 -3.098 2.418 0.039 0.044 0.965 8987.3 4.3037 16.049482 1.245616 16.590107 15.344491 "" "" 2607.72437 3286.9375 7163.96865 2.6681 3157.7 6.997 5772.5 8.906 "" "" 0.002784833898520174 0.0036841657 0.004133971 0.007818136 114.30759076973 -20.28025358151 2916.38721 -3.0980000000000003 2.418
114.00639084903 -20.51976294182 0.0269 0.028 12.7024 "" "" 5716198126311851008 2994.07837 0.3089 0.0415 -0.713 1.149 0.042 0.036 1.01 7460.8 4.2368 16.062355 1.134608 16.533169 15.398561 "" "" 2724.26416 3384.17065 7079.53833 2.9108 3327.7 8.8246 5492.0 12.41 "" "" 0.0027912486969731342 0.0040093604 0.0045058653 0.008515226 114.00639084903 -20.51976294182 2994.07837 -0.713 1.149
114.17330793204 -20.68639858117 0.025 0.0287 11.1785 "" "" 5715441627953847552 2917.21411 0.3165 0.0385 -3.1 3.204 0.036 0.037 1.028 7510.3 4.2582 16.063387 0.942923 16.423729 15.480806 "" "" 2663.29468 3253.36206 7072.80822 5.2178 3680.7 19.311 5091.4 15.089 "" "" 0.0028693819977251094 0.006343008 0.004963609 0.011306617 114.17330793204 -20.68639858117 2917.21411 -3.1000000000000005 3.2040000000000006
114.17210070298 -20.62892205946 0.0242 0.0284 7.978 "" "" 5715450664565025152 3084.05713 0.3024 0.0391 -3.089 3.056 0.038 0.038 1.039 7147.9 4.3453 16.063889 1.205553 16.584896 15.379343 "" "" 2731.07642 3617.33594 7069.53766 3.0394 3172.9 7.4907 5590.1 11.873 "" "" 0.0027945808143353358 0.003788836 0.004427359 0.008216195 114.17210070298 -20.62892205946 3084.05713 -3.0890000000000004 3.0560000000000005
114.40589740037 -20.52581071427 0.0251 0.0278 9.8217 "" "" 5715473685590835200 2921.29224 0.3173 0.041 -2.928 2.39 0.037 0.039 0.958 9260.0 4.2766 16.06406 1.161051 16.555967 15.394917 "" "" 2607.23364 3262.92651 7068.42716 2.7381 3258.6 10.624 5510.5 10.785 "" "" 0.0027872349615744234 0.0045072585 0.0043358086 0.008843067 114.40589740037 -20.52581071427 2921.29224 -2.9280000000000004 2.39
114.2511438518 -20.51032202636 0.0249 0.0285 1.076 "" "" 5715453275905077376 2801.14722 0.3357 0.0402 -2.197 3.118 0.038 0.038 1.008 9248.5 4.3307 16.064884 0.914646 16.435284 15.520637 "" "" 2455.67163 3127.83569 7063.06798 2.6653 3641.7 8.115 4908.0 9.8231 "" "" 0.0027856151955419463 0.0036930437 0.004359569 0.008052613 114.2511438518 -20.51032202636 2801.14722 -2.197 3.1180000000000003
114.37459069245 -20.42706756911 0.0261 0.0282 9.3791 "" "" 5715477808759427200 2404.00659 0.3893 0.0425 -1.847 1.658 0.04 0.038 1.0 8287.7 4.3568 16.075407 1.211415 16.5977 15.386285 "" "" 2210.10986 2660.9502 6994.93659 2.9247 3135.7 10.675 5554.5 8.537 "" "" 0.002792467209684865 0.0046310998 0.004131388 0.008762488 114.37459069245 -20.42706756911 2404.00659 -1.8470000000000002 1.658
114.06144399428 -20.52454534885 0.0257 0.0295 9.639 "" "" 5716203005394650880 2870.66772 0.3245 0.0403 -1.585 2.471 0.04 0.04 0.959 9277.0 4.2611 16.075924 0.929042 16.45063 15.521588 "" "" 2595.51514 3171.65869 6991.60683 2.8212 3590.6 8.0713 4903.7 9.5609 "" "" 0.0027899333314104447 0.0037069786 0.004331855 0.008038834 114.06144399428 -20.52454534885 2870.66772 -1.585 2.4709999999999996
114.14225176147 -20.3885717335 0.0243 0.0289 8.7872 "" "" 5716206819325466880 2435.49609 0.393 0.0413 -1.816 3.867 0.036 0.038 0.952 7654.1 4.3826 16.076883 1.236807 16.61307 15.376263 "" "" 2217.06641 2680.69629 6985.43924 2.7211 3091.6 6.7421 5606.0 8.5162 "" "" 0.002787591187244875 0.003659412 0.004123607 0.007783019 114.14225176147 -20.3885717335 2435.49609 -1.8160000000000003 3.867000000000001
114.17471071047 -20.51877273517 0.027 0.0321 3.2848 "" "" 5715452726149302656 2851.87476 0.3231 0.044 -1.929 3.094 0.038 0.041 1.018 8507.6 4.4854 16.082005 0.864482 16.43217 15.567689 "" "" 2535.5354 3253.15161 6952.5599 3.0254 3652.1 9.8772 4699.8 10.25 "" "" 0.002795533057366021 0.0040506176 0.0044599124 0.00851053 114.17471071047 -20.51877273517 2851.87476 -1.9289999999999998 3.093999999999999
114.25245816413 -20.5026316128 0.0256 0.0291 1.1951 "" "" 5715454031819318784 3150.6416 0.3021 0.0419 -2.078 3.06 0.04 0.041 0.965 9516.3 4.3208 16.083755 0.890663 16.42125 15.530586 "" "" 2792.08398 3593.53662 6941.36407 2.8012 3689.1 24.367 4863.2 18.621 "" "" 0.0027899400521356984 0.0076950956 0.005618396 0.013313492 114.25245816413 -20.5026316128 3150.6416 -2.0780000000000003 3.0600000000000005
113.99693157305 -20.53238099373 0.0248 0.027 13.2932 "" "" 5716198091952130688 2568.24219 0.3544 0.0394 -3.103 3.111 0.038 0.034 1.048 7920.4 4.3694 16.084448 0.970931 16.45619 15.485259 "" "" 2355.21802 2864.30078 6936.93524 3.3542 3572.2 11.228 5070.5 17.844 "" "" 0.0028048880567108957 0.004408082 0.0053742914 0.009782374 113.99693157305 -20.53238099373 2568.24219 -3.1029999999999998 3.1109999999999998
114.34667774125 -20.60286640415 0.0237 0.0311 8.5762 "" "" 5715448809139073664 2215.85474 0.4249 0.0417 -3.134 2.801 0.036 0.044 0.996 7480.1 4.2358 16.085894 1.517236 16.780737 15.263501 "" "" 2028.16565 2423.32837 6927.69858 2.7603 2649.2 12.773 6219.5 11.713 "" "" 0.0027890744974880186 0.005931988 0.0042970534 0.010229042 114.34667774125 -20.60286640415 2215.85474 -3.1339999999999995 2.8009999999999997
114.13314448777 -20.52212349736 0.026 0.0293 5.6217 "" "" 5716203211553467008 2717.22192 0.338 0.0434 -2.74 5.041 0.041 0.039 0.961 7591.4 3.8838 16.086924 1.00358 16.502634 15.499054 "" "" 2422.42847 3082.35327 6921.13487 10.571 3422.7 20.534 5006.5 20.36 "" "" 0.0032158587916932095 0.0070861545 0.0058119954 0.01289815 114.13314448777 -20.52212349736 2717.22192 -2.74 5.041
114.16964514298 -20.61779608006 0.0255 0.0305 7.4425 "" "" 5715450973802958976 2273.99097 0.4188 0.0471 -1.531 -0.154 0.042 0.042 0.928 6481.5 4.4378 16.090475 1.031318 16.521763 15.490445 "" "" 2046.47986 2484.05444 6898.53425 2.7693 3362.9 9.8265 5046.4 7.5087 "" "" 0.0027895797179344852 0.004224945 0.0041101794 0.008335125 114.16964514298 -20.61779608006 2273.99097 -1.5309999999999997 -0.15400000000000005
114.03532936468 -20.45679835669 0.0255 0.029 11.4855 "" "" 5716207575239840000 2621.30078 0.3527 0.0414 -3.07 3.079 0.039 0.039 0.958 9240.0 4.2989 16.092533 1.042138 16.527124 15.484986 "" "" 2409.09326 2882.16797 6885.47185 2.8183 3346.3 11.394 5071.8 7.8711 "" "" 0.0027909289139287164 0.004631629 0.0041379854 0.008769615 114.03532936468 -20.45679835669 2621.30078 -3.07 3.0790000000000006
114.3273845674 -20.73841246246 0.0258 0.0303 14.8012 "" "" 5715434309329806336 3005.89233 0.303 0.0418 -3.714 2.086 0.038 0.045 0.911 6859.0 4.1974 16.09407 1.369807 16.698967 15.32916 "" "" 2637.57349 3381.19873 6875.72828 2.9128 2856.5 8.4044 5854.6 9.0631 "" "" 0.0027934474949013206 0.004241414 0.0041362615 0.008377675 114.3273845674 -20.73841246246 3005.89233 -3.713999999999999 2.086
114.28661520693 -20.73587062767 0.0264 0.0316 13.9869 "" "" 5715434446768780800 2366.08057 0.3996 0.0421 -1.461 0.926 0.04 0.048 0.992 8110.7 4.4112 16.095598 1.175937 16.575926 15.399989 "" "" 2119.83984 2691.16211 6866.06279 3.5803 3199.2 12.661 5484.8 13.105 "" "" 0.0028128849558241463 0.0051232832 0.0045840493 0.009707333 114.28661520693 -20.73587062767 2366.08057 -1.4610000000000003 0.926
114.13614182514 -20.5661442935 0.0281 0.033 6.4089 "" "" 5715452107674034688 2186.48682 0.4339 0.0457 -2.41 0.814 0.045 0.045 1.072 6077.6 4.4976 16.099527 1.129759 16.584082 15.454323 "" "" 2002.2605 2398.82544 6841.25297 3.0232 3175.3 10.384 5217.1 12.505 "" "" 0.002796782515990296 0.0045157447 0.0045887213 0.009104466 114.13614182514 -20.5661442935 2186.48682 -2.4099999999999997 0.8140000000000001
114.06797321614 -20.66863139322 0.0266 0.0294 13.3195 "" "" 5715445235726423168 2541.55029 0.3736 0.0391 -4.339 2.679 0.038 0.039 1.026 5920.8 4.311 16.101229 1.189464 16.611116 15.421653 "" "" 2318.68799 2840.01733 6830.5462 2.7976 3097.2 8.9334 5376.5 10.764 "" "" 0.002790974022180706 0.0041943076 0.0043598935 0.008554202 114.06797321614 -20.66863139322 2541.55029 -4.339 2.6790000000000003
114.04162008633 -20.54247483972 0.0263 0.0285 10.8971 "" "" 5716202971034940928 2909.26367 0.3246 0.0401 -3.202 3.1 0.043 0.036 1.006 8139.8 4.2002 16.10257 1.03061 16.531906 15.501296 "" "" 2600.1814 3296.79541 6822.11609 2.8967 3331.6 8.9405 4996.2 8.5195 "" "" 0.002793620947800201 0.004034135 0.0042084893 0.008242624 114.04162008633 -20.54247483972 2909.26367 -3.202 3.0999999999999996
114.28844378862 -20.29365052873 0.0264 0.0295 13.2691 "" "" 5716230905503348352 2681.52588 0.3601 0.0431 -0.835 0.051 0.037 0.04 1.01 7477.3 4.3706 16.11739 1.238139 16.659086 15.420947 "" "" 2392.6709 2977.87207 6729.62517 2.7634 2963.3 9.1447 5380.0 8.4184 "" "" 0.0027911576478983316 0.0043601994 0.0041436744 0.008503874 114.28844378862 -20.29365052873 2681.52588 -0.835 0.051
114.06272084296 -20.67758577418 0.0262 0.0281 13.9122 "" "" 5715445201367000064 2600.88062 0.3554 0.0386 -3.27 3.245 0.039 0.038 0.981 7532.3 4.4061 16.118479 0.967165 16.512964 15.545799 "" "" 2363.85815 2915.26636 6722.87903 3.0398 3390.2 8.0749 4795.6 6.2953 "" "" 0.0027987131864948144 0.0038042974 0.0040391986 0.007843496 114.06272084296 -20.67758577418 2600.88062 -3.27 3.245
114.12559873543 -20.7290858439 0.0243 0.0297 14.529 "" "" 5715441078198070016 2852.81494 0.3258 0.0406 0.582 -1.525 0.035 0.04 1.028 5860.2 4.3621 16.122175 1.190052 16.614014 15.423962 "" "" 2569.12915 3362.70288 6700.02666 2.6135 3089.0 13.928 5365.0 20.918 "" "" 0.0027876792502880016 0.005634781 0.0056748744 0.011309655 114.12559873543 -20.7290858439 2852.81494 0.5820000000000001 -1.525
114.34053066864 -20.51451132204 0.0256 0.03 6.104 "" "" 5715450527125975168 3188.11035 0.3019 0.0428 -2.07 2.166 0.037 0.04 0.99 9304.8 4.1433 16.124674 1.202708 16.641363 15.438655 "" "" 2758.74756 3595.75537 6684.62389 2.8858 3012.1 11.672 5292.9 6.615 "" "" 0.002794903916511804 0.005048381 0.004015596 0.009063978 114.34053066864 -20.51451132204 3188.11035 -2.07 2.1659999999999995
114.19355962681 -20.32964418914 0.0296 0.0341 10.9425 "" "" 5716230493186554752 2828.49341 0.3381 0.0534 -2.755 2.988 0.043 0.047 1.096 5086.1 3.4994 16.134592 1.984917 17.133015 15.148098 "" "" 2442.0105 3195.62329 6623.84326 3.0794 1915.2 6.3917 6917.0 7.2279 "" "" 0.0028011723805047256 0.004573259 0.0039459984 0.008519257 114.19355962681 -20.32964418914 2828.49341 -2.7550000000000003 2.988
114.4700446865 -20.43246931034 0.0271 0.0316 14.1295 "" "" 5715475953333519616 2917.69067 0.3333 0.048 -2.009 1.775 0.041 0.043 0.997 8870.4 4.4949 16.137957 1.304548 16.712528 15.40798 "" "" 2532.43408 3447.19775 6603.34108 2.8366 2821.0 9.8655 5444.6 11.443 "" "" 0.0027945157882959164 0.004711925 0.0044148425 0.0091267675 114.4700446865 -20.43246931034 2917.69067 -2.0090000000000003 1.7750000000000001
114.12294662891 -20.72573100817 0.0281 0.0338 14.4086 "" "" 5715441078198070656 3070.15869 0.3054 0.0455 -1.524 4.0 0.039 0.044 1.096 7424.3 4.4389 16.138508 1.036202 16.55571 15.519507 "" "" 2661.2146 3561.44556 6600.00062 3.1733 3259.4 11.548 4913.1 11.126 "" "" 0.0028043358768845717 0.0047521046 0.0045087687 0.009260873 114.12294662891 -20.72573100817 3070.15869 -1.524 3.9999999999999996
114.06591652005 -20.64886788534 0.0256 0.0301 12.5766 "" "" 5715445304445894272 2535.67676 0.3734 0.0418 -3.922 5.763 0.041 0.04 0.975 6555.3 4.3138 16.140013 1.178449 16.623888 15.445439 "" "" 2237.25293 2789.99561 6590.85455 2.5861 3061.0 19.242 5260.0 22.108 "" "" 0.0027880603856427666 0.007373432 0.0059252256 0.013298658 114.06591652005 -20.64886788534 2535.67676 -3.9220000000000006 5.763
114.1039161152 -20.69166781625 0.0253 0.028 13.1431 "" "" 5715444204934260992 2424.63428 0.4024 0.038 -2.93 3.104 0.037 0.038 0.995 7645.7 4.1461 16.14222 1.054981 16.572348 15.517366 "" "" 2202.79199 2660.70874 6577.47598 4.6694 3209.8 13.386 4922.8 11.032 "" "" 0.002861097584465861 0.005318548 0.0044948724 0.0098134205 114.1039161152 -20.69166781625 2424.63428 -2.9299999999999997 3.104
114.27378088253 -20.74320232356 0.0257 0.03 14.2808 "" "" 5715434412409051136 2358.80225 0.4102 0.043 -2.476 4.197 0.038 0.043 0.941 6328.9 4.2736 16.14908 1.468118 16.820707 15.35259 "" "" 2099.97803 2574.08374 6536.0366 3.1936 2553.5 6.7809 5729.6 10.108 "" "" 0.0028059269552669175 0.0040122224 0.004237049 0.008249272 114.27378088253 -20.74320232356 2358.80225 -2.476 4.196999999999999
