Clusters/LP_1209/LP_1209_stars_in_region.tsv
# %ECSV 1.0
# ---
# datatype:
# - name: RA_ICRS_1
#   unit: deg
#   datatype: float64
#   format: '{:15.11f}'
#   description: Right ascension (ICRS) at Ep=2016.0 (ra)
#   meta: !!omap
#   - {ucd: POS_EQ_RA_MAIN}
#   - {width: 15}
#   - {precision: '11'}
# - name: DE_ICRS_1
#   unit: deg
#   datatype: float64
#   format: '{:15.11f}'
#   description: Declination (ICRS) at Ep=2016.0 (dec)
#   meta: !!omap
#   - {ucd: POS_EQ_DEC_MAIN}
#   - {width: 15}
#   - {precision: '11'}
# - name: e_RA_ICRS
#   unit: mas
#   datatype: float64
#   format: '{:7.4f}'
#   description: Standard error of right ascension (ra_error)
#   meta: !!omap
#   - {ucd: ERROR}
#   - {width: 7}
#   - {precision: '4'}
# - name: e_DE_ICRS
#   unit: mas
#   datatype: float64
#   format: '{:7.4f}'
#   description: Standard error of declination (dec_error)
#   meta: !!omap
#   - {ucd: ERROR}
#   - {width: 7}
#   - {precision: '4'}
# - name: _r_1
#   unit: ''
#   datatype: float64
#   format: '{:7.4f}'
#   description: Distance from center (271.29590742000-23.80199442000)[ICRS], at Epoch=J2016.0
#   meta: !!omap
#   - {ucd: POS_ANG_DIST_GENERAL}
#   - {width: 7}
#   - {precision: '4'}
# - name: HIP
#   datatype: int32
#   description: '? HIP cross-id number, van Leeuwen, Cat. I/311 (hip_original_ext_source_id)'
#   meta: !!omap
#   - {ucd: ID_NUMBER}
#   - {width: 6}
#   - values: {'null': -2147483648}
# - name: TYC2
#   datatype: string
#   description: Tycho-2 cross-id name, Hog et al., Cat. I/259 (tyc2_original_ext_source_id)
#   meta: !!omap
#   - {ucd: ID_CROSSID}
#   - {_votable_string_dtype: char}
# - name: Source
#   datatype: int64
#   description: Source identifier, identical to the Gaia-EDR3 source_id (id)
#   meta: !!omap
#   - {ucd: ID_MAIN}
#   - {width: 19}
# - name: rgeo
#   unit: pc
#   datatype: float64
#   format: '{:15.8f}'
#   description: '? Median of the geometric distance posterior (r_med_geo)'
#   meta: !!omap
#   - {ucd: PHYS_DISTANCE_TRUE}
#   - {width: 15}
#   - {precision: '8'}
#   - values: {'null': .nan}
# - name: Plx
#   unit: mas
#   datatype: float64
#   format: '{:9.4f}'
#   description: '? Parallax (parallax)'
#   meta: !!omap
#   - {ucd: POS_PARLX_TRIG}
#   - {width: 9}
#   - {precision: '4'}
#   - values: {'null': .nan}
# - name: e_Plx
#   unit: mas
#   datatype: float32
#   format: '{:7.4f}'
#   description: '? Standard error of parallax (parallax_error)'
#   meta: !!omap
#   - {ucd: ERROR}
#   - {width: 7}
#   - {precision: '4'}
#   - values: {'null': .nan}
# - name: pmRA
#   unit: mas / yr
#   datatype: float64
#   format: '{:9.3f}'
#   description: '? Proper motion in right ascension direction, pmRA*cosDE (pmra)'
#   meta: !!omap
#   - {ucd: POS_EQ_PMRA}
#   - {width: 9}
#   - {precision: '3'}
#   - values: {'null': .nan}
# - name: pmDE
#   unit: mas / yr
#   datatype: float64
#   format: '{:9.3f}'
#   description: '? Proper motion in declination direction (pmdec)'
#   meta: !!omap
#   - {ucd: POS_EQ_PMDEC}
#   - {width: 9}
#   - {precision: '3'}
#   - values: {'null': .nan}
# - name: e_pmRA
#   unit: mas / yr
#   datatype: float32
#   format: '{:6.3f}'
#   description: '? Standard error of proper motion in right ascension direction (pmra_error)'
#   meta: !!omap
#   - {ucd: ERROR}
#   - {width: 6}
#   - {precision: '3'}
#   - values: {'null': .nan}
# - name: e_pmDE
[...]
#         value: !astropy.table.SerializedColumn {name: SkyCoord.dec}
#       distance: !astropy.table.SerializedColumn
#         __class__: astropy.coordinates.distances.Distance
#         unit: !astropy.units.Unit {unit: pc}
#         value: !astropy.table.SerializedColumn {name: SkyCoord.distance}
#       frame: icrs
#       obstime: !astropy.time.Time {format: jyear_str, in_subfmt: '*', jd1: 367701545.0, jd2: 0.0, out_subfmt: '*', precision: 3, scale: tt}
#       pm_dec: !astropy.table.SerializedColumn
#         __class__: astropy.units.quantity.Quantity
#         unit: !astropy.units.Unit {unit: mas / yr}
#         value: !astropy.table.SerializedColumn {name: SkyCoord.pm_dec}
#       pm_ra_cosdec: !astropy.table.SerializedColumn
#         __class__: astropy.units.quantity.Quantity
#         unit: !astropy.units.Unit {unit: mas / yr}
#         value: !astropy.table.SerializedColumn {name: SkyCoord.pm_ra_cosdec}
#       ra: !astropy.table.SerializedColumn
#         __class__: astropy.coordinates.angles.Longitude
#         unit: *id001
#         value: !astropy.table.SerializedColumn {name: SkyCoord.ra}
#         wrap_angle: !astropy.coordinates.Angle
#           unit: *id001
#           value: 360.0
#       representation_type: spherical
# schema: astropy-2.0
RA_ICRS_1 DE_ICRS_1 e_RA_ICRS e_DE_ICRS _r_1 HIP TYC2 Source rgeo Plx e_Plx pmRA pmDE e_pmRA e_pmDE RUWE Teff logg Gmag BP-RP BPmag RPmag RV e_RV b_rgeo B_rgeo FG e_FG FBP e_FBP FRP e_FRP RAVE5 RAVE6 e_Gmag e_BPmag e_RPmag e_BP-RP SkyCoord.ra SkyCoord.dec SkyCoord.distance SkyCoord.pm_ra_cosdec SkyCoord.pm_dec rmRA rmDE e_rmRA e_rmDE rRV e_rRV v_pec v_pec3d e_vpec e_vpec3d
[from data line 1315]
271.47961632448 -23.97906436385 0.0735 0.0595 14.6438 "" "" 4066105187630538496 2834.92554 0.3739 0.0872 -0.057 -2.062 0.089 0.058 1.063 8358.3 4.2542 16.754923 1.965439 17.72782 15.762381 "" "" 2296.44238 3424.55347 3740.91561 3.7221 1107.4 8.6059 3928.3 9.2355 "" "" 0.0029595243101923152 0.008886912 0.0045606373 0.013447549 271.47961632448 -23.97906436385 2834.92554 -0.056999999999999995 -2.062 0.10229999947547913 -0.559599959373474 0.26630485 0.23530485 "" "" 7.6442685068621765 "" 1.8068830922408083 ""
271.21119229953 -23.9479149739 0.0631 0.0542 9.9125 "" "" 4066132606701880192 2709.01025 0.3863 0.0775 -0.281 -2.655 0.078 0.056 1.022 "" "" 16.755045 1.687831 17.549068 15.861238 "" "" 2279.77271 3195.82446 3740.49251 2.9382 1305.5 8.6204 3586.4 19.207 "" "" 0.0028842948240323553 0.0076930793 0.006934993 0.014628072 271.21119229953 -23.9479149739 2709.01025 -0.281 -2.6549999999999994 -0.1217000005245209 -1.152599959373474 0.25530484 0.23330486 "" "" 14.882472965382021 "" 3.4759313889995993 ""
271.25476875607 -23.77542127325 0.0655 0.0556 2.7647 "" "" 4066170058817476224 3140.70093 0.3084 0.0739 -0.522 -0.893 0.079 0.057 0.95 4730.6 4.2964 16.755949 1.583342 17.50553 15.922188 "" "" 2543.68262 4033.96167 3737.37585 2.8717 1359.0 10.97 3390.7 13.418 "" "" 0.0028788476272998678 0.009197607 0.0057222648 0.014919871 271.25476875607 -23.77542127325 3140.70093 -0.5220000000000005 -0.8930000000000005 -0.3627000005245209 0.6094000406265259 0.25630486 0.23430485 "" "" 10.557333689165066 "" 2.536443110750952 ""
271.09574261268 -23.78119775332 0.0741 0.0667 11.0599 "" "" 4066147351356991360 2353.16064 0.4443 0.0911 -0.012 -0.237 0.092 0.068 1.068 "" "" 16.759085 1.853827 17.609337 15.75551 "" "" 1968.92883 2902.74902 3726.59872 3.9559 1235.0 31.87 3953.2 24.946 "" "" 0.0029866609574481667 0.028156733 0.007824627 0.03598136 271.09574261268 -23.78119775332 2353.16064 -0.011999999999999999 -0.237 0.14729999947547912 1.2654000406265258 0.26930484 0.24530485 "" "" 14.209553141012176 "" 3.490451374945221 ""
271.28862385658 -23.57744130562 0.0754 0.0719 13.4791 "" "" 4066177106892183040 2542.43848 0.5126 0.1112 7.208 -0.451 0.088 0.066 0.959 5056.0 4.7079 16.759153 1.503041 17.461607 15.958566 "" "" 1808.88867 4000.1731 3726.36209 2.8226 1415.1 11.689 3278.9 10.735 "" "" 0.002875438785566709 0.009392395 0.005188385 0.01458078 271.28862385658 -23.57744130562 2542.43848 7.20799999999999 -0.45099999999999973 7.367299999475479 1.0514000406265258 0.26530486 0.24330485 "" "" 89.68406277663983 "" 23.755838578811364 ""
271.42257036982 -23.76639948028 0.0707 0.0592 7.2749 "" "" 4066159136735390336 2602.28394 0.3977 0.094 0.294 1.303 0.085 0.061 1.013 4609.0 4.2851 16.759157 1.805622 17.642033 15.83641 "" "" 2136.31445 3378.4646 3726.35371 3.3856 1198.4 10.236 3669.4 15.18 "" "" 0.002926581052527141 0.00968434 0.0058701104 0.01555445 271.42257036982 -23.76639948028 2602.28394 0.2940000000000002 1.303 0.4532999994754791 2.805400040626526 0.26230484 0.23830485 "" "" 35.05294114505039 "" 8.375739145561717 ""
271.54449957526 -23.65146124989 0.0622 0.0532 16.3716 "" "" 4066166176167645568 2603.99561 0.3867 0.0749 -0.327 -1.829 0.071 0.052 1.051 5517.2 4.627 16.759861 1.463158 17.435896 15.972738 "" "" 2180.24683 3210.73364 3723.93733 2.3275 1449.0 8.5632 3236.4 7.746 "" "" 0.0028376544298136415 0.0069968095 0.004586552 0.011583362 271.54449957526 -23.65146124989 2603.99561 -0.3270000000000001 -1.8289999999999997 -0.1677000005245209 -0.3265999593734741 0.24830484 0.22930485 "" "" 4.53157062539278 "" 1.0576541268400066 ""
271.3024917371 -23.56932524406 0.073 0.0798 13.9648 "" "" 4066177209971390464 3358.16528 0.3467 0.1208 -5.283 -5.244 0.09 0.063 0.935 4495.4 4.3327 16.76423 1.748975 17.597956 15.848981 "" "" 2444.41992 5831.11621 3708.97735 3.2878 1248.1 7.1769 3627.2 8.0976 "" "" 0.002918576369060597 0.006838378 0.004489863 0.011328241 271.3024917371 -23.56932524406 3358.16528 -5.283000000000005 -5.244 -5.123700000524521 -3.741599959373474 0.26730484 0.24030486 "" "" 100.9888554193534 "" 26.078820986015987 ""
271.18052001109 -23.91675997758 0.0666 0.0566 9.3544 "" "" 4066133637494155008 3044.60107 0.3342 0.0777 0.887 -0.946 0.082 0.058 0.948 "" "" 16.766191 1.756138 17.608961 15.852823 "" "" 2466.20825 4057.08838 3702.29038 3.312 1235.5 9.0294 3614.3 16.549 "" "" 0.0029215018399395935 0.008411147 0.006244819 0.014655966 271.18052001109 -23.91675997758 3044.60107 0.887 -0.9460000000000002 1.0462999994754791 0.5564000406265259 0.25930485 0.23530485 "" "" 17.10182679690637 "" 4.3474358954122465 ""
271.3602134493 -23.98768430676 0.0707 0.0644 11.6865 "" "" 4066128792770773632 2345.68481 0.4564 0.0965 1.471 0.159 0.085 0.058 0.994 "" "" 16.76758 2.25878 17.933826 15.675047 "" "" 1911.60596 3166.69653 3697.55311 3.4856 915.98 10.943 4257.4 16.393 "" "" 0.0029392753576752287 0.013267737 0.0056357007 0.018903438 271.3602134493 -23.98768430676 2345.68481 1.471 0.15899999999999997 1.6302999994754792 1.661400040626526 0.26230484 0.23530485 "" "" 25.88049835715966 "" 6.4420700563836215 ""
271.49516756919 -23.92453480498 0.0715 0.0654 13.1758 "" "" 4066106016590294656 3467.7085 0.3087 0.1045 -0.076 0.633 0.087 0.061 1.066 8795.2 4.0541 16.768093 2.829914 18.381657 15.551743 "" "" 2746.68701 4571.55713 3695.80883 3.3927 606.39 7.554 4769.4 23.841 "" "" 0.002930047967703378 0.013810168 0.0066135824 0.020423751 271.49516756919 -23.92453480498 3467.7085 -0.076 0.6330000000000001 0.08329999947547913 2.135400040626526 0.26430485 0.23830485 "" "" 35.12613409985341 "" 8.372191442122833 ""
271.35374149856 -23.64728716753 0.0681 0.0607 9.811 "" "" 4066172983723373184 3040.58105 0.3742 0.0908 -0.822 -1.056 0.082 0.062 1.028 "" "" 16.769335 1.314216 17.113478 15.799262 "" "" 2273.10352 4134.6333 3691.58524 3.6799 1950.0 77.534 3797.1 92.993 "" "" 0.002960263731441898 0.043260057 0.0268575 0.070117556 271.35374149856 -23.64728716753 3040.58105 -0.8219999999999994 -1.056 -0.6627000005245208 0.44640004062652583 0.25930485 0.23930484 "" "" 11.515861385744872 "" 2.9161848308810825 ""
271.09477644982 -23.72199328786 0.0712 0.0606 12.0428 "" "" 4066150989162955008 2946.35571 0.3518 0.0752 0.265 -3.173 0.082 0.059 1.034 5055.4 4.3822 16.769857 1.587851 17.513124 15.925274 "" "" 2303.19385 3812.13989 3689.80532 3.048 1349.5 10.9 3381.0 11.591 "" "" 0.002897617762206581 0.009202732 0.0053045754 0.014507307 271.09477644982 -23.72199328786 2946.35571 0.265 -3.173 0.42429999947547914 -1.6705999593734742 0.25930485 0.23630485 "" "" 24.071883525263818 "" 5.72337728615887 ""
271.25043327047 -23.59625827386 0.0941 0.0878 12.5945 "" "" 4066176763294827008 2443.86987 0.4776 0.1257 -0.841 -1.737 0.114 0.086 1.574 4622.7 4.3716 16.770964 1.475988 17.195427 15.719439 "" "" 1942.65527 3317.74341 3686.05007 5.9205 1808.2 36.198 4086.8 46.462 "" "" 0.003260824220655509 0.021913499 0.012909147 0.034822647 271.25043327047 -23.59625827386 2443.86987 -0.8410000000000006 -1.737 -0.6817000005245208 -0.23459995937347422 0.29130486 0.26330486 "" "" 8.351308300170002 "" 2.4090901427352334 ""
271.16180307733 -23.67493863201 0.0722 0.0616 10.6003 "" "" 4066174559943707776 2531.63306 0.4372 0.083 0.431 -1.712 0.085 0.06 1.002 5156.3 4.6897 16.771341 1.415732 17.38091 15.965179 "" "" 2098.67212 3095.11523 3684.76686 3.2256 1524.2 10.415 3259.0 15.339 "" "" 0.0029146399383387475 0.007926264 0.006355923 0.014282187 271.16180307733 -23.67493863201 2531.63306 0.43100000000000027 -1.7120000000000006 0.5902999994754792 -0.2095999593734741 0.26230484 0.23730485 "" "" 7.516851671886707 "" 1.9515664407087685 ""
271.24250100047 -23.71287616672 0.0673 0.0582 6.0986 "" "" 4066171605006023040 2633.62476 0.395 0.0812 -0.244 -2.518 0.09 0.059 0.951 5337.0 4.6777 16.772854 1.418342 17.389053 15.970712 "" "" 2218.58203 3324.80396 3679.64084 3.1524 1512.8 14.253 3242.5 14.809 "" "" 0.002908091660744403 0.010603073 0.0062347963 0.016837869 271.24250100047 -23.71287616672 2633.62476 -0.244 -2.5179999999999993 -0.08470000052452087 -1.015599959373474 0.26730484 0.23630485 "" "" 12.722135842147303 "" 3.0092038416164746 ""
271.2087904234 -23.71254357223 0.0641 0.0529 7.1898 "" "" 4066171265724760448 2780.72119 0.3786 0.0744 -0.096 -3.102 0.084 0.054 0.94 4887.4 4.3484 16.772963 1.428281 17.328 15.899718 "" "" 2269.45508 3742.51709 3679.26913 3.2649 1600.4 21.979 3461.6 67.184 "" "" 0.00291891074978273 0.015169701 0.021408604 0.036578305 271.2087904234 -23.71254357223 2780.72119 -0.09600000000000006 -3.102000000000002 0.06329999947547912 -1.599599959373474 0.26130486 0.23130485 "" "" 21.100218544056194 "" 4.881636764361945 ""
271.44851102792 -23.76274665463 0.0637 0.0574 8.7033 "" "" 4066159476018092032 2412.36865 0.4337 0.0816 1.011 -1.085 0.077 0.058 0.964 "" "" 16.774122 1.605809 17.532358 15.926549 "" "" 2014.30835 3051.75269 3675.34242 2.7267 1325.8 10.069 3377.1 18.355 "" "" 0.002870647076588672 0.008705068 0.007007638 0.015712706 271.44851102792 -23.76274665463 2412.36865 1.011 -1.085 1.170299999475479 0.4174000406265259 0.25430486 0.23530485 "" "" 14.20761028304401 "" 3.583618684917075 ""
271.27845053796 -23.71129790114 0.0679 0.0623 5.5256 "" "" 4066170887779338112 3380.75879 0.3729 0.0922 0.52 0.798 0.084 0.066 0.941 "" "" 16.776283 1.798715 17.22707 15.428355 "" "" 2379.84253 5015.88037 3668.03728 7.8177 1756.3 54.613 5343.4 124.31 "" "" 0.0035981299065390997 0.03387659 0.025539983 0.059416573 271.27845053796 -23.71129790114 3380.75879 0.52 0.7979999999999999 0.6792999994754791 2.300400040626526 0.26130486 0.24330485 "" "" 38.43710024929692 "" 9.409301576523895 ""
271.07049638977 -23.68530102719 0.0675 0.0589 14.2227 "" "" 4066151989921761920 3159.5271 0.3215 0.0699 -2.267 -4.734 0.078 0.057 0.971 4699.1 4.2888 16.777699 1.636751 17.531807 15.895056 "" "" 2645.81226 3911.64209 3663.25518 2.6081 1326.5 14.852 3476.4 26.14 "" "" 0.0028616994153178167 0.012472413 0.008996318 0.02146873 271.07049638977 -23.68530102719 3159.5271 -2.267 -4.734 -2.107700000524521 -3.231599959373474 0.25530484 0.23430485 "" "" 57.78087936810532 "" 13.911544761628821 ""
271.23317052985 -23.75699343803 0.0659 0.0549 4.3767 "" "" 4066170333695456384 3451.28638 0.319 0.0735 2.303 0.239 0.087 0.059 1.104 5449.3 4.6389 16.778477 1.323124 17.366205 16.043081 "" "" 2713.06909 4818.15527 3660.63418 2.5624 1545.0 8.9339 3033.4 9.4292 "" "" 0.002858214987132988 0.00687031 0.0050669643 0.011937274 271.23317052985 -23.75699343803 3451.28638 2.303 0.23900000000000002 2.462299999475479 1.7414000406265258 0.26430485 0.23630485 "" "" 49.33670380545689 "" 12.596198088831445 ""
271.25227643705 -23.89845566755 0.064 0.054 6.2634 "" "" 4066133362616320768 3170.67725 0.3138 0.0794 -1.139 -3.405 0.078 0.059 0.975 "" "" 16.77869 1.732054 17.605486 15.873432 "" "" 2518.88013 4592.2334 3659.91379 3.2097 1239.4 10.138 3546.4 13.768 "" "" 0.002915206903689286 0.009309048 0.005661339 0.014970386 271.25227643705 -23.89845566755 3170.67725 -1.139 -3.405 -0.9797000005245209 -1.902599959373474 0.25530484 0.23630485 "" "" 32.16242831892792 "" 7.732210219725843 ""
271.16875270383 -23.77180852101 0.0665 0.0572 7.2123 "" "" 4066147523139920128 2888.073 0.3822 0.0763 -0.443 -0.496 0.097 0.068 1.076 5394.0 4.6488 16.779997 1.529032 17.382175 15.853144 "" "" 2323.60425 3543.42456 3655.50847 3.5957 1522.5 8.9334 3613.3 130.87 "" "" 0.0029550556743918157 0.006954871 0.03950544 0.04646031 271.16875270383 -23.77180852101 2888.073 -0.443 -0.49599999999999994 -0.2837000005245209 1.0064000406265259 0.27430487 0.24530485 "" "" 14.314015775393027 "" 3.5435142819391774 ""
271.47660914312 -23.6189813854 0.0613 0.0529 14.8027 "" "" 4066167245646948608 2726.83765 0.3699 0.0729 -2.031 -1.926 0.073 0.056 0.948 5356.8 4.6429 16.784912 1.437607 17.464024 16.026417 "" "" 2343.02954 3387.29395 3638.9992 2.9185 1411.9 12.823 3080.3 10.442 "" "" 0.0028896409523109005 0.0102479 0.0052754446 0.015523344 271.47660914312 -23.6189813854 2726.83765 -2.031000000000001 -1.9259999999999997 -1.871700000524521 -0.42359995937347406 0.25030485 0.23330486 "" "" 24.803939630035526 "" 6.188666782396056 ""
271.26238281513 -23.54955055037 0.0731 0.0715 15.2582 "" "" 4066177553568871680 3215.78833 0.3893 0.1051 -0.222 -1.74 0.087 0.064 0.995 5222.2 4.7264 16.787174 1.4849 17.442648 15.957748 "" "" 2235.51074 4518.45508 3631.42788 3.2185 1440.0 8.8704 3281.4 13.081 "" "" 0.002918521476130224 0.0072468063 0.0057460363 0.012992842 271.26238281513 -23.54955055037 3215.78833 -0.22199999999999998 -1.74 -0.06270000052452088 -0.2375999593734741 0.26430485 0.24130484 "" "" 3.7456780193720483 "" 0.9097072980060802 ""
271.44882169004 -23.64141653447 0.0615 0.054 12.7821 "" "" 4066167039488522112 2449.9397 0.4217 0.0785 -0.95 -4.883 0.072 0.055 0.981 5199.2 4.6308 16.788725 1.464521 17.469812 16.005291 "" "" 2086.78906 3176.38037 3626.24406 2.5913 1404.4 10.606 3140.8 11.328 "" "" 0.0028624731680586355 0.008661186 0.005442279 0.014103465 271.44882169004 -23.64141653447 2449.9397 -0.9500000000000001 -4.883 -0.7907000005245208 -3.380599959373474 0.24930485 0.23230484 "" "" 40.317468182816384 "" 9.402722207975987 ""
271.2788830036 -23.54499288668 0.0724 0.0714 15.4484 "" "" 4066177519209116800 3158.66895 0.3315 0.1051 3.158 -0.419 0.085 0.063 0.925 5496.4 4.6755 16.789051 1.49054 17.460403 15.969864 "" "" 2455.81421 4124.64697 3625.15256 2.9189 1416.6 14.164 3245.0 13.462 "" "" 0.002890681184161312 0.01120866 0.005879769 0.017088428 271.2788830036 -23.54499288668 3158.66895 3.158 -0.41899999999999993 3.317299999475479 1.0834000406265258 0.26230484 0.24030486 "" "" 52.248596256173684 "" 13.59850415329176 ""
271.15788762974 -23.57835998048 0.1304 0.1201 15.4127 "" "" 4066176419697618560 2345.82788 0.5826 0.1882 -0.107 0.403 0.155 0.11 1.993 4979.1 4.7781 16.791492 1.472954 17.387268 15.914314 "" "" 1609.7052 4685.27051 3617.01325 5.9359 1515.3 14.548 3415.3 19.991 "" "" 0.0032812539360049294 0.010790834 0.00739408 0.018184915 271.15788762974 -23.57835998048 2345.82788 -0.10700000000000004 0.40299999999999997 0.05229999947547913 1.905400040626526 0.33230484 0.28730485 "" "" 21.194549727190378 "" 6.090071105885685 ""
271.49671009395 -23.73769616078 0.0644 0.0606 11.6816 "" "" 4066156692879420288 2625.0498 0.4351 0.0899 -2.074 -3.492 0.078 0.06 0.925 4907.8 4.3486 16.792435 1.596989 17.539825 15.942837 "" "" 2035.4989 3857.03027 3613.87502 2.6924 1316.7 9.2636 3326.8 13.659 "" "" 0.002871601687979184 0.008132294 0.0058442564 0.01397655 271.49671009395 -23.73769616078 2625.0498 -2.0740000000000003 -3.492000000000001 -1.9147000005245207 -1.9895999593734741 0.25530484 0.23730485 "" "" 34.357690866445125 "" 8.45625323305892 ""
271.42840654221 -23.69763464267 0.0667 0.0604 9.5999 "" "" 4066160717297362560 2773.99609 0.4407 0.0914 -0.268 -5.516 0.077 0.058 1.03 "" "" 16.795172 1.451596 17.428871 15.977275 "" "" 2052.39233 4795.69238 3604.77697 3.2462 1458.4 9.9297 3222.9 19.012 "" "" 0.002923654433880555 0.007901405 0.007436742 0.015338147 271.42840654221 -23.69763464267 2773.99609 -0.2680000000000003 -5.516 -0.10870000052452089 -4.013599959373474 0.25430486 0.23530485 "" "" 52.79313904555946 "" 12.423246380538425 ""
271.18112285735 -23.70890224384 0.0736 0.0575 8.4222 "" "" 4066171501926853504 2947.11792 0.3284 0.0821 -0.569 0.558 0.092 0.057 0.856 4666.8 4.1815 16.795391 1.996383 17.805862 15.80948 "" "" 2334.63892 3606.45215 3604.04347 3.3543 1030.6 15.478 3761.5 16.343 "" "" 0.002934774101184737 0.016543051 0.006044568 0.02258762 271.18112285735 -23.70890224384 2947.11792 -0.5689999999999995 0.558 -0.4097000005245208 2.0604000406265257 0.26930484 0.23430485 "" "" 29.345928705898224 "" 6.917750153629341 ""
