Clusters/LP_1209/LP_1209_stars_in_region.tsv
# %ECSV 1.0
# ---
# datatype:
# - name: RA_ICRS_1
#   unit: deg
#   datatype: float64
#   format: '{:15.11f}'
#   description: Right ascension (ICRS) at Ep=2016.0 (ra)
#   meta: !!omap
#   - {ucd: POS_EQ_RA_MAIN}
#   - {width: 15}
#   - {precision: '11'}
# - name: DE_ICRS_1
#   unit: deg
#   datatype: float64
#   format: '{:15.11f}'
#   description: Declination (ICRS) at Ep=2016.0 (dec)
#   meta: !!omap
#   - {ucd: POS_EQ_DEC_MAIN}
#   - {width: 15}
#   - {precision: '11'}
# - name: e_RA_ICRS
#   unit: mas
#   datatype: float64
#   format: '{:7.4f}'
#   description: Standard error of right ascension (ra_error)
#   meta: !!omap
#   - {ucd: ERROR}
#   - {width: 7}
#   - {precision: '4'}
# - name: e_DE_ICRS
#   unit: mas
#   datatype: float64
#   format: '{:7.4f}'
#   description: Standard error of declination (dec_error)
#   meta: !!omap
#   - {ucd: ERROR}
#   - {width: 7}
#   - {precision: '4'}
# - name: _r_1
#   unit: ''
#   datatype: float64
#   format: '{:7.4f}'
#   description: Distance from center (271.29590742000-23.80199442000)[ICRS], at Epoch=J2016.0
#   meta: !!omap
#   - {ucd: POS_ANG_DIST_GENERAL}
#   - {width: 7}
#   - {precision: '4'}
# - name: HIP
#   datatype: int32
#   description: '? HIP cross-id number, van Leeuwen, Cat. I/311 (hip_original_ext_source_id)'
#   meta: !!omap
#   - {ucd: ID_NUMBER}
#   - {width: 6}
#   - values: {'null': -2147483648}
# - name: TYC2
#   datatype: string
#   description: Tycho-2 cross-id name, Hog et al., Cat. I/259 (tyc2_original_ext_source_id)
#   meta: !!omap
#   - {ucd: ID_CROSSID}
#   - {_votable_string_dtype: char}
# - name: Source
#   datatype: int64
#   description: Source identifier, identical to the Gaia-EDR3 source_id (id)
#   meta: !!omap
#   - {ucd: ID_MAIN}
#   - {width: 19}
# - name: rgeo
#   unit: pc
#   datatype: float64
#   format: '{:15.8f}'
#   description: '? Median of the geometric distance posterior (r_med_geo)'
#   meta: !!omap
#   - {ucd: PHYS_DISTANCE_TRUE}
#   - {width: 15}
#   - {precision: '8'}
#   - values: {'null': .nan}
# - name: Plx
#   unit: mas
#   datatype: float64
#   format: '{:9.4f}'
#   description: '? Parallax (parallax)'
#   meta: !!omap
#   - {ucd: POS_PARLX_TRIG}
#   - {width: 9}
#   - {precision: '4'}
#   - values: {'null': .nan}
# - name: e_Plx
#   unit: mas
#   datatype: float32
#   format: '{:7.4f}'
#   description: '? Standard error of parallax (parallax_error)'
#   meta: !!omap
#   - {ucd: ERROR}
#   - {width: 7}
#   - {precision: '4'}
#   - values: {'null': .nan}
# - name: pmRA
#   unit: mas / yr
#   datatype: float64
#   format: '{:9.3f}'
#   description: '? Proper motion in right ascension direction, pmRA*cosDE (pmra)'
#   meta: !!omap
#   - {ucd: POS_EQ_PMRA}
#   - {width: 9}
#   - {precision: '3'}
#   - values: {'null': .nan}
# - name: pmDE
#   unit: mas / yr
#   datatype: float64
#   format: '{:9.3f}'
#   description: '? Proper motion in declination direction (pmdec)'
#   meta: !!omap
#   - {ucd: POS_EQ_PMDEC}
#   - {width: 9}
#   - {precision: '3'}
#   - values: {'null': .nan}
# - name: e_pmRA
#   unit: mas / yr
#   datatype: float32
#   format: '{:6.3f}'
#   description: '? Standard error of proper motion in right ascension direction (pmra_error)'
#   meta: !!omap
#   - {ucd: ERROR}
#   - {width: 6}
#   - {precision: '3'}
#   - values: {'null': .nan}
# - name: e_pmDE
[...]
#         value: !astropy.table.SerializedColumn {name: SkyCoord.dec}
#       distance: !astropy.table.SerializedColumn
#         __class__: astropy.coordinates.distances.Distance
#         unit: !astropy.units.Unit {unit: pc}
#         value: !astropy.table.SerializedColumn {name: SkyCoord.distance}
#       frame: icrs
#       obstime: !astropy.time.Time {format: jyear_str, in_subfmt: '*', jd1: 367701545.0, jd2: 0.0, out_subfmt: '*', precision: 3, scale: tt}
#       pm_dec: !astropy.table.SerializedColumn
#         __class__: astropy.units.quantity.Quantity
#         unit: !astropy.units.Unit {unit: mas / yr}
#         value: !astropy.table.SerializedColumn {name: SkyCoord.pm_dec}
#       pm_ra_cosdec: !astropy.table.SerializedColumn
#         __class__: astropy.units.quantity.Quantity
#         unit: !astropy.units.Unit {unit: mas / yr}
#         value: !astropy.table.SerializedColumn {name: SkyCoord.pm_ra_cosdec}
#       ra: !astropy.table.SerializedColumn
#         __class__: astropy.coordinates.angles.Longitude
#         unit: *id001
#         value: !astropy.table.SerializedColumn {name: SkyCoord.ra}
#         wrap_angle: !astropy.coordinates.Angle
#           unit: *id001
#           value: 360.0
#       representation_type: spherical
# schema: astropy-2.0
RA_ICRS_1 DE_ICRS_1 e_RA_ICRS e_DE_ICRS _r_1 HIP TYC2 Source rgeo Plx e_Plx pmRA pmDE e_pmRA e_pmDE RUWE Teff logg Gmag BP-RP BPmag RPmag RV e_RV b_rgeo B_rgeo FG e_FG FBP e_FBP FRP e_FRP RAVE5 RAVE6 e_Gmag e_BPmag e_RPmag e_BP-RP SkyCoord.ra SkyCoord.dec SkyCoord.distance SkyCoord.pm_ra_cosdec SkyCoord.pm_dec rmRA rmDE e_rmRA e_rmDE rRV e_rRV v_pec v_pec3d e_vpec e_vpec3d
[from data line 612]
271.2121830188 -23.60936161691 0.0435 0.0394 12.4396 "" "" 4066176797654602880 2546.19604 0.4166 0.0618 0.594 -1.445 0.058 0.039 1.026 "" "" 15.807035 1.22675 16.338116 15.111365 "" "" 2103.69287 3103.33154 8956.38466 4.6583 3982.6 12.989 7155.0 18.875 "" "" 0.0028125926225529754 0.004508232 0.004742078 0.00925031 271.2121830188 -23.60936161691 2546.19604 0.594 -1.445 0.7532999994754791 0.05740004062652582 0.23530485 0.21630485 "" "" 9.117909791619503 "" 2.1445284795108974 ""
271.23825025835 -23.8319468356 0.0387 0.0326 3.6395 "" "" 4066134638253681152 2492.0144 0.3766 0.0437 0.49 0.569 0.047 0.034 1.076 4751.6 3.472 15.8087 1.956708 16.791985 14.835277 "" "" 2188.45703 2870.03955 8942.66769 4.315 2621.9 8.9305 9226.7 13.705 "" "" 0.0028046831394693368 0.004632637 0.0041090837 0.008741721 271.23825025835 -23.8319468356 2492.0144 0.49 0.5690000000000002 0.6492999994754791 2.071400040626526 0.22430485 0.21130484 "" "" 25.641582834263573 "" 5.448844056709032 ""
271.1873569753 -23.78144833364 0.0367 0.0313 6.0857 "" "" 4066146797274540416 2559.31201 0.3605 0.0407 -1.495 -4.088 0.048 0.034 0.95 8498.5 4.1431 15.810232 1.197383 16.322472 15.125089 "" "" 2305.96606 2818.10352 8930.04873 3.8508 4040.4 13.791 7065.2 17.814 "" "" 0.0027948149491874505 0.0046388437 0.0046666777 0.009305522 271.1873569753 -23.78144833364 2559.31201 -1.4950000000000006 -4.088 -1.335700000524521 -2.585599959373474 0.22530484 0.21130484 "" "" 35.30436898472247 "" 7.566785508087607 ""
271.35489056032 -23.64375391106 0.0465 0.0418 10.032 "" "" 4066172983724009856 2828.49292 0.3229 0.0605 -1.203 -1.092 0.057 0.041 1.068 "" "" 15.810864 3.139163 17.65655 14.517386 -30.6 10.0 2363.91064 3354.64697 8924.85035 6.7794 1182.5 12.963 12365.0 38.041 "" "" 0.0028761046227755212 0.012224907 0.005043923 0.017268829 271.35489056032 -23.64375391106 2828.49292 -1.2029999999999987 -1.0919999999999996 -1.043700000524521 0.4104000406265258 0.23430485 0.21830484 -74.595 13.535 15.035868157695164 76.09527814690995 3.49172197632143 13.286072864062817
271.52287016776 -23.81474144744 0.0763 0.0775 12.4824 "" "" 4066155357177093248 3217.02051 0.3499 0.1226 -0.166 -2.532 0.087 0.065 1.072 "" "" 15.811026 3.369695 17.839314 14.469619 -77.95 5.91 2302.79321 4638.9873 8923.5228 6.4558 999.29 10.273 12921.0 17.722 "" "" 0.002865096240877388 0.011505147 0.004062182 0.015567329 271.52287016776 -23.81474144744 3217.02051 -0.16599999999999984 -2.532 -0.006700000524520883 -1.0295999593734741 0.26430485 0.24230485 -121.94500000000001 9.445 15.70036985709682 122.95155403104768 3.804291000479003 9.380265025983656
271.17358914125 -23.68892827648 0.0448 0.0371 9.5473 "" "" 4066174491233843968 2994.94141 0.3175 0.0532 -2.701 -5.484 0.055 0.037 0.981 5526.3 4.2044 15.812748 1.280228 16.33842 15.058193 "" "" 2617.23145 3588.79517 8909.3779 5.7667 3981.5 37.087 7514.2 30.87 "" "" 0.0028435285722022596 0.010491277 0.005846306 0.016337583 271.17358914125 -23.68892827648 2994.94141 -2.701000000000001 -5.484 -2.541700000524521 -3.981599959373474 0.23230484 0.21430485 "" "" 67.05780371228788 "" 14.730454589312119 ""
271.43520785585 -23.78115171466 0.0398 0.0352 7.7493 "" "" 4066156108763641472 2929.45044 0.3088 0.0554 -4.642 -1.641 0.049 0.036 0.954 7521.0 3.5657 15.812764 2.591341 17.24246 14.651119 "" "" 2550.92334 3952.83374 8909.2502 5.7275 1731.5 13.787 10932.0 18.369 "" "" 0.002842354187126208 0.009084235 0.0041966666 0.013280902 271.43520785585 -23.78115171466 2929.45044 -4.642 -1.6409999999999996 -4.482700000524521 -0.13859995937347414 0.22630484 0.21330485 "" "" 62.27470232366105 "" 14.092315792707321 ""
271.20418104897 -23.76755966316 0.0392 0.0322 5.4435 "" "" 4066170264985329280 2538.86914 0.3587 0.0454 -0.194 -2.541 0.053 0.036 1.079 6784.4 4.1995 15.820981 1.530612 16.498507 14.967895 "" "" 2272.49829 2805.20605 8842.07981 4.7744 3435.7 24.013 8165.8 18.632 "" "" 0.002816999775597012 0.0080851875 0.0045189518 0.01260414 271.20418104897 -23.76755966316 2538.86914 -0.19400000000000003 -2.541 -0.03470000052452088 -1.038599959373474 0.23030485 0.21330485 "" "" 12.505734827583973 "" 2.667780342657873 ""
271.15921007326 -23.8898951333 0.0457 0.041 9.1701 "" "" 4066133985402739968 2859.14624 0.3297 0.0591 -1.18 -0.948 0.061 0.043 1.022 6865.5 2.7411 15.824897 3.617217 18.05473 14.437512 "" "" 2438.11401 3359.10962 8810.24735 5.6605 819.46 4.8827 13309.0 24.133 "" "" 0.002842252715675257 0.0070453356 0.0042614196 0.011306755 271.15921007326 -23.8898951333 2859.14624 -1.18 -0.9479999999999998 -1.0207000005245208 0.5544000406265259 0.23830485 0.22030485 "" "" 15.741674541854984 "" 3.6886821798005105 ""
271.47563076444 -23.60460907083 0.0376 0.0331 15.4191 "" "" 4066167486165136512 2416.09204 0.378 0.0479 1.372 1.033 0.046 0.035 1.041 5226.7 3.5138 15.825822 1.902481 16.742046 14.839565 "" "" 2195.0603 2681.25684 8802.73999 4.6109 2745.4 12.787 9190.3 21.279 "" "" 0.0028134004957845364 0.0057756067 0.004539092 0.010314699 271.47563076444 -23.60460907083 2416.09204 1.3720000000000003 1.033 1.5312999994754792 2.535400040626526 0.22330485 0.21230485 "" "" 33.92104118522786 "" 7.30319889215251 ""
271.51245073693 -23.68551134354 0.0354 0.0312 13.7944 "" "" 4066165729490898816 2404.34961 0.3844 0.0445 0.896 -1.259 0.043 0.032 0.941 8506.2 4.2056 15.827229 1.29606 16.327148 15.031089 "" "" 2142.76245 2662.42749 8791.34231 3.7631 4023.1 67.999 7704.1 85.963 "" "" 0.0027942400449222 0.018562164 0.012690569 0.031252734 271.51245073693 -23.68551134354 2404.34961 0.8960000000000007 -1.259 1.055299999475479 0.24340004062652598 0.22030485 0.20930485 "" "" 12.342603032210553 "" 2.712440527829795 ""
271.39525457732 -23.6159919683 0.0386 0.0324 12.4232 "" "" 4066178786191802368 2359.75537 0.4011 0.0474 -1.615 -4.687 0.051 0.037 1.032 6366.3 4.0032 15.827298 1.498252 16.516794 15.018542 "" "" 2138.43481 2642.5127 8790.78234 4.2243 3378.3 12.25 7793.7 12.03 "" "" 0.002804282221715624 0.004825431 0.004134289 0.00895972 271.39525457732 -23.6159919683 2359.75537 -1.615000000000001 -4.687000000000001 -1.4557000005245209 -3.1845999593734744 0.22830485 0.21430485 "" "" 39.165498213233576 "" 8.490655048177873 ""
271.20282733134 -23.8174071091 0.0382 0.0319 5.1925 "" "" 4066146423643969280 3138.28223 0.3061 0.0422 0.91 -1.478 0.05 0.036 0.989 8485.6 4.0591 15.829679 1.212802 16.354414 15.141612 "" "" 2777.28125 3522.43188 8771.51946 3.9084 3923.3 10.768 6958.5 14.784 "" "" 0.0027974690522579284 0.0040822914 0.0044277334 0.008510025 271.20282733134 -23.8174071091 3138.28223 0.91 -1.4780000000000004 1.0692999994754793 0.0244000406265259 0.22730485 0.21330485 "" "" 15.91046760566222 "" 3.616414035561555 ""
271.20629445881 -23.63739499849 0.0482 0.0438 11.0348 "" "" 4066175114027383936 2804.62793 0.3608 0.0692 0.837 -1.15 0.062 0.042 1.077 9742.1 4.0636 15.830175 2.53455 17.21425 14.679701 "" "" 2249.19189 3465.81055 8767.51387 7.188 1777.1 8.6146 10648.0 13.846 "" "" 0.002895536197818174 0.005957015 0.004034473 0.0099914875 271.20629445881 -23.63739499849 2804.62793 0.8369999999999997 -1.1500000000000001 0.9962999994754791 0.35240004062652597 0.23930484 0.21930484 "" "" 14.048863646166069 "" 3.3318881066584694 ""
271.44536509991 -23.660326898 0.0372 0.0329 11.817 "" "" 4066166691563680384 2513.96899 0.3831 0.0484 1.071 -0.32 0.045 0.036 1.031 8153.6 4.3105 15.830851 1.328498 16.398743 15.070245 "" "" 2225.20239 2911.3208 8762.06502 4.7089 3766.3 11.234 7431.2 16.72 "" "" 0.002816426110135974 0.0042746845 0.0045001525 0.0087748375 271.44536509991 -23.660326898 2513.96899 1.071 -0.32 1.230299999475479 1.1824000406265258 0.22230485 0.21330485 "" "" 20.333501107980265 "" 4.433309760473027 ""
271.2510420472 -23.83220665375 0.0387 0.0326 3.0579 "" "" 4066134427768496256 2798.88574 0.3188 0.0436 0.826 -0.431 0.048 0.036 0.922 "" "" 15.831373 1.682837 16.626917 14.944079 "" "" 2502.50684 3185.71265 8757.84782 4.0474 3052.5 9.9254 8346.9 11.585 "" "" 0.0028006357555976523 0.0044998173 0.0040687327 0.0085685495 271.2510420472 -23.83220665375 2798.88574 0.826 -0.4309999999999997 0.9852999994754791 1.0714000406265258 0.22530484 0.21330485 "" "" 19.31077453519939 "" 4.226839677754355 ""
271.37767838169 -23.59287962821 0.0423 0.0367 13.3269 "" "" 4066179099756855296 2455.21973 0.3775 0.0518 0.277 -1.223 0.053 0.039 1.166 7126.7 4.2311 15.835361 1.398613 16.448164 15.049551 "" "" 2158.23071 2761.42993 8725.74123 4.5177 3598.7 11.592 7574.2 32.031 "" "" 0.002812078114280132 0.004473968 0.0059469263 0.010420894 271.37767838169 -23.59287962821 2455.21973 0.277 -1.223 0.43629999947547915 0.2794000406265258 0.23030485 0.21630485 "" "" 6.029451685803437 "" 1.3646011774888684 ""
271.30724030582 -23.66641080563 0.0408 0.0353 8.1588 "" "" 4066172605766288512 3216.88721 0.3005 0.0536 0.375 -0.417 0.054 0.039 1.034 8037.7 3.7921 15.836536 1.249848 16.367996 15.118148 "" "" 2754.00586 3828.66577 8716.29881 4.7356 3874.5 11.227 7110.5 24.792 "" "" 0.0028177568143047203 0.004205114 0.005349258 0.009554372 271.30724030582 -23.66641080563 3216.88721 0.3750000000000002 -0.417 0.5342999994754791 1.0854000406265258 0.23130485 0.21630485 "" "" 18.446793500565235 "" 4.045589027213216 ""
271.31377702801 -23.55099909503 0.0443 0.0433 15.0917 "" "" 4066183119846406528 2820.59717 0.3397 0.0691 1.154 0.132 0.058 0.045 1.016 6893.1 4.0958 15.838266 1.405417 16.466492 15.061075 "" "" 2436.11328 3582.4873 8702.42396 4.3882 3538.5 18.264 7494.2 20.598 "" "" 0.002809186143565133 0.006260214 0.004815498 0.011075712 271.31377702801 -23.55099909503 2820.59717 1.154 0.132 1.313299999475479 1.634400040626526 0.23530485 0.22230485 "" "" 28.031688351468826 "" 6.377038310486156 ""
271.28650397003 -23.55930814009 0.0433 0.0429 14.5703 "" "" 4066177278690910720 2779.60889 0.3367 0.064 -1.675 -1.352 0.053 0.038 0.956 8764.6 4.3201 15.838603 1.216858 16.36373 15.146872 "" "" 2410.84424 3349.06372 8699.72304 5.0988 3889.8 12.273 6924.8 15.474 "" "" 0.00282784610441448 0.004418188 0.0044911006 0.008909289 271.28650397003 -23.55930814009 2779.60889 -1.6750000000000005 -1.352 -1.515700000524521 0.1504000406265258 0.23030485 0.21530485 "" "" 20.067945176380018 "" 4.618904851882893 ""
271.23581588258 -23.78694980068 0.0384 0.0309 3.4203 "" "" 4066169960066346112 2580.22046 0.3549 0.0442 0.003 -1.41 0.05 0.035 1.006 "" "" 15.840416 1.14671 16.316128 15.169417 "" "" 2343.29419 2945.58154 8685.21037 4.2114 4064.1 24.837 6782.5 19.321 "" "" 0.0028051659501479756 0.0071980515 0.004883613 0.012081664 271.23581588258 -23.78694980068 2580.22046 0.002999999999999982 -1.4099999999999995 0.16229999947547913 0.09240004062652596 0.22730485 0.21230485 "" "" 2.2841126855604954 "" 0.5110156060673072 ""
271.01846226761 -23.73433016039 0.0403 0.0366 15.7665 "" "" 4066151337086729856 2828.20093 0.3327 0.0531 0.008 -3.139 0.051 0.035 1.02 9242.1 3.6565 15.843116 1.507814 16.528614 15.0208 "" "" 2403.10596 3568.39136 8663.63925 3.6081 3341.7 14.122 7777.5 15.555 "" "" 0.0027921761788288067 0.005370071 0.0043587866 0.009728858 271.01846226761 -23.73433016039 2828.20093 0.008 -3.139 0.16729999947547913 -1.636599959373474 0.22830485 0.21230485 "" "" 22.0540575512731 "" 4.685968483821947 ""
271.11525685215 -23.79698906107 0.0439 0.0365 9.9219 "" "" 4066147076479057408 2416.49048 0.4073 0.0543 1.975 -4.274 0.06 0.039 1.113 15027.9 4.5777 15.844623 1.528272 16.532015 15.003743 "" "" 2089.48486 2764.66943 8651.62481 6.877 3331.3 11.902 7900.6 15.723 "" "" 0.0028873187128663426 0.0047783293 0.0043534427 0.009131772 271.11525685215 -23.79698906107 2416.49048 1.9750000000000003 -4.274 2.134299999475479 -2.771599959373474 0.23730485 0.21630485 "" "" 40.06830401715723 "" 8.98940051377123 ""
271.1909281167 -23.64364055923 0.0505 0.0477 11.1142 "" "" 4066175075339964416 3060.37695 0.3275 0.0723 0.065 -1.408 0.068 0.045 0.903 8042.0 4.315 15.847813 1.213013 16.359947 15.146935 "" "" 2486.21729 4744.74072 8626.24345 5.4454 3903.4 33.997 6924.4 19.789 "" "" 0.002839284629379241 0.009859356 0.0048899525 0.014749309 271.1909281167 -23.64364055923 3060.37695 0.065 -1.407999999999999 0.22429999947547913 0.09440004062652596 0.24530485 0.22230485 "" "" 3.530159077777651 "" 0.8542409914239307 ""
271.17126611629 -23.82449536457 0.0399 0.0342 6.9737 "" "" 4066146350597722880 2366.33057 0.3888 0.0492 -0.217 -3.464 0.053 0.037 1.041 9192.3 3.7972 15.848106 2.131134 16.939154 14.80802 "" "" 2148.00049 2664.71167 8623.91305 16.234 2289.6 19.898 9461.3 45.938 "" "" 0.0034306039239144375 0.009839587 0.0064864396 0.016326027 271.17126611629 -23.82449536457 2366.33057 -0.2169999999999998 -3.4640000000000004 -0.05770000052452087 -1.961599959373474 0.23030485 0.21430485 "" "" 22.01161968677235 "" 4.717512657052964 ""
271.35762920182 -23.75555265175 0.0418 0.0366 4.3874 "" "" 4066160030101839744 2799.61841 0.3449 0.0565 0.528 0.889 0.052 0.038 1.062 "" "" 15.848637 1.357648 16.444254 15.086606 "" "" 2418.21387 3299.54688 8619.70088 4.5933 3611.7 9.9957 7320.1 21.504 "" "" 0.0028154101223493728 0.004100524 0.004945384 0.009045908 271.35762920182 -23.75555265175 2799.61841 0.5279999999999996 0.8889999999999996 0.6872999994754792 2.391400040626526 0.22930485 0.21530485 "" "" 33.01898644283229 "" 7.145472363289173 ""
271.3044193309 -23.63684725124 0.0395 0.0347 9.9199 "" "" 4066173396040319104 2914.5874 0.3005 0.0495 0.11 -1.383 0.052 0.038 1.003 7696.9 3.6247 15.850646 2.409903 17.141077 14.731174 "" "" 2573.0625 3317.75513 8603.76082 4.8117 1901.0 10.397 10155.0 17.271 "" "" 0.0028214333043509125 0.0065609845 0.0042063626 0.010767347 271.3044193309 -23.63684725124 2914.5874 0.11 -1.3830000000000002 0.2692999994754791 0.11940004062652587 0.22930485 0.21530485 "" "" 4.069699975818007 "" 0.9240829221350427 ""
271.35135343737 -23.58623044152 0.0401 0.0354 13.2994 "" "" 4066179890030883584 2427.0437 0.3861 0.0526 -1.174 -2.884 0.051 0.036 0.914 8756.7 4.2924 15.851026 1.115183 16.325184 15.210001 "" "" 2126.73853 2807.5752 8600.75214 4.894 4030.4 11.852 6533.7 12.021 "" "" 0.002823733906482148 0.004240146 0.0042748195 0.008514965 271.35135343737 -23.58623044152 2427.0437 -1.174 -2.8839999999999995 -1.0147000005245208 -1.381599959373474 0.22830485 0.21330485 "" "" 19.720319540644045 "" 4.312398471508411 ""
271.12468100522 -23.81656970335 0.0398 0.0341 9.4398 "" "" 4066146969073054464 2833.00024 0.3366 0.0493 0.296 -1.739 0.056 0.037 1.096 "" "" 15.85185 1.589542 16.585342 14.9958 "" "" 2468.93359 3412.45581 8594.22876 5.2547 3171.6 12.337 7958.6 12.089 "" "" 0.002834162453897511 0.0050617782 0.0041235476 0.009185325 271.12468100522 -23.81656970335 2833.00024 0.29599999999999976 -1.739 0.4552999994754791 -0.23659995937347422 0.23330486 0.21430485 "" "" 6.890201664335798 "" 1.5805898011752886 ""
271.09610067754 -23.82269137781 0.0402 0.0345 11.0379 "" "" 4066146934713283072 2927.44751 0.3145 0.0501 0.517 0.904 0.057 0.039 1.006 4909.6 3.5003 15.85508 2.419285 17.157923 14.738638 "" "" 2582.24561 3519.12549 8568.69805 5.4088 1871.8 10.87 10086.0 16.083 "" "" 0.002839276258478098 0.00689491 0.0041570575 0.011051968 271.09610067754 -23.82269137781 2927.44751 0.517 0.9040000000000006 0.6762999994754791 2.406400040626526 0.23430485 0.21630485 "" "" 34.68509859592162 "" 7.550009522609249 ""
