# %ECSV 1.0
# ---
# datatype:
# - name: RA_ICRS_1
#   unit: deg
#   datatype: float64
#   format: '{:15.11f}'
#   description: Right ascension (ICRS) at Ep=2016.0 (ra)
#   meta: !!omap
#   - {ucd: POS_EQ_RA_MAIN}
#   - {width: 15}
#   - {precision: '11'}
# - name: DE_ICRS_1
#   unit: deg
#   datatype: float64
#   format: '{:15.11f}'
#   description: Declination (ICRS) at Ep=2016.0 (dec)
#   meta: !!omap
#   - {ucd: POS_EQ_DEC_MAIN}
#   - {width: 15}
#   - {precision: '11'}
# - name: e_RA_ICRS
#   unit: mas
#   datatype: float64
#   format: '{:7.4f}'
#   description: Standard error of right ascension (ra_error)
#   meta: !!omap
#   - {ucd: ERROR}
#   - {width: 7}
#   - {precision: '4'}
# - name: e_DE_ICRS
#   unit: mas
#   datatype: float64
#   format: '{:7.4f}'
#   description: Standard error of declination (dec_error)
#   meta: !!omap
#   - {ucd: ERROR}
#   - {width: 7}
#   - {precision: '4'}
# - name: _r_1
#   unit: ''
#   datatype: float64
#   format: '{:7.4f}'
#   description: Distance from center (271.29590742000-23.80199442000)[ICRS], at Epoch=J2016.0
#   meta: !!omap
#   - {ucd: POS_ANG_DIST_GENERAL}
#   - {width: 7}
#   - {precision: '4'}
# - name: HIP
#   datatype: int32
#   description: '? HIP cross-id number, van Leeuwen, Cat. I/311 (hip_original_ext_source_id)'
#   meta: !!omap
#   - {ucd: ID_NUMBER}
#   - {width: 6}
#   - values: {'null': -2147483648}
# - name: TYC2
#   datatype: string
#   description: Tycho-2 cross-id name, Hog et al., Cat. I/259 (tyc2_original_ext_source_id)
#   meta: !!omap
#   - {ucd: ID_CROSSID}
#   - {_votable_string_dtype: char}
# - name: Source
#   datatype: int64
#   description: Source identifier, identical to the Gaia-EDR3 source_id (id)
#   meta: !!omap
#   - {ucd: ID_MAIN}
#   - {width: 19}
# - name: rgeo
#   unit: pc
#   datatype: float64
#   format: '{:15.8f}'
#   description: '? Median of the geometric distance posterior (r_med_geo)'
#   meta: !!omap
#   - {ucd: PHYS_DISTANCE_TRUE}
#   - {width: 15}
#   - {precision: '8'}
#   - values: {'null': .nan}
# - name: Plx
#   unit: mas
#   datatype: float64
#   format: '{:9.4f}'
#   description: '? Parallax (parallax)'
#   meta: !!omap
#   - {ucd: POS_PARLX_TRIG}
#   - {width: 9}
#   - {precision: '4'}
#   - values: {'null': .nan}
# - name: e_Plx
#   unit: mas
#   datatype: float32
#   format: '{:7.4f}'
#   description: '? Standard error of parallax (parallax_error)'
#   meta: !!omap
#   - {ucd: ERROR}
#   - {width: 7}
#   - {precision: '4'}
#   - values: {'null': .nan}
# - name: pmRA
#   unit: mas / yr
#   datatype: float64
#   format: '{:9.3f}'
#   description: '? Proper motion in right ascension direction, pmRA*cosDE (pmra)'
#   meta: !!omap
#   - {ucd: POS_EQ_PMRA}
#   - {width: 9}
#   - {precision: '3'}
#   - values: {'null': .nan}
# - name: pmDE
#   unit: mas / yr
#   datatype: float64
#   format: '{:9.3f}'
#   description: '? Proper motion in declination direction (pmdec)'
#   meta: !!omap
#   - {ucd: POS_EQ_PMDEC}
#   - {width: 9}
#   - {precision: '3'}
#   - values: {'null': .nan}
# - name: e_pmRA
#   unit: mas / yr
#   datatype: float32
#   format: '{:6.3f}'
#   description: '? Standard error of proper motion in right ascension direction (pmra_error)'
#   meta: !!omap
#   - {ucd: ERROR}
#   - {width: 6}
#   - {precision: '3'}
#   - values: {'null': .nan}
# - name: e_pmDE
#   unit: mas / yr
#   datatype: float32
#   format: '{:6.3f}'
#   description: '? Standard error of proper motion in declination direction (pmdec_error)'
#   meta: !!omap
#   - {ucd: ERROR}
#   - {width: 6}
#   - {precision: '3'}
#   - values: {'null': .nan}
# - name: RUWE
#   datatype: float64
#   format: '{:7.3f}'
#   description: '? Renormalised unit weight error (ruwe)'
#   meta: !!omap
#   - {ucd: ERROR}
#   - {width: 7}
#   - {precision: '3'}
#   - values: {'null': .nan}
# - name: Teff
#   unit: K
#   datatype: float64
#   format: '{:7.1f}'
#   description: '? Effective temperature from GSP-Phot Aeneas best library using BP/RP spectra (teff_gspphot)'
#   meta: !!omap
#   - {ucd: PHYS_TEMP_EFFEC}
#   - {width: 7}
#   - {precision: '1'}
#   - values: {'null': .nan}
# - name: logg
#   unit: log(cm.s**-2)
#   datatype: float64
#   format: '{:7.4f}'
#   description: '? Surface gravity from GSP-Phot Aeneas best library using BP/RP spectra (logg_gspphot)'
#   meta: !!omap
#   - {ucd: PHYS_GRAVITY_SURFACE}
#   - {width: 7}
#   - {precision: '4'}
#   - values: {'null': .nan}
# - name: Gmag
#   unit: mag
#   datatype: float64
#   format: '{:9.6f}'
#   description: '? G-band mean magnitude (phot_g_mean_mag)'
#   meta: !!omap
#   - {ucd: PHOT_MAG_OPTICAL}
#   - {width: 9}
#   - {precision: '6'}
#   - values: {'null': .nan}
# - name: BP-RP
#   unit: mag
#   datatype: float64
#   format: '{:9.6f}'
#   description: '? BP-RP colour (bp_rp)'
#   meta: !!omap
#   - {ucd: PHOT_CI_B-R}
#   - {width: 9}
#   - {precision: '6'}
#   - values: {'null': .nan}
# - name: BPmag
#   unit: mag
#   datatype: float64
#   format: '{:9.6f}'
#   description: '? Integrated BP mean magnitude (phot_bp_mean_mag)'
#   meta: !!omap
#   - {ucd: PHOT_MAG_B}
#   - {width: 9}
#   - {precision: '6'}
#   - values: {'null': .nan}
# - name: RPmag
#   unit: mag
#   datatype: float64
#   format: '{:9.6f}'
#   description: '? Integrated RP mean magnitude (phot_rp_mean_mag)'
#   meta: !!omap
#   - {ucd: PHOT_MAG_R}
#   - {width: 9}
#   - {precision: '6'}
#   - values: {'null': .nan}
# - name: RV
#   unit: km / s
#   datatype: float64
#   format: '{:7.2f}'
#   description: '? Radial velocity (radial_velocity)'
#   meta: !!omap
#   - {ucd: VELOC_BARYCENTER}
#   - {width: 7}
#   - {precision: '2'}
#   - values: {'null': .nan}
# - name: e_RV
#   unit: km / s
#   datatype: float32
#   format: '{:5.2f}'
#   description: '? Radial velocity error (radial_velocity_error)'
#   meta: !!omap
#   - {ucd: ERROR}
#   - {width: 5}
#   - {precision: '2'}
#   - values: {'null': .nan}
# - name: b_rgeo
#   unit: pc
#   datatype: float64
#   format: '{:14.8f}'
#   description: '? 16th percentile of the geometric distance posterior (r_lo_geo)'
#   meta: !!omap
#   - {ucd: ERROR}
#   - {width: 14}
#   - {precision: '8'}
#   - values: {'null': .nan}
# - name: B_rgeo
#   unit: pc
#   datatype: float64
#   format: '{:14.8f}'
#   description: '? 84th percentile of the geometric distance posterior (r_hi_geo)'
#   meta: !!omap
#   - {ucd: ERROR}
#   - {width: 14}
#   - {precision: '8'}
#   - values: {'null': .nan}
# - name: FG
#   unit: ''
#   datatype: float64
#   format: '{:16.5f}'
#   description: '? G-band mean flux (phot_g_mean_flux)'
#   meta: !!omap
#   - {ucd: PHOT_FLUX_OPTICAL}
#   - {width: 16}
#   - {precision: '5'}
#   - values: {'null': .nan}
# - name: e_FG
#   unit: ''
#   datatype: float32
#   format: '{:11.4g}'
#   description: '? Error on G-band mean flux (phot_g_mean_flux_error)'
#   meta: !!omap
#   - {ucd: ERROR}
#   - {width: 11}
#   - {precision: E4}
#   - values: {'null': .nan}
# - name: FBP
#   unit: ''
#   datatype: float32
#   format: '{:11.4g}'
#   description: '? Integrated BP mean flux (phot_bp_mean_flux)'
#   meta: !!omap
#   - {ucd: PHOT_FLUX_B}
#   - {width: 11}
#   - {precision: E4}
#   - values: {'null': .nan}
# - name: e_FBP
#   unit: ''
#   datatype: float32
#   format: '{:11.4g}'
#   description: '? Error on the integrated BP mean flux (phot_bp_mean_flux_error)'
#   meta: !!omap
#   - {ucd: ERROR}
#   - {width: 11}
#   - {precision: E4}
#   - values: {'null': .nan}
# - name: FRP
#   unit: ''
#   datatype: float32
#   format: '{:11.4g}'
#   description: '? Integrated RP mean flux (phot_rp_mean_flux)'
#   meta: !!omap
#   - {ucd: PHOT_FLUX_R}
#   - {width: 11}
#   - {precision: E4}
#   - values: {'null': .nan}
# - name: e_FRP
#   unit: ''
#   datatype: float32
#   format: '{:11.4g}'
#   description: '? Error on the integrated RP mean flux (phot_rp_mean_flux_error)'
#   meta: !!omap
#   - {ucd: ERROR}
#   - {width: 11}
#   - {precision: E4}
#   - values: {'null': .nan}
# - name: RAVE5
#   datatype: string
#   description: RAVE DR5 cross-id name, Kunder et al., Cat. III/279 (rave5_original_ext_source_id)
#   meta: !!omap
#   - {ucd: ID_CROSSID}
#   - {_votable_string_dtype: char}
# - name: RAVE6
#   datatype: string
#   description: RAVE DR6 cross-id name, Steinmetz et al., Cat. III/283 (rave6_original_ext_source_id)
#   meta: !!omap
#   - {ucd: ID_CROSSID}
#   - {_votable_string_dtype: char}
# - name: e_Gmag
#   unit: ''
#   datatype: float64
#   format: '{:11.4g}'
#   description: '? Error on G-band mean flux (phot_g_mean_flux_error)'
#   meta: !!omap
#   - {ucd: ERROR}
#   - {width: 11}
#   - {precision: E4}
#   - values: {'null': .nan}
# - name: e_BPmag
#   unit: ''
#   datatype: float32
#   format: '{:11.4g}'
#   description: '? Error on the integrated BP mean flux (phot_bp_mean_flux_error)'
#   meta: !!omap
#   - {ucd: ERROR}
#   - {width: 11}
#   - {precision: E4}
#   - values: {'null': .nan}
# - name: e_RPmag
#   unit: ''
#   datatype: float32
#   format: '{:11.4g}'
#   description: '? Error on the integrated RP mean flux (phot_rp_mean_flux_error)'
#   meta: !!omap
#   - {ucd: ERROR}
#   - {width: 11}
#   - {precision: E4}
#   - values: {'null': .nan}
# - name: e_BP-RP
#   unit: ''
#   datatype: float32
#   format: '{:11.4g}'
#   description: '? Error on the integrated BP mean flux (phot_bp_mean_flux_error)'
#   meta: !!omap
#   - {ucd: ERROR}
#   - {width: 11}
#   - {precision: E4}
#   - values: {'null': .nan}
# - name: SkyCoord.ra
#   unit: deg
#   datatype: float64
#   format: '{:15.11f}'
#   description: Right ascension (ICRS) at Ep=2016.0 (ra)
#   meta: !!omap
#   - {ucd: POS_EQ_RA_MAIN}
#   - {width: 15}
#   - {precision: '11'}
# - name: SkyCoord.dec
#   unit: deg
#   datatype: float64
#   format: '{:15.11f}'
#   description: Declination (ICRS) at Ep=2016.0 (dec)
#   meta: !!omap
#   - {ucd: POS_EQ_DEC_MAIN}
#   - {width: 15}
#   - {precision: '11'}
# - name: SkyCoord.distance
#   unit: pc
#   datatype: float64
#   format: '{:15.8f}'
#   description: '? Median of the geometric distance posterior (r_med_geo)'
#   meta: !!omap
#   - {ucd: PHYS_DISTANCE_TRUE}
#   - {width: 15}
#   - {precision: '8'}
#   - values: {'null': .nan}
# - {name: SkyCoord.pm_ra_cosdec, unit: mas / yr, datatype: float64}
# - {name: SkyCoord.pm_dec, unit: mas / yr, datatype: float64}
# - {name: rmRA, unit: mas / yr, datatype: float64}
# - {name: rmDE, unit: mas / yr, datatype: float64}
# - {name: e_rmRA, unit: mas / yr, datatype: float32}
# - {name: e_rmDE, unit: mas / yr, datatype: float32}
# - name: rRV
#   unit: km / s
#   datatype: float64
#   format: '{:7.2f}'
#   description: '? Radial velocity (radial_velocity)'
#   meta: !!omap
#   - {ucd: VELOC_BARYCENTER}
#   - {width: 7}
#   - {precision: '2'}
#   - values: {'null': .nan}
# - name: e_rRV
#   unit: km / s
#   datatype: float32
#   format: '{:5.2f}'
#   description: '? Radial velocity error (radial_velocity_error)'
#   meta: !!omap
#   - {ucd: ERROR}
#   - {width: 5}
#   - {precision: '2'}
#   - values: {'null': .nan}
# - {name: v_pec, unit: km / s, datatype: float64}
# - name: v_pec3d
#   unit: km / s
#   datatype: float64
#   format: '{:7.2f}'
#   description: '? Radial velocity (radial_velocity)'
#   meta: !!omap
#   - {ucd: VELOC_BARYCENTER}
#   - {width: 7}
#   - {precision: '2'}
#   - values: {'null': .nan}
# - {name: e_vpec, unit: km / s, datatype: float64}
# - name: e_vpec3d
#   unit: km / s
#   datatype: float64
#   format: '{:7.2f}'
#   description: '? Radial velocity (radial_velocity)'
#   meta: !!omap
#   - {ucd: VELOC_BARYCENTER}
#   - {width: 7}
#   - {precision: '2'}
#   - values: {'null': .nan}
# meta: !!omap
# - {ID: I_352_gedr3dis}
# - {name: I/352/gedr3dis}
# - {description: Estimating distances from parallaxes (1467744818 sources)}
# - __serialized_columns__:
#     SkyCoord:
#       __class__: astropy.coordinates.sky_coordinate.SkyCoord
#       dec: !astropy.table.SerializedColumn
#         __class__: astropy.coordinates.angles.Latitude
#         unit: &id001 !astropy.units.Unit {unit: deg}
#         value: !astropy.table.SerializedColumn {name: SkyCoord.dec}
#       distance: !astropy.table.SerializedColumn
#         __class__: astropy.coordinates.distances.Distance
#         unit: !astropy.units.Unit {unit: pc}
#         value: !astropy.table.SerializedColumn {name: SkyCoord.distance}
#       frame: icrs
#       obstime: !astropy.time.Time {format: jyear_str, in_subfmt: '*', jd1: 367701545.0, jd2: 0.0, out_subfmt: '*', precision: 3, scale: tt}
#       pm_dec: !astropy.table.SerializedColumn
#         __class__: astropy.units.quantity.Quantity
#         unit: !astropy.units.Unit {unit: mas / yr}
#         value: !astropy.table.SerializedColumn {name: SkyCoord.pm_dec}
#       pm_ra_cosdec: !astropy.table.SerializedColumn
#         __class__: astropy.units.quantity.Quantity
#         unit: !astropy.units.Unit {unit: mas / yr}
#         value: !astropy.table.SerializedColumn {name: SkyCoord.pm_ra_cosdec}
#       ra: !astropy.table.SerializedColumn
#         __class__: astropy.coordinates.angles.Longitude
#         unit: *id001
#         value: !astropy.table.SerializedColumn {name: SkyCoord.ra}
#         wrap_angle: !astropy.coordinates.Angle
#           unit: *id001
#           value: 360.0
#       representation_type: spherical
# schema: astropy-2.0
RA_ICRS_1 DE_ICRS_1 e_RA_ICRS e_DE_ICRS _r_1 HIP TYC2 Source rgeo Plx e_Plx pmRA pmDE e_pmRA e_pmDE RUWE Teff logg Gmag BP-RP BPmag RPmag RV e_RV b_rgeo B_rgeo FG e_FG FBP e_FBP FRP e_FRP RAVE5 RAVE6 e_Gmag e_BPmag e_RPmag e_BP-RP SkyCoord.ra SkyCoord.dec SkyCoord.distance SkyCoord.pm_ra_cosdec SkyCoord.pm_dec rmRA rmDE e_rmRA e_rmDE rRV e_rRV v_pec v_pec3d e_vpec e_vpec3d
271.23064008816 -23.83762605102 0.0181 0.016 4.1719 "" 6842-1894-1 4066134603893943040 2408.11353 0.3842 0.0226 0.868 -1.186 0.023 0.017 0.832 15003.0 3.3857 10.982137 0.750196 11.264915 10.514719 "" "" 2257.72949 2529.0144 762240.55125 921.22 426040.0 1813.5 493480.0 1792.4 "" "" 0.0030518229139616117 0.0053985324 0.0054621864 0.010860719 271.23064008816 -23.83762605102 2408.11353 0.8680000000000001 -1.186 1.027299999475479 0.31640004062652594 0.20030485 0.19430485 "" "" 12.269636069064713 "" 2.4513768292009206 ""
271.49433665659 -23.95629047263 0.0282 0.0241 14.2907 "" "" 4066105604273415680 2465.2002 0.3953 0.0377 3.124 -0.532 0.035 0.024 0.717 "" "" 11.347227 3.007607 13.104244 10.096638 -53.18 0.19 2257.34692 2663.72095 544572.65685 280.67 78292.0 157.56 725280.0 641.33 "" "" 0.0028115694013045598 0.003543911 0.0038994167 0.0074433275 271.49433665659 -23.95629047263 2465.2002 3.1240000000000028 -0.532 3.2832999994754792 0.9704000406265259 0.21230485 0.20130485 -97.17500000000001 0.897 40.006125010700536 105.08791873175433 8.458986765047461 3.3253762480101012
271.55206270369 -23.68782120482 0.0239 0.0208 15.6475 "" "" 4066163122478108544 2616.42896 0.3591 0.0294 0.164 -1.243 0.028 0.021 0.733 3743.0 0.8898 11.352041 3.023076 13.123157 10.100081 -28.77 0.19 2440.5271 2807.00391 542163.38858 252.12 76940.0 207.34 722980.0 704.0 "" "" 0.0028011977411607435 0.00404299 0.0039244704 0.007967461 271.55206270369 -23.68782120482 2616.42896 0.16399999999999998 -1.2430000000000005 0.32329999947547916 0.2594000406265258 0.20530485 0.19830485 -72.765 0.897 5.14059174083789 72.9463563753939 1.0414436509679634 0.8977747631309082
271.21370702958 -23.73600492345 0.0181 0.0148 6.0042 "" "" 4066171158327897856 2924.03345 0.3204 0.0202 0.093 -3.525 0.025 0.016 0.779 4756.9 1.9291 11.446102 1.954767 12.426941 10.472174 19.32 5.05 2768.0105 3093.06006 497171.05952 167.19 146100.0 103.28 513200.0 183.3 "" "" 0.002779406017294934 0.0028938102 0.003799225 0.0066930354 271.21370702958 -23.73600492345 2924.03345 0.093 -3.525 0.2522999994754791 -2.022599959373474 0.20230485 0.19330485 -24.675000000000004 5.757 28.250328581748352 37.50915474889761 5.464910414672786 5.593185478277456
271.17949879134 -23.79773827483 0.0604 0.0513 6.3957 "" "" 4066146694195241088 3408.83936 0.3036 0.07 -1.033 -2.964 0.079 0.058 0.811 "" "" 11.586501 4.837679 14.865618 10.027939 "" "" 2783.29492 4239.45215 436864.13609 1375.9 15459.0 352.64 772650.0 10450.0 "" "" 0.004391456084420281 0.024923734 0.01516301 0.040086746 271.17949879134 -23.79773827483 3408.83936 -1.033 -2.964 -0.8737000005245208 -1.461599959373474 0.25630486 0.23530485 "" "" 27.51413602290064 "" 6.631203814186492 ""
271.23535485152 -23.86900426542 0.0145 0.0123 5.2163 "" "" 4066134221609895424 2829.6958 0.336 0.0183 0.076 -1.196 0.018 0.014 0.789 6160.0 1.8745 11.90458 1.989665 12.905003 10.915338 24.08 1.53 2711.76709 2962.00928 325922.89361 88.802 94062.0 98.95 341210.0 142.45 "" "" 0.002771155129308508 0.0030148916 0.0038064667 0.0068213586 271.23535485152 -23.86900426542 2829.6958 0.076 -1.196 0.23529999947547914 0.3064000406265259 0.19530484 0.19130485 -19.915000000000006 2.237 5.181684968110255 20.57807289589431 0.999020598989969 2.1794850667593386
271.2472287646 -23.71330592454 0.0204 0.0168 5.955 "" "" 4066170849091778304 2399.97461 0.4102 0.0241 -2.641 1.978 0.026 0.017 0.882 "" "" 11.990512 2.571268 13.403449 10.832181 3.99 6.74 2278.86914 2529.25928 301121.61984 535.54 59434.0 438.98 368370.0 1909.9 "" "" 0.003364582152655055 0.00849079 0.0067802803 0.0152710695 271.2472287646 -23.71330592454 2399.97461 -2.6409999999999996 1.9780000000000006 -2.481700000524521 3.4804000406265256 0.20330486 0.19430485 -40.005 7.4469995 48.62708789220047 62.968195955385205 9.598222844075083 8.793489404662672
271.11260191822 -23.59788590875 0.0149 0.0124 15.8555 "" 6842-1270-1 4066176312288647552 2455.61621 0.366 0.0185 0.249 -1.388 0.019 0.013 0.724 "" "" 11.993553 0.539966 12.187952 11.647986 "" "" 2337.1416 2561.74561 300279.27094 161.64 182070.0 340.48 173770.0 278.38 "" "" 0.0028166242027724735 0.0034507238 0.0041604177 0.0076111415 271.11260191822 -23.59788590875 2455.61621 0.249 -1.3879999999999995 0.4082999994754791 0.11440004062652598 0.19630484 0.19030485 "" "" 4.935477298935924 "" 0.9667331873598758 ""
271.52985480645 -23.66515822834 0.0124 0.0108 15.2487 "" "" 4066166141806093056 2389.40527 0.4056 0.0162 1.898 0.379 0.015 0.011 0.88 "" "" 12.124979 1.772695 12.985168 11.212473 -5.09 0.53 2298.4834 2465.30933 266045.13775 76.332 87367.0 83.641 259520.0 161.08 "" "" 0.0027728738705208797 0.0029774935 0.0038389931 0.006816487 271.52985480645 -23.66515822834 2389.40527 1.898 0.37899999999999995 2.057299999475479 1.8814000406265259 0.19230485 0.18830484 -49.08500000000001 1.237 31.574663367464755 58.363486802698155 6.014769521622896 3.41625254576138
271.56397630325 -23.71626541416 0.018 0.0157 15.5937 "" "" 4066162465315582336 2708.88745 0.3674 0.0224 0.211 -0.474 0.022 0.016 1.091 4729.8 2.0044 12.152702 2.199244 13.300755 11.101511 -27.92 0.45 2583.71631 2911.54858 259337.82556 53.944 65330.0 60.884 287440.0 145.07 "" "" 0.002764560232216355 0.0029679763 0.0038188996 0.006786876 271.56397630325 -23.71626541416 2708.88745 0.211 -0.4739999999999996 0.3702999994754791 1.028400040626526 0.19930485 0.19330485 -71.915 1.1570001 14.03472660759112 73.27169150463108 2.722777853955955 1.2496118821031559
271.30956185825 -23.8079628428 0.017 0.0138 0.8307 "" "" 4066157998549109888 2791.59546 0.3567 0.0205 -0.369 -1.796 0.021 0.015 0.776 "" "" 12.159771 2.540384 13.545442 11.005057 21.46 4.64 2630.65942 2971.61035 257654.90093 63.33 52148.0 119.07 314150.0 410.82 "" "" 0.002768213787525912 0.0037324044 0.0040372848 0.007769689 271.30956185825 -23.8079628428 2791.59546 -0.36899999999999994 -1.7959999999999998 -0.20970000052452087 -0.29359995937347416 0.19830485 0.19230485 -22.535000000000004 5.347 4.774134633185087 23.03515978880497 0.9278645800356191 5.23443496484901
271.36690111353 -23.65607261843 0.0141 0.0123 9.5844 "" "" 4066172773237400064 3228.05664 0.3078 0.0175 -0.341 -1.367 0.018 0.012 0.842 4624.6 1.8946 12.16511 2.094785 13.240087 11.145302 28.31 0.36 3034.51172 3449.70801 256391.0 51.326 69085.0 50.391 276080.0 94.084 "" "" 0.002763879569448049 0.0029003827 0.0037974503 0.006697833 271.36690111353 -23.65607261843 3228.05664 -0.341 -1.3670000000000002 -0.1817000005245209 0.13540004062652589 0.19530484 0.18930484 -15.685000000000006 1.067 3.467220909385459 16.063649829178917 0.6698116350082564 1.0518320668879724
271.18760054747 -23.62678014968 0.0151 0.0127 12.0797 "" "" 4066175281496497664 2806.06641 0.3496 0.0194 0.795 -0.893 0.02 0.012 0.808 4499.7 1.6292 12.165446 1.990466 13.171512 11.181046 3.12 0.56 2645.50684 3017.37524 256311.6246 55.948 73589.0 59.386 267140.0 104.48 "" "" 0.0027654938795954394 0.002924508 0.0038031624 0.0067276703 271.18760054747 -23.62678014968 2806.06641 0.795 -0.8930000000000001 0.9542999994754792 0.6094000406265259 0.19730484 0.18930484 -40.87500000000001 1.267 15.060172166036555 43.56115713190667 2.9370540632018307 1.5634826832623878
271.14802063043 -23.72189600758 0.0164 0.013 9.4365 "" "" 4066171364487811968 2875.24609 0.3447 0.0192 -1.424 -2.218 0.022 0.014 0.87 4563.0 1.754 12.19707 2.326996 13.437175 11.110179 15.66 0.4 2726.02466 3050.01855 248953.6847 60.815 57616.0 58.801 285160.0 131.08 "" "" 0.0027680560603181507 0.0030021425 0.0038121922 0.0068143345 271.14802063043 -23.72189600758 2875.24609 -1.424 -2.218 -1.2647000005245208 -0.7155999593734741 0.19930485 0.19130485 -28.335000000000004 1.107 19.80404870018462 34.569821664557146 3.9092104429883467 2.4163030673612975
271.5577042207 -23.72354574557 0.0184 0.0158 15.1271 "" "" 4066162430955806080 2763.50439 0.3584 0.0223 2.322 0.223 0.022 0.016 1.1 "" "" 12.25509 2.170134 13.372564 11.202431 -32.69 0.42 2603.29663 2967.29932 235999.32082 56.196 61149.0 86.548 261930.0 143.72 "" "" 0.002767422921092496 0.0031853614 0.0038260466 0.007011408 271.5577042207 -23.72354574557 2763.50439 2.322 0.22299999999999998 2.481299999475479 1.725400040626526 0.19930485 0.19330485 -76.685 1.127 39.588181859374934 86.30071475909654 7.813491826112597 3.7215038136319807
271.55445762147 -23.90591477222 0.0522 0.0479 15.4975 "" "" 4066107283574862848 2693.35522 0.3934 0.078 0.026 -3.019 0.065 0.046 0.841 "" "" 12.280415 4.406996 15.228891 10.821896 25.29 0.63 2225.21997 3550.6438 230558.43888 325.31 11063.0 92.439 371880.0 1239.8 "" "" 0.003152557399514779 0.009491448 0.005233162 0.01472461 271.55445762147 -23.90591477222 2693.35522 0.026 -3.019 0.18529999947547912 -1.5165999593734742 0.24230485 0.22330485 -18.705000000000005 1.337 19.505661641442035 27.024948863419212 4.361388249160591 3.2810976576054545
271.38015651464 -23.77362865099 0.0149 0.0123 4.9287 "" "" 4066159201138947712 2607.77246 0.3693 0.0195 0.111 -2.057 0.018 0.013 0.796 "" "" 12.327291 1.006303 12.731977 11.725675 "" "" 2471.64746 2742.64673 220815.88763 147.69 110310.0 245.41 161770.0 233.66 "" "" 0.002849408483161725 0.0036904668 0.0040918314 0.007782298 271.38015651464 -23.77362865099 2607.77246 0.11099999999999999 -2.057 0.2702999994754791 -0.5545999593734741 0.19530484 0.19030485 "" "" 7.6261804403515265 "" 1.4586953740710429 ""
271.04837048575 -23.84991610387 0.0188 0.0151 13.8874 "" "" 4066145491604158976 2719.1001 0.3629 0.0207 -0.136 -1.761 0.025 0.017 0.849 "" "" 12.392885 2.798608 13.98517 11.186563 15.88 0.27 2577.72119 2872.5752 207870.32786 75.338 34782.0 42.323 265790.0 121.58 "" "" 0.0027832772883688104 0.0030871409 0.0038118742 0.006899015 271.04837048575 -23.84991610387 2719.1001 -0.136 -1.7609999999999997 0.023299999475479116 -0.258599959373474 0.20230485 0.19430485 -28.115000000000002 0.977 3.3464758716690177 28.3134619176049 0.6504564918228336 0.9731931788744038
271.43766560485 -23.84137169143 0.087 0.0758 8.1317 "" "" 4066154154586314880 3404.75977 0.3278 0.1175 0.47 0.338 0.105 0.08 0.944 3606.5 0.2152 12.39489 5.965546 16.76541 10.799864 "" "" 2384.81519 5652.07861 207486.96232 1771.0 2686.9 104.25 379500.0 8106.8 "" "" 0.00966820437828805 0.04221817 0.023499181 0.065717354 271.43766560485 -23.84137169143 3404.75977 0.47 0.3379999999999997 0.6292999994754791 1.840400040626526 0.28230485 0.25730485 "" "" 31.38977472818018 "" 8.162425484186086 ""
271.39078062154 -23.71355114162 0.0173 0.0155 7.4367 "" "" 4066160270620030720 2743.92651 0.3543 0.0226 -1.176 -5.509 0.021 0.016 0.758 "" "" 12.409927 2.805871 14.001089 11.195218 80.9 0.26 2596.51636 2929.3125 204633.10593 101.14 34275.0 77.025 263680.0 232.96 "" "" 0.0028070903795452 0.0037065267 0.0038992146 0.0076057413 271.39078062154 -23.71355114162 2743.92651 -1.176 -5.509 -1.0167000005245208 -4.0065999593734745 0.19830485 0.19330485 36.905 0.967 53.76227696677577 65.21013302894197 10.408968454202206 8.599071565580989
271.31460906741 -23.57527341443 0.0164 0.015 13.642 "" "" 4066174289393602048 2764.64062 0.3524 0.0228 -0.08 -1.623 0.02 0.014 0.953 "" "" 12.444611 1.857829 13.360765 11.502936 -23.58 0.75 2590.39795 2974.87744 198199.41471 39.881 61817.0 69.817 198600.0 86.042 "" "" 0.0027639677461273717 0.0030477415 0.003808542 0.006856283 271.31460906741 -23.57527341443 2764.64062 -0.07999999999999999 -1.6230000000000007 0.07929999947547912 -0.12059995937347412 0.19730484 0.19130485 -67.575 1.457 1.8914343276736383 67.6014655818637 0.36530333453696634 1.456465473611997
271.43404539709 -23.65479686923 0.0156 0.0147 11.6436 "" "" 4066166897722140416 2395.21533 0.4114 0.0224 2.393 -1.425 0.018 0.014 0.991 4667.4 2.0886 12.450254 2.010505 13.467866 11.457361 -16.67 0.63 2298.92432 2528.4082 197172.0511 35.023 56011.0 54.715 207120.0 89.19 "" "" 0.002762061312482559 0.002984954 0.0038081913 0.006793145 271.43404539709 -23.65479686923 2395.21533 2.3930000000000007 -1.425 2.552299999475479 0.07740004062652583 0.19530484 0.19130485 -60.665000000000006 1.337 28.99040153762341 67.23604395198039 5.661860302171724 2.723034031301991
271.34800387973 -23.56400263574 0.0142 0.013 14.5636 "" "" 4066180126221829376 2436.81616 0.4007 0.0182 -0.692 -0.652 0.018 0.012 0.835 4787.6 2.4696 12.456605 1.943512 13.428835 11.485323 -21.15 0.45 2331.3252 2547.32715 196021.95002 41.943 58061.0 59.427 201850.0 83.628 "" "" 0.0027650967651103183 0.0030033302 0.0038060574 0.0068093874 271.34800387973 -23.56400263574 2436.81616 -0.692 -0.652 -0.5327000005245208 0.8504000406265259 0.19530484 0.18930484 -65.14500000000001 1.1570001 11.590574352755885 66.16806207549654 2.213971021734186 1.2033191971437251
271.24250433996 -23.72597425545 0.0142 0.0116 5.4226 "" "" 4066170814731967232 2898.53467 0.3397 0.0166 0.522 -1.043 0.019 0.012 0.863 "" "" 12.491046 2.146848 13.603554 11.456706 24.29 0.56 2780.4209 3063.31494 189901.5433 41.092 49431.0 43.107 207240.0 106.84 "" "" 0.0027653182859760693 0.002946445 0.0038206065 0.0067670513 271.24250433996 -23.72597425545 2898.53467 0.5219999999999998 -1.043 0.6812999994754791 0.45940004062652595 0.19630484 0.18930484 -19.705000000000005 1.267 11.289608312933339 22.7099599484335 2.191809908208957 1.5478349790137744
271.09801863228 -23.69590056422 0.0155 0.0131 12.5949 "" "" 4066151199647752064 2581.70386 0.3793 0.0179 -2.505 -4.461 0.02 0.013 0.879 "" "" 12.617058 2.228679 13.788036 11.559358 26.81 0.53 2465.01758 2708.57959 169092.27803 47.816 41706.0 54.147 188550.0 124.92 "" "" 0.002772373310606029 0.0031260294 0.0038472284 0.0069732578 271.09801863228 -23.69590056422 2581.70386 -2.505 -4.461 -2.3457000005245208 -2.9585999593734744 0.19730484 0.19030485 -17.185000000000006 1.237 46.20381694668337 49.29621613717046 8.919034641267837 8.370650022446018
271.09696032057 -23.77127873869 0.0151 0.0131 11.0772 "" "" 4066147347030423808 2604.57544 0.3641 0.0189 -0.458 -2.6 0.021 0.014 0.839 "" "" 12.660118 1.03297 13.025545 11.992576 "" "" 2474.23755 2728.66284 162517.27748 65.78 84178.0 447.88 126510.0 466.78 "" "" 0.002790145847657742 0.0064153313 0.005507433 0.011922764 271.09696032057 -23.77127873869 2604.57544 -0.4579999999999999 -2.6000000000000005 -0.2987000005245209 -1.0975999593734742 0.19830485 0.19130485 "" "" 14.04344272362475 "" 2.6934722112582623 ""
271.49564596889 -23.64756331862 0.0134 0.0115 14.3607 "" "" 4066166043056027904 2932.677 0.3264 0.0168 0.05 -6.468 0.016 0.012 0.79 4670.7 1.9601 12.704514 2.300202 13.919798 11.619596 63.03 0.81 2814.0166 3081.50757 156006.00339 52.009 36940.0 65.706 178370.0 165.11 "" "" 0.002778993522477651 0.0033933274 0.0039107283 0.0073040556 271.49564596889 -23.64756331862 2932.677 0.05000000000000004 -6.468000000000001 0.20929999947547911 -4.965599959373474 0.19330485 0.18930484 19.034999999999997 1.517 69.0875433193428 71.66184387037545 13.07910184752506 12.615699513542985
271.06241839638 -23.78433489022 0.0716 0.0628 12.8624 "" "" 4066150164528892032 2935.50684 0.3642 0.0875 -2.117 -5.546 0.093 0.064 0.999 "" "" 12.750746 4.662184 15.918436 11.256252 32.65 0.66 2321.69873 3795.98389 149502.48279 343.02 5862.0 83.395 249260.0 1436.1 "" "" 0.0037144969238721752 0.015696071 0.007308488 0.023004558 271.06241839638 -23.78433489022 2935.50684 -2.117 -5.546 -1.9577000005245209 -4.043599959373474 0.27030486 0.24130484 -11.345000000000006 1.3670001 62.51113979622428 63.532288040201216 15.444851277468711 15.198568130372632
271.08362505179 -23.70313964778 0.0292 0.0249 13.0801 "" "" 4066151160961741056 3076.85815 0.3019 0.0324 -0.475 -1.962 0.036 0.026 1.715 "" "" 12.817855 0.911415 13.181399 12.269984 "" "" 2805.16724 3459.75317 140541.60898 33.652 72922.0 35.119 97986.0 33.029 "" "" 0.002767557766815428 0.0028387425 0.0037970603 0.006635803 271.08362505179 -23.70313964778 3076.85815 -0.475 -1.962 -0.31570000052452085 -0.4595999593734741 0.21330485 0.20330486 "" "" 8.131959531330589 "" 1.6797647015543673 ""
271.0938174712 -23.69396388932 0.0153 0.0131 12.8528 "" "" 4066151199647756288 2804.01855 0.3316 0.0175 -0.072 -1.607 0.019 0.013 0.836 12326.1 3.5401 12.839375 0.698704 13.104281 12.405578 "" "" 2662.22681 2940.67017 137783.34757 61.73 78290.0 84.268 86482.0 102.12 "" "" 0.002797929117402524 0.0030250235 0.0039909165 0.00701594 271.0938174712 -23.69396388932 2804.01855 -0.072 -1.6070000000000002 0.08729999947547913 -0.1045999593734741 0.19630484 0.19030485 "" "" 1.8108262104614543 "" 0.34911080672048866 ""
271.10120180801 -23.65727609098 0.0182 0.0153 13.7758 "" "" 4066175522016468736 2496.71216 0.3858 0.021 0.264 -2.222 0.022 0.016 0.91 4606.9 2.0329 12.884669 1.916773 13.841759 11.924986 -4.19 1.75 2390.8313 2654.229 132153.57852 65.112 39693.0 64.146 134640.0 166.49 "" "" 0.002806768951909064 0.003296012 0.0040107644 0.0073067765 271.10120180801 -23.65727609098 2496.71216 0.2640000000000002 -2.2220000000000004 0.42329999947547914 -0.7195999593734741 0.19930485 0.19330485 -48.185 2.457 9.88019202224989 49.18752300529607 1.9253030451043078 2.4377933017478117
271.04946561015 -23.93395007947 0.0236 0.0196 15.6693 "" "" 4066143636177965056 2524.93188 0.3686 0.0252 0.066 -0.521 0.031 0.022 1.013 4554.5 1.676 12.94666 3.027413 14.714695 11.687282 -6.99 0.22 2363.64746 2755.06519 124819.63397 60.276 17764.0 29.012 167590.0 204.38 "" "" 0.0028047615658352712 0.0033059549 0.004004612 0.007310567 271.04946561015 -23.93395007947 2524.93188 0.066 -0.5209999999999999 0.22529999947547913 0.9814000406265259 0.20830485 0.19930485 -50.98500000000001 0.92700005 12.051105314426753 52.389878452802364 2.407389849581863 1.0585442925920185
271.27290063253 -23.91801621889 0.0376 0.0325 7.0749 "" "" 4066133087738337792 2698.15381 0.3661 0.0503 -0.559 -1.776 0.045 0.032 0.956 23648.2 3.3054 12.992802 3.662451 15.286827 11.624376 -38.77 0.29 2388.79346 3117.28247 119626.14505 77.01 10488.0 38.286 177590.0 184.19 "" "" 0.002842590142896612 0.004847046 0.003943577 0.008790623 271.27290063253 -23.91801621889 2698.15381 -0.559 -1.7760000000000002 -0.3997000005245209 -0.27359995937347414 0.22230485 0.20930485 -82.76500000000001 0.997 6.194764625107926 82.9965079612419 1.351952908149572 0.9993266953612348
271.26022843044 -23.92265382431 0.0228 0.0201 7.4996 "" "" 4066132714108280960 2421.09741 0.3833 0.0285 0.076 -1.44 0.029 0.02 1.089 4498.2 1.4917 13.000788 2.431039 14.313693 11.882654 19.32 0.61 2261.87891 2604.54712 118749.4698 53.071 25700.0 37.406 139990.0 59.024 "" "" 0.0027977204967002314 0.0032066049 0.0038070052 0.00701361 271.26022843044 -23.92265382431 2421.09741 0.07599999999999997 -1.44 0.23529999947547914 0.06240004062652593 0.20630485 0.19730484 -24.675000000000004 1.317 2.7936429332064354 24.832641136984492 0.5747237961533326 1.3102357728430407
271.04643946535 -23.72770606482 0.016 0.0139 14.4058 "" "" 4066151401479783168 2637.01855 0.3407 0.019 -0.173 -1.306 0.02 0.014 0.937 "" "" 13.016665 0.762671 13.311632 12.548962 "" "" 2522.90259 2779.53735 117025.55626 89.832 64679.0 157.84 75783.0 128.88 "" "" 0.0028786129757018375 0.0038477727 0.0042063184 0.008054091 271.04643946535 -23.72770606482 2637.01855 -0.17300000000000001 -1.306 -0.013700000524520861 0.19640004062652583 0.19730484 0.19130485 "" "" 2.4608613292049686 "" 0.47084731419524734 ""
271.10180465668 -23.75720465154 0.0158 0.0139 10.991 "" "" 4066150679925115136 2819.1875 0.3177 0.0206 -1.014 -3.286 0.021 0.015 0.87 4563.0 1.8493 13.034512 2.184867 14.175196 11.990329 -49.47 0.36 2686.78735 2985.76221 115117.71006 49.627 29197.0 41.418 126770.0 98.078 "" "" 0.00279479305309038 0.0031870431 0.0038716053 0.0070586484 271.10180465668 -23.75720465154 2819.1875 -1.014000000000001 -3.285999999999999 -0.8547000005245209 -1.7835999593734742 0.19830485 0.19230485 -93.465 1.067 26.429402415434733 97.12991061993719 5.112489683852987 1.7289966434994257
271.19376481851 -23.62113558037 0.0174 0.0151 12.2164 "" "" 4066175315858209920 2794.39722 0.3264 0.0231 0.653 -2.136 0.023 0.015 0.951 4876.5 1.7932 13.038177 2.067798 14.096237 12.028439 21.97 1.76 2637.45972 2954.81909 114729.68826 27.9 31399.0 25.719 122400.0 54.573 "" "" 0.00276794166373353 0.002928473 0.003810258 0.0067387307 271.19376481851 -23.62113558037 2794.39722 0.6529999999999994 -2.136 0.8122999994754792 -0.6335999593734742 0.20030485 0.19230485 -22.025000000000006 2.467 13.645250493573878 25.909332025978177 2.692437797865883 2.531541116585198
271.11240577573 -23.5931434356 0.0159 0.014 16.0832 "" "" 4066176346650485888 2589.74243 0.3534 0.0215 0.929 0.389 0.02 0.014 0.837 4679.7 2.3394 13.050302 1.768783 13.908389 12.139606 -15.62 0.76 2462.0 2759.54956 113455.66416 24.904 37330.0 31.529 110490.0 37.802 "" "" 0.0027656079961251253 0.0029369993 0.0037975928 0.006734592 271.11240577573 -23.5931434356 2589.74243 0.929000000000001 0.389 1.0882999994754792 1.891400040626526 0.19730484 0.19130485 -59.615 1.467 26.786753363848806 65.35654810939502 5.164878951633212 2.5043268070240274
271.23070400748 -23.65101138895 0.0187 0.0169 9.7413 "" "" 4066172086042665984 2767.04761 0.3327 0.0284 -1.369 -4.973 0.026 0.015 1.049 5737.5 1.8797 13.068114 1.841123 13.967515 12.126392 22.2 2.24 2559.26025 3024.97852 111609.42875 41.19 35352.0 49.219 111840.0 43.862 "" "" 0.0027843036507798832 0.003173334 0.0038032935 0.0069766277 271.23070400748 -23.65101138895 2767.04761 -1.3689999999999998 -4.973 -1.2097000005245209 -3.470599959373474 0.20330486 0.19230485 -21.795000000000005 2.947 48.20560557849301 52.90370907780698 9.329071008566006 8.586867570447513
271.30868881009 -23.69802020802 0.0168 0.0136 6.2778 "" "" 4066172193449374848 2709.48682 0.334 0.0203 -0.164 -0.785 0.023 0.014 0.909 "" "" 13.140875 0.875401 13.484507 12.609106 "" "" 2541.36963 2902.22021 104375.03881 23.606 55159.0 40.135 71699.0 30.888 "" "" 0.0027662405932213086 0.0028998551 0.0038082153 0.0067080706 271.30868881009 -23.69802020802 2709.48682 -0.16399999999999995 -0.785 -0.004700000524520881 0.7174000406265258 0.20030485 0.19130485 "" "" 9.213743152112453 "" 1.7626373722794262 ""
271.5271629096 -23.76675190767 0.0167 0.0155 12.8718 "" "" 4066156349281878656 2419.6936 0.3529 0.0227 -0.551 -2.836 0.02 0.015 0.995 4593.4 1.7993 13.181024 2.805711 14.77883 11.973119 26.37 0.93 2283.28564 2568.35181 100585.94912 45.436 16745.0 32.685 128800.0 67.085 "" "" 0.0027986286145036004 0.0035037668 0.0038214552 0.007325222 271.5271629096 -23.76675190767 2419.6936 -0.5509999999999998 -2.8360000000000003 -0.3917000005245209 -1.333599959373474 0.19730484 0.19230485 -17.625000000000004 1.6370001 15.941641300056595 23.765027926338952 3.0720607887234794 2.3917801287873885
271.02395211514 -23.78142984311 0.0379 0.0337 14.9815 "" "" 4066148927578327296 2612.01611 0.3248 0.0485 0.419 -4.266 0.049 0.033 0.914 "" "" 13.206787 4.133904 15.906167 11.772263 14.08 0.42 2361.77319 3108.45215 98227.26387 82.792 5928.6 26.43 154970.0 161.39 "" "" 0.002903316025634896 0.0055868803 0.003944901 0.009531781 271.02395211514 -23.78142984311 2612.01611 0.4190000000000005 -4.266 0.5782999994754792 -2.763599959373474 0.22630484 0.21030486 -29.915000000000006 1.127 34.95711148572411 46.009856209570415 7.375966486236599 5.651773639854456
271.2150391096 -23.69632826775 0.0169 0.0152 7.7408 "" "" 4066171849852125056 2834.09326 0.3132 0.0234 0.198 0.326 0.023 0.015 0.981 4449.8 1.613 13.218409 1.862049 14.136014 12.273965 5.65 2.2 2669.41162 3023.94507 97181.47812 31.964 30270.0 43.636 97628.0 69.412 "" "" 0.002778365870807296 0.0031991801 0.0038574112 0.007056591 271.2150391096 -23.69632826775 2834.09326 0.19799999999999984 0.32599999999999985 0.35729999947547914 1.828400040626526 0.20030485 0.19230485 -38.345000000000006 2.907 25.02658789945914 45.78939972187182 4.82024597746202 3.5870676946889843
271.22812934514 -23.81754928195 0.0147 0.012 3.8358 "" "" 4066134702646474112 2744.87524 0.323 0.0165 -0.004 -1.505 0.019 0.013 0.9 "" "" 13.219894 1.158294 13.703539 12.545245 "" "" 2637.32324 2887.78857 97048.54815 24.846 45082.0 54.66 76043.0 47.878 "" "" 0.0027693057851936992 0.0030851224 0.0038407075 0.0069258297 271.22812934514 -23.81754928195 2744.87524 -0.004000000000000023 -1.505 0.15529999947547912 -0.0025999593734740145 0.19630484 0.19030485 "" "" 2.0208461852270623 "" 0.39669854723286796 ""
271.09761325378 -23.74329618921 0.0174 0.015 11.4436 "" "" 4066150783004401536 2852.17261 0.3112 0.0215 -0.32 -0.639 0.023 0.015 0.923 "" "" 13.224068 0.993565 13.625772 12.632207 "" "" 2679.43359 3025.39185 96676.2624 22.221 48429.0 50.491 70190.0 25.335 "" "" 0.0027665985645756327 0.003011045 0.003799646 0.006810691 271.09761325378 -23.74329618921 2852.17261 -0.32 -0.6389999999999993 -0.16070000052452088 0.8634000406265259 0.20030485 0.19230485 "" "" 11.87302388800175 "" 2.286484224927631 ""
271.18253742773 -23.57295181114 0.018 0.015 15.0884 "" "" 4066177721040098432 2468.20483 0.3559 0.0213 0.084 -1.205 0.022 0.015 0.842 6599.6 2.6012 13.23114 0.805929 13.546592 12.740663 "" "" 2336.1499 2619.14355 96048.51286 28.414 52093.0 37.818 63517.0 35.695 "" "" 0.0027739780693190955 0.0028993667 0.003828318 0.0067276848 271.18253742773 -23.57295181114 2468.20483 0.08400000000000006 -1.205 0.24329999947547915 0.2974000406265258 0.19930485 0.19230485 "" "" 4.4953552680767865 "" 0.877230641289752 ""
271.4714105316 -23.66112841149 0.0153 0.0136 12.8203 "" "" 4066166760283155328 2431.36328 0.3687 0.0202 -0.53 -1.823 0.018 0.014 0.948 "" "" 13.245774 1.761762 14.095445 12.333683 29.56 1.94 2316.56958 2553.00317 94762.58049 28.852 31422.0 35.94 92403.0 68.389 "" "" 0.002775079436261232 0.0030540524 0.003863865 0.006917917 271.4714105316 -23.66112841149 2431.36328 -0.5300000000000007 -1.823 -0.3707000005245209 -0.3205999593734741 0.19530484 0.19130485 -14.435000000000006 2.647 5.648293424437414 15.500723970464835 1.0935284374651992 2.4970091101601355
271.13484483198 -23.76480892491 0.0162 0.0134 9.1202 "" "" 4066147690627835264 2542.03247 0.353 0.0195 -0.083 1.257 0.022 0.014 0.996 4555.3 1.9898 13.251306 2.196773 14.396576 12.199802 41.1 1.38 2425.45142 2666.85425 94281.07712 32.601 23811.0 30.316 104530.0 49.741 "" "" 0.0027807801472252668 0.0031138312 0.0038145322 0.0069283633 271.13484483198 -23.76480892491 2542.03247 -0.08300000000000009 1.2570000000000003 0.07629999947547912 2.7594000406265256 0.19930485 0.19130485 -2.895000000000003 2.087 33.26136464145398 33.387114322920525 6.363267831768771 6.341883538503658
271.16234332303 -23.73616061312 0.0158 0.0129 8.3302 "" "" 4066171295768257280 2749.73608 0.3182 0.0183 2.123 -0.277 0.021 0.014 0.918 "" "" 13.280365 2.333291 14.520873 12.187582 -21.17 0.85 2627.2439 2883.95825 91791.11336 30.887 21236.0 32.558 105710.0 90.341 "" "" 0.0027794359243392755 0.0032489896 0.0038916185 0.007140608 271.16234332303 -23.73616061312 2749.73608 2.123000000000001 -0.277 2.2822999994754793 1.2254000406265257 0.19830485 0.19130485 -65.165 1.557 33.763444567421445 73.39242068536329 6.643298377452096 3.354316742445222
271.18255831373 -23.87548948046 0.0161 0.0142 7.6252 "" "" 4066134054138132736 2499.24487 0.3589 0.0197 -0.087 -2.037 0.021 0.016 0.853 "" "" 13.285706 1.275269 13.836176 12.560907 "" "" 2401.56958 2616.67041 91340.64617 38.205 39898.0 44.985 74954.0 49.173 "" "" 0.002792494173727049 0.0030469056 0.0038459175 0.006892823 271.18255831373 -23.87548948046 2499.24487 -0.087 -2.0370000000000004 0.07229999947547913 -0.534599959373474 0.19830485 0.19330485 "" "" 6.3907504182095565 "" 1.2359442903755564 ""
271.2861152344 -23.56919895887 0.0183 0.017 13.9781 "" "" 4066177278690896128 2730.50537 0.3283 0.0252 0.029 -0.478 0.022 0.015 0.827 9018.4 3.2746 13.323395 0.992452 13.720857 12.728405 "" "" 2542.17236 2905.72656 88224.42522 26.326 44368.0 58.881 64239.0 59.038 "" "" 0.0027743023406185834 0.0031402546 0.0039088866 0.0070491415 271.2861152344 -23.56919895887 2730.50537 0.028999999999999995 -0.478 0.18829999947547912 1.024400040626526 0.19930485 0.19230485 "" "" 13.480521404049913 "" 2.595508018374344 ""
271.42983881298 -23.60555957381 0.0153 0.0132 13.8943 "" "" 4066178854911321472 2584.70483 0.3455 0.0182 0.106 -2.546 0.02 0.014 0.858 5084.9 2.3055 13.327948 2.084623 14.394315 12.309691 -37.63 0.7 2450.75269 2714.94482 87855.20765 23.802 23861.0 28.724 94467.0 41.897 "" "" 0.002770977115880266 0.003081126 0.0038099347 0.0068910606 271.42983881298 -23.60555957381 2584.70483 0.10600000000000001 -2.545999999999997 0.2652999994754791 -1.043599959373474 0.19730484 0.19130485 -81.625 1.4070001 13.192340642793567 82.68420935484298 2.528634232852327 1.4463826748899307
271.0995077401 -23.60577185738 0.0162 0.0134 15.9697 "" "" 4066175938650622336 2480.9873 0.3606 0.0189 -0.43 -1.838 0.02 0.014 0.915 8577.0 3.2641 13.349203 0.738546 13.627871 12.889324 "" "" 2345.60425 2633.95312 86151.99791 21.712 48336.0 45.551 55390.0 29.059 "" "" 0.0027688736123153783 0.0029718585 0.0038220645 0.0067939227 271.0995077401 -23.60577185738 2480.9873 -0.43 -1.8380000000000003 -0.27070000052452087 -0.3355999593734742 0.19730484 0.19130485 "" "" 5.070483565242761 "" 0.9821124040989269 ""
271.49324903403 -23.69233435398 0.0166 0.0161 12.6788 "" "" 4066165630739095424 2464.4458 0.3663 0.024 -0.239 -3.065 0.019 0.015 1.053 10270.4 3.658 13.356487 0.723509 13.633661 12.910152 "" "" 2316.85596 2631.08838 85575.93725 25.753 48079.0 43.845 54337.0 66.874 "" "" 0.0027746256566622608 0.0029606402 0.0040086503 0.006969291 271.49324903403 -23.69233435398 2464.4458 -0.23900000000000005 -3.0649999999999977 -0.07970000052452086 -1.562599959373474 0.19630484 0.19230485 "" "" 18.277197004516864 "" 3.5149852866354103 ""
271.31681131213 -23.68692965201 0.0331 0.0283 6.9987 "" "" 4066172223481451904 2474.97949 0.3811 0.0425 -1.579 -4.71 0.043 0.033 2.848 4726.3 2.3579 13.373094 2.298983 14.567625 12.268642 29.9 0.66 2249.8457 2714.46216 84277.0493 49.046 20341.0 42.369 98107.0 86.431 "" "" 0.0028268413994912314 0.0035915896 0.0038985454 0.007490135 271.31681131213 -23.68692965201 2474.97949 -1.579 -4.71 -1.4197000005245208 -3.207599959373474 0.22030485 0.21030486 -14.095000000000006 1.3670001 41.1507203002819 43.497710356201885 8.722934555352948 8.264154415643263
271.51417772266 -23.67082642685 0.0166 0.0149 14.3408 "" "" 4066165768178053504 2628.00439 0.3302 0.0222 0.384 -2.318 0.019 0.014 0.938 4650.2 2.0107 13.391647 2.237226 14.56571 12.328484 -45.44 0.47 2507.0127 2780.59497 82849.09063 25.434 20377.0 27.896 92846.0 47.419 "" "" 0.0027754074343239346 0.0031613817 0.003819845 0.0069812266 271.51417772266 -23.67082642685 2628.00439 0.384 -2.318 0.5432999994754791 -0.8155999593734742 0.19630484 0.19130485 -89.435 1.177 12.207467335150604 90.26428686772398 2.35427610308866 1.2088700723749515
271.25935736569 -23.81673003901 0.0171 0.0139 2.1925 "" "" 4066158105956537600 2527.55249 0.3486 0.0198 -0.224 -3.384 0.021 0.015 0.841 "" "" 13.402351 2.533932 14.793171 12.259239 6.42 0.61 2409.74438 2642.29761 82036.32909 33.118 16525.0 25.278 98961.0 46.397 "" "" 0.002789965189847813 0.0032470615 0.0038135084 0.0070605697 271.25935736569 -23.81673003901 2527.55249 -0.224 -3.3839999999999995 -0.06470000052452088 -1.881599959373474 0.19830485 0.19230485 -37.575 1.317 22.5560172035966 43.825272812487384 4.337793815302646 2.501886373050889
271.07818927517 -23.63630907403 0.0163 0.0133 15.5518 "" "" 4066175801222355200 2664.63696 0.3323 0.0189 -2.015 -3.178 0.02 0.013 0.919 "" "" 13.429861 1.065379 13.873435 12.808056 "" "" 2533.48682 2814.40991 79983.87995 15.183 38552.0 42.658 59695.0 46.309 "" "" 0.0027630177149096605 0.0030378192 0.0038720986 0.006909918 271.07818927517 -23.63630907403 2664.63696 -2.015 -3.178000000000001 -1.855700000524521 -1.675599959373474 0.19730484 0.19030485 "" "" 31.579124901672518 "" 6.13241794994778 ""
271.13006808829 -23.75620242743 0.0227 0.0186 9.5111 "" "" 4066147763673847040 2892.74219 0.3061 0.026 -0.782 -2.283 0.03 0.02 1.381 "" "" 13.43967 0.995178 13.841757 12.846579 "" "" 2683.64258 3097.59155 79264.51028 20.074 39693.0 32.524 57614.0 26.782 "" "" 0.002769006293753887 0.0029285676 0.0038129329 0.0067415005 271.13006808829 -23.75620242743 2892.74219 -0.7820000000000001 -2.2830000000000026 -0.6227000005245209 -0.780599959373474 0.20730485 0.19730484 "" "" 13.691643968057354 "" 2.7554811730510083 ""
271.30467567392 -23.54028010377 0.0186 0.0178 15.7102 "" "" 4066183188565914368 2454.2041 0.3675 0.0272 -2.235 -3.56 0.023 0.016 1.065 4770.0 2.3701 13.489899 2.024851 14.51694 12.492089 -31.22 1.7 2299.07837 2623.20239 75681.04993 20.628 21313.0 33.829 79859.0 53.443 "" "" 0.0027711669214709623 0.0032794694 0.0038485925 0.0071280617 271.30467567392 -23.54028010377 2454.2041 -2.234999999999999 -3.56 -2.0757000005245207 -2.057599959373474 0.20030485 0.19330485 -75.215 2.407 33.99970188031651 82.54257054968907 6.693406279594129 3.523063761388368
271.43876517348 -23.76222591198 0.0169 0.0151 8.1985 "" "" 4066159102388766848 2734.44604 0.3121 0.0222 -0.238 -2.066 0.02 0.015 1.02 4727.8 1.9622 13.492034 2.816554 15.0898 12.273246 -22.1 3.88 2605.31226 2884.15356 75532.35868 38.778 12575.0 79.466 97692.0 82.585 "" "" 0.002811138209586535 0.0074067935 0.003889236 0.011296029 271.43876517348 -23.76222591198 2734.44604 -0.238 -2.066 -0.07870000052452086 -0.563599959373474 0.19730484 0.19230485 -66.095 4.587 7.375848859309504 66.50527927462133 1.4191258418916808 4.56141827024396
271.20048745261 -23.54313608 0.0177 0.0156 16.3927 "" "" 4066178064637608064 2916.43774 0.3003 0.0218 1.087 0.022 0.022 0.016 0.873 4659.8 2.0967 13.503872 2.097258 14.582881 12.485623 21.55 1.35 2719.34155 3133.04395 74713.30297 23.784 20057.0 29.444 80336.0 47.78 "" "" 0.002776913647785709 0.003213331 0.0038341507 0.007047482 271.20048745261 -23.54313608 2916.43774 1.0869999999999995 0.02199999999999999 1.246299999475479 1.524400040626526 0.19930485 0.19330485 -22.445000000000004 2.0570002 27.219633035433947 35.28011405287244 5.327718114830444 4.3137791760272455
271.15143655462 -23.57434591528 0.0182 0.0156 15.798 "" "" 4066176419697638912 2857.31055 0.3106 0.0226 0.809 -3.336 0.022 0.015 0.92 "" "" 13.516926 2.16902 14.626413 12.457394 -33.22 1.52 2648.22095 3108.57495 73820.43665 28.424 19269.0 61.763 82452.0 111.25 "" "" 0.00278685466930759 0.00446052 0.00405337 0.00851389 271.15143655462 -23.57434591528 2857.31055 0.809 -3.3360000000000003 0.9682999994754792 -1.833599959373474 0.19930485 0.19230485 -77.215 2.227 28.083714264454137 82.16356389475511 5.444107851229034 2.8004866776651656
271.06801579188 -23.65759018308 0.0163 0.0138 15.2235 "" "" 4066152226113858048 2838.30688 0.3083 0.0189 -2.919 -0.48 0.02 0.014 1.047 4497.2 1.9979 13.529144 2.306645 14.750834 12.444188 -39.73 0.49 2691.0957 2973.23584 72994.29452 22.515 17182.0 22.921 83461.0 49.274 "" "" 0.0027755978405660515 0.003143703 0.003833355 0.006977058 271.06801579188 -23.65759018308 2838.30688 -2.919 -0.48 -2.759700000524521 1.022400040626526 0.19730484 0.19130485 -83.725 1.197 39.59386307733236 92.61506150938162 7.78377490849505 3.499162710345489
271.50602083966 -23.77219609994 0.0629 0.0595 11.6736 "" "" 4066156387970251776 2658.54028 0.3454 0.0891 0.493 -6.945 0.077 0.061 0.899 3655.9 0.1742 13.562069 5.192644 17.205193 12.012548 "" "" 2159.59741 3399.81128 70814.00906 249.56 1792.0 47.049 124200.0 1222.2 "" "" 0.004715127992102651 0.028642252 0.011333023 0.039975274 271.50602083966 -23.77219609994 2658.54028 0.493 -6.945 0.6522999994754791 -5.442599959373474 0.25430486 0.23830485 "" "" 69.07564686221062 "" 16.477230034847445 ""
271.24379942257 -23.64945321141 0.0182 0.0151 9.5896 "" "" 4066173563511538688 2524.22607 0.358 0.0233 -0.971 -2.84 0.025 0.016 0.848 8598.0 3.2999 13.571747 0.776203 13.87145 13.095247 "" "" 2414.81299 2647.4812 70185.59695 24.87 38622.0 33.205 45820.0 29.53 "" "" 0.0027820503007588205 0.0029421735 0.0038436123 0.006785786 271.24379942257 -23.64945321141 2524.22607 -0.9709999999999998 -2.84 -0.8117000005245208 -1.337599959373474 0.20230485 0.19330485 "" "" 18.72039488281962 "" 3.664850295675038 ""
271.18988649096 -23.65457546359 0.0194 0.0166 10.5901 "" "" 4066174972260662656 2510.9397 0.3612 0.0262 0.14 -2.144 0.026 0.016 1.035 "" "" 13.573959 1.587412 14.314299 12.726887 24.01 3.56 2351.14844 2718.60596 70042.71464 18.7 25686.0 42.845 64329.0 44.495 "" "" 0.002770525924059916 0.0033263965 0.0038532712 0.0071796677 271.18988649096 -23.65457546359 2510.9397 0.14 -2.144 0.29929999947547914 -0.6415999593734742 0.20330486 0.19330485 -19.985000000000003 4.267 8.42623535917907 21.688745176433784 1.6442085822646122 3.9833615461149074
271.39441623149 -23.54641880629 0.0165 0.0139 16.2619 "" "" 4066180439786699520 2416.20093 0.3667 0.0187 0.401 -1.184 0.022 0.015 0.915 "" "" 13.589557 1.008551 13.981187 12.972636 "" "" 2312.49487 2569.49121 69043.7258 17.262 34909.0 46.929 51298.0 98.032 "" "" 0.002768659413982581 0.0031488768 0.0043114764 0.007460353 271.39441623149 -23.54641880629 2416.20093 0.40100000000000025 -1.184 0.5602999994754791 0.31840004062652594 0.19930485 0.19230485 "" "" 7.38074205133537 "" 1.4585750204583534 ""
271.08647318227 -23.74779819434 0.0184 0.0164 11.9506 "" "" 4066150748644640640 2644.89136 0.3357 0.0245 1.561 -0.477 0.024 0.016 0.943 "" "" 13.614775 1.251704 14.155027 12.903323 "" "" 2462.6665 2783.52344 67458.52025 19.013 29744.0 34.971 54680.0 54.632 "" "" 0.0027722612829919296 0.0030683207 0.0039319815 0.007000302 271.08647318227 -23.74779819434 2644.89136 1.561 -0.477 1.720299999475479 1.025400040626526 0.20130485 0.19330485 "" "" 25.107638639356278 "" 5.002414136910908 ""
271.20329476254 -23.73859741966 0.018 0.0149 6.3506 "" "" 4066171162657308544 2465.65356 0.3609 0.0208 -0.99 -3.161 0.027 0.016 1.012 4608.8 2.3331 13.618752 2.084944 14.687215 12.602271 -48.69 1.13 2335.85254 2595.99268 67211.91017 22.837 18219.0 28.519 72152.0 53.888 "" "" 0.0027799068170694004 0.0032670354 0.0038653961 0.0071324315 271.20329476254 -23.73859741966 2465.65356 -0.9900000000000001 -3.1610000000000005 -0.8307000005245209 -1.6585999593734742 0.20430484 0.19330485 -92.685 1.837 21.679724701092404 95.18676214744966 4.239695608299681 2.0327225438765173
271.08532416561 -23.63394240827 0.0175 0.014 15.3455 "" "" 4066175801222346496 2554.06714 0.3494 0.0202 0.251 -1.694 0.021 0.014 0.915 5248.5 2.7795 13.622238 1.844117 14.511419 12.667302 -8.0 1.44 2433.57935 2690.26709 66996.39202 21.111 21421.0 30.402 67957.0 51.263 "" "" 0.0027764792895647165 0.0031874056 0.0038671074 0.0070545133 271.08532416561 -23.63394240827 2554.06714 0.251 -1.6939999999999986 0.4102999994754791 -0.19159995937347407 0.19830485 0.19130485 -51.995000000000005 2.147 5.4821077003140735 52.28320504557695 1.0803586110327235 2.138167880996919
271.23413116643 -23.81934797445 0.017 0.0145 3.5473 "" "" 4066134706973167360 2729.66797 0.3201 0.0194 -0.005 -1.439 0.022 0.015 0.843 "" "" 13.627102 1.132946 14.100764 12.967818 "" "" 2606.20898 2904.04028 66696.94531 17.135 31269.0 30.003 51527.0 33.587 "" "" 0.0027694031755702655 0.002978313 0.003845074 0.006823387 271.23413116643 -23.81934797445 2729.66797 -0.00499999999999998 -1.439 0.15429999947547912 0.06340004062652582 0.19930485 0.19230485 "" "" 2.1583883681761895 "" 0.42802787512713386 ""
271.11120413172 -23.80283313844 0.0182 0.0149 10.1397 "" "" 4066147042103639680 2572.62793 0.3504 0.0217 -0.298 -2.113 0.025 0.016 0.985 10525.8 3.744 13.645989 1.14963 13.9293 12.77967 "" "" 2441.22412 2724.90698 65546.72334 65.327 36618.0 1027.0 61276.0 1244.9 "" "" 0.0029601896007892792 0.03057846 0.022379545 0.052958004 271.11120413172 -23.80283313844 2572.62793 -0.298 -2.1130000000000004 -0.13870000052452086 -0.6105999593734741 0.20230485 0.19330485 "" "" 7.635493795751525 "" 1.4794243231579223 ""
271.05313081847 -23.69077360797 0.0168 0.0148 14.9101 "" "" 4066151882516320256 2679.07837 0.3268 0.0213 0.172 -1.162 0.021 0.015 0.891 5020.3 2.6956 13.649 1.807751 14.532773 12.725022 6.14 2.12 2519.03027 2820.01978 65365.18978 20.159 21004.0 30.408 64439.0 70.548 "" "" 0.002775592207692189 0.00320246 0.0039619007 0.007164361 271.05313081847 -23.69077360797 2679.07837 0.172 -1.162 0.3312999994754791 0.34040004062652596 0.19830485 0.19230485 -37.855000000000004 2.827 6.032036879684258 38.33257744944724 1.1777347446408626 2.7979235757944285
271.41836369718 -23.69648518602 0.0181 0.017 9.236 "" "" 4066160609889815936 2398.33496 0.3766 0.0258 0.524 -0.008 0.021 0.016 0.983 "" "" 13.675049 0.939255 14.048851 13.109596 "" "" 2277.36719 2542.92163 63815.68032 18.186 32800.0 24.704 45219.0 45.963 "" "" 0.0027726384278065545 0.0029075341 0.0039372146 0.0068447487 271.41836369718 -23.69648518602 2398.33496 0.524 -0.008000000000000007 0.6832999994754791 1.4944000406265259 0.19830485 0.19330485 "" "" 18.680158060965883 "" 3.6272877503401877 ""
271.20082834188 -23.8047631896 0.0204 0.0171 5.2221 "" "" 4066146492363454464 2386.96191 0.3741 0.023 -0.721 -3.639 0.028 0.02 1.264 4644.0 2.4336 13.680198 1.955007 14.656277 12.70127 43.5 1.73 2262.17993 2530.64551 63513.73452 17.936 18746.0 31.898 65864.0 45.646 "" "" 0.0027723270626187997 0.0033463743 0.0038535583 0.007199933 271.20082834188 -23.8047631896 2386.96191 -0.721 -3.6389999999999985 -0.5617000005245208 -2.136599959373474 0.20530485 0.19730484 -0.49500000000000455 2.437 24.995333624276753 25.000234558677647 4.944871598988521 4.944137691657215
271.39465655673 -23.73487311708 0.018 0.0157 6.7544 "" "" 4066160167540772352 2647.74341 0.3423 0.0236 -0.097 -2.367 0.022 0.016 0.876 "" "" 13.687743 1.118716 14.133779 13.015062 "" "" 2476.70874 2850.07935 63073.87241 17.462 30332.0 102.64 49333.0 273.6 "" "" 0.0027716676156809856 0.00461339 0.0071092816 0.011722672 271.39465655673 -23.73487311708 2647.74341 -0.09699999999999999 -2.367 0.06229999947547912 -0.8645999593734741 0.19930485 0.19330485 "" "" 10.879125540928609 "" 2.1033301178750974 ""
271.28871784536 -23.85071608542 0.0176 0.0141 2.9498 "" "" 4066157075165080576 2644.72241 0.334 0.0207 -0.381 -1.928 0.022 0.015 0.932 "" "" 13.693566 1.214641 14.207085 12.992444 "" "" 2496.21997 2822.09717 62736.51135 26.929 28352.0 68.164 50371.0 66.99 "" "" 0.0027944558786725496 0.0038208477 0.004045829 0.007866677 271.28871784536 -23.85071608542 2644.72241 -0.381 -1.928 -0.22170000052452088 -0.42559995937347406 0.19930485 0.19230485 "" "" 6.015786411656198 "" 1.1659803785567535 ""
271.06375523171 -23.69662814181 0.0201 0.0179 14.2309 "" "" 4066151818123065088 2845.73193 0.3147 0.0224 -0.519 -2.555 0.023 0.017 0.961 4794.6 2.4402 13.708535 1.991631 14.714454 12.722823 -13.76 1.42 2674.16992 2999.40454 61877.51182 13.948 17768.0 19.149 64570.0 40.123 "" "" 0.0027661682231590184 0.0030255972 0.0038391273 0.0068647247 271.06375523171 -23.69662814181 2845.73193 -0.5190000000000007 -2.555 -0.3597000005245209 -1.0525999593734743 0.20030485 0.19430485 -57.755 2.1269999 15.004403822109635 59.672205917469974 2.9249718584603572 2.1860951416890964
271.12790962753 -23.61190388808 0.0186 0.0165 14.6718 "" "" 4066176243571193856 2643.93335 0.3512 0.0259 0.33 -0.907 0.023 0.016 0.898 4689.6 2.4492 13.70878 1.796089 14.581422 12.785333 -43.07 2.12 2450.48779 2882.78516 61863.54389 16.034 20084.0 40.427 60957.0 74.018 "" "" 0.00276965305075854 0.0035441986 0.004002728 0.007546927 271.12790962753 -23.61190388808 2643.93335 0.3300000000000002 -0.907 0.48929999947547914 0.5954000406265259 0.20030485 0.19330485 -87.065 2.827 9.658089971161495 87.59904638117386 1.8944989563060535 2.8175182065178084
271.29690532004 -23.80294525061 0.0185 0.0151 0.0791 "" "" 4066158071596765952 2599.08423 0.3475 0.0218 -0.04 -1.355 0.022 0.016 0.971 "" "" 13.717968 1.190059 14.220256 13.030197 "" "" 2466.05225 2744.30151 61342.23365 16.436 28010.0 52.896 48650.0 36.57 "" "" 0.002770635105798707 0.0034625279 0.0038664993 0.007329027 271.29690532004 -23.80294525061 2599.08423 -0.039999999999999994 -1.355 0.11929999947547912 0.1474000406265259 0.19930485 0.19330485 "" "" 2.3361680490859453 "" 0.4571918629028269 ""
271.44923934569 -23.85426216475 0.0263 0.022 8.9811 "" "" 4066153394343953920 2643.81006 0.3206 0.0353 -5.507 0.003 0.032 0.024 0.937 6330.3 1.8114 13.719237 3.494861 15.868615 12.373755 12.17 1.21 2429.59863 2916.15918 61270.52942 31.188 6137.2 17.896 89055.0 93.847 "" "" 0.0028102002606955894 0.004220019 0.003948775 0.008168794 271.44923934569 -23.85426216475 2643.81006 -5.507 0.003000000000000035 -5.3477000005245205 1.5054000406265258 0.20930485 0.20130485 -31.825000000000003 1.917 69.62024930002846 76.54939410340303 14.53168681786993 13.240307128024613
271.07690823864 -23.66998418467 0.0184 0.0156 14.4021 "" "" 4066152024281507840 2630.02417 0.3381 0.0215 -0.671 -0.746 0.023 0.015 0.945 4769.4 2.6409 13.724683 1.972645 14.718247 12.745603 -3.35 3.02 2496.57324 2789.17676 60964.01242 15.329 17706.0 21.733 63229.0 34.782 "" "" 0.002768811851384161 0.0030920971 0.0038262836 0.006918381 271.07690823864 -23.66998418467 2630.02417 -0.671 -0.746 -0.5117000005245209 0.7564000406265259 0.20030485 0.19230485 -47.345000000000006 3.727 11.38453654609206 48.69452430581191 2.218298775680206 3.6606345580164428
271.25990576208 -23.53875642485 0.0204 0.0189 15.9177 "" "" 4066177553569286528 2535.98828 0.358 0.0278 -0.401 -2.294 0.025 0.017 0.991 "" "" 13.728767 1.039638 14.151934 13.112296 "" "" 2348.33105 2704.08545 60735.08578 17.304 29829.0 40.838 45107.0 43.874 "" "" 0.002772630244354979 0.0031614203 0.0039241537 0.007085574 271.25990576208 -23.53875642485 2535.98828 -0.4010000000000001 -2.2939999999999996 -0.2417000005245209 -0.7915999593734742 0.20230485 0.19430485 "" "" 9.949162505112874 "" 1.9400853973844636 ""
271.17215697164 -23.65175442822 0.0235 0.0205 11.29 "" "" 4066175148387149824 2480.92627 0.3632 0.0316 -0.558 -1.722 0.032 0.02 1.125 8701.4 3.3978 13.744865 0.88493 14.098748 13.213819 "" "" 2284.94897 2703.7998 59841.25914 17.076 31327.0 32.591 41080.0 23.186 "" "" 0.002772684252964092 0.0030101358 0.0038287404 0.0068388763 271.17215697164 -23.65175442822 2480.92627 -0.558 -1.7220000000000004 -0.3987000005245209 -0.2195999593734741 0.20930485 0.19730484 "" "" 5.3526916623738 "" 1.1057269812525194 ""
271.18703654307 -23.71267052092 0.0196 0.016 8.0292 "" "" 4066171433207328384 2630.36157 0.3445 0.0231 -0.42 -1.773 0.026 0.017 0.848 10535.9 3.6826 13.763781 0.85238 14.099128 13.246748 "" "" 2436.53418 2832.77856 58807.76061 15.712 31316.0 34.965 39853.0 37.59 "" "" 0.002770548158726913 0.0030421366 0.0039156703 0.0069578066 271.18703654307 -23.71267052092 2630.36157 -0.42 -1.7729999999999981 -0.26070000052452086 -0.27059995937347403 0.20330486 0.19430485 "" "" 4.684831330974577 "" 0.93082027068447 ""
271.40062222169 -23.56673357029 0.017 0.0144 15.2432 "" "" 4066179993110062720 2611.60425 0.3354 0.0197 -0.057 -2.819 0.022 0.016 0.984 4810.7 2.4899 13.782516 2.22136 14.947499 12.726139 14.27 1.08 2499.2229 2737.04102 57801.70093 17.173 14336.0 19.448 64373.0 31.566 "" "" 0.002774138358558088 0.0031550692 0.0038166975 0.0069717667 271.40062222169 -23.56673357029 2611.60425 -0.057 -2.819 0.10229999947547913 -1.316599959373474 0.19930485 0.19330485 -29.725000000000005 1.7870001 16.347320965417246 33.923598390300086 3.160614141855652 2.1843820997103642
271.22086717499 -23.65790600374 0.0204 0.0178 9.5776 "" "" 4066172056010610176 2624.31787 0.3488 0.0277 -0.632 -1.759 0.027 0.017 0.924 4679.7 2.4918 13.785252 1.870783 14.711129 12.840346 25.29 2.4 2397.15088 2864.51489 57656.22912 20.973 17822.0 23.456 57946.0 49.513 "" "" 0.002783482064306981 0.0031348031 0.0038915812 0.0070263846 271.22086717499 -23.65790600374 2624.31787 -0.6319999999999993 -1.7589999999999986 -0.4727000005245209 -0.256599959373474 0.20430484 0.19430485 -18.705000000000005 3.107 6.690531374955034 19.865553983698966 1.3519710762982595 2.960710332589452
271.32646070901 -23.57682485017 0.0199 0.0168 13.6141 "" "" 4066174216346773504 2548.77246 0.347 0.026 -2.073 -3.846 0.025 0.017 1.003 4662.0 2.4336 13.79475 1.941509 14.763992 12.822483 -25.3 1.79 2368.01636 2731.47217 57154.01359 17.591 16975.0 39.96 58907.0 38.58 "" "" 0.0027755106400155325 0.0037838547 0.0038456942 0.007629549 271.32646070901 -23.57682485017 2548.77246 -2.0730000000000026 -3.846000000000001 -1.9137000005245208 -2.343599959373474 0.20230485 0.19430485 -69.295 2.497 36.55372722975735 78.34521044318858 7.220971505648659 4.0284729315731616
271.20933078354 -23.87503290329 0.0188 0.0162 6.4638 "" "" 4066133878012488576 2754.70972 0.3189 0.0236 -0.293 -1.341 0.023 0.016 0.884 "" "" 13.798099 2.477494 15.14736 12.669866 2.37 1.44 2577.12817 2943.44653 56978.01698 21.087 11925.0 18.304 67797.0 43.128 "" "" 0.0027844656365933625 0.0032499777 0.0038419731 0.0070919506 271.20933078354 -23.87503290329 2754.70972 -0.2929999999999999 -1.341 -0.13370000052452086 0.1614000406265259 0.20030485 0.19330485 -41.62500000000001 2.147 2.7366127562699805 41.714861552901986 0.536878722290074 2.1426645338436536
271.5043514715 -23.71716701557 0.0196 0.0196 12.5272 "" "" 4066162572722317184 2437.49756 0.3543 0.0302 0.987 -2.053 0.025 0.018 1.012 5066.8 2.282 13.823513 3.128124 15.654481 12.526357 -15.74 2.61 2256.91895 2604.61108 55659.8043 30.418 7475.2 80.172 77378.0 247.87 "" "" 0.0028184849439326066 0.011974202 0.0051361737 0.017110376 271.5043514715 -23.71716701557 2437.49756 0.9870000000000003 -2.053 1.1462999994754792 -0.5505999593734741 0.20230485 0.19530484 -59.73500000000001 3.317 14.692630752677077 61.51539338600146 2.953382891244016 3.2973353822809415
271.10730964705 -23.6998085941 0.019 0.016 12.0361 "" "" 4066151130928266112 2814.42822 0.3133 0.022 -0.621 -2.046 0.024 0.016 0.981 8400.0 3.0188 13.829144 0.851398 14.164229 13.312831 "" "" 2631.67627 3055.74878 55371.84258 16.842 29493.0 40.341 37500.0 18.349 "" "" 0.002775040089669093 0.0031607805 0.003816538 0.006977319 271.10730964705 -23.6998085941 2814.42822 -0.6210000000000001 -2.046 -0.46170000052452087 -0.5435999593734739 0.20130485 0.19330485 "" "" 9.514492856791312 "" 1.871472334950232 ""
271.53769653701 -23.73867092678 0.0178 0.0158 13.8096 "" "" 4066162332204062336 2587.1333 0.3425 0.0229 -0.401 -5.253 0.021 0.015 0.895 4593.9 2.3924 13.83562 2.319205 15.066348 12.747143 -9.85 2.29 2405.4541 2755.20923 55042.59541 17.525 12849.0 24.899 63139.0 29.516 "" "" 0.0027769207943839245 0.0034945218 0.003813311 0.007307833 271.53769653701 -23.73867092678 2587.1333 -0.40099999999999997 -5.253000000000001 -0.2417000005245209 -3.7505999593734742 0.19830485 0.19230485 -53.845000000000006 2.997 46.089056360319155 70.87654859814123 8.864310488401502 6.197589140737583
271.20665866814 -23.59929445739 0.0214 0.0188 13.1132 "" "" 4066176900733842816 2510.34692 0.3566 0.0288 -0.084 -1.391 0.029 0.019 0.966 4690.0 2.6002 13.839922 1.994241 14.847729 12.853488 67.68 2.15 2350.79248 2710.61475 54824.8964 19.978 15715.0 20.606 57248.0 35.176 "" "" 0.002783580284378804 0.0031323843 0.0038378104 0.0069701946 271.20665866814 -23.59929445739 2510.34692 -0.084 -1.3909999999999998 0.07529999947547912 0.11140004062652586 0.20630485 0.19630484 23.685000000000002 2.857 1.5999706147678117 23.738979147556464 0.3191859846397108 2.8505848667520746
271.25702834235 -23.72372312878 0.0189 0.0159 5.1588 "" "" 4066170784700134144 2370.41479 0.3756 0.0228 1.974 -1.097 0.024 0.016 0.903 4685.0 2.3591 13.842795 1.921725 14.802263 12.880538 -2.16 2.69 2264.57495 2494.13574 54680.01614 15.409 16387.0 24.994 55840.0 27.26 "" "" 0.0027722559914425578 0.0032445935 0.003816368 0.007060962 271.25702834235 -23.72372312878 2370.41479 1.974 -1.097 2.1332999994754793 0.4054000406265259 0.20130485 0.19330485 -46.155 3.397 24.398222469731262 52.20687009084627 4.904808165663975 3.778027513239892
271.17539573881 -23.61223731214 0.0219 0.0193 13.1704 "" "" 4066176144819623296 2934.21826 0.309 0.0289 -1.534 -4.848 0.03 0.019 0.816 4650.3 1.8482 13.887004 1.8053 14.76951 12.964211 11.65 1.83 2722.02417 3156.45728 52498.27318 18.478 16889.0 23.308 51698.0 29.796 "" "" 0.0027816952182561777 0.0031670532 0.003830836 0.006997889 271.17539573881 -23.61223731214 2934.21826 -1.5340000000000003 -4.848 -1.374700000524521 -3.345599959373474 0.20730485 0.19630484 -32.345000000000006 2.5370002 50.30622843270856 59.80732099102797 9.95719020631967 8.487016030245925
271.09014306921 -23.8962802504 0.0182 0.015 12.6295 "" "" 4066144190260987648 2350.39917 0.3673 0.0196 -0.107 -1.433 0.025 0.017 0.936 "" "" 13.909183 3.043032 15.687644 12.644612 18.46 2.28 2249.25659 2490.81055 51436.71748 29.412 7250.4 20.196 69393.0 44.357 "" "" 0.002824398072991473 0.0041147973 0.0038425757 0.007957373 271.09014306921 -23.8962802504 2350.39917 -0.10699999999999998 -1.4330000000000003 0.05229999947547913 0.06940004062652583 0.20230485 0.19430485 -25.535000000000004 2.987 0.9681464425361761 25.553346797126117 0.19095722587007122 2.9848641497830353
271.45384770788 -23.66454849869 0.0333 0.0295 11.9693 "" "" 4066166657213732480 2578.41113 0.3494 0.0432 1.244 -0.568 0.04 0.03 1.926 5887.7 1.9725 13.917408 1.916329 14.851788 12.935459 14.63 2.73 2324.1875 2907.51782 51048.56361 19.524 15657.0 29.14 53085.0 53.005 "" "" 0.0027864353401495824 0.0034450458 0.0039317934 0.0073768394 271.45384770788 -23.66454849869 2578.41113 1.244 -0.568 1.4032999994754791 0.9344000406265259 0.21730486 0.20730485 -29.365000000000002 3.437 20.604857561715896 35.872878057644066 4.415265681123203 3.7877793624451925
271.33128792658 -23.6859533302 0.0189 0.016 7.2285 "" "" 4066172330888314112 2735.12036 0.3273 0.0233 -0.537 -1.333 0.025 0.017 0.941 8258.6 3.0068 13.918463 1.245427 14.453725 13.208298 "" "" 2556.40454 2861.04517 50998.99943 16.483 22591.0 26.813 41289.0 29.415 "" "" 0.0027775761050784966 0.0030733796 0.0038577227 0.0069311024 271.33128792658 -23.6859533302 2735.12036 -0.5369999999999991 -1.333 -0.3777000005245209 0.16940004062652592 0.20230485 0.19430485 "" "" 5.3666278722101195 "" 1.078624070639771 ""
271.36474254629 -23.74692305312 0.0205 0.0179 5.0203 "" "" 4066160060133731456 2624.40186 0.3374 0.0262 1.286 0.385 0.026 0.019 0.919 5064.4 2.7135 13.930438 2.068356 14.98363 12.915275 -16.47 3.21 2468.62134 2799.85327 50439.57565 26.209 13866.0 41.887 54081.0 68.815 "" "" 0.0028124842079850273 0.004306087 0.0040239748 0.008330062 271.36474254629 -23.74692305312 2624.40186 1.286 0.385 1.4452999994754792 1.8874000406265259 0.20330486 0.19630484 -60.465 3.917 29.571809721268988 67.30904957872261 5.882454551193533 4.365842954279428
271.41809330286 -23.66411473563 0.0199 0.0213 10.6526 "" "" 4066161026534314112 2533.23584 0.3595 0.0322 0.321 -1.857 0.023 0.019 0.997 "" "" 13.936858 1.223051 14.462193 13.239142 "" "" 2336.41431 2754.448 50142.22799 36.895 22415.0 62.028 40133.0 87.518 "" "" 0.0028688008230749362 0.004100258 0.0044597713 0.00856003 271.41809330286 -23.66411473563 2533.23584 0.3209999999999997 -1.857 0.48029999947547913 -0.3545999593734741 0.20030485 0.19630484 "" "" 7.168703463039825 "" 1.4258759898178166 ""
271.21795431503 -23.55312697712 0.0212 0.0182 15.5343 "" "" 4066177858479135488 2793.88721 0.3236 0.0259 0.161 -2.516 0.025 0.018 0.989 5068.9 2.8237 13.937079 1.762021 14.791387 13.029366 8.43 5.42 2593.66626 3014.89941 50132.00163 17.326 16552.0 24.892 48687.0 30.792 "" "" 0.0027807541143428645 0.0032328148 0.0038412558 0.0070740706 271.21795431503 -23.55312697712 2793.88721 0.16100000000000003 -2.5160000000000005 0.32029999947547916 -1.0135999593734741 0.20230485 0.19530484 -35.565000000000005 6.127 14.077385602953411 38.24973216133991 2.758473601148778 5.786700557778285
271.06099019759 -23.71069460501 0.0233 0.02 14.0156 "" "" 4066151779436993536 2515.83154 0.3478 0.0281 0.302 -0.699 0.029 0.02 1.227 "" "" 13.951611 0.882809 14.300119 13.417311 "" "" 2352.63159 2735.76587 49465.51248 11.604 26024.0 29.548 34059.0 29.067 "" "" 0.00276706734033622 0.0030503678 0.0038913128 0.006941681 271.06099019759 -23.71069460501 2515.83154 0.302 -0.6989999999999996 0.4612999994754791 0.8034000406265259 0.20630485 0.19730484 "" "" 11.047566686072527 "" 2.2048091149029907 ""
271.28177516046 -23.64081391629 0.0196 0.0167 9.7019 "" "" 4066173430400083072 2518.60376 0.3555 0.0254 0.742 -2.218 0.027 0.017 0.943 5026.6 3.0058 13.964775 1.796447 14.837096 13.040649 -50.62 2.45 2359.22095 2738.72925 48869.36712 14.817 15870.0 33.958 48184.0 54.519 "" "" 0.0027749155081784084 0.0036307545 0.003974028 0.0076047825 271.28177516046 -23.64081391629 2518.60376 0.742 -2.218 0.9012999994754791 -0.7155999593734741 0.20430484 0.19430485 -94.61500000000001 3.157 13.738897154454012 95.60729846628168 2.754615074369464 3.149210717079632
271.12404470869 -23.97984002231 0.0744 0.0584 14.2392 "" "" 4066131580237364224 2486.70874 0.3822 0.0799 0.135 -2.319 0.09 0.064 1.016 "" "" 13.969513 5.7158 18.094183 12.378383 -12.71 0.81 2074.65649 3111.3606 48656.59837 52.053 790.21 13.844 88676.0 201.77 "" "" 0.002990138522165362 0.019224988 0.004515176 0.023740165 271.12404470869 -23.97984002231 2486.70874 0.135 -2.3189999999999995 0.29429999947547913 -0.8165999593734741 0.26730484 0.24130484 -56.705000000000005 1.517 10.231278342653061 57.62062201612234 2.5008763293918506 1.5575378524985952
271.19099692158 -23.78643831951 0.0182 0.0153 5.8347 "" "" 4066146728555039104 2770.04199 0.3214 0.0204 -0.696 -0.733 0.025 0.017 0.989 4703.0 2.6068 13.969638 1.80298 14.84965 13.04667 -29.65 2.26 2607.54785 2977.39282 48650.97601 13.358 15688.0 18.603 47917.0 27.386 "" "" 0.002771400008780375 0.003072889 0.003829985 0.006902874 271.19099692158 -23.78643831951 2770.04199 -0.6960000000000006 -0.7329999999999999 -0.5367000005245208 0.7694000406265259 0.20230485 0.19430485 -73.64500000000001 2.967 12.317194028938786 74.66792680760949 2.4259842991252807 2.9535899876754486
271.39883069952 -23.61243425999 0.0202 0.0168 12.7016 "" "" 4066178824878888320 2402.64575 0.3749 0.0244 -0.615 -2.361 0.027 0.019 1.17 9249.2 3.4718 13.971138 0.959085 14.339755 13.380671 "" "" 2264.80615 2536.96533 48583.82497 14.77 25091.0 29.338 35228.0 26.079 "" "" 0.0027750205671702157 0.0030654052 0.0038639046 0.00692931 271.39883069952 -23.61243425999 2402.64575 -0.6150000000000001 -2.3609999999999998 -0.45570000052452087 -0.8585999593734743 0.20430484 0.19630484 "" "" 11.070085731087454 "" 2.192882166393834 ""
271.58358003989 -23.72794842025 0.0189 0.0167 16.4096 "" "" 4066161645009256448 2415.94092 0.3593 0.0244 3.253 0.492 0.023 0.017 0.98 4633.8 2.0898 13.975375 2.650986 15.45068 12.799694 -71.91 1.67 2311.18579 2550.08447 48394.57923 16.674 9018.7 19.383 60156.0 65.109 "" "" 0.002780598338814423 0.0036373215 0.0039578606 0.0075951824 271.58358003989 -23.72794842025 2415.94092 3.2529999999999974 0.4920000000000001 3.4122999994754792 1.9944000406265259 0.20030485 0.19430485 -115.905 2.3769999 45.261083365816404 124.4288338466908 8.99764434246708 3.9515070758510573
271.23690281831 -23.76305729227 0.0197 0.0158 3.9942 "" "" 4066170127537007360 2531.47339 0.3503 0.0211 0.618 0.6 0.028 0.017 0.864 4649.0 2.1376 14.004745 2.144342 15.114322 12.969979 8.45 1.72 2424.11914 2643.41089 47103.04443 14.101 12294.0 22.351 51424.0 33.336 "" "" 0.002774425124128592 0.0034178034 0.0038443613 0.0072621647 271.23690281831 -23.76305729227 2531.47339 0.618 0.6 0.7772999994754791 2.102400040626526 0.20530485 0.19430485 -35.545 2.427 26.89606082050164 44.57404079349463 5.262493309929852 3.7187164321427475
271.20943521923 -23.93355956692 0.0199 0.0169 9.2101 "" "" 4066132812860368512 2555.08374 0.3586 0.0257 -0.251 -2.489 0.026 0.018 1.015 "" "" 14.019471 1.271391 14.568003 13.296612 "" "" 2376.81714 2763.04004 46468.45195 13.289 20334.0 16.706 38064.0 41.073 "" "" 0.002772760037946203 0.002929291 0.003956803 0.006886094 271.20943521923 -23.93355956692 2555.08374 -0.25100000000000044 -2.4890000000000003 -0.09170000052452087 -0.986599959373474 0.20330486 0.19530484 "" "" 12.000308793312277 "" 2.344557339075933 ""
271.15389369801 -23.60472137365 0.0215 0.0187 14.1764 "" "" 4066176179179409152 2528.83398 0.3546 0.0267 -1.893 -3.571 0.028 0.019 0.901 5019.3 3.1304 14.022672 1.705318 14.840015 13.134698 10.54 2.37 2353.77954 2728.60498 46331.67863 13.965 15827.0 24.273 44185.0 35.629 "" "" 0.0027746865942723186 0.0032492643 0.0038794607 0.007128725 271.15389369801 -23.60472137365 2528.83398 -1.893000000000002 -3.5710000000000006 -1.733700000524521 -2.0685999593734743 0.20530485 0.19630484 -33.455000000000005 3.077 32.35252020032454 46.539473442577844 6.472681683358538 5.013846491580944
271.008723125 -23.8244827782 0.0207 0.0169 15.8218 "" "" 4066148588307598976 2806.65161 0.3107 0.0229 -1.295 -4.389 0.026 0.017 0.974 4670.4 2.2498 14.026637 2.512906 15.40206 12.889154 3.35 1.45 2618.2854 2994.68066 46162.7584 16.264 9431.8 27.856 55398.0 38.342 "" "" 0.00278174672512411 0.004250589 0.0038533644 0.008103954 271.008723125 -23.8244827782 2806.65161 -1.2949999999999986 -4.389 -1.1357000005245208 -2.8865999593734744 0.20330486 0.19430485 -40.645 2.157 41.267266655378016 57.922390508386954 8.06920735999907 5.944884100651198
271.18645496525 -23.55682355382 0.0217 0.0194 15.8922 "" "" 4066178030277824128 2634.1936 0.3397 0.0288 1.078 1.461 0.028 0.019 0.934 4607.1 2.1384 14.041694 2.026586 15.073813 13.047228 "" "" 2469.16748 2804.39111 45527.02151 14.882 12761.0 11.211 47892.0 42.342 "" "" 0.0027780837663110994 0.0029487105 0.0038993799 0.0068480903 271.18645496525 -23.55682355382 2634.1936 1.078 1.461 1.2372999994754792 2.963400040626526 0.20530485 0.19630484 "" "" 40.09693662626156 "" 7.925832919572676 ""
271.17097204315 -23.63033052777 0.0216 0.0191 12.3769 "" "" 4066175251466402048 2648.77295 0.3359 0.0302 0.486 -3.958 0.029 0.019 0.843 4708.1 1.9142 14.046575 1.835649 14.948934 13.113285 -22.61 2.45 2440.30225 2882.60498 45322.80924 15.426 14317.0 15.741 45066.0 23.677 "" "" 0.0027799907921307386 0.003034803 0.0038221874 0.0068569905 271.17097204315 -23.63033052777 2648.77295 0.486 -3.958 0.6452999994754791 -2.4555999593734743 0.20630485 0.19630484 -66.605 3.157 31.877271040487866 73.84027650265624 6.278743180671632 3.9314568920161954
271.19919546882 -23.82905952091 0.0197 0.0174 5.5514 "" "" 4066146320564748288 2434.50171 0.3646 0.0243 -0.162 -1.201 0.025 0.018 0.923 10405.9 3.5734 14.053966 0.856051 14.390936 13.534885 "" "" 2301.27441 2603.37109 45015.28335 13.629 23936.0 20.666 30564.0 34.823 "" "" 0.002774859874094805 0.0029434306 0.0039766785 0.006920109 271.19919546882 -23.82905952091 2434.50171 -0.16200000000000003 -1.201 -0.002700000524520879 0.3014000406265258 0.20230485 0.19530484 "" "" 3.478156805149995 "" 0.6793028498107101 ""
271.38022352136 -23.61007206913 0.026 0.0232 12.4121 "" "" 4066178992350258560 2568.75854 0.3581 0.0332 -0.915 -2.718 0.033 0.023 1.357 6884.3 3.4628 14.063947 1.239357 14.598947 13.35959 -33.99 8.54 2360.26953 2775.39478 44603.41606 11.001 19762.0 20.75 35919.0 46.487 "" "" 0.0027683025328873287 0.0030140816 0.0040321527 0.0070462343 271.38022352136 -23.61007206913 2568.75854 -0.9149999999999999 -2.7180000000000004 -0.7557000005245209 -1.215599959373474 0.21030486 0.20030485 -77.98500000000001 9.247 17.428009081848444 79.90867115374272 3.54035694669439 9.057366481101786
271.47227217729 -23.61818774656 0.0186 0.0161 14.6798 "" "" 4066167451805385856 2543.29419 0.3511 0.0228 -0.719 -3.909 0.023 0.017 0.943 7199.6 3.3496 14.08175 0.851113 14.415966 13.564853 "" "" 2414.53882 2693.57935 43877.98365 10.464 23390.0 26.554 29732.0 18.16 "" "" 0.002767459482510258 0.0030503054 0.0038371217 0.006887427 271.47227217729 -23.61818774656 2543.29419 -0.719 -3.9089999999999994 -0.5597000005245208 -2.406599959373474 0.20030485 0.19430485 "" "" 29.786352773678622 "" 5.7969375529830796 ""
271.22546137873 -23.88155784882 0.0202 0.0174 6.1429 "" "" 4066134187259067136 2822.19165 0.3076 0.0253 -1.42 -0.232 0.025 0.018 0.956 "" "" 14.084779 2.838337 15.70204 12.863703 0.16 2.39 2620.27612 3010.60034 43755.75129 20.823 7154.9 15.718 56712.0 42.67 "" "" 0.002803348160595875 0.0036707015 0.0038666604 0.007537362 271.22546137873 -23.88155784882 2822.19165 -1.4200000000000002 -0.23200000000000004 -1.2607000005245208 1.270400040626526 0.20230485 0.19530484 -43.83500000000001 3.0970001 23.942105848613586 49.947288789945524 4.759902076327272 3.5487273981096745
271.30027766731 -23.58855968623 0.0231 0.0217 12.8083 "" "" 4066174151954647552 2921.91089 0.3068 0.0319 -2.647 -1.293 0.028 0.02 0.998 4456.3 1.5098 14.087926 1.964519 15.075708 13.11119 27.38 2.23 2657.5354 3210.51343 43629.11723 13.517 12739.0 26.549 45153.0 28.85 "" "" 0.0027757773468792177 0.0035923668 0.0038425217 0.0074348887 271.30027766731 -23.58855968623 2921.91089 -2.646999999999997 -1.2929999999999995 -2.4877000005245207 0.20940004062652595 0.20530485 0.19730484 -16.615000000000006 2.937 34.57613464867968 38.3610129199377 7.096739597382457 6.521804466814856
271.09597658322 -23.69494544485 0.0223 0.019 12.7207 "" "" 4066151199647753984 2398.61157 0.3737 0.0246 0.203 -1.174 0.028 0.019 1.025 "" "" 14.089537 0.890801 14.444032 13.55323 "" "" 2272.85986 2536.94629 43564.43278 16.839 22793.0 36.972 30052.0 38.937 "" "" 0.0027870975593249627 0.0032994982 0.0040326966 0.0073321946 271.09597658322 -23.69494544485 2398.61157 0.2030000000000003 -1.174 0.36229999947547914 0.32840004062652595 0.20530485 0.19630484 "" "" 5.559493246308602 "" 1.1191000357877186 ""
271.2748430654 -23.59229112888 0.0223 0.0198 12.6353 "" "" 4066177068204992768 2350.24048 0.3866 0.0298 0.187 -2.234 0.03 0.02 0.98 "" "" 14.089771 0.877873 14.423762 13.545889 "" "" 2219.14966 2539.71387 43555.02004 19.814 23223.0 43.441 30255.0 67.606 "" "" 0.0027992406441045775 0.0034510768 0.0044910787 0.007942155 271.2748430654 -23.59229112888 2350.24048 0.187 -2.2339999999999973 0.3462999994754791 -0.7315999593734741 0.20730485 0.19730484 "" "" 9.017062022131379 "" 1.7959537812257116 ""
271.41161687181 -23.72842610988 0.021 0.0195 7.7367 "" "" 4066159823943372544 2397.65015 0.3802 0.0288 0.533 -0.45 0.024 0.018 0.99 4909.5 2.2019 14.095407 2.054581 15.141481 13.086901 18.77 2.11 2256.93408 2535.42529 43329.55878 15.35 11990.0 17.36 46174.0 28.192 "" "" 0.002782037602819632 0.0032025394 0.0038370788 0.007039618 271.41161687181 -23.72842610988 2397.65015 0.5330000000000005 -0.4500000000000003 0.6922999994754792 1.052400040626526 0.20130485 0.19530484 -25.225000000000005 2.817 14.316230791255323 29.0043977539353 2.8222489646380207 2.818279636455992
271.11113729695 -23.80232575688 0.0207 0.0171 10.1433 "" "" 4066147042119317376 2628.64014 0.3408 0.0248 -0.286 -2.117 0.029 0.019 0.923 "" "" 14.122717 "" "" "" "" "" 2453.75537 2804.72046 42253.23374 18.056 "" "" "" "" "" "" 0.0027941105175958445 "" "" "" 271.11113729695 -23.80232575688 2628.64014 -0.286 -2.117 -0.12670000052452085 -0.6145999593734741 0.20630485 0.19630484 "" "" 7.818791157472719 "" 1.5381316531136373 ""
271.361205158 -23.74420594678 0.0213 0.0187 4.9877 "" "" 4066160098821331328 2398.74487 0.3779 0.0278 1.086 -1.549 0.027 0.019 0.973 5068.9 2.7949 14.124129 2.013049 15.141214 13.128165 -33.41 4.26 2253.125 2574.65991 42198.32218 14.375 11993.0 22.114 44452.0 48.417 "" "" 0.002780033376381624 0.0034341007 0.003960079 0.0073941797 271.361205158 -23.74420594678 2398.74487 1.085999999999999 -1.549 1.2452999994754792 -0.046599959373474054 0.20430484 0.19630484 -77.405 4.967 14.169034199157444 78.69114025820755 2.8946469168467863 4.9135404441636705
271.47419592315 -23.61389874171 0.0191 0.0166 14.9432 "" "" 4066167451805388672 2711.28882 0.3329 0.0234 -0.13 -2.213 0.023 0.018 0.871 8505.7 3.4012 14.129152 0.980046 14.529997 13.549951 "" "" 2557.62524 2880.97754 42003.52167 9.9048 21058.0 31.297 30142.0 21.593 "" "" 0.0027671896919462795 0.003223185 0.0038585868 0.0070817717 271.47419592315 -23.61389874171 2711.28882 -0.13 -2.213 0.02929999947547912 -0.7105999593734742 0.20030485 0.19530484 "" "" 9.14004156338431 "" 1.7851729186862673 ""
271.18304381068 -23.55192669723 0.0206 0.0182 16.2353 "" "" 4066178030277834752 2743.12549 0.323 0.0272 0.692 -1.612 0.025 0.018 0.842 "" "" 14.136502 1.989814 15.137438 13.147624 31.33 2.04 2571.7832 2939.65259 41720.16361 13.993 12035.0 19.238 43663.0 29.147 "" "" 0.0027792804847687875 0.0032859088 0.0038482503 0.007134159 271.18304381068 -23.55192669723 2743.12549 0.692 -1.612 0.8512999994754791 -0.10959995937347422 0.20230485 0.19530484 -12.665000000000006 2.747 11.160313113082564 16.880604662808818 2.256533444858556 2.544277257183878
271.18780944664 -23.6422350942 0.0241 0.0223 11.2757 "" "" 4066175079667663232 2927.67432 0.3085 0.0351 1.798 -2.578 0.03 0.02 0.996 "" "" 14.140736 1.881775 15.073466 13.191691 -76.87 3.79 2655.76099 3322.19604 41557.79716 20.014 12765.0 33.747 41926.0 45.618 "" "" 0.0028044959414428475 0.0040030116 0.0039597102 0.007962722 271.18780944664 -23.6422350942 2927.67432 1.798 -2.5779999999999985 1.9572999994754792 -1.075599959373474 0.20730485 0.19730484 -120.86500000000001 4.4969997 30.992859872319542 124.77542060864886 6.354431096338907 4.6332020970398515
271.3226581251 -23.62006358929 0.0219 0.0188 11.0143 "" "" 4066173808357180288 2593.12891 0.349 0.0265 -0.195 -1.791 0.027 0.019 0.881 8601.7 3.5077 14.14366 0.931415 14.520864 13.589449 "" "" 2434.50977 2762.41064 41446.04461 11.895 21236.0 23.173 29066.0 25.828 "" "" 0.00277288435436666 0.0030312913 0.0039005813 0.0069318726 271.3226581251 -23.62006358929 2593.12891 -0.195 -1.791 -0.03570000052452088 -0.28859995937347405 0.20430484 0.19630484 "" "" 3.574343634294827 "" 0.7021005671980658 ""
271.30619629385 -23.70868153039 0.0208 0.0174 5.6272 "" "" 4066172189121589376 2583.4397 0.3437 0.0253 0.529 -0.29 0.026 0.018 0.997 4897.5 2.6843 14.145429 1.977215 15.140703 13.163488 12.02 3.07 2425.7666 2763.31445 41378.54904 12.549 11999.0 15.456 43029.0 32.106 "" "" 0.002774925427395392 0.0031210536 0.0038652325 0.006986286 271.30619629385 -23.70868153039 2583.4397 0.529 -0.29 0.6882999994754792 1.2124000406265258 0.20330486 0.19530484 -31.975000000000005 3.777 17.072142224469868 36.2471883755489 3.368072343821536 3.69019935475736
271.21797582179 -23.63169990788 0.023 0.0199 11.0783 "" "" 4066176591496125184 2722.54688 0.3305 0.032 -0.321 -6.379 0.031 0.02 0.925 4716.2 2.8559 14.147817 1.962542 15.131162 13.16862 "" "" 2495.30103 2939.59424 41287.65048 14.823 12105.0 25.183 42826.0 36.101 "" "" 0.0027827562443035023 0.003589843 0.0038886238 0.0074784667 271.21797582179 -23.63169990788 2722.54688 -0.321 -6.378999999999998 -0.16170000052452088 -4.876599959373474 0.20830485 0.19730484 "" "" 62.9664858553416 "" 12.424374598860867 ""
271.43527628692 -23.71499304421 0.0206 0.0193 9.2642 "" "" 4066159858303098624 2559.63843 0.348 0.0292 -1.535 -4.002 0.024 0.018 0.904 4855.0 2.8753 14.154652 1.840719 15.055679 13.21496 -21.83 3.49 2365.22119 2778.16479 41028.54821 9.8695 12976.0 11.711 41037.0 22.705 "" "" 0.002767670920567691 0.0029572342 0.0038268247 0.006784059 271.43527628692 -23.71499304421 2559.63843 -1.5350000000000013 -4.002 -1.3757000005245208 -2.499599959373474 0.20130485 0.19530484 -65.825 4.197 34.61655535610524 74.37228334347614 6.809632992434452 4.88310047401148
271.47050509908 -23.73765268935 0.0208 0.0196 10.3353 "" "" 4066159613457188608 2474.76953 0.3695 0.0294 -0.191 -1.984 0.025 0.019 1.016 "" "" 14.160047 1.403728 14.784021 13.380294 6.66 18.33 2321.21729 2642.81567 40825.18643 20.005 16665.0 35.677 35240.0 51.699 "" "" 0.0028062151375489743 0.0036315 0.0041013225 0.0077328226 271.47050509908 -23.73765268935 2474.76953 -0.19100000000000003 -1.9840000000000002 -0.03170000052452088 -0.4815999593734741 0.20230485 0.19630484 -37.33500000000001 19.037 5.6615887171788835 37.76183009074756 1.1115460536272435 18.822559118889114
271.17791935693 -23.6983473868 0.0224 0.0181 8.9811 "" "" 4066171506254792576 2706.50488 0.3312 0.0263 0.949 0.168 0.029 0.019 1.025 5264.9 3.1265 14.16408 1.855933 15.076305 13.220372 5.86 4.54 2537.44263 2907.23315 40673.80907 13.845 12732.0 23.602 40833.0 30.562 "" "" 0.002779995501653869 0.003440343 0.00386576 0.007306103 271.17791935693 -23.6983473868 2706.50488 0.9489999999999998 0.16800000000000004 1.108299999475479 1.6704000406265258 0.20630485 0.19630484 -38.135000000000005 5.2469997 25.71713974747316 45.99619007908225 5.128375737603094 5.2102069851458745
271.46278219053 -23.70421938037 0.0223 0.022 10.8812 "" "" 4066159927022552960 2788.07422 0.3276 0.035 0.529 -2.302 0.03 0.02 0.905 4908.4 2.9557 14.165132 1.855195 15.077227 13.222032 24.04 3.42 2561.33765 3081.32861 40634.42264 10.359 12721.0 19.053 40770.0 32.411 "" "" 0.002769187837285843 0.003229471 0.0038766894 0.0071061603 271.46278219053 -23.70421938037 2788.07422 0.529 -2.302 0.6882999994754792 -0.7995999593734742 0.20730485 0.19730484 -19.955000000000005 4.127 13.94289886139196 24.343509477045526 2.8111897148751925 3.746631764532562
271.32788015226 -23.62114452504 0.0211 0.0188 10.9922 "" "" 4066173808357171840 2958.04565 0.3082 0.0267 -0.174 -1.827 0.026 0.018 0.941 7185.3 3.2545 14.176038 0.952017 14.563663 13.611646 "" "" 2752.79175 3272.11035 40228.28125 10.872 20415.0 20.146 28477.0 22.537 "" "" 0.0027709005161095624 0.0029888141 0.0038758302 0.0068646446 271.32788015226 -23.62114452504 2958.04565 -0.17400000000000002 -1.8269999999999995 -0.014700000524520862 -0.3245999593734741 0.20330486 0.19530484 "" "" 4.555924927033738 "" 0.8898703131001795 ""
271.11357727243 -23.7751147693 0.0211 0.0175 10.1395 "" "" 4066147660594628224 2821.61963 0.3163 0.0268 -0.546 -2.752 0.028 0.018 0.983 5403.8 2.9674 14.181374 1.857924 15.097509 13.239586 6.31 8.03 2637.3457 3038.21143 40031.06872 136.06 12486.0 144.54 40117.0 384.24 "" "" 0.004605415040940094 0.012874637 0.011064644 0.023939282 271.11357727243 -23.7751147693 2821.61963 -0.546 -2.751999999999998 -0.3867000005245209 -1.249599959373474 0.20530485 0.19530484 -37.685 8.7369995 17.494700166896983 41.54784902891635 3.432444825882657 8.055410520690852
271.17574297657 -23.61600823542 0.0231 0.0205 12.9655 "" "" 4066175354545634560 2833.42676 0.3095 0.0313 4.06 -0.704 0.03 0.02 0.925 4732.5 2.5272 14.186474 1.893458 15.125566 13.232108 8.9 2.63 2624.86914 3056.25244 39843.47766 15.656 12167.0 22.602 40394.0 21.095 "" "" 0.0027881534418163273 0.0034428178 0.0038216778 0.007264496 271.17574297657 -23.61600823542 2833.42676 4.06 -0.704 4.219299999475479 0.7984000406265259 0.20730485 0.19730484 -35.095000000000006 3.3370001 57.67266591877552 67.51144657892239 11.936351727246796 10.343310060978297
271.15968017506 -23.71250606389 0.0223 0.0182 9.2084 "" "" 4066171403175581312 2514.58496 0.3577 0.0265 -2.23 -3.169 0.029 0.02 1.013 4938.5 2.8107 14.187025 1.849502 15.090167 13.240665 "" "" 2387.61963 2697.04126 39823.2458 14.149 12570.0 28.798 40077.0 40.311 "" "" 0.0027821929429885026 0.0037379635 0.003934 0.0076719634 271.15968017506 -23.71250606389 2514.58496 -2.23 -3.169000000000002 -2.070700000524521 -1.6665999593734742 0.20630485 0.19730484 "" "" 31.681928974009544 "" 6.425550911951665 ""
271.13912084914 -23.69527144853 0.0232 0.0194 10.7306 "" "" 4066174422504651776 2635.64771 0.3367 0.0268 0.61 -0.297 0.031 0.02 0.902 4720.1 2.6294 14.193307 1.933762 15.154884 13.221123 -128.11 2.47 2480.14014 2806.65088 39593.51591 13.199 11843.0 23.392 40805.0 34.841 "" "" 0.0027789913283594527 0.0035190925 0.0038914192 0.0074105114 271.13912084914 -23.69527144853 2635.64771 0.6100000000000005 -0.297 0.7692999994754791 1.205400040626526 0.20830485 0.19730484 -172.10500000000002 3.177 17.86456180012527 173.0296899185527 3.5827483730975556 3.181598050065863
271.13586696228 -23.76670573229 0.0206 0.0178 9.0384 "" "" 4066147694954357888 2536.16699 0.3521 0.0261 0.475 -1.627 0.028 0.019 0.98 4978.1 2.8711 14.196238 2.024901 15.222342 13.19744 8.48 3.65 2376.33887 2730.60791 39486.77294 12.028 11130.0 17.489 41704.0 27.79 "" "" 0.0027750978280172366 0.0032704258 0.0038480088 0.0071184346 271.13586696228 -23.76670573229 2536.16699 0.47499999999999987 -1.6270000000000002 0.6342999994754791 -0.12459995937347412 0.20530485 0.19630484 -35.515 4.3570004 7.770920019072093 36.355225524576454 1.5928639923303254 4.269899385493707
271.18887792649 -23.83815645735 0.2203 0.1928 6.2626 "" "" 4066146281878207872 2941.15674 0.7626 0.2699 -0.789 -0.376 0.272 0.198 6.683 "" "" 14.20673 1.881704 14.914371 13.032666 "" "" 1758.58948 4398.55762 39107.01838 160.47 14780.0 227.58 48539.0 320.64 "" "" 0.005238344652386021 0.016949221 0.008107028 0.02505625 271.18887792649 -23.83815645735 2941.15674 -0.789 -0.376 -0.6297000005245209 1.126400040626526 0.44930488 0.37530485 "" "" 17.99047542493495 "" 7.091611512515086 ""
271.1133998433 -23.60936801598 0.0209 0.0184 15.3006 "" "" 4066176247898944384 2445.0022 0.372 0.0275 0.734 -0.606 0.026 0.018 0.905 "" "" 14.206758 0.932967 14.582056 13.649089 "" "" 2294.42236 2600.49341 39106.02179 12.602 20072.0 25.759 27512.0 27.033 "" "" 0.0027774459492509534 0.0031187327 0.0039270674 0.0070458 271.1133998433 -23.60936801598 2445.0022 0.734 -0.606 0.8932999994754791 0.8964000406265259 0.20330486 0.19530484 "" "" 14.666399054193159 "" 2.9234698908323025 ""
271.17875851662 -23.57226473092 0.0219 0.0191 15.2126 "" "" 4066177725367654528 2573.16748 0.3477 0.028 0.353 -0.942 0.028 0.019 0.983 9239.0 4.0256 14.210516 1.060304 14.652112 13.591808 "" "" 2409.32471 2752.99146 38970.89654 14.664 18818.0 29.435 29002.0 37.969 "" "" 0.0027854435336595717 0.003266386 0.004037845 0.0073042307 271.17875851662 -23.57226473092 2573.16748 0.353 -0.942 0.5122999994754791 0.5604000406265259 0.20530485 0.19630484 "" "" 9.260743625783165 "" 1.8563364814661212 ""
271.09828518581 -23.70810838611 0.0211 0.018 12.2276 "" "" 4066151092242237824 2348.79688 0.3875 0.0248 0.106 -0.233 0.027 0.019 0.951 5239.7 2.5253 14.211683 0.910919 14.573485 13.662566 "" "" 2222.06445 2527.021 38929.0033 9.7707 20231.0 21.493 27173.0 36.414 "" "" 0.002768763108650345 0.0030191932 0.0040497747 0.007068968 271.09828518581 -23.70810838611 2348.79688 0.106 -0.23300000000000004 0.2652999994754791 1.2694000406265258 0.20430484 0.19630484 "" "" 14.43796164559776 "" 2.8391700027122457 ""
271.13965348676 -23.62338653128 0.0239 0.0228 13.7304 "" "" 4066176041740444800 2478.39014 0.364 0.0332 0.002 -2.693 0.028 0.022 0.907 6439.3 3.4568 14.212345 1.227632 14.737845 13.510214 -46.29 11.68 2258.70752 2681.17676 38905.30468 12.728 17389.0 25.099 31266.0 19.755 "" "" 0.0027781213068088875 0.0032001494 0.003841137 0.0070412867 271.13965348676 -23.62338653128 2478.39014 0.0020000000000000018 -2.6930000000000005 0.16129999947547913 -1.1905999593734742 0.20530485 0.19930485 -90.285 12.387 14.114429248289982 91.38160831373555 2.8146230816045477 12.246071125427264
271.26800742887 -23.60250476809 0.0219 0.02 12.0671 "" "" 4066176690247833472 2806.43335 0.329 0.0296 0.301 -1.669 0.028 0.019 0.894 8996.4 3.4999 14.212977 0.740429 14.49309 13.752661 "" "" 2600.0603 3022.91724 38882.6465 13.418 21786.0 46.383 25009.0 27.654 "" "" 0.0027806782932743466 0.003623309 0.003965487 0.007588796 271.26800742887 -23.60250476809 2806.43335 0.301 -1.669 0.4602999994754791 -0.16659995937347416 0.20530485 0.19630484 "" "" 6.511861434438303 "" 1.3302607474878365 ""
271.23602861559 -23.60989074147 0.0323 0.0291 11.9865 "" "" 4066176621528321280 2612.34961 0.3563 0.0451 -1.408 0.838 0.042 0.029 1.457 4616.3 2.7257 14.215425 1.961774 15.159069 13.197295 -15.09 2.49 2323.78394 2927.32275 38795.09316 32.472 11797.0 71.359 41710.0 469.28 "" "" 0.002901320733118573 0.007135642 0.012786928 0.01992257 271.23602861559 -23.60989074147 2612.34961 -1.408 0.8380000000000001 -1.2487000005245208 2.340400040626526 0.21930484 0.20630485 -59.08500000000001 3.197 32.84693866342259 67.60146895266882 6.87339113693249 4.354480038452911
271.12099211809 -23.80009462473 0.0209 0.0179 9.603 "" "" 4066147076479051392 2446.22192 0.363 0.0253 -0.459 -1.58 0.029 0.019 0.954 "" "" 14.224416 2.089874 15.293951 13.204077 4.33 2.63 2307.30127 2587.50537 38475.14776 15.604 10419.0 23.366 41450.0 32.048 "" "" 0.0027902833947851496 0.0037032184 0.0038714884 0.007574707 271.12099211809 -23.80009462473 2446.22192 -0.4590000000000002 -1.5799999999999998 -0.2997000005245209 -0.07759995937347419 0.20630485 0.19630484 -39.665000000000006 3.3370001 3.5896472708333897 39.82709872095885 0.7383576364115674 3.3240845629848716
271.47402806924 -23.60720719355 0.019 0.0165 15.243 "" "" 4066167447478176000 2376.95068 0.3753 0.024 -4.791 -5.343 0.023 0.018 0.959 4587.8 2.5074 14.224484 2.054028 15.268405 13.214376 -0.1 1.92 2265.86108 2496.67749 38472.74205 11.291 10667.0 17.629 41059.0 37.18 "" "" 0.00277368390310081 0.003317345 0.0039051678 0.0072225127 271.47402806924 -23.60720719355 2376.95068 -4.791 -5.343 -4.631700000524521 -3.840599959373474 0.20030485 0.19530484 -44.095000000000006 2.6269999 67.79066751340231 80.86991793561225 13.441730592990274 11.358453382485742
271.10278745737 -23.72126909718 0.0225 0.0187 11.6587 "" "" 4066150890410082944 2456.06421 0.3603 0.0261 -4.307 -5.664 0.028 0.019 0.91 "" "" 14.227873 2.068285 15.284785 13.2165 12.66 2.64 2290.13428 2659.46313 38352.84702 11.405 10508.0 15.959 40979.0 25.236 "" "" 0.002774172252608918 0.0032410051 0.003838071 0.007079076 271.10278745737 -23.72126909718 2456.06421 -4.306999999999995 -5.663999999999997 -4.147700000524521 -4.161599959373474 0.20530485 0.19630484 -31.335000000000004 3.3470001 68.40189051127385 75.23762921913672 13.737849929751802 12.567241585444163
271.55859280218 -23.74946885558 0.0218 0.0184 14.7638 "" "" 4066161507570303872 2577.60864 0.3439 0.0294 -1.125 -3.501 0.027 0.019 0.997 4743.2 2.4093 14.23 2.119825 15.322986 13.20316 -76.47 2.1 2402.4707 2776.11914 38277.80237 12.955 10144.0 11.997 41485.0 32.357 "" "" 0.0027797156598905145 0.0030714616 0.0038730951 0.0069445567 271.55859280218 -23.74946885558 2577.60864 -1.125 -3.5010000000000003 -0.9657000005245209 -1.998599959373474 0.20430484 0.19630484 -120.465 2.807 27.11974769011569 123.47994549632557 5.365476690358954 2.981247405652321
271.30061207677 -23.53951013817 0.0225 0.0216 15.7512 "" "" 4066183188565922560 2812.27393 0.3152 0.033 0.104 -1.839 0.028 0.019 0.883 "" "" 14.240542 0.854907 14.577937 13.72303 "" "" 2621.0625 3056.13184 37907.90731 9.9748 20148.0 26.532 25701.0 17.762 "" "" 0.0027700919749749546 0.003135164 0.003853149 0.006988313 271.30061207677 -23.53951013817 2812.27393 0.10400000000000004 -1.8389999999999982 0.2632999994754791 -0.3365999593734741 0.20530485 0.19630484 "" "" 5.696626795152679 "" 1.1380099430870163 ""
271.12321115175 -23.61907059584 0.0214 0.0187 14.5074 "" "" 4066176243571156480 2433.28516 0.3745 0.0283 -1.282 -3.117 0.026 0.019 0.903 9005.6 3.8706 14.243935 0.844397 14.571453 13.727056 "" "" 2247.59814 2649.96143 37789.65397 11.676 20269.0 34.772 25606.0 37.736 "" "" 0.0027756666346805893 0.0033547517 0.0041041374 0.007458889 271.12321115175 -23.61907059584 2433.28516 -1.282 -3.1170000000000004 -1.122700000524521 -1.6145999593734741 0.20330486 0.19630484 "" "" 22.68194221991425 "" 4.504937276436462 ""
271.43949853563 -23.81766908211 0.0224 0.0217 7.9381 "" "" 4066155700774572288 2584.37524 0.3512 0.035 -0.579 -4.766 0.026 0.022 0.856 4516.7 2.1326 14.266545 2.538482 15.659543 13.121061 26.17 3.26 2347.76636 2803.56396 37010.79711 14.217 7440.5 16.731 44744.0 39.313 "" "" 0.002786706423039831 0.0037075093 0.0038979158 0.007605425 271.43949853563 -23.81766908211 2584.37524 -0.5790000000000001 -4.766 -0.41970000052452083 -3.263599959373474 0.20330486 0.19930485 -17.825000000000003 3.967 40.308129979534385 44.073529101344256 8.036254735951976 7.522760935738235
271.14287305909 -23.76156714798 0.0223 0.0189 8.7455 "" "" 4066147793707074304 2627.34082 0.344 0.0256 -1.347 2.975 0.029 0.02 0.913 4929.4 2.9797 14.26826 1.961504 15.250875 13.289371 69.61 2.49 2483.30444 2800.80664 36952.40431 14.782 10841.0 15.84 38319.0 30.363 "" "" 0.002789341778439196 0.0032096235 0.0038760626 0.007085686 271.14287305909 -23.76156714798 2627.34082 -1.3470000000000018 2.974999999999998 -1.1877000005245208 4.4774000406265255 0.20630485 0.19730484 25.614999999999995 3.197 57.688170856089364 63.119357424813494 11.417012462362592 10.514968571532094
271.23456309764 -23.74489332852 0.021 0.0174 4.8045 "" "" 4066170368055268736 2924.36694 0.303 0.0239 -0.821 -1.858 0.028 0.018 0.939 8591.9 3.4414 14.268302 1.242387 14.797766 13.555379 "" "" 2740.13428 3139.64404 36950.98147 9.5123 16455.0 23.43 29992.0 38.099 "" "" 0.00276946030538444 0.0031898348 0.0040231785 0.0072130132 271.23456309764 -23.74489332852 2924.36694 -0.821 -1.858 -0.6617000005245208 -0.3555999593734742 0.20530485 0.19530484 "" "" 10.412728578939936 "" 2.1148959027678735 ""
271.509246677 -23.90143049739 0.0231 0.0215 13.1397 "" "" 4066107528418789888 2632.34326 0.3302 0.033 0.714 -0.105 0.03 0.021 0.896 4519.5 1.9729 14.270291 2.803929 15.862177 13.058248 -10.59 2.09 2395.02734 2883.75293 36883.34973 17.629 6173.7 17.777 47409.0 24.193 "" "" 0.0028037641937858236 0.004190358 0.003819778 0.008010136 271.509246677 -23.90143049739 2632.34326 0.714 -0.105 0.8732999994754791 1.397400040626526 0.20730485 0.19830485 -54.58500000000001 2.797 20.56061737843813 58.328905458464874 4.130080143248689 2.9950957950020056
271.31675526446 -23.82991023517 0.0213 0.0176 2.0285 "" "" 4066157143883751936 2585.6499 0.3519 0.0259 -0.127 -0.882 0.026 0.02 0.986 "" "" 14.290788 1.409731 14.917042 13.507311 "" "" 2429.94727 2758.23657 36193.60171 11.752 14743.0 25.261 31350.0 22.609 "" "" 0.0027777817577477825 0.0033534847 0.0038596417 0.0072131264 271.31675526446 -23.82991023517 2585.6499 -0.127 -0.8820000000000001 0.032299999475479124 0.6204000406265259 0.20330486 0.19730484 "" "" 7.613908920435115 "" 1.5023864847105284 ""
271.14398766608 -23.74355094108 0.0219 0.0182 9.0488 "" "" 4066147896786373888 2686.78687 0.3278 0.0252 -0.841 -0.938 0.029 0.019 0.945 4922.2 3.1085 14.294877 1.852816 15.208793 13.355977 1.97 4.29 2517.44971 2863.31201 36057.52866 14.125 11269.0 13.822 36039.0 29.106 "" "" 0.002787953969904546 0.0030916824 0.003879771 0.0069714533 271.14398766608 -23.74355094108 2686.78687 -0.8409999999999997 -0.9379999999999997 -0.6817000005245208 0.5644000406265259 0.20630485 0.19630484 -42.025000000000006 4.9969997 11.271070591251625 43.510201760885664 2.280110099204836 4.862436326238328
271.07167467896 -23.79005896436 0.0239 0.0204 12.331 "" "" 4066150164528861824 2679.4668 0.3387 0.0311 -0.778 -2.061 0.033 0.021 0.877 5507.1 3.1889 14.304442 1.83559 15.124273 13.288683 20.83 8.67 2481.57959 2956.67847 35741.24801 21.017 12182.0 32.894 38343.0 592.6 "" "" 0.0028283219097059824 0.0040472248 0.01720065 0.021247875 271.07167467896 -23.79005896436 2679.4668 -0.7780000000000001 -2.061 -0.6187000005245209 -0.5585999593734741 0.21030486 0.19830485 -23.165000000000006 9.377 10.58678282416054 25.46953465546516 2.170319699712148 8.576129419295038
271.08987706128 -23.69710410159 0.0215 0.0184 12.9474 "" "" 4066151165288018176 2500.698 0.3629 0.024 0.017 -0.049 0.027 0.019 0.943 4705.1 2.5466 14.306826 1.973366 15.299653 13.326287 29.36 2.08 2344.32593 2670.72949 35662.87826 10.127 10365.0 21.781 37038.0 55.573 "" "" 0.002772515994627567 0.0036042456 0.0041155326 0.0077197785 271.08987706128 -23.69710410159 2500.698 0.017 -0.049 0.17629999947547914 1.453400040626526 0.20430484 0.19630484 -14.635000000000005 2.787 17.353880727968903 22.701110134100727 3.4087043860050374 3.165179184861402
271.14887599614 -23.70292682581 0.0233 0.0189 10.0265 "" "" 4066174358113112832 2742.09033 0.3233 0.0269 0.003 -1.983 0.031 0.021 0.919 9244.7 3.689 14.310332 0.989704 14.695123 13.705419 "" "" 2554.2998 2965.77905 35547.88891 9.7 18087.0 35.833 26121.0 125.3 "" "" 0.002771202464740636 0.003523047 0.006434968 0.009958016 271.14887599614 -23.70292682581 2742.09033 0.0029999999999999905 -1.983 0.16229999947547913 -0.4805999593734742 0.20830485 0.19830485 "" "" 6.5931788080857325 "" 1.3143606367487213 ""
271.49707302094 -23.68590006296 0.0215 0.0212 13.0608 "" "" 4066165733818314752 2718.80542 0.3339 0.0308 -1.32 -3.501 0.026 0.02 0.906 9585.3 3.8469 14.316413 1.537217 15.009783 13.472566 105.69 8.53 2550.41357 2994.09521 35349.3639 14.891 13536.0 25.49 32369.0 84.595 "" "" 0.002793022667272352 0.0034590967 0.004726021 0.0081851175 271.49707302094 -23.68590006296 2718.80542 -1.3200000000000018 -3.501 -1.160700000524521 -1.998599959373474 0.20330486 0.19730484 61.69499999999999 9.2369995 29.784699237924258 68.50840338012269 5.922246534549911 8.707712767312279
271.14820210532 -23.77107883114 0.022 0.0178 8.3189 "" "" 4066147488795916032 2488.09399 0.3581 0.0246 0.608 -1.603 0.03 0.02 0.953 "" "" 14.326413 1.964136 15.313512 13.349376 41.92 3.8 2331.19824 2624.37109 35025.25512 11.004 10233.0 20.251 36258.0 34.926 "" "" 0.002776354616570674 0.0035216175 0.0039214194 0.007443037 271.14820210532 -23.77107883114 2488.09399 0.6079999999999988 -1.6029999999999998 0.7672999994754791 -0.1005999593734741 0.20730485 0.19730484 -2.075000000000003 4.507 9.126647408461745 9.359557570653726 1.8904925530789058 2.096829050186754
271.52084814531 -23.6289121828 0.0198 0.0169 16.1411 "" "" 4066166455372880896 2700.74805 0.3267 0.0249 -3.229 -6.733 0.024 0.018 0.964 "" "" 14.32992 2.054295 15.379144 13.324849 -15.89 3.83 2559.22339 2870.98755 34912.32146 10.6 9633.0 11.726 37087.0 19.099 "" "" 0.0027749698570277885 0.0030873576 0.0038205176 0.006907875 271.52084814531 -23.6289121828 2700.74805 -3.2289999999999996 -6.7330000000000005 -3.069700000524521 -5.230599959373474 0.20130485 0.19530484 -59.885000000000005 4.5369997 77.63927379103934 98.05136439540232 15.284019184629566 12.415405338294732
271.46099513177 -23.63036103741 0.0204 0.0176 13.7219 "" "" 4066167073848260864 2738.3999 0.3278 0.0249 -0.14 -1.951 0.025 0.018 0.911 4709.1 2.573 14.330867 1.847041 15.238151 13.391109 -0.9 2.41 2556.2002 2898.99585 34881.87878 9.8782 10969.0 19.691 34891.0 20.526 "" "" 0.002772422583724661 0.00340351 0.0038329752 0.0072364854 271.46099513177 -23.63036103741 2738.3999 -0.13999999999999996 -1.951 0.019299999475479113 -0.4485999593734742 0.20230485 0.19530484 -44.895 3.117 5.828220851938994 45.27172609144671 1.1383564689518302 3.0945342692572844
271.39872386219 -23.8119989241 0.0222 0.0196 5.6759 "" "" 4066157453122169088 2370.04077 0.3843 0.0299 1.572 -2.77 0.028 0.02 0.915 "" "" 14.343536 2.092082 15.416129 13.324047 -10.7 3.46 2203.46973 2529.75659 34477.21444 11.286 9310.3 18.697 37114.0 22.458 "" "" 0.002778148150450643 0.003541061 0.0038360606 0.0073771216 271.39872386219 -23.8119989241 2370.04077 1.5720000000000007 -2.77 1.7312999994754792 -1.2675999593734741 0.20530485 0.19730484 -54.69500000000001 4.167 24.10525275273719 59.77128269723969 4.882491125153862 4.291500961941491
271.0627948322 -23.65018851744 0.0209 0.0177 15.7137 "" "" 4066175766862616064 2880.7644 0.3021 0.0245 0.507 -1.265 0.026 0.018 0.953 4684.0 2.5749 14.34608 2.003443 15.362242 13.358799 45.83 5.15 2734.56299 3056.08398 34396.53153 10.05 9784.1 24.005 35945.0 22.443 "" "" 0.002773522121939862 0.0038575889 0.0038396977 0.0076972865 271.0627948322 -23.65018851744 2880.7644 0.5070000000000003 -1.2649999999999997 0.6662999994754791 0.23740004062652598 0.20330486 0.19530484 1.8349999999999937 5.8570004 9.658453968683862 9.831223630107548 1.9550592705895335 2.2100236949232426
271.23719940932 -23.60955031338 0.0236 0.0211 11.9886 "" "" 4066176621542141312 2889.96313 0.3064 0.033 0.428 -1.471 0.031 0.021 0.915 7642.3 3.6325 14.348891 1.153358 14.830062 13.676703 "" "" 2665.68384 3203.48486 34307.57961 31.592 15973.0 64.335 26821.0 61.797 "" "" 0.002931105784396086 0.0051873573 0.004532295 0.009719652 271.23719940932 -23.60955031338 2889.96313 0.428 -1.4710000000000016 0.5872999994754791 0.031400040626525794 0.20830485 0.19830485 "" "" 8.05657542537448 "" 1.6779996087238165 ""
271.40364319014 -23.82852261953 0.0237 0.0207 6.1242 "" "" 4066154459495953664 2421.52563 0.3737 0.0332 0.635 -0.344 0.029 0.02 0.901 "" "" 14.351053 1.507879 15.030565 13.522686 "" "" 2222.18262 2662.44751 34239.33092 14.688 13280.0 20.747 30909.0 31.003 "" "" 0.002794408932208838 0.0032653026 0.003933158 0.0071984604 271.40364319014 -23.82852261953 2421.52563 0.635 -0.344 0.7942999994754791 1.158400040626526 0.20630485 0.19730484 "" "" 16.121642536817227 "" 3.2279896749127914 ""
271.12625938149 -23.72643561725 0.0236 0.0205 10.3604 "" "" 4066150856050326400 2507.97559 0.3588 0.0279 -2.25 -3.688 0.029 0.02 0.912 4713.1 2.7836 14.354873 2.010737 15.37614 13.365403 71.19 2.49 2356.13428 2668.00977 34119.10543 13.391 9659.6 10.82 35727.0 26.485 "" "" 0.0027880771418062854 0.0030436993 0.0038641363 0.0069078356 271.12625938149 -23.72643561725 2507.97559 -2.25 -3.6880000000000006 -2.090700000524521 -2.1855999593734743 0.20630485 0.19730484 27.194999999999993 3.197 35.95520143907796 45.08153208936752 7.250558119256836 6.095863476382744
271.11739144716 -23.70746003065 0.0224 0.0191 11.3261 "" "" 4066150924769822464 2707.66479 0.331 0.0262 -0.244 -1.716 0.029 0.02 0.945 7477.5 3.8876 14.358566 0.871483 14.702848 13.831365 "" "" 2504.4917 2884.77075 34003.22386 10.189 17959.0 37.62 23260.0 27.769 "" "" 0.0027744611542401955 0.003599695 0.003995483 0.0075951777 271.11739144716 -23.70746003065 2707.66479 -0.24399999999999997 -1.716 -0.08470000052452087 -0.2135999593734741 0.20630485 0.19730484 "" "" 2.9490777491636866 "" 0.5855443269885959 ""
271.39292012302 -23.7917191334 0.022 0.0192 5.3615 "" "" 4066158994999527168 2722.91797 0.3263 0.0299 0.766 -3.044 0.027 0.02 0.891 4857.3 2.5988 14.358936 2.091507 15.418055 13.326548 15.33 7.73 2528.11816 3045.78979 33991.63772 14.119 9293.8 22.757 37029.0 140.93 "" "" 0.0027919833995932782 0.0038539558 0.0055999244 0.00945388 271.39292012302 -23.7917191334 2722.91797 0.766 -3.044 0.9252999994754791 -1.5415999593734742 0.20430484 0.19730484 -28.665000000000006 8.437 23.205787353804883 36.88076452176678 4.622192264298056 7.173532810038747
271.41862431841 -23.69855578832 0.0219 0.0204 9.1618 "" "" 4066160614217396352 2420.30176 0.3744 0.0313 -0.674 -1.988 0.026 0.02 0.877 "" "" 14.359458 0.902732 14.716683 13.813951 "" "" 2252.01782 2644.59668 33975.33332 9.3683 17731.0 27.592 23636.0 41.135 "" "" 0.002771536975083673 0.0032618507 0.0042254208 0.0074872714 271.41862431841 -23.69855578832 2420.30176 -0.6739999999999998 -1.988 -0.5147000005245209 -0.4855999593734741 0.20330486 0.19730484 "" "" 8.117958126523845 "" 1.627663761808797 ""
271.33973090813 -23.56452481841 0.0215 0.0187 14.4502 "" "" 4066180091871857024 2655.19287 0.3381 0.0265 -0.034 0.379 0.029 0.02 0.961 5027.0 3.1977 14.364342 1.846873 15.272164 13.425291 5.85 6.47 2473.08887 2935.39697 33822.8521 11.342 10630.0 27.261 33810.0 24.925 "" "" 0.0027792711032346685 0.0039418237 0.0038632096 0.0078050336 271.33973090813 -23.56452481841 2655.19287 -0.03400000000000001 0.37900000000000034 0.12529999947547912 1.8814000406265259 0.20630485 0.19730484 -38.145 7.177 23.73102980148161 44.924412076718475 4.683211706415404 6.576942080141141
271.42000719434 -23.61507648996 0.0222 0.0195 13.1247 "" "" 4066178859238591488 2745.90747 0.3292 0.0274 -0.044 -2.983 0.028 0.021 1.084 9544.7 3.6855 14.369285 0.893081 14.725992 13.832911 "" "" 2573.18921 2930.63623 33669.20069 14.985 17580.0 31.053 23227.0 37.212 "" "" 0.0027973727970228837 0.00338572 0.004160462 0.007546182 271.42000719434 -23.61507648996 2745.90747 -0.044 -2.983 0.11529999947547913 -1.4805999593734742 0.20530485 0.19830485 "" "" 19.3292431825591 "" 3.8339125015061044 ""
271.25820468007 -23.91328077574 0.022 0.0193 6.9903 "" "" 4066133160784885376 2878.9375 0.3127 0.0289 0.021 -1.471 0.026 0.02 0.964 8606.7 2.649 14.376381 1.791372 15.235325 13.443953 85.62 5.63 2688.66235 3143.08643 33449.85333 13.633 10997.0 24.147 33234.0 26.69 "" "" 0.0027906277261617045 0.003669971 0.0038786621 0.007548633 271.25820468007 -23.91328077574 2878.9375 0.020999999999999963 -1.471 0.18029999947547912 0.031400040626525794 0.20330486 0.19730484 41.625 6.337 2.4974363344516113 41.69985387557898 0.5073061574625093 6.325697544115645
271.22255704323 -23.63456992741 0.024 0.0215 10.8234 "" "" 4066176522776635136 2724.49316 0.3341 0.034 -0.741 -1.665 0.032 0.021 0.941 4716.1 2.6708 14.37705 1.819015 15.26754 13.448524 "" "" 2505.93091 3039.1814 33429.23638 10.582 10676.0 25.968 33094.0 36.087 "" "" 0.0027766727409945474 0.0038418062 0.003960482 0.007802288 271.22255704323 -23.63456992741 2724.49316 -0.7410000000000002 -1.6649999999999991 -0.5817000005245209 -0.16259995937347416 0.20930485 0.19830485 "" "" 7.800089679972866 "" 1.6265305952290183 ""
271.36112085467 -23.54828869261 0.021 0.0182 15.6385 "" "" 4066180233628317056 2639.83716 0.3452 0.0262 -0.961 -0.679 0.028 0.019 0.904 "" "" 14.378989 1.297044 14.939157 13.642113 23.05 10.03 2457.44971 2899.97998 33369.59716 20.083 14446.0 50.43 27689.0 72.46 "" "" 0.002831742540802651 0.004706474 0.004728282 0.009434756 271.36112085467 -23.54828869261 2639.83716 -0.961 -0.6789999999999998 -0.8017000005245208 0.8234000406265258 0.20530485 0.19630484 -20.945000000000004 10.7369995 14.380013635874715 25.40625547316926 2.8865734529758953 9.001136775619976
271.33707845051 -23.55390181628 0.0255 0.023 15.0565 "" "" 4066180194941339008 2477.42822 0.366 0.0327 -0.38 0.335 0.032 0.023 1.147 5088.6 2.84 14.398637 1.826414 15.248883 13.422469 9.13 5.53 2283.69092 2668.77295 32771.17881 16.763 10861.0 128.6 33898.0 178.96 "" "" 0.0028107343292282407 0.013154994 0.006865825 0.020020818 271.33707845051 -23.55390181628 2477.42822 -0.38000000000000034 0.33500000000000013 -0.22070000052452088 1.8374000406265258 0.20930485 0.20030485 -34.865 6.2370005 21.731699656724718 41.083269039477486 4.355808139148233 5.772732882708316
271.19271582048 -23.61750586065 0.0345 0.0306 12.4365 "" "" 4066175320186284928 2450.052 0.3871 0.048 0.273 -0.26 0.046 0.03 1.433 7194.6 3.5408 14.405855 0.996012 14.809137 13.813126 "" "" 2197.90039 2735.16748 32554.01843 11.58 16284.0 25.488 23654.0 26.039 "" "" 0.002782256425955715 0.0032669639 0.003963868 0.0072308322 271.19271582048 -23.61750586065 2450.052 0.273 -0.25999999999999995 0.43229999947547915 1.2424000406265259 0.22330485 0.20730485 "" "" 15.276788312493668 "" 3.194251036732302 ""
271.05028831187 -23.75371312565 0.026 0.0226 13.7938 "" "" 4066150546812711424 2588.7605 0.3491 0.031 1.684 -1.647 0.035 0.022 0.968 "" "" 14.419961 2.155876 15.536829 13.380953 -1.76 9.49 2407.43457 2858.93628 32133.81255 11.906 8330.8 19.214 35219.0 28.216 "" "" 0.0027845319577995105 0.0037490895 0.0038781904 0.00762728 271.05028831187 -23.75371312565 2588.7605 1.6839999999999997 -1.647 1.843299999475479 -0.14459995937347414 0.21230485 0.19930485 -45.755 10.197 22.688115621501503 51.0712308002717 4.815047855170633 9.382634049581545
271.34483211225 -23.79240567413 0.0233 0.0202 2.7468 "" "" 4066157659279848704 2454.48706 0.3718 0.0303 -0.035 -1.631 0.029 0.021 1.028 8502.7 3.3405 14.421853 1.221699 14.928245 13.706546 "" "" 2296.20898 2665.82642 32077.87406 10.665 14592.0 15.667 26094.0 86.208 "" "" 0.002778865565708357 0.0030238978 0.005210594 0.008234492 271.34483211225 -23.79240567413 2454.48706 -0.03499999999999997 -1.6309999999999998 0.12429999947547912 -0.12859995937347413 0.20630485 0.19830485 "" "" 2.0808252783867163 "" 0.42076032364792976 ""
271.24602984388 -23.59907089538 0.0242 0.0216 12.48 "" "" 4066176724607601920 2726.11572 0.3283 0.0339 -0.169 -1.606 0.032 0.021 0.858 10304.4 3.6216 14.425222 0.790491 14.732411 13.94192 "" "" 2492.65015 2953.59521 31978.4794 21.598 17476.0 37.67 21008.0 31.537 "" "" 0.002851230297903331 0.003641732 0.004115858 0.00775759 271.24602984388 -23.59907089538 2726.11572 -0.16900000000000034 -1.6060000000000003 -0.009700000524520885 -0.10359995937347422 0.20930485 0.19830485 "" "" 1.344551778055556 "" 0.26676319647213187 ""
271.39009032855 -23.62883850786 0.0242 0.0217 11.6063 "" "" 4066172915003874688 2505.6189 0.3578 0.031 2.146 0.667 0.031 0.02 0.918 7749.1 3.1943 14.431959 1.169619 14.929575 13.759956 "" "" 2332.86865 2698.97095 31780.6779 8.7138 14574.0 19.636 24841.0 30.758 "" "" 0.002771355367828175 0.0031503914 0.0040113605 0.007161752 271.39009032855 -23.62883850786 2505.6189 2.146000000000002 0.6669999999999999 2.305299999475479 2.1694000406265257 0.20830485 0.19730484 "" "" 37.596073361193966 "" 7.640002884561824 ""
271.21802018394 -23.69257098201 0.0262 0.0223 7.8359 "" "" 4066171845524289408 2544.06958 0.3696 0.0352 0.33 -3.71 0.035 0.024 0.977 "" "" 14.435259 1.253385 14.982539 13.729155 "" "" 2313.25415 2853.45142 31684.24535 9.7313 13880.0 28.558 25556.0 30.516 "" "" 0.0027754259307689747 0.0035742596 0.0039955643 0.007569824 271.21802018394 -23.69257098201 2544.06958 0.33 -3.710000000000001 0.48929999947547914 -2.207599959373474 0.21230485 0.20130485 "" "" 27.26725933633314 "" 5.503441259850446 ""
271.25821592078 -23.79651011681 0.0223 0.0185 2.0952 "" "" 4066158209035782400 2816.84985 0.3132 0.0261 -1.625 -2.777 0.028 0.021 0.962 4470.3 2.1903 14.436664 2.456476 15.77022 13.313744 22.23 2.86 2620.97412 3060.8125 31643.2767 12.725 6719.4 20.139 37468.0 38.278 "" "" 0.0027896995950027316 0.00428652 0.0039387904 0.008225311 271.25821592078 -23.79651011681 2816.84985 -1.6250000000000004 -2.777 -1.4657000005245209 -1.2745999593734743 0.20530485 0.19830485 -21.765000000000004 3.567 25.934544505280904 33.85728612420665 5.247085732324154 4.627345488079272
271.47221915843 -23.85904823442 0.0253 0.0234 10.2645 "" "" 4066154807421280000 2508.60474 0.3395 0.0352 0.01 -1.151 0.032 0.022 0.926 "" "" 14.443397 2.883824 16.097359 13.213534 2.79 2.56 2330.8606 2703.40283 31447.60921 19.469 4971.3 13.414 41091.0 46.423 "" "" 0.002836124886155526 0.004045711 0.0039734533 0.008019164 271.47221915843 -23.85904823442 2508.60474 0.01000000000000002 -1.1510000000000002 0.16929999947547913 0.35140004062652586 0.20930485 0.19930485 -41.205000000000005 3.267 4.638084727744492 41.465212587682906 0.9333066916583826 3.248176121916449
271.1527460153 -23.7871453248 0.0221 0.0189 7.9099 "" "" 4066147420076426368 2648.4231 0.341 0.0274 -1.21 -1.051 0.03 0.02 0.878 5077.6 3.0627 14.448688 1.873223 15.373575 13.500352 4.42 3.02 2440.33643 2912.47583 31294.75051 8.7443 9682.5 16.576 31551.0 21.182 "" "" 0.0027719713146671056 0.0033526001 0.003849032 0.0072016325 271.1527460153 -23.7871453248 2648.4231 -1.21 -1.0509999999999997 -1.0507000005245208 0.45140004062652594 0.20730485 0.19730484 -39.575 3.727 14.355726158114784 42.09830754943459 2.9541023824190726 3.645553347623393
271.20773378072 -23.74081803914 0.0227 0.0186 6.0757 "" "" 4066171162657298432 2660.93433 0.3298 0.0252 -0.464 -2.001 0.03 0.02 0.973 7999.3 3.8708 14.452193 0.818466 14.769533 13.951067 "" "" 2490.06665 2869.30615 31193.87174 12.742 16889.0 24.027 20832.0 31.586 "" "" 0.002790784967476653 0.0031891817 0.00412235 0.0073115313 271.20773378072 -23.74081803914 2660.93433 -0.4640000000000001 -2.000999999999999 -0.3047000005245209 -0.498599959373474 0.20730485 0.19730484 "" "" 7.370080767839649 "" 1.474557335131715 ""
271.53796480782 -23.74148020416 0.0223 0.0198 13.7783 "" "" 4066162327876510976 2386.86182 0.3768 0.0281 -1.355 -6.681 0.027 0.019 0.994 4658.3 2.4976 14.464013 2.231 15.633121 13.402122 56.67 2.33 2231.69043 2544.72388 30856.13066 9.5679 7623.7 13.11 34539.0 42.973 "" "" 0.0027758122250542807 0.003357232 0.004013546 0.007370778 271.53796480782 -23.74148020416 2386.86182 -1.3549999999999995 -6.680999999999997 -1.1957000005245209 -5.178599959373474 0.20430484 0.19630484 12.674999999999997 3.037 60.13071474707997 61.45208280436637 11.828767750179791 11.591358828478885
271.28422151486 -23.81834192138 0.0227 0.0184 1.172 "" "" 4066157865438327808 2681.73071 0.3323 0.0264 -0.164 -2.057 0.028 0.02 0.921 "" "" 14.47915 1.160705 14.967001 13.806296 "" "" 2492.50366 2943.96875 30428.93665 9.7786 14080.0 27.435 23803.0 23.328 "" "" 0.002777323898200655 0.0035015238 0.0039263177 0.0074278414 271.28422151486 -23.81834192138 2681.73071 -0.1640000000000002 -2.057 -0.004700000524520881 -0.5545999593734741 0.20530485 0.19730484 "" "" 7.049997047314374 "" 1.3910027060330261 ""
271.17331705411 -23.55522808371 0.0232 0.0209 16.2663 "" "" 4066177931526125824 2718.03784 0.3323 0.0323 0.082 -0.666 0.029 0.02 0.857 "" "" 14.480092 0.818237 14.799387 13.98115 "" "" 2497.95068 2972.12915 30402.53522 8.5435 16431.0 22.206 20263.0 17.368 "" "" 0.0027721614113033893 0.0031524806 0.0038922708 0.007044751 271.17331705411 -23.55522808371 2718.03784 0.08200000000000002 -0.666 0.24129999947547914 0.8364000406265258 0.20630485 0.19730484 "" "" 11.215237655449382 "" 2.220739063181368 ""
271.44703628475 -23.75838549805 0.0244 0.0215 8.7006 "" "" 4066159476027696768 2667.40088 0.3318 0.0311 -0.836 -1.569 0.029 0.021 0.92 5026.7 2.6881 14.493021 2.118663 15.577497 13.458834 "" "" 2503.45947 2893.70386 30042.65831 11.688 8024.5 16.604 32781.0 93.605 "" "" 0.0027875101761302827 0.0035821926 0.0048882994 0.008470492 271.44703628475 -23.75838549805 2667.40088 -0.836 -1.5690000000000008 -0.6767000005245208 -0.06659995937347407 0.20630485 0.19830485 "" "" 8.597180187114684 "" 1.7729928237306556 ""
271.27817395283 -23.63176618566 0.0243 0.0223 10.26 "" "" 4066173636558535424 2363.44336 0.3815 0.0341 -1.32 -2.35 0.033 0.022 1.053 9018.8 3.5359 14.496589 0.761894 14.790632 14.028738 "" "" 2195.12329 2588.34009 29944.11209 12.277 16564.0 20.693 19394.0 31.7 "" "" 0.002791047614684255 0.00310239 0.0041753035 0.0072776936 271.27817395283 -23.63176618566 2363.44336 -1.32 -2.3499999999999996 -1.160700000524521 -0.8475999593734742 0.21030486 0.19930485 "" "" 16.100965832366636 "" 3.325582793842434 ""
271.43766622778 -23.72704049883 0.0232 0.0216 8.9901 "" "" 4066159785255938176 2633.57617 0.3479 0.0329 1.456 0.369 0.027 0.021 0.966 4820.5 2.7019 14.498883 1.886064 15.431828 13.545764 -43.05 3.92 2430.00073 2852.15723 29880.88199 9.0966 9176.7 25.141 30259.0 33.554 "" "" 0.00277507459687394 0.0040783524 0.0039665173 0.00804487 271.43766622778 -23.72704049883 2633.57617 1.4560000000000006 0.369 1.615299999475479 1.8714000406265259 0.20430484 0.19830485 -87.045 4.627 30.859733510309976 92.3534253686746 6.199363435910758 4.828025380912056
271.06171052023 -23.78622018775 0.0259 0.0227 12.8922 "" "" 4066150168855557504 2626.01489 0.3395 0.0314 -0.223 -2.282 0.035 0.023 0.956 "" "" 14.507962 1.526962 15.204618 13.677656 "" "" 2426.82617 2882.48047 29632.05101 9.3007 11313.0 23.285 26798.0 25.438 "" "" 0.0027763145754682752 0.0035747746 0.0039173886 0.007492163 271.06171052023 -23.78622018775 2626.01489 -0.223 -2.282 -0.06370000052452088 -0.7795999593734741 0.21230485 0.20030485 "" "" 9.736262040827642 "" 1.951018415633879 ""
271.11486902161 -23.60781854201 0.0239 0.0207 15.3184 "" "" 4066176316607628672 2390.90088 0.3749 0.0311 -1.397 0.302 0.029 0.021 0.953 4930.7 3.0405 14.508417 1.926298 15.389523 13.463225 "" "" 2217.71558 2598.9707 29619.65011 11.787 9541.3 61.989 32649.0 375.95 "" "" 0.0027889905599989603 0.0075857122 0.01306091 0.020646622 271.11486902161 -23.60781854201 2390.90088 -1.3969999999999998 0.30199999999999994 -1.237700000524521 1.804400040626526 0.20630485 0.19830485 "" "" 24.797399325310433 "" 4.981777783397794 ""
271.09196259259 -23.72877157194 0.0245 0.0215 12.03 "" "" 4066150989162910720 2936.78906 0.3014 0.0314 0.661 -1.763 0.031 0.021 0.918 4893.5 2.856 14.512055 1.929435 15.474946 13.545511 -6.68 3.16 2689.8584 3346.59399 29520.56969 8.929 8819.4 15.138 30266.0 24.286 "" "" 0.0027748217216553603 0.0033553047 0.0038784975 0.007233802 271.09196259259 -23.72877157194 2936.78906 0.661 -1.763000000000001 0.8202999994754792 -0.260599959373474 0.20830485 0.19830485 -50.675000000000004 3.867 11.981270688628397 52.07212759542466 2.4850136537934535 3.806435274818215
271.50628530527 -23.81951827204 0.0249 0.0246 11.596 "" "" 4066154979219984128 2763.25049 0.3088 0.0365 0.078 -0.62 0.03 0.022 0.955 "" "" 14.51241 3.232917 16.442663 13.209746 27.25 5.42 2448.97241 3125.56006 29510.92542 17.378 3617.0 15.786 41234.0 34.431 "" "" 0.0028285266037228803 0.0054990137 0.0038866003 0.009385614 271.50628530527 -23.81951827204 2763.25049 0.078 -0.62 0.23729999947547914 0.8824000406265259 0.20730485 0.19930485 -16.745000000000005 6.127 11.968136197631758 20.58230572713037 2.3918854826826994 5.175096953617082
271.15058476745 -23.57557572554 0.027 0.0252 15.7579 "" "" 4066176415379710592 2578.17529 0.3545 0.0373 0.931 -0.019 0.031 0.024 0.976 "" "" 14.515299 0.774579 14.806843 14.032264 "" "" 2310.41602 2871.23169 29432.50636 46.52 16318.0 85.855 19331.0 82.877 "" "" 0.00324602980612042 0.0063574538 0.0059959306 0.012353385 271.15058476745 -23.57557572554 2578.17529 0.931000000000001 -0.018999999999999996 1.0902999994754792 1.483400040626526 0.20830485 0.20130485 "" "" 22.49786412519068 "" 4.58478223538129 ""
271.23216139102 -23.82751691847 0.0229 0.0193 3.8195 "" "" 4066134638253687296 2461.03687 0.3641 0.0261 -0.023 -1.403 0.028 0.02 1.051 "" "" 14.530064 1.106048 14.992339 13.886292 "" "" 2307.28101 2656.69971 29034.96174 7.6345 13756.0 17.832 22113.0 20.811 "" "" 0.002770070617449237 0.0031250531 0.003915076 0.007040129 271.23216139102 -23.82751691847 2461.03687 -0.022999999999999993 -1.403 0.13629999947547913 0.09940004062652585 0.20530485 0.19730484 "" "" 1.9678821725511886 "" 0.39862037176503773 ""
271.15158586561 -23.7777287918 0.0224 0.0186 8.0562 "" "" 4066147420076432000 2813.00635 0.317 0.0256 0.026 -1.636 0.03 0.02 0.979 10127.8 3.824 14.536284 0.849629 14.868838 14.019209 "" "" 2619.85303 3059.14966 28869.07436 7.7538 15413.0 24.019 19565.0 20.661 "" "" 0.00277070879298676 0.003263097 0.003949471 0.007212568 271.15158586561 -23.7777287918 2813.00635 0.026000000000000002 -1.636 0.18529999947547912 -0.13359995937347402 0.20730485 0.19730484 "" "" 3.045945021578936 "" 0.6211891485078708 ""
271.1316349806 -23.62763884095 0.0256 0.0227 13.8157 "" "" 4066176041740450560 2932.16113 0.302 0.0329 3.755 1.597 0.031 0.022 0.993 6982.3 3.125 14.546652 1.136373 15.028579 13.892206 "" "" 2701.7168 3278.32568 28594.73236 8.2942 13304.0 18.902 21993.0 16.378 "" "" 0.0027732597666976903 0.0031882008 0.0038649014 0.0070531024 271.1316349806 -23.62763884095 2932.16113 3.755 1.597 3.914299999475479 3.099400040626526 0.20830485 0.19930485 "" "" 69.39211276475254 "" 14.217294129965328 ""
271.01836557942 -23.82884059398 0.0249 0.0203 15.3195 "" "" 4066148515261221760 2950.56689 0.3041 0.0278 0.254 -1.292 0.032 0.021 0.87 "" "" 14.547422 1.468351 15.211022 13.742671 9.69 5.85 2714.698 3234.68335 28574.45001 9.3862 11246.0 14.56 25240.0 23.451 "" "" 0.002778306159951892 0.003124259 0.003911696 0.007035955 271.01836557942 -23.82884059398 2950.56689 0.254 -1.2919999999999996 0.41329999947547913 0.21040004062652584 0.20930485 0.19830485 -34.30500000000001 6.557 6.486179085518063 34.912799144861076 1.343213899604666 6.447679827813814
271.235064594 -23.84375409539 0.0233 0.0195 4.175 "" "" 4066134393408692480 2822.22485 0.3084 0.0269 0.209 -0.491 0.029 0.02 0.943 4774.3 2.2492 14.548512 2.521856 15.925238 13.403381 -10.77 4.8 2637.14795 3046.14795 28545.7634 13.769 5825.3 15.339 34499.0 29.392 "" "" 0.002804648677463476 0.0039948104 0.0038909346 0.007885745 271.235064594 -23.84375409539 2822.22485 0.20899999999999996 -0.491 0.3682999994754791 1.0114000406265258 0.20630485 0.19730484 -54.765 5.507 14.398989563262553 56.62628475754828 2.8564666804486407 5.375287376391028
271.13394691845 -23.66518582936 0.025 0.0205 12.1043 "" "" 4066174800461922176 2850.72778 0.3179 0.0292 -0.572 -1.945 0.032 0.022 0.867 8450.8 3.7461 14.552924 0.950678 14.937617 13.986939 "" "" 2624.65894 3133.00977 28430.01413 9.0051 14467.0 15.978 20155.0 22.82 "" "" 0.0027766992215057613 0.0030369349 0.00397428 0.0070112147 271.13394691845 -23.66518582936 2850.72778 -0.5719999999999993 -1.945 -0.4127000005245208 -0.4425999593734742 0.20930485 0.19930485 "" "" 8.177164895007667 "" 1.66827798082469 ""
271.09142360832 -23.64975041891 0.0237 0.0194 14.4776 "" "" 4066175732502830080 2953.96265 0.3003 0.0289 -1.434 -1.542 0.029 0.02 0.882 4644.6 2.6037 14.55477 1.846251 15.462781 13.61653 68.44 4.88 2717.7041 3267.21924 28381.71898 8.9099 8918.8 17.277 28350.0 23.71 "" "" 0.0027763223015858213 0.0034940827 0.003886934 0.0073810164 271.09142360832 -23.64975041891 2953.96265 -1.4340000000000002 -1.5419999999999996 -1.2747000005245208 -0.03959995937347416 0.20630485 0.19730484 24.444999999999993 5.587 17.856683281885637 30.27241587368893 3.6837687581775436 5.007526980331658
271.25061463394 -23.68478138472 0.0248 0.0211 7.4598 "" "" 4066171776804850816 2704.70728 0.3385 0.0326 -0.104 -2.1 0.037 0.022 0.941 9551.7 3.9336 14.555666 1.036221 14.981421 13.9452 "" "" 2474.78369 3037.14307 28358.30719 9.5025 13895.0 23.696 20945.0 17.345 "" "" 0.0027792357804857343 0.003348637 0.003884861 0.0072334977 271.25061463394 -23.68478138472 2704.70728 -0.10400000000000012 -2.1 0.05529999947547913 -0.5975999593734742 0.21430485 0.19930485 "" "" 7.694150913073683 "" 1.5344980141053446 ""
271.0983951937 -23.75880989108 0.0253 0.0226 11.1498 "" "" 4066150684251628416 3064.81787 0.3018 0.0346 0.416 -1.098 0.032 0.022 0.941 7974.4 4.1101 14.566877 1.01058 14.978848 13.968268 "" "" 2731.46973 3358.90894 28066.99846 8.9721 13928.0 20.317 20505.0 18.079 "" "" 0.002777093800569932 0.0032083346 0.0038987321 0.007107067 271.0983951937 -23.75880989108 3064.81787 0.416 -1.098 0.575299999475479 0.4044000406265258 0.20930485 0.19930485 "" "" 10.215751608699298 "" 2.1049705994557373 ""
271.42460844276 -23.95938001873 0.0272 0.0222 11.7911 "" "" 4066105432474760576 2345.07178 0.3732 0.0342 -0.303 -3.296 0.034 0.022 0.98 5100.0 2.5603 14.569038 2.992827 16.30891 13.316084 -45.89 3.78 2168.73145 2539.60059 28011.18515 16.535 4091.2 10.798 37387.0 43.042 "" "" 0.0028288787393475315 0.0039995955 0.0039807195 0.007980315 271.42460844276 -23.95938001873 2345.07178 -0.3029999999999997 -3.2959999999999994 -0.14370000052452087 -1.793599959373474 0.21130484 0.19930485 -89.885 4.487 20.000896625869295 92.08338118704542 3.987852236608871 4.464705789765758
271.33844219069 -23.56501950909 0.0232 0.02 14.4093 "" "" 4066180096189368960 2552.2666 0.3535 0.0283 -1.363 -4.878 0.031 0.022 0.971 "" "" 14.581819 1.243922 15.113601 13.869678 "" "" 2336.86792 2734.50879 27683.40332 8.1406 12302.0 16.363 22454.0 50.446 "" "" 0.002773756335197176 0.0031417527 0.004498188 0.007639941 271.33844219069 -23.56501950909 2552.2666 -1.3630000000000002 -4.878 -1.2037000005245209 -3.3755999593734742 0.20830485 0.19930485 "" "" 43.355803240178254 "" 8.685918118279572 ""
271.11909060366 -23.7646454239 0.0246 0.0217 9.9633 "" "" 4066147729314110080 2634.80518 0.3414 0.0323 -1.516 -1.274 0.032 0.022 0.986 5128.2 3.2031 14.583681 1.903704 15.531668 13.627964 -22.97 3.82 2422.51196 2913.12622 27635.93188 8.0395 8370.5 14.553 28053.0 25.252 "" "" 0.0027733643594541066 0.003368729 0.0039037033 0.0072724326 271.11909060366 -23.7646454239 2634.80518 -1.516 -1.274 -1.3567000005245209 0.22840004062652586 0.20930485 0.19930485 -66.965 4.527 17.18222423853495 69.13421768403327 3.5916975791303147 4.474895225763993
271.07492707441 -23.62299999716 0.0237 0.0191 16.2082 "" "" 4069178219552916608 2822.04272 0.3156 0.0276 0.079 -2.257 0.028 0.019 0.939 9029.4 3.7081 14.587053 0.827154 14.911944 14.08479 "" "" 2626.67358 3014.5813 27550.23911 10.343 14813.0 27.766 18418.0 25.792 "" "" 0.002785307130652171 0.003453527 0.0040737498 0.007527277 271.07492707441 -23.62299999716 2822.04272 0.07899999999999997 -2.2570000000000006 0.23829999947547914 -0.7545999593734742 0.20530485 0.19630484 "" "" 10.585252625184518 "" 2.086754878449638 ""
271.27314358889 -23.71248778485 0.0236 0.0201 5.514 "" "" 4066170887779343744 2782.50952 0.314 0.0296 2.468 0.3 0.031 0.022 1.04 4715.4 2.129 14.588662 2.32965 15.826735 13.497086 -29.16 4.24 2566.22095 3019.34448 27509.43823 14.045 6378.6 15.937 31646.0 28.505 "" "" 0.002810527604934377 0.0038915186 0.0039038642 0.0077953828 271.27314358889 -23.71248778485 2782.50952 2.468 0.29999999999999977 2.627299999475479 1.802400040626526 0.20830485 0.19930485 -73.155 4.9469995 42.022020177502945 84.36530213777738 8.634161923443362 6.074259522980034
271.22360173445 -23.69577104617 0.2015 0.1702 7.5092 "" "" 4066171673725617152 3106.10107 0.5747 0.2573 -0.886 -4.105 0.283 0.198 12.332 5093.0 4.1805 14.592673 1.854073 15.437784 13.583712 5.22 4.99 1816.27258 4868.18164 27407.99872 75.319 9126.5 29.421 29220.0 40.645 "" "" 0.00406129375844985 0.004476112 0.004069964 0.008546076 271.22360173445 -23.69577104617 3106.10107 -0.8859999999999991 -4.105 -0.7267000005245209 -2.6025999593734745 0.46030486 0.37530485 -38.775000000000006 5.6969995 39.783548892238045 55.553860239060754 15.200792500337451 11.589188810694344
271.17295256678 -23.86535327805 0.0227 0.0195 7.7453 "" "" 4066134122857619584 2639.63721 0.3345 0.0271 0.625 -2.38 0.031 0.021 1.01 "" "" 14.593003 2.256121 15.778011 13.521891 48.83 4.22 2490.03027 2837.75854 27399.68618 11.916 6671.3 13.494 30932.0 20.034 "" "" 0.0027954865474219726 0.0035507686 0.0038442463 0.007395015 271.17295256678 -23.86535327805 2639.63721 0.625 -2.38 0.7842999994754791 -0.877599959373474 0.20830485 0.19830485 4.834999999999994 4.927 14.726372528530513 15.499782993611818 2.9865978851147714 3.2270671704790224
271.32198144955 -23.70299762408 0.0244 0.0213 6.11 "" "" 4066172159089609472 2374.32251 0.3808 0.0314 -0.008 0.248 0.033 0.022 0.97 9754.5 3.4614 14.599319 0.957456 14.985956 14.028501 "" "" 2194.52832 2554.98511 27240.73893 23.049 13837.0 35.963 19398.0 57.455 "" "" 0.0029044338718127926 0.003968381 0.0049623977 0.008930778 271.32198144955 -23.70299762408 2374.32251 -0.008 0.248 0.15129999947547912 1.7504000406265259 0.21030486 0.19930485 "" "" 19.772962104825318 "" 3.942504391782978 ""
271.37740151419 -23.62538256901 0.0239 0.0209 11.5036 "" "" 4066173116834924800 2702.67236 0.3362 0.0308 -0.216 -2.924 0.03 0.021 0.97 6625.9 3.6976 14.6142 1.323279 15.198654 13.875375 -69.33 13.9 2466.74731 2955.59351 26869.95493 7.0198 11375.0 18.941 22336.0 22.752 "" "" 0.0027698820323707645 0.0033246912 0.0039378763 0.0072625675 271.37740151419 -23.62538256901 2702.67236 -0.21599999999999978 -2.9239999999999995 -0.05670000052452087 -1.421599959373474 0.20730485 0.19830485 -113.325 14.606999 18.226123310446837 114.78130159537143 3.6145950247066487 14.433088231040527
271.46020891226 -23.81955426755 0.2418 0.215 9.0803 "" "" 4066155662086836480 2596.18848 0.8563 0.3392 -0.126 -0.302 0.304 0.214 9.05 "" "" 14.622844 1.297601 14.698965 13.401364 "" "" 1390.56018 6890.30957 26656.88467 38.19 18023.0 28.12 34563.0 46.382 "" "" 0.0031640652563098416 0.0032641497 0.0040505067 0.0073146564 271.46020891226 -23.81955426755 2596.18848 -0.126 -0.302 0.033299999475479125 1.2004000406265258 0.48130482 0.39130485 "" "" 14.777725762147789 "" 5.783735979905614 ""
271.38693707441 -23.74151151829 0.0254 0.0219 6.1768 "" "" 4066160167540773504 2739.73145 0.3286 0.0331 -0.596 -2.117 0.031 0.022 0.883 "" "" 14.625542 1.108241 15.087238 13.978997 "" "" 2496.63696 2977.80811 26590.72797 8.7912 12604.0 20.567 20303.0 24.958 "" "" 0.002778603861677302 0.0033051355 0.0040081255 0.007313261 271.38693707441 -23.74151151829 2739.73145 -0.5959999999999999 -2.117 -0.43670000052452085 -0.6145999593734741 0.20830485 0.19930485 "" "" 9.791036112318475 "" 1.981401172517484 ""
271.42788523279 -23.73489571882 0.0249 0.0233 8.2902 "" "" 4066159755223862016 2971.21558 0.3027 0.0343 -1.997 -4.664 0.028 0.022 1.007 4881.1 2.6943 14.625653 2.104182 15.707176 13.602994 -2.49 3.5 2717.62939 3213.48901 26587.99455 9.7805 7121.1 15.448 28705.0 23.775 "" "" 0.0027841163240055343 0.003651379 0.0038848943 0.0075362734 271.42788523279 -23.73489571882 2971.21558 -1.997000000000002 -4.664 -1.837700000524521 -3.161599959373474 0.20530485 0.19930485 -46.48500000000001 4.207 51.502057909269965 69.3780743022592 10.343518233016407 8.179449120245026
271.08476721618 -23.62267921074 0.0236 0.0195 15.8205 "" "" 4066175899973760768 2456.74658 0.3757 0.0279 1.432 -0.556 0.028 0.02 1.005 6110.8 3.8599 14.627133 1.317231 15.205829 13.888597 10.45 10.1 2317.21338 2574.38379 26551.76218 11.743 11300.0 23.852 22066.0 23.435 "" "" 0.002796849754789626 0.0036107132 0.0039513744 0.007562088 271.08476721618 -23.62267921074 2456.74658 1.4320000000000017 -0.5560000000000003 1.591299999475479 0.9464000406265258 0.20530485 0.19730484 -33.545 10.807 21.56022687513508 39.87618848269349 4.382006800944589 9.394817095636009
271.3641733181 -23.73464501578 0.0246 0.0214 5.5119 "" "" 4066160133181081472 2462.42285 0.3602 0.033 1.172 -0.278 0.03 0.022 0.989 "" "" 14.630142 2.119154 15.715739 13.596585 -27.09 4.56 2319.97632 2684.47705 26478.29434 11.509 7065.1 16.836 28875.0 18.078 "" "" 0.0027954429828147757 0.0038051428 0.0038400253 0.0076451683 271.3641733181 -23.73464501578 2462.42285 1.1719999999999986 -0.278 1.331299999475479 1.2244000406265259 0.20730485 0.19930485 -71.08500000000001 5.267 21.111322589029772 74.15365915757684 4.299909790997776 5.195323777592511
271.17369008601 -23.85415989477 0.0237 0.0213 7.4023 "" "" 4066145908247886848 2632.75708 0.3422 0.0298 -0.03 -1.422 0.031 0.022 0.908 7190.0 3.4285 14.636404 1.1246 15.108691 13.984091 "" "" 2434.46289 2908.12866 26326.02362 7.703 12358.0 17.581 20208.0 18.669 "" "" 0.002773574262221548 0.0031891812 0.0039102216 0.007099403 271.17369008601 -23.85415989477 2632.75708 -0.030000000000000006 -1.4220000000000004 0.12929999947547913 0.08040004062652595 0.20830485 0.19930485 "" "" 1.9000749403814992 "" 0.391101723996454 ""
271.22714292034 -23.53656728569 0.0272 0.029 16.3678 "" "" 4066178270796060416 2541.58862 0.3617 0.0402 -4.401 -1.048 0.031 0.025 0.975 7328.8 3.3797 14.6448 1.261969 15.19138 13.929412 -1.25 10.12 2340.80933 2857.53784 26123.2289 8.4883 11452.0 21.08 21252.0 17.559 "" "" 0.0027778141219007976 0.0034320874 0.003884386 0.0073164734 271.22714292034 -23.53656728569 2541.58862 -4.4009999999999945 -1.0479999999999994 -4.241700000524521 0.45440004062652584 0.20830485 0.20230485 -45.245000000000005 10.827 51.39269294659786 68.47129992415282 10.701898547528943 10.756701712518208
271.46148746968 -23.73166999488 0.0262 0.023 10.0236 "" "" 4066159686505177600 2352.20996 0.3912 0.0357 -0.094 -0.901 0.029 0.022 0.919 9475.1 3.5343 14.648246 0.887145 14.993958 14.106813 "" "" 2117.05029 2775.25684 26040.4552 7.5974 13735.0 18.028 18048.0 41.774 "" "" 0.002773469144729389 0.0031330397 0.0045386287 0.007671668 271.46148746968 -23.73166999488 2352.20996 -0.0939999999999999 -0.901 0.06529999947547913 0.6014000406265259 0.20630485 0.19930485 "" "" 6.744705432524223 "" 1.3448121778088231 ""
271.29670011863 -23.60819831778 0.0238 0.0209 11.6278 "" "" 4066174048875406464 2491.55542 0.3655 0.0303 -0.313 -1.822 0.033 0.022 0.959 9072.1 3.7595 14.649438 0.846134 14.981136 14.135002 "" "" 2329.32983 2728.50122 26011.87276 10.903 13898.0 27.199 17586.0 17.104 "" "" 0.0027926506467013984 0.0035071308 0.003924133 0.0074312636 271.29670011863 -23.60819831778 2491.55542 -0.313 -1.822 -0.15370000052452087 -0.3195999593734742 0.21030486 0.19930485 "" "" 4.188260318830877 "" 0.843586289698416 ""
271.25219149604 -23.68683537607 0.025 0.0212 7.3148 "" "" 4066171712413134976 2976.18359 0.3085 0.0326 0.069 -1.466 0.036 0.022 1.027 "" "" 14.652398 1.081751 15.096803 14.015052 "" "" 2746.69141 3323.55737 25941.03606 9.4481 12494.0 24.86 19640.0 20.993 "" "" 0.0027835521930986836 0.0035287614 0.0039535505 0.0074823117 271.25219149604 -23.68683537607 2976.18359 0.06899999999999994 -1.4660000000000004 0.22829999947547913 0.03640004062652591 0.21330485 0.19930485 "" "" 3.26133239760513 "" 0.6945623803873484 ""
271.1543525385 -23.64468518991 0.0271 0.0244 12.2289 "" "" 4066175212778878464 2910.63232 0.3051 0.0385 -0.547 -1.606 0.036 0.024 0.862 4715.3 2.4935 14.65367 1.756403 15.506712 13.750309 -28.92 6.49 2635.82373 3226.79297 25910.66209 8.4281 8565.1 27.156 25063.0 24.851 "" "" 0.0027778613476505763 0.004431136 0.0039297193 0.008360855 271.1543525385 -23.64468518991 2910.63232 -0.547 -1.6059999999999999 -0.3877000005245209 -0.10359995937347422 0.21330485 0.20130485 -72.915 7.1969995 5.536538062647495 73.12489643561312 1.1766592338020576 7.176894372073173
271.32311110314 -23.53819198917 0.0259 0.0234 15.8986 "" "" 4066183154206152576 2356.10181 0.3752 0.0327 -3.29 -2.124 0.032 0.023 0.945 4931.0 2.7965 14.65473 2.066005 15.686441 13.620437 -15.9 4.41 2175.0835 2566.9917 25885.38544 12.598 7258.4 24.031 28248.0 233.44 "" "" 0.002805531467551222 0.004550437 0.009735959 0.014286395 271.32311110314 -23.53819198917 2356.10181 -3.2899999999999974 -2.124 -3.130700000524521 -0.6215999593734742 0.20930485 0.20030485 -59.895 5.1169996 35.645918330243404 69.69965938658798 7.44894837296162 5.817902230332591
271.3354909277 -23.62247691848 0.0254 0.0223 10.9884 "" "" 4066173804029705984 2620.53174 0.3441 0.0321 -0.65 -2.72 0.032 0.022 0.861 6953.3 3.8801 14.655754 1.207254 15.177691 13.970437 -13.84 13.62 2436.91504 2835.22754 25860.98253 13.655 11597.0 21.792 20464.0 26.393 "" "" 0.0028143286372241086 0.0034565188 0.0040304563 0.007486975 271.3354909277 -23.62247691848 2620.53174 -0.65 -2.72 -0.4907000005245209 -1.2175999593734743 0.20930485 0.19930485 -57.83500000000001 14.327 16.30620001786575 60.08976105812575 3.2731761994052464 13.817981660747773
271.35076601968 -23.80739554174 0.0242 0.0213 3.0289 "" "" 4066157590560336640 2890.6499 0.3097 0.0326 0.044 -1.431 0.03 0.022 0.959 "" "" 14.657672 1.150166 15.138257 13.988091 "" "" 2669.32056 3160.19751 25815.33842 7.9272 12026.0 20.351 20134.0 22.662 "" "" 0.002775418044985971 0.0033407866 0.003972047 0.0073128333 271.35076601968 -23.80739554174 2890.6499 0.044 -1.431 0.2032999994754791 0.07140004062652583 0.20730485 0.19930485 "" "" 2.952349897743098 "" 0.6094878028232832 ""
271.37327432003 -23.82337500188 0.0257 0.0235 4.4364 "" "" 4066157315682366080 2601.10425 0.3468 0.0365 -1.085 -3.343 0.03 0.023 0.927 4596.8 2.4633 14.660579 2.272557 15.859698 13.587141 4.23 3.88 2359.50562 2850.06274 25746.31696 10.543 6187.8 10.602 29127.0 28.1 "" "" 0.0027909607948616772 0.0033534535 0.0039218473 0.007275301 271.37327432003 -23.82337500188 2601.10425 -1.0850000000000009 -3.3429999999999964 -0.9257000005245208 -1.840599959373474 0.20730485 0.20030485 -39.765 4.587 25.401599789873053 47.18576582916589 5.124457030603483 4.749019142906111
271.19578436295 -23.65047419519 0.0273 0.0257 10.6253 "" "" 4066175075339895936 2652.09937 0.3396 0.0414 -1.419 -1.177 0.035 0.023 0.982 7886.3 3.8978 14.666916 1.209546 15.184857 13.975311 "" "" 2412.09521 2913.14795 25596.49955 8.3753 11521.0 23.116 20372.0 28.433 "" "" 0.002778128470858147 0.0035398693 0.004071857 0.0076117264 271.19578436295 -23.65047419519 2652.09937 -1.419000000000001 -1.177 -1.259700000524521 0.32540004062652583 0.21230485 0.20030485 "" "" 16.355427001044685 "" 3.4603858446947733 ""
271.2867774023 -23.58827303431 0.054 0.0569 12.8331 "" "" 4066177106892167424 3410.99341 0.3432 0.0908 -0.536 -2.828 0.07 0.047 2.072 9228.9 4.1369 14.67261 1.016186 15.080872 14.064686 "" "" 2397.38452 5434.96143 25462.58612 9.9418 12679.0 21.635 18762.0 22.276 "" "" 0.0027877410199467134 0.0033492395 0.0039931783 0.0073424177 271.2867774023 -23.58827303431 3410.99341 -0.536 -2.8279999999999994 -0.3767000005245209 -1.325599959373474 0.24730486 0.22430485 "" "" 22.28102743464629 "" 5.037836484074265 ""
271.06904747851 -23.69134483146 0.0286 0.025 14.1176 "" "" 4066151921202280576 2421.02734 0.3768 0.0331 1.65 0.888 0.031 0.023 0.913 "" "" 14.672957 1.301225 15.245411 13.944186 "" "" 2243.4458 2638.8042 25454.45969 6.6333 10896.0 19.291 20964.0 19.858 "" "" 0.0027698091743559765 0.003388234 0.0039168163 0.0073050503 271.06904747851 -23.69134483146 2421.02734 1.65 0.8880000000000001 1.809299999475479 2.390400040626526 0.20830485 0.20030485 "" "" 34.403243722032364 "" 6.992637166398439 ""
271.16438723004 -23.69051551995 0.026 0.0214 9.8444 "" "" 4066174461192325248 2777.80029 0.3262 0.0312 -0.615 -2.399 0.034 0.022 0.984 "" "" 14.684768 0.843176 15.01664 14.173464 "" "" 2568.36279 3053.72681 25179.06148 9.1225 13451.0 19.167 16974.0 20.389 "" "" 0.0027832584372515577 0.003190396 0.0039980747 0.0071884706 271.16438723004 -23.69051551995 2777.80029 -0.615 -2.399 -0.45570000052452087 -0.8965999593734741 0.21130484 0.19930485 "" "" 13.24261922595738 "" 2.6727120730777183 ""
271.02829165272 -23.7083281896 0.025 0.0216 15.7344 "" "" 4066151676357790464 2692.8313 0.3329 0.0302 -0.866 -4.116 0.03 0.021 0.942 4808.6 3.0952 14.702543 2.162133 15.823972 13.661839 -0.71 2.92 2489.50146 3006.7478 24770.19774 7.4323 6394.8 13.205 27191.0 19.016 "" "" 0.002774512373752263 0.0035793318 0.003854903 0.007434235 271.02829165272 -23.7083281896 2692.8313 -0.866 -4.116 -0.7067000005245209 -2.613599959373474 0.20730485 0.19830485 -44.705000000000005 3.627 34.558050966180204 56.50483086941425 6.874666079675523 5.090419870343728
271.26002439101 -23.83135393351 0.0255 0.0217 2.6425 "" "" 4066157899798082176 2936.04272 0.3041 0.0294 -0.117 -1.51 0.033 0.024 0.932 "" "" 14.702595 1.392836 15.316057 13.923222 "" "" 2687.19312 3284.10815 24769.01271 8.5899 10209.0 16.193 21373.0 17.185 "" "" 0.002780929153149686 0.0032788434 0.0038788961 0.0071577393 271.26002439101 -23.83135393351 2936.04272 -0.11699999999999999 -1.51 0.04229999947547912 -0.00759995937347413 0.21030486 0.20130485 "" "" 0.5981084804688089 "" 0.1256202799186713 ""
271.41704498153 -23.73669191968 0.0259 0.023 7.7199 "" "" 4066159377266752768 2711.25317 0.3351 0.033 1.667 -2.4 0.032 0.024 0.993 4779.3 2.7348 14.705204 2.065525 15.762227 13.696702 -47.25 3.27 2540.61597 2958.69336 24709.56864 11.401 6769.0 11.955 26332.0 23.355 "" "" 0.0028004908878375345 0.003385571 0.0039001373 0.0072857086 271.41704498153 -23.73669191968 2711.25317 1.667 -2.4000000000000004 1.8262999994754792 -0.897599959373474 0.20930485 0.20130485 -91.245 3.977 26.151947658712928 94.91877786478322 5.433655741506271 4.105742478173956
271.28556148678 -23.65868076712 0.0255 0.0216 8.6176 "" "" 4066173258601358464 2791.5437 0.3198 0.0313 0.944 -0.594 0.034 0.024 0.938 9138.2 4.0163 14.711677 1.123562 15.185158 14.061596 "" "" 2561.76587 3007.89868 24562.70292 8.7021 11517.0 14.403 18816.0 20.992 "" "" 0.0027820405141436677 0.0031030125 0.003968749 0.0070717614 271.28556148678 -23.65868076712 2791.5437 0.944 -0.594 1.103299999475479 0.9084000406265259 0.21130484 0.20130485 "" "" 18.910356418213972 "" 3.9205470740929114 ""
271.40467045988 -23.75976871559 0.0251 0.022 6.4869 "" "" 4066159342906991488 2836.73438 0.3097 0.0341 -2.139 -2.317 0.031 0.023 0.914 4580.8 2.8282 14.713903 2.356312 15.945879 13.589567 25.22 4.54 2622.43091 3082.52612 24512.37057 13.545 5715.6 18.597 29062.0 148.89 "" "" 0.0028198819594264825 0.0045016594 0.0067249034 0.011226563 271.40467045988 -23.75976871559 2836.73438 -2.1389999999999953 -2.3170000000000006 -1.9797000005245207 -0.8145999593734743 0.20830485 0.20030485 -18.775000000000006 5.2469997 28.784703751912613 34.36655052642572 5.963200577692216 5.7587749247244675
271.46944233135 -23.88001069114 0.0344 0.0322 10.6118 "" "" 4066153123795076608 2480.70801 0.3692 0.0503 0.364 -0.882 0.043 0.03 1.401 "" "" 14.715971 2.487725 16.065989 13.578263 -10.38 5.96 2249.70068 2934.5061 24465.74698 11.947 5117.1 12.014 29367.0 24.662 "" "" 0.002805865635816717 0.0037792847 0.003887812 0.0076670963 271.46944233135 -23.88001069114 2480.70801 0.364 -0.8820000000000001 0.5232999994754791 0.6204000406265259 0.22030485 0.20730485 -54.37500000000001 6.667 9.543566667048083 55.20616170074127 2.030923647286162 6.576003044451962
271.28017793698 -23.59410070888 0.0278 0.0266 12.5035 "" "" 4066177072532429312 2346.86694 0.3986 0.0411 0.825 -2.188 0.037 0.024 1.003 8769.8 3.4005 14.725428 0.806473 15.039802 14.233329 "" "" 2164.15527 2655.2478 24253.56406 10.218 13167.0 25.831 16063.0 15.664 "" "" 0.002793030965129329 0.0035102605 0.003924884 0.0074351444 271.28017793698 -23.59410070888 2346.86694 0.825 -2.188 0.9842999994754791 -0.6855999593734743 0.21430485 0.20130485 "" "" 13.343850832586051 "" 2.8041644735783384 ""
271.49777158073 -23.64662674891 0.0229 0.02 14.4862 "" "" 4066166421013147648 2387.68823 0.3825 0.0288 -1.846 -4.316 0.027 0.02 0.934 6624.5 3.2847 14.726104 1.302712 15.295155 13.992442 "" "" 2208.81641 2631.56372 24238.47108 6.0752 10408.0 17.157 20053.0 35.102 "" "" 0.0027687262868348207 0.003314867 0.00423034 0.0075452067 271.49777158073 -23.64662674891 2387.68823 -1.8460000000000005 -4.316 -1.686700000524521 -2.813599959373474 0.20430484 0.19730484 "" "" 37.126872138287794 "" 7.394906347323806 ""
271.31066037533 -23.80192001077 0.0251 0.0205 0.8099 "" "" 4066158002877269760 2514.12085 0.3631 0.03 0.974 -0.181 0.03 0.022 0.937 8597.6 3.1035 14.744341 1.185375 15.23182 14.046445 "" "" 2367.87915 2677.02344 23834.73044 12.274 11033.0 15.606 19080.0 34.378 "" "" 0.002811476050987511 0.003184901 0.0042556645 0.0074405656 271.31066037533 -23.80192001077 2514.12085 0.974 -0.18099999999999994 1.133299999475479 1.3214000406265258 0.20730485 0.19930485 "" "" 20.745278421283306 "" 4.205772199397169 ""
271.47892662062 -23.78752561611 0.0262 0.0236 10.0851 "" "" 4066156250530376192 2809.03149 0.3174 0.0368 -7.159 -8.699 0.033 0.025 0.928 "" "" 14.747376 2.245247 15.92601 13.680763 -20.45 5.81 2555.82495 3126.59937 23768.19842 9.2259 5821.2 15.076 26721.0 24.724 "" "" 0.0027873646854874924 0.003961283 0.0039106184 0.007871902 271.47892662062 -23.78752561611 2809.03149 -7.159 -8.699 -6.999700000524521 -7.196599959373474 0.21030486 0.20230485 -64.44500000000001 6.517 133.67090480033397 148.39497570719823 27.56730939686033 24.992785657076514
271.12789858145 -23.63612559909 0.0298 0.0259 13.5727 "" "" 4066175663783318400 2494.61304 0.3606 0.0343 -0.091 -2.916 0.034 0.025 0.989 6563.3 3.7521 14.747867 1.20162 15.265707 14.064087 91.32 16.98 2309.56299 2716.04932 23757.46859 7.2908 10694.0 17.823 18773.0 14.922 "" "" 0.002775393441114077 0.0033255727 0.0038766635 0.007202236 271.12789858145 -23.63612559909 2494.61304 -0.091 -2.915999999999998 0.06829999947547913 -1.413599959373474 0.21130484 0.20230485 47.32499999999999 17.687 16.734563425387385 50.1966257634745 3.385841988399689 16.71333108342328
271.50363975992 -23.68733147781 0.0251 0.0216 13.3227 "" "" 4066165733818302720 2569.52661 0.3646 0.032 -0.171 -1.974 0.029 0.021 0.993 "" "" 14.7489 0.873128 15.094953 14.221825 "" "" 2336.56982 2782.79761 23734.86298 6.8518 12515.0 24.877 16234.0 20.852 "" "" 0.002773090069953325 0.0035274455 0.0040284744 0.0075559197 271.50363975992 -23.68733147781 2569.52661 -0.17100000000000004 -1.9740000000000004 -0.011700000524520887 -0.4715999593734741 0.20630485 0.19830485 "" "" 5.74564556783187 "" 1.1394182084315263 ""
271.23472533358 -23.79051096803 0.0235 0.0191 3.4288 "" "" 4066169925706604800 2469.61401 0.3715 0.0269 -0.204 -0.591 0.031 0.021 0.954 "" "" 14.753427 1.342752 15.343426 14.000674 "" "" 2328.50513 2617.28491 23636.11041 26.212 9955.1 42.409 19902.0 64.088 "" "" 0.003006917365559349 0.005401679 0.005148553 0.010550232 271.23472533358 -23.79051096803 2469.61401 -0.20400000000000004 -0.5909999999999999 -0.04470000052452086 0.9114000406265259 0.20830485 0.19830485 "" "" 10.681645875236788 "" 2.118484921952816 ""
271.41871034125 -23.64494402384 0.0272 0.0241 11.5886 "" "" 4066166970769077760 2543.55688 0.3618 0.0358 -0.331 -0.604 0.034 0.025 0.979 8978.1 3.9724 14.758048 0.903523 15.121954 14.218431 "" "" 2296.09863 2803.0 23535.71563 7.2124 12208.0 20.191 16285.0 20.282 "" "" 0.0027753361729693166 0.0033180784 0.0040140036 0.007332082 271.41871034125 -23.64494402384 2543.55688 -0.33099999999999996 -0.604 -0.1717000005245209 0.8984000406265259 0.21130484 0.20230485 "" "" 11.027565352329702 "" 2.2345023211103037 ""
271.37850530447 -23.81353196213 0.0267 0.0228 4.5867 "" "" 4066157414433528320 2565.00952 0.3546 0.0358 -0.348 -1.158 0.033 0.024 0.948 5052.3 3.2823 14.758481 2.153874 15.873356 13.719481 -11.57 3.73 2364.31909 2797.95093 23526.33462 10.18 6110.5 9.4468 25785.0 27.518 "" "" 0.002795086105126398 0.003256156 0.0039530154 0.0072091715 271.37850530447 -23.81353196213 2565.00952 -0.3480000000000001 -1.158 -0.18870000052452085 0.34440004062652596 0.21030486 0.20130485 -55.565000000000005 4.4370003 4.774593191846417 55.76975851792463 0.971239273449178 4.4214917690463
271.41249912316 -23.66281257062 0.0262 0.0253 10.5237 "" "" 4066161026534321408 2489.00171 0.3873 0.0396 0.418 -2.292 0.032 0.023 0.999 7495.4 2.9692 14.760782 1.061415 15.195868 14.134453 "" "" 2271.59668 2829.11841 23476.53074 8.3161 11404.0 18.953 17595.0 29.156 "" "" 0.0027820329125890254 0.0033228137 0.004185762 0.0075085755 271.41249912316 -23.66281257062 2489.00171 0.418 -2.292 0.577299999475479 -0.7895999593734739 0.20930485 0.20030485 "" "" 11.539879416780591 "" 2.3481938453303286 ""
271.26701334219 -23.57429373348 0.0334 0.0326 13.754 "" "" 4066177175611699712 2505.80103 0.3721 0.0457 -0.544 -0.927 0.04 0.029 1.001 "" "" 14.768451 1.133037 15.244307 14.111271 "" "" 2276.11353 2829.55859 23311.30327 11.054 10907.0 26.519 17974.0 25.322 "" "" 0.0028030083170429167 0.0038410618 0.0040771803 0.007918242 271.26701334219 -23.57429373348 2505.80103 -0.5440000000000002 -0.927 -0.3847000005245209 0.5754000406265258 0.21730486 0.20630485 "" "" 8.221075316429205 "" 1.72448960596129 ""
271.27632672615 -23.7296874824 0.0385 0.033 4.4697 "" "" 4066170574213770240 2512.94824 0.3552 0.0488 -0.501 -0.747 0.048 0.036 1.426 9799.2 4.0632 14.771029 1.170302 15.210707 14.040404 "" "" 2264.67554 2904.36597 23255.98994 14.318 11250.0 27.546 19187.0 51.839 "" "" 0.0028352461585837885 0.0038538894 0.0047842097 0.008638099 271.27632672615 -23.7296874824 2512.94824 -0.501 -0.7470000000000002 -0.3417000005245209 0.7554000406265259 0.22530484 0.21330485 "" "" 9.875586412170339 "" 2.127105441503961 ""
271.20093035898 -23.56946292753 0.2712 0.2354 14.8959 "" "" 4066177755399862016 2903.03394 0.8176 0.3671 -0.697 -0.248 0.329 0.234 10.472 "" "" 14.778826 1.120141 15.132767 14.012626 "" "" 1442.3335 8174.31006 23089.60894 147.32 12087.0 32.729 19684.0 17.92 "" "" 0.007455231573480022 0.004053184 0.003906499 0.0079596825 271.20093035898 -23.56946292753 2903.03394 -0.697 -0.24799999999999994 -0.5377000005245208 1.2544000406265259 0.50630486 0.41130483 "" "" 18.77997480412414 "" 8.027264062777764 ""
271.11233756174 -23.80462585183 0.0263 0.0218 10.0785 "" "" 4066147037792616320 2460.80347 0.3739 0.0318 -0.07 -2.637 0.035 0.023 0.987 "" "" 14.779711 1.424381 15.406909 13.982528 "" "" 2240.53882 2683.20459 23070.78115 10.105 9389.7 21.303 20237.0 37.396 "" "" 0.0027960578312611344 0.0037219329 0.0042789136 0.008000847 271.11233756174 -23.80462585183 2460.80347 -0.06999999999999999 -2.637 0.08929999947547912 -1.1345999593734741 0.21230485 0.20030485 "" "" 13.275137854557507 "" 2.6600844383975644 ""
271.18380198113 -23.67923585854 0.0276 0.0229 9.6001 "" "" 4066174873509174784 2716.35498 0.33 0.0335 -0.034 -2.359 0.036 0.024 0.995 9551.3 4.2612 14.781881 0.993998 15.13008 14.136083 "" "" 2461.66602 2994.78052 23024.71375 9.1543 12117.0 114.69 17568.0 181.97 "" "" 0.002788930128143922 0.010648762 0.011864164 0.022512926 271.18380198113 -23.67923585854 2716.35498 -0.034000000000000016 -2.358999999999999 0.12529999947547912 -0.8565999593734741 0.21330485 0.20130485 "" "" 11.146541373749042 "" 2.2467365652990745 ""
271.05221633878 -23.6715987284 0.024 0.0203 15.5035 "" "" 4066152196080214144 2540.96387 0.3523 0.0278 0.851 -0.623 0.029 0.02 1.04 8158.8 3.5493 14.784462 0.947559 15.167904 14.220345 "" "" 2358.59399 2748.37305 22970.04109 6.2544 11702.0 18.665 16256.0 40.02 "" "" 0.002771134490643497 0.0032839158 0.0046290695 0.007912985 271.05221633878 -23.6715987284 2540.96387 0.851 -0.623 1.010299999475479 0.8794000406265259 0.20630485 0.19730484 "" "" 16.132221108622993 "" 3.2663611980615115 ""
271.04681727004 -23.71262403116 0.0293 0.0285 14.6924 "" "" 4066151779436985600 2559.17212 0.3646 0.0385 -0.186 -2.742 0.034 0.026 0.949 8414.9 3.5705 14.785856 0.966723 15.179532 14.212809 "" "" 2288.02832 2810.56494 22940.56299 7.7434 11577.0 17.443 16369.0 15.575 "" "" 0.0027795859433946764 0.0032343667 0.0039180303 0.007152397 271.04681727004 -23.71262403116 2559.17212 -0.18599999999999994 -2.741999999999999 -0.026700000524520873 -1.2395999593734741 0.21130484 0.20330486 "" "" 15.040425064088053 "" 3.057848360919005 ""
271.17171902643 -23.56370338267 0.0257 0.0229 15.8424 "" "" 4066177931526112512 2757.33203 0.3264 0.035 0.046 -1.008 0.032 0.022 1.021 8957.1 3.8156 14.787888 0.882241 15.136866 14.254624 "" "" 2519.33667 3137.47241 22897.69439 7.209 12041.0 19.672 15751.0 20.943 "" "" 0.0027764430046759415 0.0033062813 0.0040457123 0.0073519936 271.17171902643 -23.56370338267 2757.33203 0.04600000000000001 -1.008 0.2052999994754791 0.49440004062652587 0.20930485 0.19930485 "" "" 6.996646951721098 "" 1.4049743987284735 ""
271.30915403641 -23.69677847851 0.0265 0.0218 6.3547 "" "" 4066172189131487744 2761.8667 0.3133 0.0334 0.368 -1.693 0.035 0.024 1.064 9342.8 3.5825 14.78952 1.074197 15.22639 14.152193 "" "" 2500.28882 3040.89844 22863.29266 7.2189 11088.0 22.084 17309.0 21.557 "" "" 0.0027765643823717493 0.0035300562 0.0040139966 0.007544053 271.30915403641 -23.69677847851 2761.8667 0.36799999999999977 -1.693 0.5272999994754791 -0.19059995937347418 0.21230485 0.20130485 "" "" 7.340136107447938 "" 1.5492312067619673 ""
271.301382961 -23.84214568941 0.027 0.0224 2.4278 "" "" 4066157105195748864 2370.09155 0.376 0.0343 -0.155 -3.403 0.031 0.024 0.927 4770.8 2.7153 14.79032 2.31784 15.990907 13.673067 22.55 5.25 2182.09961 2616.04443 22846.44898 9.9835 5483.5 16.364 26911.0 26.223 "" "" 0.00279587017970807 0.004275883 0.0039246716 0.008200554 271.301382961 -23.84214568941 2370.09155 -0.155 -3.403 0.004299999475479127 -1.9005999593734741 0.20830485 0.20130485 -21.445000000000004 5.957 21.351839229338815 30.262006930729694 4.298229634886317 5.197820883807106
271.31753383322 -23.65239177738 0.0249 0.0218 9.0544 "" "" 4066172640126034944 2638.99048 0.3157 0.0312 0.942 -0.571 0.033 0.024 1.01 "" "" 14.793467 2.954587 16.497093 13.542506 -7.48 2.8 2431.56958 2946.84424 22780.33603 12.375 3440.2 16.833 30350.0 29.078 "" "" 0.002817740374722486 0.0060006767 0.0039199246 0.009920601 271.31753383322 -23.65239177738 2638.99048 0.942 -0.571 1.101299999475479 0.9314000406265259 0.21030486 0.20130485 -51.47500000000001 3.507 18.042063993683495 54.545317838950865 3.7274822899517583 3.5317936203507667
271.51471399858 -23.6381593371 0.0234 0.0203 15.5272 "" "" 4066166451045610880 2692.9082 0.3397 0.029 0.136 -2.159 0.028 0.021 0.953 7180.2 3.47 14.794168 1.003087 15.195658 14.192571 "" "" 2516.40503 2865.33691 22765.61211 6.7796 11407.0 21.508 16677.0 49.968 "" "" 0.002774226587799635 0.0034606261 0.004986625 0.008447251 271.51471399858 -23.6381593371 2692.9082 0.13599999999999998 -2.159 0.29529999947547914 -0.6565999593734739 0.20530485 0.19830485 "" "" 9.189697555627871 "" 1.8333418942457125 ""
271.01224160572 -23.80283855566 0.0277 0.0228 15.5724 "" "" 4066148893218470400 2558.97559 0.3397 0.0297 0.407 -2.115 0.034 0.023 0.95 4641.9 2.4949 14.80234 2.458345 16.134905 13.676559 24.37 3.65 2390.67627 2770.39795 22594.91574 8.9813 4802.4 13.485 26825.0 16.577 "" "" 0.002788914377484253 0.004132761 0.0038384765 0.007971237 271.01224160572 -23.80283855566 2558.97559 0.407 -2.115 0.5662999994754792 -0.6125999593734743 0.21130484 0.20030485 -19.625000000000004 4.3570004 10.119082050010045 22.080227501881307 2.0789318164359467 3.987999775753486
271.21875982369 -23.69908961783 0.034 0.0279 7.4882 "" "" 4066171643693684864 2357.60107 0.3857 0.0447 -0.868 -1.494 0.046 0.029 1.269 9981.3 4.0374 14.802484 1.008682 15.163334 14.154652 "" "" 2093.76294 2581.39526 22591.93153 15.94 11751.0 52.494 17270.0 98.088 "" "" 0.002859830011247865 0.0055954834 0.0072326376 0.012828121 271.21875982369 -23.69908961783 2357.60107 -0.8679999999999999 -1.4939999999999984 -0.7087000005245209 0.008400040626525884 0.22330485 0.20630485 "" "" 7.920299402249031 "" 1.7686230990174874 ""
271.47869516879 -23.95264883892 0.0267 0.0227 13.5012 "" "" 4066105672992902144 2350.50659 0.3745 0.0338 8.354 -8.082 0.032 0.023 0.907 "" "" 14.806471 2.290476 16.012108 13.721632 -80.88 5.38 2150.34595 2592.72607 22509.11549 9.3596 5377.4 14.705 25734.0 24.266 "" "" 0.00279206181415185 0.004074345 0.0039155963 0.007989941 271.47869516879 -23.95264883892 2350.50659 8.353999999999983 -8.082 8.513299999475478 -6.579599959373475 0.20930485 0.20030485 -124.875 6.087 119.87620288898944 173.10132767856564 24.692741016476063 17.65502703523216
271.08751377677 -23.77236059273 0.028 0.0249 11.5788 "" "" 4066150306294502912 2431.85864 0.3672 0.036 2.095 0.318 0.037 0.025 0.945 15012.6 3.4327 14.809456 2.882264 16.434904 13.55264 -41.58 4.84 2208.74487 2634.97998 22447.31607 14.016 3643.0 12.543 30068.0 179.56 "" "" 0.0028374947792393617 0.0046647023 0.007504888 0.01216959 271.08751377677 -23.77236059273 2431.85864 2.095000000000002 0.31800000000000006 2.2542999994754793 1.820400040626526 0.21430485 0.20230485 -85.575 5.547 33.39994605329377 91.86205430624189 7.00231293020755 5.760514941566832
271.17835434409 -23.66094403821 0.0284 0.0255 10.6448 "" "" 4066174942228693632 2739.46729 0.3516 0.0402 0.088 -2.264 0.038 0.025 0.938 4889.6 3.4233 14.816112 1.83603 15.718353 13.882323 -61.66 3.97 2441.04907 3180.81641 22310.14029 7.9627 7048.2 11.779 22194.0 21.842 "" "" 0.0027824365262339775 0.0033282759 0.003927525 0.007255801 271.17835434409 -23.66094403821 2739.46729 0.088 -2.2640000000000002 0.24729999947547912 -0.7615999593734739 0.21530485 0.20230485 -105.655 4.677 10.397727624238351 106.16539815188302 2.116775833401729 4.659129688893927
271.48890627823 -23.63923038699 0.0254 0.0219 14.4141 "" "" 4066166794642998912 2437.07056 0.3662 0.0317 -0.867 -2.164 0.03 0.023 1.099 6852.7 4.0288 14.819105 1.095736 15.118987 14.023251 "" "" 2285.37354 2588.19946 22248.69827 7.7713 12241.0 42.279 19492.0 34.421 "" "" 0.002781296794945283 0.004674142 0.004237899 0.008912042 271.48890627823 -23.63923038699 2437.07056 -0.8670000000000001 -2.164000000000002 -0.7077000005245209 -0.6615999593734743 0.20730485 0.20030485 "" "" 11.191183853759712 "" 2.2837863709180577 ""
271.24768258069 -23.91525709116 0.0252 0.0219 7.2928 "" "" 4066132782827767040 2939.61426 0.305 0.0325 -0.689 -0.273 0.031 0.023 0.991 5104.5 2.755 14.821798 2.509804 16.19403 13.684227 -25.53 4.42 2664.03564 3266.20776 22193.58229 9.7071 4547.8 13.633 26636.0 20.149 "" "" 0.0027959440333934615 0.0042869905 0.0038675938 0.008154584 271.24768258069 -23.91525709116 2939.61426 -0.689 -0.273 -0.5297000005245208 1.2294000406265257 0.20830485 0.20030485 -69.525 5.127 18.65256162739189 71.98363480864003 3.7599537195822825 5.046820708099802
271.46491686386 -23.70530008754 0.027 0.0288 10.9456 "" "" 4066159927022545408 2549.18506 0.3611 0.0457 1.094 0.4 0.032 0.029 0.867 6978.6 3.2971 14.836654 1.366386 15.443634 14.077249 33.56 22.73 2260.74634 2872.77368 21891.98342 7.3814 9077.4 17.22 18546.0 25.695 "" "" 0.0027795332618855213 0.0034680334 0.004067742 0.007535775 271.46491686386 -23.70530008754 2549.18506 1.0940000000000007 0.4 1.2532999994754792 1.9024000406265258 0.20930485 0.20630485 -10.435000000000002 23.437 27.5269851766042 29.438480563931748 5.704070505716419 9.872468350134403
271.06181473749 -23.67378414214 0.0241 0.0207 14.9828 "" "" 4066152196080206336 2665.81421 0.3355 0.0284 0.12 -0.485 0.03 0.022 0.936 7308.8 3.4378 14.838259 1.334386 15.428588 14.094202 "" "" 2474.96826 2880.27612 21859.65676 21.637 9204.1 39.181 18259.0 52.326 "" "" 0.0029574854734111073 0.0053987782 0.0048954 0.0102941785 271.06181473749 -23.67378414214 2665.81421 0.12000000000000001 -0.48499999999999993 0.2792999994754791 1.017400040626526 0.20730485 0.19930485 "" "" 13.33145412052238 "" 2.66463685459407 ""
271.15094917944 -23.60625665978 0.0287 0.026 14.1897 "" "" 4066176174851739776 2597.13062 0.3583 0.039 0.08 -2.484 0.035 0.024 0.871 9714.5 4.1929 14.843902 0.887986 15.182116 14.29413 "" "" 2382.35742 2833.52319 21746.32902 10.294 11550.0 18.291 15188.0 88.074 "" "" 0.002802844270240297 0.003277411 0.0073433346 0.010620746 271.15094917944 -23.60625665978 2597.13062 0.08 -2.484 0.23929999947547914 -0.9815999593734741 0.21230485 0.20130485 "" "" 12.43778647217016 "" 2.5116591056258164 ""
271.36823508936 -23.75734467699 0.0261 0.0229 4.7904 "" "" 4066160025773938688 2470.38843 0.3647 0.0356 0.936 -1.078 0.032 0.024 0.987 4916.0 2.9829 14.845173 2.115553 15.896265 13.780712 -17.5 4.56 2257.09644 2730.08398 21720.88411 10.997 5982.9 34.348 24371.0 135.3 "" "" 0.0028096179332610157 0.0068292283 0.007114521 0.0139437495 271.36823508936 -23.75734467699 2470.38843 0.9359999999999999 -1.078 1.095299999475479 0.4244000406265258 0.20930485 0.20130485 -61.495000000000005 5.267 13.754704371259525 63.01449767585826 2.864802210031366 5.177892919810099
271.20934970888 -23.83883114214 0.0257 0.0217 5.24 "" "" 4066134569534215424 2850.94604 0.3123 0.0306 0.598 -2.182 0.033 0.023 0.965 4557.9 2.3944 14.847638 2.26963 16.045944 13.776314 -15.01 4.61 2598.68457 3116.69434 21671.62605 9.3513 5212.4 18.457 24470.0 26.917 "" "" 0.0027948661520019076 0.004750343 0.003963597 0.00871394 271.20934970888 -23.83883114214 2850.94604 0.5980000000000001 -2.181999999999999 0.7572999994754791 -0.6795999593734741 0.21030486 0.20030485 -59.005 5.3170004 13.750323103470922 60.58598361378518 2.8312470211214427 5.217969558136473
271.44136555548 -23.65602411284 0.0264 0.0231 11.855 "" "" 4066166695891124864 2888.38428 0.3094 0.0329 7.354 -6.277 0.032 0.024 1.006 5283.0 3.4429 14.857628 1.823583 15.748708 13.925125 "" "" 2634.74512 3146.45605 21473.13733 7.9731 6853.8 12.62 21336.0 29.446 "" "" 0.002784656415732091 0.003432459 0.004065591 0.00749805 271.44136555548 -23.65602411284 2888.38428 7.354000000000001 -6.276999999999999 7.513299999475479 -4.774599959373474 0.20930485 0.20130485 "" "" 121.87743601675061 "" 25.232915909634393 ""
271.25848619526 -23.82635812707 0.0257 0.0216 2.5212 "" "" 4066157899798827648 2706.85669 0.325 0.0295 2.265 -1.312 0.033 0.024 0.979 "" "" 14.863609 2.337125 16.101814 13.764689 -17.11 4.01 2505.70459 2889.64819 21355.16627 9.8834 4951.0 11.605 24733.0 19.346 "" "" 0.002800765239871891 0.0037764716 0.003873624 0.0076500955 271.25848619526 -23.82635812707 2706.85669 2.265 -1.3119999999999998 2.4242999994754793 0.19040004062652582 0.21030486 0.20130485 -61.105000000000004 4.717 31.200766907323114 68.60983078688585 6.559987952779154 5.152490539627423
271.33306331395 -23.64992258388 0.0261 0.0227 9.3498 "" "" 4066173013755596032 2806.48877 0.3109 0.0323 -2.515 -1.388 0.034 0.023 0.98 "" "" 14.868884 3.085795 16.687515 13.60172 32.4 4.29 2582.7395 3027.71533 21251.66325 12.733 2886.8 12.463 28739.0 27.62 "" "" 0.002831071973341665 0.00545496 0.003920783 0.009375743 271.33306331395 -23.64992258388 2806.48877 -2.5150000000000006 -1.3880000000000001 -2.355700000524521 0.11440004062652598 0.21130484 0.20030485 -11.595000000000006 4.9969997 31.37423488569353 33.448268111558015 6.628736880323371 6.454496087658663
271.38081481212 -23.89931985805 0.0277 0.0221 7.4706 "" "" 4066153570470751360 2520.14941 0.3487 0.0324 -1.023 0.377 0.033 0.024 0.923 4740.7 2.5282 14.870807 2.698877 16.386183 13.687305 -50.65 5.07 2360.27222 2751.64844 21214.07879 10.316 3810.2 13.42 26560.0 30.55 "" "" 0.0028054490802193422 0.004733791 0.0039803684 0.00871416 271.38081481212 -23.89931985805 2520.14941 -1.0230000000000001 0.377 -0.8637000005245208 1.8794000406265259 0.21030486 0.20130485 -94.64500000000001 5.7770004 24.707637665889656 97.81688700847565 5.013251944665811 5.731312117902265
271.16231735733 -23.73390607108 0.0266 0.0215 8.3965 "" "" 4066171295768257408 2758.0686 0.3217 0.0305 0.021 -1.138 0.036 0.023 1.0 "" "" 14.888969 0.872701 15.234929 14.362228 "" "" 2569.18164 2979.40942 20862.1468 8.1587 11001.0 18.713 14265.0 19.078 "" "" 0.0027878450038745397 0.0033460374 0.00404873 0.0073947674 271.16231735733 -23.73390607108 2758.0686 0.02099999999999999 -1.1380000000000001 0.18029999947547912 0.364400040626526 0.21330485 0.20030485 "" "" 5.31513003274377 "" 1.0785850571927031 ""
271.29592286548 -23.83857224154 0.0276 0.0227 2.1947 "" "" 4066157109524030464 2920.6626 0.3015 0.0344 -0.016 -1.458 0.032 0.024 1.041 "" "" 14.890656 1.256905 15.428262 14.171357 "" "" 2680.85181 3150.28467 20829.7492 6.3429 9206.9 18.025 17007.0 17.938 "" "" 0.0027750853090472254 0.0035076088 0.003949069 0.007456678 271.29592286548 -23.83857224154 2920.6626 -0.016 -1.458 0.1432999994754791 0.044400040626525916 0.20930485 0.20130485 "" "" 2.076879663526146 "" 0.43327111497149046 ""
271.34544878699 -23.82859987906 0.0263 0.0215 3.1533 "" "" 4066157350042141312 2879.86719 0.3057 0.0317 -0.009 -1.402 0.031 0.023 0.945 "" "" 14.891137 1.233724 15.419509 14.185785 "" "" 2684.67749 3132.9502 20820.53021 6.7306 9281.4 19.224 16782.0 18.049 "" "" 0.0027775850291395423 0.0035836066 0.0039556623 0.0075392686 271.34544878699 -23.82859987906 2879.86719 -0.009000000000000001 -1.402 0.15029999947547912 0.10040004062652597 0.20830485 0.20030485 "" "" 2.4673291161484627 "" 0.50794824348061 ""
271.37362168676 -23.75590405009 0.0283 0.0247 5.0848 "" "" 4066159274187570688 2378.4104 0.3881 0.0364 0.609 -1.738 0.036 0.026 1.035 "" "" 14.89169 1.116884 15.345051 14.228167 "" "" 2207.08691 2556.80176 20809.9241 18.198 9940.2 33.515 16140.0 48.302 "" "" 0.0029143210132480703 0.004602829 0.0049841236 0.009586953 271.37362168676 -23.75590405009 2378.4104 0.6089999999999992 -1.738 0.7682999994754791 -0.2355999593734741 0.21330485 0.20330486 "" "" 9.059652600159756 "" 1.9248483519981527 ""
271.49565546753 -23.66125694449 0.0245 0.0216 13.8448 "" "" 4066166038728646016 2568.96313 0.3487 0.0308 0.312 -2.221 0.03 0.023 1.013 6537.1 3.1475 14.891837 1.598925 15.635804 14.03688 -18.41 7.74 2394.99707 2734.75439 20807.12476 6.0595 7604.9 15.246 19249.0 17.578 "" "" 0.002773403313710359 0.0035387587 0.003907271 0.00744603 271.49565546753 -23.66125694449 2568.96313 0.312 -2.221 0.4712999994754791 -0.7185999593734742 0.20730485 0.20030485 -62.405 8.447 10.464398813962415 63.27628044960969 2.118368062317409 8.338051759014727
271.43765737279 -23.80614214018 0.0269 0.0237 7.7855 "" "" 4066155936964813312 2489.53979 0.3622 0.0365 -1.768 -2.342 0.033 0.025 0.898 7974.3 3.8075 14.894915 1.516989 15.588876 14.071887 -10.82 7.6 2300.34644 2720.86523 20748.23108 21.702 7940.8 45.694 18638.0 45.687 "" "" 0.002980181398505491 0.0068424144 0.0046224473 0.011464862 271.43765737279 -23.80614214018 2489.53979 -1.7679999999999998 -2.3420000000000005 -1.608700000524521 -0.8395999593734742 0.21030486 0.20230485 -54.815000000000005 8.307 21.41326923233624 58.84906391962848 4.4671941480919335 7.906452564446536
271.20172743425 -23.88504507505 0.0701 0.0611 7.1794 "" "" 4066133847979688448 2420.90552 0.4738 0.0889 0.198 -2.081 0.087 0.065 2.516 7564.1 3.483 14.903481 1.392504 15.496843 14.10434 "" "" 1926.39612 3386.14233 20585.1637 23.654 8643.3 19.29 18089.0 22.63 "" "" 0.003024613932708888 0.0036954856 0.0040160543 0.00771154 271.20172743425 -23.88504507505 2420.90552 0.19800000000000004 -2.081 0.35729999947547914 -0.5785999593734741 0.26430485 0.24230485 "" "" 7.80341031415228 "" 1.9397162931741756 ""
271.53868957843 -23.70358158416 0.0281 0.0246 14.582 "" "" 4066162744520980992 2644.50049 0.3404 0.0339 0.685 -1.938 0.034 0.025 1.108 9003.4 3.3855 14.906529 1.086825 15.358467 14.271642 "" "" 2399.19629 2928.67285 20527.45697 6.2057 9818.2 21.033 15506.0 16.791 "" "" 0.002774801823504974 0.003632482 0.003958033 0.0075905146 271.53868957843 -23.70358158416 2644.50049 0.6849999999999999 -1.9379999999999993 0.8442999994754792 -0.43559995937347407 0.21130484 0.20230485 "" "" 11.908778222733114 "" 2.494233155769479 ""
271.02719522895 -23.85994566038 0.0254 0.0211 15.1525 "" "" 4066145457244376192 2549.17676 0.3488 0.0274 -0.697 -3.039 0.033 0.022 0.955 "" "" 14.908045 1.435285 15.551761 14.116476 "" "" 2382.74756 2730.65747 20498.80988 6.3994 8217.0 22.552 17888.0 17.624 "" "" 0.0027760900785642395 0.0040822322 0.0039278506 0.008010083 271.02719522895 -23.85994566038 2549.17676 -0.697 -3.039 -0.5377000005245208 -1.5365999593734743 0.21030486 0.19930485 "" "" 19.670825808121137 "" 3.9446729588129505 ""
271.14550238215 -23.81695973071 0.0263 0.0223 8.305 "" "" 4066146251845306624 2557.73071 0.3519 0.0308 -0.03 -3.281 0.036 0.025 0.976 8732.8 3.7222 14.915335 1.251685 15.447747 14.196062 "" "" 2364.92358 2823.30444 20361.64358 9.2831 9043.1 22.884 16624.0 20.201 "" "" 0.0027994309472704143 0.003915846 0.004003052 0.007918898 271.14550238215 -23.81695973071 2557.73071 -0.029999999999999992 -3.281 0.12929999947547913 -1.7785999593734743 0.21330485 0.20230485 "" "" 21.620016799931406 "" 4.375118423693785 ""
271.41532980344 -23.60010608505 0.028 0.0249 13.776 "" "" 4066178927958098304 2474.62427 0.3664 0.0366 -0.945 -2.098 0.037 0.026 0.967 5003.7 3.3354 14.918918 2.045864 15.95132 13.905456 -25.93 6.06 2280.94214 2690.99609 20294.56253 9.1117 5687.1 14.258 21726.0 23.525 "" "" 0.002798108678537276 0.003898008 0.0039580115 0.00785602 271.41532980344 -23.60010608505 2474.62427 -0.9449999999999998 -2.098 -0.7857000005245208 -0.595599959373474 0.21430485 0.20330486 -69.92500000000001 6.767 11.56471661772973 70.87487774556226 2.4327218858100945 6.688097840583531
271.27236450016 -23.54488375728 0.0304 0.0295 15.4808 "" "" 4066177480522046336 2825.85425 0.3269 0.0443 0.582 -5.139 0.037 0.027 0.935 4939.7 3.2038 14.926254 1.950328 15.899979 13.949651 65.23 3.89 2532.15356 3223.56494 20157.89137 7.97 5962.5 27.636 20859.0 19.743 "" "" 0.002788560208242405 0.005754096 0.003916604 0.0096707 271.27236450016 -23.54488375728 2825.85425 0.582 -5.139000000000001 0.7412999994754791 -3.6365999593734744 0.21430485 0.20430484 21.235 4.597 49.71234021108397 54.05776534654902 10.176769631065616 9.531336819896692
271.23394506002 -23.69283936185 0.0275 0.0235 7.3806 "" "" 4066171678053411072 2380.28882 0.397 0.0359 -0.073 -1.04 0.038 0.024 0.979 9088.7 3.9475 14.927604 0.9664 15.316205 14.349805 "" "" 2181.39795 2723.43457 20132.84773 6.5689 10208.0 37.053 14429.0 18.331 "" "" 0.0027779999215001715 0.0048287236 0.004023224 0.008851947 271.23394506002 -23.69283936185 2380.28882 -0.073 -1.0399999999999998 0.08629999947547913 0.46240004062652584 0.21530485 0.20130485 "" "" 5.307144497306156 "" 1.0709387296343067 ""
271.33344547994 -23.805508838 0.0276 0.024 2.0714 "" "" 4066157624920105088 2365.68213 0.3893 0.037 0.596 0.008 0.033 0.025 1.008 5028.7 3.2245 14.932028 2.166059 16.054647 13.888589 31.62 4.14 2204.08057 2578.05029 20050.98459 9.5483 5170.8 10.574 22066.0 20.396 "" "" 0.002803410083379289 0.0035657606 0.0039103543 0.0074761147 271.33344547994 -23.805508838 2365.68213 0.5959999999999996 0.008000000000000005 0.7552999994754791 1.5104000406265259 0.21030486 0.20230485 -12.375000000000004 4.847 18.93621716801633 22.62124986896782 3.8616685677581377 4.180964316206233
271.31522269932 -23.62740825446 0.0268 0.0231 10.5288 "" "" 4066173773997440640 2874.78638 0.3116 0.0327 -0.689 -2.481 0.036 0.025 0.95 "" "" 14.938235 0.896651 15.295961 14.39931 "" "" 2631.20093 3217.49072 19936.66547 8.034 10400.0 19.067 13786.0 15.801 "" "" 0.0027898419684395624 0.0034274396 0.0039789868 0.0074064266 271.31522269932 -23.62740825446 2874.78638 -0.6890000000000002 -2.481 -0.5297000005245208 -0.978599959373474 0.21330485 0.20230485 "" "" 15.163041718698537 "" 3.106136826909533 ""
271.08283193497 -23.62830674752 0.0275 0.0219 15.6719 "" "" 4066175904301577088 2825.94189 0.3162 0.0319 0.763 -0.978 0.033 0.022 0.968 8700.0 3.5319 14.942258 1.011264 15.357722 14.346458 "" "" 2617.198 3090.39258 19862.94166 5.9147 9824.9 18.795 14474.0 20.384 "" "" 0.0027742234985303022 0.0034783639 0.004076979 0.007555343 271.08283193497 -23.62830674752 2825.94189 0.7630000000000001 -0.978 0.9222999994754791 0.5244000406265259 0.21030486 0.19930485 "" "" 14.211499945906219 "" 2.9513208564212063 ""
271.51379637012 -23.73831531554 0.0275 0.0261 12.5596 "" "" 4066162504002790784 2507.13086 0.364 0.0395 -0.865 -1.18 0.033 0.025 0.922 4971.7 2.9167 14.944903 2.179419 16.074928 13.89551 15.99 5.3 2275.22266 2792.13159 19814.6024 10.166 5075.1 14.232 21926.0 35.113 "" "" 0.0028110650603903227 0.0041298056 0.0041601583 0.008289964 271.51379637012 -23.73831531554 2507.13086 -0.865 -1.18 -0.7057000005245209 0.32240004062652594 0.21030486 0.20230485 -28.005000000000003 6.007 9.220131105210529 29.483738612958685 1.926503472603932 5.737440380309715
271.14621885034 -23.70902127963 0.03 0.0243 9.9344 "" "" 4066174319425367040 2358.75 0.3825 0.0359 -0.084 -0.023 0.04 0.027 1.052 4774.4 3.2235 14.952037 1.997331 15.951764 13.954433 -8.02 4.82 2167.68042 2641.79932 19684.84626 10.305 5684.7 15.193 20768.0 21.045 "" "" 0.0028133338723175696 0.0040255697 0.003936268 0.007961838 271.14621885034 -23.70902127963 2358.75 -0.084 -0.023 0.07529999947547912 1.479400040626526 0.21730486 0.20430484 -52.015 5.5270004 16.561806988515194 54.588036012709146 3.3842313950569123 5.3656387178472995
271.58394467836 -23.76498518725 0.0267 0.0248 15.9697 "" "" 4066161335771564416 2727.48291 0.3321 0.0356 0.679 -0.73 0.031 0.023 0.993 5057.6 2.7098 14.969617 2.658844 16.451452 13.792608 -33.16 3.49 2447.28467 2963.58936 19368.68132 12.734 3587.9 11.809 24105.0 23.591 "" "" 0.0028462834227165846 0.004533778 0.003925916 0.008459694 271.58394467836 -23.76498518725 2727.48291 0.6790000000000007 -0.73 0.8382999994754792 0.7724000406265259 0.20830485 0.20030485 -77.155 4.197 14.736801706221103 78.54977625384099 3.016187772403872 4.161131340203342
271.07978754241 -23.7731932624 0.0311 0.0266 11.9908 "" "" 4066150271934770432 2578.86646 0.3665 0.0391 0.214 -2.749 0.041 0.028 0.974 4870.9 3.1006 14.971428 2.216312 16.114374 13.898063 -12.48 7.69 2304.08789 2940.34424 19336.39778 9.1217 4894.0 11.882 21874.0 28.41 "" "" 0.002802520307538592 0.0038384486 0.00403389 0.007872338 271.07978754241 -23.7731932624 2578.86646 0.21400000000000008 -2.7489999999999997 0.3732999994754791 -1.2465999593734742 0.21830484 0.20530485 -56.47500000000001 8.397 15.906784651458413 58.67240767982744 3.283249132336102 8.131381795191189
271.15937246977 -23.71328115034 0.0293 0.0241 9.1951 "" "" 4066171403164006912 2464.60693 0.3634 0.035 -1.843 -4.667 0.038 0.025 1.03 "" "" 14.978967 1.442382 15.563354 14.120972 "" "" 2272.63843 2684.45923 19202.60121 10.654 8129.7 47.184 17814.0 72.046 "" "" 0.002820400993180851 0.0068915933 0.005793568 0.012685161 271.15937246977 -23.71328115034 2464.60693 -1.8430000000000004 -4.667 -1.6837000005245208 -3.164599959373474 0.21530485 0.20230485 "" "" 41.876441853392365 "" 8.594875776459363 ""
271.03108461786 -23.74138856345 0.0293 0.0256 14.9891 "" "" 4066151371446451840 3001.79565 0.309 0.0343 -0.293 -3.355 0.036 0.025 0.995 8127.2 2.6977 14.979513 1.567088 15.678913 14.111825 "" "" 2703.17847 3289.2561 19192.9348 7.7161 7308.9 27.027 17965.0 115.83 "" "" 0.002789680737855032 0.004889185 0.007955392 0.012844577 271.03108461786 -23.74138856345 3001.79565 -0.29300000000000037 -3.3549999999999995 -0.13370000052452086 -1.852599959373474 0.21330485 0.20230485 "" "" 26.42829572955568 "" 5.348119539510628 ""
271.38182752699 -23.77739019173 0.0277 0.0243 4.9428 "" "" 4066159205468045184 2752.84741 0.3268 0.0379 -1.988 -5.702 0.034 0.025 0.943 4303.7 2.1597 14.985184 2.589063 16.414661 13.825599 -59.73 14.48 2487.16431 3069.33765 19092.95771 8.9882 3711.5 14.721 23384.0 27.235 "" "" 0.002802326569129053 0.0051312707 0.003985322 0.009116593 271.38182752699 -23.77739019173 2752.84741 -1.9879999999999993 -5.702 -1.8287000005245209 -4.199599959373474 0.21130484 0.20230485 -103.725 15.186999 59.76835901467144 119.71270761413199 12.178759593892387 14.495679509371467
271.424371392 -23.75699248534 0.0286 0.0283 7.5526 "" "" 4066159166780486016 2632.80518 0.3416 0.0425 1.141 0.047 0.033 0.027 0.893 4687.6 2.3447 14.999113 2.088795 16.073074 13.98428 "" "" 2370.98901 2942.8772 18849.57555 8.4649 5083.8 13.216 20204.0 24.555 "" "" 0.0027981283412403515 0.0039688316 0.0040031173 0.007971949 271.424371392 -23.75699248534 2632.80518 1.1410000000000013 0.047 1.3002999994754791 1.5494000406265258 0.21030486 0.20430484 "" "" 25.242602464203312 "" 5.22030790528631 ""
271.48985302726 -23.71842295195 0.0267 0.0254 11.7718 "" "" 4066165527659837696 2679.97534 0.3529 0.0391 1.5 -0.776 0.032 0.025 1.031 9311.8 4.0021 14.999927 1.074855 15.4475 14.372645 "" "" 2389.89893 3120.79907 18835.45926 6.2452 9045.2 24.122 14129.0 15.577 "" "" 0.0027787379509698297 0.0040210458 0.0039644106 0.007985456 271.48985302726 -23.71842295195 2679.97534 1.5 -0.776 1.6592999994754791 0.7264000406265259 0.20930485 0.20230485 "" "" 23.00953562925917 "" 4.79046934997975 ""
271.33636053591 -23.72894085826 0.0293 0.0252 4.914 "" "" 4066160304979819648 2538.79443 0.3561 0.0381 -2.355 -4.033 0.036 0.026 1.01 "" "" 15.006007 1.175762 15.504114 14.328352 "" "" 2261.8606 2924.18799 18730.26847 6.5328 8585.6 28.054 14717.0 21.389 "" "" 0.0027812214534146907 0.0045134597 0.0040955683 0.0086090285 271.33636053591 -23.72894085826 2538.79443 -2.354999999999995 -4.033 -2.195700000524521 -2.5305999593734745 0.21330485 0.20330486 "" "" 40.31806898176054 "" 8.372402273775513 ""
271.40046873215 -23.58733752743 0.0267 0.023 14.1026 "" "" 4066179202836047488 2355.23633 0.3834 0.0325 -0.513 -3.812 0.034 0.024 1.017 8474.4 3.6334 15.010411 1.151137 15.494914 14.343777 "" "" 2219.63794 2538.48315 18654.44875 6.4365 8658.7 20.8 14509.0 23.028 "" "" 0.0027806707826231645 0.0038193676 0.0041537024 0.00797307 271.40046873215 -23.58733752743 2355.23633 -0.5129999999999993 -3.8120000000000007 -0.3537000005245209 -2.309599959373474 0.21130484 0.20130485 "" "" 26.08456073902166 "" 5.2570709545983 ""
271.46399201667 -23.6767419195 0.0264 0.024 11.9039 "" "" 4066165866939759488 2682.52832 0.3308 0.0354 -1.353 -1.979 0.033 0.025 0.975 8844.6 3.761 15.020151 1.110368 15.48346 14.373093 "" "" 2474.06519 2930.71704 18487.85312 5.5793 8750.5 21.445 14123.0 20.221 "" "" 0.002774733782686071 0.0038555253 0.0040866 0.007942125 271.46399201667 -23.6767419195 2682.52832 -1.353 -1.979 -1.1937000005245209 -0.4765999593734742 0.21030486 0.20230485 "" "" 16.343178095366017 "" 3.4193695909738304 ""
271.10368839815 -23.63601142715 0.0378 0.0311 14.5145 "" "" 4066175831254227712 2435.5249 0.3766 0.0462 -0.029 -1.223 0.046 0.032 1.271 9584.7 4.499 15.024284 0.863763 15.309219 14.445457 "" "" 2196.42627 2718.63062 18417.59602 16.181 10274.0 46.801 13212.0 100.58 "" "" 0.0029157655740609 0.005678588 0.009088546 0.014767135 271.10368839815 -23.63601142715 2435.5249 -0.029 -1.223 0.13029999947547913 0.2794000406265258 0.22330485 0.20930485 "" "" 3.5590146749848204 "" 0.7540614209153677 ""
271.19399531494 -23.75177354148 0.0279 0.0229 6.3555 "" "" 4066171059578086144 2984.68896 0.306 0.0325 0.576 -0.719 0.04 0.025 1.048 6599.4 2.8914 15.025791 1.319009 15.596067 14.277059 "" "" 2730.18994 3414.75562 18392.05416 6.7502 7888.4 16.864 15429.0 20.13 "" "" 0.0027839861285021915 0.0036294085 0.0040361276 0.0076655364 271.19399531494 -23.75177354148 2984.68896 0.576 -0.7189999999999999 0.7352999994754791 0.7834000406265259 0.21730486 0.20230485 "" "" 15.20029931869064 "" 3.1839159509859782 ""
271.18281006119 -23.63419937622 0.0326 0.0312 11.8303 "" "" 4066175285826116736 2380.65552 0.3905 0.0492 3.742 -2.255 0.043 0.029 1.007 5641.8 4.1292 15.02998 1.257813 15.577019 14.319205 "" "" 2126.44604 2664.08691 18321.2394 6.8901 8028.0 14.074 14841.0 17.081 "" "" 0.0027854102512144346 0.003377581 0.0039806096 0.0073581906 271.18281006119 -23.63419937622 2380.65552 3.742000000000001 -2.2550000000000012 3.901299999475479 -0.752599959373474 0.22030485 0.20630485 "" "" 44.83513604368611 "" 9.855568238753948 ""
271.27674423979 -23.5315462294 0.0325 0.0303 16.261 "" "" 4066177583601312896 2544.40796 0.3783 0.0451 0.615 -0.615 0.039 0.029 0.937 "" "" 15.03362 1.036668 15.462832 14.426165 "" "" 2237.20825 2930.09399 18259.91584 6.5124 8918.3 14.295 13449.0 33.802 "" "" 0.0027823973167655767 0.0032884227 0.0046615712 0.007949994 271.27674423979 -23.5315462294 2544.40796 0.6149999999999999 -0.6149999999999999 0.7742999994754791 0.8874000406265259 0.21630485 0.20630485 "" "" 14.203858679966821 "" 2.9925486226176936 ""
271.153147958 -23.66928080157 0.0311 0.026 11.1753 "" "" 4066174770430026112 2904.19067 0.3157 0.0374 -0.538 -1.933 0.04 0.026 1.023 7277.6 4.1287 15.034029 1.36988 15.630063 14.260183 "" "" 2622.95288 3260.86719 18253.03601 7.916 7645.2 19.544 15671.0 27.381 "" "" 0.0027952641718914373 0.0039355713 0.00422877 0.008164341 271.153147958 -23.66928080157 2904.19067 -0.5379999999999999 -1.9330000000000003 -0.3787000005245209 -0.4305999593734742 0.21730486 0.20330486 "" "" 7.89385589535799 "" 1.6539662805448967 ""
271.44196142633 -23.76210868015 0.0282 0.0255 8.3686 "" "" 4066159102388760704 2469.72046 0.3709 0.037 0.263 -2.098 0.035 0.027 0.954 6699.8 2.7888 15.041553 1.028403 15.461802 14.433398 "" "" 2301.34082 2718.37671 18126.96821 7.2328 8926.8 21.332 13360.0 25.05 "" "" 0.002789169491435815 0.0038100758 0.0042927875 0.008102863 271.44196142633 -23.76210868015 2469.72046 0.263 -2.098 0.42229999947547914 -0.595599959373474 0.21230485 0.20430484 "" "" 8.547142630103211 "" 1.7693919269192082 ""
271.18699467851 -23.61025107806 0.0333 0.0296 12.9675 "" "" 4066175388905364736 2533.64624 0.378 0.0447 -0.084 -2.059 0.043 0.03 0.972 "" "" 15.041562 0.895853 15.398319 14.502466 "" "" 2264.20898 2855.69727 18126.8297 6.356 9464.3 23.51 12536.0 22.25 "" "" 0.002781496755604511 0.0038806067 0.004242321 0.0081229275 271.18699467851 -23.61025107806 2533.64624 -0.08400000000000003 -2.059 0.07529999947547912 -0.5565999593734743 0.22030485 0.20730485 "" "" 6.745370861577881 "" 1.3999726416208014 ""
271.29379808595 -23.83796957821 0.0282 0.0231 2.1616 "" "" 4066157109524034944 2636.51929 0.341 0.0326 -0.098 -2.282 0.035 0.025 1.061 10441.6 3.7899 15.042787 1.204666 15.530446 14.32578 "" "" 2462.59375 2858.47266 18106.40672 10.515 8379.9 26.899 14752.0 69.891 "" "" 0.002826543716936295 0.004464451 0.006383079 0.01084753 271.29379808595 -23.83796957821 2636.51929 -0.098 -2.282000000000001 0.06129999947547912 -0.7795999593734741 0.21230485 0.20230485 "" "" 9.772811521044417 "" 1.97770247264402 ""
271.1901926112 -23.63868223076 0.0322 0.0293 11.3902 "" "" 4066175285826096384 2426.01782 0.3758 0.0445 -0.399 -1.754 0.043 0.029 0.929 9663.1 4.2828 15.048098 0.846906 15.304204 14.457298 "" "" 2198.27661 2701.48315 18018.05097 15.45 10321.0 82.696 13069.0 97.347 "" "" 0.0029083554871740976 0.009135853 0.008926839 0.018062692 271.1901926112 -23.63868223076 2426.01782 -0.399 -1.754 -0.2397000005245209 -0.2515999593734741 0.22030485 0.20630485 "" "" 3.9960546278269673 "" 0.851482071050583 ""
271.22996562872 -23.6018799728 0.0314 0.0282 12.5415 "" "" 4066176930765998080 2664.45337 0.3467 0.0449 0.052 -1.996 0.042 0.028 1.027 5239.3 3.5473 15.052769 1.513574 15.738887 14.225313 "" "" 2428.9043 2991.06177 17940.696 9.6219 6916.1 20.455 16182.0 29.067 "" "" 0.0028161784726533383 0.004254013 0.004252909 0.008506922 271.22996562872 -23.6018799728 2664.45337 0.05199999999999999 -1.996 0.21129999947547912 -0.4935999593734741 0.21930484 0.20530485 "" "" 6.78110091749626 "" 1.4073148428662 ""
271.53829080674 -23.71029516434 0.0266 0.0232 14.403 "" "" 4066162641441755904 2683.56006 0.3319 0.033 0.194 -2.558 0.032 0.024 0.952 7163.2 2.8606 15.05428 1.700205 15.857997 14.157792 "" "" 2469.23315 2984.19897 17915.74107 6.2177 6197.5 10.815 17220.0 17.368 "" "" 0.0027809662215681195 0.0033726597 0.0039348314 0.0073074913 271.53829080674 -23.71029516434 2683.56006 0.19399999999999984 -2.5580000000000003 0.35329999947547913 -1.055599959373474 0.20930485 0.20130485 "" "" 14.15940393579917 "" 2.8619704858029618 ""
271.37945602405 -23.61621040504 0.0284 0.0248 12.055 "" "" 4066178992350228096 2426.38989 0.3759 0.0372 0.864 -0.916 0.036 0.027 1.028 "" "" 15.05477 0.91125 15.420703 14.509453 "" "" 2240.72827 2649.01514 17907.64889 6.2209 9271.2 18.163 12456.0 15.785 "" "" 0.0027810156069748206 0.0035084689 0.0040220465 0.007530515 271.37945602405 -23.61621040504 2426.38989 0.8639999999999998 -0.9159999999999993 1.023299999475479 0.5864000406265258 0.21330485 0.20430484 "" "" 13.564498039548788 "" 2.8636784846073717 ""
271.33687233991 -23.79881002978 0.0285 0.0251 2.257 "" "" 4066157654951773184 2864.1853 0.3094 0.0379 -0.048 -1.425 0.036 0.026 0.958 8597.7 3.2853 15.055663 1.191719 15.558291 14.366572 "" "" 2616.5105 3149.56226 17892.92606 6.2691 8167.7 21.454 14208.0 19.748 "" "" 0.0027814562101385583 0.0039897775 0.00406953 0.008059308 271.33687233991 -23.79881002978 2864.1853 -0.048 -1.425 0.11129999947547912 0.07740004062652583 0.21330485 0.20330486 "" "" 1.8404921379786296 "" 0.3866827552744266 ""
271.24081214404 -23.5720048089 0.0324 0.0293 14.1275 "" "" 4066177038172791424 2765.50366 0.3449 0.0414 1.015 -0.726 0.043 0.029 0.933 9001.4 3.9291 15.057274 0.927497 15.435865 14.508368 "" "" 2451.14038 3110.84229 17866.41123 6.4612 9142.6 28.013 12468.0 18.595 "" "" 0.002783156404440011 0.00434189 0.004111668 0.008453558 271.24081214404 -23.5720048089 2765.50366 1.015 -0.726 1.174299999475479 0.7764000406265259 0.22030485 0.20630485 "" "" 18.45355430573986 "" 3.988596504580777 ""
271.17381886435 -23.56943407001 0.03 0.0264 15.4824 "" "" 4066177931526098048 2648.13647 0.3442 0.0389 -0.557 -2.179 0.038 0.026 0.889 9202.8 4.1683 15.058335 0.976312 15.451457 14.475145 "" "" 2443.96411 2906.79077 17848.94836 6.7662 9012.3 25.594 12856.0 20.455 "" "" 0.002785891106349072 0.0041583977 0.004155476 0.008313874 271.17381886435 -23.56943407001 2648.13647 -0.5569999999999999 -2.179 -0.3977000005245209 -0.676599959373474 0.21530485 0.20330486 "" "" 9.851274472467896 "" 2.0338232098126388 ""
271.07124010994 -23.80067741867 0.0305 0.0272 12.3338 "" "" 4066147209591310080 2576.09229 0.336 0.0391 -1.538 -6.141 0.04 0.028 0.903 4770.6 3.1211 15.061309 2.454372 16.390568 13.936196 -1.9 5.89 2333.28271 2873.18677 17800.13888 9.0824 3794.8 14.032 21119.0 18.331 "" "" 0.002810461494017858 0.00488907 0.0038951063 0.008784177 271.07124010994 -23.80067741867 2576.09229 -1.537999999999998 -6.141 -1.378700000524521 -4.638599959373474 0.21730486 0.20530485 -45.895 6.597 59.08936358364441 74.81914135914768 12.190426937461726 10.443430583300232
271.32589587334 -23.63096813386 0.0324 0.0282 10.393 "" "" 4066173769669927296 2436.58691 0.3724 0.0398 -1.075 -1.127 0.04 0.027 0.977 6653.5 3.9235 15.062998 1.311237 15.642501 14.331264 "" "" 2157.27612 2691.67407 17772.46829 6.4126 7558.2 24.911 14678.0 16.088 "" "" 0.0027830304840214225 0.004537673 0.003962311 0.008499984 271.32589587334 -23.63096813386 2436.58691 -1.075 -1.1269999999999991 -0.9157000005245208 0.3754000406265259 0.21730486 0.20430484 "" "" 11.430028739394757 "" 2.4629730401462098 ""
271.51123871684 -23.80656577885 0.0298 0.03 11.824 "" "" 4066155421568732160 2523.75684 0.3646 0.0462 -0.385 -1.539 0.035 0.026 0.919 "" "" 15.069221 1.783854 15.911605 14.12775 -46.59 8.04 2247.45142 2851.9751 17670.88466 10.259 5899.0 19.572 17703.0 40.706 "" "" 0.0028265015293457776 0.0045564994 0.0045294994 0.009085999 271.51123871684 -23.80656577885 2523.75684 -0.385 -1.5390000000000001 -0.22570000052452088 -0.036599959373474045 0.21230485 0.20330486 -90.58500000000001 8.747 2.7352299072826223 90.62628596409374 0.5800848481685154 8.743032462502125
271.15626621853 -23.63980276373 0.032 0.0286 12.3911 "" "" 4066175217106669696 2376.34595 0.3829 0.0451 -0.958 -3.956 0.042 0.028 0.827 4745.8 2.3745 15.069665 2.432615 16.346476 13.91386 18.55 5.33 2168.18677 2629.85107 17663.66741 10.401 3952.1 18.498 21558.0 162.48 "" "" 0.002828519028744395 0.0057974267 0.009013667 0.014811093 271.15626621853 -23.63980276373 2376.34595 -0.9579999999999999 -3.9559999999999995 -0.7987000005245208 -2.453599959373474 0.21930484 0.20530485 -25.445000000000004 6.0369997 29.064464859602378 38.628889999261716 6.007255494977778 6.020179282013428
271.09455749254 -23.61647715234 0.0285 0.0234 15.6924 "" "" 4066175934333524864 2737.5459 0.3273 0.0334 1.171 -0.643 0.036 0.025 0.881 7494.5 3.0131 15.069836 1.668309 15.851784 14.183475 "" "" 2496.72729 3008.802 17660.88522 7.4289 6233.1 11.948 16818.0 23.04 "" "" 0.0027929141455035407 0.0034808726 0.0040615434 0.007542416 271.09455749254 -23.61647715234 2737.5459 1.171000000000002 -0.643 1.3302999994754792 0.8594000406265259 0.21330485 0.20230485 "" "" 20.550698693616507 "" 4.31822960532741 ""
271.32143152659 -23.73482872312 0.031 0.0275 4.2667 "" "" 4066158891902700928 2482.19531 0.3743 0.0388 -0.674 -0.801 0.041 0.028 0.982 5188.7 3.2367 15.076574 1.668746 15.864177 14.195431 "" "" 2246.76172 2702.91455 17551.6085 6.8435 6162.3 21.32 16634.0 21.485 "" "" 0.002787651904820544 0.00467925 0.004031175 0.008710425 271.32143152659 -23.73482872312 2482.19531 -0.6740000000000008 -0.8009999999999999 -0.5147000005245209 0.7014000406265258 0.21830484 0.20530485 "" "" 10.235928984881395 "" 2.148998299655246 ""
271.56540577877 -23.74684109467 0.028 0.0254 15.1632 "" "" 4066161610649514624 2517.7417 0.3397 0.0371 -0.779 -0.999 0.035 0.028 0.979 4761.6 2.6921 15.079263 3.011322 16.837738 13.826416 -9.87 4.3 2321.42407 2759.13428 17508.21074 10.503 2513.7 10.779 23366.0 22.253 "" "" 0.0028312559187296115 0.005427801 0.0039182804 0.009346081 271.56540577877 -23.74684109467 2517.7417 -0.7790000000000002 -0.9990000000000002 -0.6197000005245209 0.5034000406265259 0.21230485 0.20530485 -53.865 5.007 9.52816053524547 54.701225472428035 1.9966263033873064 4.942707951562439
271.18165491651 -23.92760280284 0.0304 0.026 9.8031 "" "" 4066132160025361152 2618.39868 0.3404 0.0364 0.09 -1.943 0.038 0.027 0.971 5028.5 3.1941 15.084855 2.400007 16.37423 13.974222 -26.24 16.12 2357.82886 2836.80908 17418.25679 7.8438 3852.3 14.16 20392.0 25.73 "" "" 0.002798364046114626 0.0048695053 0.0040200106 0.008889516 271.18165491651 -23.92760280284 2618.39868 0.09 -1.943 0.24929999947547912 -0.4405999593734742 0.21530485 0.20430484 -70.235 16.827002 6.283049304525179 70.51547300814974 1.3007555683770784 16.760473448839
271.18215774002 -23.79887348339 0.0265 0.0222 6.2474 "" "" 4066146694195241216 2697.72974 0.3311 0.0303 0.079 -3.66 0.036 0.024 0.969 4744.8 2.9333 15.086704 1.998648 16.0873 14.088652 -19.08 3.72 2494.49146 2933.0083 17388.6236 7.457 5017.6 9.5005 18353.0 40.525 "" "" 0.0027943841914973137 0.003465724 0.004475628 0.007941352 271.18215774002 -23.79887348339 2697.72974 0.07899999999999996 -3.659999999999996 0.23829999947547914 -2.1575999593734743 0.21330485 0.20130485 -63.075 4.427 27.757512885951627 68.91251806902554 5.59185439729234 4.6359230490736865
271.03068458912 -23.82756110368 0.0323 0.027 14.639 "" "" 4066148515261227904 2540.88135 0.346 0.0331 0.243 -1.785 0.04 0.028 0.904 4779.1 2.2429 15.089838 2.488358 16.444593 13.956236 12.14 5.51 2343.34058 2755.50439 17338.49878 8.6105 3610.6 12.361 20733.0 19.957 "" "" 0.0028075816002342798 0.0046477434 0.003921219 0.008568963 271.03068458912 -23.82756110368 2540.88135 0.24300000000000002 -1.7850000000000001 0.4022999994754791 -0.28259995937347404 0.21730486 0.20530485 -31.855000000000004 6.217 5.921179999829749 32.400638845405254 1.263666178602538 6.116664390301731
271.20059789713 -23.57425133798 0.0312 0.0279 14.6337 "" "" 4066177759727352960 2636.40869 0.3495 0.04 -1.461 -2.016 0.04 0.028 1.022 6818.8 3.4521 15.097571 1.427233 15.740684 14.313451 "" "" 2388.90503 2912.15088 17215.44275 7.1464 6904.7 17.213 14920.0 18.633 "" "" 0.002791939357449041 0.0038873046 0.004015256 0.007902561 271.20059789713 -23.57425133798 2636.40869 -1.461 -2.016 -1.301700000524521 -0.5135999593734741 0.21730486 0.20530485 "" "" 17.487207578526814 "" 3.772467602688149 ""
271.03959062566 -23.7598346121 0.032 0.0269 14.2988 "" "" 4066150443733584640 2707.25244 0.3366 0.0394 -2.077 -1.909 0.043 0.03 0.957 4968.1 3.3361 15.098744 2.195137 16.244797 14.04966 -40.62 7.16 2418.28125 3016.65552 17196.85765 9.4235 4340.1 15.016 19024.0 29.88 "" "" 0.0028188235630990767 0.0046793204 0.0041463003 0.008825621 271.03959062566 -23.7598346121 2707.25244 -2.077000000000004 -1.9090000000000003 -1.9177000005245208 -0.40659995937347415 0.22030485 0.20730485 -84.61500000000001 7.8669996 25.155702932158363 88.27518119500522 5.528252757396852 7.703610112696397
271.53393143605 -23.77704749239 0.0315 0.0303 13.1534 "" "" 4066155593367577856 2844.65747 0.3184 0.0453 -0.617 -2.529 0.039 0.028 1.052 9046.7 3.5995 15.100774 1.521724 15.778942 14.257218 "" "" 2503.34375 3277.28296 17164.73405 6.3505 6665.6 11.821 15713.0 31.28 "" "" 0.0027844474008267583 0.0033900628 0.004353769 0.0077438317 271.53393143605 -23.77704749239 2844.65747 -0.617 -2.529 -0.45770000052452087 -1.026599959373474 0.21630485 0.20530485 "" "" 15.155776844308487 "" 3.1398102075252505 ""
271.03437665216 -23.83750659889 0.0303 0.0247 14.5125 "" "" 4066145564650594816 2430.40967 0.3754 0.0331 -1.069 -1.936 0.037 0.025 1.018 7648.3 3.2473 15.108391 1.774468 15.961518 14.187051 44.45 7.63 2246.13501 2616.01733 17044.74868 7.5352 5633.9 15.353 16762.0 20.529 "" "" 0.00279681530923049 0.004066848 0.0040064864 0.008073335 271.03437665216 -23.83750659889 2430.40967 -1.0690000000000013 -1.9359999999999997 -0.9097000005245208 -0.43359995937347406 0.21430485 0.20230485 0.4549999999999983 8.337 11.609439814969402 11.618352629241237 2.462762997918338 2.4824380283468983
271.58248788509 -23.77242300343 0.0292 0.0264 15.8338 "" "" 4066161232692343040 2901.96729 0.3033 0.0407 -0.748 -2.959 0.034 0.025 0.978 4248.9 1.8134 15.11081 3.044503 16.897718 13.853215 32.33 3.38 2572.55103 3255.72266 17006.80331 9.776 2378.6 10.818 22797.0 27.094 "" "" 0.002825120472564033 0.0056717508 0.003993598 0.009665349 271.58248788509 -23.77242300343 2901.96729 -0.748 -2.9590000000000005 -0.5887000005245209 -1.4565999593734742 0.21130484 0.20230485 -11.665000000000006 4.087 21.610535419672356 24.557839199019803 4.399744147393947 4.331154164092026
271.04940098893 -23.7053689242 0.0282 0.0252 14.7266 "" "" 4066151848156496000 2623.13623 0.3457 0.0362 -2.562 -0.302 0.034 0.024 0.965 4749.4 3.2268 15.113273 1.979849 16.109278 14.129429 -67.75 5.36 2416.16064 2898.6189 16968.27618 5.9891 4917.1 16.639 17676.0 18.589 "" "" 0.002781842368241217 0.0046134074 0.0039480976 0.008561505 271.04940098893 -23.7053689242 2623.13623 -2.562 -0.302 -2.4027000005245207 1.2004000406265258 0.21130484 0.20130485 -111.745 6.0670004 33.39527896671621 116.6284257043059 6.991153275577246 6.148001946584833
271.2766902236 -23.76451774649 0.0289 0.0237 2.4838 "" "" 4066158724431881216 2366.27881 0.3906 0.0321 -0.069 -1.59 0.037 0.026 0.94 9980.4 4.1826 15.115405 1.180136 15.614993 14.434857 "" "" 2232.72168 2545.89746 16934.97928 6.1717 7752.1 13.314 13342.0 15.985 "" "" 0.0027835862302202866 0.003355924 0.00399698 0.007352904 271.2766902236 -23.76451774649 2366.27881 -0.069 -1.5899999999999996 0.09029999947547912 -0.0875999593734742 0.21430485 0.20330486 "" "" 1.411091319565463 "" 0.29498026394059385 ""
271.04052314823 -23.84563616014 0.0284 0.0232 14.2599 "" "" 4066145495931106560 2606.89966 0.3446 0.031 0.335 -2.474 0.038 0.025 0.946 8474.7 3.4874 15.115559 1.557272 15.832219 14.274947 "" "" 2384.03687 2835.53906 16932.58191 6.1203 6346.4 12.73 15459.0 18.735 "" "" 0.002783127548918368 0.0035394942 0.0040018884 0.0075413827 271.04052314823 -23.84563616014 2606.89966 0.335 -2.474 0.49429999947547915 -0.9715999593734743 0.21530485 0.20230485 "" "" 13.470162251155177 "" 2.761990565990835 ""
271.34324790606 -23.56662811115 0.0289 0.025 14.3595 "" "" 4066180091862066816 2648.9646 0.3479 0.0357 1.023 -0.666 0.039 0.026 0.987 7197.2 3.6884 15.119707 0.981361 15.518949 14.537588 "" "" 2414.82227 2938.94678 16868.00889 7.5319 8469.1 17.932 12137.0 20.181 "" "" 0.002797645985086185 0.0036152296 0.004188428 0.007803658 271.34324790606 -23.56662811115 2648.9646 1.023 -0.666 1.182299999475479 0.8364000406265258 0.21630485 0.20330486 "" "" 18.184231588444916 "" 3.856101570644138 ""
271.03448506264 -23.78062014767 0.0414 0.0386 14.4096 "" "" 4066150405047080576 2814.44849 0.3418 0.0539 -0.255 -0.427 0.053 0.037 1.297 8389.6 3.1851 15.123608 1.756415 15.955233 14.198817 "" "" 2429.08691 3318.58936 16807.52374 8.4404 5666.6 19.269 16582.0 23.869 "" "" 0.0028087489060742597 0.0046277274 0.004089777 0.008717504 271.03448506264 -23.78062014767 2814.44849 -0.255 -0.427 -0.09570000052452088 1.0754000406265258 0.23030485 0.21430485 "" "" 14.40305316124996 "" 3.0885218026241223 ""
271.49401246542 -23.66362139053 0.0286 0.0253 13.6868 "" "" 4066166004368907776 2659.28979 0.3412 0.0372 0.061 -1.754 0.035 0.026 1.09 9031.7 4.0473 15.124389 1.041329 15.547209 14.505879 "" "" 2401.85815 2981.42017 16795.4386 5.3929 8251.5 16.601 12497.0 19.32 "" "" 0.0027772877058908525 0.0035435162 0.004135353 0.007678869 271.49401246542 -23.66362139053 2659.28979 0.06100000000000001 -1.7540000000000002 0.22029999947547912 -0.2515999593734741 0.21230485 0.20330486 "" "" 4.2153356277035465 "" 0.8736642411793915 ""
271.22864733448 -23.66638631351 0.0309 0.026 8.9359 "" "" 4066171987291109248 2837.20068 0.3184 0.0406 -0.821 -0.117 0.042 0.026 0.91 6763.5 3.8678 15.126771 1.377756 15.742517 14.364761 "" "" 2522.65625 3272.50635 16758.62006 6.4654 6893.0 16.395 14232.0 16.973 "" "" 0.002786977440553097 0.0038018362 0.00399504 0.007796876 271.22864733448 -23.66638631351 2837.20068 -0.821 -0.117 -0.6617000005245208 1.3854000406265259 0.21930484 0.20330486 "" "" 20.647372157376616 "" 4.261012448917226 ""
271.52591702746 -23.62974257319 0.0273 0.024 16.3236 "" "" 4066166554124866944 2711.33032 0.3491 0.0352 0.105 -2.253 0.032 0.024 0.903 6532.4 3.8537 15.130324 1.405696 15.760895 14.355199 "" "" 2444.74854 3022.00317 16703.86088 5.4179 6777.3 9.7993 14357.0 17.333 "" "" 0.002777733817241171 0.0032014884 0.0040002386 0.007201727 271.52591702746 -23.62974257319 2711.33032 0.10500000000000001 -2.252999999999999 0.2642999994754791 -0.7505999593734742 0.20930485 0.20130485 "" "" 10.227041392104876 "" 2.067937093339607 ""
271.22465094625 -23.62506356145 0.035 0.0318 11.3145 "" "" 4066176591496126976 2568.69482 0.371 0.0543 0.091 -2.154 0.047 0.028 1.037 7869.9 4.0063 15.132089 1.27217 15.6843 14.41213 "" "" 2184.52319 2997.35669 16676.74367 18.211 7272.7 28.44 13624.0 19.729 "" "" 0.0029995820896179565 0.005080527 0.004093377 0.009173904 271.22465094625 -23.62506356145 2568.69482 0.09100000000000001 -2.154 0.2502999994754791 -0.651599959373474 0.22430485 0.20530485 "" "" 8.498827597318806 "" 1.7664410763110043 ""
271.09155078842 -23.76577246914 0.031 0.0276 11.4286 "" "" 4066150301967956352 2836.66577 0.3216 0.0398 0.283 -2.018 0.041 0.028 0.969 9280.1 3.6253 15.134361 1.229231 15.65943 14.4302 "" "" 2544.1355 3136.19458 16641.87291 7.2651 7441.2 19.624 13399.0 15.299 "" "" 0.0027957915265086966 0.003997951 0.0039775083 0.007975459 271.09155078842 -23.76577246914 2836.66577 0.283 -2.0180000000000002 0.4422999994754791 -0.5155999593734739 0.21830484 0.20530485 "" "" 9.133967737257231 "" 1.9264791083019428 ""
271.18140157023 -23.55156529672 0.0319 0.0297 16.29 "" "" 4066178034605334272 2477.32422 0.3655 0.0459 -0.971 -2.49 0.042 0.029 1.027 5144.3 3.5455 15.137266 1.606949 15.886169 14.279221 -18.13 6.22 2232.09741 2741.22095 16597.41008 6.7033 6038.8 19.313 15398.0 19.52 "" "" 0.002789995401370174 0.004454465 0.0040222085 0.008476674 271.18140157023 -23.55156529672 2477.32422 -0.971 -2.49 -0.8117000005245208 -0.9875999593734743 0.21930484 0.20630485 -62.125 6.927 15.011192627436422 63.91284322495755 3.1770001440775517 6.7744500539716865
271.19062474849 -23.67935120575 0.0355 0.0314 9.3587 "" "" 4066174869181337728 2550.16577 0.3676 0.0486 3.17 -0.312 0.044 0.03 1.039 4959.5 3.2414 15.139049 1.960587 16.118013 14.157426 -20.94 6.82 2313.75366 2854.26099 16570.18925 8.4985 4877.7 16.192 17226.0 14.361 "" "" 0.0028110269672616114 0.004557999 0.003886263 0.008444262 271.19062474849 -23.67935120575 2550.16577 3.1699999999999995 -0.31199999999999994 3.329299999475479 1.1904000406265258 0.22130485 0.20730485 -64.935 7.5270004 42.738982797303706 77.7378599882208 9.392435836732867 8.13607742680438
271.24670639281 -23.89273757699 0.0303 0.0261 6.0773 "" "" 4066133435662805248 2770.99756 0.321 0.0376 -0.439 -2.968 0.037 0.028 0.892 4796.9 2.4826 15.144399 2.786369 16.725697 13.939327 20.72 5.56 2534.49829 3057.94214 16488.73769 9.3393 2787.0 14.172 21058.0 25.908 "" "" 0.0028231140209238237 0.0061859996 0.004008502 0.010194501 271.24670639281 -23.89273757699 2770.99756 -0.439 -2.9679999999999995 -0.2797000005245209 -1.465599959373474 0.21430485 0.20530485 -23.275000000000006 6.267 19.59738252006547 30.426682806999647 4.029766578554454 5.451493873643867
271.32057192797 -23.82833230292 0.032 0.0248 2.0809 "" "" 4066157178243487232 2736.01465 0.3185 0.0377 -2.469 3.213 0.041 0.027 0.996 4760.2 2.5357 15.147274 2.50993 16.5178 14.00787 27.07 6.36 2503.07886 3070.59424 16445.12528 8.3847 3375.2 11.236 19770.0 18.633 "" "" 0.0028103793523811954 0.0045660655 0.003915464 0.00848153 271.32057192797 -23.82833230292 2736.01465 -2.469 3.213000000000001 -2.3097000005245207 4.715400040626526 0.21830484 0.20430484 -16.925000000000004 7.0670004 68.09463118328371 70.16647647550384 14.101560222712637 13.790933416107494
271.41770578494 -23.78833173747 0.0353 0.0311 6.7367 "" "" 4066158964949799424 2645.40698 0.3458 0.0483 0.342 -2.813 0.044 0.032 1.213 4716.3 2.8417 15.147841 2.400549 16.421862 14.021313 63.01 4.73 2296.48999 3049.59912 16436.53073 8.8956 3687.0 13.518 19527.0 18.482 "" "" 0.0028172815375562413 0.0048612063 0.0039166003 0.008777807 271.41770578494 -23.78833173747 2645.40698 0.342 -2.813 0.5012999994754792 -1.3105999593734743 0.22130485 0.20930485 19.014999999999993 5.4370003 17.595062797585392 25.906687550726613 3.7103490529089265 4.719692679862514
271.28494343595 -23.57925714651 0.0334 0.0316 13.3778 "" "" 4066177106892185984 2715.45435 0.3508 0.0496 0.267 -2.066 0.042 0.03 1.004 "" "" 15.152054 0.834038 15.47263 14.638593 "" "" 2366.68481 3086.61328 16372.88995 6.6953 8838.2 15.837 11059.0 27.513 "" "" 0.0027908623641716263 0.0034014785 0.004645413 0.008046892 271.28494343595 -23.57925714651 2715.45435 0.267 -2.066 0.42629999947547914 -0.563599959373474 0.21930484 0.20730485 "" "" 9.095675198938448 "" 1.9260144718414787 ""
271.34408871089 -23.54851410474 0.034 0.0297 15.4375 "" "" 4066180199268602112 2812.77881 0.322 0.0416 -0.143 -1.108 0.044 0.031 1.002 9265.8 3.7583 15.153473 0.904717 15.513203 14.608485 "" "" 2553.76758 3236.38843 16351.50153 6.9669 8514.0 17.471 11370.0 12.272 "" "" 0.0027938841713481687 0.003570557 0.0039568935 0.0075274506 271.34408871089 -23.54851410474 2812.77881 -0.143 -1.1080000000000003 0.016299999475479138 0.3944000406265258 0.22130485 0.20830485 "" "" 5.262855632601042 "" 1.0963986594216526 ""
271.29161927047 -23.89053544744 0.0288 0.0249 5.3177 "" "" 4066133298223834752 2594.2605 0.3276 0.0357 0.073 -1.503 0.035 0.027 0.97 "" "" 15.155206 3.024663 16.909763 13.8851 25.97 6.17 2381.39233 2863.93628 16325.42555 10.913 2352.4 13.113 22137.0 21.088 "" "" 0.0028493057839282473 0.00666442 0.003918351 0.010582771 271.29161927047 -23.89053544744 2594.2605 0.07299999999999993 -1.5029999999999994 0.23229999947547914 -0.0005999593734740127 0.21230485 0.20430484 -18.025000000000006 6.877 2.8565549456104744 18.24994605902417 0.6064603066941788 6.792898290014133
271.4457220331 -23.63192233672 0.0285 0.0258 13.1094 "" "" 4066167039488538240 2477.28711 0.3727 0.0383 -1.22 0.118 0.034 0.026 0.97 7592.3 4.108 15.15976 1.010499 15.566052 14.555552 "" "" 2272.62671 2781.65674 16257.08247 5.6954 8109.5 14.25 11938.0 50.09 "" "" 0.002781451155852633 0.003380082 0.00591921 0.009299292 271.4457220331 -23.63192233672 2477.28711 -1.22 0.118 -1.0607000005245208 1.6204000406265258 0.21130484 0.20330486 "" "" 22.741312478683433 "" 4.678733875893374 ""
271.15626812254 -23.71290479888 0.0329 0.027 9.3476 "" "" 4066171403175585536 2599.01001 0.3566 0.0388 -0.682 -2.376 0.043 0.028 1.03 9387.3 3.943 15.165566 1.182811 15.631344 14.448533 "" "" 2343.16968 2870.94067 16170.38024 8.2191 7636.2 27.178 13175.0 139.51 "" "" 0.0028100423531292732 0.00476628 0.012102122 0.016868401 271.15626812254 -23.71290479888 2599.01001 -0.6819999999999999 -2.376 -0.5227000005245209 -0.873599959373474 0.22030485 0.20530485 "" "" 12.54146751152046 "" 2.625725622055916 ""
271.14173802237 -23.61021548607 0.032 0.0283 14.2877 "" "" 4066176071781783040 2683.36621 0.3399 0.0417 -2.03 -1.021 0.04 0.028 0.97 4841.1 3.4654 15.166004 1.904762 16.108498 14.203735 9.86 7.68 2408.51172 3074.96069 16163.86073 6.2645 4920.6 13.942 16507.0 27.342 "" "" 0.00278726636697766 0.0041531655 0.0041854475 0.008338613 271.14173802237 -23.61021548607 2683.36621 -2.0300000000000002 -1.021 -1.8707000005245207 0.48140004062652597 0.21730486 0.20530485 -34.135000000000005 8.387 24.56893356140232 42.05746926937713 5.321112859200706 7.483276329027728
271.18244333198 -23.71382722296 0.0297 0.0239 8.1737 "" "" 4066171437535284864 2509.3186 0.3611 0.0344 -1.322 -2.456 0.04 0.026 1.011 7298.2 4.018 15.16661 1.288073 15.721198 14.433125 "" "" 2295.4519 2777.19775 16154.84182 9.2001 7029.7 33.044 13363.0 32.988 "" "" 0.0028238467567540393 0.005816545 0.0046333033 0.010449848 271.18244333198 -23.71382722296 2509.3186 -1.322 -2.456 -1.162700000524521 -0.9535999593734741 0.21730486 0.20330486 "" "" 17.885700629890792 "" 3.7879414938372173 ""
271.12570936963 -23.70711493209 0.0307 0.0263 10.9439 "" "" 4066174392472881280 2738.86865 0.3353 0.0352 -0.21 -1.723 0.039 0.027 0.94 6628.5 3.8993 15.187645 1.098357 15.644863 14.546506 "" "" 2508.48022 3034.87036 15844.87233 5.344 7541.7 19.312 12038.0 26.088 "" "" 0.0027795470423907496 0.0039388807 0.0044519715 0.008390852 271.12570936963 -23.70711493209 2738.86865 -0.21 -1.7230000000000003 -0.050700000524520866 -0.2205999593734742 0.21630485 0.20430484 "" "" 2.9385440504836566 "" 0.6021771357048171 ""
271.23997076188 -23.66269436695 0.0333 0.0288 8.9048 "" "" 4066172021651367552 2410.42334 0.3819 0.0429 -0.775 -3.05 0.048 0.03 1.075 9259.1 3.9854 15.188707 0.960235 15.574066 14.613831 "" "" 2183.50342 2741.34058 15829.37236 6.3259 8049.9 15.971 11314.0 21.343 "" "" 0.0027892745997785007 0.0035249393 0.0042986837 0.007823623 271.23997076188 -23.66269436695 2410.42334 -0.775 -3.05 -0.6157000005245209 -1.547599959373474 0.22530484 0.20730485 "" "" 19.02991296065785 "" 3.993534424622203 ""
271.2113306629 -23.79352555419 0.0279 0.0228 4.6709 "" "" 4066146526723194240 2502.5481 0.3655 0.0318 0.084 -1.459 0.039 0.028 0.948 "" "" 15.189174 0.989881 15.591898 14.602016 "" "" 2321.9187 2701.60986 15822.57724 5.5652 7918.8 18.471 11438.0 12.295 "" "" 0.0027816582049090565 0.0037681267 0.0039554792 0.007723606 271.2113306629 -23.79352555419 2502.5481 0.08399999999999996 -1.459 0.24329999947547915 0.043400040626525804 0.21630485 0.20530485 "" "" 2.9316005231819937 "" 0.633149500308838 ""
271.26003855469 -23.5379028595 0.0341 0.0327 15.9676 "" "" 4066177553568893824 2575.79907 0.3677 0.047 2.322 0.162 0.04 0.029 0.937 "" "" 15.190539 1.280078 15.723771 14.443693 "" "" 2292.61475 3060.40723 15802.6899 7.393 7013.1 154.43 13234.0 45.755 "" "" 0.002801748444556508 0.024070408 0.005326798 0.029397206 271.26003855469 -23.5379028595 2575.79907 2.322 0.16199999999999995 2.481299999475479 1.6644000406265258 0.21730486 0.20630485 "" "" 36.479171694255776 "" 7.804787722309261 ""
271.2549653621 -23.84992776322 0.0528 0.0446 3.6498 "" "" 4066134329016019456 2907.90869 0.3013 0.0603 0.745 0.272 0.065 0.049 1.257 "" "" 15.191784 2.240708 16.169336 13.928628 "" "" 2525.14233 3925.09546 15784.58571 14.704 4652.5 235.18 21267.0 379.47 "" "" 0.002935087174082718 0.054953936 0.019738149 0.074692085 271.2549653621 -23.84992776322 2907.90869 0.745 0.272 0.9042999994754791 1.774400040626526 0.24230485 0.22630484 "" "" 27.450443669715998 "" 6.305227847327972 ""
271.14540089101 -23.60927201953 0.0315 0.0277 14.2154 "" "" 4066176076100199168 2730.52856 0.3297 0.0409 1.064 0.477 0.04 0.028 0.93 "" "" 15.19274 0.89902 15.552932 14.653912 "" "" 2443.01904 3081.21924 15770.69478 6.0206 8208.1 12.431 10904.0 15.568 "" "" 0.0027863220749912636 0.00323865 0.004084931 0.0073235813 271.14540089101 -23.60927201953 2730.52856 1.064 0.477 1.2232999994754792 1.9794000406265257 0.21730486 0.20530485 "" "" 30.116447324657855 "" 6.285014504064809 ""
271.17845912213 -23.667184628 0.0333 0.0298 10.346 "" "" 4066174937900864000 2551.52734 0.3754 0.0468 -0.563 1.469 0.044 0.029 1.02 4912.7 3.5088 15.193493 1.7041 16.007774 14.303675 2.29 7.12 2246.14868 2914.21191 15759.76184 10.964 5398.9 17.463 15055.0 27.666 "" "" 0.0028569793511506684 0.0044853366 0.004273712 0.008759049 271.17845912213 -23.667184628 2551.52734 -0.563 1.4690000000000003 -0.4037000005245208 2.971400040626526 0.22130485 0.20630485 -41.705000000000005 7.8269997 36.266976504585585 55.26844135475655 7.492264038856 7.684652096897381
271.41140082855 -23.6765801442 0.031 0.0287 9.8418 "" "" 4066160992174567168 2496.69189 0.3687 0.0439 0.434 0.824 0.037 0.028 0.973 4983.9 3.1508 15.202812 2.412953 16.499931 14.086978 -22.82 5.4 2258.81665 2780.97217 15625.06668 7.7248 3431.2 10.642 18381.0 22.006 "" "" 0.0028071183309259637 0.0043731895 0.003996669 0.008369858 271.41140082855 -23.6765801442 2496.69189 0.43399999999999994 0.824000000000001 0.5932999994754791 2.3264000406265257 0.21430485 0.20530485 -66.815 6.1070004 28.412577231676803 72.60522550027649 5.849176218908021 6.068227808757948
271.33017251875 -23.84073211215 0.0309 0.0251 2.9899 "" "" 4066156937725283712 2474.53271 0.3552 0.0362 0.335 -1.543 0.038 0.027 0.89 6091.7 3.0098 15.203082 2.150701 16.306746 14.156044 -18.5 5.87 2257.22314 2710.58936 15621.17631 7.6533 4099.4 11.776 17248.0 30.206 "" "" 0.002806197641746435 0.0041848063 0.004230737 0.0084155435 271.33017251875 -23.84073211215 2474.53271 0.33499999999999985 -1.543 0.49429999947547915 -0.04059995937347405 0.21530485 0.20430484 -62.495000000000005 6.5769997 5.817309713288959 62.765166432507186 1.252077078284168 6.5497177578736805
271.42908709421 -23.6586861086 0.032 0.0289 11.2892 "" "" 4066166897722119296 2777.48169 0.3197 0.0428 -0.353 -1.816 0.039 0.029 0.975 8391.4 3.4997 15.204138 0.893547 15.563392 14.669845 "" "" 2461.58667 3183.33008 15605.99764 6.1308 8129.4 14.377 10745.0 13.173 "" "" 0.0027881387196643536 0.003387035 0.00400693 0.0073939655 271.42908709421 -23.6586861086 2777.48169 -0.35299999999999954 -1.816 -0.19370000052452085 -0.3135999593734742 0.21630485 0.20630485 "" "" 4.852692173352406 "" 1.0147668420457818 ""
271.22308506419 -23.72903364965 0.0302 0.0249 5.9291 "" "" 4066171192689068160 2659.28857 0.3469 0.0341 -0.168 -1.552 0.041 0.027 0.89 "" "" 15.217896 1.077978 15.667695 14.589717 "" "" 2456.15259 2891.21436 15409.48221 5.7421 7384.8 14.951 11568.0 15.002 "" "" 0.002784865586449534 0.0035520245 0.0040331506 0.0075851753 271.22308506419 -23.72903364965 2659.28857 -0.16799999999999995 -1.552 -0.008700000524520884 -0.04959995937347417 0.21830484 0.20430484 "" "" 0.6347537051681651 "" 0.12995730129555577 ""
271.20876121313 -23.71885838061 0.0314 0.0261 6.9126 "" "" 4066171261408606720 2863.02441 0.321 0.0376 -0.095 -2.135 0.041 0.026 1.021 "" "" 15.226832 1.217833 15.748496 14.530663 "" "" 2570.52441 3221.95361 15283.18874 5.7637 6855.2 15.786 12215.0 15.288 "" "" 0.002785578404827369 0.0037464772 0.0040162527 0.00776273 271.20876121313 -23.71885838061 2863.02441 -0.09499999999999999 -2.1350000000000002 0.06429999947547912 -0.6325999593734739 0.21830484 0.20330486 "" "" 8.629080096298962 "" 1.7557057815101629 ""
271.55172059245 -23.75304276217 0.0869 0.076 14.3497 "" "" 4066161507570305664 3055.87915 0.3731 0.1106 0.551 -1.061 0.107 0.08 2.897 6620.1 3.8979 15.228867 1.449958 15.843984 14.394026 "" "" 2335.35645 5288.94287 15254.57421 36.711 6278.0 13.993 13853.0 21.171 "" "" 0.0037972307425025546 0.0036934274 0.004127586 0.007821013 271.55172059245 -23.75304276217 3055.87915 0.551 -1.061 0.7102999994754792 0.44140004062652594 0.28430486 0.25730485 "" "" 12.11336874906981 "" 3.3559784864435347 ""
271.28070465574 -23.72713868178 0.0315 0.0261 4.5683 "" "" 4066170681620880000 2427.00195 0.3787 0.0409 -0.008 -1.448 0.042 0.03 1.069 8925.8 3.4147 15.229363 1.398857 15.84588 14.447023 "" "" 2212.38623 2730.69458 15247.61406 8.033 6267.1 14.943 13193.0 20.071 "" "" 0.0028140681713216178 0.0038061582 0.0041245692 0.007930728 271.28070465574 -23.72713868178 2427.00195 -0.008000000000000002 -1.448 0.15129999947547912 0.054400040626525925 0.21930484 0.20730485 "" "" 1.849641651409413 "" 0.40315641004607383 ""
271.55394271474 -23.73906539588 0.03 0.0261 14.6632 "" "" 4066162362236238592 2497.28613 0.3615 0.0382 -0.765 0.584 0.035 0.026 0.989 6900.6 3.7653 15.230953 1.931052 16.18411 14.253058 -26.65 6.35 2291.28418 2722.53223 15225.29259 6.5683 4589.6 11.712 15774.0 27.771 "" "" 0.002794849306821998 0.0039321124 0.004235275 0.008167388 271.55394271474 -23.73906539588 2497.28613 -0.7650000000000007 0.584 -0.6057000005245209 2.086400040626526 0.21230485 0.20330486 -70.64500000000001 7.057 25.716672620781583 75.1802053447878 5.2466806098644145 6.869863222736975
271.45936815905 -23.63554012622 0.0294 0.0258 13.4302 "" "" 4066166833330086912 2931.92456 0.3058 0.0368 -1.123 -0.781 0.036 0.027 0.986 7703.0 3.6131 15.234465 1.159796 15.729401 14.569605 "" "" 2668.27661 3320.93774 15176.12032 5.8267 6976.8 14.699 11785.0 19.435 "" "" 0.002786675161718628 0.0036079881 0.0041820677 0.007790056 271.45936815905 -23.63554012622 2931.92456 -1.1229999999999998 -0.781 -0.9637000005245209 0.7214000406265259 0.21330485 0.20430484 "" "" 16.729604051085186 "" 3.5151759826816953 ""
271.49463868874 -24.00226268252 0.0316 0.0262 16.2242 "" "" 4066104367322804480 2346.73291 0.3882 0.0385 -0.622 3.05 0.039 0.028 1.027 7971.9 3.062 15.23481 2.607844 16.666847 14.059003 22.66 8.39 2152.62915 2620.37769 15171.29959 8.0347 2942.2 16.897 18861.0 23.651 "" "" 0.002814679297307282 0.006831164 0.0040171305 0.010848295 271.49463868874 -24.00226268252 2346.73291 -0.622 3.0500000000000003 -0.46270000052452087 4.552400040626526 0.21630485 0.20530485 -21.335000000000004 9.097 50.89957307279764 55.190114730747446 10.45580555230481 10.264186149949838
271.41226991351 -23.62410264946 0.0314 0.0282 12.4413 "" "" 4066178756159374336 2753.79053 0.331 0.0408 0.722 -1.009 0.038 0.029 1.218 11284.4 4.2298 15.234852 1.36142 15.632715 14.271296 "" "" 2448.39258 3065.69116 15170.71344 10.512 7626.6 314.26 15511.0 501.0 "" "" 0.002856182330699797 0.044825528 0.035271972 0.0800975 271.41226991351 -23.62410264946 2753.79053 0.722 -1.009 0.8812999994754791 0.493400040626526 0.21530485 0.20630485 "" "" 13.183711891658955 "" 2.8106568716773523 ""
271.17962966591 -23.81203485953 0.0422 0.036 6.4114 "" "" 4066146591115950976 2744.93188 0.3436 0.0501 -0.137 -1.535 0.057 0.039 1.493 "" "" 15.243248 1.151283 15.722818 14.571535 "" "" 2394.52319 3133.21753 15053.85346 6.4501 7019.2 10.585 11764.0 13.043 "" "" 0.0027943163349564036 0.0032350873 0.0039664605 0.0072015477 271.17962966591 -23.81203485953 2744.93188 -0.137 -1.535 0.022299999475479115 -0.03259995937347404 0.23430485 0.21630485 "" "" 0.5139002155185513 "" 0.11418914947861639 ""
271.40146378961 -23.80557533972 0.0332 0.0277 5.7986 "" "" 4066157453121305984 2506.58643 0.3807 0.0461 -0.629 -2.541 0.041 0.031 0.968 "" "" 15.243435 1.227539 15.769056 14.541517 "" "" 2212.79834 2780.74561 15051.26039 5.8238 6726.6 12.461 12093.0 17.772 "" "" 0.0027871630084205625 0.0034395442 0.004102401 0.007541945 271.40146378961 -23.80557533972 2506.58643 -0.629 -2.541 -0.4697000005245209 -1.038599959373474 0.21830484 0.20830485 "" "" 13.543068541120572 "" 2.8445370473839824 ""
271.31668304744 -23.69641052853 0.0308 0.0265 6.437 "" "" 4066172227809103616 2852.36011 0.3176 0.0383 -0.674 -1.943 0.041 0.028 0.939 9236.5 3.5463 15.243856 0.999638 15.653781 14.654143 "" "" 2582.05103 3163.98535 15045.41946 5.3919 7480.1 13.567 10902.0 16.131 "" "" 0.0027826585549680467 0.0034151122 0.004106648 0.0075217597 271.31668304744 -23.69641052853 2852.36011 -0.674 -1.943 -0.5147000005245209 -0.4405999593734742 0.21830484 0.20530485 "" "" 9.160307439020631 "" 1.9502667719540445 ""
271.51824928719 -23.66578099275 0.0305 0.0284 14.6947 "" "" 4066165768178055936 2720.57739 0.3313 0.0414 3.492 -0.504 0.035 0.028 1.058 4903.7 2.8836 15.247588 2.415707 16.537325 14.121618 54.89 4.78 2446.34668 3016.68701 14993.78842 6.5839 3315.0 10.346 17804.0 17.224 "" "" 0.002796262804903686 0.0043894514 0.0039226264 0.008312078 271.51824928719 -23.66578099275 2720.57739 3.4919999999999995 -0.504 3.651299999475479 0.9984000406265259 0.21230485 0.20530485 10.894999999999996 5.4870005 48.81398356326728 50.015057895747034 10.34003999430883 10.162267850999804
271.46644360084 -23.7019754758 0.0304 0.0289 11.1232 "" "" 4066159922704311296 2575.77661 0.3684 0.0429 -0.157 -1.613 0.037 0.029 0.97 5281.8 3.4121 15.249109 1.72065 16.002783 14.282133 -8.82 10.1 2309.13574 2915.37793 14972.80095 9.6211 5423.8 51.843 15357.0 68.999 "" "" 0.0028422743922878113 0.010746464 0.006170955 0.016917419 271.46644360084 -23.7019754758 2575.77661 -0.15699999999999983 -1.613 0.0022999994754791253 -0.11059995937347411 0.21430485 0.20630485 -52.815000000000005 10.807 1.3506268882066026 52.832266826165494 0.27864563637049555 10.803470527101656
271.42893637732 -23.76748298068 0.0308 0.0274 7.5917 "" "" 4066159063701206400 2630.48804 0.3481 0.0429 0.211 -1.384 0.037 0.028 1.008 "" "" 15.252394 1.249353 15.793163 14.54381 "" "" 2356.96558 2961.36572 14927.57298 6.3415 6578.9 15.673 12068.0 17.479 "" "" 0.002793659224729998 0.0038046497 0.004093489 0.007898139 271.42893637732 -23.76748298068 2630.48804 0.211 -1.384 0.3702999994754791 0.11840004062652598 0.21430485 0.20530485 "" "" 4.8473606085163885 "" 1.0348438558450659 ""
271.2495141896 -23.73845380177 0.0294 0.0242 4.5852 "" "" 4066170750340382720 2704.74658 0.3276 0.034 -0.11 -1.495 0.039 0.026 0.964 "" "" 15.259709 0.97154 15.653998 14.682459 "" "" 2519.26587 2952.64624 14827.33016 5.4562 7478.6 14.238 10621.0 17.966 "" "" 0.0027841363583759504 0.0034724318 0.0042019947 0.007674427 271.2495141896 -23.73845380177 2704.74658 -0.10999999999999988 -1.495 0.049299999475479125 0.007400040626525772 0.21630485 0.20330486 "" "" 0.6391311890346874 "" 0.138069489579148 ""
271.17138593106 -23.77316409941 0.0316 0.0273 7.052 "" "" 4066147518846805504 2345.10205 0.3862 0.0357 1.982 0.872 0.045 0.03 0.944 6686.8 3.8931 15.265349 1.269906 15.808187 14.538281 "" "" 2185.70215 2499.04272 14750.50738 5.8583 6488.5 15.673 12130.0 20.395 "" "" 0.002788858476037302 0.0038292403 0.004197173 0.008026414 271.17138593106 -23.77316409941 2345.10205 1.981999999999999 0.8720000000000003 2.1412999994754793 2.3744000406265258 0.22230485 0.20730485 "" "" 35.540867188577735 "" 7.611523888560554 ""
271.43795604182 -23.69342497862 0.0312 0.0287 10.1634 "" "" 4066160717296592000 2729.04199 0.339 0.0436 0.12 -2.043 0.036 0.028 0.989 7198.8 3.6624 15.270255 0.976685 15.665277 14.688592 "" "" 2442.56006 3030.11646 14684.00947 6.2503 7401.3 14.601 10561.0 16.854 "" "" 0.0027938091589287633 0.003517496 0.004157639 0.007675135 271.43795604182 -23.69342497862 2729.04199 0.12 -2.043 0.2792999994754791 -0.5405999593734743 0.21330485 0.20530485 "" "" 7.871184360920938 "" 1.6294615282499394 ""
271.11382222637 -23.7150425216 0.0336 0.0294 11.2784 "" "" 4066150924769819392 2640.25854 0.3488 0.0403 -1.178 -0.798 0.042 0.031 1.033 4797.6 2.9289 15.276026 2.100952 16.353428 14.252476 -37.3 6.97 2361.76611 3020.08496 14606.16981 6.6099 3926.9 12.193 15782.0 20.593 "" "" 0.0027987863827931897 0.004376079 0.0040361867 0.008412266 271.11382222637 -23.7150425216 2640.25854 -1.178 -0.7980000000000003 -1.0187000005245208 0.7044000406265258 0.21930484 0.20830485 -81.295 7.677 15.49984810214856 82.75942433457158 3.3449918311790414 7.567133218435518
271.27258940021 -23.64377493032 0.0371 0.03 9.5792 "" "" 4066173533479306880 2769.93237 0.3437 0.0534 -0.752 -2.131 0.053 0.03 1.038 6947.7 3.9447 15.277791 1.280642 15.829807 14.549165 "" "" 2388.58911 3209.38696 14582.44361 7.7755 6360.5 22.035 12009.0 31.207 "" "" 0.0028154828341177733 0.0046832636 0.004716376 0.009399639 271.27258940021 -23.64377493032 2769.93237 -0.752 -2.131 -0.5927000005245209 -0.6285999593734739 0.23030485 0.20730485 "" "" 11.343377861190255 "" 2.477748133965364 ""
271.12791235088 -23.96840068074 0.1141 0.0958 13.5879 "" "" 4066131614596685696 2746.30298 0.4281 0.1224 -6.85 -2.633 0.141 0.104 1.181 "" "" 15.277906 5.774128 19.449028 13.6749 -27.34 1.99 2045.90149 3653.11768 14580.90068 21.1 226.88 8.887 26866.0 95.895 "" "" 0.003171806387392609 0.04262024 0.0054131784 0.04803342 271.12791235088 -23.96840068074 2746.30298 -6.849999999999999 -2.633 -6.6907000005245205 -1.1305999593734741 0.31830484 0.28130484 -71.33500000000001 2.697 88.33076769851539 113.53856942558811 28.030521551387558 21.872927907289718
271.09358345299 -23.69515546782 0.0321 0.0281 12.828 "" "" 4066151195331164544 2502.00977 0.3596 0.036 0.081 -1.975 0.04 0.028 0.965 9544.6 4.0831 15.280535 1.029781 15.687985 14.658204 "" "" 2247.25073 2745.48413 14545.64583 5.2555 7248.1 34.114 10861.0 35.731 "" "" 0.002783106086191513 0.0058222483 0.0052002133 0.011022462 271.09358345299 -23.69515546782 2502.00977 0.08100000000000002 -1.974999999999999 0.24029999947547914 -0.4725999593734742 0.21730486 0.20530485 "" "" 6.287728161050022 "" 1.3067566144936174 ""
271.38287403397 -23.58727057812 0.0307 0.0259 13.7409 "" "" 4066179099756856832 2657.0166 0.3461 0.0372 -0.137 -0.561 0.04 0.028 1.047 "" "" 15.284456 0.995882 15.679285 14.683403 "" "" 2417.13354 2965.31372 14493.20128 6.5459 7306.4 11.662 10612.0 16.452 "" "" 0.0027986171869257594 0.0032845505 0.004137272 0.0074218223 271.38287403397 -23.58727057812 2657.0166 -0.137 -0.561 0.022299999475479115 0.9414000406265258 0.21730486 0.20530485 "" "" 11.859561598111629 "" 2.434907612563616 ""
271.47049158942 -23.71715628629 0.0314 0.0283 10.8548 "" "" 4066159720864088064 2723.47998 0.3469 0.0448 -0.214 -2.261 0.035 0.028 0.934 "" "" 15.286937 0.973089 15.682694 14.709605 "" "" 2431.54175 3257.23877 14460.11958 5.1476 7283.5 16.017 10359.0 22.422 "" "" 0.002782297069108137 0.0036722992 0.004450456 0.008122755 271.47049158942 -23.71715628629 2723.47998 -0.21400000000000005 -2.2609999999999992 -0.05470000052452087 -0.7585999593734742 0.21230485 0.20530485 "" "" 9.818416327944414 "" 2.016129979121704 ""
271.21170348093 -23.719519241 0.0308 0.0254 6.7727 "" "" 4066171261408606848 2610.72119 0.3448 0.0369 0.006 -3.067 0.042 0.027 0.971 9079.4 4.0667 15.287137 1.235654 15.816907 14.581253 "" "" 2318.22021 2995.72998 14457.45993 5.7733 6436.6 15.345 11659.0 20.472 "" "" 0.002789223893227709 0.0038059116 0.0042329943 0.008038906 271.21170348093 -23.719519241 2610.72119 0.006000000000000002 -3.067 0.16529999947547913 -1.5645999593734743 0.21930484 0.20430484 "" "" 19.469397153716248 "" 3.9810328476362056 ""
271.21750421816 -23.8162233675 0.0288 0.0244 4.3877 "" "" 4066146419317242112 2507.58765 0.3591 0.0334 -0.112 -0.695 0.037 0.026 0.961 8415.9 3.2705 15.287679 1.295587 15.841015 14.545427 "" "" 2316.27002 2746.02881 14450.24174 5.6542 6295.2 14.925 12050.0 33.397 "" "" 0.002787879882436304 0.0037962021 0.0048310193 0.008627221 271.21750421816 -23.8162233675 2507.58765 -0.112 -0.695 0.047299999475479124 0.8074000406265259 0.21430485 0.20330486 "" "" 9.613182781521857 "" 1.9547781731473024 ""
271.2584434808 -23.66702287321 0.0317 0.0271 8.3556 "" "" 4066173288643070720 2969.30469 0.3008 0.0424 -0.18 -2.125 0.045 0.028 0.951 "" "" 15.289424 0.972368 15.683921 14.711553 "" "" 2697.26123 3247.22314 14427.0335 5.289 7275.3 16.469 10340.0 11.671 "" "" 0.0027839218628095083 0.003718288 0.0039731055 0.0076913936 271.2584434808 -23.66702287321 2969.30469 -0.18000000000000005 -2.125 -0.020700000524520867 -0.6225999593734741 0.22230485 0.20530485 "" "" 8.767627650478996 "" 1.8002078305359528 ""
271.57779904668 -23.73104026891 0.0303 0.0262 16.0539 "" "" 4066161640681782144 2361.23901 0.3889 0.0385 -0.432 -1.984 0.039 0.028 0.959 9109.9 3.5229 15.289917 1.63797 16.055012 14.417042 "" "" 2159.39038 2535.14307 14420.49152 6.3292 5169.1 16.165 13563.0 16.029 "" "" 0.0027962248053412485 0.0043947105 0.003991263 0.008385973 271.57779904668 -23.73104026891 2361.23901 -0.432 -1.984 -0.27270000052452087 -0.4815999593734741 0.21630485 0.20530485 "" "" 6.194332182791692 "" 1.2886002992735166 ""
271.15873010851 -23.64216049757 0.0349 0.0308 12.1962 "" "" 4066175217106662528 2694.396 0.335 0.0488 0.189 -0.1 0.045 0.03 0.955 6692.0 4.0981 15.291636 1.295689 15.858288 14.562599 "" "" 2357.73145 3008.50098 14397.66838 5.7662 6195.9 28.954 11861.0 17.178 "" "" 0.002789420831633868 0.00579033 0.0040934472 0.009883777 271.15873010851 -23.64216049757 2694.396 0.18900000000000017 -0.1 0.3482999994754791 1.4024000406265258 0.22230485 0.20730485 "" "" 18.454787346487045 "" 3.842395711846821 ""
271.49112095702 -23.5979876914 0.0296 0.0257 16.2743 "" "" 4066167589244343168 2671.28809 0.3407 0.0362 -1.201 -1.217 0.035 0.027 0.993 "" "" 15.291748 2.180824 16.424496 14.243671 -6.16 8.64 2421.45312 2927.31812 14396.19209 5.4197 3678.1 13.223 15911.0 9.5504 "" "" 0.002785473296583965 0.004797991 0.0038351587 0.00863315 271.49112095702 -23.5979876914 2671.28809 -1.2010000000000014 -1.217 -1.041700000524521 0.2854000406265258 0.21230485 0.20430484 -50.155 9.347 13.67598388213723 51.986118917884966 2.8959728504410562 9.04989259007981
271.4515970772 -23.6719217277 0.0309 0.0285 11.5771 "" "" 4066166627171605504 2645.45728 0.3523 0.0433 -0.63 -1.447 0.037 0.028 0.994 8940.0 4.1605 15.292421 1.000503 15.687428 14.686925 "" "" 2393.00684 2942.46875 14387.26026 5.0222 7251.8 19.892 10578.0 22.388 "" "" 0.0027812642914752015 0.0040810355 0.004423143 0.008504178 271.4515970772 -23.6719217277 2645.45728 -0.6299999999999993 -1.447 -0.4707000005245209 0.055400040626525815 0.21430485 0.20530485 "" "" 5.943068090784752 "" 1.2729126377477977 ""
271.2880117205 -23.5645882731 0.0341 0.0332 14.251 "" "" 4066177278690900992 2707.47485 0.3425 0.0499 0.402 -1.92 0.042 0.03 0.961 7574.6 3.2855 15.293802 1.134766 15.767235 14.632469 "" "" 2375.13916 3090.19287 14368.97169 6.399 6737.9 31.53 11122.0 21.907 "" "" 0.002797423276319431 0.0057964283 0.004342491 0.01013892 271.2880117205 -23.5645882731 2707.47485 0.4020000000000002 -1.9200000000000004 0.5612999994754791 -0.41759995937347405 0.21930484 0.20730485 "" "" 8.978334726835504 "" 1.9312940072079607 ""
271.1374551719 -23.83184333425 0.0333 0.0281 8.88 "" "" 4066146144439263616 2461.97266 0.381 0.0386 -0.898 -0.217 0.045 0.031 1.045 "" "" 15.296042 2.557819 16.577488 14.019669 "" "" 2229.76514 2711.76611 14339.35847 20.432 3194.6 119.55 19556.0 265.83 "" "" 0.003159931171890056 0.04072668 0.0152349295 0.05596161 271.1374551719 -23.83184333425 2461.97266 -0.8980000000000001 -0.217 -0.7387000005245209 1.2854000406265258 0.22230485 0.20830485 "" "" 17.30089579263553 "" 3.6654881954000302 ""
271.22867232439 -23.70691476744 0.0342 0.0295 6.7954 "" "" 4066171570646402304 2831.49219 0.3428 0.0448 0.082 -1.538 0.05 0.03 0.887 7102.4 4.0543 15.299959 1.505623 15.968405 14.462782 "" "" 2464.21265 3436.38916 14287.72236 7.9326 5598.3 29.067 13003.0 68.137 "" "" 0.002820489906501957 0.0062899753 0.0068302704 0.013120245 271.22867232439 -23.70691476744 2831.49219 0.08200000000000007 -1.5379999999999998 0.24129999947547914 -0.035599959373474155 0.22730485 0.20730485 "" "" 3.2736090705645564 "" 0.7427726403930965 ""
271.2169951644 -23.77911002133 0.0294 0.0242 4.5448 "" "" 4066169994413931648 2400.82739 0.3754 0.034 0.171 -2.024 0.04 0.028 0.958 9549.7 3.8422 15.300529 1.013116 15.701072 14.687956 "" "" 2254.99365 2585.72363 14280.22499 8.6562 7161.2 25.133 10568.0 23.725 "" "" 0.0028328314821707205 0.0047228183 0.004497215 0.009220034 271.2169951644 -23.77911002133 2400.82739 0.17100000000000004 -2.024 0.33029999947547917 -0.5215999593734741 0.21730486 0.20530485 "" "" 7.025796439369859 "" 1.4670564276935112 ""
271.2440660868 -23.65191076665 0.0323 0.0272 9.4445 "" "" 4066173494792062720 2371.79834 0.394 0.0431 -0.812 -3.807 0.044 0.028 0.992 "" "" 15.302444 1.198491 15.821328 14.622837 "" "" 2169.89844 2702.19385 14255.05234 5.773 6410.4 18.852 11221.0 17.312 "" "" 0.0027901838609509103 0.0042403056 0.0041339663 0.008374272 271.2440660868 -23.65191076665 2371.79834 -0.812 -3.8070000000000004 -0.6527000005245209 -2.304599959373474 0.22130485 0.20530485 "" "" 26.92811985120241 "" 5.561613712712755 ""
271.55630089545 -23.70257062008 0.0303 0.0266 15.4946 "" "" 4066162675801478016 2508.02441 0.3661 0.0378 -0.907 -3.058 0.037 0.028 1.066 "" "" 15.305656 1.292375 15.860281 14.567906 "" "" 2292.9375 2720.65894 14212.95171 5.3509 6184.5 11.656 11803.0 18.811 "" "" 0.002785475357138089 0.0034601144 0.0041566784 0.007616793 271.55630089545 -23.70257062008 2508.02441 -0.907 -3.058 -0.7477000005245209 -1.555599959373474 0.21430485 0.20530485 "" "" 20.51830372967873 "" 4.24777498522969 ""
271.27459608245 -23.5934391426 0.0333 0.0308 12.568 "" "" 4066177068214829696 2476.92041 0.3696 0.0457 -1.025 -3.636 0.042 0.03 0.896 6680.4 3.8597 15.306397 1.383598 15.914451 14.530852 "" "" 2246.97656 2702.4917 14203.25443 6.7435 5883.5 36.112 12213.0 23.757 "" "" 0.002803127049449824 0.00722461 0.0043294644 0.0115540745 271.27459608245 -23.5934391426 2476.92041 -1.025 -3.636 -0.8657000005245208 -2.1335999593734742 0.21930484 0.20730485 "" "" 27.03319424959073 "" 5.651098855064811 ""
271.24807856572 -23.83158249319 0.0309 0.0261 3.1692 "" "" 4066134427768474368 2873.57764 0.3135 0.0354 -2.217 -2.103 0.038 0.029 0.916 5063.7 3.1022 15.310073 2.438461 16.625809 14.187347 -67.58 4.83 2563.37256 3236.5957 14155.25339 6.9173 3055.6 8.842 16758.0 14.976 "" "" 0.002805939183655531 0.004201898 0.003901945 0.008103843 271.24807856572 -23.83158249319 2873.57764 -2.217 -2.1029999999999998 -2.057700000524521 -0.6005999593734743 0.21530485 0.20630485 -111.575 5.5369997 29.196912459891166 115.33187036630659 6.266006474655945 5.58657382687234
271.31230854152 -23.61921793458 0.0355 0.0323 11.0035 "" "" 4066173838389463424 2640.56909 0.3588 0.0471 0.506 -1.378 0.047 0.033 1.104 6361.9 4.0254 15.320455 1.387623 15.942413 14.55479 "" "" 2343.00806 3027.37036 14020.5408 5.7755 5733.9 14.801 11947.0 16.278 "" "" 0.0027913833175870245 0.003954714 0.0040585906 0.008013304 271.31230854152 -23.61921793458 2640.56909 0.5060000000000007 -1.378 0.6652999994754791 0.12440004062652599 0.22430485 0.21030486 "" "" 8.471411272789698 "" 1.896293237718816 ""
271.49087970992 -23.75557748796 0.0316 0.0299 11.0616 "" "" 4066156594127798912 2381.48657 0.3954 0.0457 0.341 -0.795 0.038 0.029 0.978 8403.4 3.5982 15.328725 1.161694 15.820499 14.658806 "" "" 2125.50146 2614.30151 13914.1498 5.487 6415.3 14.914 10855.0 13.435 "" "" 0.002788387961475709 0.0037624433 0.0040111723 0.0077736154 271.49087970992 -23.75557748796 2381.48657 0.34100000000000025 -0.795 0.5002999994754791 0.7074000406265258 0.21530485 0.20630485 "" "" 9.780566229512964 "" 2.0475477524674126 ""
271.04050800017 -23.6717075486 0.031 0.0262 16.0587 "" "" 4066152157394307200 2554.77368 0.3674 0.0359 -0.433 -2.218 0.037 0.026 1.066 "" "" 15.329302 1.301174 15.901766 14.600592 "" "" 2328.49536 2810.54688 13906.75634 4.3686 5952.7 11.065 11453.0 29.996 "" "" 0.002776349519412325 0.0034435638 0.0047296705 0.008173235 271.04050800017 -23.6717075486 2554.77368 -0.433 -2.2179999999999995 -0.27370000052452087 -0.7155999593734741 0.21430485 0.20330486 "" "" 9.277863378943138 "" 1.8995642709368783 ""
271.32948491343 -23.70055163095 0.0311 0.0266 6.3598 "" "" 4066172159089604608 2688.96265 0.3355 0.0396 0.372 -2.205 0.04 0.028 0.905 8651.4 4.1567 15.329929 1.661118 16.096697 14.435579 "" "" 2368.79761 2973.22363 13898.72236 6.9418 4974.4 28.739 13333.0 52.375 "" "" 0.0028081763152029873 0.0068652714 0.0056986026 0.012563874 271.32948491343 -23.70055163095 2688.96265 0.372 -2.205 0.5312999994754791 -0.7025999593734742 0.21730486 0.20530485 "" "" 11.227249491893437 "" 2.3549142020624365 ""
271.257865652 -23.77017432095 0.0303 0.0253 2.8297 "" "" 4066170093177214208 2922.12158 0.3174 0.0357 0.19 -1.146 0.039 0.028 0.967 "" "" 15.329957 1.017858 15.747285 14.729426 "" "" 2557.9187 3362.41895 13898.36818 4.3223 6862.8 16.343 10172.0 15.677 "" "" 0.00277593253866878 0.003803968 0.0041332496 0.007937217 271.257865652 -23.77017432095 2922.12158 0.19 -1.1459999999999986 0.34929999947547913 0.35640004062652597 0.21630485 0.20530485 "" "" 6.9120002759685 "" 1.4568142038342664 ""
271.56054043331 -23.77768735878 0.0332 0.032 14.6019 "" "" 4066161404491050240 2860.30908 0.3255 0.049 0.03 -1.607 0.038 0.028 0.97 8410.9 2.9264 15.333108 1.856839 16.237486 14.380647 "" "" 2532.77563 3164.15186 13858.09933 5.7555 4369.4 11.966 14025.0 14.953 "" "" 0.0027919745996458608 0.004077509 0.003952684 0.008030193 271.56054043331 -23.77768735878 2860.30908 0.030000000000000034 -1.607 0.18929999947547912 -0.1045999593734741 0.21530485 0.20530485 "" "" 2.9322512606771665 "" 0.6245925280032294 ""
271.37254648115 -23.79134919633 0.0379 0.0341 4.2556 "" "" 4066157723671291520 2912.39355 0.3202 0.0475 0.556 -1.384 0.044 0.033 1.012 7069.1 3.4248 15.339414 1.524058 16.036076 14.512017 "" "" 2566.13916 3405.84204 13777.84626 5.59 5260.0 13.321 12427.0 17.091 "" "" 0.0027903113785384707 0.00391734 0.0040636742 0.007981014 271.37254648115 -23.79134919633 2912.39355 0.5559999999999994 -1.384 0.7152999994754792 0.11840004062652598 0.22130485 0.21030486 "" "" 10.008894161233364 "" 2.2121518524237676 ""
271.42839165619 -23.60802471246 0.0308 0.0282 13.7267 "" "" 4066178854911321600 2723.53271 0.341 0.0392 0.291 -0.179 0.038 0.029 0.976 "" "" 15.340096 1.513524 15.976741 14.463217 "" "" 2448.07397 3072.9856 13769.17963 7.5026 5555.5 30.574 12998.0 82.163 "" "" 0.002818116352221291 0.00659456 0.007834965 0.0144295255 271.42839165619 -23.60802471246 2723.53271 0.291 -0.179 0.4502999994754791 1.3234000406265258 0.21530485 0.20630485 "" "" 18.046406997614636 "" 3.7402422359790384 ""
271.01091940604 -23.86603345844 0.0404 0.0341 16.1061 "" "" 4066145148006705792 2768.7981 0.3026 0.0441 -1.089 -3.499 0.048 0.034 1.042 7137.6 1.915 15.340613 3.366394 17.384321 14.017927 -46.06 3.92 2493.49121 3125.14209 13762.62348 9.8389 1519.5 8.7415 19588.0 22.223 "" "" 0.002862562606662185 0.0068409736 0.0039750515 0.010816025 271.01091940604 -23.86603345844 2768.7981 -1.089 -3.499000000000003 -0.9297000005245208 -1.9965999593734742 0.22530484 0.21130484 -90.055 4.627 28.90508376643026 94.58016119961073 6.181831287489861 4.793621289895829
271.24364312235 -24.00157099322 0.0627 0.0521 12.313 "" "" 4066127835025400832 2838.70825 0.3367 0.073 -1.239 -2.551 0.081 0.057 1.205 "" "" 15.342331 2.677076 16.520443 13.843367 "" "" 2375.38965 3700.8479 13740.87174 12.81 3367.0 25.919 23004.0 134.69 "" "" 0.002935354213589486 0.008811371 0.0073956703 0.016207041 271.24364312235 -24.00157099322 2838.70825 -1.239 -2.551 -1.079700000524521 -1.0485999593734743 0.25830483 0.23430485 "" "" 20.25178475414189 "" 5.001116500667171 ""
271.27666129699 -23.70002392087 0.0357 0.0318 6.2089 "" "" 4066170986530813824 2571.5481 0.372 0.0467 0.174 -1.489 0.047 0.034 1.092 8602.8 2.9648 15.344424 1.498166 16.00033 14.502164 "" "" 2233.49731 2924.04761 13714.40472 8.3855 5436.1 30.674 12540.0 54.743 "" "" 0.002834166387870852 0.006731876 0.006062091 0.0127939675 271.27666129699 -23.70002392087 2571.5481 0.174 -1.4890000000000008 0.3332999994754791 0.013400040626525778 0.22430485 0.21130484 "" "" 4.065921731966676 "" 0.9119231532628482 ""
271.33960131535 -23.77840594763 0.0341 0.0298 2.7853 "" "" 4066158518273340672 2750.75513 0.3246 0.0459 1.178 -0.859 0.042 0.031 1.126 5086.3 2.9325 15.345616 2.145356 16.38693 14.241574 "" "" 2414.29883 3122.63721 13699.36114 6.9491 3807.5 36.197 15941.0 189.39 "" "" 0.002809824232797645 0.010692302 0.013441554 0.024133857 271.33960131535 -23.77840594763 2750.75513 1.178 -0.859 1.337299999475479 0.6434000406265259 0.21930484 0.20830485 "" "" 19.349598317810518 "" 4.20427543290367 ""
271.1655022258 -23.77262988415 0.0302 0.0255 7.3732 "" "" 4066147523155644032 2804.97607 0.3332 0.035 1.187 1.04 0.041 0.028 0.971 5533.7 3.5561 15.347336 1.640272 16.113882 14.47361 "" "" 2546.24341 3093.90039 13677.68085 35.042 4896.3 41.977 12874.0 100.99 "" "" 0.003915265479768456 0.009717429 0.009317932 0.019035362 271.1655022258 -23.77262988415 2804.97607 1.1870000000000003 1.0400000000000014 1.3462999994754792 2.542400040626526 0.21830484 0.20530485 "" "" 38.24953701529532 "" 7.96436765140695 ""
271.42916807014 -23.61934612363 0.0299 0.0261 13.1792 "" "" 4066178859238577024 2535.47827 0.366 0.0364 -0.024 -1.967 0.039 0.027 0.964 7368.8 3.2623 15.348111 1.36816 15.951777 14.583617 "" "" 2319.86694 2760.22803 13667.91441 6.7281 5684.7 16.85 11634.0 24.276 "" "" 0.002806677026242426 0.0042593465 0.004406406 0.008665753 271.42916807014 -23.61934612363 2535.47827 -0.024000000000000004 -1.9670000000000003 0.13529999947547913 -0.4645999593734742 0.21630485 0.20430484 "" "" 5.815591037379163 "" 1.1937562529802273 ""
271.42016967108 -23.72025087826 0.034 0.0319 8.4035 "" "" 4066159819615709312 2563.81958 0.3597 0.0474 -1.69 -2.494 0.039 0.029 1.034 7448.1 3.4542 15.348465 1.377863 15.959386 14.581523 "" "" 2326.08862 2852.23486 13663.46377 6.6331 5645.0 12.535 11656.0 23.179 "" "" 0.0028052820195897834 0.003687497 0.004352628 0.008040125 271.42016967108 -23.72025087826 2563.81958 -1.69 -2.494 -1.5307000005245208 -0.9915999593734743 0.21630485 0.20630485 "" "" 22.163959927637787 "" 4.729736027914868 ""
271.12385268291 -23.75490217795 0.0341 0.0305 9.8605 "" "" 4066147763673852160 3119.44092 0.3003 0.0451 -0.467 -1.225 0.044 0.031 0.977 4901.3 2.6291 15.359241 2.498178 16.717886 14.219708 37.2 6.37 2657.02905 3562.19189 13528.52218 7.3135 2807.1 9.944 16266.0 16.603 "" "" 0.0028171433552293995 0.004751632 0.003938515 0.008690147 271.12385268291 -23.75490217795 3119.44092 -0.467 -1.2249999999999999 -0.3077000005245209 0.2774000406265258 0.22130485 0.20830485 -6.795000000000002 7.0769997 6.1256446533125875 9.148527062793065 1.3205250513563738 5.3302362368961145
271.58947159362 -23.77612460568 0.0347 0.0315 16.1919 "" "" 4066161232692333824 2450.79858 0.3851 0.0512 -0.548 -3.286 0.041 0.028 1.045 7988.8 4.0335 15.360704 1.382092 15.97433 14.592237 "" "" 2146.96094 2832.46411 13510.30224 5.2223 5567.8 12.306 11542.0 18.579 "" "" 0.0027870993835435497 0.0036801663 0.004163912 0.007844078 271.58947159362 -23.77612460568 2450.79858 -0.548 -3.2860000000000005 -0.3887000005245209 -1.7835999593734742 0.21830484 0.20530485 "" "" 21.206015955130315 "" 4.366573818139434 ""
271.26628666262 -23.77062572534 0.0319 0.0264 2.4874 "" "" 4066170093177220608 2830.00781 0.3194 0.0378 -3.941 -0.868 0.042 0.029 0.957 4893.2 3.4033 15.36117 2.117797 16.451284 14.333488 "" "" 2526.84839 3100.42944 13504.50601 6.1829 3588.4 13.509 14647.0 22.742 "" "" 0.0027998019643831794 0.0049489243 0.004138312 0.009087237 271.26628666262 -23.77062572534 2830.00781 -3.9410000000000003 -0.868 -3.7817000005245207 0.6344000406265259 0.21930484 0.20630485 "" "" 51.43746566623365 "" 11.262710912743625 ""
271.54383171457 -23.94336882158 0.0342 0.0292 16.0309 "" "" 4066105015831978624 2682.1604 0.3517 0.0464 0.706 -0.424 0.041 0.03 0.903 9154.7 3.7458 15.361187 1.786899 16.174318 14.38742 "" "" 2412.46851 3143.8147 13504.30179 8.071 4631.2 25.906 13938.0 37.261 "" "" 0.002830700266503225 0.006683645 0.0047653406 0.011448985 271.54383171457 -23.94336882158 2682.1604 0.706 -0.4240000000000001 0.8652999994754791 1.078400040626526 0.21830484 0.20730485 "" "" 17.578098986108685 "" 3.7209545036434157 ""
271.24595838083 -23.74496076036 0.0316 0.0258 4.3855 "" "" 4066170368055256064 2497.39795 0.3691 0.0365 0.356 0.074 0.041 0.027 1.017 4791.2 3.3259 15.367043 1.908755 16.28967 14.380916 -26.63 7.61 2318.81006 2698.37207 13431.66512 5.828 4164.4 46.798 14021.0 49.831 "" "" 0.0027953041938221564 0.01251607 0.0054012556 0.017917326 271.24595838083 -23.74496076036 2497.39795 0.356 0.074 0.5152999994754791 1.576400040626526 0.21830484 0.20430484 -70.625 8.317 19.632587262805202 73.30299521596413 4.038382570294631 8.085819018120892
271.42756187971 -23.98015696406 0.0342 0.0286 12.9009 "" "" 4066105329395530624 2386.00635 0.3812 0.0401 1.301 0.526 0.04 0.029 0.987 8508.4 2.6546 15.371033 1.844029 16.258844 14.414815 "" "" 2193.03516 2605.87134 13382.38968 6.9567 4284.3 11.455 13590.0 19.616 "" "" 0.0028125338893145607 0.0040264335 0.0040914225 0.008117856 271.42756187971 -23.98015696406 2386.00635 1.301 0.526 1.460299999475479 2.0284000406265257 0.21730486 0.20630485 "" "" 28.267123497441457 "" 5.939618784181681 ""
271.22568429178 -23.90775205829 0.0321 0.0278 7.4239 "" "" 4066133019018899584 2530.56982 0.3428 0.0412 -0.548 0.705 0.041 0.031 0.951 4698.2 2.5933 15.379693 2.865435 17.02142 14.155985 -4.27 16.9 2311.21729 2758.30322 13276.07031 6.9011 2122.5 11.264 17249.0 19.522 "" "" 0.002812528462538253 0.006401959 0.003974129 0.010376088 271.22568429178 -23.90775205829 2530.56982 -0.548 0.7050000000000001 -0.3887000005245209 2.207400040626526 0.21830484 0.20830485 -48.265 17.607 26.88491253950771 55.24770354736003 5.608531324780377 15.62192514160619
271.41177078414 -23.62425612577 0.0403 0.0362 12.4193 "" "" 4066178751832035712 2473.31836 0.3722 0.05 0.762 -1.148 0.048 0.035 1.063 "" "" 15.384537 1.379981 15.928202 14.548221 "" "" 2204.90698 2765.19458 13216.97794 6.6754 5809.5 267.59 12019.0 587.28 "" "" 0.002809358140643968 0.050087612 0.05318638 0.10327399 271.41177078414 -23.62425612577 2473.31836 0.7620000000000008 -1.1480000000000004 0.9212999994754791 0.35440004062652597 0.22530484 0.21230485 "" "" 11.572453864301265 "" 2.588428860817205 ""
271.10857211844 -23.8694155505 0.0337 0.0284 11.0486 "" "" 4066144529531400576 2462.2124 0.3486 0.0383 0.542 -2.72 0.045 0.032 0.986 7169.3 2.4994 15.387265 3.42696 17.47876 14.0518 -68.65 3.85 2273.8291 2744.49414 13183.79926 8.2745 1392.9 13.063 18986.0 24.451 "" "" 0.0028383349526072167 0.010557696 0.004029746 0.014587442 271.10857211844 -23.8694155505 2462.2124 0.5420000000000001 -2.7199999999999998 0.7012999994754792 -1.2175999593734743 0.22230485 0.20930485 -112.64500000000001 4.557 16.399034368039125 113.83243981046937 3.4867224030170747 4.537353614565255
271.43268914765 -23.76908846575 0.0313 0.0285 7.765 "" "" 4066159102388764032 2641.25464 0.352 0.0426 -0.505 -2.778 0.039 0.03 0.963 9262.5 3.7976 15.392221 1.152122 15.871799 14.719677 "" "" 2371.65308 2995.42163 13123.76262 5.0937 6119.2 11.562 10263.0 23.096 "" "" 0.002787359189655946 0.0034631675 0.004500413 0.00796358 271.43268914765 -23.76908846575 2641.25464 -0.5050000000000001 -2.778 -0.3457000005245209 -1.2755999593734741 0.21630485 0.20730485 "" "" 16.54600944111063 "" 3.440462286301407 ""
271.26967333113 -24.00151812884 0.0319 0.0278 12.0576 "" "" 4066129243774663040 2669.73315 0.3311 0.0405 -0.39 -3.503 0.04 0.029 0.964 7639.1 2.9636 15.394217 2.259913 16.554197 14.294284 82.16 8.62 2418.89746 2923.9873 13099.66349 7.8227 3263.9 12.399 15186.0 22.657 "" "" 0.002830577509690744 0.0049796356 0.004111903 0.009091538 271.26967333113 -24.00151812884 2669.73315 -0.39000000000000007 -3.5029999999999997 -0.2307000005245209 -2.0005999593734742 0.21730486 0.20630485 38.16499999999999 9.327 25.48443254797956 45.891431959490205 5.261337502726645 8.288696986504547
271.49938982865 -23.8578249512 0.0339 0.0318 11.6597 "" "" 4066154635622565760 2838.57617 0.3225 0.0511 -4.977 -0.905 0.043 0.029 1.021 7999.0 3.5867 15.405763 1.679936 16.192049 14.512114 "" "" 2503.79712 3236.28687 12961.0893 6.9858 4556.1 16.968 12425.0 17.377 "" "" 0.0028167782927357044 0.004912765 0.004073014 0.008985779 271.49938982865 -23.8578249512 2838.57617 -4.977000000000006 -0.905 -4.817700000524521 0.5974000406265259 0.22030485 0.20630485 "" "" 65.31789070731082 "" 14.376433749818425 ""
271.09780974352 -23.64210772269 0.0353 0.0283 14.5065 "" "" 4066175835582049152 2350.40967 0.3952 0.0421 -1.292 -2.465 0.041 0.028 1.008 9599.5 4.2524 15.407478 1.07183 15.841105 14.769275 "" "" 2096.88525 2609.20361 12940.62907 5.1199 6294.7 16.471 9805.0 20.121 "" "" 0.002788604809792801 0.003981991 0.00438725 0.008369241 271.09780974352 -23.64210772269 2350.40967 -1.2920000000000005 -2.464999999999999 -1.132700000524521 -0.962599959373474 0.21830484 0.20530485 "" "" 16.560731692808417 "" 3.526606807527464 ""
271.51330732157 -23.98478532775 0.0346 0.0289 16.2024 "" "" 4066104779639665408 2766.43237 0.3182 0.0412 -1.066 -4.548 0.043 0.031 0.934 "" "" 15.412954 2.975092 17.130049 14.154957 -20.05 5.29 2481.06738 3117.87354 12875.53225 8.0974 1920.4 7.7217 17265.0 23.222 "" "" 0.002838666800625988 0.0051810862 0.00405171 0.009232797 271.51330732157 -23.98478532775 2766.43237 -1.0659999999999998 -4.548 -0.9067000005245209 -3.045599959373474 0.22030485 0.20830485 -64.045 5.9969997 41.66884260550236 76.4071624200384 8.721603430789171 6.92031979153678
271.29731965999 -23.72585852555 0.0322 0.0277 4.5688 "" "" 4066170608573527808 2737.06592 0.3339 0.0415 -2.154 -3.478 0.042 0.03 0.958 7076.8 3.4806 15.41369 1.634719 16.181868 14.547149 "" "" 2463.83179 3049.15991 12866.80784 5.816 4599.1 12.15 12031.0 18.106 "" "" 0.0027986862024007813 0.0040015387 0.004117475 0.008119013 271.29731965999 -23.72585852555 2737.06592 -2.1539999999999995 -3.4779999999999993 -1.9947000005245208 -1.9755999593734743 0.21930484 0.20730485 "" "" 36.423103319515775 "" 7.774398993021526 ""
271.38841288582 -23.66757050184 0.0321 0.0294 9.5324 "" "" 4066160953487346304 2835.67505 0.3242 0.0435 -1.76 -2.709 0.04 0.029 0.99 8614.4 3.8056 15.421497 1.348804 16.018341 14.669537 "" "" 2543.60596 3123.77051 12774.61912 5.0629 5346.6 10.992 10748.0 16.456 "" "" 0.0027887185576055975 0.0035731695 0.004128815 0.0077019846 271.38841288582 -23.66757050184 2835.67505 -1.7600000000000025 -2.7090000000000005 -1.6007000005245209 -1.2065999593734742 0.21730486 0.20630485 "" "" 26.943032111009238 "" 5.749232170093639 ""
271.31717444227 -23.72662813897 0.034 0.0283 4.6703 "" "" 4066158896230575360 2779.14478 0.3345 0.0436 -1.097 -3.218 0.044 0.03 1.057 9088.3 4.1441 15.422643 1.40237 16.049131 14.646762 "" "" 2521.28052 3128.67114 12761.14641 8.4252 5197.1 21.046 10976.0 20.862 "" "" 0.0028470390828337394 0.005207355 0.0043060863 0.0095134415 271.31717444227 -23.72662813897 2779.14478 -1.0970000000000013 -3.2180000000000004 -0.9377000005245208 -1.715599959373474 0.22130485 0.20730485 "" "" 25.75531853237616 "" 5.424266214512756 ""
271.35524815007 -23.78101906866 0.0794 0.0712 3.4925 "" "" 4066157758031086208 3230.17847 0.3718 0.113 -1.651 -3.333 0.096 0.073 2.402 7070.3 3.9153 15.425552 1.44766 16.053232 14.605572 "" "" 2272.14526 4613.02686 12726.98783 16.276 5177.5 13.287 11401.0 46.187 "" "" 0.003085405237227719 0.0039431755 0.0057991566 0.009742333 271.35524815007 -23.78101906866 3230.17847 -1.6509999999999982 -3.3329999999999997 -1.491700000524521 -1.8305999593734743 0.27330485 0.25030485 "" "" 36.15568267055342 "" 9.390612936588168 ""
271.28495114018 -23.747936288 0.0414 0.0389 3.2988 "" "" 4066170509822154240 2476.27344 0.396 0.0606 -2.208 1.802 0.053 0.038 1.208 6397.4 3.3225 15.429441 2.079794 16.489456 14.409662 -29.02 7.45 2148.84106 2796.71655 12681.50147 6.1384 3464.5 15.036 13655.0 13.248 "" "" 0.002804992969161212 0.00547623 0.003923433 0.009399663 271.28495114018 -23.747936288 2476.27344 -2.208 1.802 -2.048700000524521 3.304400040626526 0.23030485 0.21530485 -73.015 8.157 45.635068400147446 86.10313404799001 10.020207696189631 8.72068293482003
271.11436059456 -23.66067973158 0.0349 0.0288 13.0892 "" "" 4066175457624866048 2813.55273 0.3243 0.0392 -0.744 -3.252 0.042 0.03 0.886 "" "" 15.432508 1.066697 15.875884 14.809187 "" "" 2548.44312 3109.6958 12645.71869 4.678 6096.3 13.938 9451.1 13.56 "" "" 0.0027844401786244447 0.0037345656 0.00408783 0.007822395 271.11436059456 -23.66067973158 2813.55273 -0.7440000000000001 -3.251999999999999 -0.5847000005245209 -1.749599959373474 0.21930484 0.20730485 "" "" 24.60156430927262 "" 5.130449895930246 ""
271.18475104307 -23.71792617945 0.0326 0.0266 7.9185 "" "" 4066171437523562624 3012.48193 0.3027 0.0382 1.088 -1.954 0.045 0.029 0.939 9745.7 3.4482 15.432913 2.017725 16.357004 14.339279 "" "" 2666.06299 3375.73926 12641.00616 8.4681 3913.9 20.189 14570.0 114.61 "" "" 0.0028497002208808927 0.0062570777 0.009339443 0.015596521 271.18475104307 -23.71792617945 3012.48193 1.088 -1.9539999999999997 1.2472999994754792 -0.4515999593734741 0.22230485 0.20630485 "" "" 18.941836605696892 "" 4.176864333759724 ""
271.22497036734 -23.63151142968 0.0381 0.0345 10.9461 "" "" 4066176518449011584 2765.75488 0.3274 0.0539 -1.067 -3.313 0.05 0.033 0.929 6758.8 2.5969 15.43545 2.485803 16.78178 14.295978 -3.72 9.77 2440.39258 3196.11279 12611.50692 7.558 2646.7 14.215 15162.0 27.175 "" "" 0.002831107116181222 0.0064644623 0.0042509465 0.010715408 271.22497036734 -23.63151142968 2765.75488 -1.067 -3.313 -0.9077000005245208 -1.8105999593734743 0.22730485 0.21030486 -47.715 10.477 26.552168437937905 54.60530078441676 5.677591105907789 9.562183494528965
271.26704492165 -23.81331995991 0.0359 0.0301 1.724 "" "" 4066157934157839360 2477.77539 0.3724 0.0432 0.01 -1.514 0.041 0.033 0.91 "" "" 15.442305 1.300129 16.004951 14.704823 "" "" 2209.84473 2774.61328 12532.12946 6.134 5413.0 18.594 10405.0 13.764 "" "" 0.00280610112204469 0.0046577635 0.004043082 0.008700846 271.26704492165 -23.81331995991 2477.77539 0.009999999999999995 -1.514 0.16929999947547913 -0.011599959373474134 0.21830484 0.21030486 "" "" 1.9930319852334477 "" 0.4350153909124548 ""
271.32311865449 -23.59262644964 0.0375 0.0353 12.6507 "" "" 4066174181986958592 2916.97095 0.3356 0.0544 2.565 1.054 0.046 0.034 0.975 6444.5 3.7418 15.442767 1.385709 16.04844 14.662732 "" "" 2473.59839 3518.35181 12526.79659 5.1308 5200.4 25.532 10816.0 14.235 "" "" 0.002790976445009017 0.006016632 0.004040496 0.010057128 271.32311865449 -23.59262644964 2916.97095 2.565 1.054 2.724299999475479 2.556400040626526 0.22330485 0.21130484 "" "" 51.654285083416745 "" 11.24866802598861 ""
271.05155350843 -23.74358250565 0.036 0.0307 13.8674 "" "" 4066150611205714944 3040.92822 0.3022 0.0423 0.402 -1.128 0.045 0.031 0.985 7870.1 3.577 15.446611 1.29708 16.006372 14.709292 "" "" 2714.95532 3485.80615 12482.51352 5.2922 5405.9 15.159 10362.0 19.569 "" "" 0.0027935072241250863 0.0041297087 0.004299776 0.008429484 271.05155350843 -23.74358250565 3040.92822 0.40200000000000014 -1.1280000000000012 0.5612999994754791 0.374400040626526 0.22230485 0.20830485 "" "" 9.725264393558502 "" 2.120980498186189 ""
271.29742833897 -23.63545502779 0.0354 0.0313 9.9927 "" "" 4066173464759807488 3018.67334 0.3039 0.0458 -1.518 -1.128 0.049 0.034 1.045 4799.8 3.4543 15.447592 1.846633 16.354048 14.507415 "" "" 2658.12817 3501.07935 12471.25108 6.2431 3924.6 13.42 12479.0 25.334 "" "" 0.002808416295664404 0.0046442063 0.004375176 0.009019382 271.29742833897 -23.63545502779 3018.67334 -1.518 -1.1280000000000006 -1.358700000524521 0.374400040626526 0.22630484 0.21130484 "" "" 20.165567155008315 "" 4.542878884754158 ""
271.34622174258 -23.85809318203 0.0329 0.0273 4.3538 "" "" 4066156864677513728 2539.97656 0.3626 0.0408 -0.038 -1.443 0.039 0.029 1.006 7991.3 2.5724 15.448272 1.872018 16.354574 14.482556 "" "" 2300.84863 2814.87891 12463.44472 6.0679 3922.7 15.158 12768.0 17.799 "" "" 0.0028055666300925326 0.005038557 0.0040711868 0.009109744 271.34622174258 -23.85809318203 2539.97656 -0.03799999999999999 -1.443 0.12129999947547912 0.05940004062652582 0.21630485 0.20630485 "" "" 1.6260913038835818 "" 0.34864543025315653 ""
271.36094738972 -23.56168339186 0.0337 0.0294 14.855 "" "" 4066180130549079680 2757.32642 0.3257 0.0426 -1.234 -1.281 0.045 0.031 1.104 8164.9 3.7824 15.449319 1.354464 16.038706 14.684241 "" "" 2493.7085 3119.02222 12451.42864 6.0718 5247.3 10.234 10604.0 18.713 "" "" 0.002805726937101961 0.0035027233 0.0042373138 0.007740037 271.36094738972 -23.56168339186 2757.32642 -1.234 -1.281 -1.0747000005245209 0.22140004062652596 0.22230485 0.20830485 "" "" 14.340999446182664 "" 3.1801472305022327 ""
271.05074440699 -23.71212144869 0.0364 0.0325 14.503 "" "" 4066151779436985472 2525.61353 0.3655 0.0452 -0.329 -1.027 0.043 0.031 1.001 "" "" 15.450285 1.110369 15.901165 14.790796 "" "" 2288.94019 2819.80566 12440.35296 5.3145 5955.9 19.659 9612.6 23.177 "" "" 0.0027940871259578845 0.0045418446 0.0045974706 0.009139315 271.05074440699 -23.71212144869 2525.61353 -0.32900000000000035 -1.0269999999999997 -0.1697000005245209 0.47540004062652597 0.22030485 0.20830485 "" "" 6.042932619320661 "" 1.2671759297051988 ""
271.46008167029 -23.6544489144 0.0333 0.0319 12.6369 "" "" 4066166730250838528 2517.77319 0.3725 0.0476 0.647 -3.534 0.039 0.033 0.923 7964.4 4.0395 15.455532 1.178734 15.960157 14.781424 "" "" 2260.8667 2993.30884 12380.37772 5.1213 5641.0 20.216 9695.9 20.999 "" "" 0.0027916851268503322 0.0047880146 0.0044511817 0.009239197 271.46008167029 -23.6544489144 2517.77319 0.647 -3.5340000000000003 0.8062999994754791 -2.031599959373474 0.21630485 0.21030486 "" "" 26.085316844255402 "" 5.5074282286875444 ""
271.37088901986 -23.64226713044 0.0445 0.0368 10.4312 "" "" 4066172876326309504 2741.08301 0.3443 0.0567 -0.964 -2.245 0.056 0.04 1.432 5655.4 4.1166 15.455768 1.452222 16.068436 14.616214 "" "" 2409.89453 3208.87183 12377.69197 6.3552 5105.5 24.108 11289.0 121.73 "" "" 0.002811147672840195 0.005836885 0.0123024685 0.018139353 271.37088901986 -23.64226713044 2741.08301 -0.964 -2.2449999999999997 -0.8047000005245208 -0.7425999593734742 0.23330486 0.21730486 "" "" 14.226875785799736 "" 3.2165066726818705 ""
271.06932972254 -23.86076399051 0.0366 0.0299 12.9258 "" "" 4066145221053171840 2381.63623 0.3574 0.0401 4.633 1.254 0.05 0.034 0.961 7726.1 2.5318 15.458644 3.419257 17.54305 14.123794 14.43 4.46 2206.09839 2610.8064 12344.95103 7.5654 1312.8 13.369 17768.0 25.428 "" "" 0.0028345218296995447 0.011403296 0.0040863254 0.015489621 271.06932972254 -23.86076399051 2381.63623 4.633 1.254 4.792299999475479 2.756400040626526 0.22730485 0.21130484 -29.565000000000005 5.167 62.41055091381177 69.05914921547681 13.944670793098322 12.79482927654359
271.18892785338 -23.75598170229 0.0342 0.0287 6.4903 "" "" 4066171025218935424 2710.90576 0.3264 0.0391 0.061 -1.484 0.051 0.032 0.992 "" "" 15.459221 1.007081 15.871864 14.864783 "" "" 2453.59814 2977.68994 12338.38535 5.6934 6118.9 21.696 8979.4 16.501 "" "" 0.002800498226801423 0.0047545237 0.004273706 0.00902823 271.18892785338 -23.75598170229 2710.90576 0.061 -1.484 0.22029999947547912 0.018400040626525893 0.22830485 0.20930485 "" "" 2.840644101816492 "" 0.648174375891024 ""
271.27447755509 -23.78607414574 0.0341 0.0282 1.5155 "" "" 4066158239067409792 2941.198 0.3064 0.0402 0.021 -1.559 0.042 0.03 0.868 9021.9 3.3311 15.466646 1.155086 15.945198 14.790112 "" "" 2650.74683 3316.49658 12254.28946 4.7517 5719.2 10.693 9618.6 18.362 "" "" 0.002787298497981125 0.0034504791 0.004310421 0.0077609 271.27447755509 -23.78607414574 2941.198 0.021000000000000026 -1.5590000000000002 0.18029999947547912 -0.05659995937347406 0.21930484 0.20730485 "" "" 2.634556597302198 "" 0.5750059696359803 ""
271.33624971254 -23.81885440064 0.0342 0.0277 2.4346 "" "" 4066157551872460672 2378.14258 0.3914 0.0415 -0.057 -1.114 0.042 0.03 1.016 9058.8 4.0997 15.470973 1.336873 15.930104 14.593231 "" "" 2184.9563 2625.53931 12205.55225 11.535 5799.3 43.117 11531.0 113.01 "" "" 0.002940177772044886 0.008540906 0.011292047 0.019832954 271.33624971254 -23.81885440064 2378.14258 -0.056999999999999953 -1.1140000000000003 0.10229999947547913 0.3884000406265258 0.21930484 0.20730485 "" "" 4.527517917294471 "" 0.9421960125618862 ""
271.22327451472 -23.72580417254 0.0356 0.0307 6.0668 "" "" 4066171197019607424 3002.9375 0.3033 0.0393 -0.503 -2.136 0.049 0.033 0.912 "" "" 15.471867 1.308641 16.03404 14.7254 "" "" 2704.98633 3434.92822 12195.5103 5.8542 5269.9 15.267 10209.0 29.664 "" "" 0.002804179585089345 0.00420459 0.004923052 0.009127642 271.22327451472 -23.72580417254 3002.9375 -0.503 -2.136 -0.3437000005245209 -0.6335999593734742 0.22630484 0.21030486 "" "" 10.26006854593931 "" 2.196143401541389 ""
271.09781130113 -23.82317485407 0.0378 0.0322 10.948 "" "" 4066146939040096640 2378.02246 0.3934 0.0472 -0.305 -1.121 0.053 0.035 1.17 8832.3 3.6638 15.477018 1.760481 16.309193 14.548712 "" "" 2143.01318 2607.10449 12137.77874 8.3939 4090.2 12.525 12014.0 36.32 "" "" 0.0028557930477386673 0.0043403837 0.0050057396 0.009346124 271.09781130113 -23.82317485407 2378.02246 -0.30500000000000016 -1.121 -0.14570000052452087 0.3814000406265259 0.23030485 0.21230485 "" "" 4.602087848792517 "" 0.9879809044413055 ""
271.30466158775 -23.84937280994 0.0331 0.0267 2.883 "" "" 4066157036476243712 2866.8562 0.3156 0.0396 0.176 -1.479 0.041 0.029 0.985 "" "" 15.4807 1.586639 16.211079 14.624439 "" "" 2543.55249 3228.87524 12096.69901 5.5427 4477.0 10.46 11204.0 19.337 "" "" 0.002799871309464687 0.0037709267 0.0042184275 0.007989354 271.30466158775 -23.84937280994 2866.8562 0.176 -1.479 0.3352999994754791 0.023400040626525787 0.21830484 0.20630485 "" "" 4.567439825085083 "" 0.9968358503113013 ""
271.22885519628 -23.97759812264 0.0332 0.0283 11.1599 "" "" 4066128109903327872 2431.16675 0.3565 0.0408 -2.192 -1.8 0.041 0.031 0.983 4874.8 2.7843 15.481915 2.754927 17.035835 14.280909 9.68 8.06 2192.90942 2670.87598 12083.17288 6.0822 2094.5 9.7832 15374.0 18.591 "" "" 0.0028089981645767754 0.0057882457 0.0040009376 0.009789184 271.22885519628 -23.97759812264 2431.16675 -2.192 -1.8000000000000007 -2.032700000524521 -0.29759995937347417 0.21830484 0.20830485 -34.315000000000005 8.767 23.67400301350976 41.68905904051649 5.163293028092351 7.78920437094936
271.03313587527 -23.689432769 0.0475 0.0414 15.9337 "" "" 4066152054315005952 2981.27686 0.308 0.0601 -0.247 -2.661 0.058 0.042 1.589 7479.4 3.9116 15.483733 1.493429 16.054039 14.56061 "" "" 2521.2793 3750.00757 12062.94628 6.0052 5173.7 14.55 11883.0 33.043 "" "" 0.00280783426104166 0.00413623 0.00483722 0.0089734495 271.03313587527 -23.689432769 2981.27686 -0.24699999999999994 -2.661 -0.08770000052452087 -1.1585999593734742 0.23530485 0.21930484 "" "" 16.419306061334428 "" 3.602384298267111 ""
271.32351024964 -23.76083115435 0.0374 0.0326 2.8977 "" "" 4066158788823361536 2525.92773 0.3634 0.0524 0.031 -0.846 0.049 0.034 1.033 "" "" 15.485361 1.52439 16.182085 14.657695 "" "" 2276.66162 2935.29614 12044.87814 6.5893 4598.1 13.756 10866.0 23.315 "" "" 0.002818613909338236 0.004282011 0.004439705 0.008721717 271.32351024964 -23.76083115435 2525.92773 0.030999999999999996 -0.8460000000000002 0.19029999947547913 0.6564000406265259 0.22630484 0.21130484 "" "" 8.182624493334789 "" 1.7388544848381267 ""
271.18344550451 -23.8656585576 0.0394 0.0383 7.2587 "" "" 4066134118530687616 3217.54004 0.3042 0.0565 0.097 -1.495 0.05 0.037 1.126 "" "" 15.485953 1.322871 16.06961 14.746739 "" "" 2699.26904 4168.81641 12038.30845 5.0839 5100.0 18.877 10011.0 19.152 "" "" 0.0027932109866431218 0.004892352 0.0043125562 0.009204908 271.18344550451 -23.8656585576 3217.54004 0.09700000000000002 -1.4949999999999999 0.2562999994754791 0.007400040626525772 0.22730485 0.21430485 "" "" 3.910496046345351 "" 0.8888335684301838 ""
271.38614485025 -23.60826563581 0.0324 0.028 12.6367 "" "" 4066178992359749888 2547.56274 0.3628 0.0392 0.258 -3.096 0.041 0.029 0.925 5175.8 3.6218 15.488791 1.591909 16.227676 14.635767 "" "" 2290.11304 2810.65283 12006.87738 5.1541 4409.1 13.283 11088.0 18.763 "" "" 0.0027944599750747774 0.0042993017 0.0042022965 0.008501599 271.38614485025 -23.60826563581 2547.56274 0.258 -3.096 0.41729999947547913 -1.5935999593734742 0.21830484 0.20630485 "" "" 19.8922613733029 "" 4.1196032292787805 ""
271.24099887995 -23.76081133909 0.0332 0.0265 3.898 "" "" 4066170127537005440 2749.88672 0.3307 0.0388 -0.944 -1.522 0.047 0.031 0.949 7872.6 3.5805 15.495347 1.210523 16.013973 14.803451 "" "" 2539.1106 3025.60889 11934.60039 5.038 5368.2 13.022 9501.2 16.954 "" "" 0.0027931795880387945 0.0038368797 0.0042470256 0.008083905 271.24099887995 -23.76081133909 2749.88672 -0.9440000000000001 -1.522 -0.7847000005245208 -0.01959995937347414 0.22430485 0.20830485 "" "" 10.23133324836066 "" 2.294839290786571 ""
271.4884354235 -23.96218450482 0.0367 0.0297 14.281 "" "" 4066105604273415296 2817.39648 0.3175 0.0455 -0.188 -0.718 0.043 0.029 0.978 "" "" 15.497159 1.894175 16.409374 14.5152 "" "" 2476.12988 3383.47095 11914.70154 6.0927 3729.6 12.635 12390.0 32.097 "" "" 0.0028107007178312902 0.004616744 0.004711135 0.009327879 271.4884354235 -23.96218450482 2817.39648 -0.188 -0.7180000000000003 -0.028700000524520874 0.7844000406265259 0.22030485 0.20630485 "" "" 10.482247771203307 "" 2.1627413785900953 ""
271.32120498319 -23.64109237202 0.0335 0.029 9.7536 "" "" 4066173018083168128 2636.42578 0.3441 0.0411 -0.59 1.473 0.044 0.03 0.959 7025.4 3.9281 15.498219 1.034253 15.929585 14.895331 "" "" 2445.63037 2899.74292 11903.07937 4.9365 5802.1 20.515 8730.2 15.494 "" "" 0.002791870848457733 0.0047457833 0.0042422577 0.008988041 271.32120498319 -23.64109237202 2636.42578 -0.59 1.473 -0.43070000052452084 2.9754000406265257 0.22130485 0.20730485 "" "" 37.57009231187028 "" 7.7996139032051515 ""
271.09426732305 -23.83288595302 0.035 0.0298 11.2222 "" "" 4066146831634028288 2398.86963 0.3737 0.0427 1.312 -2.495 0.048 0.033 0.981 4919.6 2.5152 15.503225 2.776195 17.057384 14.28119 -2.32 5.35 2136.65942 2687.4353 11848.31522 7.621 2053.4 9.5406 15370.0 22.753 "" "" 0.002842445558136814 0.0057648066 0.004106951 0.009871758 271.09426732305 -23.83288595302 2398.86963 1.3119999999999996 -2.495 1.4712999994754792 -0.9925999593734742 0.22530484 0.21030486 -46.315000000000005 6.057 20.180818364250598 50.520734900146444 4.454364911279302 5.830886190701851
271.1265082393 -23.59000611997 0.0353 0.0311 15.7608 "" "" 4066176346650494464 2426.48413 0.3894 0.048 -1.841 -2.564 0.044 0.031 0.984 "" "" 15.505249 1.105065 15.960911 14.855845 "" "" 2160.85156 2900.21777 11826.24916 6.4176 5637.1 13.609 9053.6 14.695 "" "" 0.0028176099059531202 0.0038282592 0.004170051 0.00799831 271.1265082393 -23.59000611997 2426.48413 -1.8410000000000004 -2.564 -1.6817000005245208 -1.0615999593734742 0.22130485 0.20830485 "" "" 22.873627558439207 "" 4.97912331919379 ""
271.12456772576 -24.02261631756 0.0474 0.0383 16.2342 "" "" 4066130618164250496 2548.75342 0.3589 0.0517 -1.583 -3.81 0.056 0.041 1.031 "" "" 15.505415 3.953244 18.032928 14.079684 41.9 3.54 2262.62842 2954.45215 11824.43991 9.4304 836.08 10.891 18505.0 22.434 "" "" 0.0028881816458211323 0.014415683 0.0040020333 0.018417716 271.12456772576 -24.02261631756 2548.75342 -1.583 -3.810000000000002 -1.4237000005245208 -2.307599959373474 0.23330486 0.21830484 -2.095000000000006 4.2469997 32.75722611184669 32.8241509797687 7.289835731539615 7.28002071530419
271.34028932783 -23.73066990609 0.0367 0.0322 4.9248 "" "" 4066160304967305216 2728.04785 0.3391 0.0503 -1.499 -5.956 0.045 0.035 1.035 4844.7 3.4685 15.509844 2.052929 16.542526 14.489597 "" "" 2386.08838 3218.8186 11776.31013 6.7412 3299.2 25.4 12686.0 47.628 "" "" 0.002824548016781851 0.008812284 0.005558743 0.014371027 271.34028932783 -23.73066990609 2728.04785 -1.4989999999999999 -5.956 -1.339700000524521 -4.4535999593734745 0.22230485 0.21230485 "" "" 60.13842449288411 "" 12.818655104407005 ""
271.24469445023 -23.7603603009 0.0339 0.0273 3.7612 "" "" 4066170131865064064 2565.57031 0.3496 0.0393 1.985 -1.863 0.046 0.031 0.96 7770.9 3.8442 15.515873 1.43782 16.163805 14.725986 "" "" 2362.59717 2799.62549 11711.09891 4.7659 4676.2 9.0662 10204.0 22.007 "" "" 0.002790522868621066 0.0034951628 0.0044459943 0.007941157 271.24469445023 -23.7603603009 2565.57031 1.985 -1.863 2.1442999994754794 -0.3605999593734741 0.22330485 0.20830485 "" "" 26.442560968721914 "" 5.894200669369296 ""
271.1996208573 -23.65541560581 0.0396 0.0387 10.2625 "" "" 4066174903541186432 2588.04004 0.3765 0.0635 0.205 0.393 0.051 0.034 0.901 7733.9 3.9828 15.523734 1.056167 15.962288 14.906121 "" "" 2203.26147 3242.74194 11626.60623 5.2319 5629.9 20.085 8643.9 18.948 "" "" 0.002798302064755503 0.004773729 0.0044663353 0.009240065 271.1996208573 -23.65541560581 2588.04004 0.2049999999999997 0.39299999999999996 0.3642999994754791 1.895400040626526 0.22830485 0.21130484 "" "" 23.67703863202771 "" 5.017967254775252 ""
271.3819396514 -23.72257757318 0.0368 0.035 6.71 "" "" 4066160270620029312 3148.48975 0.3394 0.0568 -1.303 -1.276 0.05 0.032 0.962 7958.5 4.2178 15.524382 1.41582 16.156376 14.740556 "" "" 2566.22754 3995.22314 11619.67456 6.1695 4708.3 20.475 10068.0 24.414 "" "" 0.00281498002774049 0.0054843444 0.004606021 0.010090366 271.3819396514 -23.72257757318 3148.48975 -1.3029999999999995 -1.2760000000000002 -1.1437000005245208 0.22640004062652586 0.22730485 0.20930485 "" "" 17.399603404628145 "" 3.9436555423594917 ""
271.05483252322 -23.89744465991 0.034 0.0281 14.4158 "" "" 4066144052822051456 2565.44946 0.3446 0.0366 -0.023 -0.408 0.044 0.031 1.005 "" "" 15.524424 2.788902 17.107746 14.318844 -15.99 5.03 2299.95581 2754.12622 11619.22902 6.1122 1960.3 8.7845 14846.0 13.325 "" "" 0.002813892895386862 0.0056086713 0.0039029962 0.009511667 271.05483252322 -23.89744465991 2565.44946 -0.022999999999999996 -0.40800000000000003 0.13629999947547913 1.094400040626526 0.22130485 0.20830485 -59.98500000000001 5.7370005 13.410970874841787 61.46587967975286 2.796314974075607 5.631925519425159
271.21734494157 -23.80662828388 0.0309 0.026 4.3217 "" "" 4066146458003706496 2844.11108 0.3204 0.0355 -0.641 -3.524 0.041 0.028 0.941 6309.2 3.6412 15.524579 1.481671 16.193106 14.711434 "" "" 2603.36426 3185.45898 11617.56459 4.7295 4551.7 11.823 10342.0 20.284 "" "" 0.0027905474955254106 0.0039671804 0.004338019 0.008305199 271.21734494157 -23.80662828388 2844.11108 -0.641 -3.524 -0.4817000005245209 -2.021599959373474 0.21830484 0.20530485 "" "" 28.01634874581877 "" 5.772043854556497 ""
271.40845102448 -23.75527902151 0.0369 0.0334 6.7854 "" "" 4066159338579180416 2622.14038 0.3443 0.0537 -2.158 -5.057 0.047 0.033 1.054 "" "" 15.528606 1.630801 16.286583 14.655782 "" "" 2273.28662 3160.55908 11574.5563 6.7762 4176.2 13.777 10885.0 17.533 "" "" 0.0028276877849409826 0.0045402776 0.0041643963 0.0087046735 271.40845102448 -23.75527902151 2622.14038 -2.1580000000000026 -5.057 -1.9987000005245208 -3.5545999593734745 0.22430485 0.21030486 "" "" 50.68508476622065 "" 10.834017238169102 ""
271.15127388993 -23.64126571133 0.0404 0.0369 12.4949 "" "" 4066175212778892800 2933.3313 0.3079 0.058 -0.291 -1.669 0.054 0.036 0.898 "" "" 15.530469 2.469204 16.865324 14.39612 "" "" 2426.33472 3616.02563 11554.70905 6.5023 2450.7 12.122 13826.0 22.492 "" "" 0.0028222499975229134 0.006051982 0.0041717403 0.010223722 271.15127388993 -23.64126571133 2933.3313 -0.291 -1.6689999999999996 -0.13170000052452085 -0.16659995937347416 0.23130485 0.21330485 "" "" 2.952771436869453 "" 0.6507949257610937 ""
271.39656774394 -23.7302283244 0.0332 0.0301 7.0067 "" "" 4066160201900516736 2634.47607 0.3535 0.0448 -0.595 -0.844 0.04 0.031 0.939 5237.7 3.5946 15.544337 1.676156 16.311192 14.635036 "" "" 2366.9917 2923.30688 11408.06375 5.2202 4082.6 28.165 11095.0 71.495 "" "" 0.002799753562401296 0.007993068 0.007951912 0.01594498 271.39656774394 -23.7302283244 2634.47607 -0.595 -0.844 -0.43570000052452085 0.6584000406265259 0.21730486 0.20830485 "" "" 9.858932854245001 "" 2.08108719673514 ""
271.19849850105 -23.91458268671 0.0358 0.0308 8.6142 "" "" 4066133676180983680 2480.0979 0.3626 0.0436 0.665 -2.354 0.045 0.032 0.968 4597.8 2.2087 15.544353 2.756278 17.09802 14.341743 -30.52 9.28 2211.19556 2769.29468 11407.89454 6.0848 1977.9 12.989 14537.0 20.808 "" "" 0.0028155219830940776 0.007656591 0.0040864362 0.011743028 271.19849850105 -23.91458268671 2480.0979 0.6649999999999993 -2.354 0.8242999994754792 -0.8515999593734742 0.22230485 0.20930485 -74.515 9.9869995 13.932782973275918 75.80638275488685 3.005175913957069 9.832394139483508
271.38300834618 -23.60687078682 0.033 0.0285 12.6476 "" "" 4066178996677611264 2535.22534 0.3769 0.0401 -1.126 -3.114 0.042 0.03 0.962 7897.6 3.9354 15.550959 1.22335 16.085726 14.862376 "" "" 2261.39746 2977.6582 11338.70124 4.0339 5024.9 11.029 8999.3 14.155 "" "" 0.0027822635661846878 0.0036693285 0.0041473066 0.007816635 271.38300834618 -23.60687078682 2535.22534 -1.126 -3.114 -0.9667000005245208 -1.611599959373474 0.21930484 0.20730485 "" "" 22.583471642851308 "" 4.754873540366664 ""
271.01673938879 -23.84140940855 0.0395 0.0331 15.5045 "" "" 4066148485228365056 2442.21631 0.3676 0.0399 1.196 -0.366 0.049 0.034 0.947 7471.2 3.0775 15.553693 1.672858 16.342373 14.669515 "" "" 2265.58105 2658.48682 11310.18422 7.4949 3967.0 17.612 10749.0 24.649 "" "" 0.0028477087456184884 0.005569559 0.004525768 0.010095327 271.01673938879 -23.84140940855 2442.21631 1.1959999999999986 -0.36599999999999994 1.355299999475479 1.1364000406265258 0.22630484 0.21130484 "" "" 20.47447240359475 "" 4.509223729824491 ""
271.30067930693 -24.00301473865 0.0385 0.0324 12.0641 "" "" 4066128522220146432 2359.96362 0.3828 0.0463 -2.587 -4.891 0.047 0.035 0.99 7984.5 3.4726 15.555597 2.702792 17.065096 14.362304 5.92 7.02 2122.74097 2638.33325 11290.35728 7.7176 2038.8 14.496 14264.0 18.722 "" "" 0.002853523128514244 0.008208417 0.0040391264 0.012247544 271.30067930693 -24.00301473865 2359.96362 -2.587000000000001 -4.891 -2.427700000524521 -3.388599959373474 0.22430485 0.21230485 -38.075 7.727 46.62971541615316 60.19996665108239 10.092982950736351 9.219681913846765
271.40182371107 -23.88227708082 0.0366 0.0297 7.5492 "" "" 4066153982787608832 2707.44189 0.3199 0.0435 -3.341 -2.763 0.043 0.033 0.926 15005.2 3.8697 15.556655 2.84464 17.176006 14.331367 "" "" 2410.09546 3049.9021 11279.37298 6.6025 1840.8 7.0882 14676.0 18.931 "" "" 0.0028276685686009218 0.005026298 0.004030532 0.009056831 271.40182371107 -23.88227708082 2707.44189 -3.3409999999999997 -2.763 -3.181700000524521 -1.260599959373474 0.22030485 0.21030486 "" "" 43.919671499939824 "" 9.617303065202071 ""
271.49733693201 -23.83644325095 0.0357 0.033 11.2479 "" "" 4066154944860234112 2380.84424 0.402 0.0524 0.201 -0.359 0.044 0.031 0.983 9257.1 3.4445 15.560225 1.763576 16.402084 14.638509 "" "" 2135.5459 2681.5957 11242.33769 6.2513 3754.8 13.106 11060.0 16.503 "" "" 0.0028206863277532843 0.004706066 0.0041119745 0.008818041 271.49733693201 -23.83644325095 2380.84424 0.20099999999999998 -0.3590000000000001 0.36029999947547914 1.143400040626526 0.22130485 0.20830485 "" "" 13.528974214961542 "" 2.8344857595780573 ""
271.27989988776 -23.53453146705 0.0417 0.0385 16.0719 "" "" 4066177587928609408 2593.93213 0.3559 0.0583 1.535 -0.36 0.049 0.034 1.004 6884.7 4.0283 15.560293 1.42226 16.20107 14.778811 "" "" 2266.32593 3036.30444 11241.63874 5.1665 4518.4 20.675 9719.3 14.6 "" "" 0.002800139211401852 0.0056979363 0.004116278 0.009814214 271.27989988776 -23.53453146705 2593.93213 1.5349999999999986 -0.36 1.694299999475479 1.142400040626526 0.22630484 0.21130484 "" "" 25.12483237033095 "" 5.570823653497961 ""
271.34618528135 -23.676673616 0.0349 0.0308 8.0103 "" "" 4066172360920434688 2363.15723 0.3976 0.045 1.132 -0.522 0.045 0.031 0.988 8089.3 3.8612 15.564182 1.394226 16.18862 14.794394 "" "" 2123.61768 2613.43701 11201.43773 5.1768 4570.6 11.501 9580.8 16.912 "" "" 0.0028006375896563384 0.003905007 0.004237552 0.008142559 271.34618528135 -23.676673616 2363.15723 1.132 -0.522 1.291299999475479 0.9804000406265259 0.22230485 0.20830485 "" "" 18.16086415098723 "" 3.9461791076047046 ""
271.1357226994 -23.58221366749 0.0366 0.033 15.8541 "" "" 4066176449729745152 2636.80518 0.3459 0.0487 -2.687 -3.157 0.046 0.033 1.047 5871.1 3.7602 15.566997 1.503959 16.257004 14.753045 "" "" 2345.25293 3051.04028 11172.44328 4.5867 4291.6 12.569 9952.7 17.57 "" "" 0.002791141140436176 0.00423042 0.0042376267 0.008468047 271.1357226994 -23.58221366749 2636.80518 -2.687 -3.157 -2.5277000005245207 -1.6545999593734741 0.22330485 0.21030486 "" "" 37.75892803976006 "" 8.287566077681209 ""
271.23261070825 -23.58388469945 0.0407 0.0375 13.5408 "" "" 4066176969453306752 2874.64624 0.321 0.0539 0.109 -3.387 0.053 0.037 0.945 7656.8 4.059 15.570947 1.323862 16.140785 14.816923 "" "" 2527.52661 3341.39819 11131.86588 5.959 4776.4 26.185 9384.0 23.804 "" "" 0.0028159526408931003 0.006573699 0.004676433 0.011250132 271.23261070825 -23.58388469945 2874.64624 0.10900000000000001 -3.3869999999999996 0.2682999994754791 -1.8845999593734741 0.23030485 0.21430485 "" "" 25.93814898457001 "" 5.567216490295548 ""
271.13262826539 -23.60387416369 0.0406 0.0366 14.892 "" "" 4066176277930966784 2964.79834 0.3094 0.0592 -2.234 -4.296 0.05 0.034 1.047 6042.5 3.9777 15.574391 1.394413 16.163889 14.769476 "" "" 2526.52979 3502.24829 11096.60278 5.9661 4675.9 23.75 9803.2 37.728 "" "" 0.002816478328603438 0.0061803786 0.005634144 0.011814523 271.13262826539 -23.60387416369 2964.79834 -2.2340000000000027 -4.296 -2.074700000524521 -2.7935999593734744 0.22730485 0.21130484 "" "" 48.90126828975263 "" 10.617818034615693 ""
271.1224728748 -23.71707515129 0.0395 0.0345 10.8013 "" "" 4066150920443504128 2954.71191 0.3012 0.0427 1.309 -2.176 0.052 0.038 0.931 4781.2 3.19 15.578368 1.935419 16.54128 14.605862 "" "" 2646.60693 3310.271 11056.04025 5.2287 3303.0 11.324 11398.0 18.921 "" "" 0.0028027566602501974 0.004651971 0.004187147 0.008839118 271.1224728748 -23.71707515129 2954.71191 1.3089999999999986 -2.176 1.468299999475479 -0.6735999593734743 0.22930485 0.21530485 "" "" 22.62475754970009 "" 5.134297697828414 ""
271.30270144949 -23.79960878871 0.0347 0.0284 0.3995 "" "" 4066158067268622464 2856.34912 0.3262 0.0422 -0.042 -1.471 0.042 0.03 0.923 9224.9 3.3935 15.580053 1.197028 16.08998 14.892951 "" "" 2509.66211 3299.72607 11038.89258 4.4694 5005.2 12.428 8749.4 16.427 "" "" 0.002790166475156465 0.0038798114 0.0042940755 0.008173887 271.30270144949 -23.79960878871 2856.34912 -0.041999999999999996 -1.4710000000000019 0.11729999947547912 0.031400040626525794 0.21930484 0.20730485 "" "" 1.6440527047527147 "" 0.35926334081939054 ""
271.0543462434 -23.73444078702 0.037 0.0324 13.8698 "" "" 4066150645565497344 2465.76929 0.3785 0.0443 -1.479 -4.512 0.047 0.034 0.97 6920.1 4.0619 15.580625 1.40706 16.211113 14.804053 "" "" 2207.63599 2785.5647 11033.08774 4.8777 4476.8 14.32 9495.9 22.62 "" "" 0.0027968179301339096 0.00445494 0.0045795995 0.00903454 271.0543462434 -23.73444078702 2465.76929 -1.479 -4.512 -1.319700000524521 -3.0095999593734737 0.22430485 0.21130484 "" "" 38.40860943999448 "" 8.198506429191763 ""
271.21889911604 -23.88939918453 0.0348 0.03 6.7352 "" "" 4066133809292958592 2379.03589 0.3907 0.0436 -1.019 -10.103 0.044 0.031 0.952 4803.0 3.4322 15.581632 2.233103 16.742325 14.509222 "" "" 2127.36133 2653.29956 11022.85433 5.4941 2744.6 12.912 12459.0 40.441 "" "" 0.0028079610142895456 0.005820245 0.005167577 0.010987822 271.21889911604 -23.88939918453 2379.03589 -1.019 -10.103 -0.8597000005245208 -8.600599959373474 0.22130485 0.20830485 "" "" 97.46910330914358 "" 20.316209329184087 ""
271.24513262243 -23.9905453789 0.0349 0.0301 11.6509 "" "" 4066128041183836288 2895.06641 0.303 0.0434 -0.704 -3.202 0.042 0.031 0.959 4734.3 3.1131 15.582586 2.785381 17.078735 14.293354 "" "" 2556.01733 3442.72119 11013.17083 6.2632 2013.4 11.972 15199.0 21.619 "" "" 0.002823658109893483 0.0070330994 0.004082736 0.011115836 271.24513262243 -23.9905453789 2895.06641 -0.704 -3.202 -0.5447000005245208 -1.699599959373474 0.21930484 0.20830485 "" "" 24.49145807102792 "" 5.12738121954214 ""
271.26497253663 -23.61829584089 0.0479 0.0408 11.1522 "" "" 4066173705278052480 3164.89575 0.3027 0.0685 -0.975 -0.936 0.06 0.042 1.165 4645.2 2.4333 15.583455 2.514143 16.868721 14.354578 -9.4 10.55 2534.26685 3985.68286 11004.35603 11.494 2443.0 16.146 14366.0 15.429 "" "" 0.002979572286661599 0.0076990956 0.0039551808 0.011654276 271.26497253663 -23.61829584089 3164.89575 -0.975 -0.9360000000000003 -0.8157000005245209 0.5664000406265258 0.23730485 0.21930484 -53.395 11.257 14.8975501001379 55.4343126951721 3.450315961425321 10.882453681033535
271.19110740634 -23.72853178712 0.0381 0.0317 7.2489 "" "" 4066171231376817408 2750.43091 0.3166 0.046 0.359 3.353 0.049 0.033 0.955 4959.4 2.9652 15.584432 2.515721 16.959269 14.443547 -59.72 5.39 2430.68579 3114.33862 10994.46373 6.5058 2247.6 8.4204 13235.0 15.255 "" "" 0.0028292319563187045 0.004932585 0.0039811865 0.008913772 271.19110740634 -23.72853178712 2750.43091 0.35899999999999993 3.3529999999999998 0.5182999994754791 4.855400040626526 0.22630484 0.21030486 -103.715 6.097 63.659685618742735 121.69370073293507 13.39984788232032 8.725602877274069
271.31944813507 -23.84195224725 0.0337 0.0273 2.7235 "" "" 4066157143883728384 3043.82227 0.3053 0.0404 0.029 -1.407 0.041 0.03 1.001 9201.6 3.8787 15.587041 1.478154 16.248838 14.770684 "" "" 2680.80396 3395.49536 10968.06985 4.444 4324.0 13.812 9792.3 14.203 "" "" 0.0027902175604445087 0.0044511757 0.0040943446 0.00854552 271.31944813507 -23.84195224725 3043.82227 0.028999999999999998 -1.4069999999999998 0.18829999947547912 0.09540004062652585 0.21830484 0.20730485 "" "" 3.0455150987487296 "" 0.6581466435743584 ""
271.17266697697 -23.57816728492 0.0409 0.0365 15.0401 "" "" 4066177691007915264 2824.85645 0.3251 0.0539 -0.691 -1.981 0.052 0.036 1.095 7077.5 4.1522 15.587461 1.179944 15.976125 14.796181 "" "" 2440.99365 3381.07568 10963.8405 6.4284 5558.6 18.001 9565.0 22.361 "" "" 0.0028279046977560986 0.004488617 0.0045526177 0.009041235 271.17266697697 -23.57816728492 2824.85645 -0.691 -1.9810000000000003 -0.5317000005245208 -0.4785999593734742 0.22930485 0.21330485 "" "" 9.57875547602061 "" 2.129222222537001 ""
271.54074503797 -23.67462961592 0.0376 0.0385 15.4671 "" "" 4066166077415647744 3112.19922 0.3106 0.0577 0.646 -1.722 0.045 0.035 0.993 6464.9 3.8458 15.589543 1.505864 16.280956 14.775092 "" "" 2657.66626 3813.83984 10942.81947 4.1431 4197.9 10.981 9752.6 13.345 "" "" 0.0027858161466352703 0.0039813607 0.004060904 0.008042265 271.54074503797 -23.67462961592 3112.19922 0.646 -1.7219999999999993 0.8052999994754791 -0.2195999593734741 0.22230485 0.21230485 "" "" 12.313419686875745 "" 2.7289891935515302 ""
271.40779435824 -23.79958456169 0.036 0.0323 6.144 "" "" 4066158930590056576 2451.59229 0.3802 0.0512 3.71 1.115 0.044 0.033 1.028 6445.8 3.7372 15.591677 1.911116 16.536348 14.625233 "" "" 2168.22266 2729.75073 10921.34163 5.0268 3318.0 14.802 11196.0 18.791 "" "" 0.0028002722437228096 0.0055897688 0.0041957567 0.0097855255 271.40779435824 -23.79958456169 2451.59229 3.71 1.1150000000000002 3.869299999475479 2.617400040626526 0.22130485 0.21030486 "" "" 54.28458296817857 "" 11.829227648916142 ""
271.14635968994 -23.57331467014 0.0403 0.036 15.993 "" "" 4066176488417424896 2553.93384 0.3566 0.0537 0.872 1.251 0.049 0.035 1.104 4871.1 3.5007 15.593764 1.791593 16.46685 14.675258 "" "" 2243.78345 2968.68384 10900.3664 5.386 3537.3 21.569 10692.0 16.957 "" "" 0.0028070616168006136 0.0071843145 0.004153162 0.011337476 271.14635968994 -23.57331467014 2553.93384 0.872 1.2509999999999997 1.031299999475479 2.7534000406265258 0.22630484 0.21230485 "" "" 35.593053320272546 "" 7.619642712144841 ""
271.50012409049 -23.72611789939 0.0362 0.0334 12.103 "" "" 4066162568394753152 2838.12402 0.3282 0.0512 0.335 -1.01 0.043 0.033 0.983 8408.6 2.9836 15.594007 1.579642 16.310944 14.731301 "" "" 2480.4375 3477.41211 10897.93362 5.2261 4083.6 18.856 10154.0 24.367 "" "" 0.0028040828784301943 0.005737511 0.0045904573 0.010327969 271.50012409049 -23.72611789939 2838.12402 0.3350000000000004 -1.01 0.49429999947547915 0.49240004062652587 0.22030485 0.21030486 "" "" 9.386002469026893 "" 2.0215773950508322 ""
271.11048434333 -23.66375919011 0.0367 0.031 13.1346 "" "" 4066175457624866944 2976.16382 0.3067 0.0411 0.799 -2.096 0.045 0.032 0.987 7965.5 4.2672 15.597468 1.140508 16.082298 14.941791 "" "" 2626.11401 3567.00049 10863.24357 4.2254 5040.8 9.8568 8364.5 15.06 "" "" 0.002787496394592758 0.003506052 0.004255008 0.0077610603 271.11048434333 -23.66375919011 2976.16382 0.7989999999999998 -2.0960000000000005 0.9582999994754792 -0.5935999593734742 0.22230485 0.20930485 "" "" 15.902179648995208 "" 3.47903769339086 ""
271.54032436662 -23.9504030674 0.0384 0.0337 16.0972 "" "" 4066104951438364544 3017.71069 0.3026 0.052 0.011 -4.885 0.048 0.034 1.01 "" "" 15.598465 2.867242 17.237957 14.370715 -65.26 5.74 2495.26953 3778.92969 10853.27129 7.4904 1738.7 10.879 14154.0 15.559 "" "" 0.002855393716255102 0.007344089 0.003963357 0.011307446 271.54032436662 -23.9504030674 3017.71069 0.01099999999999992 -4.885 0.17029999947547914 -3.382599959373474 0.22530484 0.21130484 -109.25500000000001 6.4469995 48.44581773056518 119.51423463580873 10.238607381511159 7.2082691416387705
271.3960061083 -23.70671609461 0.0365 0.0319 7.9309 "" "" 4066160648577156096 2434.79443 0.377 0.0489 0.069 -1.514 0.046 0.034 0.978 "" "" 15.606408 1.073713 16.052217 14.978504 "" "" 2223.51343 2742.85425 10774.1625 5.0792 5182.4 15.6 8086.4 15.831 "" "" 0.0028024581753055477 0.004297283 0.004336106 0.008633389 271.3960061083 -23.70671609461 2434.79443 0.069 -1.5140000000000002 0.22829999947547913 -0.011599959373474134 0.22330485 0.21130484 "" "" 2.6381922021747135 "" 0.5890417855572121 ""
271.08523055595 -23.72702016083 0.0377 0.0335 12.4126 "" "" 4066150989161475712 2550.66455 0.3638 0.0483 -0.212 -2.514 0.049 0.034 0.973 7990.7 3.9583 15.606613 1.103744 16.064396 14.960652 "" "" 2267.72827 2837.36938 10772.12857 4.3459 5124.6 15.117 8220.5 9.6957 "" "" 0.0027899208728286488 0.0042477027 0.0039904388 0.008238141 271.08523055595 -23.72702016083 2550.66455 -0.21200000000000008 -2.514 -0.05270000052452087 -1.011599959373474 0.22630484 0.21130484 "" "" 12.24698037915375 "" 2.58836108640864 ""
271.1420083001 -23.76620659794 0.0372 0.0316 8.7183 "" "" 4066147488795922944 2512.28198 0.3724 0.0419 0.16 0.056 0.047 0.033 0.907 7844.6 4.2288 15.606763 1.220723 16.125643 14.90492 "" "" 2303.06885 2783.77344 10770.64204 5.1837 4843.5 15.51 8653.5 13.835 "" "" 0.0028044324299821206 0.004457917 0.0041589537 0.00861687 271.1420083001 -23.76620659794 2512.28198 0.16000000000000006 0.05600000000000001 0.31929999947547916 1.558400040626526 0.22430485 0.21030486 "" "" 18.943286035730118 "" 3.994890173599345 ""
271.45069817639 -24.0335166712 0.0377 0.0308 16.2803 "" "" 4066080723496682496 2398.5835 0.3741 0.0446 -0.497 -4.579 0.045 0.031 1.008 "" "" 15.607411 3.046003 17.383442 14.337439 "" "" 2119.20801 2697.20166 10764.21404 6.2311 1520.7 9.1233 14594.0 24.187 "" "" 0.0028260934617982112 0.0070862053 0.0041858847 0.01127209 271.45069817639 -24.0335166712 2398.5835 -0.497 -4.579 -0.33770000052452087 -3.076599959373474 0.22230485 0.20830485 "" "" 35.18882774645302 "" 7.336062922907877 ""
271.15196829687 -23.79444240765 0.0389 0.0332 7.915 "" "" 4066147420076422912 2832.9729 0.3338 0.0479 0.566 -0.903 0.056 0.036 1.022 8861.8 4.2555 15.609908 1.307217 16.182253 14.875036 "" "" 2401.69556 3479.79639 10739.48608 4.8966 4597.4 13.692 8895.0 13.423 "" "" 0.0027994371730516968 0.004270932 0.0041192453 0.008390177 271.15196829687 -23.79444240765 2832.9729 0.5659999999999997 -0.903 0.7252999994754791 0.5994000406265259 0.23330486 0.21330485 "" "" 12.635019806293439 "" 2.84796758483366 ""
271.41465654744 -23.68385552257 0.0355 0.0336 9.6322 "" "" 4066160786016119936 2680.823 0.3494 0.0512 0.086 -1.456 0.042 0.032 0.955 8491.4 3.6671 15.611045 1.038347 16.042547 15.0042 "" "" 2390.41138 3055.92432 10728.2436 4.5745 5228.8 16.542 7897.3 16.04 "" "" 0.0027939429592731316 0.0044253115 0.004375692 0.008801004 271.41465654744 -23.68385552257 2680.823 0.08600000000000001 -1.456 0.24529999947547912 0.04640004062652592 0.21930484 0.20930485 "" "" 3.172326013930216 "" 0.6946347722500528 ""
271.16574153577 -23.75388062926 0.0336 0.0283 7.708 "" "" 4066147626234870272 2615.03223 0.3504 0.0388 -1.103 -2.08 0.046 0.031 0.961 6920.5 4.0366 15.611132 1.324699 16.188473 14.863773 "" "" 2405.89062 2862.04297 10727.38588 4.261 4571.2 16.55 8987.7 12.863 "" "" 0.002788866607176238 0.00482048 0.0040863524 0.008906832 271.16574153577 -23.75388062926 2615.03223 -1.1029999999999986 -2.08 -0.9437000005245209 -0.5775999593734742 0.22330485 0.20830485 "" "" 13.714502259736934 "" 3.0078469346222305 ""
271.24464242859 -23.66912190743 0.0384 0.0318 8.455 "" "" 4066172021651362688 2577.74561 0.3734 0.0505 -0.141 -1.638 0.054 0.035 1.057 "" "" 15.61533 1.082599 16.064522 14.981923 "" "" 2209.62109 2870.1167 10685.99325 5.767 5124.0 19.051 8061.0 19.652 "" "" 0.0028169353815255976 0.004907187 0.004614104 0.009521291 271.24464242859 -23.66912190743 2577.74561 -0.14099999999999996 -1.6379999999999992 0.01829999947547914 -0.13559995937347402 0.23130485 0.21230485 "" "" 1.6718499234015864 "" 0.35553496140015817 ""
271.09142649815 -23.85057759456 0.0358 0.0301 11.5956 "" "" 4066145354165196416 2878.50024 0.3037 0.0412 0.875 0.756 0.049 0.033 0.944 "" "" 15.621679 2.732578 17.160357 14.427778 9.01 7.37 2628.3479 3174.32568 10623.68438 5.985 1867.6 10.12 13429.0 20.155 "" "" 0.002822396656844387 0.006511395 0.0041157147 0.01062711 271.09142649815 -23.85057759456 2878.50024 0.8750000000000002 0.7559999999999998 1.0342999994754791 2.258400040626526 0.22630484 0.21030486 -34.98500000000001 8.077 33.89162366571846 48.709263797543564 7.224508002214302 7.676114898913213
271.2870908884 -23.61021621144 0.0435 0.0372 11.5169 "" "" 4066174117594894848 2455.38599 0.3816 0.0563 -1.337 -4.391 0.057 0.038 1.26 7991.9 4.2113 15.625378 1.146753 16.101591 14.954838 "" "" 2153.95996 3111.13281 10587.5544 9.0651 4952.0 22.29 8264.6 11.126 "" "" 0.0029079143485431147 0.005627528 0.004052176 0.009679704 271.2870908884 -23.61021621144 2455.38599 -1.3369999999999986 -4.391 -1.1777000005245208 -2.888599959373474 0.23430485 0.21530485 "" "" 36.305846048223316 "" 7.9188177606064505 ""
271.15017232701 -23.84394065207 0.0373 0.0316 8.3857 "" "" 4066145942607644160 2952.96313 0.3104 0.0434 -1.039 -3.055 0.05 0.035 1.038 "" "" 15.627225 1.712339 16.419626 14.707287 "" "" 2652.58984 3416.56519 10569.55304 5.0802 3694.6 11.062 10381.0 18.18 "" "" 0.0028043039002757808 0.0042840126 0.0042307377 0.008514751 271.15017232701 -23.84394065207 2952.96313 -1.0390000000000001 -3.055 -0.8797000005245208 -1.5525999593734743 0.22730485 0.21230485 "" "" 24.977721242288375 "" 5.396334533370046 ""
271.14785827397 -23.72620626882 0.0448 0.0381 9.3151 "" "" 4066171368815837696 2444.18774 0.3978 0.0528 2.22 -0.492 0.057 0.039 1.24 5514.2 3.7512 15.629107 1.465386 16.171486 14.7061 "" "" 2166.28149 2797.01245 10551.25491 9.3246 4643.3 75.271 10392.0 74.654 "" "" 0.002917610788298306 0.017820299 0.00866713 0.026487429 271.14785827397 -23.72620626882 2444.18774 2.22 -0.49199999999999955 2.3792999994754793 1.0104000406265259 0.23430485 0.21630485 "" "" 29.947831605293086 "" 6.937273008169969 ""
271.02575147814 -23.82279891107 0.0411 0.0332 14.8819 "" "" 4066148519588112128 2972.10083 0.3185 0.0439 0.193 3.473 0.054 0.037 1.025 4962.6 2.777 15.63099 2.542893 17.030226 14.487332 "" "" 2497.57861 3531.64014 10532.96882 5.8032 2105.4 8.8276 12712.0 12.106 "" "" 0.002819507712887106 0.005339347 0.0039182696 0.0092576165 271.02575147814 -23.82279891107 2972.10083 0.193 3.4730000000000034 0.35229999947547913 4.975400040626526 0.23130485 0.21430485 "" "" 70.26772682994813 "" 15.064909112746452 ""
271.46900993082 -23.81436393082 0.0407 0.0367 9.5312 "" "" 4066155765166087424 2755.30127 0.3431 0.0572 1.117 -1.339 0.05 0.038 1.183 "" "" 15.635078 1.484953 16.282887 14.797934 "" "" 2396.39795 3186.60498 10493.37734 7.2285 4190.5 14.753 9549.6 21.058 "" "" 0.0028550269693658845 0.004732438 0.004473903 0.009206342 271.46900993082 -23.81436393082 2755.30127 1.117 -1.3390000000000002 1.2762999994754791 0.1634000406265259 0.22730485 0.21530485 "" "" 16.804691911273647 "" 3.816620441376952 ""
271.33964290864 -23.5305618681 0.0382 0.0341 16.4623 "" "" 4066183257285353216 2635.28809 0.349 0.0496 -0.838 -1.165 0.051 0.038 0.974 "" "" 15.639445 1.312267 16.215729 14.903461 "" "" 2367.57397 3013.86597 10451.25833 5.0735 4457.8 17.791 8665.1 26.568 "" "" 0.002805278223024554 0.0051537626 0.0050364425 0.010190206 271.33964290864 -23.5305618681 2635.28809 -0.838 -1.165 -0.6787000005245208 0.33740004062652584 0.22830485 0.21530485 "" "" 9.467625148734845 "" 2.1376781530185553 ""
271.29592862561 -23.63080788724 0.0387 0.034 10.2712 "" "" 4066173460432292736 2988.6394 0.32 0.0489 -0.268 -2.304 0.055 0.037 0.917 7981.9 4.2305 15.639815 1.188115 16.144392 14.956277 "" "" 2669.20605 3703.29639 10447.69629 5.2276 4760.6 14.249 8253.7 25.435 "" "" 0.0028083658344606865 0.004283197 0.0050476217 0.009330818 271.29592862561 -23.63080788724 2988.6394 -0.268 -2.304 -0.10870000052452089 -0.801599959373474 0.23230484 0.21430485 "" "" 11.459515745128787 "" 2.459707658274282 ""
271.19613132428 -23.73241006486 0.0368 0.0303 6.8883 "" "" 4066171227057994752 2650.74658 0.3479 0.0428 -1.91 -3.166 0.05 0.035 0.956 7469.3 3.9427 15.65253 1.38941 16.232307 14.842897 "" "" 2354.73901 3085.14404 10326.06308 7.4595 4390.3 32.958 9162.2 39.37 "" "" 0.0028647799394947164 0.008614972 0.0060041477 0.014619119 271.19613132428 -23.73241006486 2650.74658 -1.909999999999998 -3.1659999999999995 -1.7507000005245208 -1.663599959373474 0.22730485 0.21230485 "" "" 30.344116382873096 "" 6.685252339253785 ""
271.53566961649 -23.75889637693 0.0362 0.0348 13.4159 "" "" 4066162229124822656 2499.51147 0.3719 0.0524 -0.835 -1.014 0.043 0.033 0.899 7878.2 3.9422 15.654329 1.691679 16.452177 14.760498 "" "" 2219.21436 2781.15234 10308.95967 4.503 3585.5 8.7715 9884.6 14.82 "" "" 0.00279583737854705 0.003852278 0.004115047 0.007967325 271.53566961649 -23.75889637693 2499.51147 -0.835 -1.014 -0.6757000005245208 0.48840004062652587 0.22030485 0.21030486 "" "" 9.877765464909196 "" 2.142736016527081 ""
271.44795803523 -23.718856201 0.0371 0.0362 9.7263 "" "" 4066159892663620096 2964.04614 0.3323 0.0555 0.153 -1.896 0.046 0.033 0.877 "" "" 15.656223 1.124508 16.113213 14.988705 "" "" 2564.44922 3595.80566 10291.00081 4.3272 4899.3 29.84 8010.8 22.657 "" "" 0.0027928861764550637 0.0071773897 0.004869652 0.012047041 271.44795803523 -23.718856201 2964.04614 0.15299999999999983 -1.8960000000000001 0.31229999947547915 -0.39359995937347403 0.22330485 0.21030486 "" "" 7.0591579037430074 "" 1.5206854523687374 ""
271.22250246803 -23.63582707635 0.0405 0.037 10.7546 "" "" 4066176522776632320 2565.07349 0.3826 0.0589 -0.239 -2.934 0.053 0.036 1.03 "" "" 15.65665 2.396564 16.91247 14.515906 19.96 8.07 2207.52441 2970.30078 10286.95719 8.0659 2346.5 14.529 12382.0 38.595 "" "" 0.002883838804958287 0.007278658 0.005073163 0.012351821 271.22250246803 -23.63582707635 2565.07349 -0.239 -2.9339999999999997 -0.07970000052452086 -1.4315999593734743 0.23030485 0.21330485 -24.035000000000004 8.776999 17.43298714703104 29.691585775578737 3.719492725786208 7.432934778020772
271.47086122528 -23.77156420295 0.036 0.0359 9.7775 "" "" 4066156456688848384 2611.16626 0.3657 0.0559 -1.103 -2.857 0.044 0.033 0.966 "" "" 15.657271 1.518474 16.346842 14.828368 "" "" 2296.06641 2963.28271 10281.07104 4.4008 3950.8 11.147 9285.6 17.907 "" "" 0.002794240539193132 0.004143572 0.004320621 0.008464193 271.47086122528 -23.77156420295 2611.16626 -1.103 -2.8569999999999984 -0.9437000005245209 -1.3545999593734743 0.22130485 0.21030486 "" "" 20.433220236829293 "" 4.371919443486443 ""
271.03239326016 -23.88877360362 0.0355 0.0293 15.37 "" "" 4066144770049494784 2784.22217 0.3078 0.0385 0.698 1.453 0.046 0.032 0.915 "" "" 15.658977 2.737182 17.198893 14.461711 -11.76 5.51 2536.74292 3136.24146 10264.9289 5.391 1802.4 13.519 13016.0 21.615 "" "" 0.002813704513864932 0.008608348 0.0041874372 0.012795785 271.03239326016 -23.88877360362 2784.22217 0.6980000000000002 1.4530000000000003 0.8572999994754791 2.955400040626526 0.22330485 0.20930485 -55.755 6.217 40.61087764257467 68.97726732699819 8.545536116566298 7.1110274542991565
271.33965483679 -23.58499526777 0.0394 0.0351 13.24 "" "" 4066174010188302336 2827.6394 0.3187 0.0532 -0.198 -6.54 0.054 0.035 1.022 4874.0 3.4378 15.659506 1.88727 16.59164 14.70437 "" "" 2519.40723 3288.51758 10259.92892 4.7809 3153.3 16.248 10409.0 20.148 "" "" 0.0028013842273268124 0.006251651 0.004324395 0.010576046 271.33965483679 -23.58499526777 2827.6394 -0.1980000000000003 -6.540000000000001 -0.03870000052452088 -5.037599959373474 0.23130485 0.21230485 "" "" 67.52099878345689 "" 14.335114306966139 ""
271.45845579193 -23.987442925 0.0405 0.0315 14.2591 "" "" 4066105088877340416 2752.23364 0.3227 0.0481 0.242 -4.552 0.049 0.033 1.022 8614.2 2.7288 15.662292 1.919511 16.565386 14.645875 "" "" 2448.66772 3073.01343 10233.62661 6.308 3230.4 28.572 10985.0 70.859 "" "" 0.002835433107020158 0.01000017 0.007958245 0.017958416 271.45845579193 -23.987442925 2752.23364 0.24199999999999974 -4.552 0.4012999994754791 -3.0495999593734737 0.22630484 0.21030486 "" "" 40.12679689062751 "" 8.450196603496597 ""
271.24448023749 -23.56399860238 0.0462 0.0429 14.5567 "" "" 4066177416129919872 2637.42163 0.3533 0.059 -1.301 1.485 0.06 0.042 1.097 "" "" 15.667304 2.29341 16.86489 14.571479 "" "" 2315.87134 3134.74097 10186.5077 5.9985 2451.7 21.874 11764.0 15.216 "" "" 0.0028285267234638193 0.010080736 0.0040318575 0.014112594 271.24448023749 -23.56399860238 2637.42163 -1.301 1.485 -1.1417000005245208 2.987400040626526 0.23730485 0.21930484 "" "" 39.98103839095501 "" 8.862999592041165 ""
271.26421818775 -23.53190884381 0.0405 0.0402 16.2984 "" "" 4066177587928636672 2496.19019 0.3811 0.0584 0.125 -2.699 0.048 0.034 0.982 7483.9 4.2437 15.669837 1.196644 16.180225 14.983582 "" "" 2182.39868 2888.27148 10162.76601 4.3281 4606.0 18.873 8048.7 22.516 "" "" 0.002793849520929656 0.005251355 0.0048486087 0.010099964 271.26421818775 -23.53190884381 2496.19019 0.125 -2.6990000000000003 0.2842999994754791 -1.196599959373474 0.22530484 0.21130484 "" "" 14.552220017388008 "" 3.0861806065646347 ""
271.23573641165 -23.64462516276 0.0442 0.0414 10.0039 "" "" 4066173563511434880 2634.95825 0.3688 0.0695 -1.158 -5.994 0.062 0.037 1.009 7117.5 4.3026 15.674052 1.322565 16.258852 14.936287 "" "" 2218.40283 3080.44189 10123.38476 4.8969 4284.3 13.971 8407.0 24.85 "" "" 0.0028049274852030076 0.0045078387 0.004958155 0.009465994 271.23573641165 -23.64462516276 2634.95825 -1.158 -5.994 -0.9987000005245208 -4.491599959373474 0.23930484 0.21430485 "" "" 57.46874441439267 "" 12.387254798691975 ""
271.31401813385 -23.73423611126 0.0361 0.0306 4.1854 "" "" 4066158891902696064 2678.13696 0.3461 0.0459 0.485 -0.254 0.048 0.032 0.983 "" "" 15.675044 1.179126 16.172186 14.99306 "" "" 2384.98853 3157.88354 10114.1453 5.0534 4640.3 15.016 7978.7 13.039 "" "" 0.002808214245978139 0.0044865697 0.004175165 0.008661735 271.31401813385 -23.73423611126 2678.13696 0.48499999999999993 -0.254 0.6442999994754791 1.2484000406265259 0.22530484 0.20930485 "" "" 17.83378227445929 "" 3.7944966305578447 ""
271.38123428556 -23.75710665719 0.0384 0.0336 5.4039 "" "" 4066159308547294336 3087.10303 0.3209 0.0527 0.376 -1.043 0.047 0.035 1.037 "" "" 15.675896 1.468616 16.33705 14.868433 "" "" 2651.62744 3598.44458 10106.2174 4.9729 3986.5 19.043 8949.2 17.448 "" "" 0.002806637415322415 0.005889314 0.004331823 0.010221137 271.38123428556 -23.75710665719 3087.10303 0.376 -1.043 0.5352999994754791 0.45940004062652595 0.22430485 0.21230485 "" "" 10.322080591957688 "" 2.263584887313012 ""
271.45461246891 -23.9737000344 0.041 0.033 13.4886 "" "" 4066105153270823296 2875.61328 0.3211 0.0497 0.165 -1.361 0.048 0.036 1.019 8684.6 3.4509 15.676361 2.322252 16.900421 14.578169 "" "" 2492.83472 3307.37476 10101.88681 5.8455 2372.7 15.206 11692.0 30.299 "" "" 0.0028260409406564006 0.007496766 0.004711701 0.012208467 271.45461246891 -23.9737000344 2875.61328 0.165 -1.361 0.32429999947547916 0.1414000406265259 0.22530484 0.21330485 "" "" 4.822245752776383 "" 1.0774401606970903 ""
271.2871229785 -23.77409479228 0.0397 0.032 1.7421 "" "" 4066158724432559232 2505.44019 0.363 0.0459 -1.222 -2.755 0.049 0.034 0.966 7904.0 3.5095 15.677138 1.634816 16.43512 14.800303 "" "" 2288.4353 2809.16162 10094.65469 9.6907 3642.2 20.338 9528.8 33.418 "" "" 0.0029458707936649716 0.0066739665 0.005364938 0.012038905 271.2871229785 -23.77409479228 2505.44019 -1.2220000000000004 -2.7550000000000003 -1.0627000005245208 -1.252599959373474 0.22630484 0.21130484 "" "" 19.50790140843038 "" 4.247037198301341 ""
271.02960312435 -23.67624257542 0.0373 0.0325 16.4577 "" "" 4066152161720484864 2682.87183 0.3558 0.0484 -0.572 -2.676 0.046 0.033 1.014 6333.1 3.8239 15.677184 1.827032 16.57336 14.746328 "" "" 2292.00562 3113.55493 10094.2259 8.9998 3206.8 13.283 10014.0 22.648 "" "" 0.0029204197072856207 0.00529249 0.0045070383 0.009799529 271.02960312435 -23.67624257542 2682.87183 -0.5719999999999998 -2.676 -0.4127000005245208 -1.1735999593734743 0.22330485 0.21030486 "" "" 15.82033907181142 "" 3.3503459954276873 ""
271.55860484758 -23.90801352729 0.0437 0.038 15.7565 "" "" 4066107287900589312 2873.41187 0.3048 0.0626 -3.012 -1.471 0.057 0.038 1.007 7566.7 3.5865 15.680832 2.732644 17.22524 14.492597 "" "" 2476.38696 3679.55737 10060.37206 6.9095 1759.2 12.658 12651.0 21.633 "" "" 0.0028544420291276617 0.008295526 0.0042107785 0.012506304 271.55860484758 -23.90801352729 2873.41187 -3.011999999999998 -1.4710000000000005 -2.852700000524521 0.031400040626525794 0.23430485 0.21530485 "" "" 38.85604850975264 "" 9.104074627075635 ""
271.29265011513 -23.91819237602 0.0382 0.0329 6.9742 "" "" 4066130167160574592 2626.2937 0.3441 0.0496 -2.015 -2.435 0.047 0.037 1.04 "" "" 15.683231 2.800785 17.275335 14.47455 0.51 7.89 2290.39111 3036.61865 10038.16118 6.6964 1679.9 8.267 12863.0 14.817 "" "" 0.0028489266520894375 0.006027701 0.003980942 0.010008642 271.29265011513 -23.91819237602 2626.2937 -2.014999999999999 -2.434999999999999 -1.855700000524521 -0.9325999593734742 0.22430485 0.21430485 -43.48500000000001 8.597 25.85411923834829 50.59032226217512 5.74800854450188 7.952023138233838
271.46504010098 -23.98049073972 0.0397 0.0324 14.17 "" "" 4066105187630537088 2772.04712 0.3309 0.0493 -0.805 -2.479 0.047 0.032 1.0 "" "" 15.683425 1.856666 16.573494 14.716828 "" "" 2414.3667 3200.91187 10036.36842 6.5113 3206.4 10.126 10290.0 14.249 "" "" 0.002843933855082127 0.004420616 0.004067448 0.008488065 271.46504010098 -23.98049073972 2772.04712 -0.8050000000000002 -2.478999999999999 -0.6457000005245209 -0.9765999593734742 0.22430485 0.20930485 "" "" 15.383188070841255 "" 3.2916764323338628 ""
271.47364116263 -23.78287825826 0.0376 0.0331 9.8249 "" "" 4066156452361004160 2958.61353 0.3012 0.0522 0.729 -1.192 0.048 0.036 0.934 9206.8 3.4104 15.684712 1.443922 16.331198 14.887276 "" "" 2606.4209 3439.12915 10024.47655 4.4686 4008.1 14.808 8795.2 17.87 "" "" 0.0027975048180561 0.0048862416 0.0043760836 0.009262325 271.47364116263 -23.78287825826 2958.61353 0.729 -1.192 0.8882999994754791 0.31040004062652593 0.22530484 0.21330485 "" "" 13.196005532260918 "" 2.9563040506850995 ""
271.12468842897 -23.84262866553 0.0369 0.0312 9.709 "" "" 4066146110079472768 2711.71802 0.3349 0.0429 0.448 -1.107 0.052 0.037 1.004 9245.4 3.544 15.691233 1.506873 16.37357 14.866696 "" "" 2434.70166 3023.74487 9964.45688 4.4726 3854.7 13.902 8963.5 10.514 "" "" 0.0027980865261832332 0.004808104 0.003988188 0.008796292 271.12468842897 -23.84262866553 2711.71802 0.448 -1.107 0.6072999994754791 0.3954000406265259 0.22930485 0.21430485 "" "" 9.31464712459825 "" 2.0952726929676264 ""
271.15576053705 -23.67236062129 0.0431 0.0367 10.943 "" "" 4066174564271585408 2551.32227 0.3465 0.049 0.175 -1.02 0.055 0.037 0.994 "" "" 15.694302 1.018272 16.111477 15.093205 "" "" 2243.99048 3049.34131 9936.33344 4.5083 4907.1 16.913 7275.7 17.162 "" "" 0.0027990110082691745 0.0046678325 0.004565379 0.009233212 271.15576053705 -23.67236062129 2551.32227 0.1749999999999999 -1.02 0.3342999994754791 0.48240004062652586 0.23230484 0.21430485 "" "" 7.097689960458401 "" 1.5636628517873625 ""
271.21721433866 -23.7989643213 0.0343 0.0288 4.3239 "" "" 4066146458003711360 2476.91333 0.3703 0.0384 0.126 -2.507 0.046 0.031 1.013 8833.6 4.2111 15.694447 1.131412 16.168785 15.037373 "" "" 2272.1145 2785.29932 9935.00798 4.1663 4654.8 16.356 7659.7 12.891 "" "" 0.0027926861689857034 0.0047264853 0.0041979267 0.008924412 271.21721433866 -23.7989643213 2476.91333 0.12599999999999983 -2.507 0.2852999994754791 -1.0045999593734742 0.22330485 0.20830485 "" "" 12.260983755022501 "" 2.5682033686562518 ""
271.43387212006 -23.99454803074 0.037 0.0316 13.8114 "" "" 4066105118911013632 2439.7688 0.3755 0.0446 0.839 -1.149 0.044 0.032 1.004 6999.8 2.5493 15.695625 1.989024 16.64197 14.652945 "" "" 2163.28589 2684.77539 9924.22973 6.723 3010.4 15.552 10914.0 23.528 "" "" 0.0028518010790978903 0.0062646675 0.0044454574 0.010710125 271.43387212006 -23.99454803074 2439.7688 0.8390000000000009 -1.1489999999999987 0.9982999994754791 0.35340004062652586 0.22130485 0.20930485 "" "" 12.246883443877962 "" 2.6943253507362055 ""
271.55662868559 -23.67574759685 0.0349 0.0325 16.1997 "" "" 4066163152510563712 2812.06641 0.3229 0.0474 0.006 -2.033 0.044 0.032 0.915 9274.4 4.3587 15.696832 1.056669 16.141237 15.084568 "" "" 2505.30908 3184.04761 9913.20643 3.688 4774.4 12.479 7333.8 14.287 "" "" 0.0027847701953149814 0.0039797346 0.0043309913 0.008310726 271.55662868559 -23.67574759685 2812.06641 0.005999999999999988 -2.0329999999999995 0.16529999947547913 -0.530599959373474 0.22130485 0.20930485 "" "" 7.407728112815239 "" 1.558542003465455 ""
271.31286243885 -23.53566295272 0.0387 0.0359 16.007 "" "" 4066183218598406400 2419.95947 0.3927 0.0506 -1.076 -3.42 0.049 0.036 0.902 7446.9 4.0847 15.699664 1.191065 16.201378 15.010313 "" "" 2143.47876 2745.36011 9887.37864 4.6046 4517.2 13.31 7853.0 22.677 "" "" 0.0028013307001859833 0.004244942 0.0049105617 0.009155504 271.31286243885 -23.53566295272 2419.95947 -1.076 -3.4200000000000026 -0.9167000005245209 -1.917599959373474 0.22630484 0.21330485 "" "" 24.380178690045557 "" 5.260812858997171 ""
271.20017663312 -23.74489774506 0.0369 0.0303 6.2743 "" "" 4066171059578088576 2439.33423 0.3763 0.0433 -1.473 -5.191 0.052 0.033 1.064 "" "" 15.702829 1.275776 16.263908 14.988132 "" "" 2226.10059 2771.34985 9858.59695 3.9159 4264.4 22.206 8015.0 10.341 "" "" 0.0027888664286741527 0.0063047563 0.004030637 0.010335393 271.20017663312 -23.74489774506 2439.33423 -1.4730000000000014 -5.191 -1.313700000524521 -3.688599959373474 0.22930485 0.21030486 "" "" 45.273395836150094 "" 9.621885028364929 ""
271.39842226175 -23.57478042906 0.036 0.0311 14.7506 "" "" 4066179237195807616 2662.56934 0.3523 0.0433 0.139 -2.681 0.046 0.033 0.987 "" "" 15.703446 1.132716 16.185349 15.052632 "" "" 2330.2998 3072.4292 9852.98928 5.1244 4584.3 13.556 7552.8 15.264 "" "" 0.00281258748761371 0.004253568 0.004370175 0.008623743 271.39842226175 -23.57478042906 2662.56934 0.139 -2.681 0.29829999947547914 -1.1785999593734742 0.22330485 0.21030486 "" "" 15.343638202245174 "" 3.2391973728306254 ""
271.14006482533 -23.7594177862 0.038 0.0309 8.9299 "" "" 4066147798033575680 2886.84814 0.3181 0.0425 0.145 -3.049 0.051 0.033 0.951 6797.5 4.0012 15.706331 1.465364 16.352829 14.887465 "" "" 2608.15771 3203.84033 9826.84805 5.2205 3929.0 17.066 8793.7 17.325 "" "" 0.0028150458085460404 0.0054795737 0.004342737 0.009822311 271.14006482533 -23.7594177862 2886.84814 0.14500000000000002 -3.0490000000000004 0.30429999947547914 -1.546599959373474 0.22830485 0.21030486 "" "" 21.568894806724476 "" 4.5511070102741344 ""
271.29989095435 -23.77512335112 0.0421 0.0372 1.627 "" "" 4066158655712359552 2682.18433 0.3518 0.0574 -0.027 -1.443 0.048 0.035 0.988 8600.5 3.5266 15.708101 1.174489 16.206465 15.031976 "" "" 2271.6582 3069.47485 9810.83931 5.0528 4496.0 18.945 7697.8 20.695 "" "" 0.0028114888741524436 0.005358714 0.0047753383 0.0101340525 271.29989095435 -23.77512335112 2682.18433 -0.027000000000000003 -1.443 0.13229999947547913 0.05940004062652582 0.22530484 0.21230485 "" "" 1.8437570073721792 "" 0.41148374039897445 ""
271.17804514442 -23.97018406593 0.0362 0.0292 11.9852 "" "" 4066131197952523008 2678.70483 0.347 0.0406 -0.376 -1.718 0.045 0.032 0.982 "" "" 15.712181 2.217055 16.852491 14.635436 "" "" 2406.53394 3031.57861 9774.04367 5.9921 2479.8 9.9697 11091.0 23.138 "" "" 0.002834580196698853 0.005180613 0.0044061565 0.00958677 271.17804514442 -23.97018406593 2678.70483 -0.376 -1.7180000000000002 -0.21670000052452087 -0.2155999593734741 0.22230485 0.20930485 "" "" 3.8812784943884133 "" 0.8381069069953117 ""
271.13270444976 -23.71295878515 0.0388 0.0333 10.4337 "" "" 4066174392473330432 2390.69849 0.3954 0.0447 -0.843 -0.82 0.049 0.034 0.993 7982.7 4.1185 15.712613 1.214762 16.230597 15.015835 "" "" 2185.88159 2703.44043 9770.15472 4.3463 4397.2 13.601 7813.1 14.329 "" "" 0.002797333281701271 0.004366142 0.0042718425 0.008637985 271.13270444976 -23.71295878515 2390.69849 -0.8429999999999995 -0.82 -0.6837000005245208 0.6824000406265259 0.22630484 0.21130484 "" "" 10.946388359710447 "" 2.396685570779893 ""
271.25164635602 -23.59675758955 0.0393 0.0371 12.552 "" "" 4066176758977165056 2616.99463 0.3412 0.0539 -0.183 -2.078 0.053 0.041 0.959 8694.9 4.2522 15.712721 0.978619 16.112278 15.133659 "" "" 2327.823 2983.65723 9769.18645 4.6883 4903.5 13.576 7009.6 19.213 "" "" 0.0028041549376621173 0.0041013565 0.0048104087 0.008911765 271.25164635602 -23.59675758955 2616.99463 -0.18299999999999997 -2.0779999999999994 -0.02370000052452087 -0.575599959373474 0.23030485 0.21830484 "" "" 7.14611092299685 "" 1.560179737441611 ""
271.50932391037 -23.65490223228 0.0354 0.0297 14.6733 "" "" 4066166352293639552 2836.07495 0.3254 0.0446 0.668 -2.206 0.044 0.034 0.998 7130.2 4.057 15.714298 1.293134 16.283215 14.990081 "" "" 2512.10571 3238.33716 9755.0042 3.9053 4189.2 11.557 8000.7 10.176 "" "" 0.0027893942105136184 0.0040935054 0.004023768 0.008117273 271.50932391037 -23.65490223228 2836.07495 0.668 -2.206 0.8272999994754792 -0.7035999593734741 0.22130485 0.21130484 "" "" 14.599601551250037 "" 3.1705036470672106 ""
271.2834538287 -23.9368937204 0.0362 0.0312 8.1227 "" "" 4066130137127887616 2442.25488 0.3794 0.0465 0.738 -1.921 0.044 0.033 0.906 9045.7 3.8566 15.714592 1.673138 16.506247 14.833109 "" "" 2164.05176 2690.78589 9752.36643 5.4154 3411.3 18.71 9245.2 15.437 "" "" 0.0028205100664504693 0.006576206 0.004191693 0.010767899 271.2834538287 -23.9368937204 2442.25488 0.7380000000000007 -1.9210000000000003 0.8972999994754791 -0.41859995937347416 0.22130485 0.21030486 "" "" 11.46212252044779 "" 2.514551978125774 ""
271.23201508891 -23.81167650141 0.0351 0.0288 3.5551 "" "" 4066134706973172096 2576.47534 0.3618 0.0399 -1.439 -4.716 0.046 0.032 0.957 9972.4 3.8283 15.718243 1.557406 16.41399 14.856584 "" "" 2335.28687 2957.22925 9719.62804 6.2285 3713.8 14.048 9047.4 23.331 "" "" 0.0028418072384400715 0.004965094 0.004703494 0.009668588 271.23201508891 -23.81167650141 2576.47534 -1.4389999999999985 -4.716 -1.279700000524521 -3.2135999593734743 0.22330485 0.20930485 "" "" 42.24332399812686 "" 8.924993814406983 ""
271.22795282722 -23.56232143931 0.0394 0.0374 14.8572 "" "" 4066177794087069696 2647.55273 0.3474 0.054 0.101 -2.954 0.049 0.035 0.93 7127.5 4.2487 15.718274 1.347335 16.327274 14.979939 "" "" 2303.52539 3145.78906 9719.34677 65.923 4022.6 90.057 8075.7 184.67 "" "" 0.007862752685370709 0.024466813 0.025113935 0.049580745 271.22795282722 -23.56232143931 2647.55273 0.10100000000000002 -2.954 0.2602999994754791 -1.4515999593734743 0.22630484 0.21230485 "" "" 18.507274233350312 "" 3.937513286739256 ""
271.32035738167 -23.75864939874 0.0424 0.036 2.9267 "" "" 4066158788823361664 2398.25464 0.3838 0.0529 -0.075 -1.775 0.053 0.036 0.99 "" "" 15.718284 1.185805 16.227283 15.041478 "" "" 2192.63208 2772.96069 9719.26478 4.8127 4410.7 13.674 7630.7 16.97 "" "" 0.0028072816609408207 0.0043720603 0.004484855 0.008856915 271.32035738167 -23.75864939874 2398.25464 -0.07500000000000002 -1.774999999999999 0.08429999947547913 -0.27259995937347403 0.23030485 0.21330485 "" "" 3.243633599092878 "" 0.6968696357263332 ""
271.26619780467 -23.75813450077 0.0355 0.0295 3.0962 "" "" 4066170093177282048 2919.92139 0.3211 0.0415 -0.208 -1.062 0.047 0.033 0.945 9113.6 4.4498 15.719779 1.124487 16.18087 15.056383 "" "" 2593.26587 3256.89746 9705.88611 4.1335 4603.3 13.636 7526.7 32.112 "" "" 0.002793849062978157 0.0042578094 0.0059783757 0.010236185 271.26619780467 -23.75813450077 2919.92139 -0.20800000000000002 -1.0620000000000005 -0.048700000524520864 0.4404000406265258 0.22430485 0.21030486 "" "" 6.132479031914874 "" 1.2907613661896635 ""
271.13128931176 -23.78534889356 0.0395 0.0329 9.0926 "" "" 4066147450109549056 3077.01099 0.3104 0.0491 -1.845 -4.06 0.053 0.035 1.044 4863.8 2.5283 15.722493 2.599546 17.1615 14.561955 47.72 4.62 2668.58081 3767.63892 9681.65171 5.3803 1865.6 11.269 11868.0 14.506 "" "" 0.002820609998389357 0.007127154 0.004005602 0.011132756 271.13128931176 -23.78534889356 3077.01099 -1.8449999999999973 -4.06 -1.6857000005245208 -2.5575999593734737 0.23030485 0.21230485 3.7249999999999943 5.3269997 44.67617467372934 44.831196821829046 9.735524142816264 9.711950881602238
271.41164246138 -23.82496997499 0.0383 0.0338 6.5008 "" "" 4066154429465180160 2397.91309 0.3913 0.0519 0.066 -1.359 0.049 0.035 0.881 8731.7 3.7837 15.724037 1.592266 16.462797 14.870531 "" "" 2129.44458 2693.84717 9667.89799 5.1811 3550.6 14.642 8931.9 13.377 "" "" 0.0028160866066033797 0.0052755936 0.0041143443 0.009389938 271.41164246138 -23.82496997499 2397.91309 0.066 -1.359 0.22529999947547913 0.1434000406265259 0.22630484 0.21230485 "" "" 3.035488521693094 "" 0.6749679099076609 ""
271.42607009345 -23.716959876 0.0375 0.0352 8.782 "" "" 4066159853975472768 2721.68433 0.3439 0.0542 -3.232 -1.336 0.045 0.035 1.015 4911.1 3.5115 15.725389 1.845684 16.63503 14.789347 "" "" 2283.14697 3178.76245 9655.8699 4.1727 3029.7 15.469 9625.4 13.0 "" "" 0.0027949830038781483 0.0062061134 0.0040538893 0.010260003 271.42607009345 -23.716959876 2721.68433 -3.2319999999999998 -1.336 -3.072700000524521 0.1664000406265258 0.22230485 0.21230485 "" "" 39.69832191727424 "" 8.823994741420362 ""
271.15943640436 -23.88809528636 0.0395 0.0345 9.0982 "" "" 4066133981091650944 2449.97046 0.3754 0.048 -0.976 -1.854 0.053 0.037 0.958 7451.7 3.5544 15.726352 2.810834 17.317595 14.506761 "" "" 2156.3999 2857.01587 9647.30522 4.8071 1615.8 10.104 12487.0 21.907 "" "" 0.002807930912467391 0.007340348 0.0042322553 0.011572603 271.15943640436 -23.88809528636 2449.97046 -0.976 -1.8540000000000003 -0.8167000005245209 -0.3515999593734742 0.23030485 0.21430485 "" "" 10.325794519475236 "" 2.3530129388302554 ""
271.12771770632 -23.69639062223 0.0411 0.0339 11.2012 "" "" 4066174598631325184 2874.17603 0.3268 0.0481 -0.115 -0.566 0.053 0.037 0.968 7655.1 4.0153 15.728319 1.166297 16.222172 15.055875 "" "" 2523.11011 3372.9834 9629.84342 4.6649 4431.5 21.207 7530.2 12.485 "" "" 0.0028050697925417105 0.0058975783 0.0041861953 0.010083774 271.12771770632 -23.69639062223 2874.17603 -0.11500000000000003 -0.566 0.04429999947547912 0.9364000406265259 0.23030485 0.21430485 "" "" 12.77140239306022 "" 2.7374467843862287 ""
271.50472217838 -23.7218759358 0.0383 0.0362 12.4336 "" "" 4066162572723182976 2911.9231 0.33 0.0541 0.59 0.311 0.047 0.035 0.929 7296.6 3.5989 15.729983 1.321984 16.310688 14.988704 "" "" 2504.06201 3523.17407 9615.08846 4.1353 4084.5 14.699 8010.8 18.298 "" "" 0.002794608989433484 0.004801228 0.0045204135 0.009321641 271.50472217838 -23.7218759358 2911.9231 0.5899999999999997 0.311 0.7492999994754791 1.8134000406265258 0.22430485 0.21230485 "" "" 27.08203448734802 "" 5.798176307347725 ""
271.49385260489 -23.77511399483 0.0521 0.0501 10.9867 "" "" 4066156280562355584 2931.55933 0.3217 0.0766 -0.679 -2.915 0.062 0.048 1.463 "" "" 15.731565 1.884945 16.571598 14.686653 "" "" 2428.66675 4347.17529 9601.08967 6.7898 3212.0 32.737 10580.0 48.796 "" "" 0.002860304287458768 0.01141226 0.0062736757 0.017685935 271.49385260489 -23.77511399483 2931.55933 -0.679 -2.915 -0.5197000005245209 -1.4125999593734742 0.23930484 0.22530484 "" "" 20.915180915035734 "" 4.748147746013966 ""
271.3065416318 -23.54799685153 0.0402 0.0399 15.2511 "" "" 4066183188565900160 2771.31519 0.3409 0.0609 -0.21 -3.064 0.05 0.036 1.01 8101.2 3.5914 15.732233 1.260326 16.275606 15.01528 "" "" 2390.82471 3347.74634 9595.19283 4.5087 4218.7 23.556 7817.1 26.913 "" "" 0.0028021547465617567 0.0066736927 0.005315681 0.011989374 271.3065416318 -23.54799685153 2771.31519 -0.2100000000000002 -3.0640000000000027 -0.050700000524520866 -1.5615999593734742 0.22730485 0.21330485 "" "" 20.524038676079176 "" 4.378189416015196 ""
271.35300656559 -23.95500850915 0.0373 0.0318 9.7006 "" "" 4066129170728012160 2459.07495 0.3506 0.0446 -0.086 -1.221 0.046 0.034 0.967 7983.1 2.595 15.733458 3.002806 17.474134 14.471329 39.16 14.2 2245.61182 2713.95752 9584.371 6.1687 1398.8 9.5712 12901.0 18.6 "" "" 0.0028425541516426964 0.00793576 0.0040907306 0.012026491 271.35300656559 -23.95500850915 2459.07495 -0.086 -1.2210000000000003 0.07329999947547913 0.2814000406265258 0.22330485 0.21130484 -4.835000000000008 14.907 3.389453654125897 5.904711768873014 0.7188608464879199 12.213384570395768
271.31981448486 -23.54706370724 0.0449 0.0413 15.3522 "" "" 4066183119846403200 2391.21533 0.4048 0.0607 3.496 -0.992 0.063 0.043 1.028 5378.6 4.2155 15.733591 1.383505 16.353218 14.969713 "" "" 2058.93335 2872.82056 9583.19179 4.9274 3927.6 25.405 8152.2 14.336 "" "" 0.0028113052264048498 0.0075568594 0.0042342898 0.011791149 271.31981448486 -23.54706370724 2391.21533 3.496 -0.992 3.655299999475479 0.5104000406265259 0.24030486 0.22030485 "" "" 41.83243093044064 "" 10.037190015727461 ""
271.40477429134 -23.61266383421 0.0357 0.0313 12.8381 "" "" 4066178820551553920 2460.61157 0.3717 0.0451 -0.17 -3.693 0.048 0.033 1.011 "" "" 15.733693 1.260463 16.270996 15.010533 "" "" 2189.50195 2734.61255 9582.29016 4.5648 4236.6 13.548 7851.4 15.193 "" "" 0.0028034456774593554 0.004454207 0.0043240977 0.008778305 271.40477429134 -23.61266383421 2460.61157 -0.17000000000000004 -3.6929999999999996 -0.010700000524520886 -2.190599959373474 0.22530484 0.21030486 "" "" 25.549926753832803 "" 5.3732831440017605 ""
271.21470219961 -23.73218443118 0.0374 0.0312 6.1178 "" "" 4066171162645375104 3126.03003 0.301 0.0425 -1.625 -1.487 0.049 0.033 0.898 7167.9 4.0057 15.735168 1.457189 16.398777 14.941588 "" "" 2613.38672 3839.93018 9569.28228 4.3989 3766.2 12.286 8366.1 19.837 "" "" 0.0028001592614989683 0.0045088604 0.0045728874 0.009081747 271.21470219961 -23.73218443118 3126.03003 -1.625 -1.4869999999999997 -1.4657000005245209 0.01540004062652578 0.22630484 0.21030486 "" "" 21.7190360554401 "" 4.915086063826354 ""
271.14850779501 -23.74162669816 0.0373 0.031 8.8671 "" "" 4066147828066906752 3020.97778 0.3081 0.0432 -0.073 -0.181 0.051 0.033 1.001 8279.3 4.2367 15.736943 1.205246 16.259012 15.053766 "" "" 2656.4104 3389.3689 9553.64959 4.0791 4283.6 11.885 7544.9 16.053 "" "" 0.0027940455485742843 0.004106054 0.004429469 0.008535523 271.14850779501 -23.74162669816 3020.97778 -0.073 -0.181 0.08629999947547913 1.3214000406265258 0.22830485 0.21030486 "" "" 18.962012305395326 "" 3.9893146676346065 ""
271.18416228234 -23.93013466914 0.039 0.033 9.8339 "" "" 4066132160025350016 2486.63672 0.3795 0.046 -0.374 -2.833 0.048 0.033 0.89 "" "" 15.737017 1.665336 16.523643 14.858308 "" "" 2210.44873 2833.35205 9553.00639 4.2903 3357.1 12.797 9033.1 14.765 "" "" 0.0027981336826837615 0.0049914145 0.004175312 0.009166727 271.18416228234 -23.93013466914 2486.63672 -0.374 -2.833 -0.21470000052452087 -1.3305999593734743 0.22530484 0.21030486 "" "" 15.886177977584639 "" 3.3471968367056033 ""
271.414349785 -23.65240846517 0.0425 0.0378 11.0851 "" "" 4066161095253811968 2732.2981 0.3457 0.0559 0.085 -3.052 0.053 0.038 1.034 7083.2 4.1601 15.738604 1.418927 16.377205 14.958278 "" "" 2365.14648 3202.42383 9539.05036 3.8727 3841.8 11.705 8238.5 18.18 "" "" 0.0027903559601040835 0.004327549 0.0044748294 0.008802379 271.414349785 -23.65240846517 2732.2981 0.085 -3.052 0.24429999947547915 -1.5495999593734742 0.23030485 0.21530485 "" "" 20.316886627738864 "" 4.381965880923193 ""
271.38360730227 -23.86886544895 0.0397 0.033 6.2662 "" "" 4066153673550005376 2792.75098 0.328 0.0484 0.437 -0.524 0.048 0.035 1.021 7452.6 3.4927 15.743271 2.741936 17.287561 14.545626 "" "" 2408.55298 3245.58472 9498.13217 5.2753 1661.1 11.188 12048.0 16.584 "" "" 0.0028205363129928354 0.007826968 0.0040641464 0.0118911145 271.38360730227 -23.86886544895 2792.75098 0.43699999999999994 -0.524 0.5962999994754792 0.9784000406265259 0.22530484 0.21230485 "" "" 15.16758750580885 "" 3.274729320120034 ""
271.15446866324 -23.66011725062 0.0421 0.0357 11.5247 "" "" 4066174770430040448 2981.13965 0.3078 0.0509 -1.888 -3.981 0.052 0.036 0.96 "" "" 15.747127 1.199317 16.263273 15.063956 "" "" 2633.03516 3449.78149 9464.46221 4.2226 4266.9 22.347 7474.4 15.843 "" "" 0.002797577036058889 0.006333976 0.00442493 0.010758907 271.15446866324 -23.66011725062 2981.13965 -1.8880000000000003 -3.9809999999999994 -1.7287000005245208 -2.478599959373474 0.22930485 0.21330485 "" "" 42.70122354779443 "" 9.337466339258317 ""
271.35955592553 -23.89118922858 0.0404 0.0328 6.3907 "" "" 4066153536111049216 2718.59839 0.3288 0.0478 -0.713 -3.043 0.051 0.036 1.05 9630.3 3.6522 15.748441 2.859457 17.363705 14.504248 12.84 5.92 2359.42188 3107.58569 9453.01653 8.0478 1548.6 12.463 12516.0 23.779 "" "" 0.0029062331447984773 0.0091725765 0.0043056677 0.013478244 271.35955592553 -23.89118922858 2718.59839 -0.713000000000001 -3.0430000000000006 -0.5537000005245208 -1.5405999593734743 0.22830485 0.21330485 -31.155000000000005 6.627 21.095672799694775 37.62527655541926 4.537126081692693 6.048355111333892
271.23077522928 -23.56694226817 0.0403 0.038 14.5501 "" "" 4066177038172812672 2678.22778 0.3659 0.0552 1.466 -0.065 0.052 0.037 0.89 "" "" 15.749 1.305642 16.319817 15.014174 "" "" 2296.41675 3061.71167 9448.15498 4.9881 4050.3 22.898 7825.1 18.503 "" "" 0.0028143129035012758 0.0067425105 0.0045688897 0.011311401 271.23077522928 -23.56694226817 2678.22778 1.4660000000000013 -0.065 1.625299999475479 1.437400040626526 0.22930485 0.21430485 "" "" 27.544260474217285 "" 6.138128880856085 ""
271.5062128364 -23.87381736291 0.0424 0.0393 12.3201 "" "" 4066154566903070208 2490.4939 0.3728 0.0632 -0.078 -1.918 0.053 0.037 1.081 "" "" 15.749113 2.533819 17.120678 14.586859 "" "" 2135.40454 2946.58716 9447.16914 6.4558 1937.1 11.348 11599.0 15.209 "" "" 0.002853467054474675 0.006945579 0.004038628 0.010984207 271.5062128364 -23.87381736291 2490.4939 -0.07800000000000001 -1.9180000000000008 0.08129999947547913 -0.41559995937347405 0.23030485 0.21430485 "" "" 4.999124473649858 "" 1.074390366434858 ""
271.21307805176 -23.71088823289 0.0534 0.0436 7.1114 "" "" 4066171265736551808 2600.18433 0.3636 0.063 -0.134 -1.229 0.072 0.046 1.492 9101.4 4.4529 15.751704 1.167105 16.215462 15.048357 "" "" 2229.82861 3027.48779 9424.64821 9.5526 4458.9 15.735 7582.6 21.711 "" "" 0.002966957655555389 0.004739733 0.0048936754 0.009633409 271.21307805176 -23.71088823289 2600.18433 -0.13400000000000004 -1.229 0.025299999475479118 0.2734000406265258 0.24930485 0.22330485 "" "" 3.384017849115213 "" 0.7564577296309963 ""
271.17400962494 -23.57974304349 0.0415 0.0373 14.9225 "" "" 4066177691007910272 2910.58057 0.3057 0.055 -1.053 -5.785 0.053 0.037 1.052 "" "" 15.751822 2.491543 17.095316 14.603773 "" "" 2561.04785 3354.58374 9423.62754 5.454 1982.9 19.863 11420.0 28.432 "" "" 0.0028260659876817966 0.011228178 0.004646568 0.015874745 271.17400962494 -23.57974304349 2910.58057 -1.0529999999999997 -5.785 -0.8937000005245208 -4.282599959373474 0.23030485 0.21430485 "" "" 60.35617332388822 "" 12.976357007701184 ""
271.15380194307 -23.66245998788 0.042 0.0353 11.4461 "" "" 4066174766102204800 2492.71973 0.3805 0.0508 -1.01 -3.838 0.053 0.036 1.005 "" "" 15.754429 1.250146 16.291927 15.041781 "" "" 2169.70605 2950.33716 9401.02127 4.7432 4155.7 14.525 7628.6 16.362 "" "" 0.0028092476592750802 0.004710206 0.0044392147 0.009149421 271.15380194307 -23.66245998788 2492.71973 -1.01 -3.838 -0.8507000005245209 -2.335599959373474 0.23030485 0.21330485 "" "" 29.369798575447764 "" 6.325238079606218 ""
271.39067572252 -23.85767707123 0.0395 0.0347 6.1819 "" "" 4066154253337397376 2510.87329 0.387 0.053 0.386 -1.043 0.05 0.035 0.965 "" "" 15.75448 2.034869 16.773165 14.738296 "" "" 2222.07446 2897.8877 9400.5773 5.1031 2667.8 12.601 10089.0 18.822 "" "" 0.0028176535772529675 0.0058382214 0.0042879554 0.010126177 271.39067572252 -23.85767707123 2510.87329 0.386 -1.0430000000000001 0.5452999994754791 0.45940004062652595 0.22730485 0.21230485 "" "" 8.486060375909359 "" 1.8771295201718488 ""
271.48108128165 -23.71200242946 0.0387 0.0358 11.5136 "" "" 4066165596379341568 2722.47827 0.3312 0.0564 -1.136 -1.711 0.045 0.035 0.964 "" "" 15.75766 2.785533 17.318357 14.532825 -66.15 8.01 2282.19482 3212.2854 9373.09388 5.4809 1614.6 13.921 12191.0 79.085 "" "" 0.0028275192082132085 0.009768133 0.007993276 0.01776141 271.48108128165 -23.71200242946 2722.47827 -1.1359999999999997 -1.711 -0.9767000005245208 -0.2085999593734742 0.22230485 0.21230485 -110.14500000000001 8.717 12.88812735157941 110.89646005004187 2.859591970353501 8.66430760142293
271.08739677874 -23.7286145631 0.0493 0.0436 12.2671 "" "" 4066150989162919168 2722.53467 0.3535 0.0641 0.747 -2.383 0.064 0.044 1.28 6966.1 4.2263 15.758591 1.381023 16.354246 14.973223 "" "" 2267.80298 3270.09546 9365.0552 7.5481 3923.9 11.579 8125.9 23.624 "" "" 0.0028909458520865504 0.0042485236 0.004924149 0.009172672 271.08739677874 -23.7286145631 2722.53467 0.747000000000001 -2.383 0.9062999994754791 -0.8805999593734741 0.24130484 0.22130485 "" "" 16.307294527469104 "" 3.7801622120516836 ""
271.03645714969 -23.78978372887 0.0422 0.0377 14.2625 "" "" 4066148721419846400 2543.54272 0.3687 0.0536 -0.008 0.303 0.054 0.037 0.947 4842.1 2.406 15.760769 2.548997 17.145977 14.59698 "" "" 2192.36646 2936.85498 9346.28617 5.6418 1892.5 16.425 11491.0 21.268 "" "" 0.0028321955348659823 0.009827505 0.0042804102 0.014107915 271.03645714969 -23.78978372887 2543.54272 -0.008 0.303 0.15129999947547912 1.8054000406265258 0.23130485 0.21430485 "" "" 21.84291267742318 "" 4.683733766035994 ""
271.55991252507 -23.91635292133 0.045 0.0463 16.0294 "" "" 4066106531986338688 2460.03296 0.3778 0.077 5.475 -13.957 0.053 0.042 0.981 7849.2 3.685 15.762264 2.28577 16.964779 14.679009 "" "" 2057.76416 3010.92358 9333.42201 6.0232 2236.2 21.543 10655.0 20.84 "" "" 0.0028430127403110015 0.0108254645 0.004335126 0.01516059 271.55991252507 -23.91635292133 2460.03296 5.475 -13.957 5.634299999475479 -12.454599959373475 0.23030485 0.21930484 "" "" 159.39702994803545 "" 35.26056234104663 ""
271.41299418906 -23.60370886006 0.037 0.0319 13.5248 "" "" 4066178927958096896 2590.2605 0.3518 0.0473 -0.782 -2.075 0.051 0.036 0.988 9477.5 4.1688 15.766772 1.0809 16.21892 15.13802 "" "" 2286.16724 3003.4187 9294.75241 5.428 4444.8 13.183 6981.5 15.427 "" "" 0.0028273333737268056 0.004260857 0.0044765654 0.0087374225 271.41299418906 -23.60370886006 2590.2605 -0.7819999999999999 -2.075 -0.6227000005245209 -0.5725999593734743 0.22830485 0.21330485 "" "" 10.386395148524812 "" 2.3011946155646874 ""
271.46482129408 -23.73503602228 0.0444 0.0434 10.1079 "" "" 4066159617788019840 2807.07861 0.3627 0.0657 -1.127 -3.294 0.052 0.042 1.1 5242.6 3.7562 15.767562 1.676946 16.545815 14.868869 "" "" 2393.79419 3299.55566 9287.99459 4.2405 3289.2 15.449 8945.6 18.856 "" "" 0.002799555042438558 0.0058129826 0.0044182898 0.010231272 271.46482129408 -23.73503602228 2807.07861 -1.1269999999999987 -3.294 -0.9677000005245209 -1.7915999593734742 0.22930485 0.21930484 "" "" 27.093299651246234 "" 6.003951520945376 ""
271.1673452327 -23.69689810047 0.0434 0.0352 9.4664 "" "" 4066174461192309376 2625.75684 0.3478 0.0501 -0.401 -1.495 0.054 0.037 1.036 8904.5 4.0818 15.767622 1.198187 16.264416 15.066229 "" "" 2340.15454 2988.6272 9287.48163 5.8652 4262.4 16.637 7458.8 17.375 "" "" 0.002839351999232676 0.005073892 0.0045475806 0.009621473 271.1673452327 -23.69689810047 2625.75684 -0.40099999999999997 -1.495 -0.2417000005245209 0.007400040626525772 0.23130485 0.21430485 "" "" 3.009628925872354 "" 0.6960956241706873 ""
271.20929938762 -23.62238007861 0.0418 0.0385 11.7804 "" "" 4066176591496152576 2704.2915 0.3528 0.0605 -0.106 -0.785 0.055 0.038 1.027 8928.6 4.2373 15.768113 1.091055 16.226965 15.13591 "" "" 2367.15332 3154.01538 9283.2779 4.6797 4412.0 13.85 6995.1 13.367 "" "" 0.0028091543333807704 0.0044047246 0.0043114135 0.008716138 271.20929938762 -23.62238007861 2704.2915 -0.106 -0.7849999999999995 0.05329999947547913 0.7174000406265258 0.23230484 0.21530485 "" "" 9.221224125365971 "" 1.986268617646446 ""
271.53792684017 -23.83490286258 0.0425 0.0459 13.4303 "" "" 4066155082299152640 2967.20142 0.3055 0.0728 -3.263 -6.135 0.055 0.037 1.004 9679.4 3.6098 15.770452 2.851807 17.3955 14.543694 11.39 6.27 2506.30664 3642.00244 9263.30971 5.9614 1503.9 11.999 12069.0 18.451 "" "" 0.002842535178552392 0.009100902 0.004127818 0.01322872 271.53792684017 -23.83490286258 2967.20142 -3.2629999999999995 -6.134999999999998 -3.1037000005245208 -4.632599959373474 0.23230484 0.21430485 -32.605000000000004 6.977 78.42656982932577 84.9341679195959 17.25688504825628 16.158202492698628
271.32591276918 -23.83922747228 0.0394 0.0315 2.7755 "" "" 4066157139555499648 2426.52588 0.381 0.0483 0.69 -1.612 0.049 0.035 1.012 9144.8 3.6886 15.77127 1.50081 16.449781 14.948972 "" "" 2164.48706 2776.76758 9256.33177 4.5241 3593.4 9.0447 8309.4 18.192 "" "" 0.002805956345255161 0.0039055625 0.0044647516 0.008370314 271.32591276918 -23.83922747228 2426.52588 0.69 -1.612 0.8492999994754791 -0.10959995937347422 0.22630484 0.21230485 "" "" 9.849423603943654 "" 2.226782332107352 ""
271.37854823523 -23.63584359491 0.0458 0.0414 10.954 "" "" 4066172914991681664 2440.68335 0.3977 0.0662 0.357 -2.091 0.065 0.039 0.969 "" "" 15.776098 0.898907 16.033285 15.134378 "" "" 2076.09155 2823.76709 9215.25896 19.346 5273.5 149.52 7005.0 130.86 "" "" 0.0035759128026445347 0.030910159 0.020631688 0.051541846 271.37854823523 -23.63584359491 2440.68335 0.35700000000000026 -2.091 0.5162999994754791 -0.5885999593734743 0.24230485 0.21630485 "" "" 9.057858751529883 "" 2.0649692063849234 ""
271.54866258412 -23.74978604811 0.0434 0.0387 14.2274 "" "" 4066162263484557312 2467.24805 0.3692 0.0555 -1.105 0.166 0.052 0.039 1.166 4814.8 2.578 15.782944 2.712232 17.256163 14.543931 -44.3 5.64 2154.16187 2906.24341 9157.3345 9.6214 1709.8 7.2105 12067.0 14.32 "" "" 0.002982133118714673 0.0053618792 0.003992973 0.009354852 271.54866258412 -23.74978604811 2467.24805 -1.1049999999999998 0.166 -0.9457000005245209 1.6684000406265258 0.22930485 0.21630485 -88.295 6.347 22.428051196761807 91.09898191244822 4.923784412554033 6.269940504830917
271.25627205033 -23.61991899577 0.044 0.0424 11.1394 "" "" 4066173705278060800 2971.0769 0.3342 0.072 0.565 -1.855 0.062 0.039 0.943 6660.5 4.1987 15.783441 1.395323 16.405308 15.009985 "" "" 2524.0271 3612.27271 9153.14852 4.7949 3743.6 11.381 7855.3 17.761 "" "" 0.0028134114017656516 0.0043220515 0.0045066755 0.0088287275 271.25627205033 -23.61991899577 2971.0769 0.5649999999999998 -1.854999999999998 0.7242999994754791 -0.3525999593734741 0.23930484 0.21630485 "" "" 11.344714647567386 "" 2.666832906469514 ""
271.52631675172 -23.70188957311 0.0396 0.0391 14.0067 "" "" 4066162710161262592 2532.33521 0.3824 0.0591 -0.4 -2.375 0.05 0.044 1.002 9425.5 4.177 15.784246 1.182474 16.161642 14.979168 "" "" 2168.33423 2983.37622 9146.36734 5.9961 4685.5 104.43 8081.5 180.65 "" "" 0.0028457718146828845 0.024359114 0.024562532 0.048921645 271.52631675172 -23.70188957311 2532.33521 -0.4 -2.375 -0.2407000005245209 -0.8725999593734741 0.22730485 0.22130485 "" "" 10.86522732373945 "" 2.4091950499084858 ""
271.29764120491 -23.9483026551 0.0398 0.0349 8.779 "" "" 4066129857922806912 2409.53979 0.3885 0.0526 0.08 -0.916 0.051 0.035 1.045 7198.7 3.2964 15.786381 1.916005 16.729065 14.81306 "" "" 2203.94141 2677.90063 9128.39923 4.4113 2778.4 13.072 9417.5 17.633 "" "" 0.0028048316762742335 0.005820584 0.004291432 0.0101120155 271.29764120491 -23.9483026551 2409.53979 0.08000000000000002 -0.9159999999999995 0.23929999947547914 0.5864000406265258 0.22830485 0.21230485 "" "" 7.233604232240416 "" 1.5527796661423496 ""
271.27578130781 -23.94276662461 0.0383 0.0331 8.5182 "" "" 4066129759154623232 2458.01538 0.3773 0.0487 0.564 -0.599 0.047 0.036 1.054 8594.5 3.4896 15.787477 1.726856 16.581038 14.854181 "" "" 2197.11475 2767.48071 9119.18371 6.0342 3184.2 21.535 9067.5 26.195 "" "" 0.002847444401979438 0.00785516 0.0049113953 0.012766555 271.27578130781 -23.94276662461 2458.01538 0.5640000000000003 -0.5990000000000002 0.7232999994754791 0.9034000406265259 0.22430485 0.21330485 "" "" 13.483448602282607 "" 2.934914009969938 ""
271.22391728199 -23.53796699158 0.0445 0.0409 16.3281 "" "" 4066178240763718400 2745.01929 0.3391 0.0548 -1.904 -1.567 0.055 0.04 1.129 6420.7 3.8668 15.790511 1.375217 16.403711 15.028494 "" "" 2421.49463 3147.6311 9093.73578 4.6091 3749.1 11.661 7722.5 10.133 "" "" 0.002809736196336407 0.004380557 0.004038975 0.008419532 271.22391728199 -23.53796699158 2745.01929 -1.904 -1.567 -1.7447000005245208 -0.06459995937347407 0.23230484 0.21730486 "" "" 22.71653031208574 "" 5.276708500749167 ""
271.50964745018 -23.67921631308 0.0486 0.0432 13.8592 "" "" 4066165729490912512 2439.74854 0.3822 0.0626 1.002 0.227 0.058 0.047 0.995 4937.7 3.4475 15.79169 2.552916 17.169266 14.61635 "" "" 2114.83691 3273.37695 9083.86378 5.0033 1852.3 23.061 11288.0 31.596 "" "" 0.002819469510990408 0.013802297 0.0048497026 0.018652 271.50964745018 -23.67921631308 2439.74854 1.002000000000001 0.22700000000000004 1.1612999994754791 1.729400040626526 0.23530485 0.22430485 "" "" 24.090197580196943 "" 5.487273548877858 ""
271.1114536276 -23.67583425588 0.0399 0.0337 12.6464 "" "" 4066174667350861824 3028.00439 0.3091 0.0449 1.889 -2.142 0.049 0.035 0.995 "" "" 15.792475 1.196252 16.307682 15.11143 "" "" 2664.47754 3513.87817 9077.30005 4.0878 4095.9 14.355 7154.6 11.109 "" "" 0.0027983662379137955 0.004718542 0.004138327 0.008856869 271.1114536276 -23.67583425588 3028.00439 1.8889999999999998 -2.142000000000001 2.0482999994754794 -0.639599959373474 0.22630484 0.21230485 "" "" 30.798657546377147 "" 6.9326635107344154 ""
271.12135847132 -23.63661758136 0.0432 0.0365 13.7983 "" "" 4066175663783327616 2587.31299 0.3461 0.0493 -0.9 -4.777 0.053 0.046 0.919 "" "" 15.793812 "" "" "" "" "" 2283.19507 2971.92847 9066.13238 5.5247 "" "" "" "" "" "" 0.002833643440391103 "" "" "" 271.12135847132 -23.63661758136 2587.31299 -0.9 -4.7770000000000055 -0.7407000005245209 -3.2745999593734743 0.23030485 0.22330485 "" "" 41.17379445161372 "" 9.208545635040666 ""
271.20031727681 -23.71802646217 0.0418 0.0341 7.2758 "" "" 4066171227048865408 2585.48413 0.343 0.048 -0.671 -2.659 0.056 0.035 1.026 "" "" 15.795038 1.267321 16.343029 15.075708 "" "" 2287.47632 3038.854 9055.9002 4.6481 3964.7 15.727 7393.9 15.872 "" "" 0.002811110590057203 0.0051316684 0.0044402466 0.0095719155 271.20031727681 -23.71802646217 2585.48413 -0.6710000000000003 -2.659 -0.5117000005245209 -1.156599959373474 0.23330486 0.21230485 "" "" 15.499601557594975 "" 3.346089209281552 ""
271.18696267764 -23.75877021553 0.0417 0.0357 6.5197 "" "" 4066171020890221696 2471.65063 0.368 0.0462 -0.057 -2.056 0.059 0.038 0.924 9496.3 4.3174 15.802358 1.035142 16.213203 15.178062 "" "" 2246.00464 2809.58228 8995.04876 4.6792 4468.2 24.939 6728.7 20.212 "" "" 0.002812611787040267 0.0066714557 0.0049920315 0.011663487 271.18696267764 -23.75877021553 2471.65063 -0.05699999999999998 -2.056 0.10229999947547913 -0.5535999593734742 0.23630485 0.21530485 "" "" 6.595575884650848 "" 1.4248479534455276 ""
271.47299305115 -23.87175344358 0.0413 0.0375 10.5818 "" "" 4066153119465972992 2526.2417 0.3698 0.06 0.23 -2.771 0.051 0.037 1.008 8241.0 3.4615 15.802879 2.254712 16.984375 14.729663 "" "" 2173.78271 3052.07642 8990.73205 6.4847 2196.2 8.4141 10169.0 8.9864 "" "" 0.002864444171671654 0.005008792 0.0038992707 0.008908063 271.47299305115 -23.87175344358 2526.2417 0.23 -2.771 0.3892999994754791 -1.268599959373474 0.22830485 0.21430485 "" "" 15.889880488102811 "" 3.424992968302867 ""
271.29998706881 -23.82720110659 0.0393 0.0321 1.5289 "" "" 4066157208275036288 2865.13452 0.3187 0.0458 -1.179 -3.382 0.049 0.035 1.023 5046.7 3.4783 15.803391 2.276932 17.000103 14.723171 "" "" 2540.33862 3205.29004 8986.49252 4.4842 2164.6 8.4779 10230.0 11.796 "" "" 0.002808079358826543 0.005086061 0.0039813416 0.009067403 271.29998706881 -23.82720110659 2865.13452 -1.179 -3.382 -1.019700000524521 -1.8795999593734742 0.22630484 0.21230485 "" "" 29.040825588996455 "" 6.260278642519872 ""
271.2121830188 -23.60936161691 0.0435 0.0394 12.4396 "" "" 4066176797654602880 2546.19604 0.4166 0.0618 0.594 -1.445 0.058 0.039 1.026 "" "" 15.807035 1.22675 16.338116 15.111365 "" "" 2103.69287 3103.33154 8956.38466 4.6583 3982.6 12.989 7155.0 18.875 "" "" 0.0028125926225529754 0.004508232 0.004742078 0.00925031 271.2121830188 -23.60936161691 2546.19604 0.594 -1.445 0.7532999994754791 0.05740004062652582 0.23530485 0.21630485 "" "" 9.117909791619503 "" 2.1445284795108974 ""
271.23825025835 -23.8319468356 0.0387 0.0326 3.6395 "" "" 4066134638253681152 2492.0144 0.3766 0.0437 0.49 0.569 0.047 0.034 1.076 4751.6 3.472 15.8087 1.956708 16.791985 14.835277 "" "" 2188.45703 2870.03955 8942.66769 4.315 2621.9 8.9305 9226.7 13.705 "" "" 0.0028046831394693368 0.004632637 0.0041090837 0.008741721 271.23825025835 -23.8319468356 2492.0144 0.49 0.5690000000000002 0.6492999994754791 2.071400040626526 0.22430485 0.21130484 "" "" 25.641582834263573 "" 5.448844056709032 ""
271.1873569753 -23.78144833364 0.0367 0.0313 6.0857 "" "" 4066146797274540416 2559.31201 0.3605 0.0407 -1.495 -4.088 0.048 0.034 0.95 8498.5 4.1431 15.810232 1.197383 16.322472 15.125089 "" "" 2305.96606 2818.10352 8930.04873 3.8508 4040.4 13.791 7065.2 17.814 "" "" 0.0027948149491874505 0.0046388437 0.0046666777 0.009305522 271.1873569753 -23.78144833364 2559.31201 -1.4950000000000006 -4.088 -1.335700000524521 -2.585599959373474 0.22530484 0.21130484 "" "" 35.30436898472247 "" 7.566785508087607 ""
271.35489056032 -23.64375391106 0.0465 0.0418 10.032 "" "" 4066172983724009856 2828.49292 0.3229 0.0605 -1.203 -1.092 0.057 0.041 1.068 "" "" 15.810864 3.139163 17.65655 14.517386 -30.6 10.0 2363.91064 3354.64697 8924.85035 6.7794 1182.5 12.963 12365.0 38.041 "" "" 0.0028761046227755212 0.012224907 0.005043923 0.017268829 271.35489056032 -23.64375391106 2828.49292 -1.2029999999999978 -1.0919999999999996 -1.043700000524521 0.4104000406265258 0.23430485 0.21830484 -74.595 10.707 15.035868157695164 76.09527814690995 3.49172197632143 10.518554673176148
271.52287016776 -23.81474144744 0.0763 0.0775 12.4824 "" "" 4066155357177093248 3217.02051 0.3499 0.1226 -0.166 -2.532 0.087 0.065 1.072 "" "" 15.811026 3.369695 17.839314 14.469619 -77.95 5.91 2302.79321 4638.9873 8923.5228 6.4558 999.29 10.273 12921.0 17.722 "" "" 0.002865096240877388 0.011505147 0.004062182 0.015567329 271.52287016776 -23.81474144744 3217.02051 -0.1659999999999998 -2.532 -0.006700000524520883 -1.0295999593734741 0.26430485 0.24230485 -121.94500000000001 6.6169996 15.70036985709682 122.95155403104768 3.804291000479003 6.580783918708867
271.17358914125 -23.68892827648 0.0448 0.0371 9.5473 "" "" 4066174491233843968 2994.94141 0.3175 0.0532 -2.701 -5.484 0.055 0.037 0.981 5526.3 4.2044 15.812748 1.280228 16.33842 15.058193 "" "" 2617.23145 3588.79517 8909.3779 5.7667 3981.5 37.087 7514.2 30.87 "" "" 0.0028435285722022596 0.010491277 0.005846306 0.016337583 271.17358914125 -23.68892827648 2994.94141 -2.701000000000001 -5.484 -2.541700000524521 -3.981599959373474 0.23230484 0.21430485 "" "" 67.05780371228788 "" 14.730454589312119 ""
271.43520785585 -23.78115171466 0.0398 0.0352 7.7493 "" "" 4066156108763641472 2929.45044 0.3088 0.0554 -4.642 -1.641 0.049 0.036 0.954 7521.0 3.5657 15.812764 2.591341 17.24246 14.651119 "" "" 2550.92334 3952.83374 8909.2502 5.7275 1731.5 13.787 10932.0 18.369 "" "" 0.002842354187126208 0.009084235 0.0041966666 0.013280902 271.43520785585 -23.78115171466 2929.45044 -4.642 -1.6409999999999996 -4.482700000524521 -0.13859995937347414 0.22630484 0.21330485 "" "" 62.27470232366105 "" 14.092315792707321 ""
271.20418104897 -23.76755966316 0.0392 0.0322 5.4435 "" "" 4066170264985329280 2538.86914 0.3587 0.0454 -0.194 -2.541 0.053 0.036 1.079 6784.4 4.1995 15.820981 1.530612 16.498507 14.967895 "" "" 2272.49829 2805.20605 8842.07981 4.7744 3435.7 24.013 8165.8 18.632 "" "" 0.002816999775597012 0.0080851875 0.0045189518 0.01260414 271.20418104897 -23.76755966316 2538.86914 -0.19400000000000003 -2.541 -0.03470000052452088 -1.038599959373474 0.23030485 0.21330485 "" "" 12.505734827583973 "" 2.667780342657873 ""
271.15921007326 -23.8898951333 0.0457 0.041 9.1701 "" "" 4066133985402739968 2859.14624 0.3297 0.0591 -1.18 -0.948 0.061 0.043 1.022 6865.5 2.7411 15.824897 3.617217 18.05473 14.437512 "" "" 2438.11401 3359.10962 8810.24735 5.6605 819.46 4.8827 13309.0 24.133 "" "" 0.002842252715675257 0.0070453356 0.0042614196 0.011306755 271.15921007326 -23.8898951333 2859.14624 -1.18 -0.9479999999999998 -1.0207000005245208 0.5544000406265259 0.23830485 0.22030485 "" "" 15.741674541854984 "" 3.6886821798005105 ""
271.47563076444 -23.60460907083 0.0376 0.0331 15.4191 "" "" 4066167486165136512 2416.09204 0.378 0.0479 1.372 1.033 0.046 0.035 1.041 5226.7 3.5138 15.825822 1.902481 16.742046 14.839565 "" "" 2195.0603 2681.25684 8802.73999 4.6109 2745.4 12.787 9190.3 21.279 "" "" 0.0028134004957845364 0.0057756067 0.004539092 0.010314699 271.47563076444 -23.60460907083 2416.09204 1.3720000000000003 1.033 1.5312999994754792 2.535400040626526 0.22330485 0.21230485 "" "" 33.92104118522786 "" 7.30319889215251 ""
271.51245073693 -23.68551134354 0.0354 0.0312 13.7944 "" "" 4066165729490898816 2404.34961 0.3844 0.0445 0.896 -1.259 0.043 0.032 0.941 8506.2 4.2056 15.827229 1.29606 16.327148 15.031089 "" "" 2142.76245 2662.42749 8791.34231 3.7631 4023.1 67.999 7704.1 85.963 "" "" 0.0027942400449222 0.018562164 0.012690569 0.031252734 271.51245073693 -23.68551134354 2404.34961 0.8960000000000008 -1.259 1.055299999475479 0.24340004062652598 0.22030485 0.20930485 "" "" 12.342603032210553 "" 2.712440527829795 ""
271.39525457732 -23.6159919683 0.0386 0.0324 12.4232 "" "" 4066178786191802368 2359.75537 0.4011 0.0474 -1.615 -4.687 0.051 0.037 1.032 6366.3 4.0032 15.827298 1.498252 16.516794 15.018542 "" "" 2138.43481 2642.5127 8790.78234 4.2243 3378.3 12.25 7793.7 12.03 "" "" 0.002804282221715624 0.004825431 0.004134289 0.00895972 271.39525457732 -23.6159919683 2359.75537 -1.6150000000000015 -4.687000000000001 -1.4557000005245209 -3.1845999593734744 0.22830485 0.21430485 "" "" 39.165498213233576 "" 8.490655048177873 ""
271.20282733134 -23.8174071091 0.0382 0.0319 5.1925 "" "" 4066146423643969280 3138.28223 0.3061 0.0422 0.91 -1.478 0.05 0.036 0.989 8485.6 4.0591 15.829679 1.212802 16.354414 15.141612 "" "" 2777.28125 3522.43188 8771.51946 3.9084 3923.3 10.768 6958.5 14.784 "" "" 0.0027974690522579284 0.0040822914 0.0044277334 0.008510025 271.20282733134 -23.8174071091 3138.28223 0.91 -1.4780000000000004 1.0692999994754793 0.0244000406265259 0.22730485 0.21330485 "" "" 15.91046760566222 "" 3.616414035561555 ""
271.20629445881 -23.63739499849 0.0482 0.0438 11.0348 "" "" 4066175114027383936 2804.62793 0.3608 0.0692 0.837 -1.15 0.062 0.042 1.077 9742.1 4.0636 15.830175 2.53455 17.21425 14.679701 "" "" 2249.19189 3465.81055 8767.51387 7.188 1777.1 8.6146 10648.0 13.846 "" "" 0.002895536197818174 0.005957015 0.004034473 0.0099914875 271.20629445881 -23.63739499849 2804.62793 0.8369999999999997 -1.1500000000000001 0.9962999994754791 0.35240004062652597 0.23930484 0.21930484 "" "" 14.048863646166069 "" 3.3318881066584694 ""
271.44536509991 -23.660326898 0.0372 0.0329 11.817 "" "" 4066166691563680384 2513.96899 0.3831 0.0484 1.071 -0.32 0.045 0.036 1.031 8153.6 4.3105 15.830851 1.328498 16.398743 15.070245 "" "" 2225.20239 2911.3208 8762.06502 4.7089 3766.3 11.234 7431.2 16.72 "" "" 0.002816426110135974 0.0042746845 0.0045001525 0.0087748375 271.44536509991 -23.660326898 2513.96899 1.071 -0.32 1.230299999475479 1.1824000406265258 0.22230485 0.21330485 "" "" 20.333501107980265 "" 4.433309760473027 ""
271.2510420472 -23.83220665375 0.0387 0.0326 3.0579 "" "" 4066134427768496256 2798.88574 0.3188 0.0436 0.826 -0.431 0.048 0.036 0.922 "" "" 15.831373 1.682837 16.626917 14.944079 "" "" 2502.50684 3185.71265 8757.84782 4.0474 3052.5 9.9254 8346.9 11.585 "" "" 0.0028006357555976523 0.0044998173 0.0040687327 0.0085685495 271.2510420472 -23.83220665375 2798.88574 0.826 -0.4309999999999997 0.9852999994754791 1.0714000406265258 0.22530484 0.21330485 "" "" 19.31077453519939 "" 4.226839677754355 ""
271.37767838169 -23.59287962821 0.0423 0.0367 13.3269 "" "" 4066179099756855296 2455.21973 0.3775 0.0518 0.277 -1.223 0.053 0.039 1.166 7126.7 4.2311 15.835361 1.398613 16.448164 15.049551 "" "" 2158.23071 2761.42993 8725.74123 4.5177 3598.7 11.592 7574.2 32.031 "" "" 0.002812078114280132 0.004473968 0.0059469263 0.010420894 271.37767838169 -23.59287962821 2455.21973 0.277 -1.223 0.43629999947547915 0.2794000406265258 0.23030485 0.21630485 "" "" 6.029451685803437 "" 1.3646011774888684 ""
271.30724030582 -23.66641080563 0.0408 0.0353 8.1588 "" "" 4066172605766288512 3216.88721 0.3005 0.0536 0.375 -0.417 0.054 0.039 1.034 8037.7 3.7921 15.836536 1.249848 16.367996 15.118148 "" "" 2754.00586 3828.66577 8716.29881 4.7356 3874.5 11.227 7110.5 24.792 "" "" 0.0028177568143047203 0.004205114 0.005349258 0.009554372 271.30724030582 -23.66641080563 3216.88721 0.3750000000000002 -0.417 0.5342999994754791 1.0854000406265258 0.23130485 0.21630485 "" "" 18.446793500565235 "" 4.045589027213216 ""
271.31377702801 -23.55099909503 0.0443 0.0433 15.0917 "" "" 4066183119846406528 2820.59717 0.3397 0.0691 1.154 0.132 0.058 0.045 1.016 6893.1 4.0958 15.838266 1.405417 16.466492 15.061075 "" "" 2436.11328 3582.4873 8702.42396 4.3882 3538.5 18.264 7494.2 20.598 "" "" 0.002809186143565133 0.006260214 0.004815498 0.011075712 271.31377702801 -23.55099909503 2820.59717 1.154 0.132 1.313299999475479 1.634400040626526 0.23530485 0.22230485 "" "" 28.031688351468826 "" 6.377038310486156 ""
271.28650397003 -23.55930814009 0.0433 0.0429 14.5703 "" "" 4066177278690910720 2779.60889 0.3367 0.064 -1.675 -1.352 0.053 0.038 0.956 8764.6 4.3201 15.838603 1.216858 16.36373 15.146872 "" "" 2410.84424 3349.06372 8699.72304 5.0988 3889.8 12.273 6924.8 15.474 "" "" 0.00282784610441448 0.004418188 0.0044911006 0.008909289 271.28650397003 -23.55930814009 2779.60889 -1.6750000000000005 -1.352 -1.515700000524521 0.1504000406265258 0.23030485 0.21530485 "" "" 20.067945176380018 "" 4.618904851882893 ""
271.23581588258 -23.78694980068 0.0384 0.0309 3.4203 "" "" 4066169960066346112 2580.22046 0.3549 0.0442 0.003 -1.41 0.05 0.035 1.006 "" "" 15.840416 1.14671 16.316128 15.169417 "" "" 2343.29419 2945.58154 8685.21037 4.2114 4064.1 24.837 6782.5 19.321 "" "" 0.0028051659501479756 0.0071980515 0.004883613 0.012081664 271.23581588258 -23.78694980068 2580.22046 0.0029999999999999714 -1.4099999999999995 0.16229999947547913 0.09240004062652596 0.22730485 0.21230485 "" "" 2.2841126855604954 "" 0.5110156060673072 ""
271.01846226761 -23.73433016039 0.0403 0.0366 15.7665 "" "" 4066151337086729856 2828.20093 0.3327 0.0531 0.008 -3.139 0.051 0.035 1.02 9242.1 3.6565 15.843116 1.507814 16.528614 15.0208 "" "" 2403.10596 3568.39136 8663.63925 3.6081 3341.7 14.122 7777.5 15.555 "" "" 0.0027921761788288067 0.005370071 0.0043587866 0.009728858 271.01846226761 -23.73433016039 2828.20093 0.008 -3.139 0.16729999947547913 -1.636599959373474 0.22830485 0.21230485 "" "" 22.0540575512731 "" 4.685968483821947 ""
271.11525685215 -23.79698906107 0.0439 0.0365 9.9219 "" "" 4066147076479057408 2416.49048 0.4073 0.0543 1.975 -4.274 0.06 0.039 1.113 15027.9 4.5777 15.844623 1.528272 16.532015 15.003743 "" "" 2089.48486 2764.66943 8651.62481 6.877 3331.3 11.902 7900.6 15.723 "" "" 0.0028873187128663426 0.0047783293 0.0043534427 0.009131772 271.11525685215 -23.79698906107 2416.49048 1.9750000000000003 -4.274 2.134299999475479 -2.771599959373474 0.23730485 0.21630485 "" "" 40.06830401715723 "" 8.98940051377123 ""
271.1909281167 -23.64364055923 0.0505 0.0477 11.1142 "" "" 4066175075339964416 3060.37695 0.3275 0.0723 0.065 -1.408 0.068 0.045 0.903 8042.0 4.315 15.847813 1.213013 16.359947 15.146935 "" "" 2486.21729 4744.74072 8626.24345 5.4454 3903.4 33.997 6924.4 19.789 "" "" 0.002839284629379241 0.009859356 0.0048899525 0.014749309 271.1909281167 -23.64364055923 3060.37695 0.065 -1.4079999999999988 0.22429999947547913 0.09440004062652596 0.24530485 0.22230485 "" "" 3.530159077777651 "" 0.8542409914239307 ""
271.17126611629 -23.82449536457 0.0399 0.0342 6.9737 "" "" 4066146350597722880 2366.33057 0.3888 0.0492 -0.217 -3.464 0.053 0.037 1.041 9192.3 3.7972 15.848106 2.131134 16.939154 14.80802 "" "" 2148.00049 2664.71167 8623.91305 16.234 2289.6 19.898 9461.3 45.938 "" "" 0.0034306039239144375 0.009839587 0.0064864396 0.016326027 271.17126611629 -23.82449536457 2366.33057 -0.21699999999999972 -3.4640000000000004 -0.05770000052452087 -1.961599959373474 0.23030485 0.21430485 "" "" 22.01161968677235 "" 4.717512657052964 ""
271.35762920182 -23.75555265175 0.0418 0.0366 4.3874 "" "" 4066160030101839744 2799.61841 0.3449 0.0565 0.528 0.889 0.052 0.038 1.062 "" "" 15.848637 1.357648 16.444254 15.086606 "" "" 2418.21387 3299.54688 8619.70088 4.5933 3611.7 9.9957 7320.1 21.504 "" "" 0.0028154101223493728 0.004100524 0.004945384 0.009045908 271.35762920182 -23.75555265175 2799.61841 0.5279999999999994 0.8889999999999996 0.6872999994754792 2.391400040626526 0.22930485 0.21530485 "" "" 33.01898644283229 "" 7.145472363289173 ""
271.3044193309 -23.63684725124 0.0395 0.0347 9.9199 "" "" 4066173396040319104 2914.5874 0.3005 0.0495 0.11 -1.383 0.052 0.038 1.003 7696.9 3.6247 15.850646 2.409903 17.141077 14.731174 "" "" 2573.0625 3317.75513 8603.76082 4.8117 1901.0 10.397 10155.0 17.271 "" "" 0.0028214333043509125 0.0065609845 0.0042063626 0.010767347 271.3044193309 -23.63684725124 2914.5874 0.11 -1.3830000000000002 0.2692999994754791 0.11940004062652587 0.22930485 0.21530485 "" "" 4.069699975818007 "" 0.9240829221350427 ""
271.35135343737 -23.58623044152 0.0401 0.0354 13.2994 "" "" 4066179890030883584 2427.0437 0.3861 0.0526 -1.174 -2.884 0.051 0.036 0.914 8756.7 4.2924 15.851026 1.115183 16.325184 15.210001 "" "" 2126.73853 2807.5752 8600.75214 4.894 4030.4 11.852 6533.7 12.021 "" "" 0.002823733906482148 0.004240146 0.0042748195 0.008514965 271.35135343737 -23.58623044152 2427.0437 -1.174 -2.8839999999999995 -1.0147000005245208 -1.381599959373474 0.22830485 0.21330485 "" "" 19.720319540644045 "" 4.312398471508411 ""
271.12468100522 -23.81656970335 0.0398 0.0341 9.4398 "" "" 4066146969073054464 2833.00024 0.3366 0.0493 0.296 -1.739 0.056 0.037 1.096 "" "" 15.85185 1.589542 16.585342 14.9958 "" "" 2468.93359 3412.45581 8594.22876 5.2547 3171.6 12.337 7958.6 12.089 "" "" 0.002834162453897511 0.0050617782 0.0041235476 0.009185325 271.12468100522 -23.81656970335 2833.00024 0.29599999999999965 -1.739 0.4552999994754791 -0.23659995937347422 0.23330486 0.21430485 "" "" 6.890201664335798 "" 1.5805898011752886 ""
271.09610067754 -23.82269137781 0.0402 0.0345 11.0379 "" "" 4066146934713283072 2927.44751 0.3145 0.0501 0.517 0.904 0.057 0.039 1.006 4909.6 3.5003 15.85508 2.419285 17.157923 14.738638 "" "" 2582.24561 3519.12549 8568.69805 5.4088 1871.8 10.87 10086.0 16.083 "" "" 0.002839276258478098 0.00689491 0.0041570575 0.011051968 271.09610067754 -23.82269137781 2927.44751 0.517 0.9040000000000009 0.6762999994754791 2.406400040626526 0.23430485 0.21630485 "" "" 34.68509859592162 "" 7.550009522609249 ""
271.22278271703 -23.79989659778 0.0458 0.0393 4.0163 "" "" 4066146458003707520 2510.43433 0.3894 0.0507 0.872 -3.579 0.061 0.043 1.27 6660.0 4.1453 15.858989 1.457005 16.520382 15.063377 "" "" 2164.11084 2882.04102 8537.90669 14.478 3367.2 21.236 7478.4 50.033 "" "" 0.0033138349967532592 0.0073940824 0.008188317 0.015582399 271.22278271703 -23.79989659778 2510.43433 0.8720000000000002 -3.579 1.031299999475479 -2.0765999593734743 0.23830485 0.22030485 "" "" 27.589933906795267 "" 6.1796170364823615 ""
271.29449906676 -24.02319892245 0.0568 0.0526 13.2725 "" "" 4066128419140926080 3431.43237 0.3021 0.0743 0.636 -0.797 0.065 0.052 1.178 5203.6 2.5257 15.862608 3.599337 18.088432 14.489096 -81.62 6.14 2717.30981 6634.7666 8509.48804 6.9021 794.41 10.296 12692.0 24.421 "" "" 0.0028926336626701283 0.014345704 0.004318337 0.01866404 271.29449906676 -24.02319892245 3431.43237 0.6359999999999998 -0.7969999999999995 0.7952999994754791 0.7054000406265258 0.24230485 0.22930485 -125.61500000000001 6.847 17.290619450069013 126.79942328720233 4.092150794129124 6.805956914923695
271.18050108732 -23.9954670958 0.0407 0.0335 13.2224 "" "" 4066130957434269184 2653.99561 0.3414 0.045 -2.18 -2.509 0.052 0.036 1.019 4983.6 2.559 15.863266 2.962483 17.583605 14.621121 "" "" 2387.7959 2997.77515 8504.33416 4.9467 1264.7 10.131 11239.0 16.43 "" "" 0.0028267702008856334 0.009133986 0.0040991413 0.013233127 271.18050108732 -23.9954670958 2653.99561 -2.1799999999999957 -2.509 -2.020700000524521 -1.006599959373474 0.22930485 0.21330485 "" "" 28.39967445985297 "" 6.424403783429058 ""
271.46326195287 -23.6730717284 0.0373 0.0334 12.0135 "" "" 4066165901289631872 2365.55371 0.3841 0.0493 0.55 -3.568 0.045 0.035 0.952 7981.8 4.3014 15.863384 1.24258 16.406088 15.163507 "" "" 2082.84521 2712.1416 8503.40933 3.6978 3740.9 11.402 6819.5 11.523 "" "" 0.002795480190053419 0.00432853 0.0042011216 0.008529652 271.46326195287 -23.6730717284 2365.55371 0.55 -3.5680000000000014 0.7092999994754792 -2.065599959373474 0.22230485 0.21230485 "" "" 24.488471593701814 "" 5.225392398162957 ""
271.20362518617 -23.86650448168 0.0407 0.0355 6.3744 "" "" 4066134088497865856 2750.71216 0.3402 0.0523 -0.005 -1.47 0.049 0.035 0.953 "" "" 15.864332 1.31441 16.444427 15.130017 "" "" 2450.81152 3133.79468 8495.99029 3.7431 3611.2 11.82 7033.2 13.883 "" "" 0.002796534251934978 0.004518228 0.004344751 0.00886298 271.20362518617 -23.86650448168 2750.71216 -0.004999999999999999 -1.47 0.15429999947547912 0.032400040626525906 0.22630484 0.21230485 "" "" 2.0556955051890067 "" 0.46403458279685955 ""
271.14815260693 -23.57710586765 0.0417 0.0376 15.7472 "" "" 4066176419697946112 2666.52295 0.3439 0.056 0.7 -2.091 0.051 0.038 0.95 9529.9 3.8006 15.86439 1.306869 16.423933 15.117064 "" "" 2353.27344 3043.39355 8495.53134 5.4378 3680.0 16.665 7117.6 17.127 "" "" 0.00284161090172186 0.005653308 0.004594494 0.010247802 271.14815260693 -23.57710586765 2666.52295 0.7 -2.0909999999999997 0.8592999994754791 -0.5885999593734743 0.22830485 0.21530485 "" "" 13.164603821481245 "" 2.951967247228235 ""
271.39936032601 -23.62022183734 0.044 0.0383 12.2983 "" "" 4066178790519136128 2832.07056 0.3401 0.0563 -0.849 -3.94 0.055 0.041 1.159 5508.5 4.175 15.86602 1.62003 16.554207 14.934176 "" "" 2452.78613 3290.98853 8482.79169 4.3792 3263.9 23.454 8423.4 117.63 "" "" 0.0028117532620883486 0.008285881 0.015625887 0.023911767 271.39936032601 -23.62022183734 2832.07056 -0.849 -3.940000000000001 -0.6897000005245209 -2.437599959373474 0.23230484 0.21830484 "" "" 34.00697835258057 "" 7.46022019929986 ""
271.14535681903 -23.61663651373 0.0681 0.0624 13.8597 "" "" 4066176076089174272 3412.66211 0.3179 0.0959 0.469 -0.929 0.077 0.065 1.536 "" "" 15.866802 1.273746 16.306877 15.033131 "" "" 2693.30176 4157.98584 8476.6808 8.9161 4098.9 53.547 7689.6 64.482 "" "" 0.0029826158087470564 0.014455616 0.009857829 0.024313444 271.14535681903 -23.61663651373 3412.66211 0.469 -0.9289999999999996 0.6282999994754791 0.5734000406265258 0.25430486 0.24230485 "" "" 13.759588782750047 "" 3.42508710986931 ""
271.2890120181 -23.64286969022 0.0419 0.0363 9.555 "" "" 4066173430400069376 2936.34058 0.3248 0.0567 -1.151 -3.22 0.061 0.04 0.988 4795.6 3.5035 15.866979 2.170218 16.988468 14.81825 "" "" 2414.05347 3637.15674 8475.30628 4.6408 2187.9 9.5143 9372.6 32.441 "" "" 0.002818729458079223 0.005484247 0.005329766 0.010814013 271.2890120181 -23.64286969022 2936.34058 -1.151 -3.2200000000000006 -0.9917000005245209 -1.7175999593734743 0.23830485 0.21730486 "" "" 27.60456375900925 "" 6.148665299221419 ""
271.45673070692 -23.64379012292 0.0373 0.0332 12.967 "" "" 4066166833330076416 2876.29639 0.3152 0.0484 -0.184 -1.453 0.045 0.034 0.988 8960.3 4.3051 15.869578 1.133648 16.350983 15.217335 "" "" 2548.62451 3337.60571 8455.03793 3.8437 3935.7 14.183 6489.7 19.463 "" "" 0.002799180481066743 0.0048056045 0.0049886354 0.00979424 271.45673070692 -23.64379012292 2876.29639 -0.184 -1.453 -0.02470000052452087 0.04940004062652581 0.22230485 0.21130484 "" "" 0.7529986903847282 "" 0.16080300273781767 ""
271.34351494096 -23.65051654257 0.0438 0.039 9.4574 "" "" 4066172949363644160 2387.73682 0.3943 0.0555 -0.077 -0.824 0.053 0.038 1.043 8075.5 4.2486 15.875893 1.210217 16.394741 15.184525 "" "" 2121.1582 2667.32959 8406.00875 4.018 3780.3 10.901 6688.8 20.309 "" "" 0.002803769232973534 0.0041937293 0.005015099 0.009208828 271.34351494096 -23.65051654257 2387.73682 -0.07699999999999999 -0.8240000000000001 0.08229999947547913 0.6784000406265259 0.23030485 0.21530485 "" "" 7.734338836027713 "" 1.6669810435786592 ""
271.21150140808 -23.76390432393 0.0393 0.0321 5.1672 "" "" 4066170234944320000 2556.89258 0.3684 0.0442 -1.303 -2.917 0.054 0.037 0.987 6590.2 3.9879 15.878915 1.517169 16.565308 15.048139 "" "" 2309.82422 2931.9917 8382.64245 4.2452 3230.7 13.952 7584.1 19.713 "" "" 0.002809647778991776 0.005456202 0.004716778 0.01017298 271.21150140808 -23.76390432393 2556.89258 -1.303 -2.916999999999999 -1.1437000005245208 -1.414599959373474 0.23130485 0.21430485 "" "" 22.046952921759317 "" 4.876364689000354 ""
271.22735113732 -23.96913229436 0.0399 0.0334 10.7104 "" "" 4066131060513573376 2544.10742 0.3589 0.0484 0.171 -0.052 0.05 0.036 0.929 7495.4 3.0571 15.879789 2.863985 17.516369 14.652384 "" "" 2208.06714 2984.08374 8375.89235 4.7731 1345.5 7.8969 10920.0 23.778 "" "" 0.0028239339806805184 0.006956396 0.0044579124 0.011414308 271.22735113732 -23.96913229436 2544.10742 0.171 -0.052000000000000005 0.33029999947547917 1.4504000406265258 0.22730485 0.21330485 "" "" 17.93827931688381 "" 3.8390890059448726 ""
271.21655369554 -23.55862758798 0.0444 0.0407 15.2391 "" "" 4066177794089534208 3107.21924 0.3079 0.056 -3.356 -0.139 0.055 0.04 1.042 6675.0 3.9618 15.884261 1.443839 16.539478 15.095639 "" "" 2648.09888 4216.11426 8341.46088 4.1489 3308.5 19.906 7259.4 15.258 "" "" 0.002807742528225261 0.007103391 0.004414905 0.011518296 271.21655369554 -23.55862758798 3107.21924 -3.356 -0.13900000000000004 -3.1967000005245207 1.3634000406265259 0.23230484 0.21730486 "" "" 51.18506594144199 "" 11.775631851531564 ""
271.50484186385 -23.82061968593 0.0434 0.043 11.5233 "" "" 4066154979219984384 2571.64575 0.3557 0.0624 -0.346 -2.61 0.055 0.04 0.947 15006.5 3.9373 15.885327 2.792637 17.46385 14.671213 "" "" 2237.7915 3101.54443 8333.27421 5.6566 1412.1 10.315 10732.0 25.749 "" "" 0.002852183366714732 0.008407487 0.004590167 0.012997653 271.50484186385 -23.82061968593 2571.64575 -0.346 -2.6100000000000025 -0.18670000052452085 -1.107599959373474 0.23230484 0.21730486 "" "" 13.691665286236972 "" 2.9811295729175753 ""
271.18402794205 -23.89874749537 0.042 0.0358 8.4495 "" "" 4066133740573439616 2734.80859 0.3438 0.0507 0.757 0.66 0.054 0.038 0.99 "" "" 15.886203 1.455569 16.539433 15.083863 "" "" 2414.14673 3191.87207 8326.559 4.2696 3308.6 22.983 7338.6 14.998 "" "" 0.002811003303628599 0.008041572 0.0043826243 0.012424196 271.18402794205 -23.89874749537 2734.80859 0.7569999999999998 0.66 0.9162999994754791 2.162400040626526 0.23130485 0.21530485 "" "" 30.443939927466232 "" 6.6311861354342625 ""
271.09768392791 -23.69815656121 0.0468 0.0414 12.5429 "" "" 4066151199647750272 2400.9231 0.3816 0.0517 -1.607 -4.241 0.06 0.042 0.917 7967.3 4.2661 15.890534 1.229796 16.416897 15.1871 "" "" 2130.28052 2739.89844 8293.40976 4.1154 3703.9 14.293 6673.0 16.217 "" "" 0.0028075010693904743 0.005033794 0.004609332 0.009643126 271.09768392791 -23.69815656121 2400.9231 -1.607 -4.241 -1.4477000005245209 -2.738599959373474 0.23730485 0.21930484 "" "" 35.253025426456695 "" 7.874119940980373 ""
271.44802951793 -23.65627759138 0.0379 0.0336 12.0937 "" "" 4066166730250852480 2819.21436 0.3207 0.0493 -0.166 -1.189 0.046 0.035 0.982 "" "" 15.892535 1.1801 16.402214 15.222115 "" "" 2477.22656 3243.47681 8278.14035 3.8795 3754.3 12.846 6461.2 19.675 "" "" 0.0028019084363694775 0.004646133 0.005021406 0.009667539 271.44802951793 -23.65627759138 2819.21436 -0.16599999999999998 -1.1890000000000005 -0.006700000524520883 0.3134000406265258 0.22330485 0.21230485 "" "" 4.188945506125347 "" 0.8893550232849871 ""
271.20476201191 -23.80345013586 0.0382 0.0325 5.0043 "" "" 4066146492347607424 3082.96753 0.3463 0.044 -0.765 -2.373 0.049 0.034 1.03 8300.5 4.4082 15.896887 1.258349 16.3614 15.103052 "" "" 2521.03979 6060.30957 8245.02682 5.0743 3898.1 35.057 7210.0 94.232 "" "" 0.002835186856483526 0.0101552345 0.014684838 0.024840072 271.20476201191 -23.80345013586 3082.96753 -0.7649999999999998 -2.3729999999999984 -0.6057000005245209 -0.8705999593734743 0.22630484 0.21130484 "" "" 15.498447112958251 "" 3.352494014654202 ""
271.29530968094 -23.81496048245 0.0451 0.0367 0.7787 "" "" 4066157964189338624 2471.96362 0.3754 0.0532 0.316 -0.137 0.055 0.039 1.147 "" "" 15.901431 1.416514 16.486599 15.070085 "" "" 2158.30518 2802.44385 8210.59007 5.204 3473.6 18.264 7432.3 73.351 "" "" 0.0028399557659401636 0.006354115 0.011362343 0.017716458 271.29530968094 -23.81496048245 2471.96362 0.316 -0.137 0.47529999947547913 1.3654000406265259 0.23230484 0.21630485 "" "" 16.940147236726297 "" 3.69448863276219 ""
271.38505550248 -23.65848450646 0.0463 0.0399 9.9055 "" "" 4066172811925301760 2659.08667 0.3494 0.0605 2.708 0.368 0.056 0.04 1.103 8919.4 4.1972 15.904024 1.371625 16.511768 15.140143 "" "" 2311.18701 3149.75513 8191.00474 3.6332 3394.0 10.002 6967.9 18.501 "" "" 0.002797090847662081 0.0042453106 0.0047533545 0.008998665 271.38505550248 -23.65848450646 2659.08667 2.708 0.368 2.8672999994754793 1.8704000406265258 0.23330486 0.21730486 "" "" 43.14903014189845 "" 9.86585598371547 ""
271.29898942821 -23.7544488256 0.0467 0.0421 2.8578 "" "" 4066158758791604224 3192.55176 0.3214 0.0646 -0.061 -1.391 0.056 0.041 1.037 "" "" 15.905894 1.170133 16.393988 15.223855 "" "" 2638.21069 3906.39526 8176.90953 4.4524 3782.9 15.965 6450.8 32.004 "" "" 0.002818030974605784 0.0053647985 0.0065802145 0.011945013 271.29898942821 -23.7544488256 3192.55176 -0.061 -1.391 0.09829999947547913 0.11140004062652586 0.23330486 0.21830484 "" "" 2.248255076892596 "" 0.5058451106952611 ""
271.30434884637 -23.66469590736 0.0396 0.0342 8.2509 "" "" 4066172601438664576 2694.75488 0.3479 0.0519 -0.08 -1.529 0.053 0.038 0.933 8786.8 4.2354 15.908053 1.234682 16.442665 15.207983 "" "" 2310.27075 3068.40527 8160.66093 3.842 3617.0 15.795 6545.8 11.741 "" "" 0.0028023335434801907 0.005501342 0.0042516226 0.009752965 271.30434884637 -23.66469590736 2694.75488 -0.08000000000000008 -1.529 0.07929999947547912 -0.026599959373474036 0.23030485 0.21530485 "" "" 1.0683756751503455 "" 0.24447907383691733 ""
271.43903803957 -23.65633469644 0.0395 0.0348 11.7553 "" "" 4066166695891129088 2545.50879 0.3605 0.0499 0.095 1.061 0.048 0.037 0.951 7193.0 4.3349 15.912673 1.304209 16.485409 15.1812 "" "" 2278.10107 2902.00757 8126.01475 4.0898 3477.4 15.196 6709.3 13.197 "" "" 0.002808984636442514 0.005504199 0.004341033 0.009845232 271.43903803957 -23.65633469644 2545.50879 0.09500000000000001 1.061 0.2542999994754791 2.563400040626526 0.22530484 0.21430485 "" "" 31.081067760244903 "" 6.664240108090988 ""
271.28038263059 -23.81720731698 0.0412 0.0338 1.2488 "" "" 4066157934157813120 2758.64038 0.3376 0.0476 -1.006 -1.702 0.05 0.036 1.016 9322.6 3.7376 15.912692 1.425874 16.545784 15.11991 "" "" 2456.12842 3090.63428 8125.8707 4.2406 3289.3 10.166 7098.9 18.087 "" "" 0.0028129757458081384 0.0043640737 0.0046836054 0.00904768 271.28038263059 -23.81720731698 2758.64038 -1.0060000000000013 -1.702 -0.8467000005245209 -0.19959995937347408 0.22730485 0.21330485 "" "" 11.374886525070258 "" 2.5774282607384245 ""
271.19479709704 -24.03192068608 0.0406 0.0334 14.8685 "" "" 4066127491428023936 2555.93652 0.3414 0.0456 -1.285 -4.088 0.051 0.036 0.955 "" "" 15.917298 3.424523 17.997816 14.573293 "" "" 2274.97852 2890.06323 8091.46725 6.4454 863.56 19.942 11745.0 26.432 "" "" 0.002887867030384043 0.025227437 0.004500457 0.029727895 271.19479709704 -24.03192068608 2555.93652 -1.285 -4.088 -1.1257000005245208 -2.585599959373474 0.22830485 0.21330485 "" "" 34.164966456988545 "" 7.371600137654683 ""
271.16135490138 -23.79658203135 0.0393 0.0336 7.3938 "" "" 4066146659835504896 2443.48755 0.3795 0.0475 -0.204 -1.752 0.053 0.038 0.989 7871.5 4.1613 15.922237 1.340815 16.497253 15.156439 "" "" 2230.58716 2763.29028 8054.74317 4.1019 3439.7 10.033 6864.1 23.199 "" "" 0.002810249711779615 0.0042207004 0.005267746 0.009488447 271.16135490138 -23.79658203135 2443.48755 -0.204 -1.7520000000000002 -0.04470000052452086 -0.24959995937347412 0.23030485 0.21530485 "" "" 2.9368920277901345 "" 0.6337421802230008 ""
271.05919154923 -23.78791760465 0.0494 0.0438 13.023 "" "" 4066150164528892288 2732.45898 0.3537 0.0582 0.492 -1.912 0.062 0.043 1.066 9244.9 3.8397 15.925146 1.406908 16.548817 15.141909 "" "" 2345.61084 3353.65747 8033.19693 3.9214 3280.1 8.9139 6956.6 18.514 "" "" 0.0028058315955610084 0.0040608956 0.004757428 0.008818324 271.05919154923 -23.78791760465 2732.45898 0.4920000000000005 -1.912 0.6512999994754791 -0.40959995937347404 0.23930484 0.22030485 "" "" 9.965052090582738 "" 2.332585452450676 ""
271.05377918356 -23.94387525574 0.0412 0.0342 15.7783 "" "" 4066143636177913984 2757.29419 0.3291 0.0444 -2.068 -2.44 0.052 0.039 1.045 "" "" 15.932048 2.95221 17.644964 14.692754 "" "" 2497.21411 3105.177 7982.2935 5.5727 1195.2 13.787 10521.0 27.302 "" "" 0.0028576800107421073 0.012831335 0.004714017 0.017545352 271.05377918356 -23.94387525574 2757.29419 -2.0679999999999974 -2.44 -1.908700000524521 -0.9375999593734741 0.22930485 0.21630485 "" "" 27.79314804497714 "" 6.304488633235667 ""
271.30906012593 -23.94837945799 0.0413 0.0359 8.8127 "" "" 4066129857922805504 2473.00122 0.3695 0.0521 0.964 -0.213 0.051 0.038 0.951 "" "" 15.934529 1.994046 16.927364 14.933318 "" "" 2224.7749 2827.6521 7964.07217 4.4675 2314.6 11.541 8430.1 11.141 "" "" 0.0028218314190975157 0.006090392 0.0040425994 0.010132991 271.30906012593 -23.94837945799 2473.00122 0.9639999999999999 -0.21300000000000005 1.123299999475479 1.2894000406265258 0.22830485 0.21530485 "" "" 20.045539292100287 "" 4.430222718599809 ""
271.32846148664 -23.60110936819 0.044 0.0399 12.1851 "" "" 4066173975828492416 3178.53979 0.3179 0.0602 -0.81 -1.827 0.059 0.041 0.958 "" "" 15.935172 1.247027 16.479662 15.232635 "" "" 2661.1106 3900.86963 7959.35818 3.8083 3495.8 16.366 6398.9 15.358 "" "" 0.0028038651056054285 0.005798444 0.004590677 0.010389121 271.32846148664 -23.60110936819 3178.53979 -0.81 -1.8269999999999995 -0.6507000005245209 -0.3245999593734741 0.23630485 0.21830484 "" "" 10.955739756805729 "" 2.5508157751445757 ""
271.17045966136 -23.64212563446 0.0477 0.0423 11.8107 "" "" 4066175182746907136 2750.90259 0.3457 0.0666 -2.001 -2.125 0.06 0.041 0.903 6802.4 4.1221 15.936847 1.259094 16.48197 15.222876 "" "" 2318.63989 3376.74756 7947.08689 4.3051 3488.4 26.404 6456.7 21.119 "" "" 0.002817397406558316 0.008678772 0.0051860814 0.0138648525 271.17045966136 -23.64212563446 2750.90259 -2.001 -2.1250000000000004 -1.8417000005245208 -0.6225999593734741 0.23730485 0.21830484 "" "" 25.34954282322753 "" 5.967960689688379 ""
271.21389264611 -23.6854504825 0.045 0.0377 8.3178 "" "" 4066171879884060032 2897.86304 0.3168 0.0596 -1.02 -4.709 0.06 0.038 1.043 5388.4 4.2304 15.940207 1.402795 16.519636 15.116841 "" "" 2418.87354 3587.51636 7922.5317 4.3272 3369.5 45.766 7119.0 55.213 "" "" 0.0028184142303709758 0.01500857 0.00922992 0.02423849 271.21389264611 -23.6854504825 2897.86304 -1.02 -4.708999999999998 -0.8607000005245209 -3.2065999593734738 0.23730485 0.21530485 "" "" 45.604513866804666 "" 9.889490527931141 ""
271.23168766329 -23.54602203652 0.0486 0.0456 15.7586 "" "" 4066178172044214912 3186.29858 0.3138 0.0628 0.067 -2.354 0.064 0.043 1.015 6724.5 4.2345 15.940309 1.456572 16.581642 15.125071 "" "" 2639.98315 4226.45459 7921.7905 4.1601 3182.4 26.225 7065.3 21.424 "" "" 0.00281369574483348 0.009372121 0.005012256 0.014384377 271.23168766329 -23.54602203652 3186.29858 0.06699999999999992 -2.354 0.22629999947547913 -0.8515999593734742 0.24130484 0.22030485 "" "" 13.308133064602735 "" 2.951094782593978 ""
271.1064534245 -23.78146852053 0.094 0.0799 10.4739 "" "" 4066147282637506304 2724.21362 0.393 0.1198 0.586 -2.067 0.13 0.09 2.337 7927.7 4.1118 15.950585 1.384992 16.482676 15.097684 "" "" 2157.13257 3608.59131 7847.16319 10.399 3486.2 9.4654 7245.8 15.241 "" "" 0.0031083695398992093 0.004058952 0.004415802 0.008474754 271.1064534245 -23.78146852053 2724.21362 0.586 -2.0669999999999993 0.7452999994754791 -0.5645999593734743 0.30730486 0.26730484 "" "" 12.073581850318485 "" 3.54181257952092 ""
271.44443858429 -23.76973033288 0.0408 0.0388 8.3815 "" "" 4066159098060929408 2622.73071 0.372 0.0595 1.588 -0.087 0.051 0.037 0.999 6848.9 4.0031 15.951027 1.710663 16.764023 15.05336 "" "" 2248.11377 3102.51343 7843.97427 4.3779 2690.3 12.392 7547.7 10.327 "" "" 0.0028211688859894088 0.005726778 0.004060856 0.009787634 271.44443858429 -23.76973033288 2622.73071 1.588 -0.08700000000000004 1.7472999994754792 1.415400040626526 0.22830485 0.21430485 "" "" 27.95460628024671 "" 6.230054476808301 ""
271.25213080535 -23.75755726223 0.0411 0.0336 3.5897 "" "" 4066170161896758912 3167.73877 0.3008 0.0474 1.1 -0.695 0.053 0.035 0.961 7563.6 4.1791 15.951667 1.455097 16.61461 15.159513 "" "" 2694.79932 3802.39185 7839.35208 3.8346 3087.3 12.543 6844.7 13.747 "" "" 0.002806036511374774 0.0052194684 0.0043633454 0.009582814 271.25213080535 -23.75755726223 3167.73877 1.1 -0.6949999999999997 1.2592999994754792 0.8074000406265259 0.23030485 0.21230485 "" "" 22.461133612624256 "" 5.058464156642846 ""
271.45164203945 -23.71653249962 0.0416 0.0408 9.9716 "" "" 4066159888344561280 2882.95068 0.3545 0.0631 0.615 -1.285 0.051 0.037 0.961 8931.3 4.2426 15.952024 1.149186 16.435472 15.286286 "" "" 2377.19238 3674.41284 7836.76814 3.6091 3641.1 8.1344 6090.4 16.473 "" "" 0.0028003228537623374 0.0036970975 0.0047861887 0.008483286 271.45164203945 -23.71653249962 2882.95068 0.615 -1.2849999999999986 0.7742999994754791 0.21740004062652596 0.22830485 0.21430485 "" "" 10.990100321258518 "" 2.4981712705343435 ""
271.39230784103 -23.67108400107 0.0448 0.041 9.4726 "" "" 4066161060894074752 2875.49731 0.3174 0.063 0.307 -1.267 0.054 0.04 1.021 8215.9 4.0848 15.952509 1.526298 16.64555 15.119252 "" "" 2383.90405 3338.3269 7833.27071 3.5501 3000.5 14.896 7103.3 12.947 "" "" 0.0027989134607778925 0.006069489 0.004266139 0.010335628 271.39230784103 -23.67108400107 2875.49731 0.3069999999999998 -1.267 0.4662999994754791 0.23540004062652597 0.23130485 0.21730486 "" "" 7.119547403493967 "" 1.6270372365892543 ""
271.32617891665 -23.62790056486 0.0413 0.037 10.5772 "" "" 4066173808357164416 2419.65063 0.3888 0.0544 -0.031 -2.055 0.051 0.037 1.027 "" "" 15.953369 1.096955 16.388557 15.291602 "" "" 2137.76807 2745.17041 7827.06455 4.0931 3801.8 25.407 6060.6 27.245 "" "" 0.002813211702902342 0.0077738306 0.0061730407 0.013946871 271.32617891665 -23.62790056486 2419.65063 -0.031 -2.055 0.12829999947547913 -0.5525999593734743 0.22830485 0.21430485 "" "" 6.506428350113161 "" 1.399162144661035 ""
271.03782510481 -23.8815891691 0.0408 0.0337 14.947 "" "" 4066144873128736768 2823.54883 0.3358 0.0433 0.176 -1.132 0.053 0.037 0.946 "" "" 15.953944 1.890402 16.871534 14.981132 "" "" 2504.20093 3645.2356 7822.92151 4.4874 2436.7 19.248 8066.9 18.377 "" "" 0.002824831307724183 0.0090189045 0.0045167883 0.013535693 271.03782510481 -23.8815891691 2823.54883 0.17600000000000016 -1.132 0.3352999994754791 0.370400040626526 0.23030485 0.21430485 "" "" 6.686753551263496 "" 1.4821456839465004 ""
271.05519962823 -23.6671854141 0.0407 0.0349 15.4989 "" "" 4066152196080215168 2371.79419 0.3832 0.0462 0.5 -0.673 0.048 0.034 0.997 7319.9 4.1616 15.955516 1.272619 16.511137 15.238518 "" "" 2159.58594 2678.85034 7811.60957 3.4685 3396.0 14.495 6364.3 8.8876 "" "" 0.002797176670980054 0.005409331 0.004072175 0.009481506 271.05519962823 -23.6671854141 2371.79419 0.5000000000000002 -0.673 0.6592999994754791 0.8294000406265258 0.22530484 0.21130484 "" "" 11.911437330266324 "" 2.582793573838659 ""
271.2673700359 -23.73550481692 0.041 0.0353 4.2861 "" "" 4066170578541670912 2521.83691 0.3683 0.0526 -0.081 -1.453 0.054 0.039 0.983 "" "" 15.957393 1.188967 16.46377 15.274803 "" "" 2235.83008 2863.24219 7798.11589 4.1181 3547.4 14.755 6155.1 10.542 "" "" 0.002814344927872937 0.005308413 0.0042120926 0.009520506 271.2673700359 -23.73550481692 2521.83691 -0.08099999999999999 -1.4529999999999998 0.07829999947547912 0.04940004062652581 0.23130485 0.21630485 "" "" 1.1066684258719963 "" 0.2513631565795728 ""
271.13461017825 -23.646125932 0.0446 0.0379 12.8826 "" "" 4066175595063813888 2645.36841 0.3552 0.051 2.669 -0.101 0.054 0.038 0.981 7065.8 4.1593 15.957915 1.249771 16.504002 15.254231 "" "" 2287.48706 3118.8772 7794.36298 4.0444 3418.4 14.498 6272.9 12.912 "" "" 0.0028123266365989697 0.005384154 0.004390707 0.009774861 271.13461017825 -23.646125932 2645.36841 2.6690000000000005 -0.101 2.828299999475479 1.401400040626526 0.23130485 0.21530485 "" "" 39.578924932651425 "" 9.033483769661759 ""
271.1943749288 -23.80809006273 0.0403 0.0334 5.5857 "" "" 4066146492363456256 2693.90186 0.346 0.0452 0.868 -0.522 0.056 0.038 0.98 6089.0 3.9311 15.958741 1.503008 16.620754 15.117746 "" "" 2405.52246 2987.10303 7788.43304 4.1343 3069.8 13.942 7113.1 31.405 "" "" 0.0028149517375020447 0.005665712 0.0061043086 0.011770021 271.1943749288 -23.80809006273 2693.90186 0.8680000000000001 -0.522 1.027299999475479 0.9804000406265259 0.23330486 0.21530485 "" "" 18.132697011187506 "" 4.078131717965398 ""
271.20346873318 -23.61321086868 0.0461 0.0424 12.4133 "" "" 4066176793326990976 2996.37378 0.3296 0.0665 -0.063 -0.063 0.061 0.042 0.949 6331.6 3.9989 15.958971 1.539638 16.670225 15.130587 "" "" 2453.0127 4411.16602 7786.78866 4.5417 2933.1 19.469 7029.5 14.39 "" "" 0.0028271561490209665 0.007728045 0.0043844795 0.012112524 271.20346873318 -23.61321086868 2996.37378 -0.06299999999999992 -0.063 0.09629999947547913 1.439400040626526 0.23830485 0.21930484 "" "" 20.489229239301064 "" 4.495196738695206 ""
271.20878865483 -23.98596734105 0.0407 0.0325 12.0285 "" "" 4066131030464975744 2815.61157 0.3315 0.0452 -0.821 -2.369 0.05 0.037 0.949 9018.9 3.4979 15.95931 2.100684 17.01488 14.914195 "" "" 2506.03271 3184.15723 7784.35695 4.6338 2135.3 9.6313 8579.9 23.072 "" "" 0.002830106374068255 0.005636301 0.0047757667 0.010412067 271.20878865483 -23.98596734105 2815.61157 -0.821 -2.369 -0.6617000005245208 -0.8665999593734743 0.22730485 0.21430485 "" "" 14.551682893125763 "" 3.1894730595159206 ""
271.11348316906 -23.69660947342 0.0471 0.0404 11.8471 "" "" 4066174594303334400 2418.50391 0.3802 0.0546 -1.828 -4.468 0.058 0.039 0.964 4806.1 4.1404 15.959382 1.669962 16.754341 15.084379 "" "" 2159.73511 2701.77759 7783.84095 6.5941 2714.4 9.877 7335.1 20.575 "" "" 0.0029047877962708785 0.00483665 0.0048537385 0.009690389 271.11348316906 -23.69660947342 2418.50391 -1.8279999999999998 -4.468000000000002 -1.668700000524521 -2.965599959373474 0.23530485 0.21630485 "" "" 39.00920425850724 "" 8.621935875647763 ""
271.17447111428 -23.62582070105 0.0538 0.0508 12.4994 "" "" 4066175354545618304 2358.39404 0.4346 0.078 -0.047 -0.728 0.069 0.045 1.007 7712.6 4.403 15.961246 1.270067 16.48442 15.214354 "" "" 1942.4895 2829.05713 7770.48346 5.0037 3480.6 14.845 6507.5 22.69 "" "" 0.0028426385095496973 0.0054063667 0.005349313 0.01075568 271.17447111428 -23.62582070105 2358.39404 -0.047000000000000014 -0.7280000000000002 0.11229999947547913 0.7744000406265259 0.24630484 0.22230485 "" "" 8.747404719872188 "" 1.9491425307681571 ""
271.3864802958 -23.63033853242 0.0425 0.0395 11.4382 "" "" 4066172910676469760 2449.74097 0.3795 0.0589 -0.386 -0.335 0.054 0.038 0.958 4949.1 3.1177 15.962401 1.920418 16.91697 14.996552 "" "" 2129.7583 2832.2229 7762.22406 4.01 2336.8 8.5992 7953.1 16.43 "" "" 0.002811831073209587 0.004873224 0.004394848 0.0092680715 271.3864802958 -23.63033853242 2449.74097 -0.38599999999999984 -0.33499999999999963 -0.22670000052452088 1.167400040626526 0.23130485 0.21530485 "" "" 13.808812771772015 "" 2.9814201289760685 ""
271.34745262708 -23.76981450394 0.045 0.0406 3.4259 "" "" 4066158552633081856 2605.96753 0.3448 0.0666 -2.633 -5.876 0.059 0.04 0.949 8436.7 3.956 15.962583 2.729129 17.496628 14.767499 "" "" 2258.54297 3054.31982 7760.92582 5.5185 1370.1 8.3576 9821.1 13.988 "" "" 0.0028614355167782646 0.0071867206 0.0040835105 0.011270231 271.34745262708 -23.76981450394 2605.96753 -2.633 -5.876 -2.473700000524521 -4.3735999593734745 0.23630485 0.21730486 "" "" 62.06648055759393 "" 13.782429749592819 ""
271.10082660071 -23.69046511285 0.0431 0.0372 12.632 "" "" 4066151199647754112 2944.28931 0.3245 0.047 -1.63 -4.806 0.053 0.039 0.979 6701.6 4.1799 15.963128 1.404169 16.596907 15.192738 "" "" 2562.91943 3440.89966 7757.02934 3.5948 3138.0 10.383 6638.4 12.799 "" "" 0.0028008849448834605 0.004548731 0.004320387 0.008869117 271.10082660071 -23.69046511285 2944.28931 -1.6300000000000008 -4.805999999999997 -1.4707000005245208 -3.303599959373474 0.23030485 0.21630485 "" "" 50.46710840808834 "" 11.036268277096886 ""
271.12164803496 -23.64790677813 0.0464 0.0383 13.3078 "" "" 4066175560704092416 2628.75928 0.3488 0.0504 1.242 -0.31 0.055 0.039 0.911 6661.7 4.2609 15.964466 1.31286 16.537367 15.224507 "" "" 2370.1687 2994.83862 7747.47867 4.0672 3314.9 9.4511 6447.0 11.065 "" "" 0.0028136571201299106 0.004167422 0.004213808 0.008381231 271.12164803496 -23.64790677813 2628.75928 1.242 -0.31000000000000005 1.4012999994754791 1.1924000406265258 0.23230484 0.21630485 "" "" 22.92651135843986 "" 5.175049610199021 ""
271.29065204526 -23.59193050631 0.0493 0.0493 12.6071 "" "" 4066174147627223296 2847.09644 0.3788 0.0723 0.942 -0.241 0.059 0.044 1.001 5968.8 4.2805 15.965606 1.354971 16.567528 15.212557 "" "" 2385.60889 3559.30225 7739.35098 5.156 3224.1 7.4761 6518.3 15.046 "" "" 0.0028486815462681115 0.0037581217 0.004534824 0.008292945 271.29065204526 -23.59193050631 2847.09644 0.942 -0.241 1.101299999475479 1.2614000406265258 0.23630485 0.22130485 "" "" 22.597941801309698 "" 5.150393199427715 ""
271.42922043566 -23.5960436395 0.0385 0.0332 14.3646 "" "" 4066178962317822976 2923.13062 0.3173 0.0459 1.52 0.396 0.051 0.036 1.019 7715.0 4.1311 15.967447 1.413737 16.593597 15.17986 "" "" 2600.63062 3401.11646 7726.23351 3.7079 3147.6 12.245 6717.6 11.849 "" "" 0.0028041556438350933 0.0050621685 0.004236902 0.009299071 271.42922043566 -23.5960436395 2923.13062 1.519999999999998 0.3959999999999999 1.6792999994754791 1.8984000406265258 0.22830485 0.21330485 "" "" 35.117885346339904 "" 7.726483929859713 ""
271.36481563435 -23.56015319425 0.0411 0.0362 14.9963 "" "" 4066180027458130816 2881.41382 0.3198 0.0514 -1.087 -4.584 0.054 0.037 0.933 6698.9 4.1409 15.967504 1.517725 16.64012 15.122395 "" "" 2520.16064 3225.14233 7725.83547 4.4064 3015.6 15.148 7082.7 16.444 "" "" 0.002824049260318855 0.006126165 0.0045429063 0.010669071 271.36481563435 -23.56015319425 2881.41382 -1.0869999999999984 -4.5840000000000005 -0.9277000005245208 -3.0815999593734738 0.23130485 0.21430485 "" "" 43.95401642045007 "" 9.483893623906384 ""
271.49772918725 -23.71711526448 0.0453 0.0423 12.1971 "" "" 4066165523332287872 2871.15015 0.3503 0.0639 1.442 -0.301 0.055 0.041 1.059 9643.8 4.3851 15.972078 1.057482 16.40987 15.352388 "" "" 2416.22705 3505.77002 7693.35125 4.0 3727.9 14.396 5730.6 18.521 "" "" 0.0028125534084348885 0.005036312 0.0051572383 0.010193551 271.49772918725 -23.71711526448 2871.15015 1.442 -0.301 1.601299999475479 1.201400040626526 0.23230484 0.21830484 "" "" 27.244089534257842 "" 6.194268223839974 ""
271.33339010679 -23.60559974587 0.0439 0.0383 11.9623 "" "" 4066173975828475008 2555.44849 0.3602 0.0561 0.767 -2.263 0.054 0.038 0.987 7697.6 4.3351 15.972852 1.150674 16.460331 15.309657 "" "" 2169.83203 2909.30347 7687.87116 3.8038 3558.6 7.8863 5960.7 16.558 "" "" 0.002807200224190843 0.0036843577 0.0048353006 0.008519659 271.33339010679 -23.60559974587 2555.44849 0.7669999999999999 -2.263 0.9262999994754791 -0.760599959373474 0.23130485 0.21530485 "" "" 14.51793799930574 "" 3.266512165102639 ""
271.31719128825 -23.77037405828 0.0461 0.044 2.2282 "" "" 4066158483913650560 2721.94189 0.3799 0.0723 -0.235 -2.376 0.057 0.04 0.943 "" "" 15.974185 1.19599 16.481165 15.285175 "" "" 2280.35596 3265.42578 7678.43862 5.0646 3491.0 17.208 6096.6 20.987 "" "" 0.002846865400021142 0.0060355174 0.0053153555 0.011350873 271.31719128825 -23.77037405828 2721.94189 -0.235 -2.376 -0.07570000052452086 -0.873599959373474 0.23430485 0.21730486 "" "" 11.313427690075175 "" 2.4599517643363322 ""
271.11811862322 -23.73152817009 0.0449 0.0389 10.6389 "" "" 4066150821690590080 2758.33252 0.3426 0.0522 1.278 -0.958 0.058 0.042 1.025 8093.6 4.2415 15.983345 1.530768 16.686361 15.155593 "" "" 2336.35059 3266.39258 7613.92531 3.8471 2889.8 12.456 6869.4 12.489 "" "" 0.0028094024591737484 0.0054485197 0.0042638187 0.009712338 271.11811862322 -23.73152817009 2758.33252 1.2779999999999998 -0.9579999999999999 1.4372999994754792 0.5444000406265259 0.23530485 0.21930484 "" "" 20.09479321539119 "" 4.6892730246511425 ""
271.45689588884 -23.97782815651 0.0447 0.036 13.7587 "" "" 4066105157596823040 2374.24048 0.3985 0.0542 0.8 0.454 0.052 0.036 0.995 9653.7 3.5231 15.987175 1.785878 16.837473 15.051595 "" "" 2103.23389 2671.71606 7587.11893 4.1672 2514.4 15.767 7560.0 21.358 "" "" 0.0028191146201767972 0.007357858 0.0048674787 0.012225337 271.45689588884 -23.97782815651 2374.24048 0.8 0.45400000000000007 0.9592999994754792 1.9564000406265258 0.22930485 0.21330485 "" "" 24.521515998490802 "" 5.308872124739839 ""
271.34894951943 -23.7959876451 0.0422 0.0369 2.9341 "" "" 4066157659279837312 2581.79297 0.3709 0.0577 -1.161 -3.002 0.052 0.038 0.994 8413.0 4.0247 15.987868 1.514167 16.679512 15.165345 "" "" 2222.59595 2933.27905 7582.27529 4.3834 2908.1 9.6582 6808.0 17.849 "" "" 0.0028259099707290116 0.0045593213 0.0047314446 0.009290766 271.34894951943 -23.7959876451 2581.79297 -1.161 -3.002 -1.001700000524521 -1.499599959373474 0.22930485 0.21530485 "" "" 22.069300792978336 "" 4.849054612362612 ""
271.11106843779 -23.66753036072 0.049 0.042 12.9676 "" "" 4066175457624860288 2784.26221 0.3484 0.0528 -0.101 -2.002 0.06 0.043 1.145 7128.3 4.3396 15.98956 1.161051 16.463743 15.302692 "" "" 2365.84009 3305.06006 7570.47061 4.8081 3547.5 19.23 5999.0 17.915 "" "" 0.0028402972915508432 0.006513356 0.004979626 0.0114929825 271.11106843779 -23.66753036072 2784.26221 -0.1009999999999999 -2.002 0.05829999947547912 -0.4995999593734739 0.23730485 0.22030485 "" "" 6.638162580716791 "" 1.463993093127485 ""
271.47940958791 -23.7701264992 0.0446 0.0425 10.2547 "" "" 4066156491048574208 2564.54272 0.3763 0.0655 -1.581 -2.586 0.053 0.044 1.009 7055.1 3.4862 15.990178 2.698579 17.501804 14.803225 "" "" 2192.60352 3050.43262 7566.15911 5.9096 1363.6 10.052 9503.2 15.29 "" "" 0.0028828683548185845 0.008476082 0.0041635684 0.012639651 271.47940958791 -23.7701264992 2564.54272 -1.581 -2.5860000000000003 -1.4217000005245208 -1.083599959373474 0.23030485 0.22130485 "" "" 21.729625326855754 "" 4.9334762533694105 ""
271.3666009167 -23.73831017589 0.0439 0.0384 5.4469 "" "" 4066160128853260288 3258.82031 0.3101 0.0594 -0.043 -1.389 0.054 0.041 0.906 "" "" 15.991582 1.225513 16.514933 15.28942 "" "" 2679.12329 4217.33936 7556.38437 4.5569 3384.1 20.844 6072.8 13.196 "" "" 0.0028320479155528842 0.0072461967 0.0044553205 0.011701517 271.3666009167 -23.73831017589 3258.82031 -0.043 -1.389 0.11629999947547913 0.11340004062652587 0.23130485 0.21830484 "" "" 2.5091084761088154 "" 0.5647069033278086 ""
271.43660138939 -23.9295047813 0.0507 0.0424 10.8687 "" "" 4066152505318771968 2465.19141 0.391 0.0627 -0.965 -7.033 0.057 0.042 0.908 9197.8 3.8032 15.991818 2.151836 17.097216 14.945379 "" "" 2106.21021 2868.03369 7554.73432 5.0689 1979.4 11.54 8336.9 22.305 "" "" 0.0028499956925478968 0.0069175595 0.0047667404 0.0116843 271.43660138939 -23.9295047813 2465.19141 -0.9650000000000005 -7.033000000000003 -0.8057000005245208 -5.5305999593734745 0.23430485 0.21930484 "" "" 65.30726255782521 "" 14.343237815960551 ""
271.47872579944 -23.69612632377 0.0417 0.0404 11.8809 "" "" 4066165802537801856 3100.62915 0.3202 0.0621 -0.635 -4.51 0.051 0.039 0.926 7106.0 4.2071 15.991847 1.352572 16.600142 15.24757 "" "" 2587.40918 3723.68115 7554.53723 3.7924 3128.7 10.996 6311.5 13.03 "" "" 0.0028087116233870757 0.0047271573 0.0043940856 0.009121243 271.47872579944 -23.69612632377 3100.62915 -0.635 -4.51 -0.4757000005245209 -3.007599959373474 0.22830485 0.21630485 "" "" 44.75212490117182 "" 9.693562622439563 ""
271.24247756202 -23.63505263475 0.0519 0.0493 10.4377 "" "" 4066173567839103232 2607.5708 0.3878 0.0804 0.966 -8.161 0.069 0.044 0.931 4820.1 4.301 15.993098 1.54352 16.707253 15.163733 "" "" 2220.70752 3168.19727 7545.83753 5.4699 2834.8 13.966 6818.1 10.61 "" "" 0.002865522607252229 0.0060329945 0.004139852 0.010172846 271.24247756202 -23.63505263475 2607.5708 0.9660000000000002 -8.161 1.125299999475479 -6.658599959373474 0.24630484 0.22130485 "" "" 83.46653116141917 "" 18.532661642582987 ""
271.14073815701 -23.68157318514 0.0473 0.0394 11.1729 "" "" 4066174731742365696 3017.07324 0.3132 0.0542 0.071 -1.667 0.059 0.04 0.938 6827.6 4.2241 15.993361 1.237019 16.52575 15.288731 "" "" 2556.75415 3636.65503 7544.00551 3.6894 3350.6 14.962 6076.7 11.562 "" "" 0.0028060165720665297 0.005593859 0.0043071196 0.009900979 271.14073815701 -23.68157318514 3017.07324 0.071 -1.667 0.23029999947547913 -0.16459995937347416 0.23630485 0.21730486 "" "" 4.048229417118547 "" 0.9313211635779051 ""
271.24963757103 -23.57130871607 0.0452 0.0429 14.0727 "" "" 4066177347410424448 2482.82568 0.4001 0.0625 0.714 0.338 0.058 0.041 0.873 "" "" 15.994088 1.300482 16.553017 15.252535 "" "" 2115.75439 2944.45703 7538.96004 4.3009 3267.5 14.656 6282.7 17.069 "" "" 0.00282408348075295 0.005612613 0.004794245 0.010406858 271.24963757103 -23.57130871607 2482.82568 0.7140000000000001 0.338 0.8732999994754791 1.840400040626526 0.23530485 0.21830484 "" "" 23.973654345652555 "" 5.310812704584978 ""
271.20108874457 -23.69735811814 0.0545 0.0443 8.1567 "" "" 4066171849852145024 2450.49023 0.3793 0.0636 0.462 -1.038 0.071 0.046 1.28 9242.8 3.5038 15.996095 1.461176 16.623714 15.162539 "" "" 2123.86255 3006.81201 7525.04154 6.7238 3061.5 14.863 6825.6 14.799 "" "" 0.0029211201197424114 0.0059639704 0.004452559 0.01041653 271.20108874457 -23.69735811814 2450.49023 0.46199999999999997 -1.0380000000000005 0.6212999994754791 0.46440004062652585 0.24830484 0.22330485 "" "" 9.009786444306517 "" 2.159140126228343 ""
271.20437092607 -23.82518267154 0.0419 0.0362 5.2137 "" "" 4066146316237987456 2581.47168 0.3607 0.0491 -1.419 -2.441 0.051 0.039 0.963 7982.6 4.2671 15.99752 1.448202 16.651848 15.203646 "" "" 2299.01221 2890.51123 7515.16466 3.9361 2983.2 10.547 6572.0 18.712 "" "" 0.002813389858685933 0.0047454997 0.0048826346 0.009628134 271.20437092607 -23.82518267154 2581.47168 -1.419 -2.441 -1.259700000524521 -0.938599959373474 0.22830485 0.21630485 "" "" 19.222147979815993 "" 4.307583536520743 ""
271.28967464696 -23.61932560669 0.047 0.0421 10.9655 "" "" 4066173670918276224 3028.2085 0.3275 0.0604 -1.389 -4.467 0.061 0.041 1.073 5375.4 3.8031 15.999307 1.506355 16.688934 15.182579 "" "" 2453.76367 3871.83984 7502.81331 5.8953 2883.0 17.566 6700.8 11.375 "" "" 0.002884369863044015 0.0071796826 0.0042048483 0.011384531 271.28967464696 -23.61932560669 3028.2085 -1.389 -4.467 -1.2297000005245209 -2.9645999593734738 0.23830485 0.21830484 "" "" 46.06850573620179 "" 10.19744739054757 ""
271.49183898485 -23.73204248187 0.0436 0.0415 11.5486 "" "" 4066156692879449472 2391.27344 0.4079 0.062 -0.007 -2.578 0.054 0.041 0.968 6673.9 3.8048 15.999787 1.511345 16.690619 15.179274 "" "" 2060.00684 2908.47046 7499.49174 3.7857 2878.5 9.2978 6721.2 12.838 "" "" 0.002809301298510548 0.0044815443 0.004310978 0.008792522 271.49183898485 -23.73204248187 2391.27344 -0.0069999999999999195 -2.578 0.15229999947547912 -1.075599959373474 0.23130485 0.21830484 "" "" 12.313143207951155 "" 2.6912567445852225 ""
271.32798064191 -23.62788771134 0.0466 0.0409 10.5939 "" "" 4066173808357745664 3027.47607 0.3287 0.0575 -0.119 -3.097 0.057 0.04 0.974 7113.7 4.3225 15.999882 1.159153 16.49267 15.333517 "" "" 2589.75293 3603.67993 7498.83926 4.0654 3454.2 15.7 5831.1 16.236 "" "" 0.002817491893711503 0.0056690453 0.0048397183 0.010508764 271.32798064191 -23.62788771134 3027.47607 -0.11900000000000001 -3.097 0.04029999947547913 -1.594599959373474 0.23430485 0.21730486 "" "" 22.890193300387423 "" 4.974408244681282 ""
271.04528059363 -23.72020385591 0.0533 0.0449 14.6117 "" "" 4066151405790863744 2550.20361 0.3848 0.0587 1.697 0.779 0.061 0.042 1.063 7072.3 4.2199 16.000402 1.439513 16.630617 15.191104 "" "" 2230.00439 3127.33887 7495.24021 4.2446 3042.1 10.748 6648.4 40.022 "" "" 0.002823090662693577 0.00474341 0.007549955 0.012293365 271.04528059363 -23.72020385591 2550.20361 1.6970000000000003 0.7790000000000001 1.8562999994754792 2.281400040626526 0.23830485 0.21930484 "" "" 35.553078585454614 "" 8.072817369640505 ""
271.17250475946 -23.88481484333 0.0439 0.0384 8.3998 "" "" 4066133951059162752 2823.23779 0.3335 0.0524 -2.099 -4.536 0.057 0.04 1.018 "" "" 16.00071 2.112944 17.071507 14.958563 "" "" 2525.72729 3255.67969 7493.12733 4.781 2026.8 8.6932 8236.3 22.435 "" "" 0.0028410736500666086 0.005428755 0.0047989865 0.010227742 271.17250475946 -23.88481484333 2823.23779 -2.0989999999999998 -4.536 -1.939700000524521 -3.0335999593734737 0.23430485 0.21730486 "" "" 48.18532816286902 "" 10.715071198460775 ""
271.44806153638 -23.92228337851 0.0449 0.0382 11.036 "" "" 4066152883275892352 2702.52734 0.3595 0.0565 0.862 -1.185 0.053 0.037 1.047 9198.9 3.4984 16.00284 1.850653 16.902712 15.052059 "" "" 2357.14404 3205.60645 7478.43324 3.871 2367.7 12.669 7556.7 20.607 "" "" 0.002812051597154541 0.0064448062 0.004801039 0.011245845 271.44806153638 -23.92228337851 2702.52734 0.8620000000000001 -1.185 1.0212999994754792 0.3174000406265258 0.23030485 0.21430485 "" "" 13.700070899320544 "" 3.13650138610035 ""
271.28693494649 -23.8415188384 0.0571 0.0464 2.4221 "" "" 4066157070836013184 2538.8457 0.3801 0.0663 0.795 0.023 0.069 0.049 1.471 10026.5 4.0455 16.004139 1.487077 16.58817 15.101092 "" "" 2235.50635 3050.05737 7469.48927 6.9154 3163.4 13.887 7223.1 29.923 "" "" 0.002932952123437706 0.005522896 0.0058749006 0.011397797 271.28693494649 -23.8415188384 2538.8457 0.7949999999999997 0.023 0.9542999994754792 1.5254000406265258 0.24630484 0.22630484 "" "" 21.653185805867256 "" 5.025811107367965 ""
271.27776872421 -23.61037921977 0.049 0.046 11.54 "" "" 4066173739626194560 2726.5144 0.3565 0.0676 -0.826 -4.433 0.062 0.045 1.089 5696.7 4.3424 16.009043 1.426088 16.548567 15.122478 "" "" 2259.37622 3371.64819 7435.83975 6.4612 3280.9 16.484 7082.2 40.811 "" "" 0.0029123599580404406 0.006127149 0.0073094363 0.013436586 271.27776872421 -23.61037921977 2726.5144 -0.8260000000000003 -4.433 -0.6667000005245208 -2.930599959373474 0.23930484 0.22230485 "" "" 38.84184573643129 "" 8.668399866105421 ""
271.43006137858 -23.75962100779 0.0517 0.045 7.7922 "" "" 4066159166780475520 3480.50562 0.3016 0.0662 -0.337 -2.09 0.058 0.043 1.104 4845.2 2.739 16.01322 2.725884 17.53877 14.812886 "" "" 2770.26196 4626.72998 7407.2806 5.256 1318.0 11.055 9419.0 23.821 "" "" 0.002860999494602345 0.009524682 0.004671564 0.014196245 271.43006137858 -23.75962100779 3480.50562 -0.3370000000000001 -2.09 -0.1777000005245209 -0.587599959373474 0.23530485 0.22030485 "" "" 10.127576175574204 "" 2.244278094707689 ""
271.38003093526 -23.87140422143 0.0437 0.036 6.2177 "" "" 4066153875380221440 2718.88086 0.3358 0.0528 -2.655 -3.209 0.051 0.037 0.923 5104.6 3.3924 16.015886 2.526675 17.4009 14.874225 "" "" 2346.32178 3175.59229 7389.11295 4.2712 1496.4 11.818 8901.6 11.796 "" "" 0.002825892656158052 0.009017266 0.004043981 0.013061248 271.38003093526 -23.87140422143 2718.88086 -2.655 -3.209000000000001 -2.4957000005245207 -1.7065999593734742 0.22830485 0.21430485 "" "" 38.96416906262716 "" 8.725606036907498 ""
271.19393186869 -23.62597298283 0.0537 0.0485 11.955 "" "" 4066175320185852928 2574.03247 0.3825 0.0733 3.874 2.566 0.073 0.05 1.029 "" "" 16.01734 1.134268 16.492586 15.358318 "" "" 2214.40747 3160.97241 7379.2245 5.7515 3454.5 9.2699 5699.4 22.399 "" "" 0.0028823454676984933 0.0040340424 0.0057000974 0.00973414 271.19393186869 -23.62597298283 2574.03247 3.8740000000000014 2.565999999999999 4.03329999947548 4.068400040626526 0.25030485 0.22730485 "" "" 69.89684939299651 "" 16.70409145088105 ""
271.11629040265 -23.68232850256 0.0486 0.0404 12.2012 "" "" 4066174663022884736 3207.03687 0.3144 0.055 -0.716 -4.562 0.06 0.041 0.949 "" "" 16.019297 1.378864 16.63578 15.256916 "" "" 2710.33374 3848.4895 7365.93506 4.8136 3027.6 17.296 6257.4 10.921 "" "" 0.0028452086356788664 0.0068012415 0.004227822 0.011029064 271.11629040265 -23.68232850256 3207.03687 -0.716 -4.562 -0.5567000005245208 -3.0595999593734744 0.23730485 0.21830484 "" "" 47.27368816604958 "" 10.350067397225772 ""
271.49648489705 -23.90357651069 0.294 0.2522 12.5816 "" "" 4066106119669801984 2410.40137 0.4442 0.1035 -1.468 -1.879 0.327 0.237 1.006 "" "" 16.021664 "" "" "" "" "" 1929.85889 3500.41138 7349.89664 6.8808 "" "" "" "" "" "" 0.0029368249601737194 "" "" "" 271.49648489705 -23.90357651069 2410.40137 -1.468 -1.8789999999999998 -1.3087000005245208 -0.3765999593734741 0.5043048 0.41430485 "" "" 15.559077533317684 "" 7.748368608701545 ""
271.20393458447 -23.70129753091 0.0445 0.0373 7.875 "" "" 4066171471895013376 2408.00854 0.3919 0.0524 -2.7 -5.443 0.059 0.039 0.95 5722.3 4.0794 16.02232 1.465808 16.668133 15.202325 "" "" 2135.04443 2790.19312 7345.46276 4.1869 2938.8 21.249 6580.0 22.932 "" "" 0.0028239664489620613 0.008331513 0.005348053 0.013679566 271.20393458447 -23.70129753091 2408.00854 -2.700000000000003 -5.442999999999998 -2.540700000524521 -3.9405999593734737 0.23630485 0.21630485 "" "" 53.51612144040047 "" 11.900070434674122 ""
271.22325493442 -23.63584114223 0.055 0.048 10.7384 "" "" 4066176522776631040 2559.61523 0.3819 0.0759 -0.07 -2.825 0.071 0.048 1.029 "" "" 16.02357 1.939838 16.962578 15.022739 "" "" 2170.85889 3140.12427 7337.01235 6.3711 2240.7 6.043 7763.6 12.719 "" "" 0.002912157417255703 0.0040446394 0.0041770404 0.00822168 271.22325493442 -23.63584114223 2559.61523 -0.06999999999999998 -2.8250000000000006 0.08929999947547912 -1.3225999593734743 0.24830484 0.22530484 "" "" 16.083079289296702 "" 3.6253595707205566 ""
271.22534980661 -23.78174595622 0.0416 0.034 4.0597 "" "" 4066169990097945600 2746.59814 0.3502 0.0472 1.326 -1.828 0.055 0.037 0.911 9353.3 4.3656 16.02444 1.202283 16.536106 15.333823 "" "" 2424.50244 3203.75293 7331.11714 3.8748 3318.8 10.29 5829.5 12.925 "" "" 0.0028144450342640114 0.0043723364 0.00448092 0.008853257 271.22534980661 -23.78174595622 2746.59814 1.3260000000000003 -1.8280000000000003 1.4852999994754792 -0.3255999593734742 0.23230484 0.21430485 "" "" 19.796103747887184 "" 4.582998462284489 ""
271.2154674035 -23.89893907529 0.0441 0.0376 7.302 "" "" 4066133779260198912 3140.77539 0.313 0.0554 -0.03 -1.466 0.055 0.04 0.999 9478.6 4.1115 16.025003 1.719421 16.797197 15.077776 "" "" 2660.96265 3729.37964 7327.31805 4.7476 2609.4 11.243 7379.9 81.756 "" "" 0.0028437083622562457 0.0054469537 0.012607797 0.01805475 271.2154674035 -23.89893907529 3140.77539 -0.03000000000000001 -1.4660000000000002 0.12929999947547913 0.03640004062652591 0.23230484 0.21730486 "" "" 1.9997469596067163 "" 0.4624144280659722 ""
271.42848226686 -23.82538141552 0.0438 0.0392 7.4113 "" "" 4066155902604975616 2863.66309 0.3509 0.0615 0.093 -1.867 0.053 0.041 1.038 8585.7 3.6642 16.025555 1.498808 16.705893 15.207085 "" "" 2474.52808 3460.19287 7323.61027 4.3426 2838.3 11.855 6551.3 12.328 "" "" 0.0028295342135203965 0.005324505 0.0042962753 0.00962078 271.42848226686 -23.82538141552 2863.66309 0.093 -1.8670000000000002 0.2522999994754791 -0.3645999593734741 0.23030485 0.21830484 "" "" 6.01837479238433 "" 1.3376523056018885 ""
271.26270887899 -23.6424056454 0.0855 0.0718 9.7474 "" "" 4066173529151708416 2550.84717 0.4631 0.1116 -0.504 -1.166 0.116 0.075 1.644 "" "" 16.029818 1.375546 16.244953 14.869408 "" "" 1847.62195 3501.00342 7294.90024 7.3011 4339.5 29.614 8941.2 51.053 "" "" 0.0029618603880801823 0.007917318 0.007260599 0.015177917 271.26270887899 -23.6424056454 2550.84717 -0.5039999999999999 -1.166 -0.3447000005245209 0.33640004062652595 0.29330486 0.25230485 "" "" 5.823591908363715 "" 1.5960817970308199 ""
271.48684427479 -23.74715736644 0.0457 0.042 10.9882 "" "" 4066156658519630592 3076.50098 0.3032 0.0637 -0.16 -1.617 0.053 0.04 0.924 4739.0 3.49 16.030478 2.205501 17.185894 14.980393 "" "" 2575.75317 3852.78052 7290.46775 4.2218 1824.1 9.0491 8072.4 28.228 "" "" 0.002826144922115913 0.006065971 0.005357085 0.011423056 271.48684427479 -23.74715736644 3076.50098 -0.16000000000000006 -1.617 -0.0007000005245208774 -0.11459995937347411 0.23030485 0.21730486 "" "" 1.6711982214127747 "" 0.3631603229580471 ""
271.33815918265 -24.01213170589 0.0485 0.0434 12.8195 "" "" 4066128350421441920 2805.93945 0.3578 0.063 -0.068 -1.762 0.057 0.042 1.056 "" "" 16.033854 2.388294 17.302515 14.914221 "" "" 2312.88062 3614.19019 7267.84316 6.5483 1638.4 9.3602 8579.7 16.119 "" "" 0.002923824766160355 0.0068014762 0.004294713 0.011096189 271.33815918265 -24.01213170589 2805.93945 -0.06799999999999992 -1.7620000000000002 0.09129999947547912 -0.25959995937347413 0.23430485 0.21930484 "" "" 3.6600278445874515 "" 0.8088874898886014 ""
271.40314680167 -23.90363351596 0.047 0.0379 8.4747 "" "" 4066152844587951232 2748.16089 0.3294 0.0548 -0.581 -4.649 0.054 0.039 0.919 8411.3 3.7799 16.033894 2.751381 17.584152 14.832771 "" "" 2389.48853 3281.2644 7267.57028 8.6879 1264.0 13.296 9248.0 35.691 "" "" 0.003045718432005971 0.011756731 0.005642831 0.017399563 271.40314680167 -23.90363351596 2748.16089 -0.581 -4.649 -0.42170000052452083 -3.146599959373474 0.23130485 0.21630485 "" "" 41.35495406067942 "" 8.956594522026746 ""
271.39855537672 -23.84243640888 0.0451 0.0396 6.1345 "" "" 4066154287697197312 2755.89087 0.3324 0.0617 -0.474 -1.422 0.056 0.041 1.007 7851.6 3.7885 16.033953 2.68402 17.534786 14.850766 "" "" 2390.46436 3159.53735 7267.18003 5.2952 1322.8 10.289 9096.0 15.79 "" "" 0.002866645348409387 0.008894058 0.0042232745 0.013117332 271.39855537672 -23.84243640888 2755.89087 -0.474 -1.422 -0.31470000052452085 0.08040004062652595 0.23330486 0.21830484 "" "" 4.242942206223175 "" 0.9861175861854639 ""
271.37890076281 -23.96523220644 0.0447 0.0383 10.8009 "" "" 4066128895850067072 2493.44312 0.355 0.0522 0.421 0.074 0.053 0.038 1.032 9710.9 3.7034 16.0362 2.826604 17.644651 14.818048 "" "" 2202.33032 2813.479 7252.15168 5.1142 1195.5 12.775 9374.3 16.173 "" "" 0.0028597241848308105 0.01193286 0.0042181127 0.016150974 271.37890076281 -23.96523220644 2493.44312 0.421 0.074 0.5802999994754792 1.576400040626526 0.23030485 0.21530485 "" "" 19.853623475146158 "" 4.311202162298299 ""
271.30418830225 -23.59881196334 0.0459 0.0412 12.1994 "" "" 4066174083235149824 2803.56494 0.3699 0.0613 -0.033 -1.723 0.059 0.041 0.981 "" "" 16.037226 1.076853 16.493547 15.416695 "" "" 2284.81201 3503.56348 7245.30626 4.2037 3451.4 12.127 5401.1 11.395 "" "" 0.0028264136285058167 0.0047263578 0.004419361 0.009145718 271.30418830225 -23.59881196334 2803.56494 -0.033000000000000015 -1.7229999999999999 0.12629999947547912 -0.2205999593734742 0.23630485 0.21830484 "" "" 3.3779957920013244 "" 0.7529000750769589 ""
271.25250616018 -23.54503978353 0.0542 0.0542 15.6007 "" "" 4066177450489677952 3156.93848 0.3294 0.0803 0.247 -1.863 0.066 0.047 1.191 "" "" 16.037848 2.602728 17.465118 14.862391 "" "" 2454.48242 4289.61865 7241.15476 5.2944 1410.5 22.318 8999.2 16.631 "" "" 0.0028673981342325306 0.017404448 0.004278991 0.02168344 271.25250616018 -23.54503978353 3156.93848 0.24700000000000016 -1.8629999999999987 0.4062999994754791 -0.3605999593734741 0.24330485 0.22430485 "" "" 8.129014721504543 "" 1.9113131041978892 ""
271.3626984229 -23.5943438925 0.0457 0.0402 12.9882 "" "" 4066179816984041344 2551.15698 0.3805 0.0582 2.676 0.206 0.057 0.04 0.957 7011.8 4.327 16.040157 1.324251 16.615328 15.291077 "" "" 2205.92822 2904.61768 7225.76884 3.7339 3085.2 10.314 6063.6 18.254 "" "" 0.0028118621048026735 0.0045781666 0.004996697 0.009574864 271.3626984229 -23.5943438925 2551.15698 2.676 0.206 2.8352999994754793 1.7084000406265258 0.23430485 0.21730486 "" "" 40.02878328485469 "" 9.202602108817409 ""
271.01317017179 -23.80321741944 0.0475 0.0391 15.5215 "" "" 4066148897529798656 2679.62671 0.3665 0.0493 -1.434 -5.23 0.056 0.039 0.99 "" "" 16.044554 1.758658 16.854914 15.096255 "" "" 2369.36304 3084.46191 7196.56496 4.2806 2474.3 15.685 7255.3 80.34 "" "" 0.0028299925601080514 0.0074267145 0.0126027055 0.02002942 271.01317017179 -23.80321741944 2679.62671 -1.4339999999999997 -5.23 -1.2747000005245208 -3.7275999593734745 0.23330486 0.21630485 "" "" 50.03761037436586 "" 10.915543399522909 ""
271.13884939163 -23.72325599292 0.0467 0.0406 9.8337 "" "" 4066150851723986560 2656.66748 0.3559 0.0537 -0.414 -3.015 0.058 0.041 0.98 "" "" 16.046412 1.401828 16.667912 15.266084 "" "" 2309.65674 3018.80273 7184.26703 4.2098 2939.4 18.02 6204.8 15.668 "" "" 0.0028278185452490405 0.0072172596 0.0046690796 0.01188634 271.13884939163 -23.72325599292 2656.66748 -0.414 -3.015 -0.25470000052452085 -1.5125999593734742 0.23530485 0.21830484 "" "" 19.315719186429344 "" 4.226110811637809 ""
271.10583293701 -23.73511203965 0.0537 0.0461 11.182 "" "" 4066150783004444544 2477.80957 0.3844 0.0562 -0.605 -1.314 0.067 0.049 1.072 8410.8 4.1904 16.047113 1.391923 16.664156 15.272233 "" "" 2176.60522 2925.19043 7179.6142 4.996 2949.5 9.2492 6169.7 16.279 "" "" 0.002857026247534754 0.0044019422 0.0047424217 0.009144364 271.10583293701 -23.73511203965 2477.80957 -0.605 -1.314 -0.44570000052452086 0.18840004062652582 0.24430485 0.22630484 "" "" 5.68312119842096 "" 1.3733966970649916 ""
271.19358580847 -23.6922547693 0.0539 0.0449 8.6564 "" "" 4066171540614519808 2810.99829 0.3609 0.0658 -0.444 0.448 0.066 0.042 1.008 7630.1 4.2777 16.047743 1.177365 16.545582 15.368217 "" "" 2340.7063 3401.98169 7175.45271 4.2836 3289.9 13.373 5647.7 26.014 "" "" 0.002830530697397129 0.005221388 0.0062684985 0.011489887 271.19358580847 -23.6922547693 2810.99829 -0.4439999999999999 0.448 -0.2847000005245209 1.9504000406265258 0.24330485 0.21930484 "" "" 26.26278808157787 "" 5.773409470335983 ""
271.49355305299 -23.71984782679 0.0447 0.041 11.9202 "" "" 4066165527659828736 2867.7876 0.3342 0.062 1.59 -1.576 0.053 0.041 0.979 "" "" 16.049356 1.424788 16.677046 15.252258 "" "" 2468.15259 3328.27417 7164.79701 3.7999 2914.7 19.916 6284.3 21.104 "" "" 0.0028148476009152226 0.0079261195 0.005251475 0.013177594 271.49355305299 -23.71984782679 2867.7876 1.5900000000000003 -1.5760000000000012 1.7492999994754792 -0.07359995937347419 0.23030485 0.21830484 "" "" 23.799820314711365 "" 5.480722547063415 ""
271.25783280675 -23.77730405155 0.0426 0.035 2.5621 "" "" 4066170063145547520 2694.60059 0.3568 0.0494 0.03 -1.47 0.056 0.038 0.948 7091.6 4.3061 16.04972 1.445034 16.709412 15.264378 "" "" 2364.29932 3044.91309 7162.39277 4.0986 2829.1 8.7601 6214.5 17.097 "" "" 0.0028245006040923835 0.0043689166 0.004817262 0.009186178 271.25783280675 -23.77730405155 2694.60059 0.03 -1.4700000000000002 0.18929999947547912 0.032400040626525906 0.23330486 0.21530485 "" "" 2.452975638301714 "" 0.5710816774937217 ""
271.20576392467 -23.60664655 0.0521 0.0461 12.7242 "" "" 4066176797654616576 2545.89478 0.3803 0.0718 0.115 -4.154 0.066 0.044 1.0 6190.4 4.2685 16.053804 1.474511 16.6884 15.213889 "" "" 2205.52783 2921.05249 7135.50704 4.5434 2884.4 10.958 6510.3 28.391 "" "" 0.002840724480949431 0.00497984 0.0060582426 0.011038083 271.20576392467 -23.60664655 2545.89478 0.11500000000000002 -4.154 0.2742999994754791 -2.651599959373474 0.24330485 0.22130485 "" "" 32.16904758977664 "" 7.12702763797364 ""
271.28595630969 -23.69786380372 0.0438 0.0373 6.2717 "" "" 4066170917811319936 2624.5542 0.3463 0.0563 1.997 0.396 0.057 0.041 0.937 "" "" 16.054808 1.335875 16.64371 15.307835 "" "" 2235.26123 3021.73145 7128.91521 4.4816 3005.6 13.428 5970.7 20.32 "" "" 0.002838602242033338 0.005595922 0.0052855723 0.010881495 271.28595630969 -23.69786380372 2624.5542 1.9970000000000003 0.3960000000000001 2.156299999475479 1.8984000406265258 0.23430485 0.21830484 "" "" 35.73998320039349 "" 8.12930565899915 ""
271.22248792753 -23.5936872508 0.0556 0.0504 13.1332 "" "" 4066176930782466944 2768.21948 0.3709 0.0747 -2.077 -1.928 0.072 0.049 1.044 6438.3 4.0256 16.057045 1.472236 16.725718 15.253482 "" "" 2342.28931 3403.33203 7114.24795 4.178 2787.0 9.8426 6277.2 15.673 "" "" 0.002828135794662053 0.004742115 0.004651086 0.0093932 271.22248792753 -23.5936872508 2768.21948 -2.077 -1.928 -1.9177000005245208 -0.42559995937347406 0.24930485 0.22630484 "" "" 25.775070070435383 "" 6.399250053284108 ""
271.36328744181 -23.75920162704 0.044 0.0383 4.5032 "" "" 4066160030101826048 2692.44946 0.3695 0.0604 -0.349 -0.889 0.053 0.04 0.947 7990.2 4.0545 16.058292 1.407653 16.680027 15.272374 "" "" 2321.13477 3134.31323 7106.0738 4.1115 2906.7 10.395 6168.9 17.634 "" "" 0.00282602531329078 0.004781363 0.0048904126 0.009671776 271.36328744181 -23.75920162704 2692.44946 -0.349 -0.8890000000000003 -0.18970000052452085 0.6134000406265259 0.23030485 0.21730486 "" "" 8.194151113199103 "" 1.7901801264981787 ""
271.44987873732 -23.88166144517 0.0521 0.0533 9.7082 "" "" 4066153295592789632 2878.0022 0.3305 0.0824 0.199 -1.554 0.06 0.049 1.039 "" "" 16.06344 2.419232 17.359215 14.939982 "" "" 2402.93823 3719.48901 7072.46129 5.4352 1555.0 10.223 8378.5 18.61 "" "" 0.002878888101378541 0.007663882 0.004483249 0.01214713 271.44987873732 -23.88166144517 2878.0022 0.19899999999999995 -1.5540000000000003 0.35829999947547914 -0.05159995937347417 0.23730485 0.22630484 "" "" 4.938258281089248 "" 1.170794017284918 ""
271.32438555542 -23.86558063829 0.0437 0.035 4.1229 "" "" 4066156761598273408 2975.6228 0.3255 0.0516 -1.309 -3.484 0.052 0.037 0.996 "" "" 16.064177 1.731529 16.869316 15.137787 "" "" 2490.41895 3909.38281 7067.66762 4.4738 2441.7 12.298 6983.0 31.984 "" "" 0.002839740084371475 0.0061391615 0.006246124 0.012385285 271.32438555542 -23.86558063829 2975.6228 -1.309 -3.484 -1.1497000005245208 -1.981599959373474 0.22930485 0.21430485 "" "" 32.31289179865661 "" 7.050016070549696 ""
271.3990009518 -23.92623749473 0.0473 0.0398 9.3579 "" "" 4066152642757761536 2569.89233 0.3851 0.0578 -0.827 -2.131 0.052 0.041 0.958 "" "" 16.067923 2.165693 17.168547 15.002853 "" "" 2235.8855 3083.51709 7043.32728 4.6424 1853.5 12.904 7907.1 28.071 "" "" 0.0028467379146951814 0.008057379 0.005398211 0.01345559 271.3990009518 -23.92623749473 2569.89233 -0.8270000000000001 -2.131 -0.6677000005245208 -0.6285999593734739 0.22930485 0.21830484 "" "" 11.170722137899377 "" 2.5045156935368755 ""
271.4699514364 -23.66797836194 0.0475 0.0406 12.4915 "" "" 4066165905617078784 2972.12012 0.326 0.0601 0.17 -1.414 0.057 0.041 1.063 6899.1 4.3198 16.068718 1.302979 16.640993 15.338015 "" "" 2513.08691 3563.32227 7038.17296 3.5993 3013.1 15.566 5807.0 14.291 "" "" 0.002810708668169544 0.0062646843 0.0046285274 0.010893212 271.4699514364 -23.66797836194 2972.12012 0.17 -1.4139999999999997 0.32929999947547917 0.08840004062652596 0.23430485 0.21830484 "" "" 4.803379387371776 "" 1.1204541891602255 ""
271.22653079927 -23.85116442766 0.0481 0.0408 4.817 "" "" 4066134290329436032 3013.12207 0.3203 0.0591 0.234 -0.728 0.058 0.041 1.145 "" "" 16.071825 1.380057 16.688402 15.308345 "" "" 2588.521 3840.25488 7018.05056 4.3013 2884.4 11.806 5967.9 14.74 "" "" 0.0028345364713019527 0.0052472814 0.004634103 0.009881385 271.22653079927 -23.85116442766 3013.12207 0.234 -0.7280000000000002 0.3932999994754791 0.7744000406265259 0.23530485 0.21830484 "" "" 12.40481355280979 "" 2.75258905137605 ""
271.22863693156 -23.73491546831 0.0448 0.0369 5.4629 "" "" 4066170441102772736 2727.59839 0.346 0.0507 -0.789 -1.228 0.056 0.04 1.012 6665.8 4.2909 16.07239 1.441215 16.720015 15.2788 "" "" 2438.71729 3175.30005 7014.4054 4.0326 2801.6 14.593 6132.5 15.794 "" "" 0.0028251381868836497 0.006306228 0.004701366 0.011007594 271.22863693156 -23.73491546831 2727.59839 -0.789 -1.2279999999999998 -0.6297000005245209 0.2744000406265259 0.23330486 0.21730486 "" "" 8.880670919036433 "" 2.0498885837945844 ""
271.183876054 -23.62511110653 0.0529 0.048 12.2683 "" "" 4066175350217925760 2707.40552 0.4088 0.0742 2.239 -3.414 0.069 0.049 1.048 4738.0 4.1819 16.07378 1.707846 16.890408 15.182562 "" "" 2195.90137 3823.29346 7005.42978 4.7365 2394.7 11.285 6700.9 14.589 "" "" 0.002851433307032122 0.00582785 0.0044577383 0.010285588 271.183876054 -23.62511110653 2707.40552 2.239 -3.4140000000000037 2.398299999475479 -1.9115999593734743 0.24630484 0.22630484 "" "" 39.35822114179344 "" 9.39614671544842 ""
271.25571897382 -23.65356352998 0.0724 0.0651 9.1754 "" "" 4066173499119579392 2775.45068 0.3954 0.1026 -0.499 -1.588 0.092 0.063 1.731 6007.9 4.4774 16.074352 1.182201 16.516579 15.334377 "" "" 2165.97803 4000.57373 7001.73935 8.0178 3379.0 24.717 5826.5 109.19 "" "" 0.0030228409774009342 0.008417896 0.020694984 0.02911288 271.25571897382 -23.65356352998 2775.45068 -0.499 -1.5879999999999983 -0.3397000005245209 -0.0855999593734742 0.26930484 0.24030486 "" "" 4.6086701079368195 "" 1.2335639025794163 ""
271.22537091581 -23.66073030205 0.051 0.0465 9.3194 "" "" 4066172056010600064 2802.46875 0.3396 0.0711 0.479 -0.44 0.063 0.044 0.933 7280.0 4.2978 16.074472 1.237137 16.580076 15.342939 "" "" 2344.38818 3487.38794 7000.96844 4.8839 3187.0 19.855 5780.7 80.229 "" "" 0.0028575276752502085 0.0073170033 0.015535406 0.02285241 271.22537091581 -23.66073030205 2802.46875 0.4790000000000001 -0.44000000000000006 0.6382999994754791 1.062400040626526 0.24030486 0.22130485 "" "" 16.463864988308725 "" 3.7290588171424153 ""
271.08617334907 -23.62813571604 0.0444 0.0368 15.5422 "" "" 4066175904301572352 2493.58643 0.4188 0.0517 1.116 -2.943 0.053 0.037 0.957 4954.9 4.2193 16.074936 1.496268 16.764977 15.268708 "" "" 2196.35669 2818.38354 6997.97231 3.7403 2688.0 12.288 6189.8 13.563 "" "" 0.0028157675168188076 0.0056938604 0.0044658263 0.010159686 271.08617334907 -23.62813571604 2493.58643 1.116 -2.943000000000002 1.2752999994754792 -1.4405999593734742 0.23030485 0.21430485 "" "" 22.740732644695097 "" 5.0365499114372145 ""
271.11971549547 -23.61296533051 0.0455 0.0406 14.9106 "" "" 4066176247898925312 2451.74219 0.4102 0.061 0.217 -2.028 0.055 0.04 0.989 "" "" 16.079367 1.193698 16.594284 15.400586 "" "" 2063.19873 3058.06616 6969.47039 3.4478 3145.6 13.919 5481.8 11.483 "" "" 0.002807183819613765 0.005555737 0.0044109384 0.009966675 271.11971549547 -23.61296533051 2451.74219 0.21699999999999997 -2.028 0.3762999994754791 -0.5255999593734741 0.23230484 0.21730486 "" "" 7.512197318307208 "" 1.6714736399365615 ""
271.39824073564 -23.54928522727 0.0424 0.0366 16.1717 "" "" 4066180366740048512 2958.84253 0.3342 0.0512 0.254 -2.721 0.053 0.038 1.005 5690.0 3.9643 16.080595 1.507017 16.739252 15.232235 "" "" 2530.26074 3425.65649 6961.60056 3.9386 2752.4 30.774 6401.2 40.93 "" "" 0.002822961770872091 0.012455912 0.0079044 0.020360313 271.39824073564 -23.54928522727 2958.84253 0.25399999999999995 -2.721 0.41329999947547913 -1.2185999593734742 0.23030485 0.21530485 "" "" 18.04697821490345 "" 3.914394685405491 ""
271.42613403219 -23.6576751251 0.0687 0.0665 11.2315 "" "" 4066166897722124800 3302.47827 0.3548 0.1014 -0.142 -0.459 0.081 0.071 0.976 4774.9 3.3805 16.081474 2.891181 17.74446 14.853278 "" "" 2568.73486 4745.53271 6955.95492 5.4047 1090.5 10.072 9075.0 21.641 "" "" 0.002881572254196721 0.0104089305 0.004581196 0.014990127 271.42613403219 -23.6576751251 3302.47827 -0.14199999999999996 -0.4590000000000003 0.01729999947547914 1.0434000406265258 0.25830483 0.24830484 "" "" 16.335365170024602 "" 4.056196097570038 ""
271.32683670422 -23.93406227138 0.0438 0.0366 8.1038 "" "" 4066129999688915328 2727.59888 0.3361 0.0508 -1.076 -3.402 0.054 0.039 1.06 9001.1 3.5006 16.084612 1.997391 17.06807 15.070679 "" "" 2293.24072 3239.13062 6935.8831 6.3214 2033.2 16.923 7428.3 40.587 "" "" 0.002927625310007161 0.009457875 0.007033897 0.016491773 271.32683670422 -23.93406227138 2727.59888 -1.0759999999999987 -3.4019999999999997 -0.9167000005245209 -1.8995999593734743 0.23130485 0.21630485 "" "" 27.26975326556936 "" 5.977989387076818 ""
271.55956240224 -23.73542878471 0.0426 0.0382 15.0183 "" "" 4066162366563780352 2552.15039 0.3696 0.054 -1.325 -4.112 0.05 0.038 0.965 "" "" 16.089106 1.495871 16.776106 15.280235 "" "" 2275.69507 2969.06079 6907.23518 4.0645 2660.6 10.464 6124.4 14.545 "" "" 0.0028284221481468335 0.005100899 0.004575217 0.009676116 271.55956240224 -23.73542878471 2552.15039 -1.325 -4.112 -1.1657000005245208 -2.609599959373474 0.22730485 0.21530485 "" "" 34.57526798581679 "" 7.514828794305977 ""
271.2345410561 -23.78388425735 0.0439 0.0357 3.5399 "" "" 4066169955738184576 2424.40625 0.4115 0.0496 -0.627 -3.693 0.055 0.038 0.981 5326.9 4.1765 16.089312 1.668238 16.835213 15.166975 "" "" 2150.59326 2712.2644 6905.92537 4.6982 2519.6 11.484 6797.8 84.747 "" "" 0.0028526095601337054 0.005681029 0.014053417 0.019734446 271.2345410561 -23.78388425735 2424.40625 -0.627 -3.6930000000000005 -0.4677000005245209 -2.190599959373474 0.23230484 0.21530485 "" "" 25.741046110913146 "" 5.561967563973989 ""
271.48312652105 -23.63191758318 0.0434 0.0381 14.488 "" "" 4066167245646916224 2430.33594 0.416 0.055 0.024 -1.47 0.051 0.04 0.977 "" "" 16.089666 "" "" "" "" "" 2076.71484 2798.11328 6903.67705 9.5303 "" "" "" "" "" "" 0.003136600118415629 "" "" "" 271.48312652105 -23.63191758318 2430.33594 0.024 -1.47 0.18329999947547912 0.032400040626525906 0.22830485 0.21730486 "" "" 2.1443112560343867 "" 0.4888587379143311 ""
271.39676523061 -23.64034725527 0.0483 0.048 11.1697 "" "" 4066172846284371840 2547.43823 0.3879 0.0698 -0.101 -1.555 0.059 0.046 1.133 7924.3 4.2683 16.089668 1.332345 16.666727 15.334382 "" "" 2219.19214 3200.25879 6903.65828 5.1172 2942.6 13.621 5826.5 15.432 "" "" 0.002870446107890201 0.0057483343 0.0047490206 0.010497355 271.39676523061 -23.64034725527 2547.43823 -0.10099999999999998 -1.555 0.05829999947547912 -0.05259995937347406 0.23630485 0.22330485 "" "" 0.9481374153462622 "" 0.21860440524097322 ""
271.08129184343 -23.61542020633 0.0444 0.0367 16.258 "" "" 4069178326943339136 2558.55249 0.37 0.0514 0.285 -1.324 0.053 0.037 1.024 6927.2 4.1742 16.090744 1.384868 16.7139 15.329032 "" "" 2261.25952 3069.22632 6896.82904 3.6687 2817.5 15.678 5855.2 17.754 "" "" 0.0028151997218301495 0.0066547594 0.005012179 0.011666939 271.08129184343 -23.61542020633 2558.55249 0.2849999999999996 -1.3239999999999994 0.4442999994754791 0.1784000406265258 0.23030485 0.21430485 "" "" 5.806407521182254 "" 1.3247346209092112 ""
271.23312790887 -23.78131576281 0.0439 0.0354 3.6632 "" "" 4066170028785832960 2774.58862 0.3409 0.0495 -0.462 -4.337 0.056 0.038 0.964 7993.4 4.0688 16.09094 1.316355 16.674057 15.357702 "" "" 2421.74194 3376.70044 6895.57332 4.0293 2922.8 8.0283 5702.7 10.285 "" "" 0.0028274176387705924 0.0040840004 0.004256538 0.0083405385 271.23312790887 -23.78131576281 2774.58862 -0.46199999999999963 -4.336999999999997 -0.3027000005245209 -2.834599959373474 0.23330486 0.21530485 "" "" 37.49133996113164 "" 8.079990430535695 ""
271.04036893008 -23.74568103966 0.1305 0.113 14.4323 "" "" 4066150615532200960 2861.94409 0.4408 0.1595 3.58 1.602 0.164 0.114 3.079 5328.6 3.7453 16.091137 1.703413 16.856697 15.153284 "" "" 1876.09937 5088.53467 6894.32277 26.102 2470.2 12.368 6884.1 16.057 "" "" 0.004948627881327097 0.0061103855 0.004549401 0.010659786 271.04036893008 -23.74568103966 2861.94409 3.5800000000000005 1.6020000000000003 3.739299999475479 3.104400040626526 0.34130484 0.29130486 "" "" 65.9289782929553 "" 21.218801132249975 ""
271.46162097569 -23.66659994682 0.0436 0.0388 12.1999 "" "" 4066166661531339520 2690.67114 0.3592 0.0559 1.962 -2.758 0.052 0.038 0.976 7088.6 4.3107 16.095114 1.352684 16.694473 15.341789 "" "" 2303.56226 3300.11182 6869.12809 3.4043 2868.3 8.7112 5786.9 14.125 "" "" 0.0028073696514799417 0.0043195137 0.00461594 0.008935453 271.46162097569 -23.66659994682 2690.67114 1.9620000000000017 -2.758 2.121299999475479 -1.2555999593734741 0.22930485 0.21530485 "" "" 31.438639655642802 "" 7.09746080515361 ""
271.41166852013 -23.60454974568 0.0441 0.0374 13.4458 "" "" 4066178927958097664 2651.84277 0.3826 0.0553 -0.252 -2.1 0.059 0.041 0.962 6932.2 4.2926 16.095152 1.457214 16.75403 15.296816 "" "" 2250.72095 3021.13989 6868.87655 3.4643 2715.2 9.4054 6031.6 10.863 "" "" 0.002809206687928323 0.0046829414 0.0042552818 0.008938223 271.41166852013 -23.60454974568 2651.84277 -0.25200000000000006 -2.1000000000000005 -0.09270000052452088 -0.5975999593734742 0.23630485 0.21830484 "" "" 7.601510070466471 "" 1.662790661724833 ""
271.2091601016 -23.59511467959 0.0505 0.046 13.2963 "" "" 4066176900733845248 2363.94458 0.4353 0.0714 0.703 -0.847 0.065 0.045 0.924 4927.1 4.2805 16.097895 1.528629 16.79623 15.267601 "" "" 1937.58337 2867.31055 6851.54692 4.7807 2611.7 14.133 6196.1 21.057 "" "" 0.002857571228772881 0.006504233 0.005281886 0.011786119 271.2091601016 -23.59511467959 2363.94458 0.703 -0.847 0.8622999994754791 0.6554000406265259 0.24230485 0.22230485 "" "" 12.136266202207802 "" 2.8541955505850667 ""
271.09771894387 -23.60436084241 0.0452 0.0382 16.0986 "" "" 4066175934333570432 2415.04248 0.3832 0.053 0.397 0.861 0.053 0.038 0.923 "" "" 16.098927 1.228117 16.603289 15.375172 "" "" 2088.62842 2743.99951 6845.04621 3.8193 3119.6 24.099 5611.6 19.499 "" "" 0.002821132236454365 0.008839264 0.005340116 0.01417938 271.09771894387 -23.60436084241 2415.04248 0.397 0.861 0.5562999994754791 2.3634000406265256 0.23030485 0.21530485 "" "" 27.793919076420302 "" 6.006771278053213 ""
271.15344630399 -23.69731384281 0.0501 0.0414 10.033 "" "" 4066174353785172352 2873.2771 0.3324 0.0578 -2.545 -1.92 0.061 0.042 1.003 4902.1 4.0984 16.099007 1.960767 17.083838 15.123071 "" "" 2472.24902 3333.30273 6844.5365 4.2412 2003.9 12.086 7078.3 12.337 "" "" 0.00283626758967948 0.007117986 0.004226674 0.01134466 271.15344630399 -23.69731384281 2873.2771 -2.545 -1.9200000000000002 -2.385700000524521 -0.41759995937347405 0.23830485 0.21930484 "" "" 32.98566073163089 "" 7.842733335095923 ""
271.21477182822 -23.86604253438 0.0457 0.039 5.8819 "" "" 4066134260296552832 3102.73804 0.3127 0.0555 0.275 -0.731 0.055 0.04 0.993 9292.6 4.0836 16.102394 1.296758 16.666279 15.369521 "" "" 2608.30151 3860.9021 6823.21512 3.7983 2943.8 9.8562 5640.9 15.343 "" "" 0.0028208312255244873 0.004582527 0.0047963373 0.009378864 271.21477182822 -23.86604253438 3102.73804 0.27499999999999997 -0.7310000000000001 0.43429999947547915 0.7714000406265259 0.23230484 0.21730486 "" "" 13.019410277575897 "" 2.877395543084533 ""
271.04367097783 -23.85023477219 0.0488 0.0398 14.1437 "" "" 4066145495931101312 2389.43481 0.3809 0.0524 -0.671 -2.352 0.063 0.043 1.072 "" "" 16.10726 1.966677 17.019447 15.052771 "" "" 2155.18311 2782.87134 6792.7046 5.3766 2126.4 19.514 7551.8 19.925 "" "" 0.002886232340555903 0.010347108 0.004742359 0.015089467 271.04367097783 -23.85023477219 2389.43481 -0.6709999999999992 -2.3520000000000003 -0.5117000005245209 -0.849599959373474 0.24030486 0.22030485 "" "" 11.232989873290881 "" 2.536427890659602 ""
271.44416692948 -23.76321956431 0.0461 0.0417 8.4661 "" "" 4066159098060977152 2752.271 0.3544 0.0612 1.906 -1.858 0.056 0.044 1.066 "" "" 16.108238 1.803138 16.992962 15.189824 "" "" 2342.03979 3278.36646 6786.58744 4.1984 2178.9 10.378 6656.2 18.232 "" "" 0.0028360062608158536 0.0058760117 0.0048091626 0.010685174 271.44416692948 -23.76321956431 2752.271 1.9059999999999997 -1.8579999999999997 2.065299999475479 -0.3555999593734742 0.23330486 0.22130485 "" "" 27.339874687145308 "" 6.369315873915242 ""
271.54812130296 -23.90492297654 0.049 0.0444 15.1556 "" "" 4066107287900598144 3045.88428 0.3343 0.0725 -0.458 -3.265 0.061 0.043 0.925 8730.0 3.7191 16.108446 2.448747 17.423182 14.974435 "" "" 2477.15259 4346.42822 6785.28255 5.1391 1466.0 13.577 8116.8 19.279 "" "" 0.002875414338014162 0.010435214 0.004575383 0.015010597 271.54812130296 -23.90492297654 3045.88428 -0.4580000000000001 -3.265 -0.2987000005245209 -1.7625999593734742 0.23830485 0.22030485 "" "" 25.810343739751477 "" 5.699627469551165 ""
271.49967267236 -23.71080761246 0.0486 0.0466 12.4559 "" "" 4066165527659834624 2968.92676 0.327 0.0635 0.497 -3.01 0.055 0.045 0.979 6786.7 4.3047 16.108908 1.333327 16.702545 15.369218 "" "" 2521.16748 3614.87842 6782.4052 4.5738 2847.1 16.391 5642.5 21.272 "" "" 0.002850943115158688 0.0068451446 0.0055711637 0.012416309 271.49967267236 -23.71080761246 2968.92676 0.497 -3.0099999999999993 0.6562999994754791 -1.507599959373474 0.23230484 0.22230485 "" "" 23.139183323647398 "" 5.181509553095886 ""
271.51466812219 -23.92400278629 0.0493 0.0443 14.0597 "" "" 4066105840473966336 2651.28979 0.3745 0.0703 -0.346 -0.634 0.06 0.042 0.942 9529.3 3.9995 16.111313 1.429775 16.719534 15.289759 "" "" 2175.38599 3295.01855 6767.39733 5.3716 2802.9 12.284 6070.9 18.979 "" "" 0.0028869513312721235 0.0055160634 0.0050798324 0.010595895 271.51466812219 -23.92400278629 2651.28979 -0.34599999999999964 -0.634 -0.18670000052452085 0.8684000406265259 0.23730485 0.21930484 "" "" 11.16264993755901 "" 2.4572471110804464 ""
271.34294077732 -23.68276994944 0.0469 0.0434 7.6056 "" "" 4066172296528564608 2652.30396 0.3909 0.0642 -1.613 -4.537 0.064 0.042 0.979 6887.5 4.1347 16.112144 1.511084 16.770643 15.25956 "" "" 2153.29321 3215.63525 6762.21765 4.9815 2674.0 14.957 6242.2 39.89 "" "" 0.0028690608833104145 0.0066833426 0.007900835 0.014584178 271.34294077732 -23.68276994944 2652.30396 -1.613 -4.537000000000002 -1.4537000005245209 -3.034599959373474 0.24130484 0.21930484 "" "" 42.30230083517975 "" 9.457757936357162 ""
271.37135341324 -23.90391440879 0.0474 0.0387 7.3849 "" "" 4066153467391542912 2710.74072 0.3434 0.0542 -0.856 -0.739 0.058 0.042 0.966 "" "" 16.114174 3.098589 17.943958 14.845369 "" "" 2349.70532 3347.22559 6749.58127 4.6675 907.47 7.3023 9141.4 21.248 "" "" 0.002855785292512909 0.0091715045 0.0045445077 0.013716012 271.37135341324 -23.90391440879 2710.74072 -0.8560000000000001 -0.739 -0.6967000005245209 0.7634000406265259 0.23530485 0.21930484 "" "" 13.279649539903216 "" 3.0107020512132654 ""
271.45761838914 -23.70363964384 0.101 0.0898 10.6627 "" "" 4066159922695008896 2981.43579 0.4448 0.1561 -1.236 -1.264 0.119 0.1 2.379 "" "" 16.115297 1.370274 16.690094 15.31982 "" "" 1978.75085 4124.49854 6742.60915 14.777 2879.9 9.4249 5905.1 12.087 "" "" 0.0036405671389415604 0.0045177997 0.004384363 0.008902162 271.45761838914 -23.70363964384 2981.43579 -1.236 -1.264 -1.0767000005245209 0.23840004062652587 0.29630485 0.27730486 "" "" 15.584453087548281 "" 4.604334974598428 ""
271.25007767298 -23.68865277559 0.0488 0.0428 7.2513 "" "" 4066171712413135104 2995.31396 0.3198 0.0662 1.286 -2.004 0.066 0.044 1.056 "" "" 16.11781 1.291991 16.673296 15.381305 "" "" 2456.67578 3968.96167 6727.02396 4.5996 2924.8 18.298 5580.0 22.776 "" "" 0.002853577588528398 0.0073432657 0.005824383 0.013167649 271.25007767298 -23.68865277559 2995.31396 1.2860000000000003 -2.004 1.4452999994754792 -0.5015999593734741 0.24330485 0.22130485 "" "" 21.720734880181162 "" 5.235483423366112 ""
271.38153053737 -23.69864512813 0.0515 0.0469 7.7823 "" "" 4066160854735620352 2537.85156 0.3807 0.0688 1.054 -2.501 0.063 0.044 1.089 7108.8 4.3159 16.120283 1.536428 16.82732 15.290892 "" "" 2151.82812 3002.03833 6711.71974 4.0879 2538.0 8.2019 6064.6 14.92 "" "" 0.0028335651595589473 0.0044828644 0.0046280157 0.00911088 271.38153053737 -23.69864512813 2537.85156 1.054 -2.501 1.2132999994754792 -0.998599959373474 0.24030486 0.22130485 "" "" 18.90302801329239 "" 4.400976869160766 ""
271.21165566022 -23.56379656178 0.0491 0.0448 15.0229 "" "" 4066177789759615360 2866.58716 0.3482 0.061 -0.348 -2.155 0.059 0.043 0.933 "" "" 16.120474 1.356206 16.728539 15.372333 "" "" 2469.47314 3280.84619 6710.53637 4.1415 2779.7 12.041 5626.3 10.468 "" "" 0.0028356291429576636 0.005468517 0.0042853686 0.009753886 271.21165566022 -23.56379656178 2866.58716 -0.3479999999999997 -2.1549999999999994 -0.18870000052452085 -0.6525999593734739 0.23630485 0.22030485 "" "" 9.230531513064724 "" 2.0453057965234143 ""
271.2719406555 -23.75224643226 0.0483 0.0415 3.2621 "" "" 4066170471134431104 2406.78271 0.4148 0.0617 1.788 -1.668 0.062 0.044 1.034 "" "" 16.120481 1.52692 16.819832 15.292912 "" "" 2173.9895 2767.40991 6710.49293 3.7676 2555.5 10.409 6053.3 15.117 "" "" 0.0028219468376750553 0.005229017 0.0046514035 0.009880421 271.2719406555 -23.75224643226 2406.78271 1.788 -1.668 1.9472999994754792 -0.16559995937347405 0.23930484 0.22130485 "" "" 22.295274950900396 "" 5.332593419204146 ""
271.50607542548 -23.6202546163 0.0424 0.0369 15.881 "" "" 4066167211287162752 2475.96655 0.3931 0.0525 -0.934 -2.973 0.05 0.038 0.996 "" "" 16.123167 2.012902 17.121561 15.108659 "" "" 2197.37817 2779.03564 6693.91586 3.5829 1935.5 9.8817 7172.9 14.706 "" "" 0.0028159385536644125 0.006205838 0.004386203 0.010592042 271.50607542548 -23.6202546163 2475.96655 -0.9340000000000004 -2.9729999999999985 -0.7747000005245209 -1.470599959373474 0.22730485 0.21530485 "" "" 19.507416239152914 "" 4.251987623408782 ""
271.45875291338 -23.74797180623 0.0508 0.0507 9.5109 "" "" 4066159514705619840 3232.54858 0.3103 0.0759 -0.336 -0.124 0.058 0.046 1.014 "" "" 16.126791 1.729956 16.878029 15.148073 "" "" 2694.90894 4035.66357 6671.61006 6.9353 2422.2 14.449 6917.2 97.759 "" "" 0.0029775221062276888 0.007052118 0.015803013 0.022855131 271.45875291338 -23.74797180623 3232.54858 -0.3359999999999999 -0.12400000000000001 -0.1767000005245209 1.3784000406265258 0.23530485 0.22330485 "" "" 21.29306126120569 "" 4.759084091866249 ""
271.50823375093 -23.70514017579 0.0468 0.0405 13.0282 "" "" 4066165557692095744 2505.42944 0.3945 0.0599 0.485 -1.446 0.057 0.042 0.936 "" "" 16.128036 1.657171 16.902016 15.244844 "" "" 2215.40601 2857.57837 6663.95433 3.6331 2369.2 12.196 6327.3 17.556 "" "" 0.0028181854742865523 0.0062468247 0.004833122 0.0110799465 271.50823375093 -23.70514017579 2505.42944 0.4849999999999999 -1.446000000000001 0.6442999994754791 0.05640004062652593 0.23430485 0.21930484 "" "" 7.680796224915732 "" 1.7987994932735796 ""
271.3284005665 -23.65200997712 0.0449 0.039 9.1743 "" "" 4066173018083141120 2920.15747 0.3407 0.0554 0.545 -0.744 0.057 0.04 0.932 5021.4 4.2492 16.130966 1.428029 16.774889 15.34686 "" "" 2480.97607 3442.7439 6645.9999 3.4229 2663.6 11.644 5759.9 7.4387 "" "" 0.0028114909054991516 0.0055056927 0.0040311115 0.009536805 271.3284005665 -23.65200997712 2920.15747 0.5450000000000007 -0.744 0.7042999994754792 0.7584000406265259 0.23430485 0.21730486 "" "" 14.325894285329381 "" 3.2281459877488925 ""
271.15663517768 -23.87870026962 0.0444 0.0383 8.922 "" "" 4066134019778405504 2514.87085 0.3941 0.0531 1.784 -0.084 0.058 0.04 0.983 7183.5 3.8087 16.133226 1.915039 17.073153 15.158114 "" "" 2193.12671 2873.75293 6632.17753 3.8274 2023.7 9.0714 6853.5 11.869 "" "" 0.002825665187384641 0.005609971 0.004221284 0.009831255 271.15663517768 -23.87870026962 2514.87085 1.783999999999998 -0.08400000000000002 1.9432999994754792 1.4184000406265258 0.23530485 0.21730486 "" "" 28.679300390771846 "" 6.57354893381041 ""
271.3536449992 -23.6391117855 0.0469 0.0414 10.2747 "" "" 4066172983723385856 2945.17627 0.3269 0.0606 1.778 2.947 0.057 0.043 0.941 4828.1 4.1092 16.135468 1.857875 17.056793 15.198918 "" "" 2579.13818 3560.74927 6618.50729 3.8646 2054.5 7.5868 6600.7 9.5229 "" "" 0.0028273145371140434 0.0048846845 0.00409113 0.008975815 271.3536449992 -23.6391117855 2945.17627 1.778 2.947 1.9372999994754792 4.449400040626526 0.23430485 0.22030485 "" "" 67.74664342424514 "" 15.080061985309644 ""
271.0288746138 -23.7563187 0.0492 0.043 14.9157 "" "" 4066150512452985600 2829.17773 0.3578 0.0585 1.521 -5.606 0.062 0.044 0.914 6513.4 3.7098 16.136698 1.902778 17.080664 15.177886 "" "" 2437.08447 3340.09326 6611.00966 4.0093 2009.8 10.504 6729.8 10.801 "" "" 0.0028329049316483564 0.006323352 0.0041617565 0.010485109 271.0288746138 -23.7563187 2829.17773 1.521 -5.606 1.680299999475479 -4.103599959373474 0.23930484 0.22130485 "" "" 59.46518953001023 "" 13.318920079404812 ""
271.45410802691 -23.72583627234 0.1563 0.161 9.8157 "" "" 4066159686505183616 3450.46191 0.3384 0.2428 -0.951 -1.428 0.184 0.153 1.264 "" "" 16.1371 "" "" "" "" "" 2385.62549 4996.94092 6608.55158 23.109 "" "" "" "" "" "" 0.004691081748715506 "" "" "" 271.45410802691 -23.72583627234 3450.46191 -0.9510000000000001 -1.428 -0.7917000005245208 0.07440004062652594 0.36130485 0.33030486 "" "" 13.005453491977443 "" 4.695554268663025 ""
271.15241233155 -23.59831072119 0.0525 0.0465 14.5432 "" "" 4066176179179422848 2834.92334 0.3375 0.0653 -0.457 0.056 0.068 0.047 0.98 "" "" 16.137123 1.141377 16.625195 15.483818 "" "" 2370.13525 3363.98608 6608.41866 3.8265 3057.3 15.573 5077.3 11.982 "" "" 0.0028261326508110503 0.006194405 0.004566052 0.010760456 271.15241233155 -23.59831072119 2834.92334 -0.45699999999999974 0.05600000000000002 -0.2977000005245209 1.558400040626526 0.24530485 0.22430485 "" "" 21.31972636306833 "" 4.798590482145295 ""
271.44039150232 -23.62464982184 0.0525 0.0448 13.2748 "" "" 4066167108208032384 2534.38184 0.3816 0.0621 0.397 -4.357 0.063 0.046 1.056 5475.8 3.862 16.142143 1.586183 16.87546 15.289276 "" "" 2191.64209 2936.06494 6577.93696 4.3059 2427.9 11.579 6073.6 11.412 "" "" 0.002845507388446128 0.005881925 0.004294824 0.010176749 271.44039150232 -23.62464982184 2534.38184 0.39700000000000024 -4.357000000000005 0.5562999994754791 -2.8545999593734743 0.24030486 0.22330485 "" "" 34.93732399071985 "" 7.824199581503343 ""
271.14653760584 -23.80443480877 0.0491 0.0417 8.2011 "" "" 4066146625475726336 2475.30542 0.3903 0.0584 -0.827 -4.97 0.068 0.044 0.922 7906.1 4.0304 16.142862 1.822402 17.023111 15.200709 "" "" 2222.72388 2844.24634 6573.5772 3.9877 2119.2 11.301 6589.8 13.04 "" "" 0.0028329471991881154 0.0064271074 0.0043473737 0.010774481 271.14653760584 -23.80443480877 2475.30542 -0.8269999999999993 -4.969999999999995 -0.6677000005245208 -3.467599959373474 0.24530485 0.22130485 "" "" 41.43254668272239 "" 9.206625466647404 ""
271.46583249147 -23.91184698118 0.0562 0.0505 11.4187 "" "" 4066152913307391616 3245.09058 0.3085 0.0781 1.428 -0.603 0.076 0.049 0.999 "" "" 16.142956 2.159708 17.249632 15.089924 "" "" 2663.38062 3987.83325 6573.00887 4.2105 1720.1 13.453 7297.7 15.578 "" "" 0.0028417427833184604 0.008938255 0.0044334275 0.013371682 271.46583249147 -23.91184698118 3245.09058 1.428 -0.6030000000000002 1.587299999475479 0.8994000406265259 0.25330484 0.22630484 "" "" 28.06245384157902 "" 6.931835010664178 ""
271.20009667092 -23.76477332169 0.0477 0.0397 5.7149 "" "" 4066170269304073856 2622.97681 0.3758 0.0532 -1.374 -1.362 0.063 0.043 1.063 6748.2 4.3366 16.144215 1.371308 16.750679 15.379371 "" "" 2242.56665 3064.08374 6565.39729 3.6709 2723.6 9.2382 5590.0 17.513 "" "" 0.002821403633096403 0.00462033 0.0050846897 0.00970502 271.20009667092 -23.76477332169 2622.97681 -1.3740000000000019 -1.3619999999999999 -1.214700000524521 0.14040004062652578 0.24030486 0.22030485 "" "" 15.202801911877392 "" 3.649463391817658 ""
271.11258203047 -23.67803831442 0.0511 0.0431 12.5178 "" "" 4066174663022913664 2813.64355 0.3397 0.0573 -1.021 -9.032 0.064 0.046 1.04 4793.4 4.1098 16.145014 1.769939 16.984932 15.214994 "" "" 2409.04199 3268.75464 6560.56897 4.4109 2195.0 10.567 6503.7 16.752 "" "" 0.0028503785602456253 0.0059249634 0.004701564 0.0106265275 271.11258203047 -23.67803831442 2813.64355 -1.021 -9.032 -0.8617000005245208 -7.529599959373474 0.24130484 0.22330485 "" "" 101.07524777627935 "" 22.595047866471702 ""
271.22194908612 -23.7711665382 0.0521 0.0424 4.462 "" "" 4066170230616158464 2925.80493 0.3428 0.0592 1.068 -2.175 0.064 0.043 1.078 7058.7 4.0645 16.145418 1.665922 16.932951 15.267029 "" "" 2433.61279 3378.12646 6558.11639 4.0556 2302.7 10.165 6199.4 14.465 "" "" 0.0028359490046558104 0.005545855 0.004549893 0.010095748 271.22194908612 -23.7711665382 2925.80493 1.0679999999999992 -2.1750000000000003 1.2272999994754792 -0.6725999593734739 0.24130484 0.22030485 "" "" 19.408983553125342 "" 4.592554771513524 ""
271.14790693469 -23.71269303491 0.0523 0.0431 9.7348 "" "" 4066174319425347200 2690.38354 0.3724 0.0587 0.083 -2.005 0.064 0.043 1.005 6713.7 3.8668 16.145617 1.594759 16.888071 15.293312 "" "" 2312.62378 3171.43604 6556.92721 4.0648 2399.9 10.651 6051.1 13.512 "" "" 0.002836338941558802 0.0055681258 0.0044901655 0.010058291 271.14790693469 -23.71269303491 2690.38354 0.083 -2.005 0.24229999947547914 -0.502599959373474 0.24130484 0.22030485 "" "" 7.115300822179423 "" 1.5967839050145476 ""
271.14989533091 -23.800158393 0.0491 0.0418 8.0164 "" "" 4066146625475762816 2689.17285 0.3467 0.0584 1.945 -0.226 0.068 0.044 0.983 "" "" 16.14853 1.509275 16.836348 15.327073 "" "" 2311.38525 3264.43628 6539.35627 4.0207 2517.0 9.1294 5865.8 11.156 "" "" 0.0028350356486926283 0.0048263273 0.0043067 0.009133028 271.14989533091 -23.800158393 2689.17285 1.945 -0.22599999999999995 2.1042999994754794 1.276400040626526 0.24530485 0.22130485 "" "" 31.37153180758708 "" 7.500514457796323 ""
271.40752794781 -23.67478752112 0.0565 0.0518 9.7897 "" "" 4066160992162047616 3446.44067 0.3019 0.0789 -0.55 -1.477 0.066 0.05 1.169 "" "" 16.154804 1.289337 16.673317 15.38398 "" "" 2780.56567 4435.07227 6501.67266 6.5098 2924.8 29.249 5566.3 68.691 "" "" 0.0029620198025320068 0.011210504 0.013921374 0.025131878 271.40752794781 -23.67478752112 3446.44067 -0.5500000000000007 -1.477 -0.3907000005245209 0.02540004062652579 0.24330485 0.22730485 "" "" 6.395999206630555 "" 1.5557610212256099 ""
271.21767208843 -23.8303103322 0.0434 0.0364 4.6183 "" "" 4066134672613431168 2606.17139 0.3524 0.0486 0.562 -1.073 0.055 0.039 0.985 7494.3 4.2878 16.156244 1.353419 16.70631 15.352891 "" "" 2341.57031 2978.92725 6493.05961 3.8166 2837.2 11.705 5728.0 30.514 "" "" 0.0028282642802836115 0.005277194 0.0069092093 0.012186403 271.21767208843 -23.8303103322 2606.17139 0.562 -1.0730000000000002 0.7212999994754792 0.4294000406265259 0.23230484 0.21630485 "" "" 10.369803667020298 "" 2.3666648541877566 ""
271.10173180291 -23.71236847248 0.0503 0.0435 11.9425 "" "" 4066151092242215040 2397.63159 0.4116 0.0548 -1.166 -2.042 0.06 0.043 1.007 "" "" 16.156408 1.385387 16.778843 15.393455 "" "" 2073.76343 2809.10889 6492.07184 3.6918 2653.9 9.6515 5517.9 12.585 "" "" 0.0028236490862804894 0.00483486 0.004518385 0.009353245 271.10173180291 -23.71236847248 2397.63159 -1.1659999999999986 -2.042 -1.0067000005245208 -0.5395999593734739 0.23730485 0.22030485 "" "" 12.980805594164002 "" 3.0325497332893128 ""
271.14617822904 -23.76412701924 0.0472 0.0399 8.529 "" "" 4066147587548644352 2582.57104 0.3848 0.052 -1.344 -4.615 0.062 0.041 1.027 5426.2 4.263 16.158285 1.3423 16.736212 15.393911 "" "" 2255.70728 3136.76733 6480.86178 4.1983 2760.1 13.477 5515.6 14.486 "" "" 0.0028436729537749186 0.0059908405 0.0047344514 0.010725291 271.14617822904 -23.76412701924 2582.57104 -1.344000000000001 -4.615 -1.184700000524521 -3.1125999593734743 0.23930484 0.21830484 "" "" 40.76913419184794 "" 9.012929131995167 ""
271.24258246398 -23.71111958135 0.0483 0.0413 6.1891 "" "" 4066171605006022912 3112.09473 0.304 0.0599 -0.096 -2.479 0.063 0.042 1.012 "" "" 16.158854 1.386888 16.753565 15.366677 "" "" 2702.61865 3768.48047 6477.46948 4.2564 2716.4 8.6545 5655.7 19.343 "" "" 0.002846189592477111 0.0044442033 0.0052983426 0.009742546 271.24258246398 -23.71111958135 3112.09473 -0.09600000000000003 -2.4790000000000005 0.06329999947547912 -0.9765999593734742 0.24030486 0.21930484 "" "" 14.436377203131524 "" 3.167296234383158 ""
271.55130261456 -23.66270221991 0.046 0.0402 16.3288 "" "" 4066166107448111744 2430.76733 0.3934 0.0571 -0.396 -1.072 0.055 0.039 0.96 7130.1 4.333 16.161407 1.226261 16.679365 15.453104 "" "" 2197.11914 2738.29395 6462.24789 3.987 2908.5 8.6445 5223.0 16.21 "" "" 0.0028355789196289984 0.0042659575 0.0050634374 0.009329395 271.55130261456 -23.66270221991 2430.76733 -0.396 -1.072 -0.2367000005245209 0.4304000406265258 0.23230484 0.21630485 "" "" 5.659451874259232 "" 1.2457811734034343 ""
271.50519830438 -23.62593462415 0.0425 0.0373 15.6133 "" "" 4066167206959919360 2672.61597 0.3553 0.0528 -0.396 -4.881 0.05 0.038 0.985 7982.8 4.2456 16.162357 1.448994 16.820406 15.371412 "" "" 2360.34644 3104.27026 6456.60367 3.9612 2554.2 15.233 5631.1 11.156 "" "" 0.0028346946814808713 0.007050786 0.0043486217 0.011399408 271.50519830438 -23.62593462415 2672.61597 -0.39600000000000013 -4.881 -0.2367000005245209 -3.3785999593734743 0.22730485 0.21530485 "" "" 42.90568797934376 "" 9.240387234607809 ""
271.40350680795 -23.75705162661 0.0458 0.0401 6.4942 "" "" 4066159338579171072 3209.71631 0.3251 0.0629 -0.003 -1.861 0.056 0.041 0.965 "" "" 16.162422 1.56169 16.84212 15.280429 "" "" 2674.85864 4003.12476 6456.20885 5.1535 2503.6 16.736 6123.3 50.241 "" "" 0.002888406105616635 0.0077757426 0.009676898 0.01745264 271.40350680795 -23.75705162661 3209.71631 -0.003000000000000006 -1.8610000000000007 0.15629999947547912 -0.3585999593734741 0.23330486 0.21830484 "" "" 5.9514697095820175 "" 1.3138935857950207 ""
271.38182793569 -23.68036820712 0.0486 0.0438 8.6904 "" "" 4066160953487308928 3155.85986 0.3564 0.0661 0.769 0.381 0.056 0.042 0.967 "" "" 16.163 1.259697 16.708975 15.449278 "" "" 2483.98267 3817.10352 6452.77245 3.4178 2830.3 15.398 5241.4 11.079 "" "" 0.0028146937348636023 0.0065326835 0.0044216095 0.0109542925 271.38182793569 -23.68036820712 3155.85986 0.7689999999999999 0.3810000000000003 0.9282999994754791 1.8834000406265259 0.23330486 0.21930484 "" "" 31.40964140587315 "" 6.976413864741906 ""
271.3322688416 -23.64869307425 0.0487 0.0424 9.4124 "" "" 4066173018083140736 3086.39209 0.334 0.0611 0.443 -0.687 0.062 0.045 1.125 5561.5 4.3202 16.166643 1.365387 16.69736 15.331972 "" "" 2600.70239 3816.78711 6431.16248 6.1793 2860.7 18.842 5839.4 26.163 "" "" 0.002946198953734166 0.0076762442 0.0061601684 0.013836413 271.3322688416 -23.64869307425 3086.39209 0.443 -0.687 0.6022999994754792 0.8154000406265258 0.23930484 0.22230485 "" "" 14.830318246604886 "" 3.387993325284814 ""
271.34528917412 -23.70215074125 0.0484 0.0412 6.5759 "" "" 4066160511138277120 2401.20117 0.4122 0.0626 1.14 0.08 0.063 0.046 1.054 7533.7 4.1491 16.168072 1.467156 16.838474 15.371319 "" "" 2045.74744 2798.71973 6422.71104 3.6846 2512.0 10.699 5631.6 14.139 "" "" 0.0028248459086627 0.0054008686 0.0046598604 0.010060729 271.34528917412 -23.70215074125 2401.20117 1.1400000000000012 0.08 1.299299999475479 1.582400040626526 0.24030486 0.22330485 "" "" 23.3037788579158 "" 5.366899816693932 ""
271.45691023547 -23.70644345398 0.0476 0.0471 10.5378 "" "" 4066159922694995712 3338.88135 0.3158 0.0726 0.316 -8.089 0.057 0.044 1.055 4766.8 4.1531 16.168434 1.82246 17.0542 15.231739 "" "" 2632.47339 4224.04639 6420.56414 4.1735 2059.4 11.708 6404.2 15.626 "" "" 0.002844270380191857 0.0067739 0.0046153814 0.011389282 271.45691023547 -23.70644345398 3338.88135 0.31599999999999995 -8.088999999999999 0.47529999947547913 -6.5865999593734745 0.23430485 0.22130485 "" "" 104.5125473551176 "" 23.136377400239716 ""
271.31623722847 -23.87443741312 0.0498 0.0398 4.4875 "" "" 4066156731566813696 2583.75781 0.3794 0.0582 -0.081 -1.501 0.059 0.043 1.095 "" "" 16.170052 2.230969 17.32422 15.093251 "" "" 2202.0896 3089.89502 6411.00426 4.0595 1605.9 9.2859 7275.4 13.638 "" "" 0.0028397960308557024 0.0068702167 0.004292549 0.011162765 271.31623722847 -23.87443741312 2583.75781 -0.081 -1.5010000000000001 0.07829999947547912 0.001400040626525989 0.23630485 0.22030485 "" "" 0.9590943145067411 "" 0.22663389896624084 ""
271.27109329356 -23.94853032203 0.0464 0.0402 8.8969 "" "" 4066129724811026560 2417.49805 0.3878 0.0584 -2.955 -4.248 0.056 0.041 1.033 4910.9 2.7323 16.17031 2.690373 17.674623 14.98425 "" "" 2113.85327 2761.16357 6409.48769 4.5806 1163.0 11.24 8043.7 15.814 "" "" 0.0028624917413145393 0.01085789 0.0043405197 0.01519841 271.27109329356 -23.94853032203 2417.49805 -2.955 -4.248 -2.795700000524521 -2.7455999593734743 0.23330486 0.21830484 "" "" 44.90129697692758 "" 10.150605533158027 ""
271.1850841268 -23.77451218173 0.0447 0.0378 6.304 "" "" 4066146801601125248 2403.45703 0.3993 0.0488 1.011 0.097 0.058 0.041 1.055 7228.1 4.3341 16.17159 1.262469 16.673468 15.410998 "" "" 2100.68848 2625.52417 6401.91987 4.9445 2924.4 13.947 5429.5 11.395 "" "" 0.002880100652030878 0.005881964 0.0044131624 0.010295127 271.1850841268 -23.77451218173 2403.45703 1.011 0.097 1.170299999475479 1.5994000406265259 0.23530485 0.21830484 "" "" 22.577866194830438 "" 5.0660020561930885 ""
271.45988039339 -23.64268420158 0.0451 0.0394 13.1337 "" "" 4066166833330073728 2566.44604 0.3664 0.0573 1.366 -0.906 0.052 0.04 0.947 4847.0 4.114 16.172512 1.854857 17.089968 15.23511 "" "" 2269.6897 2900.66016 6396.49479 3.6319 1992.6 8.4253 6384.3 16.858 "" "" 0.0028234432889959627 0.005372207 0.004743734 0.010115941 271.45988039339 -23.64268420158 2566.44604 1.3659999999999999 -0.9059999999999999 1.5252999994754792 0.5964000406265259 0.22930485 0.21730486 "" "" 19.92318362849518 "" 4.537502840560973 ""
271.24307545984 -23.68855793827 0.0575 0.0495 7.3989 "" "" 4066171776814567168 2470.26758 0.4055 0.0766 -0.258 -1.702 0.078 0.047 1.064 "" "" 16.17299 1.288855 16.707756 15.418901 "" "" 2042.57104 3085.27466 6393.67098 4.6944 2833.4 35.802 5390.1 54.425 "" "" 0.002868323305833004 0.013999895 0.011596085 0.02559598 271.24307545984 -23.68855793827 2470.26758 -0.25800000000000006 -1.7020000000000008 -0.09870000052452088 -0.19959995937347408 0.25530484 0.22430485 "" "" 2.607255746698436 "" 0.6015581879908672 ""
271.14325593005 -23.70836249973 0.053 0.0442 10.0914 "" "" 4066174319425371136 2543.5708 0.3758 0.0593 -0.903 0.08 0.063 0.044 0.928 7980.4 4.1552 16.173986 1.36092 16.785841 15.424921 "" "" 2277.87061 3022.85815 6387.81651 3.6951 2636.8 11.284 5360.3 10.742 "" "" 0.002825994198184363 0.0054197274 0.0043609473 0.009780675 271.14325593005 -23.70836249973 2543.5708 -0.9029999999999999 0.08000000000000003 -0.7437000005245209 1.582400040626526 0.24030486 0.22130485 "" "" 21.080239676638065 "" 4.74013079671055 ""
271.22550747289 -23.8729479969 0.0535 0.0456 5.7491 "" "" 4066134191577067776 3111.7041 0.3162 0.0647 -1.048 -2.656 0.067 0.044 0.901 9273.1 3.7954 16.176138 1.624801 16.927437 15.302636 "" "" 2564.6604 3730.19189 6375.17161 4.168 2314.4 9.8348 5999.3 20.882 "" "" 0.0028452876002512113 0.005391797 0.0053446996 0.010736497 271.22550747289 -23.8729479969 3111.7041 -1.048 -2.655999999999999 -0.8887000005245209 -1.1535999593734743 0.24430485 0.22130485 "" "" 21.47850362169815 "" 4.943057161386472 ""
271.1948805094 -23.65977752413 0.0533 0.0481 10.1786 "" "" 4066174907868930304 3254.85449 0.3049 0.0735 0.461 -3.436 0.067 0.046 1.01 "" "" 16.176327 1.167715 16.671124 15.503408 "" "" 2561.96167 4015.60571 6374.05505 4.3926 2930.7 19.357 4986.5 16.417 "" "" 0.002855105027907747 0.0076948665 0.005202037 0.012896903 271.1948805094 -23.65977752413 3254.85449 0.461 -3.436000000000001 0.6202999994754792 -1.933599959373474 0.24430485 0.22330485 "" "" 31.32904661463436 "" 7.059911845617069 ""
271.31108573475 -23.5309061319 0.052 0.0488 16.2867 "" "" 4066183218598419456 2642.29419 0.373 0.0668 -1.916 -4.352 0.062 0.047 1.012 "" "" 16.177135 1.405425 16.815636 15.410211 "" "" 2222.44702 3363.86328 6369.31336 3.9345 2565.4 17.084 5433.4 16.262 "" "" 0.002835773825694307 0.0077500246 0.004984322 0.012734346 271.31108573475 -23.5309061319 2642.29419 -1.9160000000000021 -4.352 -1.7567000005245208 -2.8495999593734744 0.23930484 0.22430485 "" "" 41.92653610499974 "" 9.58163226397122 ""
271.50804463519 -23.68240614362 0.0446 0.0387 13.6832 "" "" 4066165729500840448 2823.52246 0.345 0.0565 -0.192 -2.046 0.051 0.038 0.951 8918.8 4.3727 16.177547 1.200178 16.689394 15.489216 "" "" 2449.18091 3324.79785 6366.89358 3.1434 2881.8 14.833 5052.1 19.106 "" "" 0.0028069783007409295 0.0062462427 0.0055806106 0.011826853 271.50804463519 -23.68240614362 2823.52246 -0.192 -2.046 -0.03270000052452088 -0.5435999593734739 0.22830485 0.21530485 "" "" 7.28841927052543 "" 1.5695839239587692 ""
271.46718470948 -23.68721141301 0.0456 0.0423 11.6583 "" "" 4066165866929859200 3491.41504 0.31 0.0649 -0.071 -1.95 0.054 0.042 0.956 7774.7 4.1885 16.179611 1.237808 16.69403 15.456223 "" "" 2799.96387 4741.52197 6354.8046 3.7149 2869.5 18.945 5208.0 30.643 "" "" 0.0028274785401015963 0.0076921224 0.0074225315 0.015114654 271.46718470948 -23.68721141301 3491.41504 -0.071 -1.95 0.08829999947547913 -0.4475999593734741 0.23130485 0.21930484 "" "" 7.550232437620727 "" 1.6592856695481304 ""
271.26431192242 -23.71972238236 0.051 0.0444 5.2324 "" "" 4066170780372257024 2395.59399 0.3984 0.065 0.119 -2.077 0.062 0.043 0.97 9562.2 4.387 16.181997 1.231453 16.714766 15.483313 "" "" 2140.53149 2734.4873 6340.85565 4.0306 2815.2 13.02 5079.6 19.143 "" "" 0.0028404405018346204 0.005744532 0.005570082 0.011314614 271.26431192242 -23.71972238236 2395.59399 0.11899999999999997 -2.0769999999999995 0.2782999994754791 -0.5745999593734741 0.23930484 0.22030485 "" "" 7.249652161082198 "" 1.6242052230382729 ""
271.09078179925 -23.78042723264 0.0532 0.0474 11.3358 "" "" 4066147312670633984 2405.91406 0.3902 0.0651 0.269 -3.121 0.065 0.046 0.954 "" "" 16.183279 1.510859 16.873417 15.362558 "" "" 2128.42944 2906.07544 6333.37544 3.9933 2432.5 15.347 5677.2 9.0286 "" "" 0.002839090035135719 0.007396519 0.0041551334 0.011551652 271.09078179925 -23.78042723264 2405.91406 0.26899999999999974 -3.121 0.42829999947547914 -1.6185999593734741 0.24230485 0.22330485 "" "" 19.093861178821406 "" 4.288429954189165 ""
271.47372190312 -23.61956021087 0.0459 0.0412 14.6709 "" "" 4066167451805381248 2551.76904 0.385 0.057 1.042 -1.216 0.054 0.043 1.035 6051.3 4.2689 16.184368 1.448719 16.767042 15.318323 "" "" 2134.38745 3222.46851 6327.02128 4.029 2682.9 18.149 5913.3 81.573 "" "" 0.002840740688635809 0.007856798 0.015447031 0.02330383 271.47372190312 -23.61956021087 2551.76904 1.042 -1.2159999999999997 1.2012999994754792 0.2864000406265259 0.23130485 0.22030485 "" "" 14.93741721266057 "" 3.44645947681569 ""
271.35871948888 -23.81978248718 0.0523 0.0533 3.6093 "" "" 4066157384401874688 2424.30713 0.4122 0.0847 0.338 -0.697 0.062 0.05 0.957 5138.7 4.1862 16.188517 1.667247 16.980627 15.31338 "" "" 1993.43677 3009.95361 6302.89936 4.2434 2203.8 10.556 5940.3 12.215 "" "" 0.002850631952214055 0.0059017832 0.004389555 0.010291338 271.35871948888 -23.81978248718 2424.30713 0.3379999999999997 -0.697 0.49729999947547915 0.8054000406265259 0.23930484 0.22730485 "" "" 10.877129359651647 "" 2.509130360214298 ""
271.04801837835 -23.71771803773 0.0554 0.0475 14.5215 "" "" 4066151779436964992 3105.89893 0.3149 0.062 -3.706 -5.986 0.064 0.046 0.95 4804.4 3.6525 16.189394 1.877064 17.12672 15.249657 "" "" 2607.59253 3740.20337 6297.79859 3.8623 1926.3 7.1045 6299.3 20.713 "" "" 0.0028346350841018447 0.0048805736 0.005198945 0.010079518 271.04801837835 -23.71771803773 3105.89893 -3.706 -5.986 -3.546700000524521 -4.483599959373474 0.24130484 0.22330485 "" "" 84.16243831238681 "" 19.390984305681304 ""
271.23457241398 -23.60188569412 0.0533 0.0485 12.4704 "" "" 4066176728935102720 2951.44385 0.3728 0.0746 0.801 -1.986 0.067 0.047 1.032 4960.5 4.3428 16.192465 1.31852 16.767206 15.448686 "" "" 2384.02808 3846.55884 6280.01572 4.3301 2682.5 8.8844 5244.3 36.717 "" "" 0.002855209546474262 0.0045514666 0.008489274 0.013040741 271.23457241398 -23.60188569412 2951.44385 0.8009999999999999 -1.986 0.9602999994754792 -0.4835999593734741 0.24430485 0.22430485 "" "" 15.041814852234292 "" 3.6159489663256053 ""
271.457134149 -23.75512580834 0.0475 0.0442 9.2883 "" "" 4066159480345870848 2845.41919 0.4224 0.0676 -0.221 -1.197 0.055 0.042 0.994 9080.3 4.1699 16.194235 1.611651 16.947601 15.335951 "" "" 2196.53638 3611.70508 6269.79135 3.5783 2271.8 10.726 5818.1 15.276 "" "" 0.0028241384847079347 0.0058363127 0.004733948 0.010570261 271.457134149 -23.75512580834 2845.41919 -0.221 -1.197 -0.061700000524520876 0.3054000406265258 0.23230484 0.21930484 "" "" 4.20223854312112 "" 0.9237744425975516 ""
271.31473981846 -23.73485733985 0.0465 0.0399 4.1588 "" "" 4066158891912027136 2348.17749 0.4233 0.0592 -0.255 -3.257 0.062 0.042 0.917 "" "" 16.195908 1.465924 16.852991 15.387067 "" "" 2035.80139 2707.21582 6260.13491 4.2372 2478.7 22.747 5550.5 16.027 "" "" 0.002851639140566593 0.010347083 0.0049104244 0.015257508 271.31473981846 -23.73485733985 2348.17749 -0.255 -3.257000000000002 -0.09570000052452088 -1.7545999593734742 0.23930484 0.21930484 "" "" 19.558358505831297 "" 4.2904557271270205 ""
271.47202446865 -23.64360212246 0.047 0.0407 13.5612 "" "" 4066166764610577280 2347.62695 0.4236 0.0567 -0.569 -2.993 0.055 0.043 1.023 7086.6 4.3165 16.197159 1.318778 16.783747 15.464969 "" "" 2016.63538 2827.88208 6252.92422 3.7733 2641.9 11.318 5166.2 12.402 "" "" 0.0028321465028010562 0.0054240176 0.004590987 0.010015005 271.47202446865 -23.64360212246 2347.62695 -0.569 -2.992999999999999 -0.4097000005245208 -1.490599959373474 0.23230484 0.22030485 "" "" 17.202159344367487 "" 3.8045840385756167 ""
271.27501033594 -23.96821499896 0.0457 0.0398 10.0389 "" "" 4066129656091537280 2351.94141 0.4171 0.0577 -0.733 -2.38 0.057 0.042 0.937 "" "" 16.199432 1.84318 17.083288 15.240108 "" "" 2093.7373 2627.677 6239.84052 3.745 2004.9 8.714 6355.0 20.84 "" "" 0.002831327274694655 0.0054821456 0.005192362 0.010674507 271.27501033594 -23.96821499896 2351.94141 -0.733 -2.38 -0.5737000005245209 -0.877599959373474 0.23430485 0.21930484 "" "" 11.688683445445728 "" 2.6171105587405976 ""
271.07809369964 -23.68468842013 0.0563 0.0506 13.8796 "" "" 4066151951235818112 2642.1853 0.3747 0.0563 0.191 -1.573 0.06 0.048 0.959 6750.3 4.3024 16.19984 1.456625 16.866024 15.409399 "" "" 2331.67285 2980.83447 6237.50373 4.04 2449.1 8.4147 5437.5 10.504 "" "" 0.0028436448496471523 0.0046584327 0.0043223584 0.008980791 271.07809369964 -23.68468842013 2642.1853 0.19099999999999998 -1.572999999999999 0.35029999947547913 -0.07059995937347407 0.23730485 0.22530484 "" "" 4.475356273039482 "" 1.0599785232983694 ""
271.27870619072 -23.67732345702 0.0477 0.0404 7.5397 "" "" 4066173219913895680 2968.13208 0.324 0.0611 -0.493 -3.23 0.062 0.044 0.981 "" "" 16.19985 1.527384 16.901474 15.37409 "" "" 2598.28491 3366.03906 6237.44783 4.1851 2370.4 11.408 5617.2 11.199 "" "" 0.0028499975681101227 0.0059235906 0.0043553817 0.010278972 271.27870619072 -23.67732345702 2968.13208 -0.49300000000000055 -3.229999999999999 -0.33370000052452087 -1.727599959373474 0.23930484 0.22130485 "" "" 24.75477859199738 "" 5.495005873401722 ""
271.29377564632 -23.94839993992 0.0473 0.0416 8.7851 "" "" 4066129686124112000 2461.18262 0.4039 0.0632 1.693 0.071 0.058 0.041 1.001 "" "" 16.20312 1.719524 17.023266 15.303741 "" "" 2148.16138 2915.28052 6218.68643 3.9541 2118.9 11.33 5993.2 15.568 "" "" 0.002840489612603259 0.006441236 0.004715711 0.011156946 271.29377564632 -23.94839993992 2461.18262 1.693 0.071 1.8522999994754792 1.5734000406265258 0.23530485 0.21830484 "" "" 28.35248120393538 "" 6.473832436650973 ""
271.46075883034 -23.78777914163 0.0459 0.0419 9.0904 "" "" 4066156074403857792 2761.56201 0.3378 0.062 -0.815 -3.428 0.055 0.042 0.906 7074.9 3.7112 16.20333 2.132968 17.259735 15.126767 "" "" 2399.38745 3325.6731 6217.49108 4.0266 1704.2 9.5465 7054.3 43.063 "" "" 0.0028436259432132326 0.00669149 0.007629713 0.014321202 271.46075883034 -23.78777914163 2761.56201 -0.8150000000000002 -3.4280000000000004 -0.6557000005245208 -1.925599959373474 0.23230484 0.21930484 "" "" 26.626983318120473 "" 5.876342247698357 ""
271.31301748811 -23.78635666245 0.0487 0.0418 1.3277 "" "" 4066158449553891456 3198.88794 0.3187 0.0652 -0.342 -2.153 0.058 0.042 1.048 "" "" 16.204725 1.360053 16.813704 15.45365 "" "" 2646.02124 4031.31934 6209.50422 3.6262 2570.0 13.074 5220.3 20.014 "" "" 0.002827331017143879 0.006188056 0.005622349 0.011810405 271.31301748811 -23.78635666245 3198.88794 -0.342 -2.153 -0.1827000005245209 -0.6505999593734741 0.23530485 0.21930484 "" "" 10.24645561103726 "" 2.2594837081043257 ""
271.24939479097 -23.61677683139 0.0541 0.0489 11.403 "" "" 4066176660215576832 3208.52075 0.3363 0.0758 0.233 -2.167 0.069 0.049 1.003 "" "" 16.205446 1.219317 16.738995 15.519677 "" "" 2535.96387 4127.61572 6205.37452 6.3691 2753.1 14.313 4912.3 23.481 "" "" 0.0029721437100687868 0.0062965485 0.0064201574 0.012716706 271.24939479097 -23.61677683139 3208.52075 0.23300000000000023 -2.167 0.3922999994754791 -0.6645999593734739 0.24630484 0.22630484 "" "" 11.73701787571289 "" 2.7187428273232404 ""
271.23992661281 -23.80498847688 0.048 0.0393 3.0784 "" "" 4066158174676750848 2702.03833 0.3539 0.054 -1.443 -4.535 0.06 0.042 1.03 8576.5 3.5444 16.205605 2.250574 17.37911 15.128536 "" "" 2393.42578 3269.3645 6204.47833 5.5905 1526.8 11.322 7042.8 19.251 "" "" 0.0029238416240481165 0.008521048 0.004805358 0.0133264065 271.23992661281 -23.80498847688 2702.03833 -1.443 -4.535 -1.283700000524521 -3.0325999593734743 0.23730485 0.21930484 "" "" 42.17698963392828 "" 9.368945076957216 ""
271.28959333034 -23.60027240966 0.0524 0.0496 12.1083 "" "" 4066174117594906240 3138.15576 0.3269 0.0711 -0.971 -3.052 0.064 0.046 1.021 5054.8 4.192 16.209627 1.463994 16.880398 15.416404 "" "" 2518.75684 4042.64185 6181.52718 3.7598 2416.9 10.917 5402.5 11.155 "" "" 0.002833353114348159 0.0056423675 0.0043942514 0.010036619 271.28959333034 -23.60027240966 3138.15576 -0.971 -3.052 -0.8117000005245208 -1.5495999593734742 0.24130484 0.22330485 "" "" 26.020872085651728 "" 5.914564395443079 ""
271.13665390728 -23.76559180325 0.0474 0.0399 9.0124 "" "" 4066147690637162496 2540.81543 0.3912 0.0532 -2.24 -3.849 0.061 0.041 0.951 6649.1 4.1901 16.21507 1.492886 16.878761 15.385876 "" "" 2227.62476 2981.40332 6150.61563 4.2781 2420.5 13.845 5556.6 32.214 "" "" 0.0028569393495992456 0.00680829 0.007341948 0.014150238 271.13665390728 -23.76559180325 2540.81543 -2.2399999999999967 -3.8490000000000006 -2.080700000524521 -2.3465999593734743 0.23830485 0.21830484 "" "" 37.77089474211308 "" 8.586264256255891 ""
271.17407361137 -23.57288985322 0.0546 0.048 15.2896 "" "" 4066177897166352512 2744.73462 0.3665 0.0693 0.504 -1.836 0.065 0.046 1.005 5031.9 4.315 16.218534 1.307208 16.784935 15.477727 "" "" 2304.27832 3314.08813 6131.01904 4.0783 2639.0 10.884 5105.8 15.843 "" "" 0.0028484020409917294 0.005276035 0.0050629764 0.010339011 271.17407361137 -23.57288985322 2744.73462 0.5039999999999997 -1.8360000000000012 0.6632999994754791 -0.3335999593734742 0.24230485 0.22330485 "" "" 9.659514451740668 "" 2.3046732729751764 ""
271.48230954151 -23.84416936139 0.0546 0.0556 10.5395 "" "" 4066154837453002880 2802.61499 0.3849 0.0888 -0.149 -1.433 0.062 0.05 0.969 "" "" 16.218702 2.119646 17.269224 15.149578 "" "" 2258.90723 3653.6958 6130.0754 4.7296 1689.4 17.684 6907.6 24.494 "" "" 0.002879845911887656 0.011702563 0.005394994 0.017097557 271.48230954151 -23.84416936139 2802.61499 -0.149 -1.433 0.010299999475479132 0.06940004062652583 0.23930484 0.22730485 "" "" 0.9320359997161664 "" 0.21210356748635728 ""
271.09419203661 -23.92610979446 0.0488 0.0413 13.3402 "" "" 4066143709224630400 2670.95288 0.3406 0.0519 -0.656 -3.683 0.062 0.045 1.075 "" "" 16.219402 3.005027 17.970509 14.965482 "" "" 2338.74194 3082.57666 6126.12505 3.9798 885.55 8.4916 8184.0 14.978 "" "" 0.0028441688887126423 0.010778596 0.004269914 0.015048509 271.09419203661 -23.92610979446 2670.95288 -0.656 -3.6829999999999994 -0.4967000005245209 -2.180599959373474 0.23930484 0.22230485 "" "" 28.314217455305883 "" 6.318989843145764 ""
271.45904158556 -23.63242495232 0.0465 0.0403 13.558 "" "" 4066167039488521600 2535.70215 0.3925 0.0553 -2.159 -3.158 0.056 0.041 0.998 6645.5 4.0215 16.219513 1.304763 16.770542 15.465779 "" "" 2232.89355 3768.29517 6125.49718 3.4074 2674.2 16.23 5162.3 17.889 "" "" 0.0028207363465406984 0.007155827 0.005332872 0.012488699 271.45904158556 -23.63242495232 2535.70215 -2.159 -3.158 -1.9997000005245207 -1.655599959373474 0.23330486 0.21830484 "" "" 31.203294484716647 "" 7.093256236754221 ""
271.24800436053 -23.76105698251 0.0514 0.0425 3.5987 "" "" 4066170166224795776 3159.49902 0.3031 0.0589 -0.491 -1.679 0.064 0.044 1.071 9499.3 3.9856 16.222546 1.597792 16.956303 15.358511 "" "" 2704.56982 3797.20215 6108.41305 4.5019 2253.7 9.4903 5698.4 18.177 "" "" 0.002869161813049775 0.0053561567 0.005126243 0.0104824 271.24800436053 -23.76105698251 3159.49902 -0.491 -1.6790000000000007 -0.33170000052452087 -0.17659995937347417 0.24130484 0.22130485 "" "" 5.627727225512106 "" 1.3339569167662042 ""
271.42035377676 -23.63873241054 0.0558 0.0489 11.9452 "" "" 4066166970769085184 3176.4978 0.3074 0.0701 -2.641 -5.695 0.066 0.05 1.12 "" "" 16.224442 2.868899 17.868061 14.999162 "" "" 2648.18628 3851.51392 6097.76101 4.6392 973.18 8.7316 7934.0 18.233 "" "" 0.0028764767830569858 0.010133186 0.0045287213 0.014661908 271.42035377676 -23.63873241054 3176.4978 -2.6410000000000013 -5.695 -2.481700000524521 -4.192599959373474 0.24330485 0.22730485 "" "" 73.35628669490787 "" 16.986565917144354 ""
271.26394650762 -23.63395555703 0.0625 0.0526 10.2341 "" "" 4066173533467691008 2750.10718 0.4524 0.0827 -0.128 -1.108 0.082 0.054 1.25 5664.3 4.5998 16.226208 1.343277 16.698092 15.354815 "" "" 2136.87402 3680.80103 6087.84406 11.008 2858.8 45.835 5717.8 46.113 "" "" 0.003383197693761398 0.017629748 0.0095370775 0.027166825 271.26394650762 -23.63395555703 2750.10718 -0.128 -1.108 0.03129999947547912 0.3944000406265258 0.25930485 0.23130485 "" "" 5.157369591189429 "" 1.193882744268157 ""
271.39156935125 -23.6761484166 0.053 0.0461 9.1989 "" "" 4066160957814853888 3015.23779 0.3416 0.0694 -0.004 -1.208 0.063 0.046 0.985 8484.0 3.8713 16.229568 1.328321 16.80795 15.479629 "" "" 2510.62085 3632.96021 6069.02743 3.8058 2583.7 15.393 5096.9 33.182 "" "" 0.0028381940502419344 0.007044637 0.008015355 0.015059993 271.39156935125 -23.6761484166 3015.23779 -0.0040000000000000036 -1.2079999999999997 0.15529999947547912 0.2944000406265259 0.24030486 0.22330485 "" "" 4.757175339740381 "" 1.080421188869292 ""
271.19944284977 -23.63023511358 0.0551 0.0499 11.5881 "" "" 4066175320185835904 2477.13647 0.4142 0.0762 -1.149 -2.493 0.069 0.047 0.988 5024.0 4.3081 16.232174 1.374778 16.849884 15.475106 "" "" 2073.43115 3404.62231 6054.48378 4.179 2485.8 8.4429 5118.2 11.079 "" "" 0.002855416754493799 0.0046242634 0.004450532 0.009074796 271.19944284977 -23.63023511358 2477.13647 -1.1489999999999998 -2.4930000000000003 -0.9897000005245209 -0.990599959373474 0.24630484 0.22430485 "" "" 16.441608421246478 "" 3.8728509952049195 ""
271.23993113492 -23.66425897129 0.0526 0.0492 8.8175 "" "" 4066172017323124736 3401.13232 0.3225 0.0743 -0.102 -2.379 0.069 0.047 0.938 7621.3 4.4033 16.233692 1.218758 16.75923 15.540472 "" "" 2640.26245 4216.5835 6046.02527 3.6349 2702.2 13.59 4819.1 14.453 "" "" 0.002831584690673901 0.0061319876 0.0049886694 0.0111206565 271.23993113492 -23.66425897129 3401.13232 -0.10199999999999997 -2.379 0.05729999947547913 -0.8765999593734741 0.24630484 0.22430485 "" "" 14.162148799323317 "" 3.1780290146188923 ""
271.02267658176 -23.72277328536 0.0504 0.0439 15.739 "" "" 4066151435839543680 2433.17651 0.3851 0.0602 -2.205 -4.748 0.059 0.042 0.99 "" "" 16.235552 1.883208 17.158382 15.275174 "" "" 2114.15137 2768.19702 6035.67258 4.0487 1871.0 7.4151 6153.0 11.794 "" "" 0.0028499508389972163 0.0051284046 0.004314489 0.009442894 271.02267658176 -23.72277328536 2433.17651 -2.2049999999999974 -4.748000000000002 -2.045700000524521 -3.2455999593734743 0.23630485 0.21930484 "" "" 44.247452406874956 "" 9.92335289801949 ""
271.37534978004 -23.53773299616 0.0603 0.0517 16.4457 "" "" 4066180263660874624 2427.55347 0.4022 0.0642 -1.45 -3.312 0.072 0.051 1.05 7078.2 4.1945 16.236841 1.539902 16.949917 15.410015 "" "" 2120.85986 2796.56079 6028.51643 3.7781 2267.0 9.0537 5434.4 13.759 "" "" 0.0028380948883968008 0.0051562367 0.00467335 0.009829586 271.37534978004 -23.53773299616 2427.55347 -1.4499999999999984 -3.312 -1.2907000005245208 -1.809599959373474 0.24930485 0.22830485 "" "" 25.576149948654034 "" 6.025615645895073 ""
271.17714779203 -23.61711700846 0.0562 0.0507 12.869 "" "" 4066175354545629568 2492.89062 0.4127 0.0772 0.025 -1.893 0.071 0.048 1.045 "" "" 16.23706 1.211756 16.753923 15.542168 "" "" 2078.64893 3018.94727 6027.29927 4.5372 2715.5 16.356 4811.6 17.65 "" "" 0.0028739855840176826 0.0071099573 0.005490516 0.012600473 271.17714779203 -23.61711700846 2492.89062 0.02500000000000001 -1.893 0.18429999947547912 -0.39059995937347414 0.24830484 0.22530484 "" "" 5.103422442411146 "" 1.1720751996273886 ""
271.45695493163 -23.72457505698 0.05 0.0546 9.9893 "" "" 4066159686505182848 2894.01392 0.3447 0.0836 -0.732 -2.127 0.058 0.05 1.0 7096.7 4.3233 16.240805 1.474681 16.907372 15.432691 "" "" 2296.2417 3697.54932 6006.54555 3.7902 2357.6 7.6194 5322.1 25.555 "" "" 0.0028392196137412415 0.0044830404 0.0064391596 0.0109222 271.45695493163 -23.72457505698 2894.01392 -0.7319999999999999 -2.127 -0.5727000005245209 -0.6245999593734739 0.23530485 0.22730485 "" "" 11.624507594313478 "" 2.6851809678392344 ""
271.12732063979 -23.75671584006 0.0579 0.0489 9.6469 "" "" 4066147759347357184 3082.8811 0.3484 0.0666 2.011 -1.048 0.068 0.046 1.014 7170.9 4.3309 16.240849 1.391495 16.868608 15.477114 "" "" 2494.39429 3746.68481 6006.30439 4.1146 2443.3 15.427 5108.7 12.582 "" "" 0.0028539443458517498 0.0074014002 0.004629695 0.012031095 271.12732063979 -23.75671584006 3082.8811 2.011 -1.048 2.1702999994754792 0.45440004062652584 0.24530485 0.22330485 "" "" 32.40195049681891 "" 7.919710160742029 ""
271.47129530302 -23.97605225112 0.0516 0.0433 14.2001 "" "" 4066105187630552448 2547.51807 0.4249 0.065 0.037 -2.654 0.061 0.042 0.991 "" "" 16.24097 1.779162 17.098803 15.31964 "" "" 2112.06006 3829.92847 6005.62677 4.3866 1976.5 10.388 5906.1 14.87 "" "" 0.002867176071977254 0.006351978 0.004664363 0.011016341 271.47129530302 -23.97605225112 2547.51807 0.03700000000000004 -2.654 0.19629999947547913 -1.151599959373474 0.23830485 0.21930484 "" "" 14.10641906256892 "" 3.101491605031856 ""
271.4691875139 -23.63248956286 0.0447 0.0391 13.9298 "" "" 4066166867689814912 2656.87109 0.3695 0.0543 -1.754 -3.563 0.054 0.04 0.946 4958.1 4.2575 16.241302 1.483853 16.919558 15.435704 "" "" 2358.70532 3062.52148 6003.79636 3.088 2331.3 9.6679 5307.3 16.029 "" "" 0.002811341922139765 0.0052969786 0.005003633 0.010300612 271.4691875139 -23.63248956286 2656.87109 -1.754 -3.563 -1.5947000005245209 -2.0605999593734743 0.23130485 0.21730486 "" "" 32.813776533298324 "" 7.30605611156479 ""
271.19326835274 -23.63493748932 0.0564 0.0512 11.5003 "" "" 4066175285826099072 2688.79443 0.3821 0.0781 -1.033 -1.848 0.07 0.048 0.975 "" "" 16.2441 1.754794 17.089685 15.334891 "" "" 2182.08911 3440.95874 5988.33677 4.4018 1993.2 10.37 5823.7 20.822 "" "" 0.0028685757522085692 0.0063002696 0.0054178513 0.01171812 271.19326835274 -23.63493748932 2688.79443 -1.0330000000000013 -1.848000000000001 -0.8737000005245208 -0.3455999593734742 0.24730486 0.22530484 "" "" 11.974706992951845 "" 2.9271472133291265 ""
271.32461646512 -23.66678324633 0.0505 0.0438 8.2645 "" "" 4066172571406523008 2464.36304 0.3892 0.0622 -1.313 -2.737 0.063 0.045 1.047 "" "" 16.245466 1.640105 17.003496 15.363391 "" "" 2094.88452 2998.20996 5980.80819 4.5188 2157.8 17.291 5672.9 17.522 "" "" 0.002874843888883733 0.0091367345 0.0050527146 0.014189449 271.32461646512 -23.66678324633 2464.36304 -1.3129999999999997 -2.737 -1.1537000005245208 -1.2345999593734742 0.24030486 0.22230485 "" "" 19.738125959679145 "" 4.556951336434604 ""
271.51322300836 -23.69248253733 0.0447 0.0398 13.6241 "" "" 4066165660771367296 2708.66309 0.3586 0.0574 1.251 0.175 0.052 0.04 0.985 7690.8 4.2269 16.24663 1.312396 16.822693 15.510297 "" "" 2368.21973 3204.68994 5974.40571 3.4061 2548.8 9.1222 4955.0 15.089 "" "" 0.002823994320043519 0.004783829 0.0050214827 0.009805312 271.51322300836 -23.69248253733 2708.66309 1.251 0.17499999999999996 1.410299999475479 1.677400040626526 0.22930485 0.21730486 "" "" 28.1366447785921 "" 6.256269851882798 ""
271.36264477462 -23.70185803397 0.0501 0.0455 7.0378 "" "" 4066160541170309760 2493.69385 0.3918 0.0682 0.183 -2.323 0.059 0.044 0.969 "" "" 16.248028 1.652665 17.029617 15.376952 "" "" 2157.65674 2918.88184 5966.71766 3.7927 2106.5 11.28 5602.4 17.922 "" "" 0.002840437098392513 0.006448811 0.005132955 0.0115817655 271.36264477462 -23.70185803397 2493.69385 0.18300000000000002 -2.323000000000003 0.3422999994754791 -0.8205999593734741 0.23630485 0.22130485 "" "" 10.509622859970625 "" 2.349862902059861 ""
271.34419260308 -23.6275919462 0.0497 0.0473 10.7951 "" "" 4066173052442896512 2759.1853 0.3818 0.0689 0.211 -6.774 0.059 0.045 1.0 4905.7 4.1623 16.248112 1.738641 17.079203 15.340562 "" "" 2341.65454 3561.12329 5966.25948 3.5791 2012.5 16.891 5793.4 14.372 "" "" 0.0028312559437371934 0.00953022 0.004640945 0.0141711645 271.34419260308 -23.6275919462 2759.1853 0.21100000000000002 -6.773999999999998 0.3702999994754791 -5.271599959373474 0.23630485 0.22230485 "" "" 69.11470881336807 "" 15.369434832613718 ""
271.4491954404 -23.79032784803 0.0485 0.0427 8.4445 "" "" 4066156044371988864 3057.17993 0.3366 0.0667 -0.117 -2.131 0.059 0.044 0.988 9272.8 4.0378 16.248262 1.527301 16.95364 15.426339 "" "" 2499.45337 3770.80176 5965.43081 4.0817 2259.2 9.7011 5353.3 11.919 "" "" 0.002853712063978155 0.005433335 0.004486356 0.009919691 271.4491954404 -23.79032784803 3057.17993 -0.11699999999999999 -2.131 0.04229999947547912 -0.6285999593734739 0.23630485 0.22130485 "" "" 9.129663511022551 "" 2.0210769511275175 ""
271.52219775064 -23.62414167388 0.0443 0.0392 16.3831 "" "" 4066166558452102272 2418.84424 0.4071 0.056 0.164 -0.412 0.053 0.04 0.956 "" "" 16.2519 1.325774 16.832075 15.506301 "" "" 2153.85229 2706.81177 5945.48009 3.2126 2526.9 11.938 4973.2 20.16 "" "" 0.0028170856062702827 0.0058391737 0.005801291 0.011640465 271.52219775064 -23.62414167388 2418.84424 0.164 -0.41200000000000003 0.32329999947547916 1.090400040626526 0.23030485 0.21730486 "" "" 13.03973138582085 "" 2.8476697760173355 ""
271.14686332618 -23.71967509303 0.0548 0.0454 9.5595 "" "" 4066174319425311872 3140.32422 0.3095 0.0615 -1.089 -4.35 0.067 0.045 0.975 6324.5 4.0319 16.252878 1.529701 16.949543 15.419842 "" "" 2654.04224 3946.07397 5940.12766 3.8774 2267.8 11.809 5385.4 10.795 "" "" 0.002845006243655063 0.0063047092 0.0043612192 0.010665929 271.14686332618 -23.71967509303 3140.32422 -1.089 -4.35 -0.9297000005245208 -2.8475999593734738 0.24430485 0.22230485 "" "" 44.5887934432859 "" 10.010980002168608 ""
271.39448910517 -23.69065251185 0.0503 0.0471 8.599 "" "" 4066160889096072064 2511.55884 0.3982 0.071 0.089 -2.198 0.058 0.045 0.955 5556.3 3.8197 16.2531 1.691379 17.056692 15.365314 "" "" 2114.48096 3134.87476 5938.91024 3.732 2054.7 9.8565 5662.8 14.184 "" "" 0.0028385362490527303 0.0059086177 0.0046561253 0.010564743 271.39448910517 -23.69065251185 2511.55884 0.08899999999999998 -2.1980000000000004 0.24829999947547912 -0.6955999593734741 0.23530485 0.22230485 "" "" 8.792733898664988 "" 1.9679188290112655 ""
271.4206544858 -23.56740400009 0.0436 0.0379 15.6557 "" "" 4066179610825725184 2521.70972 0.3772 0.0525 -1.141 -0.657 0.056 0.041 0.978 7185.4 4.2459 16.253494 1.27579 16.816713 15.540923 "" "" 2163.2627 2908.63721 5936.75459 3.452 2562.9 8.7929 4817.1 12.112 "" "" 0.0028267203227167236 0.0046540922 0.0046622255 0.009316318 271.4206544858 -23.56740400009 2521.70972 -1.141 -0.657 -0.9817000005245209 0.8454000406265259 0.23330486 0.21830484 "" "" 15.485521751884976 "" 3.515814708009619 ""
271.28115925483 -23.56999265704 0.0551 0.0541 13.9437 "" "" 4066177175611686400 2750.62183 0.3705 0.0799 -0.308 -4.835 0.065 0.047 0.985 5325.0 3.8416 16.255163 1.562962 16.988417 15.425455 "" "" 2267.76831 3362.44263 5927.6388 3.578 2188.0 14.537 5357.7 15.591 "" "" 0.002832188555551348 0.007734404 0.004926077 0.012660481 271.28115925483 -23.56999265704 2750.62183 -0.308 -4.835 -0.14870000052452087 -3.332599959373474 0.24230485 0.22430485 "" "" 43.49349489019527 "" 9.757419906248236 ""
271.46810818602 -23.75884554938 0.0695 0.0649 9.8029 "" "" 4066156559768086400 3235.75049 0.3459 0.1006 0.434 -2.884 0.082 0.063 1.461 "" "" 16.25613 1.507889 16.874155 15.366266 "" "" 2467.38892 4636.79443 5922.35413 9.6131 2430.8 10.998 5657.9 22.234 "" "" 0.0032707314807163953 0.00564944 0.005699824 0.0113492645 271.46810818602 -23.75884554938 3235.75049 0.4340000000000001 -2.8839999999999986 0.5932999994754791 -1.381599959373474 0.25930485 0.24030486 "" "" 23.06145375604873 "" 5.6122499597443065 ""
271.32919279884 -23.73345419942 0.0509 0.0435 4.5003 "" "" 4066160369371452160 2996.76758 0.3254 0.0678 0.354 -1.083 0.062 0.046 0.878 5661.5 4.3958 16.256636 1.56542 16.979696 15.414276 "" "" 2480.42578 3777.60156 5919.60065 3.6049 2205.7 8.9309 5413.1 14.457 "" "" 0.002833541824320526 0.0052068452 0.0047636246 0.009970469 271.32919279884 -23.73345419942 2996.76758 0.354 -1.083 0.5132999994754791 0.4194000406265259 0.23930484 0.22330485 "" "" 9.415604900512673 "" 2.1941315074221817 ""
271.20738760683 -23.59010194871 0.0563 0.051 13.612 "" "" 4066176900733856256 2853.37915 0.365 0.0782 1.655 -1.132 0.071 0.049 0.945 "" "" 16.258097 1.725217 16.990744 15.265527 "" "" 2337.80298 3745.0957 5911.64064 5.1973 2183.3 22.166 6207.9 230.98 "" "" 0.0029159793820251957 0.011370606 0.040573854 0.05194446 271.20738760683 -23.59010194871 2853.37915 1.6549999999999996 -1.1320000000000001 1.8142999994754792 0.370400040626526 0.24830484 0.22630484 "" "" 25.04459490071864 "" 6.197589227238118 ""
271.35076301282 -23.57519202059 0.0496 0.0436 13.9379 "" "" 4066179890030902656 2437.53906 0.4039 0.0607 -0.017 -0.355 0.063 0.043 0.895 7404.3 4.3095 16.25955 1.299749 16.835167 15.535418 "" "" 2133.5 2735.68774 5903.73398 3.4566 2519.7 16.678 4841.6 14.28 "" "" 0.0028277010985536945 0.00770917 0.0049536377 0.0126628075 271.35076301282 -23.57519202059 2437.53906 -0.01699999999999998 -0.35499999999999987 0.1422999994754791 1.147400040626526 0.24030486 0.22030485 "" "" 13.358548406657087 "" 2.947180695228767 ""
271.45540331402 -23.64958829149 0.0495 0.0427 12.6639 "" "" 4066166730250851840 2533.09619 0.406 0.0608 0.159 -5.118 0.058 0.043 0.996 5150.6 3.7748 16.263264 1.56475 16.953367 15.388618 "" "" 2166.15869 3225.59863 5883.57066 3.8033 2259.8 18.345 5542.6 55.783 "" "" 0.002843304751605855 0.009245068 0.011562417 0.020807486 271.45540331402 -23.64958829149 2533.09619 0.15900000000000017 -5.118 0.31829999947547916 -3.6155999593734744 0.23530485 0.22030485 "" "" 43.57996140136988 "" 9.606073795327047 ""
271.28053933443 -23.79581854329 0.0511 0.0424 0.9215 "" "" 4066158239067334016 2747.72583 0.3745 0.06 -0.079 -1.482 0.062 0.046 1.052 9479.9 4.1252 16.265173 1.365838 16.869293 15.503455 "" "" 2317.94629 3537.01611 5873.23834 3.7424 2441.7 9.9615 4986.3 13.239 "" "" 0.0028408471713675175 0.0052350457 0.0047532883 0.009988334 271.28053933443 -23.79581854329 2747.72583 -0.079 -1.482 0.08029999947547913 0.020400040626525895 0.23930484 0.22330485 "" "" 1.0790668082453192 "" 0.25721217791036477 ""
271.15014742015 -23.60526411121 0.056 0.052 14.2638 "" "" 4066176179179413248 2484.3457 0.3921 0.0759 1.553 -5.63 0.066 0.049 0.964 "" "" 16.26605 1.390942 16.771954 15.381012 "" "" 2062.08789 2917.63818 5868.49388 6.0649 2670.8 58.192 5581.5 130.13 "" "" 0.002975035845497274 0.023820244 0.025594003 0.049414247 271.15014742015 -23.60526411121 2484.3457 1.553 -5.63 1.712299999475479 -4.127599959373474 0.24330485 0.22630484 "" "" 52.62221222131718 "" 12.044171005260061 ""
271.42674742225 -23.73905835329 0.0504 0.0453 8.1164 "" "" 4066159750896127104 2446.74878 0.4032 0.0632 -1.223 -8.206 0.063 0.046 0.904 4971.7 4.2684 16.268557 1.673618 17.019123 15.345505 "" "" 2112.75928 2941.52319 5854.96367 3.7277 2127.0 13.948 5767.1 111.23 "" "" 0.0028407092257811614 0.0076470138 0.021278901 0.028925914 271.42674742225 -23.73905835329 2446.74878 -1.2230000000000003 -8.206 -1.063700000524521 -6.703599959373474 0.24030486 0.22330485 "" "" 78.71825565502986 "" 17.612252519271582 ""
271.22703003018 -23.84050358082 0.0694 0.0583 4.4307 "" "" 4066134603878002432 2873.96436 0.3517 0.0772 -0.822 -0.874 0.08 0.056 1.4 5030.4 4.2851 16.269606 1.554596 16.951689 15.397093 "" "" 2315.62817 3754.58618 5849.31155 6.2882 2263.3 23.254 5499.5 21.487 "" "" 0.0029923484068365715 0.01149891 0.005681444 0.017180353 271.22703003018 -23.84050358082 2873.96436 -0.8219999999999997 -0.8739999999999996 -0.6627000005245208 0.6284000406265259 0.25730485 0.23330486 "" "" 12.44107248502278 "" 3.063411946499729 ""
271.15498092716 -23.72925902395 0.0528 0.0454 8.8843 "" "" 4066171368815823104 3072.58032 0.3155 0.0579 -0.563 -3.265 0.063 0.045 0.968 7989.1 4.3698 16.26972 1.469516 16.936735 15.467219 "" "" 2589.19873 3624.29053 5848.69654 4.3562 2294.7 9.2837 5155.5 13.601 "" "" 0.0028715399481887 0.005203825 0.0047421684 0.009945993 271.15498092716 -23.72925902395 3072.58032 -0.563 -3.2650000000000006 -0.4037000005245208 -1.7625999593734742 0.24030486 0.22230485 "" "" 26.335264552886002 "" 5.87898959552638 ""
271.36482070813 -23.75233535984 0.0514 0.045 4.8161 "" "" 4066160025773968768 2458.17554 0.3915 0.0689 -1.848 -2.899 0.062 0.046 0.901 7046.3 3.699 16.271519 1.505329 16.963285 15.457956 "" "" 2133.43774 2840.25317 5839.01531 3.8016 2239.3 10.455 5199.7 13.383 "" "" 0.0028445528905476115 0.005786315 0.004700297 0.010486612 271.36482070813 -23.75233535984 2458.17554 -1.8479999999999999 -2.8990000000000005 -1.688700000524521 -1.3965999593734741 0.23930484 0.22330485 "" "" 25.533556889111136 "" 5.947755060880645 ""
271.03167399387 -23.86639301432 0.0545 0.0459 15.0079 "" "" 4066145457244349440 2967.99097 0.3371 0.0568 0.543 -1.125 0.067 0.047 1.161 "" "" 16.275091 1.78135 17.14605 15.364699 "" "" 2544.97192 3550.03589 5819.83172 6.0842 1892.3 23.353 5666.0 38.114 "" "" 0.002979956697411041 0.013686566 0.008223451 0.021910015 271.03167399387 -23.86639301432 2967.99097 0.5430000000000007 -1.125 0.7022999994754792 0.3774000406265259 0.24430485 0.22430485 "" "" 11.21636205715866 "" 2.6915726860843083 ""
271.22572858637 -23.65966452335 0.0563 0.0511 9.3695 "" "" 4066172051692459008 3338.58447 0.3294 0.0776 -1.488 -3.093 0.07 0.049 1.004 9434.0 3.9684 16.27972 1.448161 16.933542 15.485381 "" "" 2665.87134 4500.62207 5795.07325 4.0971 2301.4 15.598 5070.0 10.389 "" "" 0.0028602478995400815 0.007869912 0.0043855947 0.012255507 271.22572858637 -23.65966452335 3338.58447 -1.488 -3.092999999999999 -1.3287000005245209 -1.590599959373474 0.24730486 0.22630484 "" "" 32.797832362516395 "" 7.712836906899835 ""
271.55098677676 -23.69175806942 0.047 0.0421 15.4919 "" "" 4066163118160760320 2967.38916 0.3777 0.0597 -2.039 -3.098 0.056 0.04 0.979 "" "" 16.28005 1.285997 16.819632 15.533634 "" "" 2410.34912 3561.6394 5793.3072 3.2375 2556.0 10.896 4849.6 31.022 "" "" 0.002821334985228632 0.0054043597 0.007906977 0.013311337 271.55098677676 -23.69175806942 2967.38916 -2.0389999999999975 -3.098 -1.879700000524521 -1.595599959373474 0.23330486 0.21730486 "" "" 34.67979069689704 "" 7.863351116310398 ""
271.35539201162 -23.86566897391 0.0569 0.0446 5.0254 "" "" 4066153914068223488 2381.47168 0.418 0.068 0.057 -1.441 0.07 0.049 1.142 "" "" 16.280235 1.961765 17.243616 15.281851 "" "" 2012.50244 2783.29346 5792.32367 3.8513 1729.7 10.984 6115.3 10.629 "" "" 0.0028483211378109888 0.007437852 0.004224327 0.01166218 271.35539201162 -23.86566897391 2381.47168 0.056999999999999995 -1.441 0.21629999947547912 0.06140004062652582 0.24730486 0.22630484 "" "" 2.538099436768254 "" 0.6238668410913117 ""
271.31852013412 -23.70489773494 0.0502 0.0419 5.9567 "" "" 4066172124729873664 2349.48779 0.4335 0.0652 -2.093 -5.183 0.065 0.046 0.859 4705.8 4.1687 16.280437 1.839321 17.182972 15.343651 "" "" 2026.40015 2838.90918 5791.24205 3.9989 1829.1 14.078 5776.9 14.462 "" "" 0.0028554954015583725 0.008810065 0.0046552694 0.013465334 271.31852013412 -23.70489773494 2349.48779 -2.093 -5.183 -1.9337000005245208 -3.680599959373474 0.24230485 0.22330485 "" "" 46.301913152424284 "" 10.53596867225926 ""
271.42861671782 -23.69687005426 0.0518 0.048 9.6386 "" "" 4066160717296600064 2348.17505 0.4184 0.0735 -0.512 -0.198 0.061 0.048 1.051 5626.5 4.5719 16.281076 1.250985 16.81084 15.559855 "" "" 1962.73242 2835.49146 5787.83361 3.8858 2576.8 11.447 4733.9 18.978 "" "" 0.0028501114743687836 0.0055721 0.0057645 0.0113366 271.42861671782 -23.69687005426 2348.17505 -0.512 -0.198 -0.3527000005245209 1.304400040626526 0.23830485 0.22530484 "" "" 15.03980350953951 "" 3.4022180461478095 ""
271.2246338377 -23.90906816646 0.0492 0.0424 7.5213 "" "" 4066133019018899712 2881.02612 0.322 0.0615 -0.209 -2.141 0.061 0.047 0.973 9849.8 4.0142 16.282852 3.039279 18.059319 15.02004 "" "" 2445.01636 3476.17236 5778.37401 4.3708 816.0 7.4733 7782.9 17.704 "" "" 0.002875109382684918 0.010327708 0.004514801 0.014842508 271.2246338377 -23.90906816646 2881.02612 -0.209 -2.141 -0.049700000524520865 -0.6385999593734741 0.23830485 0.22430485 "" "" 8.747132593436193 "" 1.9627844372895604 ""
271.15651653986 -23.67685493956 0.0585 0.0493 10.7232 "" "" 4066174529911838976 2551.87061 0.3855 0.0639 -0.359 -2.592 0.071 0.049 1.033 "" "" 16.283052 1.40068 16.900755 15.500075 "" "" 2134.20728 3276.92383 5777.31033 3.6967 2372.0 13.513 5001.8 11.959 "" "" 0.0028415545006933683 0.006785506 0.0045850384 0.011370544 271.15651653986 -23.67685493956 2551.87061 -0.3589999999999999 -2.592 -0.19970000052452086 -1.0895999593734742 0.24830484 0.22630484 "" "" 13.399185949551114 "" 3.0423299607899277 ""
271.49882738715 -23.69084057751 0.0483 0.0412 12.9875 "" "" 4066165630739088896 2442.28027 0.4335 0.0625 -1.333 -1.115 0.055 0.042 0.946 4920.2 4.27 16.283936 1.546489 17.017075 15.470586 "" "" 2018.9325 2877.61377 5772.60928 3.493 2131.0 8.8439 5139.5 17.022 "" "" 0.0028325623198465774 0.005299856 0.005216762 0.010516617 271.49882738715 -23.69084057751 2442.28027 -1.333 -1.1150000000000009 -1.1737000005245208 0.3874000406265259 0.23230484 0.21930484 "" "" 14.308227721371791 "" 3.306060546912666 ""
271.25089875256 -23.92057884153 0.0508 0.0464 7.5315 "" "" 4066132778500685056 2513.4353 0.4096 0.0683 -0.038 -1.381 0.057 0.046 0.964 9328.6 3.7822 16.284136 1.761086 17.127836 15.366751 "" "" 2079.50244 3299.91699 5771.5512 3.8137 1924.3 10.392 5655.3 14.46 "" "" 0.0028471902227677217 0.0064934343 0.004689405 0.011182839 271.25089875256 -23.92057884153 2513.4353 -0.038000000000000055 -1.381 0.12129999947547912 0.12140004062652587 0.23430485 0.22330485 "" "" 2.044565080257443 "" 0.4679322717278166 ""
271.16276236988 -23.66385408674 0.0614 0.0531 11.0535 "" "" 4066174770430019200 2992.06592 0.3482 0.0655 -1.0 -2.822 0.075 0.054 0.934 6666.3 4.3567 16.285398 1.339478 16.866512 15.527035 "" "" 2512.4541 3895.72656 5764.84609 4.073 2448.0 10.462 4879.2 27.745 "" "" 0.0028601099946008062 0.0054143886 0.007238847 0.012653235 271.16276236988 -23.66385408674 2992.06592 -1.0 -2.822 -0.8407000005245209 -1.3195999593734742 0.25230485 0.23130485 "" "" 22.19043921727693 "" 5.271522404368292 ""
271.13690272433 -23.83669663396 0.0507 0.0426 8.9726 "" "" 4066146144439234944 2682.67847 0.3384 0.0614 -1.693 -4.635 0.069 0.046 0.937 10013.8 3.7318 16.286585 3.037129 18.055143 15.018014 "" "" 2293.34204 3156.8396 5758.54178 4.4589 819.14 8.9291 7797.5 23.614 "" "" 0.0028807222847934363 0.0121596 0.0050094915 0.017169092 271.13690272433 -23.83669663396 2682.67847 -1.6929999999999998 -4.635 -1.533700000524521 -3.132599959373474 0.24630484 0.22330485 "" "" 44.351722048134285 "" 10.109223752697627 ""
271.11659748344 -23.62539019246 0.0532 0.0452 14.4674 "" "" 4066175865614001536 2771.24268 0.3436 0.0642 0.152 1.813 0.061 0.042 1.026 5254.6 4.3456 16.28801 1.285819 16.85598 15.570161 "" "" 2391.59033 3333.22266 5750.99324 3.8096 2471.9 9.3785 4689.1 11.03 "" "" 0.002847641934326343 0.0049753333 0.004561395 0.009536728 271.11659748344 -23.62539019246 2771.24268 0.152 1.813 0.31129999947547915 3.3154000406265256 0.23830485 0.21930484 "" "" 43.74162212641866 "" 9.600324402788313 ""
271.48098788346 -23.65192414605 0.0506 0.0455 13.5804 "" "" 4066166764610548608 2689.32886 0.3656 0.0642 1.089 1.069 0.062 0.047 1.08 4668.3 4.1384 16.288708 1.808339 17.1708 15.36246 "" "" 2271.6709 3466.31177 5747.29461 3.7244 1849.7 7.5043 5677.7 13.896 "" "" 0.002843733926791065 0.0052142055 0.0046200654 0.009834271 271.48098788346 -23.65192414605 2689.32886 1.089 1.069 1.248299999475479 2.571400040626526 0.23930484 0.22430485 "" "" 36.437000014849104 "" 8.280019781053898 ""
271.28807309579 -23.64899251015 0.1007 0.0857 9.1902 "" "" 4066173426072456960 2995.07495 0.4223 0.1265 -0.825 -2.127 0.134 0.097 2.25 5436.7 4.6565 16.290323 1.430544 16.867783 15.437239 "" "" 2209.2561 4450.14355 5738.74683 9.9392 2445.1 11.167 5299.8 10.374 "" "" 0.0033358403891961996 0.005689757 0.004335947 0.010025704 271.28807309579 -23.64899251015 2995.07495 -0.825 -2.1270000000000002 -0.6657000005245208 -0.6245999593734739 0.31130487 0.27430487 "" "" 12.959311604946858 "" 3.8173129912857116 ""
271.40978779463 -23.7532584396 0.0527 0.0448 6.9028 "" "" 4066159342906996096 3492.69751 0.3048 0.0729 0.582 -1.475 0.065 0.049 1.04 "" "" 16.29276 1.499569 16.986807 15.487238 "" "" 2816.62744 4739.91943 5725.88124 3.4906 2191.3 16.462 5061.3 15.339 "" "" 0.00283370432379889 0.008620551 0.0050110864 0.013631637 271.40978779463 -23.7532584396 3492.69751 0.5820000000000001 -1.4750000000000014 0.7412999994754791 0.02740004062652579 0.24230485 0.22630484 "" "" 12.28088827069758 "" 2.9754595046748866 ""
271.21540361393 -23.95177480191 0.0485 0.0422 10.0136 "" "" 4066132606701865728 3051.1875 0.3204 0.0613 -0.357 -2.762 0.06 0.046 1.022 "" "" 16.2935 2.135885 17.376915 15.24103 "" "" 2535.57544 3941.88867 5721.98402 3.4495 1529.9 9.5507 6349.6 30.809 "" "" 0.002831997054823552 0.0073297513 0.0064835795 0.013813331 271.21540361393 -23.95177480191 3051.1875 -0.35699999999999993 -2.762000000000001 -0.19770000052452086 -1.2595999593734741 0.23730485 0.22330485 "" "" 18.44014855098941 "" 4.124171110503556 ""
271.09825824076 -23.74725479998 0.0574 0.0508 11.3387 "" "" 4066150679925186560 3156.62158 0.308 0.0701 0.285 -2.386 0.07 0.05 1.036 "" "" 16.294434 1.416297 16.92147 15.505174 "" "" 2549.58594 3992.11182 5717.07001 3.7609 2327.2 10.471 4978.4 14.21 "" "" 0.0028463879562225327 0.005625818 0.0048875185 0.010513336 271.09825824076 -23.74725479998 3156.62158 0.285 -2.386 0.4442999994754791 -0.8835999593734742 0.24730486 0.22730485 "" "" 14.798029827648858 "" 3.425452433089538 ""
271.50670635198 -23.96790733538 0.0603 0.0551 15.2591 "" "" 4066104844033195520 2894.60132 0.3276 0.0819 -0.457 -3.14 0.066 0.051 0.993 9231.5 3.5695 16.295849 1.91676 17.230743 15.313983 "" "" 2432.00635 3655.95361 5709.62449 4.5589 1750.3 11.92 5937.0 22.066 "" "" 0.0028884826470801303 0.0079030655 0.005528811 0.013431877 271.50670635198 -23.96790733538 2894.60132 -0.45699999999999996 -3.1399999999999997 -0.2977000005245209 -1.6375999593734742 0.24330485 0.22830485 "" "" 22.836793068273373 "" 5.225056728336529 ""
271.44151997318 -23.74654937044 0.08 0.0735 8.6598 "" "" 4066159549052273920 2412.70166 0.5311 0.1158 1.25 -0.755 0.087 0.067 1.644 5492.9 4.5508 16.295885 1.51713 16.797869 15.280739 "" "" 1833.32751 3384.74268 5709.42994 6.1047 2607.8 22.847 6121.6 27.503 "" "" 0.0029898971429305893 0.009912933 0.006170766 0.016083699 271.44151997318 -23.74654937044 2412.70166 1.2499999999999991 -0.7550000000000002 1.4092999994754791 0.7474000406265259 0.26430485 0.24430485 "" "" 18.24328748444082 "" 4.744100333072757 ""
271.537397258 -23.9242490547 0.0545 0.0491 15.1456 "" "" 4066107253540853248 3339.42432 0.3054 0.0796 4.085 -3.898 0.068 0.048 1.019 "" "" 16.298439 2.914826 17.980305 15.065478 "" "" 2670.22559 4255.84521 5696.01246 4.7386 877.6 8.4323 7463.9 15.832 "" "" 0.002899591844397102 0.010798831 0.004425782 0.015224612 271.537397258 -23.9242490547 3339.42432 4.085 -3.898 4.244299999475479 -2.3955999593734743 0.24530485 0.22530484 "" "" 77.14521859543696 "" 18.5630717560914 ""
271.48456203148 -23.7416395636 0.052 0.0475 10.9737 "" "" 4066156658519654272 2474.06104 0.4218 0.0714 -0.681 -6.154 0.061 0.046 0.934 6432.0 4.0592 16.298986 1.54266 17.02135 15.478691 "" "" 2124.2832 3146.13354 5693.14662 3.8885 2122.6 10.865 5101.3 15.489 "" "" 0.0028533699865070307 0.006218662 0.0050151097 0.011233771 271.48456203148 -23.7416395636 2474.06104 -0.681 -6.154 -0.5217000005245209 -4.651599959373474 0.23830485 0.22330485 "" "" 54.891552143224864 "" 12.268117286284848 ""
271.44831384165 -23.6926877797 0.0505 0.0474 10.6335 "" "" 4066159991414561664 2680.63037 0.3833 0.0728 -0.788 -3.462 0.059 0.046 0.985 4822.4 4.2972 16.2993 1.559896 17.02533 15.465434 "" "" 2255.3479 3371.08862 5691.50132 3.4612 2114.9 12.048 5164.0 21.959 "" "" 0.002833328624743099 0.0067853513 0.005966532 0.012751883 271.44831384165 -23.6926877797 2680.63037 -0.7879999999999999 -3.4620000000000046 -0.6287000005245209 -1.9595999593734743 0.23630485 0.22330485 "" "" 26.149123937940818 "" 5.871784108906495 ""
271.36412951585 -23.6300027106 0.0624 0.0556 10.9789 "" "" 4066173086802600704 2527.71875 0.3869 0.0832 -0.703 -1.52 0.077 0.059 1.284 "" "" 16.300718 1.183652 16.739548 15.555896 "" "" 2149.50317 3078.88428 5684.07427 6.0257 2751.7 19.469 4751.2 19.232 "" "" 0.0029860627028828854 0.008172891 0.005796426 0.013969317 271.36412951585 -23.6300027106 2527.71875 -0.7030000000000002 -1.520000000000001 -0.5437000005245208 -0.01759995937347414 0.25430486 0.23630485 "" "" 6.517692194351346 "" 1.6573623121732015 ""
271.37855551469 -23.60578437074 0.0504 0.0445 12.6179 "" "" 4066179061079220864 2542.20459 0.387 0.0655 -0.339 0.355 0.062 0.045 1.02 6722.0 4.311 16.300844 1.47232 16.96429 15.491971 "" "" 2199.1748 3064.12061 5683.41262 3.8192 2237.2 10.029 5039.3 14.496 "" "" 0.0028502828256735365 0.0056102104 0.0049028783 0.010513089 271.37855551469 -23.60578437074 2542.20459 -0.33899999999999936 0.35500000000000004 -0.1797000005245209 1.8574000406265259 0.23930484 0.22230485 "" "" 22.486267849378592 "" 5.002485517291303 ""
271.12427870655 -23.65497366977 0.0538 0.0462 12.9107 "" "" 4066175556376214016 2405.51953 0.4178 0.0584 0.388 -2.485 0.064 0.046 0.963 5693.0 4.5375 16.301098 1.217177 16.830572 15.613395 "" "" 2150.07104 2678.15601 5682.07903 3.2876 2530.4 12.684 4506.1 9.9346 "" "" 0.0028260256760296353 0.006115954 0.00447366 0.0105896145 271.12427870655 -23.65497366977 2405.51953 0.388 -2.4850000000000008 0.5472999994754791 -0.982599959373474 0.24130484 0.22330485 "" "" 12.824467834646029 "" 2.920073847702669 ""
271.07062919876 -23.70369621125 0.0523 0.0451 13.7056 "" "" 4066151813796765056 2803.95239 0.3433 0.0552 0.148 -3.758 0.061 0.045 0.959 "" "" 16.301588 1.479024 16.977098 15.498075 "" "" 2416.76392 3300.19873 5679.52307 3.4369 2210.9 12.847 5011.0 11.531 "" "" 0.0028325723495000225 0.0068983966 0.0045305486 0.011428945 271.07062919876 -23.70369621125 2803.95239 0.14800000000000002 -3.7579999999999996 0.30729999947547915 -2.255599959373474 0.23830485 0.22230485 "" "" 30.255516613745147 "" 6.735080781171652 ""
271.12631289664 -23.72100514119 0.0542 0.0469 10.5046 "" "" 4066150856050330240 2584.7937 0.3883 0.0587 0.455 -0.678 0.065 0.046 0.983 8455.0 4.4728 16.303358 1.283118 16.85144 15.568322 "" "" 2168.09106 3072.69751 5670.27009 5.1362 2482.2 15.479 4697.1 21.709 "" "" 0.002925578361002828 0.00732303 0.006282076 0.013605106 271.12631289664 -23.72100514119 2584.7937 0.45499999999999996 -0.678 0.6142999994754792 0.8244000406265258 0.24230485 0.22330485 "" "" 12.596262560531377 "" 2.9005179631816564 ""
271.26747936228 -23.63172194941 0.0542 0.0463 10.335 "" "" 4066173632230974208 3074.18042 0.3199 0.0727 -0.027 -5.786 0.071 0.046 0.922 "" "" 16.303553 3.003069 18.05472 15.051651 "" "" 2425.40234 4437.45459 5669.25258 4.3538 819.46 12.523 7559.6 16.6 "" "" 0.002878719866496861 0.0168252 0.0044685453 0.021293744 271.26747936228 -23.63172194941 3074.18042 -0.027000000000000073 -5.785999999999999 0.13229999947547913 -4.283599959373474 0.24830484 0.22330485 "" "" 62.44873380415031 "" 13.946676331232938 ""
271.08343831546 -23.64045219807 0.0533 0.0443 15.171 "" "" 4066175728174972800 3057.50635 0.3213 0.0611 0.002 -2.996 0.062 0.043 1.073 6756.3 4.3105 16.303905 1.471584 16.97749 15.505905 "" "" 2547.80737 3823.4021 5667.41057 3.0757 2210.1 10.124 4975.0 14.058 "" "" 0.0028176194612535748 0.00570272 0.004867887 0.010570607 271.08343831546 -23.64045219807 3057.50635 0.00200000000000004 -2.996 0.16129999947547913 -1.4935999593734741 0.23930484 0.22030485 "" "" 21.771977529006215 "" 4.801444112662601 ""
271.07221360311 -23.65739775793 0.0493 0.0423 15.0412 "" "" 4066175698143107456 2783.24146 0.3511 0.0552 0.067 -3.175 0.057 0.041 0.91 5931.5 4.4308 16.305754 1.398099 16.901411 15.503312 "" "" 2386.81519 3206.07861 5657.76651 3.5778 2370.6 18.827 4986.9 26.381 "" "" 0.002839575775440698 0.0090629645 0.0068755206 0.015938485 271.07221360311 -23.65739775793 2783.24146 0.06700000000000012 -3.1750000000000003 0.22629999947547913 -1.672599959373474 0.23430485 0.21830484 "" "" 22.266932035719176 "" 4.867613797823441 ""
271.02805844612 -23.73409924773 0.0544 0.0479 15.2616 "" "" 4066151367120004096 2378.35303 0.4274 0.0619 0.103 -1.73 0.066 0.047 0.969 "" "" 16.305862 1.692071 17.112038 15.419967 "" "" 2075.58325 2861.73584 5657.20717 3.4405 1952.5 13.936 5384.8 13.092 "" "" 0.002833335576985906 0.008236454 0.004609983 0.012846436 271.02805844612 -23.73409924773 2378.35303 0.10299999999999991 -1.7299999999999998 0.2622999994754791 -0.2275999593734741 0.24330485 0.22430485 "" "" 3.9150180873159703 "" 0.9213287836694206 ""
271.1784052038 -23.74774627501 0.052 0.0421 7.2264 "" "" 4066171089609745920 2582.94629 0.3949 0.0582 -2.91 3.785 0.072 0.045 0.97 4953.0 3.7132 16.307291 1.784371 17.179985 15.395614 "" "" 2236.19434 3268.78491 5649.76848 3.5008 1834.1 11.373 5507.0 15.021 "" "" 0.002836264628311532 0.0072877705 0.0048014647 0.012089236 271.1784052038 -23.74774627501 2582.94629 -2.9099999999999957 3.785 -2.750700000524521 5.287400040626526 0.24930485 0.22230485 "" "" 72.97065213185314 "" 16.660920983777775 ""
271.37326167719 -23.78958419772 0.0498 0.0437 4.3115 "" "" 4066157728000100992 2808.84473 0.3642 0.0678 -0.13 -2.221 0.062 0.045 0.985 "" "" 16.309 1.494833 16.98803 15.493196 "" "" 2295.23926 3554.37476 5640.87841 3.5454 2188.8 9.198 5033.6 12.951 "" "" 0.0028385678152335232 0.005348111 0.004699721 0.0100478325 271.37326167719 -23.78958419772 2808.84473 -0.13 -2.220999999999999 0.02929999947547912 -0.7185999593734742 0.23930484 0.22230485 "" "" 9.575334831602666 "" 2.128923866126738 ""
271.21947459082 -23.58218511793 0.0613 0.0551 13.841 "" "" 4066177003813067008 2666.22607 0.4248 0.0844 1.747 0.18 0.08 0.054 1.057 4534.2 4.168 16.31146 1.861716 17.236324 15.374608 "" "" 2099.89136 3503.43213 5628.11005 4.0989 1741.4 13.627 5614.6 19.388 "" "" 0.0028665389618172553 0.008942644 0.005323553 0.014266197 271.21947459082 -23.58218511793 2666.22607 1.747 0.18000000000000005 1.9062999994754792 1.6824000406265258 0.25730485 0.23130485 "" "" 32.13224640359783 "" 7.912847572434969 ""
271.26263852196 -23.69434052012 0.0497 0.0428 6.7127 "" "" 4066171712413108608 3074.76904 0.3313 0.0643 -3.189 1.42 0.064 0.044 0.958 "" "" 16.311659 1.309568 16.884272 15.574703 "" "" 2542.16553 3630.45142 5627.08142 3.5894 2408.3 15.083 4669.6 12.736 "" "" 0.0028410281683083098 0.007350065 0.0048013367 0.0121514015 271.26263852196 -23.69434052012 3074.76904 -3.1889999999999947 1.4199999999999986 -3.029700000524521 2.922400040626526 0.24130484 0.22130485 "" "" 61.35029040148378 "" 14.225949655307176 ""
271.50347546205 -23.7236621961 0.0498 0.0469 12.3292 "" "" 4066162572722307840 2754.93457 0.3918 0.0714 -1.542 -1.863 0.059 0.045 1.017 7100.8 4.316 16.311825 1.338659 16.913654 15.574995 "" "" 2282.62061 3292.9668 5626.22475 3.2042 2344.0 9.4757 4668.3 16.958 "" "" 0.002823850723181678 0.005200911 0.005462518 0.010663429 271.50347546205 -23.7236621961 2754.93457 -1.5420000000000003 -1.8630000000000002 -1.382700000524521 -0.3605999593734741 0.23630485 0.22230485 "" "" 18.65975658281748 "" 4.393217974836494 ""
271.28752146116 -23.84882724268 0.0486 0.0391 2.8474 "" "" 4066157075165082496 2794.72803 0.3603 0.0569 0.217 -1.486 0.059 0.042 0.991 9475.2 3.7859 16.312428 1.480298 16.975237 15.494939 "" "" 2384.64624 3428.06079 5623.09445 3.3162 2214.7 12.722 5025.5 15.507 "" "" 0.002828742666843806 0.006832515 0.005050512 0.011883027 271.28752146116 -23.84882724268 2794.72803 0.21700000000000005 -1.486 0.3762999994754791 0.01640004062652589 0.23630485 0.21930484 "" "" 4.989582101073157 "" 1.1789074120277871 ""
271.11820986924 -23.76316257242 0.0571 0.0497 10.0308 "" "" 4066147759347318656 3044.97314 0.365 0.0757 0.003 -1.578 0.07 0.049 1.014 6014.1 4.4162 16.31258 1.44868 16.90659 15.45791 "" "" 2434.23169 3979.66284 5622.31247 3.8447 2359.3 8.6502 5199.9 15.629 "" "" 0.00285360000561215 0.0048612333 0.004993298 0.009854531 271.11820986924 -23.76316257242 3044.97314 0.0029999999999999975 -1.5780000000000005 0.16229999947547913 -0.07559995937347419 0.24730486 0.22630484 "" "" 2.584168526238987 "" 0.6297447526260902 ""
271.16585112569 -23.69056278268 0.06 0.0484 9.7836 "" "" 4066174456864412032 3284.87524 0.3055 0.0662 -0.437 -2.507 0.079 0.055 1.018 6070.7 4.4636 16.313063 1.180221 16.807766 15.627545 "" "" 2751.50439 4244.56396 5619.80592 5.1968 2584.1 13.254 4447.7 25.83 "" "" 0.002932546676814233 0.0062286938 0.0073513193 0.013580013 271.16585112569 -23.69056278268 3284.87524 -0.437 -2.5069999999999992 -0.2777000005245209 -1.0045999593734742 0.25630486 0.23230484 "" "" 16.228552346524697 "" 3.798937149988943 ""
271.07281052057 -23.76312288978 0.0558 0.0497 12.4692 "" "" 4066150336327696512 3079.98535 0.3447 0.0675 0.926 -0.013 0.069 0.049 0.89 7989.2 4.2784 16.314152 1.454082 16.97005 15.515968 "" "" 2547.81152 3842.08716 5614.17481 3.6582 2225.3 11.303 4929.1 12.891 "" "" 0.0028446964929871336 0.0061804554 0.0047272127 0.010907669 271.07281052057 -23.76312288978 3079.98535 0.9259999999999999 -0.013000000000000001 1.0852999994754793 1.489400040626526 0.24630484 0.22630484 "" "" 26.90437393405992 "" 6.280435211612695 ""
271.42481953916 -23.6042547636 0.048 0.0419 13.8174 "" "" 4066178927958078208 2374.92212 0.413 0.0579 1.421 -0.495 0.061 0.047 0.859 "" "" 16.316313 2.004852 17.288824 15.283972 "" "" 2068.72217 2877.76099 5603.01567 4.205 1659.2 13.76 6103.4 36.003 "" "" 0.0028732806518753143 0.009426571 0.0074365623 0.016863134 271.42481953916 -23.6042547636 2374.92212 1.421 -0.495 1.5802999994754792 1.0074000406265258 0.23830485 0.22430485 "" "" 21.096845123765526 "" 4.943950175379124 ""
271.32149077679 -23.72945685213 0.0484 0.0417 4.5734 "" "" 4066158891902723200 2716.78687 0.3576 0.0629 -0.444 -0.565 0.064 0.043 0.947 8159.5 4.2849 16.319033 1.31334 16.891453 15.578113 "" "" 2293.68066 3293.96899 5588.99339 3.2192 2392.4 12.465 4654.9 14.53 "" "" 0.0028253990793022325 0.0063076303 0.0050763637 0.011383994 271.32149077679 -23.72945685213 2716.78687 -0.444 -0.565 -0.2847000005245209 0.9374000406265259 0.24130484 0.22030485 "" "" 12.615897704364624 "" 2.8026857738547966 ""
271.3405510547 -23.59613156737 0.0535 0.0468 12.5929 "" "" 4066174010188250752 3334.78125 0.3272 0.0678 0.004 -2.645 0.064 0.045 0.91 7088.7 4.3125 16.320421 1.383013 16.939589 15.556576 "" "" 2719.05762 4059.87549 5581.84998 3.291 2288.7 16.668 4748.2 18.041 "" "" 0.00282870408716941 0.008384973 0.0055948063 0.01397978 271.3405510547 -23.59613156737 3334.78125 0.003999999999999997 -2.6449999999999996 0.16329999947547913 -1.1425999593734741 0.24130484 0.22230485 "" "" 18.244445190697036 "" 4.063057583783181 ""
271.39502721036 -23.71155640607 0.0512 0.0454 7.6859 "" "" 4066160648577149824 2962.97998 0.3402 0.0649 -0.3 -3.12 0.06 0.045 0.967 5023.1 4.2723 16.320797 1.517591 17.016773 15.499183 "" "" 2528.70142 3622.5564 5579.92144 3.6492 2131.6 15.865 5005.9 20.867 "" "" 0.0028453421385380238 0.008549016 0.0058963746 0.014445391 271.39502721036 -23.71155640607 2962.97998 -0.3 -3.119999999999999 -0.14070000052452086 -1.6175999593734742 0.23730485 0.22230485 "" "" 22.804201063640754 "" 5.072138970016672 ""
271.2492717486 -23.98066805755 0.0501 0.0435 11.0215 "" "" 4066129518652590080 2473.80225 0.3574 0.0628 -0.972 0.098 0.062 0.046 1.005 8449.8 3.916 16.322422 2.845432 17.951492 15.10606 "" "" 2140.79077 2857.29199 5571.57608 3.6169 901.2 10.213 7190.1 12.728 "" "" 0.0028440413094007874 0.012616677 0.004240017 0.016856695 271.2492717486 -23.98066805755 2473.80225 -0.9719999999999988 0.098 -0.8127000005245208 1.600400040626526 0.23930484 0.22330485 "" "" 21.046991274509093 "" 4.770868838156312 ""
271.36931669185 -23.62381450843 0.0628 0.0551 11.4261 "" "" 4066173121162342272 2626.26001 0.4097 0.0818 0.518 -0.108 0.076 0.056 1.352 5810.4 4.5 16.322989 1.387937 16.877275 15.489339 "" "" 2112.30542 3411.86475 5568.66576 5.4679 2423.9 11.921 5051.5 12.815 "" "" 0.002954375804222484 0.0060247956 0.0046765683 0.010701364 271.36931669185 -23.62381450843 2626.26001 0.5180000000000007 -0.10800000000000003 0.6772999994754791 1.3944000406265258 0.25330484 0.23330486 "" "" 19.297488374757542 "" 4.5783865341786 ""
271.29984329762 -23.77654796317 0.0546 0.0462 1.542 "" "" 4066158651384308864 3021.46338 0.3241 0.0709 -1.701 2.295 0.065 0.047 0.93 4973.1 3.6351 16.325575 2.159648 17.436058 15.27641 "" "" 2501.2876 3652.81885 5555.4182 3.781 1448.7 12.087 6146.0 22.295 "" "" 0.0028526889763427717 0.009478635 0.005458581 0.014937216 271.29984329762 -23.77654796317 3021.46338 -1.700999999999998 2.295 -1.541700000524521 3.797400040626526 0.24230485 0.22430485 "" "" 58.69655993547635 "" 13.320517688148593 ""
271.45047156762 -23.79514352433 0.0517 0.0468 8.4952 "" "" 4066156044371977088 2617.9082 0.3733 0.0744 0.187 -1.058 0.066 0.047 1.058 "" "" 16.328465 1.446969 16.975414 15.528445 "" "" 2145.97876 3285.25708 5540.64814 3.6071 2214.4 7.6436 4872.8 13.847 "" "" 0.002844541093285935 0.0046723005 0.0048788297 0.00955113 271.45047156762 -23.79514352433 2617.9082 0.187 -1.058 0.3462999994754791 0.4444000406265258 0.24330485 0.22430485 "" "" 6.99111646173123 "" 1.6196077096314698 ""
271.53517696456 -23.81682067855 0.0515 0.0517 13.1645 "" "" 4066155181050508544 3182.16675 0.3319 0.0787 -0.205 -1.538 0.061 0.044 0.959 "" "" 16.330359 2.042967 17.35324 15.310272 "" "" 2562.14502 4459.50293 5530.9918 4.0831 1563.6 7.0497 5957.3 8.1531 "" "" 0.002869532111537742 0.005634527 0.004060998 0.009695525 271.53517696456 -23.81682067855 3182.16675 -0.205 -1.5379999999999998 -0.04570000052452086 -0.035599959373474155 0.23830485 0.22130485 "" "" 0.8737805261022383 "" 0.20274426385388197 ""
271.30203644426 -23.6350667065 0.0551 0.0463 10.0213 "" "" 4066173460432260608 3114.50732 0.3239 0.0637 -0.632 -0.601 0.073 0.051 0.982 6467.3 4.342 16.33043 1.321354 16.923536 15.602182 "" "" 2572.1936 4525.82666 5530.63573 3.2914 2322.7 10.615 4552.9 13.187 "" "" 0.0028300693644415713 0.0056926147 0.0049166046 0.010609219 271.30203644426 -23.6350667065 3114.50732 -0.632 -0.6010000000000006 -0.4727000005245209 0.9014000406265259 0.25030485 0.22830485 "" "" 15.025908026725032 "" 3.504425992400312 ""
271.4010213583 -23.88270210725 0.0548 0.0455 7.5317 "" "" 4066153982787609216 2795.62207 0.3194 0.0653 -2.555 -0.839 0.066 0.047 0.996 8402.4 3.6112 16.330847 3.273753 18.267448 14.993695 "" "" 2396.63623 3416.17822 5528.50911 4.959 673.66 11.988 7974.1 23.608 "" "" 0.0029223711708021736 0.019521458 0.0049614697 0.024482928 271.4010213583 -23.88270210725 2795.62207 -2.5549999999999997 -0.839 -2.395700000524521 0.6634000406265259 0.24330485 0.22430485 "" "" 32.940690681552226 "" 7.971680735149093 ""
271.26990168228 -23.5368621817 0.067 0.0599 15.972 "" "" 4066177587931073920 2407.5603 0.4428 0.0844 -1.738 -0.979 0.078 0.057 0.991 6736.0 4.3465 16.331253 1.451957 17.002552 15.550595 "" "" 1986.22241 2986.07422 5526.43652 3.8961 2159.7 12.639 4774.4 15.102 "" "" 0.002859664773789628 0.006939574 0.0051066857 0.01204626 271.26990168228 -23.5368621817 2407.5603 -1.738 -0.9789999999999999 -1.5787000005245209 0.5234000406265259 0.25530484 0.23430485 "" "" 18.98018953982922 "" 4.807736000581363 ""
271.33009028275 -23.67211635577 0.0492 0.0427 8.0157 "" "" 4066172567078888704 2492.81665 0.3931 0.0617 2.0 1.434 0.061 0.044 1.023 6125.3 4.3585 16.333212 1.395027 16.961115 15.566088 "" "" 2200.43506 3026.17114 5516.47899 3.577 2243.7 13.734 4706.8 9.1689 "" "" 0.0028438398434169274 0.0072078845 0.0043309424 0.011538827 271.33009028275 -23.67211635577 2492.81665 2.0 1.434 2.159299999475479 2.936400040626526 0.23830485 0.22130485 "" "" 43.067514861647254 "" 9.794243545056402 ""
271.21104112641 -23.55254343427 0.0652 0.0639 15.6767 "" "" 4066177858479137024 3121.96289 0.3489 0.0826 0.444 -0.685 0.072 0.058 1.121 4780.4 4.1732 16.338161 1.675415 17.137362 15.461946 "" "" 2443.24463 4216.77637 5491.38473 3.7412 1907.5 8.6172 5180.6 22.184 "" "" 0.0028528827072210774 0.005642927 0.0059916084 0.011634535 271.21104112641 -23.55254343427 3121.96289 0.44400000000000006 -0.685 0.6032999994754791 0.8174000406265258 0.24930485 0.23530485 "" "" 15.033837539172561 "" 3.6131573093925415 ""
271.12926829647 -23.74422070837 0.0556 0.0476 9.7846 "" "" 4066147866753071616 2901.74243 0.3423 0.0603 -1.083 -3.015 0.067 0.047 0.927 5748.1 4.4008 16.33953 1.490774 17.02073 15.529955 "" "" 2418.94531 3528.22266 5484.4656 3.6826 2123.9 8.8331 4866.0 11.516 "" "" 0.0028501354417795307 0.0053079715 0.0045701438 0.009878116 271.12926829647 -23.74422070837 2901.74243 -1.083 -3.015 -0.9237000005245208 -1.5125999593734742 0.24430485 0.22430485 "" "" 24.37718966287084 "" 5.6045478684258 ""
271.20512309487 -23.80847586766 0.0473 0.0402 4.9988 "" "" 4066146492363449984 2819.84277 0.3281 0.0527 0.235 -1.004 0.061 0.043 1.004 "" "" 16.339638 1.345326 16.861969 15.516643 "" "" 2499.83765 3278.55664 5483.92526 3.8337 2458.3 33.245 4926.1 64.518 "" "" 0.0028579528560346333 0.014945785 0.014713746 0.02965953 271.20512309487 -23.80847586766 2819.84277 0.235 -1.004 0.3942999994754791 0.4984000406265259 0.23830485 0.22030485 "" "" 8.494283840219783 "" 1.931623210674474 ""
271.35153023492 -23.57197582752 0.0516 0.0444 14.1355 "" "" 4066179924390646272 3244.26514 0.3271 0.0623 -0.555 -3.526 0.066 0.045 0.985 6830.8 4.3358 16.340902 1.352552 16.935463 15.582911 "" "" 2651.16675 4127.14551 5477.54231 3.5948 2297.4 11.049 4634.4 16.025 "" "" 0.0028459641826563756 0.005920392 0.005327146 0.011247538 271.35153023492 -23.57197582752 3244.26514 -0.5549999999999999 -3.526 -0.3957000005245209 -2.023599959373474 0.24330485 0.22230485 "" "" 31.70790699446948 "" 7.074456174865632 ""
271.28812420695 -23.86741189839 0.0479 0.04 3.9482 "" "" 4066133538742015872 3251.86133 0.3116 0.0554 -0.79 -1.984 0.058 0.043 1.003 9247.7 3.6465 16.343578 1.875718 17.257637 15.381919 "" "" 2792.18066 3966.11353 5464.06242 3.4178 1707.5 7.2632 5576.9 13.151 "" "" 0.0028377829391409795 0.005395801 0.004564958 0.009960759 271.28812420695 -23.86741189839 3251.86133 -0.7899999999999999 -1.9839999999999978 -0.6307000005245209 -0.4815999593734741 0.23530485 0.22030485 "" "" 12.231633267451944 "" 2.811978324578385 ""
271.47689212789 -23.74014439317 0.0526 0.0483 10.6081 "" "" 4066159613457163008 2526.55054 0.4025 0.0732 0.381 0.031 0.063 0.047 1.016 5426.1 4.3178 16.344652 1.457868 17.009464 15.551597 "" "" 2111.6936 3075.97485 5458.65553 3.1295 2146.0 9.5564 4770.0 17.39 "" "" 0.002824756557388391 0.005582245 0.0054728086 0.011055054 271.47689212789 -23.74014439317 2526.55054 0.381 0.031000000000000003 0.5402999994754791 1.5334000406265258 0.24030486 0.22430485 "" "" 19.470388270446925 "" 4.402791038562446 ""
271.17698424028 -23.55041554884 0.0534 0.0492 16.4485 "" "" 4066178098997318272 2741.49194 0.3669 0.0725 -2.684 -3.071 0.066 0.047 0.94 6552.7 4.3209 16.344652 1.367195 16.94136 15.574165 "" "" 2245.0686 3332.4729 5458.65637 3.8112 2284.9 15.099 4671.9 17.141 "" "" 0.002857697609288308 0.0076981643 0.005491098 0.013189262 271.17698424028 -23.55041554884 2741.49194 -2.684 -3.071 -2.524700000524521 -1.5685999593734743 0.24330485 0.22430485 "" "" 38.624169292620756 "" 9.198946407265227 ""
271.35845325351 -23.81153228018 0.0572 0.0509 3.4808 "" "" 4066157384401889536 2907.26123 0.3479 0.0794 0.617 -1.071 0.065 0.047 1.035 "" "" 16.345108 1.468899 17.008026 15.539127 "" "" 2271.32715 4005.11816 5456.3656 3.6003 2148.9 10.239 4825.1 12.322 "" "" 0.002846933043724474 0.0058777407 0.0046873726 0.010565113 271.35845325351 -23.81153228018 2907.26123 0.617 -1.0709999999999997 0.7762999994754791 0.4314000406265259 0.24230485 0.22430485 "" "" 12.238591722177233 "" 2.9149923681751626 ""
271.25956019681 -23.67434347839 0.0674 0.0564 7.915 "" "" 4066171815492358400 3005.9668 0.3395 0.0884 -0.568 -2.758 0.091 0.054 1.147 "" "" 16.345457 2.783358 17.899878 15.11652 "" "" 2409.18311 3914.88281 5454.61177 5.2628 945.07 25.756 7121.1 33.852 "" "" 0.0029477387079977495 0.029720834 0.0063971123 0.036117945 271.25956019681 -23.67434347839 3005.9668 -0.5680000000000001 -2.7579999999999996 -0.4087000005245208 -1.2555999593734741 0.26830485 0.23130485 "" "" 18.81403013019825 "" 4.423213018947334 ""
271.37913511645 -23.86315646512 0.0541 0.0451 5.8594 "" "" 4066153879708452096 3392.57471 0.3112 0.0627 1.189 -0.099 0.065 0.046 1.035 "" "" 16.34826 1.955149 17.317171 15.362022 "" "" 2744.74585 4675.61523 5440.54035 3.7292 1616.4 12.253 5680.0 13.136 "" "" 0.0028540574904756377 0.00869043 0.0045374692 0.013227899 271.37913511645 -23.86315646512 3392.57471 1.1889999999999996 -0.099 1.3482999994754792 1.403400040626526 0.24230485 0.22330485 "" "" 31.295428644916747 "" 7.279889514436804 ""
271.06078932628 -23.63872248469 0.09 0.0739 16.2103 "" "" 4066175762534723072 2348.18945 0.4542 0.1025 5.349 -0.255 0.105 0.073 2.184 5304.8 4.3372 16.350288 1.587179 16.830275 15.243095 "" "" 1836.7981 2958.97461 5430.39566 10.052 2531.1 45.661 6337.5 189.75 "" "" 0.0034104172176533283 0.019784395 0.0327268 0.052511193 271.06078932628 -23.63872248469 2348.18945 5.349 -0.255 5.508299999475479 1.247400040626526 0.28230485 0.25030485 "" "" 62.86210958100415 "" 17.653468907606193 ""
271.29387716235 -23.59687322075 0.0587 0.0582 12.3078 "" "" 4066174147627201664 3231.9314 0.3336 0.0838 0.51 -3.69 0.07 0.051 0.927 4929.2 4.3113 16.35275 1.474133 17.016865 15.542731 "" "" 2580.41016 4209.27393 5418.0883 3.8877 2131.4 12.037 4809.1 17.671 "" "" 0.0028633414121047207 0.006736633 0.005495459 0.012232091 271.29387716235 -23.59687322075 3231.9314 0.5100000000000001 -3.6900000000000004 0.6692999994754791 -2.187599959373474 0.24730486 0.22830485 "" "" 35.046037103859675 "" 8.060328273817564 ""
271.34192606554 -23.64258454139 0.0528 0.0467 9.893 "" "" 4066172979395892992 2563.66846 0.3795 0.0672 -1.404 -4.024 0.063 0.045 0.886 6488.7 4.3352 16.353476 1.407666 16.996466 15.588799 "" "" 2208.48315 3195.98071 5414.4805 3.6736 2171.9 11.532 4609.3 11.131 "" "" 0.0028520936238507423 0.0064045857 0.0045998176 0.011004403 271.34192606554 -23.64258454139 2563.66846 -1.404 -4.023999999999997 -1.2447000005245208 -2.521599959373474 0.24030486 0.22230485 "" "" 34.171694497579146 "" 7.720902157315906 ""
271.11827520495 -23.67614410872 0.0684 0.0585 12.3369 "" "" 4066174701699386112 2370.74438 0.4313 0.0724 1.4 -3.515 0.086 0.058 1.106 5342.7 4.3571 16.356956 1.291343 16.677818 15.386476 "" "" 2062.11572 2986.31323 5397.14921 5.8172 2912.7 119.02 5553.5 166.23 "" "" 0.0029935337749919604 0.044453472 0.032717787 0.07717126 271.11827520495 -23.67614410872 2370.74438 1.3999999999999997 -3.5150000000000006 1.559299999475479 -2.0125999593734742 0.26330486 0.23530485 "" "" 28.60992702595894 "" 7.043228942175144 ""
271.27168373731 -23.78046425081 0.0519 0.0434 1.854 "" "" 4066158346474741632 2725.23438 0.353 0.0587 -0.929 -1.127 0.066 0.046 0.958 4990.5 4.2279 16.357056 1.652973 17.129885 15.476912 "" "" 2394.35059 3230.60132 5396.65228 3.5499 1920.7 12.036 5109.7 10.983 "" "" 0.002846376987766117 0.0073536225 0.0044418466 0.011795469 271.27168373731 -23.78046425081 2725.23438 -0.9289999999999999 -1.127 -0.7697000005245209 0.3754000406265259 0.24330485 0.22330485 "" "" 11.062207016937283 "" 2.6504075804743796 ""
271.30203018606 -23.54850428888 0.0636 0.063 15.2131 "" "" 4066177313050643968 2859.30884 0.3998 0.0888 -3.467 -6.816 0.078 0.056 1.069 5564.0 4.5749 16.36146 1.584519 17.102386 15.517867 "" "" 2148.98022 3741.13574 5374.80844 4.184 1970.0 24.796 4920.5 18.897 "" "" 0.002882035934709891 0.0139478715 0.005627644 0.019575516 271.30203018606 -23.54850428888 2859.30884 -3.4670000000000005 -6.815999999999999 -3.307700000524521 -5.313599959373474 0.25530484 0.23330486 "" "" 84.82915713174509 "" 20.329508339676707 ""
271.35398408685 -23.77316190858 0.0511 0.0446 3.6276 "" "" 4066158548305101440 3161.44092 0.3192 0.0698 1.13 -2.867 0.063 0.047 0.953 5568.8 3.7885 16.365316 1.58319 17.060581 15.477391 "" "" 2503.09351 3959.00122 5355.74614 3.9311 2047.3 23.772 5107.4 22.836 "" "" 0.0028682541163783195 0.012911975 0.006152227 0.019064203 271.35398408685 -23.77316190858 3161.44092 1.13 -2.867 1.289299999475479 -1.3645999593734741 0.24030486 0.22430485 "" "" 28.13245966636418 "" 6.526415085476595 ""
271.3437653813 -23.83014521267 0.0534 0.0438 3.1231 "" "" 4066156967756853120 2966.26318 0.325 0.0648 3.893 -3.024 0.063 0.046 1.041 15008.9 4.0778 16.366037 2.617153 17.809784 15.192631 "" "" 2478.99072 3697.677 5352.19725 3.963 1026.8 8.7762 6639.1 16.769 "" "" 0.002870206790022719 0.009690317 0.0046694954 0.014359813 271.3437653813 -23.83014521267 2966.26318 3.893 -3.024000000000001 4.052299999475479 -1.5215999593734741 0.24030486 0.22330485 "" "" 60.859883588563555 "" 14.501075163166156 ""
271.37922707386 -23.82752345565 0.0519 0.0461 4.8232 "" "" 4066157311354239488 2946.99487 0.3436 0.0723 -0.307 -2.647 0.063 0.047 1.074 "" "" 16.36637 1.480881 17.042324 15.561443 "" "" 2326.83179 3799.48975 5350.55793 3.7402 2082.0 10.755 4727.0 17.975 "" "" 0.002857938568925463 0.0062642936 0.005597271 0.011861565 271.37922707386 -23.82752345565 2946.99487 -0.30699999999999994 -2.6470000000000002 -0.14770000052452087 -1.144599959373474 0.24030486 0.22430485 "" "" 16.121205054047945 "" 3.6204373245425163 ""
271.5067799553 -23.94926482894 0.0598 0.0545 14.558 "" "" 4066105638633151232 3188.31201 0.3197 0.0887 -2.92 -2.469 0.074 0.052 1.046 "" "" 16.366383 2.97148 18.070704 15.099223 "" "" 2389.4856 4230.9585 5350.49332 4.693 807.49 13.205 7235.5 45.71 "" "" 0.0029152521257749297 0.017973095 0.007831407 0.025804501 271.5067799553 -23.94926482894 3188.31201 -2.92 -2.469 -2.760700000524521 -0.966599959373474 0.25130486 0.22930485 "" "" 44.204752213874734 "" 11.006849045660948 ""
271.35954825483 -23.67271334117 0.0568 0.051 8.508 "" "" 4066172670158099584 3028.45923 0.311 0.0732 -2.326 -3.574 0.072 0.053 1.025 4600.5 2.5359 16.36715 3.593119 18.587664 14.994545 "" "" 2523.79321 3740.61938 5346.71818 5.9083 501.59 12.421 7967.8 14.2 "" "" 0.0030052034455726553 0.027030747 0.00424592 0.031276666 271.35954825483 -23.67271334117 3028.45923 -2.326 -3.573999999999998 -2.166700000524521 -2.071599959373474 0.24930485 0.23030485 "" "" 43.031458484388004 "" 10.345552250525756 ""
271.3810754628 -23.87315415569 0.0548 0.0453 6.3307 "" "" 4066153673550001408 2721.9314 0.3502 0.0651 0.343 -1.828 0.064 0.046 1.031 "" "" 16.367184 1.990502 17.360897 15.370395 "" "" 2244.37622 3299.38184 5346.54285 4.1759 1552.6 12.113 5636.4 13.323 "" "" 0.00288286516302621 0.008918344 0.004568385 0.013486729 271.3810754628 -23.87315415569 2721.9314 0.343 -1.8280000000000007 0.5022999994754791 -0.3255999593734742 0.24130484 0.22330485 "" "" 7.723095756452208 "" 1.8235944530531678 ""
271.47763977111 -23.68828008436 0.05 0.0451 12.09 "" "" 4066165832570082432 2371.52075 0.4227 0.0654 0.624 -1.179 0.06 0.043 0.956 5709.0 4.5376 16.367525 1.3533 16.971642 15.618341 "" "" 2054.29346 2967.30566 5344.86203 3.0509 2222.1 11.36 4485.6 9.6954 "" "" 0.0028241597155387148 0.0062124133 0.004448711 0.010661124 271.47763977111 -23.68828008436 2371.52075 0.624 -1.1789999999999998 0.7832999994754791 0.32340004062652583 0.23730485 0.22030485 "" "" 9.526026543267303 "" 2.2377169800905787 ""
271.39588879363 -23.72989400588 0.0501 0.0451 6.9897 "" "" 4066160201900518144 3213.76904 0.3153 0.067 -0.724 -1.753 0.059 0.046 1.038 "" "" 16.36914 1.881619 17.281977 15.400358 "" "" 2630.40454 3810.75757 5336.91765 3.6116 1669.7 17.878 5483.0 19.67 "" "" 0.0028516015941595996 0.0119554605 0.0054272423 0.017382704 271.39588879363 -23.72989400588 3213.76904 -0.7240000000000001 -1.7530000000000001 -0.5647000005245209 -0.250599959373474 0.23630485 0.22330485 "" "" 9.411229504939945 "" 2.2042559052274555 ""
271.14362359306 -23.64073800258 0.0584 0.0507 12.7901 "" "" 4066175968693137920 3203.69873 0.3117 0.0652 -0.19 -2.884 0.068 0.049 1.06 6053.4 4.4496 16.369686 1.405531 16.903027 15.497496 "" "" 2694.625 4342.86084 5334.23447 3.7705 2367.0 24.104 5013.7 77.482 "" "" 0.002860204843843857 0.011403061 0.017199403 0.028602464 271.14362359306 -23.64073800258 3203.69873 -0.18999999999999997 -2.884 -0.030700000524520876 -1.381599959373474 0.24530485 0.22630484 "" "" 20.98550930679661 "" 4.749327441887863 ""
271.44218856842 -23.73008935306 0.0507 0.0473 9.1179 "" "" 4066159789583585280 2937.26147 0.3372 0.0724 -0.374 -2.122 0.06 0.047 0.977 5317.6 4.329 16.370142 1.360226 16.943409 15.583183 "" "" 2353.93066 3631.5542 5331.99331 6.1826 2280.6 14.72 4633.2 27.676 "" "" 0.003029311021789423 0.007542851 0.0075063994 0.015049251 271.44218856842 -23.73008935306 2937.26147 -0.374 -2.122 -0.21470000052452087 -0.619599959373474 0.23730485 0.22430485 "" "" 9.1296741820748 "" 2.060880485288996 ""
271.31386818522 -23.72495103518 0.0527 0.0451 4.7266 "" "" 4066170647261104128 2374.97852 0.4087 0.0673 -0.347 1.967 0.068 0.047 1.039 "" "" 16.370852 1.4131 17.00325 15.59015 "" "" 2076.12524 2727.16479 5328.51793 3.7486 2158.3 8.0526 4603.6 13.442 "" "" 0.0028592305822840633 0.0049188025 0.0049329586 0.009851761 271.31386818522 -23.72495103518 2374.97852 -0.3470000000000001 1.9670000000000003 -0.18770000052452085 3.469400040626526 0.24530485 0.22430485 "" "" 39.11353463649126 "" 8.775864724117604 ""
271.05580376774 -23.66212146484 0.0599 0.0496 15.6319 "" "" 4066152294833306112 2373.01733 0.4166 0.068 -1.735 -4.798 0.073 0.051 1.164 4849.7 4.186 16.371334 1.57731 17.092798 15.515489 "" "" 2051.35449 2794.55176 5326.1494 4.4992 1987.5 8.8973 4931.3 13.874 "" "" 0.00290395872405211 0.005604365 0.0048595006 0.0104638655 271.05580376774 -23.66212146484 2373.01733 -1.7349999999999997 -4.798 -1.575700000524521 -3.295599959373474 0.25030485 0.22830485 "" "" 41.088394279010636 "" 9.555350613387066 ""
271.15627455813 -23.60583168988 0.064 0.0624 14.049 "" "" 4066176179179403520 2372.45581 0.4502 0.0836 0.269 -3.063 0.073 0.059 1.008 4978.1 4.3518 16.372515 1.341151 16.854883 15.513732 "" "" 2046.96204 2898.60303 5320.35353 7.8372 2474.4 26.808 4939.3 84.597 "" "" 0.0031858631898366054 0.012089403 0.018975928 0.031065332 271.15627455813 -23.60583168988 2372.45581 0.26899999999999996 -3.063 0.42829999947547914 -1.5605999593734743 0.25030485 0.23630485 "" "" 18.198559773770157 "" 4.318743450870579 ""
271.08726933551 -23.74989294817 0.0584 0.0535 11.8747 "" "" 4066150752971119488 2391.73218 0.4334 0.077 1.88 1.012 0.07 0.05 0.988 4922.6 4.3056 16.3769 1.676734 17.176239 15.499505 "" "" 2021.17053 2960.9314 5298.91641 3.4935 1840.4 11.282 5004.4 13.169 "" "" 0.0028467830764869065 0.007216945 0.004737798 0.011954743 271.08726933551 -23.74989294817 2391.73218 1.8800000000000021 1.012 2.039299999475479 2.514400040626526 0.24730486 0.22730485 "" "" 36.70212885635427 "" 8.641298552924246 ""
271.41535316496 -23.73305860117 0.0547 0.0485 7.7542 "" "" 4066159819615636352 2561.46436 0.3936 0.0714 2.676 -1.246 0.064 0.049 1.049 4712.7 4.2789 16.377626 1.790185 17.25536 15.465175 "" "" 2136.6001 3067.61694 5295.36903 3.3422 1711.1 7.8713 5165.2 13.765 "" "" 0.0028392572568579637 0.0057210545 0.0047597983 0.010480853 271.41535316496 -23.73305860117 2561.46436 2.676 -1.2460000000000002 2.8352999994754793 0.2564000406265259 0.24130484 0.22630484 "" "" 34.56481595469181 "" 8.336581675134694 ""
271.15351243957 -23.7926388043 0.0549 0.047 7.8374 "" "" 4066147415749772032 3032.22021 0.3287 0.0651 0.152 -1.707 0.077 0.052 0.987 7887.6 4.2987 16.377922 1.312936 16.956089 15.643153 "" "" 2547.21362 3685.79419 5293.93007 3.1221 2254.1 11.318 4384.3 13.352 "" "" 0.00282874376349261 0.0061240965 0.0050216294 0.011145726 271.15351243957 -23.7926388043 3032.22021 0.15200000000000016 -1.7070000000000003 0.31129999947547915 -0.2045999593734742 0.25430486 0.22930485 "" "" 5.354082363569992 "" 1.3226187874064206 ""
271.2110864832 -23.59833674879 0.0601 0.0544 13.0779 "" "" 4066176900733838464 2430.94312 0.4386 0.0819 1.055 -0.646 0.076 0.052 0.941 "" "" 16.378653 1.272587 16.945122 15.672535 "" "" 2028.34363 3053.8313 5290.36207 4.2454 2277.0 19.531 4267.2 28.224 "" "" 0.0028897953880969735 0.009721908 0.00811505 0.017836958 271.2110864832 -23.59833674879 2430.94312 1.0549999999999997 -0.6460000000000001 1.214299999475479 0.8564000406265259 0.25330484 0.22930485 "" "" 17.121717033628176 "" 4.204973079094001 ""
271.41995486042 -23.62252066145 0.0497 0.0415 12.7435 "" "" 4066178751832030464 2877.30273 0.338 0.062 0.092 -0.931 0.062 0.044 0.926 "" "" 16.378729 1.304627 16.950306 15.645679 "" "" 2409.73267 3711.38013 5289.98994 3.6726 2266.2 8.9106 4374.1 15.793 "" "" 0.002856566071546752 0.005099999 0.0054452852 0.010545284 271.41995486042 -23.62252066145 2877.30273 0.092 -0.9309999999999999 0.2512999994754791 0.5714000406265258 0.23930484 0.22130485 "" "" 8.513361408370326 "" 1.9097194335256638 ""
271.46220991929 -23.66772088493 0.0542 0.0478 12.1794 "" "" 4066166661531335808 2919.42822 0.3371 0.0694 -0.058 -1.46 0.065 0.047 1.1 "" "" 16.37929 1.191679 16.890453 15.698774 "" "" 2462.62915 3422.48535 5287.26387 3.8839 2394.6 11.115 4165.3 11.647 "" "" 0.0028684291027201454 0.005760483 0.0048477435 0.010608226 271.46220991929 -23.66772088493 2919.42822 -0.05800000000000001 -1.46 0.10129999947547913 0.042400040626525914 0.24230485 0.22430485 "" "" 1.5196373322158723 "" 0.36426807363230784 ""
271.33269538489 -23.56382183111 0.0576 0.0504 14.4326 "" "" 4066180160581560704 2739.94946 0.3663 0.0756 -0.642 -2.018 0.073 0.051 0.983 6316.3 4.4825 16.380735 1.211294 16.900452 15.689158 "" "" 2347.05737 3260.7666 5280.22934 3.658 2372.7 12.351 4202.4 19.281 "" "" 0.00285614199119846 0.0063029695 0.006252891 0.01255586 271.33269538489 -23.56382183111 2739.94946 -0.642 -2.018 -0.4827000005245209 -0.5155999593734739 0.25030485 0.22830485 "" "" 9.172815632446898 "" 2.1907706473036392 ""
271.32798912532 -23.60478362347 0.0585 0.0505 11.9632 "" "" 4066173975828475136 2896.0293 0.3797 0.0731 -2.025 -2.475 0.073 0.053 1.084 6355.5 4.4193 16.381012 1.366138 16.998356 15.632217 "" "" 2268.31738 3692.96729 5278.88538 3.9955 2168.1 12.778 4428.6 11.944 "" "" 0.0028752572863721027 0.006980791 0.0047810413 0.011761833 271.32798912532 -23.60478362347 2896.0293 -2.025 -2.4749999999999996 -1.8657000005245208 -0.9725999593734742 0.25030485 0.23030485 "" "" 28.881890328996025 "" 7.109786850375643 ""
271.10389100041 -23.74776891931 0.0594 0.0509 11.0339 "" "" 4066150718611371904 3412.97192 0.3007 0.0736 1.341 1.626 0.077 0.056 0.98 4906.1 4.2866 16.382458 1.540641 17.100004 15.559363 "" "" 2676.95679 4318.05713 5271.86168 3.4006 1974.3 8.4816 4736.0 14.281 "" "" 0.0028429353039461707 0.0054351618 0.0050002434 0.010435405 271.10389100041 -23.74776891931 3412.97192 1.3409999999999984 1.626000000000001 1.500299999475479 3.1284000406265258 0.25430486 0.23330486 "" "" 56.128622291059116 "" 13.323409720304902 ""
271.48082546299 -23.63913001918 0.0752 0.0673 14.095 "" "" 4066166794642990208 2664.86865 0.4411 0.0992 0.086 -2.147 0.086 0.069 1.823 5596.4 4.6086 16.382727 1.350025 16.931473 15.581448 "" "" 2177.40039 3569.17212 5270.55239 5.9327 2305.8 21.438 4640.7 35.561 "" "" 0.003014201868749148 0.010473059 0.00913802 0.01961108 271.48082546299 -23.63913001918 2664.86865 0.08599999999999991 -2.147 0.24529999947547912 -0.6445999593734739 0.26330486 0.24630484 "" "" 8.71188516040847 "" 2.1650737010592476 ""
271.48676503164 -23.59925798676 0.0512 0.0455 16.0597 "" "" 4066167486167770624 2508.03101 0.4012 0.0627 0.128 -1.107 0.06 0.047 1.005 "" "" 16.382744 1.346187 16.977644 15.631457 "" "" 2135.61914 3130.65283 5270.47005 3.0128 2209.8 9.3202 4431.8 10.948 "" "" 0.0028243571172153806 0.005362349 0.0046343845 0.009996734 271.48676503164 -23.59925798676 2508.03101 0.1279999999999999 -1.107 0.28729999947547913 0.3954000406265259 0.23730485 0.22430485 "" "" 5.810364728745351 "" 1.3298777852884578 ""
271.3239091863 -23.60895107928 0.0557 0.0481 11.6843 "" "" 4066173872749242240 2601.95752 0.386 0.0705 1.452 -0.272 0.068 0.05 1.045 7052.4 4.3173 16.383081 1.438209 17.040808 15.602599 "" "" 2226.25806 3251.76123 5268.8324 3.3549 2084.9 14.926 4551.1 12.724 "" "" 0.002840727998969021 0.008258503 0.004847478 0.013105981 271.3239091863 -23.60895107928 2601.95752 1.452 -0.272 1.611299999475479 1.2304000406265259 0.24530485 0.22730485 "" "" 25.00394523606108 "" 5.971763357606888 ""
271.32204399298 -23.73376871232 0.056 0.0502 4.3378 "" "" 4066158891912035584 2453.11987 0.4159 0.076 1.7 -0.388 0.071 0.052 1.086 4837.1 4.2697 16.384602 1.585332 17.09864 15.513309 "" "" 2075.15942 3078.9624 5261.45478 3.7852 1976.8 12.627 4941.2 13.264 "" "" 0.002863897438783882 0.0074754697 0.0047726436 0.012248114 271.32204399298 -23.73376871232 2453.11987 1.7 -0.388 1.859299999475479 1.114400040626526 0.24830484 0.22930485 "" "" 25.20545090311462 "" 6.135699339733957 ""
271.21447121412 -23.70185711876 0.0568 0.0463 7.49 "" "" 4066171643693686144 3087.36157 0.3479 0.0741 0.213 -1.369 0.073 0.046 1.01 "" "" 16.385052 1.206569 16.898256 15.691688 "" "" 2510.48096 3791.521 5259.2737 3.7013 2377.5 13.397 4192.6 13.898 "" "" 0.0028593085278926103 0.006724232 0.0052189273 0.01194316 271.21447121412 -23.70185711876 3087.36157 0.213 -1.369 0.3722999994754791 0.13340004062652588 0.25030485 0.22330485 "" "" 5.7874623857337815 "" 1.4317105278485596 ""
271.13045960302 -23.86309071591 0.0514 0.0439 9.7924 "" "" 4066145800841745280 2401.59253 0.3822 0.0611 -1.977 -4.607 0.068 0.048 0.92 "" "" 16.38622 3.097951 18.21242 15.114469 "" "" 2072.3606 2749.55054 5253.61376 4.2353 708.68 12.276 7134.6 13.937 "" "" 0.0028910060889993593 0.019013336 0.004333823 0.023347158 271.13045960302 -23.86309071591 2401.59253 -1.977 -4.607 -1.817700000524521 -3.1045999593734743 0.24530485 0.22530484 "" "" 40.95321463048726 "" 9.442807520812789 ""
271.41380192333 -23.62514194683 0.0507 0.0475 12.4314 "" "" 4066178756159371008 3139.00269 0.3222 0.0658 -2.275 -3.709 0.062 0.048 0.97 4935.6 4.3021 16.392317 1.600244 17.141758 15.541514 "" "" 2696.59863 3921.28394 5224.20694 3.2503 1899.8 9.0253 4814.5 15.22 "" "" 0.0028369162609777534 0.0058642654 0.005105345 0.010969611 271.41380192333 -23.62514194683 3139.00269 -2.2749999999999995 -3.709 -2.115700000524521 -2.206599959373474 0.23930484 0.22530484 "" "" 45.4847647943715 "" 10.557738620410932 ""
271.49702365486 -23.75700130314 0.0546 0.05 11.3677 "" "" 4066156594127784320 3060.87964 0.3456 0.0757 1.103 -0.509 0.063 0.048 1.018 4905.2 4.2611 16.39382 1.785683 17.258488 15.472805 "" "" 2514.70947 4522.82129 5216.97487 3.0394 1706.2 12.215 5129.0 12.289 "" "" 0.0028269959807504866 0.008258592 0.004588141 0.012846733 271.49702365486 -23.75700130314 3060.87964 1.103 -0.509 1.262299999475479 0.9934000406265259 0.24030486 0.22530484 "" "" 23.30531948435984 "" 5.469319910460452 ""
271.21262954965 -23.69401740852 0.0564 0.0508 7.9303 "" "" 4066171845524277376 2934.54199 0.371 0.0777 -1.885 -3.24 0.074 0.052 0.966 4950.6 4.3006 16.395033 1.477039 17.066013 15.588974 "" "" 2335.24561 3944.48169 5211.14843 4.0607 2037.1 22.937 4608.6 12.537 "" "" 0.002882286579367071 0.012539357 0.0047965995 0.017335957 271.21262954965 -23.69401740852 2934.54199 -1.8849999999999996 -3.24 -1.7257000005245209 -1.7375999593734743 0.25130486 0.22930485 "" "" 34.06405486089115 "" 8.191756794740712 ""
271.27538729827 -23.68046407151 0.0536 0.0455 7.3784 "" "" 4066173224241600256 3094.62598 0.3189 0.0686 -1.861 -0.274 0.068 0.047 1.009 9414.8 3.9389 16.395842 2.883918 18.030794 15.146876 "" "" 2571.63623 3713.78442 5207.27122 4.2866 837.72 12.804 6924.8 27.534 "" "" 0.002896656514973682 0.016827691 0.0057376465 0.022565339 271.27538729827 -23.68046407151 3094.62598 -1.861 -0.274 -1.7017000005245209 1.2284000406265259 0.24530485 0.22430485 "" "" 30.785564318710993 "" 7.336791132054534 ""
271.52350535864 -23.68406337034 0.0527 0.0475 14.3638 "" "" 4066165699458537984 2857.77075 0.3413 0.0655 -0.333 -1.211 0.062 0.049 1.035 "" "" 16.397364 1.208067 16.765219 15.557152 "" "" 2393.96484 3367.90479 5199.97166 6.0663 2687.4 52.328 4745.7 125.05 "" "" 0.0030325108251168845 0.021324357 0.028857889 0.050182246 271.52350535864 -23.68406337034 2857.77075 -0.333 -1.210999999999999 -0.1737000005245209 0.2914000406265258 0.23930484 0.22630484 "" "" 4.595326365956898 "" 1.0559332141513549 ""
271.05023051997 -23.92378140354 0.0507 0.0428 15.3336 "" "" 4066143945415639936 2355.59692 0.3967 0.0518 -0.048 -1.468 0.064 0.046 1.04 9327.4 3.8491 16.397503 2.286769 17.60802 15.321252 "" "" 2147.9624 2656.06274 5199.31219 3.0768 1236.5 7.0115 5897.4 18.06 "" "" 0.0028292409422115052 0.0067593493 0.005033769 0.011793118 271.05023051997 -23.92378140354 2355.59692 -0.048000000000000015 -1.4680000000000002 0.11129999947547912 0.03440004062652591 0.24130484 0.22330485 "" "" 1.3007267974036754 "" 0.3119000669891988 ""
271.54569897334 -23.68524247191 0.0486 0.0436 15.4039 "" "" 4066163122478122240 2531.82056 0.3996 0.0629 -0.594 -0.293 0.057 0.042 1.013 5343.7 3.8525 16.39754 1.607675 17.159569 15.551894 "" "" 2162.16797 3126.4624 5199.13321 2.7138 1868.9 8.9706 4768.7 13.071 "" "" 0.002812999267568623 0.005911379 0.0048104376 0.010721817 271.54569897334 -23.68524247191 2531.82056 -0.594000000000001 -0.29300000000000004 -0.43470000052452085 1.209400040626526 0.23430485 0.21930484 "" "" 15.42287543383445 "" 3.4095750153933246 ""
271.16192675534 -23.78749691954 0.056 0.0478 7.4068 "" "" 4066147420060676864 2493.63892 0.4114 0.0592 -0.869 -2.519 0.075 0.05 0.989 5725.9 4.456 16.402376 1.42616 17.03963 15.613471 "" "" 2154.34326 2920.38379 5176.02762 3.4515 2087.2 10.836 4505.8 12.264 "" "" 0.00284885208077062 0.0062895208 0.004797587 0.011087108 271.16192675534 -23.78749691954 2493.63892 -0.8689999999999999 -2.519 -0.7097000005245209 -1.0165999593734742 0.25230485 0.22730485 "" "" 14.654465170113772 "" 3.4553571904950386 ""
271.48322913591 -23.69128579535 0.0554 0.0522 12.2458 "" "" 4066165836897540864 3123.82568 0.3294 0.0755 -1.222 -2.77 0.065 0.05 1.094 "" "" 16.403818 "" "" "" "" "" 2483.30005 3944.90845 5169.15658 5.4113 "" "" "" "" "" "" 0.00298054365992243 "" "" "" 271.48322913591 -23.69128579535 3123.82568 -1.222 -2.7700000000000005 -1.0627000005245208 -1.2675999593734741 0.24230485 0.22730485 "" "" 24.492570413934065 "" 5.721777734204634 ""
271.5292492768 -23.73481728453 0.0523 0.0467 13.432 "" "" 4066162327876522240 2453.06421 0.3886 0.0662 0.505 0.226 0.061 0.045 1.06 4816.8 4.2488 16.40409 1.565686 17.109203 15.543517 "" "" 2116.60815 2922.24561 5167.85157 3.1322 1957.7 10.97 4805.6 13.877 "" "" 0.0028328128945750057 0.0066932323 0.004910552 0.011603784 271.5292492768 -23.73481728453 2453.06421 0.5049999999999997 0.22600000000000006 0.6642999994754791 1.7284000406265259 0.23830485 0.22230485 "" "" 21.53027334706467 "" 4.831999190167495 ""
271.13481356769 -23.57466819364 0.0554 0.0493 16.2598 "" "" 4066176488406437504 3184.07983 0.3153 0.0722 -1.83 -3.727 0.066 0.047 0.917 6381.9 4.4087 16.404928 1.334735 16.972702 15.637967 "" "" 2689.23901 3926.8208 5163.8761 3.4368 2219.9 17.092 4405.3 20.35 "" "" 0.0028484998966492145 0.008812912 0.0062800357 0.0150929475 271.13481356769 -23.57466819364 3184.07983 -1.83 -3.727000000000004 -1.670700000524521 -2.224599959373474 0.24330485 0.22430485 "" "" 41.988959369262815 "" 9.713584386386671 ""
271.50197934622 -23.73068689448 0.056 0.0519 12.0976 "" "" 4066162568394725760 3362.18921 0.326 0.0792 2.135 -0.335 0.065 0.051 1.13 4864.7 4.1814 16.405338 1.648715 17.191969 15.543254 "" "" 2617.03906 4202.80078 5161.92636 3.8052 1814.0 13.141 4806.8 11.108 "" "" 0.0028692122987971384 0.00834554 0.004536398 0.012881938 271.50197934622 -23.73068689448 3362.18921 2.135 -0.33499999999999996 2.294299999475479 1.167400040626526 0.24230485 0.22830485 "" "" 41.02485247073185 "" 9.825143961203226 ""
271.13834618458 -23.64400821367 0.0567 0.0491 12.8359 "" "" 4066175595063812608 2770.20264 0.348 0.0629 -3.738 -4.324 0.067 0.05 0.97 4967.5 4.3291 16.40567 1.369041 17.021727 15.652685 "" "" 2410.68286 3286.5647 5160.3466 3.3918 2121.9 16.408 4345.9 10.52 "" "" 0.002846236667311508 0.008847159 0.0046033924 0.013450552 271.13834618458 -23.64400821367 2770.20264 -3.738 -4.323999999999999 -3.578700000524521 -2.821599959373474 0.24430485 0.22730485 "" "" 59.84014749100568 "" 14.237865542102151 ""
271.31485502503 -23.94976574324 0.0517 0.0447 8.927 "" "" 4066129857922798592 3459.54639 0.3103 0.065 0.313 -2.264 0.063 0.046 0.919 8507.4 2.994 16.406652 2.015958 17.39561 15.379653 "" "" 2772.28271 4603.94727 5155.68049 4.5535 1503.7 14.703 5588.5 26.153 "" "" 0.0029174170705014474 0.010976736 0.0063324915 0.017309228 271.31485502503 -23.94976574324 3459.54639 0.3129999999999999 -2.263999999999999 0.4722999994754791 -0.7615999593734739 0.24030486 0.22330485 "" "" 14.695446855458464 "" 3.352822274727472 ""
271.00297641648 -23.80838658309 0.0642 0.0549 16.0851 "" "" 4066148794466044288 2673.10254 0.3774 0.0599 -0.597 -5.534 0.074 0.053 0.966 6351.5 4.0372 16.407803 1.827295 17.298937 15.471642 "" "" 2278.45044 3169.62964 5150.21935 3.6369 1643.8 12.303 5134.5 14.748 "" "" 0.0028600053118411363 0.008591847 0.0048999363 0.013491783 271.00297641648 -23.80838658309 2673.10254 -0.5969999999999989 -5.534 -0.43770000052452085 -4.031599959373474 0.25130486 0.23030485 "" "" 51.382580403459905 "" 11.846793663452765 ""
271.37284357163 -23.76068020767 0.0575 0.0498 4.8978 "" "" 4066159274187564032 2505.22656 0.3822 0.077 -0.667 -2.942 0.069 0.05 1.025 "" "" 16.408642 2.326048 17.585644 15.259596 "" "" 2090.30518 3006.00806 5146.23866 6.2733 1262.3 22.302 6241.9 29.574 "" "" 0.00305671294114224 0.019384373 0.006383298 0.025767671 271.37284357163 -23.76068020767 2505.22656 -0.667 -2.9420000000000006 -0.5077000005245209 -1.4395999593734743 0.24630484 0.22730485 "" "" 18.12686212251731 "" 4.159823957777083 ""
271.09420298989 -23.63892780732 0.0548 0.0451 14.7814 "" "" 4066175831254194688 3168.44849 0.3063 0.0621 -0.581 -4.251 0.062 0.045 1.036 5520.8 4.3987 16.409332 1.289682 16.933317 15.643635 "" "" 2631.51221 3884.46704 5142.97003 3.7469 2301.9 16.115 4382.3 35.256 "" "" 0.0028666160325522628 0.008096886 0.009517418 0.017614305 271.09420298989 -23.63892780732 3168.44849 -0.5810000000000001 -4.251 -0.42170000052452083 -2.7485999593734745 0.23930484 0.22230485 "" "" 41.76271087765817 "" 9.300989459331191 ""
271.13547505985 -23.74573075461 0.0581 0.05 9.4338 "" "" 4066147866753067008 2647.66309 0.3708 0.0632 3.374 -1.377 0.069 0.049 1.009 4907.0 4.2641 16.409342 1.588189 17.124924 15.536735 "" "" 2276.31543 3412.50757 5142.92009 3.2917 1929.5 11.279 4835.8 15.017 "" "" 0.002841602206924132 0.0069329683 0.0050647384 0.011997707 271.13547505985 -23.74573075461 2647.66309 3.3740000000000006 -1.377 3.5332999994754792 0.12540004062652588 0.24630484 0.22630484 "" "" 44.37056140960229 "" 10.927612913638596 ""
271.51233496955 -23.69330560901 0.051 0.0449 13.5576 "" "" 4066165665098800512 2532.25049 0.3882 0.0628 -0.869 -1.72 0.059 0.046 0.961 7096.7 4.3071 16.409615 1.580127 17.14126 15.561133 "" "" 2187.74634 2971.37695 5141.62691 3.1849 1900.7 8.8244 4728.3 16.235 "" "" 0.002836212689065881 0.005761449 0.005308619 0.011070068 271.51233496955 -23.69330560901 2532.25049 -0.8689999999999999 -1.7199999999999998 -0.7097000005245209 -0.2175999593734741 0.23630485 0.22330485 "" "" 8.909845992249785 "" 2.0957380897450073 ""
271.46390889906 -23.70142060354 0.0699 0.0718 11.0245 "" "" 4066159927009581952 3401.07495 0.3199 0.1101 -1.55 -5.028 0.085 0.068 1.013 "" "" 16.409748 "" "" "" "" "" 2449.84351 4512.46826 5140.99849 9.5823 "" "" "" "" "" "" 0.0034186488151267563 "" "" "" 271.46390889906 -23.70142060354 3401.07495 -1.5500000000000007 -5.028 -1.390700000524521 -3.5255999593734737 0.26230484 0.24530485 "" "" 61.09852901501573 "" 15.13177353700386 ""
271.17580823273 -23.75157460585 0.0568 0.0479 7.2551 "" "" 4066171093937848704 2488.77002 0.3848 0.0635 -0.283 -0.735 0.074 0.051 1.16 4753.4 4.3064 16.409887 1.412906 17.027603 15.614697 "" "" 2126.24829 2928.07153 5140.3436 5.5415 2110.5 17.098 4500.7 20.876 "" "" 0.0029936239477388058 0.00922791 0.006296483 0.015524393 271.17580823273 -23.75157460585 2488.77002 -0.283 -0.735 -0.12370000052452085 0.7674000406265259 0.25130486 0.22830485 "" "" 9.169699221923844 "" 2.099089531578622 ""
271.27941861956 -23.58579676026 0.064 0.0614 13.0035 "" "" 4066177102564759424 2617.2019 0.4425 0.0927 -0.743 -5.706 0.077 0.058 1.001 5236.5 4.6645 16.412394 1.313359 16.996315 15.682956 "" "" 2084.80078 3159.17944 5128.48533 3.3266 2172.2 8.4552 4226.5 13.104 "" "" 0.0028439018687228743 0.0050641564 0.0050611673 0.010125324 271.27941861956 -23.58579676026 2617.2019 -0.7429999999999999 -5.7059999999999995 -0.5837000005245209 -4.2035999593734745 0.25430486 0.23530485 "" "" 52.64825472926086 "" 12.40806047003213 ""
271.14642295467 -23.56988432174 0.0559 0.0496 16.1682 "" "" 4066176484089530112 2491.12085 0.4186 0.0752 -1.081 -2.319 0.066 0.049 0.995 4729.6 4.3054 16.414213 1.701854 17.23905 15.537196 "" "" 2057.26855 2938.96289 5119.89642 3.8824 1737.0 14.179 4833.7 8.7805 "" "" 0.0028756962227147096 0.009291607 0.0042630425 0.013554649 271.14642295467 -23.56988432174 2491.12085 -1.081 -2.3190000000000017 -0.9217000005245208 -0.8165999593734741 0.24330485 0.22630484 "" "" 14.54036178327181 "" 3.4312325077389887 ""
271.45009432255 -23.63367554308 0.0536 0.0473 13.1807 "" "" 4066167039488530560 2403.93555 0.4018 0.0697 -1.698 -3.155 0.062 0.045 0.954 5071.3 4.2547 16.418535 1.760168 17.268475 15.508306 "" "" 2063.646 2964.54907 5099.55669 3.5325 1690.5 7.7571 4964.0 12.609 "" "" 0.0028561232082612025 0.00571016 0.0046786275 0.010388788 271.45009432255 -23.63367554308 2403.93555 -1.6979999999999977 -3.1550000000000002 -1.5387000005245208 -1.652599959373474 0.23930484 0.22230485 "" "" 25.729433456606635 "" 5.926902452364728 ""
271.12015910902 -23.64487486418 0.057 0.0486 13.4933 "" "" 4066175556376260608 3019.57056 0.3395 0.0618 -1.444 -3.044 0.068 0.048 0.912 6873.2 4.3004 16.418554 1.220447 16.95386 15.733413 "" "" 2488.78418 4262.94043 5099.46797 3.3151 2258.8 11.241 4034.5 12.105 "" "" 0.0028442883332735376 0.0060810917 0.0049895654 0.0110706575 271.12015910902 -23.64487486418 3019.57056 -1.4440000000000002 -3.043999999999998 -1.2847000005245208 -1.5415999593734742 0.24530485 0.22530484 "" "" 28.721922402715887 "" 6.7125688126011545 ""
271.15544347272 -23.59496159631 0.0589 0.0527 14.6239 "" "" 4066176179179424768 2688.23926 0.37 0.0747 0.385 -0.919 0.071 0.05 1.029 5619.9 4.6702 16.418795 1.241944 16.963861 15.721917 "" "" 2271.84863 3379.9939 5098.34056 3.3036 2238.1 8.6015 4077.5 8.2621 "" "" 0.0028437201950755157 0.005019623 0.004373064 0.009392686 271.15544347272 -23.59496159631 2688.23926 0.38500000000000006 -0.919 0.5442999994754791 0.5834000406265258 0.24830484 0.22730485 "" "" 10.166834430953436 "" 2.412680192716017 ""
271.29638162831 -23.65729914846 0.0584 0.0502 8.6818 "" "" 4066173357352943232 3058.93848 0.3279 0.0759 2.139 -1.653 0.076 0.055 1.168 "" "" 16.419493 1.625705 17.125662 15.499957 "" "" 2546.31274 4139.48535 5095.06699 5.5213 1928.2 15.395 5002.4 45.871 "" "" 0.0029960129014661298 0.0091066295 0.010649192 0.019755822 271.29638162831 -23.65729914846 3058.93848 2.139 -1.6529999999999991 2.298299999475479 -0.15059995937347415 0.25330484 0.23230484 "" "" 33.39536390898677 "" 8.456332741200756 ""
271.46587233654 -23.58968760778 0.0499 0.0431 15.7945 "" "" 4066167554884649984 2466.66211 0.3938 0.0576 -0.01 -2.172 0.065 0.047 0.999 8294.9 4.4021 16.420183 1.539761 17.11179 15.572029 "" "" 2173.77441 2818.7915 5091.82299 3.0721 1953.0 11.892 4681.1 18.58 "" "" 0.002832119949496671 0.0071758167 0.005731937 0.012907754 271.46587233654 -23.58968760778 2466.66211 -0.010000000000000002 -2.1719999999999997 0.14929999947547912 -0.6695999593734743 0.24230485 0.22430485 "" "" 8.021196509345454 "" 1.8062916785523468 ""
271.49711902915 -23.72821537662 0.0527 0.049 11.9028 "" "" 4066156692879476480 3004.15356 0.3707 0.0742 0.227 -2.566 0.063 0.048 1.023 "" "" 16.421177 1.380888 17.037685 15.656797 "" "" 2304.20312 4051.32886 5087.1657 3.157 2090.9 9.8674 4329.5 13.946 "" "" 0.0028365082588964314 0.005834258 0.005149274 0.010983532 271.49711902915 -23.72821537662 3004.15356 0.22700000000000004 -2.566 0.3862999994754791 -1.063599959373474 0.24030486 0.22530484 "" "" 16.113341391492177 "" 3.6594037830369874 ""
271.34331211987 -23.75900702519 0.057 0.0474 3.6643 "" "" 4066158621352583552 2835.76416 0.3817 0.0777 0.708 -1.663 0.071 0.053 0.951 4812.5 4.2384 16.421272 1.688546 17.199734 15.511188 "" "" 2305.56226 3601.43945 5086.72353 3.6851 1801.0 14.162 4950.9 11.727 "" "" 0.0028653928560160493 0.0089819515 0.0045713866 0.013553338 271.34331211987 -23.75900702519 2835.76416 0.708 -1.6629999999999998 0.8672999994754791 -0.16059995937347415 0.24830484 0.23030485 "" "" 11.856014073353057 "" 2.9370793276361264 ""
271.27309521041 -23.5815321774 0.0623 0.062 13.287 "" "" 4066177136924510080 3047.09912 0.3509 0.09 -3.033 -5.022 0.073 0.052 0.883 4929.6 4.3531 16.42197 1.440657 17.08166 15.641003 "" "" 2356.06958 4377.26562 5083.447 3.7685 2008.0 11.122 4393.0 12.026 "" "" 0.0028704757938865996 0.006629474 0.0048081134 0.011437587 271.27309521041 -23.5815321774 3047.09912 -3.033000000000001 -5.022 -2.873700000524521 -3.5195999593734744 0.25030485 0.22930485 "" "" 65.62663005549598 "" 15.614362168599596 ""
271.18954267865 -23.55408158108 0.062 0.0558 15.9818 "" "" 4066178034605315072 3118.24927 0.3106 0.078 -1.577 -0.876 0.075 0.052 0.981 5157.4 3.6466 16.422064 2.270528 17.611866 15.341338 "" "" 2486.79175 3819.771 5083.01151 4.2258 1232.2 15.44 5789.3 15.282 "" "" 0.002899403254636174 0.013887912 0.0047431816 0.018631093 271.18954267865 -23.55408158108 3118.24927 -1.5770000000000006 -0.8760000000000002 -1.4177000005245208 0.6264000406265259 0.25230485 0.22930485 "" "" 22.908586821562455 "" 5.697216199741359 ""
271.20720424801 -23.68788864157 0.0579 0.0486 8.4027 "" "" 4066171849852151168 3234.34229 0.3342 0.0763 -0.193 -1.625 0.077 0.049 1.047 "" "" 16.422392 1.283499 16.951563 15.668064 "" "" 2593.33838 3991.53223 5081.47336 3.7197 2263.6 14.077 4284.8 16.397 "" "" 0.0028676561800439395 0.007305822 0.005616647 0.0129224695 271.20720424801 -23.68788864157 3234.34229 -0.19299999999999998 -1.6250000000000004 -0.03370000052452088 -0.12259995937347412 0.25430486 0.22630484 "" "" 1.9492678477768326 "" 0.4451815398268513 ""
271.37015373948 -23.64047992334 0.0714 0.0606 10.5141 "" "" 4066172880634713856 3025.06323 0.4032 0.0837 -1.291 -4.746 0.089 0.064 1.005 "" "" 16.423004 1.678893 16.8976 15.218707 "" "" 2257.36475 4064.19189 5078.61033 6.2655 2378.9 54.651 6481.5 212.31 "" "" 0.0030636558446120185 0.025098432 0.035764955 0.060863387 271.37015373948 -23.64047992334 3025.06323 -1.2909999999999986 -4.746 -1.1317000005245208 -3.2435999593734746 0.26630485 0.24130484 "" "" 49.25891238067284 "" 12.026157808251769 ""
271.48688167486 -23.77923465566 0.0569 0.0536 10.5733 "" "" 4066156250530377856 2873.58643 0.362 0.0815 -0.68 -1.968 0.066 0.051 1.026 "" "" 16.423273 2.634463 17.875906 15.241443 "" "" 2341.02686 3480.45264 5077.35375 3.8919 966.17 14.266 6347.2 23.802 "" "" 0.002878265565130179 0.01627245 0.005555261 0.02182771 271.48688167486 -23.77923465566 2873.58643 -0.6800000000000005 -1.968 -0.5207000005245209 -0.4655999593734741 0.24330485 0.22830485 "" "" 9.514221811575373 "" 2.2525640362617985 ""
271.03305235784 -23.87814277373 0.0561 0.0462 15.1319 "" "" 4066144877455796224 2586.56323 0.3831 0.0586 -0.433 -2.036 0.07 0.049 1.045 "" "" 16.42696 1.857616 17.337337 15.479722 "" "" 2175.49194 3146.11572 5060.14234 3.2256 1586.7 11.401 5096.5 11.135 "" "" 0.0028409151576352354 0.00828534 0.0044621555 0.012747495 271.03305235784 -23.87814277373 2586.56323 -0.43299999999999994 -2.0360000000000005 -0.27370000052452087 -0.5335999593734742 0.24730486 0.22630484 "" "" 7.352513017287065 "" 1.6972294034257147 ""
271.56444908363 -23.68832370222 0.1261 0.1126 16.2491 "" "" 4066163053759510656 3047.2832 0.3793 0.1546 -3.005 -3.84 0.15 0.118 1.053 3390.2 0.1836 16.431053 6.210859 20.992214 14.781355 "" "" 2110.48804 4452.27832 5041.09827 6.967 54.769 5.5552 9696.5 20.69 "" "" 0.0031374165315406427 0.11016117 0.004432925 0.114594094 271.56444908363 -23.68832370222 3047.2832 -3.005 -3.84 -2.8457000005245208 -2.337599959373474 0.32730484 0.29530483 "" "" 53.19357099019406 "" 16.74551382811957 ""
271.40307814179 -23.74047182447 0.0538 0.0476 6.9467 "" "" 4066159445986243456 2562.93335 0.362 0.0707 0.254 -0.433 0.063 0.05 1.004 4841.0 3.6918 16.431826 1.976136 17.420208 15.444072 "" "" 2154.8418 3414.44678 5037.51807 3.8223 1470.1 19.963 5266.6 17.148 "" "" 0.0028758423340242228 0.015005282 0.0051750354 0.020180319 271.40307814179 -23.74047182447 2562.93335 0.2540000000000001 -0.43300000000000005 0.41329999947547913 1.0694000406265258 0.24030486 0.22730485 "" "" 13.927877441913061 "" 3.1899850313302496 ""
271.36772849128 -23.65650423769 0.0775 0.0746 9.5794 "" "" 4066172777564908928 2731.5625 0.4195 0.1123 2.223 -2.38 0.092 0.072 1.424 "" "" 16.433676 1.53357 16.693949 15.160378 "" "" 2019.14673 3690.84546 5028.94155 6.3182 2869.7 71.835 6839.2 218.57 "" "" 0.0030744941421296957 0.027321246 0.034903627 0.062224872 271.36772849128 -23.65650423769 2731.5625 2.2230000000000025 -2.3800000000000003 2.382299999475479 -0.877599959373474 0.26930484 0.24930485 "" "" 32.87145806311396 "" 8.77647721087376 ""
271.12941873252 -23.79893652821 0.0532 0.0455 9.1416 "" "" 4066147003432877568 3034.3606 0.3213 0.0648 2.397 0.609 0.072 0.048 1.002 6050.9 4.3734 16.43422 1.438815 17.080204 15.641389 "" "" 2615.86255 3618.91748 5026.42397 3.4105 2010.6 9.4807 4391.4 12.535 "" "" 0.002852104091524284 0.0058305846 0.004887596 0.01071818 271.12941873252 -23.79893652821 3034.3606 2.3970000000000002 0.609 2.556299999475479 2.111400040626526 0.24930485 0.22530484 "" "" 47.686705707259364 "" 11.438201678983551 ""
271.07046801641 -23.72164078431 0.0591 0.0511 13.2854 "" "" 4066151023522687488 2847.1311 0.3373 0.0684 -0.555 -2.225 0.071 0.051 0.992 "" "" 16.434587 1.418137 17.074394 15.656258 "" "" 2429.83691 3560.20972 5024.7175 3.2439 2021.4 11.745 4331.7 12.354 "" "" 0.002843080134867963 0.006897973 0.004885913 0.011783886 271.07046801641 -23.72164078431 2847.1311 -0.5549999999999999 -2.2249999999999996 -0.3957000005245209 -0.7225999593734742 0.24830484 0.22830485 "" "" 11.11818947885048 "" 2.5913282175157524 ""
271.2759951132 -23.59952047987 0.061 0.06 12.1976 "" "" 4066177072532426112 2508.51855 0.4433 0.0883 1.145 -0.69 0.076 0.051 1.045 5039.2 4.3528 16.435581 1.371501 17.052202 15.680701 "" "" 2073.8064 3220.80347 5020.11813 3.517 2063.2 14.056 4235.2 16.67 "" "" 0.0028583862723468977 0.0079055615 0.0057049734 0.013610534 271.2759951132 -23.59952047987 2508.51855 1.145 -0.69 1.3042999994754791 0.8124000406265259 0.25330484 0.22830485 "" "" 18.270958832065812 "" 4.505111935604184 ""
271.13882075692 -23.60839174536 0.0634 0.0554 14.471 "" "" 4066176076100553216 3161.06348 0.3222 0.0794 -1.96 -5.001 0.076 0.055 0.93 10028.9 3.9108 16.435831 2.789789 18.025288 15.235498 "" "" 2547.61865 3934.57642 5018.96485 4.6465 841.98 11.541 6382.0 21.892 "" "" 0.0029329405461859612 0.015141457 0.005306097 0.020447554 271.13882075692 -23.60839174536 3161.06348 -1.9600000000000015 -5.001000000000002 -1.8007000005245208 -3.4985999593734745 0.25330484 0.23230484 "" "" 58.95697865875219 "" 13.964374267166574 ""
271.24350342995 -23.63503676523 0.0656 0.0618 10.4229 "" "" 4066173602198840832 2592.87695 0.4456 0.1033 0.547 -2.28 0.088 0.056 0.954 6030.2 4.484 16.437178 1.240777 16.97244 15.731664 "" "" 1996.33337 3320.38794 5012.74151 4.5977 2220.4 9.8713 4041.0 7.5054 "" "" 0.0029297588802000515 0.005575295 0.004283714 0.009859009 271.24350342995 -23.63503676523 2592.87695 0.5470000000000002 -2.28 0.7062999994754792 -0.7775999593734739 0.26530486 0.23330486 "" "" 12.910724851891098 "" 3.205502695191783 ""
271.25422800757 -23.81983628187 0.0561 0.0453 2.526 "" "" 4066158101628263168 2445.50903 0.3944 0.0631 0.433 -0.452 0.073 0.053 0.928 7986.5 4.0671 16.441685 1.719811 17.263397 15.543586 "" "" 2111.17505 2746.20239 4991.98162 3.7061 1698.5 9.6375 4805.3 12.581 "" "" 0.0028708056939216785 0.0067629926 0.0047290823 0.011492075 271.25422800757 -23.81983628187 2445.50903 0.43300000000000016 -0.45199999999999985 0.5922999994754792 1.050400040626526 0.25030485 0.23030485 "" "" 13.978276925377134 "" 3.288886515571665 ""
271.51803992695 -23.77695534474 0.0549 0.0499 12.2877 "" "" 4066156314922101248 2957.56299 0.3654 0.0763 -0.461 -2.581 0.063 0.047 1.016 7992.3 4.0904 16.442091 1.734065 17.280436 15.546371 "" "" 2290.43506 3865.96069 4990.11 3.233 1672.0 8.1954 4793.0 14.307 "" "" 0.002843694936719681 0.0060088737 0.0049786693 0.010987543 271.51803992695 -23.77695534474 2957.56299 -0.46099999999999997 -2.5810000000000035 -0.3017000005245209 -1.078599959373474 0.24030486 0.22430485 "" "" 15.701115174459826 "" 3.5406652665461333 ""
271.27246043075 -23.62102766082 0.0568 0.0489 10.9341 "" "" 4066173739626161536 2935.41699 0.3336 0.0732 -0.551 -1.205 0.073 0.05 0.971 5384.0 4.3573 16.4429 1.284518 16.794365 15.509847 "" "" 2455.72925 3436.20874 4986.39866 7.5609 2616.2 46.725 4957.0 73.457 "" "" 0.0032096909387594563 0.01959082 0.01652728 0.036118098 271.27246043075 -23.62102766082 2935.41699 -0.5510000000000013 -1.205 -0.3917000005245209 0.2974000406265258 0.25030485 0.22730485 "" "" 6.842963792091711 "" 1.6570094947416159 ""
271.22606966923 -23.69622769169 0.0621 0.0516 7.415 "" "" 4066171673725618048 3144.29468 0.3391 0.0759 0.213 -2.051 0.085 0.05 0.999 5364.1 4.6355 16.443848 1.27674 17.017288 15.740548 "" "" 2509.23047 3988.05786 4982.04327 3.5703 2130.6 14.669 4008.1 17.267 "" "" 0.0028630735693669974 0.007978952 0.006013452 0.013992404 271.22606966923 -23.69622769169 3144.29468 0.21300000000000002 -2.051 0.3722999994754791 -0.5485999593734743 0.26230484 0.22730485 "" "" 9.881325651799918 "" 2.3606032759484874 ""
271.24344930317 -23.56229373622 0.0598 0.0557 14.668 "" "" 4066177416129924480 2483.87817 0.4209 0.0772 -0.813 -3.65 0.073 0.052 0.953 "" "" 16.44436 1.40357 17.05784 15.65427 "" "" 2085.57324 2957.03198 4979.69262 3.8778 2052.5 16.76 4339.6 13.245 "" "" 0.0028821239405050626 0.009294431 0.0050264313 0.014320862 271.24344930317 -23.56229373622 2483.87817 -0.8129999999999994 -3.6499999999999995 -0.6537000005245208 -2.147599959373474 0.25030485 0.22930485 "" "" 26.430340415807972 "" 6.109626296227614 ""
271.24624056029 -23.56897809572 0.0596 0.0555 14.2448 "" "" 4066177347410433664 2413.14893 0.4348 0.0778 0.06 -4.356 0.072 0.052 0.919 5471.0 4.6167 16.445724 1.382758 17.076906 15.694148 "" "" 2060.50928 2908.07349 4973.44479 3.7232 2016.8 13.277 4183.1 11.771 "" "" 0.0028727046853500885 0.007672908 0.0048598316 0.012532739 271.24624056029 -23.56897809572 2413.14893 0.06 -4.356 0.21929999947547912 -2.853599959373474 0.24930485 0.22930485 "" "" 32.736651104653035 "" 7.510683573697504 ""
271.09642145159 -23.74274057679 0.0659 0.0579 11.5161 "" "" 4066150787330857472 2750.37988 0.3702 0.0742 0.638 -3.057 0.08 0.056 0.945 5031.1 4.3119 16.448109 1.738439 17.252436 15.513997 "" "" 2280.74683 3321.29883 4962.53365 4.0003 1715.7 15.003 4938.1 18.899 "" "" 0.002890983553801055 0.009895757 0.0056169666 0.0155127235 271.09642145159 -23.74274057679 2750.37988 0.638 -3.057 0.7972999994754791 -1.554599959373474 0.25730485 0.23330486 "" "" 22.777004462038533 "" 5.432364009759916 ""
271.44239260948 -23.68444374448 0.0993 0.0949 10.6991 "" "" 4066160751656338688 3063.7312 0.4287 0.1475 -0.659 -4.136 0.115 0.09 1.954 5255.8 4.7168 16.44883 1.447723 17.06136 15.613636 "" "" 2146.48218 4186.33984 4959.23613 7.2709 2045.8 9.3404 4505.1 19.62 "" "" 0.003182094248745237 0.0056883884 0.006053262 0.01174165 271.44239260948 -23.68444374448 3063.7312 -0.659 -4.136 -0.4997000005245209 -2.6335999593734742 0.29230484 0.26730484 "" "" 38.927720527574245 "" 10.440908248287425 ""
271.08374391851 -23.62086878384 0.054 0.0452 15.9357 "" "" 4066175899973760896 3158.15015 0.3181 0.0617 -0.557 -2.139 0.062 0.044 0.974 6801.4 4.3342 16.452768 1.370822 17.071714 15.700892 "" "" 2631.62817 3803.2063 4941.27779 2.9172 2026.4 12.496 4157.2 11.172 "" "" 0.0028288968788953163 0.0072534205 0.004774645 0.0120280655 271.08374391851 -23.62086878384 3158.15015 -0.5569999999999999 -2.139 -0.3977000005245209 -0.6365999593734739 0.23930484 0.22130485 "" "" 11.236449256817151 "" 2.545081488515492 ""
271.2449640052 -23.72127604157 0.0614 0.0515 5.593 "" "" 4066170819059893760 2946.78687 0.3484 0.0779 -0.346 -3.526 0.077 0.052 1.115 "" "" 16.453648 1.40369 16.93109 15.527399 "" "" 2416.56689 4423.36377 4937.28113 8.0718 2306.6 27.135 4877.5 79.746 "" "" 0.0032775810703828947 0.0130738765 0.0181494 0.031223277 271.2449640052 -23.72127604157 2946.78687 -0.3460000000000005 -3.5260000000000007 -0.18670000052452085 -2.023599959373474 0.25430486 0.22930485 "" "" 28.385222141763155 "" 6.515182050343555 ""
271.43036702636 -23.64473314142 0.0547 0.0485 11.9826 "" "" 4066166936409323008 3357.49341 0.306 0.0718 -0.007 -0.468 0.066 0.053 1.045 5134.2 4.3054 16.45553 1.349912 16.69184 15.341928 "" "" 2723.9436 4434.75977 4928.72589 8.3595 2875.3 107.88 5786.1 163.64 "" "" 0.0033140433680380506 0.040831786 0.030938037 0.07176982 271.43036702636 -23.64473314142 3357.49341 -0.006999999999999997 -0.468 0.15229999947547912 1.034400040626526 0.24330485 0.23030485 "" "" 16.639455013257482 "" 3.8368636335687873 ""
271.05017649111 -23.68225121902 0.0536 0.0455 15.2893 "" "" 4066152088674779776 2421.39258 0.4125 0.0604 -2.238 -3.863 0.062 0.045 1.096 4862.5 4.2643 16.456697 1.839226 17.36678 15.527554 "" "" 2120.29541 2865.53467 4923.42698 3.0869 1544.2 11.179 4876.8 9.3947 "" "" 0.0028381670618402703 0.008340563 0.0043195356 0.012660098 271.05017649111 -23.68225121902 2421.39258 -2.238 -3.8630000000000004 -2.078700000524521 -2.360599959373474 0.23930484 0.22230485 "" "" 36.10080620638806 "" 8.299010251215408 ""
271.25025986434 -23.79504388463 0.0556 0.0452 2.5404 "" "" 4066158204707602176 2998.03223 0.3366 0.0633 1.121 -2.494 0.071 0.048 1.077 "" "" 16.457512 1.60977 17.201113 15.591343 "" "" 2500.54932 3856.80151 4919.7365 3.5706 1798.8 12.406 4598.6 14.837 "" "" 0.0028657854206409 0.007991063 0.005153154 0.013144217 271.25025986434 -23.79504388463 2998.03223 1.121 -2.4940000000000007 1.2802999994754791 -0.9915999593734743 0.24830484 0.22530484 "" "" 23.012685419503665 "" 5.521654441132641 ""
271.28340740634 -23.70068324423 0.0601 0.0528 6.1173 "" "" 4066170922141677568 3437.60034 0.3019 0.0818 3.763 -2.189 0.074 0.055 1.05 "" "" 16.458027 1.783762 17.26842 15.484657 "" "" 2695.86133 4723.06934 4917.40764 4.7021 1690.6 11.036 5073.4 94.217 "" "" 0.0029444257952019096 0.007616967 0.02051412 0.028131086 271.28340740634 -23.70068324423 3437.60034 3.763 -2.189 3.922299999475479 -0.6865999593734742 0.25130486 0.23230484 "" "" 64.88265047383337 "" 16.270020801116207 ""
271.45299161425 -23.71964384449 0.0641 0.0648 9.941 "" "" 4066159892662801152 2884.36035 0.3793 0.1143 2.373 -1.239 0.073 0.071 1.107 "" "" 16.46107 "" "" "" "" "" 2141.96606 4348.78271 4903.64924 3.7087 "" "" "" "" "" "" 0.002875080769296536 "" "" "" 271.45299161425 -23.71964384449 2884.36035 2.373 -1.2390000000000005 2.5322999994754793 0.2634000406265258 0.25030485 0.24830484 "" "" 34.80805752269618 "" 8.711883350145532 ""
271.19960124016 -23.8412047405 0.0543 0.0472 5.786 "" "" 4066134535174480384 2477.08911 0.4032 0.0659 -0.218 -4.573 0.068 0.048 1.062 4923.0 4.3039 16.461174 1.659921 17.203161 15.543241 "" "" 2174.12085 2897.58765 4903.16975 4.3873 1795.4 10.456 4806.9 45.376 "" "" 0.0029215766070285845 0.0069113234 0.010923719 0.017835043 271.19960124016 -23.8412047405 2477.08911 -0.21799999999999994 -4.573000000000002 -0.05870000052452087 -3.0705999593734745 0.24530485 0.22530484 "" "" 36.05973691207861 "" 8.124708481994473 ""
271.47600658091 -23.95789608116 0.0577 0.0476 13.6063 "" "" 4066105295035777024 2883.22974 0.3487 0.072 -14.93 -1.164 0.065 0.045 0.975 "" "" 16.461237 2.233837 17.58727 15.353434 "" "" 2373.11157 3710.91357 4902.88685 3.8532 1260.4 9.555 5725.1 41.392 "" "" 0.0028844209520670597 0.008690946 0.008712222 0.017403167 271.47600658091 -23.95789608116 2883.22974 -14.930000000000001 -1.1639999999999995 -14.77070000052452 0.33840004062652596 0.24230485 0.22230485 "" "" 201.9168740613472 "" 48.923406070830445 ""
271.29085093885 -23.69368134351 0.0583 0.0478 6.5047 "" "" 4066172399607837056 2768.6189 0.3853 0.074 0.022 0.031 0.071 0.051 1.072 "" "" 16.461315 1.370345 17.068586 15.698241 "" "" 2293.61743 3406.35425 4902.53903 4.9136 2032.3 12.578 4167.4 16.405 "" "" 0.002962420913743461 0.0072759218 0.0057053375 0.012981259 271.29085093885 -23.69368134351 2768.6189 0.022 0.030999999999999996 0.18129999947547912 1.5334000406265258 0.24830484 0.22830485 "" "" 20.263363290006932 "" 4.632052369087713 ""
271.40606365445 -23.80504536393 0.0575 0.051 6.0499 "" "" 4066158930590050560 2509.69531 0.401 0.0811 0.759 0.425 0.071 0.053 1.074 "" "" 16.461521 1.62567 17.223793 15.598124 "" "" 2081.31226 2955.8103 4901.605 3.6024 1761.6 7.3328 4569.9 16.752 "" "" 0.0028685397396026884 0.005311365 0.005488553 0.010799918 271.40606365445 -23.80504536393 2509.69531 0.759 0.425 0.9182999994754791 1.927400040626526 0.24830484 0.23030485 "" "" 25.397644936134917 "" 5.936431441671117 ""
271.16235602399 -23.8661624376 0.0551 0.0498 8.2794 "" "" 4066145770793043840 2545.40234 0.3889 0.068 1.886 -2.124 0.068 0.051 0.927 "" "" 16.461956 "" "" "" "" "" 2180.21436 3125.59937 4899.64034 4.5564 "" "" "" "" "" "" 0.002934490515815159 "" "" "" 271.16235602399 -23.8661624376 2545.40234 1.886 -2.124 2.0452999994754792 -0.6215999593734742 0.24530485 0.22830485 "" "" 25.791446957912015 "" 6.290876317620023 ""
271.16528122773 -23.78797430416 0.0595 0.0514 7.2205 "" "" 4066146659835584768 3130.00488 0.3075 0.0623 1.234 0.524 0.078 0.055 1.091 7118.4 4.3139 16.464365 1.42901 17.117214 15.688204 "" "" 2671.13354 3841.31177 4888.77886 3.2983 1943.3 7.1526 4206.1 15.71 "" "" 0.0028510281554708057 0.004873884 0.005543377 0.01041726 271.16528122773 -23.78797430416 3130.00488 1.2340000000000022 0.524 1.3932999994754791 2.026400040626526 0.25530484 0.23230484 "" "" 36.48499068181383 "" 8.75378127694794 ""
271.37578138032 -23.62748329642 0.0538 0.0479 11.3529 "" "" 4066173121162327040 2508.36768 0.4213 0.0716 0.263 -1.333 0.066 0.048 1.008 6361.0 4.4204 16.46488 1.387824 17.092571 15.704747 "" "" 2173.30444 2987.30957 4886.46839 3.451 1987.9 6.1223 4142.5 9.1315 "" "" 0.0028600262526849145 0.0043550264 0.004473454 0.00882848 271.37578138032 -23.62748329642 2508.36768 0.263 -1.333 0.42229999947547914 0.16940004062652592 0.24330485 0.22530484 "" "" 5.409909765446049 "" 1.3031943756448858 ""
271.46061172218 -23.85567948149 0.0585 0.0535 9.5966 "" "" 4066154876140773760 3446.00244 0.3235 0.0849 0.292 -0.946 0.071 0.055 1.08 "" "" 16.465996 1.940481 17.369822 15.42934 "" "" 2699.5437 4734.43359 4881.44713 6.214 1539.9 14.45 5338.5 22.364 "" "" 0.0030825404833191893 0.010563404 0.005913652 0.016477056 271.46061172218 -23.85567948149 3446.00244 0.2920000000000003 -0.946 0.4512999994754791 0.5564000406265259 0.24830484 0.23230484 "" "" 11.701985116634798 "" 2.794227970270184 ""
271.20860962267 -23.98452762129 0.0623 0.0493 11.9533 "" "" 4066131030485884928 3128.08594 0.3023 0.0671 -0.107 -1.941 0.077 0.055 1.073 "" "" 16.4699 2.248097 17.646013 15.397916 "" "" 2614.50391 4022.6001 4863.92383 3.9174 1194.0 9.177 5495.3 13.812 "" "" 0.0028907531480150714 0.008798992 0.0046616187 0.013460611 271.20860962267 -23.98452762129 3128.08594 -0.107 -1.9409999999999998 0.05229999947547913 -0.4385999593734742 0.25430486 0.23230484 "" "" 6.549248300301039 "" 1.5235362562979526 ""
271.26304404711 -23.59379719619 0.0606 0.0572 12.6216 "" "" 4066176694575335680 3141.05273 0.3215 0.0802 0.038 -1.761 0.075 0.055 1.059 6828.5 4.3354 16.470459 1.338588 17.060654 15.722066 "" "" 2577.75659 4111.17188 4861.41854 3.785 2047.2 14.613 4076.9 19.885 "" "" 0.0028820782690566434 0.008236991 0.006505975 0.014742967 271.26304404711 -23.59379719619 3141.05273 0.038 -1.761 0.19729999947547913 -0.258599959373474 0.25230485 0.23230484 "" "" 4.842826660652069 "" 1.161587846100959 ""
271.54092714564 -23.68262666096 0.052 0.0471 15.2442 "" "" 4066163118160751232 3273.44629 0.3038 0.0685 -1.032 -1.208 0.062 0.046 0.952 6874.4 4.3324 16.471375 1.266031 17.023003 15.756971 "" "" 2620.15088 4227.41748 4857.31862 2.7539 2119.4 10.757 3947.9 13.502 "" "" 0.0028232451353206642 0.006176753 0.0052983095 0.011475062 271.54092714564 -23.68262666096 3273.44629 -1.032 -1.2080000000000006 -0.8727000005245209 0.2944000406265259 0.23930484 0.22330485 "" "" 14.29066122160909 "" 3.397168344507618 ""
271.14227839829 -23.71670808671 0.0609 0.051 9.8671 "" "" 4066174323753849728 2828.59131 0.3617 0.0656 -1.535 -6.758 0.077 0.053 0.997 "" "" 16.47169 1.543552 17.169388 15.625835 "" "" 2314.35474 3552.98877 4855.91781 3.3101 1852.1 11.104 4454.8 16.376 "" "" 0.0028529890924669917 0.007082162 0.005496675 0.012578838 271.14227839829 -23.71670808671 2828.59131 -1.534999999999999 -6.757999999999998 -1.3757000005245208 -5.255599959373474 0.25430486 0.23030485 "" "" 72.83861991141538 "" 16.892613741031358 ""
271.21908069857 -23.67070317888 0.0671 0.0598 8.9365 "" "" 4066172051682821888 2874.26392 0.3917 0.0923 0.259 -0.519 0.085 0.06 1.104 5246.2 4.6682 16.472525 1.389172 17.011696 15.622524 "" "" 2238.34399 3941.28345 4852.18085 4.0098 2141.6 51.052 4468.4 58.941 "" "" 0.002897729146649933 0.02603201 0.01481183 0.04084384 271.21908069857 -23.67070317888 2874.26392 0.259 -0.5189999999999994 0.41829999947547913 0.9834000406265259 0.26230484 0.23730485 "" "" 14.559539692031796 "" 3.513263579839719 ""
271.08829556874 -23.82654566961 0.0587 0.0489 11.4909 "" "" 4066146904680361728 3134.49585 0.3106 0.0696 0.529 -1.155 0.075 0.05 1.016 7989.2 3.7289 16.477028 2.346902 17.72529 15.378388 "" "" 2552.14136 4030.68384 4832.09729 3.7458 1109.9 8.2647 5595.0 15.421 "" "" 0.0028810014880831657 0.00855269 0.004820673 0.013373363 271.08829556874 -23.82654566961 3134.49585 0.529 -1.1550000000000002 0.6882999994754792 0.34740004062652585 0.25230485 0.22730485 "" "" 11.455166261984035 "" 2.834393841513961 ""
271.19536358433 -23.56172901884 0.0604 0.054 15.4383 "" "" 4066177828446860800 3093.03784 0.3123 0.077 0.162 -1.135 0.074 0.055 1.03 5405.2 4.3762 16.477781 1.255244 16.996462 15.741218 "" "" 2542.57715 4139.25 4828.74065 4.2397 2171.9 23.09 4005.6 16.88 "" "" 0.0029155708204778854 0.0118751675 0.005934477 0.017809644 271.19536358433 -23.56172901884 3093.03784 0.162 -1.1350000000000002 0.32129999947547916 0.36740004062652587 0.25130486 0.23230484 "" "" 7.155656357812624 "" 1.7225303818336908 ""
271.20498376565 -23.73732063464 0.0595 0.0504 6.3233 "" "" 4066171162657308288 2558.02563 0.4067 0.0661 -0.124 -1.482 0.083 0.052 1.018 5510.1 4.5148 16.479134 1.286773 17.033215 15.746442 "" "" 2129.71655 3221.32495 4822.73465 3.3141 2099.6 10.368 3986.4 11.461 "" "" 0.0028545495876294074 0.0060440265 0.0049017966 0.010945823 271.20498376565 -23.73732063464 2558.02563 -0.12399999999999994 -1.482 0.03529999947547913 0.020400040626525895 0.26030484 0.22930485 "" "" 0.4943466730897921 "" 0.12502052586489415 ""
271.13522893556 -23.89288086126 0.0571 0.0496 10.3676 "" "" 4066144258980441984 2347.78076 0.4217 0.0657 0.348 -2.775 0.069 0.051 1.015 9315.9 3.9264 16.479761 3.143548 18.329737 15.186189 "" "" 1942.53845 2797.11035 4819.94848 3.6653 636.1 7.7958 6678.6 15.876 "" "" 0.002876364548677899 0.013595754 0.0045765755 0.01817233 271.13522893556 -23.89288086126 2347.78076 0.348 -2.775000000000003 0.5072999994754791 -1.272599959373474 0.24630484 0.22830485 "" "" 15.245872265912736 "" 3.5196015033860655 ""
271.44612663294 -23.88514885093 0.0721 0.0671 9.6361 "" "" 4066153192513573888 2637.35107 0.4485 0.1049 -0.449 -2.242 0.089 0.065 1.32 "" "" 16.481724 2.196404 17.533493 15.337089 "" "" 1988.49414 3412.84546 4811.23992 4.7389 1324.4 16.561 5812.0 43.671 "" "" 0.0029555761608963697 0.0138603635 0.008991062 0.022851426 271.44612663294 -23.88514885093 2637.35107 -0.44900000000000007 -2.241999999999999 -0.2897000005245209 -0.7395999593734741 0.26630485 0.24230485 "" "" 9.929750068498391 "" 2.4390698429871063 ""
271.13538756398 -23.8023806655 0.0583 0.0507 8.812 "" "" 4066147007759566336 2549.9812 0.4229 0.0736 0.559 -2.056 0.077 0.052 1.067 7482.0 4.1896 16.482386 1.381908 17.092022 15.710114 "" "" 2102.36816 3117.04175 4808.3094 3.4684 1988.9 13.264 4122.0 12.735 "" "" 0.0028644648500313072 0.0077597722 0.0050532906 0.012813063 271.13538756398 -23.8023806655 2549.9812 0.5590000000000002 -2.056 0.7182999994754792 -0.5535999593734742 0.25430486 0.22930485 "" "" 10.9613542212354 "" 2.6886751926537276 ""
271.22672774141 -23.55685650705 0.0614 0.0581 15.1916 "" "" 4066178172044202752 3048.90991 0.3314 0.0777 -0.782 -1.71 0.074 0.053 0.931 7091.3 4.3161 16.483353 1.463312 17.16235 15.699038 "" "" 2445.90186 4090.98999 4804.02552 3.46 1864.1 11.924 4164.3 12.919 "" "" 0.00286413696832071 0.0074845934 0.0050625284 0.012547122 271.22672774141 -23.55685650705 3048.90991 -0.7819999999999999 -1.71 -0.6227000005245209 -0.20759995937347409 0.25130486 0.23030485 "" "" 9.486095908361506 "" 2.364730970207039 ""
271.20366889208 -23.8730319517 0.0548 0.0467 6.6176 "" "" 4066133878012491648 2852.2207 0.3598 0.0666 -0.324 -2.113 0.066 0.048 1.055 "" "" 16.484749 1.484925 17.169111 15.684186 "" "" 2390.30151 4056.92285 4797.85706 3.3756 1852.6 10.1 4221.7 12.691 "" "" 0.0028592498558664575 0.006543863 0.004993653 0.0115375165 271.20366889208 -23.8730319517 2852.2207 -0.32399999999999995 -2.113 -0.16470000052452088 -0.6105999593734741 0.24330485 0.22530484 "" "" 8.550054452271716 "" 1.9371931266282043 ""
271.407326138 -23.58723419914 0.0539 0.0464 14.2658 "" "" 4066179129789305216 3114.66406 0.323 0.0638 0.046 -2.284 0.068 0.048 0.934 6728.7 4.2866 16.485611 1.469641 17.154821 15.685181 "" "" 2557.23462 3834.39233 4794.05 3.1294 1877.1 12.845 4217.8 15.31 "" "" 0.002845011817369286 0.007936336 0.005460377 0.013396713 271.407326138 -23.58723419914 3114.66406 0.046 -2.284 0.2052999994754791 -0.7815999593734739 0.24530485 0.22530484 "" "" 11.930582137972156 "" 2.7040537903595623 ""
271.52822545124 -23.63440323777 0.0509 0.0428 16.2473 "" "" 4066166386653383808 2662.33423 0.3608 0.0637 -0.103 -1.529 0.062 0.047 0.939 7013.0 4.3352 16.486725 1.342734 17.07959 15.736856 "" "" 2311.98877 3282.83765 4789.13145 2.8411 2011.8 9.9219 4021.8 13.692 "" "" 0.0028296034413429925 0.006038025 0.005286453 0.011324478 271.52822545124 -23.63440323777 2662.33423 -0.10299999999999998 -1.5290000000000001 0.05629999947547913 -0.026599959373474036 0.23930484 0.22430485 "" "" 0.7857831208287114 "" 0.18594648629761515 ""
271.30622307134 -23.68058564549 0.054 0.0467 7.3065 "" "" 4066172429639892608 3133.80786 0.3499 0.0717 -0.06 -1.492 0.072 0.05 0.937 "" "" 16.487553 1.318753 17.069431 15.750678 "" "" 2468.23828 4001.22998 4785.48166 3.0347 2030.7 9.3943 3970.9 13.925 "" "" 0.0028400430440752187 0.005745714 0.0053647147 0.011110429 271.30622307134 -23.68058564549 3133.80786 -0.05999999999999999 -1.492 0.09929999947547913 0.010400040626525886 0.24930485 0.22730485 "" "" 1.4830947494279467 "" 0.3694041552934749 ""
271.24872236019 -23.7806811612 0.0598 0.0502 2.889 "" "" 4066170058817417984 3094.63867 0.3331 0.0693 0.243 -2.007 0.073 0.052 1.046 5035.1 4.3115 16.487745 1.438925 17.139616 15.700691 "" "" 2535.24219 3665.64258 4784.63068 3.0655 1903.6 9.998 4158.0 9.3314 "" "" 0.002841775515692068 0.0063484665 0.0044967555 0.010845222 271.24872236019 -23.7806811612 3094.63867 0.243 -2.007 0.4022999994754791 -0.5045999593734742 0.25030485 0.22930485 "" "" 9.466256731132434 "" 2.2499994456029 ""
271.06901977708 -23.79861143294 0.0673 0.06 12.4572 "" "" 4066147213918042240 2645.96094 0.3817 0.0827 -0.861 -2.686 0.083 0.059 1.099 8687.5 2.7936 16.487839 2.841322 18.089287 15.247965 "" "" 2136.51953 3276.85205 4784.22433 4.2014 793.78 9.2022 6309.2 9.2244 "" "" 0.0029156291536210255 0.012892359 0.0040992177 0.016991576 271.06901977708 -23.79861143294 2645.96094 -0.8610000000000001 -2.6860000000000004 -0.7017000005245209 -1.183599959373474 0.26030484 0.23630485 "" "" 17.25720834025491 "" 4.189616052245312 ""
271.18382981598 -23.90789531667 0.0608 0.052 8.843 "" "" 4066133706213672448 2361.06445 0.4105 0.0732 -0.504 -2.228 0.074 0.054 1.042 9915.5 3.9892 16.487917 3.15514 18.354471 15.199331 "" "" 2003.58459 2804.88867 4783.87822 3.5622 621.77 6.4534 6598.2 10.052 "" "" 0.00287148200629457 0.011609225 0.004125487 0.015734712 271.18382981598 -23.90789531667 2361.06445 -0.504 -2.2279999999999998 -0.3447000005245209 -0.7255999593734743 0.25130486 0.23130485 "" "" 8.99024490612128 "" 2.113742960930785 ""
271.38177802474 -23.85825631107 0.0578 0.0468 5.7972 "" "" 4066154257665579136 3153.62158 0.3092 0.0698 -1.554 2.134 0.067 0.048 1.024 8273.9 4.0413 16.488876 2.845001 18.124355 15.279354 "" "" 2587.35864 4144.11328 4779.6529 3.7547 768.55 7.6322 6129.4 19.436 "" "" 0.0028843101004064646 0.011137232 0.0051124045 0.016249636 271.38177802474 -23.85825631107 3153.62158 -1.5539999999999998 2.1339999999999986 -1.394700000524521 3.6364000406265258 0.24430485 0.22530484 "" "" 58.21844143057282 "" 13.263904525494834 ""
271.28588822864 -23.85408115506 0.0508 0.0423 3.1732 "" "" 4066157070835960704 2560.63062 0.3692 0.0588 0.126 -1.4 0.061 0.045 1.0 "" "" 16.490942 1.702663 17.293694 15.59103 "" "" 2228.91724 3065.52881 4770.56951 3.0743 1651.7 7.1789 4599.9 10.179 "" "" 0.0028427703831859176 0.0054821637 0.004478415 0.009960579 271.28588822864 -23.85408115506 2560.63062 0.12600000000000006 -1.4000000000000001 0.2852999994754791 0.10240004062652597 0.23830485 0.22230485 "" "" 3.6790878707397803 "" 0.8702279433922088 ""
271.203719719 -23.94304069713 0.058 0.0479 9.8591 "" "" 4066132812860327936 2415.91895 0.4189 0.0716 -1.045 -3.661 0.074 0.052 0.976 "" "" 16.49384 1.867749 17.410934 15.543185 "" "" 2020.66931 2892.27124 4757.85653 3.0001 1482.7 12.421 4807.1 18.987 "" "" 0.0028391005548226976 0.009513861 0.0057161427 0.015230004 271.203719719 -23.94304069713 2415.91895 -1.045 -3.661 -0.8857000005245208 -2.158599959373474 0.25130486 0.22930485 "" "" 26.719017797729272 "" 6.214932461332773 ""
271.10480776509 -23.59388698706 0.0573 0.0516 16.3139 "" "" 4069178739260200192 3101.72583 0.3327 0.0761 -1.239 -4.884 0.069 0.05 1.004 4854.2 4.3099 16.495447 1.452135 17.158022 15.705887 "" "" 2414.47656 4394.36523 4750.81493 3.3871 1871.6 9.4693 4138.1 10.636 "" "" 0.002861989643194122 0.006161235 0.004698012 0.010859247 271.10480776509 -23.59388698706 3101.72583 -1.239 -4.884 -1.079700000524521 -3.3815999593734745 0.24630484 0.22730485 "" "" 52.189573008300464 "" 11.958130901607369 ""
271.32950616009 -23.66338442706 0.0545 0.0476 8.5189 "" "" 4066172571406521728 3084.81689 0.3174 0.0676 -0.511 -1.604 0.069 0.048 0.997 5311.1 4.3425 16.49606 1.37759 17.082293 15.704702 "" "" 2566.00684 3773.78662 4748.13634 3.5162 2006.8 13.782 4142.6 13.422 "" "" 0.0028702370863984417 0.007961393 0.005163186 0.01312458 271.32950616009 -23.66338442706 3084.81689 -0.511 -1.6040000000000012 -0.3517000005245209 -0.10159995937347421 0.24630484 0.22530484 "" "" 5.352850984938199 "" 1.3101176090559654 ""
271.16006234195 -23.61034408581 0.0665 0.0572 13.7085 "" "" 4066176106132233728 3448.29639 0.3056 0.0815 -1.923 -1.871 0.079 0.055 0.924 "" "" 16.496225 1.788793 17.363285 15.574492 "" "" 2738.97168 4572.04053 4747.41039 3.8717 1549.2 10.84 4670.5 10.663 "" "" 0.002894102596907168 0.008093238 0.0045197504 0.012612988 271.16006234195 -23.61034408581 3448.29639 -1.9229999999999983 -1.8710000000000013 -1.763700000524521 -0.3685999593734741 0.25630486 0.23230484 "" "" 29.450378110751615 "" 7.52002716779168 ""
271.46386162617 -23.67494721287 0.0519 0.0457 11.9667 "" "" 4066165901289632128 2381.30981 0.439 0.0663 -0.576 -4.401 0.062 0.049 0.937 4761.9 4.2826 16.497704 1.524691 17.19068 15.665989 "" "" 2013.4054 2725.83374 4740.9464 16.519 1816.1 23.839 4293.0 38.33 "" "" 0.004680097809790508 0.01452245 0.010404664 0.024927113 271.46386162617 -23.67494721287 2381.30981 -0.5760000000000003 -4.4010000000000025 -0.41670000052452083 -2.898599959373474 0.23930484 0.22630484 "" "" 33.0540355920908 "" 7.489233625425712 ""
271.15903033736 -23.69822998536 0.1398 0.1249 9.7605 "" "" 4066174461192319232 2369.55957 0.4564 0.1196 -1.065 -4.343 0.162 0.113 1.111 "" "" 16.498367 "" "" "" "" "" 1885.28357 3156.37817 4738.04886 12.205 "" "" "" "" "" "" 0.00392605659020043 "" "" "" 271.15903033736 -23.69822998536 2369.55957 -1.065 -4.343000000000001 -0.9057000005245208 -2.840599959373474 0.33930486 0.29030484 "" "" 33.487271993973124 "" 9.884350092712 ""
271.0766648436 -23.63987547473 0.0569 0.0474 15.4808 "" "" 4066175796894451072 2953.61816 0.3687 0.0646 -0.092 -1.692 0.067 0.046 1.065 "" "" 16.498404 1.215127 17.026218 15.811091 "" "" 2405.67358 3867.53882 4737.89264 3.1662 2113.1 14.253 3756.0 11.7 "" "" 0.002849251946864353 0.00783688 0.0050717085 0.012908589 271.0766648436 -23.63987547473 2953.61816 -0.09200000000000001 -1.6919999999999995 0.06729999947547913 -0.18959995937347407 0.24430485 0.22330485 "" "" 2.8166908352998155 "" 0.6358729342869792 ""
271.32251586181 -23.72263193692 0.0557 0.047 4.9809 "" "" 4066160373699323520 2530.35547 0.4015 0.0713 -0.705 -2.107 0.071 0.05 0.91 5423.0 4.3416 16.499851 1.327249 17.080147 15.752898 "" "" 2143.47705 2989.02026 4731.58236 3.314 2010.8 11.842 3962.8 22.398 "" "" 0.0028583339324513876 0.0069763716 0.007207094 0.014183465 271.32251586181 -23.72263193692 2530.35547 -0.7049999999999998 -2.107000000000001 -0.5457000005245208 -0.6045999593734743 0.24830484 0.22730485 "" "" 9.768425462235047 "" 2.3147523690770373 ""
271.41960022511 -23.79050939545 0.0546 0.0481 6.8255 "" "" 4066158964936540544 2546.49536 0.3906 0.0751 -1.646 -5.722 0.067 0.049 0.977 4723.6 4.1916 16.500553 1.630879 17.24339 15.61251 "" "" 2162.10229 3021.9856 4728.52476 3.3046 1730.1 10.634 4509.8 24.888 "" "" 0.0028578909890188404 0.007233246 0.007084162 0.014317408 271.41960022511 -23.79050939545 2546.49536 -1.646000000000001 -5.722 -1.4867000005245208 -4.2195999593734745 0.24430485 0.22630484 "" "" 54.00106071212312 "" 12.331804892576722 ""
271.19849003423 -23.71905321088 0.0607 0.0488 7.3064 "" "" 4066171227048865536 3120.59912 0.3085 0.0687 -2.61 -2.676 0.078 0.051 1.059 "" "" 16.50186 1.749969 17.258854 15.508884 "" "" 2569.80151 3943.49634 4722.83826 3.3474 1705.6 7.8439 4961.4 31.453 "" "" 0.0028607647200454764 0.0057198885 0.007852412 0.0135723 271.19849003423 -23.71905321088 3120.59912 -2.61 -2.676000000000003 -2.4507000005245207 -1.1735999593734743 0.25530484 0.22830485 "" "" 40.192092838474075 "" 10.067675171340287 ""
271.14939743586 -23.73090267738 0.073 0.0622 9.106 "" "" 4066171364487758976 2735.46045 0.427 0.0822 0.158 -1.3 0.088 0.062 1.274 6097.3 4.5263 16.502214 1.358279 17.017382 15.659102 "" "" 2128.51343 3958.09351 4721.29472 3.9034 2130.4 22.288 4320.3 38.118 "" "" 0.0028978547154812338 0.011696515 0.010298037 0.021994552 271.14939743586 -23.73090267738 2735.46045 0.158 -1.3 0.31729999947547916 0.20240004062652583 0.26530486 0.23930484 "" "" 4.879884100316868 "" 1.2592769362307679 ""
271.27376891442 -23.82278435698 0.0614 0.0491 1.7415 "" "" 4066157934157813376 2602.76514 0.3773 0.0704 -0.406 -1.634 0.073 0.053 1.087 8943.5 4.0142 16.502373 1.568689 17.144772 15.576082 "" "" 2216.12061 3128.78882 4720.60238 4.3871 1894.6 29.322 4663.6 57.095 "" "" 0.0029342686576225873 0.017033597 0.01381918 0.030852778 271.27376891442 -23.82278435698 2602.76514 -0.40599999999999997 -1.634 -0.2467000005245209 -0.13159995937347402 0.25030485 0.23030485 "" "" 3.449527404339865 "" 0.8486341833393299 ""
271.06113491528 -23.78126089217 0.0655 0.0568 12.9492 "" "" 4066150164528904960 3293.40869 0.3224 0.0816 -1.217 -2.411 0.085 0.057 1.034 7465.8 4.036 16.50328 1.766536 17.358982 15.592446 "" "" 2678.03296 4631.21826 4716.66249 4.0069 1555.3 10.568 4593.9 13.815 "" "" 0.0029056028206718735 0.007887393 0.0049944436 0.012881837 271.06113491528 -23.78126089217 3293.40869 -1.2169999999999987 -2.411 -1.057700000524521 -0.9085999593734742 0.26230484 0.23430485 "" "" 21.767258159486346 "" 5.4591857004682405 ""
271.12712093881 -23.73572970644 0.0594 0.0511 10.085 "" "" 4066150821690579456 2830.07324 0.3723 0.065 -1.573 -3.514 0.071 0.051 0.955 7090.8 4.3214 16.503706 1.408222 17.142727 15.734505 "" "" 2384.39868 3368.04541 4714.81382 3.2105 1898.1 8.2389 4030.5 11.807 "" "" 0.002852785199389887 0.005476775 0.0049396106 0.010416386 271.12712093881 -23.73572970644 2830.07324 -1.5729999999999997 -3.513999999999998 -1.4137000005245208 -2.011599959373474 0.24830484 0.22830485 "" "" 32.98200991152273 "" 7.754246237537439 ""
271.39572053356 -23.64223259526 0.055 0.0559 11.0429 "" "" 4066172846284370560 2781.76221 0.3643 0.0824 0.707 -1.45 0.067 0.053 0.968 7096.8 4.3293 16.505184 1.494868 17.173544 15.678676 "" "" 2251.48706 3391.42944 4708.39461 3.35 1845.0 22.365 4243.1 13.609 "" "" 0.002861562423499991 0.013453747 0.0051390855 0.018592833 271.39572053356 -23.64223259526 2781.76221 0.707 -1.4500000000000002 0.8662999994754791 0.05240004062652592 0.24430485 0.23030485 "" "" 11.443521376782753 "" 2.795140436922521 ""
271.13472307919 -23.57543190698 0.0633 0.057 16.2241 "" "" 4066176454057402368 2420.15771 0.4484 0.0841 1.062 -0.655 0.076 0.056 1.089 "" "" 16.505342 1.451194 17.034466 15.583272 "" "" 2039.55859 3178.34253 4707.70688 7.9159 2097.2 13.851 4632.9 63.155 "" "" 0.0033052611696166726 0.007694475 0.015275512 0.022969987 271.13472307919 -23.57543190698 2420.15771 1.0619999999999987 -0.6549999999999999 1.2212999994754792 0.8474000406265259 0.25330484 0.23330486 "" "" 17.052371569800272 "" 4.211646299889689 ""
271.26221977031 -23.53242127245 0.0672 0.0663 16.28 "" "" 4066178305155822848 2868.40356 0.411 0.0955 0.683 -1.375 0.079 0.058 1.097 5063.3 4.6744 16.508017 1.38546 17.063162 15.677702 "" "" 2171.2417 3809.12085 4696.13411 3.9244 2042.5 19.53 4247.0 69.391 "" "" 0.0029008630091910447 0.0107500125 0.018137781 0.028887793 271.26221977031 -23.53242127245 2868.40356 0.6829999999999996 -1.375 0.8422999994754792 0.12740004062652588 0.25630486 0.23530485 "" "" 11.582363051156305 "" 2.9633942112331755 ""
271.35667993638 -23.57751065248 0.0552 0.0472 13.8767 "" "" 4066179885703591680 2377.97852 0.4197 0.0648 0.277 -0.298 0.069 0.049 0.993 5678.9 4.5336 16.508196 1.442623 17.16754 15.724916 "" "" 2087.5708 2778.85791 4695.35049 2.8864 1855.2 15.411 4066.2 9.6186 "" "" 0.002835007363775043 0.0094408505 0.004569458 0.014010308 271.35667993638 -23.57751065248 2377.97852 0.27700000000000025 -0.298 0.43629999947547915 1.2044000406265258 0.24630484 0.22630484 "" "" 14.438837953925638 "" 3.3023736828803956 ""
271.494259144 -23.61374245468 0.056 0.0516 15.6945 "" "" 4066167280006669184 2421.12866 0.4533 0.0771 -0.202 -0.373 0.067 0.052 1.1 5375.7 4.385 16.508501 1.525372 17.211506 15.686134 "" "" 1932.17371 3098.78784 4694.0359 2.8981 1781.6 8.7389 4214.1 8.6931 "" "" 0.0028356898772567366 0.0060122684 0.004393186 0.010405455 271.494259144 -23.61374245468 2421.12866 -0.202 -0.373 -0.04270000052452089 1.1294000406265259 0.24430485 0.22930485 "" "" 12.970424277204218 "" 2.9744679699025642 ""
271.15034647837 -23.76663388242 0.0565 0.0467 8.2687 "" "" 4066147591875132544 2461.75439 0.3862 0.0612 -1.108 -2.685 0.072 0.051 0.972 7016.7 4.321 16.508749 1.371237 17.11831 15.747074 "" "" 2108.87598 3101.96729 4692.95975 3.3708 1941.3 10.855 3984.1 9.0437 "" "" 0.0028635561209307526 0.0066814893 0.0045119626 0.011193452 271.15034647837 -23.76663388242 2461.75439 -1.108 -2.6850000000000023 -0.948700000524521 -1.1825999593734742 0.24930485 0.22830485 "" "" 17.69099831896506 "" 4.188337089590982 ""
271.41586495955 -23.74278997712 0.0571 0.0485 7.4836 "" "" 4066159372938980480 3189.22461 0.3148 0.0754 0.37 -1.47 0.068 0.052 0.987 "" "" 16.508823 1.411195 17.141119 15.729924 "" "" 2584.78247 4189.1748 4692.63845 3.2311 1900.9 13.867 4047.5 14.895 "" "" 0.00285493697278871 0.0083974935 0.0054998407 0.013897334 271.41586495955 -23.74278997712 3189.22461 0.37 -1.4700000000000002 0.5292999994754791 0.032400040626525906 0.24530485 0.22930485 "" "" 8.01636491971056 "" 1.9659899694382201 ""
271.33952259302 -23.60116093692 0.0577 0.0495 12.2859 "" "" 4066174014515616000 2958.46704 0.3444 0.0739 1.751 0.198 0.071 0.05 0.963 "" "" 16.509491 1.315318 17.065277 15.749959 "" "" 2464.8501 3589.87866 4689.75505 3.181 2038.5 10.662 3973.5 24.859 "" "" 0.0028520403917245054 0.006327178 0.0077732145 0.014100392 271.33952259302 -23.60116093692 2958.46704 1.7509999999999981 0.198 1.910299999475479 1.7004000406265258 0.24830484 0.22730485 "" "" 35.86361667072898 "" 8.580332419939046 ""
271.50656019674 -23.6669829841 0.0522 0.0453 14.1241 "" "" 4066165974336500224 2503.22583 0.3881 0.0631 2.188 1.055 0.063 0.047 0.976 4690.9 4.2071 16.510334 1.748536 17.35859 15.610053 "" "" 2177.13721 2868.60938 4686.11959 2.8822 1555.9 11.694 4520.0 12.538 "" "" 0.002835087809008464 0.008624119 0.0048326147 0.013456734 271.50656019674 -23.6669829841 2503.22583 2.188 1.055 2.3472999994754793 2.5574000406265256 0.24030486 0.22430485 "" "" 41.18830495164583 "" 9.54571233763654 ""
271.46825678553 -23.67625042206 0.0595 0.0527 12.1048 "" "" 4066165905617066752 2623.58008 0.3728 0.0759 -1.494 -5.332 0.069 0.051 1.059 "" "" 16.512465 3.063293 18.309673 15.24638 "" "" 2159.75146 3478.76465 4676.93098 3.3688 647.96 11.467 6318.4 11.663 "" "" 0.0028641583336621868 0.019415885 0.004277884 0.02369377 271.46825678553 -23.67625042206 2623.58008 -1.4939999999999996 -5.332 -1.3347000005245209 -3.829599959373474 0.24630484 0.22830485 "" "" 50.433539028413016 "" 11.615973305427003 ""
271.16471975803 -23.91195710246 0.057 0.0481 9.7648 "" "" 4066132228744901888 2586.96777 0.3737 0.0664 -0.859 -2.774 0.067 0.049 0.966 "" "" 16.514498 2.017681 17.534184 15.516502 "" "" 2267.72925 3012.02002 4668.18197 3.5954 1323.6 9.236 4926.7 14.389 "" "" 0.0028794206976077283 0.008073652 0.0049334657 0.013007117 271.16471975803 -23.91195710246 2586.96777 -0.859 -2.774 -0.6997000005245209 -1.2715999593734741 0.24430485 0.22630484 "" "" 17.7973314941958 "" 4.104305922918454 ""
271.21196189613 -23.57449251083 0.0622 0.0576 14.4083 "" "" 4066177759727334528 2535.36914 0.4014 0.0865 -0.33 -0.897 0.077 0.053 0.973 "" "" 16.515522 1.521265 17.191933 15.670668 "" "" 2148.84692 3049.30176 4663.77768 3.5866 1814.0 9.3344 4274.6 24.809 "" "" 0.002879055335725585 0.006244907 0.0073478944 0.013592802 271.21196189613 -23.57449251083 2535.36914 -0.3300000000000001 -0.8969999999999999 -0.1707000005245209 0.6054000406265259 0.25430486 0.23030485 "" "" 7.55916567482266 "" 1.7549135547585777 ""
271.23342417564 -23.69368107677 0.0576 0.0496 7.3491 "" "" 4066171678045375872 2420.01147 0.4391 0.0764 -0.058 -0.06 0.077 0.049 0.951 "" "" 16.515562 1.521055 17.180153 15.659098 "" "" 2022.04004 2861.49268 4663.60605 4.2583 1833.8 20.074 4320.4 13.856 "" "" 0.0029282447114389975 0.01220831 0.0051389276 0.017347237 271.23342417564 -23.69368107677 2420.01147 -0.05799999999999995 -0.06 0.10129999947547913 1.4424000406265258 0.25430486 0.22630484 "" "" 16.58631425832301 "" 3.7559828828669573 ""
271.24169701836 -23.78404234879 0.0527 0.0437 3.1651 "" "" 4066169960066344064 2649.10522 0.3602 0.06 -0.967 -3.165 0.067 0.046 1.02 "" "" 16.516218 1.463048 17.15259 15.689542 "" "" 2366.12427 3173.57129 4660.7863 3.1254 1881.0 11.127 4200.9 17.928 "" "" 0.002849889377068469 0.007002525 0.0059794234 0.012981948 271.24169701836 -23.78404234879 2649.10522 -0.967 -3.1649999999999996 -0.8077000005245208 -1.6625999593734742 0.24430485 0.22330485 "" "" 23.210032951229607 "" 5.279457580569753 ""
271.43054898808 -23.76993181499 0.0569 0.0497 7.6385 "" "" 4066159068029027072 2361.18872 0.435 0.0772 -3.075 -0.394 0.071 0.053 1.022 5921.1 4.4939 16.516403 1.611677 17.235891 15.624214 "" "" 1993.52795 2771.4624 4659.99819 3.9007 1742.0 13.044 4461.4 12.459 "" "" 0.0029013368582438137 0.008595397 0.0048453123 0.01344071 271.43054898808 -23.76993181499 2361.18872 -3.0750000000000033 -0.39400000000000035 -2.915700000524521 1.1084000406265258 0.24830484 0.23030485 "" "" 34.91099874483207 "" 8.591760434243598 ""
271.5320373667 -23.71996455635 0.0543 0.0481 13.8695 "" "" 4066162538362534272 2353.90405 0.446 0.0687 -1.826 -6.193 0.063 0.048 0.989 4904.9 4.3271 16.517641 1.464212 17.187578 15.723366 "" "" 2023.8855 2939.44556 4654.689 3.4688 1821.3 12.777 4072.0 14.658 "" "" 0.0028716658056373258 0.008111749 0.0054367976 0.0135485465 271.5320373667 -23.71996455635 2353.90405 -1.826 -6.193 -1.666700000524521 -4.690599959373474 0.24030486 0.22530484 "" "" 55.54108908629766 "" 12.609811595305324 ""
271.43267593638 -23.66664324556 0.0589 0.0535 11.0627 "" "" 4066166695878511616 3046.62793 0.3051 0.0794 -0.163 -1.416 0.07 0.053 0.997 "" "" 16.517706 2.179561 17.631168 15.451608 "" "" 2502.12939 4050.74756 4654.40965 3.2485 1210.5 9.8289 5230.2 16.791 "" "" 0.002857624618227911 0.009246856 0.005141344 0.0143882 271.43267593638 -23.66664324556 3046.62793 -0.16299999999999998 -1.4160000000000001 -0.00370000052452088 0.08640004062652595 0.24730486 0.23030485 "" "" 1.2488479612000245 "" 0.28765603976046156 ""
271.35202422386 -23.87585472305 0.0585 0.0474 5.3967 "" "" 4066153909739942272 2826.98022 0.3347 0.0685 1.331 0.863 0.07 0.051 1.015 8842.7 3.7107 16.517805 3.163445 18.39374 15.230294 "" "" 2336.23682 3524.2915 4653.97891 4.0835 599.68 9.488 6412.7 11.503 "" "" 0.002915360603249777 0.01740339 0.00425168 0.02165507 271.35202422386 -23.87585472305 2826.98022 1.3309999999999997 0.863 1.490299999475479 2.365400040626526 0.24730486 0.22830485 "" "" 37.46247644586792 "" 8.761007091889155 ""
271.28418843333 -23.93085601602 0.0538 0.0466 7.7584 "" "" 4066130132800780544 2827.7749 0.3719 0.0693 0.491 -1.564 0.064 0.048 0.908 4831.4 4.1082 16.518127 2.303034 17.743404 15.440371 "" "" 2375.28247 3240.63306 4652.59824 3.381 1091.6 9.5113 5284.6 11.529 "" "" 0.002866060282310786 0.009863091 0.004460303 0.014323394 271.28418843333 -23.93085601602 2827.7749 0.49100000000000005 -1.564 0.6502999994754791 -0.06159995937347418 0.24130484 0.22530484 "" "" 8.755413943462397 "" 2.1115189535234555 ""
271.19661089288 -23.58260085146 0.0689 0.0613 14.2494 "" "" 4066177656648129280 2906.66455 0.3616 0.0834 -1.451 -4.269 0.087 0.059 0.992 7115.1 4.2738 16.518913 1.402323 17.146544 15.744221 "" "" 2328.52734 3943.06079 4649.23124 3.7771 1891.5 14.416 3994.6 12.154 "" "" 0.0028930661616613333 0.008732641 0.0050196247 0.013752266 271.19661089288 -23.58260085146 2906.66455 -1.451 -4.269000000000001 -1.291700000524521 -2.7665999593734742 0.26430485 0.23630485 "" "" 42.06694247935145 "" 10.161466646663825 ""
271.17403601703 -23.70210611061 0.0627 0.0522 8.9841 "" "" 4066171501926858496 3077.86401 0.3339 0.0708 -0.339 -1.945 0.075 0.052 0.947 5020.0 4.3366 16.520866 1.364404 17.0876 15.723197 "" "" 2512.80444 4083.29688 4640.87992 3.9408 1997.0 17.258 4072.7 21.243 "" "" 0.0029054750104689354 0.009788958 0.0068084467 0.016597405 271.17403601703 -23.70210611061 3077.86401 -0.339 -1.945 -0.1797000005245209 -0.4425999593734742 0.25230485 0.22930485 "" "" 6.969041353921412 "" 1.6216809585670222 ""
271.48214874645 -23.71418131087 0.0571 0.0532 11.5049 "" "" 4066159716536532736 2442.06299 0.4223 0.0814 1.303 -1.291 0.067 0.053 1.053 5533.6 4.6942 16.521261 1.315798 17.099941 15.784143 "" "" 2081.07959 3205.96704 4639.18711 2.837 1974.4 10.275 3850.4 13.645 "" "" 0.002834189814236499 0.006301655 0.0053933198 0.011694975 271.48214874645 -23.71418131087 2442.06299 1.303 -1.2910000000000004 1.462299999475479 0.21140004062652595 0.24430485 0.23030485 "" "" 17.102641488370747 "" 4.173494321748257 ""
271.49563570893 -23.94536611425 0.0592 0.0589 13.9315 "" "" 4066105707352636160 2759.81738 0.4 0.0953 -0.41 -3.283 0.072 0.051 0.983 5693.1 3.9293 16.521698 1.943 17.490133 15.547133 "" "" 2157.77612 3838.06128 4637.3257 3.813 1378.4 10.919 4789.7 15.407 "" "" 0.0028963371204458596 0.009041927 0.005145984 0.014187911 271.49563570893 -23.94536611425 2759.81738 -0.4099999999999997 -3.282999999999999 -0.25070000052452085 -1.780599959373474 0.24930485 0.22830485 "" "" 23.522718489162582 "" 5.380384813160474 ""
271.40744568574 -23.78723259312 0.0581 0.0518 6.1872 "" "" 4066158930590080512 2466.49902 0.4104 0.0832 -1.273 -8.226 0.07 0.054 1.052 "" "" 16.52311 1.630095 17.125889 15.495793 "" "" 2048.83301 3195.69116 4631.30295 6.6565 1927.8 44.066 5021.6 57.85 "" "" 0.0031665416709749385 0.024974303 0.013066449 0.038040753 271.40744568574 -23.78723259312 2466.49902 -1.273 -8.225999999999992 -1.1137000005245208 -6.723599959373475 0.24730486 0.23130485 "" "" 79.67805117684306 "" 18.465107533235297 ""
271.07758468906 -23.78554893586 0.0632 0.0561 12.0265 "" "" 4066147316997262336 2791.16382 0.3423 0.0762 -2.515 -0.65 0.079 0.055 0.917 4813.6 4.2388 16.523592 1.745524 17.36512 15.619597 "" "" 2279.31006 3421.19312 4629.24282 3.6682 1546.6 7.3848 4480.4 16.535 "" "" 0.0028865143206480808 0.005887392 0.005508104 0.011395495 271.07758468906 -23.78554893586 2791.16382 -2.5149999999999992 -0.65 -2.355700000524521 0.8524000406265259 0.25630486 0.23230484 "" "" 33.14377439208458 "" 8.406671459918897 ""
271.42874140623 -23.74642593066 0.0565 0.0497 8.0196 "" "" 4066159166780542720 2466.81226 0.4137 0.0719 -0.695 -0.972 0.068 0.05 0.988 5797.3 4.5665 16.525597 1.392831 17.156658 15.763827 "" "" 2045.36157 2909.59546 4620.70056 3.3422 1873.9 15.115 3923.1 13.7 "" "" 0.0028650520642962357 0.009191351 0.005353456 0.014544807 271.42874140623 -23.74642593066 2466.81226 -0.6949999999999998 -0.972 -0.5357000005245208 0.5304000406265259 0.24530485 0.22730485 "" "" 8.814603239603471 "" 2.085231698205073 ""
271.15583793635 -23.60381805838 0.0646 0.0587 14.1634 "" "" 4066176179179407616 2696.63062 0.3938 0.0804 -0.598 -2.359 0.08 0.056 0.961 5391.1 4.5946 16.52644 1.268546 17.066439 15.797893 "" "" 2195.37256 3646.50537 4617.11301 3.8729 2036.3 25.611 3801.9 15.512 "" "" 0.002901933867384862 0.013937682 0.0058230157 0.019760698 271.15583793635 -23.60381805838 2696.63062 -0.598 -2.359 -0.43870000052452085 -0.8565999593734741 0.25730485 0.23330486 "" "" 12.301474122817494 "" 2.9337863942248035 ""
271.31457444371 -23.74707699287 0.0591 0.051 3.4508 "" "" 4066158861871514624 2994.70288 0.3313 0.0784 -0.226 -5.508 0.074 0.052 1.025 8202.4 4.4047 16.527159 1.755613 17.361778 15.606165 "" "" 2446.17041 4170.32178 4614.05845 3.3808 1551.3 8.0992 4536.2 13.053 "" "" 0.0028678684514375297 0.006318014 0.0049035205 0.011221535 271.31457444371 -23.74707699287 2994.70288 -0.22600000000000003 -5.508 -0.06670000052452088 -4.005599959373474 0.25130486 0.22930485 "" "" 56.86693977807269 "" 13.040228532742105 ""
271.26159116384 -23.71757762892 0.0593 0.0517 5.4042 "" "" 4066170780372265088 2462.84082 0.4292 0.075 0.192 -1.092 0.074 0.051 1.03 5838.5 4.5803 16.527191 1.336478 17.12112 15.784642 "" "" 2056.81396 3111.97021 4613.92528 3.2365 1936.3 12.433 3848.6 15.698 "" "" 0.0028586413654331636 0.007509139 0.0058220415 0.01333118 271.26159116384 -23.71757762892 2462.84082 0.192 -1.092 0.35129999947547913 0.4104000406265258 0.25130486 0.22830485 "" "" 6.306479757248084 "" 1.502846792910664 ""
271.06056764148 -23.81292798812 0.0628 0.0564 12.9355 "" "" 4066145697762750720 2890.1792 0.3622 0.078 -1.413 -5.15 0.077 0.055 0.891 4792.8 3.4979 16.52847 2.605027 17.96337 15.358342 "" "" 2436.44116 3694.8584 4608.49504 3.6409 891.39 11.185 5699.3 18.994 "" "" 0.00288575278220515 0.013906404 0.0052322755 0.019138679 271.06056764148 -23.81292798812 2890.1792 -1.4129999999999998 -5.150000000000001 -1.253700000524521 -3.6475999593734745 0.25430486 0.23230484 "" "" 52.83930941522054 "" 12.402793190353416 ""
271.18567569578 -23.87069269131 0.0666 0.0587 7.3205 "" "" 4066134054138133888 3288.38477 0.3335 0.0839 -0.433 -1.254 0.086 0.064 1.224 11243.8 4.2951 16.529099 1.75889 17.166668 15.407778 "" "" 2551.58862 4197.84229 4605.82554 8.2259 1856.7 41.648 5445.6 61.951 "" "" 0.003369257914506708 0.024513666 0.012916978 0.037430644 271.18567569578 -23.87069269131 3288.38477 -0.4329999999999999 -1.254 -0.27370000052452087 0.24840004062652588 0.26330486 0.24130484 "" "" 5.761147619896861 "" 1.4610551112714323 ""
271.28105375534 -23.66723161982 0.0569 0.0485 8.1268 "" "" 4066173258601352064 2969.1958 0.3274 0.0726 -1.18 -2.154 0.075 0.053 1.006 4720.2 4.2768 16.530746 1.582569 17.271822 15.689253 "" "" 2457.96533 3591.09937 4598.84001 2.9819 1685.3 11.816 4202.0 12.07 "" "" 0.0028438349528103948 0.008107564 0.004900011 0.013007576 271.28105375534 -23.66723161982 2969.1958 -1.18 -2.154 -1.0207000005245208 -0.651599959373474 0.25230485 0.23030485 "" "" 17.042960358068676 "" 4.194908850905503 ""
271.47248698672 -23.62141493422 0.0534 0.0462 14.5427 "" "" 4066167451805380992 2353.58472 0.4067 0.0638 0.77 -1.417 0.063 0.048 0.964 5660.6 4.4887 16.5362 1.531984 17.25646 15.724476 "" "" 2038.57373 2918.44556 4575.80173 2.8675 1709.4 7.9828 4067.9 9.1025 "" "" 0.0028380848350846445 0.0057873353 0.0044928985 0.010280234 271.47248698672 -23.62141493422 2353.58472 0.77 -1.417 0.9292999994754791 0.08540004062652584 0.24030486 0.22530484 "" "" 10.410947161646138 "" 2.500533891481391 ""
271.40469918873 -23.7508678852 0.0595 0.0504 6.7151 "" "" 4066159342907008256 2962.93359 0.3452 0.0822 -2.662 -2.654 0.073 0.057 0.939 "" "" 16.537817 1.503889 16.937983 15.434093 "" "" 2327.39697 4019.58057 4568.99023 13.227 2292.0 139.72 5315.2 91.265 "" "" 0.004179856008000817 0.06624511 0.01902194 0.08526705 271.40469918873 -23.7508678852 2962.93359 -2.662 -2.654 -2.502700000524521 -1.151599959373474 0.25030485 0.23430485 "" "" 38.691206374790916 "" 9.579310297276848 ""
271.17259336613 -23.69504334293 0.0653 0.054 9.3297 "" "" 4066174456864386816 2735.6394 0.3743 0.0716 -1.077 -5.833 0.081 0.054 1.001 6666.7 4.3552 16.538597 1.395419 17.172419 15.776999 "" "" 2287.55786 3439.41748 4565.7044 3.4021 1846.9 13.629 3875.8 9.0894 "" "" 0.0028716399202811135 0.008484006 0.0045570857 0.013041092 271.17259336613 -23.69504334293 2735.6394 -1.0770000000000002 -5.832999999999997 -0.9177000005245208 -4.330599959373474 0.25830483 0.23130485 "" "" 57.40158588793219 "" 13.347573058651008 ""
271.4542248029 -23.67176587768 0.0561 0.0548 11.6904 "" "" 4066166627172363264 2552.44189 0.447 0.0845 -3.628 -0.91 0.069 0.051 0.986 4691.3 4.2935 16.541403 1.605366 17.254711 15.649345 "" "" 2059.38379 3674.01465 4553.92197 4.0421 1712.1 6.879 4359.3 10.668 "" "" 0.0029189936394914966 0.005178334 0.0046198857 0.009798219 271.4542248029 -23.67176587768 2552.44189 -3.6280000000000006 -0.9100000000000006 -3.468700000524521 0.5924000406265258 0.24630484 0.22830485 "" "" 42.57394956850636 "" 10.465224146010664 ""
271.38112234934 -23.75271655409 0.0557 0.0491 5.5348 "" "" 4066159308547303296 2884.2356 0.3507 0.0782 1.16 0.356 0.068 0.05 0.946 "" "" 16.541574 1.579848 17.265675 15.685826 "" "" 2370.96729 3762.74976 4553.20039 3.868 1694.9 12.587 4215.3 12.681 "" "" 0.0029056001183221073 0.008532218 0.0049952087 0.013527427 271.38112234934 -23.75271655409 2884.2356 1.1600000000000001 0.35600000000000004 1.319299999475479 1.8584000406265258 0.24530485 0.22730485 "" "" 31.15792606308415 "" 7.275101535805361 ""
271.44719686587 -23.57337411739 0.0721 0.0628 16.0394 "" "" 4066179374625263872 2356.8811 0.4405 0.0885 2.733 -2.796 0.092 0.07 1.457 5582.3 4.5932 16.541958 1.655491 17.244839 15.589348 "" "" 1976.54968 2995.85669 4551.59371 5.1291 1727.8 11.037 4607.0 28.585 "" "" 0.003014751693714546 0.0074757687 0.0077243927 0.015200161 271.44719686587 -23.57337411739 2356.8811 2.7330000000000005 -2.796 2.892299999475479 -1.293599959373474 0.26930484 0.24730486 "" "" 35.39622275379248 "" 9.407045538591191 ""
271.52335956559 -23.80786993218 0.0602 0.0708 12.4911 "" "" 4066155391536840192 3447.76807 0.3408 0.1039 -0.556 -2.034 0.069 0.057 1.005 9280.0 3.6168 16.542152 2.06543 17.572552 15.507122 "" "" 2524.66284 4528.32324 4550.77788 3.1506 1277.6 9.9734 4969.5 20.941 "" "" 0.0028560128604812225 0.008923092 0.005934314 0.014857406 271.52335956559 -23.80786993218 3447.76807 -0.5559999999999992 -2.034 -0.3967000005245209 -0.5315999593734739 0.24630484 0.23430485 "" "" 10.839958628019714 "" 2.5871338404408744 ""
271.49691655937 -23.71979394619 0.056 0.0538 12.09 "" "" 4066165527646580480 2403.19141 0.4237 0.0825 -6.706 -4.51 0.068 0.051 0.97 "" "" 16.545208 1.395302 17.142021 15.746719 "" "" 2017.99072 2866.61328 4537.9921 3.6651 1899.4 13.966 3985.4 30.355 "" "" 0.002891492703102422 0.008456795 0.009092272 0.017549068 271.49691655937 -23.71979394619 2403.19141 -6.705999999999997 -4.51 -6.546700000524521 -3.007599959373474 0.24530485 0.22830485 "" "" 82.06746992731665 "" 19.89545180619121 ""
271.38774947257 -23.78711067123 0.057 0.0516 5.1206 "" "" 4066158999309589504 2990.43066 0.3387 0.083 0.074 -2.218 0.07 0.051 0.933 4921.2 4.3141 16.547625 1.575855 17.242798 15.666943 "" "" 2420.77368 3885.604 4527.89915 3.9571 1731.0 16.279 4289.2 33.38 "" "" 0.0029141267457984343 0.0105850445 0.009256288 0.019841332 271.38774947257 -23.78711067123 2990.43066 0.074 -2.218 0.23329999947547914 -0.7155999593734741 0.24730486 0.22830485 "" "" 10.668827879144592 "" 2.4559473433303256 ""
271.5021257099 -23.6472029982 0.0528 0.0465 14.6481 "" "" 4066166421000282496 2385.44141 0.4267 0.0649 -0.866 -2.772 0.065 0.047 1.018 "" "" 16.548775 0.883767 16.690027 15.80626 "" "" 2076.77856 2809.06934 4523.10329 11.013 2880.1 530.13 3772.7 26.043 "" "" 0.0038184205018259587 0.19986714 0.008393838 0.20826098 271.5021257099 -23.6472029982 2385.44141 -0.8660000000000002 -2.7719999999999994 -0.7067000005245209 -1.269599959373474 0.24230485 0.22430485 "" "" 16.42944867049493 "" 3.7572616624386947 ""
271.28820120245 -23.68803170317 0.0577 0.0491 6.8508 "" "" 4066172463999596160 2671.03369 0.3868 0.0742 -0.03 -1.473 0.074 0.053 1.065 "" "" 16.548912 1.299473 17.117561 15.818089 "" "" 2239.81812 3242.31982 4522.53448 3.3043 1942.6 7.1818 3731.8 13.459 "" "" 0.002867240695977825 0.004888457 0.005442159 0.010330616 271.28820120245 -23.68803170317 2671.03369 -0.03 -1.4730000000000005 0.12929999947547913 0.029400040626525792 0.25130486 0.23030485 "" "" 1.6788131831535453 "" 0.42022993247600593 ""
271.15373980005 -23.84555623839 0.0577 0.0481 8.2293 "" "" 4066145938280766848 2865.87646 0.3532 0.0684 0.458 -1.311 0.078 0.054 1.024 "" "" 16.549065 1.554417 17.251684 15.697268 "" "" 2394.25708 3416.51709 4521.90265 3.5196 1716.9 9.8194 4171.1 14.231 "" "" 0.0028820036185392556 0.0068076644 0.005292046 0.01209971 271.15373980005 -23.84555623839 2865.87646 0.45799999999999974 -1.3109999999999995 0.6172999994754791 0.19140004062652594 0.25530484 0.23130485 "" "" 8.779394071300704 "" 2.223740689316915 ""
271.34750042105 -23.6366197918 0.0576 0.0511 10.3193 "" "" 4066173048115391104 2724.75464 0.3676 0.0748 -0.628 -2.057 0.069 0.051 1.004 5108.9 4.3992 16.553303 1.326275 17.151274 15.824999 "" "" 2351.30933 3337.37402 4504.28087 3.1183 1883.2 8.0125 3708.2 14.653 "" "" 0.002856005939958546 0.0053967508 0.0057175523 0.011114303 271.34750042105 -23.6366197918 2724.75464 -0.628 -2.0569999999999995 -0.4687000005245209 -0.5545999593734741 0.24630484 0.22830485 "" "" 9.37817833173911 "" 2.2129813455314173 ""
271.31967991069 -23.925541523 0.0579 0.0489 7.5267 "" "" 4066130201520277120 2980.90894 0.3151 0.0668 0.12 -1.163 0.07 0.052 0.942 8601.1 3.137 16.554617 2.557427 17.850327 15.2929 "" "" 2554.02661 3566.46753 4498.83154 3.8229 989.21 17.222 6053.4 141.85 "" "" 0.002905683424904802 0.019107321 0.025721356 0.044828676 271.31967991069 -23.925541523 2980.90894 0.11999999999999988 -1.1629999999999994 0.2792999994754791 0.33940004062652585 0.24730486 0.22930485 "" "" 6.210571961078776 "" 1.4702752027136288 ""
271.33138669287 -23.82089250461 0.0601 0.047 2.2536 "" "" 4066157173915318400 2879.81055 0.3732 0.0712 0.744 -3.069 0.074 0.052 1.027 "" "" 16.555775 1.811566 17.424204 15.612637 "" "" 2375.36108 3772.92749 4494.03732 3.5354 1464.7 13.097 4509.2 13.877 "" "" 0.0028846723946811467 0.010101386 0.0050446275 0.015146013 271.33138669287 -23.82089250461 2879.81055 0.744 -3.069 0.9032999994754791 -1.566599959373474 0.25130486 0.22930485 "" "" 24.68473725275868 "" 5.8005934036027265 ""
271.15282897231 -23.76984453834 0.0598 0.0521 8.0889 "" "" 4066147591875128704 2890.61011 0.3775 0.067 1.246 -1.95 0.074 0.052 0.988 5048.4 4.3566 16.556284 1.510537 17.256266 15.745729 "" "" 2367.43604 3743.87915 4491.92816 2.9085 1709.7 9.0337 3989.0 8.6175 "" "" 0.0028435910986866347 0.0063793403 0.004448062 0.010827402 271.15282897231 -23.76984453834 2890.61011 1.246 -1.9500000000000002 1.4052999994754791 -0.4475999593734741 0.25130486 0.22930485 "" "" 20.20779070164701 "" 5.039009502265826 ""
271.07522022487 -23.67469243854 0.0561 0.0494 14.3268 "" "" 4066152019955356160 2368.35181 0.426 0.0653 4.372 -3.29 0.063 0.046 1.007 4784.5 4.2929 16.556505 1.619321 17.293629 15.674308 "" "" 2088.16113 2769.99146 4491.01506 2.762 1651.8 18.347 4260.2 41.639 "" "" 0.002835076379500113 0.0123781385 0.011264852 0.02364299 271.07522022487 -23.67469243854 2368.35181 4.372 -3.29 4.531299999475479 -1.7875999593734742 0.24030486 0.22330485 "" "" 54.68357423006109 "" 13.019403198357452 ""
271.45740986822 -23.69407557723 0.0572 0.053 10.9817 "" "" 4066159995742053632 2372.60181 0.4452 0.0794 -1.689 -3.033 0.068 0.054 0.915 5524.2 4.6401 16.55684 1.402986 17.171835 15.768849 "" "" 1965.88867 2976.06812 4489.62475 3.0302 1847.9 11.023 3905.0 16.873 "" "" 0.002851102507004643 0.007052029 0.006024306 0.013076335 271.45740986822 -23.69407557723 2372.60181 -1.689 -3.033 -1.529700000524521 -1.530599959373474 0.24530485 0.23130485 "" "" 24.33616922197381 "" 5.80182853783515 ""
271.56962177982 -23.71677492328 0.0538 0.0471 15.8768 "" "" 4066162400923530112 2390.78589 0.4373 0.0651 -0.567 -0.676 0.063 0.048 0.955 5460.3 4.5961 16.558014 1.398435 17.187742 15.789308 "" "" 2026.64307 2789.20728 4484.78394 2.6481 1821.0 9.6289 3832.1 8.8758 "" "" 0.0028289189220439444 0.0063831536 0.0045395703 0.010922724 271.56962177982 -23.71677492328 2390.78589 -0.567 -0.676 -0.4077000005245208 0.8264000406265258 0.24030486 0.22530484 "" "" 10.442701119153554 "" 2.3842631617177363 ""
271.00815158349 -23.76499900085 0.062 0.0551 15.9543 "" "" 4066149752212135168 2590.21021 0.4095 0.0712 1.513 -0.096 0.075 0.054 0.99 "" "" 16.559252 1.866553 17.47567 15.609117 "" "" 2192.29492 3454.21191 4479.67091 3.5626 1396.8 10.334 4523.9 13.021 "" "" 0.002887449202914759 0.008503436 0.0049040397 0.013407476 271.00815158349 -23.76499900085 2590.21021 1.512999999999998 -0.09600000000000002 1.672299999475479 1.4064000406265258 0.25230485 0.23130485 "" "" 26.827456601589084 "" 6.541196041192968 ""
271.22671020648 -23.87122360409 0.2806 0.2462 5.6282 "" "" 4066134191581841280 3496.43164 0.528 0.3478 -3.134 1.573 0.34 0.242 2.637 "" "" 16.560003 1.638822 17.0888 15.449979 "" "" 2301.64282 5375.85205 4476.57002 11.169 1994.8 13.324 5238.0 11.305 "" "" 0.0038639275801056958 0.0077702627 0.004446889 0.012217151 271.22671020648 -23.87122360409 3496.43164 -3.134 1.572999999999999 -2.9747000005245208 3.075400040626526 0.51730484 0.41930485 "" "" 70.91058861953046 "" 33.27385207771312 ""
271.47707989045 -23.90319596796 0.0726 0.0758 11.6495 "" "" 4066153016386640256 2804.41699 0.429 0.1292 0.132 1.009 0.088 0.061 0.909 9684.4 3.9538 16.56086 3.067977 18.362198 15.294221 "" "" 2004.59021 4226.85156 4473.04437 4.1051 617.36 13.749 6046.0 16.514 "" "" 0.0029299578877959313 0.024340482 0.0048039923 0.029144475 271.47707989045 -23.90319596796 2804.41699 0.13199999999999998 1.009 0.29129999947547913 2.5114000406265258 0.26530486 0.23830485 "" "" 33.607703248758895 "" 8.02159725444109 ""
271.04570313987 -23.92972110477 0.0548 0.0463 15.7228 "" "" 4066143842336398080 2722.79688 0.3426 0.0559 0.4 -2.004 0.068 0.049 0.995 9276.9 3.8396 16.561775 2.066281 17.58729 15.521009 "" "" 2358.75415 3292.57886 4469.26707 4.4667 1260.4 18.995 4906.3 17.869 "" "" 0.002961293387797937 0.016598895 0.005469943 0.022068838 271.04570313987 -23.92972110477 2722.79688 0.3999999999999999 -2.0039999999999996 0.5592999994754791 -0.5015999593734741 0.24530485 0.22630484 "" "" 9.69604007374268 "" 2.298188262380859 ""
271.19674092482 -23.91726409678 0.0577 0.0493 8.8002 "" "" 4066133676180983168 2459.25952 0.3783 0.0694 2.192 0.41 0.071 0.051 1.01 "" "" 16.563719 1.858123 17.480085 15.621963 "" "" 2130.74146 3008.63159 4461.27811 3.3492 1391.2 10.399 4470.7 13.165 "" "" 0.0028733539122289785 0.008581942 0.004950334 0.013532275 271.19674092482 -23.91726409678 2459.25952 2.192 0.41000000000000003 2.3512999994754793 1.9124000406265258 0.24830484 0.22830485 "" "" 35.32996597875157 "" 8.498317855649772 ""
271.52263438448 -23.93458937743 0.0614 0.0557 14.7666 "" "" 4066105776072105344 2470.61353 0.4179 0.0906 0.872 -2.15 0.077 0.055 1.022 8597.5 4.2486 16.564009 1.648814 17.34918 15.700366 "" "" 2080.96899 3148.51978 4460.08418 3.7127 1569.4 13.616 4159.2 17.227 "" "" 0.0028997653637506528 0.0098243095 0.005874253 0.015698563 271.52263438448 -23.93458937743 2470.61353 0.872 -2.150000000000001 1.031299999475479 -0.647599959373474 0.25430486 0.23230484 "" "" 14.260956847868892 "" 3.5407243284107968 ""
271.15250280021 -23.79326526133 0.0651 0.0564 7.8901 "" "" 4066147420076423936 2772.3833 0.3756 0.0781 1.343 -0.426 0.092 0.061 1.14 5652.5 4.5932 16.564497 1.595883 17.220655 15.624772 "" "" 2295.0022 3526.43286 4458.0774 3.5891 1766.7 11.768 4459.1 102.37 "" "" 0.002890647707440039 0.007751661 0.025210736 0.032962397 271.15250280021 -23.79326526133 2772.3833 1.343 -0.4260000000000002 1.502299999475479 1.076400040626526 0.26930484 0.23830485 "" "" 24.286305413553215 "" 6.2951251566165185 ""
271.22471669855 -23.73692532914 0.0593 0.0499 5.5248 "" "" 4066170441102775808 2752.10156 0.3701 0.0669 0.22 -1.092 0.078 0.052 1.094 "" "" 16.566307 1.390613 17.1791 15.788487 "" "" 2339.96973 3377.63843 4450.65371 3.245 1835.6 10.431 3835.0 13.54 "" "" 0.0028667833982461456 0.0067713866 0.005383144 0.012154531 271.22471669855 -23.73692532914 2752.10156 0.22 -1.092 0.3792999994754791 0.4104000406265258 0.25530484 0.22930485 "" "" 7.289982468228033 "" 1.7614806012809903 ""
271.21970516915 -23.85321501294 0.0581 0.0495 5.1901 "" "" 4066134496487860096 2790.55273 0.3686 0.0697 -1.496 -4.859 0.069 0.049 1.016 4941.4 4.3242 16.566671 1.539181 17.28439 15.745209 "" "" 2347.65186 3330.19019 4449.16221 2.9556 1665.9 9.9174 3990.9 12.106 "" "" 0.0028481581912109216 0.0070400946 0.0050130524 0.012053147 271.21970516915 -23.85321501294 2790.55273 -1.496000000000002 -4.859 -1.3367000005245209 -3.356599959373474 0.24630484 0.22630484 "" "" 47.78950847860496 "" 10.950754780430369 ""
271.05989335824 -23.68915760299 0.059 0.0501 14.6236 "" "" 4066151886842551168 2998.88159 0.3193 0.0682 0.687 -2.928 0.066 0.046 0.898 4930.6 4.3174 16.5668 1.408647 17.05813 15.649484 "" "" 2528.87427 3600.5625 4448.63519 4.572 2051.9 43.372 4358.8 64.302 "" "" 0.0029726921736691553 0.02311872 0.016456878 0.0395756 271.05989335824 -23.68915760299 2998.88159 0.687 -2.928 0.8462999994754792 -1.425599959373474 0.24330485 0.22330485 "" "" 23.566234041606823 "" 5.389245517855013 ""
271.2986292083 -23.71618445804 0.0559 0.0481 5.1508 "" "" 4066170711652794240 3434.85425 0.3175 0.0723 -1.282 -5.623 0.073 0.052 1.034 8155.3 4.3634 16.567902 1.609679 17.31608 15.706401 "" "" 2798.13184 4350.00732 4444.12391 3.447 1618.0 10.67 4136.2 18.544 "" "" 0.002881140964938335 0.007684399 0.006162669 0.013847068 271.2986292083 -23.71618445804 3434.85425 -1.2819999999999996 -5.623 -1.122700000524521 -4.120599959373474 0.25030485 0.22930485 "" "" 69.53391510868232 "" 16.049645137302367 ""
271.55303918992 -23.72583515447 0.0653 0.0584 14.8408 "" "" 4066162430955794176 3147.75195 0.3218 0.0848 -1.692 -0.903 0.078 0.062 1.053 4691.3 4.1094 16.567938 2.299416 17.78091 15.481495 "" "" 2494.78613 4352.46582 4443.97807 3.5205 1054.5 7.0573 5088.2 10.924 "" "" 0.0028864490182941346 0.0077836295 0.004440414 0.012224043 271.55303918992 -23.72583515447 3147.75195 -1.692 -0.903 -1.5327000005245208 0.5994000406265259 0.25530484 0.23930484 "" "" 24.55495997666028 "" 6.218312234582756 ""
271.3879744389 -23.75464195949 0.0559 0.0488 5.7988 "" "" 4066159308547288960 2352.05762 0.4073 0.0766 0.013 -1.422 0.068 0.05 0.966 8998.4 4.3287 16.56799 1.446457 17.22546 15.779003 "" "" 2041.64233 2813.93237 4443.76259 3.3904 1758.9 11.038 3868.6 13.569 "" "" 0.0028771489975012716 0.007362712 0.00536526 0.012727972 271.3879744389 -23.75464195949 2352.05762 0.013000000000000017 -1.4220000000000004 0.17229999947547914 0.08040004062652595 0.24530485 0.22730485 "" "" 2.119772223845476 "" 0.5133760802103186 ""
271.54463621561 -23.72015491807 0.0557 0.0499 14.5145 "" "" 4066162430955820288 2821.50342 0.3671 0.0702 -1.151 -0.084 0.065 0.049 1.016 "" "" 16.568455 1.496672 17.251371 15.7547 "" "" 2392.57153 3384.05615 4441.85927 2.8513 1717.4 8.7284 3956.2 12.133 "" "" 0.0028420996562520603 0.00618338 0.005036973 0.011220353 271.54463621561 -23.72015491807 2821.50342 -1.1509999999999978 -0.08399999999999999 -0.9917000005245209 1.4184000406265258 0.24230485 0.22630484 "" "" 23.146273706452327 "" 5.362530234161173 ""
271.41716563937 -23.76319804412 0.0607 0.0588 7.0529 "" "" 4066159132420706560 2358.9624 0.4817 0.0928 0.759 -3.327 0.068 0.057 0.961 5264.0 4.6643 16.568813 1.508125 17.25691 15.748785 "" "" 1964.44495 3128.72607 4440.39258 3.5604 1708.6 9.9163 3977.8 18.219 "" "" 0.0028895803534804672 0.006891448 0.0062460406 0.013137489 271.41716563937 -23.76319804412 2358.9624 0.759 -3.327 0.9182999994754791 -1.824599959373474 0.24530485 0.23430485 "" "" 22.839910893613816 "" 5.403220728997057 ""
271.40799537602 -23.73369959522 0.0586 0.0525 7.3942 "" "" 4066159445986246784 2607.64697 0.3861 0.0762 -0.643 -2.945 0.069 0.053 1.042 5609.2 4.606 16.569149 1.389261 17.188883 15.799622 "" "" 2127.26416 3070.35278 4439.02372 3.0545 1819.1 13.032 3795.9 15.855 "" "" 0.002854810554535103 0.008263496 0.0059033725 0.014166868 271.40799537602 -23.73369959522 2607.64697 -0.643 -2.9450000000000003 -0.4837000005245209 -1.442599959373474 0.24630484 0.23030485 "" "" 18.806513656006906 "" 4.3625843060783485 ""
271.24997262698 -23.66525582551 0.0652 0.0523 8.5835 "" "" 4066172017323110016 2931.75757 0.3467 0.0826 -0.426 -2.673 0.083 0.051 0.915 5274.1 4.5919 16.570122 1.495418 17.258078 15.762659 "" "" 2357.98071 3957.65405 4435.04589 3.3309 1706.8 14.891 3927.3 13.036 "" "" 0.0028734506762804965 0.009874901 0.0052222535 0.015097154 271.24997262698 -23.66525582551 2931.75757 -0.42599999999999993 -2.6730000000000005 -0.26670000052452086 -1.1705999593734742 0.26030484 0.22830485 "" "" 16.68413327989674 "" 3.837156697699958 ""
271.49902176319 -23.70185443903 0.0527 0.0469 12.6699 "" "" 4066165562019592192 2657.14014 0.3835 0.0681 -2.76 -5.173 0.062 0.047 0.903 6910.6 4.3264 16.571056 1.348545 17.182953 15.834408 "" "" 2256.32764 3420.6709 4431.22797 2.7643 1829.1 11.337 3676.2 11.208 "" "" 0.0028373462646337005 0.007285031 0.0050240527 0.012309084 271.49902176319 -23.70185443903 2657.14014 -2.7599999999999993 -5.173 -2.6007000005245207 -3.670599959373474 0.23930484 0.22430485 "" "" 56.65852609570916 "" 12.999014022460564 ""
271.21665592381 -23.72793399665 0.0569 0.0477 6.2197 "" "" 4066171197017044480 3058.69409 0.3559 0.0642 -0.78 -2.945 0.074 0.05 0.951 9462.8 4.0104 16.573784 1.515669 17.270517 15.754848 "" "" 2457.9292 3807.1355 4420.1111 3.2983 1687.4 11.437 3955.7 5.9907 "" "" 0.0028719645325653007 0.007870185 0.0041215797 0.011991765 271.21665592381 -23.72793399665 3058.69409 -0.7799999999999998 -2.945 -0.6207000005245209 -1.442599959373474 0.25130486 0.22730485 "" "" 22.76894435055606 "" 5.264592144006851 ""
271.32695867401 -23.5480315958 0.0673 0.0611 15.333 "" "" 4066183149878862336 3233.47437 0.3091 0.0836 -0.326 -2.684 0.079 0.059 1.056 5500.9 4.6553 16.575096 1.380199 17.19652 15.81632 "" "" 2540.23438 4164.91309 4414.7685 3.2824 1806.4 14.824 3737.9 16.261 "" "" 0.0028711393779812184 0.009336619 0.0060492246 0.015385844 271.32695867401 -23.5480315958 3233.47437 -0.326 -2.683999999999999 -0.16670000052452089 -1.1815999593734743 0.25630486 0.23630485 "" "" 18.28932936230731 "" 4.3292912820269125 ""
271.13555016016 -23.63884317007 0.063 0.0548 13.1688 "" "" 4066175590736023680 2534.85181 0.3949 0.0692 -0.858 -0.716 0.073 0.053 0.982 5635.6 4.6081 16.57637 1.247434 17.120638 15.873204 "" "" 2179.55981 3009.56079 4409.59137 3.308 1937.1 12.517 3547.1 13.064 "" "" 0.002873186519106158 0.0075501944 0.005502175 0.0130523695 271.13555016016 -23.63884317007 2534.85181 -0.8579999999999998 -0.7159999999999999 -0.6987000005245209 0.7864000406265259 0.25030485 0.23030485 "" "" 12.63943227908626 "" 3.0250458437050454 ""
271.13694447565 -23.69724544457 0.0701 0.06 10.7571 "" "" 4066174426821232128 2923.5459 0.3647 0.0725 -0.53 -3.325 0.085 0.059 1.04 5815.9 4.6014 16.57676 1.364443 17.109585 15.745142 "" "" 2407.12598 4025.74146 4408.01424 3.6805 1957.0 26.021 3991.2 32.315 "" "" 0.0029006221086778777 0.014703512 0.009568734 0.024272246 271.13694447565 -23.69724544457 2923.5459 -0.53 -3.3249999999999997 -0.3707000005245209 -1.8225999593734743 0.26230484 0.23630485 "" "" 25.77399190201907 "" 6.118539617657807 ""
271.11953723914 -23.77512698511 0.0623 0.053 9.8164 "" "" 4066147660594624000 2407.271 0.3995 0.0794 0.512 -6.018 0.085 0.054 1.158 "" "" 16.577082 1.55462 17.27059 15.71597 "" "" 2039.40869 2967.75342 4406.70622 4.7864 1687.3 12.381 4099.9 29.731 "" "" 0.0029970827611316316 0.00844133 0.008733479 0.01717481 271.11953723914 -23.77512698511 2407.271 0.5120000000000003 -6.018000000000001 0.6712999994754791 -4.515599959373474 0.26230484 0.23130485 "" "" 52.09134720472592 "" 12.086180782242696 ""
271.26570824772 -23.58949897598 0.0659 0.0612 12.8572 "" "" 4066177141240512768 2804.28345 0.3653 0.0863 0.63 0.927 0.08 0.056 0.978 5341.4 4.5146 16.578995 1.379577 17.160265 15.780688 "" "" 2252.33496 3871.57202 4398.9477 3.5094 1867.7 22.779 3862.6 50.139 "" "" 0.0028882620848832206 0.013532708 0.014591495 0.028124202 271.26570824772 -23.58949897598 2804.28345 0.6300000000000002 0.927 0.7892999994754791 2.429400040626526 0.25730485 0.23330486 "" "" 33.95391141713508 "" 8.003000977666234 ""
271.04556219767 -23.71947658587 0.0632 0.056 14.6119 "" "" 4066151405806198400 2363.31812 0.4137 0.0724 0.271 0.322 0.075 0.054 1.033 "" "" 16.580772 1.824251 17.451 15.626749 "" "" 2022.49866 2913.02734 4391.74907 3.8287 1428.9 29.252 4451.0 19.613 "" "" 0.0029133698531383046 0.022401297 0.006096921 0.028498217 271.04556219767 -23.71947658587 2363.31812 0.27100000000000035 0.32199999999999973 0.43029999947547914 1.824400040626526 0.25230485 0.23130485 "" "" 20.997920640682544 "" 4.881152730616824 ""
271.09142501343 -23.68793584353 0.0611 0.0537 13.1512 "" "" 4066151951235807232 2739.81689 0.3559 0.0634 -0.123 -0.554 0.072 0.054 1.002 "" "" 16.58099 1.616561 17.335646 15.719085 "" "" 2417.47046 3222.54883 4390.87124 3.1918 1589.1 13.142 4088.1 14.842 "" "" 0.002866127998656434 0.009402656 0.005460912 0.014863567 271.09142501343 -23.68793584353 2739.81689 -0.12299999999999998 -0.554 0.03629999947547913 0.9484000406265258 0.24930485 0.23130485 "" "" 12.325635676230155 "" 2.8513165162759964 ""
271.5035896514 -23.68361638637 0.0585 0.0565 13.4369 "" "" 4066165733821017088 3259.58887 0.3139 0.0819 0.018 -2.099 0.063 0.055 0.887 5552.6 4.6148 16.581646 1.51757 17.219381 15.701812 "" "" 2640.47925 4684.22852 4388.21894 3.4319 1768.7 10.865 4153.7 85.615 "" "" 0.0028831925653126198 0.0072297044 0.022695804 0.029925508 271.5035896514 -23.68361638637 3259.58887 0.018000000000000037 -2.099 0.17729999947547911 -0.5965999593734743 0.24030486 0.23230484 "" "" 9.616175185517765 "" 2.240225472708128 ""
271.12538712052 -23.70499205488 0.0662 0.0572 11.0258 "" "" 4066174392472884608 2824.98755 0.3703 0.0733 -4.198 -6.515 0.08 0.056 0.906 4782.7 4.3355 16.582682 1.411577 17.207687 15.79611 "" "" 2345.30371 3678.05298 4384.03617 3.1541 1787.9 11.856 3808.2 15.117 "" "" 0.0028639064098753726 0.007721521 0.0057322965 0.013453817 271.12538712052 -23.70499205488 2824.98755 -4.198 -6.515 -4.038700000524521 -5.012599959373474 0.25730485 0.23330486 "" "" 86.1966473924157 "" 20.948808418767296 ""
271.23841342892 -23.91493207371 0.0566 0.0489 7.4747 "" "" 4066132988986200448 2738.50586 0.3773 0.071 0.814 0.081 0.07 0.053 1.013 8102.7 4.1982 16.585506 2.01723 17.601343 15.584113 "" "" 2221.38599 3222.22754 4372.64791 3.0898 1244.2 9.0988 4629.3 13.158 "" "" 0.0028601380135346312 0.0084159365 0.004879268 0.013295204 271.23841342892 -23.91493207371 2738.50586 0.814 0.081 0.9732999994754791 1.5834000406265258 0.24730486 0.23030485 "" "" 24.125850903703153 "" 5.671724570101978 ""
271.56218558041 -23.77793263455 0.0576 0.0566 14.6903 "" "" 4066161404491047936 2895.95459 0.3869 0.0856 -0.022 -2.338 0.068 0.05 0.986 8189.9 4.3309 16.586409 1.683545 17.381683 15.698138 "" "" 2292.78638 4349.24756 4369.01368 2.8334 1523.2 10.245 4167.8 16.403 "" "" 0.0028438669488264822 0.00781751 0.0057046395 0.013522149 271.56218558041 -23.77793263455 2895.95459 -0.02200000000000001 -2.338 0.13729999947547913 -0.8355999593734742 0.24530485 0.22730485 "" "" 11.623942816254623 "" 2.6478906243574447 ""
271.52865207761 -23.90814379153 0.0667 0.062 14.2716 "" "" 4066107322260343424 2746.05981 0.3882 0.0988 4.385 1.062 0.083 0.058 1.083 9741.5 4.0811 16.586828 2.940391 18.274368 15.333978 "" "" 2023.32458 3719.61401 4367.323 3.519 669.37 10.264 5828.6 22.784 "" "" 0.002890870655646689 0.016880672 0.005682999 0.022563672 271.52865207761 -23.90814379153 2746.05981 4.385 1.0619999999999998 4.544299999475479 2.564400040626526 0.26030484 0.23530485 "" "" 67.91828554284285 "" 17.284632459530094 ""
271.29493027096 -23.5347272585 0.0649 0.0645 16.0361 "" "" 4066183394713092224 2495.52368 0.4332 0.0956 1.957 -0.317 0.078 0.057 0.996 4820.0 4.3967 16.58782 1.719489 17.405472 15.685983 "" "" 2080.47144 3139.17676 4363.33887 3.3226 1490.1 10.857 4214.7 15.867 "" "" 0.002876688020421432 0.008388404 0.005566953 0.013955357 271.29493027096 -23.5347272585 2495.52368 1.9569999999999999 -0.317 2.116299999475479 1.185400040626526 0.25530484 0.23430485 "" "" 28.692780730105373 "" 7.186100888298934 ""
271.11975602286 -23.638673084 0.0648 0.0566 13.7715 "" "" 4066175659455521920 2651.80688 0.3829 0.0703 -0.294 -1.867 0.075 0.055 0.94 5443.0 4.6289 16.589304 1.256122 17.140268 15.884147 "" "" 2240.34595 3308.38574 4357.37508 3.2229 1902.4 8.7618 3511.6 13.945 "" "" 0.0028699633016924884 0.005726283 0.0057335473 0.01145983 271.11975602286 -23.638673084 2651.80688 -0.294 -1.867 -0.13470000052452086 -0.3645999593734741 0.25230485 0.23230484 "" "" 4.885620483270029 "" 1.1471282310748183 ""
271.34922666065 -23.63847842833 0.0606 0.0541 10.2388 "" "" 4066172983723393792 3085.86206 0.3062 0.079 -0.866 -0.296 0.073 0.053 1.059 8863.8 3.7795 16.590025 2.970355 18.305271 15.334916 "" "" 2485.58569 3782.59717 4354.48598 3.7646 650.59 8.6447 5823.6 13.284 "" "" 0.0029108183702152134 0.014694031 0.0045185657 0.019212596 271.34922666065 -23.63847842833 3085.86206 -0.866 -0.296 -0.7067000005245209 1.2064000406265258 0.25030485 0.23030485 "" "" 20.450733920229222 "" 4.817703189650125 ""
271.10402365439 -23.64231328475 0.0615 0.0537 14.2439 "" "" 4066175629423607680 3105.07544 0.3473 0.0773 0.48 -3.116 0.076 0.054 1.039 "" "" 16.590363 1.777645 17.39749 15.619844 "" "" 2419.36841 3646.43018 4353.13121 3.7581 1501.1 14.847 4479.4 42.651 "" "" 0.0029103900616826595 0.0110952975 0.011007115 0.022102412 271.10402365439 -23.64231328475 3105.07544 0.47999999999999987 -3.116 0.6392999994754791 -1.6135999593734742 0.25330484 0.23130485 "" "" 25.545093049740856 "" 5.98804482522563 ""
271.38324011988 -23.76423099987 0.0624 0.0547 5.3034 "" "" 4066159304219393792 2720.49927 0.3901 0.0856 -0.882 -3.72 0.076 0.056 1.088 5564.7 4.6138 16.592436 1.455888 17.25509 15.799203 "" "" 2259.22437 3382.05493 4344.82355 3.0863 1711.5 7.2448 3797.3 14.943 "" "" 0.0028612239573541235 0.0053765844 0.005704245 0.011080829 271.38324011988 -23.76423099987 2720.49927 -0.882 -3.72 -0.7227000005245209 -2.2175999593734743 0.25330484 0.23330486 "" "" 30.076562346824975 "" 7.076979828386316 ""
271.27245753747 -23.70719572825 0.057 0.0492 5.8319 "" "" 4066170887781943040 2422.13403 0.4304 0.0765 -1.74 -5.357 0.074 0.054 0.92 8563.8 4.4211 16.593374 1.845199 17.495432 15.650233 "" "" 1947.93201 3230.19824 4341.073 3.4074 1371.7 12.431 4355.8 14.621 "" "" 0.002884105344659768 0.010227415 0.0052503175 0.015477732 271.27245753747 -23.70719572825 2422.13403 -1.74 -5.357 -1.5807000005245209 -3.8545999593734743 0.25130486 0.23130485 "" "" 47.830867392111514 "" 11.206257333899874 ""
271.50828750857 -23.78699778284 0.064 0.0567 11.6943 "" "" 4066156211842824064 3176.81738 0.3523 0.0881 -0.807 -2.483 0.071 0.053 1.036 8381.6 4.1787 16.594074 2.078175 17.65041 15.572234 "" "" 2413.20923 4219.66455 4338.27309 3.2573 1189.2 11.223 4680.2 12.104 "" "" 0.002873385360375863 0.01061966 0.0047083213 0.015327981 271.50828750857 -23.78699778284 3176.81738 -0.8069999999999992 -2.4830000000000005 -0.6477000005245209 -0.9805999593734742 0.24830484 0.23030485 "" "" 17.696273796232727 "" 4.174864793481152 ""
271.16255805706 -23.65974328458 0.0822 0.0693 11.247 "" "" 4066175148387150720 2661.30347 0.3763 0.0957 1.489 2.812 0.098 0.068 1.244 5501.2 4.6319 16.596386 1.470449 17.253067 15.782618 "" "" 2160.67529 3712.6604 4329.04609 5.8015 1714.7 10.37 3855.8 11.017 "" "" 0.003115911733690672 0.007134437 0.004889532 0.012023969 271.16255805706 -23.65974328458 2661.30347 1.489 2.8120000000000007 1.6482999994754792 4.314400040626525 0.27530485 0.24530485 "" "" 58.26097456669566 "" 14.526010454459877 ""
271.42768217646 -23.80235344595 0.0606 0.0554 7.234 "" "" 4066156010012261632 2783.62549 0.3664 0.0911 -7.057 -5.047 0.077 0.052 1.025 4735.7 4.3022 16.59743 2.134464 17.697304 15.56284 "" "" 2261.90137 3605.38892 4324.88831 3.4382 1138.9 13.027 4720.9 12.921 "" "" 0.002887351324844495 0.012728476 0.0048077386 0.017536215 271.42768217646 -23.80235344595 2783.62549 -7.057000000000001 -5.046999999999994 -6.897700000524521 -3.544599959373474 0.25430486 0.22930485 "" "" 102.32452077701446 "" 25.50842169213955 ""
271.3182077381 -23.71252168788 0.059 0.0522 5.5063 "" "" 4066172120402085504 2714.58032 0.3552 0.0785 2.018 1.815 0.075 0.053 1.002 8125.1 3.8247 16.598476 2.941486 18.28138 15.339893 "" "" 2294.57886 3457.65332 4320.72398 3.3626 665.07 10.34 5797.0 21.567 "" "" 0.002881973167934893 0.017109238 0.0055317283 0.022640966 271.3182077381 -23.71252168788 2714.58032 2.0180000000000007 1.8150000000000004 2.177299999475479 3.317400040626526 0.25230485 0.23030485 "" "" 51.05791832924179 "" 12.108043364864109 ""
271.14757048004 -23.94066848604 0.0598 0.0487 11.6392 "" "" 4066132091305832320 2818.65625 0.3317 0.0628 -0.713 1.326 0.072 0.052 0.916 "" "" 16.600199 3.589354 18.823536 15.234182 "" "" 2409.875 3358.99243 4313.87054 3.358 403.65 10.182 6389.8 16.973 "" "" 0.0028820273130941744 0.027529264 0.0047540716 0.032283336 271.14757048004 -23.94066848604 2818.65625 -0.713 1.326 -0.5537000005245208 2.828400040626526 0.24930485 0.22930485 "" "" 38.50593501910102 "" 8.859212044630867 ""
271.35593740428 -23.54508338233 0.0568 0.0498 15.7637 "" "" 4066180302347807104 3059.10352 0.3324 0.0698 -0.604 -2.134 0.073 0.05 0.844 5127.7 4.5043 16.60157 1.306944 17.182535 15.875591 "" "" 2543.61133 3630.81836 4308.43007 2.5613 1829.8 12.767 3539.3 13.074 "" "" 0.0028299118409407147 0.008072966 0.0055108154 0.013583781 271.35593740428 -23.54508338233 3059.10352 -0.604 -2.134 -0.44470000052452086 -0.631599959373474 0.25030485 0.22730485 "" "" 11.200618839017267 "" 2.6341295318614333 ""
270.9989441194 -23.82607198412 0.0636 0.0543 16.3647 "" "" 4066148549620975872 3313.35425 0.3012 0.063 -0.228 -1.563 0.074 0.053 0.898 "" "" 16.60292 1.777522 17.27624 15.498717 "" "" 2678.38281 3940.6438 4303.06973 5.3577 1678.5 40.59 5008.1 50.069 "" "" 0.003069080069814385 0.026403444 0.0114938915 0.037897334 270.9989441194 -23.82607198412 3313.35425 -0.22799999999999995 -1.563 -0.06870000052452088 -0.060599959373474066 0.25130486 0.23030485 "" "" 1.4387327142568302 "" 0.3486614792248167 ""
271.46849106781 -23.80166060486 0.0705 0.0627 9.4743 "" "" 4066155872573247872 3467.7749 0.3063 0.0902 -0.242 -1.157 0.081 0.061 1.144 "" "" 16.60296 2.068277 17.61192 15.543642 "" "" 2678.09131 4716.11572 4302.91448 4.281 1232.1 12.353 4805.1 16.217 "" "" 0.00295949921990667 0.011237457 0.0052641146 0.016501572 271.46849106781 -23.80166060486 3467.7749 -0.24200000000000002 -1.157 -0.08270000052452087 0.34540004062652585 0.25830483 0.23830485 "" "" 5.837897653768888 "" 1.3977799975652223 ""
271.32382869253 -23.87814830848 0.0648 0.0497 4.8193 "" "" 4066156731566795648 2538.15161 0.3986 0.0751 -0.268 -3.31 0.077 0.052 1.023 9299.2 3.7719 16.606504 2.096082 17.654808 15.558726 "" "" 2187.93652 3039.41211 4288.8942 3.5494 1184.4 7.9265 4738.8 23.235 "" "" 0.0028981288072785195 0.00778349 0.006528672 0.014312161 271.32382869253 -23.87814830848 2538.15161 -0.268 -3.31 -0.10870000052452089 -1.8075999593734742 0.25430486 0.22930485 "" "" 21.786228767222926 "" 4.99775697083369 ""
271.16184652483 -23.7550219093 0.0593 0.0489 7.8819 "" "" 4066147621908413824 2487.08057 0.3969 0.0646 1.439 -9.227 0.074 0.05 1.062 5533.3 4.5623 16.60754 1.50075 17.286036 15.785286 "" "" 2149.54126 2981.14087 4284.80025 3.2128 1663.4 14.116 3846.3 15.272 "" "" 0.002873072773724228 0.009627012 0.005733094 0.015360106 271.16184652483 -23.7550219093 2487.08057 1.4390000000000005 -9.227000000000006 1.5982999994754792 -7.724599959373474 0.25130486 0.22730485 "" "" 92.99234191851507 "" 21.233853730519577 ""
271.08979647435 -23.79187560969 0.0651 0.058 11.3315 "" "" 4066147312670577152 2532.67554 0.4155 0.08 -0.895 -2.393 0.081 0.058 0.902 "" "" 16.608624 1.558991 17.337307 15.778316 "" "" 2071.70215 3249.08545 4280.5272 3.1691 1586.7 7.7276 3871.1 9.0596 "" "" 0.002870179157549433 0.005978776 0.004554145 0.010532921 271.08979647435 -23.79187560969 2532.67554 -0.8950000000000011 -2.393 -0.7357000005245209 -0.8905999593734739 0.25830483 0.23530485 "" "" 13.867705846782716 "" 3.3961233536879347 ""
271.13947995994 -23.66585678055 0.0655 0.0548 11.855 "" "" 4066174800461917440 2489.0376 0.4076 0.0726 -1.705 -1.562 0.079 0.055 0.987 4965.4 4.3704 16.61163 1.299368 17.181515 15.882147 "" "" 2159.6687 3026.48071 4268.69254 3.1802 1831.5 16.063 3518.0 11.516 "" "" 0.002871598086807553 0.009922709 0.005188003 0.0151107125 271.13947995994 -23.66585678055 2489.0376 -1.7050000000000003 -1.5620000000000003 -1.545700000524521 -0.059599959373474176 0.25630486 0.23230484 "" "" 18.249779121029654 "" 4.676887259132028 ""
271.14449337898 -23.60133185372 0.0697 0.0635 14.634 "" "" 4066176179179430528 3492.61621 0.3211 0.0924 -0.885 -3.682 0.084 0.059 1.04 9409.7 3.9711 16.612534 1.955498 17.585445 15.629948 "" "" 2647.81567 4740.43164 4265.1379 3.7944 1262.5 14.402 4437.9 15.484 "" "" 0.0029197194154457077 0.012695951 0.005351074 0.018047025 271.14449337898 -23.60133185372 3492.61621 -0.8850000000000001 -3.6819999999999977 -0.7257000005245209 -2.179599959373474 0.26130486 0.23630485 "" "" 38.03075555187627 "" 9.086202462989123 ""
271.31857210425 -23.59602609966 0.0678 0.0627 12.4207 "" "" 4066174186314882944 2639.38135 0.4111 0.0945 -0.899 -3.37 0.079 0.059 0.991 5511.2 4.6629 16.615463 1.366229 17.21918 15.85295 "" "" 2151.18579 3227.67139 4253.64456 3.1301 1769.1 11.717 3613.9 9.8169 "" "" 0.0028688177983314943 0.00771332 0.0047939797 0.0125073 271.31857210425 -23.59602609966 2639.38135 -0.899000000000001 -3.37 -0.7397000005245209 -1.8675999593734742 0.25630486 0.23630485 "" "" 25.130831991015167 "" 6.009156428608872 ""
271.29073243162 -23.79268408366 0.0624 0.0523 0.6267 "" "" 4066158071584193664 2505.27515 0.3962 0.0698 -0.009 -1.104 0.076 0.054 0.976 "" "" 16.616556 1.536546 17.308105 15.77156 "" "" 2137.83472 3117.69312 4249.3685 3.1266 1630.0 12.55 3895.2 21.082 "" "" 0.002868792647288466 0.008812849 0.006986774 0.015799623 271.29073243162 -23.79268408366 2505.27515 -0.008999999999999996 -1.104 0.15029999947547912 0.3984000406265258 0.25330484 0.23130485 "" "" 5.056474991145594 "" 1.1840172163607874 ""
271.20798886276 -23.60361863751 0.073 0.0652 12.8453 "" "" 4066176793327030016 2993.60254 0.367 0.0953 -2.481 -0.014 0.092 0.059 0.915 4642.1 4.3157 16.617363 1.573565 17.346054 15.77249 "" "" 2460.92993 3694.78638 4246.2144 4.3571 1574.0 18.624 3891.9 30.596 "" "" 0.002972033611649085 0.013146235 0.00933477 0.022481006 271.20798886276 -23.60361863751 2993.60254 -2.481 -0.014 -2.3217000005245207 1.4884000406265259 0.26930484 0.23630485 "" "" 39.132712380060354 "" 10.179405206488493 ""
271.19128568065 -23.82050634146 0.0618 0.0529 5.8494 "" "" 4066146389268381952 2445.63354 0.4424 0.0756 -0.859 -2.908 0.078 0.055 1.054 5451.1 4.5768 16.617796 1.615926 17.294662 15.678737 "" "" 1962.38745 2949.93091 4244.51682 4.9141 1650.3 18.332 4242.9 56.57 "" "" 0.0030285100556375127 0.012379203 0.014961198 0.027340401 271.19128568065 -23.82050634146 2445.63354 -0.859 -2.908 -0.6997000005245209 -1.405599959373474 0.25530484 0.23230484 "" "" 18.201360363168945 "" 4.314633192324203 ""
271.41267071782 -23.94986792857 0.0621 0.0521 10.9435 "" "" 4066152367879819520 2753.75903 0.3747 0.0704 1.539 -0.32 0.075 0.054 0.942 9318.9 3.948 16.617975 1.724385 17.432951 15.708566 "" "" 2242.95459 3392.68555 4243.81917 3.3643 1452.9 9.3369 4127.9 12.128 "" "" 0.0028866293803331924 0.0075145606 0.0049456577 0.012460219 271.41267071782 -23.94986792857 2753.75903 1.539 -0.32 1.698299999475479 1.1824000406265258 0.25230485 0.23130485 "" "" 27.011111301711402 "" 6.635179449329796 ""
271.46868601613 -23.76654516983 0.0589 0.0576 9.7218 "" "" 4066156525408335872 2620.94043 0.3868 0.0866 -0.234 -1.984 0.069 0.056 0.98 9295.9 4.1974 16.621744 1.724503 17.392832 15.668328 "" "" 2178.31152 3235.47607 4229.11304 3.7192 1507.6 7.4378 4283.8 17.389 "" "" 0.002916073264814789 0.006039648 0.005805839 0.011845486 271.46868601613 -23.76654516983 2620.94043 -0.23400000000000004 -1.9840000000000002 -0.07470000052452089 -0.4815999593734741 0.24630484 0.23330486 "" "" 6.054584074964936 "" 1.4144632637077208 ""
271.49551881915 -23.65121996517 0.056 0.049 14.2146 "" "" 4066166043056021376 3481.28979 0.3224 0.0699 -0.512 -2.44 0.067 0.05 1.018 "" "" 16.624994 1.382252 17.224386 15.842134 "" "" 2723.81396 4227.29736 4216.47244 2.7978 1760.6 9.4257 3650.1 15.939 "" "" 0.002847948142921596 0.006447668 0.0060631605 0.012510829 271.49551881915 -23.65121996517 3481.28979 -0.512 -2.4399999999999995 -0.3527000005245209 -0.9375999593734741 0.24430485 0.22730485 "" "" 16.530091340821468 "" 3.793335870494586 ""
271.22224076124 -23.89087470365 0.0587 0.0501 6.6919 "" "" 4066133809292945536 3004.56299 0.3987 0.0727 0.049 -1.527 0.072 0.052 1.012 9325.0 4.155 16.626093 1.637301 17.387678 15.750377 "" "" 2189.42944 4504.35303 4212.20768 3.2438 1514.8 16.129 3972.0 13.236 "" "" 0.002879389863780445 0.011892439 0.005232002 0.01712444 271.22224076124 -23.89087470365 3004.56299 0.049 -1.5270000000000004 0.20829999947547911 -0.024599959373474034 0.24930485 0.22930485 "" "" 2.987147144209468 "" 0.7439210126273286 ""
271.47054777347 -23.68512778148 0.0545 0.0482 11.8813 "" "" 4066165866929840640 2750.76392 0.3687 0.0703 -0.84 -1.137 0.064 0.049 0.888 5631.5 4.6055 16.62716 1.350042 17.230545 15.880503 "" "" 2212.81641 3510.8479 4208.07017 3.0105 1750.6 17.918 3523.4 14.618 "" "" 0.002862713101153749 0.0114578055 0.0058800164 0.017337821 271.47054777347 -23.68512778148 2750.76392 -0.8399999999999991 -1.137 -0.6807000005245208 0.36540004062652587 0.24130484 0.22630484 "" "" 10.073291928231864 "" 2.3977607607322744 ""
271.23342039467 -23.89683176451 0.0583 0.0511 6.6436 "" "" 4066133057705685888 2948.12939 0.3849 0.0769 2.494 1.576 0.068 0.053 0.985 "" "" 16.628687 1.849811 17.54162 15.69181 "" "" 2222.64136 5274.8999 4202.15104 3.2269 1314.5 9.1336 4192.1 13.184 "" "" 0.0028787038611651243 0.008043509 0.005093449 0.013136958 271.23342039467 -23.89683176451 2948.12939 2.494000000000003 1.576 2.6532999994754793 3.078400040626526 0.24530485 0.23030485 "" "" 56.79165434535455 "" 13.449095678535976 ""
271.18081573392 -23.81992532488 0.0575 0.0477 6.4087 "" "" 4066146389284241280 2515.75928 0.4124 0.0698 0.906 -0.014 0.076 0.053 0.966 "" "" 16.631891 1.604153 17.381315 15.777163 "" "" 2139.59595 3374.47656 4189.77331 3.1373 1523.7 9.2654 3875.2 14.477 "" "" 0.0028727610774028213 0.0071675773 0.005543977 0.012711555 271.18081573392 -23.81992532488 2515.75928 0.905999999999999 -0.014000000000000016 1.0652999994754793 1.4884000406265259 0.25330484 0.23030485 "" "" 21.826430277138382 "" 5.202213907836459 ""
271.46276354714 -23.6768831286 0.056 0.0492 11.8463 "" "" 4066165871244516736 2797.41772 0.3431 0.0712 0.514 -1.338 0.067 0.052 0.988 5293.9 4.3315 16.638908 1.373378 17.226591 15.853213 "" "" 2300.47095 3488.69507 4162.78058 3.1125 1757.0 9.313 3613.0 15.447 "" "" 0.0028724226629504093 0.0063956697 0.0059859357 0.012381606 271.46276354714 -23.6768831286 2797.41772 0.5140000000000001 -1.338 0.6732999994754791 0.1644000406265258 0.24430485 0.22930485 "" "" 9.190078054965797 "" 2.237649958251762 ""
271.13702694638 -23.72775891635 0.0673 0.0584 9.7957 "" "" 4066150856050316928 3079.06763 0.3042 0.0725 -2.113 -4.816 0.079 0.057 0.952 8336.2 3.11 16.639315 3.029628 18.403105 15.373477 "" "" 2487.33887 3990.83154 4161.22292 4.4351 594.53 7.5156 5620.4 18.292 "" "" 0.0029884596256470274 0.014005793 0.0051739835 0.019179776 271.13702694638 -23.72775891635 3079.06763 -2.113 -4.816 -1.9537000005245209 -3.313599959373474 0.25630486 0.23430485 "" "" 56.14133926534359 "" 13.483624113913885 ""
271.32955716047 -23.62603569828 0.0852 0.0742 10.7181 "" "" 4066173804039209472 3383.02368 0.3642 0.1055 -3.575 -6.815 0.101 0.072 1.397 8731.5 4.0219 16.641205 3.037928 18.331177 15.293249 "" "" 2399.53198 5360.58496 4153.98403 5.4225 635.25 13.518 6051.4 18.037 "" "" 0.003098467905590083 0.023272125 0.0049755997 0.028247725 271.32955716047 -23.62603569828 3383.02368 -3.5750000000000006 -6.815 -3.415700000524521 -5.3125999593734745 0.27830485 0.24930485 "" "" 101.27898567819743 "" 26.142529176075744 ""
271.52205465056 -23.80981424487 0.0684 0.0808 12.4232 "" "" 4066155387208972800 2520.69556 0.4271 0.1201 -0.052 -2.121 0.077 0.064 1.071 8978.3 3.7899 16.64162 3.033879 18.40717 15.37329 "" "" 1916.93359 3255.78955 4152.39419 3.7729 592.31 8.0746 5621.4 9.5066 "" "" 0.0029266002996915816 0.015061869 0.0042018 0.01926367 271.52205465056 -23.80981424487 2520.69556 -0.052000000000000005 -2.121 0.10729999947547914 -0.6185999593734741 0.25430486 0.24130484 "" "" 7.501456406072494 "" 1.8130605001250444 ""
271.34391365281 -23.77048101631 0.0581 0.0509 3.2438 "" "" 4066158513945374848 3382.37402 0.3122 0.0808 -0.842 -3.277 0.071 0.052 0.969 5228.7 4.3371 16.64202 1.748334 17.487652 15.739318 "" "" 2698.03687 4296.13525 4150.86977 3.0072 1381.5 10.44 4012.6 16.223 "" "" 0.0028653988650944305 0.00866635 0.0057924716 0.014458821 271.34391365281 -23.77048101631 3382.37402 -0.842 -3.277 -0.6827000005245208 -1.7745999593734743 0.24830484 0.22930485 "" "" 30.483947112155242 "" 7.067451928844724 ""
271.49621002855 -23.64777863959 0.0835 0.0769 14.3761 "" "" 4066166043056026240 3292.70093 0.3288 0.0914 -1.612 -4.554 0.118 0.095 1.111 "" "" 16.645048 "" "" "" "" "" 2610.31104 4939.53125 4139.30892 6.7633 "" "" "" "" "" "" 0.0032770241047313468 "" "" "" 271.49621002855 -23.64777863959 3292.70093 -1.6119999999999997 -4.554 -1.452700000524521 -3.0515999593734744 0.29530483 0.27230483 "" "" 52.74886324345902 "" 14.595511457555608 ""
271.30757589267 -23.58153132485 0.067 0.0678 13.2433 "" "" 4066174250706483200 3234.53345 0.3779 0.099 1.559 -0.105 0.08 0.062 0.922 4700.3 4.4336 16.64545 1.637656 17.419142 15.781486 "" "" 2387.84155 4589.53662 4137.77016 3.4659 1471.5 11.826 3859.8 12.197 "" "" 0.0029015289394921677 0.009160975 0.005104414 0.014265389 271.30757589267 -23.58153132485 3234.53345 1.559 -0.10499999999999997 1.718299999475479 1.397400040626526 0.25730485 0.23930484 "" "" 33.9564255556493 "" 8.499103881131994 ""
271.40514210951 -23.7361863534 0.0585 0.0514 7.1811 "" "" 4066159445986246912 2540.79712 0.4022 0.0762 -0.278 -1.446 0.069 0.054 0.965 5550.2 4.6451 16.64593 1.354907 17.211893 15.856986 "" "" 2082.25024 3115.89111 4135.94396 3.456 1781.0 12.028 3600.5 26.508 "" "" 0.0029008409877443763 0.0078454465 0.008841956 0.016687403 271.40514210951 -23.7361863534 2540.79712 -0.2779999999999999 -1.4459999999999995 -0.1187000005245209 0.05640004062652593 0.24630484 0.23130485 "" "" 1.5827150455198298 "" 0.3855675771429749 ""
271.44423757147 -23.7321042542 0.0653 0.0596 9.1611 "" "" 4066159583425149440 2708.99487 0.4177 0.0907 -2.802 -1.753 0.076 0.057 1.094 4792.3 4.3281 16.648045 1.618343 17.406507 15.788164 "" "" 2110.97266 4561.63184 4127.8968 2.829 1488.7 12.296 3836.1 12.448 "" "" 0.0028540264230747774 0.009391733 0.005166863 0.014558597 271.44423757147 -23.7321042542 2708.99487 -2.801999999999999 -1.7529999999999988 -2.642700000524521 -0.250599959373474 0.25330484 0.23430485 "" "" 34.08617700588961 "" 8.628636475298293 ""
271.37288161825 -23.54941401441 0.0578 0.0504 15.734 "" "" 4066180267976324992 2725.51953 0.3699 0.0697 0.223 -0.547 0.076 0.052 0.896 "" "" 16.650415 1.46301 17.248138 15.785129 "" "" 2264.80591 3245.46362 4118.89366 3.0215 1722.5 58.033 3846.9 25.588 "" "" 0.0028681256676680294 0.036685955 0.008151022 0.044836976 271.37288161825 -23.54941401441 2725.51953 0.22299999999999975 -0.547 0.3822999994754791 0.9554000406265258 0.25330484 0.22930485 "" "" 13.29424980215834 "" 3.094429825471817 ""
271.35945207103 -23.82992819838 0.0608 0.0518 3.8698 "" "" 4066157281322639232 2489.99268 0.4111 0.083 3.13 -0.689 0.072 0.054 1.02 4877.5 4.3094 16.650564 1.668783 17.444788 15.776005 "" "" 2097.84399 3169.91309 4118.33201 3.0863 1437.1 14.68 3879.3 12.189 "" "" 0.002872947300692744 0.011436397 0.0050913375 0.016527735 271.35945207103 -23.82992819838 2489.99268 3.13 -0.689 3.289299999475479 0.8134000406265259 0.24930485 0.23130485 "" "" 39.991567667619734 "" 9.93002613160691 ""
271.09599884114 -23.80819068865 0.0654 0.0565 10.9804 "" "" 4066147145198537472 2769.5271 0.3859 0.0818 -0.163 -2.265 0.088 0.058 1.021 9087.1 3.468 16.65066 2.140631 17.741255 15.600624 "" "" 2251.96167 3563.82129 4117.96771 3.1698 1093.7 12.71 4559.4 12.242 "" "" 0.0028792806915356162 0.012922273 0.004773064 0.017695338 271.09599884114 -23.80819068865 2769.5271 -0.16300000000000017 -2.265 -0.00370000052452088 -0.7625999593734742 0.26530486 0.23530485 "" "" 10.011193374324135 "" 2.355689849300828 ""
271.15933364796 -23.60200238842 0.0719 0.0692 14.1523 "" "" 4066176174851747328 3227.26172 0.3485 0.0941 0.099 -1.881 0.08 0.064 0.972 5016.0 4.5417 16.651457 1.317576 17.224173 15.906596 "" "" 2486.19995 4686.71045 4114.94799 2.8865 1761.0 12.904 3439.7 15.755 "" "" 0.002858642352688841 0.008430977 0.006246189 0.014677167 271.15933364796 -23.60200238842 3227.26172 0.099 -1.8810000000000016 0.2582999994754791 -0.3785999593734741 0.25730485 0.24130484 "" "" 7.011015391113742 "" 1.7282109910595789 ""
271.43987937811 -23.75287740219 0.1309 0.0998 8.4365 "" "" 4066159549058204672 2788.08594 0.4382 0.1145 -2.672 -3.619 0.149 0.1 0.981 "" "" 16.651554 0.921958 16.121288 15.19933 "" "" 2060.30225 4009.53491 4114.5759 12.935 4863.0 304.64 6598.2 293.39 "" "" 0.004386562988323958 0.06807256 0.048425138 0.116497695 271.43987937811 -23.75287740219 2788.08594 -2.6719999999999993 -3.619 -2.512700000524521 -2.1165999593734743 0.32630485 0.27730486 "" "" 43.41789840303365 "" 13.32573989241848 ""
271.52431798422 -23.88397810525 0.0722 0.0655 13.4657 "" "" 4066107562778531072 2861.17065 0.3228 0.1028 3.799 2.304 0.087 0.061 1.019 "" "" 16.652689 3.45023 18.755697 15.305468 "" "" 2149.38892 3913.75757 4110.2802 4.6835 429.67 8.822 5983.7 20.73 "" "" 0.003020320608321608 0.022466306 0.0053321794 0.027798485 271.52431798422 -23.88397810525 2861.17065 3.7990000000000004 2.3039999999999994 3.958299999475479 3.8064000406265257 0.26430485 0.23830485 "" "" 74.47574839580682 "" 18.778919970081226 ""
271.44178091204 -23.61540993121 0.0575 0.0498 13.7677 "" "" 4066167103880754560 2390.68164 0.4172 0.0688 -1.282 -4.523 0.073 0.053 1.024 4924.9 4.2984 16.65361 1.532188 17.366644 15.834456 "" "" 1993.48682 2899.53345 4106.79097 2.9862 1544.4 5.5796 3676.0 13.113 "" "" 0.0028661937417608172 0.004813666 0.0054114773 0.010225143 271.44178091204 -23.61540993121 2390.68164 -1.282 -4.522999999999999 -1.122700000524521 -3.020599959373474 0.25030485 0.23030485 "" "" 36.516778113859786 "" 8.50198438155782 ""
271.29589973252 -23.71300800721 0.0673 0.0582 5.3392 "" "" 4066170715980619264 2345.88306 0.4471 0.0856 -0.518 -6.114 0.093 0.067 0.982 4948.5 4.5128 16.653742 1.529908 17.363014 15.833106 "" "" 1999.27295 2809.09375 4106.29042 3.0405 1549.6 11.364 3680.6 12.706 "" "" 0.0028702085251694426 0.008436973 0.0053228 0.013759773 271.29589973252 -23.71300800721 2345.88306 -0.518 -6.114 -0.3587000005245209 -4.611599959373474 0.27030486 0.24430485 "" "" 51.43350520843212 "" 12.57392180201717 ""
271.28913397703 -23.67424882406 0.0623 0.0538 7.6738 "" "" 4066172498359396864 3381.95801 0.3057 0.0791 -0.669 -1.766 0.082 0.058 0.936 "" "" 16.65382 1.609391 17.410147 15.800755 "" "" 2721.18359 4261.92676 4105.9961 3.0466 1483.7 10.233 3791.9 9.3426 "" "" 0.002870676928369458 0.007991193 0.0046303053 0.012621498 271.28913397703 -23.67424882406 3381.95801 -0.669 -1.7659999999999996 -0.5097000005245209 -0.26359995937347414 0.25930485 0.23530485 "" "" 9.198745195444198 "" 2.3404262994109493 ""
271.11139092385 -23.73958074669 0.0698 0.059 10.8017 "" "" 4066150714284949376 3190.85742 0.343 0.0755 1.05 -1.069 0.083 0.059 1.106 "" "" 16.655405 1.510867 17.345446 15.834578 "" "" 2542.34204 4448.73047 4100.00635 3.1056 1574.8 23.66 3675.6 10.461 "" "" 0.002875437020760941 0.016549146 0.0048818337 0.02143098 271.11139092385 -23.73958074669 3190.85742 1.05 -1.069 1.2092999994754792 0.43340004062652593 0.26030484 0.23630485 "" "" 19.429408055501774 "" 5.006683419415252 ""
271.336543286 -23.69368626778 0.0587 0.0505 6.871 "" "" 4066172262168820480 2497.93042 0.3938 0.0764 -1.699 -5.347 0.076 0.052 1.017 4724.9 4.3049 16.656048 1.647326 17.378368 15.731042 "" "" 2133.86548 3183.60205 4097.57866 3.4335 1527.8 17.522 4043.4 37.774 "" "" 0.0029016340611499264 0.012760839 0.01082433 0.02358517 271.336543286 -23.69368626778 2497.93042 -1.698999999999998 -5.3469999999999995 -1.539700000524521 -3.8445999593734745 0.25330484 0.22930485 "" "" 49.03557973335015 "" 11.413988468385512 ""
271.53392880164 -23.75275179977 0.1067 0.1106 13.3989 "" "" 4066162229124833792 2875.82886 0.4131 0.1475 -0.826 -5.229 0.12 0.101 1.366 "" "" 16.658201 "" "" "" "" "" 2145.33325 3964.83521 4089.46083 9.721 "" "" "" "" "" "" 0.003775284415663862 "" "" "" 271.53392880164 -23.75275179977 2875.82886 -0.8259999999999994 -5.229000000000006 -0.6667000005245208 -3.726599959373474 0.29730484 0.27830485 "" "" 51.60542116710274 "" 14.393451384622399 ""
271.09395345611 -23.80679290703 0.07 0.0579 11.0901 "" "" 4066147145198540928 2357.54321 0.4388 0.0917 0.793 -3.65 0.099 0.057 0.98 4922.1 4.3008 16.658419 1.77181 17.508 15.73619 "" "" 1936.35571 3172.20679 4088.64194 3.1343 1355.9 12.432 4024.2 13.869 "" "" 0.00287828620100277 0.010338541 0.005318402 0.015656943 271.09395345611 -23.80679290703 2357.54321 0.793 -3.65 0.9522999994754792 -2.147599959373474 0.27630484 0.23430485 "" "" 26.25249565249846 "" 6.345431690466281 ""
271.22315808463 -23.89039515724 0.0563 0.0481 6.6386 "" "" 4066133813619938304 2443.86987 0.4141 0.0713 -0.193 -2.302 0.068 0.05 0.942 9018.5 4.324 16.659271 1.59717 17.407043 15.809874 "" "" 2096.40454 2959.63306 4085.43103 2.7008 1488.0 10.873 3760.2 8.3767 "" "" 0.002847273751902186 0.008409946 0.0044870875 0.012897033 271.22315808463 -23.89039515724 2443.86987 -0.193 -2.3019999999999996 -0.03370000052452088 -0.7995999593734742 0.24530485 0.22730485 "" "" 9.270743318419616 "" 2.1075924662280427 ""
271.25675927978 -23.56640289596 0.0857 0.0803 14.2982 "" "" 4066177343083001216 2820.5708 0.3823 0.1136 -3.038 -3.68 0.1 0.072 1.266 4889.8 4.4284 16.660719 1.881082 17.56002 15.678938 "" "" 2105.00391 4385.19775 4079.98748 8.6411 1292.4 9.3899 4242.1 15.863 "" "" 0.0035888041965324445 0.008367301 0.0055468488 0.013914149 271.25675927978 -23.56640289596 2820.5708 -3.037999999999997 -3.6799999999999997 -2.8787000005245207 -2.1775999593734743 0.27730486 0.24930485 "" "" 48.25790645372815 "" 12.906749313935046 ""
271.26909657532 -23.80797931536 0.0594 0.0489 1.515 "" "" 4066158140316276096 2664.3418 0.3938 0.0674 -0.906 0.886 0.073 0.054 0.911 "" "" 16.66072 "" "" "" "" "" 2124.51514 3228.11768 4079.98334 3.0752 "" "" "" "" "" "" 0.0028742802186124774 "" "" "" 271.26909657532 -23.80797931536 2664.3418 -0.9059999999999993 0.8859999999999999 -0.7467000005245209 2.388400040626526 0.25030485 0.23130485 "" "" 31.602784825471602 "" 7.365326494542683 ""
271.44681228424 -23.64525539617 0.0626 0.0534 12.536 "" "" 4066166936409304064 3368.5166 0.331 0.0806 0.556 -0.797 0.076 0.054 1.069 "" "" 16.661083 1.398082 17.25096 15.852878 "" "" 2545.46411 4643.22559 4078.62206 3.4259 1718.0 12.111 3614.2 14.239 "" "" 0.0029023262632863643 0.008146582 0.0057079657 0.013854548 271.44681228424 -23.64525539617 3368.5166 0.556000000000001 -0.797 0.7152999994754792 0.7054000406265258 0.25330484 0.23130485 "" "" 16.04039181394848 "" 3.893123295890256 ""
271.4634900761 -23.8657766089 0.0679 0.0686 9.9619 "" "" 4066153325624427648 3481.27393 0.448 0.1091 -0.114 -1.571 0.076 0.062 0.992 9240.6 3.7182 16.662167 1.93666 17.621674 15.685014 "" "" 2038.77576 7580.65918 4074.55109 3.0965 1221.1 9.0194 4218.4 13.192 "" "" 0.0028762141209433038 0.00849108 0.0050805775 0.013571657 271.4634900761 -23.8657766089 3481.27393 -0.11399999999999985 -1.571 0.04529999947547912 -0.06859995937347407 0.25330484 0.23930484 "" "" 1.3565226798905226 "" 0.33050457735394434 ""
271.48434094135 -23.95131398722 0.0633 0.053 13.6803 "" "" 4066105668666978176 2689.22729 0.4008 0.0764 2.566 -1.459 0.073 0.052 0.892 4905.2 3.6075 16.662361 2.297853 17.866617 15.568764 "" "" 2199.21948 3184.71826 4073.82286 3.5189 974.47 10.069 4695.2 11.788 "" "" 0.0029105557212382193 0.011560453 0.0046598576 0.01622031 271.48434094135 -23.95131398722 2689.22729 2.566 -1.459 2.725299999475479 0.043400040626525804 0.25030485 0.22930485 "" "" 34.743633044969215 "" 8.696322560062141 ""
271.13512624534 -23.67863339627 0.0733 0.0613 11.5223 "" "" 4066174632979801344 3139.84448 0.3532 0.0802 2.269 1.477 0.087 0.061 1.1 5239.0 4.6779 16.66278 1.352666 17.221052 15.868386 "" "" 2457.66431 4050.17529 4072.24831 3.5603 1766.0 13.482 3562.9 19.183 "" "" 0.0029142492234707686 0.008745746 0.0069610374 0.015706783 271.13512624534 -23.67863339627 3139.84448 2.2690000000000006 1.4770000000000008 2.4282999994754793 2.979400040626526 0.26430485 0.23830485 "" "" 57.204167572993256 "" 14.244305094116248 ""
271.24635809698 -23.67337909326 0.0734 0.0686 8.1827 "" "" 4066171815492377856 2573.89771 0.4382 0.1058 -0.009 -1.705 0.094 0.065 1.12 4991.6 4.6667 16.663593 1.651347 17.397032 15.745685 "" "" 2033.55115 3315.97119 4069.20501 6.5386 1501.8 22.859 3989.2 82.481 "" "" 0.003261206763597889 0.016759945 0.02276468 0.039524626 271.24635809698 -23.67337909326 2573.89771 -0.008999999999999998 -1.705 0.15029999947547912 -0.2025999593734742 0.27130485 0.24230485 "" "" 3.077683140624754 "" 0.7785931273840464 ""
271.47809113487 -23.66414186431 0.0578 0.0501 12.9824 "" "" 4066166008696287616 2393.66724 0.4027 0.0721 0.633 -1.361 0.066 0.049 1.004 5283.5 4.3702 16.664497 1.298428 17.226093 15.927665 "" "" 2078.62402 2856.45605 4065.81965 2.6877 1757.8 10.931 3373.6 10.787 "" "" 0.002847264647312828 0.007305534 0.0051318444 0.012437379 271.47809113487 -23.66414186431 2393.66724 0.633 -1.361 0.7922999994754791 0.1414000406265259 0.24330485 0.22630484 "" "" 9.131459912411888 "" 2.21709932377973 ""
271.07099606548 -23.74028545213 0.0673 0.06 12.8929 "" "" 4066150581157012608 3139.50659 0.3375 0.0807 0.431 -1.925 0.083 0.059 0.92 "" "" 16.665318 1.426656 17.214931 15.788276 "" "" 2525.39575 4317.60303 4062.7454 3.8648 1776.0 28.395 3835.7 57.288 "" "" 0.00294253995122905 0.017581748 0.016650582 0.03423233 271.07099606548 -23.74028545213 3139.50659 0.431 -1.9250000000000007 0.5902999994754792 -0.42259995937347417 0.26030484 0.23630485 "" "" 10.80347604458075 "" 2.7271009419609915 ""
271.24676129712 -23.76514928636 0.0854 0.0732 3.4883 "" "" 4066170131852797312 2606.79956 0.4407 0.1012 -0.118 -0.896 0.102 0.074 1.359 5262.2 4.7044 16.668673 1.42451 17.245445 15.820935 "" "" 2111.79248 3414.38281 4050.21284 5.2961 1726.8 17.749 3722.1 22.191 "" "" 0.0030995796037081164 0.011503304 0.007495659 0.018998964 271.24676129712 -23.76514928636 2606.79956 -0.11799999999999998 -0.8959999999999989 0.04129999947547913 0.6064000406265259 0.27930486 0.25130486 "" "" 7.51017609913564 "" 1.888368512533879 ""
271.5265669585 -23.75916007877 0.0599 0.056 12.9227 "" "" 4066156353609573120 2604.65186 0.4107 0.0846 -0.344 -2.89 0.07 0.053 1.011 4911.8 4.2951 16.67129 1.697929 17.492117 15.794188 "" "" 2108.9812 3596.302 4040.4629 2.9954 1375.8 12.487 3814.9 10.694 "" "" 0.0028704827973090375 0.010241722 0.0048525212 0.015094243 271.5265669585 -23.75916007877 2604.65186 -0.3440000000000001 -2.8899999999999992 -0.18470000052452085 -1.3875999593734742 0.24730486 0.23030485 "" "" 17.282475465049952 "" 3.985538054871335 ""
271.37164442486 -23.87149841502 0.0608 0.0505 5.888 "" "" 4066153875380221568 2940.21191 0.3367 0.0718 -0.029 -1.183 0.073 0.054 0.963 "" "" 16.671968 2.131353 17.759678 15.628324 "" "" 2444.20117 3681.99292 4037.93407 3.336 1075.3 5.9383 4444.6 16.11 "" "" 0.002897653093876657 0.0066133398 0.005456279 0.012069618 271.37164442486 -23.87149841502 2940.21191 -0.02900000000000001 -1.1830000000000003 0.13029999947547913 0.3194000406265258 0.25030485 0.23130485 "" "" 4.807511970100518 "" 1.1254870911866022 ""
271.1223756686 -23.70474256422 0.0665 0.0574 11.1744 "" "" 4066174388144865152 3255.11572 0.3146 0.0711 0.22 -1.565 0.079 0.056 1.033 5547.8 4.6429 16.672356 1.277133 17.24051 15.963378 "" "" 2583.99048 4042.73706 4036.49577 3.0648 1734.7 10.119 3264.4 11.417 "" "" 0.0028759997522636877 0.006920775 0.005357526 0.012278301 271.1223756686 -23.70474256422 3255.11572 0.22000000000000022 -1.565 0.3792999994754791 -0.06259995937347407 0.25630486 0.23330486 "" "" 5.931482453550533 "" 1.5168087067709406 ""
271.16945398709 -23.56700752488 0.0634 0.057 15.7183 "" "" 4066177892838813568 3287.3623 0.362 0.0858 0.779 -2.53 0.074 0.055 0.996 5132.9 4.6513 16.672634 1.422749 17.315279 15.89253 "" "" 2618.28076 4448.18896 4035.45967 3.274 1619.2 11.202 3484.5 10.104 "" "" 0.002892700246391197 0.008012852 0.004918899 0.012931751 271.16945398709 -23.56700752488 3287.3623 0.779 -2.5299999999999994 0.9382999994754792 -1.027599959373474 0.25130486 0.23230484 "" "" 21.68302766240282 "" 5.228411944846661 ""
271.01818718004 -23.8037286809 0.0683 0.0575 15.2462 "" "" 4066148687060033280 2747.01318 0.3989 0.0713 0.338 -1.977 0.081 0.056 1.005 "" "" 16.672724 1.799271 17.546373 15.747103 "" "" 2227.55737 3625.46973 4035.1292 3.2699 1308.8 11.108 3984.0 13.799 "" "" 0.002892386462958994 0.009627978 0.005331561 0.014959539 271.01818718004 -23.8037286809 2747.01318 0.338 -1.9769999999999994 0.49729999947547915 -0.4745999593734742 0.25830483 0.23330486 "" "" 8.950845820958765 "" 2.208215037006386 ""
271.21040356445 -23.65920208385 0.0699 0.0654 9.7703 "" "" 4066175006620375680 2396.75049 0.4597 0.0988 -0.531 -4.161 0.087 0.062 0.994 4728.8 4.2771 16.672817 1.78779 17.543634 15.755844 "" "" 1977.48279 3099.18262 4034.77933 10.933 1312.1 16.21 3952.0 41.177 "" "" 0.0040307815627934436 0.01370057 0.0119272135 0.025627784 271.21040356445 -23.65920208385 2396.75049 -0.531 -4.161 -0.3717000005245209 -2.6585999593734737 0.26430485 0.23930484 "" "" 30.497046114796287 "" 7.313455507070722 ""
271.37352337888 -23.58028594966 0.0653 0.0572 13.9693 "" "" 4066179855671124736 2581.05273 0.3939 0.0807 -0.263 -2.228 0.084 0.058 1.111 5607.9 4.6374 16.672909 1.340028 17.24865 15.908622 "" "" 2157.15625 3128.92993 4034.43731 2.7249 1721.7 10.223 3433.3 18.554 "" "" 0.0028512354558126386 0.007024704 0.0069793127 0.014004016 271.37352337888 -23.58028594966 2581.05273 -0.263 -2.228 -0.10370000052452089 -0.7255999593734743 0.26130486 0.23530485 "" "" 8.967327334649957 "" 2.1149744765570793 ""
271.3847905101 -23.70747256068 0.0623 0.0553 7.4826 "" "" 4066160266292373248 2349.91675 0.4362 0.0794 -2.389 -3.382 0.074 0.056 1.009 5133.4 4.3793 16.67495 1.645753 17.438356 15.792604 "" "" 1972.48132 3001.11963 4026.86573 3.0773 1445.7 10.391 3820.5 14.029 "" "" 0.0028775354449937 0.0082875565 0.0054935203 0.013781076 271.3847905101 -23.70747256068 2349.91675 -2.389 -3.3820000000000023 -2.2297000005245207 -1.8795999593734742 0.25130486 0.23330486 "" "" 32.48285110798501 "" 7.92544704352407 ""
271.29940334713 -23.88165067796 0.0572 0.0478 4.7832 "" "" 4066133332583574144 2404.18384 0.3826 0.0666 0.68 -3.408 0.069 0.05 1.048 9718.3 3.9231 16.675415 2.771282 18.242214 15.470932 "" "" 2114.74805 2860.12744 4025.14113 3.3585 689.49 9.0703 5137.9 13.476 "" "" 0.0029004267745887683 0.01455293 0.0047321585 0.019285088 271.29940334713 -23.88165067796 2404.18384 0.68 -3.4079999999999986 0.8392999994754792 -1.905599959373474 0.24630484 0.22730485 "" "" 23.72888957199842 "" 5.469469790165134 ""
271.34907506045 -23.62051421852 0.0649 0.0575 11.2737 "" "" 4066173155522114688 2907.99414 0.3543 0.0854 2.179 -3.799 0.079 0.055 0.98 "" "" 16.680098 2.98959 18.419779 15.430189 "" "" 2412.84644 3627.08911 4007.81731 3.8248 585.47 7.1326 5334.4 10.953 "" "" 0.002943706605005296 0.013518267 0.0043878905 0.017906157 271.34907506045 -23.62051421852 2907.99414 2.1789999999999985 -3.799000000000005 2.338299999475479 -2.296599959373474 0.25630486 0.23230484 "" "" 45.17673201951928 "" 11.059939042134463 ""
271.09919106791 -23.6716332874 0.0701 0.0587 13.3385 "" "" 4066175423265512064 2394.22021 0.3987 0.072 2.122 0.905 0.079 0.057 1.054 5397.4 4.6624 16.680887 1.280339 17.243572 15.963233 "" "" 2073.16772 2860.90454 4004.89969 2.8144 1729.8 11.389 3264.9 10.796 "" "" 0.002859010692151515 0.007673714 0.0052127903 0.012886504 271.09919106791 -23.6716332874 2394.22021 2.1219999999999994 0.905 2.281299999475479 2.407400040626526 0.25630486 0.23430485 "" "" 37.63889754067321 "" 9.2200240309004 ""
271.37122064726 -23.5602245557 0.0587 0.0507 15.0849 "" "" 4066180023142616192 3184.23193 0.3196 0.0699 -1.682 -1.994 0.073 0.053 0.991 4841.8 4.2939 16.682022 1.560098 17.419064 15.858966 "" "" 2618.74097 4162.76416 4000.7171 2.9108 1471.6 10.173 3593.9 11.626 "" "" 0.0028663231101658127 0.008007409 0.005159439 0.013166849 271.37122064726 -23.5602245557 3184.23193 -1.682 -1.994 -1.5227000005245208 -0.4915999593734741 0.25030485 0.23030485 "" "" 24.150562991186042 "" 6.001072451270262 ""
271.14244015804 -23.76525187852 0.0728 0.063 8.7097 "" "" 4066147793716383488 3269.51831 0.3348 0.08 -0.199 -1.629 0.08 0.06 0.95 5600.2 4.6495 16.683046 1.323431 17.246967 15.923536 "" "" 2481.97729 4251.99854 3996.94641 3.2594 1724.4 8.8092 3386.4 13.02 "" "" 0.002894080392873445 0.0062088035 0.005631126 0.01183993 271.14244015804 -23.76525187852 3269.51831 -0.19900000000000012 -1.629 -0.039700000524520884 -0.12659995937347412 0.25730485 0.23730485 "" "" 2.05619051641662 "" 0.49176606894606073 ""
271.38415837012 -23.71619682057 0.0591 0.0529 7.0701 "" "" 4066160266292384640 2496.54443 0.4024 0.0788 0.212 -0.341 0.07 0.056 1.033 7093.5 4.3159 16.683676 1.694458 17.484861 15.790403 "" "" 2028.51685 3066.09204 3994.62755 2.9537 1385.1 10.267 3828.2 8.1415 "" "" 0.002869895144336849 0.008517922 0.0044289343 0.012946856 271.38415837012 -23.71619682057 2496.54443 0.21200000000000002 -0.3410000000000001 0.3712999994754791 1.161400040626526 0.24730486 0.23330486 "" "" 14.428836732681425 "" 3.385556657907506 ""
271.21395398425 -23.97539641972 0.0695 0.0592 11.334 "" "" 4066131026153811968 3026.90259 0.3176 0.0859 -1.448 -2.441 0.085 0.064 1.081 8428.3 3.7075 16.685575 3.03054 18.455433 15.424892 "" "" 2466.61523 4088.40161 3987.64484 3.4274 566.56 8.2538 5360.5 15.177 "" "" 0.0029090622608757993 0.016061507 0.0048716785 0.020933185 271.21395398425 -23.97539641972 3026.90259 -1.4480000000000002 -2.440999999999997 -1.2887000005245208 -0.938599959373474 0.26230484 0.24130484 "" "" 22.873911296558738 "" 5.837922880213633 ""
271.03288335719 -23.68563065168 0.0605 0.0533 16.0444 "" "" 4066152054315022848 2906.13403 0.3823 0.0756 -5.041 0.13 0.071 0.051 0.986 4767.7 4.2861 16.687084 1.808465 17.56648 15.758016 "" "" 2368.93066 3679.92896 3982.11049 2.8193 1284.8 8.5975 3944.1 13.048 "" "" 0.002860537808040053 0.0077827647 0.0052139466 0.012996711 271.03288335719 -23.68563065168 2906.13403 -5.040999999999995 0.13000000000000006 -4.881700000524521 1.6324000406265258 0.24830484 0.22830485 "" "" 70.90581997156399 "" 17.46884329128206 ""
271.55378525447 -23.77963964446 0.0716 0.0802 14.2213 "" "" 4066161404491056000 3006.70728 0.37 0.1197 0.623 -1.065 0.081 0.068 0.942 5666.7 4.6466 16.688019 1.636101 17.41949 15.78339 "" "" 2189.53687 4366.84766 3978.68426 3.3592 1471.0 14.215 3853.0 33.744 "" "" 0.0029038083540813514 0.0108566675 0.010232273 0.02108894 271.55378525447 -23.77963964446 3006.70728 0.623 -1.065 0.7822999994754791 0.43740004062652593 0.25830483 0.24530485 "" "" 12.773550843491906 "" 3.2606889282896385 ""
271.23165968039 -23.60500163086 0.0711 0.0661 12.3353 "" "" 4066176625855886720 2759.57764 0.3675 0.1005 -0.36 -2.364 0.093 0.067 1.069 5039.9 4.371 16.688587 1.360896 17.278442 15.917546 "" "" 2265.64307 3776.06006 3976.60174 3.4472 1675.1 8.2057 3405.2 16.063 "" "" 0.0029116376239764702 0.006006064 0.006365127 0.012371191 271.23165968039 -23.60500163086 2759.57764 -0.36000000000000004 -2.3639999999999994 -0.20070000052452086 -0.861599959373474 0.27030486 0.24430485 "" "" 11.571791141581427 "" 2.843306863637557 ""
271.22167081093 -23.59685035215 0.0782 0.071 12.9668 "" "" 4066176827686800512 2898.4519 0.4001 0.1006 -2.413 -2.338 0.101 0.068 0.996 5223.5 4.6994 16.69093 1.383422 17.313679 15.930257 "" "" 2222.89551 3996.29956 3968.03301 3.7713 1621.6 14.314 3365.5 13.683 "" "" 0.0029422133364550057 0.009981778 0.005811131 0.01579291 271.22167081093 -23.59685035215 2898.4519 -2.4130000000000007 -2.338 -2.2537000005245207 -0.8355999593734742 0.27830485 0.24530485 "" "" 33.022528143930856 "" 9.065590222811318 ""
271.35978926748 -24.00102927786 0.0712 0.0629 12.4456 "" "" 4066128694018822784 2356.31201 0.4165 0.0934 -2.798 -2.312 0.085 0.062 1.032 "" "" 16.692122 3.770018 19.06674 15.296722 "" "" 1903.53552 2874.43286 3963.67291 4.5917 322.64 8.8187 6032.1 18.598 "" "" 0.0030288225311247466 0.029807238 0.0050487183 0.034855954 271.35978926748 -24.00102927786 2356.31201 -2.798 -2.3120000000000016 -2.638700000524521 -0.809599959373474 0.26230484 0.23930484 "" "" 30.827409564900833 "" 8.02763801778481 ""
271.17971259517 -23.93147108462 0.0632 0.053 10.0498 "" "" 4066132164352495360 2800.59082 0.3491 0.0698 -0.83 -1.818 0.078 0.058 0.97 "" "" 16.694824 2.811522 18.29407 15.482548 "" "" 2296.5105 3408.73706 3953.82109 3.0744 657.34 10.971 5083.2 21.622 "" "" 0.002881759227976687 0.018334476 0.005967621 0.024302097 271.17971259517 -23.93147108462 2800.59082 -0.83 -1.818 -0.6707000005245208 -0.3155999593734742 0.25530484 0.23530485 "" "" 9.839858668163115 "" 2.4776482672834743 ""
271.10253819036 -23.76273388881 0.0678 0.0602 10.8751 "" "" 4066147724987581952 2444.48169 0.4416 0.0842 -1.793 -1.763 0.081 0.059 0.984 5056.8 4.3687 16.695377 1.446905 17.35504 15.908134 "" "" 1963.79724 3042.85449 3951.80954 2.9789 1561.0 8.7775 3434.8 12.837 "" "" 0.0028743043207866666 0.006712466 0.0055451915 0.012257658 271.10253819036 -23.76273388881 2444.48169 -1.7930000000000021 -1.7629999999999997 -1.6337000005245208 -0.260599959373474 0.25830483 0.23630485 "" "" 19.16874347079006 "" 4.941350333892517 ""
271.29315568044 -23.60492115982 0.0628 0.0544 11.8254 "" "" 4066174117594894208 2775.66968 0.3845 0.0797 -0.646 -3.705 0.081 0.055 0.967 5461.9 4.6648 16.69564 1.394632 17.310854 15.916222 "" "" 2289.56299 3537.1394 3950.84685 3.0999 1625.8 8.2477 3409.3 9.7125 "" "" 0.0028840076640241257 0.0061743474 0.004883731 0.011058078 271.29315568044 -23.60492115982 2775.66968 -0.6460000000000007 -3.705 -0.4867000005245209 -2.202599959373474 0.25830483 0.23230484 "" "" 29.677921324690963 "" 6.932152746053984 ""
271.41491569889 -23.61010439978 0.0571 0.0496 13.2402 "" "" 4066178927958082688 2839.71484 0.366 0.0705 -3.333 -5.129 0.073 0.053 0.98 "" "" 16.696316 1.571028 17.372889 15.801861 "" "" 2323.97217 3383.69653 3948.39172 2.8884 1535.5 12.384 3788.0 9.0291 "" "" 0.002867513673467837 0.009190378 0.004580535 0.013770913 271.41491569889 -23.61010439978 2839.71484 -3.333 -5.129 -3.173700000524521 -3.6265999593734737 0.25030485 0.23030485 "" "" 64.86750356564984 "" 15.515281187399536 ""
271.30028969994 -23.53726606898 0.0686 0.0681 15.8855 "" "" 4066183390397072896 3199.25806 0.365 0.1021 0.419 -0.473 0.082 0.059 0.988 5572.8 4.6398 16.701109 1.400989 17.317213 15.916225 "" "" 2397.7915 4281.35107 3931.00408 3.3802 1616.3 12.243 3409.3 17.16 "" "" 0.002909193672276602 0.00868455 0.006644401 0.015328951 271.30028969994 -23.53726606898 3199.25806 0.419 -0.473 0.5782999994754792 1.029400040626526 0.25930485 0.23630485 "" "" 17.904980447535607 "" 4.333393864616041 ""
271.20915434145 -23.58843251084 0.0708 0.0647 13.6715 "" "" 4066176896406319616 2630.86084 0.3761 0.0978 -1.141 -4.1 0.09 0.065 0.945 "" "" 16.701168 1.870692 17.61871 15.748017 "" "" 2066.46631 3331.30688 3930.79055 3.4843 1224.4 10.098 3980.6 17.843 "" "" 0.0029185649728929786 0.009379033 0.0061619384 0.015540971 271.20915434145 -23.58843251084 2630.86084 -1.141 -4.1 -0.9817000005245209 -2.5975999593734738 0.26730484 0.24230485 "" "" 34.62891655565093 "" 8.503770738472753 ""
271.28321715658 -23.8462330245 0.0595 0.0497 2.7442 "" "" 4066157075165085952 2904.07983 0.3357 0.0663 -0.068 -1.366 0.073 0.052 0.981 "" "" 16.702557 1.725512 17.526121 15.80061 "" "" 2459.9646 3492.25562 3925.76096 3.0159 1333.4 7.5181 3792.4 8.7933 "" "" 0.0028788035352144458 0.0067275735 0.0045410697 0.011268644 271.28321715658 -23.8462330245 2904.07983 -0.068 -1.3659999999999997 0.09129999947547912 0.13640004062652578 0.25030485 0.22930485 "" "" 2.2593890289773366 "" 0.5332207089532233 ""
271.03999522815 -23.67601252637 0.0614 0.0523 15.9592 "" "" 4066152161720479104 2516.36646 0.409 0.0692 -2.472 -5.482 0.07 0.051 1.052 "" "" 16.702995 1.496832 17.257431 15.760599 "" "" 2149.93872 3047.54736 3924.17751 3.5172 1707.8 16.808 3934.8 69.503 "" "" 0.0029221190006847295 0.011043976 0.019546933 0.03059091 271.03999522815 -23.67601252637 2516.36646 -2.472 -5.482 -2.312700000524521 -3.9795999593734743 0.24730486 0.22830485 "" "" 54.900289458955626 "" 12.80536596509589 ""
271.18602595858 -23.59743297546 0.0754 0.0685 13.678 "" "" 4066177622288381568 2644.97168 0.4134 0.0977 -2.724 -9.516 0.096 0.064 1.012 4661.2 4.345 16.703106 1.648281 17.48202 15.833738 "" "" 2159.35767 3349.09961 3923.78035 3.3997 1388.7 11.03 3678.4 16.921 "" "" 0.0029114846373564348 0.009063801 0.0062632803 0.015327081 271.18602595858 -23.59743297546 2644.97168 -2.724 -9.516000000000002 -2.564700000524521 -8.013599959373474 0.27330485 0.24130484 "" "" 105.48776816206508 "" 25.786968350348488 ""
271.44033185356 -23.61229992069 0.0548 0.0474 13.8742 "" "" 4066167138240506368 3103.93799 0.3132 0.0658 0.344 -2.198 0.07 0.051 0.978 5990.0 4.5491 16.704798 1.432579 17.322853 15.890274 "" "" 2669.90063 3713.29321 3917.66647 2.9717 1608.0 11.524 3491.8 14.541 "" "" 0.0028757713706935428 0.008266239 0.0058929143 0.014159154 271.44033185356 -23.61229992069 3103.93799 0.344 -2.1980000000000004 0.5032999994754791 -0.6955999593734741 0.24730486 0.22830485 "" "" 12.632091456430192 "" 2.9686304792716136 ""
271.34237713563 -23.62452679853 0.0614 0.0544 10.9498 "" "" 4066173155522117376 2487.52173 0.4244 0.08 3.404 1.282 0.074 0.054 0.971 4629.8 4.3373 16.704937 1.505808 17.404863 15.899055 "" "" 2070.90259 2989.55249 3917.16553 2.8119 1491.0 8.6255 3463.7 10.689 "" "" 0.002863429920225806 0.006872874 0.0050507593 0.0119236335 271.34237713563 -23.62452679853 2487.52173 3.404 1.282 3.563299999475479 2.784400040626526 0.25130486 0.23130485 "" "" 53.320201250616634 "" 13.005631986850148 ""
271.4268048775 -23.56441878962 0.0558 0.0482 15.9663 "" "" 4066179542106259584 2686.05273 0.3676 0.0672 0.003 -1.517 0.071 0.052 1.005 "" "" 16.706675 1.398094 17.339626 15.941532 "" "" 2262.77539 3326.99268 3910.9035 2.6402 1583.3 9.9814 3330.8 7.6109 "" "" 0.002851145208178999 0.0073915194 0.004520914 0.011912433 271.4268048775 -23.56441878962 2686.05273 0.003000000000000001 -1.517 0.16229999947547913 -0.014599959373474025 0.24830484 0.22930485 "" "" 2.0747296809771605 "" 0.5148610137229475 ""
271.55307308437 -23.74175931879 0.0619 0.053 14.576 "" "" 4066162259157002752 2386.37646 0.4552 0.079 -1.413 -3.751 0.07 0.051 0.988 9089.7 4.2902 16.70736 1.634526 17.478025 15.843499 "" "" 2065.68213 2799.99268 3908.43406 2.9051 1393.8 7.3657 3645.5 15.869 "" "" 0.002871073948304243 0.006380145 0.0060515427 0.012431688 271.55307308437 -23.74175931879 2386.37646 -1.4129999999999996 -3.7510000000000003 -1.253700000524521 -2.248599959373474 0.24730486 0.22830485 "" "" 29.121075920299056 "" 6.783776425562733 ""
271.19075123167 -23.71596082581 0.1205 0.0971 7.7455 "" "" 4066171437523537024 2730.51489 0.4296 0.1214 -2.616 -1.707 0.176 0.119 0.934 "" "" 16.708471 1.332807 16.903484 15.570677 "" "" 2053.37988 4251.43359 3904.43821 17.805 2366.0 164.64 4686.9 67.995 "" "" 0.005666203656932988 0.07560332 0.01619834 0.09180166 271.19075123167 -23.71596082581 2730.51489 -2.616 -1.7070000000000007 -2.456700000524521 -0.2045999593734742 0.35330486 0.29630485 "" "" 31.906263170400017 "" 11.261115329551318 ""
271.08894879355 -23.71416529053 0.0696 0.0594 12.5275 "" "" 4066151096568529152 3484.69775 0.3024 0.0736 1.937 -3.404 0.083 0.059 0.937 5619.0 4.5724 16.711067 1.57028 17.449364 15.879084 "" "" 2772.48828 4623.33936 3895.10941 3.1342 1431.1 8.6654 3528.0 9.9855 "" "" 0.0028905072517371763 0.0071417894 0.004871056 0.012012845 271.08894879355 -23.71416529053 3484.69775 1.9369999999999996 -3.404 2.0962999994754794 -1.901599959373474 0.26030484 0.23630485 "" "" 46.74926525290316 "" 11.675938174024042 ""
271.38749008237 -23.73982966445 0.0727 0.0662 6.2611 "" "" 4066160167540774912 2529.33887 0.4404 0.1016 -1.154 -0.583 0.092 0.067 1.033 4661.4 4.1648 16.7114 2.377389 17.85262 15.47523 "" "" 1958.71741 3300.25293 3893.92184 4.8692 987.12 30.614 5117.6 88.961 "" "" 0.0030716545087794934 0.03378783 0.019248407 0.05303624 271.38749008237 -23.73982966445 2529.33887 -1.154 -0.583 -0.9947000005245208 0.9194000406265259 0.26930484 0.24430485 "" "" 16.23943043051989 "" 4.191199373538587 ""
271.13807068614 -23.57117645612 0.0634 0.0577 16.3404 "" "" 4066176484089524864 2558.64355 0.4346 0.0859 0.605 -0.636 0.075 0.055 1.017 5157.1 4.6771 16.711885 1.398776 17.326149 15.927373 "" "" 2074.02808 3266.27759 3892.17577 3.1364 1603.1 9.9333 3374.5 15.311 "" "" 0.0028908920042035515 0.007283203 0.006209017 0.013492219 271.13807068614 -23.57117645612 2558.64355 0.605 -0.636 0.7642999994754791 0.8664000406265259 0.25230485 0.23230484 "" "" 14.011892633444868 "" 3.3805318928932007 ""
271.49057835848 -23.74609210783 0.0625 0.0574 11.203 "" "" 4066156658519636608 3167.73975 0.3146 0.0876 -1.948 -4.319 0.072 0.055 0.993 7154.4 4.33 16.712465 1.436974 17.373264 15.936291 "" "" 2515.88696 4571.8667 3890.10191 2.8227 1535.0 8.7718 3346.9 9.9137 "" "" 0.0028657377351609314 0.006802976 0.004962504 0.01176548 271.49057835848 -23.74609210783 3167.73975 -1.948 -4.319 -1.7887000005245208 -2.816599959373474 0.24930485 0.23230484 "" "" 50.09885010917409 "" 11.889220910385838 ""
271.02697579526 -23.92316399553 0.0696 0.0596 16.4503 "" "" 4066143911055903360 2504.20044 0.4209 0.0719 0.227 -2.301 0.088 0.062 1.079 "" "" 16.712563 2.135651 17.808971 15.673321 "" "" 2090.23047 3447.44702 3889.75077 2.9767 1027.6 11.308 4264.1 12.983 "" "" 0.0028778722639744457 0.012269217 0.0050211363 0.017290354 271.02697579526 -23.92316399553 2504.20044 0.22699999999999998 -2.301 0.3862999994754791 -0.7985999593734743 0.26530486 0.23930484 "" "" 10.530086084219096 "" 2.5740530841537357 ""
271.41604311932 -23.75906714882 0.069 0.0557 7.0812 "" "" 4066159132420742272 2769.5791 0.4027 0.0941 -3.046 -4.593 0.082 0.062 1.077 5421.4 3.7792 16.71262 1.865236 17.538925 15.673689 "" "" 2214.35059 4572.91455 3889.54739 3.8254 1317.8 41.976 4262.7 59.055 "" "" 0.0029550042607871963 0.03469642 0.015509213 0.050205633 271.41604311932 -23.75906714882 2769.5791 -3.046000000000004 -4.593 -2.8867000005245207 -3.090599959373474 0.25930485 0.23930484 "" "" 55.51811412054245 "" 13.81421058144185 ""
271.29427245726 -23.74462302487 0.0634 0.0554 3.4435 "" "" 4066170505494205184 2455.80469 0.4082 0.0852 -0.613 1.132 0.079 0.055 0.992 9180.1 4.3083 16.716381 1.70661 17.530092 15.823483 "" "" 2019.43628 3038.98486 3876.09618 3.1967 1328.6 10.583 3713.3 16.208 "" "" 0.0028971683368794587 0.009087405 0.006061565 0.01514897 271.29427245726 -23.74462302487 2455.80469 -0.613 1.132 -0.45370000052452086 2.6344000406265256 0.25630486 0.23230484 "" "" 31.117224563162054 "" 7.251270466999802 ""
271.08584655233 -23.67308335201 0.0721 0.0648 13.8901 "" "" 4066152019955341952 3289.14893 0.312 0.0728 -0.478 -1.204 0.077 0.061 0.957 4913.7 4.3707 16.717741 1.392992 17.344727 15.951735 "" "" 2690.25781 4066.72925 3871.24534 2.5908 1575.9 11.977 3299.6 10.654 "" "" 0.0028495203847338914 0.008710665 0.00515497 0.013865635 271.08584655233 -23.67308335201 3289.14893 -0.478 -1.204 -0.31870000052452085 0.2984000406265259 0.25430486 0.23830485 "" "" 6.806711005344243 "" 1.6809830871978135 ""
271.35403681467 -23.80499698358 0.0681 0.0622 3.1962 "" "" 4066157586247417728 2694.68384 0.395 0.0986 0.045 -1.505 0.08 0.056 0.971 5475.6 4.6775 16.718258 1.39461 17.29051 15.895901 "" "" 2193.31665 3312.12622 3869.40242 2.8236 1656.6 31.054 3473.7 29.254 "" "" 0.0028669689731997817 0.020543164 0.009893894 0.030437058 271.35403681467 -23.80499698358 2694.68384 0.04500000000000001 -1.505 0.2042999994754791 -0.0025999593734740145 0.25730485 0.23330486 "" "" 2.60969462151652 "" 0.6714774067880528 ""
271.08727024925 -23.75482434765 0.0766 0.0681 11.8 "" "" 4066150370687479680 3122.22852 0.3157 0.085 0.85 -4.49 0.094 0.066 0.979 5148.9 4.3226 16.718922 1.681958 17.517735 15.835776 "" "" 2582.01904 3870.11377 3867.03744 3.4283 1343.8 9.3125 3671.5 14.028 "" "" 0.0029186123513355528 0.008024804 0.0056118285 0.013636633 271.08727024925 -23.75482434765 3122.22852 0.85 -4.49 1.0092999994754792 -2.9875999593734743 0.27130485 0.24330485 "" "" 46.66950495752285 "" 11.49560786043975 ""
271.3590329218 -23.83123169287 0.064 0.0565 3.8838 "" "" 4066157281322637952 2589.69678 0.4296 0.0873 0.054 -1.472 0.077 0.06 0.891 5648.2 4.6503 16.719137 1.600843 17.349445 15.748602 "" "" 1993.98291 3540.32471 3866.26411 3.4528 1569.1 17.277 3978.5 71.076 "" "" 0.002920952550569078 0.012276079 0.019761473 0.032037552 271.3590329218 -23.83123169287 2589.69678 0.05400000000000001 -1.4719999999999998 0.21329999947547912 0.030400040626525904 0.25430486 0.23730485 "" "" 2.6447507487305026 "" 0.6717072283358494 ""
271.26446127063 -23.79282785851 0.0639 0.0545 1.8118 "" "" 4066158307786829312 2633.17651 0.3898 0.073 0.419 -4.197 0.081 0.058 0.901 9501.4 4.5912 16.719208 1.673761 17.501703 15.827942 "" "" 2148.43311 3448.10352 3866.01904 3.191 1363.8 10.962 3698.1 12.462 "" "" 0.002897395026619185 0.009162151 0.005260249 0.0144224 271.26446127063 -23.79282785851 2633.17651 0.41900000000000004 -4.197 0.5782999994754792 -2.694599959373474 0.25830483 0.23530485 "" "" 34.39780856628206 "" 8.130426814419478 ""
271.5101381139 -23.85296755911 0.0658 0.0584 12.1495 "" "" 4066154669982298880 2795.15088 0.3839 0.0964 0.024 -2.364 0.083 0.057 1.097 9283.4 3.7275 16.719767 2.033074 17.744053 15.710978 "" "" 2293.44702 4460.16357 3864.02952 3.592 1090.9 11.266 4118.8 12.017 "" "" 0.002934361182390001 0.011554611 0.00493136 0.01648597 271.5101381139 -23.85296755911 2795.15088 0.024 -2.364 0.18329999947547912 -0.861599959373474 0.26030484 0.23430485 "" "" 11.67082110183293 "" 2.748362991403974 ""
271.22579544256 -23.73736646881 0.1065 0.0898 5.4642 "" "" 4066170441102772864 2578.29688 0.4422 0.124 0.828 -1.233 0.139 0.119 1.611 4892.6 4.6079 16.720606 1.333098 17.276295 15.943196 "" "" 1948.51062 4436.35742 3861.04355 5.3139 1678.4 16.863 3325.7 17.571 "" "" 0.0031344333640203155 0.011259648 0.0068694795 0.018129127 271.22579544256 -23.73736646881 2578.29688 0.828 -1.2330000000000005 0.9872999994754791 0.2694000406265258 0.31630486 0.29630485 "" "" 12.507042541235839 "" 3.9392168302696198 ""
271.29957627258 -23.55628772239 0.0733 0.0745 14.7438 "" "" 4066177313050635904 2748.15771 0.4433 0.1112 -0.057 -1.885 0.085 0.062 0.986 4782.4 4.4667 16.721197 1.666374 17.512993 15.846619 "" "" 2147.81274 3350.56812 3858.94162 3.7654 1349.6 11.979 3635.1 10.696 "" "" 0.0029519747666493595 0.010032743 0.004948717 0.01498146 271.29957627258 -23.55628772239 2748.15771 -0.05700000000000008 -1.8850000000000005 0.10229999947547913 -0.38259995937347413 0.26230484 0.23930484 "" "" 5.158928544235799 "" 1.2428263136288038 ""
271.49153450277 -23.71979261842 0.0656 0.0594 11.8208 "" "" 4066165527659832320 2357.68042 0.4493 0.0885 0.612 -3.223 0.078 0.059 0.92 5222.1 4.669 16.721695 1.432019 17.37829 15.946271 "" "" 1943.18762 3117.54565 3857.16832 2.9357 1527.9 11.656 3316.3 11.438 "" "" 0.002876569873681476 0.008740158 0.0053204075 0.014060565 271.49153450277 -23.71979261842 2357.68042 0.612 -3.222999999999999 0.7712999994754791 -1.720599959373474 0.25530484 0.23630485 "" "" 21.071990050201922 "" 5.04861747551497 ""
271.09052498673 -23.77595761847 0.0703 0.0631 11.3837 "" "" 4066147347030386816 2650.77881 0.3644 0.0867 3.23 -2.932 0.086 0.062 0.871 "" "" 16.721748 3.363872 18.76546 15.401587 "" "" 2165.90698 3152.40601 3856.97826 3.9977 425.83 7.9404 5476.8 13.044 "" "" 0.0029762728776024975 0.020436952 0.0045793555 0.025016308 271.09052498673 -23.77595761847 2650.77881 3.2299999999999995 -2.931999999999999 3.389299999475479 -1.429599959373474 0.26330486 0.23930484 "" "" 46.21878799840037 "" 12.008659763917711 ""
271.26067506596 -23.76961282157 0.0654 0.0562 2.7417 "" "" 4066170093177212928 2860.92969 0.3629 0.0781 -2.114 -2.147 0.079 0.06 1.074 5021.9 4.3087 16.722069 1.633652 17.421572 15.78792 "" "" 2306.16748 3565.02686 3855.84283 3.187 1468.2 12.616 3837.0 24.792 "" "" 0.002897778417981446 0.009737843 0.007968542 0.017706385 271.26067506596 -23.76961282157 2860.92969 -2.114 -2.147 -1.9547000005245208 -0.6445999593734739 0.25630486 0.23730485 "" "" 27.911425488742385 "" 7.103570981950454 ""
271.31353770173 -23.70661838766 0.0609 0.0527 5.8039 "" "" 4066172193449353984 2432.26562 0.403 0.0801 1.397 -0.188 0.077 0.054 0.956 5478.7 4.6373 16.722103 1.395453 17.355154 15.959701 "" "" 2045.98572 2915.02539 3855.72119 2.9377 1560.8 8.8578 3275.5 10.319 "" "" 0.002876820881385572 0.0067640226 0.005097378 0.011861401 271.31353770173 -23.70661838766 2432.26562 1.397 -0.188 1.5562999994754791 1.314400040626526 0.25430486 0.23130485 "" "" 23.48543403938871 "" 5.75373825048487 ""
271.26708231335 -23.75482942782 0.063 0.0527 3.2424 "" "" 4066170471134418048 2572.21289 0.374 0.0704 0.346 1.428 0.082 0.057 0.887 "" "" 16.722221 1.968738 17.690468 15.72173 "" "" 2216.21094 3130.32373 3855.2977 3.1646 1146.1 11.314 4078.2 13.73 "" "" 0.002895870067125173 0.011075324 0.0052578654 0.016333189 271.26708231335 -23.75482942782 2572.21289 0.3460000000000004 1.428 0.5052999994754791 2.930400040626526 0.25930485 0.23430485 "" "" 36.255555715235786 "" 8.522375900294703 ""
271.2284537438 -23.93384807314 0.0633 0.053 8.7342 "" "" 4066132641061670784 2708.0188 0.3907 0.0796 -0.438 -2.008 0.08 0.059 0.933 "" "" 16.724977 2.122279 17.816854 15.694575 "" "" 2079.22119 3447.84326 3845.52524 3.3084 1020.2 9.9925 4181.5 8.2808 "" "" 0.002909347886173334 0.010994344 0.004348193 0.015342537 271.2284537438 -23.93384807314 2708.0188 -0.438 -2.008 -0.2787000005245209 -0.5055999593734741 0.25730485 0.23630485 "" "" 7.410558449719279 "" 1.7886275536251306 ""
271.53283260222 -23.85915489636 0.0699 0.0667 13.4482 "" "" 4066107768936972160 2633.26099 0.3677 0.0976 1.245 -1.573 0.085 0.062 1.076 9338.7 3.6486 16.725222 3.307753 18.694843 15.387091 "" "" 2156.24487 3464.87207 3844.65988 3.7505 454.44 10.274 5550.4 39.699 "" "" 0.002951877058040545 0.024704443 0.008636524 0.03334097 271.53283260222 -23.85915489636 2633.26099 1.245 -1.5729999999999997 1.4042999994754792 -0.07059995937347407 0.26230484 0.23930484 "" "" 17.550127963678886 "" 4.6025104082554815 ""
271.39318053796 -23.96855002324 0.0622 0.0533 11.329 "" "" 4066128865817515392 2414.90942 0.3901 0.0716 -0.381 -1.516 0.074 0.056 0.956 8454.3 3.0977 16.725613 3.372874 18.774681 15.401807 "" "" 2078.66113 2896.76245 3843.27629 3.6462 422.23 9.4194 5475.6 13.188 "" "" 0.0029415669556082454 0.024381531 0.004595862 0.028977394 271.39318053796 -23.96855002324 2414.90942 -0.381 -1.5159999999999998 -0.22170000052452088 -0.013599959373474135 0.25130486 0.23330486 "" "" 2.5424972445471528 "" 0.6387764778543723 ""
271.45196465851 -23.65273592668 0.1243 0.1102 12.3967 "" "" 4066166730238228224 3215.18481 0.3822 0.115 -0.517 -1.807 0.176 0.116 0.958 "" "" 16.72674 "" "" "" "" "" 2397.47021 5778.70166 3839.29177 8.5508 "" "" "" "" "" "" 0.003665944588179129 "" "" "" 271.45196465851 -23.65273592668 3215.18481 -0.5170000000000001 -1.807 -0.3577000005245209 -0.30459995937347406 0.35330486 0.29330486 "" "" 7.160038926580047 "" 2.358650838779931 ""
271.06462129709 -23.88456324482 0.062 0.0508 13.6254 "" "" 4066144426452126592 2659.74976 0.3496 0.0648 -0.152 -0.772 0.077 0.053 0.977 "" "" 16.728262 2.20376 17.861738 15.657978 "" "" 2265.90967 3151.12793 3833.91378 3.0794 978.86 9.9025 4324.8 11.583 "" "" 0.0028900318369806184 0.011332548 0.0047686063 0.016101155 271.06462129709 -23.88456324482 2659.74976 -0.15200000000000002 -0.772 0.00729999947547913 0.7304000406265259 0.25430486 0.23030485 "" "" 9.208769417007762 "" 2.120847503573005 ""
271.16008970867 -23.74357333833 0.0672 0.0581 8.2403 "" "" 4066147832393312384 3009.83032 0.3266 0.0783 -0.797 -3.117 0.085 0.058 1.049 9480.5 4.1612 16.728546 1.584799 17.465769 15.88097 "" "" 2461.42651 3868.70361 3832.90599 3.246 1409.6 11.145 3521.8 9.8864 "" "" 0.002904693115851793 0.009026432 0.004855234 0.013881667 271.16008970867 -23.74357333833 3009.83032 -0.7970000000000007 -3.117 -0.6377000005245209 -1.6145999593734741 0.26230484 0.23530485 "" "" 24.766392351248832 "" 5.922295526267491 ""
271.52857197476 -23.91725199977 0.0659 0.0597 14.5195 "" "" 4066107249215079808 2461.41724 0.4271 0.0964 0.501 -2.033 0.083 0.059 1.007 9332.7 4.3046 16.73013 1.750132 17.563414 15.813282 "" "" 1995.16956 3252.71655 3827.32036 3.7439 1288.4 10.053 3748.4 27.563 "" "" 0.002952928221315362 0.008919324 0.008833085 0.017752409 271.52857197476 -23.91725199977 2461.41724 0.501 -2.0329999999999995 0.6602999994754791 -0.530599959373474 0.26030484 0.23630485 "" "" 9.882898608038573 "" 2.4822042140083735 ""
271.44587495673 -23.66305627909 0.0627 0.0548 11.7194 "" "" 4066166695891107456 2372.80054 0.4109 0.0762 -3.35 -2.215 0.074 0.055 0.988 4849.2 4.3437 16.731184 1.415426 17.373419 15.957993 "" "" 2023.09888 2840.59082 3823.60578 2.6606 1534.8 10.581 3280.7 16.096 "" "" 0.002857019412721023 0.007988253 0.0065314434 0.014519696 271.44587495673 -23.66305627909 2372.80054 -3.350000000000002 -2.215 -3.190700000524521 -0.712599959373474 0.25130486 0.23230484 "" "" 36.77013431545246 "" 9.20852127934242 ""
271.45605480613 -23.65859222301 0.0619 0.054 12.3048 "" "" 4066166661531361152 3000.88989 0.3478 0.078 -1.6 -4.208 0.073 0.054 1.016 5532.4 4.6657 16.732296 1.450894 17.38468 15.933785 "" "" 2416.15918 3846.77246 3819.68917 3.0814 1519.0 7.9776 3354.6 13.13 "" "" 0.0028911856075626388 0.0063481955 0.005687077 0.012035273 271.45605480613 -23.65859222301 3000.88989 -1.6000000000000019 -4.208 -1.440700000524521 -2.7055999593734743 0.25030485 0.23130485 "" "" 43.60108625580147 "" 10.273896530596941 ""
271.18141481571 -23.56571544966 0.0829 0.0743 15.5099 "" "" 4066177927198561152 2546.04053 0.4423 0.1073 -6.64 5.116 0.1 0.072 1.227 4791.0 4.3465 16.73385 1.595395 17.454374 15.858979 "" "" 1999.92944 3828.13818 3814.22914 5.7833 1424.5 10.318 3593.9 15.155 "" "" 0.0032096567469002465 0.008344549 0.005936794 0.014281343 271.18141481571 -23.56571544966 2546.04053 -6.6399999999999935 5.116 -6.4807000005245206 6.6184000406265255 0.27730486 0.24930485 "" "" 111.78772306277753 "" 29.44295505326713 ""
271.57242977464 -23.90404324736 0.1188 0.1192 16.363 "" "" 4066106635065554944 3378.05859 0.4672 0.1994 -2.976 -2.931 0.136 0.107 1.029 "" "" 16.734198 "" "" "" "" "" 2086.22778 7526.00537 3813.00462 10.623 "" "" "" "" "" "" 0.0040916402705238695 "" "" "" 271.57242977464 -23.90404324736 3378.05859 -2.976000000000001 -2.9309999999999996 -2.816700000524521 -1.4285999593734742 0.31330484 0.28430486 "" "" 50.57028134347321 "" 15.555104375536535 ""
271.53321394378 -23.9650333699 0.0676 0.0602 16.2847 "" "" 4066104813977767808 3184.3479 0.3213 0.0948 -2.552 4.389 0.084 0.063 1.022 "" "" 16.736652 3.138011 18.485846 15.347835 "" "" 2549.46362 4223.19238 3804.39637 6.0085 550.91 21.223 5754.7 71.373 "" "" 0.0032453364282835897 0.041919354 0.01398622 0.055905573 271.53321394378 -23.9650333699 3184.3479 -2.552 4.389 -2.392700000524521 5.891400040626526 0.26130486 0.24030486 "" "" 95.97764690718867 "" 23.35984538859287 ""
271.18951360527 -23.76097400982 0.0615 0.0518 6.3389 "" "" 4066171020890203136 2863.9436 0.3519 0.0658 -4.164 -7.288 0.082 0.056 1.035 5736.7 4.6119 16.73671 1.360196 17.346424 15.986228 "" "" 2354.70386 3456.13989 3804.19386 2.856 1573.4 14.429 3196.4 15.291 "" "" 0.0028733612508965024 0.010340389 0.0064234734 0.016763862 271.18951360527 -23.76097400982 2863.9436 -4.164000000000001 -7.288000000000001 -4.004700000524521 -5.785599959373474 0.25930485 0.23330486 "" "" 95.51965085399053 "" 23.118892821225472 ""
271.24652640833 -23.88089319667 0.0628 0.0536 5.4548 "" "" 4066133470022548608 2586.76978 0.4044 0.0758 1.198 -1.15 0.077 0.057 0.958 5016.3 4.2872 16.736862 1.647487 17.514725 15.867238 "" "" 2130.06323 3164.6792 3803.66035 2.9885 1347.5 13.868 3566.7 14.158 "" "" 0.002884352311468805 0.011517105 0.005732218 0.017249323 271.24652640833 -23.88089319667 2586.76978 1.1980000000000004 -1.15 1.357299999475479 0.35240004062652597 0.25430486 0.23430485 "" "" 17.194021781324007 "" 4.3516103396460215 ""
271.52720914932 -23.71874884616 0.0653 0.0585 13.6485 "" "" 4066162534035041152 2647.2583 0.4006 0.0924 -1.556 -1.414 0.079 0.056 1.004 5601.4 4.646 16.737513 1.555475 17.46507 15.909596 "" "" 2095.46436 3358.28833 3801.38357 2.748 1410.5 10.602 3430.2 15.235 "" "" 0.00286492841054469 0.00862471 0.0061267903 0.0147515 271.52720914932 -23.71874884616 2647.2583 -1.5560000000000003 -1.4139999999999997 -1.396700000524521 0.08840004062652596 0.25630486 0.23330486 "" "" 17.560865766411087 "" 4.499395765112242 ""
271.2156662572 -23.59773622572 0.0764 0.0702 13.0243 "" "" 4066176827686793216 2393.4873 0.4387 0.1083 -0.304 -0.701 0.095 0.067 1.116 4998.2 4.7076 16.737694 1.536943 17.445105 15.908161 "" "" 1841.99622 2995.15454 3800.75184 5.1379 1436.7 11.356 3434.7 10.75 "" "" 0.0031218525886744994 0.009024085 0.005082443 0.014106527 271.2156662572 -23.59773622572 2393.4873 -0.304 -0.7009999999999995 -0.14470000052452087 0.8014000406265259 0.27230483 0.24430485 "" "" 9.239005317114742 "" 2.2657528882675733 ""
271.24858972338 -23.59552572256 0.0692 0.066 12.658 "" "" 4066176763294831104 3332.85889 0.394 0.0924 -0.019 -2.2 0.083 0.061 0.992 "" "" 16.739298 2.238071 17.905785 15.667713 "" "" 2559.68555 5601.31055 3795.13542 3.6003 939.95 12.712 4286.2 16.987 "" "" 0.0029415441741609196 0.014946371 0.005727067 0.020673439 271.24858972338 -23.59552572256 3332.85889 -0.01899999999999999 -2.2 0.14029999947547914 -0.6975999593734743 0.26030484 0.23830485 "" "" 11.24118278016876 "" 2.688867660022178 ""
271.16912013446 -23.95462487227 0.0631 0.0513 11.5001 "" "" 4066131270999290624 2702.69507 0.3488 0.0672 -2.467 -4.781 0.076 0.055 0.964 "" "" 16.739592 3.191309 18.635578 15.444269 "" "" 2289.22095 3415.16797 3794.11104 3.2368 479.94 10.744 5265.6 18.902 "" "" 0.0029068429658623616 0.02446506 0.0054290053 0.029894065 271.16912013446 -23.95462487227 2702.69507 -2.4670000000000005 -4.781 -2.307700000524521 -3.278599959373474 0.25330484 0.23230484 "" "" 51.36257502542987 "" 12.29959714590527 ""
271.21446270804 -23.7496974088 0.0628 0.0526 5.463 "" "" 4066170406743031680 3324.40088 0.3048 0.0704 -0.272 -2.181 0.084 0.06 1.041 "" "" 16.747086 1.885694 17.515078 15.629384 "" "" 2790.90527 4119.26025 3768.01383 5.2629 1347.1 12.709 4440.2 48.447 "" "" 0.003145076090096563 0.010616416 0.012434724 0.023051139 271.21446270804 -23.7496974088 3324.40088 -0.272 -2.181 -0.1127000005245209 -0.6785999593734742 0.26130486 0.23730485 "" "" 10.83961179456241 "" 2.579617928580636 ""
271.18296789268 -23.58164476609 0.1382 0.1324 14.6048 "" "" 4066177691010325504 3189.17773 0.5349 0.1941 -1.085 -0.216 0.152 0.124 1.083 4564.1 2.5378 16.74714 4.653753 19.877352 15.223598 "" "" 2093.07812 4644.30469 3767.82279 6.5382 152.92 9.8544 6452.4 11.658 "" "" 0.003337877680065858 0.07002211 0.0042581563 0.07428027 271.18296789268 -23.58164476609 3189.17773 -1.0849999999999993 -0.2159999999999999 -0.9257000005245208 1.286400040626526 0.32930484 0.30130485 "" "" 23.957686943192233 "" 7.454213623269611 ""
271.177896248 -23.73920365935 0.0709 0.0563 7.4956 "" "" 4066171089619025792 2738.88281 0.3821 0.0798 1.624 -0.216 0.091 0.058 1.047 5485.1 4.6659 16.748058 1.425404 17.35773 15.932327 "" "" 2276.84399 3884.74609 3764.64021 3.5841 1557.1 17.641 3359.1 23.905 "" "" 0.0029428316835612375 0.012613212 0.008601426 0.021214638 271.177896248 -23.73920365935 2738.88281 1.624 -0.21600000000000003 1.7832999994754792 1.286400040626526 0.26830485 0.23530485 "" "" 28.546266139268575 "" 7.350285037273003 ""
271.51692288461 -23.75875090192 0.0669 0.0612 12.4093 "" "" 4066156422329060992 2345.80347 0.465 0.0889 -1.313 -2.996 0.08 0.059 0.952 4769.2 4.3066 16.74827 1.774077 17.61869 15.844614 "" "" 1815.52759 3364.86719 3763.90241 2.853 1224.4 11.262 3641.8 10.857 "" "" 0.0028756009106336335 0.010369026 0.004976013 0.015345039 271.51692288461 -23.75875090192 2345.80347 -1.3129999999999986 -2.995999999999999 -1.1537000005245208 -1.4935999593734741 0.25730485 0.23630485 "" "" 20.984985086259858 "" 5.1279657311357525 ""
271.21185447694 -23.98445336811 0.0605 0.0487 11.879 "" "" 4066131026153786752 2430.1355 0.3908 0.0659 -0.338 -6.14 0.074 0.054 0.95 4775.0 3.5324 16.749638 2.407485 18.052242 15.644757 "" "" 2107.16699 2834.55664 3759.16997 3.1912 821.33 12.673 4377.8 15.008 "" "" 0.002905392867848807 0.016983509 0.005304523 0.022288032 271.21185447694 -23.98445336811 2430.1355 -0.33799999999999997 -6.140000000000004 -0.1787000005245209 -4.637599959373474 0.25130486 0.23130485 "" "" 53.45942608499311 "" 12.367078332939345 ""
271.18573226756 -23.78848439965 0.0609 0.0521 6.1026 "" "" 4066146694195288320 2843.24634 0.3629 0.0668 -0.172 -0.058 0.078 0.055 0.981 5034.6 4.5017 16.752008 1.496768 17.449083 15.952315 "" "" 2440.8374 3469.71704 3750.969 2.8201 1431.5 9.6858 3297.9 7.9825 "" "" 0.002873694738182731 0.0078583155 0.0046032732 0.012461589 271.18573226756 -23.78848439965 2843.24634 -0.17200000000000001 -0.05800000000000005 -0.01270000052452086 1.4444000406265258 0.25530484 0.23230484 "" "" 19.466913955916276 "" 4.52229468179045 ""
271.20261613422 -23.81041372037 0.0601 0.0508 5.1461 "" "" 4066146488036741376 2561.49072 0.3899 0.0661 -0.783 -2.565 0.078 0.054 1.028 5640.4 4.589 16.752222 1.490955 17.423786 15.932831 "" "" 2176.12036 3119.01001 3750.23096 2.9291 1465.2 9.0116 3357.6 15.648 "" "" 0.0028828646868214896 0.007237211 0.0063156756 0.013552886 271.20261613422 -23.81041372037 2561.49072 -0.7830000000000007 -2.565 -0.6237000005245209 -1.062599959373474 0.25530484 0.23130485 "" "" 14.959746404403255 "" 3.5557166547346255 ""
271.08260296927 -23.69344746859 0.0663 0.0581 13.4033 "" "" 4066151921202267904 3116.62061 0.3349 0.0689 -0.624 -2.773 0.077 0.057 1.042 5657.5 4.6008 16.753534 1.427089 17.400106 15.973018 "" "" 2478.36475 4108.45117 3745.69711 2.5325 1497.5 9.7872 3235.6 9.9207 "" "" 0.0028514307256844317 0.007624881 0.0050364537 0.012661334 271.08260296927 -23.69344746859 3116.62061 -0.6240000000000007 -2.773 -0.4647000005245209 -1.2705999593734743 0.25430486 0.23430485 "" "" 19.986270716443723 "" 4.731796729981341 ""
271.35404701871 -23.65305410278 0.0715 0.0628 9.4899 "" "" 4066172777564933888 3226.64038 0.3244 0.0919 -2.984 -5.332 0.086 0.062 1.06 4718.3 2.9058 16.753744 3.120586 18.579975 15.459389 "" "" 2476.55981 4333.04492 3744.97476 3.9139 505.16 9.4803 5192.8 35.394 "" "" 0.0029798250920375566 0.020566076 0.008309569 0.028875645 271.35404701871 -23.65305410278 3226.64038 -2.984 -5.332 -2.824700000524521 -3.829599959373474 0.26330486 0.23930484 "" "" 72.78012954158179 "" 18.051394777662544 ""
271.26284866231 -23.72233912015 0.0638 0.0551 5.1125 "" "" 4066170784700127232 2883.70898 0.3546 0.0807 1.834 -0.899 0.082 0.056 0.99 5096.5 4.5014 16.754566 1.526771 17.47227 15.945498 "" "" 2373.45923 3400.95361 3742.14268 5.9394 1401.2 11.809 3318.6 14.757 "" "" 0.003249824051850469 0.009566284 0.0061313403 0.015697625 271.26284866231 -23.72233912015 2883.70898 1.8340000000000003 -0.899 1.9932999994754792 0.6034000406265259 0.25930485 0.23330486 "" "" 28.466975648877565 "" 7.322371795510835 ""
271.47961632448 -23.97906436385 0.0735 0.0595 14.6438 "" "" 4066105187630538496 2834.92554 0.3739 0.0872 -0.057 -2.062 0.089 0.058 1.063 8358.3 4.2542 16.754923 1.965439 17.72782 15.762381 "" "" 2296.44238 3424.55347 3740.91561 3.7221 1107.4 8.6059 3928.3 9.2355 "" "" 0.0029595243101923152 0.008886912 0.0045606373 0.013447549 271.47961632448 -23.97906436385 2834.92554 -0.056999999999999995 -2.062 0.10229999947547913 -0.559599959373474 0.26630485 0.23530485 "" "" 7.6442685068621765 "" 1.8068830922408083 ""
271.21119229953 -23.9479149739 0.0631 0.0542 9.9125 "" "" 4066132606701880192 2709.01025 0.3863 0.0775 -0.281 -2.655 0.078 0.056 1.022 "" "" 16.755045 1.687831 17.549068 15.861238 "" "" 2279.77271 3195.82446 3740.49251 2.9382 1305.5 8.6204 3586.4 19.207 "" "" 0.0028842948240323553 0.0076930793 0.006934993 0.014628072 271.21119229953 -23.9479149739 2709.01025 -0.281 -2.6549999999999994 -0.1217000005245209 -1.152599959373474 0.25530484 0.23330486 "" "" 14.882472965382021 "" 3.4759313889995993 ""
271.25476875607 -23.77542127325 0.0655 0.0556 2.7647 "" "" 4066170058817476224 3140.70093 0.3084 0.0739 -0.522 -0.893 0.079 0.057 0.95 4730.6 4.2964 16.755949 1.583342 17.50553 15.922188 "" "" 2543.68262 4033.96167 3737.37585 2.8717 1359.0 10.97 3390.7 13.418 "" "" 0.0028788476272998678 0.009197607 0.0057222648 0.014919871 271.25476875607 -23.77542127325 3140.70093 -0.5220000000000007 -0.8930000000000005 -0.3627000005245209 0.6094000406265259 0.25630486 0.23430485 "" "" 10.557333689165066 "" 2.536443110750952 ""
271.09574261268 -23.78119775332 0.0741 0.0667 11.0599 "" "" 4066147351356991360 2353.16064 0.4443 0.0911 -0.012 -0.237 0.092 0.068 1.068 "" "" 16.759085 1.853827 17.609337 15.75551 "" "" 1968.92883 2902.74902 3726.59872 3.9559 1235.0 31.87 3953.2 24.946 "" "" 0.0029866609574481667 0.028156733 0.007824627 0.03598136 271.09574261268 -23.78119775332 2353.16064 -0.011999999999999999 -0.237 0.14729999947547912 1.2654000406265258 0.26930484 0.24530485 "" "" 14.209553141012176 "" 3.490451374945221 ""
271.28862385658 -23.57744130562 0.0754 0.0719 13.4791 "" "" 4066177106892183040 2542.43848 0.5126 0.1112 7.208 -0.451 0.088 0.066 0.959 5056.0 4.7079 16.759153 1.503041 17.461607 15.958566 "" "" 1808.88867 4000.1731 3726.36209 2.8226 1415.1 11.689 3278.9 10.735 "" "" 0.002875438785566709 0.009392395 0.005188385 0.01458078 271.28862385658 -23.57744130562 2542.43848 7.207999999999986 -0.45099999999999973 7.367299999475479 1.0514000406265258 0.26530486 0.24330485 "" "" 89.68406277663983 "" 23.755838578811364 ""
271.42257036982 -23.76639948028 0.0707 0.0592 7.2749 "" "" 4066159136735390336 2602.28394 0.3977 0.094 0.294 1.303 0.085 0.061 1.013 4609.0 4.2851 16.759157 1.805622 17.642033 15.83641 "" "" 2136.31445 3378.4646 3726.35371 3.3856 1198.4 10.236 3669.4 15.18 "" "" 0.002926581052527141 0.00968434 0.0058701104 0.01555445 271.42257036982 -23.76639948028 2602.28394 0.29400000000000026 1.303 0.4532999994754791 2.805400040626526 0.26230484 0.23830485 "" "" 35.05294114505039 "" 8.375739145561717 ""
271.54449957526 -23.65146124989 0.0622 0.0532 16.3716 "" "" 4066166176167645568 2603.99561 0.3867 0.0749 -0.327 -1.829 0.071 0.052 1.051 5517.2 4.627 16.759861 1.463158 17.435896 15.972738 "" "" 2180.24683 3210.73364 3723.93733 2.3275 1449.0 8.5632 3236.4 7.746 "" "" 0.0028376544298136415 0.0069968095 0.004586552 0.011583362 271.54449957526 -23.65146124989 2603.99561 -0.3270000000000001 -1.8289999999999997 -0.1677000005245209 -0.3265999593734741 0.24830484 0.22930485 "" "" 4.53157062539278 "" 1.0576541268400066 ""
271.3024917371 -23.56932524406 0.073 0.0798 13.9648 "" "" 4066177209971390464 3358.16528 0.3467 0.1208 -5.283 -5.244 0.09 0.063 0.935 4495.4 4.3327 16.76423 1.748975 17.597956 15.848981 "" "" 2444.41992 5831.11621 3708.97735 3.2878 1248.1 7.1769 3627.2 8.0976 "" "" 0.002918576369060597 0.006838378 0.004489863 0.011328241 271.3024917371 -23.56932524406 3358.16528 -5.2830000000000075 -5.244 -5.123700000524521 -3.741599959373474 0.26730484 0.24030486 "" "" 100.9888554193534 "" 26.078820986015987 ""
271.18052001109 -23.91675997758 0.0666 0.0566 9.3544 "" "" 4066133637494155008 3044.60107 0.3342 0.0777 0.887 -0.946 0.082 0.058 0.948 "" "" 16.766191 1.756138 17.608961 15.852823 "" "" 2466.20825 4057.08838 3702.29038 3.312 1235.5 9.0294 3614.3 16.549 "" "" 0.0029215018399395935 0.008411147 0.006244819 0.014655966 271.18052001109 -23.91675997758 3044.60107 0.887 -0.9460000000000002 1.0462999994754791 0.5564000406265259 0.25930485 0.23530485 "" "" 17.10182679690637 "" 4.3474358954122465 ""
271.3602134493 -23.98768430676 0.0707 0.0644 11.6865 "" "" 4066128792770773632 2345.68481 0.4564 0.0965 1.471 0.159 0.085 0.058 0.994 "" "" 16.76758 2.25878 17.933826 15.675047 "" "" 1911.60596 3166.69653 3697.55311 3.4856 915.98 10.943 4257.4 16.393 "" "" 0.0029392753576752287 0.013267737 0.0056357007 0.018903438 271.3602134493 -23.98768430676 2345.68481 1.471 0.15899999999999997 1.6302999994754792 1.661400040626526 0.26230484 0.23530485 "" "" 25.88049835715966 "" 6.4420700563836215 ""
271.49516756919 -23.92453480498 0.0715 0.0654 13.1758 "" "" 4066106016590294656 3467.7085 0.3087 0.1045 -0.076 0.633 0.087 0.061 1.066 8795.2 4.0541 16.768093 2.829914 18.381657 15.551743 "" "" 2746.68701 4571.55713 3695.80883 3.3927 606.39 7.554 4769.4 23.841 "" "" 0.002930047967703378 0.013810168 0.0066135824 0.020423751 271.49516756919 -23.92453480498 3467.7085 -0.076 0.6330000000000001 0.08329999947547913 2.135400040626526 0.26430485 0.23830485 "" "" 35.12613409985341 "" 8.372191442122833 ""
271.35374149856 -23.64728716753 0.0681 0.0607 9.811 "" "" 4066172983723373184 3040.58105 0.3742 0.0908 -0.822 -1.056 0.082 0.062 1.028 "" "" 16.769335 1.314216 17.113478 15.799262 "" "" 2273.10352 4134.6333 3691.58524 3.6799 1950.0 77.534 3797.1 92.993 "" "" 0.002960263731441898 0.043260057 0.0268575 0.070117556 271.35374149856 -23.64728716753 3040.58105 -0.8219999999999992 -1.056 -0.6627000005245208 0.44640004062652583 0.25930485 0.23930484 "" "" 11.515861385744872 "" 2.9161848308810825 ""
271.09477644982 -23.72199328786 0.0712 0.0606 12.0428 "" "" 4066150989162955008 2946.35571 0.3518 0.0752 0.265 -3.173 0.082 0.059 1.034 5055.4 4.3822 16.769857 1.587851 17.513124 15.925274 "" "" 2303.19385 3812.13989 3689.80532 3.048 1349.5 10.9 3381.0 11.591 "" "" 0.002897617762206581 0.009202732 0.0053045754 0.014507307 271.09477644982 -23.72199328786 2946.35571 0.265 -3.173 0.42429999947547914 -1.6705999593734742 0.25930485 0.23630485 "" "" 24.071883525263818 "" 5.72337728615887 ""
271.25043327047 -23.59625827386 0.0941 0.0878 12.5945 "" "" 4066176763294827008 2443.86987 0.4776 0.1257 -0.841 -1.737 0.114 0.086 1.574 4622.7 4.3716 16.770964 1.475988 17.195427 15.719439 "" "" 1942.65527 3317.74341 3686.05007 5.9205 1808.2 36.198 4086.8 46.462 "" "" 0.003260824220655509 0.021913499 0.012909147 0.034822647 271.25043327047 -23.59625827386 2443.86987 -0.8410000000000011 -1.737 -0.6817000005245208 -0.23459995937347422 0.29130486 0.26330486 "" "" 8.351308300170002 "" 2.4090901427352334 ""
271.16180307733 -23.67493863201 0.0722 0.0616 10.6003 "" "" 4066174559943707776 2531.63306 0.4372 0.083 0.431 -1.712 0.085 0.06 1.002 5156.3 4.6897 16.771341 1.415732 17.38091 15.965179 "" "" 2098.67212 3095.11523 3684.76686 3.2256 1524.2 10.415 3259.0 15.339 "" "" 0.0029146399383387475 0.007926264 0.006355923 0.014282187 271.16180307733 -23.67493863201 2531.63306 0.43100000000000044 -1.7120000000000006 0.5902999994754792 -0.2095999593734741 0.26230484 0.23730485 "" "" 7.516851671886707 "" 1.9515664407087685 ""
271.24250100047 -23.71287616672 0.0673 0.0582 6.0986 "" "" 4066171605006023040 2633.62476 0.395 0.0812 -0.244 -2.518 0.09 0.059 0.951 5337.0 4.6777 16.772854 1.418342 17.389053 15.970712 "" "" 2218.58203 3324.80396 3679.64084 3.1524 1512.8 14.253 3242.5 14.809 "" "" 0.002908091660744403 0.010603073 0.0062347963 0.016837869 271.24250100047 -23.71287616672 2633.62476 -0.244 -2.5179999999999993 -0.08470000052452087 -1.015599959373474 0.26730484 0.23630485 "" "" 12.722135842147303 "" 3.0092038416164746 ""
271.2087904234 -23.71254357223 0.0641 0.0529 7.1898 "" "" 4066171265724760448 2780.72119 0.3786 0.0744 -0.096 -3.102 0.084 0.054 0.94 4887.4 4.3484 16.772963 1.428281 17.328 15.899718 "" "" 2269.45508 3742.51709 3679.26913 3.2649 1600.4 21.979 3461.6 67.184 "" "" 0.00291891074978273 0.015169701 0.021408604 0.036578305 271.2087904234 -23.71254357223 2780.72119 -0.09600000000000009 -3.102000000000002 0.06329999947547912 -1.599599959373474 0.26130486 0.23130485 "" "" 21.100218544056194 "" 4.881636764361945 ""
271.44851102792 -23.76274665463 0.0637 0.0574 8.7033 "" "" 4066159476018092032 2412.36865 0.4337 0.0816 1.011 -1.085 0.077 0.058 0.964 "" "" 16.774122 1.605809 17.532358 15.926549 "" "" 2014.30835 3051.75269 3675.34242 2.7267 1325.8 10.069 3377.1 18.355 "" "" 0.002870647076588672 0.008705068 0.007007638 0.015712706 271.44851102792 -23.76274665463 2412.36865 1.011 -1.085 1.170299999475479 0.4174000406265259 0.25430486 0.23530485 "" "" 14.20761028304401 "" 3.583618684917075 ""
271.27845053796 -23.71129790114 0.0679 0.0623 5.5256 "" "" 4066170887779338112 3380.75879 0.3729 0.0922 0.52 0.798 0.084 0.066 0.941 "" "" 16.776283 1.798715 17.22707 15.428355 "" "" 2379.84253 5015.88037 3668.03728 7.8177 1756.3 54.613 5343.4 124.31 "" "" 0.0035981299065390997 0.03387659 0.025539983 0.059416573 271.27845053796 -23.71129790114 3380.75879 0.52 0.7979999999999999 0.6792999994754791 2.300400040626526 0.26130486 0.24330485 "" "" 38.43710024929692 "" 9.409301576523895 ""
271.07049638977 -23.68530102719 0.0675 0.0589 14.2227 "" "" 4066151989921761920 3159.5271 0.3215 0.0699 -2.267 -4.734 0.078 0.057 0.971 4699.1 4.2888 16.777699 1.636751 17.531807 15.895056 "" "" 2645.81226 3911.64209 3663.25518 2.6081 1326.5 14.852 3476.4 26.14 "" "" 0.0028616994153178167 0.012472413 0.008996318 0.02146873 271.07049638977 -23.68530102719 3159.5271 -2.267 -4.734 -2.107700000524521 -3.231599959373474 0.25530484 0.23430485 "" "" 57.78087936810532 "" 13.911544761628821 ""
271.23317052985 -23.75699343803 0.0659 0.0549 4.3767 "" "" 4066170333695456384 3451.28638 0.319 0.0735 2.303 0.239 0.087 0.059 1.104 5449.3 4.6389 16.778477 1.323124 17.366205 16.043081 "" "" 2713.06909 4818.15527 3660.63418 2.5624 1545.0 8.9339 3033.4 9.4292 "" "" 0.002858214987132988 0.00687031 0.0050669643 0.011937274 271.23317052985 -23.75699343803 3451.28638 2.303 0.23900000000000002 2.462299999475479 1.7414000406265258 0.26430485 0.23630485 "" "" 49.33670380545689 "" 12.596198088831445 ""
271.25227643705 -23.89845566755 0.064 0.054 6.2634 "" "" 4066133362616320768 3170.67725 0.3138 0.0794 -1.139 -3.405 0.078 0.059 0.975 "" "" 16.77869 1.732054 17.605486 15.873432 "" "" 2518.88013 4592.2334 3659.91379 3.2097 1239.4 10.138 3546.4 13.768 "" "" 0.002915206903689286 0.009309048 0.005661339 0.014970386 271.25227643705 -23.89845566755 3170.67725 -1.139 -3.405 -0.9797000005245209 -1.902599959373474 0.25530484 0.23630485 "" "" 32.16242831892792 "" 7.732210219725843 ""
271.16875270383 -23.77180852101 0.0665 0.0572 7.2123 "" "" 4066147523139920128 2888.073 0.3822 0.0763 -0.443 -0.496 0.097 0.068 1.076 5394.0 4.6488 16.779997 1.529032 17.382175 15.853144 "" "" 2323.60425 3543.42456 3655.50847 3.5957 1522.5 8.9334 3613.3 130.87 "" "" 0.0029550556743918157 0.006954871 0.03950544 0.04646031 271.16875270383 -23.77180852101 2888.073 -0.443 -0.49599999999999994 -0.2837000005245209 1.0064000406265259 0.27430487 0.24530485 "" "" 14.314015775393027 "" 3.5435142819391774 ""
271.47660914312 -23.6189813854 0.0613 0.0529 14.8027 "" "" 4066167245646948608 2726.83765 0.3699 0.0729 -2.031 -1.926 0.073 0.056 0.948 5356.8 4.6429 16.784912 1.437607 17.464024 16.026417 "" "" 2343.02954 3387.29395 3638.9992 2.9185 1411.9 12.823 3080.3 10.442 "" "" 0.0028896409523109005 0.0102479 0.0052754446 0.015523344 271.47660914312 -23.6189813854 2726.83765 -2.031000000000001 -1.9259999999999997 -1.871700000524521 -0.42359995937347406 0.25030485 0.23330486 "" "" 24.803939630035526 "" 6.188666782396056 ""
271.26238281513 -23.54955055037 0.0731 0.0715 15.2582 "" "" 4066177553568871680 3215.78833 0.3893 0.1051 -0.222 -1.74 0.087 0.064 0.995 5222.2 4.7264 16.787174 1.4849 17.442648 15.957748 "" "" 2235.51074 4518.45508 3631.42788 3.2185 1440.0 8.8704 3281.4 13.081 "" "" 0.002918521476130224 0.0072468063 0.0057460363 0.012992842 271.26238281513 -23.54955055037 3215.78833 -0.22199999999999998 -1.74 -0.06270000052452088 -0.2375999593734741 0.26430485 0.24130484 "" "" 3.7456780193720483 "" 0.9097072980060802 ""
271.44882169004 -23.64141653447 0.0615 0.054 12.7821 "" "" 4066167039488522112 2449.9397 0.4217 0.0785 -0.95 -4.883 0.072 0.055 0.981 5199.2 4.6308 16.788725 1.464521 17.469812 16.005291 "" "" 2086.78906 3176.38037 3626.24406 2.5913 1404.4 10.606 3140.8 11.328 "" "" 0.0028624731680586355 0.008661186 0.005442279 0.014103465 271.44882169004 -23.64141653447 2449.9397 -0.9500000000000001 -4.883 -0.7907000005245208 -3.380599959373474 0.24930485 0.23230484 "" "" 40.317468182816384 "" 9.402722207975987 ""
271.2788830036 -23.54499288668 0.0724 0.0714 15.4484 "" "" 4066177519209116800 3158.66895 0.3315 0.1051 3.158 -0.419 0.085 0.063 0.925 5496.4 4.6755 16.789051 1.49054 17.460403 15.969864 "" "" 2455.81421 4124.64697 3625.15256 2.9189 1416.6 14.164 3245.0 13.462 "" "" 0.002890681184161312 0.01120866 0.005879769 0.017088428 271.2788830036 -23.54499288668 3158.66895 3.158 -0.41899999999999993 3.317299999475479 1.0834000406265258 0.26230484 0.24030486 "" "" 52.248596256173684 "" 13.59850415329176 ""
271.15788762974 -23.57835998048 0.1304 0.1201 15.4127 "" "" 4066176419697618560 2345.82788 0.5826 0.1882 -0.107 0.403 0.155 0.11 1.993 4979.1 4.7781 16.791492 1.472954 17.387268 15.914314 "" "" 1609.7052 4685.27051 3617.01325 5.9359 1515.3 14.548 3415.3 19.991 "" "" 0.0032812539360049294 0.010790834 0.00739408 0.018184915 271.15788762974 -23.57835998048 2345.82788 -0.10700000000000004 0.40299999999999997 0.05229999947547913 1.905400040626526 0.33230484 0.28730485 "" "" 21.194549727190378 "" 6.090071105885685 ""
271.49671009395 -23.73769616078 0.0644 0.0606 11.6816 "" "" 4066156692879420288 2625.0498 0.4351 0.0899 -2.074 -3.492 0.078 0.06 0.925 4907.8 4.3486 16.792435 1.596989 17.539825 15.942837 "" "" 2035.4989 3857.03027 3613.87502 2.6924 1316.7 9.2636 3326.8 13.659 "" "" 0.002871601687979184 0.008132294 0.0058442564 0.01397655 271.49671009395 -23.73769616078 2625.0498 -2.0740000000000003 -3.492000000000001 -1.9147000005245207 -1.9895999593734741 0.25530484 0.23730485 "" "" 34.357690866445125 "" 8.45625323305892 ""
271.42840654221 -23.69763464267 0.0667 0.0604 9.5999 "" "" 4066160717297362560 2773.99609 0.4407 0.0914 -0.268 -5.516 0.077 0.058 1.03 "" "" 16.795172 1.451596 17.428871 15.977275 "" "" 2052.39233 4795.69238 3604.77697 3.2462 1458.4 9.9297 3222.9 19.012 "" "" 0.002923654433880555 0.007901405 0.007436742 0.015338147 271.42840654221 -23.69763464267 2773.99609 -0.26800000000000046 -5.516 -0.10870000052452089 -4.013599959373474 0.25430486 0.23530485 "" "" 52.79313904555946 "" 12.423246380538425 ""
271.18112285735 -23.70890224384 0.0736 0.0575 8.4222 "" "" 4066171501926853504 2947.11792 0.3284 0.0821 -0.569 0.558 0.092 0.057 0.856 4666.8 4.1815 16.795391 1.996383 17.805862 15.80948 "" "" 2334.63892 3606.45215 3604.04347 3.3543 1030.6 15.478 3761.5 16.343 "" "" 0.002934774101184737 0.016543051 0.006044568 0.02258762 271.18112285735 -23.70890224384 2947.11792 -0.5689999999999993 0.558 -0.4097000005245208 2.0604000406265257 0.26930484 0.23430485 "" "" 29.345928705898224 "" 6.917750153629341 ""
271.24573713452 -23.58808327615 0.0713 0.0676 13.1273 "" "" 4066176969453278976 3176.03711 0.3253 0.0942 -0.979 -3.664 0.085 0.062 0.945 4813.1 4.3361 16.795485 1.493227 17.48979 15.996563 "" "" 2522.58472 4441.79443 3603.73695 2.8516 1378.8 14.528 3166.2 11.788 "" "" 0.002886156073815611 0.011775413 0.0055338717 0.017309284 271.24573713452 -23.58808327615 3176.03711 -0.9789999999999999 -3.664 -0.8197000005245209 -2.1615999593734743 0.26230484 0.23930484 "" "" 34.80280921472403 "" 8.433292830297335 ""
271.25621405375 -23.69360636955 0.0698 0.0595 6.8589 "" "" 4066171708085326720 3095.62329 0.341 0.0887 1.502 -3.163 0.092 0.064 1.094 5402.2 4.6304 16.796234 1.606343 17.5438 15.937457 "" "" 2510.28931 4041.45972 3601.24602 3.1499 1311.9 11.692 3343.3 11.372 "" "" 0.0029143857035566333 0.010070608 0.005284163 0.015354771 271.25621405375 -23.69360636955 3095.62329 1.5020000000000016 -3.1629999999999994 1.6612999994754791 -1.660599959373474 0.26930484 0.24130484 "" "" 34.46656541048132 "" 8.812904366796996 ""
271.38493692927 -23.63405736921 0.0647 0.0594 11.2004 "" "" 4066172910676448000 2422.10522 0.4444 0.0891 -0.144 -3.495 0.083 0.059 0.927 5244.6 4.6699 16.796818 1.436411 17.457855 16.021444 "" "" 1969.23267 3355.64648 3599.31371 2.6708 1420.0 11.897 3094.4 12.739 "" "" 0.0028706898096069354 0.00951478 0.0058534085 0.015368188 271.38493692927 -23.63405736921 2422.10522 -0.14400000000000016 -3.4949999999999997 0.015299999475479137 -1.9925999593734742 0.26030484 0.23630485 "" "" 22.87727362558348 "" 5.406044711347603 ""
271.41620321318 -23.71131932709 0.069 0.0625 8.5581 "" "" 4066160614217378944 2528.30835 0.4025 0.0939 -2.764 -5.062 0.078 0.057 0.967 5154.9 4.6822 16.796852 1.498735 17.48779 15.989054 "" "" 2069.31616 3226.17603 3599.20139 2.7532 1381.3 9.326 3188.1 12.761 "" "" 0.0028777719405273924 0.00784352 0.00575937 0.01360289 271.41620321318 -23.71131932709 2528.30835 -2.7640000000000007 -5.061999999999999 -2.6047000005245207 -3.5595999593734744 0.25530484 0.23430485 "" "" 52.85990598282292 "" 12.783384601905734 ""
271.32916910358 -23.58927013641 0.0744 0.0614 12.8936 "" "" 4066174216346712704 2477.57471 0.4592 0.0959 0.725 -0.723 0.097 0.064 1.003 4894.1 4.5715 16.797064 1.455435 17.462389 16.006954 "" "" 1927.21289 3559.89209 3598.4986 18.71 1414.0 21.796 3136.0 49.347 "" "" 0.0062816950224974365 0.016966991 0.017497797 0.034464788 271.32916910358 -23.58927013641 2477.57471 0.725 -0.723 0.8842999994754791 0.7794000406265259 0.27430487 0.24130484 "" "" 13.842887999396737 "" 3.6045824396371207 ""
271.27024063006 -23.90811852981 0.0641 0.0548 6.5214 "" "" 4066133160784881792 2702.19824 0.374 0.0802 0.355 -2.933 0.077 0.056 1.011 "" "" 16.804789 2.192297 17.936457 15.74416 "" "" 2297.00073 3369.68848 3572.98908 3.0977 913.76 8.847 3994.8 23.016 "" "" 0.0029116749707539325 0.010876059 0.0073085213 0.01818458 271.27024063006 -23.90811852981 2702.19824 0.3550000000000001 -2.933 0.5142999994754791 -1.430599959373474 0.25430486 0.23330486 "" "" 19.47183430511501 "" 4.5915183061976474 ""
271.29697649334 -23.9929132347 0.0757 0.0628 11.4553 "" "" 4066128517892849792 2644.46265 0.3923 0.0919 0.19 -0.605 0.096 0.071 1.055 9274.6 3.7276 16.805103 2.035253 17.819147 15.783895 "" "" 2187.14282 3648.41455 3571.95187 2.9008 1018.0 16.129 3851.2 15.967 "" "" 0.0028929639353071513 0.01742701 0.005877644 0.023304654 271.29697649334 -23.9929132347 2644.46265 0.18999999999999984 -0.605 0.34929999947547913 0.8974000406265259 0.27330485 0.24830484 "" "" 12.070760937164549 "" 3.038645003395768 ""
271.24669242243 -23.65894692928 0.0758 0.0637 8.9985 "" "" 4066172017332738816 2740.69092 0.3902 0.0958 -0.803 -2.297 0.106 0.068 1.027 9084.1 4.4691 16.805428 1.543635 17.508099 15.964463 "" "" 2136.39087 3432.1377 3570.88635 3.4293 1355.7 16.144 3261.2 15.519 "" "" 0.002946011634032936 0.013226843 0.006401421 0.019628264 271.24669242243 -23.65894692928 2740.69092 -0.803 -2.2969999999999997 -0.6437000005245209 -0.7945999593734743 0.28330484 0.24530485 "" "" 13.284646752355869 "" 3.4676119702433077 ""
271.10639464105 -23.69792808764 0.0788 0.0693 12.1371 "" "" 4066151130928268160 3164.64648 0.3725 0.0763 -1.183 -4.859 0.094 0.068 1.063 5292.5 4.6606 16.80611 1.452158 17.463339 16.01118 "" "" 2364.36328 4419.77588 3568.64157 2.9018 1412.8 10.81 3123.8 11.992 "" "" 0.0028933061270346627 0.008763519 0.005626397 0.014389916 271.10639464105 -23.69792808764 3164.64648 -1.1829999999999987 -4.859 -1.023700000524521 -3.356599959373474 0.27130485 0.24530485 "" "" 52.640002679458796 "" 13.034912331092487 ""
271.26075826873 -23.64150046122 0.0701 0.0602 9.8213 "" "" 4066173533479328768 2806.70386 0.4052 0.0918 0.48 3.28 0.099 0.061 1.066 5163.5 4.5862 16.808338 1.396187 17.430872 16.034685 "" "" 2191.22607 3529.30103 3561.32667 3.2719 1455.7 14.191 3056.9 15.96 "" "" 0.0029303231654698096 0.010945965 0.006812986 0.01775895 271.26075826873 -23.64150046122 2806.70386 0.4799999999999999 3.2800000000000002 0.6392999994754791 4.782400040626525 0.27630484 0.23830485 "" "" 64.1899343072205 "" 15.342940349038695 ""
271.30723607516 -24.00785563446 0.1715 0.1435 12.3673 "" "" 4066128453500666752 2937.84424 0.4665 0.2157 -0.347 0.105 0.208 0.155 1.201 "" "" 16.814404 6.205467 21.2941 15.088633 "" "" 2025.70935 4472.14648 3541.48562 10.687 41.474 6.1889 7306.4 37.221 "" "" 0.0042809431514932005 0.16204149 0.006698987 0.16874047 271.30723607516 -24.00785563446 2937.84424 -0.34700000000000003 0.10500000000000007 -0.18770000052452085 1.6074000406265259 0.38530487 0.33230484 "" "" 22.53575192584085 "" 7.506068045739056 ""
271.06793362176 -23.69729969011 0.0726 0.0623 14.0075 "" "" 4066151818123060736 3028.68579 0.3635 0.0772 -0.072 -2.545 0.082 0.058 1.064 4624.2 4.2311 16.814798 1.547655 17.549278 16.001623 "" "" 2479.58496 4131.17236 3540.19848 2.6869 1305.3 12.711 3151.4 13.253 "" "" 0.002875905249321522 0.010934854 0.0059272246 0.01686208 271.06793362176 -23.69729969011 3028.68579 -0.072 -2.5449999999999995 0.08729999947547913 -1.042599959373474 0.25930485 0.23530485 "" "" 15.01991303727565 "" 3.5368951451500656 ""
271.29766999584 -23.7775603142 0.0713 0.0627 1.4692 "" "" 4066158651393843456 2608.01709 0.4285 0.0936 -0.711 -2.454 0.086 0.062 0.965 "" "" 16.815437 1.515856 17.50493 15.989075 "" "" 2112.0918 3630.74854 3538.11294 3.5849 1359.7 8.8262 3188.1 11.96 "" "" 0.002966815704150691 0.00758003 0.0055564153 0.013136445 271.29766999584 -23.7775603142 2608.01709 -0.711 -2.454 -0.5517000005245208 -0.9515999593734743 0.26330486 0.23930484 "" "" 13.597725573551841 "" 3.339102815450412 ""
271.1194968189 -23.82932952651 0.0701 0.0604 9.8213 "" "" 4066146114406359936 2692.48218 0.3749 0.0838 -5.89 -4.985 0.097 0.063 1.012 "" "" 16.81577 1.794339 17.681374 15.887034 "" "" 2148.81787 3365.18091 3537.03398 2.9625 1155.8 11.693 3502.2 16.834 "" "" 0.0029015088980335582 0.011333014 0.006443571 0.017776584 271.1194968189 -23.82932952651 2692.48218 -5.890000000000005 -4.985 -5.7307000005245206 -3.4825999593734744 0.27430487 0.24030486 "" "" 85.58346120419037 "" 22.727879136540636 ""
271.25688449858 -23.6931311119 0.0713 0.0599 6.8744 "" "" 4066171712401198848 3197.78662 0.3596 0.0863 -7.128 1.702 0.096 0.061 1.017 "" "" 16.816545 1.45529 17.481983 16.026693 "" "" 2409.11011 4502.72656 3534.50514 2.771 1388.7 13.172 3079.5 17.668 "" "" 0.002883805254622016 0.010669632 0.0072860494 0.017955681 271.25688449858 -23.6931311119 3197.78662 -7.128 1.702 -6.968700000524521 3.204400040626526 0.27330485 0.23830485 "" "" 116.2601256007133 "" 31.102619759461433 ""
271.45281737193 -23.91166258856 0.0734 0.0663 10.8367 "" "" 4066152878947653760 3224.35449 0.3478 0.1011 0.477 -0.729 0.093 0.065 1.046 "" "" 16.819971 1.897147 17.746208 15.849061 "" "" 2453.18652 4190.00244 3523.37013 3.097 1088.8 8.5209 3626.9 12.957 "" "" 0.002915916907533621 0.008943306 0.0054155816 0.014358887 271.45281737193 -23.91166258856 3224.35449 0.477 -0.7290000000000001 0.6362999994754791 0.7734000406265259 0.27030486 0.24230485 "" "" 15.306541412732857 "" 3.887540669028084 ""
271.50404243777 -23.87454957608 0.0746 0.0712 12.2242 "" "" 4066154562574988160 2617.32349 0.4 0.119 1.634 -0.577 0.098 0.062 0.985 8271.1 3.8898 16.820232 3.302841 18.717226 15.414385 "" "" 1970.92126 3168.78687 3522.5228 6.0875 445.17 13.313 5412.6 63.316 "" "" 0.0033335277974668306 0.032589067 0.013251211 0.04584028 271.50404243777 -23.87454957608 2617.32349 1.6339999999999997 -0.577 1.793299999475479 0.9254000406265259 0.27530485 0.23930484 "" "" 25.0354325928282 "" 6.71290120259855 ""
271.17885860472 -23.7265073292 0.0726 0.0588 7.863 "" "" 4066171330128053632 3267.55615 0.3351 0.082 -0.014 -0.872 0.09 0.061 0.994 8940.6 4.2326 16.822252 2.102342 17.893839 15.791497 "" "" 2643.37598 4044.93555 3515.97455 2.9015 950.35 8.552 3824.4 17.394 "" "" 0.002897340176780093 0.010160907 0.00621841 0.016379317 271.17885860472 -23.7265073292 3267.55615 -0.014000000000000002 -0.8719999999999997 0.1452999994754791 0.6304000406265259 0.26730484 0.23830485 "" "" 10.019766251114444 "" 2.4032584901017913 ""
271.09439204393 -23.76335667254 0.0727 0.0653 11.3044 "" "" 4066150306294505344 2384.11304 0.4019 0.0889 -1.087 -3.897 0.089 0.063 0.987 5281.5 4.6607 16.822819 1.554397 17.543686 15.989289 "" "" 2010.98059 2864.49634 3514.13885 2.8809 1312.0 10.836 3187.4 12.453 "" "" 0.0028955221122290635 0.00939131 0.0056813336 0.015072644 271.09439204393 -23.76335667254 2384.11304 -1.087 -3.8969999999999994 -0.9277000005245208 -2.394599959373474 0.26630485 0.24030486 "" "" 29.020433834785475 "" 7.07678492447425 ""
271.1747652132 -23.87396320217 0.0727 0.0625 7.9277 "" "" 4066134118530660608 2369.95703 0.4411 0.0876 -0.306 -5.444 0.091 0.064 1.063 4797.3 4.3135 16.823866 1.782183 17.695435 15.913252 "" "" 1999.95239 2791.16943 3510.75216 2.783 1140.9 9.3226 3418.7 18.273 "" "" 0.0028866147279905203 0.009300249 0.006925441 0.01622569 271.1747652132 -23.87396320217 2369.95703 -0.3059999999999998 -5.443999999999998 -0.14670000052452087 -3.941599959373474 0.26830485 0.24130484 "" "" 44.30899956232008 "" 10.693723588853894 ""
271.43632534275 -23.89748289249 0.0953 0.0872 9.6022 "" "" 4066153158140054528 2459.42212 0.542 0.1332 0.446 -0.73 0.12 0.085 1.376 "" "" 16.825077 2.127526 17.884315 15.756789 "" "" 1713.58557 3340.09326 3506.84281 3.3432 958.72 8.5274 3948.6 20.56 "" "" 0.0029433250545105433 0.010052148 0.006800283 0.016852431 271.43632534275 -23.89748289249 2459.42212 0.446 -0.7299999999999999 0.6052999994754791 0.7724000406265259 0.29730484 0.26230484 "" "" 11.43990150410083 "" 3.159066817208453 ""
271.49139708485 -23.72240129019 0.0694 0.0616 11.7493 "" "" 4066165523332283264 2486.8208 0.4343 0.0923 1.079 0.819 0.082 0.062 0.997 5493.1 4.6842 16.826841 1.413414 17.466589 16.053175 "" "" 2043.80042 3120.39746 3501.14734 2.3951 1408.6 9.4264 3005.3 11.721 "" "" 0.002853673778189614 0.0077831014 0.0056757936 0.013458895 271.49139708485 -23.72240129019 2486.8208 1.0790000000000002 0.819 1.238299999475479 2.321400040626526 0.25930485 0.23930484 "" "" 31.01327084524407 "" 7.563410918526025 ""
271.14252991399 -23.62418812167 0.0793 0.0692 13.5943 "" "" 4066175968702568320 3172.47021 0.3511 0.1 -1.045 -2.353 0.093 0.066 1.072 "" "" 16.82709 1.367445 17.213053 15.845608 "" "" 2440.00659 4248.92578 3500.34805 4.4821 1779.1 12.086 3638.4 26.242 "" "" 0.0030861949911101887 0.007885863 0.008695198 0.016581062 271.14252991399 -23.62418812167 3172.47021 -1.045 -2.3530000000000006 -0.8857000005245208 -0.8505999593734743 0.27030486 0.24330485 "" "" 18.46606558762124 "" 4.758773721510959 ""
271.35799338651 -23.74177216018 0.0667 0.0583 4.9677 "" "" 4066160098808687360 2927.99731 0.3499 0.0886 -1.573 -4.02 0.083 0.061 0.917 7099.5 4.322 16.827322 1.589083 17.570465 15.981382 "" "" 2318.81274 3783.21753 3499.5941 2.8379 1280.1 7.8956 3210.7 12.484 "" "" 0.0028925729167538845 0.007254779 0.0056661926 0.012920972 271.35799338651 -23.74177216018 2927.99731 -1.573 -4.02 -1.4137000005245208 -2.5175999593734737 0.26030484 0.23830485 "" "" 40.072846940994665 "" 9.768148888190124 ""
271.52486446271 -23.6535546574 0.06 0.0522 15.4105 "" "" 4066166347966324992 2923.12842 0.3447 0.0729 -2.774 5.384 0.072 0.056 0.959 4988.7 4.419 16.828308 1.510817 17.520998 16.010181 "" "" 2441.60815 3663.09961 3496.42093 2.5048 1339.7 11.091 3126.7 10.14 "" "" 0.0028630016050667784 0.009411603 0.0051654372 0.01457704 271.52486446271 -23.6535546574 2923.12842 -2.774 5.384000000000002 -2.614700000524521 6.886400040626526 0.24930485 0.23330486 "" "" 102.06169497075952 "" 24.023358320584343 ""
271.26416422026 -23.56680305719 0.1155 0.1062 14.2189 "" "" 4066177381770149888 3063.15088 0.459 0.1494 -1.455 -3.582 0.134 0.096 1.38 "" "" 16.830406 1.609005 17.205902 15.596897 "" "" 2068.05298 4704.6167 3489.6684 6.2813 1790.8 71.226 4575.1 102.55 "" "" 0.0033780246800517483 0.04327334 0.024628285 0.067901626 271.26416422026 -23.56680305719 3063.15088 -1.4549999999999996 -3.5819999999999994 -1.295700000524521 -2.079599959373474 0.31130487 0.27330485 "" "" 35.575554857561336 "" 10.11921564298251 ""
271.38456159801 -23.71526620823 0.0659 0.0576 7.126 "" "" 4066160266301626368 2551.26245 0.4115 0.0842 0.668 -3.717 0.077 0.058 1.017 "" "" 16.83114 1.61616 17.59316 15.977 "" "" 2150.41187 3193.67603 3487.31165 2.7918 1253.6 12.588 3223.7 11.766 "" "" 0.002889167964238985 0.01125377 0.0054760613 0.016729832 271.38456159801 -23.71526620823 2551.26245 0.6680000000000003 -3.7170000000000014 0.8272999994754792 -2.214599959373474 0.25430486 0.23530485 "" "" 28.58879193434254 "" 6.795934385978473 ""
271.30154796566 -23.83936369881 0.0636 0.0519 2.2634 "" "" 4066157109524021504 2661.52588 0.3779 0.0732 -1.568 -1.31 0.078 0.058 0.963 6285.9 4.4519 16.831306 1.703545 17.647564 15.944019 "" "" 2279.25635 3165.10474 3486.77442 2.9196 1192.3 10.582 3323.2 9.563 "" "" 0.002901430406310204 0.010032033 0.00490361 0.0149356425 271.30154796566 -23.83936369881 2661.52588 -1.568 -1.31 -1.408700000524521 0.19240004062652583 0.25530484 0.23530485 "" "" 17.93663247436828 "" 4.572992821880402 ""
271.4254997213 -23.82374553258 0.0654 0.0573 7.2323 "" "" 4066155906933011584 3190.12207 0.3104 0.0898 0.413 -0.664 0.08 0.058 0.971 7157.1 4.3196 16.833982 1.77559 17.696716 15.921126 "" "" 2603.19434 4222.53955 3478.1908 3.0371 1139.5 8.9046 3394.0 17.365 "" "" 0.0029138605134505966 0.00893147 0.006718795 0.015650265 271.4254997213 -23.82374553258 3190.12207 0.4129999999999998 -0.664 0.5722999994754792 0.8384000406265258 0.25730485 0.23530485 "" "" 15.349611993419774 "" 3.7224963325093956 ""
271.22397960978 -23.82672232709 0.0741 0.0652 4.2178 "" "" 4066134668286663296 2770.43652 0.3642 0.0765 -0.744 -4.215 0.092 0.066 1.037 5387.0 4.6608 16.83472 1.411612 17.478216 16.066605 "" "" 2359.57861 3515.67188 3475.83257 2.5603 1393.6 11.125 2968.4 10.287 "" "" 0.0028690408853063853 0.009105381 0.005333015 0.014438396 271.22397960978 -23.82672232709 2770.43652 -0.7440000000000001 -4.215 -0.5847000005245209 -2.712599959373474 0.26930484 0.24330485 "" "" 36.43962977880931 "" 8.910140753719956 ""
271.53102124081 -23.63985428574 0.0636 0.0542 16.1691 "" "" 4066166382326134016 2607.82422 0.3711 0.0741 -0.171 -1.461 0.076 0.058 1.024 5713.1 4.6588 16.835377 1.454096 17.498749 16.044653 "" "" 2251.81396 3131.25464 3473.73036 2.6941 1367.5 8.2789 3029.0 13.97 "" "" 0.0028811197017603023 0.0071407678 0.006273662 0.0134144295 271.53102124081 -23.63985428574 2607.82422 -0.171 -1.461 -0.011700000524520887 0.0414000406265258 0.25330484 0.23530485 "" "" 0.531793058164289 "" 0.12586638646099224 ""
271.39679719553 -23.56923372407 0.0619 0.0536 15.0256 "" "" 4066179993098136448 2622.98682 0.3819 0.0725 0.348 -3.293 0.079 0.057 0.938 5415.1 4.5584 16.83549 1.338306 17.385843 16.047537 "" "" 2213.34302 3363.19214 3473.37237 2.8799 1517.3 17.228 3020.9 15.979 "" "" 0.002898653444641734 0.012639667 0.006874997 0.019514665 271.39679719553 -23.56923372407 2622.98682 0.3479999999999999 -3.293 0.5072999994754791 -1.7905999593734743 0.25630486 0.23430485 "" "" 23.138670933035325 "" 5.460958491522744 ""
271.36780366588 -23.9591503628 0.0676 0.0582 10.2211 "" "" 4066129106335693184 2989.21655 0.3428 0.0742 0.126 -2.347 0.08 0.059 1.011 8601.5 3.0602 16.835915 2.298848 18.046467 15.747619 "" "" 2489.41187 4126.37939 3472.01061 2.7764 825.72 8.2869 3982.1 17.382 "" "" 0.002888871717496337 0.011247973 0.00606172 0.017309694 271.36780366588 -23.9591503628 2989.21655 0.126 -2.347 0.2852999994754791 -0.8445999593734741 0.25730485 0.23630485 "" "" 12.631347158246959 "" 3.0130893197223143 ""
271.24931727841 -23.59983379528 0.074 0.0695 12.3968 "" "" 4066176728935086080 2522.75977 0.4391 0.1027 -0.099 -0.691 0.091 0.065 1.019 5066.3 4.7436 16.837893 1.376165 17.46298 16.086815 "" "" 2007.12512 3422.46655 3465.69211 2.9769 1413.3 11.59 2913.6 13.168 "" "" 0.00290887347777945 0.0093307 0.0061937203 0.015524421 271.24931727841 -23.59983379528 2522.75977 -0.099 -0.6910000000000001 0.06029999947547912 0.8114000406265259 0.26830485 0.24230485 "" "" 9.729381642263617 "" 2.3589398294414416 ""
271.29747066992 -24.00180153088 0.1578 0.1365 11.9887 "" "" 4066128522220493824 3408.03052 0.4077 0.1908 0.049 -3.228 0.199 0.146 2.542 9168.3 4.2939 16.83827 2.19785 17.895983 15.698132 "" "" 2331.98779 5612.48682 3464.48285 17.349 948.47 12.31 4167.8 42.26 "" "" 0.006095317581007555 0.014365125 0.0116396425 0.026004769 271.29747066992 -24.00180153088 3408.03052 0.04899999999999994 -3.228 0.20829999947547911 -1.7255999593734743 0.37630486 0.32330483 "" "" 28.077809640450386 "" 9.100786456224666 ""
271.03917813191 -23.71579146191 0.0665 0.0598 15.0171 "" "" 4066151474525683456 3165.32056 0.3372 0.0818 -2.396 -0.982 0.079 0.058 0.962 5388.1 4.6649 16.840107 1.486786 17.5386 16.051815 "" "" 2496.2124 4850.01074 3458.63114 2.5183 1318.2 9.548 3009.1 13.554 "" "" 0.0028664880143852863 0.008344516 0.0061806897 0.014525206 271.03917813191 -23.71579146191 3165.32056 -2.3960000000000004 -0.982 -2.236700000524521 0.5204000406265259 0.25630486 0.23530485 "" "" 34.454932835517816 "" 8.795260233081105 ""
271.23152606479 -23.71087732806 0.0713 0.0602 6.5107 "" "" 4066171574974173440 3233.68506 0.3496 0.0867 -0.612 -1.876 0.095 0.062 0.972 4932.0 4.3765 16.840553 1.413704 17.468689 16.054985 "" "" 2441.04004 4441.92529 3457.20988 3.0398 1405.9 11.082 3000.3 12.119 "" "" 0.002916014996280346 0.009001651 0.005789385 0.014791036 271.23152606479 -23.71087732806 3233.68506 -0.6120000000000003 -1.8760000000000012 -0.45270000052452086 -0.373599959373474 0.27230483 0.23930484 "" "" 8.996625406269507 "" 2.334097700560711 ""
271.14271004909 -23.61217773592 0.082 0.0731 14.1613 "" "" 4066176076089224192 3173.50635 0.3384 0.0955 0.711 -1.439 0.101 0.069 0.908 4528.2 4.2777 16.84132 1.340406 17.441483 16.101076 "" "" 2551.50488 4163.37402 3454.76657 3.0037 1441.5 7.55 2875.6 9.8006 "" "" 0.0029125392695184046 0.006334277 0.0052892985 0.011623575 271.14271004909 -23.61217773592 3173.50635 0.711 -1.439 0.8702999994754791 0.06340004062652582 0.27830485 0.24630484 "" "" 13.126109678871856 "" 3.6509694778274397 ""
271.24782706836 -23.68746552258 0.0831 0.07 7.3616 "" "" 4066171781120767488 2713.46948 0.4523 0.1036 -0.458 -3.183 0.126 0.074 0.918 5909.4 4.607 16.841595 1.405391 17.351744 15.946353 "" "" 2032.94727 3894.04102 3453.89551 3.7181 1565.7 31.133 3316.0 30.533 "" "" 0.00299296801986879 0.021768762 0.010687757 0.032456517 271.24782706836 -23.68746552258 2713.46948 -0.4579999999999993 -3.182999999999999 -0.2987000005245209 -1.680599959373474 0.30330485 0.25130486 "" "" 21.95437473008348 "" 5.555683122822798 ""
271.4480684777 -23.70187356112 0.1809 0.1703 10.2915 "" "" 4066159995742054656 3050.2417 0.5848 0.2631 -2.128 -7.429 0.209 0.17 2.596 4504.1 4.3833 16.841982 1.633411 17.456802 15.823392 "" "" 1918.92224 6294.09082 3452.66051 16.511 1421.3 10.84 3713.7 12.566 "" "" 0.005877906604232753 0.008738151 0.005270718 0.0140088685 271.4480684777 -23.70187356112 3050.2417 -2.1279999999999974 -7.429 -1.968700000524521 -5.926599959373474 0.38630486 0.34730485 "" "" 90.29151525927028 "" 31.726123609602865 ""
271.14977095164 -23.76518166626 0.0736 0.0616 8.322 "" "" 4066147587548612224 2964.4834 0.3549 0.0784 1.563 -5.542 0.099 0.069 1.07 4747.4 4.3446 16.84294 1.540001 17.55377 16.01377 "" "" 2457.11108 3734.73047 3449.61775 2.6309 1299.9 11.638 3116.4 10.816 "" "" 0.0028770574675018664 0.010113107 0.0053369757 0.015450083 271.14977095164 -23.76518166626 2964.4834 1.5629999999999993 -5.542 1.722299999475479 -4.039599959373474 0.27630484 0.24630484 "" "" 61.70688741579374 "" 15.49784979532206 ""
271.22828362774 -23.73643829892 0.0783 0.0673 5.4092 "" "" 4066170436774788096 3086.89917 0.336 0.0857 -1.386 -5.262 0.105 0.073 1.14 5263.8 4.6681 16.844706 1.479728 17.464752 15.985024 "" "" 2404.76172 4091.6853 3444.01198 3.8431 1411.0 11.903 3200.0 26.643 "" "" 0.0030099240446646173 0.009574681 0.009798019 0.0193727 271.22828362774 -23.73643829892 3086.89917 -1.3860000000000001 -5.262 -1.2267000005245208 -3.7595999593734737 0.28230485 0.25030485 "" "" 57.864288527242856 "" 14.672039202650458 ""
271.18283616794 -23.82235603434 0.0697 0.0591 6.3258 "" "" 4066146384957467520 2421.46533 0.4083 0.083 0.901 0.375 0.089 0.063 1.176 5296.6 4.6945 16.844782 1.447283 17.494663 16.04738 "" "" 1969.95874 2969.41309 3443.77042 2.8835 1372.6 9.1658 3021.4 15.011 "" "" 0.0029014214175545074 0.0077685663 0.0065864213 0.014354987 271.18283616794 -23.82235603434 2421.46533 0.9010000000000001 0.37500000000000017 1.0602999994754791 1.8774000406265259 0.26630485 0.24030486 "" "" 24.747433039153247 "" 6.108746040794031 ""
271.43432389415 -23.75709026153 0.093 0.0811 8.0634 "" "" 4066159171108260224 2704.68945 0.3967 0.1185 0.687 -0.575 0.107 0.084 1.13 4594.4 2.5701 16.845013 4.094358 19.432657 15.338299 "" "" 2042.87769 3499.01465 3443.03907 6.1572 230.33 10.893 5805.5 17.527 "" "" 0.0033707122586370416 0.051423483 0.0050028176 0.0564263 271.43432389415 -23.75709026153 2704.68945 0.6869999999999999 -0.5749999999999998 0.8462999994754792 0.9274000406265259 0.28430486 0.26130486 "" "" 16.09586912513896 "" 4.378021649691937 ""
271.31652686966 -23.75040387627 0.0766 0.064 3.296 "" "" 4066158793151325696 2581.39331 0.4467 0.0937 1.563 0.451 0.096 0.064 0.907 5087.3 4.514 16.845049 1.598397 17.569504 15.971107 "" "" 1992.16663 3459.01587 3442.91923 3.2749 1281.2 8.7976 3241.3 13.722 "" "" 0.002942509706237364 0.0079604145 0.0059507205 0.0139111355 271.31652686966 -23.75040387627 2581.39331 1.5630000000000015 0.45100000000000007 1.722299999475479 1.953400040626526 0.27330485 0.24130484 "" "" 31.86502506323356 "" 8.150878406401024 ""
271.06338053981 -23.66970791545 0.0636 0.055 15.0369 "" "" 4066152230439946880 2492.0542 0.3988 0.0706 -0.192 -0.852 0.073 0.053 0.944 5389.9 4.6739 16.84567 1.392673 17.464085 16.071411 "" "" 2123.02344 3012.59277 3440.9514 2.3704 1411.8 11.785 2955.2 15.21 "" "" 0.0028550315693492067 0.009482948 0.0067461804 0.016229128 271.06338053981 -23.66970791545 2492.0542 -0.192 -0.8520000000000006 -0.03270000052452088 0.6504000406265259 0.25030485 0.23030485 "" "" 7.692448311323456 "" 1.7720128793493304 ""
271.16445649939 -23.76704074634 0.0698 0.0606 7.5157 "" "" 4066147518829132416 2706.86719 0.3927 0.0752 4.137 1.904 0.093 0.063 0.985 5624.9 4.6273 16.846527 1.501892 17.501244 15.999351 "" "" 2312.70703 3243.82471 3438.23716 3.5953 1364.3 8.1331 3158.0 24.179 "" "" 0.0029800624769249413 0.0070482627 0.00913167 0.016179932 271.16445649939 -23.76704074634 2706.86719 4.137 1.9039999999999981 4.296299999475479 3.406400040626526 0.27030486 0.24030486 "" "" 70.34811334505896 "" 18.229800654073475 ""
271.157887249 -23.81244331833 0.0691 0.0586 7.6024 "" "" 4066146556764810240 2988.59229 0.3635 0.0784 1.5 0.31 0.092 0.062 0.973 "" "" 16.848417 1.678296 17.64589 15.967593 "" "" 2437.8186 3766.53491 3432.25572 2.9516 1194.2 9.1274 3251.8 12.033 "" "" 0.0029092205694271553 0.008754912 0.0055159233 0.014270835 271.157887249 -23.81244331833 2988.59229 1.5 0.31 1.6592999994754791 1.812400040626526 0.26930484 0.23930484 "" "" 34.809204579169915 "" 8.821532665410745 ""
271.29280943476 -23.72508343904 0.0875 0.0775 4.6178 "" "" 4066170681620865536 3282.5625 0.3256 0.1114 0.487 -2.776 0.116 0.09 1.133 "" "" 16.850023 1.726036 17.504404 15.778368 "" "" 2322.12158 4517.95801 3427.1814 3.903 1360.4 14.043 3870.9 33.236 "" "" 0.003020043536207277 0.011549815 0.010059236 0.02160905 271.29280943476 -23.72508343904 3282.5625 0.487 -2.776 0.6462999994754791 -1.273599959373474 0.29330486 0.26730484 "" "" 22.221887216126053 "" 6.062818824344072 ""
271.48682472789 -23.8001624999 0.0794 0.0681 10.4814 "" "" 4066155803840166912 3211.62451 0.3422 0.091 0.556 -0.93 0.098 0.07 0.964 4871.4 3.5571 16.850775 2.849102 18.390572 15.54147 "" "" 2563.7854 4151.42627 3424.81442 3.6234 601.43 9.8436 4814.7 22.942 "" "" 0.0029851770941768047 0.017987948 0.006406954 0.024394901 271.48682472789 -23.8001624999 3211.62451 0.5559999999999999 -0.9299999999999995 0.7152999994754792 0.5724000406265258 0.27530485 0.24730486 "" "" 13.946353046435393 "" 3.6919752563449064 ""
271.18635876113 -23.78301501265 0.0769 0.0688 6.1212 "" "" 4066146801585334016 2781.66968 0.3595 0.0719 -0.958 -0.247 0.105 0.073 0.944 "" "" 16.850851 "" "" "" "" "" 2376.57202 3375.98926 3424.57071 12.613 "" "" "" "" "" "" 0.0048562019609330225 "" "" "" 271.18635876113 -23.78301501265 2781.66968 -0.9580000000000009 -0.24700000000000005 -0.7987000005245208 1.255400040626526 0.28230485 0.25030485 "" "" 19.618594742813155 "" 5.099453129864533 ""
271.40600781457 -23.58089791402 0.0668 0.0585 14.58 "" "" 4066179232868548224 3157.79761 0.3328 0.0818 -1.133 -4.618 0.09 0.06 1.104 5618.4 4.64 16.850965 1.411491 17.4976 16.08611 "" "" 2532.07227 4396.78418 3424.21359 2.7622 1368.9 9.8781 2915.5 9.055 "" "" 0.0028911698826322623 0.0083167665 0.0050650514 0.013381818 271.40600781457 -23.58089791402 3157.79761 -1.133 -4.6179999999999986 -0.9737000005245209 -3.1155999593734744 0.26730484 0.23730485 "" "" 48.85853910090556 "" 11.732216557696768 ""
271.49723456764 -23.86162797109 0.0699 0.0633 11.6145 "" "" 4066154631294501376 2442.45386 0.4532 0.0985 0.293 -2.231 0.087 0.06 0.995 9369.6 3.8252 16.852737 1.982881 17.834728 15.851848 "" "" 2018.64441 3024.30835 3418.63035 3.2198 1003.5 10.806 3617.6 12.415 "" "" 0.0029389585409321487 0.012019869 0.005307286 0.017327156 271.49723456764 -23.86162797109 2442.45386 0.2929999999999997 -2.2310000000000008 0.4522999994754791 -0.728599959373474 0.26430485 0.23730485 "" "" 9.928332719506365 "" 2.433575384455945 ""
271.16867707939 -23.64999640633 0.0832 0.0748 11.4897 "" "" 4066175144068868224 2745.92944 0.4279 0.1059 0.297 -2.163 0.105 0.071 0.927 5306.1 4.6981 16.852882 1.298078 17.406408 16.10833 "" "" 2208.95166 3568.87109 3418.16882 2.9516 1488.9 18.032 2856.4 21.453 "" "" 0.0029104578018350775 0.0134420665 0.008987678 0.022429746 271.16867707939 -23.64999640633 2745.92944 0.297 -2.163 0.4562999994754791 -0.6605999593734739 0.28230485 0.24830484 "" "" 10.449933768935592 "" 2.714621346953539 ""
271.41321157665 -23.56269770346 0.0704 0.0612 15.7382 "" "" 4066179615152928512 2686.28882 0.3861 0.081 -0.417 -1.079 0.088 0.065 1.12 "" "" 16.853827 1.667623 17.636038 15.968414 "" "" 2254.73486 3462.4397 3415.20029 2.6603 1205.0 9.5302 3249.3 9.4959 "" "" 0.0028821991048137816 0.00902889 0.0049347426 0.013963632 271.41321157665 -23.56269770346 2686.28882 -0.417 -1.0789999999999997 -0.25770000052452086 0.4234000406265259 0.26530486 0.24230485 "" "" 6.311218185578815 "" 1.5698009880456107 ""
271.21550166335 -23.61813579438 0.0906 0.0784 11.883 "" "" 4066176591484806272 2795.47925 0.4189 0.1243 3.065 -5.074 0.113 0.077 1.236 4639.7 4.3809 16.85559 1.521682 17.434906 15.913224 "" "" 2070.46802 4610.57666 3409.65287 4.5321 1450.3 22.217 3418.8 39.202 "" "" 0.003110384583427554 0.01686469 0.013010715 0.029875405 271.21550166335 -23.61813579438 2795.47925 3.0650000000000004 -5.074 3.224299999475479 -3.571599959373474 0.29030484 0.25430486 "" "" 63.75774786207144 "" 17.282300696010175 ""
271.05086913647 -23.76748795328 0.078 0.0674 13.612 "" "" 4066150443733484288 2831.9624 0.3994 0.0977 0.309 -0.882 0.098 0.065 0.911 "" "" 16.856424 1.679912 17.666029 15.986117 "" "" 2170.01685 3837.1311 3407.03931 2.9429 1172.2 10.443 3196.8 9.1955 "" "" 0.00291055124477579 0.010067087 0.004902796 0.014969883 271.05086913647 -23.76748795328 2831.9624 0.30900000000000005 -0.8819999999999996 0.4682999994754791 0.6204000406265259 0.27530485 0.24230485 "" "" 10.434138097253637 "" 2.6583824653094643 ""
271.2304542293 -23.72308321972 0.0698 0.0599 5.9444 "" "" 4066171570646251264 2865.88208 0.3546 0.0759 -5.461 -0.257 0.093 0.066 1.01 4673.1 4.1813 16.856491 1.959642 17.851622 15.891979 "" "" 2417.23633 3470.90308 3406.82913 3.152 988.03 9.098 3486.3 11.36 "" "" 0.0029327217843741604 0.010379742 0.0051768734 0.015556615 271.2304542293 -23.72308321972 2865.88208 -5.461000000000009 -0.257 -5.301700000524521 1.2454000406265258 0.27030486 0.24330485 "" "" 73.98015448273013 "" 19.897707177767906 ""
271.36507431801 -23.75657536183 0.0663 0.0575 4.6743 "" "" 4066160025773941760 3435.01636 0.3146 0.0902 0.239 -2.516 0.081 0.059 0.964 7151.4 4.3229 16.857101 1.634586 17.641254 16.006668 "" "" 2592.31885 4684.62061 3404.91256 2.8346 1199.3 10.627 3136.8 16.136 "" "" 0.002899790675280983 0.010017141 0.006743694 0.016760835 271.36507431801 -23.75657536183 3435.01636 0.239 -2.516 0.3982999994754791 -1.0135999593734741 0.25830483 0.23630485 "" "" 17.731871685045522 "" 4.2443847892933455 ""
271.25360428107 -23.53765129328 0.0762 0.0749 16.03 "" "" 4066178309483533440 2981.03979 0.4005 0.1056 -0.083 -1.404 0.092 0.065 0.96 5210.7 4.7371 16.8574 1.321838 17.412603 16.090765 "" "" 2240.19287 4260.78613 3403.97263 3.1332 1480.4 24.31 2903.0 16.627 "" "" 0.0029309605996023424 0.018046133 0.0072769816 0.025323115 271.25360428107 -23.53765129328 2981.03979 -0.083 -1.4040000000000001 0.07629999947547912 0.09840004062652596 0.26930484 0.24230485 "" "" 1.7594284357613064 "" 0.44475083474184185 ""
271.23380784362 -23.95030664573 0.0683 0.06 9.5287 "" "" 4066132572342129024 3305.95068 0.3806 0.0883 2.014 -1.914 0.086 0.061 1.016 "" "" 16.859398 1.951126 17.841047 15.889921 "" "" 2574.40894 4581.26221 3397.71851 2.6981 997.7 8.3477 3492.9 12.568 "" "" 0.0028870631296141723 0.009503128 0.005435589 0.014938717 271.23380784362 -23.95030664573 3305.95068 2.014 -1.9140000000000017 2.173299999475479 -0.41159995937347404 0.26330486 0.23830485 "" "" 34.66144561646832 "" 9.097901622908253 ""
271.24038275611 -23.64418682539 0.0841 0.0748 9.9476 "" "" 4066173567827502208 3187.11475 0.3897 0.1123 1.067 -2.447 0.107 0.076 0.938 4907.2 4.7031 16.859987 1.440945 17.442373 16.001429 "" "" 2235.29395 5639.18262 3395.87666 4.0131 1440.3 35.627 3152.0 41.028 "" "" 0.003039419901093286 0.02700112 0.014629107 0.041630227 271.24038275611 -23.64418682539 3187.11475 1.0670000000000013 -2.447 1.226299999475479 -0.9445999593734742 0.28430486 0.25330484 "" "" 23.38442895442291 "" 6.387977374521007 ""
271.52288101559 -23.82401987403 0.0704 0.0683 12.5289 "" "" 4066155146690733568 2798.95142 0.3784 0.1027 -0.7 -1.667 0.083 0.06 0.927 "" "" 16.860752 2.352849 18.111671 15.758822 "" "" 2075.36963 4007.45459 3393.48734 2.8927 777.59 7.78 3941.2 14.199 "" "" 0.002906606183145669 0.01121569 0.0054391436 0.016654834 271.52288101559 -23.82401987403 2798.95142 -0.7 -1.6670000000000003 -0.5407000005245208 -0.16459995937347416 0.26030484 0.23730485 "" "" 7.498508739673483 "" 1.9378667407928654 ""
271.05778443172 -23.93644515452 0.0699 0.0597 15.3552 "" "" 4066143636177939456 2646.17603 0.3546 0.0692 0.179 -6.075 0.097 0.07 0.971 9150.8 4.0034 16.861506 2.727626 18.405407 15.677781 "" "" 2274.34741 3191.53125 3391.12935 3.0665 593.27 12.118 4246.6 17.099 "" "" 0.0029250162546122 0.022351835 0.0057789083 0.028130744 271.05778443172 -23.93644515452 2646.17603 0.1790000000000002 -6.075000000000006 0.3382999994754791 -4.572599959373474 0.27430487 0.24730486 "" "" 57.510299501870186 "" 14.231488140489926 ""
271.04485777981 -23.71651363597 0.0801 0.0738 14.7095 "" "" 4066151405806201728 2914.33911 0.3834 0.0895 4.468 -5.119 0.088 0.068 0.995 5309.2 4.7131 16.862154 1.484974 17.55137 16.066397 "" "" 2294.23901 3513.28516 3389.1056 2.6688 1302.8 10.476 2968.9 15.246 "" "" 0.002884922500814547 0.009165572 0.006735729 0.015901301 271.04485777981 -23.71651363597 2914.33911 4.467999999999995 -5.119 4.627299999475479 -3.616599959373474 0.26530486 0.24530485 "" "" 81.12892654922034 "" 20.923407133416177 ""
271.36170933852 -23.57840886501 0.0757 0.0619 13.8938 "" "" 4066179924378807936 2705.77637 0.4119 0.0827 -2.264 -3.792 0.091 0.064 1.024 5267.3 4.702 16.862436 1.418427 17.475426 16.057 "" "" 2188.73657 3482.88086 3388.22255 2.7969 1397.2 18.842 2994.7 25.667 "" "" 0.0028974219586727955 0.014905221 0.010043833 0.024949055 271.36170933852 -23.57840886501 2705.77637 -2.264 -3.7920000000000007 -2.1047000005245207 -2.289599959373474 0.26830485 0.24130484 "" "" 39.886787579825146 "" 10.132329452600391 ""
271.4273400764 -23.57781654065 0.0621 0.0544 15.2666 "" "" 4066179546433407232 2517.83618 0.3794 0.0736 1.414 -1.311 0.079 0.059 0.951 "" "" 16.862446 1.979288 17.835487 15.856199 "" "" 2130.90649 2931.27759 3388.19239 2.6061 1002.8 8.2827 3603.1 14.799 "" "" 0.002879098791658917 0.009391752 0.0058455397 0.015237292 271.4273400764 -23.57781654065 2517.83618 1.414 -1.3110000000000002 1.573299999475479 0.19140004062652594 0.25630486 0.23630485 "" "" 18.915053667221752 "" 4.8427153462057735 ""
271.54528406644 -23.72113076799 0.0656 0.0581 14.5283 "" "" 4066162435283294720 2635.15771 0.3516 0.0809 -0.826 -3.49 0.076 0.057 0.942 5158.3 4.673 16.8631 1.416527 17.51021 16.093683 "" "" 2119.81958 3300.78076 3386.15267 2.766 1353.1 9.7456 2895.2 7.9738 "" "" 0.0028945403643725227 0.008302794 0.004819281 0.013122074 271.54528406644 -23.72113076799 2635.15771 -0.826 -3.49 -0.6667000005245208 -1.9875999593734743 0.25330484 0.23430485 "" "" 26.185838968445573 "" 6.1876049302467635 ""
271.10657717911 -23.62247674719 0.0725 0.0624 14.973 "" "" 4066175865614020608 2503.79395 0.4162 0.0813 -0.164 -4.817 0.083 0.061 1.028 5108.9 4.6942 16.863707 1.335661 17.455933 16.120272 "" "" 2061.69678 3159.05591 3384.26553 2.923 1422.5 8.0509 2825.2 11.524 "" "" 0.0029105276233326125 0.0067487136 0.005822139 0.012570852 271.10657717911 -23.62247674719 2503.79395 -0.164 -4.817 -0.004700000524520881 -3.3145999593734743 0.26030484 0.23830485 "" "" 39.33765658706616 "" 9.374356308004613 ""
271.35790055428 -23.81418576662 0.0717 0.0613 3.4808 "" "" 4066157384401885696 2958.12378 0.3517 0.0955 -2.424 -0.413 0.088 0.062 0.956 4695.7 3.3786 16.864027 3.0415 18.657372 15.615871 "" "" 2180.70068 4097.4248 3383.26433 3.4839 470.4 7.0337 4495.8 9.0127 "" "" 0.0029735137478549387 0.016472595 0.0043613273 0.020833923 271.35790055428 -23.81418576662 2958.12378 -2.424 -0.413 -2.264700000524521 1.0894000406265258 0.26530486 0.23930484 "" "" 35.23741207230513 "" 9.183472735245838 ""
271.00303467546 -23.78327726519 0.0746 0.0636 16.1181 "" "" 4066148961938050944 3250.32568 0.3097 0.0778 0.948 -1.635 0.089 0.063 0.965 "" "" 16.864637 1.870957 17.783792 15.912835 "" "" 2605.65771 4225.27539 3381.36366 2.7296 1051.7 8.2804 3420.0 16.059 "" "" 0.0028913611277324334 0.00899221 0.0063462863 0.015338496 271.00303467546 -23.78327726519 3250.32568 0.9479999999999998 -1.635 1.107299999475479 -0.13259995937347413 0.26630485 0.24030486 "" "" 17.181550233998244 "" 4.569519012879888 ""
271.30425351658 -23.6779491621 0.0702 0.0599 7.4568 "" "" 4066172433967580928 3100.20703 0.3826 0.0878 -1.278 -3.19 0.097 0.066 0.967 5534.5 4.6628 16.866459 1.481152 17.517323 16.036171 "" "" 2390.33179 3832.86963 3375.6927 3.4214 1344.3 12.805 3052.7 25.376 "" "" 0.0029669430944007044 0.010711843 0.009784703 0.020496547 271.30425351658 -23.6779491621 3100.20703 -1.278 -3.1899999999999995 -1.118700000524521 -1.687599959373474 0.27430487 0.24330485 "" "" 29.753194406685434 "" 7.532656997101559 ""
271.26674555356 -23.61973606289 0.0925 0.0778 11.0522 "" "" 4066173700950514944 3268.73267 0.3281 0.1133 0.244 -2.515 0.107 0.072 0.971 5047.0 4.7309 16.866491 1.440294 17.477995 16.0377 "" "" 2384.7688 4720.92139 3375.59353 3.3512 1393.9 17.66 3048.4 21.585 "" "" 0.00295865452539209 0.014035844 0.0085666 0.022602445 271.26674555356 -23.61973606289 3268.73267 0.24399999999999994 -2.515 0.4032999994754791 -1.0125999593734742 0.28430486 0.24930485 "" "" 16.887591473288467 "" 4.295889024755423 ""
271.32570161407 -23.60689512708 0.0797 0.0642 11.8198 "" "" 4066173980155889024 3297.7019 0.3462 0.0949 -0.661 -1.049 0.094 0.066 0.978 5203.0 4.6649 16.868195 1.481609 17.563992 16.082382 "" "" 2476.48242 5473.83838 3370.30459 2.9202 1287.7 13.398 2925.5 13.001 "" "" 0.0029114899264602516 0.01163612 0.0061290083 0.017765129 271.32570161407 -23.60689512708 3297.7019 -0.6609999999999998 -1.049 -0.5017000005245209 0.45340004062652595 0.27130485 0.24330485 "" "" 10.57007872535372 "" 2.738621534475971 ""
271.19054320283 -23.93667986383 0.0696 0.0581 9.9361 "" "" 4066131404111077888 2969.38892 0.3276 0.0804 0.251 -3.34 0.083 0.059 0.998 9105.9 4.0264 16.868242 3.077128 18.67387 15.596743 "" "" 2464.5979 3602.49854 3370.15656 3.0248 463.31 9.2972 4575.7 13.412 "" "" 0.0029225659662515564 0.021965303 0.0049408153 0.026906118 271.19054320283 -23.93667986383 2969.38892 0.25100000000000006 -3.34 0.4102999994754791 -1.837599959373474 0.26030484 0.23630485 "" "" 26.500915489988987 "" 6.293951154070188 ""
271.1735047529 -23.79196938255 0.0688 0.0599 6.7466 "" "" 4066146762914747264 2520.59766 0.3956 0.0713 2.297 -2.243 0.09 0.063 1.009 "" "" 16.868958 1.587105 17.590176 16.00307 "" "" 2188.98877 2966.13672 3367.93361 2.935 1257.0 10.906 3147.2 28.514 "" "" 0.0029132500423889405 0.009824608 0.010537945 0.020362552 271.1735047529 -23.79196938255 2520.59766 2.297 -2.243 2.4562999994754793 -0.740599959373474 0.26730484 0.24030486 "" "" 30.651903093741083 "" 8.127654945100861 ""
271.42085438656 -23.68663474696 0.0699 0.0633 9.7467 "" "" 4066160786016106496 3293.04517 0.3015 0.097 6.278 -6.894 0.081 0.061 1.062 "" "" 16.869478 1.776237 17.733702 15.957464 "" "" 2515.29858 4434.71533 3366.3178 2.624 1101.4 11.015 3282.3 13.752 "" "" 0.0028823673949927957 0.0112111 0.005914114 0.017125214 271.42085438656 -23.68663474696 3293.04517 6.278000000000001 -6.894 6.437299999475479 -5.391599959373474 0.25830483 0.23830485 "" "" 131.06773251434757 "" 32.80007993910614 ""
271.41062313651 -23.63335087782 0.076 0.0612 11.9204 "" "" 4066178717472235648 3147.28076 0.3495 0.0923 -0.21 -3.719 0.092 0.063 0.979 4811.5 4.4025 16.871515 1.683133 17.68156 15.998427 "" "" 2424.01025 4216.65674 3360.00976 3.0376 1155.6 8.7385 3160.7 12.655 "" "" 0.0029249339134136037 0.008671356 0.005760323 0.01443168 271.41062313651 -23.63335087782 3147.28076 -0.20999999999999977 -3.719 -0.050700000524520866 -2.216599959373474 0.26930484 0.24030486 "" "" 33.07613259442816 "" 7.9488871404046275 ""
271.41303212915 -23.66361946674 0.0705 0.0648 10.5032 "" "" 4066161026521827968 3086.10474 0.3575 0.0987 0.627 -1.207 0.082 0.064 0.959 "" "" 16.872328 1.379248 17.416014 16.036766 "" "" 2437.25781 4128.21191 3357.49637 2.942 1475.7 58.867 3051.1 41.757 "" "" 0.002914944656840853 0.043400772 0.015332362 0.058733135 271.41303212915 -23.66361946674 3086.10474 0.627 -1.207 0.7862999994754791 0.2954000406265258 0.25930485 0.24130484 "" "" 12.287015299991928 "" 3.1595674752750296 ""
271.25055421106 -23.72283927637 0.0871 0.074 5.3627 "" "" 4066170849091779072 3434.34668 0.3237 0.1038 -4.314 -9.334 0.116 0.074 1.07 8610.2 4.1229 16.873524 3.285589 18.849068 15.563478 "" "" 2627.01196 4443.5166 3353.8035 4.4293 394.27 14.732 4718.1 18.755 "" "" 0.0031061046580772456 0.040664647 0.0057368074 0.046401456 271.25055421106 -23.72283927637 3434.34668 -4.314000000000005 -9.334 -4.154700000524521 -7.831599959373474 0.29330486 0.25130486 "" "" 144.31826115195022 "" 37.68275271181137 ""
271.34047745106 -23.63663322144 0.076 0.0634 10.2193 "" "" 4066173048115397760 3132.60498 0.3353 0.0915 0.698 -0.673 0.092 0.063 0.95 5102.3 4.7053 16.87441 1.328281 17.464613 16.136332 "" "" 2488.2605 4016.00293 3351.0605 2.8843 1411.1 9.1092 2783.7 17.73 "" "" 0.0029094831659464858 0.007543807 0.007880673 0.01542448 271.34047745106 -23.63663322144 3132.60498 0.698 -0.673 0.8572999994754791 0.8294000406265258 0.26930484 0.24030486 "" "" 17.711944331752207 "" 4.528863139933841 ""
271.14316895569 -23.7623549577 0.0761 0.0658 8.7169 "" "" 4066147798033570304 3071.91211 0.3481 0.0784 -1.831 -0.796 0.1 0.068 1.012 "" "" 16.874508 1.637044 17.530663 15.893619 "" "" 2433.28003 4173.25244 3350.76301 4.1007 1327.9 36.088 3481.1 67.843 "" "" 0.0030589749475754043 0.029638402 0.021494733 0.051133133 271.14316895569 -23.7623549577 3071.91211 -1.8309999999999997 -0.796 -1.6717000005245208 0.7064000406265258 0.27730486 0.24530485 "" "" 26.425387344875332 "" 7.206152901983448 ""
271.21576579059 -23.80284989839 0.0658 0.0569 4.3998 "" "" 4066146453677039104 2387.96851 0.4132 0.0697 -2.778 -5.879 0.088 0.061 0.927 7086.8 4.3052 16.874987 1.616274 17.631708 16.015434 "" "" 2057.02393 2804.65649 3349.28608 2.6379 1209.9 10.141 3111.6 16.646 "" "" 0.0028849663511010676 0.009518428 0.006929667 0.016448095 271.21576579059 -23.80284989839 2387.96851 -2.778 -5.879 -2.618700000524521 -4.376599959373474 0.26530486 0.23830485 "" "" 57.72921080575346 "" 14.18470237556465 ""
271.43281356723 -23.75163856779 0.0716 0.0704 8.1016 "" "" 4066159171108272128 3215.36279 0.3777 0.1015 -0.081 -6.349 0.083 0.071 1.027 4917.1 4.3735 16.875326 1.567184 17.569284 16.0021 "" "" 2429.29639 4820.63184 3348.23639 3.6551 1281.5 15.658 3150.1 25.411 "" "" 0.0029994317511641408 0.013556303 0.009538984 0.023095287 271.43281356723 -23.75163856779 3215.36279 -0.08100000000000004 -6.349 0.07829999947547912 -4.846599959373474 0.26030484 0.24830484 "" "" 73.87579487007953 "" 18.34395462464089 ""
271.35936275544 -23.65494758466 0.0772 0.0651 9.4863 "" "" 4066172777552720256 3297.55054 0.3879 0.0974 -1.421 -4.131 0.096 0.071 0.976 "" "" 16.875343 1.66088 17.311056 15.650176 "" "" 2400.04297 8422.37988 3348.18207 5.091 1625.5 51.53 4356.0 1185.3 "" "" 0.0032120444966206984 0.034531847 0.29546106 0.3299929 271.35936275544 -23.65494758466 3297.55054 -1.421 -4.131 -1.261700000524521 -2.6285999593734743 0.27330485 0.24830484 "" "" 45.57384351910783 "" 11.538112233666073 ""
271.03911657437 -23.68336850035 0.0692 0.0628 15.7976 "" "" 4066152088674774400 2834.448 0.3709 0.0897 -1.369 -5.478 0.081 0.059 1.026 4915.0 4.3338 16.877869 1.616858 17.635921 16.019064 "" "" 2272.30322 3613.5332 3340.40498 2.7288 1205.2 11.23 3101.2 9.7403 "" "" 0.002894557231926376 0.010494548 0.005090432 0.015584979 271.03911657437 -23.68336850035 2834.448 -1.369 -5.478 -1.2097000005245209 -3.975599959373474 0.25830483 0.23630485 "" "" 55.831272620031726 "" 13.301686035912201 ""
271.44908913239 -23.73365972733 0.0678 0.0746 9.3575 "" "" 4066159579097476224 2993.81055 0.3893 0.1123 4.664 0.748 0.079 0.071 0.962 5636.0 4.6691 16.878136 1.491497 17.572832 16.081335 "" "" 2089.3252 4777.84277 3339.58532 2.7734 1277.3 8.5364 2928.4 10.612 "" "" 0.002899100832218556 0.007774106 0.0054556513 0.013229758 271.44908913239 -23.73365972733 2993.81055 4.663999999999994 0.748 4.823299999475479 2.250400040626526 0.25630486 0.24830484 "" "" 75.52915462111488 "" 19.25186234029018 ""
271.46991170174 -23.71084905847 0.071 0.0696 11.0098 "" "" 4066159716545884672 3032.66284 0.3704 0.1034 -0.023 -1.386 0.084 0.068 1.013 5566.7 4.6959 16.8782 1.329302 17.408337 16.079035 "" "" 2340.89941 4282.15283 3339.38577 2.8788 1486.2 32.16 2934.6 38.29 "" "" 0.0029099585221249893 0.02365943 0.014661916 0.038321346 271.46991170174 -23.71084905847 3032.66284 -0.023000000000000007 -1.386 0.13629999947547913 0.11640004062652598 0.26130486 0.24530485 "" "" 2.576530307408743 "" 0.6561899064377305 ""
271.16586501 -23.81773993021 0.0724 0.0613 7.2007 "" "" 4066146556756184832 2811.93677 0.4098 0.0815 -0.426 3.547 0.096 0.065 1.016 "" "" 16.879915 1.905338 17.811394 15.906055 "" "" 2229.0293 3912.33545 3334.11633 3.3674 1025.3 8.8258 3441.4 14.965 "" "" 0.0029655127156662207 0.009753635 0.0060477136 0.015801348 271.16586501 -23.81773993021 2811.93677 -0.42600000000000005 3.5469999999999984 -0.26670000052452086 5.0494000406265265 0.27330485 0.24230485 "" "" 67.39514567927075 "" 16.336353359591214 ""
271.47723672171 -23.71844256016 0.0681 0.0632 11.1483 "" "" 4066159720864073728 2549.89941 0.4344 0.0937 -1.765 -3.184 0.081 0.063 1.034 5628.4 4.6786 16.880562 1.447283 17.478361 16.031078 "" "" 2015.40308 3201.65991 3332.13326 3.1895 1393.4 12.462 3067.1 18.613 "" "" 0.002944800912336429 0.010103293 0.007595874 0.017699167 271.47723672171 -23.71844256016 2549.89941 -1.7650000000000003 -3.183999999999998 -1.6057000005245208 -1.6815999593734743 0.25830483 0.24030486 "" "" 28.102273486771544 "" 6.998921558761435 ""
271.03462318073 -23.7126175435 0.0685 0.0619 15.3179 "" "" 4066151470199337472 3260.63721 0.3443 0.0859 -0.032 -1.466 0.082 0.059 1.012 "" "" 16.882046 1.918734 17.827553 15.908819 "" "" 2440.65674 5489.71094 3327.57939 2.6072 1010.2 9.0816 3432.7 13.368 "" "" 0.002883653779256362 0.010151629 0.0056710974 0.015822727 271.03462318073 -23.7126175435 3260.63721 -0.032 -1.466 0.12729999947547913 0.03640004062652591 0.25930485 0.23630485 "" "" 2.046326421863215 "" 0.5272118891735599 ""
271.37262719054 -23.70227042497 0.0777 0.0657 7.318 "" "" 4066160472450834560 3090.8606 0.3436 0.0912 0.572 -0.576 0.095 0.066 0.953 5147.4 4.6797 16.883236 1.526293 17.591465 16.065172 "" "" 2473.72095 3883.84399 3323.93444 3.0177 1255.5 9.2761 2972.3 9.5331 "" "" 0.0029263301125665763 0.008493214 0.0051390775 0.013632292 271.37262719054 -23.70227042497 3090.8606 0.572 -0.576 0.7312999994754791 0.9264000406265259 0.27230483 0.24330485 "" "" 17.291629657342906 "" 4.406408081965242 ""
271.2626723497 -23.67461622745 0.0772 0.0671 7.8577 "" "" 4066171742445172224 2452.96118 0.4433 0.1015 -0.686 -2.566 0.112 0.068 1.052 5072.7 4.7173 16.883419 1.467153 17.543758 16.076605 "" "" 1914.85046 3016.42651 3323.37482 2.9637 1311.9 11.89 2941.1 13.372 "" "" 0.0029204899799366614 0.010228159 0.006217059 0.016445218 271.2626723497 -23.67461622745 2452.96118 -0.6860000000000004 -2.566 -0.5267000005245209 -1.063599959373474 0.28930485 0.24530485 "" "" 13.799767313437153 "" 3.513034817023307 ""
271.07872776512 -23.68341425352 0.1174 0.1069 13.8887 "" "" 4066151955562018048 3175.65552 0.3863 0.1028 -0.327 1.615 0.122 0.099 1.26 4763.5 4.3541 16.884127 1.66007 17.610327 15.950256 "" "" 2381.83105 4175.86084 3321.20525 6.2032 1233.9 12.808 3304.1 9.9632 "" "" 0.0034211294162133934 0.011610295 0.005000237 0.016610531 271.07872776512 -23.68341425352 3175.65552 -0.32699999999999996 1.6150000000000002 -0.1677000005245209 3.117400040626526 0.29930484 0.27630484 "" "" 46.99284687668664 "" 12.987599273049678 ""
271.3924112716 -24.02621109618 0.0722 0.0643 14.4569 "" "" 4066081479418051840 2675.14868 0.3861 0.0921 -0.423 -3.885 0.086 0.063 0.933 7747.4 2.8839 16.884457 3.480772 18.995502 15.51473 "" "" 2095.43555 4176.31592 3320.20031 3.3923 344.52 9.655 4934.8 13.33 "" "" 0.002970246724132164 0.03055487 0.004783842 0.03533871 271.3924112716 -24.02621109618 2675.14868 -0.423 -3.885 -0.26370000052452086 -2.382599959373474 0.26330486 0.24030486 "" "" 30.396331996248325 "" 7.3132459025758685 ""
271.53651520082 -23.67283318188 0.0759 0.0715 15.3198 "" "" 4066166077415659648 3384.80054 0.3934 0.0991 -0.44 -2.679 0.088 0.073 1.133 "" "" 16.885645 1.516923 17.374702 15.857779 "" "" 2206.61865 5951.54834 3316.56537 5.1149 1533.0 49.564 3597.9 56.392 "" "" 0.0032242179516527767 0.035214055 0.017432008 0.052646063 271.53651520082 -23.67283318188 3384.80054 -0.44 -2.6789999999999994 -0.2807000005245209 -1.176599959373474 0.26530486 0.25030485 "" "" 19.407084403548843 "" 4.87380641732027 ""
271.54998285587 -23.67958407572 0.0656 0.0601 15.7693 "" "" 4066163122478124928 2590.29468 0.3847 0.0812 -2.836 -0.159 0.077 0.061 0.952 "" "" 16.886024 1.600307 17.55665 15.956343 "" "" 2193.34937 3118.22852 3315.40829 2.6008 1296.5 17.99 3285.6 50.492 "" "" 0.0028839569513281226 0.015321674 0.01710791 0.032429583 271.54998285587 -23.67958407572 2590.29468 -2.836 -0.15900000000000003 -2.6767000005245207 1.3434000406265258 0.25430486 0.23830485 "" "" 36.771414693755354 "" 9.235782463862353 ""
271.09090461271 -23.61005886867 0.0787 0.0653 16.1078 "" "" 4066175934342786688 2892.20654 0.3677 0.0816 -0.357 -1.149 0.096 0.063 1.035 "" "" 16.886242 1.497055 17.482235 15.98518 "" "" 2341.48267 3763.02051 3314.74581 4.1842 1388.4 23.143 3199.5 35.03 "" "" 0.0030773566385268705 0.018311765 0.012473613 0.030785378 271.09090461271 -23.61005886867 2892.20654 -0.35700000000000043 -1.149 -0.19770000052452086 0.35340004062652586 0.27330485 0.24030486 "" "" 5.551354397200768 "" 1.3798928635409529 ""
271.38778731106 -23.81806092159 0.066 0.0584 5.1349 "" "" 4066157418761567232 2856.10083 0.3799 0.0924 0.37 -0.8 0.081 0.059 1.011 5528.0 4.6117 16.88752 1.739245 17.70282 15.963575 "" "" 2335.33179 4065.31421 3310.8456 2.7033 1133.2 10.178 3263.8 18.246 "" "" 0.0028944213253862382 0.01014301 0.007150188 0.017293198 271.38778731106 -23.81806092159 2856.10083 0.37 -0.8 0.5292999994754791 0.7024000406265258 0.25830483 0.23630485 "" "" 11.906630043550004 "" 2.911190718223346 ""
271.53448183211 -23.64149671273 0.0625 0.0542 16.2627 "" "" 4066166386653361792 2645.68848 0.3816 0.0755 0.112 -4.983 0.074 0.055 0.972 "" "" 16.887892 1.616301 17.644833 16.028532 "" "" 2205.78955 3304.83594 3309.70929 2.4307 1195.3 6.97 3074.3 12.872 "" "" 0.0028683803201424007 0.006918674 0.0059117964 0.01283047 271.53448183211 -23.64149671273 2645.68848 0.112 -4.983 0.2712999994754791 -3.4805999593734738 0.25130486 0.23230484 "" "" 43.781080293806056 "" 10.175784438367073 ""
271.37002043048 -23.57668893889 0.0695 0.059 14.1183 "" "" 4066179851343856128 2431.43262 0.4315 0.0831 -1.892 -0.788 0.094 0.067 0.893 5076.1 4.6872 16.888582 1.493267 17.562414 16.069147 "" "" 2025.09265 3174.52539 3307.60419 2.8373 1289.6 11.191 2961.4 18.248 "" "" 0.002908472909958111 0.009826348 0.007683958 0.017510306 271.37002043048 -23.57668893889 2431.43262 -1.8920000000000008 -0.788 -1.7327000005245208 0.7144000406265258 0.27130485 0.24430485 "" "" 21.600109960762868 "" 5.77913329291521 ""
271.16128968548 -23.63683009242 0.0884 0.0778 12.3648 "" "" 4066175247138658048 2633.68799 0.3975 0.1101 0.519 -1.407 0.115 0.075 1.046 5067.5 4.7624 16.888905 1.29871 17.456182 16.157473 "" "" 1998.13452 3772.28369 3306.62477 3.668 1422.1 14.86 2730.0 11.008 "" "" 0.0030070509183413247 0.011683282 0.0057836073 0.01746689 271.16128968548 -23.63683009242 2633.68799 0.5190000000000007 -1.4069999999999998 0.6782999994754791 0.09540004062652585 0.29230484 0.25230485 "" "" 8.551021347413538 "" 2.4933165110406486 ""
271.52372606353 -23.74530834622 0.0706 0.0672 12.9634 "" "" 4066162293516724608 2971.96387 0.3676 0.0977 -0.351 1.372 0.082 0.064 0.971 4791.9 4.4329 16.88891 1.778097 17.762636 15.984539 "" "" 2276.46411 3923.98315 3306.60615 2.728 1072.4 8.1389 3201.4 13.641 "" "" 0.0028972668313102913 0.008699684 0.005973781 0.014673466 271.52372606353 -23.74530834622 2971.96387 -0.35100000000000015 1.3720000000000008 -0.19170000052452085 2.8744000406265258 0.25930485 0.24130484 "" "" 40.58193710664564 "" 9.795972751007717 ""
271.16097189282 -23.58869783599 0.0902 0.0796 14.79 "" "" 4066176213539506432 3037.01196 0.3327 0.1033 1.018 -1.313 0.112 0.075 1.043 4753.1 4.5109 16.889845 1.529228 17.592602 16.063374 "" "" 2269.59546 4448.48584 3303.7648 3.0836 1254.2 15.563 2977.2 15.492 "" "" 0.0029357678038720012 0.013758471 0.00679725 0.020555722 271.16097189282 -23.58869783599 3037.01196 1.018 -1.3130000000000015 1.1772999994754791 0.18940004062652593 0.28930485 0.25230485 "" "" 17.16566139208145 "" 4.951087783803992 ""
271.30270378312 -23.858047929 0.0659 0.0539 3.3838 "" "" 4066157006444773120 2439.03467 0.4288 0.0751 -1.037 -0.263 0.081 0.058 0.912 "" "" 16.889933 1.897182 17.822643 15.925461 "" "" 2085.72461 2874.77832 3303.49478 2.834 1014.8 10.062 3380.4 9.6593 "" "" 0.0029084965988302445 0.011121053 0.004889662 0.016010715 271.30270378312 -23.858047929 2439.03467 -1.0369999999999997 -0.263 -0.8777000005245208 1.239400040626526 0.25830483 0.23530485 "" "" 17.557804017652014 "" 4.270564025007517 ""
271.44137893847 -23.57702623647 0.0712 0.0614 15.687 "" "" 4066179335957689344 3141.01831 0.3415 0.0773 0.001 -1.81 0.095 0.069 0.945 4963.6 4.5012 16.88996 1.571867 17.621765 16.049898 "" "" 2535.18481 3883.94849 3303.41364 2.735 1221.0 7.0608 3014.4 11.095 "" "" 0.002898247358411833 0.006870649 0.0055003273 0.012370976 271.44137893847 -23.57702623647 3141.01831 0.0010000000000000078 -1.8100000000000005 0.16029999947547913 -0.3075999593734742 0.27230483 0.24630484 "" "" 5.16424189340213 "" 1.3018181557737916 ""
271.13240606145 -23.7779481901 0.0694 0.0598 9.0917 "" "" 4066147450109591424 2377.8186 0.4288 0.0841 0.489 -1.637 0.096 0.063 1.028 5457.1 4.6944 16.89081 1.454573 17.542389 16.087816 "" "" 2047.84253 2985.12939 3300.82404 2.8408 1313.6 10.386 2910.9 13.146 "" "" 0.002909455631287626 0.00902645 0.0061908257 0.015217276 271.13240606145 -23.7779481901 2377.8186 0.48899999999999993 -1.637 0.6482999994754791 -0.13459995937347413 0.27330485 0.24030486 "" "" 7.462722735349099 "" 2.0300131848963447 ""
271.1781110169 -23.91134151562 0.0803 0.0675 9.2101 "" "" 4066133710540733440 2832.22437 0.3727 0.0864 0.326 -1.416 0.098 0.068 1.049 "" "" 16.891079 2.221564 18.01222 15.790656 "" "" 2264.10547 3606.40674 3300.00846 3.0452 852.18 11.814 3827.3 24.958 "" "" 0.0029318247455886065 0.015308275 0.008025711 0.023333985 271.1781110169 -23.91134151562 2832.22437 0.3259999999999997 -1.416 0.48529999947547914 0.08640004062652595 0.27530485 0.24530485 "" "" 6.617473412683519 "" 1.8160465622584998 ""
271.2213944959 -23.68139970539 0.0738 0.0639 8.3128 "" "" 4066171884200187648 3008.51367 0.3835 0.096 -3.116 -3.028 0.103 0.064 1.004 4905.5 4.5674 16.892826 1.570631 17.590244 16.019613 "" "" 2416.08447 3902.49146 3294.70256 3.3462 1257.0 12.939 3099.6 24.584 "" "" 0.002967785580194085 0.011519112 0.009404205 0.020923316 271.2213944959 -23.68139970539 3008.51367 -3.1160000000000014 -3.028 -2.956700000524521 -1.5255999593734741 0.28030485 0.24130484 "" "" 47.44548868312299 "" 12.932145044022006 ""
271.21387777859 -23.97883588801 0.0681 0.0559 11.5253 "" "" 4066131026153799296 2748.20532 0.3632 0.0759 0.819 0.339 0.082 0.06 0.918 "" "" 16.893393 1.997692 17.911274 15.913582 "" "" 2287.78857 3426.28711 3292.98357 2.9662 935.21 12.791 3417.6 12.053 "" "" 0.002923740282920534 0.015109621 0.0053801336 0.020489754 271.21387777859 -23.97883588801 2748.20532 0.818999999999999 0.3390000000000001 0.9782999994754791 1.8414000406265258 0.25930485 0.23730485 "" "" 27.16211260353573 "" 6.581899675444344 ""
271.43620243071 -23.73140232976 0.078 0.0718 8.7914 "" "" 4066159789583591296 2802.27246 0.4468 0.1099 -0.503 -1.787 0.09 0.066 1.065 5237.3 4.7459 16.893806 1.451338 17.563171 16.111834 "" "" 1973.45081 3947.48682 3291.72691 3.0276 1288.7 6.792 2847.2 10.871 "" "" 0.002930703945055905 0.0063662934 0.005609707 0.011976 271.43620243071 -23.73140232976 2802.27246 -0.5030000000000004 -1.787 -0.3437000005245209 -0.28459995937347404 0.26730484 0.24330485 "" "" 5.927254668166892 "" 1.528118965657683 ""
271.19006756833 -23.74390989318 0.0728 0.0618 6.7764 "" "" 4066171059578103040 2511.54834 0.4236 0.0797 -0.004 -1.912 0.1 0.064 0.993 5269.1 4.7224 16.895767 1.348208 17.509583 16.161375 "" "" 2003.45703 3027.69727 3285.78924 2.9259 1353.9 7.7649 2720.2 11.459 "" "" 0.0029200211732989746 0.006823462 0.005933186 0.012756648 271.19006756833 -23.74390989318 2511.54834 -0.004 -1.912 0.15529999947547912 -0.40959995937347404 0.27730486 0.24130484 "" "" 5.214903779490409 "" 1.2834872754152706 ""
271.31034863758 -23.74452169923 0.0841 0.0743 3.5384 "" "" 4066158857542899968 2976.47852 0.458 0.1037 0.712 0.39 0.113 0.076 1.117 "" "" 16.895863 1.492306 17.54318 16.050875 "" "" 2100.34448 3968.47729 3285.50159 3.9554 1312.6 7.3846 3011.7 13.993 "" "" 0.0030496447359747536 0.006715365 0.006303279 0.013018644 271.31034863758 -23.74452169923 2976.47852 0.7120000000000009 0.39000000000000007 0.8712999994754791 1.892400040626526 0.29030484 0.25330484 "" "" 29.392941498575876 "" 7.646763328994202 ""
271.01766011019 -23.73809326826 0.0869 0.0799 15.7523 "" "" 4066151337086783104 3221.27124 0.4104 0.1241 2.64 -2.139 0.096 0.071 1.022 6718.1 4.348 16.895912 1.922051 17.866516 15.944466 "" "" 2103.89722 7317.76758 3285.35411 2.9485 974.56 7.0517 3321.8 10.719 "" "" 0.002922545266204954 0.008336911 0.0051534846 0.013490396 271.01766011019 -23.73809326826 3221.27124 2.64 -2.139 2.7992999994754793 -0.6365999593734739 0.27330485 0.24830484 "" "" 43.83333882040475 "" 11.928331319007848 ""
271.49180616444 -23.83941494768 0.0781 0.0703 10.9846 "" "" 4066154940532235520 3498.00488 0.3257 0.1071 -1.001 -5.426 0.094 0.066 1.015 "" "" 16.897127 3.296819 18.874247 15.577428 "" "" 2527.4624 5347.81641 3281.68002 3.17 385.23 9.917 4657.9 18.476 "" "" 0.0029481763486356744 0.028089095 0.0057298495 0.033818945 271.49180616444 -23.83941494768 3498.00488 -1.0010000000000008 -5.426 -0.8417000005245208 -3.9235999593734743 0.27130485 0.24330485 "" "" 66.53550192069282 "" 16.274858408174108 ""
271.1488417108 -23.65818865143 0.0892 0.0776 11.8195 "" "" 4066174770418806528 2830.60718 0.3868 0.0917 -2.749 3.93 0.107 0.075 1.069 5059.2 4.6607 16.898846 1.469486 17.548824 16.079338 "" "" 2143.97241 4247.7124 3276.48642 2.9029 1305.8 12.399 2933.8 17.87 "" "" 0.002918410190204004 0.010680319 0.0076170526 0.01829737 271.1488417108 -23.65818865143 2830.60718 -2.749 3.93 -2.589700000524521 5.432400040626526 0.28430486 0.25230485 "" "" 80.74530469747742 "" 20.875036315372874 ""
271.13947762683 -23.57849636121 0.0728 0.0655 15.9278 "" "" 4066176488417128064 3237.52393 0.3457 0.0961 -0.479 -1.648 0.089 0.063 1.001 "" "" 16.902004 1.646036 17.657026 16.01099 "" "" 2334.84839 6291.53174 3266.96742 3.114 1182.0 7.4399 3124.4 13.671 "" "" 0.0029432645193500687 0.0073816245 0.00607066 0.013452284 271.13947762683 -23.57849636121 3237.52393 -0.4789999999999998 -1.6479999999999997 -0.31970000052452086 -0.14559995937347403 0.26630485 0.24030486 "" "" 5.390908962342987 "" 1.4125371606068327 ""
271.04745356116 -23.8559113533 0.0851 0.0722 14.0149 "" "" 4066145285445699584 2800.62915 0.3737 0.0884 -2.134 -2.153 0.106 0.075 1.079 6018.0 4.2096 16.9022 2.258112 17.842527 15.584415 "" "" 2275.7019 3643.04541 3266.37615 5.4504 996.34 32.205 4628.0 90.484 "" "" 0.0032975822775476956 0.03520532 0.021561507 0.056766827 271.04745356116 -23.8559113533 2800.62915 -2.134000000000003 -2.153 -1.9747000005245208 -0.6505999593734741 0.28330484 0.25230485 "" "" 27.600218438436244 "" 7.739673168418106 ""
271.3412270064 -23.85108620686 0.0818 0.0699 3.8553 "" "" 4066156864677540992 2494.08594 0.4433 0.0916 3.602 4.854 0.085 0.068 0.881 "" "" 16.903423 2.097593 17.972084 15.874491 "" "" 2007.37878 3172.72144 3262.7012 3.0327 884.27 16.723 3542.9 13.211 "" "" 0.0029343262313677124 0.020721762 0.0055384664 0.026260227 271.3412270064 -23.85108620686 2494.08594 3.602000000000002 4.854 3.761299999475479 6.356400040626526 0.26230484 0.24530485 "" "" 87.3156128754086 "" 21.813603640031303 ""
271.03099266644 -23.6916290718 0.0773 0.0708 15.9852 "" "" 4066152054314992896 2460.36694 0.4878 0.0988 -2.395 -3.825 0.089 0.065 1.055 5098.3 4.3736 16.903746 1.534756 17.604612 16.069857 "" "" 1892.71387 4261.36279 3261.73429 2.7781 1240.4 9.3371 2959.5 11.893 "" "" 0.002906363531516961 0.00863602 0.0057723965 0.014408417 271.03099266644 -23.6916290718 2460.36694 -2.395 -3.8249999999999957 -2.235700000524521 -2.3225999593734743 0.26630485 0.24230485 "" "" 37.59629364606934 "" 9.55436644763813 ""
271.3388343286 -23.60688007867 0.0782 0.0659 11.942 "" "" 4066173907118433664 3201.08472 0.3526 0.0954 -1.286 -1.942 0.096 0.065 0.927 5055.8 4.7121 16.904942 1.387705 17.535295 16.14759 "" "" 2410.51514 4154.19824 3258.14352 2.4436 1322.2 7.3391 2755.0 18.894 "" "" 0.0028731295048479264 0.006641126 0.008350302 0.014991429 271.3388343286 -23.60688007867 3201.08472 -1.286 -1.9420000000000013 -1.126700000524521 -0.43959995937347407 0.27330485 0.24230485 "" "" 18.350727723091403 "" 4.943939123499221 ""
271.22525153364 -23.64669560987 0.0852 0.0773 10.0939 "" "" 4066175040980182016 2466.10107 0.4436 0.1109 -0.547 -6.459 0.108 0.074 0.954 4975.4 4.7057 16.905203 1.457977 17.585869 16.127892 "" "" 1974.00085 3431.2644 3257.35665 3.3401 1262.0 19.292 2805.4 12.165 "" "" 0.002971743940921076 0.016830372 0.0060373438 0.022867715 271.22525153364 -23.64669560987 2466.10107 -0.547 -6.459 -0.3877000005245209 -4.956599959373474 0.28530484 0.25130486 "" "" 58.11625028820168 "" 14.61771938134824 ""
271.18834173293 -23.79983230257 0.0678 0.0585 5.9065 "" "" 4066146694195223296 2834.87354 0.3705 0.0724 -1.012 -1.645 0.091 0.063 1.027 6844.1 4.3344 16.906158 1.469179 17.575327 16.106148 "" "" 2304.17065 3574.7627 3254.49168 2.4396 1274.3 7.9336 2862.2 12.362 "" "" 0.00287301030418071 0.007312841 0.0060227714 0.013335612 271.18834173293 -23.79983230257 2834.87354 -1.0120000000000007 -1.645 -0.8527000005245209 -0.14259995937347414 0.26830485 0.24030486 "" "" 11.61710426392909 "" 3.1085263344868017 ""
271.22598709847 -23.98308272296 0.071 0.059 11.5225 "" "" 4066128105576023552 2875.8999 0.345 0.0774 -2.02 -4.5 0.09 0.066 1.001 8980.1 3.855 16.906504 3.097846 18.734484 15.636638 "" "" 2413.97827 3787.43286 3253.45721 2.9874 438.15 11.163 4410.7 17.067 "" "" 0.0029301356884661265 0.027802287 0.0056510046 0.033453293 271.22598709847 -23.98308272296 2875.8999 -2.02 -4.5 -1.860700000524521 -2.997599959373474 0.26730484 0.24330485 "" "" 48.09485092107291 "" 12.033877837336739 ""
271.20529129791 -23.8309713517 0.0716 0.0616 5.2691 "" "" 4066134565216168960 3174.26636 0.3407 0.0862 -0.002 -1.48 0.097 0.069 1.122 5558.5 4.6781 16.907745 1.444029 17.47914 16.03511 "" "" 2571.37744 4181.46289 3249.74251 2.5144 1392.4 12.012 3055.7 27.71 "" "" 0.002880536111764396 0.009773212 0.010546236 0.020319447 271.20529129791 -23.8309713517 3174.26636 -0.002000000000000012 -1.4799999999999998 0.15729999947547912 0.022400040626525897 0.27430487 0.24630484 "" "" 2.3906161005334288 "" 0.6544938929444062 ""
271.21320780437 -23.66993707254 0.1102 0.102 9.1331 "" "" 4066171948613232768 2748.49927 0.5785 0.1494 1.192 -1.052 0.155 0.091 0.974 4895.9 4.794 16.907835 1.436083 17.557407 16.121325 "" "" 1839.39136 4811.16162 3249.47001 3.2926 1295.5 12.745 2822.5 15.667 "" "" 0.0029668354883644723 0.011039773 0.0071136677 0.01815344 271.21320780437 -23.66993707254 2748.49927 1.1919999999999997 -1.052 1.351299999475479 0.45040004062652583 0.33230484 0.26830485 "" "" 18.556722770922136 "" 6.058226163351415 ""
271.20582423863 -23.72531683642 0.0726 0.0605 6.7555 "" "" 4066171231364950272 2812.55273 0.3538 0.0815 -0.422 -0.573 0.099 0.064 0.987 5890.5 4.5926 16.910837 1.411507 17.464016 16.05251 "" "" 2269.41235 3740.01074 3240.50102 4.2993 1411.9 16.968 3007.1 18.453 "" "" 0.0031091474276545503 0.013343196 0.0076598884 0.021003084 271.20582423863 -23.72531683642 2812.55273 -0.42199999999999954 -0.573 -0.26270000052452086 0.9294000406265259 0.27630484 0.24130484 "" "" 12.875742679678078 "" 3.1425342251268704 ""
271.37659318884 -23.60253524222 0.0791 0.0664 12.7621 "" "" 4066179065397102976 3419.45972 0.314 0.0959 -0.915 -2.265 0.098 0.069 0.987 9030.8 3.3276 16.911316 2.647486 18.302681 15.655195 "" "" 2520.30542 4796.15381 3239.07156 3.6606 652.15 16.637 4335.9 21.176 "" "" 0.0030161893123730904 0.027838392 0.006511629 0.034350023 271.37659318884 -23.60253524222 3419.45972 -0.915 -2.265 -0.7557000005245209 -0.7625999593734742 0.27530485 0.24630484 "" "" 17.40134836004102 "" 4.543074368604983 ""
271.46968373173 -23.95742225142 0.0737 0.0626 13.3366 "" "" 4066105295035782912 2713.62256 0.3902 0.0891 -0.168 -1.445 0.086 0.06 1.02 "" "" 16.912224 2.067875 17.955845 15.88797 "" "" 2128.78101 3618.58179 3236.36339 3.0223 897.59 5.4959 3499.2 28.715 "" "" 0.002935954273297579 0.007209698 0.009678169 0.016887868 271.46968373173 -23.95742225142 2713.62256 -0.16800000000000004 -1.445 -0.008700000524520884 0.05740004062652582 0.26330486 0.23730485 "" "" 0.7467444926672359 "" 0.1776653901670954 ""
271.35857832814 -23.66886814167 0.0739 0.0635 8.6977 "" "" 4066172670167869056 3177.24683 0.3726 0.0861 0.25 -2.58 0.096 0.066 0.984 5255.0 4.6693 16.915743 1.559124 17.644205 16.085081 "" "" 2556.8374 4204.47607 3225.89077 2.3621 1196.0 10.206 2918.3 18.329 "" "" 0.0028677222948280787 0.009676082 0.0077964836 0.017472565 271.35857832814 -23.66886814167 3177.24683 0.24999999999999992 -2.58 0.4092999994754791 -1.0775999593734742 0.27330485 0.24330485 "" "" 17.360036547176385 "" 4.2929250250192155 ""
271.46590225707 -23.98071669012 0.0772 0.0647 14.2112 "" "" 4066105191935001728 3095.17773 0.3794 0.0946 -0.662 -2.164 0.089 0.061 1.062 "" "" 16.916246 1.912554 17.82119 15.908636 "" "" 2468.81274 3883.7334 3224.39435 3.4251 1016.1 16.304 3433.2 28.471 "" "" 0.0029869606515476213 0.017643379 0.009764882 0.02740826 271.46590225707 -23.98071669012 3095.17773 -0.662 -2.164 -0.5027000005245209 -0.6615999593734743 0.26630485 0.23830485 "" "" 12.190490502980035 "" 3.0344456503393826 ""
271.37812037683 -23.72469654828 0.088 0.0782 6.4723 "" "" 4066160236247634048 3110.8501 0.3919 0.1162 1.561 -1.163 0.107 0.082 0.951 9380.7 4.0124 16.916672 2.874717 18.47568 15.600963 "" "" 2217.24512 4924.35107 3223.13427 4.8697 556.09 14.711 4558.0 39.885 "" "" 0.003206662012437392 0.028857648 0.010224905 0.039082553 271.37812037683 -23.72469654828 3110.8501 1.5610000000000002 -1.163 1.720299999475479 0.33940004062652585 0.28430486 0.25930485 "" "" 25.855531294688934 "" 7.3276640408854625 ""
271.380676865 -23.57376678256 0.0722 0.0616 14.4641 "" "" 4066179954423084160 2559.08691 0.4196 0.0812 3.584 -3.512 0.091 0.065 1.011 4637.4 4.3559 16.916971 1.568293 17.621672 16.05338 "" "" 2091.41992 3181.61011 3222.24525 2.6234 1221.1 22.435 3004.7 23.218 "" "" 0.002893642357157016 0.020142179 0.009201701 0.02934388 271.380676865 -23.57376678256 2559.08691 3.583999999999998 -3.5120000000000005 3.743299999475479 -2.009599959373474 0.26830485 0.24230485 "" "" 51.53608768475888 "" 13.539119291750113 ""
271.41707097308 -23.83592519977 0.0694 0.0609 6.9552 "" "" 4066154429464255104 2378.5835 0.434 0.0944 -0.004 -1.526 0.086 0.064 0.944 "" "" 16.917679 1.854851 17.831049 15.976198 "" "" 2006.00208 3001.79272 3220.14157 3.1359 1006.9 8.3786 3226.1 8.8921 "" "" 0.0029512270802800017 0.0094556445 0.0048207333 0.014276378 271.41707097308 -23.83592519977 2378.5835 -0.003999999999999995 -1.526 0.15529999947547912 -0.023599959373474144 0.26330486 0.24130484 "" "" 1.7710292988177418 "" 0.4654771441793412 ""
271.10039717442 -23.79234855788 0.0807 0.0679 10.7489 "" "" 4066147248262139904 2355.63574 0.4326 0.0927 -0.082 -2.258 0.109 0.072 1.055 5213.2 4.7164 16.918716 1.480856 17.584818 16.103962 "" "" 1950.31824 2861.84619 3217.06575 2.9517 1263.3 11.29 2868.0 16.617 "" "" 0.0029298734384614893 0.010096323 0.007338693 0.017435016 271.10039717442 -23.79234855788 2355.63574 -0.08199999999999999 -2.258 0.07729999947547912 -0.7555999593734741 0.28630483 0.24930485 "" "" 8.48084695364695 "" 2.117804623567821 ""
271.26131022064 -23.6182434708 0.0897 0.0846 11.1877 "" "" 4066173705266506368 3480.87964 0.3865 0.1411 -1.861 -4.536 0.124 0.077 1.043 5276.9 4.7411 16.920704 1.428461 17.44831 16.01985 "" "" 2295.47192 6068.7627 3211.18528 3.3958 1432.5 15.199 3099.0 13.912 "" "" 0.0029849711240845928 0.011852876 0.0061676856 0.018020563 271.26131022064 -23.6182434708 3480.87964 -1.8610000000000004 -4.535999999999994 -1.7017000005245209 -3.0335999593734737 0.30130485 0.25430486 "" "" 57.389616300464226 "" 15.283456195245 ""
271.10013463403 -23.78231526353 0.0826 0.0739 10.8128 "" "" 4066147347030362240 2488.52368 0.4207 0.0958 -3.733 -2.755 0.104 0.073 0.998 5074.9 4.6822 16.921183 1.617365 17.65849 16.041124 "" "" 2048.30786 3087.20068 3209.76915 3.1384 1180.4 14.555 3038.8 31.62 "" "" 0.0029527568657875063 0.013675403 0.011912944 0.025588347 271.10013463403 -23.78231526353 2488.52368 -3.733000000000004 -2.755000000000001 -3.573700000524521 -1.252599959373474 0.28130484 0.25030485 "" "" 44.66834055469935 "" 12.421438366114794 ""
271.38399045734 -23.59240851964 0.0815 0.07 13.4742 "" "" 4066179095446056704 2908.46265 0.3591 0.0936 0.573 -1.125 0.104 0.073 1.116 "" "" 16.921572 2.579546 18.298065 15.718519 "" "" 2283.68921 4193.30273 3208.61845 3.2802 654.92 8.401 4090.3 14.448 "" "" 0.0029704875217793397 0.014204043 0.005384397 0.01958844 271.38399045734 -23.59240851964 2908.46265 0.573 -1.1249999999999991 0.7322999994754791 0.3774000406265259 0.28130484 0.25030485 "" "" 11.357398471906171 "" 3.1242950000431438 ""
271.14185994676 -23.81241424861 0.0774 0.0663 8.4794 "" "" 4066146247518566400 3514.36353 0.3144 0.0877 0.712 -3.113 0.107 0.072 1.081 4737.9 4.2816 16.921741 1.822071 17.79634 15.97427 "" "" 2588.85474 5029.20508 3208.11829 2.8402 1039.6 11.823 3231.8 16.182 "" "" 0.002918172973061394 0.012659009 0.006621046 0.019280054 271.14185994676 -23.81241424861 3514.36353 0.712 -3.112999999999999 0.8712999994754791 -1.610599959373474 0.28430486 0.24930485 "" "" 30.503838259782857 "" 7.859178313834404 ""
271.50462365293 -23.66524313804 0.0656 0.0566 14.0976 "" "" 4066165974336507904 2422.57397 0.4031 0.0774 -2.1 -3.696 0.079 0.06 0.918 5104.6 4.6499 16.921963 1.4692 17.588839 16.119638 "" "" 2068.43408 2989.44995 3207.46561 2.4109 1258.6 10.1 2826.8 9.7256 "" "" 0.0028736393074823233 0.009148662 0.0053138956 0.014462558 271.50462365293 -23.66524313804 2422.57397 -2.1 -3.696 -1.940700000524521 -2.1935999593734743 0.25630486 0.23730485 "" "" 33.63205487530834 "" 8.267695369600132 ""
271.04906203104 -23.71506441958 0.1013 0.0873 14.5244 "" "" 4066151779436965120 2840.71021 0.4598 0.1038 -0.064 -2.538 0.12 0.085 1.114 4967.3 4.7235 16.922358 1.478237 17.612097 16.13386 "" "" 2022.02661 5001.24756 3206.29488 3.6182 1231.9 18.726 2790.1 19.758 "" "" 0.003015451674974953 0.016738364 0.008567284 0.025305647 271.04906203104 -23.71506441958 2840.71021 -0.06399999999999989 -2.5380000000000003 0.09529999947547912 -1.035599959373474 0.29730484 0.26230484 "" "" 14.003237264487426 "" 3.677504529370761 ""
271.25312467862 -23.82244652431 0.0708 0.0602 2.6497 "" "" 4066158105956537344 2807.87061 0.388 0.0751 -2.094 -5.765 0.087 0.065 1.013 5018.8 4.2915 16.923264 1.80053 17.796652 15.996121 "" "" 2262.28589 3486.54785 3203.6199 3.0202 1039.3 7.47 3167.4 17.739 "" "" 0.0029393012752706492 0.008287564 0.007159478 0.015447042 271.25312467862 -23.82244652431 2807.87061 -2.0940000000000007 -5.765 -1.9347000005245207 -4.262599959373474 0.26430485 0.24230485 "" "" 62.302373673239515 "" 15.33897286641108 ""
271.18160057837 -23.69836788773 0.0906 0.0784 8.8355 "" "" 4066171536286609792 3071.70386 0.361 0.0968 0.446 -0.741 0.108 0.076 1.053 "" "" 16.9233 1.917322 17.838385 15.921062 "" "" 2412.29443 4065.62891 3203.51737 3.387 1000.1 18.419 3394.2 16.223 "" "" 0.0029848809997938706 0.0201899 0.0064197904 0.02660969 271.18160057837 -23.69836788773 3071.70386 0.44600000000000045 -0.741 0.6052999994754791 0.7614000406265259 0.28530484 0.25330484 "" "" 14.162188259117878 "" 3.7693207194418594 ""
271.06092373558 -23.63826869235 0.073 0.0622 16.2209 "" "" 4066175766862924160 2658.66992 0.402 0.0796 -3.392 -1.984 0.085 0.06 0.967 "" "" 16.923481 "" "" "" "" "" 2167.17896 3925.05127 3202.97955 2.7678 "" "" "" "" "" "" 0.002910678083778209 "" "" "" 271.06092373558 -23.63826869235 2658.66992 -3.392 -1.984 -3.232700000524521 -0.4815999593734741 0.26230484 0.23730485 "" "" 41.18839805424703 "" 10.782603169455971 ""
271.4200052789 -23.73980244816 0.0797 0.0701 7.769 "" "" 4066159377253772672 2909.8811 0.3962 0.1024 -1.51 -1.918 0.104 0.095 0.978 "" "" 16.923685 1.542555 17.28105 15.738495 "" "" 2189.15186 4089.62427 3202.37726 3.9848 1671.1 15.984 4015.7 40.028 "" "" 0.003068715658073656 0.01075331 0.011463415 0.022216726 271.4200052789 -23.73980244816 2909.8811 -1.509999999999998 -1.9180000000000004 -1.3507000005245209 -0.41559995937347405 0.28130484 0.27230483 "" "" 19.491936758901215 "" 5.468226299878723 ""
271.35534997408 -23.59307945188 0.0783 0.0668 12.9533 "" "" 4066179821313959296 2429.91504 0.4821 0.0997 0.6 -3.238 0.097 0.069 1.039 "" "" 16.923948 1.408979 17.503796 16.094816 "" "" 1943.30615 3162.90454 3201.60135 2.9698 1361.1 12.987 2892.2 19.04 "" "" 0.0029336145230436325 0.010728767 0.008085329 0.018814096 271.35534997408 -23.59307945188 2429.91504 0.6 -3.2380000000000004 0.7592999994754791 -1.735599959373474 0.27430487 0.24630484 "" "" 21.819595918310565 "" 5.47701575136096 ""
271.21802286949 -23.58588567629 0.0884 0.0809 13.6544 "" "" 4066176999485553792 3209.18384 0.3735 0.1173 -0.362 -1.425 0.114 0.079 0.996 7660.5 4.0438 16.923988 3.271348 18.868832 15.597484 "" "" 2216.93799 5493.20703 3201.48606 3.5237 387.15 8.4539 4572.6 21.348 "" "" 0.0030033046471686802 0.023872014 0.0063228165 0.03019483 271.21802286949 -23.58588567629 3209.18384 -0.362 -1.425 -0.20270000052452086 0.07740004062652583 0.29130486 0.25630486 "" "" 3.300518726492797 "" 0.9475396026097554 ""
271.26981360136 -23.62239114076 0.0802 0.0636 10.8711 "" "" 4066173705266431104 2473.65161 0.4362 0.1004 -0.593 -1.862 0.098 0.063 0.956 "" "" 16.926514 "" "" "" "" "" 1962.21191 3070.28857 3194.04461 46.392 "" "" "" "" "" "" 0.016008704457723285 "" "" "" 271.26981360136 -23.62239114076 2473.65161 -0.593 -1.862 -0.43370000052452085 -0.3595999593734742 0.27530485 0.24030486 "" "" 6.605804052104288 "" 1.7281555320429571 ""
271.02724118391 -23.71019105303 0.0732 0.0666 15.7488 "" "" 4066151470199360384 2938.93188 0.3854 0.0899 -0.391 -5.283 0.086 0.062 0.971 5901.4 4.5944 16.927492 1.665711 17.471443 15.805732 "" "" 2270.57397 4243.39648 3191.16723 4.818 1402.3 36.488 3774.6 75.171 "" "" 0.003206069960897655 0.028388422 0.021950202 0.050338626 271.02724118391 -23.71019105303 2938.93188 -0.391 -5.283 -0.2317000005245209 -3.7805999593734745 0.26330486 0.23930484 "" "" 52.764602832128055 "" 12.6318001826622 ""
271.48979531365 -23.70605882959 0.0752 0.0686 12.104 "" "" 4066165596379338112 3116.91797 0.3677 0.1034 0.079 -2.321 0.087 0.069 1.033 5333.5 4.6902 16.930132 1.318466 17.521418 16.202951 "" "" 2357.65381 4165.0625 3183.41992 2.5323 1339.2 12.435 2618.0 11.106 "" "" 0.0028875088480858663 0.010460472 0.0059580053 0.016418478 271.48979531365 -23.70605882959 3116.91797 0.079 -2.321 0.23829999947547914 -0.8185999593734743 0.26430485 0.24630484 "" "" 12.596181013329042 "" 3.120806454998377 ""
271.26596716219 -23.66708913153 0.1226 0.1049 8.2597 "" "" 4066173288633425536 2875.16724 0.4678 0.1618 -0.876 -3.749 0.195 0.114 1.328 4695.8 4.1773 16.931898 2.710918 18.341042 15.630123 "" "" 1888.77625 4479.22168 3178.2463 4.0323 629.51 15.57 4437.2 94.526 "" "" 0.0030804671971584405 0.02699864 0.023436261 0.050434902 271.26596716219 -23.66708913153 2875.16724 -0.876 -3.749 -0.7167000005245209 -2.2465999593734742 0.37230486 0.29130486 "" "" 32.137555136550574 "" 9.631815611684235 ""
271.35787746244 -23.80960639871 0.0834 0.0712 3.4324 "" "" 4066157586232234112 2438.12524 0.4896 0.1117 0.326 -5.746 0.096 0.067 1.046 4911.7 4.5677 16.932491 1.689802 17.727322 16.03752 "" "" 1845.89246 3296.40527 3176.50921 3.0351 1107.9 13.04 3048.9 23.161 "" "" 0.0029441455278971912 0.013080184 0.009072487 0.022152672 271.35787746244 -23.80960639871 2438.12524 0.3260000000000003 -5.746000000000004 0.48529999947547914 -4.243599959373475 0.27330485 0.24430485 "" "" 49.361721544765274 "" 12.078868749210352 ""
271.42413737609 -23.5676580582 0.0774 0.0668 15.7268 "" "" 4066179546433427840 3087.21167 0.3076 0.0871 -0.854 -1.645 0.101 0.072 1.045 9485.3 3.7099 16.933908 3.201214 18.838741 15.637527 "" "" 2549.1311 3878.87549 3172.36923 2.9375 398.03 6.3787 4407.0 5.5977 "" "" 0.0029330058650763047 0.01762195 0.0040231333 0.021645082 271.42413737609 -23.5676580582 3087.21167 -0.8540000000000009 -1.645 -0.6947000005245209 -0.14259995937347414 0.27830485 0.24930485 "" "" 10.377770529511562 "" 2.8766265825620185 ""
271.28123197746 -23.76906766505 0.0724 0.0616 2.1336 "" "" 4066158720103816320 2556.84473 0.3798 0.0816 1.129 -1.013 0.094 0.066 1.074 5770.1 4.5976 16.934153 1.710436 17.733162 16.022726 "" "" 2181.5188 3140.65405 3171.65483 2.7562 1101.9 8.8729 3090.8 15.6 "" "" 0.0029123892633469537 0.009177178 0.006656859 0.015834037 271.28123197746 -23.76906766505 2556.84473 1.129 -1.0129999999999997 1.2882999994754791 0.489400040626526 0.27130485 0.24330485 "" "" 16.702112188349634 "" 4.47508114021151 ""
271.50403561531 -23.7258770084 0.0791 0.0729 12.3076 "" "" 4066162568394739712 3120.44604 0.3789 0.1085 -2.722 -1.674 0.092 0.07 1.096 5090.9 4.7094 16.93594 1.616442 17.68386 16.06742 "" "" 2306.62744 5055.45557 3166.43715 4.0061 1153.1 11.284 2966.1 20.3 "" "" 0.0030787491536924567 0.010985048 0.008336681 0.019321728 271.50403561531 -23.7258770084 3120.44604 -2.722 -1.674 -2.562700000524521 -0.17159995937347405 0.26930484 0.24730486 "" "" 37.989557906668125 "" 10.227193002340561 ""
271.24707311626 -23.59113826555 0.085 0.0787 12.9327 "" "" 4066176763294840448 3348.66211 0.3526 0.103 -0.034 -1.863 0.102 0.073 0.891 5188.2 4.7346 16.936243 1.423952 17.562572 16.13862 "" "" 2481.28369 5479.16211 3165.55333 2.9623 1289.4 14.891 2777.9 14.378 "" "" 0.002936680591607888 0.012845614 0.0067722774 0.019617891 271.24707311626 -23.59113826555 3348.66211 -0.034 -1.8629999999999987 0.12529999947547912 -0.3605999593734741 0.27930486 0.25030485 "" "" 6.059373999394094 "" 1.5365877615326144 ""
271.14307420216 -23.7297355349 0.091 0.0801 9.4461 "" "" 4066147901112812544 2648.78711 0.4043 0.0873 9.246 -10.563 0.108 0.078 1.066 5205.4 4.6832 16.937363 1.500837 17.579966 16.079128 "" "" 2114.4519 3212.60938 3162.28936 2.8746 1268.9 20.705 2934.3 16.036 "" "" 0.0029267527905953174 0.017934633 0.0070349798 0.024969613 271.14307420216 -23.7297355349 2648.78711 9.246000000000006 -10.562999999999999 9.40529999947548 -9.060599959373475 0.28530484 0.25530484 "" "" 163.96702937420744 "" 44.480827349137506 ""
271.24680011015 -23.6470105322 0.0777 0.0651 9.6824 "" "" 4066173563520965760 2723.58789 0.4534 0.1034 2.75 -1.83 0.109 0.065 1.024 4255.9 4.3281 16.938236 1.531191 17.648285 16.117094 "" "" 2078.61841 3948.82373 3159.74747 2.9864 1191.5 13.711 2833.5 23.302 "" "" 0.0029402069776975942 0.012801701 0.009695753 0.022497455 271.24680011015 -23.6470105322 2723.58789 2.75 -1.8299999999999998 2.909299999475479 -0.3275999593734742 0.28630483 0.24230485 "" "" 37.79586644793122 "" 10.80189948525959 ""
271.20066820123 -23.80709481392 0.0652 0.056 5.2372 "" "" 4066146492363453184 2853.34497 0.3551 0.0708 0.801 -3.748 0.086 0.063 0.982 5351.2 4.6575 16.938553 1.404438 17.584606 16.180168 "" "" 2272.01294 3605.45215 3158.8254 2.4609 1263.5 13.577 2673.6 12.846 "" "" 0.0028822299173660547 0.011995831 0.006441869 0.018437698 271.20066820123 -23.80709481392 2853.34497 0.801 -3.7479999999999984 0.9602999994754792 -2.2455999593734743 0.26330486 0.24030486 "" "" 33.031936432268935 "" 8.059871446593018 ""
271.2870660563 -23.82045573887 0.0731 0.0602 1.2093 "" "" 4066157865438320000 2450.12476 0.4177 0.0806 -0.269 -1.547 0.089 0.063 1.021 "" "" 16.943375 1.593212 17.675457 16.082245 "" "" 2086.67651 3248.86987 3144.83042 3.062 1162.1 12.579 2925.9 13.943 "" "" 0.0029511579303065174 0.012079081 0.006407288 0.01848637 271.2870660563 -23.82045573887 2450.12476 -0.269 -1.5470000000000002 -0.10970000052452089 -0.04459995937347405 0.26630485 0.24030486 "" "" 1.3752790418250826 "" 0.3613868166755277 ""
271.15590867085 -23.59167522179 0.0886 0.08 14.7785 "" "" 4066176209211530368 3341.83643 0.3111 0.1037 1.643 -3.275 0.108 0.075 1.025 5046.2 4.722 16.944801 1.480345 17.618776 16.138432 "" "" 2595.94385 4537.62646 3140.69807 3.0698 1224.4 10.83 2778.3 12.704 "" "" 0.0029526245291891053 0.01000061 0.006239482 0.016240092 271.15590867085 -23.59167522179 3341.83643 1.6429999999999996 -3.2750000000000004 1.8022999994754791 -1.772599959373474 0.28530484 0.25230485 "" "" 40.043074314513945 "" 10.794982923341625 ""
271.41285193646 -23.61926898189 0.0684 0.059 12.7071 "" "" 4066178756159380608 2808.27271 0.4609 0.0813 -0.864 -2.533 0.087 0.062 1.029 5603.9 4.6592 16.947388 1.45594 17.56663 16.11069 "" "" 2136.61938 3731.57202 3133.22708 3.0306 1284.6 8.7454 2850.2 13.47 "" "" 0.0029486698248492567 0.007900646 0.0063728057 0.014273452 271.41285193646 -23.61926898189 2808.27271 -0.8640000000000009 -2.533 -0.7047000005245209 -1.030599959373474 0.26430485 0.23930484 "" "" 16.61897497897997 "" 4.113925204172222 ""
271.00799474331 -23.79590319945 0.0881 0.0762 15.8101 "" "" 4066148893218505600 2385.84473 0.4218 0.0777 -0.141 -3.424 0.1 0.074 1.057 "" "" 16.94827 2.113831 17.985533 15.871702 "" "" 2073.38501 2955.28979 3130.67917 2.8949 873.38 13.075 3552.0 13.202 "" "" 0.002932531081133735 0.016491834 0.0055288803 0.022020714 271.00799474331 -23.79590319945 2385.84473 -0.14100000000000001 -3.424 0.01829999947547914 -1.921599959373474 0.27730486 0.25130486 "" "" 21.732174922319565 "" 5.461455173364946 ""
271.31587906794 -23.64458888614 0.0729 0.0627 9.5078 "" "" 4066173396040291712 2543.70068 0.3757 0.0862 -0.752 -7.399 0.097 0.068 0.994 5149.7 4.6489 16.949524 1.524204 17.612204 16.088 "" "" 2118.94507 3161.96143 3127.06525 2.882 1231.8 12.252 2910.4 17.226 "" "" 0.0029313965560331975 0.011153811 0.0074552074 0.018609017 271.31587906794 -23.64458888614 2543.70068 -0.752 -7.398999999999999 -0.5927000005245209 -5.896599959373474 0.27430487 0.24530485 "" "" 71.45439134722277 "" 17.550046958008807 ""
271.1871981511 -23.98426505953 0.0759 0.0604 12.4566 "" "" 4066130991794042368 3020.83398 0.3253 0.0826 -1.475 -2.484 0.083 0.061 0.956 "" "" 16.950344 3.406694 19.017637 15.610943 "" "" 2476.77441 3777.10547 3124.7046 3.3559 337.57 8.6923 4516.3 12.945 "" "" 0.0029919068968693617 0.02809618 0.0048957583 0.03299194 271.1871981511 -23.98426505953 3020.83398 -1.475 -2.484 -1.315700000524521 -0.9815999593734741 0.26030484 0.23830485 "" "" 23.50459394281615 "" 5.9386282169288345 ""
271.43149925763 -23.77810133134 0.0734 0.0634 7.581 "" "" 4066159068029010304 2416.5332 0.429 0.0981 -2.179 -3.514 0.092 0.069 0.871 6725.3 4.3436 16.95038 1.891552 17.886877 15.995325 "" "" 1961.12256 3052.64478 3124.60019 2.9854 956.46 12.306 3169.8 19.305 "" "" 0.0029441330397740775 0.014245215 0.007616311 0.021861525 271.43149925763 -23.77810133134 2416.5332 -2.179 -3.5140000000000002 -2.0197000005245207 -2.011599959373474 0.26930484 0.24630484 "" "" 32.651422070511416 "" 8.427572652618174 ""
271.3220516092 -23.5651546946 0.0832 0.0808 14.2828 "" "" 4066180160581551616 3330.2439 0.3618 0.1155 3.377 -6.888 0.104 0.077 1.0 5106.1 4.7403 16.950975 1.541262 17.661043 16.119781 "" "" 2483.51538 4303.42139 3122.88953 2.6059 1177.6 9.7921 2826.5 13.872 "" "" 0.0029004508241728833 0.009449544 0.00653283 0.015982375 271.3220516092 -23.5651546946 3330.2439 3.377 -6.888 3.536299999475479 -5.385599959373474 0.28130484 0.25430486 "" "" 101.7024223478102 "" 26.720392156973247 ""
271.18880665314 -23.77168789118 0.072 0.0629 6.1549 "" "" 4066146801585362432 2359.9873 0.417 0.0755 -2.145 -3.999 0.096 0.066 1.02 "" "" 16.951387 "" "" "" "" "" 2005.82812 2828.73413 3121.70537 4.7386 "" "" "" "" "" "" 0.0032106088174622825 "" "" "" 271.18880665314 -23.77168789118 2359.9873 -2.145 -3.9989999999999988 -1.985700000524521 -2.4965999593734742 0.27330485 0.24330485 "" "" 35.6842764227545 "" 9.111903665462561 ""
271.35098506415 -23.57096817529 0.0757 0.0656 14.1881 "" "" 4066180130549078784 3092.95068 0.3379 0.0904 -1.534 -8.298 0.101 0.069 1.044 4631.5 4.3547 16.951689 1.543249 17.665236 16.121986 "" "" 2492.14917 3724.33057 3120.83852 2.4582 1173.1 23.228 2820.7 10.812 "" "" 0.002884989582882464 0.021678459 0.005621716 0.027300175 271.35098506415 -23.57096817529 3092.95068 -1.5340000000000005 -8.298 -1.374700000524521 -6.795599959373474 0.27830485 0.24630484 "" "" 101.64553410519343 "" 25.1715987298932 ""
271.15368244387 -23.6738606724 0.0891 0.0774 10.9602 "" "" 4066174564271586176 2489.40039 0.3973 0.09 -0.973 -0.99 0.108 0.076 1.029 5246.9 4.7288 16.951828 1.367605 17.554892 16.187286 "" "" 2101.2771 3060.78027 3120.43872 2.7631 1298.6 14.221 2656.1 14.657 "" "" 0.0029182330343346208 0.012212915 0.007083787 0.019296702 271.15368244387 -23.6738606724 2489.40039 -0.973 -0.9899999999999997 -0.8137000005245209 0.5124000406265259 0.28530484 0.25330484 "" "" 11.34656697145152 "" 3.1384059014560735 ""
271.23488391598 -23.55352667505 0.0837 0.0773 15.2805 "" "" 4066178172044196224 2634.10938 0.4136 0.1003 1.335 -1.852 0.101 0.072 0.949 5058.6 4.7181 16.954515 1.483461 17.640896 16.157434 "" "" 2015.87036 3316.77271 3112.72511 2.7344 1199.7 11.086 2730.1 15.653 "" "" 0.0029157288459954814 0.010413652 0.007282517 0.017696168 271.23488391598 -23.55352667505 2634.10938 1.3349999999999986 -1.8520000000000005 1.494299999475479 -0.3495999593734742 0.27830485 0.24930485 "" "" 19.161154576263804 "" 5.305237603837808 ""
271.2057066912 -23.57031973166 0.0858 0.0761 14.7576 "" "" 4066177755399846784 2740.10425 0.3893 0.1018 -1.375 -3.301 0.107 0.074 0.993 5075.1 4.7277 16.956728 1.466208 17.639193 16.172985 "" "" 2203.1521 3548.20972 3106.38529 2.6637 1201.5 9.8618 2691.3 10.728 "" "" 0.0029083618905902477 0.009338203 0.0057458477 0.015084051 271.2057066912 -23.57031973166 2740.10425 -1.375 -3.301 -1.2157000005245209 -1.7985999593734743 0.28430486 0.25130486 "" "" 28.196097363500346 "" 7.39022451932859 ""
271.45739945197 -23.63175574131 0.0672 0.058 13.5289 "" "" 4066167039489428480 3192.68945 0.3241 0.0801 0.124 -2.747 0.083 0.061 0.991 "" "" 16.95675 1.555235 17.676577 16.121342 "" "" 2607.1084 4331.12939 3106.31968 2.4114 1160.9 7.437 2822.4 14.998 "" "" 0.0028813497108094795 0.00749425 0.006897173 0.014391422 271.45739945197 -23.63175574131 3192.68945 0.12399999999999999 -2.7469999999999994 0.2832999994754791 -1.244599959373474 0.26030484 0.23830485 "" "" 19.316744763468876 "" 4.625122450020881 ""
271.37751500092 -23.56480264765 0.0681 0.0594 14.9212 "" "" 4066180023142596864 2662.39062 0.4235 0.0817 -0.299 -0.756 0.091 0.068 1.012 4573.2 4.2933 16.95696 1.888557 17.90518 16.016623 "" "" 2074.0188 3282.6792 3105.71926 2.8082 940.47 8.9401 3108.2 9.443 "" "" 0.002924991394542159 0.010691495 0.0050164005 0.015707895 271.37751500092 -23.56480264765 2662.39062 -0.299 -0.756 -0.13970000052452086 0.7464000406265259 0.26830485 0.24530485 "" "" 9.582931815393719 "" 2.3585361835411494 ""
271.13377415715 -23.59065356177 0.079 0.0719 15.4965 "" "" 4066176385337898880 3080.73535 0.379 0.1062 -3.082 -2.417 0.094 0.068 1.064 5322.7 4.7103 16.957003 1.474255 17.457005 15.98275 "" "" 2368.42505 3913.45557 3105.60374 3.7339 1421.1 23.408 3206.7 50.33 "" "" 0.003048907639918186 0.018100318 0.017454986 0.035555303 271.13377415715 -23.59065356177 3080.73535 -3.0819999999999994 -2.4170000000000007 -2.9227000005245207 -0.9145999593734739 0.27130485 0.24530485 "" "" 44.72015740916193 "" 12.033654992662228 ""
271.46753066063 -23.65500882034 0.0669 0.0589 12.909 "" "" 4066166764610563456 2872.32544 0.3712 0.0842 -0.127 -0.786 0.081 0.063 0.982 5045.9 4.7084 16.95892 1.38265 17.586346 16.203695 "" "" 2386.7522 3606.34058 3100.12497 2.5065 1261.5 9.6892 2616.3 18.314 "" "" 0.002891778582799879 0.0087936055 0.008487957 0.017281562 271.46753066063 -23.65500882034 2872.32544 -0.1270000000000001 -0.7860000000000009 0.032299999475479124 0.7164000406265258 0.25830483 0.24030486 "" "" 9.763568021112782 "" 2.346602672538527 ""
271.33704485855 -23.64210243921 0.0853 0.0711 9.8561 "" "" 4066173018083143936 2740.12109 0.4168 0.0984 1.949 0.744 0.107 0.073 0.96 4986.7 4.7325 16.959204 1.434523 17.608698 16.174175 "" "" 2133.23096 3869.17358 3099.31279 2.895 1235.8 9.5125 2688.4 12.136 "" "" 0.002936037215495528 0.008810848 0.0061891745 0.015000023 271.33704485855 -23.64210243921 2740.12109 1.949 0.7440000000000001 2.108299999475479 2.2464000406265257 0.28430486 0.25030485 "" "" 40.01378378939981 "" 10.674386668088697 ""
271.35103657252 -23.77192793453 0.0714 0.0616 3.5236 "" "" 4066158548305116160 2446.59473 0.4224 0.095 -0.287 -3.239 0.088 0.064 0.946 5201.4 4.6953 16.960787 1.552219 17.67269 16.12047 "" "" 2010.16992 3146.21069 3094.79633 2.6506 1165.0 16.046 2824.7 17.192 "" "" 0.00290800688996402 0.015212337 0.00761256 0.022824896 271.35103657252 -23.77192793453 2446.59473 -0.2870000000000002 -3.2390000000000008 -0.12770000052452085 -1.736599959373474 0.26530486 0.24130484 "" "" 20.193480807053874 "" 4.8755201339380445 ""
271.0793796187 -23.65696377646 0.0751 0.0636 14.7368 "" "" 4066175698143434624 3299.04443 0.3138 0.0811 0.255 1.034 0.087 0.062 1.021 5437.4 4.7164 16.96142 1.395567 17.586306 16.190739 "" "" 2727.21167 4736.8374 3092.99311 2.4279 1261.5 7.2733 2647.7 11.586 "" "" 0.0028841203188509396 0.0068535837 0.0060709263 0.01292451 271.0793796187 -23.65696377646 3299.04443 0.25500000000000034 1.0339999999999998 0.41429999947547913 2.5364000406265257 0.26430485 0.23930484 "" "" 40.188511350874975 "" 9.644739651246685 ""
271.42646749412 -23.56790568861 0.0719 0.063 15.7713 "" "" 4066179546433424768 3285.13916 0.3412 0.0952 -0.625 -2.262 0.093 0.067 0.925 "" "" 16.961843 1.535097 17.291979 15.756882 "" "" 2536.09399 4994.08936 3091.7836 4.272 1654.3 85.889 3948.3 144.05 "" "" 0.0031372537678819026 0.05643895 0.039791945 0.096230894 271.42646749412 -23.56790568861 3285.13916 -0.6249999999999992 -2.2620000000000005 -0.4657000005245209 -0.7595999593734741 0.27030486 0.24430485 "" "" 13.874151167141916 "" 3.4917711942801932 ""
271.31473934948 -23.79397634288 0.075 0.0623 1.1403 "" "" 4066158380834397952 3341.05444 0.3527 0.0895 0.399 -1.059 0.088 0.065 0.921 "" "" 16.962011 1.62438 17.718103 16.093723 "" "" 2628.50317 4235.16895 3091.30527 3.0355 1117.3 11.78 2895.1 12.834 "" "" 0.0029543925808956473 0.011782347 0.0061195944 0.017901942 271.31473934948 -23.79397634288 3341.05444 0.39899999999999997 -1.059 0.5582999994754791 0.44340004062652594 0.26530486 0.24230485 "" "" 11.290755697692331 "" 2.8978103939145767 ""
271.29633877139 -23.62643777967 0.0857 0.0718 10.5334 "" "" 4066173464748065792 2710.6189 0.4559 0.0994 1.51 -3.263 0.127 0.08 0.938 5224.6 4.7404 16.962189 1.429495 17.603056 16.173561 "" "" 2079.57104 3630.71143 3090.80041 3.0694 1242.2 9.5985 2689.9 17.542 "" "" 0.002958774214476717 0.008841312 0.008026081 0.016867392 271.29633877139 -23.62643777967 2710.6189 1.510000000000001 -3.2629999999999995 1.6692999994754791 -1.760599959373474 0.30430484 0.25730485 "" "" 31.172172218350486 "" 8.744974179118026 ""
271.12540155551 -23.68950536948 0.0864 0.0744 11.5431 "" "" 4066174594303372416 3114.33032 0.4028 0.0893 -7.383 -5.256 0.107 0.075 1.04 5168.2 4.6884 16.962744 1.437756 17.616808 16.179052 "" "" 2177.53125 5207.771 3089.22381 2.5984 1226.6 9.9051 2676.3 8.0077 "" "" 0.0029027196695150786 0.009200851 0.0049836915 0.014184543 271.12540155551 -23.68950536948 3114.33032 -7.383000000000001 -5.256000000000002 -7.223700000524521 -3.7535999593734743 0.28430486 0.25230485 "" "" 120.1727331470988 "" 33.385216037814786 ""
271.09181158794 -23.85742712484 0.0754 0.0644 11.6851 "" "" 4066144602562109056 3229.30688 0.3204 0.0827 -0.825 -3.562 0.103 0.069 1.013 "" "" 16.965525 2.082239 18.015665 15.933426 "" "" 2645.74634 3952.63721 3081.31827 3.1276 849.48 7.9214 3355.7 26.09 "" "" 0.0029675394570545 0.010501919 0.00924885 0.01975077 271.09181158794 -23.85742712484 3229.30688 -0.825 -3.562 -0.6657000005245208 -2.059599959373474 0.28030485 0.24630484 "" "" 33.13198722384329 "" 8.273691608140886 ""
271.17864004936 -23.7003209613 0.0854 0.0731 8.8707 "" "" 4066171501926874624 3259.02271 0.3085 0.0899 1.397 -4.293 0.106 0.074 1.008 4989.7 4.6595 16.965584 1.522062 17.658325 16.136263 "" "" 2560.31958 4391.79785 3081.15282 2.9546 1180.6 9.5032 2783.9 15.624 "" "" 0.0029454651851015252 0.009174181 0.007170342 0.016344523 271.17864004936 -23.7003209613 3259.02271 1.397 -4.293 1.5562999994754791 -2.7905999593734743 0.28330484 0.25130486 "" "" 49.35922637799546 "" 12.796578820382816 ""
271.11814420718 -23.8270712693 0.0731 0.0629 9.873 "" "" 4066146870320606720 2408.11401 0.4365 0.0874 0.217 -0.306 0.103 0.067 0.972 "" "" 16.965809 1.74309 17.80409 16.061 "" "" 1979.49097 2950.74585 3080.51512 2.4882 1032.2 10.018 2983.7 13.659 "" "" 0.0028915170803770446 0.010900731 0.0062440555 0.017144786 271.11814420718 -23.8270712693 2408.11401 0.217 -0.306 0.3762999994754791 1.1964000406265258 0.28030485 0.24430485 "" "" 14.315821056434352 "" 3.546887408881574 ""
271.51553999658 -23.78533848285 0.0712 0.0663 12.0992 "" "" 4066156211842827008 2577.18628 0.4303 0.1005 -0.733 0.362 0.083 0.061 0.993 "" "" 16.966942 1.670145 17.751823 16.081678 "" "" 2044.18616 3425.20728 3077.29915 2.3943 1083.1 15.019 2927.4 12.793 "" "" 0.0028819105234034197 0.015311916 0.0060660136 0.02137793 271.51553999658 -23.78533848285 2577.18628 -0.7329999999999998 0.362 -0.5737000005245209 1.864400040626526 0.26030484 0.23830485 "" "" 23.82913542859089 "" 5.725840506086476 ""
271.22759498833 -23.8778579771 0.077 0.0661 5.897 "" "" 4066134187250116736 2641.08057 0.3931 0.0906 -2.332 -0.764 0.095 0.067 0.913 4757.1 4.0966 16.96933 2.723955 18.51959 15.795635 "" "" 2065.65796 3423.69336 3070.54211 2.9759 534.05 10.009 3809.8 13.759 "" "" 0.0029494174809522335 0.020538934 0.005445992 0.025984926 271.22759498833 -23.8778579771 2641.08057 -2.332 -0.764 -2.1727000005245207 0.7384000406265259 0.27230483 0.24430485 "" "" 28.727288939820752 "" 7.743173570340018 ""
271.38358159786 -23.58851136486 0.0742 0.0631 13.6848 "" "" 4066179099756853504 3029.64551 0.3579 0.0907 1.186 -2.247 0.097 0.068 1.018 5116.2 4.6959 16.969383 1.559368 17.70167 16.142302 "" "" 2414.33691 3756.62427 3070.39027 2.4025 1134.4 8.3113 2768.5 14.128 "" "" 0.002883321295591897 0.008429902 0.0067068995 0.015136801 271.38358159786 -23.58851136486 3029.64551 1.186 -2.2469999999999994 1.345299999475479 -0.744599959373474 0.27430487 0.24530485 "" "" 22.080956595287986 "" 5.912977134474771 ""
271.4857997955 -23.62478448791 0.0667 0.0579 14.8953 "" "" 4066167245646924800 3145.46436 0.3211 0.0805 -0.331 -1.792 0.081 0.06 0.935 8598.0 3.6523 16.969545 2.452687 18.294537 15.841849 "" "" 2543.73584 3953.03271 3069.9288 2.2594 657.06 5.3786 3651.1 9.7705 "" "" 0.002868852527653713 0.009315361 0.004767129 0.0140824905 271.4857997955 -23.62478448791 3145.46436 -0.3310000000000001 -1.792 -0.1717000005245209 -0.28959995937347416 0.25830483 0.23730485 "" "" 5.019633487613932 "" 1.2194770629999365 ""
271.20613327125 -23.57314676145 0.1103 0.097 14.59 "" "" 4066177755409540352 2362.70996 0.5058 0.1262 2.145 2.78 0.147 0.094 1.084 4906.1 4.7298 16.970934 1.561312 17.689697 16.128386 "" "" 1802.61877 3260.7998 3066.00818 2.951 1146.9 7.5841 2804.2 12.404 "" "" 0.002946834583631202 0.0077027464 0.0061113634 0.01381411 271.20613327125 -23.57314676145 2362.70996 2.145 2.780000000000001 2.304299999475479 4.282400040626525 0.32430485 0.27130485 "" "" 54.46190596294678 "" 15.470829742227773 ""
271.48176139365 -23.65739297568 0.0813 0.071 13.3973 "" "" 4066166008696293760 2478.10132 0.4303 0.0973 -0.041 -4.977 0.099 0.069 1.045 5143.7 4.7461 16.97465 1.399647 17.614634 16.214987 "" "" 2000.56543 3407.89014 3055.5333 2.8117 1229.0 8.6959 2589.2 11.915 "" "" 0.002930866399530378 0.008173225 0.006264761 0.014437987 271.48176139365 -23.65739297568 2478.10132 -0.04100000000000002 -4.977 0.11829999947547912 -3.4745999593734744 0.27630484 0.24630484 "" "" 40.836995580829964 "" 10.059854439204145 ""
271.2908246421 -23.7050954407 0.076 0.0656 5.8206 "" "" 4066170917811283072 2435.52563 0.432 0.099 3.403 -1.122 0.104 0.073 1.051 4613.1 4.2586 16.97745 2.109625 18.044874 15.935249 "" "" 1947.27502 3102.3313 3047.66253 2.7067 826.93 8.4966 3350.1 14.819 "" "" 0.002919178202880751 0.011499432 0.006111436 0.017610868 271.2908246421 -23.7050954407 2435.52563 3.4030000000000014 -1.122 3.562299999475479 0.38040004062652577 0.28130484 0.25030485 "" "" 41.35839351321136 "" 11.620649470745754 ""
271.34333344333 -23.86216308284 0.1369 0.1125 4.4506 "" "" 4066156864677498240 2730.38525 0.4534 0.1532 -2.848 -5.389 0.173 0.123 1.943 "" "" 16.980103 2.06801 17.7633 15.69529 "" "" 1802.64014 4494.82812 3040.22742 4.0858 1071.8 13.255 4178.7 27.414 "" "" 0.0031178298746505997 0.01371418 0.008063443 0.021777622 271.34333344333 -23.86216308284 2730.38525 -2.848 -5.389000000000003 -2.6887000005245207 -3.8865999593734744 0.35030484 0.30030486 "" "" 61.16359209584853 "" 19.41037625513957 ""
271.18146600503 -23.79178925354 0.067 0.0573 6.3125 "" "" 4066146698521900032 2509.15601 0.4032 0.0727 -0.562 -2.716 0.089 0.062 0.967 5183.3 4.6613 16.980206 1.4021 17.619164 16.217064 "" "" 2096.61157 3079.60938 3039.93596 2.3444 1223.9 7.7762 2584.2 12.324 "" "" 0.0028797386089105853 0.0074412636 0.006410453 0.013851717 271.18146600503 -23.79178925354 2509.15601 -0.562 -2.716 -0.40270000052452093 -1.2135999593734743 0.26630485 0.23930484 "" "" 15.207710719755006 "" 3.6820512858396497 ""
271.46377934509 -23.64052801429 0.0698 0.064 13.375 "" "" 4066166833330071040 2756.63647 0.3899 0.0915 -0.213 -1.378 0.085 0.071 0.991 5354.1 4.7305 16.980421 1.602038 17.542042 15.940003 "" "" 2043.04431 3708.99463 3039.33568 3.3646 1314.0 22.26 3335.5 80.083 "" "" 0.00300606460548566 0.018603493 0.026340306 0.0449438 271.46377934509 -23.64052801429 2756.63647 -0.21299999999999994 -1.378 -0.05370000052452087 0.12440004062652599 0.26230484 0.24830484 "" "" 1.7704475358826408 "" 0.44359561469235215 ""
271.23242224842 -23.57448595794 0.0851 0.0789 14.0891 "" "" 4066177038161593472 3377.12549 0.3313 0.1033 -0.093 -1.055 0.106 0.076 0.981 5148.6 4.7308 16.982645 1.426254 17.62751 16.201256 "" "" 2577.28784 5366.62842 3033.11553 2.7618 1214.5 7.6388 2622.1 11.337 "" "" 0.0029273111829902832 0.0073769353 0.0060266424 0.013403578 271.23242224842 -23.57448595794 3377.12549 -0.093 -1.0550000000000002 0.06629999947547913 0.44740004062652594 0.28330484 0.25330484 "" "" 7.239999517351711 "" 1.8388638969875 ""
271.20616097429 -23.77941043839 0.0669 0.0574 5.1101 "" "" 4066170196256380032 2645.37842 0.3701 0.0733 -2.306 -6.392 0.091 0.066 0.983 "" "" 16.984901 1.511146 17.663694 16.152548 "" "" 2260.19458 3257.6626 3026.81849 2.4024 1174.7 8.0781 2742.5 17.508 "" "" 0.00288693766496151 0.007970632 0.007894715 0.015865348 271.20616097429 -23.77941043839 2645.37842 -2.306000000000001 -6.392000000000001 -2.146700000524521 -4.8895999593734745 0.26830485 0.24330485 "" "" 66.95982723392042 "" 16.573629495580555 ""
271.14931301851 -23.71381891857 0.0849 0.0728 9.6331 "" "" 4066174323753354496 2448.68555 0.4173 0.0894 1.809 1.292 0.105 0.074 0.993 4737.2 4.3387 16.98508 1.652443 17.758669 16.106226 "" "" 2031.38049 3147.62109 3026.31591 2.742 1076.3 11.441 2862.0 14.431 "" "" 0.0029256659463277753 0.011873785 0.006652428 0.018526213 271.14931301851 -23.71381891857 2448.68555 1.809000000000002 1.2919999999999998 1.968299999475479 2.7944000406265257 0.28230485 0.25130486 "" "" 39.672197059694156 "" 10.393786918129774 ""
271.13076727581 -23.67032302753 0.1008 0.0865 12.0285 "" "" 4066174804789797376 3019.37598 0.349 0.1018 -1.713 -3.935 0.123 0.089 1.041 9223.5 3.6149 16.98588 3.499317 19.123116 15.623798 "" "" 2331.0874 4138.92041 3024.0895 3.4886 306.32 9.9861 4463.1 10.979 "" "" 0.003026643045121062 0.03550504 0.0046278723 0.040132914 271.13076727581 -23.67032302753 3019.37598 -1.7130000000000005 -3.9349999999999996 -1.553700000524521 -2.432599959373474 0.30030486 0.26630485 "" "" 41.310249793076565 "" 11.425854620544557 ""
271.42066481652 -23.76394261687 0.079 0.069 7.2203 "" "" 4066159132420708480 3472.33911 0.3413 0.1078 -1.574 -4.462 0.099 0.072 1.081 8819.3 4.165 16.987192 2.445174 18.279568 15.834393 "" "" 2488.49658 4781.97656 3020.43717 2.7511 666.18 13.249 3676.2 16.789 "" "" 0.002927413684577289 0.02177266 0.006234614 0.028007274 271.42066481652 -23.76394261687 3472.33911 -1.5740000000000018 -4.462 -1.414700000524521 -2.959599959373474 0.27630484 0.24930485 "" "" 53.990690175025584 "" 13.74297884756559 ""
271.23587196183 -23.55075837122 0.0891 0.0836 15.4309 "" "" 4066178172044199552 2489.27783 0.4538 0.1027 -0.74 -5.201 0.107 0.077 0.989 4992.3 4.7009 16.98824 1.548876 17.721483 16.172607 "" "" 1962.7312 3325.97339 3017.52588 2.9559 1113.8 12.201 2692.2 23.836 "" "" 0.00295346485670505 0.012216474 0.010329078 0.022545552 271.23587196183 -23.55075837122 2489.27783 -0.7400000000000001 -5.201 -0.5807000005245209 -3.6985999593734737 0.28430486 0.25430486 "" "" 44.175043932256955 "" 11.267640593609755 ""
271.43988003474 -23.87114649588 0.0713 0.063 8.9246 "" "" 4066153359984144384 2619.16675 0.4127 0.0988 -0.647 -1.574 0.09 0.066 0.995 9275.8 3.8531 16.991486 2.246864 18.175213 15.928349 "" "" 2145.93726 3374.55249 3008.51808 2.6012 733.38 7.0307 3371.5 13.047 "" "" 0.0029108457023708763 0.010776119 0.0056512775 0.016427398 271.43988003474 -23.87114649588 2619.16675 -0.647 -1.5740000000000003 -0.4877000005245209 -0.07159995937347419 0.26730484 0.24330485 "" "" 6.1196252537162215 "" 1.6328430577169473 ""
271.26754178634 -23.82909378204 0.0772 0.0642 2.2512 "" "" 4066157895469786752 2953.70996 0.3635 0.0868 2.96 1.276 0.098 0.071 1.051 "" "" 16.992939 1.793694 17.826464 16.03277 "" "" 2354.15796 3710.60327 3004.49217 2.9746 1011.2 10.528 3062.3 20.208 "" "" 0.0029575788449300515 0.011643282 0.008100438 0.01974372 271.26754178634 -23.82909378204 2953.70996 2.960000000000001 1.276 3.119299999475479 2.7784000406265257 0.27530485 0.24830484 "" "" 58.484148533036624 "" 15.422358058824438 ""
271.4017016393 -23.66921691525 0.0897 0.073 9.8606 "" "" 4066160992174589184 3083.5686 0.3931 0.1084 -2.263 -2.907 0.11 0.075 1.025 5082.7 4.734 16.99308 1.509304 17.68189 16.172586 "" "" 2151.396 4515.50537 3004.10237 2.6796 1155.2 12.554 2692.3 14.808 "" "" 0.002920564153785898 0.012124523 0.0070671644 0.019191686 271.4017016393 -23.66921691525 3083.5686 -2.2629999999999972 -2.907000000000001 -2.1037000005245208 -1.4045999593734741 0.28730485 0.25230485 "" "" 36.97170740368386 "" 10.240606233797923 ""
271.18959312615 -23.76870478299 0.3091 0.2805 6.1693 "" "" 4066146801585369728 2769.05566 0.7003 0.3461 -0.84 -4.089 0.501 0.324 3.955 "" "" 16.99333 "" "" "" "" "" 1532.88086 5122.27148 3003.41244 17.285 "" "" "" "" "" "" 0.006829060419956844 "" "" "" 271.18959312615 -23.76870478299 2769.05566 -0.8399999999999999 -4.089 -0.6807000005245208 -2.5865999593734745 0.67830485 0.50130486 "" "" 35.105890823399434 "" 18.066061780847214 ""
271.2811532667 -23.96732520099 0.0844 0.0735 9.9528 "" "" 4066129449916922240 3425.31226 0.3532 0.1033 -1.441 -3.653 0.112 0.078 0.988 9010.9 3.5408 16.99491 3.534937 19.091074 15.556137 "" "" 2476.72607 5121.92529 2999.04411 5.1459 315.49 17.819 4750.1 31.557 "" "" 0.003326018241717784 0.061386257 0.008143182 0.06952944 271.2811532667 -23.96732520099 3425.31226 -1.4410000000000003 -3.6529999999999974 -1.281700000524521 -2.150599959373474 0.28930485 0.25530484 "" "" 40.647823013629065 "" 10.756989004985513 ""
271.14988828071 -23.65537593483 0.0888 0.0773 11.9045 "" "" 4066174839149531520 2714.86133 0.4098 0.0936 -0.226 -4.629 0.106 0.074 0.998 "" "" 16.995073 "" "" "" "" "" 2122.67163 3342.38599 2998.59076 30.425 "" "" "" "" "" "" 0.011355692132135196 "" "" "" 271.14988828071 -23.65537593483 2714.86133 -0.22599999999999998 -4.629 -0.06670000052452088 -3.1265999593734737 0.28330484 0.25130486 "" "" 40.24362675322667 "" 10.114042270742118 ""
271.02267756093 -23.70401384334 0.0772 0.0686 16.1156 "" "" 4066151676357813888 2747.17969 0.401 0.0913 0.082 -0.571 0.092 0.067 1.054 7119.4 4.3172 16.995083 1.89708 17.939894 16.042814 "" "" 2215.05249 3827.04321 2998.56837 2.4186 910.88 7.8159 3034.1 11.097 "" "" 0.0028911428871398973 0.00972512 0.005482023 0.0152071435 271.02267756093 -23.70401384334 2747.17969 0.082 -0.571 0.24129999947547914 0.9314000406265259 0.26930484 0.24430485 "" "" 12.52875689914488 "" 3.0814749917227653 ""
271.42354646569 -23.69356350876 0.0752 0.07 9.5637 "" "" 4066160717299276032 3145.38232 0.3531 0.1057 -0.779 -1.623 0.088 0.07 1.012 5075.4 4.7346 16.995558 1.398481 17.630058 16.231577 "" "" 2402.27124 4252.69922 2997.25639 2.2813 1211.7 7.8982 2549.9 17.649 "" "" 0.0028765783051330875 0.0076072896 0.008411715 0.016019005 271.42354646569 -23.69356350876 3145.38232 -0.7790000000000009 -1.6229999999999993 -0.6197000005245209 -0.12059995937347412 0.26530486 0.24730486 "" "" 9.412509252539547 "" 2.491204538536604 ""
271.44791140616 -23.65053499934 0.0713 0.0618 12.3408 "" "" 4066166730238274560 2884.51074 0.3659 0.0869 0.673 0.4 0.084 0.063 1.003 4952.0 4.3783 16.996223 1.389515 17.59599 16.206474 "" "" 2358.55566 3507.76514 2995.41938 2.5886 1250.3 14.269 2609.6 33.144 "" "" 0.0029106967094339464 0.012701181 0.014298251 0.026999433 271.44791140616 -23.65053499934 2884.51074 0.6730000000000007 0.4 0.8322999994754792 1.9024000406265258 0.26130486 0.24030486 "" "" 28.39110422555512 "" 6.921768698218879 ""
271.16970168953 -23.58984834751 0.0876 0.0786 14.4949 "" "" 4066176209211540096 2608.94019 0.4091 0.1047 -1.118 -1.278 0.11 0.078 0.892 4687.0 4.4586 16.996239 1.888765 17.957535 16.06877 "" "" 2103.96362 3327.50122 2995.37496 2.6263 896.2 11.29 2962.4 15.221 "" "" 0.002915135004277113 0.013959395 0.006738271 0.020697666 271.16970168953 -23.58984834751 2608.94019 -1.1180000000000014 -1.278 -0.958700000524521 0.22440004062652585 0.28730485 0.25530484 "" "" 12.176084449163065 "" 3.47908441464149 ""
271.41039381977 -23.76182396778 0.0733 0.0643 6.7321 "" "" 4066159338579154048 2598.26636 0.4324 0.1017 -0.234 -3.037 0.093 0.065 0.943 4618.2 4.3577 16.996386 1.712431 17.811743 16.099312 "" "" 2057.69629 3443.09399 2994.97124 2.995 1025.0 7.9961 2880.3 9.5836 "" "" 0.0029615257685106674 0.008917645 0.005228224 0.014145869 271.41039381977 -23.76182396778 2598.26636 -0.23400000000000004 -3.037 -0.07470000052452089 -1.534599959373474 0.27030486 0.24230485 "" "" 18.922177382009174 "" 4.586259887475434 ""
271.2282152037 -23.82606968484 0.0716 0.063 3.9866 "" "" 4066134668286667264 2767.84839 0.3833 0.0802 -1.244 -3.853 0.09 0.064 1.037 4482.4 4.2234 16.99776 1.734438 17.850826 16.116388 "" "" 2233.5957 3443.38892 2991.17923 2.3103 988.75 10.049 2835.3 13.195 "" "" 0.0028801084149578755 0.01138199 0.006309898 0.017691888 271.2282152037 -23.82606968484 2767.84839 -1.2439999999999998 -3.8529999999999993 -1.0847000005245209 -2.3505999593734743 0.26730484 0.24130484 "" "" 33.964046372525935 "" 8.357473627911956 ""
271.2414312213 -23.59419291724 0.0859 0.0789 12.8223 "" "" 4066176724607614720 2517.59009 0.4553 0.1153 -1.804 -4.451 0.112 0.077 0.989 5203.3 4.7632 16.998402 1.379835 17.62481 16.244974 "" "" 1931.00122 3455.7373 2989.41517 2.7914 1217.6 10.992 2518.7 15.388 "" "" 0.0029359184172981774 0.010190983 0.007634427 0.01782541 271.2414312213 -23.59419291724 2517.59009 -1.804 -4.451 -1.644700000524521 -2.9485999593734737 0.28930485 0.25430486 "" "" 40.290445468493836 "" 10.597680924694547 ""
271.42078967792 -23.62940056963 0.0788 0.0685 12.4218 "" "" 4066178751831992192 2976.97046 0.3494 0.1022 -0.726 -2.655 0.1 0.071 1.089 5342.5 4.7055 16.99851 1.468945 17.677582 16.208637 "" "" 2332.56396 4223.2002 2989.11461 2.5544 1159.8 13.88 2604.4 10.723 "" "" 0.002907347020672306 0.01328983 0.005853799 0.01914363 271.42078967792 -23.62940056963 2976.97046 -0.7259999999999999 -2.6550000000000002 -0.5667000005245209 -1.152599959373474 0.27730486 0.24830484 "" "" 18.12370027888187 "" 4.607225780017516 ""
271.37527952584 -23.65539124729 0.0774 0.0677 9.8173 "" "" 4066172704517919872 2940.67578 0.3744 0.0998 -2.269 -5.287 0.097 0.067 1.035 "" "" 16.999834 2.01371 18.033026 16.019316 "" "" 2371.0022 3862.80151 2985.47281 3.0001 836.0 19.233 3100.5 18.619 "" "" 0.0029634762908880403 0.025133777 0.0075362045 0.032669984 271.37527952584 -23.65539124729 2940.67578 -2.268999999999998 -5.287000000000001 -2.109700000524521 -3.784599959373474 0.27430487 0.24430485 "" "" 60.39545410108184 "" 15.203987653388067 ""
