Clusters/LP_1209/LP_1209_stars_in_region.tsv
# %ECSV 1.0
# ---
# datatype:
# - name: RA_ICRS_1
#   unit: deg
#   datatype: float64
#   format: '{:15.11f}'
#   description: Right ascension (ICRS) at Ep=2016.0 (ra)
#   meta: !!omap
#   - {ucd: POS_EQ_RA_MAIN}
#   - {width: 15}
#   - {precision: '11'}
# - name: DE_ICRS_1
#   unit: deg
#   datatype: float64
#   format: '{:15.11f}'
#   description: Declination (ICRS) at Ep=2016.0 (dec)
#   meta: !!omap
#   - {ucd: POS_EQ_DEC_MAIN}
#   - {width: 15}
#   - {precision: '11'}
# - name: e_RA_ICRS
#   unit: mas
#   datatype: float64
#   format: '{:7.4f}'
#   description: Standard error of right ascension (ra_error)
#   meta: !!omap
#   - {ucd: ERROR}
#   - {width: 7}
#   - {precision: '4'}
# - name: e_DE_ICRS
#   unit: mas
#   datatype: float64
#   format: '{:7.4f}'
#   description: Standard error of declination (dec_error)
#   meta: !!omap
#   - {ucd: ERROR}
#   - {width: 7}
#   - {precision: '4'}
# - name: _r_1
#   unit: ''
#   datatype: float64
#   format: '{:7.4f}'
#   description: Distance from center (271.29590742000-23.80199442000)[ICRS], at Epoch=J2016.0
#   meta: !!omap
#   - {ucd: POS_ANG_DIST_GENERAL}
#   - {width: 7}
#   - {precision: '4'}
# - name: HIP
#   datatype: int32
#   description: '? HIP cross-id number, van Leeuwen, Cat. I/311 (hip_original_ext_source_id)'
#   meta: !!omap
#   - {ucd: ID_NUMBER}
#   - {width: 6}
#   - values: {'null': -2147483648}
# - name: TYC2
#   datatype: string
#   description: Tycho-2 cross-id name, Hog et al., Cat. I/259 (tyc2_original_ext_source_id)
#   meta: !!omap
#   - {ucd: ID_CROSSID}
#   - {_votable_string_dtype: char}
# - name: Source
#   datatype: int64
#   description: Source identifier, identical to the Gaia-EDR3 source_id (id)
#   meta: !!omap
#   - {ucd: ID_MAIN}
#   - {width: 19}
# - name: rgeo
#   unit: pc
#   datatype: float64
#   format: '{:15.8f}'
#   description: '? Median of the geometric distance posterior (r_med_geo)'
#   meta: !!omap
#   - {ucd: PHYS_DISTANCE_TRUE}
#   - {width: 15}
#   - {precision: '8'}
#   - values: {'null': .nan}
# - name: Plx
#   unit: mas
#   datatype: float64
#   format: '{:9.4f}'
#   description: '? Parallax (parallax)'
#   meta: !!omap
#   - {ucd: POS_PARLX_TRIG}
#   - {width: 9}
#   - {precision: '4'}
#   - values: {'null': .nan}
# - name: e_Plx
#   unit: mas
#   datatype: float32
#   format: '{:7.4f}'
#   description: '? Standard error of parallax (parallax_error)'
#   meta: !!omap
#   - {ucd: ERROR}
#   - {width: 7}
#   - {precision: '4'}
#   - values: {'null': .nan}
# - name: pmRA
#   unit: mas / yr
#   datatype: float64
#   format: '{:9.3f}'
#   description: '? Proper motion in right ascension direction, pmRA*cosDE (pmra)'
#   meta: !!omap
#   - {ucd: POS_EQ_PMRA}
#   - {width: 9}
#   - {precision: '3'}
#   - values: {'null': .nan}
# - name: pmDE
#   unit: mas / yr
#   datatype: float64
#   format: '{:9.3f}'
#   description: '? Proper motion in declination direction (pmdec)'
#   meta: !!omap
#   - {ucd: POS_EQ_PMDEC}
#   - {width: 9}
#   - {precision: '3'}
#   - values: {'null': .nan}
# - name: e_pmRA
#   unit: mas / yr
#   datatype: float32
#   format: '{:6.3f}'
#   description: '? Standard error of proper motion in right ascension direction (pmra_error)'
#   meta: !!omap
#   - {ucd: ERROR}
#   - {width: 6}
#   - {precision: '3'}
#   - values: {'null': .nan}
# - name: e_pmDE
[...]
#         value: !astropy.table.SerializedColumn {name: SkyCoord.dec}
#       distance: !astropy.table.SerializedColumn
#         __class__: astropy.coordinates.distances.Distance
#         unit: !astropy.units.Unit {unit: pc}
#         value: !astropy.table.SerializedColumn {name: SkyCoord.distance}
#       frame: icrs
#       obstime: !astropy.time.Time {format: jyear_str, in_subfmt: '*', jd1: 367701545.0, jd2: 0.0, out_subfmt: '*', precision: 3, scale: tt}
#       pm_dec: !astropy.table.SerializedColumn
#         __class__: astropy.units.quantity.Quantity
#         unit: !astropy.units.Unit {unit: mas / yr}
#         value: !astropy.table.SerializedColumn {name: SkyCoord.pm_dec}
#       pm_ra_cosdec: !astropy.table.SerializedColumn
#         __class__: astropy.units.quantity.Quantity
#         unit: !astropy.units.Unit {unit: mas / yr}
#         value: !astropy.table.SerializedColumn {name: SkyCoord.pm_ra_cosdec}
#       ra: !astropy.table.SerializedColumn
#         __class__: astropy.coordinates.angles.Longitude
#         unit: *id001
#         value: !astropy.table.SerializedColumn {name: SkyCoord.ra}
#         wrap_angle: !astropy.coordinates.Angle
#           unit: *id001
#           value: 360.0
#       representation_type: spherical
# schema: astropy-2.0
RA_ICRS_1 DE_ICRS_1 e_RA_ICRS e_DE_ICRS _r_1 HIP TYC2 Source rgeo Plx e_Plx pmRA pmDE e_pmRA e_pmDE RUWE Teff logg Gmag BP-RP BPmag RPmag RV e_RV b_rgeo B_rgeo FG e_FG FBP e_FBP FRP e_FRP RAVE5 RAVE6 e_Gmag e_BPmag e_RPmag e_BP-RP SkyCoord.ra SkyCoord.dec SkyCoord.distance SkyCoord.pm_ra_cosdec SkyCoord.pm_dec rmRA rmDE e_rmRA e_rmDE rRV e_rRV v_pec v_pec3d e_vpec e_vpec3d
[from data line 963]
271.3810754628 -23.87315415569 0.0548 0.0453 6.3307 "" "" 4066153673550001408 2721.9314 0.3502 0.0651 0.343 -1.828 0.064 0.046 1.031 "" "" 16.367184 1.990502 17.360897 15.370395 "" "" 2244.37622 3299.38184 5346.54285 4.1759 1552.6 12.113 5636.4 13.323 "" "" 0.00288286516302621 0.008918344 0.004568385 0.013486729 271.3810754628 -23.87315415569 2721.9314 0.343 -1.8280000000000007 0.5022999994754791 -0.3255999593734742 0.24130484 0.22330485 "" "" 7.723095756452208 "" 1.8235944530531678 ""
271.47763977111 -23.68828008436 0.05 0.0451 12.09 "" "" 4066165832570082432 2371.52075 0.4227 0.0654 0.624 -1.179 0.06 0.043 0.956 5709.0 4.5376 16.367525 1.3533 16.971642 15.618341 "" "" 2054.29346 2967.30566 5344.86203 3.0509 2222.1 11.36 4485.6 9.6954 "" "" 0.0028241597155387148 0.0062124133 0.004448711 0.010661124 271.47763977111 -23.68828008436 2371.52075 0.624 -1.1789999999999998 0.7832999994754791 0.32340004062652583 0.23730485 0.22030485 "" "" 9.526026543267303 "" 2.2377169800905787 ""
271.39588879363 -23.72989400588 0.0501 0.0451 6.9897 "" "" 4066160201900518144 3213.76904 0.3153 0.067 -0.724 -1.753 0.059 0.046 1.038 "" "" 16.36914 1.881619 17.281977 15.400358 "" "" 2630.40454 3810.75757 5336.91765 3.6116 1669.7 17.878 5483.0 19.67 "" "" 0.0028516015941595996 0.0119554605 0.0054272423 0.017382704 271.39588879363 -23.72989400588 3213.76904 -0.7240000000000001 -1.7530000000000001 -0.5647000005245209 -0.250599959373474 0.23630485 0.22330485 "" "" 9.411229504939945 "" 2.2042559052274555 ""
271.14362359306 -23.64073800258 0.0584 0.0507 12.7901 "" "" 4066175968693137920 3203.69873 0.3117 0.0652 -0.19 -2.884 0.068 0.049 1.06 6053.4 4.4496 16.369686 1.405531 16.903027 15.497496 "" "" 2694.625 4342.86084 5334.23447 3.7705 2367.0 24.104 5013.7 77.482 "" "" 0.002860204843843857 0.011403061 0.017199403 0.028602464 271.14362359306 -23.64073800258 3203.69873 -0.18999999999999997 -2.884 -0.030700000524520876 -1.381599959373474 0.24530485 0.22630484 "" "" 20.98550930679661 "" 4.749327441887863 ""
271.44218856842 -23.73008935306 0.0507 0.0473 9.1179 "" "" 4066159789583585280 2937.26147 0.3372 0.0724 -0.374 -2.122 0.06 0.047 0.977 5317.6 4.329 16.370142 1.360226 16.943409 15.583183 "" "" 2353.93066 3631.5542 5331.99331 6.1826 2280.6 14.72 4633.2 27.676 "" "" 0.003029311021789423 0.007542851 0.0075063994 0.015049251 271.44218856842 -23.73008935306 2937.26147 -0.374 -2.122 -0.21470000052452087 -0.619599959373474 0.23730485 0.22430485 "" "" 9.1296741820748 "" 2.060880485288996 ""
271.31386818522 -23.72495103518 0.0527 0.0451 4.7266 "" "" 4066170647261104128 2374.97852 0.4087 0.0673 -0.347 1.967 0.068 0.047 1.039 "" "" 16.370852 1.4131 17.00325 15.59015 "" "" 2076.12524 2727.16479 5328.51793 3.7486 2158.3 8.0526 4603.6 13.442 "" "" 0.0028592305822840633 0.0049188025 0.0049329586 0.009851761 271.31386818522 -23.72495103518 2374.97852 -0.3470000000000001 1.9670000000000003 -0.18770000052452085 3.469400040626526 0.24530485 0.22430485 "" "" 39.11353463649126 "" 8.775864724117604 ""
271.05580376774 -23.66212146484 0.0599 0.0496 15.6319 "" "" 4066152294833306112 2373.01733 0.4166 0.068 -1.735 -4.798 0.073 0.051 1.164 4849.7 4.186 16.371334 1.57731 17.092798 15.515489 "" "" 2051.35449 2794.55176 5326.1494 4.4992 1987.5 8.8973 4931.3 13.874 "" "" 0.00290395872405211 0.005604365 0.0048595006 0.0104638655 271.05580376774 -23.66212146484 2373.01733 -1.7349999999999997 -4.798 -1.575700000524521 -3.295599959373474 0.25030485 0.22830485 "" "" 41.088394279010636 "" 9.555350613387066 ""
271.15627455813 -23.60583168988 0.064 0.0624 14.049 "" "" 4066176179179403520 2372.45581 0.4502 0.0836 0.269 -3.063 0.073 0.059 1.008 4978.1 4.3518 16.372515 1.341151 16.854883 15.513732 "" "" 2046.96204 2898.60303 5320.35353 7.8372 2474.4 26.808 4939.3 84.597 "" "" 0.0031858631898366054 0.012089403 0.018975928 0.031065332 271.15627455813 -23.60583168988 2372.45581 0.26899999999999996 -3.063 0.42829999947547914 -1.5605999593734743 0.25030485 0.23630485 "" "" 18.198559773770157 "" 4.318743450870579 ""
271.08726933551 -23.74989294817 0.0584 0.0535 11.8747 "" "" 4066150752971119488 2391.73218 0.4334 0.077 1.88 1.012 0.07 0.05 0.988 4922.6 4.3056 16.3769 1.676734 17.176239 15.499505 "" "" 2021.17053 2960.9314 5298.91641 3.4935 1840.4 11.282 5004.4 13.169 "" "" 0.0028467830764869065 0.007216945 0.004737798 0.011954743 271.08726933551 -23.74989294817 2391.73218 1.8800000000000012 1.012 2.039299999475479 2.514400040626526 0.24730486 0.22730485 "" "" 36.70212885635427 "" 8.641298552924246 ""
271.41535316496 -23.73305860117 0.0547 0.0485 7.7542 "" "" 4066159819615636352 2561.46436 0.3936 0.0714 2.676 -1.246 0.064 0.049 1.049 4712.7 4.2789 16.377626 1.790185 17.25536 15.465175 "" "" 2136.6001 3067.61694 5295.36903 3.3422 1711.1 7.8713 5165.2 13.765 "" "" 0.0028392572568579637 0.0057210545 0.0047597983 0.010480853 271.41535316496 -23.73305860117 2561.46436 2.676 -1.2460000000000002 2.8352999994754793 0.2564000406265259 0.24130484 0.22630484 "" "" 34.56481595469181 "" 8.336581675134694 ""
271.15351243957 -23.7926388043 0.0549 0.047 7.8374 "" "" 4066147415749772032 3032.22021 0.3287 0.0651 0.152 -1.707 0.077 0.052 0.987 7887.6 4.2987 16.377922 1.312936 16.956089 15.643153 "" "" 2547.21362 3685.79419 5293.93007 3.1221 2254.1 11.318 4384.3 13.352 "" "" 0.00282874376349261 0.0061240965 0.0050216294 0.011145726 271.15351243957 -23.7926388043 3032.22021 0.1520000000000001 -1.7070000000000003 0.31129999947547915 -0.2045999593734742 0.25430486 0.22930485 "" "" 5.354082363569992 "" 1.3226187874064206 ""
271.2110864832 -23.59833674879 0.0601 0.0544 13.0779 "" "" 4066176900733838464 2430.94312 0.4386 0.0819 1.055 -0.646 0.076 0.052 0.941 "" "" 16.378653 1.272587 16.945122 15.672535 "" "" 2028.34363 3053.8313 5290.36207 4.2454 2277.0 19.531 4267.2 28.224 "" "" 0.0028897953880969735 0.009721908 0.00811505 0.017836958 271.2110864832 -23.59833674879 2430.94312 1.0549999999999997 -0.6460000000000001 1.214299999475479 0.8564000406265259 0.25330484 0.22930485 "" "" 17.121717033628176 "" 4.204973079094001 ""
271.41995486042 -23.62252066145 0.0497 0.0415 12.7435 "" "" 4066178751832030464 2877.30273 0.338 0.062 0.092 -0.931 0.062 0.044 0.926 "" "" 16.378729 1.304627 16.950306 15.645679 "" "" 2409.73267 3711.38013 5289.98994 3.6726 2266.2 8.9106 4374.1 15.793 "" "" 0.002856566071546752 0.005099999 0.0054452852 0.010545284 271.41995486042 -23.62252066145 2877.30273 0.092 -0.9309999999999999 0.2512999994754791 0.5714000406265258 0.23930484 0.22130485 "" "" 8.513361408370326 "" 1.9097194335256638 ""
271.46220991929 -23.66772088493 0.0542 0.0478 12.1794 "" "" 4066166661531335808 2919.42822 0.3371 0.0694 -0.058 -1.46 0.065 0.047 1.1 "" "" 16.37929 1.191679 16.890453 15.698774 "" "" 2462.62915 3422.48535 5287.26387 3.8839 2394.6 11.115 4165.3 11.647 "" "" 0.0028684291027201454 0.005760483 0.0048477435 0.010608226 271.46220991929 -23.66772088493 2919.42822 -0.05800000000000001 -1.46 0.10129999947547913 0.042400040626525914 0.24230485 0.22430485 "" "" 1.5196373322158723 "" 0.36426807363230784 ""
271.33269538489 -23.56382183111 0.0576 0.0504 14.4326 "" "" 4066180160581560704 2739.94946 0.3663 0.0756 -0.642 -2.018 0.073 0.051 0.983 6316.3 4.4825 16.380735 1.211294 16.900452 15.689158 "" "" 2347.05737 3260.7666 5280.22934 3.658 2372.7 12.351 4202.4 19.281 "" "" 0.00285614199119846 0.0063029695 0.006252891 0.01255586 271.33269538489 -23.56382183111 2739.94946 -0.642 -2.018 -0.4827000005245209 -0.5155999593734739 0.25030485 0.22830485 "" "" 9.172815632446898 "" 2.1907706473036392 ""
271.32798912532 -23.60478362347 0.0585 0.0505 11.9632 "" "" 4066173975828475136 2896.0293 0.3797 0.0731 -2.025 -2.475 0.073 0.053 1.084 6355.5 4.4193 16.381012 1.366138 16.998356 15.632217 "" "" 2268.31738 3692.96729 5278.88538 3.9955 2168.1 12.778 4428.6 11.944 "" "" 0.0028752572863721027 0.006980791 0.0047810413 0.011761833 271.32798912532 -23.60478362347 2896.0293 -2.025 -2.4749999999999996 -1.8657000005245208 -0.9725999593734742 0.25030485 0.23030485 "" "" 28.881890328996025 "" 7.109786850375643 ""
271.10389100041 -23.74776891931 0.0594 0.0509 11.0339 "" "" 4066150718611371904 3412.97192 0.3007 0.0736 1.341 1.626 0.077 0.056 0.98 4906.1 4.2866 16.382458 1.540641 17.100004 15.559363 "" "" 2676.95679 4318.05713 5271.86168 3.4006 1974.3 8.4816 4736.0 14.281 "" "" 0.0028429353039461707 0.0054351618 0.0050002434 0.010435405 271.10389100041 -23.74776891931 3412.97192 1.3409999999999989 1.6260000000000008 1.500299999475479 3.1284000406265258 0.25430486 0.23330486 "" "" 56.128622291059116 "" 13.323409720304902 ""
271.48082546299 -23.63913001918 0.0752 0.0673 14.095 "" "" 4066166794642990208 2664.86865 0.4411 0.0992 0.086 -2.147 0.086 0.069 1.823 5596.4 4.6086 16.382727 1.350025 16.931473 15.581448 "" "" 2177.40039 3569.17212 5270.55239 5.9327 2305.8 21.438 4640.7 35.561 "" "" 0.003014201868749148 0.010473059 0.00913802 0.01961108 271.48082546299 -23.63913001918 2664.86865 0.08599999999999994 -2.147 0.24529999947547912 -0.6445999593734739 0.26330486 0.24630484 "" "" 8.71188516040847 "" 2.1650737010592476 ""
271.48676503164 -23.59925798676 0.0512 0.0455 16.0597 "" "" 4066167486167770624 2508.03101 0.4012 0.0627 0.128 -1.107 0.06 0.047 1.005 "" "" 16.382744 1.346187 16.977644 15.631457 "" "" 2135.61914 3130.65283 5270.47005 3.0128 2209.8 9.3202 4431.8 10.948 "" "" 0.0028243571172153806 0.005362349 0.0046343845 0.009996734 271.48676503164 -23.59925798676 2508.03101 0.1279999999999999 -1.107 0.28729999947547913 0.3954000406265259 0.23730485 0.22430485 "" "" 5.810364728745351 "" 1.3298777852884578 ""
271.3239091863 -23.60895107928 0.0557 0.0481 11.6843 "" "" 4066173872749242240 2601.95752 0.386 0.0705 1.452 -0.272 0.068 0.05 1.045 7052.4 4.3173 16.383081 1.438209 17.040808 15.602599 "" "" 2226.25806 3251.76123 5268.8324 3.3549 2084.9 14.926 4551.1 12.724 "" "" 0.002840727998969021 0.008258503 0.004847478 0.013105981 271.3239091863 -23.60895107928 2601.95752 1.452 -0.272 1.611299999475479 1.2304000406265259 0.24530485 0.22730485 "" "" 25.00394523606108 "" 5.971763357606888 ""
271.32204399298 -23.73376871232 0.056 0.0502 4.3378 "" "" 4066158891912035584 2453.11987 0.4159 0.076 1.7 -0.388 0.071 0.052 1.086 4837.1 4.2697 16.384602 1.585332 17.09864 15.513309 "" "" 2075.15942 3078.9624 5261.45478 3.7852 1976.8 12.627 4941.2 13.264 "" "" 0.002863897438783882 0.0074754697 0.0047726436 0.012248114 271.32204399298 -23.73376871232 2453.11987 1.7 -0.388 1.859299999475479 1.114400040626526 0.24830484 0.22930485 "" "" 25.20545090311462 "" 6.135699339733957 ""
271.21447121412 -23.70185711876 0.0568 0.0463 7.49 "" "" 4066171643693686144 3087.36157 0.3479 0.0741 0.213 -1.369 0.073 0.046 1.01 "" "" 16.385052 1.206569 16.898256 15.691688 "" "" 2510.48096 3791.521 5259.2737 3.7013 2377.5 13.397 4192.6 13.898 "" "" 0.0028593085278926103 0.006724232 0.0052189273 0.01194316 271.21447121412 -23.70185711876 3087.36157 0.213 -1.369 0.3722999994754791 0.13340004062652588 0.25030485 0.22330485 "" "" 5.7874623857337815 "" 1.4317105278485596 ""
271.13045960302 -23.86309071591 0.0514 0.0439 9.7924 "" "" 4066145800841745280 2401.59253 0.3822 0.0611 -1.977 -4.607 0.068 0.048 0.92 "" "" 16.38622 3.097951 18.21242 15.114469 "" "" 2072.3606 2749.55054 5253.61376 4.2353 708.68 12.276 7134.6 13.937 "" "" 0.0028910060889993593 0.019013336 0.004333823 0.023347158 271.13045960302 -23.86309071591 2401.59253 -1.977 -4.607 -1.817700000524521 -3.1045999593734743 0.24530485 0.22530484 "" "" 40.95321463048726 "" 9.442807520812789 ""
271.41380192333 -23.62514194683 0.0507 0.0475 12.4314 "" "" 4066178756159371008 3139.00269 0.3222 0.0658 -2.275 -3.709 0.062 0.048 0.97 4935.6 4.3021 16.392317 1.600244 17.141758 15.541514 "" "" 2696.59863 3921.28394 5224.20694 3.2503 1899.8 9.0253 4814.5 15.22 "" "" 0.0028369162609777534 0.0058642654 0.005105345 0.010969611 271.41380192333 -23.62514194683 3139.00269 -2.2749999999999995 -3.709 -2.115700000524521 -2.206599959373474 0.23930484 0.22530484 "" "" 45.4847647943715 "" 10.557738620410932 ""
271.49702365486 -23.75700130314 0.0546 0.05 11.3677 "" "" 4066156594127784320 3060.87964 0.3456 0.0757 1.103 -0.509 0.063 0.048 1.018 4905.2 4.2611 16.39382 1.785683 17.258488 15.472805 "" "" 2514.70947 4522.82129 5216.97487 3.0394 1706.2 12.215 5129.0 12.289 "" "" 0.0028269959807504866 0.008258592 0.004588141 0.012846733 271.49702365486 -23.75700130314 3060.87964 1.103 -0.509 1.262299999475479 0.9934000406265259 0.24030486 0.22530484 "" "" 23.30531948435984 "" 5.469319910460452 ""
271.21262954965 -23.69401740852 0.0564 0.0508 7.9303 "" "" 4066171845524277376 2934.54199 0.371 0.0777 -1.885 -3.24 0.074 0.052 0.966 4950.6 4.3006 16.395033 1.477039 17.066013 15.588974 "" "" 2335.24561 3944.48169 5211.14843 4.0607 2037.1 22.937 4608.6 12.537 "" "" 0.002882286579367071 0.012539357 0.0047965995 0.017335957 271.21262954965 -23.69401740852 2934.54199 -1.8849999999999996 -3.24 -1.7257000005245209 -1.7375999593734743 0.25130486 0.22930485 "" "" 34.06405486089115 "" 8.191756794740712 ""
271.27538729827 -23.68046407151 0.0536 0.0455 7.3784 "" "" 4066173224241600256 3094.62598 0.3189 0.0686 -1.861 -0.274 0.068 0.047 1.009 9414.8 3.9389 16.395842 2.883918 18.030794 15.146876 "" "" 2571.63623 3713.78442 5207.27122 4.2866 837.72 12.804 6924.8 27.534 "" "" 0.002896656514973682 0.016827691 0.0057376465 0.022565339 271.27538729827 -23.68046407151 3094.62598 -1.861 -0.274 -1.7017000005245209 1.2284000406265259 0.24530485 0.22430485 "" "" 30.785564318710993 "" 7.336791132054534 ""
271.52350535864 -23.68406337034 0.0527 0.0475 14.3638 "" "" 4066165699458537984 2857.77075 0.3413 0.0655 -0.333 -1.211 0.062 0.049 1.035 "" "" 16.397364 1.208067 16.765219 15.557152 "" "" 2393.96484 3367.90479 5199.97166 6.0663 2687.4 52.328 4745.7 125.05 "" "" 0.0030325108251168845 0.021324357 0.028857889 0.050182246 271.52350535864 -23.68406337034 2857.77075 -0.333 -1.2109999999999992 -0.1737000005245209 0.2914000406265258 0.23930484 0.22630484 "" "" 4.595326365956898 "" 1.0559332141513549 ""
271.05023051997 -23.92378140354 0.0507 0.0428 15.3336 "" "" 4066143945415639936 2355.59692 0.3967 0.0518 -0.048 -1.468 0.064 0.046 1.04 9327.4 3.8491 16.397503 2.286769 17.60802 15.321252 "" "" 2147.9624 2656.06274 5199.31219 3.0768 1236.5 7.0115 5897.4 18.06 "" "" 0.0028292409422115052 0.0067593493 0.005033769 0.011793118 271.05023051997 -23.92378140354 2355.59692 -0.048000000000000015 -1.4680000000000002 0.11129999947547912 0.03440004062652591 0.24130484 0.22330485 "" "" 1.3007267974036754 "" 0.3119000669891988 ""
271.54569897334 -23.68524247191 0.0486 0.0436 15.4039 "" "" 4066163122478122240 2531.82056 0.3996 0.0629 -0.594 -0.293 0.057 0.042 1.013 5343.7 3.8525 16.39754 1.607675 17.159569 15.551894 "" "" 2162.16797 3126.4624 5199.13321 2.7138 1868.9 8.9706 4768.7 13.071 "" "" 0.002812999267568623 0.005911379 0.0048104376 0.010721817 271.54569897334 -23.68524247191 2531.82056 -0.5940000000000006 -0.29300000000000004 -0.43470000052452085 1.209400040626526 0.23430485 0.21930484 "" "" 15.42287543383445 "" 3.4095750153933246 ""
271.16192675534 -23.78749691954 0.056 0.0478 7.4068 "" "" 4066147420060676864 2493.63892 0.4114 0.0592 -0.869 -2.519 0.075 0.05 0.989 5725.9 4.456 16.402376 1.42616 17.03963 15.613471 "" "" 2154.34326 2920.38379 5176.02762 3.4515 2087.2 10.836 4505.8 12.264 "" "" 0.00284885208077062 0.0062895208 0.004797587 0.011087108 271.16192675534 -23.78749691954 2493.63892 -0.8689999999999999 -2.519 -0.7097000005245209 -1.0165999593734742 0.25230485 0.22730485 "" "" 14.654465170113772 "" 3.4553571904950386 ""
