Clusters/FSR_0852/FSR_0852_stars_in_region.tsv
# %ECSV 1.0
# ---
# datatype:
# - name: RA_ICRS_1
#   unit: deg
#   datatype: float64
#   format: '{:15.11f}'
#   description: Right ascension (ICRS) at Ep=2016.0 (ra)
#   meta: !!omap
#   - {ucd: POS_EQ_RA_MAIN}
#   - {width: 15}
#   - {precision: '11'}
# - name: DE_ICRS_1
#   unit: deg
#   datatype: float64
#   format: '{:15.11f}'
#   description: Declination (ICRS) at Ep=2016.0 (dec)
#   meta: !!omap
#   - {ucd: POS_EQ_DEC_MAIN}
#   - {width: 15}
#   - {precision: '11'}
# - name: e_RA_ICRS
#   unit: mas
#   datatype: float64
#   format: '{:7.4f}'
#   description: Standard error of right ascension (ra_error)
#   meta: !!omap
#   - {ucd: ERROR}
#   - {width: 7}
#   - {precision: '4'}
# - name: e_DE_ICRS
#   unit: mas
#   datatype: float64
#   format: '{:7.4f}'
#   description: Standard error of declination (dec_error)
#   meta: !!omap
#   - {ucd: ERROR}
#   - {width: 7}
#   - {precision: '4'}
# - name: _r_1
#   unit: ''
#   datatype: float64
#   format: '{:7.4f}'
#   description: Distance from center (088.37220762000+25.19579455000)[ICRS], at Epoch=J2016.0
#   meta: !!omap
#   - {ucd: POS_ANG_DIST_GENERAL}
#   - {width: 7}
#   - {precision: '4'}
# - name: HIP
#   datatype: int32
#   description: '? HIP cross-id number, van Leeuwen, Cat. I/311 (hip_original_ext_source_id)'
#   meta: !!omap
#   - {ucd: ID_NUMBER}
#   - {width: 6}
#   - values: {'null': -2147483648}
# - name: TYC2
#   datatype: string
#   description: Tycho-2 cross-id name, Hog et al., Cat. I/259 (tyc2_original_ext_source_id)
#   meta: !!omap
#   - {ucd: ID_CROSSID}
#   - {_votable_string_dtype: char}
# - name: Source
#   datatype: int64
#   description: Source identifier, identical to the Gaia-EDR3 source_id (id)
#   meta: !!omap
#   - {ucd: ID_MAIN}
#   - {width: 19}
# - name: rgeo
#   unit: pc
#   datatype: float64
#   format: '{:15.8f}'
#   description: '? Median of the geometric distance posterior (r_med_geo)'
#   meta: !!omap
#   - {ucd: PHYS_DISTANCE_TRUE}
#   - {width: 15}
#   - {precision: '8'}
#   - values: {'null': .nan}
# - name: Plx
#   unit: mas
#   datatype: float64
#   format: '{:9.4f}'
#   description: '? Parallax (parallax)'
#   meta: !!omap
#   - {ucd: POS_PARLX_TRIG}
#   - {width: 9}
#   - {precision: '4'}
#   - values: {'null': .nan}
# - name: e_Plx
#   unit: mas
#   datatype: float32
#   format: '{:7.4f}'
#   description: '? Standard error of parallax (parallax_error)'
#   meta: !!omap
#   - {ucd: ERROR}
#   - {width: 7}
#   - {precision: '4'}
#   - values: {'null': .nan}
# - name: pmRA
#   unit: mas / yr
#   datatype: float64
#   format: '{:9.3f}'
#   description: '? Proper motion in right ascension direction, pmRA*cosDE (pmra)'
#   meta: !!omap
#   - {ucd: POS_EQ_PMRA}
#   - {width: 9}
#   - {precision: '3'}
#   - values: {'null': .nan}
# - name: pmDE
#   unit: mas / yr
#   datatype: float64
#   format: '{:9.3f}'
#   description: '? Proper motion in declination direction (pmdec)'
#   meta: !!omap
#   - {ucd: POS_EQ_PMDEC}
#   - {width: 9}
#   - {precision: '3'}
#   - values: {'null': .nan}
# - name: e_pmRA
#   unit: mas / yr
#   datatype: float32
#   format: '{:6.3f}'
#   description: '? Standard error of proper motion in right ascension direction (pmra_error)'
#   meta: !!omap
#   - {ucd: ERROR}
#   - {width: 6}
#   - {precision: '3'}
#   - values: {'null': .nan}
# - name: e_pmDE
[...]
#         unit: &id001 !astropy.units.Unit {unit: deg}
#         value: !astropy.table.SerializedColumn {name: SkyCoord.dec}
#       distance: !astropy.table.SerializedColumn
#         __class__: astropy.coordinates.distances.Distance
#         unit: !astropy.units.Unit {unit: pc}
#         value: !astropy.table.SerializedColumn {name: SkyCoord.distance}
#       frame: icrs
#       obstime: !astropy.time.Time {format: jyear_str, in_subfmt: '*', jd1: 367701545.0, jd2: 0.0, out_subfmt: '*', precision: 3, scale: tt}
#       pm_dec: !astropy.table.SerializedColumn
#         __class__: astropy.units.quantity.Quantity
#         unit: !astropy.units.Unit {unit: mas / yr}
#         value: !astropy.table.SerializedColumn {name: SkyCoord.pm_dec}
#       pm_ra_cosdec: !astropy.table.SerializedColumn
#         __class__: astropy.units.quantity.Quantity
#         unit: !astropy.units.Unit {unit: mas / yr}
#         value: !astropy.table.SerializedColumn {name: SkyCoord.pm_ra_cosdec}
#       ra: !astropy.table.SerializedColumn
#         __class__: astropy.coordinates.angles.Longitude
#         unit: *id001
#         value: !astropy.table.SerializedColumn {name: SkyCoord.ra}
#         wrap_angle: !astropy.coordinates.Angle
#           unit: *id001
#           value: 360.0
#       representation_type: spherical
# schema: astropy-2.0
RA_ICRS_1 DE_ICRS_1 e_RA_ICRS e_DE_ICRS _r_1 HIP TYC2 Source rgeo Plx e_Plx pmRA pmDE e_pmRA e_pmDE RUWE Teff logg Gmag BP-RP BPmag RPmag RV e_RV b_rgeo B_rgeo FG e_FG FBP e_FBP FRP e_FRP RAVE5 RAVE6 e_Gmag e_BPmag e_RPmag e_BP-RP SkyCoord.ra SkyCoord.dec SkyCoord.distance SkyCoord.pm_ra_cosdec SkyCoord.pm_dec
[from data line 41]
88.20391074403 25.20166022607 0.0165 0.0135 9.1436 "" "" 3428302754629942528 2817.04126 0.308 0.0187 1.158 -1.71 0.021 0.014 1.046 "" "" 14.157526 1.928042 15.115214 13.187172 -21.07 2.31 2670.02808 2969.8811 40920.04995 9.2296 12284.0 13.913 42101.0 22.686 "" "" 0.002766181575280518 0.0030491396 0.003824396 0.006873536 88.20391074403 25.20166022607 2817.04126 1.1579999999999997 -1.7099999999999997
88.61700337518 25.09039878868 0.0181 0.0151 14.7233 "" "" 3428252761210861952 2290.25781 0.3939 0.0222 0.996 -3.473 0.024 0.015 1.022 10869.4 4.1982 14.230004 0.842309 14.557742 13.715433 "" "" 2162.71289 2441.34082 38277.61251 21.695 20527.0 55.14 25881.0 57.123 "" "" 0.0028232028829203197 0.004036231 0.0044750785 0.0085113095 88.61700337518 25.09039878868 2290.25781 0.9959999999999999 -3.473
88.20447031343 25.07653368809 0.0172 0.0131 11.5852 "" "" 3428296844754967680 2806.04883 0.3157 0.0194 -0.007 -1.297 0.023 0.014 0.982 10947.0 3.5219 14.236465 1.083193 14.683042 13.599849 "" "" 2671.25977 2943.75903 38050.51675 6.9034 18289.0 17.124 28788.0 15.166 "" "" 0.0027623525033195835 0.0029695914 0.0038224198 0.006792011 88.20447031343 25.07653368809 2806.04883 -0.006999999999999996 -1.2969999999999997
88.62944214348 25.29805114426 0.0204 0.0163 15.2486 "" "" 3428283238298740224 2666.15698 0.3289 0.0238 0.491 -2.917 0.025 0.016 1.004 5248.0 3.1274 14.284615 1.948523 15.260454 13.311932 3.31 1.76 2528.43799 2831.53027 36399.95743 7.7844 10746.0 15.791 37531.0 19.077 "" "" 0.0027650864094038367 0.003214118 0.003819463 0.007033581 88.62944214348 25.29805114426 2666.15698 0.49099999999999994 -2.917
88.34580884544 25.30313573441 0.0178 0.0138 6.5979 "" "" 3428309729656777472 2876.63306 0.3029 0.0201 0.946 -0.457 0.023 0.014 1.062 5252.1 2.2943 14.294546 2.119814 15.386161 13.266347 26.56 1.53 2728.41992 3027.30103 36068.51289 8.655 9570.9 16.628 39140.0 19.196 "" "" 0.0027676103351761128 0.003367965 0.00381671 0.007184675 88.34580884544 25.30313573441 2876.63306 0.946 -0.457
88.08570325044 25.12579044172 0.018 0.0139 16.1162 "" "" 3428300727405415168 2810.89355 0.3199 0.0204 -0.599 -1.678 0.024 0.015 1.118 9257.5 3.7249 14.330012 1.075349 14.77573 13.700381 "" "" 2635.88306 2963.66333 34909.35601 7.9745 16793.0 12.102 26243.0 15.692 "" "" 0.002766460393133695 0.0028978037 0.003834737 0.0067325407 88.08570325044 25.12579044172 2810.89355 -0.599 -1.678
88.47500238213 25.41426513309 0.0199 0.016 14.2449 "" "" 3428334777905995136 2858.56079 0.3108 0.0212 1.181 -1.242 0.024 0.016 1.125 5024.4 2.6944 14.332713 1.886375 15.266563 13.380189 3.79 1.33 2713.0459 3018.55957 34822.63539 7.0035 10685.0 12.531 35244.0 17.764 "" "" 0.0027639593939253753 0.0030669817 0.0038187958 0.006885777 88.47500238213 25.41426513309 2858.56079 1.181 -1.2420000000000002
88.2783813744 24.93653217279 0.0198 0.0156 16.3702 "" "" 3428247641609953152 2674.5564 0.3292 0.0233 0.646 0.895 0.026 0.016 1.101 5887.4 2.6662 14.347855 1.937851 15.313516 13.375665 20.73 2.14 2522.42944 2869.07031 34340.37046 8.0062 10233.0 13.337 35391.0 22.421 "" "" 0.0027669233500543446 0.0031284958 0.0038414644 0.0069699604 88.2783813744 24.93653217279 2674.5564 0.6459999999999999 0.895
88.43923257863 25.15679769134 0.0204 0.0163 4.3267 "" "" 3428303785422362112 2260.31055 0.4008 0.024 0.806 -2.888 0.027 0.016 1.059 9266.9 3.6299 14.353276 0.712277 14.625572 13.913295 "" "" 2131.08228 2372.2019 34169.30273 10.281 19284.0 20.195 21570.0 12.211 "" "" 0.0027746188424606338 0.0030129522 0.0038290361 0.0068419883 88.43923257863 25.15679769134 2260.31055 0.8060000000000002 -2.8880000000000003
88.35758906344 25.16322587248 0.0195 0.0156 2.1092 "" "" 3428298867682650752 2844.74097 0.3136 0.0221 0.337 -1.806 0.024 0.016 1.049 9256.4 3.3189 14.371134 1.067097 14.810712 13.743615 "" "" 2672.49292 3050.11499 33611.89892 6.8217 16260.0 17.138 25218.0 15.907 "" "" 0.0027641175714222597 0.0030157282 0.0038409324 0.0068566604 88.35758906344 25.16322587248 2844.74097 0.33699999999999997 -1.806
88.51459491081 25.09555904773 0.0318 0.0248 9.7968 "" "" 3428255716149211776 2760.42676 0.3246 0.0376 0.359 -3.539 0.04 0.025 1.153 5381.7 3.0235 14.373397 1.836821 15.273579 13.436758 13.17 2.62 2533.06787 3079.15845 33541.93654 7.0814 10617.0 14.297 33455.0 30.984 "" "" 0.0027648384916902744 0.00315003 0.0039108624 0.0070608924 88.51459491081 25.09555904773 2760.42676 0.359 -3.539
88.4059720843 25.0680363898 0.0195 0.0159 7.8819 "" "" 3428250630907132416 2259.70312 0.4004 0.0226 0.976 -2.793 0.024 0.016 1.001 9490.7 3.6684 14.405032 0.799716 14.71593 13.916214 "" "" 2149.62354 2397.90991 32578.71473 8.5137 17744.0 17.972 21512.0 13.828 "" "" 0.002769890500102116 0.0029990599 0.0038432817 0.0068423413 88.4059720843 25.0680363898 2259.70312 0.976 -2.793
88.44205617613 25.35783989968 0.0187 0.0144 10.4352 "" "" 3428311069686540288 2125.99487 0.4292 0.021 0.392 -3.067 0.022 0.014 1.04 "" "" 14.421767 0.856861 14.75833 13.901469 "" "" 2034.85034 2227.07471 32080.39337 6.8405 17064.0 12.571 21806.0 15.009 "" "" 0.0027650292859296784 0.0029025543 0.0038525574 0.0067551117 88.44205617613 25.35783989968 2125.99487 0.392 -3.067
88.3413812272 25.31650899854 0.0184 0.0145 7.4335 "" "" 3428309901455466880 2357.34668 0.3871 0.0202 1.295 -3.111 0.023 0.015 1.057 "" "" 14.446584 0.870504 14.79095 13.920445 "" "" 2228.74292 2469.49292 31355.47622 6.2971 16559.0 14.192 21428.0 13.048 "" "" 0.0027639345511495097 0.0029412494 0.003836772 0.0067780213 88.3413812272 25.31650899854 2357.34668 1.295 -3.111
88.10498698033 25.19991814786 0.0187 0.0147 14.5097 "" "" 3428313303069639680 2455.16235 0.361 0.0207 -0.132 -0.398 0.024 0.015 1.092 9422.3 3.662 14.486087 0.76254 14.779453 14.016913 "" "" 2333.92017 2607.51245 30235.13986 6.9804 16735.0 16.167 19606.0 12.475 "" "" 0.002766698761607092 0.0029808066 0.0038420025 0.006822809 88.10498698033 25.19991814786 2455.16235 -0.13200000000000003 -0.3980000000000001
88.564718969 25.28174330226 0.0244 0.02 11.6514 "" "" 3428306598624085120 2527.11646 0.3503 0.0303 0.89 -0.507 0.027 0.02 1.054 5369.8 3.03 14.51218 2.010433 15.529773 13.51934 31.07 2.48 2336.1543 2770.02856 29517.17172 7.81 8385.1 13.774 31004.0 26.071 "" "" 0.0027702558313985235 0.00331149 0.0038880934 0.0071995836 88.564718969 25.28174330226 2527.11646 0.89 -0.507
88.51292785063 25.21027140735 0.021 0.0169 7.6887 "" "" 3428305847006634368 2473.56885 0.3654 0.0249 0.836 -2.583 0.028 0.017 0.982 5502.5 3.2043 14.526326 2.060273 15.575556 13.515283 -26.47 2.44 2326.31323 2623.03223 29135.09088 7.57 8038.9 10.252 31120.0 19.084 "" "" 0.002769723827054832 0.003114847 0.0038375822 0.006952429 88.51292785063 25.21027140735 2473.56885 0.8359999999999999 -2.583
88.24558434112 25.20206414225 0.0192 0.0152 6.8847 "" "" 3428302338017336320 2113.08057 0.4398 0.0216 0.542 -2.559 0.024 0.015 1.051 9401.5 3.8712 14.53511 0.809635 14.852342 14.042706 "" "" 2035.89978 2208.85522 28900.34443 5.8344 15649.0 16.197 19146.0 11.959 "" "" 0.0027640247721161296 0.003007969 0.0038397457 0.0068477145 88.24558434112 25.20206414225 2113.08057 0.5420000000000001 -2.559
88.35734332565 25.18457890715 0.0217 0.0178 1.0508 "" "" 3428305022372649344 2686.52002 0.3324 0.0232 0.4 -1.874 0.028 0.018 1.07 9353.5 3.8118 14.560383 0.929591 14.931195 14.001604 "" "" 2528.78955 2875.87573 28235.38624 6.5531 14553.0 21.741 19885.0 14.504 "" "" 0.0027668188646458062 0.0032273731 0.0038614608 0.007088834 88.35734332565 25.18457890715 2686.52002 0.4000000000000001 -1.8740000000000003
88.31463041615 25.44186535845 0.0209 0.0166 15.0909 "" "" 3428324710502678912 2094.51978 0.4424 0.0226 0.317 -2.594 0.026 0.017 0.982 "" "" 14.567691 0.810181 14.884824 14.074643 "" "" 1993.58838 2204.32397 28045.96247 5.8923 15188.0 17.584 18591.0 19.229 "" "" 0.0027647463277083797 0.003060252 0.0039426954 0.0070029474 88.31463041615 25.44186535845 2094.51978 0.317 -2.5939999999999994
88.19892298785 25.41782569955 0.0217 0.0163 16.3039 "" "" 3428326183675988864 2791.38062 0.3164 0.0244 0.736 -2.348 0.027 0.016 1.028 9444.3 3.6762 14.664162 0.700695 14.931281 14.230586 "" "" 2626.85254 2997.24023 25661.50334 7.2923 14551.0 14.094 16104.0 10.956 "" "" 0.0027725411193794875 0.002981776 0.0038508882 0.006832664 88.19892298785 25.41782569955 2791.38062 0.736 -2.348
88.19945048486 25.16184489304 0.0185 0.0145 9.5992 "" "" 3428302548471520896 2090.71777 0.4408 0.0209 -0.436 -0.718 0.024 0.015 1.045 6452.8 3.687 14.667295 1.102738 15.126498 14.02376 52.86 6.48 2018.33862 2177.41235 25587.54187 4.9344 12157.0 13.484 19483.0 13.085 "" "" 0.0027632640772516297 0.003038958 0.003849084 0.006888042 88.19945048486 25.16184489304 2090.71777 -0.436 -0.7180000000000001
88.10751964671 25.22877887752 0.0203 0.0158 14.504 "" "" 3428313509228063104 2676.26196 0.3346 0.022 0.573 -2.694 0.026 0.016 1.025 9276.9 3.4007 14.735517 0.935304 15.106376 14.171072 "" "" 2530.07544 2818.5979 24029.24901 4.9465 12384.0 12.448 17011.0 12.617 "" "" 0.002764370218258564 0.0029960119 0.0038642222 0.006860234 88.10751964671 25.22877887752 2676.26196 0.5730000000000001 -2.694
88.45814087226 25.35006349551 0.0222 0.0173 10.3641 "" "" 3428310893591554560 2609.10278 0.3367 0.0249 0.641 -0.652 0.026 0.017 1.05 6095.9 2.6216 14.768983 1.853094 15.675635 13.822541 54.32 3.84 2478.66309 2797.6228 23299.87915 5.2971 7331.0 13.426 23450.0 16.838 "" "" 0.0027663545513051282 0.0034262014 0.0038589512 0.0072851526 88.45814087226 25.35006349551 2609.10278 0.6410000000000001 -0.6520000000000001
88.33452965064 25.31119508444 0.0225 0.0183 7.2196 "" "" 3428309794080945792 2359.50537 0.3843 0.0254 1.523 -2.629 0.029 0.019 1.061 7841.2 3.3424 14.87523 1.093011 15.307841 14.21483 "" "" 2187.52905 2513.67822 21127.83347 5.1846 10287.0 20.074 16339.0 51.488 "" "" 0.0027681717475035172 0.003503418 0.005098015 0.008601433 88.33452965064 25.31119508444 2359.50537 1.5230000000000001 -2.629
88.26934727006 25.39562359385 0.0223 0.0175 13.2245 "" "" 3428323026875520384 2978.91626 0.3006 0.0248 -0.118 -0.27 0.028 0.018 1.073 9249.0 3.8061 14.892984 0.907374 15.255033 14.347659 "" "" 2758.71753 3178.96704 20785.1465 4.7278 10799.0 13.203 14458.0 13.771 "" "" 0.0027663657898553892 0.0030898436 0.003918314 0.0070081577 88.26934727006 25.39562359385 2978.91626 -0.118 -0.27
88.30788139627 25.24804266643 0.0224 0.0176 4.6924 "" "" 3428308423986742912 2364.56274 0.3892 0.0242 0.414 -2.951 0.03 0.018 1.012 9403.8 3.9602 14.897804 0.794226 15.207968 14.413742 "" "" 2211.26221 2513.60205 20693.07453 5.1665 11278.0 12.659 13604.0 11.47 "" "" 0.002768622975289021 0.0030447072 0.0038886662 0.0069333734 88.30788139627 25.24804266643 2364.56274 0.414 -2.9510000000000005
88.14450853105 25.05562433357 0.0216 0.0166 14.9576 "" "" 3428299318656145408 2185.37476 0.4214 0.0244 0.092 -2.669 0.028 0.018 0.993 8690.4 3.6344 14.908668 0.955044 15.293445 14.338401 "" "" 2064.24414 2304.66431 20487.05347 4.3791 10424.0 13.342 14581.0 9.9214 "" "" 0.0027650765869190103 0.0031170857 0.0038509103 0.0069679962 88.14450853105 25.05562433357 2185.37476 0.09199999999999998 -2.669
88.17247002707 25.40048644525 0.0255 0.0202 16.3778 "" "" 3428325775654609024 2774.85645 0.3242 0.0316 0.735 -1.792 0.034 0.02 1.011 9911.0 4.2042 15.034441 0.90365 15.395302 14.491652 "" "" 2601.01221 2934.16211 18246.11473 4.7225 9490.7 14.762 12662.0 12.225 "" "" 0.002769613242125984 0.0032614418 0.003922064 0.0071835057 88.17247002707 25.40048644525 2774.85645 0.735 -1.7920000000000003
88.61095300639 25.1583303624 0.0338 0.0277 13.1573 "" "" 3428257674653432960 2524.08252 0.3377 0.0411 0.359 0.684 0.041 0.028 0.967 "" "" 15.158104 3.546259 17.350643 13.804384 4.27 2.33 2312.2605 2812.65186 16281.9095 9.0096 1567.3 8.5946 23845.0 27.397 "" "" 0.0028200604545045014 0.0065752086 0.003979938 0.010555146 88.61095300639 25.1583303624 2524.08252 0.35899999999999993 0.6839999999999999
88.27978128672 25.09193132869 0.0257 0.0205 8.0023 "" "" 3428298219144486656 2079.04248 0.4481 0.0293 0.779 -0.169 0.033 0.021 1.022 8381.4 3.625 15.160061 1.167344 15.653187 14.485843 "" "" 1953.31653 2213.58105 16252.58761 4.1756 7484.1 16.044 12730.0 9.8162 "" "" 0.0027694043521951316 0.003633524 0.003871003 0.007504527 88.27978128672 25.09193132869 2079.04248 0.7790000000000001 -0.169
88.42216732811 25.19472994844 0.027 0.0216 2.7132 "" "" 3428304163379173376 2567.93115 0.3485 0.0322 1.372 -2.102 0.037 0.022 0.992 "" "" 15.168421 1.069556 15.611756 14.5422 "" "" 2396.14648 2792.82422 16127.92296 4.2623 7775.3 13.092 12086.0 10.746 "" "" 0.0027702208406794717 0.003335746 0.0039007235 0.0072364695 88.42216732811 25.19472994844 2567.93115 1.3719999999999999 -2.102
88.33166158439 25.05343170783 0.0287 0.0233 8.8212 "" "" 3428297050913686528 2570.74243 0.3473 0.032 0.37 -3.154 0.038 0.024 1.049 9299.3 3.8702 15.190838 0.854911 15.526756 14.671845 "" "" 2368.15332 2791.82446 15798.35209 4.4373 8408.4 11.857 10726.0 16.643 "" "" 0.002772144485954723 0.0031826284 0.0041378597 0.007320488 88.33166158439 25.05343170783 2570.74243 0.37000000000000005 -3.154
88.46061173877 25.11599352446 0.0284 0.0229 6.7806 "" "" 3428256472062635264 2796.60913 0.3224 0.034 -0.824 -1.04 0.036 0.022 1.037 9258.7 3.554 15.194749 0.91054 15.55484 14.6443 "" "" 2557.18018 3052.8457 15741.53482 5.1955 8193.7 14.663 11001.0 16.877 "" "" 0.0027785252287373607 0.0034000291 0.004130153 0.007530182 88.46061173877 25.11599352446 2796.60913 -0.8240000000000001 -1.04
88.3877951458 24.92808918277 0.0441 0.0346 16.0846 "" "" 3428247057494378624 2920.2666 0.3026 0.0516 -0.652 -1.927 0.055 0.035 1.647 5265.8 3.5777 15.196626 1.93068 16.14624 14.21556 -7.17 6.51 2529.52808 3510.61841 15714.3449 8.2633 4752.5 12.289 16328.0 16.974 "" "" 0.0028138494067826473 0.0039581642 0.0039443215 0.007902486 88.3877951458 24.92808918277 2920.2666 -0.652 -1.9270000000000005
88.27871354945 25.25346831341 0.0246 0.0197 6.1423 "" "" 3428309145541253248 2972.68384 0.3023 0.0274 2.885 -1.604 0.031 0.02 1.042 5339.0 3.2562 15.197406 1.695677 16.004534 14.308857 -48.03 2.86 2726.8335 3188.36011 15703.07028 3.6612 5415.1 10.723 14984.0 10.519 "" "" 0.002766924280210822 0.003522422 0.0038554743 0.0073778965 88.27871354945 25.25346831341 2972.68384 2.885 -1.604
88.42879261192 25.29493785442 0.0267 0.0205 6.6945 "" "" 3428310275116125952 2407.0105 0.3657 0.0294 0.224 -2.101 0.035 0.021 1.007 "" "" 15.199521 1.055473 15.632235 14.576761 "" "" 2251.64478 2593.64771 15672.49599 3.9723 7630.0 12.566 11707.0 10.888 "" "" 0.0027690282393541617 0.003313974 0.003911954 0.007225928 88.42879261192 25.29493785442 2407.0105 0.22400000000000003 -2.101
88.56871084126 25.01246670804 0.0263 0.0207 15.329 "" "" 3428252005296649600 2510.23682 0.3578 0.0319 1.869 -1.38 0.035 0.021 0.996 8904.1 3.6729 15.205729 1.393271 15.825267 14.431996 "" "" 2294.86108 2735.23999 15583.1498 4.211 6387.2 16.923 13377.0 13.274 "" "" 0.0027708970849967154 0.0040075327 0.0039299447 0.007937478 88.56871084126 25.01246670804 2510.23682 1.8689999999999993 -1.3799999999999997
88.21887183312 25.41174218322 0.0273 0.0212 15.3967 "" "" 3428323267393694848 2457.37817 0.3686 0.0305 1.891 -2.714 0.035 0.021 1.124 8451.6 4.089 15.226431 1.005618 15.637395 14.631777 "" "" 2290.66333 2661.06982 15288.82862 3.6255 7593.8 11.598 11129.0 11.225 "" "" 0.0027673231766470645 0.0032457386 0.003934841 0.00718058 88.21887183312 25.41174218322 2457.37817 1.891 -2.7139999999999995
88.38225335403 25.16511987857 0.03 0.0255 1.9196 "" "" 3428303987285107072 2724.18579 0.3341 0.0371 0.294 -1.662 0.039 0.025 1.004 10364.2 4.2753 15.25316 1.005593 15.653979 14.648386 "" "" 2490.3269 3011.84839 14917.05476 4.447 7478.7 13.77 10960.0 15.528 "" "" 0.002774266481818748 0.0034324052 0.0040804367 0.007512842 88.38225335403 25.16511987857 2724.18579 0.294 -1.662
