Clusters/FSR_0852/FSR_0852_stars_in_region.tsv
# %ECSV 1.0
# ---
# datatype:
# - name: RA_ICRS_1
#   unit: deg
#   datatype: float64
#   format: '{:15.11f}'
#   description: Right ascension (ICRS) at Ep=2016.0 (ra)
#   meta: !!omap
#   - {ucd: POS_EQ_RA_MAIN}
#   - {width: 15}
#   - {precision: '11'}
# - name: DE_ICRS_1
#   unit: deg
#   datatype: float64
#   format: '{:15.11f}'
#   description: Declination (ICRS) at Ep=2016.0 (dec)
#   meta: !!omap
#   - {ucd: POS_EQ_DEC_MAIN}
#   - {width: 15}
#   - {precision: '11'}
# - name: e_RA_ICRS
#   unit: mas
#   datatype: float64
#   format: '{:7.4f}'
#   description: Standard error of right ascension (ra_error)
#   meta: !!omap
#   - {ucd: ERROR}
#   - {width: 7}
#   - {precision: '4'}
# - name: e_DE_ICRS
#   unit: mas
#   datatype: float64
#   format: '{:7.4f}'
#   description: Standard error of declination (dec_error)
#   meta: !!omap
#   - {ucd: ERROR}
#   - {width: 7}
#   - {precision: '4'}
# - name: _r_1
#   unit: ''
#   datatype: float64
#   format: '{:7.4f}'
#   description: Distance from center (088.37220762000+25.19579455000)[ICRS], at Epoch=J2016.0
#   meta: !!omap
#   - {ucd: POS_ANG_DIST_GENERAL}
#   - {width: 7}
#   - {precision: '4'}
# - name: HIP
#   datatype: int32
#   description: '? HIP cross-id number, van Leeuwen, Cat. I/311 (hip_original_ext_source_id)'
#   meta: !!omap
#   - {ucd: ID_NUMBER}
#   - {width: 6}
#   - values: {'null': -2147483648}
# - name: TYC2
#   datatype: string
#   description: Tycho-2 cross-id name, Hog et al., Cat. I/259 (tyc2_original_ext_source_id)
#   meta: !!omap
#   - {ucd: ID_CROSSID}
#   - {_votable_string_dtype: char}
# - name: Source
#   datatype: int64
#   description: Source identifier, identical to the Gaia-EDR3 source_id (id)
#   meta: !!omap
#   - {ucd: ID_MAIN}
#   - {width: 19}
# - name: rgeo
#   unit: pc
#   datatype: float64
#   format: '{:15.8f}'
#   description: '? Median of the geometric distance posterior (r_med_geo)'
#   meta: !!omap
#   - {ucd: PHYS_DISTANCE_TRUE}
#   - {width: 15}
#   - {precision: '8'}
#   - values: {'null': .nan}
# - name: Plx
#   unit: mas
#   datatype: float64
#   format: '{:9.4f}'
#   description: '? Parallax (parallax)'
#   meta: !!omap
#   - {ucd: POS_PARLX_TRIG}
#   - {width: 9}
#   - {precision: '4'}
#   - values: {'null': .nan}
# - name: e_Plx
#   unit: mas
#   datatype: float32
#   format: '{:7.4f}'
#   description: '? Standard error of parallax (parallax_error)'
#   meta: !!omap
#   - {ucd: ERROR}
#   - {width: 7}
#   - {precision: '4'}
#   - values: {'null': .nan}
# - name: pmRA
#   unit: mas / yr
#   datatype: float64
#   format: '{:9.3f}'
#   description: '? Proper motion in right ascension direction, pmRA*cosDE (pmra)'
#   meta: !!omap
#   - {ucd: POS_EQ_PMRA}
#   - {width: 9}
#   - {precision: '3'}
#   - values: {'null': .nan}
# - name: pmDE
#   unit: mas / yr
#   datatype: float64
#   format: '{:9.3f}'
#   description: '? Proper motion in declination direction (pmdec)'
#   meta: !!omap
#   - {ucd: POS_EQ_PMDEC}
#   - {width: 9}
#   - {precision: '3'}
#   - values: {'null': .nan}
# - name: e_pmRA
#   unit: mas / yr
#   datatype: float32
#   format: '{:6.3f}'
#   description: '? Standard error of proper motion in right ascension direction (pmra_error)'
#   meta: !!omap
#   - {ucd: ERROR}
#   - {width: 6}
#   - {precision: '3'}
#   - values: {'null': .nan}
# - name: e_pmDE
[...]
#         unit: &id001 !astropy.units.Unit {unit: deg}
#         value: !astropy.table.SerializedColumn {name: SkyCoord.dec}
#       distance: !astropy.table.SerializedColumn
#         __class__: astropy.coordinates.distances.Distance
#         unit: !astropy.units.Unit {unit: pc}
#         value: !astropy.table.SerializedColumn {name: SkyCoord.distance}
#       frame: icrs
#       obstime: !astropy.time.Time {format: jyear_str, in_subfmt: '*', jd1: 367701545.0, jd2: 0.0, out_subfmt: '*', precision: 3, scale: tt}
#       pm_dec: !astropy.table.SerializedColumn
#         __class__: astropy.units.quantity.Quantity
#         unit: !astropy.units.Unit {unit: mas / yr}
#         value: !astropy.table.SerializedColumn {name: SkyCoord.pm_dec}
#       pm_ra_cosdec: !astropy.table.SerializedColumn
#         __class__: astropy.units.quantity.Quantity
#         unit: !astropy.units.Unit {unit: mas / yr}
#         value: !astropy.table.SerializedColumn {name: SkyCoord.pm_ra_cosdec}
#       ra: !astropy.table.SerializedColumn
#         __class__: astropy.coordinates.angles.Longitude
#         unit: *id001
#         value: !astropy.table.SerializedColumn {name: SkyCoord.ra}
#         wrap_angle: !astropy.coordinates.Angle
#           unit: *id001
#           value: 360.0
#       representation_type: spherical
# schema: astropy-2.0
RA_ICRS_1 DE_ICRS_1 e_RA_ICRS e_DE_ICRS _r_1 HIP TYC2 Source rgeo Plx e_Plx pmRA pmDE e_pmRA e_pmDE RUWE Teff logg Gmag BP-RP BPmag RPmag RV e_RV b_rgeo B_rgeo FG e_FG FBP e_FBP FRP e_FRP RAVE5 RAVE6 e_Gmag e_BPmag e_RPmag e_BP-RP SkyCoord.ra SkyCoord.dec SkyCoord.distance SkyCoord.pm_ra_cosdec SkyCoord.pm_dec
[from data line 82]
88.13263720931 25.32526608882 0.0271 0.021 15.1439 "" "" 3428316670323967360 2709.58813 0.3222 0.0299 2.097 0.399 0.033 0.021 1.017 5383.7 3.4421 15.293567 1.840385 16.192587 14.352202 53.14 5.27 2524.18311 2988.29736 14372.09091 4.0442 4553.9 8.3925 14397.0 13.5 "" "" 0.0027722068316539117 0.0034334783 0.003914107 0.0073475856 88.13263720931 25.32526608882 2709.58813 2.0969999999999995 0.399
88.3653442875 25.3332325056 0.0261 0.0204 8.2547 "" "" 3428311344564470912 2340.87622 0.3865 0.0294 0.16 -1.484 0.035 0.022 0.999 9482.4 4.3493 15.369754 1.046527 15.801886 14.755359 "" "" 2206.61499 2534.13525 13398.1624 3.4099 6526.2 12.401 9931.5 11.75 "" "" 0.002769141580635985 0.0034700774 0.0039917124 0.00746179 88.3653442875 25.3332325056 2340.87622 0.16 -1.4839999999999998
88.38146029597 25.42446523819 0.0268 0.0211 13.7294 "" "" 3428324023307902976 2577.52808 0.3507 0.031 0.39 -2.804 0.033 0.022 0.976 9380.1 4.0722 15.389369 0.849419 15.724069 14.87465 "" "" 2414.95508 2773.6311 13158.28516 3.7902 7011.2 13.245 8898.1 11.321 "" "" 0.002773012329060129 0.003462947 0.0040239193 0.0074868663 88.38146029597 25.42446523819 2577.52808 0.39 -2.804
88.42140919003 25.25976000061 0.0293 0.0239 4.6756 "" "" 3428305743927122048 2095.81494 0.4436 0.032 0.394 -3.912 0.037 0.024 1.016 7074.1 3.598 15.413474 1.267402 15.962191 14.694789 "" "" 1969.07202 2236.81226 12869.36076 3.5992 5630.4 10.867 10501.0 12.05 "" "" 0.002772001575893763 0.003489457 0.003979444 0.007468901 88.42140919003 25.25976000061 2095.81494 0.39399999999999996 -3.9119999999999995
88.35287855954 25.24842785257 0.0314 0.0241 3.3277 "" "" 3428308286547778944 2266.34204 0.3901 0.0349 2.118 -1.393 0.036 0.024 1.031 5196.0 3.5515 15.429532 1.797907 16.300697 14.50279 "" "" 2104.96069 2441.21753 12680.42493 3.4925 4122.3 7.4728 12533.0 11.792 "" "" 0.0027715001981189822 0.003414504 0.0039150068 0.0073295105 88.35287855954 25.24842785257 2266.34204 2.118 -1.3930000000000002
88.10419572888 25.12553962568 0.0269 0.021 15.1531 "" "" 3428300761765149952 2618.44897 0.3429 0.0305 -0.316 -0.017 0.036 0.022 0.966 9537.1 4.106 15.435692 0.980808 15.833898 14.853089 "" "" 2443.40576 2812.30786 12608.68701 3.3919 6336.6 8.574 9076.6 9.8306 "" "" 0.002770757734987113 0.0031533006 0.0039580977 0.0071113985 88.10419572888 25.12553962568 2618.44897 -0.316 -0.017
88.26901349824 25.40672828943 0.0386 0.0309 13.8387 "" "" 3428323061235256704 2716.64258 0.333 0.0463 1.092 -0.278 0.05 0.031 1.539 6662.3 4.0274 15.437452 1.354659 15.994648 14.639989 "" "" 2359.50439 3091.95264 12588.26881 10.089 5464.6 10.857 11045.0 9.1879 "" "" 0.0028894624508215097 0.0035267898 0.0038858028 0.007412593 88.26901349824 25.40672828943 2716.64258 1.0919999999999999 -0.278
88.36718849439 25.20691428396 0.34 0.2753 0.7207 "" "" 3428305159812616192 2722.48291 0.8087 0.3902 2.863 -4.351 0.439 0.279 5.82 "" "" 15.466742 1.206281 15.783412 14.577131 "" "" 1612.81494 4318.84229 12253.21986 55.204 6638.2 11.097 11703.0 14.742 "" "" 0.005614164501091744 0.0033285609 0.004019237 0.007347798 88.36718849439 25.20691428396 2722.48291 2.863 -4.350999999999999
88.41963236506 25.21656344613 0.0302 0.0238 2.8603 "" "" 3428305297250534656 2517.31836 0.355 0.0343 0.233 -2.746 0.037 0.024 1.024 "" "" 15.47503 1.014449 15.887259 14.872809 "" "" 2302.2937 2810.61719 12160.02977 3.7099 6032.7 16.48 8913.2 12.499 "" "" 0.002775160160485698 0.004072118 0.004074534 0.008146652 88.41963236506 25.21656344613 2517.31836 0.233 -2.7459999999999996
88.19267862207 25.36905627024 0.0322 0.0245 14.2456 "" "" 3428322648918422016 2472.4646 0.3625 0.0353 2.181 0.063 0.043 0.026 1.098 "" "" 15.506869 1.660092 16.293701 14.633609 "" "" 2268.22095 2721.12939 11808.61926 3.4053 4148.9 10.541 11110.0 11.053 "" "" 0.002773052447968021 0.003923567 0.0039307107 0.007854277 88.19267862207 25.36905627024 2472.4646 2.181 0.063
88.36778241676 25.03920151027 0.0314 0.0259 9.3987 "" "" 3428250081151332864 2203.0686 0.4133 0.0371 2.971 -3.591 0.038 0.026 0.979 7396.9 4.1789 15.513248 1.242178 16.04901 14.806831 "" "" 2023.61682 2413.51172 11739.44266 3.5022 5197.7 12.161 9471.7 12.882 "" "" 0.0027742934049940714 0.00377334 0.0040576155 0.007830955 88.36778241676 25.03920151027 2203.0686 2.9709999999999996 -3.5909999999999997
88.11282177406 25.29330079985 0.0306 0.0245 15.2441 "" "" 3428316150632272512 2214.77539 0.4135 0.0339 -0.927 -3.26 0.039 0.025 1.059 8178.5 4.1673 15.548778 1.169184 16.046694 14.87751 "" "" 2064.65845 2400.52002 11361.49866 3.2395 5208.8 10.051 8874.7 8.9519 "" "" 0.0027726569276598756 0.003489171 0.003934863 0.007424034 88.11282177406 25.29330079985 2214.77539 -0.927 -3.26
88.49797684214 24.96650901543 0.0314 0.0252 15.3613 "" "" 3428245992342457472 2212.92944 0.4104 0.038 -1.516 0.444 0.039 0.025 0.99 6366.7 3.558 15.561273 1.859146 16.471685 14.612539 "" "" 2057.96875 2411.13501 11231.49829 3.7951 3521.6 8.4584 11328.0 14.917 "" "" 0.0027796369414786267 0.0038191117 0.0040407726 0.007859884 88.49797684214 24.96650901543 2212.92944 -1.5160000000000002 0.44399999999999995
88.31480678995 25.17704143993 0.0311 0.0247 3.3135 "" "" 3428299181217135232 2762.83008 0.3251 0.0336 0.315 -1.791 0.038 0.025 0.995 "" "" 15.561307 1.027034 15.98201 14.954976 "" "" 2487.94897 3060.35913 11231.13927 3.0785 5528.6 11.921 8263.6 10.175 "" "" 0.0027713458647061406 0.0036422305 0.004008859 0.0076510897 88.31480678995 25.17704143993 2762.83008 0.31500000000000006 -1.791
88.37006209874 25.03502769317 0.0339 0.0277 9.6467 "" "" 3428250081151333376 2513.09155 0.3657 0.0399 -1.466 -0.38 0.042 0.028 1.067 6071.4 4.1544 15.563225 1.105093 16.02135 14.916258 "" "" 2293.61279 2808.56299 11211.32017 3.76 5331.8 11.166 8563.6 10.55 "" "" 0.0027792767772008157 0.0035993215 0.0040090964 0.007608418 88.37006209874 25.03502769317 2513.09155 -1.466 -0.38
88.38945403558 25.25801286871 0.0316 0.0255 3.8487 "" "" 3428308630145152384 2699.5127 0.3301 0.0336 2.104 -2.936 0.04 0.026 1.036 6167.3 3.9698 15.591119 1.266016 16.075914 14.809898 "" "" 2503.41724 2894.42896 10926.95462 4.2536 5070.5 21.99 9444.9 67.264 "" "" 0.0027875478857886547 0.0054732687 0.008606534 0.014079804 88.38945403558 25.25801286871 2699.5127 2.104 -2.936
88.62373924996 25.30350235421 0.0378 0.0301 15.1025 "" "" 3428283238298739840 2597.26953 0.3673 0.0444 -0.701 -1.024 0.047 0.031 1.054 7480.4 4.1149 15.594196 1.475018 16.262573 14.787556 "" "" 2298.50366 2907.66821 10896.02618 3.9398 4269.6 13.474 9641.3 14.072 "" "" 0.002783147496276739 0.004418713 0.0040981667 0.00851688 88.62373924996 25.30350235421 2597.26953 -0.7009999999999998 -1.0240000000000002
88.4315565614 25.22576116512 0.0444 0.0352 3.6895 "" "" 3428305331610267136 2494.64331 0.3622 0.0511 0.295 -1.545 0.057 0.036 1.394 9777.5 4.033 15.596078 1.011394 15.993681 14.982287 "" "" 2225.14038 2881.8772 10877.15971 5.4769 5469.5 11.305 8058.3 11.49 "" "" 0.002809032354644122 0.0035806634 0.00408416 0.0076648234 88.4315565614 25.22576116512 2494.64331 0.295 -1.545
88.43665200623 25.35165878478 0.0305 0.0236 9.9841 "" "" 3428311069686542976 2580.41895 0.3526 0.0353 -0.02 -2.167 0.036 0.024 1.02 7670.9 4.1241 15.599909 1.420661 16.234743 14.814082 "" "" 2381.82397 2820.32983 10838.84859 3.2503 4380.5 9.4124 9408.6 15.44 "" "" 0.0027744900597283543 0.0036369758 0.00417832 0.007815296 88.43665200623 25.35165878478 2580.41895 -0.019999999999999993 -2.167
88.33619640245 25.24881323911 0.0326 0.0252 3.7337 "" "" 3428308454049871104 2270.66284 0.4052 0.0364 -0.096 -0.889 0.042 0.025 0.982 8035.5 4.3098 15.601304 1.116885 16.069874 14.952989 "" "" 2114.60938 2471.20044 10824.92728 6.084 5098.8 15.159 8278.7 13.045 "" "" 0.0028220845914745506 0.0042666984 0.004148573 0.0084152715 88.33619640245 25.24881323911 2270.66284 -0.096 -0.889
88.22246184853 24.96225260683 0.036 0.0286 16.2041 "" "" 3428201084164562176 2451.19482 0.3786 0.0389 -0.15 -0.84 0.049 0.029 1.076 9490.4 4.0521 15.604493 1.032343 16.026417 14.994074 "" "" 2237.97534 2743.27271 10793.18328 3.5844 5307.0 11.264 7971.3 10.23 "" "" 0.0027788128945531476 0.0036187775 0.004028057 0.0076468345 88.22246184853 24.96225260683 2451.19482 -0.15000000000000002 -0.84
88.5495731146 25.37634705267 0.0348 0.0282 14.4895 "" "" 3428331548090581632 2755.36865 0.3189 0.0383 0.04 -0.507 0.043 0.029 1.092 9438.0 4.0036 15.609054 0.889872 15.961166 15.071295 "" "" 2535.20312 3001.60864 10747.9424 3.5185 5635.7 11.413 7424.0 11.351 "" "" 0.0027781507011730693 0.003552402 0.0041278913 0.007680293 88.5495731146 25.37634705267 2755.36865 0.04 -0.507
88.48133994133 25.18011328294 0.0326 0.0262 5.9996 "" "" 3428304227801877760 2458.05298 0.377 0.0383 1.358 -2.036 0.042 0.026 1.021 9442.7 4.0316 15.631634 1.015053 16.04703 15.031977 "" "" 2254.13379 2776.90747 10526.72808 3.4092 5207.2 7.2292 7697.8 12.523 "" "" 0.0027776665755643638 0.0031712952 0.004171758 0.007343053 88.48133994133 25.18011328294 2458.05298 1.358 -2.036
88.47242297337 25.39835967973 0.0334 0.0266 13.3143 "" "" 3428334773609849472 2640.28223 0.3329 0.0397 2.175 -0.732 0.042 0.028 0.966 5217.5 3.5644 15.638431 1.706765 16.451433 14.744668 "" "" 2434.25757 2866.802 10461.02889 3.2389 3587.9 8.8104 10030.0 15.877 "" "" 0.002775751011952232 0.0038591763 0.0041518123 0.008010989 88.47242297337 25.39835967973 2640.28223 2.1749999999999994 -0.732
88.43236210761 25.40500796791 0.0802 0.0631 12.97 "" "" 3428312100478683392 2165.98218 0.4604 0.0936 0.167 -2.186 0.092 0.066 2.358 7815.1 4.1812 15.668522 1.213717 16.167744 14.954027 "" "" 1783.0188 2728.47754 10175.0798 5.3305 4659.3 11.658 8270.8 15.141 "" "" 0.002813416988818103 0.0038942306 0.0042701666 0.008164397 88.43236210761 25.40500796791 2165.98218 0.16699999999999998 -2.1859999999999995
88.41442712398 25.20438255231 0.0347 0.0276 2.3493 "" "" 3428305297250538496 2422.90015 0.3746 0.0394 0.355 -1.831 0.047 0.029 1.017 9305.4 4.0689 15.68248 1.005227 16.092495 15.087268 "" "" 2186.52002 2721.67651 10045.11453 4.9207 4993.7 11.213 7315.6 12.605 "" "" 0.002806183012884915 0.0037052152 0.0042170435 0.007922258 88.41442712398 25.20438255231 2422.90015 0.35500000000000004 -1.831
88.34549121346 25.40399543495 0.0351 0.0284 12.5758 "" "" 3428323645350792960 2407.37622 0.3872 0.0382 0.326 -1.523 0.043 0.028 1.007 9427.6 4.1977 15.69329 0.931858 16.071884 15.140026 "" "" 2182.15381 2589.52026 9945.5928 3.1928 5089.4 11.123 6968.6 10.937 "" "" 0.002777278641284228 0.003662746 0.004145774 0.00780852 88.34549121346 25.40399543495 2407.37622 0.3260000000000001 -1.5230000000000001
88.2534646035 25.26937847357 0.0322 0.0258 7.812 "" "" 3428303540608262784 2334.42407 0.3892 0.0346 2.211 -2.255 0.041 0.026 1.035 7117.5 4.2713 15.703606 1.164268 16.200405 15.036137 "" "" 2187.28955 2636.30347 9851.55013 2.8786 4521.2 8.8547 7668.4 9.5443 "" "" 0.0027735242374506254 0.0035080784 0.0040137065 0.007521785 88.2534646035 25.26937847357 2334.42407 2.211 -2.255
88.39845818814 25.16547050294 0.0361 0.0288 2.3113 "" "" 3428304021643410432 2691.46509 0.3278 0.0409 0.395 -1.78 0.047 0.029 0.967 9253.9 4.1794 15.723414 0.946577 16.105465 15.158888 "" "" 2429.3125 2977.20312 9673.44416 3.371 4934.4 11.382 6848.6 10.644 "" "" 0.0027811766430375813 0.0037492942 0.0041389815 0.007888276 88.39845818814 25.16547050294 2691.46509 0.395 -1.7799999999999998
88.36430053429 25.45243414724 0.0337 0.0266 15.4043 "" "" 3428324298185807744 2593.62061 0.3491 0.0378 0.933 -2.498 0.041 0.027 1.038 9216.4 4.2993 15.73447 0.936146 16.110672 15.174526 "" "" 2336.96631 2809.68994 9575.43376 2.8891 4910.7 10.92 6750.7 8.1118 "" "" 0.0027747258448379266 0.0036897457 0.0039982283 0.007687974 88.36430053429 25.45243414724 2593.62061 0.933 -2.4979999999999998
88.39129745051 25.18074748612 0.0362 0.0291 1.3745 "" "" 3428304777556845440 2532.94678 0.3659 0.041 0.37 -1.79 0.047 0.029 0.993 9458.4 4.1569 15.760602 0.970401 16.156122 15.185721 "" "" 2250.80835 2830.81714 9347.72595 3.4571 4709.4 9.4637 6681.4 10.994 "" "" 0.002784425406558377 0.0035419492 0.004180365 0.007722314 88.39129745051 25.18074748612 2532.94678 0.37000000000000005 -1.79
88.33366097661 24.98683224087 0.0364 0.029 12.7115 "" "" 3428248225725555200 2706.1167 0.3514 0.0403 0.996 -2.432 0.047 0.03 1.009 "" "" 15.791366 1.689557 16.590631 14.901074 "" "" 2407.59106 3050.80444 9086.57981 3.5494 3156.2 13.84 8684.2 16.711 "" "" 0.0027877695296444774 0.005518327 0.004318428 0.009836756 88.33366097661 24.98683224087 2706.1167 0.9960000000000001 -2.4319999999999995
88.35358000256 25.45489226061 0.034 0.0258 15.5787 "" "" 3428324362609275136 2322.37769 0.4009 0.0404 0.564 -3.783 0.041 0.026 0.956 7075.2 4.2856 15.832063 1.258175 16.375225 15.11705 "" "" 2131.94434 2537.61401 8752.29227 2.759 3848.8 9.171 7117.7 10.47 "" "" 0.0027764960400144807 0.0038050243 0.00410298 0.007908004 88.35358000256 25.45489226061 2322.37769 0.564 -3.7830000000000004
88.5189284375 25.09171617158 0.0401 0.0319 10.1244 "" "" 3428255711851085184 2170.8811 0.4196 0.0471 -1.353 -0.69 0.051 0.031 0.994 6353.2 3.886 15.835135 1.777776 16.695728 14.917953 "" "" 1930.84412 2483.16089 8727.56312 3.6823 2865.0 13.665 8550.2 12.324 "" "" 0.002793140800764252 0.0058823945 0.004090573 0.009972967 88.5189284375 25.09171617158 2170.8811 -1.353 -0.69
88.52233288045 25.10468438865 0.3216 0.265 9.8165 "" "" 3428256089808245248 2343.93457 0.5605 0.333 4.225 -7.856 0.401 0.26 8.873 5302.7 4.6769 15.853299 1.329658 16.372074 15.042417 "" "" 1506.25171 3475.30078 8582.76534 24.019 3860.0 13.396 7624.2 19.243 "" "" 0.004101702460338082 0.004688598 0.0046683117 0.00935691 88.52233288045 25.10468438865 2343.93457 4.224999999999999 -7.856
88.45033699561 25.14100595092 0.0379 0.0298 5.3672 "" "" 3428256850019753216 2877.37231 0.3255 0.0458 0.338 -2.336 0.052 0.03 1.031 7276.7 4.1531 15.858137 1.26459 16.40606 15.141469 "" "" 2561.20435 3397.63574 8544.60433 2.9498 3741.0 8.0656 6959.4 16.772 "" "" 0.002780697902711898 0.0036420627 0.004596773 0.008238835 88.45033699561 25.14100595092 2877.37231 0.338 -2.336
88.32997093162 25.14312916341 0.0389 0.0317 3.9046 "" "" 3428298803260018560 2310.87866 0.3987 0.044 1.209 -2.2 0.05 0.032 0.998 5398.8 3.6272 15.858233 1.955932 16.834452 14.87852 "" "" 2127.06445 2528.91919 8543.84545 3.1197 2521.4 11.235 8866.5 12.429 "" "" 0.0027836951377337342 0.005584818 0.004074327 0.009659145 88.32997093162 25.14312916341 2310.87866 1.209 -2.2
88.32880346878 25.16293769279 0.0367 0.0297 3.0726 "" "" 3428299108201885696 2595.90918 0.3329 0.0397 0.286 -1.829 0.045 0.03 0.994 9255.9 3.9008 15.864065 1.196967 16.372883 15.175916 "" "" 2373.06421 2914.83984 8498.07835 3.0759 3857.1 12.514 6742.0 9.5805 "" "" 0.002783204354005736 0.0044937227 0.0040821703 0.008575893 88.32880346878 25.16293769279 2595.90918 0.28600000000000003 -1.8289999999999995
88.42078828971 25.35058301849 0.0361 0.0298 9.6541 "" "" 3428310760448901248 2448.29785 0.3728 0.0405 0.87 -3.541 0.046 0.03 0.989 9400.1 4.312 15.88981 1.138982 16.370203 15.231221 "" "" 2255.04565 2656.00977 8298.94541 2.7318 3866.7 8.464 6407.2 10.404 "" "" 0.0027784027194886047 0.0036651555 0.004170366 0.007835521 88.42078828971 25.35058301849 2448.29785 0.87 -3.5410000000000004
88.61189658186 25.35603636137 0.0421 0.0339 16.1727 "" "" 3428330860896109952 2334.05396 0.3951 0.0488 2.125 -2.631 0.052 0.034 1.014 7590.5 4.1162 15.902282 1.443651 16.554207 15.110556 "" "" 2062.06763 2637.38965 8204.16174 3.1149 3263.9 12.522 7160.4 14.742 "" "" 0.0027859861387055304 0.005013578 0.004390953 0.009404531 88.61189658186 25.35603636137 2334.05396 2.125 -2.631
