Clusters/FSR_0852/FSR_0852_stars_in_region.tsv
# %ECSV 1.0
# ---
# datatype:
# - name: RA_ICRS_1
#   unit: deg
#   datatype: float64
#   format: '{:15.11f}'
#   description: Right ascension (ICRS) at Ep=2016.0 (ra)
#   meta: !!omap
#   - {ucd: POS_EQ_RA_MAIN}
#   - {width: 15}
#   - {precision: '11'}
# - name: DE_ICRS_1
#   unit: deg
#   datatype: float64
#   format: '{:15.11f}'
#   description: Declination (ICRS) at Ep=2016.0 (dec)
#   meta: !!omap
#   - {ucd: POS_EQ_DEC_MAIN}
#   - {width: 15}
#   - {precision: '11'}
# - name: e_RA_ICRS
#   unit: mas
#   datatype: float64
#   format: '{:7.4f}'
#   description: Standard error of right ascension (ra_error)
#   meta: !!omap
#   - {ucd: ERROR}
#   - {width: 7}
#   - {precision: '4'}
# - name: e_DE_ICRS
#   unit: mas
#   datatype: float64
#   format: '{:7.4f}'
#   description: Standard error of declination (dec_error)
#   meta: !!omap
#   - {ucd: ERROR}
#   - {width: 7}
#   - {precision: '4'}
# - name: _r_1
#   unit: ''
#   datatype: float64
#   format: '{:7.4f}'
#   description: Distance from center (088.37220762000+25.19579455000)[ICRS], at Epoch=J2016.0
#   meta: !!omap
#   - {ucd: POS_ANG_DIST_GENERAL}
#   - {width: 7}
#   - {precision: '4'}
# - name: HIP
#   datatype: int32
#   description: '? HIP cross-id number, van Leeuwen, Cat. I/311 (hip_original_ext_source_id)'
#   meta: !!omap
#   - {ucd: ID_NUMBER}
#   - {width: 6}
#   - values: {'null': -2147483648}
# - name: TYC2
#   datatype: string
#   description: Tycho-2 cross-id name, Hog et al., Cat. I/259 (tyc2_original_ext_source_id)
#   meta: !!omap
#   - {ucd: ID_CROSSID}
#   - {_votable_string_dtype: char}
# - name: Source
#   datatype: int64
#   description: Source identifier, identical to the Gaia-EDR3 source_id (id)
#   meta: !!omap
#   - {ucd: ID_MAIN}
#   - {width: 19}
# - name: rgeo
#   unit: pc
#   datatype: float64
#   format: '{:15.8f}'
#   description: '? Median of the geometric distance posterior (r_med_geo)'
#   meta: !!omap
#   - {ucd: PHYS_DISTANCE_TRUE}
#   - {width: 15}
#   - {precision: '8'}
#   - values: {'null': .nan}
# - name: Plx
#   unit: mas
#   datatype: float64
#   format: '{:9.4f}'
#   description: '? Parallax (parallax)'
#   meta: !!omap
#   - {ucd: POS_PARLX_TRIG}
#   - {width: 9}
#   - {precision: '4'}
#   - values: {'null': .nan}
# - name: e_Plx
#   unit: mas
#   datatype: float32
#   format: '{:7.4f}'
#   description: '? Standard error of parallax (parallax_error)'
#   meta: !!omap
#   - {ucd: ERROR}
#   - {width: 7}
#   - {precision: '4'}
#   - values: {'null': .nan}
# - name: pmRA
#   unit: mas / yr
#   datatype: float64
#   format: '{:9.3f}'
#   description: '? Proper motion in right ascension direction, pmRA*cosDE (pmra)'
#   meta: !!omap
#   - {ucd: POS_EQ_PMRA}
#   - {width: 9}
#   - {precision: '3'}
#   - values: {'null': .nan}
# - name: pmDE
#   unit: mas / yr
#   datatype: float64
#   format: '{:9.3f}'
#   description: '? Proper motion in declination direction (pmdec)'
#   meta: !!omap
#   - {ucd: POS_EQ_PMDEC}
#   - {width: 9}
#   - {precision: '3'}
#   - values: {'null': .nan}
# - name: e_pmRA
#   unit: mas / yr
#   datatype: float32
#   format: '{:6.3f}'
#   description: '? Standard error of proper motion in right ascension direction (pmra_error)'
#   meta: !!omap
#   - {ucd: ERROR}
#   - {width: 6}
#   - {precision: '3'}
#   - values: {'null': .nan}
# - name: e_pmDE
[...]
#         unit: &id001 !astropy.units.Unit {unit: deg}
#         value: !astropy.table.SerializedColumn {name: SkyCoord.dec}
#       distance: !astropy.table.SerializedColumn
#         __class__: astropy.coordinates.distances.Distance
#         unit: !astropy.units.Unit {unit: pc}
#         value: !astropy.table.SerializedColumn {name: SkyCoord.distance}
#       frame: icrs
#       obstime: !astropy.time.Time {format: jyear_str, in_subfmt: '*', jd1: 367701545.0, jd2: 0.0, out_subfmt: '*', precision: 3, scale: tt}
#       pm_dec: !astropy.table.SerializedColumn
#         __class__: astropy.units.quantity.Quantity
#         unit: !astropy.units.Unit {unit: mas / yr}
#         value: !astropy.table.SerializedColumn {name: SkyCoord.pm_dec}
#       pm_ra_cosdec: !astropy.table.SerializedColumn
#         __class__: astropy.units.quantity.Quantity
#         unit: !astropy.units.Unit {unit: mas / yr}
#         value: !astropy.table.SerializedColumn {name: SkyCoord.pm_ra_cosdec}
#       ra: !astropy.table.SerializedColumn
#         __class__: astropy.coordinates.angles.Longitude
#         unit: *id001
#         value: !astropy.table.SerializedColumn {name: SkyCoord.ra}
#         wrap_angle: !astropy.coordinates.Angle
#           unit: *id001
#           value: 360.0
#       representation_type: spherical
# schema: astropy-2.0
RA_ICRS_1 DE_ICRS_1 e_RA_ICRS e_DE_ICRS _r_1 HIP TYC2 Source rgeo Plx e_Plx pmRA pmDE e_pmRA e_pmDE RUWE Teff logg Gmag BP-RP BPmag RPmag RV e_RV b_rgeo B_rgeo FG e_FG FBP e_FBP FRP e_FRP RAVE5 RAVE6 e_Gmag e_BPmag e_RPmag e_BP-RP SkyCoord.ra SkyCoord.dec SkyCoord.distance SkyCoord.pm_ra_cosdec SkyCoord.pm_dec
[from data line 246]
88.40610197056 25.36525820472 0.0563 0.0456 10.3328 "" "" 3428311512066885504 2515.27417 0.3894 0.0603 3.653 0.06 0.071 0.046 1.021 "" "" 16.669014 1.892042 17.607521 15.715479 "" "" 2184.26392 2929.81006 4048.93815 2.1675 1237.1 8.9627 4101.7 8.6035 "" "" 0.0028159561062952 0.008346273 0.0044125034 0.012758777 88.40610197056 25.36525820472 2515.27417 3.653 0.060000000000000005
88.16094328087 25.21956480868 0.0517 0.0396 11.5571 "" "" 3428314677459159808 2698.3374 0.3611 0.0587 1.037 -1.695 0.066 0.04 1.013 7986.5 4.0627 16.671875 1.852821 17.579365 15.726543 "" "" 2308.69385 3196.76343 4038.2843 1.7959 1269.6 7.4485 4060.1 11.71 "" "" 0.002797307751317033 0.006954098 0.0049081217 0.01186222 88.16094328087 25.21956480868 2698.3374 1.0369999999999997 -1.6949999999999998
88.08763814738 25.20854154438 0.0587 0.0445 15.4678 "" "" 3428313371789117952 2726.74243 0.3404 0.0684 -0.736 -2.778 0.07 0.043 0.957 8387.0 4.4464 16.682474 1.222629 17.208336 15.985707 "" "" 2354.40527 3381.51245 3999.05533 2.841 1786.8 10.819 3198.0 9.9568 "" "" 0.002861246876282204 0.007141686 0.0050705723 0.012212258 88.08763814738 25.20854154438 2726.74243 -0.7360000000000001 -2.778
88.42061570828 25.44014539652 0.0584 0.0453 14.8943 "" "" 3428312409716321920 2709.79517 0.3471 0.0615 1.912 -0.17 0.072 0.046 1.04 7841.9 4.2383 16.684994 1.355751 17.270872 15.915121 "" "" 2308.61426 3319.63086 3989.78479 2.2468 1686.8 12.212 3412.8 7.8227 "" "" 0.0028223435497401767 0.008340968 0.0045251837 0.0128661515 88.42061570828 25.44014539652 2709.79517 1.9119999999999997 -0.16999999999999998
88.23550623809 25.43945711078 0.0551 0.0415 16.3923 "" "" 3428323404833078144 2343.0813 0.4148 0.0616 2.957 -2.129 0.07 0.042 1.014 7489.6 4.3882 16.68852 1.249738 17.232037 15.982299 "" "" 2063.81055 2668.42285 3976.84211 1.9933 1748.2 6.4424 3208.0 7.7112 "" "" 0.0028085482311065993 0.004877905 0.004592922 0.009470827 88.23550623809 25.43945711078 2343.0813 2.957 -2.129
88.35203286873 25.41068912725 0.054 0.0424 12.94 "" "" 3428323679710527488 2555.28345 0.3612 0.0614 -0.776 -0.511 0.067 0.043 1.002 7643.6 4.4198 16.691824 1.178638 17.18432 16.005682 "" "" 2245.34399 2934.7937 3964.76214 1.9028 1826.8 9.6854 3139.7 7.882 "" "" 0.0028041591669351394 0.006396966 0.004659719 0.011056685 88.35203286873 25.41068912725 2555.28345 -0.7759999999999999 -0.511
88.24293229928 25.24814152818 0.0563 0.0441 7.6879 "" "" 3428303506248495872 2367.07275 0.4091 0.0613 0.557 -1.228 0.071 0.043 0.997 7175.3 4.3485 16.696112 1.376001 17.313765 15.937763 "" "" 2051.08276 2863.56079 3949.13567 2.0532 1621.5 7.8315 3342.4 9.3014 "" "" 0.0028125494371294226 0.005939972 0.0048386813 0.010778653 88.24293229928 25.24814152818 2367.07275 0.5569999999999999 -1.2280000000000002
88.43451398148 25.43627899929 0.0559 0.0434 14.8195 "" "" 3428335804402102912 2176.45459 0.4586 0.0602 1.092 -0.762 0.066 0.043 1.019 5772.0 4.6045 16.697563 1.427843 17.332159 15.904316 "" "" 1890.1571 2566.06299 3943.86146 2.2004 1594.2 7.3515 3446.9 7.6218 "" "" 0.0028211240476928405 0.0057317344 0.0044774427 0.010209177 88.43451398148 25.43627899929 2176.45459 1.0919999999999999 -0.762
88.23386235764 25.35899234418 0.0621 0.0484 12.3377 "" "" 3428322511479461376 2612.66211 0.3652 0.0644 0.063 -2.403 0.071 0.046 0.939 6089.6 4.4506 16.699163 1.196974 17.213196 16.016222 "" "" 2253.63281 3117.80396 3938.04858 1.8991 1778.8 8.6889 3109.3 8.4358 "" "" 0.0028046275143623154 0.005992669 0.0047917482 0.010784417 88.23386235764 25.35899234418 2612.66211 0.063 -2.4030000000000005
88.29527338516 25.42599432071 0.0531 0.04 14.4286 "" "" 3428324573063734272 2302.35303 0.4327 0.0588 1.895 -0.99 0.067 0.04 0.957 5588.0 4.6169 16.701235 1.294674 17.267872 15.973198 "" "" 2049.97461 2652.16479 3930.54797 1.9344 1691.5 10.144 3235.0 9.0403 "" "" 0.0028066542946251338 0.007083846 0.0048466087 0.0119304545 88.29527338516 25.42599432071 2302.35303 1.8949999999999998 -0.99
88.12281646699 25.20085999102 0.0575 0.0451 13.5429 "" "" 3428313199990421248 2531.20483 0.3805 0.0649 2.407 -1.914 0.073 0.045 1.086 5780.6 4.6075 16.70766 1.390206 17.302572 15.912366 "" "" 2152.7771 2917.7019 3907.35324 2.2938 1638.3 12.161 3421.5 20.552 "" "" 0.002828080690353144 0.00852867 0.007537672 0.016066343 88.12281646699 25.20085999102 2531.20483 2.406999999999999 -1.9140000000000001
88.24771157123 25.40591050562 0.053 0.0407 14.3018 "" "" 3428323095595433984 2773.34521 0.358 0.0586 -1.632 -1.002 0.068 0.041 0.976 7548.8 4.4321 16.714996 1.288551 17.275702 15.98715 "" "" 2367.87109 3440.8479 3881.03948 1.9235 1679.3 9.573 3193.7 8.1358 "" "" 0.0028073739083179033 0.006789177 0.004683345 0.011472522 88.24771157123 25.40591050562 2773.34521 -1.632 -1.002
88.38006165964 25.28222996252 0.0572 0.0437 5.2036 "" "" 3428308801943839488 2648.57471 0.3536 0.065 1.644 0.536 0.071 0.044 1.08 7465.6 4.3048 16.72029 1.452993 17.39596 15.942966 "" "" 2275.33545 3042.4541 3862.16552 1.8715 1503.3 9.5155 3326.4 10.876 "" "" 0.0028051006533054957 0.007417232 0.005185141 0.012602373 88.38006165964 25.28222996252 2648.57471 1.6439999999999997 0.536
88.43514041241 24.94773796921 0.0616 0.0512 15.2713 "" "" 3428245644447447808 2444.47754 0.3937 0.0767 0.201 -1.888 0.086 0.049 1.043 "" "" 16.724634 1.531762 17.427328 15.895566 "" "" 2103.38892 3002.44507 3846.7393 2.3878 1460.4 7.5439 3474.8 8.1616 "" "" 0.0028365475103103656 0.0062642293 0.0045592887 0.010823518 88.43514041241 24.94773796921 2444.47754 0.20100000000000004 -1.8880000000000001
88.53707138697 25.15084269961 0.0687 0.0536 9.3498 "" "" 3428257090537899136 2531.73926 0.3987 0.0875 0.01 -1.052 0.092 0.055 1.165 7602.9 4.366 16.72889 1.652378 17.478552 15.826174 "" "" 2002.92151 3301.80933 3831.69587 3.3378 1393.1 16.954 3704.2 11.966 "" "" 0.002913126070837428 0.013504765 0.0051560854 0.01866085 88.53707138697 25.15084269961 2531.73926 0.010000000000000004 -1.052
88.25960314834 25.14287715971 0.0584 0.0454 6.89 "" "" 3428301582103027840 2847.55249 0.3467 0.0656 0.33 0.313 0.073 0.045 1.038 9426.3 4.3061 16.735012 1.533258 17.43936 15.906101 "" "" 2484.03101 3311.14746 3810.14881 1.9198 1444.4 5.5721 3441.3 9.2548 "" "" 0.002809104616143548 0.0050327284 0.004775937 0.009808665 88.25960314834 25.14287715971 2847.55249 0.33 0.313
88.32395145565 25.1104492058 0.0721 0.0624 5.7524 "" "" 3428297562013614720 2516.10376 0.3989 0.0885 0.946 -2.275 0.097 0.059 1.121 5618.7 4.6636 16.755308 1.309036 17.33258 16.023544 "" "" 2125.8335 3204.2168 3739.58247 2.224 1593.6 9.5901 3088.5 12.624 "" "" 0.002829969579379605 0.007104649 0.005829094 0.012933743 88.32395145565 25.1104492058 2516.10376 0.946 -2.2750000000000004
88.28433501701 24.94188167828 0.0638 0.0504 15.9658 "" "" 3428247671673415680 2095.32031 0.4995 0.079 -4.498 -2.346 0.087 0.05 0.966 5475.3 4.706 16.756672 1.506431 17.443678 15.937247 "" "" 1664.09949 2789.61816 3734.89318 2.3077 1438.6 12.748 3343.9 11.52 "" "" 0.0028358119089558166 0.010017549 0.005317393 0.015334941 88.28433501701 24.94188167828 2095.32031 -4.497999999999999 -2.3459999999999996
88.2387973655 24.97221356717 0.063 0.0494 15.2485 "" "" 3428294916313681280 2134.46899 0.4567 0.0739 0.586 -2.089 0.086 0.049 0.93 5509.7 4.3938 16.757498 1.476517 17.427645 15.951128 "" "" 1858.90601 2547.68262 3732.05208 2.3549 1460.0 9.7609 3301.5 9.5944 "" "" 0.0028392148158557806 0.0077765267 0.0049233316 0.012699858 88.2387973655 24.97221356717 2134.46899 0.5859999999999999 -2.089
88.3330760547 25.3605834732 0.058 0.0461 10.1127 "" "" 3428310206396814336 2655.05005 0.3632 0.0611 0.623 -1.677 0.08 0.048 1.003 7461.0 4.3689 16.761484 1.471328 17.431461 15.960134 "" "" 2274.42163 3298.28711 3718.37448 2.1592 1454.9 13.484 3274.2 11.12 "" "" 0.0028265316420985607 0.010442261 0.0052802344 0.015722495 88.3330760547 25.3605834732 2655.05005 0.623 -1.677
88.17334330361 25.01175732243 0.0585 0.0459 15.4491 "" "" 3428202183675557376 2550.37451 0.3821 0.0672 0.901 -2.316 0.077 0.046 0.928 7198.3 4.3388 16.76403 1.561486 17.485994 15.924508 "" "" 2186.34888 2984.46021 3709.66095 1.9088 1383.6 7.4945 3383.4 8.9565 "" "" 0.002811386604354943 0.0065093813 0.004748101 0.011257483 88.17334330361 25.01175732243 2550.37451 0.9010000000000001 -2.316
88.13748009851 25.05338535447 0.0583 0.0432 15.3493 "" "" 3428299318656146304 2184.88159 0.4273 0.0654 0.718 -2.097 0.074 0.043 0.971 5781.4 4.606 16.768625 1.399773 17.395378 15.995605 "" "" 1944.01379 2535.29468 3693.9967 1.7836 1504.1 7.9529 3169.0 7.8906 "" "" 0.002804747901981514 0.0063829413 0.004646736 0.011029677 88.13748009851 25.05338535447 2184.88159 0.7179999999999999 -2.097
88.14696630481 25.05639000791 0.0583 0.0437 14.8214 "" "" 3428299314360234240 2444.56543 0.3979 0.0664 0.05 -2.641 0.076 0.045 1.045 7282.6 4.3956 16.770428 1.35693 17.37112 16.01419 "" "" 2140.99707 2999.93237 3687.87242 1.9057 1538.0 7.3245 3115.2 7.8641 "" "" 0.002811862099791315 0.005875438 0.004668625 0.0105440635 88.14696630481 25.05639000791 2444.56543 0.05 -2.641
88.46646147145 25.42969598915 0.1134 0.0894 14.9362 "" "" 3428335563883915392 2740.2478 0.3899 0.1196 -0.443 0.017 0.132 0.088 1.875 5549.6 4.7052 16.774038 1.426129 17.304571 15.878442 "" "" 2121.67065 4055.35767 3675.62903 7.4531 1635.3 11.56 3530.1 15.162 "" "" 0.003526844854866711 0.00816654 0.006002511 0.014169051 88.46646147145 25.42969598915 2740.2478 -0.443 0.017
88.45549746549 25.11139981713 0.0679 0.053 6.7899 "" "" 3428256467765376640 2604.50366 0.3919 0.0793 0.399 -1.833 0.097 0.055 1.085 8647.6 4.4914 16.77801 1.255882 17.324337 16.068455 "" "" 2154.19043 3224.12109 3662.20694 2.145 1605.8 11.706 2963.3 11.913 "" "" 0.002827754460740255 0.00839223 0.0057737064 0.014165936 88.45549746549 25.11139981713 2604.50366 0.399 -1.833
88.47183006742 25.44662631157 0.0612 0.0481 15.9904 "" "" 3428335735682653184 2506.1355 0.3833 0.0651 -0.039 -0.893 0.073 0.047 1.057 6039.9 4.4878 16.782688 1.395212 17.414444 16.019232 "" "" 2256.63281 2802.41528 3646.45714 2.1808 1477.9 7.3088 3100.7 8.0213 "" "" 0.002830799484208806 0.0060510696 0.004708786 0.010759856 88.47183006742 25.44662631157 2506.1355 -0.039 -0.8929999999999999
88.31454286056 25.21650956462 0.0595 0.0451 3.3682 "" "" 3428308110453400320 2053.17627 0.4814 0.0665 -0.792 -1.112 0.072 0.044 0.978 5601.9 4.6548 16.782974 1.238762 17.318743 16.07998 "" "" 1798.7489 2349.69995 3645.50174 2.0512 1614.1 6.5425 2932.0 9.7744 "" "" 0.0028222325532574147 0.005210818 0.005233031 0.0104438495 88.31454286056 25.21650956462 2053.17627 -0.7919999999999999 -1.112
88.43412819511 25.41883189429 0.0598 0.0476 13.7973 "" "" 3428312130542320000 2374.47119 0.4063 0.0657 1.972 -2.657 0.073 0.047 0.976 9739.5 4.3934 16.783602 1.44897 17.41098 15.96201 "" "" 2074.46558 2791.07959 3643.39241 2.8966 1482.6 11.415 3268.5 10.819 "" "" 0.0028873669800709404 0.008812773 0.0052153296 0.014028102 88.43412819511 25.41883189429 2374.47119 1.9719999999999995 -2.6570000000000005
88.17221698688 25.03091351647 0.0579 0.0434 14.6942 "" "" 3428296226279692544 2508.39673 0.3945 0.0656 0.931 -2.16 0.075 0.044 0.963 8289.0 4.4728 16.78542 1.599736 17.536793 15.937057 "" "" 2175.28198 3086.20898 3637.29782 1.8167 1320.4 7.8701 3344.5 6.4562 "" "" 0.0028081780296921985 0.0070472844 0.0043216334 0.011368917 88.17221698688 25.03091351647 2508.39673 0.9309999999999999 -2.16
88.58614519471 25.28834130774 0.0671 0.0531 12.8701 "" "" 3428306564264366208 2284.05371 0.4442 0.0754 1.916 -1.774 0.083 0.053 0.975 5528.7 4.6725 16.790207 1.422979 17.438873 16.015894 "" "" 1951.0835 2924.40234 3621.29557 2.2963 1445.0 6.4266 3110.3 11.381 "" "" 0.0028400332492068262 0.005576934 0.005483364 0.011060298 88.58614519471 25.28834130774 2284.05371 1.9159999999999997 -1.7740000000000002
88.30065557303 25.3142695052 0.0594 0.0463 8.0998 "" "" 3428309970174954880 2193.77295 0.4531 0.0646 1.768 -3.734 0.077 0.046 1.077 5346.4 4.6511 16.794842 1.42366 17.430346 16.006685 "" "" 1890.1217 2506.50146 3605.87247 2.0084 1456.4 10.148 3136.8 8.627 "" "" 0.002820902733366805 0.00806339 0.004816662 0.0128800515 88.30065557303 25.3142695052 2193.77295 1.7679999999999998 -3.734
88.37852177286 24.94106333661 0.0648 0.0543 15.2877 "" "" 3428247121916184960 2160.82104 0.4905 0.0848 2.115 -2.284 0.079 0.05 1.022 4916.0 4.3657 16.801018 1.682309 17.60413 15.921821 "" "" 1796.01562 2706.53223 3585.41859 2.3568 1241.0 12.185 3391.8 11.788 "" "" 0.0028462496649770542 0.0110196 0.0053406334 0.016360233 88.37852177286 24.94106333661 2160.82104 2.1150000000000007 -2.284
88.25454419927 25.3219112649 0.0582 0.0452 9.9008 "" "" 3428321442032014464 2639.83838 0.3711 0.0628 1.119 0.972 0.077 0.046 0.985 5946.8 4.6708 16.809366 1.320381 17.390717 16.070335 "" "" 2269.74927 3232.3479 3557.95499 1.7822 1510.5 6.682 2958.2 7.0014 "" "" 0.0028084806936977246 0.0055546006 0.0045702364 0.010124837 88.25454419927 25.3219112649 2639.83838 1.119 0.972
88.5960303618 25.16844983151 0.0604 0.0499 12.2633 "" "" 3428257880811864704 2156.90991 0.4684 0.0746 -0.753 -3.498 0.076 0.05 0.953 6329.2 4.4651 16.810629 1.691407 17.603895 15.912488 "" "" 1831.62097 2457.55151 3553.8165 2.2575 1241.2 6.8994 3421.1 12.843 "" "" 0.0028403289496118363 0.006648989 0.005558489 0.012207478 88.5960303618 25.16844983151 2156.90991 -0.7529999999999999 -3.498
88.22901999663 25.00124292312 0.0698 0.0517 14.0282 "" "" 3428295156831860480 2480.73218 0.3999 0.0815 3.538 -2.642 0.094 0.052 1.065 5642.2 4.6467 16.821161 1.441452 17.472069 16.030617 "" "" 2099.25049 2873.8562 3519.50832 1.9405 1401.5 8.4563 3068.4 7.8705 "" "" 0.0028195998213435313 0.007120494 0.0046946323 0.011815126 88.22901999663 25.00124292312 2480.73218 3.5379999999999994 -2.642
88.40898064102 25.19678667605 0.0688 0.0544 1.9973 "" "" 3428304914996685824 2658.11963 0.3641 0.0825 0.391 -1.887 0.081 0.05 1.038 8585.0 4.4689 16.821236 1.232088 17.349754 16.117666 "" "" 2172.7998 3740.63599 3519.27073 2.0826 1568.6 11.659 2832.0 10.574 "" "" 0.002829240879514397 0.00853873 0.0055423486 0.0140810795 88.40898064102 25.19678667605 2658.11963 0.39100000000000007 -1.8869999999999998
88.40837165244 24.93334656422 0.0596 0.0494 15.8691 "" "" 3428244201338410112 2482.5686 0.4048 0.075 1.332 -3.859 0.083 0.048 0.916 5791.2 4.6154 16.821335 1.434872 17.472761 16.03789 "" "" 2010.37488 3001.49414 3518.94668 1.9294 1400.6 9.3241 3047.9 9.7055 "" "" 0.002818894859536933 0.0077478243 0.0051221964 0.012870021 88.40837165244 24.93334656422 2482.5686 1.3320000000000003 -3.859
88.14736364793 25.28913007701 0.0588 0.0483 13.4261 "" "" 3428316288071234688 2904.97729 0.3379 0.073 1.282 -2.151 0.076 0.047 1.011 6360.0 4.4923 16.824638 1.238464 17.357645 16.11918 "" "" 2335.08911 3642.58813 3508.25664 1.8679 1557.3 12.022 2828.0 12.849 "" "" 0.0028153088258525256 0.008833847 0.0062143835 0.01504823 88.14736364793 25.28913007701 2904.97729 1.2819999999999998 -2.1510000000000002
88.20253328172 25.03591492014 0.284 0.2154 13.3038 "" "" 3428296157560209664 2497.45605 0.7684 0.3314 2.308 -0.662 0.365 0.217 4.634 "" "" 16.824959 1.694801 17.48837 15.79357 "" "" 1397.61328 4141.8418 3507.22082 12.961 1380.6 5.2029 3817.1 10.313 "" "" 0.004867320457334964 0.004952465 0.004784218 0.009736683 88.20253328172 25.03591492014 2497.45605 2.3079999999999994 -0.6619999999999999
88.32703970028 25.15329111939 0.0632 0.0495 3.5382 "" "" 3428298798964230016 2584.17749 0.4016 0.0711 0.609 -1.975 0.083 0.049 0.957 8401.0 4.4758 16.825037 1.410328 17.455074 16.044746 "" "" 2111.98486 3178.18066 3506.96926 2.6654 1423.6 8.1515 3028.7 9.2717 "" "" 0.002876235451964419 0.006814315 0.0050329906 0.011847306 88.32703970028 25.15329111939 2584.17749 0.609 -1.975
