Clusters/UBC_487/UBC_487_stars_in_region.tsv
# %ECSV 1.0
# ---
# datatype:
# - name: RA_ICRS_1
#   unit: deg
#   datatype: float64
#   format: '{:15.11f}'
#   description: Right ascension (ICRS) at Ep=2016.0 (ra)
#   meta: !!omap
#   - {ucd: POS_EQ_RA_MAIN}
#   - {width: 15}
#   - {precision: '11'}
# - name: DE_ICRS_1
#   unit: deg
#   datatype: float64
#   format: '{:15.11f}'
#   description: Declination (ICRS) at Ep=2016.0 (dec)
#   meta: !!omap
#   - {ucd: POS_EQ_DEC_MAIN}
#   - {width: 15}
#   - {precision: '11'}
# - name: e_RA_ICRS
#   unit: mas
#   datatype: float64
#   format: '{:7.4f}'
#   description: Standard error of right ascension (ra_error)
#   meta: !!omap
#   - {ucd: ERROR}
#   - {width: 7}
#   - {precision: '4'}
# - name: e_DE_ICRS
#   unit: mas
#   datatype: float64
#   format: '{:7.4f}'
#   description: Standard error of declination (dec_error)
#   meta: !!omap
#   - {ucd: ERROR}
#   - {width: 7}
#   - {precision: '4'}
# - name: _r_1
#   unit: ''
#   datatype: float64
#   format: '{:7.4f}'
#   description: Distance from center (139.74760962000-51.60300550000)[ICRS], at Epoch=J2016.0
#   meta: !!omap
#   - {ucd: POS_ANG_DIST_GENERAL}
#   - {width: 7}
#   - {precision: '4'}
# - name: HIP
#   datatype: int32
#   description: '? HIP cross-id number, van Leeuwen, Cat. I/311 (hip_original_ext_source_id)'
#   meta: !!omap
#   - {ucd: ID_NUMBER}
#   - {width: 6}
#   - values: {'null': -2147483648}
# - name: TYC2
#   datatype: string
#   description: Tycho-2 cross-id name, Hog et al., Cat. I/259 (tyc2_original_ext_source_id)
#   meta: !!omap
#   - {ucd: ID_CROSSID}
#   - {_votable_string_dtype: char}
# - name: Source
#   datatype: int64
#   description: Source identifier, identical to the Gaia-EDR3 source_id (id)
#   meta: !!omap
#   - {ucd: ID_MAIN}
#   - {width: 19}
# - name: rgeo
#   unit: pc
#   datatype: float64
#   format: '{:15.8f}'
#   description: '? Median of the geometric distance posterior (r_med_geo)'
#   meta: !!omap
#   - {ucd: PHYS_DISTANCE_TRUE}
#   - {width: 15}
#   - {precision: '8'}
#   - values: {'null': .nan}
# - name: Plx
#   unit: mas
#   datatype: float64
#   format: '{:9.4f}'
#   description: '? Parallax (parallax)'
#   meta: !!omap
#   - {ucd: POS_PARLX_TRIG}
#   - {width: 9}
#   - {precision: '4'}
#   - values: {'null': .nan}
# - name: e_Plx
#   unit: mas
#   datatype: float32
#   format: '{:7.4f}'
#   description: '? Standard error of parallax (parallax_error)'
#   meta: !!omap
#   - {ucd: ERROR}
#   - {width: 7}
#   - {precision: '4'}
#   - values: {'null': .nan}
# - name: pmRA
#   unit: mas / yr
#   datatype: float64
#   format: '{:9.3f}'
#   description: '? Proper motion in right ascension direction, pmRA*cosDE (pmra)'
#   meta: !!omap
#   - {ucd: POS_EQ_PMRA}
#   - {width: 9}
#   - {precision: '3'}
#   - values: {'null': .nan}
# - name: pmDE
#   unit: mas / yr
#   datatype: float64
#   format: '{:9.3f}'
#   description: '? Proper motion in declination direction (pmdec)'
#   meta: !!omap
#   - {ucd: POS_EQ_PMDEC}
#   - {width: 9}
#   - {precision: '3'}
#   - values: {'null': .nan}
# - name: e_pmRA
#   unit: mas / yr
#   datatype: float32
#   format: '{:6.3f}'
#   description: '? Standard error of proper motion in right ascension direction (pmra_error)'
#   meta: !!omap
#   - {ucd: ERROR}
#   - {width: 6}
#   - {precision: '3'}
#   - values: {'null': .nan}
# - name: e_pmDE
[...]
#         value: !astropy.table.SerializedColumn {name: SkyCoord.dec}
#       distance: !astropy.table.SerializedColumn
#         __class__: astropy.coordinates.distances.Distance
#         unit: !astropy.units.Unit {unit: pc}
#         value: !astropy.table.SerializedColumn {name: SkyCoord.distance}
#       frame: icrs
#       obstime: !astropy.time.Time {format: jyear_str, in_subfmt: '*', jd1: 367701545.0, jd2: 0.0, out_subfmt: '*', precision: 3, scale: tt}
#       pm_dec: !astropy.table.SerializedColumn
#         __class__: astropy.units.quantity.Quantity
#         unit: !astropy.units.Unit {unit: mas / yr}
#         value: !astropy.table.SerializedColumn {name: SkyCoord.pm_dec}
#       pm_ra_cosdec: !astropy.table.SerializedColumn
#         __class__: astropy.units.quantity.Quantity
#         unit: !astropy.units.Unit {unit: mas / yr}
#         value: !astropy.table.SerializedColumn {name: SkyCoord.pm_ra_cosdec}
#       ra: !astropy.table.SerializedColumn
#         __class__: astropy.coordinates.angles.Longitude
#         unit: *id001
#         value: !astropy.table.SerializedColumn {name: SkyCoord.ra}
#         wrap_angle: !astropy.coordinates.Angle
#           unit: *id001
#           value: 360.0
#       representation_type: spherical
# schema: astropy-2.0
RA_ICRS_1 DE_ICRS_1 e_RA_ICRS e_DE_ICRS _r_1 HIP TYC2 Source rgeo Plx e_Plx pmRA pmDE e_pmRA e_pmDE RUWE Teff logg Gmag BP-RP BPmag RPmag RV e_RV b_rgeo B_rgeo FG e_FG FBP e_FBP FRP e_FRP RAVE5 RAVE6 e_Gmag e_BPmag e_RPmag e_BP-RP SkyCoord.ra SkyCoord.dec SkyCoord.distance SkyCoord.pm_ra_cosdec SkyCoord.pm_dec rmRA rmDE e_rmRA e_rmDE rRV e_rRV v_pec v_pec3d e_vpec e_vpec3d
[from data line 881]
140.08817767603 -51.33906795901 0.0307 0.0309 20.3175 "" "" 5313449319163383552 1785.56799 0.5331 0.0364 -1.82 4.723 0.039 0.038 1.012 6296.4 4.4266 16.218382 1.198374 16.737682 15.539309 "" "" 1682.7616 1908.68677 6131.88327 2.3596 2756.4 8.975 4824.3 8.2637 "" "" 0.0027868165601977256 0.004503647 0.0042121913 0.008715838 140.08817767603 -51.33906795901 1785.56799 -1.82 4.723 3.961882286071777 0.5587648849487303 0.12039149 0.119391486 "" "" 33.86360313933641 "" 4.076231820301126 ""
140.15072935479 -51.66766455337 0.0311 0.029 15.5053 "" "" 5313247455709483648 1907.68042 0.4963 0.0347 -1.642 6.737 0.04 0.036 0.967 7265.9 4.4977 16.219353 1.440974 16.871426 15.430451 "" "" 1782.41675 2050.5647 6126.40642 2.3486 2436.9 8.3302 5333.1 12.056 "" "" 0.0027865807298665577 0.004643254 0.004506426 0.00914968 140.15072935479 -51.66766455337 1907.68042 -1.6420000000000001 6.737000000000002 4.139882286071778 2.5727648849487306 0.12139149 0.11739149 "" "" 44.074416113285906 "" 5.301730103369389 ""
140.38149507165 -51.50683291391 0.0296 0.0305 24.3414 "" "" 5313244225894169856 2048.88843 0.4701 0.0351 -4.507 5.79 0.039 0.038 0.998 8127.8 4.2667 16.219378 1.306776 16.794247 15.487471 "" "" 1898.18848 2207.18604 6126.26289 2.6522 2616.5 7.1218 5060.2 7.626 "" "" 0.002795125599171097 0.004064298 0.004118384 0.008182682 140.38149507165 -51.50683291391 2048.88843 -4.507 5.789999999999992 1.2748822860717777 1.6257648849487305 0.12039149 0.119391486 "" "" 20.06462531722027 "" 2.4032053583791506 ""
139.82982195349 -51.88885404579 0.0714 0.059 17.4207 "" "" 5313220380234553856 1807.26709 0.5337 0.0691 -3.707 3.272 0.098 0.067 1.663 "" "" 16.219893 1.57137 16.334608 14.763238 "" "" 1606.16492 2115.06006 6123.35663 6.2588 3995.5 19.767 9859.7 28.806 "" "" 0.002970410447222427 0.0060529197 0.0049341456 0.010987066 139.82982195349 -51.88885404579 1807.26709 -3.706999999999999 3.2720000000000002 2.0748822860717775 -0.8922351150512697 0.17939149 0.14839149 "" "" 19.348072623164374 "" 3.384285062145335 ""
139.2247322706 -51.57756697833 0.032 0.0311 19.5508 "" "" 5313424953805259264 1876.1311 0.5126 0.0376 -9.383 3.949 0.041 0.04 0.977 5675.2 4.1507 16.225094 1.836774 17.12109 15.284316 "" "" 1755.43408 2003.87134 6094.0908 2.6878 1936.3 10.196 6101.4 9.3457 "" "" 0.0027966230102354998 0.0063616927 0.0041291015 0.010490794 139.2247322706 -51.57756697833 1876.1311 -9.383 3.949 -3.6011177139282218 -0.2152351150512697 0.12239149 0.12139149 "" "" 32.08139035586427 "" 3.926375502480397 ""
139.62271988257 -51.73674703723 0.0307 0.0301 9.2731 "" "" 5313412863479952640 1603.40405 0.6141 0.0348 -0.921 2.365 0.041 0.037 1.034 7126.7 4.3616 16.226816 1.374216 16.840488 15.466272 "" "" 1527.91846 1705.12207 6084.43985 2.4137 2507.4 7.2187 5160.0 8.6026 "" "" 0.002788781501241744 0.004189941 0.004190491 0.008380432 139.62271988257 -51.73674703723 1603.40405 -0.9209999999999989 2.365 4.860882286071777 -1.7992351150512693 0.12239149 0.11839149 "" "" 39.39291910766134 "" 4.8026449267060185 ""
139.80525181327 -51.80572483702 0.0289 0.0296 12.3506 "" "" 5313225293677006848 2030.28491 0.4789 0.0339 -5.014 6.035 0.04 0.034 1.072 7066.6 4.3221 16.227934 1.59061 16.953978 15.363367 "" "" 1900.27258 2172.6897 6078.17239 2.7461 2258.5 8.5423 5673.0 7.0239 "" "" 0.0027986445567762595 0.0049647707 0.0040113362 0.008976107 139.80525181327 -51.80572483702 2030.28491 -5.014000000000003 6.035000000000007 0.7678822860717771 1.8707648849487306 0.12139149 0.11539149 "" "" 19.461009362593533 "" 2.262842968273732 ""
139.51414846438 -51.86223390181 0.028 0.0294 17.8095 "" "" 5313405785376891776 2092.90381 0.4581 0.0322 -6.327 6.863 0.039 0.036 0.974 6042.7 4.0601 16.229004 1.491314 16.91419 15.422876 "" "" 1980.70911 2206.22559 6072.18922 2.5514 2342.8 8.6426 5370.4 7.3424 "" "" 0.0027928318966069145 0.004881328 0.0040604454 0.008941773 139.51414846438 -51.86223390181 2092.90381 -6.327 6.863 -0.5451177139282226 2.698764884948731 0.12039149 0.11739149 "" "" 27.313421897553457 "" 3.209614711073311 ""
139.83881883252 -51.88752124817 0.0304 0.0345 17.404 "" "" 5313220277155340800 1580.70264 0.6114 0.0389 -8.935 2.472 0.044 0.041 1.064 5214.0 4.2826 16.229792 1.436171 16.87256 15.436389 "" "" 1504.60095 1668.11389 6067.78289 2.3303 2434.4 8.8609 5304.0 8.8056 "" "" 0.002786692382037081 0.0048376513 0.004187219 0.00902487 139.83881883252 -51.88752124817 1580.70264 -8.935 2.472000000000001 -3.153117713928223 -1.6922351150512696 0.12539148 0.12239149 "" "" 26.81217616869831 "" 3.344199174855665 ""
139.61702087146 -51.63605808453 0.0329 0.0304 5.2535 "" "" 5313415612262086528 1968.2644 0.4834 0.0354 -5.206 2.684 0.043 0.038 1.02 6139.7 4.2139 16.23109 1.405871 16.84978 15.443908 "" "" 1825.70398 2144.90381 6060.5244 2.5421 2486.0 9.651 5267.4 12.627 "" "" 0.002792703285469938 0.0050548096 0.004588889 0.009643698 139.61702087146 -51.63605808453 1968.2644 -5.2059999999999995 2.684 0.5758822860717769 -1.4802351150512694 0.124391496 0.119391486 "" "" 14.818277251186803 "" 1.7790924217813233 ""
139.29065164249 -51.90177473425 0.0306 0.0293 24.6866 "" "" 5313407640799620096 2156.34741 0.4382 0.0337 -9.662 10.85 0.04 0.037 1.02 7381.1 4.2315 16.23139 1.662887 16.998547 15.33566 "" "" 2002.63928 2327.87231 6058.86042 2.4608 2167.7 9.2559 5819.6 11.496 "" "" 0.0027903842900492836 0.0054108766 0.0043455386 0.009756415 139.29065164249 -51.90177473425 2156.34741 -9.661999999999999 10.849999999999987 -3.8801177139282235 6.68576488494873 0.12139149 0.11839149 "" "" 79.01023374908927 "" 9.414422070498013 ""
139.36258186965 -51.92754288004 0.0298 0.0303 24.1573 "" "" 5313404445343955072 1738.65601 0.547 0.0338 -9.704 7.99 0.04 0.04 1.028 5691.7 4.3019 16.232647 1.36734 16.840141 15.472801 "" "" 1649.81982 1854.75793 6051.84824 2.4197 2508.2 6.9975 5129.1 9.018 "" "" 0.0027893080085661165 0.0041182684 0.004234123 0.008352391 139.36258186965 -51.92754288004 1738.65601 -9.704000000000006 7.989999999999992 -3.9221177139282233 3.8257648849487307 0.12139149 0.12139149 "" "" 45.153728938914426 "" 5.481278439548236 ""
140.30565261541 -51.61030035002 0.0326 0.0299 20.7991 "" "" 5313241958151391872 2118.70825 0.4508 0.0357 -1.004 0.957 0.044 0.041 1.012 6007.0 4.2804 16.234283 1.42768 16.873865 15.446185 "" "" 1959.15991 2307.51318 6042.73055 2.6082 2431.5 6.843 5256.3 9.2698 "" "" 0.002794889155988933 0.004137843 0.0042367484 0.008374591 140.30565261541 -51.61030035002 2118.70825 -1.004 0.9569999999999999 4.777882286071778 -3.2072351150512697 0.12539148 0.12239149 "" "" 57.79080003453803 "" 7.193067081439539 ""
139.6877246888 -51.36298335704 0.0354 0.0337 14.5741 "" "" 5313446295506033536 1818.16772 0.5326 0.0394 -3.556 1.636 0.043 0.039 1.108 7621.2 3.7413 16.237877 1.580211 16.96767 15.38746 "" "" 1703.13684 1976.20178 6022.76665 2.6149 2230.2 10.611 5548.5 9.1364 "" "" 0.0027953534659812115 0.0058711534 0.0041809124 0.010052066 139.6877246888 -51.36298335704 1818.16772 -3.5560000000000005 1.6360000000000001 2.2258822860717773 -2.5282351150512694 0.124391496 0.12039149 "" "" 29.029778157475796 "" 3.5461103467768007 ""
139.44252021878 -51.66153291609 0.0336 0.0306 11.8925 "" "" 5313417467684721664 2116.40259 0.45 0.037 -4.18 3.687 0.044 0.037 1.084 9324.3 4.1805 16.237995 1.587683 16.976107 15.388424 "" "" 1961.22803 2331.94263 6022.11251 2.4668 2213.0 8.9636 5543.6 8.6999 "" "" 0.00279098297574551 0.0052081463 0.004145725 0.009353871 139.44252021878 -51.66153291609 2116.40259 -4.18 3.6870000000000003 1.6018822860717776 -0.4772351150512697 0.12539148 0.11839149 "" "" 16.76767102151415 "" 2.093201078578348 ""
139.90027430397 -51.44162982711 0.0338 0.0319 11.2354 "" "" 5313441416423511808 1537.81714 0.6264 0.0381 -5.557 3.019 0.042 0.037 1.036 7161.2 4.3544 16.24429 1.304849 16.815691 15.510842 "" "" 1444.9314 1639.3949 5987.30176 2.5672 2565.3 8.8197 4952.5 8.3173 "" "" 0.0027943716193031764 0.0046603843 0.004196251 0.008856636 139.90027430397 -51.44162982711 1537.81714 -5.556999999999995 3.018999999999995 0.22488228607177696 -1.1452351150512694 0.123391494 0.11839149 "" "" 8.507328373432934 "" 1.0088066138717473 ""
139.79458035322 -51.71450691742 0.0296 0.0299 6.9147 "" "" 5313226736786042112 2200.3623 0.4276 0.0343 -5.435 5.628 0.039 0.034 0.955 7668.7 4.2194 16.248947 1.492042 16.93013 15.438088 "" "" 2028.65771 2420.34985 5961.67086 2.5726 2308.7 7.5262 5295.7 7.4687 "" "" 0.00279487044764332 0.0045069465 0.0040778 0.008584747 139.79458035322 -51.71450691742 2200.3623 -5.435000000000001 5.628000000000005 0.34688228607177773 1.4637648849487306 0.12039149 0.11539149 "" "" 15.689480828606817 "" 1.8146892726743449 ""
139.41166293732 -51.26854672194 0.0369 0.0324 23.6769 "" "" 5313461551229739008 1677.2417 0.5837 0.0394 -11.187 6.313 0.047 0.038 1.124 5530.4 3.8637 16.25127 1.716803 17.074148 15.357346 "" "" 1578.94348 1807.53406 5948.93098 2.3841 2021.9 10.888 5704.5 8.553 "" "" 0.0027894658115759463 0.006478368 0.004115064 0.010593432 139.41166293732 -51.26854672194 1677.2417 -11.187 6.313 -5.405117713928222 2.14876488494873 0.12839149 0.119391486 "" "" 46.24246340131705 "" 5.882076840266865 ""
139.68638018744 -51.67538280663 0.0307 0.0295 4.9048 "" "" 5313414615826642816 1557.60168 0.616 0.0342 -5.084 4.663 0.041 0.036 1.035 5883.0 4.4583 16.254078 1.285497 16.816738 15.531241 "" "" 1505.74341 1624.5177 5933.56826 2.3147 2562.8 8.9743 4860.3 8.342 "" "" 0.0027876841011207384 0.0047159432 0.0042138333 0.008929776 139.68638018744 -51.67538280663 1557.60168 -5.0840000000000005 4.663 0.6978822860717777 0.4987648849487307 0.12239149 0.11739149 "" "" 6.33310136594629 "" 0.7645587854002382 ""
139.19928651175 -51.67701277639 0.0307 0.0326 20.8946 "" "" 5313424026093623936 1541.83167 0.6202 0.0362 -5.55 3.144 0.042 0.041 0.987 4858.6 4.1464 16.259108 1.874896 17.167747 15.292851 "" "" 1462.54016 1631.07922 5906.13701 2.711 1854.9 9.8378 6053.7 19.364 "" "" 0.0028000286127318353 0.006398767 0.0051327483 0.011531515 139.19928651175 -51.67701277639 1541.83167 -5.550000000000003 3.1439999999999957 0.23188228607177752 -1.0202351150512694 0.123391494 0.12239149 "" "" 7.646325166763268 "" 0.936222194756189 ""
139.53476239968 -51.81365706979 0.0304 0.0296 14.9121 "" "" 5313406369489358848 1791.23669 0.5309 0.035 -5.307 5.829 0.044 0.039 1.031 5144.9 4.2077 16.260637 1.591495 17.005068 15.413572 "" "" 1685.01636 1918.77173 5897.82326 2.2991 2154.7 9.0979 5416.6 7.8039 "" "" 0.002787637804851697 0.0053666937 0.0040903105 0.009457004 139.53476239968 -51.81365706979 1791.23669 -5.307 5.829 0.47488228607177696 1.6647648849487302 0.12539148 0.12039149 "" "" 14.698447018841092 "" 1.77520386607696 ""
139.80724461846 -51.97936445404 0.0312 0.0309 22.6897 "" "" 5313218765326826112 1519.53381 0.6366 0.0368 -6.127 2.064 0.041 0.036 0.963 5862.8 4.3707 16.260681 1.395419 16.889631 15.494212 "" "" 1428.58618 1597.81677 5897.58665 2.3448 2396.4 7.9933 5028.9 7.4849 "" "" 0.0027889302135889935 0.004571703 0.0041103694 0.008682072 139.80724461846 -51.97936445404 1519.53381 -6.127 2.064 -0.34511771392822244 -2.1002351150512695 0.12239149 0.11739149 "" "" 15.330005315960383 "" 1.8016692006893118 ""
139.57954836049 -51.96138278029 0.0318 0.0314 22.3893 "" "" 5313217356577384576 1953.22058 0.4764 0.0362 -0.675 3.604 0.046 0.04 0.96 7170.0 4.2905 16.261461 1.581955 17.000202 15.418247 "" "" 1837.97766 2076.40088 5893.34646 2.4419 2164.4 7.4556 5393.4 6.8656 "" "" 0.0027918050406621256 0.0046661017 0.0040241685 0.00869027 139.57954836049 -51.96138278029 1953.22058 -0.6749999999999985 3.603999999999999 5.1068822860717775 -0.5602351150512694 0.12739149 0.12139149 "" "" 47.564522908346255 "" 6.056000674896387 ""
140.12761657769 -51.40736943493 0.034 0.0364 18.4173 "" "" 5313259790855434624 1996.22192 0.4789 0.0414 -3.929 1.367 0.044 0.046 1.069 5270.4 4.2474 16.261955 1.508666 16.949415 15.440749 "" "" 1846.26001 2185.63745 5890.66936 2.7334 2268.0 7.9341 5282.7 7.8471 "" "" 0.0028010014861075774 0.004712902 0.0041091135 0.0088220155 140.12761657769 -51.40736943493 1996.22192 -3.9289999999999994 1.3670000000000013 1.8528822860717775 -2.7972351150512695 0.12539148 0.12739149 "" "" 31.74767608422718 "" 4.025126105085869 ""
139.56316099481 -51.96151643853 0.0315 0.0299 22.5739 "" "" 5313217390937121152 2165.27637 0.439 0.0348 -1.372 2.977 0.045 0.038 1.037 6677.4 4.2099 16.263094 1.725426 17.091698 15.366272 "" "" 2020.59961 2302.96973 5884.49074 2.4315 1989.5 7.8598 5657.8 6.1101 "" "" 0.0027916051934838066 0.0051169912 0.00395709 0.009074081 139.56316099481 -51.96151643853 2165.27637 -1.3719999999999999 2.9770000000000003 4.4098822860717775 -1.1872351150512697 0.1263915 0.119391486 "" "" 46.87198214152649 "" 5.9026208854141915 ""
139.52699181634 -51.81999437262 0.0305 0.0307 15.3875 "" "" 5313406266413232768 2163.7666 0.4401 0.0348 -7.384 7.983 0.043 0.04 1.072 "" "" 16.264082 1.41338 16.900684 15.487305 "" "" 2004.36426 2361.12671 5879.14475 2.5462 2372.2 7.9641 5061.0 7.6747 "" "" 0.002795156137817381 0.004590405 0.0041224426 0.008712848 139.52699181634 -51.81999437262 2163.7666 -7.384000000000001 7.9830000000000005 -1.602117713928223 3.81876488494873 0.124391496 0.12139149 "" "" 42.473456534106305 "" 5.175186706625572 ""
139.64504204565 -51.23839902908 0.0354 0.0345 22.2104 "" "" 5313459764514503424 2021.67834 0.4744 0.0388 -1.381 1.811 0.043 0.04 1.058 5596.1 4.1902 16.264688 1.681453 16.84178 15.160327 "" "" 1878.56165 2201.86279 5875.85726 4.0126 2504.4 60.34 6839.5 111.27 "" "" 0.002853336642586771 0.026307669 0.018063353 0.044371024 139.64504204565 -51.23839902908 2021.67834 -1.3809999999999996 1.8109999999999995 4.400882286071777 -2.3532351150512696 0.124391496 0.12139149 "" "" 47.823115066257714 "" 5.917189215804566 ""
139.46686878986 -51.71360121644 0.0312 0.0313 12.3784 "" "" 5313416402532822400 2164.69019 0.4353 0.0358 -6.744 6.015 0.043 0.039 1.084 7660.8 4.4039 16.267035 1.682971 17.064947 15.381976 "" "" 1979.82397 2365.31738 5863.17723 2.4437 2039.1 7.7132 5576.6 7.5129 "" "" 0.0027922329905107827 0.0049650944 0.0040525654 0.009017659 139.46686878986 -51.71360121644 2164.69019 -6.743999999999996 6.015000000000008 -0.9621177139282224 1.8507648849487301 0.124391496 0.12039149 "" "" 21.402706204579253 "" 2.59515380948008 ""
139.61858749459 -51.8945931364 0.0288 0.0293 18.1398 "" "" 5313217975052690944 2207.021 0.4297 0.0333 -7.42 9.509 0.039 0.037 0.988 7571.3 4.299 16.26811 1.484107 16.945864 15.461757 "" "" 2062.76392 2397.30005 5857.36647 2.3617 2275.5 9.262 5181.5 6.8749 "" "" 0.0027898803850199497 0.0052263895 0.004044623 0.009271013 139.61858749459 -51.8945931364 2207.021 -7.42 9.509 -1.6381177139282226 5.344764884948731 0.12039149 0.11839149 "" "" 58.48027555169306 "" 6.933687853720263 ""
139.67786996657 -51.23047529071 0.0321 0.0306 22.5036 "" "" 5313459146048205312 1528.70984 0.6193 0.0357 -3.627 1.606 0.039 0.036 1.023 5718.6 4.5201 16.268618 1.26579 16.804712 15.538922 "" "" 1467.50452 1620.77954 5854.6344 2.5231 2591.4 10.893 4826.0 8.2899 "" "" 0.0027947675755513888 0.005349238 0.004214507 0.009563745 139.67786996657 -51.23047529071 1528.70984 -3.627 1.605999999999998 2.1548822860717776 -2.5582351150512697 0.12039149 0.11739149 "" "" 24.237134505307875 "" 2.8756347341905437 ""
140.34025747551 -51.52400293858 0.0302 0.0306 22.6075 "" "" 5313255839485726720 1610.21704 0.6037 0.0352 -6.653 3.425 0.041 0.037 1.04 5884.5 4.5178 16.270227 1.210098 16.76442 15.554321 "" "" 1514.61658 1755.22705 5845.95804 3.2443 2689.4 9.8128 4758.1 21.716 "" "" 0.0028204343791738925 0.0048454814 0.006232078 0.01107756 140.34025747551 -51.52400293858 1610.21704 -6.653 3.425 -0.8711177139282222 -0.7392351150512697 0.12239149 0.11839149 "" "" 8.720077849821868 "" 1.0528013702576418 ""
