Clusters/UBC_487/UBC_487_stars_in_region.tsv
# %ECSV 1.0
# ---
# datatype:
# - name: RA_ICRS_1
#   unit: deg
#   datatype: float64
#   format: '{:15.11f}'
#   description: Right ascension (ICRS) at Ep=2016.0 (ra)
#   meta: !!omap
#   - {ucd: POS_EQ_RA_MAIN}
#   - {width: 15}
#   - {precision: '11'}
# - name: DE_ICRS_1
#   unit: deg
#   datatype: float64
#   format: '{:15.11f}'
#   description: Declination (ICRS) at Ep=2016.0 (dec)
#   meta: !!omap
#   - {ucd: POS_EQ_DEC_MAIN}
#   - {width: 15}
#   - {precision: '11'}
# - name: e_RA_ICRS
#   unit: mas
#   datatype: float64
#   format: '{:7.4f}'
#   description: Standard error of right ascension (ra_error)
#   meta: !!omap
#   - {ucd: ERROR}
#   - {width: 7}
#   - {precision: '4'}
# - name: e_DE_ICRS
#   unit: mas
#   datatype: float64
#   format: '{:7.4f}'
#   description: Standard error of declination (dec_error)
#   meta: !!omap
#   - {ucd: ERROR}
#   - {width: 7}
#   - {precision: '4'}
# - name: _r_1
#   unit: ''
#   datatype: float64
#   format: '{:7.4f}'
#   description: Distance from center (139.74760962000-51.60300550000)[ICRS], at Epoch=J2016.0
#   meta: !!omap
#   - {ucd: POS_ANG_DIST_GENERAL}
#   - {width: 7}
#   - {precision: '4'}
# - name: HIP
#   datatype: int32
#   description: '? HIP cross-id number, van Leeuwen, Cat. I/311 (hip_original_ext_source_id)'
#   meta: !!omap
#   - {ucd: ID_NUMBER}
#   - {width: 6}
#   - values: {'null': -2147483648}
# - name: TYC2
#   datatype: string
#   description: Tycho-2 cross-id name, Hog et al., Cat. I/259 (tyc2_original_ext_source_id)
#   meta: !!omap
#   - {ucd: ID_CROSSID}
#   - {_votable_string_dtype: char}
# - name: Source
#   datatype: int64
#   description: Source identifier, identical to the Gaia-EDR3 source_id (id)
#   meta: !!omap
#   - {ucd: ID_MAIN}
#   - {width: 19}
# - name: rgeo
#   unit: pc
#   datatype: float64
#   format: '{:15.8f}'
#   description: '? Median of the geometric distance posterior (r_med_geo)'
#   meta: !!omap
#   - {ucd: PHYS_DISTANCE_TRUE}
#   - {width: 15}
#   - {precision: '8'}
#   - values: {'null': .nan}
# - name: Plx
#   unit: mas
#   datatype: float64
#   format: '{:9.4f}'
#   description: '? Parallax (parallax)'
#   meta: !!omap
#   - {ucd: POS_PARLX_TRIG}
#   - {width: 9}
#   - {precision: '4'}
#   - values: {'null': .nan}
# - name: e_Plx
#   unit: mas
#   datatype: float32
#   format: '{:7.4f}'
#   description: '? Standard error of parallax (parallax_error)'
#   meta: !!omap
#   - {ucd: ERROR}
#   - {width: 7}
#   - {precision: '4'}
#   - values: {'null': .nan}
# - name: pmRA
#   unit: mas / yr
#   datatype: float64
#   format: '{:9.3f}'
#   description: '? Proper motion in right ascension direction, pmRA*cosDE (pmra)'
#   meta: !!omap
#   - {ucd: POS_EQ_PMRA}
#   - {width: 9}
#   - {precision: '3'}
#   - values: {'null': .nan}
# - name: pmDE
#   unit: mas / yr
#   datatype: float64
#   format: '{:9.3f}'
#   description: '? Proper motion in declination direction (pmdec)'
#   meta: !!omap
#   - {ucd: POS_EQ_PMDEC}
#   - {width: 9}
#   - {precision: '3'}
#   - values: {'null': .nan}
# - name: e_pmRA
#   unit: mas / yr
#   datatype: float32
#   format: '{:6.3f}'
#   description: '? Standard error of proper motion in right ascension direction (pmra_error)'
#   meta: !!omap
#   - {ucd: ERROR}
#   - {width: 6}
#   - {precision: '3'}
#   - values: {'null': .nan}
# - name: e_pmDE
[...]
#         value: !astropy.table.SerializedColumn {name: SkyCoord.dec}
#       distance: !astropy.table.SerializedColumn
#         __class__: astropy.coordinates.distances.Distance
#         unit: !astropy.units.Unit {unit: pc}
#         value: !astropy.table.SerializedColumn {name: SkyCoord.distance}
#       frame: icrs
#       obstime: !astropy.time.Time {format: jyear_str, in_subfmt: '*', jd1: 367701545.0, jd2: 0.0, out_subfmt: '*', precision: 3, scale: tt}
#       pm_dec: !astropy.table.SerializedColumn
#         __class__: astropy.units.quantity.Quantity
#         unit: !astropy.units.Unit {unit: mas / yr}
#         value: !astropy.table.SerializedColumn {name: SkyCoord.pm_dec}
#       pm_ra_cosdec: !astropy.table.SerializedColumn
#         __class__: astropy.units.quantity.Quantity
#         unit: !astropy.units.Unit {unit: mas / yr}
#         value: !astropy.table.SerializedColumn {name: SkyCoord.pm_ra_cosdec}
#       ra: !astropy.table.SerializedColumn
#         __class__: astropy.coordinates.angles.Longitude
#         unit: *id001
#         value: !astropy.table.SerializedColumn {name: SkyCoord.ra}
#         wrap_angle: !astropy.coordinates.Angle
#           unit: *id001
#           value: 360.0
#       representation_type: spherical
# schema: astropy-2.0
RA_ICRS_1 DE_ICRS_1 e_RA_ICRS e_DE_ICRS _r_1 HIP TYC2 Source rgeo Plx e_Plx pmRA pmDE e_pmRA e_pmDE RUWE Teff logg Gmag BP-RP BPmag RPmag RV e_RV b_rgeo B_rgeo FG e_FG FBP e_FBP FRP e_FRP RAVE5 RAVE6 e_Gmag e_BPmag e_RPmag e_BP-RP SkyCoord.ra SkyCoord.dec SkyCoord.distance SkyCoord.pm_ra_cosdec SkyCoord.pm_dec rmRA rmDE e_rmRA e_rmDE rRV e_rRV v_pec v_pec3d e_vpec e_vpec3d
[from data line 471]
140.12381707229 -51.81569834313 0.0204 0.02 18.9339 "" "" 5313233162058484864 1553.27856 0.6144 0.023 -8.357 7.777 0.026 0.024 0.972 6596.8 4.2191 15.441626 1.147053 15.928619 14.781567 "" "" 1500.29932 1611.11389 12539.97266 3.1829 5807.2 10.15 9694.6 10.14 "" "" 0.002769067494917356 0.0033743514 0.003946309 0.00732066 140.12381707229 -51.81569834313 1553.27856 -8.357 7.776999999999999 -2.575117713928222 3.6127648849487306 0.10739149 0.10539149 "" "" 32.66454854387112 "" 3.4647121295466574 ""
139.44633400185 -51.83470702347 0.0198 0.02 17.8516 "" "" 5313406850525677824 1547.52051 0.6171 0.0226 -8.362 7.14 0.027 0.026 0.946 7069.2 4.3228 15.441894 1.216464 15.967041 14.750577 "" "" 1491.76074 1602.1825 12536.88047 3.0545 5605.3 8.0081 9975.3 7.5683 "" "" 0.002767989439094126 0.0031923545 0.0038681126 0.0070604673 139.44633400185 -51.83470702347 1547.52051 -8.362000000000005 7.140000000000009 -2.5801177139282228 2.97576488494873 0.10839149 0.10739149 "" "" 28.890245345861132 "" 3.114997546773414 ""
139.35916771685 -51.89128648078 0.0197 0.0199 22.5255 "" "" 5313405132538910592 2206.8689 0.422 0.0224 -5.664 5.571 0.027 0.026 0.962 7969.5 4.1496 15.443094 1.311392 16.01631 14.704918 "" "" 2109.20752 2331.40601 12523.02421 3.2865 5356.6 10.423 10404.0 12.674 "" "" 0.002770014160546129 0.0034997633 0.0040041315 0.007503895 139.35916771685 -51.89128648078 2206.8689 -5.663999999999999 5.5710000000000015 0.11788228607177764 1.4067648849487302 0.10839149 0.10739149 "" "" 14.767121594456357 "" 1.5859666599872237 ""
140.03036499019 -51.3803454582 0.0219 0.0226 17.0311 "" "" 5313447738615403520 2178.40942 0.4274 0.0261 -8.008 12.457 0.029 0.029 1.042 6735.4 3.9252 15.445275 1.39518 16.065151 14.669971 "" "" 2066.25195 2307.52344 12497.8901 4.0121 5121.0 9.464 10744.0 11.26 "" "" 0.0027772780413733485 0.0034367405 0.003946961 0.0073837014 140.03036499019 -51.3803454582 2178.40942 -8.008000000000008 12.457000000000008 -2.2261177139282218 8.292764884948731 0.11039149 0.11039149 "" "" 88.65982242721817 "" 9.787289915187403 ""
140.18263077133 -51.84117035701 0.0391 0.0357 21.5787 "" "" 5313232440496966016 1834.40234 0.5089 0.0423 -10.681 6.126 0.053 0.044 2.113 6004.9 3.9589 15.445831 1.892599 16.30794 14.41534 23.66 5.99 1697.44922 1970.55762 12491.49079 5.4711 4094.9 15.177 13584.0 17.914 "" "" 0.0027960552929866917 0.0048967637 0.004041515 0.008938279 140.18263077133 -51.84117035701 1834.40234 -10.680999999999994 6.1260000000000066 -4.899117713928222 1.9617648849487308 0.13439149 0.12539148 "" "" 45.88646153820678 "" 6.111343091001346 ""
140.1803396543 -51.49230614585 0.021 0.0202 17.4587 "" "" 5313255598967331968 1604.93201 0.5921 0.0241 -2.735 5.206 0.028 0.027 1.008 5526.5 4.0349 15.45209 1.382402 16.073685 14.691283 "" "" 1552.03076 1665.91418 12419.69208 3.2681 5080.9 8.665 10535.0 10.992 "" "" 0.0027700926618532363 0.003348664 0.003945509 0.007294173 140.1803396543 -51.49230614585 1604.93201 -2.735 5.206 3.0468822860717775 1.0417648849487309 0.109391496 0.10839149 "" "" 24.496188316862302 "" 2.6771212157308653 ""
139.86182182418 -51.89219526865 0.0212 0.0228 17.8626 "" "" 5313220208435865600 2074.53003 0.4436 0.0265 -10.159 5.227 0.031 0.026 1.05 6544.4 3.961 15.452809 1.665812 16.23638 14.570568 "" "" 1962.02368 2208.6687 12411.46242 3.5679 4373.9 8.7814 11774.0 8.8399 "" "" 0.0027729415592632313 0.0035407108 0.0038662937 0.0074070045 139.86182182418 -51.89219526865 2074.53003 -10.158999999999997 5.2270000000000065 -4.377117713928223 1.0627648849487308 0.11239149 0.10739149 "" "" 44.29191058187698 "" 4.965964630697094 ""
139.24943256132 -51.66809007566 0.0234 0.0222 18.9585 "" "" 5313423411919298176 1569.7865 0.601 0.0264 -7.784 5.344 0.032 0.029 1.116 8236.4 4.029 15.453481 1.641721 16.219124 14.577403 "" "" 1514.55591 1626.51819 12403.79545 5.6027 4443.9 11.344 11700.0 19.899 "" "" 0.0027986246570696253 0.003932768 0.004206377 0.008139145 139.24943256132 -51.66809007566 1569.7865 -7.783999999999999 5.343999999999999 -2.0021177139282225 1.1797648849487308 0.11339149 0.11039149 "" "" 17.29134197969224 "" 1.9474535006978844 ""
139.79664181536 -51.74518994099 0.0204 0.0207 8.724 "" "" 5313226255749696768 2142.17139 0.4305 0.0236 -4.386 4.717 0.026 0.024 1.002 5317.3 3.451 15.45558 1.762657 16.304546 14.541889 "" "" 2058.82471 2232.1394 12379.83854 3.265 4107.7 8.2512 12089.0 10.628 "" "" 0.0027701595548226547 0.0035414016 0.0038980555 0.007439457 139.79664181536 -51.74518994099 2142.17139 -4.386 4.717 1.3958822860717772 0.5527648849487301 0.10739149 0.10539149 "" "" 15.24449409911619 "" 1.6330293258539603 ""
140.01840377151 -51.24539031393 0.0506 0.053 23.7284 "" "" 5313450830991718784 2072.38281 0.4728 0.06 -5.865 5.038 0.065 0.06 2.497 7651.9 4.192 15.456894 1.134371 15.910564 14.776194 "" "" 1832.25989 2465.16211 12364.85516 7.6608 5904.6 20.5 9742.7 27.482 "" "" 0.0028362456961011926 0.0046898224 0.0048645013 0.009554324 140.01840377151 -51.24539031393 2072.38281 -5.865 5.038 -0.08311771392822287 0.8737648849487307 0.14639148 0.14139149 "" "" 8.62182148849891 "" 1.219445517077422 ""
139.1655862891 -51.45562205318 0.0216 0.024 23.4558 "" "" 5313435334748401408 2115.87891 0.44 0.0265 -6.682 6.543 0.029 0.031 1.027 8554.4 3.5508 15.458617 1.732959 16.28584 14.55288 "" "" 2027.19775 2233.06665 12345.2471 3.6775 4179.1 11.442 11968.0 15.671 "" "" 0.002774237710649797 0.0040769703 0.00403793 0.0081149 139.1655862891 -51.45562205318 2115.87891 -6.682000000000002 6.543000000000005 -0.900117713928223 2.3787648849487306 0.11039149 0.11239149 "" "" 25.508140897030607 "" 2.860557921221749 ""
140.16992431172 -51.39856828765 0.0204 0.0205 19.9816 "" "" 5313260546769689216 1715.18579 0.553 0.0235 -2.391 0.869 0.026 0.026 1.012 6675.4 4.1565 15.462621 1.178202 15.966695 14.788493 "" "" 1643.92444 1784.13208 12299.8101 3.272 5607.1 12.012 9633.0 14.062 "" "" 0.0027704171140006707 0.003632508 0.004098259 0.007730767 140.16992431172 -51.39856828765 1715.18579 -2.391 0.869 3.3908822860717773 -3.2952351150512698 0.10739149 0.10739149 "" "" 38.440846704534216 "" 4.128219863365418 ""
140.12100382997 -51.2762507729 0.0215 0.0211 24.0705 "" "" 5313449937638690944 1520.72266 0.6257 0.0252 -2.275 0.861 0.029 0.026 1.079 6216.7 3.9774 15.46315 0.997088 15.871179 14.87409 "" "" 1463.46643 1571.24097 12293.81444 3.0408 6122.7 10.858 8902.7 9.904 "" "" 0.002768376531988842 0.0033900423 0.003967698 0.007357741 140.12100382997 -51.2762507729 1520.72266 -2.275 0.861 3.5068822860717774 -3.3032351150512698 0.11039149 0.10739149 "" "" 34.726583006210184 "" 3.784899144069605 ""
140.07657519712 -51.72845316964 0.0208 0.0201 14.3711 "" "" 5313245669003054848 1687.75757 0.5643 0.0234 -2.81 4.167 0.028 0.024 1.057 5780.5 4.1405 15.463219 1.240878 15.969195 14.728317 "" "" 1627.86755 1738.42578 12293.03712 4.2175 5594.2 11.17 10182.0 26.28 "" "" 0.002780385186726125 0.00353339 0.0047049634 0.008238353 140.07657519712 -51.72845316964 1687.75757 -2.81 4.167000000000002 2.9718822860717773 0.002764884948730284 0.109391496 0.10539149 "" "" 23.77498204189326 "" 2.6007807622710537 ""
139.65900932944 -51.5697197491 0.024 0.0224 3.8599 "" "" 5313419116952208384 2185.51611 0.4313 0.0265 0.078 3.613 0.03 0.026 1.162 7457.8 3.9097 15.463629 1.483605 16.122087 14.638482 "" "" 2063.1936 2335.8999 12288.39515 3.638 4859.4 12.65 11060.0 24.811 "" "" 0.0027740059902525123 0.0039715907 0.0044962293 0.00846782 139.65900932944 -51.5697197491 2185.51611 0.07800000000000007 3.613 5.859882286071778 -0.5512351150512695 0.11139149 0.10739149 "" "" 60.972547044242546 "" 6.789721819538217 ""
140.1563622197 -51.64827667933 0.0228 0.0213 15.4655 "" "" 5313247833666613760 1579.21387 0.6084 0.0251 -7.644 9.748 0.03 0.027 1.046 7119.4 4.3127 15.464046 1.168851 15.960436 14.791585 "" "" 1519.85217 1643.54224 12283.68366 3.2861 5639.5 17.032 9605.6 12.209 "" "" 0.0027705870447105414 0.0043054945 0.004023448 0.008328943 140.1563622197 -51.64827667933 1579.21387 -7.644 9.747999999999998 -1.8621177139282228 5.58376488494873 0.11139149 0.10839149 "" "" 44.060081336626396 "" 4.789131363426318 ""
139.4319859567 -51.90932843318 0.0198 0.0202 21.7994 "" "" 5313404170466239104 1564.26624 0.6046 0.0229 -3.51 5.205 0.027 0.027 0.941 5308.4 3.6545 15.467497 1.662122 16.256727 14.594605 "" "" 1511.95471 1620.15198 12244.69876 3.5649 4292.7 8.2042 11516.0 11.895 "" "" 0.00277339289813989 0.0034771985 0.0039422605 0.007419459 139.4319859567 -51.90932843318 1564.26624 -3.51 5.205 2.2718822860717776 1.0407648849487305 0.10839149 0.10839149 "" "" 18.528605754646073 "" 2.0083432513098147 ""
140.21280753241 -51.37091176145 0.0208 0.0206 22.2711 "" "" 5313260718568398720 2084.3584 0.4443 0.0243 -5.08 5.82 0.027 0.026 0.973 7890.3 4.0725 15.470525 1.137639 15.951849 14.81421 "" "" 1970.8291 2201.42798 12210.59262 4.5447 5684.3 12.664 9407.5 10.945 "" "" 0.002784796074695611 0.0036927136 0.003984891 0.0076776044 140.21280753241 -51.37091176145 2084.3584 -5.080000000000002 5.819999999999997 0.7018822860717773 1.6557648849487308 0.10839149 0.10739149 "" "" 17.767810469496922 "" 1.9108287651489324 ""
139.42808785274 -51.76059113414 0.0205 0.0204 15.1886 "" "" 5313410355219009280 1986.43835 0.4716 0.0235 -6.062 5.857 0.029 0.026 1.033 6524.8 3.7555 15.471313 1.782607 16.332748 14.550141 "" "" 1890.74292 2089.51831 12201.73069 3.5695 4002.4 8.0536 11998.0 8.667 "" "" 0.002773566835457398 0.003543728 0.0038599041 0.007403632 139.42808785274 -51.76059113414 1986.43835 -6.061999999999999 5.856999999999992 -0.28011771392822293 1.6927648849487307 0.11039149 0.10739149 "" "" 16.15534931364885 "" 1.73625640053304 ""
140.25299628965 -51.43717880201 0.0216 0.0211 21.3308 "" "" 5313257282594545280 2014.29822 0.4627 0.0247 -5.867 3.518 0.028 0.028 1.096 7965.5 4.0182 15.472524 1.138107 15.952761 14.814653 "" "" 1902.96924 2128.49341 12188.13052 3.0107 5679.5 10.479 9403.7 9.8526 "" "" 0.002768342335665766 0.0034348273 0.0039468696 0.007381697 140.25299628965 -51.43717880201 2014.29822 -5.866999999999996 3.518 -0.08511771392822265 -0.6462351150512697 0.109391496 0.109391496 "" "" 6.223397075066952 "" 0.6807867136636366 ""
139.40446990059 -51.81640001077 0.0231 0.0234 18.0745 "" "" 5313409771103438080 1765.11523 0.5316 0.0264 -3.835 5.752 0.033 0.029 1.143 7202.5 4.2187 15.473454 1.350525 16.071856 14.721331 "" "" 1694.06885 1830.30554 12177.69339 3.1399 5089.5 7.5865 10248.0 8.8139 "" "" 0.002769505273508828 0.0032255736 0.0038930331 0.007118607 139.40446990059 -51.81640001077 1765.11523 -3.8350000000000035 5.751999999999999 1.9468822860717774 1.5877648849487302 0.11439149 0.11039149 "" "" 21.01902014112128 "" 2.3711713900451494 ""
139.43858011637 -51.94923110027 0.0219 0.0211 23.7309 "" "" 5313403964307802240 1988.17468 0.473 0.0242 -8.338 6.548 0.029 0.028 0.991 7978.6 4.104 15.47382 1.101386 15.930491 14.829105 "" "" 1895.14001 2071.07544 12173.59063 7.5067 5797.2 14.369 9279.3 14.998 "" "" 0.002835494322046519 0.003876488 0.0041669244 0.008043412 139.43858011637 -51.94923110027 1988.17468 -8.338 6.548000000000002 -2.556117713928222 2.3837648849487305 0.11039149 0.109391496 "" "" 32.93811081158905 "" 3.620803251111258 ""
139.36188481068 -51.80225685922 0.0205 0.0208 18.672 "" "" 5313410011621454208 2128.42505 0.4465 0.0239 -7.758 8.045 0.028 0.027 0.968 7150.6 4.0394 15.475652 1.393492 16.098322 14.70483 "" "" 2026.44202 2219.13599 12153.06692 3.5103 4966.9 8.2778 10405.0 9.6037 "" "" 0.0027731096883264706 0.0033255476 0.003909984 0.0072355317 139.36188481068 -51.80225685922 2128.42505 -7.757999999999999 8.045000000000002 -1.9761177139282227 3.8807648849487304 0.109391496 0.10839149 "" "" 43.9356895600332 "" 4.771334626438123 ""
139.71400260643 -51.69636815016 0.0213 0.022 5.7398 "" "" 5313414340948821120 2086.68188 0.4477 0.025 -4.395 1.762 0.029 0.025 1.0 7643.7 3.7039 15.477023 1.238468 16.011703 14.773235 "" "" 1998.91919 2204.4248 12137.72678 3.2602 5379.4 8.7237 9769.3 11.103 "" "" 0.0027707105699613676 0.003299272 0.0039757243 0.0072749965 139.71400260643 -51.69636815016 2086.68188 -4.395 1.762 1.3868822860717778 -2.4022351150512695 0.11039149 0.10639149 "" "" 27.435674727873128 "" 2.9467397030748637 ""
140.06302182624 -51.72162138789 0.0213 0.0207 13.7278 "" "" 5313245737722531712 1563.58777 0.6112 0.0241 -4.74 6.987 0.029 0.025 1.0 6352.3 4.1017 15.478137 1.14701 15.959777 14.812767 "" "" 1502.30579 1627.79651 12125.28689 3.3785 5642.9 7.636 9420.0 9.2899 "" "" 0.0027718781787604697 0.003153358 0.003928131 0.007081489 140.06302182624 -51.72162138789 1563.58777 -4.74 6.986999999999999 1.0418822860717771 2.8227648849487306 0.11039149 0.10639149 "" "" 22.300230200934394 "" 2.383426062343799 ""
140.08969106814 -51.6668089805 0.0251 0.0232 13.3019 "" "" 5313248142905186944 2021.18213 0.4623 0.0274 -8.536 3.928 0.034 0.029 1.096 "" "" 15.478404 1.518774 16.153318 14.634544 "" "" 1902.47058 2138.83325 12122.30217 4.0582 4721.6 25.069 11100.0 46.077 "" "" 0.0027791909437145 0.006404382 0.005881886 0.012286268 140.08969106814 -51.6668089805 2021.18213 -8.535999999999998 3.9279999999999946 -2.7541177139282222 -0.2362351150512696 0.11539149 0.11039149 "" "" 26.48244499453616 "" 3.0549025741064546 ""
139.77781543813 -51.67938009746 0.0214 0.0217 4.7185 "" "" 5313227046023694080 2094.36377 0.4425 0.0243 -5.159 4.624 0.029 0.028 1.002 8265.4 3.8906 15.479451 1.120954 15.949236 14.828282 "" "" 1993.1228 2221.04468 12110.61244 3.3287 5698.0 10.16 9286.4 10.574 "" "" 0.002771433910738349 0.0033960233 0.0039764447 0.007372468 139.77781543813 -51.67938009746 2094.36377 -5.159000000000003 4.624000000000002 0.6228822860717775 0.45976488494873013 0.11039149 0.109391496 "" "" 7.685578150513683 "" 0.8457198710293906 ""
139.47049331946 -51.28897500895 0.0238 0.0228 21.5035 "" "" 5313460554797328000 2184.87622 0.4188 0.0262 -5.323 2.877 0.03 0.027 1.129 "" "" 15.485374 1.474559 16.150274 14.675715 "" "" 2070.0188 2324.59058 12044.72286 3.3586 4734.9 10.429 10687.0 9.6432 "" "" 0.0027719032526901635 0.0036747716 0.0039042956 0.0075790673 139.47049331946 -51.28897500895 2184.87622 -5.322999999999999 2.8769999999999976 0.45888228607177695 -1.2872351150512698 0.11139149 0.10839149 "" "" 14.152754468036681 "" 1.5388841175495216 ""
139.33328400985 -51.28270790867 0.0304 0.027 24.6863 "" "" 5313438220954908160 1714.83472 0.5626 0.0326 -5.471 4.497 0.04 0.033 1.565 15025.1 4.5647 15.488768 1.595633 16.187197 14.591564 "" "" 1614.76465 1836.0033 12007.14528 7.094 4576.6 13.315 11549.0 25.663 "" "" 0.002829005474397539 0.004214627 0.0044837953 0.008698422 139.33328400985 -51.28270790867 1714.83472 -5.471000000000002 4.497 0.31088228607177726 0.33276488494873036 0.12139149 0.11439149 "" "" 3.7015559792021233 "" 0.4356938248684309 ""
140.0828839938 -51.49326423289 0.0227 0.0209 14.1366 "" "" 5313258382106123520 2089.33496 0.4437 0.0257 -4.084 5.378 0.029 0.026 1.034 7492.0 4.0073 15.489277 1.127364 15.965979 14.838614 "" "" 1992.80933 2213.05859 12001.51431 3.4137 5610.8 10.692 9198.4 11.9 "" "" 0.00277257331811447 0.0034735817 0.004031958 0.00750554 140.0828839938 -51.49326423289 2089.33496 -4.084 5.378 1.6978822860717777 1.2137648849487306 0.11039149 0.10739149 "" "" 20.669587837962727 "" 2.260965348010999 ""
