Clusters/UBC_487/UBC_487_stars_in_region.tsv
# %ECSV 1.0
# ---
# datatype:
# - name: RA_ICRS_1
#   unit: deg
#   datatype: float64
#   format: '{:15.11f}'
#   description: Right ascension (ICRS) at Ep=2016.0 (ra)
#   meta: !!omap
#   - {ucd: POS_EQ_RA_MAIN}
#   - {width: 15}
#   - {precision: '11'}
# - name: DE_ICRS_1
#   unit: deg
#   datatype: float64
#   format: '{:15.11f}'
#   description: Declination (ICRS) at Ep=2016.0 (dec)
#   meta: !!omap
#   - {ucd: POS_EQ_DEC_MAIN}
#   - {width: 15}
#   - {precision: '11'}
# - name: e_RA_ICRS
#   unit: mas
#   datatype: float64
#   format: '{:7.4f}'
#   description: Standard error of right ascension (ra_error)
#   meta: !!omap
#   - {ucd: ERROR}
#   - {width: 7}
#   - {precision: '4'}
# - name: e_DE_ICRS
#   unit: mas
#   datatype: float64
#   format: '{:7.4f}'
#   description: Standard error of declination (dec_error)
#   meta: !!omap
#   - {ucd: ERROR}
#   - {width: 7}
#   - {precision: '4'}
# - name: _r_1
#   unit: ''
#   datatype: float64
#   format: '{:7.4f}'
#   description: Distance from center (139.74760962000-51.60300550000)[ICRS], at Epoch=J2016.0
#   meta: !!omap
#   - {ucd: POS_ANG_DIST_GENERAL}
#   - {width: 7}
#   - {precision: '4'}
# - name: HIP
#   datatype: int32
#   description: '? HIP cross-id number, van Leeuwen, Cat. I/311 (hip_original_ext_source_id)'
#   meta: !!omap
#   - {ucd: ID_NUMBER}
#   - {width: 6}
#   - values: {'null': -2147483648}
# - name: TYC2
#   datatype: string
#   description: Tycho-2 cross-id name, Hog et al., Cat. I/259 (tyc2_original_ext_source_id)
#   meta: !!omap
#   - {ucd: ID_CROSSID}
#   - {_votable_string_dtype: char}
# - name: Source
#   datatype: int64
#   description: Source identifier, identical to the Gaia-EDR3 source_id (id)
#   meta: !!omap
#   - {ucd: ID_MAIN}
#   - {width: 19}
# - name: rgeo
#   unit: pc
#   datatype: float64
#   format: '{:15.8f}'
#   description: '? Median of the geometric distance posterior (r_med_geo)'
#   meta: !!omap
#   - {ucd: PHYS_DISTANCE_TRUE}
#   - {width: 15}
#   - {precision: '8'}
#   - values: {'null': .nan}
# - name: Plx
#   unit: mas
#   datatype: float64
#   format: '{:9.4f}'
#   description: '? Parallax (parallax)'
#   meta: !!omap
#   - {ucd: POS_PARLX_TRIG}
#   - {width: 9}
#   - {precision: '4'}
#   - values: {'null': .nan}
# - name: e_Plx
#   unit: mas
#   datatype: float32
#   format: '{:7.4f}'
#   description: '? Standard error of parallax (parallax_error)'
#   meta: !!omap
#   - {ucd: ERROR}
#   - {width: 7}
#   - {precision: '4'}
#   - values: {'null': .nan}
# - name: pmRA
#   unit: mas / yr
#   datatype: float64
#   format: '{:9.3f}'
#   description: '? Proper motion in right ascension direction, pmRA*cosDE (pmra)'
#   meta: !!omap
#   - {ucd: POS_EQ_PMRA}
#   - {width: 9}
#   - {precision: '3'}
#   - values: {'null': .nan}
# - name: pmDE
#   unit: mas / yr
#   datatype: float64
#   format: '{:9.3f}'
#   description: '? Proper motion in declination direction (pmdec)'
#   meta: !!omap
#   - {ucd: POS_EQ_PMDEC}
#   - {width: 9}
#   - {precision: '3'}
#   - values: {'null': .nan}
# - name: e_pmRA
#   unit: mas / yr
#   datatype: float32
#   format: '{:6.3f}'
#   description: '? Standard error of proper motion in right ascension direction (pmra_error)'
#   meta: !!omap
#   - {ucd: ERROR}
#   - {width: 6}
#   - {precision: '3'}
#   - values: {'null': .nan}
# - name: e_pmDE
[...]
#         value: !astropy.table.SerializedColumn {name: SkyCoord.dec}
#       distance: !astropy.table.SerializedColumn
#         __class__: astropy.coordinates.distances.Distance
#         unit: !astropy.units.Unit {unit: pc}
#         value: !astropy.table.SerializedColumn {name: SkyCoord.distance}
#       frame: icrs
#       obstime: !astropy.time.Time {format: jyear_str, in_subfmt: '*', jd1: 367701545.0, jd2: 0.0, out_subfmt: '*', precision: 3, scale: tt}
#       pm_dec: !astropy.table.SerializedColumn
#         __class__: astropy.units.quantity.Quantity
#         unit: !astropy.units.Unit {unit: mas / yr}
#         value: !astropy.table.SerializedColumn {name: SkyCoord.pm_dec}
#       pm_ra_cosdec: !astropy.table.SerializedColumn
#         __class__: astropy.units.quantity.Quantity
#         unit: !astropy.units.Unit {unit: mas / yr}
#         value: !astropy.table.SerializedColumn {name: SkyCoord.pm_ra_cosdec}
#       ra: !astropy.table.SerializedColumn
#         __class__: astropy.coordinates.angles.Longitude
#         unit: *id001
#         value: !astropy.table.SerializedColumn {name: SkyCoord.ra}
#         wrap_angle: !astropy.coordinates.Angle
#           unit: *id001
#           value: 360.0
#       representation_type: spherical
# schema: astropy-2.0
RA_ICRS_1 DE_ICRS_1 e_RA_ICRS e_DE_ICRS _r_1 HIP TYC2 Source rgeo Plx e_Plx pmRA pmDE e_pmRA e_pmDE RUWE Teff logg Gmag BP-RP BPmag RPmag RV e_RV b_rgeo B_rgeo FG e_FG FBP e_FBP FRP e_FRP RAVE5 RAVE6 e_Gmag e_BPmag e_RPmag e_BP-RP SkyCoord.ra SkyCoord.dec SkyCoord.distance SkyCoord.pm_ra_cosdec SkyCoord.pm_dec rmRA rmDE e_rmRA e_rmDE rRV e_rRV v_pec v_pec3d e_vpec e_vpec3d
[from data line 408]
139.96842645275 -51.51144938268 0.0195 0.0191 9.901 "" "" 5313252953267313664 1882.49011 0.5036 0.022 -2.979 2.117 0.025 0.023 1.064 8084.2 4.2948 15.237877 1.212954 15.75953 14.546577 "" "" 1809.47864 1949.30652 15128.50684 6.9105 6785.9 14.941 12037.0 15.375 "" "" 0.0027995991849620572 0.0036741996 0.0040257927 0.0076999925 139.96842645275 -51.51144938268 1882.49011 -2.979000000000001 2.1170000000000027 2.8028822860717773 -2.0472351150512695 0.10639149 0.10439149 "" "" 30.971075085060566 "" 3.2736425900189814 ""
139.7649431216 -51.4947209597 0.0388 0.0415 6.5292 "" "" 5313440282551942528 1897.58496 0.5132 0.0464 -6.314 5.489 0.05 0.048 2.126 9273.2 4.1282 15.241296 1.156633 15.722608 14.565974 "" "" 1752.37952 2027.38916 15080.94567 5.27 7020.6 11.375 11824.0 13.833 "" "" 0.002781319782645176 0.0032984293 0.003987125 0.0072855544 139.7649431216 -51.4947209597 1897.58496 -6.314 5.489000000000001 -0.5321177139282227 1.3247648849487303 0.1313915 0.12939149 "" "" 12.840968401421906 "" 1.6651036039932339 ""
139.85141351152 -51.98834663228 0.0419 0.0398 23.4391 "" "" 5313218524808831744 2134.88892 0.4592 0.0468 -4.036 3.363 0.056 0.049 2.536 11285.6 4.2965 15.243092 1.345872 15.699893 14.354021 "" "" 1946.05286 2385.43896 15056.01365 8.7308 7169.0 43.971 14373.0 98.124 "" "" 0.0028263390069739997 0.007220252 0.008320198 0.015540451 139.85141351152 -51.98834663228 2134.88892 -4.036 3.363000000000001 1.7458822860717778 -0.8012351150512695 0.1373915 0.1303915 "" "" 19.4388994201998 "" 2.6475689480105316 ""
140.25494894089 -51.74689327021 0.072 0.0657 20.7572 "" "" 5313234330289638400 1861.0603 0.5398 0.0785 -7.488 6.822 0.096 0.084 4.492 "" "" 15.255839 1.18954 15.743423 14.553884 "" "" 1583.0332 2146.64209 14880.28018 12.736 6887.3 11.729 11957.0 10.331 "" "" 0.002907808349914154 0.0033472136 0.0038940646 0.007241278 140.25494894089 -51.74689327021 1861.0603 -7.488000000000001 6.822 -1.706117713928223 2.6577648849487305 0.1773915 0.16539149 "" "" 27.86028035714351 "" 4.707871641073739 ""
140.26254075183 -51.50481689433 0.0197 0.0197 20.0934 "" "" 5313255427168859648 1576.9967 0.6048 0.023 2.047 -0.014 0.025 0.025 1.067 5188.8 3.6237 15.261685 1.543359 15.97585 14.432491 "" "" 1519.05408 1626.39746 14800.37356 3.6925 5560.0 9.8993 13371.0 9.4238 "" "" 0.002768603214121751 0.003394395 0.0038560717 0.007250467 140.26254075183 -51.50481689433 1576.9967 2.0470000000000024 -0.013999999999999745 7.828882286071778 -4.17823511505127 0.10639149 0.10639149 "" "" 66.33332670400314 "" 7.057301431911618 ""
140.11970132289 -51.74474054353 0.0184 0.0186 16.248 "" "" 5313245497204364672 1562.53223 0.6067 0.0216 -10.761 3.96 0.024 0.023 1.033 5743.6 3.9785 15.26302 1.250196 15.806813 14.556617 "" "" 1515.92688 1630.02112 14782.18751 3.7287 6496.7 8.6672 11926.0 10.726 "" "" 0.0027688975569818163 0.0031437431 0.003903493 0.007047236 140.11970132289 -51.74474054353 1562.53223 -10.761 3.9599999999999995 -4.979117713928222 -0.20423511505126957 0.10539149 0.10439149 "" "" 36.908361332305276 "" 3.8897654010381886 ""
139.97703795994 -51.31989279862 0.0188 0.0186 19.0291 "" "" 5313448872486605568 1967.19678 0.475 0.0217 -3.686 3.61 0.024 0.023 0.977 7258.4 3.8735 15.264443 1.049646 15.698208 14.648561 "" "" 1890.12244 2032.5354 14762.81614 7.1424 7180.2 16.673 10958.0 12.894 "" "" 0.0028049454774309274 0.003760496 0.0039894716 0.0077499673 139.97703795994 -51.31989279862 1967.19678 -3.685999999999998 3.610000000000003 2.0958822860717774 -0.5542351150512697 0.10539149 0.10439149 "" "" 20.214844951501533 "" 2.1291572435107686 ""
139.68637656686 -51.60713671298 0.0531 0.0485 2.2953 "" "" 5313415887136980608 1818.34619 0.5133 0.055 -6.301 4.75 0.065 0.057 2.88 "" "" 15.270914 1.863774 16.11465 14.250876 33.72 4.76 1676.99438 2039.6189 14675.10683 8.7167 4892.8 11.159 15805.0 18.74 "" "" 0.0028297863262461134 0.0037305222 0.0039926204 0.0077231424 139.68637656686 -51.60713671298 1818.34619 -6.301 4.75 -0.5191177139282228 0.5857648849487305 0.14639148 0.1383915 "" "" 6.745974897880682 "" 0.9577005660529053 ""
139.49926562716 -51.89808851135 0.0273 0.0284 19.964 "" "" 5313405441776563968 1783.10059 0.5345 0.0311 -5.276 3.083 0.037 0.036 1.523 5927.0 3.6602 15.276261 1.550049 15.989905 14.439857 "" "" 1686.1604 1870.39429 14603.00314 4.3152 5488.5 7.8867 13281.0 11.583 "" "" 0.0027739367523633984 0.0031967345 0.003896202 0.0070929364 139.49926562716 -51.89808851135 1783.10059 -5.275999999999998 3.0830000000000033 0.5058822860717775 -1.0812351150512693 0.11839149 0.11739149 "" "" 10.089264880002498 "" 1.1862121138523067 ""
140.23520332728 -51.44986638644 0.0195 0.0185 20.3892 "" "" 5313257248234799360 1689.96277 0.557 0.0225 -3.261 3.031 0.025 0.024 1.045 7353.5 4.1979 15.277558 1.187797 15.786758 14.598962 "" "" 1637.63464 1744.55371 14585.56917 3.5052 6617.8 11.421 11470.0 10.757 "" "" 0.00276764713026107 0.003360958 0.003914147 0.0072751055 140.23520332728 -51.44986638644 1689.96277 -3.260999999999999 3.0309999999999997 2.5208822860717772 -1.1332351150512694 0.10639149 0.10539149 "" "" 22.139902527580016 "" 2.351789783426852 ""
140.13094896847 -51.49962405445 0.0199 0.0191 15.5891 "" "" 5313258210307436800 1836.80823 0.5133 0.0229 -4.437 2.967 0.027 0.026 1.076 5932.8 4.1111 15.278976 1.301222 15.850786 14.549564 "" "" 1777.66699 1897.93506 14566.52829 3.7146 6238.8 10.669 12004.0 12.279 "" "" 0.002769196266909171 0.0033514872 0.0039391853 0.0072906725 140.13094896847 -51.49962405445 1836.80823 -4.436999999999996 2.9670000000000014 1.344882286071777 -1.1972351150512694 0.10839149 0.10739149 "" "" 15.676678103611364 "" 1.6923055565528269 ""
140.34073937318 -51.706550648 0.0196 0.0199 22.936 "" "" 5313240686841262720 1941.2085 0.4858 0.0225 0.214 1.507 0.026 0.024 0.97 5408.1 3.7039 15.280603 1.523546 15.985609 14.462063 "" "" 1870.38062 2032.50562 14544.7212 3.6754 5510.3 10.752 13012.0 8.7061 "" "" 0.002768946326503512 0.003503326 0.003848565 0.007351891 140.34073937318 -51.706550648 1941.2085 0.2139999999999997 1.507 5.995882286071778 -2.65723511505127 0.10739149 0.10539149 "" "" 60.345214399152816 "" 6.460904312197919 ""
139.96461560844 -51.29258952157 0.0274 0.0261 20.3159 "" "" 5313449147364517376 1666.00977 0.578 0.0307 -9.243 5.486 0.034 0.032 1.398 5210.4 4.1364 15.285149 1.336556 15.87449 14.537933 "" "" 1574.3772 1758.14282 14483.96046 4.4956 6104.1 10.744 12133.0 10.973 "" "" 0.0027758522412155862 0.0033818786 0.0039048581 0.0072867367 139.96461560844 -51.29258952157 1666.00977 -9.243 5.486 -3.461117713928223 1.3217648849487302 0.11539149 0.11339149 "" "" 29.25729582868233 "" 3.368651884485588 ""
140.02931906622 -51.6346274195 0.0201 0.0197 10.6648 "" "" 5313251407079178624 2182.08936 0.4285 0.0228 1.658 2.706 0.026 0.024 1.092 5011.0 2.9852 15.288564 1.769293 16.142834 14.373541 -16.19 5.96 2074.96484 2315.72656 14438.47589 4.0854 4767.4 10.097 14117.0 11.137 "" "" 0.0027723939729271552 0.0036156313 0.0038752286 0.00749086 140.02931906622 -51.6346274195 2182.08936 1.6579999999999995 2.7059999999999977 7.439882286071777 -1.4582351150512696 0.10739149 0.10539149 "" "" 78.41566385567388 "" 8.415425069604174 ""
140.16250635753 -51.6200423027 0.0198 0.019 15.4925 "" "" 5313248039825055616 1629.84265 0.5821 0.0223 -4.955 6.287 0.026 0.023 1.026 5766.9 4.0385 15.288594 1.187721 15.800351 14.61263 "" "" 1577.46997 1686.83948 14438.07268 3.2757 6535.5 9.4897 11327.0 9.6118 "" "" 0.002766309527752313 0.0032047536 0.0038900606 0.0070948144 140.16250635753 -51.6200423027 1629.84265 -4.955000000000003 6.2870000000000035 0.8268822860717773 2.1227648849487304 0.10739149 0.10439149 "" "" 17.599569854838926 "" 1.8442877413929466 ""
140.05615484476 -51.31759197814 0.0191 0.019 20.6471 "" "" 5313449594041291520 2170.39917 0.4264 0.0225 -5.379 7.653 0.025 0.023 0.969 4965.6 3.4938 15.291868 1.587416 16.036842 14.449427 "" "" 2062.70093 2274.42432 14394.59453 3.4525 5256.3 10.287 13164.0 9.9624 "" "" 0.002767598788635221 0.0035071543 0.003867671 0.007374825 140.05615484476 -51.31759197814 2170.39917 -5.378999999999999 7.652999999999995 0.4028822860717778 3.48876488494873 0.10639149 0.10439149 "" "" 36.12986272300499 "" 3.7726102398511983 ""
139.89673332248 -51.92339055045 0.0218 0.0233 20.0048 "" "" 5313219383802140928 1895.85449 0.4928 0.0261 -6.197 3.584 0.03 0.028 1.115 9589.8 4.3275 15.294498 1.262177 15.840708 14.578531 "" "" 1819.75586 1980.36121 14359.76359 3.6809 6297.0 7.7933 11688.0 8.1851 "" "" 0.002769340473820115 0.003096879 0.0038551064 0.0069519854 139.89673332248 -51.92339055045 1895.85449 -6.1969999999999965 3.5839999999999974 -0.4151177139282227 -0.5802351150512695 0.11139149 0.109391496 "" "" 6.411214638781767 "" 0.7056995283072217 ""
139.46273635001 -51.59133217128 0.0194 0.0184 10.6406 "" "" 5313418292318460672 1569.08179 0.6034 0.0217 -4.77 5.774 0.025 0.024 1.026 8602.7 4.3286 15.298784 1.228447 15.828577 14.60013 "" "" 1521.75964 1616.61328 14303.20064 3.5202 6367.8 11.936 11458.0 9.83 "" "" 0.0027682471821748123 0.0034535246 0.0038924753 0.0073459996 139.46273635001 -51.59133217128 1569.08179 -4.769999999999993 5.773999999999999 1.0118822860717778 1.6097648849487305 0.10639149 0.10539149 "" "" 14.14141983552601 "" 1.4944039762049692 ""
139.09272853312 -51.67127325232 0.0199 0.0217 24.7282 "" "" 5313425748381486336 1870.71594 0.504 0.0238 -2.306 1.935 0.027 0.026 1.038 7331.0 4.169 15.30225 1.376974 15.916286 14.539311 "" "" 1811.48315 1961.01648 14257.61442 3.6354 5873.6 10.787 12118.0 13.23 "" "" 0.00276919303727194 0.0034294315 0.003960912 0.0073903436 139.09272853312 -51.67127325232 1870.71594 -2.306 1.935 3.4758822860717773 -2.2292351150512695 0.10839149 0.10739149 "" "" 36.615440183893504 "" 3.9581658382287817 ""
140.07672263626 -51.37782155987 0.0198 0.0201 18.268 "" "" 5313260134452653568 1913.36865 0.4835 0.0234 -5.627 5.242 0.026 0.025 1.035 9100.1 4.3893 15.31064 0.961008 15.701242 14.740234 "" "" 1843.77173 2003.69104 14147.85952 3.4537 7160.1 13.715 10071.0 8.3586 "" "" 0.00276803861884779 0.0034799722 0.0038853255 0.0073652975 140.07672263626 -51.37782155987 1913.36865 -5.627 5.241999999999994 0.15488228607177756 1.0777648849487305 0.10739149 0.10639149 "" "" 9.875061365135247 "" 1.0508232180792167 ""
139.45770622001 -51.96682453586 0.0199 0.0196 24.3371 "" "" 5313403689429893888 2113.80371 0.4416 0.0221 -4.345 4.781 0.029 0.026 0.936 9269.1 3.9912 15.311229 1.121625 15.781601 14.659976 "" "" 2008.2793 2230.1311 14140.18896 3.2808 6649.3 9.8249 10843.0 10.699 "" "" 0.002766812075106449 0.0032184965 0.003928288 0.007146784 139.45770622001 -51.96682453586 2113.80371 -4.3450000000000015 4.780999999999999 1.4368822860717776 0.6167648849487302 0.11039149 0.10739149 "" "" 15.666971755653256 "" 1.722272192739892 ""
139.66679336291 -51.74365028588 0.0208 0.0191 8.9585 "" "" 5313412691681376768 1563.24365 0.6002 0.0231 -8.12 3.598 0.029 0.024 1.053 5913.3 4.0236 15.315056 1.247101 15.852013 14.604912 "" "" 1492.59302 1622.16333 14090.43293 3.6272 6231.8 16.799 11408.0 16.959 "" "" 0.0027694595013835585 0.004043668 0.0041096057 0.008153274 139.66679336291 -51.74365028588 1563.24365 -8.12 3.597999999999999 -2.338117713928222 -0.5662351150512697 0.11039149 0.10539149 "" "" 17.82573268633722 "" 1.9629773651567657 ""
139.83021217994 -51.60538852006 0.019 0.0193 3.0815 "" "" 5313438461486096128 1645.58191 0.5754 0.022 -5.784 4.208 0.025 0.022 0.98 7437.2 4.055 15.320933 1.351695 15.915682 14.563987 "" "" 1581.62939 1712.47217 14014.35987 5.5883 5876.8 13.548 11846.0 17.746 "" "" 0.0027891269383335912 0.003748332 0.004114513 0.0078628445 139.83021217994 -51.60538852006 1645.58191 -5.783999999999997 4.208 -0.0021177139282224644 0.043764884948730653 0.10639149 0.10339149 "" "" 0.34176806547061 "" 0.03533833956627487 ""
140.01947787849 -51.48773032489 0.0241 0.0246 12.2779 "" "" 5313253262505097088 1763.33875 0.5376 0.0292 -9.502 7.609 0.032 0.028 1.148 7110.3 3.9712 15.321281 1.22028 15.827129 14.60685 "" "" 1681.82764 1839.30396 14009.87811 4.38 6376.2 15.886 11387.0 26.242 "" "" 0.0027761501185455764 0.0038861805 0.0045325975 0.008418778 140.01947787849 -51.48773032489 1763.33875 -9.502 7.609 -3.7201177139282233 3.4447648849487305 0.11339149 0.109391496 "" "" 42.37684786453728 "" 4.727680297808274 ""
139.56180724742 -51.75539861722 0.0189 0.0197 11.4625 "" "" 5313413069638494464 1784.94824 0.5229 0.0224 -5.071 3.621 0.026 0.024 1.009 7328.8 4.1307 15.323572 1.327661 15.909603 14.581943 "" "" 1720.16394 1848.61255 13980.3468 4.2055 5909.8 9.3601 11651.0 11.482 "" "" 0.0027746100270723737 0.0032775195 0.0039279256 0.0072054453 139.56180724742 -51.75539861722 1784.94824 -5.071 3.621 0.7108822860717776 -0.5432351150512695 0.10739149 0.10539149 "" "" 7.569605519386708 "" 0.8073628894987626 ""
139.65689198137 -51.70176264744 0.0209 0.0204 6.8202 "" "" 5313413000918925312 1876.01099 0.5005 0.024 -5.154 3.152 0.028 0.025 1.03 7358.0 4.0011 15.326732 1.551771 16.042252 14.49048 "" "" 1779.71106 1963.53052 13939.71547 4.0134 5230.2 12.244 12676.0 10.977 "" "" 0.0027729957445493127 0.0037743128 0.0038945766 0.007668889 139.65689198137 -51.70176264744 1876.01099 -5.154 3.152 0.6278822860717774 -1.0122351150512694 0.109391496 0.10639149 "" "" 10.592120058090213 "" 1.1358298584348667 ""
139.72250355644 -51.58428900385 0.0203 0.0201 1.4618 "" "" 5313416024578954752 1737.6322 0.5477 0.0227 -5.668 4.123 0.025 0.023 1.035 "" "" 15.32873 1.113579 15.795339 14.68176 "" "" 1670.28015 1805.83728 13914.09534 4.5333 6565.7 11.6 10628.0 11.457 "" "" 0.0027779346931299056 0.003385951 0.003956466 0.007342417 139.72250355644 -51.58428900385 1737.6322 -5.667999999999999 4.122999999999994 0.1138822860717772 -0.04123511505126931 0.10639149 0.10439149 "" "" 0.9975714199281444 "" 0.10590377961096693 ""
140.19991110031 -51.6216212753 0.0202 0.0194 16.8891 "" "" 5313248005465323520 1626.44739 0.579 0.0224 -6.764 4.927 0.027 0.026 1.008 7085.0 4.2116 15.330181 1.070364 15.77572 14.705356 "" "" 1563.65686 1701.11157 13895.50193 3.522 6685.4 8.761 10400.0 9.0919 "" "" 0.002769028946631667 0.0031320076 0.0038967496 0.007028757 140.19991110031 -51.6216212753 1626.44739 -6.763999999999999 4.926999999999999 -0.9821177139282229 0.7627648849487301 0.10839149 0.10739149 "" "" 9.586816922524614 "" 1.0355328325264348 ""
139.77857737526 -51.86430380074 0.0188 0.0198 15.7201 "" "" 5313223369531791488 1487.58118 0.6326 0.0232 -6.036 3.458 0.028 0.024 0.976 7057.9 4.2422 15.337991 1.267898 15.889061 14.621163 "" "" 1445.04834 1539.53064 13795.91011 3.5833 6022.7 9.9189 11238.0 10.337 "" "" 0.002769714125839264 0.0033139733 0.0039091054 0.007223079 139.77857737526 -51.86430380074 1487.58118 -6.035999999999999 3.457999999999995 -0.25411771392822224 -0.7062351150512693 0.109391496 0.10539149 "" "" 5.2923163429484905 "" 0.5602323114974364 ""
139.88691505547 -51.89732081238 0.0193 0.0204 18.4014 "" "" 5313219486881362048 1688.24072 0.5528 0.0234 -5.554 3.367 0.028 0.024 0.936 9506.5 4.176 15.339771 1.105348 15.799175 14.693828 "" "" 1625.53357 1766.05408 13773.30414 3.2491 6542.5 11.966 10511.0 13.104 "" "" 0.0027671986911866637 0.0034246666 0.004014462 0.007439129 139.88691505547 -51.89732081238 1688.24072 -5.554 3.367 0.22788228607177707 -0.7972351150512695 0.109391496 0.10539149 "" "" 6.635192666863677 "" 0.7013326140912342 ""
