Clusters/Trumpler_17/Trumpler_17_members.tsv
# %ECSV 1.0
# ---
# datatype:
# - name: RA_ICRS_1
#   unit: deg
#   datatype: float64
#   format: '{:15.11f}'
#   description: Right ascension (ICRS) at Ep=2016.0 (ra)
#   meta: !!omap
#   - {ucd: POS_EQ_RA_MAIN}
#   - {width: 15}
#   - {precision: '11'}
# - name: DE_ICRS_1
#   unit: deg
#   datatype: float64
#   format: '{:15.11f}'
#   description: Declination (ICRS) at Ep=2016.0 (dec)
#   meta: !!omap
#   - {ucd: POS_EQ_DEC_MAIN}
#   - {width: 15}
#   - {precision: '11'}
# - name: e_RA_ICRS
#   unit: mas
#   datatype: float64
#   format: '{:7.4f}'
#   description: Standard error of right ascension (ra_error)
#   meta: !!omap
#   - {ucd: ERROR}
#   - {width: 7}
#   - {precision: '4'}
# - name: e_DE_ICRS
#   unit: mas
#   datatype: float64
#   format: '{:7.4f}'
#   description: Standard error of declination (dec_error)
#   meta: !!omap
#   - {ucd: ERROR}
#   - {width: 7}
#   - {precision: '4'}
# - name: _r_1
#   unit: ''
#   datatype: float64
#   format: '{:7.4f}'
#   description: Distance from center (164.10331413000-59.22740395000)[ICRS], at Epoch=J2016.0
#   meta: !!omap
#   - {ucd: POS_ANG_DIST_GENERAL}
#   - {width: 7}
#   - {precision: '4'}
# - name: HIP
#   datatype: int32
#   description: '? HIP cross-id number, van Leeuwen, Cat. I/311 (hip_original_ext_source_id)'
#   meta: !!omap
#   - {ucd: ID_NUMBER}
#   - {width: 6}
#   - values: {'null': -2147483648}
# - name: TYC2
#   datatype: string
#   description: Tycho-2 cross-id name, Hog et al., Cat. I/259 (tyc2_original_ext_source_id)
#   meta: !!omap
#   - {ucd: ID_CROSSID}
#   - {_votable_string_dtype: char}
# - name: Source
#   datatype: int64
#   description: Source identifier, identical to the Gaia-EDR3 source_id (id)
#   meta: !!omap
#   - {ucd: ID_MAIN}
#   - {width: 19}
# - name: rgeo
#   unit: pc
#   datatype: float64
#   format: '{:15.8f}'
#   description: '? Median of the geometric distance posterior (r_med_geo)'
#   meta: !!omap
#   - {ucd: PHYS_DISTANCE_TRUE}
#   - {width: 15}
#   - {precision: '8'}
#   - values: {'null': .nan}
# - name: Plx
#   unit: mas
#   datatype: float64
#   format: '{:9.4f}'
#   description: '? Parallax (parallax)'
#   meta: !!omap
#   - {ucd: POS_PARLX_TRIG}
#   - {width: 9}
#   - {precision: '4'}
#   - values: {'null': .nan}
# - name: e_Plx
#   unit: mas
#   datatype: float32
#   format: '{:7.4f}'
#   description: '? Standard error of parallax (parallax_error)'
#   meta: !!omap
#   - {ucd: ERROR}
#   - {width: 7}
#   - {precision: '4'}
#   - values: {'null': .nan}
# - name: pmRA
#   unit: mas / yr
#   datatype: float64
#   format: '{:9.3f}'
#   description: '? Proper motion in right ascension direction, pmRA*cosDE (pmra)'
#   meta: !!omap
#   - {ucd: POS_EQ_PMRA}
#   - {width: 9}
#   - {precision: '3'}
#   - values: {'null': .nan}
# - name: pmDE
#   unit: mas / yr
#   datatype: float64
#   format: '{:9.3f}'
#   description: '? Proper motion in declination direction (pmdec)'
#   meta: !!omap
#   - {ucd: POS_EQ_PMDEC}
#   - {width: 9}
#   - {precision: '3'}
#   - values: {'null': .nan}
# - name: e_pmRA
#   unit: mas / yr
#   datatype: float32
#   format: '{:6.3f}'
#   description: '? Standard error of proper motion in right ascension direction (pmra_error)'
#   meta: !!omap
#   - {ucd: ERROR}
#   - {width: 6}
#   - {precision: '3'}
#   - values: {'null': .nan}
# - name: e_pmDE
[...]
#       distance: !astropy.table.SerializedColumn
#         __class__: astropy.coordinates.distances.Distance
#         unit: !astropy.units.Unit {unit: pc}
#         value: !astropy.table.SerializedColumn {name: SkyCoord.distance}
#       frame: icrs
#       obstime: !astropy.time.Time {format: jyear_str, in_subfmt: '*', jd1: 367701545.0, jd2: 0.0, out_subfmt: '*', precision: 3, scale: tt}
#       pm_dec: !astropy.table.SerializedColumn
#         __class__: astropy.units.quantity.Quantity
#         unit: !astropy.units.Unit {unit: mas / yr}
#         value: !astropy.table.SerializedColumn {name: SkyCoord.pm_dec}
#       pm_ra_cosdec: !astropy.table.SerializedColumn
#         __class__: astropy.units.quantity.Quantity
#         unit: !astropy.units.Unit {unit: mas / yr}
#         value: !astropy.table.SerializedColumn {name: SkyCoord.pm_ra_cosdec}
#       ra: !astropy.table.SerializedColumn
#         __class__: astropy.coordinates.angles.Longitude
#         unit: *id001
#         value: !astropy.table.SerializedColumn {name: SkyCoord.ra}
#         wrap_angle: !astropy.coordinates.Angle
#           unit: *id001
#           value: 360.0
#       representation_type: spherical
# schema: astropy-2.0
RA_ICRS_1 DE_ICRS_1 e_RA_ICRS e_DE_ICRS _r_1 HIP TYC2 Source rgeo Plx e_Plx pmRA pmDE e_pmRA e_pmDE RUWE Teff logg Gmag BP-RP BPmag RPmag RV e_RV b_rgeo B_rgeo FG e_FG FBP e_FBP FRP e_FRP RAVE5 RAVE6 e_Gmag e_BPmag e_RPmag e_BP-RP SkyCoord.ra SkyCoord.dec SkyCoord.distance SkyCoord.pm_ra_cosdec SkyCoord.pm_dec rmRA rmDE e_rmRA e_rmDE rRV e_rRV v_pec v_pec3d e_vpec e_vpec3d Pmemb
164.14004535634 -59.22607572767 0.0101 0.01 1.1304 53491 8627-2029-1 5338763478484498944 2380.02441 0.4053 0.0123 -4.717 2.301 0.013 0.012 0.789 "" "" 10.9748 0.767536 11.263955 10.496419 -2.83 4.44 2316.24902 2459.80933 767408.81714 398.05 426420.0 686.16 501870.0 583.39 J105633.6-591334 20050131_1045m58_124 0.0028122843870029123 0.0032920097 0.0039845463 0.007276556 164.14004535634 -59.22607572767 2380.02441 -4.7170000000000005 2.301 -0.06518172454833948 0.06485855674743668 0.0954178 0.0944178 -13.57 4.707879 1.037346859473131 13.609591783255617 0.09846662596249868 4.694189333955517 0.8
164.24350844037 -59.33348649304 0.0084 0.0093 7.6796 "" "" 5338756228579349504 2229.1001 0.4159 0.0107 -4.674 2.299 0.011 0.011 0.643 "" "" 11.574241 0.632187 11.804866 11.172679 "" "" 2171.06421 2294.43066 441825.01481 89.999 259100.0 133.5 269210.0 121.77 "" "" 0.0027641820314450185 0.0028456983 0.0038111561 0.0066568544 164.24350844037 -59.33348649304 2229.1001 -4.673999999999999 2.2989999999999986 -0.02218172454834022 0.06285855674743646 0.0934178 0.0934178 "" "" 0.7042991539854415 "" 0.06579407818536841 "" 1.0
164.12805594543 -59.19341058903 0.0103 0.0093 2.1766 "" 8627-1357-1 5338763581563761280 2435.72095 0.3765 0.0118 -4.636 2.312 0.013 0.012 0.717 "" "" 11.666025 0.688185 11.921269 11.233085 36.29 20.62 2361.8396 2538.56274 406009.98337 81.405 232760.0 125.48 254640.0 77.55 "" "" 0.00276390636308565 0.002850902 0.0037938189 0.006644721 164.12805594543 -59.19341058903 2435.72095 -4.636 2.312 0.015818275451660035 0.07585855674743636 0.0954178 0.0944178 25.549999999999997 20.88788 0.8946494962035169 25.565658562240422 0.08450830888569359 20.87508703786972 1.0
164.05165938677 -59.2026206136 0.0084 0.0078 2.1743 "" "" 5338766669596657920 2389.8623 0.3882 0.0099 -4.692 2.255 0.011 0.009 0.757 6666.8 2.7348 12.041868 0.694878 12.301642 11.606765 "" "" 2338.79443 2462.11499 287210.05216 58.615 163970.0 101.89 180490.0 108.92 "" "" 0.0027642155766222057 0.0028705797 0.003835756 0.0067063356 164.05165938677 -59.2026206136 2389.8623 -4.692 2.255 -0.040181724548340014 0.018858556747436417 0.0934178 0.091417804 "" "" 0.5028149215878231 "" 0.0467919361485797 "" 0.9
164.13828417261 -59.23470896997 0.0081 0.008 1.1594 "" "" 5338763439781254400 2376.97607 0.3952 0.0098 -4.649 2.358 0.011 0.01 0.846 "" "" 12.275944 0.653868 12.518587 11.864719 "" "" 2321.4585 2435.06689 231509.74201 34.554 134270.0 83.905 142320.0 45.391 "" "" 0.0027600815445481494 0.002871476 0.0037952124 0.0066666882 164.13828417261 -59.23470896997 2376.97607 -4.649000000000003 2.3579999999999997 0.002818275451660135 0.12185855674743662 0.0934178 0.0924178 "" "" 1.3733312346322302 "" 0.1269209880587659 "" 1.0
164.24143212349 -59.1837764629 0.0089 0.0086 4.9852 "" "" 5338763233622819328 2444.60645 0.4062 0.0106 -4.706 2.26 0.012 0.011 0.869 6598.7 2.7699 12.412655 1.330331 12.991796 11.661465 -1.24 1.46 2367.41602 2499.16797 204119.6247 84.516 86836.0 123.02 171620.0 263.16 "" "" 0.0027917530420356316 0.0031860587 0.0041298266 0.0073158853 164.24143212349 -59.1837764629 2444.60645 -4.706 2.2600000000000002 -0.05418172454834025 0.02385855674743631 0.0944178 0.0934178 -11.98 1.7278788 0.686000593496185 11.999624861397841 0.06465975003530498 1.7250568992778545 0.9
164.10845600235 -59.22415420436 0.0099 0.0087 0.2509 "" "" 5338763650283175296 2410.87939 0.3888 0.0114 -4.688 2.367 0.013 0.011 0.848 "" "" 12.458179 0.706895 12.722607 12.015712 "" "" 2345.49731 2473.32227 195737.90526 34.396 111270.0 59.645 123840.0 50.947 "" "" 0.0027619179052955005 0.0028502224 0.0038056849 0.0066559073 164.10845600235 -59.22415420436 2410.87939 -4.687999999999999 2.367 -0.03618172454833957 0.13085855674743652 0.0954178 0.0934178 "" "" 1.5515035332216272 "" 0.14516061157537746 "" 0.8
164.03585230537 -59.19517174553 0.0102 0.0102 2.8342 "" "" 5338766669597476608 2608.57275 0.3636 0.0124 -4.941 2.642 0.013 0.011 0.948 12100.4 3.4274 12.610417 0.744202 12.892121 12.14792 "" "" 2527.63428 2685.84009 170129.59097 31.463 95185.0 59.8 109650.0 37.569 "" "" 0.0027626267368519447 0.0028723383 0.0037976457 0.006669984 164.03585230537 -59.19517174553 2608.57275 -4.941000000000002 2.641999999999998 -0.2891817245483397 0.4058585567474364 0.0954178 0.0934178 "" "" 6.161847730013181 "" 0.5798052726472528 "" 0.8
164.08552803507 -59.29680662048 0.0113 0.0115 4.1997 "" "" 5338756980150963200 2501.27368 0.381 0.014 -4.703 2.322 0.015 0.014 0.996 6871.6 3.1212 12.956879 1.036242 13.378016 12.341774 "" "" 2418.07666 2597.36206 123650.32489 30.502 60843.0 41.589 91717.0 36.353 "" "" 0.0027683066496909446 0.002887185 0.0038038036 0.0066909883 164.08552803507 -59.29680662048 2501.27368 -4.702999999999998 2.3219999999999987 -0.051181724548340135 0.08585855674743659 0.0974178 0.0964178 "" "" 1.1850855434239873 "" 0.11457523952538341 "" 1.0
164.07202820269 -59.24175808253 0.0104 0.0103 1.2899 "" "" 5338757637328667264 2412.29199 0.3786 0.0119 -4.736 2.403 0.014 0.013 1.015 "" "" 13.139656 0.799829 13.447052 12.647223 "" "" 2329.65454 2473.12573 104492.3129 19.646 57095.0 34.602 69226.0 24.878 "" "" 0.002762871667750079 0.002866708 0.00379947 0.006666178 164.07202820269 -59.24175808253 2412.29199 -4.736 2.403 -0.08418172454833961 0.16685855674743655 0.0964178 0.0954178 "" "" 2.136963940134744 "" 0.20433976632228049 "" 0.9
164.09864905509 -59.18471588306 0.0108 0.0097 2.5653 "" "" 5338763787722186880 2514.15723 0.3619 0.0122 -4.428 2.191 0.014 0.012 0.948 10959.5 3.6444 13.23 0.781596 13.529498 12.747902 "" "" 2434.36108 2599.92017 96149.50798 18.601 52920.0 36.181 63095.0 20.654 "" "" 0.002763314774799432 0.0028872257 0.0037960566 0.0066832826 164.09864905509 -59.18471588306 2514.15723 -4.428000000000001 2.191 0.22381827545166022 -0.04514144325256364 0.0964178 0.0944178 "" "" 2.72097474928315 "" 0.2621398051788625 "" 1.0
164.06843678468 -59.18203165221 0.0132 0.0112 2.9256 "" "" 5338763753362434432 2457.45312 0.3742 0.0148 -4.636 2.144 0.017 0.013 1.47 "" "" 13.287116 0.852145 13.598762 12.746617 "" "" 2371.77295 2564.87036 91222.12371 27.654 49649.0 37.528 63170.0 81.504 "" "" 0.0027749095912986315 0.0029083586 0.0040306468 0.006939005 164.06843678468 -59.18203165221 2457.45312 -4.636 2.144 0.015818275451660035 -0.09214144325256335 0.099417806 0.0954178 "" "" 1.088994895051598 "" 0.10403673442158905 "" 1.0
163.9191816628 -59.23641153901 0.0094 0.0097 5.6775 "" "" 5338760454827126272 2378.91772 0.3854 0.0115 -4.675 2.269 0.012 0.013 0.902 "" "" 13.323845 0.770429 13.617904 12.847475 "" "" 2309.37183 2445.0835 88187.88691 17.39 48782.0 28.388 57566.0 19.805 "" "" 0.002763625851514624 0.0028608139 0.0037977963 0.00665861 163.9191816628 -59.23641153901 2378.91772 -4.675 2.269 -0.023181724548339666 0.03285855674743665 0.0944178 0.0954178 "" "" 0.45344344390901276 "" 0.04311641479934184 "" 1.0
164.12077960348 -59.1635174978 0.0104 0.0099 3.8706 "" "" 5338764200039101952 2399.92529 0.3843 0.0124 -4.561 2.205 0.013 0.012 0.934 "" "" 13.357191 0.861892 13.694002 12.83211 "" "" 2330.53174 2458.25293 85520.54877 18.333 45480.0 31.273 58387.0 24.106 "" "" 0.002765133158262048 0.0028883251 0.0038058728 0.0066941977 164.12077960348 -59.1635174978 2399.92529 -4.560999999999999 2.2049999999999996 0.09081827545166021 -0.031141443252563406 0.0954178 0.0944178 "" "" 1.0921656029714855 "" 0.10409767081657843 "" 1.0
164.06381682305 -59.24274290854 0.0101 0.0103 1.522 "" "" 5338757706048137216 2413.35742 0.3796 0.0122 -4.779 2.254 0.013 0.013 0.893 "" "" 13.485608 0.783904 13.786676 13.002772 "" "" 2353.68799 2486.11279 75980.73127 15.706 41759.0 27.332 49894.0 31.539 "" "" 0.002764445606227057 0.0028792443 0.003841192 0.0067204363 164.06381682305 -59.24274290854 2413.35742 -4.778999999999997 2.253999999999997 -0.12718172454833976 0.017858556747436527 0.0954178 0.0954178 "" "" 1.4691446260726002 "" 0.1401825445249791 "" 0.9
164.18738727941 -59.18178348207 0.0112 0.0103 3.7633 "" "" 5338763959520946816 2426.99487 0.3773 0.0129 -4.503 2.424 0.015 0.013 0.925 6866.0 3.2788 13.595418 0.90903 13.949811 13.040781 "" "" 2350.229 2508.49976 68671.99512 17.372 35933.0 33.191 48178.0 32.354 "" "" 0.0027689758367660886 0.0029649327 0.003849072 0.006814005 164.18738727941 -59.18178348207 2426.99487 -4.503 2.424 0.14881827545166004 0.18785855674743646 0.0974178 0.0954178 "" "" 2.7570572400123865 "" 0.26521205111113544 "" 0.8
164.14465209398 -59.25853650633 0.0103 0.0103 2.2579 "" "" 5338757465529997312 2408.01025 0.3832 0.0127 -4.64 2.129 0.013 0.012 0.912 "" "" 13.623419 0.806668 13.936326 13.129658 "" "" 2338.10767 2479.54688 66923.60587 14.365 36382.0 24.663 44391.0 17.714 "" "" 0.002765158599025261 0.0028856124 0.0038041344 0.006689747 164.14465209398 -59.25853650633 2408.01025 -4.639999999999999 2.129 0.011818275451660476 -0.10714144325256347 0.0954178 0.0944178 "" "" 1.230326307633252 "" 0.11617957397955506 "" 1.0
164.13634885637 -59.28933659233 0.0104 0.0104 3.8516 "" "" 5338757328090984064 2533.76929 0.3603 0.0128 -4.571 2.189 0.013 0.013 0.955 "" "" 13.628963 0.77379 13.925362 13.151571 "" "" 2447.75903 2624.66064 66582.67068 14.982 36751.0 23.564 43504.0 22.51 "" "" 0.0027661298737565554 0.0028757046 0.0038209069 0.0066966116 164.13634885637 -59.28933659233 2533.76929 -4.571000000000003 2.1889999999999996 0.08081827545166043 -0.04714144325256342 0.0954178 0.0954178 "" "" 1.1236897813543871 "" 0.10722000408364914 "" 1.0
164.18823526299 -59.20860453996 0.0114 0.0106 2.8411 "" "" 5338762791289793024 2526.70605 0.3574 0.0133 -4.611 2.194 0.015 0.013 0.919 11293.2 3.7564 13.635159 0.924778 14.002755 13.077977 "" "" 2468.50659 2611.9585 66203.84529 38.467 34223.0 83.592 46555.0 83.687 "" "" 0.002826617613134043 0.0038494247 0.004253576 0.008103001 164.18823526299 -59.20860453996 2526.70605 -4.611 2.194 0.04081827545166039 -0.042141443252563526 0.0974178 0.0954178 "" "" 0.7026524539611658 "" 0.06772943640880588 "" 0.9
164.06699735622 -59.2119203275 0.0112 0.0111 1.4514 "" "" 5338757843487179648 2567.27393 0.3547 0.0132 -4.656 2.241 0.015 0.014 0.929 "" "" 13.690928 0.755568 13.978893 13.223326 "" "" 2460.77124 2674.36035 62889.1084 15.597 34983.0 27.952 40722.0 22.761 "" "" 0.002768446567092033 0.0029219242 0.0038277935 0.0067497175 164.06699735622 -59.2119203275 2567.27393 -4.656 2.2410000000000005 -0.004181724548339538 0.0048585567474366265 0.0974178 0.0964178 "" "" 0.07800658640115059 "" 0.0075545175473585 "" 0.9
164.31925601263 -59.12551964686 0.0115 0.011 9.0246 "" "" 5338765127752214528 2455.28809 0.3741 0.0132 -4.695 2.178 0.015 0.015 1.053 "" "" 13.733259 0.7256 14.006822 13.281221 "" "" 2385.80396 2528.10376 60484.35972 20.249 34095.0 40.218 38607.0 35.671 "" "" 0.0027791922769711697 0.0030700637 0.0039102524 0.006980316 164.31925601263 -59.12551964686 2455.28809 -4.694999999999994 2.1779999999999973 -0.04318172454834013 -0.05814144325256354 0.0974178 0.0974178 "" "" 0.8428634466831414 "" 0.08210990404052751 "" 1.0
164.09473326188 -59.22346020994 0.0117 0.0114 0.3541 "" "" 5338757774767668736 2478.8584 0.3658 0.0135 -4.632 2.226 0.015 0.013 0.881 "" "" 13.74886 0.712884 14.016244 13.30336 "" "" 2400.36377 2576.27344 59621.4448 17.39 33800.0 25.588 37828.0 21.863 "" "" 0.002773459205508166 0.0029087188 0.003831122 0.006739841 164.09473326188 -59.22346020994 2478.8584 -4.632 2.2260000000000026 0.019818275451660483 -0.010141443252563498 0.0974178 0.0954178 "" "" 0.2615780919734445 "" 0.02537468476698461 "" 1.0
163.99512107982 -59.25426719716 0.0108 0.0106 3.6906 "" "" 5338760209966487680 2486.2832 0.3639 0.0126 -4.59 2.319 0.014 0.013 0.934 "" "" 13.751002 0.751323 14.026775 13.275453 "" "" 2417.28809 2558.28296 59503.94217 25.832 33474.0 60.581 38813.0 58.677 "" "" 0.0027953449106765 0.0034126393 0.004120428 0.0075330674 163.99512107982 -59.25426719716 2486.2832 -4.590000000000001 2.319000000000003 0.0618182754516603 0.08285855674743647 0.0964178 0.0954178 "" "" 1.2183095443816474 "" 0.1166855216838048 "" 0.9
164.08993212377 -59.27067027715 0.0117 0.0105 2.6282 "" "" 5338757396810461952 2529.10352 0.3567 0.0138 -4.747 2.194 0.016 0.013 0.956 7146.0 3.6558 13.766258 0.847221 14.094259 13.247038 "" "" 2438.052 2629.9707 58673.69715 43.835 31457.0 64.26 39842.0 81.141 "" "" 0.002872238804666395 0.0035643037 0.004378702 0.007943006 164.08993212377 -59.27067027715 2529.10352 -4.747 2.194 -0.09518172454833973 -0.042141443252563526 0.0984178 0.0954178 "" "" 1.2478680431829507 "" 0.1222067225994663 "" 0.8
164.16057342476 -59.23273500736 0.0112 0.011 1.7865 "" "" 5338763409765024640 2441.28027 0.3725 0.0135 -4.618 2.315 0.014 0.013 0.954 7462.1 3.4548 13.806417 0.77656 14.104738 13.328178 "" "" 2358.43848 2526.65918 56543.11543 12.221 31155.0 22.513 36973.0 18.988 "" "" 0.002765295251157137 0.0028983776 0.0038202931 0.006718671 164.16057342476 -59.23273500736 2441.28027 -4.618000000000001 2.3149999999999977 0.03381827545165983 0.07885855674743647 0.0964178 0.0954178 "" "" 0.9928968792453544 "" 0.09489495307235907 "" 1.0
163.99493468339 -59.21123671495 0.0115 0.0115 3.4663 "" "" 5338760729705122304 2395.84521 0.381 0.0137 -4.606 2.205 0.015 0.014 0.956 10876.4 3.7864 13.833169 0.771285 14.126913 13.355628 "" "" 2321.14697 2472.51514 55166.97407 12.351 30525.0 20.612 36050.0 14.494 "" "" 0.002766021828566851 0.0028848825 0.003804508 0.00668939 163.99493468339 -59.21123671495 2395.84521 -4.606000000000004 2.205000000000001 0.045818275451660284 -0.031141443252563406 0.0974178 0.0964178 "" "" 0.629133614045095 "" 0.06109071687291966 "" 1.0
164.14850490365 -59.25071688127 0.0108 0.0106 1.9697 "" "" 5338757495547159296 2407.5813 0.38 0.013 -4.653 2.214 0.014 0.013 0.906 "" "" 13.837094 0.68047 14.088113 13.407642 "" "" 2324.4165 2481.21338 54967.88325 19.791 31635.0 43.457 34364.0 44.545 "" "" 0.002782912939722238 0.003163787 0.0040329294 0.0071967165 164.14850490365 -59.25071688127 2407.5813 -4.652999999999999 2.214 -0.0011817245483394245 -0.02214144325256351 0.0964178 0.0954178 "" "" 0.25303634179820683 "" 0.02414489292936622 "" 1.0
163.993168535 -59.2774371106 0.0116 0.0117 4.5197 "" "" 5338760111229723264 2504.13184 0.3617 0.0137 -4.54 2.26 0.015 0.014 0.968 6961.3 3.2346 13.978373 0.879264 14.322382 13.443118 "" "" 2428.38037 2609.62109 48261.14475 9.9978 25496.0 19.314 33259.0 16.786 "" "" 0.002764485326572543 0.002908869 0.003818901 0.00672777 163.993168535 -59.2774371106 2504.13184 -4.539999999999999 2.26 0.11181827545166012 0.02385855674743631 0.0974178 0.0964178 "" "" 1.357112377906528 "" 0.1321481004833749 "" 1.0
164.08251396182 -59.16988479539 0.0131 0.0119 3.5098 "" "" 5338763890801417472 2410.39038 0.3844 0.0152 -4.65 2.241 0.016 0.015 1.007 "" "" 14.048174 1.016884 14.457418 13.440535 "" "" 2329.64233 2501.11328 45256.10292 13.598 22514.0 24.361 33338.0 25.236 "" "" 0.0027745656544149984 0.0030274116 0.003867713 0.006895125 164.08251396182 -59.16988479539 2410.39038 -4.649999999999998 2.2409999999999997 0.001818275451659801 0.0048585567474366265 0.0984178 0.0974178 "" "" 0.0592701856679757 "" 0.005781285337373761 "" 1.0
163.97114140806 -59.15101799031 0.013 0.0121 6.1241 "" "" 5338767051897308032 2430.72998 0.376 0.0147 -4.71 2.25 0.017 0.016 1.016 "" "" 14.069038 0.751633 14.349311 13.597678 "" "" 2344.66064 2517.4104 44394.73972 11.62 24871.0 26.32 28846.0 50.285 "" "" 0.002769936765221427 0.0030174875 0.004226815 0.0072443024 163.97114140806 -59.15101799031 2430.72998 -4.71 2.25 -0.05818172454833981 0.013858556747436523 0.099417806 0.0984178 "" "" 0.689104381027473 "" 0.06847242330093262 "" 1.0
164.17689695292 -59.15848220473 0.0136 0.0124 4.7131 "" "" 5338764131319666432 2304.50439 0.3982 0.0152 -4.653 2.277 0.017 0.015 1.014 "" "" 14.114914 1.153939 14.600017 13.446077 "" "" 2231.49487 2388.04834 42558.01383 16.229 19743.0 33.035 33169.0 41.66 "" "" 0.0027862542146043223 0.0033294866 0.0040178774 0.007347364 164.17689695292 -59.15848220473 2304.50439 -4.653 2.277 -0.0011817245483394245 0.04085855674743666 0.099417806 0.0974178 "" "" 0.44649898022999956 "" 0.04349770310483934 "" 1.0
