Clusters/Trumpler_17/Trumpler_17_members.tsv
# %ECSV 1.0
# ---
# datatype:
# - name: RA_ICRS_1
#   unit: deg
#   datatype: float64
#   format: '{:15.11f}'
#   description: Right ascension (ICRS) at Ep=2016.0 (ra)
#   meta: !!omap
#   - {ucd: POS_EQ_RA_MAIN}
#   - {width: 15}
#   - {precision: '11'}
# - name: DE_ICRS_1
#   unit: deg
#   datatype: float64
#   format: '{:15.11f}'
#   description: Declination (ICRS) at Ep=2016.0 (dec)
#   meta: !!omap
#   - {ucd: POS_EQ_DEC_MAIN}
#   - {width: 15}
#   - {precision: '11'}
# - name: e_RA_ICRS
#   unit: mas
#   datatype: float64
#   format: '{:7.4f}'
#   description: Standard error of right ascension (ra_error)
#   meta: !!omap
#   - {ucd: ERROR}
#   - {width: 7}
#   - {precision: '4'}
# - name: e_DE_ICRS
#   unit: mas
#   datatype: float64
#   format: '{:7.4f}'
#   description: Standard error of declination (dec_error)
#   meta: !!omap
#   - {ucd: ERROR}
#   - {width: 7}
#   - {precision: '4'}
# - name: _r_1
#   unit: ''
#   datatype: float64
#   format: '{:7.4f}'
#   description: Distance from center (164.10331413000-59.22740395000)[ICRS], at Epoch=J2016.0
#   meta: !!omap
#   - {ucd: POS_ANG_DIST_GENERAL}
#   - {width: 7}
#   - {precision: '4'}
# - name: HIP
#   datatype: int32
#   description: '? HIP cross-id number, van Leeuwen, Cat. I/311 (hip_original_ext_source_id)'
#   meta: !!omap
#   - {ucd: ID_NUMBER}
#   - {width: 6}
#   - values: {'null': -2147483648}
# - name: TYC2
#   datatype: string
#   description: Tycho-2 cross-id name, Hog et al., Cat. I/259 (tyc2_original_ext_source_id)
#   meta: !!omap
#   - {ucd: ID_CROSSID}
#   - {_votable_string_dtype: char}
# - name: Source
#   datatype: int64
#   description: Source identifier, identical to the Gaia-EDR3 source_id (id)
#   meta: !!omap
#   - {ucd: ID_MAIN}
#   - {width: 19}
# - name: rgeo
#   unit: pc
#   datatype: float64
#   format: '{:15.8f}'
#   description: '? Median of the geometric distance posterior (r_med_geo)'
#   meta: !!omap
#   - {ucd: PHYS_DISTANCE_TRUE}
#   - {width: 15}
#   - {precision: '8'}
#   - values: {'null': .nan}
# - name: Plx
#   unit: mas
#   datatype: float64
#   format: '{:9.4f}'
#   description: '? Parallax (parallax)'
#   meta: !!omap
#   - {ucd: POS_PARLX_TRIG}
#   - {width: 9}
#   - {precision: '4'}
#   - values: {'null': .nan}
# - name: e_Plx
#   unit: mas
#   datatype: float32
#   format: '{:7.4f}'
#   description: '? Standard error of parallax (parallax_error)'
#   meta: !!omap
#   - {ucd: ERROR}
#   - {width: 7}
#   - {precision: '4'}
#   - values: {'null': .nan}
# - name: pmRA
#   unit: mas / yr
#   datatype: float64
#   format: '{:9.3f}'
#   description: '? Proper motion in right ascension direction, pmRA*cosDE (pmra)'
#   meta: !!omap
#   - {ucd: POS_EQ_PMRA}
#   - {width: 9}
#   - {precision: '3'}
#   - values: {'null': .nan}
# - name: pmDE
#   unit: mas / yr
#   datatype: float64
#   format: '{:9.3f}'
#   description: '? Proper motion in declination direction (pmdec)'
#   meta: !!omap
#   - {ucd: POS_EQ_PMDEC}
#   - {width: 9}
#   - {precision: '3'}
#   - values: {'null': .nan}
# - name: e_pmRA
#   unit: mas / yr
#   datatype: float32
#   format: '{:6.3f}'
#   description: '? Standard error of proper motion in right ascension direction (pmra_error)'
#   meta: !!omap
#   - {ucd: ERROR}
#   - {width: 6}
#   - {precision: '3'}
#   - values: {'null': .nan}
# - name: e_pmDE
[...]
#       distance: !astropy.table.SerializedColumn
#         __class__: astropy.coordinates.distances.Distance
#         unit: !astropy.units.Unit {unit: pc}
#         value: !astropy.table.SerializedColumn {name: SkyCoord.distance}
#       frame: icrs
#       obstime: !astropy.time.Time {format: jyear_str, in_subfmt: '*', jd1: 367701545.0, jd2: 0.0, out_subfmt: '*', precision: 3, scale: tt}
#       pm_dec: !astropy.table.SerializedColumn
#         __class__: astropy.units.quantity.Quantity
#         unit: !astropy.units.Unit {unit: mas / yr}
#         value: !astropy.table.SerializedColumn {name: SkyCoord.pm_dec}
#       pm_ra_cosdec: !astropy.table.SerializedColumn
#         __class__: astropy.units.quantity.Quantity
#         unit: !astropy.units.Unit {unit: mas / yr}
#         value: !astropy.table.SerializedColumn {name: SkyCoord.pm_ra_cosdec}
#       ra: !astropy.table.SerializedColumn
#         __class__: astropy.coordinates.angles.Longitude
#         unit: *id001
#         value: !astropy.table.SerializedColumn {name: SkyCoord.ra}
#         wrap_angle: !astropy.coordinates.Angle
#           unit: *id001
#           value: 360.0
#       representation_type: spherical
# schema: astropy-2.0
RA_ICRS_1 DE_ICRS_1 e_RA_ICRS e_DE_ICRS _r_1 HIP TYC2 Source rgeo Plx e_Plx pmRA pmDE e_pmRA e_pmDE RUWE Teff logg Gmag BP-RP BPmag RPmag RV e_RV b_rgeo B_rgeo FG e_FG FBP e_FBP FRP e_FRP RAVE5 RAVE6 e_Gmag e_BPmag e_RPmag e_BP-RP SkyCoord.ra SkyCoord.dec SkyCoord.distance SkyCoord.pm_ra_cosdec SkyCoord.pm_dec rmRA rmDE e_rmRA e_rmDE rRV e_rRV v_pec v_pec3d e_vpec e_vpec3d Pmemb
[from data line 32]
164.16496223844 -59.3179638156 0.0123 0.013 5.7529 "" "" 5338756194219591040 2356.81323 0.3909 0.0157 -4.638 2.393 0.016 0.016 0.924 9037.6 3.6839 14.212546 1.00605 14.621572 13.615521 "" "" 2268.69971 2448.08276 38898.0741 8.1082 19355.0 17.132 28376.0 22.14 "" "" 0.00276459935736196 0.00295104 0.0038731587 0.0068241986 164.16496223844 -59.3179638156 2356.81323 -4.638 2.393 0.013818275451660256 0.15685855674743632 0.0984178 0.0984178 "" "" 1.759099461935657 "" 0.17312670543704428 "" 1.0
164.28979970323 -59.26688735712 0.0132 0.0137 6.1925 "" "" 5338762413332636928 2302.35132 0.3983 0.0162 -4.698 2.197 0.017 0.016 0.917 7987.5 3.4949 14.218797 0.815506 14.536421 13.720915 "" "" 2214.36646 2372.41504 38674.79434 9.2383 20934.0 15.983 25751.0 16.945 "" "" 0.0027674993184168555 0.0029107064 0.0038463185 0.0067570247 164.28979970323 -59.26688735712 2302.35132 -4.698 2.197 -0.04618172454834024 -0.03914144325256341 0.099417806 0.0984178 "" "" 0.6606559150927024 "" 0.06540558876483306 "" 0.8
164.08599716007 -59.25264211122 0.0127 0.0122 1.6048 "" "" 5338757637328658048 2411.19336 0.381 0.0151 -4.725 2.129 0.016 0.015 0.932 "" "" 14.280516 0.974385 14.673197 13.698812 "" "" 2337.33667 2489.06909 36537.63096 7.4361 18456.0 14.799 26280.0 14.208 "" "" 0.0027641664579100772 0.00292284 0.0038246943 0.0067475345 164.08599716007 -59.25264211122 2411.19336 -4.725 2.1290000000000004 -0.07318172454833949 -0.10714144325256347 0.0984178 0.0974178 "" "" 1.4829108868591525 "" 0.14493531417669822 "" 1.0
164.08033177668 -59.18586765674 0.0144 0.013 2.5902 "" "" 5338763856441981056 2404.63794 0.3831 0.0163 -4.636 2.184 0.018 0.016 0.964 "" "" 14.292904 0.730415 14.568933 13.838517 "" "" 2332.70459 2502.92456 36123.11738 8.3912 20316.0 17.576 23107.0 14.708 "" "" 0.0027668392680193464 0.0029440345 0.0038420479 0.0067860824 164.08033177668 -59.18586765674 2404.63794 -4.636000000000001 2.184000000000001 0.015818275451660035 -0.05214144325256331 0.1004178 0.0984178 "" "" 0.6210539497323014 "" 0.06122842055932165 "" 1.0
164.12429987037 -59.20464713838 0.0158 0.0146 1.5098 "" "" 5338763577220987904 2577.05444 0.3531 0.0179 -4.639 2.149 0.021 0.018 0.981 10469.0 3.681 14.337294 0.766034 14.591581 13.825547 "" "" 2463.40063 2684.47949 34676.01285 9.5811 19897.0 54.462 23385.0 168.21 "" "" 0.0027716033190525284 0.0040764054 0.0086761955 0.012752601 164.12429987037 -59.20464713838 2577.05444 -4.639000000000002 2.149 0.012818275451659922 -0.08714144325256346 0.1034178 0.1004178 "" "" 1.0759079680675108 "" 0.10810967140150327 "" 1.0
164.06452146409 -59.16626561492 0.0148 0.0135 3.8571 "" "" 5338766811379173248 2314.70703 0.3957 0.0173 -4.652 2.168 0.02 0.016 1.004 "" "" 14.41563 0.805349 14.728061 13.922711 "" "" 2224.26123 2408.79297 32262.26087 7.5673 17547.0 14.602 21383.0 13.232 "" "" 0.0027670641520990344 0.0029328112 0.0038386362 0.006771447 164.06452146409 -59.16626561492 2314.70703 -4.651999999999994 2.168 -0.00018172454833997875 -0.06814144325256333 0.1024178 0.0984178 "" "" 0.7476309030848207 "" 0.07358021312009459 "" 1.0
164.01303882069 -59.2294411191 0.0144 0.0137 2.7739 "" "" 5338760660985625216 2429.96973 0.3795 0.0167 -4.661 2.248 0.019 0.017 0.931 7497.4 3.8317 14.508339 0.969727 14.898656 13.928929 "" "" 2343.82129 2530.22314 29621.78967 5.4466 14995.0 14.556 21261.0 13.841 "" "" 0.0027625430072586036 0.0029825927 0.0038449082 0.0068275006 164.01303882069 -59.2294411191 2429.96973 -4.661 2.248000000000001 -0.009181724548339432 0.011858556747436744 0.1014178 0.099417806 "" "" 0.17274375283434937 "" 0.01730410232755936 "" 1.0
164.17644459008 -59.21476870691 0.0155 0.014 2.3699 "" "" 5338763508501477888 2459.02881 0.3755 0.0177 -4.641 2.184 0.021 0.018 0.925 7483.6 3.581 14.585955 1.053507 15.016399 13.962893 "" "" 2366.89771 2607.52515 27578.13775 6.8218 13454.0 14.409 20606.0 16.029 "" "" 0.0027683785036207178 0.003022774 0.0038726 0.0068953736 164.17644459008 -59.21476870691 2459.02881 -4.641 2.184 0.010818275451660142 -0.05214144325256331 0.1034178 0.1004178 "" "" 0.6206933494200118 "" 0.06240661000250914 "" 1.0
164.14057985241 -59.2828115719 0.0138 0.0138 3.5155 "" "" 5338757362450734208 2494.69995 0.3671 0.0168 -4.735 2.165 0.018 0.017 0.971 "" "" 14.591484 0.893383 14.942952 14.049569 "" "" 2391.52783 2600.76123 27438.04229 6.4444 14396.0 11.235 19025.0 12.746 "" "" 0.0027670956681941088 0.002915995 0.003848745 0.0067647398 164.14057985241 -59.2828115719 2494.69995 -4.735 2.1649999999999996 -0.08318172454834016 -0.07114144325256344 0.1004178 0.099417806 "" "" 1.2942869839375861 "" 0.12942425948771852 "" 1.0
164.14146229574 -59.28765510078 0.0138 0.0148 3.7997 "" "" 5338757323748364672 2232.82642 0.4107 0.0173 -4.75 2.122 0.018 0.019 0.907 "" "" 14.638619 0.879582 14.985937 14.106355 "" "" 2151.52588 2321.51367 26272.34811 5.618 13837.0 14.192 18056.0 12.433 "" "" 0.002765084550449743 0.003004186 0.003852617 0.006856803 164.14146229574 -59.28765510078 2232.82642 -4.750000000000001 2.122 -0.09818172454833984 -0.11414144325256359 0.1004178 0.1014178 "" "" 1.5934525685991607 "" 0.16092876032448855 "" 0.9
163.90510438374 -59.2647328221 0.0149 0.0144 6.4806 "" "" 5338758942998589824 2471.99976 0.3684 0.0173 -4.614 2.288 0.018 0.017 0.925 "" "" 14.662447 0.76993 14.957583 14.187654 "" "" 2392.38647 2600.97632 25702.05824 5.9068 14203.0 10.343 16753.0 12.945 "" "" 0.002766595485014649 0.0029000335 0.0038713766 0.00677141 163.90510438374 -59.2647328221 2471.99976 -4.614 2.288 0.03781827545166028 0.051858556747436335 0.1004178 0.099417806 "" "" 0.752056898350847 "" 0.07502979904665975 "" 1.0
164.13287582887 -59.27055111808 0.0153 0.0149 2.7431 "" "" 5338757358108153216 2457.70605 0.3741 0.0186 -4.776 2.049 0.019 0.018 1.006 9926.1 3.9243 14.732781 0.960599 15.116576 14.155977 "" "" 2358.36792 2593.33618 24089.84689 5.401 12268.0 10.367 17249.0 15.342 "" "" 0.002766052228542633 0.002937149 0.003900808 0.006837957 164.13287582887 -59.27055111808 2457.70605 -4.7759999999999945 2.049 -0.12418172454833964 -0.18714144325256354 0.1014178 0.1004178 "" "" 2.6164282052534085 "" 0.2635386000895985 "" 0.8
164.03021540165 -59.19787573398 0.016 0.0156 2.8598 "" "" 5338760798424646016 2316.00854 0.3942 0.019 -4.619 2.322 0.02 0.019 0.946 7186.7 3.834 14.747927 0.808723 15.06185 14.253126 "" "" 2229.91064 2405.39551 23756.14654 5.7168 12903.0 12.498 15773.0 9.5344 "" "" 0.002767680458842275 0.0029817831 0.003835943 0.0068177264 164.03021540165 -59.19787573398 2316.00854 -4.619000000000003 2.322 0.032818275451660384 0.08585855674743659 0.1024178 0.1014178 "" "" 1.0090536060376347 "" 0.10246518458743849 "" 1.0
164.13133212404 -59.36373793905 0.0152 0.0159 8.225 "" "" 5338754544952062592 2367.85986 0.3856 0.0189 -4.676 2.116 0.02 0.019 0.923 "" "" 14.87007 0.936496 15.242971 14.306476 "" "" 2252.78442 2464.01562 21228.47281 4.8162 10920.0 15.786 15016.0 11.718 "" "" 0.0027663090647528465 0.0032013308 0.00387319 0.007074521 164.13133212404 -59.36373793905 2367.85986 -4.676000000000001 2.116 -0.02418172454834 -0.12014144325256337 0.1024178 0.1014178 "" "" 1.3754690704877517 "" 0.1395508576392224 "" 1.0
164.13508769748 -59.15613127475 0.0174 0.0157 4.3864 "" "" 5338764234398861056 2446.16479 0.3751 0.0197 -4.6 2.167 0.021 0.019 0.902 9625.0 3.7689 14.884862 0.893445 15.240557 14.347112 "" "" 2338.04639 2578.62891 20941.21957 5.3082 10944.0 12.096 14465.0 12.023 "" "" 0.0027690308471528197 0.003037286 0.0038856308 0.0069229165 164.13508769748 -59.15613127475 2446.16479 -4.599999999999999 2.167 0.05181827545166051 -0.06914144325256366 0.1034178 0.1014178 "" "" 1.0018403740079491 "" 0.1023296174680028 "" 1.0
164.07737667755 -59.25217580282 0.0161 0.0155 1.686 "" "" 5338757637328651392 2438.71899 0.3753 0.0191 -4.645 2.137 0.021 0.019 1.026 "" "" 14.927264 0.960733 15.31141 14.350677 "" "" 2349.8855 2552.30493 20139.14028 5.2303 10253.0 13.171 14417.0 14.796 "" "" 0.0027697110085752145 0.0031193488 0.0039402214 0.0070595704 164.07737667755 -59.25217580282 2438.71899 -4.644999999999998 2.137 0.006818275451660583 -0.09914144325256347 0.1034178 0.1014178 "" "" 1.1487353096853032 "" 0.11651313193215854 "" 1.0
164.31926521497 -59.29176304772 0.0161 0.0176 7.6665 "" "" 5338750490502119936 2437.35913 0.3708 0.0202 -4.668 2.2 0.021 0.022 0.939 "" "" 14.961093 0.841742 15.293977 14.452234 "" "" 2319.85254 2565.40356 19521.34208 5.2144 10419.0 11.885 13130.0 9.8707 "" "" 0.0027705410155653212 0.003052694 0.0038665156 0.00691921 164.31926521497 -59.29176304772 2437.35913 -4.668 2.2 -0.016181724548339993 -0.0361414432525633 0.1034178 0.1044178 "" "" 0.45748632258877825 "" 0.04769362540719545 "" 1.0
163.92336552961 -59.25813606373 0.0174 0.0174 5.8213 "" "" 5338760420467356032 2468.78052 0.3649 0.0205 -4.702 2.243 0.021 0.02 0.971 8602.4 3.6477 15.052448 0.782422 15.346531 14.564109 "" "" 2364.68213 2575.52051 17945.99026 4.8144 9926.7 17.205 11844.0 21.908 "" "" 0.0027706730076130707 0.0033654463 0.004279836 0.0076452824 163.92336552961 -59.25813606373 2468.78052 -4.702 2.2430000000000003 -0.0501817245483398 0.006858556747436406 0.1034178 0.1024178 "" "" 0.5926868234071639 "" 0.06128354996366422 "" 1.0
164.05709093345 -59.28230807737 0.0216 0.021 3.5864 "" "" 5338757190651993088 2441.74561 0.3786 0.0259 -4.504 2.274 0.028 0.025 1.286 7198.5 3.7563 15.089175 1.155151 15.570594 14.415442 "" "" 2297.82178 2617.41235 17349.08865 4.8713 8075.7 11.503 13583.0 10.336 "" "" 0.0027721337686758643 0.0031901048 0.003868633 0.007058738 164.05709093345 -59.28230807737 2441.74561 -4.503999999999995 2.2739999999999974 0.1478182754516606 0.037858556747436545 0.1104178 0.1074178 "" "" 1.7660500590484947 "" 0.19468138398139814 "" 0.8
164.23122888541 -59.21673471256 0.0199 0.0191 3.9792 "" "" 5338763100527452544 1945.17908 0.4826 0.0244 -4.39 2.363 0.027 0.024 0.99 "" "" 15.142241 1.382335 15.755591 14.373257 "" "" 1863.67737 2029.77466 16521.54487 8.5194 6810.5 18.01 14121.0 21.994 "" "" 0.0028116253677626718 0.004003582 0.0041404665 0.008144049 164.23122888541 -59.21673471256 1945.17908 -4.389999999999999 2.3630000000000004 0.2618182754516605 0.1268585567474365 0.1094178 0.106417805 "" "" 2.6824438555043955 "" 0.29199414002829266 "" 0.8
164.13773101716 -59.18986349159 0.0207 0.0182 2.4882 "" "" 5338763615923512576 2618.06055 0.3485 0.0235 -4.679 2.17 0.027 0.022 1.08 9455.3 3.6611 15.144147 0.880444 15.493016 14.612573 "" "" 2465.04297 2819.48169 16492.55717 4.5645 8673.8 12.212 11327.0 15.592 "" "" 0.002771657162360027 0.0031814699 0.0040641623 0.007245632 164.13773101716 -59.18986349159 2618.06055 -4.678999999999997 2.17 -0.027181724548340114 -0.06614144325256355 0.1094178 0.1044178 "" "" 0.8873985513634325 "" 0.09331433940829438 "" 0.9
164.06095233273 -59.22315517 0.0199 0.0189 1.3253 "" "" 5338757809127386240 2595.99072 0.3528 0.023 -4.754 2.347 0.025 0.023 1.074 9446.5 3.7887 15.15716 0.93105 15.529766 14.598716 "" "" 2436.05322 2769.90845 16296.07359 4.8546 8385.1 11.955 11473.0 16.196 "" "" 0.002774239237766149 0.0031908138 0.004078342 0.007269156 164.06095233273 -59.22315517 2595.99072 -4.753999999999999 2.347 -0.1021817245483394 0.1108585567474365 0.1074178 0.1054178 "" "" 1.8551888089393214 "" 0.1972829112441851 "" 0.9
164.07155919357 -59.13093647559 0.0194 0.0183 5.8698 "" "" 5338767258055839232 2525.06885 0.3581 0.0224 -4.638 2.239 0.024 0.022 0.986 9296.2 3.983 15.212511 0.877492 15.561191 14.683699 "" "" 2398.75293 2663.53979 15486.11514 4.5801 8145.9 10.833 10609.0 11.748 "" "" 0.0027739687161425133 0.0031416342 0.003966013 0.007107647 164.07155919357 -59.13093647559 2525.06885 -4.638 2.239 0.013818275451660256 0.0028585567474364026 0.106417805 0.1044178 "" "" 0.1688903113417662 "" 0.017959199316632157 "" 1.0
164.09221441331 -59.21641309953 0.0203 0.0193 0.7423 "" "" 5338763650283176832 2460.91235 0.374 0.0239 -4.613 2.275 0.025 0.023 1.026 9247.1 3.7919 15.237969 0.959874 15.625524 14.665649 "" "" 2337.64185 2628.96606 15127.20894 4.4628 7677.3 14.676 10787.0 11.749 "" "" 0.00277387617620492 0.0034774651 0.003960074 0.0074375393 164.09221441331 -59.21641309953 2460.91235 -4.612999999999998 2.2749999999999995 0.03881827545165972 0.038858556747436435 0.1074178 0.1054178 "" "" 0.6406945857425649 "" 0.0681836548084196 "" 0.8
164.01225950103 -59.19088976724 0.0197 0.0191 3.5526 "" "" 5338760867144123136 2443.79346 0.3788 0.023 -4.673 2.227 0.025 0.023 0.948 9278.7 3.9646 15.258099 0.900991 15.61698 14.715988 "" "" 2323.8606 2566.38647 14849.34467 4.173 7737.9 11.885 10298.0 10.313 "" "" 0.0027721625774640942 0.0032505456 0.003932682 0.0071832277 164.01225950103 -59.19088976724 2443.79346 -4.673 2.2270000000000025 -0.021181724548339886 -0.009141443252563608 0.1074178 0.1054178 "" "" 0.2672348554551341 "" 0.028622523341775584 "" 1.0
164.17683239605 -59.17779138366 0.0211 0.0192 3.7366 "" "" 5338763959520946688 2612.62109 0.3509 0.0243 -4.748 2.255 0.03 0.024 0.986 9245.2 3.8098 15.270281 1.018357 15.687839 14.669481 "" "" 2442.1189 2788.03418 14683.6617 3.8465 7249.1 13.054 10749.0 10.085 "" "" 0.002769960733736183 0.003407011 0.003914257 0.0073212683 164.17683239605 -59.17779138366 2612.62109 -4.747999999999999 2.255 -0.09618172454834006 0.018858556747436417 0.1124178 0.106417805 "" "" 1.2137770733561293 "" 0.13618748144279572 "" 0.9
164.30842074389 -59.22905566613 0.0197 0.0188 6.297 "" "" 5338762860009317376 2200.00854 0.4203 0.0233 -4.622 2.137 0.025 0.024 0.976 9257.1 3.809 15.296919 1.109509 15.760727 14.651218 "" "" 2091.14697 2346.85889 14327.78717 4.2519 6778.4 11.114 10931.0 10.565 "" "" 0.002774095084050488 0.0033097041 0.003922363 0.007232067 164.30842074389 -59.22905566613 2200.00854 -4.622 2.137 0.02981827545166027 -0.09914144325256347 0.1074178 0.106417805 "" "" 1.0795996410542699 "" 0.11497856781246515 "" 0.9
164.14970876077 -59.21608776929 0.0206 0.019 1.578 "" "" 5338763512844261120 2240.14526 0.4092 0.0243 -4.697 2.254 0.026 0.023 0.964 9007.7 4.2087 15.303433 1.13874 15.784387 14.645647 "" "" 2104.33398 2350.84448 14242.08091 3.9212 6632.3 10.026 10988.0 12.011 "" "" 0.002771488533236277 0.0032371148 0.003961347 0.007198462 164.14970876077 -59.21608776929 2240.14526 -4.697 2.2540000000000004 -0.04518172454833991 0.017858556747436527 0.1084178 0.1054178 "" "" 0.5158692289835739 "" 0.055722805232435446 "" 1.0
164.12301228427 -59.21159190548 0.0213 0.0217 1.1251 "" "" 5338763478484512640 2227.83789 0.4199 0.0253 -4.687 2.148 0.028 0.027 1.037 9283.0 4.1235 15.308393 0.846145 15.643381 14.797236 "" "" 2109.11572 2407.03882 14177.1593 4.4835 7552.0 17.177 9555.7 14.227 "" "" 0.0027766322907481072 0.0037260565 0.004110571 0.007836628 164.12301228427 -59.21159190548 2227.83789 -4.687000000000001 2.148 -0.03518172454834012 -0.08814144325256335 0.1104178 0.1094178 "" "" 1.0021760020486288 "" 0.10979416380026565 "" 0.8
164.15243820984 -59.21666223817 0.0213 0.0193 1.6402 "" "" 5338763512844261888 2616.98071 0.3483 0.0248 -4.687 2.234 0.027 0.024 1.0 9374.9 3.9046 15.333219 0.978431 15.729238 14.750807 "" "" 2460.78345 2780.81616 13856.67815 4.2285 6977.9 11.938 9973.2 9.266 "" "" 0.002775169237395625 0.0033519235 0.003911687 0.0072636106 164.15243820984 -59.21666223817 2616.98071 -4.6869999999999985 2.234 -0.03518172454834012 -0.0021414432525634908 0.1094178 0.106417805 "" "" 0.43721898704237905 "" 0.047834765738780226 "" 1.0
