Clusters/Trumpler_17/Trumpler_17_stars_in_region.tsv
# %ECSV 1.0
# ---
# datatype:
# - name: RA_ICRS_1
#   unit: deg
#   datatype: float64
#   format: '{:15.11f}'
#   description: Right ascension (ICRS) at Ep=2016.0 (ra)
#   meta: !!omap
#   - {ucd: POS_EQ_RA_MAIN}
#   - {width: 15}
#   - {precision: '11'}
# - name: DE_ICRS_1
#   unit: deg
#   datatype: float64
#   format: '{:15.11f}'
#   description: Declination (ICRS) at Ep=2016.0 (dec)
#   meta: !!omap
#   - {ucd: POS_EQ_DEC_MAIN}
#   - {width: 15}
#   - {precision: '11'}
# - name: e_RA_ICRS
#   unit: mas
#   datatype: float64
#   format: '{:7.4f}'
#   description: Standard error of right ascension (ra_error)
#   meta: !!omap
#   - {ucd: ERROR}
#   - {width: 7}
#   - {precision: '4'}
# - name: e_DE_ICRS
#   unit: mas
#   datatype: float64
#   format: '{:7.4f}'
#   description: Standard error of declination (dec_error)
#   meta: !!omap
#   - {ucd: ERROR}
#   - {width: 7}
#   - {precision: '4'}
# - name: _r_1
#   unit: ''
#   datatype: float64
#   format: '{:7.4f}'
#   description: Distance from center (164.10331413000-59.22740395000)[ICRS], at Epoch=J2016.0
#   meta: !!omap
#   - {ucd: POS_ANG_DIST_GENERAL}
#   - {width: 7}
#   - {precision: '4'}
# - name: HIP
#   datatype: int32
#   description: '? HIP cross-id number, van Leeuwen, Cat. I/311 (hip_original_ext_source_id)'
#   meta: !!omap
#   - {ucd: ID_NUMBER}
#   - {width: 6}
#   - values: {'null': -2147483648}
# - name: TYC2
#   datatype: string
#   description: Tycho-2 cross-id name, Hog et al., Cat. I/259 (tyc2_original_ext_source_id)
#   meta: !!omap
#   - {ucd: ID_CROSSID}
#   - {_votable_string_dtype: char}
# - name: Source
#   datatype: int64
#   description: Source identifier, identical to the Gaia-EDR3 source_id (id)
#   meta: !!omap
#   - {ucd: ID_MAIN}
#   - {width: 19}
# - name: rgeo
#   unit: pc
#   datatype: float64
#   format: '{:15.8f}'
#   description: '? Median of the geometric distance posterior (r_med_geo)'
#   meta: !!omap
#   - {ucd: PHYS_DISTANCE_TRUE}
#   - {width: 15}
#   - {precision: '8'}
#   - values: {'null': .nan}
# - name: Plx
#   unit: mas
#   datatype: float64
#   format: '{:9.4f}'
#   description: '? Parallax (parallax)'
#   meta: !!omap
#   - {ucd: POS_PARLX_TRIG}
#   - {width: 9}
#   - {precision: '4'}
#   - values: {'null': .nan}
# - name: e_Plx
#   unit: mas
#   datatype: float32
#   format: '{:7.4f}'
#   description: '? Standard error of parallax (parallax_error)'
#   meta: !!omap
#   - {ucd: ERROR}
#   - {width: 7}
#   - {precision: '4'}
#   - values: {'null': .nan}
# - name: pmRA
#   unit: mas / yr
#   datatype: float64
#   format: '{:9.3f}'
#   description: '? Proper motion in right ascension direction, pmRA*cosDE (pmra)'
#   meta: !!omap
#   - {ucd: POS_EQ_PMRA}
#   - {width: 9}
#   - {precision: '3'}
#   - values: {'null': .nan}
# - name: pmDE
#   unit: mas / yr
#   datatype: float64
#   format: '{:9.3f}'
#   description: '? Proper motion in declination direction (pmdec)'
#   meta: !!omap
#   - {ucd: POS_EQ_PMDEC}
#   - {width: 9}
#   - {precision: '3'}
#   - values: {'null': .nan}
# - name: e_pmRA
#   unit: mas / yr
#   datatype: float32
#   format: '{:6.3f}'
#   description: '? Standard error of proper motion in right ascension direction (pmra_error)'
#   meta: !!omap
#   - {ucd: ERROR}
#   - {width: 6}
#   - {precision: '3'}
#   - values: {'null': .nan}
# - name: e_pmDE
[...]
#         value: !astropy.table.SerializedColumn {name: SkyCoord.dec}
#       distance: !astropy.table.SerializedColumn
#         __class__: astropy.coordinates.distances.Distance
#         unit: !astropy.units.Unit {unit: pc}
#         value: !astropy.table.SerializedColumn {name: SkyCoord.distance}
#       frame: icrs
#       obstime: !astropy.time.Time {format: jyear_str, in_subfmt: '*', jd1: 367701545.0, jd2: 0.0, out_subfmt: '*', precision: 3, scale: tt}
#       pm_dec: !astropy.table.SerializedColumn
#         __class__: astropy.units.quantity.Quantity
#         unit: !astropy.units.Unit {unit: mas / yr}
#         value: !astropy.table.SerializedColumn {name: SkyCoord.pm_dec}
#       pm_ra_cosdec: !astropy.table.SerializedColumn
#         __class__: astropy.units.quantity.Quantity
#         unit: !astropy.units.Unit {unit: mas / yr}
#         value: !astropy.table.SerializedColumn {name: SkyCoord.pm_ra_cosdec}
#       ra: !astropy.table.SerializedColumn
#         __class__: astropy.coordinates.angles.Longitude
#         unit: *id001
#         value: !astropy.table.SerializedColumn {name: SkyCoord.ra}
#         wrap_angle: !astropy.coordinates.Angle
#           unit: *id001
#           value: 360.0
#       representation_type: spherical
# schema: astropy-2.0
RA_ICRS_1 DE_ICRS_1 e_RA_ICRS e_DE_ICRS _r_1 HIP TYC2 Source rgeo Plx e_Plx pmRA pmDE e_pmRA e_pmDE RUWE Teff logg Gmag BP-RP BPmag RPmag RV e_RV b_rgeo B_rgeo FG e_FG FBP e_FBP FRP e_FRP RAVE5 RAVE6 e_Gmag e_BPmag e_RPmag e_BP-RP SkyCoord.ra SkyCoord.dec SkyCoord.distance SkyCoord.pm_ra_cosdec SkyCoord.pm_dec rmRA rmDE e_rmRA e_rmDE rRV e_rRV v_pec v_pec3d e_vpec e_vpec3d
[from data line 613]
164.18152168153 -59.40068550382 0.0197 0.0206 10.6691 "" "" 5338754235714392064 2407.24829 0.3823 0.0241 -5.562 0.57 0.026 0.025 0.897 9225.2 3.736 15.408348 1.076854 15.854766 14.777912 "" "" 2247.04395 2569.94141 12930.27229 3.64 6216.0 11.353 9727.3 8.7397 "" "" 0.002772220876345964 0.0034230629 0.0039032465 0.0073263096 164.18152168153 -59.40068550382 2407.24829 -5.562000000000004 0.5700000000000003 -0.9101817245483401 -1.6661414432525636 0.1084178 0.1074178 "" "" 21.6630308456291 "" 2.331991849176215 ""
164.64820080118 -59.15499823756 0.0207 0.0217 17.299 "" "" 5338773099204978048 2505.60278 0.3697 0.025 -6.36 1.326 0.025 0.027 0.997 5532.9 4.1585 15.409124 0.987698 15.75394 14.766242 "" "" 2377.00024 2685.50244 12921.02431 4.9353 6820.9 64.764 9832.4 71.602 "" "" 0.002786354418770263 0.010679907 0.008763451 0.01944336 164.64820080118 -59.15499823756 2505.60278 -6.360000000000001 1.3260000000000003 -1.7081817245483402 -0.9101414432525634 0.1074178 0.1094178 "" "" 22.987328000542206 "" 2.4794873933288217 ""
164.23305440315 -59.23453178738 0.0205 0.0206 4.0052 "" "" 5338762722570300416 2426.75244 0.3807 0.0255 -4.658 2.198 0.026 0.026 0.97 8667.9 3.5417 15.410176 1.286849 15.969834 14.682985 "" "" 2281.02905 2563.12012 12908.51691 3.8936 5590.9 12.71 10616.0 9.279 "" "" 0.0027747143484083566 0.0037252218 0.0038967065 0.007621928 164.23305440315 -59.23453178738 2426.75244 -4.658 2.1979999999999995 -0.006181724548340206 -0.03814144325256352 0.1084178 0.1084178 "" "" 0.4444585937443605 "" 0.04818722361775556 ""
164.18382850265 -59.3505760314 0.0197 0.0212 7.7913 "" "" 5338755781902687360 2423.89526 0.3804 0.025 -6.258 3.235 0.026 0.025 1.01 9375.8 4.3553 15.412925 1.32759 15.993052 14.665462 "" "" 2280.06372 2636.78174 12875.8827 4.3732 5472.6 11.88 10789.0 15.483 "" "" 0.0027798876066189287 0.0036524206 0.004087962 0.007740383 164.18382850265 -59.3505760314 2423.89526 -6.257999999999999 3.2350000000000017 -1.6061817245483399 0.9988585567474364 0.1084178 0.1074178 "" "" 21.731230976033693 "" 2.350011988027824 ""
164.55743432706 -59.43213062449 0.0414 0.0421 18.5488 "" "" 5338739942067079552 2143.13452 0.4459 0.0498 -2.994 3.129 0.059 0.054 2.133 "" "" 15.415818 1.114535 15.667347 14.552812 "" "" 1936.36707 2442.1897 12841.60551 8.9075 7387.2 14.811 11968.0 20.888 "" "" 0.002856391141337998 0.0035388884 0.0042278357 0.007766724 164.55743432706 -59.43213062449 2143.13452 -2.994 3.129 1.65781827545166 0.8928585567474365 0.1414178 0.1364178 "" "" 19.128021902838622 "" 2.683835766241837 ""
163.9349625197 -59.17133619771 0.0239 0.0229 6.17 "" "" 5338761863576520448 2383.85229 0.3879 0.0279 -4.724 2.323 0.031 0.028 1.143 7498.1 3.6862 15.41585 1.236119 15.945942 14.709823 "" "" 2234.25391 2577.8269 12841.23953 4.3416 5715.3 9.0206 10357.0 10.493 "" "" 0.0027796656481592534 0.0032743893 0.003936205 0.0072105946 163.9349625197 -59.17133619771 2383.85229 -4.724000000000001 2.3230000000000035 -0.07218172454834004 0.08685855674743648 0.113417804 0.1104178 "" "" 1.2761193071050234 "" 0.14248258232151495 ""
164.09217306544 -59.24854199027 0.0194 0.0196 1.3136 "" "" 5338757740367411840 2219.68213 0.4156 0.0239 -4.722 2.5 0.025 0.024 0.981 "" "" 15.415862 1.130553 15.867124 14.73657 "" "" 2109.03857 2332.58911 12841.09287 4.0016 6145.6 9.6495 10105.0 13.526 "" "" 0.002776015985214824 0.0032697516 0.0040491764 0.007318928 164.09217306544 -59.24854199027 2219.68213 -4.722000000000002 2.5000000000000018 -0.07018172454834026 0.2638585567474365 0.1074178 0.106417805 "" "" 2.8726562907377686 "" 0.3058924109771422 ""
163.83829465067 -59.48737484834 0.0212 0.0197 17.578 "" "" 5338380504841043840 2046.22839 0.4599 0.0247 -1.77 2.315 0.028 0.024 1.016 5045.6 3.3798 15.417509 1.820835 16.30863 14.487795 "" "" 1954.27588 2128.35425 12821.62229 4.0127 4092.3 8.6265 12707.0 10.372 "" "" 0.002776193542590753 0.003608775 0.0038818966 0.0074906717 163.83829465067 -59.48737484834 2046.22839 -1.77 2.315 2.88181827545166 0.07885855674743647 0.1104178 0.106417805 "" "" 27.961571577849618 "" 3.0873729940697126 ""
163.79577303456 -59.04413812633 0.0234 0.0201 14.5093 "" "" 5338815499129723776 2008.84216 0.4661 0.0253 -9.513 1.586 0.028 0.024 0.974 6444.5 3.7208 15.418873 1.324908 16.003536 14.678628 "" "" 1914.31812 2104.41553 12805.53672 4.0039 5420.0 10.745 10659.0 10.074 "" "" 0.0027761544817456094 0.0035239258 0.0039162105 0.0074401363 163.79577303456 -59.04413812633 2008.84216 -9.512999999999993 1.5860000000000003 -4.86118172454834 -0.6501414432525634 0.1104178 0.106417805 "" "" 46.6998782181346 "" 5.153273654564655 ""
164.1419597131 -58.93870629426 0.0231 0.0202 17.3628 "" "" 5338793715049241856 1839.82104 0.5125 0.0262 -4.498 0.901 0.03 0.025 0.97 6515.0 4.151 15.419766 1.183021 15.922482 14.73946 "" "" 1755.74512 1918.79456 12794.99732 4.017 5840.2 9.9117 10078.0 14.37 "" "" 0.002776324955325297 0.003343716 0.0040841675 0.0074278833 164.1419597131 -58.93870629426 1839.82104 -4.498 0.901 0.15381827545165994 -1.3351414432525635 0.1124178 0.1074178 "" "" 11.720452627680688 "" 1.2597704771595213 ""
163.75365563046 -59.17927862447 0.0319 0.0316 11.1227 "" "" 5338808524079464192 1954.15784 0.4925 0.0377 -5.409 1.8 0.041 0.039 1.741 11066.3 4.0776 15.420111 1.112249 15.816603 14.704353 "" "" 1808.01855 2114.43481 12790.94118 6.8631 6438.4 24.268 10409.0 23.879 "" "" 0.0028162329153706154 0.004953076 0.0045263227 0.009479399 163.75365563046 -59.17927862447 1954.15784 -5.409 1.8000000000000003 -0.7571817245483397 -0.43614144325256343 0.1234178 0.121417806 "" "" 8.093844932600735 "" 0.9949164022516757 ""
163.70798251565 -59.45141688587 0.0224 0.0214 18.0822 "" "" 5338381569992918016 1885.08582 0.4982 0.0274 -9.218 -1.394 0.028 0.026 1.038 6542.7 3.9141 15.421771 1.40631 16.053474 14.647164 "" "" 1806.71143 1969.28149 12771.39165 3.7995 5176.4 9.2856 10972.0 10.671 "" "" 0.0027741887492263085 0.0034026916 0.0039241253 0.007326817 163.70798251565 -59.45141688587 1885.08582 -9.218 -1.3940000000000015 -4.56618172454834 -3.6301414432525636 0.1104178 0.1084178 "" "" 52.122749034624675 "" 5.7151339292225085 ""
164.12316558508 -59.48754820109 0.0215 0.0216 15.6205 "" "" 5338378202738758144 1958.26624 0.4733 0.0252 -7.872 5.884 0.028 0.026 0.987 6129.3 3.8125 15.422535 1.449677 16.08043 14.630753 "" "" 1859.93359 2096.17261 12762.41782 3.8126 5049.5 12.353 11139.0 11.749 "" "" 0.0027743452727030248 0.0038522778 0.0039490755 0.007801353 164.12316558508 -59.48754820109 1958.26624 -7.871999999999999 5.8839999999999995 -3.2201817245483397 3.647858556747437 0.1104178 0.1084178 "" "" 45.16565382894853 "" 4.936526665431918 ""
163.70613826743 -59.46251369012 0.0215 0.0202 18.6179 "" "" 5338381192035781120 2521.99316 0.3706 0.0253 -7.057 2.284 0.028 0.024 0.985 9207.7 3.8632 15.423963 1.054692 15.853701 14.799008 "" "" 2363.35229 2684.76587 12745.64383 3.836 6222.1 13.372 9540.1 11.604 "" "" 0.0027746292594776232 0.0036372605 0.0040034703 0.0076407306 163.70613826743 -59.46251369012 2521.99316 -7.056999999999999 2.284 -2.4051817245483402 0.04785855674743633 0.1104178 0.106417805 "" "" 28.757829225416106 "" 3.1753314805162827 ""
164.42634833888 -59.19542161333 0.0225 0.0218 10.105 "" "" 5338752620806179072 1919.32874 0.4855 0.0275 -9.45 2.528 0.031 0.027 0.961 5724.5 4.1862 15.42541 1.063042 15.872221 14.809179 "" "" 1828.08752 2017.51636 12728.66191 3.3991 6116.9 9.4828 9451.2 12.507 "" "" 0.002770533086743087 0.0032585473 0.004043274 0.0073018214 164.42634833888 -59.19542161333 1919.32874 -9.450000000000001 2.5279999999999987 -4.798181724548339 0.29185855674743655 0.113417804 0.1094178 "" "" 43.73270530017533 "" 4.959433896315088 ""
163.84123246066 -59.13640593964 0.0216 0.0198 9.7319 "" "" 5338762207173901952 1874.33276 0.499 0.0243 -6.748 2.488 0.027 0.024 1.033 7008.6 4.1681 15.425905 1.077065 15.875627 14.798562 "" "" 1795.86768 1954.1416 12722.85303 3.0853 6097.7 9.8106 9544.1 8.174 "" "" 0.002767871372049653 0.0032918851 0.0038920934 0.0071839783 163.84123246066 -59.13640593964 1874.33276 -6.748000000000004 2.4880000000000004 -2.09618172454834 0.2518585567474365 0.1094178 0.106417805 "" "" 18.757128609007026 "" 2.051573850710027 ""
163.83127707828 -59.33619682652 0.0207 0.0205 10.5889 "" "" 5338758977358210560 1942.80823 0.481 0.0238 -7.464 3.32 0.027 0.025 1.006 9099.0 3.9837 15.427639 1.165887 15.923957 14.75807 "" "" 1843.73206 2054.86841 12702.55223 3.2874 5832.2 9.5012 9906.7 10.377 "" "" 0.002769610617185497 0.0033035707 0.003946787 0.007250358 163.83127707828 -59.33619682652 1942.80823 -7.464000000000007 3.3200000000000003 -2.8121817245483403 1.0838585567474364 0.1094178 0.1074178 "" "" 27.75400694961974 "" 3.0296606920361318 ""
163.72873775945 -59.4255854689 0.0207 0.0208 16.518 "" "" 5338381741791801856 2066.97046 0.4512 0.0252 -7.649 3.769 0.028 0.025 0.994 7113.6 3.9576 15.430147 1.410664 16.061674 14.65101 "" "" 1979.73657 2199.90161 12673.25127 3.7149 5137.4 9.0408 10933.0 8.8991 "" "" 0.0027736401103891986 0.0033816777 0.0038813332 0.007263011 163.72873775945 -59.4255854689 2066.97046 -7.648999999999999 3.769000000000001 -2.99718172454834 1.5328585567474367 0.1104178 0.1074178 "" "" 32.98225428519081 "" 3.6215351166192047 ""
163.73021192212 -59.38466482404 0.0215 0.0211 14.8192 "" "" 5338383253620182656 2296.12183 0.4045 0.0253 -5.531 2.359 0.028 0.025 0.976 "" "" 15.435216 0.983419 15.834658 14.851238 "" "" 2159.93286 2449.41846 12614.2176 3.6366 6332.2 10.473 9092.1 21.16 "" "" 0.0027730425984209906 0.0033180853 0.004546272 0.007864358 163.73021192212 -59.38466482404 2296.12183 -5.531 2.359 -0.8791817245483395 0.12285855674743651 0.1104178 0.1074178 "" "" 9.661653523985244 "" 1.0662707387240733 ""
164.55213869066 -59.44391159537 0.0194 0.0194 18.9045 "" "" 5338739834641221632 1904.47241 0.4881 0.0232 -7.974 0.537 0.026 0.024 1.002 5622.5 4.1789 15.436712 1.086081 15.874244 14.788163 "" "" 1833.46472 1990.62549 12596.84802 3.6015 6105.5 15.643 9635.9 18.198 "" "" 0.0027727510287654496 0.0039399695 0.0042997906 0.00823976 164.55213869066 -59.44391159537 1904.47241 -7.974 0.5370000000000008 -3.32218172454834 -1.6991414432525636 0.1084178 0.106417805 "" "" 33.68484972438711 "" 3.6381710496283888 ""
164.61800477499 -59.35473693816 0.0231 0.0228 17.5235 "" "" 5338746539132295808 2020.03259 0.4585 0.0275 -6.658 1.716 0.032 0.029 1.28 7085.5 4.203 15.436911 0.986091 15.818599 14.832508 "" "" 1907.02063 2122.24634 12594.54066 5.9391 6426.5 10.854 9250.3 12.368 "" "" 0.002802485419067305 0.003338814 0.004048589 0.0073874034 164.61800477499 -59.35473693816 2020.03259 -6.657999999999997 1.7159999999999989 -2.00618172454834 -0.5201414432525635 0.114417806 0.1114178 "" "" 19.844222472892998 "" 2.266828772782263 ""
164.4482434484 -59.19483801591 0.0209 0.0208 10.7723 "" "" 5338752930043841664 2667.55688 0.341 0.0247 -7.14 3.553 0.027 0.025 1.012 7629.8 4.0874 15.437197 0.924663 15.808839 14.884176 "" "" 2515.62793 2849.0459 12591.22685 3.5401 6484.6 9.1829 8820.4 12.166 "" "" 0.0027721785441094915 0.0031857525 0.0040652687 0.0072510215 164.4482434484 -59.19483801591 2667.55688 -7.139999999999999 3.553000000000001 -2.4881817245483395 1.3168585567474365 0.1094178 0.1074178 "" "" 35.595588700947474 "" 3.8793253202717364 ""
164.40006220877 -59.17222762072 0.0214 0.0215 9.6994 "" "" 5338753200580087040 2070.15576 0.4482 0.026 -6.466 2.697 0.027 0.026 1.013 7571.6 4.196 15.437341 1.1987 15.951479 14.752779 "" "" 1946.89331 2181.96729 12589.55499 3.7395 5686.2 10.23 9955.1 12.649 "" "" 0.002774129518061412 0.003405963 0.0040232902 0.0074292533 164.40006220877 -59.17222762072 2070.15576 -6.466000000000001 2.697000000000001 -1.81418172454834 0.4608585567474366 0.1094178 0.1084178 "" "" 18.367137238130898 "" 2.0085831809060575 ""
164.18033877719 -59.26000016939 0.0218 0.0216 3.0677 "" "" 5338756743975512448 2525.0708 0.3658 0.0262 -4.541 2.225 0.027 0.026 1.033 9500.2 3.8775 15.43896 0.889852 15.788996 14.899144 "" "" 2375.53076 2717.0188 12570.789 3.94 6604.2 9.7641 8699.6 10.264 "" "" 0.002776254921013272 0.0032189752 0.0039905678 0.007209543 164.18033877719 -59.26000016939 2525.0708 -4.541000000000001 2.2249999999999996 0.11081827545165979 -0.011141443252563388 0.1094178 0.1084178 "" "" 1.3330522388992503 "" 0.14584636887095212 ""
164.68902439396 -59.2465520349 0.0209 0.0204 18.0117 "" "" 5338748703801396736 2562.98169 0.3572 0.0254 -5.502 3.773 0.027 0.026 1.011 7068.6 4.2887 15.439665 0.802434 15.750464 14.94803 "" "" 2421.17188 2756.2146 12562.63677 4.9617 6842.8 10.157 8316.6 9.9914 "" "" 0.0027884897540088717 0.0032221554 0.003998142 0.0072202976 164.68902439396 -59.2465520349 2562.98169 -5.501999999999996 3.7729999999999992 -0.8501817245483396 1.5368585567474367 0.1094178 0.1084178 "" "" 21.33699975371712 "" 2.318327861789187 ""
163.61128363395 -59.23583736162 0.0198 0.02 15.1109 "" "" 5338807355870997760 2383.2439 0.388 0.0239 -4.123 1.011 0.025 0.025 1.004 6637.2 3.9699 15.440902 1.303303 16.012865 14.709562 "" "" 2261.56177 2525.46899 12548.33438 3.3629 5373.7 8.1261 10359.0 10.664 "" "" 0.0027706415309824393 0.003237393 0.003941191 0.007178584 163.61128363395 -59.23583736162 2383.2439 -4.123 1.011 0.5288182754516599 -1.2251414432525636 0.1074178 0.1074178 "" "" 15.074138280087652 "" 1.6192307638943355 ""
163.84468438605 -59.17045561453 0.0215 0.0198 8.6495 "" "" 5338762001015412480 2162.55566 0.4271 0.0241 -4.698 2.181 0.028 0.024 0.961 9498.7 3.8541 15.445767 0.998963 15.85256 14.853597 "" "" 2063.97485 2282.90649 12492.22335 3.7802 6228.6 11.057 9072.3 12.828 "" "" 0.0027748393569980807 0.0033911513 0.004079286 0.0074704373 163.84468438605 -59.17045561453 2162.55566 -4.698000000000002 2.181 -0.04618172454834024 -0.05514144325256343 0.1104178 0.106417805 "" "" 0.7372771016093862 "" 0.07968842852746132 ""
164.14636927016 -59.33452269578 0.0197 0.0204 6.5612 "" "" 5338756056780598016 1810.16858 0.5195 0.0248 -6.644 2.523 0.026 0.026 1.011 7891.2 4.1049 15.446739 1.121261 15.916666 14.795405 "" "" 1735.04053 1887.52307 12481.05078 3.047 5871.5 12.257 9571.9 10.551 "" "" 0.002768040220627918 0.0035947403 0.003964347 0.007559087 164.14636927016 -59.33452269578 1810.16858 -6.644 2.5229999999999984 -1.99218172454834 0.28685855674743665 0.1084178 0.1084178 "" "" 17.26961086226214 "" 1.872333243465394 ""
163.70722176716 -59.42482461269 0.0218 0.0216 16.9499 "" "" 5338381707431901184 1900.24268 0.495 0.0256 -7.937 2.404 0.029 0.026 0.985 7137.8 3.9566 15.447627 1.374509 16.059332 14.684823 "" "" 1805.31421 2003.42395 12470.84393 3.6748 5148.5 9.5027 10598.0 11.165 "" "" 0.0027738327272620053 0.0034352485 0.0039486783 0.007383927 163.70722176716 -59.42482461269 1900.24268 -7.937000000000001 2.404 -3.28518172454834 0.16785855674743644 0.1114178 0.1084178 "" "" 29.62872685488767 "" 3.300939219958269 ""
164.33206703951 -59.03164892156 0.0232 0.0203 13.6948 "" "" 5338789488801393024 2259.05933 0.41 0.0266 -9.54 3.715 0.029 0.026 1.049 8015.5 3.9854 15.448059 1.055455 15.886537 14.831081 "" "" 2119.88818 2375.08423 12465.88839 3.3186 6036.7 12.543 9262.4 14.706 "" "" 0.0027704390919210003 0.0035880748 0.0041539534 0.007742028 164.33206703951 -59.03164892156 2259.05933 -9.539999999999992 3.715 -4.888181724548339 1.4788585567474364 0.1114178 0.1084178 "" "" 54.685344918692 "" 6.079334155591984 ""
163.91582756594 -59.38807217169 0.0192 0.0187 11.2205 "" "" 5338382635144977920 1982.19299 0.469 0.0231 -9.17 2.587 0.026 0.023 1.008 6540.5 3.9568 15.450087 1.40882 16.083954 14.675134 "" "" 1886.6178 2053.32495 12442.62468 3.3588 5033.1 8.7732 10693.0 9.3154 "" "" 0.002770864367675237 0.0033714662 0.0038959435 0.00726741 163.91582756594 -59.38807217169 1982.19299 -9.169999999999993 2.586999999999998 -4.51818172454834 0.3508585567474367 0.1084178 0.1054178 "" "" 42.57880771980319 "" 4.615545589923963 ""
