Clusters/Trumpler_17/Trumpler_17_stars_in_region.tsv
# %ECSV 1.0
# ---
# datatype:
# - name: RA_ICRS_1
#   unit: deg
#   datatype: float64
#   format: '{:15.11f}'
#   description: Right ascension (ICRS) at Ep=2016.0 (ra)
#   meta: !!omap
#   - {ucd: POS_EQ_RA_MAIN}
#   - {width: 15}
#   - {precision: '11'}
# - name: DE_ICRS_1
#   unit: deg
#   datatype: float64
#   format: '{:15.11f}'
#   description: Declination (ICRS) at Ep=2016.0 (dec)
#   meta: !!omap
#   - {ucd: POS_EQ_DEC_MAIN}
#   - {width: 15}
#   - {precision: '11'}
# - name: e_RA_ICRS
#   unit: mas
#   datatype: float64
#   format: '{:7.4f}'
#   description: Standard error of right ascension (ra_error)
#   meta: !!omap
#   - {ucd: ERROR}
#   - {width: 7}
#   - {precision: '4'}
# - name: e_DE_ICRS
#   unit: mas
#   datatype: float64
#   format: '{:7.4f}'
#   description: Standard error of declination (dec_error)
#   meta: !!omap
#   - {ucd: ERROR}
#   - {width: 7}
#   - {precision: '4'}
# - name: _r_1
#   unit: ''
#   datatype: float64
#   format: '{:7.4f}'
#   description: Distance from center (164.10331413000-59.22740395000)[ICRS], at Epoch=J2016.0
#   meta: !!omap
#   - {ucd: POS_ANG_DIST_GENERAL}
#   - {width: 7}
#   - {precision: '4'}
# - name: HIP
#   datatype: int32
#   description: '? HIP cross-id number, van Leeuwen, Cat. I/311 (hip_original_ext_source_id)'
#   meta: !!omap
#   - {ucd: ID_NUMBER}
#   - {width: 6}
#   - values: {'null': -2147483648}
# - name: TYC2
#   datatype: string
#   description: Tycho-2 cross-id name, Hog et al., Cat. I/259 (tyc2_original_ext_source_id)
#   meta: !!omap
#   - {ucd: ID_CROSSID}
#   - {_votable_string_dtype: char}
# - name: Source
#   datatype: int64
#   description: Source identifier, identical to the Gaia-EDR3 source_id (id)
#   meta: !!omap
#   - {ucd: ID_MAIN}
#   - {width: 19}
# - name: rgeo
#   unit: pc
#   datatype: float64
#   format: '{:15.8f}'
#   description: '? Median of the geometric distance posterior (r_med_geo)'
#   meta: !!omap
#   - {ucd: PHYS_DISTANCE_TRUE}
#   - {width: 15}
#   - {precision: '8'}
#   - values: {'null': .nan}
# - name: Plx
#   unit: mas
#   datatype: float64
#   format: '{:9.4f}'
#   description: '? Parallax (parallax)'
#   meta: !!omap
#   - {ucd: POS_PARLX_TRIG}
#   - {width: 9}
#   - {precision: '4'}
#   - values: {'null': .nan}
# - name: e_Plx
#   unit: mas
#   datatype: float32
#   format: '{:7.4f}'
#   description: '? Standard error of parallax (parallax_error)'
#   meta: !!omap
#   - {ucd: ERROR}
#   - {width: 7}
#   - {precision: '4'}
#   - values: {'null': .nan}
# - name: pmRA
#   unit: mas / yr
#   datatype: float64
#   format: '{:9.3f}'
#   description: '? Proper motion in right ascension direction, pmRA*cosDE (pmra)'
#   meta: !!omap
#   - {ucd: POS_EQ_PMRA}
#   - {width: 9}
#   - {precision: '3'}
#   - values: {'null': .nan}
# - name: pmDE
#   unit: mas / yr
#   datatype: float64
#   format: '{:9.3f}'
#   description: '? Proper motion in declination direction (pmdec)'
#   meta: !!omap
#   - {ucd: POS_EQ_PMDEC}
#   - {width: 9}
#   - {precision: '3'}
#   - values: {'null': .nan}
# - name: e_pmRA
#   unit: mas / yr
#   datatype: float32
#   format: '{:6.3f}'
#   description: '? Standard error of proper motion in right ascension direction (pmra_error)'
#   meta: !!omap
#   - {ucd: ERROR}
#   - {width: 6}
#   - {precision: '3'}
#   - values: {'null': .nan}
# - name: e_pmDE
[...]
#         value: !astropy.table.SerializedColumn {name: SkyCoord.dec}
#       distance: !astropy.table.SerializedColumn
#         __class__: astropy.coordinates.distances.Distance
#         unit: !astropy.units.Unit {unit: pc}
#         value: !astropy.table.SerializedColumn {name: SkyCoord.distance}
#       frame: icrs
#       obstime: !astropy.time.Time {format: jyear_str, in_subfmt: '*', jd1: 367701545.0, jd2: 0.0, out_subfmt: '*', precision: 3, scale: tt}
#       pm_dec: !astropy.table.SerializedColumn
#         __class__: astropy.units.quantity.Quantity
#         unit: !astropy.units.Unit {unit: mas / yr}
#         value: !astropy.table.SerializedColumn {name: SkyCoord.pm_dec}
#       pm_ra_cosdec: !astropy.table.SerializedColumn
#         __class__: astropy.units.quantity.Quantity
#         unit: !astropy.units.Unit {unit: mas / yr}
#         value: !astropy.table.SerializedColumn {name: SkyCoord.pm_ra_cosdec}
#       ra: !astropy.table.SerializedColumn
#         __class__: astropy.coordinates.angles.Longitude
#         unit: *id001
#         value: !astropy.table.SerializedColumn {name: SkyCoord.ra}
#         wrap_angle: !astropy.coordinates.Angle
#           unit: *id001
#           value: 360.0
#       representation_type: spherical
# schema: astropy-2.0
RA_ICRS_1 DE_ICRS_1 e_RA_ICRS e_DE_ICRS _r_1 HIP TYC2 Source rgeo Plx e_Plx pmRA pmDE e_pmRA e_pmDE RUWE Teff logg Gmag BP-RP BPmag RPmag RV e_RV b_rgeo B_rgeo FG e_FG FBP e_FBP FRP e_FRP RAVE5 RAVE6 e_Gmag e_BPmag e_RPmag e_BP-RP SkyCoord.ra SkyCoord.dec SkyCoord.distance SkyCoord.pm_ra_cosdec SkyCoord.pm_dec rmRA rmDE e_rmRA e_rmDE rRV e_rRV v_pec v_pec3d e_vpec e_vpec3d
[from data line 457]
164.45664518734 -59.25271538396 0.0178 0.0176 10.9483 "" "" 5338751624373659776 2061.51855 0.4568 0.0209 -5.82 2.265 0.022 0.021 1.035 7224.3 4.0773 15.006733 0.756666 15.303388 14.546721 "" "" 1955.75305 2154.56104 18717.7526 5.0007 10329.0 12.482 12036.0 13.488 "" "" 0.0027705467811184707 0.0030832647 0.0039704065 0.0070536714 164.45664518734 -59.25271538396 2061.51855 -5.820000000000005 2.2649999999999997 -1.1681817245483401 0.028858556747436648 0.1044178 0.1034178 "" "" 11.418484754522604 "" 1.1922861368181012 ""
164.25893180861 -59.42595055878 0.0242 0.0269 12.8298 "" "" 5338742347243405440 2485.78027 0.3722 0.0302 -7.139 2.451 0.032 0.034 1.503 9330.2 3.9858 15.006861 0.969503 15.338703 14.3692 "" "" 2342.35596 2650.54883 18715.53932 10.349 9998.5 19.552 14174.0 40.401 "" "" 0.0028199708836125015 0.0035061107 0.004884786 0.008390897 164.25893180861 -59.42595055878 2485.78027 -7.139000000000001 2.450999999999998 -2.48718172454834 0.2148585567474366 0.114417806 0.1164178 "" "" 29.414607863818766 "" 3.3659944501669523 ""
164.12490469437 -58.96187520838 0.0185 0.0176 15.9456 "" "" 5338793268372599296 2252.42407 0.4094 0.0223 -9.223 2.637 0.023 0.022 1.07 "" "" 15.011621 1.25871 15.548719 14.29001 "" "" 2149.27417 2364.38477 18633.66339 4.7596 8240.0 13.343 15246.0 38.1 "" "" 0.0027692419922315556 0.0032978877 0.0046524806 0.007950368 164.12490469437 -58.96187520838 2252.42407 -9.223 2.6369999999999996 -4.571181724548341 0.40085855674743653 0.1054178 0.1044178 "" "" 48.99146863875775 "" 5.164200876832745 ""
164.38779242176 -58.97628506264 0.1101 0.106 17.4311 "" "" 5338790966270402304 2276.18311 0.4916 0.1297 -5.874 1.178 0.143 0.135 6.491 5142.8 4.2261 15.014254 1.736764 15.819704 14.08294 -9.72 6.1 1850.224 3104.07104 18588.54763 15.78 6420.0 6.4782 18449.0 17.005 "" "" 0.002905392492069986 0.0029975558 0.003909634 0.0069071897 164.38779242176 -58.97628506264 2276.18311 -5.874 1.177999999999999 -1.2221817245483395 -1.0581414432525635 0.22541781 0.2174178 -20.46 14.940001 17.4416582890384 26.885368583517355 3.872495329262354 11.643721891777378
164.44718831753 -59.40632337131 0.0161 0.0168 15.0364 "" "" 5338743137517512320 2030.47937 0.4589 0.0196 -0.361 0.946 0.022 0.021 1.057 6866.2 3.8619 15.015412 1.385405 15.634026 14.248621 -39.78 9.39 1958.12866 2095.96021 18568.7207 5.042 7617.4 7.9743 15838.0 12.366 "" "" 0.0027710473665986893 0.0030127931 0.003873288 0.006886081 164.44718831753 -59.40632337131 2030.47937 -0.3610000000000002 0.9460000000000004 4.29081827545166 -1.2901414432525635 0.1044178 0.1034178 -50.52 18.23 43.12320619836222 66.4219941948935 4.499270724425954 14.169932031546708
164.15780979385 -59.06980601602 0.0191 0.0163 9.6034 "" "" 5338766399062524544 2242.18457 0.41 0.021 -7.542 3.884 0.023 0.02 0.913 9362.6 4.2679 15.018453 0.872511 15.363071 14.490561 "" "" 2150.70044 2340.80493 18516.78972 5.1067 9776.6 12.175 12675.0 8.0923 "" "" 0.0027715427539624776 0.003100515 0.003842425 0.00694294 164.15780979385 -59.06980601602 2242.18457 -7.542 3.8840000000000003 -2.8901817245483397 1.6478585567474364 0.1054178 0.1024178 "" "" 35.3586615239976 "" 3.7016903222983997 ""
163.73349194979 -59.02641437128 0.0405 0.0359 16.5853 "" "" 5338816289403701120 2318.49585 0.4049 0.044 -5.391 2.019 0.049 0.044 2.747 6691.4 2.9681 15.020062 0.975824 15.358746 14.382921 "" "" 2102.71826 2574.95557 18489.35477 14.004 9815.6 11.13 13996.0 31.322 "" "" 0.002875420409116477 0.0030497082 0.004493065 0.007542773 163.73349194979 -59.02641437128 2318.49585 -5.391000000000003 2.019000000000002 -0.7391817245483399 -0.21714144325256335 0.1314178 0.1264178 "" "" 8.46661225895906 "" 1.1093596855486918 ""
163.70216959435 -59.05900921205 0.0204 0.0169 15.9522 "" "" 5338810276449016064 2011.99158 0.4661 0.022 -4.779 2.278 0.024 0.021 0.991 6654.8 3.8305 15.033489 1.102743 15.497926 14.395183 "" "" 1932.34485 2129.21411 18262.11097 4.3827 8634.7 14.953 13838.0 10.307 "" "" 0.002767613268574433 0.0033645537 0.0038649335 0.0072294874 163.70216959435 -59.05900921205 2011.99158 -4.779 2.2779999999999982 -0.12718172454833976 0.04185855674743655 0.106417805 0.1034178 "" "" 1.276915930023727 "" 0.13551696372989483 ""
164.36804025114 -59.38424173321 0.0162 0.0175 12.4214 "" "" 5338744133904136192 2372.60254 0.391 0.02 -4.658 2.172 0.021 0.021 0.957 7942.8 3.9074 15.033762 0.865949 15.358698 14.492749 "" "" 2248.71753 2491.75757 18257.53443 4.4571 9816.1 14.462 12649.0 15.318 "" "" 0.002768039573475354 0.003216177 0.0040015634 0.0072177406 164.36804025114 -59.38424173321 2372.60254 -4.658 2.172 -0.006181724548340206 -0.06414144325256332 0.1034178 0.1034178 "" "" 0.7246857235026022 "" 0.07494540240205315 ""
163.63800820343 -59.2052641453 0.0168 0.0165 14.3501 "" "" 5338807527669751808 2654.75952 0.3418 0.0201 -6.973 2.338 0.021 0.02 0.937 9380.1 3.9427 15.035049 1.019391 15.41856 14.399169 "" "" 2550.27197 2789.91187 18235.88582 4.0853 9289.5 43.616 13788.0 61.162 "" "" 0.0027660353203488083 0.0058113695 0.0061220527 0.011933422 163.63800820343 -59.2052641453 2654.75952 -6.972999999999999 2.3380000000000005 -2.3211817245483397 0.1018585567474366 0.1034178 0.1024178 "" "" 29.23683912202956 "" 3.0235536275214927 ""
164.11197668827 -59.22689212142 0.0185 0.0182 0.2677 "" "" 5338763444124743936 2161.75903 0.4313 0.0222 -7.328 1.385 0.025 0.022 0.989 5805.4 3.0814 15.037777 1.751449 15.876855 14.125406 30.33 6.59 2051.91919 2271.25415 18190.13848 10.986 6090.8 18.997 17742.0 47.163 "" "" 0.002832274149384934 0.0043877764 0.0047553917 0.009143168 164.11197668827 -59.22689212142 2161.75903 -7.3279999999999985 1.385 -2.67618172454834 -0.8511414432525635 0.1074178 0.1044178 19.589999999999996 15.43 28.77562458669802 34.8109849092866 3.0831851329983 9.049585206106244
163.71072977042 -59.06532072469 0.0188 0.0166 15.5082 "" "" 5338810276449013888 2008.42102 0.4606 0.021 -6.741 2.281 0.023 0.021 0.965 8629.0 4.1995 15.043252 0.922944 15.414961 14.492017 "" "" 1930.61902 2102.37695 18098.6332 5.1122 9320.4 11.126 12658.0 11.36 "" "" 0.002772335189446165 0.0030764993 0.003902971 0.00697947 163.71072977042 -59.06532072469 2008.42102 -6.741 2.2809999999999997 -2.0891817245483395 0.04485855674743666 0.1054178 0.1034178 "" "" 19.89341800436357 "" 2.097102257745361 ""
164.67382521666 -59.2446110639 0.0203 0.0195 17.5394 "" "" 5338748768173601152 1958.84912 0.4773 0.0239 -5.898 -1.51 0.026 0.025 1.182 5537.7 3.8115 15.043879 1.037002 15.471642 14.434641 "" "" 1861.88232 2043.13147 18088.18416 4.1444 8846.3 12.706 13344.0 16.212 "" "" 0.0027665274113042506 0.0031963938 0.004002965 0.007199359 164.67382521666 -59.2446110639 1958.84912 -5.897999999999996 -1.5100000000000007 -1.2461817245483395 -3.7461414432525633 0.1084178 0.1074178 "" "" 36.65677474844743 "" 3.9412576873349727 ""
163.55284847097 -59.36920404757 0.0182 0.019 18.8877 "" "" 5338429707990016896 2333.43896 0.3996 0.0221 -2.851 4.482 0.024 0.022 0.974 6833.5 3.8007 15.045382 1.29206 15.609115 14.317055 "" "" 2230.69238 2447.66333 18063.18382 4.8387 7794.2 9.9345 14871.0 12.312 "" "" 0.002770627922425985 0.0031145103 0.0038848105 0.006999321 163.55284847097 -59.36920404757 2333.43896 -2.851000000000001 4.481999999999997 1.8008182754516602 2.2458585567474367 0.106417805 0.1044178 "" "" 31.839696966809008 "" 3.3496955048586576 ""
163.92336552961 -59.25813606373 0.0174 0.0174 5.8213 "" "" 5338760420467356032 2468.78052 0.3649 0.0205 -4.702 2.243 0.021 0.02 0.971 8602.4 3.6477 15.052448 0.782422 15.346531 14.564109 "" "" 2364.68213 2575.52051 17945.99026 4.8144 9926.7 17.205 11844.0 21.908 "" "" 0.0027706730076130707 0.0033654463 0.004279836 0.0076452824 163.92336552961 -59.25813606373 2468.78052 -4.702 2.2430000000000003 -0.0501817245483398 0.006858556747436406 0.1034178 0.1024178 "" "" 0.5926868234071639 "" 0.06128354996366422 ""
163.6743754054 -59.33891041653 0.0183 0.0189 14.7505 "" "" 5338430459561997440 2564.37598 0.3582 0.0225 -6.903 2.758 0.024 0.023 1.118 7467.9 3.8219 15.054566 0.864963 15.367881 14.502918 "" "" 2433.14014 2708.68286 17911.0128 5.1587 9733.4 12.786 12531.0 14.117 "" "" 0.002773008860589553 0.0031335645 0.0039723837 0.0071059484 163.6743754054 -59.33891041653 2564.37598 -6.903 2.758 -2.2511817245483394 0.5218585567474365 0.106417805 0.1054178 "" "" 28.089046307819146 "" 2.987748558329476 ""
164.26451788664 -59.5157138085 0.0176 0.0177 17.9867 "" "" 5338741453890112000 2057.65405 0.4562 0.0208 -5.487 2.567 0.024 0.022 0.978 4932.7 3.4118 15.05539 1.829442 15.952681 14.123239 -11.98 5.47 1974.07666 2131.66089 17897.43049 4.8305 5679.9 9.541 17777.0 12.173 "" "" 0.0027708593195744664 0.0033333616 0.0038518144 0.007185176 164.26451788664 -59.5157138085 2057.65405 -5.487 2.5669999999999975 -0.8351817245483399 0.3308585567474367 0.106417805 0.1044178 -22.72 14.309999 8.761659360851848 24.35087420926819 0.9300389047293057 13.355795188219329
163.84203651851 -59.1428184083 0.0186 0.0172 9.4999 "" "" 5338762104094676608 2128.88794 0.4364 0.0211 -9.188 3.939 0.023 0.021 1.002 5705.9 3.1321 15.055627 1.936011 16.020372 14.084361 59.37 6.29 2057.3501 2234.96533 17893.52933 6.7431 5336.6 9.2465 18425.0 21.922 "" "" 0.0027855335654140465 0.0033651143 0.0039940565 0.007359171 163.84203651851 -59.1428184083 2128.88794 -9.188 3.939 -4.5361817245483405 1.7028585567474366 0.1054178 0.1034178 48.629999999999995 15.13 48.89330655017465 68.95964272971077 5.142247448612022 11.275333389442116
164.06093217882 -59.39549485733 0.017 0.0162 10.1686 "" "" 5338754716750685056 2687.46191 0.3385 0.0201 -5.163 1.126 0.023 0.019 1.008 6284.3 3.1561 15.056437 2.047587 16.09704 14.049453 -0.24 3.08 2545.9502 2849.81934 17880.17661 5.0527 4972.8 10.865 19027.0 13.382 "" "" 0.002772350012945043 0.003662298 0.0038557537 0.0075180517 164.06093217882 -59.39549485733 2687.46191 -5.163 1.1260000000000006 -0.5111817245483401 -1.1101414432525636 0.1054178 0.1014178 -10.98 11.92 15.568808279459128 19.051199207466052 1.590024583583554 6.991794805986934
163.72501588512 -59.1014218027 0.0621 0.0568 13.8743 "" "" 5338809383096034816 2590.31567 0.4336 0.0697 -6.941 3.295 0.08 0.07 3.635 "" "" 15.05674 0.871256 15.360704 14.489449 "" "" 2071.21265 3275.51953 17875.20217 13.826 9797.9 12.01 12688.0 12.122 "" "" 0.002880457270647311 0.0030913188 0.0039191484 0.0070104674 163.72501588512 -59.1014218027 2590.31567 -6.941 3.295 -2.2891817245483397 1.0588585567474365 0.1624178 0.15241781 "" "" 30.96791561118631 "" 4.976560763475243 ""
164.50630345255 -58.98382859779 0.0183 0.0181 19.1759 "" "" 5338779387037339648 2292.70557 0.4026 0.0217 -8.207 -0.982 0.024 0.023 0.986 5119.9 3.4082 15.057535 1.771696 15.915155 14.143459 -11.62 8.07 2178.91895 2396.61719 17862.10686 4.7375 5879.7 9.791 17449.0 13.116 "" "" 0.0027703273612160084 0.0033247373 0.0038664949 0.0071912324 164.50630345255 -58.98382859779 2292.70557 -8.206999999999997 -0.9820000000000013 -3.5551817245483406 -3.2181414432525637 0.106417805 0.1054178 -22.36 16.91 52.11352265528125 56.70792575595154 5.522397509984001 8.379304389707324
164.28736585585 -58.96038476281 0.0187 0.0175 16.9956 "" "" 5338790485233886720 1833.54297 0.5162 0.0215 -6.172 1.37 0.025 0.022 0.963 6543.1 3.908 15.060062 1.382814 15.675007 14.292192 "" "" 1765.77759 1902.44666 17820.57983 4.5602 7335.2 12.872 15215.0 15.401 "" "" 0.0027692925970169858 0.0033786288 0.0039359303 0.007314559 164.28736585585 -58.96038476281 1833.54297 -6.171999999999996 1.3699999999999988 -1.5201817245483396 -0.8661414432525634 0.1074178 0.1044178 "" "" 15.205894957954564 "" 1.622322856422113 ""
164.35166380634 -59.01263980017 0.0231 0.0197 14.9844 "" "" 5338789626250486144 2487.85889 0.3766 0.0259 -6.735 2.296 0.028 0.025 1.205 6881.8 3.8394 15.068397 1.118109 15.535078 14.416969 "" "" 2330.54346 2669.37427 17684.30915 5.2549 8344.2 13.377 13563.0 12.371 "" "" 0.002774144472831371 0.0032885752 0.0039069746 0.00719555 164.35166380634 -59.01263980017 2487.85889 -6.735000000000001 2.2959999999999994 -2.08318172454834 0.05985855674743634 0.1104178 0.1074178 "" "" 24.575958042190617 "" 2.713563176858988 ""
164.24544458792 -59.33595102671 0.0172 0.0187 7.8354 "" "" 5338756228579346048 2184.87695 0.4242 0.0213 -4.858 1.485 0.022 0.023 0.98 4989.2 3.4524 15.079766 1.68164 15.875195 14.193555 18.95 6.62 2070.62256 2320.68335 17500.09423 3.9989 6100.1 12.277 16662.0 16.73 "" "" 0.0027664674868438134 0.003543994 0.0039334707 0.0074774646 164.24544458792 -59.33595102671 2184.87695 -4.8580000000000005 1.485000000000001 -0.2061817245483395 -0.7511414432525634 0.1044178 0.1054178 8.209999999999999 15.46 8.066795452872793 11.509877882866054 0.8498211366868219 11.043696189808376
163.92356333789 -59.18790986477 0.0199 0.0174 6.0082 "" "" 5338761760497266560 2185.45923 0.4221 0.0225 -7.793 0.16 0.025 0.021 0.898 5543.0 3.5444 15.081485 1.625076 15.845325 14.220248 -14.32 6.34 2099.37427 2281.04688 17472.41578 5.4106 6270.3 9.9001 16258.0 12.16 "" "" 0.002775757512600489 0.0032747092 0.0038656404 0.0071403496 163.92356333789 -59.18790986477 2185.45923 -7.792999999999998 0.15999999999999842 -3.14118172454834 -2.0761414432525633 0.1074178 0.1034178 -25.060000000000002 15.18 39.004896643520794 46.36146635053447 4.143007046610423 8.91497272087332
164.05709093345 -59.28230807737 0.0216 0.021 3.5864 "" "" 5338757190651993088 2441.74561 0.3786 0.0259 -4.504 2.274 0.028 0.025 1.286 7198.5 3.7563 15.089175 1.155151 15.570594 14.415442 "" "" 2297.82178 2617.41235 17349.08865 4.8713 8075.7 11.503 13583.0 10.336 "" "" 0.0027721337686758643 0.0031901048 0.003868633 0.007058738 164.05709093345 -59.28230807737 2441.74561 -4.503999999999997 2.2739999999999982 0.1478182754516606 0.037858556747436545 0.1104178 0.1074178 "" "" 1.7660500590484947 "" 0.19468138398139814 ""
164.1008087829 -59.28491867499 0.0555 0.0572 3.4517 "" "" 5338757018853322624 2184.33667 0.4622 0.0647 -4.822 2.04 0.075 0.071 4.225 10363.8 4.2048 15.090657 1.043511 15.405508 14.361997 "" "" 1913.70374 2546.04517 17325.41616 12.325 9401.9 38.011 14268.0 51.557 "" "" 0.002861529434378763 0.0052012517 0.0054475516 0.010648804 164.1008087829 -59.28491867499 2184.33667 -4.822000000000001 2.04 -0.1701817245483399 -0.19614144325256344 0.1574178 0.1534178 "" "" 2.688654991732994 "" 0.4171404889181873 ""
164.08785281005 -59.12057863007 0.0194 0.0187 6.4271 "" "" 5338767361135079552 2478.42163 0.3696 0.0228 -8.772 2.613 0.024 0.023 1.087 8649.7 3.6011 15.093988 1.048118 15.526204 14.478086 "" "" 2331.60254 2626.92505 17272.34874 4.2519 8412.7 12.982 12821.0 11.616 "" "" 0.002768252977546541 0.0032545612 0.0039053012 0.0071598627 164.08785281005 -59.12057863007 2478.42163 -8.771999999999993 2.6129999999999987 -4.12018172454834 0.3768585567474365 0.106417805 0.1054178 "" "" 48.60478497598449 "" 5.1720131461622465 ""
163.85828462582 -58.93723920223 0.0191 0.018 18.978 "" "" 5338817865608644864 2370.81104 0.385 0.0224 -4.83 1.436 0.023 0.022 1.035 7981.6 4.0874 15.100043 0.958166 15.482377 14.524211 "" "" 2263.9104 2502.56299 17176.28981 4.7556 8759.2 10.906 12288.0 14.788 "" "" 0.0027716699759603686 0.0031004066 0.003998876 0.007099283 163.85828462582 -58.93723920223 2370.81104 -4.83 1.436 -0.17818172454833991 -0.8001414432525635 0.1054178 0.1044178 "" "" 9.211956080572072 "" 0.9623294177954561 ""
163.88763837238 -59.30297725799 0.0182 0.018 8.0186 "" "" 5338758771199839232 1965.07764 0.4811 0.0208 -8.302 1.931 0.023 0.022 0.92 "" "" 15.101903 1.772296 15.948528 14.176232 "" "" 1890.63062 2044.37964 17146.89317 5.2069 5701.7 10.777 16930.0 15.768 "" "" 0.0027749758697275867 0.0034636017 0.0039123246 0.0073759262 163.88763837238 -59.30297725799 1965.07764 -8.302000000000008 1.9310000000000014 -3.6501817245483394 -0.3051414432525634 0.1054178 0.1044178 "" "" 34.11809395609118 "" 3.596418845982975 ""
