Clusters/Trumpler_17/Trumpler_17_stars_in_region.tsv
# %ECSV 1.0
# ---
# datatype:
# - name: RA_ICRS_1
#   unit: deg
#   datatype: float64
#   format: '{:15.11f}'
#   description: Right ascension (ICRS) at Ep=2016.0 (ra)
#   meta: !!omap
#   - {ucd: POS_EQ_RA_MAIN}
#   - {width: 15}
#   - {precision: '11'}
# - name: DE_ICRS_1
#   unit: deg
#   datatype: float64
#   format: '{:15.11f}'
#   description: Declination (ICRS) at Ep=2016.0 (dec)
#   meta: !!omap
#   - {ucd: POS_EQ_DEC_MAIN}
#   - {width: 15}
#   - {precision: '11'}
# - name: e_RA_ICRS
#   unit: mas
#   datatype: float64
#   format: '{:7.4f}'
#   description: Standard error of right ascension (ra_error)
#   meta: !!omap
#   - {ucd: ERROR}
#   - {width: 7}
#   - {precision: '4'}
# - name: e_DE_ICRS
#   unit: mas
#   datatype: float64
#   format: '{:7.4f}'
#   description: Standard error of declination (dec_error)
#   meta: !!omap
#   - {ucd: ERROR}
#   - {width: 7}
#   - {precision: '4'}
# - name: _r_1
#   unit: ''
#   datatype: float64
#   format: '{:7.4f}'
#   description: Distance from center (164.10331413000-59.22740395000)[ICRS], at Epoch=J2016.0
#   meta: !!omap
#   - {ucd: POS_ANG_DIST_GENERAL}
#   - {width: 7}
#   - {precision: '4'}
# - name: HIP
#   datatype: int32
#   description: '? HIP cross-id number, van Leeuwen, Cat. I/311 (hip_original_ext_source_id)'
#   meta: !!omap
#   - {ucd: ID_NUMBER}
#   - {width: 6}
#   - values: {'null': -2147483648}
# - name: TYC2
#   datatype: string
#   description: Tycho-2 cross-id name, Hog et al., Cat. I/259 (tyc2_original_ext_source_id)
#   meta: !!omap
#   - {ucd: ID_CROSSID}
#   - {_votable_string_dtype: char}
# - name: Source
#   datatype: int64
#   description: Source identifier, identical to the Gaia-EDR3 source_id (id)
#   meta: !!omap
#   - {ucd: ID_MAIN}
#   - {width: 19}
# - name: rgeo
#   unit: pc
#   datatype: float64
#   format: '{:15.8f}'
#   description: '? Median of the geometric distance posterior (r_med_geo)'
#   meta: !!omap
#   - {ucd: PHYS_DISTANCE_TRUE}
#   - {width: 15}
#   - {precision: '8'}
#   - values: {'null': .nan}
# - name: Plx
#   unit: mas
#   datatype: float64
#   format: '{:9.4f}'
#   description: '? Parallax (parallax)'
#   meta: !!omap
#   - {ucd: POS_PARLX_TRIG}
#   - {width: 9}
#   - {precision: '4'}
#   - values: {'null': .nan}
# - name: e_Plx
#   unit: mas
#   datatype: float32
#   format: '{:7.4f}'
#   description: '? Standard error of parallax (parallax_error)'
#   meta: !!omap
#   - {ucd: ERROR}
#   - {width: 7}
#   - {precision: '4'}
#   - values: {'null': .nan}
# - name: pmRA
#   unit: mas / yr
#   datatype: float64
#   format: '{:9.3f}'
#   description: '? Proper motion in right ascension direction, pmRA*cosDE (pmra)'
#   meta: !!omap
#   - {ucd: POS_EQ_PMRA}
#   - {width: 9}
#   - {precision: '3'}
#   - values: {'null': .nan}
# - name: pmDE
#   unit: mas / yr
#   datatype: float64
#   format: '{:9.3f}'
#   description: '? Proper motion in declination direction (pmdec)'
#   meta: !!omap
#   - {ucd: POS_EQ_PMDEC}
#   - {width: 9}
#   - {precision: '3'}
#   - values: {'null': .nan}
# - name: e_pmRA
#   unit: mas / yr
#   datatype: float32
#   format: '{:6.3f}'
#   description: '? Standard error of proper motion in right ascension direction (pmra_error)'
#   meta: !!omap
#   - {ucd: ERROR}
#   - {width: 6}
#   - {precision: '3'}
#   - values: {'null': .nan}
# - name: e_pmDE
[...]
#         value: !astropy.table.SerializedColumn {name: SkyCoord.dec}
#       distance: !astropy.table.SerializedColumn
#         __class__: astropy.coordinates.distances.Distance
#         unit: !astropy.units.Unit {unit: pc}
#         value: !astropy.table.SerializedColumn {name: SkyCoord.distance}
#       frame: icrs
#       obstime: !astropy.time.Time {format: jyear_str, in_subfmt: '*', jd1: 367701545.0, jd2: 0.0, out_subfmt: '*', precision: 3, scale: tt}
#       pm_dec: !astropy.table.SerializedColumn
#         __class__: astropy.units.quantity.Quantity
#         unit: !astropy.units.Unit {unit: mas / yr}
#         value: !astropy.table.SerializedColumn {name: SkyCoord.pm_dec}
#       pm_ra_cosdec: !astropy.table.SerializedColumn
#         __class__: astropy.units.quantity.Quantity
#         unit: !astropy.units.Unit {unit: mas / yr}
#         value: !astropy.table.SerializedColumn {name: SkyCoord.pm_ra_cosdec}
#       ra: !astropy.table.SerializedColumn
#         __class__: astropy.coordinates.angles.Longitude
#         unit: *id001
#         value: !astropy.table.SerializedColumn {name: SkyCoord.ra}
#         wrap_angle: !astropy.coordinates.Angle
#           unit: *id001
#           value: 360.0
#       representation_type: spherical
# schema: astropy-2.0
RA_ICRS_1 DE_ICRS_1 e_RA_ICRS e_DE_ICRS _r_1 HIP TYC2 Source rgeo Plx e_Plx pmRA pmDE e_pmRA e_pmDE RUWE Teff logg Gmag BP-RP BPmag RPmag RV e_RV b_rgeo B_rgeo FG e_FG FBP e_FBP FRP e_FRP RAVE5 RAVE6 e_Gmag e_BPmag e_RPmag e_BP-RP SkyCoord.ra SkyCoord.dec SkyCoord.distance SkyCoord.pm_ra_cosdec SkyCoord.pm_dec rmRA rmDE e_rmRA e_rmDE rRV e_rRV v_pec v_pec3d e_vpec e_vpec3d
[from data line 835]
164.18637398508 -59.52996161001 0.0277 0.0288 18.3301 "" "" 5338366279908179456 1815.74927 0.5101 0.0319 -6.433 4.71 0.036 0.036 1.153 8566.7 4.3507 15.800128 1.584539 16.517975 14.933436 "" "" 1709.76892 1945.78906 9013.54198 4.1418 3374.6 9.5682 8429.1 26.923 "" "" 0.00280012422852146 0.0041547455 0.005129333 0.009284079 164.18637398508 -59.52996161001 1815.74927 -6.433 4.71 -1.7811817245483397 2.4738585567474365 0.1184178 0.1184178 "" "" 26.236293417345102 "" 3.1068441328049468 ""
164.43598571187 -59.29091824134 0.0237 0.0239 10.8913 "" "" 5338750009465863424 2114.77148 0.433 0.0286 -8.562 3.757 0.03 0.029 0.97 7115.4 4.0779 15.800924 1.477798 16.462967 14.985169 "" "" 1994.81921 2218.14185 9006.93172 2.9654 3550.0 10.988 8036.9 16.102 "" "" 0.0027784112312531388 0.0043679015 0.0043606856 0.008728587 164.43598571187 -59.29091824134 2114.77148 -8.562 3.7570000000000006 -3.9101817245483392 1.5208585567474366 0.1124178 0.1114178 "" "" 42.0561348108935 "" 4.722353341245708 ""
164.69324117396 -59.32801382478 0.0247 0.0235 19.0637 "" "" 5338747363766131968 2029.49402 0.4544 0.029 -9.556 2.972 0.031 0.029 1.074 6368.7 4.1571 15.803408 0.989425 16.176115 15.18669 "" "" 1922.5332 2160.78296 8986.35675 3.4827 4623.5 15.34 6675.5 14.962 "" "" 0.0027872650650125844 0.0045564845 0.0044950657 0.00905155 164.69324117396 -59.32801382478 2029.49402 -9.556000000000001 2.9720000000000004 -4.904181724548339 0.7358585567474365 0.113417804 0.1114178 "" "" 47.70537739315626 "" 5.408556477470538 ""
163.70217753044 -59.42028127172 0.0291 0.0299 16.8732 "" "" 5338381776151381120 2308.71094 0.407 0.0348 -7.85 2.697 0.04 0.036 1.189 7478.5 4.0314 15.804083 1.386438 16.415264 15.028826 "" "" 2145.31958 2484.48145 8980.76963 3.6287 3709.5 10.556 7720.2 9.9048 "" "" 0.002790025434998585 0.004163045 0.004027914 0.008190959 163.70217753044 -59.42028127172 2308.71094 -7.850000000000005 2.697 -3.1981817245483395 0.4608585567474366 0.1224178 0.1184178 "" "" 35.36013346693798 "" 4.325878584536182 ""
163.66863041361 -59.27044498075 0.0242 0.0243 13.5832 "" "" 5338806531237265024 2341.65576 0.3959 0.0295 -5.335 0.119 0.03 0.029 0.983 7138.9 4.266 15.807749 1.161225 16.30042 15.139195 "" "" 2160.396 2592.99463 8950.49967 2.9699 4123.3 9.7652 6974.0 9.6961 "" "" 0.0027787728099545176 0.0037943206 0.004069691 0.007864011 163.66863041361 -59.27044498075 2341.65576 -5.334999999999999 0.119 -0.6831817245483398 -2.1171414432525637 0.1124178 0.1114178 "" "" 24.692281735350367 "" 2.753497876749028 ""
163.64996560807 -59.29088775813 0.024 0.0239 14.4162 "" "" 5338431185458974336 2088.48169 0.4505 0.0284 -6.642 1.149 0.031 0.03 0.942 7102.4 4.3587 15.809299 1.05589 16.24989 15.193999 "" "" 1960.77698 2211.47974 8937.73589 2.9751 4319.8 10.506 6630.7 8.4017 "" "" 0.002778921642939139 0.0038415713 0.0040219836 0.007863555 163.64996560807 -59.29088775813 2088.48169 -6.642 1.149 -1.9901817245483402 -1.0871414432525635 0.113417804 0.1124178 "" "" 22.44939291572026 "" 2.5410191559137334 ""
164.60476966055 -59.10519398885 0.028 0.0275 17.0757 "" "" 5338776260300983808 1997.37 0.4671 0.0343 -7.076 2.126 0.034 0.034 1.025 6409.8 4.3503 15.810264 0.888207 16.17188 15.283673 "" "" 1865.3811 2128.79907 8929.78836 3.4646 4641.6 9.0431 6105.0 8.9484 "" "" 0.0027873352799089248 0.0035013687 0.0041007726 0.0076021412 164.60476966055 -59.10519398885 1997.37 -7.075999999999996 2.1259999999999994 -2.4241817245483395 -0.11014144325256359 0.1164178 0.1164178 "" "" 22.97469901070441 "" 2.6746639804320553 ""
164.47065101757 -59.11282320053 0.0266 0.0282 13.223 "" "" 5338776702646702208 2676.93359 0.3386 0.0307 -9.818 0.414 0.032 0.036 0.989 6014.9 3.9353 15.810959 1.370598 16.408789 15.038191 "" "" 2491.83398 2894.95361 8924.07254 3.1401 3731.7 16.967 7653.9 14.327 "" "" 0.0027816795607322987 0.005670491 0.0042911703 0.009961661 164.47065101757 -59.11282320053 2676.93359 -9.817999999999998 0.41399999999999837 -5.1661817245483395 -1.8221414432525636 0.114417806 0.1184178 "" "" 69.5098388136268 "" 7.984401236658411 ""
163.51076454703 -59.26365019473 0.0239 0.0246 18.3099 "" "" 5338431838293960576 1831.58911 0.5144 0.0301 -7.917 3.191 0.031 0.03 0.899 5430.3 4.3016 15.815281 0.991475 16.218082 15.226607 "" "" 1742.86841 1970.97107 8888.62302 2.9934 4448.2 8.8617 6434.5 10.457 "" "" 0.0027794752298755 0.0035303864 0.004170985 0.0077013713 163.51076454703 -59.26365019473 1831.58911 -7.916999999999993 3.191 -3.2651817245483397 0.9548585567474364 0.113417804 0.1124178 "" "" 29.534695390930718 "" 3.347442955178019 ""
163.90195335771 -59.33488102361 0.0236 0.0231 8.926 "" "" 5338758290163475200 1825.31421 0.512 0.028 -10.795 4.178 0.031 0.029 1.003 6876.1 4.1325 15.816549 1.499987 16.50535 15.005363 "" "" 1746.17419 1929.39758 8878.24192 3.0161 3414.1 6.871 7888.8 12.464 "" "" 0.0027798984702853474 0.0035439578 0.0041504693 0.007694427 163.90195335771 -59.33488102361 1825.31421 -10.795000000000005 4.178000000000001 -6.14318172454834 1.9418585567474365 0.113417804 0.1114178 "" "" 55.74291919023999 "" 6.312193168489164 ""
164.27951515451 -59.20146492969 0.0252 0.0247 5.6304 "" "" 5338763031812681984 2256.85034 0.405 0.0295 -4.721 2.2 0.033 0.032 0.919 9060.5 3.9188 15.818499 1.335732 16.40474 15.069008 "" "" 2101.61035 2423.66504 8862.31721 3.1892 3745.6 8.4501 7439.7 12.066 "" "" 0.0027828845953839663 0.0037127817 0.0041694674 0.007882249 164.27951515451 -59.20146492969 2256.85034 -4.721 2.2 -0.06918172454833993 -0.0361414432525633 0.1154178 0.114417806 "" "" 0.8349726972475268 "" 0.09619230409541045 ""
163.82262260814 -58.99916196403 0.0272 0.0234 16.1951 "" "" 5338815838383819136 2293.90381 0.4038 0.0298 -13.08 5.336 0.033 0.029 1.004 5517.4 4.2042 15.819648 1.164891 16.227057 15.062165 "" "" 2168.57739 2426.42407 8852.94373 4.36 4411.6 27.409 7486.7 36.348 "" "" 0.0028067259430210687 0.007299886 0.0064861313 0.013786018 163.82262260814 -58.99916196403 2293.90381 -13.08 5.335999999999999 -8.42818172454834 3.099858556747437 0.1154178 0.1114178 "" "" 97.64227264839074 "" 11.223831077204695 ""
163.74481587704 -59.3320432596 0.0235 0.0244 12.6554 "" "" 5338383975174763648 1872.02063 0.4999 0.0288 -7.339 4.286 0.031 0.029 1.009 6549.3 4.2404 15.820895 1.345934 16.414553 15.068619 "" "" 1777.1449 1969.1416 8842.7774 3.0033 3711.9 12.628 7442.4 12.337 "" "" 0.00277988622000156 0.004629096 0.004186043 0.0088151395 163.74481587704 -59.3320432596 1872.02063 -7.338999999999999 4.286 -2.6871817245483403 2.049858556747436 0.113417804 0.1114178 "" "" 29.990002912493726 "" 3.37946026636837 ""
164.64330137649 -59.17632912731 0.0327 0.0321 16.8695 "" "" 5338772613832237184 2451.1123 0.3811 0.038 -6.997 2.212 0.04 0.041 1.292 "" "" 15.821679 0.918199 15.979184 15.060986 "" "" 2225.13672 2717.948 8836.39682 4.8959 5543.0 25.381 7494.9 35.211 "" "" 0.002820224857024371 0.0057009594 0.0063483627 0.012049322 164.64330137649 -59.17632912731 2451.1123 -6.997000000000002 2.2120000000000015 -2.3451817245483397 -0.02414144325256329 0.1224178 0.1234178 "" "" 27.248403483900788 "" 3.3356925104529793 ""
164.32866584079 -59.13440090881 0.0262 0.0241 8.8952 "" "" 5338765024672990592 2426.14722 0.3865 0.0295 -7.685 1.396 0.031 0.03 0.99 5426.6 3.7076 15.822911 1.50253 16.503677 15.001147 "" "" 2273.99805 2615.88745 8826.37492 3.2027 3419.4 10.494 7919.5 9.4079 "" "" 0.002783342991068034 0.0043460107 0.0039934055 0.008339416 164.32866584079 -59.13440090881 2426.14722 -7.684999999999995 1.395999999999999 -3.0331817245483395 -0.8401414432525636 0.113417804 0.1124178 "" "" 36.19472574015176 "" 4.102557884268614 ""
164.35527173201 -59.47604453663 0.0254 0.0263 16.7913 "" "" 5338741213372025728 2203.7998 0.4273 0.0302 -5.215 0.555 0.034 0.032 0.979 6690.2 4.2513 15.825127 1.239438 16.364542 15.125104 "" "" 2078.43286 2357.16699 8808.38234 3.0772 3886.9 9.5913 7065.1 8.7604 "" "" 0.0027813051917364015 0.0038681957 0.0040120007 0.007880196 164.35527173201 -59.47604453663 2203.7998 -5.214999999999999 0.555 -0.5631817245483397 -1.6811414432525633 0.1164178 0.114417806 "" "" 18.520427644882858 "" 2.1228334773328696 ""
163.72483250809 -59.37565622415 0.0256 0.024 14.6126 "" "" 5338383425418884736 1921.68262 0.4932 0.0295 -7.317 3.43 0.034 0.029 1.013 6892.4 4.0929 15.82536 1.262258 16.37115 15.108892 "" "" 1827.20679 2046.64954 8806.48197 2.9715 3863.3 10.115 7171.4 11.276 "" "" 0.00277956877638439 0.003983217 0.0041470635 0.00813028 163.72483250809 -59.37565622415 1921.68262 -7.317 3.4299999999999997 -2.66518172454834 1.1938585567474367 0.1164178 0.1114178 "" "" 26.600887355229546 "" 3.07498929420788 ""
163.65060303605 -59.2985984617 0.027 0.0272 14.5251 "" "" 5338431082379747968 2405.14233 0.3783 0.0313 -6.685 2.793 0.036 0.033 1.06 9510.4 4.3086 15.832253 1.039003 16.261942 15.222939 "" "" 2245.16943 2601.34766 8750.75084 3.0198 4272.1 7.9163 6456.3 11.04 "" "" 0.002780678396470899 0.0034398788 0.0042107664 0.0076506454 163.65060303605 -59.2985984617 2405.14233 -6.684999999999999 2.793000000000001 -2.0331817245483395 0.5568585567474367 0.1184178 0.1154178 "" "" 24.03268029898062 "" 2.8409255867097305 ""
163.96937510609 -59.01535138249 0.0263 0.0235 13.375 "" "" 5338770178633715456 2482.46875 0.3748 0.0298 -7.096 2.028 0.032 0.028 0.964 7620.9 4.1004 15.832577 1.201467 16.34413 15.142663 "" "" 2297.5061 2689.62231 8748.14719 6.7133 3960.6 10.445 6951.7 16.772 "" "" 0.002878540556470231 0.003997965 0.0045984234 0.008596389 163.96937510609 -59.01535138249 2482.46875 -7.095999999999997 2.0279999999999996 -2.44418172454834 -0.20814144325256345 0.114417806 0.1104178 "" "" 28.864541677547084 "" 3.301800705606546 ""
164.35373642156 -59.35879325107 0.0224 0.0251 11.0007 "" "" 5338744271388898560 2438.85229 0.3786 0.0278 -8.129 1.112 0.03 0.03 0.969 5125.8 3.6261 15.834556 1.640449 16.61316 14.97271 "" "" 2259.1272 2616.18286 8732.2176 2.8304 3091.4 7.2809 8129.7 8.7797 "" "" 0.0027777039363794734 0.0037847066 0.003957093 0.0077417996 164.35373642156 -59.35879325107 2438.85229 -8.129 1.112 -3.4771817245483394 -1.1241414432525634 0.1124178 0.1124178 "" "" 42.24520676057491 "" 4.749113298126143 ""
164.4505766339 -59.16602021667 0.0261 0.0262 11.2876 "" "" 5338753067482863360 1959.95764 0.4804 0.0313 -1.273 2.258 0.032 0.032 1.043 5547.0 3.5796 15.835403 1.744574 16.66846 14.923886 "" "" 1835.21399 2080.51489 8725.40934 3.2548 2937.9 9.8346 8503.6 10.101 "" "" 0.0027849273412495572 0.004581986 0.0039933734 0.008575359 164.4505766339 -59.16602021667 1959.95764 -1.272999999999999 2.258 3.3788182754516605 0.02185855674743653 0.114417806 0.114417806 "" "" 31.390551739151462 "" 3.59163806752765 ""
164.65628483794 -59.26756583974 0.0563 0.0333 17.1353 "" "" 5338748635080740352 2060.85376 0.4685 0.0444 -7.06 1.883 0.083 0.051 0.963 "" "" 15.837908 "" "" "" "" "" 1884.07349 2304.89697 8705.29878 5.8993 "" "" "" "" "" "" 0.0028518668351976005 "" "" "" 164.65628483794 -59.26756583974 2060.85376 -7.059999999999996 1.8829999999999987 -2.4081817245483395 -0.35314144325256347 0.16541779 0.1334178 "" "" 23.77578170020352 "" 3.9184433982137667 ""
164.51972334739 -59.13461225474 0.0279 0.0272 13.9586 "" "" 5338775951063198848 1956.93359 0.4823 0.0324 -13.44 6.149 0.034 0.033 1.094 5989.7 4.1464 15.8397 1.200898 16.295408 15.09451 "" "" 1817.9165 2175.63623 8690.93954 3.9513 4142.4 26.125 7267.0 55.374 "" "" 0.0027991883659027332 0.0073940894 0.009095605 0.016489696 164.51972334739 -59.13461225474 1956.93359 -13.440000000000007 6.1490000000000045 -8.78818172454834 3.9128585567474365 0.1164178 0.1154178 "" "" 89.23295562748714 "" 10.373594691407579 ""
163.97365640311 -59.00938201968 0.0268 0.024 13.6771 "" "" 5338770212993465088 2526.93359 0.3673 0.0304 -6.469 3.627 0.032 0.028 1.001 6086.5 4.0397 15.839789 1.251992 16.381193 15.129201 "" "" 2321.39185 2701.68799 8690.22148 3.134 3827.7 10.235 7038.5 12.385 "" "" 0.0027830027828919875 0.0040266006 0.004234811 0.008261411 163.97365640311 -59.00938201968 2526.93359 -6.4689999999999985 3.6270000000000007 -1.8171817245483401 1.3908585567474363 0.114417806 0.1104178 "" "" 27.409328935210258 "" 3.096065874402975 ""
164.32134984105 -58.97702290027 0.0259 0.0235 16.4564 "" "" 5338789724982715008 1866.42102 0.4959 0.0295 -6.361 3.067 0.033 0.03 0.927 6074.0 4.1622 15.839981 1.169026 16.335342 15.166316 "" "" 1783.85693 1962.50256 8688.68827 2.9538 3992.8 8.3659 6801.9 8.3275 "" "" 0.002779933215993715 0.0036000207 0.004006326 0.007606347 164.32134984105 -58.97702290027 1866.42102 -6.361000000000001 3.067 -1.7091817245483396 0.8308585567474367 0.1154178 0.1124178 "" "" 16.812777702897826 "" 1.9309549076974055 ""
164.54293509081 -59.33257002067 0.0229 0.0228 14.8789 "" "" 5338746710930976768 2343.39331 0.3932 0.0274 -9.962 4.717 0.029 0.028 1.017 4938.9 3.5737 15.843364 1.527394 16.541027 15.013633 "" "" 2216.37939 2477.38892 8661.66013 2.6131 3303.7 13.815 7829.0 13.948 "" "" 0.0027747214629826444 0.0053290175 0.0042456267 0.009574644 164.54293509081 -59.33257002067 2343.39331 -9.962 4.716999999999999 -5.31018172454834 2.480858556747436 0.1114178 0.1104178 "" "" 65.10343403408373 "" 7.242060425210581 ""
164.56667598454 -59.40422315136 0.0482 0.0471 17.7153 "" "" 5338745886297146240 1988.41199 0.4857 0.058 -8.319 2.531 0.065 0.059 1.897 "" "" 15.845122 1.061807 16.022375 14.960568 "" "" 1791.46826 2284.92773 8647.64723 8.67 5326.8 71.031 8221.1 85.814 "" "" 0.0029625520303227923 0.014744318 0.011946764 0.026691083 164.56667598454 -59.40422315136 1988.41199 -8.318999999999994 2.530999999999999 -3.6671817245483407 0.29485855674743666 0.1474178 0.1414178 "" "" 34.674999697182635 "" 5.110402766623195 ""
164.67130598675 -59.28042817095 0.0242 0.0238 17.7107 "" "" 5338748531997486080 2646.06787 0.343 0.0287 -12.737 4.307 0.031 0.031 1.019 5528.0 4.2158 15.847796 1.016358 16.250196 15.233838 "" "" 2504.25049 2843.46973 8626.38207 3.1276 4318.6 18.525 6391.8 17.994 "" "" 0.002783297912492569 0.005429182 0.00486067 0.010289852 164.67130598675 -59.28042817095 2646.06787 -12.737 4.3069999999999995 -8.08518172454834 2.070858556747437 0.113417804 0.113417804 "" "" 104.68073183048078 "" 11.872658750572972 ""
163.71332702952 -59.21786208823 0.0236 0.0233 11.9871 "" "" 5338806874834742400 2342.83691 0.3977 0.0282 -8.246 4.088 0.029 0.028 0.978 7095.0 4.2428 15.848221 1.209187 16.368202 15.159016 "" "" 2204.58496 2474.24634 8623.003 2.6971 3873.8 7.2079 6847.8 8.7611 "" "" 0.0027761691194685164 0.0034447473 0.0040265755 0.007471323 163.71332702952 -59.21786208823 2342.83691 -8.246000000000002 4.088 -3.5941817245483403 1.8518585567474366 0.1114178 0.1104178 "" "" 44.90000294343877 "" 4.993273888409599 ""
163.8533363115 -59.35068304128 0.0333 0.0325 10.6483 "" "" 5338382910022894720 2432.42505 0.3922 0.0387 -6.778 2.967 0.046 0.04 1.327 8112.1 3.552 15.848484 1.46116 16.496187 15.035027 "" "" 2231.33765 2621.24707 8620.91019 3.9376 3443.0 10.067 7676.2 8.0946 "" "" 0.0027995921177794733 0.004226471 0.0039489944 0.008175465 163.8533363115 -59.35068304128 2432.42505 -6.7780000000000005 2.967 -2.1261817245483394 0.7308585567474366 0.1284178 0.1224178 "" "" 25.922084640947244 "" 3.3127667344601868 ""
164.30987147957 -58.93775477068 0.0261 0.0239 18.5088 "" "" 5338792100141635712 1859.02893 0.5006 0.0312 -16.831 2.451 0.034 0.029 1.034 5279.8 4.1563 15.848841 1.544247 16.565958 15.021711 "" "" 1771.53528 1960.56311 8618.08115 2.9105 3228.7 6.7174 7770.9 8.3139 "" "" 0.002779611479960427 0.0035899437 0.0039538653 0.007543809 164.30987147957 -58.93775477068 1859.02893 -16.831000000000003 2.4509999999999974 -12.17918172454834 0.2148585567474366 0.1164178 0.1114178 "" "" 107.33717744579847 "" 12.495794973062665 ""
