Clusters/NGC_654/NGC_654_stars_in_region.tsv
# %ECSV 1.0
# ---
# datatype:
# - name: RA_ICRS_1
#   unit: deg
#   datatype: float64
#   format: '{:15.11f}'
#   description: Right ascension (ICRS) at Ep=2016.0 (ra)
#   meta: !!omap
#   - {ucd: POS_EQ_RA_MAIN}
#   - {width: 15}
#   - {precision: '11'}
# - name: DE_ICRS_1
#   unit: deg
#   datatype: float64
#   format: '{:15.11f}'
#   description: Declination (ICRS) at Ep=2016.0 (dec)
#   meta: !!omap
#   - {ucd: POS_EQ_DEC_MAIN}
#   - {width: 15}
#   - {precision: '11'}
# - name: e_RA_ICRS
#   unit: mas
#   datatype: float64
#   format: '{:7.4f}'
#   description: Standard error of right ascension (ra_error)
#   meta: !!omap
#   - {ucd: ERROR}
#   - {width: 7}
#   - {precision: '4'}
# - name: e_DE_ICRS
#   unit: mas
#   datatype: float64
#   format: '{:7.4f}'
#   description: Standard error of declination (dec_error)
#   meta: !!omap
#   - {ucd: ERROR}
#   - {width: 7}
#   - {precision: '4'}
# - name: _r_1
#   unit: ''
#   datatype: float64
#   format: '{:7.4f}'
#   description: Distance from center (026.00661773000+61.87909985000)[ICRS], at Epoch=J2016.0
#   meta: !!omap
#   - {ucd: POS_ANG_DIST_GENERAL}
#   - {width: 7}
#   - {precision: '4'}
# - name: HIP
#   datatype: int32
#   description: '? HIP cross-id number, van Leeuwen, Cat. I/311 (hip_original_ext_source_id)'
#   meta: !!omap
#   - {ucd: ID_NUMBER}
#   - {width: 6}
#   - values: {'null': -2147483648}
# - name: TYC2
#   datatype: string
#   description: Tycho-2 cross-id name, Hog et al., Cat. I/259 (tyc2_original_ext_source_id)
#   meta: !!omap
#   - {ucd: ID_CROSSID}
#   - {_votable_string_dtype: char}
# - name: Source
#   datatype: int64
#   description: Source identifier, identical to the Gaia-EDR3 source_id (id)
#   meta: !!omap
#   - {ucd: ID_MAIN}
#   - {width: 19}
# - name: rgeo
#   unit: pc
#   datatype: float64
#   format: '{:15.8f}'
#   description: '? Median of the geometric distance posterior (r_med_geo)'
#   meta: !!omap
#   - {ucd: PHYS_DISTANCE_TRUE}
#   - {width: 15}
#   - {precision: '8'}
#   - values: {'null': .nan}
# - name: Plx
#   unit: mas
#   datatype: float64
#   format: '{:9.4f}'
#   description: '? Parallax (parallax)'
#   meta: !!omap
#   - {ucd: POS_PARLX_TRIG}
#   - {width: 9}
#   - {precision: '4'}
#   - values: {'null': .nan}
# - name: e_Plx
#   unit: mas
#   datatype: float32
#   format: '{:7.4f}'
#   description: '? Standard error of parallax (parallax_error)'
#   meta: !!omap
#   - {ucd: ERROR}
#   - {width: 7}
#   - {precision: '4'}
#   - values: {'null': .nan}
# - name: pmRA
#   unit: mas / yr
#   datatype: float64
#   format: '{:9.3f}'
#   description: '? Proper motion in right ascension direction, pmRA*cosDE (pmra)'
#   meta: !!omap
#   - {ucd: POS_EQ_PMRA}
#   - {width: 9}
#   - {precision: '3'}
#   - values: {'null': .nan}
# - name: pmDE
#   unit: mas / yr
#   datatype: float64
#   format: '{:9.3f}'
#   description: '? Proper motion in declination direction (pmdec)'
#   meta: !!omap
#   - {ucd: POS_EQ_PMDEC}
#   - {width: 9}
#   - {precision: '3'}
#   - values: {'null': .nan}
# - name: e_pmRA
#   unit: mas / yr
#   datatype: float32
#   format: '{:6.3f}'
#   description: '? Standard error of proper motion in right ascension direction (pmra_error)'
#   meta: !!omap
#   - {ucd: ERROR}
#   - {width: 6}
#   - {precision: '3'}
#   - values: {'null': .nan}
# - name: e_pmDE
[...]
#         value: !astropy.table.SerializedColumn {name: SkyCoord.dec}
#       distance: !astropy.table.SerializedColumn
#         __class__: astropy.coordinates.distances.Distance
#         unit: !astropy.units.Unit {unit: pc}
#         value: !astropy.table.SerializedColumn {name: SkyCoord.distance}
#       frame: icrs
#       obstime: !astropy.time.Time {format: jyear_str, in_subfmt: '*', jd1: 367701545.0, jd2: 0.0, out_subfmt: '*', precision: 3, scale: tt}
#       pm_dec: !astropy.table.SerializedColumn
#         __class__: astropy.units.quantity.Quantity
#         unit: !astropy.units.Unit {unit: mas / yr}
#         value: !astropy.table.SerializedColumn {name: SkyCoord.pm_dec}
#       pm_ra_cosdec: !astropy.table.SerializedColumn
#         __class__: astropy.units.quantity.Quantity
#         unit: !astropy.units.Unit {unit: mas / yr}
#         value: !astropy.table.SerializedColumn {name: SkyCoord.pm_ra_cosdec}
#       ra: !astropy.table.SerializedColumn
#         __class__: astropy.coordinates.angles.Longitude
#         unit: *id001
#         value: !astropy.table.SerializedColumn {name: SkyCoord.ra}
#         wrap_angle: !astropy.coordinates.Angle
#           unit: *id001
#           value: 360.0
#       representation_type: spherical
# schema: astropy-2.0
RA_ICRS_1 DE_ICRS_1 e_RA_ICRS e_DE_ICRS _r_1 HIP TYC2 Source rgeo Plx e_Plx pmRA pmDE e_pmRA e_pmDE RUWE Teff logg Gmag BP-RP BPmag RPmag RV e_RV b_rgeo B_rgeo FG e_FG FBP e_FBP FRP e_FRP RAVE5 RAVE6 e_Gmag e_BPmag e_RPmag e_BP-RP SkyCoord.ra SkyCoord.dec SkyCoord.distance SkyCoord.pm_ra_cosdec SkyCoord.pm_dec rmRA rmDE e_rmRA e_rmDE rRV e_rRV v_pec v_pec3d e_vpec e_vpec3d
[from data line 189]
26.01337934713 61.87634474828 0.0145 0.0156 0.2528 "" "" 511298681027528960 2589.12085 0.3536 0.0238 -1.109 -0.354 0.018 0.018 1.046 "" "" 15.142315 1.117951 15.609154 14.491202 "" "" 2435.84814 2761.08423 16520.41002 3.4245 7793.9 12.43 12667.0 9.4726 "" "" 0.002764496690383325 0.0032838073 0.0038656127 0.0071494197 26.01337934713 61.87634474828 2589.12085 -1.109 -0.3540000000000001 0.01839479541778566 -0.006771919965744 0.1154111 0.1154111 "" "" 0.24056078311930038 "" 0.027763385263436413 ""
25.70827121212 61.95723472679 0.0151 0.0161 9.6428 "" "" 511489205773393792 2718.83594 0.3328 0.0235 -1.033 -0.726 0.018 0.019 0.973 "" "" 15.146776 1.215538 15.662271 14.446732 "" "" 2576.37036 2890.55591 16452.66339 3.3871 7421.8 8.9527 13197.0 9.7317 "" "" 0.002764371633739304 0.0030822624 0.0038632567 0.006945519 25.70827121212 61.95723472679 2718.83594 -1.033 -0.726 0.09439479541778573 -0.378771919965744 0.1154111 0.116411105 "" "" 5.03064017375784 "" 0.5853294020098107 ""
25.57554982145 61.9577545741 0.0146 0.0167 13.0576 "" "" 511489755529209344 2470.84521 0.3742 0.024 -1.314 -0.584 0.018 0.02 1.013 "" "" 15.152407 1.277683 15.702671 14.424988 "" "" 2317.30396 2609.2854 16367.56029 3.4128 7150.7 9.0481 13464.0 10.246 "" "" 0.002764604928698301 0.0031100574 0.0038686425 0.0069787 25.57554982145 61.9577545741 2470.84521 -1.314 -0.5840000000000001 -0.1866052045822144 -0.23677191996574398 0.1154111 0.11741111 "" "" 3.5307249027608445 "" 0.4118550347291255 ""
26.13074131262 61.77427454399 0.0141 0.0168 7.2057 "" "" 511295691730332800 2908.11816 0.3025 0.0241 -0.348 -1.724 0.017 0.02 1.001 4789.3 1.9759 15.153021 2.312973 16.381357 14.068384 -55.35 2.64 2736.45532 3143.61841 16358.3152 3.7779 3827.1 6.1781 18698.0 10.277 "" "" 0.002766706272147082 0.0032950009 0.0038262047 0.0071212053 26.13074131262 61.77427454399 2908.11816 -0.3479999999999999 -1.7240000000000015 0.7793947954177857 -1.376771919965744 0.1144111 0.11741111 "" "" 21.808063289115644 "" 2.5447852411243748 ""
25.65052447626 61.8362121422 0.0147 0.0161 10.4007 "" "" 511482505624484224 2942.33716 0.3205 0.0239 -1.317 -0.357 0.018 0.02 0.974 "" "" 15.155096 1.033089 15.577875 14.544786 "" "" 2726.04321 3206.90991 16327.06559 3.6389 8021.7 11.078 12057.0 10.584 "" "" 0.002765925805524269 0.003167533 0.0038977058 0.007065239 25.65052447626 61.8362121422 2942.33716 -1.3169999999999997 -0.3570000000000004 -0.1896052045822143 -0.009771919965744003 0.1154111 0.11741111 "" "" 2.6478723988810455 "" 0.3056080240590485 ""
26.03936028997 61.85756745499 0.0151 0.016 1.5897 "" "" 511298612308059776 2993.64038 0.3098 0.0241 -1.164 -0.18 0.019 0.019 1.002 9868.0 3.5376 15.184454 1.128651 15.65758 14.52893 "" "" 2793.23413 3213.57422 15891.51104 3.259 7453.9 12.255 12235.0 13.108 "" "" 0.0027643022937678947 0.0033123263 0.003954336 0.007266662 26.03936028997 61.85756745499 2993.64038 -1.164 -0.17999999999999997 -0.03660520458221428 0.167228080034256 0.116411105 0.116411105 "" "" 2.4291263521844315 "" 0.2827772823524952 ""
26.3143995114 61.70367567303 0.0133 0.0161 13.6741 "" "" 511292977311032448 3008.90625 0.3101 0.0236 -1.064 -0.353 0.016 0.018 0.957 10381.4 3.9025 15.195951 1.186134 15.697013 14.510879 "" "" 2812.27417 3263.30127 15724.13054 7.3403 7188.1 12.357 12440.0 21.382 "" "" 0.002801549017417458 0.0033569024 0.004215013 0.007571915 26.3143995114 61.70367567303 3008.90625 -1.064 -0.35299999999999987 0.06339479541778559 -0.005771919965743999 0.113411106 0.1154111 "" "" 0.9078900277576787 "" 0.10297987116539938 ""
25.4749107032 61.75919215448 0.0149 0.0173 16.6957 "" "" 511480547119271680 2548.86182 0.3718 0.0248 -1.413 -0.646 0.019 0.021 1.033 9293.2 3.7531 15.198014 1.001926 15.60553 14.603604 "" "" 2394.46289 2694.7937 15694.26628 3.3152 7820.0 9.329 11421.0 10.511 "" "" 0.0027648489010481062 0.0030761524 0.0039092433 0.0069853957 25.4749107032 61.75919215448 2548.86182 -1.4129999999999991 -0.6459999999999999 -0.2856052045822144 -0.29877191996574404 0.116411105 0.1184111 "" "" 4.993591945089797 "" 0.586549261023678 ""
25.94446679779 61.88584819075 0.0146 0.0159 1.8035 "" "" 511486319555411200 2613.05737 0.3567 0.0238 -1.104 -0.353 0.017 0.019 0.991 8570.5 3.8347 15.199855 1.148971 15.682928 14.533957 "" "" 2470.09888 2783.77441 15667.68213 3.0529 7281.9 8.6905 12178.0 8.3178 "" "" 0.002763430250299486 0.0030763682 0.0038514498 0.006927818 25.94446679779 61.88584819075 2613.05737 -1.1040000000000005 -0.3530000000000003 0.023394795417785552 -0.005771919965743999 0.1144111 0.116411105 "" "" 0.29845412643664254 "" 0.0341809960636811 ""
25.8447713161 62.03173087112 0.0157 0.017 10.2328 "" "" 511488381139647744 2151.09473 0.4181 0.0257 -3.255 1.616 0.02 0.02 0.998 "" "" 15.201602 3.040727 16.984982 13.944255 -85.61 2.19 2040.87073 2301.06494 15642.49538 8.0207 2194.9 8.565 20963.0 27.522 "" "" 0.0028109994000191465 0.0050730105 0.00403926 0.009112271 25.8447713161 62.03173087112 2151.09473 -3.254999999999997 1.6159999999999997 -2.1276052045822142 1.963228080034256 0.11741111 0.11741111 "" "" 29.51786754212966 "" 3.4657254992314925 ""
26.16075452216 61.84702251022 0.0138 0.0154 4.7671 "" "" 511297959473034496 2772.62988 0.3301 0.0234 -1.083 -0.383 0.017 0.019 0.944 10418.1 3.9212 15.207537 0.961518 15.593557 14.632039 "" "" 2580.88452 2949.48975 15557.22361 3.0906 7906.7 8.9872 11126.0 8.2249 "" "" 0.002763749745216454 0.0030509133 0.0038636697 0.006914583 26.16075452216 61.84702251022 2772.62988 -1.0830000000000002 -0.38300000000000006 0.04439479541778568 -0.035771919965744026 0.1144111 0.116411105 "" "" 0.749285286370737 "" 0.08631960051278216 ""
25.63044890949 61.72576681996 0.0151 0.0174 14.0845 "" "" 511477317304038528 2497.36401 0.365 0.0252 1.035 -2.122 0.018 0.02 0.991 5014.3 3.2985 15.209437 2.027833 16.239618 14.211785 1.06 2.69 2341.70508 2643.2356 15530.0132 3.6472 4360.8 10.76 16385.0 12.314 "" "" 0.00276709341858763 0.0038680763 0.003866464 0.00773454 25.63044890949 61.72576681996 2497.36401 1.0350000000000001 -2.122 2.162394795417786 -1.774771919965744 0.1154111 0.11741111 "" "" 33.114914379308516 "" 3.848622926596218 ""
26.01595563411 61.87394692127 0.0149 0.0156 0.4066 "" "" 511298681027530496 2679.50659 0.3392 0.024 -1.065 -0.369 0.017 0.018 0.995 10696.0 3.9055 15.212099 1.1056 15.674555 14.568954 "" "" 2507.12964 2840.43896 15491.98284 3.0009 7338.3 9.0088 11792.0 8.221 "" "" 0.0027633352152763003 0.0030921928 0.003854437 0.00694663 26.01595563411 61.87394692127 2679.50659 -1.0649999999999997 -0.36900000000000005 0.0623947954177857 -0.021771919965744013 0.1144111 0.1154111 "" "" 0.8393267831001536 "" 0.09611975807864659 ""
26.42644188391 61.89448791592 0.0544 0.0608 11.9055 "" "" 511389081495393664 2921.91455 0.3687 0.0921 -1.383 -0.222 0.065 0.067 3.951 "" "" 15.222132 1.466388 15.858455 14.392067 "" "" 2289.62134 3909.10742 15349.4941 9.0654 6194.9 6.992 13878.0 8.9018 "" "" 0.0028289524003311316 0.0030474165 0.0038430113 0.006890428 26.42644188391 61.89448791592 2921.91455 -1.3830000000000002 -0.22200000000000028 -0.25560520458221436 0.12522808003425598 0.1624111 0.1644111 "" "" 3.942135060998457 "" 0.6417801671627528 ""
25.91561992482 61.74548195375 0.0144 0.0169 8.4217 "" "" 511296275845901056 2140.54443 0.4368 0.0242 0.305 -0.185 0.018 0.021 1.043 8285.5 3.5461 15.237149 1.272407 15.790167 14.517759 "" "" 2046.55896 2260.16553 15138.64175 3.7551 6597.1 9.3987 12361.0 12.919 "" "" 0.002768450726136967 0.0031902494 0.003946059 0.0071363086 25.91561992482 61.74548195375 2140.54443 0.30500000000000005 -0.185 1.4323947954177856 0.16222808003425598 0.1154111 0.1184111 "" "" 14.626249154962963 "" 1.688594379379821 ""
26.31353850768 61.68952177213 0.0144 0.0171 14.3244 "" "" 511291499842288896 2069.24048 0.4471 0.025 3.568 -1.713 0.019 0.019 0.989 "" "" 15.24853 2.243255 16.42618 14.182925 -40.42 3.0 1944.40381 2198.72192 14980.7822 3.5447 3672.4 7.5994 16826.0 11.446 "" "" 0.0027672709633932827 0.0035823048 0.0038508736 0.0074331784 26.31353850768 61.68952177213 2069.24048 3.5679999999999996 -1.7130000000000005 4.695394795417785 -1.365771919965744 0.116411105 0.116411105 "" "" 47.962062511639566 "" 5.583316685385902 ""
26.11860732431 61.8584590642 0.0148 0.0163 3.4016 "" "" 511298749747012608 2429.54199 0.3803 0.0246 0.116 0.745 0.019 0.019 1.019 "" "" 15.263226 1.307552 15.835107 14.527555 "" "" 2279.89819 2597.1604 14779.38629 3.3853 6329.6 10.561 12250.0 8.6866 "" "" 0.0027665209269869162 0.0033266805 0.0038570045 0.007183685 26.11860732431 61.8584590642 2429.54199 0.11600000000000002 0.745 1.2433947954177857 1.092228080034256 0.116411105 0.116411105 "" "" 19.058916005967173 "" 2.218669468512965 ""
25.90434638186 61.97700554683 0.0154 0.0167 6.5457 "" "" 511488003182540032 2800.55908 0.3233 0.025 1.577 -0.467 0.018 0.02 1.032 "" "" 15.280362 2.526425 16.662985 14.13656 -40.7 3.32 2599.18677 2965.56836 14547.94714 3.9399 2952.7 8.7382 17560.0 15.318 "" "" 0.002770965440130048 0.0042554894 0.0038962483 0.008151738 25.90434638186 61.97700554683 2800.55908 1.577 -0.467 2.7043947954177856 -0.11977191996574404 0.1154111 0.11741111 "" "" 35.93508455380514 "" 4.147449644844958 ""
26.18165273266 61.74397638373 0.0142 0.0174 9.5048 "" "" 511292668073369728 2954.21118 0.3109 0.0253 -1.148 -0.325 0.018 0.02 0.979 10115.5 3.6659 15.284539 1.238431 15.816526 14.578095 "" "" 2766.71362 3244.95337 14492.09199 3.0306 6438.8 7.1886 11693.0 9.4479 "" "" 0.002764659325314821 0.0030421054 0.0038798621 0.0069219675 26.18165273266 61.74397638373 2954.21118 -1.1480000000000006 -0.3250000000000004 -0.020605204582214265 0.02222808003425597 0.1154111 0.11741111 "" "" 0.42442187018774197 "" 0.049441345225464874 ""
26.41646520679 61.98254557902 0.0158 0.0178 13.1305 "" "" 511391452317324032 2161.70532 0.4327 0.0266 -4.405 0.542 0.019 0.02 1.068 15022.3 4.277 15.297379 1.772509 16.148554 14.376045 "" "" 2055.51831 2294.64038 14321.71565 3.3326 4742.4 7.951 14084.0 9.8594 "" "" 0.0027668790031468234 0.0033314584 0.0038550512 0.0071865097 26.41646520679 61.98254557902 2161.70532 -4.405 0.5420000000000003 -3.2776052045822146 0.889228080034256 0.116411105 0.11741111 "" "" 34.797971897311264 "" 4.053265631315775 ""
25.44804280783 61.89912274899 0.0158 0.018 15.8369 "" "" 511483811294361600 2939.87817 0.3081 0.0265 -0.94 -0.139 0.019 0.022 0.977 9714.0 3.5896 15.300181 1.248139 15.829762 14.581623 "" "" 2740.56323 3186.80029 14284.80188 3.0327 6360.8 10.246 11655.0 14.385 "" "" 0.002764945164816199 0.0032929815 0.004009921 0.0073029026 25.44804280783 61.89912274899 2939.87817 -0.94 -0.139 0.1873947954177857 0.20822808003425597 0.116411105 0.1194111 "" "" 3.9036906303182977 "" 0.46094024926950605 ""
26.26165157859 61.85001829087 0.0148 0.0168 7.4238 "" "" 511391658475781760 2393.23804 0.3907 0.0247 -3.931 1.549 0.018 0.019 1.043 7103.0 3.2582 15.306796 1.749968 16.14616 14.396193 "" "" 2279.08228 2534.23242 14198.03838 3.2189 4752.8 7.3773 13826.0 8.0759 "" "" 0.0027662935911686253 0.0032596346 0.0038322217 0.0070918566 26.26165157859 61.85001829087 2393.23804 -3.9310000000000005 1.549 -2.8036052045822144 1.896228080034256 0.1154111 0.116411105 "" "" 38.395340650227055 "" 4.443335578089869 ""
26.09898044336 62.09189449839 0.0161 0.017 13.0303 "" "" 511583385814721408 2864.12085 0.3241 0.0257 -0.768 -0.478 0.019 0.019 1.048 9448.6 3.6763 15.318438 1.428706 15.95571 14.527004 "" "" 2637.41016 3187.78174 14046.61895 2.9008 5664.1 10.024 12256.0 9.3448 "" "" 0.0027644281638936094 0.0033877883 0.0038689848 0.0072567733 26.09898044336 62.09189449839 2864.12085 -0.7679999999999996 -0.4779999999999992 0.35939479541778563 -0.130771919965744 0.116411105 0.116411105 "" "" 5.192078442731576 "" 0.6044155877179079 ""
26.40026289792 62.0754598662 0.0186 0.02 16.1845 "" "" 511400557647971456 2451.69971 0.3675 0.03 -0.01 -0.825 0.022 0.023 1.121 6531.3 2.301 15.331579 2.958548 17.047173 14.088625 -17.81 2.57 2244.28271 2685.09473 13877.6199 4.2724 2072.8 8.1206 18353.0 11.22 "" "" 0.002775521123308502 0.0050870446 0.003837226 0.00892427 26.40026289792 62.0754598662 2451.69971 -0.009999999999999953 -0.825 1.1173947954177856 -0.477771919965744 0.1194111 0.120411105 "" "" 14.122510933076665 "" 1.6885751686473145 ""
25.95841821163 61.93745097168 0.0152 0.0166 3.7566 "" "" 511487075469620864 2937.86597 0.3111 0.0251 -1.114 -0.227 0.018 0.019 0.999 "" "" 15.362141 1.556886 16.07807 14.521184 "" "" 2741.77344 3157.14453 13492.4377 2.8583 5060.5 6.7995 12322.0 8.3441 "" "" 0.002764903756149398 0.0031485336 0.0038502323 0.006998766 25.95841821163 61.93745097168 2937.86597 -1.114 -0.22699999999999998 0.013394795417785543 0.12022808003425597 0.1154111 0.116411105 "" "" 1.6845929859930473 "" 0.19608476452720744 ""
26.01668818497 61.9145177543 0.0158 0.0173 2.1441 "" "" 511486800591725696 2715.52271 0.3422 0.0261 -1.079 -0.338 0.02 0.02 1.047 9669.6 3.633 15.388287 1.337097 15.976187 14.63909 "" "" 2538.70532 2954.92432 13171.40957 3.0586 5558.3 9.7674 11054.0 9.194 "" "" 0.002766831413363663 0.0033801221 0.0038857711 0.0072658933 26.01668818497 61.9145177543 2715.52271 -1.079 -0.3380000000000001 0.048394795417785685 0.009228080034255959 0.11741111 0.11741111 "" "" 0.6341409323924608 "" 0.07445518875515697 ""
25.94198777053 61.63882209771 0.0157 0.018 14.533 "" "" 511288785422989824 2301.69849 0.4012 0.0266 -0.504 -0.453 0.02 0.021 1.047 5020.9 2.8485 15.400145 2.179449 16.523045 14.343595 -107.1 3.57 2177.87305 2477.04541 13028.33453 3.6899 3358.9 8.5141 14512.0 14.539 "" "" 0.0027724263313913507 0.003919077 0.003932803 0.00785188 25.94198777053 61.63882209771 2301.69849 -0.504 -0.453 0.6233947954177856 -0.10577191996574403 0.11741111 0.1184111 "" "" 6.898472425138424 "" 0.8101511180139817 ""
25.51190298894 61.89711349459 0.0159 0.0178 14.0281 "" "" 511483673855408896 2465.5979 0.3808 0.0273 -1.375 -0.559 0.019 0.021 1.012 9228.0 3.6514 15.409555 1.025106 15.82778 14.802674 "" "" 2320.40259 2637.22827 12915.90493 2.7359 6372.4 7.3446 9508.0 7.5728 "" "" 0.002764901904463184 0.0030579406 0.003877051 0.0069349916 25.51190298894 61.89711349459 2465.5979 -1.3749999999999998 -0.5590000000000002 -0.24760520458221436 -0.21177191996574407 0.116411105 0.1184111 "" "" 3.8077832442251554 "" 0.44650142588041847 ""
25.60606320215 61.76652168536 0.0167 0.0192 13.2066 "" "" 511478897854668800 2106.42529 0.4459 0.0281 -1.283 -1.107 0.022 0.023 0.946 9087.4 3.6778 15.414048 1.266212 15.960477 14.694264 "" "" 1975.62207 2261.65283 12862.56502 3.1871 5639.3 12.716 10506.0 10.115 "" "" 0.0027684226143622798 0.0037119815 0.00392128 0.0076332614 25.60606320215 61.76652168536 2106.42529 -1.283 -1.1070000000000002 -0.15560520458221427 -0.759771919965744 0.1194111 0.120411105 "" "" 7.743371033662649 "" 0.9320773865346985 ""
26.20684238193 61.89492074302 0.0173 0.018 5.7399 "" "" 511391967713417728 2860.20532 0.3105 0.0283 0.22 0.569 0.02 0.021 1.003 "" "" 15.420464 2.608083 16.865236 14.257153 -10.41 3.17 2633.73926 3090.37988 12786.78659 4.0462 2450.9 7.5424 15714.0 16.398 "" "" 0.00277665752688193 0.004353041 0.0039455555 0.008298596 26.20684238193 61.89492074302 2860.20532 0.21999999999999986 0.569 1.3473947954177856 0.9162280800342559 0.11741111 0.1184111 "" "" 22.090393360531515 "" 2.6006625958415523 ""
26.06813396945 61.92486914403 0.016 0.0173 3.2501 "" "" 511299265143066880 2690.4856 0.343 0.0258 -0.979 -0.389 0.019 0.02 1.003 "" "" 15.430843 1.406133 16.054485 14.648353 "" "" 2550.06055 2861.23926 12665.12651 2.703 5171.6 7.8395 10960.0 8.9316 "" "" 0.0027650466350555092 0.0032394195 0.0038815707 0.00712099 26.06813396945 61.92486914403 2690.4856 -0.9789999999999996 -0.38899999999999935 0.14839479541778566 -0.04177191996574403 0.116411105 0.11741111 "" "" 1.9660122745099777 "" 0.22901057995901147 ""
