Clusters/NGC_654/NGC_654_stars_in_region.tsv
# %ECSV 1.0
# ---
# datatype:
# - name: RA_ICRS_1
#   unit: deg
#   datatype: float64
#   format: '{:15.11f}'
#   description: Right ascension (ICRS) at Ep=2016.0 (ra)
#   meta: !!omap
#   - {ucd: POS_EQ_RA_MAIN}
#   - {width: 15}
#   - {precision: '11'}
# - name: DE_ICRS_1
#   unit: deg
#   datatype: float64
#   format: '{:15.11f}'
#   description: Declination (ICRS) at Ep=2016.0 (dec)
#   meta: !!omap
#   - {ucd: POS_EQ_DEC_MAIN}
#   - {width: 15}
#   - {precision: '11'}
# - name: e_RA_ICRS
#   unit: mas
#   datatype: float64
#   format: '{:7.4f}'
#   description: Standard error of right ascension (ra_error)
#   meta: !!omap
#   - {ucd: ERROR}
#   - {width: 7}
#   - {precision: '4'}
# - name: e_DE_ICRS
#   unit: mas
#   datatype: float64
#   format: '{:7.4f}'
#   description: Standard error of declination (dec_error)
#   meta: !!omap
#   - {ucd: ERROR}
#   - {width: 7}
#   - {precision: '4'}
# - name: _r_1
#   unit: ''
#   datatype: float64
#   format: '{:7.4f}'
#   description: Distance from center (026.00661773000+61.87909985000)[ICRS], at Epoch=J2016.0
#   meta: !!omap
#   - {ucd: POS_ANG_DIST_GENERAL}
#   - {width: 7}
#   - {precision: '4'}
# - name: HIP
#   datatype: int32
#   description: '? HIP cross-id number, van Leeuwen, Cat. I/311 (hip_original_ext_source_id)'
#   meta: !!omap
#   - {ucd: ID_NUMBER}
#   - {width: 6}
#   - values: {'null': -2147483648}
# - name: TYC2
#   datatype: string
#   description: Tycho-2 cross-id name, Hog et al., Cat. I/259 (tyc2_original_ext_source_id)
#   meta: !!omap
#   - {ucd: ID_CROSSID}
#   - {_votable_string_dtype: char}
# - name: Source
#   datatype: int64
#   description: Source identifier, identical to the Gaia-EDR3 source_id (id)
#   meta: !!omap
#   - {ucd: ID_MAIN}
#   - {width: 19}
# - name: rgeo
#   unit: pc
#   datatype: float64
#   format: '{:15.8f}'
#   description: '? Median of the geometric distance posterior (r_med_geo)'
#   meta: !!omap
#   - {ucd: PHYS_DISTANCE_TRUE}
#   - {width: 15}
#   - {precision: '8'}
#   - values: {'null': .nan}
# - name: Plx
#   unit: mas
#   datatype: float64
#   format: '{:9.4f}'
#   description: '? Parallax (parallax)'
#   meta: !!omap
#   - {ucd: POS_PARLX_TRIG}
#   - {width: 9}
#   - {precision: '4'}
#   - values: {'null': .nan}
# - name: e_Plx
#   unit: mas
#   datatype: float32
#   format: '{:7.4f}'
#   description: '? Standard error of parallax (parallax_error)'
#   meta: !!omap
#   - {ucd: ERROR}
#   - {width: 7}
#   - {precision: '4'}
#   - values: {'null': .nan}
# - name: pmRA
#   unit: mas / yr
#   datatype: float64
#   format: '{:9.3f}'
#   description: '? Proper motion in right ascension direction, pmRA*cosDE (pmra)'
#   meta: !!omap
#   - {ucd: POS_EQ_PMRA}
#   - {width: 9}
#   - {precision: '3'}
#   - values: {'null': .nan}
# - name: pmDE
#   unit: mas / yr
#   datatype: float64
#   format: '{:9.3f}'
#   description: '? Proper motion in declination direction (pmdec)'
#   meta: !!omap
#   - {ucd: POS_EQ_PMDEC}
#   - {width: 9}
#   - {precision: '3'}
#   - values: {'null': .nan}
# - name: e_pmRA
#   unit: mas / yr
#   datatype: float32
#   format: '{:6.3f}'
#   description: '? Standard error of proper motion in right ascension direction (pmra_error)'
#   meta: !!omap
#   - {ucd: ERROR}
#   - {width: 6}
#   - {precision: '3'}
#   - values: {'null': .nan}
# - name: e_pmDE
[...]
#         value: !astropy.table.SerializedColumn {name: SkyCoord.dec}
#       distance: !astropy.table.SerializedColumn
#         __class__: astropy.coordinates.distances.Distance
#         unit: !astropy.units.Unit {unit: pc}
#         value: !astropy.table.SerializedColumn {name: SkyCoord.distance}
#       frame: icrs
#       obstime: !astropy.time.Time {format: jyear_str, in_subfmt: '*', jd1: 367701545.0, jd2: 0.0, out_subfmt: '*', precision: 3, scale: tt}
#       pm_dec: !astropy.table.SerializedColumn
#         __class__: astropy.units.quantity.Quantity
#         unit: !astropy.units.Unit {unit: mas / yr}
#         value: !astropy.table.SerializedColumn {name: SkyCoord.pm_dec}
#       pm_ra_cosdec: !astropy.table.SerializedColumn
#         __class__: astropy.units.quantity.Quantity
#         unit: !astropy.units.Unit {unit: mas / yr}
#         value: !astropy.table.SerializedColumn {name: SkyCoord.pm_ra_cosdec}
#       ra: !astropy.table.SerializedColumn
#         __class__: astropy.coordinates.angles.Longitude
#         unit: *id001
#         value: !astropy.table.SerializedColumn {name: SkyCoord.ra}
#         wrap_angle: !astropy.coordinates.Angle
#           unit: *id001
#           value: 360.0
#       representation_type: spherical
# schema: astropy-2.0
RA_ICRS_1 DE_ICRS_1 e_RA_ICRS e_DE_ICRS _r_1 HIP TYC2 Source rgeo Plx e_Plx pmRA pmDE e_pmRA e_pmDE RUWE Teff logg Gmag BP-RP BPmag RPmag RV e_RV b_rgeo B_rgeo FG e_FG FBP e_FBP FRP e_FRP RAVE5 RAVE6 e_Gmag e_BPmag e_RPmag e_BP-RP SkyCoord.ra SkyCoord.dec SkyCoord.distance SkyCoord.pm_ra_cosdec SkyCoord.pm_dec rmRA rmDE e_rmRA e_rmDE rRV e_rRV v_pec v_pec3d e_vpec e_vpec3d
[from data line 158]
25.75700861611 61.68726386174 0.0127 0.0148 13.5139 "" "" 511477489102745472 2980.375 0.3048 0.0206 -1.171 -0.456 0.016 0.018 1.007 9928.9 3.7577 14.880234 1.13186 15.351052 14.219193 "" "" 2828.66772 3193.06836 21030.67053 3.6682 9885.4 9.2905 16274.0 11.55 "" "" 0.002761820514059941 0.0029709018 0.003857137 0.006828039 25.75700861611 61.68726386174 2980.375 -1.1710000000000003 -0.45599999999999996 -0.043605204582214396 -0.10877191996574403 0.113411106 0.1154111 "" "" 1.6554951871682881 "" 0.19060752191540042 ""
26.02485227191 61.90537896106 0.0127 0.0138 1.6589 "" "" 511299093344377088 2905.1416 0.3156 0.0207 -1.07 -0.365 0.016 0.016 1.048 10563.2 3.918 14.88515 1.105278 15.346226 14.240948 "" "" 2749.44434 3085.96313 20935.65673 3.576 9929.5 14.605 15951.0 11.963 "" "" 0.002761554351079621 0.0032148687 0.0038661074 0.007080976 26.02485227191 61.90537896106 2905.1416 -1.07 -0.3650000000000001 0.05739479541778558 -0.01777191996574401 0.113411106 0.113411106 "" "" 0.8273694279228531 "" 0.09383288203132863 ""
26.04698943815 61.83415435591 0.0132 0.0144 2.9288 "" "" 511298303070802176 2644.64917 0.3485 0.0217 -1.131 -0.221 0.016 0.017 0.98 11443.1 3.9873 14.887596 1.043758 15.312468 14.268709 "" "" 2497.68262 2826.14233 20888.55367 4.277 10243.0 11.072 15548.0 11.003 "" "" 0.002764273913643753 0.0030269464 0.0038566946 0.006883641 26.04698943815 61.83415435591 2644.64917 -1.1309999999999993 -0.2209999999999999 -0.003605204582214361 0.12622808003425598 0.113411106 0.1144111 "" "" 1.5829946543391584 "" 0.18111087626972558 ""
25.97727331496 61.86260940329 0.0139 0.0152 1.2915 "" "" 511486250835949184 2717.68042 0.3395 0.0219 -1.171 -0.39 0.017 0.018 1.038 11003.8 3.9627 14.888095 1.099605 15.346105 14.2465 "" "" 2561.59106 2888.68091 20878.95991 5.5472 9930.6 12.502 15869.0 11.373 "" "" 0.0027703790323035985 0.0031069908 0.0038586536 0.0069656447 25.97727331496 61.86260940329 2717.68042 -1.171 -0.39 -0.043605204582214396 -0.04277191996574403 0.1144111 0.1154111 "" "" 0.7868295825407102 "" 0.09040871999482872 ""
26.05913606347 61.89904234011 0.0129 0.0139 1.9069 "" "" 511299058984640256 2114.18628 0.4385 0.0212 -0.934 -2.127 0.016 0.016 1.059 "" "" 14.891141 1.616388 15.64016 14.023771 -28.64 6.67 2035.06848 2232.37061 20820.45835 7.169 7574.5 13.342 19483.0 18.697 "" "" 0.0027805665166515552 0.0033826814 0.0039203768 0.007303058 26.05913606347 61.89904234011 2114.18628 -0.9340000000000006 -2.127000000000001 0.1933947954177856 -1.7797719199657438 0.113411106 0.113411106 "" "" 17.940515028507036 "" 2.034653654628566 ""
26.32398351504 61.77477026344 0.012 0.0141 10.955 "" "" 511294386060271616 2350.64893 0.3956 0.0215 -1.145 -0.391 0.015 0.016 0.98 9366.9 3.7901 14.896012 1.375178 15.501537 14.126359 "" "" 2246.33472 2492.45117 20727.25226 4.2205 8606.0 10.22 17726.0 10.562 "" "" 0.0027641753012798463 0.003073678 0.0038343514 0.0069080293 26.32398351504 61.77477026344 2350.64893 -1.1450000000000002 -0.3909999999999998 -0.017605204582214373 -0.04377191996574403 0.112411104 0.113411106 "" "" 0.5256798131048785 "" 0.05954501009458103 ""
26.13190850507 62.0238974562 0.0135 0.0143 9.3794 "" "" 511393788779526272 2629.05518 0.3509 0.0213 -1.191 -0.55 0.016 0.016 1.066 11520.9 3.9231 14.899249 1.544444 15.60649 14.062046 -0.88 11.36 2507.10254 2782.25024 20665.5574 4.5617 7813.1 10.048 18808.0 10.504 "" "" 0.002765723870449357 0.003120051 0.003827716 0.006947767 26.13190850507 62.0238974562 2629.05518 -1.1909999999999998 -0.5500000000000002 -0.06360520458221441 -0.20277191996574406 0.113411106 0.113411106 "" "" 2.6482865817011736 "" 0.30034511068384256 ""
25.76262743341 61.92245111783 0.0131 0.0145 7.3695 "" "" 511486147756694656 2556.26001 0.358 0.021 -1.292 -0.622 0.016 0.017 1.047 "" "" 14.917493 1.040788 15.342336 14.301548 "" "" 2462.1748 2726.2959 20321.20341 3.6323 9965.1 11.317 15085.0 11.253 "" "" 0.0027621463127707377 0.0030504775 0.0038651924 0.00691567 25.76262743341 61.92245111783 2556.26001 -1.292 -0.6220000000000001 -0.1646052045822144 -0.274771919965744 0.113411106 0.1144111 "" "" 3.8810154165062616 "" 0.44300959156205894 ""
25.7214473019 61.82246557134 0.0128 0.015 8.7581 "" "" 511479516327252480 2564.51416 0.3619 0.0215 -1.174 -0.354 0.016 0.017 0.959 11166.7 3.9649 14.935873 1.053403 15.368068 14.314665 "" "" 2421.43994 2687.9624 19980.09469 3.7029 9731.7 10.243 14904.0 11.502 "" "" 0.002762657858749692 0.0030151277 0.0038711512 0.006886279 25.7214473019 61.82246557134 2564.51416 -1.174000000000001 -0.3539999999999996 -0.04660520458221429 -0.006771919965744 0.113411106 0.1144111 "" "" 0.5724727443300807 "" 0.06493665505665257 ""
26.02002854619 61.89345473387 0.0134 0.0146 0.9411 "" "" 511299093344380672 2955.09448 0.3091 0.0217 -1.122 -0.26 0.016 0.017 1.012 12095.7 3.9542 14.95859 1.169222 15.451213 14.281991 "" "" 2779.44141 3125.32812 19566.39593 12.378 9014.3 21.415 15359.0 29.719 "" "" 0.002839640254054011 0.0037997498 0.0043240385 0.008123788 26.02002854619 61.89345473387 2955.09448 -1.122 -0.26 0.005394795417785536 0.08722808003425597 0.113411106 0.1144111 "" "" 1.2241511381129966 "" 0.1400518349240212 ""
25.87927744093 61.84670117122 0.0136 0.0151 4.094 "" "" 511484876446422272 2801.8916 0.3149 0.0219 -1.983 0.145 0.017 0.018 0.95 "" "" 14.963391 2.386886 16.244167 13.857282 -50.57 2.1 2647.74341 2988.08447 19480.05339 5.187 4342.6 6.8835 22711.0 11.342 "" "" 0.002770445650730759 0.0032782508 0.0038180796 0.0070963306 25.87927744093 61.84670117122 2801.8916 -1.9829999999999997 0.14500000000000035 -0.8556052045822145 0.492228080034256 0.1144111 0.1154111 "" "" 13.109522908672997 "" 1.5031455405715024 ""
26.01392171791 61.86923878189 0.0133 0.0143 0.6267 "" "" 511298681027532288 2836.84961 0.3231 0.0214 -1.224 -0.407 0.016 0.017 1.008 9367.8 3.8051 14.96844 1.196282 15.480088 14.283806 "" "" 2681.06567 3001.27319 19389.67579 3.4654 8777.7 10.939 15333.0 13.305 "" "" 0.0027621447600781807 0.0031009442 0.0038950406 0.006995985 26.01392171791 61.86923878189 2836.84961 -1.224 -0.4069999999999999 -0.09660520458221433 -0.05977191996574399 0.113411106 0.1144111 "" "" 1.5275584315262485 "" 0.1736663226399777 ""
26.02966371017 61.93205996925 0.0132 0.0145 3.2436 "" "" 511486903670930176 2894.67114 0.3077 0.0219 -1.172 -0.321 0.016 0.017 1.056 12184.4 3.8444 14.986998 1.246397 15.519956 14.273559 "" "" 2739.07642 3102.021 19061.08547 9.3517 8461.3 11.953 15479.0 32.595 "" "" 0.0028063389822343293 0.0031839504 0.0044171116 0.007601062 26.02966371017 61.93205996925 2894.67114 -1.1719999999999993 -0.32099999999999973 -0.044605204582214286 0.026228080034255974 0.113411106 0.1144111 "" "" 0.7099786177773085 "" 0.08070246320365666 ""
26.15787804512 61.62288533383 0.0126 0.0154 15.9617 "" "" 511285796125758720 2427.99976 0.3848 0.0224 -1.257 -0.554 0.017 0.018 0.996 9788.6 3.6422 14.99749 1.3231 15.574744 14.251644 "" "" 2309.17822 2551.34814 18877.77263 3.856 8044.9 11.264 15794.0 16.84 "" "" 0.0027642310147530987 0.0031774216 0.003952703 0.0071301246 26.15787804512 61.62288533383 2427.99976 -1.257 -0.554 -0.12960520458221425 -0.20677191996574407 0.1144111 0.1154111 "" "" 2.8085079176486487 "" 0.32334328553846553 ""
26.15184172614 61.62109191921 0.0126 0.0151 16.0204 "" "" 511285796125759232 2843.45581 0.3277 0.0221 -1.176 -0.245 0.017 0.018 0.95 11219.2 3.9723 14.997754 1.240468 15.532292 14.291824 "" "" 2657.40356 3040.11719 18873.18898 3.6578 8365.7 7.9431 15220.0 11.379 "" "" 0.0027633437025816696 0.002974522 0.003865571 0.006840093 26.15184172614 61.62109191921 2843.45581 -1.1759999999999997 -0.24500000000000002 -0.04860520458221429 0.10222808003425599 0.1144111 0.1154111 "" "" 1.5256363300122484 "" 0.175795069867069 ""
26.49705431969 61.78396047437 0.0127 0.0151 15.0182 "" "" 511375646837894272 2777.90332 0.3258 0.0213 -1.076 -0.303 0.016 0.017 0.968 10438.9 3.6489 15.004478 1.134267 15.479174 14.344907 "" "" 2621.24854 2961.26782 18756.65743 3.5728 8785.1 10.228 14494.0 9.819 "" "" 0.0027630709298817604 0.003063152 0.0038502908 0.006913443 26.49705431969 61.78396047437 2777.90332 -1.076 -0.30299999999999994 0.05139479541778558 0.04422808003425599 0.113411106 0.1144111 "" "" 0.8928090983100861 "" 0.10163528826297383 ""
26.15139553527 61.8809429706 0.0136 0.0146 4.0957 "" "" 511298131271711232 2621.87622 0.3491 0.0222 -1.137 -0.44 0.016 0.017 1.029 10248.3 3.6039 15.021186 1.194053 15.526355 14.332302 "" "" 2498.3269 2766.98877 18470.23493 3.6708 8411.5 11.017 14663.0 10.748 "" "" 0.002763756631525867 0.003131656 0.003862266 0.006993922 26.15139553527 61.8809429706 2621.87622 -1.137 -0.44000000000000006 -0.009605204582214366 -0.09277191996574402 0.113411106 0.1144111 "" "" 1.1591040494362164 "" 0.13260213000419463 ""
26.23292482392 61.72032313442 0.0128 0.0155 11.486 "" "" 511292393195472512 2864.56226 0.3195 0.0227 -0.691 -0.214 0.016 0.018 0.989 "" "" 15.035125 1.201265 15.545489 14.344224 "" "" 2676.30298 3072.93799 18234.63048 3.3526 8264.6 11.004 14503.0 11.958 "" "" 0.002762542031245737 0.0031424281 0.0038839579 0.007026386 26.23292482392 61.72032313442 2864.56226 -0.6910000000000001 -0.21399999999999997 0.4363947954177857 0.13322808003425599 0.113411106 0.1154111 "" "" 6.1953619611063075 "" 0.7036877582881506 ""
25.99391597308 61.90217176644 0.0132 0.0155 1.4301 "" "" 511486388274873088 2692.58911 0.3399 0.0229 -1.078 -0.256 0.016 0.019 0.949 10094.8 3.5852 15.050584 1.108165 15.510764 14.402599 "" "" 2540.92407 2974.72168 17976.82765 3.2293 8533.2 10.376 13744.0 12.088 "" "" 0.002762214564304982 0.0030867455 0.0038981526 0.006984898 25.99391597308 61.90217176644 2692.58911 -1.078 -0.256 0.049394795417785575 0.09122808003425598 0.113411106 0.116411105 "" "" 1.3240462656462175 "" 0.15324222737066528 ""
26.01793341788 61.9321672371 0.0133 0.0147 3.2001 "" "" 511486899366747648 2764.43604 0.328 0.022 -1.077 -0.365 0.016 0.017 1.013 7526.6 3.4903 15.075788 1.325473 15.6486 14.323127 "" "" 2623.09375 2928.39185 17564.32059 3.2409 7515.8 12.538 14788.0 14.342 "" "" 0.002762593679919079 0.0033265084 0.00392333 0.0072498387 26.01793341788 61.9321672371 2764.43604 -1.0770000000000004 -0.36499999999999966 0.05039479541778569 -0.01777191996574401 0.113411106 0.1144111 "" "" 0.7002033536017703 "" 0.07948858856678333 ""
26.12542298127 61.87578694981 0.0136 0.0153 3.3659 "" "" 511298784106742912 2632.31738 0.3515 0.023 -1.048 -0.283 0.017 0.018 1.023 10551.7 3.8482 15.097018 1.177866 15.594079 14.416213 "" "" 2484.83594 2794.56836 17224.22074 3.5935 7902.9 9.2734 13573.0 9.8826 "" "" 0.0027646156553848807 0.0030672755 0.0038611745 0.00692845 26.12542298127 61.87578694981 2632.31738 -1.048 -0.2829999999999999 0.0793947954177856 0.06422808003425601 0.1144111 0.1154111 "" "" 1.2741875044661597 "" 0.14628654502305635 ""
26.1990275821 62.12734173429 0.0145 0.0152 15.8498 "" "" 511583695052355456 2284.33032 0.4129 0.0229 -1.4 -0.212 0.018 0.018 1.04 9212.5 4.0943 15.100261 1.259993 15.583158 14.323166 "" "" 2178.2124 2389.27026 17172.85314 3.6816 7982.8 16.171 14787.0 144.58 "" "" 0.002765134561344067 0.0035528084 0.011268486 0.014821295 26.1990275821 62.12734173429 2284.33032 -1.4000000000000008 -0.21199999999999994 -0.27260520458221427 0.135228080034256 0.1154111 0.1154111 "" "" 3.2949079134302 "" 0.380268955820375 ""
25.83416834562 62.04184930267 0.015 0.0165 10.9093 "" "" 511585172521126400 2210.07129 0.411 0.0239 -0.744 -0.623 0.018 0.019 1.039 "" "" 15.102835 2.864609 16.74616 13.881552 -41.89 1.95 2105.12427 2326.48535 17132.19068 5.64 2735.0 6.5477 22209.0 16.336 "" "" 0.0027784069742314175 0.003813317 0.0038628387 0.007676156 25.83416834562 62.04184930267 2210.07129 -0.7440000000000002 -0.6229999999999998 0.38339479541778565 -0.275771919965744 0.1154111 0.116411105 "" "" 4.947407445320051 "" 0.5726774637361911 ""
25.97882644457 61.68022200628 0.0132 0.0153 11.9587 "" "" 511289335180386560 2787.0542 0.3306 0.0227 -1.187 -0.245 0.017 0.019 0.956 9781.8 3.6225 15.108459 1.004209 15.515011 14.510802 "" "" 2596.91748 3039.22778 17043.6607 3.9781 8499.9 9.596 12440.0 11.063 "" "" 0.00276694958212228 0.0030475403 0.0039007722 0.0069483127 25.97882644457 61.68022200628 2787.0542 -1.1869999999999996 -0.24499999999999994 -0.05960520458221441 0.10222808003425599 0.1144111 0.116411105 "" "" 1.5632912423148404 "" 0.18119632407228609 ""
25.94730190116 62.15071455255 0.0142 0.0158 16.3822 "" "" 511584450966592256 2816.23291 0.3241 0.0225 -2.205 0.546 0.016 0.018 0.961 9272.0 3.4402 15.114502 1.318979 15.68929 14.370311 "" "" 2642.30518 3037.71436 16949.07859 3.6407 7239.4 9.4235 14159.0 9.9986 "" "" 0.0027651727430313966 0.0031276927 0.0038563677 0.0069840606 25.94730190116 62.15071455255 2816.23291 -2.2050000000000027 0.5460000000000005 -1.0776052045822144 0.893228080034256 0.113411106 0.1154111 "" "" 18.684179723299824 "" 2.134291028714247 ""
26.50624426391 61.9876864223 0.014 0.0154 15.5364 "" "" 511391246159012352 2149.72925 0.4385 0.0234 -0.758 -0.219 0.016 0.017 0.987 9094.9 3.869 15.117901 1.126423 15.590096 14.463674 "" "" 2040.42822 2280.54321 16896.09426 3.1332 7931.9 8.2197 12992.0 8.8906 "" "" 0.0027626665486720436 0.0030084825 0.0038517206 0.006860203 26.50624426391 61.9876864223 2149.72925 -0.7579999999999997 -0.21899999999999994 0.36939479541778564 0.12822808003425598 0.113411106 0.1144111 "" "" 3.9843610473704105 "" 0.4523009569642676 ""
25.98771359274 61.89621300772 0.0141 0.0154 1.1576 "" "" 511486388274877312 2721.73804 0.3509 0.0233 -1.123 -0.278 0.017 0.018 0.927 10108.4 4.1288 15.118487 1.154207 15.598843 14.444635 "" "" 2544.18921 2921.93945 16886.96814 3.3127 7868.3 17.419 13222.0 15.077 "" "" 0.00276353997808356 0.0036827244 0.0039769993 0.007659724 25.98771359274 61.89621300772 2721.73804 -1.1230000000000002 -0.278 0.004394795417785646 0.06922808003425596 0.1144111 0.1154111 "" "" 0.8949119599481349 "" 0.10327919959138798 ""
26.11427094595 61.91238165468 0.014 0.0152 3.6395 "" "" 511298990265160704 2682.6355 0.3461 0.023 -1.209 -0.366 0.017 0.018 1.02 7749.2 3.8051 15.119579 1.320607 15.683957 14.36335 "" "" 2519.37231 2837.15112 16869.99154 3.2675 7275.0 15.83 14250.0 16.847 "" "" 0.0027633336008688583 0.0036560174 0.0039914125 0.0076474296 26.11427094595 61.91238165468 2682.6355 -1.209 -0.36599999999999966 -0.08160520458221443 -0.01877191996574401 0.1144111 0.1154111 "" "" 1.0647670313827828 "" 0.12187490117906923 ""
26.11870854482 61.88610847472 0.0142 0.0149 3.1973 "" "" 511298887185953536 2826.43408 0.3273 0.0227 -1.141 -0.391 0.017 0.017 1.002 9866.1 3.5198 15.123328 1.1318 15.595073 14.463273 "" "" 2658.81079 3011.44922 16811.85459 3.0972 7895.6 8.8582 12997.0 10.027 "" "" 0.002762570946204621 0.0030444749 0.0038710916 0.0069155665 26.11870854482 61.88610847472 2826.43408 -1.1409999999999998 -0.39100000000000046 -0.01360520458221437 -0.04377191996574403 0.1144111 0.1144111 "" "" 0.6140995266017537 "" 0.07025980280561354 ""
26.26607965252 61.82699738699 0.0135 0.0159 7.9815 "" "" 511294832736850944 2725.42017 0.3312 0.0233 0.058 -0.344 0.016 0.019 0.986 9626.8 3.5436 15.137038 1.293014 15.695719 14.402705 "" "" 2578.0647 2918.57422 16600.89251 3.5716 7196.6 9.1709 13743.0 13.31 "" "" 0.002765204160973344 0.0031143832 0.0039229374 0.0070373206 26.26607965252 61.82699738699 2725.42017 0.05800000000000001 -0.344 1.1853947954177857 0.003228080034256009 0.113411106 0.116411105 "" "" 15.313569495626636 "" 1.7367292010922668 ""
