Clusters/NGC_654/NGC_654_members.tsv
# %ECSV 1.0
# ---
# datatype:
# - name: RA_ICRS_1
#   unit: deg
#   datatype: float64
#   format: '{:15.11f}'
#   description: Right ascension (ICRS) at Ep=2016.0 (ra)
#   meta: !!omap
#   - {ucd: POS_EQ_RA_MAIN}
#   - {width: 15}
#   - {precision: '11'}
# - name: DE_ICRS_1
#   unit: deg
#   datatype: float64
#   format: '{:15.11f}'
#   description: Declination (ICRS) at Ep=2016.0 (dec)
#   meta: !!omap
#   - {ucd: POS_EQ_DEC_MAIN}
#   - {width: 15}
#   - {precision: '11'}
# - name: e_RA_ICRS
#   unit: mas
#   datatype: float64
#   format: '{:7.4f}'
#   description: Standard error of right ascension (ra_error)
#   meta: !!omap
#   - {ucd: ERROR}
#   - {width: 7}
#   - {precision: '4'}
# - name: e_DE_ICRS
#   unit: mas
#   datatype: float64
#   format: '{:7.4f}'
#   description: Standard error of declination (dec_error)
#   meta: !!omap
#   - {ucd: ERROR}
#   - {width: 7}
#   - {precision: '4'}
# - name: _r_1
#   unit: ''
#   datatype: float64
#   format: '{:7.4f}'
#   description: Distance from center (026.00661773000+61.87909985000)[ICRS], at Epoch=J2016.0
#   meta: !!omap
#   - {ucd: POS_ANG_DIST_GENERAL}
#   - {width: 7}
#   - {precision: '4'}
# - name: HIP
#   datatype: int32
#   description: '? HIP cross-id number, van Leeuwen, Cat. I/311 (hip_original_ext_source_id)'
#   meta: !!omap
#   - {ucd: ID_NUMBER}
#   - {width: 6}
#   - values: {'null': -2147483648}
# - name: TYC2
#   datatype: string
#   description: Tycho-2 cross-id name, Hog et al., Cat. I/259 (tyc2_original_ext_source_id)
#   meta: !!omap
#   - {ucd: ID_CROSSID}
#   - {_votable_string_dtype: char}
# - name: Source
#   datatype: int64
#   description: Source identifier, identical to the Gaia-EDR3 source_id (id)
#   meta: !!omap
#   - {ucd: ID_MAIN}
#   - {width: 19}
# - name: rgeo
#   unit: pc
#   datatype: float64
#   format: '{:15.8f}'
#   description: '? Median of the geometric distance posterior (r_med_geo)'
#   meta: !!omap
#   - {ucd: PHYS_DISTANCE_TRUE}
#   - {width: 15}
#   - {precision: '8'}
#   - values: {'null': .nan}
# - name: Plx
#   unit: mas
#   datatype: float64
#   format: '{:9.4f}'
#   description: '? Parallax (parallax)'
#   meta: !!omap
#   - {ucd: POS_PARLX_TRIG}
#   - {width: 9}
#   - {precision: '4'}
#   - values: {'null': .nan}
# - name: e_Plx
#   unit: mas
#   datatype: float32
#   format: '{:7.4f}'
#   description: '? Standard error of parallax (parallax_error)'
#   meta: !!omap
#   - {ucd: ERROR}
#   - {width: 7}
#   - {precision: '4'}
#   - values: {'null': .nan}
# - name: pmRA
#   unit: mas / yr
#   datatype: float64
#   format: '{:9.3f}'
#   description: '? Proper motion in right ascension direction, pmRA*cosDE (pmra)'
#   meta: !!omap
#   - {ucd: POS_EQ_PMRA}
#   - {width: 9}
#   - {precision: '3'}
#   - values: {'null': .nan}
# - name: pmDE
#   unit: mas / yr
#   datatype: float64
#   format: '{:9.3f}'
#   description: '? Proper motion in declination direction (pmdec)'
#   meta: !!omap
#   - {ucd: POS_EQ_PMDEC}
#   - {width: 9}
#   - {precision: '3'}
#   - values: {'null': .nan}
# - name: e_pmRA
#   unit: mas / yr
#   datatype: float32
#   format: '{:6.3f}'
#   description: '? Standard error of proper motion in right ascension direction (pmra_error)'
#   meta: !!omap
#   - {ucd: ERROR}
#   - {width: 6}
#   - {precision: '3'}
#   - values: {'null': .nan}
# - name: e_pmDE
[...]
#       distance: !astropy.table.SerializedColumn
#         __class__: astropy.coordinates.distances.Distance
#         unit: !astropy.units.Unit {unit: pc}
#         value: !astropy.table.SerializedColumn {name: SkyCoord.distance}
#       frame: icrs
#       obstime: !astropy.time.Time {format: jyear_str, in_subfmt: '*', jd1: 367701545.0, jd2: 0.0, out_subfmt: '*', precision: 3, scale: tt}
#       pm_dec: !astropy.table.SerializedColumn
#         __class__: astropy.units.quantity.Quantity
#         unit: !astropy.units.Unit {unit: mas / yr}
#         value: !astropy.table.SerializedColumn {name: SkyCoord.pm_dec}
#       pm_ra_cosdec: !astropy.table.SerializedColumn
#         __class__: astropy.units.quantity.Quantity
#         unit: !astropy.units.Unit {unit: mas / yr}
#         value: !astropy.table.SerializedColumn {name: SkyCoord.pm_ra_cosdec}
#       ra: !astropy.table.SerializedColumn
#         __class__: astropy.coordinates.angles.Longitude
#         unit: *id001
#         value: !astropy.table.SerializedColumn {name: SkyCoord.ra}
#         wrap_angle: !astropy.coordinates.Angle
#           unit: *id001
#           value: 360.0
#       representation_type: spherical
# schema: astropy-2.0
RA_ICRS_1 DE_ICRS_1 e_RA_ICRS e_DE_ICRS _r_1 HIP TYC2 Source rgeo Plx e_Plx pmRA pmDE e_pmRA e_pmDE RUWE Teff logg Gmag BP-RP BPmag RPmag RV e_RV b_rgeo B_rgeo FG e_FG FBP e_FBP FRP e_FRP RAVE5 RAVE6 e_Gmag e_BPmag e_RPmag e_BP-RP SkyCoord.ra SkyCoord.dec SkyCoord.distance SkyCoord.pm_ra_cosdec SkyCoord.pm_dec rmRA rmDE e_rmRA e_rmDE rRV e_rRV v_pec v_pec3d e_vpec e_vpec3d Pmemb
[from data line 94]
26.02694608373 61.81339647928 0.0169 0.0189 3.984 "" "" 511296786937824896 2948.69897 0.3117 0.0278 -1.097 -0.364 0.02 0.022 1.027 9581.6 3.4849 15.46361 1.091882 15.91645 14.824568 "" "" 2735.10767 3155.26392 12288.61396 2.6782 5872.7 9.1613 9318.2 9.7865 "" "" 0.0027654623064918885 0.00326401 0.0039476594 0.0072116693 26.02694608373 61.81339647928 2948.69897 -1.097 -0.36400000000000005 0.03039479541778567 -0.01677191996574401 0.11741111 0.1194111 "" "" 0.48520770688737763 "" 0.05719675551500393 "" 0.9
26.08598672059 61.88124984073 0.0166 0.0179 2.2482 "" "" 511298852826217728 2726.5293 0.3465 0.0272 -1.15 -0.284 0.02 0.021 1.037 9850.1 3.5388 15.483911 1.200375 15.993811 14.793436 "" "" 2495.85938 2985.97388 12060.98298 2.6648 5468.8 8.9851 9589.2 10.416 "" "" 0.002765743125935155 0.0033116646 0.0039591156 0.0072707804 26.08598672059 61.88124984073 2726.5293 -1.15 -0.2839999999999999 -0.022605204582214267 0.063228080034256 0.11741111 0.1184111 "" "" 0.8677972955178903 "" 0.10265885237904644 "" 1.0
26.07962179722 61.9304795009 0.0176 0.0189 3.7093 "" "" 511299196423589760 2702.13403 0.3391 0.028 -1.078 -0.239 0.02 0.021 1.035 9351.1 3.5727 15.501238 1.49193 16.175264 14.683334 "" "" 2528.5105 2923.64038 11870.02874 2.8012 4627.1 7.4315 10613.0 13.005 "" "" 0.0027672078310892402 0.0032902611 0.00400672 0.0072969813 26.07962179722 61.9304795009 2702.13403 -1.0779999999999994 -0.23899999999999927 0.049394795417785575 0.10822808003425599 0.11741111 0.1184111 "" "" 1.523743916235934 "" 0.1801664398090463 "" 0.9
25.97298946916 61.85453341225 0.0184 0.0198 1.7544 "" "" 511298543588585088 2896.84839 0.3111 0.0291 -1.142 -0.374 0.022 0.023 1.062 9678.7 3.7945 15.520166 1.154962 15.995314 14.840352 "" "" 2673.46216 3150.83325 11664.88048 2.8386 5461.2 8.1875 9183.7 17.221 "" "" 0.0027679588117448988 0.0032302656 0.004292875 0.007523141 25.97298946916 61.85453341225 2896.84839 -1.142 -0.374 -0.01460520458221426 -0.026771919965744018 0.1194111 0.120411105 "" "" 0.41875183156096374 "" 0.05032663544846084 "" 1.0
26.01901880992 61.87572847137 0.0173 0.0179 0.4049 "" "" 511298681027529216 2557.66699 0.36 0.0276 -1.236 -0.282 0.021 0.021 1.026 7670.4 3.2293 15.52546 1.231505 16.059116 14.827611 "" "" 2405.59668 2724.54614 11608.14368 2.9343 5149.6 8.3749 9292.1 11.263 "" "" 0.0027689552510148305 0.00330196 0.004001956 0.007303916 26.01901880992 61.87572847137 2557.66699 -1.236 -0.28200000000000003 -0.10860520458221434 0.06522808003425601 0.1184111 0.1184111 "" "" 1.535879190782543 "" 0.18186514659921052 "" 1.0
25.85330038896 61.8480297183 0.0172 0.0185 4.7216 "" "" 511484910806160384 2924.11328 0.3165 0.028 -1.074 -0.31 0.02 0.022 0.99 8611.0 3.4854 15.552183 1.196945 16.06248 14.865536 "" "" 2696.92822 3244.50146 11325.91768 2.5296 5133.6 8.9948 8973.1 11.09 "" "" 0.0027659705738759823 0.0033769868 0.004010532 0.007387519 25.85330038896 61.8480297183 2924.11328 -1.074 -0.31 0.05339479541778558 0.037228080034255984 0.11741111 0.1194111 "" "" 0.9021907924570982 "" 0.10652080781025974 "" 0.9
26.05439571473 61.88351463916 0.0174 0.0183 1.3768 "" "" 511299024624908544 2486.15649 0.3672 0.0282 -1.189 -0.376 0.021 0.022 1.006 9770.9 4.15 15.570927 1.106148 16.030306 14.924158 "" "" 2360.04492 2624.05298 11132.07863 2.64 5288.0 7.3541 8501.5 8.9125 "" "" 0.0027673250514700823 0.0031725378 0.00394706 0.007119598 26.05439571473 61.88351463916 2486.15649 -1.189 -0.37600000000000044 -0.06160520458221441 -0.02877191996574402 0.1184111 0.1194111 "" "" 0.8012534379979972 "" 0.09502127569411406 "" 1.0
25.87959602182 61.86255838814 0.0183 0.0199 3.7277 "" "" 511484979525630848 2880.70142 0.3184 0.0298 -1.115 -0.422 0.022 0.024 1.052 9051.3 3.6348 15.576107 1.273269 16.122467 14.849198 "" "" 2634.33569 3090.26294 11079.0854 2.3967 4857.7 10.408 9109.2 9.8449 "" "" 0.0027653128170796243 0.0036327124 0.0039573545 0.0075900666 25.87959602182 61.86255838814 2880.70142 -1.115 -0.4220000000000001 0.012394795417785653 -0.074771919965744 0.1194111 0.1214111 "" "" 1.0349076752721005 "" 0.12559436787402664 "" 0.9
26.01528243425 61.92568522155 0.0171 0.0188 2.8058 "" "" 511486800591719424 2723.18213 0.3395 0.0287 -0.994 -0.22 0.021 0.022 1.023 9467.2 3.4332 15.583881 1.435586 16.22866 14.793075 "" "" 2496.83276 2954.16919 11000.03446 2.5615 4405.1 8.8525 9592.4 11.023 "" "" 0.002766895595834281 0.0035419946 0.003979998 0.0075219925 26.01528243425 61.92568522155 2723.18213 -0.9940000000000001 -0.21999999999999997 0.13339479541778565 0.12722808003425598 0.1184111 0.1194111 "" "" 2.3794364127174354 "" 0.2828876336086323 "" 0.8
26.19332928324 61.87355313291 0.0182 0.0198 5.2912 "" "" 511298096911975808 2877.48315 0.3197 0.0299 -1.074 -0.419 0.023 0.023 1.011 7864.4 3.5257 15.714745 1.184011 16.215351 15.03134 "" "" 2639.5144 3189.70776 9750.9952 2.4012 4459.4 11.138 7702.3 8.435 "" "" 0.002768261759304594 0.0038908636 0.0039620064 0.00785287 26.19332928324 61.87355313291 2877.48315 -1.074 -0.419 0.05339479541778558 -0.071771919965744 0.120411105 0.120411105 "" "" 1.2201021025201657 "" 0.14691384293116383 "" 0.9
26.05781727712 61.88061536758 0.0195 0.0206 1.4507 "" "" 511299024624910208 2582.68384 0.3527 0.032 -1.033 -0.389 0.024 0.025 0.986 9094.1 4.1757 15.829582 1.355824 16.429348 15.073524 "" "" 2352.55298 2805.01611 8772.30841 2.3096 3661.7 7.4027 7408.8 7.5936 "" "" 0.002770108844595167 0.0035500717 0.0039398083 0.00748988 26.05781727712 61.88061536758 2582.68384 -1.033 -0.38899999999999996 0.09439479541778573 -0.04177191996574403 0.1214111 0.1224111 "" "" 1.2636646324345604 "" 0.15363056128843766 "" 1.0
26.00678561838 61.8736558139 0.0202 0.0214 0.3267 "" "" 511298681027530624 2724.01196 0.3401 0.0326 -1.211 -0.369 0.024 0.025 1.018 8999.0 3.5351 15.853148 1.148333 16.342812 15.194479 "" "" 2518.31396 2932.81567 8583.95375 2.3402 3965.4 8.1621 6627.8 6.73 "" "" 0.002771173879581821 0.0035748275 0.0039369003 0.0075117275 26.00678561838 61.8736558139 2724.01196 -1.2110000000000003 -0.3689999999999998 -0.08360520458221443 -0.021771919965744013 0.1214111 0.1224111 "" "" 1.1154977742881211 "" 0.13550492848978107 "" 1.0
26.0357664716 61.87550416296 0.0204 0.0219 0.8521 "" "" 511298646668181504 2522.65845 0.374 0.0327 -1.103 -0.395 0.025 0.025 1.004 9261.9 3.9764 15.860915 1.204914 16.374517 15.169603 "" "" 2313.62378 2764.08691 8522.76874 2.2466 3851.3 8.3045 6781.4 7.3265 "" "" 0.0027701443518138177 0.0036422603 0.003957231 0.0075994916 26.0357664716 61.87550416296 2522.65845 -1.1030000000000002 -0.3949999999999999 0.024394795417785664 -0.047771919965744036 0.1224111 0.1224111 "" "" 0.6413964170136363 "" 0.07851404226173177 "" 1.0
25.96927298928 61.88713055038 0.0203 0.0216 1.1607 "" "" 511486353915148160 2695.12891 0.3454 0.0327 -1.143 -0.365 0.024 0.025 1.015 9853.2 4.1571 15.867067 1.223031 16.379528 15.156497 "" "" 2499.36475 3041.1001 8474.61533 2.2158 3833.6 9.5334 6863.7 12.172 "" "" 0.00276990564462784 0.0038826664 0.004241581 0.008124247 25.96927298928 61.88713055038 2695.12891 -1.1429999999999998 -0.36500000000000027 -0.015605204582214371 -0.01777191996574401 0.1214111 0.1224111 "" "" 0.3021377324475178 "" 0.03685377944222844 "" 1.0
26.09626838724 61.75989118068 0.0193 0.0223 7.5902 "" "" 511295863529030912 2495.46289 0.3665 0.0332 -1.1 -0.317 0.024 0.026 0.993 9000.2 3.5789 15.871759 1.21936 16.395134 15.175774 "" "" 2329.82935 2711.41577 8438.06436 2.1719 3778.9 8.3618 6742.9 8.1657 "" "" 0.0027694562444171337 0.0036819736 0.0040015643 0.007683538 26.09626838724 61.75989118068 2495.46289 -1.1 -0.3170000000000004 0.027394795417785556 0.030228080034255977 0.1214111 0.123411104 "" "" 0.4825404612202909 "" 0.05911759821208896 "" 0.9
25.90193749387 61.89973038406 0.0205 0.022 3.2078 "" "" 511486525713829248 2748.03467 0.3378 0.0331 -1.221 -0.306 0.024 0.026 1.019 8850.2 3.5946 15.88219 1.495304 16.56141 15.066107 "" "" 2481.49048 3074.24487 8357.39636 2.1441 3242.3 7.5535 7459.6 7.4009 "" "" 0.002769364147554731 0.003766028 0.0039298944 0.0076959226 25.90193749387 61.89973038406 2748.03467 -1.2209999999999999 -0.3060000000000001 -0.09360520458221444 0.04122808003425599 0.1214111 0.123411104 "" "" 1.3322982273909667 "" 0.16219170088806217 "" 1.0
26.03112621561 61.89818334854 0.0221 0.022 1.3383 "" "" 511299093344379136 2548.24609 0.3676 0.0353 -1.183 -0.463 0.031 0.026 1.04 9202.6 4.1909 15.914852 1.451768 16.574146 15.122378 "" "" 2320.0686 2826.28979 8109.72238 2.2913 3204.5 13.379 7082.8 14.553 "" "" 0.0027723440952576797 0.0053229053 0.004388673 0.0097115785 26.03112621561 61.89818334854 2548.24609 -1.183 -0.463 -0.05560520458221441 -0.11577191996574404 0.1284111 0.123411104 "" "" 1.5513038547014946 "" 0.1929258001229936 "" 1.0
26.01078499805 61.88316201121 0.0202 0.0219 0.2707 "" "" 511298715387264128 2486.24731 0.3792 0.0333 -1.168 -0.278 0.024 0.026 0.978 9255.1 3.8706 15.93806 1.155825 16.428381 15.272556 "" "" 2258.00562 2728.30811 7938.21434 2.1931 3664.9 7.2675 6167.9 7.6092 "" "" 0.00277159953363323 0.0035242767 0.0040097195 0.0075339964 26.01078499805 61.88316201121 2486.24731 -1.168 -0.278 -0.04060520458221428 0.06922808003425596 0.1214111 0.123411104 "" "" 0.9458227553386831 "" 0.11624375618974105 "" 0.9
26.24692626463 61.7752003029 0.0194 0.0227 9.2306 "" "" 511294248621318912 2789.72388 0.3491 0.0342 -1.13 -0.36 0.023 0.026 1.011 9729.2 4.1508 15.988346 1.354821 16.583508 15.228686 "" "" 2541.59375 3041.24951 7578.93487 2.1418 3177.0 8.2345 6422.2 8.129 "" "" 0.0027723515012219413 0.003962876 0.0040214914 0.007984367 26.24692626463 61.7752003029 2789.72388 -1.13 -0.3600000000000001 -0.002605204582214249 -0.012771919965744005 0.120411105 0.123411104 "" "" 0.17236448758734194 "" 0.021251277463246496 "" 0.9
26.02008928101 61.89991319761 0.0221 0.0245 1.3056 "" "" 511299093338979456 2358.76904 0.3928 0.0364 -1.214 -0.256 0.027 0.028 1.048 "" "" 16.046875 1.321863 16.581083 15.25922 "" "" 2197.68652 2554.07764 7181.1978 2.597 3184.1 15.588 6244.1 22.328 "" "" 0.002783156297387871 0.0060031232 0.005418213 0.011421336 26.02008928101 61.89991319761 2358.76904 -1.2139999999999995 -0.25600000000000067 -0.08660520458221432 0.09122808003425598 0.124411106 0.12541111 "" "" 1.4063988562662333 "" 0.17571277700884086 "" 0.9
