Clusters/NGC_654/NGC_654_members.tsv
# %ECSV 1.0
# ---
# datatype:
# - name: RA_ICRS_1
#   unit: deg
#   datatype: float64
#   format: '{:15.11f}'
#   description: Right ascension (ICRS) at Ep=2016.0 (ra)
#   meta: !!omap
#   - {ucd: POS_EQ_RA_MAIN}
#   - {width: 15}
#   - {precision: '11'}
# - name: DE_ICRS_1
#   unit: deg
#   datatype: float64
#   format: '{:15.11f}'
#   description: Declination (ICRS) at Ep=2016.0 (dec)
#   meta: !!omap
#   - {ucd: POS_EQ_DEC_MAIN}
#   - {width: 15}
#   - {precision: '11'}
# - name: e_RA_ICRS
#   unit: mas
#   datatype: float64
#   format: '{:7.4f}'
#   description: Standard error of right ascension (ra_error)
#   meta: !!omap
#   - {ucd: ERROR}
#   - {width: 7}
#   - {precision: '4'}
# - name: e_DE_ICRS
#   unit: mas
#   datatype: float64
#   format: '{:7.4f}'
#   description: Standard error of declination (dec_error)
#   meta: !!omap
#   - {ucd: ERROR}
#   - {width: 7}
#   - {precision: '4'}
# - name: _r_1
#   unit: ''
#   datatype: float64
#   format: '{:7.4f}'
#   description: Distance from center (026.00661773000+61.87909985000)[ICRS], at Epoch=J2016.0
#   meta: !!omap
#   - {ucd: POS_ANG_DIST_GENERAL}
#   - {width: 7}
#   - {precision: '4'}
# - name: HIP
#   datatype: int32
#   description: '? HIP cross-id number, van Leeuwen, Cat. I/311 (hip_original_ext_source_id)'
#   meta: !!omap
#   - {ucd: ID_NUMBER}
#   - {width: 6}
#   - values: {'null': -2147483648}
# - name: TYC2
#   datatype: string
#   description: Tycho-2 cross-id name, Hog et al., Cat. I/259 (tyc2_original_ext_source_id)
#   meta: !!omap
#   - {ucd: ID_CROSSID}
#   - {_votable_string_dtype: char}
# - name: Source
#   datatype: int64
#   description: Source identifier, identical to the Gaia-EDR3 source_id (id)
#   meta: !!omap
#   - {ucd: ID_MAIN}
#   - {width: 19}
# - name: rgeo
#   unit: pc
#   datatype: float64
#   format: '{:15.8f}'
#   description: '? Median of the geometric distance posterior (r_med_geo)'
#   meta: !!omap
#   - {ucd: PHYS_DISTANCE_TRUE}
#   - {width: 15}
#   - {precision: '8'}
#   - values: {'null': .nan}
# - name: Plx
#   unit: mas
#   datatype: float64
#   format: '{:9.4f}'
#   description: '? Parallax (parallax)'
#   meta: !!omap
#   - {ucd: POS_PARLX_TRIG}
#   - {width: 9}
#   - {precision: '4'}
#   - values: {'null': .nan}
# - name: e_Plx
#   unit: mas
#   datatype: float32
#   format: '{:7.4f}'
#   description: '? Standard error of parallax (parallax_error)'
#   meta: !!omap
#   - {ucd: ERROR}
#   - {width: 7}
#   - {precision: '4'}
#   - values: {'null': .nan}
# - name: pmRA
#   unit: mas / yr
#   datatype: float64
#   format: '{:9.3f}'
#   description: '? Proper motion in right ascension direction, pmRA*cosDE (pmra)'
#   meta: !!omap
#   - {ucd: POS_EQ_PMRA}
#   - {width: 9}
#   - {precision: '3'}
#   - values: {'null': .nan}
# - name: pmDE
#   unit: mas / yr
#   datatype: float64
#   format: '{:9.3f}'
#   description: '? Proper motion in declination direction (pmdec)'
#   meta: !!omap
#   - {ucd: POS_EQ_PMDEC}
#   - {width: 9}
#   - {precision: '3'}
#   - values: {'null': .nan}
# - name: e_pmRA
#   unit: mas / yr
#   datatype: float32
#   format: '{:6.3f}'
#   description: '? Standard error of proper motion in right ascension direction (pmra_error)'
#   meta: !!omap
#   - {ucd: ERROR}
#   - {width: 6}
#   - {precision: '3'}
#   - values: {'null': .nan}
# - name: e_pmDE
[...]
#       distance: !astropy.table.SerializedColumn
#         __class__: astropy.coordinates.distances.Distance
#         unit: !astropy.units.Unit {unit: pc}
#         value: !astropy.table.SerializedColumn {name: SkyCoord.distance}
#       frame: icrs
#       obstime: !astropy.time.Time {format: jyear_str, in_subfmt: '*', jd1: 367701545.0, jd2: 0.0, out_subfmt: '*', precision: 3, scale: tt}
#       pm_dec: !astropy.table.SerializedColumn
#         __class__: astropy.units.quantity.Quantity
#         unit: !astropy.units.Unit {unit: mas / yr}
#         value: !astropy.table.SerializedColumn {name: SkyCoord.pm_dec}
#       pm_ra_cosdec: !astropy.table.SerializedColumn
#         __class__: astropy.units.quantity.Quantity
#         unit: !astropy.units.Unit {unit: mas / yr}
#         value: !astropy.table.SerializedColumn {name: SkyCoord.pm_ra_cosdec}
#       ra: !astropy.table.SerializedColumn
#         __class__: astropy.coordinates.angles.Longitude
#         unit: *id001
#         value: !astropy.table.SerializedColumn {name: SkyCoord.ra}
#         wrap_angle: !astropy.coordinates.Angle
#           unit: *id001
#           value: 360.0
#       representation_type: spherical
# schema: astropy-2.0
RA_ICRS_1 DE_ICRS_1 e_RA_ICRS e_DE_ICRS _r_1 HIP TYC2 Source rgeo Plx e_Plx pmRA pmDE e_pmRA e_pmDE RUWE Teff logg Gmag BP-RP BPmag RPmag RV e_RV b_rgeo B_rgeo FG e_FG FBP e_FBP FRP e_FRP RAVE5 RAVE6 e_Gmag e_BPmag e_RPmag e_BP-RP SkyCoord.ra SkyCoord.dec SkyCoord.distance SkyCoord.pm_ra_cosdec SkyCoord.pm_dec rmRA rmDE e_rmRA e_rmDE rRV e_rRV v_pec v_pec3d e_vpec e_vpec3d Pmemb
[from data line 32]
25.87253299987 61.76053448309 0.0079 0.0094 8.0649 "" "" 511484017453005312 2051.01587 0.4522 0.0139 -1.306 -0.046 0.01 0.011 0.95 "" "" 13.665685 1.093656 14.11897 13.025314 "" "" 1999.6626 2108.77051 64368.40973 7.7612 30749.0 19.791 48869.0 38.839 "" "" 0.002758428435062543 0.0028763497 0.0038766374 0.0067529874 25.87253299987 61.76053448309 2051.01587 -1.305999999999999 -0.04600000000000007 -0.1786052045822144 0.301228080034256 0.1074111 0.1084111 "" "" 3.4045538086086933 "" 0.3682088929862 "" 0.8
25.94130973521 61.8620427822 0.0088 0.0095 2.112 "" "" 511486285195688320 2760.29956 0.33 0.014 -1.071 -0.38 0.01 0.011 0.956 13394.7 3.7329 13.707123 0.919364 14.072619 13.153254 "" "" 2643.56494 2868.56567 61958.02142 10.837 32090.0 19.869 43437.0 18.081 "" "" 0.002761856842801867 0.0028700118 0.0038063081 0.00667632 25.94130973521 61.8620427822 2760.29956 -1.0710000000000002 -0.37999999999999967 0.05639479541778569 -0.03277191996574402 0.1074111 0.1084111 "" "" 0.8533992813798711 "" 0.09188074233071429 "" 1.0
26.0067857348 61.92637121238 0.0081 0.0091 2.8363 "" "" 511486800591719168 2917.52124 0.3083 0.0136 -1.141 -0.227 0.01 0.011 1.048 15243.1 4.0277 13.766211 1.150076 14.24998 13.099904 "" "" 2791.81421 3040.05713 58676.29733 8.7583 27254.0 15.605 45624.0 18.187 "" "" 0.0027600821587797477 0.0028585866 0.003804083 0.0066626696 26.0067857348 61.92637121238 2917.52124 -1.141 -0.2269999999999995 -0.01360520458221437 0.12022808003425597 0.1074111 0.1084111 "" "" 1.6732518611977834 "" 0.18137802099152983 "" 1.0
26.04906041586 61.8998177905 0.0083 0.0095 1.7277 "" "" 511299127704116608 2803.66138 0.3229 0.0141 -0.827 -0.176 0.01 0.011 1.074 14106.0 3.7572 13.772258 1.065888 14.212402 13.146514 "" "" 2696.19922 2912.94507 58350.37504 9.1892 28213.0 22.025 43707.0 19.136 "" "" 0.002760620459637207 0.0029160716 0.0038091596 0.006725231 26.04906041586 61.8998177905 2803.66138 -0.8269999999999998 -0.17600000000000002 0.3003947954177857 0.171228080034256 0.1074111 0.1084111 "" "" 4.595044799923419 "" 0.4946896306093847 "" 0.8
26.00305689319 61.89771574487 0.0086 0.01 1.1215 "" "" 511486388274875392 2900.31763 0.3111 0.0148 -1.091 -0.277 0.011 0.012 1.0 15186.3 3.8704 13.821456 1.130328 14.297201 13.166873 "" "" 2769.125 3018.44922 55765.35595 7.9392 26094.0 17.163 42895.0 16.746 "" "" 0.0027596526124031855 0.0028801092 0.0038030762 0.0066831857 26.00305689319 61.89771574487 2900.31763 -1.091 -0.2770000000000001 0.036394795417785675 0.07022808003425596 0.1084111 0.109411106 "" "" 1.0874063439722292 "" 0.11874494523723907 "" 1.0
26.29181610274 61.89168914246 0.0089 0.01 8.0991 "" "" 511391830274464640 2777.43677 0.3282 0.0144 -1.009 -0.3 0.01 0.011 1.035 "" "" 13.826724 0.95604 14.211957 13.255917 "" "" 2668.20947 2896.94629 55495.3954 7.7273 28225.0 15.766 39518.0 12.366 "" "" 0.002759464600722651 0.0028553212 0.0037946221 0.006649943 26.29181610274 61.89168914246 2777.43677 -1.009000000000001 -0.30000000000000027 0.11839479541778575 0.04722808003425599 0.1074111 0.1084111 "" "" 1.6781085892898326 "" 0.18047878620335234 "" 0.9
26.07829483943 61.86094099252 0.0085 0.0093 2.3018 "" "" 511298440509366272 2851.78711 0.3187 0.014 -1.148 -0.421 0.01 0.011 1.014 "" "" 13.856821 0.929763 14.229611 13.299849 "" "" 2769.50269 2951.81445 53978.21193 7.203 27770.0 21.74 37951.0 17.862 "" "" 0.002759126793333752 0.002916764 0.0038137725 0.0067305365 26.07829483943 61.86094099252 2851.78711 -1.1480000000000008 -0.421 -0.020605204582214265 -0.073771919965744 0.1074111 0.1084111 "" "" 1.0353774434038499 "" 0.1121718034651595 "" 1.0
26.03437541851 61.88545427752 0.0093 0.0103 0.8726 "" "" 511298711083211392 2948.14478 0.3123 0.0153 -1.267 -0.25 0.012 0.013 0.989 11968.4 3.8118 13.961453 1.08453 14.401892 13.317362 "" "" 2801.46948 3092.59692 49019.10828 7.9695 23695.0 24.572 37343.0 49.037 "" "" 0.0027609686980933175 0.0030087784 0.0040393625 0.007048141 26.03437541851 61.88545427752 2948.14478 -1.2670000000000001 -0.24999999999999972 -0.13960520458221426 0.09722808003425598 0.109411106 0.11041111 "" "" 2.3773781472191207 "" 0.2608904516910408 "" 0.9
25.92641397361 61.91597064084 0.0087 0.0104 3.1674 "" "" 511486628793034624 2762.38647 0.3311 0.0148 -1.216 -0.457 0.011 0.013 1.056 11824.5 3.7243 13.967212 1.343807 14.556687 13.21288 "" "" 2655.35986 2861.14111 48759.80311 10.558 20547.0 21.071 41116.0 24.999 "" "" 0.002765331664391578 0.0030041246 0.0038366017 0.0068407264 25.92641397361 61.91597064084 2762.38647 -1.2159999999999997 -0.4570000000000004 -0.08860520458221433 -0.10977191996574404 0.1084111 0.11041111 "" "" 1.8471304804412458 "" 0.2024943767331013 "" 1.0
26.27047092597 61.95307956616 0.0096 0.0107 8.6745 "" "" 511392620548435328 2473.38599 0.3669 0.016 -1.078 -0.271 0.011 0.012 1.1 "" "" 14.050228 1.981755 15.033265 13.05151 "" "" 2380.2229 2583.13599 45170.56219 13.468 13247.0 17.79 47704.0 29.469 "" "" 0.0027742720122331606 0.0031481835 0.0038384346 0.006986618 26.27047092597 61.95307956616 2473.38599 -1.078 -0.2709999999999999 0.049394795417785575 0.07622808003425596 0.1084111 0.109411106 "" "" 1.064908048810961 "" 0.11619886943425274 "" 0.9
25.96618116797 61.8901613093 0.0091 0.0102 1.322 "" "" 511486422634621312 2672.94727 0.3409 0.0151 -1.181 -0.31 0.011 0.012 0.993 12933.2 3.8197 14.05127 0.967296 14.439925 13.47263 "" "" 2561.32666 2776.38159 45127.2737 7.7587 22880.0 18.287 32367.0 17.796 "" "" 0.0027616362958833777 0.0029220018 0.0038262366 0.0067482386 25.96618116797 61.8901613093 2672.94727 -1.1809999999999994 -0.3100000000000006 -0.053605204582214405 0.037228080034255984 0.1084111 0.109411106 "" "" 0.8268855228957207 "" 0.08991345738163889 "" 1.0
25.96907934283 61.86884492098 0.0097 0.0104 1.2272 "" "" 511486250835946240 2644.78784 0.345 0.0157 -1.237 -0.302 0.012 0.013 1.012 12471.5 3.8721 14.083729 0.991469 14.486782 13.495313 "" "" 2546.78052 2772.40942 43798.08475 6.263 21913.0 13.044 31698.0 12.299 "" "" 0.0027596909580767486 0.0028640444 0.003802788 0.0066668326 25.96907934283 61.86884492098 2644.78784 -1.237 -0.30199999999999994 -0.10960520458221445 0.04522808003425599 0.109411106 0.11041111 "" "" 1.4864302830258163 "" 0.16284910130514738 "" 0.9
26.03016640213 61.86848571169 0.0098 0.0105 0.9215 "" "" 511298612308443904 2713.18384 0.3371 0.0155 -1.035 -0.34 0.012 0.012 0.999 10525.7 3.8044 14.165698 1.029563 14.586964 13.557401 "" "" 2608.70581 2869.97534 40613.22614 14.977 19982.0 29.474 29936.0 33.483 "" "" 0.0027842593963497814 0.0032171137 0.003969691 0.007186805 26.03016640213 61.86848571169 2713.18384 -1.035 -0.33999999999999997 0.09239479541778572 0.007228080034255957 0.109411106 0.109411106 "" "" 1.1918729433827846 "" 0.13040413636722628 "" 1.0
25.99281421649 61.88420698949 0.0104 0.0114 0.4962 "" "" 511486353915150080 2997.04907 0.3022 0.0169 -1.129 -0.454 0.013 0.014 1.034 11348.6 3.8331 14.229506 1.022071 14.64716 13.625089 "" "" 2846.3916 3177.54517 38295.2176 6.2566 18904.0 16.154 28127.0 14.372 "" "" 0.0027610242710984184 0.0029403819 0.0038198826 0.0067602647 25.99281421649 61.88420698949 2997.04907 -1.129 -0.4540000000000001 -0.001605204582214359 -0.10677191996574403 0.11041111 0.1114111 "" "" 1.5169746436571068 "" 0.16900747568294425 "" 1.0
25.75200959063 61.91490253332 0.0105 0.0116 7.5099 "" "" 511486147756700800 2836.61401 0.3243 0.0166 -0.99 -0.129 0.012 0.014 0.999 13257.4 3.8006 14.236901 0.894553 14.591194 13.696641 "" "" 2708.23486 2950.59473 38035.25967 33.047 19904.0 62.536 26333.0 66.313 "" "" 0.00291233357915383 0.0044070063 0.004664688 0.009071695 25.75200959063 61.91490253332 2836.61401 -0.99 -0.12899999999999998 0.13739479541778565 0.21822808003425598 0.109411106 0.1114111 "" "" 3.4673054392016294 "" 0.38434054053351885 "" 0.8
26.06619280082 61.89370700613 0.0101 0.0106 1.8988 "" "" 511299058984641792 2847.06836 0.3174 0.0159 -1.246 -0.328 0.012 0.012 0.951 13464.7 4.2642 14.268014 1.000084 14.674829 13.674745 "" "" 2737.91968 2990.60254 36960.79013 12.237 18428.0 22.821 26870.0 27.098 "" "" 0.0027786697058730173 0.0030972399 0.0039347988 0.0070320386 26.06619280082 61.89370700613 2847.06836 -1.2459999999999998 -0.32799999999999974 -0.11860520458221435 0.019228080034255968 0.109411106 0.109411106 "" "" 1.6214867925287013 "" 0.1774086625462223 "" 1.0
26.06446451581 61.87287659619 0.0101 0.0108 1.6781 "" "" 511298818466483840 2866.44727 0.3186 0.0163 -1.274 -0.375 0.012 0.013 0.996 11769.0 3.7071 14.274663 1.053451 14.708004 13.654552 "" "" 2735.55078 3021.67261 36735.14271 11.239 17874.0 20.158 27374.0 25.756 "" "" 0.0027752713952239375 0.0030470293 0.0039150114 0.0069620404 26.06446451581 61.87287659619 2866.44727 -1.2739999999999996 -0.3750000000000004 -0.14660520458221438 -0.02777191996574402 0.109411106 0.11041111 "" "" 2.027344068167943 "" 0.22188449664703822 "" 0.9
25.96327746341 61.90069066369 0.01 0.011 1.7831 "" "" 511486418330358272 2842.58252 0.3193 0.0165 -1.07 -0.288 0.012 0.013 1.042 10957.5 3.8032 14.29536 1.206949 14.808631 13.601682 "" "" 2713.21558 2984.37183 36041.48957 12.541 16292.0 23.063 28740.0 29.897 "" "" 0.0027810999359203815 0.0031854871 0.003944537 0.007130024 25.96327746341 61.90069066369 2842.58252 -1.07 -0.2879999999999998 0.05739479541778558 0.059228080034256 0.109411106 0.11041111 "" "" 1.1112552428747215 "" 0.12215802015402474 "" 0.9
25.99522164144 61.87775756655 0.0104 0.0121 0.3322 "" "" 511298681027528320 2960.10767 0.3066 0.0173 -0.893 -0.418 0.012 0.014 1.078 11665.1 3.782 14.301691 0.998445 14.682009 13.683563 "" "" 2814.34473 3129.36768 35831.9539 7.749 18307.0 48.398 26652.0 87.736 "" "" 0.0027653066359007946 0.004002992 0.0052017546 0.009204747 25.99522164144 61.87775756655 2960.10767 -0.8929999999999996 -0.4180000000000003 0.23439479541778563 -0.070771919965744 0.109411106 0.1114111 "" "" 3.4354128803576547 "" 0.376451164475632 "" 1.0
26.26869965481 61.94430260067 0.0106 0.0117 8.3738 "" "" 511392517469221248 2868.57617 0.3147 0.0176 -0.99 -0.32 0.013 0.014 1.055 10034.4 3.5367 14.310988 1.326424 14.889068 13.562644 "" "" 2735.13501 3015.90479 35526.41245 5.5844 15128.0 13.426 29792.0 17.541 "" "" 0.0027606007715043415 0.002951871 0.0038330643 0.0067849355 26.26869965481 61.94430260067 2868.57617 -0.9900000000000002 -0.3200000000000002 0.13739479541778565 0.027228080034255975 0.11041111 0.1114111 "" "" 1.9044949289009887 "" 0.21034967620218234 "" 1.0
25.81184443277 61.92257288919 0.0107 0.0121 6.091 "" "" 511487384707275392 2645.00488 0.3556 0.0172 -1.208 -0.428 0.013 0.014 0.995 13238.0 3.8333 14.332392 1.083834 14.780502 13.696669 "" "" 2515.37427 2794.07349 34832.91921 20.901 16719.0 32.553 26332.0 59.129 "" "" 0.002831292345489484 0.003500578 0.0044975295 0.007998107 25.81184443277 61.92257288919 2645.00488 -1.2079999999999997 -0.42800000000000055 -0.08060520458221432 -0.08077191996574401 0.11041111 0.1114111 "" "" 1.4306454766982524 "" 0.15867756072968592 "" 1.0
26.03888959913 61.89539644083 0.0103 0.0113 1.3374 "" "" 511299093344779264 3003.56177 0.3022 0.0169 -1.166 -0.243 0.013 0.014 1.03 "" "" 14.414597 1.143638 14.892564 13.748926 "" "" 2841.34155 3134.15918 32292.98795 5.1519 15080.0 15.89 25095.0 21.508 "" "" 0.002760759417943695 0.003015611 0.0038922539 0.006907865 26.03888959913 61.89539644083 3003.56177 -1.166 -0.24300000000000005 -0.03860520458221428 0.10422808003425599 0.11041111 0.1114111 "" "" 1.5823995486786386 "" 0.17610673316705514 "" 1.0
26.04063045588 61.86238577383 0.0109 0.0118 1.3898 "" "" 511298612308057856 2772.88501 0.3308 0.0177 -1.166 -0.288 0.013 0.014 1.018 8666.7 3.4614 14.423175 1.065057 14.864499 13.799442 "" "" 2647.96655 2887.19067 32038.84216 4.9423 15475.0 13.043 23954.0 15.812 "" "" 0.002760405896634998 0.0029364037 0.0038467357 0.0067831394 26.04063045588 61.86238577383 2772.88501 -1.1659999999999997 -0.2880000000000001 -0.03860520458221428 0.059228080034256 0.11041111 0.1114111 "" "" 0.9292285539371098 "" 0.10325018379311336 "" 1.0
25.98088163595 61.9305733016 0.0106 0.0114 3.1729 "" "" 511486869311193728 2838.58032 0.3232 0.0173 -1.062 -0.374 0.013 0.014 0.987 15001.7 3.6501 14.443985 1.473164 15.110569 13.637405 "" "" 2706.7334 2982.78687 31430.60157 5.7488 12336.0 9.4438 27810.0 13.429 "" "" 0.002762467344972749 0.0029113423 0.0038155734 0.006726916 25.98088163595 61.9305733016 2838.58032 -1.0619999999999998 -0.37399999999999917 0.06539479541778559 -0.026771919965744018 0.11041111 0.1114111 "" "" 0.9507572830823555 "" 0.10511116603708089 "" 1.0
26.12730045262 61.93793727031 0.0111 0.0118 4.908 "" "" 511392861066606464 2639.39331 0.3478 0.0174 -0.923 -0.25 0.013 0.014 1.036 11233.6 3.5034 14.446518 1.297552 15.00891 13.711358 "" "" 2531.03564 2758.81909 31357.359 5.3928 13547.0 10.772 25979.0 12.182 "" "" 0.0027616399284019063 0.002920683 0.0038135194 0.0067342026 26.12730045262 61.93793727031 2639.39331 -0.923 -0.2500000000000002 0.2043947954177856 0.09722808003425598 0.11041111 0.1114111 "" "" 2.831697685858207 "" 0.3131753194655091 "" 0.8
25.72316065808 61.79136480595 0.0105 0.0118 9.5997 "" "" 511479172729883776 2723.50903 0.3351 0.0174 -1.253 -0.389 0.013 0.014 1.013 "" "" 14.44817 1.170103 14.942488 13.772385 "" "" 2612.84326 2847.5415 31309.69782 6.8954 14402.0 15.582 24559.0 19.883 "" "" 0.002765676206613227 0.0030273674 0.0038802568 0.006907624 25.72316065808 61.79136480595 2723.50903 -1.253 -0.38899999999999996 -0.12560520458221425 -0.04177191996574403 0.11041111 0.1114111 "" "" 1.7088091277507815 "" 0.1888423733034291 "" 0.8
25.96160276931 61.88035572129 0.0109 0.0119 1.2752 "" "" 511486250835938432 2801.41626 0.3222 0.0181 -1.083 -0.351 0.013 0.014 1.019 12503.4 3.9764 14.460209 0.971029 14.85145 13.880421 "" "" 2678.54639 2960.51758 30964.43567 5.6585 15662.0 13.041 22233.0 12.624 "" "" 0.0027624546572540282 0.0029329741 0.0038293318 0.006762306 25.96160276931 61.88035572129 2801.41626 -1.083 -0.351 0.04439479541778568 -0.0037719199657439972 0.11041111 0.1114111 "" "" 0.591629665689581 "" 0.06532674588834547 "" 1.0
26.03080944038 61.87125432603 0.011 0.012 0.8305 "" "" 511298646668182016 2989.40747 0.3086 0.0178 -1.138 -0.284 0.013 0.014 0.998 11416.3 3.901 14.526555 1.017983 14.942854 13.924871 "" "" 2797.58057 3153.49341 29128.94184 4.8294 14397.0 11.52 21341.0 13.801 "" "" 0.0027611940228078505 0.0029222954 0.00384405 0.0067663454 26.03080944038 61.87125432603 2989.40747 -1.138 -0.28400000000000003 -0.010605204582214256 0.063228080034256 0.11041111 0.1114111 "" "" 0.9084439336886859 "" 0.10118599049029513 "" 1.0
26.01586843843 61.88769414583 0.0128 0.0137 0.5782 "" "" 511298715387262080 2592.21387 0.3543 0.0212 -1.14 -0.465 0.015 0.016 1.137 "" "" 14.584204 1.076014 14.97593 13.899917 "" "" 2430.63574 2754.26465 27622.65537 6.6724 13965.0 41.797 21837.0 72.057 "" "" 0.002767773929870786 0.0042830925 0.0052076187 0.009490712 26.01586843843 61.88769414583 2592.21387 -1.14 -0.465 -0.012605204582214258 -0.11777191996574404 0.112411104 0.113411106 "" "" 1.4553395429436287 "" 0.16503525632979713 "" 1.0
26.01361039474 61.91188842803 0.0118 0.013 1.9772 "" "" 511486800591727360 2754.49878 0.3333 0.0195 -1.167 -0.48 0.014 0.015 1.12 10814.7 3.8325 14.64396 1.179104 15.133829 13.954725 "" "" 2586.82495 2903.60693 26143.42949 4.2333 12075.0 15.766 20762.0 15.182 "" "" 0.002760923426803729 0.003129646 0.0038618722 0.006991518 26.01361039474 61.91188842803 2754.49878 -1.167 -0.48 -0.03960520458221439 -0.132771919965744 0.1114111 0.112411104 "" "" 1.8089938858965044 "" 0.20320379212483167 "" 1.0
