Clusters/NGC_654/NGC_654_members.tsv
# %ECSV 1.0
# ---
# datatype:
# - name: RA_ICRS_1
#   unit: deg
#   datatype: float64
#   format: '{:15.11f}'
#   description: Right ascension (ICRS) at Ep=2016.0 (ra)
#   meta: !!omap
#   - {ucd: POS_EQ_RA_MAIN}
#   - {width: 15}
#   - {precision: '11'}
# - name: DE_ICRS_1
#   unit: deg
#   datatype: float64
#   format: '{:15.11f}'
#   description: Declination (ICRS) at Ep=2016.0 (dec)
#   meta: !!omap
#   - {ucd: POS_EQ_DEC_MAIN}
#   - {width: 15}
#   - {precision: '11'}
# - name: e_RA_ICRS
#   unit: mas
#   datatype: float64
#   format: '{:7.4f}'
#   description: Standard error of right ascension (ra_error)
#   meta: !!omap
#   - {ucd: ERROR}
#   - {width: 7}
#   - {precision: '4'}
# - name: e_DE_ICRS
#   unit: mas
#   datatype: float64
#   format: '{:7.4f}'
#   description: Standard error of declination (dec_error)
#   meta: !!omap
#   - {ucd: ERROR}
#   - {width: 7}
#   - {precision: '4'}
# - name: _r_1
#   unit: ''
#   datatype: float64
#   format: '{:7.4f}'
#   description: Distance from center (026.00661773000+61.87909985000)[ICRS], at Epoch=J2016.0
#   meta: !!omap
#   - {ucd: POS_ANG_DIST_GENERAL}
#   - {width: 7}
#   - {precision: '4'}
# - name: HIP
#   datatype: int32
#   description: '? HIP cross-id number, van Leeuwen, Cat. I/311 (hip_original_ext_source_id)'
#   meta: !!omap
#   - {ucd: ID_NUMBER}
#   - {width: 6}
#   - values: {'null': -2147483648}
# - name: TYC2
#   datatype: string
#   description: Tycho-2 cross-id name, Hog et al., Cat. I/259 (tyc2_original_ext_source_id)
#   meta: !!omap
#   - {ucd: ID_CROSSID}
#   - {_votable_string_dtype: char}
# - name: Source
#   datatype: int64
#   description: Source identifier, identical to the Gaia-EDR3 source_id (id)
#   meta: !!omap
#   - {ucd: ID_MAIN}
#   - {width: 19}
# - name: rgeo
#   unit: pc
#   datatype: float64
#   format: '{:15.8f}'
#   description: '? Median of the geometric distance posterior (r_med_geo)'
#   meta: !!omap
#   - {ucd: PHYS_DISTANCE_TRUE}
#   - {width: 15}
#   - {precision: '8'}
#   - values: {'null': .nan}
# - name: Plx
#   unit: mas
#   datatype: float64
#   format: '{:9.4f}'
#   description: '? Parallax (parallax)'
#   meta: !!omap
#   - {ucd: POS_PARLX_TRIG}
#   - {width: 9}
#   - {precision: '4'}
#   - values: {'null': .nan}
# - name: e_Plx
#   unit: mas
#   datatype: float32
#   format: '{:7.4f}'
#   description: '? Standard error of parallax (parallax_error)'
#   meta: !!omap
#   - {ucd: ERROR}
#   - {width: 7}
#   - {precision: '4'}
#   - values: {'null': .nan}
# - name: pmRA
#   unit: mas / yr
#   datatype: float64
#   format: '{:9.3f}'
#   description: '? Proper motion in right ascension direction, pmRA*cosDE (pmra)'
#   meta: !!omap
#   - {ucd: POS_EQ_PMRA}
#   - {width: 9}
#   - {precision: '3'}
#   - values: {'null': .nan}
# - name: pmDE
#   unit: mas / yr
#   datatype: float64
#   format: '{:9.3f}'
#   description: '? Proper motion in declination direction (pmdec)'
#   meta: !!omap
#   - {ucd: POS_EQ_PMDEC}
#   - {width: 9}
#   - {precision: '3'}
#   - values: {'null': .nan}
# - name: e_pmRA
#   unit: mas / yr
#   datatype: float32
#   format: '{:6.3f}'
#   description: '? Standard error of proper motion in right ascension direction (pmra_error)'
#   meta: !!omap
#   - {ucd: ERROR}
#   - {width: 6}
#   - {precision: '3'}
#   - values: {'null': .nan}
# - name: e_pmDE
[...]
#       distance: !astropy.table.SerializedColumn
#         __class__: astropy.coordinates.distances.Distance
#         unit: !astropy.units.Unit {unit: pc}
#         value: !astropy.table.SerializedColumn {name: SkyCoord.distance}
#       frame: icrs
#       obstime: !astropy.time.Time {format: jyear_str, in_subfmt: '*', jd1: 367701545.0, jd2: 0.0, out_subfmt: '*', precision: 3, scale: tt}
#       pm_dec: !astropy.table.SerializedColumn
#         __class__: astropy.units.quantity.Quantity
#         unit: !astropy.units.Unit {unit: mas / yr}
#         value: !astropy.table.SerializedColumn {name: SkyCoord.pm_dec}
#       pm_ra_cosdec: !astropy.table.SerializedColumn
#         __class__: astropy.units.quantity.Quantity
#         unit: !astropy.units.Unit {unit: mas / yr}
#         value: !astropy.table.SerializedColumn {name: SkyCoord.pm_ra_cosdec}
#       ra: !astropy.table.SerializedColumn
#         __class__: astropy.coordinates.angles.Longitude
#         unit: *id001
#         value: !astropy.table.SerializedColumn {name: SkyCoord.ra}
#         wrap_angle: !astropy.coordinates.Angle
#           unit: *id001
#           value: 360.0
#       representation_type: spherical
# schema: astropy-2.0
RA_ICRS_1 DE_ICRS_1 e_RA_ICRS e_DE_ICRS _r_1 HIP TYC2 Source rgeo Plx e_Plx pmRA pmDE e_pmRA e_pmDE RUWE Teff logg Gmag BP-RP BPmag RPmag RV e_RV b_rgeo B_rgeo FG e_FG FBP e_FBP FRP e_FRP RAVE5 RAVE6 e_Gmag e_BPmag e_RPmag e_BP-RP SkyCoord.ra SkyCoord.dec SkyCoord.distance SkyCoord.pm_ra_cosdec SkyCoord.pm_dec rmRA rmDE e_rmRA e_rmDE rRV e_rRV v_pec v_pec3d e_vpec e_vpec3d Pmemb
[from data line 63]
25.75236828405 61.92222779515 0.0119 0.0134 7.6369 "" "" 511486147756695168 2800.47559 0.3189 0.0192 -1.002 -0.108 0.014 0.015 1.022 10475.8 3.7608 14.726339 1.137084 15.2009 14.063816 "" "" 2640.30933 2980.42603 24233.22375 4.2274 11352.0 14.68 18777.0 10.735 "" "" 0.0027618223752317057 0.0031235176 0.0038300168 0.0069535347 25.75236828405 61.92222779515 2800.47559 -1.002 -0.10800000000000001 0.12539479541778564 0.239228080034256 0.1114111 0.112411104 "" "" 3.585374094981011 "" 0.40226580045968185 "" 0.8
26.07337764722 61.81629673238 0.012 0.0129 4.2156 "" "" 511298199991214976 2473.23267 0.3726 0.0196 -1.333 -0.671 0.014 0.015 0.991 "" "" 14.730082 1.026525 15.148615 14.12209 "" "" 2369.1272 2580.30981 24149.80342 4.1289 11912.0 12.422 17796.0 10.951 "" "" 0.002761566114917845 0.0030111412 0.0038379831 0.006849124 26.07337764722 61.81629673238 2473.23267 -1.333 -0.671 -0.20560520458221432 -0.32377191996574406 0.1114111 0.112411104 "" "" 4.4962685783607945 "" 0.5041424997082465 "" 0.8
26.11311944652 61.88958076219 0.0142 0.0144 3.0763 "" "" 511298955905428352 2768.88916 0.3282 0.0221 -1.11 -0.301 0.017 0.017 1.177 "" "" 14.771654 1.190452 15.258033 14.067581 "" "" 2639.26245 2950.40381 23242.61239 4.7943 10770.0 21.392 18712.0 24.067 "" "" 0.002764407012547549 0.0035264383 0.00402912 0.0075555583 26.11311944652 61.88958076219 2768.88916 -1.11 -0.301 0.017394795417785547 0.04622808003425599 0.1144111 0.1144111 "" "" 0.6482529430670766 "" 0.07416733277762043 "" 0.9
25.74765122365 61.93302408256 0.0129 0.0141 8.0005 "" "" 511486182116427776 3004.57275 0.3065 0.0206 -1.052 -0.339 0.015 0.016 0.995 12384.7 3.8123 14.775435 0.944312 15.153965 14.209653 "" "" 2843.47412 3232.36841 23161.80519 10.269 11853.0 18.782 16417.0 18.753 "" "" 0.0027970533742304755 0.0032779474 0.003977674 0.0072556213 25.74765122365 61.93302408256 3004.57275 -1.052 -0.339 0.0753947954177856 0.008228080034255958 0.112411104 0.113411106 "" "" 1.080123441654691 "" 0.12143063752086682 "" 1.0
26.01541103198 61.91196646378 0.0125 0.0135 1.9876 "" "" 511486800591727104 2774.28418 0.3378 0.02 -1.136 -0.324 0.015 0.016 1.037 11097.3 3.8091 14.808068 1.130868 15.270029 14.139161 "" "" 2608.29272 2975.76636 22476.01383 7.0802 10651.0 25.05 17518.0 29.673 "" "" 0.002776466561062262 0.003782272 0.0042030886 0.007985361 26.01541103198 61.91196646378 2774.28418 -1.1359999999999997 -0.3240000000000002 -0.008605204582214254 0.02322808003425597 0.112411104 0.113411106 "" "" 0.325738860679144 "" 0.0369032462338801 "" 1.0
25.95438550496 61.91100720607 0.0122 0.0137 2.4176 "" "" 511486452690110976 2679.99097 0.347 0.0202 -1.134 -0.409 0.015 0.016 0.979 9912.3 3.7655 14.84297 1.32184 15.419798 14.097958 "" "" 2547.74219 2864.03955 21765.00569 5.2081 9278.9 13.859 18196.0 15.986 "" "" 0.0027675417253581244 0.0032272013 0.0038978958 0.0071250973 25.95438550496 61.91100720607 2679.99097 -1.134 -0.409 -0.0066052045822142524 -0.06177191996574399 0.112411104 0.113411106 "" "" 0.7891716992241096 "" 0.0894919530162459 "" 1.0
26.03677975962 61.93503296633 0.0123 0.0141 3.4625 "" "" 511486938030852864 2961.64966 0.3088 0.021 -1.187 -0.362 0.015 0.016 1.06 7410.3 3.6841 14.845083 1.263191 15.388912 14.125721 "" "" 2796.21509 3113.67676 21722.69021 3.7976 9546.7 9.5777 17737.0 10.875 "" "" 0.0027618503544755693 0.0029952528 0.0038375608 0.006832814 26.03677975962 61.93503296633 2961.64966 -1.1870000000000003 -0.3619999999999996 -0.05960520458221441 -0.014771919965744007 0.112411104 0.113411106 "" "" 0.8620644134310035 "" 0.09695570524146958 "" 1.0
26.02485227191 61.90537896106 0.0127 0.0138 1.6589 "" "" 511299093344377088 2905.1416 0.3156 0.0207 -1.07 -0.365 0.016 0.016 1.048 10563.2 3.918 14.88515 1.105278 15.346226 14.240948 "" "" 2749.44434 3085.96313 20935.65673 3.576 9929.5 14.605 15951.0 11.963 "" "" 0.002761554351079621 0.0032148687 0.0038661074 0.007080976 26.02485227191 61.90537896106 2905.1416 -1.07 -0.3650000000000001 0.05739479541778558 -0.01777191996574401 0.113411106 0.113411106 "" "" 0.8273694279228531 "" 0.09383288203132863 "" 1.0
26.04698943815 61.83415435591 0.0132 0.0144 2.9288 "" "" 511298303070802176 2644.64917 0.3485 0.0217 -1.131 -0.221 0.016 0.017 0.98 11443.1 3.9873 14.887596 1.043758 15.312468 14.268709 "" "" 2497.68262 2826.14233 20888.55367 4.277 10243.0 11.072 15548.0 11.003 "" "" 0.002764273913643753 0.0030269464 0.0038566946 0.006883641 26.04698943815 61.83415435591 2644.64917 -1.1309999999999993 -0.2209999999999999 -0.003605204582214361 0.12622808003425598 0.113411106 0.1144111 "" "" 1.5829946543391584 "" 0.18111087626972558 "" 0.9
25.97727331496 61.86260940329 0.0139 0.0152 1.2915 "" "" 511486250835949184 2717.68042 0.3395 0.0219 -1.171 -0.39 0.017 0.018 1.038 11003.8 3.9627 14.888095 1.099605 15.346105 14.2465 "" "" 2561.59106 2888.68091 20878.95991 5.5472 9930.6 12.502 15869.0 11.373 "" "" 0.0027703790323035985 0.0031069908 0.0038586536 0.0069656447 25.97727331496 61.86260940329 2717.68042 -1.171 -0.39 -0.043605204582214396 -0.04277191996574403 0.1144111 0.1154111 "" "" 0.7868295825407102 "" 0.09040871999482872 "" 1.0
25.7214473019 61.82246557134 0.0128 0.015 8.7581 "" "" 511479516327252480 2564.51416 0.3619 0.0215 -1.174 -0.354 0.016 0.017 0.959 11166.7 3.9649 14.935873 1.053403 15.368068 14.314665 "" "" 2421.43994 2687.9624 19980.09469 3.7029 9731.7 10.243 14904.0 11.502 "" "" 0.002762657858749692 0.0030151277 0.0038711512 0.006886279 25.7214473019 61.82246557134 2564.51416 -1.174000000000001 -0.3539999999999996 -0.04660520458221429 -0.006771919965744 0.113411106 0.1144111 "" "" 0.5724727443300807 "" 0.06493665505665257 "" 1.0
26.02002854619 61.89345473387 0.0134 0.0146 0.9411 "" "" 511299093344380672 2955.09448 0.3091 0.0217 -1.122 -0.26 0.016 0.017 1.012 12095.7 3.9542 14.95859 1.169222 15.451213 14.281991 "" "" 2779.44141 3125.32812 19566.39593 12.378 9014.3 21.415 15359.0 29.719 "" "" 0.002839640254054011 0.0037997498 0.0043240385 0.008123788 26.02002854619 61.89345473387 2955.09448 -1.122 -0.26 0.005394795417785536 0.08722808003425597 0.113411106 0.1144111 "" "" 1.2241511381129966 "" 0.1400518349240212 "" 0.9
26.01392171791 61.86923878189 0.0133 0.0143 0.6267 "" "" 511298681027532288 2836.84961 0.3231 0.0214 -1.224 -0.407 0.016 0.017 1.008 9367.8 3.8051 14.96844 1.196282 15.480088 14.283806 "" "" 2681.06567 3001.27319 19389.67579 3.4654 8777.7 10.939 15333.0 13.305 "" "" 0.0027621447600781807 0.0031009442 0.0038950406 0.006995985 26.01392171791 61.86923878189 2836.84961 -1.224 -0.4069999999999999 -0.09660520458221433 -0.05977191996574399 0.113411106 0.1144111 "" "" 1.5275584315262485 "" 0.1736663226399777 "" 1.0
26.02966371017 61.93205996925 0.0132 0.0145 3.2436 "" "" 511486903670930176 2894.67114 0.3077 0.0219 -1.172 -0.321 0.016 0.017 1.056 12184.4 3.8444 14.986998 1.246397 15.519956 14.273559 "" "" 2739.07642 3102.021 19061.08547 9.3517 8461.3 11.953 15479.0 32.595 "" "" 0.0028063389822343293 0.0031839504 0.0044171116 0.007601062 26.02966371017 61.93205996925 2894.67114 -1.1719999999999993 -0.32099999999999973 -0.044605204582214286 0.026228080034255974 0.113411106 0.1144111 "" "" 0.7099786177773085 "" 0.08070246320365666 "" 1.0
26.15139553527 61.8809429706 0.0136 0.0146 4.0957 "" "" 511298131271711232 2621.87622 0.3491 0.0222 -1.137 -0.44 0.016 0.017 1.029 10248.3 3.6039 15.021186 1.194053 15.526355 14.332302 "" "" 2498.3269 2766.98877 18470.23493 3.6708 8411.5 11.017 14663.0 10.748 "" "" 0.002763756631525867 0.003131656 0.003862266 0.006993922 26.15139553527 61.8809429706 2621.87622 -1.137 -0.44000000000000006 -0.009605204582214366 -0.09277191996574402 0.113411106 0.1144111 "" "" 1.1591040494362164 "" 0.13260213000419463 "" 0.9
25.99391597308 61.90217176644 0.0132 0.0155 1.4301 "" "" 511486388274873088 2692.58911 0.3399 0.0229 -1.078 -0.256 0.016 0.019 0.949 10094.8 3.5852 15.050584 1.108165 15.510764 14.402599 "" "" 2540.92407 2974.72168 17976.82765 3.2293 8533.2 10.376 13744.0 12.088 "" "" 0.002762214564304982 0.0030867455 0.0038981526 0.006984898 25.99391597308 61.90217176644 2692.58911 -1.078 -0.256 0.049394795417785575 0.09122808003425598 0.113411106 0.116411105 "" "" 1.3240462656462175 "" 0.15324222737066528 "" 1.0
26.01793341788 61.9321672371 0.0133 0.0147 3.2001 "" "" 511486899366747648 2764.43604 0.328 0.022 -1.077 -0.365 0.016 0.017 1.013 7526.6 3.4903 15.075788 1.325473 15.6486 14.323127 "" "" 2623.09375 2928.39185 17564.32059 3.2409 7515.8 12.538 14788.0 14.342 "" "" 0.002762593679919079 0.0033265084 0.00392333 0.0072498387 26.01793341788 61.9321672371 2764.43604 -1.0770000000000004 -0.36499999999999966 0.05039479541778569 -0.01777191996574401 0.113411106 0.1144111 "" "" 0.7002033536017703 "" 0.07948858856678333 "" 1.0
26.12542298127 61.87578694981 0.0136 0.0153 3.3659 "" "" 511298784106742912 2632.31738 0.3515 0.023 -1.048 -0.283 0.017 0.018 1.023 10551.7 3.8482 15.097018 1.177866 15.594079 14.416213 "" "" 2484.83594 2794.56836 17224.22074 3.5935 7902.9 9.2734 13573.0 9.8826 "" "" 0.0027646156553848807 0.0030672755 0.0038611745 0.00692845 26.12542298127 61.87578694981 2632.31738 -1.048 -0.2829999999999999 0.0793947954177856 0.06422808003425601 0.1144111 0.1154111 "" "" 1.2741875044661597 "" 0.14628654502305635 "" 1.0
25.98771359274 61.89621300772 0.0141 0.0154 1.1576 "" "" 511486388274877312 2721.73804 0.3509 0.0233 -1.123 -0.278 0.017 0.018 0.927 10108.4 4.1288 15.118487 1.154207 15.598843 14.444635 "" "" 2544.18921 2921.93945 16886.96814 3.3127 7868.3 17.419 13222.0 15.077 "" "" 0.00276353997808356 0.0036827244 0.0039769993 0.007659724 25.98771359274 61.89621300772 2721.73804 -1.1230000000000002 -0.278 0.004394795417785646 0.06922808003425596 0.1144111 0.1154111 "" "" 0.8949119599481349 "" 0.10327919959138798 "" 0.9
26.11427094595 61.91238165468 0.014 0.0152 3.6395 "" "" 511298990265160704 2682.6355 0.3461 0.023 -1.209 -0.366 0.017 0.018 1.02 7749.2 3.8051 15.119579 1.320607 15.683957 14.36335 "" "" 2519.37231 2837.15112 16869.99154 3.2675 7275.0 15.83 14250.0 16.847 "" "" 0.0027633336008688583 0.0036560174 0.0039914125 0.0076474296 26.11427094595 61.91238165468 2682.6355 -1.209 -0.36599999999999966 -0.08160520458221443 -0.01877191996574401 0.1144111 0.1154111 "" "" 1.0647670313827828 "" 0.12187490117906923 "" 1.0
26.11870854482 61.88610847472 0.0142 0.0149 3.1973 "" "" 511298887185953536 2826.43408 0.3273 0.0227 -1.141 -0.391 0.017 0.017 1.002 9866.1 3.5198 15.123328 1.1318 15.595073 14.463273 "" "" 2658.81079 3011.44922 16811.85459 3.0972 7895.6 8.8582 12997.0 10.027 "" "" 0.002762570946204621 0.0030444749 0.0038710916 0.0069155665 26.11870854482 61.88610847472 2826.43408 -1.1409999999999998 -0.39100000000000046 -0.01360520458221437 -0.04377191996574403 0.1144111 0.1144111 "" "" 0.6140995266017537 "" 0.07025980280561354 "" 1.0
26.07446338963 61.87320862074 0.0142 0.015 1.9511 "" "" 511298818466483328 2998.97388 0.3055 0.0229 -1.188 -0.371 0.017 0.017 1.015 9981.9 4.0708 15.13763 1.095252 15.593682 14.49843 "" "" 2808.33813 3158.22437 16591.83424 3.3678 7905.8 11.12 12583.0 10.906 "" "" 0.0027641196878429174 0.0031807628 0.0038947752 0.007075538 26.07446338963 61.87320862074 2998.97388 -1.1880000000000002 -0.37099999999999916 -0.0606052045822143 -0.023771919965744015 0.1144111 0.1144111 "" "" 0.925414646378429 "" 0.1058777083378871 "" 1.0
26.01337934713 61.87634474828 0.0145 0.0156 0.2528 "" "" 511298681027528960 2589.12085 0.3536 0.0238 -1.109 -0.354 0.018 0.018 1.046 "" "" 15.142315 1.117951 15.609154 14.491202 "" "" 2435.84814 2761.08423 16520.41002 3.4245 7793.9 12.43 12667.0 9.4726 "" "" 0.002764496690383325 0.0032838073 0.0038656127 0.0071494197 26.01337934713 61.87634474828 2589.12085 -1.109 -0.3540000000000001 0.01839479541778566 -0.006771919965744 0.1154111 0.1154111 "" "" 0.24056078311930038 "" 0.027763385263436413 "" 1.0
26.03936028997 61.85756745499 0.0151 0.016 1.5897 "" "" 511298612308059776 2993.64038 0.3098 0.0241 -1.164 -0.18 0.019 0.019 1.002 9868.0 3.5376 15.184454 1.128651 15.65758 14.52893 "" "" 2793.23413 3213.57422 15891.51104 3.259 7453.9 12.255 12235.0 13.108 "" "" 0.0027643022937678947 0.0033123263 0.003954336 0.007266662 26.03936028997 61.85756745499 2993.64038 -1.164 -0.17999999999999997 -0.03660520458221428 0.167228080034256 0.116411105 0.116411105 "" "" 2.4291263521844315 "" 0.2827772823524952 "" 1.0
25.94446679779 61.88584819075 0.0146 0.0159 1.8035 "" "" 511486319555411200 2613.05737 0.3567 0.0238 -1.104 -0.353 0.017 0.019 0.991 8570.5 3.8347 15.199855 1.148971 15.682928 14.533957 "" "" 2470.09888 2783.77441 15667.68213 3.0529 7281.9 8.6905 12178.0 8.3178 "" "" 0.002763430250299486 0.0030763682 0.0038514498 0.006927818 25.94446679779 61.88584819075 2613.05737 -1.1040000000000005 -0.3530000000000003 0.023394795417785552 -0.005771919965743999 0.1144111 0.116411105 "" "" 0.29845412643664254 "" 0.0341809960636811 "" 1.0
26.16075452216 61.84702251022 0.0138 0.0154 4.7671 "" "" 511297959473034496 2772.62988 0.3301 0.0234 -1.083 -0.383 0.017 0.019 0.944 10418.1 3.9212 15.207537 0.961518 15.593557 14.632039 "" "" 2580.88452 2949.48975 15557.22361 3.0906 7906.7 8.9872 11126.0 8.2249 "" "" 0.002763749745216454 0.0030509133 0.0038636697 0.006914583 26.16075452216 61.84702251022 2772.62988 -1.0830000000000002 -0.38300000000000006 0.04439479541778568 -0.035771919965744026 0.1144111 0.116411105 "" "" 0.749285286370737 "" 0.08631960051278216 "" 1.0
26.01595563411 61.87394692127 0.0149 0.0156 0.4066 "" "" 511298681027530496 2679.50659 0.3392 0.024 -1.065 -0.369 0.017 0.018 0.995 10696.0 3.9055 15.212099 1.1056 15.674555 14.568954 "" "" 2507.12964 2840.43896 15491.98284 3.0009 7338.3 9.0088 11792.0 8.221 "" "" 0.0027633352152763003 0.0030921928 0.003854437 0.00694663 26.01595563411 61.87394692127 2679.50659 -1.0649999999999997 -0.36900000000000005 0.0623947954177857 -0.021771919965744013 0.1144111 0.1154111 "" "" 0.8393267831001536 "" 0.09611975807864659 "" 1.0
26.18165273266 61.74397638373 0.0142 0.0174 9.5048 "" "" 511292668073369728 2954.21118 0.3109 0.0253 -1.148 -0.325 0.018 0.02 0.979 10115.5 3.6659 15.284539 1.238431 15.816526 14.578095 "" "" 2766.71362 3244.95337 14492.09199 3.0306 6438.8 7.1886 11693.0 9.4479 "" "" 0.002764659325314821 0.0030421054 0.0038798621 0.0069219675 26.18165273266 61.74397638373 2954.21118 -1.1480000000000006 -0.3250000000000004 -0.020605204582214265 0.02222808003425597 0.1154111 0.11741111 "" "" 0.42442187018774197 "" 0.049441345225464874 "" 0.9
25.95841821163 61.93745097168 0.0152 0.0166 3.7566 "" "" 511487075469620864 2937.86597 0.3111 0.0251 -1.114 -0.227 0.018 0.019 0.999 "" "" 15.362141 1.556886 16.07807 14.521184 "" "" 2741.77344 3157.14453 13492.4377 2.8583 5060.5 6.7995 12322.0 8.3441 "" "" 0.002764903756149398 0.0031485336 0.0038502323 0.006998766 25.95841821163 61.93745097168 2937.86597 -1.114 -0.22699999999999998 0.013394795417785543 0.12022808003425597 0.1154111 0.116411105 "" "" 1.6845929859930473 "" 0.19608476452720744 "" 0.9
26.01668818497 61.9145177543 0.0158 0.0173 2.1441 "" "" 511486800591725696 2715.52271 0.3422 0.0261 -1.079 -0.338 0.02 0.02 1.047 9669.6 3.633 15.388287 1.337097 15.976187 14.63909 "" "" 2538.70532 2954.92432 13171.40957 3.0586 5558.3 9.7674 11054.0 9.194 "" "" 0.002766831413363663 0.0033801221 0.0038857711 0.0072658933 26.01668818497 61.9145177543 2715.52271 -1.079 -0.3380000000000001 0.048394795417785685 0.009228080034255959 0.11741111 0.11741111 "" "" 0.6341409323924608 "" 0.07445518875515697 "" 0.9
