Clusters/NGC_654/NGC_654_stars_in_region.tsv
# %ECSV 1.0
# ---
# datatype:
# - name: RA_ICRS_1
#   unit: deg
#   datatype: float64
#   format: '{:15.11f}'
#   description: Right ascension (ICRS) at Ep=2016.0 (ra)
#   meta: !!omap
#   - {ucd: POS_EQ_RA_MAIN}
#   - {width: 15}
#   - {precision: '11'}
# - name: DE_ICRS_1
#   unit: deg
#   datatype: float64
#   format: '{:15.11f}'
#   description: Declination (ICRS) at Ep=2016.0 (dec)
#   meta: !!omap
#   - {ucd: POS_EQ_DEC_MAIN}
#   - {width: 15}
#   - {precision: '11'}
# - name: e_RA_ICRS
#   unit: mas
#   datatype: float64
#   format: '{:7.4f}'
#   description: Standard error of right ascension (ra_error)
#   meta: !!omap
#   - {ucd: ERROR}
#   - {width: 7}
#   - {precision: '4'}
# - name: e_DE_ICRS
#   unit: mas
#   datatype: float64
#   format: '{:7.4f}'
#   description: Standard error of declination (dec_error)
#   meta: !!omap
#   - {ucd: ERROR}
#   - {width: 7}
#   - {precision: '4'}
# - name: _r_1
#   unit: ''
#   datatype: float64
#   format: '{:7.4f}'
#   description: Distance from center (026.00661773000+61.87909985000)[ICRS], at Epoch=J2016.0
#   meta: !!omap
#   - {ucd: POS_ANG_DIST_GENERAL}
#   - {width: 7}
#   - {precision: '4'}
# - name: HIP
#   datatype: int32
#   description: '? HIP cross-id number, van Leeuwen, Cat. I/311 (hip_original_ext_source_id)'
#   meta: !!omap
#   - {ucd: ID_NUMBER}
#   - {width: 6}
#   - values: {'null': -2147483648}
# - name: TYC2
#   datatype: string
#   description: Tycho-2 cross-id name, Hog et al., Cat. I/259 (tyc2_original_ext_source_id)
#   meta: !!omap
#   - {ucd: ID_CROSSID}
#   - {_votable_string_dtype: char}
# - name: Source
#   datatype: int64
#   description: Source identifier, identical to the Gaia-EDR3 source_id (id)
#   meta: !!omap
#   - {ucd: ID_MAIN}
#   - {width: 19}
# - name: rgeo
#   unit: pc
#   datatype: float64
#   format: '{:15.8f}'
#   description: '? Median of the geometric distance posterior (r_med_geo)'
#   meta: !!omap
#   - {ucd: PHYS_DISTANCE_TRUE}
#   - {width: 15}
#   - {precision: '8'}
#   - values: {'null': .nan}
# - name: Plx
#   unit: mas
#   datatype: float64
#   format: '{:9.4f}'
#   description: '? Parallax (parallax)'
#   meta: !!omap
#   - {ucd: POS_PARLX_TRIG}
#   - {width: 9}
#   - {precision: '4'}
#   - values: {'null': .nan}
# - name: e_Plx
#   unit: mas
#   datatype: float32
#   format: '{:7.4f}'
#   description: '? Standard error of parallax (parallax_error)'
#   meta: !!omap
#   - {ucd: ERROR}
#   - {width: 7}
#   - {precision: '4'}
#   - values: {'null': .nan}
# - name: pmRA
#   unit: mas / yr
#   datatype: float64
#   format: '{:9.3f}'
#   description: '? Proper motion in right ascension direction, pmRA*cosDE (pmra)'
#   meta: !!omap
#   - {ucd: POS_EQ_PMRA}
#   - {width: 9}
#   - {precision: '3'}
#   - values: {'null': .nan}
# - name: pmDE
#   unit: mas / yr
#   datatype: float64
#   format: '{:9.3f}'
#   description: '? Proper motion in declination direction (pmdec)'
#   meta: !!omap
#   - {ucd: POS_EQ_PMDEC}
#   - {width: 9}
#   - {precision: '3'}
#   - values: {'null': .nan}
# - name: e_pmRA
#   unit: mas / yr
#   datatype: float32
#   format: '{:6.3f}'
#   description: '? Standard error of proper motion in right ascension direction (pmra_error)'
#   meta: !!omap
#   - {ucd: ERROR}
#   - {width: 6}
#   - {precision: '3'}
#   - values: {'null': .nan}
# - name: e_pmDE
[...]
#         value: !astropy.table.SerializedColumn {name: SkyCoord.dec}
#       distance: !astropy.table.SerializedColumn
#         __class__: astropy.coordinates.distances.Distance
#         unit: !astropy.units.Unit {unit: pc}
#         value: !astropy.table.SerializedColumn {name: SkyCoord.distance}
#       frame: icrs
#       obstime: !astropy.time.Time {format: jyear_str, in_subfmt: '*', jd1: 367701545.0, jd2: 0.0, out_subfmt: '*', precision: 3, scale: tt}
#       pm_dec: !astropy.table.SerializedColumn
#         __class__: astropy.units.quantity.Quantity
#         unit: !astropy.units.Unit {unit: mas / yr}
#         value: !astropy.table.SerializedColumn {name: SkyCoord.pm_dec}
#       pm_ra_cosdec: !astropy.table.SerializedColumn
#         __class__: astropy.units.quantity.Quantity
#         unit: !astropy.units.Unit {unit: mas / yr}
#         value: !astropy.table.SerializedColumn {name: SkyCoord.pm_ra_cosdec}
#       ra: !astropy.table.SerializedColumn
#         __class__: astropy.coordinates.angles.Longitude
#         unit: *id001
#         value: !astropy.table.SerializedColumn {name: SkyCoord.ra}
#         wrap_angle: !astropy.coordinates.Angle
#           unit: *id001
#           value: 360.0
#       representation_type: spherical
# schema: astropy-2.0
RA_ICRS_1 DE_ICRS_1 e_RA_ICRS e_DE_ICRS _r_1 HIP TYC2 Source rgeo Plx e_Plx pmRA pmDE e_pmRA e_pmDE RUWE Teff logg Gmag BP-RP BPmag RPmag RV e_RV b_rgeo B_rgeo FG e_FG FBP e_FBP FRP e_FRP RAVE5 RAVE6 e_Gmag e_BPmag e_RPmag e_BP-RP SkyCoord.ra SkyCoord.dec SkyCoord.distance SkyCoord.pm_ra_cosdec SkyCoord.pm_dec rmRA rmDE e_rmRA e_rmDE rRV e_rRV v_pec v_pec3d e_vpec e_vpec3d
[from data line 32]
26.00617111871 61.90048696676 0.0101 0.0116 1.2833 "" "" 511486761929565824 2706.14526 0.344 0.017 -1.222 -0.184 0.013 0.014 1.152 "" "" 12.964729 1.076095 13.411806 12.335712 "" "" 2595.50513 2830.46704 122759.52812 19.292 58979.0 32.527 92230.0 25.466 "" "" 0.002760598266446622 0.0028536979 0.003791253 0.006644951 26.00617111871 61.90048696676 2706.14526 -1.2220000000000004 -0.18399999999999986 -0.09460520458221433 0.16322808003425598 0.11041111 0.1114111 "" "" 2.4199985426247927 "" 0.26900823831166076 ""
25.45933693083 61.80429203256 0.0112 0.0135 16.1329 "" "" 511481440472455040 2136.3606 0.4443 0.0189 -2.771 1.759 0.014 0.016 1.431 4477.6 1.7368 12.999326 2.418455 14.305514 11.887059 -51.41 2.94 2053.96899 2213.46631 118909.46526 29.51 25895.0 27.966 139420.0 87.773 "" "" 0.002768463894529674 0.0030265441 0.003840696 0.00686724 25.45933693083 61.80429203256 2136.3606 -2.771 1.759 -1.6436052045822143 2.106228080034256 0.1114111 0.113411106 "" "" 27.053911375402535 "" 3.0478483313348366 ""
25.94579463454 61.86132439099 0.0087 0.0092 2.0243 "" "" 511486216476211968 2887.89038 0.3214 0.0138 -1.083 -0.397 0.01 0.011 1.066 "" "" 13.029575 0.9138 13.39324 12.47944 "" "" 2780.95068 2998.48218 115642.22218 29.206 59996.0 48.504 80795.0 43.301 "" "" 0.0027689310872908873 0.0029249827 0.003823914 0.006748897 25.94579463454 61.86132439099 2887.89038 -1.083 -0.39700000000000024 0.04439479541778568 -0.04977191996574404 0.1074111 0.1084111 "" "" 0.9129528762671815 "" 0.09857075693054906 ""
25.99057631336 61.9004893353 0.0077 0.009 1.3611 "" "" 511486388274874240 2881.16406 0.3197 0.0135 -1.003 -0.274 0.01 0.011 1.051 16846.4 3.5508 13.042449 1.0643 13.481873 12.417573 "" "" 2754.54614 3020.40649 114279.21275 21.889 55293.0 33.871 85532.0 31.619 "" "" 0.002763157143004713 0.0028683438 0.0038006348 0.0066689784 25.99057631336 61.9004893353 2881.16406 -1.003 -0.2739999999999999 0.12439479541778575 0.07322808003425596 0.1074111 0.1084111 "" "" 1.9713232716377478 "" 0.21225108411577753 ""
25.98093355766 61.80922867653 0.0076 0.0088 4.2549 "" "" 511296859961423488 2961.67554 0.3096 0.0129 -1.133 -0.621 0.01 0.01 1.111 "" "" 13.045163 0.873446 13.389752 12.516306 "" "" 2827.80273 3097.59058 113993.8533 20.055 60189.0 31.328 78097.0 25.688 "" "" 0.002761933346330946 0.002846824 0.0037962173 0.006643041 25.98093355766 61.80922867653 2961.67554 -1.1330000000000005 -0.6210000000000008 -0.005605204582214363 -0.273771919965744 0.1074111 0.1074111 "" "" 3.8441093009449268 "" 0.41290001414888133 ""
26.01000367178 61.89169836248 0.0087 0.0099 0.7619 "" "" 511298715387260288 2533.54761 0.3622 0.0148 -1.121 -0.548 0.01 0.011 1.17 13670.5 3.7547 13.09033 1.133115 13.556837 12.423722 "" "" 2438.71631 2658.47412 109348.99541 18.894 51604.0 46.659 85049.0 84.633 "" "" 0.0027616993424767595 0.0029578323 0.003930782 0.006888614 26.01000367178 61.89169836248 2533.54761 -1.121 -0.548 0.006394795417785648 -0.20077191996574406 0.1074111 0.1084111 "" "" 2.4122958268741757 "" 0.26151721902024333 ""
25.96649436745 61.89961683008 0.0069 0.0078 1.6739 "" "" 511486456994351616 2845.98755 0.3179 0.0116 -1.052 -0.231 0.008 0.009 1.078 14431.3 3.8023 13.095226 1.085257 13.5443 12.459043 "" "" 2731.64966 2940.0647 108856.95317 17.452 52203.0 26.727 82327.0 24.716 "" "" 0.0027608129761302583 0.002845004 0.0037934121 0.006638416 25.96649436745 61.89961683008 2845.98755 -1.052000000000001 -0.23100000000000026 0.0753947954177856 0.11622808003425597 0.105411105 0.1064111 "" "" 1.8689024608120195 "" 0.1983203027243487 ""
26.16558330638 61.6338503 0.0077 0.0093 15.3916 "" "" 511291671641012480 2676.48218 0.3406 0.0136 -1.304 -0.355 0.01 0.011 1.188 15148.6 3.7935 13.120072 1.065413 13.559134 12.493721 "" "" 2589.28589 2776.2793 106394.13405 19.539 51495.0 32.65 79739.0 28.581 "" "" 0.0027625254385560674 0.0028738382 0.003799365 0.006673203 26.16558330638 61.6338503 2676.48218 -1.304 -0.355 -0.1766052045822144 -0.007771919965744001 0.1074111 0.1084111 "" "" 2.2426749187587474 "" 0.24089253825629156 ""
25.50637089579 61.96607300899 0.0298 0.0346 15.0599 "" "" 511489991742960128 2331.83374 0.3999 0.0476 -1.314 0.143 0.038 0.042 4.341 16079.7 3.751 13.172931 1.031855 13.547322 12.515468 "" "" 2098.5564 2623.79126 101338.5191 63.839 52058.0 64.221 78158.0 65.022 "" "" 0.002838943764412318 0.0030950073 0.0038858205 0.006980828 25.50637089579 61.96607300899 2331.83374 -1.3139999999999998 0.1429999999999999 -0.1866052045822144 0.490228080034256 0.1354111 0.1394111 "" "" 5.797714076971055 "" 0.8053676772143411 ""
26.11328845841 61.89075199895 0.0075 0.0078 3.096 "" "" 511298955905427712 2216.64185 0.4179 0.012 -1.477 -0.64 0.009 0.009 1.029 6691.7 3.3141 13.184114 1.094112 13.637096 12.542984 "" "" 2157.1853 2272.59473 100300.13411 14.436 47927.0 28.643 76202.0 29.757 "" "" 0.0027597480043577605 0.0028646274 0.0038030893 0.0066677164 26.11328845841 61.89075199895 2216.64185 -1.4770000000000003 -0.6400000000000001 -0.34960520458221445 -0.29277191996574403 0.1064111 0.1064111 "" "" 4.791175182498674 "" 0.5098342187500953 ""
25.83651774014 61.72232606613 0.0069 0.0081 10.5707 "" "" 511477970139067136 3012.83643 0.3028 0.0116 -0.916 -0.147 0.009 0.01 0.985 13614.7 3.8501 13.216173 0.904505 13.573947 12.669442 "" "" 2899.10864 3120.94922 97381.73379 16.225 50797.0 27.356 67824.0 21.301 "" "" 0.0027612520986916634 0.0028507772 0.0037947332 0.0066455104 25.83651774014 61.72232606613 3012.83643 -0.9160000000000006 -0.14700000000000002 0.2113947954177856 0.200228080034256 0.1064111 0.1074111 "" "" 4.158130852681132 "" 0.4444424726979175 ""
25.82176837299 61.78489936629 0.0087 0.0102 7.7043 "" "" 511484292330902784 2231.81494 0.4142 0.0148 1.535 -1.405 0.012 0.013 1.308 "" "" 13.222689 1.746479 14.058675 12.312196 -28.53 1.56 2167.14795 2301.6543 96799.09783 14.43 32505.0 17.177 94250.0 23.101 "" "" 0.002760069859188954 0.0028485497 0.0037887394 0.006637289 25.82176837299 61.78489936629 2231.81494 1.5350000000000001 -1.405 2.662394795417786 -1.057771919965744 0.109411106 0.11041111 "" "" 30.306428378408146 "" 3.3200077672229256 ""
26.16046061902 61.82113505787 0.0069 0.0079 5.5731 "" "" 511297547156184192 2836.55688 0.3202 0.0118 -1.102 -0.385 0.008 0.009 1.018 "" "" 13.232181 0.979548 13.625507 12.64596 "" "" 2744.74536 2939.43896 95956.51167 33.757 48441.0 50.828 69307.0 80.045 "" "" 0.0027816685694967997 0.0030137866 0.003981975 0.0069957618 26.16046061902 61.82113505787 2836.55688 -1.1019999999999999 -0.3849999999999998 0.025394795417785554 -0.03777191996574403 0.105411105 0.1064111 "" "" 0.6119616573839018 "" 0.06492962773166908 ""
26.00390921182 61.86700368194 0.0073 0.008 0.7298 "" "" 511298681027533440 2634.31421 0.3461 0.012 -1.035 -0.31 0.009 0.01 1.056 15904.3 3.9634 13.256479 1.075913 13.701803 12.62589 "" "" 2567.58276 2718.51782 93832.91371 16.447 45154.0 25.402 70600.0 22.094 "" "" 0.00276188456191666 0.0028562422 0.0037946245 0.006650867 26.00390921182 61.86700368194 2634.31421 -1.0350000000000001 -0.3100000000000003 0.09239479541778572 0.037228080034255984 0.1064111 0.1074111 "" "" 1.243831248086116 "" 0.13253188107592 ""
26.02327218228 61.89337471235 0.0074 0.0081 0.9774 "" "" 511299093344380800 2734.40039 0.3338 0.0119 -1.139 -0.333 0.009 0.01 1.04 "" "" 13.284045 1.082166 13.731757 12.649591 "" "" 2657.45142 2837.26416 91480.5415 12.593 43925.0 23.499 69075.0 26.254 "" "" 0.002759370884400781 0.002849988 0.0038018443 0.0066518323 26.02327218228 61.89337471235 2734.40039 -1.1390000000000002 -0.3330000000000004 -0.011605204582214368 0.014228080034255963 0.1064111 0.1074111 "" "" 0.2379754114942649 "" 0.025466395234852945 ""
25.84359564167 61.63378120913 0.0074 0.0084 15.4297 "" "" 511288201307442048 2055.44458 0.446 0.0123 -0.926 0.277 0.01 0.01 1.047 5184.1 2.6919 13.354184 2.153639 14.46914 12.315501 -38.06 1.38 2013.70984 2122.11157 85757.70621 17.647 22272.0 14.985 93963.0 24.054 "" "" 0.002764363559630864 0.0028842126 0.003789588 0.0066738008 25.84359564167 61.63378120913 2055.44458 -0.926000000000001 0.2770000000000005 0.2013947954177856 0.624228080034256 0.1074111 0.1074111 "" "" 6.390424285578043 "" 0.6864025113135908 ""
26.45637437407 61.82067951215 0.0076 0.0089 13.2049 "" "" 511387707106044928 2639.69751 0.3422 0.0132 -0.687 -1.272 0.009 0.01 1.015 "" "" 13.397057 2.300981 14.617829 12.316848 -53.2 0.42 2541.61475 2755.48169 82437.37705 16.854 19422.0 15.314 93847.0 28.642 "" "" 0.0027642471119113227 0.0029185505 0.0037938806 0.006712431 26.45637437407 61.82067951215 2639.69751 -0.6869999999999992 -1.2719999999999994 0.4403947954177856 -0.924771919965744 0.1064111 0.1074111 "" "" 12.81596868618157 "" 1.3742171340865459 ""
25.84137435642 61.77901777906 0.0073 0.0085 7.6137 "" "" 511484086172476160 2063.91821 0.4452 0.0124 -3.104 1.679 0.009 0.011 0.982 "" "" 13.439358 1.999445 14.446072 12.446627 -48.64 0.81 2014.90552 2115.72339 79287.30904 11.948 22750.0 14.092 83274.0 25.754 "" "" 0.002760173613443562 0.002870079 0.0037942692 0.006664348 25.84137435642 61.77901777906 2063.91821 -3.104000000000004 1.6790000000000005 -1.9766052045822144 2.0262280800342563 0.1064111 0.1084111 "" "" 27.69215148037039 "" 2.9752597800611245 ""
25.50923859305 61.7603128749 0.0076 0.0092 15.7928 "" "" 511480581479009792 2720.0249 0.3372 0.0125 -1.468 -0.481 0.01 0.011 1.018 13283.0 3.8136 13.445512 0.870326 13.788669 12.918343 "" "" 2629.6853 2821.94189 78839.15705 39.437 41682.0 68.843 53929.0 70.122 "" "" 0.002808336820149553 0.0033167328 0.0040344456 0.0073511787 25.50923859305 61.7603128749 2720.0249 -1.4680000000000004 -0.48100000000000015 -0.3406052045822143 -0.133771919965744 0.1074111 0.1084111 "" "" 4.717941907773188 "" 0.5073923700750939 ""
25.95824086869 61.90412230041 0.0095 0.0105 2.0308 "" "" 511486456994349312 2699.31079 0.34 0.0162 -0.897 -0.303 0.011 0.012 1.273 13223.6 3.7379 13.453157 1.333865 14.037903 12.704038 "" "" 2590.00708 2809.07715 78285.90931 13.173 33133.0 23.475 65697.0 26.886 "" "" 0.002761370433842595 0.00289427 0.0038054113 0.0066996813 25.95824086869 61.90412230041 2699.31079 -0.897 -0.30299999999999944 0.23039479541778562 0.04422808003425599 0.1084111 0.109411106 "" "" 3.001664160933483 "" 0.3255208819142726 ""
26.22119249939 61.90010900712 0.0092 0.0101 6.1957 "" "" 511391967713416320 2541.84912 0.3607 0.0151 -0.979 -0.241 0.011 0.012 1.166 6223.4 2.8187 13.5311 1.088295 13.980706 12.892411 "" "" 2455.99487 2629.39307 72862.92228 12.536 34925.0 20.675 55232.0 23.364 "" "" 0.0027616450923570266 0.0028632428 0.0038071864 0.0066704294 26.22119249939 61.90010900712 2541.84912 -0.9789999999999999 -0.2409999999999996 0.14839479541778566 0.10622808003425599 0.1084111 0.109411106 "" "" 2.198799193166695 "" 0.23912150116068118 ""
25.54072903911 61.79834943055 0.0083 0.0098 14.0542 "" "" 511482127667381504 2622.48975 0.3484 0.0135 -1.343 -0.564 0.011 0.012 1.03 6344.9 3.1849 13.574891 0.924586 13.943133 13.018547 "" "" 2528.96191 2716.18921 69982.6323 8.8059 36155.0 20.895 49174.0 18.572 "" "" 0.0027587051070854718 0.002859856 0.0038015624 0.0066614184 25.54072903911 61.79834943055 2622.48975 -1.343 -0.5639999999999998 -0.21560520458221433 -0.21677191996574396 0.1084111 0.109411106 "" "" 3.800506094986088 "" 0.41393193329521366 ""
26.06015185889 61.90026361066 0.0078 0.0086 1.9756 "" "" 511299058984639744 2712.83032 0.337 0.0127 -1.132 -0.373 0.01 0.01 0.999 6232.3 2.7316 13.627141 1.029867 14.048798 13.01893 "" "" 2609.98828 2802.54932 66694.54562 8.0597 32802.0 20.136 49157.0 14.087 "" "" 0.0027584423779312647 0.0028686696 0.0037921676 0.006660837 26.06015185889 61.90026361066 2712.83032 -1.132 -0.373 -0.004605204582214251 -0.025771919965744017 0.1074111 0.1074111 "" "" 0.33664560492049295 "" 0.03615947522633194 ""
25.65505243094 61.7930588383 0.0079 0.0092 11.215 "" "" 511479413248052224 2975.49829 0.3054 0.0133 -1.263 -0.273 0.01 0.011 1.031 "" "" 13.627961 1.029359 14.04863 13.019271 "" "" 2876.13916 3092.6377 66644.17073 10.877 32807.0 23.838 49142.0 21.401 "" "" 0.0027610125561877315 0.0028995564 0.0038088444 0.006708401 25.65505243094 61.7930588383 2975.49829 -1.263 -0.27300000000000035 -0.13560520458221426 0.07422808003425596 0.1074111 0.1084111 "" "" 2.1803393330058114 "" 0.2346971233217382 ""
26.18356637204 61.89158246444 0.0087 0.0094 5.0588 "" "" 511392002073157760 2871.77197 0.3142 0.014 -0.97 -0.456 0.011 0.011 1.134 14820.7 3.7636 13.631844 1.05436 14.065214 13.010854 "" "" 2766.0918 3011.19434 66406.31294 25.637 32310.0 42.139 49524.0 62.131 "" "" 0.002787021053876316 0.0031289265 0.004017351 0.0071462775 26.18356637204 61.89158246444 2871.77197 -0.9700000000000004 -0.4559999999999998 0.15739479541778567 -0.10877191996574403 0.1084111 0.1084111 "" "" 2.6043254191609346 "" 0.2823377925305192 ""
25.68847543713 61.80969751135 0.0086 0.0101 9.9232 "" "" 511479481967520512 2591.28125 0.3469 0.0146 -3.183 0.493 0.011 0.012 1.197 "" "" 13.632422 2.057774 14.66296 12.605186 -59.57 1.04 2474.4458 2699.05933 66370.92605 12.462 18631.0 41.586 71959.0 92.107 "" "" 0.002762851555313889 0.003695699 0.0040267967 0.0077224956 25.68847543713 61.80969751135 2591.28125 -3.183 0.493 -2.055605204582214 0.840228080034256 0.1084111 0.109411106 "" "" 27.276097622223155 "" 2.9609520529319058 ""
26.16821994278 61.88859915263 0.0416 0.0435 4.6048 "" "" 511298165631445504 2461.51123 0.3665 0.0671 -0.565 0.52 0.05 0.05 5.053 "" "" 13.663112 2.728584 15.191211 12.462626 -44.01 0.48 2113.17407 2886.43555 64521.16383 28.691 11453.0 13.897 82055.0 52.038 "" "" 0.0027972997363586885 0.0030855564 0.0038415932 0.0069271494 26.16821994278 61.88859915263 2461.51123 -0.5650000000000003 0.5199999999999992 0.5623947954177857 0.867228080034256 0.14741111 0.14741111 "" "" 12.059838808558276 "" 1.777754201275604 ""
25.87253299987 61.76053448309 0.0079 0.0094 8.0649 "" "" 511484017453005312 2051.01587 0.4522 0.0139 -1.306 -0.046 0.01 0.011 0.95 "" "" 13.665685 1.093656 14.11897 13.025314 "" "" 1999.6626 2108.77051 64368.40973 7.7612 30749.0 19.791 48869.0 38.839 "" "" 0.002758428435062543 0.0028763497 0.0038766374 0.0067529874 25.87253299987 61.76053448309 2051.01587 -1.305999999999999 -0.04600000000000007 -0.1786052045822144 0.301228080034256 0.1074111 0.1084111 "" "" 3.4045538086086933 "" 0.3682088929862 ""
26.2144793068 61.72087409789 0.0081 0.0098 11.1741 "" "" 511292564994163968 2714.67554 0.3354 0.0139 -1.231 -0.621 0.01 0.012 1.012 6820.8 3.3387 13.668337 1.109435 14.131203 13.021768 "" "" 2633.84888 2804.67798 64211.37061 11.076 30404.0 21.017 49029.0 22.305 "" "" 0.0027616777209972226 0.0028893484 0.0038115224 0.0067008706 26.2144793068 61.72087409789 2714.67554 -1.2309999999999994 -0.6209999999999998 -0.10360520458221445 -0.273771919965744 0.1074111 0.109411106 "" "" 3.766595055850595 "" 0.41117118317225954 ""
25.94130973521 61.8620427822 0.0088 0.0095 2.112 "" "" 511486285195688320 2760.29956 0.33 0.014 -1.071 -0.38 0.01 0.011 0.956 13394.7 3.7329 13.707123 0.919364 14.072619 13.153254 "" "" 2643.56494 2868.56567 61958.02142 10.837 32090.0 19.869 43437.0 18.081 "" "" 0.002761856842801867 0.0028700118 0.0038063081 0.00667632 25.94130973521 61.8620427822 2760.29956 -1.0710000000000002 -0.37999999999999967 0.05639479541778569 -0.03277191996574402 0.1074111 0.1084111 "" "" 0.8533992813798711 "" 0.09188074233071429 ""
