Clusters/UPK_526/UPK_526_members.tsv
# %ECSV 1.0
# ---
# datatype:
# - name: RA_ICRS_1
#   unit: deg
#   datatype: float64
#   format: '{:15.11f}'
#   description: Right ascension (ICRS) at Ep=2016.0 (ra)
#   meta: !!omap
#   - {ucd: POS_EQ_RA_MAIN}
#   - {width: 15}
#   - {precision: '11'}
# - name: DE_ICRS_1
#   unit: deg
#   datatype: float64
#   format: '{:15.11f}'
#   description: Declination (ICRS) at Ep=2016.0 (dec)
#   meta: !!omap
#   - {ucd: POS_EQ_DEC_MAIN}
#   - {width: 15}
#   - {precision: '11'}
# - name: e_RA_ICRS
#   unit: mas
#   datatype: float64
#   format: '{:7.4f}'
#   description: Standard error of right ascension (ra_error)
#   meta: !!omap
#   - {ucd: ERROR}
#   - {width: 7}
#   - {precision: '4'}
# - name: e_DE_ICRS
#   unit: mas
#   datatype: float64
#   format: '{:7.4f}'
#   description: Standard error of declination (dec_error)
#   meta: !!omap
#   - {ucd: ERROR}
#   - {width: 7}
#   - {precision: '4'}
# - name: _r_1
#   unit: ''
#   datatype: float64
#   format: '{:8.4f}'
#   description: Distance from center (115.26780646000-52.91020608000)[ICRS], at Epoch=J2016.0
#   meta: !!omap
#   - {ucd: POS_ANG_DIST_GENERAL}
#   - {width: 8}
#   - {precision: '4'}
# - name: HIP
#   datatype: int32
#   description: '? HIP cross-id number, van Leeuwen, Cat. I/311 (hip_original_ext_source_id)'
#   meta: !!omap
#   - {ucd: ID_NUMBER}
#   - {width: 6}
#   - values: {'null': -2147483648}
# - name: TYC2
#   datatype: string
#   description: Tycho-2 cross-id name, Hog et al., Cat. I/259 (tyc2_original_ext_source_id)
#   meta: !!omap
#   - {ucd: ID_CROSSID}
#   - {_votable_string_dtype: char}
# - name: Source
#   datatype: int64
#   description: Source identifier, identical to the Gaia-EDR3 source_id (id)
#   meta: !!omap
#   - {ucd: ID_MAIN}
#   - {width: 19}
# - name: rgeo
#   unit: pc
#   datatype: float64
#   format: '{:15.8f}'
#   description: '? Median of the geometric distance posterior (r_med_geo)'
#   meta: !!omap
#   - {ucd: PHYS_DISTANCE_TRUE}
#   - {width: 15}
#   - {precision: '8'}
#   - values: {'null': .nan}
# - name: Plx
#   unit: mas
#   datatype: float64
#   format: '{:9.4f}'
#   description: '? Parallax (parallax)'
#   meta: !!omap
#   - {ucd: POS_PARLX_TRIG}
#   - {width: 9}
#   - {precision: '4'}
#   - values: {'null': .nan}
# - name: e_Plx
#   unit: mas
#   datatype: float32
#   format: '{:7.4f}'
#   description: '? Standard error of parallax (parallax_error)'
#   meta: !!omap
#   - {ucd: ERROR}
#   - {width: 7}
#   - {precision: '4'}
#   - values: {'null': .nan}
# - name: pmRA
#   unit: mas / yr
#   datatype: float64
#   format: '{:9.3f}'
#   description: '? Proper motion in right ascension direction, pmRA*cosDE (pmra)'
#   meta: !!omap
#   - {ucd: POS_EQ_PMRA}
#   - {width: 9}
#   - {precision: '3'}
#   - values: {'null': .nan}
# - name: pmDE
#   unit: mas / yr
#   datatype: float64
#   format: '{:9.3f}'
#   description: '? Proper motion in declination direction (pmdec)'
#   meta: !!omap
#   - {ucd: POS_EQ_PMDEC}
#   - {width: 9}
#   - {precision: '3'}
#   - values: {'null': .nan}
# - name: e_pmRA
#   unit: mas / yr
#   datatype: float32
#   format: '{:6.3f}'
#   description: '? Standard error of proper motion in right ascension direction (pmra_error)'
#   meta: !!omap
#   - {ucd: ERROR}
#   - {width: 6}
#   - {precision: '3'}
#   - values: {'null': .nan}
# - name: e_pmDE
[...]
#       distance: !astropy.table.SerializedColumn
#         __class__: astropy.coordinates.distances.Distance
#         unit: !astropy.units.Unit {unit: pc}
#         value: !astropy.table.SerializedColumn {name: SkyCoord.distance}
#       frame: icrs
#       obstime: !astropy.time.Time {format: jyear_str, in_subfmt: '*', jd1: 367701545.0, jd2: 0.0, out_subfmt: '*', precision: 3, scale: tt}
#       pm_dec: !astropy.table.SerializedColumn
#         __class__: astropy.units.quantity.Quantity
#         unit: !astropy.units.Unit {unit: mas / yr}
#         value: !astropy.table.SerializedColumn {name: SkyCoord.pm_dec}
#       pm_ra_cosdec: !astropy.table.SerializedColumn
#         __class__: astropy.units.quantity.Quantity
#         unit: !astropy.units.Unit {unit: mas / yr}
#         value: !astropy.table.SerializedColumn {name: SkyCoord.pm_ra_cosdec}
#       ra: !astropy.table.SerializedColumn
#         __class__: astropy.coordinates.angles.Longitude
#         unit: *id001
#         value: !astropy.table.SerializedColumn {name: SkyCoord.ra}
#         wrap_angle: !astropy.coordinates.Angle
#           unit: *id001
#           value: 360.0
#       representation_type: spherical
# schema: astropy-2.0
RA_ICRS_1 DE_ICRS_1 e_RA_ICRS e_DE_ICRS _r_1 HIP TYC2 Source rgeo Plx e_Plx pmRA pmDE e_pmRA e_pmDE RUWE Teff logg Gmag BP-RP BPmag RPmag RV e_RV b_rgeo B_rgeo FG e_FG FBP e_FBP FRP e_FRP RAVE5 RAVE6 e_Gmag e_BPmag e_RPmag e_BP-RP SkyCoord.ra SkyCoord.dec SkyCoord.distance SkyCoord.pm_ra_cosdec SkyCoord.pm_dec rmRA rmDE e_rmRA e_rmDE rRV e_rRV v_pec v_pec3d e_vpec e_vpec3d Pmemb
116.2231754958 -52.95589402598 0.023 0.0261 34.6591 "" 8552-226-1 5489659522225436672 565.698486 1.7547 0.0266 -7.921 7.391 0.032 0.034 0.929 "" "" 8.265249 -0.026896 8.236414 8.26331 "" "" 557.488464 574.841309 9307801.26123 3276.3 6931900.0 4461.2 3925000.0 1907.0 "" "" 0.002781698437274636 0.0028763353 0.0038160188 0.006692354 116.2231754958 -52.95589402598 565.698486 -7.920999999999999 7.391000000000002 0.025333408355712628 -0.12922218704223631 0.23780826 0.23980826 "" "" 0.3530936019701502 "" 0.08464873083263498 "" 1.0
115.91729936938 -52.83949595298 0.0203 0.021 23.8999 37663 8552-437-1 5489688938459960064 569.737061 1.7503 0.0219 -8.068 7.78 0.025 0.024 0.958 "" "" 8.370688 0.010297 8.355659 8.345362 "" "" 562.633606 577.165588 8446401.8936 2532.8 6210900.0 4232.1 3639300.0 1241.4 "" "" 0.00277448908229313 0.0028865864 0.0037974846 0.006684071 115.91729936938 -52.83949595298 569.737061 -8.068 7.78 -0.12166659164428673 0.2597778129577639 0.23080826 0.22980826 "" "" 0.7746742921854465 "" 0.17816615394752758 "" 1.0
114.17036785973 -51.86344715636 0.0109 0.0114 74.5607 "" 8145-705-1 5492629101271131264 550.695801 1.8098 0.0118 -8.065 7.772 0.015 0.015 0.822 10708.3 3.8969 9.69374 0.214173 9.757438 9.543264 8.52 4.93 546.503967 554.316895 2497185.68815 467.26 1707800.0 690.89 1207400.0 412.27 "" "" 0.0027627997074825376 0.002824531 0.003797521 0.006622052 114.17036785973 -51.86344715636 550.695801 -8.065 7.772 -0.11866659164428661 0.2517778129577639 0.22080825 0.22080825 -18.708421052631575 6.7503843 0.7265535207947204 18.722523822955267 0.16042901341406463 6.74530246623997 1.0
116.87968940271 -52.90450084805 0.0122 0.0125 58.3279 "" 8553-174-1 5489464943027754624 554.44635 1.7925 0.0129 -8.279 7.375 0.017 0.016 1.031 10247.7 4.1682 10.871071 0.371047 11.000002 10.628955 "" "" 551.288208 558.992188 844342.12151 206.07 543770.0 252.6 444200.0 140.78 "" "" 0.002768032918960312 0.0028353888 0.0037950142 0.006630403 116.87968940271 -52.90450084805 554.44635 -8.278999999999996 7.375 -0.332666591644287 -0.14522218704223633 0.22280826 0.22180825 "" "" 0.9539463906276506 "" 0.21239472752634894 "" 1.0
116.05463200805 -53.03486115615 0.0117 0.0111 29.3967 "" 8552-45-1 5489635405987379584 563.485046 1.7531 0.012 -7.985 7.468 0.016 0.014 0.875 "" "" 11.031573 0.255799 11.116527 10.860727 14.1 5.75 560.220093 567.322388 728312.10606 161.98 488430.0 278.52 358810.0 120.92 "" "" 0.0027658811436940913 0.002858035 0.0037970524 0.0066550877 116.05463200805 -53.03486115615 563.485046 -7.985000000000003 7.4680000000000035 -0.03866659164428743 -0.05222218704223636 0.22180825 0.21980825 -13.128421052631575 7.5703845 0.17355348253851755 13.129568162985453 0.038271758416533415 7.56972310636315 1.0
116.3300147436 -53.54553843804 0.013 0.0129 53.9316 "" 8552-1866-1 5489410345401326848 565.636963 1.7329 0.0131 -8.007 7.443 0.017 0.018 0.908 7285.7 4.1639 11.362919 0.402384 11.510824 11.10844 20.1 2.63 561.647522 571.318604 536758.87934 172.8 339690.0 258.24 285620.0 188.23 "" "" 0.0027774022151056104 0.0029096967 0.0038465182 0.006756215 116.3300147436 -53.54553843804 565.636963 -8.007000000000001 7.442999999999996 -0.06066659164428678 -0.07722218704223671 0.22280826 0.22380826 -7.128421052631573 4.4503846 0.2632922060842302 7.133281817605815 0.05882662584295602 4.447352563267948 1.0
115.16209801527 -51.97862832719 0.0132 0.0151 56.0282 "" 8145-2113-1 5492799766091857024 566.633606 1.7328 0.0146 -7.789 7.51 0.018 0.02 0.99 9250.5 4.2945 11.416929 0.337443 11.535314 11.19787 18.56 1.2 561.201416 572.296936 510710.79036 128.02 332120.0 184.0 263030.0 80.375 "" "" 0.002768729206932361 0.0028542723 0.0037939162 0.0066481885 115.16209801527 -51.97862832719 566.633606 -7.789 7.51 0.1573334083557132 -0.010222187042236541 0.22380826 0.22580825 -8.668421052631576 3.0203846 0.423463842720661 8.678758273612537 0.0947782812158533 3.0167905313044834 1.0
115.02209222324 -53.00646943432 0.0439 0.0479 10.594 "" 8552-837-1 5489321426697270272 568.412537 1.7299 0.0489 -7.796 7.409 0.059 0.066 3.218 6863.0 3.7985 11.50694 0.665984 11.756619 11.090634 23.87 1.83 552.491394 584.375183 470079.04863 73.949 270880.0 141.76 290340.0 81.296 "" "" 0.0027606089460896132 0.0028474373 0.0037915893 0.0066390266 115.02209222324 -53.00646943432 568.412537 -7.796000000000003 7.409000000000001 0.15033340835571263 -0.11122218704223652 0.26480824 0.27180827 -3.3584210526315736 3.6503844 0.5038403719998866 3.3960045770310665 0.1346792337153764 3.61004098260211 1.0
114.99682579529 -51.60846996977 0.0109 0.0113 78.7355 "" "" 5492999288793340800 572.536072 1.7144 0.0112 -7.757 7.487 0.013 0.015 0.924 8090.3 4.285 11.995414 0.53992 12.191979 11.65206 16.32 7.68 568.513611 575.630127 299765.33757 61.072 181390.0 120.62 173110.0 77.315 "" "" 0.0027641850188396414 0.002882068 0.0038103634 0.0066924314 114.99682579529 -51.60846996977 572.536072 -7.757 7.487 0.18933340835571322 -0.03322218704223623 0.21880825 0.22080825 -10.908421052631574 9.500384 0.5216670801056968 10.920887619784471 0.11417636252680045 9.489540884025482 1.0
114.71764620499 -52.99731685312 0.0091 0.0094 20.5623 "" 8552-748-1 5492319172132085248 575.288208 1.7105 0.01 -7.672 7.609 0.013 0.015 0.965 "" "" 12.159771 0.632779 12.397004 11.764225 21.7 1.25 571.643188 578.663452 257654.95739 42.765 150180.0 80.227 156120.0 44.916 "" "" 0.0027612070475309656 0.0028498168 0.0037922687 0.0066420855 114.71764620499 -52.99731685312 575.288208 -7.671999999999999 7.609 0.2743334083557132 0.08877781295776366 0.21880825 0.22080825 -5.528421052631575 3.0703845 0.78626629140231 5.584053547036915 0.17219123892727273 3.0398917383818884 1.0
114.28398287494 -54.31399991613 0.0093 0.0091 91.2152 "" "" 5489091388248870272 549.906921 1.7965 0.01 -7.85 7.704 0.014 0.012 1.074 6548.3 4.2213 12.414887 0.675558 12.671627 11.996069 22.48 2.71 546.649475 553.415894 203700.39663 32.602 116620.0 70.334 126100.0 35.35 "" "" 0.002760794392676566 0.0028659774 0.003791618 0.0066575953 114.28398287494 -54.31399991613 549.906921 -7.8500000000000005 7.7040000000000015 0.09633340835571325 0.1837778129577634 0.21980825 0.21780825 -4.748421052631574 4.5303845 0.5408493958694048 4.779123409380328 0.11803545096428732 4.5012999687749655 1.0
116.12181360962 -53.18888525499 0.0108 0.0104 35.0473 "" "" 5489620390781781632 538.546753 1.8406 0.0111 -8.296 7.627 0.014 0.013 1.173 6561.9 4.2049 12.608484 0.795231 12.92006 12.124829 16.27 3.38 535.803528 541.417969 170432.77268 29.473 92767.0 38.474 112000.0 33.245 "" "" 0.0027617099767728985 0.0028262723 0.0037930978 0.00661937 116.12181360962 -53.18888525499 538.546753 -8.296 7.626999999999999 -0.3496665916442865 0.10677781295776345 0.21980825 0.21880825 -10.958421052631575 5.2003846 0.9332883542739759 10.99809161259272 0.20506503934460144 5.181655840009319 1.0
114.41840877698 -52.66879176689 0.0132 0.0121 34.054 "" "" 5492387101335876352 568.063171 1.7455 0.0134 -8.126 7.307 0.017 0.016 1.091 6304.9 4.083 12.835269 0.855917 13.172464 12.316547 24.58 5.07 564.42804 572.428101 138305.36926 65.212 73524.0 115.86 93873.0 173.51 "" "" 0.0028024746866575742 0.0032729623 0.004279141 0.007552103 114.41840877698 -52.66879176689 568.063171 -8.125999999999998 7.306999999999999 -0.17966659164428656 -0.21322218704223594 0.22280826 0.22180825 -2.6484210526315763 6.8903847 0.7507715662135285 2.7527789625498196 0.16683947029286683 6.629326204608113 1.0
116.43724489511 -52.4948249034 0.0114 0.0121 49.2829 "" "" 5489722164326247424 551.67865 1.7814 0.0125 -8.219 7.349 0.014 0.015 0.988 5849.4 4.3523 13.820294 1.027021 14.246163 13.219142 11.92 4.81 548.045288 555.46051 55825.01281 39.663 27350.0 73.523 40879.0 84.194 "" "" 0.0028612674075757637 0.004037807 0.004391377 0.008429185 116.43724489511 -52.4948249034 551.67865 -8.219000000000001 7.348999999999999 -0.2726665916442865 -0.17122218704223613 0.21980825 0.22080825 -15.308421052631575 6.6303844 0.8419353128515888 15.3315560265643 0.18530282275225046 6.620387164404564 1.0
115.76215053675 -52.627654196 0.0249 0.0275 24.687 "" "" 5489706805523363968 575.287781 1.7127 0.027 -8.162 7.477 0.033 0.034 2.187 5835.1 4.3928 13.948682 1.060374 14.388181 13.327806 22.24 4.94 566.464478 583.509888 49599.1312 39.406 23996.0 75.395 36986.0 84.805 "" "" 0.002887192194269887 0.0044070906 0.0045256196 0.00893271 115.76215053675 -52.627654196 575.287781 -8.162 7.477 -0.21566659164428792 -0.043222187042236015 0.23880824 0.23980826 -4.988421052631576 6.7603846 0.5997876010090776 5.0243496857466186 0.14325743129060553 6.712063497291432 1.0
115.91723416523 -52.8412343417 0.0176 0.0158 23.8788 "" "" 5489688934163017088 568.241516 1.7298 0.0173 -8.067 7.476 0.023 0.017 1.302 5942.5 4.2666 13.989364 1.172097 14.432015 13.259918 -12.2 5.72 562.591003 573.874329 47775.07082 84.188 23047.0 159.2 39372.0 203.23 "" "" 0.0033544506946400856 0.008002056 0.0067596138 0.01476167 115.91723416523 -52.8412343417 568.241516 -8.067 7.475999999999999 -0.12066659164428728 -0.04422218704223635 0.22880825 0.22280826 -39.42842105263158 7.5403843 0.3461498194342134 39.42994048183557 0.0789588693495053 7.540093756435036 1.0
115.19775745203 -52.75084637493 0.0127 0.0135 9.893 "" "" 5492703077788806016 578.628052 1.6945 0.0136 -7.701 7.35 0.017 0.018 0.985 5696.6 4.4954 14.211069 1.080835 14.669613 13.588778 19.48 4.82 574.164673 583.688904 38951.02899 39.92 18517.0 67.645 29084.0 80.168 "" "" 0.002971530278714211 0.0048494185 0.004820821 0.009670239 115.19775745203 -52.75084637493 578.628052 -7.700999999999999 7.349999999999998 0.24533340835571327 -0.17022218704223668 0.22280826 0.22380826 -7.748421052631574 6.6403847 0.8189790238724936 7.791582345737439 0.18274183483023534 6.603628349904194 1.0
113.86427373523 -52.76357708517 0.0223 0.0222 51.6255 "" "" 5492377347467821952 556.938721 1.7659 0.0237 -7.729 7.725 0.029 0.026 1.088 4704.9 4.407 15.087952 1.455975 15.747204 14.291229 5.79 5.21 549.781921 563.903259 17368.65473 36.622 6863.3 50.725 15229.0 140.71 "" "" 0.003582265032579321 0.008495662 0.010720088 0.019215751 113.86427373523 -52.76357708517 556.938721 -7.729000000000001 7.725000000000001 0.2173334083557128 0.20477781295776332 0.23480825 0.23180825 -21.438421052631575 7.0303845 0.7882966676296884 21.452909100308815 0.18399018186777433 7.025639880512265 1.0
115.91260002565 -52.84416817255 0.0196 0.0224 23.6827 "" "" 5489688938459961728 559.945068 1.7503 0.0216 -8.115 7.304 0.026 0.026 1.037 4520.9 4.2501 15.346322 1.662624 16.128448 14.465824 "" "" 552.645325 566.50592 13690.45845 17.425 4831.0 28.541 12967.0 62.661 "" "" 0.0030824435947929313 0.0069949734 0.0064661475 0.01346112 115.91260002565 -52.84416817255 559.945068 -8.115 7.304000000000002 -0.16866659164428732 -0.21622218704223606 0.23180825 0.23180825 "" "" 0.727836774167753 "" 0.16871856539878163 "" 1.0
114.24321791195 -52.81939776754 0.0243 0.0263 37.51 "" "" 5492362435341524736 574.58844 1.7071 0.0259 -7.74 7.594 0.031 0.033 1.078 3911.9 4.0681 15.641146 1.949947 16.606527 14.65658 "" "" 566.576904 582.3974 10434.90717 8.7008 3110.3 20.537 10877.0 35.11 "" "" 0.0029002355988913173 0.0076928353 0.005154258 0.012847094 114.24321791195 -52.81939776754 574.58844 -7.7400000000000055 7.593999999999998 0.20633340835571268 0.07377781295776398 0.23680826 0.23880824 "" "" 0.5968031603093771 "" 0.14146372773548485 "" 1.0
114.76494461493 -52.965928981 0.0255 0.0302 18.4886 "" "" 5492319588748205824 555.923157 1.7612 0.0293 -7.849 7.478 0.036 0.056 1.015 3750.1 4.0205 15.909658 2.228543 17.063704 14.83516 "" "" 547.330811 564.703979 8148.61033 20.169 2041.4 25.676 9227.7 55.646 "" "" 0.0038488529140346815 0.013938128 0.007559852 0.02149798 114.76494461493 -52.965928981 555.923157 -7.849000000000003 7.477999999999992 0.09733340835571269 -0.04222218704223657 0.24180825 0.26180825 "" "" 0.27957278955358 "" 0.06851895199364401 "" 1.0
114.08308657787 -52.73647998942 0.0306 0.0292 44.1998 "" "" 5492366627229514880 579.077942 1.6932 0.0311 -7.502 7.536 0.038 0.034 1.023 3662.2 4.1037 15.912644 1.928947 16.86538 14.936432 "" "" 569.067322 589.279297 8126.22644 16.878 2450.6 20.691 8405.9 52.067 "" "" 0.0035604836641378846 0.0095823435 0.00771437 0.017296713 114.08308657787 -52.73647998942 579.077942 -7.501999999999999 7.536000000000001 0.4443334083557131 0.01577781295776326 0.24380825 0.23980826 "" "" 1.2203880807248053 "" 0.29753459094325063 "" 1.0
115.60764503842 -52.15729865097 0.0377 0.0379 46.8461 "" "" 5492733310059997312 545.890259 1.787 0.0396 -8.305 7.573 0.055 0.053 1.154 "" "" 16.305866 2.530715 17.679733 15.149018 "" "" 533.186523 559.183105 5657.17906 5.0298 1157.5 10.338 6911.2 13.153 "" "" 0.0029195287915395676 0.010090486 0.0043073623 0.014397848 115.60764503842 -52.15729865097 545.890259 -8.305000000000009 7.573000000000004 -0.3586665916442868 0.05277781295776407 0.26080826 0.25880826 "" "" 0.9380507816829357 "" 0.24461177811879756 "" 1.0
114.94734716902 -52.66855743925 0.0395 0.0393 18.5856 "" "" 5492344396479084672 550.147156 1.7919 0.0401 -7.96 7.707 0.052 0.054 0.948 3590.1 4.0305 16.546858 2.561447 17.946245 15.384798 "" "" 534.865295 562.61908 4531.09685 5.9608 905.56 10.225 5562.1 19.147 "" "" 0.0031035282085836377 0.012572937 0.005315351 0.017888287 114.94734716902 -52.66855743925 550.147156 -7.960000000000001 7.7070000000000025 -0.013666591644287074 0.18677781295776352 0.25780827 0.25980824 "" "" 0.48836213324394856 "" 0.12687532600374982 "" 1.0
115.09441030176 -52.52515771155 0.0423 0.0408 23.947 "" "" 5492721528968464256 552.04425 1.7742 0.0432 -7.877 7.449 0.057 0.057 1.093 3613.3 4.0339 16.5662 2.486631 17.912329 15.425697 "" "" 539.017273 565.853394 4451.08964 5.4665 934.3 9.9481 5356.5 17.133 "" "" 0.0030610130597554415 0.011892482 0.00513263 0.017025111 115.09441030176 -52.52515771155 552.04425 -7.877000000000001 7.449 0.06933340835571311 -0.07122218704223648 0.26280826 0.26280826 "" "" 0.2600905555372973 "" 0.0683539472019703 "" 1.0
113.77746792003 -53.0477547283 0.0397 0.046 54.4685 "" "" 5492353398730673664 572.476868 1.7202 0.046 -7.804 7.688 0.054 0.053 1.008 "" "" 16.873241 2.076412 17.816662 15.74025 "" "" 557.010132 584.967712 3354.67426 6.6598 1020.4 23.871 4009.2 42.337 "" "" 0.0034982415559701415 0.025552252 0.012072182 0.037624434 113.77746792003 -53.0477547283 572.476868 -7.803999999999999 7.687999999999998 0.14233340835571262 0.1677778129577634 0.25980824 0.25880826 "" "" 0.597029407206534 "" 0.15476627263385848 "" 1.0
115.07993313385 -52.47934146152 0.0465 0.0444 26.7393 "" "" 5492721906925582208 557.977844 1.7589 0.0466 -7.91 7.458 0.064 0.062 0.945 3805.3 4.3261 16.881388 2.298903 18.097652 15.79875 "" "" 545.687744 570.683105 3329.59423 6.1624 787.69 10.812 3798.9 21.862 "" "" 0.0034102468676468567 0.015161985 0.007302327 0.022464313 115.07993313385 -52.47934146152 557.977844 -7.91 7.458 0.03633340835571275 -0.06222218704223614 0.26980826 0.26780826 "" "" 0.19056836451973724 "" 0.051132964383581204 "" 1.0
