Clusters/UPK_526/UPK_526_stars_in_region.tsv
# %ECSV 1.0
# ---
# datatype:
# - name: RA_ICRS_1
#   unit: deg
#   datatype: float64
#   format: '{:15.11f}'
#   description: Right ascension (ICRS) at Ep=2016.0 (ra)
#   meta: !!omap
#   - {ucd: POS_EQ_RA_MAIN}
#   - {width: 15}
#   - {precision: '11'}
# - name: DE_ICRS_1
#   unit: deg
#   datatype: float64
#   format: '{:15.11f}'
#   description: Declination (ICRS) at Ep=2016.0 (dec)
#   meta: !!omap
#   - {ucd: POS_EQ_DEC_MAIN}
#   - {width: 15}
#   - {precision: '11'}
# - name: e_RA_ICRS
#   unit: mas
#   datatype: float64
#   format: '{:7.4f}'
#   description: Standard error of right ascension (ra_error)
#   meta: !!omap
#   - {ucd: ERROR}
#   - {width: 7}
#   - {precision: '4'}
# - name: e_DE_ICRS
#   unit: mas
#   datatype: float64
#   format: '{:7.4f}'
#   description: Standard error of declination (dec_error)
#   meta: !!omap
#   - {ucd: ERROR}
#   - {width: 7}
#   - {precision: '4'}
# - name: _r_1
#   unit: ''
#   datatype: float64
#   format: '{:8.4f}'
#   description: Distance from center (115.26780646000-52.91020608000)[ICRS], at Epoch=J2016.0
#   meta: !!omap
#   - {ucd: POS_ANG_DIST_GENERAL}
#   - {width: 8}
#   - {precision: '4'}
# - name: HIP
#   datatype: int32
#   description: '? HIP cross-id number, van Leeuwen, Cat. I/311 (hip_original_ext_source_id)'
#   meta: !!omap
#   - {ucd: ID_NUMBER}
#   - {width: 6}
#   - values: {'null': -2147483648}
# - name: TYC2
#   datatype: string
#   description: Tycho-2 cross-id name, Hog et al., Cat. I/259 (tyc2_original_ext_source_id)
#   meta: !!omap
#   - {ucd: ID_CROSSID}
#   - {_votable_string_dtype: char}
# - name: Source
#   datatype: int64
#   description: Source identifier, identical to the Gaia-EDR3 source_id (id)
#   meta: !!omap
#   - {ucd: ID_MAIN}
#   - {width: 19}
# - name: rgeo
#   unit: pc
#   datatype: float64
#   format: '{:15.8f}'
#   description: '? Median of the geometric distance posterior (r_med_geo)'
#   meta: !!omap
#   - {ucd: PHYS_DISTANCE_TRUE}
#   - {width: 15}
#   - {precision: '8'}
#   - values: {'null': .nan}
# - name: Plx
#   unit: mas
#   datatype: float64
#   format: '{:9.4f}'
#   description: '? Parallax (parallax)'
#   meta: !!omap
#   - {ucd: POS_PARLX_TRIG}
#   - {width: 9}
#   - {precision: '4'}
#   - values: {'null': .nan}
# - name: e_Plx
#   unit: mas
#   datatype: float32
#   format: '{:7.4f}'
#   description: '? Standard error of parallax (parallax_error)'
#   meta: !!omap
#   - {ucd: ERROR}
#   - {width: 7}
#   - {precision: '4'}
#   - values: {'null': .nan}
# - name: pmRA
#   unit: mas / yr
#   datatype: float64
#   format: '{:9.3f}'
#   description: '? Proper motion in right ascension direction, pmRA*cosDE (pmra)'
#   meta: !!omap
#   - {ucd: POS_EQ_PMRA}
#   - {width: 9}
#   - {precision: '3'}
#   - values: {'null': .nan}
# - name: pmDE
#   unit: mas / yr
#   datatype: float64
#   format: '{:9.3f}'
#   description: '? Proper motion in declination direction (pmdec)'
#   meta: !!omap
#   - {ucd: POS_EQ_PMDEC}
#   - {width: 9}
#   - {precision: '3'}
#   - values: {'null': .nan}
# - name: e_pmRA
#   unit: mas / yr
#   datatype: float32
#   format: '{:6.3f}'
#   description: '? Standard error of proper motion in right ascension direction (pmra_error)'
#   meta: !!omap
#   - {ucd: ERROR}
#   - {width: 6}
#   - {precision: '3'}
#   - values: {'null': .nan}
# - name: e_pmDE
[...]
#         value: !astropy.table.SerializedColumn {name: SkyCoord.dec}
#       distance: !astropy.table.SerializedColumn
#         __class__: astropy.coordinates.distances.Distance
#         unit: !astropy.units.Unit {unit: pc}
#         value: !astropy.table.SerializedColumn {name: SkyCoord.distance}
#       frame: icrs
#       obstime: !astropy.time.Time {format: jyear_str, in_subfmt: '*', jd1: 367701545.0, jd2: 0.0, out_subfmt: '*', precision: 3, scale: tt}
#       pm_dec: !astropy.table.SerializedColumn
#         __class__: astropy.units.quantity.Quantity
#         unit: !astropy.units.Unit {unit: mas / yr}
#         value: !astropy.table.SerializedColumn {name: SkyCoord.pm_dec}
#       pm_ra_cosdec: !astropy.table.SerializedColumn
#         __class__: astropy.units.quantity.Quantity
#         unit: !astropy.units.Unit {unit: mas / yr}
#         value: !astropy.table.SerializedColumn {name: SkyCoord.pm_ra_cosdec}
#       ra: !astropy.table.SerializedColumn
#         __class__: astropy.coordinates.angles.Longitude
#         unit: *id001
#         value: !astropy.table.SerializedColumn {name: SkyCoord.ra}
#         wrap_angle: !astropy.coordinates.Angle
#           unit: *id001
#           value: 360.0
#       representation_type: spherical
# schema: astropy-2.0
RA_ICRS_1 DE_ICRS_1 e_RA_ICRS e_DE_ICRS _r_1 HIP TYC2 Source rgeo Plx e_Plx pmRA pmDE e_pmRA e_pmDE RUWE Teff logg Gmag BP-RP BPmag RPmag RV e_RV b_rgeo B_rgeo FG e_FG FBP e_FBP FRP e_FRP RAVE5 RAVE6 e_Gmag e_BPmag e_RPmag e_BP-RP SkyCoord.ra SkyCoord.dec SkyCoord.distance SkyCoord.pm_ra_cosdec SkyCoord.pm_dec rmRA rmDE e_rmRA e_rmDE rRV e_rRV v_pec v_pec3d e_vpec e_vpec3d
[from data line 952]
112.71804709444 -52.43168787415 0.0128 0.0122 97.1043 "" "" 5492535539702957568 607.608582 1.6123 0.0128 -3.955 15.971 0.018 0.016 0.963 5235.3 4.3632 14.069073 0.987035 14.480698 13.493663 36.66 3.79 602.42981 612.223999 44393.34248 11.797 22036.0 28.503 31746.0 30.991 "" "" 0.002770385173206152 0.003123669 0.0039251936 0.0070488625 112.71804709444 -52.43168787415 607.608582 -3.955 15.971 3.991333408355713 8.450777812957764 0.22380826 0.22180825 9.431578947368422 5.6103845 26.916879871011414 28.521449883042457 5.9802408137772 5.940917773370828
114.87749524378 -53.91677959312 0.0109 0.0127 61.9862 "" "" 5489199793224040832 512.700073 1.9161 0.0122 -9.41 4.208 0.014 0.016 0.993 5576.2 4.5105 14.071579 1.003926 14.486362 13.482436 44.17 3.84 509.752533 515.800781 44290.95951 7.2704 21922.0 17.06 32076.0 16.623 "" "" 0.002761078302951613 0.002915298 0.003821037 0.0067363353 114.87749524378 -53.91677959312 512.700073 -9.41 4.208 -1.4636665916442873 -3.312222187042236 0.21980825 0.22180825 16.941578947368427 5.660384 8.80024977583488 19.090874609273378 1.9491034700183336 5.102845555663181
116.93223934087 -53.18674068279 0.0123 0.0131 62.2824 "" "" 5489445396634321152 587.254883 1.6698 0.0136 -6.868 13.231 0.016 0.017 0.968 5656.4 4.3907 14.071782 1.049633 14.512999 13.463366 21.45 4.17 582.260864 591.266602 44282.69086 8.7653 21390.0 18.628 32645.0 23.835 "" "" 0.0027636888042489502 0.00294603 0.003861624 0.006807654 116.93223934087 -53.18674068279 587.254883 -6.868000000000002 13.231000000000005 1.0783334083557126 5.7107778129577635 0.22180825 0.22280826 -5.778421052631575 5.9903846 16.177362288255654 17.178393419262814 3.603894156094784 3.9469990994595685
113.62633078832 -54.35277971507 0.0126 0.0131 104.4081 "" "" 5489101386933196032 586.163696 1.6728 0.0136 -13.558 30.809 0.017 0.018 1.096 5076.8 4.2933 14.07445 1.032515 14.505113 13.472598 32.59 3.31 581.204224 591.179077 44173.98886 7.0528 21546.0 26.86 32368.0 16.857 "" "" 0.002760767826788211 0.003101138 0.0038214463 0.006922584 113.62633078832 -54.35277971507 586.163696 -13.558 30.809000000000005 -5.611666591644287 23.288777812957765 0.22280826 0.22380826 5.361578947368429 5.1303844 66.5578782524875 66.77348041162608 14.892558142009715 14.850186941657254
117.96164542693 -52.36976135169 0.0129 0.0124 103.2945 "" "" 5489593040430821120 577.50708 1.6977 0.0136 -1.857 -2.295 0.017 0.016 1.048 5772.5 4.3975 14.074533 1.074178 14.526995 13.452817 -8.16 3.09 572.39801 581.679932 44170.65752 7.3255 21116.0 14.417 32963.0 24.502 "" "" 0.0027611976697704235 0.0028869633 0.0038645896 0.006751553 117.96164542693 -52.36976135169 577.50708 -1.8569999999999998 -2.295 6.089333408355713 -9.815222187042236 0.22280826 0.22180825 -35.38842105263157 4.910384 31.618684125557685 47.456101087532794 7.02208697999891 5.941183623470892
113.80936847436 -52.51571940233 0.0142 0.0133 58.0547 "" "" 5492571583069491072 650.217346 1.5005 0.0147 -7.774 6.658 0.018 0.015 1.093 5319.0 4.341 14.074905 0.983813 14.478845 13.495031 58.88 4.28 644.931213 656.673096 44155.48261 7.7001 22074.0 22.936 31706.0 15.811 "" "" 0.0027618178786265927 0.0030096073 0.0038179671 0.006827574 113.80936847436 -52.51571940233 650.217346 -7.774000000000001 6.658000000000001 0.17233340835571287 -0.862222187042236 0.22380826 0.22080825 31.651578947368428 6.1003847 2.70995453652063 31.767377975708115 0.5986946656901678 6.078362045185727
117.40763791655 -52.15313577498 0.0125 0.0124 90.3458 "" "" 5489777861464021760 558.250305 1.7551 0.0132 -17.553 -4.408 0.016 0.016 0.967 5166.5 4.3605 14.075589 1.143861 14.559605 13.415744 23.29 2.78 553.900452 562.374023 44127.66377 8.864 20492.0 24.34 34108.0 47.532 "" "" 0.002763938180300887 0.0030737857 0.004071002 0.0071447873 117.40763791655 -52.15313577498 558.250305 -17.552999999999997 -4.4079999999999995 -9.606666591644288 -11.928222187042238 0.22180825 0.22180825 -3.9384210526315755 4.6003847 40.526960487709346 40.717879202632425 8.989214374835786 8.958123759735138
114.18262754311 -53.8668302812 0.0133 0.0132 69.297 "" "" 5489255524719499648 621.351746 1.5727 0.0137 -1.656 -13.43 0.017 0.016 0.966 5839.1 4.5132 14.076583 0.914908 14.44834 13.533432 2.7 5.4 615.833984 626.849731 44087.32314 7.8446 22703.0 18.671 30605.0 19.424 "" "" 0.002762084578957708 0.0029295632 0.0038416872 0.0067712506 114.18262754311 -53.8668302812 621.351746 -1.6560000000000015 -13.43 6.290333408355713 -20.950222187042236 0.22280826 0.22180825 -24.528421052631575 7.2203846 64.4240178849947 68.93545908878316 14.29511758772068 13.604370362218853
117.17480191927 -52.19584624542 0.0139 0.0142 81.7097 "" "" 5489779682529468288 673.360535 1.4542 0.015 -21.995 5.232 0.018 0.018 1.172 5762.9 4.2663 14.078943 1.093612 14.531679 13.438067 42.23 3.49 667.04657 679.88147 43991.56508 7.951 21025.0 50.87 33414.0 52.662 "" "" 0.002762299334467299 0.0038322133 0.0041487142 0.007980928 117.17480191927 -52.19584624542 673.360535 -21.995000000000008 5.232000000000001 -14.048666591644288 -2.288222187042236 0.22380826 0.22380826 15.001578947368422 5.3103848 45.43042362984534 47.84318929692436 10.167704007865302 9.797471500553081
116.32746995674 -52.22139399552 0.0145 0.0137 56.5819 "" "" 5489743570443083136 646.496643 1.5127 0.0151 2.88 8.503 0.019 0.018 0.996 5789.2 4.327 14.080204 1.04837 14.517321 13.46895 0.63 3.1 641.075012 652.575378 43940.52717 9.1428 21305.0 23.806 32477.0 36.215 "" "" 0.0027645660413829778 0.0030425123 0.003968567 0.007011079 116.32746995674 -52.22139399552 646.496643 2.8800000000000017 8.503 10.826333408355712 0.9827778129577638 0.22480825 0.22380826 -26.598421052631576 4.9203844 33.31256389956484 42.62866308079184 7.488667395687644 6.608515936785819
114.21052475323 -51.11151673185 0.028 0.0291 114.7644 "" "" 5493833203943403008 670.043274 1.463 0.0307 0.812 -7.688 0.037 0.035 2.708 5781.6 4.383 14.08029 1.015788 14.4919 13.476111 -6.74 4.1 653.833008 684.317627 43937.04142 9.0 21810.0 29.798 32264.0 76.194 "" "" 0.002764281361040796 0.003159984 0.0045670657 0.0077270498 114.21052475323 -51.11151673185 670.043274 0.812 -7.688000000000004 8.758333408355712 -15.208222187042235 0.24280825 0.24080825 -33.96842105263158 5.9203844 55.738521215763654 65.27355035639627 13.450145989249581 11.89143620861337
115.08077938904 -51.14059129462 0.0368 0.0381 106.4011 "" "" 5493091308471957888 663.600342 1.4798 0.0398 -4.398 2.347 0.055 0.058 3.002 "" "" 14.081747 0.914007 14.44984 13.535832 16.33 6.27 644.85083 679.453735 43878.10245 8.871 22672.0 24.831 30537.0 32.315 "" "" 0.0027640500867008116 0.0030329975 0.003950167 0.0069831647 115.08077938904 -51.14059129462 663.600342 -4.398 2.3470000000000004 3.548333408355713 -5.173222187042237 0.26080826 0.26380825 -10.898421052631576 8.0903845 19.73209971820999 22.54176880215539 5.186624840290067 5.992736346735683
116.00247936158 -51.99710583366 0.0135 0.0145 61.0165 "" "" 5492758671845136384 605.018311 1.6218 0.0151 -2.667 2.502 0.019 0.017 1.007 "" "" 14.082059 1.141654 14.572158 13.430504 34.42 3.11 599.345276 611.295715 43865.50096 6.7957 20256.0 28.895 33648.0 17.388 "" "" 0.0027604495779671306 0.0031912078 0.0038208014 0.007012009 116.00247936158 -51.99710583366 605.018311 -2.6669999999999994 2.501999999999999 5.279333408355713 -5.0182221870422365 0.22480825 0.22280826 7.191578947368427 4.9303846 20.888419451931977 22.091737707932413 4.676105798245304 4.703703296915337
115.10161272148 -51.48295502049 0.0129 0.0136 85.8528 "" "" 5493013170127638144 494.566833 1.9931 0.0139 1.724 -14.07 0.016 0.018 1.06 5355.5 4.4652 14.082077 1.105919 14.550728 13.444809 62.05 4.57 490.681183 497.756561 43864.76399 7.3345 20660.0 17.358 33207.0 19.981 "" "" 0.002761294477168577 0.002935502 0.0038354304 0.006770932 115.10161272148 -51.48295502049 494.566833 1.7240000000000002 -14.070000000000018 9.670333408355713 -21.590222187042237 0.22180825 0.22380826 34.82157894736842 6.3903847 55.457816214458916 65.48367536771676 12.393452848430353 11.032340025441338
114.241017478 -52.04801784714 0.0118 0.0128 63.9049 "" "" 5492605874088018304 573.690735 1.7109 0.0129 -1.107 10.8 0.017 0.016 0.973 5203.2 4.3512 14.082805 1.028781 14.511811 13.48303 21.74 3.45 569.510864 577.257812 43835.40797 14.824 21414.0 26.691 32059.0 34.466 "" "" 0.002779676537297685 0.0031010394 0.0039555286 0.007056568 114.241017478 -52.04801784714 573.690735 -1.1069999999999984 10.8 6.839333408355713 3.2797778129577644 0.22280826 0.22180825 -5.488421052631576 5.270385 20.626060546833404 21.343784559740268 4.591807202941521 4.639741941493058
113.95698459201 -53.85620195835 0.0128 0.0132 73.6339 "" "" 5489165364765488256 528.424255 1.8583 0.0139 7.922 -15.069 0.016 0.017 0.955 5615.4 4.4847 14.083102 1.025291 14.511914 13.486623 31.0 2.47 524.746948 531.806641 43823.38614 8.684 21412.0 25.842 31953.0 15.408 "" "" 0.002763707338021359 0.0030825494 0.0038154728 0.0068980223 113.95698459201 -53.85620195835 528.424255 7.922000000000001 -15.069000000000003 15.868333408355713 -22.58922218704224 0.22180825 0.22280826 3.7715789473684254 4.2903843 69.14495566755319 69.2477414940309 15.383254625951555 15.36219828440694
114.93946350249 -54.40728004385 0.048 0.0488 90.5796 "" "" 5488986384888521600 485.323242 2.0291 0.0496 -7.289 18.035 0.061 0.058 3.773 4958.6 4.3582 14.083181 1.222323 14.617635 13.395311 23.45 3.04 473.044708 498.42807 43820.18882 27.26 19425.0 40.47 34756.0 55.113 "" "" 0.0028368972090124047 0.0035919053 0.0041530537 0.007744959 114.93946350249 -54.40728004385 485.323242 -7.289 18.035 0.6573334083557132 10.514777812957764 0.26680824 0.26380825 -3.7784210526315753 4.8603845 24.235753226172367 24.52851809814229 6.393876303269387 6.3617712040446825
118.02901210711 -53.9114324203 0.0135 0.0134 115.5774 "" "" 5488644363753918976 476.726501 2.0648 0.0141 -6.265 -0.531 0.017 0.017 1.029 5142.2 4.4412 14.084523 1.147324 14.57742 13.430097 42.7 2.56 474.258911 480.481323 43766.05271 7.1968 20158.0 27.165 33660.0 17.464 "" "" 0.002761098439064808 0.0031505292 0.0038211327 0.006971662 118.02901210711 -53.9114324203 476.726501 -6.265000000000001 -0.5310000000000008 1.6813334083557132 -8.051222187042237 0.22280826 0.22280826 15.471578947368428 4.3803844 18.585682851964197 24.182583861085853 4.141043596667873 4.240644115827306
114.47670725497 -52.59485481888 0.0138 0.0128 34.3999 "" "" 5492389751333524992 562.87738 1.7456 0.0142 -12.158 19.134 0.018 0.017 0.968 5236.4 4.3992 14.084574 0.98445 14.491858 13.507408 46.67 3.62 558.510498 567.094788 43764.03853 9.1668 21811.0 17.744 31347.0 22.677 "" "" 0.002764689549002609 0.0029266428 0.0038601353 0.006786778 114.47670725497 -52.59485481888 562.87738 -12.157999999999998 19.134000000000004 -4.211666591644287 11.613777812957764 0.22380826 0.22280826 19.441578947368427 5.4403844 32.960589851874886 38.26715922759719 7.3477300363511135 6.906040854757166
117.18197397569 -52.98796357522 0.0332 0.0338 69.355 "" "" 5489541913139359616 546.779663 1.8006 0.0363 -14.694 -5.793 0.043 0.042 2.802 5014.7 4.3277 14.0886 1.20204 14.611998 13.409958 30.66 2.64 537.107666 556.875183 43602.03 8.6696 19526.0 22.676 34291.0 21.966 "" "" 0.002763764550071649 0.003061845 0.003842843 0.0069046877 117.18197397569 -52.98796357522 546.779663 -14.694 -5.793 -6.747666591644288 -13.313222187042236 0.24880825 0.24780825 3.4315789473684255 4.4603844 38.68315282991218 38.83506208227772 9.59392320087585 9.564519222886076
118.41830260104 -53.21285717453 0.012 0.013 115.0311 "" "" 5488746553915504000 673.015137 1.4549 0.0133 -5.445 9.057 0.015 0.019 0.948 5483.1 4.3045 14.091167 1.011265 14.509527 13.498262 16.68 4.81 666.982422 678.580078 43499.0635 10.849 21459.0 30.264 31612.0 20.325 "" "" 0.0027685947939361934 0.0031827223 0.0038433108 0.007026033 118.41830260104 -53.21285717453 673.015137 -5.444999999999995 9.056999999999988 2.5013334083557126 1.536777812957764 0.22080825 0.22480825 -10.548421052631575 6.6303844 9.365163419569404 14.105866601483296 2.078237854495157 5.146631451104281
114.89681535753 -54.0251677374 0.0118 0.0139 68.1971 "" "" 5489195360817813248 663.155334 1.4747 0.0131 0.198 11.995 0.016 0.017 0.972 5683.3 4.3501 14.092052 0.999707 14.509865 13.510158 22.45 3.23 656.978394 668.433044 43463.63981 7.9966 21452.0 24.744 31268.0 18.625 "" "" 0.0027625518187065342 0.0030583383 0.0038343163 0.0068926546 114.89681535753 -54.0251677374 663.155334 0.19799999999999995 11.994999999999997 8.144333408355713 4.474777812957763 0.22180825 0.22280826 -4.778421052631575 5.0503845 29.21018741605553 29.59845192974324 6.485845650159684 6.45248704591848
115.41007347267 -50.99384891421 0.0115 0.0132 115.1017 "" "" 5493098901973949568 576.339111 1.7023 0.0127 11.773 -22.038 0.016 0.018 0.979 4932.9 4.2866 14.092747 1.211966 14.620459 13.408493 -8.08 3.13 572.561401 580.481018 43435.83701 6.73 19375.0 22.468 34337.0 19.904 "" "" 0.00276045089407189 0.003061092 0.0038314261 0.006892518 115.41007347267 -50.99384891421 576.339111 11.773 -22.038 19.719333408355713 -29.558222187042237 0.22180825 0.22380826 -35.30842105263157 4.9503846 97.0686773230536 103.29091302954494 21.665164212753417 20.4302591832469
116.1042885454 -54.56091496408 0.0261 0.0273 103.3942 "" "" 5488192331334778368 548.468689 1.7854 0.0277 -3.448 10.616 0.034 0.034 2.112 5043.9 4.3304 14.093178 1.01047 14.510455 13.499985 14.77 4.11 539.332886 557.831238 43418.58317 7.339 21440.0 27.753 31562.0 18.913 "" "" 0.002761425235011581 0.0031241453 0.0038349733 0.006959119 116.1042885454 -54.56091496408 548.468689 -3.448 10.616 4.4983334083557125 3.0957778129577633 0.23980826 0.23980826 -12.458421052631575 5.9303846 14.196313477854758 18.88776247961029 3.404393253335668 4.674269395432965
115.28597069075 -52.82332099094 0.0118 0.013 5.2545 "" "" 5489699315100567424 650.55249 1.5057 0.0129 -4.228 6.146 0.015 0.017 0.988 5983.9 4.4779 14.093528 1.019104 14.518996 13.499892 29.2 3.74 645.528015 655.097534 43404.57504 16.079 21273.0 37.124 31565.0 34.198 "" "" 0.0027845212410407 0.003372699 0.0039582085 0.0073309075 115.28597069075 -52.82332099094 650.55249 -4.228 6.146 3.718333408355713 -1.3742221870422364 0.22080825 0.22280826 1.9715789473684247 5.5603848 12.223929316997483 12.381905002569553 2.7020941914658936 2.8107111141834658
114.75460307178 -52.53706009306 0.014 0.0127 29.1386 "" "" 5492348588367053440 582.361084 1.6857 0.0138 2.913 34.16 0.017 0.017 0.998 5734.3 4.4413 14.094686 0.970614 14.494636 13.524022 4.12 4.12 577.359985 587.524475 43358.34633 7.5835 21755.0 20.56 30871.0 20.292 "" "" 0.0027618564046016235 0.0029728643 0.0038461739 0.006819038 114.75460307178 -52.53706009306 582.361084 2.9129999999999896 34.160000000000004 10.859333408355713 26.63977781295776 0.22280826 0.22280826 -23.108421052631574 5.9403844 79.41118653176498 82.70511271939891 17.693468037221457 17.069671172826173
113.42031025545 -51.81222202217 0.0128 0.013 94.4532 "" "" 5492664148204742400 579.853882 1.6911 0.0131 -2.685 8.302 0.016 0.017 1.077 5301.0 4.3934 14.096197 0.993207 14.51029 13.517083 33.8 5.12 574.667786 584.992615 43298.01668 21.932 21444.0 50.83 31069.0 44.135 "" "" 0.002809670828558066 0.0037958387 0.0040819775 0.007877816 113.42031025545 -51.81222202217 579.853882 -2.6850000000000014 8.302000000000003 5.261333408355712 0.7817778129577633 0.22180825 0.22280826 6.5715789473684225 6.9403844 14.619580799026846 16.028655358475028 3.2430602086330893 4.104427976950959
114.61736002345 -51.98076038184 0.0119 0.0131 60.6275 "" "" 5492610100335728512 481.035522 2.0505 0.0128 -0.433 1.897 0.017 0.017 0.987 5519.2 4.4764 14.097997 1.129858 14.580026 13.450168 -1.95 4.81 477.879669 483.65564 43226.29812 17.056 20110.0 30.087 33044.0 51.375 "" "" 0.0027884259605048894 0.0032285757 0.0041392287 0.0073678046 114.61736002345 -51.98076038184 481.035522 -0.43299999999999994 1.8969999999999998 7.513333408355713 -5.623222187042236 0.22280826 0.22280826 -29.178421052631574 6.6303844 21.397915923058836 36.18357446376668 4.767632344800059 6.044572984657997
