Clusters/UPK_526/UPK_526_stars_in_region.tsv
# %ECSV 1.0
# ---
# datatype:
# - name: RA_ICRS_1
#   unit: deg
#   datatype: float64
#   format: '{:15.11f}'
#   description: Right ascension (ICRS) at Ep=2016.0 (ra)
#   meta: !!omap
#   - {ucd: POS_EQ_RA_MAIN}
#   - {width: 15}
#   - {precision: '11'}
# - name: DE_ICRS_1
#   unit: deg
#   datatype: float64
#   format: '{:15.11f}'
#   description: Declination (ICRS) at Ep=2016.0 (dec)
#   meta: !!omap
#   - {ucd: POS_EQ_DEC_MAIN}
#   - {width: 15}
#   - {precision: '11'}
# - name: e_RA_ICRS
#   unit: mas
#   datatype: float64
#   format: '{:7.4f}'
#   description: Standard error of right ascension (ra_error)
#   meta: !!omap
#   - {ucd: ERROR}
#   - {width: 7}
#   - {precision: '4'}
# - name: e_DE_ICRS
#   unit: mas
#   datatype: float64
#   format: '{:7.4f}'
#   description: Standard error of declination (dec_error)
#   meta: !!omap
#   - {ucd: ERROR}
#   - {width: 7}
#   - {precision: '4'}
# - name: _r_1
#   unit: ''
#   datatype: float64
#   format: '{:8.4f}'
#   description: Distance from center (115.26780646000-52.91020608000)[ICRS], at Epoch=J2016.0
#   meta: !!omap
#   - {ucd: POS_ANG_DIST_GENERAL}
#   - {width: 8}
#   - {precision: '4'}
# - name: HIP
#   datatype: int32
#   description: '? HIP cross-id number, van Leeuwen, Cat. I/311 (hip_original_ext_source_id)'
#   meta: !!omap
#   - {ucd: ID_NUMBER}
#   - {width: 6}
#   - values: {'null': -2147483648}
# - name: TYC2
#   datatype: string
#   description: Tycho-2 cross-id name, Hog et al., Cat. I/259 (tyc2_original_ext_source_id)
#   meta: !!omap
#   - {ucd: ID_CROSSID}
#   - {_votable_string_dtype: char}
# - name: Source
#   datatype: int64
#   description: Source identifier, identical to the Gaia-EDR3 source_id (id)
#   meta: !!omap
#   - {ucd: ID_MAIN}
#   - {width: 19}
# - name: rgeo
#   unit: pc
#   datatype: float64
#   format: '{:15.8f}'
#   description: '? Median of the geometric distance posterior (r_med_geo)'
#   meta: !!omap
#   - {ucd: PHYS_DISTANCE_TRUE}
#   - {width: 15}
#   - {precision: '8'}
#   - values: {'null': .nan}
# - name: Plx
#   unit: mas
#   datatype: float64
#   format: '{:9.4f}'
#   description: '? Parallax (parallax)'
#   meta: !!omap
#   - {ucd: POS_PARLX_TRIG}
#   - {width: 9}
#   - {precision: '4'}
#   - values: {'null': .nan}
# - name: e_Plx
#   unit: mas
#   datatype: float32
#   format: '{:7.4f}'
#   description: '? Standard error of parallax (parallax_error)'
#   meta: !!omap
#   - {ucd: ERROR}
#   - {width: 7}
#   - {precision: '4'}
#   - values: {'null': .nan}
# - name: pmRA
#   unit: mas / yr
#   datatype: float64
#   format: '{:9.3f}'
#   description: '? Proper motion in right ascension direction, pmRA*cosDE (pmra)'
#   meta: !!omap
#   - {ucd: POS_EQ_PMRA}
#   - {width: 9}
#   - {precision: '3'}
#   - values: {'null': .nan}
# - name: pmDE
#   unit: mas / yr
#   datatype: float64
#   format: '{:9.3f}'
#   description: '? Proper motion in declination direction (pmdec)'
#   meta: !!omap
#   - {ucd: POS_EQ_PMDEC}
#   - {width: 9}
#   - {precision: '3'}
#   - values: {'null': .nan}
# - name: e_pmRA
#   unit: mas / yr
#   datatype: float32
#   format: '{:6.3f}'
#   description: '? Standard error of proper motion in right ascension direction (pmra_error)'
#   meta: !!omap
#   - {ucd: ERROR}
#   - {width: 6}
#   - {precision: '3'}
#   - values: {'null': .nan}
# - name: e_pmDE
[...]
#         value: !astropy.table.SerializedColumn {name: SkyCoord.dec}
#       distance: !astropy.table.SerializedColumn
#         __class__: astropy.coordinates.distances.Distance
#         unit: !astropy.units.Unit {unit: pc}
#         value: !astropy.table.SerializedColumn {name: SkyCoord.distance}
#       frame: icrs
#       obstime: !astropy.time.Time {format: jyear_str, in_subfmt: '*', jd1: 367701545.0, jd2: 0.0, out_subfmt: '*', precision: 3, scale: tt}
#       pm_dec: !astropy.table.SerializedColumn
#         __class__: astropy.units.quantity.Quantity
#         unit: !astropy.units.Unit {unit: mas / yr}
#         value: !astropy.table.SerializedColumn {name: SkyCoord.pm_dec}
#       pm_ra_cosdec: !astropy.table.SerializedColumn
#         __class__: astropy.units.quantity.Quantity
#         unit: !astropy.units.Unit {unit: mas / yr}
#         value: !astropy.table.SerializedColumn {name: SkyCoord.pm_ra_cosdec}
#       ra: !astropy.table.SerializedColumn
#         __class__: astropy.coordinates.angles.Longitude
#         unit: *id001
#         value: !astropy.table.SerializedColumn {name: SkyCoord.ra}
#         wrap_angle: !astropy.coordinates.Angle
#           unit: *id001
#           value: 360.0
#       representation_type: spherical
# schema: astropy-2.0
RA_ICRS_1 DE_ICRS_1 e_RA_ICRS e_DE_ICRS _r_1 HIP TYC2 Source rgeo Plx e_Plx pmRA pmDE e_pmRA e_pmDE RUWE Teff logg Gmag BP-RP BPmag RPmag RV e_RV b_rgeo B_rgeo FG e_FG FBP e_FBP FRP e_FRP RAVE5 RAVE6 e_Gmag e_BPmag e_RPmag e_BP-RP SkyCoord.ra SkyCoord.dec SkyCoord.distance SkyCoord.pm_ra_cosdec SkyCoord.pm_dec rmRA rmDE e_rmRA e_rmDE rRV e_rRV v_pec v_pec3d e_vpec e_vpec3d
[from data line 1463]
114.80888409852 -54.09037396785 0.032 0.0315 72.6792 "" "" 5489193608471154176 621.586365 1.5738 0.0309 7.137 18.989 0.043 0.041 1.789 4921.4 4.4361 14.92765 1.229163 15.460255 14.231091 26.17 12.21 608.644287 632.694397 20131.98735 7.819 8939.5 31.804 16096.0 27.264 "" "" 0.002787401693200681 0.004765042 0.0042030783 0.00896812 114.80888409852 -54.09037396785 621.586365 7.137 18.989 15.083333408355713 11.468777812957764 0.24880825 0.24680826 -1.058421052631573 14.030384 55.82787846980422 55.83791068408526 13.849636775647193 13.84970214197682
117.28141858123 -53.24391810829 0.0169 0.018 75.2878 "" "" 5489394956538362624 647.764771 1.5099 0.019 -5.965 0.333 0.021 0.021 0.966 5367.5 4.5128 14.929184 1.171798 15.433146 14.261348 "" "" 639.876404 655.988098 20103.57218 5.0001 9165.6 16.027 15654.0 12.45 "" "" 0.0027685215494674376 0.0033748236 0.0038767743 0.007251598 117.28141858123 -53.24391810829 647.764771 -5.965000000000005 0.33300000000000224 1.981333408355713 -7.187222187042236 0.22680825 0.22680825 "" "" 22.890861908081902 "" 5.1918363292285346 ""
117.72970542317 -51.98974141226 0.0172 0.0178 105.6066 "" "" 5489803974863754880 574.20105 1.7109 0.0187 -14.61 17.154 0.023 0.022 0.952 5326.9 4.5332 14.931998 1.259904 15.484783 14.224879 23.69 8.25 567.969727 580.622253 20051.52668 4.6998 8739.8 16.345 16188.0 15.495 "" "" 0.00276704720605407 0.003450807 0.003919666 0.007370473 117.72970542317 -51.98974141226 574.20105 -14.610000000000003 17.154 -6.6636665916442865 9.633777812957764 0.22880825 0.22780825 -3.5384210526315734 10.070385 31.88171961489977 32.0774760408108 7.273251511453292 7.313719059163339
117.24031101189 -52.37946005525 0.0188 0.0189 78.5503 "" "" 5489762021623751168 517.279175 1.8922 0.0197 -4.321 8.11 0.026 0.024 1.111 4661.2 4.3816 14.936217 1.476259 15.609565 14.133306 26.22 4.67 512.303101 521.617126 19973.75428 14.168 7791.0 28.886 17613.0 62.63 "" "" 0.00286092896367929 0.004897918 0.005402706 0.010300624 117.24031101189 -52.37946005525 517.279175 -4.320999999999998 8.11 3.625333408355713 0.5897778129577631 0.23180825 0.22980826 -1.0084210526315758 6.4903846 9.00582449094585 9.062107248378306 2.0871619286216765 2.1963460686700294
117.86474057471 -53.16819971112 0.019 0.0187 94.9519 "" "" 5489480615366518400 624.676025 1.5663 0.0198 1.498 5.582 0.023 0.023 0.994 5423.2 4.5555 14.936751 1.176844 15.44407 14.267226 "" "" 615.802124 633.930969 19963.94196 4.626 9073.8 16.91 15569.0 12.994 "" "" 0.0027667822631153812 0.0034466127 0.0038864969 0.0073331096 117.86474057471 -53.16819971112 624.676025 1.4980000000000013 5.582 9.444333408355712 -1.9382221870422365 0.22880825 0.22880825 "" "" 28.547157643224573 "" 6.531825297109592 ""
117.21393723275 -53.53553675971 0.0288 0.028 79.3376 "" "" 5489375130969123456 531.180359 1.8456 0.0309 0.767 29.242 0.042 0.036 1.715 4846.3 4.4866 14.939604 1.333057 15.535943 14.202886 57.85 4.56 524.29718 538.843994 19911.55194 4.6305 8337.6 11.309 16520.0 13.266 "" "" 0.0027668649136886377 0.0031549684 0.0038786458 0.0070336144 117.21393723275 -53.53553675971 531.180359 0.7670000000000012 29.242 8.713333408355712 21.721777812957765 0.24780825 0.24180825 30.621578947368427 6.3803844 58.927041748979754 66.4084132208858 14.29857239655753 13.02437768248618
116.27762128759 -53.92162532049 0.018 0.0172 70.6149 "" "" 5489346406227979136 619.51593 1.5818 0.0183 -19.124 15.095 0.024 0.023 0.978 5152.9 4.5169 14.940309 1.064426 15.388634 14.324208 "" "" 612.501892 626.360229 19898.62912 6.9788 9549.1 21.089 14773.0 18.215 "" "" 0.0027815082209345743 0.0036789433 0.004009471 0.0076884143 116.27762128759 -53.92162532049 619.51593 -19.124000000000002 15.095 -11.177666591644286 7.574777812957764 0.22980826 0.22880825 "" "" 39.650163786736485 "" 9.09947526709541 ""
116.75553457061 -51.78042383068 0.0192 0.0223 86.9945 "" "" 5492853332924962944 522.187439 1.881 0.0223 -5.532 0.437 0.025 0.028 1.207 4755.5 4.4153 14.944114 1.235315 15.472774 14.237458 0.99 5.12 516.509644 527.372498 19829.02518 6.1449 8837.0 14.874 16002.0 14.825 "" "" 0.002775787633117802 0.0033353632 0.003910948 0.0072463113 116.75553457061 -51.78042383068 522.187439 -5.532 0.4370000000000007 2.414333408355713 -7.083222187042236 0.23080826 0.23380825 -26.238421052631576 6.9403844 18.522637093602476 32.117640390235366 4.324994733395838 6.194312762579563
113.77109160014 -52.21377499025 0.0175 0.0165 68.7455 "" "" 5492592061473432192 649.841919 1.5045 0.0183 -12.261 3.64 0.024 0.022 1.019 5498.9 4.5522 14.945939 1.061614 15.389897 14.328283 "" "" 642.649231 655.984924 19795.71857 4.1981 9538.0 18.529 14718.0 15.842 "" "" 0.002764924226539457 0.0034976846 0.003955942 0.007453627 113.77109160014 -52.21377499025 649.841919 -12.261 3.6400000000000006 -4.314666591644286 -3.880222187042236 0.22980826 0.22780825 "" "" 17.87407453973248 "" 4.0916642392323475 ""
113.9972867196 -51.91660820928 0.0161 0.0166 75.6024 "" "" 5492669714481871488 591.987244 1.6554 0.0174 -0.917 33.85 0.021 0.024 1.007 4927.4 4.4557 14.947753 1.295321 15.521543 14.226222 60.88 4.59 586.296021 598.772766 19762.66597 4.5089 8448.9 16.079 16168.0 13.945 "" "" 0.002766432956005795 0.0034719508 0.003893671 0.0073656216 113.9972867196 -51.91660820928 591.987244 -0.916999999999998 33.849999999999994 7.029333408355713 26.329777812957765 0.22680825 0.22980826 33.65157894736843 6.4103847 76.46950148594397 83.54647463035025 17.55815272578749 16.27695386557201
113.92587193727 -51.90331253299 0.0162 0.0166 77.8591 "" "" 5492668546250758016 642.251587 1.5211 0.0174 -9.126 5.125 0.021 0.022 0.946 5422.0 4.5422 14.948063 1.138029 15.438554 14.300525 "" "" 635.895813 650.226196 19757.0286 4.6343 9120.0 16.986 15099.0 17.372 "" "" 0.002767065035874951 0.0034459068 0.0039804755 0.007426382 113.92587193727 -51.90331253299 642.251587 -9.126000000000001 5.125 -1.1796665916442866 -2.3952221870422363 0.22680825 0.22780825 "" "" 8.128095094369854 "" 1.8500632298864308 ""
113.65475742921 -52.56750301844 0.0182 0.0178 62.0985 "" "" 5492566016791845888 605.244812 1.6219 0.0187 14.783 -10.318 0.024 0.021 1.042 5139.6 4.5411 14.949446 1.142954 15.439849 14.296895 "" "" 598.035339 612.426453 19731.88047 4.5238 9109.1 16.725 15150.0 13.82 "" "" 0.002766541234697121 0.0034291495 0.0039070016 0.007336151 113.65475742921 -52.56750301844 605.244812 14.782999999999998 -10.318000000000001 22.729333408355714 -17.838222187042234 0.22980826 0.22680825 "" "" 82.89094290399261 "" 18.95462336617417 ""
113.62931684311 -53.6090102413 0.0196 0.0208 72.2212 "" "" 5492185791926531712 512.710632 1.9205 0.0221 -12.565 14.073 0.026 0.028 1.203 5105.3 4.6021 14.950383 1.179033 15.458934 14.279901 "" "" 506.83847 517.098633 19714.84941 4.923 8950.4 21.814 15389.0 19.718 "" "" 0.0027686269441084886 0.0038454188 0.004027288 0.007872706 113.62931684311 -53.6090102413 512.710632 -12.564999999999998 14.073 -4.618666591644287 6.552777812957764 0.23180825 0.23380825 "" "" 19.483102703777163 "" 4.542413954597909 ""
113.69909207352 -51.78063838537 0.018 0.0176 88.8749 "" "" 5492685451241999488 567.40271 1.733 0.0184 -6.169 4.967 0.022 0.022 1.035 4981.4 4.506 14.95085 1.253661 15.502149 14.248487 "" "" 561.916504 572.010498 19706.37643 7.5168 8601.2 24.689 15840.0 17.517 "" "" 0.002786270623017439 0.004183024 0.0039655226 0.008148547 113.69909207352 -51.78063838537 567.40271 -6.169 4.966999999999999 1.7773334083557133 -2.5532221870422367 0.22780825 0.22780825 "" "" 8.366799480533427 "" 1.9060259643021142 ""
115.43026543696 -52.20848306059 0.0182 0.0189 42.5183 "" "" 5492734516948896640 637.818604 1.5345 0.0194 -2.841 12.623 0.025 0.026 0.969 4885.4 4.3841 14.951073 1.194165 15.466958 14.272793 "" "" 630.133545 646.237061 19702.32537 4.7999 8884.5 12.496 15490.0 18.632 "" "" 0.002767987345397934 0.0031807274 0.0039986596 0.007179387 115.43026543696 -52.20848306059 637.818604 -2.8409999999999993 12.62299999999999 5.105333408355713 5.102777812957763 0.23080826 0.23180825 "" "" 21.822571913372112 "" 5.047747284626957 ""
114.77865008312 -52.18055162333 0.0161 0.0168 47.2775 "" "" 5492416448849971200 537.658447 1.8269 0.0173 -0.213 18.784 0.021 0.021 1.019 4976.3 4.5286 14.951432 1.243116 15.493934 14.250817 "" "" 533.115784 543.447937 19695.81697 6.2062 8666.5 16.268 15806.0 17.766 "" "" 0.0027764787443919216 0.0034552414 0.003971528 0.0074267695 114.77865008312 -52.18055162333 537.658447 -0.21300000000000185 18.783999999999992 7.733333408355713 11.263777812957763 0.22680825 0.22680825 "" "" 34.820129330942095 "" 7.89749259659788 ""
113.63231272543 -52.7025450315 0.0189 0.0215 60.6133 "" "" 5492376351035318016 649.926636 1.5061 0.0206 -3.489 2.913 0.026 0.027 1.1 4724.4 4.3444 14.952747 1.26969 15.509718 14.240028 1.25 4.28 642.974792 659.114807 19671.97163 6.2459 8541.4 19.29 15964.0 17.356 "" "" 0.002776801038048977 0.003714505 0.003959431 0.007673936 113.63231272543 -52.7025450315 649.926636 -3.4890000000000008 2.9130000000000047 4.457333408355713 -4.607222187042236 0.23180825 0.23280825 -25.978421052631575 6.1003847 19.74847493854348 32.63250868054878 4.588070658156513 5.594164291789043
116.30361813703 -53.2898517956 0.017 0.0193 43.7178 "" "" 5489429625513760640 669.206604 1.4594 0.0181 -5.921 5.804 0.021 0.024 0.974 5339.6 4.5137 14.955134 1.140047 15.443676 14.303629 "" "" 659.590942 677.82251 19628.77051 4.6542 9077.1 17.672 15056.0 13.549 "" "" 0.0027673208745695624 0.003500454 0.0039036362 0.00740409 116.30361813703 -53.2898517956 669.206604 -5.921000000000001 5.804 2.0253334083557126 -1.716222187042236 0.22680825 0.22980826 "" "" 8.420789987261816 "" 1.9205033463488417 ""
112.27732477628 -53.25548407085 0.0169 0.0179 109.74 "" "" 5492428852715916544 474.719696 2.0703 0.0174 27.947 -10.102 0.024 0.022 1.007 4862.1 4.5496 14.957901 1.231248 15.495998 14.26475 "" "" 470.539032 479.289368 19578.80578 4.5781 8650.0 17.198 15605.0 18.312 "" "" 0.0027669916772161585 0.0035277333 0.0039883587 0.0075160917 112.27732477628 -53.25548407085 474.719696 27.94699999999999 -10.101999999999991 35.893333408355716 -17.622222187042237 0.22980826 0.22780825 "" "" 89.9751803822818 "" 20.642210959187846 ""
113.33022114809 -53.34762006393 0.0197 0.0206 74.5259 "" "" 5492254133445979136 636.807434 1.539 0.021 1.022 5.094 0.027 0.027 0.971 4905.7 4.4801 14.959682 1.217986 15.49337 14.275384 "" "" 627.492615 643.420959 19546.71004 4.9704 8671.0 20.843 15453.0 15.801 "" "" 0.002769117555744196 0.003820518 0.003939066 0.007759584 113.33022114809 -53.34762006393 636.807434 1.0219999999999998 5.094 8.968333408355713 -2.426222187042236 0.23280825 0.23280825 "" "" 28.04374694245364 "" 6.528815570834036 ""
113.61766438239 -53.38336968845 0.019 0.0196 65.8174 "" "" 5492204792861776000 608.507935 1.6134 0.0201 -3.55 8.397 0.026 0.023 1.055 4999.0 4.4913 14.960046 1.169671 15.464913 14.295242 "" "" 601.349792 615.069336 19540.16799 12.893 8901.3 25.596 15173.0 37.209 "" "" 0.002846929070868157 0.004187169 0.004623094 0.008810263 113.61766438239 -53.38336968845 608.507935 -3.5500000000000003 8.397000000000002 4.396333408355713 0.8767778129577639 0.23180825 0.22880825 "" "" 12.930182607507483 "" 2.995848350907682 ""
112.39199589411 -52.04203827497 0.0182 0.0199 117.2869 "" "" 5493321140761478400 596.427795 1.6412 0.0198 -4.551 9.01 0.026 0.026 1.06 5120.1 4.5516 14.960668 1.138783 15.447792 14.30901 "" "" 588.109924 605.239014 19528.99067 15.654 9042.7 38.811 14981.0 35.477 "" "" 0.0028895007420578554 0.005431405 0.0045710644 0.01000247 112.39199589411 -52.04203827497 596.427795 -4.551 9.01000000000001 3.3953334083557127 1.4897778129577635 0.23180825 0.23180825 "" "" 10.48218122806145 "" 2.429856036157018 ""
116.98393484933 -53.24876872955 0.0989 0.1021 65.1017 "" "" 5489441269168100480 581.316528 1.7148 0.1056 10.472 -6.986 0.129 0.124 5.064 6011.3 4.4265 14.962528 1.285314 15.406467 14.121153 9.65 6.91 547.061279 618.828857 19495.55004 16.886 9393.6 22.657 17811.0 26.002 "" "" 0.002911383454904076 0.0038266066 0.0040983055 0.0079249125 116.98393484933 -53.24876872955 581.316528 10.471999999999996 -6.986000000000004 18.418333408355714 -14.506222187042237 0.33480823 0.32980824 -17.578421052631576 8.730385 64.60114973209144 66.95005178050052 21.50591237575311 20.877610600965195
118.33705502893 -52.8524751004 0.017 0.0183 111.177 "" "" 5489509374467620480 501.74118 1.9619 0.018 2.844 7.999 0.024 0.026 1.017 4963.4 4.5848 14.962801 1.350507 15.530999 14.180492 -8.8 4.4 496.963409 507.52774 19490.65504 5.3789 8375.6 30.879 16864.0 97.344 "" "" 0.0027715645484307255 0.004879347 0.0073185656 0.012197913 118.33705502893 -52.8524751004 501.74118 2.844 7.998999999999999 10.790333408355712 0.47877781295776334 0.22980826 0.23180825 -36.02842105263157 6.2203846 25.68739408638379 44.24804332956307 5.903276621965445 6.115351092933751
112.51941507057 -53.53123748172 0.0193 0.0187 105.5221 "" "" 5492236609979240064 473.410522 2.0833 0.0202 9.53 -4.742 0.025 0.024 1.182 4682.9 4.5974 14.962989 1.357676 15.551143 14.193467 -1.12 36.75 468.784363 478.255096 19487.28401 5.0009 8221.7 20.423 16664.0 75.29 "" "" 0.0027693720730804653 0.00388058 0.0061925403 0.01007312 112.51941507057 -53.53123748172 473.410522 9.529999999999998 -4.741999999999996 17.476333408355714 -12.262222187042237 0.23080826 0.22980826 -28.348421052631576 38.570385 47.90666506680684 55.66580219488888 11.04147256903312 21.82016623588493
116.12875516951 -52.33821887428 0.016 0.0174 46.4872 "" "" 5489737042092751232 577.402344 1.697 0.0175 -7.693 7.769 0.02 0.023 1.012 4982.1 4.5198 14.96321 1.237346 15.508773 14.271427 "" "" 572.5849 582.918213 19483.31598 4.3748 8548.9 15.81 15509.0 13.736 "" "" 0.0027660845977122085 0.0034375547 0.0038997985 0.007337353 116.12875516951 -52.33821887428 577.402344 -7.693 7.769000000000013 0.2533334083557133 0.2487778129577638 0.22580825 0.22880825 "" "" 0.9717614977704966 "" 0.22086776693327775 ""
118.2165695565 -52.26862658873 0.0178 0.0189 114.1614 "" "" 5489600255974952448 465.010406 2.1197 0.0192 -4.814 6.112 0.023 0.025 1.02 4712.0 4.4073 14.964509 1.534904 15.672642 14.137737 "" "" 461.167236 469.531952 19460.00636 41.857 7351.2 60.1 17541.0 103.74 "" "" 0.003611867137072129 0.009304669 0.007450875 0.016755544 118.2165695565 -52.26862658873 465.010406 -4.814000000000002 6.111999999999997 3.132333408355713 -1.4082221870422362 0.22880825 0.23080826 "" "" 7.5697696544856905 "" 1.7345805158577352 ""
112.69866437927 -53.52505319787 0.0181 0.0174 99.3927 "" "" 5492225133826671360 523.460999 1.8843 0.0191 -13.112 48.39 0.024 0.022 1.001 4944.3 4.5304 14.964773 1.186276 15.476624 14.290347 "" "" 517.709717 528.266235 19455.28324 4.3726 8805.8 23.73 15241.0 16.123 "" "" 0.002766104744717905 0.0040429807 0.003950055 0.007993036 112.69866437927 -53.52505319787 523.460999 -13.112000000000009 48.39 -5.165666591644287 40.869777812957764 0.22980826 0.22780825 "" "" 102.21308969436541 "" 23.288213597571552 ""
115.44338698409 -51.90490847015 0.0178 0.0175 60.6592 "" "" 5492790145365194368 653.845337 1.4985 0.0184 1.96 12.41 0.025 0.024 1.042 4863.4 4.3558 14.964837 1.347003 15.557364 14.210361 53.28 8.64 645.046875 661.414917 19454.13665 9.9542 8174.7 26.296 16406.0 38.932 "" "" 0.002810768374030104 0.004470227 0.00457406 0.009044287 115.44338698409 -51.90490847015 653.845337 1.960000000000004 12.41000000000001 9.906333408355714 4.889777812957764 0.23080826 0.22980826 26.051578947368426 10.460384 34.23844437850632 43.02273630431984 7.895819727078459 8.922167519938109
