Clusters/UPK_526/UPK_526_stars_in_region.tsv
# %ECSV 1.0
# ---
# datatype:
# - name: RA_ICRS_1
#   unit: deg
#   datatype: float64
#   format: '{:15.11f}'
#   description: Right ascension (ICRS) at Ep=2016.0 (ra)
#   meta: !!omap
#   - {ucd: POS_EQ_RA_MAIN}
#   - {width: 15}
#   - {precision: '11'}
# - name: DE_ICRS_1
#   unit: deg
#   datatype: float64
#   format: '{:15.11f}'
#   description: Declination (ICRS) at Ep=2016.0 (dec)
#   meta: !!omap
#   - {ucd: POS_EQ_DEC_MAIN}
#   - {width: 15}
#   - {precision: '11'}
# - name: e_RA_ICRS
#   unit: mas
#   datatype: float64
#   format: '{:7.4f}'
#   description: Standard error of right ascension (ra_error)
#   meta: !!omap
#   - {ucd: ERROR}
#   - {width: 7}
#   - {precision: '4'}
# - name: e_DE_ICRS
#   unit: mas
#   datatype: float64
#   format: '{:7.4f}'
#   description: Standard error of declination (dec_error)
#   meta: !!omap
#   - {ucd: ERROR}
#   - {width: 7}
#   - {precision: '4'}
# - name: _r_1
#   unit: ''
#   datatype: float64
#   format: '{:8.4f}'
#   description: Distance from center (115.26780646000-52.91020608000)[ICRS], at Epoch=J2016.0
#   meta: !!omap
#   - {ucd: POS_ANG_DIST_GENERAL}
#   - {width: 8}
#   - {precision: '4'}
# - name: HIP
#   datatype: int32
#   description: '? HIP cross-id number, van Leeuwen, Cat. I/311 (hip_original_ext_source_id)'
#   meta: !!omap
#   - {ucd: ID_NUMBER}
#   - {width: 6}
#   - values: {'null': -2147483648}
# - name: TYC2
#   datatype: string
#   description: Tycho-2 cross-id name, Hog et al., Cat. I/259 (tyc2_original_ext_source_id)
#   meta: !!omap
#   - {ucd: ID_CROSSID}
#   - {_votable_string_dtype: char}
# - name: Source
#   datatype: int64
#   description: Source identifier, identical to the Gaia-EDR3 source_id (id)
#   meta: !!omap
#   - {ucd: ID_MAIN}
#   - {width: 19}
# - name: rgeo
#   unit: pc
#   datatype: float64
#   format: '{:15.8f}'
#   description: '? Median of the geometric distance posterior (r_med_geo)'
#   meta: !!omap
#   - {ucd: PHYS_DISTANCE_TRUE}
#   - {width: 15}
#   - {precision: '8'}
#   - values: {'null': .nan}
# - name: Plx
#   unit: mas
#   datatype: float64
#   format: '{:9.4f}'
#   description: '? Parallax (parallax)'
#   meta: !!omap
#   - {ucd: POS_PARLX_TRIG}
#   - {width: 9}
#   - {precision: '4'}
#   - values: {'null': .nan}
# - name: e_Plx
#   unit: mas
#   datatype: float32
#   format: '{:7.4f}'
#   description: '? Standard error of parallax (parallax_error)'
#   meta: !!omap
#   - {ucd: ERROR}
#   - {width: 7}
#   - {precision: '4'}
#   - values: {'null': .nan}
# - name: pmRA
#   unit: mas / yr
#   datatype: float64
#   format: '{:9.3f}'
#   description: '? Proper motion in right ascension direction, pmRA*cosDE (pmra)'
#   meta: !!omap
#   - {ucd: POS_EQ_PMRA}
#   - {width: 9}
#   - {precision: '3'}
#   - values: {'null': .nan}
# - name: pmDE
#   unit: mas / yr
#   datatype: float64
#   format: '{:9.3f}'
#   description: '? Proper motion in declination direction (pmdec)'
#   meta: !!omap
#   - {ucd: POS_EQ_PMDEC}
#   - {width: 9}
#   - {precision: '3'}
#   - values: {'null': .nan}
# - name: e_pmRA
#   unit: mas / yr
#   datatype: float32
#   format: '{:6.3f}'
#   description: '? Standard error of proper motion in right ascension direction (pmra_error)'
#   meta: !!omap
#   - {ucd: ERROR}
#   - {width: 6}
#   - {precision: '3'}
#   - values: {'null': .nan}
# - name: e_pmDE
[...]
#         value: !astropy.table.SerializedColumn {name: SkyCoord.dec}
#       distance: !astropy.table.SerializedColumn
#         __class__: astropy.coordinates.distances.Distance
#         unit: !astropy.units.Unit {unit: pc}
#         value: !astropy.table.SerializedColumn {name: SkyCoord.distance}
#       frame: icrs
#       obstime: !astropy.time.Time {format: jyear_str, in_subfmt: '*', jd1: 367701545.0, jd2: 0.0, out_subfmt: '*', precision: 3, scale: tt}
#       pm_dec: !astropy.table.SerializedColumn
#         __class__: astropy.units.quantity.Quantity
#         unit: !astropy.units.Unit {unit: mas / yr}
#         value: !astropy.table.SerializedColumn {name: SkyCoord.pm_dec}
#       pm_ra_cosdec: !astropy.table.SerializedColumn
#         __class__: astropy.units.quantity.Quantity
#         unit: !astropy.units.Unit {unit: mas / yr}
#         value: !astropy.table.SerializedColumn {name: SkyCoord.pm_ra_cosdec}
#       ra: !astropy.table.SerializedColumn
#         __class__: astropy.coordinates.angles.Longitude
#         unit: *id001
#         value: !astropy.table.SerializedColumn {name: SkyCoord.ra}
#         wrap_angle: !astropy.coordinates.Angle
#           unit: *id001
#           value: 360.0
#       representation_type: spherical
# schema: astropy-2.0
RA_ICRS_1 DE_ICRS_1 e_RA_ICRS e_DE_ICRS _r_1 HIP TYC2 Source rgeo Plx e_Plx pmRA pmDE e_pmRA e_pmDE RUWE Teff logg Gmag BP-RP BPmag RPmag RV e_RV b_rgeo B_rgeo FG e_FG FBP e_FBP FRP e_FRP RAVE5 RAVE6 e_Gmag e_BPmag e_RPmag e_BP-RP SkyCoord.ra SkyCoord.dec SkyCoord.distance SkyCoord.pm_ra_cosdec SkyCoord.pm_dec rmRA rmDE e_rmRA e_rmDE rRV e_rRV v_pec v_pec3d e_vpec e_vpec3d
[from data line 2629]
113.25976913354 -51.47454381872 0.038 0.0428 113.4587 "" "" 5493434871495911424 499.666687 1.9704 0.0429 3.774 12.252 0.054 0.055 1.068 4142.1 4.735 16.623474 1.63129 17.380983 15.749693 "" "" 489.7117 509.716797 4222.37637 5.1329 1524.1 15.005 3974.5 20.533 "" "" 0.003055133099583693 0.011047394 0.00676357 0.017810963 113.25976913354 -51.47454381872 499.666687 3.7740000000000022 12.252000000000013 11.720333408355714 4.731777812957764 0.25980824 0.26080826 "" "" 29.935549889249646 "" 7.781705063291509 ""
116.40067932999 -51.50711674003 0.042 0.0463 93.9232 "" "" 5492916211245657472 616.562439 1.5943 0.0486 -3.835 -4.041 0.055 0.055 0.997 4295.8 4.5081 16.62424 1.789913 17.501846 15.711933 "" "" 598.458862 637.139709 4219.40034 3.0991 1363.6 16.002 4115.1 10.652 "" "" 0.0028684024486788774 0.013043165 0.004709812 0.017752977 116.40067932999 -51.50711674003 616.562439 -3.835 -4.041 4.111333408355713 -11.561222187042237 0.26080826 0.26080826 "" "" 35.86057969284068 "" 9.35273536534026 ""
113.92076479731 -53.23850039048 0.0376 0.0361 52.3986 "" "" 5492300549153917312 505.029694 1.9492 0.0391 -9.654 27.688 0.05 0.045 0.979 4300.9 4.6714 16.62715 1.89171 17.568563 15.676853 "" "" 494.215332 515.287842 4208.10586 2.5447 1282.3 10.926 4250.3 9.7175 "" "" 0.002832465363665345 0.009662757 0.0045216903 0.014184447 113.92076479731 -53.23850039048 505.029694 -9.654 27.688 -1.707666591644287 20.167777812957763 0.25580826 0.25080824 "" "" 48.451205908079665 "" 12.153703199401237 ""
115.07124195326 -51.58198708637 0.1995 0.1966 80.0195 "" "" 5492999258733177472 556.782532 1.8186 0.205 -10.927 13.049 0.243 0.261 4.809 "" "" 16.627897 2.042125 17.53594 15.493815 "" "" 504.933441 654.401367 4205.20885 11.314 1321.4 7.6205 5030.7 11.34 "" "" 0.0040155784268734755 0.0068549644 0.004502622 0.011357587 115.07124195326 -51.58198708637 556.782532 -10.927 13.049 -2.9806665916442867 5.528777812957763 0.44880825 0.46680826 "" "" 16.57666345797509 "" 7.671941934895322 ""
117.45276025247 -53.48206944826 0.0383 0.0395 85.7008 "" "" 5489376264840777600 533.088989 1.8408 0.0414 -3.807 3.778 0.056 0.05 1.004 4184.8 4.6778 16.628075 1.897286 17.5668 15.669513 "" "" 521.823486 545.113464 4204.52625 2.5023 1284.4 9.679 4279.1 9.9329 "" "" 0.002830075041538056 0.008644572 0.004542633 0.013187205 117.45276025247 -53.48206944826 533.088989 -3.8069999999999995 3.7779999999999996 4.1393334083557125 -3.7422221870422363 0.26180825 0.25580826 "" "" 14.100209281238426 "" 3.653744776589877 ""
114.7317498897 -51.56315563404 0.0421 0.0424 83.1879 "" "" 5493008879459832704 543.705444 1.8156 0.0442 18.924 0.432 0.053 0.052 1.093 4275.9 4.5252 16.628803 1.863065 17.549057 15.685992 "" "" 532.846313 556.252991 4201.70573 2.3833 1305.6 11.838 4214.6 9.6377 "" "" 0.0028233074393509603 0.010232239 0.004521948 0.014754187 114.7317498897 -51.56315563404 543.705444 18.924 0.43199999999999966 26.870333408355712 -7.088222187042236 0.25880826 0.25780827 "" "" 71.61815851024998 "" 18.530719662853286 ""
116.9160564291 -53.92584965427 0.0393 0.0485 84.7735 "" "" 5489360287562184704 653.102783 1.4977 0.0474 17.627 -5.464 0.049 0.061 1.015 4406.7 4.592 16.630896 1.697526 17.443829 15.746303 "" "" 634.394409 674.941467 4193.6172 2.6082 1438.4 12.187 3986.9 15.456 "" "" 0.002836860378650125 0.009612855 0.0056568533 0.015269708 116.9160564291 -53.92584965427 653.102783 17.626999999999995 -5.4639999999999915 25.573333408355712 -12.984222187042237 0.25480825 0.26680824 "" "" 88.78720332089956 "" 22.84612486107489 ""
117.71817692212 -53.40854813353 0.0399 0.0412 93.0804 "" "" 5489468413361128448 539.490967 1.8189 0.0451 -0.274 -0.357 0.052 0.053 1.047 4380.9 4.6628 16.632496 1.836701 17.537659 15.700957 "" "" 527.187012 552.687988 4187.43758 2.732 1319.3 12.613 4157.0 10.819 "" "" 0.0028449199294500608 0.010748504 0.004718952 0.015467456 117.71817692212 -53.40854813353 539.490967 -0.27399999999999985 -0.3569999999999999 7.672333408355713 -7.8772221870422365 0.25780827 0.25880826 "" "" 28.119215533627663 "" 7.263809723726384 ""
117.57811926026 -53.28984949369 0.0356 0.0383 86.2858 "" "" 5489473777778872192 462.329498 2.1442 0.0402 -2.201 -1.826 0.045 0.045 1.022 4117.6 4.6409 16.63541 2.071801 17.695662 15.62386 "" "" 454.136749 470.744476 4176.21436 2.4767 1140.7 7.435 4462.9 8.8205 "" "" 0.002829556493121 0.0076069343 0.004346081 0.011953015 117.57811926026 -53.28984949369 462.329498 -2.2009999999999996 -1.826000000000002 5.745333408355712 -9.346222187042237 0.25080824 0.25080824 "" "" 24.04209689223912 "" 6.029955983004861 ""
113.616656474 -53.37789738931 0.0397 0.0415 65.7126 "" "" 5492204857283386496 521.984009 1.8884 0.042 5.296 14.154 0.053 0.05 1.035 4223.7 4.6534 16.638544 1.960501 17.616646 15.656145 "" "" 508.672028 535.976013 4164.17481 2.546 1226.8 11.61 4332.1 9.4752 "" "" 0.0028341583165468576 0.010647117 0.0044635264 0.015110644 113.616656474 -53.37789738931 521.984009 5.296000000000001 14.153999999999996 13.242333408355712 6.633777812957764 0.25880826 0.25580826 "" "" 36.64549534086889 "" 9.46220487631533 ""
117.15804687493 -53.76926818806 0.1968 0.1963 85.0966 "" "" 5489363242499705472 667.798401 1.5268 0.2047 -7.404 2.395 0.27 0.255 4.894 4221.6 4.3107 16.638702 1.657407 17.37204 15.714633 "" "" 592.872742 784.010132 4163.56977 9.3443 1536.7 10.691 4104.9 9.6718 "" "" 0.0036782310140051583 0.008052441 0.0045637647 0.012616206 117.15804687493 -53.76926818806 667.798401 -7.403999999999999 2.3949999999999947 0.542333408355713 -5.125222187042237 0.47580826 0.46080825 "" "" 16.31376986553158 "" 7.520272973931421 ""
114.50947188118 -51.66601304884 0.045 0.0438 79.6699 "" "" 5493007367631317888 607.910217 1.6122 0.0488 -19.85 23.818 0.055 0.049 1.002 4370.8 4.4978 16.6392 1.609222 17.396551 15.78733 "" "" 591.954346 625.877563 4161.65824 2.7716 1502.4 10.842 3839.1 10.197 "" "" 0.0028486205650063083 0.008317143 0.0047539575 0.0130711 114.50947188118 -51.66601304884 607.910217 -19.849999999999998 23.81800000000002 -11.903666591644289 16.297777812957765 0.26080826 0.25480825 "" "" 58.15444305636315 "" 14.940541422706188 ""
112.7626207295 -53.26512396867 0.0386 0.039 92.748 "" "" 5492243894243754880 612.875488 1.6041 0.0404 -20.703 13.374 0.049 0.049 0.974 4308.1 4.6447 16.639668 1.853799 17.557457 15.703658 "" "" 597.483582 626.407166 4159.86737 2.5476 1295.5 11.357 4146.6 12.332 "" "" 0.0028344173282489307 0.009918638 0.0049709207 0.014889559 112.7626207295 -53.26512396867 612.875488 -20.703 13.373999999999999 -12.756666591644287 5.853777812957764 0.25480825 0.25480825 "" "" 40.773959580329034 "" 10.389541167557116 ""
115.11607935932 -52.75718993732 0.038 0.04 10.7022 "" "" 5492328517982304128 580.720581 1.6972 0.041 -4.16 -0.332 0.048 0.05 1.027 4304.5 4.6737 16.639986 1.784997 17.512445 15.727448 "" "" 569.258057 594.691162 4158.65251 2.5002 1350.3 11.445 4056.8 10.229 "" "" 0.002831584555489416 0.009616267 0.0046667242 0.014282991 115.11607935932 -52.75718993732 580.720581 -4.159999999999999 -0.33199999999999896 3.7863334083557127 -7.852222187042236 0.25380826 0.25580826 "" "" 23.99575364053913 "" 6.129287157118187 ""
115.95521198678 -53.00691290035 0.0409 0.0423 25.5137 "" "" 5489637914248247424 586.80658 1.6884 0.0447 -1.822 7.72 0.057 0.049 1.052 4268.4 4.6608 16.643013 1.866333 17.562876 15.696543 "" "" 568.95166 600.550964 4147.0735 2.4093 1289.0 8.564 4173.9 11.865 "" "" 0.0028265994900011963 0.007734346 0.0048794975 0.012613844 115.95521198678 -53.00691290035 586.80658 -1.822 7.72 6.124333408355713 0.19977781295776342 0.26280826 0.25480825 "" "" 17.043668670605026 "" 4.479074233716152 ""
112.14142808325 -53.4268825813 0.0337 0.0353 116.6329 "" "" 5492423080279889664 579.204224 1.6984 0.0354 -14.779 7.271 0.043 0.044 0.983 4297.2 4.5846 16.643024 1.818875 17.5385 15.719625 "" "" 567.782959 593.721619 4147.02812 2.0241 1318.3 8.1051 4086.1 12.043 "" "" 0.0028058182774660196 0.0072349287 0.004952144 0.012187073 112.14142808325 -53.4268825813 579.204224 -14.778999999999998 7.270999999999999 -6.832666591644287 -0.24922218704223642 0.24880825 0.24980825 "" "" 18.77106870103663 "" 4.670421741533966 ""
118.46521634233 -52.89378992307 0.0409 0.043 115.7115 "" "" 5489511126814356224 535.908264 1.8437 0.0427 -2.601 16.673 0.057 0.062 1.072 4261.2 4.6501 16.643764 1.913044 17.559488 15.646444 "" "" 522.695496 549.612 4144.19921 2.9047 1293.1 12.258 4371.0 15.325 "" "" 0.002858480576609422 0.0106637785 0.0053641754 0.016027953 118.46521634233 -52.89378992307 535.908264 -2.601000000000001 16.673 5.345333408355713 9.152777812957762 0.26280826 0.26780826 "" "" 26.924488994805618 "" 7.1766018970186884 ""
116.94530069815 -52.23566774783 0.0367 0.0376 73.3439 "" "" 5489820604977506944 577.070007 1.7081 0.0383 -13.424 21.861 0.046 0.046 0.947 4296.8 4.6568 16.645525 1.87018 17.576046 15.705866 "" "" 563.970764 591.278381 4137.48477 2.6993 1273.5 8.8259 4138.2 9.514 "" "" 0.0028449127779528066 0.008025266 0.0045293095 0.012554576 116.94530069815 -52.23566774783 577.070007 -13.423999999999992 21.86099999999999 -5.477666591644287 14.340777812957764 0.25180826 0.25180826 "" "" 41.99062175568438 "" 10.57358522891206 ""
116.09425948175 -52.62202565193 0.0439 0.0416 34.6291 "" "" 5489717246586313088 624.006531 1.5776 0.0458 -13.632 13.144 0.061 0.052 1.167 4493.3 4.6251 16.646702 1.691909 17.465744 15.773835 "" "" 608.31134 638.250671 4133.00309 2.514 1409.7 11.656 3887.1 10.307 "" "" 0.002833363942552982 0.00940093 0.0047509954 0.014151925 116.09425948175 -52.62202565193 624.006531 -13.631999999999994 13.143999999999995 -5.685666591644287 5.623777812957764 0.26680824 0.25780827 "" "" 23.653763574659255 "" 6.206655044886626 ""
114.31266953269 -53.82270302139 0.0395 0.0387 64.55 "" "" 5489256933468788352 502.35556 1.9596 0.0424 -13.789 16.565 0.054 0.052 1.017 3896.2 4.4491 16.647194 2.195525 17.78769 15.592164 "" "" 492.082886 513.93811 4131.13308 2.7843 1048.0 14.163 4595.1 12.221 "" "" 0.0028508364101349315 0.014935907 0.004756251 0.019692158 114.31266953269 -53.82270302139 502.35556 -13.788999999999996 16.564999999999998 -5.842666591644287 9.044777812957765 0.25980824 0.25780827 "" "" 25.639828463838047 "" 6.625298688487481 ""
113.29774869204 -51.61736809276 0.0975 0.0935 106.0618 "" "" 5493421260741040640 522.853638 1.9041 0.1006 -1.158 29.864 0.128 0.13 2.231 3928.1 4.7246 16.64757 1.864954 17.50782 15.642866 "" "" 496.696777 555.103882 4129.70318 8.0356 1356.1 13.279 4385.4 14.229 "" "" 0.00347203124104643 0.010991617 0.005166617 0.016158234 113.29774869204 -51.61736809276 522.853638 -1.1579999999999853 29.863999999999997 6.788333408355713 22.343777812957764 0.33380824 0.33580825 "" "" 57.874403685092545 "" 19.424947647436866 ""
114.60021704618 -54.18989175725 0.0469 0.0496 80.3836 "" "" 5489186702163726208 617.859619 1.5914 0.0498 -3.659 18.031 0.062 0.055 1.04 4245.1 4.6307 16.65023 1.882231 17.585981 15.703751 "" "" 599.619568 637.152344 4119.59241 3.1457 1261.9 10.953 4146.3 11.112 "" "" 0.0028773484858174137 0.0098283095 0.004769736 0.0145980455 114.60021704618 -54.18989175725 617.859619 -3.6589999999999954 18.031 4.287333408355713 10.510777812957762 0.26780826 0.26080826 "" "" 33.24476784272015 "" 8.704086483640413 ""
112.33689398709 -53.21430372895 0.0418 0.038 107.2349 "" "" 5492435552864902272 626.259216 1.57 0.0417 -4.169 21.182 0.059 0.048 1.033 4244.7 4.5229 16.650822 1.880768 17.584877 15.704109 "" "" 611.636536 640.694092 4117.35023 2.3564 1263.2 10.866 4144.9 14.019 "" "" 0.002824517550577977 0.009747339 0.0052696145 0.015016954 112.33689398709 -53.21430372895 626.259216 -4.168999999999997 21.182000000000002 3.7773334083557133 13.661777812957762 0.26480824 0.25380826 "" "" 42.07613741520907 "" 10.712800244152788 ""
117.73974542603 -53.09676219672 0.0468 0.0393 89.9463 "" "" 5489493362829363968 522.81311 1.8841 0.0462 17.528 -13.464 0.057 0.047 0.967 4385.8 4.6717 16.650892 1.860539 17.574713 15.714173 "" "" 509.326996 535.465698 4117.08807 2.4575 1275.1 10.127 4106.7 11.14 "" "" 0.0028305114870097216 0.009063224 0.0047914507 0.013854675 117.73974542603 -53.09676219672 522.81311 17.528 -13.463999999999983 25.47433340835571 -20.984222187042235 0.26280826 0.25280824 "" "" 81.78891088189705 "" 21.167977640515154 ""
113.82791464681 -53.30968965203 0.0444 0.0389 57.1302 "" "" 5492298698027446784 528.225342 1.8568 0.0428 0.491 16.883 0.061 0.048 1.058 4194.3 4.6455 16.65283 1.987759 17.658516 15.670757 "" "" 515.334229 539.772339 4109.74066 2.503 1180.3 10.373 4274.2 9.2441 "" "" 0.002833558041008249 0.009941503 0.004449466 0.01439097 113.82791464681 -53.30968965203 528.225342 0.49099999999999344 16.883000000000017 8.437333408355713 9.362777812957763 0.26680824 0.25380826 "" "" 31.556691364354247 "" 8.195735633555323 ""
114.08978908359 -52.33889815273 0.0419 0.0416 54.9163 "" "" 5492597623452161152 629.237549 1.56 0.0447 -3.902 32.603 0.052 0.053 1.069 4289.8 4.5108 16.652987 1.691963 17.473286 15.781322 "" "" 612.611328 648.764343 4109.15097 2.5063 1399.9 8.8536 3860.4 10.131 "" "" 0.002833783811531652 0.00741191 0.0047331243 0.012145035 114.08978908359 -52.33889815273 629.237549 -3.902000000000011 32.603000000000016 4.044333408355713 25.082777812957765 0.25780827 0.25880826 "" "" 75.77778294586268 "" 19.60999926505826 ""
116.52094774928 -51.71897491301 0.0379 0.0511 84.975 "" "" 5492863262889308800 556.410889 1.7705 0.0439 -4.829 10.366 0.05 0.058 0.997 4323.9 4.6457 16.654243 1.865684 17.578827 15.713142 "" "" 542.817078 568.725037 4104.39446 2.8031 1270.2 8.5322 4110.6 11.82 "" "" 0.002853352138195342 0.0078086243 0.0049021193 0.012710744 116.52094774928 -51.71897491301 556.410889 -4.828999999999999 10.366 3.117333408355713 2.8457778129577633 0.25580826 0.26380825 "" "" 11.13221877685871 "" 2.8885355426837456 ""
117.17434730838 -52.24570258239 0.0416 0.046 80.1326 "" "" 5489778617377307136 479.808411 2.0498 0.0462 -9.618 29.872 0.053 0.061 1.066 3600.0 4.228 16.654726 2.172588 17.781523 15.608934 "" "" 468.778412 491.443634 4102.5709 2.7471 1053.9 6.4801 4524.6 10.261 "" "" 0.0028496207777149343 0.0072354698 0.0045107035 0.011746174 117.17434730838 -52.24570258239 479.808411 -9.618000000000016 29.872 -1.6716665916442874 22.351777812957764 0.25880826 0.26680824 "" "" 50.97643679643112 "" 13.598698931197829 ""
113.94209979693 -51.16840618428 0.0384 0.0406 115.3895 "" "" 5493456930448066048 581.600586 1.6884 0.042 1.412 -5.785 0.053 0.055 1.065 4503.2 4.4419 16.654903 1.869079 17.569727 15.700648 "" "" 566.938843 595.740051 4101.90189 5.8091 1280.9 12.669 4158.1 17.139 "" "" 0.0031553212674707335 0.011095249 0.00585759 0.016952839 113.94209979693 -51.16840618428 581.600586 1.412 -5.785 9.358333408355712 -13.305222187042236 0.25880826 0.26080826 "" "" 44.843977081822764 "" 11.666071413722106 ""
116.35235539085 -53.22014186166 0.0376 0.04 43.2988 "" "" 5489430415787735680 492.331696 2.0048 0.0397 15.46 -6.805 0.049 0.052 0.982 4342.6 4.68 16.655226 1.870439 17.581556 15.711118 "" "" 481.503662 502.206268 4100.68816 2.3564 1267.1 11.364 4118.2 11.242 "" "" 0.0028250740665246694 0.010129301 0.0048029474 0.014932249 116.35235539085 -53.22014186166 492.331696 15.46 -6.805000000000002 23.406333408355714 -14.325222187042236 0.25480825 0.25780827 "" "" 64.04030033243048 "" 16.370573690892257 ""
