Clusters/Gulliver_10/Gulliver_10_stars_in_region.tsv
# %ECSV 1.0
# ---
# datatype:
# - name: RA_ICRS_1
#   unit: deg
#   datatype: float64
#   format: '{:15.11f}'
#   description: Right ascension (ICRS) at Ep=2016.0 (ra)
#   meta: !!omap
#   - {ucd: POS_EQ_RA_MAIN}
#   - {width: 15}
#   - {precision: '11'}
# - name: DE_ICRS_1
#   unit: deg
#   datatype: float64
#   format: '{:15.11f}'
#   description: Declination (ICRS) at Ep=2016.0 (dec)
#   meta: !!omap
#   - {ucd: POS_EQ_DEC_MAIN}
#   - {width: 15}
#   - {precision: '11'}
# - name: e_RA_ICRS
#   unit: mas
#   datatype: float64
#   format: '{:7.4f}'
#   description: Standard error of right ascension (ra_error)
#   meta: !!omap
#   - {ucd: ERROR}
#   - {width: 7}
#   - {precision: '4'}
# - name: e_DE_ICRS
#   unit: mas
#   datatype: float64
#   format: '{:7.4f}'
#   description: Standard error of declination (dec_error)
#   meta: !!omap
#   - {ucd: ERROR}
#   - {width: 7}
#   - {precision: '4'}
# - name: _r_1
#   unit: ''
#   datatype: float64
#   format: '{:7.4f}'
#   description: Distance from center (123.02370708000-38.65910601000)[ICRS], at Epoch=J2016.0
#   meta: !!omap
#   - {ucd: POS_ANG_DIST_GENERAL}
#   - {width: 7}
#   - {precision: '4'}
# - name: HIP
#   datatype: int32
#   description: '? HIP cross-id number, van Leeuwen, Cat. I/311 (hip_original_ext_source_id)'
#   meta: !!omap
#   - {ucd: ID_NUMBER}
#   - {width: 6}
#   - values: {'null': -2147483648}
# - name: TYC2
#   datatype: string
#   description: Tycho-2 cross-id name, Hog et al., Cat. I/259 (tyc2_original_ext_source_id)
#   meta: !!omap
#   - {ucd: ID_CROSSID}
#   - {_votable_string_dtype: char}
# - name: Source
#   datatype: int64
#   description: Source identifier, identical to the Gaia-EDR3 source_id (id)
#   meta: !!omap
#   - {ucd: ID_MAIN}
#   - {width: 19}
# - name: rgeo
#   unit: pc
#   datatype: float64
#   format: '{:15.8f}'
#   description: '? Median of the geometric distance posterior (r_med_geo)'
#   meta: !!omap
#   - {ucd: PHYS_DISTANCE_TRUE}
#   - {width: 15}
#   - {precision: '8'}
#   - values: {'null': .nan}
# - name: Plx
#   unit: mas
#   datatype: float64
#   format: '{:9.4f}'
#   description: '? Parallax (parallax)'
#   meta: !!omap
#   - {ucd: POS_PARLX_TRIG}
#   - {width: 9}
#   - {precision: '4'}
#   - values: {'null': .nan}
# - name: e_Plx
#   unit: mas
#   datatype: float32
#   format: '{:7.4f}'
#   description: '? Standard error of parallax (parallax_error)'
#   meta: !!omap
#   - {ucd: ERROR}
#   - {width: 7}
#   - {precision: '4'}
#   - values: {'null': .nan}
# - name: pmRA
#   unit: mas / yr
#   datatype: float64
#   format: '{:9.3f}'
#   description: '? Proper motion in right ascension direction, pmRA*cosDE (pmra)'
#   meta: !!omap
#   - {ucd: POS_EQ_PMRA}
#   - {width: 9}
#   - {precision: '3'}
#   - values: {'null': .nan}
# - name: pmDE
#   unit: mas / yr
#   datatype: float64
#   format: '{:9.3f}'
#   description: '? Proper motion in declination direction (pmdec)'
#   meta: !!omap
#   - {ucd: POS_EQ_PMDEC}
#   - {width: 9}
#   - {precision: '3'}
#   - values: {'null': .nan}
# - name: e_pmRA
#   unit: mas / yr
#   datatype: float32
#   format: '{:6.3f}'
#   description: '? Standard error of proper motion in right ascension direction (pmra_error)'
#   meta: !!omap
#   - {ucd: ERROR}
#   - {width: 6}
#   - {precision: '3'}
#   - values: {'null': .nan}
# - name: e_pmDE
[...]
#         value: !astropy.table.SerializedColumn {name: SkyCoord.dec}
#       distance: !astropy.table.SerializedColumn
#         __class__: astropy.coordinates.distances.Distance
#         unit: !astropy.units.Unit {unit: pc}
#         value: !astropy.table.SerializedColumn {name: SkyCoord.distance}
#       frame: icrs
#       obstime: !astropy.time.Time {format: jyear_str, in_subfmt: '*', jd1: 367701545.0, jd2: 0.0, out_subfmt: '*', precision: 3, scale: tt}
#       pm_dec: !astropy.table.SerializedColumn
#         __class__: astropy.units.quantity.Quantity
#         unit: !astropy.units.Unit {unit: mas / yr}
#         value: !astropy.table.SerializedColumn {name: SkyCoord.pm_dec}
#       pm_ra_cosdec: !astropy.table.SerializedColumn
#         __class__: astropy.units.quantity.Quantity
#         unit: !astropy.units.Unit {unit: mas / yr}
#         value: !astropy.table.SerializedColumn {name: SkyCoord.pm_ra_cosdec}
#       ra: !astropy.table.SerializedColumn
#         __class__: astropy.coordinates.angles.Longitude
#         unit: *id001
#         value: !astropy.table.SerializedColumn {name: SkyCoord.ra}
#         wrap_angle: !astropy.coordinates.Angle
#           unit: *id001
#           value: 360.0
#       representation_type: spherical
# schema: astropy-2.0
RA_ICRS_1 DE_ICRS_1 e_RA_ICRS e_DE_ICRS _r_1 HIP TYC2 Source rgeo Plx e_Plx pmRA pmDE e_pmRA e_pmDE RUWE Teff logg Gmag BP-RP BPmag RPmag RV e_RV b_rgeo B_rgeo FG e_FG FBP e_FBP FRP e_FRP RAVE5 RAVE6 e_Gmag e_BPmag e_RPmag e_BP-RP SkyCoord.ra SkyCoord.dec SkyCoord.distance SkyCoord.pm_ra_cosdec SkyCoord.pm_dec rmRA rmDE e_rmRA e_rmDE rRV e_rRV v_pec v_pec3d e_vpec e_vpec3d
[from data line 283]
123.23664716077 -37.47235331807 0.0108 0.0124 71.9121 "" "" 5541413710650801792 598.738831 1.6487 0.0141 -7.153 0.653 0.014 0.016 1.071 6060.1 4.2338 12.965122 0.717409 13.244824 12.527415 18.9 1.7 593.412842 603.733215 122715.10141 26.631 68784.0 29.911 77302.0 28.199 "" "" 0.0027653763943571276 0.0028298341 0.0038000783 0.006629912 123.23664716077 -37.47235331807 598.738831 -7.1530000000000005 0.6529999999999977 -2.7283002166748043 -4.35394990158081 0.1609939 0.16299391 -12.069500000000001 4.0004444 14.582159952877165 18.929136777499775 2.3686166899863554 3.136197327395922
123.00162675482 -37.49318086473 0.0158 0.0176 69.9633 "" "" 5541425358602400128 613.233582 1.6093 0.0203 -16.259 -0.942 0.022 0.023 1.547 6197.2 4.2604 12.968515 0.731564 13.245555 12.513991 15.34 2.2 607.064026 620.16571 122332.19463 36.575 68738.0 32.746 78264.0 24.026 "" "" 0.00277437631852436 0.0028377064 0.0037940505 0.006631757 123.00162675482 -37.49318086473 613.233582 -16.259 -0.9419999999999991 -11.834300216674805 -5.948949901580811 0.1689939 0.1699939 -15.6295 4.5004444 38.50076915293674 41.55226222021763 6.514180068999934 6.268683846604533
123.13932023516 -38.35018756481 0.0086 0.0101 19.3137 "" "" 5540813136777373568 461.493103 2.1427 0.0114 -16.453 -9.14 0.011 0.013 1.007 5854.1 4.41 12.974944 0.779737 13.283491 12.503755 34.11 1.41 458.72702 464.221375 121609.91838 21.342 66377.0 35.636 79005.0 25.973 "" "" 0.0027619007229905067 0.0028504075 0.0037961996 0.006646607 123.13932023516 -38.35018756481 461.493103 -16.453 -9.14 -12.028300216674804 -14.146949901580811 0.15799391 0.1599939 3.1404999999999994 3.7104445 40.61976306138892 40.74098540061809 6.464951919198597 6.452058508485848
123.66302452228 -39.09983542663 0.0103 0.0113 39.8868 "" "" 5539975510774385664 599.600769 1.6434 0.013 -5.976 6.21 0.014 0.014 0.982 6483.6 4.2182 12.975083 0.866425 13.322868 12.456444 18.79 3.32 594.307373 605.326965 121594.30014 23.293 64013.0 23.118 82524.0 28.352 "" "" 0.002763159072638857 0.0028175872 0.003797745 0.0066153323 123.66302452228 -39.09983542663 599.600769 -5.975999999999999 6.210000000000001 -1.5513002166748047 1.2030500984191894 0.1609939 0.1609939 -12.1795 5.6204443 5.579414116855814 13.39664443572979 0.8982516600098611 5.1234782867870186
123.55152164661 -39.59629362004 0.0135 0.0142 61.3632 "" "" 5539929266867532288 621.760681 1.5835 0.0167 -0.884 -3.838 0.018 0.019 1.223 6376.3 4.1231 12.978865 0.935928 13.359925 12.423997 14.02 2.11 614.87207 627.486389 121171.62029 31.348 61865.0 35.394 85028.0 31.729 "" "" 0.0027696005997000983 0.002858478 0.0038010362 0.0066595143 123.55152164661 -39.59629362004 621.760681 -0.8839999999999996 -3.838 3.5406997833251954 -8.844949901580812 0.16499391 0.1659939 -16.9495 4.4104443 28.078378964885406 32.79757484244406 4.656971716907802 4.592426258590712
124.11547559996 -39.14076417017 0.0105 0.0121 58.6007 "" "" 5539919611780245376 488.062469 2.0235 0.0137 -5.11 12.687 0.014 0.016 1.078 5527.1 4.3249 12.98331 0.895294 13.349605 12.45431 74.51 1.17 484.16272 491.384247 120676.50845 23.072 62456.0 37.962 82686.0 32.423 "" "" 0.002763128502956316 0.0028671518 0.0038032858 0.0066704378 124.11547559996 -39.14076417017 488.062469 -5.109999999999999 12.686999999999998 -0.685300216674805 7.680050098419189 0.1609939 0.16299391 43.54050000000001 3.4704442 17.83774422688009 47.05273912700083 2.9071635431950806 3.395245820458105
122.63911256659 -38.51443144656 0.0132 0.0147 20.0175 "" "" 5540795956908406400 554.837769 1.7755 0.0165 -7.276 17.054 0.018 0.019 1.093 5595.4 4.274 12.984743 0.877812 13.342976 12.465163 69.07 1.79 550.271973 560.242737 120517.36332 34.989 62839.0 31.007 81864.0 24.781 "" "" 0.002773292191376317 0.0028411383 0.0037936454 0.006634784 122.63911256659 -38.51443144656 554.837769 -7.276000000000001 17.054000000000013 -2.8513002166748045 12.047050098419188 0.16499391 0.1659939 38.1005 4.0904446 32.558219896376436 50.11672159140901 5.402743732579997 4.689296216384093
121.88909926852 -37.91309801554 0.0089 0.0108 69.704 "" "" 5541067158327479424 447.81311 2.2048 0.0122 -2.311 -3.225 0.012 0.014 0.949 5613.7 4.3549 12.989101 0.860971 13.338454 12.477483 50.08 1.27 445.235382 450.629364 120034.51401 20.808 63101.0 31.709 80940.0 33.079 "" "" 0.0027617410014991314 0.0028430128 0.0038053407 0.0066483533 121.88909926852 -37.91309801554 447.81311 -2.311 -3.2249999999999988 2.1136997833251954 -8.23194990158081 0.1589939 0.1609939 19.1105 3.5704443 18.040233221483174 26.280434260786198 2.9021489398218625 3.2725804240557514
121.54033734035 -38.34461071211 0.0099 0.0116 72.1618 "" "" 5540960574418347392 438.119446 2.2572 0.0132 -3.495 4.66 0.014 0.016 1.016 5660.0 4.3311 12.99177 0.924405 13.37067 12.446265 36.27 3.82 435.475586 441.309448 119739.93236 34.417 61256.0 71.659 83301.0 64.765 "" "" 0.0027729370555583414 0.003065659 0.0038725056 0.0069381646 121.54033734035 -38.34461071211 438.119446 -3.495 4.659999999999998 0.9296997833251952 -0.3469499015808104 0.1609939 0.16299391 5.300500000000003 6.1204443 2.0607549486839947 5.687003710964642 0.3322755519666284 5.705753364448402
124.12059090621 -38.14348521588 0.0083 0.0105 60.1427 "" "" 5541153469990714112 498.568146 1.9781 0.0114 -24.503 5.294 0.011 0.015 0.95 5689.1 4.2749 12.994825 0.858695 13.342429 12.483734 26.71 1.42 495.34314 501.88028 119403.38635 19.37 62870.0 33.626 80476.0 24.569 "" "" 0.002760943995669084 0.002849959 0.00379389 0.006643849 124.12059090621 -38.14348521588 498.568146 -24.503 5.293999999999999 -20.078300216674805 0.28705009841918905 0.15799391 0.1619939 -4.259499999999999 3.7204442 47.454149186057315 47.644932733949624 7.497505983304395 7.474887672501275
122.5384560108 -39.45088863663 0.0097 0.0114 52.6123 "" "" 5540609864567562624 605.760864 1.6295 0.0127 -8.371 2.9 0.013 0.015 1.083 5563.4 4.1984 12.996108 0.92246 13.372569 12.450109 37.88 1.33 601.501831 610.670166 119262.36286 21.341 61149.0 36.227 83007.0 28.891 "" "" 0.0027621613700647934 0.0028633538 0.0037982275 0.0066615813 122.5384560108 -39.45088863663 605.760864 -8.370999999999999 2.9000000000000004 -3.946300216674805 -2.1069499015808106 0.1599939 0.1619939 6.9105000000000025 3.6304445 12.84489263532735 14.585824524622762 2.0608307282717204 2.500446166127202
123.55608480555 -38.65043963632 0.01 0.011 24.9502 "" "" 5540745035776240000 537.205383 1.8346 0.0125 -1.331 -11.072 0.013 0.013 1.049 5890.8 4.3497 12.998219 0.745337 13.290735 12.545398 -8.14 2.07 533.72699 540.516052 119030.70923 26.319 65936.0 29.752 76032.0 28.017 "" "" 0.0027657588753618747 0.002832854 0.003800499 0.006633353 123.55608480555 -38.65043963632 537.205383 -1.3310000000000017 -11.072 3.0936997833251954 -16.07894990158081 0.1599939 0.1599939 -39.1095 4.3704443 41.69366061986252 57.165674369627396 6.67073144493117 5.710616302905739
123.84005967797 -37.82874200799 0.0081 0.011 62.9444 "" "" 5541177212569746304 624.621155 1.5741 0.0116 -7.436 -14.53 0.011 0.014 0.962 5604.2 4.2134 13.000504 0.880168 13.358926 12.478758 18.36 1.51 620.509888 628.982117 118780.5571 20.1 61922.0 34.812 80845.0 32.688 "" "" 0.002761438996405171 0.0028561556 0.0038047922 0.0066609476 123.84005967797 -37.82874200799 624.621155 -7.436 -14.529999999999994 -3.0113002166748046 -19.53694990158081 0.15799391 0.1609939 -12.6095 3.8104444 58.52619236068997 59.86914633173322 9.418322844522299 9.24196727583215
122.04138412614 -38.82295958735 0.0085 0.0092 47.0109 "" "" 5540874297113947904 556.664368 1.7707 0.0106 -10.149 15.214 0.011 0.012 0.882 5914.5 4.281 13.001676 0.734596 13.289592 12.554996 27.84 2.02 553.51001 559.471558 118652.40704 28.919 66006.0 59.003 75363.0 43.437 "" "" 0.0027679985274678344 0.00295415 0.00383084 0.0067849904 122.04138412614 -38.82295958735 556.664368 -10.149 15.213999999999999 -5.724300216674804 10.20705009841919 0.15799391 0.1589939 -3.1295 4.320444 30.87842476840355 31.036605588046477 4.90211086308574 4.8965446415949
121.94984449147 -38.94838157005 0.0082 0.0101 53.1262 "" "" 5540871617054441472 509.417603 1.9356 0.0106 -1.147 -5.037 0.01 0.013 0.928 5856.7 4.3334 13.008023 0.757326 13.30469 12.547364 4.94 2.07 506.813843 512.172424 117960.71144 38.493 65094.0 66.01 75895.0 50.006 "" "" 0.0027780058446528638 0.002999547 0.0038464903 0.006846037 121.94984449147 -38.94838157005 509.417603 -1.147000000000001 -5.036999999999997 3.277699783325195 -10.04394990158081 0.15699391 0.1599939 -26.0295 4.3704443 25.51123937748219 36.44664874614946 4.07433925969127 4.227960879186223
123.80905206033 -39.39311848422 0.0094 0.0105 57.2672 "" "" 5539908960261965696 579.278809 1.7003 0.0121 2.972 -1.65 0.013 0.014 1.075 5355.8 4.1892 13.013386 0.954787 13.406997 12.452209 39.38 2.95 573.828125 583.197693 117379.56097 20.346 59240.0 33.982 82847.0 28.42 "" "" 0.0027617398900652386 0.0028588362 0.00379769 0.006656526 123.80905206033 -39.39311848422 579.278809 2.9719999999999986 -1.6499999999999995 7.396699783325195 -6.656949901580811 0.1599939 0.1609939 8.410500000000003 5.2504444 27.323789432121863 28.588913571189348 4.383888373701648 4.465537497332888
122.16280358403 -39.5789613502 0.008 0.009 68.2055 "" "" 5540633018730121472 616.874695 1.5937 0.0102 -4.603 9.075 0.01 0.011 0.873 6142.4 4.261 13.013785 0.745186 13.308363 12.563177 20.87 2.0 612.612183 620.292297 117336.35937 25.031 64874.0 34.961 74798.0 28.533 "" "" 0.0027650381015717073 0.00285086 0.0038020082 0.0066528684 122.16280358403 -39.5789613502 616.874695 -4.603 9.075000000000003 -0.17830021667480445 4.068050098419189 0.15699391 0.15799391 -10.099499999999999 4.3004446 11.906341446344639 15.612843011026023 1.8811067146457368 3.129932749611208
121.67498788288 -39.02716501741 0.0087 0.0109 66.7842 "" "" 5540861480930814848 585.786072 1.6802 0.011 -6.213 -7.121 0.011 0.013 0.971 6252.7 4.3425 13.017026 0.750275 13.310525 12.56025 15.44 2.37 582.106445 589.231079 116986.71021 26.074 64745.0 43.718 74999.0 30.069 "" "" 0.002765926251509703 0.002884878 0.0038043675 0.006689246 121.67498788288 -39.02716501741 585.786072 -6.213000000000001 -7.121 -1.7883002166748048 -12.127949901580811 0.15799391 0.1599939 -15.5295 4.6704445 34.0388963460886 37.414059318787686 5.444576040739534 5.319244501283042
124.38862697628 -38.72477384145 0.0095 0.0118 64.0414 "" "" 5540353575279877760 422.940125 2.3354 0.0127 -4.802 -8.941 0.013 0.017 1.228 5655.1 4.3445 13.021789 0.985102 13.43122 12.446118 9.38 1.35 420.652527 425.243195 116474.57366 22.556 57933.0 27.607 83313.0 37.83 "" "" 0.0027633310306713695 0.002837735 0.0038114008 0.0066491356 124.38862697628 -38.72477384145 422.940125 -4.802 -8.941 -0.3773002166748043 -13.947949901580811 0.1599939 0.16399391 -21.5895 3.6504445 27.972188469242823 35.334824720222414 4.587187740990373 4.261638580590045
123.87739559263 -39.19605715665 0.0201 0.0235 51.2415 "" "" 5539965207153142784 417.196472 2.3672 0.0263 0.271 1.419 0.026 0.029 2.393 5145.6 4.2927 13.024906 1.002655 13.439718 12.437063 -7.38 1.67 412.240692 421.725952 116140.64266 39.422 57482.0 69.391 84010.0 66.185 "" "" 0.002779857451042091 0.003082681 0.0038749685 0.0069576493 123.87739559263 -39.19605715665 417.196472 0.27099999999999985 1.419 4.695699783325195 -3.5879499015808105 0.1729939 0.1759939 -38.3495 3.9704442 11.68623518956077 40.09055054692725 2.03464112453343 3.844044812444482
121.84136633789 -38.8720331002 0.0271 0.032 56.769 "" "" 5540875912021762560 615.665283 1.5979 0.035 -4.91 6.474 0.036 0.046 3.187 "" "" 13.031218 0.770977 13.334545 12.563568 21.16 2.97 601.461365 629.716431 115467.49831 25.929 63328.0 40.304 74771.0 54.922 "" "" 0.0027660861150283784 0.002874461 0.0038626096 0.0067370706 121.84136633789 -38.8720331002 615.665283 -4.91 6.474 -0.48530021667480483 1.4670500984191897 0.1829939 0.19299391 -9.8095 5.2704444 4.509388382366914 10.796336130050124 0.8659410414654697 4.802340216077349
123.07833870539 -39.17366198476 0.0271 0.0327 30.9785 "" "" 5540701605067521408 562.541931 1.762 0.0361 1.467 3.021 0.038 0.045 2.02 "" "" 13.037449 "" "" "" 41.21 2.78 551.93219 574.218933 114806.6623 79.703 "" "" "" "" "" "" 0.002856560939026026 "" "" "" 123.07833870539 -39.17366198476 562.541931 1.4669999999999996 3.0210000000000017 5.891699783325196 -1.9859499015808106 0.18499391 0.1919939 10.2405 5.0804443 16.57839146876559 19.48617212131823 3.0789419883087814 3.7403418333789884
121.88403077339 -38.00669982949 0.0087 0.0103 66.4026 "" "" 5541064409548450048 556.72168 1.7618 0.0114 -15.211 5.217 0.012 0.013 1.035 6144.7 4.1744 13.048958 0.816575 13.371099 12.554523 0.0 1.71 553.245483 560.189697 113596.1677 19.742 61232.0 24.642 75396.0 35.052 "" "" 0.0027617736688987284 0.0028241752 0.0038129403 0.0066371155 121.88403077339 -38.00669982949 556.72168 -15.210999999999999 5.217 -10.786300216674805 0.2100500984191891 0.1589939 0.1599939 -30.9695 4.0104446 28.46894100146907 42.06650130442424 4.526398779716797 4.254527270485797
124.02926722661 -39.23878108258 0.0076 0.0096 58.406 "" "" 5539917412757487744 484.292999 2.0329 0.0102 -4.725 22.192 0.01 0.013 0.981 5557.8 4.3304 13.05626 0.834694 13.390013 12.555319 37.4 1.69 482.303711 486.31488 112834.73718 22.84 60174.0 33.307 75341.0 27.09 "" "" 0.00276407132645934 0.0028541568 0.0037994913 0.006653648 124.02926722661 -39.23878108258 484.292999 -4.725000000000001 22.192 -0.30030021667480433 17.18505009841919 0.15699391 0.1599939 6.4304999999999986 3.9904444 39.45514399160723 39.97573911322291 6.312546641154131 6.2633196574524845
121.96109196347 -39.58087000158 0.0078 0.0091 74.1975 "" "" 5540631545563145472 614.803467 1.5936 0.0101 -3.105 -0.726 0.01 0.011 0.936 5997.1 4.2286 13.058228 0.746749 13.351574 12.604825 26.93 1.91 610.829407 618.901062 112630.47616 22.028 62343.0 35.565 71983.0 20.586 "" "" 0.0027634905633797486 0.002858091 0.0037921153 0.006650206 121.96109196347 -39.58087000158 614.803467 -3.1049999999999995 -0.7259999999999996 1.3196997833251953 -5.7329499015808105 0.15699391 0.15799391 -4.0395 4.2104445 17.143714339672318 17.61319112512796 2.707742369095197 2.8069001811669403
123.40224039507 -39.44243845247 0.3084 0.344 50.2003 "" "" 5539946515455722624 439.13858 2.5076 0.3923 1.825 7.64 0.424 0.438 28.873 5602.2 4.5017 13.060593 0.898742 13.365014 12.466272 -6.58 2.0 372.953156 592.568665 112385.38171 357.45 61576.0 32.842 81780.0 53.403 "" "" 0.004417784785462058 0.0028496294 0.003845309 0.006694938 123.40224039507 -39.44243845247 439.13858 1.8249999999999984 7.640000000000002 6.2496997833251955 2.633050098419189 0.5709939 0.5849939 -37.5495 4.3004446 14.116260598858453 40.11525599500624 8.090398806321122 4.930405143927804
123.53229649206 -38.63288166385 0.0087 0.0094 23.8849 "" "" 5540745104495720448 534.928406 1.8376 0.0108 -9.225 14.311 0.012 0.011 0.995 5618.8 4.3047 13.066242 0.862052 13.413996 12.551944 67.05 1.93 531.747986 537.851746 111802.04714 18.117 58860.0 43.979 75575.0 35.278 "" "" 0.0027609316821825486 0.0029057113 0.0038132125 0.006718924 123.53229649206 -38.63288166385 534.928406 -9.225000000000001 14.311 -4.800300216674804 9.30405009841919 0.1589939 0.15799391 36.0805 4.2304444 26.545785780285716 44.793763214791625 4.199667125481289 4.219660977898832
123.12349971166 -39.82437094863 0.0074 0.0095 70.0695 "" "" 5539829481886711552 542.567017 1.8082 0.0098 -0.256 -0.265 0.01 0.012 0.986 5713.7 4.2525 13.066258 0.82062 13.390194 12.569574 12.72 1.91 539.841309 545.162292 111800.38069 20.08 60164.0 39.297 74358.0 36.024 "" "" 0.00276221218898749 0.0028788822 0.00381581 0.006694692 123.12349971166 -39.82437094863 542.567017 -0.25599999999999984 -0.2649999999999999 4.168699783325195 -5.27194990158081 0.15699391 0.1589939 -18.249499999999998 4.2104445 17.28478781663549 25.135794002102074 2.734928253834886 3.5891299023277727
