Clusters/Gulliver_10/Gulliver_10_stars_in_region.tsv
# %ECSV 1.0
# ---
# datatype:
# - name: RA_ICRS_1
#   unit: deg
#   datatype: float64
#   format: '{:15.11f}'
#   description: Right ascension (ICRS) at Ep=2016.0 (ra)
#   meta: !!omap
#   - {ucd: POS_EQ_RA_MAIN}
#   - {width: 15}
#   - {precision: '11'}
# - name: DE_ICRS_1
#   unit: deg
#   datatype: float64
#   format: '{:15.11f}'
#   description: Declination (ICRS) at Ep=2016.0 (dec)
#   meta: !!omap
#   - {ucd: POS_EQ_DEC_MAIN}
#   - {width: 15}
#   - {precision: '11'}
# - name: e_RA_ICRS
#   unit: mas
#   datatype: float64
#   format: '{:7.4f}'
#   description: Standard error of right ascension (ra_error)
#   meta: !!omap
#   - {ucd: ERROR}
#   - {width: 7}
#   - {precision: '4'}
# - name: e_DE_ICRS
#   unit: mas
#   datatype: float64
#   format: '{:7.4f}'
#   description: Standard error of declination (dec_error)
#   meta: !!omap
#   - {ucd: ERROR}
#   - {width: 7}
#   - {precision: '4'}
# - name: _r_1
#   unit: ''
#   datatype: float64
#   format: '{:7.4f}'
#   description: Distance from center (123.02370708000-38.65910601000)[ICRS], at Epoch=J2016.0
#   meta: !!omap
#   - {ucd: POS_ANG_DIST_GENERAL}
#   - {width: 7}
#   - {precision: '4'}
# - name: HIP
#   datatype: int32
#   description: '? HIP cross-id number, van Leeuwen, Cat. I/311 (hip_original_ext_source_id)'
#   meta: !!omap
#   - {ucd: ID_NUMBER}
#   - {width: 6}
#   - values: {'null': -2147483648}
# - name: TYC2
#   datatype: string
#   description: Tycho-2 cross-id name, Hog et al., Cat. I/259 (tyc2_original_ext_source_id)
#   meta: !!omap
#   - {ucd: ID_CROSSID}
#   - {_votable_string_dtype: char}
# - name: Source
#   datatype: int64
#   description: Source identifier, identical to the Gaia-EDR3 source_id (id)
#   meta: !!omap
#   - {ucd: ID_MAIN}
#   - {width: 19}
# - name: rgeo
#   unit: pc
#   datatype: float64
#   format: '{:15.8f}'
#   description: '? Median of the geometric distance posterior (r_med_geo)'
#   meta: !!omap
#   - {ucd: PHYS_DISTANCE_TRUE}
#   - {width: 15}
#   - {precision: '8'}
#   - values: {'null': .nan}
# - name: Plx
#   unit: mas
#   datatype: float64
#   format: '{:9.4f}'
#   description: '? Parallax (parallax)'
#   meta: !!omap
#   - {ucd: POS_PARLX_TRIG}
#   - {width: 9}
#   - {precision: '4'}
#   - values: {'null': .nan}
# - name: e_Plx
#   unit: mas
#   datatype: float32
#   format: '{:7.4f}'
#   description: '? Standard error of parallax (parallax_error)'
#   meta: !!omap
#   - {ucd: ERROR}
#   - {width: 7}
#   - {precision: '4'}
#   - values: {'null': .nan}
# - name: pmRA
#   unit: mas / yr
#   datatype: float64
#   format: '{:9.3f}'
#   description: '? Proper motion in right ascension direction, pmRA*cosDE (pmra)'
#   meta: !!omap
#   - {ucd: POS_EQ_PMRA}
#   - {width: 9}
#   - {precision: '3'}
#   - values: {'null': .nan}
# - name: pmDE
#   unit: mas / yr
#   datatype: float64
#   format: '{:9.3f}'
#   description: '? Proper motion in declination direction (pmdec)'
#   meta: !!omap
#   - {ucd: POS_EQ_PMDEC}
#   - {width: 9}
#   - {precision: '3'}
#   - values: {'null': .nan}
# - name: e_pmRA
#   unit: mas / yr
#   datatype: float32
#   format: '{:6.3f}'
#   description: '? Standard error of proper motion in right ascension direction (pmra_error)'
#   meta: !!omap
#   - {ucd: ERROR}
#   - {width: 6}
#   - {precision: '3'}
#   - values: {'null': .nan}
# - name: e_pmDE
[...]
#         value: !astropy.table.SerializedColumn {name: SkyCoord.dec}
#       distance: !astropy.table.SerializedColumn
#         __class__: astropy.coordinates.distances.Distance
#         unit: !astropy.units.Unit {unit: pc}
#         value: !astropy.table.SerializedColumn {name: SkyCoord.distance}
#       frame: icrs
#       obstime: !astropy.time.Time {format: jyear_str, in_subfmt: '*', jd1: 367701545.0, jd2: 0.0, out_subfmt: '*', precision: 3, scale: tt}
#       pm_dec: !astropy.table.SerializedColumn
#         __class__: astropy.units.quantity.Quantity
#         unit: !astropy.units.Unit {unit: mas / yr}
#         value: !astropy.table.SerializedColumn {name: SkyCoord.pm_dec}
#       pm_ra_cosdec: !astropy.table.SerializedColumn
#         __class__: astropy.units.quantity.Quantity
#         unit: !astropy.units.Unit {unit: mas / yr}
#         value: !astropy.table.SerializedColumn {name: SkyCoord.pm_ra_cosdec}
#       ra: !astropy.table.SerializedColumn
#         __class__: astropy.coordinates.angles.Longitude
#         unit: *id001
#         value: !astropy.table.SerializedColumn {name: SkyCoord.ra}
#         wrap_angle: !astropy.coordinates.Angle
#           unit: *id001
#           value: 360.0
#       representation_type: spherical
# schema: astropy-2.0
RA_ICRS_1 DE_ICRS_1 e_RA_ICRS e_DE_ICRS _r_1 HIP TYC2 Source rgeo Plx e_Plx pmRA pmDE e_pmRA e_pmDE RUWE Teff logg Gmag BP-RP BPmag RPmag RV e_RV b_rgeo B_rgeo FG e_FG FBP e_FBP FRP e_FRP RAVE5 RAVE6 e_Gmag e_BPmag e_RPmag e_BP-RP SkyCoord.ra SkyCoord.dec SkyCoord.distance SkyCoord.pm_ra_cosdec SkyCoord.pm_dec rmRA rmDE e_rmRA e_rmDE rRV e_rRV v_pec v_pec3d e_vpec e_vpec3d
[from data line 1379]
122.71807245491 -38.49163927021 0.043 0.0469 17.5071 "" "" 5540794548159115776 538.655762 1.8159 0.0545 -4.809 4.879 0.057 0.062 1.058 3472.9 3.9603 16.952818 2.866786 18.51769 15.650905 "" "" 521.443542 553.702942 3117.59259 2.3539 534.98 13.298 4353.1 23.595 "" "" 0.0028746852254309075 0.027131997 0.006994056 0.034126054 122.71807245491 -38.49163927021 538.655762 -4.808999999999999 4.879 -0.38430021667480485 -0.127949901580811 0.2039939 0.20899391 "" "" 1.0341609578208733 "" 0.2114841981080358 ""
123.9069748761 -38.34664063887 0.5009 0.5699 45.5138 "" "" 5541127150430190848 495.32135 2.8251 0.644 -8.546 3.173 0.707 0.744 12.001 "" "" 16.95411 1.473406 17.357681 15.884275 "" "" 367.98468 740.706848 3113.89024 33.382 1557.2 7.7405 3511.1 7.8451 "" "" 0.011961151707062134 0.00607554 0.0044909795 0.01056652 123.9069748761 -38.34664063887 495.32135 -8.546000000000003 3.1730000000000005 -4.121300216674804 -1.8339499015808105 0.8539939 0.89099395 "" "" 10.59086564831938 "" 9.11046779479173 ""
124.25607786431 -38.10441241047 0.0393 0.0449 66.8372 "" "" 5541154569502289536 440.449463 2.2413 0.0504 -2.287 -10.167 0.049 0.06 0.97 3876.2 4.6736 16.959051 2.048459 18.000572 15.952113 "" "" 431.225708 448.812286 3099.74687 2.2131 861.37 7.8749 3298.5 10.951 "" "" 0.0028622864646003403 0.010310817 0.005222752 0.015533568 124.25607786431 -38.10441241047 440.449463 -2.2870000000000004 -10.167 2.1376997833251954 -15.17394990158081 0.1959939 0.20699391 "" "" 31.991941429344124 "" 6.615467094800789 ""
123.55222199136 -37.67029422232 0.0409 0.0455 64.3543 "" "" 5541239914789775360 542.802673 1.8195 0.0538 -8.176 6.868 0.053 0.056 1.124 3993.9 4.6884 16.960636 2.004671 17.889633 15.884962 "" "" 525.527039 558.422791 3095.22553 1.996 954.03 14.072 3508.9 33.444 "" "" 0.0028428863427064533 0.016255915 0.011016909 0.027272824 123.55222199136 -37.67029422232 542.802673 -8.175999999999998 6.868 -3.751300216674805 1.8610500984191898 0.19999391 0.2029939 "" "" 10.774140273203036 "" 2.161184751677366 ""
123.37278253955 -38.65859289943 0.041 0.0442 16.3552 "" "" 5540750155377339520 522.789673 1.8816 0.0513 -9.049 16.348 0.055 0.055 1.008 4216.3 4.671 16.962345 1.769995 17.821962 16.051968 "" "" 506.771729 539.639526 3090.35735 1.9831 1015.4 10.143 3008.6 15.861 "" "" 0.002842043717857645 0.0111987535 0.006859046 0.018057799 123.37278253955 -38.65859289943 522.789673 -9.049 16.348 -4.624300216674804 11.341050098419188 0.20199391 0.20199391 "" "" 30.349821356129123 "" 6.130479158138624 ""
123.44071593119 -37.42498292437 0.0386 0.0434 76.6242 "" "" 5541434116032307840 552.417969 1.7797 0.0501 -12.987 -22.566 0.052 0.054 0.97 4002.7 4.7086 16.963327 1.917743 17.916245 15.998502 "" "" 535.879639 566.359619 3087.56019 1.8646 930.93 9.4224 3160.5 9.4062 "" "" 0.0028322624955245245 0.01133795 0.004972453 0.016310403 123.44071593119 -37.42498292437 552.417969 -12.986999999999998 -22.566 -8.562300216674805 -27.57294990158081 0.1989939 0.20099391 "" "" 75.59967441960308 "" 15.18183665120258 ""
123.79101934052 -38.68672223967 0.0404 0.0461 35.9817 "" "" 5540365532470330752 615.88269 1.5791 0.0534 -5.564 6.731 0.054 0.056 0.99 "" "" 16.965816 2.19662 18.107624 15.911004 "" "" 595.093323 633.473633 3080.4915 2.0154 780.49 7.8638 3425.8 9.4531 "" "" 0.0028454122024210156 0.011289521 0.004822813 0.016112335 123.79101934052 -38.68672223967 615.88269 -5.564000000000001 6.730999999999999 -1.1393002166748047 1.7240500984191893 0.20099391 0.2029939 "" "" 6.0326518824974915 "" 1.2209368262189875 ""
123.47486316004 -37.59572518798 0.0396 0.0419 67.2621 "" "" 5541244248421205120 427.512024 2.3081 0.0506 14.855 -5.464 0.051 0.054 0.998 3682.4 4.6064 16.966208 1.941658 17.93381 15.992151 "" "" 420.590881 434.845123 3079.38057 2.0531 915.99 8.5304 3179.1 8.7775 "" "" 0.0028488247541429684 0.0104891155 0.0048239036 0.015313019 123.47486316004 -37.59572518798 427.512024 14.855 -5.464 19.279699783325196 -10.470949901580811 0.1979939 0.20099391 "" "" 44.458631265876015 "" 8.833095373918974 ""
122.09295275569 -38.09726682625 0.0619 0.071 55.2531 "" "" 5541049149521116288 602.936462 1.6502 0.0804 -14.88 12.652 0.08 0.086 1.579 4337.1 4.6639 16.969437 1.800853 17.79848 15.997626 "" "" 575.6828 630.299805 3070.23671 3.4186 1037.6 5.7659 3163.1 9.3793 "" "" 0.0030088699595212857 0.0066473195 0.004964735 0.011612054 122.09295275569 -38.09726682625 602.936462 -14.880000000000003 12.651999999999997 -10.455300216674805 7.645050098419189 0.2269939 0.2329939 "" "" 37.01640343323596 "" 8.48053612403921 ""
122.94257329982 -39.9135029431 0.0375 0.046 75.3581 "" "" 5539834433992619392 554.007019 1.7934 0.0487 4.541 6.513 0.05 0.056 0.973 4133.1 4.7646 16.971846 1.712162 17.793531 16.08137 "" "" 537.677185 567.449219 3063.43219 1.7948 1042.3 14.555 2928.3 14.37 "" "" 0.002827795098601142 0.015416154 0.0065323412 0.021948494 122.94257329982 -39.9135029431 554.007019 4.5409999999999995 6.513 8.965699783325196 1.5060500984191894 0.1969939 0.2029939 "" "" 23.8737249400096 "" 4.7069673556826634 ""
122.63369366233 -38.61922183606 0.0394 0.0434 18.4342 "" "" 5540786233102459520 592.619873 1.6366 0.0496 -9.819 -0.122 0.052 0.056 0.961 4332.8 4.4859 16.972433 2.05038 18.024694 15.974315 "" "" 577.758972 609.095825 3061.77648 1.9087 842.44 6.0454 3231.7 7.987 "" "" 0.0028372357999578144 0.00827584 0.0046350923 0.012910932 122.63369366233 -38.61922183606 592.619873 -9.819000000000003 -0.12199999999999937 -5.3943002166748055 -5.12894990158081 0.1989939 0.2029939 "" "" 20.908721222404683 "" 4.200625545787193 ""
123.9445572704 -38.23105970694 0.0365 0.0442 50.32 "" "" 5541132235671415936 601.005127 1.6305 0.0483 -8.107 4.888 0.05 0.057 1.022 4228.0 4.6458 16.97414 1.964703 17.959352 15.99465 "" "" 584.936462 619.744751 3056.96547 1.7351 894.7 6.7388 3171.7 7.8078 "" "" 0.002823394380507335 0.00864056 0.0046289745 0.013269534 123.9445572704 -38.23105970694 601.005127 -8.107 4.887999999999998 -3.682300216674804 -0.11894990158081065 0.1969939 0.2039939 "" "" 10.49547710610667 "" 2.0676229349196045 ""
122.18493985783 -38.50419990064 0.0415 0.0477 40.4237 "" "" 5540981430778659840 613.141479 1.6135 0.0562 -14.881 18.172 0.055 0.061 1.042 4095.0 4.4965 16.977243 2.224803 18.140621 15.915818 "" "" 591.72113 633.872742 3048.23942 1.9661 757.13 10.852 3410.6 9.6508 "" "" 0.002842921382575115 0.01581009 0.0048705707 0.02068066 122.18493985783 -38.50419990064 613.141479 -14.881 18.172000000000004 -10.456300216674805 13.16505009841919 0.20199391 0.20799391 "" "" 48.8613714626529 "" 10.050480207066283 ""
122.26583665353 -39.34097884366 0.0374 0.0431 54.0609 "" "" 5540663427096383616 595.623291 1.6392 0.0478 -6.278 -1.383 0.049 0.054 0.984 "" "" 16.977442 2.014733 18.00263 15.987897 "" "" 577.223694 614.156555 3047.68665 2.1064 859.73 6.7904 3191.5 8.2529 "" "" 0.0028556776430285046 0.009017961 0.0047081183 0.01372608 122.26583665353 -39.34097884366 595.623291 -6.278000000000002 -1.3829999999999993 -1.8533002166748043 -6.3899499015808106 0.1959939 0.20099391 "" "" 18.783911934020388 "" 3.7682482194271762 ""
122.703660169 -38.86226677085 0.0597 0.0684 19.308 "" "" 5540771149172164224 604.637024 1.6337 0.077 -9.262 3.476 0.077 0.085 1.462 "" "" 16.97847 2.270035 18.063995 15.793961 "" "" 578.024536 631.132385 3044.7995 6.8113 812.49 16.779 3815.7 24.454 "" "" 0.003673004699594306 0.022594832 0.007918393 0.030513225 122.703660169 -38.86226677085 604.637024 -9.262 3.476 -4.837300216674805 -1.5309499015808106 0.2239939 0.23199391 "" "" 14.541360026701417 "" 3.2679386767941843 ""
124.25280317989 -39.28041855417 0.0404 0.0483 68.3882 "" "" 5539914114222542592 557.423889 1.757 0.0528 -9.607 11.957 0.055 0.063 1.044 4146.0 4.6785 16.978836 1.946325 17.949818 16.003492 "" "" 539.702942 575.776611 3043.77113 1.9644 902.59 9.5387 3146.0 8.5953 "" "" 0.0028430252859958393 0.011808583 0.0048044906 0.016613074 124.25280317989 -39.28041855417 557.423889 -9.606999999999996 11.956999999999997 -5.182300216674804 6.95005009841919 0.20199391 0.2099939 "" "" 22.90633790767665 "" 4.745524105556839 ""
121.72920684317 -38.3513283323 0.0369 0.0481 63.5235 "" "" 5540953771190077824 574.173218 1.7274 0.0503 -21.47 8.724 0.048 0.06 0.973 4318.0 4.6543 16.979498 1.877659 17.910269 16.03261 "" "" 557.070374 590.239014 3041.91789 1.7857 936.07 6.6535 3062.8 8.7293 "" "" 0.0028280767513726786 0.008206216 0.0048846104 0.013090827 121.72920684317 -38.3513283323 574.173218 -21.47 8.723999999999997 -17.045300216674804 3.7170500984191897 0.19499391 0.20699391 "" "" 47.480375837522736 "" 9.285006497330423 ""
122.41710944144 -38.72237038638 0.0394 0.053 28.6605 "" "" 5540786851577780736 523.037476 1.8812 0.0582 -15.687 -9.831 0.054 0.061 1.001 "" "" 16.985228 1.843405 17.898308 16.054903 "" "" 509.016266 537.161926 3025.90969 1.9943 946.44 8.8813 3000.5 9.684 "" "" 0.0028467254285891096 0.010563589 0.0051539256 0.015717514 122.41710944144 -38.72237038638 523.037476 -15.687000000000008 -9.831000000000003 -11.262300216674804 -14.83794990158081 0.20099391 0.20799391 "" "" 46.182611981244825 "" 9.488812324827435 ""
122.40103938687 -38.51658938389 0.2146 0.1907 30.4287 "" "" 5540978991237183488 523.469238 2.084 0.2906 -5.08 5.476 0.373 0.2 1.278 "" "" 16.989084 "" "" "" "" "" 446.950806 635.276489 3015.17763 9.4264 "" "" "" "" "" "" 0.0043718916500570405 "" "" "" 122.40103938687 -38.51658938389 523.469238 -5.079999999999998 5.476000000000003 -0.6553002166748048 0.46905009841918943 0.5199939 0.34699392 "" "" 1.999560118253614 "" 0.9369843665311195 ""
123.90151162055 -38.66275770814 0.0411 0.0483 41.1268 "" "" 5540365120152067328 577.199646 1.6865 0.0546 -4.626 5.241 0.055 0.063 0.991 "" "" 16.992483 3.287703 18.906618 15.618916 "" "" 557.566284 600.239075 3005.75354 5.8579 373.91 9.0218 4483.2 22.471 "" "" 0.0034740737716547837 0.0263451 0.0066256393 0.03297074 123.90151162055 -38.66275770814 577.199646 -4.6259999999999994 5.241 -0.20130021667480502 0.2340500984191891 0.20199391 0.2099939 "" "" 0.8446049864368226 "" 0.1745208832980827 ""
123.19244632384 -38.60067145894 0.0435 0.0469 8.6514 "" "" 5540754793942082816 556.984131 1.7698 0.0543 -4.359 5.118 0.06 0.064 0.907 "" "" 16.994032 2.680756 18.480028 15.799273 "" "" 541.864075 573.26062 3001.46908 5.8631 553.87 7.7364 3797.1 27.146 "" "" 0.0034770613290947736 0.015419988 0.008633285 0.024053272 123.19244632384 -38.60067145894 556.984131 -4.359000000000002 5.1179999999999986 0.06569978332519533 0.11105009841918978 0.20699391 0.21099392 "" "" 0.3406511340164133 "" 0.07152452764025526 ""
122.47473899113 -38.4839293642 0.0409 0.0455 27.8143 "" "" 5540978819438460032 588.707336 1.6721 0.0534 -1.695 4.91 0.055 0.055 1.064 4304.3 4.5853 16.99413 1.976444 17.9982 16.021755 "" "" 569.153381 608.247803 3001.19987 1.932 863.25 8.8683 3093.5 11.903 "" "" 0.0028425866502878668 0.011497622 0.005633504 0.017131127 122.47473899113 -38.4839293642 588.707336 -1.6950000000000003 4.91 2.729699783325195 -0.0969499015808104 0.20199391 0.20199391 "" "" 7.621955681464564 "" 1.5395886486837087 ""
123.41000240138 -39.60718617192 0.0792 0.0918 59.6581 "" "" 5539926930405390720 509.232361 1.9542 0.1032 -14.571 2.521 0.109 0.114 1.861 3853.0 4.3995 16.998287 2.149745 18.013924 15.864179 "" "" 485.281128 540.98999 2989.72687 4.4141 850.84 9.5158 3576.7 9.4896 "" "" 0.0031876975341931153 0.012459317 0.0047520353 0.017211352 123.41000240138 -39.60718617192 509.232361 -14.571000000000005 2.5209999999999964 -10.146300216674804 -2.4859499015808106 0.2559939 0.2609939 "" "" 25.215126474555447 "" 6.462124067912742 ""
123.87273659512 -39.52741175087 0.043 0.044 65.4011 "" "" 5539904115538874240 460.541626 2.148 0.0521 -12.708 3.711 0.057 0.056 1.056 3856.7 4.6829 16.999073 2.123587 18.09633 15.972744 "" "" 450.744324 473.101807 2987.56472 1.9731 788.65 8.9222 3236.4 9.3384 "" "" 0.0028470977905849758 0.012596125 0.0049089966 0.01750512 123.87273659512 -39.52741175087 460.541626 -12.708 3.7109999999999976 -8.283300216674805 -1.2959499015808107 0.2039939 0.2029939 "" "" 18.30214014863361 "" 3.7330887327281794 ""
