Clusters/Gulliver_10/Gulliver_10_stars_in_region.tsv
# %ECSV 1.0
# ---
# datatype:
# - name: RA_ICRS_1
#   unit: deg
#   datatype: float64
#   format: '{:15.11f}'
#   description: Right ascension (ICRS) at Ep=2016.0 (ra)
#   meta: !!omap
#   - {ucd: POS_EQ_RA_MAIN}
#   - {width: 15}
#   - {precision: '11'}
# - name: DE_ICRS_1
#   unit: deg
#   datatype: float64
#   format: '{:15.11f}'
#   description: Declination (ICRS) at Ep=2016.0 (dec)
#   meta: !!omap
#   - {ucd: POS_EQ_DEC_MAIN}
#   - {width: 15}
#   - {precision: '11'}
# - name: e_RA_ICRS
#   unit: mas
#   datatype: float64
#   format: '{:7.4f}'
#   description: Standard error of right ascension (ra_error)
#   meta: !!omap
#   - {ucd: ERROR}
#   - {width: 7}
#   - {precision: '4'}
# - name: e_DE_ICRS
#   unit: mas
#   datatype: float64
#   format: '{:7.4f}'
#   description: Standard error of declination (dec_error)
#   meta: !!omap
#   - {ucd: ERROR}
#   - {width: 7}
#   - {precision: '4'}
# - name: _r_1
#   unit: ''
#   datatype: float64
#   format: '{:7.4f}'
#   description: Distance from center (123.02370708000-38.65910601000)[ICRS], at Epoch=J2016.0
#   meta: !!omap
#   - {ucd: POS_ANG_DIST_GENERAL}
#   - {width: 7}
#   - {precision: '4'}
# - name: HIP
#   datatype: int32
#   description: '? HIP cross-id number, van Leeuwen, Cat. I/311 (hip_original_ext_source_id)'
#   meta: !!omap
#   - {ucd: ID_NUMBER}
#   - {width: 6}
#   - values: {'null': -2147483648}
# - name: TYC2
#   datatype: string
#   description: Tycho-2 cross-id name, Hog et al., Cat. I/259 (tyc2_original_ext_source_id)
#   meta: !!omap
#   - {ucd: ID_CROSSID}
#   - {_votable_string_dtype: char}
# - name: Source
#   datatype: int64
#   description: Source identifier, identical to the Gaia-EDR3 source_id (id)
#   meta: !!omap
#   - {ucd: ID_MAIN}
#   - {width: 19}
# - name: rgeo
#   unit: pc
#   datatype: float64
#   format: '{:15.8f}'
#   description: '? Median of the geometric distance posterior (r_med_geo)'
#   meta: !!omap
#   - {ucd: PHYS_DISTANCE_TRUE}
#   - {width: 15}
#   - {precision: '8'}
#   - values: {'null': .nan}
# - name: Plx
#   unit: mas
#   datatype: float64
#   format: '{:9.4f}'
#   description: '? Parallax (parallax)'
#   meta: !!omap
#   - {ucd: POS_PARLX_TRIG}
#   - {width: 9}
#   - {precision: '4'}
#   - values: {'null': .nan}
# - name: e_Plx
#   unit: mas
#   datatype: float32
#   format: '{:7.4f}'
#   description: '? Standard error of parallax (parallax_error)'
#   meta: !!omap
#   - {ucd: ERROR}
#   - {width: 7}
#   - {precision: '4'}
#   - values: {'null': .nan}
# - name: pmRA
#   unit: mas / yr
#   datatype: float64
#   format: '{:9.3f}'
#   description: '? Proper motion in right ascension direction, pmRA*cosDE (pmra)'
#   meta: !!omap
#   - {ucd: POS_EQ_PMRA}
#   - {width: 9}
#   - {precision: '3'}
#   - values: {'null': .nan}
# - name: pmDE
#   unit: mas / yr
#   datatype: float64
#   format: '{:9.3f}'
#   description: '? Proper motion in declination direction (pmdec)'
#   meta: !!omap
#   - {ucd: POS_EQ_PMDEC}
#   - {width: 9}
#   - {precision: '3'}
#   - values: {'null': .nan}
# - name: e_pmRA
#   unit: mas / yr
#   datatype: float32
#   format: '{:6.3f}'
#   description: '? Standard error of proper motion in right ascension direction (pmra_error)'
#   meta: !!omap
#   - {ucd: ERROR}
#   - {width: 6}
#   - {precision: '3'}
#   - values: {'null': .nan}
# - name: e_pmDE
[...]
#         value: !astropy.table.SerializedColumn {name: SkyCoord.dec}
#       distance: !astropy.table.SerializedColumn
#         __class__: astropy.coordinates.distances.Distance
#         unit: !astropy.units.Unit {unit: pc}
#         value: !astropy.table.SerializedColumn {name: SkyCoord.distance}
#       frame: icrs
#       obstime: !astropy.time.Time {format: jyear_str, in_subfmt: '*', jd1: 367701545.0, jd2: 0.0, out_subfmt: '*', precision: 3, scale: tt}
#       pm_dec: !astropy.table.SerializedColumn
#         __class__: astropy.units.quantity.Quantity
#         unit: !astropy.units.Unit {unit: mas / yr}
#         value: !astropy.table.SerializedColumn {name: SkyCoord.pm_dec}
#       pm_ra_cosdec: !astropy.table.SerializedColumn
#         __class__: astropy.units.quantity.Quantity
#         unit: !astropy.units.Unit {unit: mas / yr}
#         value: !astropy.table.SerializedColumn {name: SkyCoord.pm_ra_cosdec}
#       ra: !astropy.table.SerializedColumn
#         __class__: astropy.coordinates.angles.Longitude
#         unit: *id001
#         value: !astropy.table.SerializedColumn {name: SkyCoord.ra}
#         wrap_angle: !astropy.coordinates.Angle
#           unit: *id001
#           value: 360.0
#       representation_type: spherical
# schema: astropy-2.0
RA_ICRS_1 DE_ICRS_1 e_RA_ICRS e_DE_ICRS _r_1 HIP TYC2 Source rgeo Plx e_Plx pmRA pmDE e_pmRA e_pmDE RUWE Teff logg Gmag BP-RP BPmag RPmag RV e_RV b_rgeo B_rgeo FG e_FG FBP e_FBP FRP e_FRP RAVE5 RAVE6 e_Gmag e_BPmag e_RPmag e_BP-RP SkyCoord.ra SkyCoord.dec SkyCoord.distance SkyCoord.pm_ra_cosdec SkyCoord.pm_dec rmRA rmDE e_rmRA e_rmDE rRV e_rRV v_pec v_pec3d e_vpec e_vpec3d
[from data line 713]
123.28241851072 -39.84976762566 0.0208 0.0256 72.4437 "" "" 5539826806130597504 465.489319 2.1187 0.0275 5.441 -9.481 0.027 0.031 1.483 4339.1 4.4037 14.949616 1.491529 15.630679 14.13915 15.88 4.18 459.952606 471.17923 19728.77907 5.7066 7640.9 12.313 17519.0 14.096 "" "" 0.0027731603011491787 0.0032933597 0.003879033 0.0071723927 123.28241851072 -39.84976762566 465.489319 5.440999999999995 -9.481000000000002 9.865699783325194 -14.48794990158081 0.1739939 0.17799391 -15.0895 6.480444 38.67424089217062 41.51373169007626 6.8351497514762185 6.789348805837206
121.96154223938 -37.85808112375 0.0155 0.0172 69.3829 "" "" 5541073549238754432 482.779816 2.036 0.0203 -8.462 6.44 0.021 0.021 0.995 4849.9 4.6032 14.950812 1.253571 15.498911 14.24534 "" "" 477.949341 486.601501 19707.06688 25.419 8626.9 42.266 15886.0 67.148 "" "" 0.0030907908210696267 0.00600673 0.0059451703 0.0119519 121.96154223938 -37.85808112375 482.779816 -8.462 6.4399999999999995 -4.037300216674804 1.4330500984191898 0.1679939 0.1679939 "" "" 9.803609740661184 "" 1.6469466653920006 ""
124.40471357758 -39.09397083754 0.015 0.0179 69.5829 "" "" 5540292380584601856 548.92926 1.7894 0.0204 2.158 16.517 0.019 0.024 1.008 4794.7 4.5476 14.952645 1.209953 15.482099 14.272145 "" "" 543.937866 553.711365 19673.82433 4.149 8761.5 18.379 15499.0 12.041 "" "" 0.0027648176705821893 0.0036017047 0.0038723652 0.00747407 124.40471357758 -39.09397083754 548.92926 2.1580000000000004 16.517 6.582699783325195 11.510050098419189 0.1659939 0.17099391 "" "" 34.50010757245606 "" 5.857264470783875 ""
121.87206008078 -37.99339034373 0.0323 0.0383 67.3332 "" "" 5541064615706880896 594.013367 1.6471 0.0418 -31.235 -10.053 0.043 0.049 2.15 5512.5 4.599 14.956896 1.265567 15.502532 14.236965 19.79 7.16 579.868408 607.695129 19596.9492 6.4085 8598.1 11.922 16009.0 13.954 "" "" 0.0027781021386673274 0.0031704062 0.0038960665 0.0070664724 121.87206008078 -37.99339034373 594.013367 -31.235000000000003 -10.053 -26.810300216674804 -15.059949901580811 0.1899939 0.1959939 -11.1795 9.460444 86.58187366293154 87.3006418489225 16.5761129799256 16.484215841446073
124.22047181238 -38.16752510219 0.014 0.0171 63.525 "" "" 5541153951027023104 533.97876 1.8373 0.019 -9.826 1.273 0.019 0.025 1.058 4449.3 4.4329 14.957808 1.456715 15.629081 14.172366 13.51 4.99 529.088562 538.480164 19580.49889 4.792 7652.2 10.34 16991.0 13.956 "" "" 0.0027681030108700666 0.0031523672 0.0038831728 0.00703554 124.22047181238 -38.16752510219 533.97876 -9.826000000000002 1.2730000000000012 -5.401300216674805 -3.733949901580811 0.1659939 0.17199391 -17.4595 7.2904444 16.61971992380824 24.104962779391062 2.791407423401794 5.620348397527856
122.84512187417 -39.36752780299 0.0146 0.0184 43.313 "" "" 5540605260362477440 526.070862 1.8633 0.02 1.444 -9.685 0.02 0.024 1.008 4707.4 4.4933 14.962399 1.20792 15.49011 14.28219 "" "" 521.680176 531.332336 19497.87745 6.313 8697.1 15.292 15356.0 15.341 "" "" 0.0027776552414310323 0.0033807496 0.003931952 0.007312702 122.84512187417 -39.36752780299 526.070862 1.4440000000000017 -9.685 5.868699783325195 -14.691949901580811 0.1669939 0.17099391 "" "" 39.45015388997901 "" 6.724241699557407 ""
121.59055700665 -38.36719354632 0.0144 0.0175 69.5248 "" "" 5540948651589121536 496.559967 1.9776 0.0191 -26.463 0.976 0.02 0.026 0.999 4762.0 4.579 14.963269 1.18169 15.474602 14.292912 96.38 8.62 492.47995 500.726868 19482.25362 4.5956 8822.2 9.3398 15205.0 12.25 "" "" 0.0027671974957109977 0.0030176567 0.0038792884 0.006896945 121.59055700665 -38.36719354632 496.559967 -26.463 0.9759999999999966 -22.038300216674806 -4.030949901580811 0.1669939 0.1729939 65.4105 10.9204445 52.73195664083953 84.01900238292157 8.816335158449187 10.143857232918368
124.58681071626 -38.39875634616 0.0158 0.0166 75.0118 "" "" 5540387522701906304 502.944702 1.9527 0.0197 -0.713 -8.516 0.021 0.021 1.001 4652.4 4.5822 14.970114 1.342879 15.577456 14.234577 -16.27 4.15 496.879791 508.572845 19359.82083 5.1256 8024.8 11.707 16045.0 12.746 "" "" 0.002770274164473062 0.0032084077 0.003876549 0.0070849564 124.58681071626 -38.39875634616 502.944702 -0.7130000000000001 -8.515999999999998 3.7116997833251952 -13.52294990158081 0.1679939 0.1679939 -47.2395 6.450444 33.430442086947224 57.871969193891545 5.6161104505537836 6.184558205255387
122.56877318109 -39.5014693168 0.0155 0.0162 54.8035 "" "" 5540608765055939712 447.759308 2.1988 0.0184 -6.439 12.061 0.021 0.021 1.023 "" "" 14.970325 1.443425 15.629374 14.185948 40.59 5.82 444.482819 450.689758 19356.04116 7.4833 7650.1 16.456 16779.0 17.787 "" "" 0.0027871110051948156 0.0036386326 0.003950752 0.0075893844 122.56877318109 -39.5014693168 447.759308 -6.439 12.061 -2.0143002166748047 7.054050098419189 0.1679939 0.1679939 9.620500000000003 8.120444 15.569792340453006 18.30225269672641 2.6156301866648546 4.813634482116282
123.77656756372 -37.85292886108 0.0236 0.0272 59.9821 "" "" 5541222567426503808 518.549438 1.889 0.0305 -11.895 14.6 0.033 0.034 1.614 4472.0 4.392 14.985552 1.400656 15.61982 14.219164 45.04 5.55 511.854523 525.243408 19086.49419 6.0774 7717.7 11.453 16274.0 16.771 "" "" 0.00277692402190209 0.0032219696 0.003941529 0.0071634986 123.77656756372 -37.85292886108 518.549438 -11.895 14.600000000000009 -7.470300216674804 9.593050098419189 0.1799939 0.18099391 14.0705 7.850445 29.88496346474365 33.03165166229298 5.397734443382745 5.918748530176262
123.94691425968 -37.85475517839 0.2416 0.3128 64.969 "" "" 5541176009978874368 418.535919 2.5352 0.3457 4.853 -0.832 0.336 0.421 16.402 "" "" 14.990459 1.232467 14.880493 13.648026 11.59 8.28 355.436981 507.095795 19000.41099 33.108 15248.0 35.799 27539.0 70.756 "" "" 0.003342306239432896 0.003779262 0.004697393 0.008476655 123.94691425968 -37.85475517839 418.535919 4.853 -0.832 9.277699783325195 -5.83894990158081 0.4829939 0.5679939 -19.3795 10.580444 21.74740235409401 29.12927272351395 11.059749819752577 10.850214259467323
124.16574375196 -39.46468723839 0.0163 0.0193 71.8809 "" "" 5539899373894860160 614.67572 1.5903 0.021 2.383 -1.746 0.023 0.026 1.088 5444.5 4.5564 14.996107 1.16532 15.499176 14.333856 "" "" 607.351074 623.395264 18901.83311 4.3708 8624.8 12.553 14643.0 14.237 "" "" 0.002766734830327796 0.0032065876 0.0039240397 0.0071306275 124.16574375196 -39.46468723839 614.67572 2.382999999999999 -1.7459999999999996 6.807699783325195 -6.752949901580811 0.1699939 0.1729939 "" "" 27.93787944297484 "" 4.791020867219153 ""
122.56698130844 -38.1042626899 0.0145 0.0172 39.6195 "" "" 5541016752590553856 515.27655 1.9058 0.0191 -17.491 11.273 0.02 0.023 0.938 4894.2 4.6468 14.998098 1.209022 15.528349 14.319327 "" "" 511.043121 519.680237 18867.19415 5.2398 8396.1 13.906 14840.0 12.191 "" "" 0.0027717702338213752 0.0033194479 0.0038832026 0.0072026504 122.56698130844 -38.1042626899 515.27655 -17.491 11.273 -13.066300216674804 6.266050098419189 0.1669939 0.1699939 "" "" 35.39318661962773 "" 5.930443873052336 ""
122.58977074763 -38.34911432558 0.0285 0.0401 27.5876 "" "" 5540986962696392064 522.805969 1.8696 0.0399 -4.837 0.068 0.037 0.048 2.287 4642.2 4.4744 14.999132 1.307343 15.507149 14.199805 -0.62 9.33 512.008911 535.473572 18849.24019 8.3982 8561.6 17.151 16567.0 21.306 "" "" 0.002797462929800186 0.0035377482 0.004029071 0.007566819 122.58977074763 -38.34911432558 522.805969 -4.837 0.06800000000000006 -0.41230021667480443 -4.938949901580811 0.1839939 0.19499391 -31.5895 11.630445 12.281785460942288 33.89304890915855 2.393964639921302 10.874635205035942
123.3429271311 -38.78899110471 0.0152 0.0177 16.8528 "" "" 5540737373554728320 583.577148 1.6782 0.0197 -13.148 -9.683 0.019 0.023 1.126 4965.2 4.5186 14.999804 1.21035 15.520045 14.309695 "" "" 575.987061 591.782837 18837.58018 5.6097 8460.6 11.03 14972.0 11.405 "" "" 0.0027742257020651803 0.0031286716 0.0038688194 0.0069974912 123.3429271311 -38.78899110471 583.577148 -13.148 -9.683 -8.723300216674804 -14.68994990158081 0.1659939 0.1699939 "" "" 47.259233081234214 "" 7.984930886203694 ""
124.52451249059 -38.81594289621 0.0164 0.0178 70.8663 "" "" 5540302581123161984 556.166748 1.758 0.021 -5.181 1.497 0.023 0.023 1.033 4881.4 4.5668 14.999884 1.178167 15.507901 14.329734 "" "" 549.981323 561.902771 18836.19231 6.8419 8555.7 12.797 14698.0 20.943 "" "" 0.002783400796722666 0.0032283608 0.00408376 0.007312121 124.52451249059 -38.81594289621 556.166748 -5.181 1.4969999999999983 -0.7563002166748047 -3.5099499015808107 0.1699939 0.1699939 "" "" 9.465402849693323 "" 1.60906081376643 ""
122.74528502907 -38.34652327351 0.0157 0.0183 22.8617 "" "" 5540822070309507328 542.559265 1.8082 0.0204 -23.015 20.024 0.02 0.024 1.138 4871.5 4.5244 15.003916 1.123573 15.482985 14.359412 "" "" 536.290344 548.039062 18766.38268 3.8627 8754.3 10.444 14302.0 11.984 "" "" 0.0027643682467046547 0.0030761738 0.0038873383 0.006963512 122.74528502907 -38.34652327351 542.559265 -23.015 20.024 -18.590300216674805 15.01705009841919 0.1669939 0.17099391 "" "" 61.45904527833355 "" 10.361054949962266 ""
122.3184031829 -39.13974341664 0.0159 0.0177 43.7753 "" "" 5540667142252709632 501.797119 1.951 0.0197 -2.748 -19.812 0.022 0.022 1.03 4654.4 4.5876 15.009664 1.27632 15.575702 14.299382 "" "" 497.9021 506.865814 18667.28694 4.6395 8037.8 12.486 15115.0 15.208 "" "" 0.0027685024284513477 0.0032603138 0.0039340947 0.007194408 122.3184031829 -39.13974341664 501.797119 -2.7479999999999993 -19.811999999999998 1.676699783325195 -24.81894990158081 0.1689939 0.1689939 "" "" 59.16688547194866 "" 9.998843033636058 ""
123.86985781748 -38.49044757103 0.0159 0.0182 40.9605 "" "" 5541119453848872192 614.542786 1.5914 0.0213 -13.671 3.178 0.021 0.022 1.035 4841.2 4.5248 15.01061 1.205972 15.538432 14.33246 "" "" 606.215149 624.187378 18651.03115 4.1113 8318.5 13.862 14661.0 10.969 "" "" 0.002765695061289627 0.0033254374 0.0038656944 0.007191132 123.86985781748 -38.49044757103 614.542786 -13.671 3.178 -9.246300216674804 -1.8289499015808106 0.1679939 0.1689939 "" "" 27.455705253707333 "" 4.613427841136691 ""
122.2432337348 -39.32208074448 0.0154 0.0173 53.917 "" "" 5540663465760841728 448.808228 2.1897 0.0192 -7.862 49.958 0.02 0.022 1.025 4573.0 4.6194 15.015024 1.399701 15.651974 14.252273 13.04 4.46 445.461761 451.77478 18575.34953 4.3522 7492.5 10.826 15785.0 11.446 "" "" 0.0027670385825614035 0.0032009622 0.0038605114 0.0070614736 122.2432337348 -39.32208074448 448.808228 -7.862000000000005 49.958 -3.437300216674805 44.95105009841919 0.1669939 0.1689939 -17.9295 6.7604446 95.90583271139901 97.5673906503441 16.206392698231546 15.97876870777432
122.83531761073 -38.534167753 0.015 0.0182 11.5861 "" "" 5540781938135112192 596.142456 1.6387 0.0197 -6.99 4.663 0.02 0.025 0.989 5413.3 4.6252 15.015607 1.199905 15.533614 14.333709 "" "" 589.153931 603.893616 18565.39247 11.779 8355.5 24.606 14645.0 22.271 "" "" 0.0028401254013968318 0.00424361 0.004124303 0.008367913 122.83531761073 -38.534167753 596.142456 -6.99 4.662999999999997 -2.565300216674805 -0.3439499015808103 0.1669939 0.17199391 "" "" 7.313673126006203 "" 1.2219940757368606 ""
122.78448233784 -38.94146964034 0.0155 0.0174 20.3016 "" "" 5540766854210531200 622.028931 1.5731 0.0193 -3.288 5.509 0.02 0.021 0.987 5330.2 4.4517 15.020913 1.312478 15.59977 14.287292 "" "" 614.688232 630.747864 18474.87046 5.257 7861.6 15.445 15284.0 17.132 "" "" 0.0027725865702987467 0.0035121155 0.0039704973 0.0074826125 122.78448233784 -38.94146964034 622.028931 -3.288 5.509 1.1366997833251955 0.5020500984191898 0.1669939 0.1679939 "" "" 3.6638050848519295 "" 0.6124326551219355 ""
122.23635134066 -37.83438824584 0.0143 0.0169 61.8465 "" "" 5541062107445725184 507.508789 1.935 0.0186 -9.079 6.026 0.019 0.021 0.969 4761.5 4.5645 15.021144 1.222243 15.555153 14.33291 "" "" 503.001312 512.888367 18470.95107 4.6385 8191.4 12.803 14655.0 14.543 "" "" 0.002768777683123397 0.0032657015 0.003929962 0.0071956636 122.23635134066 -37.83438824584 507.508789 -9.079 6.026 -4.654300216674805 1.0190500984191893 0.1659939 0.1679939 "" "" 11.461571060172663 "" 1.903605523532703 ""
124.25202833851 -39.14415511014 0.0168 0.0208 64.3151 "" "" 5540290903115904256 549.733093 1.7861 0.0215 -18.365 18.904 0.022 0.027 1.05 4908.2 4.6202 15.02166 1.159962 15.522402 14.36244 "" "" 542.622559 556.084839 18462.17119 4.1302 8442.2 15.468 14262.0 18.182 "" "" 0.0027660053795879884 0.00342672 0.004024875 0.007451595 124.25202833851 -39.14415511014 549.733093 -18.365 18.904000000000003 -13.940300216674803 13.89705009841919 0.1689939 0.1739939 "" "" 51.291292649795146 "" 8.79668013155906 ""
122.71897704343 -38.49205599293 0.0166 0.0184 17.4579 "" "" 5540794548159115264 581.825989 1.6802 0.0209 -4.758 5.003 0.023 0.025 1.088 5568.3 4.1664 15.023455 2.017868 16.0294 14.011532 "" "" 574.864563 587.703979 18431.67037 27.13 5292.5 34.27 19704.0 81.875 "" "" 0.003185243604208527 0.007563796 0.0058853533 0.013449149 122.71897704343 -38.49205599293 581.825989 -4.757999999999999 5.002999999999996 -0.3333002166748047 -0.003949901580810433 0.1699939 0.17199391 "" "" 0.9192582767550932 "" 0.15626856589397464 ""
122.85914714639 -39.27967406439 0.0157 0.019 38.0172 "" "" 5540606153715649024 561.97583 1.7419 0.0214 -7.187 16.372 0.021 0.024 0.966 5066.7 4.5625 15.028226 1.148981 15.522049 14.373068 "" "" 555.619324 568.05603 18350.86407 4.4964 8445.0 10.066 14123.0 13.943 "" "" 0.0027681333158329348 0.0030756867 0.0039284467 0.0070041334 122.85914714639 -39.27967406439 561.97583 -7.187 16.372 -2.762300216674805 11.36505009841919 0.1679939 0.17099391 "" "" 31.15520126221506 "" 5.322179430967235 ""
123.47867944148 -39.08608133796 0.0169 0.019 33.2865 "" "" 5539977782817497856 550.120911 1.7856 0.0219 -20.811 16.977 0.024 0.028 1.026 4854.7 4.5995 15.028666 1.193174 15.548216 14.355042 "" "" 542.798462 555.761047 18343.42797 6.5565 8243.9 15.48 14360.0 17.114 "" "" 0.0027825153628060675 0.0034556508 0.0039947545 0.0074504055 123.47867944148 -39.08608133796 550.120911 -20.811 16.976999999999993 -16.386300216674805 11.97005009841919 0.17099391 0.1749939 "" "" 52.91465152539875 "" 9.122286080108204 ""
124.27547540966 -39.49069377893 0.0161 0.0187 76.7396 "" "" 5539895800482678016 594.452515 1.6493 0.021 -5.197 5.464 0.024 0.028 1.018 4518.0 4.1668 15.028995 1.566187 15.752975 14.186788 "" "" 587.606018 600.466492 18337.86791 41.197 6827.0 62.151 16767.0 106.61 "" "" 0.00367985214931216 0.0102704875 0.007870292 0.01814078 124.27547540966 -39.49069377893 594.452515 -5.196999999999999 5.464 -0.7723002166748048 0.45705009841918987 0.17099391 0.1749939 "" "" 2.528632976643464 "" 0.43502699313424253 ""
122.56045660064 -37.63432873531 0.0153 0.0181 65.2563 "" "" 5541090969626937088 557.975098 1.7573 0.0205 -5.39 1.493 0.022 0.025 0.973 4816.6 4.5286 15.029595 1.1775 15.541142 14.363642 "" "" 551.286377 563.664612 18327.71856 4.5101 8297.8 10.079 14246.0 11.664 "" "" 0.002768243836268287 0.0030861434 0.0038825204 0.006968664 122.56045660064 -37.63432873531 557.975098 -5.389999999999998 1.493 -0.9653002166748044 -3.51394990158081 0.1689939 0.17199391 "" "" 9.63798946826918 "" 1.6556631425221535 ""
123.45588787264 -38.41352465433 0.0153 0.018 25.0706 "" "" 5540762937200584192 586.994324 1.6724 0.021 -13.441 10.242 0.022 0.023 0.953 4771.1 4.4604 15.031292 1.209544 15.556196 14.346652 "" "" 577.188171 593.909302 18299.11289 4.2739 8183.5 12.206 14471.0 9.7199 "" "" 0.0027669646363113086 0.0032260749 0.0038490985 0.0070751733 123.45588787264 -38.41352465433 586.994324 -13.441000000000003 10.242000000000003 -9.016300216674805 5.23505009841919 0.1689939 0.1699939 "" "" 29.00853891997639 "" 4.909596203414104 ""
