Clusters/Gulliver_10/Gulliver_10_members.tsv
# %ECSV 1.0
# ---
# datatype:
# - name: RA_ICRS_1
#   unit: deg
#   datatype: float64
#   format: '{:15.11f}'
#   description: Right ascension (ICRS) at Ep=2016.0 (ra)
#   meta: !!omap
#   - {ucd: POS_EQ_RA_MAIN}
#   - {width: 15}
#   - {precision: '11'}
# - name: DE_ICRS_1
#   unit: deg
#   datatype: float64
#   format: '{:15.11f}'
#   description: Declination (ICRS) at Ep=2016.0 (dec)
#   meta: !!omap
#   - {ucd: POS_EQ_DEC_MAIN}
#   - {width: 15}
#   - {precision: '11'}
# - name: e_RA_ICRS
#   unit: mas
#   datatype: float64
#   format: '{:7.4f}'
#   description: Standard error of right ascension (ra_error)
#   meta: !!omap
#   - {ucd: ERROR}
#   - {width: 7}
#   - {precision: '4'}
# - name: e_DE_ICRS
#   unit: mas
#   datatype: float64
#   format: '{:7.4f}'
#   description: Standard error of declination (dec_error)
#   meta: !!omap
#   - {ucd: ERROR}
#   - {width: 7}
#   - {precision: '4'}
# - name: _r_1
#   unit: ''
#   datatype: float64
#   format: '{:7.4f}'
#   description: Distance from center (123.02370708000-38.65910601000)[ICRS], at Epoch=J2016.0
#   meta: !!omap
#   - {ucd: POS_ANG_DIST_GENERAL}
#   - {width: 7}
#   - {precision: '4'}
# - name: HIP
#   datatype: int32
#   description: '? HIP cross-id number, van Leeuwen, Cat. I/311 (hip_original_ext_source_id)'
#   meta: !!omap
#   - {ucd: ID_NUMBER}
#   - {width: 6}
#   - values: {'null': -2147483648}
# - name: TYC2
#   datatype: string
#   description: Tycho-2 cross-id name, Hog et al., Cat. I/259 (tyc2_original_ext_source_id)
#   meta: !!omap
#   - {ucd: ID_CROSSID}
#   - {_votable_string_dtype: char}
# - name: Source
#   datatype: int64
#   description: Source identifier, identical to the Gaia-EDR3 source_id (id)
#   meta: !!omap
#   - {ucd: ID_MAIN}
#   - {width: 19}
# - name: rgeo
#   unit: pc
#   datatype: float64
#   format: '{:15.8f}'
#   description: '? Median of the geometric distance posterior (r_med_geo)'
#   meta: !!omap
#   - {ucd: PHYS_DISTANCE_TRUE}
#   - {width: 15}
#   - {precision: '8'}
#   - values: {'null': .nan}
# - name: Plx
#   unit: mas
#   datatype: float64
#   format: '{:9.4f}'
#   description: '? Parallax (parallax)'
#   meta: !!omap
#   - {ucd: POS_PARLX_TRIG}
#   - {width: 9}
#   - {precision: '4'}
#   - values: {'null': .nan}
# - name: e_Plx
#   unit: mas
#   datatype: float32
#   format: '{:7.4f}'
#   description: '? Standard error of parallax (parallax_error)'
#   meta: !!omap
#   - {ucd: ERROR}
#   - {width: 7}
#   - {precision: '4'}
#   - values: {'null': .nan}
# - name: pmRA
#   unit: mas / yr
#   datatype: float64
#   format: '{:9.3f}'
#   description: '? Proper motion in right ascension direction, pmRA*cosDE (pmra)'
#   meta: !!omap
#   - {ucd: POS_EQ_PMRA}
#   - {width: 9}
#   - {precision: '3'}
#   - values: {'null': .nan}
# - name: pmDE
#   unit: mas / yr
#   datatype: float64
#   format: '{:9.3f}'
#   description: '? Proper motion in declination direction (pmdec)'
#   meta: !!omap
#   - {ucd: POS_EQ_PMDEC}
#   - {width: 9}
#   - {precision: '3'}
#   - values: {'null': .nan}
# - name: e_pmRA
#   unit: mas / yr
#   datatype: float32
#   format: '{:6.3f}'
#   description: '? Standard error of proper motion in right ascension direction (pmra_error)'
#   meta: !!omap
#   - {ucd: ERROR}
#   - {width: 6}
#   - {precision: '3'}
#   - values: {'null': .nan}
# - name: e_pmDE
#   unit: mas / yr
#   datatype: float32
#   format: '{:6.3f}'
#   description: '? Standard error of proper motion in declination direction (pmdec_error)'
#   meta: !!omap
#   - {ucd: ERROR}
#   - {width: 6}
#   - {precision: '3'}
#   - values: {'null': .nan}
# - name: RUWE
#   datatype: float64
#   format: '{:7.3f}'
#   description: '? Renormalised unit weight error (ruwe)'
#   meta: !!omap
#   - {ucd: ERROR}
#   - {width: 7}
#   - {precision: '3'}
#   - values: {'null': .nan}
# - name: Teff
#   unit: K
#   datatype: float64
#   format: '{:7.1f}'
#   description: '? Effective temperature from GSP-Phot Aeneas best library using BP/RP spectra (teff_gspphot)'
#   meta: !!omap
#   - {ucd: PHYS_TEMP_EFFEC}
#   - {width: 7}
#   - {precision: '1'}
#   - values: {'null': .nan}
# - name: logg
#   unit: log(cm.s**-2)
#   datatype: float64
#   format: '{:7.4f}'
#   description: '? Surface gravity from GSP-Phot Aeneas best library using BP/RP spectra (logg_gspphot)'
#   meta: !!omap
#   - {ucd: PHYS_GRAVITY_SURFACE}
#   - {width: 7}
#   - {precision: '4'}
#   - values: {'null': .nan}
# - name: Gmag
#   unit: mag
#   datatype: float64
#   format: '{:9.6f}'
#   description: '? G-band mean magnitude (phot_g_mean_mag)'
#   meta: !!omap
#   - {ucd: PHOT_MAG_OPTICAL}
#   - {width: 9}
#   - {precision: '6'}
#   - values: {'null': .nan}
# - name: BP-RP
#   unit: mag
#   datatype: float64
#   format: '{:9.6f}'
#   description: '? BP-RP colour (bp_rp)'
#   meta: !!omap
#   - {ucd: PHOT_CI_B-R}
#   - {width: 9}
#   - {precision: '6'}
#   - values: {'null': .nan}
# - name: BPmag
#   unit: mag
#   datatype: float64
#   format: '{:9.6f}'
#   description: '? Integrated BP mean magnitude (phot_bp_mean_mag)'
#   meta: !!omap
#   - {ucd: PHOT_MAG_B}
#   - {width: 9}
#   - {precision: '6'}
#   - values: {'null': .nan}
# - name: RPmag
#   unit: mag
#   datatype: float64
#   format: '{:9.6f}'
#   description: '? Integrated RP mean magnitude (phot_rp_mean_mag)'
#   meta: !!omap
#   - {ucd: PHOT_MAG_R}
#   - {width: 9}
#   - {precision: '6'}
#   - values: {'null': .nan}
# - name: RV
#   unit: km / s
#   datatype: float64
#   format: '{:7.2f}'
#   description: '? Radial velocity (radial_velocity)'
#   meta: !!omap
#   - {ucd: VELOC_BARYCENTER}
#   - {width: 7}
#   - {precision: '2'}
#   - values: {'null': .nan}
# - name: e_RV
#   unit: km / s
#   datatype: float32
#   format: '{:5.2f}'
#   description: '? Radial velocity error (radial_velocity_error)'
#   meta: !!omap
#   - {ucd: ERROR}
#   - {width: 5}
#   - {precision: '2'}
#   - values: {'null': .nan}
# - name: b_rgeo
#   unit: pc
#   datatype: float64
#   format: '{:14.8f}'
#   description: '? 16th percentile of the geometric distance posterior (r_lo_geo)'
#   meta: !!omap
#   - {ucd: ERROR}
#   - {width: 14}
#   - {precision: '8'}
#   - values: {'null': .nan}
# - name: B_rgeo
#   unit: pc
#   datatype: float64
#   format: '{:14.8f}'
#   description: '? 84th percentile of the geometric distance posterior (r_hi_geo)'
#   meta: !!omap
#   - {ucd: ERROR}
#   - {width: 14}
#   - {precision: '8'}
#   - values: {'null': .nan}
# - name: FG
#   unit: ''
#   datatype: float64
#   format: '{:16.5f}'
#   description: '? G-band mean flux (phot_g_mean_flux)'
#   meta: !!omap
#   - {ucd: PHOT_FLUX_OPTICAL}
#   - {width: 16}
#   - {precision: '5'}
#   - values: {'null': .nan}
# - name: e_FG
#   unit: ''
#   datatype: float32
#   format: '{:11.4g}'
#   description: '? Error on G-band mean flux (phot_g_mean_flux_error)'
#   meta: !!omap
#   - {ucd: ERROR}
#   - {width: 11}
#   - {precision: E4}
#   - values: {'null': .nan}
# - name: FBP
#   unit: ''
#   datatype: float32
#   format: '{:11.4g}'
#   description: '? Integrated BP mean flux (phot_bp_mean_flux)'
#   meta: !!omap
#   - {ucd: PHOT_FLUX_B}
#   - {width: 11}
#   - {precision: E4}
#   - values: {'null': .nan}
# - name: e_FBP
#   unit: ''
#   datatype: float32
#   format: '{:11.4g}'
#   description: '? Error on the integrated BP mean flux (phot_bp_mean_flux_error)'
#   meta: !!omap
#   - {ucd: ERROR}
#   - {width: 11}
#   - {precision: E4}
#   - values: {'null': .nan}
# - name: FRP
#   unit: ''
#   datatype: float32
#   format: '{:11.4g}'
#   description: '? Integrated RP mean flux (phot_rp_mean_flux)'
#   meta: !!omap
#   - {ucd: PHOT_FLUX_R}
#   - {width: 11}
#   - {precision: E4}
#   - values: {'null': .nan}
# - name: e_FRP
#   unit: ''
#   datatype: float32
#   format: '{:11.4g}'
#   description: '? Error on the integrated RP mean flux (phot_rp_mean_flux_error)'
#   meta: !!omap
#   - {ucd: ERROR}
#   - {width: 11}
#   - {precision: E4}
#   - values: {'null': .nan}
# - name: RAVE5
#   datatype: string
#   description: RAVE DR5 cross-id name, Kunder et al., Cat. III/279 (rave5_original_ext_source_id)
#   meta: !!omap
#   - {ucd: ID_CROSSID}
#   - {_votable_string_dtype: char}
# - name: RAVE6
#   datatype: string
#   description: RAVE DR6 cross-id name, Steinmetz et al., Cat. III/283 (rave6_original_ext_source_id)
#   meta: !!omap
#   - {ucd: ID_CROSSID}
#   - {_votable_string_dtype: char}
# - name: e_Gmag
#   unit: ''
#   datatype: float64
#   format: '{:11.4g}'
#   description: '? Error on G-band mean flux (phot_g_mean_flux_error)'
#   meta: !!omap
#   - {ucd: ERROR}
#   - {width: 11}
#   - {precision: E4}
#   - values: {'null': .nan}
# - name: e_BPmag
#   unit: ''
#   datatype: float32
#   format: '{:11.4g}'
#   description: '? Error on the integrated BP mean flux (phot_bp_mean_flux_error)'
#   meta: !!omap
#   - {ucd: ERROR}
#   - {width: 11}
#   - {precision: E4}
#   - values: {'null': .nan}
# - name: e_RPmag
#   unit: ''
#   datatype: float32
#   format: '{:11.4g}'
#   description: '? Error on the integrated RP mean flux (phot_rp_mean_flux_error)'
#   meta: !!omap
#   - {ucd: ERROR}
#   - {width: 11}
#   - {precision: E4}
#   - values: {'null': .nan}
# - name: e_BP-RP
#   unit: ''
#   datatype: float32
#   format: '{:11.4g}'
#   description: '? Error on the integrated BP mean flux (phot_bp_mean_flux_error)'
#   meta: !!omap
#   - {ucd: ERROR}
#   - {width: 11}
#   - {precision: E4}
#   - values: {'null': .nan}
# - name: SkyCoord.ra
#   unit: deg
#   datatype: float64
#   format: '{:15.11f}'
#   description: Right ascension (ICRS) at Ep=2016.0 (ra)
#   meta: !!omap
#   - {ucd: POS_EQ_RA_MAIN}
#   - {width: 15}
#   - {precision: '11'}
# - name: SkyCoord.dec
#   unit: deg
#   datatype: float64
#   format: '{:15.11f}'
#   description: Declination (ICRS) at Ep=2016.0 (dec)
#   meta: !!omap
#   - {ucd: POS_EQ_DEC_MAIN}
#   - {width: 15}
#   - {precision: '11'}
# - name: SkyCoord.distance
#   unit: pc
#   datatype: float64
#   format: '{:15.8f}'
#   description: '? Median of the geometric distance posterior (r_med_geo)'
#   meta: !!omap
#   - {ucd: PHYS_DISTANCE_TRUE}
#   - {width: 15}
#   - {precision: '8'}
#   - values: {'null': .nan}
# - {name: SkyCoord.pm_ra_cosdec, unit: mas / yr, datatype: float64}
# - {name: SkyCoord.pm_dec, unit: mas / yr, datatype: float64}
# - {name: Pmemb, datatype: float64}
# meta: !!omap
# - {ID: I_352_gedr3dis}
# - {name: I/352/gedr3dis}
# - {description: Estimating distances from parallaxes (1467744818 sources)}
# - __serialized_columns__:
#     SkyCoord:
#       __class__: astropy.coordinates.sky_coordinate.SkyCoord
#       dec: !astropy.table.SerializedColumn
#         __class__: astropy.coordinates.angles.Latitude
#         unit: &id001 !astropy.units.Unit {unit: deg}
#         value: !astropy.table.SerializedColumn {name: SkyCoord.dec}
#       distance: !astropy.table.SerializedColumn
#         __class__: astropy.coordinates.distances.Distance
#         unit: !astropy.units.Unit {unit: pc}
#         value: !astropy.table.SerializedColumn {name: SkyCoord.distance}
#       frame: icrs
#       obstime: !astropy.time.Time {format: jyear_str, in_subfmt: '*', jd1: 367701545.0, jd2: 0.0, out_subfmt: '*', precision: 3, scale: tt}
#       pm_dec: !astropy.table.SerializedColumn
#         __class__: astropy.units.quantity.Quantity
#         unit: !astropy.units.Unit {unit: mas / yr}
#         value: !astropy.table.SerializedColumn {name: SkyCoord.pm_dec}
#       pm_ra_cosdec: !astropy.table.SerializedColumn
#         __class__: astropy.units.quantity.Quantity
#         unit: !astropy.units.Unit {unit: mas / yr}
#         value: !astropy.table.SerializedColumn {name: SkyCoord.pm_ra_cosdec}
#       ra: !astropy.table.SerializedColumn
#         __class__: astropy.coordinates.angles.Longitude
#         unit: *id001
#         value: !astropy.table.SerializedColumn {name: SkyCoord.ra}
#         wrap_angle: !astropy.coordinates.Angle
#           unit: *id001
#           value: 360.0
#       representation_type: spherical
# schema: astropy-2.0
RA_ICRS_1 DE_ICRS_1 e_RA_ICRS e_DE_ICRS _r_1 HIP TYC2 Source rgeo Plx e_Plx pmRA pmDE e_pmRA e_pmDE RUWE Teff logg Gmag BP-RP BPmag RPmag RV e_RV b_rgeo B_rgeo FG e_FG FBP e_FBP FRP e_FRP RAVE5 RAVE6 e_Gmag e_BPmag e_RPmag e_BP-RP SkyCoord.ra SkyCoord.dec SkyCoord.distance SkyCoord.pm_ra_cosdec SkyCoord.pm_dec Pmemb
123.18935464312 -38.61613424471 0.008 0.0089 8.1803 "" 7660-1536-1 5540754686562424448 579.446594 1.6988 0.0102 -4.147 5.034 0.011 0.012 0.939 7049.3 4.0282 11.976035 0.756316 12.269776 11.51346 23.9 3.66 575.862732 582.812622 305163.52093 294.68 168850.0 598.51 196690.0 432.58 "" "" 0.0029480518297002383 0.0047535477 0.004470525 0.009224072 123.18935464312 -38.61613424471 579.446594 -4.147 5.033999999999999 1.0
123.45855635226 -38.42385250671 0.021 0.0245 24.8131 "" "" 5540762932900496256 573.371155 1.7046 0.028 -4.257 4.943 0.03 0.031 2.56 5684.0 4.101 13.540899 1.544275 14.232987 12.688712 25.27 4.48 565.221497 582.5495 72208.28914 67.064 27684.0 104.23 66631.0 160.97 "" "" 0.0029340469140599536 0.0049492475 0.0046004006 0.009549648 123.45855635226 -38.42385250671 573.371155 -4.257 4.943 0.9
123.31653383918 -38.67347802711 0.0132 0.0141 13.7454 "" "" 5540750808212400256 575.924622 1.7037 0.0165 -4.39 5.048 0.017 0.019 1.065 5603.3 4.0014 14.538086 1.760784 15.385128 13.624344 31.54 7.52 570.942444 581.265015 28821.2189 30.584 9580.0 36.32 28146.0 76.817 "" "" 0.0029865066480009956 0.004972805 0.0048025455 0.00977535 123.31653383918 -38.67347802711 575.924622 -4.389999999999999 5.048 1.0
123.38528249059 -38.42337672035 0.0136 0.0159 22.0902 "" "" 5540762834120711936 592.074097 1.6546 0.0183 -4.521 5.178 0.018 0.021 1.036 "" "" 14.803235 1.789364 15.659684 13.87032 9.66 6.58 585.295227 598.512695 22576.29099 220.01 7439.5 257.46 22440.0 587.84 "" "" 0.010933565408290378 0.0376777 0.028692037 0.06636974 123.38528249059 -38.42337672035 592.074097 -4.521 5.177999999999999 0.9
123.29022669482 -38.45616906097 0.0136 0.0156 17.4536 "" "" 5540762078206520832 578.630737 1.6964 0.0173 -4.436 5.084 0.018 0.019 1.063 5518.8 3.9265 14.812338 2.030021 15.831955 13.801934 23.4 4.51 571.693848 586.331421 22387.81659 29.066 6348.0 34.274 23899.0 88.219 "" "" 0.003094960290027214 0.006492234 0.005508742 0.012000976 123.29022669482 -38.45616906097 578.630737 -4.436 5.083999999999999 1.0
122.71897704343 -38.49205599293 0.0166 0.0184 17.4579 "" "" 5540794548159115264 581.825989 1.6802 0.0209 -4.758 5.003 0.023 0.025 1.088 5568.3 4.1664 15.023455 2.017868 16.0294 14.011532 "" "" 574.864563 587.703979 18431.67037 27.13 5292.5 34.27 19704.0 81.875 "" "" 0.003185243604208527 0.007563796 0.0058853533 0.013449149 122.71897704343 -38.49205599293 581.825989 -4.757999999999999 5.002999999999998 0.9
123.06417290601 -38.74085588 0.0149 0.0182 5.2583 "" "" 5540728955418946176 577.064575 1.6939 0.0198 -4.388 4.892 0.019 0.025 1.023 5597.6 4.1915 15.093917 1.933793 16.055573 14.121779 -12.86 8.1 569.697327 583.153625 17273.48847 26.455 5166.4 36.466 17801.0 71.024 "" "" 0.003218205406800366 0.0081555825 0.005748883 0.013904465 123.06417290601 -38.74085588 577.064575 -4.388 4.892 0.9
123.26657189979 -38.65665961662 0.0217 0.0238 11.38 "" "" 5540750773852678528 572.137268 1.7145 0.0268 -4.314 5.039 0.031 0.032 1.35 "" "" 15.260668 1.96942 16.220934 14.251513 24.6 6.44 562.011047 580.339478 14814.25117 417.01 4436.5 411.06 15796.0 1350.5 "" "" 0.03068660410221007 0.10063662 0.09290335 0.19353998 123.26657189979 -38.65665961662 572.137268 -4.314 5.039 1.0
122.3450714202 -38.64182451657 0.0191 0.0211 31.8165 "" "" 5540975761421817344 591.253906 1.6565 0.0256 -4.647 4.842 0.027 0.025 1.037 4523.0 4.1622 15.35049 1.868916 16.263096 14.39418 38.18 6.25 582.499451 598.979309 13638.00245 57.516 4267.5 68.16 13851.0 146.73 "" "" 0.005343988795782933 0.01756428 0.012106727 0.029671006 122.3450714202 -38.64182451657 591.253906 -4.647 4.841999999999999 0.9
123.04809808524 -38.64724375378 0.0197 0.0225 1.3464 "" "" 5540799839559173504 594.272705 1.6391 0.0249 -4.476 4.977 0.027 0.032 1.032 "" "" 15.40775 2.339994 16.64894 14.308945 24.91 9.04 585.294922 602.538818 12937.39529 12.268 2991.2 15.447 14982.0 42.517 "" "" 0.0029413909970192244 0.0062627792 0.0048762076 0.011138987 123.04809808524 -38.64724375378 594.272705 -4.476 4.977000000000001 0.9
123.12241507693 -38.86450637701 0.0221 0.0269 13.1609 "" "" 5540724041976376960 597.156372 1.6368 0.0289 -4.317 5.024 0.029 0.039 1.011 "" "" 15.900989 2.156123 17.001392 14.845269 "" "" 587.835083 610.766907 8213.93668 28.791 2162.0 31.428 9142.2 82.869 "" "" 0.004698384679650079 0.016027581 0.010542334 0.026569914 123.12241507693 -38.86450637701 597.156372 -4.317 5.023999999999999 0.9
123.09045682673 -38.37623238239 0.0217 0.026 17.2593 "" "" 5540807295621880832 603.404663 1.6241 0.0284 -4.444 5.136 0.028 0.034 1.019 4831.2 4.2244 15.939185 2.178681 17.068733 14.890052 "" "" 593.310059 612.850525 7929.99062 17.747 2032.0 19.689 8772.8 48.685 "" "" 0.0036736740800846993 0.010883923 0.007112552 0.017996475 123.09045682673 -38.37623238239 603.404663 -4.444 5.136000000000001 1.0
123.20854555673 -38.78248541961 0.0245 0.0291 11.3873 "" "" 5540748231232115072 590.336182 1.6603 0.0326 -4.449 4.978 0.033 0.039 1.012 5053.1 4.2518 16.089153 2.38475 17.368418 14.983667 "" "" 578.83667 601.019531 6906.93205 6.4584 1541.9 9.2264 8048.1 21.213 "" "" 0.0029364058829850982 0.0070706173 0.0047406107 0.0118112285 123.20854555673 -38.78248541961 590.336182 -4.449 4.978000000000001 0.9
123.05296879684 -38.7261298571 0.0253 0.0306 4.2485 "" "" 5540729024138422528 586.557129 1.6675 0.0332 -4.227 4.87 0.032 0.041 0.935 "" "" 16.168962 2.417659 17.44043 15.022771 "" "" 576.312988 596.313171 6417.44467 69.885 1442.9 57.213 7763.4 259.98 "" "" 0.012140304462293496 0.043141276 0.03655493 0.07969621 123.05296879684 -38.7261298571 586.557129 -4.227000000000001 4.870000000000001 0.9
122.69860565786 -38.75509530404 0.0263 0.0296 16.2748 "" "" 5540772832804979200 588.964539 1.6645 0.0339 -4.347 5.003 0.037 0.037 1.009 3677.5 4.0173 16.188599 2.329324 17.413687 15.084363 "" "" 578.19397 600.895203 6302.4187 6.4019 1478.9 12.209 7335.2 20.664 "" "" 0.0029678478110256703 0.009387488 0.0048619886 0.014249476 122.69860565786 -38.75509530404 588.964539 -4.347 5.003000000000001 1.0
123.08747554133 -38.7877297917 0.0269 0.0313 8.2746 "" "" 5540727821547585152 587.112854 1.6707 0.0351 -4.548 4.871 0.039 0.047 0.973 4920.0 4.2216 16.1948 2.293881 17.398945 15.105063 "" "" 576.065002 599.071777 6266.52962 11.978 1499.1 15.113 7196.7 39.628 "" "" 0.0034494451594672174 0.011295744 0.0070729284 0.018368673 123.08747554133 -38.7877297917 587.112854 -4.548000000000001 4.871000000000001 0.9
123.05402997213 -38.72592487782 0.0329 0.0407 4.2532 "" "" 5540729024138422272 583.425537 1.6864 0.0439 -4.417 5.119 0.043 0.056 1.052 3706.2 4.0174 16.613054 2.673539 18.082958 15.409419 "" "" 570.888367 599.659607 4263.09556 15.715 798.42 19.752 5437.4 64.822 "" "" 0.004859062466710588 0.027004406 0.013484093 0.0404885 123.05402997213 -38.72592487782 583.425537 -4.417 5.119 1.0
123.0996640141 -38.71446103797 0.0335 0.0428 4.8668 "" "" 5540752491839702784 542.509216 1.8024 0.0459 -4.302 4.856 0.044 0.056 1.021 3674.5 3.9904 16.68569 3.070911 18.469366 15.398455 "" "" 530.368713 554.47998 3987.22438 3.8169 559.33 9.3447 5492.6 14.345 "" "" 0.0029448345874548017 0.018352676 0.0047248728 0.02307755 123.0996640141 -38.71446103797 542.509216 -4.301999999999999 4.855999999999999 1.0
122.93485377737 -38.55180034469 0.0381 0.044 7.6687 "" "" 5540804409404394112 557.918518 1.76 0.0488 -4.46 5.137 0.05 0.063 0.969 3597.3 4.1241 16.81337 2.526554 18.177935 15.651381 "" "" 542.303223 574.643372 3544.85749 10.87 731.55 15.423 4351.2 34.752 "" "" 0.004321589689365269 0.023059603 0.00945933 0.03251893 122.93485377737 -38.55180034469 557.918518 -4.46 5.137 0.9
122.61864903025 -38.62876877373 0.0373 0.042 19.0691 "" "" 5540786198742724480 560.516113 1.7528 0.0481 -4.649 5.105 0.05 0.054 1.057 3643.1 4.0102 16.827888 2.575243 18.20792 15.632677 "" "" 548.005188 571.93866 3497.7731 7.6934 711.62 11.873 4426.8 34.339 "" "" 0.003646199511826918 0.018328547 0.0092312535 0.027559802 122.61864903025 -38.62876877373 560.516113 -4.649 5.105 0.9
