Clusters/COIN-Gaia_35/COIN-Gaia_35_stars_in_region.tsv
# %ECSV 1.0
# ---
# datatype:
# - name: RA_ICRS_1
#   unit: deg
#   datatype: float64
#   format: '{:15.11f}'
#   description: Right ascension (ICRS) at Ep=2016.0 (ra)
#   meta: !!omap
#   - {ucd: POS_EQ_RA_MAIN}
#   - {width: 15}
#   - {precision: '11'}
# - name: DE_ICRS_1
#   unit: deg
#   datatype: float64
#   format: '{:15.11f}'
#   description: Declination (ICRS) at Ep=2016.0 (dec)
#   meta: !!omap
#   - {ucd: POS_EQ_DEC_MAIN}
#   - {width: 15}
#   - {precision: '11'}
# - name: e_RA_ICRS
#   unit: mas
#   datatype: float64
#   format: '{:7.4f}'
#   description: Standard error of right ascension (ra_error)
#   meta: !!omap
#   - {ucd: ERROR}
#   - {width: 7}
#   - {precision: '4'}
# - name: e_DE_ICRS
#   unit: mas
#   datatype: float64
#   format: '{:7.4f}'
#   description: Standard error of declination (dec_error)
#   meta: !!omap
#   - {ucd: ERROR}
#   - {width: 7}
#   - {precision: '4'}
# - name: _r_1
#   unit: ''
#   datatype: float64
#   format: '{:7.4f}'
#   description: Distance from center (033.47321678000+60.04439906000)[ICRS], at Epoch=J2016.0
#   meta: !!omap
#   - {ucd: POS_ANG_DIST_GENERAL}
#   - {width: 7}
#   - {precision: '4'}
# - name: HIP
#   datatype: int32
#   description: '? HIP cross-id number, van Leeuwen, Cat. I/311 (hip_original_ext_source_id)'
#   meta: !!omap
#   - {ucd: ID_NUMBER}
#   - {width: 6}
#   - values: {'null': -2147483648}
# - name: TYC2
#   datatype: string
#   description: Tycho-2 cross-id name, Hog et al., Cat. I/259 (tyc2_original_ext_source_id)
#   meta: !!omap
#   - {ucd: ID_CROSSID}
#   - {_votable_string_dtype: char}
# - name: Source
#   datatype: int64
#   description: Source identifier, identical to the Gaia-EDR3 source_id (id)
#   meta: !!omap
#   - {ucd: ID_MAIN}
#   - {width: 19}
# - name: rgeo
#   unit: pc
#   datatype: float64
#   format: '{:15.8f}'
#   description: '? Median of the geometric distance posterior (r_med_geo)'
#   meta: !!omap
#   - {ucd: PHYS_DISTANCE_TRUE}
#   - {width: 15}
#   - {precision: '8'}
#   - values: {'null': .nan}
# - name: Plx
#   unit: mas
#   datatype: float64
#   format: '{:9.4f}'
#   description: '? Parallax (parallax)'
#   meta: !!omap
#   - {ucd: POS_PARLX_TRIG}
#   - {width: 9}
#   - {precision: '4'}
#   - values: {'null': .nan}
# - name: e_Plx
#   unit: mas
#   datatype: float32
#   format: '{:7.4f}'
#   description: '? Standard error of parallax (parallax_error)'
#   meta: !!omap
#   - {ucd: ERROR}
#   - {width: 7}
#   - {precision: '4'}
#   - values: {'null': .nan}
# - name: pmRA
#   unit: mas / yr
#   datatype: float64
#   format: '{:9.3f}'
#   description: '? Proper motion in right ascension direction, pmRA*cosDE (pmra)'
#   meta: !!omap
#   - {ucd: POS_EQ_PMRA}
#   - {width: 9}
#   - {precision: '3'}
#   - values: {'null': .nan}
# - name: pmDE
#   unit: mas / yr
#   datatype: float64
#   format: '{:9.3f}'
#   description: '? Proper motion in declination direction (pmdec)'
#   meta: !!omap
#   - {ucd: POS_EQ_PMDEC}
#   - {width: 9}
#   - {precision: '3'}
#   - values: {'null': .nan}
# - name: e_pmRA
#   unit: mas / yr
#   datatype: float32
#   format: '{:6.3f}'
#   description: '? Standard error of proper motion in right ascension direction (pmra_error)'
#   meta: !!omap
#   - {ucd: ERROR}
#   - {width: 6}
#   - {precision: '3'}
#   - values: {'null': .nan}
# - name: e_pmDE
[...]
#         value: !astropy.table.SerializedColumn {name: SkyCoord.dec}
#       distance: !astropy.table.SerializedColumn
#         __class__: astropy.coordinates.distances.Distance
#         unit: !astropy.units.Unit {unit: pc}
#         value: !astropy.table.SerializedColumn {name: SkyCoord.distance}
#       frame: icrs
#       obstime: !astropy.time.Time {format: jyear_str, in_subfmt: '*', jd1: 367701545.0, jd2: 0.0, out_subfmt: '*', precision: 3, scale: tt}
#       pm_dec: !astropy.table.SerializedColumn
#         __class__: astropy.units.quantity.Quantity
#         unit: !astropy.units.Unit {unit: mas / yr}
#         value: !astropy.table.SerializedColumn {name: SkyCoord.pm_dec}
#       pm_ra_cosdec: !astropy.table.SerializedColumn
#         __class__: astropy.units.quantity.Quantity
#         unit: !astropy.units.Unit {unit: mas / yr}
#         value: !astropy.table.SerializedColumn {name: SkyCoord.pm_ra_cosdec}
#       ra: !astropy.table.SerializedColumn
#         __class__: astropy.coordinates.angles.Longitude
#         unit: *id001
#         value: !astropy.table.SerializedColumn {name: SkyCoord.ra}
#         wrap_angle: !astropy.coordinates.Angle
#           unit: *id001
#           value: 360.0
#       representation_type: spherical
# schema: astropy-2.0
RA_ICRS_1 DE_ICRS_1 e_RA_ICRS e_DE_ICRS _r_1 HIP TYC2 Source rgeo Plx e_Plx pmRA pmDE e_pmRA e_pmDE RUWE Teff logg Gmag BP-RP BPmag RPmag RV e_RV b_rgeo B_rgeo FG e_FG FBP e_FBP FRP e_FRP RAVE5 RAVE6 e_Gmag e_BPmag e_RPmag e_BP-RP SkyCoord.ra SkyCoord.dec SkyCoord.distance SkyCoord.pm_ra_cosdec SkyCoord.pm_dec rmRA rmDE e_rmRA e_rmDE rRV e_rRV v_pec v_pec3d e_vpec e_vpec3d
[from data line 126]
33.34111218807 60.00877903764 0.0183 0.0216 4.4999 "" "" 507323224935388800 2261.53662 0.4153 0.0324 -0.535 -0.508 0.028 0.037 1.24 9424.6 3.6899 15.277314 1.302423 15.840226 14.537803 "" "" 2129.69507 2399.49316 14588.85283 3.613 6299.8 8.3715 12135.0 10.551 "" "" 0.0027684093001999234 0.0031411254 0.0038954958 0.007036621 33.34111218807 60.00877903764 2261.53662 -0.535 -0.508 0.00019999980926510563 -0.09219999480247498 0.03323068 0.04223068 "" "" 0.9883570955534685 "" 0.04173895541072188 ""
33.46811250382 60.04771274098 0.0147 0.0182 0.2508 "" "" 507345971083096960 2210.73462 0.4177 0.0273 -0.527 -0.342 0.023 0.03 0.99 9294.9 3.6498 15.297701 1.306953 15.865888 14.558934 "" "" 2105.39209 2364.85962 14317.47623 3.2107 6152.6 14.238 11901.0 9.7345 "" "" 0.002766056823467733 0.003754724 0.0038823218 0.007637046 33.46811250382 60.04771274098 2210.73462 -0.5270000000000001 -0.3420000000000001 0.008199999809265113 0.073800005197525 0.028230678 0.035230678 "" "" 0.7781006223289112 "" 0.027353122348358103 ""
33.90722825767 60.00772874349 0.0172 0.0206 13.1948 "" "" 507331814871112064 2186.59302 0.4184 0.0286 -1.194 -0.458 0.024 0.033 1.021 7498.3 3.4792 15.303957 1.379971 15.915416 14.535444 "" "" 2065.22241 2337.85596 14235.21181 3.9183 5878.3 10.601 12161.0 11.354 "" "" 0.0027714802362429577 0.0034086553 0.0039129644 0.0073216194 33.90722825767 60.00772874349 2186.59302 -1.194 -0.4580000000000007 -0.6588000001907348 -0.042199994802474994 0.029230678 0.03823068 "" "" 6.842094291327846 "" 0.20028922128140333 ""
33.88449375372 60.02276644508 0.0171 0.0207 12.3939 "" "" 507332192828224768 2431.15625 0.3716 0.0313 0.638 0.862 0.025 0.035 1.042 "" "" 15.304382 2.554129 16.704847 14.150719 -3.99 2.57 2248.34595 2677.36523 14229.63504 4.5385 2841.0 8.2039 17333.0 12.462 "" "" 0.002776996177868365 0.004197011 0.0038591567 0.0080561675 33.88449375372 60.02276644508 2431.15625 0.638 0.8620000000000001 1.173199999809265 1.2778000051975251 0.030230679 0.04023068 "" "" 19.990085609801472 "" 0.7197031978987998 ""
33.47833243503 60.06349646934 0.0159 0.0198 1.156 "" "" 507347104954457856 2483.39062 0.37 0.0295 -0.529 -0.333 0.026 0.032 1.094 "" "" 15.318595 1.29786 15.881037 14.583177 "" "" 2339.7771 2689.0498 14044.58172 3.4047 6067.4 8.7483 11638.0 11.012 "" "" 0.0027678631367200794 0.003199336 0.003916522 0.0071158577 33.47833243503 60.06349646934 2483.39062 -0.5289999999999999 -0.333 0.006199999809265111 0.082800005197525 0.031230679 0.03723068 "" "" 0.9773899383784477 "" 0.036358818475752216 ""
33.95984117797 60.08242378739 0.0153 0.02 14.7482 "" "" 507338205782391296 2292.3479 0.4046 0.0279 -1.237 -0.379 0.024 0.033 0.979 9257.9 3.672 15.328421 1.14614 15.807528 14.661387 "" "" 2163.27197 2425.83228 13918.05426 3.2718 6492.4 9.1215 10829.0 10.521 "" "" 0.002767116188753337 0.003179923 0.0039238306 0.0071037533 33.95984117797 60.08242378739 2292.3479 -1.2370000000000005 -0.37900000000000056 -0.701800000190735 0.03680000519752502 0.029230678 0.03823068 "" "" 7.63604507003032 "" 0.22342412947705168 ""
33.72316141343 59.84395051588 0.0165 0.0193 14.1796 "" "" 507305770188569600 2357.90723 0.3938 0.0277 -1.002 -0.648 0.025 0.032 0.989 9785.9 4.1085 15.329174 1.161426 15.820749 14.659323 "" "" 2215.09277 2496.44214 13908.39877 3.3799 6413.8 9.757 10850.0 10.143 "" "" 0.002767924182102041 0.0032423888 0.0039133015 0.0071556903 33.72316141343 59.84395051588 2357.90723 -1.002 -0.6479999999999999 -0.46680000019073487 -0.232199994802475 0.030230679 0.03723068 "" "" 5.827000067505216 "" 0.184961441883265 ""
33.42314748642 59.87971966104 0.017 0.0188 9.9945 "" "" 507318345852585728 2334.89014 0.4008 0.0266 -3.759 0.006 0.025 0.031 0.951 9002.6 3.4892 15.35491 1.3686 15.957988 14.589388 "" "" 2205.62476 2488.60181 13582.591 3.3461 5652.3 9.2739 11572.0 10.049 "" "" 0.002768272281317606 0.0033103528 0.0038952122 0.007205565 33.42314748642 59.87971966104 2334.89014 -3.7589999999999995 0.005999999999999469 -3.2238000001907348 0.42180000519752503 0.030230679 0.03623068 "" "" 35.98311489243237 "" 1.0917810299566673 ""
33.49912962645 60.00853505659 0.0165 0.0186 2.2877 "" "" 507345661845464064 2257.12109 0.4078 0.0268 6.751 -0.838 0.024 0.031 0.983 6076.2 2.9472 15.35795 2.236069 16.529463 14.293394 -4.04 2.77 2117.19263 2404.39868 13544.62049 3.9441 3339.1 7.3455 15199.0 11.111 "" "" 0.0027733996884980595 0.0036728387 0.0038618266 0.007534665 33.49912962645 60.00853505659 2257.12109 6.751000000000001 -0.8380000000000005 7.2861999998092655 -0.42219999480247494 0.029230678 0.03623068 "" "" 78.08402101659577 "" 2.2844961103287122 ""
33.54008801616 60.06394538141 0.0154 0.019 2.321 "" "" 507346417759689088 2403.61523 0.3877 0.0276 0.764 0.51 0.025 0.032 1.0 6475.8 3.245 15.359611 2.264854 16.552464 14.28761 -5.11 3.17 2227.05493 2561.7981 13523.91007 3.5935 3269.1 6.1994 15280.0 9.8849 "" "" 0.002770382517658631 0.0034676103 0.0038440952 0.0073117055 33.54008801616 60.06394538141 2403.61523 0.7640000000000005 0.5100000000000002 1.2991999998092651 0.925800005197525 0.030230679 0.03723068 "" "" 18.17562799175064 "" 0.5953537623403063 ""
33.02016209284 59.97653004176 0.0163 0.0192 14.1844 "" "" 507509695232084736 2762.64722 0.3408 0.029 -0.684 -0.612 0.025 0.032 1.07 "" "" 15.365886 1.481311 16.033371 14.55206 "" "" 2548.00903 3013.12207 13445.97866 3.6056 5273.1 9.1801 11977.0 11.934 "" "" 0.002770659642127395 0.003370144 0.0039311703 0.0073013143 33.02016209284 59.97653004176 2762.64722 -0.684 -0.612 -0.14880000019073492 -0.19619999480247496 0.030230679 0.03723068 "" "" 3.224546228911915 "" 0.11233677788577236 ""
33.51702916137 60.0596150476 0.0154 0.0186 1.5986 "" "" 507346314680475648 2770.47437 0.332 0.0271 1.307 0.436 0.025 0.031 0.989 7600.1 3.4944 15.369968 1.468602 16.03201 14.563407 "" "" 2555.66357 3051.08447 13395.51473 2.8146 5279.7 8.6518 11852.0 8.928 "" "" 0.00276474818089189 0.003309162 0.003866865 0.007176027 33.51702916137 60.0596150476 2770.47437 1.307 0.436 1.842199999809265 0.851800005197525 0.030230679 0.03623068 "" "" 26.65276660955525 "" 0.8361209429914142 ""
33.90679373531 59.90213507397 0.0174 0.0209 15.5667 "" "" 507330337402435840 2448.1062 0.3716 0.0299 -1.087 -0.18 0.025 0.033 0.945 8996.5 3.471 15.375524 1.547916 16.083042 14.535126 "" "" 2281.46826 2625.24097 13327.14632 3.3413 5037.3 13.811 12165.0 13.464 "" "" 0.0027687338596521453 0.0040800082 0.003965822 0.00804583 33.90679373531 59.90213507397 2448.1062 -1.087 -0.17999999999999988 -0.5518000001907348 0.23580000519752503 0.030230679 0.03823068 "" "" 6.963234801414082 "" 0.22002767697863027 ""
33.1255806583 59.82270089112 0.0175 0.0191 16.9157 "" "" 507314428842455040 2472.6272 0.3741 0.0297 -0.696 -0.486 0.027 0.03 1.016 9261.9 3.4279 15.391245 1.147775 15.86682 14.719046 "" "" 2337.64966 2657.91187 13135.5631 3.2717 6147.4 11.948 10269.0 14.028 "" "" 0.0027685591628465282 0.0034982972 0.0040599913 0.0075582885 33.1255806583 59.82270089112 2472.6272 -0.6959999999999998 -0.4859999999999999 -0.16080000019073482 -0.07019999480247496 0.03223068 0.035230678 "" "" 2.0563844024201656 "" 0.06730425438769684 ""
33.3037085419 59.85823839029 0.0176 0.0206 12.2759 "" "" 507319892040826368 1931.66223 0.4893 0.0294 -1.08 -0.618 0.026 0.034 1.103 9091.2 3.9611 15.396519 1.397915 16.017904 14.619989 "" "" 1843.87842 2063.01172 13071.91554 3.3315 5348.8 9.973 11250.0 9.6833 "" "" 0.002769179994329078 0.003447201 0.0038932096 0.0073404107 33.3037085419 59.85823839029 1931.66223 -1.08 -0.6179999999999994 -0.5448000001907349 -0.20219999480247497 0.031230679 0.039230682 "" "" 5.320713047041445 "" 0.17188474227406697 ""
33.97090485381 60.06109132935 0.0162 0.0212 14.9404 "" "" 507337965264236032 1937.91528 0.4831 0.0295 -0.926 -0.327 0.027 0.036 0.992 9252.4 4.0308 15.401893 1.193193 15.911345 14.718152 "" "" 1822.29834 2097.15649 13007.37068 3.0598 5900.4 11.272 10278.0 9.5462 "" "" 0.002767132205902924 0.003476668 0.003911606 0.007388274 33.97090485381 60.06109132935 1937.91528 -0.9260000000000006 -0.3270000000000003 -0.3908000001907349 0.08880000519752501 0.03223068 0.04123068 "" "" 3.6812857471965725 "" 0.12048984465638747 ""
32.97128599991 59.99394411756 0.0203 0.023 15.3506 "" "" 507512718889051392 2809.19946 0.3346 0.0358 -0.995 -0.552 0.032 0.039 1.292 7997.1 3.9585 15.404791 1.664607 16.17639 14.511783 "" "" 2523.96875 3231.28882 12972.70191 3.865 4622.3 10.462 12429.0 9.2819 "" "" 0.0027742434546349417 0.0037180644 0.0038653794 0.007583444 32.97128599991 59.99394411756 2809.19946 -0.9949999999999999 -0.552 -0.45980000019073486 -0.13619999480247502 0.03723068 0.04423068 "" "" 6.3854746574558225 "" 0.24164796783006362 ""
33.05505927085 60.17397983277 0.0145 0.0194 14.7234 "" "" 507515811265391616 1897.02283 0.4945 0.0305 4.004 -0.589 0.027 0.033 1.076 8039.4 4.0371 15.416985 1.70146 16.225475 14.524015 "" "" 1805.66907 2003.82227 12827.81858 2.9748 4418.0 9.2309 12290.0 8.8032 "" "" 0.0027668004856973008 0.0035960022 0.003858568 0.0074545704 33.05505927085 60.17397983277 1897.02283 4.004 -0.589 4.539199999809265 -0.17319999480247494 0.03223068 0.03823068 "" "" 40.8456805460702 "" 1.3168734107358955 ""
33.38528899178 59.77350100014 0.0174 0.0201 16.4677 "" "" 507315975030697600 2519.7793 0.3664 0.0294 -1.285 -0.977 0.026 0.031 0.995 9645.9 4.0786 15.41719 1.230791 15.944913 14.714122 "" "" 2349.91992 2658.40405 12825.39949 3.1931 5720.7 7.0409 10316.0 7.4184 "" "" 0.0027685480275626293 0.0030936613 0.0038591877 0.006952849 33.38528899178 59.77350100014 2519.7793 -1.285 -0.977 -0.7498000001907348 -0.561199994802475 0.031230679 0.03623068 "" "" 11.186047497331584 "" 0.37040308307136194 ""
33.43340239679 60.08627869328 0.0158 0.0199 2.7812 "" "" 507347379832360064 2191.69336 0.419 0.03 -1.059 -0.415 0.027 0.034 0.996 10062.9 3.5029 15.446718 1.652497 16.216766 14.564269 "" "" 2062.8833 2306.18799 12481.29282 5.0821 4453.6 13.43 11843.0 15.219 "" "" 0.0027905609596036033 0.0043017017 0.0040287 0.008330401 33.43340239679 60.08627869328 2191.69336 -1.059 -0.415 -0.5238000001907348 0.0008000051975250444 0.03223068 0.039230682 "" "" 5.441568923210337 "" 0.17538555942792358 ""
33.39456634403 60.03198888526 0.0161 0.0197 2.4716 "" "" 507346623918132992 2785.55151 0.3236 0.0292 0.104 1.483 0.025 0.033 0.991 "" "" 15.463919 2.397869 16.74511 14.34724 -1.3 2.9 2566.48413 3082.30542 12285.11299 3.4354 2737.6 9.6205 14463.0 10.835 "" "" 0.002771997681995511 0.004726851 0.0038659174 0.008592769 33.39456634403 60.03198888526 2785.55151 0.10399999999999998 1.483 0.6391999998092651 1.8988000051975251 0.030230679 0.03823068 "" "" 26.453259889083238 "" 0.991851504301519 ""
33.78951868902 60.23281775906 0.0144 0.0207 14.7341 "" "" 507354938974881024 2458.54053 0.3839 0.0298 -0.857 -0.143 0.027 0.037 1.006 9252.9 3.5588 15.469912 1.28607 16.024494 14.738424 "" "" 2284.36279 2688.2522 12217.49127 2.607 5316.4 11.329 10088.0 8.8451 "" "" 0.0027650431697249793 0.0036246434 0.003897431 0.0075220745 33.78951868902 60.23281775906 2458.54053 -0.857 -0.143 -0.32180000019073485 0.272800005197525 0.03223068 0.04223068 "" "" 4.916265355464845 "" 0.18064683476655924 ""
33.66357552723 59.84740669526 0.0191 0.0227 13.1309 "" "" 507305804548308736 2616.1189 0.3622 0.0315 -1.912 -0.856 0.028 0.04 1.026 8249.3 3.4951 15.511278 1.379827 16.125858 14.746032 "" "" 2434.37329 2814.4397 11760.76174 3.2328 4842.5 11.215 10017.0 11.621 "" "" 0.002771436487889261 0.0037560386 0.0039837547 0.0077397935 33.66357552723 59.84740669526 2616.1189 -1.9119999999999995 -0.8559999999999999 -1.3768000001907348 -0.44019999480247496 0.03323068 0.04523068 "" "" 17.924285927668812 "" 0.6187385676163696 ""
33.31579255827 60.21902345403 0.0151 0.0209 11.4849 "" "" 507537938937912320 2434.71826 0.3831 0.0325 -0.819 -0.548 0.028 0.034 1.089 9269.4 3.6897 15.519865 1.583881 16.246824 14.662943 "" "" 2270.7959 2626.82202 11668.11882 2.5962 4332.0 7.0099 10814.0 9.038 "" "" 0.0027658905387934036 0.0032972344 0.0038867912 0.007184026 33.31579255827 60.21902345403 2434.71826 -0.819 -0.548 -0.2838000001907348 -0.13219999480247502 0.03323068 0.039230682 "" "" 3.6131234949137756 "" 0.12420935605695141 ""
33.65412191854 59.98812860864 0.0185 0.0225 6.3894 "" "" 507342741267941632 2408.76636 0.3859 0.032 -0.973 -0.488 0.026 0.039 1.036 9522.1 4.0191 15.522256 1.37797 16.131191 14.753222 "" "" 2235.69067 2578.52271 11642.44667 3.4046 4818.8 9.1199 9951.1 8.8197 "" "" 0.0027735530941955613 0.0034651647 0.003899966 0.007365131 33.65412191854 59.98812860864 2408.76636 -0.9730000000000001 -0.488 -0.43780000019073484 -0.07219999480247496 0.031230679 0.04423068 "" "" 5.066122321890444 "" 0.16031129056798343 ""
33.20852808467 59.81418110674 0.019 0.0212 15.9413 "" "" 507314291403502592 2690.69751 0.3399 0.0309 0.145 -0.399 0.028 0.033 1.003 9255.4 3.6636 15.544749 1.073455 15.992051 14.918596 "" "" 2479.13037 2964.77856 11403.73624 2.8825 5477.7 9.4439 8545.1 9.5138 "" "" 0.0027689540230069927 0.0033599068 0.0039679934 0.0073279003 33.20852808467 59.81418110674 2690.69751 0.14500000000000002 -0.399 0.6801999998092652 0.016800005197525003 0.03323068 0.03823068 "" "" 8.677852623671088 "" 0.2883993929757591 ""
33.55633479982 59.88102886887 0.0206 0.0252 10.1151 "" "" 507318552011239296 2487.89624 0.3755 0.0368 0.681 -0.444 0.031 0.048 1.186 "" "" 15.552984 1.421295 16.130804 14.709509 "" "" 2272.83057 2682.99658 11317.5674 4.4502 4820.5 15.83 10360.0 48.223 "" "" 0.0027881990001453407 0.0045274063 0.006310682 0.010838088 33.55633479982 59.88102886887 2487.89624 0.6809999999999999 -0.4439999999999998 1.2161999998092652 -0.02819999480247498 0.03623068 0.05323068 "" "" 14.34604930678258 "" 0.5199288857381482 ""
33.35086277901 59.8234338277 0.0442 0.0517 13.7586 "" "" 507319617162934784 2353.86987 0.4244 0.0737 0.009 -0.933 0.065 0.08 2.492 9203.5 3.5596 15.555389 1.269076 16.092007 14.82293 "" "" 2046.24512 2772.86133 11292.5227 6.9384 4995.9 10.305 9332.2 12.39 "" "" 0.002834927739894581 0.0035777902 0.00404495 0.00762274 33.35086277901 59.8234338277 2353.86987 0.009000000000000064 -0.9329999999999999 0.5441999998092651 -0.517199994802475 0.07023068 0.08523068 "" "" 8.37655307797132 "" 0.6509517990168135 ""
33.56613687284 60.02224741648 0.0178 0.0206 3.0857 "" "" 507346005442841472 2223.81201 0.4124 0.0306 -0.595 -0.459 0.026 0.035 0.999 10227.1 3.942 15.557157 1.22004 16.075285 14.855245 "" "" 2082.95532 2378.52832 11274.16069 7.6019 5073.4 12.6 9058.6 18.072 "" "" 0.0028509190787532075 0.0038802067 0.00435609 0.0082362965 33.56613687284 60.02224741648 2223.81201 -0.595 -0.4590000000000001 -0.05980000019073484 -0.043199994802474995 0.031230679 0.04023068 "" "" 0.7776189528182511 "" 0.02689147456106892 ""
32.97252234953 60.08796812756 0.0158 0.0201 15.217 "" "" 507513646601921280 2783.15405 0.3304 0.0309 -2.244 0.779 0.027 0.036 1.003 8402.7 3.1763 15.56645 1.732337 16.388798 14.656461 "" "" 2563.13208 3057.56787 11178.06921 3.3316 3801.0 10.184 10879.0 9.6351 "" "" 0.002774257964185407 0.004030803 0.0038997936 0.007930597 32.97252234953 60.08796812756 2783.15405 -2.244 0.7789999999999999 -1.708800000190735 1.194800005197525 0.03223068 0.04123068 "" "" 27.506643885721875 "" 0.974803277111465 ""
32.95412800223 60.14615883117 0.0152 0.0215 16.685 "" "" 507515983064099200 1908.40698 0.4987 0.0329 1.668 -1.087 0.027 0.041 1.034 8054.3 3.4372 15.566505 1.419745 16.201876 14.78213 "" "" 1765.20349 2037.90198 11177.50208 2.6072 4515.1 8.8425 9689.6 10.147 "" "" 0.002766934453487711 0.0035080414 0.003946704 0.0074547455 32.95412800223 60.14615883117 1908.40698 1.6680000000000001 -1.0870000000000002 2.2031999998092653 -0.6711999948024749 0.03223068 0.04623068 "" "" 20.834143208021935 "" 0.7010021076206507 ""
