Clusters/COIN-Gaia_35/COIN-Gaia_35_stars_in_region.tsv
# %ECSV 1.0
# ---
# datatype:
# - name: RA_ICRS_1
#   unit: deg
#   datatype: float64
#   format: '{:15.11f}'
#   description: Right ascension (ICRS) at Ep=2016.0 (ra)
#   meta: !!omap
#   - {ucd: POS_EQ_RA_MAIN}
#   - {width: 15}
#   - {precision: '11'}
# - name: DE_ICRS_1
#   unit: deg
#   datatype: float64
#   format: '{:15.11f}'
#   description: Declination (ICRS) at Ep=2016.0 (dec)
#   meta: !!omap
#   - {ucd: POS_EQ_DEC_MAIN}
#   - {width: 15}
#   - {precision: '11'}
# - name: e_RA_ICRS
#   unit: mas
#   datatype: float64
#   format: '{:7.4f}'
#   description: Standard error of right ascension (ra_error)
#   meta: !!omap
#   - {ucd: ERROR}
#   - {width: 7}
#   - {precision: '4'}
# - name: e_DE_ICRS
#   unit: mas
#   datatype: float64
#   format: '{:7.4f}'
#   description: Standard error of declination (dec_error)
#   meta: !!omap
#   - {ucd: ERROR}
#   - {width: 7}
#   - {precision: '4'}
# - name: _r_1
#   unit: ''
#   datatype: float64
#   format: '{:7.4f}'
#   description: Distance from center (033.47321678000+60.04439906000)[ICRS], at Epoch=J2016.0
#   meta: !!omap
#   - {ucd: POS_ANG_DIST_GENERAL}
#   - {width: 7}
#   - {precision: '4'}
# - name: HIP
#   datatype: int32
#   description: '? HIP cross-id number, van Leeuwen, Cat. I/311 (hip_original_ext_source_id)'
#   meta: !!omap
#   - {ucd: ID_NUMBER}
#   - {width: 6}
#   - values: {'null': -2147483648}
# - name: TYC2
#   datatype: string
#   description: Tycho-2 cross-id name, Hog et al., Cat. I/259 (tyc2_original_ext_source_id)
#   meta: !!omap
#   - {ucd: ID_CROSSID}
#   - {_votable_string_dtype: char}
# - name: Source
#   datatype: int64
#   description: Source identifier, identical to the Gaia-EDR3 source_id (id)
#   meta: !!omap
#   - {ucd: ID_MAIN}
#   - {width: 19}
# - name: rgeo
#   unit: pc
#   datatype: float64
#   format: '{:15.8f}'
#   description: '? Median of the geometric distance posterior (r_med_geo)'
#   meta: !!omap
#   - {ucd: PHYS_DISTANCE_TRUE}
#   - {width: 15}
#   - {precision: '8'}
#   - values: {'null': .nan}
# - name: Plx
#   unit: mas
#   datatype: float64
#   format: '{:9.4f}'
#   description: '? Parallax (parallax)'
#   meta: !!omap
#   - {ucd: POS_PARLX_TRIG}
#   - {width: 9}
#   - {precision: '4'}
#   - values: {'null': .nan}
# - name: e_Plx
#   unit: mas
#   datatype: float32
#   format: '{:7.4f}'
#   description: '? Standard error of parallax (parallax_error)'
#   meta: !!omap
#   - {ucd: ERROR}
#   - {width: 7}
#   - {precision: '4'}
#   - values: {'null': .nan}
# - name: pmRA
#   unit: mas / yr
#   datatype: float64
#   format: '{:9.3f}'
#   description: '? Proper motion in right ascension direction, pmRA*cosDE (pmra)'
#   meta: !!omap
#   - {ucd: POS_EQ_PMRA}
#   - {width: 9}
#   - {precision: '3'}
#   - values: {'null': .nan}
# - name: pmDE
#   unit: mas / yr
#   datatype: float64
#   format: '{:9.3f}'
#   description: '? Proper motion in declination direction (pmdec)'
#   meta: !!omap
#   - {ucd: POS_EQ_PMDEC}
#   - {width: 9}
#   - {precision: '3'}
#   - values: {'null': .nan}
# - name: e_pmRA
#   unit: mas / yr
#   datatype: float32
#   format: '{:6.3f}'
#   description: '? Standard error of proper motion in right ascension direction (pmra_error)'
#   meta: !!omap
#   - {ucd: ERROR}
#   - {width: 6}
#   - {precision: '3'}
#   - values: {'null': .nan}
# - name: e_pmDE
[...]
#         value: !astropy.table.SerializedColumn {name: SkyCoord.dec}
#       distance: !astropy.table.SerializedColumn
#         __class__: astropy.coordinates.distances.Distance
#         unit: !astropy.units.Unit {unit: pc}
#         value: !astropy.table.SerializedColumn {name: SkyCoord.distance}
#       frame: icrs
#       obstime: !astropy.time.Time {format: jyear_str, in_subfmt: '*', jd1: 367701545.0, jd2: 0.0, out_subfmt: '*', precision: 3, scale: tt}
#       pm_dec: !astropy.table.SerializedColumn
#         __class__: astropy.units.quantity.Quantity
#         unit: !astropy.units.Unit {unit: mas / yr}
#         value: !astropy.table.SerializedColumn {name: SkyCoord.pm_dec}
#       pm_ra_cosdec: !astropy.table.SerializedColumn
#         __class__: astropy.units.quantity.Quantity
#         unit: !astropy.units.Unit {unit: mas / yr}
#         value: !astropy.table.SerializedColumn {name: SkyCoord.pm_ra_cosdec}
#       ra: !astropy.table.SerializedColumn
#         __class__: astropy.coordinates.angles.Longitude
#         unit: *id001
#         value: !astropy.table.SerializedColumn {name: SkyCoord.ra}
#         wrap_angle: !astropy.coordinates.Angle
#           unit: *id001
#           value: 360.0
#       representation_type: spherical
# schema: astropy-2.0
RA_ICRS_1 DE_ICRS_1 e_RA_ICRS e_DE_ICRS _r_1 HIP TYC2 Source rgeo Plx e_Plx pmRA pmDE e_pmRA e_pmDE RUWE Teff logg Gmag BP-RP BPmag RPmag RV e_RV b_rgeo B_rgeo FG e_FG FBP e_FBP FRP e_FRP RAVE5 RAVE6 e_Gmag e_BPmag e_RPmag e_BP-RP SkyCoord.ra SkyCoord.dec SkyCoord.distance SkyCoord.pm_ra_cosdec SkyCoord.pm_dec rmRA rmDE e_rmRA e_rmDE rRV e_rRV v_pec v_pec3d e_vpec e_vpec3d
[from data line 285]
33.82447197764 60.09836331049 0.0262 0.0345 11.0021 "" "" 507350197331077888 2342.77344 0.4041 0.0485 -0.524 -0.497 0.043 0.055 0.985 9253.5 4.32 16.480698 1.573955 17.21125 15.637296 "" "" 2087.21338 2604.64624 4815.79498 1.9822 1782.0 8.2795 4408.0 8.5547 "" "" 0.0027913263862036964 0.005764749 0.004327083 0.010091832 33.82447197764 60.09836331049 2342.77344 -0.524 -0.49700000000000005 0.011199999809265115 -0.08119999480247497 0.04823068 0.06023068 "" "" 0.9102423724164055 "" 0.05464059482932258 ""
33.73117959868 60.05128331036 0.0341 0.046 7.7387 "" "" 507344527974289152 2247.49268 0.4248 0.0639 -1.357 -0.079 0.052 0.081 1.224 9249.2 4.1861 16.481115 1.629721 17.22279 15.593069 "" "" 2002.97461 2530.77368 4813.93588 3.1579 1763.2 6.4727 4591.2 7.4349 "" "" 0.0028458857919808726 0.004865297 0.0041683405 0.009033637 33.73117959868 60.05128331036 2247.49268 -1.3570000000000002 -0.0789999999999999 -0.8218000001907348 0.336800005197525 0.05723068 0.08623068 "" "" 9.461438778813301 "" 0.5888669622151748 ""
33.27338597564 59.8732471563 0.029 0.0331 11.8947 "" "" 507320712376907776 1888.52136 0.5228 0.0466 3.943 -4.157 0.044 0.053 1.007 6317.6 4.2443 16.483103 1.86873 17.402565 15.533835 "" "" 1704.98523 2055.29761 4805.13548 2.3072 1494.1 9.4639 4848.7 9.102 "" "" 0.0028042045798978466 0.007421699 0.0042939233 0.011715623 33.27338597564 59.8732471563 1888.52136 3.9430000000000005 -4.157 4.478199999809265 -3.741199994802475 0.04923068 0.05823068 "" "" 52.23531746603263 "" 2.774480754619254 ""
33.50181277469 60.18928817834 0.0249 0.0333 8.7353 "" "" 507349269617952000 2817.83032 0.3483 0.0503 -0.4 -1.189 0.046 0.056 1.054 9245.7 3.908 16.483366 1.693912 17.287294 15.593382 "" "" 2468.65601 3242.23218 4803.97084 1.7181 1661.5 6.8833 4589.9 9.8263 "" "" 0.002782547350331911 0.005293124 0.004436955 0.009730078 33.50181277469 60.18928817834 2817.83032 -0.3999999999999996 -1.189 0.13519999980926511 -0.773199994802475 0.05123068 0.06123068 "" "" 10.483948318703659 "" 0.6390765193950713 ""
33.57003006722 60.22799563753 0.0247 0.0331 11.3892 "" "" 507349750654283648 2135.2395 0.4542 0.0517 -2.47 -1.758 0.045 0.054 0.988 7894.8 4.3304 16.487984 1.807395 17.365309 15.557914 "" "" 1901.39966 2411.74634 4783.57893 1.8447 1546.3 6.8165 4742.3 6.3985 "" "" 0.0027869507277724207 0.0055401153 0.004053358 0.009593474 33.57003006722 60.22799563753 2135.2395 -2.4700000000000006 -1.7580000000000005 -1.934800000190735 -1.342199994802475 0.050230682 0.05923068 "" "" 23.832731863779873 "" 1.2707982189115006 ""
32.92374278147 60.1251807099 0.0256 0.0337 17.1414 "" "" 507514471235623168 2428.92505 0.3915 0.0505 -0.947 -0.153 0.043 0.059 1.035 9230.7 3.471 16.497244 1.675254 17.285814 15.61056 "" "" 2157.81372 2735.91382 4742.95382 1.8618 1663.8 8.0131 4517.9 7.7 "" "" 0.0027880874537821653 0.0059268987 0.0042080767 0.010134975 32.92374278147 60.1251807099 2428.92505 -0.9470000000000002 -0.15300000000000002 -0.4118000001907348 0.262800005197525 0.04823068 0.06423068 "" "" 5.624279318854793 "" 0.3000933161084141 ""
33.77084715306 60.28799034511 0.0224 0.0355 17.1037 "" "" 507356725681252224 1894.04602 0.5218 0.0502 1.638 -0.978 0.04 0.063 1.034 7164.4 4.3417 16.507225 1.702643 17.322231 15.619588 "" "" 1733.3125 2117.38574 4699.55891 1.6068 1608.9 5.4468 4480.5 6.3329 "" "" 0.0027802144170230494 0.0046147164 0.004079066 0.008693783 33.77084715306 60.28799034511 1894.04602 1.6379999999999997 -0.978 2.173199999809265 -0.562199994802475 0.04523068 0.06823068 "" "" 20.152796499279887 "" 0.9472897565096653 ""
33.22419584632 59.81905513092 0.029 0.0332 15.4547 "" "" 507319411004514432 2790.35303 0.3301 0.048 -1.239 0.144 0.042 0.053 0.986 "" "" 16.50929 1.141019 16.993954 15.852935 "" "" 2454.4624 3166.50269 4690.61956 1.9057 2176.9 7.0646 3614.0 7.7366 "" "" 0.002790406593129292 0.004494447 0.0044368855 0.008931332 33.22419584632 59.81905513092 2790.35303 -1.239 0.14399999999999996 -0.703800000190735 0.559800005197525 0.04723068 0.05823068 "" "" 11.894166994335297 "" 0.6157764506552145 ""
33.17018973121 60.06149325216 0.0258 0.0317 9.134 "" "" 507511653737103744 2162.11865 0.4417 0.0471 0.634 -0.494 0.046 0.057 1.002 7181.3 4.2981 16.509453 1.833078 17.403223 15.570145 "" "" 1986.31726 2392.1499 4689.9252 1.7913 1493.2 7.2679 4689.2 7.1865 "" "" 0.002786352403048379 0.005975989 0.004129466 0.010105455 33.17018973121 60.06149325216 2162.11865 0.6340000000000002 -0.4939999999999996 1.169199999809265 -0.07819999480247497 0.05123068 0.06223068 "" "" 12.009250040582328 "" 0.615893172820992 ""
33.51264334047 59.88094595531 0.0324 0.0385 9.8784 "" "" 507318208413628416 1982.30029 0.4832 0.0552 -0.778 -3.952 0.047 0.075 1.049 7442.9 4.3651 16.518152 1.700562 17.327553 15.626991 "" "" 1788.2406 2227.86597 4652.49804 1.9693 1601.0 5.8352 4450.0 6.4584 "" "" 0.002793383673113517 0.004841955 0.004094721 0.008936675 33.51264334047 59.88094595531 1982.30029 -0.778 -3.952 -0.2428000001907349 -3.536199994802475 0.05223068 0.08023068 "" "" 33.30472963316046 "" 2.6684466297281255 ""
33.68480685377 59.98330148956 0.0312 0.039 7.3279 "" "" 507342088432914048 2765.24268 0.325 0.0549 0.865 1.379 0.044 0.069 1.067 7199.2 3.4961 16.518211 2.77451 18.084286 15.309775 "" "" 2412.77905 3261.20044 4652.24491 2.7524 797.45 5.5971 5960.0 7.2387 "" "" 0.0028292058735814355 0.008115243 0.0040028286 0.012118071 33.68480685377 59.98330148956 2765.24268 0.8649999999999999 1.379 1.4001999998092651 1.794800005197525 0.04923068 0.07423068 "" "" 29.836970722959702 "" 1.966164274329122 ""
33.30106227223 59.80578329316 0.0402 0.0451 15.224 "" "" 507319170486351872 2308.13794 0.4378 0.0696 -1.491 1.619 0.061 0.075 1.289 "" "" 16.533438 1.416081 17.152548 15.736466 "" "" 2022.60815 2777.2395 4587.44991 2.6802 1881.0 9.172 4023.2 8.1621 "" "" 0.002827396871960274 0.005984438 0.0043744254 0.0103588635 33.30106227223 59.80578329316 2308.13794 -1.491000000000001 1.6190000000000002 -0.955800000190735 2.034800005197525 0.06623068 0.08023068 "" "" 24.595531028711463 "" 1.9156621807376129 ""
33.48694755864 60.08000655884 0.028 0.0353 2.1757 "" "" 507347139314192384 2209.82422 0.4363 0.0527 -2.276 1.04 0.046 0.058 1.056 9025.6 4.2777 16.5379 1.569934 17.26599 15.696055 "" "" 1998.04272 2518.89014 4568.63112 1.8051 1694.4 7.0599 4175.8 6.6016 "" "" 0.0027885148925008256 0.0053150863 0.004150899 0.009465985 33.48694755864 60.08000655884 2209.82422 -2.276 1.04 -1.7408000001907347 1.455800005197525 0.05123068 0.06323068 "" "" 23.769970923528064 "" 1.342499620744902 ""
33.60568278278 59.80953349523 0.0307 0.0376 14.6439 "" "" 507317005823245312 2334.81494 0.4161 0.0517 -0.585 -0.891 0.044 0.065 1.018 9373.2 4.3654 16.550413 1.527575 17.25175 15.724176 "" "" 2103.95776 2742.43774 4516.28929 2.179 1716.8 6.8879 4069.0 8.5825 "" "" 0.0028046745160528923 0.005173016 0.004419071 0.009592087 33.60568278278 59.80953349523 2334.81494 -0.585 -0.891 -0.04980000019073483 -0.475199994802475 0.04923068 0.07023068 "" "" 5.287849386196074 "" 0.37034186348144804 ""
32.92877655202 59.98097139086 0.0422 0.0497 16.7646 "" "" 507512645868389888 2082.70459 0.4701 0.0748 0.586 -0.611 0.062 0.082 1.705 13804.6 4.4858 16.560305 1.671784 17.266968 15.595183 "" "" 1832.15637 2394.66821 4475.32712 3.3468 1692.9 8.7688 4582.3 8.1044 "" "" 0.0028724644831960963 0.00627795 0.0042392397 0.010517189 32.92877655202 59.98097139086 2082.70459 0.586 -0.6110000000000002 1.121199999809265 -0.19519999480247496 0.06723068 0.08723068 "" "" 11.235002477399714 "" 0.7628927099510853 ""
33.96456063429 60.168698492 0.0261 0.0365 16.4772 "" "" 507352121476362752 2649.92847 0.3621 0.0504 1.681 -1.005 0.048 0.06 0.987 7508.4 4.0544 16.562828 1.713083 17.362904 15.64982 "" "" 2288.8374 3080.60889 4464.9371 1.8982 1549.7 6.6267 4357.4 8.9961 "" "" 0.0027937160481017564 0.005416645 0.004394125 0.00981077 33.96456063429 60.168698492 2649.92847 1.6810000000000003 -1.005 2.216199999809265 -0.5891999948024749 0.05323068 0.065230675 "" "" 28.80392373637731 "" 1.5584357547444048 ""
33.20508615168 59.9675146285 0.03 0.0337 9.2715 "" "" 507508900659518464 2249.16431 0.4437 0.0509 -1.149 -0.66 0.046 0.057 0.969 "" "" 16.565634 1.76135 17.413132 15.651782 "" "" 1987.91565 2676.14478 4453.41563 2.0516 1479.7 5.6539 4349.6 8.8392 "" "" 0.0028003511399181166 0.004999571 0.004376301 0.009375872 33.20508615168 59.9675146285 2249.16431 -1.149 -0.6599999999999997 -0.6138000001907349 -0.244199994802475 0.05123068 0.06223068 "" "" 7.0426154187405725 "" 0.37233642685345036 ""
33.82151353938 59.82849385153 0.0307 0.0384 16.6557 "" "" 507328275818178944 2804.27368 0.351 0.0539 -2.845 2.88 0.046 0.063 0.982 "" "" 16.565697 1.921157 17.526697 15.60554 "" "" 2394.10962 3318.55615 4453.1544 2.0854 1332.7 8.1667 4538.8 7.5786 "" "" 0.0028018401172971693 0.0072146896 0.0041916952 0.011406384 33.82151353938 59.82849385153 2804.27368 -2.8449999999999998 2.88 -2.309800000190735 3.295800005197525 0.05123068 0.06823068 "" "" 53.496131711190806 "" 3.377678210677816 ""
33.9549414986 60.0091989514 0.0316 0.0369 14.5936 "" "" 507331883590585088 2008.71692 0.4744 0.0533 8.721 -7.335 0.044 0.058 1.019 5001.7 4.1749 16.565699 1.935093 17.526749 15.591656 "" "" 1803.63 2295.1604 4453.1487 2.0438 1332.7 7.0265 4597.2 6.8211 "" "" 0.002800017430671363 0.006368199 0.0041083973 0.010476597 33.9549414986 60.0091989514 2008.71692 8.721 -7.334999999999997 9.256199999809265 -6.919199994802475 0.04923068 0.06323068 "" "" 110.0330621931125 "" 6.014758675877011 ""
33.78886852788 59.81917959859 0.0327 0.038 16.512 "" "" 507328207098706688 2679.8396 0.3614 0.0551 -1.669 -0.009 0.046 0.062 0.944 7452.2 4.3773 16.578176 1.661992 17.360838 15.698846 "" "" 2269.34033 3118.51953 4402.26708 2.1254 1552.7 6.3084 4165.0 9.2128 "" "" 0.0028047396279552543 0.005219546 0.004477881 0.009697427 33.78886852788 59.81917959859 2679.8396 -1.669 -0.009000000000000221 -1.133800000190735 0.406800005197525 0.05123068 0.06723068 "" "" 15.30097673846756 "" 0.8155222739164224 ""
33.62147186274 60.11532250948 0.027 0.0359 6.1477 "" "" 507347895228425984 2089.73706 0.4547 0.0508 -4.778 -0.189 0.046 0.065 1.039 7175.3 4.1285 16.581236 1.93703 17.546978 15.609948 "" "" 1868.67163 2360.77173 4389.88012 1.7566 1308.1 6.6497 4520.4 7.1982 "" "" 0.0027893619899161514 0.0061844904 0.004156061 0.010340551 33.62147186274 60.11532250948 2089.73706 -4.777999999999999 -0.1889999999999995 -4.242800000190734 0.22680000519752502 0.05123068 0.07023068 "" "" 42.0864362405574 "" 2.158816009586128 ""
33.39312733436 59.82104953233 0.0318 0.0356 13.6155 "" "" 507316627865696000 2518.63452 0.373 0.0509 -2.351 1.293 0.047 0.057 1.053 5350.6 4.1773 16.581236 1.97884 17.569548 15.590708 "" "" 2248.11475 2874.15405 4389.88013 2.0748 1281.1 6.7265 4601.2 10.175 "" "" 0.002802698094689658 0.0063469177 0.0044775447 0.010824462 33.39312733436 59.82104953233 2518.63452 -2.351 1.2929999999999997 -1.8158000001907348 1.708800005197525 0.05223068 0.06223068 "" "" 29.76722608886851 "" 1.7010698532233783 ""
33.38656344849 59.83346605411 0.0303 0.0346 12.9212 "" "" 507316696585165952 2635.66187 0.3639 0.0499 -2.373 -1.023 0.045 0.055 1.021 9251.9 4.1975 16.589386 1.464806 17.250967 15.786161 "" "" 2291.19067 3118.14844 4357.04544 2.0444 1718.0 9.5263 3843.2 10.397 "" "" 0.002802021505321975 0.006635532 0.0047865543 0.0114220865 33.38656344849 59.83346605411 2635.66187 -2.3730000000000007 -1.023 -1.837800000190735 -0.6071999948024749 0.050230682 0.06023068 "" "" 24.18040408702423 "" 1.240488838582275 ""
33.20917814128 60.17466763678 0.0249 0.0339 11.1095 "" "" 507536152231532928 2310.21997 0.4069 0.0525 -0.92 -1.721 0.047 0.058 0.966 8978.2 4.2004 16.593874 1.762334 17.437363 15.675029 "" "" 2097.60596 2564.98511 4339.07423 1.584 1447.0 6.5181 4257.4 8.0061 "" "" 0.002783681965566122 0.005630687 0.00429563 0.009926317 33.20917814128 60.17466763678 2310.21997 -0.9199999999999995 -1.7209999999999988 -0.3848000001907349 -1.305199994802475 0.05223068 0.06323068 "" "" 14.900724329960054 "" 0.9301385855891815 ""
33.48550817472 60.01608027334 0.0292 0.0349 1.7386 "" "" 507345868003892096 1942.4281 0.4889 0.0507 -0.779 0.052 0.044 0.059 1.026 9203.4 4.3257 16.595795 1.497323 17.277134 15.779811 "" "" 1790.00098 2127.16528 4331.40364 1.8449 1677.1 9.0889 3865.8 9.4392 "" "" 0.002793859882687702 0.0065120766 0.0046164775 0.011128554 33.48550817472 60.01608027334 1942.4281 -0.7790000000000001 0.05200000000000008 -0.2438000001907349 0.467800005197525 0.04923068 0.06423068 "" "" 4.856916217294218 "" 0.2979019246594567 ""
33.40476338556 60.28310132882 0.0232 0.0329 14.4672 "" "" 507538626132647296 2354.9519 0.3931 0.0502 -1.009 -0.434 0.041 0.056 1.037 8450.2 4.2895 16.600826 1.841605 17.50129 15.659684 "" "" 2069.32251 2704.52271 4311.38067 1.5548 1364.3 4.4867 4318.0 5.5895 "" "" 0.002783001517621407 0.004531473 0.0040322463 0.00856372 33.40476338556 60.28310132882 2354.9519 -1.009 -0.43399999999999994 -0.47380000019073476 -0.018199994802474972 0.04623068 0.06123068 "" "" 5.292679715755376 "" 0.24482009853522774 ""
33.11158236531 60.16219418522 0.0253 0.0335 12.9197 "" "" 507515570747226240 2749.44678 0.34 0.0528 -0.272 4.09 0.047 0.059 0.943 6916.4 3.6704 16.601234 2.530307 17.984842 15.454536 "" "" 2401.34961 3245.56201 4309.75982 1.8818 873.94 5.6166 5216.1 7.3866 "" "" 0.002795806513963347 0.007514933 0.0040801615 0.011595095 33.11158236531 60.16219418522 2749.44678 -0.2719999999999987 4.089999999999998 0.2631999998092651 4.505800005197525 0.05223068 0.06423068 "" "" 58.82138524393054 "" 3.7759608949491925 ""
33.78839021734 60.20521142869 0.0256 0.0366 13.4842 "" "" 507351846598442752 2494.64282 0.3907 0.0535 -0.778 -0.693 0.048 0.066 0.993 9347.2 3.9855 16.60245 1.520062 17.293715 15.773652 "" "" 2237.57007 2791.48877 4304.93751 1.6772 1651.7 6.7275 3887.7 7.1466 "" "" 0.0027876011177164354 0.0052289255 0.004274015 0.00950294 33.78839021734 60.20521142869 2494.64282 -0.7779999999999998 -0.6929999999999993 -0.2428000001907349 -0.2771999948024749 0.05323068 0.07123068 "" "" 4.357358477292114 "" 0.27904846565301805 ""
33.28934189528 60.23290743449 0.0262 0.0366 12.5738 "" "" 507538145096337152 2092.96411 0.4631 0.0583 6.62 -9.726 0.048 0.062 1.115 7659.7 4.2692 16.602684 1.957037 17.568539 15.611502 "" "" 1887.68115 2537.33911 4304.0063 1.7339 1282.3 6.2542 4514.0 8.9468 "" "" 0.0027898217183341912 0.0059855906 0.0043490897 0.01033468 33.28934189528 60.23290743449 2092.96411 6.619999999999994 -9.725999999999997 7.155199999809265 -9.310199994802476 0.05323068 0.06723068 "" "" 116.4891778806074 "" 7.2689079999668795 ""
33.29055032571 60.1056498973 0.0307 0.0384 6.5879 "" "" 507534880924112768 2230.27026 0.4312 0.0579 -3.431 -1.308 0.054 0.068 1.052 6503.4 3.849 16.603725 2.254371 17.790827 15.536456 "" "" 1987.05469 2521.83057 4299.88436 1.8409 1044.9 5.6219 4837.0 7.3285 "" "" 0.002794254797238181 0.0064737527 0.0041218586 0.010595611 33.29055032571 60.1056498973 2230.27026 -3.430999999999999 -1.307999999999999 -2.895800000190735 -0.892199994802475 0.05923068 0.073230684 "" "" 32.0329455192186 "" 1.940321226724124 ""
