Clusters/COIN-Gaia_35/COIN-Gaia_35_stars_in_region.tsv
# %ECSV 1.0
# ---
# datatype:
# - name: RA_ICRS_1
#   unit: deg
#   datatype: float64
#   format: '{:15.11f}'
#   description: Right ascension (ICRS) at Ep=2016.0 (ra)
#   meta: !!omap
#   - {ucd: POS_EQ_RA_MAIN}
#   - {width: 15}
#   - {precision: '11'}
# - name: DE_ICRS_1
#   unit: deg
#   datatype: float64
#   format: '{:15.11f}'
#   description: Declination (ICRS) at Ep=2016.0 (dec)
#   meta: !!omap
#   - {ucd: POS_EQ_DEC_MAIN}
#   - {width: 15}
#   - {precision: '11'}
# - name: e_RA_ICRS
#   unit: mas
#   datatype: float64
#   format: '{:7.4f}'
#   description: Standard error of right ascension (ra_error)
#   meta: !!omap
#   - {ucd: ERROR}
#   - {width: 7}
#   - {precision: '4'}
# - name: e_DE_ICRS
#   unit: mas
#   datatype: float64
#   format: '{:7.4f}'
#   description: Standard error of declination (dec_error)
#   meta: !!omap
#   - {ucd: ERROR}
#   - {width: 7}
#   - {precision: '4'}
# - name: _r_1
#   unit: ''
#   datatype: float64
#   format: '{:7.4f}'
#   description: Distance from center (033.47321678000+60.04439906000)[ICRS], at Epoch=J2016.0
#   meta: !!omap
#   - {ucd: POS_ANG_DIST_GENERAL}
#   - {width: 7}
#   - {precision: '4'}
# - name: HIP
#   datatype: int32
#   description: '? HIP cross-id number, van Leeuwen, Cat. I/311 (hip_original_ext_source_id)'
#   meta: !!omap
#   - {ucd: ID_NUMBER}
#   - {width: 6}
#   - values: {'null': -2147483648}
# - name: TYC2
#   datatype: string
#   description: Tycho-2 cross-id name, Hog et al., Cat. I/259 (tyc2_original_ext_source_id)
#   meta: !!omap
#   - {ucd: ID_CROSSID}
#   - {_votable_string_dtype: char}
# - name: Source
#   datatype: int64
#   description: Source identifier, identical to the Gaia-EDR3 source_id (id)
#   meta: !!omap
#   - {ucd: ID_MAIN}
#   - {width: 19}
# - name: rgeo
#   unit: pc
#   datatype: float64
#   format: '{:15.8f}'
#   description: '? Median of the geometric distance posterior (r_med_geo)'
#   meta: !!omap
#   - {ucd: PHYS_DISTANCE_TRUE}
#   - {width: 15}
#   - {precision: '8'}
#   - values: {'null': .nan}
# - name: Plx
#   unit: mas
#   datatype: float64
#   format: '{:9.4f}'
#   description: '? Parallax (parallax)'
#   meta: !!omap
#   - {ucd: POS_PARLX_TRIG}
#   - {width: 9}
#   - {precision: '4'}
#   - values: {'null': .nan}
# - name: e_Plx
#   unit: mas
#   datatype: float32
#   format: '{:7.4f}'
#   description: '? Standard error of parallax (parallax_error)'
#   meta: !!omap
#   - {ucd: ERROR}
#   - {width: 7}
#   - {precision: '4'}
#   - values: {'null': .nan}
# - name: pmRA
#   unit: mas / yr
#   datatype: float64
#   format: '{:9.3f}'
#   description: '? Proper motion in right ascension direction, pmRA*cosDE (pmra)'
#   meta: !!omap
#   - {ucd: POS_EQ_PMRA}
#   - {width: 9}
#   - {precision: '3'}
#   - values: {'null': .nan}
# - name: pmDE
#   unit: mas / yr
#   datatype: float64
#   format: '{:9.3f}'
#   description: '? Proper motion in declination direction (pmdec)'
#   meta: !!omap
#   - {ucd: POS_EQ_PMDEC}
#   - {width: 9}
#   - {precision: '3'}
#   - values: {'null': .nan}
# - name: e_pmRA
#   unit: mas / yr
#   datatype: float32
#   format: '{:6.3f}'
#   description: '? Standard error of proper motion in right ascension direction (pmra_error)'
#   meta: !!omap
#   - {ucd: ERROR}
#   - {width: 6}
#   - {precision: '3'}
#   - values: {'null': .nan}
# - name: e_pmDE
[...]
#         value: !astropy.table.SerializedColumn {name: SkyCoord.dec}
#       distance: !astropy.table.SerializedColumn
#         __class__: astropy.coordinates.distances.Distance
#         unit: !astropy.units.Unit {unit: pc}
#         value: !astropy.table.SerializedColumn {name: SkyCoord.distance}
#       frame: icrs
#       obstime: !astropy.time.Time {format: jyear_str, in_subfmt: '*', jd1: 367701545.0, jd2: 0.0, out_subfmt: '*', precision: 3, scale: tt}
#       pm_dec: !astropy.table.SerializedColumn
#         __class__: astropy.units.quantity.Quantity
#         unit: !astropy.units.Unit {unit: mas / yr}
#         value: !astropy.table.SerializedColumn {name: SkyCoord.pm_dec}
#       pm_ra_cosdec: !astropy.table.SerializedColumn
#         __class__: astropy.units.quantity.Quantity
#         unit: !astropy.units.Unit {unit: mas / yr}
#         value: !astropy.table.SerializedColumn {name: SkyCoord.pm_ra_cosdec}
#       ra: !astropy.table.SerializedColumn
#         __class__: astropy.coordinates.angles.Longitude
#         unit: *id001
#         value: !astropy.table.SerializedColumn {name: SkyCoord.ra}
#         wrap_angle: !astropy.coordinates.Angle
#           unit: *id001
#           value: 360.0
#       representation_type: spherical
# schema: astropy-2.0
RA_ICRS_1 DE_ICRS_1 e_RA_ICRS e_DE_ICRS _r_1 HIP TYC2 Source rgeo Plx e_Plx pmRA pmDE e_pmRA e_pmDE RUWE Teff logg Gmag BP-RP BPmag RPmag RV e_RV b_rgeo B_rgeo FG e_FG FBP e_FBP FRP e_FRP RAVE5 RAVE6 e_Gmag e_BPmag e_RPmag e_BP-RP SkyCoord.ra SkyCoord.dec SkyCoord.distance SkyCoord.pm_ra_cosdec SkyCoord.pm_dec rmRA rmDE e_rmRA e_rmDE rRV e_rRV v_pec v_pec3d e_vpec e_vpec3d
[from data line 158]
33.57278610737 59.99021559505 0.0189 0.0223 4.4139 "" "" 507342672548228480 2194.61792 0.4198 0.0328 -1.369 -0.641 0.027 0.042 1.017 7490.1 3.0849 15.592168 1.606812 16.338173 14.731361 "" "" 2027.88965 2383.07568 10916.4004 3.1921 3982.4 7.8635 10153.0 12.048 "" "" 0.0027735510190910963 0.0035186873 0.003992951 0.007511638 33.57278610737 59.99021559505 2194.61792 -1.3690000000000015 -0.6410000000000005 -0.8338000001907349 -0.225199994802475 0.03223068 0.04723068 "" "" 8.984387536098328 "" 0.30065542912932103 ""
33.65786514604 59.9507901281 0.0193 0.0237 7.8889 "" "" 507341573036864896 2597.37378 0.3607 0.0335 -1.012 -0.647 0.028 0.043 1.035 9498.5 3.6842 15.602067 1.318803 16.177286 14.858483 "" "" 2363.47583 2842.77856 10817.32675 3.1905 4618.5 8.7412 9031.6 11.242 "" "" 0.0027738668266181436 0.003465218 0.004013748 0.007478966 33.65786514604 59.9507901281 2597.37378 -1.012 -0.647 -0.4768000001907349 -0.231199994802475 0.03323068 0.04823068 "" "" 6.523864161790261 "" 0.23853547007989315 ""
33.12647018319 59.91531314568 0.0185 0.0213 12.9741 "" "" 507508389562062464 2384.48657 0.3932 0.0328 -1.087 -0.466 0.027 0.037 1.003 9082.2 3.6648 15.636518 1.385031 16.250053 14.865023 "" "" 2212.5752 2555.9751 10479.47443 2.6428 4319.1 7.4493 8977.4 7.5575 "" "" 0.0027688917009594145 0.003360313 0.0038883346 0.0072486475 33.12647018319 59.91531314568 2384.48657 -1.0870000000000002 -0.466 -0.5518000001907348 -0.050199994802475 0.03223068 0.04223068 "" "" 6.262456611137696 "" 0.20243615817115093 ""
33.2870010764 59.95132003409 0.0189 0.0212 7.8995 "" "" 507322675179596416 2540.37671 0.3567 0.0321 -0.272 -0.484 0.03 0.035 1.021 7953.6 3.5002 15.639728 1.445958 16.284468 14.83851 "" "" 2354.32837 2714.07935 10448.54087 3.0092 4184.4 9.7272 9199.3 10.59 "" "" 0.0027730068557205692 0.0037623555 0.0039806915 0.007743047 33.2870010764 59.95132003409 2540.37671 -0.272 -0.484 0.2631999998092651 -0.06819999480247496 0.035230678 0.04023068 "" "" 3.273961276150516 "" 0.11644169143085328 ""
33.9275338886 60.04408917006 0.0189 0.0241 13.6113 "" "" 507338033983730176 2111.40308 0.4427 0.0325 -2.042 -2.446 0.027 0.037 0.974 7440.0 3.1543 15.649334 1.97287 16.630424 14.657555 "" "" 1965.63086 2256.64111 10356.50613 5.6384 3042.6 9.1312 10868.0 19.392 "" "" 0.0028180131649835852 0.004289797 0.004246983 0.00853678 33.9275338886 60.04408917006 2111.40308 -2.042 -2.446000000000002 -1.5068000001907347 -2.030199994802475 0.03223068 0.04223068 "" "" 25.3030720332528 "" 0.9861543169136995 ""
33.87740752713 60.14421177942 0.0175 0.0224 13.493 "" "" 507350742782780544 2652.63696 0.3462 0.0329 -0.73 -0.739 0.03 0.037 0.993 9001.1 3.82 15.650021 1.399693 16.27211 14.872416 "" "" 2444.18433 2888.41406 10349.95385 2.5888 4232.3 7.3165 8916.4 7.276 "" "" 0.002768671261445505 0.003362732 0.0038818424 0.0072445744 33.87740752713 60.14421177942 2652.63696 -0.7299999999999998 -0.7390000000000001 -0.19480000019073485 -0.32319999480247497 0.035230678 0.04223068 "" "" 4.7448140735227655 "" 0.19208829129344943 ""
33.4664535283 60.01319217631 0.0176 0.0208 1.8834 "" "" 507345764924678016 2144.96924 0.4337 0.0305 -0.435 -0.456 0.027 0.035 1.01 9232.0 3.8779 15.664222 1.332478 16.248985 14.916507 "" "" 2014.24377 2273.66602 10215.46636 2.5735 4323.4 7.4391 8561.6 8.5196 "" "" 0.0027688631249189713 0.0033578495 0.003930778 0.0072886273 33.4664535283 60.01319217631 2144.96924 -0.43500000000000033 -0.45600000000000057 0.10019999980926514 -0.04019999480247499 0.03223068 0.04023068 "" "" 1.097679772905989 "" 0.03672205687260155 ""
33.48871528905 59.98420845198 0.0191 0.0218 3.6412 "" "" 507345524406515328 2037.23376 0.4696 0.0311 -2.857 0.375 0.028 0.036 1.043 8863.4 3.59 15.667221 1.454382 16.32077 14.866388 "" "" 1900.19861 2132.89844 10187.28039 2.9194 4046.8 9.3008 8966.1 9.8643 "" "" 0.0027728323405493654 0.0037432418 0.0039636553 0.0077068973 33.48871528905 59.98420845198 2037.23376 -2.856999999999999 0.37499999999999806 -2.321800000190735 0.790800005197525 0.03323068 0.04123068 "" "" 23.68522132313861 "" 0.8088421987136808 ""
33.90462863237 59.87691074279 0.03 0.0361 16.3979 "" "" 507328619415534080 2576.125 0.3752 0.0505 -1.33 -0.978 0.044 0.059 1.477 9378.7 4.042 15.708105 1.407954 16.332575 14.924621 "" "" 2250.54175 2942.14941 9810.80863 4.0152 4003.0 10.128 8497.9 12.976 "" "" 0.002790920582637646 0.003915506 0.0041270205 0.008042526 33.90462863237 59.87691074279 2576.125 -1.3299999999999996 -0.9779999999999999 -0.7948000001907349 -0.562199994802475 0.04923068 0.06423068 "" "" 11.887707173972421 "" 0.6501635197390024 ""
33.65723126728 60.05727436911 0.0183 0.0235 5.5658 "" "" 507344665413242880 2447.12842 0.3764 0.0341 0.315 -1.132 0.029 0.041 0.961 8744.0 3.518 15.714701 1.315966 16.288784 14.972818 "" "" 2250.58691 2672.54248 9751.3897 2.5126 4167.8 9.7929 8128.9 8.8177 "" "" 0.0027694861344610766 0.0037806344 0.0039586346 0.007739269 33.65723126728 60.05727436911 2447.12842 0.3150000000000001 -1.1319999999999992 0.8501999998092651 -0.7161999948024749 0.03423068 0.04623068 "" "" 12.894547846669148 "" 0.5113317426171533 ""
33.78091426876 60.06235313345 0.0187 0.0256 9.2788 "" "" 507344184376894720 2658.14868 0.3394 0.0363 -2.197 -0.025 0.03 0.046 1.017 "" "" 15.729208 2.681783 17.22804 14.546258 -68.05 3.42 2429.76099 2934.40967 9621.95585 3.8011 1754.7 6.417 12041.0 11.824 "" "" 0.002788504373268313 0.0048528877 0.003926887 0.008779775 33.78091426876 60.06235313345 2658.14868 -2.197 -0.02499999999999967 -1.661800000190735 0.390800005197525 0.035230678 0.05123068 "" "" 21.509238157441843 "" 0.7796014495643915 ""
33.57602018909 60.10114478465 0.0175 0.0222 4.5894 "" "" 507347963947906176 2524.54565 0.3728 0.0319 -0.492 -0.535 0.029 0.037 1.01 9306.5 3.4771 15.731767 1.34278 16.319265 14.976485 "" "" 2325.91577 2772.84229 9599.31064 2.5747 4052.4 8.8597 8101.5 12.527 "" "" 0.002770666791852014 0.003663282 0.004135479 0.007798761 33.57602018909 60.10114478465 2524.54565 -0.4920000000000001 -0.5350000000000001 0.043199999809265144 -0.119199994802475 0.03423068 0.04223068 "" "" 1.5171741089231017 "" 0.06278269385091353 ""
33.44837299821 59.9551102647 0.0207 0.0235 5.4089 "" "" 507321919265345664 2017.73376 0.4632 0.0349 0.52 0.902 0.034 0.039 1.066 9268.2 4.1472 15.754892 1.256228 16.299278 15.04305 "" "" 1902.20032 2164.78955 9397.00864 2.6274 4127.7 9.045 7619.7 8.4994 "" "" 0.0027719929649234107 0.0036668077 0.0039686845 0.007635492 33.44837299821 59.9551102647 2017.73376 0.52 0.9020000000000001 1.0551999998092652 1.3178000051975252 0.039230682 0.04423068 "" "" 16.146112586683117 "" 0.683749442089955 ""
33.73434248877 60.16113588343 0.0187 0.0249 10.4903 "" "" 507351331202400640 1906.78088 0.4965 0.0353 -3.643 1.363 0.033 0.044 1.125 8038.9 4.1284 15.763916 1.674731 16.55496 14.880229 "" "" 1781.3562 2070.84009 9319.23816 2.4589 3261.6 6.8286 8852.5 10.462 "" "" 0.002770172663002027 0.0035989154 0.003991261 0.0075901765 33.73434248877 60.16113588343 1906.78088 -3.643 1.363 -3.1078000001907347 1.778800005197525 0.03823068 0.04923068 "" "" 32.36430876403291 "" 1.3340178922739534 ""
33.00102840137 60.05857218249 0.0177 0.0216 14.1691 "" "" 507513337364296448 2678.99561 0.3443 0.0329 -2.675 -0.166 0.03 0.037 0.953 9239.0 3.7841 15.775171 1.641798 16.54256 14.900763 "" "" 2468.11597 2944.23169 9223.12568 2.3861 3299.1 6.5227 8686.7 7.4466 "" "" 0.002769600705760978 0.003520376 0.0038923002 0.0074126762 33.00102840137 60.05857218249 2678.99561 -2.675 -0.16599999999999981 -2.1398000001907347 0.24980000519752502 0.035230678 0.04223068 "" "" 27.35664717221492 "" 0.9666195191449907 ""
33.51451310791 59.78030352434 0.0199 0.0237 15.8943 "" "" 507315631433304448 2696.16431 0.338 0.0345 0.032 -0.657 0.03 0.041 0.947 9223.3 4.0644 15.792626 1.369547 16.402353 15.032806 "" "" 2499.96802 2953.98169 9076.03913 2.6588 3753.8 6.7406 7691.9 13.114 "" "" 0.0027736174369149703 0.0034038357 0.004208353 0.0076121883 33.51451310791 59.78030352434 2696.16431 0.03199999999999992 -0.657 0.5671999998092652 -0.241199994802475 0.035230678 0.04623068 "" "" 7.87690307044401 "" 0.2924471431048708 ""
33.25303738499 59.91936232928 0.0209 0.0249 9.9981 "" "" 507321128991383296 2697.75977 0.3219 0.0372 0.126 0.524 0.032 0.04 1.065 "" "" 15.797072 2.594441 17.23315 14.63871 "" "" 2485.16406 2961.21436 9038.94722 3.399 1746.5 5.8292 11058.0 9.8819 "" "" 0.0027854051002858546 0.004573511 0.0039019394 0.008475451 33.25303738499 59.91936232928 2697.75977 0.12599999999999995 0.5239999999999996 0.6611999998092651 0.939800005197525 0.03723068 0.04523068 "" "" 14.693861233622098 "" 0.6281332353131669 ""
33.59325560172 60.32031440111 0.0167 0.0252 16.9379 "" "" 507543951892061696 2043.2749 0.4579 0.037 -0.206 -1.016 0.03 0.042 1.104 7087.2 2.9269 15.800175 1.822775 16.680458 14.857683 "" "" 1918.0033 2181.79565 9013.15314 2.2051 2905.6 5.801 9038.3 7.3233 "" "" 0.002768094704416132 0.0035332423 0.0038804167 0.0074136592 33.59325560172 60.32031440111 2043.2749 -0.2059999999999998 -1.016 0.3291999998092652 -0.600199994802475 0.035230678 0.04723068 "" "" 6.629979059517951 "" 0.2966420526970111 ""
33.26337583833 59.97923670908 0.0204 0.023 7.4086 "" "" 507322743899062656 2687.36719 0.3383 0.0354 -1.507 0.664 0.029 0.038 0.993 7395.9 3.37 15.803376 2.425269 17.105742 14.680472 "" "" 2455.39819 2965.76733 8986.61389 3.027 1963.9 9.5728 10641.0 11.395 "" "" 0.0027794847635397384 0.00598276 0.0039541787 0.009936938 33.26337583833 59.97923670908 2687.36719 -1.5069999999999997 0.6639999999999999 -0.9718000001907348 1.0798000051975252 0.03423068 0.04323068 "" "" 18.504781620389295 "" 0.7301569115511185 ""
33.97478436988 60.05210140365 0.0199 0.0252 15.0321 "" "" 507337960962616704 2805.44287 0.3398 0.0354 -0.143 -0.272 0.031 0.04 1.003 9210.6 3.796 15.815837 1.402827 16.440945 15.038117 "" "" 2577.0542 3101.66968 8884.06973 2.6996 3622.8 10.048 7654.4 9.7884 "" "" 0.00277500237462451 0.0041052657 0.0040263473 0.008131613 33.97478436988 60.05210140365 2805.44287 -0.14300000000000004 -0.27200000000000024 0.3921999998092651 0.143800005197525 0.03623068 0.04523068 "" "" 5.554904439204061 "" 0.2078114801953392 ""
33.56841960621 60.11712071531 0.0185 0.0225 5.2111 "" "" 507348032668375424 2151.10229 0.4362 0.0339 -1.143 -0.448 0.031 0.039 1.003 9317.2 3.631 15.819198 1.373887 16.424719 15.050832 "" "" 2007.79871 2325.68701 8856.61011 2.5636 3677.3 7.6014 7565.3 9.527 "" "" 0.0027731853381602924 0.003580798 0.004019099 0.0075998968 33.56841960621 60.11712071531 2151.10229 -1.1429999999999998 -0.4480000000000007 -0.6078000001907349 -0.032199994802474985 0.03623068 0.04423068 "" "" 6.2059561915463615 "" 0.22500025277877564 ""
33.64252971113 60.02181780681 0.0208 0.0243 5.2521 "" "" 507343149282656640 2598.23315 0.3565 0.0365 -0.601 -0.217 0.029 0.043 0.975 9288.1 3.7697 15.829623 1.291445 16.388412 15.096968 "" "" 2344.09985 2805.66479 8771.97898 2.5553 3802.3 8.5609 7250.6 7.9988 "" "" 0.002773413241796928 0.0037095589 0.0039646425 0.0076742014 33.64252971113 60.02181780681 2598.23315 -0.601 -0.2169999999999997 -0.06580000019073484 0.19880000519752503 0.03423068 0.04823068 "" "" 2.578971949565813 "" 0.12129980162951513 ""
33.77189434474 59.91791034732 0.0224 0.0262 11.7463 "" "" 507329822006357760 2552.68677 0.3618 0.0381 -0.715 -0.503 0.032 0.041 0.989 9297.8 4.0912 15.836044 1.437324 16.480595 15.04327 "" "" 2318.08252 2938.604 8720.25267 2.8344 3492.8 10.017 7618.2 9.7101 "" "" 0.0027778283800756172 0.004180991 0.0040247766 0.008205768 33.77189434474 59.91791034732 2552.68677 -0.7149999999999995 -0.5030000000000002 -0.17980000019073483 -0.08719999480247498 0.03723068 0.04623068 "" "" 2.417885569631983 "" 0.0945500932027304 ""
33.28268874733 60.10213952442 0.0195 0.0244 6.673 "" "" 507534846561487872 2798.07373 0.3291 0.037 -1.299 -1.189 0.035 0.042 1.089 6999.6 2.835 15.841742 1.662538 16.618208 14.95567 "" "" 2551.43579 3040.69385 8674.61251 3.4005 3077.0 11.901 8258.3 13.07 "" "" 0.00278799885289781 0.0050417697 0.004151677 0.0091934465 33.28268874733 60.10213952442 2798.07373 -1.299 -1.1889999999999998 -0.7638000001907348 -0.773199994802475 0.04023068 0.04723068 "" "" 14.414662746161428 "" 0.6329935355633096 ""
33.68481348438 59.93345359264 0.0223 0.0271 9.1997 "" "" 507341298158966144 2603.74097 0.3504 0.0385 -1.341 0.153 0.033 0.049 0.968 "" "" 15.85256 2.63576 17.319601 14.683841 "" "" 2325.80518 2841.49854 8588.60527 3.5836 1612.8 7.9842 10608.0 12.069 "" "" 0.0027923144749919596 0.0060560084 0.0039761313 0.01003214 33.68481348438 59.93345359264 2603.74097 -1.3410000000000002 0.1530000000000001 -0.8058000001907348 0.568800005197525 0.03823068 0.05423068 "" "" 12.173022078295464 "" 0.5380383832898425 ""
33.06936352836 59.87050676106 0.0203 0.023 16.0007 "" "" 507502342248135680 2107.58813 0.4463 0.0345 -2.009 0.097 0.029 0.037 1.014 "" "" 15.865487 1.404191 16.48924 15.08505 "" "" 1953.43896 2249.94922 8486.95505 2.6419 3465.1 7.6841 7330.6 7.2461 "" "" 0.002775971672653358 0.0036853827 0.0039288076 0.00761419 33.06936352836 59.87050676106 2107.58813 -2.009 0.09699999999999954 -1.4738000001907348 0.512800005197525 0.03423068 0.04223068 "" "" 15.58899266570599 "" 0.5484571425334963 ""
33.75816204202 59.97068879578 0.0226 0.0281 9.6229 "" "" 507341847914749696 2564.02148 0.3622 0.0411 -1.117 -0.423 0.033 0.05 1.033 9377.5 3.6387 15.866639 1.608392 16.614048 15.005656 "" "" 2315.02344 2859.01025 8477.95557 2.9842 3088.9 6.8858 7886.7 11.359 "" "" 0.0027816984638469183 0.0036936505 0.0040901173 0.007783768 33.75816204202 59.97068879578 2564.02148 -1.117 -0.4230000000000005 -0.5818000001907349 -0.007199994802474963 0.03823068 0.05523068 "" "" 7.071425518534552 "" 0.27036790542680544 ""
33.81422707637 59.96051914586 0.0225 0.026 11.4005 "" "" 507331505633505024 2803.39404 0.3262 0.0375 0.545 -0.494 0.033 0.042 1.002 "" "" 15.878691 1.284486 16.439346 15.15486 "" "" 2503.02881 3146.51953 8384.36796 2.8266 3628.1 10.193 6874.1 11.235 "" "" 0.0027795266468643195 0.0041339537 0.0041752434 0.008309197 33.81422707637 59.96051914586 2803.39404 0.5449999999999995 -0.49399999999999955 1.080199999809265 -0.07819999480247497 0.03823068 0.04723068 "" "" 14.39135655999 "" 0.5509455860816143 ""
33.82603814696 60.1464566309 0.0196 0.0267 12.2018 "" "" 507351090684237568 2672.44629 0.3495 0.0361 0.045 -0.429 0.033 0.045 1.033 8744.4 3.5336 15.880879 1.454919 16.539087 15.084168 "" "" 2436.52026 2904.53687 8367.48537 2.4372 3309.6 9.1958 7336.5 10.989 "" "" 0.0027734092487087247 0.0041092318 0.004114425 0.008223657 33.82603814696 60.1464566309 2672.44629 0.04499999999999996 -0.42900000000000005 0.5801999998092652 -0.013199994802474968 0.03823068 0.050230682 "" "" 7.3515246438391895 "" 0.28110658114847303 ""
33.06047183 59.88485487529 0.0211 0.0235 15.6616 "" "" 507502548410534912 2484.56177 0.3832 0.0365 -1.087 -1.18 0.031 0.037 1.004 7197.5 3.53 15.884328 1.360064 16.487694 15.12763 "" "" 2283.95142 2786.93091 8340.95168 2.5146 3470.1 7.1325 7048.7 8.6195 "" "" 0.002774694629880777 0.003572851 0.0040058075 0.0075786584 33.06047183 59.88485487529 2484.56177 -1.087 -1.1800000000000004 -0.5518000001907348 -0.7641999948024749 0.03623068 0.04223068 "" "" 11.10077139293641 "" 0.44708670456220756 ""
