Berkeley_97/Berkeley_97_nsfs.tsv
# %ECSV 1.0
# ---
# datatype:
# - name: RA_ICRS_1
#   unit: deg
#   datatype: float64
#   format: '{:15.11f}'
#   description: Right ascension (ICRS) at Ep=2016.0 (ra)
#   meta: !!omap
#   - {ucd: POS_EQ_RA_MAIN}
#   - {width: 15}
#   - {precision: '11'}
# - name: DE_ICRS_1
#   unit: deg
#   datatype: float64
#   format: '{:15.11f}'
#   description: Declination (ICRS) at Ep=2016.0 (dec)
#   meta: !!omap
#   - {ucd: POS_EQ_DEC_MAIN}
#   - {width: 15}
#   - {precision: '11'}
# - name: e_RA_ICRS
#   unit: mas
#   datatype: float64
#   format: '{:7.4f}'
#   description: Standard error of right ascension (ra_error)
#   meta: !!omap
#   - {ucd: ERROR}
#   - {width: 7}
#   - {precision: '4'}
# - name: e_DE_ICRS
#   unit: mas
#   datatype: float64
#   format: '{:7.4f}'
#   description: Standard error of declination (dec_error)
#   meta: !!omap
#   - {ucd: ERROR}
#   - {width: 7}
#   - {precision: '4'}
# - name: _r_1
#   unit: ''
#   datatype: float64
#   format: '{:7.4f}'
#   description: Distance from center (339.84991355000+59.00460428000)[ICRS], at Epoch=J2016.0
#   meta: !!omap
#   - {ucd: POS_ANG_DIST_GENERAL}
#   - {width: 7}
#   - {precision: '4'}
# - name: HIP
#   datatype: int32
#   description: '? HIP cross-id number, van Leeuwen, Cat. I/311 (hip_original_ext_source_id)'
#   meta: !!omap
#   - {ucd: ID_NUMBER}
#   - {width: 6}
#   - values: {'null': -2147483648}
# - name: TYC2
#   datatype: string
#   description: Tycho-2 cross-id name, Hog et al., Cat. I/259 (tyc2_original_ext_source_id)
#   meta: !!omap
#   - {ucd: ID_CROSSID}
#   - {_votable_string_dtype: char}
# - name: Source
#   datatype: int64
#   description: Source identifier, identical to the Gaia-EDR3 source_id (id)
#   meta: !!omap
#   - {ucd: ID_MAIN}
#   - {width: 19}
# - name: rgeo
#   unit: pc
#   datatype: float64
#   format: '{:15.8f}'
#   description: '? Median of the geometric distance posterior (r_med_geo)'
#   meta: !!omap
#   - {ucd: PHYS_DISTANCE_TRUE}
#   - {width: 15}
#   - {precision: '8'}
#   - values: {'null': .nan}
# - name: Plx
#   unit: mas
#   datatype: float64
#   format: '{:9.4f}'
#   description: '? Parallax (parallax)'
#   meta: !!omap
#   - {ucd: POS_PARLX_TRIG}
#   - {width: 9}
#   - {precision: '4'}
#   - values: {'null': .nan}
# - name: e_Plx
#   unit: mas
#   datatype: float32
#   format: '{:7.4f}'
#   description: '? Standard error of parallax (parallax_error)'
#   meta: !!omap
#   - {ucd: ERROR}
#   - {width: 7}
#   - {precision: '4'}
#   - values: {'null': .nan}
# - name: v_pec
#   unit: km / s
#   datatype: float64
#   format: '{:9.3f}'
#   description: '? Proper motion in right ascension direction, pmRA*cosDE (pmra)'
#   meta: !!omap
#   - {ucd: POS_EQ_PMRA}
#   - {width: 9}
#   - {precision: '3'}
#   - values: {'null': .nan}
# - name: "\xB5_pec"
#   unit: mas / yr
#   datatype: float64
#   format: '{:9.3f}'
#   description: '? Proper motion in right ascension direction, pmRA*cosDE (pmra)'
#   meta: !!omap
#   - {ucd: POS_EQ_PMRA}
#   - {width: 9}
#   - {precision: '3'}
#   - values: {'null': .nan}
# - name: rmRA
#   unit: mas / yr
#   datatype: float64
#   format: '{:9.3f}'
#   description: '? Proper motion in right ascension direction, pmRA*cosDE (pmra)'
#   meta: !!omap
#   - {ucd: POS_EQ_PMRA}
#   - {width: 9}
#   - {precision: '3'}
#   - values: {'null': .nan}
[...]
#   description: RAVE DR6 cross-id name, Steinmetz et al., Cat. III/283 (rave6_original_ext_source_id)
#   meta: !!omap
#   - {ucd: ID_CROSSID}
#   - {_votable_string_dtype: char}
# - name: e_Gmag
#   unit: ''
#   datatype: float64
#   format: '{:11.4g}'
#   description: '? Error on G-band mean flux (phot_g_mean_flux_error)'
#   meta: !!omap
#   - {ucd: ERROR}
#   - {width: 11}
#   - {precision: E4}
#   - values: {'null': .nan}
# - name: e_BPmag
#   unit: ''
#   datatype: float32
#   format: '{:11.4g}'
#   description: '? Error on the integrated BP mean flux (phot_bp_mean_flux_error)'
#   meta: !!omap
#   - {ucd: ERROR}
#   - {width: 11}
#   - {precision: E4}
#   - values: {'null': .nan}
# - name: e_RPmag
#   unit: ''
#   datatype: float32
#   format: '{:11.4g}'
#   description: '? Error on the integrated RP mean flux (phot_rp_mean_flux_error)'
#   meta: !!omap
#   - {ucd: ERROR}
#   - {width: 11}
#   - {precision: E4}
#   - values: {'null': .nan}
# - name: e_BP-RP
#   unit: ''
#   datatype: float32
#   format: '{:11.4g}'
#   description: '? Error on the integrated BP mean flux (phot_bp_mean_flux_error)'
#   meta: !!omap
#   - {ucd: ERROR}
#   - {width: 11}
#   - {precision: E4}
#   - values: {'null': .nan}
# meta: !!omap
# - {ID: I_352_gedr3dis}
# - {description: Estimating distances from parallaxes (1467744818 sources)}
# - {name: I/352/gedr3dis}
# schema: astropy-2.0
RA_ICRS_1 DE_ICRS_1 e_RA_ICRS e_DE_ICRS _r_1 HIP TYC2 Source rgeo Plx e_Plx v_pec µ_pec rmRA e_rmRA rmDE e_rmDE pmRA pmDE e_pmRA e_pmDE RUWE Teff logg Gmag BP-RP BPmag RPmag RV e_RV b_rgeo B_rgeo FG e_FG FBP e_FBP FRP e_FRP RAVE5 RAVE6 e_Gmag e_BPmag e_RPmag e_BP-RP
339.82610656416 59.18131087903 0.0097 0.0099 10.6278 "" "" 2008436594360662016 2270.34473 0.4061 0.0115 15.374345803570176 1.4286521456816446 1.3351851851851848 0.110008985 -0.508259259259259 0.10606812 -1.393 -2.377 0.013 0.013 1.182 5265.7 2.7128 13.302854 1.97596 14.295364 12.319405 -41.27 1.18 2213.69897 2326.08667 89909.47063 17.091 26138.0 21.603 93626.0 35.199 "" "" 0.002763039228980568 0.0029309215 0.0038013607 0.006732282
339.91017135389 58.98599517672 0.0094 0.0101 2.1714 "" "" 2008384470635937408 2838.11768 0.3161 0.0121 13.342786636211152 0.9918312793485095 0.8381851851851849 0.10900899 -0.5302592592592592 0.10506812 -1.89 -2.399 0.012 0.012 1.156 "" "" 13.530643 2.315939 14.759308 12.443369 -58.84 0.91 2753.2085 2948.10913 72893.64075 16.388 17049.0 14.463 83524.0 32.647 "" "" 0.002766111395886572 0.002938262 0.0038031337 0.0067413957
340.12774862745 59.1095711892 0.0097 0.0099 10.6365 "" "" 2008391239504604288 2201.53247 0.4277 0.0116 11.421466792933105 1.094506750748867 -0.571814814814815 0.10900899 -0.9332592592592592 0.10506812 -3.3 -2.802 0.012 0.012 1.045 "" "" 13.601007 1.441919 14.24803 12.80611 "" "" 2146.73413 2262.21216 68319.33309 19.383 27303.0 43.182 59802.0 62.088 "" "" 0.0027724854660433097 0.0032762429 0.003943906 0.007220149
340.00272505528 59.03635987657 0.01 0.0102 5.0895 "" "" 2008384986032231168 1995.33679 0.4715 0.0124 13.110765779188412 1.386224298305516 -0.466814814814815 0.110008985 -1.3052592592592591 0.10606812 -3.195 -3.174 0.013 0.013 1.044 "" "" 13.705145 1.492791 14.38184 12.889049 "" "" 1945.60889 2041.46985 62070.98331 21.913 24137.0 27.122 55404.0 43.682 "" "" 0.0027818532337181763 0.003045237 0.0038751133 0.0069203502
339.37474343296 58.98470776523 0.0131 0.0128 14.7345 "" "" 2008410858916032768 2414.48267 0.3849 0.0161 17.485080565905733 1.5277954189778342 1.4171851851851849 0.11400899 0.5707407407407408 0.108068116 -1.311 -1.298 0.017 0.015 1.163 "" "" 14.119896 2.225037 15.284213 13.059176 -29.48 1.68 2297.07959 2548.6731 42363.17566 11.41 10513.0 13.424 47368.0 22.943 "" "" 0.0027707949248012395 0.0031156177 0.0038157937 0.006931411
339.81501057625 58.93532359413 0.1271 0.1292 4.2947 "" "" 2008382065454255232 2577.95776 0.5911 0.1566 12.807952124558447 1.048155111873216 -0.8318148148148152 0.26300898 0.6377407407407407 0.2470681 -3.56 -1.231 0.166 0.154 11.306 "" "" 14.28376 1.081822 14.702623 13.620801 "" "" 1710.05737 3730.50977 36428.6128 41.385 17963.0 25.128 28238.0 30.734 "" "" 0.00301880932976434 0.0031767644 0.003959818 0.0071365824
339.63933499807 58.79495357939 0.0125 0.0124 14.1712 "" "" 2008354577663116288 2179.76538 0.4236 0.0151 16.678561640591937 1.6142489107796731 -1.039814814814815 0.11300899 1.2347407407407407 0.108068116 -3.768 -0.634 0.016 0.015 1.011 "" "" 14.34127 2.058106 15.38766 13.329554 -30.07 1.92 2102.67041 2265.11914 34549.25896 11.534 9557.7 15.258 36926.0 29.757 "" "" 0.002779059184789803 0.0032847077 0.003879337 0.007164045
339.41388798137 59.1305852847 0.0155 0.0156 15.4265 "" "" 2008424602811320448 2183.94653 0.433 0.0188 16.45318012390591 1.5893864614155795 1.453185185185185 0.117008984 0.6437407407407407 0.11206812 -1.275 -1.225 0.02 0.019 1.161 "" "" 14.5711 1.254157 15.110961 13.856804 "" "" 2088.76489 2285.51099 27958.03594 5.9702 12332.0 15.424 22721.0 16.39 "" "" 0.002765057627171074 0.003103081 0.003859681 0.006962762
339.93046383503 58.76061205357 0.0149 0.0156 14.8511 "" "" 2008365229182543104 2719.47339 0.3371 0.0195 15.017678086563851 1.1650367780038144 -1.164814814814815 0.11900899 0.022740740740740728 0.11206812 -3.893 -1.846 0.022 0.019 1.067 "" "" 14.611319 2.179744 15.736049 13.556305 5.52 3.06 2588.12354 2881.38574 26941.34442 8.5005 6934.2 15.261 29967.0 23.774 "" "" 0.002776534474931723 0.003673535 0.0038762952 0.0075498302
339.37642235005 59.02290623898 0.0154 0.0161 14.6672 "" "" 2008411236873136384 2615.65674 0.3468 0.0192 11.189356145937918 0.9024974964721759 0.9021851851851848 0.117008984 0.02374074074074084 0.11306812 -1.826 -1.845 0.02 0.02 1.072 4918.4 2.5739 14.695989 2.264218 15.888646 13.624428 -79.6 2.22 2488.93604 2750.79102 24920.17834 8.2092 6025.0 10.613 28144.0 20.151 "" "" 0.002778437007004311 0.0033827166 0.003858504 0.00724122
339.96119938296 58.84748822166 0.0147 0.0154 10.0372 "" "" 2008379007437597312 2123.6062 0.4385 0.018 13.980305939226223 1.388878800951018 1.1431851851851849 0.117008984 0.7887407407407407 0.111068115 -1.585 -1.08 0.02 0.018 1.035 5611.4 2.8168 14.726669 2.188366 15.864459 13.676093 -39.09 2.3 2064.1814 2200.75562 24225.86 5.7329 6160.7 11.215 26836.0 21.33 "" "" 0.0027672737198313415 0.0034192896 0.0038766544 0.007295944
339.72150896068 58.84393607862 0.0143 0.0149 10.4281 "" "" 2008381137741339392 2311.71777 0.4008 0.0175 15.250005877687931 1.3917359895008388 0.39918518518518464 0.11600899 -1.3332592592592591 0.11206812 -2.329 -3.202 0.019 0.019 0.994 5281.8 3.2221 14.780562 2.108042 15.862843 13.754801 -47.39 2.89 2224.27124 2389.15869 23052.70824 7.2317 6169.9 10.111 24960.0 17.862 "" "" 0.002776291905713006 0.0033092035 0.0038584226 0.007167626
339.8954342144 58.75126606139 0.0159 0.016 15.2657 "" "" 2008365263542279168 2485.146 0.3712 0.02 17.318801730587627 1.470237820781748 1.3941851851851847 0.12100899 0.4667407407407409 0.11206812 -1.334 -1.402 0.024 0.019 1.005 4756.6 2.6556 14.783494 2.183831 15.91922 13.735389 -71.26 2.38 2369.76318 2632.26147 22990.53248 7.1289 5857.7 7.785 25410.0 14.359 "" "" 0.0027758120686724045 0.0031412093 0.0038288587 0.006970068
339.93395332251 58.94564077691 0.0153 0.0161 4.3898 "" "" 2008383439843807360 2720.83984 0.3444 0.0193 16.752994198033292 1.2990058840105778 -1.1988148148148152 0.118008986 -0.5002592592592594 0.11206812 -3.927 -2.369 0.021 0.019 1.085 9254.4 3.5411 14.854162 1.156954 15.342084 14.18513 "" "" 2598.0022 2822.18408 21541.79446 4.672 9967.4 15.566 16792.0 11.065 "" "" 0.0027653639898137304 0.0032649739 0.0038465026 0.0071114767
339.69969029019 59.08934900054 0.0167 0.0161 6.8808 "" "" 2008434532776110464 2635.49023 0.356 0.0193 17.089817023459783 1.3680364238807652 -0.8718148148148153 0.11900899 -1.0542592592592592 0.11206812 -3.6 -2.923 0.022 0.019 1.001 6599.3 3.4325 14.890032 1.279737 15.437754 14.158017 "" "" 2495.16602 2740.69092 20841.7457 6.5246 9126.7 15.329 17217.0 22.385 "" "" 0.0027762056235800378 0.0033332396 0.004034409 0.007367648
339.64357246701 59.22216624875 0.0154 0.0167 14.5186 "" "" 2008448036153458048 2781.59399 0.3228 0.0188 12.676762270956685 0.9614711671249534 0.3081851851851849 0.117008984 0.9107407407407409 0.11606812 -2.42 -0.958 0.02 0.023 1.058 "" "" 14.982695 2.304378 16.201813 13.897435 -40.31 4.31 2656.48657 2929.17383 19136.77811 5.5806 4515.4 10.664 21887.0 18.742 "" "" 0.0027734521300277616 0.0037894668 0.0038920578 0.0076815244
339.85640107124 58.74114880392 0.0202 0.0195 15.8086 "" "" 2008364885585154176 2610.86328 0.3552 0.0248 16.15772384225115 1.3056227510945044 -0.301814814814815 0.12700899 -1.270259259259259 0.11606812 -3.03 -3.139 0.03 0.023 1.052 "" "" 15.215145 1.309349 15.782145 14.472796 "" "" 2461.16772 2794.84546 15448.58927 4.5675 6646.0 11.016 12884.0 14.706 "" "" 0.0027739565044778763 0.0033202088 0.0039773774 0.007297586
339.94322322838 59.12541119983 0.022 0.022 7.7989 "" "" 2008433364545321728 2200.45386 0.4272 0.0262 16.150487302724322 1.548442284657818 1.4211851851851849 0.12600899 0.6147407407407408 0.122068115 -1.307 -1.254 0.029 0.029 1.257 7690.6 3.7812 15.240821 1.726603 16.059967 14.333364 -43.66 6.66 2073.68433 2352.98218 15087.53945 5.6263 5145.5 12.505 14649.0 13.015 "" "" 0.002784909166561482 0.0038402444 0.003900543 0.007740787
340.02095779959 58.85255892814 0.018 0.0196 10.5488 "" "" 2008379076157083776 2355.96509 0.3947 0.0228 10.391218730451598 0.9305062489240441 -0.7418148148148154 0.12100899 0.5617407407407409 0.11606812 -3.47 -1.307 0.024 0.023 1.028 7231.8 3.5005 15.280527 1.716996 16.10026 14.383264 "" "" 2252.05103 2464.33057 14545.74532 4.444 4958.1 8.8221 13991.0 12.177 "" "" 0.0027752158199975513 0.0033937034 0.0038957268 0.00728943
339.85237866327 59.18034651853 0.0212 0.0201 10.5448 "" "" 2008436560000933504 2547.6665 0.3682 0.0246 14.779321754775857 1.2238651998626497 -0.9638148148148153 0.12400899 -0.7542592592592594 0.119068116 -3.692 -2.623 0.027 0.026 0.963 "" "" 15.555838 1.090935 16.01077 14.919836 "" "" 2385.6106 2692.71069 11287.85779 3.1646 5384.0 13.082 8535.4 11.661 "" "" 0.0027720828245160504 0.0038398812 0.0040600467 0.007899928
339.56095925551 58.93249888462 0.0223 0.0221 9.9295 "" "" 2008406254711143424 2013.82361 0.4657 0.027 15.97205745116123 1.6732510021881744 1.6631851851851849 0.12600899 -0.18325925925925923 0.12006812 -1.065 -2.052 0.029 0.027 1.054 5388.3 3.4554 15.5843 2.114938 16.651192 14.536254 "" "" 1917.26465 2116.85229 10995.79564 4.2711 2985.0 9.6158 12152.0 27.063 "" "" 0.002787408824339052 0.0044741463 0.0044866856 0.008960832
340.18961638968 58.90674143749 0.0232 0.0247 12.04 "" "" 2008373716038161280 2087.7561 0.4551 0.0283 16.276397182701558 1.6447510645905896 1.3751851851851848 0.12700899 -0.9022592592592591 0.12406811 -1.353 -2.771 0.03 0.031 1.179 6494.8 3.7242 15.59451 1.884438 16.51976 14.635323 "" "" 1956.36169 2239.52026 10892.87844 3.8317 3369.1 8.3688 11092.0 12.418 "" "" 0.002781663674655658 0.0038805425 0.0039700433 0.0078505855
340.01007067724 58.93654960367 0.0217 0.0237 6.4195 "" "" 2008380484906564480 2741.74976 0.3421 0.0274 13.16975281812934 1.01337799135405 -0.9898148148148151 0.12600899 -0.21725925925925904 0.12306812 -3.718 -2.086 0.029 0.03 1.069 8566.9 3.3969 15.602972 1.377247 16.185669 14.808422 "" "" 2556.1272 2979.34961 10808.31757 3.2779 4583.0 14.794 9457.8 37.528 "" "" 0.0027749257638680362 0.0044797864 0.0057309493 0.010210736
339.95460337911 58.98306449177 0.022 0.0236 3.4843 "" "" 2008383749081667584 2165.7666 0.4428 0.0271 13.327789678734135 1.2982793133925346 -1.014814814814815 0.12600899 0.8097407407407409 0.12306812 -3.743 -1.059 0.029 0.03 1.07 7492.2 3.8822 15.634006 1.352934 16.230024 14.87709 "" "" 2019.02344 2310.83936 10503.7433 4.1768 4399.5 8.7178 8878.1 8.7728 "" "" 0.002788940692025465 0.00352331 0.003928709 0.0074520186
339.84648404757 58.98268116081 0.0235 0.0229 1.3197 "" "" 2008383233685346560 2483.8457 0.3713 0.0289 10.452031464259704 0.8877644570146664 0.8061851851851849 0.12500899 0.3717407407407407 0.12106812 -1.922 -1.497 0.028 0.028 1.037 5179.7 3.2484 15.642891 2.16841 16.765697 14.597287 "" "" 2350.32251 2638.91479 10418.14773 3.8357 2686.2 12.205 11488.0 11.387 "" "" 0.0027841663184668955 0.005667535 0.00392962 0.009597155
339.92486156125 58.95808355514 0.0205 0.0215 3.6278 "" "" 2008383646002231680 2072.18433 0.4578 0.0253 17.21101139197989 1.7522645109468291 1.3641851851851847 0.12400899 1.099740740740741 0.119068116 -1.364 -0.769 0.027 0.026 1.059 "" "" 15.647343 0.683084 15.902119 15.219034 "" "" 1970.49902 2179.24341 10375.51742 3.7145 5950.7 10.619 6479.5 8.1925 "" "" 0.002782602622452889 0.003396899 0.004020975 0.007417874
340.17815967549 59.10475895823 0.0231 0.0227 11.7761 "" "" 2008391205144880768 2330.82739 0.4004 0.0272 15.510098717493614 1.4038674589325222 0.5601851851851847 0.12600899 -1.2872592592592593 0.12106812 -2.168 -3.156 0.029 0.028 1.032 9243.6 4.051 15.663181 1.611539 16.414371 14.802833 "" "" 2209.6897 2487.83252 10225.2545 3.6233 3712.5 15.437 9506.6 14.565 "" "" 0.0027820505920384256 0.0053072404 0.0041292603 0.009436501
340.15000759738 59.06784419277 0.0244 0.023 10.0108 "" "" 2008390243072219776 2518.19824 0.3703 0.0286 12.794771873055655 1.0719247268476624 -1.0378148148148152 0.12700899 -0.2682592592592592 0.12306812 -3.766 -2.137 0.03 0.03 0.992 7001.0 3.1295 15.730128 2.187535 16.867895 14.68036 "" "" 2331.90674 2716.2041 9613.81143 3.9735 2444.9 8.4343 10642.0 17.095 "" "" 0.002791623832216714 0.0046705436 0.0041624024 0.008832946
339.56117066994 59.14223976287 0.0233 0.0221 12.1439 "" "" 2008447142800073856 2067.37646 0.4571 0.0272 12.102287902642137 1.2350074334870114 1.1421851851851847 0.12700899 0.4697407407407408 0.12106812 -1.586 -1.399 0.03 0.028 1.003 7274.4 3.3601 15.736403 1.456394 16.394236 14.937841 "" "" 1975.00293 2170.37744 9558.41329 4.0123 3782.0 8.847 8395.0 10.455 "" "" 0.0027927589365449004 0.0037730108 0.004013983 0.007786994
339.60018061893 59.10209860975 0.0309 0.0308 9.6742 "" "" 2008435219970869248 2658.70337 0.3559 0.0372 14.175605471623228 1.124846833042265 -1.115814814814815 0.13900898 -0.1422592592592593 0.13206811 -3.844 -2.011 0.042 0.039 1.446 9938.7 3.9928 15.748435 1.197066 16.097244 14.900178 "" "" 2425.33179 2938.44043 9453.06989 6.946 4971.9 64.158 8691.3 82.635 "" "" 0.0028684928689845153 0.014285599 0.010993039 0.025278639
340.160277763 58.86640868106 0.024 0.0262 12.6919 "" "" 2008367595699919360 2162.39453 0.4394 0.0302 14.108283583051099 1.376451472833123 -1.3518148148148152 0.13100898 -0.2592592592592593 0.12806812 -4.08 -2.128 0.034 0.035 0.949 7046.1 4.2022 15.848664 1.62029 16.605804 14.985515 "" "" 2057.01172 2333.15381 8619.47918 3.0699 3112.4 9.1343 8034.4 11.077 "" "" 0.00278232307804087 0.004235372 0.004065026 0.008300398
339.53379031615 58.96550176543 0.0285 0.0275 10.0508 "" "" 2008407285503280512 2878.59961 0.32 0.034 17.438371185664433 1.2780454947669513 0.37018518518518473 0.13500899 -1.2232592592592593 0.12706812 -2.358 -3.092 0.038 0.034 1.057 7464.8 3.5731 15.891081 2.391979 17.172209 14.78023 "" "" 2629.16895 3157.7688 8289.23414 3.9562 1847.3 11.653 9706.6 12.985 "" "" 0.0028036242878519708 0.0073954915 0.004048866 0.011444358
339.50687541745 58.86828511813 0.0273 0.0274 13.4047 "" "" 2008405464437175808 2068.7124 0.456 0.0324 10.741574740929899 1.095442270580966 0.9881851851851848 0.13300899 0.4727407407407409 0.12706812 -1.74 -1.396 0.036 0.034 1.067 8840.8 4.108 16.075258 1.693433 16.878395 15.184962 "" "" 1955.56189 2230.89453 6995.90134 3.0521 2421.4 9.0046 6686.1 14.173 "" "" 0.0027957389525456165 0.004907869 0.004425007 0.009332876
339.90145018299 59.16254846082 0.028 0.0277 9.6089 "" "" 2008436658775587584 2360.57886 0.4008 0.0343 13.69856503865163 1.2242728566111565 1.1171851851851848 0.13300899 0.5007407407407407 0.1290681 -1.611 -1.368 0.036 0.036 1.009 8398.8 3.9527 16.11944 1.722265 16.928415 15.20615 "" "" 2204.62427 2536.79517 6716.93164 2.9654 2312.3 10.605 6556.9 16.846 "" "" 0.0027967032030273443 0.0057079806 0.0046973294 0.0104053095
339.54368512462 58.8234142965 0.0367 0.0374 14.4286 "" "" 2008358219795357824 2221.1228 0.4293 0.0444 12.66042266754319 1.202533802416115 0.178185185185185 0.14700899 -1.189259259259259 0.13806811 -2.55 -3.058 0.05 0.045 1.39 8236.2 4.0978 16.16372 1.661339 16.933512 15.272173 "" "" 2002.35156 2502.73975 6448.51077 4.3596 2301.5 6.5339 6170.1 21.646 "" "" 0.0028514178573051537 0.0041576554 0.0053658294 0.009523485
339.47987055259 59.17248192086 0.0281 0.0276 15.2167 "" "" 2008424808969745536 2134.604 0.4422 0.0335 10.75103846309033 1.0625631613599669 0.315185185185185 0.13100898 1.014740740740741 0.12606812 -2.413 -0.854 0.034 0.033 1.043 8567.1 4.2024 16.165625 1.533617 16.87104 15.337423 "" "" 1989.63318 2284.37085 6437.19912 3.0989 2437.8 9.0095 5810.2 9.2477 "" "" 0.0028044576261258 0.0048873387 0.0041557224 0.009043061
339.87191288332 58.96861752825 0.0282 0.0287 2.2638 "" "" 2008382958807449472 2645.93115 0.3645 0.0349 13.870011517280387 1.1059103965568913 -0.910814814814815 0.13300899 -0.6272592592592592 0.12806812 -3.639 -2.496 0.036 0.035 0.996 9282.8 4.1778 16.267319 1.260922 16.810808 15.549886 "" "" 2418.64648 2901.26074 5861.63641 2.3776 2576.9 10.128 4777.5 9.1825 "" "" 0.00279029367343422 0.0050984966 0.004317237 0.009415734
