Berkeley_97/Berkeley_97_nsfs.tsv
# %ECSV 1.0
# ---
# datatype:
# - name: RA_ICRS_1
#   unit: deg
#   datatype: float64
#   format: '{:15.11f}'
#   description: Right ascension (ICRS) at Ep=2016.0 (ra)
#   meta: !!omap
#   - {ucd: POS_EQ_RA_MAIN}
#   - {width: 15}
#   - {precision: '11'}
# - name: DE_ICRS_1
#   unit: deg
#   datatype: float64
#   format: '{:15.11f}'
#   description: Declination (ICRS) at Ep=2016.0 (dec)
#   meta: !!omap
#   - {ucd: POS_EQ_DEC_MAIN}
#   - {width: 15}
#   - {precision: '11'}
# - name: e_RA_ICRS
#   unit: mas
#   datatype: float64
#   format: '{:7.4f}'
#   description: Standard error of right ascension (ra_error)
#   meta: !!omap
#   - {ucd: ERROR}
#   - {width: 7}
#   - {precision: '4'}
# - name: e_DE_ICRS
#   unit: mas
#   datatype: float64
#   format: '{:7.4f}'
#   description: Standard error of declination (dec_error)
#   meta: !!omap
#   - {ucd: ERROR}
#   - {width: 7}
#   - {precision: '4'}
# - name: _r_1
#   unit: ''
#   datatype: float64
#   format: '{:7.4f}'
#   description: Distance from center (339.84991355000+59.00460428000)[ICRS], at Epoch=J2016.0
#   meta: !!omap
#   - {ucd: POS_ANG_DIST_GENERAL}
#   - {width: 7}
#   - {precision: '4'}
# - name: HIP
#   datatype: int32
#   description: '? HIP cross-id number, van Leeuwen, Cat. I/311 (hip_original_ext_source_id)'
#   meta: !!omap
#   - {ucd: ID_NUMBER}
#   - {width: 6}
#   - values: {'null': -2147483648}
# - name: TYC2
#   datatype: string
#   description: Tycho-2 cross-id name, Hog et al., Cat. I/259 (tyc2_original_ext_source_id)
#   meta: !!omap
#   - {ucd: ID_CROSSID}
#   - {_votable_string_dtype: char}
# - name: Source
#   datatype: int64
#   description: Source identifier, identical to the Gaia-EDR3 source_id (id)
#   meta: !!omap
#   - {ucd: ID_MAIN}
#   - {width: 19}
# - name: rgeo
#   unit: pc
#   datatype: float64
#   format: '{:15.8f}'
#   description: '? Median of the geometric distance posterior (r_med_geo)'
#   meta: !!omap
#   - {ucd: PHYS_DISTANCE_TRUE}
#   - {width: 15}
#   - {precision: '8'}
#   - values: {'null': .nan}
# - name: Plx
#   unit: mas
#   datatype: float64
#   format: '{:9.4f}'
#   description: '? Parallax (parallax)'
#   meta: !!omap
#   - {ucd: POS_PARLX_TRIG}
#   - {width: 9}
#   - {precision: '4'}
#   - values: {'null': .nan}
# - name: e_Plx
#   unit: mas
#   datatype: float32
#   format: '{:7.4f}'
#   description: '? Standard error of parallax (parallax_error)'
#   meta: !!omap
#   - {ucd: ERROR}
#   - {width: 7}
#   - {precision: '4'}
#   - values: {'null': .nan}
# - name: v_pec
#   unit: km / s
#   datatype: float64
#   format: '{:9.3f}'
#   description: '? Proper motion in right ascension direction, pmRA*cosDE (pmra)'
#   meta: !!omap
#   - {ucd: POS_EQ_PMRA}
#   - {width: 9}
#   - {precision: '3'}
#   - values: {'null': .nan}
# - name: "\xB5_pec"
#   unit: mas / yr
#   datatype: float64
#   format: '{:9.3f}'
#   description: '? Proper motion in right ascension direction, pmRA*cosDE (pmra)'
#   meta: !!omap
#   - {ucd: POS_EQ_PMRA}
#   - {width: 9}
#   - {precision: '3'}
#   - values: {'null': .nan}
# - name: rmRA
#   unit: mas / yr
#   datatype: float64
#   format: '{:9.3f}'
#   description: '? Proper motion in right ascension direction, pmRA*cosDE (pmra)'
#   meta: !!omap
#   - {ucd: POS_EQ_PMRA}
#   - {width: 9}
#   - {precision: '3'}
#   - values: {'null': .nan}
[...]
#   description: RAVE DR6 cross-id name, Steinmetz et al., Cat. III/283 (rave6_original_ext_source_id)
#   meta: !!omap
#   - {ucd: ID_CROSSID}
#   - {_votable_string_dtype: char}
# - name: e_Gmag
#   unit: ''
#   datatype: float64
#   format: '{:11.4g}'
#   description: '? Error on G-band mean flux (phot_g_mean_flux_error)'
#   meta: !!omap
#   - {ucd: ERROR}
#   - {width: 11}
#   - {precision: E4}
#   - values: {'null': .nan}
# - name: e_BPmag
#   unit: ''
#   datatype: float32
#   format: '{:11.4g}'
#   description: '? Error on the integrated BP mean flux (phot_bp_mean_flux_error)'
#   meta: !!omap
#   - {ucd: ERROR}
#   - {width: 11}
#   - {precision: E4}
#   - values: {'null': .nan}
# - name: e_RPmag
#   unit: ''
#   datatype: float32
#   format: '{:11.4g}'
#   description: '? Error on the integrated RP mean flux (phot_rp_mean_flux_error)'
#   meta: !!omap
#   - {ucd: ERROR}
#   - {width: 11}
#   - {precision: E4}
#   - values: {'null': .nan}
# - name: e_BP-RP
#   unit: ''
#   datatype: float32
#   format: '{:11.4g}'
#   description: '? Error on the integrated BP mean flux (phot_bp_mean_flux_error)'
#   meta: !!omap
#   - {ucd: ERROR}
#   - {width: 11}
#   - {precision: E4}
#   - values: {'null': .nan}
# meta: !!omap
# - {ID: I_352_gedr3dis}
# - {description: Estimating distances from parallaxes (1467744818 sources)}
# - {name: I/352/gedr3dis}
# schema: astropy-2.0
RA_ICRS_1 DE_ICRS_1 e_RA_ICRS e_DE_ICRS _r_1 HIP TYC2 Source rgeo Plx e_Plx v_pec µ_pec rmRA e_rmRA rmDE e_rmDE pmRA pmDE e_pmRA e_pmDE RUWE Teff logg Gmag BP-RP BPmag RPmag RV e_RV b_rgeo B_rgeo FG e_FG FBP e_FBP FRP e_FRP RAVE5 RAVE6 e_Gmag e_BPmag e_RPmag e_BP-RP
[from data line 38]
340.14971627104 58.83806975131 0.0453 0.0465 13.6406 "" "" 2008366672291563904 2976.21167 0.333 0.0562 13.364407644056099 0.9473436691269135 -0.8968148148148152 0.158009 -0.3052592592592591 0.15106812 -3.625 -2.174 0.061 0.058 1.461 8598.9 3.5076 16.31063 1.622912 17.044994 15.422082 "" "" 2541.52563 3475.84082 5632.40727 5.1279 2076.9 6.6278 5374.3 8.0453 "" "" 0.002927266760922188 0.0044485824 0.0041140565 0.008562639
339.91639236174 58.90646660843 0.0286 0.0296 6.2372 "" "" 2008378835638874496 2109.93848 0.4498 0.0352 10.4144191997789 1.0413264998484835 1.0401851851851849 0.13400899 0.04874074074074075 0.12806812 -1.688 -1.82 0.037 0.035 1.0 8569.4 4.3285 16.31083 1.558429 17.030245 15.471816 "" "" 1998.59338 2292.74609 5631.38285 3.3654 2105.3 9.3964 5133.7 10.103 "" "" 0.0028306887715666878 0.005591736 0.0043415697 0.009933306
339.742006432 58.87699804502 0.2175 0.2256 8.3533 "" "" 2008381550058190208 2488.50879 0.5577 0.2629 13.189964567676295 1.1182170454648668 -0.648814814814815 0.393009 0.9107407407407409 0.37606812 -3.377 -0.958 0.296 0.283 7.573 9204.5 3.6488 16.319992 1.396589 16.868347 15.471758 "" "" 1756.41174 4337.14062 5584.05808 15.869 2443.9 10.364 5134.0 12.861 "" "" 0.004136668859523794 0.0053837798 0.004656313 0.010040093
340.07137256164 59.03649108005 0.0329 0.031 7.1021 "" "" 2008384294533652224 2318.59058 0.4121 0.0386 10.902604554459803 0.9920369568373643 0.07418518518518491 0.13800898 -0.9892592592592593 0.13206811 -2.654 -2.858 0.041 0.039 1.003 9104.9 4.2104 16.432364 1.671986 17.218912 15.546926 "" "" 2121.33789 2589.31323 5035.02047 2.5013 1769.5 7.151 4790.6 9.4172 "" "" 0.0028076168122188783 0.0051997383 0.0043403893 0.009540128
339.85932318169 58.96408268966 0.0327 0.0334 2.4486 "" "" 2008382958807448320 2387.36426 0.4038 0.0404 16.538592160210065 1.4615090468763816 -1.195814814814815 0.13900898 -0.8402592592592593 0.13306811 -3.924 -2.709 0.042 0.04 1.03 9430.2 4.0178 16.451847 1.714502 17.261393 15.54689 "" "" 2197.66064 2699.97534 4945.4772 2.3556 1701.6 8.6158 4790.7 7.6241 "" "" 0.002803432703366894 0.006164995 0.004155635 0.01032063
339.64268526859 59.22426972892 0.0323 0.0326 14.644 "" "" 2008448036153456640 2612.29541 0.3609 0.0384 17.213465744370044 1.3901692907932008 1.1201851851851847 0.13800898 -0.8232592592592594 0.13806811 -1.608 -2.692 0.041 0.045 1.044 "" "" 16.49991 1.514742 17.193876 15.679134 "" "" 2415.41382 2897.86157 4731.3218 2.3084 1810.8 7.2995 4241.4 8.8291 "" "" 0.0028057799430790393 0.00519043 0.00440362 0.00959405
339.86575061115 58.9184388264 0.0337 0.0338 5.1931 "" "" 2008381893655580032 2806.4436 0.3266 0.0414 14.65372490129546 1.1015732308795443 -0.8528148148148151 0.13900898 -0.697259259259259 0.13306811 -3.581 -2.566 0.042 0.04 1.099 "" "" 16.513311 1.339313 17.096582 15.75727 "" "" 2527.45679 3131.20874 4673.28221 2.2798 1980.5 9.7981 3946.8 11.29 "" "" 0.0028057675443510107 0.0060528917 0.0048917998 0.0109446915
340.21739817437 58.92878963653 0.0492 0.0515 12.2435 "" "" 2008373814812877056 2027.05249 0.5062 0.06 15.819577296334264 1.6464613428078922 1.602185185185185 0.16100898 -0.3792592592592594 0.15906811 -1.126 -2.248 0.064 0.066 1.45 8602.7 4.1819 16.521725 1.66364 17.246496 15.582856 "" "" 1775.91394 2517.15405 4637.20872 3.947 1725.1 8.2078 4634.6 7.7551 "" "" 0.0029061680106511924 0.005871153 0.0041933726 0.0100645255
339.50769820974 58.94588812026 0.0359 0.0351 11.1538 "" "" 2008407044985114752 2726.65552 0.3441 0.0431 13.023638266887069 1.0076824849116939 -0.7108148148148152 0.14100899 -0.7142592592592594 0.13606812 -3.439 -2.583 0.044 0.043 1.002 "" "" 16.523672 1.799613 17.392742 15.593129 "" "" 2471.61035 3047.15625 4628.90289 2.3863 1507.7 9.2117 4591.0 10.708 "" "" 0.0028115967985273445 0.007196505 0.0045493487 0.011745853
340.26019285839 58.85795445078 0.0347 0.0356 15.4535 "" "" 2008372444727881216 2436.94287 0.3847 0.0416 15.257686361414692 1.3208849550478952 -0.8328148148148151 0.14200899 -1.0252592592592593 0.14106812 -3.561 -2.894 0.045 0.048 0.954 6726.9 4.2409 16.551296 1.642841 17.328085 15.685244 "" "" 2237.97021 2712.0813 4512.61255 2.513 1600.2 8.1666 4217.6 9.2344 "" "" 0.0028208802298679207 0.0062038847 0.0044648466 0.010668731
340.23771173624 58.96276668558 0.0339 0.0388 12.2495 "" "" 2008385741946574336 1993.09741 0.4831 0.0428 14.48378534707065 1.5331166965409446 0.5281851851851846 0.14300899 -1.439259259259259 0.14606811 -2.2 -3.308 0.046 0.053 1.0 8869.3 4.3665 16.573652 1.663526 17.36149 15.697964 "" "" 1842.05469 2169.08325 4420.64679 2.2483 1551.7 7.11 4168.4 8.0551 "" "" 0.0028101083883135852 0.005703936 0.004322701 0.010026637
339.85936848273 59.17971907618 0.0396 0.0351 10.5109 "" "" 2008436560000935552 2348.9292 0.4088 0.0444 15.932177367473141 1.4309579249546078 0.7171851851851847 0.14500898 -1.2382592592592594 0.13906811 -2.011 -3.107 0.048 0.046 1.048 9306.5 3.6115 16.597288 1.743495 17.427166 15.683671 "" "" 2131.96313 2654.06738 4325.45328 2.2062 1460.7 8.3658 4223.7 8.0317 "" "" 0.0028104202631316884 0.006815581 0.004306548 0.011122129
340.31033315074 59.0297998703 0.1005 0.1058 14.301 "" "" 2008386463501061888 2942.1665 0.3882 0.1241 11.55265910895427 0.8283929050955346 0.6041851851851847 0.22700898 0.5667407407407408 0.22806811 -2.124 -1.302 0.13 0.135 2.929 9280.9 3.7228 16.601137 1.50625 17.250093 15.743843 "" "" 2284.96436 3693.24878 4310.14275 7.0292 1719.4 9.0626 3996.0 11.82 "" "" 0.0032752213332427256 0.0063666496 0.0049596224 0.011326272
339.60956739517 58.98304050693 0.0379 0.0368 7.5404 "" "" 2008430684485424512 2652.11865 0.3608 0.0463 12.849552240218198 1.0221548723116265 0.714185185185185 0.14300899 -0.7312592592592593 0.13806811 -2.014 -2.6 0.046 0.045 1.012 8069.3 4.328 16.601934 1.802684 17.474882 15.672198 "" "" 2421.8064 2977.56909 4306.98462 2.3955 1397.9 9.9796 4268.5 10.962 "" "" 0.002820718803258783 0.008237963 0.0046966285 0.012934592
340.08189964914 58.7764940383 0.0379 0.0394 15.461 "" "" 2008365946432070400 2818.77197 0.3245 0.0479 11.97595052051327 0.8963377905913874 -0.6018148148148152 0.151009 -0.6642592592592591 0.14006811 -3.33 -2.533 0.054 0.047 0.99 4883.4 3.4917 16.62253 2.430705 17.939137 15.508431 "" "" 2524.86963 3190.79248 4226.05352 2.5268 911.51 6.522 4963.5 7.0685 "" "" 0.002830762163146876 0.00825448 0.0040834346 0.012337914
339.62273705433 59.24096439601 0.0402 0.041 15.813 "" "" 2008448860787157760 2730.3208 0.3356 0.048 16.436605569148277 1.2700479393218131 -0.8598148148148153 0.14800899 0.9347407407407408 0.15006812 -3.588 -0.934 0.051 0.057 1.079 "" "" 16.69591 1.862971 17.611746 15.748775 "" "" 2434.82983 3129.38721 3949.86873 2.1675 1232.3 5.9275 3977.9 7.0333 "" "" 0.0028190011494488164 0.005921121 0.0042389752 0.010160096
340.00793828535 59.18699779445 0.0407 0.0386 11.9782 "" "" 2008433811221900416 2883.91113 0.334 0.0478 16.057973204986848 1.1747095896550068 -0.861814814814815 0.14800899 -0.798259259259259 0.14206812 -3.59 -2.667 0.051 0.049 0.955 "" "" 16.716326 1.771534 17.56681 15.795277 "" "" 2521.57788 3342.21826 3876.29132 2.1685 1284.4 9.4133 3811.1 10.475 "" "" 0.002821473275266464 0.008432303 0.004815514 0.013247817
339.82770293933 58.74116299501 0.0405 0.0395 15.8215 "" "" 2008365057384212992 2182.66821 0.4444 0.0498 13.384864594818877 1.2937427150017224 -1.155814814814815 0.15600899 -0.5812592592592594 0.14006811 -3.884 -2.45 0.059 0.047 1.041 "" "" 16.747889 1.544933 17.44903 15.904097 "" "" 1978.19812 2399.83472 3765.23084 2.331 1431.5 11.896 3447.6 12.285 "" "" 0.0028361229368761083 0.009444214 0.005408491 0.014852705
339.91421957785 58.91950602232 0.0381 0.0412 5.4798 "" "" 2008380381827099008 2259.36572 0.4158 0.0484 12.245853105320817 1.1434684037601588 -0.813814814814815 0.144009 -0.8032592592592593 0.14006811 -3.542 -2.672 0.047 0.047 1.012 "" "" 16.785976 1.582857 17.47294 15.890083 "" "" 2038.01672 2506.62866 3635.4317 2.2814 1400.4 11.042 3492.4 21.822 "" "" 0.002838313950245908 0.009004123 0.0077658417 0.016769964
339.68913811705 59.01399321155 0.0397 0.0366 4.9988 "" "" 2008430787564640256 2075.31152 0.4614 0.0463 11.282067107541723 1.1469039279850053 0.8051851851851848 0.14500898 0.8167407407407408 0.13706812 -1.923 -1.052 0.048 0.044 1.063 8160.7 4.4191 16.790703 1.705339 17.595743 15.890404 "" "" 1863.93054 2297.2373 3619.63947 2.0207 1250.6 8.1215 3491.4 9.42 "" "" 0.002821200916330425 0.0075828545 0.004781735 0.01236459
339.89113584822 59.19997802402 0.0451 0.042 11.791 "" "" 2008436937958054144 2454.47168 0.3797 0.0521 10.53562815962607 0.905574254900472 0.7311851851851847 0.153009 -0.5342592592592592 0.14706811 -1.997 -2.403 0.056 0.054 1.11 8104.1 3.8496 16.792673 2.37075 18.062256 15.691505 "" "" 2163.85107 2769.81323 3613.08123 2.0207 813.79 7.3312 4193.3 8.8108 "" "" 0.002821437493587459 0.010171267 0.0044145314 0.014585799
339.88529570506 59.18059353197 0.041 0.0386 10.6155 "" "" 2008436727495148928 2100.34229 0.4598 0.0477 16.88901753837242 1.6964300941895243 1.578185185185185 0.14800899 -0.6222592592592593 0.14206812 -1.15 -2.491 0.051 0.049 1.024 8482.5 4.4529 16.803757 1.681421 17.596428 15.915007 "" "" 1913.12659 2394.49756 3576.38399 2.2162 1249.8 7.1351 3413.2 9.0712 "" "" 0.0028362749829133997 0.006797496 0.0047550057 0.0115525015
339.52521049416 58.89182409435 0.0453 0.0448 12.1151 "" "" 2008405563211013632 2977.37354 0.3225 0.0536 13.843014232674934 0.9808870464050451 -0.684814814814815 0.15400898 -0.7022592592592594 0.14706811 -3.413 -2.571 0.057 0.054 1.159 8989.5 4.301 16.826643 1.863041 17.706896 15.843855 "" "" 2547.54443 3377.08862 3501.7865 2.5674 1128.9 8.1627 3644.3 7.2835 "" "" 0.0028680044402738182 0.008331682 0.00435803 0.0126897115
339.38551404815 59.07301153869 0.0447 0.0414 14.9108 "" "" 2008423159702330752 2336.4856 0.4043 0.0508 15.584854638959108 1.4072177533035253 -1.3728148148148152 0.153009 -0.3092592592592591 0.14406812 -4.101 -2.178 0.056 0.051 0.955 8400.7 4.2 16.836344 1.918772 17.786303 15.867531 "" "" 2114.52832 2708.15625 3470.6345 2.3631 1049.3 8.2313 3565.7 7.722 "" "" 0.002852769804702489 0.008962504 0.004451109 0.013413613
339.57475980761 59.08995793165 0.0442 0.0399 9.916 "" "" 2008435116891654400 2497.31885 0.3934 0.0513 15.893610107479319 1.3426728834229453 0.9301851851851848 0.15400898 -0.9682592592592594 0.14206812 -1.798 -2.837 0.057 0.049 0.998 8305.3 4.4034 16.8578 1.630646 17.622377 15.991732 "" "" 2230.46997 2843.01978 3402.72797 2.0717 1220.3 6.1821 3180.3 7.8871 "" "" 0.002833505903926648 0.006167606 0.0046404614 0.010808067
340.02023671047 58.79735329317 0.0415 0.0439 13.509 "" "" 2008366844090248320 2358.51489 0.4213 0.0524 16.16028745880619 1.445546670150428 -0.3038148148148152 0.15600899 -1.4132592592592592 0.14506811 -3.032 -3.282 0.059 0.052 0.961 5338.8 4.3199 16.864471 1.560123 17.568895 16.008772 "" "" 2049.84814 2683.88672 3381.87906 2.0499 1281.9 7.1398 3130.8 12.297 "" "" 0.0028328252685301614 0.0066598793 0.005698218 0.012358097
339.98262818516 58.82438909752 0.0403 0.0431 11.5682 "" "" 2008367187687612928 2683.8606 0.3762 0.0505 15.176193642258777 1.1929563765384426 0.3051851851851848 0.151009 -1.153259259259259 0.14406812 -2.423 -3.022 0.054 0.051 0.971 7142.3 4.3204 16.870249 1.531784 17.587412 16.055628 "" "" 2356.44653 3019.74097 3363.93441 1.9451 1260.2 7.2198 2998.5 7.4415 "" "" 0.002825936568483555 0.0068174005 0.004641567 0.011458967
339.74098364221 58.76730059951 0.0466 0.045 14.6333 "" "" 2008377083292240768 2187.41138 0.4489 0.0543 12.953131927756228 1.249297813747724 -1.244814814814815 0.16600898 0.10574074074074091 0.14906812 -3.973 -1.763 0.069 0.056 1.046 "" "" 16.942131 1.760229 17.778757 16.018528 "" "" 1966.95288 2511.93164 3148.43164 1.9197 1056.6 7.708 3102.8 11.244 "" "" 0.002833733278785373 0.0083976295 0.0054556523 0.013853282
340.13101608403 58.94569994815 0.0423 0.0437 9.384 "" "" 2008380003870251520 2262.17578 0.423 0.0511 12.549690204804573 1.1703838360688084 -0.9538148148148151 0.151009 -0.6782592592592593 0.14806812 -3.682 -2.547 0.054 0.055 1.014 8490.5 4.3498 16.94269 1.514158 17.641495 16.127337 "" "" 2039.65222 2666.05542 3146.81358 2.5489 1199.0 9.0213 2806.9 7.8057 "" "" 0.0028922661589079325 0.008632453 0.004837357 0.01346981
339.68729543948 58.80363060471 0.0434 0.0428 13.069 "" "" 2008354715102075392 2337.62573 0.4004 0.051 15.925605066768231 1.437284099609537 0.37218518518518495 0.15400898 -1.3882592592592593 0.14606811 -2.356 -3.257 0.057 0.053 1.058 8336.2 4.4214 16.949848 1.549982 17.670444 16.120462 "" "" 2101.55347 2640.09497 3126.13075 1.9385 1167.5 7.6775 2824.7 10.684 "" "" 0.002836383046519701 0.007665642 0.005581054 0.013246696
339.8592804251 59.08882433763 0.0457 0.0448 5.0615 "" "" 2008432849149245440 2154.97144 0.4529 0.0541 17.218027665528215 1.6856350022374875 1.3891851851851849 0.15400898 0.9547407407407408 0.15106812 -1.339 -0.914 0.057 0.058 0.988 5487.4 4.3703 16.954094 1.686773 17.752535 16.065762 "" "" 1886.83264 2455.34204 3113.93408 1.9499 1082.4 7.1709 2970.7 7.802 "" "" 0.0028379597362299786 0.0077152005 0.0047344174 0.012449618
339.93132907045 58.89408532151 0.0428 0.0451 7.0937 "" "" 2008380106949200768 2301.18359 0.4266 0.0523 15.263972758533132 1.399387441925941 -1.3388148148148153 0.14900899 -0.407259259259259 0.14606811 -4.067 -2.276 0.052 0.053 1.049 7720.0 4.3452 16.954512 1.632774 17.729576 16.096802 "" "" 2023.67102 2569.2627 3112.73365 1.9362 1105.6 7.3042 2886.9 6.014 "" "" 0.0028368811619582 0.007696527 0.004404487 0.012101014
339.95435712317 59.16332357882 0.046 0.0423 10.0527 "" "" 2008433673782947328 2378.21777 0.3984 0.0529 14.033577275101862 1.2449113569624553 -1.071814814814815 0.153009 -0.633259259259259 0.14506811 -3.8 -2.502 0.056 0.052 0.949 "" "" 16.961037 1.563307 17.688555 16.125248 "" "" 2141.35791 2715.9834 3094.08612 1.9323 1148.1 4.8897 2812.3 7.4652 "" "" 0.0028375255393808117 0.0054006767 0.004752898 0.010153575
340.18937432284 58.96469433353 0.0445 0.0466 10.7645 "" "" 2008385845025777792 2089.53027 0.4594 0.0527 13.160304927448207 1.3287367398138497 1.0321851851851849 0.15200898 0.8367407407407408 0.15106812 -1.696 -1.032 0.055 0.058 1.069 "" "" 16.971823 1.698853 17.790985 16.092133 "" "" 1863.2218 2359.88403 3063.49889 1.7989 1044.8 8.1898 2899.4 11.306 "" "" 0.002828119191322381 0.008956381 0.005675241 0.014631622
340.11500000953 59.08395884903 0.0476 0.0443 9.4658 "" "" 2008391067705923072 2625.04272 0.3514 0.0546 13.210356839437425 1.0616951459766584 0.27018518518518464 0.15400898 1.026740740740741 0.14906812 -2.458 -0.842 0.057 0.056 1.046 9445.2 4.1838 16.980556 1.801302 17.840662 16.03936 "" "" 2323.37231 3057.02686 3038.95215 2.0594 998.05 6.8003 3043.8 10.848 "" "" 0.0028518668567011733 0.007906444 0.0054089706 0.013315415
339.99175092539 58.76746676734 0.0489 0.0471 14.8923 "" "" 2008364610707261952 2252.93188 0.4488 0.0626 12.843827540454807 1.2027297769340086 1.1781851851851848 0.16800898 0.2417407407407408 0.14806812 -1.55 -1.627 0.071 0.055 1.043 8251.5 4.4587 16.994633 1.589481 17.744682 16.155201 "" "" 1903.53821 2526.82104 2999.80944 1.9986 1090.3 7.3898 2735.8 6.472 "" "" 0.002848691634889725 0.007870068 0.0045695608 0.012439629
