Clusters/Stephenson_1/Stephenson_1_stars_in_region.tsv
# %ECSV 1.0
# ---
# datatype:
# - name: RA_ICRS_1
#   unit: deg
#   datatype: float64
#   format: '{:15.11f}'
#   description: Right ascension (ICRS) at Ep=2016.0 (ra)
#   meta: !!omap
#   - {ucd: POS_EQ_RA_MAIN}
#   - {width: 15}
#   - {precision: '11'}
# - name: DE_ICRS_1
#   unit: deg
#   datatype: float64
#   format: '{:15.11f}'
#   description: Declination (ICRS) at Ep=2016.0 (dec)
#   meta: !!omap
#   - {ucd: POS_EQ_DEC_MAIN}
#   - {width: 15}
#   - {precision: '11'}
# - name: e_RA_ICRS
#   unit: mas
#   datatype: float64
#   format: '{:7.4f}'
#   description: Standard error of right ascension (ra_error)
#   meta: !!omap
#   - {ucd: ERROR}
#   - {width: 7}
#   - {precision: '4'}
# - name: e_DE_ICRS
#   unit: mas
#   datatype: float64
#   format: '{:7.4f}'
#   description: Standard error of declination (dec_error)
#   meta: !!omap
#   - {ucd: ERROR}
#   - {width: 7}
#   - {precision: '4'}
# - name: _r_1
#   unit: ''
#   datatype: float64
#   format: '{:8.4f}'
#   description: Distance from center (283.52340549000+36.93240597000)[ICRS], at Epoch=J2016.0
#   meta: !!omap
#   - {ucd: POS_ANG_DIST_GENERAL}
#   - {width: 8}
#   - {precision: '4'}
# - name: HIP
#   datatype: int32
#   description: '? HIP cross-id number, van Leeuwen, Cat. I/311 (hip_original_ext_source_id)'
#   meta: !!omap
#   - {ucd: ID_NUMBER}
#   - {width: 6}
#   - values: {'null': -2147483648}
# - name: TYC2
#   datatype: string
#   description: Tycho-2 cross-id name, Hog et al., Cat. I/259 (tyc2_original_ext_source_id)
#   meta: !!omap
#   - {ucd: ID_CROSSID}
#   - {_votable_string_dtype: char}
# - name: Source
#   datatype: int64
#   description: Source identifier, identical to the Gaia-EDR3 source_id (id)
#   meta: !!omap
#   - {ucd: ID_MAIN}
#   - {width: 19}
# - name: rgeo
#   unit: pc
#   datatype: float64
#   format: '{:15.8f}'
#   description: '? Median of the geometric distance posterior (r_med_geo)'
#   meta: !!omap
#   - {ucd: PHYS_DISTANCE_TRUE}
#   - {width: 15}
#   - {precision: '8'}
#   - values: {'null': .nan}
# - name: Plx
#   unit: mas
#   datatype: float64
#   format: '{:9.4f}'
#   description: '? Parallax (parallax)'
#   meta: !!omap
#   - {ucd: POS_PARLX_TRIG}
#   - {width: 9}
#   - {precision: '4'}
#   - values: {'null': .nan}
# - name: e_Plx
#   unit: mas
#   datatype: float32
#   format: '{:7.4f}'
#   description: '? Standard error of parallax (parallax_error)'
#   meta: !!omap
#   - {ucd: ERROR}
#   - {width: 7}
#   - {precision: '4'}
#   - values: {'null': .nan}
# - name: pmRA
#   unit: mas / yr
#   datatype: float64
#   format: '{:9.3f}'
#   description: '? Proper motion in right ascension direction, pmRA*cosDE (pmra)'
#   meta: !!omap
#   - {ucd: POS_EQ_PMRA}
#   - {width: 9}
#   - {precision: '3'}
#   - values: {'null': .nan}
# - name: pmDE
#   unit: mas / yr
#   datatype: float64
#   format: '{:9.3f}'
#   description: '? Proper motion in declination direction (pmdec)'
#   meta: !!omap
#   - {ucd: POS_EQ_PMDEC}
#   - {width: 9}
#   - {precision: '3'}
#   - values: {'null': .nan}
# - name: e_pmRA
#   unit: mas / yr
#   datatype: float32
#   format: '{:6.3f}'
#   description: '? Standard error of proper motion in right ascension direction (pmra_error)'
#   meta: !!omap
#   - {ucd: ERROR}
#   - {width: 6}
#   - {precision: '3'}
#   - values: {'null': .nan}
# - name: e_pmDE
[...]
#         value: !astropy.table.SerializedColumn {name: SkyCoord.dec}
#       distance: !astropy.table.SerializedColumn
#         __class__: astropy.coordinates.distances.Distance
#         unit: !astropy.units.Unit {unit: pc}
#         value: !astropy.table.SerializedColumn {name: SkyCoord.distance}
#       frame: icrs
#       obstime: !astropy.time.Time {format: jyear_str, in_subfmt: '*', jd1: 367701545.0, jd2: 0.0, out_subfmt: '*', precision: 3, scale: tt}
#       pm_dec: !astropy.table.SerializedColumn
#         __class__: astropy.units.quantity.Quantity
#         unit: !astropy.units.Unit {unit: mas / yr}
#         value: !astropy.table.SerializedColumn {name: SkyCoord.pm_dec}
#       pm_ra_cosdec: !astropy.table.SerializedColumn
#         __class__: astropy.units.quantity.Quantity
#         unit: !astropy.units.Unit {unit: mas / yr}
#         value: !astropy.table.SerializedColumn {name: SkyCoord.pm_ra_cosdec}
#       ra: !astropy.table.SerializedColumn
#         __class__: astropy.coordinates.angles.Longitude
#         unit: *id001
#         value: !astropy.table.SerializedColumn {name: SkyCoord.ra}
#         wrap_angle: !astropy.coordinates.Angle
#           unit: *id001
#           value: 360.0
#       representation_type: spherical
# schema: astropy-2.0
RA_ICRS_1 DE_ICRS_1 e_RA_ICRS e_DE_ICRS _r_1 HIP TYC2 Source rgeo Plx e_Plx pmRA pmDE e_pmRA e_pmDE RUWE Teff logg Gmag BP-RP BPmag RPmag RV e_RV b_rgeo B_rgeo FG e_FG FBP e_FBP FRP e_FRP RAVE5 RAVE6 e_Gmag e_BPmag e_RPmag e_BP-RP SkyCoord.ra SkyCoord.dec SkyCoord.distance SkyCoord.pm_ra_cosdec SkyCoord.pm_dec rmRA rmDE e_rmRA e_rmDE rRV e_rRV v_pec v_pec3d e_vpec e_vpec3d
[from data line 85]
284.20373740585 35.28480136322 0.0105 0.0125 104.2111 "" 2647-582-1 2092463540693663872 382.720886 2.6013 0.0136 -4.273 -1.798 0.014 0.015 1.154 7140.7 4.1401 10.717303 0.477285 10.892107 10.414822 -19.6 2.16 381.093536 384.666016 972803.90707 995.99 600580.0 2247.9 541040.0 1166.5 "" "" 0.0029711066657965354 0.004929439 0.0044456115 0.009375051 284.20373740585 35.28480136322 382.720886 -4.273 -1.7980000000000005 -5.428500054359436 1.223465539932251 0.1978715 0.19887151 -0.9382758620689664 4.9778786 10.094839505951596 10.138350272320556 1.9979702556430712 2.0420403481177236
283.22212571349 36.23452245752 0.0235 0.0305 44.3175 "" 2650-973-2 2093326416800046848 370.469147 2.6856 0.0282 3.629 0.399 0.031 0.041 1.178 "" "" 10.728556 0.343556 10.330999 9.987443 "" "" 366.51123 374.347961 962774.63918 1747.2 1007000.0 124630.0 802010.0 159290.0 "" "" 0.0033873365216694584 0.13440365 0.21567494 0.35007858 283.22212571349 36.23452245752 370.469147 3.628999999999999 0.3989999999999995 2.473499945640564 3.420465539932251 0.21487151 0.22487152 "" "" 7.412372946705026 "" 1.6417565354732429 ""
283.08834949689 38.55525069404 0.0085 0.009 99.5341 "" 3119-1034-1 2097204016354763776 324.271454 3.0716 0.0098 -2.483 43.637 0.012 0.011 0.98 5950.0 4.0558 10.754603 0.737012 11.041273 10.304261 -37.04 0.29 323.195282 325.334839 939951.27834 107.72 523490.0 218.95 599040.0 113.12 "" "" 0.0027581282657847565 0.0028268825 0.003784939 0.0066118212 283.08834949689 38.55525069404 324.271454 -2.4830000000000014 43.637 -3.638500054359436 46.65846553993225 0.1958715 0.19487152 -18.378275862068964 3.1078787 71.93396728389932 74.24457335632958 14.018317085666654 13.603815689595779
284.06011731603 36.54342233562 0.0074 0.0085 34.7949 "" 2651-937-1 2093718186538676480 295.968628 3.3618 0.0093 -32.675 -45.601 0.01 0.01 0.891 5757.3 4.076 10.76208 0.852378 11.104125 10.251747 -10.72 0.23 295.136414 296.866608 933500.44991 107.53 494050.0 198.28 628720.0 150.96 "" "" 0.0027581571600269034 0.0028239903 0.0037883623 0.0066123526 284.06011731603 36.54342233562 295.968628 -32.675 -45.60100000000004 -33.83050005435943 -42.57953446006775 0.19387151 0.19387151 7.941724137931034 3.0478787 76.29355089101598 76.70578133258954 14.791146144075851 14.71503988343918
283.43990121508 36.88761675482 0.009 0.0098 4.824 "" "" 2093919465885617792 393.890533 2.5241 0.0107 0.715 -18.632 0.012 0.012 0.995 5833.4 3.9439 10.770329 0.776777 11.076941 10.300163 -22.06 4.89 392.46994 395.478668 926435.22507 264.61 506570.0 426.64 601300.0 364.34 "" "" 0.0027727166254208455 0.0029361905 0.0038362117 0.006772402 283.43990121508 36.88761675482 393.890533 0.7149999999999999 -18.632 -0.44050005435943607 -15.61053446006775 0.1958715 0.1958715 -3.3982758620689637 7.7078786 29.157111274959405 29.35447864866766 5.711047184102487 5.742401072592432
283.61072161274 37.01416129947 0.0099 0.0109 6.4483 "" "" 2093933656457718016 354.438538 2.8053 0.0119 0.865 -3.024 0.012 0.014 0.979 6905.7 4.1668 10.820783 0.517344 11.010716 10.493372 -18.1 1.57 352.736572 355.904602 884369.59176 173.28 538430.0 352.53 503280.0 134.72 "" "" 0.0027635205044849046 0.0028793032 0.0037905402 0.0066698436 283.61072161274 37.01416129947 354.438538 0.8650000000000001 -3.024 -0.29050005435943604 -0.0025344600677490448 0.1958715 0.1978715 0.5617241379310336 4.387879 0.4880698990071602 0.7441412725089386 0.09559905895217025 3.3128374626301462
282.89495546958 38.13238894969 0.0111 0.0127 77.9608 "" 3119-1568-1 2097056097682228224 353.668091 2.8054 0.0128 6.389 -8.487 0.014 0.016 0.824 6263.6 3.9849 10.824246 0.660061 11.077014 10.416953 -5.81 0.41 352.382446 354.941345 881552.61176 201.42 506540.0 277.41 539980.0 183.42 "" "" 0.0027664651418263177 0.0028528247 0.0037973335 0.006650158 282.89495546958 38.13238894969 353.668091 6.388999999999999 -8.487000000000002 5.233499945640564 -5.465534460067749 0.1978715 0.19987151 12.851724137931036 3.2278788 12.685451118742488 18.05789255155441 2.5233565953241883 2.9016625852123186
282.81509458041 37.08239849427 0.014 0.0151 35.1105 "" 2650-1797-1 2093981657012525952 299.463562 3.3204 0.0172 -21.79 -56.452 0.018 0.02 1.603 5825.5 4.0741 10.828281 0.825974 11.156409 10.330435 8.28 0.36 298.238922 300.921173 878282.37172 75.342 470820.0 176.67 584770.0 105.82 "" "" 0.002756893923795318 0.0028197574 0.0037844854 0.006604243 282.81509458041 37.08239849427 299.463562 -21.79 -56.452 -22.945500054359435 -53.43053446006775 0.20187151 0.2038715 26.941724137931033 3.1778789 82.54016543329158 86.82589135321052 16.801990156888827 16.003053272583053
283.72789811363 35.95707229946 0.0082 0.0092 59.3465 "" 2651-1588-1 2093257727382954752 337.333282 2.9439 0.0103 -8.823 -2.071 0.011 0.012 0.891 5880.4 3.8367 10.84057 0.75874 11.13543 10.376691 -27.23 0.34 335.868622 338.554047 868397.60539 93.754 480000.0 234.19 560380.0 140.55 "" "" 0.0027578124552975897 0.0028400102 0.0037891797 0.00662919 283.72789811363 35.95707229946 337.333282 -8.823 -2.0710000000000006 -9.978500054359436 0.9504655399322508 0.19487152 0.1958715 -8.568275862068965 3.1578786 16.027435995938063 18.17399394333576 3.1234352057717305 3.131123789284145
284.58581087586 35.5468127946 0.0112 0.0143 97.747 "" 2647-523-1 2092845925918574848 366.814117 2.7099 0.0149 -7.512 5.894 0.015 0.017 1.247 6684.8 4.0773 10.842614 0.613344 11.01538 10.402036 -18.73 2.57 364.732086 368.363556 866764.31714 209.02 536120.0 536.92 547450.0 791.54 "" "" 0.002767732238526529 0.0029945604 0.0040924437 0.0070870044 284.58581087586 35.5468127946 366.814117 -7.512 5.894 -8.667500054359436 8.915465539932251 0.19887151 0.20087151 -0.06827586206896541 5.3878784 21.619452630254987 21.619560440147264 4.32177634184672 4.321788285862236
283.27281443696 36.06475178764 0.0106 0.0113 53.4438 "" 2650-208-1 2093315662204567424 411.569031 2.4134 0.0127 4.106 -3.833 0.014 0.014 1.09 "" "" 10.850344 0.703608 11.118834 10.415225 -15.75 0.47 408.711517 413.703033 860615.48077 140.34 487400.0 277.53 540840.0 148.6 "" "" 0.002761002753429918 0.0028578409 0.003791137 0.0066489778 283.27281443696 36.06475178764 411.569031 4.106 -3.833 2.950499945640564 -0.8115344600677492 0.1978715 0.1978715 2.911724137931035 3.2878788 5.969701505122125 6.641948021150692 1.1812338284673445 1.7901568431643822
282.64039660061 36.63305279085 0.0271 0.0288 46.0773 "" 2650-1371-1 2093582358191034752 305.597839 3.2529 0.0341 7.235 -17.425 0.04 0.04 2.82 "" "" 10.858006 0.917302 11.232965 10.315663 -16.77 0.26 303.114349 309.354187 854563.95056 98.41 438760.0 230.64 592780.0 154.88 "" "" 0.002758155587869097 0.0028479437 0.0037900133 0.006637957 282.64039660061 36.63305279085 305.597839 7.235000000000001 -17.425 6.079499945640564 -14.40353446006775 0.2238715 0.2238715 1.8917241379310354 3.0778787 22.64638456220044 22.725258061309255 5.069880065664256 5.058776207079833
281.51794036821 37.40053091912 0.1615 0.1772 99.914 "" 2650-1921-1 2096669378826723712 310.863434 3.1879 0.1978 5.98 -20.551 0.218 0.238 12.18 5665.8 4.0766 10.870815 0.933969 11.24616 10.312191 15.47 0.58 290.287994 332.183624 844540.45865 341.01 433460.0 179.4 594680.0 155.51 "" "" 0.002789979270180595 0.002826124 0.0037900317 0.0066161556 281.51794036821 37.40053091912 310.863434 5.980000000000001 -20.551 4.824499945640564 -17.529534460067747 0.4018715 0.4218715 34.13172413793104 3.3978786 26.79004111806182 43.389870888667865 11.265061807633282 7.451244048714838
282.88398915653 37.4031327473 0.0091 0.0102 41.6212 "" 2650-1932-1 2093995503988318336 307.499115 3.2284 0.0116 -15.403 -13.434 0.013 0.013 0.918 5516.1 3.8308 10.875377 0.901845 11.242982 10.341137 -9.58 0.26 306.52301 308.53952 841000.30676 127.06 434730.0 186.9 579030.0 150.69 "" "" 0.0027601987141549667 0.0028289456 0.0037899297 0.006618875 282.88398915653 37.4031327473 307.499115 -15.403000000000013 -13.434000000000003 -16.558500054359435 -10.412534460067748 0.1968715 0.1968715 9.081724137931035 3.0778787 28.51001316094245 29.921540130056655 5.612809175402554 5.429007960821315
284.23750728327 38.17335737173 0.0093 0.0105 81.8386 "" 3119-1723-1 2094147855063434240 300.987305 3.3034 0.0116 9.386 -17.502 0.013 0.015 0.955 6424.5 4.2018 10.879686 0.620863 11.113362 10.492499 7.72 0.49 300.04892 301.817535 837668.87863 134.66 489860.0 278.06 503680.0 136.46 "" "" 0.002760842804828202 0.0028574239 0.0037908116 0.0066482355 284.23750728327 38.17335737173 300.987305 9.386000000000005 -17.502 8.230499945640563 -14.480534460067748 0.1968715 0.19887151 26.381724137931034 3.3078787 23.762979250577132 35.50597909300985 4.7142189956453375 3.999423181124862
282.17487103759 37.22391636182 0.0096 0.0111 66.8796 "" 2650-2046-1 2096626291713883008 402.860443 2.4625 0.012 -11.687 -4.298 0.012 0.013 0.879 6783.2 4.0637 10.886731 0.543206 11.086096 10.54289 -18.89 0.7 400.763428 405.108154 832251.10404 137.04 502320.0 249.2 480840.0 143.48 "" "" 0.0027611141673880776 0.0028416847 0.0037932424 0.0066349274 282.17487103759 37.22391636182 402.860443 -11.686999999999996 -4.297999999999996 -12.842500054359435 -1.276534460067749 0.1958715 0.1968715 -0.22827586206896555 3.5178788 24.6443559865876 24.645413201300954 4.827368745870723 4.827271638303598
283.14979452454 36.37307030933 0.0077 0.0085 38.075 "" 2650-804-1 2093516116916504576 366.492432 2.7051 0.0095 -13.327 -3.323 0.011 0.011 0.868 6304.1 4.0547 10.894905 0.68118 11.154788 10.473608 -17.46 0.3 365.324036 367.630157 826008.89533 89.785 471520.0 221.89 512530.0 116.29 "" "" 0.0027578465042367153 0.0028365646 0.003787402 0.0066239666 283.14979452454 36.37307030933 366.492432 -13.326999999999993 -3.323 -14.482500054359436 -0.301534460067749 0.19487152 0.19487152 1.2017241379310342 3.1178787 25.164076910963814 25.19275506340242 4.903761792112617 4.900437016381945
283.5036045232 36.80512547606 0.01 0.0112 7.6957 "" "" 2093906306105811968 355.802368 2.7851 0.0125 0.439 -2.208 0.013 0.015 1.121 6859.2 4.1509 10.923167 0.557815 11.129306 10.571491 -18.39 2.12 354.325928 357.794983 804784.85381 174.27 482720.0 255.16 468340.0 114.36 "" "" 0.0027653327302796554 0.0028485816 0.0037886691 0.006637251 283.5036045232 36.80512547606 355.802368 0.4390000000000005 -2.2079999999999984 -0.716500054359436 0.8134655399322508 0.1968715 0.19887151 0.27172413793103445 4.9378786 1.8282025656940128 1.848285321140796 0.3619845458858561 0.8094361991381965
282.23118276932 36.98094664035 0.0109 0.0135 62.0241 "" 2650-1431-1 2096606844101441792 296.51889 3.3528 0.0133 3.85 7.006 0.014 0.016 1.108 6428.7 4.2359 10.933206 0.614745 11.165022 10.550277 -23.86 1.35 295.251984 297.779633 797378.79572 182.08 467100.0 226.67 477580.0 149.42 "" "" 0.0027664519962902335 0.00283948 0.003794617 0.006634097 282.23118276932 36.98094664035 296.51889 3.8500000000000005 7.006 2.694499945640564 10.027465539932251 0.1978715 0.19987151 -5.198275862068964 4.1678786 14.59355254687203 15.491734824624514 2.9148789998172293 3.0815198031674798
281.71172082571 37.10109286804 0.0114 0.0125 87.3802 "" 2650-1905-1 2096650068653658624 302.111603 3.2845 0.014 -11.278 -8.8 0.015 0.016 0.841 6103.0 4.0925 10.934946 0.684326 11.198467 10.514141 -11.3 0.33 300.805847 303.413696 796101.00598 165.93 452930.0 247.12 493740.0 123.36 "" "" 0.0027645976668498233 0.002852361 0.0037891048 0.0066414657 281.71172082571 37.10109286804 302.111603 -11.278 -8.8 -12.433500054359437 -5.77853446006775 0.19887151 0.19987151 7.361724137931034 3.1478786 19.633850451951066 20.96862098118461 3.9081082213829563 3.8225811421466207
283.73193002283 36.69759040321 0.0123 0.016 17.2866 "" 2651-630-1 2093715059803489280 357.141754 2.7721 0.0158 0.98 -3.433 0.016 0.021 1.088 6559.5 4.0725 10.942659 0.629358 11.177583 10.548224 -0.21 8.42 355.248077 359.239319 790465.94203 245.95 461730.0 260.17 478480.0 182.79 "" "" 0.002775952651653482 0.0028564523 0.003802074 0.006658526 283.73193002283 36.69759040321 357.141754 0.9800000000000004 -3.4329999999999976 -0.17550005435943605 -0.41153446006774885 0.19987151 0.2048715 18.451724137931034 11.237879 0.75737082369397 18.467261145792293 0.15458702860679682 11.228425856915262
283.33724049272 37.54392423379 0.0177 0.0178 37.7533 "" 3119-2357-1 2094018387573077504 407.628296 2.4303 0.0203 -6.02 -19.622 0.025 0.023 1.703 "" "" 10.949791 1.030227 11.37977 10.349544 -4.36 1.57 404.455933 411.240967 785290.692 101.45 383270.0 211.45 574570.0 139.02 "" "" 0.0027588880664211157 0.002853743 0.0037885008 0.006642244 283.33724049272 37.54392423379 407.628296 -6.02 -19.622000000000007 -7.175500054359436 -16.60053446006775 0.20887151 0.20687151 14.301724137931036 4.387879 34.94298993230713 37.75648101620166 7.239755534267837 6.9033436807302895
283.42686584999 35.48935299092 0.009 0.0107 86.7092 "" 2646-1902-1 2093218492858852608 365.817474 2.706 0.0114 -1.384 -17.455 0.011 0.013 0.889 6340.7 4.0546 10.951281 0.689327 11.215171 10.525844 -12.23 0.4 364.515594 367.338348 784214.15431 143.54 446010.0 196.16 488450.0 131.02 "" "" 0.002762477665900823 0.002830737 0.0037905863 0.0066213235 283.42686584999 35.48935299092 365.817474 -1.3839999999999997 -17.455 -2.539500054359436 -14.433534460067747 0.19487152 0.1968715 6.431724137931035 3.2178788 25.41181239373985 26.213112835393567 5.001343182672785 4.912325068604919
282.1119721224 35.5972576667 0.009 0.0103 105.2577 "" 2646-1934-1 2093383453967060864 288.625092 3.4352 0.0111 -12.848 39.476 0.012 0.014 0.894 5786.0 4.0054 10.966963 0.836332 11.301261 10.464929 -47.54 0.4 287.845673 289.548309 772968.26297 116.61 412010.0 152.21 516640.0 140.6 "" "" 0.002760184402404004 0.0028188536 0.0037909145 0.006609768 282.1119721224 35.5972576667 288.625092 -12.848000000000003 39.476 -14.003500054359437 42.49746553993225 0.1958715 0.1978715 -28.878275862068964 3.2178788 61.2151395168094 67.68491798641847 12.100795174588159 11.029900499400206
285.39451801425 36.88334400446 0.0124 0.0152 89.8155 "" 2651-1918-1 2093040578138653952 423.601044 2.3367 0.0161 -3.756 -32.907 0.016 0.019 1.291 6179.6 3.8474 10.968532 0.707344 11.242022 10.534678 8.97 0.35 421.118896 426.895691 771852.25387 162.7 435120.0 204.29 484490.0 133.03 "" "" 0.0027648088874189544 0.0028363531 0.0037911215 0.006627475 285.39451801425 36.88334400446 423.601044 -3.756 -32.907 -4.911500054359436 -29.885534460067745 0.19987151 0.2028715 27.631724137931037 3.1678786 60.81118768340247 66.79455611276057 12.332093777127453 11.30362473084714
284.7738699514 37.2460596925 0.0085 0.0104 62.738 "" 2651-325-1 2093857618356571776 291.738312 3.4001 0.0109 14.535 12.175 0.011 0.012 0.961 5823.2 4.0494 10.977187 0.76482 11.27833 10.51351 -4.19 0.43 290.867859 292.781799 765723.45831 130.85 420810.0 215.08 494030.0 148.8 "" "" 0.0027615598278204812 0.002844819 0.0037935036 0.006638323 284.7738699514 37.2460596925 291.738312 14.535 12.175 13.379499945640564 15.196465539932252 0.19487152 0.1958715 14.471724137931034 3.2478788 27.99844128251054 31.517352581943907 5.471888385095687 5.0845734405866745
282.85317254807 36.74653591738 0.0086 0.0098 34.0613 "" 2650-1243-1 2093586279502858240 401.425049 2.4615 0.0106 -17.922 -13.686 0.012 0.013 0.996 "" "" 10.984798 0.816573 11.309678 10.493105 -44.77 0.26 399.778412 403.11087 760374.51152 99.559 408830.0 150.0 503400.0 108.09 "" "" 0.0027589851134123137 0.0028184636 0.0037865653 0.006605029 282.85317254807 36.74653591738 401.425049 -17.922000000000008 -13.686 -19.077500054359437 -10.664534460067749 0.1958715 0.1968715 -26.108275862068968 3.0778787 41.58654507566463 49.10277792365906 8.155539707322603 7.09838564784263
