Clusters/Stephenson_1/Stephenson_1_stars_in_region.tsv
# %ECSV 1.0
# ---
# datatype:
# - name: RA_ICRS_1
#   unit: deg
#   datatype: float64
#   format: '{:15.11f}'
#   description: Right ascension (ICRS) at Ep=2016.0 (ra)
#   meta: !!omap
#   - {ucd: POS_EQ_RA_MAIN}
#   - {width: 15}
#   - {precision: '11'}
# - name: DE_ICRS_1
#   unit: deg
#   datatype: float64
#   format: '{:15.11f}'
#   description: Declination (ICRS) at Ep=2016.0 (dec)
#   meta: !!omap
#   - {ucd: POS_EQ_DEC_MAIN}
#   - {width: 15}
#   - {precision: '11'}
# - name: e_RA_ICRS
#   unit: mas
#   datatype: float64
#   format: '{:7.4f}'
#   description: Standard error of right ascension (ra_error)
#   meta: !!omap
#   - {ucd: ERROR}
#   - {width: 7}
#   - {precision: '4'}
# - name: e_DE_ICRS
#   unit: mas
#   datatype: float64
#   format: '{:7.4f}'
#   description: Standard error of declination (dec_error)
#   meta: !!omap
#   - {ucd: ERROR}
#   - {width: 7}
#   - {precision: '4'}
# - name: _r_1
#   unit: ''
#   datatype: float64
#   format: '{:8.4f}'
#   description: Distance from center (283.52340549000+36.93240597000)[ICRS], at Epoch=J2016.0
#   meta: !!omap
#   - {ucd: POS_ANG_DIST_GENERAL}
#   - {width: 8}
#   - {precision: '4'}
# - name: HIP
#   datatype: int32
#   description: '? HIP cross-id number, van Leeuwen, Cat. I/311 (hip_original_ext_source_id)'
#   meta: !!omap
#   - {ucd: ID_NUMBER}
#   - {width: 6}
#   - values: {'null': -2147483648}
# - name: TYC2
#   datatype: string
#   description: Tycho-2 cross-id name, Hog et al., Cat. I/259 (tyc2_original_ext_source_id)
#   meta: !!omap
#   - {ucd: ID_CROSSID}
#   - {_votable_string_dtype: char}
# - name: Source
#   datatype: int64
#   description: Source identifier, identical to the Gaia-EDR3 source_id (id)
#   meta: !!omap
#   - {ucd: ID_MAIN}
#   - {width: 19}
# - name: rgeo
#   unit: pc
#   datatype: float64
#   format: '{:15.8f}'
#   description: '? Median of the geometric distance posterior (r_med_geo)'
#   meta: !!omap
#   - {ucd: PHYS_DISTANCE_TRUE}
#   - {width: 15}
#   - {precision: '8'}
#   - values: {'null': .nan}
# - name: Plx
#   unit: mas
#   datatype: float64
#   format: '{:9.4f}'
#   description: '? Parallax (parallax)'
#   meta: !!omap
#   - {ucd: POS_PARLX_TRIG}
#   - {width: 9}
#   - {precision: '4'}
#   - values: {'null': .nan}
# - name: e_Plx
#   unit: mas
#   datatype: float32
#   format: '{:7.4f}'
#   description: '? Standard error of parallax (parallax_error)'
#   meta: !!omap
#   - {ucd: ERROR}
#   - {width: 7}
#   - {precision: '4'}
#   - values: {'null': .nan}
# - name: pmRA
#   unit: mas / yr
#   datatype: float64
#   format: '{:9.3f}'
#   description: '? Proper motion in right ascension direction, pmRA*cosDE (pmra)'
#   meta: !!omap
#   - {ucd: POS_EQ_PMRA}
#   - {width: 9}
#   - {precision: '3'}
#   - values: {'null': .nan}
# - name: pmDE
#   unit: mas / yr
#   datatype: float64
#   format: '{:9.3f}'
#   description: '? Proper motion in declination direction (pmdec)'
#   meta: !!omap
#   - {ucd: POS_EQ_PMDEC}
#   - {width: 9}
#   - {precision: '3'}
#   - values: {'null': .nan}
# - name: e_pmRA
#   unit: mas / yr
#   datatype: float32
#   format: '{:6.3f}'
#   description: '? Standard error of proper motion in right ascension direction (pmra_error)'
#   meta: !!omap
#   - {ucd: ERROR}
#   - {width: 6}
#   - {precision: '3'}
#   - values: {'null': .nan}
# - name: e_pmDE
[...]
#         value: !astropy.table.SerializedColumn {name: SkyCoord.dec}
#       distance: !astropy.table.SerializedColumn
#         __class__: astropy.coordinates.distances.Distance
#         unit: !astropy.units.Unit {unit: pc}
#         value: !astropy.table.SerializedColumn {name: SkyCoord.distance}
#       frame: icrs
#       obstime: !astropy.time.Time {format: jyear_str, in_subfmt: '*', jd1: 367701545.0, jd2: 0.0, out_subfmt: '*', precision: 3, scale: tt}
#       pm_dec: !astropy.table.SerializedColumn
#         __class__: astropy.units.quantity.Quantity
#         unit: !astropy.units.Unit {unit: mas / yr}
#         value: !astropy.table.SerializedColumn {name: SkyCoord.pm_dec}
#       pm_ra_cosdec: !astropy.table.SerializedColumn
#         __class__: astropy.units.quantity.Quantity
#         unit: !astropy.units.Unit {unit: mas / yr}
#         value: !astropy.table.SerializedColumn {name: SkyCoord.pm_ra_cosdec}
#       ra: !astropy.table.SerializedColumn
#         __class__: astropy.coordinates.angles.Longitude
#         unit: *id001
#         value: !astropy.table.SerializedColumn {name: SkyCoord.ra}
#         wrap_angle: !astropy.coordinates.Angle
#           unit: *id001
#           value: 360.0
#       representation_type: spherical
# schema: astropy-2.0
RA_ICRS_1 DE_ICRS_1 e_RA_ICRS e_DE_ICRS _r_1 HIP TYC2 Source rgeo Plx e_Plx pmRA pmDE e_pmRA e_pmDE RUWE Teff logg Gmag BP-RP BPmag RPmag RV e_RV b_rgeo B_rgeo FG e_FG FBP e_FBP FRP e_FRP RAVE5 RAVE6 e_Gmag e_BPmag e_RPmag e_BP-RP SkyCoord.ra SkyCoord.dec SkyCoord.distance SkyCoord.pm_ra_cosdec SkyCoord.pm_dec rmRA rmDE e_rmRA e_rmDE rRV e_rRV v_pec v_pec3d e_vpec e_vpec3d
[from data line 1137]
283.33279999717 37.10507707328 0.0289 0.0371 13.8099 "" "" 2093927265546292224 351.53595 2.813 0.0403 0.986 -3.062 0.036 0.04 1.022 3607.5 4.3541 16.26394 2.388202 17.538424 15.150222 "" "" 346.820587 356.164032 5879.90173 9.0792 1318.4 12.396 6903.5 29.8 "" "" 0.003225278122958065 0.0105828615 0.006020739 0.0166036 283.33279999717 37.10507707328 351.53595 0.986 -3.0619999999999994 -0.16950005435943605 -0.040534460067748856 0.2198715 0.2238715 "" "" 0.2903983565941373 "" 0.06391370037099717 ""
283.79808297376 35.50475581023 0.0267 0.0316 86.6846 "" "" 2093227701273938560 364.724457 2.7037 0.0338 1.152 -2.719 0.035 0.04 1.055 3667.5 4.3444 16.265312 2.284142 17.465834 15.181692 "" "" 359.333099 369.681274 5872.48514 4.3911 1409.6 8.7426 6706.3 11.367 "" "" 0.0028724361545613775 0.007289098 0.0042036185 0.011492716 283.79808297376 35.50475581023 364.724457 1.1519999999999997 -2.7190000000000003 -0.003500054359436122 0.3024655399322511 0.2188715 0.2238715 "" "" 0.522935596722377 "" 0.11707002991232611 ""
282.98632290666 36.41705887096 0.0272 0.0319 40.2999 "" "" 2093525806363224960 377.939087 2.6178 0.0353 16.41 19.134 0.04 0.041 1.016 "" "" 16.266592 1.837351 17.170395 15.333044 "" "" 371.826385 383.111572 5865.56865 2.8051 1850.4 9.9151 5833.7 11.44 "" "" 0.0028038175072224486 0.006452238 0.004337857 0.010790095 282.98632290666 36.41705887096 377.939087 16.41000000000001 19.133999999999983 15.254499945640564 22.15546553993225 0.2238715 0.22487152 "" "" 48.18798354392755 "" 10.820630719682258 ""
284.11710878645 36.22796752932 0.0308 0.0374 51.0361 "" "" 2093640774047558016 421.87738 2.3491 0.0402 2.456 -0.127 0.04 0.045 1.094 4223.3 4.6416 16.268572 1.907887 17.19708 15.289193 "" "" 414.982361 428.291199 5854.88203 3.8909 1805.4 7.8669 6074.1 12.582 "" "" 0.0028482273936873198 0.005492501 0.00439793 0.009890432 284.11710878645 36.22796752932 421.87738 2.4560000000000026 -0.1270000000000005 1.300499945640564 2.894465539932251 0.2238715 0.22887151 "" "" 6.3454544540888405 "" 1.4470131996002922 ""
284.55603502649 38.43054030245 0.0404 0.0472 102.3907 "" "" 2100110540982638592 289.505066 3.4086 0.0489 10.355 -17.025 0.056 0.065 1.574 3502.1 4.4089 16.275782 2.509215 17.602049 15.092833 "" "" 285.952087 293.694733 5816.12478 8.473 1243.4 11.384 7278.2 12.849 "" "" 0.0031770436514035215 0.010324662 0.004237656 0.014562318 284.55603502649 38.43054030245 289.505066 10.354999999999997 -17.024999999999977 9.199499945640564 -14.003534460067748 0.2398715 0.2488715 "" "" 22.992105813996087 "" 5.660494238300832 ""
284.08139674971 38.57888094129 0.0368 0.0386 102.2726 "" "" 2094172452337905024 353.24115 2.7943 0.0434 -31.046 -34.338 0.05 0.049 1.232 "" "" 16.278507 2.072522 17.329382 15.25686 "" "" 348.97345 358.800385 5801.54556 3.0591 1598.3 9.3912 6257.7 14.523 "" "" 0.002814168400591368 0.006962985 0.0045423685 0.011505353 284.08139674971 38.57888094129 353.24115 -31.046000000000003 -34.33800000000003 -32.201500054359435 -31.31653446006775 0.2338715 0.2328715 "" "" 75.20969580941434 "" 17.552887709483226 ""
282.36847612189 35.51804297548 0.0279 0.0324 101.6168 "" "" 2093368129523789312 356.618164 2.764 0.0357 0.321 -3.577 0.04 0.045 1.03 3472.3 4.1628 16.27864 2.65184 17.734547 15.082706 "" "" 352.533203 362.050781 5800.83766 4.0444 1100.5 9.6337 7346.4 13.888 "" "" 0.0028574143601187794 0.009905543 0.004300768 0.014206311 282.36847612189 35.51804297548 356.618164 0.3210000000000002 -3.577 -0.8345000543594361 -0.555534460067749 0.2238715 0.22887151 "" "" 1.694598237407195 "" 0.38199413860651155 ""
283.48830063786 36.5662716496 0.0301 0.0348 22.0328 "" "" 2093895104830859136 421.959076 2.3476 0.0373 -0.543 -20.772 0.038 0.044 1.201 3685.2 4.258 16.279716 2.119664 17.241848 15.122184 "" "" 414.103607 428.786682 5795.09217 2.9102 1732.5 57.741 7084.1 90.129 "" "" 0.00280874968980218 0.036292978 0.014321203 0.050614182 283.48830063786 36.5662716496 421.959076 -0.5430000000000006 -20.772 -1.6985000543594362 -17.750534460067747 0.22187151 0.2278715 "" "" 35.66475729259282 "" 8.125065827457982 ""
284.01214183744 35.85025629067 0.0304 0.0316 69.0865 "" "" 2093615897596762496 350.104187 2.8263 0.0369 -6.019 2.561 0.041 0.041 0.981 "" "" 16.282434 2.086235 17.348358 15.262123 "" "" 345.185455 354.630402 5780.60477 3.1894 1570.6 12.05 6227.4 9.7838 "" "" 0.002819688852089842 0.008784885 0.004146497 0.012931382 284.01214183744 35.85025629067 350.104187 -6.019000000000001 2.561 -7.174500054359436 5.582465539932251 0.22487152 0.22487152 "" "" 15.08564544876043 "" 3.392331965336594 ""
283.85921740792 36.04915792085 0.0304 0.0367 55.4151 "" "" 2093633627221786752 286.728424 3.4627 0.0396 26.191 35.611 0.041 0.046 1.058 3742.5 4.6878 16.289103 2.177917 17.413868 15.23595 "" "" 283.42981 290.342041 5745.21049 3.3444 1478.7 11.684 6379.4 14.244 "" "" 0.0028268797723366977 0.009021308 0.0044900654 0.013511374 283.85921740792 36.04915792085 286.728424 26.191000000000013 35.61099999999996 25.035499945640563 38.63246553993225 0.22487152 0.22987151 "" "" 62.566164858652165 "" 14.290370985574322 ""
284.56356538736 37.80461892082 0.0301 0.032 72.1021 "" "" 2094078207876269696 340.066833 2.922 0.0375 -9.049 -37.812 0.04 0.042 1.013 3728.1 4.5874 16.292675 1.976345 17.284744 15.308399 "" "" 334.581635 344.214935 5726.33644 2.8752 1665.4 11.211 5967.6 9.2733 "" "" 0.0028087323166494163 0.007823337 0.004138873 0.01196221 284.56356538736 37.80461892082 340.066833 -9.049 -37.812 -10.204500054359436 -34.79053446006775 0.2238715 0.2258715 "" "" 58.44200127072846 "" 13.191161236421621 ""
284.01081162495 35.56093601633 0.0996 0.1114 85.601 "" "" 2092483881658814464 397.214203 2.5527 0.1233 -9.138 -13.217 0.137 0.142 3.775 3641.9 4.3613 16.293674 1.988518 17.252851 15.264334 "" "" 377.896362 417.783173 5721.06323 8.6013 1715.0 9.051 6214.8 13.299 "" "" 0.0032025514483132365 0.006373246 0.0044364086 0.010809654 284.01081162495 35.56093601633 397.214203 -9.138000000000002 -13.216999999999988 -10.293500054359436 -10.19553446006775 0.3208715 0.32587153 "" "" 27.278128511854476 "" 8.820581217040855 ""
285.0340821588 38.15121807259 0.0271 0.0312 102.5301 "" "" 2099906237979163520 326.103455 3.033 0.033 0.522 -1.187 0.038 0.039 0.987 3561.6 4.4012 16.29992 2.398467 17.582548 15.184081 "" "" 323.359222 329.870544 5688.25943 4.5001 1265.9 8.1887 6691.5 13.402 "" "" 0.0028861014883926482 0.0075572133 0.0043603233 0.011917537 285.0340821588 38.15121807259 326.103455 0.5220000000000001 -1.187 -0.633500054359436 1.834465539932251 0.22187151 0.22287151 "" "" 2.999906324105572 "" 0.6682746650764008 ""
282.85394855722 37.37395215882 0.0319 0.0357 41.5544 "" "" 2093994988591084672 314.231903 3.1455 0.0396 4.28 -8.677 0.043 0.047 1.155 3785.4 4.6916 16.300121 2.181082 17.424797 15.243715 "" "" 310.46405 318.251068 5687.19209 3.9306 1463.9 10.68 6333.9 14.068 "" "" 0.002855673279036359 0.008398124 0.004483192 0.012881316 282.85394855722 37.37395215882 314.231903 4.28 -8.677 3.124499945640564 -5.655534460067749 0.2268715 0.2308715 "" "" 9.62374745256934 "" 2.212907102596474 ""
284.22581184274 38.62503889422 0.0333 0.0355 106.8801 "" "" 2100174720675046912 397.848083 2.4787 0.04 2.203 16.244 0.043 0.045 1.136 3812.6 4.5549 16.303602 2.132568 17.389454 15.256886 "" "" 391.852539 403.345245 5668.99174 2.9509 1512.3 9.8226 6257.5 12.33 "" "" 0.0028126851103599413 0.007583922 0.0043428843 0.011926806 284.22581184274 38.62503889422 397.848083 2.203 16.244 1.0474999456405638 19.26546553993225 0.2268715 0.22887151 "" "" 36.384476068862675 "" 8.327156398815152 ""
283.92299313358 36.80123684691 0.1073 0.1206 20.7328 "" "" 2093737634150636800 378.741241 2.6182 0.1339 0.263 -4.528 0.14 0.143 3.613 "" "" 16.305021 2.468017 17.575253 15.107236 "" "" 358.373413 397.652008 5661.58798 14.812 1274.4 8.9375 7182.3 16.31 "" "" 0.0039573241043669325 0.00810949 0.0045125037 0.012621994 283.92299313358 36.80123684691 378.741241 0.2629999999999999 -4.528 -0.892500054359436 -1.5065344600677486 0.3238715 0.3268715 "" "" 3.1435570832838997 "" 1.0250976330408028 ""
283.87952089669 37.46681427172 0.0269 0.0306 36.3014 "" "" 2094052403712381312 312.194672 3.1721 0.0323 -81.571 0.46 0.037 0.04 1.006 4019.8 4.8542 16.309431 1.605367 17.066687 15.46132 "" "" 309.048309 315.390228 5638.64108 2.3365 2035.8 11.611 5183.6 13.678 "" "" 0.002791809285228786 0.0067919684 0.0047425316 0.0115345 283.87952089669 37.46681427172 312.194672 -81.571 0.45999999999998725 -82.72650005435943 3.481465539932251 0.22087151 0.2238715 "" "" 122.52725994767141 "" 27.063434955053683 ""
284.27341039571 36.48347276482 0.0502 0.0623 45.0226 "" "" 2093670800160397696 397.370026 2.4928 0.066 1.545 -11.809 0.065 0.077 2.117 3798.8 4.5434 16.309963 2.186846 17.39549 15.208645 "" "" 386.838135 409.173981 5635.8796 12.841 1503.9 12.196 6541.8 16.973 "" "" 0.003702888971273331 0.00923638 0.004713722 0.013950102 284.27341039571 36.48347276482 397.370026 1.545000000000001 -11.809 0.3894999456405639 -8.787534460067748 0.2488715 0.2608715 "" "" 16.567870181298225 "" 4.3217042608364995 ""
283.28291628624 37.94462760193 0.029 0.0305 61.8044 "" "" 2097036443910980224 423.164276 2.3365 0.0343 2.274 -24.9 0.036 0.04 0.917 4085.2 4.6797 16.310114 1.896632 17.251358 15.354726 "" "" 416.118927 428.716217 5635.09825 2.7014 1717.4 14.445 5718.3 7.8443 "" "" 0.0028040503562203195 0.009548832 0.0040622703 0.0136111025 283.28291628624 37.94462760193 423.164276 2.274000000000001 -24.9 1.118499945640564 -21.878534460067748 0.2198715 0.2238715 "" "" 43.94124490747838 "" 9.836738284037743 ""
283.73560932503 38.23247982605 0.0395 0.0402 78.6542 "" "" 2094137478423016832 399.205383 2.4709 0.0457 -7.033 -0.06 0.061 0.055 1.19 "" "" 16.315573 1.894655 16.84541 14.950754 "" "" 393.262787 405.457092 5606.8359 8.5917 2496.0 115.42 8295.8 230.74 "" "" 0.003218667588323368 0.05028407 0.030434323 0.08071839 283.73560932503 38.23247982605 399.205383 -7.033 -0.05999999999999995 -8.188500054359437 2.961465539932251 0.24487151 0.23887151 "" "" 16.476759701205744 "" 4.023378147497869 ""
284.72838605894 36.88402965318 0.0791 0.0982 57.8825 "" "" 2093779312506889472 304.814209 3.2005 0.1036 8.625 -17.694 0.128 0.15 1.257 "" "" 16.316462 "" "" "" "" "" 295.132568 314.748352 5602.24615 11.103 "" "" "" "" "" "" 0.0034960039802156076 "" "" "" 284.72838605894 36.88402965318 304.814209 8.625000000000002 -17.693999999999996 7.469499945640564 -14.672534460067748 0.31187153 0.3338715 "" "" 23.788093789416397 "" 7.837309332502138 ""
283.99523841671 36.66884091854 0.0384 0.0443 27.6394 "" "" 2093722722024163200 397.582581 2.4861 0.0485 4.084 8.574 0.05 0.056 1.405 3895.7 4.4823 16.32269 2.091294 17.365873 15.274579 "" "" 389.750275 405.979767 5570.2053 5.3509 1545.5 8.9397 6156.4 16.682 "" "" 0.002946118890390116 0.006872178 0.0047894893 0.011661667 283.99523841671 36.66884091854 397.582581 4.083999999999999 8.573999999999998 2.9284999456405636 11.59546553993225 0.2338715 0.2398715 "" "" 22.53827513429733 "" 5.3982770330784815 ""
283.9772079907 36.82198242775 0.0306 0.0337 22.7658 "" "" 2093737977748048128 305.231812 3.2488 0.0374 1.608 -3.83 0.041 0.044 0.981 "" "" 16.324368 2.179071 17.452257 15.273186 "" "" 302.129517 308.156525 5561.59821 3.1145 1427.3 9.3176 6164.3 10.7 "" "" 0.002821607607273582 0.007617239 0.004223213 0.0118404515 283.9772079907 36.82198242775 305.231812 1.6079999999999985 -3.8299999999999987 0.45249994564056406 -0.8085344600677491 0.22487152 0.2278715 "" "" 1.3405230415254483 "" 0.30451265167908714 ""
283.28563002075 36.49417875147 0.0267 0.0304 28.6731 "" "" 2093518414720595456 416.6297 2.3647 0.0328 21.241 -2.313 0.037 0.041 0.998 4116.2 4.6691 16.325695 1.894815 17.25019 15.355376 "" "" 411.602814 422.732086 5554.80357 2.6977 1719.3 10.275 5714.9 10.347 "" "" 0.0028053206174986334 0.0070631183 0.004260039 0.011323158 283.28563002075 36.49417875147 416.6297 21.241 -2.3130000000000024 20.085499945640564 0.7084655399322508 0.22087151 0.22487152 "" "" 39.690010086749076 "" 8.766591445305346 ""
281.72621173939 37.84949376706 0.0317 0.0381 101.8187 "" "" 2096893400021162112 349.09021 2.8308 0.0375 2.079 17.32 0.046 0.051 1.03 3703.4 4.5001 16.326206 2.158704 17.408546 15.249843 "" "" 344.804504 353.691193 5552.1851 3.2416 1485.9 11.678 6298.3 16.377 "" "" 0.0028272985082647777 0.008977617 0.0047174096 0.013695027 281.72621173939 37.84949376706 349.09021 2.0789999999999997 17.32 0.9234999456405641 20.34146553993225 0.22987151 0.2348715 "" "" 33.69344070672263 "" 7.913286344024733 ""
283.28862729601 38.52163288143 0.0394 0.0438 96.0022 "" "" 2097161891315118336 399.361053 2.476 0.0466 -40.021 -51.708 0.056 0.06 1.398 4113.8 4.7034 16.33227 1.782071 17.201982 15.419911 "" "" 393.048187 408.094086 5521.26914 2.4977 1797.3 8.6963 5385.1 9.9652 "" "" 0.0027987551735679616 0.005948359 0.004280244 0.010228603 283.28862729601 38.52163288143 399.361053 -40.020999999999994 -51.70800000000001 -41.17650005435944 -48.68653446006775 0.2398715 0.24387151 "" "" 120.70394877521046 "" 29.23588521742471 ""
281.94291598107 37.02819009119 0.0302 0.0338 75.9705 "" "" 2096599662916453632 405.579529 2.4329 0.0387 -6.794 -3.197 0.041 0.044 0.969 3737.4 4.4647 16.333515 2.276456 17.530148 15.253692 "" "" 400.803253 410.945648 5514.9419 3.0078 1328.5 7.2473 6276.0 13.518 "" "" 0.0028182320637130907 0.006547254 0.0044444036 0.010991657 281.94291598107 37.02819009119 405.579529 -6.793999999999999 -3.197 -7.949500054359436 -0.1755344600677491 0.22487152 0.2278715 "" "" 15.286217530727733 "" 3.4374574112854908 ""
283.44355736574 37.73949897371 0.0296 0.0304 48.5752 "" "" 2094028141438165760 348.634857 2.8369 0.0342 -6.681 -5.221 0.041 0.039 1.064 3811.3 4.6162 16.340328 2.044592 17.353472 15.30888 "" "" 344.037872 353.784698 5480.43663 2.8103 1563.2 17.085 5964.9 12.202 "" "" 0.0028110073432799027 0.012190168 0.00438368 0.016573848 283.44355736574 37.73949897371 348.634857 -6.681 -5.221 -7.836500054359436 -2.199534460067749 0.22487152 0.22287151 "" "" 13.450479871398464 "" 3.0226734020108776 ""
285.17344863649 36.7871397537 0.2261 0.2877 79.6896 "" "" 2093036038351771264 310.502319 3.2904 0.2681 -0.806 -12.187 0.298 0.379 7.534 "" "" 16.342466 1.08607 16.421127 15.335057 "" "" 282.907898 340.869263 5469.66203 5.8836 3689.5 11.511 5822.8 13.547 "" "" 0.002992622277844559 0.004388588 0.004545819 0.008934407 285.17344863649 36.7871397537 310.502319 -0.8059999999999989 -12.186999999999998 -1.961500054359436 -9.165534460067748 0.48187152 0.5628715 "" "" 13.795111223349052 "" 7.7193272292317285 ""
285.34183298094 37.06343584651 0.0282 0.0328 87.4906 "" "" 2093796251863468672 406.286163 2.4346 0.035 -6.829 7.504 0.037 0.04 1.016 4031.1 4.6841 16.345367 1.926082 17.299576 15.373494 "" "" 401.836304 411.389557 5455.05974 2.6382 1642.8 10.004 5620.3 8.4665 "" "" 0.0028049077250409814 0.007176325 0.0041181077 0.011294433 285.34183298094 37.06343584651 406.286163 -6.828999999999994 7.504000000000006 -7.984500054359436 10.52546553993225 0.22087151 0.2238715 "" "" 25.442217169327197 "" 5.668027193794026 ""
284.11860726156 37.48569260909 0.029 0.03 43.715 "" "" 2094046562556962304 340.379059 2.906 0.0335 -12.185 -14.148 0.037 0.038 1.082 "" "" 16.34731 2.089706 17.414236 15.32453 "" "" 336.441956 343.721558 5445.31726 2.6545 1478.2 8.997 5879.6 12.872 "" "" 0.0028056950268667015 0.0071731787 0.0044647153 0.011637894 284.11860726156 37.48569260909 340.379059 -12.185 -14.147999999999996 -13.340500054359437 -11.126534460067749 0.22087151 0.22187151 "" "" 28.027107463856222 "" 6.201902881672421 ""
