Clusters/Stephenson_1/Stephenson_1_members.tsv
# %ECSV 1.0
# ---
# datatype:
# - name: RA_ICRS_1
#   unit: deg
#   datatype: float64
#   format: '{:15.11f}'
#   description: Right ascension (ICRS) at Ep=2016.0 (ra)
#   meta: !!omap
#   - {ucd: POS_EQ_RA_MAIN}
#   - {width: 15}
#   - {precision: '11'}
# - name: DE_ICRS_1
#   unit: deg
#   datatype: float64
#   format: '{:15.11f}'
#   description: Declination (ICRS) at Ep=2016.0 (dec)
#   meta: !!omap
#   - {ucd: POS_EQ_DEC_MAIN}
#   - {width: 15}
#   - {precision: '11'}
# - name: e_RA_ICRS
#   unit: mas
#   datatype: float64
#   format: '{:7.4f}'
#   description: Standard error of right ascension (ra_error)
#   meta: !!omap
#   - {ucd: ERROR}
#   - {width: 7}
#   - {precision: '4'}
# - name: e_DE_ICRS
#   unit: mas
#   datatype: float64
#   format: '{:7.4f}'
#   description: Standard error of declination (dec_error)
#   meta: !!omap
#   - {ucd: ERROR}
#   - {width: 7}
#   - {precision: '4'}
# - name: _r_1
#   unit: ''
#   datatype: float64
#   format: '{:8.4f}'
#   description: Distance from center (283.52340549000+36.93240597000)[ICRS], at Epoch=J2016.0
#   meta: !!omap
#   - {ucd: POS_ANG_DIST_GENERAL}
#   - {width: 8}
#   - {precision: '4'}
# - name: HIP
#   datatype: int32
#   description: '? HIP cross-id number, van Leeuwen, Cat. I/311 (hip_original_ext_source_id)'
#   meta: !!omap
#   - {ucd: ID_NUMBER}
#   - {width: 6}
#   - values: {'null': -2147483648}
# - name: TYC2
#   datatype: string
#   description: Tycho-2 cross-id name, Hog et al., Cat. I/259 (tyc2_original_ext_source_id)
#   meta: !!omap
#   - {ucd: ID_CROSSID}
#   - {_votable_string_dtype: char}
# - name: Source
#   datatype: int64
#   description: Source identifier, identical to the Gaia-EDR3 source_id (id)
#   meta: !!omap
#   - {ucd: ID_MAIN}
#   - {width: 19}
# - name: rgeo
#   unit: pc
#   datatype: float64
#   format: '{:15.8f}'
#   description: '? Median of the geometric distance posterior (r_med_geo)'
#   meta: !!omap
#   - {ucd: PHYS_DISTANCE_TRUE}
#   - {width: 15}
#   - {precision: '8'}
#   - values: {'null': .nan}
# - name: Plx
#   unit: mas
#   datatype: float64
#   format: '{:9.4f}'
#   description: '? Parallax (parallax)'
#   meta: !!omap
#   - {ucd: POS_PARLX_TRIG}
#   - {width: 9}
#   - {precision: '4'}
#   - values: {'null': .nan}
# - name: e_Plx
#   unit: mas
#   datatype: float32
#   format: '{:7.4f}'
#   description: '? Standard error of parallax (parallax_error)'
#   meta: !!omap
#   - {ucd: ERROR}
#   - {width: 7}
#   - {precision: '4'}
#   - values: {'null': .nan}
# - name: pmRA
#   unit: mas / yr
#   datatype: float64
#   format: '{:9.3f}'
#   description: '? Proper motion in right ascension direction, pmRA*cosDE (pmra)'
#   meta: !!omap
#   - {ucd: POS_EQ_PMRA}
#   - {width: 9}
#   - {precision: '3'}
#   - values: {'null': .nan}
# - name: pmDE
#   unit: mas / yr
#   datatype: float64
#   format: '{:9.3f}'
#   description: '? Proper motion in declination direction (pmdec)'
#   meta: !!omap
#   - {ucd: POS_EQ_PMDEC}
#   - {width: 9}
#   - {precision: '3'}
#   - values: {'null': .nan}
# - name: e_pmRA
#   unit: mas / yr
#   datatype: float32
#   format: '{:6.3f}'
#   description: '? Standard error of proper motion in right ascension direction (pmra_error)'
#   meta: !!omap
#   - {ucd: ERROR}
#   - {width: 6}
#   - {precision: '3'}
#   - values: {'null': .nan}
# - name: e_pmDE
[...]
#       distance: !astropy.table.SerializedColumn
#         __class__: astropy.coordinates.distances.Distance
#         unit: !astropy.units.Unit {unit: pc}
#         value: !astropy.table.SerializedColumn {name: SkyCoord.distance}
#       frame: icrs
#       obstime: !astropy.time.Time {format: jyear_str, in_subfmt: '*', jd1: 367701545.0, jd2: 0.0, out_subfmt: '*', precision: 3, scale: tt}
#       pm_dec: !astropy.table.SerializedColumn
#         __class__: astropy.units.quantity.Quantity
#         unit: !astropy.units.Unit {unit: mas / yr}
#         value: !astropy.table.SerializedColumn {name: SkyCoord.pm_dec}
#       pm_ra_cosdec: !astropy.table.SerializedColumn
#         __class__: astropy.units.quantity.Quantity
#         unit: !astropy.units.Unit {unit: mas / yr}
#         value: !astropy.table.SerializedColumn {name: SkyCoord.pm_ra_cosdec}
#       ra: !astropy.table.SerializedColumn
#         __class__: astropy.coordinates.angles.Longitude
#         unit: *id001
#         value: !astropy.table.SerializedColumn {name: SkyCoord.ra}
#         wrap_angle: !astropy.coordinates.Angle
#           unit: *id001
#           value: 360.0
#       representation_type: spherical
# schema: astropy-2.0
RA_ICRS_1 DE_ICRS_1 e_RA_ICRS e_DE_ICRS _r_1 HIP TYC2 Source rgeo Plx e_Plx pmRA pmDE e_pmRA e_pmDE RUWE Teff logg Gmag BP-RP BPmag RPmag RV e_RV b_rgeo B_rgeo FG e_FG FBP e_FBP FRP e_FRP RAVE5 RAVE6 e_Gmag e_BPmag e_RPmag e_BP-RP SkyCoord.ra SkyCoord.dec SkyCoord.distance SkyCoord.pm_ra_cosdec SkyCoord.pm_dec rmRA rmDE e_rmRA e_rmDE rRV e_rRV v_pec v_pec3d e_vpec e_vpec3d Pmemb
[from data line 28]
283.53462374317 36.87496996183 0.0103 0.0113 3.4879 "" "" 2093908264610948992 356.236023 2.7823 0.0131 1.315 -2.735 0.014 0.016 1.0 5221.0 4.5042 13.776731 1.22038 14.302882 13.082502 -48.33 5.14 354.714417 357.958893 58110.51299 109.49 25958.0 179.32 46361.0 273.64 "" "" 0.0034317223555841688 0.008002523 0.0074398657 0.015442389 283.53462374317 36.87496996183 356.236023 1.3149999999999997 -2.735 0.1594999456405639 0.2864655399322511 0.1978715 0.19987151 -29.668275862068963 7.9578786 0.5536380605373334 29.67344111709829 0.11039544400579519 7.956493628540247 1.0
283.72692678013 36.81304461442 0.0099 0.0114 12.1126 "" "" 2093927574784698368 353.072327 2.803 0.0127 0.838 -2.974 0.013 0.014 1.027 4913.1 4.4735 13.845725 1.237968 14.389468 13.1515 -11.78 4.76 350.923096 354.956848 54532.65242 59.974 23968.0 116.91 43507.0 130.04 "" "" 0.003002931625973372 0.005985998 0.0049814736 0.010967472 283.72692678013 36.81304461442 353.072327 0.8380000000000003 -2.9739999999999998 -0.31750005435943607 0.04746553993225078 0.1968715 0.1978715 6.881724137931036 7.577879 0.5372612716154838 6.9026644699391655 0.10578320894572395 7.55489473590249 1.0
283.45285087391 36.54104357689 0.0095 0.0108 23.7255 "" "" 2093894589434780544 357.071655 2.7715 0.0116 1.143 -3.246 0.012 0.014 1.003 5133.8 4.5248 13.923467 1.263809 14.478646 13.214837 -12.71 7.15 355.54187 358.401306 50764.50464 65.166 22078.0 95.151 41042.0 128.78 "" "" 0.0030877712720559485 0.0054479903 0.00508821 0.0105362 283.45285087391 36.54104357689 357.071655 1.1430000000000005 -3.246 -0.01250005435943602 -0.22453446006774902 0.1958715 0.1978715 5.951724137931034 9.967878 0.3806174330161073 5.963882111875341 0.0753110046333227 9.947558979571028 0.8
283.76246515038 37.31113383104 0.0123 0.0143 25.4395 "" "" 2093956471324217728 354.3638 2.7953 0.0154 1.214 -3.092 0.018 0.019 1.007 4810.9 4.562 14.455262 1.479691 15.132798 13.653107 -22.18 4.71 352.585297 356.393158 31105.83569 59.998 12086.0 84.311 27410.0 139.51 "" "" 0.0034608502149111975 0.008071598 0.006694906 0.014766503 283.76246515038 37.31113383104 354.3638 1.214 -3.091999999999999 0.05849994564056393 -0.0705344600677491 0.20187151 0.2028715 -3.5182758620689647 7.5278788 0.15392136811083462 3.5216412124431735 0.031163622778895037 7.520685093990752 1.0
283.59069248691 36.90933987621 0.0131 0.0148 3.5118 "" "" 2093908745647333888 354.707031 2.7895 0.016 0.812 -3.066 0.017 0.018 1.008 "" "" 14.470268 1.522329 15.171317 13.648988 -20.39 10.64 352.81665 356.572906 30678.88219 42.553 11665.0 57.202 27515.0 112.79 "" "" 0.003140019250950174 0.0060109636 0.005838852 0.011849815 283.59069248691 36.90933987621 354.707031 0.812 -3.066 -0.343500054359436 -0.04453446006774886 0.20087151 0.20187151 -1.7282758620689656 13.457879 0.5823641255678279 1.8237558581560764 0.11699001326140333 12.75336675488428 1.0
283.13814440677 36.42921336755 0.0118 0.0135 35.4286 "" "" 2093519484171443072 349.817047 2.8314 0.0146 1.009 -3.106 0.017 0.018 0.97 4349.6 4.4576 14.544119 1.524348 15.249179 13.724831 -16.16 5.3 348.013458 351.392792 28661.51718 38.924 10858.0 55.691 25658.0 81.908 "" "" 0.003125046808895912 0.006228666 0.0051280446 0.01135671 283.13814440677 36.42921336755 349.817047 1.0090000000000001 -3.106 -0.14650005435943614 -0.0845344600677489 0.20087151 0.20187151 2.501724137931035 8.117879 0.2804565884689999 2.5173953921310117 0.05640592508516094 8.06734605631813 1.0
283.72956449084 36.7052705518 0.0143 0.0181 16.8458 "" "" 2093715128521909888 349.694244 2.8317 0.0184 1.496 -3.32 0.018 0.023 1.0 4265.7 4.5045 14.799697 1.633383 15.565871 13.932488 4.17 8.17 347.569122 352.029572 22649.97856 32.848 8110.9 45.298 21192.0 82.228 "" "" 0.0031734995813194875 0.0066747977 0.005659639 0.012334436 283.72956449084 36.7052705518 349.694244 1.4960000000000002 -3.320000000000001 0.34049994564056396 -0.29853446006774886 0.20187151 0.20687151 22.831724137931033 10.987879 0.7506033836564875 22.84405902089511 0.1531678444063438 10.98194693525532 0.8
283.93316489502 37.04972788067 0.0156 0.0155 20.8608 "" "" 2093936920633037440 347.803619 2.8469 0.0173 1.249 -2.867 0.021 0.02 0.952 4154.4 4.4486 14.858411 1.649227 15.644003 13.994776 -0.16 12.48 345.059814 350.520294 21457.65766 34.406 7547.7 59.925 20010.0 80.157 "" "" 0.0032592260527640506 0.00906052 0.0057619507 0.01482247 283.93316489502 37.04972788067 347.803619 1.249 -2.867 0.09349994564056407 0.15446553993225098 0.2048715 0.2038715 18.501724137931035 15.297878 0.2976689347200056 18.504118538065985 0.06076617693331374 15.295898778288754 1.0
283.43907500108 36.90444539017 0.0172 0.0191 4.3794 "" "" 2093921012073854336 348.252441 2.8386 0.0214 1.263 -3.431 0.023 0.024 1.028 3929.8 4.3389 15.192127 1.940251 16.159096 14.218844 -8.32 6.24 345.925262 350.440186 15779.60093 14.095 4696.5 18.97 16279.0 46.471 "" "" 0.0029210186482260133 0.0051978356 0.004887745 0.010085581 283.43907500108 36.90444539017 348.252441 1.263 -3.430999999999999 0.10749994564056387 -0.4095344600677491 0.20687151 0.20787151 10.341724137931035 9.0578785 0.6989273381295713 10.36531512155083 0.1452421299860307 9.037268483279497 0.8
283.26213333185 36.44292323904 0.022 0.0238 31.9462 "" "" 2093518041061869056 345.627258 2.8666 0.0265 1.213 -3.147 0.032 0.032 1.401 3661.4 4.0723 15.310222 2.254044 16.485216 14.231173 -27.89 6.7 341.792389 348.771698 14153.3098 13.453 3478.0 15.843 16095.0 37.477 "" "" 0.002942251087778221 0.005678511 0.0045469915 0.010225503 283.26213333185 36.44292323904 345.627258 1.2129999999999996 -3.1469999999999994 0.05749994564056404 -0.12553446006774882 0.21587151 0.21587151 -9.228275862068966 9.517879 0.22620717561019116 9.231047885952181 0.04883168522551467 9.515020450385801 1.0
283.57299822735 37.28419849555 0.0178 0.0222 21.2405 "" "" 2093952760472371200 357.84494 2.7674 0.0234 1.145 -2.777 0.025 0.028 0.983 3656.7 4.1607 15.366824 1.892133 16.299387 14.407254 "" "" 355.005585 360.341888 13434.36148 18.197 4127.3 28.484 13685.0 48.885 "" "" 0.003123232038223161 0.0079956865 0.005415338 0.013411025 283.57299822735 37.28419849555 357.84494 1.145 -2.777 -0.010500054359436017 0.24446553993225084 0.20887151 0.2118715 "" "" 0.4150410893755349 "" 0.08793310359662199 "" 1.0
283.39200909969 37.05911517277 0.0188 0.0228 9.8715 "" "" 2093925959876237824 354.044037 2.7884 0.0242 1.461 -3.026 0.024 0.026 1.02 4136.7 4.4879 15.385796 1.910993 16.322319 14.411326 "" "" 351.344543 356.925049 13201.65997 22.106 4041.0 30.323 13634.0 55.929 "" "" 0.003301075095662459 0.008611718 0.0058412957 0.014453014 283.39200909969 37.05911517277 354.044037 1.461 -3.026 0.30549994564056404 -0.0045344600677488245 0.20787151 0.2098715 "" "" 0.5127369279480115 "" 0.10658362720942068 "" 0.9
283.40619071532 36.89925836516 0.029 0.033 5.9643 "" "" 2093919706403779072 350.975861 2.8283 0.0362 1.008 -2.829 0.039 0.04 1.532 3775.6 4.3674 15.420698 2.124919 16.50083 14.375911 "" "" 347.004303 355.117859 12784.0204 14.545 3428.4 20.203 14086.0 46.385 "" "" 0.003019559955108651 0.006979992 0.0052025565 0.012182549 283.40619071532 36.89925836516 350.975861 1.008 -2.8290000000000006 -0.14750005435943603 0.1924655399322508 0.22287151 0.2238715 "" "" 0.4034051919552924 "" 0.09016187378175376 "" 0.8
283.78138252321 36.90049707434 0.0222 0.0249 12.5226 "" "" 2093928330698294016 348.334534 2.8393 0.0276 1.08 -2.939 0.028 0.032 0.996 3875.7 4.5113 15.749739 2.089068 16.806381 14.717314 "" "" 344.168976 351.644592 9441.72669 14.029 2587.4 19.178 10286.0 45.154 "" "" 0.003192857650384388 0.008517524 0.0060828095 0.014600334 283.78138252321 36.90049707434 348.334534 1.0799999999999992 -2.9390000000000027 -0.07550005435943596 0.08246553993225092 0.2118715 0.21587151 "" "" 0.18460530865821398 "" 0.03951602493768314 "" 1.0
283.52340688753 37.35168167072 0.0256 0.0294 25.1565 "" "" 2094000829746360960 353.292023 2.8037 0.0326 1.118 -2.91 0.038 0.037 0.987 3806.8 4.4706 15.984376 2.180681 17.114359 14.933678 "" "" 349.701263 356.805878 7606.70077 11.194 1948.4 19.539 8427.3 30.836 "" "" 0.0031850661936783774 0.011239832 0.005483308 0.016723141 283.52340688753 37.35168167072 353.292023 1.118 -2.910000000000002 -0.03750005435943593 0.11146553993225083 0.22187151 0.22087151 "" "" 0.1969410043603836 "" 0.04351872144006482 "" 1.0
283.70649295057 37.26656265343 0.0262 0.0286 21.8803 "" "" 2093955200013853184 343.613159 2.8737 0.0327 1.168 -2.903 0.038 0.037 1.047 3676.0 4.3881 16.048285 2.237185 17.209803 14.972617 "" "" 340.317841 347.725525 7171.88233 9.9782 1784.4 16.407 8130.4 32.759 "" "" 0.0031422344527668174 0.010365589 0.0057811127 0.0161467 283.70649295057 37.26656265343 343.613159 1.168 -2.9029999999999996 0.012499945640563892 0.11846553993225095 0.22187151 0.22087151 "" "" 0.19401907030672128 "" 0.04285542577873017 "" 0.9
283.36451094389 36.99420628802 0.029 0.031 8.4721 "" "" 2093925341400900736 349.758392 2.8225 0.0351 1.203 -3.034 0.037 0.037 1.017 3607.5 4.381 16.05663 2.274491 17.240318 14.965827 "" "" 345.789886 354.685303 7116.97013 8.7307 1735.0 16.872 8181.4 20.927 "" "" 0.0030603596103901494 0.010920688 0.0046900366 0.015610725 283.36451094389 36.99420628802 349.758392 1.2030000000000003 -3.033999999999999 0.047499945640564034 -0.012534460067748832 0.22087151 0.22087151 "" "" 0.0814436666650964 "" 0.01798858548326381 "" 0.9
283.33279999717 37.10507707328 0.0289 0.0371 13.8099 "" "" 2093927265546292224 351.53595 2.813 0.0403 0.986 -3.062 0.036 0.04 1.022 3607.5 4.3541 16.26394 2.388202 17.538424 15.150222 "" "" 346.820587 356.164032 5879.90173 9.0792 1318.4 12.396 6903.5 29.8 "" "" 0.003225278122958065 0.0105828615 0.006020739 0.0166036 283.33279999717 37.10507707328 351.53595 0.986 -3.0619999999999994 -0.16950005435943605 -0.040534460067748856 0.2198715 0.2238715 "" "" 0.2903983565941373 "" 0.06391370037099717 "" 1.0
283.7947785969 36.56670973741 0.0296 0.0399 25.5274 "" "" 2093710146359819776 356.936707 2.7731 0.04 1.363 -3.332 0.039 0.051 0.916 "" "" 16.368706 2.393343 17.642433 15.24909 "" "" 351.756592 362.015717 5339.05922 10.343 1198.0 12.467 6302.6 30.88 "" "" 0.0034663756177645286 0.0116381375 0.006525507 0.018163644 283.7947785969 36.56670973741 356.936707 1.3630000000000002 -3.332 0.20749994564056395 -0.3105344600677489 0.22287151 0.2348715 "" "" 0.6318846254788194 "" 0.14611313348432262 "" 0.9
283.57692679428 36.7689418046 0.0321 0.0352 10.1389 "" "" 2093904450679955584 358.490936 2.7551 0.0393 1.33 -3.262 0.041 0.046 1.059 3537.2 4.4013 16.378014 2.686664 17.849478 15.162814 "" "" 354.240784 363.59668 5293.47986 4.4692 989.98 12.637 6823.9 16.454 "" "" 0.002903803126243236 0.014137388 0.004597548 0.018734936 283.57692679428 36.7689418046 358.490936 1.3299999999999998 -3.262 0.17449994564056404 -0.24053446006774903 0.22487152 0.22987151 "" "" 0.5049568036360234 "" 0.11521083315515944 "" 0.9
283.88555561449 36.68990268625 0.0305 0.0371 22.6792 "" "" 2093734541774132096 343.378906 2.8696 0.0397 1.329 -2.929 0.038 0.045 1.032 3485.0 4.2763 16.403471 2.58897 17.8151 15.22613 "" "" 338.620117 347.794769 5170.80525 8.6479 1021.8 11.164 6437.3 32.863 "" "" 0.0032998563670822096 0.012186272 0.006708662 0.018894933 283.88555561449 36.68990268625 343.378906 1.3290000000000004 -2.929 0.17349994564056392 0.09246553993225115 0.22187151 0.22887151 "" "" 0.31999157356671426 "" 0.07149853502362154 "" 0.9
283.61354096252 37.36799616762 0.0353 0.0405 26.4885 "" "" 2093959976017493376 348.526764 2.8234 0.0458 0.902 -2.967 0.052 0.056 1.063 3513.9 4.356 16.473 2.804514 18.04607 15.241556 "" "" 343.139771 354.852631 4850.06143 4.8625 826.02 13.5 6346.5 20.889 "" "" 0.002962543959117209 0.017962677 0.0052013886 0.023164066 283.61354096252 37.36799616762 348.526764 0.9020000000000012 -2.9670000000000005 -0.253500054359436 0.054465539932250895 0.23587151 0.2398715 "" "" 0.4283433874221268 "" 0.10111021647416706 "" 1.0
283.43658167763 37.04958039159 0.0342 0.0426 8.1695 "" "" 2093923073658232832 344.163269 2.8623 0.0459 1.235 -2.963 0.044 0.048 1.019 3531.8 4.4085 16.49667 2.455992 17.810442 15.35445 "" "" 339.511383 349.402161 4745.46522 4.1153 1026.2 14.554 5719.8 15.881 "" "" 0.002911755591035262 0.015649114 0.004834376 0.02048349 283.43658167763 37.04958039159 344.163269 1.2350000000000003 -2.963 0.07949994564056406 0.0584655399322509 0.2278715 0.23187152 "" "" 0.16098596609892366 "" 0.036911420400080164 "" 1.0
283.52593044856 36.69287866071 0.0356 0.0382 14.3722 "" "" 2093902423455328512 343.735687 2.8715 0.0429 1.119 -2.998 0.046 0.052 1.036 3517.8 4.4102 16.67246 2.589651 18.062365 15.472713 "" "" 339.28833 347.936371 4036.10914 5.1276 813.71 10.391 5129.5 31.084 "" "" 0.0030812992528358794 0.014142711 0.0075876354 0.021730347 283.52593044856 36.69287866071 343.735687 1.1189999999999998 -2.998 -0.03650005435943604 0.023465539932250756 0.22987151 0.23587151 "" "" 0.07069926914645927 "" 0.016376936485202446 "" 1.0
283.85876355684 36.87381417677 0.0388 0.0432 16.4697 "" "" 2093741860398462848 353.26651 2.7917 0.0476 1.07 -2.844 0.049 0.051 1.098 3537.1 4.4449 16.736567 2.478785 18.071905 15.593121 "" "" 347.567993 359.751801 3804.69991 3.0778 806.59 8.5925 4591.0 13.98 "" "" 0.002891920700741478 0.0118979905 0.005021398 0.01691939 283.85876355684 36.87381417677 353.26651 1.0699999999999998 -2.8440000000000003 -0.08550005435943597 0.17746553993225112 0.2328715 0.2348715 "" "" 0.3298531292231714 "" 0.0773492506174921 "" 0.9
283.73297698146 36.75693271949 0.0395 0.0464 14.5639 "" "" 2093716124954342400 352.853027 2.7806 0.0509 1.188 -3.038 0.05 0.057 1.022 "" "" 16.789324 2.896414 18.443151 15.546738 "" "" 346.385498 357.946533 3624.24453 4.4051 573.0 10.411 4791.4 14.934 "" "" 0.0030550443790501596 0.01992339 0.0050730254 0.024996417 283.73297698146 36.75693271949 352.853027 1.188 -3.038 0.03249994564056391 -0.016534460067748835 0.2338715 0.2408715 "" "" 0.06098715602587884 "" 0.014351972726817331 "" 1.0
283.17485473946 36.64633383063 0.0391 0.0429 23.9814 "" "" 2093910051317067520 349.952881 2.8184 0.0471 1.233 -3.273 0.053 0.057 0.973 3474.3 4.4106 16.825872 2.620925 18.275446 15.654521 "" "" 344.201874 355.37088 3504.26874 6.674 668.71 10.858 4338.6 29.121 "" "" 0.0034449493451248216 0.017848782 0.008209261 0.026058044 283.17485473946 36.64633383063 349.952881 1.233 -3.2729999999999997 0.07749994564056406 -0.25153446006774915 0.23687151 0.2408715 "" "" 0.43659501412690954 "" 0.10501303592961707 "" 0.8
283.54145627793 36.80349231174 0.0402 0.0455 7.7832 "" "" 2093907749214839680 342.315826 2.8647 0.0515 1.38 -2.748 0.052 0.058 0.992 3358.4 4.0479 16.902803 2.967668 18.603546 15.635878 "" "" 335.873016 348.371735 3264.56644 4.2337 494.31 9.3903 4413.7 18.306 "" "" 0.0030942529636742914 0.020813363 0.005878941 0.026692305 283.54145627793 36.80349231174 342.315826 1.3799999999999992 -2.7479999999999976 0.22449994564056386 0.27346553993225076 0.23587151 0.2418715 "" "" 0.5740888143305117 "" 0.13747930099895686 "" 0.8
283.55641607488 37.12877135269 0.0461 0.0537 11.8875 "" "" 2093947022395975680 356.96286 2.755 0.0553 1.066 -2.787 0.063 0.071 1.012 3455.3 4.4153 16.97957 2.68785 18.474085 15.786235 "" "" 351.081116 364.154938 3041.71307 4.8542 556.91 13.126 3842.9 16.39 "" "" 0.0032548492359227204 0.025741745 0.005977195 0.03171894 283.55641607488 37.12877135269 356.96286 1.0660000000000003 -2.787 -0.08950005435943598 0.23446553993225105 0.2468715 0.25487152 "" "" 0.42463686721476657 "" 0.1078017458592994 "" 0.8
283.16322546284 37.31037723577 0.0414 0.0476 28.4821 "" "" 2093980076464688384 349.121948 2.836 0.0508 1.101 -2.86 0.059 0.063 0.991 3449.7 4.4266 16.993994 2.643331 18.449379 15.806047 "" "" 342.772034 355.028564 3001.57434 2.7744 569.73 6.6494 3773.5 15.153 "" "" 0.00293239260554702 0.012975327 0.005769977 0.018745303 283.16322546284 37.31037723577 349.121948 1.101 -2.8600000000000003 -0.054500054359436056 0.1614655399322511 0.24287151 0.2468715 "" "" 0.282009729822553 "" 0.06950563392585671 "" 0.8
