Clusters/Stephenson_1/Stephenson_1_stars_in_region.tsv
# %ECSV 1.0
# ---
# datatype:
# - name: RA_ICRS_1
#   unit: deg
#   datatype: float64
#   format: '{:15.11f}'
#   description: Right ascension (ICRS) at Ep=2016.0 (ra)
#   meta: !!omap
#   - {ucd: POS_EQ_RA_MAIN}
#   - {width: 15}
#   - {precision: '11'}
# - name: DE_ICRS_1
#   unit: deg
#   datatype: float64
#   format: '{:15.11f}'
#   description: Declination (ICRS) at Ep=2016.0 (dec)
#   meta: !!omap
#   - {ucd: POS_EQ_DEC_MAIN}
#   - {width: 15}
#   - {precision: '11'}
# - name: e_RA_ICRS
#   unit: mas
#   datatype: float64
#   format: '{:7.4f}'
#   description: Standard error of right ascension (ra_error)
#   meta: !!omap
#   - {ucd: ERROR}
#   - {width: 7}
#   - {precision: '4'}
# - name: e_DE_ICRS
#   unit: mas
#   datatype: float64
#   format: '{:7.4f}'
#   description: Standard error of declination (dec_error)
#   meta: !!omap
#   - {ucd: ERROR}
#   - {width: 7}
#   - {precision: '4'}
# - name: _r_1
#   unit: ''
#   datatype: float64
#   format: '{:8.4f}'
#   description: Distance from center (283.52340549000+36.93240597000)[ICRS], at Epoch=J2016.0
#   meta: !!omap
#   - {ucd: POS_ANG_DIST_GENERAL}
#   - {width: 8}
#   - {precision: '4'}
# - name: HIP
#   datatype: int32
#   description: '? HIP cross-id number, van Leeuwen, Cat. I/311 (hip_original_ext_source_id)'
#   meta: !!omap
#   - {ucd: ID_NUMBER}
#   - {width: 6}
#   - values: {'null': -2147483648}
# - name: TYC2
#   datatype: string
#   description: Tycho-2 cross-id name, Hog et al., Cat. I/259 (tyc2_original_ext_source_id)
#   meta: !!omap
#   - {ucd: ID_CROSSID}
#   - {_votable_string_dtype: char}
# - name: Source
#   datatype: int64
#   description: Source identifier, identical to the Gaia-EDR3 source_id (id)
#   meta: !!omap
#   - {ucd: ID_MAIN}
#   - {width: 19}
# - name: rgeo
#   unit: pc
#   datatype: float64
#   format: '{:15.8f}'
#   description: '? Median of the geometric distance posterior (r_med_geo)'
#   meta: !!omap
#   - {ucd: PHYS_DISTANCE_TRUE}
#   - {width: 15}
#   - {precision: '8'}
#   - values: {'null': .nan}
# - name: Plx
#   unit: mas
#   datatype: float64
#   format: '{:9.4f}'
#   description: '? Parallax (parallax)'
#   meta: !!omap
#   - {ucd: POS_PARLX_TRIG}
#   - {width: 9}
#   - {precision: '4'}
#   - values: {'null': .nan}
# - name: e_Plx
#   unit: mas
#   datatype: float32
#   format: '{:7.4f}'
#   description: '? Standard error of parallax (parallax_error)'
#   meta: !!omap
#   - {ucd: ERROR}
#   - {width: 7}
#   - {precision: '4'}
#   - values: {'null': .nan}
# - name: pmRA
#   unit: mas / yr
#   datatype: float64
#   format: '{:9.3f}'
#   description: '? Proper motion in right ascension direction, pmRA*cosDE (pmra)'
#   meta: !!omap
#   - {ucd: POS_EQ_PMRA}
#   - {width: 9}
#   - {precision: '3'}
#   - values: {'null': .nan}
# - name: pmDE
#   unit: mas / yr
#   datatype: float64
#   format: '{:9.3f}'
#   description: '? Proper motion in declination direction (pmdec)'
#   meta: !!omap
#   - {ucd: POS_EQ_PMDEC}
#   - {width: 9}
#   - {precision: '3'}
#   - values: {'null': .nan}
# - name: e_pmRA
#   unit: mas / yr
#   datatype: float32
#   format: '{:6.3f}'
#   description: '? Standard error of proper motion in right ascension direction (pmra_error)'
#   meta: !!omap
#   - {ucd: ERROR}
#   - {width: 6}
#   - {precision: '3'}
#   - values: {'null': .nan}
# - name: e_pmDE
[...]
#         value: !astropy.table.SerializedColumn {name: SkyCoord.dec}
#       distance: !astropy.table.SerializedColumn
#         __class__: astropy.coordinates.distances.Distance
#         unit: !astropy.units.Unit {unit: pc}
#         value: !astropy.table.SerializedColumn {name: SkyCoord.distance}
#       frame: icrs
#       obstime: !astropy.time.Time {format: jyear_str, in_subfmt: '*', jd1: 367701545.0, jd2: 0.0, out_subfmt: '*', precision: 3, scale: tt}
#       pm_dec: !astropy.table.SerializedColumn
#         __class__: astropy.units.quantity.Quantity
#         unit: !astropy.units.Unit {unit: mas / yr}
#         value: !astropy.table.SerializedColumn {name: SkyCoord.pm_dec}
#       pm_ra_cosdec: !astropy.table.SerializedColumn
#         __class__: astropy.units.quantity.Quantity
#         unit: !astropy.units.Unit {unit: mas / yr}
#         value: !astropy.table.SerializedColumn {name: SkyCoord.pm_ra_cosdec}
#       ra: !astropy.table.SerializedColumn
#         __class__: astropy.coordinates.angles.Longitude
#         unit: *id001
#         value: !astropy.table.SerializedColumn {name: SkyCoord.ra}
#         wrap_angle: !astropy.coordinates.Angle
#           unit: *id001
#           value: 360.0
#       representation_type: spherical
# schema: astropy-2.0
RA_ICRS_1 DE_ICRS_1 e_RA_ICRS e_DE_ICRS _r_1 HIP TYC2 Source rgeo Plx e_Plx pmRA pmDE e_pmRA e_pmDE RUWE Teff logg Gmag BP-RP BPmag RPmag RV e_RV b_rgeo B_rgeo FG e_FG FBP e_FBP FRP e_FRP RAVE5 RAVE6 e_Gmag e_BPmag e_RPmag e_BP-RP SkyCoord.ra SkyCoord.dec SkyCoord.distance SkyCoord.pm_ra_cosdec SkyCoord.pm_dec rmRA rmDE e_rmRA e_rmDE rRV e_rRV v_pec v_pec3d e_vpec e_vpec3d
[from data line 1330]
282.98203486485 37.25964752662 0.0363 0.0424 32.5079 "" "" 2093990414444736768 374.718628 2.6226 0.0462 0.7 -3.189 0.048 0.057 1.104 3409.8 4.2089 16.739958 2.843382 18.35327 15.509888 "" "" 367.825439 380.983582 3792.83448 4.8941 622.46 5.9517 4956.8 18.45 "" "" 0.0030910429413993647 0.010749768 0.0055331453 0.016282912 282.98203486485 37.25964752662 374.718628 0.7 -3.189 -0.4555000543594361 -0.16753446006774908 0.23187152 0.2408715 "" "" 0.8620320696051338 "" 0.20082088529710745 ""
283.16411934449 36.14879233926 0.0631 0.0732 50.1053 "" "" 2093319751011159552 350.248322 2.7963 0.0801 1.135 -3.628 0.083 0.098 1.29 "" "" 16.741045 "" "" "" "" "" 341.852997 359.210907 3789.03469 10.863 "" "" "" "" "" "" 0.004157049143067708 "" "" "" 283.16411934449 36.14879233926 350.248322 1.1350000000000002 -3.628 -0.020500054359436026 -0.6065344600677491 0.2668715 0.2818715 "" "" 1.0075295713478924 "" 0.2839770829771359 ""
283.22920085586 37.91978652206 0.0439 0.0502 60.8787 "" "" 2097035962874602496 412.600372 2.3934 0.0534 3.912 17.843 0.056 0.067 1.286 3658.1 4.4349 16.744379 2.329805 17.979511 15.649706 "" "" 404.446259 420.638672 3777.42053 2.4535 878.24 8.9124 4357.9 8.1378 "" "" 0.002844134785008141 0.011365873 0.0042888643 0.015654737 283.22920085586 37.91978652206 412.600372 3.912 17.843 2.756499945640564 20.86446553993225 0.2398715 0.2508715 "" "" 41.15974434367621 "" 10.318207689819639 ""
283.25941371031 36.92882770521 0.0377 0.0434 12.6633 "" "" 2093923451615203328 368.800934 2.679 0.0484 1.128 -3.062 0.051 0.054 1.016 3488.6 4.4059 16.748442 2.609675 18.183825 15.57415 "" "" 362.786652 375.581635 3763.31211 3.772 727.59 8.0364 4671.9 16.195 "" "" 0.002962441833294648 0.012312516 0.0053337556 0.017646272 283.25941371031 36.92882770521 368.800934 1.1280000000000001 -3.0620000000000003 -0.027500054359436144 -0.040534460067748856 0.2348715 0.23787151 "" "" 0.08562729377198164 "" 0.02028767614076703 ""
283.84163353295 36.98181851963 0.1503 0.1719 15.5429 "" "" 2093930594142531072 331.878387 3.0503 0.1815 3.742 7.666 0.202 0.225 4.007 "" "" 16.749043 2.274842 17.832056 15.557214 "" "" 315.850281 350.339264 3761.22986 7.8748 1006.0 10.13 4745.4 9.3478 "" "" 0.003571993867845827 0.011283332 0.0043425797 0.01562591 283.84163353295 36.98181851963 331.878387 3.742 7.666 2.586499945640564 10.687465539932251 0.38587153 0.4088715 "" "" 17.297838503424206 "" 7.051167097695826 ""
281.53076421517 36.13827509378 0.0351 0.041 107.2282 "" "" 2096462189603314048 338.469604 2.9229 0.0446 -2.687 -12.233 0.047 0.053 0.934 3761.2 4.7408 16.753748 2.177243 17.879574 15.702331 "" "" 333.226654 343.580383 3744.9636 2.2649 962.91 5.5474 4151.7 10.054 "" "" 0.0028324834160129895 0.006849103 0.004604004 0.011453107 281.53076421517 36.13827509378 338.469604 -2.687 -12.233 -3.842500054359436 -9.21153446006775 0.2308715 0.23687151 "" "" 16.012720497886434 "" 3.7788714653216653 ""
283.52095693254 37.05313112769 0.0732 0.0928 7.2445 "" "" 2093945613646647680 333.094818 2.9379 0.0747 0.974 -2.196 0.098 0.117 1.004 "" "" 16.75521 "" "" "" "" "" 324.83075 342.885529 3739.92177 9.8867 "" "" "" "" "" "" 0.003978677430591851 "" "" "" 283.52095693254 37.05313112769 333.094818 0.9740000000000001 -2.196 -0.18150005435943606 0.8254655399322508 0.2818715 0.3008715 "" "" 1.3344348441792129 "" 0.4003594834586974 ""
284.58978541001 36.28672931082 0.0313 0.039 64.3319 "" "" 2093655273857357696 382.294434 2.5839 0.0407 -5.168 -7.065 0.041 0.049 1.005 "" "" 16.756584 2.266333 17.944809 15.678476 "" "" 376.892548 388.005096 3735.19375 2.2355 906.76 7.1479 4243.9 8.8628 "" "" 0.002830908235128137 0.00900207 0.004407366 0.013409436 284.58978541001 36.28672931082 382.294434 -5.167999999999998 -7.064999999999999 -6.323500054359436 -4.043534460067749 0.22487152 0.2328715 "" "" 13.60105184523132 "" 3.09046225825325 ""
281.23708844295 37.23861622464 0.0375 0.0411 110.9613 "" "" 2096848324342166656 288.334412 3.4214 0.0449 0.21 2.144 0.049 0.053 1.066 3623.9 4.7162 16.761768 2.517106 18.135128 15.618022 "" "" 284.469086 292.68454 3717.39807 2.6528 760.97 7.9484 4486.9 9.1364 "" "" 0.0028621853218470062 0.011678807 0.004378521 0.016057327 281.23708844295 37.23861622464 288.334412 0.21000000000000016 2.144 -0.9455000543594361 5.165465539932251 0.2328715 0.23687151 "" "" 7.17695941800704 "" 1.6990941628084906 ""
282.99148016526 35.79169530252 0.0407 0.0453 73.1087 "" "" 2093286765664500480 350.818451 2.8231 0.05 -0.929 2.42 0.051 0.058 1.216 3744.9 4.6898 16.764761 2.145859 17.869745 15.723887 "" "" 343.720276 357.347168 3707.16722 2.1688 971.67 12.084 4070.1 8.8024 "" "" 0.002827587666972509 0.01378783 0.004449426 0.018237256 282.99148016526 35.79169530252 350.818451 -0.9289999999999999 2.42 -2.0845000543594363 5.441465539932251 0.2348715 0.2418715 "" "" 9.68970685645133 "" 2.335094063222909 ""
282.87639619664 37.30879577927 0.0342 0.0406 38.3166 "" "" 2093987979204446208 398.063965 2.4818 0.0424 3.811 4.771 0.046 0.055 1.038 3734.5 4.6866 16.76864 2.322596 18.006365 15.683768 "" "" 392.642029 403.640717 3693.9449 2.2448 856.78 7.8845 4223.3 9.2024 "" "" 0.002833217947489919 0.010373736 0.0044587688 0.014832504 282.87639619664 37.30879577927 398.063965 3.810999999999999 4.771 2.655499945640564 7.792465539932251 0.22987151 0.23887151 "" "" 15.533288321455343 "" 3.696160890272287 ""
282.72518059469 37.05063235247 0.0361 0.0376 38.9057 "" "" 2093606414309756672 379.264801 2.5961 0.0441 -3.271 -22.783 0.047 0.051 0.977 3742.4 4.6274 16.778994 2.062858 17.778795 15.715938 "" "" 374.11972 385.353638 3658.89235 2.3166 1056.6 17.335 4100.0 18.18 "" "" 0.0028397787573498597 0.018030217 0.0061205667 0.024150783 282.72518059469 37.05063235247 379.264801 -3.2710000000000017 -22.783000000000015 -4.426500054359436 -19.76153446006775 0.2308715 0.2348715 "" "" 36.40593558741874 "" 8.543815933499891 ""
282.37499499643 36.84965787017 0.0906 0.0959 55.3313 "" "" 2093599714160702080 367.173492 2.6824 0.1078 -7.86 -20.632 0.129 0.128 2.416 "" "" 16.782917 2.579907 18.125938 15.546031 "" "" 353.298309 387.381714 3645.68979 10.405 767.43 7.0695 4794.5 10.493 "" "" 0.0041465705153244355 0.010383604 0.0044643017 0.014847906 282.37499499643 36.84965787017 367.173492 -7.86000000000001 -20.632 -9.015500054359435 -17.61053446006775 0.31287152 0.31187153 "" "" 34.43227448568327 "" 10.745605181088273 ""
281.27820110055 36.46063444357 0.0377 0.0435 111.6581 "" "" 2096531321397307776 363.581573 2.7183 0.0477 0.631 -3.021 0.049 0.059 1.083 3470.5 4.286 16.784883 2.602466 18.197708 15.595242 "" "" 356.59137 370.216156 3639.09781 6.5216 718.35 13.18 4582.1 39.588 "" "" 0.003373083442476334 0.02011511 0.010113181 0.03022829 281.27820110055 36.46063444357 363.581573 0.6310000000000002 -3.0209999999999946 -0.524500054359436 0.00046553993225106893 0.2328715 0.24287151 "" "" 0.9039115058204015 "" 0.2104952378860736 ""
283.1856637414 38.45805762652 0.0403 0.0392 92.9327 "" "" 2097155569123180928 343.027985 2.8727 0.0443 8.103 13.547 0.056 0.054 1.03 3631.7 4.6707 16.787718 2.419045 18.08224 15.663195 "" "" 338.308929 348.594635 3629.61004 2.3133 798.95 10.533 4304.1 9.6404 "" "" 0.002840885735989635 0.014583266 0.004494177 0.019077443 283.1856637414 38.45805762652 343.027985 8.102999999999998 13.546999999999993 6.947499945640564 16.56846553993225 0.2398715 0.23787151 "" "" 29.212075698593967 "" 6.957488346570709 ""
283.73297698146 36.75693271949 0.0395 0.0464 14.5639 "" "" 2093716124954342400 352.853027 2.7806 0.0509 1.188 -3.038 0.05 0.057 1.022 "" "" 16.789324 2.896414 18.443151 15.546738 "" "" 346.385498 357.946533 3624.24453 4.4051 573.0 10.411 4791.4 14.934 "" "" 0.0030550443790501596 0.01992339 0.0050730254 0.024996417 283.73297698146 36.75693271949 352.853027 1.188 -3.038 0.03249994564056391 -0.016534460067748835 0.2338715 0.2408715 "" "" 0.06098715602587884 "" 0.014351972726817331 ""
282.58256877068 35.78551401143 0.039 0.0434 82.4727 "" "" 2093471621055149184 369.599609 2.6687 0.0479 -8.205 21.825 0.055 0.057 1.096 3687.7 4.6822 16.793839 2.446166 18.107615 15.661449 "" "" 362.370911 375.793579 3609.20241 2.3465 780.5 8.1463 4311.0 10.66 "" "" 0.002844303478551513 0.011670577 0.004635903 0.01630648 282.58256877068 35.78551401143 369.599609 -8.205 21.825 -9.360500054359436 24.84646553993225 0.23887151 0.2408715 "" "" 46.51509073868865 "" 11.192639447267519 ""
284.16576378481 36.0053276924 0.04 0.0489 63.6765 "" "" 2093624281367720320 316.062012 3.1222 0.0524 19.005 -0.171 0.055 0.061 1.01 "" "" 16.803802 "" "" "" "" "" 311.22757 321.320923 3576.23448 3.7677 "" "" "" "" "" "" 0.00298332294496533 "" "" "" 284.16576378481 36.0053276924 316.062012 19.00500000000001 -0.1710000000000009 17.849499945640563 2.850465539932251 0.23887151 0.24487151 "" "" 27.07977284187403 "" 6.472676346695759 ""
282.20931701019 35.44424105018 0.0364 0.04 109.6421 "" "" 2093369091596403712 399.450867 2.4681 0.0433 2.727 -16.698 0.048 0.05 1.035 3772.4 4.6586 16.806696 2.16759 17.926628 15.759038 "" "" 391.596008 405.408752 3566.71196 2.2229 922.07 6.5606 3940.4 8.1479 "" "" 0.0028371940621436218 0.008213536 0.0043959143 0.01260945 282.20931701019 35.44424105018 399.450867 2.7270000000000003 -16.698 1.5714999456405638 -13.67653446006775 0.23187152 0.2338715 "" "" 26.065498392334266 "" 6.095300876955067 ""
282.58667861987 36.0879483489 0.0359 0.0452 67.8804 "" "" 2093491721502425856 325.000793 3.0457 0.0493 4.521 5.892 0.045 0.052 0.951 3557.2 4.6531 16.808304 2.418125 18.099709 15.681583 "" "" 319.604736 330.404846 3561.43835 2.5002 786.2 9.4312 4231.8 10.373 "" "" 0.002858802336964763 0.0133199245 0.004622398 0.017942322 282.58667861987 36.0879483489 325.000793 4.521 5.892 3.365499945640564 8.91346553993225 0.22887151 0.23587151 "" "" 14.677408390835373 "" 3.449329999191517 ""
284.12537232331 35.38478433919 0.0358 0.0408 97.3279 "" "" 2092476769192945536 361.62677 2.7179 0.0453 1.187 -2.887 0.045 0.051 1.033 3410.7 4.1109 16.80955 2.828458 18.414164 15.585706 "" "" 356.18985 368.798676 3557.35125 3.0135 588.51 8.2245 4622.5 12.97 "" "" 0.0029047762989726396 0.015427701 0.004854307 0.020282008 284.12537232331 35.38478433919 361.62677 1.1869999999999998 -2.887000000000001 0.03149994564056402 0.13446553993225097 0.22887151 0.2348715 "" "" 0.23672875508534622 "" 0.05552784327603308 ""
283.11234777803 35.77420540165 0.0367 0.0426 72.2749 "" "" 2093275873626942464 365.485168 2.6947 0.0467 0.847 -3.038 0.047 0.056 0.955 3522.3 4.4219 16.810152 2.574375 18.2219 15.647526 "" "" 358.915619 372.018555 3555.37727 4.1507 702.52 9.3403 4366.6 18.647 "" "" 0.0030328920779606294 0.014702499 0.005981707 0.020684205 283.11234777803 35.77420540165 365.485168 0.847 -3.0380000000000003 -0.30850005435943606 -0.016534460067748835 0.2308715 0.2398715 "" "" 0.5352124640341938 "" 0.12357936901447755 ""
284.76196046359 36.26786328113 0.035 0.039 71.7563 "" "" 2092905097690942720 306.537109 3.2255 0.0425 -40.274 -25.27 0.046 0.05 0.986 3726.1 4.7581 16.810871 2.349439 18.087881 15.738442 "" "" 303.376953 310.174011 3553.02692 2.3649 794.81 8.2889 4015.9 12.519 "" "" 0.002848515030383918 0.011661613 0.0050734053 0.01673502 284.76196046359 36.26786328113 306.537109 -40.274000000000015 -25.269999999999996 -41.42950005435944 -22.24853446006775 0.22987151 0.2338715 "" "" 68.3274363314243 "" 15.768119805113262 ""
283.60383242561 35.58335072722 0.036 0.0449 81.0368 "" "" 2093242132364005376 417.109711 2.3714 0.0467 1.843 -14.47 0.046 0.056 1.092 3665.5 4.5629 16.811111 1.928514 17.765556 15.837042 "" "" 409.349457 426.104889 3552.24108 1.9612 1069.5 6.4114 3667.3 7.9246 "" "" 0.002819772053148064 0.0070815706 0.0044483854 0.011529956 283.60383242561 35.58335072722 417.109711 1.8429999999999964 -14.469999999999995 0.6874999456405639 -11.44853446006775 0.22987151 0.2398715 "" "" 22.675673681578807 "" 5.4384500452213835 ""
285.04188739277 37.56340207206 0.0379 0.0414 81.8105 "" "" 2093869850423690496 357.58844 2.7552 0.0458 1.656 -2.978 0.048 0.053 1.02 3439.4 4.4051 16.813244 2.685489 18.307177 15.621688 "" "" 351.242004 363.128326 3545.26946 4.8952 649.45 8.7055 4471.8 17.896 "" "" 0.003136756905433462 0.0148187075 0.005758772 0.02057748 285.04188739277 37.56340207206 357.58844 1.6560000000000001 -2.9780000000000006 0.5004999456405639 0.043465539932250774 0.23187152 0.23687151 "" "" 0.851525013450723 "" 0.1974766066440144 ""
284.88614901974 37.95558894424 0.0553 0.0652 89.3458 "" "" 2099896720331520512 378.944824 2.6135 0.0658 4.559 18.927 0.076 0.087 1.672 "" "" 16.8149 2.085654 17.734861 15.649207 "" "" 369.176147 387.935455 3539.86727 3.4044 1100.2 12.113 4359.9 19.871 "" "" 0.0029465427267632354 0.012275069 0.006226612 0.01850168 284.88614901974 37.95558894424 378.944824 4.559000000000005 18.927 3.403499945640564 21.94846553993225 0.2598715 0.27087152 "" "" 39.89497717696153 "" 10.796312935910311 ""
282.54958339641 37.29520922484 0.0617 0.0676 51.4276 "" "" 2096993253719064960 363.971954 2.7123 0.073 -4.824 2.37 0.083 0.094 1.704 3516.0 4.4183 16.815367 2.620269 18.226385 15.606116 "" "" 354.811859 372.485199 3538.34516 7.0786 699.62 9.6436 4536.4 14.41 "" "" 0.0035085077659553253 0.015223719 0.005116487 0.020340206 282.54958339641 37.29520922484 363.971954 -4.824 2.37 -5.979500054359436 5.391465539932251 0.2668715 0.2778715 "" "" 13.890201705396292 "" 3.7761793648860142 ""
283.89300733457 38.37013928111 0.0441 0.0483 88.0324 "" "" 2094163282589102336 361.884033 2.7135 0.0512 0.949 5.936 0.061 0.061 1.108 "" "" 16.817379 2.303146 17.94928 15.646133 "" "" 355.722565 367.987091 3531.78922 3.5334 903.04 26.22 4372.2 40.962 "" "" 0.002961703557157029 0.031647865 0.0108514 0.042499267 283.89300733457 38.37013928111 361.884033 0.9490000000000006 5.936 -0.20650005435943608 8.957465539932251 0.24487151 0.24487151 "" "" 15.369094596262869 "" 3.7634534327093205 ""
285.27332707826 37.50938894065 0.0419 0.0441 90.4905 "" "" 2099822949972739584 302.793365 3.2718 0.0499 -11.865 3.029 0.058 0.057 1.046 "" "" 16.820484 2.300809 18.035315 15.734506 "" "" 298.42572 306.632812 3521.7082 2.3717 834.24 10.161 4030.5 9.8721 "" "" 0.0028506892792351623 0.013515354 0.004621239 0.018136593 285.27332707826 37.50938894065 302.793365 -11.864999999999998 3.029000000000001 -13.020500054359436 6.050465539932251 0.2418715 0.2408715 "" "" 20.606653563975716 "" 4.980509068230293 ""
284.5887688961 37.72298951745 0.0439 0.0471 69.5238 "" "" 2093883525599766272 349.484589 2.8274 0.0543 1.411 -2.925 0.058 0.06 1.064 3483.9 4.3161 16.822096 2.600484 18.235214 15.63473 "" "" 343.005554 354.66452 3516.48136 4.0094 693.95 11.154 4418.4 16.953 "" "" 0.0030206381573615604 0.017672902 0.005624785 0.023297686 284.5887688961 37.72298951745 349.484589 1.411 -2.925 0.255499945640564 0.09646553993225115 0.2418715 0.24387151 "" "" 0.45241241409576805 "" 0.10953896948866786 ""
282.52852591443 38.07642549955 0.0381 0.0433 83.3897 "" "" 2097099631469554944 340.941254 2.891 0.0472 2.083 7.664 0.05 0.056 0.932 3683.8 4.7299 16.822176 2.294085 18.032997 15.738912 "" "" 334.725342 347.335907 3516.22063 2.1591 836.02 8.3876 4014.2 8.6556 "" "" 0.002834829597471223 0.011244614 0.0044457326 0.015690345 282.52852591443 38.07642549955 340.941254 2.0829999999999993 7.663999999999998 0.9274999456405641 10.68546553993225 0.2338715 0.2398715 "" "" 17.333300104953633 "" 4.156996682711834 ""
