Clusters/Stephenson_1/Stephenson_1_members.tsv
# %ECSV 1.0
# ---
# datatype:
# - name: RA_ICRS_1
#   unit: deg
#   datatype: float64
#   format: '{:15.11f}'
#   description: Right ascension (ICRS) at Ep=2016.0 (ra)
#   meta: !!omap
#   - {ucd: POS_EQ_RA_MAIN}
#   - {width: 15}
#   - {precision: '11'}
# - name: DE_ICRS_1
#   unit: deg
#   datatype: float64
#   format: '{:15.11f}'
#   description: Declination (ICRS) at Ep=2016.0 (dec)
#   meta: !!omap
#   - {ucd: POS_EQ_DEC_MAIN}
#   - {width: 15}
#   - {precision: '11'}
# - name: e_RA_ICRS
#   unit: mas
#   datatype: float64
#   format: '{:7.4f}'
#   description: Standard error of right ascension (ra_error)
#   meta: !!omap
#   - {ucd: ERROR}
#   - {width: 7}
#   - {precision: '4'}
# - name: e_DE_ICRS
#   unit: mas
#   datatype: float64
#   format: '{:7.4f}'
#   description: Standard error of declination (dec_error)
#   meta: !!omap
#   - {ucd: ERROR}
#   - {width: 7}
#   - {precision: '4'}
# - name: _r_1
#   unit: ''
#   datatype: float64
#   format: '{:8.4f}'
#   description: Distance from center (283.52340549000+36.93240597000)[ICRS], at Epoch=J2016.0
#   meta: !!omap
#   - {ucd: POS_ANG_DIST_GENERAL}
#   - {width: 8}
#   - {precision: '4'}
# - name: HIP
#   datatype: int32
#   description: '? HIP cross-id number, van Leeuwen, Cat. I/311 (hip_original_ext_source_id)'
#   meta: !!omap
#   - {ucd: ID_NUMBER}
#   - {width: 6}
#   - values: {'null': -2147483648}
# - name: TYC2
#   datatype: string
#   description: Tycho-2 cross-id name, Hog et al., Cat. I/259 (tyc2_original_ext_source_id)
#   meta: !!omap
#   - {ucd: ID_CROSSID}
#   - {_votable_string_dtype: char}
# - name: Source
#   datatype: int64
#   description: Source identifier, identical to the Gaia-EDR3 source_id (id)
#   meta: !!omap
#   - {ucd: ID_MAIN}
#   - {width: 19}
# - name: rgeo
#   unit: pc
#   datatype: float64
#   format: '{:15.8f}'
#   description: '? Median of the geometric distance posterior (r_med_geo)'
#   meta: !!omap
#   - {ucd: PHYS_DISTANCE_TRUE}
#   - {width: 15}
#   - {precision: '8'}
#   - values: {'null': .nan}
# - name: Plx
#   unit: mas
#   datatype: float64
#   format: '{:9.4f}'
#   description: '? Parallax (parallax)'
#   meta: !!omap
#   - {ucd: POS_PARLX_TRIG}
#   - {width: 9}
#   - {precision: '4'}
#   - values: {'null': .nan}
# - name: e_Plx
#   unit: mas
#   datatype: float32
#   format: '{:7.4f}'
#   description: '? Standard error of parallax (parallax_error)'
#   meta: !!omap
#   - {ucd: ERROR}
#   - {width: 7}
#   - {precision: '4'}
#   - values: {'null': .nan}
# - name: pmRA
#   unit: mas / yr
#   datatype: float64
#   format: '{:9.3f}'
#   description: '? Proper motion in right ascension direction, pmRA*cosDE (pmra)'
#   meta: !!omap
#   - {ucd: POS_EQ_PMRA}
#   - {width: 9}
#   - {precision: '3'}
#   - values: {'null': .nan}
# - name: pmDE
#   unit: mas / yr
#   datatype: float64
#   format: '{:9.3f}'
#   description: '? Proper motion in declination direction (pmdec)'
#   meta: !!omap
#   - {ucd: POS_EQ_PMDEC}
#   - {width: 9}
#   - {precision: '3'}
#   - values: {'null': .nan}
# - name: e_pmRA
#   unit: mas / yr
#   datatype: float32
#   format: '{:6.3f}'
#   description: '? Standard error of proper motion in right ascension direction (pmra_error)'
#   meta: !!omap
#   - {ucd: ERROR}
#   - {width: 6}
#   - {precision: '3'}
#   - values: {'null': .nan}
# - name: e_pmDE
[...]
#       distance: !astropy.table.SerializedColumn
#         __class__: astropy.coordinates.distances.Distance
#         unit: !astropy.units.Unit {unit: pc}
#         value: !astropy.table.SerializedColumn {name: SkyCoord.distance}
#       frame: icrs
#       obstime: !astropy.time.Time {format: jyear_str, in_subfmt: '*', jd1: 367701545.0, jd2: 0.0, out_subfmt: '*', precision: 3, scale: tt}
#       pm_dec: !astropy.table.SerializedColumn
#         __class__: astropy.units.quantity.Quantity
#         unit: !astropy.units.Unit {unit: mas / yr}
#         value: !astropy.table.SerializedColumn {name: SkyCoord.pm_dec}
#       pm_ra_cosdec: !astropy.table.SerializedColumn
#         __class__: astropy.units.quantity.Quantity
#         unit: !astropy.units.Unit {unit: mas / yr}
#         value: !astropy.table.SerializedColumn {name: SkyCoord.pm_ra_cosdec}
#       ra: !astropy.table.SerializedColumn
#         __class__: astropy.coordinates.angles.Longitude
#         unit: *id001
#         value: !astropy.table.SerializedColumn {name: SkyCoord.ra}
#         wrap_angle: !astropy.coordinates.Angle
#           unit: *id001
#           value: 360.0
#       representation_type: spherical
# schema: astropy-2.0
RA_ICRS_1 DE_ICRS_1 e_RA_ICRS e_DE_ICRS _r_1 HIP TYC2 Source rgeo Plx e_Plx pmRA pmDE e_pmRA e_pmDE RUWE Teff logg Gmag BP-RP BPmag RPmag RV e_RV b_rgeo B_rgeo FG e_FG FBP e_FBP FRP e_FRP RAVE5 RAVE6 e_Gmag e_BPmag e_RPmag e_BP-RP SkyCoord.ra SkyCoord.dec SkyCoord.distance SkyCoord.pm_ra_cosdec SkyCoord.pm_dec rmRA rmDE e_rmRA e_rmDE rRV e_rRV v_pec v_pec3d e_vpec e_vpec3d Pmemb
283.55654522039 36.73343617647 0.0251 0.0278 12.0438 92769 2651-827-1 2093902938851438976 359.059113 2.7718 0.0309 1.204 -3.15 0.034 0.039 1.1 13351.1 3.9797 7.586877 -0.145863 7.525206 7.671069 "" "" 354.036713 363.176453 17385843.26849 6424.9 13345000.0 8225.4 6772200.0 3741.4 "" "" 0.0027843807272648308 0.0028693015 0.0038266857 0.006695987 283.55654522039 36.73343617647 359.059113 1.203999999999998 -3.1499999999999995 0.048499945640563924 -0.12853446006774893 0.21787152 0.22287151 "" "" 0.23381308763432698 "" 0.051966006962032976 "" 0.9
283.59264925536 36.85205892627 0.016 0.0181 5.855 "" 2651-802-1 2093905374093557504 359.411591 2.7632 0.0202 1.339 -3.192 0.022 0.024 1.09 10833.1 4.201 8.772222 0.065473 8.783749 8.718276 "" "" 357.067017 362.033295 5835224.67472 2809.2 4187100.0 4179.6 2581400.0 1193.6 "" "" 0.002804460870313165 0.002993268 0.003812579 0.006805847 283.59264925536 36.85205892627 359.411591 1.3389999999999997 -3.192 0.18349994564056393 -0.1705344600677492 0.20587151 0.20787151 "" "" 0.42676808147782713 "" 0.08825596707888138 "" 1.0
283.34310166249 37.47312369131 0.016 0.0181 33.5678 "" 2650-1804-1 2094006219923685760 366.882446 2.7155 0.02 1.124 -2.985 0.022 0.023 0.97 "" "" 8.888027 -0.000549 8.876495 8.877045 -24.66 4.16 363.952271 369.65683 5244885.66668 1399.8 3844300.0 1601.3 2230200.0 938.48 "" "" 0.002770515544832364 0.0028265843 0.0038068977 0.006633482 283.34310166249 37.47312369131 366.882446 1.124 -2.9849999999999994 -0.031500054359435925 0.0364655399322511 0.20587151 0.20687151 -5.998275862068965 6.9778786 0.08379832851559733 5.99886118170284 0.01729972685052177 6.977197730627044 1.0
283.401818333 36.81151859665 0.0128 0.0151 9.3096 "" 2650-1237-1 2093907062020010752 354.664337 2.8024 0.0158 0.936 -2.956 0.016 0.018 1.146 7903.9 4.0348 9.711267 0.297798 9.812183 9.514385 "" "" 352.581604 356.706818 2457196.78683 643.47 1623800.0 882.47 1240000.0 552.25 "" "" 0.0027699511215137584 0.0028518788 0.0038101897 0.0066620684 283.401818333 36.81151859665 354.664337 0.9359999999999998 -2.9560000000000004 -0.21950005435943598 0.06546553993225102 0.19987151 0.20187151 "" "" 0.38506574346337247 "" 0.07702686956334698 "" 0.8
283.51078044948 36.88412384533 0.0126 0.0144 2.9596 "" 2651-726-1 2093908986165449472 358.092194 2.7768 0.0153 1.101 -2.93 0.017 0.018 1.021 9414.3 4.2796 9.765833 0.135282 9.807134 9.671852 -12.23 3.75 356.543854 359.675659 2336756.32433 656.88 1631400.0 609.43 1072500.0 318.67 "" "" 0.0027721727500653664 0.002819495 0.0037931253 0.0066126203 283.51078044948 36.88412384533 358.092194 1.101 -2.9299999999999997 -0.054500054359436056 0.09146553993225082 0.20087151 0.20187151 6.431724137931035 6.5678787 0.18072031004405445 6.434262600866329 0.0364350177737178 6.565287625367393 1.0
283.7340305339 36.49719543333 0.0097 0.0125 28.0088 "" 2651-753-1 2093708462732601856 355.493835 2.7984 0.013 1.034 -3.249 0.013 0.016 0.991 7508.8 4.1994 10.499647 0.407446 10.645228 10.237782 -17.64 0.38 353.886902 357.166992 1188742.87312 233.28 753920.0 311.98 636860.0 178.66 "" "" 0.002763545995438168 0.0028261119 0.0037916354 0.0066177472 283.7340305339 36.49719543333 355.493835 1.0340000000000007 -3.249000000000004 -0.121500054359436 -0.22753446006774913 0.1968715 0.19987151 1.0217241379310344 3.1978788 0.4346431749461936 1.1103309882905292 0.0865851731816218 2.942876277304288 0.8
283.70537221711 36.82851831552 0.0091 0.0105 10.7295 "" 2651-882-1 2093927639204020608 352.052216 2.8268 0.0115 0.918 -2.918 0.012 0.013 1.017 7250.0 4.1965 10.665604 0.475907 10.839057 10.36315 -16.57 1.87 350.668488 353.449097 1020246.53252 344.97 630660.0 583.18 567410.0 297.94 "" "" 0.0027796693739493587 0.0029653085 0.0038221392 0.0067874477 283.70537221711 36.82851831552 352.052216 0.9180000000000001 -2.918000000000001 -0.237500054359436 0.10346553993225083 0.1958715 0.1968715 2.0917241379310347 4.6878786 0.43229832539262625 2.135928770193566 0.08474402740637549 4.59089151872851 1.0
283.61072161274 37.01416129947 0.0099 0.0109 6.4483 "" "" 2093933656457718016 354.438538 2.8053 0.0119 0.865 -3.024 0.012 0.014 0.979 6905.7 4.1668 10.820783 0.517344 11.010716 10.493372 -18.1 1.57 352.736572 355.904602 884369.59176 173.28 538430.0 352.53 503280.0 134.72 "" "" 0.0027635205044849046 0.0028793032 0.0037905402 0.0066698436 283.61072161274 37.01416129947 354.438538 0.8650000000000001 -3.024 -0.29050005435943604 -0.0025344600677490448 0.1958715 0.1978715 0.5617241379310336 4.387879 0.4880698990071602 0.7441412725089386 0.09559905895217025 3.3128374626301462 1.0
283.77627568266 36.88469602307 0.0112 0.0125 12.4648 "" 2651-772-1 2093928227619069952 353.38382 2.7832 0.0137 0.989 -3.02 0.015 0.015 0.904 6397.2 4.1609 11.216585 0.622018 11.453678 10.83166 -17.11 1.27 351.912811 354.987366 614203.83018 175.58 358050.0 198.03 368550.0 113.72 "" "" 0.0027727463086326524 0.0028540578 0.0037942012 0.0066482592 283.77627568266 36.88469602307 353.38382 0.9889999999999994 -3.0199999999999996 -0.16650005435943604 0.0014655399322509588 0.19887151 0.19887151 1.5517241379310356 4.0878787 0.2789049392123211 1.5765899166729578 0.055466245916935004 4.023417157914955 1.0
283.40471469221 36.90464448309 0.0101 0.0111 5.9322 "" "" 2093919706403780224 354.552734 2.7672 0.0126 1.29 -3.339 0.014 0.014 0.93 6242.0 4.231 11.534108 0.660618 11.787346 11.126728 -20.54 1.81 352.831055 356.034119 458462.07524 119.1 263320.0 128.84 280850.0 82.344 "" "" 0.002769719119185253 0.002840293 0.0037927646 0.0066330577 283.40471469221 36.90464448309 354.552734 1.2900000000000007 -3.3389999999999977 0.134499945640564 -0.317534460067749 0.1978715 0.1978715 -1.8782758620689641 4.6278787 0.5795403140750119 1.9656518485400902 0.11467451485783944 4.422292202827139 1.0
283.44093650752 37.0469745963 0.01 0.0119 7.9293 "" 2650-1179-1 2093923069356858880 355.663208 2.7656 0.013 1.191 -2.797 0.012 0.014 0.976 6113.2 4.2141 11.589895 0.690082 11.858557 11.168475 -19.46 0.85 354.224091 357.515228 435500.42113 189.04 246600.0 193.08 270250.0 148.07 "" "" 0.0027953362752541834 0.0029167985 0.003825912 0.0067427102 283.44093650752 37.0469745963 355.663208 1.1910000000000003 -2.7970000000000015 0.03549994564056402 0.22446553993225082 0.1958715 0.1978715 -0.7982758620689658 3.6678786 0.38311709240832587 0.8854507656879406 0.07578935059515235 3.306929144591382 1.0
283.53802798631 36.85188769555 0.0085 0.0097 4.8818 "" "" 2093908157232365184 353.372009 2.781 0.0103 1.389 -2.9 0.011 0.012 0.857 6090.4 4.2504 11.738564 0.697259 12.003817 11.306558 -17.53 1.06 352.212311 354.554932 379770.67211 82.421 215720.0 283.17 237980.0 190.54 "" "" 0.0027653776414219857 0.0031330963 0.003878068 0.007011164 283.53802798631 36.85188769555 353.372009 1.3890000000000002 -2.9 0.23349994564056398 0.12146553993225107 0.19487152 0.1958715 1.1317241379310339 3.8778787 0.4408615353088105 1.2145609979291214 0.0860054346949283 3.613530062419565 0.9
283.66161162843 36.50949567626 0.0065 0.0079 26.2307 "" "" 2093708840689704960 355.200317 2.7966 0.0083 1.569 -3.249 0.009 0.01 0.936 5783.1 4.3141 12.144112 0.815199 12.468869 11.65367 -12.27 3.89 354.139038 356.29248 261397.8183 302.68 140560.0 573.63 172860.0 496.94 "" "" 0.003028589364432668 0.005236234 0.004901649 0.010137883 283.66161162843 36.50949567626 355.200317 1.568999999999999 -3.248999999999999 0.4134999456405639 -0.22753446006774913 0.19287151 0.19387151 6.391724137931035 6.707879 0.794629299402552 6.440929527551068 0.15344640673469445 6.656661238699434 0.9
283.62052139118 36.922469669 0.0101 0.011 4.696 "" "" 2093932041545255680 349.966248 2.8429 0.0123 0.979 -2.918 0.013 0.014 1.254 5710.7 4.3675 12.361268 0.916488 12.659761 11.743274 -18.92 12.56 348.573059 351.588562 214012.6497 157.09 117900.0 733.52 159170.0 2700.0 "" "" 0.00286826174974482 0.00730852 0.01880112 0.02610964 283.62052139118 36.922469669 349.966248 0.9790000000000002 -2.918 -0.17650005435943605 0.10346553993225083 0.1968715 0.1978715 -0.2582758620689667 15.377879 0.3393833721894272 0.4264827009928248 0.06690187704402349 9.312921445645527 1.0
283.62104013079 36.92204276863 0.0106 0.0119 4.724 "" "" 2093932041549971072 354.435181 2.8065 0.0129 1.106 -2.895 0.014 0.015 1.284 "" "" 12.437957 0.864565 12.746587 11.882022 -20.78 10.48 352.940186 355.80365 199417.823 316.69 108840.0 563.3 140070.0 874.61 "" "" 0.0032503463889604943 0.006273803 0.0077617327 0.014035536 283.62104013079 36.92204276863 354.435181 1.106 -2.894999999999997 -0.04950005435943594 0.12646553993225096 0.1978715 0.19887151 -2.118275862068966 13.297878 0.22816037798281863 2.1305280533016417 0.04534435347370411 13.221406027740857 0.9
283.84443513965 36.88248376002 0.0082 0.0092 15.6904 "" "" 2093741826038723584 355.107605 2.8014 0.0102 1.522 -2.918 0.01 0.011 1.018 5751.5 4.334 12.446745 0.853703 12.77847 11.924767 -19.05 22.03 353.762238 356.241089 197810.24041 109.55 105690.0 164.13 134660.0 218.05 "" "" 0.0028201676592108003 0.0032600486 0.004168287 0.0074283355 283.84443513965 36.88248376002 355.107605 1.5219999999999996 -2.918 0.366499945640564 0.10346553993225083 0.19387151 0.19487152 -0.3882758620689657 24.84788 0.6410076873691992 0.7494324521474951 0.12432055892908424 12.87395666406216 0.9
283.37165301856 37.16547152877 0.0089 0.0109 15.7594 "" "" 2093950969464407680 352.023926 2.8275 0.0112 0.782 -2.908 0.012 0.013 1.075 5739.9 4.3504 12.47215 0.852606 12.815786 11.963181 -19.41 2.22 350.627014 353.371216 193235.49546 187.21 102120.0 383.22 129980.0 329.25 "" "" 0.002949278245332305 0.004938181 0.004674147 0.009612327 283.37165301856 37.16547152877 352.023926 0.7820000000000001 -2.9079999999999995 -0.373500054359436 0.11346553993225106 0.1958715 0.1968715 -0.7482758620689651 5.037879 0.6513431248325937 0.9920507204884943 0.12763471744392207 3.800853862872492 0.9
283.65336214722 36.83944351252 0.0103 0.0113 8.367 "" "" 2093905172234536832 350.860657 2.8346 0.0127 0.854 -3.307 0.013 0.015 1.036 5387.3 4.4289 12.909643 0.939377 13.29268 12.353303 -14.98 2.96 349.180817 352.50296 129148.5217 100.89 65818.0 162.69 90748.0 238.07 "" "" 0.002882912061603826 0.0038713703 0.0047325226 0.008603893 283.65336214722 36.83944351252 350.860657 0.8539999999999992 -3.307000000000002 -0.30150005435943605 -0.28553446006774896 0.1968715 0.19887151 3.6817241379310346 5.7778788 0.6905930637117628 3.7459326485497333 0.13661289360119985 5.678896793999136 0.8
283.43656985782 36.83980748438 0.0101 0.0116 6.9451 "" "" 2093907504397313024 353.32605 2.8073 0.0125 1.004 -2.955 0.013 0.014 1.073 5362.4 4.4219 12.995406 0.986464 13.401446 12.414982 -19.41 2.78 351.647736 354.778168 119339.47443 140.97 59544.0 238.63 85736.0 259.24 "" "" 0.0030391886607325194 0.0051689646 0.005006139 0.010175103 283.43656985782 36.83980748438 353.32605 1.0039999999999998 -2.955 -0.15150005435943603 0.0664655399322509 0.1968715 0.1978715 -0.7482758620689651 5.5978785 0.2770708765928937 0.7979254579288766 0.054592176365866205 5.249593926540241 1.0
283.71710832406 36.91624060366 0.0085 0.0098 9.3416 "" "" 2093929224051468672 351.372528 2.8209 0.0105 1.492 -2.79 0.011 0.013 1.168 5558.6 4.4934 13.060187 0.976039 13.46222 12.486181 -16.04 2.29 350.059387 352.631378 112427.32583 151.78 56303.0 271.71 80295.0 307.28 "" "" 0.0031209425287963004 0.0059362017 0.005616732 0.011552934 283.71710832406 36.91624060366 351.372528 1.4920000000000009 -2.79 0.33649994564056396 0.23146553993225094 0.19487152 0.1968715 2.621724137931036 5.1078787 0.6802291610083312 2.708532659374136 0.1329957599124815 4.944283900279082 0.8
283.25110922204 37.01718479714 0.0081 0.0092 14.0084 "" "" 2093925066522949888 352.239502 2.8119 0.0104 1.124 -3.051 0.01 0.011 1.008 5317.2 4.454 13.113112 0.972301 13.510709 12.538408 -18.48 2.18 351.007874 353.302277 107078.50209 146.44 53844.0 235.72 76524.0 257.31 "" "" 0.003129945760834519 0.0055115954 0.005254691 0.010766286 283.25110922204 37.01718479714 352.239502 1.124 -3.0509999999999966 -0.031500054359435925 -0.02953446006774918 0.19387151 0.19487152 0.1817241379310346 4.997879 0.0720944762544485 0.195502623545519 0.014010839306351466 4.645645174131551 1.0
283.59616916324 37.18535247538 0.0077 0.0093 15.5715 "" "" 2093948671663463040 357.387177 2.7672 0.0099 1.12 -3.04 0.01 0.011 0.909 5644.2 4.5429 13.141386 1.008629 13.563111 12.554482 -16.94 2.88 356.191223 358.538757 104325.95192 148.19 51306.0 240.66 75399.0 266.4 "" "" 0.003157575267333573 0.005807071 0.0053851274 0.011192199 283.59616916324 37.18535247538 357.387177 1.1200000000000008 -3.0399999999999965 -0.03550005435943593 -0.01853446006774906 0.19387151 0.19487152 1.7217241379310337 5.697879 0.0678406052296103 1.7230601715704188 0.013166921535980996 5.693460815940675 1.0
283.70422248176 36.95021243787 0.0083 0.0088 8.7367 "" "" 2093929602008603904 354.177917 2.7938 0.0099 1.001 -3.272 0.011 0.011 0.949 5704.2 4.5212 13.157971 1.083614 13.609023 12.525409 -5.15 14.95 352.900299 355.356262 102744.4015 146.91 49182.0 237.29 77445.0 294.97 "" "" 0.0031625763655879877 0.005935128 0.005602193 0.011537321 283.70422248176 36.95021243787 354.177917 1.0010000000000001 -3.2720000000000002 -0.15450005435943615 -0.2505344600677488 0.19487152 0.19487152 13.511724137931035 17.76788 0.4941439528854939 13.520756910236996 0.09629458074449081 17.756009699854413 0.8
283.33883011046 36.99884534486 0.0096 0.0104 9.705 "" "" 2093923932651617280 352.040314 2.8114 0.0121 1.131 -3.068 0.012 0.013 1.012 5646.4 4.5232 13.215435 1.021311 13.64206 12.620749 -25.42 4.9 350.471893 353.656494 97447.99728 194.48 47708.0 304.67 70935.0 342.46 "" "" 0.003505277956172283 0.0074740048 0.0064621456 0.013936151 283.33883011046 36.99884534486 352.040314 1.1310000000000007 -3.0679999999999965 -0.02450005435943603 -0.046534460067749084 0.1958715 0.1968715 -6.758275862068967 7.717879 0.08775542106284831 6.758845584990824 0.017257533716283496 7.717228259118355 1.0
283.48265716998 37.14728228882 0.0091 0.0109 13.0394 "" "" 2093950144832625920 358.577484 2.7586 0.0113 1.311 -2.937 0.011 0.012 0.945 5183.5 4.4439 13.277932 1.046307 13.720274 12.673967 -18.37 3.3 357.316925 360.025085 91997.03807 135.73 44392.0 237.46 67542.0 257.33 "" "" 0.003187124907209589 0.00644324 0.005603121 0.012046361 283.48265716998 37.14728228882 358.577484 1.311 -2.937 0.1554999456405639 0.08446553993225114 0.19487152 0.1958715 0.291724137931034 6.117879 0.3007704816689628 0.41900579386803816 0.05868025877811702 4.259655220384712 1.0
283.62957544896 37.19109522782 0.008 0.0097 16.3326 "" "" 2093949015260867968 352.967438 2.8035 0.0103 1.055 -3.209 0.011 0.012 0.981 5499.7 4.5695 13.300627 1.014469 13.724417 12.709948 -16.57 3.49 351.81369 354.283203 90094.07308 119.84 44223.0 187.98 65340.0 233.26 "" "" 0.0031108724705598166 0.005393037 0.005413614 0.010806652 283.62957544896 37.19109522782 352.967438 1.0549999999999997 -3.2089999999999996 -0.1005000543594361 -0.1875344600677491 0.19487152 0.1958715 2.0917241379310347 6.3078785 0.35597173855955117 2.1217977631848988 0.06964545545654581 6.2184837905267205 1.0
283.52129726617 37.05330956092 0.0131 0.0158 7.2549 "" "" 2093945609347180544 352.684265 2.8046 0.0164 1.333 -3.059 0.016 0.018 1.693 5661.5 4.4644 13.323464 1.109315 13.761948 12.652633 -59.74 5.15 350.822083 354.417938 88218.77238 120.2 42721.0 178.16 68882.0 330.61 "" "" 0.003127336491224139 0.0053185127 0.006437385 0.011755898 283.52129726617 37.05330956092 352.684265 1.3330000000000002 -3.059000000000001 0.17749994564056393 -0.03753446006774919 0.19987151 0.20187151 -41.07827586206896 7.967879 0.3032925855654407 41.07939549448965 0.06064563461985082 7.967661663937904 0.9
