Clusters/FSR_0451/FSR_0451_members.tsv
# %ECSV 1.0
# ---
# datatype:
# - name: RA_ICRS_1
#   unit: deg
#   datatype: float64
#   format: '{:15.11f}'
#   description: Right ascension (ICRS) at Ep=2016.0 (ra)
#   meta: !!omap
#   - {ucd: POS_EQ_RA_MAIN}
#   - {width: 15}
#   - {precision: '11'}
# - name: DE_ICRS_1
#   unit: deg
#   datatype: float64
#   format: '{:15.11f}'
#   description: Declination (ICRS) at Ep=2016.0 (dec)
#   meta: !!omap
#   - {ucd: POS_EQ_DEC_MAIN}
#   - {width: 15}
#   - {precision: '11'}
# - name: e_RA_ICRS
#   unit: mas
#   datatype: float64
#   format: '{:7.4f}'
#   description: Standard error of right ascension (ra_error)
#   meta: !!omap
#   - {ucd: ERROR}
#   - {width: 7}
#   - {precision: '4'}
# - name: e_DE_ICRS
#   unit: mas
#   datatype: float64
#   format: '{:7.4f}'
#   description: Standard error of declination (dec_error)
#   meta: !!omap
#   - {ucd: ERROR}
#   - {width: 7}
#   - {precision: '4'}
# - name: _r_1
#   unit: ''
#   datatype: float64
#   format: '{:7.4f}'
#   description: Distance from center (357.94011613000+60.92740272000)[ICRS], at Epoch=J2016.0
#   meta: !!omap
#   - {ucd: POS_ANG_DIST_GENERAL}
#   - {width: 7}
#   - {precision: '4'}
# - name: HIP
#   datatype: int32
#   description: '? HIP cross-id number, van Leeuwen, Cat. I/311 (hip_original_ext_source_id)'
#   meta: !!omap
#   - {ucd: ID_NUMBER}
#   - {width: 6}
#   - values: {'null': -2147483648}
# - name: TYC2
#   datatype: string
#   description: Tycho-2 cross-id name, Hog et al., Cat. I/259 (tyc2_original_ext_source_id)
#   meta: !!omap
#   - {ucd: ID_CROSSID}
#   - {_votable_string_dtype: char}
# - name: Source
#   datatype: int64
#   description: Source identifier, identical to the Gaia-EDR3 source_id (id)
#   meta: !!omap
#   - {ucd: ID_MAIN}
#   - {width: 19}
# - name: rgeo
#   unit: pc
#   datatype: float64
#   format: '{:15.8f}'
#   description: '? Median of the geometric distance posterior (r_med_geo)'
#   meta: !!omap
#   - {ucd: PHYS_DISTANCE_TRUE}
#   - {width: 15}
#   - {precision: '8'}
#   - values: {'null': .nan}
# - name: Plx
#   unit: mas
#   datatype: float64
#   format: '{:9.4f}'
#   description: '? Parallax (parallax)'
#   meta: !!omap
#   - {ucd: POS_PARLX_TRIG}
#   - {width: 9}
#   - {precision: '4'}
#   - values: {'null': .nan}
# - name: e_Plx
#   unit: mas
#   datatype: float32
#   format: '{:7.4f}'
#   description: '? Standard error of parallax (parallax_error)'
#   meta: !!omap
#   - {ucd: ERROR}
#   - {width: 7}
#   - {precision: '4'}
#   - values: {'null': .nan}
# - name: pmRA
#   unit: mas / yr
#   datatype: float64
#   format: '{:9.3f}'
#   description: '? Proper motion in right ascension direction, pmRA*cosDE (pmra)'
#   meta: !!omap
#   - {ucd: POS_EQ_PMRA}
#   - {width: 9}
#   - {precision: '3'}
#   - values: {'null': .nan}
# - name: pmDE
#   unit: mas / yr
#   datatype: float64
#   format: '{:9.3f}'
#   description: '? Proper motion in declination direction (pmdec)'
#   meta: !!omap
#   - {ucd: POS_EQ_PMDEC}
#   - {width: 9}
#   - {precision: '3'}
#   - values: {'null': .nan}
# - name: e_pmRA
#   unit: mas / yr
#   datatype: float32
#   format: '{:6.3f}'
#   description: '? Standard error of proper motion in right ascension direction (pmra_error)'
#   meta: !!omap
#   - {ucd: ERROR}
#   - {width: 6}
#   - {precision: '3'}
#   - values: {'null': .nan}
# - name: e_pmDE
[...]
#       distance: !astropy.table.SerializedColumn
#         __class__: astropy.coordinates.distances.Distance
#         unit: !astropy.units.Unit {unit: pc}
#         value: !astropy.table.SerializedColumn {name: SkyCoord.distance}
#       frame: icrs
#       obstime: !astropy.time.Time {format: jyear_str, in_subfmt: '*', jd1: 367701545.0, jd2: 0.0, out_subfmt: '*', precision: 3, scale: tt}
#       pm_dec: !astropy.table.SerializedColumn
#         __class__: astropy.units.quantity.Quantity
#         unit: !astropy.units.Unit {unit: mas / yr}
#         value: !astropy.table.SerializedColumn {name: SkyCoord.pm_dec}
#       pm_ra_cosdec: !astropy.table.SerializedColumn
#         __class__: astropy.units.quantity.Quantity
#         unit: !astropy.units.Unit {unit: mas / yr}
#         value: !astropy.table.SerializedColumn {name: SkyCoord.pm_ra_cosdec}
#       ra: !astropy.table.SerializedColumn
#         __class__: astropy.coordinates.angles.Longitude
#         unit: *id001
#         value: !astropy.table.SerializedColumn {name: SkyCoord.ra}
#         wrap_angle: !astropy.coordinates.Angle
#           unit: *id001
#           value: 360.0
#       representation_type: spherical
# schema: astropy-2.0
RA_ICRS_1 DE_ICRS_1 e_RA_ICRS e_DE_ICRS _r_1 HIP TYC2 Source rgeo Plx e_Plx pmRA pmDE e_pmRA e_pmDE RUWE Teff logg Gmag BP-RP BPmag RPmag RV e_RV b_rgeo B_rgeo FG e_FG FBP e_FBP FRP e_FRP RAVE5 RAVE6 e_Gmag e_BPmag e_RPmag e_BP-RP SkyCoord.ra SkyCoord.dec SkyCoord.distance SkyCoord.pm_ra_cosdec SkyCoord.pm_dec rmRA rmDE e_rmRA e_rmDE rRV e_rRV v_pec v_pec3d e_vpec e_vpec3d Pmemb
357.73825270406 60.85495678981 0.0078 0.0079 7.3219 "" 4281-1057-1 2011913108385315072 2716.72437 0.3442 0.0098 -3.254 -2.087 0.01 0.01 0.894 "" "" 12.001323 1.179958 12.499455 11.319497 "" "" 2646.41187 2794.69556 298138.09579 71.647 136660.0 96.468 235160.0 64.627 "" "" 0.002767646628909891 0.002893518 0.0037911423 0.00668466 357.73825270406 60.85495678981 2716.72437 -3.254 -2.0869999999999997 -0.06086545372009278 -0.12219225120544452 0.079886176 0.079886176 "" "" 1.7579034734711771 "" 0.14043218573143867 "" 0.9
357.22641372296 60.97585642124 0.0075 0.0073 20.9944 "" 4281-847-1 2011838479030279936 2842.84253 0.3313 0.0097 -3.275 -2.142 0.009 0.01 0.797 "" "" 12.134659 0.86777 12.475607 11.607837 "" "" 2758.60889 2936.87915 263683.70535 160.2 139690.0 222.88 180310.0 405.71 "" "" 0.0028331797223131168 0.003284206 0.0045002094 0.007784415 357.22641372296 60.97585642124 2842.84253 -3.2750000000000004 -2.142 -0.08186545372009268 -0.17719225120544424 0.07888618 0.079886176 "" "" 2.630196518211351 "" 0.20965606096081035 "" 0.9
358.26376510584 60.94846826569 0.0075 0.0072 9.5172 "" "" 2011868410668342528 3018.94604 0.3124 0.0097 -3.097 -2.034 0.009 0.01 0.866 6409.2 2.7408 12.156915 0.85262 12.490307 11.637687 "" "" 2937.59448 3095.85278 258333.64308 41.761 137810.0 113.77 175420.0 62.59 "" "" 0.002760904728801409 0.0029306088 0.003799184 0.006729793 358.26376510584 60.94846826569 3018.94604 -3.0969999999999995 -2.034 0.09613454627990725 -0.06919225120544414 0.07888618 0.079886176 "" "" 1.6949368789827073 "" 0.1342878996850613 "" 0.9
358.36216872895 60.74590642753 0.0082 0.0076 16.4579 "" "" 2011855624543032960 2683.22632 0.3592 0.0104 -3.166 -2.11 0.01 0.01 0.989 "" "" 12.411757 1.176627 12.907969 11.731341 "" "" 2610.18018 2757.1377 204288.48946 44.519 93806.0 74.816 160920.0 62.027 "" "" 0.002765460507161587 0.0029214555 0.003802482 0.0067239376 358.36216872895 60.74590642753 2683.22632 -3.1660000000000004 -2.1100000000000003 0.0271345462799073 -0.1451922512054442 0.079886176 0.079886176 "" "" 1.8785981636866347 "" 0.15007402295909208 "" 0.9
358.24162001951 61.01401357694 0.0084 0.0079 10.2012 "" "" 2011915930188561280 2707.29321 0.3508 0.0109 -3.207 -2.011 0.009 0.01 0.971 "" "" 12.661199 0.819949 12.978242 12.158293 "" "" 2627.11353 2794.99683 162355.66706 48.341 87927.0 104.24 108600.0 106.54 "" "" 0.002774219945777445 0.0030727608 0.0039266082 0.006999369 358.24162001951 61.01401357694 2707.29321 -3.2069999999999994 -2.011 -0.013865453720092624 -0.04619225120544446 0.07888618 0.079886176 "" "" 0.6188938193991625 "" 0.04939020070915115 "" 0.8
357.5475380764 60.89768571501 0.0131 0.0119 11.5889 "" "" 2011823124530346624 3023.22192 0.3089 0.016 -3.201 -2.014 0.015 0.016 1.152 "" "" 12.954947 1.087032 13.405312 12.318279 "" "" 2892.11377 3168.23633 123870.49468 24.657 59332.0 46.415 93723.0 32.454 "" "" 0.0027637832086771304 0.0029165847 0.003798036 0.0067146206 357.5475380764 60.89768571501 3023.22192 -3.2010000000000005 -2.014 -0.007865453720092841 -0.049192251205444126 0.08488618 0.08588618 "" "" 0.7138825513179489 "" 0.0612949507989439 "" 1.0
357.82435717197 61.01627395289 0.0088 0.0092 6.3081 "" "" 2011918507168847872 2913.34033 0.3137 0.0116 -3.23 -1.952 0.01 0.011 1.022 6115.1 2.6603 13.176933 1.057715 13.608243 12.550528 "" "" 2826.30591 3036.40649 100965.56578 24.309 49218.0 44.069 75674.0 39.234 "" "" 0.002767692776465125 0.0029546786 0.0038210726 0.0067757512 357.82435717197 61.01627395289 2913.34033 -3.23 -1.9520000000000002 -0.036865453720092756 0.012807748794555707 0.079886176 0.08088618 "" "" 0.5389317711711127 "" 0.04311156514509343 "" 0.9
358.17695527245 60.82371533363 0.0102 0.0099 9.3026 "" "" 2011863836520498432 2972.52759 0.3086 0.013 -3.129 -1.941 0.012 0.012 0.977 13403.5 3.6846 13.618727 0.775868 13.915356 13.139487 "" "" 2869.6123 3102.45215 67213.41188 13.269 37092.0 30.13 43991.0 22.479 "" "" 0.0027636446490101312 0.00292624 0.0038198864 0.0067461263 358.17695527245 60.82371533363 2972.52759 -3.1289999999999996 -1.9409999999999996 0.06413454627990722 0.023807748794555605 0.08188618 0.08188618 "" "" 0.963894345887807 "" 0.07892962566274835 "" 1.0
357.50774150916 60.96106862799 0.0102 0.0102 12.7601 "" "" 2011836215590579712 2788.8999 0.332 0.0134 -3.273 -2.016 0.012 0.014 1.003 14341.0 3.8516 13.677978 0.862611 14.014523 13.151912 "" "" 2682.1853 2880.82202 63643.7496 20.92 33854.0 43.931 43490.0 32.082 "" "" 0.002778337171006953 0.0031257153 0.0038633174 0.006989033 357.50774150916 60.96106862799 2788.8999 -3.2729999999999997 -2.016 -0.0798654537200929 -0.05119225120544435 0.08188618 0.08388618 "" "" 1.254040916888829 "" 0.10342527653443366 "" 1.0
357.51790058169 60.78593782291 0.0109 0.0114 14.9748 "" "" 2011818692124191616 2941.77124 0.3126 0.0138 -3.227 -2.023 0.014 0.015 0.944 "" "" 13.906893 1.027567 14.325335 13.297769 "" "" 2832.60327 3070.03638 51545.37121 11.195 25426.0 22.922 38023.0 28.978 "" "" 0.002765392352112554 0.0029568765 0.0038689035 0.00682578 357.51790058169 60.78593782291 2941.77124 -3.2269999999999963 -2.023 -0.03386545372009264 -0.05819225120544447 0.08388618 0.08488618 "" "" 0.9388366119872668 "" 0.07945778089859082 "" 1.0
358.36802405063 61.01542226046 0.0129 0.0109 13.5315 "" "" 2011874698500432128 2942.92529 0.3096 0.0158 -3.098 -1.882 0.014 0.015 1.085 13192.0 3.8107 13.944782 0.836556 14.269177 13.432621 "" "" 2843.91309 3088.20215 49777.59978 10.16 26776.0 18.824 33582.0 17.284 "" "" 0.0027642176466771296 0.0028926912 0.0038204703 0.0067131612 358.36802405063 61.01542226046 2942.92529 -3.0979999999999985 -1.8819999999999981 0.09513454627990736 0.08280774879455577 0.08388618 0.08488618 "" "" 1.7593868645146442 "" 0.14834919253692996 "" 0.9
358.1753022537 60.94384598072 0.0123 0.0109 6.9257 "" "" 2011868513747546112 2615.3855 0.3537 0.0154 -3.127 -1.917 0.015 0.014 0.991 "" "" 14.013721 0.852264 14.3476 13.495336 "" "" 2530.71704 2710.31738 46715.20162 12.123 24910.0 29.117 31697.0 21.82 "" "" 0.0027696889617384157 0.0030652361 0.0038525776 0.006917814 358.1753022537 60.94384598072 2615.3855 -3.127 -1.9170000000000011 0.06613454627990745 0.04780774879455563 0.08488618 0.08388618 "" "" 1.011649960989099 "" 0.0855292352602977 "" 1.0
358.57935592393 60.7688416503 0.0109 0.0118 20.9661 "" "" 2011854494974532608 2641.88647 0.345 0.0145 -3.164 -1.985 0.014 0.015 0.998 "" "" 14.042937 1.043208 14.468991 13.425783 "" "" 2556.698 2752.87256 45474.90597 9.1535 22275.0 20.202 33794.0 23.143 "" "" 0.002763973780131722 0.002958829 0.003851828 0.0068106567 358.57935592393 60.7688416503 2641.88647 -3.163999999999996 -1.9849999999999999 0.02913454627990708 -0.020192251205444434 0.08388618 0.08488618 "" "" 0.44389696072773005 "" 0.03738143314290675 "" 0.8
357.93621498225 60.88163975966 0.0122 0.0118 2.7481 "" "" 2011866520882731136 2763.89624 0.328 0.0153 -3.215 -1.971 0.014 0.014 1.005 11190.9 3.5006 14.181479 0.984649 14.576326 13.591678 "" "" 2664.11157 2880.44287 40027.22342 7.5091 20178.0 23.395 29006.0 18.133 "" "" 0.002762838493748497 0.0030609993 0.0038398465 0.006900846 357.93621498225 60.88163975966 2763.89624 -3.215000000000004 -1.9710000000000027 -0.02186545372009263 -0.006192251205444421 0.08388618 0.08388618 "" "" 0.29772196128491035 "" 0.024974756946938792 "" 0.9
357.8117836677 60.80626506766 0.0116 0.0123 8.178 "" "" 2011865627529583360 2974.67773 0.3105 0.0149 -3.223 -1.958 0.014 0.015 0.988 "" "" 14.186105 1.029372 14.6043 13.574927 "" "" 2856.93701 3102.41064 39857.00997 7.7997 19665.0 18.396 29457.0 19.832 "" "" 0.0027635001133891907 0.0029692824 0.003849422 0.0068187043 357.8117836677 60.80626506766 2974.67773 -3.223 -1.9580000000000037 -0.02986545372009264 0.006807748794555701 0.08388618 0.08488618 "" "" 0.431903760888356 "" 0.036252209127184645 "" 0.9
357.99650620387 60.75537987818 0.0121 0.0129 10.4522 "" "" 2011861057684468224 2570.64233 0.3618 0.0157 -3.236 -2.03 0.016 0.016 1.008 "" "" 14.22017 1.054521 14.651107 13.596586 "" "" 2476.59229 2690.24878 38625.90546 8.727 18835.0 25.972 28875.0 18.428 "" "" 0.0027662185589623495 0.003166464 0.0038423769 0.007008841 357.99650620387 60.75537987818 2570.64233 -3.236 -2.03 -0.04286545372009298 -0.06519225120544414 0.08588618 0.08588618 "" "" 0.9506894045847978 "" 0.08165108170734509 "" 0.8
358.22239544173 61.05420591272 0.0139 0.012 11.1958 "" "" 2011917029700142976 2704.59937 0.3446 0.0173 -3.153 -1.907 0.015 0.016 1.05 "" "" 14.261606 0.817854 14.577262 13.759408 "" "" 2593.2417 2827.63135 37179.55343 8.6496 20161.0 14.0 24854.0 15.505 "" "" 0.002766873889206596 0.0028902392 0.0038395966 0.0067298356 358.22239544173 61.05420591272 2704.59937 -3.153000000000004 -1.907 0.0401345462799072 0.057807748794555636 0.08488618 0.08588618 "" "" 0.9021822932541179 "" 0.07719271730851959 "" 0.9
358.01644730076 61.0087199892 0.0128 0.0119 5.3614 "" "" 2011916411224856064 2620.41138 0.3531 0.0166 -3.18 -1.953 0.014 0.014 0.962 "" "" 14.305549 0.936101 14.678942 13.742841 "" "" 2536.77197 2725.86255 35704.85758 6.5681 18359.0 15.436 25236.0 23.202 "" "" 0.0027625495967413226 0.0029357083 0.0039089876 0.0068446957 358.01644730076 61.0087199892 2620.41138 -3.1799999999999997 -1.9530000000000003 0.013134546279907067 0.011807748794555595 0.08388618 0.08388618 "" "" 0.21937282182344803 "" 0.018402347217381473 "" 0.9
358.33221879113 61.00512453437 0.0133 0.0125 12.3334 "" "" 2011874595421218304 2936.37183 0.3137 0.0171 -3.06 -1.923 0.015 0.016 1.087 11096.4 3.4561 14.320498 1.039179 14.744989 13.705811 "" "" 2789.50732 3096.96338 35216.63046 7.8195 17275.0 17.847 26112.0 16.386 "" "" 0.0027658466057752236 0.0030071961 0.0038403042 0.0068475003 358.33221879113 61.00512453437 2936.37183 -3.0599999999999965 -1.923 0.13313454627990717 0.04180774879455562 0.08488618 0.08588618 "" "" 1.9422379000796017 "" 0.165044424054053 "" 0.8
357.96550465854 60.85161113009 0.0127 0.0127 4.6075 "" "" 2011866177285382400 2836.69458 0.3251 0.0162 -3.199 -1.978 0.015 0.015 0.981 10671.7 3.4791 14.338803 1.079423 14.779913 13.70049 "" "" 2720.58569 2979.92334 34627.83673 7.6178 16728.0 20.755 26240.0 18.923 "" "" 0.0027656535541630534 0.0030983468 0.0038596352 0.0069579817 357.96550465854 60.85161113009 2836.69458 -3.198999999999996 -1.9779999999999975 -0.005865453720092617 -0.013192251205444316 0.08488618 0.08488618 "" "" 0.1941245454751594 "" 0.01647849079403244 "" 0.9
357.61931644165 60.89045009206 0.0132 0.0131 9.6174 "" "" 2011823261969321216 2756.13403 0.3329 0.0165 -3.26 -2.007 0.016 0.017 0.986 6975.2 3.383 14.339549 1.247362 14.873283 13.625921 "" "" 2619.30957 2870.75464 34604.05294 9.3647 15350.0 16.132 28105.0 19.095 "" "" 0.002770942713560131 0.0030144718 0.0038506985 0.0068651703 357.61931644165 60.89045009206 2756.13403 -3.259999999999999 -2.0069999999999992 -0.06686545372009256 -0.04219225120544445 0.08588618 0.08688618 "" "" 1.0329029131000773 "" 0.08900745344002944 "" 0.8
357.8270078713 60.88904564214 0.0133 0.0134 4.023 "" "" 2011913284488735488 2793.93945 0.3307 0.0163 -3.206 -2.005 0.016 0.017 1.052 "" "" 14.347614 1.243241 14.878901 13.635659 "" "" 2666.39697 2938.72803 34347.95877 11.431 15271.0 21.832 27854.0 18.613 "" "" 0.002778911822523392 0.0031928674 0.0038483914 0.0070412587 357.8270078713 60.88904564214 2793.93945 -3.206 -2.005 -0.012865453720092734 -0.04019225120544423 0.08588618 0.08688618 "" "" 0.5588813336032212 "" 0.04850739451008304 "" 0.9
358.30545861807 60.81480012337 0.0141 0.0122 12.6294 "" "" 2011857037595083904 2768.75122 0.3303 0.0165 -3.105 -1.927 0.016 0.016 1.092 11752.3 3.6116 14.382013 0.976791 14.773014 13.796223 "" "" 2652.31006 2932.14331 33276.78163 7.7891 16835.0 15.393 24025.0 21.723 "" "" 0.0027670156702028358 0.0029615157 0.0039048009 0.0068663163 358.30545861807 60.81480012337 2768.75122 -3.1050000000000035 -1.9269999999999996 0.08813454627990724 0.03780774879455562 0.08588618 0.08588618 "" "" 1.2586016602782895 "" 0.10809648924746848 "" 0.8
357.79228953997 60.84083808784 0.0142 0.0136 6.7529 "" "" 2011912906531624448 2861.32373 0.3196 0.0177 -3.247 -2.03 0.017 0.018 1.06 "" "" 14.449396 1.172646 14.945944 13.773298 "" "" 2732.44312 3019.5127 31274.35163 6.2427 14356.0 17.685 24538.0 21.235 "" "" 0.002763830495453617 0.0030941835 0.003894426 0.006988609 357.79228953997 60.84083808784 2861.32373 -3.247 -2.03 -0.05386545372009266 -0.06519225120544414 0.08688618 0.08788618 "" "" 1.1469498198923738 "" 0.10033728170152058 "" 0.9
358.31715204375 60.94695382079 0.0139 0.0127 11.0515 "" "" 2011873461549894144 2646.01904 0.3458 0.0177 -3.213 -1.956 0.017 0.017 0.998 6560.0 3.5685 14.581708 1.068455 15.016392 13.947937 "" "" 2553.81689 2748.8689 27686.22025 6.4519 13454.0 13.812 20892.0 14.591 "" "" 0.0027669128251646114 0.00300457 0.0038547004 0.0068592704 358.31715204375 60.94695382079 2646.01904 -3.2130000000000045 -1.956 -0.01986545372009285 0.008807748794555703 0.08688618 0.08688618 "" "" 0.27254620156024006 "" 0.02368049898865967 "" 0.9
357.74050193648 61.01146232798 0.0149 0.0151 7.6953 "" "" 2011918610248050432 2772.11597 0.319 0.0194 -3.051 -1.692 0.017 0.019 0.977 "" "" 14.609454 2.420466 15.913262 13.492796 -67.22 2.44 2655.57275 2967.78174 26987.65873 9.1148 5890.0 14.77 31772.0 23.4 "" "" 0.002779614258220945 0.0038984346 0.00386305 0.0077614845 357.74050193648 61.01146232798 2772.11597 -3.051 -1.692 0.14213454627990707 0.2728077487945557 0.08688618 0.08888618 "" "" 4.041993950598969 "" 0.35756685568310953 "" 0.9
358.01059816784 60.83439104917 0.0138 0.0138 5.948 "" "" 2011866658321748224 2706.25098 0.339 0.0176 -3.24 -1.917 0.016 0.017 1.017 6874.1 3.3792 14.61311 0.960093 14.995687 14.035594 "" "" 2602.91357 2829.27417 26896.93314 5.6765 13713.0 14.907 19272.0 16.916 "" "" 0.002764831794447882 0.0030295362 0.0038976846 0.006927221 358.01059816784 60.83439104917 2706.25098 -3.24 -1.917 -0.04686545372009299 0.04780774879455563 0.08588618 0.08688618 "" "" 0.858776187574048 "" 0.07419618421944149 "" 1.0
357.83284773191 61.02710971839 0.0156 0.0148 6.7483 "" "" 2011918713327269120 2842.57422 0.325 0.0195 -3.233 -1.96 0.017 0.017 1.015 7343.4 3.6013 14.658621 0.969626 15.044529 14.074903 "" "" 2699.06958 3040.03125 25792.78505 8.1144 13110.0 22.364 18586.0 22.638 "" "" 0.0027764115248661457 0.0033489445 0.00400407 0.0073530143 357.83284773191 61.02710971839 2842.57422 -3.232999999999996 -1.9600000000000004 -0.03986545372009287 0.0048077487945557 0.08688618 0.08688618 "" "" 0.5410312542652114 "" 0.04700814025701559 "" 1.0
358.29530698319 60.88389427166 0.0147 0.0132 10.6864 "" "" 2011869956856640256 2858.6062 0.3173 0.0182 -3.374 -1.873 0.018 0.018 0.991 10661.1 3.8445 14.703935 0.844835 15.034319 14.189484 "" "" 2742.57837 2994.47314 24738.47729 5.4323 13234.0 19.479 16725.0 14.725 "" "" 0.0027656159372430535 0.0032154196 0.003898394 0.0071138134 358.29530698319 60.88389427166 2858.6062 -3.373999999999999 -1.873 -0.18086545372009288 0.09180774879455567 0.08788618 0.08788618 "" "" 2.7483368651659448 "" 0.24154082019689874 "" 0.8
358.12906341849 60.95585989948 0.0151 0.0145 5.765 "" "" 2011915139914604928 2922.42139 0.3172 0.0194 -3.175 -1.921 0.018 0.018 1.058 11008.3 3.6858 14.724062 0.929649 15.092162 14.162513 "" "" 2752.5769 3080.07349 24284.09888 17.319 12547.0 34.789 17146.0 37.321 "" "" 0.002862057607409107 0.004104588 0.004457444 0.008562032 358.12906341849 60.95585989948 2922.42139 -3.1749999999999963 -1.9210000000000007 0.018134546279907404 0.04380774879455562 0.08788618 0.08788618 "" "" 0.656776282772554 "" 0.05772155663937303 "" 0.8
357.85991881364 60.89189165712 0.0158 0.0151 3.1643 "" "" 2011913593726382720 2744.39746 0.3349 0.0193 -3.234 -1.992 0.019 0.019 0.985 "" "" 14.76732 1.237722 15.29318 14.055457 "" "" 2613.93115 2929.17456 23335.58858 5.8426 10427.0 13.749 18922.0 11.217 "" "" 0.002768697495815218 0.0031360264 0.0038337947 0.006969821 357.85991881364 60.89189165712 2744.39746 -3.234000000000001 -1.992 -0.04086545372009276 -0.02719225120544433 0.08888618 0.08888618 "" "" 0.6385282979676442 "" 0.05675634060883589 "" 1.0
