Clusters/FSR_0451/FSR_0451_members.tsv
# %ECSV 1.0
# ---
# datatype:
# - name: RA_ICRS_1
#   unit: deg
#   datatype: float64
#   format: '{:15.11f}'
#   description: Right ascension (ICRS) at Ep=2016.0 (ra)
#   meta: !!omap
#   - {ucd: POS_EQ_RA_MAIN}
#   - {width: 15}
#   - {precision: '11'}
# - name: DE_ICRS_1
#   unit: deg
#   datatype: float64
#   format: '{:15.11f}'
#   description: Declination (ICRS) at Ep=2016.0 (dec)
#   meta: !!omap
#   - {ucd: POS_EQ_DEC_MAIN}
#   - {width: 15}
#   - {precision: '11'}
# - name: e_RA_ICRS
#   unit: mas
#   datatype: float64
#   format: '{:7.4f}'
#   description: Standard error of right ascension (ra_error)
#   meta: !!omap
#   - {ucd: ERROR}
#   - {width: 7}
#   - {precision: '4'}
# - name: e_DE_ICRS
#   unit: mas
#   datatype: float64
#   format: '{:7.4f}'
#   description: Standard error of declination (dec_error)
#   meta: !!omap
#   - {ucd: ERROR}
#   - {width: 7}
#   - {precision: '4'}
# - name: _r_1
#   unit: ''
#   datatype: float64
#   format: '{:7.4f}'
#   description: Distance from center (357.94011613000+60.92740272000)[ICRS], at Epoch=J2016.0
#   meta: !!omap
#   - {ucd: POS_ANG_DIST_GENERAL}
#   - {width: 7}
#   - {precision: '4'}
# - name: HIP
#   datatype: int32
#   description: '? HIP cross-id number, van Leeuwen, Cat. I/311 (hip_original_ext_source_id)'
#   meta: !!omap
#   - {ucd: ID_NUMBER}
#   - {width: 6}
#   - values: {'null': -2147483648}
# - name: TYC2
#   datatype: string
#   description: Tycho-2 cross-id name, Hog et al., Cat. I/259 (tyc2_original_ext_source_id)
#   meta: !!omap
#   - {ucd: ID_CROSSID}
#   - {_votable_string_dtype: char}
# - name: Source
#   datatype: int64
#   description: Source identifier, identical to the Gaia-EDR3 source_id (id)
#   meta: !!omap
#   - {ucd: ID_MAIN}
#   - {width: 19}
# - name: rgeo
#   unit: pc
#   datatype: float64
#   format: '{:15.8f}'
#   description: '? Median of the geometric distance posterior (r_med_geo)'
#   meta: !!omap
#   - {ucd: PHYS_DISTANCE_TRUE}
#   - {width: 15}
#   - {precision: '8'}
#   - values: {'null': .nan}
# - name: Plx
#   unit: mas
#   datatype: float64
#   format: '{:9.4f}'
#   description: '? Parallax (parallax)'
#   meta: !!omap
#   - {ucd: POS_PARLX_TRIG}
#   - {width: 9}
#   - {precision: '4'}
#   - values: {'null': .nan}
# - name: e_Plx
#   unit: mas
#   datatype: float32
#   format: '{:7.4f}'
#   description: '? Standard error of parallax (parallax_error)'
#   meta: !!omap
#   - {ucd: ERROR}
#   - {width: 7}
#   - {precision: '4'}
#   - values: {'null': .nan}
# - name: pmRA
#   unit: mas / yr
#   datatype: float64
#   format: '{:9.3f}'
#   description: '? Proper motion in right ascension direction, pmRA*cosDE (pmra)'
#   meta: !!omap
#   - {ucd: POS_EQ_PMRA}
#   - {width: 9}
#   - {precision: '3'}
#   - values: {'null': .nan}
# - name: pmDE
#   unit: mas / yr
#   datatype: float64
#   format: '{:9.3f}'
#   description: '? Proper motion in declination direction (pmdec)'
#   meta: !!omap
#   - {ucd: POS_EQ_PMDEC}
#   - {width: 9}
#   - {precision: '3'}
#   - values: {'null': .nan}
# - name: e_pmRA
#   unit: mas / yr
#   datatype: float32
#   format: '{:6.3f}'
#   description: '? Standard error of proper motion in right ascension direction (pmra_error)'
#   meta: !!omap
#   - {ucd: ERROR}
#   - {width: 6}
#   - {precision: '3'}
#   - values: {'null': .nan}
# - name: e_pmDE
[...]
#       distance: !astropy.table.SerializedColumn
#         __class__: astropy.coordinates.distances.Distance
#         unit: !astropy.units.Unit {unit: pc}
#         value: !astropy.table.SerializedColumn {name: SkyCoord.distance}
#       frame: icrs
#       obstime: !astropy.time.Time {format: jyear_str, in_subfmt: '*', jd1: 367701545.0, jd2: 0.0, out_subfmt: '*', precision: 3, scale: tt}
#       pm_dec: !astropy.table.SerializedColumn
#         __class__: astropy.units.quantity.Quantity
#         unit: !astropy.units.Unit {unit: mas / yr}
#         value: !astropy.table.SerializedColumn {name: SkyCoord.pm_dec}
#       pm_ra_cosdec: !astropy.table.SerializedColumn
#         __class__: astropy.units.quantity.Quantity
#         unit: !astropy.units.Unit {unit: mas / yr}
#         value: !astropy.table.SerializedColumn {name: SkyCoord.pm_ra_cosdec}
#       ra: !astropy.table.SerializedColumn
#         __class__: astropy.coordinates.angles.Longitude
#         unit: *id001
#         value: !astropy.table.SerializedColumn {name: SkyCoord.ra}
#         wrap_angle: !astropy.coordinates.Angle
#           unit: *id001
#           value: 360.0
#       representation_type: spherical
# schema: astropy-2.0
RA_ICRS_1 DE_ICRS_1 e_RA_ICRS e_DE_ICRS _r_1 HIP TYC2 Source rgeo Plx e_Plx pmRA pmDE e_pmRA e_pmDE RUWE Teff logg Gmag BP-RP BPmag RPmag RV e_RV b_rgeo B_rgeo FG e_FG FBP e_FBP FRP e_FRP RAVE5 RAVE6 e_Gmag e_BPmag e_RPmag e_BP-RP SkyCoord.ra SkyCoord.dec SkyCoord.distance SkyCoord.pm_ra_cosdec SkyCoord.pm_dec rmRA rmDE e_rmRA e_rmDE rRV e_rRV v_pec v_pec3d e_vpec e_vpec3d Pmemb
[from data line 32]
357.94910999909 60.90305590661 0.016 0.0151 1.4842 "" "" 2011913525006909184 2750.14575 0.3368 0.0198 -2.973 -1.848 0.019 0.018 0.989 9733.0 3.4965 14.823626 1.081567 15.26767 14.186103 "" "" 2615.40063 2889.60425 22156.24206 4.977 10675.0 15.015 16777.0 16.341 "" "" 0.0027660933180713022 0.0031807602 0.0039245477 0.0071053077 357.94910999909 60.90305590661 2750.14575 -2.9730000000000008 -1.8480000000000003 0.22013454627990736 0.11680774879455558 0.08888618 0.08788618 "" "" 3.24856291273539 "" 0.28804177636880257 "" 0.9
357.85047347448 60.91049039447 0.0163 0.0159 2.8043 "" "" 2011914040402969984 2844.7583 0.3325 0.02 -3.175 -1.971 0.019 0.02 0.987 "" "" 14.888011 1.239758 15.416022 14.176265 "" "" 2690.25439 2987.68701 20880.57739 5.317 9311.3 12.501 16930.0 13.987 "" "" 0.002769156048465523 0.0031479907 0.0038843704 0.007032361 357.85047347448 60.91049039447 2844.7583 -3.175 -1.9710000000000005 0.018134546279907404 -0.006192251205444421 0.08888618 0.08988617 "" "" 0.25839163367404155 "" 0.02299456213143178 "" 1.0
357.47269201514 60.95241331117 0.0169 0.0156 13.7048 "" "" 2011836112511366656 2979.87988 0.3055 0.0208 -3.223 -1.995 0.02 0.021 0.986 "" "" 14.925601 0.988231 15.323398 14.335167 "" "" 2803.78833 3247.84912 20170.01201 4.8529 10140.0 18.521 14625.0 16.199 "" "" 0.002767675811758158 0.0034231339 0.003966099 0.007389233 357.47269201514 60.95241331117 2979.87988 -3.2230000000000003 -1.995 -0.02986545372009264 -0.030192251205444443 0.08988617 0.090886176 "" "" 0.5998425411484158 "" 0.05422156596035281 "" 0.9
357.72983126833 60.89595426312 0.0168 0.017 6.4176 "" "" 2011914139178213248 2614.45947 0.3571 0.0215 -3.285 -2.004 0.02 0.022 1.02 10032.8 3.567 14.954227 1.406721 15.575144 14.168423 "" "" 2492.5791 2731.23975 19645.17475 6.5161 8041.9 10.762 17053.0 13.028 "" "" 0.0027787553203604686 0.003145821 0.0038693345 0.0070151556 357.72983126833 60.89595426312 2614.45947 -3.285 -2.0039999999999996 -0.09186545372009292 -0.03919225120544434 0.08988617 0.09188618 "" "" 1.237722000669302 "" 0.1116388487775272 "" 0.9
357.73460933694 60.78046555573 0.0176 0.0177 10.6672 "" "" 2011865558809971840 2745.40454 0.3348 0.0212 -3.244 -1.952 0.022 0.021 0.98 9435.3 3.7358 15.053711 1.10826 15.509963 14.401703 "" "" 2570.43628 2918.21777 17925.13189 4.9406 8539.5 12.531 13756.0 13.97 "" "" 0.0027715235980829652 0.003213008 0.003936942 0.00714995 357.73460933694 60.78046555573 2745.40454 -3.2440000000000015 -1.9519999999999977 -0.05086545372009299 0.012807748794555707 0.09188618 0.090886176 "" "" 0.6825842339672433 "" 0.06267956783480623 "" 0.9
357.7971397599 61.15357997676 0.0187 0.0182 14.1921 "" "" 2011935171641825280 2774.63989 0.3383 0.0228 -3.244 -2.0 0.022 0.022 0.999 10156.0 4.1104 15.166389 0.910231 15.527047 14.616817 "" "" 2617.32568 2952.85327 16158.14208 4.0713 8406.2 11.472 11283.0 12.386 "" "" 0.002768867836369926 0.0031591959 0.003962864 0.0071220603 357.7971397599 61.15357997676 2774.63989 -3.244000000000004 -2.0 -0.05086545372009299 -0.035192251205444336 0.09188618 0.09188618 "" "" 0.8134773595302222 "" 0.07474732517939646 "" 1.0
358.42826487334 61.0342410803 0.0193 0.0165 15.5872 "" "" 2011875110817289344 2515.88281 0.3722 0.0241 -3.13 -1.963 0.021 0.021 1.034 "" "" 15.1977 0.797598 15.510684 14.713086 "" "" 2383.15771 2651.21436 15698.80636 4.3304 8533.8 12.423 10326.0 10.865 "" "" 0.0027715492132351243 0.003206741 0.003948269 0.00715501 358.42826487334 61.0342410803 2515.88281 -3.13 -1.963 0.06313454627990733 0.001807748794555586 0.090886176 0.090886176 "" "" 0.7532060010591248 "" 0.06845601289969513 "" 1.0
358.26987155845 61.16783045091 0.0186 0.017 17.3156 "" "" 2011921462106292608 2811.41382 0.328 0.0234 -3.159 -1.858 0.021 0.021 0.949 9819.6 3.7904 15.230798 0.897252 15.586846 14.689594 "" "" 2652.84766 3018.70386 15227.4682 3.8136 7955.7 13.248 10552.0 9.8958 "" "" 0.0027687048756833265 0.0033247373 0.00391414 0.0072388775 358.26987155845 61.16783045091 2811.41382 -3.159 -1.858 0.03413454627990742 0.10680774879455557 0.090886176 0.090886176 "" "" 1.4942513380783764 "" 0.13580678955165482 "" 0.9
358.08192601676 60.66043000686 0.023 0.0235 16.5477 "" "" 2011849100495612544 2970.3103 0.308 0.0292 -3.193 -1.97 0.031 0.029 1.057 7982.4 3.9362 15.470935 1.232829 15.995087 14.762258 "" "" 2729.01465 3236.75244 12205.98706 3.7924 5462.4 9.0791 9868.6 10.893 "" "" 0.002775893812849558 0.0033229007 0.0039648437 0.0072877444 358.08192601676 60.66043000686 2970.3103 -3.193 -1.9700000000000002 0.00013454627990716617 -0.005192251205444309 0.10088618 0.09888618 "" "" 0.07312765035572423 "" 0.007231412905914585 "" 1.0
357.26441281065 60.78363543412 0.0208 0.0199 21.5465 "" "" 2011820856787663872 2821.70703 0.3281 0.0253 -3.253 -2.075 0.025 0.027 1.045 "" "" 15.512162 1.198432 16.020891 14.822459 "" "" 2624.67261 3025.38843 11751.19207 2.9213 5334.1 13.224 9336.3 10.743 "" "" 0.0027685087438740832 0.0038768898 0.0039805197 0.007857409 357.26441281065 60.78363543412 2821.70703 -3.253 -2.075 -0.05986545372009289 -0.11019225120544451 0.09488618 0.09688618 "" "" 1.6772670875845714 "" 0.16174565021505094 "" 0.8
358.18567994512 60.97067200892 0.0222 0.0197 7.611 "" "" 2011915552231463552 2567.38867 0.367 0.0285 -3.042 -1.917 0.026 0.025 0.972 9436.0 3.6864 15.548481 0.952871 15.931126 14.978254 "" "" 2412.61035 2782.95435 11364.60024 3.1424 5793.8 14.724 8088.3 10.621 "" "" 0.002771627342535608 0.0039240737 0.004039355 0.007963428 358.18567994512 60.97067200892 2567.38867 -3.0420000000000025 -1.9169999999999994 0.1511345462799074 0.04780774879455563 0.09588618 0.09488618 "" "" 1.9290446772030614 "" 0.18479408757274363 "" 0.8
358.62456210806 60.79127984423 0.0221 0.0204 21.6011 "" "" 2011854529334262528 2803.81519 0.3245 0.0274 -3.278 -1.87 0.025 0.026 0.947 7995.8 3.513 15.55745 1.106265 16.01924 14.912974 "" "" 2639.88037 3082.35938 11271.11027 3.4419 5342.2 14.669 8589.5 10.709 "" "" 0.0027751969759276848 0.0040832777 0.0040144846 0.008097762 358.62456210806 60.79127984423 2803.81519 -3.278 -1.87 -0.0848654537200928 0.09480774879455556 0.09488618 0.09588618 "" "" 1.6910635479325564 "" 0.16139956551112128 "" 0.8
357.88884968774 60.87276121873 0.0249 0.0249 3.6037 "" "" 2011913318848483328 2957.31641 0.3195 0.0314 -3.218 -1.946 0.03 0.03 1.049 9282.1 3.8137 15.772731 1.206847 16.266354 15.059506 "" "" 2676.74316 3223.34375 9243.88186 3.3704 4254.8 16.176 7505.1 25.215 "" "" 0.0027836130435559977 0.0049823285 0.00525261 0.010234939 357.88884968774 60.87276121873 2957.31641 -3.218 -1.9460000000000006 -0.024865453720092745 0.018807748794555712 0.09988618 0.09988618 "" "" 0.4370329960968489 "" 0.0436535560640724 "" 0.9
358.50731981818 60.95014476863 0.0256 0.0227 16.5871 "" "" 2011870644051385216 2425.29077 0.3874 0.0329 -3.172 -2.002 0.029 0.03 0.994 9309.0 3.9839 15.826814 0.941027 16.206944 15.265917 "" "" 2236.40649 2600.18042 8794.70325 2.8751 4494.1 8.9318 6205.7 8.8461 "" "" 0.002778087912415269 0.0035272297 0.0040840036 0.0076112333 358.50731981818 60.95014476863 2425.29077 -3.172 -2.002 0.021134546279907074 -0.037192251205444116 0.09888618 0.09988618 "" "" 0.49176736253846215 "" 0.04900118214281879 "" 0.8
358.22997371588 60.82216200955 0.0257 0.0237 10.5605 "" "" 2011863149326224896 2923.14087 0.3187 0.031 -3.161 -1.959 0.029 0.029 1.026 9231.6 3.5802 15.858436 1.045845 16.289755 15.24391 "" "" 2698.47681 3182.80469 8542.25733 2.6735 4164.0 9.9481 6332.8 8.4016 "" "" 0.002776194869039912 0.003809643 0.0040445705 0.007854214 358.22997371588 60.82216200955 2923.14087 -3.161000000000004 -1.9589999999999992 0.032134546279907195 0.0058077487945555895 0.09888618 0.09888618 "" "" 0.4524596011031061 "" 0.04474200017459341 "" 0.9
358.30425146331 60.98187277341 0.0269 0.0228 11.0994 "" "" 2011874354903060352 2689.82153 0.3477 0.0333 -3.164 -1.949 0.031 0.031 1.014 9943.6 4.2495 15.90659 1.373444 16.511206 15.137762 "" "" 2452.18066 2907.00122 8171.66481 2.7431 3395.7 15.928 6983.2 11.668 "" "" 0.0027793207555089567 0.0058070314 0.0041922266 0.009999258 358.30425146331 60.98187277341 2689.82153 -3.1639999999999997 -1.948999999999998 0.02913454627990708 0.0158077487945556 0.10088618 0.10088618 "" "" 0.4226128473027545 "" 0.04263579620459877 "" 1.0
358.04382604643 60.936501744 0.0254 0.0242 3.0721 "" "" 2011915071195128448 2709.35547 0.3378 0.0323 -3.208 -2.016 0.03 0.029 1.002 9236.6 3.5617 15.9119 1.017049 16.326456 15.309407 "" "" 2532.06274 2964.82031 8131.80661 2.7312 4025.6 9.4298 5962.0 12.162 "" "" 0.002779346673241501 0.003775365 0.00438054 0.008155905 358.04382604643 60.936501744 2709.35547 -3.2080000000000037 -2.016000000000002 -0.014865453720092958 -0.05119225120544435 0.09988618 0.09888618 "" "" 0.684585923290426 "" 0.06774957033314677 "" 0.9
357.94459780487 60.78422034707 0.0282 0.0298 8.5919 "" "" 2011862122836320512 2581.16504 0.3701 0.0361 -3.234 -1.99 0.035 0.037 1.047 "" "" 16.174063 1.23134 16.701023 15.469683 "" "" 2370.59106 2817.4563 6387.36835 2.3778 2851.1 9.5398 5143.8 11.572 "" "" 0.002784807534988256 0.004580706 0.0044999914 0.009080697 357.94459780487 60.78422034707 2581.16504 -3.234 -1.99 -0.04086545372009276 -0.025192251205444327 0.104886174 0.10688618 "" "" 0.5873475700678583 "" 0.06193035048722469 "" 0.8
357.88689603673 61.01515896326 0.0312 0.0298 5.4886 "" "" 2011918846462681856 2403.68994 0.3986 0.0395 -3.236 -1.893 0.035 0.035 1.007 "" "" 16.297535 1.227735 16.819862 15.592128 "" "" 2209.76855 2667.71997 5700.76207 2.4781 2555.5 8.9712 4595.2 9.3652 "" "" 0.002795450015428539 0.0047236406 0.0043795086 0.009103149 357.88689603673 61.01515896326 2403.68994 -3.236 -1.8930000000000002 -0.04286545372009298 0.07180774879455565 0.104886174 0.104886174 "" "" 0.9528255387054205 "" 0.09993822543673819 "" 0.8
358.30192818235 61.01012559313 0.036 0.0303 11.6456 "" "" 2011921565185668736 2113.16528 0.4612 0.045 -3.193 -1.911 0.039 0.04 0.979 9513.7 3.9897 16.482336 1.323825 17.052715 15.72889 "" "" 1927.10974 2345.39526 4808.52947 2.2007 2062.2 12.137 4051.4 9.5032 "" "" 0.002799768454289813 0.0069726543 0.0045573837 0.011530038 358.30192818235 61.01012559313 2113.16528 -3.1930000000000027 -1.9110000000000007 0.00013454627990716617 0.05380774879455563 0.10888618 0.10988618 "" "" 0.5389618043573121 "" 0.059224448812934746 "" 0.9
