Clusters/FSR_0451/FSR_0451_stars_in_region.tsv
# %ECSV 1.0
# ---
# datatype:
# - name: RA_ICRS_1
#   unit: deg
#   datatype: float64
#   format: '{:15.11f}'
#   description: Right ascension (ICRS) at Ep=2016.0 (ra)
#   meta: !!omap
#   - {ucd: POS_EQ_RA_MAIN}
#   - {width: 15}
#   - {precision: '11'}
# - name: DE_ICRS_1
#   unit: deg
#   datatype: float64
#   format: '{:15.11f}'
#   description: Declination (ICRS) at Ep=2016.0 (dec)
#   meta: !!omap
#   - {ucd: POS_EQ_DEC_MAIN}
#   - {width: 15}
#   - {precision: '11'}
# - name: e_RA_ICRS
#   unit: mas
#   datatype: float64
#   format: '{:7.4f}'
#   description: Standard error of right ascension (ra_error)
#   meta: !!omap
#   - {ucd: ERROR}
#   - {width: 7}
#   - {precision: '4'}
# - name: e_DE_ICRS
#   unit: mas
#   datatype: float64
#   format: '{:7.4f}'
#   description: Standard error of declination (dec_error)
#   meta: !!omap
#   - {ucd: ERROR}
#   - {width: 7}
#   - {precision: '4'}
# - name: _r_1
#   unit: ''
#   datatype: float64
#   format: '{:7.4f}'
#   description: Distance from center (357.94011613000+60.92740272000)[ICRS], at Epoch=J2016.0
#   meta: !!omap
#   - {ucd: POS_ANG_DIST_GENERAL}
#   - {width: 7}
#   - {precision: '4'}
# - name: HIP
#   datatype: int32
#   description: '? HIP cross-id number, van Leeuwen, Cat. I/311 (hip_original_ext_source_id)'
#   meta: !!omap
#   - {ucd: ID_NUMBER}
#   - {width: 6}
#   - values: {'null': -2147483648}
# - name: TYC2
#   datatype: string
#   description: Tycho-2 cross-id name, Hog et al., Cat. I/259 (tyc2_original_ext_source_id)
#   meta: !!omap
#   - {ucd: ID_CROSSID}
#   - {_votable_string_dtype: char}
# - name: Source
#   datatype: int64
#   description: Source identifier, identical to the Gaia-EDR3 source_id (id)
#   meta: !!omap
#   - {ucd: ID_MAIN}
#   - {width: 19}
# - name: rgeo
#   unit: pc
#   datatype: float64
#   format: '{:15.8f}'
#   description: '? Median of the geometric distance posterior (r_med_geo)'
#   meta: !!omap
#   - {ucd: PHYS_DISTANCE_TRUE}
#   - {width: 15}
#   - {precision: '8'}
#   - values: {'null': .nan}
# - name: Plx
#   unit: mas
#   datatype: float64
#   format: '{:9.4f}'
#   description: '? Parallax (parallax)'
#   meta: !!omap
#   - {ucd: POS_PARLX_TRIG}
#   - {width: 9}
#   - {precision: '4'}
#   - values: {'null': .nan}
# - name: e_Plx
#   unit: mas
#   datatype: float32
#   format: '{:7.4f}'
#   description: '? Standard error of parallax (parallax_error)'
#   meta: !!omap
#   - {ucd: ERROR}
#   - {width: 7}
#   - {precision: '4'}
#   - values: {'null': .nan}
# - name: pmRA
#   unit: mas / yr
#   datatype: float64
#   format: '{:9.3f}'
#   description: '? Proper motion in right ascension direction, pmRA*cosDE (pmra)'
#   meta: !!omap
#   - {ucd: POS_EQ_PMRA}
#   - {width: 9}
#   - {precision: '3'}
#   - values: {'null': .nan}
# - name: pmDE
#   unit: mas / yr
#   datatype: float64
#   format: '{:9.3f}'
#   description: '? Proper motion in declination direction (pmdec)'
#   meta: !!omap
#   - {ucd: POS_EQ_PMDEC}
#   - {width: 9}
#   - {precision: '3'}
#   - values: {'null': .nan}
# - name: e_pmRA
#   unit: mas / yr
#   datatype: float32
#   format: '{:6.3f}'
#   description: '? Standard error of proper motion in right ascension direction (pmra_error)'
#   meta: !!omap
#   - {ucd: ERROR}
#   - {width: 6}
#   - {precision: '3'}
#   - values: {'null': .nan}
# - name: e_pmDE
[...]
#         unit: &id001 !astropy.units.Unit {unit: deg}
#         value: !astropy.table.SerializedColumn {name: SkyCoord.dec}
#       distance: !astropy.table.SerializedColumn
#         __class__: astropy.coordinates.distances.Distance
#         unit: !astropy.units.Unit {unit: pc}
#         value: !astropy.table.SerializedColumn {name: SkyCoord.distance}
#       frame: icrs
#       obstime: !astropy.time.Time {format: jyear_str, in_subfmt: '*', jd1: 367701545.0, jd2: 0.0, out_subfmt: '*', precision: 3, scale: tt}
#       pm_dec: !astropy.table.SerializedColumn
#         __class__: astropy.units.quantity.Quantity
#         unit: !astropy.units.Unit {unit: mas / yr}
#         value: !astropy.table.SerializedColumn {name: SkyCoord.pm_dec}
#       pm_ra_cosdec: !astropy.table.SerializedColumn
#         __class__: astropy.units.quantity.Quantity
#         unit: !astropy.units.Unit {unit: mas / yr}
#         value: !astropy.table.SerializedColumn {name: SkyCoord.pm_ra_cosdec}
#       ra: !astropy.table.SerializedColumn
#         __class__: astropy.coordinates.angles.Longitude
#         unit: *id001
#         value: !astropy.table.SerializedColumn {name: SkyCoord.ra}
#         wrap_angle: !astropy.coordinates.Angle
#           unit: *id001
#           value: 360.0
#       representation_type: spherical
# schema: astropy-2.0
RA_ICRS_1 DE_ICRS_1 e_RA_ICRS e_DE_ICRS _r_1 HIP TYC2 Source rgeo Plx e_Plx pmRA pmDE e_pmRA e_pmDE RUWE Teff logg Gmag BP-RP BPmag RPmag RV e_RV b_rgeo B_rgeo FG e_FG FBP e_FBP FRP e_FRP RAVE5 RAVE6 e_Gmag e_BPmag e_RPmag e_BP-RP SkyCoord.ra SkyCoord.dec SkyCoord.distance SkyCoord.pm_ra_cosdec SkyCoord.pm_dec
[from data line 242]
358.11496780813 61.18517429439 0.0147 0.0139 16.2783 "" "" 2011933075697813760 2782.35547 0.3231 0.0187 -2.887 -1.31 0.018 0.019 1.097 5878.4 3.0043 14.633561 1.923448 15.59061 13.667162 -64.27 3.69 2636.32422 2950.24805 26395.03884 6.643 7928.2 10.867 27058.0 17.04 "" "" 0.0027688367699942136 0.0031622408 0.0038407347 0.007002976 358.11496780813 61.18517429439 2782.35547 -2.8870000000000005 -1.3100000000000005
358.48057158282 61.02480866256 0.0154 0.0135 16.7833 "" "" 2011874870299131136 2327.38745 0.4039 0.0191 0.057 -0.439 0.017 0.018 1.057 7276.3 3.599 14.634588 1.377168 15.246896 13.869728 -28.22 8.14 2241.64941 2437.33301 26370.08539 5.6773 10881.0 11.784 22453.0 16.372 "" "" 0.002765217751743629 0.0030278126 0.0038614103 0.006889223 358.48057158282 61.02480866256 2327.38745 0.056999999999999995 -0.4389999999999999
357.83284773191 61.02710971839 0.0156 0.0148 6.7483 "" "" 2011918713327269120 2842.57422 0.325 0.0195 -3.233 -1.96 0.017 0.017 1.015 7343.4 3.6013 14.658621 0.969626 15.044529 14.074903 "" "" 2699.06958 3040.03125 25792.78505 8.1144 13110.0 22.364 18586.0 22.638 "" "" 0.0027764115248661457 0.0033489445 0.00400407 0.0073530143 357.83284773191 61.02710971839 2842.57422 -3.232999999999999 -1.96
357.43772099913 61.2314841471 0.0152 0.0144 23.3532 "" "" 2012596974562641408 2361.61133 0.3846 0.0189 -1.54 -1.923 0.018 0.019 1.038 5911.4 3.1218 14.659293 2.302189 15.879082 13.576893 -44.49 3.51 2281.85815 2440.59717 25776.81957 6.7921 6078.3 8.6084 29404.0 14.088 "" "" 0.00277013276135563 0.003185827 0.003815014 0.007000841 357.43772099913 61.2314841471 2361.61133 -1.5399999999999998 -1.9229999999999996
357.63921927144 60.66835196406 0.0139 0.0146 17.8654 "" "" 2011767393033280768 3077.79932 0.3004 0.0182 -2.687 -1.34 0.021 0.021 0.988 9774.5 3.5117 14.661261 1.121101 15.127265 14.006164 "" "" 2901.57373 3305.05054 25730.15337 5.841 12148.0 18.367 19801.0 17.145 "" "" 0.0027663221584168433 0.0032372489 0.0038945498 0.0071317987 357.63921927144 60.66835196406 3077.79932 -2.6870000000000003 -1.34
358.32419010018 61.3188457106 0.0142 0.0136 25.9897 "" "" 2011943658497523712 2409.40845 0.3909 0.018 -2.118 -1.468 0.019 0.018 1.081 "" "" 14.66396 1.102537 15.12064 14.018103 "" "" 2302.4104 2514.3855 25666.25672 5.0228 12223.0 14.671 19585.0 15.854 "" "" 0.0027635004955970737 0.0030795033 0.003880231 0.0069597345 358.32419010018 61.3188457106 2409.40845 -2.1180000000000003 -1.4680000000000002
357.29395099631 61.10817056287 0.0153 0.0143 21.6916 "" "" 2012591717522501504 2936.83447 0.3126 0.0194 -3.798 -1.712 0.017 0.019 0.977 "" "" 14.673519 1.008525 15.081777 14.073252 "" "" 2762.88721 3101.02954 25441.27875 12.857 12668.0 26.972 18615.0 38.881 "" "" 0.002809421173414267 0.0036233899 0.0044075507 0.008030941 357.29395099631 61.10817056287 2936.83447 -3.7979999999999996 -1.7119999999999995
358.19681092134 61.11929844581 0.0149 0.013 13.72 "" "" 2011921049789460736 2482.86792 0.3739 0.018 -2.291 -1.315 0.017 0.018 1.055 9681.5 3.7882 14.674081 0.871573 15.015782 14.144209 "" "" 2330.3999 2602.64185 25428.12884 5.3442 13462.0 12.588 17437.0 14.973 "" "" 0.002764752995471808 0.0029691367 0.003892677 0.0068618134 358.19681092134 61.11929844581 2482.86792 -2.291 -1.315
357.82867826468 60.89583676684 0.0147 0.0148 3.7621 "" "" 2011913284488731648 2852.67285 0.3261 0.0182 -2.853 -1.862 0.018 0.019 1.041 "" "" 14.677321 1.221592 15.194646 13.973054 "" "" 2706.32446 2994.22998 25352.34317 7.7665 11417.0 18.363 20414.0 22.883 "" "" 0.0027753228478310642 0.003291591 0.003970509 0.0072621 357.82867826468 60.89583676684 2852.67285 -2.853 -1.862
358.02714706287 60.95512776726 0.0141 0.0137 3.0331 "" "" 2011915311713285120 2765.6167 0.3314 0.0182 -3.507 -2.286 0.016 0.017 1.042 12081.9 3.7052 14.680514 0.88706 15.028558 14.141498 "" "" 2637.37549 2924.27612 25277.90215 10.971 13304.0 20.645 17481.0 20.813 "" "" 0.0027953253061156736 0.0032594036 0.003994341 0.0072537446 358.02714706287 60.95512776726 2765.6167 -3.5070000000000006 -2.2859999999999996
358.51400348531 61.09245094963 0.0149 0.0128 19.4053 "" "" 2011922321100137472 2083.08447 0.4533 0.0179 -0.378 -1.907 0.017 0.017 1.024 9240.9 3.9695 14.684531 0.875412 15.033467 14.158055 "" "" 2000.60059 2144.04443 25184.56182 5.5745 13244.0 11.969 17216.0 13.12 "" "" 0.002765781025419769 0.0029576723 0.0038688951 0.0068265675 358.51400348531 61.09245094963 2083.08447 -0.378 -1.907
357.9305496914 61.12404093222 0.0151 0.0143 11.8016 "" "" 2011931392070656640 2597.46704 0.3544 0.0184 -3.482 -2.141 0.017 0.018 0.955 "" "" 14.688282 0.891976 15.040878 14.148902 "" "" 2443.4314 2724.85767 25097.70361 6.1352 13154.0 15.842 17362.0 12.242 "" "" 0.0027680737790211213 0.003081376 0.0038561383 0.006937514 357.9305496914 61.12404093222 2597.46704 -3.4820000000000007 -2.141
357.11253484479 60.80748345274 0.0151 0.015 25.2215 "" "" 2011827694375545856 2385.60254 0.384 0.0188 1.014 1.274 0.019 0.019 1.016 4792.1 2.9005 14.69004 2.035885 15.725875 13.68999 -47.17 2.53 2296.48291 2499.93286 25057.11279 5.9423 6999.5 14.722 26495.0 16.274 "" "" 0.0027673248235463447 0.0036055478 0.003837769 0.0074433167 357.11253484479 60.80748345274 2385.60254 1.0139999999999998 1.274
357.87705289885 60.79833017831 0.0145 0.0165 7.9605 "" "" 2011865215212744064 2635.85571 0.3493 0.0187 -3.209 -2.357 0.018 0.022 1.057 9884.7 3.4548 14.699138 1.213453 15.214696 14.001243 "" "" 2543.85498 2754.81641 24848.00776 29.291 11208.0 43.762 19891.0 83.656 "" "" 0.00303806923002343 0.005075101 0.005927466 0.011002567 357.87705289885 60.79833017831 2635.85571 -3.2090000000000005 -2.357
357.97110108991 61.12586285615 0.1854 0.1825 11.9416 "" "" 2011931357710923776 2725.09888 0.4321 0.2272 -2.997 -2.01 0.219 0.224 12.307 11398.7 3.7448 14.7038 0.944867 15.012135 14.067267 "" "" 1936.35217 4280.15625 24741.52843 53.408 13507.0 11.558 18718.0 15.282 "" "" 0.003617287936439671 0.0029407851 0.0038819439 0.006822729 357.97110108991 61.12586285615 2725.09888 -2.9969999999999994 -2.01
358.29530698319 60.88389427166 0.0147 0.0132 10.6864 "" "" 2011869956856640256 2858.6062 0.3173 0.0182 -3.374 -1.873 0.018 0.018 0.991 10661.1 3.8445 14.703935 0.844835 15.034319 14.189484 "" "" 2742.57837 2994.47314 24738.47729 5.4323 13234.0 19.479 16725.0 14.725 "" "" 0.0027656159372430535 0.0032154196 0.003898394 0.0071138134 358.29530698319 60.88389427166 2858.6062 -3.3739999999999997 -1.873
358.76998538227 61.01076435701 0.0156 0.0156 24.6753 "" "" 2011871915361991040 2898.88965 0.3132 0.0203 -3.065 -1.929 0.017 0.019 1.023 10048.4 3.7522 14.705811 0.724612 14.981021 14.256409 "" "" 2749.96655 3058.93384 24695.77419 7.018 13900.0 14.146 15725.0 13.668 "" "" 0.0027725417754387613 0.0030009942 0.0038954224 0.0068964167 358.76998538227 61.01076435701 2898.88965 -3.065 -1.9290000000000003
358.23634807247 60.84879132512 0.015 0.0139 9.85 "" "" 2011863978262188416 2965.62158 0.3119 0.0187 -3.093 -1.943 0.018 0.018 0.997 9444.3 3.8115 14.706087 0.927025 15.075082 14.148057 "" "" 2814.99902 3136.95581 24689.47565 5.5307 12746.0 12.831 17375.0 14.541 "" "" 0.0027660339012528573 0.0029966058 0.0038870762 0.0068836818 358.23634807247 60.84879132512 2965.62158 -3.093 -1.943
357.98160870392 61.21139060126 0.0152 0.0158 17.0818 "" "" 2011937027067681920 2097.77539 0.4524 0.0192 -5.089 -2.591 0.018 0.02 0.958 "" "" 14.715321 0.934404 15.089913 14.155509 "" "" 2024.04651 2177.47607 24480.40757 5.0377 12573.0 15.975 17257.0 13.251 "" "" 0.002764364223321614 0.0031125727 0.0038702423 0.006982815 357.98160870392 61.21139060126 2097.77539 -5.0889999999999995 -2.5909999999999997
357.9266794332 61.23804279338 0.0165 0.0171 18.6425 "" "" 2011936614750795776 2634.56641 0.3502 0.0212 -1.26 -2.826 0.02 0.021 1.153 9133.9 3.6482 14.715772 1.321351 15.293682 13.972331 "" "" 2506.99023 2818.4231 24470.23183 5.4605 10422.0 15.525 20428.0 13.937 "" "" 0.0027659517857792923 0.0032250395 0.0038512892 0.0070763286 357.9266794332 61.23804279338 2634.56641 -1.2600000000000002 -2.8259999999999996
358.20060019995 61.24934915908 0.0141 0.0134 20.742 "" "" 2011934621886001792 2602.89233 0.3582 0.0177 -3.196 -1.918 0.018 0.017 1.061 9916.5 3.8478 14.719643 0.934228 15.093361 14.159133 "" "" 2495.30786 2725.74194 24383.14452 5.0142 12534.0 13.659 17199.0 14.056 "" "" 0.002764351686904367 0.0030306734 0.003882148 0.0069128214 358.20060019995 61.24934915908 2602.89233 -3.1960000000000006 -1.9179999999999997
358.12906341849 60.95585989948 0.0151 0.0145 5.765 "" "" 2011915139914604928 2922.42139 0.3172 0.0194 -3.175 -1.921 0.018 0.018 1.058 11008.3 3.6858 14.724062 0.929649 15.092162 14.162513 "" "" 2752.5769 3080.07349 24284.09888 17.319 12547.0 34.789 17146.0 37.321 "" "" 0.002862057607409107 0.004104588 0.004457444 0.008562032 358.12906341849 60.95585989948 2922.42139 -3.1749999999999994 -1.9210000000000003
358.79796611273 61.00824457481 0.0163 0.015 25.4453 "" "" 2011871949721732992 2950.98608 0.3109 0.0206 -3.054 -1.852 0.018 0.019 0.974 9793.9 4.0433 14.724717 0.831369 15.051051 14.219682 "" "" 2786.74146 3109.86597 24269.44904 5.8014 13032.0 13.665 16266.0 14.761 "" "" 0.002767516615467049 0.003013498 0.0039057012 0.006919199 358.79796611273 61.00824457481 2950.98608 -3.0539999999999994 -1.8519999999999999
358.43483582821 61.13019060081 0.0141 0.0133 18.835 "" "" 2011923489330921344 2294.20264 0.4091 0.0181 -4.364 -1.654 0.017 0.018 1.003 "" "" 14.73557 0.988137 15.137981 14.149844 "" "" 2208.73291 2415.64844 24028.05587 4.9197 12029.0 13.38 17347.0 13.278 "" "" 0.0027642734666124204 0.003040318 0.0038696756 0.0069099935 358.43483582821 61.13019060081 2294.20264 -4.364 -1.6540000000000004
357.8025947676 60.5940435265 0.015 0.0163 20.4036 "" "" 2011847176349968256 2089.99976 0.4469 0.0194 -4.77 -2.497 0.021 0.021 0.998 "" "" 14.735696 1.016944 15.151721 14.134777 "" "" 1996.54456 2189.25 24025.27988 5.3791 11878.0 15.699 17589.0 15.406 "" "" 0.0027660227239874385 0.00313756 0.0038971908 0.0070347507 357.8025947676 60.5940435265 2089.99976 -4.7700000000000005 -2.497
358.15644804624 60.76691007866 0.0142 0.0149 11.5199 "" "" 2011862741311671296 2099.36133 0.4543 0.0182 -3.581 -1.23 0.017 0.018 1.018 "" "" 14.739029 1.431512 15.384148 13.952636 -3.5 8.71 2012.80554 2178.22998 23951.63283 5.1393 9588.7 11.916 20802.0 14.051 "" "" 0.002765151480168858 0.0030992816 0.003849879 0.0069491602 358.15644804624 60.76691007866 2099.36133 -3.5810000000000004 -1.2300000000000002
357.97671730956 61.09158012324 0.0148 0.0144 9.908 "" "" 2011919331802526464 2799.86475 0.3258 0.0184 -0.907 -1.686 0.017 0.017 0.929 7191.1 3.2909 14.739957 1.30197 15.309829 14.007858 -12.11 9.27 2661.52686 2947.07617 23931.17589 6.6872 10268.0 14.681 19770.0 19.571 "" "" 0.002771973358283196 0.0031929435 0.0039292416 0.007122185 357.97671730956 61.09158012324 2799.86475 -0.9070000000000003 -1.6860000000000002
357.90421893307 61.16247721752 0.0152 0.0149 14.143 "" "" 2011932388503029760 2905.45361 0.3177 0.0192 -3.652 -2.199 0.019 0.019 1.011 7988.8 3.4795 14.740596 0.964539 15.124694 14.160154 "" "" 2751.43115 3034.8269 23917.08906 4.6817 12177.0 19.122 17183.0 16.393 "" "" 0.002763504707605295 0.003269859 0.003918756 0.0071886145 357.90421893307 61.16247721752 2905.45361 -3.652 -2.1990000000000003
357.52825830855 60.88940216136 0.0149 0.0141 12.2293 "" "" 2011823090170613120 2533.84058 0.3689 0.0185 -2.386 -1.419 0.018 0.019 1.015 9450.7 3.6197 14.744792 0.970009 15.135855 14.165846 "" "" 2444.51489 2633.27686 23824.83152 5.0719 12052.0 16.595 17093.0 13.578 "" "" 0.002764997765973611 0.003165452 0.0038765415 0.0070419936 357.52825830855 60.88940216136 2533.84058 -2.3859999999999997 -1.419
358.74808951143 60.81599884299 0.0158 0.0147 24.5259 "" "" 2011854288816249600 2366.78003 0.3949 0.0199 -1.114 -0.702 0.019 0.019 1.044 7192.7 3.6649 14.749771 1.151015 15.23349 14.082475 "" "" 2249.88843 2490.34766 23715.81871 4.9955 11016.0 14.832 18457.0 14.964 "" "" 0.0027647952642358377 0.0031499248 0.0038805392 0.007030464 358.74808951143 60.81599884299 2366.78003 -1.114 -0.702
357.13214901808 60.94445553577 0.0174 0.0175 23.5721 "" "" 2011832470379029504 2433.56567 0.3719 0.0228 -0.456 1.349 0.021 0.021 1.152 "" "" 14.753236 1.998179 15.757238 13.759059 -57.1 4.35 2335.12378 2543.68506 23640.27508 6.1389 6800.2 12.916 24862.0 13.279 "" "" 0.0027697078596488466 0.003469541 0.0038236124 0.0072931536 357.13214901808 60.94445553577 2433.56567 -0.4560000000000001 1.3490000000000002
358.57555080877 60.91502481516 0.0154 0.0143 18.5445 "" "" 2011870987648818688 2363.93774 0.3972 0.0194 -1.08 -0.633 0.018 0.018 1.062 9409.0 3.7438 14.753815 0.898723 15.110453 14.21173 "" "" 2261.20947 2478.4165 23627.65868 5.3083 12338.0 10.533 16386.0 16.238 "" "" 0.002766096449816205 0.0029401 0.0039295484 0.0068696486 358.57555080877 60.91502481516 2363.93774 -1.0800000000000003 -0.633
358.82057172672 60.87466446458 0.0159 0.0151 25.8849 "" "" 2011855457047346688 2876.28271 0.3144 0.0205 -5.669 -1.142 0.018 0.019 0.962 6283.8 2.4896 14.762258 2.078083 15.821667 13.743584 -79.16 3.52 2712.37476 3011.90088 23444.65132 6.7012 6408.4 13.309 25219.0 16.963 "" "" 0.00277274200929995 0.0035874022 0.0038492933 0.0074366955 358.82057172672 60.87466446458 2876.28271 -5.669 -1.1420000000000001
357.36742205358 61.0400683709 0.0167 0.0153 17.986 "" "" 2011839789003615104 2084.41016 0.4498 0.0211 -2.367 -3.028 0.02 0.023 1.037 8117.6 4.1876 14.76336 1.114954 15.232144 14.11719 "" "" 1990.8783 2184.56494 23420.86033 4.7224 11030.0 15.398 17876.0 16.367 "" "" 0.002764003456694786 0.0031752784 0.0039079315 0.00708321 357.36742205358 61.0400683709 2084.41016 -2.367 -3.0279999999999996
357.85991881364 60.89189165712 0.0158 0.0151 3.1643 "" "" 2011913593726382720 2744.39746 0.3349 0.0193 -3.234 -1.992 0.019 0.019 0.985 "" "" 14.76732 1.237722 15.29318 14.055457 "" "" 2613.93115 2929.17456 23335.58858 5.8426 10427.0 13.749 18922.0 11.217 "" "" 0.002768697495815218 0.0031360264 0.0038337947 0.006969821 357.85991881364 60.89189165712 2744.39746 -3.2340000000000004 -1.992
358.304570875 60.80304444369 0.0152 0.0136 13.0008 "" "" 2011856968875619456 2946.24414 0.3115 0.0184 -3.206 -1.967 0.018 0.018 0.998 9387.4 3.4183 14.782063 1.09412 15.233054 14.138934 "" "" 2789.26562 3139.41602 23020.85672 5.9081 11020.0 16.203 17522.0 18.673 "" "" 0.0027693739785174224 0.003214576 0.003952532 0.0071671084 358.304570875 60.80304444369 2946.24414 -3.2059999999999995 -1.967
358.09582938469 61.21991161269 0.0166 0.015 18.123 "" "" 2011934175209408512 2112.95312 0.4472 0.0202 -4.298 -2.221 0.02 0.02 1.104 "" "" 14.784563 1.233679 15.315038 14.081359 "" "" 2041.91357 2195.32886 22967.91552 4.7059 10219.0 16.762 18476.0 15.545 "" "" 0.0027642858704064644 0.0033100883 0.0038882135 0.007198302 358.09582938469 61.21991161269 2112.95312 -4.298 -2.221
358.23855637992 61.29838334641 0.0147 0.0141 23.8806 "" "" 2011937748622165120 2824.57812 0.3198 0.0185 -0.969 -2.35 0.019 0.018 1.027 "" "" 14.791947 2.222005 15.953958 13.731953 -50.16 2.25 2689.69092 2996.68457 22812.23629 6.2666 5673.3 9.6706 25490.0 19.387 "" "" 0.0027714158360105075 0.0033481685 0.0038685452 0.0072167134 358.23855637992 61.29838334641 2824.57812 -0.9689999999999998 -2.3499999999999996
357.74847280258 60.67835444761 0.0149 0.0154 15.961 "" "" 2011861092043995776 2215.27832 0.4203 0.0193 -0.502 -1.306 0.021 0.02 1.011 8030.2 3.4284 14.794649 1.384145 15.410491 14.026346 "" "" 2133.17651 2304.04468 22755.5406 4.8462 9358.8 19.013 19437.0 15.242 "" "" 0.0027650054811245196 0.0035567328 0.003874096 0.007430829 357.74847280258 60.67835444761 2215.27832 -0.502 -1.306
