Clusters/FSR_0451/FSR_0451_stars_in_region.tsv
# %ECSV 1.0
# ---
# datatype:
# - name: RA_ICRS_1
#   unit: deg
#   datatype: float64
#   format: '{:15.11f}'
#   description: Right ascension (ICRS) at Ep=2016.0 (ra)
#   meta: !!omap
#   - {ucd: POS_EQ_RA_MAIN}
#   - {width: 15}
#   - {precision: '11'}
# - name: DE_ICRS_1
#   unit: deg
#   datatype: float64
#   format: '{:15.11f}'
#   description: Declination (ICRS) at Ep=2016.0 (dec)
#   meta: !!omap
#   - {ucd: POS_EQ_DEC_MAIN}
#   - {width: 15}
#   - {precision: '11'}
# - name: e_RA_ICRS
#   unit: mas
#   datatype: float64
#   format: '{:7.4f}'
#   description: Standard error of right ascension (ra_error)
#   meta: !!omap
#   - {ucd: ERROR}
#   - {width: 7}
#   - {precision: '4'}
# - name: e_DE_ICRS
#   unit: mas
#   datatype: float64
#   format: '{:7.4f}'
#   description: Standard error of declination (dec_error)
#   meta: !!omap
#   - {ucd: ERROR}
#   - {width: 7}
#   - {precision: '4'}
# - name: _r_1
#   unit: ''
#   datatype: float64
#   format: '{:7.4f}'
#   description: Distance from center (357.94011613000+60.92740272000)[ICRS], at Epoch=J2016.0
#   meta: !!omap
#   - {ucd: POS_ANG_DIST_GENERAL}
#   - {width: 7}
#   - {precision: '4'}
# - name: HIP
#   datatype: int32
#   description: '? HIP cross-id number, van Leeuwen, Cat. I/311 (hip_original_ext_source_id)'
#   meta: !!omap
#   - {ucd: ID_NUMBER}
#   - {width: 6}
#   - values: {'null': -2147483648}
# - name: TYC2
#   datatype: string
#   description: Tycho-2 cross-id name, Hog et al., Cat. I/259 (tyc2_original_ext_source_id)
#   meta: !!omap
#   - {ucd: ID_CROSSID}
#   - {_votable_string_dtype: char}
# - name: Source
#   datatype: int64
#   description: Source identifier, identical to the Gaia-EDR3 source_id (id)
#   meta: !!omap
#   - {ucd: ID_MAIN}
#   - {width: 19}
# - name: rgeo
#   unit: pc
#   datatype: float64
#   format: '{:15.8f}'
#   description: '? Median of the geometric distance posterior (r_med_geo)'
#   meta: !!omap
#   - {ucd: PHYS_DISTANCE_TRUE}
#   - {width: 15}
#   - {precision: '8'}
#   - values: {'null': .nan}
# - name: Plx
#   unit: mas
#   datatype: float64
#   format: '{:9.4f}'
#   description: '? Parallax (parallax)'
#   meta: !!omap
#   - {ucd: POS_PARLX_TRIG}
#   - {width: 9}
#   - {precision: '4'}
#   - values: {'null': .nan}
# - name: e_Plx
#   unit: mas
#   datatype: float32
#   format: '{:7.4f}'
#   description: '? Standard error of parallax (parallax_error)'
#   meta: !!omap
#   - {ucd: ERROR}
#   - {width: 7}
#   - {precision: '4'}
#   - values: {'null': .nan}
# - name: pmRA
#   unit: mas / yr
#   datatype: float64
#   format: '{:9.3f}'
#   description: '? Proper motion in right ascension direction, pmRA*cosDE (pmra)'
#   meta: !!omap
#   - {ucd: POS_EQ_PMRA}
#   - {width: 9}
#   - {precision: '3'}
#   - values: {'null': .nan}
# - name: pmDE
#   unit: mas / yr
#   datatype: float64
#   format: '{:9.3f}'
#   description: '? Proper motion in declination direction (pmdec)'
#   meta: !!omap
#   - {ucd: POS_EQ_PMDEC}
#   - {width: 9}
#   - {precision: '3'}
#   - values: {'null': .nan}
# - name: e_pmRA
#   unit: mas / yr
#   datatype: float32
#   format: '{:6.3f}'
#   description: '? Standard error of proper motion in right ascension direction (pmra_error)'
#   meta: !!omap
#   - {ucd: ERROR}
#   - {width: 6}
#   - {precision: '3'}
#   - values: {'null': .nan}
# - name: e_pmDE
[...]
#         unit: &id001 !astropy.units.Unit {unit: deg}
#         value: !astropy.table.SerializedColumn {name: SkyCoord.dec}
#       distance: !astropy.table.SerializedColumn
#         __class__: astropy.coordinates.distances.Distance
#         unit: !astropy.units.Unit {unit: pc}
#         value: !astropy.table.SerializedColumn {name: SkyCoord.distance}
#       frame: icrs
#       obstime: !astropy.time.Time {format: jyear_str, in_subfmt: '*', jd1: 367701545.0, jd2: 0.0, out_subfmt: '*', precision: 3, scale: tt}
#       pm_dec: !astropy.table.SerializedColumn
#         __class__: astropy.units.quantity.Quantity
#         unit: !astropy.units.Unit {unit: mas / yr}
#         value: !astropy.table.SerializedColumn {name: SkyCoord.pm_dec}
#       pm_ra_cosdec: !astropy.table.SerializedColumn
#         __class__: astropy.units.quantity.Quantity
#         unit: !astropy.units.Unit {unit: mas / yr}
#         value: !astropy.table.SerializedColumn {name: SkyCoord.pm_ra_cosdec}
#       ra: !astropy.table.SerializedColumn
#         __class__: astropy.coordinates.angles.Longitude
#         unit: *id001
#         value: !astropy.table.SerializedColumn {name: SkyCoord.ra}
#         wrap_angle: !astropy.coordinates.Angle
#           unit: *id001
#           value: 360.0
#       representation_type: spherical
# schema: astropy-2.0
RA_ICRS_1 DE_ICRS_1 e_RA_ICRS e_DE_ICRS _r_1 HIP TYC2 Source rgeo Plx e_Plx pmRA pmDE e_pmRA e_pmDE RUWE Teff logg Gmag BP-RP BPmag RPmag RV e_RV b_rgeo B_rgeo FG e_FG FBP e_FBP FRP e_FRP RAVE5 RAVE6 e_Gmag e_BPmag e_RPmag e_BP-RP SkyCoord.ra SkyCoord.dec SkyCoord.distance SkyCoord.pm_ra_cosdec SkyCoord.pm_dec
358.45823506539 60.853391263 0.0108 0.0109 15.7618 117830 4281-45-1 2011857518631414656 2715.87036 0.3413 0.0147 -3.009 -2.205 0.013 0.016 0.817 "" "" 6.645201 1.093028 7.084945 5.991916 "" "" 2604.94922 2846.21875 41387237.69257 40512.0 20019000.0 66851.0 31797000.0 106820.0 "" "" 0.0029531815463787075 0.004575 0.0052524 0.0098274 358.45823506539 60.853391263 2715.87036 -3.0089999999999995 -2.2049999999999996
358.23429088575 61.00232145203 0.0232 0.0211 9.6743 117763 4281-2517-1 2011915724030139136 2334.76367 0.3888 0.03 -3.215 -2.145 0.026 0.028 1.028 "" "" 7.186156 3.536036 9.396334 5.860298 -58.91 0.4 2178.16455 2481.36182 25146897.8469 117900.0 2381700.0 48025.0 35895000.0 534100.0 "" "" 0.005788278862918417 0.022070048 0.016591411 0.038661458 358.23429088575 61.00232145203 2334.76367 -3.2149999999999994 -2.145
357.66463159924 60.91086299349 0.0137 0.0144 8.0949 117576 4281-803-1 2011823365048527488 2475.95044 0.3845 0.0176 -3.24 -2.037 0.016 0.017 1.367 "" "" 9.452349 1.2005 9.9658 8.765301 "" "" 2377.06982 2587.55273 3118942.15796 17492.0 1409600.0 23376.0 2471900.0 41538.0 "" "" 0.006683524558132263 0.018220134 0.01863213 0.036852263 357.66463159924 60.91086299349 2475.95044 -3.24 -2.0369999999999995
358.05408594898 60.91617095729 0.01 0.01 3.391 "" 4281-399-1 2011868067070949632 2566.1145 0.3715 0.013 -3.277 -2.006 0.012 0.013 0.958 14539.6 2.7435 9.478806 0.759412 9.762808 9.003396 "" "" 2485.80591 2649.22461 3043857.28 1159.6 1699400.0 1952.6 1985200.0 1547.8 "" "" 0.00278619385233339 0.0030563565 0.0038730241 0.006929381 358.05408594898 60.91617095729 2566.1145 -3.2769999999999997 -2.0059999999999993
358.27170786896 60.91240163958 0.0105 0.0099 9.7116 "" 4281-745-1 2011867311156752256 2810.47412 0.3393 0.0132 -3.05 -2.009 0.013 0.013 0.995 "" "" 10.014133 0.686714 10.266207 9.579493 "" "" 2724.47705 2914.01221 1859061.43285 505.74 1068900.0 652.25 1167800.0 290.69 "" "" 0.002771106173300698 0.0028677492 0.0037890326 0.006656782 358.27170786896 60.91240163958 2810.47412 -3.0500000000000003 -2.009
357.38771630746 60.75425540333 0.0091 0.009 19.2019 "" 4281-607-1 2011817798771883904 2804.9668 0.3324 0.0121 -1.214 -1.748 0.012 0.011 0.844 "" "" 10.201272 1.099915 10.657211 9.557297 "" "" 2721.32886 2907.73877 1564725.04834 633.4 745650.0 629.02 1191900.0 899.55 "" "" 0.002790153135829307 0.0029366552 0.0038671936 0.006803849 357.38771630746 60.75425540333 2804.9668 -1.2139999999999997 -1.7479999999999998
358.34502981291 60.63537037758 0.0111 0.0105 21.158 "" 4281-1125-1 2011663553604222976 2469.25024 0.3823 0.0141 -2.302 -1.585 0.014 0.014 1.065 "" "" 10.234754 0.751576 10.521611 9.770035 "" "" 2400.33374 2563.27808 1517209.05527 557.23 844840.0 882.69 979820.0 686.76 "" "" 0.0027840259058812137 0.0030119533 0.0038552359 0.006867189 358.34502981291 60.63537037758 2469.25024 -2.302 -1.585
357.52377786715 60.92708163688 0.0124 0.0114 12.1384 "" 4281-11-2 2011824189682195200 2745.22339 0.3488 0.0155 -3.274 -2.083 0.015 0.015 1.041 16329.6 3.36 10.362191 0.72653 10.636917 9.910387 "" "" 2619.75635 2881.75659 1349180.69418 545.5 759710.0 466.15 861000.0 475.17 "" "" 0.002790071066359244 0.0028686 0.0038265865 0.0066951867 357.52377786715 60.92708163688 2745.22339 -3.274 -2.083
357.55470741406 60.96711175935 0.012 0.0119 11.4796 "" "" 2011836043791892608 2758.09082 0.3299 0.0155 -1.81 -1.323 0.014 0.015 1.069 4459.6 1.199 10.5128 2.247711 11.697598 9.449887 -43.86 0.15 2670.2583 2892.31055 1174429.00135 249.23 286010.0 260.35 1315800.0 536.3 "" "" 0.0027649371283317826 0.0029600402 0.0038052017 0.0067652417 357.55470741406 60.96711175935 2758.09082 -1.81 -1.323
357.6320837095 61.15386728106 0.0091 0.009 16.2699 "" 4281-1434-1 2011842262904767616 2807.71118 0.3383 0.0112 -3.277 -1.925 0.011 0.012 0.92 "" "" 10.584809 1.084178 11.030129 9.945951 "" "" 2734.08447 2897.77344 1099064.35815 231.09 528890.0 289.16 833250.0 357.69 "" "" 0.0027647612257683907 0.0028526154 0.0038080115 0.006660627 357.6320837095 61.15386728106 2807.71118 -3.277000000000001 -1.9250000000000003
357.35062316772 61.11121027961 0.01 0.0094 20.379 "" 4281-2341-1 2012591099047220608 2639.64746 0.3597 0.0126 -3.232 -2.14 0.012 0.012 0.964 16521.4 3.3541 10.600435 0.803351 10.907725 10.104374 "" "" 2558.6958 2723.28711 1083359.76137 243.04 592010.0 350.31 720130.0 323.13 "" "" 0.002766065304777403 0.002863181 0.0038106525 0.0066738334 357.35062316772 61.11121027961 2639.64746 -3.2319999999999998 -2.1399999999999997
357.08133163482 60.84070917902 0.0123 0.0122 25.6057 "" 4281-197-1 2011828793888111616 2678.03564 0.3501 0.0154 -1.741 -0.936 0.016 0.015 1.021 "" "" 10.613523 1.689845 11.413059 9.723214 -39.77 0.42 2566.03369 2784.90137 1070378.86923 255.24 371700.0 246.91 1023000.0 252.87 "" "" 0.002767457258865645 0.0028818767 0.0037888987 0.0066707754 357.08133163482 60.84070917902 2678.03564 -1.741 -0.9359999999999999
358.70343751648 61.04801480978 0.0121 0.0117 23.3615 "" 4281-2254-1 2011875557494240896 2821.12207 0.3382 0.0153 -3.078 -1.973 0.015 0.015 1.105 18634.1 3.4176 10.672894 0.538758 10.864749 10.325991 "" "" 2732.22314 2930.34399 1013418.7704 291.58 615910.0 503.29 587170.0 176.78 "" "" 0.0027729722474004225 0.0029278295 0.0037934917 0.0067213215 358.70343751648 61.04801480978 2821.12207 -3.077999999999999 -1.9729999999999996
357.77468620157 60.80023766263 0.01 0.0104 9.0316 "" "" 2011865593169708288 2972.53442 0.3007 0.0126 -3.589 -1.979 0.013 0.013 0.98 4923.8 1.4341 10.781138 2.220609 11.944983 9.724374 -76.08 0.19 2865.02295 3087.15063 917257.83757 213.87 227730.0 179.74 1021900.0 461.47 "" "" 0.0027669253233399273 0.0029187992 0.003811052 0.0067298515 357.77468620157 60.80023766263 2972.53442 -3.5889999999999995 -1.979
357.54451746431 61.10071392248 0.0242 0.023 15.5059 "" 4281-1912-1 2011841472630791552 2934.64233 0.3126 0.0301 -3.464 -2.033 0.029 0.03 1.959 6674.0 1.8074 11.046417 0.951887 11.425004 10.473117 "" "" 2680.91577 3253.70776 718422.4931 223.45 367630.0 280.33 512760.0 245.87 "" "" 0.002775937206161374 0.0029104094 0.003815071 0.0067254803 357.54451746431 61.10071392248 2934.64233 -3.464 -2.033
357.74767638141 61.07062344611 0.02 0.0187 10.2558 "" 4281-2440-1 2011931495149884800 2671.92163 0.3368 0.0248 -3.431 -2.015 0.022 0.023 1.398 7041.7 2.1866 11.26502 0.862133 11.603941 10.741808 "" "" 2498.3335 2868.56763 587406.2737 238.05 311770.0 194.84 400350.0 199.61 "" "" 0.0027902312659071086 0.002871489 0.0038179539 0.006689443 357.74767638141 61.07062344611 2671.92163 -3.4309999999999996 -2.0149999999999997
358.28444079655 60.60759403119 0.0156 0.0155 21.6792 "" 4281-2173-1 2011657648030291584 2852.97534 0.3212 0.0199 -2.883 -2.211 0.021 0.02 1.326 "" "" 11.302896 1.154461 11.784884 10.630424 "" "" 2685.01392 3013.27124 567268.07182 729.85 263910.0 778.35 443600.0 1097.7 "" "" 0.003089200072018844 0.0042472216 0.004637024 0.0088842455 358.28444079655 60.60759403119 2852.97534 -2.883 -2.2109999999999994
358.18791816805 61.16460432966 0.0118 0.0112 15.9487 "" 4281-1578-1 2011933140108519168 2458.14258 0.3605 0.0148 -3.598 -1.824 0.014 0.015 0.916 "" "" 11.351819 0.650963 11.594004 10.943041 "" "" 2367.98706 2557.44946 542274.54585 159.36 314640.0 153.8 332620.0 88.918 "" "" 0.002773732924970677 0.002840196 0.0037905106 0.0066307066 358.18791816805 61.16460432966 2458.14258 -3.5980000000000008 -1.824
358.68753408848 61.16223421453 0.019 0.0194 25.8817 "" "" 2011924210885736192 2574.43018 0.3676 0.0242 -1.031 -0.034 0.023 0.024 1.111 "" "" 11.370412 2.732668 12.910474 10.177806 -49.61 0.19 2422.51245 2719.82104 533067.44382 235.36 93590.0 224.67 673030.0 593.65 "" "" 0.0027967104212817855 0.0038181585 0.0038988304 0.007716989 358.68753408848 61.16223421453 2574.43018 -1.0310000000000001 -0.03400000000000001
357.48778599999 60.92817922456 0.017 0.0161 13.1876 "" "" 2011835837633492992 2648.24219 0.3484 0.0215 -2.591 -1.695 0.02 0.021 1.007 "" "" 11.525861 2.693495 13.038891 10.345396 -85.74 0.21 2534.74048 2795.59448 461957.99699 164.14 83150.0 140.48 576770.0 537.86 "" "" 0.002782195759563141 0.0033391316 0.0039126542 0.007251786 357.48778599999 60.92817922456 2648.24219 -2.5909999999999997 -1.695
357.88525943349 60.81222054581 0.0105 0.0117 7.0942 "" 4281-99-1 2011865283932210048 2905.47437 0.3061 0.0137 -3.393 -2.094 0.013 0.015 0.958 "" "" 11.547102 1.025531 11.96496 10.939429 "" "" 2784.48413 3016.63818 453008.05978 110.92 223580.0 118.25 333720.0 74.91 "" "" 0.0027681154028849565 0.0028486485 0.0037872319 0.00663588 357.88525943349 60.81222054581 2905.47437 -3.3929999999999993 -2.094
358.17120841604 60.71967407663 0.0118 0.0105 14.1786 "" 4281-319-1 2011849890773597184 2610.63721 0.3492 0.014 -3.276 -2.63 0.016 0.013 1.116 5897.9 2.7437 11.601744 0.784241 11.902317 11.118076 -66.9 2.7 2505.09253 2710.97705 430773.92638 463.65 236860.0 1266.5 283090.0 933.99 "" "" 0.0029928933656454826 0.006441164 0.005207247 0.011648411 358.17120841604 60.71967407663 2610.63721 -3.2759999999999994 -2.63
358.73832421023 60.91503994921 0.0137 0.0148 23.288 "" 4281-997-1 2011859438473981056 2366.73657 0.3815 0.0182 -1.532 -0.79 0.016 0.019 1.198 7493.5 2.6984 11.65802 0.835214 11.765642 10.930428 "" "" 2260.02124 2451.94849 409014.37232 205.93 268630.0 1690.0 336500.0 1571.4 "" "" 0.002809022976483917 0.0073784576 0.0063238246 0.013702283 358.73832421023 60.91503994921 2366.73657 -1.5320000000000003 -0.7899999999999999
358.16338869518 60.93557466226 0.0261 0.025 6.5271 "" "" 2011868303286478592 2321.3186 0.4052 0.033 -2.792 0.288 0.032 0.031 1.001 3589.8 0.4664 11.692884 3.747353 14.060083 10.312731 -48.34 0.24 2177.34155 2496.6748 396089.39797 446.36 32463.0 247.39 594380.0 1410.6 "" "" 0.0030147681380386458 0.00873183 0.004574179 0.013306009 358.16338869518 60.93557466226 2321.3186 -2.792 0.2879999999999999
357.39764067987 60.96418772595 0.0123 0.012 15.9601 "" 4281-2183-1 2011835489733042432 2773.771 0.3146 0.0158 -3.355 -2.093 0.015 0.016 1.126 17983.4 3.3888 11.812394 0.824379 12.130861 11.306482 "" "" 2649.01392 2912.64136 354804.37331 67.513 191900.0 107.02 237990.0 64.032 "" "" 0.0027630547368279602 0.0028551144 0.0037906545 0.006645769 357.39764067987 60.96418772595 2773.771 -3.355000000000001 -2.093
357.71077706387 60.51234957421 0.0557 0.0544 25.7965 "" "" 2011750002703997056 2145.07178 0.4751 0.0753 -3.412 -2.087 0.077 0.072 6.689 7148.6 1.9215 11.834965 1.816036 12.708886 10.89285 -42.1 3.15 1779.96228 2998.07202 347504.9104 90.913 112680.0 92.079 348350.0 106.3 "" "" 0.002769922704346003 0.0029278374 0.0037938762 0.0067217136 357.71077706387 60.51234957421 2145.07178 -3.412 -2.087
357.48406617558 60.80770194642 0.0084 0.0085 15.1338 "" 4281-1549-1 2011819615533922816 2772.80591 0.33 0.0105 -2.948 -2.017 0.011 0.011 0.871 "" "" 11.843624 1.27165 12.390197 11.118547 "" "" 2681.15503 2848.65137 344744.39315 78.196 151130.0 105.19 282970.0 158.52 "" "" 0.0027663040952761076 0.0028906967 0.0038280115 0.006718708 357.48406617558 60.80770194642 2772.80591 -2.948 -2.0169999999999995
357.20857370989 60.97121793536 0.008 0.0081 21.4749 "" 4281-1813-1 2011838483333562624 2142.47583 0.4227 0.0103 -2.442 -0.936 0.01 0.011 0.774 "" "" 11.879583 0.732558 12.158625 11.426066 "" "" 2083.58618 2186.00635 333513.38085 102.17 187050.0 198.93 213170.0 168.98 "" "" 0.0027753231119709773 0.0030196633 0.003876141 0.0068958043 357.20857370989 60.97121793536 2142.47583 -2.4419999999999997 -0.9360000000000002
358.46514694884 61.1672790781 0.012 0.0114 20.9689 "" "" 2011926543038752256 2781.0459 0.3446 0.0153 -6.499 0.282 0.015 0.015 1.201 "" "" 11.963475 2.311388 13.192936 10.881548 -58.76 1.1 2671.18994 2930.04663 308714.09982 60.676 72151.0 66.697 352000.0 151.28 "" "" 0.002763571411219999 0.0029651963 0.0038080784 0.0067732744 358.46514694884 61.1672790781 2781.0459 -6.4990000000000006 0.282
357.73825270406 60.85495678981 0.0078 0.0079 7.3219 "" 4281-1057-1 2011913108385315072 2716.72437 0.3442 0.0098 -3.254 -2.087 0.01 0.01 0.894 "" "" 12.001323 1.179958 12.499455 11.319497 "" "" 2646.41187 2794.69556 298138.09579 71.647 136660.0 96.468 235160.0 64.627 "" "" 0.002767646628909891 0.002893518 0.0037911423 0.00668466 357.73825270406 60.85495678981 2716.72437 -3.254 -2.0869999999999997
358.53525885454 61.17876923534 0.0116 0.0111 22.9381 "" "" 2011923725540204288 2250.27588 0.4346 0.0146 -4.235 -2.645 0.014 0.014 1.093 4488.0 1.645 12.05678 2.454139 13.390446 10.936307 -56.2 0.16 2169.4624 2331.63647 283292.38538 63.564 60150.0 64.948 334680.0 141.66 "" "" 0.002766068824405203 0.0030264559 0.0038072197 0.0068336753 358.53525885454 61.17876923534 2250.27588 -4.235 -2.6449999999999996
358.30347633769 61.19848581053 0.008 0.0076 19.3861 "" "" 2011927402032206848 2116.20947 0.4623 0.0101 -2.243 -2.822 0.009 0.01 1.076 5169.9 2.5133 12.100485 1.82849 12.99726 11.16877 -34.63 0.36 2073.22852 2158.19678 272115.26065 45.696 86400.0 54.43 270180.0 91.009 "" "" 0.00276134610765821 0.0028727842 0.003797036 0.0066698203 358.30347633769 61.19848581053 2116.20947 -2.2430000000000003 -2.8220000000000005
358.27848512298 61.07463383644 0.0176 0.0153 13.2253 "" "" 2011922935270478080 3109.9917 0.3124 0.0214 -2.53 0.232 0.02 0.02 1.159 "" "" 12.121583 3.074605 13.930832 10.856227 -60.61 0.33 2951.23047 3291.55371 266878.38826 240.11 36567.0 181.18 360300.0 760.07 "" "" 0.002923353501792097 0.006060075 0.0044192434 0.010479318 358.27848512298 61.07463383644 3109.9917 -2.5300000000000002 0.23199999999999998
357.22641372296 60.97585642124 0.0075 0.0073 20.9944 "" 4281-847-1 2011838479030279936 2842.84253 0.3313 0.0097 -3.275 -2.142 0.009 0.01 0.797 "" "" 12.134659 0.86777 12.475607 11.607837 "" "" 2758.60889 2936.87915 263683.70535 160.2 139690.0 222.88 180310.0 405.71 "" "" 0.0028331797223131168 0.003284206 0.0045002094 0.007784415 357.22641372296 60.97585642124 2842.84253 -3.2750000000000004 -2.142
357.94949242714 61.18365040279 0.0095 0.0099 15.3773 "" "" 2011935480879472384 2820.4856 0.3343 0.0126 -3.3 -1.991 0.011 0.012 1.013 "" "" 12.144198 0.731136 12.421723 11.690587 "" "" 2736.17212 2923.04785 261377.08034 43.205 146800.0 85.199 167080.0 41.54 "" "" 0.002761158947306019 0.00286044 0.0037890095 0.0066494495 357.94949242714 61.18365040279 2820.4856 -3.2999999999999994 -1.9910000000000005
357.9992219132 60.98137424419 0.0088 0.0084 3.6676 "" "" 2011916338200715776 2410.52808 0.3913 0.0114 -3.976 -1.428 0.01 0.01 0.961 14337.6 3.7291 12.149966 0.615924 12.377898 11.761974 "" "" 2349.04956 2479.3042 259992.25265 52.596 152850.0 114.79 156450.0 67.675 "" "" 0.0027640608328174865 0.0029068715 0.0038084514 0.006715323 357.9992219132 60.98137424419 2410.52808 -3.975999999999999 -1.428
358.26376510584 60.94846826569 0.0075 0.0072 9.5172 "" "" 2011868410668342528 3018.94604 0.3124 0.0097 -3.097 -2.034 0.009 0.01 0.866 6409.2 2.7408 12.156915 0.85262 12.490307 11.637687 "" "" 2937.59448 3095.85278 258333.64308 41.761 137810.0 113.77 175420.0 62.59 "" "" 0.002760904728801409 0.0029306088 0.003799184 0.006729793 358.26376510584 60.94846826569 3018.94604 -3.0969999999999995 -2.034
358.12438278908 61.0292007647 0.0129 0.0112 8.1287 "" "" 2011916509999404928 2965.80371 0.3171 0.0159 -3.172 -2.197 0.014 0.015 1.301 15614.3 3.3819 12.194145 0.816341 12.510732 11.69439 "" "" 2836.98999 3109.95557 249625.43502 67.504 135250.0 110.0 166500.0 124.01 "" "" 0.0027709193255698074 0.002926569 0.003864927 0.0067914957 358.12438278908 61.0292007647 2965.80371 -3.1719999999999997 -2.1969999999999996
357.47649225205 60.87533495217 0.01 0.01 13.884 "" "" 2011823738702524160 2275.26978 0.4348 0.0127 -5.457 -3.035 0.013 0.014 0.959 "" "" 12.196268 2.384017 13.4777 11.093683 -74.09 0.23 2225.91699 2336.29541 249137.74439 46.549 55506.0 52.855 289520.0 134.26 "" "" 0.002762777830176708 0.00297556 0.0038127722 0.006788332 357.47649225205 60.87533495217 2275.26978 -5.457 -3.035
