Clusters/FSR_0451/FSR_0451_stars_in_region.tsv
# %ECSV 1.0
# ---
# datatype:
# - name: RA_ICRS_1
#   unit: deg
#   datatype: float64
#   format: '{:15.11f}'
#   description: Right ascension (ICRS) at Ep=2016.0 (ra)
#   meta: !!omap
#   - {ucd: POS_EQ_RA_MAIN}
#   - {width: 15}
#   - {precision: '11'}
# - name: DE_ICRS_1
#   unit: deg
#   datatype: float64
#   format: '{:15.11f}'
#   description: Declination (ICRS) at Ep=2016.0 (dec)
#   meta: !!omap
#   - {ucd: POS_EQ_DEC_MAIN}
#   - {width: 15}
#   - {precision: '11'}
# - name: e_RA_ICRS
#   unit: mas
#   datatype: float64
#   format: '{:7.4f}'
#   description: Standard error of right ascension (ra_error)
#   meta: !!omap
#   - {ucd: ERROR}
#   - {width: 7}
#   - {precision: '4'}
# - name: e_DE_ICRS
#   unit: mas
#   datatype: float64
#   format: '{:7.4f}'
#   description: Standard error of declination (dec_error)
#   meta: !!omap
#   - {ucd: ERROR}
#   - {width: 7}
#   - {precision: '4'}
# - name: _r_1
#   unit: ''
#   datatype: float64
#   format: '{:7.4f}'
#   description: Distance from center (357.94011613000+60.92740272000)[ICRS], at Epoch=J2016.0
#   meta: !!omap
#   - {ucd: POS_ANG_DIST_GENERAL}
#   - {width: 7}
#   - {precision: '4'}
# - name: HIP
#   datatype: int32
#   description: '? HIP cross-id number, van Leeuwen, Cat. I/311 (hip_original_ext_source_id)'
#   meta: !!omap
#   - {ucd: ID_NUMBER}
#   - {width: 6}
#   - values: {'null': -2147483648}
# - name: TYC2
#   datatype: string
#   description: Tycho-2 cross-id name, Hog et al., Cat. I/259 (tyc2_original_ext_source_id)
#   meta: !!omap
#   - {ucd: ID_CROSSID}
#   - {_votable_string_dtype: char}
# - name: Source
#   datatype: int64
#   description: Source identifier, identical to the Gaia-EDR3 source_id (id)
#   meta: !!omap
#   - {ucd: ID_MAIN}
#   - {width: 19}
# - name: rgeo
#   unit: pc
#   datatype: float64
#   format: '{:15.8f}'
#   description: '? Median of the geometric distance posterior (r_med_geo)'
#   meta: !!omap
#   - {ucd: PHYS_DISTANCE_TRUE}
#   - {width: 15}
#   - {precision: '8'}
#   - values: {'null': .nan}
# - name: Plx
#   unit: mas
#   datatype: float64
#   format: '{:9.4f}'
#   description: '? Parallax (parallax)'
#   meta: !!omap
#   - {ucd: POS_PARLX_TRIG}
#   - {width: 9}
#   - {precision: '4'}
#   - values: {'null': .nan}
# - name: e_Plx
#   unit: mas
#   datatype: float32
#   format: '{:7.4f}'
#   description: '? Standard error of parallax (parallax_error)'
#   meta: !!omap
#   - {ucd: ERROR}
#   - {width: 7}
#   - {precision: '4'}
#   - values: {'null': .nan}
# - name: pmRA
#   unit: mas / yr
#   datatype: float64
#   format: '{:9.3f}'
#   description: '? Proper motion in right ascension direction, pmRA*cosDE (pmra)'
#   meta: !!omap
#   - {ucd: POS_EQ_PMRA}
#   - {width: 9}
#   - {precision: '3'}
#   - values: {'null': .nan}
# - name: pmDE
#   unit: mas / yr
#   datatype: float64
#   format: '{:9.3f}'
#   description: '? Proper motion in declination direction (pmdec)'
#   meta: !!omap
#   - {ucd: POS_EQ_PMDEC}
#   - {width: 9}
#   - {precision: '3'}
#   - values: {'null': .nan}
# - name: e_pmRA
#   unit: mas / yr
#   datatype: float32
#   format: '{:6.3f}'
#   description: '? Standard error of proper motion in right ascension direction (pmra_error)'
#   meta: !!omap
#   - {ucd: ERROR}
#   - {width: 6}
#   - {precision: '3'}
#   - values: {'null': .nan}
# - name: e_pmDE
[...]
#         unit: &id001 !astropy.units.Unit {unit: deg}
#         value: !astropy.table.SerializedColumn {name: SkyCoord.dec}
#       distance: !astropy.table.SerializedColumn
#         __class__: astropy.coordinates.distances.Distance
#         unit: !astropy.units.Unit {unit: pc}
#         value: !astropy.table.SerializedColumn {name: SkyCoord.distance}
#       frame: icrs
#       obstime: !astropy.time.Time {format: jyear_str, in_subfmt: '*', jd1: 367701545.0, jd2: 0.0, out_subfmt: '*', precision: 3, scale: tt}
#       pm_dec: !astropy.table.SerializedColumn
#         __class__: astropy.units.quantity.Quantity
#         unit: !astropy.units.Unit {unit: mas / yr}
#         value: !astropy.table.SerializedColumn {name: SkyCoord.pm_dec}
#       pm_ra_cosdec: !astropy.table.SerializedColumn
#         __class__: astropy.units.quantity.Quantity
#         unit: !astropy.units.Unit {unit: mas / yr}
#         value: !astropy.table.SerializedColumn {name: SkyCoord.pm_ra_cosdec}
#       ra: !astropy.table.SerializedColumn
#         __class__: astropy.coordinates.angles.Longitude
#         unit: *id001
#         value: !astropy.table.SerializedColumn {name: SkyCoord.ra}
#         wrap_angle: !astropy.coordinates.Angle
#           unit: *id001
#           value: 360.0
#       representation_type: spherical
# schema: astropy-2.0
RA_ICRS_1 DE_ICRS_1 e_RA_ICRS e_DE_ICRS _r_1 HIP TYC2 Source rgeo Plx e_Plx pmRA pmDE e_pmRA e_pmDE RUWE Teff logg Gmag BP-RP BPmag RPmag RV e_RV b_rgeo B_rgeo FG e_FG FBP e_FBP FRP e_FRP RAVE5 RAVE6 e_Gmag e_BPmag e_RPmag e_BP-RP SkyCoord.ra SkyCoord.dec SkyCoord.distance SkyCoord.pm_ra_cosdec SkyCoord.pm_dec
[from data line 892]
358.0972012766 60.72314791691 0.0372 0.031 13.0882 "" "" 2011850509244840192 3118.84668 0.3054 0.0415 -1.492 -1.678 0.048 0.038 0.952 9220.2 3.5736 16.378262 1.750681 17.207546 15.456865 "" "" 2767.09766 3493.78784 5292.26723 2.5721 1788.1 8.7862 5204.9 9.5844 "" "" 0.0028053939551767565 0.006020562 0.0042756177 0.010296179 358.0972012766 60.72314791691 3118.84668 -1.492 -1.6780000000000002
358.33670921909 60.73796443384 0.0321 0.0299 16.2383 "" "" 2011855628845887232 2358.30688 0.4078 0.0399 -0.514 -2.06 0.043 0.039 0.949 8942.6 4.3011 16.378267 1.444321 17.036114 15.591793 "" "" 2159.36719 2617.94678 5292.24129 2.4052 2094.0 10.011 4596.6 11.87 "" "" 0.0027991559644398143 0.0058930735 0.004705816 0.01059889 358.33670921909 60.73796443384 2358.30688 -0.5139999999999999 -2.0600000000000005
358.07481175684 61.04525631307 0.0371 0.0305 8.085 "" "" 2011919572320757248 2566.72852 0.3829 0.045 -0.362 -0.859 0.04 0.038 1.038 8268.7 4.2061 16.378622 1.295865 16.946426 15.650561 "" "" 2250.61963 2864.07129 5290.51665 2.3325 2274.3 9.0023 4354.5 8.4429 "" "" 0.0027965919730884277 0.00512394 0.0043261154 0.009450056 358.07481175684 61.04525631307 2566.72852 -0.362 -0.859
358.26774876727 60.81660655475 0.0634 0.0555 11.6513 "" "" 2011862981829812224 2091.12793 0.4732 0.0742 -2.612 -0.051 0.074 0.068 1.846 "" "" 16.381002 1.404361 16.742271 15.337911 "" "" 1826.0437 2619.15503 5278.92582 5.8784 2744.8 22.739 5807.6 32.35 "" "" 0.0030089114869273257 0.009417485 0.007131645 0.01654913 358.26774876727 60.81660655475 2091.12793 -2.6120000000000005 -0.05100000000000002
358.34660195808 61.25570456676 0.0321 0.0288 22.9568 "" "" 2011939638407822464 2838.40894 0.3386 0.0406 -3.308 -1.656 0.041 0.039 1.025 8534.7 4.2898 16.382502 1.43199 17.032928 15.600939 "" "" 2497.82056 3474.00317 5271.64319 2.0819 2100.1 7.7073 4558.1 9.3371 "" "" 0.002788484307553905 0.004864383 0.004385237 0.00924962 358.34660195808 61.25570456676 2838.40894 -3.308 -1.6559999999999995
357.98048830113 61.27483061423 0.0347 0.0338 20.8785 "" "" 2011938401457179904 2367.71094 0.3994 0.0432 -3.421 -1.929 0.044 0.043 1.108 9289.0 3.9584 16.38338 1.316501 16.946236 15.629735 "" "" 2129.68066 2685.9043 5267.37949 3.055 2274.7 7.78 4438.8 10.37 "" "" 0.0028263624501970327 0.0046448787 0.004551663 0.009196542 357.98048830113 61.27483061423 2367.71094 -3.420999999999999 -1.9289999999999998
358.57692054205 60.64660623694 0.0343 0.033 25.1312 "" "" 2011663076868967296 2952.37061 0.3098 0.0422 -2.363 -1.678 0.044 0.045 1.028 9260.1 3.7786 16.384483 1.638611 17.144913 15.506302 "" "" 2616.12671 3342.76245 5262.02716 19.627 1894.3 30.36 4973.2 64.383 "" "" 0.004898166253158845 0.017623398 0.014555167 0.032178566 358.57692054205 60.64660623694 2952.37061 -2.3630000000000004 -1.678
358.16146048737 60.98298449108 0.0324 0.029 7.2591 "" "" 2011915586591437056 2899.28149 0.3291 0.0409 -3.072 -1.853 0.037 0.039 0.944 9364.5 3.9566 16.38452 1.206105 16.891695 15.68559 "" "" 2642.53394 3403.9231 5261.85997 2.2599 2391.9 10.746 4216.2 9.6713 "" "" 0.0027945006612409063 0.0056194696 0.004526186 0.010145655 358.16146048737 60.98298449108 2899.28149 -3.072 -1.8529999999999998
358.37022504128 60.75376229026 0.0316 0.0331 16.3293 "" "" 2011855731925097088 2488.66016 0.3888 0.0412 -2.765 -2.105 0.041 0.044 1.085 "" "" 16.38543 "" "" "" "" "" 2252.57422 2824.28345 5257.45197 3.5743 "" "" "" "" "" "" 0.0028524801877495747 "" "" "" 358.37022504128 60.75376229026 2488.66016 -2.7649999999999997 -2.1049999999999995
358.27082818295 61.32281050388 0.033 0.0303 25.5864 "" "" 2011943899015324032 2957.41992 0.3189 0.0412 -3.377 -2.019 0.044 0.04 1.023 "" "" 16.388626 1.334748 16.975733 15.640985 "" "" 2647.90552 3892.73877 5241.99397 2.4501 2213.7 9.5644 4393.0 9.3595 "" "" 0.002801663195936622 0.0054580504 0.0044311043 0.009889155 358.27082818295 61.32281050388 2957.41992 -3.377 -2.019
357.76039737164 60.81227983337 0.102 0.1003 8.6756 "" "" 2011865799328136576 2360.65332 0.5006 0.1243 0.243 -3.124 0.13 0.124 3.157 "" "" 16.39536 1.641106 17.132122 15.491016 "" "" 1816.30383 3031.20605 5209.57364 7.3602 1916.8 8.4123 5043.7 8.3709 "" "" 0.0031535373410202065 0.0055217934 0.004186982 0.009708775 357.76039737164 60.81227983337 2360.65332 0.24299999999999994 -3.123999999999999
358.3002157782 61.10337822424 0.032 0.0278 14.8693 "" "" 2011923008294583808 3000.30225 0.3064 0.039 -4.571 -0.518 0.037 0.035 0.981 8874.8 4.3726 16.396124 1.20526 16.91072 15.705461 "" "" 2692.17212 3377.73193 5205.91628 1.9631 2350.3 9.9506 4139.7 11.163 "" "" 0.0027855725669927367 0.005377276 0.004780747 0.010158023 358.3002157782 61.10337822424 3000.30225 -4.571 -0.518
358.22705752852 60.93835531346 0.0302 0.0283 8.3901 "" "" 2011868376308606848 2510.55664 0.3853 0.0378 -3.213 -1.871 0.036 0.037 0.936 9396.7 3.9112 16.397518 1.25562 16.916012 15.660392 "" "" 2288.30322 2734.8811 5199.23148 2.1975 2338.9 11.146 4315.2 15.836 "" "" 0.002793273119534908 0.0058784327 0.005491776 0.011370208 358.22705752852 60.93835531346 2510.55664 -3.2130000000000005 -1.8709999999999996
358.46551551938 60.59051999307 0.0298 0.0308 25.4103 "" "" 2011662630192390784 2926.88647 0.3325 0.0385 -3.589 -1.873 0.04 0.041 0.994 "" "" 16.401104 1.521254 17.09488 15.573625 "" "" 2645.47021 3210.70215 5182.09368 2.2507 1983.7 8.9513 4674.2 8.8298 "" "" 0.0027953815374809937 0.0056381053 0.004300043 0.009938149 358.46551551938 60.59051999307 2926.88647 -3.589 -1.8729999999999998
358.77726323136 60.96949224101 0.0406 0.0418 24.5212 "" "" 2011859820722886016 2807.6167 0.3393 0.0537 -2.206 -1.597 0.045 0.05 1.23 11284.8 4.3202 16.401915 1.32799 16.821045 15.493055 "" "" 2494.95312 3267.31445 5178.22198 3.831 2552.7 29.538 5034.3 41.788 "" "" 0.002870020036856055 0.012869458 0.009772702 0.02264216 358.77726323136 60.96949224101 2807.6167 -2.206 -1.597
358.07189921781 61.15367799132 0.0332 0.03 14.106 "" "" 2011932972618621056 2984.22363 0.3084 0.0408 -5.549 0.45 0.039 0.039 1.047 7690.9 4.1894 16.403133 1.292835 16.961992 15.669157 "" "" 2640.82227 3366.4856 5172.4163 3.314 2241.9 8.8174 4280.5 9.9644 "" "" 0.0028417779083169496 0.00510095 0.0045466125 0.009647563 358.07189921781 61.15367799132 2984.22363 -5.549 0.44999999999999984
358.63547771711 60.7511185338 0.0297 0.0317 22.9162 "" "" 2011853498542139904 2802.94067 0.3382 0.0397 -1.115 -1.298 0.039 0.044 1.006 7981.9 3.5977 16.40798 1.781561 17.263384 15.481823 "" "" 2508.1272 3074.00098 5149.38063 2.7451 1698.5 9.6787 5086.6 9.0446 "" "" 0.002815456846867053 0.0067869923 0.0042439178 0.011030911 358.63547771711 60.7511185338 2802.94067 -1.115 -1.298
358.5502415491 61.22386126264 0.0347 0.0324 25.0972 "" "" 2011927028384235392 2180.41846 0.4487 0.0431 0.543 -0.726 0.042 0.042 1.104 7891.7 4.4021 16.408398 1.466148 17.074968 15.60882 "" "" 1969.13623 2394.97803 5147.39865 2.1748 2020.4 8.5774 4525.1 8.715 "" "" 0.002793245663073556 0.005388084 0.0043192822 0.009707366 358.5502415491 61.22386126264 2180.41846 0.5430000000000001 -0.726
358.16352713116 60.55260582223 0.033 0.0348 23.4228 "" "" 2011657029555019264 2230.56567 0.4301 0.0428 -5.18 -1.795 0.046 0.043 1.0 8197.4 4.2279 16.40989 1.447804 17.059488 15.611685 "" "" 2047.40283 2582.92749 5140.33042 2.4667 2049.4 10.013 4513.2 14.372 "" "" 0.0028041478681215667 0.0059937476 0.005122279 0.011116026 358.16352713116 60.55260582223 2230.56567 -5.179999999999999 -1.7949999999999997
358.22584309689 61.19566051386 0.097 0.0926 18.1073 "" "" 2011933316215994752 2223.82056 0.4621 0.1202 1.248 -0.793 0.119 0.131 3.253 "" "" 16.410395 1.420831 16.832 15.41117 "" "" 1826.04248 2843.19824 5137.93387 3.9125 2527.1 9.1069 5428.6 12.137 "" "" 0.0028766916849197336 0.0048056194 0.0044917897 0.009297409 358.22584309689 61.19566051386 2223.82056 1.248 -0.7929999999999999
357.26671263852 60.82359254952 0.0324 0.0311 20.6278 "" "" 2011821750140825856 2652.50854 0.3485 0.0391 -3.669 -1.509 0.04 0.042 0.978 9007.1 3.6636 16.410444 1.402131 17.034397 15.632266 "" "" 2376.36377 2950.4231 5137.70435 2.3588 2097.3 7.2298 4428.4 9.4876 "" "" 0.0028000482282257346 0.0046683163 0.0044378606 0.009106177 357.26671263852 60.82359254952 2652.50854 -3.669 -1.5090000000000003
358.47127267875 60.63346524253 0.0311 0.0306 23.5172 "" "" 2011663729704173696 2716.92163 0.3526 0.0389 -1.246 -0.824 0.041 0.042 0.984 7537.2 3.8924 16.415405 1.527601 17.118315 15.590713 "" "" 2436.33447 2989.71313 5114.27978 2.4404 1941.3 6.908 4601.2 9.8963 "" "" 0.0028036050367254567 0.004765699 0.004442627 0.009208326 358.47127267875 60.63346524253 2716.92163 -1.2460000000000002 -0.8240000000000002
357.66046779779 60.63633866652 0.0309 0.0318 19.289 "" "" 2011766362241152128 2967.89087 0.3216 0.0386 -3.582 -1.652 0.043 0.044 0.966 "" "" 16.416952 1.521641 17.10864 15.587 "" "" 2653.3374 3256.30835 5106.99889 2.3133 1958.7 8.6345 4617.0 10.117 "" "" 0.002798867418973865 0.00554013 0.004465863 0.010005994 357.66046779779 60.63633866652 2967.89087 -3.582 -1.6519999999999997
357.37097838045 60.75723490469 0.0337 0.0315 19.5205 "" "" 2011817867490468224 2341.50488 0.4043 0.0424 -4.091 -1.761 0.044 0.042 0.997 "" "" 16.41845 1.273166 16.977953 15.704787 "" "" 2159.5752 2606.71753 5099.96357 2.2108 2209.2 10.261 4142.3 11.542 "" "" 0.00279522979178468 0.005763308 0.0048410716 0.01060438 357.37097838045 60.75723490469 2341.50488 -4.090999999999999 -1.7609999999999997
358.41870717784 60.57612801656 0.0306 0.0304 25.3191 "" "" 2011662252235272320 2644.41699 0.3581 0.0389 -2.319 1.268 0.04 0.039 0.979 8078.3 4.2036 16.422766 1.6132 17.175291 15.562091 "" "" 2429.18872 2903.30811 5079.72785 2.1595 1842.0 8.8834 4724.1 11.322 "" "" 0.002793713614157407 0.005933173 0.0045885495 0.010521723 358.41870717784 60.57612801656 2644.41699 -2.3190000000000004 1.2680000000000002
357.99759483283 60.8884501873 0.0365 0.032 2.8765 "" "" 2011866486522998784 2842.1875 0.3345 0.0442 -3.253 -2.069 0.044 0.04 1.077 7701.9 3.739 16.426497 1.529651 17.120726 15.591075 "" "" 2558.09937 3247.56396 5062.30624 2.6226 1937.0 10.494 4599.7 9.8317 "" "" 0.002812147651812724 0.006510352 0.0044350293 0.010945382 357.99759483283 60.8884501873 2842.1875 -3.2529999999999992 -2.0689999999999995
358.38631447643 60.99877976263 0.0338 0.0292 13.6819 "" "" 2011874423622536960 2132.85522 0.4459 0.042 -4.637 -2.452 0.039 0.039 0.969 6560.1 4.4436 16.429598 1.3416 17.026161 15.684561 "" "" 1969.26416 2357.34058 5047.86205 2.1783 2113.3 9.3649 4220.2 8.9798 "" "" 0.0027948715198510754 0.0055618403 0.004429555 0.009991395 358.38631447643 60.99877976263 2132.85522 -4.6370000000000005 -2.452
357.39237813775 60.76081425153 0.033 0.0315 18.8748 "" "" 2011817867490468992 2178.37915 0.4418 0.0405 -7.143 -1.643 0.042 0.043 0.988 7184.4 4.2888 16.430468 1.586422 17.17225 15.585829 "" "" 1977.50269 2370.32397 5043.81987 2.1762 1847.2 8.2004 4622.0 7.1452 "" "" 0.0027948586874250634 0.0055693155 0.0041353265 0.009704642 357.39237813775 60.76081425153 2178.37915 -7.142999999999998 -1.6429999999999998
358.4632773999 60.93814251223 0.1518 0.1283 15.2638 "" "" 2011870540972173440 2857.2356 0.5143 0.1883 -1.563 0.063 0.187 0.168 4.419 9879.7 3.9296 16.432253 1.360146 16.91651 15.556363 "" "" 1721.77527 6129.7168 5035.53409 10.129 2337.8 9.2256 4749.1 25.099 "" "" 0.0035158903235666767 0.005113018 0.006870933 0.011983952 358.4632773999 60.93814251223 2857.2356 -1.5630000000000002 0.06299999999999999
358.47343108143 60.97725319648 0.0358 0.0318 15.8219 "" "" 2011873770787540864 2375.74219 0.4051 0.0449 -4.588 -2.07 0.039 0.042 1.044 6522.0 4.0835 16.433527 1.51724 17.125675 15.608436 "" "" 2135.95776 2735.66138 5029.63182 2.7219 1928.2 9.8479 4526.7 10.821 "" "" 0.002817273320846522 0.0062075844 0.0045847576 0.010792342 358.47343108143 60.97725319648 2375.74219 -4.588 -2.0699999999999994
358.33583216534 60.82654223762 0.0336 0.0308 13.0441 "" "" 2011857071954816896 2200.86572 0.432 0.0416 -2.085 -0.832 0.039 0.04 0.892 7612.7 4.414 16.434122 1.300597 17.00538 15.704783 "" "" 2030.45105 2399.32031 5026.86895 2.2043 2154.1 8.4174 4142.3 8.3278 "" "" 0.002796150894415735 0.0050778994 0.0043644384 0.009442338 358.33583216534 60.82654223762 2200.86572 -2.085 -0.8319999999999999
357.43483204145 61.25859685864 0.034 0.0327 24.6909 "" "" 2012597799196357888 2652.41016 0.3691 0.0424 -2.776 -1.749 0.041 0.043 1.05 9469.4 4.3576 16.4347 1.513366 17.12506 15.611693 "" "" 2359.70703 2951.76709 5024.2021 2.2059 1929.3 7.6506 4513.2 8.3302 "" "" 0.0027962528567159464 0.0051305043 0.004277814 0.009408318 357.43483204145 61.25859685864 2652.41016 -2.776 -1.749
358.82743563146 60.88626566493 0.0325 0.0324 26.0037 "" "" 2011855560126559488 2599.32935 0.3695 0.0426 -1.761 -1.1 0.037 0.04 1.009 9048.7 4.3557 16.436478 1.241961 16.97116 15.7292 "" "" 2356.3623 2935.43359 5015.98112 2.1328 2223.1 8.751 4050.2 10.842 "" "" 0.0027937279259797254 0.0051040333 0.0047676996 0.009871732 358.82743563146 60.88626566493 2599.32935 -1.761 -1.1
358.11611647157 60.87531605451 0.0371 0.0339 6.0117 "" "" 2011867031976825600 2991.09473 0.3121 0.0453 -3.067 -2.007 0.044 0.042 1.16 9642.0 4.2249 16.44021 1.176561 16.923677 15.747116 "" "" 2599.52441 3434.91895 4998.76523 2.3865 2322.4 8.4932 3983.9 10.258 "" "" 0.002803654041739634 0.0048529264 0.004700982 0.009553908 358.11611647157 60.87531605451 2991.09473 -3.0669999999999997 -2.0070000000000006
358.31963266965 60.74048561665 0.0638 0.0584 15.7773 "" "" 2011855663205622272 2957.43457 0.3318 0.0789 -3.967 -0.319 0.083 0.075 1.95 7721.3 4.4055 16.441162 1.576041 17.14871 15.572669 "" "" 2353.66968 3839.35425 4994.38313 5.2002 1887.7 8.1351 4678.3 7.3001 "" "" 0.002978216270952523 0.0054477714 0.004141744 0.009589516 358.31963266965 60.74048561665 2957.43457 -3.967 -0.31900000000000006
358.14743509178 61.17586832107 0.0362 0.0302 16.0778 "" "" 2011933384935474688 2938.02319 0.3181 0.0441 -3.347 -0.742 0.04 0.04 1.038 8130.0 4.4044 16.441982 1.562942 17.162569 15.599627 "" "" 2570.62646 3400.09741 4990.61126 2.183 1863.8 9.9375 4563.6 9.8756 "" "" 0.0027959510708813104 0.0064263013 0.0044501685 0.010876469 358.14743509178 61.17586832107 2938.02319 -3.3469999999999995 -0.7419999999999997
357.72640181461 61.28008108461 0.0332 0.0331 22.0492 "" "" 2012688234014119808 2733.64429 0.3488 0.0418 -3.45 -1.336 0.04 0.039 1.01 "" "" 16.442108 1.265361 16.99093 15.72557 "" "" 2417.33716 3185.45508 4990.03723 2.3544 2183.0 9.9598 4063.8 12.591 "" "" 0.0028025367333066576 0.005685352 0.0050596464 0.010744998 357.72640181461 61.28008108461 2733.64429 -3.45 -1.336
358.26185465957 60.97395488724 0.0341 0.0294 9.7807 "" "" 2011868685546228608 2668.26782 0.3601 0.0429 -4.479 -0.646 0.038 0.038 0.97 7143.7 4.3505 16.442162 1.478388 17.116346 15.637959 "" "" 2411.21924 3054.68481 4989.78492 2.171 1944.8 9.5922 4405.3 9.385 "" "" 0.0027955220182957503 0.006038389 0.0044310135 0.010469403 358.26185465957 60.97395488724 2668.26782 -4.479 -0.6460000000000001
357.20962448569 60.99699469929 0.0352 0.0312 21.68 "" "" 2011839307966940288 2729.39697 0.3529 0.0436 -3.256 -2.136 0.044 0.042 0.964 9461.4 4.0407 16.442244 1.320024 16.976625 15.656602 "" "" 2486.85718 3010.51831 4989.41044 2.5182 2211.9 14.635 4330.3 25.699 "" "" 0.002809283235012838 0.0077065816 0.0074701104 0.015176692 357.20962448569 60.99699469929 2729.39697 -3.2560000000000002 -2.136
357.99016638202 61.29585123576 0.0338 0.0327 22.1545 "" "" 2012689024301239424 2214.95728 0.4386 0.0423 -2.944 -1.783 0.043 0.041 1.048 "" "" 16.443192 1.339835 17.035292 15.695457 "" "" 2069.33789 2411.96875 4985.05485 2.286 2095.6 7.6485 4178.1 7.5516 "" "" 0.002799942974549842 0.004846453 0.004258484 0.009104937 357.99016638202 61.29585123576 2214.95728 -2.9439999999999995 -1.783
