Clusters/Collinder_132/Collinder_132_stars_in_region.tsv
# %ECSV 1.0
# ---
# datatype:
# - name: RA_ICRS_1
#   unit: deg
#   datatype: float64
#   format: '{:15.11f}'
#   description: Right ascension (ICRS) at Ep=2016.0 (ra)
#   meta: !!omap
#   - {ucd: POS_EQ_RA_MAIN}
#   - {width: 15}
#   - {precision: '11'}
# - name: DE_ICRS_1
#   unit: deg
#   datatype: float64
#   format: '{:15.11f}'
#   description: Declination (ICRS) at Ep=2016.0 (dec)
#   meta: !!omap
#   - {ucd: POS_EQ_DEC_MAIN}
#   - {width: 15}
#   - {precision: '11'}
# - name: e_RA_ICRS
#   unit: mas
#   datatype: float64
#   format: '{:7.4f}'
#   description: Standard error of right ascension (ra_error)
#   meta: !!omap
#   - {ucd: ERROR}
#   - {width: 7}
#   - {precision: '4'}
# - name: e_DE_ICRS
#   unit: mas
#   datatype: float64
#   format: '{:7.4f}'
#   description: Standard error of declination (dec_error)
#   meta: !!omap
#   - {ucd: ERROR}
#   - {width: 7}
#   - {precision: '4'}
# - name: _r_1
#   unit: ''
#   datatype: float64
#   format: '{:8.4f}'
#   description: Distance from center (108.59520599000-30.70350605000)[ICRS], at Epoch=J2016.0
#   meta: !!omap
#   - {ucd: POS_ANG_DIST_GENERAL}
#   - {width: 8}
#   - {precision: '4'}
# - name: HIP
#   datatype: int32
#   description: '? HIP cross-id number, van Leeuwen, Cat. I/311 (hip_original_ext_source_id)'
#   meta: !!omap
#   - {ucd: ID_NUMBER}
#   - {width: 6}
#   - values: {'null': -2147483648}
# - name: TYC2
#   datatype: string
#   description: Tycho-2 cross-id name, Hog et al., Cat. I/259 (tyc2_original_ext_source_id)
#   meta: !!omap
#   - {ucd: ID_CROSSID}
#   - {_votable_string_dtype: char}
# - name: Source
#   datatype: int64
#   description: Source identifier, identical to the Gaia-EDR3 source_id (id)
#   meta: !!omap
#   - {ucd: ID_MAIN}
#   - {width: 19}
# - name: rgeo
#   unit: pc
#   datatype: float64
#   format: '{:15.8f}'
#   description: '? Median of the geometric distance posterior (r_med_geo)'
#   meta: !!omap
#   - {ucd: PHYS_DISTANCE_TRUE}
#   - {width: 15}
#   - {precision: '8'}
#   - values: {'null': .nan}
# - name: Plx
#   unit: mas
#   datatype: float64
#   format: '{:9.4f}'
#   description: '? Parallax (parallax)'
#   meta: !!omap
#   - {ucd: POS_PARLX_TRIG}
#   - {width: 9}
#   - {precision: '4'}
#   - values: {'null': .nan}
# - name: e_Plx
#   unit: mas
#   datatype: float32
#   format: '{:7.4f}'
#   description: '? Standard error of parallax (parallax_error)'
#   meta: !!omap
#   - {ucd: ERROR}
#   - {width: 7}
#   - {precision: '4'}
#   - values: {'null': .nan}
# - name: pmRA
#   unit: mas / yr
#   datatype: float64
#   format: '{:9.3f}'
#   description: '? Proper motion in right ascension direction, pmRA*cosDE (pmra)'
#   meta: !!omap
#   - {ucd: POS_EQ_PMRA}
#   - {width: 9}
#   - {precision: '3'}
#   - values: {'null': .nan}
# - name: pmDE
#   unit: mas / yr
#   datatype: float64
#   format: '{:9.3f}'
#   description: '? Proper motion in declination direction (pmdec)'
#   meta: !!omap
#   - {ucd: POS_EQ_PMDEC}
#   - {width: 9}
#   - {precision: '3'}
#   - values: {'null': .nan}
# - name: e_pmRA
#   unit: mas / yr
#   datatype: float32
#   format: '{:6.3f}'
#   description: '? Standard error of proper motion in right ascension direction (pmra_error)'
#   meta: !!omap
#   - {ucd: ERROR}
#   - {width: 6}
#   - {precision: '3'}
#   - values: {'null': .nan}
# - name: e_pmDE
[...]
#         unit: &id001 !astropy.units.Unit {unit: deg}
#         value: !astropy.table.SerializedColumn {name: SkyCoord.dec}
#       distance: !astropy.table.SerializedColumn
#         __class__: astropy.coordinates.distances.Distance
#         unit: !astropy.units.Unit {unit: pc}
#         value: !astropy.table.SerializedColumn {name: SkyCoord.distance}
#       frame: icrs
#       obstime: !astropy.time.Time {format: jyear_str, in_subfmt: '*', jd1: 367701545.0, jd2: 0.0, out_subfmt: '*', precision: 3, scale: tt}
#       pm_dec: !astropy.table.SerializedColumn
#         __class__: astropy.units.quantity.Quantity
#         unit: !astropy.units.Unit {unit: mas / yr}
#         value: !astropy.table.SerializedColumn {name: SkyCoord.pm_dec}
#       pm_ra_cosdec: !astropy.table.SerializedColumn
#         __class__: astropy.units.quantity.Quantity
#         unit: !astropy.units.Unit {unit: mas / yr}
#         value: !astropy.table.SerializedColumn {name: SkyCoord.pm_ra_cosdec}
#       ra: !astropy.table.SerializedColumn
#         __class__: astropy.coordinates.angles.Longitude
#         unit: *id001
#         value: !astropy.table.SerializedColumn {name: SkyCoord.ra}
#         wrap_angle: !astropy.coordinates.Angle
#           unit: *id001
#           value: 360.0
#       representation_type: spherical
# schema: astropy-2.0
RA_ICRS_1 DE_ICRS_1 e_RA_ICRS e_DE_ICRS _r_1 HIP TYC2 Source rgeo Plx e_Plx pmRA pmDE e_pmRA e_pmDE RUWE Teff logg Gmag BP-RP BPmag RPmag RV e_RV b_rgeo B_rgeo FG e_FG FBP e_FBP FRP e_FRP RAVE5 RAVE6 e_Gmag e_BPmag e_RPmag e_BP-RP SkyCoord.ra SkyCoord.dec SkyCoord.distance SkyCoord.pm_ra_cosdec SkyCoord.pm_dec
[from data line 4100]
109.02712022974 -29.72342653695 0.025 0.0298 62.9245 "" "" 5606109490222812800 687.899292 1.4225 0.0366 -5.158 10.905 0.033 0.037 1.225 4328.6 4.4558 15.887482 1.440154 16.543417 15.103263 "" "" 671.191284 703.833862 8316.75659 2.8244 3296.5 11.198 7208.6 10.726 "" "" 0.0027798819617197473 0.004624683 0.0041101845 0.008734867 109.02712022974 -29.72342653695 687.899292 -5.1579999999999995 10.904999999999998
107.7485511304 -29.77678812099 0.0209 0.0258 70.8353 "" "" 5606251876974457216 705.978577 1.3886 0.0321 -2.015 -0.146 0.029 0.032 1.0 4598.8 4.6457 15.887766 1.336233 16.487715 15.151482 "" "" 689.9151 721.560181 8314.58258 3.5202 3470.0 10.097 6895.5 11.639 "" "" 0.002793401295961417 0.0042149797 0.004200268 0.008415248 107.7485511304 -29.77678812099 705.978577 -2.015 -0.14600000000000005
107.31129038522 -31.50958527921 0.0224 0.0265 81.7888 "" "" 5604382157451136768 529.288147 1.8607 0.0321 1.733 -0.171 0.03 0.032 0.986 4532.5 4.6466 15.888544 1.529835 16.602741 15.072907 "" "" 521.401794 538.527954 8308.62698 2.854 3121.2 9.5656 7413.0 8.8676 "" "" 0.00278044602168692 0.0043424815 0.0039963187 0.0083388 107.31129038522 -31.50958527921 529.288147 1.733 -0.17100000000000007
108.14696798059 -30.13352293151 0.0219 0.0278 41.3212 "" "" 5605993594824102784 758.345703 1.2842 0.0321 1.006 -6.192 0.028 0.033 1.025 4676.0 4.6414 15.88912 1.271577 16.454433 15.182857 "" "" 742.997925 775.423279 8304.21803 3.4761 3578.0 8.3312 6699.1 13.374 "" "" 0.0027925515881752658 0.003765137 0.0043568336 0.008121971 108.14696798059 -30.13352293151 758.345703 1.0060000000000002 -6.192000000000001
110.44781537571 -29.54688320085 0.0198 0.0256 118.5689 "" "" 5605707103328686080 631.927246 1.548 0.0302 3.105 -5.597 0.027 0.032 0.98 4473.2 4.5009 15.889345 1.347132 16.495779 15.148647 "" "" 622.399048 641.55719 8302.49928 2.762 3444.3 8.0263 6913.5 9.7508 "" "" 0.0027788936070721718 0.0037664948 0.004077827 0.007844321 110.44781537571 -29.54688320085 631.927246 3.1050000000000004 -5.597
108.34445564073 -32.90033736807 0.0228 0.0284 132.4284 "" "" 5603180116364824192 523.573425 1.8831 0.0332 14.73 -6.906 0.029 0.033 0.983 4419.8 4.6361 15.889348 1.576081 16.631588 15.055507 "" "" 514.011963 532.431519 8302.47639 2.9338 3039.4 10.745 7532.8 13.102 "" "" 0.0027819030955381027 0.004745299 0.0042249225 0.0089702215 108.34445564073 -32.90033736807 523.573425 14.73 -6.906000000000001
109.90159054716 -30.66086689846 0.0254 0.0336 67.4584 "" "" 5605208543521780480 663.842834 1.4741 0.0369 -6.086 11.143 0.034 0.044 1.131 4398.2 4.5023 15.890481 1.486533 16.57667 15.090137 "" "" 649.340393 680.265015 8293.81174 2.9892 3197.0 10.362 7296.3 10.136 "" "" 0.0027829688941472526 0.004490963 0.0040692384 0.008560201 109.90159054716 -30.66086689846 663.842834 -6.086 11.142999999999999
109.8718137161 -31.84419232312 0.0212 0.0273 94.7087 "" "" 5604844536453496704 531.003967 1.8474 0.0294 -2.324 -0.778 0.029 0.035 0.993 4402.7 4.6245 15.890663 1.586328 16.63751 15.051183 "" "" 523.31488 540.243713 8292.42609 2.7795 3022.8 7.5389 7562.8 9.7795 "" "" 0.002779249768282546 0.0038881153 0.004031732 0.007919848 109.8718137161 -31.84419232312 531.003967 -2.324 -0.778
106.6153061363 -30.65658708947 0.0224 0.027 102.2038 "" "" 5604674318305900416 592.832214 1.6434 0.0322 -0.12 0.977 0.031 0.035 1.06 4327.6 4.5019 15.895141 1.744037 16.740053 14.996016 "" "" 583.598633 603.793335 8258.29552 3.427 2750.4 12.663 7957.0 11.432 "" "" 0.002791915000954001 0.005724768 0.0040886453 0.009813413 106.6153061363 -30.65658708947 592.832214 -0.11999999999999997 0.9769999999999999
106.73346516389 -30.36484525604 0.1705 0.2057 98.3349 "" "" 5604715515631486464 616.916138 1.7105 0.2404 -9.403 20.358 0.232 0.253 9.642 4636.3 4.404 15.898263 1.350462 16.429026 15.078564 "" "" 546.122009 711.520203 8234.58414 25.102 3662.7 9.6552 7374.5 8.4957 "" "" 0.004306509066410163 0.003997079 0.003980986 0.007978065 106.73346516389 -30.36484525604 616.916138 -9.402999999999999 20.357999999999997
108.1186776551 -30.19540869846 0.0217 0.0272 39.2035 "" "" 5605987478790699520 685.538208 1.4267 0.031 -2.449 4.444 0.029 0.032 1.019 4708.9 4.6415 15.898773 1.239407 16.43908 15.199672 "" "" 674.284363 697.009094 8230.71348 2.5401 3629.0 13.851 6596.1 10.781 "" "" 0.0027756192819825797 0.0049957666 0.0041752686 0.009171035 108.1186776551 -30.19540869846 685.538208 -2.449 4.444
110.9578936449 -30.78319904948 0.059 0.0716 121.9305 "" "" 5605372503890908800 622.047913 1.5986 0.0882 -6.026 -2.027 0.08 0.089 2.763 4752.9 4.4984 15.899025 1.239905 16.411764 15.171859 "" "" 585.618164 652.93219 8228.80512 7.224 3721.4 9.0199 6767.3 9.5073 "" "" 0.002915527586668494 0.0038354087 0.004075584 0.007910993 110.9578936449 -30.78319904948 622.047913 -6.026 -2.0269999999999997
109.62090741273 -32.64590878963 0.0289 0.0366 127.7697 "" "" 5604734374827462016 667.474792 1.4712 0.0412 -4.274 3.45 0.035 0.045 1.352 4483.9 4.3533 15.900086 1.725855 16.5395 14.813644 "" "" 648.014282 688.095154 8220.76191 12.223 3308.4 62.429 9412.4 181.81 "" "" 0.0031934030632129336 0.020676795 0.021309908 0.041986704 109.62090741273 -32.64590878963 667.474792 -4.273999999999999 3.45
107.52751860372 -31.90419816135 0.0215 0.0268 90.4748 "" "" 5604312883918302848 766.539062 1.2659 0.0312 -3.034 -0.249 0.029 0.032 1.005 4631.9 4.4509 15.901107 1.301124 16.46285 15.161727 "" "" 747.515137 786.987732 8213.04219 3.8582 3550.4 11.135 6830.7 10.753 "" "" 0.002802129744040579 0.004402289 0.004147895 0.008550184 107.52751860372 -31.90419816135 766.539062 -3.0340000000000007 -0.24900000000000005
106.87327265824 -29.7280871434 0.0208 0.0266 106.7493 "" "" 5609241586531458688 726.862305 1.3433 0.0316 0.391 -1.916 0.029 0.034 1.008 4651.9 4.5927 15.901286 1.265914 16.460318 15.194404 "" "" 712.14679 742.500305 8211.68546 2.756 3558.7 8.9686 6628.2 9.9345 "" "" 0.0027793114946589176 0.003907963 0.004114841 0.008022804 106.87327265824 -29.7280871434 726.862305 0.391 -1.9159999999999997
109.38091569661 -30.97949683786 0.021 0.0248 43.7323 "" "" 5605222871533481600 682.978699 1.425 0.0297 -2.608 9.111 0.029 0.032 1.004 4553.9 4.5997 15.901531 1.430785 16.559105 15.12832 "" "" 668.997681 697.500122 8209.83255 2.608 3249.2 7.8055 7044.2 8.5074 "" "" 0.0027768233336511834 0.0038194235 0.004000392 0.007819816 109.38091569661 -30.97949683786 682.978699 -2.6079999999999997 9.111000000000002
109.25795107286 -31.29269168379 0.0216 0.0278 49.1071 "" "" 5605074231302951168 698.203186 1.3945 0.0312 6.795 4.647 0.03 0.035 1.006 4366.7 4.3827 15.901731 1.43224 16.554651 15.122412 "" "" 683.656555 713.089844 8208.3276 2.832 3262.5 7.8807 7082.6 11.45 "" "" 0.0027806674367987635 0.003829267 0.0041670855 0.007996352 109.25795107286 -31.29269168379 698.203186 6.795 4.647
110.02398185971 -30.15579635319 0.0221 0.0262 80.8928 "" "" 5605651195727315456 648.095642 1.5072 0.0327 -1.675 0.176 0.032 0.04 1.034 4685.8 4.6202 15.902273 1.305474 16.459797 15.154323 "" "" 631.004395 665.273254 8204.22183 3.5847 3560.4 18.221 6877.5 20.271 "" "" 0.0027958611637321946 0.0062176553 0.0049522338 0.011169889 110.02398185971 -30.15579635319 648.095642 -1.6750000000000003 0.17599999999999996
108.24714490437 -32.18552221849 0.0231 0.0293 90.6881 "" "" 5603497394188721408 537.703491 1.817 0.0333 -14.736 0.748 0.033 0.037 1.007 4449.8 4.5948 15.902288 1.518754 16.608843 15.090089 "" "" 528.402832 547.223145 8204.10621 3.0418 3103.7 9.9732 7296.6 9.8607 "" "" 0.00278457156212361 0.0044673197 0.0040542106 0.008521531 108.24714490437 -32.18552221849 537.703491 -14.735999999999999 0.7480000000000006
110.24805018468 -30.63032194318 0.2085 0.2673 85.4135 "" "" 5605203149042645760 717.91687 1.5487 0.305 -9.64 1.34 0.278 0.345 9.869 4962.9 4.6195 15.902355 1.190673 16.36386 15.173186 "" "" 593.155701 921.313721 8203.6026 22.207 3889.3 9.6378 6759.0 10.277 "" "" 0.004028635988860429 0.0038760502 0.004124202 0.008000252 110.24805018468 -30.63032194318 717.91687 -9.64 1.34
108.06306372847 -32.84802608293 0.0248 0.0261 131.5022 "" "" 5603367961049807488 744.792786 1.3042 0.031 -4.166 11.688 0.035 0.035 1.054 4514.6 4.4619 15.903688 1.297078 16.283092 14.986014 "" "" 730.854736 759.465576 8193.53695 5.7157 4189.7 69.055 8030.7 122.73 "" "" 0.0028575227562200743 0.01811141 0.017017849 0.035129257 108.06306372847 -32.84802608293 744.792786 -4.166000000000001 11.688000000000002
109.76518694464 -29.09365988832 0.0214 0.0268 114.1609 "" "" 5606528301075261440 742.544678 1.3124 0.0314 1.504 8.61 0.027 0.033 1.012 4655.2 4.555 15.904862 1.270323 16.46901 15.198687 "" "" 725.445862 761.319275 8184.67804 2.7906 3530.3 11.695 6602.1 10.081 "" "" 0.0027800768485772924 0.004552122 0.004127009 0.008679131 109.76518694464 -29.09365988832 742.544678 1.5040000000000002 8.61
106.57368497181 -30.52849541251 0.2063 0.2326 104.9086 "" "" 5604689161712856960 607.741638 1.778 0.2819 -4.882 5.842 0.291 0.303 8.498 6909.6 4.2932 15.905524 0.724779 16.119654 15.394875 "" "" 517.441589 700.075439 8179.69336 22.641 4870.3 11.533 5510.7 10.46 "" "" 0.0040771819167361445 0.0037941216 0.0043047513 0.008098872 106.57368497181 -30.52849541251 607.741638 -4.882000000000001 5.842
108.01831804967 -28.65885569405 0.0202 0.026 126.3102 "" "" 5609422868510766976 774.688171 1.2529 0.0306 -2.772 0.42 0.027 0.035 0.984 4627.4 4.4652 15.907474 1.345583 16.515615 15.170032 "" "" 758.508667 790.431274 8165.01525 2.7056 3382.0 10.447 6778.7 15.747 "" "" 0.0027787096641805073 0.0043627154 0.004543689 0.0089064045 108.01831804967 -28.65885569405 774.688171 -2.772 0.42000000000000004
109.74536906517 -32.46587532669 0.0269 0.0336 120.9823 "" "" 5604744068576455552 752.317993 1.2914 0.0377 1.491 -11.57 0.035 0.043 1.201 4537.9 4.5194 15.908185 1.386935 16.535711 15.148776 "" "" 735.205872 772.744446 8159.67127 3.1 3320.0 10.616 6912.7 10.332 "" "" 0.0027860253634520676 0.0044539897 0.0041130474 0.008567037 109.74536906517 -32.46587532669 752.317993 1.491 -11.57
107.49816462316 -32.39537337557 0.0249 0.0314 115.9768 "" "" 5603449565431693184 533.968323 1.8354 0.0353 1.125 -3.733 0.033 0.041 1.214 4225.7 4.4233 15.908303 1.757567 16.760645 15.003078 "" "" 521.967163 545.403259 8158.78303 3.1047 2698.7 7.6406 7905.5 14.151 "" "" 0.002786124696926894 0.004151413 0.004249809 0.0084012225 107.49816462316 -32.39537337557 533.968323 1.125 -3.733
107.42904566411 -29.4218941421 0.0205 0.0258 97.8771 "" "" 5609277939132457728 719.588684 1.3563 0.0311 0.664 -5.304 0.027 0.032 0.988 4540.3 4.4207 15.908926 1.321643 16.500069 15.178426 "" "" 707.233704 733.856689 8154.10639 2.5493 3430.8 9.1098 6726.5 8.5234 "" "" 0.002776150575266662 0.0040120413 0.004022001 0.008034042 107.42904566411 -29.4218941421 719.588684 0.664 -5.304
109.87315770749 -29.58707339374 0.0211 0.0263 94.2518 "" "" 5606434430267591936 734.455383 1.3312 0.0321 -2.509 -1.502 0.029 0.035 0.961 4728.6 4.6188 15.911086 1.240196 16.458094 15.217897 "" "" 719.082825 750.105835 8137.89609 2.5315 3566.0 8.6666 6486.3 9.1795 "" "" 0.0027759433899025463 0.0038402916 0.0040797926 0.0079200845 109.87315770749 -29.58707339374 734.455383 -2.509 -1.5020000000000002
109.99173011048 -31.92926368789 0.1881 0.2019 102.629 "" "" 5604796359800119040 575.329407 1.7886 0.2537 -5.467 2.918 0.244 0.249 9.713 4521.5 4.3288 15.913504 1.643708 16.580194 14.936486 "" "" 488.294464 681.328308 8119.79829 22.496 3186.7 19.807 8405.5 26.701 "" "" 0.004079231017607517 0.007302476 0.0051165475 0.012419024 109.99173011048 -31.92926368789 575.329407 -5.467 2.9179999999999997
109.48839727275 -28.89642012094 0.0202 0.0247 117.9761 "" "" 5606549569753443584 664.59613 1.4674 0.0305 -4.894 7.659 0.026 0.033 1.009 4355.4 4.5215 15.913877 1.405345 16.55087 15.145526 "" "" 652.023315 678.931152 8117.013 2.7766 3273.9 7.0064 6933.4 9.2486 "" "" 0.002780238662605992 0.0036309748 0.0040473766 0.0076783514 109.48839727275 -28.89642012094 664.59613 -4.894 7.659000000000001
106.94351235554 -31.62002332458 0.0231 0.0277 101.0692 "" "" 5604301205907282944 767.704651 1.2626 0.0322 -2.667 3.64 0.033 0.036 1.076 4634.7 4.5423 15.913918 1.3205 16.505836 15.185336 "" "" 749.512329 788.616272 8116.69592 2.8077 3412.6 12.797 6683.8 10.982 "" "" 0.0027807994113725823 0.004935747 0.0041792584 0.009115005 106.94351235554 -31.62002332458 767.704651 -2.667 3.64
107.9684898199 -31.33385891328 0.0568 0.0748 49.6882 "" "" 5604369650505927168 622.631775 1.581 0.0805 -10.79 -11.049 0.078 0.107 2.633 4359.7 4.6351 15.914967 1.470404 16.564806 15.094402 "" "" 597.606689 662.506775 8108.86604 7.0811 3232.2 8.0346 7267.7 13.263 "" "" 0.0029138852956385325 0.0038819106 0.0042672725 0.008149183 107.9684898199 -31.33385891328 622.631775 -10.790000000000001 -11.049
110.53036663431 -30.30868402914 0.0213 0.0256 102.8022 "" "" 5605589902258663552 664.862549 1.4694 0.0319 -3.244 -2.61 0.029 0.033 1.002 4521.7 4.5291 15.915886 1.419612 16.563253 15.143641 "" "" 649.481079 679.208618 8102.00226 2.7316 3236.8 8.3566 6945.5 11.471 "" "" 0.0027795300574322535 0.003955047 0.004183204 0.008138251 110.53036663431 -30.30868402914 664.862549 -3.244 -2.61
108.44972497573 -31.80944273669 0.0224 0.0264 66.7744 "" "" 5603579170365205760 765.7901 1.2677 0.03 -2.19 5.445 0.029 0.032 0.967 4753.2 4.5493 15.916431 1.209415 16.425293 15.215879 "" "" 750.330994 782.943848 8097.9342 3.026 3675.4 14.281 6498.4 15.4 "" "" 0.00278503006869993 0.0050579095 0.004572091 0.00963 108.44972497573 -31.80944273669 765.7901 -2.19 5.445000000000001
107.99775455882 -28.76365270159 0.0198 0.0254 120.4809 "" "" 5609413385223026816 709.444214 1.3702 0.0298 0.838 -3.432 0.026 0.032 1.01 4496.2 4.5463 15.918161 1.365053 16.536005 15.170952 "" "" 696.855286 723.990784 8085.03817 2.776 3319.1 8.9438 6772.9 10.168 "" "" 0.00278042445343333 0.004042848 0.004115896 0.008158743 107.99775455882 -28.76365270159 709.444214 0.838 -3.4320000000000004
110.84865690816 -31.74684474136 0.025 0.0289 131.4749 "" "" 5592895422042273792 682.394958 1.4266 0.0329 -9.218 7.066 0.035 0.037 0.989 4573.8 4.6323 15.918533 1.335616 16.518526 15.18291 "" "" 670.224548 696.400024 8082.27167 3.9099 3372.9 10.232 6698.8 16.079 "" "" 0.002804935792212917 0.0043166396 0.004590788 0.008907428 110.84865690816 -31.74684474136 682.394958 -9.218 7.066
108.97246510315 -32.5791339038 0.0219 0.0252 114.1754 "" "" 5603294087616451584 727.753174 1.3427 0.0295 -3.578 3.405 0.029 0.033 0.962 4144.5 4.3874 15.920036 1.614761 16.684261 15.0695 "" "" 715.725342 741.847656 8071.0901 9.1584 2895.4 12.295 7436.3 20.069 "" "" 0.003018214745342732 0.0053890063 0.004782221 0.010171227 108.97246510315 -32.5791339038 727.753174 -3.578 3.4050000000000002
106.51134999297 -31.56192620133 0.0219 0.0268 118.7687 "" "" 5604488565261669248 629.706543 1.5557 0.031 13.369 -19.081 0.031 0.034 1.031 4481.6 4.5884 15.920258 1.558734 16.649673 15.090939 "" "" 615.157166 640.318848 8069.44864 2.8948 2989.1 10.291 7290.9 13.697 "" "" 0.0027827133762661303 0.004664529 0.004294665 0.008959195 106.51134999297 -31.56192620133 629.706543 13.369 -19.081000000000003
107.71091713752 -32.40012392963 0.0226 0.0244 111.3849 "" "" 5603442178089158784 560.416077 1.7434 0.0294 0.834 5.136 0.032 0.032 0.97 4444.9 4.5899 15.92039 1.49496 16.61452 15.119559 "" "" 551.974304 569.060791 8068.46253 3.0722 3087.5 9.8417 7101.2 11.986 "" "" 0.002786162025537756 0.0044455356 0.004200254 0.00864579 107.71091713752 -32.40012392963 560.416077 0.8339999999999997 5.136
107.91908679721 -31.80071765434 0.0227 0.027 74.4084 "" "" 5603568175249165696 642.345093 1.5218 0.0312 -3.927 3.828 0.032 0.034 0.983 4244.6 4.3701 15.921194 1.668111 16.705214 15.037103 "" "" 630.873535 652.791199 8062.49148 9.6824 2840.1 14.352 7661.6 35.848 "" "" 0.003048261087513303 0.0061553065 0.0063317334 0.01248704 107.91908679721 -31.80071765434 642.345093 -3.927 3.8280000000000003
