Clusters/Collinder_132/Collinder_132_members.tsv
# %ECSV 1.0
# ---
# datatype:
# - name: RA_ICRS_1
#   unit: deg
#   datatype: float64
#   format: '{:15.11f}'
#   description: Right ascension (ICRS) at Ep=2016.0 (ra)
#   meta: !!omap
#   - {ucd: POS_EQ_RA_MAIN}
#   - {width: 15}
#   - {precision: '11'}
# - name: DE_ICRS_1
#   unit: deg
#   datatype: float64
#   format: '{:15.11f}'
#   description: Declination (ICRS) at Ep=2016.0 (dec)
#   meta: !!omap
#   - {ucd: POS_EQ_DEC_MAIN}
#   - {width: 15}
#   - {precision: '11'}
# - name: e_RA_ICRS
#   unit: mas
#   datatype: float64
#   format: '{:7.4f}'
#   description: Standard error of right ascension (ra_error)
#   meta: !!omap
#   - {ucd: ERROR}
#   - {width: 7}
#   - {precision: '4'}
# - name: e_DE_ICRS
#   unit: mas
#   datatype: float64
#   format: '{:7.4f}'
#   description: Standard error of declination (dec_error)
#   meta: !!omap
#   - {ucd: ERROR}
#   - {width: 7}
#   - {precision: '4'}
# - name: _r_1
#   unit: ''
#   datatype: float64
#   format: '{:8.4f}'
#   description: Distance from center (108.59520599000-30.70350605000)[ICRS], at Epoch=J2016.0
#   meta: !!omap
#   - {ucd: POS_ANG_DIST_GENERAL}
#   - {width: 8}
#   - {precision: '4'}
# - name: HIP
#   datatype: int32
#   description: '? HIP cross-id number, van Leeuwen, Cat. I/311 (hip_original_ext_source_id)'
#   meta: !!omap
#   - {ucd: ID_NUMBER}
#   - {width: 6}
#   - values: {'null': -2147483648}
# - name: TYC2
#   datatype: string
#   description: Tycho-2 cross-id name, Hog et al., Cat. I/259 (tyc2_original_ext_source_id)
#   meta: !!omap
#   - {ucd: ID_CROSSID}
#   - {_votable_string_dtype: char}
# - name: Source
#   datatype: int64
#   description: Source identifier, identical to the Gaia-EDR3 source_id (id)
#   meta: !!omap
#   - {ucd: ID_MAIN}
#   - {width: 19}
# - name: rgeo
#   unit: pc
#   datatype: float64
#   format: '{:15.8f}'
#   description: '? Median of the geometric distance posterior (r_med_geo)'
#   meta: !!omap
#   - {ucd: PHYS_DISTANCE_TRUE}
#   - {width: 15}
#   - {precision: '8'}
#   - values: {'null': .nan}
# - name: Plx
#   unit: mas
#   datatype: float64
#   format: '{:9.4f}'
#   description: '? Parallax (parallax)'
#   meta: !!omap
#   - {ucd: POS_PARLX_TRIG}
#   - {width: 9}
#   - {precision: '4'}
#   - values: {'null': .nan}
# - name: e_Plx
#   unit: mas
#   datatype: float32
#   format: '{:7.4f}'
#   description: '? Standard error of parallax (parallax_error)'
#   meta: !!omap
#   - {ucd: ERROR}
#   - {width: 7}
#   - {precision: '4'}
#   - values: {'null': .nan}
# - name: pmRA
#   unit: mas / yr
#   datatype: float64
#   format: '{:9.3f}'
#   description: '? Proper motion in right ascension direction, pmRA*cosDE (pmra)'
#   meta: !!omap
#   - {ucd: POS_EQ_PMRA}
#   - {width: 9}
#   - {precision: '3'}
#   - values: {'null': .nan}
# - name: pmDE
#   unit: mas / yr
#   datatype: float64
#   format: '{:9.3f}'
#   description: '? Proper motion in declination direction (pmdec)'
#   meta: !!omap
#   - {ucd: POS_EQ_PMDEC}
#   - {width: 9}
#   - {precision: '3'}
#   - values: {'null': .nan}
# - name: e_pmRA
#   unit: mas / yr
#   datatype: float32
#   format: '{:6.3f}'
#   description: '? Standard error of proper motion in right ascension direction (pmra_error)'
#   meta: !!omap
#   - {ucd: ERROR}
#   - {width: 6}
#   - {precision: '3'}
#   - values: {'null': .nan}
# - name: e_pmDE
[...]
#         unit: &id001 !astropy.units.Unit {unit: deg}
#         value: !astropy.table.SerializedColumn {name: SkyCoord.dec}
#       distance: !astropy.table.SerializedColumn
#         __class__: astropy.coordinates.distances.Distance
#         unit: !astropy.units.Unit {unit: pc}
#         value: !astropy.table.SerializedColumn {name: SkyCoord.distance}
#       frame: icrs
#       obstime: !astropy.time.Time {format: jyear_str, in_subfmt: '*', jd1: 367701545.0, jd2: 0.0, out_subfmt: '*', precision: 3, scale: tt}
#       pm_dec: !astropy.table.SerializedColumn
#         __class__: astropy.units.quantity.Quantity
#         unit: !astropy.units.Unit {unit: mas / yr}
#         value: !astropy.table.SerializedColumn {name: SkyCoord.pm_dec}
#       pm_ra_cosdec: !astropy.table.SerializedColumn
#         __class__: astropy.units.quantity.Quantity
#         unit: !astropy.units.Unit {unit: mas / yr}
#         value: !astropy.table.SerializedColumn {name: SkyCoord.pm_ra_cosdec}
#       ra: !astropy.table.SerializedColumn
#         __class__: astropy.coordinates.angles.Longitude
#         unit: *id001
#         value: !astropy.table.SerializedColumn {name: SkyCoord.ra}
#         wrap_angle: !astropy.coordinates.Angle
#           unit: *id001
#           value: 360.0
#       representation_type: spherical
# schema: astropy-2.0
RA_ICRS_1 DE_ICRS_1 e_RA_ICRS e_DE_ICRS _r_1 HIP TYC2 Source rgeo Plx e_Plx pmRA pmDE e_pmRA e_pmDE RUWE Teff logg Gmag BP-RP BPmag RPmag RV e_RV b_rgeo B_rgeo FG e_FG FBP e_FBP FRP e_FRP RAVE5 RAVE6 e_Gmag e_BPmag e_RPmag e_BP-RP SkyCoord.ra SkyCoord.dec SkyCoord.distance SkyCoord.pm_ra_cosdec SkyCoord.pm_dec Pmemb
[from data line 40]
108.19591996399 -30.85766605254 0.0197 0.026 22.5652 "" "" 5605888076065449728 619.301514 1.5776 0.0296 -4.102 3.801 0.027 0.031 1.036 4147.3 4.3984 15.747815 1.593585 16.492197 14.898612 "" "" 608.273132 629.972046 9458.46801 17.871 3455.7 23.745 8703.9 43.392 "" "" 0.003435123013279892 0.007965061 0.006601657 0.014566718 108.19591996399 -30.85766605254 619.301514 -4.102 3.801 1.0
108.81758320673 -28.66553719392 0.0192 0.0251 122.8262 "" "" 5606781085669536512 658.188416 1.4843 0.0285 -4.22 3.594 0.024 0.029 0.949 "" "" 15.798523 1.595927 16.542458 14.94653 "" "" 648.479858 670.248657 9026.87947 6.8238 3299.4 16.384 8328.1 19.39 "" "" 0.0028749654504606464 0.00607069 0.0045468556 0.010617546 108.81758320673 -28.66553719392 658.188416 -4.22 3.5940000000000003 0.8
108.30999473267 -30.20662028332 0.021 0.0253 33.263 "" "" 5605989471655441408 662.416565 1.4681 0.0295 -3.978 3.674 0.027 0.032 0.995 4179.4 4.3394 15.866399 1.61973 16.63196 15.01223 "" "" 651.292542 675.461853 8479.83475 9.2527 3038.3 16.649 7839.1 24.112 "" "" 0.0029992139195850367 0.0065712873 0.0050434605 0.011614747 108.30999473267 -30.20662028332 662.416565 -3.977999999999999 3.674000000000001 1.0
107.94845571632 -29.18493445505 0.0212 0.0245 97.1201 "" "" 5606376465388648704 653.362427 1.4911 0.0297 -4.016 3.686 0.028 0.031 1.092 4273.9 4.3762 15.881558 1.644667 16.658222 15.013556 "" "" 642.398254 666.194458 8362.2516 7.4642 2965.7 11.659 7829.5 20.757 "" "" 0.0029207896688228127 0.0050993846 0.00475069 0.009850075 107.94845571632 -29.18493445505 653.362427 -4.016 3.686000000000001 0.8
107.91908679721 -31.80071765434 0.0227 0.027 74.4084 "" "" 5603568175249165696 642.345093 1.5218 0.0312 -3.927 3.828 0.032 0.034 0.983 4244.6 4.3701 15.921194 1.668111 16.705214 15.037103 "" "" 630.873535 652.791199 8062.49148 9.6824 2840.1 14.352 7661.6 35.848 "" "" 0.003048261087513303 0.0061553065 0.0063317334 0.01248704 107.91908679721 -31.80071765434 642.345093 -3.9270000000000005 3.828000000000001 0.9
107.79297964235 -29.16537494462 0.0264 0.0318 101.2757 "" "" 5606380176240469376 648.391968 1.5183 0.0374 -4.065 3.673 0.035 0.038 1.044 4207.4 4.4034 16.136341 1.792889 17.003717 15.210829 "" "" 630.686096 664.661072 6613.17589 5.8025 2157.4 9.6674 6528.7 14.175 "" "" 0.00291535841832772 0.005608521 0.004454294 0.010062816 107.79297964235 -29.16537494462 648.391968 -4.0649999999999995 3.673 0.9
109.05409496647 -31.69483724818 0.0266 0.0324 63.9725 "" "" 5605026363884237824 646.75 1.5168 0.0388 -4.19 3.65 0.037 0.041 0.943 4070.6 4.3236 16.169136 1.758425 17.001282 15.242857 "" "" 630.103027 663.739258 6416.40917 20.276 2162.2 39.786 6338.9 52.908 "" "" 0.004400365202774947 0.020172205 0.009818681 0.029990885 109.05409496647 -31.69483724818 646.75 -4.19 3.65 0.9
108.2773481153 -29.40036056592 0.0253 0.0308 79.9122 "" "" 5606312109597327744 647.775757 1.5158 0.0381 -4.179 3.669 0.033 0.041 0.996 "" "" 16.185314 1.770984 17.041952 15.270968 "" "" 631.81189 661.877686 6321.51827 7.5931 2082.7 16.265 6176.9 17.975 "" "" 0.0030483689836292888 0.008926411 0.00492609 0.013852501 108.2773481153 -29.40036056592 647.775757 -4.179 3.6690000000000023 1.0
107.90151379406 -30.29958023101 0.0268 0.0326 43.2829 "" "" 5606172643418529024 653.52533 1.4993 0.0406 -3.996 3.769 0.036 0.038 1.026 3956.2 4.3224 16.319683 1.843188 17.214096 15.370908 "" "" 637.022522 670.206055 5585.64421 6.0767 1777.4 12.828 5633.7 19.812 "" "" 0.002997831424483445 0.00831799 0.005372373 0.013690364 107.90151379406 -30.29958023101 653.52533 -3.9960000000000013 3.769000000000002 0.8
108.51676429483 -30.97414771925 0.0293 0.0348 16.7338 "" "" 5605871617750812672 608.210388 1.6124 0.0413 -4.032 3.752 0.039 0.041 0.986 3683.4 4.0983 16.410168 2.229235 17.564512 15.335278 "" "" 593.607788 623.441162 5139.00942 2.5505 1287.1 10.716 5821.7 10.731 "" "" 0.002807517023084593 0.0094603235 0.004276561 0.013736885 108.51676429483 -30.97414771925 608.210388 -4.032 3.752 0.9
109.53036102886 -32.19066460134 0.0291 0.0384 101.257 "" "" 5604809730038079616 699.017822 1.4091 0.0428 -3.977 3.431 0.037 0.05 1.028 4184.3 4.3762 16.441471 1.802957 17.320856 15.5179 "" "" 676.557556 723.326233 4992.96633 4.6593 1610.9 8.7876 4920.4 15.713 "" "" 0.0029356978247426424 0.0065470934 0.005128882 0.011675975 109.53036102886 -32.19066460134 699.017822 -3.977 3.431 0.8
108.38014025346 -31.27633025288 0.0355 0.041 36.1057 "" "" 5605857873855620992 610.432434 1.6092 0.0501 -4.421 4.01 0.046 0.05 1.015 3668.3 4.3837 16.806389 2.229626 17.960712 15.731087 "" "" 592.192261 628.781677 3567.72497 4.4692 893.58 10.639 4043.2 12.781 "" "" 0.0030727174237673285 0.0132245105 0.0051052184 0.018329728 108.38014025346 -31.27633025288 610.432434 -4.4209999999999985 4.01 0.9
108.12081257569 -30.67466796582 0.0376 0.0445 24.5383 "" "" 5605941436740503296 666.900085 1.4997 0.0545 -3.948 3.576 0.05 0.053 0.956 3814.5 4.359 16.973743 2.150619 18.080051 15.929432 "" "" 638.691162 698.4823 3058.08182 4.1086 800.56 10.749 3368.1 11.072 "" "" 0.0031176313408065775 0.0148426285 0.0051983255 0.020040954 108.12081257569 -30.67466796582 666.900085 -3.9480000000000004 3.576 1.0
107.55912738797 -29.53000193304 0.0361 0.0491 88.594 "" "" 5606271015348466432 661.696533 1.4963 0.0564 -3.799 3.578 0.05 0.061 1.028 3727.9 4.3674 16.990023 2.209881 18.136656 15.926775 "" "" 642.332153 680.496948 3012.57599 3.6084 759.9 8.1174 3376.4 11.175 "" "" 0.0030468043153853873 0.011928943 0.005215073 0.017144017 107.55912738797 -29.53000193304 661.696533 -3.799000000000001 3.578000000000001 0.8
108.90653289148 -31.41124040393 0.0394 0.0504 45.379 "" "" 5605093026080664320 645.563232 1.5359 0.0569 -4.163 3.688 0.052 0.062 1.04 3690.9 4.3173 16.999332 2.236348 18.170565 15.934216 "" "" 621.825256 674.685791 2986.8536 4.6948 736.53 7.4911 3353.3 13.759 "" "" 0.003241020716908731 0.011389846 0.0058420827 0.017231928 108.90653289148 -31.41124040393 645.563232 -4.163 3.6879999999999993 0.9
