Clusters/Collinder_132/Collinder_132_members.tsv
# %ECSV 1.0
# ---
# datatype:
# - name: RA_ICRS_1
#   unit: deg
#   datatype: float64
#   format: '{:15.11f}'
#   description: Right ascension (ICRS) at Ep=2016.0 (ra)
#   meta: !!omap
#   - {ucd: POS_EQ_RA_MAIN}
#   - {width: 15}
#   - {precision: '11'}
# - name: DE_ICRS_1
#   unit: deg
#   datatype: float64
#   format: '{:15.11f}'
#   description: Declination (ICRS) at Ep=2016.0 (dec)
#   meta: !!omap
#   - {ucd: POS_EQ_DEC_MAIN}
#   - {width: 15}
#   - {precision: '11'}
# - name: e_RA_ICRS
#   unit: mas
#   datatype: float64
#   format: '{:7.4f}'
#   description: Standard error of right ascension (ra_error)
#   meta: !!omap
#   - {ucd: ERROR}
#   - {width: 7}
#   - {precision: '4'}
# - name: e_DE_ICRS
#   unit: mas
#   datatype: float64
#   format: '{:7.4f}'
#   description: Standard error of declination (dec_error)
#   meta: !!omap
#   - {ucd: ERROR}
#   - {width: 7}
#   - {precision: '4'}
# - name: _r_1
#   unit: ''
#   datatype: float64
#   format: '{:8.4f}'
#   description: Distance from center (108.59520599000-30.70350605000)[ICRS], at Epoch=J2016.0
#   meta: !!omap
#   - {ucd: POS_ANG_DIST_GENERAL}
#   - {width: 8}
#   - {precision: '4'}
# - name: HIP
#   datatype: int32
#   description: '? HIP cross-id number, van Leeuwen, Cat. I/311 (hip_original_ext_source_id)'
#   meta: !!omap
#   - {ucd: ID_NUMBER}
#   - {width: 6}
#   - values: {'null': -2147483648}
# - name: TYC2
#   datatype: string
#   description: Tycho-2 cross-id name, Hog et al., Cat. I/259 (tyc2_original_ext_source_id)
#   meta: !!omap
#   - {ucd: ID_CROSSID}
#   - {_votable_string_dtype: char}
# - name: Source
#   datatype: int64
#   description: Source identifier, identical to the Gaia-EDR3 source_id (id)
#   meta: !!omap
#   - {ucd: ID_MAIN}
#   - {width: 19}
# - name: rgeo
#   unit: pc
#   datatype: float64
#   format: '{:15.8f}'
#   description: '? Median of the geometric distance posterior (r_med_geo)'
#   meta: !!omap
#   - {ucd: PHYS_DISTANCE_TRUE}
#   - {width: 15}
#   - {precision: '8'}
#   - values: {'null': .nan}
# - name: Plx
#   unit: mas
#   datatype: float64
#   format: '{:9.4f}'
#   description: '? Parallax (parallax)'
#   meta: !!omap
#   - {ucd: POS_PARLX_TRIG}
#   - {width: 9}
#   - {precision: '4'}
#   - values: {'null': .nan}
# - name: e_Plx
#   unit: mas
#   datatype: float32
#   format: '{:7.4f}'
#   description: '? Standard error of parallax (parallax_error)'
#   meta: !!omap
#   - {ucd: ERROR}
#   - {width: 7}
#   - {precision: '4'}
#   - values: {'null': .nan}
# - name: pmRA
#   unit: mas / yr
#   datatype: float64
#   format: '{:9.3f}'
#   description: '? Proper motion in right ascension direction, pmRA*cosDE (pmra)'
#   meta: !!omap
#   - {ucd: POS_EQ_PMRA}
#   - {width: 9}
#   - {precision: '3'}
#   - values: {'null': .nan}
# - name: pmDE
#   unit: mas / yr
#   datatype: float64
#   format: '{:9.3f}'
#   description: '? Proper motion in declination direction (pmdec)'
#   meta: !!omap
#   - {ucd: POS_EQ_PMDEC}
#   - {width: 9}
#   - {precision: '3'}
#   - values: {'null': .nan}
# - name: e_pmRA
#   unit: mas / yr
#   datatype: float32
#   format: '{:6.3f}'
#   description: '? Standard error of proper motion in right ascension direction (pmra_error)'
#   meta: !!omap
#   - {ucd: ERROR}
#   - {width: 6}
#   - {precision: '3'}
#   - values: {'null': .nan}
# - name: e_pmDE
[...]
#         unit: &id001 !astropy.units.Unit {unit: deg}
#         value: !astropy.table.SerializedColumn {name: SkyCoord.dec}
#       distance: !astropy.table.SerializedColumn
#         __class__: astropy.coordinates.distances.Distance
#         unit: !astropy.units.Unit {unit: pc}
#         value: !astropy.table.SerializedColumn {name: SkyCoord.distance}
#       frame: icrs
#       obstime: !astropy.time.Time {format: jyear_str, in_subfmt: '*', jd1: 367701545.0, jd2: 0.0, out_subfmt: '*', precision: 3, scale: tt}
#       pm_dec: !astropy.table.SerializedColumn
#         __class__: astropy.units.quantity.Quantity
#         unit: !astropy.units.Unit {unit: mas / yr}
#         value: !astropy.table.SerializedColumn {name: SkyCoord.pm_dec}
#       pm_ra_cosdec: !astropy.table.SerializedColumn
#         __class__: astropy.units.quantity.Quantity
#         unit: !astropy.units.Unit {unit: mas / yr}
#         value: !astropy.table.SerializedColumn {name: SkyCoord.pm_ra_cosdec}
#       ra: !astropy.table.SerializedColumn
#         __class__: astropy.coordinates.angles.Longitude
#         unit: *id001
#         value: !astropy.table.SerializedColumn {name: SkyCoord.ra}
#         wrap_angle: !astropy.coordinates.Angle
#           unit: *id001
#           value: 360.0
#       representation_type: spherical
# schema: astropy-2.0
RA_ICRS_1 DE_ICRS_1 e_RA_ICRS e_DE_ICRS _r_1 HIP TYC2 Source rgeo Plx e_Plx pmRA pmDE e_pmRA e_pmDE RUWE Teff logg Gmag BP-RP BPmag RPmag RV e_RV b_rgeo B_rgeo FG e_FG FBP e_FBP FRP e_FRP RAVE5 RAVE6 e_Gmag e_BPmag e_RPmag e_BP-RP SkyCoord.ra SkyCoord.dec SkyCoord.distance SkyCoord.pm_ra_cosdec SkyCoord.pm_dec Pmemb
108.53583341628 -29.92941183806 0.0163 0.0207 46.5473 34968 6536-2069-1 5606088663915514624 684.139893 1.4481 0.0237 -4.03 3.729 0.022 0.027 1.001 12432.6 3.8052 8.974101 -0.084932 8.933966 9.018898 23.6 4.91 674.481262 694.575867 4845141.70653 1302.2 3646100.0 1657.7 1957000.0 627.21 "" "" 0.002770729262717339 0.0028334993 0.0037953672 0.0066288663 108.53583341628 -29.92941183806 684.139893 -4.0299999999999985 3.729 0.8
107.29621492998 -30.01918313754 0.0147 0.0187 78.793 "" 7090-162-1 5606221159368695296 618.083374 1.6077 0.0227 -4.108 3.725 0.019 0.023 1.036 11540.4 3.8889 9.232066 -0.043173 9.207994 9.251166 17.04 3.65 608.200073 626.659241 3820499.9971 1044.0 2832800.0 1743.6 1580100.0 762.38 "" "" 0.0027712479218099132 0.0028690835 0.0038155145 0.006684598 107.29621492998 -30.01918313754 618.083374 -4.108 3.7249999999999996 0.8
109.42274644541 -31.9991890617 0.0139 0.0163 88.5522 "" 7107-1534-1 5604828692309107712 639.87677 1.551 0.0199 -4.244 3.813 0.019 0.023 0.856 10522.5 4.1611 10.327158 -0.02854 10.312435 10.340975 26.22 1.16 632.398132 647.306091 1393424.31135 293.2 1024300.0 372.17 579120.0 184.04 "" "" 0.0027647752369825444 0.00281792 0.0037950994 0.0066130194 109.42274644541 -31.9991890617 639.87677 -4.243999999999999 3.813 1.0
108.15572023761 -30.48800724187 0.0082 0.0095 26.1224 "" 7103-1231-1 5605967202239934208 585.197083 1.6931 0.0113 -3.911 3.889 0.011 0.012 0.832 7424.8 3.6885 10.408026 0.525009 10.598539 10.07353 19.05 0.48 581.336243 588.400391 1293410.74802 235.95 787050.0 267.52 740880.0 132.48 "" "" 0.0027624299379517044 0.00281447 0.003784365 0.006598835 108.15572023761 -30.48800724187 585.197083 -3.9109999999999996 3.8890000000000002 0.8
107.74045891703 -30.32093733434 0.0139 0.0162 49.7896 "" 7090-2081-1 5606152573028420480 642.049805 1.5465 0.0199 -4.111 3.815 0.019 0.021 1.065 10305.9 4.1325 10.468718 -0.014429 10.458384 10.472813 14.43 6.11 632.59082 651.906311 1223093.76893 271.76 895500.0 318.06 512900.0 120.17 "" "" 0.0027658608691814 0.0028166925 0.0037879332 0.006604626 107.74045891703 -30.32093733434 642.049805 -4.111 3.815 0.8
108.15131090843 -30.43751371684 0.0131 0.0154 27.9387 "" 7103-193-1 5605979438611959936 721.313843 1.3751 0.0183 -3.748 3.398 0.018 0.019 0.932 10072.8 4.038 10.539582 -0.006713 10.533092 10.539804 22.56 7.71 709.953552 731.310242 1145813.51636 244.07 835950.0 351.09 482210.0 155.71 "" "" 0.0027650093250041583 0.0028271864 0.0037956084 0.006622795 108.15131090843 -30.43751371684 721.313843 -3.748 3.3980000000000006 0.9
109.09984539187 -31.80777370572 0.0136 0.0164 71.1322 "" 7103-1958-1 5605021592183243648 625.498291 1.5558 0.0191 -4.131 3.761 0.018 0.02 1.211 9212.3 4.3705 11.497004 0.261564 11.58907 11.327506 19.02 5.96 618.813293 631.901489 474400.5728 188.97 316070.0 180.44 233430.0 114.25 "" "" 0.002789056019253036 0.0028581882 0.003816558 0.006674746 109.09984539187 -31.80777370572 625.498291 -4.131 3.7609999999999992 1.0
109.16737165465 -32.65177247947 0.0098 0.0122 120.4908 "" 7107-1395-1 5603243063404870528 695.272949 1.4012 0.0138 -3.754 3.536 0.013 0.016 0.974 6885.9 4.025 11.658522 0.516372 11.849755 11.333384 32.64 3.56 689.322937 701.039062 408825.66531 149.11 248610.0 248.23 232170.0 167.47 "" "" 0.0027836313996469804 0.002993371 0.0038596736 0.006853045 109.16737165465 -32.65177247947 695.272949 -3.7539999999999996 3.535999999999998 0.8
108.59961414946 -30.94522115123 0.0082 0.011 14.5047 "" 7103-2634-1 5605892126214345088 601.877808 1.6164 0.0122 -4.165 3.805 0.011 0.013 0.961 7664.9 4.2585 11.795042 0.376592 11.931376 11.554785 29.43 4.09 597.389709 605.964905 360520.51384 115.15 230600.0 176.74 189340.0 107.37 "" "" 0.0027770574564543486 0.0029116175 0.0038292045 0.006740822 108.59961414946 -30.94522115123 601.877808 -4.164999999999998 3.805 0.9
108.3908709717 -29.91450550555 0.0091 0.0111 48.5088 "" 6536-1963-1 5606092306047781120 590.433716 1.649 0.0133 -4.415 3.921 0.012 0.015 1.023 "" "" 11.802919 0.401344 11.947446 11.546102 21.24 3.21 586.592651 595.443665 357914.28463 68.898 227220.0 114.24 190860.0 56.632 "" "" 0.0027632357002799124 0.0028430673 0.0037930876 0.006636155 108.3908709717 -29.91450550555 590.433716 -4.415 3.9209999999999994 0.8
109.50855856058 -32.46473428407 0.0097 0.0125 115.5245 "" 7107-914-1 5604749463055480704 627.095886 1.5505 0.0137 -4.198 3.805 0.013 0.017 1.019 7746.1 4.2335 11.803415 0.370128 11.935699 11.565572 29.28 3.18 621.515015 633.475647 357750.70362 94.291 229690.0 153.41 187470.0 99.994 "" "" 0.0027701405877036955 0.0028828648 0.0038234936 0.0067063584 109.50855856058 -32.46473428407 627.095886 -4.198000000000001 3.805 0.9
109.41926572778 -31.92006731508 0.0083 0.0107 84.3346 "" "" 5604829212009483136 690.498657 1.4192 0.0121 -3.676 3.544 0.011 0.015 0.996 7227.2 4.259 12.271114 0.462324 12.440216 11.977892 31.87 1.91 683.859375 696.175415 232541.71833 192.54 144320.0 424.4 128230.0 231.63 "" "" 0.002898263867478064 0.0042401752 0.0042579533 0.0084981285 109.41926572778 -31.92006731508 690.498657 -3.676 3.5440000000000005 0.9
108.91658496388 -32.1688474877 0.0069 0.0089 89.4464 "" "" 5603321639824524160 604.919678 1.6244 0.0099 -4.045 3.948 0.009 0.01 0.956 6747.4 4.2693 12.362919 0.570537 12.572416 12.00188 26.43 2.51 601.837402 608.397766 213687.53709 40.514 127780.0 57.56 125430.0 47.56 "" "" 0.0027629990050249743 0.0028327107 0.003801738 0.0066344487 108.91658496388 -32.1688474877 604.919678 -4.045 3.948000000000001 1.0
108.13371631918 -31.12580938941 0.0074 0.0095 34.7325 "" "" 5605874091652220672 612.534058 1.6073 0.0109 -4.082 3.884 0.01 0.012 0.946 6530.0 4.277 12.603363 0.615349 12.836226 12.220878 27.38 1.87 608.198792 616.484192 171238.61238 31.832 100210.0 39.025 102520.0 32.631 "" "" 0.002762702464063736 0.0028220252 0.0037951483 0.0066171736 108.13371631918 -31.12580938941 612.534058 -4.082000000000002 3.883999999999999 0.9
107.51523598547 -31.31641565895 0.0093 0.0123 66.6082 "" "" 5604414455605015040 653.869751 1.5134 0.0134 -3.89 3.73 0.012 0.015 1.267 6095.5 4.076 12.692334 0.923054 13.067247 12.144194 "" "" 648.599854 658.875549 157765.84741 119.0 81006.0 195.32 110020.0 197.76 "" "" 0.0028744514716800866 0.0038260259 0.004253525 0.008079551 107.51523598547 -31.31641565895 653.869751 -3.8899999999999992 3.729999999999999 1.0
108.44555549149 -31.98667696838 0.0098 0.0116 77.3712 "" "" 5603524194784435456 684.232117 1.4378 0.0135 -3.681 3.735 0.014 0.015 0.983 6291.2 4.2474 12.922071 0.668387 13.179087 12.510699 26.38 3.7 679.218689 691.084717 127678.58803 30.369 73077.0 46.261 78502.0 47.529 "" "" 0.002767396133113087 0.002873579 0.003836124 0.0067097032 108.44555549149 -31.98667696838 684.232117 -3.6809999999999996 3.735000000000001 0.8
109.33632873276 -30.76038323825 0.0076 0.0091 38.3747 "" "" 5605230568115014656 624.488586 1.5696 0.011 -4.436 3.708 0.01 0.012 0.965 5879.6 4.2203 13.191405 0.77509 13.497485 12.722395 18.32 5.26 618.72229 628.009033 99628.70936 78.165 54503.0 150.03 64595.0 150.94 "" "" 0.0028839904854979052 0.0040886872 0.0045519634 0.008640651 109.33632873276 -30.76038323825 624.488586 -4.436 3.708000000000001 0.8
107.54369921529 -29.55000178647 0.0099 0.0127 88.1334 "" "" 5606270603031612800 672.519958 1.4478 0.0148 -3.797 3.493 0.013 0.015 1.376 6036.9 4.176 13.197234 0.726185 13.478155 12.75197 30.29 2.88 667.040955 678.150146 99095.27333 25.582 55482.0 38.042 62859.0 43.142 "" "" 0.0027695399002633106 0.0028877766 0.0038521437 0.00673992 107.54369921529 -29.55000178647 672.519958 -3.797 3.493000000000001 1.0
108.26342647065 -30.92207930448 0.0074 0.0092 21.5474 "" "" 5605883948596612352 619.981628 1.579 0.0108 -4.288 3.806 0.01 0.011 1.025 5979.6 4.3139 13.210184 0.781096 13.519372 12.738276 27.45 2.2 615.740906 623.938965 97920.37777 30.468 53416.0 47.867 63657.0 52.65 "" "" 0.0027759533322751916 0.0029549405 0.0038846019 0.0068395426 108.26342647065 -30.92207930448 619.981628 -4.288000000000002 3.805999999999999 1.0
107.31175293296 -28.88268286021 0.008 0.0104 128.0653 "" "" 5609446645450605824 667.355408 1.4653 0.012 -3.881 3.712 0.011 0.013 0.984 6158.4 4.3187 13.261108 0.746266 13.553404 12.807137 14.07 5.83 661.244202 672.69043 93433.6826 83.936 51767.0 154.26 59745.0 141.02 "" "" 0.0029228641274438977 0.004272318 0.004566326 0.008838644 107.31175293296 -28.88268286021 667.355408 -3.8809999999999993 3.711999999999999 0.9
107.43394233187 -28.77776717746 0.0072 0.01 130.4216 "" "" 5609406444555083392 643.10144 1.5173 0.0113 -4.095 3.75 0.009 0.012 1.013 5876.4 4.33 13.373761 0.768084 13.675951 12.907867 46.72 5.68 639.036682 648.044739 84225.21482 73.744 46242.0 145.06 54452.0 123.39 "" "" 0.0029146999491571936 0.0044028843 0.004509642 0.008912526 107.43394233187 -28.77776717746 643.10144 -4.095 3.75 1.0
107.64158734807 -29.65427038365 0.0076 0.0107 80.0597 "" "" 5606257168374191872 642.577637 1.5161 0.0115 -4.173 3.792 0.01 0.014 1.087 5794.5 4.3273 13.451406 0.791741 13.765628 12.973887 29.3 3.61 638.473755 647.104431 78412.35441 69.465 42576.0 121.76 51239.0 120.56 "" "" 0.0029183793846453486 0.004174468 0.004561779 0.008736247 107.64158734807 -29.65427038365 642.577637 -4.173 3.792 0.9
107.51025593333 -29.75733113706 0.0082 0.0098 79.9133 "" "" 5606250640024006144 673.618286 1.4502 0.0119 -3.773 3.69 0.011 0.013 0.96 5776.1 4.3188 13.543942 0.796032 13.860866 13.064834 24.7 12.46 668.09314 678.372681 72006.17677 65.488 39001.0 118.18 47122.0 107.65 "" "" 0.0029269185475381304 0.004313813 0.0045206095 0.008834423 107.51025593333 -29.75733113706 673.618286 -3.7729999999999992 3.6899999999999986 0.9
108.28508508734 -29.26020054574 0.0082 0.0106 88.0852 "" "" 5606383818373564160 669.728699 1.4588 0.0126 -4.091 3.67 0.011 0.014 0.965 5711.5 4.3322 13.694657 0.88035 14.051178 13.170828 31.48 4.34 664.387634 675.152832 62673.457 99.186 32730.0 164.74 42739.0 166.89 "" "" 0.003247188880426651 0.0061359196 0.005679646 0.011815566 108.28508508734 -29.26020054574 669.728699 -4.091 3.6699999999999986 0.9
108.04428241944 -28.91081585468 0.0082 0.0109 111.3193 "" "" 5606408763543656704 717.964478 1.3538 0.0129 -3.889 3.295 0.011 0.014 0.961 6073.6 4.3893 13.725615 0.783982 14.03774 13.253757 34.18 6.49 711.534363 723.225586 60911.66504 43.594 33138.0 84.671 39596.0 88.531 "" "" 0.0028627959388641392 0.003934597 0.0044918517 0.008426448 108.04428241944 -28.91081585468 717.964478 -3.8889999999999993 3.2949999999999995 0.8
109.25578838562 -31.91766939926 0.0094 0.0113 80.3348 "" "" 5604831788989948416 571.809753 1.7135 0.0136 -4.184 4.414 0.013 0.015 0.978 5691.8 4.5034 13.859111 0.88187 14.216929 13.335059 9.24 2.56 567.643555 576.419312 53864.4784 27.906 28096.0 55.636 36740.0 62.653 "" "" 0.002812150627346091 0.0035224266 0.0042085424 0.007730969 109.25578838562 -31.91766939926 571.809753 -4.184 4.414 0.8
109.29467176162 -30.7584261825 0.0428 0.0456 36.2248 "" "" 5605230465035636352 595.983093 1.6442 0.0588 -3.997 3.432 0.058 0.057 4.738 5201.1 4.3924 13.930365 0.974084 14.324978 13.350894 17.35 3.13 573.916138 620.297241 50443.01457 17.474 25435.0 13.669 36208.0 18.436 "" "" 0.002780871917204431 0.0028505267 0.0038195995 0.006670126 109.29467176162 -30.7584261825 595.983093 -3.997 3.432 0.8
108.79561483488 -30.75888941974 0.0104 0.0124 10.857 "" "" 5605901338925328128 665.443054 1.467 0.0148 -4.072 3.695 0.014 0.016 1.119 4875.6 4.1498 14.002962 1.217703 14.53527 13.317567 -39.17 5.27 658.702759 672.065002 47180.42763 34.664 20956.0 54.784 37336.0 72.838 "" "" 0.002868469831664298 0.0039801276 0.0043324637 0.008312591 108.79561483488 -30.75888941974 665.443054 -4.072 3.6949999999999994 0.9
108.48997690253 -29.75036499004 0.0111 0.0126 57.4481 "" "" 5606287508024892544 637.910034 1.5295 0.0154 -4.317 3.751 0.015 0.016 1.018 5036.6 4.3092 14.253185 1.106986 14.723843 13.616857 53.8 5.08 631.110535 644.437073 37469.06123 44.495 17615.0 73.785 28341.0 97.274 "" "" 0.003042063540744025 0.0053355726 0.0053076204 0.0106431935 108.48997690253 -29.75036499004 637.910034 -4.317 3.7509999999999994 0.9
108.4727959293 -30.17811474275 0.01 0.0127 32.1532 "" "" 5606072587863298048 635.336121 1.5453 0.0151 -4.284 3.761 0.013 0.015 0.987 5152.9 4.3782 14.29565 1.102056 14.763334 13.661279 19.87 6.02 628.803162 642.082947 36031.89039 39.215 16986.0 63.779 27205.0 83.845 "" "" 0.00299801436795998 0.0049401107 0.0050478536 0.009987964 108.4727959293 -30.17811474275 635.336121 -4.284 3.761 1.0
108.36695922784 -31.0129018296 0.0116 0.013 21.9731 "" "" 5605870586958742144 621.215149 1.5711 0.0159 -4.255 3.801 0.016 0.016 0.984 5086.3 4.3286 14.30231 1.075785 14.758727 13.682942 12.48 5.71 615.273804 628.313171 35811.50992 30.069 17058.0 54.449 26667.0 63.791 "" "" 0.0029022175020547254 0.0044492534 0.004585772 0.009035025 108.36695922784 -31.0129018296 621.215149 -4.255 3.801 1.0
108.36038459195 -30.96215050549 0.0116 0.0139 19.6771 "" "" 5605870999275592064 636.201843 1.5399 0.0168 -4.074 3.951 0.015 0.016 1.022 4934.0 4.332 14.462654 1.177895 14.973155 13.79526 -8.98 6.16 629.049561 643.355835 30894.76811 30.995 14001.0 49.626 24047.0 68.894 "" "" 0.0029628151826803046 0.0047534034 0.004894853 0.009648256 108.36038459195 -30.96215050549 636.201843 -4.074000000000002 3.9509999999999996 0.8
108.23647203888 -30.70029831165 0.0119 0.014 18.5081 "" "" 5605937657169242496 637.627075 1.5265 0.0167 -4.156 3.788 0.017 0.018 0.969 4958.8 4.3392 14.54369 1.187132 15.056032 13.8689 20.73 7.08 631.129395 644.73645 28672.84728 40.143 12972.0 64.89 22470.0 84.683 "" "" 0.0031468078228842036 0.0061059715 0.005570169 0.01167614 108.23647203888 -30.70029831165 637.627075 -4.156 3.788 1.0
108.47504917674 -29.81442913078 0.0122 0.0151 53.7068 "" "" 5606099006198343936 627.943604 1.5565 0.0178 -4.482 3.838 0.016 0.02 1.108 4970.5 4.3984 14.573254 1.16219 15.073168 13.910977 22.59 6.45 622.120422 634.629761 27902.64208 30.548 12769.0 56.331 21616.0 68.431 "" "" 0.003000788021282962 0.0055431915 0.005108611 0.010651803 108.47504917674 -29.81442913078 627.943604 -4.482000000000001 3.838 0.9
108.36144323551 -30.96684269228 0.0135 0.0165 19.8666 "" "" 5605870964915854720 634.804321 1.5391 0.0195 -4.383 3.844 0.018 0.02 1.001 4833.5 4.3924 14.914575 1.29397 15.481666 14.187696 13.47 5.44 628.081238 642.441589 20375.9057 27.513 8765.0 44.141 16753.0 61.184 "" "" 0.0031210667672130587 0.0061385785 0.005477852 0.011616431 108.36144323551 -30.96684269228 634.804321 -4.382999999999998 3.844 0.8
109.42869264589 -31.95506630664 0.0156 0.0183 86.3926 "" "" 5604828902771843712 642.907593 1.5203 0.0217 -4.154 3.69 0.021 0.026 1.049 4768.0 4.3745 15.052411 1.333091 15.64792 14.314829 "" "" 632.054504 652.928711 17946.61068 26.143 7520.5 40.538 14901.0 63.279 "" "" 0.003176988355059143 0.006483561 0.0059617483 0.012445309 109.42869264589 -31.95506630664 642.907593 -4.154 3.69 1.0
110.73715884726 -31.55147032305 0.0321 0.0419 121.2048 "" "" 5604912259498236160 604.856689 1.6209 0.0471 -4.192 3.469 0.045 0.055 2.432 4481.2 4.4382 15.112887 1.394643 15.735823 14.34118 "" "" 589.027771 620.092896 16974.3039 11.161 6935.7 13.776 14544.0 17.63 "" "" 0.0028463025301530874 0.0035264294 0.004001984 0.007528413 110.73715884726 -31.55147032305 604.856689 -4.192 3.469 0.8
108.63032353601 -30.55182636773 0.0176 0.0209 9.2796 "" "" 5605919274708571392 633.722473 1.5406 0.0261 -4.119 3.655 0.025 0.026 1.047 "" "" 15.311993 1.44794 15.970347 14.522408 "" "" 624.408203 646.143311 14130.23948 17.574 5588.3 28.033 12308.0 42.035 "" "" 0.0030684240988248803 0.006119556 0.0052946676 0.011414223 108.63032353601 -30.55182636773 633.722473 -4.119 3.655 0.8
108.43185555371 -29.28822636532 0.0202 0.0241 85.3399 "" "" 5606337501444920960 610.245483 1.5994 0.0301 -4.446 3.805 0.027 0.033 1.001 4149.4 4.3101 15.660186 1.539905 16.36571 14.825805 "" "" 600.902649 620.144165 10253.50482 10.539 3882.7 24.065 9307.6 34.154 "" "" 0.002972738074274806 0.007284907 0.0054915054 0.012776412 108.43185555371 -29.28822636532 610.245483 -4.446 3.8049999999999997 0.9
