Clusters/Collinder_132/Collinder_132_stars_in_region.tsv
# %ECSV 1.0
# ---
# datatype:
# - name: RA_ICRS_1
#   unit: deg
#   datatype: float64
#   format: '{:15.11f}'
#   description: Right ascension (ICRS) at Ep=2016.0 (ra)
#   meta: !!omap
#   - {ucd: POS_EQ_RA_MAIN}
#   - {width: 15}
#   - {precision: '11'}
# - name: DE_ICRS_1
#   unit: deg
#   datatype: float64
#   format: '{:15.11f}'
#   description: Declination (ICRS) at Ep=2016.0 (dec)
#   meta: !!omap
#   - {ucd: POS_EQ_DEC_MAIN}
#   - {width: 15}
#   - {precision: '11'}
# - name: e_RA_ICRS
#   unit: mas
#   datatype: float64
#   format: '{:7.4f}'
#   description: Standard error of right ascension (ra_error)
#   meta: !!omap
#   - {ucd: ERROR}
#   - {width: 7}
#   - {precision: '4'}
# - name: e_DE_ICRS
#   unit: mas
#   datatype: float64
#   format: '{:7.4f}'
#   description: Standard error of declination (dec_error)
#   meta: !!omap
#   - {ucd: ERROR}
#   - {width: 7}
#   - {precision: '4'}
# - name: _r_1
#   unit: ''
#   datatype: float64
#   format: '{:8.4f}'
#   description: Distance from center (108.59520599000-30.70350605000)[ICRS], at Epoch=J2016.0
#   meta: !!omap
#   - {ucd: POS_ANG_DIST_GENERAL}
#   - {width: 8}
#   - {precision: '4'}
# - name: HIP
#   datatype: int32
#   description: '? HIP cross-id number, van Leeuwen, Cat. I/311 (hip_original_ext_source_id)'
#   meta: !!omap
#   - {ucd: ID_NUMBER}
#   - {width: 6}
#   - values: {'null': -2147483648}
# - name: TYC2
#   datatype: string
#   description: Tycho-2 cross-id name, Hog et al., Cat. I/259 (tyc2_original_ext_source_id)
#   meta: !!omap
#   - {ucd: ID_CROSSID}
#   - {_votable_string_dtype: char}
# - name: Source
#   datatype: int64
#   description: Source identifier, identical to the Gaia-EDR3 source_id (id)
#   meta: !!omap
#   - {ucd: ID_MAIN}
#   - {width: 19}
# - name: rgeo
#   unit: pc
#   datatype: float64
#   format: '{:15.8f}'
#   description: '? Median of the geometric distance posterior (r_med_geo)'
#   meta: !!omap
#   - {ucd: PHYS_DISTANCE_TRUE}
#   - {width: 15}
#   - {precision: '8'}
#   - values: {'null': .nan}
# - name: Plx
#   unit: mas
#   datatype: float64
#   format: '{:9.4f}'
#   description: '? Parallax (parallax)'
#   meta: !!omap
#   - {ucd: POS_PARLX_TRIG}
#   - {width: 9}
#   - {precision: '4'}
#   - values: {'null': .nan}
# - name: e_Plx
#   unit: mas
#   datatype: float32
#   format: '{:7.4f}'
#   description: '? Standard error of parallax (parallax_error)'
#   meta: !!omap
#   - {ucd: ERROR}
#   - {width: 7}
#   - {precision: '4'}
#   - values: {'null': .nan}
# - name: pmRA
#   unit: mas / yr
#   datatype: float64
#   format: '{:9.3f}'
#   description: '? Proper motion in right ascension direction, pmRA*cosDE (pmra)'
#   meta: !!omap
#   - {ucd: POS_EQ_PMRA}
#   - {width: 9}
#   - {precision: '3'}
#   - values: {'null': .nan}
# - name: pmDE
#   unit: mas / yr
#   datatype: float64
#   format: '{:9.3f}'
#   description: '? Proper motion in declination direction (pmdec)'
#   meta: !!omap
#   - {ucd: POS_EQ_PMDEC}
#   - {width: 9}
#   - {precision: '3'}
#   - values: {'null': .nan}
# - name: e_pmRA
#   unit: mas / yr
#   datatype: float32
#   format: '{:6.3f}'
#   description: '? Standard error of proper motion in right ascension direction (pmra_error)'
#   meta: !!omap
#   - {ucd: ERROR}
#   - {width: 6}
#   - {precision: '3'}
#   - values: {'null': .nan}
# - name: e_pmDE
[...]
#         value: !astropy.table.SerializedColumn {name: SkyCoord.dec}
#       distance: !astropy.table.SerializedColumn
#         __class__: astropy.coordinates.distances.Distance
#         unit: !astropy.units.Unit {unit: pc}
#         value: !astropy.table.SerializedColumn {name: SkyCoord.distance}
#       frame: icrs
#       obstime: !astropy.time.Time {format: jyear_str, in_subfmt: '*', jd1: 367701545.0, jd2: 0.0, out_subfmt: '*', precision: 3, scale: tt}
#       pm_dec: !astropy.table.SerializedColumn
#         __class__: astropy.units.quantity.Quantity
#         unit: !astropy.units.Unit {unit: mas / yr}
#         value: !astropy.table.SerializedColumn {name: SkyCoord.pm_dec}
#       pm_ra_cosdec: !astropy.table.SerializedColumn
#         __class__: astropy.units.quantity.Quantity
#         unit: !astropy.units.Unit {unit: mas / yr}
#         value: !astropy.table.SerializedColumn {name: SkyCoord.pm_ra_cosdec}
#       ra: !astropy.table.SerializedColumn
#         __class__: astropy.coordinates.angles.Longitude
#         unit: *id001
#         value: !astropy.table.SerializedColumn {name: SkyCoord.ra}
#         wrap_angle: !astropy.coordinates.Angle
#           unit: *id001
#           value: 360.0
#       representation_type: spherical
# schema: astropy-2.0
RA_ICRS_1 DE_ICRS_1 e_RA_ICRS e_DE_ICRS _r_1 HIP TYC2 Source rgeo Plx e_Plx pmRA pmDE e_pmRA e_pmDE RUWE Teff logg Gmag BP-RP BPmag RPmag RV e_RV b_rgeo B_rgeo FG e_FG FBP e_FBP FRP e_FRP RAVE5 RAVE6 e_Gmag e_BPmag e_RPmag e_BP-RP SkyCoord.ra SkyCoord.dec SkyCoord.distance SkyCoord.pm_ra_cosdec SkyCoord.pm_dec rmRA rmDE e_rmRA e_rmDE rRV e_rRV v_pec v_pec3d e_vpec e_vpec3d
[from data line 5419]
107.5459412393 -29.88684647728 0.047 0.0623 73.1825 "" "" 5606244214752950784 710.816284 1.3842 0.0743 -1.25 8.435 0.063 0.079 1.391 "" "" 16.871174 1.961203 17.839577 15.878374 "" "" 681.886902 752.242615 3361.06752 3.3342 999.05 7.3969 3530.3 6.9875 "" "" 0.0029583511029575194 0.008509175 0.00434763 0.012856805 107.5459412393 -29.88684647728 710.816284 -1.25 8.435 2.831472873687744 4.715400037765503 0.2627582 0.2787582 "" "" 18.531665437883827 "" 5.088958293605345 ""
110.32551416288 -30.93499743572 0.0355 0.0469 90.2325 "" "" 5605003896921803648 700.381836 1.4093 0.0552 -4.742 5.7 0.049 0.06 0.937 4274.5 4.5899 16.871737 1.803848 17.753271 15.949423 "" "" 674.937927 728.284546 3359.3276 2.0228 1081.7 8.1628 3306.7 8.8892 "" "" 0.002831819982025655 0.008655318 0.004775211 0.013430529 110.32551416288 -30.93499743572 700.381836 -4.742000000000001 5.699999999999999 -0.6605271263122559 1.980400037765503 0.2487582 0.2597582 "" "" 6.930599451001006 "" 1.7927942456814934 ""
109.31707789177 -31.62793415802 0.0366 0.0478 66.7076 "" "" 5605048113602808576 630.291748 1.5562 0.0518 15.941 -6.76 0.047 0.068 1.058 4101.6 4.6599 16.871817 1.838236 17.786343 15.948107 "" "" 611.97876 652.440613 3359.08017 2.1615 1049.3 8.8582 3310.7 9.6047 "" "" 0.0028425165108035702 0.009581066 0.0049198787 0.014500944 109.31707789177 -31.62793415802 630.291748 15.941 -6.76 20.022472873687747 -10.479599962234497 0.2467582 0.2677582 "" "" 67.51682415799334 "" 16.975212618143082 ""
108.84126596049 -30.0049304575 0.0349 0.0422 43.8078 "" "" 5606079150572989312 674.966858 1.4572 0.0527 -0.268 7.935 0.044 0.052 1.018 4403.5 4.6054 16.871845 1.704297 17.70203 15.997733 "" "" 655.053528 701.224792 3358.9889 1.9063 1134.0 7.2311 3162.8 7.8397 "" "" 0.002823378495221045 0.0074644275 0.004639664 0.012104092 108.84126596049 -30.0049304575 674.966858 -0.26799999999999935 7.934999999999994 3.8134728736877443 4.2154000377655025 0.2437582 0.25175822 "" "" 18.18627994743983 "" 4.513645641849442 ""
108.52609590095 -31.74128879827 0.037 0.0407 62.3678 "" "" 5603580922711802368 763.340027 1.2977 0.0499 3.715 -6.058 0.047 0.048 0.973 4393.8 4.6025 16.872482 1.719789 17.703766 15.983977 "" "" 738.715149 796.416016 3357.01706 2.01 1132.2 7.0084 3203.1 9.0485 "" "" 0.002830970401223681 0.007276951 0.0048673335 0.012144284 108.52609590095 -31.74128879827 763.340027 3.7149999999999976 -6.058 7.796472873687744 -9.777599962234497 0.2467582 0.24775821 "" "" 45.24764064114204 "" 11.192908816192359 ""
108.15702389637 -32.79416053837 0.0384 0.045 127.4155 "" "" 5603369850840024576 556.597351 1.7749 0.0507 1.288 -2.044 0.049 0.056 1.01 4207.9 4.6593 16.873243 1.797254 17.757025 15.959771 "" "" 541.576599 570.397217 3354.66729 2.0707 1078.0 6.5316 3275.3 10.428 "" "" 0.002835653678420684 0.0071457233 0.005121835 0.012267558 108.15702389637 -32.79416053837 556.597351 1.2879999999999998 -2.0439999999999983 5.369472873687744 -5.7635999622344976 0.2487582 0.2557582 "" "" 20.78219912233674 "" 5.248125230996626 ""
106.35993699323 -29.90244359258 0.0344 0.0434 125.3674 "" "" 5607745529159730816 528.90387 1.8737 0.0515 -0.352 -13.481 0.046 0.055 0.998 4241.6 4.6754 16.873734 1.891329 17.826115 15.934786 "" "" 515.038513 541.045959 3353.15141 1.8733 1011.5 6.3936 3351.5 5.9209 "" "" 0.0028212962290255013 0.007408348 0.0042382614 0.01164661 106.35993699323 -29.90244359258 528.90387 -0.3520000000000003 -13.481000000000002 3.7294728736877443 -17.2005999622345 0.2457582 0.2547582 "" "" 44.123960670903045 "" 11.223411587743747 ""
107.83822073059 -32.39529558448 0.0372 0.042 108.6353 "" "" 5603440868119570560 675.484863 1.4479 0.0501 -2.125 10.803 0.052 0.054 1.087 4320.0 4.6471 16.87567 1.642618 17.661264 16.018646 "" "" 651.101379 697.706482 3347.18172 1.9967 1177.4 11.233 3102.4 9.2326 "" "" 0.0028304193399423918 0.010727681 0.0049722977 0.015699979 107.83822073059 -32.39529558448 675.484863 -2.1249999999999982 10.803 1.9564728736877441 7.083400037765504 0.25175822 0.2537582 "" "" 23.528826174097585 "" 5.967309119941482 ""
107.83576647252 -28.6732535202 0.1491 0.1825 128.0842 "" "" 5609429362501434368 765.418579 1.407 0.2237 -0.529 -2.334 0.205 0.239 4.319 5090.4 4.7576 16.876799 0.990986 17.196411 16.205425 "" "" 637.176086 905.976685 3343.69928 9.0048 1806.6 6.9194 2612.1 7.0593 "" "" 0.004017626168273491 0.0050077634 0.0047847163 0.00979248 107.83576647252 -28.6732535202 765.418579 -0.5290000000000002 -2.3340000000000005 3.5524728736877442 -6.053599962234497 0.40475821 0.4387582 "" "" 25.46546390316299 "" 10.957909931168192 ""
108.21308092905 -32.56637402357 0.0357 0.0438 113.4636 "" "" 5603469386703050880 762.293457 1.3011 0.0507 -3.913 -5.845 0.048 0.061 0.939 4447.9 4.6031 16.8775 1.648211 17.682232 16.034021 "" "" 731.986145 796.266052 3341.54049 1.902 1154.8 12.991 3058.8 12.731 "" "" 0.002823776321282666 0.0125287 0.0058910497 0.01841975 108.21308092905 -32.56637402357 762.293457 -3.912999999999999 -5.845000000000004 0.16847287368774433 -9.564599962234496 0.24775821 0.2607582 "" "" 34.56485234299856 "" 9.012932484302823 ""
109.17615307464 -31.6260763503 0.0403 0.0539 62.8781 "" "" 5605028292332013184 567.160034 1.7324 0.0597 -4.393 5.64 0.052 0.07 1.08 4147.2 4.3752 16.878939 1.970897 17.872793 15.901896 "" "" 548.536804 585.705505 3337.11685 2.0793 968.95 8.4842 3454.6 8.5558 "" "" 0.0028371546285987704 0.009907778 0.004638354 0.014546132 109.17615307464 -31.6260763503 567.160034 -4.393000000000001 5.640000000000001 -0.31152712631225565 1.9204000377655026 0.25175822 0.2697582 "" "" 5.2301731763734045 "" 1.4085467967111875 ""
110.00931110916 -31.58588084051 0.0381 0.045 89.8656 "" "" 5604945828963461888 692.927795 1.4176 0.0522 -11.311 5.056 0.054 0.058 1.043 4252.9 4.502 16.879179 1.696243 17.69139 15.995146 "" "" 669.99939 718.556458 3336.37878 2.0739 1145.1 10.521 3170.3 8.1989 "" "" 0.0028367717292394614 0.010358432 0.0047082854 0.015066718 110.00931110916 -31.58588084051 692.927795 -11.310999999999998 5.056000000000002 -7.229527126312256 1.336400037765503 0.2537582 0.2577582 "" "" 24.147507998991056 "" 6.130843777613376 ""
109.56186338531 -29.73943761576 0.0368 0.0439 76.5341 "" "" 5606436938528795648 773.807983 1.2667 0.0543 -1.213 2.085 0.048 0.052 0.989 4251.0 4.5656 16.880882 1.752617 17.734228 15.981611 "" "" 740.876404 809.14978 3331.14566 2.206 1100.8 5.0998 3210.1 9.1948 "" "" 0.0028475898189073887 0.005752049 0.004894413 0.010646462 109.56186338531 -29.73943761576 773.807983 -1.213 2.085 2.868472873687744 -1.634599962234497 0.24775821 0.25175822 "" "" 12.109490352143498 "" 3.012171280299404 ""
108.2246067546 -32.46079299013 0.0386 0.0455 107.125 "" "" 5603483512854555904 767.74054 1.3051 0.0549 0.799 -7.264 0.049 0.059 1.077 4351.8 4.6563 16.882801 1.609898 17.565914 15.956017 "" "" 737.103333 797.646301 3325.26348 1.8998 1285.4 21.885 3286.6 34.023 "" "" 0.0028242820579277715 0.018694943 0.011857986 0.03055293 108.2246067546 -32.46079299013 767.74054 0.7990000000000006 -7.264000000000003 4.8804728736877445 -10.983599962234496 0.2487582 0.2587582 "" "" 43.73854596564664 "" 11.246759872212404 ""
107.16143269515 -31.30542629305 0.0366 0.0437 82.104 "" "" 5604405659511574528 649.568542 1.5222 0.0514 0.903 4.057 0.048 0.051 1.01 4136.0 4.38 16.883266 1.964376 17.866852 15.902476 "" "" 628.081482 673.731079 3323.84068 2.0308 974.26 7.7118 3452.8 8.3502 "" "" 0.002834050098331078 0.009035775 0.004601975 0.01363775 107.16143269515 -31.30542629305 649.568542 0.9029999999999999 4.057 4.984472873687745 0.3374000377655033 0.24775821 0.2507582 "" "" 15.382086575008543 "" 3.8112499752904556 ""
107.89364530369 -30.23664898806 0.0345 0.0415 45.8353 "" "" 5606173841706785280 533.90863 1.8362 0.0527 1.808 -10.372 0.048 0.049 0.964 "" "" 16.883986 1.825959 17.785357 15.959397 "" "" 516.581726 551.881714 3321.64008 1.9873 1050.2 7.5297 3276.4 9.0177 "" "" 0.002830856500730992 0.008269418 0.0048180516 0.01308747 107.89364530369 -30.23664898806 533.90863 1.8080000000000016 -10.372 5.889472873687744 -14.091599962234497 0.24775821 0.2487582 "" "" 38.65134060643325 "" 9.60910021015391 ""
111.13665712878 -30.50587064315 0.0376 0.0489 131.7774 "" "" 5605401954492517376 672.595764 1.4669 0.0605 -1.696 2.295 0.051 0.066 1.021 4337.2 4.4776 16.884092 1.696508 17.70339 16.006882 "" "" 641.419373 703.305359 3321.31541 2.0409 1132.6 7.6643 3136.2 6.8249 "" "" 0.002834943384383927 0.007859134 0.0044571618 0.012316296 111.13665712878 -30.50587064315 672.595764 -1.6960000000000002 2.295 2.3854728736877444 -1.4245999622344971 0.2507582 0.26575822 "" "" 8.858091458944905 "" 2.2569274215536375 ""
110.40213114468 -30.12633871952 0.0343 0.0452 99.7012 "" "" 5605607357005778048 756.489075 1.2963 0.0522 -3.436 0.01 0.046 0.053 0.917 4263.7 4.5536 16.88497 1.758346 17.74726 15.988914 "" "" 730.259766 784.851379 3318.63286 1.7161 1087.7 6.8901 3188.5 10.143 "" "" 0.002811940709376994 0.0074220793 0.005119849 0.012541928 110.40213114468 -30.12633871952 756.489075 -3.436 0.010000000000000696 0.6454728736877442 -3.7095999622344973 0.2457582 0.2527582 "" "" 13.501590170718348 "" 3.4098977010869533 ""
108.82437517657 -29.19918852594 0.0367 0.0424 91.0419 "" "" 5606330217180114432 576.372681 1.7161 0.0541 -19.69 -51.068 0.051 0.052 0.929 4217.6 4.6844 16.8876 1.748066 17.734278 15.986212 "" "" 560.493774 591.063843 3310.59916 1.7104 1100.8 6.1782 3196.5 9.8986 "" "" 0.0028118395429810442 0.006702065 0.005058469 0.011760534 108.82437517657 -29.19918852594 576.372681 -19.690000000000005 -51.06799999999997 -15.608527126312257 -54.787599962234495 0.2507582 0.25175822 "" "" 155.6358486404059 "" 39.17094152619645 ""
107.49889285038 -32.22854133906 0.0351 0.0433 107.3317 "" "" 5603460556249432448 581.88855 1.691 0.0493 1.003 -1.181 0.047 0.052 1.019 4158.0 4.5453 16.888153 1.841153 17.791122 15.949969 "" "" 561.044373 603.63678 3308.91471 2.056 1044.6 8.4219 3305.0 9.5287 "" "" 0.002836707081947779 0.009187478 0.004907395 0.014094872 107.49889285038 -32.22854133906 581.88855 1.003 -1.1809999999999996 5.084472873687744 -4.900599962234497 0.2467582 0.25175822 "" "" 19.47726690345283 "" 4.853319789290241 ""
108.13062639871 -30.95827245792 0.0383 0.046 28.4002 "" "" 5605880654362199552 622.709534 1.5698 0.0571 -3.48 9.297 0.053 0.056 1.015 4320.5 4.5809 16.888186 1.769121 17.763622 15.994501 "" "" 603.951965 642.53656 3308.81394 1.9914 1071.4 7.0954 3172.2 10.631 "" "" 0.002831745490305759 0.007712721 0.0052462704 0.012958991 108.13062639871 -30.95827245792 622.709534 -3.48 9.297 0.6014728736877442 5.5774000377655035 0.2527582 0.2557582 "" "" 16.55794506933839 "" 4.234262424440789 ""
108.7352244486 -32.91629420683 0.0388 0.0413 132.959 "" "" 5603256085746828544 625.68512 1.5656 0.0504 3.113 8.6 0.051 0.053 1.006 4116.5 4.5201 16.888546 1.836693 17.794111 15.957418 "" "" 608.61261 647.24231 3307.71612 2.1278 1041.8 9.8322 3282.4 10.04 "" "" 0.002842464211469495 0.010619938 0.005031168 0.015651107 108.7352244486 -32.91629420683 625.68512 3.1129999999999978 8.6 7.194472873687744 4.880400037765503 0.2507582 0.2527582 "" "" 25.78303302580292 "" 6.481602095662866 ""
109.6967859038 -31.37152865934 0.037 0.0429 69.3801 "" "" 5605151987391886976 733.493469 1.3381 0.0512 -5.273 3.185 0.05 0.054 1.078 4344.3 4.5359 16.88924 1.711334 17.717892 16.006557 "" "" 710.698425 764.3974 3305.60323 1.9955 1117.5 6.9454 3137.1 7.7458 "" "" 0.0028322033572282675 0.0073020775 0.00463361 0.011935688 109.6967859038 -31.37152865934 733.493469 -5.273000000000002 3.1850000000000023 -1.1915271263122555 -0.534599962234497 0.2497582 0.2537582 "" "" 4.540511555353653 "" 1.1370936377843315 ""
110.80587494606 -30.13598381656 0.0346 0.046 119.3391 "" "" 5605613473040448512 618.865295 1.5866 0.0559 1.704 8.504 0.049 0.059 0.979 4209.9 4.5694 16.890266 1.91151 17.84669 15.935179 "" "" 598.391541 638.963623 3302.4788 1.7928 992.52 6.3466 3350.3 7.4225 "" "" 0.0028176570569496523 0.007482355 0.00447993 0.011962285 110.80587494606 -30.13598381656 618.865295 1.7040000000000006 8.503999999999998 5.785472873687744 4.7844000377655025 0.2487582 0.2587582 "" "" 22.022588410157827 "" 5.568790443155722 ""
109.70640521472 -29.5913445488 0.0528 0.069 88.1848 "" "" 5606445425384003712 651.839111 1.4993 0.0864 2.299 -4.666 0.071 0.099 1.445 4265.8 4.575 16.894001 1.845201 17.794746 15.949545 "" "" 621.203369 692.579956 3291.14078 2.9745 1041.2 5.9477 3306.3 7.2602 "" "" 0.002924840993293828 0.0068008215 0.004468537 0.011269359 109.70640521472 -29.5913445488 651.839111 2.2990000000000004 -4.666 6.380472873687744 -8.385599962234497 0.2707582 0.2987582 "" "" 32.55640367879787 "" 9.402515209254119 ""
109.26972074369 -32.14066059449 0.0367 0.0446 92.8874 "" "" 5604820037959478016 558.104797 1.7656 0.0507 -3.551 10.305 0.049 0.059 0.949 3644.8 4.384 16.894333 1.919061 17.838614 15.919553 "" "" 542.432068 574.06427 3290.13276 1.8383 999.93 7.3811 3398.9 10.646 "" "" 0.0028213108792809324 0.008486288 0.005084162 0.01357045 109.26972074369 -32.14066059449 558.104797 -3.551 10.305 0.530472873687744 6.585400037765503 0.2487582 0.2587582 "" "" 17.477556893689865 "" 4.521355812465169 ""
109.09887838903 -28.7713729374 0.0347 0.0412 118.8601 "" "" 5606730439413480960 758.09198 1.2918 0.0524 -1.154 -11.107 0.044 0.051 1.057 4391.0 4.6013 16.894909 1.689987 17.717516 16.027529 "" "" 729.173584 792.354675 3288.38749 1.7335 1117.9 13.234 3077.1 9.0471 "" "" 0.002814139149358429 0.013152593 0.0049471166 0.01809971 109.09887838903 -28.7713729374 758.09198 -1.1539999999999992 -11.107000000000005 2.9274728736877442 -14.826599962234496 0.2437582 0.2507582 "" "" 54.305841529699094 "" 13.60356305856248 ""
108.89887314938 -30.37006332803 0.037 0.0441 25.427 "" "" 5606016581488199552 660.643127 1.4959 0.0545 -0.539 -2.406 0.048 0.061 0.963 4195.8 4.6398 16.89499 1.854534 17.807253 15.952719 "" "" 639.750305 682.609192 3288.14012 2.0527 1029.2 8.429 3296.6 8.3687 "" "" 0.002837463270777738 0.009319502 0.004677665 0.013997167 108.89887314938 -30.37006332803 660.643127 -0.5390000000000001 -2.406 3.542472873687744 -6.125599962234498 0.24775821 0.2607582 "" "" 22.158640822050604 "" 5.707218241668793 ""
106.90741080809 -30.87278449066 0.0445 0.0519 87.5856 "" "" 5604618999127003392 743.263 1.3185 0.0627 -3.695 4.666 0.059 0.062 1.284 "" "" 16.895575 1.926049 17.823345 15.897296 "" "" 715.239624 772.956299 3286.37547 2.7877 1014.1 13.729 3469.3 10.746 "" "" 0.0029051686903602478 0.014961293 0.005059014 0.020020306 106.90741080809 -30.87278449066 743.263 -3.694999999999997 4.666000000000002 0.3864728736877443 0.9464000377655033 0.2587582 0.2617582 "" "" 3.601522488816281 "" 0.9411914196662124 ""
107.57056488198 -28.87968519912 0.0371 0.0409 121.7409 "" "" 5609401737273907456 667.844971 1.4689 0.0527 -12.435 10.364 0.046 0.048 1.018 4346.2 4.5888 16.895815 1.658451 17.690174 16.031723 "" "" 649.705444 688.89093 3285.64513 1.8708 1146.4 7.2005 3065.3 5.9477 "" "" 0.002823820844326439 0.007368192 0.004326877 0.011695069 107.57056488198 -28.87968519912 667.844971 -12.435000000000004 10.364000000000008 -8.353527126312256 6.644400037765504 0.2457582 0.24775821 "" "" 33.78874296179176 "" 8.330112456509974 ""
110.28811703933 -31.59538099594 0.0358 0.0448 102.0779 "" "" 5604901638038138752 677.018616 1.4593 0.0524 -11.726 -1.302 0.048 0.054 1.005 4290.5 4.5746 16.897274 1.720406 17.729748 16.009342 "" "" 653.636414 696.240051 3281.23531 1.8469 1105.4 6.9156 3129.1 7.259 "" "" 0.0028222798638090334 0.0073433085 0.0045417757 0.011885084 110.28811703933 -31.59538099594 677.018616 -11.726 -1.302000000000001 -7.644527126312257 -5.021599962234497 0.24775821 0.2537582 "" "" 29.351181096825467 "" 7.325526186531767 ""
