Clusters/Collinder_132/Collinder_132_stars_in_region.tsv
# %ECSV 1.0
# ---
# datatype:
# - name: RA_ICRS_1
#   unit: deg
#   datatype: float64
#   format: '{:15.11f}'
#   description: Right ascension (ICRS) at Ep=2016.0 (ra)
#   meta: !!omap
#   - {ucd: POS_EQ_RA_MAIN}
#   - {width: 15}
#   - {precision: '11'}
# - name: DE_ICRS_1
#   unit: deg
#   datatype: float64
#   format: '{:15.11f}'
#   description: Declination (ICRS) at Ep=2016.0 (dec)
#   meta: !!omap
#   - {ucd: POS_EQ_DEC_MAIN}
#   - {width: 15}
#   - {precision: '11'}
# - name: e_RA_ICRS
#   unit: mas
#   datatype: float64
#   format: '{:7.4f}'
#   description: Standard error of right ascension (ra_error)
#   meta: !!omap
#   - {ucd: ERROR}
#   - {width: 7}
#   - {precision: '4'}
# - name: e_DE_ICRS
#   unit: mas
#   datatype: float64
#   format: '{:7.4f}'
#   description: Standard error of declination (dec_error)
#   meta: !!omap
#   - {ucd: ERROR}
#   - {width: 7}
#   - {precision: '4'}
# - name: _r_1
#   unit: ''
#   datatype: float64
#   format: '{:8.4f}'
#   description: Distance from center (108.59520599000-30.70350605000)[ICRS], at Epoch=J2016.0
#   meta: !!omap
#   - {ucd: POS_ANG_DIST_GENERAL}
#   - {width: 8}
#   - {precision: '4'}
# - name: HIP
#   datatype: int32
#   description: '? HIP cross-id number, van Leeuwen, Cat. I/311 (hip_original_ext_source_id)'
#   meta: !!omap
#   - {ucd: ID_NUMBER}
#   - {width: 6}
#   - values: {'null': -2147483648}
# - name: TYC2
#   datatype: string
#   description: Tycho-2 cross-id name, Hog et al., Cat. I/259 (tyc2_original_ext_source_id)
#   meta: !!omap
#   - {ucd: ID_CROSSID}
#   - {_votable_string_dtype: char}
# - name: Source
#   datatype: int64
#   description: Source identifier, identical to the Gaia-EDR3 source_id (id)
#   meta: !!omap
#   - {ucd: ID_MAIN}
#   - {width: 19}
# - name: rgeo
#   unit: pc
#   datatype: float64
#   format: '{:15.8f}'
#   description: '? Median of the geometric distance posterior (r_med_geo)'
#   meta: !!omap
#   - {ucd: PHYS_DISTANCE_TRUE}
#   - {width: 15}
#   - {precision: '8'}
#   - values: {'null': .nan}
# - name: Plx
#   unit: mas
#   datatype: float64
#   format: '{:9.4f}'
#   description: '? Parallax (parallax)'
#   meta: !!omap
#   - {ucd: POS_PARLX_TRIG}
#   - {width: 9}
#   - {precision: '4'}
#   - values: {'null': .nan}
# - name: e_Plx
#   unit: mas
#   datatype: float32
#   format: '{:7.4f}'
#   description: '? Standard error of parallax (parallax_error)'
#   meta: !!omap
#   - {ucd: ERROR}
#   - {width: 7}
#   - {precision: '4'}
#   - values: {'null': .nan}
# - name: pmRA
#   unit: mas / yr
#   datatype: float64
#   format: '{:9.3f}'
#   description: '? Proper motion in right ascension direction, pmRA*cosDE (pmra)'
#   meta: !!omap
#   - {ucd: POS_EQ_PMRA}
#   - {width: 9}
#   - {precision: '3'}
#   - values: {'null': .nan}
# - name: pmDE
#   unit: mas / yr
#   datatype: float64
#   format: '{:9.3f}'
#   description: '? Proper motion in declination direction (pmdec)'
#   meta: !!omap
#   - {ucd: POS_EQ_PMDEC}
#   - {width: 9}
#   - {precision: '3'}
#   - values: {'null': .nan}
# - name: e_pmRA
#   unit: mas / yr
#   datatype: float32
#   format: '{:6.3f}'
#   description: '? Standard error of proper motion in right ascension direction (pmra_error)'
#   meta: !!omap
#   - {ucd: ERROR}
#   - {width: 6}
#   - {precision: '3'}
#   - values: {'null': .nan}
# - name: e_pmDE
[...]
#         value: !astropy.table.SerializedColumn {name: SkyCoord.dec}
#       distance: !astropy.table.SerializedColumn
#         __class__: astropy.coordinates.distances.Distance
#         unit: !astropy.units.Unit {unit: pc}
#         value: !astropy.table.SerializedColumn {name: SkyCoord.distance}
#       frame: icrs
#       obstime: !astropy.time.Time {format: jyear_str, in_subfmt: '*', jd1: 367701545.0, jd2: 0.0, out_subfmt: '*', precision: 3, scale: tt}
#       pm_dec: !astropy.table.SerializedColumn
#         __class__: astropy.units.quantity.Quantity
#         unit: !astropy.units.Unit {unit: mas / yr}
#         value: !astropy.table.SerializedColumn {name: SkyCoord.pm_dec}
#       pm_ra_cosdec: !astropy.table.SerializedColumn
#         __class__: astropy.units.quantity.Quantity
#         unit: !astropy.units.Unit {unit: mas / yr}
#         value: !astropy.table.SerializedColumn {name: SkyCoord.pm_ra_cosdec}
#       ra: !astropy.table.SerializedColumn
#         __class__: astropy.coordinates.angles.Longitude
#         unit: *id001
#         value: !astropy.table.SerializedColumn {name: SkyCoord.ra}
#         wrap_angle: !astropy.coordinates.Angle
#           unit: *id001
#           value: 360.0
#       representation_type: spherical
# schema: astropy-2.0
RA_ICRS_1 DE_ICRS_1 e_RA_ICRS e_DE_ICRS _r_1 HIP TYC2 Source rgeo Plx e_Plx pmRA pmDE e_pmRA e_pmDE RUWE Teff logg Gmag BP-RP BPmag RPmag RV e_RV b_rgeo B_rgeo FG e_FG FBP e_FBP FRP e_FRP RAVE5 RAVE6 e_Gmag e_BPmag e_RPmag e_BP-RP SkyCoord.ra SkyCoord.dec SkyCoord.distance SkyCoord.pm_ra_cosdec SkyCoord.pm_dec rmRA rmDE e_rmRA e_rmDE rRV e_rRV v_pec v_pec3d e_vpec e_vpec3d
[from data line 1438]
107.6978308743 -30.12149806158 0.0081 0.0104 58.0991 "" "" 5606167519514607360 542.042908 1.8051 0.012 -8.609 14.126 0.011 0.014 0.931 5741.1 4.4049 13.526936 0.827675 13.858403 13.030728 36.19 2.49 539.03009 545.095642 73142.95711 10.792 39089.0 19.046 48626.0 21.335 "" "" 0.0027599732614545123 0.002839879 0.003809286 0.006649165 107.6978308743 -30.12149806158 542.042908 -8.609000000000002 14.125999999999998 -4.527527126312256 10.406400037765502 0.21075821 0.2137582 14.657708333333328 4.7394447 29.157876005448912 32.63479962760922 6.218895157033588 5.950138429856977
107.95240777527 -29.32215891424 0.03 0.0367 89.3557 "" "" 5606362790212816384 699.934021 1.3963 0.0444 -2.347 9.583 0.041 0.048 4.345 "" "" 13.527564 0.88347 13.879508 12.996038 48.54 4.14 677.224243 722.821594 73100.64035 27.22 38337.0 38.936 50205.0 36.408 "" "" 0.0027848228810032137 0.003000166 0.0038605265 0.0068606925 107.95240777527 -29.32215891424 699.934021 -2.3470000000000004 9.583000000000002 1.7344728736877442 5.863400037765503 0.24075821 0.24775821 27.00770833333333 6.3894444 20.286201108309857 33.77789609826513 5.014795395042672 5.930471863525588
110.17067641215 -32.38259213847 0.0084 0.0101 128.9908 "" "" 5592757158452724224 722.009033 1.3483 0.0117 -9.002 3.147 0.011 0.012 1.025 5765.3 4.2388 13.529528 0.795768 13.846886 13.051118 47.62 2.51 716.786133 728.916016 72968.56875 11.099 39506.0 27.862 47721.0 18.939 "" "" 0.002760265049266147 0.0028933345 0.0038038662 0.0066972007 110.17067641215 -32.38259213847 722.009033 -9.001999999999995 3.1470000000000002 -4.9205271263122565 -0.5725999622344973 0.21075821 0.2117582 26.087708333333328 4.759444 16.95326907927205 31.112406826847565 3.5732676708979216 4.440442598282539
108.49511294637 -29.30757690414 0.0082 0.0104 83.917 "" "" 5606334237269736064 724.003418 1.3436 0.0124 5.039 -14.999 0.01 0.014 0.987 5662.6 4.2045 13.531372 0.851043 13.875722 13.024679 15.51 2.06 716.645386 731.232117 72844.68012 11.056 38471.0 20.903 48897.0 18.93 "" "" 0.002760243531168373 0.0028518527 0.0038026841 0.006654537 108.49511294637 -29.30757690414 724.003418 5.039 -14.998999999999997 9.120472873687744 -18.7185999622345 0.2097582 0.2137582 -6.0222916666666695 4.3094444 71.45754221607164 71.71086623713357 15.220213487365543 15.170764322750465
107.35732164502 -30.48330789043 0.0082 0.0102 65.2847 "" "" 5604653839901211520 753.256226 1.291 0.012 -0.003 2.34 0.012 0.014 1.094 5913.2 4.2026 13.531522 0.730138 13.815996 13.085858 28.58 3.59 747.113098 759.894775 72834.64288 13.31 40646.0 22.94 46218.0 20.066 "" "" 0.0027624547204282623 0.0028566658 0.003808665 0.006665331 107.35732164502 -30.48330789043 753.256226 -0.0029999999999997806 2.34 4.078472873687744 -1.3795999622344972 0.2117582 0.2137582 7.047708333333329 5.839444 15.37246713867205 16.91103008930231 3.2584159964837465 3.8334912437406126
109.92451780116 -31.83378485081 0.0081 0.0109 96.1578 "" "" 5604844772671627648 610.697876 1.6022 0.0118 13.21 -15.427 0.011 0.013 1.01 5819.0 4.3116 13.531566 0.855924 13.878454 13.022531 -14.75 1.79 606.742371 614.699585 72831.68555 10.813 38374.0 19.4 48994.0 21.373 "" "" 0.002760031351311758 0.002843648 0.0038089447 0.0066525927 109.92451780116 -31.83378485081 610.697876 13.21 -15.427 17.291472873687745 -19.146599962234497 0.21075821 0.2127582 -36.282291666666666 4.0394444 74.68050953720378 83.02760500774097 15.821969522556948 14.340380469663998
109.9736288971 -29.1113543775 0.0848 0.1068 119.4353 "" "" 5606486347833183616 668.741577 1.4478 0.1206 -0.494 3.035 0.112 0.13 10.696 6478.1 4.1453 13.533862 0.678476 13.762085 13.083609 42.14 2.49 622.713928 737.087952 72677.81686 74.924 42715.0 27.526 46314.0 17.805 "" "" 0.0029739879084071017 0.0028765555 0.0038023612 0.0066789165 109.9736288971 -29.1113543775 668.741577 -0.4940000000000001 3.0350000000000006 3.5874728736877444 -0.6845999622344969 0.31175822 0.3297582 20.60770833333333 4.7394447 11.576903725298397 23.636885213931297 3.616720376030444 4.495754432910659
107.2961585233 -30.62995358042 0.0252 0.0304 67.1871 "" "" 5604639511890398464 552.30011 1.7835 0.0354 12.181 8.57 0.034 0.039 3.015 5832.9 4.4121 13.535799 0.86622 13.884271 13.01805 24.5 2.57 540.321472 562.876099 72548.26107 9.1921 38169.0 19.474 49197.0 18.806 "" "" 0.002758752233960969 0.0028446277 0.0038021018 0.0066467295 107.2961585233 -30.62995358042 552.30011 12.180999999999992 8.57 16.26247287368774 4.850400037765503 0.23375821 0.2387582 2.9677083333333307 4.8194447 44.426847421448414 44.52585838094976 10.403464503045955 10.38529957133688
110.00104383902 -30.72093658676 0.0083 0.0116 72.5267 "" "" 5605207478369862016 719.924927 1.3522 0.0126 -12.393 6.035 0.011 0.014 1.059 5979.2 4.2174 13.536134 0.808167 13.857504 13.049337 -17.37 2.85 714.760071 724.969055 72525.94062 10.995 39122.0 25.086 47799.0 19.634 "" "" 0.002760232255801622 0.0028757162 0.0038056043 0.0066813203 110.00104383902 -30.72093658676 719.924927 -12.392999999999999 6.035000000000002 -8.311527126312257 2.315400037765503 0.21075821 0.2137582 -38.90229166666667 5.0994444 29.442603065358938 48.78785886040385 6.2116732886458115 5.530465940439267
108.56454238281 -32.87519461544 0.0117 0.0135 130.3107 "" "" 5603260071475837824 574.234985 1.7036 0.0158 2.771 9.483 0.015 0.016 1.371 5271.1 4.2988 13.537396 0.928538 13.91564 12.987102 67.25 2.62 568.971436 579.674622 72441.64188 13.121 37082.0 19.994 50619.0 23.149 "" "" 0.0027623291312691917 0.0028509216 0.0038118586 0.0066627804 108.56454238281 -32.87519461544 574.234985 2.7710000000000017 9.483 6.852472873687744 5.7634000377655035 0.2147582 0.2157582 45.717708333333334 4.8694444 24.371513640046732 51.808102960431974 5.244093656359475 4.9547934376047085
106.20158199025 -30.49260298552 0.0082 0.0095 124.2636 "" "" 5607689007390947712 521.227112 1.8847 0.0117 -19.41 12.581 0.011 0.012 1.017 5714.3 4.4266 13.538245 0.839381 13.875331 13.03595 63.44 2.48 518.293335 524.278809 72385.04014 12.083 38484.0 17.975 48393.0 18.536 "" "" 0.0027612744824313637 0.002835881 0.0038021933 0.0066380743 106.20158199025 -30.49260298552 521.227112 -19.410000000000014 12.581 -15.328527126312256 8.861400037765502 0.21075821 0.2117582 41.90770833333333 4.7294445 43.743739541189655 60.57863292283159 9.230328726019225 7.424927303143821
109.90702174208 -29.7357168912 0.0089 0.0112 89.4274 "" "" 5606428348594279936 737.029663 1.3174 0.0133 -0.104 3.054 0.012 0.016 1.163 6030.9 4.2537 13.538596 0.702465 13.810938 13.108473 71.91 3.49 730.924805 744.895691 72361.62964 16.345 40836.0 28.243 45266.0 28.611 "" "" 0.002766213063345423 0.0028894506 0.003841181 0.006730632 109.90702174208 -29.7357168912 737.029663 -0.10399999999999987 3.054 3.977472873687744 -0.6655999622344972 0.2117582 0.2157582 50.37770833333333 5.7394447 14.088599687620984 52.310631214662635 2.9849256895268166 5.585523468304308
107.88872413699 -28.76210060687 0.0075 0.01 122.1605 "" "" 5609414725252886656 648.318176 1.5054 0.0115 1.845 16.243 0.01 0.012 0.954 5890.0 4.2648 13.543344 0.841715 13.881289 13.039574 151.34 2.78 644.06366 653.083313 72045.91726 11.459 38274.0 21.397 48231.0 23.475 "" "" 0.0027607264400534813 0.0028554283 0.003816148 0.0066715763 107.88872413699 -28.76210060687 648.318176 1.8450000000000002 16.243 5.926472873687744 12.523400037765501 0.2097582 0.2117582 129.80770833333332 5.0294447 42.57653938604032 136.61186935564118 9.000410849128329 5.5413679504869275
107.51025593333 -29.75733113706 0.0082 0.0098 79.9133 "" "" 5606250640024006144 673.618286 1.4502 0.0119 -3.773 3.69 0.011 0.013 0.96 5776.1 4.3188 13.543942 0.796032 13.860866 13.064834 24.7 12.46 668.09314 678.372681 72006.17677 65.488 39001.0 118.18 47122.0 107.65 "" "" 0.0029269185475381304 0.004313813 0.0045206095 0.008834423 107.51025593333 -29.75733113706 673.618286 -3.772999999999998 3.6899999999999986 0.308472873687744 -0.029599962234497124 0.21075821 0.2127582 3.16770833333333 14.709444 0.9894627608752038 3.3186462059442556 0.20855553935034404 14.040570323506861
109.74331558512 -29.49434365247 0.0084 0.0103 93.8887 "" "" 5606448410376030208 672.572998 1.452 0.0129 -1.754 6.217 0.011 0.014 0.984 5783.7 4.3297 13.544772 0.77075 13.848614 13.077864 11.23 2.94 667.487122 678.881714 71951.17253 12.201 39443.0 23.401 46560.0 16.834 "" "" 0.002761464574848267 0.0028635608 0.003799714 0.006663275 109.74331558512 -29.49434365247 672.572998 -1.754 6.216999999999999 2.327472873687744 2.4974000377655026 0.21075821 0.2137582 -10.302291666666669 5.1894445 10.883230502048644 14.986057511760439 2.3112607980064896 3.9426626527594544
108.82126147039 -28.53869909058 0.0076 0.0097 130.4224 "" "" 5606786720666591360 769.826904 1.2606 0.0117 6.679 3.467 0.01 0.012 1.034 6113.3 4.2385 13.548097 0.685295 13.811739 13.126444 21.66 3.14 762.845703 777.575867 71731.16949 13.0 40806.0 17.2 44523.0 20.02 "" "" 0.002762337413856551 0.0028274525 0.0038107838 0.0066382363 108.82126147039 -28.53869909058 769.826904 6.679000000000003 3.466999999999999 10.760472873687744 -0.252599962234497 0.2097582 0.2117582 0.12770833333333087 5.3894444 39.275562443742835 39.275770071263345 8.238415033984912 8.238390120661009
110.3345313962 -32.24808536045 0.0143 0.0163 128.488 "" "" 5592763686802705536 752.630432 1.2958 0.0196 -12.184 -2.728 0.019 0.02 1.755 5547.4 4.2351 13.549258 0.840185 13.886846 13.04666 14.35 4.2 739.935852 763.574829 71654.52313 11.341 38078.0 18.68 47917.0 22.355 "" "" 0.0027606737305529514 0.0028405536 0.0038131753 0.006653729 110.3345313962 -32.24808536045 752.630432 -12.184000000000001 -2.7279999999999984 -8.102527126312255 -6.447599962234497 0.2187582 0.2197582 -7.18229166666667 6.4494443 36.940524957269936 37.63226936691106 8.095384941594055 8.041345293017232
109.78406328376 -31.73013678301 0.1269 0.1531 86.6919 "" "" 5604849381176621568 609.420776 1.6285 0.171 3.214 -8.56 0.171 0.197 20.525 "" "" 13.552969 0.933496 13.812414 12.878919 16.31 2.22 548.59845 667.204102 71409.99788 37.009 40780.0 52.175 55923.0 74.625 "" "" 0.002812190321954509 0.0031168414 0.0040475726 0.007164414 109.78406328376 -31.73013678301 609.420776 3.2139999999999995 -8.56 7.2954728736877446 -12.279599962234498 0.3707582 0.3967582 -5.2222916666666706 4.4694443 41.25950241005363 41.5886867955332 16.097075680073804 15.979522170151661
107.40070254038 -30.74412893837 0.0103 0.0135 61.6585 "" "" 5604634735886732672 604.5448 1.6137 0.0161 4.363 -11.051 0.014 0.016 1.301 5436.9 4.3298 13.553032 0.930353 13.93487 13.004517 12.41 2.51 598.495056 609.469299 71405.8731 11.658 36431.0 26.334 49814.0 33.322 "" "" 0.0027610163059296807 0.0028984463 0.0038485334 0.0067469794 107.40070254038 -30.74412893837 604.5448 4.363000000000001 -11.051000000000002 8.444472873687744 -14.770599962234497 0.2137582 0.2157582 -9.12229166666667 4.759444 48.754636472155916 49.60071353099481 10.495276881656968 10.353320157824545
110.65403340829 -31.99835915928 0.0082 0.0102 131.0098 "" "" 5592868209128311808 695.383789 1.402 0.0117 -1.994 4.383 0.011 0.014 0.93 5604.9 4.2896 13.55343 0.823962 13.883344 13.059382 25.96 3.46 690.949829 700.165649 71379.72292 10.186 38201.0 18.119 47359.0 19.403 "" "" 0.002759672924898227 0.0028372954 0.0038054695 0.006642765 110.65403340829 -31.99835915928 695.383789 -1.9939999999999998 4.382999999999999 2.0874728736877444 0.6634000377655029 0.21075821 0.2137582 4.427708333333332 5.7094445 7.219661739228549 8.469245345008611 1.5236026323539384 3.2552195699106736
107.72196413765 -29.22230252222 0.0108 0.0137 99.7921 "" "" 5606373716609705984 720.745117 1.3498 0.0162 6.686 -8.961 0.015 0.017 1.419 5961.1 4.3236 13.553987 0.730759 13.827884 13.097125 5.33 2.83 712.016846 728.781738 71343.10775 12.496 40203.0 23.958 45741.0 35.956 "" "" 0.002761875132510386 0.0028642067 0.0038745508 0.0067387577 107.72196413765 -29.22230252222 720.745117 6.685999999999996 -8.960999999999997 10.767472873687744 -12.680599962234497 0.2147582 0.2167582 -16.202291666666667 5.0794444 56.83200117088909 59.09645177453275 12.271311206320133 11.882985890831947
110.37901871097 -30.86369898542 0.0086 0.0108 92.4491 "" "" 5605007539054018432 707.763062 1.3786 0.0126 -4.283 3.04 0.012 0.013 0.93 5878.1 4.2517 13.554151 0.776741 13.861881 13.08514 17.67 5.92 700.674316 713.633606 71332.32309 58.437 38964.0 102.06 46249.0 89.209 "" "" 0.0028953283690629373 0.003984079 0.0043208394 0.008304918 110.37901871097 -30.86369898542 707.763062 -4.283000000000001 3.039999999999999 -0.20152712631225622 -0.679599962234497 0.2117582 0.2127582 -3.8622916666666676 8.169445 2.3780500849588395 4.53568287306063 0.5057578555916946 6.961618444538418
109.51825702049 -30.77246430073 0.032 0.039 47.7818 "" "" 5605232011223716352 561.881287 1.7403 0.0455 -2.463 1.039 0.043 0.05 4.683 "" "" 13.554973 0.927239 13.928371 13.001132 24.14 2.58 547.716797 578.059937 71278.38074 19.491 36650.0 34.371 49970.0 27.131 "" "" 0.0027712695846941254 0.0029701556 0.0038250794 0.006795235 109.51825702049 -30.77246430073 561.881287 -2.462999999999999 1.0390000000000001 1.618472873687744 -2.6805999622344974 0.2427582 0.2497582 2.6077083333333313 4.8294444 8.339658608038684 8.737851477930363 2.067463725532172 2.443567712322896
106.66525898749 -30.50399011645 0.0086 0.0109 100.3824 "" "" 5604688955554353152 722.706299 1.3446 0.0124 -10.469 21.645 0.011 0.014 1.064 6018.8 4.2971 13.556266 0.762876 13.856306 13.09343 80.87 3.1 715.965698 729.581299 71193.53323 13.805 39165.0 22.786 45897.0 21.236 "" "" 0.002763351868620695 0.00286078 0.0038126225 0.0066734026 106.66525898749 -30.50399011645 722.706299 -10.469000000000001 21.645000000000003 -6.387527126312255 17.925400037765503 0.21075821 0.2137582 59.33770833333334 5.3494444 65.18785921270378 88.1499893306121 13.91254259546078 10.900437714565278
108.49844921113 -32.79833583652 0.0086 0.0106 125.7867 "" "" 5603273196895905024 581.326233 1.6861 0.012 -4.864 22.585 0.011 0.013 1.024 5960.4 4.4604 13.556531 0.760979 13.854992 13.094013 24.67 3.49 576.897644 584.898804 71176.12017 13.69 39212.0 21.894 45873.0 20.088 "" "" 0.0027632226622852037 0.0028552674 0.0038091703 0.0066644377 108.49844921113 -32.79833583652 581.326233 -4.864 22.584999999999994 -0.7825271263122557 18.865400037765504 0.21075821 0.2127582 3.1377083333333324 5.7394447 52.02805289034984 52.12258148965868 11.069216911762023 11.054542653481617
107.11312820265 -29.16730459336 0.0083 0.0103 120.1387 "" "" 5609299684545233792 533.270691 1.8361 0.0118 -2.273 -16.164 0.011 0.014 0.922 5705.7 4.4791 13.55723 0.842285 13.896981 13.054696 13.22 2.19 529.88739 536.760498 71130.32784 11.168 37725.0 21.581 47564.0 22.819 "" "" 0.0027605885271644558 0.002858465 0.003815108 0.006673573 107.11312820265 -29.16730459336 533.270691 -2.272999999999995 -16.164 1.808472873687744 -19.8835999622345 0.21075821 0.2137582 -8.312291666666669 4.4394445 50.46729451509303 51.147258073379405 10.786564516770794 10.667591578122744
110.81962376236 -30.84762592969 0.0083 0.01 114.9939 "" "" 5605366976277780224 687.425842 1.4143 0.0124 -1.606 -16.005 0.012 0.014 0.953 5688.3 4.2585 13.559546 0.827461 13.89213 13.064669 15.42 2.66 681.182495 693.635132 70978.73895 10.499 37894.0 19.674 47129.0 23.53 "" "" 0.0027599966618287184 0.0028465425 0.0038180584 0.006664601 110.81962376236 -30.84762592969 687.425842 -1.6059999999999999 -16.005 2.4754728736877443 -19.724599962234496 0.2117582 0.2137582 -6.112291666666669 4.909445 64.77478283978814 65.06252839661333 13.844141405154465 13.790628990918519
