Clusters/Collinder_132/Collinder_132_stars_in_region.tsv
# %ECSV 1.0
# ---
# datatype:
# - name: RA_ICRS_1
#   unit: deg
#   datatype: float64
#   format: '{:15.11f}'
#   description: Right ascension (ICRS) at Ep=2016.0 (ra)
#   meta: !!omap
#   - {ucd: POS_EQ_RA_MAIN}
#   - {width: 15}
#   - {precision: '11'}
# - name: DE_ICRS_1
#   unit: deg
#   datatype: float64
#   format: '{:15.11f}'
#   description: Declination (ICRS) at Ep=2016.0 (dec)
#   meta: !!omap
#   - {ucd: POS_EQ_DEC_MAIN}
#   - {width: 15}
#   - {precision: '11'}
# - name: e_RA_ICRS
#   unit: mas
#   datatype: float64
#   format: '{:7.4f}'
#   description: Standard error of right ascension (ra_error)
#   meta: !!omap
#   - {ucd: ERROR}
#   - {width: 7}
#   - {precision: '4'}
# - name: e_DE_ICRS
#   unit: mas
#   datatype: float64
#   format: '{:7.4f}'
#   description: Standard error of declination (dec_error)
#   meta: !!omap
#   - {ucd: ERROR}
#   - {width: 7}
#   - {precision: '4'}
# - name: _r_1
#   unit: ''
#   datatype: float64
#   format: '{:8.4f}'
#   description: Distance from center (108.59520599000-30.70350605000)[ICRS], at Epoch=J2016.0
#   meta: !!omap
#   - {ucd: POS_ANG_DIST_GENERAL}
#   - {width: 8}
#   - {precision: '4'}
# - name: HIP
#   datatype: int32
#   description: '? HIP cross-id number, van Leeuwen, Cat. I/311 (hip_original_ext_source_id)'
#   meta: !!omap
#   - {ucd: ID_NUMBER}
#   - {width: 6}
#   - values: {'null': -2147483648}
# - name: TYC2
#   datatype: string
#   description: Tycho-2 cross-id name, Hog et al., Cat. I/259 (tyc2_original_ext_source_id)
#   meta: !!omap
#   - {ucd: ID_CROSSID}
#   - {_votable_string_dtype: char}
# - name: Source
#   datatype: int64
#   description: Source identifier, identical to the Gaia-EDR3 source_id (id)
#   meta: !!omap
#   - {ucd: ID_MAIN}
#   - {width: 19}
# - name: rgeo
#   unit: pc
#   datatype: float64
#   format: '{:15.8f}'
#   description: '? Median of the geometric distance posterior (r_med_geo)'
#   meta: !!omap
#   - {ucd: PHYS_DISTANCE_TRUE}
#   - {width: 15}
#   - {precision: '8'}
#   - values: {'null': .nan}
# - name: Plx
#   unit: mas
#   datatype: float64
#   format: '{:9.4f}'
#   description: '? Parallax (parallax)'
#   meta: !!omap
#   - {ucd: POS_PARLX_TRIG}
#   - {width: 9}
#   - {precision: '4'}
#   - values: {'null': .nan}
# - name: e_Plx
#   unit: mas
#   datatype: float32
#   format: '{:7.4f}'
#   description: '? Standard error of parallax (parallax_error)'
#   meta: !!omap
#   - {ucd: ERROR}
#   - {width: 7}
#   - {precision: '4'}
#   - values: {'null': .nan}
# - name: pmRA
#   unit: mas / yr
#   datatype: float64
#   format: '{:9.3f}'
#   description: '? Proper motion in right ascension direction, pmRA*cosDE (pmra)'
#   meta: !!omap
#   - {ucd: POS_EQ_PMRA}
#   - {width: 9}
#   - {precision: '3'}
#   - values: {'null': .nan}
# - name: pmDE
#   unit: mas / yr
#   datatype: float64
#   format: '{:9.3f}'
#   description: '? Proper motion in declination direction (pmdec)'
#   meta: !!omap
#   - {ucd: POS_EQ_PMDEC}
#   - {width: 9}
#   - {precision: '3'}
#   - values: {'null': .nan}
# - name: e_pmRA
#   unit: mas / yr
#   datatype: float32
#   format: '{:6.3f}'
#   description: '? Standard error of proper motion in right ascension direction (pmra_error)'
#   meta: !!omap
#   - {ucd: ERROR}
#   - {width: 6}
#   - {precision: '3'}
#   - values: {'null': .nan}
# - name: e_pmDE
[...]
#         value: !astropy.table.SerializedColumn {name: SkyCoord.dec}
#       distance: !astropy.table.SerializedColumn
#         __class__: astropy.coordinates.distances.Distance
#         unit: !astropy.units.Unit {unit: pc}
#         value: !astropy.table.SerializedColumn {name: SkyCoord.distance}
#       frame: icrs
#       obstime: !astropy.time.Time {format: jyear_str, in_subfmt: '*', jd1: 367701545.0, jd2: 0.0, out_subfmt: '*', precision: 3, scale: tt}
#       pm_dec: !astropy.table.SerializedColumn
#         __class__: astropy.units.quantity.Quantity
#         unit: !astropy.units.Unit {unit: mas / yr}
#         value: !astropy.table.SerializedColumn {name: SkyCoord.pm_dec}
#       pm_ra_cosdec: !astropy.table.SerializedColumn
#         __class__: astropy.units.quantity.Quantity
#         unit: !astropy.units.Unit {unit: mas / yr}
#         value: !astropy.table.SerializedColumn {name: SkyCoord.pm_ra_cosdec}
#       ra: !astropy.table.SerializedColumn
#         __class__: astropy.coordinates.angles.Longitude
#         unit: *id001
#         value: !astropy.table.SerializedColumn {name: SkyCoord.ra}
#         wrap_angle: !astropy.coordinates.Angle
#           unit: *id001
#           value: 360.0
#       representation_type: spherical
# schema: astropy-2.0
RA_ICRS_1 DE_ICRS_1 e_RA_ICRS e_DE_ICRS _r_1 HIP TYC2 Source rgeo Plx e_Plx pmRA pmDE e_pmRA e_pmDE RUWE Teff logg Gmag BP-RP BPmag RPmag RV e_RV b_rgeo B_rgeo FG e_FG FBP e_FBP FRP e_FRP RAVE5 RAVE6 e_Gmag e_BPmag e_RPmag e_BP-RP SkyCoord.ra SkyCoord.dec SkyCoord.distance SkyCoord.pm_ra_cosdec SkyCoord.pm_dec rmRA rmDE e_rmRA e_rmDE rRV e_rRV v_pec v_pec3d e_vpec e_vpec3d
[from data line 3599]
110.67828695353 -29.59272540471 0.0176 0.0236 126.971 "" "" 5605786439965772416 605.710327 1.6167 0.0272 -2.292 -1.254 0.024 0.029 1.068 4679.2 4.571 15.529332 1.27811 16.096426 14.818316 "" "" 595.139221 615.409851 11566.81793 3.3429 4975.6 11.496 9372.0 11.04 "" "" 0.0027731302110459303 0.0037520598 0.003989924 0.007741984 110.67828695353 -29.59272540471 605.710327 -2.292 -1.254 1.7894728736877443 -4.973599962234497 0.2237582 0.2287582 "" "" 15.175676050547578 "" 3.462947933789634 ""
109.67781419463 -32.32572940911 0.0189 0.0235 111.9813 "" "" 5604757846831534976 620.546509 1.5719 0.0256 -4.328 3.818 0.027 0.03 1.001 "" "" 15.530415 1.530125 16.238491 14.708366 "" "" 610.958801 631.577515 11555.29339 14.794 4365.4 23.072 10371.0 38.359 "" "" 0.0030861002894545003 0.0063807117 0.0055145533 0.011895265 109.67781419463 -32.32572940911 620.546509 -4.327999999999998 3.8179999999999987 -0.24652712631225615 0.09840003776550299 0.2267582 0.2297582 "" "" 0.7807615616669928 "" 0.1773678014343219 ""
109.45199532995 -28.83545788825 0.0172 0.0216 120.6376 "" "" 5606737689319544704 731.80304 1.3309 0.0261 -0.037 -8.793 0.023 0.029 1.011 4828.7 4.6573 15.530669 1.167103 16.035915 14.868813 "" "" 716.625366 745.805542 11552.58066 2.9356 5260.8 7.8282 8946.1 10.12 "" "" 0.0027690985672738384 0.0032241617 0.0039739423 0.0071981037 109.45199532995 -28.83545788825 731.80304 -0.037000000000000366 -8.792999999999997 4.044472873687744 -12.512599962234496 0.2227582 0.2287582 "" "" 45.61407050138309 "" 10.409011519502881 ""
108.15630729245 -28.66816529855 0.0484 0.0617 124.2444 "" "" 5609420600767939328 710.154968 1.3865 0.0708 17.794 10.378 0.065 0.081 3.217 4773.6 4.3435 15.53073 1.241256 16.038845 14.797589 "" "" 677.128601 743.16272 11551.92817 11.006 5246.6 9.7765 9552.6 11.013 "" "" 0.0029430980247917133 0.0034464786 0.0039812736 0.007427752 108.15630729245 -28.66816529855 710.154968 17.794000000000004 10.378 21.875472873687745 6.658400037765503 0.2647582 0.2807582 "" "" 76.97125799690768 "" 20.48606699915018 ""
108.11075067533 -28.75031485616 0.2601 0.3128 119.8786 "" "" 5609418470459757056 723.874146 1.5726 0.3665 6.193 -0.718 0.352 0.393 18.714 "" "" 15.533284 1.043303 15.62229 14.578986 "" "" 562.186584 924.435364 11524.79165 16.413 7700.2 28.427 11683.0 42.285 "" "" 0.003159536824969031 0.0048837494 0.00545216 0.010335909 108.11075067533 -28.75031485616 723.874146 6.193000000000002 -0.7179999999999994 10.274472873687744 -4.437599962234497 0.55175817 0.5927582 "" "" 38.40100227412234 "" 21.443252419896844 ""
108.05297404348 -31.3805164609 0.019 0.0243 49.2647 "" "" 5604356765604003584 558.992554 1.7524 0.0286 5.402 0.43 0.024 0.028 1.05 4537.5 4.5603 15.533367 1.364001 16.149426 14.785424 "" "" 551.704895 567.731873 11523.91253 4.1213 4738.6 9.5659 9660.2 12.871 "" "" 0.0027825456313868235 0.0035481004 0.0040467763 0.007594877 108.05297404348 -31.3805164609 558.992554 5.402 0.42999999999999994 9.483472873687745 -3.289599962234497 0.2237582 0.2277582 "" "" 26.596442048125844 "" 5.962689040950272 ""
108.24903292284 -32.73690713782 0.0186 0.0223 123.2764 "" "" 5603464237041635456 530.455872 1.8497 0.0252 -1.908 7.4 0.025 0.028 0.979 4477.8 4.5969 15.533608 1.427813 16.184248 14.756435 "" "" 523.475769 537.392395 11521.36418 2.9738 4589.0 9.2623 9921.7 11.935 "" "" 0.0027695350863213516 0.0035478666 0.0039986875 0.0075465543 108.24903292284 -32.73690713782 530.455872 -1.9079999999999981 7.4 2.1734728736877442 3.6804000377655033 0.22475821 0.2277582 "" "" 10.747040824700395 "" 2.439430798437647 ""
106.40440512345 -30.66449121094 0.0217 0.0269 113.0671 "" "" 5604680709217385216 558.755859 1.754 0.0312 -7.849 1.367 0.03 0.037 1.183 4648.1 4.5585 15.53391 1.334539 16.12694 14.7924 "" "" 549.979126 570.057312 11518.15679 5.2278 4837.7 9.3887 9598.4 12.528 "" "" 0.002799040835423995 0.0034964315 0.00403633 0.0075327614 106.40440512345 -30.66449121094 558.755859 -7.848999999999999 1.3670000000000002 -3.767527126312256 -2.352599962234497 0.2297582 0.2367582 "" "" 11.76394072638878 "" 2.7262145225519356 ""
109.65863113676 -30.04626903932 0.0176 0.0226 67.7139 "" "" 5605292484363856512 732.053833 1.33 0.0262 -0.729 4.194 0.024 0.029 0.989 4814.0 4.555 15.535422 1.196281 16.0586 14.862319 "" "" 717.642517 744.474304 11502.1212 4.5944 5152.0 11.238 8999.8 11.952 "" "" 0.0027892423224326435 0.0036597694 0.0040450925 0.007704862 109.65863113676 -30.04626903932 732.053833 -0.729 4.194 3.352472873687744 0.4744000377655029 0.2237582 0.2287582 "" "" 11.748756617703215 "" 2.63004654070713 ""
109.81254507021 -30.81844380698 0.019 0.0237 63.1416 "" "" 5605182361400258432 640.233643 1.5296 0.0279 4.757 9.391 0.026 0.028 0.984 4602.7 4.5585 15.535775 1.303117 16.116802 14.813685 "" "" 630.133362 651.655823 11498.38268 3.2964 4883.1 8.0651 9412.0 11.787 "" "" 0.0027728458379025957 0.003316739 0.0040165326 0.0073332717 109.81254507021 -30.81844380698 640.233643 4.757 9.391000000000002 8.838472873687744 5.671400037765503 0.2257582 0.2277582 "" "" 31.869251949702207 "" 7.213392707497482 ""
109.43420366911 -29.90081320784 0.0174 0.0231 64.8724 "" "" 5606060183996648320 739.756714 1.3154 0.0276 6.731 -7.584 0.024 0.031 1.058 4486.8 4.4798 15.536464 1.412503 16.17866 14.766156 "" "" 725.360168 753.501099 11491.09 3.8071 4612.7 12.679 9833.2 13.465 "" "" 0.0027787017810885096 0.004085532 0.0040612966 0.008146828 109.43420366911 -29.90081320784 739.756714 6.731000000000003 -7.584 10.812472873687744 -11.303599962234497 0.2237582 0.2307582 "" "" 54.848825066275445 "" 12.474841728188666 ""
107.23337515953 -31.75856090324 0.0187 0.0227 94.2794 "" "" 5604237056275647232 751.843933 1.2915 0.0262 -2.451 -5.799 0.025 0.029 1.048 4995.1 4.5871 15.538301 1.142002 16.029676 14.887674 "" "" 736.580933 768.483032 11471.67004 3.1748 5291.1 10.936 8792.0 11.959 "" "" 0.0027716560006009034 0.0035806296 0.00405768 0.007638309 107.23337515953 -31.75856090324 751.843933 -2.4509999999999996 -5.7989999999999995 1.630472873687744 -9.518599962234497 0.22475821 0.2287582 "" "" 34.41587685012037 "" 7.869023324270812 ""
107.60990412691 -30.29978081752 0.0198 0.0223 56.4032 "" "" 5606163675522238208 734.390198 1.3289 0.0282 -9.656 0.935 0.026 0.03 1.111 4756.7 4.4546 15.540544 1.283262 15.983788 14.700525 "" "" 719.63147 751.922119 11447.98776 4.5976 5519.5 62.579 10446.0 129.93 "" "" 0.002789609345313727 0.012622114 0.014023537 0.026645651 107.60990412691 -30.29978081752 734.390198 -9.655999999999993 0.9350000000000006 -5.574527126312256 -2.784599962234497 0.2257582 0.2297582 "" "" 21.691284550093613 "" 4.914434187537387 ""
110.53153653517 -31.46375585713 0.0819 0.1003 109.4534 "" "" 5604924762142712832 564.305603 1.7758 0.123 -5.251 7.784 0.114 0.134 4.567 4776.5 4.5379 15.542955 1.315978 16.084433 14.768455 "" "" 535.070007 601.494263 11422.58783 14.256 5030.9 12.835 9812.4 15.736 "" "" 0.0030704996498653824 0.003931636 0.0041611814 0.008092817 110.53153653517 -31.46375585713 564.305603 -5.251000000000001 7.784000000000002 -1.1695271263122562 4.064400037765503 0.3137582 0.3337582 "" "" 11.312619340443522 "" 3.7588593588983263 ""
109.58639729364 -32.43371396059 0.0211 0.0237 115.5167 "" "" 5604750871804716672 584.394531 1.6747 0.0278 25.813 11.949 0.028 0.033 1.019 4697.3 4.6539 15.543047 1.259319 16.095285 14.835966 "" "" 574.213989 595.550598 11421.62852 3.467 4980.8 9.8658 9220.9 12.491 "" "" 0.002774960721387619 0.0035227947 0.004055481 0.0075782756 109.58639729364 -32.43371396059 584.394531 25.812999999999995 11.949 29.894472873687743 8.229400037765503 0.2277582 0.2327582 "" "" 85.88891485003407 "" 19.592463603601875 ""
107.65339849291 -28.84066089306 0.0357 0.0446 122.0579 "" "" 5609402974221438848 655.731323 1.4974 0.0537 7.394 -14.666 0.047 0.055 2.2 4798.5 4.3848 15.543743 1.197204 16.039536 14.842332 "" "" 633.848572 676.419617 11414.3057 4.2697 5243.3 10.329 9167.0 11.473 "" "" 0.0027850918094566575 0.003515633 0.004016245 0.0075318776 107.65339849291 -28.84066089306 655.731323 7.393999999999999 -14.666 11.475472873687744 -18.385599962234497 0.2467582 0.2547582 "" "" 67.3631366574581 "" 17.011950332085515 ""
109.64775601658 -30.68284021752 0.0177 0.0226 54.32 "" "" 5605234278966353280 642.732788 1.5109 0.0265 -4.505 3.295 0.023 0.029 0.989 4115.1 4.1507 15.543885 1.797047 16.401335 14.604288 "" "" 634.79303 653.210938 11412.81592 7.3451 3757.4 9.683 11414.0 21.7 "" "" 0.002842544205676369 0.0039514326 0.004306337 0.008257769 109.64775601658 -30.68284021752 642.732788 -4.505000000000002 3.2949999999999977 -0.42352712631225575 -0.42459996223449714 0.2227582 0.2287582 "" "" 1.8270695558460779 "" 0.41252622095962393 ""
108.56632258548 -31.19361231281 0.0185 0.0208 29.4439 "" "" 5605113298325984768 716.809082 1.3518 0.0247 0.344 10.244 0.025 0.026 0.982 4908.5 4.5452 15.545226 1.171031 16.055239 14.884208 "" "" 705.229492 732.176392 11398.72944 4.2841 5168.0 8.7183 8820.1 9.9412 "" "" 0.002785373406352722 0.003337642 0.003972565 0.007310207 108.56632258548 -31.19361231281 716.809082 0.3440000000000001 10.244 4.4254728736877444 6.524400037765503 0.22475821 0.2257582 "" "" 26.786224991427034 "" 6.038782167008783 ""
107.58441147041 -30.4703488516 0.0181 0.0212 54.0506 "" "" 5606143918677503872 653.341064 1.495 0.0256 -20.62 18.144 0.025 0.03 1.057 4819.2 4.593 15.545378 1.181632 16.058165 14.876533 "" "" 642.906555 662.415894 11397.13402 3.1258 5154.1 10.706 8882.7 12.894 "" "" 0.002771364286254917 0.0035876587 0.0040948293 0.0076824883 107.58441147041 -30.4703488516 653.341064 -20.62 18.143999999999995 -16.538527126312257 14.424400037765501 0.22475821 0.2297582 "" "" 67.96030387789405 "" 15.422361566940328 ""
109.84964142081 -32.09972570505 0.0199 0.0249 105.5677 "" "" 5604787602365907712 765.621338 1.2714 0.0279 -7.356 4.438 0.027 0.03 0.983 5143.3 4.5741 15.546857 1.06716 15.928519 14.86136 "" "" 750.143799 784.030334 11381.62071 4.5934 5807.8 64.07 9007.7 34.195 "" "" 0.0027899449438438255 0.012298226 0.0055921255 0.017890353 109.84964142081 -32.09972570505 765.621338 -7.356 4.438 -3.2745271263122557 0.7184000377655027 0.2267582 0.2297582 "" "" 12.166032993622416 "" 2.7604343411532324 ""
110.10125814905 -29.22695509076 0.0179 0.0222 118.2217 "" "" 5606480918994460032 735.755188 1.319 0.0263 -1.607 3.079 0.023 0.028 0.955 "" "" 15.547071 1.19731 16.0707 14.87339 "" "" 720.396179 756.946716 11379.37559 5.1053 5094.9 11.774 8908.4 13.677 "" "" 0.0027980467572928055 0.0037523962 0.0041306606 0.007883057 110.10125814905 -29.22695509076 735.755188 -1.607 3.079 2.474472873687744 -0.6405999622344969 0.2227582 0.2277582 "" "" 8.91416723681691 "" 1.9885328208946198 ""
109.61349834684 -31.65813864395 0.0181 0.0228 77.5429 "" "" 5604863125072056064 764.360168 1.2737 0.0255 -1.851 2.157 0.025 0.03 1.012 4895.3 4.5394 15.548661 1.148793 16.046095 14.897302 "" "" 749.068604 776.94043 11362.7204 3.1757 5211.7 11.065 8714.4 11.076 "" "" 0.0027719792373738926 0.0036192117 0.004023437 0.0076426486 109.61349834684 -31.65813864395 764.360168 -1.851 2.157 2.230472873687744 -1.562599962234497 0.22475821 0.2297582 "" "" 9.866941684838483 "" 2.234038275418617 ""
108.5312832172 -31.85017332008 0.3161 0.381 68.8781 "" "" 5603531204170413440 608.734558 1.8379 0.4484 9.548 13.956 0.423 0.521 20.512 "" "" 15.549557 1.31142 15.673611 14.36219 "" "" 485.047241 726.174438 11353.35119 16.935 7344.7 16.208 14265.0 16.629 "" "" 0.0031960325033172417 0.003677727 0.003985679 0.0076634055 108.5312832172 -31.85017332008 608.734558 9.548 13.956000000000003 13.629472873687744 10.236400037765502 0.6227582 0.7207582 "" "" 49.18289186059741 "" 32.4499709266359 ""
106.60644277633 -31.6068369361 0.0184 0.0231 115.6047 "" "" 5604485953921467776 715.89563 1.3611 0.0269 2.52 -9.074 0.026 0.03 1.075 4718.8 4.4896 15.551091 1.292894 16.120625 14.82773 "" "" 701.533997 731.335876 11337.31886 3.1224 4865.9 12.67 9291.1 10.771 "" "" 0.002771498383569255 0.0039720796 0.003983464 0.007955544 106.60644277633 -31.6068369361 715.89563 2.5200000000000005 -9.073999999999993 6.601472873687744 -12.793599962234497 0.2257582 0.2297582 "" "" 48.85187489280421 "" 11.183314254411505 ""
107.80681615704 -29.83329156953 0.0188 0.0226 66.2964 "" "" 5606204391816016128 650.970947 1.4993 0.026 1.33 -10.275 0.025 0.028 1.017 "" "" 15.552053 1.353843 16.158827 14.804984 "" "" 638.731323 661.969238 11327.27574 3.0514 4697.7 9.9138 9487.8 9.2424 "" "" 0.0027708003641521628 0.0036104068 0.003924584 0.007534991 107.80681615704 -29.83329156953 650.970947 1.33 -10.275 5.411472873687744 -13.994599962234497 0.22475821 0.2277582 "" "" 46.29769811468823 "" 10.526717630719395 ""
108.84090488758 -31.32620940406 0.0188 0.0226 39.4406 "" "" 5605097595925862016 631.21521 1.5467 0.0261 6.955 15.533 0.026 0.029 0.968 4602.0 4.5606 15.552209 1.318071 16.142004 14.823933 "" "" 619.403381 642.328735 11325.65421 3.306 4771.1 7.5983 9323.6 10.369 "" "" 0.0027734877426452667 0.0032825088 0.0039675836 0.0072500925 108.84090488758 -31.32620940406 631.21521 6.954999999999999 15.533 11.036472873687744 11.813400037765502 0.2257582 0.2287582 "" "" 48.369932970898375 "" 10.997630281484396 ""
108.76966040469 -31.22560304624 0.0188 0.0225 32.5863 "" "" 5605110824424753152 555.173157 1.7682 0.0259 -6.535 10.475 0.024 0.028 1.017 4533.4 4.5725 15.552354 1.374796 16.174059 14.799263 "" "" 548.426025 562.43042 11324.13724 4.1921 4632.3 9.8758 9537.9 10.942 "" "" 0.002784481535877713 0.0036253294 0.003979343 0.0076046726 108.76966040469 -31.22560304624 555.173157 -6.534999999999996 10.474999999999996 -2.453527126312256 6.755400037765503 0.2237582 0.2277582 "" "" 18.913152750418195 "" 4.298877756448288 ""
107.71168286932 -31.3846223647 0.0193 0.0235 61.0975 "" "" 5604365664776440960 690.632874 1.4121 0.0271 0.64 9.719 0.028 0.034 1.05 4780.0 4.6078 15.552571 1.229209 16.094587 14.865378 "" "" 678.414917 705.669373 11321.87282 3.3253 4984.0 8.3309 8974.4 12.813 "" "" 0.002773712016403679 0.0033284666 0.0040849294 0.0074133957 107.71168286932 -31.3846223647 690.632874 0.6400000000000017 9.719 4.721472873687744 5.999400037765502 0.2277582 0.23375821 "" "" 24.992194220909372 "" 5.78523692996061 ""
108.40909710711 -30.05588151698 0.0197 0.0228 40.0338 "" "" 5606085953801521280 630.775452 1.545 0.0275 -11.318 6.042 0.027 0.03 1.072 4527.8 4.4103 15.5534 1.397023 16.178215 14.781192 "" "" 621.163635 641.080933 11313.23515 5.2047 4614.6 9.8773 9698.0 10.393 "" "" 0.002800229811769216 0.0036312304 0.0039544357 0.007585666 108.40909710711 -30.05588151698 630.775452 -11.317999999999994 6.0420000000000025 -7.2365271263122555 2.3224000377655027 0.2267582 0.2297582 "" "" 22.72322538090276 "" 5.159081244044191 ""
110.41003248058 -30.04877771613 0.0307 0.0379 101.8227 "" "" 5605608937553695104 748.206543 1.3156 0.0452 0.348 6.219 0.039 0.045 1.72 4635.1 4.4203 15.554192 1.229483 16.092846 14.863363 "" "" 721.62677 772.569092 11304.99108 3.0096 4992.0 9.7509 8991.1 11.919 "" "" 0.002770439570443288 0.0035046728 0.00404417 0.0075488426 110.41003248058 -30.04877771613 748.206543 0.34799999999999986 6.219 4.429472873687744 2.4994000377655032 0.2387582 0.2447582 "" "" 18.037436277761387 "" 4.332970020689994 ""
109.7992093939 -28.9900221627 0.0552 0.0675 120.3957 "" "" 5606538162320094720 679.749817 1.4377 0.0785 2.318 0.686 0.065 0.073 1.896 "" "" 15.555093 1.590202 16.142029 14.551827 "" "" 651.298401 717.322815 11295.60467 8.3563 4771.0 17.705 11979.0 38.626 "" "" 0.002870006098781988 0.004900908 0.005151722 0.010052631 109.7992093939 -28.9900221627 679.749817 2.318 0.6860000000000002 6.399472873687744 -3.033599962234497 0.2647582 0.2727582 "" "" 22.81859020652918 "" 6.075314132836057 ""
