Clusters/Collinder_132/Collinder_132_stars_in_region.tsv
# %ECSV 1.0
# ---
# datatype:
# - name: RA_ICRS_1
#   unit: deg
#   datatype: float64
#   format: '{:15.11f}'
#   description: Right ascension (ICRS) at Ep=2016.0 (ra)
#   meta: !!omap
#   - {ucd: POS_EQ_RA_MAIN}
#   - {width: 15}
#   - {precision: '11'}
# - name: DE_ICRS_1
#   unit: deg
#   datatype: float64
#   format: '{:15.11f}'
#   description: Declination (ICRS) at Ep=2016.0 (dec)
#   meta: !!omap
#   - {ucd: POS_EQ_DEC_MAIN}
#   - {width: 15}
#   - {precision: '11'}
# - name: e_RA_ICRS
#   unit: mas
#   datatype: float64
#   format: '{:7.4f}'
#   description: Standard error of right ascension (ra_error)
#   meta: !!omap
#   - {ucd: ERROR}
#   - {width: 7}
#   - {precision: '4'}
# - name: e_DE_ICRS
#   unit: mas
#   datatype: float64
#   format: '{:7.4f}'
#   description: Standard error of declination (dec_error)
#   meta: !!omap
#   - {ucd: ERROR}
#   - {width: 7}
#   - {precision: '4'}
# - name: _r_1
#   unit: ''
#   datatype: float64
#   format: '{:8.4f}'
#   description: Distance from center (108.59520599000-30.70350605000)[ICRS], at Epoch=J2016.0
#   meta: !!omap
#   - {ucd: POS_ANG_DIST_GENERAL}
#   - {width: 8}
#   - {precision: '4'}
# - name: HIP
#   datatype: int32
#   description: '? HIP cross-id number, van Leeuwen, Cat. I/311 (hip_original_ext_source_id)'
#   meta: !!omap
#   - {ucd: ID_NUMBER}
#   - {width: 6}
#   - values: {'null': -2147483648}
# - name: TYC2
#   datatype: string
#   description: Tycho-2 cross-id name, Hog et al., Cat. I/259 (tyc2_original_ext_source_id)
#   meta: !!omap
#   - {ucd: ID_CROSSID}
#   - {_votable_string_dtype: char}
# - name: Source
#   datatype: int64
#   description: Source identifier, identical to the Gaia-EDR3 source_id (id)
#   meta: !!omap
#   - {ucd: ID_MAIN}
#   - {width: 19}
# - name: rgeo
#   unit: pc
#   datatype: float64
#   format: '{:15.8f}'
#   description: '? Median of the geometric distance posterior (r_med_geo)'
#   meta: !!omap
#   - {ucd: PHYS_DISTANCE_TRUE}
#   - {width: 15}
#   - {precision: '8'}
#   - values: {'null': .nan}
# - name: Plx
#   unit: mas
#   datatype: float64
#   format: '{:9.4f}'
#   description: '? Parallax (parallax)'
#   meta: !!omap
#   - {ucd: POS_PARLX_TRIG}
#   - {width: 9}
#   - {precision: '4'}
#   - values: {'null': .nan}
# - name: e_Plx
#   unit: mas
#   datatype: float32
#   format: '{:7.4f}'
#   description: '? Standard error of parallax (parallax_error)'
#   meta: !!omap
#   - {ucd: ERROR}
#   - {width: 7}
#   - {precision: '4'}
#   - values: {'null': .nan}
# - name: pmRA
#   unit: mas / yr
#   datatype: float64
#   format: '{:9.3f}'
#   description: '? Proper motion in right ascension direction, pmRA*cosDE (pmra)'
#   meta: !!omap
#   - {ucd: POS_EQ_PMRA}
#   - {width: 9}
#   - {precision: '3'}
#   - values: {'null': .nan}
# - name: pmDE
#   unit: mas / yr
#   datatype: float64
#   format: '{:9.3f}'
#   description: '? Proper motion in declination direction (pmdec)'
#   meta: !!omap
#   - {ucd: POS_EQ_PMDEC}
#   - {width: 9}
#   - {precision: '3'}
#   - values: {'null': .nan}
# - name: e_pmRA
#   unit: mas / yr
#   datatype: float32
#   format: '{:6.3f}'
#   description: '? Standard error of proper motion in right ascension direction (pmra_error)'
#   meta: !!omap
#   - {ucd: ERROR}
#   - {width: 6}
#   - {precision: '3'}
#   - values: {'null': .nan}
# - name: e_pmDE
[...]
#         unit: &id001 !astropy.units.Unit {unit: deg}
#         value: !astropy.table.SerializedColumn {name: SkyCoord.dec}
#       distance: !astropy.table.SerializedColumn
#         __class__: astropy.coordinates.distances.Distance
#         unit: !astropy.units.Unit {unit: pc}
#         value: !astropy.table.SerializedColumn {name: SkyCoord.distance}
#       frame: icrs
#       obstime: !astropy.time.Time {format: jyear_str, in_subfmt: '*', jd1: 367701545.0, jd2: 0.0, out_subfmt: '*', precision: 3, scale: tt}
#       pm_dec: !astropy.table.SerializedColumn
#         __class__: astropy.units.quantity.Quantity
#         unit: !astropy.units.Unit {unit: mas / yr}
#         value: !astropy.table.SerializedColumn {name: SkyCoord.pm_dec}
#       pm_ra_cosdec: !astropy.table.SerializedColumn
#         __class__: astropy.units.quantity.Quantity
#         unit: !astropy.units.Unit {unit: mas / yr}
#         value: !astropy.table.SerializedColumn {name: SkyCoord.pm_ra_cosdec}
#       ra: !astropy.table.SerializedColumn
#         __class__: astropy.coordinates.angles.Longitude
#         unit: *id001
#         value: !astropy.table.SerializedColumn {name: SkyCoord.ra}
#         wrap_angle: !astropy.coordinates.Angle
#           unit: *id001
#           value: 360.0
#       representation_type: spherical
# schema: astropy-2.0
RA_ICRS_1 DE_ICRS_1 e_RA_ICRS e_DE_ICRS _r_1 HIP TYC2 Source rgeo Plx e_Plx pmRA pmDE e_pmRA e_pmDE RUWE Teff logg Gmag BP-RP BPmag RPmag RV e_RV b_rgeo B_rgeo FG e_FG FBP e_FBP FRP e_FRP RAVE5 RAVE6 e_Gmag e_BPmag e_RPmag e_BP-RP SkyCoord.ra SkyCoord.dec SkyCoord.distance SkyCoord.pm_ra_cosdec SkyCoord.pm_dec
[from data line 4507]
106.2209736284 -30.48847963365 0.0264 0.031 123.2956 "" "" 5607689041750676096 656.182373 1.4905 0.038 -8.393 11.833 0.035 0.04 1.02 4373.8 4.5683 16.22171 1.503502 16.925755 15.422253 "" "" 643.39209 671.780518 6113.11152 2.574 2318.0 8.3483 5373.5 11.415 "" "" 0.002792988874256961 0.004803687 0.004427574 0.009231261 106.2209736284 -30.48847963365 656.182373 -8.393 11.833000000000002
110.05461544755 -29.82583214616 0.0255 0.0321 92.156 "" "" 5605674564655631872 525.087585 1.8747 0.0381 7.451 -17.654 0.035 0.041 0.985 4236.4 4.5288 16.22507 1.688464 17.030436 15.341971 "" "" 516.534363 534.169373 6094.22667 2.6645 2105.0 8.8997 5785.9 7.5668 "" "" 0.0027959134078462326 0.005371828 0.0040373155 0.009409144 110.05461544755 -29.82583214616 525.087585 7.4510000000000005 -17.654
109.79000212833 -30.02007215278 0.0257 0.0329 74.2126 "" "" 5605666971153680896 613.817505 1.6021 0.0381 -6.383 4.385 0.035 0.042 1.03 4716.7 4.3571 16.225105 1.631526 16.991558 15.360032 "" "" 598.039062 626.977966 6094.0339 6.447 2181.7 11.118 5690.4 20.467 "" "" 0.0029851502105324554 0.00619665 0.005434499 0.01163115 109.79000212833 -30.02007215278 613.817505 -6.382999999999999 4.385
106.97633519041 -31.40733962979 0.0244 0.0296 93.3113 "" "" 5604400333752162560 649.113098 1.5207 0.036 0.813 5.565 0.033 0.039 1.005 4451.3 4.6619 16.228933 1.52388 16.938433 15.414553 "" "" 634.758911 664.313293 6072.58301 2.438 2291.1 11.924 5411.7 9.2433 "" "" 0.0027895870951112436 0.0063020196 0.0042098397 0.010511859 106.97633519041 -31.40733962979 649.113098 0.8129999999999998 5.565
106.69496983143 -29.51468770072 0.0308 0.057 121.7164 "" "" 5609259591032818176 620.429077 1.5886 0.0556 -2.333 3.036 0.042 0.081 1.141 "" "" 16.230278 "" "" "" "" "" 602.322449 642.924011 6065.06426 9.2363 "" "" "" "" "" "" 0.0032133524825567997 "" "" "" 106.69496983143 -29.51468770072 620.429077 -2.3330000000000006 3.0359999999999996
108.77203621308 -30.71165355423 0.0252 0.0318 9.1352 "" "" 5605904603100472704 748.012207 1.3123 0.038 -6.885 4.152 0.034 0.04 0.933 4608.0 4.6478 16.230476 1.378108 16.854622 15.476514 "" "" 730.075378 767.522705 6063.95892 2.377 2475.0 12.019 5111.6 13.086 "" "" 0.0027879958991416775 0.0059652673 0.004691441 0.010656709 108.77203621308 -30.71165355423 748.012207 -6.885 4.152000000000001
107.65968080206 -29.32326742842 0.0266 0.0325 96.0229 "" "" 5606370727312519680 556.296326 1.7685 0.0384 4.322 -21.003 0.035 0.038 1.045 4300.1 4.5406 16.231266 1.704657 17.052164 15.347507 "" "" 544.394104 568.253662 6059.55323 2.784 2063.2 8.7911 5756.5 6.2698 "" "" 0.002800110920902392 0.0054024947 0.0039600697 0.009362564 107.65968080206 -29.32326742842 556.296326 4.322000000000001 -21.003000000000004
107.84528428353 -31.55001652195 0.0255 0.033 63.7432 "" "" 5604348759785140608 706.821106 1.4051 0.038 -0.795 9.717 0.033 0.04 1.027 4483.1 4.5718 16.232704 1.427032 16.88479 15.457759 "" "" 687.549377 725.955261 6051.52374 2.5582 2407.1 9.6929 5200.6 9.4626 "" "" 0.0027932870103318905 0.005186498 0.004264552 0.00945105 107.84528428353 -31.55001652195 706.821106 -0.7949999999999999 9.716999999999999
106.9858959404 -31.99565811668 0.0244 0.031 113.1813 "" "" 5604227641707520000 730.638855 1.3419 0.0343 -0.927 -5.718 0.032 0.039 1.029 4512.3 4.6267 16.232807 1.479464 16.920643 15.441179 "" "" 715.055237 750.884888 6050.95485 2.7497 2328.9 9.2202 5280.6 9.04 "" "" 0.0027991459259299563 0.005124635 0.0042117094 0.009336345 106.9858959404 -31.99565811668 730.638855 -0.927 -5.717999999999999
109.57540696963 -32.5782469514 0.0268 0.0332 123.1229 "" "" 5604736062757516160 660.446533 1.4857 0.0375 2.322 4.611 0.037 0.046 1.047 4482.0 4.6014 16.23346 1.472532 16.91802 15.445488 "" "" 645.445923 676.869812 6047.31592 2.6526 2334.6 7.6414 5259.7 10.005 "" "" 0.0027961762846658344 0.0045181923 0.004306871 0.008825064 109.57540696963 -32.5782469514 660.446533 2.322 4.611
108.40173931551 -30.97606064728 0.0266 0.0314 19.1511 "" "" 5605872201866419328 606.772827 1.6182 0.0373 -4.057 3.751 0.036 0.037 0.962 3881.1 4.3571 16.233517 1.852694 17.132769 15.280074 "" "" 594.827515 619.587708 6046.99777 8.7849 1915.6 19.613 6125.3 25.962 "" "" 0.0031748613780609564 0.0114611965 0.0059549143 0.01741611 108.40173931551 -30.97606064728 606.772827 -4.057 3.751
106.88520066814 -30.38249541929 0.0264 0.0315 90.438 "" "" 5604703008687122432 537.76947 1.8238 0.0383 -6.478 10.693 0.035 0.039 1.023 4206.0 4.5463 16.235525 1.93028 17.19394 15.263659 "" "" 528.084717 547.829834 6035.82982 2.8386 1810.7 9.1011 6218.6 11.524 "" "" 0.0028022338553952966 0.0061291377 0.0042815884 0.010410726 106.88520066814 -30.38249541929 537.76947 -6.477999999999998 10.692999999999998
108.73599928892 -32.02898066909 0.0258 0.0316 79.8549 "" "" 5603513577625116672 640.400024 1.5249 0.037 -2.598 5.01 0.035 0.037 0.967 4438.9 4.6043 16.235647 1.602998 16.992123 15.389125 "" "" 626.815979 652.285156 6035.14773 2.6728 2180.6 6.7028 5540.0 9.5943 "" "" 0.002796962446553611 0.0043500685 0.004221287 0.008571356 108.73599928892 -32.02898066909 640.400024 -2.598 5.01
108.55577969455 -28.69954020596 0.0238 0.0302 120.2555 "" "" 5606790259719852544 771.383789 1.2745 0.0373 -2.611 -2.852 0.032 0.038 0.976 4526.6 4.5405 16.236498 1.424145 16.891542 15.467398 "" "" 747.954285 793.615295 6030.41524 2.8203 2392.2 7.2692 5154.7 7.9062 "" "" 0.002801718429647184 0.0043208804 0.0041300002 0.008450881 108.55577969455 -28.69954020596 771.383789 -2.611 -2.8520000000000003
110.64418352275 -30.61950980761 0.0257 0.0327 105.8698 "" "" 5605384980780720256 559.750732 1.7542 0.0379 -5.039 4.153 0.034 0.038 1.002 4400.3 4.6077 16.236835 1.685544 17.04679 15.361245 "" "" 549.674744 569.969299 6028.54509 2.7787 2073.5 8.7097 5684.1 9.0669 "" "" 0.002800398410804717 0.0053464253 0.004157305 0.009503731 110.64418352275 -30.61950980761 559.750732 -5.039 4.153
110.14239356143 -29.88284279757 0.0263 0.0305 94.07 "" "" 5605673258985934336 576.085632 1.7093 0.0384 -2.611 16.098 0.037 0.04 0.986 4309.2 4.5464 16.236885 1.576197 16.975266 15.399069 "" "" 562.208801 588.13623 6028.26673 2.4943 2214.7 10.841 5489.5 10.088 "" "" 0.0027917034091477677 0.006002589 0.004273726 0.010276316 110.14239356143 -29.88284279757 576.085632 -2.611 16.098
108.81860479538 -32.50840278103 0.0264 0.0305 108.8937 "" "" 5603306457122346368 762.450623 1.2726 0.0373 0.618 4.163 0.035 0.037 0.979 4491.1 4.5543 16.23758 1.344006 16.84208 15.498074 "" "" 739.552612 783.404297 6024.42117 2.7256 2503.7 10.983 5011.1 9.0154 "" "" 0.002798764189075846 0.0055199075 0.0042543197 0.009774227 108.81860479538 -32.50840278103 762.450623 0.618 4.163
109.63946448944 -30.80901168168 0.0274 0.0356 54.2137 "" "" 5605186037892309248 754.309387 1.2977 0.0407 -4.067 8.213 0.037 0.044 1.071 4545.4 4.571 16.23763 1.361199 16.85279 15.491591 "" "" 729.115906 778.017517 6024.13572 2.71 2479.1 11.977 5041.1 10.162 "" "" 0.00279827615244989 0.0059413156 0.004367374 0.010308689 109.63946448944 -30.80901168168 754.309387 -4.067 8.212999999999997
109.56627336782 -30.53576417446 0.0249 0.0331 51.1401 "" "" 5605263038068452608 757.659607 1.2918 0.0378 -2.197 9.798 0.033 0.042 0.947 4641.6 4.7056 16.237684 1.239116 16.780842 15.541726 "" "" 738.854858 779.542114 6023.8396 2.495 2649.0 10.233 4813.6 9.0885 "" "" 0.002791776880260828 0.0050374647 0.0042995447 0.00933701 109.56627336782 -30.53576417446 757.659607 -2.1969999999999996 9.798000000000002
109.88563556229 -31.23396625845 0.0386 0.0494 73.6229 "" "" 5604973007516237696 734.426758 1.3465 0.0547 -2.437 -6.962 0.053 0.065 1.555 4468.9 4.6699 16.2384 1.539945 16.933182 15.393237 "" "" 702.041748 763.331665 6019.86314 4.573 2302.2 6.1133 5519.0 13.176 "" "" 0.0028761178308288307 0.0040121325 0.004582857 0.00859499 109.88563556229 -31.23396625845 734.426758 -2.4369999999999985 -6.962000000000001
106.6745546156 -31.68884903679 0.0262 0.0318 114.9417 "" "" 5604296910940120448 691.315552 1.4121 0.037 -14.442 -0.764 0.038 0.043 1.071 4655.4 4.6852 16.23895 1.406473 16.860403 15.45393 "" "" 678.031555 706.974548 6016.81549 2.6151 2461.8 14.615 5219.0 12.766 "" "" 0.0027954382164085347 0.007023684 0.0046191867 0.011642871 106.6745546156 -31.68884903679 691.315552 -14.442000000000002 -0.7639999999999998
108.11658591568 -30.17768279852 0.025 0.0328 40.1042 "" "" 5605993418722481536 670.61676 1.4686 0.0366 -8.723 18.657 0.032 0.038 1.035 4443.5 4.5433 16.239023 1.399381 16.87275 15.473369 "" "" 652.875427 687.163757 6016.41362 2.3848 2434.0 10.806 5126.4 11.556 "" "" 0.002788728170683863 0.005569539 0.0045026536 0.010072192 108.11658591568 -30.17768279852 670.61676 -8.723000000000003 18.656999999999996
108.80615977937 -30.88569141627 0.0257 0.0325 15.4177 "" "" 5605143088219902336 654.687439 1.5049 0.039 -2.241 3.301 0.036 0.041 0.997 4482.4 4.5735 16.239033 1.562792 16.959711 15.396919 "" "" 639.121399 672.382141 6016.36062 3.1202 2246.6 9.9905 5500.4 9.7239 "" "" 0.0028122682177752338 0.0055764345 0.004238857 0.0098152915 108.80615977937 -30.88569141627 654.687439 -2.2410000000000005 3.3010000000000006
109.19529725967 -32.70898583477 0.0272 0.0343 124.1657 "" "" 5603241860814030080 755.014465 1.3037 0.0375 -8.956 2.449 0.036 0.044 0.992 4548.0 4.5961 16.23993 1.439457 16.90234 15.462883 "" "" 734.966248 771.985718 6011.39038 2.7827 2368.5 10.581 5176.1 8.8757 "" "" 0.0028007835264351514 0.0055956626 0.004213061 0.009808724 109.19529725967 -32.70898583477 755.014465 -8.956 2.4489999999999994
107.0902975423 -29.72949454646 0.0249 0.034 97.4834 "" "" 5609243098358122624 546.961426 1.7967 0.0401 5.693 14.785 0.033 0.044 1.026 4330.6 4.5828 16.240665 1.724502 17.075888 15.351386 "" "" 536.065613 559.829407 6007.31274 2.6661 2018.7 8.3937 5735.9 8.1745 "" "" 0.0027971374765657685 0.0053071096 0.0040838667 0.009390976 107.0902975423 -29.72949454646 546.961426 5.6930000000000005 14.785
107.75028554037 -31.35359447466 0.0259 0.0341 58.3824 "" "" 5604367004806207104 731.171875 1.3482 0.0394 -12.39 6.16 0.038 0.044 0.988 4558.7 4.671 16.241173 1.372281 16.863712 15.491431 "" "" 708.395447 751.662354 6004.51001 2.5459 2454.3 8.0029 5041.8 8.3647 "" "" 0.0027935123916626504 0.0045076604 0.0041866996 0.00869436 107.75028554037 -31.35359447466 731.171875 -12.390000000000002 6.16
109.57693758041 -31.81965926309 0.0431 0.0547 83.7852 "" "" 5604853676144090112 685.659119 1.4459 0.0616 -0.141 9.72 0.06 0.071 1.713 4154.0 4.3566 16.24208 1.796109 17.0925 15.296392 "" "" 656.63031 714.965637 5999.49205 7.6197 1988.0 9.4112 6033.9 9.7759 "" "" 0.0030811175159035807 0.0058483677 0.004168699 0.010017067 109.57693758041 -31.81965926309 685.659119 -0.14100000000000068 9.720000000000002
109.54197519677 -31.18502770197 0.2217 0.2691 56.6426 "" "" 5605157927325159296 731.396851 1.5487 0.3077 -6.592 1.118 0.314 0.359 9.731 "" "" 16.242338 0.96511 16.488438 15.523328 "" "" 616.794617 885.792114 5998.06722 23.604 3467.7 8.0099 4895.8 10.313 "" "" 0.00508403708451614 0.003751613 0.0044175293 0.0081691425 109.54197519677 -31.18502770197 731.396851 -6.591999999999999 1.1180000000000003
110.32862490781 -32.07781246337 0.0258 0.0307 121.1642 "" "" 5604776847767495936 636.638306 1.5452 0.0356 -10.497 10.498 0.036 0.04 1.053 4416.7 4.5606 16.243622 1.489262 16.925148 15.435886 "" "" 621.886658 649.616699 5990.98017 2.3686 2319.3 10.104 5306.4 9.5323 "" "" 0.0027885572629243777 0.005491621 0.0042529707 0.009744592 110.32862490781 -32.07781246337 636.638306 -10.497000000000002 10.498000000000001
109.7525863995 -32.26491151948 0.0272 0.0341 110.8298 "" "" 5604759667897608192 727.187622 1.3496 0.0368 -19.318 20.09 0.037 0.044 1.046 4563.1 4.6555 16.243967 1.403976 16.853434 15.449458 "" "" 704.383667 748.218079 5989.08237 2.7805 2477.7 9.672 5240.5 18.899 "" "" 0.002801048262734546 0.005074273 0.005441975 0.010516248 109.7525863995 -32.26491151948 727.187622 -19.318000000000005 20.09
107.18490990077 -30.22044311759 0.0258 0.0304 78.4845 "" "" 5606209099100654848 766.732788 1.2794 0.0377 0.84 -3.46 0.035 0.038 1.02 4527.1 4.5737 16.244032 1.367269 16.8652 15.497931 "" "" 748.524597 787.056641 5988.71729 2.9215 2451.0 7.2585 5011.7 10.199 "" "" 0.002805766936232641 0.004257171 0.0043778624 0.008635033 107.18490990077 -30.22044311759 766.732788 0.8400000000000001 -3.460000000000001
109.12156522527 -31.50221796235 0.0259 0.0349 55.0254 "" "" 5605065125972399232 685.39624 1.436 0.0409 0.372 -7.034 0.035 0.043 1.078 4530.4 4.5519 16.244658 1.418105 16.893358 15.475253 "" "" 669.362854 704.401428 5985.27255 2.4028 2388.2 6.8905 5117.5 7.7835 "" "" 0.002789582934811776 0.0041950215 0.0041244044 0.008319426 109.12156522527 -31.50221796235 685.39624 0.372 -7.034
107.78761386092 -29.53423544396 0.0238 0.0315 81.7221 "" "" 5606259882793394816 668.86499 1.4713 0.0366 4.263 -2.433 0.032 0.037 1.041 4475.1 4.6541 16.247587 1.59212 16.99871 15.40659 "" "" 650.700256 684.760498 5969.14265 2.3864 2167.4 6.5424 5451.6 8.1417 "" "" 0.0027893014430286113 0.0043041892 0.0041125384 0.008416727 107.78761386092 -29.53423544396 668.86499 4.263 -2.433
107.9175129489 -31.93081809208 0.3378 0.4182 81.4202 "" "" 5603561990496287744 600.940002 1.9939 0.4849 -3.977 6.423 0.46 0.529 12.182 "" "" 16.249304 0.900546 16.428175 15.527629 "" "" 466.243591 927.287659 5959.70724 29.568 3665.6 10.852 4876.5 9.6509 "" "" 0.006050465273656628 0.0042563947 0.004347506 0.008603901 107.9175129489 -31.93081809208 600.940002 -3.9769999999999994 6.423000000000001
108.22106074251 -30.09510933067 0.0251 0.0324 41.321 "" "" 5605995553319318272 675.813599 1.454 0.0389 -6.356 -0.762 0.034 0.039 0.944 4482.9 4.6028 16.24961 1.480096 16.93098 15.450885 "" "" 660.361145 699.643005 5958.03095 2.586 2306.9 11.555 5233.6 10.103 "" "" 0.0027953290768740055 0.0061123217 0.0043216427 0.010433964 108.22106074251 -30.09510933067 675.813599 -6.356000000000001 -0.762
106.46878602928 -31.49014900287 0.0281 0.0318 119.0069 "" "" 5604491215261522688 643.758972 1.524 0.0381 -2.625 12.71 0.041 0.041 0.924 4400.0 4.6527 16.249653 1.595894 17.000837 15.404943 "" "" 629.056213 663.41095 5957.79437 2.5767 2163.1 8.3993 5459.9 9.2344 "" "" 0.0027950469965809855 0.0050555808 0.00420188 0.009257461 106.46878602928 -31.49014900287 643.758972 -2.625 12.710000000000003
107.79720764228 -30.7744364164 0.0264 0.0324 41.3724 "" "" 5605944563476898816 686.788879 1.4345 0.0382 1.122 -4.304 0.034 0.043 0.98 4470.7 4.5981 16.249842 1.514401 16.955662 15.441261 "" "" 669.738525 703.901611 5956.75548 2.6724 2255.0 8.1786 5280.2 7.0521 "" "" 0.002798044578161001 0.004826131 0.0040480196 0.00887415 107.79720764228 -30.7744364164 686.788879 1.122 -4.304
108.0106293855 -31.093415902 0.0303 0.0358 38.1197 "" "" 5605877733784521984 561.398132 1.7589 0.0436 -2.091 -2.123 0.042 0.046 1.149 4298.7 4.5808 16.251543 1.709646 17.074915 15.365269 "" "" 545.567383 580.015869 5947.43034 2.7338 2020.5 7.6627 5663.1 12.356 "" "" 0.0028001536562330988 0.0049739243 0.004460431 0.009434355 108.0106293855 -31.093415902 561.398132 -2.0910000000000006 -2.123
108.7469545708 -30.93830300985 0.026 0.0338 16.1122 "" "" 5605142435384918784 763.484802 1.2862 0.0397 -2.991 4.293 0.036 0.041 1.026 4553.6 4.5815 16.253017 1.411758 16.90118 15.489422 "" "" 740.623535 789.486023 5939.35755 3.9802 2371.1 9.711 5051.1 11.203 "" "" 0.0028497690955777617 0.005249594 0.004481364 0.009730957 108.7469545708 -30.93830300985 763.484802 -2.9910000000000005 4.292999999999999
