Clusters/Collinder_132/Collinder_132_stars_in_region.tsv
# %ECSV 1.0
# ---
# datatype:
# - name: RA_ICRS_1
#   unit: deg
#   datatype: float64
#   format: '{:15.11f}'
#   description: Right ascension (ICRS) at Ep=2016.0 (ra)
#   meta: !!omap
#   - {ucd: POS_EQ_RA_MAIN}
#   - {width: 15}
#   - {precision: '11'}
# - name: DE_ICRS_1
#   unit: deg
#   datatype: float64
#   format: '{:15.11f}'
#   description: Declination (ICRS) at Ep=2016.0 (dec)
#   meta: !!omap
#   - {ucd: POS_EQ_DEC_MAIN}
#   - {width: 15}
#   - {precision: '11'}
# - name: e_RA_ICRS
#   unit: mas
#   datatype: float64
#   format: '{:7.4f}'
#   description: Standard error of right ascension (ra_error)
#   meta: !!omap
#   - {ucd: ERROR}
#   - {width: 7}
#   - {precision: '4'}
# - name: e_DE_ICRS
#   unit: mas
#   datatype: float64
#   format: '{:7.4f}'
#   description: Standard error of declination (dec_error)
#   meta: !!omap
#   - {ucd: ERROR}
#   - {width: 7}
#   - {precision: '4'}
# - name: _r_1
#   unit: ''
#   datatype: float64
#   format: '{:8.4f}'
#   description: Distance from center (108.59520599000-30.70350605000)[ICRS], at Epoch=J2016.0
#   meta: !!omap
#   - {ucd: POS_ANG_DIST_GENERAL}
#   - {width: 8}
#   - {precision: '4'}
# - name: HIP
#   datatype: int32
#   description: '? HIP cross-id number, van Leeuwen, Cat. I/311 (hip_original_ext_source_id)'
#   meta: !!omap
#   - {ucd: ID_NUMBER}
#   - {width: 6}
#   - values: {'null': -2147483648}
# - name: TYC2
#   datatype: string
#   description: Tycho-2 cross-id name, Hog et al., Cat. I/259 (tyc2_original_ext_source_id)
#   meta: !!omap
#   - {ucd: ID_CROSSID}
#   - {_votable_string_dtype: char}
# - name: Source
#   datatype: int64
#   description: Source identifier, identical to the Gaia-EDR3 source_id (id)
#   meta: !!omap
#   - {ucd: ID_MAIN}
#   - {width: 19}
# - name: rgeo
#   unit: pc
#   datatype: float64
#   format: '{:15.8f}'
#   description: '? Median of the geometric distance posterior (r_med_geo)'
#   meta: !!omap
#   - {ucd: PHYS_DISTANCE_TRUE}
#   - {width: 15}
#   - {precision: '8'}
#   - values: {'null': .nan}
# - name: Plx
#   unit: mas
#   datatype: float64
#   format: '{:9.4f}'
#   description: '? Parallax (parallax)'
#   meta: !!omap
#   - {ucd: POS_PARLX_TRIG}
#   - {width: 9}
#   - {precision: '4'}
#   - values: {'null': .nan}
# - name: e_Plx
#   unit: mas
#   datatype: float32
#   format: '{:7.4f}'
#   description: '? Standard error of parallax (parallax_error)'
#   meta: !!omap
#   - {ucd: ERROR}
#   - {width: 7}
#   - {precision: '4'}
#   - values: {'null': .nan}
# - name: pmRA
#   unit: mas / yr
#   datatype: float64
#   format: '{:9.3f}'
#   description: '? Proper motion in right ascension direction, pmRA*cosDE (pmra)'
#   meta: !!omap
#   - {ucd: POS_EQ_PMRA}
#   - {width: 9}
#   - {precision: '3'}
#   - values: {'null': .nan}
# - name: pmDE
#   unit: mas / yr
#   datatype: float64
#   format: '{:9.3f}'
#   description: '? Proper motion in declination direction (pmdec)'
#   meta: !!omap
#   - {ucd: POS_EQ_PMDEC}
#   - {width: 9}
#   - {precision: '3'}
#   - values: {'null': .nan}
# - name: e_pmRA
#   unit: mas / yr
#   datatype: float32
#   format: '{:6.3f}'
#   description: '? Standard error of proper motion in right ascension direction (pmra_error)'
#   meta: !!omap
#   - {ucd: ERROR}
#   - {width: 6}
#   - {precision: '3'}
#   - values: {'null': .nan}
# - name: e_pmDE
[...]
#         unit: &id001 !astropy.units.Unit {unit: deg}
#         value: !astropy.table.SerializedColumn {name: SkyCoord.dec}
#       distance: !astropy.table.SerializedColumn
#         __class__: astropy.coordinates.distances.Distance
#         unit: !astropy.units.Unit {unit: pc}
#         value: !astropy.table.SerializedColumn {name: SkyCoord.distance}
#       frame: icrs
#       obstime: !astropy.time.Time {format: jyear_str, in_subfmt: '*', jd1: 367701545.0, jd2: 0.0, out_subfmt: '*', precision: 3, scale: tt}
#       pm_dec: !astropy.table.SerializedColumn
#         __class__: astropy.units.quantity.Quantity
#         unit: !astropy.units.Unit {unit: mas / yr}
#         value: !astropy.table.SerializedColumn {name: SkyCoord.pm_dec}
#       pm_ra_cosdec: !astropy.table.SerializedColumn
#         __class__: astropy.units.quantity.Quantity
#         unit: !astropy.units.Unit {unit: mas / yr}
#         value: !astropy.table.SerializedColumn {name: SkyCoord.pm_ra_cosdec}
#       ra: !astropy.table.SerializedColumn
#         __class__: astropy.coordinates.angles.Longitude
#         unit: *id001
#         value: !astropy.table.SerializedColumn {name: SkyCoord.ra}
#         wrap_angle: !astropy.coordinates.Angle
#           unit: *id001
#           value: 360.0
#       representation_type: spherical
# schema: astropy-2.0
RA_ICRS_1 DE_ICRS_1 e_RA_ICRS e_DE_ICRS _r_1 HIP TYC2 Source rgeo Plx e_Plx pmRA pmDE e_pmRA e_pmDE RUWE Teff logg Gmag BP-RP BPmag RPmag RV e_RV b_rgeo B_rgeo FG e_FG FBP e_FBP FRP e_FRP RAVE5 RAVE6 e_Gmag e_BPmag e_RPmag e_BP-RP SkyCoord.ra SkyCoord.dec SkyCoord.distance SkyCoord.pm_ra_cosdec SkyCoord.pm_dec
[from data line 4588]
108.40531887412 -29.93891886623 0.0818 0.0996 46.9175 "" "" 5606092104194658688 601.105957 1.6665 0.1161 -14.804 24.679 0.111 0.135 3.511 4248.9 4.5689 16.282452 1.820953 17.103085 15.282131 "" "" 549.434143 659.272461 5780.51342 14.728 1968.7 10.849 6113.7 12.92 "" "" 0.003904393521913177 0.0066018095 0.0044213487 0.011023158 108.40531887412 -29.93891886623 601.105957 -14.804 24.679000000000002
109.66790700957 -32.13180429008 0.1094 0.1365 101.7872 "" "" 5604764684419415168 766.328735 1.3196 0.1501 -5.043 5.153 0.144 0.172 4.577 "" "" 16.282742 0.968839 16.57772 15.608882 "" "" 700.024719 860.57135 5778.96246 10.215 3194.0 12.511 4524.9 10.043 "" "" 0.0033578254452877273 0.005086442 0.0044822767 0.009568719 109.66790700957 -32.13180429008 766.328735 -5.043000000000001 5.152999999999999
108.37565717188 -29.09800587703 0.0269 0.0328 97.0044 "" "" 5606387460505690240 708.177917 1.3946 0.0415 16.068 -1.417 0.037 0.045 0.97 4394.7 4.6602 16.28355 1.580394 17.026382 15.445989 "" "" 690.694885 727.679077 5774.66525 2.6135 2112.8 7.4872 5257.3 7.9816 "" "" 0.002798793764422906 0.0047527635 0.004123204 0.008875968 108.37565717188 -29.09800587703 708.177917 16.068 -1.4169999999999996
110.56258200618 -30.58717676592 0.039 0.046 101.7948 "" "" 5605388897790942208 695.182373 1.4196 0.0564 -6.894 8.453 0.054 0.057 1.518 4330.7 4.6397 16.283783 1.545346 17.002548 15.457202 "" "" 672.539978 720.137268 5773.42417 2.6271 2159.7 8.9267 5203.3 8.5871 "" "" 0.0027992625629285773 0.005284346 0.00418262 0.009466967 110.56258200618 -30.58717676592 695.182373 -6.894 8.453000000000001
109.20869471184 -30.84202696084 0.026 0.032 32.7005 "" "" 5605228266012471808 766.506042 1.2771 0.0376 -7.406 8.342 0.038 0.042 1.065 4499.4 4.5684 16.284885 1.384041 16.917446 15.533405 "" "" 744.76886 789.365479 5767.56706 2.585 2335.8 8.9144 4850.6 8.615 "" "" 0.0027979619148126612 0.004995468 0.0042429036 0.009238372 109.20869471184 -30.84202696084 766.506042 -7.405999999999999 8.342
107.34637663356 -30.93226957979 0.0312 0.0389 65.7968 "" "" 5604438851018718848 535.78418 1.8199 0.0479 -5.158 -5.668 0.046 0.049 1.143 "" "" 16.285208 "" "" "" "" "" 522.701904 552.251587 5765.85061 5.2155 "" "" "" "" "" "" 0.0029251179276013005 "" "" "" 107.34637663356 -30.93226957979 535.78418 -5.158 -5.668
110.82685781363 -30.71793097234 0.0274 0.0336 115.122 "" "" 5605376665724257152 661.384216 1.4975 0.0401 3.371 4.092 0.039 0.041 0.945 4486.1 4.5169 16.286774 1.527387 16.998087 15.4707 "" "" 645.580688 678.918579 5757.54104 2.6775 2168.6 7.7053 5139.0 6.9145 "" "" 0.002801200946959827 0.0047610193 0.0040518907 0.00881291 110.82685781363 -30.71793097234 661.384216 3.3709999999999996 4.092
108.60556060682 -32.8600575248 0.0302 0.0335 129.3942 "" "" 5603260140195289216 683.567627 1.4373 0.0398 0.321 17.659 0.038 0.041 1.173 4388.5 4.5806 16.28691 1.603026 17.02382 15.420794 "" "" 667.100647 704.046204 5756.82614 3.0088 2117.8 9.1001 5380.7 10.19 "" "" 0.002813147552865122 0.0054360526 0.004302508 0.009738561 108.60556060682 -32.8600575248 683.567627 0.3210000000000006 17.659
108.58580865078 -29.18976797577 0.0267 0.0327 90.8256 "" "" 5606341040497838080 699.280823 1.3891 0.0397 -8.005 -3.722 0.038 0.044 1.056 4309.9 4.4343 16.287191 1.469358 16.910286 15.440928 "" "" 681.536804 716.855774 5755.32613 2.634 2351.3 10.281 5281.9 10.944 "" "" 0.002799767906921079 0.0055065798 0.004398243 0.009904822 108.58580865078 -29.18976797577 699.280823 -8.005 -3.722000000000001
109.482573097 -30.74453882681 0.0253 0.0322 45.8349 "" "" 5605233042015879808 679.072388 1.4444 0.0373 4.124 0.543 0.034 0.041 1.054 4314.5 4.5091 16.287859 1.594938 17.03431 15.439371 "" "" 661.569946 696.210144 5751.78878 2.2828 2097.5 8.0128 5289.4 12.248 "" "" 0.0027888124905695497 0.004998841 0.0045392117 0.009538053 109.482573097 -30.74453882681 679.072388 4.124 0.5430000000000001
107.45778203489 -31.91320451819 0.0292 0.034 93.1001 "" "" 5604313231816261376 576.337402 1.7037 0.0407 -3.678 4.685 0.039 0.041 1.171 4216.7 4.6538 16.288805 1.763038 17.1187 15.355662 "" "" 562.741638 588.399719 5746.78717 2.9869 1940.6 7.7076 5713.4 9.9477 "" "" 0.0028125145913660324 0.005136229 0.004225792 0.009362021 107.45778203489 -31.91320451819 576.337402 -3.678 4.685
110.38049198828 -31.61418411114 0.067 0.0841 106.7115 "" "" 5604898824839632896 606.478943 1.6702 0.098 6.239 11.871 0.089 0.099 3.472 4401.7 4.6002 16.288923 1.593862 16.960148 15.366285 "" "" 571.199097 645.17865 5746.15378 5.0294 2245.7 9.425 5657.8 10.529 "" "" 0.0029145960059687734 0.0053431173 0.004285585 0.009628702 110.38049198828 -31.61418411114 606.478943 6.238999999999998 11.871000000000002
109.39816816061 -28.89915698713 0.0254 0.0336 116.0513 "" "" 5606735936972837632 710.812866 1.3861 0.0406 -14.736 5.08 0.035 0.045 0.974 4461.6 4.5531 16.28977 1.528981 17.004585 15.475604 "" "" 689.985779 733.968994 5741.67778 2.4787 2155.7 7.41 5115.8 8.9438 "" "" 0.002794903172007942 0.0046597933 0.0042292713 0.008889064 109.39816816061 -28.89915698713 710.812866 -14.736 5.08
108.04432483993 -30.77275053073 0.0244 0.0296 28.7115 "" "" 5605936282779810944 765.828552 1.2736 0.0356 -12.932 21.159 0.033 0.037 0.98 4560.4 4.6273 16.29005 1.445876 16.954948 15.509072 "" "" 745.547302 785.60022 5740.18909 2.3278 2256.5 6.8084 4960.5 8.2964 "" "" 0.0027902776038127193 0.004303108 0.0041929907 0.008496098 108.04432483993 -30.77275053073 765.828552 -12.932000000000002 21.159
108.5657592032 -31.10623751237 0.0515 0.0712 24.2114 "" "" 5605116047097155968 582.167114 1.6928 0.0725 -7.177 -1.742 0.077 0.122 1.382 "" "" 16.290194 "" "" "" "" "" 557.614563 603.743225 5739.43833 8.5862 "" "" "" "" "" "" 0.003198439341188242 "" "" "" 108.5657592032 -31.10623751237 582.167114 -7.177 -1.742
109.42711057249 -30.92850758125 0.032 0.0409 44.9426 "" "" 5605224555160609280 592.621338 1.6707 0.0483 -0.081 9.5 0.045 0.059 1.244 "" "" 16.291586 1.826442 16.769932 14.94349 "" "" 575.19574 610.888489 5732.08647 3.5283 2675.7 12.843 8351.5 19.755 "" "" 0.0028352117811270435 0.005911312 0.0045694225 0.0104807345 109.42711057249 -30.92850758125 592.621338 -0.08099999999999996 9.5
109.93774198907 -28.93230254545 0.027 0.0367 127.1899 "" "" 5606537097168083072 683.717407 1.4371 0.0426 -2.283 4.537 0.034 0.042 1.027 4487.6 4.6043 16.291727 1.5397 17.014032 15.474332 "" "" 665.640076 702.342163 5731.33249 2.8368 2137.0 6.8059 5121.8 7.9642 "" "" 0.002807238473070578 0.004443167 0.0041393247 0.008582491 109.93774198907 -28.93230254545 683.717407 -2.2830000000000004 4.537
107.59221345486 -28.8522340112 0.1349 0.1727 122.7427 "" "" 5609402248365695872 526.905396 1.9411 0.2082 1.621 -1.896 0.176 0.201 7.425 "" "" 16.292425 1.08623 16.542841 15.456611 "" "" 481.432526 597.942322 5727.65423 6.0576 3298.2 7.8454 5206.1 12.291 "" "" 0.0029850189572191233 0.0038019773 0.004566642 0.008368619 107.59221345486 -28.8522340112 526.905396 1.6209999999999996 -1.896
109.90122440944 -29.18981511894 0.0262 0.0344 113.3942 "" "" 5606479785123271424 756.015625 1.2903 0.0398 -6.55 6.196 0.033 0.042 0.956 4713.6 4.6405 16.292652 1.263094 16.857439 15.594345 "" "" 729.82782 781.295715 5726.45446 2.4562 2468.5 7.2329 4585.9 8.3187 "" "" 0.0027943982991533796 0.0042315093 0.004261765 0.008493274 109.90122440944 -29.18981511894 756.015625 -6.549999999999999 6.196
109.26588096015 -29.62866747575 0.0796 0.0892 73.2757 "" "" 5606114712902880000 544.610229 1.8343 0.1151 2.084 0.468 0.103 0.111 3.389 "" "" 16.293415 1.946549 17.157505 15.210957 "" "" 518.347778 585.528015 5722.43263 5.8861 1872.5 7.8761 6527.9 14.115 "" "" 0.0029730468679518484 0.005351717 0.004449174 0.00980089 109.26588096015 -29.62866747575 544.610229 2.084 0.4680000000000001
108.84494113948 -30.51174434562 0.0267 0.0327 17.2829 "" "" 5606002180456107392 605.414551 1.6173 0.0387 -6.04 10.655 0.038 0.046 0.977 4469.5 4.6562 16.29344 1.567054 17.0283 15.461246 "" "" 592.694885 621.708313 5722.30643 2.9873 2109.1 11.16 5183.9 10.08 "" "" 0.0028130152658699505 0.006386726 0.004329073 0.010715799 108.84494113948 -30.51174434562 605.414551 -6.040000000000001 10.655000000000001
110.75827361479 -31.58133613939 0.0343 0.0418 122.9309 "" "" 5604907758372506240 652.618103 1.5088 0.0492 -1.126 -2.039 0.047 0.056 1.374 4198.0 4.3926 16.293634 1.918097 17.23012 15.312023 "" "" 631.458313 677.163269 5721.28082 5.7387 1751.3 7.6917 5947.7 8.5356 "" "" 0.0029627354592790577 0.005524861 0.004087977 0.009612838 110.75827361479 -31.58133613939 652.618103 -1.126 -2.039
110.17626010203 -32.01171844369 0.0293 0.0339 112.7943 "" "" 5604781520691977984 768.311035 1.2819 0.0403 -2.824 -10.667 0.04 0.043 1.044 4555.6 4.5977 16.293863 1.436611 16.951946 15.515335 "" "" 740.402344 790.863708 5720.07292 2.727 2262.8 11.402 4932.0 10.255 "" "" 0.0028035184967369797 0.006141323 0.0044023003 0.010543624 110.17626010203 -32.01171844369 768.311035 -2.824 -10.666999999999998
107.92349318755 -30.58778777596 0.0263 0.0342 35.3622 "" "" 5605954115484034304 730.374756 1.3435 0.039 1.142 9.985 0.034 0.045 0.98 4469.5 4.5479 16.294273 1.391211 16.927464 15.536253 "" "" 712.938843 751.537781 5717.90693 2.3983 2314.4 11.218 4837.9 9.6075 "" "" 0.0027927005485206165 0.00595652 0.0043511707 0.01030769 107.92349318755 -30.58778777596 730.374756 1.1419999999999995 9.984999999999998
110.34823780332 -29.60013329076 0.0265 0.0321 112.4903 "" "" 5605707206407989376 683.743958 1.4333 0.0385 3.75 3.309 0.038 0.041 0.987 4545.4 4.6115 16.294582 1.513667 16.989777 15.476109 "" "" 662.133301 703.33783 5716.28139 2.412 2185.3 7.2546 5113.5 12.088 "" "" 0.0027931472933923128 0.0045581106 0.0045685046 0.009126615 110.34823780332 -29.60013329076 683.743958 3.7499999999999996 3.309
110.44403503825 -30.2813705629 0.0276 0.0342 98.885 "" "" 5605601137893177856 730.332642 1.3369 0.041 0.824 -2.617 0.036 0.04 1.052 4313.2 4.4818 16.295324 1.554693 17.01385 15.459156 "" "" 708.678284 751.895935 5712.38217 2.3788 2137.4 10.669 5193.9 11.504 "" "" 0.002792169853222136 0.0060956078 0.004479599 0.010575207 110.44403503825 -30.2813705629 730.332642 0.8240000000000001 -2.617
109.64866446099 -31.30493393585 0.0259 0.0315 65.0941 "" "" 5605153258702213504 766.779297 1.2743 0.0359 1.651 7.14 0.036 0.04 0.985 4539.7 4.5541 16.29581 1.414824 16.941315 15.526491 "" "" 745.020508 788.765808 5709.81607 2.3779 2285.0 7.9965 4881.6 9.6397 "" "" 0.0027921750414443983 0.004714024 0.0043451674 0.009059191 109.64866446099 -31.30493393585 766.779297 1.6510000000000005 7.14
109.52189589263 -29.38115289642 0.0265 0.0309 92.798 "" "" 5606499438894380288 615.731384 1.5964 0.0388 -10.156 8.352 0.035 0.04 0.933 4438.0 4.5976 16.297195 1.544514 17.019913 15.475399 "" "" 600.358337 630.271851 5702.54679 2.8168 2125.5 9.5363 5116.8 8.8328 "" "" 0.002807029026486583 0.0056137703 0.004218588 0.009832358 109.52189589263 -29.38115289642 615.731384 -10.156 8.352
109.16433225057 -30.0581666652 0.0295 0.035 48.6523 "" "" 5606050906867686784 589.516724 1.6677 0.0423 -0.527 5.053 0.043 0.043 1.098 4347.0 4.5825 16.298763 1.601744 17.051462 15.449718 "" "" 572.080444 603.006836 5694.31114 2.3806 2064.6 7.094 5239.3 10.25 "" "" 0.0027924583222545644 0.004658592 0.0043353806 0.008993972 109.16433225057 -30.0581666652 589.516724 -0.5270000000000001 5.053000000000001
107.89211807327 -32.11655918806 0.0266 0.0311 92.1102 "" "" 5603553847238338304 710.765747 1.385 0.0369 -3.405 8.08 0.035 0.038 1.042 4499.3 4.6389 16.30016 1.550519 17.030746 15.480227 "" "" 692.524902 731.022522 5686.99181 2.5338 2104.4 7.945 5094.1 10.35 "" "" 0.0027974624117665563 0.0049586063 0.0043760687 0.009334675 107.89211807327 -32.11655918806 710.765747 -3.405 8.08
109.88641870682 -30.0203021488 0.0248 0.0331 78.4141 "" "" 5605665695537711616 712.192322 1.3787 0.0388 -4.775 -16.077 0.033 0.044 0.992 4754.4 4.6573 16.30035 1.237947 16.840477 15.602531 "" "" 693.482117 731.59906 5686.0019 2.2954 2507.4 14.505 4551.4 8.8891 "" "" 0.0027899641585187526 0.006872709 0.0043336153 0.011206324 109.88641870682 -30.0203021488 712.192322 -4.775 -16.077000000000005
107.18219129927 -30.43141039416 0.0256 0.033 74.8017 "" "" 5604658581545197824 652.983948 1.4973 0.0385 -1.876 -3.655 0.035 0.04 0.997 4435.9 4.6067 16.300442 1.569885 17.04133 15.471445 "" "" 634.367188 671.921082 5685.52197 2.4955 2083.9 8.3941 5135.5 7.3841 "" "" 0.002796228270201979 0.005187667 0.0040891143 0.009276781 107.18219129927 -30.43141039416 652.983948 -1.876 -3.6550000000000002
107.09389938593 -29.55362603216 0.1757 0.2501 104.064 "" "" 5609249691126456320 601.555908 1.8043 0.2878 -1.587 8.635 0.245 0.371 9.098 "" "" 16.301512 1.342202 16.515713 15.173511 "" "" 509.111877 778.296936 5679.91807 7.6241 3381.7 9.7702 6757.0 12.642 "" "" 0.003117006032376783 0.0041981936 0.0042907037 0.008488897 107.09389938593 -29.55362603216 601.555908 -1.587 8.635
108.33558098467 -31.6809988036 0.0281 0.0331 60.1443 "" "" 5603595628679905024 594.051819 1.6503 0.0407 -4.419 -2.124 0.04 0.039 1.017 "" "" 16.30218 1.986136 17.298775 15.312638 "" "" 579.933411 611.865784 5676.42289 4.1826 1644.0 10.106 5944.3 12.453 "" "" 0.0028691125523188665 0.007233984 0.004411049 0.011645033 108.33558098467 -31.6809988036 594.051819 -4.419 -2.124
106.69653790863 -30.33935867079 0.0261 0.0318 100.5366 "" "" 5604718745446898304 719.998352 1.3627 0.0372 -3.184 3.495 0.035 0.038 1.009 "" "" 16.30223 1.742417 17.14076 15.398343 "" "" 702.278931 740.560425 5676.16117 4.4565 1901.6 10.72 5493.1 16.823 "" "" 0.0028841709986436592 0.0067266496 0.005033915 0.0117605645 106.69653790863 -30.33935867079 719.998352 -3.184 3.495
110.09012624724 -30.59759227314 0.0275 0.0382 77.4248 "" "" 5605214487756396928 608.50354 1.6114 0.0418 11.935 11.322 0.036 0.048 1.069 4501.4 4.5994 16.302364 1.50944 16.93586 15.426419 "" "" 596.556091 626.865417 5675.46409 2.8745 2296.5 26.616 5352.9 46.776 "" "" 0.0028096586121911637 0.012889101 0.0102126915 0.023101792 110.09012624724 -30.59759227314 608.50354 11.935 11.322
109.6525661473 -29.65558372352 0.0253 0.031 83.4314 "" "" 5606439137551949440 686.635315 1.4316 0.0392 -18.531 10.395 0.035 0.04 0.985 4255.7 4.452 16.303406 1.636764 17.079739 15.442974 "" "" 665.127441 711.392578 5670.01445 2.3572 2011.5 5.9491 5271.9 7.5949 "" "" 0.0027920472577681187 0.0042539737 0.004090269 0.008344242 109.6525661473 -29.65558372352 686.635315 -18.531 10.395000000000001
109.54810123959 -32.3397186975 0.026 0.0331 109.6032 "" "" 5604754960613576448 732.586243 1.3363 0.0373 -6.006 5.124 0.036 0.045 1.0 4556.6 4.5634 16.304214 1.442246 16.967127 15.524881 "" "" 719.001953 748.530701 5665.79144 2.6759 2231.3 9.7588 4888.8 9.7319 "" "" 0.0028026301536986965 0.005507627 0.0043537393 0.009861367 109.54810123959 -32.3397186975 732.586243 -6.006000000000001 5.123999999999999
108.18810226859 -29.38806813006 0.0278 0.0321 81.7091 "" "" 5606359216800186880 677.333862 1.4446 0.0381 3.953 5.969 0.036 0.041 0.988 4348.2 4.5534 16.304216 1.463594 16.978626 15.515032 "" "" 658.88092 693.715759 5665.78667 2.4348 2207.8 7.5144 4933.4 7.7569 "" "" 0.002794546038471148 0.0046304287 0.0041470486 0.008777477 108.18810226859 -29.38806813006 677.333862 3.953 5.969000000000001
107.45621756322 -32.60134192048 0.0405 0.0372 127.8667 "" "" 5603433863031404672 598.388245 1.643 0.0453 -6.061 0.003 0.059 0.05 1.221 "" "" 16.304619 1.587807 16.842659 15.254852 "" "" 579.262512 617.566101 5663.69069 3.4401 2502.4 223.41 6269.3 278.91 "" "" 0.002833141660747671 0.09697282 0.048450097 0.14542292 107.45621756322 -32.60134192048 598.388245 -6.061 0.0030000000000001124
108.0560951991 -28.76704602782 0.0246 0.0323 119.5337 "" "" 5609412521928822784 636.769165 1.5416 0.0378 3.729 11.739 0.032 0.04 0.976 4404.8 4.5797 16.3071 1.605145 17.066563 15.461417 "" "" 623.204285 655.21167 5650.75413 2.3578 2036.1 8.2347 5183.1 8.3211 "" "" 0.0027923150945836613 0.005202574 0.004161974 0.009364548 108.0560951991 -28.76704602782 636.769165 3.7289999999999996 11.739
