Clusters/UBC_417/UBC_417_stars_in_region.tsv
# %ECSV 1.0
# ---
# datatype:
# - name: RA_ICRS_1
#   unit: deg
#   datatype: float64
#   format: '{:15.11f}'
#   description: Right ascension (ICRS) at Ep=2016.0 (ra)
#   meta: !!omap
#   - {ucd: POS_EQ_RA_MAIN}
#   - {width: 15}
#   - {precision: '11'}
# - name: DE_ICRS_1
#   unit: deg
#   datatype: float64
#   format: '{:15.11f}'
#   description: Declination (ICRS) at Ep=2016.0 (dec)
#   meta: !!omap
#   - {ucd: POS_EQ_DEC_MAIN}
#   - {width: 15}
#   - {precision: '11'}
# - name: e_RA_ICRS
#   unit: mas
#   datatype: float64
#   format: '{:7.4f}'
#   description: Standard error of right ascension (ra_error)
#   meta: !!omap
#   - {ucd: ERROR}
#   - {width: 7}
#   - {precision: '4'}
# - name: e_DE_ICRS
#   unit: mas
#   datatype: float64
#   format: '{:7.4f}'
#   description: Standard error of declination (dec_error)
#   meta: !!omap
#   - {ucd: ERROR}
#   - {width: 7}
#   - {precision: '4'}
# - name: _r_1
#   unit: ''
#   datatype: float64
#   format: '{:7.4f}'
#   description: Distance from center (029.18181483000+54.41869951000)[ICRS], at Epoch=J2016.0
#   meta: !!omap
#   - {ucd: POS_ANG_DIST_GENERAL}
#   - {width: 7}
#   - {precision: '4'}
# - name: HIP
#   datatype: int32
#   description: '? HIP cross-id number, van Leeuwen, Cat. I/311 (hip_original_ext_source_id)'
#   meta: !!omap
#   - {ucd: ID_NUMBER}
#   - {width: 6}
#   - values: {'null': -2147483648}
# - name: TYC2
#   datatype: string
#   description: Tycho-2 cross-id name, Hog et al., Cat. I/259 (tyc2_original_ext_source_id)
#   meta: !!omap
#   - {ucd: ID_CROSSID}
#   - {_votable_string_dtype: char}
# - name: Source
#   datatype: int64
#   description: Source identifier, identical to the Gaia-EDR3 source_id (id)
#   meta: !!omap
#   - {ucd: ID_MAIN}
#   - {width: 19}
# - name: rgeo
#   unit: pc
#   datatype: float64
#   format: '{:15.8f}'
#   description: '? Median of the geometric distance posterior (r_med_geo)'
#   meta: !!omap
#   - {ucd: PHYS_DISTANCE_TRUE}
#   - {width: 15}
#   - {precision: '8'}
#   - values: {'null': .nan}
# - name: Plx
#   unit: mas
#   datatype: float64
#   format: '{:9.4f}'
#   description: '? Parallax (parallax)'
#   meta: !!omap
#   - {ucd: POS_PARLX_TRIG}
#   - {width: 9}
#   - {precision: '4'}
#   - values: {'null': .nan}
# - name: e_Plx
#   unit: mas
#   datatype: float32
#   format: '{:7.4f}'
#   description: '? Standard error of parallax (parallax_error)'
#   meta: !!omap
#   - {ucd: ERROR}
#   - {width: 7}
#   - {precision: '4'}
#   - values: {'null': .nan}
# - name: pmRA
#   unit: mas / yr
#   datatype: float64
#   format: '{:9.3f}'
#   description: '? Proper motion in right ascension direction, pmRA*cosDE (pmra)'
#   meta: !!omap
#   - {ucd: POS_EQ_PMRA}
#   - {width: 9}
#   - {precision: '3'}
#   - values: {'null': .nan}
# - name: pmDE
#   unit: mas / yr
#   datatype: float64
#   format: '{:9.3f}'
#   description: '? Proper motion in declination direction (pmdec)'
#   meta: !!omap
#   - {ucd: POS_EQ_PMDEC}
#   - {width: 9}
#   - {precision: '3'}
#   - values: {'null': .nan}
# - name: e_pmRA
#   unit: mas / yr
#   datatype: float32
#   format: '{:6.3f}'
#   description: '? Standard error of proper motion in right ascension direction (pmra_error)'
#   meta: !!omap
#   - {ucd: ERROR}
#   - {width: 6}
#   - {precision: '3'}
#   - values: {'null': .nan}
# - name: e_pmDE
[...]
#         unit: &id001 !astropy.units.Unit {unit: deg}
#         value: !astropy.table.SerializedColumn {name: SkyCoord.dec}
#       distance: !astropy.table.SerializedColumn
#         __class__: astropy.coordinates.distances.Distance
#         unit: !astropy.units.Unit {unit: pc}
#         value: !astropy.table.SerializedColumn {name: SkyCoord.distance}
#       frame: icrs
#       obstime: !astropy.time.Time {format: jyear_str, in_subfmt: '*', jd1: 367701545.0, jd2: 0.0, out_subfmt: '*', precision: 3, scale: tt}
#       pm_dec: !astropy.table.SerializedColumn
#         __class__: astropy.units.quantity.Quantity
#         unit: !astropy.units.Unit {unit: mas / yr}
#         value: !astropy.table.SerializedColumn {name: SkyCoord.pm_dec}
#       pm_ra_cosdec: !astropy.table.SerializedColumn
#         __class__: astropy.units.quantity.Quantity
#         unit: !astropy.units.Unit {unit: mas / yr}
#         value: !astropy.table.SerializedColumn {name: SkyCoord.pm_ra_cosdec}
#       ra: !astropy.table.SerializedColumn
#         __class__: astropy.coordinates.angles.Longitude
#         unit: *id001
#         value: !astropy.table.SerializedColumn {name: SkyCoord.ra}
#         wrap_angle: !astropy.coordinates.Angle
#           unit: *id001
#           value: 360.0
#       representation_type: spherical
# schema: astropy-2.0
RA_ICRS_1 DE_ICRS_1 e_RA_ICRS e_DE_ICRS _r_1 HIP TYC2 Source rgeo Plx e_Plx pmRA pmDE e_pmRA e_pmDE RUWE Teff logg Gmag BP-RP BPmag RPmag RV e_RV b_rgeo B_rgeo FG e_FG FBP e_FBP FRP e_FRP RAVE5 RAVE6 e_Gmag e_BPmag e_RPmag e_BP-RP SkyCoord.ra SkyCoord.dec SkyCoord.distance SkyCoord.pm_ra_cosdec SkyCoord.pm_dec
[from data line 938]
29.20650665219 53.99500565465 0.0379 0.0427 25.4364 "" "" 408305949378192640 1796.91785 0.5347 0.0551 -3.855 0.734 0.053 0.057 1.063 5381.3 4.6848 16.516747 0.994738 16.933365 15.938627 "" "" 1648.33557 1971.07434 4658.52487 2.1045 2301.8 8.3476 3339.7 11.282 "" "" 0.002798636088488402 0.0048258468 0.005266528 0.010092375 29.20650665219 53.99500565465 1796.91785 -3.855 0.734
29.28911226472 54.15840384611 0.0394 0.0469 16.0635 "" "" 408308973035075584 1770.07568 0.5251 0.0581 -2.034 -2.099 0.055 0.062 1.14 5417.9 4.6324 16.52232 1.038358 16.959425 15.921067 "" "" 1649.08911 1955.70984 4634.66749 2.1377 2247.2 9.954 3394.2 9.8975 "" "" 0.0028004600268223276 0.0055600572 0.0049302485 0.010490306 29.28911226472 54.15840384611 1770.07568 -2.034 -2.099
29.69236675392 54.60640634067 0.0373 0.0441 21.0495 "" "" 504421373229161344 1676.18445 0.5933 0.054 -1.251 0.14 0.05 0.061 1.076 5397.1 4.6093 16.52242 1.155575 17.02211 15.866535 "" "" 1533.67053 1811.6333 4634.23812 2.1711 2121.2 9.8662 3569.0 8.5482 "" "" 0.0028018783378172692 0.005769549 0.0045876126 0.010357162 29.69236675392 54.60640634067 1676.18445 -1.251 0.13999999999999993
29.12338223187 54.24986217191 0.0402 0.043 10.3344 "" "" 408313336721267072 2192.20557 0.4462 0.057 7.132 -10.697 0.053 0.054 1.039 5434.5 4.7014 16.522945 0.967545 16.91786 15.950314 "" "" 1959.3103 2449.73267 4631.99738 2.6594 2334.9 8.2594 3303.9 13.278 "" "" 0.0028249545878721665 0.0047471705 0.0057726447 0.010519816 29.12338223187 54.24986217191 2192.20557 7.1320000000000014 -10.697
28.68033491107 54.79127804835 0.0344 0.0445 28.3452 "" "" 408409818866216832 2172.66821 0.439 0.0546 -1.04 -1.594 0.046 0.055 0.995 5390.4 4.5168 16.52441 1.068359 16.983953 15.915594 "" "" 1959.81543 2432.1875 4625.75573 3.4584 2197.0 7.6498 3411.3 14.717 "" "" 0.0028724050713259727 0.0046986067 0.0060186596 0.010717266 28.68033491107 54.79127804835 2172.66821 -1.04 -1.5939999999999999
29.85845074499 54.31166050519 0.0392 0.0475 24.5095 "" "" 408326767079187840 1784.88928 0.5386 0.0641 -3.012 2.183 0.052 0.066 1.032 5470.0 4.6952 16.524584 1.094785 16.955816 15.861032 "" "" 1598.90491 2022.30359 4625.0181 2.1286 2254.7 12.094 3587.1 15.304 "" "" 0.002800265054728114 0.0064576734 0.005978365 0.012436038 29.85845074499 54.31166050519 1784.88928 -3.012 2.1829999999999994
28.74417976314 54.66527537769 0.0377 0.0485 21.2345 "" "" 408403664175996032 1924.96753 0.5039 0.0621 -0.829 0.962 0.05 0.065 1.092 5436.8 4.6644 16.525679 1.052776 16.96368 15.910904 "" "" 1715.52283 2189.01416 4620.35272 2.1618 2238.4 9.6028 3426.1 12.041 "" "" 0.0028017591874346785 0.0054295966 0.0053706737 0.01080027 28.74417976314 54.66527537769 1924.96753 -0.829 0.9619999999999997
29.1012140024 54.71027499414 0.0352 0.0475 17.7178 "" "" 408398892469465600 1742.66895 0.558 0.0553 6.422 -3.258 0.048 0.06 1.102 5188.6 4.6497 16.527847 1.318608 17.118849 15.80024 "" "" 1609.48438 1965.46228 4611.13635 2.4068 1940.3 6.5503 3793.7 9.5063 "" "" 0.0028129953684637825 0.0046065073 0.0046567875 0.009263295 29.1012140024 54.71027499414 1742.66895 6.421999999999999 -3.257999999999999
28.73231862573 54.69373110555 0.0343 0.0452 22.7357 "" "" 408405901856125952 1690.86377 0.5722 0.0578 -2.404 -2.917 0.046 0.063 0.972 5373.4 4.6881 16.528913 1.002617 16.945177 15.94256 "" "" 1524.14612 1899.55066 4606.60661 2.268 2276.9 8.2462 3327.6 12.257 "" "" 0.00280669384135852 0.0048215296 0.005502512 0.010324042 28.73231862573 54.69373110555 1690.86377 -2.404 -2.917
29.35111436822 54.16034483964 0.0404 0.0478 16.5965 "" "" 408308835596117888 2127.18994 0.4425 0.064 0.685 -0.087 0.056 0.067 0.92 5426.1 4.6453 16.529692 1.06176 16.974619 15.912859 "" "" 1863.172 2405.20337 4603.30484 2.3027 2216.0 9.9476 3419.9 12.988 "" "" 0.0028083382084297132 0.0056160074 0.005593387 0.011209395 29.35111436822 54.16034483964 2127.18994 0.6850000000000002 -0.08699999999999998
29.86779909772 54.58700491447 0.0376 0.0472 25.9452 "" "" 504410137594720128 1542.48071 0.6242 0.0557 4.647 -12.96 0.05 0.063 1.053 5444.3 4.6496 16.531454 1.129808 17.001734 15.871925 "" "" 1428.97961 1663.99377 4595.84298 2.1229 2161.3 11.761 3551.3 12.185 "" "" 0.002800591395415329 0.006533881 0.0053067566 0.011840638 29.86779909772 54.58700491447 1542.48071 4.646999999999999 -12.96
28.57844473722 54.57956442306 0.0324 0.0459 23.1328 "" "" 408380372570618368 2072.50562 0.4668 0.0583 -3.262 0.064 0.042 0.056 1.064 5190.9 4.5898 16.5315 1.003333 16.953205 15.949872 "" "" 1881.45874 2396.47119 4595.64817 2.0812 2260.1 9.7631 3305.3 10.705 "" "" 0.00279884769347123 0.0054573175 0.0051622572 0.010619575 28.57844473722 54.57956442306 2072.50562 -3.262 0.06400000000000006
29.50245743966 54.31184409725 0.0396 0.0446 12.9128 "" "" 408335013419616384 1605.95544 0.6039 0.0614 4.511 0.565 0.051 0.064 1.067 5225.0 4.7029 16.531845 1.187318 16.998272 15.810954 "" "" 1459.52563 1760.26587 4594.18531 2.1762 2168.2 18.782 3756.4 26.753 "" "" 0.0028029076903524006 0.009810318 0.00860678 0.018417098 29.50245743966 54.31184409725 1605.95544 4.510999999999999 0.5649999999999998
28.62208260912 54.52845779801 0.0353 0.0462 20.596 "" "" 408379685375884800 1711.8186 0.5679 0.0579 1.481 -1.085 0.046 0.06 1.105 5426.6 4.6113 16.532377 1.000095 16.953632 15.953537 "" "" 1535.76453 1878.45911 4591.93954 2.0145 2259.2 9.6491 3294.2 10.569 "" "" 0.0027961878611965103 0.0054119066 0.005139852 0.010551758 28.62208260912 54.52845779801 1711.8186 1.4810000000000003 -1.085
29.59819349594 54.16482271209 0.0347 0.0414 21.0866 "" "" 408321239461653376 2256.5813 0.4234 0.056 -1.628 -4.141 0.049 0.058 0.932 5414.3 4.6576 16.535994 0.976261 16.95533 15.979069 "" "" 1980.20898 2507.30005 4576.66956 2.1095 2255.7 10.764 3217.6 14.493 "" "" 0.002800398580286407 0.005884572 0.006180648 0.012065221 29.59819349594 54.16482271209 2256.5813 -1.6280000000000001 -4.141
28.50646171877 54.68325876378 0.0328 0.041 28.3597 "" "" 408408100881065344 1895.46704 0.516 0.0547 -1.225 0.086 0.047 0.05 1.03 5028.9 4.4438 16.538805 1.10562 17.005959 15.900338 "" "" 1709.20886 2073.37085 4564.83364 2.2376 2152.9 10.761 3459.6 8.9383 "" "" 0.0028062493321462127 0.006102169 0.0047066435 0.010808812 28.50646171877 54.68325876378 1895.46704 -1.225 0.08599999999999992
29.81007647072 54.29275664592 0.0391 0.0437 23.2305 "" "" 408325293910676736 1628.11487 0.5927 0.0611 0.802 0.249 0.052 0.061 0.99 5274.6 4.6628 16.539263 1.134863 17.0238 15.888937 "" "" 1469.30066 1879.18237 4562.91114 2.155 2117.9 8.2366 3496.1 11.43 "" "" 0.0028026292864281295 0.0050610597 0.0051849596 0.01024602 29.81007647072 54.29275664592 1628.11487 0.8020000000000002 0.24899999999999994
29.32475285065 54.41693260766 0.0381 0.0467 4.9914 "" "" 408339484482536832 1872.24133 0.5184 0.0615 -5.49 -7.298 0.05 0.065 1.184 5299.3 4.643 16.5427 1.038746 16.974371 15.935625 "" "" 1660.83801 2076.55273 4548.48435 2.3426 2216.5 12.088 3348.9 8.6896 "" "" 0.002811490281789725 0.0065456755 0.004713862 0.011259537 29.32475285065 54.41693260766 1872.24133 -5.49 -7.298000000000002
29.37597233402 54.2127375799 0.0418 0.0443 14.1028 "" "" 408332475096077568 2283.43677 0.4234 0.0582 0.473 1.256 0.055 0.062 1.071 5450.7 4.655 16.543234 1.081141 17.001232 15.920092 "" "" 2035.6991 2647.66675 4546.24847 2.2539 2162.3 7.9451 3397.2 9.5797 "" "" 0.0028074065369362816 0.004868302 0.004863888 0.0097321905 29.37597233402 54.2127375799 2283.43677 0.47299999999999986 1.2559999999999998
28.82562502593 54.04821349467 0.0413 0.0496 25.4983 "" "" 408350548318043648 1861.20581 0.5302 0.0665 0.408 -4.492 0.056 0.061 1.089 5243.9 4.6083 16.54506 1.133747 17.035114 15.901367 "" "" 1648.70801 2100.20483 4538.61142 2.3593 2095.9 11.409 3456.3 10.058 "" "" 0.0028125314296022523 0.0065357005 0.0049260985 0.011461799 28.82562502593 54.04821349467 1861.20581 0.4079999999999999 -4.491999999999999
29.5087215929 54.42501273162 0.0396 0.0459 11.4182 "" "" 408341541768252032 1788.14148 0.5473 0.0627 1.521 1.845 0.052 0.067 1.238 5521.6 4.651 16.545578 1.031051 16.975887 15.944837 "" "" 1632.8269 2005.13538 4536.44614 2.1385 2213.4 7.6853 3320.7 13.951 "" "" 0.0028024542391130534 0.0046900846 0.0059237047 0.01061379 29.5087215929 54.42501273162 1788.14148 1.521 1.8449999999999998
29.07459896315 54.28790061828 0.0375 0.0458 8.6974 "" "" 408314397574618112 2127.46558 0.4615 0.0614 -2.007 -2.083 0.051 0.061 1.079 5549.9 4.6581 16.549746 0.986406 16.958355 15.971949 "" "" 1895.5874 2455.31763 4519.0678 2.1258 2249.4 13.131 3238.8 8.1556 "" "" 0.0028022566419963965 0.0069250185 0.00466459 0.011589609 29.07459896315 54.28790061828 2127.46558 -2.007 -2.0829999999999997
28.47201421217 54.46445605603 0.036 0.0429 24.9179 "" "" 408377791292469120 1685.59705 0.5747 0.0564 13.634 -2.97 0.046 0.054 1.025 5166.9 4.3939 16.555702 0.897111 16.738428 15.841317 "" "" 1549.21265 1848.35571 4494.34032 2.4084 2754.5 64.858 3652.8 53.782 "" "" 0.0028160790659322536 0.025716769 0.016426522 0.042143293 28.47201421217 54.46445605603 1685.59705 13.634 -2.9700000000000006
28.69744360134 54.79514148402 0.0586 0.0732 28.1686 "" "" 408409784501892608 1773.43188 0.5692 0.0868 -0.899 -2.175 0.079 0.085 2.108 5304.0 4.6897 16.556929 1.1482 16.972462 15.824262 "" "" 1542.95386 2062.39258 4489.26761 3.8379 2220.4 11.433 3710.7 14.262 "" "" 0.0029074642283261256 0.0062481295 0.005630071 0.0118782 28.69744360134 54.79514148402 1773.43188 -0.899 -2.175
29.83534883064 54.23748464827 0.0387 0.0466 25.3195 "" "" 408324263118567808 2098.20703 0.452 0.0594 -6.783 -2.524 0.051 0.061 0.987 5608.5 4.6281 16.55708 0.996669 16.970064 15.973395 "" "" 1870.36462 2371.8103 4488.64268 2.1773 2225.3 11.406 3234.4 6.6304 "" "" 0.0028052017038334483 0.0062253377 0.004386063 0.010611401 29.83534883064 54.23748464827 2098.20703 -6.783000000000001 -2.5239999999999996
29.14700091694 54.01763859777 0.0373 0.0428 24.0946 "" "" 408306941510839168 2265.35034 0.4308 0.0554 -1.95 1.534 0.05 0.057 1.054 6073.0 4.524 16.560501 0.876961 16.910027 16.033066 "" "" 1951.67834 2582.56616 4474.51853 2.2342 2351.8 9.128 3061.5 13.569 "" "" 0.002808147027238421 0.0050540334 0.0061188545 0.011172888 29.14700091694 54.01763859777 2265.35034 -1.9500000000000002 1.5340000000000003
29.52645171702 54.69344410765 0.0346 0.0426 20.3847 "" "" 504425393318486016 2056.31909 0.4792 0.0519 2.309 -3.858 0.047 0.059 1.069 5527.0 4.596 16.561434 1.171858 17.064152 15.892294 "" "" 1862.80603 2364.57056 4470.67417 2.1805 2040.6 8.6883 3485.3 10.3 "" "" 0.002805746443711452 0.005399532 0.0049577327 0.010357264 29.52645171702 54.69344410765 2056.31909 2.309 -3.8579999999999997
29.23257185809 54.44719157091 0.0389 0.0449 2.4618 "" "" 408340171676795520 2226.41162 0.4416 0.0611 1.58 0.029 0.051 0.059 1.092 5316.7 4.5889 16.56383 0.958038 16.960203 16.002165 "" "" 1978.81714 2532.6853 4460.82408 2.1621 2245.6 11.079 3149.9 9.9377 "" "" 0.0028051237779435803 0.0060397554 0.0051007066 0.011140462 29.23257185809 54.44719157091 2226.41162 1.5800000000000003 0.02900000000000012
29.21378423793 54.49083205344 0.036 0.0483 4.4693 "" "" 408340790152055552 2057.35083 0.464 0.0683 -0.9 -1.513 0.047 0.067 1.017 5388.4 4.6655 16.564236 1.077187 17.018082 15.940895 "" "" 1811.11633 2316.99023 4459.15094 4.2603 2129.0 10.231 3332.7 13.905 "" "" 0.0029441161631516403 0.0059167463 0.005899552 0.011816299 29.21378423793 54.49083205344 2057.35083 -0.9 -1.5130000000000003
28.91597509936 54.38158821513 0.0373 0.0469 9.5483 "" "" 408362780384697216 2123.87207 0.4596 0.065 -2.764 -3.822 0.049 0.061 1.132 5561.6 4.6704 16.5644 1.048408 16.998573 15.950166 "" "" 1910.05371 2348.99878 4458.47783 2.1908 2167.6 7.1843 3304.4 12.169 "" "" 0.002806495944075095 0.0045535406 0.005501905 0.010055445 28.91597509936 54.38158821513 2123.87207 -2.7640000000000002 -3.822000000000001
29.1381514566 54.89547754607 0.0362 0.046 28.6468 "" "" 504479063228699008 1947.66333 0.5105 0.0556 -1.34 -0.853 0.049 0.058 0.955 5415.2 4.6323 16.56853 1.119675 17.039701 15.920027 "" "" 1763.33789 2146.60254 4441.55758 2.1888 2087.1 7.7595 3397.4 10.54 "" "" 0.002806789779301236 0.0049070474 0.0050625647 0.009969613 29.1381514566 54.89547754607 1947.66333 -1.3399999999999999 -0.8529999999999998
29.84484966805 54.36304013118 0.0343 0.0449 23.4026 "" "" 408326973237673856 1940.76294 0.4892 0.0595 -0.634 3.608 0.046 0.063 1.056 5551.0 4.6077 16.569332 1.046732 17.010115 15.963383 "" "" 1768.92407 2176.78418 4438.26991 2.0524 2144.7 10.501 3264.4 9.9195 "" "" 0.0028006915871303787 0.0060037784 0.005016827 0.011020605 29.84484966805 54.36304013118 1940.76294 -0.6340000000000003 3.608
28.88422286094 54.10640920006 0.0372 0.0464 21.4441 "" "" 408305640139967104 2206.01196 0.441 0.0619 2.339 -3.932 0.054 0.058 0.994 5412.0 4.6625 16.570116 0.946125 16.952885 16.00676 "" "" 1950.46509 2575.10376 4435.06705 2.3046 2260.8 13.913 3136.6 16.405 "" "" 0.002812488465341514 0.00724081 0.0068213083 0.014062118 28.88422286094 54.10640920006 2206.01196 2.3390000000000004 -3.9320000000000004
29.39185318136 54.19523055673 0.0382 0.0427 15.2918 "" "" 408332402077277568 2304.17139 0.4171 0.0558 -0.56 -2.876 0.052 0.06 1.028 5524.2 4.5954 16.57029 1.073717 17.006344 15.932627 "" "" 2032.47571 2684.49585 4434.35664 2.0836 2152.2 12.276 3358.2 17.178 "" "" 0.002802151779853202 0.006792485 0.0067177704 0.013510255 29.39185318136 54.19523055673 2304.17139 -0.5599999999999998 -2.8759999999999994
28.61017823766 54.51680647251 0.034 0.0434 20.7837 "" "" 408379651016153344 2106.06982 0.4462 0.0572 3.1 1.096 0.044 0.057 1.0 5281.8 4.6764 16.573648 0.991075 16.990124 15.999049 "" "" 1892.82886 2355.24976 4420.66461 1.9422 2184.6 11.204 3158.9 11.557 "" "" 0.002796306723131579 0.0062282756 0.0054829074 0.011711183 28.61017823766 54.51680647251 2106.06982 3.1000000000000005 1.0960000000000003
28.42568640268 54.60776846896 0.0344 0.0397 28.6757 "" "" 408383945982945152 2101.20801 0.4475 0.0555 -1.687 -2.901 0.045 0.047 0.963 5469.3 4.4861 16.574808 0.912424 16.94791 16.035486 "" "" 1893.03455 2439.8418 4415.94402 2.0305 2271.2 11.393 3054.7 7.0759 "" "" 0.002800182761774529 0.0061194752 0.0045397067 0.010659182 28.42568640268 54.60776846896 2101.20801 -1.6869999999999998 -2.9009999999999994
29.49636444593 54.31235222932 0.0428 0.0472 12.7129 "" "" 408335017716635136 1706.59717 0.5672 0.0635 7.864 -3.468 0.056 0.068 1.086 5033.7 4.5098 16.577135 1.175774 17.090448 15.914675 "" "" 1574.14441 1875.28955 4406.48725 2.2028 1991.8 11.065 3414.2 21.809 "" "" 0.0028082693105613357 0.006645662 0.007898317 0.0145439785 29.49636444593 54.31235222932 1706.59717 7.864 -3.4680000000000004
29.72113940621 54.25730773723 0.0373 0.048 21.2057 "" "" 408324915953587200 1847.52234 0.5214 0.0609 -3.553 0.358 0.049 0.07 0.957 5419.9 4.6595 16.578976 1.007998 16.994528 15.98653 "" "" 1650.57715 2086.46191 4399.02268 2.1145 2175.7 11.469 3195.6 12.01 "" "" 0.0028043100065851573 0.0063672494 0.005561863 0.0119291125 29.72113940621 54.25730773723 1847.52234 -3.553 0.35800000000000015
28.60962692418 54.61322703003 0.0345 0.0495 23.0947 "" "" 408403977710848384 2210.1875 0.4311 0.061 -2.171 -0.261 0.046 0.066 1.068 5657.9 4.6073 16.580029 0.905622 16.956394 16.050772 "" "" 2018.10193 2594.08008 4394.76197 2.1225 2253.5 9.0005 3012.0 9.4849 "" "" 0.0028047730299355813 0.0051565263 0.0050964155 0.010252941 28.60962692418 54.61322703003 2210.1875 -2.1710000000000003 -0.26100000000000007
29.92322891989 54.42439726554 0.0343 0.0443 25.8842 "" "" 504404399518500224 2054.46216 0.4733 0.0549 -1.314 -0.049 0.045 0.063 1.005 4822.1 4.4122 16.580614 1.207869 17.099768 15.891899 "" "" 1833.50989 2299.7002 4392.3924 2.0154 1974.7 11.525 3486.6 8.7013 "" "" 0.0027999947456409627 0.0069237994 0.0046503437 0.011574144 29.92322891989 54.42439726554 2054.46216 -1.3139999999999998 -0.04900000000000013
