Clusters/UBC_417/UBC_417_stars_in_region.tsv
# %ECSV 1.0
# ---
# datatype:
# - name: RA_ICRS_1
#   unit: deg
#   datatype: float64
#   format: '{:15.11f}'
#   description: Right ascension (ICRS) at Ep=2016.0 (ra)
#   meta: !!omap
#   - {ucd: POS_EQ_RA_MAIN}
#   - {width: 15}
#   - {precision: '11'}
# - name: DE_ICRS_1
#   unit: deg
#   datatype: float64
#   format: '{:15.11f}'
#   description: Declination (ICRS) at Ep=2016.0 (dec)
#   meta: !!omap
#   - {ucd: POS_EQ_DEC_MAIN}
#   - {width: 15}
#   - {precision: '11'}
# - name: e_RA_ICRS
#   unit: mas
#   datatype: float64
#   format: '{:7.4f}'
#   description: Standard error of right ascension (ra_error)
#   meta: !!omap
#   - {ucd: ERROR}
#   - {width: 7}
#   - {precision: '4'}
# - name: e_DE_ICRS
#   unit: mas
#   datatype: float64
#   format: '{:7.4f}'
#   description: Standard error of declination (dec_error)
#   meta: !!omap
#   - {ucd: ERROR}
#   - {width: 7}
#   - {precision: '4'}
# - name: _r_1
#   unit: ''
#   datatype: float64
#   format: '{:7.4f}'
#   description: Distance from center (029.18181483000+54.41869951000)[ICRS], at Epoch=J2016.0
#   meta: !!omap
#   - {ucd: POS_ANG_DIST_GENERAL}
#   - {width: 7}
#   - {precision: '4'}
# - name: HIP
#   datatype: int32
#   description: '? HIP cross-id number, van Leeuwen, Cat. I/311 (hip_original_ext_source_id)'
#   meta: !!omap
#   - {ucd: ID_NUMBER}
#   - {width: 6}
#   - values: {'null': -2147483648}
# - name: TYC2
#   datatype: string
#   description: Tycho-2 cross-id name, Hog et al., Cat. I/259 (tyc2_original_ext_source_id)
#   meta: !!omap
#   - {ucd: ID_CROSSID}
#   - {_votable_string_dtype: char}
# - name: Source
#   datatype: int64
#   description: Source identifier, identical to the Gaia-EDR3 source_id (id)
#   meta: !!omap
#   - {ucd: ID_MAIN}
#   - {width: 19}
# - name: rgeo
#   unit: pc
#   datatype: float64
#   format: '{:15.8f}'
#   description: '? Median of the geometric distance posterior (r_med_geo)'
#   meta: !!omap
#   - {ucd: PHYS_DISTANCE_TRUE}
#   - {width: 15}
#   - {precision: '8'}
#   - values: {'null': .nan}
# - name: Plx
#   unit: mas
#   datatype: float64
#   format: '{:9.4f}'
#   description: '? Parallax (parallax)'
#   meta: !!omap
#   - {ucd: POS_PARLX_TRIG}
#   - {width: 9}
#   - {precision: '4'}
#   - values: {'null': .nan}
# - name: e_Plx
#   unit: mas
#   datatype: float32
#   format: '{:7.4f}'
#   description: '? Standard error of parallax (parallax_error)'
#   meta: !!omap
#   - {ucd: ERROR}
#   - {width: 7}
#   - {precision: '4'}
#   - values: {'null': .nan}
# - name: pmRA
#   unit: mas / yr
#   datatype: float64
#   format: '{:9.3f}'
#   description: '? Proper motion in right ascension direction, pmRA*cosDE (pmra)'
#   meta: !!omap
#   - {ucd: POS_EQ_PMRA}
#   - {width: 9}
#   - {precision: '3'}
#   - values: {'null': .nan}
# - name: pmDE
#   unit: mas / yr
#   datatype: float64
#   format: '{:9.3f}'
#   description: '? Proper motion in declination direction (pmdec)'
#   meta: !!omap
#   - {ucd: POS_EQ_PMDEC}
#   - {width: 9}
#   - {precision: '3'}
#   - values: {'null': .nan}
# - name: e_pmRA
#   unit: mas / yr
#   datatype: float32
#   format: '{:6.3f}'
#   description: '? Standard error of proper motion in right ascension direction (pmra_error)'
#   meta: !!omap
#   - {ucd: ERROR}
#   - {width: 6}
#   - {precision: '3'}
#   - values: {'null': .nan}
# - name: e_pmDE
[...]
#         unit: &id001 !astropy.units.Unit {unit: deg}
#         value: !astropy.table.SerializedColumn {name: SkyCoord.dec}
#       distance: !astropy.table.SerializedColumn
#         __class__: astropy.coordinates.distances.Distance
#         unit: !astropy.units.Unit {unit: pc}
#         value: !astropy.table.SerializedColumn {name: SkyCoord.distance}
#       frame: icrs
#       obstime: !astropy.time.Time {format: jyear_str, in_subfmt: '*', jd1: 367701545.0, jd2: 0.0, out_subfmt: '*', precision: 3, scale: tt}
#       pm_dec: !astropy.table.SerializedColumn
#         __class__: astropy.units.quantity.Quantity
#         unit: !astropy.units.Unit {unit: mas / yr}
#         value: !astropy.table.SerializedColumn {name: SkyCoord.pm_dec}
#       pm_ra_cosdec: !astropy.table.SerializedColumn
#         __class__: astropy.units.quantity.Quantity
#         unit: !astropy.units.Unit {unit: mas / yr}
#         value: !astropy.table.SerializedColumn {name: SkyCoord.pm_ra_cosdec}
#       ra: !astropy.table.SerializedColumn
#         __class__: astropy.coordinates.angles.Longitude
#         unit: *id001
#         value: !astropy.table.SerializedColumn {name: SkyCoord.ra}
#         wrap_angle: !astropy.coordinates.Angle
#           unit: *id001
#           value: 360.0
#       representation_type: spherical
# schema: astropy-2.0
RA_ICRS_1 DE_ICRS_1 e_RA_ICRS e_DE_ICRS _r_1 HIP TYC2 Source rgeo Plx e_Plx pmRA pmDE e_pmRA e_pmDE RUWE Teff logg Gmag BP-RP BPmag RPmag RV e_RV b_rgeo B_rgeo FG e_FG FBP e_FBP FRP e_FRP RAVE5 RAVE6 e_Gmag e_BPmag e_RPmag e_BP-RP SkyCoord.ra SkyCoord.dec SkyCoord.distance SkyCoord.pm_ra_cosdec SkyCoord.pm_dec
[from data line 364]
29.21721925588 54.88675072187 0.0187 0.0235 28.1099 "" "" 504478547832625536 1965.30212 0.4848 0.03 3.207 -2.386 0.025 0.029 1.035 6216.7 4.1966 15.271079 1.108972 15.738882 14.62991 "" "" 1857.35266 2073.1438 14672.87818 3.364 6916.1 10.236 11148.0 12.033 "" "" 0.0027665415325471175 0.003219818 0.003956911 0.007176729 29.21721925588 54.88675072187 1965.30212 3.2070000000000003 -2.3860000000000006
29.62446026488 54.68093810068 0.0195 0.0245 22.0192 "" "" 504422816338385024 1864.51135 0.502 0.0293 1.034 2.478 0.026 0.038 1.061 5339.7 3.6364 15.272967 1.394944 15.899513 14.504569 "" "" 1767.9198 2004.60388 14647.37077 3.7035 5965.0 16.581 12512.0 12.137 "" "" 0.002768962200307541 0.0041101817 0.0039233845 0.008033566 29.62446026488 54.68093810068 1864.51135 1.034 2.478
29.60522542484 54.27282153739 0.0237 0.0293 17.2014 "" "" 408322270253726848 1704.33508 0.5665 0.0382 -6.754 0.953 0.031 0.038 1.059 6220.2 4.4967 15.273442 1.021616 15.68118 14.659564 "" "" 1602.98633 1831.12158 14640.97044 3.9405 7293.7 22.265 10848.0 39.13 "" "" 0.002770772507633239 0.004332436 0.0054425853 0.009775021 29.60522542484 54.27282153739 1704.33508 -6.754 0.9529999999999998
29.15185260301 54.65572374688 0.0208 0.0251 14.2596 "" "" 408395525215151744 2220.02612 0.4269 0.0319 -3.606 -1.055 0.027 0.032 1.055 6749.6 4.1725 15.273745 0.847124 15.610686 14.763562 "" "" 2049.4397 2391.37061 14636.89857 4.0431 7782.9 17.319 9856.7 10.422 "" "" 0.0027715942868099634 0.0036908453 0.0039498913 0.0076407366 29.15185260301 54.65572374688 2220.02612 -3.606 -1.0550000000000002
29.10323675304 54.43315044321 0.0189 0.0243 2.8766 "" "" 408385767049623552 2041.01245 0.4631 0.0336 -1.752 -1.581 0.025 0.033 1.047 6300.1 4.4018 15.273895 0.838192 15.607466 14.769274 "" "" 1918.99585 2226.74194 14634.86324 3.6663 7806.0 13.478 9805.0 11.921 "" "" 0.0027687129875237464 0.0033614545 0.0040032803 0.007364735 29.10323675304 54.43315044321 2041.01245 -1.7520000000000002 -1.5809999999999995
28.90940558667 54.11895579596 0.0178 0.0238 20.3605 "" "" 408305777578912384 2248.76074 0.4176 0.0302 0.184 -2.326 0.025 0.03 1.033 6378.2 3.8562 15.27659 0.835857 15.60923 14.773373 "" "" 2078.03052 2429.76074 14598.57892 4.2484 7793.4 13.553 9768.1 15.77 "" "" 0.002773377609461369 0.0033689907 0.00416608 0.007535071 28.90940558667 54.11895579596 2248.76074 0.18399999999999994 -2.3259999999999996
29.14499964796 54.04105441208 0.0198 0.0237 22.6955 "" "" 408307048889264256 1763.07373 0.5399 0.0292 -0.105 -2.873 0.027 0.033 0.959 6465.3 4.3434 15.277762 0.896785 15.639291 14.742506 "" "" 1671.83057 1885.83179 14582.82776 3.7474 7580.5 15.457 10050.0 13.2 "" "" 0.002769410302990351 0.0035617773 0.0040394706 0.007601248 29.14499964796 54.04105441208 1763.07373 -0.10499999999999998 -2.8730000000000007
29.31300787274 54.11279589105 0.0229 0.0276 18.9212 "" "" 408308285840333696 1785.27136 0.5283 0.0336 -0.278 -3.929 0.032 0.04 1.076 6259.7 4.2992 15.280053 0.986536 15.683341 14.696805 "" "" 1690.52039 1894.80457 14552.08767 4.0567 7279.1 13.723 10482.0 13.202 "" "" 0.002771894588178124 0.0034604666 0.004019169 0.007479636 29.31300787274 54.11279589105 1785.27136 -0.278 -3.929
29.91371782265 54.49988439011 0.02 0.0268 25.987 "" "" 504405189792453120 1857.58069 0.5027 0.0323 -6.345 0.199 0.027 0.035 1.061 6564.4 4.2727 15.284399 0.966191 15.673711 14.70752 "" "" 1754.18665 1947.18298 14493.96514 3.7608 7344.0 11.854 10379.0 12.441 "" "" 0.0027696850762060697 0.0032948875 0.003997183 0.0072920704 29.91371782265 54.49988439011 1857.58069 -6.345000000000001 0.19900000000000045
28.38729202222 54.45929888437 0.0189 0.0212 27.8309 "" "" 408375012451010432 1686.89795 0.5554 0.029 -2.433 -1.665 0.025 0.025 1.054 5977.7 4.4687 15.286596 0.877107 15.63926 14.762154 "" "" 1611.04956 1791.71179 14464.66141 3.5455 7580.8 10.452 9869.5 9.5892 "" "" 0.0027681427849682748 0.0031663736 0.0039238427 0.0070902165 28.38729202222 54.45929888437 1686.89795 -2.433 -1.6650000000000005
28.76118055534 54.22276724519 0.0239 0.0276 18.8382 "" "" 408354190450216960 1577.53088 0.6065 0.0365 -0.741 -2.091 0.032 0.035 1.168 6631.1 4.173 15.287396 0.895973 15.635665 14.739692 "" "" 1480.62915 1692.38281 14454.01091 3.7712 7605.9 13.921 10076.0 20.218 "" "" 0.0027698441843639187 0.0034255013 0.0043623336 0.007787835 28.76118055534 54.22276724519 1577.53088 -0.7409999999999999 -2.091
29.72974608961 54.10997995474 0.0201 0.0247 26.6792 "" "" 408317150652821120 1600.24622 0.5983 0.0315 -3.185 1.083 0.028 0.034 0.987 6523.6 4.3523 15.289234 0.852285 15.628219 14.775933 "" "" 1539.56238 1690.1803 14429.55603 3.9767 7658.3 16.153 9745.1 10.494 "" "" 0.002771520065564626 0.0036096233 0.003956096 0.007565719 29.72974608961 54.10997995474 1600.24622 -3.185 1.083
29.56469775453 54.51963657315 0.0198 0.0248 14.6599 "" "" 408343740791786496 1859.03613 0.5016 0.0312 2.419 -3.238 0.026 0.035 1.115 5219.4 4.1683 15.289659 1.261769 15.837827 14.576057 "" "" 1770.92053 1957.47803 14423.92636 3.2393 6313.7 10.365 11715.0 9.7032 "" "" 0.0027660881766584733 0.0033109006 0.0038848987 0.0071957996 29.56469775453 54.51963657315 1859.03613 2.419 -3.238
28.50474227728 54.14123794534 0.0197 0.0242 28.9768 "" "" 408355427400853888 2032.30579 0.4641 0.03 1.79 -2.17 0.028 0.032 1.074 5231.2 3.6827 15.292089 1.111192 15.766058 14.654866 "" "" 1906.45984 2138.96143 14391.66538 3.9431 6745.2 10.978 10895.0 15.633 "" "" 0.002771331990960701 0.003302661 0.0040878817 0.007390543 28.50474227728 54.14123794534 2032.30579 1.7900000000000005 -2.17
29.15508791891 54.06070387488 0.0482 0.0525 21.5002 "" "" 408307186323970304 2048.17725 0.458 0.0726 -0.227 0.618 0.062 0.069 1.624 "" "" 15.292718 0.883615 15.441749 14.558134 "" "" 1810.72986 2409.85376 14383.33751 7.3855 9093.2 86.193 11910.0 132.01 "" "" 0.002811155486668025 0.010663041 0.012613767 0.023276808 29.15508791891 54.06070387488 2048.17725 -0.227 0.6179999999999999
29.61425420716 54.19193032655 0.0202 0.0233 20.3546 "" "" 408321445620065920 1920.13745 0.4935 0.0317 -0.793 0.218 0.028 0.033 1.042 6256.3 4.2112 15.297356 0.859951 15.63993 14.779979 "" "" 1829.38232 2030.64429 14322.03198 4.0339 7576.1 11.457 9708.8 11.801 "" "" 0.002772238477623088 0.0032374247 0.004003168 0.0072405925 29.61425420716 54.19193032655 1920.13745 -0.7929999999999999 0.21799999999999997
29.11595897616 54.77110555469 0.018 0.0237 21.2679 "" "" 408400610456331520 1549.84985 0.6151 0.0303 -5.238 1.585 0.024 0.031 0.993 6328.5 4.2581 15.303253 1.036128 15.729962 14.693834 "" "" 1477.95117 1631.40076 14244.44789 3.447 6973.2 14.253 10511.0 10.21 "" "" 0.0027678185867952244 0.0035651007 0.003923774 0.0074888747 29.11595897616 54.77110555469 1549.84985 -5.238000000000001 1.5850000000000006
29.02695374522 53.98874038212 0.022 0.0284 26.3638 "" "" 408300829776645632 1714.82288 0.5558 0.0362 2.095 -4.282 0.03 0.035 1.072 5666.8 4.2841 15.303401 1.059064 15.749333 14.690269 "" "" 1597.95898 1838.96887 14242.5028 4.7033 6849.9 12.898 10545.0 15.618 "" "" 0.002778550369204634 0.0034589814 0.004107261 0.0075662425 29.02695374522 53.98874038212 1714.82288 2.0950000000000006 -4.282
29.54021073421 54.11717724585 0.0529 0.0584 22.0227 "" "" 408319280956601472 2307.32275 0.4217 0.0777 0.636 -1.882 0.073 0.08 2.63 6133.5 4.47 15.309552 0.955546 15.69297 14.737424 "" "" 1992.6344 2920.729 14162.03709 7.8778 7214.9 13.175 10097.0 13.442 "" "" 0.0028207355884811492 0.003422853 0.0040463544 0.0074692075 29.54021073421 54.11717724585 2307.32275 0.6360000000000002 -1.8820000000000001
29.35698635508 54.37646878903 0.022 0.0251 6.6225 "" "" 408336357746379904 1896.34888 0.4942 0.034 -0.102 -0.919 0.029 0.037 1.064 6127.8 3.7506 15.312709 0.884778 15.670279 14.785501 "" "" 1806.17847 2026.02881 14120.92509 3.5964 7367.3 13.17 9659.6 12.293 "" "" 0.0027691611777286157 0.0033988403 0.004024041 0.007422881 29.35698635508 54.37646878903 1896.34888 -0.10200000000000006 -0.919
28.99414737144 54.34407474785 0.0201 0.0251 7.9405 "" "" 408361680873094528 2180.13501 0.4193 0.033 -1.357 -1.866 0.027 0.033 0.975 6516.9 4.2012 15.31809 0.800008 15.631727 14.831719 "" "" 2036.08887 2337.03052 14051.1097 4.0795 7633.5 16.654 9257.0 13.511 "" "" 0.0027732933834334937 0.0036600577 0.0040981625 0.00775822 28.99414737144 54.34407474785 2180.13501 -1.357 -1.866
29.3264023997 54.57370769695 0.0189 0.0263 10.5775 "" "" 408347284143034240 1954.46826 0.4931 0.0354 -2.64 1.058 0.025 0.042 0.97 6403.9 4.297 15.318394 0.868377 15.662719 14.794342 "" "" 1827.5918 2097.96191 14047.18029 4.0732 7418.7 15.157 9581.2 12.015 "" "" 0.0027732480897049378 0.0035645007 0.0040171505 0.007581651 29.3264023997 54.57370769695 1954.46826 -2.64 1.058
29.73335114476 54.17784929283 0.0256 0.0291 24.1197 "" "" 408318525042309760 2192.24097 0.4255 0.0393 6.325 -4.423 0.035 0.038 1.11 5904.7 3.4235 15.320632 1.157097 15.811157 14.65406 "" "" 2052.36377 2403.93799 14018.2498 4.0988 6470.7 11.876 10903.0 14.685 "" "" 0.0027735481661425886 0.0034286913 0.004052432 0.0074811233 29.73335114476 54.17784929283 2192.24097 6.325000000000001 -4.423000000000001
29.19022774286 54.75859912276 0.0184 0.0257 20.3961 "" "" 408397552439622912 2070.12329 0.4449 0.03 -1.184 1.781 0.025 0.032 1.018 6169.9 4.1548 15.323477 0.993005 15.728599 14.735594 "" "" 1952.58606 2204.32031 13981.57395 3.6677 6982.0 11.461 10114.0 17.464 "" "" 0.0027700015682688203 0.0033108064 0.00421882 0.0075296266 29.19022774286 54.75859912276 2070.12329 -1.1840000000000002 1.7809999999999997
29.05840045261 54.08116479815 0.0191 0.0239 20.709 "" "" 408310347424131328 2182.85742 0.4227 0.0302 -3.15 1.579 0.026 0.03 0.995 6697.5 4.2472 15.329969 0.809869 15.648422 14.838553 "" "" 2068.43579 2334.51196 13898.21104 3.9664 7517.1 11.575 9198.9 15.127 "" "" 0.002772688410357253 0.0032527067 0.004179888 0.007432595 29.05840045261 54.08116479815 2182.85742 -3.15 1.5789999999999997
29.66565904002 54.35034059328 0.102 0.1204 17.3962 "" "" 408328764244207488 1706.16943 0.6106 0.1565 1.817 -2.873 0.136 0.163 5.127 5504.1 4.5819 15.33185 1.207249 15.831575 14.624327 "" "" 1294.5791 2186.69214 13874.15649 10.189 6350.2 12.809 11205.0 14.811 "" "" 0.002868371880722415 0.0035470163 0.0040426943 0.007589711 29.66565904002 54.35034059328 1706.16943 1.8169999999999997 -2.873
28.76864676912 54.14965458274 0.0193 0.0257 21.6797 "" "" 408353297097062784 1544.25623 0.6126 0.0324 -1.012 -11.331 0.027 0.032 0.987 5969.2 4.2972 15.332834 0.903491 15.696383 14.792892 "" "" 1467.23376 1609.74219 13861.58899 4.0026 7192.2 13.629 9594.0 13.435 "" "" 0.002773099147898984 0.0034667123 0.004073744 0.0075404565 28.76864676912 54.14965458274 1544.25623 -1.012 -11.331
29.96872519779 54.27760115657 0.0232 0.0268 28.792 "" "" 360287390373318016 2209.58496 0.4151 0.0333 -1.433 -1.99 0.031 0.037 0.998 11618.1 4.3289 15.3391 1.28734 15.746617 14.459277 "" "" 2066.16382 2352.36328 13781.82969 8.1717 6867.0 90.869 13045.0 164.69 "" "" 0.0028295277803366305 0.014635651 0.014218647 0.0288543 29.96872519779 54.27760115657 2209.58496 -1.4330000000000003 -1.9900000000000002
29.3839852659 54.67597939876 0.0189 0.0248 16.9646 "" "" 408349586245462400 1978.10278 0.464 0.0322 -2.803 -2.116 0.026 0.036 1.015 6258.8 4.1359 15.33913 1.042172 15.771681 14.729508 "" "" 1872.32092 2112.26831 13781.44338 3.3764 6710.3 11.772 10171.0 11.735 "" "" 0.002768130416862296 0.003378318 0.0039815777 0.007359896 29.3839852659 54.67597939876 1978.10278 -2.803 -2.1160000000000005
29.35514610142 54.7874666016 0.0188 0.0244 22.9314 "" "" 504473977988442880 2140.77539 0.4414 0.0293 4.468 -1.526 0.025 0.032 0.994 6251.9 4.0161 15.341418 1.123153 15.816127 14.692974 "" "" 2017.67371 2274.52417 13752.43543 3.3677 6441.2 11.286 10519.0 14.212 "" "" 0.002768118334798164 0.0033769961 0.00405408 0.0074310764 29.35514610142 54.7874666016 2140.77539 4.468000000000001 -1.5260000000000002
29.19884259122 54.31633896904 0.0192 0.0233 6.1704 "" "" 408337079300433024 1746.94751 0.5423 0.0302 -1.011 -1.55 0.026 0.031 1.014 6552.5 4.2081 15.345116 0.859386 15.687316 14.82793 "" "" 1661.38977 1892.45532 13705.68246 3.7578 7252.5 13.906 9289.4 16.103 "" "" 0.0027713545259843535 0.003481226 0.0042220894 0.0077033155 29.19884259122 54.31633896904 1746.94751 -1.011 -1.55
29.01002159315 54.52433633884 0.0204 0.0269 8.7207 "" "" 408388584543618944 1988.61157 0.4778 0.0366 -3.577 -1.454 0.027 0.035 0.987 "" "" 15.345475 "" "" "" "" "" 1839.58008 2144.41772 13701.13308 4.8401 "" "" "" "" "" "" 0.0027818878652721706 "" "" "" 29.01002159315 54.52433633884 1988.61157 -3.577 -1.454
29.01967476509 54.73631220818 0.0181 0.0255 19.8734 "" "" 408399854542123008 1862.43457 0.5049 0.0309 -1.572 -0.145 0.025 0.033 1.045 5944.6 4.2992 15.348589 0.96013 15.739491 14.779361 "" "" 1763.69629 1980.56543 13661.89735 3.9897 6912.3 13.594 9714.4 10.598 "" "" 0.0027735035692812715 0.0035134521 0.00396065 0.007474102 29.01967476509 54.73631220818 1862.43457 -1.5720000000000003 -0.14500000000000005
28.71156062407 54.49768162563 0.0205 0.0261 17.0723 "" "" 408378963821397120 2099.05322 0.448 0.0359 -2.234 -2.53 0.026 0.033 1.049 6531.0 4.3633 15.361264 0.78276 15.670017 14.887258 "" "" 1939.15808 2253.7002 13503.33717 4.2062 7369.0 10.942 8795.4 10.16 "" "" 0.0027759986287170606 0.0032224462 0.003982049 0.0072044954 28.71156062407 54.49768162563 2099.05322 -2.234 -2.53
28.56744580732 54.39929773276 0.0225 0.0285 21.4851 "" "" 408376627360167424 1864.60413 0.5047 0.0352 1.044 -2.219 0.03 0.041 1.138 5261.2 3.9151 15.365872 1.084604 15.83011 14.745505 "" "" 1743.5321 2032.2301 13446.14583 3.4961 6358.8 11.798 10022.0 11.409 "" "" 0.0027697441205099633 0.003441377 0.003976357 0.0074177342 28.56744580732 54.39929773276 1864.60413 1.044 -2.219
29.55188799493 54.10533967873 0.023 0.0272 22.8406 "" "" 408319212237130368 1867.23193 0.5086 0.0378 0.595 -1.126 0.035 0.039 1.155 5871.9 4.2784 15.369315 0.917546 15.742115 14.824569 "" "" 1734.71741 2017.12036 13403.57554 3.8918 6895.6 13.585 9318.2 17.318 "" "" 0.002773296147153694 0.003515735 0.0042843283 0.007800063 29.55188799493 54.10533967873 1867.23193 0.595 -1.126
29.24563020606 54.48147568624 0.0196 0.0266 4.3753 "" "" 408340687072844288 1598.4259 0.594 0.0346 1.819 -1.785 0.026 0.036 0.995 5920.5 4.3417 15.371109 0.873596 15.720399 14.846803 "" "" 1534.88965 1696.96228 13381.44415 3.4877 7034.9 14.034 9129.3 11.308 "" "" 0.0027698138590706634 0.0035321913 0.004011526 0.007543717 29.24563020606 54.48147568624 1598.4259 1.819 -1.7849999999999997
28.77927917267 54.50268818152 0.1178 0.2019 14.9157 "" "" 408367109711653888 1940.71802 0.604 0.2255 3.389 0.428 0.152 0.28 6.931 "" "" 15.372068 1.007392 15.261945 14.254553 "" "" 1371.14636 2928.50562 13369.63409 11.774 10731.0 18.886 15752.0 18.032 "" "" 0.0029165088673051907 0.0033817678 0.003978505 0.0073602726 28.77927917267 54.50268818152 1940.71802 3.3890000000000002 0.42799999999999994
29.81668900598 54.27891585496 0.0199 0.025 23.7334 "" "" 408325225191210624 2185.96704 0.4299 0.0343 -0.669 0.366 0.026 0.035 1.014 6932.5 4.3195 15.375458 0.797594 15.688769 14.891175 "" "" 2050.53662 2368.08423 13327.96058 3.8465 7242.8 11.67 8763.7 12.98 "" "" 0.0027730806143348614 0.0032932418 0.004107273 0.007400515 29.81668900598 54.27891585496 2185.96704 -0.6689999999999999 0.36599999999999994
29.80555979693 54.41416345383 0.0199 0.0271 21.7787 "" "" 408330619670016000 1605.69482 0.5857 0.033 3.027 -5.023 0.026 0.038 1.05 6046.2 4.2353 15.375932 1.115862 15.846095 14.730233 "" "" 1529.24414 1694.27356 13322.14473 3.4297 6265.8 10.259 10164.0 11.713 "" "" 0.0027694617625449165 0.0033083505 0.00398111 0.007289461 29.80555979693 54.41416345383 1605.69482 3.0269999999999992 -5.023
