Clusters/UBC_417/UBC_417_stars_in_region.tsv
# %ECSV 1.0
# ---
# datatype:
# - name: RA_ICRS_1
#   unit: deg
#   datatype: float64
#   format: '{:15.11f}'
#   description: Right ascension (ICRS) at Ep=2016.0 (ra)
#   meta: !!omap
#   - {ucd: POS_EQ_RA_MAIN}
#   - {width: 15}
#   - {precision: '11'}
# - name: DE_ICRS_1
#   unit: deg
#   datatype: float64
#   format: '{:15.11f}'
#   description: Declination (ICRS) at Ep=2016.0 (dec)
#   meta: !!omap
#   - {ucd: POS_EQ_DEC_MAIN}
#   - {width: 15}
#   - {precision: '11'}
# - name: e_RA_ICRS
#   unit: mas
#   datatype: float64
#   format: '{:7.4f}'
#   description: Standard error of right ascension (ra_error)
#   meta: !!omap
#   - {ucd: ERROR}
#   - {width: 7}
#   - {precision: '4'}
# - name: e_DE_ICRS
#   unit: mas
#   datatype: float64
#   format: '{:7.4f}'
#   description: Standard error of declination (dec_error)
#   meta: !!omap
#   - {ucd: ERROR}
#   - {width: 7}
#   - {precision: '4'}
# - name: _r_1
#   unit: ''
#   datatype: float64
#   format: '{:7.4f}'
#   description: Distance from center (029.18181483000+54.41869951000)[ICRS], at Epoch=J2016.0
#   meta: !!omap
#   - {ucd: POS_ANG_DIST_GENERAL}
#   - {width: 7}
#   - {precision: '4'}
# - name: HIP
#   datatype: int32
#   description: '? HIP cross-id number, van Leeuwen, Cat. I/311 (hip_original_ext_source_id)'
#   meta: !!omap
#   - {ucd: ID_NUMBER}
#   - {width: 6}
#   - values: {'null': -2147483648}
# - name: TYC2
#   datatype: string
#   description: Tycho-2 cross-id name, Hog et al., Cat. I/259 (tyc2_original_ext_source_id)
#   meta: !!omap
#   - {ucd: ID_CROSSID}
#   - {_votable_string_dtype: char}
# - name: Source
#   datatype: int64
#   description: Source identifier, identical to the Gaia-EDR3 source_id (id)
#   meta: !!omap
#   - {ucd: ID_MAIN}
#   - {width: 19}
# - name: rgeo
#   unit: pc
#   datatype: float64
#   format: '{:15.8f}'
#   description: '? Median of the geometric distance posterior (r_med_geo)'
#   meta: !!omap
#   - {ucd: PHYS_DISTANCE_TRUE}
#   - {width: 15}
#   - {precision: '8'}
#   - values: {'null': .nan}
# - name: Plx
#   unit: mas
#   datatype: float64
#   format: '{:9.4f}'
#   description: '? Parallax (parallax)'
#   meta: !!omap
#   - {ucd: POS_PARLX_TRIG}
#   - {width: 9}
#   - {precision: '4'}
#   - values: {'null': .nan}
# - name: e_Plx
#   unit: mas
#   datatype: float32
#   format: '{:7.4f}'
#   description: '? Standard error of parallax (parallax_error)'
#   meta: !!omap
#   - {ucd: ERROR}
#   - {width: 7}
#   - {precision: '4'}
#   - values: {'null': .nan}
# - name: pmRA
#   unit: mas / yr
#   datatype: float64
#   format: '{:9.3f}'
#   description: '? Proper motion in right ascension direction, pmRA*cosDE (pmra)'
#   meta: !!omap
#   - {ucd: POS_EQ_PMRA}
#   - {width: 9}
#   - {precision: '3'}
#   - values: {'null': .nan}
# - name: pmDE
#   unit: mas / yr
#   datatype: float64
#   format: '{:9.3f}'
#   description: '? Proper motion in declination direction (pmdec)'
#   meta: !!omap
#   - {ucd: POS_EQ_PMDEC}
#   - {width: 9}
#   - {precision: '3'}
#   - values: {'null': .nan}
# - name: e_pmRA
#   unit: mas / yr
#   datatype: float32
#   format: '{:6.3f}'
#   description: '? Standard error of proper motion in right ascension direction (pmra_error)'
#   meta: !!omap
#   - {ucd: ERROR}
#   - {width: 6}
#   - {precision: '3'}
#   - values: {'null': .nan}
# - name: e_pmDE
[...]
#         unit: &id001 !astropy.units.Unit {unit: deg}
#         value: !astropy.table.SerializedColumn {name: SkyCoord.dec}
#       distance: !astropy.table.SerializedColumn
#         __class__: astropy.coordinates.distances.Distance
#         unit: !astropy.units.Unit {unit: pc}
#         value: !astropy.table.SerializedColumn {name: SkyCoord.distance}
#       frame: icrs
#       obstime: !astropy.time.Time {format: jyear_str, in_subfmt: '*', jd1: 367701545.0, jd2: 0.0, out_subfmt: '*', precision: 3, scale: tt}
#       pm_dec: !astropy.table.SerializedColumn
#         __class__: astropy.units.quantity.Quantity
#         unit: !astropy.units.Unit {unit: mas / yr}
#         value: !astropy.table.SerializedColumn {name: SkyCoord.pm_dec}
#       pm_ra_cosdec: !astropy.table.SerializedColumn
#         __class__: astropy.units.quantity.Quantity
#         unit: !astropy.units.Unit {unit: mas / yr}
#         value: !astropy.table.SerializedColumn {name: SkyCoord.pm_ra_cosdec}
#       ra: !astropy.table.SerializedColumn
#         __class__: astropy.coordinates.angles.Longitude
#         unit: *id001
#         value: !astropy.table.SerializedColumn {name: SkyCoord.ra}
#         wrap_angle: !astropy.coordinates.Angle
#           unit: *id001
#           value: 360.0
#       representation_type: spherical
# schema: astropy-2.0
RA_ICRS_1 DE_ICRS_1 e_RA_ICRS e_DE_ICRS _r_1 HIP TYC2 Source rgeo Plx e_Plx pmRA pmDE e_pmRA e_pmDE RUWE Teff logg Gmag BP-RP BPmag RPmag RV e_RV b_rgeo B_rgeo FG e_FG FBP e_FBP FRP e_FRP RAVE5 RAVE6 e_Gmag e_BPmag e_RPmag e_BP-RP SkyCoord.ra SkyCoord.dec SkyCoord.distance SkyCoord.pm_ra_cosdec SkyCoord.pm_dec
28.72689967829 54.37411993639 0.0165 0.021 16.1139 "" 3684-1057-1 408364807609275392 1546.42175 0.6048 0.026 -4.23 -3.239 0.021 0.027 1.371 4684.6 1.1857 8.869099 2.115902 9.956705 7.840803 -42.33 1.06 1488.30737 1614.72156 5337124.02563 2100.2 1421500.0 2460.6 5792100.0 4933.4 "" "" 0.002788248237966275 0.0033641018 0.0038908778 0.0072549796 28.72689967829 54.37411993639 1546.42175 -4.230000000000001 -3.239
29.29014228734 54.53860985663 0.0119 0.0177 8.1255 "" 3688-990-1 408346734387244800 1898.69971 0.4977 0.0218 -0.123 -2.852 0.016 0.027 1.07 4701.9 1.5331 9.516129 2.172299 10.654178 8.481878 -27.84 1.45 1829.13928 1974.86597 2941000.23393 1282.3 747730.0 1237.3 3209300.0 2252.2 "" "" 0.002795690845544958 0.0033185638 0.0038554221 0.007173986 29.29014228734 54.53860985663 1898.69971 -0.123 -2.8519999999999994
28.73558934143 54.29893087422 0.0105 0.0134 17.1766 "" 3684-435-1 408363433219791872 1626.09985 0.5796 0.0158 1.035 -2.101 0.014 0.016 0.988 "" "" 9.690455 2.056274 10.740576 8.684301 -42.28 0.17 1584.08215 1668.72083 2504751.07902 1208.2 690540.0 1446.0 2663400.0 2613.4 "" "" 0.0028046517191773635 0.003599175 0.003926666 0.007525841 28.73558934143 54.29893087422 1626.09985 1.0349999999999997 -2.1010000000000004
28.78113669553 54.21074381369 0.0101 0.0123 18.7709 "" 3684-1701-1 408354117431382912 1662.16406 0.5689 0.0162 -1.516 -1.882 0.014 0.016 0.975 "" "" 9.915033 1.835582 10.819112 8.98353 -57.71 0.14 1626.18896 1711.97473 2036729.22999 639.04 642350.0 622.26 2021800.0 1115.6 "" "" 0.0027762992469160617 0.0029818262 0.0038265702 0.0068083964 28.78113669553 54.21074381369 1662.16406 -1.516 -1.8819999999999992
28.58722478602 54.55919976927 0.0098 0.0129 22.3714 "" 3688-2129-1 408380333911785216 1774.80688 0.5309 0.0165 -2.296 -2.985 0.013 0.016 1.07 4270.4 1.135 10.286005 1.762467 11.143307 9.380839 -76.48 0.13 1728.04089 1819.09839 1447254.20471 335.38 476530.0 251.0 1402200.0 504.66 "" "" 0.0027667840018151626 0.0028481747 0.0037995293 0.006647704 28.58722478602 54.55919976927 1774.80688 -2.2960000000000003 -2.9850000000000003
29.73035802997 54.21228347028 0.0226 0.0299 22.8467 "" 3684-929-1 408318731200715264 1918.75513 0.5059 0.0388 -0.757 -1.636 0.029 0.04 1.329 16796.6 3.6124 10.33736 0.016665 10.328905 10.312241 "" "" 1795.99963 2054.13208 1380392.62447 486.05 1008900.0 371.93 594650.0 186.22 "" "" 0.0027817155779441445 0.0028187325 0.0037946452 0.0066133775 29.73035802997 54.21228347028 1918.75513 -0.7569999999999999 -1.6359999999999995
29.880937681 54.58107053264 0.0088 0.0125 26.2348 "" 3688-1852-1 504410064572909696 2227.87524 0.4123 0.0139 0.011 -1.246 0.012 0.016 0.966 "" "" 10.666821 1.929044 11.634395 9.705351 -53.59 0.22 2151.34009 2292.93677 1019103.0686 243.7 303150.0 306.44 1040000.0 555.12 "" "" 0.0027675258386583084 0.0029982657 0.0038235567 0.0068218224 29.880937681 54.58107053264 2227.87524 0.010999999999999954 -1.246
29.81147818154 54.35603521812 0.0162 0.0221 22.3182 "" 3684-497-1 408327149337716864 2198.49048 0.4259 0.0274 -0.31 -3.568 0.022 0.03 1.294 "" "" 10.858426 1.877813 11.790398 9.912584 -30.45 0.17 2076.02148 2285.85571 854233.19607 250.3 262580.0 221.19 859260.0 375.85 "" "" 0.0027736254266629247 0.002936244 0.0038091035 0.0067453478 29.81147818154 54.35603521812 2198.49048 -0.31000000000000005 -3.5679999999999996
29.14260430414 54.21738183653 0.0133 0.014 12.1568 "" "" 408312683886259840 2014.0271 0.4699 0.0191 -3.078 -2.293 0.018 0.018 1.218 4429.1 1.7329 11.086864 1.647583 11.870914 10.22333 -36.01 0.18 1932.45654 2076.97852 692150.9355 165.64 243810.0 149.3 645400.0 226.47 "" "" 0.0027675441919497957 0.0028682908 0.003798536 0.006666827 29.14260430414 54.21738183653 2014.0271 -3.0780000000000003 -2.293000000000001
29.32188062366 54.04291304705 0.0131 0.0155 23.0761 "" "" 408296294291682176 1655.86206 0.5761 0.0189 4.096 -3.167 0.017 0.021 1.104 4637.9 2.181 11.372642 1.410208 12.013193 10.602985 -17.39 0.32 1611.51648 1703.81531 531973.71384 143.18 213870.0 102.29 454950.0 132.14 "" "" 0.0027707732661741633 0.0028380817 0.0037925155 0.006630597 29.32188062366 54.04291304705 1655.86206 4.096 -3.167
29.71738629802 54.07595690255 0.0259 0.0343 27.8463 "" 3684-1137-1 408315638824352512 2251.92896 0.3995 0.041 -1.334 -2.061 0.035 0.045 1.596 16205.4 4.0256 11.550434 0.004655 11.5412 11.536545 "" "" 2077.31909 2443.24561 451619.87116 190.55 330320.0 178.68 192550.0 147.09 "" "" 0.0027931424838883736 0.0028513116 0.003869319 0.0067206305 29.71738629802 54.07595690255 2251.92896 -1.3340000000000003 -2.061
29.15690849111 54.29125882511 0.0154 0.0186 7.6959 "" "" 408336971921931648 1629.58521 0.5735 0.0234 1.092 -2.685 0.021 0.022 1.818 5287.6 2.9261 11.736456 1.321356 12.324805 11.003449 26.06 0.26 1574.67517 1696.55176 380508.43512 69.555 160510.0 81.874 314610.0 84.359 "" "" 0.0027624587900522686 0.0028446026 0.003790578 0.0066351807 29.15690849111 54.29125882511 1629.58521 1.092 -2.6850000000000005
29.17907750047 53.96963420288 0.0101 0.0132 26.9441 "" 3684-853-1 408300039502668416 1787.66394 0.5266 0.0156 -5.536 1.649 0.013 0.018 1.003 4985.0 2.7717 11.835165 1.29839 12.410788 11.112397 -75.8 0.29 1733.83569 1842.51355 347440.72449 54.714 148290.0 75.896 284580.0 135.37 "" "" 0.0027606200617191724 0.0028449672 0.003814507 0.006659474 29.17907750047 53.96963420288 1787.66394 -5.536 1.6489999999999996
29.52571617417 54.36430299565 0.0115 0.0142 12.4495 "" "" 408341065030538752 1590.27319 0.6044 0.0184 -0.307 -3.26 0.015 0.022 1.186 "" "" 11.978434 1.375241 12.598783 11.223541 1.93 0.38 1548.85437 1638.26599 304490.15473 40.28 124710.0 63.535 256890.0 71.974 "" "" 0.002759061169835425 0.0028444706 0.0037916042 0.0066360747 29.52571617417 54.36430299565 1590.27319 -0.3070000000000003 -3.259999999999999
28.45077568863 54.34077585478 0.0099 0.0124 25.9701 "" "" 408370884983696896 1883.12842 0.5108 0.0156 1.255 -0.434 0.013 0.015 1.176 "" "" 12.036166 1.226211 12.570117 11.343906 18.51 0.54 1823.50928 1940.65576 288722.27394 39.181 128050.0 56.64 229930.0 66.672 "" "" 0.002759256850641577 0.0028311992 0.003792472 0.0066236714 28.45077568863 54.34077585478 1883.12842 1.255 -0.4339999999999999
28.82500926569 54.6489669293 0.0148 0.0179 18.5789 "" 3688-2249-1 408404836704270592 1616.65381 0.5857 0.0236 2.102 -3.083 0.019 0.023 1.523 "" "" 12.048784 0.569599 12.264621 11.695022 -19.11 1.46 1553.07458 1672.49426 285386.30466 57.854 169660.0 78.971 166400.0 60.982 "" "" 0.0027640973972483827 0.0028355687 0.0038002697 0.006635838 28.82500926569 54.6489669293 1616.65381 2.1020000000000003 -3.083
29.38170340387 54.22190587039 0.0102 0.0118 13.7241 "" "" 408332853053195008 1648.83215 0.5958 0.015 1.606 -1.007 0.014 0.017 1.092 "" "" 12.099906 1.493834 12.790628 11.296795 -35.6 0.8 1595.65857 1685.12561 272260.41636 40.731 104510.0 50.86 240130.0 75.649 "" "" 0.002760103755381417 0.0028397588 0.0037948282 0.006634587 29.38170340387 54.22190587039 1648.83215 1.6060000000000003 -1.007
28.85670496113 54.07973898518 0.0097 0.0128 23.3132 "" "" 408352158926301952 1696.75818 0.5767 0.016 4.344 1.024 0.014 0.017 1.113 "" "" 12.11399 1.414205 12.759882 11.345677 -25.6 0.31 1653.75085 1744.25049 268751.44138 40.686 107510.0 75.405 229560.0 72.058 "" "" 0.002760218541742217 0.0028922216 0.0037947171 0.006686939 28.85670496113 54.07973898518 1696.75818 4.344 1.0240000000000002
29.86382277353 54.61540399152 0.0101 0.0138 26.5231 "" "" 504410992285845120 2059.17944 0.4804 0.0158 2.608 -6.977 0.013 0.018 1.297 4636.9 2.1277 12.16182 1.77953 13.028358 11.248827 -41.69 0.33 1984.64746 2134.27588 257169.01936 42.786 83960.0 63.571 250970.0 103.98 "" "" 0.002761235090496617 0.0029087546 0.003806058 0.0067148125 29.86382277353 54.61540399152 2059.17944 2.6079999999999997 -6.977
29.32594568919 54.84598014837 0.0091 0.0135 26.1209 "" "" 504475210638366720 1549.73547 0.6418 0.0158 -3.494 -2.75 0.012 0.018 1.269 4840.6 2.7554 12.215085 1.514718 12.91905 11.404332 "" "" 1513.52954 1588.45703 244857.17117 41.787 92853.0 54.844 217480.0 75.081 "" "" 0.002761543390048277 0.0028629194 0.0037979237 0.0066608433 29.32594568919 54.84598014837 1549.73547 -3.4939999999999998 -2.75
29.82015095024 54.30185159947 0.01 0.0123 23.3922 "" "" 408325328270407040 1815.01514 0.5419 0.0168 4.035 -3.595 0.013 0.017 1.18 4744.1 2.0885 12.217282 1.416201 12.861299 11.445098 -27.17 0.32 1765.03137 1868.64917 244361.99705 32.431 97926.0 49.6 209470.0 69.658 "" "" 0.002759085531725764 0.002843848 0.0037965889 0.006640437 29.82015095024 54.30185159947 1815.01514 4.035 -3.5950000000000015
28.8293275081 54.03798481805 0.0171 0.0213 25.9737 "" "" 408303574256251904 1970.08948 0.5117 0.0279 -3.576 -0.143 0.023 0.027 1.855 6004.8 3.0939 12.247582 1.322555 12.706032 11.383477 -40.99 1.08 1840.76099 2116.98584 237637.0954 60.299 112980.0 261.27 221700.0 275.49 "" "" 0.002769059254119344 0.0037535543 0.004012975 0.007766529 28.8293275081 54.03798481805 1970.08948 -3.5759999999999996 -0.14300000000000013
29.32053839529 54.34295625567 0.0089 0.0114 6.6447 "" "" 408335872410299776 2039.8938 0.48 0.0148 -1.401 -2.522 0.012 0.017 1.098 4782.1 2.2939 12.274572 1.381103 12.898764 11.517661 -29.12 0.38 1973.86743 2104.41943 231802.30395 33.826 94604.0 47.393 195930.0 50.031 "" "" 0.0027598716920994005 0.0028426903 0.0037895371 0.0066322275 29.32053839529 54.34295625567 2039.8938 -1.4010000000000002 -2.522
29.0839867798 54.46721892513 0.0129 0.0174 4.4861 "" 3688-1959-1 408386007567768960 1817.57654 0.5171 0.023 -0.815 -1.647 0.017 0.021 1.052 11302.9 4.1833 12.2893 0.15556 12.34291 12.18735 "" "" 1741.88892 1900.24365 228679.24385 51.951 157850.0 80.388 105730.0 53.897 "" "" 0.002766338468985343 0.0028444298 0.0038196926 0.0066641225 29.0839867798 54.46721892513 1817.57654 -0.8150000000000002 -1.647
29.04405588914 54.48366429901 0.0078 0.0105 6.1876 "" "" 408386827902340864 1838.24243 0.5351 0.0138 -1.549 -4.267 0.01 0.014 0.986 4665.7 2.2427 12.311263 1.440688 12.970025 11.529337 -30.82 0.64 1795.54871 1884.54651 224099.90136 29.188 88595.0 52.701 193830.0 65.848 "" "" 0.0027589466870940895 0.002863944 0.0037973379 0.006661282 29.04405588914 54.48366429901 1838.24243 -1.5489999999999995 -4.2669999999999995
29.61993520226 54.25825145877 0.0077 0.0094 18.0981 "" "" 408322197233338880 1782.86768 0.5515 0.0122 0.897 -2.661 0.01 0.013 0.908 "" "" 12.317489 1.446378 12.98089 11.534512 -30.74 0.35 1745.31213 1820.17664 222818.59745 32.708 87712.0 49.279 192910.0 52.489 "" "" 0.002759925827163584 0.0028560713 0.0037909101 0.0066469815 29.61993520226 54.25825145877 1782.86768 0.897 -2.6609999999999996
28.60778921804 54.38814425265 0.0082 0.0103 20.1311 "" "" 408376382541883136 1953.65332 0.5005 0.0127 -0.016 -4.351 0.011 0.014 1.01 "" "" 12.33461 1.32823 12.92933 11.6011 -81.03 0.48 1903.63867 1996.96228 219332.45386 31.549 91978.0 59.709 181430.0 68.449 "" "" 0.0027597426564112907 0.0028778159 0.0038015149 0.006679331 28.60778921804 54.38814425265 1953.65332 -0.016000000000000014 -4.351
28.47310650254 54.45035208548 0.0093 0.0108 24.8052 "" "" 408377722571676288 2054.01562 0.4726 0.0135 -5.446 -1.657 0.012 0.013 1.018 5028.6 2.6936 12.36537 1.301913 12.944536 11.642623 -57.59 0.6 1985.229 2101.12866 213205.64458 30.699 90699.0 39.859 174630.0 67.083 "" "" 0.0027597516764452817 0.0028306735 0.0038023258 0.0066329995 28.47310650254 54.45035208548 2054.01562 -5.446 -1.6569999999999998
29.16075323272 54.45627597244 0.0136 0.0175 2.3714 "" 3688-2208-1 408340304816592640 1764.81775 0.5333 0.0246 -0.885 -1.566 0.018 0.022 0.917 11569.9 4.1112 12.419878 0.075896 12.447452 12.371555 "" "" 1688.82373 1839.35767 202766.24636 52.767 143360.0 68.177 89235.0 33.088 "" "" 0.0027697693647831256 0.0028375434 0.0038007635 0.006638307 29.16075323272 54.45627597244 1764.81775 -0.885 -1.5660000000000003
29.70016398669 54.70580670376 0.0086 0.0106 24.9385 "" "" 504424190727617536 2145.77832 0.4559 0.0126 4.179 -3.11 0.012 0.015 1.026 "" "" 12.424096 1.713615 13.249196 11.535581 3.39 0.27 2088.2356 2199.88672 201979.9743 26.895 68508.0 38.247 192720.0 55.847 "" "" 0.002759110507120834 0.0028552525 0.0037924554 0.006647708 29.70016398669 54.70580670376 2145.77832 4.179 -3.1100000000000003
29.39109855332 54.18921716237 0.0102 0.0118 15.597 "" "" 408332372016877696 1747.42859 0.5566 0.0151 2.339 0.431 0.014 0.016 1.114 "" "" 12.439401 1.503349 13.114556 11.611207 -41.62 0.8 1712.00671 1795.52124 199152.87521 36.491 77552.0 48.682 179750.0 75.225 "" "" 0.0027624928558548627 0.002872205 0.0038065978 0.006678803 29.39109855332 54.18921716237 1747.42859 2.3389999999999995 0.43099999999999994
29.56770613669 54.0248901623 0.0087 0.0114 27.2313 "" "" 408292544779132032 1778.88232 0.5516 0.0139 0.038 -4.269 0.012 0.014 1.021 4480.0 2.2859 12.455884 1.556945 13.185619 11.628675 -67.41 0.5 1739.66528 1826.36755 196152.11328 32.591 72639.0 40.778 176880.0 58.336 "" "" 0.002761219374677359 0.0028559673 0.0037963074 0.0066522746 29.56770613669 54.0248901623 1778.88232 0.038000000000000256 -4.269
29.51671948184 54.07817278924 0.0122 0.0155 23.5645 "" 3684-365-1 408319109158223488 1617.39563 0.5887 0.0188 1.723 -2.811 0.017 0.022 1.083 9950.3 3.9124 12.465777 0.258539 12.547698 12.289159 "" "" 1568.57349 1672.6145 194372.93354 53.943 130720.0 45.717 96271.0 49.045 "" "" 0.0027717469821420143 0.0028158894 0.0038196433 0.0066355327 29.51671948184 54.07817278924 1617.39563 1.7229999999999999 -2.811
28.51501960203 54.4659811796 0.0085 0.0115 23.4376 "" "" 408377933028767744 2291.76709 0.4245 0.0142 0.635 -0.862 0.011 0.014 1.067 4872.3 2.7272 12.551406 1.322405 13.142665 11.82026 -9.13 0.79 2215.77515 2347.42236 179632.23028 28.791 75570.0 37.55 148270.0 51.685 "" "" 0.002760810032225506 0.002841848 0.003798285 0.006640133 28.51501960203 54.4659811796 2291.76709 0.635 -0.8619999999999999
29.19438804937 54.02686955878 0.0101 0.0115 23.5139 "" "" 408306323038059392 2137.61572 0.452 0.0142 -2.52 -1.673 0.014 0.016 1.029 5427.2 2.7736 12.560627 1.360286 13.167922 11.807636 -66.72 0.54 2081.51611 2218.20215 178113.14769 37.983 73833.0 69.524 150000.0 61.307 "" "" 0.002765031300654851 0.0029715807 0.0038053442 0.006776925 29.19438804937 54.02686955878 2137.61572 -2.5199999999999996 -1.673
29.70785559508 54.19161380693 0.013 0.0161 22.908 "" "" 408318589460811520 2159.06152 0.4588 0.0218 5.713 -3.594 0.017 0.023 1.395 "" "" 12.588422 1.598391 13.342321 11.74393 34.68 0.96 2071.43188 2242.71021 173611.2765 29.067 62876.0 48.466 159070.0 64.446 "" "" 0.0027613100955078272 0.0029129812 0.0038048942 0.0067178756 29.70785559508 54.19161380693 2159.06152 5.713 -3.5939999999999994
28.71878319306 54.28430480057 0.0111 0.0123 18.0884 "" "" 408363330140585728 2180.61133 0.4437 0.0158 -4.093 -2.135 0.015 0.016 1.129 5217.4 2.926 12.593549 1.31308 13.18033 11.86725 -88.29 0.58 2100.01074 2255.34692 172793.4195 26.577 72994.0 42.713 141990.0 43.939 "" "" 0.0027603761848681166 0.0028615885 0.0037942866 0.006655875 28.71878319306 54.28430480057 2180.61133 -4.093 -2.135
28.73841388339 54.40103137785 0.0093 0.012 15.5193 "" "" 408366315138540288 1546.60156 0.6243 0.0149 -3.03 0.193 0.012 0.016 1.014 7062.0 3.5717 12.609774 0.72363 12.890624 12.166994 "" "" 1517.68176 1585.87549 170230.42581 115.06 95316.0 219.05 107740.0 178.0 "" "" 0.0028513743292200387 0.0037431228 0.004183461 0.007926583 28.73841388339 54.40103137785 1546.60156 -3.0299999999999994 0.19300000000000014
29.55188956352 54.50628238172 0.008 0.0105 13.9348 "" "" 408343607651065088 1809.68958 0.5379 0.0134 0.907 -2.105 0.011 0.016 1.058 4659.4 2.4546 12.621985 1.528164 13.335204 11.80704 -49.64 0.37 1767.75964 1848.35718 168326.46012 24.066 63290.0 35.91 150090.0 44.108 "" "" 0.0027596894344980526 0.002857367 0.0037928268 0.0066501936 29.55188956352 54.50628238172 1809.68958 0.9070000000000004 -2.1050000000000004
