Clusters/Collinder_272/Collinder_272_members.tsv
# %ECSV 1.0
# ---
# datatype:
# - name: RA_ICRS_1
#   unit: deg
#   datatype: float64
#   format: '{:15.11f}'
#   description: Right ascension (ICRS) at Ep=2016.0 (ra)
#   meta: !!omap
#   - {ucd: POS_EQ_RA_MAIN}
#   - {width: 15}
#   - {precision: '11'}
# - name: DE_ICRS_1
#   unit: deg
#   datatype: float64
#   format: '{:15.11f}'
#   description: Declination (ICRS) at Ep=2016.0 (dec)
#   meta: !!omap
#   - {ucd: POS_EQ_DEC_MAIN}
#   - {width: 15}
#   - {precision: '11'}
# - name: e_RA_ICRS
#   unit: mas
#   datatype: float64
#   format: '{:7.4f}'
#   description: Standard error of right ascension (ra_error)
#   meta: !!omap
#   - {ucd: ERROR}
#   - {width: 7}
#   - {precision: '4'}
# - name: e_DE_ICRS
#   unit: mas
#   datatype: float64
#   format: '{:7.4f}'
#   description: Standard error of declination (dec_error)
#   meta: !!omap
#   - {ucd: ERROR}
#   - {width: 7}
#   - {precision: '4'}
# - name: _r_1
#   unit: ''
#   datatype: float64
#   format: '{:7.4f}'
#   description: Distance from center (202.57681747000-61.32140021000)[ICRS], at Epoch=J2016.0
#   meta: !!omap
#   - {ucd: POS_ANG_DIST_GENERAL}
#   - {width: 7}
#   - {precision: '4'}
# - name: HIP
#   datatype: int32
#   description: '? HIP cross-id number, van Leeuwen, Cat. I/311 (hip_original_ext_source_id)'
#   meta: !!omap
#   - {ucd: ID_NUMBER}
#   - {width: 6}
#   - values: {'null': -2147483648}
# - name: TYC2
#   datatype: string
#   description: Tycho-2 cross-id name, Hog et al., Cat. I/259 (tyc2_original_ext_source_id)
#   meta: !!omap
#   - {ucd: ID_CROSSID}
#   - {_votable_string_dtype: char}
# - name: Source
#   datatype: int64
#   description: Source identifier, identical to the Gaia-EDR3 source_id (id)
#   meta: !!omap
#   - {ucd: ID_MAIN}
#   - {width: 19}
# - name: rgeo
#   unit: pc
#   datatype: float64
#   format: '{:15.8f}'
#   description: '? Median of the geometric distance posterior (r_med_geo)'
#   meta: !!omap
#   - {ucd: PHYS_DISTANCE_TRUE}
#   - {width: 15}
#   - {precision: '8'}
#   - values: {'null': .nan}
# - name: Plx
#   unit: mas
#   datatype: float64
#   format: '{:9.4f}'
#   description: '? Parallax (parallax)'
#   meta: !!omap
#   - {ucd: POS_PARLX_TRIG}
#   - {width: 9}
#   - {precision: '4'}
#   - values: {'null': .nan}
# - name: e_Plx
#   unit: mas
#   datatype: float32
#   format: '{:7.4f}'
#   description: '? Standard error of parallax (parallax_error)'
#   meta: !!omap
#   - {ucd: ERROR}
#   - {width: 7}
#   - {precision: '4'}
#   - values: {'null': .nan}
# - name: pmRA
#   unit: mas / yr
#   datatype: float64
#   format: '{:9.3f}'
#   description: '? Proper motion in right ascension direction, pmRA*cosDE (pmra)'
#   meta: !!omap
#   - {ucd: POS_EQ_PMRA}
#   - {width: 9}
#   - {precision: '3'}
#   - values: {'null': .nan}
# - name: pmDE
#   unit: mas / yr
#   datatype: float64
#   format: '{:9.3f}'
#   description: '? Proper motion in declination direction (pmdec)'
#   meta: !!omap
#   - {ucd: POS_EQ_PMDEC}
#   - {width: 9}
#   - {precision: '3'}
#   - values: {'null': .nan}
# - name: e_pmRA
#   unit: mas / yr
#   datatype: float32
#   format: '{:6.3f}'
#   description: '? Standard error of proper motion in right ascension direction (pmra_error)'
#   meta: !!omap
#   - {ucd: ERROR}
#   - {width: 6}
#   - {precision: '3'}
#   - values: {'null': .nan}
# - name: e_pmDE
[...]
#         unit: &id001 !astropy.units.Unit {unit: deg}
#         value: !astropy.table.SerializedColumn {name: SkyCoord.dec}
#       distance: !astropy.table.SerializedColumn
#         __class__: astropy.coordinates.distances.Distance
#         unit: !astropy.units.Unit {unit: pc}
#         value: !astropy.table.SerializedColumn {name: SkyCoord.distance}
#       frame: icrs
#       obstime: !astropy.time.Time {format: jyear_str, in_subfmt: '*', jd1: 367701545.0, jd2: 0.0, out_subfmt: '*', precision: 3, scale: tt}
#       pm_dec: !astropy.table.SerializedColumn
#         __class__: astropy.units.quantity.Quantity
#         unit: !astropy.units.Unit {unit: mas / yr}
#         value: !astropy.table.SerializedColumn {name: SkyCoord.pm_dec}
#       pm_ra_cosdec: !astropy.table.SerializedColumn
#         __class__: astropy.units.quantity.Quantity
#         unit: !astropy.units.Unit {unit: mas / yr}
#         value: !astropy.table.SerializedColumn {name: SkyCoord.pm_ra_cosdec}
#       ra: !astropy.table.SerializedColumn
#         __class__: astropy.coordinates.angles.Longitude
#         unit: *id001
#         value: !astropy.table.SerializedColumn {name: SkyCoord.ra}
#         wrap_angle: !astropy.coordinates.Angle
#           unit: *id001
#           value: 360.0
#       representation_type: spherical
# schema: astropy-2.0
RA_ICRS_1 DE_ICRS_1 e_RA_ICRS e_DE_ICRS _r_1 HIP TYC2 Source rgeo Plx e_Plx pmRA pmDE e_pmRA e_pmDE RUWE Teff logg Gmag BP-RP BPmag RPmag RV e_RV b_rgeo B_rgeo FG e_FG FBP e_FBP FRP e_FRP RAVE5 RAVE6 e_Gmag e_BPmag e_RPmag e_BP-RP SkyCoord.ra SkyCoord.dec SkyCoord.distance SkyCoord.pm_ra_cosdec SkyCoord.pm_dec Pmemb
[from data line 119]
202.73683355488 -61.30537773466 0.0181 0.0218 4.7078 "" "" 5868657336377409024 2130.84424 0.4359 0.0303 -3.489 -1.801 0.024 0.028 0.991 7409.2 4.0537 15.560268 0.954233 15.951729 14.997496 "" "" 1970.37671 2276.69434 11241.8951 3.9925 5684.9 10.559 7946.2 11.024 "" "" 0.0027821703311392883 0.0034426455 0.0040684873 0.007511133 202.73683355488 -61.30537773466 2130.84424 -3.4890000000000003 -1.8010000000000002 0.9
202.82562343698 -61.27211145291 0.0209 0.0271 7.7557 "" "" 5868657302017706496 1685.28552 0.5577 0.0376 -3.583 -2.157 0.028 0.038 1.338 15042.1 4.5872 15.591671 1.097285 16.000467 14.903182 "" "" 1596.77576 1781.67664 10921.40426 3.7284 5435.4 11.171 8667.3 30.344 "" "" 0.0027801391230463045 0.003572725 0.0053602573 0.008932983 202.82562343698 -61.27211145291 1685.28552 -3.583 -2.157 0.8
202.69977124179 -61.30074494813 0.0181 0.0219 3.7521 "" "" 5868657027139769728 2172.73584 0.425 0.0303 -3.5 -1.785 0.024 0.029 0.972 7430.5 4.0639 15.596965 0.994856 16.007978 15.013123 "" "" 2041.84326 2313.46167 10868.28048 2.8798 5397.9 8.5421 7832.7 8.173 "" "" 0.002770298780467839 0.0032767558 0.00394553 0.0072222855 202.69977124179 -61.30074494813 2172.73584 -3.5000000000000004 -1.7850000000000001 1.0
202.55981131338 -61.31032280399 0.0194 0.0213 0.8256 "" "" 5868652010617499648 1951.00281 0.4762 0.0301 -3.479 -1.802 0.026 0.029 0.965 7219.8 3.8569 15.601609 1.022487 16.025394 15.002908 "" "" 1853.68396 2069.34253 10821.8868 2.7797 5312.0 7.5611 7906.7 6.6011 "" "" 0.0027693977924712603 0.0031895803 0.0038865646 0.007076145 202.55981131338 -61.31032280399 1951.00281 -3.479 -1.8020000000000003 0.9
202.47853984004 -61.32544230434 0.0189 0.0217 2.84 "" "" 5868651907538264064 2098.95898 0.4439 0.03 -3.472 -1.8 0.025 0.029 1.025 7478.4 3.7987 15.60699 1.025431 16.017471 14.992041 "" "" 1952.81421 2260.55273 10768.38914 3.9613 5350.9 9.8009 7986.2 12.119 "" "" 0.002784117839273214 0.0034263495 0.0041229 0.0075492496 202.47853984004 -61.32544230434 2098.95898 -3.4720000000000004 -1.8000000000000003 0.8
202.48495067541 -61.34321668496 0.019 0.0219 2.9505 "" "" 5868651838818763136 1972.99744 0.4713 0.0307 -3.637 -1.859 0.026 0.029 1.08 7352.1 4.1654 15.629585 1.065844 16.049793 14.98395 "" "" 1860.88123 2087.06274 10546.60018 3.5821 5194.0 7.6431 8046.0 20.93 "" "" 0.0027798879332878064 0.0032152222 0.004718103 0.007933325 202.48495067541 -61.34321668496 1972.99744 -3.636999999999999 -1.8589999999999998 1.0
202.51919474321 -61.31606038567 0.0195 0.0228 1.69 "" "" 5868651941898016384 2132.9729 0.4386 0.0317 -3.523 -1.906 0.027 0.032 1.08 7636.7 3.706 15.654464 1.073721 16.089766 15.016045 "" "" 2017.37622 2275.95703 10307.68677 3.0739 5006.2 7.709 7811.6 9.2817 "" "" 0.002774279049151534 0.0032527444 0.0039934944 0.007246239 202.51919474321 -61.31606038567 2132.9729 -3.523 -1.9059999999999997 0.8
202.21046535413 -61.34569364217 0.0176 0.021 10.6448 "" "" 5868654037842013696 2122.46875 0.4424 0.0281 -3.513 -1.877 0.024 0.029 0.968 15004.0 4.3413 15.663495 1.060352 16.088266 15.027914 "" "" 1999.2439 2249.20093 10222.3048 2.576 5013.1 14.507 7726.7 11.112 "" "" 0.002768871281658313 0.0042019906 0.004089229 0.008291219 202.21046535413 -61.34569364217 2122.46875 -3.5129999999999995 -1.8769999999999998 1.0
202.57933595902 -61.31646900091 0.019 0.022 0.3046 "" "" 5868651804459062400 2046.44568 0.4587 0.0304 -3.523 -1.85 0.026 0.03 0.97 7629.3 4.1505 15.671272 1.032314 16.099325 15.067011 "" "" 1926.37219 2186.5 10149.33939 2.7046 4962.3 7.859 7453.4 7.2974 "" "" 0.0027704692312134406 0.003277471 0.0039260313 0.0072035026 202.57933595902 -61.31646900091 2046.44568 -3.523 -1.85 1.0
202.7416271551 -61.31884727935 0.023 0.0247 4.7482 "" "" 5868656752262306048 2071.5686 0.4585 0.0348 -3.485 -1.839 0.031 0.033 0.973 7558.4 4.1863 15.687437 0.98942 16.097767 15.108347 "" "" 1916.56409 2218.38354 9999.35062 3.9091 4969.5 9.3211 7175.0 10.094 "" "" 0.0027878216386767536 0.0034543122 0.004076373 0.007530685 202.7416271551 -61.31884727935 2071.5686 -3.485 -1.839 1.0
202.57130441957 -61.35820193142 0.0203 0.0242 2.2138 "" "" 5868650945465546368 2106.04297 0.4363 0.0332 -3.51 -1.912 0.026 0.03 0.966 7001.3 3.9257 15.727512 1.082787 16.180237 15.09745 "" "" 1956.09167 2272.82471 9636.99554 2.5402 4606.0 8.1143 7247.3 11.218 "" "" 0.0027701430742381214 0.003382831 0.0041361977 0.007519029 202.57130441957 -61.35820193142 2106.04297 -3.51 -1.9119999999999995 1.0
202.55345087152 -61.31802654495 0.0203 0.0232 0.7026 "" "" 5868651976257751296 2209.01538 0.4207 0.0322 -3.416 -1.501 0.029 0.031 0.982 7466.3 3.9628 15.747453 1.020106 16.15406 15.133954 "" "" 2077.06592 2363.3623 9461.62052 3.2027 4718.4 10.788 7007.7 18.16 "" "" 0.0027797224048090596 0.0037346114 0.004711704 0.008446315 202.55345087152 -61.31802654495 2209.01538 -3.416 -1.5010000000000001 0.8
202.89196605395 -61.28113593187 0.0195 0.0244 9.396 "" "" 5868471037881672960 1940.93713 0.4845 0.036 -3.48 -1.801 0.027 0.035 0.967 6948.2 3.6882 15.778298 1.099435 16.216694 15.117259 "" "" 1810.20544 2090.12524 9196.60027 2.5234 4453.9 11.581 7116.3 36.43 "" "" 0.002771378529773069 0.003969266 0.006721355 0.010690621 202.89196605395 -61.28113593187 1940.93713 -3.480000000000001 -1.8010000000000004 1.0
202.48616749172 -61.33309427964 0.0195 0.0222 2.7023 "" "" 5868651907538254336 2072.10986 0.4524 0.0308 -3.523 -1.794 0.026 0.03 0.95 7948.2 4.5325 15.785912 1.054601 16.221153 15.166553 "" "" 1957.4624 2224.33252 9132.33747 3.1425 4435.6 8.4036 6800.4 7.4376 "" "" 0.002780534711070604 0.0034664616 0.0039615417 0.0074280035 202.48616749172 -61.33309427964 2072.10986 -3.523 -1.794 0.9
202.66837005111 -61.33429983426 0.0215 0.0248 2.7469 "" "" 5868656820981308544 1961.56482 0.4813 0.0349 -3.507 -1.924 0.027 0.031 0.946 6779.5 3.9144 15.828235 1.079734 16.26598 15.186246 "" "" 1822.59326 2106.82349 8783.20549 2.5847 4256.2 8.353 6678.2 25.336 "" "" 0.002773783447393164 0.0035107548 0.0055902377 0.009100992 202.66837005111 -61.33429983426 1961.56482 -3.507 -1.9240000000000004 0.9
202.68985263015 -61.27244018571 0.0195 0.0239 4.3862 "" "" 5868657851773520640 2239.39331 0.4096 0.0328 -3.435 -1.785 0.025 0.032 1.029 7458.5 4.002 15.832385 1.05387 16.27333 15.219461 "" "" 2111.93506 2380.77612 8749.68926 2.4442 4227.5 6.7979 6477.0 8.4122 "" "" 0.002771962951562742 0.0032913766 0.0040338817 0.007325258 202.68985263015 -61.27244018571 2239.39331 -3.435 -1.7849999999999995 0.9
202.54633669899 -61.29480280795 0.0209 0.025 1.8214 "" "" 5868655034274492544 1878.98621 0.4914 0.0341 -3.311 -1.849 0.028 0.033 0.943 7078.8 3.8682 15.841454 1.099309 16.29997 15.200662 "" "" 1745.09448 2011.77319 8676.91037 2.3255 4125.0 7.3039 6590.1 6.776 "" "" 0.0027706431742716667 0.0033883424 0.0039408114 0.007329154 202.54633669899 -61.29480280795 1878.98621 -3.3109999999999995 -1.849 0.9
202.79813085069 -61.21687932607 0.0199 0.0263 8.9483 "" "" 5868658607687829760 2123.54272 0.4375 0.0372 -3.552 -1.559 0.027 0.037 1.013 7091.3 3.8105 15.874699 1.071899 16.321404 15.249505 "" "" 1964.05005 2295.4895 8415.25804 2.5494 4044.4 8.3266 6300.2 9.1785 "" "" 0.002774883790054608 0.0035751453 0.004097036 0.0076721814 202.79813085069 -61.21687932607 2123.54272 -3.552 -1.559 0.9
202.32862086558 -61.26375309261 0.0203 0.0235 7.9454 "" "" 5868667541220536064 1915.10864 0.4899 0.0324 -3.485 -1.857 0.027 0.032 0.991 7457.4 4.1531 15.889119 1.230752 16.417898 15.187146 "" "" 1788.4425 2028.27234 8304.2261 2.4716 3700.5 5.9477 6672.7 8.3106 "" "" 0.002774205278605473 0.003290945 0.004014012 0.007304957 202.32862086558 -61.26375309261 1915.10864 -3.485 -1.857 1.0
202.39264274972 -61.23989685687 0.0198 0.0238 7.2187 "" "" 5868655927627791616 1923.72681 0.4867 0.0325 -3.404 -1.926 0.026 0.032 0.945 7093.8 3.9078 15.896677 1.101569 16.348442 15.246873 "" "" 1821.5376 2042.53577 8246.6157 2.385 3944.9 11.224 6315.5 11.917 "" "" 0.0027731550087616076 0.0041626627 0.0042989533 0.008461616 202.39264274972 -61.23989685687 1923.72681 -3.4040000000000004 -1.9260000000000002 0.9
202.14364791169 -61.48236575371 0.0217 0.0243 15.7493 "" "" 5868649158758993536 2021.32947 0.4619 0.0345 -3.441 -1.774 0.028 0.031 1.012 7995.8 3.5132 15.924321 1.178504 16.40618 15.227675 "" "" 1907.82898 2182.64087 8039.30077 2.395 3740.6 7.654 6428.2 17.309 "" "" 0.002774240690910694 0.0035666064 0.0047781514 0.008344758 202.14364791169 -61.48236575371 2021.32947 -3.441 -1.774 0.9
202.41684981449 -61.3978551701 0.0211 0.0258 6.4967 "" "" 5868651117264172160 1864.95459 0.5058 0.0356 -3.526 -1.763 0.028 0.034 0.984 8274.1 3.7134 15.936637 1.195052 16.439882 15.24483 "" "" 1747.74182 1971.21033 7948.62358 2.3172 3626.3 7.2439 6327.4 9.2666 "" "" 0.0027734404402995623 0.0035339827 0.0041002543 0.007634237 202.41684981449 -61.3978551701 1864.95459 -3.5260000000000002 -1.7630000000000006 1.0
202.86594786475 -61.25412731039 0.0215 0.0271 9.2601 "" "" 5868658779486476800 1943.98755 0.491 0.0388 -3.544 -1.787 0.028 0.038 0.929 6926.5 3.916 15.956027 1.085878 16.41119 15.325312 "" "" 1816.18884 2083.79028 7807.92725 2.3179 3723.4 6.6694 5875.3 7.732 "" "" 0.0027741084444131694 0.0034010636 0.0040404624 0.0074415263 202.86594786475 -61.25412731039 1943.98755 -3.544 -1.787 1.0
202.92042676866 -61.14410472517 0.0193 0.0253 14.5465 "" "" 5868660703631996160 1946.48999 0.4964 0.0347 -3.548 -1.82 0.026 0.035 0.979 6779.8 4.2262 15.987861 1.306193 16.566006 15.259812 "" "" 1832.07397 2090.97705 7582.32503 4.0497 3228.6 8.2697 6240.7 10.385 "" "" 0.0028156811669598097 0.003939412 0.004189041 0.008128453 202.92042676866 -61.14410472517 1946.48999 -3.5479999999999996 -1.8199999999999998 1.0
202.60800634088 -61.39607055296 0.022 0.0262 4.5691 "" "" 5868462928982849920 1966.20178 0.478 0.0352 -3.473 -1.939 0.029 0.036 1.034 7424.5 4.1127 15.988023 1.186278 16.496338 15.31006 "" "" 1845.7699 2116.8313 7581.19244 2.2823 3442.6 8.5684 5958.5 9.823 "" "" 0.002774639750871533 0.0038842768 0.004181807 0.008066084 202.60800634088 -61.39607055296 1966.20178 -3.473 -1.939 1.0
202.22655842288 -61.19439465125 0.021 0.0253 12.6568 "" "" 5868668949969927680 2001.1936 0.4753 0.034 -3.513 -1.569 0.027 0.033 0.985 7272.1 4.3536 15.995076 1.120468 16.44808 15.327612 "" "" 1872.93311 2150.6853 7532.10284 2.3433 3599.0 8.9407 5862.9 16.793 "" "" 0.0027759477312038552 0.003880717 0.0048943767 0.008775094 202.22655842288 -61.19439465125 2001.1936 -3.5130000000000003 -1.569 0.8
202.44272082008 -61.55668194656 0.0235 0.0258 14.6316 "" "" 5868459561728231168 1973.22205 0.4681 0.036 -3.527 -1.682 0.03 0.035 1.062 7799.3 4.135 16.025597 1.204061 16.52582 15.321758 "" "" 1859.1405 2107.24976 7323.3263 2.3955 3350.3 7.2384 5894.6 10.383 "" "" 0.0027781146619643426 0.0036452198 0.00423571 0.00788093 202.44272082008 -61.55668194656 1973.22205 -3.5270000000000006 -1.6820000000000002 1.0
202.61896035501 -61.38953164345 0.0236 0.0279 4.2638 "" "" 5868650636228056832 2153.77539 0.4311 0.0374 -3.501 -1.729 0.031 0.039 0.952 5570.0 3.6019 16.041151 1.317613 16.607489 15.289876 "" "" 1979.31104 2335.21362 7219.15558 4.1588 3107.6 9.2037 6070.3 11.692 "" "" 0.0028254205344131374 0.00425736 0.0043193744 0.008576734 202.61896035501 -61.38953164345 2153.77539 -3.501 -1.729 0.9
202.55389158532 -61.38657804552 0.0238 0.0263 3.9659 "" "" 5868650567508376064 2053.34204 0.466 0.0385 -3.553 -1.895 0.03 0.034 0.99 7376.5 3.6403 16.065737 1.255383 16.612816 15.357432 "" "" 1903.38672 2245.47729 7057.51345 2.3375 3092.4 6.9035 5704.1 7.2635 "" "" 0.002778687507242204 0.0036959283 0.004024325 0.0077202534 202.55389158532 -61.38657804552 2053.34204 -3.5530000000000004 -1.8950000000000002 0.9
202.49693219204 -61.29136720876 0.0223 0.0266 2.9229 "" "" 5868654965555019904 2024.44482 0.4743 0.0348 -3.429 -1.758 0.03 0.036 0.955 7484.8 4.2974 16.097544 1.133979 16.57871 15.444732 "" "" 1899.57788 2208.28394 6853.76791 2.312 3191.0 7.0812 5263.4 8.1206 "" "" 0.002779556010538249 0.00368648 0.0041339756 0.007820455 202.49693219204 -61.29136720876 2024.44482 -3.429 -1.758 1.0
202.47911032698 -61.35424082322 0.0237 0.0268 3.4336 "" "" 5868651460861627136 2093.06201 0.4635 0.0373 -3.577 -1.922 0.031 0.036 0.963 7617.4 4.1431 16.125263 1.183402 16.633335 15.449933 "" "" 1919.01953 2272.57422 6681.00307 2.2096 3034.5 6.2896 5238.2 7.1689 "" "" 0.002778620316510095 0.0035846003 0.004060995 0.007645595 202.47911032698 -61.35424082322 2093.06201 -3.5770000000000004 -1.9219999999999997 0.9
202.5687289401 -61.32136632725 0.0252 0.0281 0.2329 "" "" 5868651804459055232 2003.08276 0.4721 0.0394 -3.445 -1.843 0.035 0.038 1.05 7104.7 4.3511 16.128914 1.14324 16.60763 15.46439 "" "" 1874.96045 2174.78442 6658.56964 2.2643 3107.2 6.6482 5168.9 7.4795 "" "" 0.0027799474566340414 0.0036306507 0.004092924 0.0077235745 202.5687289401 -61.32136632725 2003.08276 -3.4450000000000003 -1.8430000000000004 1.0
202.50162029019 -61.36326417905 0.0249 0.0291 3.3153 "" "" 5868651563940829440 2020.54468 0.4642 0.0412 -3.473 -1.683 0.033 0.039 1.026 7629.1 4.3472 16.155695 1.206334 16.678349 15.472014 "" "" 1878.55823 2177.91406 6496.33559 2.23 2911.2 7.0891 5132.8 8.607 "" "" 0.0027804128372739775 0.0038438526 0.0041950475 0.0080389 202.50162029019 -61.36326417905 2020.54468 -3.4730000000000008 -1.683 1.0
203.01474540454 -61.23504874577 0.0244 0.0322 13.6485 "" "" 5868471553277881472 1773.13953 0.5469 0.0432 -3.388 -1.852 0.033 0.05 0.94 6151.4 4.4063 16.2084 1.119989 16.675348 15.555359 "" "" 1663.73828 1914.20422 6188.51641 2.3484 2919.3 5.6024 4753.5 8.6637 "" "" 0.00278595464450105 0.0034823187 0.0042660986 0.0077484176 203.01474540454 -61.23504874577 1773.13953 -3.388 -1.8519999999999999 0.8
202.1673143937 -61.24636943206 0.0224 0.0263 12.6345 "" "" 5868667060184220160 1976.37036 0.484 0.0349 -3.524 -1.569 0.029 0.035 1.036 6151.4 4.3032 16.210173 1.25488 16.698586 15.443706 "" "" 1838.73181 2108.28491 6178.42444 2.2949 2857.5 12.421 5268.4 31.022 "" "" 0.002784677159146097 0.005482571 0.0074267206 0.012909291 202.1673143937 -61.24636943206 1976.37036 -3.524 -1.569 0.8
202.3721988463 -61.48832647471 0.0263 0.0285 11.612 "" "" 5868648402844746240 2058.27124 0.4647 0.04 -3.327 -1.924 0.031 0.038 1.032 7764.8 4.3979 16.235516 1.355296 16.832645 15.477349 "" "" 1905.41406 2213.57446 6035.88248 2.475 2525.6 6.8566 5107.6 8.1674 "" "" 0.0027910563776450343 0.004058743 0.0041590864 0.008217829 202.3721988463 -61.48832647471 2058.27124 -3.327 -1.9239999999999997 0.9
202.66811338554 -61.35483443052 0.0268 0.0306 3.3056 "" "" 5868656546103391104 1989.48499 0.4765 0.043 -3.459 -1.907 0.034 0.04 0.971 7208.4 4.2796 16.254452 1.214848 16.775995 15.561147 "" "" 1855.46338 2199.25903 5931.51671 2.1247 2660.8 7.0245 4728.2 10.193 "" "" 0.002782632804746583 0.004000118 0.004445472 0.00844559 202.66811338554 -61.35483443052 1989.48499 -3.459 -1.907 1.0
202.49093150423 -61.33070965784 0.0272 0.0299 2.5349 "" "" 5868651907538257536 2206.68774 0.4346 0.042 -3.528 -1.745 0.036 0.04 1.003 6578.8 4.3078 16.318409 1.16328 16.81418 15.650901 "" "" 2011.33521 2411.47412 5592.20653 2.0089 2568.9 5.9977 4353.1 6.6884 "" "" 0.002782788846282207 0.0037697211 0.004131176 0.007900897 202.49093150423 -61.33070965784 2206.68774 -3.5280000000000005 -1.745 0.9
202.51575047336 -61.3657461482 0.0274 0.0302 3.1886 "" "" 5868651563940826240 2120.15308 0.437 0.0431 -3.363 -1.831 0.034 0.039 1.001 7197.7 4.3393 16.324598 1.211413 16.848103 15.636689 "" "" 1974.57043 2262.9314 5560.41451 1.9635 2489.9 5.5433 4410.4 7.4519 "" "" 0.002781866674845126 0.0036915925 0.0042010774 0.00789267 202.51575047336 -61.3657461482 2120.15308 -3.363 -1.8309999999999997 0.8
202.33579654509 -61.26332411821 0.0272 0.0317 7.7713 "" "" 5868655785842027776 1967.26636 0.4804 0.0447 -3.37 -1.875 0.035 0.041 1.073 7168.2 4.3483 16.336416 1.229613 16.868837 15.639224 "" "" 1845.55652 2141.62866 5500.22572 2.1329 2442.8 7.2284 4400.2 8.8096 "" "" 0.0027873027582911315 0.004255219 0.0043599177 0.008615136 202.33579654509 -61.26332411821 1967.26636 -3.37 -1.8750000000000002 0.8
