Clusters/Collinder_272/Collinder_272_stars_in_region.tsv
# %ECSV 1.0
# ---
# datatype:
# - name: RA_ICRS_1
#   unit: deg
#   datatype: float64
#   format: '{:15.11f}'
#   description: Right ascension (ICRS) at Ep=2016.0 (ra)
#   meta: !!omap
#   - {ucd: POS_EQ_RA_MAIN}
#   - {width: 15}
#   - {precision: '11'}
# - name: DE_ICRS_1
#   unit: deg
#   datatype: float64
#   format: '{:15.11f}'
#   description: Declination (ICRS) at Ep=2016.0 (dec)
#   meta: !!omap
#   - {ucd: POS_EQ_DEC_MAIN}
#   - {width: 15}
#   - {precision: '11'}
# - name: e_RA_ICRS
#   unit: mas
#   datatype: float64
#   format: '{:7.4f}'
#   description: Standard error of right ascension (ra_error)
#   meta: !!omap
#   - {ucd: ERROR}
#   - {width: 7}
#   - {precision: '4'}
# - name: e_DE_ICRS
#   unit: mas
#   datatype: float64
#   format: '{:7.4f}'
#   description: Standard error of declination (dec_error)
#   meta: !!omap
#   - {ucd: ERROR}
#   - {width: 7}
#   - {precision: '4'}
# - name: _r_1
#   unit: ''
#   datatype: float64
#   format: '{:7.4f}'
#   description: Distance from center (202.57681747000-61.32140021000)[ICRS], at Epoch=J2016.0
#   meta: !!omap
#   - {ucd: POS_ANG_DIST_GENERAL}
#   - {width: 7}
#   - {precision: '4'}
# - name: HIP
#   datatype: int32
#   description: '? HIP cross-id number, van Leeuwen, Cat. I/311 (hip_original_ext_source_id)'
#   meta: !!omap
#   - {ucd: ID_NUMBER}
#   - {width: 6}
#   - values: {'null': -2147483648}
# - name: TYC2
#   datatype: string
#   description: Tycho-2 cross-id name, Hog et al., Cat. I/259 (tyc2_original_ext_source_id)
#   meta: !!omap
#   - {ucd: ID_CROSSID}
#   - {_votable_string_dtype: char}
# - name: Source
#   datatype: int64
#   description: Source identifier, identical to the Gaia-EDR3 source_id (id)
#   meta: !!omap
#   - {ucd: ID_MAIN}
#   - {width: 19}
# - name: rgeo
#   unit: pc
#   datatype: float64
#   format: '{:15.8f}'
#   description: '? Median of the geometric distance posterior (r_med_geo)'
#   meta: !!omap
#   - {ucd: PHYS_DISTANCE_TRUE}
#   - {width: 15}
#   - {precision: '8'}
#   - values: {'null': .nan}
# - name: Plx
#   unit: mas
#   datatype: float64
#   format: '{:9.4f}'
#   description: '? Parallax (parallax)'
#   meta: !!omap
#   - {ucd: POS_PARLX_TRIG}
#   - {width: 9}
#   - {precision: '4'}
#   - values: {'null': .nan}
# - name: e_Plx
#   unit: mas
#   datatype: float32
#   format: '{:7.4f}'
#   description: '? Standard error of parallax (parallax_error)'
#   meta: !!omap
#   - {ucd: ERROR}
#   - {width: 7}
#   - {precision: '4'}
#   - values: {'null': .nan}
# - name: pmRA
#   unit: mas / yr
#   datatype: float64
#   format: '{:9.3f}'
#   description: '? Proper motion in right ascension direction, pmRA*cosDE (pmra)'
#   meta: !!omap
#   - {ucd: POS_EQ_PMRA}
#   - {width: 9}
#   - {precision: '3'}
#   - values: {'null': .nan}
# - name: pmDE
#   unit: mas / yr
#   datatype: float64
#   format: '{:9.3f}'
#   description: '? Proper motion in declination direction (pmdec)'
#   meta: !!omap
#   - {ucd: POS_EQ_PMDEC}
#   - {width: 9}
#   - {precision: '3'}
#   - values: {'null': .nan}
# - name: e_pmRA
#   unit: mas / yr
#   datatype: float32
#   format: '{:6.3f}'
#   description: '? Standard error of proper motion in right ascension direction (pmra_error)'
#   meta: !!omap
#   - {ucd: ERROR}
#   - {width: 6}
#   - {precision: '3'}
#   - values: {'null': .nan}
# - name: e_pmDE
[...]
#         value: !astropy.table.SerializedColumn {name: SkyCoord.dec}
#       distance: !astropy.table.SerializedColumn
#         __class__: astropy.coordinates.distances.Distance
#         unit: !astropy.units.Unit {unit: pc}
#         value: !astropy.table.SerializedColumn {name: SkyCoord.distance}
#       frame: icrs
#       obstime: !astropy.time.Time {format: jyear_str, in_subfmt: '*', jd1: 367701545.0, jd2: 0.0, out_subfmt: '*', precision: 3, scale: tt}
#       pm_dec: !astropy.table.SerializedColumn
#         __class__: astropy.units.quantity.Quantity
#         unit: !astropy.units.Unit {unit: mas / yr}
#         value: !astropy.table.SerializedColumn {name: SkyCoord.pm_dec}
#       pm_ra_cosdec: !astropy.table.SerializedColumn
#         __class__: astropy.units.quantity.Quantity
#         unit: !astropy.units.Unit {unit: mas / yr}
#         value: !astropy.table.SerializedColumn {name: SkyCoord.pm_ra_cosdec}
#       ra: !astropy.table.SerializedColumn
#         __class__: astropy.coordinates.angles.Longitude
#         unit: *id001
#         value: !astropy.table.SerializedColumn {name: SkyCoord.ra}
#         wrap_angle: !astropy.coordinates.Angle
#           unit: *id001
#           value: 360.0
#       representation_type: spherical
# schema: astropy-2.0
RA_ICRS_1 DE_ICRS_1 e_RA_ICRS e_DE_ICRS _r_1 HIP TYC2 Source rgeo Plx e_Plx pmRA pmDE e_pmRA e_pmDE RUWE Teff logg Gmag BP-RP BPmag RPmag RV e_RV b_rgeo B_rgeo FG e_FG FBP e_FBP FRP e_FRP RAVE5 RAVE6 e_Gmag e_BPmag e_RPmag e_BP-RP SkyCoord.ra SkyCoord.dec SkyCoord.distance SkyCoord.pm_ra_cosdec SkyCoord.pm_dec rmRA rmDE e_rmRA e_rmDE rRV e_rRV v_pec v_pec3d e_vpec e_vpec3d
[from data line 2343]
201.72961514856 -61.33345648675 0.0226 0.0275 24.4 "" "" 5868645138669184128 1774.40942 0.5445 0.0377 -5.398 -1.633 0.029 0.037 0.949 7662.5 4.3147 16.208967 1.462045 16.875463 15.413419 "" "" 1650.84277 1909.31226 6185.28598 2.1433 2427.9 6.1128 5417.4 7.1321 "" "" 0.0027808873665354722 0.0039060945 0.004040654 0.007946748 201.72961514856 -61.33345648675 1774.40942 -5.398000000000001 -1.632999999999998 -1.9303817729949948 0.1623817844390869 0.09327917 0.10127917 "" "" 16.293204510617347 "" 1.5207713805226752 ""
202.07497189056 -61.23075194851 0.0239 0.027 15.4592 "" "" 5868669946402266112 1961.70776 0.4784 0.0371 -3.474 -1.616 0.03 0.035 0.962 7732.3 4.2539 16.209017 1.412859 16.83886 15.426001 "" "" 1838.40845 2092.55273 6185.00614 2.3929 2511.2 6.98 5355.0 8.0135 "" "" 0.0027871558399935555 0.0041100485 0.0041138236 0.008223873 202.07497189056 -61.23075194851 1961.70776 -3.4740000000000015 -1.616 -0.006381772994995316 0.1793817844390868 0.09427917 0.099279165 "" "" 1.6690358228247861 "" 0.16569019959748005 ""
203.23107455307 -61.46998779313 0.0249 0.0306 20.8011 "" "" 5868452964657877376 1793.86292 0.5444 0.0418 -9.771 -2.278 0.031 0.043 1.004 5180.0 4.3752 16.209833 1.354269 16.820547 15.466278 "" "" 1670.59912 1909.58423 6180.35089 3.5051 2553.9 7.9196 5160.0 10.169 "" "" 0.0028232870842161816 0.004372725 0.0043430454 0.00871577 203.23107455307 -61.46998779313 1793.86292 -9.770999999999999 -2.2779999999999996 -6.303381772994996 -0.4826182155609131 0.09527917 0.10727917 "" "" 53.75395813792395 "" 5.125627159689002 ""
202.1673143937 -61.24636943206 0.0224 0.0263 12.6345 "" "" 5868667060184220160 1976.37036 0.484 0.0349 -3.524 -1.569 0.029 0.035 1.036 6151.4 4.3032 16.210173 1.25488 16.698586 15.443706 "" "" 1838.73181 2108.28491 6178.42444 2.2949 2857.5 12.421 5268.4 31.022 "" "" 0.002784677159146097 0.005482571 0.0074267206 0.012909291 202.1673143937 -61.24636943206 1976.37036 -3.524 -1.569 -0.05638177299499514 0.22638178443908696 0.09327917 0.099279165 "" "" 2.1855277862998 "" 0.2162333536734352 ""
202.82223214676 -61.58139482339 0.0242 0.0305 17.1134 "" "" 5868451177951150080 2070.10742 0.4579 0.0422 -4.207 -1.392 0.031 0.039 1.071 7653.6 4.3164 16.210787 1.365036 16.814222 15.449186 "" "" 1895.10742 2246.62524 6174.93446 2.2484 2568.8 7.4834 5241.8 7.1519 "" "" 0.0027835371983026577 0.00421774 0.004059335 0.008277075 202.82223214676 -61.58139482339 2070.10742 -4.207 -1.3919999999999995 -0.739381772994995 0.403381784439087 0.09527917 0.10327917 "" "" 8.264517634655839 "" 0.8030827931935551 ""
202.59302655891 -61.58427639716 0.0225 0.0279 15.7794 "" "" 5868457637583027968 1923.17151 0.4994 0.0389 -8.853 1.728 0.029 0.037 1.035 "" "" 16.212414 1.383638 16.387506 15.003868 "" "" 1769.28015 2088.34302 6165.68688 8.1902 3805.5 51.648 7899.7 79.076 "" "" 0.003109958781605415 0.014997373 0.011506603 0.026503976 202.59302655891 -61.58427639716 1923.17151 -8.852999999999998 1.7280000000000004 -5.385381772994995 3.5233817844390867 0.09327917 0.10127917 "" "" 58.66557743338565 "" 5.617068776364232 ""
202.7653844023 -61.06949005602 0.0233 0.0299 16.0676 "" "" 5868676337314658176 2086.18945 0.4524 0.0402 -9.848 -1.168 0.029 0.04 0.974 6619.1 4.2502 16.213198 1.366249 16.816725 15.450476 "" "" 1937.96936 2343.20264 6161.23805 2.1113 2562.9 7.7971 5235.6 6.6584 "" "" 0.002780326197656255 0.004323855 0.004023718 0.008347573 202.7653844023 -61.06949005602 2086.18945 -9.848000000000004 -1.1679999999999993 -6.380381772994996 0.627381784439087 0.09327917 0.10427917 "" "" 63.39692746152891 "" 5.920680276442698 ""
202.38045560732 -61.60840227092 0.024 0.0275 18.1165 "" "" 5868458767104215424 1976.3042 0.489 0.0378 -4.666 -1.803 0.03 0.036 0.978 7609.4 4.2848 16.213287 1.225882 16.740267 15.514385 "" "" 1857.68738 2132.25146 6160.72649 2.0857 2749.9 6.3641 4936.3 7.0118 "" "" 0.0027797301484337716 0.0037548395 0.00408194 0.00783678 202.38045560732 -61.60840227092 1976.3042 -4.666 -1.803 -1.1983817729949955 -0.007618215560913022 0.09427917 0.10027917 "" "" 11.226286088242661 "" 1.0584077435856396 ""
202.92697705108 -61.30265213882 0.0256 0.0328 10.1479 "" "" 5868470797363497600 1874.4668 0.5074 0.0461 -21.308 -7.147 0.032 0.044 1.069 5769.3 4.4411 16.213331 1.332239 16.80487 15.472631 "" "" 1746.11047 2096.79761 6160.4792 2.197 2591.0 6.5025 5129.9 7.6018 "" "" 0.0027823939992572067 0.0038999582 0.004107593 0.008007552 202.92697705108 -61.30265213882 1874.4668 -21.307999999999993 -7.146999999999991 -17.840381772994995 -5.351618215560913 0.096279174 0.10827917 "" "" 165.48939259681552 "" 16.10640036388955 ""
203.30306641841 -61.3679800512 0.0244 0.032 21.0818 "" "" 5868829547383666048 1622.54529 0.5981 0.0424 -9.442 -2.932 0.03 0.045 1.006 5718.6 4.5621 16.214403 1.206638 16.663773 15.457134 "" "" 1523.32446 1762.42102 6154.39474 2.8613 2950.6 23.991 5203.6 24.849 "" "" 0.0028011769804479505 0.009258435 0.0064160377 0.015674472 203.30306641841 -61.3679800512 1622.54529 -9.441999999999993 -2.931999999999999 -5.974381772994995 -1.136618215560913 0.09427917 0.10927917 "" "" 46.77230732822671 "" 4.436031487642665 ""
202.05676060801 -61.61997834171 0.0251 0.0283 23.303 "" "" 5868623663831144960 2087.07642 0.4526 0.0388 -7.36 -1.477 0.032 0.037 1.043 5267.0 4.3535 16.215475 1.270144 16.749317 15.479174 "" "" 1901.77429 2249.62939 6148.32515 2.4224 2727.0 5.1329 5099.0 7.4965 "" "" 0.0027883290924015478 0.0034585353 0.0041026464 0.0075611817 202.05676060801 -61.61997834171 2087.07642 -7.36 -1.4769999999999999 -3.8923817729949954 0.3183817844390868 0.096279174 0.10127917 "" "" 38.63493017067184 "" 3.721056136433586 ""
202.60397135499 -61.50233678281 0.0251 0.0294 10.8842 "" "" 5868461417154318848 2259.00928 0.4101 0.04 -7.941 -1.43 0.03 0.039 0.942 7407.6 3.8586 16.216068 1.56447 16.937025 15.372555 "" "" 2041.17883 2443.44604 6144.96259 2.2942 2294.1 5.5313 5625.2 10.316 "" "" 0.002784978036895895 0.003825965 0.0042718016 0.008097767 202.60397135499 -61.50233678281 2259.00928 -7.940999999999999 -1.4299999999999997 -4.473381772994995 0.365381784439087 0.09427917 0.10327917 "" "" 48.05916288852554 "" 4.533980321896437 ""
203.22874009439 -61.45134514078 0.0243 0.031 20.29 "" "" 5868453033377211520 1599.06592 0.5999 0.041 1.816 -4.492 0.031 0.045 0.971 5624.0 4.5149 16.216095 1.273171 16.775717 15.502545 "" "" 1511.37219 1704.36853 6144.81071 2.2383 2661.5 9.2639 4990.5 8.923 "" "" 0.0027835590072851444 0.004697538 0.0042488053 0.008946343 203.22874009439 -61.45134514078 1599.06592 1.8159999999999998 -4.492 5.283618227005005 -2.696618215560913 0.09527917 0.10927917 "" "" 44.961862438558796 "" 4.421361781754643 ""
202.54728277106 -61.57581647305 0.0249 0.0296 15.2885 "" "" 5868457809381540608 1925.57532 0.4918 0.0409 -10.963 -4.002 0.032 0.038 1.006 5774.7 4.1776 16.216124 1.425059 16.855688 15.430629 "" "" 1760.70239 2120.28052 6144.65316 2.2374 2472.5 6.8111 5332.2 9.1419 "" "" 0.002783537854753881 0.004090314 0.004212929 0.008303243 202.54728277106 -61.57581647305 1925.57532 -10.962999999999992 -4.001999999999999 -7.495381772994994 -2.206618215560913 0.096279174 0.10227917 "" "" 71.31507993433023 "" 6.901257948426171 ""
202.63601623704 -61.07131760968 0.0239 0.0323 15.1022 "" "" 5868675134724181632 1567.36499 0.6199 0.0442 -5.889 -2.07 0.031 0.045 1.045 6809.7 4.3418 16.217047 1.277984 16.771633 15.49365 "" "" 1475.56812 1680.56604 6139.42684 2.1799 2671.6 5.1247 5031.5 6.5557 "" "" 0.0027821584396089502 0.0034817494 0.0040354594 0.007517209 202.63601623704 -61.07131760968 1567.36499 -5.889 -2.07 -2.4213817729949954 -0.2746182155609129 0.09527917 0.10927917 "" "" 18.104521100205762 "" 1.7284356278079747 ""
202.5011687659 -61.14297228526 0.0227 0.0277 10.9263 "" "" 5868674408821232384 1540.8291 0.6038 0.038 -9.952 -4.061 0.028 0.036 0.961 5104.1 4.3123 16.21742 1.295472 16.784014 15.488542 "" "" 1456.14282 1635.65088 6137.31639 2.2062 2641.3 5.8445 5055.2 8.211 "" "" 0.002782825532129393 0.0036819563 0.0041705817 0.007852538 202.5011687659 -61.14297228526 1540.8291 -9.952000000000002 -4.060999999999999 -6.484381772994995 -2.265618215560913 0.092279166 0.10027917 "" "" 50.16639041490803 "" 4.674646627898589 ""
202.79548127265 -60.95702099148 0.0242 0.0295 22.7614 "" "" 5868678261423707136 2026.81543 0.465 0.0407 -2.599 -1.017 0.03 0.04 0.974 6093.6 4.2899 16.21777 1.239787 16.74248 15.502692 "" "" 1875.22205 2184.01636 6135.34665 2.0433 2744.3 8.7772 4989.8 11.016 "" "" 0.0027789453539308205 0.0044546225 0.004475406 0.008930028 202.79548127265 -60.95702099148 2026.81543 -2.599 -1.017 0.8686182270050047 0.778381784439087 0.09427917 0.10427917 "" "" 11.205261509517507 "" 1.107729059211324 ""
202.16706556583 -61.04193913043 0.023 0.028 20.5328 "" "" 5868720588310840960 2173.99585 0.4353 0.0375 -5.36 -1.318 0.029 0.037 1.014 6631.1 3.9864 16.217882 1.094667 16.674606 15.579939 "" "" 2007.69885 2390.39941 6134.70684 2.1212 2921.3 10.854 4647.1 9.9188 "" "" 0.0027807779761507075 0.004904932 0.0044332924 0.009338224 202.16706556583 -61.04193913043 2173.99585 -5.359999999999997 -1.317999999999999 -1.8923817729949954 0.47738178443908685 0.09327917 0.10127917 "" "" 20.111416532639034 "" 1.8859884355750691 ""
202.66822047869 -61.68567061003 0.0298 0.0352 22.0123 "" "" 5868443687527706496 1743.276 0.556 0.0491 -1.084 -1.323 0.038 0.05 1.281 5060.1 4.3474 16.218578 1.285254 16.754076 15.468822 "" "" 1626.69946 1876.21692 6130.77884 3.2534 2715.1 6.7489 5147.9 10.335 "" "" 0.002814916404621664 0.0038818289 0.004362911 0.00824474 202.66822047869 -61.68567061003 1743.276 -1.084 -1.3229999999999997 2.383618227005005 0.47238178443908696 0.10227917 0.114279166 "" "" 20.07919827845257 "" 2.0633010346613734 ""
201.97423131924 -61.20325337231 0.0253 0.0277 18.7731 "" "" 5868670908474991232 2049.17822 0.4619 0.0389 -4.267 -2.705 0.034 0.037 0.981 7110.8 4.3441 16.218885 1.339164 16.811445 15.472281 "" "" 1917.06006 2236.71118 6129.03794 2.058 2575.4 6.4172 5131.5 5.682 "" "" 0.0027793341857968667 0.0038863898 0.0039659855 0.0078523755 201.97423131924 -61.20325337231 2049.17822 -4.267 -2.705 -0.7993817729949955 -0.9096182155609132 0.09827917 0.10127917 "" "" 11.762150845597573 "" 1.1760144852579433 ""
203.14190806019 -61.08220576127 0.0234 0.031 21.7425 "" "" 5869036393013195392 2113.96948 0.4514 0.0409 -5.033 -1.089 0.031 0.045 1.055 8020.3 3.9504 16.219267 1.406549 16.814936 15.408386 "" "" 1940.39282 2331.00757 6126.89138 2.254 2567.1 5.6871 5442.6 27.204 "" "" 0.002784121363581977 0.0036838294 0.0066132303 0.01029706 203.14190806019 -61.08220576127 2113.96948 -5.033000000000001 -1.089 -1.5653817729949955 0.706381784439087 0.09527917 0.10927917 "" "" 17.208521077109886 "" 1.682797838943218 ""
202.54395950171 -61.18539876978 0.0229 0.0291 8.215 "" "" 5868662387258905600 2079.88623 0.461 0.0387 -7.811 -2.322 0.029 0.038 1.036 6682.8 4.2613 16.219337 1.262076 16.775957 15.513881 "" "" 1947.89429 2253.54761 6126.48652 2.0772 2660.9 6.3106 4938.6 5.3341 "" "" 0.002779802653522931 0.0037967542 0.003957135 0.007753889 202.54395950171 -61.18539876978 2079.88623 -7.8109999999999955 -2.321999999999999 -4.343381772994995 -0.5266182155609131 0.09327917 0.10227917 "" "" 43.13351883670523 "" 4.029349888867799 ""
202.02671017552 -61.46803212085 0.0257 0.0275 18.0865 "" "" 5868628852151946112 1991.85706 0.4734 0.0398 -7.729 -4.376 0.032 0.036 1.064 5327.5 3.7432 16.220154 1.754898 17.05295 15.298052 "" "" 1860.19629 2129.5813 6121.88432 2.3757 2061.8 6.6556 6024.7 7.0858 "" "" 0.002787349141313132 0.004479818 0.00398928 0.008469098 202.02671017552 -61.46803212085 1991.85706 -7.729000000000004 -4.376000000000001 -4.261381772994995 -2.5806182155609134 0.096279174 0.10027917 "" "" 47.03577932785672 "" 4.57980849618978 ""
202.43967572417 -61.61000141549 0.0239 0.0269 17.7566 "" "" 5868456160114032896 1632.93787 0.5847 0.0372 -7.788 -2.238 0.03 0.036 1.023 6717.7 4.3431 16.22046 1.311142 16.8023 15.491158 "" "" 1541.41846 1735.38477 6120.15131 2.0508 2597.1 5.9434 5043.1 5.8823 "" "" 0.0027792361771549244 0.0037361325 0.003985915 0.007722047 202.43967572417 -61.61000141549 1632.93787 -7.787999999999997 -2.2379999999999987 -4.320381772994995 -0.4426182155609131 0.09427917 0.10027917 "" "" 33.61532990821335 "" 3.1713862527216725 ""
202.02433682742 -61.40941590338 0.0247 0.0287 16.7404 "" "" 5868630054693795584 1685.90454 0.5637 0.0385 -5.39 -0.073 0.033 0.038 1.0 7524.7 4.193 16.221804 1.278671 16.741999 15.463327 "" "" 1577.04883 1799.36389 6112.59103 2.1939 2745.5 15.03 5174.0 21.938 "" "" 0.002782740606360348 0.0065660817 0.0059562237 0.012522305 202.02433682742 -61.40941590338 1685.90454 -5.39 -0.07299999999999934 -1.9223817729949948 1.722381784439087 0.09727917 0.10227917 "" "" 20.626167858903646 "" 2.053059687755578 ""
201.9379810224 -61.2220274808 0.024 0.0279 19.3643 "" "" 5868647406411982976 1847.26501 0.5313 0.0378 -7.143 -2.087 0.03 0.036 1.038 7233.3 4.346 16.222492 1.319808 16.804577 15.484769 "" "" 1729.74023 1990.11194 6108.71847 2.0694 2591.7 5.9264 5072.8 5.8131 "" "" 0.0027797608840812527 0.0037348394 0.0039789095 0.007713749 201.9379810224 -61.2220274808 1847.26501 -7.143000000000001 -2.0869999999999997 -3.675381772994995 -0.2916182155609133 0.09427917 0.10027917 "" "" 32.2829155508183 "" 3.044856563920668 ""
202.83394872613 -61.63472754081 0.0667 0.0865 20.1914 "" "" 5868444202923844480 1570.81592 0.6872 0.1181 -5.803 -1.281 0.086 0.111 3.053 7420.9 4.2421 16.222742 1.475987 16.822876 15.346889 "" "" 1279.03503 1959.58435 6107.30804 11.608 2548.4 13.487 5759.7 19.308 "" "" 0.0034424349855854595 0.0063876873 0.0052469904 0.011634678 202.83394872613 -61.63472754081 1570.81592 -5.803 -1.2810000000000008 -2.335381772994995 0.514381784439087 0.15027916 0.17527917 "" "" 17.805261992429546 "" 2.697976156884151 ""
202.03189604001 -61.5562162421 0.0258 0.0283 21.0437 "" "" 5868624866422125952 1992.61609 0.4692 0.0396 -6.431 -2.447 0.032 0.036 0.963 7097.6 4.346 16.224663 1.213579 16.731462 15.517883 "" "" 1828.09326 2172.4458 6096.51427 2.3053 2772.2 7.5966 4920.4 7.9901 "" "" 0.002785739379470828 0.0040788455 0.0041704 0.008249246 202.03189604001 -61.5562162421 1992.61609 -6.431 -2.4470000000000005 -2.963381772994995 -0.6516182155609131 0.096279174 0.10027917 "" "" 28.65781465813599 "" 2.7645422509874815 ""
202.20987031688 -61.01179804204 0.025 0.0309 21.3965 "" "" 5868720798792938112 2043.73438 0.4735 0.0407 -7.231 -3.195 0.032 0.04 1.071 7114.0 4.3409 16.22481 1.24255 16.73916 15.496611 "" "" 1885.38684 2206.95703 6095.69377 2.7301 2752.7 7.9657 5017.8 8.4491 "" "" 0.0027979010562456524 0.0042019575 0.0041983337 0.008400291 202.20987031688 -61.01179804204 2043.73438 -7.230999999999999 -3.1949999999999994 -3.763381772994995 -1.399618215560913 0.096279174 0.10427917 "" "" 38.89662269508582 "" 3.784110271244863 ""
202.24130935102 -61.54613258664 0.0255 0.031 16.5672 "" "" 5868647750009682560 1705.89026 0.5617 0.0422 -6.888 -3.033 0.032 0.041 0.996 5866.8 4.4717 16.224907 1.148961 16.719465 15.570504 "" "" 1589.96667 1849.1626 6095.14127 2.1125 2803.1 6.7452 4687.7 8.4312 "" "" 0.002780897885357611 0.0038224293 0.004254067 0.008076496 202.24130935102 -61.54613258664 1705.89026 -6.8880000000000035 -3.033000000000003 -3.420381772994995 -1.237618215560913 0.096279174 0.10527917 "" "" 29.41175987778553 "" 2.863637171063693 ""
202.42221157077 -60.96728285233 0.024 0.0298 21.7135 "" "" 5868727017933342208 1899.21362 0.4917 0.0397 -6.839 -4.004 0.03 0.039 1.038 5315.5 4.287 16.225042 1.289389 16.791988 15.5026 "" "" 1778.74658 2064.69189 6094.38549 2.0024 2621.9 5.235 4990.2 6.693 "" "" 0.0027783176488690945 0.0035333452 0.0040502227 0.007583568 202.42221157077 -60.96728285233 1899.21362 -6.839 -4.004 -3.3713817729949955 -2.2086182155609126 0.09427917 0.10327917 "" "" 36.28285460748545 "" 3.5219584986858625 ""
