Clusters/Collinder_272/Collinder_272_members.tsv
# %ECSV 1.0
# ---
# datatype:
# - name: RA_ICRS_1
#   unit: deg
#   datatype: float64
#   format: '{:15.11f}'
#   description: Right ascension (ICRS) at Ep=2016.0 (ra)
#   meta: !!omap
#   - {ucd: POS_EQ_RA_MAIN}
#   - {width: 15}
#   - {precision: '11'}
# - name: DE_ICRS_1
#   unit: deg
#   datatype: float64
#   format: '{:15.11f}'
#   description: Declination (ICRS) at Ep=2016.0 (dec)
#   meta: !!omap
#   - {ucd: POS_EQ_DEC_MAIN}
#   - {width: 15}
#   - {precision: '11'}
# - name: e_RA_ICRS
#   unit: mas
#   datatype: float64
#   format: '{:7.4f}'
#   description: Standard error of right ascension (ra_error)
#   meta: !!omap
#   - {ucd: ERROR}
#   - {width: 7}
#   - {precision: '4'}
# - name: e_DE_ICRS
#   unit: mas
#   datatype: float64
#   format: '{:7.4f}'
#   description: Standard error of declination (dec_error)
#   meta: !!omap
#   - {ucd: ERROR}
#   - {width: 7}
#   - {precision: '4'}
# - name: _r_1
#   unit: ''
#   datatype: float64
#   format: '{:7.4f}'
#   description: Distance from center (202.57681747000-61.32140021000)[ICRS], at Epoch=J2016.0
#   meta: !!omap
#   - {ucd: POS_ANG_DIST_GENERAL}
#   - {width: 7}
#   - {precision: '4'}
# - name: HIP
#   datatype: int32
#   description: '? HIP cross-id number, van Leeuwen, Cat. I/311 (hip_original_ext_source_id)'
#   meta: !!omap
#   - {ucd: ID_NUMBER}
#   - {width: 6}
#   - values: {'null': -2147483648}
# - name: TYC2
#   datatype: string
#   description: Tycho-2 cross-id name, Hog et al., Cat. I/259 (tyc2_original_ext_source_id)
#   meta: !!omap
#   - {ucd: ID_CROSSID}
#   - {_votable_string_dtype: char}
# - name: Source
#   datatype: int64
#   description: Source identifier, identical to the Gaia-EDR3 source_id (id)
#   meta: !!omap
#   - {ucd: ID_MAIN}
#   - {width: 19}
# - name: rgeo
#   unit: pc
#   datatype: float64
#   format: '{:15.8f}'
#   description: '? Median of the geometric distance posterior (r_med_geo)'
#   meta: !!omap
#   - {ucd: PHYS_DISTANCE_TRUE}
#   - {width: 15}
#   - {precision: '8'}
#   - values: {'null': .nan}
# - name: Plx
#   unit: mas
#   datatype: float64
#   format: '{:9.4f}'
#   description: '? Parallax (parallax)'
#   meta: !!omap
#   - {ucd: POS_PARLX_TRIG}
#   - {width: 9}
#   - {precision: '4'}
#   - values: {'null': .nan}
# - name: e_Plx
#   unit: mas
#   datatype: float32
#   format: '{:7.4f}'
#   description: '? Standard error of parallax (parallax_error)'
#   meta: !!omap
#   - {ucd: ERROR}
#   - {width: 7}
#   - {precision: '4'}
#   - values: {'null': .nan}
# - name: pmRA
#   unit: mas / yr
#   datatype: float64
#   format: '{:9.3f}'
#   description: '? Proper motion in right ascension direction, pmRA*cosDE (pmra)'
#   meta: !!omap
#   - {ucd: POS_EQ_PMRA}
#   - {width: 9}
#   - {precision: '3'}
#   - values: {'null': .nan}
# - name: pmDE
#   unit: mas / yr
#   datatype: float64
#   format: '{:9.3f}'
#   description: '? Proper motion in declination direction (pmdec)'
#   meta: !!omap
#   - {ucd: POS_EQ_PMDEC}
#   - {width: 9}
#   - {precision: '3'}
#   - values: {'null': .nan}
# - name: e_pmRA
#   unit: mas / yr
#   datatype: float32
#   format: '{:6.3f}'
#   description: '? Standard error of proper motion in right ascension direction (pmra_error)'
#   meta: !!omap
#   - {ucd: ERROR}
#   - {width: 6}
#   - {precision: '3'}
#   - values: {'null': .nan}
# - name: e_pmDE
[...]
#         unit: &id001 !astropy.units.Unit {unit: deg}
#         value: !astropy.table.SerializedColumn {name: SkyCoord.dec}
#       distance: !astropy.table.SerializedColumn
#         __class__: astropy.coordinates.distances.Distance
#         unit: !astropy.units.Unit {unit: pc}
#         value: !astropy.table.SerializedColumn {name: SkyCoord.distance}
#       frame: icrs
#       obstime: !astropy.time.Time {format: jyear_str, in_subfmt: '*', jd1: 367701545.0, jd2: 0.0, out_subfmt: '*', precision: 3, scale: tt}
#       pm_dec: !astropy.table.SerializedColumn
#         __class__: astropy.units.quantity.Quantity
#         unit: !astropy.units.Unit {unit: mas / yr}
#         value: !astropy.table.SerializedColumn {name: SkyCoord.pm_dec}
#       pm_ra_cosdec: !astropy.table.SerializedColumn
#         __class__: astropy.units.quantity.Quantity
#         unit: !astropy.units.Unit {unit: mas / yr}
#         value: !astropy.table.SerializedColumn {name: SkyCoord.pm_ra_cosdec}
#       ra: !astropy.table.SerializedColumn
#         __class__: astropy.coordinates.angles.Longitude
#         unit: *id001
#         value: !astropy.table.SerializedColumn {name: SkyCoord.ra}
#         wrap_angle: !astropy.coordinates.Angle
#           unit: *id001
#           value: 360.0
#       representation_type: spherical
# schema: astropy-2.0
RA_ICRS_1 DE_ICRS_1 e_RA_ICRS e_DE_ICRS _r_1 HIP TYC2 Source rgeo Plx e_Plx pmRA pmDE e_pmRA e_pmDE RUWE Teff logg Gmag BP-RP BPmag RPmag RV e_RV b_rgeo B_rgeo FG e_FG FBP e_FBP FRP e_FRP RAVE5 RAVE6 e_Gmag e_BPmag e_RPmag e_BP-RP SkyCoord.ra SkyCoord.dec SkyCoord.distance SkyCoord.pm_ra_cosdec SkyCoord.pm_dec Pmemb
[from data line 40]
202.30856465107 -61.13906885973 0.0091 0.0117 13.4048 "" "" 5868672076706235904 2044.771 0.4485 0.016 -3.466 -1.775 0.012 0.015 0.952 "" "" 14.062907 0.498651 14.239939 13.741288 "" "" 1986.36621 2111.43945 44646.13608 10.307 27507.0 16.491 25272.0 23.82 "" "" 0.002766697719083206 0.002865091 0.00391548 0.006780571 202.30856465107 -61.13906885973 2044.771 -3.466 -1.775 0.9
202.57420377099 -61.29334325598 0.0099 0.0118 1.6851 "" "" 5868652079336994944 2096.81738 0.4355 0.0159 -3.318 -1.68 0.013 0.016 1.065 8531.2 3.6945 14.065577 0.797324 14.376706 13.579382 "" "" 2041.93506 2175.93799 44536.46647 7.2506 24251.0 15.132 29336.0 11.256 "" "" 0.00276098411556496 0.0028712393 0.003802272 0.006673511 202.57420377099 -61.29334325598 2096.81738 -3.3179999999999996 -1.6799999999999995 1.0
202.4049523743 -61.30297446763 0.0097 0.0114 5.072 "" "" 5868654793756315520 2004.03247 0.4617 0.0157 -3.511 -1.785 0.013 0.015 0.947 "" "" 14.075714 0.581476 14.290563 13.709086 "" "" 1941.91736 2075.7063 44122.60119 10.663 26254.0 17.622 26033.0 13.574 "" "" 0.002767785474783512 0.0028837717 0.0038215467 0.0067053186 202.4049523743 -61.30297446763 2004.03247 -3.5110000000000006 -1.7850000000000001 1.0
202.62737477278 -61.19332586052 0.0091 0.0117 7.8217 "" "" 5868662181100660224 2035.29797 0.4545 0.0162 -3.392 -1.862 0.012 0.016 0.995 "" "" 14.075756 0.579174 14.289474 13.710299 "" "" 1971.4762 2092.53345 44120.90513 8.3317 26280.0 15.877 26004.0 13.652 "" "" 0.0027629379204445123 0.0028662365 0.0038221243 0.006688361 202.62737477278 -61.19332586052 2035.29797 -3.392 -1.862 1.0
202.58434686561 -61.33746456015 0.0101 0.0119 0.9879 "" "" 5868651735739555584 2156.41284 0.4237 0.0163 -3.394 -1.806 0.014 0.016 0.944 "" "" 14.136153 0.578408 14.346091 13.767683 "" "" 2083.95093 2230.63159 41733.56583 8.1132 24945.0 15.899 24665.0 13.725 "" "" 0.0027633929999714524 0.0028747038 0.0038273677 0.0067020715 202.58434686561 -61.33746456015 2156.41284 -3.3939999999999997 -1.8059999999999998 1.0
202.76578574506 -61.43100232494 0.0104 0.0123 8.5292 "" "" 5868467601907692672 2068.46704 0.4409 0.0168 -3.487 -1.982 0.013 0.016 1.01 "" "" 14.204659 0.699093 14.467452 13.768359 "" "" 1997.75793 2144.73511 39181.68429 8.0017 22307.0 17.879 24650.0 14.906 "" "" 0.002764227447043623 0.002922725 0.0038359857 0.0067587104 202.76578574506 -61.43100232494 2068.46704 -3.4869999999999997 -1.982 1.0
202.60412507816 -61.33300036645 0.0106 0.0122 1.05 "" "" 5868651735739701760 2122.37573 0.4342 0.0172 -3.444 -1.881 0.014 0.017 0.92 "" "" 14.212434 0.603017 14.436203 13.833186 "" "" 2051.64478 2215.88574 38902.11446 8.8683 22958.0 12.493 23221.0 14.779 "" "" 0.0027664146922765846 0.0028520378 0.0038420348 0.006694073 202.60412507816 -61.33300036645 2122.37573 -3.444 -1.881 0.9
202.02663725682 -61.32038555763 0.01 0.0117 15.8421 "" "" 5868666407349120640 2051.83862 0.4499 0.0167 -3.508 -1.842 0.013 0.015 0.989 "" "" 14.215411 0.660371 14.461897 13.801526 "" "" 1979.61511 2130.30591 38795.57824 7.4505 22421.0 15.72 23908.0 13.701 "" "" 0.0027631984991204526 0.0028921508 0.0038302566 0.0067224074 202.02663725682 -61.32038555763 2051.83862 -3.508 -1.842 1.0
202.62712175482 -61.3222760299 0.0107 0.0126 1.4494 "" "" 5868657611255298944 1942.0553 0.4756 0.0173 -3.436 -1.917 0.015 0.017 0.941 7959.9 4.2019 14.223381 0.610137 14.452088 13.841951 "" "" 1879.71472 2011.17944 38511.85878 9.7733 22625.0 14.37 23034.0 11.839 "" "" 0.0027690624657451114 0.0028741234 0.003820359 0.0066944826 202.62712175482 -61.3222760299 1942.0553 -3.4360000000000004 -1.9170000000000003 1.0
202.83053923549 -61.33854544819 0.0105 0.0134 7.3757 "" "" 5868469148096028288 2055.44995 0.4459 0.0181 -3.459 -1.897 0.014 0.018 0.981 "" "" 14.227931 0.725901 14.504293 13.778392 "" "" 1988.92834 2137.53442 38350.80118 8.8978 21563.0 14.459 24423.0 11.683 "" "" 0.0027668112125685753 0.0028835891 0.003814902 0.006698491 202.83053923549 -61.33854544819 2055.44995 -3.4589999999999996 -1.897 1.0
202.72204723211 -61.41298344868 0.0108 0.0125 6.9015 "" "" 5868467773706406784 2088.72949 0.4367 0.0175 -3.358 -1.861 0.014 0.017 0.933 7254.5 3.8256 14.230062 0.673333 14.485749 13.812416 "" "" 2025.22192 2167.56299 38275.60581 7.1462 21934.0 12.448 23670.0 12.494 "" "" 0.0027627669408195224 0.002857398 0.0038225863 0.0066799843 202.72204723211 -61.41298344868 2088.72949 -3.3580000000000005 -1.8610000000000004 1.0
202.48245143728 -61.31857720517 0.0106 0.0123 2.7225 "" "" 5868654862475773440 2043.53381 0.4526 0.0167 -3.477 -1.655 0.015 0.017 0.984 "" "" 14.252337 0.762889 14.544679 13.78179 "" "" 1965.5415 2117.92993 37498.33319 6.1089 20775.0 14.508 24347.0 11.724 "" "" 0.002760991751788093 0.0028913552 0.003815373 0.006706728 202.48245143728 -61.31857720517 2043.53381 -3.477 -1.6550000000000002 0.9
202.62897975397 -61.09230813967 0.0097 0.0129 13.8279 "" "" 5868674962925100544 2062.48535 0.4519 0.0178 -3.439 -1.637 0.012 0.017 0.995 "" "" 14.265124 0.677591 14.521007 13.843415 "" "" 2003.01501 2129.84399 37059.26884 7.897 21233.0 11.77 23003.0 10.338 "" "" 0.002765016669015839 0.002854343 0.003810751 0.006665094 202.62897975397 -61.09230813967 2062.48535 -3.4389999999999996 -1.637 1.0
202.66948104725 -61.28899404961 0.0108 0.0133 3.3026 "" "" 5868657817414195712 1943.72705 0.4767 0.0175 -3.594 -1.781 0.014 0.019 0.941 "" "" 14.285808 0.776391 14.586753 13.810362 "" "" 1877.17969 2039.5791 36359.98428 7.1459 19986.0 16.215 23714.0 16.522 "" "" 0.0027635703770657813 0.0029259175 0.0038543416 0.0067802593 202.66948104725 -61.28899404961 1943.72705 -3.5939999999999994 -1.781 0.9
202.65280615644 -61.38514545065 0.0108 0.0127 4.4052 "" "" 5868468838858328960 1996.40796 0.4661 0.0174 -3.436 -1.925 0.015 0.017 0.973 "" "" 14.311867 0.700994 14.578992 13.877997 "" "" 1915.86829 2066.67871 35497.68574 6.6739 20129.0 11.231 22282.0 11.729 "" "" 0.002762871316345823 0.0028551754 0.0038223504 0.006677526 202.65280615644 -61.38514545065 1996.40796 -3.4360000000000004 -1.9250000000000003 1.0
202.06855536563 -61.23320553714 0.0101 0.012 15.5814 "" "" 5868669946402262528 2021.96167 0.4567 0.0164 -3.506 -1.565 0.013 0.015 0.944 "" "" 14.321738 0.776845 14.6137 13.836855 "" "" 1957.52466 2086.46338 35176.40747 6.2652 19496.0 13.984 23143.0 16.93 "" "" 0.002762097857876681 0.0028968144 0.003861939 0.006758753 202.06855536563 -61.23320553714 2021.96167 -3.5059999999999993 -1.565 0.9
202.56973491349 -61.33177322559 0.0111 0.0128 0.6549 "" "" 5868651770099440256 1913.38672 0.4858 0.0177 -3.526 -1.733 0.015 0.018 0.956 "" "" 14.337955 0.633857 14.576177 13.94232 "" "" 1844.84595 1975.73499 34654.91589 7.4288 20181.0 15.139 21001.0 10.921 "" "" 0.0027651327418468765 0.0029066168 0.003821323 0.0067279395 202.56973491349 -61.33177322559 1913.38672 -3.5259999999999994 -1.733 1.0
202.71458615838 -61.41446317501 0.011 0.0134 6.846 "" "" 5868467773706404480 2142.01587 0.4259 0.0182 -3.471 -1.797 0.015 0.017 0.956 "" "" 14.393991 0.67768 14.648001 13.970321 "" "" 2061.97266 2227.13232 32911.68585 5.9101 18889.0 11.611 20466.0 15.494 "" "" 0.002762209788383697 0.0028688794 0.003867733 0.0067366124 202.71458615838 -61.41446317501 2142.01587 -3.4710000000000005 -1.7970000000000004 1.0
202.51471549196 -61.37412338055 0.0113 0.0132 3.6331 "" "" 5868650808026566656 2063.33521 0.4503 0.0188 -3.344 -1.807 0.015 0.017 0.978 "" "" 14.438816 0.740306 14.721532 13.981226 "" "" 1969.91602 2147.26831 31580.59798 6.3076 17652.0 13.869 20261.0 10.647 "" "" 0.002763840662528552 0.002917661 0.003822205 0.006739866 202.51471549196 -61.37412338055 2063.33521 -3.3440000000000003 -1.8070000000000004 0.9
201.92828517261 -61.30028590462 0.0102 0.0125 18.7228 "" "" 5868646100741889920 2221.3418 0.4141 0.0168 -3.522 -1.825 0.013 0.017 1.007 7979.9 4.1397 14.468633 0.749481 14.756229 14.006748 "" "" 2141.59839 2296.93799 30725.13155 5.2058 17097.0 13.198 19791.0 12.35 "" "" 0.0027614542997872584 0.0029133337 0.0038396306 0.006752964 201.92828517261 -61.30028590462 2221.3418 -3.522 -1.825 0.8
202.72841440474 -61.37718007069 0.0112 0.0138 5.4973 "" "" 5868468701419385728 2021.21692 0.463 0.019 -3.443 -1.81 0.015 0.019 0.991 "" "" 14.470073 0.677774 14.713634 14.035859 "" "" 1931.57104 2092.68262 30684.41063 5.9411 17781.0 13.297 19267.0 48.003 "" "" 0.0027633280152950584 0.0029059057 0.004647702 0.0075536077 202.72841440474 -61.37718007069 2021.21692 -3.443 -1.8100000000000003 1.0
202.80271232324 -61.52762255281 0.0107 0.0131 13.9688 "" "" 5868463306940317696 2107.125 0.437 0.0182 -3.39 -1.747 0.013 0.017 0.978 "" "" 14.473556 0.736232 14.75392 14.017688 "" "" 2047.07947 2190.73706 30586.12471 5.6946 17134.0 14.688 19592.0 11.637 "" "" 0.0027627254693458835 0.0029413134 0.0038340073 0.0067753205 202.80271232324 -61.52762255281 2107.125 -3.39 -1.7470000000000003 1.0
202.51235993266 -61.37643060423 0.0123 0.0143 3.7869 "" "" 5868650808026562688 2084.29907 0.4428 0.0201 -3.557 -1.756 0.016 0.018 1.074 "" "" 14.477134 0.81114 14.782709 13.971569 "" "" 2012.06848 2198.8728 30485.50696 5.7129 16685.0 14.962 20442.0 23.419 "" "" 0.002762822286824004 0.002955161 0.003978806 0.006933967 202.51235993266 -61.37643060423 2084.29907 -3.557 -1.7559999999999996 0.8
202.69253531678 -61.26369468727 0.0119 0.0159 4.8073 "" "" 5868657851730581504 2023.7688 0.4509 0.0203 -3.424 -1.808 0.016 0.021 1.064 9969.8 3.9379 14.482444 0.674799 14.699277 14.024478 "" "" 1961.89905 2106.83862 30336.75309 6.8703 18018.0 38.554 19470.0 187.05 "" "" 0.0027662697844178233 0.0036307466 0.011094347 0.014725093 202.69253531678 -61.26369468727 2023.7688 -3.4239999999999995 -1.808 1.0
202.26517212622 -61.24119680138 0.0108 0.0127 10.1924 "" "" 5868667850458211968 2124.2522 0.4356 0.0171 -3.527 -1.497 0.014 0.017 0.925 "" "" 14.51004 0.690407 14.770249 14.079843 "" "" 2048.0144 2214.77856 29575.39386 6.035 16878.0 9.359 18502.0 9.8815 "" "" 0.0027642130246967015 0.0028543847 0.0038236072 0.0066779917 202.26517212622 -61.24119680138 2124.2522 -3.5270000000000006 -1.4970000000000006 0.8
202.78690824263 -61.30386273742 0.012 0.0147 6.1418 "" "" 5868657095859243264 2005.83008 0.4627 0.0214 -3.528 -1.725 0.016 0.02 1.012 9299.1 4.1833 14.522308 0.848557 14.857784 14.009227 "" "" 1928.56604 2087.7146 29243.1064 5.9189 15571.0 11.908 19745.0 14.142 "" "" 0.0027640698873867262 0.0029110967 0.0038585553 0.006769652 202.78690824263 -61.30386273742 2005.83008 -3.5279999999999996 -1.7250000000000003 0.8
202.78737882554 -61.46653783917 0.0113 0.0138 10.6029 "" "" 5868464509531207040 1975.13684 0.471 0.0188 -3.4 -1.649 0.014 0.018 0.934 "" "" 14.533501 0.78364 14.836338 14.052698 "" "" 1910.61926 2062.40698 28943.19305 5.9782 15881.0 12.015 18971.0 11.037 "" "" 0.002764431431211121 0.0029085726 0.0038318043 0.006740377 202.78737882554 -61.46653783917 1975.13684 -3.4 -1.6489999999999998 0.9
202.29853394643 -61.19748487452 0.0117 0.0143 10.9424 "" "" 5868668812531263360 1912.02881 0.4826 0.0192 -3.465 -1.649 0.018 0.02 0.933 "" "" 14.544615 0.652429 14.789858 14.137429 "" "" 1838.57898 1980.99158 28648.43753 6.8639 16576.0 24.153 17546.0 21.087 "" "" 0.002767572623722848 0.0032074722 0.003998295 0.007205767 202.29853394643 -61.19748487452 1912.02881 -3.465 -1.6490000000000002 0.9
202.60638608161 -61.30000859449 0.0114 0.0142 1.5404 "" "" 5868657881786729344 2106.20386 0.4329 0.0189 -3.406 -1.943 0.016 0.019 0.976 "" "" 14.546787 0.651664 14.79333 14.141666 "" "" 2016.22205 2175.75195 28591.16094 6.2944 16523.0 13.515 17478.0 10.851 "" "" 0.0027656686866293547 0.0029280935 0.0038390222 0.0067671156 202.60638608161 -61.30000859449 2106.20386 -3.406 -1.943 1.0
202.74052142287 -61.30887473949 0.0125 0.0152 4.7741 "" "" 5868657130219325056 2040.23157 0.4533 0.0208 -3.439 -1.837 0.016 0.02 0.989 9526.2 4.2435 14.587302 0.590559 14.806861 14.216302 "" "" 1949.2749 2126.67188 27543.91787 8.0814 16318.0 15.219 16317.0 15.113 "" "" 0.0027736739261510143 0.0029682375 0.0039108824 0.00687912 202.74052142287 -61.30887473949 2040.23157 -3.439 -1.8370000000000004 1.0
203.0148529367 -61.21474409787 0.0115 0.0151 14.1624 "" "" 5868659294882873984 2025.9032 0.459 0.0205 -3.384 -1.806 0.016 0.022 0.944 9516.7 4.1519 14.645087 0.639874 14.885308 14.245434 "" "" 1951.84607 2112.50684 26116.315 5.7533 15181.0 11.903 15885.0 10.318 "" "" 0.0027656821361907594 0.002917148 0.0038446172 0.006761765 203.0148529367 -61.21474409787 2025.9032 -3.3839999999999995 -1.8059999999999996 0.9
202.95172583316 -61.46921132736 0.0127 0.0167 13.9512 "" "" 5868463753617303040 2154.44312 0.4278 0.0218 -3.421 -1.9 0.017 0.025 0.956 "" "" 14.656355 0.709889 14.925696 14.215807 "" "" 2063.91235 2277.09424 25846.68299 6.2655 14626.0 14.617 16324.0 10.919 "" "" 0.0027678620349427174 0.0029937304 0.003848526 0.0068422565 202.95172583316 -61.46921132736 2154.44312 -3.4209999999999994 -1.9 0.8
202.59226250741 -61.29551985855 0.0123 0.0145 1.6153 "" "" 5868657886133234432 2121.01343 0.4365 0.0195 -3.431 -1.849 0.016 0.02 0.932 7490.0 4.0344 14.66868 0.670393 14.922047 14.251654 "" "" 2036.26599 2203.27539 25554.92286 5.7585 14676.0 12.973 15794.0 11.318 "" "" 0.002766161031214725 0.0029506208 0.0038586361 0.006809257 202.59226250741 -61.29551985855 2121.01343 -3.4310000000000005 -1.8490000000000002 1.0
202.7658021423 -61.34053813453 0.0131 0.0161 5.5598 "" "" 5868469384266101888 2077.75537 0.449 0.0224 -3.395 -1.85 0.017 0.02 0.983 7998.4 3.8714 14.678479 0.714083 14.954152 14.240069 "" "" 1979.30627 2191.1106 25325.33838 6.7893 14248.0 12.113 15964.0 14.04 "" "" 0.002770651515556749 0.002938887 0.003898144 0.006837031 202.7658021423 -61.34053813453 2077.75537 -3.3950000000000005 -1.8500000000000003 0.9
203.04971629236 -61.3173405006 0.0122 0.0158 13.6196 "" "" 5868470144528557952 1857.20349 0.4974 0.0223 -3.431 -1.891 0.016 0.023 1.03 9463.2 4.0458 14.692388 0.649874 14.930145 14.280272 "" "" 1794.96094 1935.41833 25002.98341 5.3964 14567.0 11.239 15383.0 10.792 "" "" 0.0027652671035024675 0.002913206 0.003855375 0.006768581 203.04971629236 -61.3173405006 1857.20349 -3.431 -1.891 1.0
202.79051426417 -61.26052593223 0.0121 0.0156 7.1607 "" "" 5868657542536194176 2053.08887 0.4539 0.0212 -3.38 -1.907 0.016 0.021 0.979 "" "" 14.700171 0.707944 14.971195 14.263251 "" "" 1970.54541 2144.48364 24824.38714 5.3759 14026.0 11.599 15626.0 10.372 "" "" 0.0027653341009805273 0.0029310766 0.0038474796 0.006778556 202.79051426417 -61.26052593223 2053.08887 -3.38 -1.9069999999999998 1.0
202.15616379584 -61.16061078946 0.0121 0.0143 15.509 "" "" 5868670771036126208 2049.40137 0.4508 0.0195 -3.495 -1.712 0.015 0.019 0.941 7200.0 3.5644 14.702817 0.752563 14.991882 14.23932 "" "" 1974.29004 2132.16113 24763.96142 5.3371 13761.0 9.5942 15975.0 10.858 "" "" 0.0027652384722114077 0.0028910316 0.0038507548 0.0067417864 202.15616379584 -61.16061078946 2049.40137 -3.495 -1.712 1.0
203.28700412519 -61.36180161246 0.0115 0.0156 20.5789 "" "" 5868829616103159680 2152.57593 0.4301 0.0209 -3.4 -1.779 0.015 0.021 0.997 9282.5 4.032 14.704812 0.660545 14.957286 14.296741 "" "" 2064.88843 2254.01489 24718.50005 5.2781 14207.0 15.621 15152.0 8.7105 "" "" 0.002765056432192835 0.0030348315 0.0038305752 0.0068654064 203.28700412519 -61.36180161246 2152.57593 -3.4 -1.779 1.0
202.60447128735 -61.38856856559 0.013 0.0151 4.1078 "" "" 5868650597522126208 2100.63452 0.4348 0.021 -3.543 -1.875 0.017 0.02 1.052 9535.2 3.8899 14.71585 0.754408 14.987233 14.232825 "" "" 2020.33789 2188.58984 24468.46034 5.2889 13820.0 16.578 16070.0 37.079 "" "" 0.0027652967036611528 0.003079176 0.0045342674 0.0076134433 202.60447128735 -61.38856856559 2100.63452 -3.5430000000000006 -1.8750000000000002 1.0
