Clusters/Collinder_272/Collinder_272_stars_in_region.tsv
# %ECSV 1.0
# ---
# datatype:
# - name: RA_ICRS_1
#   unit: deg
#   datatype: float64
#   format: '{:15.11f}'
#   description: Right ascension (ICRS) at Ep=2016.0 (ra)
#   meta: !!omap
#   - {ucd: POS_EQ_RA_MAIN}
#   - {width: 15}
#   - {precision: '11'}
# - name: DE_ICRS_1
#   unit: deg
#   datatype: float64
#   format: '{:15.11f}'
#   description: Declination (ICRS) at Ep=2016.0 (dec)
#   meta: !!omap
#   - {ucd: POS_EQ_DEC_MAIN}
#   - {width: 15}
#   - {precision: '11'}
# - name: e_RA_ICRS
#   unit: mas
#   datatype: float64
#   format: '{:7.4f}'
#   description: Standard error of right ascension (ra_error)
#   meta: !!omap
#   - {ucd: ERROR}
#   - {width: 7}
#   - {precision: '4'}
# - name: e_DE_ICRS
#   unit: mas
#   datatype: float64
#   format: '{:7.4f}'
#   description: Standard error of declination (dec_error)
#   meta: !!omap
#   - {ucd: ERROR}
#   - {width: 7}
#   - {precision: '4'}
# - name: _r_1
#   unit: ''
#   datatype: float64
#   format: '{:7.4f}'
#   description: Distance from center (202.57681747000-61.32140021000)[ICRS], at Epoch=J2016.0
#   meta: !!omap
#   - {ucd: POS_ANG_DIST_GENERAL}
#   - {width: 7}
#   - {precision: '4'}
# - name: HIP
#   datatype: int32
#   description: '? HIP cross-id number, van Leeuwen, Cat. I/311 (hip_original_ext_source_id)'
#   meta: !!omap
#   - {ucd: ID_NUMBER}
#   - {width: 6}
#   - values: {'null': -2147483648}
# - name: TYC2
#   datatype: string
#   description: Tycho-2 cross-id name, Hog et al., Cat. I/259 (tyc2_original_ext_source_id)
#   meta: !!omap
#   - {ucd: ID_CROSSID}
#   - {_votable_string_dtype: char}
# - name: Source
#   datatype: int64
#   description: Source identifier, identical to the Gaia-EDR3 source_id (id)
#   meta: !!omap
#   - {ucd: ID_MAIN}
#   - {width: 19}
# - name: rgeo
#   unit: pc
#   datatype: float64
#   format: '{:15.8f}'
#   description: '? Median of the geometric distance posterior (r_med_geo)'
#   meta: !!omap
#   - {ucd: PHYS_DISTANCE_TRUE}
#   - {width: 15}
#   - {precision: '8'}
#   - values: {'null': .nan}
# - name: Plx
#   unit: mas
#   datatype: float64
#   format: '{:9.4f}'
#   description: '? Parallax (parallax)'
#   meta: !!omap
#   - {ucd: POS_PARLX_TRIG}
#   - {width: 9}
#   - {precision: '4'}
#   - values: {'null': .nan}
# - name: e_Plx
#   unit: mas
#   datatype: float32
#   format: '{:7.4f}'
#   description: '? Standard error of parallax (parallax_error)'
#   meta: !!omap
#   - {ucd: ERROR}
#   - {width: 7}
#   - {precision: '4'}
#   - values: {'null': .nan}
# - name: pmRA
#   unit: mas / yr
#   datatype: float64
#   format: '{:9.3f}'
#   description: '? Proper motion in right ascension direction, pmRA*cosDE (pmra)'
#   meta: !!omap
#   - {ucd: POS_EQ_PMRA}
#   - {width: 9}
#   - {precision: '3'}
#   - values: {'null': .nan}
# - name: pmDE
#   unit: mas / yr
#   datatype: float64
#   format: '{:9.3f}'
#   description: '? Proper motion in declination direction (pmdec)'
#   meta: !!omap
#   - {ucd: POS_EQ_PMDEC}
#   - {width: 9}
#   - {precision: '3'}
#   - values: {'null': .nan}
# - name: e_pmRA
#   unit: mas / yr
#   datatype: float32
#   format: '{:6.3f}'
#   description: '? Standard error of proper motion in right ascension direction (pmra_error)'
#   meta: !!omap
#   - {ucd: ERROR}
#   - {width: 6}
#   - {precision: '3'}
#   - values: {'null': .nan}
# - name: e_pmDE
[...]
#         value: !astropy.table.SerializedColumn {name: SkyCoord.dec}
#       distance: !astropy.table.SerializedColumn
#         __class__: astropy.coordinates.distances.Distance
#         unit: !astropy.units.Unit {unit: pc}
#         value: !astropy.table.SerializedColumn {name: SkyCoord.distance}
#       frame: icrs
#       obstime: !astropy.time.Time {format: jyear_str, in_subfmt: '*', jd1: 367701545.0, jd2: 0.0, out_subfmt: '*', precision: 3, scale: tt}
#       pm_dec: !astropy.table.SerializedColumn
#         __class__: astropy.units.quantity.Quantity
#         unit: !astropy.units.Unit {unit: mas / yr}
#         value: !astropy.table.SerializedColumn {name: SkyCoord.pm_dec}
#       pm_ra_cosdec: !astropy.table.SerializedColumn
#         __class__: astropy.units.quantity.Quantity
#         unit: !astropy.units.Unit {unit: mas / yr}
#         value: !astropy.table.SerializedColumn {name: SkyCoord.pm_ra_cosdec}
#       ra: !astropy.table.SerializedColumn
#         __class__: astropy.coordinates.angles.Longitude
#         unit: *id001
#         value: !astropy.table.SerializedColumn {name: SkyCoord.ra}
#         wrap_angle: !astropy.coordinates.Angle
#           unit: *id001
#           value: 360.0
#       representation_type: spherical
# schema: astropy-2.0
RA_ICRS_1 DE_ICRS_1 e_RA_ICRS e_DE_ICRS _r_1 HIP TYC2 Source rgeo Plx e_Plx pmRA pmDE e_pmRA e_pmDE RUWE Teff logg Gmag BP-RP BPmag RPmag RV e_RV b_rgeo B_rgeo FG e_FG FBP e_FBP FRP e_FRP RAVE5 RAVE6 e_Gmag e_BPmag e_RPmag e_BP-RP SkyCoord.ra SkyCoord.dec SkyCoord.distance SkyCoord.pm_ra_cosdec SkyCoord.pm_dec rmRA rmDE e_rmRA e_rmDE rRV e_rRV v_pec v_pec3d e_vpec e_vpec3d
[from data line 3923]
202.80305140822 -61.22781604343 0.0347 0.0435 8.6075 "" "" 5868658401486562816 1737.93958 0.5518 0.062 -3.472 -1.776 0.046 0.06 1.026 5485.1 4.711 16.973387 1.374374 17.491402 16.117027 "" "" 1563.22864 1925.91809 3059.08965 2.4622 1376.8 10.358 2833.7 28.721 "" "" 0.0028905827081524018 0.008631654 0.011635402 0.020267056 202.80305140822 -61.22781604343 1737.93958 -3.4719999999999978 -1.776 -0.004381772994995092 0.01938178443908689 0.11027917 0.12427917 "" "" 0.16369334111548248 "" 0.020238240844421083 ""
203.2345577746 -61.36363972738 0.0343 0.0425 19.0949 "" "" 5868841225354618880 1987.70007 0.4909 0.0583 -4.205 -0.428 0.045 0.062 0.993 6072.1 4.4712 16.973528 1.554367 17.623735 16.069368 "" "" 1782.25281 2233.51025 3058.69195 1.6365 1218.8 5.7482 2960.8 5.4813 "" "" 0.002815890474750617 0.005831461 0.00428064 0.010112101 203.2345577746 -61.36363972738 1987.70007 -4.205 -0.4280000000000008 -0.7373817729949952 1.367381784439087 0.10927917 0.12627918 "" "" 14.636919400253886 "" 1.7952916413060171 ""
202.42992835293 -61.73184673531 0.038 0.0404 24.9827 "" "" 5868442588015804800 2076.10938 0.4688 0.0548 -8.118 -1.091 0.048 0.054 0.975 5521.3 4.6612 16.973646 1.234623 17.450645 16.216022 "" "" 1887.68262 2315.2644 3058.35969 1.5888 1429.4 18.744 2586.7 21.621 "" "" 0.0028124585823662025 0.014508293 0.009830674 0.024338968 202.42992835293 -61.73184673531 2076.10938 -8.117999999999999 -1.0909999999999997 -4.650381772994995 0.7043817844390869 0.11227917 0.118279174 "" "" 46.285266856996536 "" 5.203262283431236 ""
202.94203679388 -61.15894993262 0.0348 0.0455 14.3584 "" "" 5868660428754064512 2243.83789 0.4321 0.0615 -8.377 -8.35 0.046 0.065 1.048 6458.8 4.3724 16.973728 1.466194 17.651827 16.185633 "" "" 2021.50671 2577.73633 3058.12813 1.4216 1187.6 5.5589 2660.1 5.8519 "" "" 0.0028011651930336715 0.0057976516 0.004470862 0.010268513 202.94203679388 -61.15894993262 2243.83789 -8.377 -8.350000000000001 -4.909381772994996 -6.554618215560913 0.11027917 0.12927917 "" "" 87.09995753275535 "" 10.694985783756147 ""
203.31084703896 -61.34725654018 0.0591 0.0772 21.1835 "" "" 5868829650435018624 2131.10474 0.4735 0.101 -4.713 -0.818 0.076 0.107 1.662 9891.4 4.0189 16.97375 1.785301 17.728535 15.943233 "" "" 1761.41223 2661.52734 3058.06693 3.3185 1106.6 8.8209 3325.6 12.691 "" "" 0.0029966557007438522 0.009093239 0.0056081153 0.014701354 203.31084703896 -61.34725654018 2131.10474 -4.712999999999997 -0.8179999999999998 -1.2453817729949952 0.977381784439087 0.14027917 0.17127916 "" "" 15.991728605977144 "" 2.4441502582584027 ""
203.25749375671 -61.22967937057 0.0395 0.0527 20.3847 "" "" 5868846177498808576 1817.40332 0.5532 0.0699 -4.837 1.561 0.052 0.081 1.171 5343.1 4.703 16.973997 1.350634 17.529196 16.178562 "" "" 1626.49634 2072.55469 3057.36966 1.8657 1329.7 6.8788 2677.5 16.212 "" "" 0.002833859713754326 0.0062715765 0.007582977 0.013854554 203.25749375671 -61.22967937057 1817.40332 -4.837 1.5609999999999973 -1.3693817729949949 3.356381784439087 0.11627917 0.14527917 "" "" 31.227390107182668 "" 4.418824396713989 ""
202.38792164716 -61.04780643136 0.0344 0.0408 17.3007 "" "" 5868673725973815680 2141.09473 0.4507 0.0576 -5.52 -2.027 0.043 0.052 0.998 5084.0 4.6044 16.974077 1.278357 17.548914 16.270557 "" "" 1918.59167 2435.61035 3057.146 1.4866 1305.7 5.0929 2460.0 6.0391 "" "" 0.00280544697909504 0.005071456 0.004624722 0.009696178 202.38792164716 -61.04780643136 2141.09473 -5.52 -2.027000000000001 -2.0523817729949947 -0.23161821556091322 0.10727917 0.11627917 "" "" 20.961409032509305 "" 2.251193094787533 ""
202.33133004992 -61.01422136498 0.0341 0.0408 19.7521 "" "" 5868674069571215616 1817.0387 0.5331 0.0554 -9.68 -3.231 0.044 0.054 1.044 5269.3 4.6596 16.974777 1.32394 17.563217 16.239277 "" "" 1589.81152 2073.90894 3055.17327 1.4777 1288.6 4.2461 2531.9 5.9136 "" "" 0.0028049172790907827 0.004537019 0.0045513124 0.009088332 202.33133004992 -61.01422136498 1817.0387 -9.680000000000007 -3.2310000000000003 -6.212381772994995 -1.435618215560913 0.10827917 0.118279174 "" "" 54.9158650985174 "" 5.975298541063251 ""
201.89419067183 -61.46223478639 0.0362 0.0426 21.3541 "" "" 5868629401907765888 1958.54626 0.4998 0.0588 -8.503 -4.862 0.048 0.056 1.025 5260.1 4.6618 16.974792 1.479813 17.609472 16.12966 "" "" 1718.25305 2247.48022 3055.13054 1.5529 1234.9 5.4278 2800.9 19.848 "" "" 0.002810044774336205 0.0055279927 0.008571988 0.014099981 201.89419067183 -61.46223478639 1958.54626 -8.502999999999997 -4.861999999999996 -5.035381772994995 -3.066618215560913 0.11227917 0.12027917 "" "" 54.73273711084087 "" 6.266829900673357 ""
201.96310773774 -61.34109119392 0.035 0.0391 17.7049 "" "" 5868642870926445184 1867.91016 0.5087 0.056 -7.178 -2.656 0.045 0.052 1.089 5364.3 4.643 16.974998 1.459276 17.569675 16.1104 "" "" 1680.9624 2104.58423 3054.54909 1.7913 1281.0 12.189 2851.0 11.718 "" "" 0.0028279314451667577 0.010701171 0.005847893 0.016549064 201.96310773774 -61.34109119392 1867.91016 -7.177999999999998 -2.6559999999999984 -3.710381772994995 -0.8606182155609132 0.10927917 0.11627917 "" "" 33.72345497110218 "" 3.6976881742947207 ""
201.9469065597 -61.35421878741 0.0331 0.0383 18.2346 "" "" 5868642802206950656 2235.41064 0.4237 0.0532 -10.857 -2.3 0.043 0.051 0.983 7063.9 4.3195 16.97518 1.442141 17.630232 16.188091 "" "" 2011.22534 2492.98779 3054.03874 1.3957 1211.5 6.452 2654.1 7.2271 "" "" 0.0027996404964467547 0.006420219 0.004798369 0.011218588 201.9469065597 -61.35421878741 2235.41064 -10.856999999999994 -2.2999999999999994 -7.389381772994994 -0.5046182155609129 0.10727917 0.11527917 "" "" 78.47910962297622 "" 8.42219588632406 ""
202.35549712763 -61.60013085512 0.0383 0.0443 17.8867 "" "" 5868458835823720192 2201.80688 0.4414 0.0602 -6.548 -1.486 0.049 0.057 1.107 5282.9 4.3639 16.975386 1.336643 17.537092 16.200449 "" "" 1983.63477 2538.0979 3053.4638 1.6948 1320.0 4.6139 2624.1 6.7323 "" "" 0.0028204522764496347 0.004710363 0.004694985 0.009405348 202.35549712763 -61.60013085512 2201.80688 -6.548 -1.4859999999999982 -3.080381772994995 0.3093817844390869 0.113279164 0.121279165 "" "" 32.31034487518186 "" 3.66276041385095 ""
202.91990138037 -61.36528550819 0.0375 0.0454 10.2169 "" "" 5868468181675195904 1699.29785 0.5775 0.065 -5.294 -1.179 0.05 0.06 1.021 "" "" 16.975775 1.483788 17.588387 16.104599 "" "" 1536.10413 1917.97729 3052.3666 2.1533 1259.1 5.8329 2866.3 11.053 "" "" 0.0028597983241247385 0.0057518426 0.0056403074 0.01139215 202.91990138037 -61.36528550819 1699.29785 -5.2940000000000005 -1.1790000000000018 -1.8263817729949947 0.6163817844390869 0.114279166 0.12427917 "" "" 15.52609162120517 "" 1.7908024594866545 ""
203.39820893786 -61.24324391161 0.0366 0.0439 24.1401 "" "" 5868842294847964928 1624.14087 0.5913 0.0601 -5.764 -2.538 0.045 0.062 0.97 4575.1 4.3675 16.976088 1.502264 17.646517 16.144253 "" "" 1476.04236 1791.63623 3051.48906 1.6126 1193.5 7.0181 2763.5 10.389 "" "" 0.002814427716138586 0.0069674863 0.0055627157 0.012530202 203.39820893786 -61.24324391161 1624.14087 -5.764 -2.5379999999999976 -2.2963817729949954 -0.7426182155609129 0.10927917 0.12627918 "" "" 18.57994608175847 "" 2.062380054280262 ""
203.24467148201 -61.5484431349 0.0545 0.0713 23.5092 "" "" 5868449253806099072 2015.70374 0.5178 0.0942 -5.325 1.126 0.07 0.103 1.485 4914.2 4.6197 16.976786 1.467924 17.627237 16.159313 "" "" 1641.3269 2612.18628 3049.52898 2.8387 1214.8 7.4648 2725.4 8.6937 "" "" 0.0029348340703538632 0.0072316574 0.0051262705 0.012357928 203.24467148201 -61.5484431349 2015.70374 -5.325000000000002 1.126 -1.8573817729949953 2.921381784439087 0.13427916 0.16727917 "" "" 33.07593108494968 "" 5.242055777989469 ""
202.4750431761 -61.49279222296 0.0363 0.042 10.6907 "" "" 5868461966909985664 1964.70227 0.5023 0.0595 -5.128 0.586 0.044 0.054 1.007 5512.9 4.3764 16.977987 1.57589 17.689087 16.113197 "" "" 1775.88123 2265.76562 3046.15339 1.587 1147.6 5.3404 2843.7 9.4577 "" "" 0.002812783640742499 0.005771737 0.005227137 0.010998874 202.4750431761 -61.49279222296 1964.70227 -5.128000000000001 0.5860000000000017 -1.6603817729949952 2.3813817844390868 0.10827917 0.118279174 "" "" 27.03543773828465 "" 3.1118785077226327 ""
202.77213452652 -61.67873980575 0.0355 0.0418 22.1576 "" "" 5868443859326408704 2039.05823 0.4669 0.0573 -6.872 -1.601 0.046 0.059 0.988 5220.3 4.683 16.978024 1.316731 17.577492 16.260761 "" "" 1804.99915 2295.39722 3046.05399 1.8435 1271.8 5.5546 2482.3 5.9316 "" "" 0.0028325900945490754 0.0055019334 0.0045841895 0.010086123 202.77213452652 -61.67873980575 2039.05823 -6.871999999999997 -1.600999999999999 -3.404381772994995 0.19438178443908694 0.11027917 0.12327917 "" "" 32.957404539661134 "" 3.6359893180100804 ""
202.43816387132 -61.33810699418 0.0411 0.0488 4.1152 "" "" 5868654480171698816 1679.82007 0.6056 0.0671 -4.913 -1.933 0.055 0.064 1.218 5771.4 4.6284 16.979435 1.379667 17.418415 16.038748 "" "" 1519.58789 1894.01379 3042.09623 2.443 1472.5 16.605 3045.5 35.412 "" "" 0.0028899874593545454 0.012557465 0.013178131 0.025735594 202.43816387132 -61.33810699418 1679.82007 -4.9129999999999985 -1.9329999999999994 -1.4453817729949954 -0.13761821556091314 0.11927917 0.12827918 "" "" 11.560678863657733 "" 1.3799178329084703 ""
202.42509398226 -61.13232016552 0.0352 0.044 12.1616 "" "" 5868669396646658432 1724.71106 0.5456 0.0581 -9.637 -7.131 0.045 0.059 0.988 5014.6 4.6575 16.9795 1.374355 17.58635 16.211994 "" "" 1589.9939 1932.77515 3041.91165 1.5033 1261.5 9.7272 2596.3 10.368 "" "" 0.0028070790415641576 0.008824627 0.005751736 0.014576362 202.42509398226 -61.13232016552 1724.71106 -9.636999999999995 -7.131 -6.169381772994996 -5.335618215560913 0.10927917 0.12327917 "" "" 66.68125360677068 "" 7.700206719904995 ""
203.05427958703 -61.45076865456 0.0431 0.0605 15.7631 "" "" 5868465226737472000 2236.78711 0.4444 0.0766 -6.249 -3.947 0.055 0.09 1.021 7461.7 2.9366 16.979635 3.547214 19.102203 15.55499 "" "" 1890.46216 2654.66821 3041.53495 2.3013 312.27 8.2801 4755.1 19.726 "" "" 0.0028751770224742504 0.028924093 0.0058796457 0.034803737 203.05427958703 -61.45076865456 2236.78711 -6.249 -3.947 -2.781381772994995 -2.151618215560913 0.11927917 0.15427917 "" "" 37.28289546272148 "" 4.9758454908012215 ""
202.72038767066 -61.33538184556 0.0391 0.0446 4.2173 "" "" 5868656644836108672 1877.52637 0.5321 0.064 -0.898 -2.827 0.05 0.058 1.001 5375.7 4.6583 16.979973 1.330442 17.577013 16.24657 "" "" 1667.76306 2084.62549 3040.5862 1.6025 1272.4 7.5911 2515.0 10.219 "" "" 0.0028141123116442054 0.007052847 0.005809115 0.0128619615 202.72038767066 -61.33538184556 1877.52637 -0.8979999999999998 -2.827 2.5696182270050048 -1.031618215560913 0.114279166 0.12227917 "" "" 24.642345710272927 "" 2.8442871957126488 ""
201.84413133892 -61.55290432314 0.0391 0.0399 25.1936 "" "" 5868626687488264192 1923.57642 0.514 0.058 -6.482 -2.203 0.048 0.054 1.013 5207.2 4.7076 16.980867 1.271236 17.547464 16.276228 "" "" 1692.23218 2234.27661 3038.08151 1.5299 1307.5 5.2958 2447.2 7.9367 "" "" 0.0028090432115523314 0.0052080513 0.0051655406 0.010373592 201.84413133892 -61.55290432314 1923.57642 -6.481999999999997 -2.2029999999999985 -3.0143817729949953 -0.40761821556091293 0.11227917 0.118279174 "" "" 27.734532870466165 "" 3.1170768696989284 ""
203.24641937412 -61.43568553072 0.0344 0.0449 20.4302 "" "" 5868453067736962048 2166.63867 0.4343 0.0596 -12.081 0.104 0.045 0.066 0.959 5200.4 4.6397 16.98179 1.347649 17.542976 16.195328 "" "" 1928.88208 2460.85669 3035.50065 1.6309 1312.9 7.9127 2636.5 11.195 "" "" 0.002816393841696143 0.0071136393 0.005961355 0.013074994 203.24641937412 -61.43568553072 2166.63867 -12.081000000000005 0.1039999999999989 -8.613381772994995 1.899381784439087 0.10927917 0.13027917 "" "" 90.5834878621621 "" 9.995107841676218 ""
202.68579298924 -61.07411257495 0.0349 0.0448 15.168 "" "" 5868675100364071168 2197.39111 0.4427 0.0617 -4.383 1.427 0.043 0.058 1.065 "" "" 16.98244 1.441793 17.628313 16.18652 "" "" 1895.30054 2511.5481 3033.68479 1.6053 1213.6 6.6594 2658.0 10.195 "" "" 0.0028145816854929255 0.0065787607 0.005623725 0.012202485 202.68579298924 -61.07411257495 2197.39111 -4.383 1.4269999999999996 -0.9153817729949951 3.222381784439087 0.10727917 0.12227917 "" "" 34.89108024862439 "" 4.229610287847502 ""
202.20460189006 -61.43362690942 0.0532 0.0573 12.641 "" "" 5868652251135490176 2071.58374 0.5138 0.0809 -8.851 -0.851 0.067 0.08 1.568 6044.4 4.4219 16.983751 1.755083 17.691519 15.936436 "" "" 1767.19299 2440.39844 3030.02627 2.1498 1145.0 5.9594 3346.4 26.392 "" "" 0.0028609780634918035 0.006302243 0.009359822 0.015662065 202.20460189006 -61.43362690942 2071.58374 -8.851 -0.8509999999999998 -5.383381772994996 0.9443817844390869 0.13127917 0.14427917 "" "" 53.66828977936952 "" 7.067355757904578 ""
202.35104356397 -61.38931820123 0.0392 0.0435 7.6666 "" "" 5868649880313604352 1564.41553 0.6143 0.0612 -5.389 -1.396 0.05 0.058 1.12 5124.4 4.6909 16.9848 1.560965 17.7015 16.140535 "" "" 1437.12964 1723.97302 3027.09665 1.6507 1134.5 4.6864 2773.0 6.0648 "" "" 0.0028182131135562356 0.005282042 0.0044634584 0.009745501 202.35104356397 -61.38931820123 1564.41553 -5.389 -1.3959999999999995 -1.9213817729949954 0.399381784439087 0.114279166 0.12227917 "" "" 14.552220634814002 "" 1.6679986167741525 ""
202.9360761319 -61.07786545483 0.0345 0.0449 17.9262 "" "" 5868664066536469632 1750.83093 0.5537 0.0601 -8.003 -1.703 0.044 0.063 0.97 5185.7 4.6833 16.985687 1.303795 17.558308 16.254513 "" "" 1603.01599 1928.25269 3024.62825 1.4794 1294.5 5.1429 2496.6 6.4251 "" "" 0.0028060304294214374 0.0051372536 0.0047001275 0.009837382 202.9360761319 -61.07786545483 1750.83093 -8.002999999999995 -1.7029999999999985 -4.535381772994995 0.09238178443908684 0.10827917 0.12727916 "" "" 37.64666229755378 "" 4.076671958836159 ""
202.72289773179 -61.14429021845 0.0345 0.0465 11.4331 "" "" 5868662730856559232 2239.58618 0.4464 0.0619 -9.092 -1.64 0.044 0.062 1.054 5304.6 4.6308 16.986464 1.376535 17.584875 16.20834 "" "" 1943.34155 2571.54785 3022.46359 1.4978 1263.2 6.5502 2605.1 8.8192 "" "" 0.0028073617054988594 0.006283447 0.005271984 0.011555431 202.72289773179 -61.14429021845 2239.58618 -9.092 -1.640000000000002 -5.624381772994996 0.155381784439087 0.10827917 0.12627918 "" "" 59.72918391109315 "" 6.4683143993881815 ""
202.29136987717 -61.0449144962 0.0348 0.0427 18.5297 "" "" 5868673932132247936 1828.33362 0.5343 0.0591 -9.111 -0.678 0.043 0.055 0.96 5136.8 4.6397 16.986519 1.293411 17.563187 16.269775 "" "" 1656.57043 2063.28369 3022.30936 1.5262 1288.7 5.6084 2461.8 9.1289 "" "" 0.0028093402576718357 0.00548741 0.005522102 0.0110095125 202.29136987717 -61.0449144962 1828.33362 -9.110999999999994 -0.6779999999999988 -5.643381772994996 1.117381784439087 0.10727917 0.11927917 "" "" 49.85669761223292 "" 5.372364257555343 ""
201.92025323723 -61.24509431264 0.0338 0.0395 19.4737 "" "" 5868647298986718208 2059.9104 0.4732 0.0539 -3.604 1.127 0.044 0.053 0.972 6739.0 4.3493 16.986532 1.515852 17.694601 16.17875 "" "" 1854.79053 2312.47949 3022.27357 1.4473 1141.8 6.5563 2677.1 4.7322 "" "" 0.0028039475434794535 0.0068302643 0.0042387615 0.011069026 201.92025323723 -61.24509431264 2059.9104 -3.6040000000000028 1.1270000000000002 -0.1363817729949952 2.9223817844390867 0.10827917 0.11727917 "" "" 28.565118876574346 "" 3.3495561900063344 ""
202.79512326538 -61.70480707981 0.0345 0.0408 23.8376 "" "" 5868440835648797696 2101.96436 0.4639 0.0565 -3.776 -2.684 0.044 0.056 1.0 5621.2 4.6464 16.987244 1.364739 17.54114 16.176401 "" "" 1914.93823 2396.99194 3020.29525 1.625 1315.1 10.19 2682.9 18.734 "" "" 0.0028165629257415736 0.008863406 0.008471222 0.017334629 202.79512326538 -61.70480707981 2101.96436 -3.7760000000000002 -2.6839999999999993 -0.3083817729949949 -0.8886182155609132 0.10827917 0.12027917 "" "" 9.371560780983417 "" 1.1156594486078513 ""
