Clusters/Collinder_272/Collinder_272_stars_in_region.tsv
# %ECSV 1.0
# ---
# datatype:
# - name: RA_ICRS_1
#   unit: deg
#   datatype: float64
#   format: '{:15.11f}'
#   description: Right ascension (ICRS) at Ep=2016.0 (ra)
#   meta: !!omap
#   - {ucd: POS_EQ_RA_MAIN}
#   - {width: 15}
#   - {precision: '11'}
# - name: DE_ICRS_1
#   unit: deg
#   datatype: float64
#   format: '{:15.11f}'
#   description: Declination (ICRS) at Ep=2016.0 (dec)
#   meta: !!omap
#   - {ucd: POS_EQ_DEC_MAIN}
#   - {width: 15}
#   - {precision: '11'}
# - name: e_RA_ICRS
#   unit: mas
#   datatype: float64
#   format: '{:7.4f}'
#   description: Standard error of right ascension (ra_error)
#   meta: !!omap
#   - {ucd: ERROR}
#   - {width: 7}
#   - {precision: '4'}
# - name: e_DE_ICRS
#   unit: mas
#   datatype: float64
#   format: '{:7.4f}'
#   description: Standard error of declination (dec_error)
#   meta: !!omap
#   - {ucd: ERROR}
#   - {width: 7}
#   - {precision: '4'}
# - name: _r_1
#   unit: ''
#   datatype: float64
#   format: '{:7.4f}'
#   description: Distance from center (202.57681747000-61.32140021000)[ICRS], at Epoch=J2016.0
#   meta: !!omap
#   - {ucd: POS_ANG_DIST_GENERAL}
#   - {width: 7}
#   - {precision: '4'}
# - name: HIP
#   datatype: int32
#   description: '? HIP cross-id number, van Leeuwen, Cat. I/311 (hip_original_ext_source_id)'
#   meta: !!omap
#   - {ucd: ID_NUMBER}
#   - {width: 6}
#   - values: {'null': -2147483648}
# - name: TYC2
#   datatype: string
#   description: Tycho-2 cross-id name, Hog et al., Cat. I/259 (tyc2_original_ext_source_id)
#   meta: !!omap
#   - {ucd: ID_CROSSID}
#   - {_votable_string_dtype: char}
# - name: Source
#   datatype: int64
#   description: Source identifier, identical to the Gaia-EDR3 source_id (id)
#   meta: !!omap
#   - {ucd: ID_MAIN}
#   - {width: 19}
# - name: rgeo
#   unit: pc
#   datatype: float64
#   format: '{:15.8f}'
#   description: '? Median of the geometric distance posterior (r_med_geo)'
#   meta: !!omap
#   - {ucd: PHYS_DISTANCE_TRUE}
#   - {width: 15}
#   - {precision: '8'}
#   - values: {'null': .nan}
# - name: Plx
#   unit: mas
#   datatype: float64
#   format: '{:9.4f}'
#   description: '? Parallax (parallax)'
#   meta: !!omap
#   - {ucd: POS_PARLX_TRIG}
#   - {width: 9}
#   - {precision: '4'}
#   - values: {'null': .nan}
# - name: e_Plx
#   unit: mas
#   datatype: float32
#   format: '{:7.4f}'
#   description: '? Standard error of parallax (parallax_error)'
#   meta: !!omap
#   - {ucd: ERROR}
#   - {width: 7}
#   - {precision: '4'}
#   - values: {'null': .nan}
# - name: pmRA
#   unit: mas / yr
#   datatype: float64
#   format: '{:9.3f}'
#   description: '? Proper motion in right ascension direction, pmRA*cosDE (pmra)'
#   meta: !!omap
#   - {ucd: POS_EQ_PMRA}
#   - {width: 9}
#   - {precision: '3'}
#   - values: {'null': .nan}
# - name: pmDE
#   unit: mas / yr
#   datatype: float64
#   format: '{:9.3f}'
#   description: '? Proper motion in declination direction (pmdec)'
#   meta: !!omap
#   - {ucd: POS_EQ_PMDEC}
#   - {width: 9}
#   - {precision: '3'}
#   - values: {'null': .nan}
# - name: e_pmRA
#   unit: mas / yr
#   datatype: float32
#   format: '{:6.3f}'
#   description: '? Standard error of proper motion in right ascension direction (pmra_error)'
#   meta: !!omap
#   - {ucd: ERROR}
#   - {width: 6}
#   - {precision: '3'}
#   - values: {'null': .nan}
# - name: e_pmDE
[...]
#         value: !astropy.table.SerializedColumn {name: SkyCoord.dec}
#       distance: !astropy.table.SerializedColumn
#         __class__: astropy.coordinates.distances.Distance
#         unit: !astropy.units.Unit {unit: pc}
#         value: !astropy.table.SerializedColumn {name: SkyCoord.distance}
#       frame: icrs
#       obstime: !astropy.time.Time {format: jyear_str, in_subfmt: '*', jd1: 367701545.0, jd2: 0.0, out_subfmt: '*', precision: 3, scale: tt}
#       pm_dec: !astropy.table.SerializedColumn
#         __class__: astropy.units.quantity.Quantity
#         unit: !astropy.units.Unit {unit: mas / yr}
#         value: !astropy.table.SerializedColumn {name: SkyCoord.pm_dec}
#       pm_ra_cosdec: !astropy.table.SerializedColumn
#         __class__: astropy.units.quantity.Quantity
#         unit: !astropy.units.Unit {unit: mas / yr}
#         value: !astropy.table.SerializedColumn {name: SkyCoord.pm_ra_cosdec}
#       ra: !astropy.table.SerializedColumn
#         __class__: astropy.coordinates.angles.Longitude
#         unit: *id001
#         value: !astropy.table.SerializedColumn {name: SkyCoord.ra}
#         wrap_angle: !astropy.coordinates.Angle
#           unit: *id001
#           value: 360.0
#       representation_type: spherical
# schema: astropy-2.0
RA_ICRS_1 DE_ICRS_1 e_RA_ICRS e_DE_ICRS _r_1 HIP TYC2 Source rgeo Plx e_Plx pmRA pmDE e_pmRA e_pmDE RUWE Teff logg Gmag BP-RP BPmag RPmag RV e_RV b_rgeo B_rgeo FG e_FG FBP e_FBP FRP e_FRP RAVE5 RAVE6 e_Gmag e_BPmag e_RPmag e_BP-RP SkyCoord.ra SkyCoord.dec SkyCoord.distance SkyCoord.pm_ra_cosdec SkyCoord.pm_dec rmRA rmDE e_rmRA e_rmDE rRV e_rRV v_pec v_pec3d e_vpec e_vpec3d
[from data line 2217]
202.96394392097 -61.60161394778 0.0231 0.03 20.1447 "" "" 5868450044079858176 1689.7489 0.5795 0.0406 -12.603 -5.672 0.031 0.043 0.968 5072.0 4.2549 16.132769 1.42353 16.771336 15.347806 "" "" 1582.74805 1827.07202 6634.97259 2.4298 2672.3 7.9553 5754.9 12.818 "" "" 0.002783860981633942 0.0042698993 0.0044868486 0.0087567475 202.96394392097 -61.60161394778 1689.7489 -12.603 -5.672000000000001 -9.135381772994995 -3.876618215560913 0.09527917 0.10727917 "" "" 79.48441136665019 "" 7.726373607426127 ""
202.04495554566 -61.66959578585 0.0247 0.0274 25.8531 "" "" 5868435612988368256 1978.86877 0.4803 0.0373 -3.428 -2.798 0.031 0.036 1.07 5570.3 4.3511 16.133158 1.379182 16.73536 15.356177 "" "" 1842.80225 2119.74854 6632.59857 2.4041 2762.3 6.546 5710.7 8.4329 "" "" 0.002783283340893187 0.0037954003 0.0041053947 0.007900795 202.04495554566 -61.66959578585 1978.86877 -3.4280000000000004 -2.798 0.03961822700500495 -1.0026182155609131 0.09527917 0.10027917 "" "" 9.411735635751521 "" 0.9437294750234918 ""
202.05180717855 -61.50650292706 0.0396 0.0392 18.7222 "" "" 5868628474145449216 1550.19299 0.6417 0.0584 -6.957 -2.11 0.049 0.052 1.564 5861.1 4.5969 16.133911 1.178062 16.543758 15.365697 "" "" 1421.67065 1672.39697 6627.99376 3.3565 3295.4 18.811 5660.8 31.911 "" "" 0.002809644641138611 0.006796771 0.0071933474 0.013990119 202.05180717855 -61.50650292706 1550.19299 -6.956999999999997 -2.110000000000001 -3.489381772994995 -0.31461821556091296 0.113279164 0.11627917 "" "" 25.74368946334939 "" 2.9168545932342718 ""
202.63227316531 -61.31906763154 0.0266 0.0303 1.603 "" "" 5868657611255302144 2202.46313 0.443 0.0407 -4.743 -2.847 0.036 0.044 1.008 7059.8 4.3435 16.134327 1.213799 16.647078 15.433278 "" "" 2027.95251 2361.58423 6625.45337 2.3735 2996.3 8.6267 5319.2 9.523 "" "" 0.0027826380324669753 0.00419007 0.0042499513 0.008440021 202.63227316531 -61.31906763154 2202.46313 -4.743000000000001 -2.8470000000000004 -1.2753817729949954 -1.051618215560913 0.10027917 0.10827917 "" "" 17.257069064241726 "" 1.7876837294756438 ""
201.99710743715 -61.31305662193 0.0231 0.0278 16.7017 "" "" 5868643214523857792 1815.30627 0.529 0.0379 -5.586 -2.289 0.03 0.036 1.119 5341.9 4.1784 16.134836 1.584438 16.846321 15.261883 "" "" 1699.94055 1925.43945 6622.35396 5.8773 2494.0 10.969 6228.8 16.996 "" "" 0.002918952603751293 0.0055306354 0.0048021316 0.010332767 201.99710743715 -61.31305662193 1815.30627 -5.585999999999998 -2.2889999999999997 -2.1183817729949954 -0.49361821556091323 0.09427917 0.10027917 "" "" 18.71603789090755 "" 1.7704897929622514 ""
202.79719900114 -61.57551324576 0.0226 0.0284 16.5047 "" "" 5868445371154979840 1750.60352 0.5425 0.0383 -10.256 -2.888 0.029 0.037 1.065 7309.6 4.0908 16.13485 1.455038 16.78887 15.333832 "" "" 1647.96265 1897.68872 6622.27285 2.4206 2629.5 7.5243 5829.4 6.5765 "" "" 0.0027837545465838032 0.004175815 0.003972917 0.008148732 202.79719900114 -61.57551324576 1750.60352 -10.256 -2.888 -6.788381772994995 -1.092618215560913 0.09327917 0.10127917 "" "" 57.05401777484564 "" 5.333957868265021 ""
202.96387446054 -61.35218422017 0.0283 0.0351 11.2914 "" "" 5868469624784235136 2094.5083 0.4554 0.0465 -10.822 -2.627 0.036 0.052 1.037 5057.4 4.374 16.135038 1.339183 16.728405 15.389222 "" "" 1916.06262 2303.89526 6621.12114 2.4411 2780.1 6.7418 5539.5 7.4581 "" "" 0.0027842457012991167 0.003836324 0.004052225 0.007888549 202.96387446054 -61.35218422017 2094.5083 -10.822000000000006 -2.6270000000000024 -7.354381772994994 -0.8316182155609129 0.10027917 0.11627917 "" "" 73.47939553851397 "" 7.384462400002873 ""
202.81177966646 -61.55152303685 0.0226 0.0277 15.3648 "" "" 5868462993354232448 1988.10706 0.4727 0.0383 -7.317 -0.878 0.028 0.035 1.02 8013.4 3.5225 16.135395 1.1622 16.609812 15.447612 "" "" 1823.5188 2139.06128 6618.94938 2.2615 3100.9 7.8 5249.4 12.724 "" "" 0.0027801805183299074 0.0039043226 0.004605392 0.008509714 202.81177966646 -61.55152303685 1988.10706 -7.317000000000004 -0.878000000000002 -3.8493817729949953 0.9173817844390869 0.092279166 0.099279165 "" "" 37.291056594723614 "" 3.4557181224683076 ""
202.84240116514 -61.6471842413 0.0235 0.0299 20.9752 "" "" 5868443996765400832 2053.84058 0.4626 0.0415 -7.882 -4.513 0.032 0.039 1.081 6954.8 4.0921 16.135695 1.386708 16.748072 15.361363 "" "" 1889.27893 2269.48169 6617.11993 2.2349 2730.2 6.2253 5683.5 8.801 "" "" 0.0027796150513319457 0.0037301362 0.004136476 0.007866613 202.84240116514 -61.6471842413 2053.84058 -7.881999999999998 -4.513000000000003 -4.414381772994995 -2.717618215560913 0.096279174 0.10327917 "" "" 50.46575866965121 "" 4.958398797664206 ""
203.31730593598 -61.50036331688 0.0256 0.0334 23.8181 "" "" 5868449494324029952 1934.49243 0.5086 0.0477 -3.572 -0.099 0.031 0.043 1.007 5301.3 3.8136 16.13631 1.528336 16.844246 15.315909 "" "" 1747.71936 2178.79004 6613.36187 2.4322 2498.7 6.0752 5926.4 7.6373 "" "" 0.0027841033311872885 0.0038410395 0.0040300656 0.007871105 203.31730593598 -61.50036331688 1934.49243 -3.572 -0.09900000000000055 -0.10438177299499518 1.696381784439087 0.09527917 0.10727917 "" "" 15.584381978549846 "" 1.6712134358014359 ""
202.42706789762 -61.26610999747 0.0239 0.0291 5.4434 "" "" 5868656030706931456 2205.92065 0.4153 0.0396 -9.433 -0.183 0.031 0.04 0.973 6857.3 3.5997 16.136366 2.413774 17.437674 15.0239 "" "" 2030.93872 2465.88208 6613.02816 2.6315 1446.6 6.8567 7755.3 8.9774 "" "" 0.0027889874245920656 0.005853969 0.0039828815 0.009836851 202.42706789762 -61.26610999747 2205.92065 -9.433000000000003 -0.18300000000000036 -5.965381772994995 1.6123817844390869 0.09527917 0.10427917 "" "" 64.61268368989562 "" 6.197565218638132 ""
202.28569311394 -61.24743352442 0.0226 0.0266 9.4936 "" "" 5868667781738725760 1590.39563 0.6045 0.0368 -6.829 -4.5 0.029 0.035 0.948 6551.7 4.3028 16.136593 1.353755 16.7377 15.383945 "" "" 1485.54846 1689.50684 6611.64671 2.1116 2756.4 6.3045 5566.5 7.8326 "" "" 0.002777054269591539 0.0037352277 0.0040764813 0.0078117093 202.28569311394 -61.24743352442 1590.39563 -6.829000000000002 -4.5 -3.361381772994995 -2.704618215560913 0.09327917 0.099279165 "" "" 32.523822832696354 "" 3.1119432071085966 ""
202.33863830052 -61.6011080046 0.0224 0.0271 18.1181 "" "" 5868459011972332928 1572.54883 0.6037 0.0365 -6.741 -3.271 0.029 0.035 0.994 5883.3 4.2157 16.138594 1.331222 16.722368 15.391146 "" "" 1501.17102 1640.38159 6599.47822 2.2411 2795.6 6.5809 5529.7 8.264 "" "" 0.002779879645552948 0.003783833 0.0041129766 0.00789681 202.33863830052 -61.6011080046 1572.54883 -6.7410000000000005 -3.2710000000000004 -3.2733817729949948 -1.475618215560913 0.09327917 0.099279165 "" "" 26.76397835887962 "" 2.5243601672821656 ""
203.32005988867 -61.27498310447 0.0224 0.03 21.5968 "" "" 5868842123049238400 1936.93469 0.5014 0.0399 -4.773 -0.991 0.029 0.042 0.984 5683.1 4.4645 16.138884 1.220734 16.66569 15.444956 "" "" 1770.05481 2074.65137 6597.71681 2.2939 2945.4 6.4203 5262.3 9.5802 "" "" 0.002781058767810795 0.0036587038 0.0042650625 0.007923766 203.32005988867 -61.27498310447 1936.93469 -4.773 -0.9910000000000001 -1.3053817729949948 0.8043817844390869 0.09327917 0.106279165 "" "" 14.077463244843244 "" 1.3659467603503457 ""
202.8837595131 -61.40759759641 0.0242 0.0307 10.2295 "" "" 5868465024927343872 1803.75159 0.5351 0.0401 -2.154 -3.792 0.031 0.041 0.977 6022.1 4.3375 16.141193 1.235882 16.667572 15.43169 "" "" 1698.10962 1943.3606 6583.6906 2.4014 2940.3 8.8128 5327.0 8.8017 "" "" 0.002783634836423911 0.0042866045 0.004183533 0.008470138 202.8837595131 -61.40759759641 1803.75159 -2.1539999999999995 -3.792 1.313618227005005 -1.996618215560913 0.09527917 0.10527917 "" "" 20.433939382720066 "" 2.0916436289221596 ""
202.5608455225 -61.49130056602 0.0254 0.0292 10.2043 "" "" 5868461314074957440 1914.13477 0.5014 0.0406 -3.662 -0.223 0.03 0.038 1.066 7202.2 4.2275 16.141325 1.426998 16.783066 15.356068 "" "" 1786.17175 2079.09229 6582.8913 2.3277 2643.6 6.0429 5711.2 7.4853 "" "" 0.002781938138677688 0.0037342447 0.004038399 0.007772644 202.5608455225 -61.49130056602 1914.13477 -3.662 -0.22300000000000006 -0.19438177299499504 1.5723817844390868 0.09427917 0.10227917 "" "" 14.37481662282121 "" 1.4685800743345498 ""
203.08243856738 -61.39893290217 0.0246 0.031 15.2667 "" "" 5868465643402957696 1609.0061 0.6059 0.0411 -8.35 0.573 0.032 0.045 1.051 5601.9 4.4274 16.142324 1.302788 16.666399 15.363611 "" "" 1518.41394 1734.76501 6576.8322 2.9825 2943.5 9.2626 5671.7 39.528 "" "" 0.002798966524719265 0.0044111395 0.008458199 0.0128693385 203.08243856738 -61.39893290217 1609.0061 -8.350000000000001 0.5729999999999998 -4.882381772994995 2.368381784439087 0.096279174 0.10927917 "" "" 41.386214605106645 "" 4.092573142765562 ""
202.63744587554 -61.09211341141 0.0216 0.0285 13.8683 "" "" 5868674962925100672 2251.53101 0.4239 0.0384 -7.237 -2.519 0.028 0.039 0.97 7407.8 4.2638 16.143421 1.27312 16.694386 15.421266 "" "" 2064.61646 2530.56055 6570.19627 2.2746 2868.6 6.6303 5378.4 7.6708 "" "" 0.0027808409398790757 0.0037526854 0.0040843096 0.007836995 202.63744587554 -61.09211341141 2251.53101 -7.237000000000001 -2.5189999999999992 -3.769381772994995 -0.7236182155609132 0.092279166 0.10327917 "" "" 40.962372206313944 "" 3.796905630699921 ""
203.21990953434 -61.40173777382 0.0237 0.0303 19.1111 "" "" 5868454094182358144 2084.67529 0.4596 0.0413 -2.851 -2.168 0.03 0.045 1.053 6912.5 4.3514 16.14421 1.141468 16.625078 15.48361 "" "" 1956.61609 2240.43164 6565.41774 2.2736 3057.6 6.2393 5078.2 7.3281 "" "" 0.0027808555725756636 0.0035628167 0.0040912717 0.0076540885 203.21990953434 -61.40173777382 2084.67529 -2.850999999999999 -2.1679999999999984 0.6166182270050049 -0.37261821556091324 0.09427917 0.10927917 "" "" 7.1191236156504 "" 0.7013442937816629 ""
203.44314506233 -61.33963666059 0.0236 0.03 24.9614 "" "" 5868829822261640448 2059.90332 0.4612 0.0404 -3.859 -0.763 0.029 0.043 1.038 6884.7 4.3495 16.144936 1.22216 16.671448 15.449287 "" "" 1878.15613 2262.66626 6561.03684 2.1182 2929.8 5.929 5241.4 8.4998 "" "" 0.0027775271492013094 0.003551436 0.004169388 0.0077208243 203.44314506233 -61.33963666059 2059.90332 -3.859 -0.7630000000000008 -0.3913817729949951 1.032381784439087 0.09327917 0.10727917 "" "" 10.780169231813074 "" 1.1386220025975855 ""
202.71451595749 -61.10083687235 0.0221 0.0292 13.819 "" "" 5868663070104024704 1696.50098 0.5716 0.0416 -6.62 2.567 0.029 0.04 1.028 5857.5 4.2495 16.146034 1.284785 16.695913 15.411128 "" "" 1603.02808 1807.41284 6554.39702 2.2693 2864.5 7.9144 5428.8 10.529 "" "" 0.002780844738184932 0.0040968154 0.004326422 0.008423237 202.71451595749 -61.10083687235 1696.50098 -6.619999999999996 2.5669999999999993 -3.1523817729949952 4.362381784439087 0.09327917 0.10427917 "" "" 43.28035909634696 "" 4.355785480491599 ""
202.3663031155 -61.72205032657 0.0252 0.027 24.782 "" "" 5868454304688360576 1645.52588 0.5871 0.0368 -12.364 -9.367 0.031 0.036 1.046 5785.2 4.4674 16.14632 1.251107 16.687534 15.436427 "" "" 1554.49304 1738.06335 6552.67352 2.2498 2886.7 7.4203 5303.8 6.857 "" "" 0.0027804230722606638 0.003946412 0.0040316344 0.007978046 202.3663031155 -61.72205032657 1645.52588 -12.364000000000004 -9.367 -8.896381772994996 -7.571618215560914 0.09527917 0.10027917 "" "" 91.11914328620664 "" 8.875988505775942 ""
202.74098921014 -61.29303920234 0.0253 0.0316 5.0261 "" "" 5868657336377757440 2071.51099 0.4503 0.0428 -7.055 -1.461 0.032 0.044 0.95 5269.4 4.4008 16.146948 1.298036 16.721088 15.423053 "" "" 1894.50867 2268.11255 6548.89097 2.3095 2798.9 9.5128 5369.5 8.6681 "" "" 0.002781796986166576 0.0046262657 0.004166027 0.008792292 202.74098921014 -61.29303920234 2071.51099 -7.054999999999996 -1.461 -3.587381772994995 0.33438178443908684 0.096279174 0.10827917 "" "" 35.37705295689989 "" 3.4099556876962014 ""
203.25673889315 -61.07305030358 0.0231 0.0317 24.6647 "" "" 5869035740178257920 1912.80408 0.5064 0.0416 -7.937 -2.891 0.032 0.057 0.966 "" "" 16.147474 "" "" "" "" "" 1795.30371 2068.62744 6545.71398 2.3037 "" "" "" "" "" "" 0.0027816902574836506 "" "" "" 203.25673889315 -61.07305030358 1912.80408 -7.937000000000003 -2.890999999999999 -4.469381772994995 -1.095618215560913 0.096279174 0.121279165 "" "" 41.72230172126651 "" 4.083246110841533 ""
201.8801545245 -61.25207959633 0.0222 0.0255 20.5078 "" "" 5868647268973020672 2133.64478 0.4487 0.0356 -6.563 -3.039 0.028 0.034 0.969 8121.6 4.2381 16.14749 1.506484 16.837898 15.331414 "" "" 1961.21228 2327.60425 6545.62697 2.272 2513.4 6.0732 5842.4 7.3477 "" "" 0.0027809735237265274 0.0038298531 0.0040184893 0.007848343 201.8801545245 -61.25207959633 2133.64478 -6.563 -3.039 -3.095381772994995 -1.2436182155609132 0.092279166 0.09827917 "" "" 33.737160078673924 "" 3.1421504767139035 ""
202.74033354753 -61.32647486714 0.0269 0.0353 4.7177 "" "" 5868656683542724224 2187.35278 0.4387 0.0453 -4.724 -5.186 0.035 0.057 1.011 6005.8 4.3967 16.148014 1.205028 16.639353 15.434325 "" "" 2021.68933 2381.83789 6542.45563 2.6801 3017.7 13.36 5314.1 20.422 "" "" 0.0027909870753929293 0.005557898 0.0056296717 0.01118757 202.74033354753 -61.32647486714 2187.35278 -4.724 -5.185999999999995 -1.2563817729949953 -3.390618215560913 0.099279165 0.121279165 "" "" 37.489917620260485 "" 4.455283356110754 ""
202.74055740158 -61.26786902387 0.0235 0.0307 5.7081 "" "" 5868658161011481728 1538.87195 0.6184 0.0406 -0.946 -3.054 0.03 0.043 1.025 5515.1 4.4505 16.148287 1.328623 16.73754 15.408916 "" "" 1452.72607 1623.55737 6540.81523 2.2286 2756.8 6.8029 5439.9 7.519 "" "" 0.0027800432998808856 0.0038682586 0.0040664263 0.007934685 202.74055740158 -61.26786902387 1538.87195 -0.9460000000000007 -3.0540000000000003 2.521618227005005 -1.258618215560913 0.09427917 0.10727917 "" "" 20.557216584853894 "" 1.9942785270917558 ""
202.71456458352 -61.54709262769 0.0226 0.0271 14.1064 "" "" 5868457431424635904 1787.35974 0.5367 0.0379 -5.442 -5.576 0.029 0.036 0.962 6545.6 4.0091 16.148666 1.574864 16.881756 15.306891 "" "" 1669.70386 1906.87842 6538.52585 2.2752 2413.9 5.9501 5975.9 8.4806 "" "" 0.0027811011493124897 0.003866193 0.004081398 0.00794759 202.71456458352 -61.54709262769 1787.35974 -5.442000000000004 -5.575999999999999 -1.9743817729949953 -3.7806182155609127 0.09327917 0.10027917 "" "" 36.13446869257569 "" 3.570840610064814 ""
202.33552284118 -61.24251860841 0.0234 0.0289 8.4139 "" "" 5868667708671298688 1971.46851 0.4873 0.039 -4.577 -0.638 0.031 0.038 1.074 7880.9 4.1067 16.149096 1.865197 17.049244 15.184047 "" "" 1841.33691 2124.69971 6535.94212 2.4995 2068.8 5.2426 6691.7 7.07 "" "" 0.0027864295967076767 0.0039185723 0.0039496333 0.007868206 202.33552284118 -61.24251860841 1971.46851 -4.577 -0.638 -1.109381772994995 1.157381784439087 0.09527917 0.10227917 "" "" 14.981550354489753 "" 1.4830104576853411 ""
202.29613864626 -61.14779407161 0.0358 0.0387 13.1976 "" "" 5868672076666331392 1978.46851 0.5049 0.059 -4.823 -0.49 0.05 0.053 1.636 "" "" 16.14924 1.901858 16.22267 14.320811 "" "" 1743.74646 2222.67651 6535.0742 29.924 4429.4 872.22 14820.0 107.33 "" "" 0.005684037240756459 0.21381709 0.00872428 0.22254136 202.29613864626 -61.14779407161 1978.46851 -4.823 -0.4900000000000001 -1.3553817729949955 1.305381784439087 0.114279166 0.11727917 "" "" 17.647184904289343 "" 2.042353203241803 ""
202.8540656407 -61.31466736722 0.025 0.0304 7.9941 "" "" 5868469491693430912 2199.5979 0.4395 0.0435 -5.372 -1.163 0.031 0.041 0.952 5893.5 4.2764 16.149427 1.219463 16.676811 15.457348 "" "" 2021.57727 2415.6521 6533.95168 2.1295 2915.4 6.9934 5202.6 6.3837 "" "" 0.0027779494528639907 0.0038168263 0.004007311 0.007824138 202.8540656407 -61.31466736722 2199.5979 -5.372 -1.1630000000000003 -1.904381772994995 0.6323817844390869 0.09527917 0.10527917 "" "" 20.92134609340603 "" 2.0151186772558267 ""
