Clusters/Collinder_272/Collinder_272_members.tsv
# %ECSV 1.0
# ---
# datatype:
# - name: RA_ICRS_1
#   unit: deg
#   datatype: float64
#   format: '{:15.11f}'
#   description: Right ascension (ICRS) at Ep=2016.0 (ra)
#   meta: !!omap
#   - {ucd: POS_EQ_RA_MAIN}
#   - {width: 15}
#   - {precision: '11'}
# - name: DE_ICRS_1
#   unit: deg
#   datatype: float64
#   format: '{:15.11f}'
#   description: Declination (ICRS) at Ep=2016.0 (dec)
#   meta: !!omap
#   - {ucd: POS_EQ_DEC_MAIN}
#   - {width: 15}
#   - {precision: '11'}
# - name: e_RA_ICRS
#   unit: mas
#   datatype: float64
#   format: '{:7.4f}'
#   description: Standard error of right ascension (ra_error)
#   meta: !!omap
#   - {ucd: ERROR}
#   - {width: 7}
#   - {precision: '4'}
# - name: e_DE_ICRS
#   unit: mas
#   datatype: float64
#   format: '{:7.4f}'
#   description: Standard error of declination (dec_error)
#   meta: !!omap
#   - {ucd: ERROR}
#   - {width: 7}
#   - {precision: '4'}
# - name: _r_1
#   unit: ''
#   datatype: float64
#   format: '{:7.4f}'
#   description: Distance from center (202.57681747000-61.32140021000)[ICRS], at Epoch=J2016.0
#   meta: !!omap
#   - {ucd: POS_ANG_DIST_GENERAL}
#   - {width: 7}
#   - {precision: '4'}
# - name: HIP
#   datatype: int32
#   description: '? HIP cross-id number, van Leeuwen, Cat. I/311 (hip_original_ext_source_id)'
#   meta: !!omap
#   - {ucd: ID_NUMBER}
#   - {width: 6}
#   - values: {'null': -2147483648}
# - name: TYC2
#   datatype: string
#   description: Tycho-2 cross-id name, Hog et al., Cat. I/259 (tyc2_original_ext_source_id)
#   meta: !!omap
#   - {ucd: ID_CROSSID}
#   - {_votable_string_dtype: char}
# - name: Source
#   datatype: int64
#   description: Source identifier, identical to the Gaia-EDR3 source_id (id)
#   meta: !!omap
#   - {ucd: ID_MAIN}
#   - {width: 19}
# - name: rgeo
#   unit: pc
#   datatype: float64
#   format: '{:15.8f}'
#   description: '? Median of the geometric distance posterior (r_med_geo)'
#   meta: !!omap
#   - {ucd: PHYS_DISTANCE_TRUE}
#   - {width: 15}
#   - {precision: '8'}
#   - values: {'null': .nan}
# - name: Plx
#   unit: mas
#   datatype: float64
#   format: '{:9.4f}'
#   description: '? Parallax (parallax)'
#   meta: !!omap
#   - {ucd: POS_PARLX_TRIG}
#   - {width: 9}
#   - {precision: '4'}
#   - values: {'null': .nan}
# - name: e_Plx
#   unit: mas
#   datatype: float32
#   format: '{:7.4f}'
#   description: '? Standard error of parallax (parallax_error)'
#   meta: !!omap
#   - {ucd: ERROR}
#   - {width: 7}
#   - {precision: '4'}
#   - values: {'null': .nan}
# - name: pmRA
#   unit: mas / yr
#   datatype: float64
#   format: '{:9.3f}'
#   description: '? Proper motion in right ascension direction, pmRA*cosDE (pmra)'
#   meta: !!omap
#   - {ucd: POS_EQ_PMRA}
#   - {width: 9}
#   - {precision: '3'}
#   - values: {'null': .nan}
# - name: pmDE
#   unit: mas / yr
#   datatype: float64
#   format: '{:9.3f}'
#   description: '? Proper motion in declination direction (pmdec)'
#   meta: !!omap
#   - {ucd: POS_EQ_PMDEC}
#   - {width: 9}
#   - {precision: '3'}
#   - values: {'null': .nan}
# - name: e_pmRA
#   unit: mas / yr
#   datatype: float32
#   format: '{:6.3f}'
#   description: '? Standard error of proper motion in right ascension direction (pmra_error)'
#   meta: !!omap
#   - {ucd: ERROR}
#   - {width: 6}
#   - {precision: '3'}
#   - values: {'null': .nan}
# - name: e_pmDE
[...]
#         unit: &id001 !astropy.units.Unit {unit: deg}
#         value: !astropy.table.SerializedColumn {name: SkyCoord.dec}
#       distance: !astropy.table.SerializedColumn
#         __class__: astropy.coordinates.distances.Distance
#         unit: !astropy.units.Unit {unit: pc}
#         value: !astropy.table.SerializedColumn {name: SkyCoord.distance}
#       frame: icrs
#       obstime: !astropy.time.Time {format: jyear_str, in_subfmt: '*', jd1: 367701545.0, jd2: 0.0, out_subfmt: '*', precision: 3, scale: tt}
#       pm_dec: !astropy.table.SerializedColumn
#         __class__: astropy.units.quantity.Quantity
#         unit: !astropy.units.Unit {unit: mas / yr}
#         value: !astropy.table.SerializedColumn {name: SkyCoord.pm_dec}
#       pm_ra_cosdec: !astropy.table.SerializedColumn
#         __class__: astropy.units.quantity.Quantity
#         unit: !astropy.units.Unit {unit: mas / yr}
#         value: !astropy.table.SerializedColumn {name: SkyCoord.pm_ra_cosdec}
#       ra: !astropy.table.SerializedColumn
#         __class__: astropy.coordinates.angles.Longitude
#         unit: *id001
#         value: !astropy.table.SerializedColumn {name: SkyCoord.ra}
#         wrap_angle: !astropy.coordinates.Angle
#           unit: *id001
#           value: 360.0
#       representation_type: spherical
# schema: astropy-2.0
RA_ICRS_1 DE_ICRS_1 e_RA_ICRS e_DE_ICRS _r_1 HIP TYC2 Source rgeo Plx e_Plx pmRA pmDE e_pmRA e_pmDE RUWE Teff logg Gmag BP-RP BPmag RPmag RV e_RV b_rgeo B_rgeo FG e_FG FBP e_FBP FRP e_FRP RAVE5 RAVE6 e_Gmag e_BPmag e_RPmag e_BP-RP SkyCoord.ra SkyCoord.dec SkyCoord.distance SkyCoord.pm_ra_cosdec SkyCoord.pm_dec Pmemb
202.3928311118 -61.19337375705 0.0096 0.0116 9.3374 65818 8991-4714-1 5868668331494928384 1979.35559 0.4919 0.0158 -3.547 -1.81 0.012 0.015 0.995 "" "" 9.962601 0.428375 10.100286 9.67191 "" "" 1916.86743 2041.76477 1949424.34834 4852.1 1245400.0 6986.5 1072500.0 11268.0 "" "" 0.003859363840548393 0.006699479 0.012016855 0.018716335 202.3928311118 -61.19337375705 1979.35559 -3.5470000000000006 -1.8099999999999998 0.9
202.59348102301 -61.35694723225 0.0087 0.0103 2.1861 "" 8991-4005-1 5868650906759768576 2029.80627 0.4795 0.0142 -3.547 -1.75 0.012 0.014 0.838 "" "" 10.106637 0.433837 10.252254 9.818418 "" "" 1972.54236 2096.06201 1707229.95346 3208.4 1082700.0 4518.1 937110.0 7274.6 "" "" 0.003428574972129151 0.005320989 0.009236932 0.01455792 202.59348102301 -61.35694723225 2029.80627 -3.547 -1.7499999999999998 1.0
202.63421049379 -61.28905171166 0.0086 0.0108 2.5497 "" 8991-3133-1 5868657714334550144 2164.25757 0.4484 0.0139 -3.553 -1.864 0.011 0.014 0.944 17258.2 3.5455 10.780056 0.455408 10.935676 10.480268 "" "" 2106.62036 2235.86255 918172.29708 1385.2 576960.0 1791.5 509390.0 3722.2 "" "" 0.0032054355649004155 0.004376141 0.008787872 0.013164014 202.63421049379 -61.28905171166 2164.25757 -3.5530000000000004 -1.8640000000000003 1.0
202.60146358163 -61.24841505192 0.0092 0.0117 4.4364 "" 8991-3213-1 5868661008522843648 2120.8772 0.4452 0.0156 -3.515 -1.647 0.012 0.017 0.881 13864.5 3.4609 10.945711 0.395915 11.076912 10.680997 "" "" 2047.94006 2197.35571 788247.15264 175.5 506580.0 263.66 423410.0 173.22 "" "" 0.002765904024276027 0.002846819 0.003805394 0.006652213 202.60146358163 -61.24841505192 2120.8772 -3.515 -1.647 0.9
202.71106930921 -61.33782708767 0.0126 0.0148 3.9883 "" 8991-4254-1 5868656649182615040 2075.33545 0.4538 0.0211 -3.478 -1.752 0.017 0.019 1.041 15948.6 3.6537 11.161264 0.467463 11.315004 10.847541 "" "" 1990.63733 2150.47729 646309.88253 623.97 406830.0 1221.4 363200.0 687.98 "" "" 0.002947970139734278 0.0042907204 0.004302722 0.008593442 202.71106930921 -61.33782708767 2075.33545 -3.4780000000000006 -1.7520000000000002 1.0
202.70268667805 -61.33907598051 0.0124 0.0146 3.7752 "" 8991-4252-1 5868656649182613888 2067.29102 0.439 0.0206 -3.548 -1.76 0.016 0.019 1.055 12737.8 3.6614 11.485866 0.393699 11.618258 11.22456 -9.02 22.8 1991.22095 2151.56982 479292.48043 233.94 307690.0 281.43 256650.0 169.04 "" "" 0.0028058203270516836 0.0029616284 0.003846441 0.0068080695 202.70268667805 -61.33907598051 2067.29102 -3.548 -1.7599999999999998 1.0
202.51819317823 -61.38131655847 0.0099 0.0119 3.9709 "" 8991-4389-1 5868650808026553088 2074.89307 0.4418 0.0163 -3.521 -1.853 0.013 0.016 0.956 "" "" 11.635351 0.586156 11.847574 11.261418 "" "" 2008.26819 2145.88867 417643.95656 94.285 249110.0 111.28 248080.0 85.366 J133004.4-612253 20100605_1329m61_009 0.0027662010467094334 0.0028320104 0.0037978035 0.006629814 202.51819317823 -61.38131655847 2074.89307 -3.521 -1.8530000000000002 1.0
202.47826155759 -61.3729997585 0.0088 0.0104 4.1982 "" 8991-3953-1 5868651181634945920 2199.28442 0.4091 0.0146 -3.493 -1.74 0.012 0.014 0.927 13595.8 3.858 11.766056 0.478994 11.933475 11.45448 "" "" 2127.75562 2261.71875 370274.91346 110.26 230160.0 213.29 207670.0 136.19 "" "" 0.002774223894886798 0.0029660405 0.0038458689 0.0068119094 202.47826155759 -61.3729997585 2199.28442 -3.4929999999999994 -1.7399999999999998 1.0
202.51083722314 -61.27658950288 0.0093 0.0112 3.2929 "" 8991-4314-1 5868655274792678400 2227.89111 0.4072 0.0146 -3.61 -1.76 0.012 0.015 1.057 13861.4 3.684 11.971797 0.431324 12.120663 11.689339 "" "" 2167.25928 2299.44922 306357.09395 72.766 193710.0 104.8 167270.0 66.714 "" "" 0.0027673622284418984 0.0028513304 0.0038041093 0.0066554397 202.51083722314 -61.27658950288 2227.89111 -3.61 -1.7599999999999998 1.0
202.6193922683 -61.25712972308 0.0072 0.0095 4.0468 "" 8991-4471-1 5868660944149991168 2216.51904 0.4184 0.0122 -3.487 -1.773 0.01 0.013 0.953 "" "" 12.289298 0.465672 12.454298 11.988626 -75.22 38.46 2154.5415 2262.09399 228679.56974 46.051 142460.0 81.151 126970.0 49.111 "" "" 0.002763981594383489 0.0028578953 0.0038026425 0.006660538 202.6193922683 -61.25712972308 2216.51904 -3.487 -1.7730000000000004 0.9
202.87615211856 -61.4701839551 0.0069 0.0085 12.3946 "" "" 5868463891055912192 2008.20325 0.4965 0.0116 -3.565 -1.927 0.009 0.012 0.838 "" "" 12.454331 1.683475 13.258167 11.574692 -2.82 0.75 1956.24792 2055.42407 196432.85815 25.486 67944.0 36.211 185900.0 60.004 "" "" 0.002758918837563503 0.0028495404 0.0037955951 0.0066451356 202.87615211856 -61.4701839551 2008.20325 -3.565 -1.927 1.0
202.58194723672 -61.38616719329 0.0078 0.0097 3.8888 "" "" 5868650666241600384 2203.29883 0.4215 0.0133 -3.563 -1.685 0.01 0.013 0.934 "" "" 12.63266 0.507809 12.815918 12.308109 "" "" 2153.44458 2264.38989 166679.70184 40.397 102110.0 75.913 94605.0 46.272 "" "" 0.0027678571636248882 0.0029045814 0.0038165078 0.006721089 202.58194723672 -61.38616719329 2203.29883 -3.563 -1.6850000000000003 1.0
202.84402525095 -61.26201571706 0.0086 0.0109 8.4855 "" "" 5868657302017719040 2152.34106 0.4291 0.0153 -3.481 -1.792 0.011 0.015 1.019 11147.5 3.69 13.006949 0.496515 13.187284 12.690769 "" "" 2087.97119 2241.4519 118077.43072 21.956 72528.0 28.416 66504.0 23.004 "" "" 0.0027627066784407742 0.0028224103 0.0037979959 0.006620406 202.84402525095 -61.26201571706 2152.34106 -3.480999999999999 -1.7919999999999994 1.0
203.14260145389 -61.18217309151 0.0072 0.0102 18.3401 "" "" 5868847036492269952 2134.99585 0.4339 0.0133 -3.456 -1.823 0.009 0.013 0.936 11057.0 3.7178 13.034562 0.564395 13.241303 12.676908 "" "" 2080.14331 2193.41992 115112.33357 26.223 69007.0 34.519 67359.0 29.689 "" "" 0.0027663990652458626 0.0028425374 0.0038095582 0.0066520954 203.14260145389 -61.18217309151 2134.99585 -3.4560000000000004 -1.8229999999999997 0.9
202.27257422806 -61.26480622351 0.007 0.0086 9.4028 "" "" 5868667575580273152 2095.71143 0.4385 0.0117 -3.448 -1.851 0.009 0.012 0.943 "" "" 13.110765 0.552491 13.309966 12.757475 "" "" 2043.36194 2154.09155 107310.10765 28.791 64778.0 29.951 62542.0 29.972 "" "" 0.002770675923036537 0.0028349704 0.0038150304 0.006650001 202.27257422806 -61.26480622351 2095.71143 -3.4479999999999995 -1.851 1.0
203.08019385215 -61.30068553933 0.0096 0.0124 14.552 "" "" 5868470178888317184 1929.95264 0.485 0.0171 -3.416 -1.826 0.013 0.018 1.351 "" "" 13.179815 0.553529 13.379293 12.825765 "" "" 1850.57385 2013.81482 100697.96839 19.038 60771.0 32.616 58729.0 24.646 "" "" 0.002762955856374579 0.00285037 0.0038067482 0.006657118 203.08019385215 -61.30068553933 1929.95264 -3.416000000000001 -1.8260000000000005 1.0
202.57021205909 -61.27022990136 0.0074 0.0091 3.0761 "" "" 5868660909790130560 2054.51001 0.4477 0.0118 -3.388 -1.898 0.01 0.012 0.921 "" "" 13.208563 0.550972 13.409763 12.858791 "" "" 2004.78723 2098.65112 98066.72335 25.319 59090.0 26.474 56969.0 21.827 "" "" 0.002769542730080317 0.0028322558 0.0038022061 0.0066344617 202.57021205909 -61.27022990136 2054.51001 -3.3880000000000003 -1.898 0.9
202.55388997155 -61.28694653145 0.0075 0.0091 2.1702 "" "" 5868655034274500864 2045.60046 0.4523 0.0122 -3.452 -1.74 0.01 0.012 0.954 "" "" 13.220563 0.514853 13.406646 12.891793 "" "" 1998.21045 2092.94141 96988.83759 24.315 59260.0 27.657 55264.0 20.634 "" "" 0.0027687322717803863 0.002835809 0.0038010608 0.00663687 202.55388997155 -61.28694653145 2045.60046 -3.452 -1.7400000000000002 1.0
202.37296284628 -61.11103441316 0.0074 0.0093 13.9283 "" "" 5868672592102370176 2080.18896 0.441 0.0125 -3.371 -1.542 0.009 0.012 0.914 6863.2 3.6998 13.229483 0.474534 13.398268 12.923734 "" "" 2029.79883 2128.74268 96195.27726 46.125 59719.0 72.539 53662.0 59.753 "" "" 0.002804071539086962 0.0030861492 0.0039680405 0.0070541897 202.37296284628 -61.11103441316 2080.18896 -3.371 -1.5420000000000003 0.8
202.6738301273 -61.39337819929 0.0091 0.0106 5.1416 "" "" 5868468770138841728 2144.96582 0.4279 0.0147 -3.365 -1.87 0.012 0.014 1.134 7170.6 3.3958 13.259093 0.586134 13.472151 12.886017 "" "" 2089.31274 2207.80127 93607.26489 18.039 55790.0 27.433 55559.0 29.699 "" "" 0.002763253019676449 0.0028407874 0.003823685 0.0066644726 202.6738301273 -61.39337819929 2144.96582 -3.3649999999999998 -1.8699999999999997 0.9
202.12763514005 -61.23429560194 0.0076 0.009 13.9663 "" "" 5868667300702407808 1931.63708 0.4809 0.0121 -3.421 -1.808 0.01 0.012 0.902 7089.0 3.7375 13.340186 0.586151 13.555706 12.969555 "" "" 1889.04968 1972.17285 86870.50517 19.208 51658.0 25.184 51444.0 19.958 "" "" 0.002765758847752377 0.002839933 0.0038027822 0.006642715 202.12763514005 -61.23429560194 1931.63708 -3.4209999999999994 -1.8079999999999998 1.0
202.61027021918 -61.40415913947 0.008 0.0098 5.0579 "" "" 5868462928982848512 2012.21619 0.4592 0.0134 -3.544 -1.737 0.01 0.013 0.913 7057.5 3.6853 13.392319 0.683969 13.649631 12.965663 "" "" 1965.55261 2067.25635 82797.8692 20.37 47377.0 34.986 51629.0 26.545 "" "" 0.002768237550409335 0.0029030824 0.0038203858 0.006723468 202.61027021918 -61.40415913947 2012.21619 -3.5439999999999996 -1.737 1.0
202.68745221836 -61.30226811715 0.0085 0.0105 3.387 "" "" 5868656992780029056 1999.90466 0.4627 0.014 -3.375 -1.608 0.011 0.014 0.933 9156.8 3.8914 13.468052 0.554511 13.671219 13.116708 "" "" 1944.01685 2047.29126 77219.34101 23.061 46444.0 23.915 44924.0 22.337 "" "" 0.0027743333813830544 0.0028456294 0.003817743 0.0066633723 202.68745221836 -61.30226811715 1999.90466 -3.375 -1.6080000000000003 0.9
202.88422623412 -61.46659099443 0.0084 0.0102 12.4046 "" "" 5868463891055916160 2140.87866 0.4291 0.0141 -3.486 -1.733 0.01 0.013 0.883 "" "" 13.478162 0.68771 13.73747 13.04976 "" "" 2068.05933 2214.89502 76503.63113 14.593 43695.0 20.923 47781.0 19.325 "" "" 0.0027630926784704656 0.002838193 0.0038048073 0.006643 202.88422623412 -61.46659099443 2140.87866 -3.486 -1.7329999999999999 0.9
203.02452850712 -61.42476402629 0.0089 0.0115 14.2863 "" "" 5868465505963982976 2069.52881 0.4428 0.0154 -3.421 -1.658 0.012 0.016 1.122 "" "" 13.525188 0.47229 13.696922 13.224632 "" "" 2010.88318 2139.51318 73260.76526 17.8 45357.0 21.098 40673.0 16.258 "" "" 0.0027679196556973143 0.0028355084 0.0038042185 0.006639727 203.02452850712 -61.42476402629 2069.52881 -3.4209999999999994 -1.6579999999999997 1.0
203.11977616437 -61.27709567153 0.0083 0.0105 15.869 "" "" 5868470385046775808 2045.94031 0.4507 0.0146 -3.416 -1.744 0.011 0.015 0.932 9735.4 3.8516 13.594353 0.582758 13.811796 13.229038 "" "" 1998.98877 2103.56055 68739.38163 16.259 40804.0 15.749 40508.0 16.277 "" "" 0.002767262358383434 0.0028214639 0.003804479 0.006625943 203.11977616437 -61.27709567153 2045.94031 -3.416 -1.7440000000000002 1.0
203.17350562103 -61.49415895754 0.0088 0.0107 20.0249 "" "" 5868452827218748160 2021.22583 0.4591 0.0145 -3.396 -1.781 0.011 0.015 0.95 "" "" 13.606272 0.471934 13.777211 13.305277 "" "" 1955.12439 2092.35767 67988.87723 24.886 42124.0 45.902 37761.0 30.856 "" "" 0.002783832988627125 0.0030306443 0.003882119 0.006912763 203.17350562103 -61.49415895754 2021.22583 -3.396 -1.7810000000000001 0.9
202.59083695775 -61.4423196278 0.0082 0.0099 7.2663 "" "" 5868462551025713920 2084.52222 0.4402 0.0138 -3.304 -1.781 0.011 0.013 0.904 "" "" 13.661408 0.799472 13.971374 13.171902 "" "" 2023.73279 2141.30029 64622.4217 9.6137 35226.0 13.707 42697.0 21.66 "" "" 0.0027600504985924187 0.0028219738 0.0038193057 0.0066412794 202.59083695775 -61.4423196278 2084.52222 -3.3040000000000003 -1.7809999999999997 0.8
202.53241798058 -61.28413627507 0.0084 0.0102 2.5759 "" "" 5868655068634241024 2134.32129 0.43 0.0135 -3.458 -1.812 0.011 0.014 0.862 9521.0 3.7343 13.671219 0.634516 13.909803 13.275288 "" "" 2081.39551 2202.93823 64041.16546 12.382 37282.0 18.907 38819.0 14.633 "" "" 0.0027633053088867827 0.0028439804 0.0038014776 0.006645458 202.53241798058 -61.28413627507 2134.32129 -3.458 -1.8120000000000003 1.0
202.53280917499 -61.33168679493 0.0089 0.0103 1.4093 "" "" 5868651873178518272 2048.91333 0.4508 0.0142 -3.404 -1.886 0.012 0.014 0.907 "" "" 13.69315 0.516225 13.880984 13.364759 "" "" 1987.6908 2113.81348 62760.60201 13.568 38285.0 22.556 35748.0 19.053 "" "" 0.0027652999162146915 0.0028625564 0.003823427 0.0066859834 202.53280917499 -61.33168679493 2048.91333 -3.4040000000000004 -1.8859999999999997 1.0
202.66925404171 -61.18323837886 0.008 0.0104 8.7083 "" "" 5868661803143554432 1984.39758 0.4645 0.0143 -3.48 -1.594 0.011 0.014 0.975 7705.7 3.8717 13.705254 0.570439 13.915267 13.344828 "" "" 1936.54529 2031.45605 62064.77104 15.994 37095.0 24.574 36411.0 22.621 "" "" 0.002769489720991354 0.0028813852 0.0038391044 0.00672049 202.66925404171 -61.18323837886 1984.39758 -3.4799999999999995 -1.5940000000000003 0.8
202.54488395545 -61.26916972633 0.0086 0.0108 3.2662 "" "" 5868655102993993856 1999.8175 0.462 0.0141 -3.579 -1.839 0.011 0.014 0.896 "" "" 13.774877 0.569099 13.984903 13.415804 "" "" 1945.54114 2054.16138 58209.80168 16.986 34790.0 27.097 34106.0 26.538 "" "" 0.0027734756925034748 0.0029155058 0.0038726528 0.006788159 202.54488395545 -61.26916972633 1999.8175 -3.579 -1.839 1.0
202.75560454001 -61.35692756439 0.0092 0.0114 5.5691 "" "" 5868468941937579392 2103.77661 0.4358 0.0152 -3.456 -1.765 0.012 0.015 1.048 "" "" 13.778236 0.608258 13.978165 13.369906 "" "" 2029.74597 2174.29712 58029.95907 15.487 35007.0 39.942 35579.0 232.6 "" "" 0.0027705145039735313 0.0030528118 0.008041537 0.011094349 202.75560454001 -61.35692756439 2103.77661 -3.4559999999999995 -1.7649999999999997 1.0
202.96303157299 -61.5132862005 0.0089 0.0119 15.9832 "" "" 5868451762066812032 2083.66846 0.4409 0.0159 -3.453 -1.863 0.011 0.017 0.949 7193.1 3.5235 13.850747 0.597001 14.070664 13.473663 "" "" 2027.04749 2178.04053 54281.02343 11.667 32148.0 17.125 32336.0 22.593 "" "" 0.00276518508588204 0.0028494827 0.0038547632 0.0067042457 202.96303157299 -61.5132862005 2083.66846 -3.453 -1.863 1.0
202.71527941268 -61.41294157901 0.0094 0.0114 6.7835 "" "" 5868467773706406912 2142.6709 0.4285 0.0154 -3.47 -1.825 0.012 0.015 0.95 "" "" 13.916698 0.645344 14.158771 13.513427 "" "" 2069.30835 2209.19604 51081.92857 8.4598 29642.0 15.908 31174.0 16.093 "" "" 0.0027611811825714624 0.0028503628 0.0038207169 0.0066710794 202.71527941268 -61.41294157901 2142.6709 -3.47 -1.8249999999999995 1.0
202.24395433683 -61.1893852823 0.009 0.0116 12.4494 "" "" 5868668949969939840 1949.04724 0.4778 0.0154 -3.462 -1.597 0.011 0.015 0.977 "" "" 13.932661 0.537582 14.130027 13.592444 "" "" 1896.17932 2007.38367 50336.41473 12.257 30437.0 14.301 28985.0 11.262 "" "" 0.002767974967139805 0.002836422 0.0038028532 0.0066392752 202.24395433683 -61.1893852823 1949.04724 -3.462 -1.597 0.8
202.48222689897 -61.30249977932 0.0091 0.011 2.951 "" "" 5868654965555008896 1945.4707 0.4759 0.0146 -3.431 -1.892 0.013 0.015 0.944 "" "" 13.944815 0.600757 14.167478 13.566721 "" "" 1884.74829 2009.9187 49776.10066 10.08 29405.0 18.003 29680.0 12.653 "" "" 0.0027640788290940045 0.0028682607 0.0038076201 0.006675881 202.48222689897 -61.30249977932 1945.4707 -3.431 -1.8920000000000001 1.0
202.52009366282 -61.36069559856 0.0144 0.0197 2.8676 "" "" 5868651559593841536 2254.57178 0.4157 0.0253 -3.468 -1.93 0.02 0.027 1.458 10810.0 3.8362 13.998481 0.666399 14.144073 13.477674 "" "" 2125.16943 2411.34131 47375.55462 18.754 30046.0 111.6 32217.0 166.42 "" "" 0.0027886404016223337 0.0049038925 0.0067630396 0.011666932 202.52009366282 -61.36069559856 2254.57178 -3.468000000000001 -1.9300000000000002 0.9
202.51054387079 -61.37556660797 0.0103 0.0119 3.768 "" "" 5868650808026564480 2018.97961 0.4547 0.0168 -3.443 -1.783 0.013 0.015 1.016 7158.8 3.6018 14.025921 0.668045 14.274682 13.606637 "" "" 1941.8136 2098.90771 46193.24221 9.137 26641.0 15.905 28609.0 12.803 "" "" 0.0027636769761707593 0.0028644735 0.003810487 0.0066749603 202.51054387079 -61.37556660797 2018.97961 -3.4429999999999996 -1.783 1.0
