Clusters/NGC_6520/NGC_6520_stars_in_region.tsv
# %ECSV 1.0
# ---
# datatype:
# - name: RA_ICRS_1
#   unit: deg
#   datatype: float64
#   format: '{:15.11f}'
#   description: Right ascension (ICRS) at Ep=2016.0 (ra)
#   meta: !!omap
#   - {ucd: POS_EQ_RA_MAIN}
#   - {width: 15}
#   - {precision: '11'}
# - name: DE_ICRS_1
#   unit: deg
#   datatype: float64
#   format: '{:15.11f}'
#   description: Declination (ICRS) at Ep=2016.0 (dec)
#   meta: !!omap
#   - {ucd: POS_EQ_DEC_MAIN}
#   - {width: 15}
#   - {precision: '11'}
# - name: e_RA_ICRS
#   unit: mas
#   datatype: float64
#   format: '{:7.4f}'
#   description: Standard error of right ascension (ra_error)
#   meta: !!omap
#   - {ucd: ERROR}
#   - {width: 7}
#   - {precision: '4'}
# - name: e_DE_ICRS
#   unit: mas
#   datatype: float64
#   format: '{:7.4f}'
#   description: Standard error of declination (dec_error)
#   meta: !!omap
#   - {ucd: ERROR}
#   - {width: 7}
#   - {precision: '4'}
# - name: _r_1
#   unit: ''
#   datatype: float64
#   format: '{:7.4f}'
#   description: Distance from center (270.85540765000-27.88019444000)[ICRS], at Epoch=J2016.0
#   meta: !!omap
#   - {ucd: POS_ANG_DIST_GENERAL}
#   - {width: 7}
#   - {precision: '4'}
# - name: HIP
#   datatype: int32
#   description: '? HIP cross-id number, van Leeuwen, Cat. I/311 (hip_original_ext_source_id)'
#   meta: !!omap
#   - {ucd: ID_NUMBER}
#   - {width: 6}
#   - values: {'null': -2147483648}
# - name: TYC2
#   datatype: string
#   description: Tycho-2 cross-id name, Hog et al., Cat. I/259 (tyc2_original_ext_source_id)
#   meta: !!omap
#   - {ucd: ID_CROSSID}
#   - {_votable_string_dtype: char}
# - name: Source
#   datatype: int64
#   description: Source identifier, identical to the Gaia-EDR3 source_id (id)
#   meta: !!omap
#   - {ucd: ID_MAIN}
#   - {width: 19}
# - name: rgeo
#   unit: pc
#   datatype: float64
#   format: '{:15.8f}'
#   description: '? Median of the geometric distance posterior (r_med_geo)'
#   meta: !!omap
#   - {ucd: PHYS_DISTANCE_TRUE}
#   - {width: 15}
#   - {precision: '8'}
#   - values: {'null': .nan}
# - name: Plx
#   unit: mas
#   datatype: float64
#   format: '{:9.4f}'
#   description: '? Parallax (parallax)'
#   meta: !!omap
#   - {ucd: POS_PARLX_TRIG}
#   - {width: 9}
#   - {precision: '4'}
#   - values: {'null': .nan}
# - name: e_Plx
#   unit: mas
#   datatype: float32
#   format: '{:7.4f}'
#   description: '? Standard error of parallax (parallax_error)'
#   meta: !!omap
#   - {ucd: ERROR}
#   - {width: 7}
#   - {precision: '4'}
#   - values: {'null': .nan}
# - name: pmRA
#   unit: mas / yr
#   datatype: float64
#   format: '{:9.3f}'
#   description: '? Proper motion in right ascension direction, pmRA*cosDE (pmra)'
#   meta: !!omap
#   - {ucd: POS_EQ_PMRA}
#   - {width: 9}
#   - {precision: '3'}
#   - values: {'null': .nan}
# - name: pmDE
#   unit: mas / yr
#   datatype: float64
#   format: '{:9.3f}'
#   description: '? Proper motion in declination direction (pmdec)'
#   meta: !!omap
#   - {ucd: POS_EQ_PMDEC}
#   - {width: 9}
#   - {precision: '3'}
#   - values: {'null': .nan}
# - name: e_pmRA
#   unit: mas / yr
#   datatype: float32
#   format: '{:6.3f}'
#   description: '? Standard error of proper motion in right ascension direction (pmra_error)'
#   meta: !!omap
#   - {ucd: ERROR}
#   - {width: 6}
#   - {precision: '3'}
#   - values: {'null': .nan}
# - name: e_pmDE
[...]
#         value: !astropy.table.SerializedColumn {name: SkyCoord.dec}
#       distance: !astropy.table.SerializedColumn
#         __class__: astropy.coordinates.distances.Distance
#         unit: !astropy.units.Unit {unit: pc}
#         value: !astropy.table.SerializedColumn {name: SkyCoord.distance}
#       frame: icrs
#       obstime: !astropy.time.Time {format: jyear_str, in_subfmt: '*', jd1: 367701545.0, jd2: 0.0, out_subfmt: '*', precision: 3, scale: tt}
#       pm_dec: !astropy.table.SerializedColumn
#         __class__: astropy.units.quantity.Quantity
#         unit: !astropy.units.Unit {unit: mas / yr}
#         value: !astropy.table.SerializedColumn {name: SkyCoord.pm_dec}
#       pm_ra_cosdec: !astropy.table.SerializedColumn
#         __class__: astropy.units.quantity.Quantity
#         unit: !astropy.units.Unit {unit: mas / yr}
#         value: !astropy.table.SerializedColumn {name: SkyCoord.pm_ra_cosdec}
#       ra: !astropy.table.SerializedColumn
#         __class__: astropy.coordinates.angles.Longitude
#         unit: *id001
#         value: !astropy.table.SerializedColumn {name: SkyCoord.ra}
#         wrap_angle: !astropy.coordinates.Angle
#           unit: *id001
#           value: 360.0
#       representation_type: spherical
# schema: astropy-2.0
RA_ICRS_1 DE_ICRS_1 e_RA_ICRS e_DE_ICRS _r_1 HIP TYC2 Source rgeo Plx e_Plx pmRA pmDE e_pmRA e_pmDE RUWE Teff logg Gmag BP-RP BPmag RPmag RV e_RV b_rgeo B_rgeo FG e_FG FBP e_FBP FRP e_FRP RAVE5 RAVE6 e_Gmag e_BPmag e_RPmag e_BP-RP SkyCoord.ra SkyCoord.dec SkyCoord.distance SkyCoord.pm_ra_cosdec SkyCoord.pm_dec rmRA rmDE e_rmRA e_rmDE rRV e_rRV v_pec v_pec3d e_vpec e_vpec3d
[from data line 2703]
270.6325831092 -28.05962708908 0.0516 0.0421 15.9791 "" "" 4062526036770680320 1948.3075 0.5043 0.0569 0.149 1.98 0.073 0.046 0.976 5466.2 4.6221 16.302221 1.125471 16.739048 15.613577 "" "" 1746.48669 2131.48608 5676.20682 4.3081 2752.9 32.944 4505.3 55.373 "" "" 0.0028759072603494642 0.013289233 0.01386926 0.027158493 270.6325831092 -28.05962708908 1948.3075 0.14900000000000002 1.9800000000000004 -0.5196470508575439 2.422764699459076 0.1875949 0.16059491 "" "" 22.883040483024665 "" 3.7042400060161222 ""
270.90342337367 -28.16854962125 0.0816 0.0697 17.4872 "" "" 4062510334662432896 1490.78699 0.6555 0.072 0.223 -1.599 0.096 0.068 1.362 5133.3 4.5988 16.3024 1.218804 16.753023 15.534219 "" "" 1378.07422 1656.90161 5675.27296 7.0112 2717.7 32.519 4847.0 45.394 "" "" 0.003064458845647404 0.013287764 0.010847982 0.024135746 270.90342337367 -28.16854962125 1490.78699 0.22299999999999998 -1.599000000000001 -0.44564705085754397 -1.156235300540924 0.2105949 0.18259491 "" "" 8.756210845745183 "" 1.6326250679513323 ""
271.04844076078 -27.8224508541 0.0823 0.0695 10.8106 "" "" 4062908533756910464 1989.8584 0.5545 0.0966 1.592 -0.951 0.102 0.07 1.127 "" "" 16.302418 1.934713 16.647696 14.712982 "" "" 1624.65942 2521.87012 5675.17521 15.806 2994.6 75.363 10327.0 198.6 "" "" 0.004090934294306636 0.027466048 0.021219235 0.048685282 271.04844076078 -27.8224508541 1989.8584 1.5920000000000012 -0.951 0.9233529491424561 -0.508235300540924 0.2165949 0.1845949 "" "" 9.941108849563047 "" 2.083563415406821 ""
271.05599637493 -27.90344965336 0.1822 0.1602 10.7283 "" "" 4062906987567902464 1683.10706 0.9628 0.2235 -3.073 -9.881 0.184 0.153 1.604 "" "" 16.305717 2.189265 17.27792 15.088655 "" "" 1119.91577 2328.81274 5657.95866 11.772 1675.9 25.734 7306.3 72.924 "" "" 0.0035629814156956457 0.016903704 0.011476844 0.028380547 271.05599637493 -27.90344965336 1683.10706 -3.0729999999999995 -9.881000000000007 -3.741647050857544 -9.438235300540924 0.2985949 0.2675949 "" "" 80.99864000558111 "" 22.032650730719766 ""
270.62090637424 -27.76423257061 0.1061 0.0874 14.2567 "" "" 4063097374839443968 1649.19336 0.6528 0.107 -2.898 5.508 0.116 0.092 1.846 "" "" 16.30576 1.606665 16.545399 14.938734 "" "" 1435.64026 1945.9939 5657.73952 10.55 3290.5 55.529 8388.1 242.6 "" "" 0.0034191654253477215 0.018533623 0.0316282 0.050161824 270.62090637424 -27.76423257061 1649.19336 -2.8980000000000024 5.508 -3.566647050857544 5.950764699459076 0.2305949 0.20659491 "" "" 54.23372722397693 "" 11.562668526374823 ""
270.6038717099 -28.13617462285 0.0759 0.0687 20.3331 "" "" 4062524422163088640 1894.74011 0.5478 0.0862 0.24 -0.192 0.099 0.068 1.518 "" "" 16.307411 1.353175 16.468958 15.115783 "" "" 1641.31287 2415.40698 5649.13688 11.219 3530.5 66.82 7126.0 96.339 "" "" 0.003498734669001447 0.020737741 0.01515721 0.035894953 270.6038717099 -28.13617462285 1894.74011 0.24 -0.192 -0.42864705085754395 0.2507646994590759 0.21359491 0.18259491 "" "" 4.460085858039321 "" 0.9193748306235632 ""
271.04358779174 -27.98409471084 0.083 0.0726 11.7632 "" "" 4062888910240231808 1519.74524 0.6657 0.0658 4.065 -0.514 0.097 0.069 1.089 5345.8 4.7037 16.308058 1.253567 16.685698 15.432131 "" "" 1383.28223 1772.21655 5645.77481 6.1839 2891.6 24.678 5324.8 79.9 "" "" 0.003001006511222933 0.009677049 0.016724382 0.02640143 271.04358779174 -27.98409471084 1519.74524 4.065 -0.514 3.3963529491424564 -0.07123530054092408 0.21159491 0.18359491 "" "" 24.47132324760396 "" 5.177726060168923 ""
271.12764931468 -27.99432323902 0.0595 0.0525 15.9732 "" "" 4062893690283132800 1953.72058 0.5221 0.0702 0.258 -2.654 0.071 0.05 0.981 5292.3 4.6532 16.309439 1.253765 16.70362 15.449856 "" "" 1733.14612 2408.35669 5638.59924 5.2269 2844.3 31.534 5238.6 39.486 "" "" 0.0029333862142106298 0.012356412 0.00901429 0.021370701 271.12764931468 -27.99432323902 1953.72058 0.258 -2.654 -0.41064705085754394 -2.211235300540924 0.18559492 0.1645949 "" "" 20.827563725830146 "" 3.443587530073043 ""
270.942454043 -27.66324163042 0.0627 0.0542 13.8131 "" "" 4063102563162445824 1655.64246 0.6383 0.0854 -2.487 -4.966 0.085 0.058 1.329 5362.7 4.6507 16.31127 1.45601 16.82031 15.364301 "" "" 1476.19507 1872.56189 5629.10007 7.153 2554.4 38.386 5668.1 86.411 "" "" 0.003081438637755287 0.016552653 0.016978197 0.03353085 270.942454043 -27.66324163042 1655.64246 -2.487 -4.966000000000001 -3.155647050857544 -4.523235300540924 0.19959491 0.1725949 "" "" 43.28212289620364 "" 7.871977699316718 ""
270.55362485639 -27.88058352218 0.0842 0.0707 16.0052 "" "" 4062720482886766208 1383.3949 0.749 0.0876 -2.909 -7.841 0.114 0.076 1.482 "" "" 16.311611 2.277146 17.392996 15.115849 "" "" 1232.04443 1624.50391 5627.33005 9.4786 1507.4 33.768 7125.6 46.166 "" "" 0.003307007208257884 0.02448162 0.007985366 0.032466985 270.55362485639 -27.88058352218 1383.3949 -2.909 -7.841000000000003 -3.5776470508575438 -7.398235300540924 0.2285949 0.19059491 "" "" 53.88699437783281 "" 10.688858545384196 ""
270.63436979238 -27.86561482849 0.0536 0.0433 11.7563 "" "" 4063092770583108736 1954.73242 0.5272 0.0577 -0.439 -3.096 0.07 0.047 1.164 "" "" 16.312073 1.32463 16.654318 15.329688 "" "" 1765.61975 2178.73071 5624.94161 4.2272 2976.4 30.715 5851.7 54.758 "" "" 0.002873595329845144 0.011546457 0.010840086 0.022386543 270.63436979238 -27.86561482849 1954.73242 -0.4389999999999998 -3.096 -1.107647050857544 -2.653235300540924 0.1845949 0.1615949 "" "" 26.639589698725768 "" 4.4011511833696115 ""
271.10256660675 -27.83121653588 0.0679 0.0586 13.4365 "" "" 4062907636287195776 1991.12317 0.5384 0.0808 1.458 -0.735 0.085 0.059 1.051 5280.3 4.6333 16.31248 1.363668 16.964674 15.601006 "" "" 1733.10156 2505.51855 5622.81761 3.8055 2236.4 43.842 4557.8 79.71 "" "" 0.0028516227907248023 0.021466687 0.019360585 0.040827274 271.10256660675 -27.83121653588 1991.12317 1.4580000000000015 -0.735 0.789352949142456 -0.29223530054092406 0.19959491 0.1735949 "" "" 7.944016308433108 "" 1.5621362086368098 ""
270.9413846153 -27.8272656376 0.0535 0.0471 5.5577 "" "" 4062911316896557696 1756.85693 0.5666 0.0656 0.662 -0.618 0.066 0.048 0.977 5277.3 4.5931 16.31377 1.259963 16.657404 15.397441 "" "" 1593.25964 1983.55225 5616.15028 5.4927 2967.9 94.216 5497.7 162.03 "" "" 0.002952855886629063 0.034579456 0.03222158 0.06680104 270.9413846153 -27.8272656376 1756.85693 0.6619999999999999 -0.6180000000000001 -0.0066470508575439124 -0.17523530054092407 0.1805949 0.16259491 "" "" 1.4603217469997751 "" 0.2374807435317925 ""
270.72557793278 -27.9155678407 0.0541 0.046 7.2042 "" "" 4063091430602800000 1927.65808 0.5168 0.0619 -0.15 -4.994 0.074 0.054 1.076 "" "" 16.314842 "" "" "" "" "" 1736.3446 2142.53076 5610.60993 13.77 "" "" "" "" "" "" 0.0038330680580573656 "" "" "" 270.72557793278 -27.9155678407 1927.65808 -0.15000000000000008 -4.993999999999998 -0.818647050857544 -4.551235300540924 0.18859491 0.16859491 "" "" 42.25246626287254 "" 7.151550936174326 ""
271.17402326996 -27.68908198562 0.0718 0.0631 20.4336 "" "" 4062934436846319360 1547.03662 0.6671 0.084 -0.833 -1.392 0.085 0.062 1.247 5201.2 4.7317 16.315434 1.167887 16.840214 15.672327 "" "" 1382.31494 1742.573 5607.55388 3.265 2508.0 43.039 4268.0 53.105 "" "" 0.002826911492643524 0.018839736 0.014028078 0.03286781 271.17402326996 -27.68908198562 1547.03662 -0.8329999999999994 -1.3919999999999997 -1.501647050857544 -0.949235300540924 0.19959491 0.17659491 "" "" 13.027073083277669 "" 2.518232840040848 ""
270.53719015785 -27.98005967318 0.0535 0.0437 17.9016 "" "" 4062715152797698304 1656.40857 0.5918 0.0574 3.305 -0.271 0.074 0.048 0.997 5016.8 4.3469 16.316755 1.205537 16.719227 15.51369 "" "" 1525.26062 1830.29175 5600.73124 5.0633 2803.7 62.963 4939.5 89.563 "" "" 0.0029249330539002152 0.02454162 0.02004606 0.04458768 270.53719015785 -27.98005967318 1656.40857 3.305 -0.27100000000000024 2.636352949142456 0.1717646994590759 0.18859491 0.16259491 "" "" 20.742885299990327 "" 3.909879469646036 ""
271.08400432947 -28.02608666734 0.0718 0.0608 14.947 "" "" 4062887711743425152 1976.14417 0.5419 0.079 3.467 -0.927 0.08 0.058 1.241 5448.3 4.6853 16.317633 1.136855 16.751307 15.614451 "" "" 1699.94031 2349.29712 5596.206 4.4924 2722.0 21.937 4501.7 31.871 "" "" 0.0028898870720622393 0.009184196 0.008565631 0.017749827 271.08400432947 -28.02608666734 1976.14417 3.467000000000002 -0.927 2.798352949142456 -0.4842353005409241 0.1945949 0.1725949 "" "" 26.601506693757837 "" 5.160439833484178 ""
270.90806751234 -27.55710702822 0.0544 0.045 19.586 "" "" 4063107304807564800 1908.71155 0.5384 0.0633 -9.351 -14.1 0.071 0.05 1.19 "" "" 16.317833 1.441186 16.6572 15.216014 "" "" 1701.21216 2145.33032 5595.17787 8.2306 2968.5 128.33 6497.6 249.91 "" "" 0.003184750058180851 0.047019873 0.041930143 0.088950016 270.90806751234 -27.55710702822 1908.71155 -9.351 -14.099999999999996 -10.019647050857545 -13.657235300540924 0.18559492 0.1645949 "" "" 153.24773399517528 "" 26.394538071922252 ""
270.60449160011 -28.07954699656 0.1192 0.1005 17.8838 "" "" 4062525899337049728 1801.57983 0.7235 0.1342 -4.37 -5.321 0.162 0.104 2.682 3945.7 4.1097 16.317879 2.059562 17.103838 15.044276 "" "" 1401.15149 3848.85425 5594.93825 9.9559 1967.4 48.438 7611.1 119.37 "" "" 0.003365182732048366 0.026876384 0.0174427 0.044319086 270.60449160011 -28.07954699656 1801.57983 -4.37 -5.321 -5.038647050857544 -4.878235300540924 0.2765949 0.21859491 "" "" 59.88924320675413 "" 14.985324712698418 ""
270.64121048421 -28.00088691781 0.0851 0.0716 13.4665 "" "" 4062715397589987584 1966.94568 0.5512 0.0868 1.22 -1.028 0.122 0.079 1.48 "" "" 16.317999 1.508828 16.535505 15.026677 "" "" 1676.84009 2358.5769 5594.32234 11.641 3320.6 32.838 7735.5 77.685 "" "" 0.0035631539169808375 0.011093646 0.011540103 0.02263375 270.64121048421 -28.00088691781 1966.94568 1.22 -1.028 0.551352949142456 -0.5852353005409241 0.23659492 0.1935949 "" "" 7.496382856637855 "" 1.6108873625412967 ""
271.17238972736 -28.00067137724 0.0719 0.0613 18.291 "" "" 4062893548563153920 1961.09839 0.5614 0.0977 3.582 -8.589 0.089 0.059 1.12 5523.8 4.6939 16.318403 1.17762 16.799164 15.621544 "" "" 1601.23071 2443.32812 5592.23685 4.857 2604.7 36.224 4472.4 61.862 "" "" 0.0029122188278711963 0.015355142 0.015486104 0.030841246 271.17238972736 -28.00067137724 1961.09839 3.5820000000000016 -8.589 2.913352949142456 -8.146235300540924 0.20359491 0.1735949 "" "" 80.4211118753769 "" 14.25482240685125 ""
271.17621394867 -27.95104100501 0.0733 0.0676 17.5317 "" "" 4062894235923487360 1919.99841 0.6032 0.1143 -1.222 -1.994 0.093 0.059 1.247 5100.2 4.7398 16.319002 1.156538 16.708338 15.5518 "" "" 1576.25671 2520.11816 5589.15265 5.1634 2831.9 49.005 4769.1 55.36 "" "" 0.002932210668765652 0.018994318 0.01315776 0.03215208 271.17621394867 -27.95104100501 1919.99841 -1.222 -1.9939999999999996 -1.890647050857544 -1.551235300540924 0.2075949 0.1735949 "" "" 22.256745230419686 "" 4.331849253781336 ""
270.60579388252 -27.78910728393 0.0519 0.0423 14.3273 "" "" 4063096958207350528 1915.328 0.5005 0.0553 -2.31 -6.374 0.068 0.046 0.924 4958.4 4.3832 16.319311 1.327497 16.870047 15.54255 "" "" 1748.45544 2097.69775 5587.55926 6.1746 2440.0 45.561 4809.9 51.005 "" "" 0.0030052160713830954 0.020464553 0.012117778 0.03258233 270.60579388252 -27.78910728393 1915.328 -2.3099999999999983 -6.373999999999997 -2.978647050857544 -5.931235300540924 0.18259491 0.16059491 "" "" 60.256482305175744 "" 9.95807967427868 ""
270.52604959989 -27.96881921014 0.0526 0.0432 18.2523 "" "" 4062715225847674112 2033.95996 0.4896 0.0564 -0.31 -1.794 0.074 0.048 1.006 "" "" 16.319925 1.416986 16.598793 15.181807 "" "" 1786.45105 2325.73853 5584.40325 6.9888 3132.6 83.506 6705.6 179.8 "" "" 0.0030721459719275025 0.029076744 0.029356586 0.05843333 270.52604959989 -27.96881921014 2033.95996 -0.31 -1.7939999999999987 -0.978647050857544 -1.3512353005409241 0.18859491 0.16259491 "" "" 16.085076545309516 "" 2.7663895687714 ""
271.02025373686 -27.66602619538 0.0597 0.0497 15.5471 "" "" 4062915161063089280 1786.10986 0.5522 0.0673 -1.569 -2.534 0.077 0.052 1.208 5372.7 4.6485 16.320507 1.291412 16.717634 15.426222 "" "" 1622.37439 2021.71704 5581.40763 6.2393 2807.8 40.294 5353.9 53.102 "" "" 0.0030107958099618755 0.015828965 0.011412691 0.027241657 271.02025373686 -27.66602619538 1786.10986 -1.5690000000000004 -2.534 -2.237647050857544 -2.091235300540924 0.1915949 0.16659491 "" "" 25.929584310595065 "" 4.676949250100137 ""
270.72113413323 -27.76351956454 0.0517 0.0407 9.9887 "" "" 4063097920258775808 1424.88354 0.703 0.0579 -2.092 -4.56 0.064 0.043 1.026 5370.6 4.6355 16.321787 1.18618 16.84701 15.66083 "" "" 1286.7572 1552.07092 5574.83346 2.9992 2492.4 22.96 4313.5 62.18 "" "" 0.0028165544442338283 0.010383698 0.016100965 0.026484665 270.72113413323 -27.76351956454 1424.88354 -2.0920000000000005 -4.56 -2.760647050857544 -4.117235300540924 0.17859492 0.1575949 "" "" 33.479967087510786 "" 5.503946370813401 ""
270.83095130579 -27.7033036679 0.0683 0.0555 10.6925 "" "" 4063101493671800960 1739.76624 0.6111 0.0875 -4.226 -11.975 0.087 0.061 1.224 4627.1 4.1757 16.32216 1.902608 17.166063 15.263455 "" "" 1518.38696 1985.34851 5572.9192 6.6721 1857.8 32.311 6219.8 60.148 "" "" 0.003046552793110937 0.01908823 0.011159008 0.030247238 270.83095130579 -27.7033036679 1739.76624 -4.225999999999996 -11.975000000000001 -4.894647050857544 -11.532235300540924 0.2015949 0.17559491 "" "" 103.31180030207403 "" 18.576182177129784 ""
270.8340197755 -28.03820627466 0.0548 0.047 9.5482 "" "" 4062899183523825792 1551.94946 0.6601 0.0566 -1.617 -4.195 0.069 0.05 1.077 5737.6 4.6339 16.322227 1.337293 16.734299 15.397006 "" "" 1420.78516 1699.58899 5572.57148 5.4192 2765.0 48.936 5499.9 157.62 "" "" 0.002950697700927499 0.019417275 0.031344473 0.050761748 270.8340197755 -28.03820627466 1551.94946 -1.617 -4.195 -2.285647050857544 -3.7522353005409244 0.18359491 0.1645949 "" "" 32.32015299769212 "" 5.492704716206714 ""
270.80919384811 -27.7511987693 0.0833 0.0692 8.119 "" "" 4063095278894189440 1592.25232 0.6787 0.1072 -2.502 -6.044 0.109 0.077 1.519 4841.0 4.3167 16.322676 2.023233 17.261822 15.238589 "" "" 1334.00256 1861.21802 5570.27454 5.6668 1700.9 43.599 6363.9 62.048 "" "" 0.002968471214420726 0.027970081 0.011240352 0.03921043 270.80919384811 -27.7511987693 1592.25232 -2.502 -6.043999999999999 -3.1706470508575437 -5.601235300540924 0.2235949 0.1915949 "" "" 48.577049571825384 "" 9.707236022585604 ""
270.73796820335 -27.92491892372 0.3442 0.2789 6.7808 "" "" 4062903757750580992 1493.24561 1.7134 0.387 -1.692 -5.781 0.437 0.29 9.446 "" "" 16.323025 2.263594 17.042213 14.77862 "" "" 917.117188 2067.18091 5568.48325 41.772 2082.2 60.471 9721.0 120.21 "" "" 0.00859809176266346 0.031655025 0.01394802 0.045603044 270.73796820335 -27.92491892372 1493.24561 -1.6920000000000004 -5.780999999999996 -2.360647050857544 -5.338235300540924 0.5515949 0.4045949 "" "" 41.31349139128323 "" 17.85049264105239 ""
271.16177964356 -27.89813080629 0.0616 0.0545 16.2829 "" "" 4062895266514718720 1483.4071 0.6642 0.0786 -0.286 -3.817 0.072 0.052 1.065 4801.4 4.6012 16.323183 1.453213 16.927504 15.474291 "" "" 1343.13525 1670.98804 5567.66907 5.0639 2314.3 38.92 5122.0 79.462 "" "" 0.002926933670554342 0.018470973 0.017262755 0.03573373 271.16177964356 -27.89813080629 1483.4071 -0.2859999999999999 -3.817 -0.954647050857544 -3.3742353005409242 0.1865949 0.16659491 "" "" 24.6567034636616 "" 4.146241565159405 ""
