Clusters/NGC_6520/NGC_6520_stars_in_region.tsv
# %ECSV 1.0
# ---
# datatype:
# - name: RA_ICRS_1
#   unit: deg
#   datatype: float64
#   format: '{:15.11f}'
#   description: Right ascension (ICRS) at Ep=2016.0 (ra)
#   meta: !!omap
#   - {ucd: POS_EQ_RA_MAIN}
#   - {width: 15}
#   - {precision: '11'}
# - name: DE_ICRS_1
#   unit: deg
#   datatype: float64
#   format: '{:15.11f}'
#   description: Declination (ICRS) at Ep=2016.0 (dec)
#   meta: !!omap
#   - {ucd: POS_EQ_DEC_MAIN}
#   - {width: 15}
#   - {precision: '11'}
# - name: e_RA_ICRS
#   unit: mas
#   datatype: float64
#   format: '{:7.4f}'
#   description: Standard error of right ascension (ra_error)
#   meta: !!omap
#   - {ucd: ERROR}
#   - {width: 7}
#   - {precision: '4'}
# - name: e_DE_ICRS
#   unit: mas
#   datatype: float64
#   format: '{:7.4f}'
#   description: Standard error of declination (dec_error)
#   meta: !!omap
#   - {ucd: ERROR}
#   - {width: 7}
#   - {precision: '4'}
# - name: _r_1
#   unit: ''
#   datatype: float64
#   format: '{:7.4f}'
#   description: Distance from center (270.85540765000-27.88019444000)[ICRS], at Epoch=J2016.0
#   meta: !!omap
#   - {ucd: POS_ANG_DIST_GENERAL}
#   - {width: 7}
#   - {precision: '4'}
# - name: HIP
#   datatype: int32
#   description: '? HIP cross-id number, van Leeuwen, Cat. I/311 (hip_original_ext_source_id)'
#   meta: !!omap
#   - {ucd: ID_NUMBER}
#   - {width: 6}
#   - values: {'null': -2147483648}
# - name: TYC2
#   datatype: string
#   description: Tycho-2 cross-id name, Hog et al., Cat. I/259 (tyc2_original_ext_source_id)
#   meta: !!omap
#   - {ucd: ID_CROSSID}
#   - {_votable_string_dtype: char}
# - name: Source
#   datatype: int64
#   description: Source identifier, identical to the Gaia-EDR3 source_id (id)
#   meta: !!omap
#   - {ucd: ID_MAIN}
#   - {width: 19}
# - name: rgeo
#   unit: pc
#   datatype: float64
#   format: '{:15.8f}'
#   description: '? Median of the geometric distance posterior (r_med_geo)'
#   meta: !!omap
#   - {ucd: PHYS_DISTANCE_TRUE}
#   - {width: 15}
#   - {precision: '8'}
#   - values: {'null': .nan}
# - name: Plx
#   unit: mas
#   datatype: float64
#   format: '{:9.4f}'
#   description: '? Parallax (parallax)'
#   meta: !!omap
#   - {ucd: POS_PARLX_TRIG}
#   - {width: 9}
#   - {precision: '4'}
#   - values: {'null': .nan}
# - name: e_Plx
#   unit: mas
#   datatype: float32
#   format: '{:7.4f}'
#   description: '? Standard error of parallax (parallax_error)'
#   meta: !!omap
#   - {ucd: ERROR}
#   - {width: 7}
#   - {precision: '4'}
#   - values: {'null': .nan}
# - name: pmRA
#   unit: mas / yr
#   datatype: float64
#   format: '{:9.3f}'
#   description: '? Proper motion in right ascension direction, pmRA*cosDE (pmra)'
#   meta: !!omap
#   - {ucd: POS_EQ_PMRA}
#   - {width: 9}
#   - {precision: '3'}
#   - values: {'null': .nan}
# - name: pmDE
#   unit: mas / yr
#   datatype: float64
#   format: '{:9.3f}'
#   description: '? Proper motion in declination direction (pmdec)'
#   meta: !!omap
#   - {ucd: POS_EQ_PMDEC}
#   - {width: 9}
#   - {precision: '3'}
#   - values: {'null': .nan}
# - name: e_pmRA
#   unit: mas / yr
#   datatype: float32
#   format: '{:6.3f}'
#   description: '? Standard error of proper motion in right ascension direction (pmra_error)'
#   meta: !!omap
#   - {ucd: ERROR}
#   - {width: 6}
#   - {precision: '3'}
#   - values: {'null': .nan}
# - name: e_pmDE
[...]
#         value: !astropy.table.SerializedColumn {name: SkyCoord.dec}
#       distance: !astropy.table.SerializedColumn
#         __class__: astropy.coordinates.distances.Distance
#         unit: !astropy.units.Unit {unit: pc}
#         value: !astropy.table.SerializedColumn {name: SkyCoord.distance}
#       frame: icrs
#       obstime: !astropy.time.Time {format: jyear_str, in_subfmt: '*', jd1: 367701545.0, jd2: 0.0, out_subfmt: '*', precision: 3, scale: tt}
#       pm_dec: !astropy.table.SerializedColumn
#         __class__: astropy.units.quantity.Quantity
#         unit: !astropy.units.Unit {unit: mas / yr}
#         value: !astropy.table.SerializedColumn {name: SkyCoord.pm_dec}
#       pm_ra_cosdec: !astropy.table.SerializedColumn
#         __class__: astropy.units.quantity.Quantity
#         unit: !astropy.units.Unit {unit: mas / yr}
#         value: !astropy.table.SerializedColumn {name: SkyCoord.pm_ra_cosdec}
#       ra: !astropy.table.SerializedColumn
#         __class__: astropy.coordinates.angles.Longitude
#         unit: *id001
#         value: !astropy.table.SerializedColumn {name: SkyCoord.ra}
#         wrap_angle: !astropy.coordinates.Angle
#           unit: *id001
#           value: 360.0
#       representation_type: spherical
# schema: astropy-2.0
RA_ICRS_1 DE_ICRS_1 e_RA_ICRS e_DE_ICRS _r_1 HIP TYC2 Source rgeo Plx e_Plx pmRA pmDE e_pmRA e_pmDE RUWE Teff logg Gmag BP-RP BPmag RPmag RV e_RV b_rgeo B_rgeo FG e_FG FBP e_FBP FRP e_FRP RAVE5 RAVE6 e_Gmag e_BPmag e_RPmag e_BP-RP SkyCoord.ra SkyCoord.dec SkyCoord.distance SkyCoord.pm_ra_cosdec SkyCoord.pm_dec rmRA rmDE e_rmRA e_rmDE rRV e_rRV v_pec v_pec3d e_vpec e_vpec3d
[from data line 3060]
270.67043272634 -27.99187595006 0.0635 0.0495 11.8762 "" "" 4062528132714776320 1744.84387 0.5746 0.0662 -0.049 -4.058 0.089 0.059 1.018 5204.2 4.651 16.496004 1.333196 17.038984 15.705789 "" "" 1566.39624 1940.36536 4748.37521 4.5093 2088.4 32.169 4138.5 57.761 "" "" 0.0029419204726849417 0.016955458 0.015617796 0.032573253 270.67043272634 -27.99187595006 1744.84387 -0.04899999999999994 -4.058 -0.717647050857544 -3.615235300540924 0.20359491 0.1735949 "" "" 30.483430052351547 "" 5.329300456947846 ""
270.57554710645 -27.64966563755 0.0674 0.0558 20.2999 "" "" 4063112179539497984 1834.40381 0.5555 0.0685 1.329 -3.848 0.083 0.056 1.009 5141.4 4.6281 16.496763 1.364432 17.067642 15.70321 "" "" 1632.34863 2045.52185 4745.05727 3.422 2034.0 40.73 4148.3 63.259 "" "" 0.002864416420699981 0.021919718 0.016982678 0.038902394 270.57554710645 -27.64966563755 1834.40381 1.3290000000000004 -3.848 0.660352949142456 -3.405235300540924 0.19759491 0.1705949 "" "" 30.16036998721431 "" 5.176956797002566 ""
270.54757254587 -27.84614051451 0.0773 0.0639 16.4561 "" "" 4062721341880077184 1571.54688 0.6395 0.0813 -1.09 -1.955 0.104 0.069 1.35 5021.9 4.5905 16.497444 1.385921 16.974888 15.588967 "" "" 1395.67407 1774.49707 4742.07818 6.3613 2215.4 26.383 4608.6 120.42 "" "" 0.0031165836359828554 0.013227556 0.028620278 0.041847833 270.54757254587 -27.84614051451 1571.54688 -1.09 -1.955 -1.758647050857544 -1.5122353005409241 0.21859491 0.18359491 "" "" 17.277643619022466 "" 3.5324180000606793 ""
270.77790396132 -28.15477504047 0.2005 0.1781 16.9786 "" "" 4062522124158429312 2016.78772 0.6092 0.1688 -2.164 -3.857 0.244 0.173 2.694 "" "" 16.497883 1.744025 17.043375 15.29935 "" "" 1576.92651 2669.39233 4740.16921 14.183 2080.0 72.752 6017.5 125.12 "" "" 0.004259730432050147 0.038078073 0.022889543 0.060967617 270.77790396132 -28.15477504047 2016.78772 -2.164 -3.857 -2.832647050857544 -3.4142353005409243 0.3585949 0.2875949 "" "" 42.409281928257734 "" 13.505599752252746 ""
270.8409432086 -27.56537707659 0.0593 0.0486 18.9047 "" "" 4063107781504150016 1487.64172 0.6932 0.0803 -0.923 -2.006 0.075 0.051 0.953 5124.4 4.6791 16.49861 1.302143 17.071 15.768856 "" "" 1330.52527 1706.97949 4736.99915 3.4215 2027.8 20.364 3905.0 50.559 "" "" 0.0028647494318520435 0.011254749 0.014556485 0.025811234 270.8409432086 -27.56537707659 1487.64172 -0.9229999999999999 -2.0059999999999993 -1.591647050857544 -1.5632353005409239 0.18959491 0.1655949 "" "" 15.731222443215827 "" 2.803545453922437 ""
271.09199194106 -27.6477519906 0.0671 0.0561 18.7691 "" "" 4062938461035849728 1898.7417 0.5658 0.0755 -3.145 -5.219 0.093 0.062 1.11 4816.5 4.4527 16.499434 1.346481 16.888262 15.54178 "" "" 1635.41272 2267.99146 4733.40422 4.843 2399.5 61.707 4813.3 120.62 "" "" 0.0029708302826383245 0.028060514 0.027469493 0.055530008 271.09199194106 -27.6477519906 1898.7417 -3.145000000000002 -5.219000000000003 -3.813647050857544 -4.776235300540924 0.2075949 0.17659491 "" "" 55.008058522625696 "" 10.411301514319158 ""
271.00158781986 -28.17823393787 0.1049 0.0947 19.4864 "" "" 4062881767451006208 1643.27319 0.6938 0.1239 2.521 -2.858 0.126 0.086 1.647 "" "" 16.49966 1.599748 16.375092 14.775344 "" "" 1370.93579 2056.05981 4732.40792 16.143 3849.3 837.79 9750.4 4030.9 "" "" 0.004616122540161778 0.23632409 0.44886863 0.6851927 271.00158781986 -28.17823393787 1643.27319 2.521 -2.8579999999999997 1.852352949142456 -2.415235300540924 0.24059491 0.2005949 "" "" 23.708321910000464 "" 5.127482921031317 ""
270.91122189973 -28.15260408444 0.0885 0.0768 16.6098 "" "" 4062885753238578560 1936.72607 0.5439 0.0785 -0.035 -5.854 0.101 0.075 1.342 5449.1 4.6975 16.499819 1.303212 16.974056 15.670844 "" "" 1641.81641 2330.78687 4731.72024 4.7044 2217.1 24.053 4273.9 78.408 "" "" 0.0029592294540364524 0.012104948 0.02027405 0.032378998 270.91122189973 -28.15260408444 1936.72607 -0.03499999999999989 -5.854 -0.703647050857544 -5.411235300540924 0.21559492 0.18959491 "" "" 50.093802173045795 "" 9.520643409188429 ""
270.55961457499 -27.87850072727 0.0678 0.0566 15.688 "" "" 4062720517246458880 1610.51025 0.6181 0.0727 -4.11 2.457 0.096 0.061 1.036 5119.4 4.6991 16.500767 1.269176 17.011438 15.742262 "" "" 1486.99915 1788.6908 4727.59304 3.8267 2142.1 24.57 4001.8 92.112 "" "" 0.002892083151662933 0.012762189 0.025275247 0.038037434 270.55961457499 -27.87850072727 1610.51025 -4.11 2.457 -4.778647050857544 2.899764699459076 0.2105949 0.17559491 "" "" 42.67031657540992 "" 8.609736454235993 ""
270.54928853217 -27.75031133563 0.08 0.0694 18.0175 "" "" 4063109018493383936 1846.82751 0.5587 0.0807 -1.057 -2.861 0.087 0.065 1.261 5520.1 4.683 16.501587 1.335371 16.942516 15.607145 "" "" 1625.89368 2208.01929 4724.02344 5.8746 2282.5 24.135 4532.1 55.787 "" "" 0.003068349060199241 0.011814692 0.013888764 0.025703456 270.54928853217 -27.75031133563 1846.82751 -1.0569999999999988 -2.8609999999999998 -1.7256470508575439 -2.4182353005409243 0.2015949 0.1795949 "" "" 26.00637031082764 "" 4.87117311994125 ""
270.54905430494 -27.93089514187 0.0627 0.0519 16.5262 "" "" 4062719795692430720 1447.44604 0.687 0.0675 1.241 -3.733 0.087 0.057 1.141 5002.8 4.6463 16.501686 1.282785 17.009567 15.726782 "" "" 1310.31396 1602.15674 4723.58928 4.3183 2145.8 93.722 4059.2 139.06 "" "" 0.002928651898824528 0.047503654 0.03738665 0.084890306 270.54905430494 -27.93089514187 1447.44604 1.241000000000001 -3.733 0.5723529491424562 -3.290235300540924 0.2015949 0.1715949 "" "" 22.912958818766434 "" 3.953640549312878 ""
271.01713837664 -27.56049471894 0.0631 0.0544 21.0176 "" "" 4063127577063354368 1632.51074 0.6105 0.0806 1.44 -2.598 0.084 0.056 1.126 "" "" 16.501871 1.600162 17.214733 15.614571 "" "" 1408.29297 1910.10303 4722.78817 3.743 1776.3 68.777 4501.2 119.26 "" "" 0.0028865605649425873 0.04213138 0.029013954 0.07114533 271.01713837664 -27.56049471894 1632.51074 1.44 -2.597999999999999 0.771352949142456 -2.155235300540924 0.1985949 0.1705949 "" "" 17.71336413605736 "" 3.0821448959275375 ""
271.19175587261 -27.93441619349 0.1372 0.1242 18.1283 "" "" 4062894373362823296 1565.90405 0.8805 0.1846 -2.481 -3.647 0.164 0.115 1.927 "" "" 16.502045 1.720721 17.124447 15.403726 "" "" 1221.31262 2272.85376 4722.02855 11.303 1930.4 46.578 5466.0 78.222 "" "" 0.00378762021339736 0.026345544 0.015990634 0.042336177 271.19175587261 -27.93441619349 1565.90405 -2.481 -3.6470000000000002 -3.149647050857544 -3.204235300540924 0.2785949 0.22959492 "" "" 33.34906694839912 "" 8.499142740993403 ""
270.54924435951 -27.93164519307 0.0856 0.0723 16.5246 "" "" 4062719791550062464 1662.52673 0.5939 0.0909 -0.613 -2.377 0.123 0.081 1.379 "" "" 16.502508 1.91046 17.168625 15.258164 "" "" 1426.09595 2005.21289 4720.01575 8.0153 1853.4 78.188 6250.2 170.07 "" "" 0.003315295016826275 0.045888048 0.029784 0.075672045 270.54924435951 -27.93164519307 1662.52673 -0.6130000000000002 -2.377 -1.281647050857544 -1.9342353005409239 0.2375949 0.1955949 "" "" 18.284996443479304 "" 3.8271302794413207 ""
270.51459594326 -27.72703489864 0.1139 0.0955 20.2884 "" "" 4063109362094011648 1582.88367 0.754 0.1226 -1.762 -2.98 0.147 0.108 1.902 4888.5 4.502 16.502947 1.223312 16.998388 15.775076 "" "" 1327.94678 2019.7605 4718.10924 9.3308 2168.0 51.314 3882.6 68.529 "" "" 0.0034931811213224453 0.025849119 0.019532677 0.045381796 270.51459594326 -27.72703489864 1582.88367 -1.762 -2.9799999999999995 -2.430647050857544 -2.537235300540924 0.2615949 0.22259492 "" "" 26.3623172945772 "" 6.380836839738105 ""
270.96502889455 -27.84134871886 0.1066 0.0963 6.2646 "" "" 4062911076378054912 1835.89258 0.6909 0.1342 -3.108 -2.529 0.128 0.098 1.776 "" "" 16.50296 1.935862 17.176067 15.240206 "" "" 1391.85535 2674.23267 4718.05512 9.8649 1840.7 22.3 6354.4 60.05 "" "" 0.003570063900257114 0.013446317 0.010934294 0.024380611 270.96502889455 -27.84134871886 1835.89258 -3.108 -2.529 -3.776647050857544 -2.086235300540924 0.24259491 0.2125949 "" "" 37.54587838011038 "" 8.857925311614968 ""
270.51883925579 -27.95206140621 0.0724 0.0607 18.3578 "" "" 4062718176641888000 1392.69739 0.7027 0.0803 0.087 -3.113 0.107 0.069 1.201 "" "" 16.50313 1.344535 16.701834 15.357299 "" "" 1263.30518 1560.63403 4717.31223 7.0591 2848.9 29.157 5704.8 87.226 "" "" 0.003198673262912786 0.011456888 0.017025609 0.028482497 270.51883925579 -27.95206140621 1392.69739 0.08700000000000002 -3.1129999999999995 -0.581647050857544 -2.670235300540924 0.2215949 0.18359491 "" "" 18.040597596229595 "" 3.3462545459255937 ""
271.1896334966 -27.80852497602 0.1068 0.0931 18.2457 "" "" 4062909324029903104 2030.22913 0.5526 0.1123 0.287 0.048 0.139 0.093 1.076 "" "" 16.503704 "" "" "" "" "" 1616.40906 2641.69507 4714.81616 9.0206 "" "" "" "" "" "" 0.0034506347942912605 "" "" "" 271.1896334966 -27.80852497602 2030.22913 0.2870000000000002 0.048 -0.38164705085754397 0.4907646994590759 0.2535949 0.2075949 "" "" 5.982747201298211 "" 1.3522918476601062 ""
270.52428581471 -27.66930560705 0.0985 0.0781 21.6588 "" "" 4063110633351227904 1375.16064 0.769 0.1115 -2.938 -3.492 0.118 0.081 1.764 4822.1 4.3858 16.505339 1.418366 17.072693 15.654326 "" "" 1198.94971 1644.56995 4707.72917 7.6298 2024.6 25.298 4339.4 43.062 "" "" 0.0032692741097450624 0.013850556 0.011417931 0.025268488 270.52428581471 -27.66930560705 1375.16064 -2.9380000000000006 -3.491999999999999 -3.606647050857544 -3.049235300540924 0.2325949 0.1955949 "" "" 30.78506549724575 "" 6.709198588339292 ""
270.90560378749 -28.21498606266 0.0813 0.0678 20.2626 "" "" 4062509376684907008 2016.44446 0.532 0.08 0.573 0.086 0.095 0.068 1.304 "" "" 16.50559 "" "" "" "" "" 1682.63623 2338.01147 4706.63298 4.8556 "" "" "" "" "" "" 0.002974292132379448 "" "" "" 270.90560378749 -28.21498606266 2016.44446 0.5730000000000004 0.086 -0.09564705085754399 0.5287646994590759 0.2095949 0.18259491 "" "" 5.135922154742282 "" 0.9424998399583747 ""
270.80182502383 -27.88930201695 0.3336 0.2728 2.8937 "" "" 4062904273085595392 1920.5564 1.5652 0.4073 -8.327 -2.569 0.453 0.294 4.661 "" "" 16.506285 2.163622 17.435411 15.27179 "" "" 1533.85779 2500.63672 4703.62622 30.536 1449.6 18.442 6172.2 57.425 "" "" 0.007568006626632846 0.014091862 0.010785349 0.024877211 270.80182502383 -27.88930201695 1920.5564 -8.327 -2.5689999999999995 -8.995647050857544 -2.126235300540924 0.5675949 0.4085949 "" "" 84.14774620332611 "" 47.1491296282489 ""
270.91475935539 -27.82237430081 0.0574 0.0492 4.685 "" "" 4062906197291565696 1527.21655 0.66 0.0733 4.595 -8.893 0.076 0.05 1.022 5364.8 4.6955 16.50631 1.196573 16.944647 15.748074 "" "" 1363.92029 1696.40588 4703.51607 4.7354 2278.0 25.233 3980.4 52.848 "" "" 0.0029642281453147613 0.012345926 0.014902582 0.02724851 270.91475935539 -27.82237430081 1527.21655 4.595 -8.893000000000004 3.926352949142456 -8.450235300540925 0.19059491 0.1645949 "" "" 67.45212985069352 "" 11.433332668163471 ""
271.01356739522 -28.04304113291 0.0989 0.0836 12.8733 "" "" 4062887982285391232 1784.95862 0.6429 0.0984 -1.576 -1.259 0.11 0.081 1.465 "" "" 16.50736 1.453764 16.787403 15.333639 "" "" 1504.2605 2166.75439 4698.97132 7.3386 2633.0 21.896 5830.5 63.791 "" "" 0.0032352741224932814 0.009450257 0.012465676 0.021915933 271.01356739522 -28.04304113291 1784.95862 -1.5760000000000012 -1.259 -2.244647050857544 -0.816235300540924 0.2245949 0.1955949 "" "" 20.207945188279368 "" 4.47412062498138 ""
270.77648704163 -27.97632280067 0.0637 0.0562 7.1253 "" "" 4062902658238265344 1564.2843 0.6325 0.0674 3.3 -0.902 0.082 0.059 1.047 4786.4 4.3788 16.507755 1.451382 16.962135 15.510754 "" "" 1377.01587 1770.45569 4697.25945 8.9422 2241.6 44.769 4952.9 136.77 "" "" 0.0034444095098256507 0.021862982 0.030218925 0.052081905 270.77648704163 -27.97632280067 1564.2843 3.3 -0.9020000000000001 2.631352949142456 -0.4592353005409241 0.19659491 0.1735949 "" "" 19.805620003925675 "" 3.880986245621619 ""
270.9277739028 -27.74694252897 0.0868 0.0734 8.8696 "" "" 4062912962050444928 2036.33875 0.5483 0.1151 -4.959 -1.528 0.12 0.076 1.322 "" "" 16.508043 2.194442 17.499865 15.305423 "" "" 1615.52368 2545.64673 4696.01445 8.929 1366.1 75.351 5984.0 168.11 "" "" 0.0034429075324347806 0.059951723 0.030735109 0.09068683 270.9277739028 -27.74694252897 2036.33875 -4.959000000000003 -1.528 -5.627647050857544 -1.085235300540924 0.23459491 0.19059491 "" "" 55.320208082376766 "" 12.898509375089672 ""
270.69582988448 -27.98902528881 0.0545 0.0446 10.6862 "" "" 4062528098371088256 1675.50891 0.5893 0.0596 0.99 -2.792 0.076 0.051 1.051 4849.6 4.3502 16.50808 1.463578 16.893814 15.430236 "" "" 1512.23669 1865.16675 4695.85998 5.5284 2387.2 92.361 5334.1 184.88 "" "" 0.0030373768948367334 0.0420998 0.037820943 0.07992074 270.69582988448 -27.98902528881 1675.50891 0.99 -2.792 0.32135294914245605 -2.349235300540924 0.19059491 0.1655949 "" "" 18.831166914279475 "" 3.127631464179386 ""
270.70451463596 -27.86187891744 0.0628 0.0521 8.0785 "" "" 4063092942381367296 1846.73816 0.5656 0.0705 -0.031 -3.192 0.082 0.055 1.157 5183.7 4.664 16.508108 1.350007 17.044283 15.694276 "" "" 1642.86853 2262.43994 4695.73541 4.0504 2078.3 52.311 4182.6 124.07 "" "" 0.0029101314828582896 0.027470145 0.032427583 0.05989773 270.70451463596 -27.86187891744 1846.73816 -0.030999999999999986 -3.1919999999999997 -0.699647050857544 -2.7492353005409242 0.19659491 0.16959491 "" "" 24.832604529948068 "" 4.255283782932321 ""
270.79010864803 -27.97165854371 0.1167 0.1057 6.4884 "" "" 4062902688412942720 1630.45374 0.6624 0.1246 -1.559 -6.526 0.159 0.108 1.296 "" "" 16.508648 "" "" "" "" "" 1298.48242 2031.474 4693.40096 14.107 "" "" "" "" "" "" 0.004271020832206376 "" "" "" 270.79010864803 -27.97165854371 1630.45374 -1.5590000000000004 -6.526 -2.227647050857544 -6.083235300540924 0.27359492 0.22259492 "" "" 50.06645057885872 "" 11.476110584671709 ""
271.18092720632 -27.66359489313 0.1023 0.0921 21.6227 "" "" 4062934574285873792 1872.7323 0.6104 0.1206 5.078 -1.043 0.122 0.092 1.972 5089.5 4.66 16.509172 1.300576 16.93066 15.630084 "" "" 1562.78442 2349.06665 4691.13181 6.2206 2307.6 17.971 4437.4 53.256 "" "" 0.0031087926671912874 0.0089039 0.013567614 0.022471514 271.18092720632 -27.66359489313 1872.7323 5.078 -1.0429999999999997 4.409352949142456 -0.600235300540924 0.23659492 0.20659491 "" "" 39.501717790285845 "" 9.325690251322461 ""
271.02370827573 -27.73913183471 0.0783 0.0671 12.3049 "" "" 4062913515919959552 1609.41858 0.6466 0.0998 -3.974 -1.174 0.101 0.067 1.27 4818.8 4.4223 16.509563 1.931712 17.403034 15.471322 "" "" 1398.69946 2056.86792 4689.44507 3.8006 1493.5 28.46 5136.1 65.266 "" "" 0.002892419552636312 0.02087698 0.014305066 0.035182044 271.02370827573 -27.73913183471 1609.41858 -3.974000000000001 -1.1740000000000008 -4.642647050857544 -0.731235300540924 0.21559492 0.18159491 "" "" 35.85371549360054 "" 7.702648744240919 ""
271.07222390177 -27.64701569276 0.0603 0.05 18.1177 "" "" 4062915062108636288 1773.19592 0.5601 0.069 -3.415 0.121 0.084 0.056 1.041 4646.0 4.3245 16.510223 1.45643 17.106337 15.649906 "" "" 1568.44958 2002.31335 4686.5925 4.0844 1962.8 22.302 4357.1 59.841 "" "" 0.002913268802960548 0.012648096 0.015383137 0.028031234 271.07222390177 -27.64701569276 1773.19592 -3.415 0.12099999999999997 -4.083647050857544 0.5637646994590759 0.1985949 0.1705949 "" "" 34.64837901581509 "" 6.864105335489483 ""
