Clusters/NGC_6520/NGC_6520_stars_in_region.tsv
# %ECSV 1.0
# ---
# datatype:
# - name: RA_ICRS_1
#   unit: deg
#   datatype: float64
#   format: '{:15.11f}'
#   description: Right ascension (ICRS) at Ep=2016.0 (ra)
#   meta: !!omap
#   - {ucd: POS_EQ_RA_MAIN}
#   - {width: 15}
#   - {precision: '11'}
# - name: DE_ICRS_1
#   unit: deg
#   datatype: float64
#   format: '{:15.11f}'
#   description: Declination (ICRS) at Ep=2016.0 (dec)
#   meta: !!omap
#   - {ucd: POS_EQ_DEC_MAIN}
#   - {width: 15}
#   - {precision: '11'}
# - name: e_RA_ICRS
#   unit: mas
#   datatype: float64
#   format: '{:7.4f}'
#   description: Standard error of right ascension (ra_error)
#   meta: !!omap
#   - {ucd: ERROR}
#   - {width: 7}
#   - {precision: '4'}
# - name: e_DE_ICRS
#   unit: mas
#   datatype: float64
#   format: '{:7.4f}'
#   description: Standard error of declination (dec_error)
#   meta: !!omap
#   - {ucd: ERROR}
#   - {width: 7}
#   - {precision: '4'}
# - name: _r_1
#   unit: ''
#   datatype: float64
#   format: '{:7.4f}'
#   description: Distance from center (270.85540765000-27.88019444000)[ICRS], at Epoch=J2016.0
#   meta: !!omap
#   - {ucd: POS_ANG_DIST_GENERAL}
#   - {width: 7}
#   - {precision: '4'}
# - name: HIP
#   datatype: int32
#   description: '? HIP cross-id number, van Leeuwen, Cat. I/311 (hip_original_ext_source_id)'
#   meta: !!omap
#   - {ucd: ID_NUMBER}
#   - {width: 6}
#   - values: {'null': -2147483648}
# - name: TYC2
#   datatype: string
#   description: Tycho-2 cross-id name, Hog et al., Cat. I/259 (tyc2_original_ext_source_id)
#   meta: !!omap
#   - {ucd: ID_CROSSID}
#   - {_votable_string_dtype: char}
# - name: Source
#   datatype: int64
#   description: Source identifier, identical to the Gaia-EDR3 source_id (id)
#   meta: !!omap
#   - {ucd: ID_MAIN}
#   - {width: 19}
# - name: rgeo
#   unit: pc
#   datatype: float64
#   format: '{:15.8f}'
#   description: '? Median of the geometric distance posterior (r_med_geo)'
#   meta: !!omap
#   - {ucd: PHYS_DISTANCE_TRUE}
#   - {width: 15}
#   - {precision: '8'}
#   - values: {'null': .nan}
# - name: Plx
#   unit: mas
#   datatype: float64
#   format: '{:9.4f}'
#   description: '? Parallax (parallax)'
#   meta: !!omap
#   - {ucd: POS_PARLX_TRIG}
#   - {width: 9}
#   - {precision: '4'}
#   - values: {'null': .nan}
# - name: e_Plx
#   unit: mas
#   datatype: float32
#   format: '{:7.4f}'
#   description: '? Standard error of parallax (parallax_error)'
#   meta: !!omap
#   - {ucd: ERROR}
#   - {width: 7}
#   - {precision: '4'}
#   - values: {'null': .nan}
# - name: pmRA
#   unit: mas / yr
#   datatype: float64
#   format: '{:9.3f}'
#   description: '? Proper motion in right ascension direction, pmRA*cosDE (pmra)'
#   meta: !!omap
#   - {ucd: POS_EQ_PMRA}
#   - {width: 9}
#   - {precision: '3'}
#   - values: {'null': .nan}
# - name: pmDE
#   unit: mas / yr
#   datatype: float64
#   format: '{:9.3f}'
#   description: '? Proper motion in declination direction (pmdec)'
#   meta: !!omap
#   - {ucd: POS_EQ_PMDEC}
#   - {width: 9}
#   - {precision: '3'}
#   - values: {'null': .nan}
# - name: e_pmRA
#   unit: mas / yr
#   datatype: float32
#   format: '{:6.3f}'
#   description: '? Standard error of proper motion in right ascension direction (pmra_error)'
#   meta: !!omap
#   - {ucd: ERROR}
#   - {width: 6}
#   - {precision: '3'}
#   - values: {'null': .nan}
# - name: e_pmDE
[...]
#         value: !astropy.table.SerializedColumn {name: SkyCoord.dec}
#       distance: !astropy.table.SerializedColumn
#         __class__: astropy.coordinates.distances.Distance
#         unit: !astropy.units.Unit {unit: pc}
#         value: !astropy.table.SerializedColumn {name: SkyCoord.distance}
#       frame: icrs
#       obstime: !astropy.time.Time {format: jyear_str, in_subfmt: '*', jd1: 367701545.0, jd2: 0.0, out_subfmt: '*', precision: 3, scale: tt}
#       pm_dec: !astropy.table.SerializedColumn
#         __class__: astropy.units.quantity.Quantity
#         unit: !astropy.units.Unit {unit: mas / yr}
#         value: !astropy.table.SerializedColumn {name: SkyCoord.pm_dec}
#       pm_ra_cosdec: !astropy.table.SerializedColumn
#         __class__: astropy.units.quantity.Quantity
#         unit: !astropy.units.Unit {unit: mas / yr}
#         value: !astropy.table.SerializedColumn {name: SkyCoord.pm_ra_cosdec}
#       ra: !astropy.table.SerializedColumn
#         __class__: astropy.coordinates.angles.Longitude
#         unit: *id001
#         value: !astropy.table.SerializedColumn {name: SkyCoord.ra}
#         wrap_angle: !astropy.coordinates.Angle
#           unit: *id001
#           value: 360.0
#       representation_type: spherical
# schema: astropy-2.0
RA_ICRS_1 DE_ICRS_1 e_RA_ICRS e_DE_ICRS _r_1 HIP TYC2 Source rgeo Plx e_Plx pmRA pmDE e_pmRA e_pmDE RUWE Teff logg Gmag BP-RP BPmag RPmag RV e_RV b_rgeo B_rgeo FG e_FG FBP e_FBP FRP e_FRP RAVE5 RAVE6 e_Gmag e_BPmag e_RPmag e_BP-RP SkyCoord.ra SkyCoord.dec SkyCoord.distance SkyCoord.pm_ra_cosdec SkyCoord.pm_dec rmRA rmDE e_rmRA e_rmDE rRV e_rRV v_pec v_pec3d e_vpec e_vpec3d
[from data line 30]
270.74557633025 -28.02924224119 0.0199 0.0168 10.6704 "" "" 4062527101921779840 1864.80212 0.5136 0.0213 -0.607 -3.148 0.027 0.018 0.525 "" "" 11.109041 2.084507 12.178309 10.093802 -40.47 0.2 1797.32849 1933.33191 678156.95437 254.57 183690.0 203.92 727170.0 871.44 "" "" 0.002785301068336746 0.0030393782 0.003997087 0.007036465 270.74557633025 -28.02924224119 1864.80212 -0.607 -3.148 -1.275647050857544 -2.705235300540924 0.1415949 0.13259491 -7.990000000000002 8.175 26.43718367790132 27.618196552618926 3.5499051920580142 4.140113773688494
270.85324347951 -27.8810451121 0.0207 0.0169 0.1256 "" 6850-2783-1 4062905608793020928 2016.54919 0.4494 0.0252 0.706 -0.909 0.027 0.018 0.586 12218.5 3.3607 11.166116 0.35929 11.281619 10.922329 "" "" 1894.04138 2154.33008 643428.73 488.13 419540.0 817.71 339020.0 546.68 "" "" 0.0028758026336272603 0.0035018877 0.004165209 0.0076670963 270.85324347951 -27.8810451121 2016.54919 0.706 -0.9090000000000001 0.037352949142456016 -0.4662353005409241 0.1415949 0.13259491 "" "" 4.470762908865181 "" 0.5930656861231794 ""
270.79893202227 -27.8018421233 0.0255 0.0212 5.5748 "" "" 4063093934527614976 1545.94604 0.6261 0.0292 2.403 -0.902 0.033 0.022 0.842 "" "" 11.168272 1.552247 11.891266 10.339019 -25.48 0.36 1473.28564 1641.59314 642151.88478 275.27 239280.0 155.12 580160.0 273.24 "" "" 0.002794352435840876 0.0028775798 0.003813818 0.006691398 270.79893202227 -27.8018421233 1545.94604 2.403 -0.9020000000000004 1.734352949142456 -0.4592353005409241 0.1475949 0.1365949 6.9999999999999964 8.335 13.146945968730204 14.894367670522684 1.9312786089176963 4.272103337054698
271.04366279224 -28.03272032348 0.0267 0.0228 13.5387 "" 6850-2903-1 4062888055341073920 1535.38208 0.6059 0.0274 1.829 1.374 0.032 0.023 0.645 7644.6 3.4836 11.182841 0.519665 11.363386 10.843721 -49.93 5.88 1492.76025 1595.38184 633592.80814 268.04 389100.0 377.78 364480.0 385.76 "" "" 0.0027933425555445156 0.002982663 0.0039502177 0.0069328807 271.04366279224 -28.03272032348 1535.38208 1.8290000000000004 1.374000000000001 1.160352949142456 1.816764699459076 0.14659491 0.13759491 -17.450000000000003 13.8550005 15.688579369707766 23.465592313845825 2.200511010921148 10.407669303406493
270.83948964692 -27.88968067619 0.0199 0.0158 1.0181 "" "" 4062905505713808384 1670.37317 0.5614 0.024 0.504 -0.528 0.027 0.017 0.566 "" "" 11.243117 0.607778 11.455901 10.848124 "" "" 1608.3335 1725.62292 599376.43569 382.07 357320.0 280.69 363000.0 511.78 "" "" 0.002840913408256416 0.0029176143 0.004077608 0.0069952225 270.83948964692 -27.88968067619 1670.37317 0.504 -0.528 -0.16464705085754394 -0.0852353005409241 0.1415949 0.13159491 "" "" 1.4679289575547818 "" 0.2048364093599705 ""
270.61153204169 -27.63231753177 0.0218 0.0178 19.7197 "" "" 4063111599777747456 1603.19385 0.6019 0.0252 2.832 -0.549 0.026 0.019 0.505 "" "" 11.27502 1.653079 12.058955 10.405876 -16.35 0.19 1534.59937 1654.99963 582021.50216 173.16 205040.0 199.34 545520.0 435.19 "" "" 0.0027741905082214065 0.0029831596 0.0038773627 0.0068605226 270.61153204169 -27.63231753177 1603.19385 2.832000000000002 -0.549 2.163352949142456 -0.10623530054092412 0.1405949 0.1335949 16.129999999999995 8.165 16.459429378082177 23.04538382088861 2.3138415337711926 5.9490186040677155
271.02957195412 -27.83422237636 0.0235 0.0203 9.6418 "" 6850-2885-1 4062908495011026944 1679.05188 0.5617 0.0311 2.615 0.174 0.03 0.022 0.572 "" "" 11.295926 0.763625 11.578474 10.814849 -17.89 3.16 1594.23706 1771.00439 570921.43307 314.08 319170.0 350.72 374300.0 242.82 "" "" 0.002819317227597593 0.0030345418 0.0038444554 0.006878997 271.02957195412 -27.83422237636 1679.05188 2.614999999999999 0.17399999999999993 1.9463529491424563 0.6167646994590759 0.14459491 0.1365949 14.589999999999996 11.135 16.24958144642256 21.83842936623237 2.3380440552534147 7.639875768952212
270.91039399659 -27.86551901733 0.0246 0.0211 3.0465 "" 6850-3428-1 4062905235218587520 1929.39197 0.4709 0.0291 1.034 -0.606 0.03 0.022 0.581 12413.2 3.3799 11.30244 0.230462 11.372932 11.14247 "" "" 1821.01501 2048.07056 567506.76153 251.11 385690.0 512.32 276800.0 236.65 "" "" 0.002796889121177526 0.0031408607 0.0038917058 0.0070325667 270.91039399659 -27.86551901733 1929.39197 1.034000000000001 -0.6060000000000002 0.3653529491424561 -0.16323530054092406 0.14459491 0.1365949 "" "" 3.659596313098341 "" 0.5244006422088777 ""
271.04751967259 -28.03018342035 0.0296 0.0252 13.5888 "" 6850-2657-1 4062888428923873920 1402.93237 0.6652 0.0324 0.077 -2.112 0.034 0.026 0.663 "" "" 11.345302 0.190724 11.403005 11.21228 "" "" 1335.00732 1476.66528 545539.29418 308.09 375160.0 305.33 259560.0 154.88 "" "" 0.0028227217620944403 0.0029267515 0.003834508 0.0067612594 271.04751967259 -28.03018342035 1402.93237 0.077 -2.112 -0.591647050857544 -1.6692353005409242 0.14859492 0.1405949 "" "" 11.776881256567043 "" 1.6665486802020528 ""
270.80949277538 -28.1125307679 0.0249 0.0214 14.1508 "" "" 4062522669515536768 1746.56287 0.5438 0.022 0.371 -1.688 0.03 0.023 0.531 4794.1 2.4637 11.364376 1.425195 12.013289 10.588095 -13.33 0.21 1685.43262 1827.13184 536039.09927 204.2 213850.0 277.87 461230.0 372.88 "" "" 0.002786190366073769 0.0031265516 0.003879973 0.0070065246 270.80949277538 -28.1125307679 1746.56287 0.371 -1.687999999999999 -0.29764705085754395 -1.245235300540924 0.14459491 0.13759491 19.15 8.185 10.599348287447913 21.887637700734746 1.4625226052577571 7.1961832799655525
271.17963112885 -28.04669055616 0.0292 0.0266 19.8752 "" 6850-3015-1 4062890185647955456 1816.54565 0.5244 0.0387 0.869 -0.721 0.036 0.027 0.665 12314.2 3.7219 11.38819 0.386857 11.519931 11.133074 "" "" 1694.63086 1974.44421 524409.58359 393.84 336860.0 767.42 279210.0 561.9 "" "" 0.0028734430762891077 0.0037286913 0.004365544 0.008094235 271.17963112885 -28.04669055616 1816.54565 0.8689999999999996 -0.7210000000000003 0.20035294914245605 -0.27823530054092405 0.1505949 0.1415949 "" "" 2.9522110594875373 "" 0.4272765308429668 ""
270.85056419491 -27.60634968328 0.0322 0.027 16.4327 "" 6850-2454-1 4063105277583014400 1767.80652 0.5273 0.0465 -2.137 -4.124 0.04 0.031 0.882 "" "" 11.43182 0.56241 11.623116 11.060705 -6.07 5.04 1627.61218 1910.46289 503754.52087 336.53 306320.0 383.95 298450.0 385.46 "" "" 0.0028491888704416856 0.0031043638 0.0040311404 0.007135504 270.85056419491 -27.60634968328 1767.80652 -2.136999999999999 -4.123999999999996 -2.805647050857544 -3.6812353005409237 0.1545949 0.14559491 26.409999999999997 13.015 38.78418986951922 46.922291971246636 5.777488480339737 8.744537645373223
271.17623132855 -28.01177394383 0.0313 0.0272 18.748 "" "" 4062890563605427072 1882.7301 0.5251 0.0456 -0.596 -5.811 0.04 0.025 0.72 4546.2 1.6855 11.437182 1.771687 12.298351 10.526665 "" "" 1732.4231 2111.37573 501272.57293 183.44 164470.0 118.53 488080.0 284.01 "" "" 0.002783820304897734 0.00289781 0.003831824 0.006729634 271.17623132855 -28.01177394383 1882.7301 -0.5960000000000006 -5.811 -1.264647050857544 -5.368235300540924 0.1545949 0.13959491 "" "" 49.21830039218612 "" 6.911407108215578 ""
270.86314288628 -27.89260481733 0.0328 0.0292 0.8501 "" 6850-2710-1 4062904852878781056 1956.56531 0.4844 0.034 0.494 -0.528 0.036 0.029 0.651 "" "" 11.442283 0.480327 11.609347 11.129021 -34.43 37.65 1810.32385 2118.27881 498923.23442 216.48 310230.0 338.59 280250.0 186.84 "" "" 0.002795303159319796 0.0030313774 0.0038480756 0.006879453 270.86314288628 -27.89260481733 1956.56531 0.494 -0.528 -0.17464705085754395 -0.0852353005409241 0.1505949 0.1435949 -1.9500000000000028 45.625 1.8022993077517002 2.6553310141529 0.26903613425058126 33.506207261791495
270.89532886891 -27.59932578726 0.02 0.0164 16.9849 "" 6850-1153-1 4063106716350272128 1875.69006 0.4804 0.0263 0.123 -0.406 0.026 0.018 0.549 11925.1 3.6223 11.506801 0.244478 11.585798 11.34132 -44.36 21.15 1762.72461 1974.78918 470139.14701 178.56 317030.0 298.0 230480.0 128.59 "" "" 0.0027860069109320322 0.0029709593 0.0038276191 0.0067985784 270.89532886891 -27.59932578726 1875.69006 0.123 -0.406 -0.545647050857544 0.0367646994590759 0.1405949 0.13259491 -11.880000000000003 29.125 4.862222277154237 12.83649506183269 0.6834328426718221 26.956030823096608
270.95008828219 -27.5387840931 0.0188 0.0153 21.093 "" 6850-3230-1 4063107369185297792 1710.19751 0.534 0.0219 1.112 0.291 0.024 0.016 0.594 "" "" 11.521019 0.372986 11.647672 11.274686 37.7 13.63 1656.67883 1759.43616 464022.4755 149.34 299470.0 254.22 245070.0 126.54 "" "" 0.0027773893165709412 0.0029384596 0.0038207346 0.006759194 270.95008828219 -27.5387840931 1710.19751 1.112000000000001 0.291 0.44335294914245615 0.7337646994590759 0.13859491 0.13059491 70.18 21.605 6.949605431337985 70.5232544317921 0.9227801589913784 21.500034873422994
270.49660723074 -28.00314498443 0.0192 0.0155 20.399 "" 6850-2501-1 4062715054046688000 1643.26685 0.559 0.0212 1.143 -1.556 0.026 0.018 0.564 "" "" 11.535481 0.381102 11.665722 11.28462 8.01 21.18 1594.79297 1695.74988 457882.57944 126.0 294530.0 255.47 242830.0 129.62 "" "" 0.0027714715308093246 0.0029448154 0.0038235597 0.006768375 270.49660723074 -28.00314498443 1643.26685 1.143 -1.556 0.47435294914245607 -1.1132353005409241 0.1405949 0.13259491 40.489999999999995 29.155 9.425447836104638 41.57257710211299 1.2616463094617245 28.397226086909875
270.69696194978 -27.75681651256 0.0249 0.0201 11.2024 "" 6850-2080-1 4063097993314267520 1574.05408 0.5786 0.0281 2.087 0.125 0.03 0.021 0.589 10912.4 3.5454 11.561739 0.334557 11.672807 11.33825 "" "" 1501.87988 1642.76453 446941.82487 137.63 292610.0 281.88 231130.0 212.29 "" "" 0.002775530877868808 0.0029797654 0.0039087343 0.0068884995 270.69696194978 -27.75681651256 1574.05408 2.0870000000000006 0.125 1.4183529491424562 0.5677646994590759 0.14459491 0.1355949 "" "" 11.398718567062923 "" 1.6344115982636658 ""
270.89450953414 -28.22931231467 0.0241 0.0199 21.0491 "" 6854-2837-1 4062508998728027136 1676.10828 0.5495 0.0247 -0.501 -2.197 0.032 0.022 0.579 "" "" 11.572173 0.450053 11.734752 11.284698 -34.55 6.08 1619.40759 1734.90564 442667.29539 234.46 276390.0 175.5 242820.0 126.07 "" "" 0.0028146913116311395 0.0028740803 0.0038211895 0.0066952696 270.89450953414 -28.22931231467 1676.10828 -0.501 -2.197 -1.1696470508575438 -1.7542353005409241 0.14659491 0.1365949 -2.0700000000000003 14.055 16.750840499324642 16.87825694299665 2.34090727757177 2.8928753436420056
271.08423949141 -27.98316188126 0.0242 0.0208 13.6131 "" "" 4062888669442032640 1860.48145 0.5161 0.0272 1.941 -1.495 0.029 0.021 0.677 4929.4 2.402 11.589876 1.546422 12.310178 10.763756 6.58 0.2 1781.99438 1947.44238 435508.2586 108.1 162680.0 161.45 392330.0 160.24 "" "" 0.00276846851659058 0.0029910053 0.0038053086 0.006796314 271.08423949141 -27.98316188126 1860.48145 1.9410000000000005 -1.4950000000000008 1.2723529491424561 -1.0522353005409242 0.1435949 0.1355949 39.059999999999995 8.175 14.56039229558192 41.685592520692815 2.044289046291986 7.693301699837925
270.82042027102 -27.85632829748 0.0193 0.0153 2.344 "" 6850-2677-1 4062905849311179520 1727.31543 0.5152 0.0239 0.767 -0.597 0.024 0.016 0.532 "" "" 11.598986 0.356786 11.717658 11.360872 "" "" 1656.45435 1796.99512 431869.39002 155.8 280770.0 253.08 226370.0 192.13 "" "" 0.002783021423631754 0.0029568262 0.0038901041 0.0068469304 270.82042027102 -27.85632829748 1727.31543 0.7670000000000003 -0.597 0.09835294914245607 -0.15423530054092405 0.13859491 0.13059491 "" "" 1.4977000420085638 "" 0.19912979338965495 ""
270.84259819702 -27.83717842884 0.0203 0.0166 2.6689 "" 6850-2999-1 4062905986750127488 1632.08215 0.5699 0.0249 0.509 -0.942 0.027 0.018 0.599 "" "" 11.606025 0.337808 11.716569 11.378761 "" "" 1556.95911 1698.39453 429078.78297 181.2 281050.0 243.52 222670.0 151.94 "" "" 0.0027932091853735907 0.0029444972 0.003851311 0.006795808 270.84259819702 -27.83717842884 1632.08215 0.509 -0.942 -0.15964705085754394 -0.499235300540924 0.1415949 0.13259491 "" "" 4.0547858204904825 "" 0.5411331595304102 ""
271.11401126193 -28.01218489287 0.0223 0.0191 15.8302 "" "" 4062887780462783872 1857.90186 0.5206 0.0283 -1.175 -1.837 0.027 0.019 0.644 4481.8 1.7963 11.612474 1.964284 12.601489 10.637205 26.76 0.27 1767.55518 1965.89429 426537.07829 177.25 124400.0 98.411 440840.0 244.82 "" "" 0.002792016558387787 0.002919379 0.003827178 0.0067465566 271.11401126193 -28.01218489287 1857.90186 -1.175 -1.837 -1.843647050857544 -1.394235300540924 0.1415949 0.1335949 59.239999999999995 8.245001 20.355918902386033 62.63977198522131 2.8241332567000414 7.85132684153597
270.70266784719 -27.95440842944 0.0192 0.0152 9.2414 "" "" 4062528304512621056 1847.45679 0.5233 0.0207 -2.126 -4.13 0.028 0.018 0.568 4480.5 1.8593 11.615676 1.816983 12.506806 10.689823 -48.33 0.14 1785.63684 1918.24097 425281.4185 80.139 135740.0 106.08 419980.0 176.2 "" "" 0.0027629056991454086 0.0029163323 0.0038067335 0.006723066 270.70266784719 -27.95440842944 1847.45679 -2.125999999999999 -4.13 -2.794647050857544 -3.687235300540924 0.1425949 0.13259491 -15.850000000000001 8.115001 40.51519369974646 43.5052114180356 5.523375735274589 5.932888803815112
270.89536602025 -28.20787861745 0.0226 0.019 19.7746 "" "" 4062509445404412032 1867.25745 0.514 0.0223 -0.133 -5.718 0.028 0.019 0.604 4637.8 2.2291 11.656316 2.005035 12.670487 10.665452 1.14 0.3 1797.56519 1955.07495 409657.11707 144.38 116740.0 132.98 429510.0 522.1 "" "" 0.0027817650120673023 0.0030519932 0.004003195 0.0070551885 270.89536602025 -28.20787861745 1867.25745 -0.13300000000000023 -5.718 -0.801647050857544 -5.275235300540924 0.1425949 0.1335949 33.62 8.275001 47.226086899229884 57.970748518659065 6.319073584306822 7.037860255498137
270.87399566953 -28.15063875888 0.0244 0.0211 16.2565 "" "" 4062510613635635072 1379.03638 0.6969 0.0225 -4.637 -0.66 0.028 0.02 0.656 4526.7 2.086 11.657836 1.421677 12.301276 10.8796 -7.8 0.35 1336.3667 1421.38403 409083.89297 144.33 164020.0 107.54 352630.0 107.53 "" "" 0.0027818205435514104 0.0028795486 0.003793856 0.0066734045 270.87399566953 -28.15063875888 1379.03638 -4.636999999999994 -0.6599999999999999 -5.3056470508575435 -0.2172353005409241 0.1425949 0.1345949 24.679999999999996 8.325001 34.71012255999404 42.5898463031954 4.949034867661682 6.288160335565184
270.91351393847 -28.01221037642 0.0242 0.0209 8.4986 "" "" 4062898809946179328 1774.44226 0.5429 0.0252 -4.93 -4.977 0.03 0.021 0.606 4574.1 2.0393 11.706424 1.755467 12.558762 10.803295 0.76 0.4 1698.15674 1848.20398 391180.61959 88.61 129390.0 114.26 378300.0 168.93 "" "" 0.0027662747591091015 0.0029503056 0.0038103533 0.0067606587 270.91351393847 -28.01221037642 1774.44226 -4.929999999999998 -4.977 -5.598647050857544 -4.534235300540924 0.14459491 0.1355949 33.239999999999995 8.375 60.5956163840808 69.11386492569115 8.549961030885415 8.509810854541165
270.84519717754 -27.88868625069 0.0204 0.0167 0.7435 "" "" 4062905505713808000 1769.80481 0.5171 0.0241 0.51 -0.5 0.028 0.018 0.659 12259.2 3.5113 11.743964 0.600205 11.952259 11.352054 -41.73 15.81 1689.40979 1852.80615 377886.09569 102.95 226210.0 154.37 228210.0 244.59 "" "" 0.0027711520427564085 0.0028868704 0.0039544716 0.006841342 270.84519717754 -27.88868625069 1769.80481 0.5099999999999996 -0.5 -0.15864705085754394 -0.05723530054092407 0.1425949 0.13259491 -9.25 23.785 1.4148320795241391 9.357577133705636 0.2001693947149632 23.511580799301147
