Clusters/UBC_272/UBC_272_members.tsv
# %ECSV 1.0
# ---
# datatype:
# - name: RA_ICRS_1
#   unit: deg
#   datatype: float64
#   format: '{:15.11f}'
#   description: Right ascension (ICRS) at Ep=2016.0 (ra)
#   meta: !!omap
#   - {ucd: POS_EQ_RA_MAIN}
#   - {width: 15}
#   - {precision: '11'}
# - name: DE_ICRS_1
#   unit: deg
#   datatype: float64
#   format: '{:15.11f}'
#   description: Declination (ICRS) at Ep=2016.0 (dec)
#   meta: !!omap
#   - {ucd: POS_EQ_DEC_MAIN}
#   - {width: 15}
#   - {precision: '11'}
# - name: e_RA_ICRS
#   unit: mas
#   datatype: float64
#   format: '{:7.4f}'
#   description: Standard error of right ascension (ra_error)
#   meta: !!omap
#   - {ucd: ERROR}
#   - {width: 7}
#   - {precision: '4'}
# - name: e_DE_ICRS
#   unit: mas
#   datatype: float64
#   format: '{:7.4f}'
#   description: Standard error of declination (dec_error)
#   meta: !!omap
#   - {ucd: ERROR}
#   - {width: 7}
#   - {precision: '4'}
# - name: _r_1
#   unit: ''
#   datatype: float64
#   format: '{:7.4f}'
#   description: Distance from center (168.13691566000-62.26890361000)[ICRS], at Epoch=J2016.0
#   meta: !!omap
#   - {ucd: POS_ANG_DIST_GENERAL}
#   - {width: 7}
#   - {precision: '4'}
# - name: HIP
#   datatype: int32
#   description: '? HIP cross-id number, van Leeuwen, Cat. I/311 (hip_original_ext_source_id)'
#   meta: !!omap
#   - {ucd: ID_NUMBER}
#   - {width: 6}
#   - values: {'null': -2147483648}
# - name: TYC2
#   datatype: string
#   description: Tycho-2 cross-id name, Hog et al., Cat. I/259 (tyc2_original_ext_source_id)
#   meta: !!omap
#   - {ucd: ID_CROSSID}
#   - {_votable_string_dtype: char}
# - name: Source
#   datatype: int64
#   description: Source identifier, identical to the Gaia-EDR3 source_id (id)
#   meta: !!omap
#   - {ucd: ID_MAIN}
#   - {width: 19}
# - name: rgeo
#   unit: pc
#   datatype: float64
#   format: '{:15.8f}'
#   description: '? Median of the geometric distance posterior (r_med_geo)'
#   meta: !!omap
#   - {ucd: PHYS_DISTANCE_TRUE}
#   - {width: 15}
#   - {precision: '8'}
#   - values: {'null': .nan}
# - name: Plx
#   unit: mas
#   datatype: float64
#   format: '{:9.4f}'
#   description: '? Parallax (parallax)'
#   meta: !!omap
#   - {ucd: POS_PARLX_TRIG}
#   - {width: 9}
#   - {precision: '4'}
#   - values: {'null': .nan}
# - name: e_Plx
#   unit: mas
#   datatype: float32
#   format: '{:7.4f}'
#   description: '? Standard error of parallax (parallax_error)'
#   meta: !!omap
#   - {ucd: ERROR}
#   - {width: 7}
#   - {precision: '4'}
#   - values: {'null': .nan}
# - name: pmRA
#   unit: mas / yr
#   datatype: float64
#   format: '{:9.3f}'
#   description: '? Proper motion in right ascension direction, pmRA*cosDE (pmra)'
#   meta: !!omap
#   - {ucd: POS_EQ_PMRA}
#   - {width: 9}
#   - {precision: '3'}
#   - values: {'null': .nan}
# - name: pmDE
#   unit: mas / yr
#   datatype: float64
#   format: '{:9.3f}'
#   description: '? Proper motion in declination direction (pmdec)'
#   meta: !!omap
#   - {ucd: POS_EQ_PMDEC}
#   - {width: 9}
#   - {precision: '3'}
#   - values: {'null': .nan}
# - name: e_pmRA
#   unit: mas / yr
#   datatype: float32
#   format: '{:6.3f}'
#   description: '? Standard error of proper motion in right ascension direction (pmra_error)'
#   meta: !!omap
#   - {ucd: ERROR}
#   - {width: 6}
#   - {precision: '3'}
#   - values: {'null': .nan}
# - name: e_pmDE
[...]
#       distance: !astropy.table.SerializedColumn
#         __class__: astropy.coordinates.distances.Distance
#         unit: !astropy.units.Unit {unit: pc}
#         value: !astropy.table.SerializedColumn {name: SkyCoord.distance}
#       frame: icrs
#       obstime: !astropy.time.Time {format: jyear_str, in_subfmt: '*', jd1: 367701545.0, jd2: 0.0, out_subfmt: '*', precision: 3, scale: tt}
#       pm_dec: !astropy.table.SerializedColumn
#         __class__: astropy.units.quantity.Quantity
#         unit: !astropy.units.Unit {unit: mas / yr}
#         value: !astropy.table.SerializedColumn {name: SkyCoord.pm_dec}
#       pm_ra_cosdec: !astropy.table.SerializedColumn
#         __class__: astropy.units.quantity.Quantity
#         unit: !astropy.units.Unit {unit: mas / yr}
#         value: !astropy.table.SerializedColumn {name: SkyCoord.pm_ra_cosdec}
#       ra: !astropy.table.SerializedColumn
#         __class__: astropy.coordinates.angles.Longitude
#         unit: *id001
#         value: !astropy.table.SerializedColumn {name: SkyCoord.ra}
#         wrap_angle: !astropy.coordinates.Angle
#           unit: *id001
#           value: 360.0
#       representation_type: spherical
# schema: astropy-2.0
RA_ICRS_1 DE_ICRS_1 e_RA_ICRS e_DE_ICRS _r_1 HIP TYC2 Source rgeo Plx e_Plx pmRA pmDE e_pmRA e_pmDE RUWE Teff logg Gmag BP-RP BPmag RPmag RV e_RV b_rgeo B_rgeo FG e_FG FBP e_FBP FRP e_FRP RAVE5 RAVE6 e_Gmag e_BPmag e_RPmag e_BP-RP SkyCoord.ra SkyCoord.dec SkyCoord.distance SkyCoord.pm_ra_cosdec SkyCoord.pm_dec rmRA rmDE e_rmRA e_rmDE rRV e_rRV v_pec v_pec3d e_vpec e_vpec3d Pmemb
[from data line 31]
167.92979378348 -62.14307883467 0.0166 0.0148 9.517 "" "" 5337084936530049920 2233.19995 0.4134 0.019 -5.847 1.609 0.021 0.018 1.024 7970.9 4.1786 14.836719 0.665149 15.080071 14.414923 "" "" 2146.49658 2331.92627 21890.66116 6.2824 12688.0 25.486 13589.0 32.603 "" "" 0.0027728831735234936 0.003541371 0.0045901346 0.008131506 167.92979378348 -62.14307883467 2233.19995 -5.847 1.609 -0.010149356842041435 0.021223935127258287 0.078536294 0.075536296 "" "" 0.24902960509071864 "" 0.018952050727317177 "" 0.98
168.09879264938 -62.35493511545 0.016 0.0156 5.2702 "" "" 5336894205614088576 2280.54663 0.3999 0.019 -5.808 1.549 0.021 0.019 0.904 9398.4 4.2056 14.911903 0.701488 15.179234 14.477745 "" "" 2201.04004 2394.39771 20426.10179 5.4109 11580.0 14.083 12825.0 12.057 "" "" 0.0027702907008192636 0.0030868347 0.0039147916 0.0070016263 168.09879264938 -62.35493511545 2280.54663 -5.807999999999999 1.5489999999999997 0.028850643157959155 -0.03877606487274177 0.078536294 0.0765363 "" "" 0.5224544131055491 "" 0.04036215747833692 "" 0.98
167.72525955574 -62.19450729824 0.0165 0.0168 12.3428 "" "" 5337086654516749440 2375.51221 0.3824 0.0198 -5.815 1.612 0.022 0.02 1.087 9193.7 3.9117 14.928234 0.729897 15.202168 14.472272 "" "" 2275.79688 2489.97119 20121.15963 5.7975 11338.0 15.515 12890.0 14.461 "" "" 0.0027730224792968795 0.003161082 0.003970819 0.007131901 167.72525955574 -62.19450729824 2375.51221 -5.815 1.612 0.021850643157958594 0.0242239351272584 0.0795363 0.0775363 "" "" 0.36733081682741053 "" 0.02881337732364254 "" 0.93
168.46618133265 -62.32018313752 0.0163 0.0176 9.6867 "" "" 5336891796112896384 2158.46338 0.4244 0.0201 -5.792 1.542 0.022 0.023 0.957 9464.0 4.1391 14.946988 0.768387 15.244736 14.476349 "" "" 2054.89868 2243.21436 19776.58944 6.1019 10902.0 13.031 12842.0 13.726 "" "" 0.0027756100012932545 0.0030772132 0.0039535337 0.007030747 168.46618133265 -62.32018313752 2158.46338 -5.791999999999997 1.5419999999999991 0.04485064315795917 -0.04577606487274166 0.0795363 0.0805363 "" "" 0.6556723575605826 "" 0.05248530591363334 "" 0.97
167.62092686337 -62.0639810498 0.018 0.0169 18.9768 "" "" 5337089987383025408 1980.19763 0.4724 0.0206 -5.749 1.754 0.023 0.022 0.978 7437.3 3.9041 15.026149 0.80397 15.302726 14.498755 "" "" 1899.48999 2059.38379 18386.00012 5.2047 10335.0 33.453 12579.0 40.217 "" "" 0.0027724092803718004 0.004487307 0.0051316093 0.009618916 167.62092686337 -62.0639810498 1980.19763 -5.748999999999995 1.7539999999999991 0.08785064315795932 0.1662239351272583 0.0805363 0.0795363 "" "" 1.764696859490128 "" 0.14074463655337563 "" 0.8
167.71988287079 -62.122719342 0.0173 0.0163 14.5998 "" "" 5337087410431127936 2270.10352 0.4084 0.0205 -5.948 1.521 0.023 0.021 1.028 8481.1 4.221 15.061424 0.701757 15.311581 14.609823 "" "" 2166.69458 2373.90405 17798.24438 5.6232 10251.0 36.043 11356.0 17.6 "" "" 0.0027765911114185425 0.0047284616 0.0041370606 0.008865522 167.71988287079 -62.122719342 2270.10352 -5.948 1.521 -0.11114935684204141 -0.06677606487274179 0.0805363 0.078536294 "" "" 1.3952418109376905 "" 0.11163434061551991 "" 0.94
167.85900586068 -62.2099684589 0.0162 0.017 8.5337 "" "" 5337083940097462528 2275.52002 0.4003 0.0203 -5.653 1.482 0.022 0.022 0.94 9564.1 4.4914 15.119129 0.733417 15.40294 14.669523 "" "" 2170.76074 2378.68994 16876.99297 4.8948 9424.1 15.006 10749.0 12.195 "" "" 0.0027732557683694064 0.003282356 0.0039750524 0.0072574085 167.85900586068 -62.2099684589 2275.52002 -5.652999999999997 1.482 0.1838506431579594 -0.10577606487274172 0.0795363 0.0795363 "" "" 2.2877851507033697 "" 0.1819619579082038 "" 0.9
168.07469480281 -62.24470582635 0.0166 0.0172 2.2645 "" "" 5336895202046375424 2338.88525 0.3919 0.0202 -5.902 1.518 0.021 0.021 0.993 8102.3 4.0286 15.127903 0.770868 15.423882 14.653014 "" "" 2236.43579 2432.28662 16741.16254 5.1276 9244.1 13.722 10913.0 16.196 "" "" 0.002775315622558271 0.003222195 0.0041085463 0.0073307413 168.07469480281 -62.24470582635 2338.88525 -5.902 1.5180000000000005 -0.06514935684204115 -0.06977606487274168 0.078536294 0.078536294 "" "" 1.0583302956612766 "" 0.0831173396732254 "" 0.95
167.92615873851 -62.40627914617 0.0185 0.0185 10.1195 "" "" 5337056555385124096 2189.67212 0.423 0.0215 -5.809 1.597 0.025 0.022 0.9 9135.8 4.042 15.135502 0.824738 15.459796 14.635058 "" "" 2102.73145 2292.8584 16624.39663 3.9338 8943.3 12.064 11095.0 9.7296 "" "" 0.0027672721403059083 0.0031512044 0.0038974686 0.007048673 167.92615873851 -62.40627914617 2189.67212 -5.809 1.597 0.02785064315795882 0.009223935127258276 0.082536295 0.0795363 "" "" 0.30450417225753634 "" 0.02504383295191775 "" 0.96
168.24260436749 -62.2669356241 0.0165 0.0172 2.9532 "" "" 5336895717442637952 2203.82153 0.4224 0.0203 -5.847 1.576 0.022 0.021 0.956 "" "" 15.149302 0.772949 15.449892 14.676943 "" "" 2124.33936 2291.96094 16414.44602 4.4514 9025.3 13.439 10675.0 14.922 "" "" 0.0027710076609399107 0.0032247123 0.004072728 0.0072974404 168.24260436749 -62.2669356241 2203.82153 -5.847 1.5760000000000003 -0.010149356842041435 -0.011776064872741632 0.0795363 0.078536294 "" "" 0.16239765167506187 "" 0.012823577454704471 "" 0.98
167.91605943167 -62.28311679495 0.017 0.0178 6.2234 "" "" 5337082496988388992 2307.69043 0.3944 0.0203 -5.835 1.524 0.021 0.022 0.938 8265.2 4.0307 15.182245 0.868567 15.521484 14.652918 "" "" 2206.74438 2415.16772 15923.86567 4.08 8449.3 15.966 10914.0 10.651 "" "" 0.002769327914020598 0.003463271 0.0039251014 0.0073883724 167.91605943167 -62.28311679495 2307.69043 -5.835 1.5239999999999994 0.00185064315795902 -0.06377606487274168 0.078536294 0.0795363 "" "" 0.6979051097528476 "" 0.0555082042085032 "" 0.98
167.918151306 -62.28342752298 0.0165 0.0181 6.1682 "" "" 5337082496988389248 2290.25879 0.4082 0.0203 -5.902 1.601 0.021 0.023 0.925 6925.7 3.9694 15.214747 1.064602 15.650589 14.585987 "" "" 2186.36768 2389.44653 15454.24399 3.6495 7502.1 11.494 11608.0 11.461 "" "" 0.0027672238622469874 0.0032484075 0.003928471 0.0071768784 167.918151306 -62.28342752298 2290.25879 -5.901999999999999 1.6010000000000009 -0.06514935684204115 0.01322393512725828 0.078536294 0.0805363 "" "" 0.7216725568768125 "" 0.05673529951402928 "" 0.98
167.77617752351 -62.13582999277 0.0193 0.0181 12.8699 "" "" 5337087341711659392 2208.45679 0.4246 0.0229 -5.686 1.64 0.025 0.023 0.957 8311.1 4.4118 15.237427 0.731898 15.520995 14.789097 "" "" 2115.73584 2319.61426 15134.78221 4.5909 8453.2 9.9936 9627.6 13.067 "" "" 0.0027749333285903718 0.0030712606 0.0040565073 0.007127768 167.77617752351 -62.13582999277 2208.45679 -5.686 1.64 0.15085064315795904 0.0522239351272582 0.082536295 0.0805363 "" "" 1.6710702444990377 "" 0.13757013550453068 "" 0.94
167.83642690455 -62.374955423 0.0211 0.0204 10.5178 "" "" 5337056898982516224 2127.17578 0.4377 0.0243 -5.874 1.581 0.028 0.026 0.964 8346.8 4.2152 15.407046 0.856002 15.744943 14.888941 "" "" 2018.27869 2240.63062 12945.78124 3.4133 6877.6 14.036 8781.8 9.6785 "" "" 0.0027701512426921635 0.0035629794 0.0039642877 0.007527267 167.83642690455 -62.374955423 2127.17578 -5.874 1.5809999999999993 -0.03714935684204068 -0.006776064872741738 0.0855363 0.0835363 "" "" 0.3807500122217662 "" 0.03254370595508149 "" 0.98
168.10449660271 -62.24911254491 0.0198 0.0197 1.4933 "" "" 5336896679515126528 2414.24341 0.3768 0.0235 -5.81 1.58 0.025 0.024 0.961 7495.8 4.0562 15.452079 0.86906 15.79805 14.92899 "" "" 2296.30444 2552.09985 12419.82307 4.0986 6549.3 10.021 8463.7 11.708 "" "" 0.0027785188264891777 0.0032472864 0.004066877 0.0073141633 168.10449660271 -62.24911254491 2414.24341 -5.81 1.58 0.026850643157959375 -0.007776064872741628 0.082536295 0.08153629 "" "" 0.3198915962534275 "" 0.02637805215703419 "" 0.97
168.80914930836 -62.44725143547 0.0239 0.0234 21.5562 "" "" 5336878331415368448 2143.65259 0.4386 0.0287 -5.747 1.559 0.032 0.029 1.09 6375.0 3.8896 15.484598 1.102594 15.943515 14.84092 "" "" 2002.25647 2269.07837 12053.34368 3.9334 5728.1 12.06 9178.9 8.9074 "" "" 0.0027780075288347857 0.003607004 0.003923499 0.007530503 168.80914930836 -62.44725143547 2143.65259 -5.747 1.5590000000000004 0.0898506431579591 -0.028776064872741758 0.089536294 0.086536296 "" "" 0.9586432616770932 "" 0.08556990080154599 "" 0.97
168.56891978936 -62.22711093878 0.0206 0.0232 12.3273 "" "" 5336898260063843712 2423.052 0.3785 0.027 -5.882 1.552 0.028 0.027 0.964 7780.0 4.1342 15.49517 0.887415 15.848731 14.961316 "" "" 2234.2207 2592.23633 11936.55123 3.9253 6250.6 9.6306 8215.5 9.2018 "" "" 0.0027783570290097334 0.0032532231 0.003970212 0.0072234347 168.56891978936 -62.22711093878 2423.052 -5.882000000000002 1.5519999999999998 -0.04514935684204069 -0.03577606487274165 0.0855363 0.0845363 "" "" 0.6616142800345598 "" 0.056337768988035136 "" 0.95
168.32449038654 -62.38018521907 0.0212 0.0211 8.4797 "" "" 5336890632201313280 2210.60352 0.4162 0.0248 -5.994 1.587 0.028 0.026 0.939 6427.2 3.9477 15.518249 1.146502 16.004705 14.858203 "" "" 2093.02759 2341.10864 11685.49407 2.8981 5414.2 9.5542 9033.9 8.6686 "" "" 0.0027684466055592537 0.0033846588 0.0039203498 0.0073050084 168.32449038654 -62.38018521907 2210.60352 -5.994 1.587 -0.1571493568420408 -0.000776064872741733 0.0855363 0.0835363 "" "" 1.64667200634341 "" 0.14085015323049146 "" 0.85
167.83582129818 -62.33882480272 0.0213 0.0214 9.3863 "" "" 5337059269804521728 2308.02563 0.4011 0.0251 -5.867 1.428 0.027 0.026 1.013 "" "" 15.53226 1.362883 16.13199 14.769108 "" "" 2206.5874 2433.91113 11535.66917 9.5227 4815.3 12.551 9806.5 28.635 "" "" 0.002897429814771497 0.003974127 0.0049330373 0.008907164 167.83582129818 -62.33882480272 2308.02563 -5.867 1.4279999999999986 -0.03014935684204101 -0.15977606487274176 0.0845363 0.0835363 "" "" 1.7788041396684402 "" 0.1486562243033686 "" 0.83
167.6030472356 -62.16903095295 0.0203 0.0202 16.0876 "" "" 5337087719668629120 2303.23804 0.3974 0.0242 -5.903 1.603 0.027 0.026 0.973 7294.4 4.0684 15.564619 0.899786 15.912926 15.01314 "" "" 2184.61572 2450.25977 11196.93464 3.1856 5891.8 15.361 7832.5 9.4801 "" "" 0.0027725814605184976 0.0039746678 0.004001331 0.007975999 167.6030472356 -62.16903095295 2303.23804 -5.903 1.6030000000000009 -0.0661493568420406 0.015223935127258281 0.0845363 0.0835363 "" "" 0.7410544213737043 "" 0.06260893090522784 "" 0.94
167.87942063516 -62.439180587 0.0246 0.023 12.4808 "" "" 5337056452305835008 2317.39673 0.3972 0.0274 -5.914 1.561 0.031 0.027 0.964 4967.5 3.5577 15.589263 1.629158 16.356983 14.727825 "" "" 2171.58228 2441.11694 10945.65242 3.3947 3914.0 12.542 10187.0 19.653 "" "" 0.002775820179474431 0.0044597504 0.004321018 0.008780768 167.87942063516 -62.439180587 2317.39673 -5.913999999999997 1.5609999999999997 -0.07714935684204072 -0.026776064872741756 0.08853629 0.0845363 "" "" 0.897033100197418 "" 0.0790420531112225 "" 0.89
168.54990277621 -62.45032628256 0.0249 0.0243 15.8315 "" "" 5336877541141760768 2361.62793 0.3916 0.0284 -5.772 1.591 0.032 0.033 1.09 7484.2 4.2727 15.609905 0.930866 15.98536 15.054494 "" "" 2239.8103 2512.31226 10739.51213 3.438 5511.5 10.694 7539.8 8.294 "" "" 0.0027771561291191657 0.0034961507 0.003963607 0.007459758 168.54990277621 -62.45032628256 2361.62793 -5.772000000000002 1.5910000000000006 0.06485064315795874 0.0032239351272582706 0.089536294 0.0905363 "" "" 0.7268421468403121 "" 0.06508055427745099 "" 0.96
168.16884094664 -62.2200411536 0.021 0.0213 3.0645 "" "" 5336896576435923456 2234.1438 0.4064 0.0258 -5.918 1.492 0.028 0.026 0.961 7355.8 4.4031 15.689347 0.924549 16.059132 15.134583 "" "" 2140.99561 2353.55371 9981.77984 3.0167 5149.5 9.3111 7003.7 11.994 "" "" 0.002774790072061782 0.0034116162 0.0042119953 0.0076236115 168.16884094664 -62.2200411536 2234.1438 -5.918 1.491999999999999 -0.08114935684204116 -0.0957760648727417 0.0855363 0.0835363 "" "" 1.3293635625482099 "" 0.11216883142520924 "" 0.88
168.39072949302 -62.36155088603 0.0233 0.0244 8.9979 "" "" 5336890593522043520 2281.27368 0.4028 0.0286 -5.816 1.557 0.032 0.03 0.954 7890.6 4.1952 15.7282 1.008037 16.146326 15.138289 "" "" 2151.9856 2438.5979 9630.89865 3.2642 4752.1 9.5017 6979.8 8.7805 "" "" 0.00277978505356448 0.003535231 0.0040186136 0.0075538447 168.39072949302 -62.36155088603 2281.27368 -5.816 1.557000000000001 0.020850643157959148 -0.03077606487274176 0.089536294 0.0875363 "" "" 0.40197262124522115 "" 0.03544208119657745 "" 0.97
168.36889872158 -62.34808716487 0.0226 0.0242 8.0256 "" "" 5336890597841594752 2007.34766 0.4653 0.028 -5.858 1.56 0.03 0.029 1.014 7253.6 4.3326 15.783199 1.024234 16.208328 15.184094 "" "" 1904.86353 2109.85718 9155.18468 3.3259 4488.3 9.659 6691.5 11.793 "" "" 0.0027834083205129376 0.0036393 0.004236172 0.007875472 168.36889872158 -62.34808716487 2007.34766 -5.858 1.56 -0.021149356842040667 -0.027776064872741646 0.0875363 0.086536296 "" "" 0.33217585738852673 "" 0.02886761931335706 "" 0.88
167.64333601613 -62.1388335455 0.0233 0.0221 15.8627 "" "" 5337087135553141248 2053.20923 0.4643 0.0275 -5.794 1.624 0.03 0.028 0.988 7163.1 4.3923 15.794263 0.954965 16.183184 15.228219 "" "" 1918.2168 2209.99146 9062.36422 2.8845 4593.5 11.127 6425.0 10.437 "" "" 0.002776907909767938 0.0038343242 0.004170659 0.008004983 167.64333601613 -62.1388335455 2053.20923 -5.793999999999997 1.6239999999999997 0.04285064315795939 0.03622393512725841 0.0875363 0.0855363 "" "" 0.5460760486445518 "" 0.04734934970149995 "" 0.93
168.03912686298 -62.24154904191 0.0244 0.0253 3.1866 "" "" 5336895236406112384 2405.30957 0.391 0.0293 -5.887 1.58 0.031 0.03 1.003 7359.7 4.13 15.86795 1.066485 16.31472 15.248235 "" "" 2213.33911 2558.30347 8467.72504 3.1638 4069.4 10.851 6307.6 7.8111 "" "" 0.002785022939949899 0.0040207785 0.004011422 0.008032201 168.03912686298 -62.24154904191 2405.30957 -5.887 1.5800000000000003 -0.05014935684204058 -0.007776064872741628 0.08853629 0.0875363 "" "" 0.5785938183087269 "" 0.05121304190839031 "" 0.97
168.84436419121 -62.2475089044 0.026 0.0275 19.8001 "" "" 5336886955710004864 1921.04846 0.481 0.0323 -5.84 1.641 0.036 0.034 1.058 5489.2 4.2568 15.872017 1.139771 16.311935 15.172165 "" "" 1796.03247 2056.07129 8436.06667 3.5486 4079.8 17.287 6765.4 31.024 "" "" 0.002792915003435471 0.005380488 0.0062508103 0.011631299 168.84436419121 -62.2475089044 1921.04846 -5.84 1.641 -0.0031493568420408735 0.053223935127258315 0.093536295 0.0915363 "" "" 0.48549259893036106 "" 0.0444436201292046 "" 0.88
168.08694795906 -62.14570357517 0.0264 0.0245 7.523 "" "" 5336897465469814784 2148.43384 0.4328 0.0312 -5.839 1.58 0.034 0.029 0.994 7231.3 4.3433 15.891206 1.030005 16.308853 15.278848 "" "" 2003.0072 2320.03784 8288.28335 2.9425 4091.4 12.182 6132.2 12.515 "" "" 0.002782151447178476 0.0042703236 0.0043810597 0.008651383 168.08694795906 -62.14570357517 2148.43384 -5.839 1.58 -0.0021493568420414277 -0.007776064872741628 0.0915363 0.086536296 "" "" 0.08215749431854831 "" 0.007139541388601807 "" 0.93
168.28770425533 -62.33363249244 0.0247 0.026 5.7244 "" "" 5336893793297258240 2109.34985 0.4369 0.0306 -5.797 1.514 0.032 0.032 0.992 7452.2 4.3419 15.932771 1.072878 16.378914 15.306036 "" "" 1997.08643 2265.51221 7976.98157 2.7145 3835.8 8.7851 5980.6 6.1821 "" "" 0.0027799811527963207 0.0037374438 0.003942502 0.007679946 168.28770425533 -62.33363249244 2109.34985 -5.797 1.514 0.039850643157959276 -0.07377606487274169 0.089536294 0.089536294 "" "" 0.8383684685905238 "" 0.0750644059700078 "" 0.97
