Clusters/UBC_272/UBC_272_members.tsv
# %ECSV 1.0
# ---
# datatype:
# - name: RA_ICRS_1
#   unit: deg
#   datatype: float64
#   format: '{:15.11f}'
#   description: Right ascension (ICRS) at Ep=2016.0 (ra)
#   meta: !!omap
#   - {ucd: POS_EQ_RA_MAIN}
#   - {width: 15}
#   - {precision: '11'}
# - name: DE_ICRS_1
#   unit: deg
#   datatype: float64
#   format: '{:15.11f}'
#   description: Declination (ICRS) at Ep=2016.0 (dec)
#   meta: !!omap
#   - {ucd: POS_EQ_DEC_MAIN}
#   - {width: 15}
#   - {precision: '11'}
# - name: e_RA_ICRS
#   unit: mas
#   datatype: float64
#   format: '{:7.4f}'
#   description: Standard error of right ascension (ra_error)
#   meta: !!omap
#   - {ucd: ERROR}
#   - {width: 7}
#   - {precision: '4'}
# - name: e_DE_ICRS
#   unit: mas
#   datatype: float64
#   format: '{:7.4f}'
#   description: Standard error of declination (dec_error)
#   meta: !!omap
#   - {ucd: ERROR}
#   - {width: 7}
#   - {precision: '4'}
# - name: _r_1
#   unit: ''
#   datatype: float64
#   format: '{:7.4f}'
#   description: Distance from center (168.13691566000-62.26890361000)[ICRS], at Epoch=J2016.0
#   meta: !!omap
#   - {ucd: POS_ANG_DIST_GENERAL}
#   - {width: 7}
#   - {precision: '4'}
# - name: HIP
#   datatype: int32
#   description: '? HIP cross-id number, van Leeuwen, Cat. I/311 (hip_original_ext_source_id)'
#   meta: !!omap
#   - {ucd: ID_NUMBER}
#   - {width: 6}
#   - values: {'null': -2147483648}
# - name: TYC2
#   datatype: string
#   description: Tycho-2 cross-id name, Hog et al., Cat. I/259 (tyc2_original_ext_source_id)
#   meta: !!omap
#   - {ucd: ID_CROSSID}
#   - {_votable_string_dtype: char}
# - name: Source
#   datatype: int64
#   description: Source identifier, identical to the Gaia-EDR3 source_id (id)
#   meta: !!omap
#   - {ucd: ID_MAIN}
#   - {width: 19}
# - name: rgeo
#   unit: pc
#   datatype: float64
#   format: '{:15.8f}'
#   description: '? Median of the geometric distance posterior (r_med_geo)'
#   meta: !!omap
#   - {ucd: PHYS_DISTANCE_TRUE}
#   - {width: 15}
#   - {precision: '8'}
#   - values: {'null': .nan}
# - name: Plx
#   unit: mas
#   datatype: float64
#   format: '{:9.4f}'
#   description: '? Parallax (parallax)'
#   meta: !!omap
#   - {ucd: POS_PARLX_TRIG}
#   - {width: 9}
#   - {precision: '4'}
#   - values: {'null': .nan}
# - name: e_Plx
#   unit: mas
#   datatype: float32
#   format: '{:7.4f}'
#   description: '? Standard error of parallax (parallax_error)'
#   meta: !!omap
#   - {ucd: ERROR}
#   - {width: 7}
#   - {precision: '4'}
#   - values: {'null': .nan}
# - name: pmRA
#   unit: mas / yr
#   datatype: float64
#   format: '{:9.3f}'
#   description: '? Proper motion in right ascension direction, pmRA*cosDE (pmra)'
#   meta: !!omap
#   - {ucd: POS_EQ_PMRA}
#   - {width: 9}
#   - {precision: '3'}
#   - values: {'null': .nan}
# - name: pmDE
#   unit: mas / yr
#   datatype: float64
#   format: '{:9.3f}'
#   description: '? Proper motion in declination direction (pmdec)'
#   meta: !!omap
#   - {ucd: POS_EQ_PMDEC}
#   - {width: 9}
#   - {precision: '3'}
#   - values: {'null': .nan}
# - name: e_pmRA
#   unit: mas / yr
#   datatype: float32
#   format: '{:6.3f}'
#   description: '? Standard error of proper motion in right ascension direction (pmra_error)'
#   meta: !!omap
#   - {ucd: ERROR}
#   - {width: 6}
#   - {precision: '3'}
#   - values: {'null': .nan}
# - name: e_pmDE
[...]
#       distance: !astropy.table.SerializedColumn
#         __class__: astropy.coordinates.distances.Distance
#         unit: !astropy.units.Unit {unit: pc}
#         value: !astropy.table.SerializedColumn {name: SkyCoord.distance}
#       frame: icrs
#       obstime: !astropy.time.Time {format: jyear_str, in_subfmt: '*', jd1: 367701545.0, jd2: 0.0, out_subfmt: '*', precision: 3, scale: tt}
#       pm_dec: !astropy.table.SerializedColumn
#         __class__: astropy.units.quantity.Quantity
#         unit: !astropy.units.Unit {unit: mas / yr}
#         value: !astropy.table.SerializedColumn {name: SkyCoord.pm_dec}
#       pm_ra_cosdec: !astropy.table.SerializedColumn
#         __class__: astropy.units.quantity.Quantity
#         unit: !astropy.units.Unit {unit: mas / yr}
#         value: !astropy.table.SerializedColumn {name: SkyCoord.pm_ra_cosdec}
#       ra: !astropy.table.SerializedColumn
#         __class__: astropy.coordinates.angles.Longitude
#         unit: *id001
#         value: !astropy.table.SerializedColumn {name: SkyCoord.ra}
#         wrap_angle: !astropy.coordinates.Angle
#           unit: *id001
#           value: 360.0
#       representation_type: spherical
# schema: astropy-2.0
RA_ICRS_1 DE_ICRS_1 e_RA_ICRS e_DE_ICRS _r_1 HIP TYC2 Source rgeo Plx e_Plx pmRA pmDE e_pmRA e_pmDE RUWE Teff logg Gmag BP-RP BPmag RPmag RV e_RV b_rgeo B_rgeo FG e_FG FBP e_FBP FRP e_FRP RAVE5 RAVE6 e_Gmag e_BPmag e_RPmag e_BP-RP SkyCoord.ra SkyCoord.dec SkyCoord.distance SkyCoord.pm_ra_cosdec SkyCoord.pm_dec rmRA rmDE e_rmRA e_rmDE rRV e_rRV v_pec v_pec3d e_vpec e_vpec3d Pmemb
168.2909369795 -62.54040557027 0.01 0.0099 16.8432 "" 8963-1327-1 5336864209561682304 2163.60132 0.4428 0.0115 -5.907 1.684 0.013 0.014 0.893 "" "" 10.186654 1.772171 11.050055 9.277885 -0.42 0.14 2105.92651 2219.59521 1585933.52602 243.79 519270.0 309.11 1541700.0 358.18 "" "" 0.0027603704226465955 0.002864048 0.0037877902 0.0066518383 168.2909369795 -62.54040557027 2163.60132 -5.906999999999997 1.6839999999999997 -0.07014935684204104 0.09622393512725824 0.0705363 0.071536295 4.260000000000001 16.786665 1.2212184509224404 4.43158825985373 0.0869395852481683 16.136713829171107 0.97
167.78241584384 -62.47831775346 0.0104 0.0102 15.9735 "" 8963-1159-1 5337050263230253184 2350.55615 0.3923 0.012 -5.868 1.67 0.013 0.012 0.889 "" "" 12.029702 0.506452 12.210103 11.703651 -23.62 18.99 2288.7019 2420.03174 290446.44328 42.567 178390.0 81.609 165080.0 41.1 "" "" 0.0027599111110875054 0.0028340353 0.0037890365 0.0066230716 167.78241584384 -62.47831775346 2350.55615 -5.8679999999999986 1.6700000000000006 -0.031149356842041342 0.08222393512725823 0.0705363 0.0695363 -18.94 35.636665 0.9796443447765245 18.965318427125148 0.0682445633219667 35.5890910835204 0.9
167.96591457819 -62.18810844057 0.0111 0.0114 6.8084 "" 8963-104-1 5337084696011814656 2266.32935 0.4079 0.0134 -5.866 1.655 0.015 0.014 1.037 "" "" 12.244842 0.344516 12.360961 12.016445 10.0 30.81 2186.75317 2338.74023 238237.45627 33.762 155250.0 63.812 123760.0 36.578 "" "" 0.0027596130387913228 0.0028256332 0.0037929805 0.0066186134 167.96591457819 -62.18810844057 2266.32935 -5.866 1.655 -0.029149356842040675 0.06722393512725833 0.0725363 0.071536295 14.68 47.456665 0.7871140241353698 14.701086643067939 0.0564325253930599 47.38859521775528 0.98
168.0438474463 -62.22476708891 0.0255 0.0273 3.7114 "" "" 5336896748234777856 2461.29102 0.3734 0.031 -5.822 1.767 0.034 0.034 2.771 11115.7 3.5133 12.62988 0.460874 12.780507 12.319634 "" "" 2258.42896 2661.6604 167106.99302 28.58 105490.0 118.37 93606.0 100.55 "" "" 0.0027615703358635666 0.0030445536 0.0039552413 0.006999795 168.0438474463 -62.22476708891 2461.29102 -5.822000000000001 1.7670000000000008 0.01485064315795892 0.1792239351272582 0.0915363 0.0915363 "" "" 2.0980852827741288 "" 0.1920509605004988 "" 0.96
167.89997272934 -62.28236400623 0.0089 0.0101 6.6629 "" "" 5337082565707864320 2330.14258 0.4006 0.0112 -5.731 1.719 0.011 0.013 0.964 6862.2 3.4064 12.663386 0.458131 12.824857 12.366726 "" "" 2282.74316 2392.08032 162028.73024 22.93 101270.0 41.594 89633.0 27.185 "" "" 0.002759601083180034 0.002825581 0.0037937004 0.006619281 167.89997272934 -62.28236400623 2330.14258 -5.730999999999997 1.718999999999999 0.10585064315795911 0.13122393512725838 0.0685363 0.0705363 "" "" 1.862104478685056 "" 0.1298906795806194 "" 0.88
168.28266604421 -62.2859271935 0.0111 0.0116 4.1944 "" "" 5336895442565249280 2639.77856 0.3495 0.0136 -5.883 1.704 0.015 0.015 0.986 6939.6 3.4884 12.939534 0.453903 13.09849 12.644587 "" "" 2556.28223 2730.57861 125641.49612 32.489 78708.0 51.579 69394.0 33.766 "" "" 0.002769587113189205 0.0028794596 0.0038161275 0.006695587 168.28266604421 -62.2859271935 2639.77856 -5.883 1.704 -0.04614935684204102 0.11622393512725826 0.0725363 0.0725363 "" "" 1.564707618895005 "" 0.11349809678531057 "" 0.94
168.43917353167 -62.34910388469 0.0086 0.0097 9.7046 "" "" 5336891285036374016 2267.42725 0.4116 0.0107 -5.823 1.577 0.012 0.012 0.899 7839.4 3.6791 13.003221 0.53809 13.198781 12.660691 "" "" 2213.5 2319.58447 118483.64245 29.378 71764.0 37.534 68373.0 24.234 "" "" 0.002768440429112638 0.0028473698 0.0037989232 0.006646293 168.43917353167 -62.34910388469 2267.42725 -5.823 1.576999999999999 0.013850643157958586 -0.010776064872741742 0.0695363 0.0695363 "" "" 0.18860864791892742 "" 0.01311514724390165 "" 0.98
168.10962086872 -62.29558905069 0.0084 0.0095 1.7731 "" "" 5336894824089404416 2175.03076 0.4266 0.0106 -5.828 1.598 0.011 0.012 0.849 "" "" 13.029729 0.511382 13.214968 12.703586 "" "" 2122.34375 2236.11011 115625.94048 28.932 70702.0 39.89 65724.0 29.246 "" "" 0.002768681267150522 0.0028566225 0.003810137 0.0066667595 168.10962086872 -62.29558905069 2175.03076 -5.827999999999998 1.5979999999999999 0.008850643157958693 0.010223935127258388 0.0685363 0.0695363 "" "" 0.13941398750785391 "" 0.009634858008501286 "" 0.99
168.43551677693 -62.35093978723 0.0085 0.0098 9.6716 "" "" 5336892040950615808 2125.86108 0.4356 0.0107 -5.8 1.533 0.012 0.013 0.923 "" "" 13.10129 0.46712 13.265486 12.798366 "" "" 2075.92725 2178.48584 108250.69756 79.153 67487.0 173.36 60230.0 132.36 "" "" 0.0028674121697982308 0.00394509 0.004469526 0.008414616 168.43551677693 -62.35093978723 2125.86108 -5.799999999999997 1.5329999999999995 0.03685064315795916 -0.05477606487274178 0.0695363 0.0705363 "" "" 0.6652365875433192 "" 0.04671707148522147 "" 0.99
167.87819694184 -62.3023151819 0.0088 0.0097 7.4924 "" "" 5337059063646168704 2172.48071 0.4269 0.0107 -5.827 1.617 0.011 0.012 0.833 9888.8 3.9542 13.372238 0.481361 13.546073 13.064712 "" "" 2116.27344 2229.31372 84343.47787 24.359 52118.0 26.257 47127.0 17.15 "" "" 0.002773105574405813 0.0028432815 0.0037999789 0.0066432604 167.87819694184 -62.3023151819 2172.48071 -5.827 1.617 0.009850643157959027 0.029223935127258294 0.0685363 0.0695363 "" "" 0.31757135614748566 "" 0.02205054522080651 "" 0.96
167.96019193631 -62.21071613523 0.0183 0.0192 6.0482 "" "" 5337083218543962752 2060.59399 0.4518 0.0219 -5.749 1.665 0.024 0.023 1.884 9748.1 3.7534 13.515309 0.558835 13.71895 13.160115 "" "" 1974.46948 2153.14868 73930.39981 22.563 44446.0 36.864 43163.0 35.382 "" "" 0.002775173480852917 0.0029318915 0.0038827625 0.006814654 167.96019193631 -62.21071613523 2060.59399 -5.749 1.665 0.08785064315795932 0.07722393512725834 0.08153629 0.0805363 "" "" 1.1424415866784388 "" 0.09265420712411872 "" 0.82
168.06956267523 -62.19343297238 0.0098 0.0101 4.9041 "" "" 5336896920033306496 2239.75293 0.4111 0.0119 -5.813 1.612 0.014 0.012 0.885 "" "" 13.591559 0.456913 13.755683 13.29877 "" "" 2172.62305 2299.40698 68916.47291 16.877 42968.0 28.334 37988.0 23.323 "" "" 0.002768119419469661 0.002880563 0.0038377175 0.0067182807 168.06956267523 -62.19343297238 2239.75293 -5.813 1.6120000000000005 0.02385064315795926 0.0242239351272584 0.071536295 0.0695363 "" "" 0.36090428009172626 "" 0.02545380512999725 "" 0.99
167.61753196556 -62.28437186028 0.0093 0.0106 14.5268 "" "" 5337062705778340864 2124.49585 0.4325 0.0114 -5.726 1.601 0.012 0.014 0.936 "" "" 13.655121 0.569779 13.86451 13.29473 "" "" 2078.38623 2166.15039 64997.76036 16.864 38870.0 22.491 38130.0 22.294 "" "" 0.0027696830446997125 0.002860021 0.0038323249 0.006692346 167.61753196556 -62.28437186028 2124.49585 -5.726000000000003 1.6010000000000006 0.110850643157959 0.01322393512725828 0.0695363 0.071536295 "" "" 1.1241931984938842 "" 0.07820422944761553 "" 0.96
168.18744669466 -62.33521593429 0.0109 0.012 4.2209 "" "" 5336893552779077248 2149.48145 0.4288 0.014 -5.83 1.543 0.015 0.015 1.198 "" "" 13.808471 0.648266 14.032669 13.384403 "" "" 2088.06055 2218.59668 56436.29081 16.841 33293.0 78.09 35107.0 51.467 "" "" 0.0027743035039337195 0.0037776183 0.0041008797 0.007878498 168.18744669466 -62.33521593429 2149.48145 -5.829999999999997 1.5429999999999997 0.006850643157958913 -0.04477606487274177 0.0725363 0.0725363 "" "" 0.46151141236885196 "" 0.033476328942244504 "" 0.96
168.27809792782 -62.28449650267 0.0103 0.0109 4.0502 "" "" 5336895442564726144 2291.04883 0.4036 0.0126 -5.816 1.593 0.014 0.013 0.95 9938.3 3.8385 13.880727 0.57163 14.09114 13.51951 "" "" 2238.31567 2367.21851 52802.70213 14.192 31547.0 17.036 30999.0 17.952 "" "" 0.002770730413722256 0.0028511083 0.0038313281 0.0066824364 168.27809792782 -62.28449650267 2291.04883 -5.816000000000002 1.593 0.020850643157959148 0.005223935127258272 0.071536295 0.0705363 "" "" 0.233427446623514 "" 0.01668483855471486 "" 0.98
168.08783160944 -62.27896916927 0.0106 0.0113 1.4974 "" "" 5336895064607417984 2250.41431 0.4084 0.0128 -5.823 1.569 0.014 0.013 0.952 "" "" 13.886729 0.577728 14.099645 13.521916 "" "" 2201.71704 2318.11182 52511.57554 12.9 31301.0 16.096 30931.0 14.736 "" "" 0.002768199787466174 0.0028454827 0.0038146148 0.0066600973 168.08783160944 -62.27896916927 2250.41431 -5.823000000000003 1.5690000000000008 0.013850643157958586 -0.01877606487274175 0.071536295 0.0705363 "" "" 0.2488813038123771 "" 0.01764327256554712 "" 0.98
168.39611143294 -62.33301126106 0.0115 0.0133 8.1885 "" "" 5336892109670096256 2225.96606 0.4142 0.0146 -5.865 1.502 0.015 0.016 1.123 "" "" 13.918794 0.639375 14.158256 13.518881 "" "" 2154.59155 2312.12305 50983.43523 10.163 29656.0 18.149 31017.0 16.324 "" "" 0.002763807388882009 0.0028681955 0.0038223346 0.00669053 168.39611143294 -62.33301126106 2225.96606 -5.8649999999999975 1.502 -0.02814935684204123 -0.0857760648727417 0.0725363 0.0735363 "" "" 0.9525187688884514 "" 0.06995266433592137 "" 0.98
167.84440217107 -62.30320203852 0.0109 0.0122 8.4176 "" "" 5337059716481180672 2286.86279 0.4009 0.0135 -5.867 1.63 0.014 0.015 0.917 10018.5 3.9978 14.124341 0.575412 14.338532 13.763121 "" "" 2215.07715 2362.82593 42190.06982 12.878 25119.0 17.259 24769.0 16.992 "" "" 0.0027751793465731166 0.0028881761 0.0038520782 0.0067402544 167.84440217107 -62.30320203852 2286.86279 -5.867000000000001 1.6300000000000008 -0.03014935684204101 0.042223935127258194 0.071536295 0.0725363 "" "" 0.5623975590917033 "" 0.040605196386029684 "" 0.98
167.92592519211 -62.07020049646 0.0127 0.0118 13.3067 "" "" 5337092113395017472 2226.59277 0.417 0.0149 -5.81 1.607 0.016 0.015 1.007 "" "" 14.232962 0.547428 14.422663 13.875235 "" "" 2146.32446 2286.58398 38173.51528 9.8259 23246.0 22.699 22339.0 42.476 "" "" 0.0027694571004664623 0.0029848025 0.004306469 0.0072912714 167.92592519211 -62.07020049646 2226.59277 -5.809999999999997 1.6070000000000004 0.026850643157959375 0.019223935127258285 0.0735363 0.0725363 "" "" 0.34852609511537647 "" 0.025511742097308793 "" 0.99
168.23477805534 -62.41929635821 0.013 0.0132 9.4262 "" "" 5336869604039872000 2271.16992 0.4051 0.015 -5.923 1.558 0.018 0.016 0.919 10018.9 4.2332 14.251774 0.594227 14.474233 13.880006 "" "" 2194.73853 2355.77759 37517.80128 10.588 22168.0 16.15 22241.0 15.81 "" "" 0.002772305104176399 0.0029001227 0.0038573819 0.0067575043 168.23477805534 -62.41929635821 2271.16992 -5.923 1.558 -0.08614935684204106 -0.029776064872741648 0.075536296 0.0735363 "" "" 0.9812614254690409 "" 0.07391390875707451 "" 0.96
168.57503169014 -62.31294298842 0.0122 0.014 12.5053 "" "" 5336891628634326528 2137.37939 0.4342 0.0154 -5.855 1.505 0.017 0.018 1.006 9795.1 4.2261 14.305239 0.562732 14.513179 13.950447 "" "" 2079.20728 2213.91089 35715.03922 11.172 21387.0 23.739 20844.0 15.058 "" "" 0.0027761730696083124 0.0030393102 0.0038599137 0.0068992237 168.57503169014 -62.31294298842 2137.37939 -5.855 1.505 -0.018149356842041442 -0.0827760648727418 0.074536294 0.075536296 "" "" 0.8585404670259688 "" 0.0648118349007424 "" 0.97
168.08739946915 -62.25689410098 0.0128 0.0131 1.5592 "" "" 5336895197727027328 2110.79346 0.4422 0.0155 -5.782 1.551 0.016 0.015 0.985 "" "" 14.318541 0.565531 14.528347 13.962816 "" "" 2047.6875 2184.60449 35280.15693 10.884 21090.0 19.886 20608.0 17.556 "" "" 0.0027756048191345736 0.0029720562 0.003890918 0.0068629743 168.08739946915 -62.25689410098 2110.79346 -5.782 1.5509999999999995 0.054850643157958956 -0.036776064872741765 0.0735363 0.0725363 "" "" 0.6607249550945885 "" 0.04838332522471507 "" 0.99
168.28483190898 -62.26295081435 0.0128 0.0137 4.1455 "" "" 5336895545643957888 2224.30884 0.416 0.016 -5.858 1.588 0.017 0.017 0.951 "" "" 14.381847 0.595007 14.604691 14.009685 "" "" 2151.10742 2299.75781 33281.87638 10.254 19658.0 14.782 19737.0 11.315 "" "" 0.0027755516046818023 0.0029071642 0.0038302948 0.006737459 168.28483190898 -62.26295081435 2224.30884 -5.8580000000000005 1.5879999999999992 -0.021149356842040667 0.00022393512725837894 0.074536294 0.074536294 "" "" 0.22299490365477925 "" 0.01662121364245972 "" 0.98
167.3955275485 -62.2291734207 0.0132 0.0148 20.8493 "" "" 5337074181930937216 2102.29297 0.4393 0.0161 -5.836 1.68 0.017 0.019 0.945 9660.9 4.1811 14.518331 0.609261 14.746982 14.137721 "" "" 2046.99829 2184.38672 29350.4376 8.4378 17243.0 11.106 17542.0 11.055 "" "" 0.0027729435802039716 0.0028764703 0.0038408204 0.0067172907 167.3955275485 -62.2291734207 2102.29297 -5.836 1.6799999999999995 0.000850643157958686 0.09222393512725824 0.074536294 0.0765363 "" "" 0.9190384941001041 "" 0.0703396495518274 "" 0.97
168.17281380618 -62.34196145379 0.0146 0.0153 4.4963 "" "" 5336893621498548480 2309.15405 0.3946 0.0177 -5.825 1.507 0.02 0.019 1.117 "" "" 14.555076 0.794902 14.860881 14.065979 "" "" 2205.66772 2426.79004 28373.72677 7.7523 15526.0 13.814 18740.0 14.701 "" "" 0.0027712430866127192 0.0029526656 0.003874167 0.006826833 168.17281380618 -62.34196145379 2309.15405 -5.8249999999999975 1.5069999999999997 0.011850643157958807 -0.0807760648727418 0.0775363 0.0765363 "" "" 0.8935897533838213 "" 0.06841100006175642 "" 0.91
167.43683592396 -62.1805808884 0.0132 0.0143 20.279 "" "" 5337075796838735616 1988.00525 0.4687 0.0165 -5.842 1.575 0.018 0.018 1.004 9706.1 4.1255 14.559084 0.632626 14.795107 14.162481 "" "" 1923.31091 2053.95874 28269.18712 7.5125 16496.0 23.119 17146.0 15.711 "" "" 0.002770386376706365 0.0031781232 0.0039081313 0.0070862547 167.43683592396 -62.1805808884 1988.00525 -5.841999999999997 1.5749999999999997 -0.005149356842040653 -0.012776064872741744 0.075536296 0.075536296 "" "" 0.12980145541259905 "" 0.009804721127630077 "" 0.95
167.85327252664 -62.21274844933 0.0134 0.0138 8.6129 "" "" 5337083940097450496 2294.21606 0.3991 0.0162 -5.835 1.593 0.017 0.017 0.932 9483.7 4.0637 14.605977 0.579714 14.821636 14.241922 "" "" 2227.49023 2386.66211 27074.22294 8.459 16098.0 16.735 15936.0 13.935 "" "" 0.002776123683285489 0.0030098187 0.0038968062 0.006906625 167.85327252664 -62.21274844933 2294.21606 -5.834999999999999 1.5929999999999993 0.00185064315795902 0.005223935127258272 0.074536294 0.074536294 "" "" 0.0602675479197948 "" 0.004492119655043153 "" 0.99
167.7226497976 -62.2713433171 0.0142 0.0147 11.5665 "" "" 5337060025718818688 2151.64111 0.4279 0.0169 -5.873 1.649 0.018 0.018 0.944 8379.8 4.3729 14.703112 0.705346 14.973313 14.267967 "" "" 2074.86987 2230.74243 24757.23182 7.3484 13999.0 15.084 15559.0 14.59 "" "" 0.0027741025625015654 0.0030255055 0.003914114 0.00693962 167.7226497976 -62.2713433171 2151.64111 -5.873 1.6489999999999994 -0.036149356842041236 0.06122393512725832 0.075536296 0.075536296 "" "" 0.7251286035429355 "" 0.05477352866966558 "" 0.98
167.49430944934 -62.1419177538 0.0185 0.0155 19.5267 "" "" 5337064595564116096 2100.88452 0.4347 0.0193 -5.828 1.635 0.026 0.021 0.988 9316.7 4.2979 14.712509 0.579752 14.930087 14.350335 "" "" 2026.27612 2183.97021 24543.86661 8.1319 14567.0 15.366 14422.0 12.353 "" "" 0.0027787034930127305 0.0030160793 0.0038921176 0.006908197 167.49430944934 -62.1419177538 2100.88452 -5.827999999999998 1.634999999999999 0.008850643157958693 0.04722393512725831 0.0835363 0.078536294 "" "" 0.4784529620155275 "" 0.037659592268405075 "" 0.9
167.98198731159 -62.29372128243 0.0154 0.017 4.5729 "" "" 5337082256470224000 2127.14478 0.4364 0.0189 -5.869 1.574 0.02 0.021 1.133 "" "" 14.789002 0.734091 15.071978 14.337887 "" "" 2055.57446 2208.56201 22874.18354 5.5481 12783.0 11.496 14588.0 18.844 "" "" 0.0027678763199266935 0.0029560872 0.0040312186 0.006987306 167.98198731159 -62.29372128243 2127.14478 -5.869 1.5739999999999994 -0.03214935684204079 -0.013776064872741633 0.0775363 0.078536294 "" "" 0.35265717722724527 "" 0.02739873748661346 "" 0.98
