Clusters/UBC_272/UBC_272_stars_in_region.tsv
# %ECSV 1.0
# ---
# datatype:
# - name: RA_ICRS_1
#   unit: deg
#   datatype: float64
#   format: '{:15.11f}'
#   description: Right ascension (ICRS) at Ep=2016.0 (ra)
#   meta: !!omap
#   - {ucd: POS_EQ_RA_MAIN}
#   - {width: 15}
#   - {precision: '11'}
# - name: DE_ICRS_1
#   unit: deg
#   datatype: float64
#   format: '{:15.11f}'
#   description: Declination (ICRS) at Ep=2016.0 (dec)
#   meta: !!omap
#   - {ucd: POS_EQ_DEC_MAIN}
#   - {width: 15}
#   - {precision: '11'}
# - name: e_RA_ICRS
#   unit: mas
#   datatype: float64
#   format: '{:7.4f}'
#   description: Standard error of right ascension (ra_error)
#   meta: !!omap
#   - {ucd: ERROR}
#   - {width: 7}
#   - {precision: '4'}
# - name: e_DE_ICRS
#   unit: mas
#   datatype: float64
#   format: '{:7.4f}'
#   description: Standard error of declination (dec_error)
#   meta: !!omap
#   - {ucd: ERROR}
#   - {width: 7}
#   - {precision: '4'}
# - name: _r_1
#   unit: ''
#   datatype: float64
#   format: '{:7.4f}'
#   description: Distance from center (168.13691566000-62.26890361000)[ICRS], at Epoch=J2016.0
#   meta: !!omap
#   - {ucd: POS_ANG_DIST_GENERAL}
#   - {width: 7}
#   - {precision: '4'}
# - name: HIP
#   datatype: int32
#   description: '? HIP cross-id number, van Leeuwen, Cat. I/311 (hip_original_ext_source_id)'
#   meta: !!omap
#   - {ucd: ID_NUMBER}
#   - {width: 6}
#   - values: {'null': -2147483648}
# - name: TYC2
#   datatype: string
#   description: Tycho-2 cross-id name, Hog et al., Cat. I/259 (tyc2_original_ext_source_id)
#   meta: !!omap
#   - {ucd: ID_CROSSID}
#   - {_votable_string_dtype: char}
# - name: Source
#   datatype: int64
#   description: Source identifier, identical to the Gaia-EDR3 source_id (id)
#   meta: !!omap
#   - {ucd: ID_MAIN}
#   - {width: 19}
# - name: rgeo
#   unit: pc
#   datatype: float64
#   format: '{:15.8f}'
#   description: '? Median of the geometric distance posterior (r_med_geo)'
#   meta: !!omap
#   - {ucd: PHYS_DISTANCE_TRUE}
#   - {width: 15}
#   - {precision: '8'}
#   - values: {'null': .nan}
# - name: Plx
#   unit: mas
#   datatype: float64
#   format: '{:9.4f}'
#   description: '? Parallax (parallax)'
#   meta: !!omap
#   - {ucd: POS_PARLX_TRIG}
#   - {width: 9}
#   - {precision: '4'}
#   - values: {'null': .nan}
# - name: e_Plx
#   unit: mas
#   datatype: float32
#   format: '{:7.4f}'
#   description: '? Standard error of parallax (parallax_error)'
#   meta: !!omap
#   - {ucd: ERROR}
#   - {width: 7}
#   - {precision: '4'}
#   - values: {'null': .nan}
# - name: pmRA
#   unit: mas / yr
#   datatype: float64
#   format: '{:9.3f}'
#   description: '? Proper motion in right ascension direction, pmRA*cosDE (pmra)'
#   meta: !!omap
#   - {ucd: POS_EQ_PMRA}
#   - {width: 9}
#   - {precision: '3'}
#   - values: {'null': .nan}
# - name: pmDE
#   unit: mas / yr
#   datatype: float64
#   format: '{:9.3f}'
#   description: '? Proper motion in declination direction (pmdec)'
#   meta: !!omap
#   - {ucd: POS_EQ_PMDEC}
#   - {width: 9}
#   - {precision: '3'}
#   - values: {'null': .nan}
# - name: e_pmRA
#   unit: mas / yr
#   datatype: float32
#   format: '{:6.3f}'
#   description: '? Standard error of proper motion in right ascension direction (pmra_error)'
#   meta: !!omap
#   - {ucd: ERROR}
#   - {width: 6}
#   - {precision: '3'}
#   - values: {'null': .nan}
# - name: e_pmDE
[...]
#         value: !astropy.table.SerializedColumn {name: SkyCoord.dec}
#       distance: !astropy.table.SerializedColumn
#         __class__: astropy.coordinates.distances.Distance
#         unit: !astropy.units.Unit {unit: pc}
#         value: !astropy.table.SerializedColumn {name: SkyCoord.distance}
#       frame: icrs
#       obstime: !astropy.time.Time {format: jyear_str, in_subfmt: '*', jd1: 367701545.0, jd2: 0.0, out_subfmt: '*', precision: 3, scale: tt}
#       pm_dec: !astropy.table.SerializedColumn
#         __class__: astropy.units.quantity.Quantity
#         unit: !astropy.units.Unit {unit: mas / yr}
#         value: !astropy.table.SerializedColumn {name: SkyCoord.pm_dec}
#       pm_ra_cosdec: !astropy.table.SerializedColumn
#         __class__: astropy.units.quantity.Quantity
#         unit: !astropy.units.Unit {unit: mas / yr}
#         value: !astropy.table.SerializedColumn {name: SkyCoord.pm_ra_cosdec}
#       ra: !astropy.table.SerializedColumn
#         __class__: astropy.coordinates.angles.Longitude
#         unit: *id001
#         value: !astropy.table.SerializedColumn {name: SkyCoord.ra}
#         wrap_angle: !astropy.coordinates.Angle
#           unit: *id001
#           value: 360.0
#       representation_type: spherical
# schema: astropy-2.0
RA_ICRS_1 DE_ICRS_1 e_RA_ICRS e_DE_ICRS _r_1 HIP TYC2 Source rgeo Plx e_Plx pmRA pmDE e_pmRA e_pmDE RUWE Teff logg Gmag BP-RP BPmag RPmag RV e_RV b_rgeo B_rgeo FG e_FG FBP e_FBP FRP e_FRP RAVE5 RAVE6 e_Gmag e_BPmag e_RPmag e_BP-RP SkyCoord.ra SkyCoord.dec SkyCoord.distance SkyCoord.pm_ra_cosdec SkyCoord.pm_dec rmRA rmDE e_rmRA e_rmDE rRV e_rRV v_pec v_pec3d e_vpec e_vpec3d
[from data line 1933]
168.7434178763 -62.45602056858 0.0461 0.0398 20.273 "" "" 5336878022177706368 2572.73779 0.3772 0.0537 -4.901 2.072 0.054 0.049 1.036 8672.2 4.2515 16.649273 1.63545 17.42377 15.788321 "" "" 2251.36499 2900.72681 4123.23252 2.3709 1465.2 8.8321 3835.6 9.2895 "" "" 0.002825163945118282 0.007114666 0.0046041636 0.01171883 168.7434178763 -62.45602056858 2572.73779 -4.901 2.072 0.9358506431579592 0.48422393512725836 0.111536294 0.1065363 "" "" 12.849668804724836 "" 1.4198785415213773 ""
168.33595091265 -62.57435991674 0.0447 0.0372 19.1431 "" "" 5336864106482484480 1975.65027 0.4847 0.0473 -8.688 2.432 0.056 0.052 1.024 5458.5 4.6042 16.64935 1.248006 17.203617 15.955611 "" "" 1802.65686 2197.43213 4122.93834 2.1557 1794.6 7.1859 3287.9 9.0858 "" "" 0.00281319270731604 0.005165816 0.004825526 0.009991342 168.33595091265 -62.57435991674 1975.65027 -8.68799999999999 2.4319999999999977 -2.8511493568420416 0.8442239351272582 0.1135363 0.1095363 "" "" 27.845686908562282 "" 3.1526637307872196 ""
167.8633427383 -62.11936962988 0.037 0.0328 11.7952 "" "" 5337085761163778816 2029.17566 0.47 0.0424 -9.927 4.173 0.047 0.042 1.02 5582.9 4.5794 16.649755 1.300327 17.166834 15.866507 "" "" 1860.84009 2254.25781 4121.39983 2.3571 1856.5 7.9743 3569.1 19.22 "" "" 0.002824423822332282 0.0054345448 0.0069619613 0.012396506 167.8633427383 -62.11936962988 2029.17566 -9.926999999999992 4.173000000000001 -4.090149356842041 2.5852239351272583 0.104536295 0.0995363 "" "" 46.539721318580206 "" 4.799814714514867 ""
168.52117607369 -61.95470083344 0.0402 0.0409 21.7187 "" "" 5336997868945333504 2219.44629 0.4356 0.0509 -5.568 2.85 0.051 0.044 0.976 5464.0 4.6274 16.650661 1.249106 17.198057 15.948951 "" "" 2015.58484 2471.11011 4117.96139 2.1573 1803.8 7.7306 3308.1 9.0716 "" "" 0.0028134165025686555 0.0054255924 0.0048112706 0.010236863 168.52117607369 -61.95470083344 2219.44629 -5.568 2.850000000000001 0.26885064315795937 1.2622239351272584 0.108536296 0.1015363 "" "" 13.57669266588579 "" 1.3827871882250646 ""
167.67271047671 -62.49218570464 0.0448 0.0375 18.6065 "" "" 5337050748589139840 2376.43115 0.407 0.048 -9.712 0.887 0.052 0.045 1.03 4969.8 4.2923 16.650976 1.608284 17.401169 15.792885 "" "" 2132.45142 2669.75049 4116.7642 2.1194 1496.1 9.2693 3819.5 10.619 "" "" 0.0028114456149087997 0.007282536 0.0048368894 0.012119425 167.67271047671 -62.49218570464 2376.43115 -9.71200000000001 0.8870000000000005 -3.8751493568420408 -0.7007760648727417 0.1095363 0.1025363 "" "" 44.35878567507411 "" 4.849369044428398 ""
168.11527261509 -62.48108546325 0.0438 0.0366 12.7451 "" "" 5336867782973695488 2370.87134 0.4115 0.0457 -7.364 0.364 0.05 0.045 1.022 7343.1 4.3716 16.651165 1.238994 17.186401 15.947408 "" "" 2139.03271 2558.95728 4116.05319 2.2665 1823.3 7.5354 3312.8 9.0995 "" "" 0.002819437038703263 0.005283913 0.004814317 0.01009823 168.11527261509 -62.48108546325 2370.87134 -7.364000000000008 0.3640000000000005 -1.527149356842041 -1.2237760648727418 0.1075363 0.1025363 "" "" 21.992525985983878 "" 2.3226145195370362 ""
168.67460359852 -62.10173098875 0.0397 0.0391 18.0891 "" "" 5336994398611987712 2210.15991 0.4368 0.0497 -10.755 -1.271 0.048 0.047 1.027 5563.4 4.6126 16.65124 1.199698 17.173498 15.973801 "" "" 2011.93872 2479.57837 4115.76633 2.4285 1845.1 8.5386 3233.2 10.436 "" "" 0.0028288168090463903 0.0057472116 0.0051541473 0.010901359 168.67460359852 -62.10173098875 2210.15991 -10.755 -1.270999999999996 -4.918149356842042 -2.8587760648727416 0.1055363 0.104536295 "" "" 59.595246572733515 "" 6.274464472071089 ""
168.30937357531 -62.11875123743 0.0393 0.0367 10.2207 "" "" 5336902692469407360 2756.81201 0.3505 0.0477 -5.768 1.046 0.047 0.042 0.984 9502.2 4.2877 16.651453 1.594143 17.387884 15.793741 "" "" 2391.95728 3219.396 4114.95605 2.1577 1514.5 6.9038 3816.5 8.2782 "" "" 0.0028135218640184013 0.0056815976 0.0044530723 0.01013467 168.30937357531 -62.11875123743 2756.81201 -5.768000000000005 1.046000000000001 0.06885064315795919 -0.5417760648727417 0.104536295 0.0995363 "" "" 7.136483229032467 "" 0.7109202563349576 ""
167.9845864794 -62.28875800567 0.0352 0.0367 4.4153 "" "" 5337082256470225920 2331.26318 0.4136 0.0424 -7.471 1.505 0.045 0.046 0.985 5717.5 4.5345 16.652582 1.289423 17.218573 15.92915 "" "" 2114.11816 2554.4939 4110.68541 2.0969 1770.1 8.462 3369.0 7.6918 "" "" 0.0028104328956140437 0.005892804 0.004519785 0.010412589 167.9845864794 -62.28875800567 2331.26318 -7.471 1.505 -1.634149356842041 -0.0827760648727418 0.1025363 0.10353629 "" "" 18.080808252789577 "" 1.8539856473026508 ""
167.6124815137 -62.08593378079 0.0384 0.0356 18.3359 "" "" 5337088471259614336 1937.7196 0.4911 0.0446 -6.326 2.561 0.047 0.045 0.98 5579.8 4.5889 16.65301 1.232446 17.188324 15.955878 "" "" 1782.58203 2120.47925 4109.06569 2.1124 1820.1 9.5584 3287.1 10.854 "" "" 0.0028112861934566553 0.0063479063 0.005209286 0.011557193 167.6124815137 -62.08593378079 1937.7196 -6.325999999999996 2.561000000000001 -0.48914935684204064 0.9732239351272582 0.104536295 0.1025363 "" "" 10.004391655843337 "" 1.0298797347011541 ""
167.49945579916 -62.52437427874 0.0412 0.0351 23.431 "" "" 5337051882460418688 2030.99731 0.4697 0.0449 -7.171 3.761 0.051 0.045 1.004 7396.0 4.3749 16.654577 1.485802 17.331776 15.845974 "" "" 1849.53503 2248.11377 4103.13269 2.211 1594.8 7.8048 3637.2 10.722 "" "" 0.0028167498936744135 0.006001518 0.0049525388 0.010954057 167.49945579916 -62.52437427874 2030.99731 -7.171000000000002 3.761000000000004 -1.3341493568420413 2.1732239351272584 0.108536296 0.1025363 "" "" 24.549337943665098 "" 2.558359005560184 ""
168.55449309966 -62.37732832328 0.038 0.0385 13.3324 "" "" 5336891044518954496 2621.87793 0.3638 0.0458 -7.4 1.786 0.049 0.05 1.001 8454.3 4.4243 16.654839 1.556849 17.356491 15.799642 "" "" 2309.43799 2882.82715 4102.14669 2.3564 1558.9 5.7352 3795.8 9.1337 "" "" 0.0028250250848011966 0.0048724227 0.0045944797 0.009466902 168.55449309966 -62.37732832328 2621.87793 -7.4 1.786000000000001 -1.5631493568420414 0.19822393512725833 0.1065363 0.1075363 "" "" 19.581927423765165 "" 2.0864974186983853 ""
168.54311630497 -62.30578273819 0.0384 0.0409 11.5479 "" "" 5336891693034167424 2153.3562 0.4399 0.0472 -2.831 -1.613 0.049 0.051 0.954 5326.4 4.4961 16.655195 1.314678 17.214014 15.899336 "" "" 1995.6377 2419.19922 4100.79845 2.4059 1777.5 8.9369 3462.8 10.935 "" "" 0.0028279934967450657 0.0061305915 0.005102839 0.01123343 168.54311630497 -62.30578273819 2153.3562 -2.8309999999999995 -1.6130000000000002 3.005850643157959 -3.2007760648727417 0.1065363 0.108536296 "" "" 44.8176334026984 "" 4.82254209451494 ""
167.58215315429 -62.26009283455 0.0355 0.0351 15.4998 "" "" 5337062808857577472 2528.90918 0.3718 0.0411 -6.73 4.117 0.042 0.045 1.01 5345.7 4.3743 16.65671 1.129507 16.999271 15.869764 "" "" 2329.40747 2724.44336 4095.08145 2.7817 2166.2 26.722 3558.4 18.644 "" "" 0.0028523184807458424 0.013681062 0.006829669 0.02051073 167.58215315429 -62.26009283455 2528.90918 -6.73 4.117 -0.8931493568420414 2.5292239351272583 0.0995363 0.1025363 "" "" 32.1527113881332 "" 3.28626471238721 ""
168.69695200136 -62.45923270613 0.0618 0.0571 19.3221 "" "" 5336878056528689024 2737.48975 0.3772 0.0744 -6.665 1.376 0.073 0.068 1.434 10242.0 4.2552 16.65684 1.487646 17.228706 15.74106 "" "" 2279.3374 3288.86816 4094.59533 3.7402 1753.6 10.654 4006.2 22.958 "" "" 0.002928375738076616 0.0071622236 0.0072798524 0.014442076 168.69695200136 -62.45923270613 2737.48975 -6.665 1.376 -0.828149356842041 -0.2117760648727418 0.13053629 0.1255363 "" "" 11.09160997915187 "" 1.444514921999255 ""
167.58074239718 -62.1412444629 0.0698 0.0622 17.3438 "" "" 5337087818427280128 2509.69287 0.3763 0.0797 -5.978 4.207 0.086 0.079 0.997 "" "" 16.658709 3.122425 18.055563 14.933138 "" "" 2111.80078 2942.01538 4087.55241 32.931 818.83 79.971 8431.5 95.342 "" "" 0.009170832661342313 0.10607508 0.012845871 0.11892095 167.58074239718 -62.1412444629 2509.69287 -5.977999999999999 4.206999999999999 -0.14114935684204077 2.619223935127258 0.1435363 0.1365363 "" "" 31.203352271068542 "" 4.261038924469199 ""
168.85328956673 -62.36649429105 0.038 0.0379 20.809 "" "" 5336884481808601856 2399.28345 0.3968 0.0465 -6.271 1.865 0.049 0.046 0.98 "" "" 16.659288 1.709294 17.472658 15.763364 "" "" 2156.91504 2673.08008 4085.37213 2.3199 1400.7 6.7226 3924.8 8.185 "" "" 0.002823457485950436 0.0059109214 0.0044057444 0.010316666 168.85328956673 -62.36649429105 2399.28345 -6.271000000000001 1.865 -0.4341493568420409 0.2772239351272583 0.1065363 0.10353629 "" "" 5.85814691790164 "" 0.6190663225182492 ""
168.64662348649 -62.17183337539 0.0387 0.0408 15.3976 "" "" 5336900252928247424 2593.23584 0.3773 0.0509 -5.022 3.095 0.052 0.049 1.069 "" "" 16.66154 1.256299 17.197882 15.941583 "" "" 2281.08398 3036.74048 4076.91066 15.458 1804.1 23.205 3330.6 44.823 "" "" 0.00495366428300098 0.014241143 0.01509263 0.029333774 168.64662348649 -62.17183337539 2593.23584 -5.022 3.094999999999997 0.8148506431579587 1.5072239351272585 0.1095363 0.1065363 "" "" 21.06088441249302 "" 2.2581936791029156 ""
168.62771104199 -62.58575777513 0.0427 0.0372 23.3926 "" "" 5336853008286732288 2195.36792 0.4331 0.0479 -6.151 3.335 0.05 0.047 1.007 5213.1 4.2917 16.66163 1.730357 17.49059 15.760232 "" "" 2026.71899 2403.18359 4076.56634 2.2685 1377.8 5.8858 3936.1 9.5008 "" "" 0.0028207847624480563 0.0054127043 0.0045991116 0.010011816 168.62771104199 -62.58575777513 2195.36792 -6.151 3.3349999999999995 -0.3141493568420408 1.7472239351272583 0.1075363 0.104536295 "" "" 18.473237873246273 "" 1.9328834365175156 ""
168.91383045197 -62.09967002565 0.0399 0.0362 24.005 "" "" 5336983334776644096 2243.8501 0.4365 0.0474 -12.334 0.009 0.052 0.047 1.013 5659.2 4.5898 16.662119 1.234641 17.191935 15.957294 "" "" 2008.47827 2462.51709 4074.73539 2.0462 1814.0 9.2226 3282.8 17.518 "" "" 0.002808746324152425 0.006185114 0.006917513 0.013102626 168.91383045197 -62.09967002565 2243.8501 -12.334 0.009000000000000058 -6.497149356842041 -1.5787760648727418 0.1095363 0.104536295 "" "" 71.11358631380601 "" 7.770122733254816 ""
167.610839158 -62.24471261406 0.0358 0.0366 14.7651 "" "" 5337062946296568320 2387.65234 0.398 0.0425 -16.85 5.949 0.043 0.047 1.086 "" "" 16.662249 1.322377 17.251863 15.929486 "" "" 2194.63696 2647.55615 4074.24568 2.0292 1716.6 10.387 3367.9 8.0602 "" "" 0.00280788305468018 0.007137644 0.004586454 0.011724098 167.610839158 -62.24471261406 2387.65234 -16.85 5.949 -11.013149356842042 4.361223935127258 0.1005363 0.104536295 "" "" 134.05818377668945 "" 13.551648442343676 ""
167.9483449844 -62.59902648233 0.0452 0.0377 20.4877 "" "" 5336861632580464640 2330.1626 0.4051 0.049 -3.958 -2.42 0.054 0.047 1.023 5109.8 3.5327 16.662447 2.503325 18.02942 15.526095 "" "" 2119.03809 2592.76074 4073.50308 2.8995 838.78 8.8714 4883.4 9.7774 "" "" 0.002861650374725745 0.011817455 0.004359961 0.016177416 167.9483449844 -62.59902648233 2330.1626 -3.958 -2.42 1.8788506431579588 -4.007776064872742 0.111536294 0.104536295 "" "" 48.888624699781936 "" 5.173967773906424 ""
168.11179758332 -62.63900297449 0.043 0.0381 22.2169 "" "" 5336860361270931072 2360.63037 0.4029 0.0498 -13.822 3.953 0.054 0.048 0.918 6679.2 4.3527 16.664474 1.563189 17.3865 15.823311 "" "" 2131.68188 2682.18164 4065.90123 2.377 1516.4 8.4302 3713.9 8.8908 "" "" 0.0028274875424931334 0.0066496767 0.004586875 0.011236552 168.11179758332 -62.63900297449 2360.63037 -13.822000000000015 3.9530000000000003 -7.98514935684204 2.365223935127258 0.111536294 0.1055363 "" "" 93.18610326976494 "" 10.349654613445933 ""
167.85291388545 -62.23190503465 0.0378 0.0348 8.2387 "" "" 5337083454737670400 2482.78149 0.3853 0.0439 -5.883 0.425 0.046 0.044 1.025 "" "" 16.66448 1.36395 17.282993 15.919044 "" "" 2240.51538 2734.57788 4065.87775 2.1161 1668.1 9.0697 3400.5 6.3812 "" "" 0.0028126676476873083 0.0065294756 0.0042935847 0.01082306 167.85291388545 -62.23190503465 2482.78149 -5.882999999999993 0.42500000000000016 -0.04614935684204102 -1.1627760648727417 0.10353629 0.1015363 "" "" 13.69476890201392 "" 1.3905596130838125 ""
168.25137982659 -62.35023732612 0.0372 0.0354 5.8309 "" "" 5336893651546423040 2657.84473 0.3549 0.0437 -9.876 2.533 0.047 0.042 1.011 5094.1 4.3521 16.664661 1.389007 17.2726 15.883594 "" "" 2379.75659 3060.00146 4065.20051 1.9778 1684.1 8.6731 3513.3 8.0146 "" "" 0.0028054978929802155 0.0062490217 0.0045186575 0.01076768 168.25137982659 -62.35023732612 2657.84473 -9.875999999999989 2.532999999999994 -4.0391493568420405 0.9452239351272582 0.104536295 0.0995363 "" "" 52.260717145993674 "" 5.44988323966123 ""
168.2619745887 -62.08040360222 0.0394 0.0391 11.8399 "" "" 5336904444816076928 1934.42371 0.5028 0.0502 -8.744 -0.247 0.048 0.043 0.994 4943.0 4.3731 16.66555 1.270865 17.214901 15.944036 "" "" 1777.34363 2164.67993 4061.87554 2.3708 1776.1 6.1879 3323.1 12.0 "" "" 0.0028272568968174885 0.0047003995 0.005445687 0.010146087 168.2619745887 -62.08040360222 1934.42371 -8.744 -0.2469999999999991 -2.907149356842041 -1.8347760648727416 0.1055363 0.1005363 "" "" 31.52103593277922 "" 3.2824895640161076 ""
167.72881661958 -62.45229707564 0.0448 0.0361 15.8148 "" "" 5337051126546320256 1982.1875 0.487 0.0471 -6.812 2.461 0.052 0.044 0.999 5455.0 4.5226 16.66559 1.490154 17.355324 15.86517 "" "" 1778.69861 2224.53027 4061.72678 2.3242 1560.6 7.0838 3573.5 8.2951 "" "" 0.0028244960048923085 0.005663338 0.0045426465 0.010205984 167.72881661958 -62.45229707564 1982.1875 -6.812000000000006 2.4609999999999976 -0.9751493568420413 0.8732239351272582 0.1095363 0.1015363 "" "" 12.298639104203613 "" 1.3042787455036133 ""
167.51840181337 -62.02306885832 0.0394 0.0351 22.7639 "" "" 5337102008996615936 2336.63062 0.4088 0.0441 -4.986 1.403 0.05 0.046 0.956 5518.9 4.6049 16.665768 1.047358 17.10447 16.057112 "" "" 2157.37183 2634.09863 4061.06332 2.1785 1966.2 8.4373 2994.4 10.729 "" "" 0.0028162051638135083 0.00543066 0.005423791 0.010854451 167.51840181337 -62.02306885832 2336.63062 -4.986000000000001 1.4030000000000002 0.8508506431579592 -0.18477606487274167 0.1075363 0.10353629 "" "" 9.643362798099865 "" 1.0353052276605295 ""
167.44040646336 -62.31513327814 0.0397 0.0391 19.628 "" "" 5337061640626316544 1987.40564 0.492 0.0465 -4.711 0.098 0.051 0.05 1.06 8189.1 4.4094 16.667328 1.556225 17.394169 15.837944 "" "" 1816.96021 2193.08081 4055.23313 2.1222 1505.7 7.8873 3664.2 12.577 "" "" 0.0028132954156449065 0.006334954 0.0053077186 0.011642672 167.44040646336 -62.31513327814 1987.40564 -4.711 0.098 1.1258506431579587 -1.4897760648727416 0.108536296 0.1075363 "" "" 17.59094271004102 "" 1.8980781704279335 ""
168.29910145414 -62.63061901613 0.0955 0.0873 22.1647 "" "" 5336863453647482112 1974.80835 0.5334 0.1071 -7.166 3.608 0.123 0.117 2.245 5238.3 4.7045 16.670265 1.475576 17.227894 15.752317 "" "" 1629.43835 2408.15186 4044.27207 5.6081 1754.9 7.6099 3964.9 14.138 "" "" 0.0031398275567017467 0.005472822 0.0054103876 0.01088321 168.29910145414 -62.63061901613 1974.80835 -7.166 3.6080000000000014 -1.3291493568420414 2.0202239351272584 0.1805363 0.17453629 "" "" 22.636269356163723 "" 3.99236751803607 ""
167.81656550995 -62.21402676914 0.0355 0.0346 9.5384 "" "" 5337083733938997376 2138.49878 0.4461 0.0419 -9.42 0.725 0.045 0.044 1.005 5367.9 4.5574 16.670776 1.292139 17.238108 15.945969 "" "" 1993.57983 2319.18091 4042.37439 1.8577 1738.5 7.5021 3317.2 9.86 "" "" 0.0028001335246104152 0.0054531256 0.0049697813 0.010422907 167.81656550995 -62.21402676914 2138.49878 -9.419999999999998 0.7250000000000001 -3.583149356842041 -0.8627760648727417 0.1025363 0.1015363 "" "" 37.35860610950125 "" 3.8285753245198864 ""
