Clusters/UBC_272/UBC_272_stars_in_region.tsv
# %ECSV 1.0
# ---
# datatype:
# - name: RA_ICRS_1
#   unit: deg
#   datatype: float64
#   format: '{:15.11f}'
#   description: Right ascension (ICRS) at Ep=2016.0 (ra)
#   meta: !!omap
#   - {ucd: POS_EQ_RA_MAIN}
#   - {width: 15}
#   - {precision: '11'}
# - name: DE_ICRS_1
#   unit: deg
#   datatype: float64
#   format: '{:15.11f}'
#   description: Declination (ICRS) at Ep=2016.0 (dec)
#   meta: !!omap
#   - {ucd: POS_EQ_DEC_MAIN}
#   - {width: 15}
#   - {precision: '11'}
# - name: e_RA_ICRS
#   unit: mas
#   datatype: float64
#   format: '{:7.4f}'
#   description: Standard error of right ascension (ra_error)
#   meta: !!omap
#   - {ucd: ERROR}
#   - {width: 7}
#   - {precision: '4'}
# - name: e_DE_ICRS
#   unit: mas
#   datatype: float64
#   format: '{:7.4f}'
#   description: Standard error of declination (dec_error)
#   meta: !!omap
#   - {ucd: ERROR}
#   - {width: 7}
#   - {precision: '4'}
# - name: _r_1
#   unit: ''
#   datatype: float64
#   format: '{:7.4f}'
#   description: Distance from center (168.13691566000-62.26890361000)[ICRS], at Epoch=J2016.0
#   meta: !!omap
#   - {ucd: POS_ANG_DIST_GENERAL}
#   - {width: 7}
#   - {precision: '4'}
# - name: HIP
#   datatype: int32
#   description: '? HIP cross-id number, van Leeuwen, Cat. I/311 (hip_original_ext_source_id)'
#   meta: !!omap
#   - {ucd: ID_NUMBER}
#   - {width: 6}
#   - values: {'null': -2147483648}
# - name: TYC2
#   datatype: string
#   description: Tycho-2 cross-id name, Hog et al., Cat. I/259 (tyc2_original_ext_source_id)
#   meta: !!omap
#   - {ucd: ID_CROSSID}
#   - {_votable_string_dtype: char}
# - name: Source
#   datatype: int64
#   description: Source identifier, identical to the Gaia-EDR3 source_id (id)
#   meta: !!omap
#   - {ucd: ID_MAIN}
#   - {width: 19}
# - name: rgeo
#   unit: pc
#   datatype: float64
#   format: '{:15.8f}'
#   description: '? Median of the geometric distance posterior (r_med_geo)'
#   meta: !!omap
#   - {ucd: PHYS_DISTANCE_TRUE}
#   - {width: 15}
#   - {precision: '8'}
#   - values: {'null': .nan}
# - name: Plx
#   unit: mas
#   datatype: float64
#   format: '{:9.4f}'
#   description: '? Parallax (parallax)'
#   meta: !!omap
#   - {ucd: POS_PARLX_TRIG}
#   - {width: 9}
#   - {precision: '4'}
#   - values: {'null': .nan}
# - name: e_Plx
#   unit: mas
#   datatype: float32
#   format: '{:7.4f}'
#   description: '? Standard error of parallax (parallax_error)'
#   meta: !!omap
#   - {ucd: ERROR}
#   - {width: 7}
#   - {precision: '4'}
#   - values: {'null': .nan}
# - name: pmRA
#   unit: mas / yr
#   datatype: float64
#   format: '{:9.3f}'
#   description: '? Proper motion in right ascension direction, pmRA*cosDE (pmra)'
#   meta: !!omap
#   - {ucd: POS_EQ_PMRA}
#   - {width: 9}
#   - {precision: '3'}
#   - values: {'null': .nan}
# - name: pmDE
#   unit: mas / yr
#   datatype: float64
#   format: '{:9.3f}'
#   description: '? Proper motion in declination direction (pmdec)'
#   meta: !!omap
#   - {ucd: POS_EQ_PMDEC}
#   - {width: 9}
#   - {precision: '3'}
#   - values: {'null': .nan}
# - name: e_pmRA
#   unit: mas / yr
#   datatype: float32
#   format: '{:6.3f}'
#   description: '? Standard error of proper motion in right ascension direction (pmra_error)'
#   meta: !!omap
#   - {ucd: ERROR}
#   - {width: 6}
#   - {precision: '3'}
#   - values: {'null': .nan}
# - name: e_pmDE
[...]
#         value: !astropy.table.SerializedColumn {name: SkyCoord.dec}
#       distance: !astropy.table.SerializedColumn
#         __class__: astropy.coordinates.distances.Distance
#         unit: !astropy.units.Unit {unit: pc}
#         value: !astropy.table.SerializedColumn {name: SkyCoord.distance}
#       frame: icrs
#       obstime: !astropy.time.Time {format: jyear_str, in_subfmt: '*', jd1: 367701545.0, jd2: 0.0, out_subfmt: '*', precision: 3, scale: tt}
#       pm_dec: !astropy.table.SerializedColumn
#         __class__: astropy.units.quantity.Quantity
#         unit: !astropy.units.Unit {unit: mas / yr}
#         value: !astropy.table.SerializedColumn {name: SkyCoord.pm_dec}
#       pm_ra_cosdec: !astropy.table.SerializedColumn
#         __class__: astropy.units.quantity.Quantity
#         unit: !astropy.units.Unit {unit: mas / yr}
#         value: !astropy.table.SerializedColumn {name: SkyCoord.pm_ra_cosdec}
#       ra: !astropy.table.SerializedColumn
#         __class__: astropy.coordinates.angles.Longitude
#         unit: *id001
#         value: !astropy.table.SerializedColumn {name: SkyCoord.ra}
#         wrap_angle: !astropy.coordinates.Angle
#           unit: *id001
#           value: 360.0
#       representation_type: spherical
# schema: astropy-2.0
RA_ICRS_1 DE_ICRS_1 e_RA_ICRS e_DE_ICRS _r_1 HIP TYC2 Source rgeo Plx e_Plx pmRA pmDE e_pmRA e_pmDE RUWE Teff logg Gmag BP-RP BPmag RPmag RV e_RV b_rgeo B_rgeo FG e_FG FBP e_FBP FRP e_FRP RAVE5 RAVE6 e_Gmag e_BPmag e_RPmag e_BP-RP SkyCoord.ra SkyCoord.dec SkyCoord.distance SkyCoord.pm_ra_cosdec SkyCoord.pm_dec rmRA rmDE e_rmRA e_rmDE rRV e_rRV v_pec v_pec3d e_vpec e_vpec3d
[from data line 59]
168.30432876304 -62.18949333644 0.0103 0.011 6.6788 "" "" 5336902005274825088 2639.02222 0.3614 0.0132 -5.95 2.214 0.014 0.013 1.017 "" "" 12.851769 0.982228 13.246021 12.263793 "" "" 2556.92017 2722.48071 136219.51937 23.782 68708.0 40.688 98546.0 22.768 "" "" 0.0027618327580126475 0.0028632926 0.0037876973 0.00665099 168.30432876304 -62.18949333644 2639.02222 -5.950000000000003 2.214 -0.1131493568420412 0.6262239351272583 0.071536295 0.0705363 "" "" 7.960255733361527 "" 0.5617403794804957 ""
167.99470521402 -62.36509517708 0.0109 0.0114 7.0017 "" "" 5336870905391883008 2292.85132 0.414 0.013 -7.411 1.582 0.014 0.014 1.022 "" "" 12.861701 0.700807 13.123389 12.422583 "" "" 2243.47461 2355.13599 134979.02033 21.904 76924.0 37.385 85138.0 30.458 "" "" 0.0027609477260713386 0.002839627 0.003799289 0.006638916 167.99470521402 -62.36509517708 2292.85132 -7.411 1.5819999999999987 -1.5741493568420406 -0.005776064872741626 0.071536295 0.071536295 "" "" 17.10815181200105 "" 1.2238537969117427 ""
167.78066164972 -62.1504521891 0.0113 0.0106 12.2405 "" "" 5337084352414394112 2162.1394 0.4403 0.0132 -7.518 1.681 0.015 0.013 0.923 6591.1 3.4927 12.879342 0.537654 13.029539 12.491885 "" "" 2111.96118 2213.08423 132803.59017 94.484 83869.0 653.71 79874.0 443.45 "" "" 0.0028615511404552134 0.008910782 0.0071146954 0.016025476 167.78066164972 -62.1504521891 2162.1394 -7.517999999999999 1.6809999999999992 -1.6811493568420408 0.09322393512725835 0.0725363 0.0705363 "" "" 17.25579728496169 "" 1.2515672965274347 ""
167.85895030448 -62.03214748277 0.0109 0.0093 16.2016 "" "" 5337092495672723712 1939.06799 0.5104 0.0123 -6.818 1.666 0.014 0.012 0.999 5050.5 2.9203 12.889927 1.444202 13.548732 12.104529 4.05 0.6 1891.26917 1995.05847 131515.20436 20.957 51991.0 39.512 114120.0 57.602 "" "" 0.002760746769550432 0.0029096215 0.003818908 0.0067285295 167.85895030448 -62.03214748277 1939.06799 -6.817999999999999 1.666000000000002 -0.9811493568420406 0.07822393512725823 0.071536295 0.0695363 8.73 1.3453732 9.04653779506404 12.571903041207491 0.6470431055184945 1.0438291952123016
168.47137014548 -62.56462932723 0.0122 0.0128 20.0292 "" "" 5336864656238283776 1932.74304 0.5133 0.0143 -8.997 3.725 0.016 0.017 1.121 4667.1 2.4987 12.896199 1.602949 13.652743 12.049794 -5.85 0.89 1882.7605 1999.3053 130757.61648 19.496 47241.0 27.144 120020.0 35.159 "" "" 0.002760071684308592 0.0028590618 0.0037927416 0.0066518034 168.47137014548 -62.56462932723 1932.74304 -8.99700000000001 3.724999999999999 -3.160149356842041 2.1372239351272584 0.0735363 0.074536294 -1.169999999999999 1.6353731 34.95003982505088 34.96961801010475 2.5811162347973773 2.5802513677436285
168.74906223182 -62.23903346157 0.0167 0.0188 17.1928 "" "" 5336887741664307328 2605.13477 0.3638 0.0215 -9.667 2.458 0.024 0.024 1.644 7737.9 3.0898 12.899626 0.733423 13.183332 12.449909 "" "" 2471.82397 2756.41162 130345.64177 63.355 72792.0 75.616 83022.0 64.791 "" "" 0.0028054027090129905 0.0030095035 0.0038731992 0.006882703 168.74906223182 -62.23903346157 2605.13477 -9.666999999999998 2.458 -3.830149356842041 0.8702239351272585 0.08153629 0.08153629 "" "" 48.50136653684325 "" 3.954621634293068 ""
167.93443598489 -62.11619787967 0.0103 0.0097 10.7735 "" 8963-2044-1 5337086104761227008 2244.51709 0.429 0.0123 -7.125 2.458 0.013 0.012 0.922 "" "" 12.901083 0.902076 13.263738 12.361662 "" "" 2184.85718 2313.85815 130170.80744 17.791 67596.0 33.677 90052.0 28.936 "" "" 0.0027593132566122616 0.0028421201 0.0037954499 0.00663757 167.93443598489 -62.11619787967 2244.51709 -7.125000000000004 2.458 -1.288149356842041 0.8702239351272585 0.0705363 0.0695363 "" "" 16.53884978680782 "" 1.1614318685199043 ""
167.81586081962 -62.21020148095 0.0134 0.0138 9.6389 "" "" 5337083768298740864 2524.3894 0.3732 0.0162 -6.95 0.971 0.018 0.017 1.195 "" "" 12.9355 0.559611 13.14083 12.581219 "" "" 2433.80493 2620.66504 126109.18502 30.505 75698.0 46.023 73565.0 32.656 "" "" 0.002767808749838271 0.002867192 0.0038099892 0.0066771815 167.81586081962 -62.21020148095 2524.3894 -6.949999999999995 0.9709999999999999 -1.1131493568420412 -0.6167760648727417 0.075536296 0.074536294 "" "" 15.227446080099174 "" 1.1466662129150293 ""
168.28266604421 -62.2859271935 0.0111 0.0116 4.1944 "" "" 5336895442565249280 2639.77856 0.3495 0.0136 -5.883 1.704 0.015 0.015 0.986 6939.6 3.4884 12.939534 0.453903 13.09849 12.644587 "" "" 2556.28223 2730.57861 125641.49612 32.489 78708.0 51.579 69394.0 33.766 "" "" 0.002769587113189205 0.0028794596 0.0038161275 0.006695587 168.28266604421 -62.2859271935 2639.77856 -5.883 1.704 -0.04614935684204102 0.11622393512725826 0.0725363 0.0725363 "" "" 1.564707618895005 "" 0.11349809678531057 ""
167.88206247872 -62.39944135491 0.0133 0.0133 10.5713 "" "" 5337056830263020672 1984.50403 0.4958 0.0152 -8.023 3.878 0.018 0.016 1.189 5085.3 2.7691 12.941885 1.947111 13.916121 11.969009 -28.6 0.58 1933.00378 2072.37842 125369.75427 26.702 37065.0 25.998 129290.0 55.494 "" "" 0.002765007122355123 0.002892233 0.003808005 0.006700238 167.88206247872 -62.39944135491 1984.50403 -8.023 3.878 -2.1861493568420407 2.2902239351272584 0.075536296 0.0735363 -23.92 1.3253732 29.78235063394515 38.19888492198762 2.2186814995309683 1.9186234796515058
167.6425049157 -62.15458771376 0.0118 0.0115 15.4372 "" "" 5337087101193369984 2053.15723 0.4778 0.0141 -1.46 -2.414 0.016 0.015 1.05 "" "" 12.945164 1.607701 13.704479 12.096778 -14.04 0.66 1999.32275 2120.44678 124991.77444 16.544 45043.0 24.85 114930.0 29.12 "" "" 0.002759065353954801 0.002853742 0.0037893804 0.0066431225 167.6425049157 -62.15458771376 2053.15723 -1.46 -2.4140000000000015 4.376850643157959 -4.001776064872741 0.0735363 0.0725363 -9.36 1.4053731 57.71558657666002 58.46963770956631 4.218009232219044 4.169685615209365
167.86869878202 -62.06470874877 0.0111 0.0102 14.3722 "" "" 5337086512754221312 2162.62866 0.4391 0.0129 -4.714 -0.615 0.014 0.013 0.949 "" "" 12.945794 0.641218 13.184411 12.543193 "" "" 2105.87305 2231.35352 124919.16226 23.023 72720.0 27.844 76187.0 25.846 "" "" 0.0027625769261135674 0.00282097 0.0037972876 0.0066182576 167.86869878202 -62.06470874877 2162.62866 -4.714000000000006 -0.6149999999999993 1.1228506431579586 -2.202776064872742 0.071536295 0.0705363 "" "" 25.344752852732107 "" 1.7929816903413174 ""
167.81826362341 -62.24610072832 0.0098 0.0106 9.0045 "" "" 5337083390341588864 1967.68994 0.4983 0.012 -8.334 1.484 0.013 0.013 0.979 5025.5 2.7874 12.946869 1.669916 13.742438 12.072522 -23.08 0.62 1925.12524 2014.09875 124795.54587 19.273 43495.0 26.942 117530.0 38.698 "" "" 0.002760417562389418 0.0028700787 0.0037962517 0.0066663306 167.81826362341 -62.24610072832 1967.68994 -8.333999999999994 1.4839999999999982 -2.4971493568420406 -0.10377606487274171 0.0705363 0.0705363 -18.4 1.3653731 23.31064157367226 29.69757583669444 1.644246419820075 1.5431643507736086
167.69664798506 -62.2723159766 0.0109 0.0117 12.293 "" "" 5337062602699181696 2007.85315 0.4725 0.013 -6.971 2.758 0.014 0.014 1.025 9987.4 3.8411 12.95567 0.51081 13.140254 12.629444 "" "" 1953.11536 2060.92944 123787.99055 22.53 75738.0 32.915 70369.0 27.201 "" "" 0.0027623972864001213 0.0028297864 0.0038026131 0.0066323997 167.69664798506 -62.2723159766 2007.85315 -6.971 2.758 -1.134149356842041 1.1702239351272583 0.071536295 0.071536295 "" "" 15.509626300319988 "" 1.1095012041577552 ""
168.52615240311 -62.33940039252 0.0101 0.0116 11.6495 "" "" 5336891525555100160 1884.44348 0.5083 0.0128 -6.584 2.526 0.014 0.016 0.939 "" "" 12.956227 0.867475 13.301875 12.434401 "" "" 1842.68896 1937.31482 123724.54459 20.166 65263.0 33.46 84217.0 22.755 "" "" 0.0027609973084898676 0.0028451553 0.0037907502 0.0066359052 168.52615240311 -62.33940039252 1884.44348 -6.584000000000002 2.526 -0.7471493568420406 0.9382239351272581 0.071536295 0.0735363 "" "" 10.71311666976393 "" 0.7795580602329368 ""
167.44098132259 -62.10392931615 0.0121 0.0122 21.8533 "" "" 5337099883016025728 2096.92334 0.4464 0.0149 -7.268 1.686 0.017 0.017 0.975 "" "" 12.967515 0.35365 13.092297 12.738646 "" "" 2043.00854 2162.69214 122444.86431 42.632 79159.0 39.084 63636.0 21.539 "" "" 0.002781131352449496 0.0028412007 0.0037972066 0.0066384072 167.44098132259 -62.10392931615 2096.92334 -7.267999999999999 1.685999999999999 -1.4311493568420408 0.09822393512725824 0.074536294 0.074536294 "" "" 14.25825311980126 "" 1.0627573428286525 ""
168.601945188 -62.09949057229 0.0119 0.0138 16.5178 "" "" 5336994531730626432 2393.57104 0.3894 0.0159 -6.063 1.662 0.016 0.016 1.042 "" "" 12.978065 0.49854 13.15641 12.65787 "" "" 2304.10083 2476.22681 121260.90074 31.624 74620.0 37.52 68550.0 29.102 "" "" 0.0027698311693906902 0.002843076 0.003807386 0.006650462 168.601945188 -62.09949057229 2393.57104 -6.063000000000002 1.661999999999999 -0.22614935684204074 0.07422393512725822 0.0735363 0.0735363 "" "" 2.700443294878006 "" 0.19858060602124078 ""
168.77799355149 -62.11282989844 0.0113 0.0129 20.2412 "" "" 5336982780700453120 1936.73315 0.496 0.0147 -7.161 2.403 0.015 0.016 1.056 4811.0 2.7489 12.978797 1.595046 13.729168 12.134122 -32.31 0.72 1874.27356 2001.72021 121179.11898 17.181 44030.0 28.126 111050.0 37.949 "" "" 0.002759617040842295 0.0028750778 0.0037975502 0.006672628 168.77799355149 -62.11282989844 1936.73315 -7.160999999999993 2.4029999999999982 -1.3241493568420406 0.8152239351272583 0.0725363 0.0735363 -27.630000000000003 1.4653732 14.274891834686054 31.09966940165099 1.0393908740429298 1.3865498485926044
167.89677931083 -62.46653477412 0.0112 0.0108 13.6112 "" "" 5337056039989381248 1926.89099 0.5047 0.0124 -12.588 3.39 0.014 0.014 0.954 5075.9 2.7634 12.980571 1.692529 13.78955 12.097021 -8.39 1.09 1882.48315 1980.35339 120981.37476 19.532 41648.0 23.553 114910.0 33.612 "" "" 0.00276089031493845 0.0028569316 0.0037927018 0.0066496334 167.89677931083 -62.46653477412 1926.89099 -12.58800000000001 3.3900000000000015 -6.75114935684204 1.8022239351272584 0.071536295 0.071536295 -3.71 1.8353732 63.820644983720754 63.928388264824264 4.565492494045577 4.559042342518183
168.06836587204 -62.65885704193 0.0109 0.0109 23.4743 "" "" 5336860395630672384 2281.60107 0.4131 0.013 -7.461 1.468 0.016 0.013 0.921 6568.5 3.264 13.001221 0.781968 13.302764 12.520796 "" "" 2206.50293 2364.41919 118702.07971 52.846 65210.0 77.457 77775.0 80.624 "" "" 0.0027973977608666666 0.0030737985 0.0039434116 0.00701721 168.06836587204 -62.65885704193 2281.60107 -7.461000000000004 1.4679999999999986 -1.6241493568420413 -0.11977606487274173 0.0735363 0.0705363 "" "" 17.61253211197116 "" 1.294880421489553 ""
168.43917353167 -62.34910388469 0.0086 0.0097 9.7046 "" "" 5336891285036374016 2267.42725 0.4116 0.0107 -5.823 1.577 0.012 0.012 0.899 7839.4 3.6791 13.003221 0.53809 13.198781 12.660691 "" "" 2213.5 2319.58447 118483.64245 29.378 71764.0 37.534 68373.0 24.234 "" "" 0.002768440429112638 0.0028473698 0.0037989232 0.006646293 168.43917353167 -62.34910388469 2267.42725 -5.823 1.5769999999999982 0.013850643157958586 -0.010776064872741742 0.0695363 0.0695363 "" "" 0.18860864791892742 "" 0.01311514724390165 ""
168.23138695196 -62.08688122532 0.0092 0.0099 11.2372 "" "" 5336903723261563008 2412.4436 0.3936 0.0118 -3.045 1.471 0.012 0.011 0.966 4578.0 2.1239 13.022703 1.839376 13.925341 12.085965 25.27 0.59 2360.50537 2473.27197 116376.55279 22.884 36752.0 25.373 116080.0 38.674 "" "" 0.002763579230328831 0.002889102 0.0037966534 0.006685755 168.23138695196 -62.08688122532 2412.4436 -3.044999999999998 1.4709999999999992 2.791850643157959 -0.11677606487274161 0.0695363 0.0685363 29.95 1.3353732 31.952678290096298 43.79470458754564 2.2218155715612165 1.8605779098263246
167.59210704272 -62.21014946603 0.0082 0.0091 15.6283 "" "" 5337064114527719680 2270.78809 0.4084 0.0103 -7.406 1.575 0.011 0.012 0.825 "" "" 13.027361 0.493129 13.203697 12.710568 "" "" 2206.1936 2316.93384 115878.35198 34.096 71439.0 34.839 65303.0 31.654 "" "" 0.0027737787038763914 0.0028399655 0.0038158486 0.006655814 167.59210704272 -62.21014946603 2270.78809 -7.406000000000004 1.5750000000000015 -1.5691493568420407 -0.012776064872741744 0.0685363 0.0695363 "" "" 16.890154699365628 "" 1.1575897779739814 ""
168.10962086872 -62.29558905069 0.0084 0.0095 1.7731 "" "" 5336894824089404416 2175.03076 0.4266 0.0106 -5.828 1.598 0.011 0.012 0.849 "" "" 13.029729 0.511382 13.214968 12.703586 "" "" 2122.34375 2236.11011 115625.94048 28.932 70702.0 39.89 65724.0 29.246 "" "" 0.002768681267150522 0.0028566225 0.003810137 0.0066667595 168.10962086872 -62.29558905069 2175.03076 -5.827999999999996 1.5979999999999999 0.008850643157958693 0.010223935127258388 0.0685363 0.0695363 "" "" 0.13941398750785391 "" 0.009634858008501286 ""
168.17825234319 -62.01058398827 0.0091 0.0094 15.5425 "" "" 5336905647406941696 1904.82605 0.502 0.0112 -8.101 1.482 0.012 0.011 0.96 "" "" 13.049005 1.716193 13.873118 12.156925 -33.84 0.54 1868.92505 1936.44031 113591.29722 21.024 38563.0 23.917 108740.0 38.792 "" "" 0.002762638508921465 0.0028702768 0.0037991775 0.0066694543 168.17825234319 -62.01058398827 1904.82605 -8.101000000000008 1.4820000000000007 -2.264149356842042 -0.10577606487274172 0.0695363 0.0685363 -29.160000000000004 1.2853732 20.46501910113502 35.62474711222273 1.4230174282911359 1.3323694444800722
168.57232389644 -62.45010401855 0.0091 0.0099 16.2815 "" "" 5336877541141767680 1935.55457 0.4894 0.0107 -7.522 1.205 0.012 0.013 0.988 4765.7 2.5008 13.071357 1.584067 13.813217 12.22915 -17.91 1.56 1896.10498 1976.71179 111276.63905 16.306 40750.0 22.82 101740.0 37.323 "" "" 0.002759909768480155 0.0028556483 0.0038003118 0.0066559603 168.57232389644 -62.45010401855 1935.55457 -7.522 1.205 -1.6851493568420413 -0.38277606487274163 0.0695363 0.0705363 -13.23 2.3053732 15.854280691829906 20.649240089052444 1.1032311878951944 1.702700341980336
168.62109520519 -62.16845458582 0.0719 0.083 14.8212 "" "" 5336899939371465600 2214.46509 0.4453 0.0978 -7.042 2.836 0.097 0.099 7.174 "" "" 13.079789 0.563129 12.901227 12.338098 "" "" 1857.46191 2670.57617 110415.79902 120.95 94390.0 124.95 92028.0 120.63 "" "" 0.0030010452790758886 0.0031385915 0.004038461 0.0071770526 168.62109520519 -62.16845458582 2214.46509 -7.042000000000005 2.8360000000000025 -1.2051493568420408 1.2482239351272582 0.1545363 0.1565363 "" "" 18.212213896921934 "" 2.833358163961016 ""
168.29954556887 -62.03959848186 0.0095 0.0098 14.4936 "" "" 5336904994571916416 2168.70117 0.43 0.0117 -8.897 2.162 0.012 0.011 0.936 4824.6 2.5407 13.084489 1.548578 13.8048 12.256222 6.57 1.05 2116.94189 2217.81885 109938.88134 15.514 41067.0 24.038 99236.0 40.778 "" "" 0.002759576734280333 0.0028616316 0.0038056243 0.006667256 168.29954556887 -62.03959848186 2168.70117 -8.897000000000011 2.162 -3.0601493568420413 0.5742239351272582 0.0695363 0.0685363 11.25 1.7953731 32.006272663068614 33.925860192229365 2.224516655046916 2.181462244336096
168.52354026553 -62.45186114455 0.0095 0.0095 15.3725 "" "" 5336889257812535424 1960.25098 0.4724 0.0112 -8.717 2.353 0.013 0.013 0.912 "" "" 13.09003 0.417833 13.238748 12.820914 "" "" 1914.11255 1999.12378 109379.26003 29.781 69170.0 31.546 58992.0 26.802 "" "" 0.0027711330697785174 0.0028337676 0.0038114379 0.0066452054 168.52354026553 -62.45186114455 1960.25098 -8.717 2.353 -2.8801493568420415 0.7652239351272585 0.0705363 0.0705363 "" "" 27.68960436528281 "" 1.9531222553424648 ""
