Clusters/UBC_272/UBC_272_stars_in_region.tsv
# %ECSV 1.0
# ---
# datatype:
# - name: RA_ICRS_1
#   unit: deg
#   datatype: float64
#   format: '{:15.11f}'
#   description: Right ascension (ICRS) at Ep=2016.0 (ra)
#   meta: !!omap
#   - {ucd: POS_EQ_RA_MAIN}
#   - {width: 15}
#   - {precision: '11'}
# - name: DE_ICRS_1
#   unit: deg
#   datatype: float64
#   format: '{:15.11f}'
#   description: Declination (ICRS) at Ep=2016.0 (dec)
#   meta: !!omap
#   - {ucd: POS_EQ_DEC_MAIN}
#   - {width: 15}
#   - {precision: '11'}
# - name: e_RA_ICRS
#   unit: mas
#   datatype: float64
#   format: '{:7.4f}'
#   description: Standard error of right ascension (ra_error)
#   meta: !!omap
#   - {ucd: ERROR}
#   - {width: 7}
#   - {precision: '4'}
# - name: e_DE_ICRS
#   unit: mas
#   datatype: float64
#   format: '{:7.4f}'
#   description: Standard error of declination (dec_error)
#   meta: !!omap
#   - {ucd: ERROR}
#   - {width: 7}
#   - {precision: '4'}
# - name: _r_1
#   unit: ''
#   datatype: float64
#   format: '{:7.4f}'
#   description: Distance from center (168.13691566000-62.26890361000)[ICRS], at Epoch=J2016.0
#   meta: !!omap
#   - {ucd: POS_ANG_DIST_GENERAL}
#   - {width: 7}
#   - {precision: '4'}
# - name: HIP
#   datatype: int32
#   description: '? HIP cross-id number, van Leeuwen, Cat. I/311 (hip_original_ext_source_id)'
#   meta: !!omap
#   - {ucd: ID_NUMBER}
#   - {width: 6}
#   - values: {'null': -2147483648}
# - name: TYC2
#   datatype: string
#   description: Tycho-2 cross-id name, Hog et al., Cat. I/259 (tyc2_original_ext_source_id)
#   meta: !!omap
#   - {ucd: ID_CROSSID}
#   - {_votable_string_dtype: char}
# - name: Source
#   datatype: int64
#   description: Source identifier, identical to the Gaia-EDR3 source_id (id)
#   meta: !!omap
#   - {ucd: ID_MAIN}
#   - {width: 19}
# - name: rgeo
#   unit: pc
#   datatype: float64
#   format: '{:15.8f}'
#   description: '? Median of the geometric distance posterior (r_med_geo)'
#   meta: !!omap
#   - {ucd: PHYS_DISTANCE_TRUE}
#   - {width: 15}
#   - {precision: '8'}
#   - values: {'null': .nan}
# - name: Plx
#   unit: mas
#   datatype: float64
#   format: '{:9.4f}'
#   description: '? Parallax (parallax)'
#   meta: !!omap
#   - {ucd: POS_PARLX_TRIG}
#   - {width: 9}
#   - {precision: '4'}
#   - values: {'null': .nan}
# - name: e_Plx
#   unit: mas
#   datatype: float32
#   format: '{:7.4f}'
#   description: '? Standard error of parallax (parallax_error)'
#   meta: !!omap
#   - {ucd: ERROR}
#   - {width: 7}
#   - {precision: '4'}
#   - values: {'null': .nan}
# - name: pmRA
#   unit: mas / yr
#   datatype: float64
#   format: '{:9.3f}'
#   description: '? Proper motion in right ascension direction, pmRA*cosDE (pmra)'
#   meta: !!omap
#   - {ucd: POS_EQ_PMRA}
#   - {width: 9}
#   - {precision: '3'}
#   - values: {'null': .nan}
# - name: pmDE
#   unit: mas / yr
#   datatype: float64
#   format: '{:9.3f}'
#   description: '? Proper motion in declination direction (pmdec)'
#   meta: !!omap
#   - {ucd: POS_EQ_PMDEC}
#   - {width: 9}
#   - {precision: '3'}
#   - values: {'null': .nan}
# - name: e_pmRA
#   unit: mas / yr
#   datatype: float32
#   format: '{:6.3f}'
#   description: '? Standard error of proper motion in right ascension direction (pmra_error)'
#   meta: !!omap
#   - {ucd: ERROR}
#   - {width: 6}
#   - {precision: '3'}
#   - values: {'null': .nan}
# - name: e_pmDE
[...]
#         value: !astropy.table.SerializedColumn {name: SkyCoord.dec}
#       distance: !astropy.table.SerializedColumn
#         __class__: astropy.coordinates.distances.Distance
#         unit: !astropy.units.Unit {unit: pc}
#         value: !astropy.table.SerializedColumn {name: SkyCoord.distance}
#       frame: icrs
#       obstime: !astropy.time.Time {format: jyear_str, in_subfmt: '*', jd1: 367701545.0, jd2: 0.0, out_subfmt: '*', precision: 3, scale: tt}
#       pm_dec: !astropy.table.SerializedColumn
#         __class__: astropy.units.quantity.Quantity
#         unit: !astropy.units.Unit {unit: mas / yr}
#         value: !astropy.table.SerializedColumn {name: SkyCoord.pm_dec}
#       pm_ra_cosdec: !astropy.table.SerializedColumn
#         __class__: astropy.units.quantity.Quantity
#         unit: !astropy.units.Unit {unit: mas / yr}
#         value: !astropy.table.SerializedColumn {name: SkyCoord.pm_ra_cosdec}
#       ra: !astropy.table.SerializedColumn
#         __class__: astropy.coordinates.angles.Longitude
#         unit: *id001
#         value: !astropy.table.SerializedColumn {name: SkyCoord.ra}
#         wrap_angle: !astropy.coordinates.Angle
#           unit: *id001
#           value: 360.0
#       representation_type: spherical
# schema: astropy-2.0
RA_ICRS_1 DE_ICRS_1 e_RA_ICRS e_DE_ICRS _r_1 HIP TYC2 Source rgeo Plx e_Plx pmRA pmDE e_pmRA e_pmDE RUWE Teff logg Gmag BP-RP BPmag RPmag RV e_RV b_rgeo B_rgeo FG e_FG FBP e_FBP FRP e_FRP RAVE5 RAVE6 e_Gmag e_BPmag e_RPmag e_BP-RP SkyCoord.ra SkyCoord.dec SkyCoord.distance SkyCoord.pm_ra_cosdec SkyCoord.pm_dec rmRA rmDE e_rmRA e_rmDE rRV e_rRV v_pec v_pec3d e_vpec e_vpec3d
[from data line 1045]
168.1260205676 -62.55731931737 0.0272 0.0269 17.3076 "" "" 5336866820900994816 2217.77563 0.4308 0.0312 -3.479 1.867 0.037 0.033 1.025 5352.8 4.1792 15.840367 1.272849 16.399353 15.126504 "" "" 2067.91724 2364.44824 8685.59977 2.9528 3764.2 10.776 7056.0 8.314 "" "" 0.0027799340449410487 0.004176837 0.0039900327 0.00816687 168.1260205676 -62.55731931737 2217.77563 -3.4790000000000005 1.8669999999999998 2.357850643157959 0.2792239351272583 0.0945363 0.0905363 "" "" 24.959527672947146 "" 2.3582293772042564 ""
167.63234877872 -62.52292171178 0.0286 0.0254 20.7138 "" "" 5337049202400874368 2713.00366 0.332 0.0316 -6.692 2.142 0.037 0.032 1.101 "" "" 15.840814 1.631813 16.596632 14.964819 "" "" 2471.59448 2945.07495 8682.02773 8.5591 3138.8 15.118 8189.0 26.414 "" "" 0.0029559207114343293 0.005927231 0.005152512 0.0110797435 167.63234877872 -62.52292171178 2713.00366 -6.691999999999999 2.141999999999999 -0.8551493568420412 0.5542239351272582 0.0945363 0.089536294 "" "" 13.104497911965197 "" 1.2198362412763 ""
167.85809580275 -62.07969591985 0.0262 0.0226 13.7788 "" "" 5337086379639167104 2525.99365 0.3644 0.0294 -7.17 3.402 0.032 0.028 0.979 5538.6 4.1931 15.842373 1.10875 16.311443 15.202693 "" "" 2373.69775 2759.61963 8669.56748 2.7023 4081.7 9.0056 6577.8 9.0996 "" "" 0.0027760259077662494 0.003677426 0.0040669017 0.0077443277 167.85809580275 -62.07969591985 2525.99365 -7.170000000000002 3.4020000000000015 -1.333149356842041 1.8142239351272584 0.089536294 0.0855363 "" "" 26.956202203251436 "" 2.344106163725181 ""
168.43891232179 -62.19572043759 0.0255 0.0265 9.5155 "" "" 5336899222136038272 1976.16431 0.4702 0.0322 -9.732 -2.52 0.035 0.031 1.016 5976.6 4.1306 15.842798 1.285223 16.381012 15.095789 "" "" 1854.91394 2091.73486 8666.17626 3.5358 3828.4 17.685 7258.4 18.015 "" "" 0.0027907026001453734 0.005739341 0.0046416996 0.010381041 168.43891232179 -62.19572043759 1976.16431 -9.732 -2.52 -3.8951493568420403 -4.107776064872741 0.0925363 0.08853629 "" "" 53.0259421342929 "" 4.7963103762638895 ""
168.32090309476 -62.52955282952 0.026 0.0238 16.454 "" "" 5336865721390162048 1941.10559 0.4839 0.0285 -6.192 1.372 0.033 0.032 1.014 6881.7 4.3651 15.84692 1.088267 16.304863 15.216596 "" "" 1852.87659 2055.67944 8633.33907 2.9591 4106.5 9.5906 6494.1 10.347 "" "" 0.002780337536990771 0.0037702564 0.0041564726 0.007926729 168.32090309476 -62.52955282952 1941.10559 -6.191999999999997 1.3720000000000006 -0.3551493568420412 -0.2157760648727416 0.0905363 0.089536294 "" "" 3.8235041798406346 "" 0.34513921539822273 ""
167.74827142392 -62.25580579266 0.0242 0.0229 10.8815 "" "" 5337060163157810688 2192.07764 0.4147 0.0281 -5.089 -0.921 0.029 0.028 0.991 6111.9 4.0878 15.847824 1.23029 16.379871 15.149581 "" "" 2040.03601 2316.5061 8626.14888 2.5236 3832.4 11.038 6907.6 9.8156 "" "" 0.0027735683107939233 0.00419093 0.004082157 0.008273087 167.74827142392 -62.25580579266 2192.07764 -5.089000000000006 -0.9210000000000002 0.7478506431579586 -2.508776064872742 0.086536296 0.0855363 "" "" 27.20083140757079 "" 2.3288902113549614 ""
168.9458146883 -62.13273652231 0.0253 0.0243 24.0641 "" "" 5336981788588423168 2155.95752 0.4236 0.0303 -10.265 1.947 0.035 0.03 0.989 6601.1 4.2543 15.848017 0.971918 16.244015 15.272097 "" "" 2041.20154 2271.87988 8624.61785 2.954 4343.2 10.229 6170.5 9.2551 "" "" 0.0027803019832196682 0.0037846805 0.0041153017 0.007899982 168.9458146883 -62.13273652231 2155.95752 -10.264999999999995 1.9469999999999976 -4.428149356842042 0.35922393512725836 0.0925363 0.0875363 "" "" 45.400971586094236 "" 4.199793661208299 ""
168.52681654486 -62.04692166359 0.0241 0.026 17.2269 "" "" 5336995498123620864 2264.73682 0.4112 0.0327 -7.571 1.423 0.035 0.031 0.953 7116.0 3.9834 15.849884 1.057895 16.289951 15.232057 "" "" 2117.09668 2419.68823 8609.80114 2.998 4163.3 10.262 6402.3 11.213 "" "" 0.002781136480221441 0.0038661475 0.004230799 0.008096946 168.52681654486 -62.04692166359 2264.73682 -7.571 1.423 -1.7341493568420407 -0.16477606487274166 0.0925363 0.08853629 "" "" 18.69968525373024 "" 1.7297447550278455 ""
167.54595785045 -62.29846424582 0.0243 0.0259 16.5861 "" "" 5337061915504298880 2304.1001 0.398 0.0294 -7.977 0.996 0.033 0.034 1.081 7260.4 4.2005 15.851669 1.312972 16.426624 15.113652 "" "" 2146.35425 2487.38745 8595.65704 2.937 3670.9 7.8318 7140.0 9.5155 "" "" 0.0027801824968387576 0.0036263964 0.004046904 0.0076733003 167.54595785045 -62.29846424582 2304.1001 -7.977 0.9959999999999997 -2.1401493568420413 -0.5917760648727417 0.0905363 0.0915363 "" "" 24.250597494968414 "" 2.1972905856117237 ""
168.10996511335 -62.51498863609 0.0287 0.0268 14.7841 "" "" 5336867542455513600 2015.75647 0.4616 0.032 -5.128 1.32 0.036 0.034 0.974 6663.0 4.2106 15.852016 1.087876 16.310062 15.222186 "" "" 1890.7782 2146.03052 8592.91566 3.0705 4086.9 9.072 6460.8 8.2344 "" "" 0.0027825000373120873 0.0036869477 0.004024748 0.007711696 168.10996511335 -62.51498863609 2015.75647 -5.128000000000005 1.3200000000000014 0.7088506431579589 -0.26777606487274164 0.093536295 0.0915363 "" "" 7.239988623740148 "" 0.6754103865498126 ""
167.89894161546 -62.64325737231 0.066 0.0605 23.4116 "" "" 5336859948953268608 1901.66394 0.5168 0.071 -8.987 4.144 0.096 0.079 2.559 6046.5 4.2168 15.852294 1.388436 16.455687 15.06725 "" "" 1675.93091 2111.57544 8590.71325 9.3247 3573.9 8.9799 7451.7 9.8904 "" "" 0.002996773953480822 0.003902223 0.0040447977 0.00794702 167.89894161546 -62.64325737231 1901.66394 -8.987 4.144 -3.150149356842041 2.5562239351272584 0.15353629 0.1365363 "" "" 36.56764322587137 "" 5.37625497451271 ""
167.7134607861 -62.0082963582 0.0266 0.0241 19.6336 "" "" 5337089884332554624 2384.14478 0.3734 0.03 -0.39 1.283 0.037 0.032 1.01 "" "" 15.8523 3.179517 17.744738 14.565221 "" "" 2217.45117 2581.9895 8590.66324 4.8556 1090.2 8.0056 11832.0 16.695 "" "" 0.0028228336772674455 0.008446948 0.0040780734 0.012525021 167.7134607861 -62.0082963582 2384.14478 -0.3900000000000001 1.2829999999999993 5.446850643157959 -0.3047760648727418 0.0945363 0.089536294 "" "" 61.650306493232556 "" 5.827254956951316 ""
168.81017816982 -62.29741239531 0.025 0.027 18.8658 "" "" 5336885306442541440 1849.64392 0.5009 0.0313 -9.071 0.293 0.033 0.033 1.001 5682.2 4.2582 15.852353 1.231352 16.381266 15.149914 "" "" 1743.18762 1968.49133 8590.24659 3.0168 3827.5 11.572 6905.5 11.414 "" "" 0.002781578330588267 0.0043081883 0.004183815 0.008492003 168.81017816982 -62.29741239531 1849.64392 -9.071 0.2930000000000001 -3.2341493568420407 -1.2947760648727418 0.0905363 0.0905363 "" "" 30.542687244335497 "" 2.765221784217457 ""
167.84538677319 -62.12910077218 0.0255 0.0228 11.7011 "" "" 5337085829883225344 2174.15576 0.4295 0.0298 0.38 -3.995 0.033 0.028 0.962 5950.3 4.1693 15.85296 1.123809 16.330284 15.206475 "" "" 2040.15161 2364.28076 8585.44512 2.7853 4011.5 8.2777 6554.9 9.7583 "" "" 0.002777743590434072 0.0035783348 0.004110508 0.0076888427 167.84538677319 -62.12910077218 2174.15576 0.38 -3.9949999999999997 6.216850643157959 -5.582776064872742 0.0905363 0.0855363 "" "" 86.10897259935592 "" 7.606796430773907 ""
168.97531466996 -62.24495109617 0.0243 0.0245 23.4608 "" "" 5336884206930784128 2018.97876 0.463 0.0299 -7.632 1.455 0.035 0.032 1.004 7433.0 4.3317 15.853344 1.009909 16.269287 15.259378 "" "" 1913.83618 2135.58691 8582.4072 2.8016 4243.3 10.235 6243.2 10.309 "" "" 0.0027780217285648928 0.0038266634 0.0041830475 0.008009711 168.97531466996 -62.24495109617 2018.97876 -7.632000000000005 1.4549999999999998 -1.7951493568420407 -0.13277606487274163 0.0925363 0.089536294 "" "" 17.226433706295833 "" 1.5937937971763263 ""
168.97642008197 -62.15371373195 0.0248 0.0251 24.479 "" "" 5336978799291193216 2185.12378 0.4247 0.0307 -5.56 2.119 0.032 0.032 1.003 5866.7 4.1471 15.854124 1.182932 16.360666 15.177734 "" "" 2056.10767 2332.58862 8576.24541 2.9308 3900.8 12.71 6730.8 10.611 "" "" 0.002780189806844509 0.004505562 0.0041489108 0.008654473 168.97642008197 -62.15371373195 2185.12378 -5.56 2.119 0.2768506431579594 0.5312239351272585 0.089536294 0.089536294 "" "" 6.204516218813684 "" 0.5555293904117523 ""
168.29989891924 -62.08802661784 0.0254 0.0255 11.7733 "" "" 5336904406136987264 2188.19141 0.4222 0.0315 -4.656 2.146 0.034 0.03 1.003 6053.3 4.2943 15.854533 1.070962 16.298805 15.227843 "" "" 2020.99634 2401.61182 8573.01608 3.0443 4129.5 9.8869 6427.2 9.5045 "" "" 0.0027821639846029736 0.0038134446 0.0041062892 0.007919734 168.29989891924 -62.08802661784 2188.19141 -4.655999999999998 2.1459999999999995 1.1808506431579593 0.5582239351272582 0.0915363 0.0875363 "" "" 13.547401124982466 "" 1.230359104762142 ""
168.01967304743 -62.59425986597 0.0299 0.0283 19.791 "" "" 5336861770019427072 1898.09119 0.4973 0.0345 -9.049 2.001 0.039 0.034 1.111 5691.4 4.1911 15.855981 1.278066 16.36682 15.088754 "" "" 1797.53735 2049.08716 8561.59106 3.9871 3878.7 23.268 7305.6 50.343 "" "" 0.002801328998145338 0.0070857154 0.008382209 0.015467924 168.01967304743 -62.59425986597 1898.09119 -9.04899999999999 2.0010000000000012 -3.2121493568420405 0.4132239351272582 0.09653629 0.0915363 "" "" 29.137706696908428 "" 2.810534893138164 ""
168.35702405899 -62.29846838542 0.0239 0.0262 6.3933 "" "" 5336892453267494528 2157.4939 0.4226 0.0301 -9.299 3.669 0.031 0.031 1.065 "" "" 15.860218 1.404807 16.488913 15.084105 "" "" 2030.02661 2304.18359 8528.24447 2.7646 3466.2 10.356 7337.0 8.516 "" "" 0.0027777090086665303 0.0042787506 0.0039839484 0.0082626995 168.35702405899 -62.29846838542 2157.4939 -9.299000000000003 3.6690000000000005 -3.4621493568420405 2.0812239351272583 0.08853629 0.08853629 "" "" 41.310552157506265 "" 3.657483121491589 ""
167.8755111314 -62.35430325963 0.0251 0.0245 8.9089 "" "" 5337058445170795008 2054.24316 0.4484 0.0295 -7.928 5.639 0.032 0.03 1.048 5293.2 4.1708 15.861477 1.275435 16.422403 15.146969 "" "" 1934.23364 2206.84863 8518.36047 2.5745 3685.2 10.014 6924.2 9.4976 "" "" 0.0027747912106528463 0.004060727 0.0040622163 0.008122943 167.8755111314 -62.35430325963 2054.24316 -7.928000000000001 5.638999999999995 -2.091149356842041 4.0512239351272585 0.089536294 0.0875363 "" "" 44.39239327741699 "" 3.9047923323916605 ""
168.531121035 -62.1253700544 0.0328 0.0365 13.9955 "" "" 5336900596525639680 2560.2561 0.3649 0.0438 -1.284 3.198 0.043 0.042 1.354 5286.2 3.7724 15.863923 1.599631 16.608229 15.008597 "" "" 2275.46582 2899.44434 8499.19097 4.2364 3105.5 8.6712 7865.4 7.9466 "" "" 0.002807965066226273 0.0041201515 0.0039353548 0.008055506 168.531121035 -62.1253700544 2560.2561 -1.2839999999999985 3.197999999999997 4.552850643157959 1.6102239351272583 0.1005363 0.0995363 "" "" 58.605429170380724 "" 5.88548627385159 ""
168.38438971423 -62.06112284279 0.025 0.0259 14.265 "" "" 5336904685334272512 1934.02588 0.4897 0.0311 -10.014 2.761 0.034 0.03 0.926 5119.0 4.3015 15.867359 1.218185 16.399996 15.181811 "" "" 1829.62292 2029.61267 8472.33472 2.9278 3762.0 9.8023 6705.5 8.4866 "" "" 0.0027807488718954504 0.0039734505 0.0040214364 0.0079948865 168.38438971423 -62.06112284279 1934.02588 -10.013999999999989 2.760999999999998 -4.17714935684204 1.1732239351272584 0.0915363 0.0875363 "" "" 39.77484305817841 "" 3.629445160981691 ""
168.03912686298 -62.24154904191 0.0244 0.0253 3.1866 "" "" 5336895236406112384 2405.30957 0.391 0.0293 -5.887 1.58 0.031 0.03 1.003 7359.7 4.13 15.86795 1.066485 16.31472 15.248235 "" "" 2213.33911 2558.30347 8467.72504 3.1638 4069.4 10.851 6307.6 7.8111 "" "" 0.002785022939949899 0.0040207785 0.004011422 0.008032201 168.03912686298 -62.24154904191 2405.30957 -5.887 1.5800000000000003 -0.05014935684204058 -0.007776064872741628 0.08853629 0.0875363 "" "" 0.5785938183087269 "" 0.05121304190839031 ""
167.33509617588 -62.31906670476 0.0237 0.0241 22.5691 "" "" 5337067584861015040 2086.18994 0.4425 0.0288 -8.07 2.764 0.032 0.031 0.965 8622.0 3.5786 15.869507 1.459801 16.529936 15.070135 "" "" 1985.99597 2217.54712 8455.5906 3.1805 3337.7 9.5619 7432.0 10.435 "" "" 0.0027854213870085838 0.0041784993 0.0040752487 0.008253748 167.33509617588 -62.31906670476 2086.18994 -8.07 2.7639999999999985 -2.2331493568420413 1.176223935127258 0.089536294 0.08853629 "" "" 24.95844616337813 "" 2.2292901797922995 ""
168.01416461595 -62.31611106966 0.0235 0.0249 4.444 "" "" 5336894549211335808 1985.4834 0.4693 0.0288 -5.831 1.36 0.03 0.03 0.952 6575.0 4.2753 15.869967 1.05481 16.307173 15.252363 "" "" 1873.81311 2088.23315 8452.00745 2.6746 4097.8 7.6854 6283.7 8.9878 "" "" 0.002776658801083662 0.003454205 0.0040860046 0.0075402097 168.01416461595 -62.31611106966 1985.4834 -5.831 1.3600000000000008 0.005850643157958579 -0.2277760648727416 0.0875363 0.0875363 "" "" 2.1443511606978087 "" 0.18770856165885313 ""
168.84436419121 -62.2475089044 0.026 0.0275 19.8001 "" "" 5336886955710004864 1921.04846 0.481 0.0323 -5.84 1.641 0.036 0.034 1.058 5489.2 4.2568 15.872017 1.139771 16.311935 15.172165 "" "" 1796.03247 2056.07129 8436.06667 3.5486 4079.8 17.287 6765.4 31.024 "" "" 0.002792915003435471 0.005380488 0.0062508103 0.011631299 168.84436419121 -62.2475089044 1921.04846 -5.84 1.641 -0.0031493568420408735 0.053223935127258315 0.093536295 0.0915363 "" "" 0.48549259893036106 "" 0.0444436201292046 ""
167.75648856138 -61.93007233625 0.026 0.0228 22.9648 "" "" 5337096447042826880 2040.797 0.454 0.0285 -9.79 1.908 0.036 0.029 1.019 6010.2 4.3321 15.876912 1.016168 16.299206 15.283038 "" "" 1926.90234 2177.19141 8398.12001 2.8726 4128.0 10.376 6108.6 8.0096 "" "" 0.0027802359246337505 0.0039029308 0.004038615 0.007941546 167.75648856138 -61.93007233625 2040.797 -9.790000000000004 1.907999999999999 -3.95314935684204 0.3202239351272582 0.093536295 0.086536296 "" "" 38.36556409641157 "" 3.58688710075157 ""
168.79216944499 -62.11047345375 0.0247 0.0259 20.6591 "" "" 5336982785020776960 2016.01245 0.4593 0.0312 -10.393 3.506 0.033 0.032 1.023 6590.2 4.2682 15.877267 1.065225 16.314482 15.249257 "" "" 1894.24731 2168.70166 8395.37466 2.7536 4070.3 10.043 6301.7 13.19 "" "" 0.0027782376156937957 0.0038680376 0.004410007 0.008278045 168.79216944499 -62.11047345375 2016.01245 -10.393 3.506 -4.556149356842042 1.918223935127258 0.0905363 0.089536294 "" "" 47.23947830596536 "" 4.269808081107268 ""
168.0270215033 -62.60401716245 0.0294 0.0276 20.337 "" "" 5336861392062302848 2157.29736 0.4311 0.0338 -8.473 3.065 0.038 0.032 1.019 7590.7 3.9146 15.877975 1.786525 16.74099 14.954465 "" "" 1992.42505 2299.24902 8389.90392 3.0069 2748.0 11.694 8267.5 9.8603 "" "" 0.0027826616223867854 0.0053974316 0.0039950623 0.009392494 168.0270215033 -62.60401716245 2157.29736 -8.473 3.064999999999999 -2.6361493568420418 1.4772239351272582 0.09553629 0.089536294 "" "" 30.90002258058498 "" 2.9088423936398513 ""
168.54388699996 -62.42718593022 0.0265 0.0277 14.7857 "" "" 5336889395251499392 2642.38525 0.3437 0.0321 -3.984 2.618 0.036 0.036 1.05 6514.0 3.5009 15.878062 2.295754 17.087528 14.791775 "" "" 2485.28735 2876.64233 8389.22399 3.1805 1997.1 12.532 9603.9 12.468 "" "" 0.00278589690377714 0.0073622963 0.0040336703 0.011395967 168.54388699996 -62.42718593022 2642.38525 -3.9840000000000004 2.618 1.852850643157959 1.0302239351272582 0.093536295 0.093536295 "" "" 26.55285071135017 "" 2.4836552771412057 ""
168.55926048475 -62.39227815607 0.0257 0.0265 13.9021 "" "" 5336890941439738624 2728.18188 0.3375 0.0305 -7.505 1.959 0.035 0.034 1.014 9595.5 4.053 15.880058 1.453497 16.532402 15.078905 "" "" 2501.27808 2964.18286 8373.81883 4.7624 3330.1 14.618 7372.2 11.884 "" "" 0.0028236638447719127 0.0055226716 0.004164968 0.00968764 168.55926048475 -62.39227815607 2728.18188 -7.504999999999999 1.9589999999999999 -1.668149356842041 0.3712239351272584 0.0925363 0.0915363 "" "" 22.09950058885902 "" 2.043968614586563 ""
