Clusters/IC_2395/IC_2395_stars_in_region.tsv
# %ECSV 1.0
# ---
# datatype:
# - name: RA_ICRS_1
#   unit: deg
#   datatype: float64
#   format: '{:15.11f}'
#   description: Right ascension (ICRS) at Ep=2016.0 (ra)
#   meta: !!omap
#   - {ucd: POS_EQ_RA_MAIN}
#   - {width: 15}
#   - {precision: '11'}
# - name: DE_ICRS_1
#   unit: deg
#   datatype: float64
#   format: '{:15.11f}'
#   description: Declination (ICRS) at Ep=2016.0 (dec)
#   meta: !!omap
#   - {ucd: POS_EQ_DEC_MAIN}
#   - {width: 15}
#   - {precision: '11'}
# - name: e_RA_ICRS
#   unit: mas
#   datatype: float64
#   format: '{:7.4f}'
#   description: Standard error of right ascension (ra_error)
#   meta: !!omap
#   - {ucd: ERROR}
#   - {width: 7}
#   - {precision: '4'}
# - name: e_DE_ICRS
#   unit: mas
#   datatype: float64
#   format: '{:7.4f}'
#   description: Standard error of declination (dec_error)
#   meta: !!omap
#   - {ucd: ERROR}
#   - {width: 7}
#   - {precision: '4'}
# - name: _r_1
#   unit: ''
#   datatype: float64
#   format: '{:7.4f}'
#   description: Distance from center (130.47140821000-48.07220585000)[ICRS], at Epoch=J2016.0
#   meta: !!omap
#   - {ucd: POS_ANG_DIST_GENERAL}
#   - {width: 7}
#   - {precision: '4'}
# - name: HIP
#   datatype: int32
#   description: '? HIP cross-id number, van Leeuwen, Cat. I/311 (hip_original_ext_source_id)'
#   meta: !!omap
#   - {ucd: ID_NUMBER}
#   - {width: 6}
#   - values: {'null': -2147483648}
# - name: TYC2
#   datatype: string
#   description: Tycho-2 cross-id name, Hog et al., Cat. I/259 (tyc2_original_ext_source_id)
#   meta: !!omap
#   - {ucd: ID_CROSSID}
#   - {_votable_string_dtype: char}
# - name: Source
#   datatype: int64
#   description: Source identifier, identical to the Gaia-EDR3 source_id (id)
#   meta: !!omap
#   - {ucd: ID_MAIN}
#   - {width: 19}
# - name: rgeo
#   unit: pc
#   datatype: float64
#   format: '{:15.8f}'
#   description: '? Median of the geometric distance posterior (r_med_geo)'
#   meta: !!omap
#   - {ucd: PHYS_DISTANCE_TRUE}
#   - {width: 15}
#   - {precision: '8'}
#   - values: {'null': .nan}
# - name: Plx
#   unit: mas
#   datatype: float64
#   format: '{:9.4f}'
#   description: '? Parallax (parallax)'
#   meta: !!omap
#   - {ucd: POS_PARLX_TRIG}
#   - {width: 9}
#   - {precision: '4'}
#   - values: {'null': .nan}
# - name: e_Plx
#   unit: mas
#   datatype: float32
#   format: '{:7.4f}'
#   description: '? Standard error of parallax (parallax_error)'
#   meta: !!omap
#   - {ucd: ERROR}
#   - {width: 7}
#   - {precision: '4'}
#   - values: {'null': .nan}
# - name: pmRA
#   unit: mas / yr
#   datatype: float64
#   format: '{:9.3f}'
#   description: '? Proper motion in right ascension direction, pmRA*cosDE (pmra)'
#   meta: !!omap
#   - {ucd: POS_EQ_PMRA}
#   - {width: 9}
#   - {precision: '3'}
#   - values: {'null': .nan}
# - name: pmDE
#   unit: mas / yr
#   datatype: float64
#   format: '{:9.3f}'
#   description: '? Proper motion in declination direction (pmdec)'
#   meta: !!omap
#   - {ucd: POS_EQ_PMDEC}
#   - {width: 9}
#   - {precision: '3'}
#   - values: {'null': .nan}
# - name: e_pmRA
#   unit: mas / yr
#   datatype: float32
#   format: '{:6.3f}'
#   description: '? Standard error of proper motion in right ascension direction (pmra_error)'
#   meta: !!omap
#   - {ucd: ERROR}
#   - {width: 6}
#   - {precision: '3'}
#   - values: {'null': .nan}
# - name: e_pmDE
[...]
#       distance: !astropy.table.SerializedColumn
#         __class__: astropy.coordinates.distances.Distance
#         unit: !astropy.units.Unit {unit: pc}
#         value: !astropy.table.SerializedColumn {name: SkyCoord.distance}
#       frame: icrs
#       obstime: !astropy.time.Time {format: jyear_str, in_subfmt: '*', jd1: 367701545.0, jd2: 0.0, out_subfmt: '*', precision: 3, scale: tt}
#       pm_dec: !astropy.table.SerializedColumn
#         __class__: astropy.units.quantity.Quantity
#         unit: !astropy.units.Unit {unit: mas / yr}
#         value: !astropy.table.SerializedColumn {name: SkyCoord.pm_dec}
#       pm_ra_cosdec: !astropy.table.SerializedColumn
#         __class__: astropy.units.quantity.Quantity
#         unit: !astropy.units.Unit {unit: mas / yr}
#         value: !astropy.table.SerializedColumn {name: SkyCoord.pm_ra_cosdec}
#       ra: !astropy.table.SerializedColumn
#         __class__: astropy.coordinates.angles.Longitude
#         unit: *id001
#         value: !astropy.table.SerializedColumn {name: SkyCoord.ra}
#         wrap_angle: !astropy.coordinates.Angle
#           unit: *id001
#           value: 360.0
#       representation_type: spherical
# schema: astropy-2.0
RA_ICRS_1 DE_ICRS_1 e_RA_ICRS e_DE_ICRS _r_1 HIP TYC2 Source rgeo Plx e_Plx pmRA pmDE e_pmRA e_pmDE RUWE Teff logg Gmag BP-RP BPmag RPmag RV e_RV b_rgeo B_rgeo FG e_FG FBP e_FBP FRP e_FRP RAVE5 RAVE6 e_Gmag e_BPmag e_RPmag e_BP-RP SkyCoord.ra SkyCoord.dec SkyCoord.distance SkyCoord.pm_ra_cosdec SkyCoord.pm_dec rmRA rmDE e_rmRA e_rmDE rRV e_rRV v_pec v_pec3d e_v_pec e_v_pec3d v_trans_upper v_trans_lower
[from data line 880]
130.17355445931 -48.00489353541 0.0242 0.0256 12.6133 "" "" 5329308400010109440 673.120667 1.4551 0.0277 -5.062 2.861 0.034 0.033 1.652 4800.4 4.2046 14.812074 1.566237 15.539061 13.972824 -11.52 7.73 658.248779 688.305298 22393.26051 38.851 8313.7 66.406 20419.0 102.24 "" "" 0.0033376748790885616 0.009110152 0.0066210325 0.015731184 130.17355445931 -48.00489353541 673.120667 -5.062 2.861 -0.6536795730590823 -0.48575002098083475 0.27603626 0.27503625 -35.74515625 15.565468 2.5984233963710137 35.8394754353872 0.9375983725927192 15.524590874802108 2.6570400789214252 2.541013984326606
130.06762001552 -48.39680550386 0.0152 0.0149 25.2928 "" "" 5329020740278322048 823.296997 1.1729 0.0175 -5.83 -6.093 0.02 0.018 1.009 5111.6 4.3153 14.813762 1.097045 15.269994 14.172949 19.9 7.49 809.099304 836.541077 22358.46385 4.9193 10652.0 11.331 16982.0 13.293 "" "" 0.002765656269720549 0.0030197594 0.0038737613 0.0068935207 130.06762001552 -48.39680550386 823.296997 -5.8300000000000045 -6.092999999999993 -1.421679573059082 -9.439750020980835 0.26203626 0.26003626 -4.325156250000003 15.325468 37.253380225566495 37.50361735643034 1.6358031090718197 9.785183753284729 37.8526618332678 36.61094856653924
129.54936488926 -47.44401185581 0.0161 0.0173 52.9506 "" "" 5329304998397099264 606.275818 1.6153 0.0197 -5.42 18.146 0.022 0.02 1.021 4599.2 4.3418 14.814543 1.35109 15.419703 14.068613 52.19 4.11 599.063782 613.647156 22342.39226 5.0955 9279.7 12.139 18694.0 11.579 "" "" 0.002766424381875784 0.0031308525 0.003838748 0.0069696005 129.54936488926 -47.44401185581 606.275818 -5.4199999999999955 18.146000000000015 -1.011679573059082 14.799249979019166 0.26403624 0.26203626 27.964843749999996 11.945469 42.628562176690544 50.982612714668576 1.2657471225435013 11.409290578030012 43.14685687182616 42.12146834922978
130.76928999688 -48.93127488403 0.0159 0.0183 52.887 "" "" 5328931748554780416 840.169495 1.1568 0.0182 -6.633 5.385 0.022 0.022 1.065 6859.7 4.3354 14.816886 1.424725 15.45496 14.030235 23.84 14.27 828.405701 853.559631 22294.21803 5.5138 8983.2 12.463 19367.0 16.077 "" "" 0.0027683739873228075 0.0031708095 0.0038853649 0.0070561743 130.76928999688 -48.93127488403 840.169495 -6.633000000000001 5.385 -2.224679573059082 2.038249979019165 0.26403624 0.26403624 -0.3851562500000014 22.105469 12.015817332941221 12.021988667251552 1.2313702747608803 3.2491057342195258 12.207318487406775 11.847575566621975
129.10334132013 -48.29504172902 0.0153 0.019 56.3378 "" "" 5329239371296000640 573.996826 1.7073 0.0183 -7.101 10.08 0.02 0.024 1.025 5121.4 4.5633 14.81838 1.124226 15.300617 14.176392 27.84 12.32 567.145813 581.218201 22263.55081 13.316 10355.0 27.733 16928.0 25.639 "" "" 0.0028308113684127963 0.004029963 0.0041216416 0.008151605 129.10334132013 -48.29504172902 573.996826 -7.100999999999999 10.079999999999995 -2.692679573059082 6.733249979019165 0.26203626 0.26603624 3.6148437499999986 20.155468 19.730031008028323 20.058445077190633 0.9641815763073927 6.303992361876529 19.978251810333948 19.494540683337213
131.1921716533 -48.29340186874 0.0159 0.017 31.742 "" "" 5329077914884043392 842.192322 1.1527 0.0186 4.764 -10.555 0.021 0.022 0.985 6000.5 4.3425 14.81959 1.135029 15.296686 14.161657 -8.38 6.63 829.59845 852.64679 22238.78532 5.8115 10393.0 12.5 17159.0 14.142 "" "" 0.0027698900195179434 0.003080632 0.0038838715 0.006964504 131.1921716533 -48.29340186874 842.192322 4.764 -10.555 9.172320426940917 -13.901750020980835 0.26303625 0.26403624 -32.60515625 14.465468 66.48675091116607 74.05122727416716 1.9625952361138794 16.98313182044347 67.31207737362315 65.49252950971389
129.58470246658 -47.36905728576 0.016 0.0159 55.325 "" "" 5329399659477926656 819.735352 1.1855 0.018 -17.378 10.705 0.021 0.019 0.963 5278.9 4.3157 14.822392 1.062685 15.266862 14.204177 "" "" 808.071228 833.199341 22181.44744 4.8577 10682.0 14.545 16500.0 13.965 "" "" 0.002765560715483652 0.0031576336 0.003889493 0.0070471265 129.58470246658 -47.36905728576 819.735352 -17.378 10.705 -12.969679573059082 7.358249979019165 0.26303625 0.26103625 "" "" 57.93978160999304 "" 1.9081936330295517 "" 58.891430920171075 57.11534870541839
129.20503432425 -47.74427030695 0.0152 0.017 54.6002 "" "" 5329294072000026752 709.389343 1.3773 0.0183 -6.351 14.589 0.02 0.022 1.005 5184.7 4.4622 14.831945 1.078826 15.287951 14.209126 "" "" 698.953125 719.374451 21987.12612 4.2073 10477.0 11.902 16425.0 13.166 "" "" 0.0027631418901338956 0.0030506307 0.0038782938 0.0069289245 129.20503432425 -47.74427030695 709.389343 -6.350999999999997 14.589000000000002 -1.942679573059082 11.242249979019165 0.26203626 0.26403624 "" "" 38.362369370226816 "" 1.4398014432749537 "" 38.90234421630736 37.7979993896304
131.34403938225 -47.93752038429 0.0164 0.016 35.9507 "" "" 5329091933657228160 827.709351 1.1676 0.018 7.724 -3.74 0.021 0.019 1.001 5584.5 4.4141 14.840092 1.096829 15.299184 14.202354 4.24 8.32 816.983337 840.727417 21822.7889 4.8415 10369.0 11.75 16528.0 11.663 "" "" 0.002765829128337496 0.003049391 0.0038562564 0.0069056475 131.34403938225 -47.93752038429 827.709351 7.724 -3.74 12.132320426940918 -7.086750020980835 0.26303625 0.26103625 -19.985156250000003 16.155468 55.12473626595301 58.63568042350825 1.8206584717497842 14.67734053820924 55.99172834967875 54.41039288899276
131.63265540899 -48.45247698667 0.0301 0.0361 51.6912 "" "" 5328311005514491904 757.231506 1.2794 0.0365 -7.23 5.323 0.043 0.046 2.172 "" "" 14.841139 1.442637 15.099571 13.656935 "" "" 733.607178 778.143127 21801.74425 20.251 12462.0 66.433 27314.0 123.04 "" "" 0.002934089050166373 0.00642532 0.0061809584 0.012606278 131.63265540899 -48.45247698667 757.231506 -7.230000000000002 5.323000000000004 -2.8216795730590825 1.9762499790191654 0.28503627 0.28803626 "" "" 12.364755464967239 "" 1.3902418191829646 "" 12.706219175856567 11.978996240173206
129.76710083415 -48.19895093203 0.0155 0.0176 29.2092 "" "" 5329209272163849984 817.833557 1.1937 0.019 -2.302 8.495 0.022 0.021 1.03 5983.7 4.3525 14.843315 1.204369 15.35803 14.153662 23.21 9.04 805.693115 829.487366 21758.07809 6.7931 9822.1 18.504 17286.0 20.388 "" "" 0.0027760935900992927 0.0034596026 0.003990438 0.0074500404 129.76710083415 -48.19895093203 817.833557 -2.3019999999999996 8.495000000000001 2.106320426940918 5.148249979019164 0.26403624 0.26303625 -1.0151562500000004 16.87547 21.563084620380277 21.586967377507996 1.333905792006276 5.7239714396764185 21.87035016049646 21.242988463975166
129.61811218344 -48.62644713898 0.0165 0.0166 47.5766 "" "" 5329176733490955136 745.057922 1.3046 0.0189 -3.951 9.673 0.021 0.02 1.021 5135.6 4.4201 14.848923 1.091412 15.312057 14.220644 "" "" 734.290222 755.079895 21645.99655 6.2264 10247.0 17.14 16252.0 15.09 "" "" 0.0027729633920920292 0.003329151 0.003911522 0.0072406735 129.61811218344 -48.62644713898 745.057922 -3.950999999999998 9.672999999999998 0.4573204269409179 6.326249979019165 0.26303625 0.26203626 "" "" 22.399923211162086 "" 1.2379363609052083 "" 22.70123055787377 22.076195825627586
131.79984313535 -47.94320218325 0.016 0.0168 53.8839 "" "" 5329453810425576576 719.521301 1.3528 0.019 -7.676 6.917 0.02 0.02 1.022 5125.9 4.4139 14.849174 1.040202 15.284683 14.244481 "" "" 707.917847 730.658264 21641.00679 7.0458 10509.0 19.591 15899.0 19.616 "" "" 0.00277790291390363 0.0034469978 0.0040097595 0.007456757 131.79984313535 -47.94320218325 719.521301 -7.676 6.917 -3.267679573059082 3.570249979019165 0.26203626 0.26203626 "" "" 16.506552261576438 "" 1.15452696852501 "" 16.7620455479312 16.240357196052177
130.50750226209 -48.27656573126 0.0163 0.0191 12.3463 "" "" 5329103066213960832 679.608276 1.4377 0.0194 -4.749 3.702 0.022 0.024 1.055 "" "" 14.850704 1.843397 15.737289 13.893892 94.46 9.54 670.208313 687.763977 21610.51694 31.988 6926.3 56.145 21958.0 98.703 "" "" 0.0031897648309524955 0.009232734 0.0061727418 0.015405476 130.50750226209 -48.27656573126 679.608276 -4.748999999999999 3.701999999999999 -0.3406795730590817 0.355249979019165 0.26403624 0.26603624 70.23484375 17.37547 1.585559139749419 70.25273855425536 0.8743927011298693 17.37104591165416 1.6045867865840395 1.5636285691923932
130.07819300037 -48.94488236026 0.0146 0.0153 54.6436 "" "" 5328919379047846784 811.695496 1.1994 0.017 -3.833 5.024 0.021 0.02 1.013 5298.4 4.2928 14.854227 1.156079 15.346037 14.189958 21.1 13.66 800.850708 822.019653 21540.51129 7.6117 9931.2 20.634 16718.0 17.351 "" "" 0.002781903433418489 0.003588009 0.003943794 0.007531803 130.07819300037 -48.94488236026 811.695496 -3.833 5.023999999999999 0.5753204269409178 1.677249979019165 0.26303625 0.26203626 -3.12515625 21.495468 6.822190965638946 7.503925050169391 1.097534702084631 9.098658960432145 6.908964110199104 6.731041987872695
131.429924666 -47.769362328 0.015 0.017 42.6096 "" "" 5329095266551669248 737.734802 1.3181 0.0186 0.077 2.021 0.019 0.021 1.004 5467.9 4.4878 14.858318 1.092311 15.309479 14.217168 "" "" 724.524048 749.530762 21459.48549 4.7521 10271.0 18.527 16304.0 36.871 "" "" 0.002765790393129425 0.0034089072 0.004506941 0.007915848 131.429924666 -47.769362328 737.734802 0.07700000000000007 2.021 4.485320426940918 -1.325750020980835 0.26103625 0.26303625 "" "" 16.355345246403044 "" 1.1905673136947326 "" 16.616857917066994 16.06246704403338
130.21991303317 -48.04166604919 0.0194 0.0205 10.2509 "" "" 5329307334858048640 689.577271 1.4154 0.0227 -3.63 3.621 0.026 0.026 1.397 "" "" 14.858397 1.575878 15.556733 13.980855 120.32 15.44 678.647034 703.132019 21457.94249 36.441 8179.4 54.718 20268.0 80.163 "" "" 0.003315356193917676 0.007780768 0.005720517 0.013501285 130.21991303317 -48.04166604919 689.577271 -3.630000000000001 3.6210000000000013 0.7783204269409181 0.27424997901916504 0.26803625 0.26803625 96.09484375 23.275467 2.6973262381381673 96.1326924837324 0.9239895771738972 23.266311898074022 2.7503465144282058 2.6545719069137426
130.99025363219 -47.56948693216 0.0163 0.0173 36.6978 "" "" 5329161988851371904 591.021912 1.6538 0.0189 -8.7 0.006 0.023 0.021 1.083 5041.7 4.5097 14.867121 1.171381 15.370446 14.199065 -2.44 5.34 584.624817 596.888 21286.22287 9.7184 9710.4 21.652 16578.0 20.267 "" "" 0.002799555261052183 0.0036940533 0.00400569 0.0076997434 130.99025363219 -47.56948693216 591.021912 -8.699999999999998 0.006000000000001367 -4.291679573059081 -3.340750020980835 0.26503626 0.26303625 -26.665156250000003 13.175468 15.236126862969858 30.71107486919704 0.8984432124273141 11.612827208444868 15.387350462539791 15.071214278519909
130.46571759289 -47.68365697764 0.0155 0.0177 23.3141 "" "" 5329322487502695296 662.527649 1.4729 0.0179 -9.822 8.674 0.022 0.023 0.916 5359.8 4.5297 14.871009 1.074435 15.325218 14.250783 "" "" 654.388672 670.610657 21210.13138 19.628 10123.0 33.936 15807.0 40.054 "" "" 0.002932798526588593 0.004586184 0.0046746954 0.00926088 130.46571759289 -47.68365697764 662.527649 -9.822 8.674 -5.413679573059081 5.3272499790191645 0.26403624 0.26503626 "" "" 23.851916431813557 "" 1.1227278388264617 "" 24.142915957078166 23.558901944738995
129.46817245466 -47.39003575729 0.0164 0.017 57.5707 "" "" 5329306334120526848 719.258911 1.3532 0.0195 -11.19 10.259 0.021 0.021 0.997 5392.7 4.5158 14.876814 1.055999 15.319512 14.263514 "" "" 710.129395 729.339661 21097.01799 4.6785 10177.0 13.411 15623.0 14.677 "" "" 0.002765820241102773 0.00313562 0.0039146026 0.0070502227 129.46817245466 -47.39003575729 719.258911 -11.190000000000001 10.259000000000002 -6.7816795730590815 6.912249979019165 0.26303625 0.26303625 "" "" 33.01386912020184 "" 1.3376402043070312 "" 33.476573934898916 32.59482579415428
130.54931503499 -48.35823136168 0.0198 0.0223 17.4419 "" "" 5329097499936463360 691.962769 1.4084 0.0233 -4.036 3.151 0.025 0.027 1.172 "" "" 14.87966 1.957453 15.85279 13.895337 "" "" 682.279907 701.333923 21041.80567 40.833 6227.3 49.916 21929.0 114.75 "" "" 0.0034685723858528653 0.009139235 0.0068236687 0.015962904 130.54931503499 -48.35823136168 691.962769 -4.035999999999999 3.151 0.3723204269409184 -0.19575002098083516 0.26703626 0.26903626 "" "" 1.3796686050137494 "" 0.8962733230028143 "" 1.3983532619718597 1.360362449673359
130.19513044798 -47.46249728126 0.0155 0.0168 38.2416 "" "" 5329340869962013824 618.049866 1.5835 0.0181 -2.119 3.062 0.02 0.022 0.95 5094.9 4.5186 14.885208 1.142123 15.376702 14.234579 "" "" 609.967346 626.294128 20934.54836 4.6177 9654.6 13.841 16045.0 14.15 "" "" 0.0027657087006783994 0.00319497 0.0038987873 0.0070937574 130.19513044798 -47.46249728126 618.049866 -2.1190000000000007 3.0619999999999985 2.2893204269409178 -0.28475002098083513 0.26203626 0.26403624 "" "" 6.7583732563396905 "" 0.8570062574111315 "" 6.848524234252948 6.669990926665615
131.10701458295 -48.63136479462 0.0152 0.017 42.0458 "" "" 5329035102649421184 632.194824 1.5439 0.0177 -8.403 2.969 0.021 0.021 0.98 5109.1 4.5166 14.888885 1.093714 15.35431 14.260596 "" "" 626.235352 639.972778 20863.78294 9.7205 9855.8 19.364 15665.0 21.054 "" "" 0.0028013695508543063 0.0035121937 0.004051312 0.0075635053 131.10701458295 -48.63136479462 632.194824 -8.403 2.969 -3.9946795730590825 -0.3777500209808351 0.26303625 0.26303625 "" "" 12.023872795354473 "" 0.9188531263877006 "" 12.171803664057881 11.910528094424944
129.97380418061 -47.4624108385 0.0376 0.0405 41.7295 "" "" 5329387015094275968 736.639587 1.3208 0.0453 -9.316 8.481 0.05 0.054 2.274 4637.8 4.2515 14.89342 1.302675 15.469109 14.166433 25.76 7.67 710.875427 766.66095 20776.8024 4.7809 8866.9 12.942 17084.0 21.227 "" "" 0.002766623844365944 0.0032088007 0.004012932 0.0072217328 129.97380418061 -47.4624108385 736.639587 -9.316 8.481 -4.907679573059083 5.134249979019165 0.29203627 0.29603624 1.5348437500000003 15.505468 24.799680280404786 24.847130364434683 1.9660533515391592 7.343212324011339 25.81037834377397 23.932305051094453
129.93576435519 -48.14502502818 0.0712 0.0739 21.8998 "" "" 5329214872801310080 611.62085 1.6035 0.0844 7.36 -5.134 0.097 0.088 4.339 5150.6 4.4 14.902716 1.077619 15.341534 14.263915 "" "" 582.502747 646.954041 20599.68542 11.859 9972.5 16.285 15617.0 10.245 "" "" 0.002825326801137479 0.0033058382 0.0038459124 0.007151751 129.93576435519 -48.14502502818 611.62085 7.360000000000001 -5.134000000000006 11.768320426940917 -8.480750020980835 0.33903626 0.33003625 "" "" 42.053341120583184 "" 3.1897997737491783 "" 44.48275263263631 40.05126169794205
129.81402553692 -47.41345109545 0.0164 0.0167 47.5996 "" "" 5329385056589243776 589.501953 1.6631 0.0194 2.275 -19.47 0.022 0.02 1.037 5168.0 4.5629 14.905408 1.168937 15.409025 14.240088 "" "" 582.40564 596.327393 20548.66091 4.379 9371.5 12.876 15963.0 13.402 "" "" 0.0027650178345416192 0.0031639165 0.0038877558 0.0070516723 129.81402553692 -47.41345109545 589.501953 2.2750000000000004 -19.47 6.683320426940918 -22.816750020980834 0.26403624 0.26203626 "" "" 66.43422703905719 "" 1.5170947253818174 "" 67.20342352482602 65.63450438066216
129.15020749476 -47.60160668465 0.0167 0.0192 60.2372 "" "" 5521450732713958016 666.073608 1.468 0.0211 -4.666 3.726 0.024 0.025 1.049 4718.4 4.1934 14.906532 1.44449 15.553428 14.108937 "" "" 653.951538 676.733276 20527.40199 53.766 8204.4 79.273 18013.0 138.27 "" "" 0.003959665434259397 0.0108553665 0.00915114 0.020006508 129.15020749476 -47.60160668465 666.073608 -4.666000000000002 3.7260000000000044 -0.2576795730590824 0.379249979019165 0.26603624 0.26703626 "" "" 1.4475954149944525 "" 0.8668440876568778 "" 1.4707623538084629 1.4212501991782422
