Clusters/IC_2395/IC_2395_members.tsv
# %ECSV 1.0
# ---
# datatype:
# - name: RA_ICRS_1
#   unit: deg
#   datatype: float64
#   format: '{:15.11f}'
#   description: Right ascension (ICRS) at Ep=2016.0 (ra)
#   meta: !!omap
#   - {ucd: POS_EQ_RA_MAIN}
#   - {width: 15}
#   - {precision: '11'}
# - name: DE_ICRS_1
#   unit: deg
#   datatype: float64
#   format: '{:15.11f}'
#   description: Declination (ICRS) at Ep=2016.0 (dec)
#   meta: !!omap
#   - {ucd: POS_EQ_DEC_MAIN}
#   - {width: 15}
#   - {precision: '11'}
# - name: e_RA_ICRS
#   unit: mas
#   datatype: float64
#   format: '{:7.4f}'
#   description: Standard error of right ascension (ra_error)
#   meta: !!omap
#   - {ucd: ERROR}
#   - {width: 7}
#   - {precision: '4'}
# - name: e_DE_ICRS
#   unit: mas
#   datatype: float64
#   format: '{:7.4f}'
#   description: Standard error of declination (dec_error)
#   meta: !!omap
#   - {ucd: ERROR}
#   - {width: 7}
#   - {precision: '4'}
# - name: _r_1
#   unit: ''
#   datatype: float64
#   format: '{:7.4f}'
#   description: Distance from center (130.47140821000-48.07220585000)[ICRS], at Epoch=J2016.0
#   meta: !!omap
#   - {ucd: POS_ANG_DIST_GENERAL}
#   - {width: 7}
#   - {precision: '4'}
# - name: HIP
#   datatype: int32
#   description: '? HIP cross-id number, van Leeuwen, Cat. I/311 (hip_original_ext_source_id)'
#   meta: !!omap
#   - {ucd: ID_NUMBER}
#   - {width: 6}
#   - values: {'null': -2147483648}
# - name: TYC2
#   datatype: string
#   description: Tycho-2 cross-id name, Hog et al., Cat. I/259 (tyc2_original_ext_source_id)
#   meta: !!omap
#   - {ucd: ID_CROSSID}
#   - {_votable_string_dtype: char}
# - name: Source
#   datatype: int64
#   description: Source identifier, identical to the Gaia-EDR3 source_id (id)
#   meta: !!omap
#   - {ucd: ID_MAIN}
#   - {width: 19}
# - name: rgeo
#   unit: pc
#   datatype: float64
#   format: '{:15.8f}'
#   description: '? Median of the geometric distance posterior (r_med_geo)'
#   meta: !!omap
#   - {ucd: PHYS_DISTANCE_TRUE}
#   - {width: 15}
#   - {precision: '8'}
#   - values: {'null': .nan}
# - name: Plx
#   unit: mas
#   datatype: float64
#   format: '{:9.4f}'
#   description: '? Parallax (parallax)'
#   meta: !!omap
#   - {ucd: POS_PARLX_TRIG}
#   - {width: 9}
#   - {precision: '4'}
#   - values: {'null': .nan}
# - name: e_Plx
#   unit: mas
#   datatype: float32
#   format: '{:7.4f}'
#   description: '? Standard error of parallax (parallax_error)'
#   meta: !!omap
#   - {ucd: ERROR}
#   - {width: 7}
#   - {precision: '4'}
#   - values: {'null': .nan}
# - name: pmRA
#   unit: mas / yr
#   datatype: float64
#   format: '{:9.3f}'
#   description: '? Proper motion in right ascension direction, pmRA*cosDE (pmra)'
#   meta: !!omap
#   - {ucd: POS_EQ_PMRA}
#   - {width: 9}
#   - {precision: '3'}
#   - values: {'null': .nan}
# - name: pmDE
#   unit: mas / yr
#   datatype: float64
#   format: '{:9.3f}'
#   description: '? Proper motion in declination direction (pmdec)'
#   meta: !!omap
#   - {ucd: POS_EQ_PMDEC}
#   - {width: 9}
#   - {precision: '3'}
#   - values: {'null': .nan}
# - name: e_pmRA
#   unit: mas / yr
#   datatype: float32
#   format: '{:6.3f}'
#   description: '? Standard error of proper motion in right ascension direction (pmra_error)'
#   meta: !!omap
#   - {ucd: ERROR}
#   - {width: 6}
#   - {precision: '3'}
#   - values: {'null': .nan}
# - name: e_pmDE
[...]
#       distance: !astropy.table.SerializedColumn
#         __class__: astropy.coordinates.distances.Distance
#         unit: !astropy.units.Unit {unit: pc}
#         value: !astropy.table.SerializedColumn {name: SkyCoord.distance}
#       frame: icrs
#       obstime: !astropy.time.Time {format: jyear_str, in_subfmt: '*', jd1: 367701545.0, jd2: 0.0, out_subfmt: '*', precision: 3, scale: tt}
#       pm_dec: !astropy.table.SerializedColumn
#         __class__: astropy.units.quantity.Quantity
#         unit: !astropy.units.Unit {unit: mas / yr}
#         value: !astropy.table.SerializedColumn {name: SkyCoord.pm_dec}
#       pm_ra_cosdec: !astropy.table.SerializedColumn
#         __class__: astropy.units.quantity.Quantity
#         unit: !astropy.units.Unit {unit: mas / yr}
#         value: !astropy.table.SerializedColumn {name: SkyCoord.pm_ra_cosdec}
#       ra: !astropy.table.SerializedColumn
#         __class__: astropy.coordinates.angles.Longitude
#         unit: *id001
#         value: !astropy.table.SerializedColumn {name: SkyCoord.ra}
#         wrap_angle: !astropy.coordinates.Angle
#           unit: *id001
#           value: 360.0
#       representation_type: spherical
# schema: astropy-2.0
RA_ICRS_1 DE_ICRS_1 e_RA_ICRS e_DE_ICRS _r_1 HIP TYC2 Source rgeo Plx e_Plx pmRA pmDE e_pmRA e_pmDE RUWE Teff logg Gmag BP-RP BPmag RPmag RV e_RV b_rgeo B_rgeo FG e_FG FBP e_FBP FRP e_FRP RAVE5 RAVE6 e_Gmag e_BPmag e_RPmag e_BP-RP SkyCoord.ra SkyCoord.dec SkyCoord.distance SkyCoord.pm_ra_cosdec SkyCoord.pm_dec rmRA rmDE e_rmRA e_rmDE rRV e_rRV v_pec v_pec3d e_vpec e_vpec3d Pmemb
[from data line 30]
130.56564937496 -48.07220755292 0.0108 0.0135 3.7783 "" "" 5329122135868652416 692.934814 1.4031 0.0133 -4.301 3.28 0.014 0.017 0.928 7969.6 4.0779 11.618803 0.398087 11.760712 11.362625 16.01 9.15 687.117188 699.024231 424058.37241 107.94 269860.0 178.85 226000.0 79.53 "" "" 0.0027691454155795666 0.0028814638 0.0037986455 0.0066801095 130.56564937496 -48.07220755292 692.934814 -4.301000000000001 3.2799999999999994 0.10732042694091781 -0.06675002098083516 0.25603625 0.25903624 -8.21515625 12.656782 0.4151138491240707 8.225637465853248 0.10663303039622032 12.640655856816954 1.0
130.64232312995 -48.16690930735 0.0087 0.0101 8.8969 "" "" 5329109693337656320 699.355286 1.397 0.0104 -4.266 3.356 0.012 0.013 0.831 7035.1 3.9 11.680535 0.605536 11.906284 11.300748 24.27 1.19 694.762207 704.725952 400620.13865 59.788 236000.0 158.6 239250.0 89.009 "" "" 0.0027600804968543557 0.002883997 0.003800906 0.006684903 130.64232312995 -48.16690930735 699.355286 -4.266 3.356 0.14232042694091795 0.009249979019164911 0.25403625 0.25503626 0.044843749999998295 4.696783 0.47277966454752196 0.4749016457370197 0.12010516464309001 0.4593403095295729 1.0
130.20081533888 -48.23766390731 0.0123 0.0128 14.6924 "" "" 5329023656546077312 711.196411 1.3643 0.0139 -4.391 3.155 0.016 0.016 0.995 "" "" 11.686176 0.260257 11.776397 11.51614 21.81 8.84 704.931213 718.343628 398543.94694 105.5 265990.0 177.26 196200.0 56.813 "" "" 0.0027702695551424473 0.0028824601 0.0037924359 0.006674896 130.20081533888 -48.23766390731 711.196411 -4.390999999999998 3.1549999999999963 0.017320426940917955 -0.19175002098083516 0.25803626 0.25803626 -2.4151562500000026 12.346783 0.6490346333981646 2.500844990651033 0.16747446671026925 11.92381278612959 1.0
130.52039836145 -48.19533323759 0.0096 0.0119 7.6437 "" "" 5329103581609980032 690.428711 1.4013 0.0121 -4.364 3.464 0.013 0.015 0.831 9646.3 4.3127 11.780714 0.270383 11.874303 11.60392 28.65 11.29 683.422913 696.868958 365309.49147 139.92 243050.0 264.14 180960.0 137.15 "" "" 0.0027865257476171108 0.00302941 0.0038679272 0.0068973373 130.52039836145 -48.19533323759 690.428711 -4.364000000000001 3.4640000000000013 0.04432042694091809 0.11724997901916501 0.25503626 0.25703624 4.424843749999997 14.796783 0.410214450317381 4.443817965124498 0.10533776004843197 14.73360734615274 1.0
130.63952073655 -48.17437524631 0.0098 0.0115 9.1058 "" "" 5329109697643553664 699.92572 1.3862 0.012 -4.443 3.406 0.013 0.015 0.89 "" "" 11.829819 0.315316 11.939332 11.624016 18.26 14.46 692.753723 707.812561 349155.80382 114.03 228920.0 210.18 177640.0 110.9 "" "" 0.0027780428597201506 0.0029628985 0.0038396833 0.0068025817 130.63952073655 -48.17437524631 699.92572 -4.443 3.4059999999999997 -0.03467957305908165 0.05924997901916518 0.25503626 0.25703624 -5.96515625 17.966784 0.227766443312267 5.969503047960791 0.058428330872598154 17.95370083457886 1.0
130.53662142304 -48.01793605647 0.0082 0.0101 4.1768 "" "" 5329123338459413632 694.579041 1.4144 0.0097 -4.243 3.344 0.01 0.012 0.879 6768.9 3.963 12.34317 0.676076 12.59897 11.922894 30.63 5.52 689.948975 699.556641 217609.92932 40.668 124690.0 86.393 134900.0 94.566 "" "" 0.002762781372743705 0.0028898015 0.0038552582 0.00674506 130.53662142304 -48.01793605647 694.579041 -4.243 3.344 0.16532042694091764 -0.0027500209808350995 0.25203624 0.25403625 6.404843749999998 9.026783 0.5443605094280058 6.427935269286612 0.13719888037022854 8.99436295331842 1.0
130.22489134532 -47.81384980191 0.0086 0.0088 18.3973 "" "" 5329314756561357568 706.479309 1.3901 0.0096 -4.544 3.439 0.011 0.011 0.973 6828.1 4.1173 12.380068 0.628212 12.617228 11.989016 31.8 6.73 702.55603 710.975098 210338.98142 28.478 122610.0 43.841 126930.0 32.646 "" "" 0.002759238677006392 0.0028170487 0.0037896843 0.006606733 130.22489134532 -47.81384980191 706.479309 -4.5440000000000005 3.4389999999999965 -0.13567957305908163 0.0922499790191651 0.25303626 0.25303626 7.574843749999999 10.236783 0.5494235764857073 7.594743188766319 0.13902408728209079 10.209965976536854 1.0
130.69656792113 -48.13449294822 0.0079 0.0087 9.765 "" "" 5329109457125423360 684.031128 1.4413 0.0091 -4.156 3.37 0.01 0.01 0.893 6451.2 4.1019 12.515725 0.72862 12.797263 12.068644 21.06 1.76 679.691467 687.784058 185633.6196 28.179 103880.0 55.738 117950.0 38.381 "" "" 0.0027602450891843875 0.0028503384 0.0037958592 0.0066461973 130.69656792113 -48.13449294822 684.031128 -4.155999999999999 3.3699999999999974 0.2523204269409183 0.023249979019165146 0.25203624 0.25203624 -3.1651562500000026 5.2667828 0.8215661805392646 3.2700435892996826 0.20706445407529067 5.098115026960155 1.0
130.53957490417 -48.34888783635 0.0098 0.0123 16.8232 "" "" 5329100450560058368 693.027893 1.4179 0.0119 -4.58 3.13 0.013 0.015 0.935 "" "" 12.526758 0.638344 12.767274 12.12893 20.08 7.44 687.944702 700.507019 183756.87565 34.842 106780.0 61.708 111580.0 38.487 "" "" 0.0027630001901183835 0.0028598488 0.003797891 0.00665774 130.53957490417 -48.34888783635 693.027893 -4.58 3.13 -0.1716795730590821 -0.21675002098083507 0.25503626 0.25703624 -4.145156250000003 10.946783 0.9083023398378892 4.243504857717153 0.23276798805024448 10.693193553665841 1.0
130.46363101828 -47.79037288587 0.0091 0.0102 16.9129 "" "" 5329318570492587520 704.493652 1.3958 0.0105 -4.063 3.442 0.012 0.013 0.934 6579.4 4.0124 12.533679 0.714112 12.806156 12.092044 22.32 6.7 700.114197 709.748291 182589.15331 27.872 103030.0 61.476 115440.0 43.752 "" "" 0.0027603003285499744 0.002864392 0.0038017174 0.0066661094 130.46363101828 -47.79037288587 704.493652 -4.062999999999997 3.4419999999999993 0.34532042694091825 0.09524997901916521 0.25403625 0.25503626 -1.905156250000001 10.206783 1.196190904278068 2.249553959430991 0.30396057961323797 8.645676570919923 1.0
130.68545009371 -47.85069042732 0.01 0.0106 15.8305 "" "" 5329129037862310656 693.51001 1.4236 0.0113 -3.747 3.576 0.013 0.014 1.033 6615.2 3.9593 12.548395 0.742492 12.833662 12.09117 "" "" 688.342407 698.767822 180131.11973 45.096 100450.0 86.672 115530.0 91.048 "" "" 0.0027686951525617795 0.002943241 0.0038750325 0.0068182736 130.68545009371 -47.85069042732 693.51001 -3.7470000000000008 3.5760000000000014 0.6613204269409181 0.2292499790191651 0.25503626 0.25603625 "" "" 2.300832009002039 "" 0.5870428586173059 "" 0.9
130.30690217263 -48.07686128384 0.0085 0.0094 6.6009 "" "" 5329119249650338304 686.82605 1.4337 0.0102 -4.617 3.269 0.011 0.011 0.965 6324.9 4.0459 12.626205 0.728436 12.908341 12.179906 26.9 4.92 681.848389 691.275635 167673.52932 26.042 93774.0 43.386 106460.0 41.896 "" "" 0.002760475572583705 0.0028350286 0.003803458 0.006638487 130.30690217263 -48.07686128384 686.82605 -4.617 3.269 -0.20867957305908202 -0.07775002098083483 0.25303626 0.25303626 2.6748437499999973 8.426783 0.7249898377858549 2.7713533430089368 0.18344871752985561 8.133469960319198 0.9
130.92262228729 -48.15917081375 0.0088 0.0095 18.8127 "" "" 5329106983224451712 697.747803 1.4107 0.01 -4.253 3.333 0.012 0.012 0.996 6628.6 4.0995 12.695599 0.687549 12.959228 12.271679 27.02 3.27 693.8479 702.722961 157292.285 25.601 89480.0 40.32 97833.0 41.061 "" "" 0.0027609812841261653 0.0028327373 0.0038067545 0.0066394918 130.92262228729 -48.15917081375 697.747803 -4.253 3.333 0.15532042694091786 -0.013750020980834776 0.25403625 0.25403625 2.7948437499999983 6.776783 0.5157040511835047 2.8420243234921707 0.13100752210194896 6.664323709370073 1.0
130.74357464062 -47.94405955728 0.0198 0.0215 13.3595 "" "" 5329124815928388992 773.195618 1.2889 0.0228 -4.372 3.511 0.025 0.026 1.934 5819.7 3.7435 12.719388 1.055765 13.156535 12.10077 15.12 10.11 759.329529 786.20813 153883.34048 189.06 74611.0 299.76 114510.0 350.0 "" "" 0.003061233882707752 0.0051781195 0.0050295657 0.010207685 130.74357464062 -47.94405955728 773.195618 -4.372 3.511 0.03632042694091808 0.16424997901916516 0.26703626 0.26803625 -9.105156250000002 13.616783 0.6165093685741581 9.126004281088948 0.16521816773182513 13.585680671781157 1.0
130.40543126294 -48.34659385074 0.0148 0.0159 16.6733 "" "" 5329100970269836544 702.788208 1.4119 0.0175 -4.448 3.331 0.019 0.02 1.505 6223.0 4.121 12.801253 0.877405 13.151957 12.274552 21.96 1.52 694.646851 711.420776 142707.02383 33.125 74926.0 77.12 97575.0 59.023 "" "" 0.002766821902581595 0.0030056478 0.0038360215 0.0068416693 130.40543126294 -48.34659385074 702.788208 -4.448 3.3309999999999995 -0.03967957305908243 -0.015750020980835 0.26103625 0.26203626 -2.2651562500000004 5.026783 0.14221334465857335 2.2696161508750863 0.03714222663853524 5.016905667880961 1.0
130.74483737371 -48.12411823971 0.0086 0.01 11.3908 "" "" 5329109560204681088 698.772095 1.4183 0.01 -4.41 3.182 0.011 0.013 0.906 5606.2 4.007 12.808494 1.109687 13.277166 12.16748 "" "" 694.455688 703.890869 141758.50741 166.13 66765.0 271.43 107690.0 382.45 "" "" 0.0030349280160958665 0.005221928 0.005399217 0.010621145 130.74483737371 -48.12411823971 698.772095 -4.41 3.1820000000000004 -0.0016795730590821734 -0.16475002098083502 0.25303626 0.25503626 "" "" 0.5457100360571953 "" 0.13917573620580173 "" 1.0
129.97771757125 -47.88058183323 0.0086 0.0095 22.9217 "" "" 5329324446007327232 703.947021 1.3923 0.0108 -4.866 3.645 0.012 0.012 0.975 6313.5 4.2273 13.033912 0.724027 13.316328 12.592301 44.95 5.44 698.54364 708.323669 115181.33237 30.659 64400.0 49.669 72818.0 39.75 "" "" 0.0027704352209732422 0.002913118 0.0038255719 0.0067386897 129.97771757125 -47.88058183323 703.947021 -4.866 3.6450000000000005 -0.4576795730590817 0.29824997901916506 0.25403625 0.25403625 20.72484375 8.946783 1.8227828336705332 20.804847649541635 0.463052911492784 8.91247103973635 0.9
129.82409521009 -47.88268039482 0.0093 0.0095 28.3775 "" "" 5329234148614271616 678.321472 1.4409 0.0111 -4.576 3.407 0.013 0.011 1.067 5418.7 4.077 13.125026 1.095008 13.586218 12.49121 24.37 6.82 673.609375 683.148743 105909.87234 167.06 50226.0 260.12 79923.0 359.02 "" "" 0.003244202085476507 0.006277211 0.00617016 0.012447371 129.82409521009 -47.88268039482 678.321472 -4.576 3.407 -0.16767957305908165 0.06024997901916507 0.25503626 0.25303626 0.14484374999999972 10.326783 0.5728775809563034 0.5909047593956308 0.14597400184705767 2.5352746033025433 1.0
130.57922100367 -48.13682087191 0.0091 0.0116 5.8043 "" "" 5329121757911610112 691.886963 1.4138 0.0117 -4.599 3.22 0.012 0.014 1.03 5535.2 4.0737 13.13468 1.09483 13.594873 12.500044 -15.13 6.12 686.613342 697.332886 104972.35575 130.65 49827.0 202.5 79276.0 253.27 "" "" 0.0030688531762308696 0.0052206507 0.005129872 0.010350523 130.57922100367 -48.13682087191 691.886963 -4.599 3.2200000000000006 -0.19067957305908223 -0.12675002098083477 0.25403625 0.25603625 -39.35515625 9.626783 0.7508957982350504 39.362319138507594 0.19121623376650806 9.625032245288049 1.0
130.738410467 -48.05985932512 0.0089 0.0102 10.7314 "" "" 5329111965386318080 692.106934 1.411 0.0104 -4.235 3.255 0.011 0.012 0.968 5715.8 3.9283 13.166957 1.060172 13.60971 12.549538 65.4 5.06 686.446594 697.641602 101897.64798 147.3 49151.0 270.27 75743.0 317.39 "" "" 0.003170983689993653 0.0065900288 0.0059146225 0.012504651 130.738410467 -48.05985932512 692.106934 -4.235 3.255 0.17332042694091765 -0.09175002098083507 0.25303626 0.25403625 41.17484375000001 8.566783 0.6433467287398303 41.17986950987454 0.16293108780398294 8.565737804299635 1.0
130.49910259016 -48.26596772426 0.0087 0.0109 11.6784 "" "" 5329103134933416704 708.556091 1.3773 0.011 -4.328 3.238 0.012 0.013 0.966 5731.2 4.0132 13.212301 0.926067 13.589392 12.663324 23.23 3.76 702.47937 715.881409 97729.66697 60.159 50080.0 117.34 68207.0 123.93 "" "" 0.002835219552757102 0.0037757985 0.0042632692 0.0080390675 130.49910259016 -48.26596772426 708.556091 -4.327999999999999 3.2379999999999987 0.08032042694091768 -0.10875002098083497 0.25403625 0.25503626 -0.9951562500000009 7.2667828 0.45406306658076245 1.093850643528078 0.11564248344609035 6.611300141729923 1.0
130.60828616826 -48.0319683115 0.0095 0.0115 5.9972 "" "" 5329122685624490368 701.12085 1.3913 0.0111 -4.384 3.503 0.012 0.015 0.97 5334.1 4.1044 13.413999 1.106104 13.881124 12.77502 12.88 4.64 696.263672 706.322998 81160.95985 125.14 38280.0 206.74 61539.0 250.78 "" "" 0.003224018494388514 0.006493754 0.0058189486 0.012312703 130.60828616826 -48.0319683115 701.12085 -4.384 3.503 0.024320426940917628 0.15624997901916515 0.25403625 0.25703624 -11.34515625 8.146783 0.5255201044464822 11.357321062516966 0.13504063167159022 8.138059264878976 1.0
130.65224845612 -48.28874950612 0.0107 0.0121 14.8712 "" "" 5329099527161087488 697.250854 1.3988 0.0124 -4.298 3.314 0.014 0.015 0.969 5146.6 4.129 13.75615 1.193784 14.272873 13.079089 25.75 4.22 692.115356 703.434937 59222.50163 56.836 26685.0 91.032 46507.0 135.29 "" "" 0.0029457630544156652 0.004637177 0.0049253856 0.009562563 130.65224845612 -48.28874950612 697.250854 -4.297999999999999 3.314 0.11032042694091793 -0.032750020980834904 0.25603625 0.25703624 1.5248437499999987 7.726783 0.38033230667248347 1.571560092841782 0.09740971622136406 7.497132791347668 1.0
129.98329444798 -47.78240589546 0.0109 0.0115 26.2193 "" "" 5329329050212203392 693.504944 1.4081 0.0124 -4.475 3.435 0.014 0.013 0.998 5532.4 4.0254 13.75949 1.238606 14.297676 13.05907 19.73 6.58 688.50116 699.393188 59040.62 87.761 26082.0 141.57 47373.0 182.67 "" "" 0.0031931869295307625 0.006520384 0.005640149 0.012160533 129.98329444798 -47.78240589546 693.504944 -4.475 3.4349999999999996 -0.06667957305908168 0.08824997901916509 0.25603625 0.25503626 -4.495156250000001 10.086782 0.36359350924290534 4.509837020544937 0.09286183068319816 10.05394996796895 1.0
129.91594746539 -48.05432282042 0.0113 0.0119 22.299 "" "" 5329217690299796224 699.516541 1.3981 0.0137 -4.41 3.448 0.015 0.015 1.16 "" "" 13.838069 1.193654 14.332585 13.138931 18.5 6.67 692.529968 706.147766 54918.54401 821.59 25257.0 1167.4 44013.0 1606.2 "" "" 0.01647482243723409 0.050261155 0.039802436 0.09006359 129.91594746539 -48.05432282042 699.516541 -4.41 3.448 -0.0016795730590821734 0.10124997901916499 0.25703624 0.25703624 -5.725156250000001 10.176783 0.3357615933267519 5.734993455486013 0.08630289711872349 10.159327680379109 1.0
130.64572656717 -48.36392694179 0.012 0.0132 18.8396 "" "" 5329098049692380288 698.791748 1.3987 0.0138 -4.391 3.195 0.015 0.016 1.031 5068.0 4.167 14.040504 1.221917 14.571477 13.34956 11.83 5.24 691.498779 706.494629 45576.92066 74.205 20269.0 108.07 36252.0 162.11 "" "" 0.003273623295919774 0.0064262412 0.006152735 0.012578976 130.64572656717 -48.36392694179 698.791748 -4.391000000000004 3.1949999999999994 0.017320426940917955 -0.15175002098083512 0.25703624 0.25803626 -12.395156250000001 8.746782 0.5059009298638266 12.405475976872117 0.13053428825329197 8.739507749844847 1.0
130.0550984753 -47.9270424295 0.0123 0.0132 18.8473 "" "" 5329312385739288192 704.52655 1.3871 0.0144 -4.503 3.432 0.017 0.017 1.001 5104.8 4.2157 14.159151 1.190738 14.669985 13.479247 -12.99 9.91 697.20636 713.057861 40858.85484 53.834 18511.0 86.739 32171.0 120.54 "" "" 0.0031045425836043593 0.005802433 0.005552757 0.01135519 130.0550984753 -47.9270424295 704.52655 -4.503000000000005 3.4320000000000004 -0.09467957305908214 0.08524997901916498 0.25903624 0.25903624 -37.21515625 13.416782 0.42546004926304765 37.21758819382891 0.11020957269147777 13.415905732892668 1.0
