Clusters/IC_2395/IC_2395_stars_in_region.tsv
# %ECSV 1.0
# ---
# datatype:
# - name: RA_ICRS_1
#   unit: deg
#   datatype: float64
#   format: '{:15.11f}'
#   description: Right ascension (ICRS) at Ep=2016.0 (ra)
#   meta: !!omap
#   - {ucd: POS_EQ_RA_MAIN}
#   - {width: 15}
#   - {precision: '11'}
# - name: DE_ICRS_1
#   unit: deg
#   datatype: float64
#   format: '{:15.11f}'
#   description: Declination (ICRS) at Ep=2016.0 (dec)
#   meta: !!omap
#   - {ucd: POS_EQ_DEC_MAIN}
#   - {width: 15}
#   - {precision: '11'}
# - name: e_RA_ICRS
#   unit: mas
#   datatype: float64
#   format: '{:7.4f}'
#   description: Standard error of right ascension (ra_error)
#   meta: !!omap
#   - {ucd: ERROR}
#   - {width: 7}
#   - {precision: '4'}
# - name: e_DE_ICRS
#   unit: mas
#   datatype: float64
#   format: '{:7.4f}'
#   description: Standard error of declination (dec_error)
#   meta: !!omap
#   - {ucd: ERROR}
#   - {width: 7}
#   - {precision: '4'}
# - name: _r_1
#   unit: ''
#   datatype: float64
#   format: '{:7.4f}'
#   description: Distance from center (130.47140821000-48.07220585000)[ICRS], at Epoch=J2016.0
#   meta: !!omap
#   - {ucd: POS_ANG_DIST_GENERAL}
#   - {width: 7}
#   - {precision: '4'}
# - name: HIP
#   datatype: int32
#   description: '? HIP cross-id number, van Leeuwen, Cat. I/311 (hip_original_ext_source_id)'
#   meta: !!omap
#   - {ucd: ID_NUMBER}
#   - {width: 6}
#   - values: {'null': -2147483648}
# - name: TYC2
#   datatype: string
#   description: Tycho-2 cross-id name, Hog et al., Cat. I/259 (tyc2_original_ext_source_id)
#   meta: !!omap
#   - {ucd: ID_CROSSID}
#   - {_votable_string_dtype: char}
# - name: Source
#   datatype: int64
#   description: Source identifier, identical to the Gaia-EDR3 source_id (id)
#   meta: !!omap
#   - {ucd: ID_MAIN}
#   - {width: 19}
# - name: rgeo
#   unit: pc
#   datatype: float64
#   format: '{:15.8f}'
#   description: '? Median of the geometric distance posterior (r_med_geo)'
#   meta: !!omap
#   - {ucd: PHYS_DISTANCE_TRUE}
#   - {width: 15}
#   - {precision: '8'}
#   - values: {'null': .nan}
# - name: Plx
#   unit: mas
#   datatype: float64
#   format: '{:9.4f}'
#   description: '? Parallax (parallax)'
#   meta: !!omap
#   - {ucd: POS_PARLX_TRIG}
#   - {width: 9}
#   - {precision: '4'}
#   - values: {'null': .nan}
# - name: e_Plx
#   unit: mas
#   datatype: float32
#   format: '{:7.4f}'
#   description: '? Standard error of parallax (parallax_error)'
#   meta: !!omap
#   - {ucd: ERROR}
#   - {width: 7}
#   - {precision: '4'}
#   - values: {'null': .nan}
# - name: pmRA
#   unit: mas / yr
#   datatype: float64
#   format: '{:9.3f}'
#   description: '? Proper motion in right ascension direction, pmRA*cosDE (pmra)'
#   meta: !!omap
#   - {ucd: POS_EQ_PMRA}
#   - {width: 9}
#   - {precision: '3'}
#   - values: {'null': .nan}
# - name: pmDE
#   unit: mas / yr
#   datatype: float64
#   format: '{:9.3f}'
#   description: '? Proper motion in declination direction (pmdec)'
#   meta: !!omap
#   - {ucd: POS_EQ_PMDEC}
#   - {width: 9}
#   - {precision: '3'}
#   - values: {'null': .nan}
# - name: e_pmRA
#   unit: mas / yr
#   datatype: float32
#   format: '{:6.3f}'
#   description: '? Standard error of proper motion in right ascension direction (pmra_error)'
#   meta: !!omap
#   - {ucd: ERROR}
#   - {width: 6}
#   - {precision: '3'}
#   - values: {'null': .nan}
# - name: e_pmDE
[...]
#       distance: !astropy.table.SerializedColumn
#         __class__: astropy.coordinates.distances.Distance
#         unit: !astropy.units.Unit {unit: pc}
#         value: !astropy.table.SerializedColumn {name: SkyCoord.distance}
#       frame: icrs
#       obstime: !astropy.time.Time {format: jyear_str, in_subfmt: '*', jd1: 367701545.0, jd2: 0.0, out_subfmt: '*', precision: 3, scale: tt}
#       pm_dec: !astropy.table.SerializedColumn
#         __class__: astropy.units.quantity.Quantity
#         unit: !astropy.units.Unit {unit: mas / yr}
#         value: !astropy.table.SerializedColumn {name: SkyCoord.pm_dec}
#       pm_ra_cosdec: !astropy.table.SerializedColumn
#         __class__: astropy.units.quantity.Quantity
#         unit: !astropy.units.Unit {unit: mas / yr}
#         value: !astropy.table.SerializedColumn {name: SkyCoord.pm_ra_cosdec}
#       ra: !astropy.table.SerializedColumn
#         __class__: astropy.coordinates.angles.Longitude
#         unit: *id001
#         value: !astropy.table.SerializedColumn {name: SkyCoord.ra}
#         wrap_angle: !astropy.coordinates.Angle
#           unit: *id001
#           value: 360.0
#       representation_type: spherical
# schema: astropy-2.0
RA_ICRS_1 DE_ICRS_1 e_RA_ICRS e_DE_ICRS _r_1 HIP TYC2 Source rgeo Plx e_Plx pmRA pmDE e_pmRA e_pmDE RUWE Teff logg Gmag BP-RP BPmag RPmag RV e_RV b_rgeo B_rgeo FG e_FG FBP e_FBP FRP e_FRP RAVE5 RAVE6 e_Gmag e_BPmag e_RPmag e_BP-RP SkyCoord.ra SkyCoord.dec SkyCoord.distance SkyCoord.pm_ra_cosdec SkyCoord.pm_dec rmRA rmDE e_rmRA e_rmDE rRV e_rRV v_pec v_pec3d e_v_pec e_v_pec3d v_trans_upper v_trans_lower
[from data line 1851]
129.45583788651 -48.78187810262 0.041 0.051 58.7188 "" "" 5328980809951518720 829.378113 1.1837 0.0499 -4.84 6.302 0.054 0.063 0.996 4557.7 4.662 16.884844 1.600429 17.642277 16.041847 "" "" 801.169373 855.847168 3319.01417 2.0986 1198.1 8.8287 3036.8 8.1256 "" "" 0.0028395564802169196 0.008473268 0.00476691 0.013240177 129.45583788651 -48.78187810262 829.378113 -4.8400000000000025 6.302 -0.4316795730590819 2.9552499790191646 0.29603624 0.30503625 "" "" 11.74112414400065 "" 1.5854701418090658 "" 12.115834370685137 11.341785997629966
129.9873371387 -47.9084387881 0.0427 0.0455 21.7804 "" "" 5329324342928139648 695.806396 1.4084 0.0512 -4.444 3.327 0.061 0.056 1.057 3719.0 4.1945 16.8853 2.211794 18.015158 15.803364 "" "" 675.93811 723.827026 3317.62297 4.5492 849.87 10.933 3782.8 14.035 "" "" 0.0031318163127309544 0.01424322 0.0055236802 0.0197669 129.9873371387 -47.9084387881 695.806396 -4.444000000000001 3.327 -0.03567957305908198 -0.019750020980835004 0.30303624 0.29803625 "" "" 0.13450094058461237 "" 1.0002359174791238 "" 0.13991739135660763 0.13066035623504846
130.74586173789 -47.99600724234 0.0452 0.0536 11.9228 "" "" 5329112377703140224 590.777466 1.6738 0.0543 -13.945 -10.261 0.058 0.073 1.029 3919.1 4.5103 16.885376 2.09769 17.923677 15.825988 "" "" 572.312073 611.128418 3317.3897 2.2541 924.58 14.974 3704.8 10.75 "" "" 0.002852375124023819 0.01780399 0.0049202493 0.02272424 130.74586173789 -47.99600724234 590.777466 -13.945000000000004 -10.261000000000006 -9.536679573059082 -13.607750020980834 0.30003625 0.31503624 "" "" 46.531869562724246 "" 2.397241441798336 "" 48.13478757913563 45.07746531078475
130.31529978521 -47.36927809886 0.0459 0.0497 42.6438 "" "" 5329364848753750400 706.777893 1.3936 0.054 -4.576 3.76 0.061 0.063 1.056 3659.9 4.1614 16.887373 2.360871 18.139593 15.778722 "" "" 684.202332 732.481995 3311.29336 5.2395 757.84 8.2078 3869.6 22.219 "" "" 0.0032470328951356466 0.012085575 0.007290359 0.019375933 130.31529978521 -47.36927809886 706.777893 -4.576000000000002 3.7600000000000007 -0.16767957305908165 0.4132499790191648 0.30303624 0.30503625 "" "" 1.4940665375807565 "" 1.071995202667752 "" 1.548402757002892 1.4463437797083436
129.96841486882 -48.17362518092 0.0434 0.0434 21.0449 "" "" 5329211780424891264 696.940613 1.4133 0.0493 11.003 17.591 0.057 0.053 1.046 4329.1 4.4908 16.889046 1.556822 17.588045 16.031223 "" "" 672.08075 719.94104 3306.19776 1.9985 1259.5 8.8719 3066.7 13.957 "" "" 0.002832404203085306 0.008140981 0.006220981 0.014361963 129.96841486882 -48.17362518092 696.940613 11.003 17.591 15.411320426940918 14.244249979019166 0.29903626 0.29503626 "" "" 69.32684646874466 "" 3.3622059745051693 "" 71.61477034862993 66.85395871720962
131.30442772361 -48.49243682803 0.0422 0.0447 41.7369 "" "" 5329037061154345728 573.248901 1.7301 0.0498 -30.09 17.927 0.058 0.06 0.969 4098.2 4.7002 16.890749 1.802552 17.736526 15.933974 "" "" 556.187378 587.495117 3301.01098 2.4021 1098.5 10.885 3354.0 12.611 "" "" 0.0028663580155368915 0.011114445 0.005563214 0.016677659 131.30442772361 -48.49243682803 573.248901 -30.089999999999996 17.927 -25.681679573059082 14.580249979019165 0.30003625 0.30203626 "" "" 80.24403742328869 "" 3.0078329931010663 "" 82.23823904818505 77.85574590153955
131.00843563453 -47.25593093773 0.0392 0.0406 53.5684 "" "" 5329730097079473024 598.121338 1.6548 0.0478 -15.897 5.104 0.051 0.049 0.995 4193.7 4.5772 16.892317 1.957901 17.8847 15.9268 "" "" 581.263245 613.095032 3296.25141 1.9478 958.38 6.8322 3376.3 8.9106 "" "" 0.002829029796522465 0.0082276575 0.0047428296 0.012970487 131.00843563453 -47.25593093773 598.121338 -15.896999999999995 5.103999999999987 -11.488679573059082 1.7572499790191651 0.29303625 0.29103625 "" "" 32.95030535656303 "" 1.7074577380395533 "" 33.77520117329734 32.02159862635883
131.40638799518 -47.98014268403 0.0582 0.0591 37.9226 "" "" 5329088635122439808 816.949341 1.1865 0.0641 -9.702 4.301 0.073 0.069 1.313 4514.1 4.5016 16.895462 1.683487 17.676252 15.992765 "" "" 769.271362 864.573303 3286.71313 3.1473 1161.2 7.4695 3177.3 9.4849 "" "" 0.0029449496833678255 0.0075207935 0.004978832 0.012499625 131.40638799518 -47.98014268403 816.949341 -9.701999999999998 4.301000000000002 -5.293679573059082 0.9542499790191652 0.31503624 0.31103626 "" "" 20.829314555146684 "" 2.4343738750755746 "" 22.0435569017359 19.613694966386063
129.0750341529 -48.35561689398 0.0532 0.0626 58.3598 "" "" 5329239126464950656 637.236572 1.55 0.0654 1.192 17.655 0.071 0.081 1.305 4286.7 4.6925 16.895859 1.703206 17.669954 15.966748 "" "" 608.988708 663.342041 3285.51478 2.8943 1168.0 9.0021 3254.3 15.515 "" "" 0.002916606759679817 0.008820978 0.0064091883 0.015230166 129.0750341529 -48.35561689398 637.236572 1.1920000000000002 17.65500000000001 5.600320426940918 14.308249979019166 0.31303626 0.32303625 "" "" 46.410630491038056 "" 2.9510789915362023 "" 48.311920104331385 44.35330792690704
129.9761286958 -47.20564890161 0.0413 0.0438 55.7154 "" "" 5329405741150848768 808.931335 1.2139 0.0479 -0.299 11.977 0.052 0.056 1.048 4439.6 4.6119 16.896225 1.520912 17.600502 16.07959 "" "" 778.698059 842.702637 3284.40649 1.8201 1245.1 6.8609 2933.1 8.079 "" "" 0.00282024880871006 0.0066013937 0.0048194686 0.011420863 129.9761286958 -47.20564890161 808.931335 -0.2989999999999977 11.977 4.109320426940918 8.630249979019165 0.29403627 0.29803625 "" "" 36.651049550379135 "" 2.5899108591972837 "" 38.181159226477675 35.28124070653419
131.21649749001 -47.46886198342 0.0405 0.0405 47.045 "" "" 5329536406923347200 756.752197 1.2842 0.0471 -11.495 10.317 0.061 0.05 1.016 4407.0 4.5519 16.897738 1.708971 17.727598 16.018627 "" "" 734.885498 786.541382 3279.83251 1.8926 1107.6 8.2495 3102.5 8.9203 "" "" 0.0028256522262733513 0.008554475 0.0049019153 0.013456391 131.21649749001 -47.46886198342 756.752197 -11.495000000000008 10.31700000000001 -7.086679573059081 6.970249979019165 0.30303624 0.29203627 "" "" 35.65516078131307 "" 2.2846833060191534 "" 37.05870897704996 34.62488869000973
130.60952624587 -48.36232582623 0.0487 0.05 18.262 "" "" 5329098663857252864 707.40332 1.3883 0.0548 -4.559 3.025 0.06 0.063 0.974 3706.6 4.249 16.89779 2.382079 18.169556 15.787477 "" "" 677.776917 738.8573 3279.67272 8.5463 737.22 7.9313 3838.6 35.858 "" "" 0.003949236292801636 0.0120093925 0.010823607 0.022833 130.60952624587 -48.36232582623 707.40332 -4.559000000000001 3.025000000000003 -0.1506795730590822 -0.32175002098083505 0.30203626 0.30503625 "" "" 1.1913030963165476 "" 1.072443719635698 "" 1.2442731951358164 1.1414107299270009
131.36075467149 -48.43701848513 0.1653 0.1568 41.7298 "" "" 5329060700655462144 772.171631 1.3888 0.1869 -7.498 4.948 0.219 0.201 3.912 "" "" 16.900211 1.286329 17.327482 16.041153 "" "" 661.190796 925.822266 3272.36619 13.669 1601.1 6.6619 3038.8 8.8361 "" "" 0.005306607522197465 0.0053097457 0.0049245055 0.010234252 131.36075467149 -48.43701848513 772.171631 -7.4979999999999976 4.948 -3.0896795730590823 1.6012499790191654 0.46103626 0.44303626 "" "" 12.736978956607429 "" 3.8562529450423657 "" 15.271447753563747 10.906348947381252
129.15783247481 -47.90661062083 0.0411 0.0486 53.6749 "" "" 5329265759574607488 690.924561 1.4184 0.0494 -4.709 3.588 0.053 0.065 0.985 3650.3 4.1407 16.900963 2.331722 18.136097 15.804375 "" "" 672.073242 712.321655 3270.10336 7.3573 760.29 9.7585 3779.3 20.166 "" "" 0.003682238256923453 0.014212254 0.006917159 0.021129414 129.15783247481 -47.90661062083 690.924561 -4.709 3.588000000000001 -0.30067957305908166 0.24124997901916512 0.29503626 0.30703625 "" "" 1.2625036328395098 "" 1.018589636613516 "" 1.3016018360762138 1.228057240187221
130.7247052627 -48.12371638688 0.053 0.0636 10.6101 "" "" 5329109594564398848 834.595215 1.1698 0.0645 -4.308 3.175 0.071 0.079 1.251 "" "" 16.90478 2.770858 18.415852 15.644994 "" "" 789.037537 879.214172 3258.62777 7.3185 587.59 18.607 4376.8 30.818 "" "" 0.003679370419545772 0.034494642 0.008528088 0.04302273 130.7247052627 -48.12371638688 834.595215 -4.3080000000000025 3.175000000000004 0.10032042694091814 -0.17175002098083514 0.31303626 0.32103625 "" "" 0.7868551039900787 "" 1.3045470310606788 "" 0.8289217890359112 0.7439033942079463
129.83714404513 -48.18638458349 0.0422 0.0459 26.308 "" "" 5329214456177112832 684.196289 1.4305 0.0503 -4.348 -8.599 0.06 0.059 0.936 4159.1 4.6102 16.907639 1.783551 17.7707 15.987149 "" "" 662.73291 710.417542 3250.06235 2.1712 1064.5 5.2699 3193.7 7.006 "" "" 0.0028491902811498644 0.006056072 0.004467278 0.01052335 129.83714404513 -48.18638458349 684.196289 -4.348000000000001 -8.599 0.060320426940918104 -11.945750020980835 0.30203626 0.30103624 "" "" 38.74164123464943 "" 2.326325036714511 "" 40.22638237221642 37.526307941747994
129.68763348549 -47.7528580815 0.1546 0.1858 36.8868 "" "" 5329283587969633536 803.494263 1.3001 0.1902 -6.435 2.532 0.206 0.224 4.141 5284.9 4.7468 16.908485 1.244089 17.34505 16.100962 "" "" 683.505981 969.927856 3247.52817 7.801 1575.4 8.5598 2875.9 10.47 "" "" 0.0037939285433193338 0.006525814 0.005468803 0.011994617 129.68763348549 -47.7528580815 803.494263 -6.4350000000000005 2.532 -2.0266795730590816 -0.8147500209808349 0.44803625 0.46603626 "" "" 8.319114527410907 "" 3.1988348772954147 "" 10.04231304311144 7.076795439557909
129.08014058023 -48.40566879045 0.0479 0.0599 59.0867 "" "" 5329191508178004224 824.700439 1.2077 0.0583 -17.996 19.692 0.062 0.074 1.136 5091.6 4.6836 16.908844 1.8767 17.836252 15.959552 "" "" 780.77771 866.30072 3246.45544 1.9958 1002.1 9.1428 3276.0 10.413 "" "" 0.002835014267198017 0.010291319 0.005117983 0.015409302 129.08014058023 -48.40566879045 824.700439 -17.996 19.692 -13.58767957305908 16.345249979019165 0.30403626 0.31603625 "" "" 83.08907950003291 "" 5.524708344166003 "" 87.2803335503205 78.66383737676612
130.49159227454 -47.87607855362 0.0471 0.0512 11.7955 "" "" 5329128286261577216 652.197632 1.4989 0.0544 -10.703 4.644 0.061 0.07 1.058 4212.2 4.6567 16.90984 1.764625 17.762375 15.997749 "" "" 627.731079 683.24585 3243.47517 2.2436 1072.7 12.625 3162.7 9.6086 "" "" 0.002855843172121074 0.013079498 0.005016406 0.018095903 130.49159227454 -47.87607855362 652.197632 -10.703 4.644 -6.294679573059081 1.2972499790191652 0.30303624 0.31203625 "" "" 19.868420040096368 "" 1.783556507304396 "" 20.814266830169476 19.123075794600428
131.5943962496 -47.40529256399 0.04 0.0432 60.4512 "" "" 5329528371060374016 763.625 1.3048 0.0479 -15.562 2.094 0.056 0.058 1.11 4262.8 4.6124 16.912266 1.60671 17.613064 16.006353 "" "" 733.54657 795.249878 3236.23832 2.4311 1230.8 7.754 3137.7 11.644 "" "" 0.00287350335480396 0.00738729 0.005524301 0.012911591 131.5943962496 -47.40529256399 763.625 -15.562 2.094000000000001 -11.153679573059081 -1.252750020980835 0.29803625 0.30003625 "" "" 40.625512663591905 "" 2.7201920356972575 "" 42.30798361683931 39.025314085931456
131.81245273193 -48.50839355644 0.0388 0.0432 59.5898 "" "" 5328300869397614080 657.745728 1.4913 0.0458 -5.145 -2.172 0.053 0.058 0.999 4217.7 4.4041 16.912802 1.772556 17.777802 16.005245 "" "" 638.480835 681.406311 3234.63976 1.77 1057.5 5.9761 3140.9 6.6259 "" "" 0.002818645747212911 0.006740286 0.0044192476 0.011159534 131.81245273193 -48.50839355644 657.745728 -5.145 -2.172 -0.7366795730590816 -5.518750020980836 0.29503626 0.30003625 "" "" 17.358504700595017 "" 1.501577846165699 "" 17.98292888723803 16.850086749004824
129.90358265229 -47.82071674811 0.0413 0.0509 27.358 "" "" 5329328534816071808 787.103577 1.2506 0.0536 -1.936 0.39 0.057 0.057 1.037 4479.8 4.6564 16.916107 1.590174 17.673834 16.08366 "" "" 757.437134 820.60498 3224.80715 2.1812 1163.8 6.5412 2922.1 7.0825 "" "" 0.00285150687608424 0.0067100516 0.0046053138 0.011315365 129.90358265229 -47.82071674811 787.103577 -1.9360000000000008 0.39 2.472320426940918 -2.956750020980835 0.29903626 0.29903626 "" "" 14.379465403065907 "" 1.6926671924294838 "" 14.991497007888189 13.8374940498465
130.17215352733 -48.29869971933 0.0422 0.0428 18.1104 "" "" 5329022904941745280 799.783386 1.2327 0.0459 4.456 -8.605 0.054 0.055 0.987 4363.5 4.6315 16.916506 1.520174 17.615526 16.095352 "" "" 774.696045 825.749695 3223.62654 1.9435 1228.0 6.8457 2890.8 10.168 "" "" 0.002832007610055906 0.0066647823 0.005372891 0.012037674 130.17215352733 -48.29869971933 799.783386 4.4559999999999995 -8.605 8.864320426940917 -11.951750020980835 0.29603624 0.29703626 "" "" 56.41045965871819 "" 2.9251750643783705 "" 58.241919841526126 54.64099499841452
129.30040131035 -47.50150639768 0.0444 0.0476 58.3174 "" "" 5521457299735698432 730.472229 1.3592 0.0533 -8.489 10.311 0.059 0.061 1.044 4298.0 4.6463 16.917389 1.73946 17.765087 16.025627 "" "" 700.956787 757.361511 3221.00281 2.4307 1070.0 9.0085 3082.5 9.8448 "" "" 0.0028745623461046135 0.009557336 0.0051291254 0.014686462 129.30040131035 -47.50150639768 730.472229 -8.488999999999997 10.311 -4.080679573059083 6.964249979019165 0.30103624 0.30303624 "" "" 27.947845826950285 "" 2.1265003159328115 "" 28.976628959147074 26.81858589100508
130.14210524958 -47.64589996858 0.0413 0.0453 28.8096 "" "" 5329334307252253184 839.220459 1.1731 0.049 9.922 5.982 0.052 0.059 1.069 4306.0 4.3718 16.922075 1.6154 17.680874 16.065474 "" "" 800.759155 875.421448 3207.13245 2.1158 1156.3 5.0725 2971.5 9.5037 "" "" 0.002846900855674572 0.0055200285 0.005132439 0.010652468 130.14210524958 -47.64589996858 839.220459 9.921999999999999 5.981999999999999 14.330320426940919 2.6352499790191652 0.29403627 0.30103624 "" "" 57.960495222023255 "" 3.7488334607308476 "" 60.46070506255458 55.30417744185247
130.5971585354 -48.04990008029 0.0486 0.0579 5.2172 "" "" 5329122651264752128 679.05011 1.4369 0.0606 -4.391 3.493 0.063 0.077 1.234 3521.4 4.0177 16.923782 2.585998 18.314255 15.728257 "" "" 654.927307 710.750244 3202.09362 4.643 645.23 9.3472 4053.7 14.886 "" "" 0.0031733620879549457 0.015974207 0.005493653 0.02146786 130.5971585354 -48.04990008029 679.05011 -4.391 3.4930000000000008 0.017320426940917955 0.14624997901916492 0.30503625 0.31903625 "" "" 0.47402414778929586 "" 1.0457555282533686 "" 0.49615304340814265 0.45718475557660027
129.37648876888 -48.611646975 0.0582 0.0709 54.353 "" "" 5329173331876668416 786.922058 1.2484 0.0712 -4.742 8.677 0.079 0.089 1.352 4118.3 4.602 16.924208 2.086982 17.965282 15.878301 "" "" 750.233643 821.43396 3200.83619 4.8786 889.82 8.1626 3530.5 10.847 "" "" 0.003214076183658702 0.010343242 0.0050409497 0.015384192 129.37648876888 -48.611646975 786.922058 -4.742000000000001 8.676999999999996 -0.333679573059082 5.330249979019165 0.32103625 0.33103627 "" "" 19.92080814741415 "" 2.135837779750282 "" 20.794471519224675 18.99204669128566
130.08504752282 -48.33611947248 0.0617 0.0637 22.1234 "" "" 5329021461826791040 681.06311 1.4505 0.0694 -15.898 5.176 0.082 0.078 1.58 4330.7 4.5928 16.924486 1.780723 17.74097 15.960248 "" "" 651.554626 716.483887 3200.01426 2.8708 1094.0 7.4969 3273.9 9.7108 "" "" 0.0029224197103834564 0.007946236 0.00496537 0.012911607 130.08504752282 -48.33611947248 681.06311 -15.898 5.176000000000002 -11.489679573059082 1.8292499790191652 0.32403624 0.32003626 "" "" 37.558573969966 "" 2.8360755241145617 "" 39.51192286450261 35.93127018154679
