Clusters/IC_2395/IC_2395_stars_in_region.tsv
# %ECSV 1.0
# ---
# datatype:
# - name: RA_ICRS_1
#   unit: deg
#   datatype: float64
#   format: '{:15.11f}'
#   description: Right ascension (ICRS) at Ep=2016.0 (ra)
#   meta: !!omap
#   - {ucd: POS_EQ_RA_MAIN}
#   - {width: 15}
#   - {precision: '11'}
# - name: DE_ICRS_1
#   unit: deg
#   datatype: float64
#   format: '{:15.11f}'
#   description: Declination (ICRS) at Ep=2016.0 (dec)
#   meta: !!omap
#   - {ucd: POS_EQ_DEC_MAIN}
#   - {width: 15}
#   - {precision: '11'}
# - name: e_RA_ICRS
#   unit: mas
#   datatype: float64
#   format: '{:7.4f}'
#   description: Standard error of right ascension (ra_error)
#   meta: !!omap
#   - {ucd: ERROR}
#   - {width: 7}
#   - {precision: '4'}
# - name: e_DE_ICRS
#   unit: mas
#   datatype: float64
#   format: '{:7.4f}'
#   description: Standard error of declination (dec_error)
#   meta: !!omap
#   - {ucd: ERROR}
#   - {width: 7}
#   - {precision: '4'}
# - name: _r_1
#   unit: ''
#   datatype: float64
#   format: '{:7.4f}'
#   description: Distance from center (130.47140821000-48.07220585000)[ICRS], at Epoch=J2016.0
#   meta: !!omap
#   - {ucd: POS_ANG_DIST_GENERAL}
#   - {width: 7}
#   - {precision: '4'}
# - name: HIP
#   datatype: int32
#   description: '? HIP cross-id number, van Leeuwen, Cat. I/311 (hip_original_ext_source_id)'
#   meta: !!omap
#   - {ucd: ID_NUMBER}
#   - {width: 6}
#   - values: {'null': -2147483648}
# - name: TYC2
#   datatype: string
#   description: Tycho-2 cross-id name, Hog et al., Cat. I/259 (tyc2_original_ext_source_id)
#   meta: !!omap
#   - {ucd: ID_CROSSID}
#   - {_votable_string_dtype: char}
# - name: Source
#   datatype: int64
#   description: Source identifier, identical to the Gaia-EDR3 source_id (id)
#   meta: !!omap
#   - {ucd: ID_MAIN}
#   - {width: 19}
# - name: rgeo
#   unit: pc
#   datatype: float64
#   format: '{:15.8f}'
#   description: '? Median of the geometric distance posterior (r_med_geo)'
#   meta: !!omap
#   - {ucd: PHYS_DISTANCE_TRUE}
#   - {width: 15}
#   - {precision: '8'}
#   - values: {'null': .nan}
# - name: Plx
#   unit: mas
#   datatype: float64
#   format: '{:9.4f}'
#   description: '? Parallax (parallax)'
#   meta: !!omap
#   - {ucd: POS_PARLX_TRIG}
#   - {width: 9}
#   - {precision: '4'}
#   - values: {'null': .nan}
# - name: e_Plx
#   unit: mas
#   datatype: float32
#   format: '{:7.4f}'
#   description: '? Standard error of parallax (parallax_error)'
#   meta: !!omap
#   - {ucd: ERROR}
#   - {width: 7}
#   - {precision: '4'}
#   - values: {'null': .nan}
# - name: pmRA
#   unit: mas / yr
#   datatype: float64
#   format: '{:9.3f}'
#   description: '? Proper motion in right ascension direction, pmRA*cosDE (pmra)'
#   meta: !!omap
#   - {ucd: POS_EQ_PMRA}
#   - {width: 9}
#   - {precision: '3'}
#   - values: {'null': .nan}
# - name: pmDE
#   unit: mas / yr
#   datatype: float64
#   format: '{:9.3f}'
#   description: '? Proper motion in declination direction (pmdec)'
#   meta: !!omap
#   - {ucd: POS_EQ_PMDEC}
#   - {width: 9}
#   - {precision: '3'}
#   - values: {'null': .nan}
# - name: e_pmRA
#   unit: mas / yr
#   datatype: float32
#   format: '{:6.3f}'
#   description: '? Standard error of proper motion in right ascension direction (pmra_error)'
#   meta: !!omap
#   - {ucd: ERROR}
#   - {width: 6}
#   - {precision: '3'}
#   - values: {'null': .nan}
# - name: e_pmDE
[...]
#       distance: !astropy.table.SerializedColumn
#         __class__: astropy.coordinates.distances.Distance
#         unit: !astropy.units.Unit {unit: pc}
#         value: !astropy.table.SerializedColumn {name: SkyCoord.distance}
#       frame: icrs
#       obstime: !astropy.time.Time {format: jyear_str, in_subfmt: '*', jd1: 367701545.0, jd2: 0.0, out_subfmt: '*', precision: 3, scale: tt}
#       pm_dec: !astropy.table.SerializedColumn
#         __class__: astropy.units.quantity.Quantity
#         unit: !astropy.units.Unit {unit: mas / yr}
#         value: !astropy.table.SerializedColumn {name: SkyCoord.pm_dec}
#       pm_ra_cosdec: !astropy.table.SerializedColumn
#         __class__: astropy.units.quantity.Quantity
#         unit: !astropy.units.Unit {unit: mas / yr}
#         value: !astropy.table.SerializedColumn {name: SkyCoord.pm_ra_cosdec}
#       ra: !astropy.table.SerializedColumn
#         __class__: astropy.coordinates.angles.Longitude
#         unit: *id001
#         value: !astropy.table.SerializedColumn {name: SkyCoord.ra}
#         wrap_angle: !astropy.coordinates.Angle
#           unit: *id001
#           value: 360.0
#       representation_type: spherical
# schema: astropy-2.0
RA_ICRS_1 DE_ICRS_1 e_RA_ICRS e_DE_ICRS _r_1 HIP TYC2 Source rgeo Plx e_Plx pmRA pmDE e_pmRA e_pmDE RUWE Teff logg Gmag BP-RP BPmag RPmag RV e_RV b_rgeo B_rgeo FG e_FG FBP e_FBP FRP e_FRP RAVE5 RAVE6 e_Gmag e_BPmag e_RPmag e_BP-RP SkyCoord.ra SkyCoord.dec SkyCoord.distance SkyCoord.pm_ra_cosdec SkyCoord.pm_dec rmRA rmDE e_rmRA e_rmDE rRV e_rRV v_pec v_pec3d e_v_pec e_v_pec3d v_trans_upper v_trans_lower
[from data line 719]
130.45798150563 -48.15443798424 0.0123 0.0147 4.9632 "" "" 5329116397792271872 677.634949 1.4386 0.0151 -11.742 -6.468 0.017 0.02 1.019 5704.8 4.4537 14.366767 0.959613 14.758599 13.798986 0.07 20.38 669.860657 685.696655 33747.36016 6.3767 17060.0 18.679 23964.0 17.13 "" "" 0.0027629472784346607 0.0030328583 0.003858247 0.0068911053 130.45798150563 -48.15443798424 677.634949 -11.742 -6.468 -7.333679573059083 -9.814750020980835 0.25903624 0.26203626 -24.15515625 28.215467 39.35338512381266 46.17532343324769 1.298052763388061 17.160023921300528 39.82156555258353 38.90189615088931
131.54236826308 -48.18349139873 0.0136 0.0131 43.4063 "" "" 5329070974217269120 756.497375 1.2829 0.0149 3.472 -12.327 0.017 0.017 0.976 5257.2 4.3163 14.368433 0.987199 14.776172 13.788973 12.77 5.01 749.826538 766.933899 33695.61608 6.4301 16786.0 15.599 24186.0 18.307 "" "" 0.002763099177794955 0.0029669933 0.0038677019 0.006834695 131.54236826308 -48.18349139873 756.497375 3.471999999999998 -12.327 7.8803204269409175 -15.673750020980835 0.25903624 0.25903624 -11.455156250000002 12.8454685 62.90657051138955 63.94104486334532 1.6401331831256805 16.195781632315935 63.77442009632672 62.35185678470876
129.91528473403 -48.30998247507 0.0123 0.0123 26.4261 "" "" 5329204118203528576 755.039429 1.2907 0.0144 -9.17 12.718 0.017 0.015 1.05 5240.3 4.3681 14.370648 1.053999 14.816813 13.762814 29.12 6.72 746.28186 763.156921 33626.93977 5.375 16169.0 14.255 24776.0 14.516 "" "" 0.0027607802755078375 0.0029497973 0.0038325419 0.006782339 129.91528473403 -48.30998247507 755.039429 -9.169999999999998 12.718000000000009 -4.761679573059082 9.371249979019165 0.25903624 0.25703624 4.89484375 14.555468 37.61985878671273 37.936964434033484 1.3417771269369503 9.786093157755424 38.02431303242905 37.18351268816363
129.96231440324 -48.90314118226 0.0126 0.0131 53.8095 "" "" 5328966967287337344 841.494446 1.1544 0.0145 -1.047 7.636 0.017 0.016 1.036 6165.3 4.3021 14.370909 1.094838 14.830736 13.735898 29.08 5.17 833.154297 851.721741 33618.8889 6.3597 15963.0 13.678 25398.0 14.908 "" "" 0.0027629647344227445 0.0029411807 0.003832738 0.006773919 129.96231440324 -48.90314118226 841.494446 -1.0469999999999997 7.636000000000001 3.3613204269409183 4.289249979019165 0.25903624 0.25803626 4.854843749999997 13.005468 21.73599870147747 22.271577119448555 1.270545087318596 6.171559074906735 22.000172127572345 21.520570698718995
131.37340780127 -47.51479297651 0.0128 0.014 49.4004 "" "" 5329523801214908288 756.843323 1.288 0.0155 -7.532 4.413 0.019 0.017 1.047 5755.2 4.2922 14.372236 1.12516 14.850674 13.725513 44.2 8.93 746.382202 766.249878 33577.79874 24.612 15673.0 45.985 25642.0 44.202 "" "" 0.0028679489013518356 0.0042347326 0.0042174202 0.008452153 131.37340780127 -47.51479297651 756.843323 -7.532 4.413 -3.123679573059082 1.0662499790191653 0.26103625 0.25903624 19.97484375 16.765469 11.840860240528428 23.22068806199853 1.0911205112652613 14.507683803659996 11.988026370842356 11.67719536041921
131.4123891254 -47.81909790829 0.0127 0.0133 40.7531 "" "" 5329094922954287488 736.902588 1.3219 0.0152 1.611 7.013 0.016 0.016 0.979 5888.9 4.4149 14.37481 0.946398 14.75834 13.811942 10.89 5.16 728.915344 746.615845 33498.28968 6.2378 17064.0 17.633 23680.0 13.779 "" "" 0.0027627278548779588 0.003007291 0.0038318224 0.0068391133 131.4123891254 -47.81909790829 736.902588 1.6109999999999998 7.013 6.019320426940918 3.666249979019165 0.25803626 0.25803626 -13.33515625 12.995468 24.6179153099702 27.99764537279483 1.1969623987957967 8.337263713990524 24.942408861904877 24.351083167494313
131.44143479463 -48.42408099299 0.0133 0.0124 44.1337 "" "" 5329060975533473664 711.270203 1.3664 0.0145 -10.731 9.781 0.018 0.016 1.047 5664.1 4.4026 14.37494 0.99111 14.787085 13.795975 17.17 4.56 704.864746 717.221436 33494.29187 13.645 16618.0 31.83 24031.0 31.684 "" "" 0.002790596315364762 0.0034799185 0.004041402 0.0075213206 131.44143479463 -48.42408099299 711.270203 -10.730999999999996 9.781000000000006 -6.322679573059082 6.434249979019166 0.26003626 0.25803626 -7.05515625 12.395468 30.413102482726174 31.22069878040399 1.1374467405119972 8.169092530859109 30.667570416802675 30.139212448575968
131.04522498873 -47.85400930664 0.0125 0.0133 26.5118 "" "" 5329138010069217792 731.212036 1.3323 0.0144 -4.543 1.018 0.016 0.017 0.992 5264.9 4.3366 14.377106 0.941978 14.753908 13.81193 2.29 9.65 724.591614 739.011902 33427.54595 6.3716 17134.0 16.446 23680.0 21.718 "" "" 0.0027630813013134283 0.0029784394 0.0039083627 0.006886802 131.04522498873 -47.85400930664 731.212036 -4.542999999999999 1.0180000000000007 -0.13467957305908218 -2.328750020980835 0.25803626 0.25903624 -21.935156250000002 17.485468 8.084806429839752 23.377664013324605 0.9775143929722587 16.422513538116394 8.171047360902174 8.011606280336398
131.13914565388 -47.46039926016 0.0222 0.0204 45.5265 "" "" 5329161305971265920 697.183044 1.4035 0.0252 -23.533 18.062 0.034 0.025 1.766 5782.1 4.4178 14.378976 0.998245 14.724194 13.725948 49.45 4.59 686.9823 709.187805 33370.01379 11.196 17609.0 51.386 25632.0 75.7 "" "" 0.002779296054113754 0.0042217947 0.004956377 0.009178172 131.13914565388 -47.46039926016 697.183044 -23.533 18.062 -19.124679573059083 14.715249979019166 0.27603626 0.26703626 25.22484375 12.425468 79.74354737094396 83.63806603164552 2.1711858967284194 21.07123032361949 81.11664764313066 78.57678991838768
130.28270487754 -48.04088826951 0.0126 0.0144 7.7975 "" "" 5329307197419166720 801.821777 1.2181 0.0155 3.435 1.08 0.018 0.017 1.02 5257.0 4.3147 14.390695 0.979862 14.796569 13.816707 24.65 6.92 786.938232 811.925415 33011.77739 6.2852 16474.0 17.735 23576.0 14.388 "" "" 0.002763063696323274 0.0030251022 0.0038370264 0.0068621286 130.28270487754 -48.04088826951 801.821777 3.4349999999999996 1.08 7.8433204269409185 -2.266750020980835 0.26003626 0.25903624 0.4248437499999973 14.755468 31.02953464373327 31.032442901237367 1.4714974184414078 8.068189741273896 31.420533235118175 30.45355942274714
130.25305066074 -48.41720060575 0.0153 0.0174 22.4633 "" "" 5329018403816185728 741.838684 1.3145 0.0179 3.115 14.505 0.02 0.022 1.208 5317.8 4.3027 14.396782 0.965237 14.782428 13.817191 76.32 5.78 733.1651 750.611633 32827.20789 7.0617 16690.0 19.337 23566.0 21.584 "" "" 0.002765201613892113 0.0030606275 0.0039080177 0.0069686454 130.25305066074 -48.41720060575 741.838684 3.1149999999999967 14.505000000000003 7.523320426940918 11.158249979019166 0.26203626 0.26403624 52.094843749999995 13.615469 47.32115191070312 70.37871953575707 1.4826910700569473 13.10786130797397 47.88076960291537 46.76787261302465
130.46474250767 -47.90573216089 0.0209 0.023 9.992 "" "" 5329128148822615296 732.691406 1.3288 0.0236 -4.768 3.438 0.027 0.029 1.534 5792.5 4.0543 14.397186 1.328573 14.98607 13.657496 "" "" 719.922241 746.562378 32814.99202 65.27 13835.0 105.41 27300.0 140.94 "" "" 0.003500785025312732 0.008730189 0.006760376 0.015490565 130.46474250767 -47.90573216089 732.691406 -4.768 3.4379999999999997 -0.3596795730590818 0.0912499790191652 0.26903626 0.27103627 "" "" 1.288724333332787 "" 0.9582014843347926 "" 1.3131218614012106 1.2662647637007647
130.24405648326 -48.92738709603 0.0125 0.0136 52.1009 "" "" 5328942090835657216 763.664673 1.2769 0.0147 -2.364 7.436 0.017 0.018 0.916 5954.3 4.2675 14.400452 1.094374 14.860624 13.766251 22.18 12.15 756.563782 771.067139 32716.44946 6.2023 15530.0 20.659 24698.0 18.384 "" "" 0.002762997616156537 0.00314183 0.003864824 0.007006654 130.24405648326 -48.92738709603 763.664673 -2.363999999999999 7.436 2.044320426940918 4.089249979019165 0.25903624 0.26003626 -2.0451562500000016 19.985468 16.54881005664086 16.67470474634234 1.0976946558965364 4.921405378283011 16.709223400502246 16.394931920664927
131.69457036537 -48.54642667019 0.0134 0.0137 56.4987 "" "" 5328306573114060160 713.980347 1.3656 0.0146 -11.912 10.108 0.018 0.018 0.975 5082.6 4.3247 14.404512 1.12451 14.886295 13.761786 56.87 5.78 707.836853 721.1698 32594.32174 6.6832 15167.0 15.417 24800.0 15.939 "" "" 0.00276429912773164 0.0030005088 0.0038432614 0.00684377 131.69457036537 -48.54642667019 713.980347 -11.912 10.108000000000008 -7.503679573059083 6.761249979019166 0.26003626 0.26003626 32.64484374999999 13.615469 34.18272162147036 47.26673545859551 1.1991980317424105 11.390734201207962 34.52692587238883 33.888593994473965
131.48688321134 -48.59080489867 0.0128 0.0132 51.0774 "" "" 5328308291100710016 745.471191 1.308 0.0153 -7.423 10.835 0.018 0.017 1.017 5431.9 4.326 14.404799 0.983276 14.808791 13.825515 37.13 8.03 736.582397 754.876831 32585.68801 7.2152 16289.0 17.237 23386.0 17.773 "" "" 0.0027657882381619224 0.0030174619 0.003868409 0.006885871 131.48688321134 -48.59080489867 745.471191 -7.422999999999996 10.834999999999997 -3.014679573059082 7.488249979019166 0.26003626 0.25903624 12.904843750000001 15.865468 28.52377560216761 31.307199919742526 1.2658045333329788 9.387983031239104 28.883661226177963 28.183665925910663
130.76762947874 -47.50692683639 0.0131 0.0143 35.9573 "" "" 5329345641653051136 606.656128 1.6134 0.016 -9.513 5.994 0.018 0.018 0.94 5570.9 4.512 14.40889 0.99539 14.816752 13.821362 7.97 6.44 600.561951 611.777283 32463.15044 13.715 16170.0 32.399 23475.0 33.56 "" "" 0.002793241092002196 0.0035380165 0.0040857038 0.00762372 130.76762947874 -47.50692683639 606.656128 -9.513 5.994 -5.104679573059082 2.647249979019165 0.26003626 0.26003626 -16.255156250000002 14.275469 16.535209400591565 23.187135541789672 0.9005915798245165 10.466898241625533 16.674793204973554 16.369104603873403
128.99977284319 -48.2495414483 0.1537 0.1775 59.8509 "" "" 5329243357025727872 577.289001 1.7528 0.1828 -9.664 13.919 0.197 0.236 12.42 "" "" 14.411098 1.255881 14.797708 13.541826 "" "" 524.158813 653.748779 32397.19075 15.907 16456.0 23.057 30369.0 25.795 "" "" 0.0028064177352730138 0.0031779353 0.0038902694 0.0070682047 128.99977284319 -48.2495414483 577.289001 -9.663999999999996 13.919000000000022 -5.255679573059082 10.572249979019166 0.43903625 0.47803625 "" "" 32.30685317480704 "" 4.913755209239071 "" 36.585775547042466 29.333525812095182
129.38219380419 -47.76852808469 0.0129 0.0149 47.4355 "" "" 5329291666818689280 575.22821 1.7014 0.0161 -19.843 18.404 0.018 0.02 1.011 5230.8 4.4696 14.412516 0.968111 14.812397 13.844286 77.48 12.37 569.074341 582.01593 32354.93071 6.4897 16235.0 14.666 22985.0 17.015 "" "" 0.002763913067214953 0.002957538 0.0038638988 0.006821437 129.38219380419 -47.76852808469 575.22821 -19.843000000000004 18.403999999999996 -15.434679573059082 15.057249979019165 0.26003626 0.26203626 53.254843750000006 20.205467 58.7924685597392 79.32611639419162 1.373036260545657 17.70187927807475 59.48622246080799 58.16349879884508
129.97501180878 -48.30930153141 0.0125 0.0121 24.4255 "" "" 5329209753200636800 706.994934 1.3815 0.014 -3.986 0.871 0.016 0.014 0.984 5203.6 4.4006 14.412635 1.061833 14.863448 13.801615 73.54 3.74 700.297302 713.283569 32351.36818 5.1513 15490.0 13.175 23906.0 13.531 "" "" 0.002760738563146848 0.0029390214 0.0038290182 0.0067680394 129.97501180878 -48.30930153141 706.994934 -3.9859999999999993 0.8709999999999991 0.42232042694091776 -2.475750020980835 0.25803626 0.25603625 49.31484375000001 11.575468 8.41646859788386 50.02789979347604 0.9355055933923138 11.416241301573494 8.491332074912757 8.336736188644021
131.10794135787 -48.21495796169 0.0251 0.0223 26.885 "" "" 5329079357979522176 690.240417 1.4139 0.0269 -2.74 5.687 0.037 0.029 1.37 "" "" 14.413856 1.018196 14.587823 13.569627 24.61 7.55 677.048035 702.255127 32314.99443 25.823 19966.0 198.86 29601.0 399.2 "" "" 0.0028886925561442713 0.011168016 0.015122163 0.026290178 131.10794135787 -48.21495796169 690.240417 -2.7399999999999984 5.686999999999999 1.6683204269409178 2.3402499790191653 0.27903625 0.27103627 0.38484374999999815 15.3854685 9.403085988573979 9.41095801820571 1.0673620471050609 2.6478510339450603 9.566761352223077 9.223367300295376
130.44087230224 -48.76680060435 0.0139 0.0145 41.6934 "" "" 5328950474611887104 615.949036 1.5908 0.0155 -7.707 14.659 0.019 0.019 1.07 5385.1 4.5763 14.414551 1.034033 14.849998 13.815966 56.17 3.55 609.753662 622.466736 32294.35186 6.3619 15683.0 16.164 23592.0 24.928 "" "" 0.002763609431548803 0.0030062085 0.0039496636 0.0069558723 130.44087230224 -48.76680060435 615.949036 -7.706999999999998 14.658999999999999 -3.298679573059082 11.312249979019166 0.26103625 0.26103625 31.94484375 11.3854685 34.402767771923536 46.947028367946935 1.1171543940174522 10.164932897092818 34.76680262935786 34.05673587557325
131.34196911241 -48.40452811863 0.0126 0.0137 40.098 "" "" 5329062109404677504 649.917175 1.5028 0.015 -3.415 5.548 0.017 0.018 0.975 5272.9 4.3843 14.414972 0.937624 14.79547 13.857846 33.76 4.53 643.722351 657.021606 32281.81649 5.7157 16490.0 15.439 22700.0 15.046 "" "" 0.0027620181505336396 0.002969578 0.0038472873 0.006816865 131.34196911241 -48.40452811863 649.917175 -3.415 5.548 0.9933204269409179 2.201249979019165 0.25903624 0.26003626 9.534843749999997 12.365469 7.439642619424452 12.093863222381454 0.8766679807815979 9.821253262931549 7.520967486172835 7.368730080991791
130.02694915946 -47.71765561262 0.1773 0.2036 27.7893 "" "" 5329330768199123712 810.456299 1.2948 0.2052 -3.535 3.274 0.231 0.259 13.598 5312.6 3.8387 14.41554 1.497992 15.064964 13.566973 23.49 5.71 690.49469 979.875 32264.93124 83.677 12866.0 82.75 29674.0 143.75 "" "" 0.003939599016772064 0.0075198966 0.0064766924 0.013996589 130.02694915946 -47.71765561262 810.456299 -3.535 3.2740000000000005 0.8733204269409178 -0.07275002098083494 0.47303626 0.5010363 -0.7351562500000028 13.545468 3.366535661646731 3.4458695670401194 2.4189866685853603 3.2823550350559447 4.070280082376274 2.8682299106453173
130.5884102193 -48.33342103632 0.0773 0.084 16.3564 "" "" 5329099046124716160 794.513367 1.2422 0.089 -4.636 2.751 0.1 0.103 5.309 8107.0 4.0692 14.417053 1.656087 15.173466 13.517379 -23.23 6.3 748.123962 849.040466 32220.00107 72.315 11642.0 97.472 31060.0 171.04 "" "" 0.003678312481379894 0.009508836 0.0070732487 0.016582085 130.5884102193 -48.33342103632 794.513367 -4.636000000000002 2.7510000000000003 -0.22767957305908215 -0.5957500209808351 0.34203625 0.34503627 -47.45515625 14.1354685 2.401853831106557 47.515900039228086 1.4505077418714736 14.117459874381682 2.5666919912583377 2.261616328819193
130.57587439572 -47.4161779451 0.0141 0.0149 39.5867 "" "" 5329361588885867392 823.627991 1.1775 0.0167 2.254 -2.713 0.018 0.017 0.978 6005.6 4.3414 14.419925 1.030078 14.846938 13.81686 -9.3 7.19 815.765747 832.866089 32134.88209 6.335 15727.0 13.361 23573.0 14.32 "" "" 0.0027636212423791328 0.0029386838 0.0038365014 0.0067751855 130.57587439572 -47.4161779451 823.627991 2.254 -2.713 6.6623204269409175 -6.059750020980835 0.26003626 0.25903624 -33.52515625 15.025469 35.15918768908483 48.58090757224703 1.3784063444370807 12.29405609654846 35.55354536636314 34.823562727968884
131.29816020394 -47.28993280486 0.0133 0.0136 57.6046 "" "" 5329542389832998016 632.176147 1.5467 0.0157 -6.539 3.038 0.017 0.017 1.054 5159.1 4.4414 14.421251 1.079741 14.882752 13.803011 40.74 5.52 626.34314 637.997986 32095.66558 5.0639 15217.0 22.629 23876.0 15.076 "" "" 0.0027606401178914934 0.0032236516 0.0038410581 0.0070647094 131.29816020394 -47.28993280486 632.176147 -6.5390000000000015 3.0380000000000007 -2.1306795730590817 -0.30875002098083515 0.25903624 0.25903624 16.51484375 13.355469 6.451296947405451 17.73018038234572 0.8356742640029233 12.454853612211535 6.5107082560212834 6.391771670420751
