Clusters/IC_2395/IC_2395_members.tsv
# %ECSV 1.0
# ---
# datatype:
# - name: RA_ICRS_1
#   unit: deg
#   datatype: float64
#   format: '{:15.11f}'
#   description: Right ascension (ICRS) at Ep=2016.0 (ra)
#   meta: !!omap
#   - {ucd: POS_EQ_RA_MAIN}
#   - {width: 15}
#   - {precision: '11'}
# - name: DE_ICRS_1
#   unit: deg
#   datatype: float64
#   format: '{:15.11f}'
#   description: Declination (ICRS) at Ep=2016.0 (dec)
#   meta: !!omap
#   - {ucd: POS_EQ_DEC_MAIN}
#   - {width: 15}
#   - {precision: '11'}
# - name: e_RA_ICRS
#   unit: mas
#   datatype: float64
#   format: '{:7.4f}'
#   description: Standard error of right ascension (ra_error)
#   meta: !!omap
#   - {ucd: ERROR}
#   - {width: 7}
#   - {precision: '4'}
# - name: e_DE_ICRS
#   unit: mas
#   datatype: float64
#   format: '{:7.4f}'
#   description: Standard error of declination (dec_error)
#   meta: !!omap
#   - {ucd: ERROR}
#   - {width: 7}
#   - {precision: '4'}
# - name: _r_1
#   unit: ''
#   datatype: float64
#   format: '{:7.4f}'
#   description: Distance from center (130.47140821000-48.07220585000)[ICRS], at Epoch=J2016.0
#   meta: !!omap
#   - {ucd: POS_ANG_DIST_GENERAL}
#   - {width: 7}
#   - {precision: '4'}
# - name: HIP
#   datatype: int32
#   description: '? HIP cross-id number, van Leeuwen, Cat. I/311 (hip_original_ext_source_id)'
#   meta: !!omap
#   - {ucd: ID_NUMBER}
#   - {width: 6}
#   - values: {'null': -2147483648}
# - name: TYC2
#   datatype: string
#   description: Tycho-2 cross-id name, Hog et al., Cat. I/259 (tyc2_original_ext_source_id)
#   meta: !!omap
#   - {ucd: ID_CROSSID}
#   - {_votable_string_dtype: char}
# - name: Source
#   datatype: int64
#   description: Source identifier, identical to the Gaia-EDR3 source_id (id)
#   meta: !!omap
#   - {ucd: ID_MAIN}
#   - {width: 19}
# - name: rgeo
#   unit: pc
#   datatype: float64
#   format: '{:15.8f}'
#   description: '? Median of the geometric distance posterior (r_med_geo)'
#   meta: !!omap
#   - {ucd: PHYS_DISTANCE_TRUE}
#   - {width: 15}
#   - {precision: '8'}
#   - values: {'null': .nan}
# - name: Plx
#   unit: mas
#   datatype: float64
#   format: '{:9.4f}'
#   description: '? Parallax (parallax)'
#   meta: !!omap
#   - {ucd: POS_PARLX_TRIG}
#   - {width: 9}
#   - {precision: '4'}
#   - values: {'null': .nan}
# - name: e_Plx
#   unit: mas
#   datatype: float32
#   format: '{:7.4f}'
#   description: '? Standard error of parallax (parallax_error)'
#   meta: !!omap
#   - {ucd: ERROR}
#   - {width: 7}
#   - {precision: '4'}
#   - values: {'null': .nan}
# - name: pmRA
#   unit: mas / yr
#   datatype: float64
#   format: '{:9.3f}'
#   description: '? Proper motion in right ascension direction, pmRA*cosDE (pmra)'
#   meta: !!omap
#   - {ucd: POS_EQ_PMRA}
#   - {width: 9}
#   - {precision: '3'}
#   - values: {'null': .nan}
# - name: pmDE
#   unit: mas / yr
#   datatype: float64
#   format: '{:9.3f}'
#   description: '? Proper motion in declination direction (pmdec)'
#   meta: !!omap
#   - {ucd: POS_EQ_PMDEC}
#   - {width: 9}
#   - {precision: '3'}
#   - values: {'null': .nan}
# - name: e_pmRA
#   unit: mas / yr
#   datatype: float32
#   format: '{:6.3f}'
#   description: '? Standard error of proper motion in right ascension direction (pmra_error)'
#   meta: !!omap
#   - {ucd: ERROR}
#   - {width: 6}
#   - {precision: '3'}
#   - values: {'null': .nan}
# - name: e_pmDE
[...]
#       distance: !astropy.table.SerializedColumn
#         __class__: astropy.coordinates.distances.Distance
#         unit: !astropy.units.Unit {unit: pc}
#         value: !astropy.table.SerializedColumn {name: SkyCoord.distance}
#       frame: icrs
#       obstime: !astropy.time.Time {format: jyear_str, in_subfmt: '*', jd1: 367701545.0, jd2: 0.0, out_subfmt: '*', precision: 3, scale: tt}
#       pm_dec: !astropy.table.SerializedColumn
#         __class__: astropy.units.quantity.Quantity
#         unit: !astropy.units.Unit {unit: mas / yr}
#         value: !astropy.table.SerializedColumn {name: SkyCoord.pm_dec}
#       pm_ra_cosdec: !astropy.table.SerializedColumn
#         __class__: astropy.units.quantity.Quantity
#         unit: !astropy.units.Unit {unit: mas / yr}
#         value: !astropy.table.SerializedColumn {name: SkyCoord.pm_ra_cosdec}
#       ra: !astropy.table.SerializedColumn
#         __class__: astropy.coordinates.angles.Longitude
#         unit: *id001
#         value: !astropy.table.SerializedColumn {name: SkyCoord.ra}
#         wrap_angle: !astropy.coordinates.Angle
#           unit: *id001
#           value: 360.0
#       representation_type: spherical
# schema: astropy-2.0
RA_ICRS_1 DE_ICRS_1 e_RA_ICRS e_DE_ICRS _r_1 HIP TYC2 Source rgeo Plx e_Plx pmRA pmDE e_pmRA e_pmDE RUWE Teff logg Gmag BP-RP BPmag RPmag RV e_RV b_rgeo B_rgeo FG e_FG FBP e_FBP FRP e_FRP RAVE5 RAVE6 e_Gmag e_BPmag e_RPmag e_BP-RP SkyCoord.ra SkyCoord.dec SkyCoord.distance SkyCoord.pm_ra_cosdec SkyCoord.pm_dec rmRA rmDE e_rmRA e_rmDE rRV e_rRV v_pec v_pec3d e_vpec e_vpec3d Pmemb
[from data line 119]
129.9395298358 -47.98323067826 0.0335 0.0376 21.9998 "" "" 5329230059805590400 657.832642 1.4876 0.0413 -4.681 3.687 0.047 0.045 1.035 "" "" 16.400627 2.594723 17.81787 15.223146 "" "" 643.587036 677.188477 5184.36743 7.4428 1019.2 8.7732 6455.1 21.292 "" "" 0.0031656534016044776 0.009753544 0.0052066557 0.0149602 129.9395298358 -47.98323067826 657.832642 -4.680999999999994 3.686999999999995 -0.2726795730590821 0.34024997901916487 0.28903624 0.28703624 "" "" 1.35960407810973 "" 0.39132132793462954 "" 0.8
130.68523436505 -48.18771712604 0.0339 0.0384 11.0163 "" "" 5329108769930678528 778.1427 1.2516 0.0407 -4.539 3.833 0.048 0.048 1.174 3736.9 4.0204 16.419329 2.201987 17.55077 15.348783 "" "" 753.25238 800.597778 5095.83365 6.6294 1303.5 10.684 5749.7 19.896 "" "" 0.00309627163870567 0.009326275 0.0053290725 0.014655348 130.68523436505 -48.18771712604 778.1427 -4.539 3.833 -0.13067957305908173 0.4862499790191652 0.29003626 0.29003626 "" "" 1.8571220282622551 "" 0.5386327294496395 "" 1.0
130.75669920539 -47.83581223071 0.0343 0.0377 18.2373 "" "" 5329149658020365184 685.148254 1.4249 0.0416 -4.378 3.421 0.045 0.051 0.99 4791.2 4.2539 16.419334 2.079917 17.4623 15.382382 "" "" 667.637756 703.986816 5095.8041 14.03 1414.2 18.539 5574.5 41.813 "" "" 0.004065426520064511 0.014504014 0.008978085 0.0234821 130.75669920539 -47.83581223071 685.148254 -4.378 3.4209999999999985 0.030320426940917855 0.07424997901916486 0.28703624 0.29303625 "" "" 0.260464777691677 "" 0.07610423087892675 "" 1.0
130.73033766296 -48.50512075669 0.0324 0.0388 27.9562 "" "" 5329049258861521408 669.514343 1.4591 0.0392 -4.233 2.859 0.041 0.047 1.041 3646.0 4.0712 16.426832 2.020151 17.415945 15.395794 "" "" 652.563904 684.386902 5060.73994 5.9719 1475.8 8.9439 5506.1 18.675 "" "" 0.0030386357537631114 0.0071470984 0.00527678 0.012423879 130.73033766296 -48.50512075669 669.514343 -4.232999999999999 2.8589999999999955 0.17532042694091832 -0.487750020980835 0.28303626 0.28903624 "" "" 1.6448314914890927 "" 0.4742971225324769 "" 1.0
130.62994623959 -48.139907194 0.0313 0.0362 7.5397 "" "" 5329110075600640512 682.358643 1.4356 0.0371 -4.337 3.324 0.043 0.046 1.043 4234.2 4.4864 16.439531 1.251356 16.919346 15.66799 "" "" 664.731079 701.893799 5001.88881 41.583 2331.7 78.148 4285.1 83.683 "" "" 0.009437399074245323 0.036495764 0.021537354 0.058033116 130.62994623959 -48.139907194 682.358643 -4.337 3.3240000000000007 0.07132042694091822 -0.022750020980835117 0.28503627 0.28803626 "" "" 0.24212886330989605 "" 0.06908291118730851 "" 1.0
130.0207535754 -47.9528300057 0.0603 0.066 19.4549 "" "" 5329312248300310144 724.759277 1.3507 0.072 -4.376 3.601 0.084 0.084 1.836 "" "" 16.45991 2.301037 17.515842 15.214806 "" "" 683.388367 771.66626 4908.89023 9.2333 1346.1 46.538 6504.8 94.834 "" "" 0.0034296302971758854 0.037640136 0.016273968 0.053914104 130.0207535754 -47.9528300057 724.759277 -4.376 3.601 0.032320426940917635 0.254249979019165 0.32603624 0.32603624 "" "" 0.8804689122082386 "" 0.28706477765055166 "" 0.9
130.27673015645 -48.22462623183 0.039 0.0427 12.0155 "" "" 5329117359864781312 736.348816 1.323 0.0467 -4.554 3.321 0.052 0.052 1.085 3928.2 4.281 16.507835 2.117583 17.540846 15.423263 "" "" 716.533752 759.039978 4696.91349 10.336 1315.5 20.227 5368.5 34.462 "" "" 0.0036469678530559 0.016925732 0.007928425 0.024854157 130.27673015645 -48.22462623183 736.348816 -4.554 3.321000000000001 -0.1456795730590823 -0.025750020980834787 0.29403627 0.29403627 "" "" 0.5163464303568064 "" 0.15182457799061924 "" 1.0
130.84427171676 -48.11762689595 0.0332 0.0359 15.1886 "" "" 5329107906623473408 671.479797 1.4608 0.039 -4.389 3.352 0.044 0.045 0.996 4027.9 4.2955 16.52668 2.192493 17.673 15.480507 "" "" 655.085815 692.171936 4616.0918 17.116 1164.7 19.753 5092.8 55.225 "" "" 0.004878406569664522 0.018623987 0.012365178 0.030989166 130.84427171676 -48.11762689595 671.479797 -4.389000000000001 3.3519999999999994 0.019320426940917734 0.005249979019164908 0.28603625 0.28703624 "" "" 0.06372318234746302 "" 0.018231529056695794 "" 1.0
130.71527277926 -48.1837907614 0.0359 0.04 11.8408 "" "" 5329108735570966656 662.798584 1.4726 0.0432 -4.622 3.314 0.052 0.05 1.087 4032.4 4.3384 16.540058 2.209083 17.672945 15.463862 "" "" 643.152405 677.170654 4559.56305 11.058 1164.8 15.924 5171.5 33.258 "" "" 0.003811211592972012 0.015103084 0.0079396125 0.023042697 130.71527277926 -48.1837907614 662.798584 -4.622000000000001 3.314 -0.21367957305908192 -0.032750020980834904 0.29403627 0.29203627 "" "" 0.6791487175483766 "" 0.19966328355858956 "" 0.9
129.96302783072 -48.25014937366 0.0356 0.0357 22.9776 "" "" 5329210234236688000 676.089966 1.4426 0.0394 -4.477 3.475 0.048 0.043 0.953 5564.5 4.5625 16.556202 2.008733 17.569864 15.561132 "" "" 654.995605 700.974548 4492.27218 6.8187 1280.8 10.733 4728.3 22.75 "" "" 0.0032105647352608873 0.009516594 0.0064477585 0.015964352 129.96302783072 -48.25014937366 676.089966 -4.477 3.4749999999999996 -0.06867957305908234 0.12824997901916513 0.29003626 0.28503627 "" "" 0.4662204959070073 "" 0.1334127926285846 "" 1.0
130.59782919821 -48.18746524201 0.0356 0.042 8.5707 "" "" 5329103822128254464 696.820923 1.4039 0.0443 -4.133 3.176 0.048 0.058 1.096 4708.0 4.246 16.56017 2.106494 17.583553 15.477059 "" "" 676.364929 718.36084 4475.88916 10.958 1264.7 16.678 5109.0 37.154 "" "" 0.0038285045105066456 0.014587277 0.008753671 0.023340948 130.59782919821 -48.18746524201 696.820923 -4.132999999999999 3.176000000000003 0.27532042694091796 -0.1707500209808348 0.29003626 0.30003625 "" "" 1.0700523778396205 "" 0.31336309973258486 "" 1.0
130.12130732806 -47.6769141971 0.0333 0.0376 27.587 "" "" 5329328397377252352 695.415344 1.4104 0.0398 -4.836 3.844 0.042 0.048 0.972 3628.2 3.997 16.577023 2.500296 17.925348 15.425053 "" "" 676.191284 717.041199 4406.94428 8.7461 923.16 9.4261 5359.7 26.758 "" "" 0.003497832053158577 0.01143184 0.0066079716 0.018039811 130.12130732806 -47.6769141971 695.415344 -4.835999999999999 3.843999999999998 -0.42767957305908233 0.4972499790191649 0.28403625 0.29003626 "" "" 2.161928551704675 "" 0.6215551531302238 "" 0.9
130.58603080181 -48.15501982578 0.0354 0.0409 6.7656 "" "" 5329104131365852544 701.221558 1.4093 0.0431 -4.32 3.197 0.047 0.053 0.953 4019.7 4.3357 16.63375 2.171158 17.756521 15.585363 "" "" 675.975098 720.985779 4182.60219 6.1927 1078.5 9.6537 4623.9 23.681 "" "" 0.0031899727887777264 0.010111069 0.006723331 0.0168344 130.58603080181 -48.15501982578 701.221558 -4.319999999999999 3.197 0.08832042694091768 -0.1497500209808349 0.28903624 0.29503626 "" "" 0.5778575958795746 "" 0.1696009382198206 "" 1.0
130.63457456012 -48.0509894797 0.0454 0.0491 6.6656 "" "" 5329122410746641024 700.081299 1.4087 0.0534 -4.215 2.78 0.06 0.063 1.229 3592.6 4.0171 16.636423 2.488905 17.968813 15.479908 "" "" 674.48761 722.619263 4172.31967 7.439 886.93 10.036 5095.6 26.048 "" "" 0.0033673617691882545 0.012598432 0.0067147375 0.01931317 130.63457456012 -48.0509894797 700.081299 -4.215 2.7800000000000002 0.1933204269409181 -0.5667500209808352 0.30203626 0.30503625 "" "" 1.9870960724843976 "" 0.6055177548530545 "" 1.0
130.72761026309 -48.20896223752 0.0447 0.0517 13.1359 "" "" 5329105776319635072 823.627319 1.1929 0.0548 -3.929 3.181 0.063 0.068 1.325 "" "" 16.644478 2.529266 18.004517 15.47525 "" "" 784.790344 866.872742 4141.47716 6.4389 858.24 8.5079 5117.5 15.272 "" "" 0.0032312910265134076 0.011118889 0.0049781688 0.016097058 130.72761026309 -48.20896223752 823.627319 -3.9289999999999994 3.1809999999999983 0.47932042694091814 -0.1657500209808349 0.30503625 0.31003624 "" "" 1.979987348804857 "" 0.6050330199113684 "" 0.8
130.18156392969 -47.97577146491 0.0584 0.068 12.9909 "" "" 5329308606168263424 659.468018 1.4897 0.0721 -5.007 2.893 0.084 0.081 1.624 "" "" 16.675886 2.411766 17.899422 15.487656 "" "" 628.653259 691.394531 4023.39235 7.4704 945.47 10.626 5059.4 30.677 "" "" 0.003414054568953659 0.012517364 0.0075909467 0.02010831 130.18156392969 -47.97577146491 659.468018 -5.007 2.893 -0.5986795730590817 -0.45375002098083517 0.32603624 0.32303625 "" "" 2.34816999622507 "" 0.7630258571144415 "" 0.9
130.35013765995 -48.11474771149 0.0384 0.0416 5.4895 "" "" 5329118356297197312 671.124939 1.4614 0.0458 -3.999 3.32 0.05 0.051 1.06 3574.5 4.0017 16.692352 2.399143 17.913881 15.514738 "" "" 655.538025 689.169922 3962.83447 10.525 932.96 18.147 4934.7 37.894 "" "" 0.0039883765041271975 0.021302167 0.009154072 0.03045624 130.35013765995 -48.11474771149 671.124939 -3.9990000000000006 3.3199999999999994 0.40932042694091786 -0.02675002098083512 0.29203627 0.29303625 "" "" 1.304880019566244 "" 0.38107784608919115 "" 0.9
130.13701402772 -47.93253178205 0.0397 0.0421 15.8256 "" "" 5329311801623843072 692.65741 1.4074 0.045 -4.464 3.742 0.06 0.055 1.026 3700.7 4.0392 16.716301 2.222017 17.845367 15.62335 "" "" 676.331238 711.651428 3876.38178 9.4311 993.73 15.044 4465.0 27.327 "" "" 0.003817016677210099 0.01667201 0.007644587 0.024316598 130.13701402772 -47.93253178205 692.65741 -4.464000000000001 3.7420000000000027 -0.05567957305908244 0.39524997901916503 0.30203626 0.29703626 "" "" 1.310496115494934 "" 0.3893934199420593 "" 0.9
130.11024451103 -48.08338765383 0.0397 0.0437 14.4936 "" "" 5329213807649499904 708.107849 1.3854 0.0468 -3.852 3.725 0.052 0.053 0.987 3592.7 3.9984 16.750204 2.513209 18.115633 15.602424 "" "" 686.029785 730.653625 3757.20801 6.8808 774.75 8.1711 4551.9 27.111 "" "" 0.0033978550474778077 0.011786022 0.0074900505 0.019276073 130.11024451103 -48.08338765383 708.107849 -3.852 3.7249999999999996 0.5563204269409181 0.37824997901916513 0.29403627 0.29503626 "" "" 2.257971492954276 "" 0.6646401638440268 "" 1.0
130.71106739696 -48.10312906831 0.0418 0.0459 9.783 "" "" 5329110350478614272 686.959534 1.4213 0.05 -4.6 3.286 0.055 0.057 1.11 "" "" 16.753231 2.579143 18.154839 15.575695 "" "" 663.20575 708.432617 3746.7459 4.0338 747.28 7.0502 4665.3 16.73 "" "" 0.0029930187174496497 0.010616564 0.0054261503 0.016042715 130.71106739696 -48.10312906831 686.959534 -4.6 3.2860000000000005 -0.19167957305908168 -0.06075002098083493 0.29703626 0.29903626 "" "" 0.6547418311318651 "" 0.19460195929801738 "" 0.9
130.36236288761 -48.26504687476 0.0406 0.0426 12.3659 "" "" 5329113442854737792 652.110168 1.5098 0.0464 -4.787 3.493 0.049 0.053 0.984 4272.4 4.5545 16.783815 1.788468 17.646975 15.858506 "" "" 631.862427 670.965637 3642.67544 2.2797 1193.0 8.8783 3595.5 14.904 "" "" 0.0028378676467004506 0.008548224 0.00587698 0.014425204 130.36236288761 -48.26504687476 652.110168 -4.786999999999999 3.493000000000001 -0.37867957305908195 0.14624997901916492 0.29103625 0.29503626 "" "" 1.2547614004132792 "" 0.3658364025158572 "" 0.9
130.00014150551 -47.89258707003 0.0397 0.0436 21.78 "" "" 5329324377287882624 723.839478 1.3509 0.0477 -4.611 3.665 0.058 0.058 0.965 3723.7 4.1849 16.8194 2.254662 17.994896 15.740233 "" "" 699.819153 752.238586 3525.21872 4.2415 865.88 8.3383 4009.3 16.439 "" "" 0.0030493155141852733 0.010821375 0.005839678 0.016661054 130.00014150551 -47.89258707003 723.839478 -4.611 3.664999999999999 -0.2026795730590818 0.3182499790191651 0.30003625 0.30003625 "" "" 1.2945467445533734 "" 0.3884109526855152 "" 0.9
129.93422920501 -47.99133321296 0.0406 0.0421 22.0927 "" "" 5329229681848468096 694.525757 1.4175 0.0485 -4.539 3.161 0.056 0.055 0.973 3801.7 4.4453 16.82377 2.190291 17.95647 15.766179 "" "" 672.129395 719.093872 3511.06258 3.2242 897.07 8.1052 3914.6 9.9359 "" "" 0.002930163117117774 0.010198917 0.0046773963 0.0148763135 129.93422920501 -47.99133321296 694.525757 -4.538999999999996 3.160999999999997 -0.13067957305908173 -0.18575002098083493 0.29803625 0.29703626 "" "" 0.7476671470935929 "" 0.22233206581344883 "" 1.0
130.71707896125 -48.21711239949 0.0391 0.0449 13.1274 "" "" 5329105746273752064 707.547913 1.389 0.0475 -4.337 3.035 0.054 0.056 0.987 3543.3 3.994 16.833336 2.539826 18.193993 15.654166 "" "" 683.366699 728.458069 3480.26558 3.2586 720.81 10.523 4340.0 13.032 "" "" 0.002936874357989567 0.016094206 0.004991262 0.021085467 130.71707896125 -48.21711239949 707.547913 -4.337 3.035 0.07132042694091822 -0.3117500209808348 0.29603624 0.29803625 "" "" 1.072551756040343 "" 0.3195529545310728 "" 0.9
130.33553687127 -47.74580786202 0.0393 0.0457 20.332 "" "" 5329320563357227264 706.516357 1.3758 0.0468 -4.645 3.709 0.052 0.056 1.016 3760.8 4.2623 16.857414 2.262702 18.035946 15.773244 "" "" 684.990112 730.05426 3403.93342 9.602 833.76 12.353 3889.2 34.175 "" "" 0.0041197016629529164 0.016326465 0.010261845 0.02658831 130.33553687127 -47.74580786202 706.516357 -4.645 3.7090000000000005 -0.2366795730590816 0.3622499790191651 0.29403627 0.29803625 "" "" 1.4491138544707782 "" 0.43016252900094676 "" 0.9
129.76754478264 -47.96226385124 0.0416 0.0481 29.009 "" "" 5329232396267608704 733.532288 1.337 0.0526 -4.453 3.595 0.058 0.059 0.998 "" "" 16.866928 2.560092 18.200706 15.640614 "" "" 701.867737 760.239502 3374.2372 6.3955 716.37 18.559 4394.5 24.469 "" "" 0.00343900000925016 0.028266216 0.007129628 0.035395846 129.76754478264 -47.96226385124 733.532288 -4.453 3.5950000000000006 -0.04467957305908232 0.24824997901916523 0.30003625 0.30103624 "" "" 0.8770192804540502 "" 0.26398711286972526 "" 0.8
129.9873371387 -47.9084387881 0.0427 0.0455 21.7804 "" "" 5329324342928139648 695.806396 1.4084 0.0512 -4.444 3.327 0.061 0.056 1.057 3719.0 4.1945 16.8853 2.211794 18.015158 15.803364 "" "" 675.93811 723.827026 3317.62297 4.5492 849.87 10.933 3782.8 14.035 "" "" 0.0031318163127309544 0.01424322 0.0055236802 0.0197669 129.9873371387 -47.9084387881 695.806396 -4.444000000000001 3.327 -0.03567957305908198 -0.019750020980835004 0.30303624 0.29803625 "" "" 0.13450094058461237 "" 0.04060193008917855 "" 0.9
130.60952624587 -48.36232582623 0.0487 0.05 18.262 "" "" 5329098663857252864 707.40332 1.3883 0.0548 -4.559 3.025 0.06 0.063 0.974 3706.6 4.249 16.89779 2.382079 18.169556 15.787477 "" "" 677.776917 738.8573 3279.67272 8.5463 737.22 7.9313 3838.6 35.858 "" "" 0.003949236292801636 0.0120093925 0.010823607 0.022833 130.60952624587 -48.36232582623 707.40332 -4.559000000000001 3.025000000000003 -0.1506795730590822 -0.32175002098083505 0.30203626 0.30503625 "" "" 1.1913030963165476 "" 0.3627503905810332 "" 0.8
130.5971585354 -48.04990008029 0.0486 0.0579 5.2172 "" "" 5329122651264752128 679.05011 1.4369 0.0606 -4.391 3.493 0.063 0.077 1.234 3521.4 4.0177 16.923782 2.585998 18.314255 15.728257 "" "" 654.927307 710.750244 3202.09362 4.643 645.23 9.3472 4053.7 14.886 "" "" 0.0031733620879549457 0.015974207 0.005493653 0.02146786 130.5971585354 -48.04990008029 679.05011 -4.391 3.4930000000000008 0.017320426940917955 0.14624997901916492 0.30503625 0.31903625 "" "" 0.4740241477892958 "" 0.151141079622037 "" 1.0
130.82004350511 -48.1668791585 0.0401 0.0473 15.0756 "" "" 5329107532980210176 730.21875 1.3288 0.048 -4.135 3.181 0.054 0.063 1.03 3772.8 4.3764 16.92951 2.337678 18.178988 15.84131 "" "" 708.98114 758.933838 3185.24225 2.3837 730.84 6.9698 3652.9 7.4505 "" "" 0.002872625314881192 0.010723681 0.0043803714 0.015104053 130.82004350511 -48.1668791585 730.21875 -4.135 3.181 0.2733204269409182 -0.1657500209808349 0.29603624 0.30503625 "" "" 1.1063897960102365 "" 0.3302383365929343 "" 1.0
