Clusters/IC_2395/IC_2395_members.tsv
# %ECSV 1.0
# ---
# datatype:
# - name: RA_ICRS_1
#   unit: deg
#   datatype: float64
#   format: '{:15.11f}'
#   description: Right ascension (ICRS) at Ep=2016.0 (ra)
#   meta: !!omap
#   - {ucd: POS_EQ_RA_MAIN}
#   - {width: 15}
#   - {precision: '11'}
# - name: DE_ICRS_1
#   unit: deg
#   datatype: float64
#   format: '{:15.11f}'
#   description: Declination (ICRS) at Ep=2016.0 (dec)
#   meta: !!omap
#   - {ucd: POS_EQ_DEC_MAIN}
#   - {width: 15}
#   - {precision: '11'}
# - name: e_RA_ICRS
#   unit: mas
#   datatype: float64
#   format: '{:7.4f}'
#   description: Standard error of right ascension (ra_error)
#   meta: !!omap
#   - {ucd: ERROR}
#   - {width: 7}
#   - {precision: '4'}
# - name: e_DE_ICRS
#   unit: mas
#   datatype: float64
#   format: '{:7.4f}'
#   description: Standard error of declination (dec_error)
#   meta: !!omap
#   - {ucd: ERROR}
#   - {width: 7}
#   - {precision: '4'}
# - name: _r_1
#   unit: ''
#   datatype: float64
#   format: '{:7.4f}'
#   description: Distance from center (130.47140821000-48.07220585000)[ICRS], at Epoch=J2016.0
#   meta: !!omap
#   - {ucd: POS_ANG_DIST_GENERAL}
#   - {width: 7}
#   - {precision: '4'}
# - name: HIP
#   datatype: int32
#   description: '? HIP cross-id number, van Leeuwen, Cat. I/311 (hip_original_ext_source_id)'
#   meta: !!omap
#   - {ucd: ID_NUMBER}
#   - {width: 6}
#   - values: {'null': -2147483648}
# - name: TYC2
#   datatype: string
#   description: Tycho-2 cross-id name, Hog et al., Cat. I/259 (tyc2_original_ext_source_id)
#   meta: !!omap
#   - {ucd: ID_CROSSID}
#   - {_votable_string_dtype: char}
# - name: Source
#   datatype: int64
#   description: Source identifier, identical to the Gaia-EDR3 source_id (id)
#   meta: !!omap
#   - {ucd: ID_MAIN}
#   - {width: 19}
# - name: rgeo
#   unit: pc
#   datatype: float64
#   format: '{:15.8f}'
#   description: '? Median of the geometric distance posterior (r_med_geo)'
#   meta: !!omap
#   - {ucd: PHYS_DISTANCE_TRUE}
#   - {width: 15}
#   - {precision: '8'}
#   - values: {'null': .nan}
# - name: Plx
#   unit: mas
#   datatype: float64
#   format: '{:9.4f}'
#   description: '? Parallax (parallax)'
#   meta: !!omap
#   - {ucd: POS_PARLX_TRIG}
#   - {width: 9}
#   - {precision: '4'}
#   - values: {'null': .nan}
# - name: e_Plx
#   unit: mas
#   datatype: float32
#   format: '{:7.4f}'
#   description: '? Standard error of parallax (parallax_error)'
#   meta: !!omap
#   - {ucd: ERROR}
#   - {width: 7}
#   - {precision: '4'}
#   - values: {'null': .nan}
# - name: pmRA
#   unit: mas / yr
#   datatype: float64
#   format: '{:9.3f}'
#   description: '? Proper motion in right ascension direction, pmRA*cosDE (pmra)'
#   meta: !!omap
#   - {ucd: POS_EQ_PMRA}
#   - {width: 9}
#   - {precision: '3'}
#   - values: {'null': .nan}
# - name: pmDE
#   unit: mas / yr
#   datatype: float64
#   format: '{:9.3f}'
#   description: '? Proper motion in declination direction (pmdec)'
#   meta: !!omap
#   - {ucd: POS_EQ_PMDEC}
#   - {width: 9}
#   - {precision: '3'}
#   - values: {'null': .nan}
# - name: e_pmRA
#   unit: mas / yr
#   datatype: float32
#   format: '{:6.3f}'
#   description: '? Standard error of proper motion in right ascension direction (pmra_error)'
#   meta: !!omap
#   - {ucd: ERROR}
#   - {width: 6}
#   - {precision: '3'}
#   - values: {'null': .nan}
# - name: e_pmDE
[...]
#       distance: !astropy.table.SerializedColumn
#         __class__: astropy.coordinates.distances.Distance
#         unit: !astropy.units.Unit {unit: pc}
#         value: !astropy.table.SerializedColumn {name: SkyCoord.distance}
#       frame: icrs
#       obstime: !astropy.time.Time {format: jyear_str, in_subfmt: '*', jd1: 367701545.0, jd2: 0.0, out_subfmt: '*', precision: 3, scale: tt}
#       pm_dec: !astropy.table.SerializedColumn
#         __class__: astropy.units.quantity.Quantity
#         unit: !astropy.units.Unit {unit: mas / yr}
#         value: !astropy.table.SerializedColumn {name: SkyCoord.pm_dec}
#       pm_ra_cosdec: !astropy.table.SerializedColumn
#         __class__: astropy.units.quantity.Quantity
#         unit: !astropy.units.Unit {unit: mas / yr}
#         value: !astropy.table.SerializedColumn {name: SkyCoord.pm_ra_cosdec}
#       ra: !astropy.table.SerializedColumn
#         __class__: astropy.coordinates.angles.Longitude
#         unit: *id001
#         value: !astropy.table.SerializedColumn {name: SkyCoord.ra}
#         wrap_angle: !astropy.coordinates.Angle
#           unit: *id001
#           value: 360.0
#       representation_type: spherical
# schema: astropy-2.0
RA_ICRS_1 DE_ICRS_1 e_RA_ICRS e_DE_ICRS _r_1 HIP TYC2 Source rgeo Plx e_Plx pmRA pmDE e_pmRA e_pmDE RUWE Teff logg Gmag BP-RP BPmag RPmag RV e_RV b_rgeo B_rgeo FG e_FG FBP e_FBP FRP e_FRP RAVE5 RAVE6 e_Gmag e_BPmag e_RPmag e_BP-RP SkyCoord.ra SkyCoord.dec SkyCoord.distance SkyCoord.pm_ra_cosdec SkyCoord.pm_dec rmRA rmDE e_rmRA e_rmDE rRV e_rRV v_pec v_pec3d e_vpec e_vpec3d Pmemb
130.22247122738 -48.22548842236 0.0326 0.0328 13.5607 42595 8155-3939-1 5329023763935205760 741.923096 1.3374 0.0368 -4.178 3.821 0.043 0.042 1.04 "" "" 6.916441 -0.211299 6.828327 7.039626 "" "" 720.770447 762.277527 32238184.56104 14112.0 25356000.0 29671.0 12115000.0 8706.2 "" "" 0.002796010180618723 0.003065816 0.0038590808 0.0069248965 130.22247122738 -48.22548842236 741.923096 -4.178 3.8209999999999997 0.23032042694091803 0.4742499790191652 0.28503627 0.28403625 "" "" 1.8540814429340247 "" 0.5269806908946892 "" 1.0
130.53145125934 -48.24465311547 0.0252 0.0303 10.6223 42698 8155-2184-1 5329103272372395136 674.92218 1.4736 0.0307 -4.194 3.154 0.034 0.037 1.005 "" "" 8.233726 -0.060751 8.165339 8.22609 "" "" 661.040588 688.959595 9581996.42505 4281.9 7400800.0 12506.0 4061800.0 14447.0 "" "" 0.0027977117663854478 0.0033393349 0.0054034055 0.00874274 130.53145125934 -48.24465311547 674.92218 -4.194 3.154 0.21432042694091802 -0.19275002098083505 0.27603626 0.27903625 "" "" 0.9221370826722816 "" 0.2557839941026234 "" 1.0
130.65224278966 -48.07522534093 0.0246 0.0263 7.252 "" 8155-3280-1 5329122342027212416 695.364502 1.4184 0.028 -4.44 3.417 0.031 0.032 1.013 "" "" 8.667151 -0.135362 8.604645 8.740006 "" "" 679.506897 713.023438 6428153.94203 2127.3 4938100.0 3199.1 2530200.0 1224.3 "" "" 0.002778649235662011 0.0028774636 0.0038157215 0.0066931853 130.65224278966 -48.07522534093 695.364502 -4.440000000000002 3.416999999999999 -0.03167957305908242 0.07024997901916485 0.27303624 0.27403626 "" "" 0.2540006935902252 "" 0.06956253959620444 "" 1.0
130.77928571958 -47.68688650088 0.0224 0.0248 26.2296 "" 8155-1448-1 5329155838458215936 693.534607 1.4409 0.0266 -4.744 3.566 0.031 0.035 1.041 "" "" 8.713019 -0.089877 8.66526 8.755137 "" "" 678.680298 709.664124 6162244.96385 2199.7 4670000.0 4623.4 2495200.0 1238.8 "" "" 0.0027824447804078983 0.0029900605 0.0038176288 0.0068076896 130.77928571958 -47.68688650088 693.534607 -4.744 3.5660000000000007 -0.3356795730590818 0.21924997901916488 0.27303624 0.27703625 "" "" 1.3180253547607672 "" 0.36145330388734564 "" 0.9
130.82831184107 -48.34523672416 0.0212 0.0228 21.726 "" 8155-5233-1 5329057092881494400 662.900085 1.5011 0.0247 -3.629 3.018 0.028 0.029 0.982 "" "" 8.7936 -0.080062 8.748415 8.828477 "" "" 650.686523 676.507446 5721460.23825 3242.2 4325600.0 6655.2 2332200.0 3128.1 "" "" 0.002823177595319136 0.0032520029 0.004050237 0.00730224 130.82831184107 -48.34523672416 662.900085 -3.6289999999999996 3.017999999999999 0.779320426940918 -0.32875002098083517 0.27003625 0.27103627 "" "" 2.657700359702512 "" 0.7180775706482744 "" 1.0
130.69964239172 -48.22549643813 0.0198 0.0214 12.9642 "" 8155-3626-1 5329105643194523904 689.759827 1.4358 0.0231 -4.525 3.053 0.028 0.028 0.951 "" "" 9.142812 -0.087915 9.09742 9.185335 "" "" 678.400574 702.974243 4147839.16441 1518.2 3136500.0 1787.3 1678900.0 799.55 "" "" 0.0027838316617096446 0.002857942 0.0038145883 0.0066725304 130.69964239172 -48.22549643813 689.759827 -4.524999999999997 3.0530000000000017 -0.11667957305908239 -0.293750020980835 0.27003625 0.27003625 "" "" 1.0333939929689924 "" 0.27905383899851594 "" 1.0
130.69335379387 -48.09040921887 0.0183 0.0192 8.9634 "" 8155-6523-1 5329110419198060800 692.256042 1.43 0.0208 -4.536 3.298 0.022 0.024 0.914 "" "" 9.259668 -0.034226 9.232166 9.266393 "" "" 680.412781 703.743408 3724598.04271 1082.5 2770500.0 1407.3 1558100.0 672.55 "" "" 0.002773330728768238 0.0028441537 0.0038083284 0.006652482 130.69335379387 -48.09040921887 692.256042 -4.536 3.2979999999999983 -0.12767957305908162 -0.04875002098083492 0.26403624 0.26603624 "" "" 0.44845378969247723 "" 0.1185225461776708 "" 1.0
130.37661741507 -47.97817073996 0.0187 0.0224 6.8046 "" 8155-2456-1 5329121586112553088 707.616333 1.4118 0.0216 -4.528 4.041 0.024 0.029 1.003 "" "" 9.874283 -0.010812 9.861572 9.872384 18.53 7.56 696.944153 717.376831 2114626.68498 801.74 1551600.0 554.81 891670.0 253.08 "" "" 0.0027859005756871755 0.00281705 0.0037919243 0.006608974 130.37661741507 -47.97817073996 707.616333 -4.528 4.041000000000002 -0.11967957305908161 0.6942499790191654 0.26603624 0.27103627 -5.69515625 11.066783 2.36293108317292 6.165893934843415 0.6401021085784346 10.224827862153282 1.0
130.69976858342 -48.2278683094 0.0145 0.0157 13.0689 "" 8155-6524-1 5329105638880542976 712.32489 1.3944 0.0172 -4.433 3.106 0.02 0.02 0.922 "" "" 9.907139 0.065567 9.929256 9.863689 17.8 8.14 704.486023 720.071594 2051593.13175 3458.5 1457900.0 8757.5 898840.0 4655.9 "" "" 0.003307833951551458 0.007093711 0.0067759235 0.013869634 130.69976858342 -48.2278683094 712.32489 -4.433 3.105999999999997 -0.02467957305908186 -0.2407500209808351 0.26203626 0.26203626 -6.425156250000001 11.646784 0.8171330760958411 6.476908159065089 0.2141184984041753 11.553755064860717 1.0
130.50326477647 -47.84889196135 0.0088 0.0099 13.4598 "" "" 5329315993512262144 715.17804 1.383 0.0103 -4.805 3.139 0.011 0.012 0.876 5055.5 2.7994 10.024732 1.286829 10.593271 9.306442 17.64 0.19 707.848083 721.513977 1841001.422 275.06 790880.0 229.61 1501700.0 294.34 "" "" 0.0027600912864414215 0.0028079187 0.0037853685 0.006593287 130.50326477647 -47.84889196135 715.17804 -4.805 3.1389999999999993 -0.39667957305908175 -0.20775002098083517 0.25303626 0.25403625 -6.585156250000001 3.696783 1.517978709032388 6.75785041251948 0.3844308976195081 3.603348103039153 1.0
130.60049818956 -48.20254775618 0.0157 0.0197 9.3743 "" "" 5329103749094929536 782.72467 1.2671 0.0199 -4.422 3.609 0.022 0.025 1.262 "" "" 10.143913 0.291577 10.240783 9.949205 "" "" 768.957703 795.482971 1649610.35853 589.38 1094200.0 576.48 830760.0 268.48 "" "" 0.0027824932471836035 0.0028482024 0.003795635 0.0066438373 130.60049818956 -48.20254775618 782.72467 -4.422000000000002 3.608999999999998 -0.01367957305908174 0.262249979019165 0.26403624 0.26703626 "" "" 0.9743003570308261 "" 0.2601656356616168 "" 0.9
130.49801150872 -47.80490047921 0.0165 0.0182 16.0739 "" 8155-786-1 5329317780218640256 713.126282 1.3934 0.0191 -4.653 3.622 0.022 0.024 0.849 "" "" 10.232041 0.000583 10.223254 10.222672 "" "" 704.46936 721.473389 1521003.62543 604.91 1112000.0 999.1 645790.0 649.97 "" "" 0.002788950072349086 0.0029557832 0.003934191 0.006889974 130.49801150872 -47.80490047921 713.126282 -4.652999999999999 3.622 -0.2446795730590816 0.2752499790191649 0.26403624 0.26603624 "" "" 1.2448691278701265 "" 0.33008363404186714 "" 1.0
130.75095915483 -48.21847916194 0.0145 0.0156 14.2225 "" 8155-2044-1 5329105505755618304 684.003235 1.4536 0.0167 -4.87 2.856 0.021 0.021 1.002 "" "" 10.333393 0.041524 10.338595 10.297071 "" "" 676.765808 693.025696 1385445.72495 396.92 999950.0 485.48 603020.0 195.53 "" "" 0.0027728225478771415 0.0028395269 0.0037957435 0.00663527 130.75095915483 -48.21847916194 684.003235 -4.870000000000004 2.8560000000000025 -0.46167957305908214 -0.4907500209808351 0.26303625 0.26303625 "" "" 2.1845228159190593 "" 0.5746086918721117 "" 0.9
130.65261058503 -48.08445314469 0.0144 0.0159 7.3009 "" "" 5329110556636961536 684.772461 1.4481 0.0168 -4.227 3.175 0.019 0.02 1.059 "" "" 10.572813 0.081992 10.595756 10.513763 4.63 10.39 677.60321 693.001648 1111274.82574 346.19 789070.0 339.45 493920.0 152.14 "" "" 0.0027760028255735523 0.0028289936 0.00379415 0.0066231433 130.65261058503 -48.08445314469 684.772461 -4.227 3.175 0.18132042694091766 -0.17175002098083514 0.26103625 0.26203626 -19.595156250000002 13.896784 0.8106445895384984 19.611917119763234 0.21199137908070187 13.884910029918704 1.0
130.57425602402 -48.0647391996 0.0121 0.0148 4.1479 "" "" 5329122238947872512 708.568665 1.4034 0.0145 -4.856 3.739 0.016 0.019 0.907 "" "" 10.67666 0.076564 10.696185 10.619621 10.2 8.9 701.506592 716.18042 1009910.70106 217.62 719350.0 372.92 448030.0 132.27 "" "" 0.0027652353080204815 0.0028463765 0.0037929502 0.006639327 130.57425602402 -48.0647391996 708.568665 -4.856000000000008 3.7390000000000008 -0.4476795730590819 0.3922499790191649 0.25803626 0.26103625 -14.025156250000002 12.406782 1.999087445871244 14.166910688401835 0.5184501231562992 12.282857471155912 0.9
130.54742520141 -48.29950587501 0.015 0.0187 13.9729 "" "" 5329102241580313472 694.095764 1.4338 0.0183 -4.673 3.603 0.02 0.022 0.969 "" "" 10.803571 0.080765 10.824595 10.743831 "" "" 686.359131 704.024475 898500.51257 261.91 639110.0 311.12 399600.0 165.88 "" "" 0.0027734372971617914 0.002839789 0.0038061612 0.0066459505 130.54742520141 -48.29950587501 694.095764 -4.673 3.603 -0.2646795730590821 0.25624997901916524 0.26203626 0.26403624 "" "" 1.212044558588982 "" 0.31877474314497345 "" 1.0
130.52731987517 -47.73640700895 0.0105 0.0112 20.273 "" "" 5329319120248426368 701.758789 1.4161 0.0121 -4.268 3.5 0.014 0.015 0.776 "" "" 10.825069 0.159502 10.873579 10.714077 20.2 9.81 695.828735 708.262512 880884.63142 193.02 610920.0 210.69 410700.0 148.22 "" "" 0.002765572136722608 0.002815183 0.00379964 0.006614823 130.52731987517 -47.73640700895 701.758789 -4.268000000000001 3.4999999999999973 0.14032042694091817 0.15324997901916504 0.25603625 0.25703624 -4.025156250000002 13.316784 0.6911690426321758 4.0840662926068125 0.17734062664229042 13.124732134141095 1.0
130.87107878537 -48.04856848449 0.0203 0.0201 16.0897 "" 8155-782-1 5329111484350104704 682.130493 1.451 0.023 -4.539 3.24 0.026 0.027 1.415 "" "" 10.910205 0.145041 10.949709 10.804668 -3.17 9.96 673.27533 694.883728 814450.68864 245.45 569550.0 226.01 377830.0 94.727 "" "" 0.0027746808453690736 0.0028232385 0.003789172 0.006612411 130.87107878537 -48.04856848449 682.130493 -4.539 3.24 -0.13067957305908173 -0.10675002098083475 0.26803625 0.26903626 -27.39515625 13.466784 0.5455822940116596 27.400588424365143 0.14645443486039406 13.46411404572648 1.0
130.64669677983 -47.92981541377 0.0131 0.014 11.0686 "" "" 5329125468763260672 688.897827 1.4324 0.0152 -4.511 3.355 0.016 0.018 0.885 "" "" 10.950109 0.10992 10.982932 10.873013 22.43 10.98 682.227173 695.281006 785061.10111 199.66 552390.0 324.76 354780.0 79.35 "" "" 0.0027691219903178245 0.0028622553 0.0037871753 0.006649431 130.64669677983 -47.92981541377 688.897827 -4.511 3.3549999999999995 -0.10267957305908215 0.008249979019165021 0.25803626 0.26003626 -1.7951562500000016 14.486782 0.33636788475402285 1.8263979073049672 0.08679944125529945 14.238985747683888 1.0
130.39710602689 -47.9642546714 0.0127 0.0155 7.1306 "" "" 5329121719238055680 696.092102 1.4082 0.0147 -4.432 3.635 0.017 0.02 0.884 "" "" 11.04728 0.155648 11.096564 10.940916 6.63 5.53 689.767883 701.978943 717851.583 176.77 497500.0 228.05 333270.0 87.202 "" "" 0.0027682614323552234 0.00283421 0.003790044 0.006624254 130.39710602689 -47.9642546714 696.092102 -4.432 3.634999999999999 -0.023679573059082415 0.2882499790191648 0.25903624 0.26203626 -17.595156250000002 9.036783 0.9542778298478649 17.62101500023348 0.2500363158796113 9.02353194465635 1.0
130.67666309613 -48.10752611554 0.0134 0.0147 8.4948 "" "" 5329110316118838912 725.940186 1.3475 0.0157 -4.116 3.416 0.017 0.018 0.932 "" "" 11.102324 0.162673 11.154925 10.992252 27.95 11.57 716.13147 734.999756 682365.03669 172.79 471460.0 270.81 317880.0 172.49 "" "" 0.0027690029424842695 0.0028590197 0.0038250259 0.0066840453 130.67666309613 -48.10752611554 725.940186 -4.116 3.416 0.2923204269409183 0.06924997901916496 0.25903624 0.26003626 3.724843749999998 15.076782 1.033701307496584 3.865617590377273 0.26782113345630093 14.527908961579106 1.0
130.04107735556 -48.13266049551 0.0168 0.0155 17.6199 "" 8155-1380-1 5329213223533927552 685.760681 1.4212 0.0182 -4.389 3.415 0.022 0.019 1.016 "" "" 11.202672 0.157086 11.25685 11.099764 21.79 9.54 677.811523 695.782532 622125.57365 252.73 429220.0 171.78 287910.0 87.417 "" "" 0.0027903992803549756 0.0028238026 0.0037937318 0.0066175344 130.04107735556 -48.13266049551 685.760681 -4.388999999999999 3.4149999999999983 0.019320426940917734 0.06824997901916507 0.26403624 0.26103625 -2.435156250000002 13.046783 0.23056463399434074 2.446047017610867 0.06023731668039736 12.988695254402536 0.8
130.55943657702 -48.11550396245 0.0124 0.0146 4.3811 "" "" 5329121826631455360 693.01532 1.4076 0.0149 -4.079 3.106 0.017 0.018 0.742 "" "" 11.229248 0.142656 11.276107 11.133451 "" "" 685.170105 700.215027 607082.28605 167.5 421670.0 289.95 279110.0 73.837 "" "" 0.002771557106642856 0.0028883258 0.0037902803 0.0066786064 130.55943657702 -48.11550396245 693.01532 -4.079 3.106 0.32932042694091823 -0.2407500209808351 0.25903624 0.26003626 "" "" 1.3400289182628884 "" 0.3475833754619727 "" 1.0
130.39921437955 -48.07336193031 0.0159 0.0167 2.8952 "" "" 5329120001251156096 718.016052 1.3578 0.0184 -3.954 3.007 0.022 0.021 1.013 "" "" 11.230468 0.217847 11.303568 11.085721 23.14 8.72 706.46814 726.68811 606400.43707 250.3 411140.0 251.25 291660.0 145.53 "" "" 0.002791528239287643 0.0028679748 0.0038180128 0.0066859876 130.39921437955 -48.07336193031 718.016052 -3.9539999999999997 3.0069999999999992 0.4543204269409178 -0.33975002098083484 0.26403624 0.26303625 -1.0851562500000007 12.226784 1.9307701082037774 2.214822181947637 0.5091016374039197 6.006952766796189 1.0
130.69019305451 -48.0864957858 0.0145 0.0155 8.812 "" "" 5329110625347203840 690.137085 1.4102 0.0161 -4.094 3.466 0.019 0.018 0.813 9814.5 4.1596 11.308711 0.152781 11.358572 11.205791 16.63 12.22 684.001099 696.786865 564237.94412 156.92 390830.0 270.48 261120.0 97.036 "" "" 0.002771816268019171 0.0028895761 0.0038008578 0.006690434 130.69019305451 -48.0864957858 690.137085 -4.093999999999999 3.466 0.31432042694091766 0.11924997901916523 0.26103625 0.26003626 -7.595156250000002 15.726784 1.0997331107946966 7.674360649389126 0.28693206283238004 15.564527413371856 1.0
130.12751491223 -47.73968716093 0.012 0.0128 24.2768 "" 8155-2014-1 5329327916340973440 675.424988 1.4481 0.0136 -4.569 3.824 0.017 0.017 0.833 7582.0 3.9101 11.330706 0.479922 11.504488 11.024566 18.42 2.05 670.470825 680.782776 552923.02773 193.08 341680.0 309.22 308550.0 215.71 "" "" 0.002781282935634793 0.0029581296 0.0038548515 0.0068129813 130.12751491223 -47.73968716093 675.424988 -4.569000000000004 3.8240000000000016 -0.16067957305908198 0.4772499790191649 0.25903624 0.25903624 -5.80515625 5.5567827 1.6121952832952609 6.024866199210863 0.41761700910567384 5.355308546469564 1.0
130.24890629498 -47.78407784175 0.0142 0.0143 19.4649 "" 8155-1708-1 5329314962719793536 695.996765 1.4007 0.0156 -4.365 3.412 0.019 0.018 0.962 9851.2 4.1302 11.350374 0.249526 11.432665 11.183139 9.0 9.63 686.989502 701.497498 542996.33131 181.59 365050.0 194.07 266630.0 187.72 "" "" 0.002779141381121783 0.002849248 0.0038559109 0.006705159 130.24890629498 -47.78407784175 695.996765 -4.365 3.411999999999998 0.043320426940917756 0.06524997901916496 0.26103625 0.26003626 -15.225156250000001 13.136784 0.2583837556540714 15.227348587396953 0.06726829787530093 13.134892298384877 1.0
130.67928725537 -48.13212950805 0.0171 0.0184 9.0722 "" "" 5329110213039644160 705.926208 1.3818 0.0197 -4.366 3.353 0.023 0.023 1.205 "" "" 11.443131 0.167276 11.500019 11.332743 25.97 4.11 695.483765 715.490845 498533.19402 161.25 343090.0 214.6 232310.0 66.687 "" "" 0.002777609923518744 0.0028716286 0.0037922114 0.0066638403 130.67928725537 -48.13212950805 705.926208 -4.366 3.3530000000000006 0.04232042694091831 0.006249979019165242 0.26503626 0.26503626 1.7448437499999976 7.616783 0.14314387729759168 1.7507055382107644 0.037938317182486705 7.591280932203397 1.0
130.41788536832 -47.59002686867 0.0122 0.0139 29.0109 "" 8155-482-1 5329323896237411584 686.028625 1.4183 0.0146 -4.861 3.7 0.017 0.018 0.876 "" "" 11.477997 0.21469 11.55182 11.33713 "" "" 678.104492 693.346436 482778.47879 146.96 327110.0 223.3 231370.0 97.295 "" "" 0.0027750714809968483 0.0028869335 0.00380686 0.0066937935 130.41788536832 -47.59002686867 686.028625 -4.861 3.7 -0.4526795730590818 0.3532499790191652 0.25903624 0.26003626 "" "" 1.867165925875509 "" 0.4843711845371525 "" 0.8
