Clusters/Ruprecht_71/Ruprecht_71_stars_in_region.tsv
# %ECSV 1.0
# ---
# datatype:
# - name: RA_ICRS_1
#   unit: deg
#   datatype: float64
#   format: '{:15.11f}'
#   description: Right ascension (ICRS) at Ep=2016.0 (ra)
#   meta: !!omap
#   - {ucd: POS_EQ_RA_MAIN}
#   - {width: 15}
#   - {precision: '11'}
# - name: DE_ICRS_1
#   unit: deg
#   datatype: float64
#   format: '{:15.11f}'
#   description: Declination (ICRS) at Ep=2016.0 (dec)
#   meta: !!omap
#   - {ucd: POS_EQ_DEC_MAIN}
#   - {width: 15}
#   - {precision: '11'}
# - name: e_RA_ICRS
#   unit: mas
#   datatype: float64
#   format: '{:7.4f}'
#   description: Standard error of right ascension (ra_error)
#   meta: !!omap
#   - {ucd: ERROR}
#   - {width: 7}
#   - {precision: '4'}
# - name: e_DE_ICRS
#   unit: mas
#   datatype: float64
#   format: '{:7.4f}'
#   description: Standard error of declination (dec_error)
#   meta: !!omap
#   - {ucd: ERROR}
#   - {width: 7}
#   - {precision: '4'}
# - name: _r_1
#   unit: ''
#   datatype: float64
#   format: '{:7.4f}'
#   description: Distance from center (132.31600834000-46.86460579000)[ICRS], at Epoch=J2016.0
#   meta: !!omap
#   - {ucd: POS_ANG_DIST_GENERAL}
#   - {width: 7}
#   - {precision: '4'}
# - name: HIP
#   datatype: int32
#   description: '? HIP cross-id number, van Leeuwen, Cat. I/311 (hip_original_ext_source_id)'
#   meta: !!omap
#   - {ucd: ID_NUMBER}
#   - {width: 6}
#   - values: {'null': -2147483648}
# - name: TYC2
#   datatype: string
#   description: Tycho-2 cross-id name, Hog et al., Cat. I/259 (tyc2_original_ext_source_id)
#   meta: !!omap
#   - {ucd: ID_CROSSID}
#   - {_votable_string_dtype: char}
# - name: Source
#   datatype: int64
#   description: Source identifier, identical to the Gaia-EDR3 source_id (id)
#   meta: !!omap
#   - {ucd: ID_MAIN}
#   - {width: 19}
# - name: rgeo
#   unit: pc
#   datatype: float64
#   format: '{:15.8f}'
#   description: '? Median of the geometric distance posterior (r_med_geo)'
#   meta: !!omap
#   - {ucd: PHYS_DISTANCE_TRUE}
#   - {width: 15}
#   - {precision: '8'}
#   - values: {'null': .nan}
# - name: Plx
#   unit: mas
#   datatype: float64
#   format: '{:9.4f}'
#   description: '? Parallax (parallax)'
#   meta: !!omap
#   - {ucd: POS_PARLX_TRIG}
#   - {width: 9}
#   - {precision: '4'}
#   - values: {'null': .nan}
# - name: e_Plx
#   unit: mas
#   datatype: float32
#   format: '{:7.4f}'
#   description: '? Standard error of parallax (parallax_error)'
#   meta: !!omap
#   - {ucd: ERROR}
#   - {width: 7}
#   - {precision: '4'}
#   - values: {'null': .nan}
# - name: pmRA
#   unit: mas / yr
#   datatype: float64
#   format: '{:9.3f}'
#   description: '? Proper motion in right ascension direction, pmRA*cosDE (pmra)'
#   meta: !!omap
#   - {ucd: POS_EQ_PMRA}
#   - {width: 9}
#   - {precision: '3'}
#   - values: {'null': .nan}
# - name: pmDE
#   unit: mas / yr
#   datatype: float64
#   format: '{:9.3f}'
#   description: '? Proper motion in declination direction (pmdec)'
#   meta: !!omap
#   - {ucd: POS_EQ_PMDEC}
#   - {width: 9}
#   - {precision: '3'}
#   - values: {'null': .nan}
# - name: e_pmRA
#   unit: mas / yr
#   datatype: float32
#   format: '{:6.3f}'
#   description: '? Standard error of proper motion in right ascension direction (pmra_error)'
#   meta: !!omap
#   - {ucd: ERROR}
#   - {width: 6}
#   - {precision: '3'}
#   - values: {'null': .nan}
# - name: e_pmDE
[...]
#         value: !astropy.table.SerializedColumn {name: SkyCoord.dec}
#       distance: !astropy.table.SerializedColumn
#         __class__: astropy.coordinates.distances.Distance
#         unit: !astropy.units.Unit {unit: pc}
#         value: !astropy.table.SerializedColumn {name: SkyCoord.distance}
#       frame: icrs
#       obstime: !astropy.time.Time {format: jyear_str, in_subfmt: '*', jd1: 367701545.0, jd2: 0.0, out_subfmt: '*', precision: 3, scale: tt}
#       pm_dec: !astropy.table.SerializedColumn
#         __class__: astropy.units.quantity.Quantity
#         unit: !astropy.units.Unit {unit: mas / yr}
#         value: !astropy.table.SerializedColumn {name: SkyCoord.pm_dec}
#       pm_ra_cosdec: !astropy.table.SerializedColumn
#         __class__: astropy.units.quantity.Quantity
#         unit: !astropy.units.Unit {unit: mas / yr}
#         value: !astropy.table.SerializedColumn {name: SkyCoord.pm_ra_cosdec}
#       ra: !astropy.table.SerializedColumn
#         __class__: astropy.coordinates.angles.Longitude
#         unit: *id001
#         value: !astropy.table.SerializedColumn {name: SkyCoord.ra}
#         wrap_angle: !astropy.coordinates.Angle
#           unit: *id001
#           value: 360.0
#       representation_type: spherical
# schema: astropy-2.0
RA_ICRS_1 DE_ICRS_1 e_RA_ICRS e_DE_ICRS _r_1 HIP TYC2 Source rgeo Plx e_Plx pmRA pmDE e_pmRA e_pmDE RUWE Teff logg Gmag BP-RP BPmag RPmag RV e_RV b_rgeo B_rgeo FG e_FG FBP e_FBP FRP e_FRP RAVE5 RAVE6 e_Gmag e_BPmag e_RPmag e_BP-RP SkyCoord.ra SkyCoord.dec SkyCoord.distance SkyCoord.pm_ra_cosdec SkyCoord.pm_dec rmRA rmDE e_rmRA e_rmDE rRV e_rRV v_pec v_pec3d e_vpec e_vpec3d
[from data line 564]
132.24957703316 -46.91315870073 0.0191 0.0193 3.9883 "" "" 5329658628825864064 2057.53101 0.4551 0.022 -0.448 -0.433 0.025 0.024 0.969 6583.9 4.1744 15.359188 1.115684 15.828927 14.713244 "" "" 1960.15503 2159.07227 13529.18094 3.4634 6365.7 12.979 10324.0 12.896 "" "" 0.0027693034519946477 0.003561675 0.004015354 0.007577029 132.24957703316 -46.91315870073 2057.53101 -0.44799999999999984 -0.43300000000000005 4.715479804992675 -5.0952800827026365 0.09804854 0.097048536 "" "" 67.70762307767485 "" 6.602248626043052 ""
132.75748472494 -46.67666458498 0.0189 0.0196 21.3614 "" "" 5329621657744791168 2033.77246 0.4548 0.0225 -4.248 5.111 0.024 0.026 1.012 9690.7 4.3333 15.359365 1.065173 15.799653 14.73448 "" "" 1939.91028 2119.14087 13526.97656 4.0308 6539.7 13.316 10124.0 11.047 "" "" 0.0027742496614978334 0.0035598422 0.003960719 0.007520561 132.75748472494 -46.67666458498 2033.77246 -4.248 5.111 0.9154798049926756 0.44871991729736305 0.097048536 0.09904854 "" "" 9.828406225667262 "" 0.957671618366943 ""
132.00765808762 -47.09331836675 0.0197 0.0214 18.6452 "" "" 5329562662080779520 1680.03247 0.5623 0.0232 -6.877 9.661 0.026 0.026 1.013 6114.7 4.1874 15.361127 1.035596 15.789939 14.754343 "" "" 1620.03674 1755.49109 13505.0407 3.5903 6598.4 10.773 9940.8 12.618 "" "" 0.0027703977080403347 0.0033056505 0.0040228097 0.00732846 132.00765808762 -47.09331836675 1680.03247 -6.8769999999999945 9.660999999999994 -1.713520195007324 4.998719917297363 0.09904854 0.09904854 "" "" 42.08039373278143 "" 4.168001561695022 ""
132.17630086975 -46.57084894716 0.0198 0.0204 18.5387 "" "" 5329679382107342592 2086.22314 0.446 0.0233 -4.489 4.982 0.028 0.025 1.054 7599.2 4.2057 15.36171 1.014976 15.781091 14.766115 "" "" 1986.45374 2205.8457 13497.79947 9.0127 6652.4 19.036 9833.6 18.666 "" "" 0.0028490984146267353 0.004175838 0.004304783 0.0084806215 132.17630086975 -46.57084894716 2086.22314 -4.489000000000001 4.982000000000001 0.6744798049926759 0.3197199172973635 0.101048544 0.09804854 "" "" 7.381128458103441 "" 0.7418390751740785 ""
132.62763792097 -46.89198280436 0.0223 0.024 12.886 "" "" 5329615472974628608 1969.3739 0.4745 0.0265 -5.954 7.472 0.031 0.03 1.312 9294.2 4.1548 15.361806 1.196227 15.80407 14.607842 "" "" 1874.70166 2104.58276 13496.60465 7.0847 6513.1 47.566 11377.0 90.469 "" "" 0.00281364695408644 0.008405853 0.009424663 0.017830517 132.62763792097 -46.89198280436 1969.3739 -5.9540000000000015 7.472000000000001 -0.790520195007324 2.8097199172973637 0.104048535 0.10304854 "" "" 27.246596030061188 "" 2.80972953121918 ""
132.19472158033 -46.85943245363 0.019 0.0187 4.9855 "" "" 5329659797056814848 1690.72278 0.5515 0.022 -6.283 8.018 0.024 0.022 0.966 6383.9 4.2246 15.362307 1.075619 15.81277 14.737151 "" "" 1626.47522 1754.05127 13490.37823 3.544 6461.1 11.046 10099.0 12.151 "" "" 0.0027700442348609472 0.0033511932 0.003998783 0.0073499763 132.19472158033 -46.85943245363 1690.72278 -6.283000000000002 8.018 -1.1195201950073246 3.355719917297364 0.097048536 0.09504854 "" "" 28.34992882273249 "" 2.7003515900028225 ""
132.21895593394 -46.69459071387 0.0427 0.0481 10.9526 "" "" 5329666084879007744 1602.79504 0.5873 0.0522 -12.235 5.667 0.058 0.059 2.011 6004.5 4.2642 15.365021 1.350198 15.829496 14.479299 "" "" 1494.60925 1722.49414 13456.70137 7.5566 6362.4 35.127 12807.0 34.91 "" "" 0.0028219703200423668 0.006611933 0.004800282 0.0114122145 132.21895593394 -46.69459071387 1602.79504 -12.235 5.667000000000002 -7.071520195007324 1.004719917297363 0.13104853 0.13204855 "" "" 54.26364182892659 "" 7.112248272596273 ""
132.32980889698 -47.07818542411 0.0186 0.0195 12.8272 "" "" 5329516065961359360 1586.30078 0.5969 0.0233 -6.572 4.239 0.026 0.024 1.003 5873.7 4.1117 15.365285 1.236763 15.905342 14.668579 "" "" 1531.06885 1633.64441 13453.42003 3.402 5933.1 10.165 10758.0 11.047 "" "" 0.0027689652674155497 0.003353392 0.003940398 0.0072937896 132.32980889698 -47.07818542411 1586.30078 -6.572000000000001 4.238999999999995 -1.4085201950073243 -0.42328008270263684 0.09904854 0.097048536 "" "" 11.058639304091411 "" 1.0935271234705977 ""
132.34846903151 -47.08262172115 0.0214 0.0223 13.1483 "" "" 5329513149694150656 1982.57007 0.4775 0.0266 -7.17 8.225 0.029 0.028 1.169 7164.2 4.2032 15.370449 1.127424 15.844233 14.716809 "" "" 1892.5105 2091.4397 13389.58647 3.9607 6276.6 12.999 10290.0 12.553 "" "" 0.002773974906752611 0.003583461 0.004004755 0.007588216 132.34846903151 -47.08262172115 1982.57007 -7.169999999999995 8.224999999999998 -2.006520195007324 3.562719917297363 0.10204854 0.101048544 "" "" 38.42494809042164 "" 3.8920727925914482 ""
132.12757365549 -46.59075176284 0.0195 0.0192 18.1672 "" "" 5329679279028073088 1797.77454 0.517 0.0225 -5.103 3.174 0.029 0.024 1.023 7764.4 4.4044 15.373055 0.952583 15.756149 14.803566 "" "" 1719.94348 1884.17358 13357.4927 7.9343 6807.0 17.807 9500.2 14.988 "" "" 0.002829790677456368 0.003981478 0.004149433 0.008130912 132.12757365549 -46.59075176284 1797.77454 -5.102999999999999 3.1739999999999995 0.06047980499267602 -1.4882800827026368 0.10204854 0.097048536 "" "" 12.692773714655694 "" 1.2319224280185277 ""
132.66314999749 -47.08396502892 0.0201 0.0195 19.3701 "" "" 5329594994588321536 1547.20044 0.6128 0.0232 -7.34 8.694 0.027 0.025 1.097 5892.8 4.1993 15.377891 1.056794 15.818363 14.761569 "" "" 1494.51941 1596.41296 13298.132 3.6374 6427.9 9.2818 9874.9 12.52 "" "" 0.0027712786789263377 0.00320047 0.0040222695 0.0072227395 132.66314999749 -47.08396502892 1547.20044 -7.34 8.694000000000003 -2.176520195007324 4.031719917297364 0.10004854 0.09804854 "" "" 33.60097575193471 "" 3.3098111765576257 ""
132.19171786129 -46.67513833692 0.0182 0.0195 12.4628 "" "" 5329666359766636288 1650.73596 0.5664 0.0218 -2.088 5.38 0.024 0.024 0.991 6610.0 4.268 15.378725 1.121287 15.853188 14.731901 "" "" 1595.2345 1725.21631 13287.91032 3.3668 6225.0 10.463 10148.0 11.584 "" "" 0.00276901922062479 0.0033339676 0.003977408 0.007311376 132.19171786129 -46.67513833692 1650.73596 -2.0880000000000005 5.379999999999999 3.0754798049926757 0.7177199172973632 0.097048536 0.097048536 "" "" 24.710643704544708 "" 2.3981317937359474 ""
132.31950723284 -46.69700573259 0.0324 0.0406 10.057 "" "" 5329665535133169024 1996.77576 0.4655 0.0411 -4.216 5.363 0.043 0.047 1.874 5939.4 4.2581 15.381291 1.087554 15.693891 14.606337 "" "" 1857.73608 2152.38525 13256.53926 8.8104 7208.8 48.336 11393.0 91.985 "" "" 0.00284824152576735 0.007796384 0.009546052 0.017342435 132.31950723284 -46.69700573259 1996.77576 -4.2159999999999975 5.363000000000004 0.9474798049926756 0.7007199172973637 0.116048545 0.12004854 "" "" 11.153623508783067 "" 1.3103095888340597 ""
132.74625593446 -46.82397690561 0.0435 0.0538 17.8244 "" "" 5329616847381501440 1882.35156 0.5151 0.0559 -4.127 1.544 0.062 0.068 1.468 "" "" 15.381989 1.404807 15.73801 14.333203 46.75 11.9 1682.34253 2072.21069 13248.02126 11.299 6921.7 173.77 14651.0 37.796 "" "" 0.002906763575162734 0.027399953 0.004704143 0.032104097 132.74625593446 -46.82397690561 1882.35156 -4.127 1.544 1.036479804992676 -3.1182800827026367 0.13504854 0.14104855 "" "" 29.319054342059275 "" 4.1182449745059335 ""
131.9421192699 -47.12539549475 0.0199 0.0212 21.8851 "" "" 5329556889644567040 2109.82935 0.4439 0.0237 -5.049 5.538 0.026 0.025 0.954 6736.4 3.9321 15.384024 1.026842 15.807982 14.781139 "" "" 1994.4231 2227.06006 13223.21881 3.8302 6489.7 12.737 9698.5 10.723 "" "" 0.0027732100796005795 0.0035108207 0.003965445 0.0074762655 131.9421192699 -47.12539549475 2109.82935 -5.049000000000001 5.537999999999995 0.1144798049926754 0.8757199172973635 0.09904854 0.09804854 "" "" 8.832231968918295 "" 0.8661365774159144 ""
132.48803185829 -46.54249704745 0.0201 0.0198 20.5819 "" "" 5329673747110771840 1568.74219 0.6019 0.0238 -2.811 0.019 0.027 0.025 0.991 6649.2 4.2263 15.392274 1.293278 15.955343 14.662066 "" "" 1513.08594 1625.90576 13123.12662 3.838 5666.0 12.249 10823.0 10.616 "" "" 0.0027735569319474514 0.003646142 0.003926562 0.007572704 132.48803185829 -46.54249704745 1568.74219 -2.811 0.018999999999999614 2.352479804992676 -4.643280082702637 0.10004854 0.09804854 "" "" 38.70509822587108 "" 3.8109176286620863 ""
132.05578597605 -46.75405035933 0.0209 0.0218 12.5776 "" "" 5329582139739334528 1456.43701 0.6551 0.0241 -6.866 4.099 0.026 0.026 1.061 7114.6 4.2548 15.392426 1.229596 15.920858 14.691262 "" "" 1407.96375 1498.67896 13121.28633 3.4563 5848.9 10.192 10535.0 14.253 "" "" 0.002770123260924084 0.0033711304 0.0040548034 0.007425934 132.05578597605 -46.75405035933 1456.43701 -6.866 4.099 -1.7025201950073239 -0.5632800827026365 0.09904854 0.09904854 "" "" 12.379941113523806 "" 1.2262150925328095 ""
132.37092228912 -46.74097754578 0.0183 0.0196 7.753 "" "" 5329662270958161152 1640.49158 0.573 0.0222 -2.039 4.804 0.025 0.026 0.983 5887.1 3.8164 15.395538 1.270193 15.948348 14.678155 "" "" 1583.35718 1689.51904 13083.72815 3.6877 5702.7 10.304 10663.0 12.977 "" "" 0.002772262075744021 0.003410809 0.0040037115 0.0074145207 132.37092228912 -46.74097754578 1640.49158 -2.0389999999999997 4.804 3.1244798049926756 0.14171991729736355 0.09804854 0.09904854 "" "" 24.320715998152544 "" 2.3846608334848356 ""
131.8095360238 -46.83360142342 0.0229 0.0259 20.8663 "" "" 5329583690240057600 1811.81543 0.5136 0.0289 -6.996 5.909 0.028 0.028 1.104 6583.5 4.3331 15.399585 0.950452 15.784215 14.833763 "" "" 1734.9574 1888.40295 13035.05036 3.8585 6633.3 13.096 9239.6 11.1 "" "" 0.0027740006951494155 0.003518501 0.0039981315 0.007516633 131.8095360238 -46.83360142342 1811.81543 -6.995999999999999 5.9090000000000025 -1.8325201950073247 1.246719917297363 0.101048544 0.101048544 "" "" 19.034477560345444 "" 1.9234062442112747 ""
131.91802980294 -46.79479482087 0.0222 0.0255 16.8655 "" "" 5329582522008779136 1938.20215 0.4823 0.0277 -4.03 3.008 0.029 0.031 1.185 5102.3 3.4998 15.400423 1.519997 16.103096 14.583099 "" "" 1820.21692 2080.8877 13024.99925 3.4656 4945.1 11.476 11639.0 15.771 "" "" 0.0027704230657750605 0.0037594773 0.0040556276 0.007815105 131.91802980294 -46.79479482087 1938.20215 -4.029999999999995 3.0079999999999965 1.1334798049926755 -1.6542800827026367 0.10204854 0.104048535 "" "" 18.423285346852253 "" 1.9052214745957512 ""
132.35969863636 -47.1345977628 0.0191 0.0205 16.2979 "" "" 5329512668658802048 1464.63 0.6477 0.0235 -5.602 6.667 0.026 0.027 1.013 6068.7 4.2712 15.403705 0.979256 15.78328 14.804025 "" "" 1420.03796 1516.29102 12985.68828 4.0117 6639.0 25.421 9496.2 25.057 "" "" 0.0027756612519717547 0.005006837 0.0047424836 0.009749321 132.35969863636 -47.1345977628 1464.63 -5.602 6.667 -0.43852019500732453 2.004719917297363 0.09904854 0.10004854 "" "" 14.246536641480025 "" 1.424697770060994 ""
132.12266941323 -47.0161501404 0.0209 0.0221 12.0585 "" "" 5329564105189356032 1872.02197 0.5062 0.0251 -2.658 4.372 0.028 0.027 1.079 7334.8 4.3573 15.405743 1.060392 15.848182 14.787789 "" "" 1797.3656 1958.01611 12961.33304 3.5942 6253.8 11.645 9639.2 10.262 "" "" 0.0027717208489390906 0.0034456318 0.0039521893 0.007397821 132.12266941323 -47.0161501404 1872.02197 -2.658 4.372 2.505479804992676 -0.29028008270263683 0.101048544 0.10004854 "" "" 22.38079906386576 "" 2.2612521666072407 ""
132.03555708221 -46.66709520883 0.0191 0.0202 16.5315 "" "" 5329677423602132224 1476.75403 0.6413 0.0231 -7.202 10.801 0.027 0.025 0.934 4982.7 3.5977 15.407583 1.693695 16.196547 14.502852 "" "" 1432.82117 1534.31152 12939.38521 4.4144 4537.3 14.954 12532.0 32.266 "" "" 0.002780106608412179 0.0045375894 0.0047008693 0.009238459 132.03555708221 -46.66709520883 1476.75403 -7.202 10.801000000000002 -2.038520195007324 6.138719917297363 0.10004854 0.09804854 "" "" 45.2771907808513 "" 4.44843884386183 ""
132.59891213424 -46.74358297879 0.0213 0.0225 13.7012 "" "" 5329619767959051776 1491.75403 0.6446 0.026 -6.178 9.373 0.028 0.029 1.109 6110.3 4.1746 15.407978 1.200651 15.918541 14.71789 "" "" 1435.09241 1541.95691 12934.67444 4.7747 5861.4 11.264 10280.0 12.863 "" "" 0.0027843168919715867 0.0034840312 0.004016138 0.0075001693 132.59891213424 -46.74358297879 1491.75403 -6.177999999999998 9.372999999999998 -1.0145201950073242 4.710719917297363 0.101048544 0.10204854 "" "" 34.07280724102324 "" 3.475576964123136 ""
132.56076773304 -46.78412479019 0.0194 0.0199 11.1485 "" "" 5329619252562956672 1739.02966 0.5443 0.0229 -5.462 3.191 0.025 0.026 0.995 6659.2 3.9792 15.410765 1.470734 16.079826 14.609093 "" "" 1668.09009 1810.36584 12901.51877 3.8654 5052.3 9.454 11364.0 10.898 "" "" 0.002774456071455918 0.003451476 0.0039201854 0.0073716613 132.56076773304 -46.78412479019 1739.02966 -5.462 3.190999999999999 -0.29852019500732396 -1.4712800827026369 0.09804854 0.09904854 "" "" 12.374881026249566 "" 1.225226968505742 ""
132.28771331729 -47.05658659324 0.0709 0.0707 11.577 "" "" 5329516242070588928 1520.33423 0.6678 0.0862 -5.357 2.982 0.094 0.092 3.417 6688.7 4.2376 15.413912 1.026782 15.818297 14.791515 "" "" 1344.20215 1764.95923 12864.1755 8.9599 6428.3 10.864 9606.2 13.183 "" "" 0.002857210372489495 0.00333946 0.004062491 0.0074019507 132.28771331729 -47.05658659324 1520.33423 -5.3569999999999975 2.9819999999999984 -0.19352019500732442 -1.6802800827026365 0.16704854 0.16504854 "" "" 12.188787276050634 "" 2.012062570545769 ""
132.129191193 -46.72004430256 0.0192 0.0197 11.5813 "" "" 5329664332542010368 1598.64905 0.5871 0.0224 -3.335 2.723 0.025 0.024 1.01 6391.7 4.3087 15.415422 1.022875 15.838991 14.816116 "" "" 1547.20349 1663.7345 12846.28885 3.3233 6307.0 9.5258 9391.0 10.257 "" "" 0.0027695994801885857 0.0032363778 0.003961059 0.007197437 132.129191193 -46.72004430256 1598.64905 -3.334999999999999 2.7230000000000008 1.8284798049926758 -1.9392800827026369 0.09804854 0.097048536 "" "" 20.19702502550013 "" 1.969622609811524 ""
132.00728169044 -46.91273697888 0.0216 0.0244 12.9846 "" "" 5329567781681295744 1695.59753 0.5564 0.0263 -4.075 2.996 0.029 0.027 0.951 5438.1 4.2467 15.417611 1.046334 15.852889 14.806555 "" "" 1629.36646 1769.50818 12820.42575 3.8702 6226.7 10.101 9474.1 12.328 "" "" 0.0027747460552291683 0.003299574 0.004034813 0.007334387 132.00728169044 -46.91273697888 1695.59753 -4.075000000000001 2.9959999999999973 1.0884798049926756 -1.6662800827026367 0.10204854 0.10004854 "" "" 15.996271106349207 "" 1.61003894945344 ""
132.24578439485 -47.03862771492 0.0202 0.0201 10.8302 "" "" 5329517101064038528 2051.93408 0.4504 0.0236 -5.179 4.646 0.03 0.025 0.993 7421.9 4.1382 15.421579 0.879829 15.771194 14.891365 "" "" 1963.36633 2166.05737 12773.65232 16.974 6713.3 36.059 8762.2 33.213 "" "" 0.003110199281854013 0.006464892 0.005587558 0.01205245 132.24578439485 -47.03862771492 2051.93408 -5.179 4.645999999999999 -0.015520195007324489 -0.01628008270263681 0.10304854 0.09804854 "" "" 0.2187669021741921 "" 0.02197736018130696 ""
131.8687573591 -47.01614708177 0.0242 0.0251 20.4539 "" "" 5329561218971792384 2033.96716 0.4631 0.0288 -1.146 3.825 0.034 0.03 1.128 6267.5 4.2447 15.426176 1.12552 15.906085 14.780565 "" "" 1911.78125 2160.37866 12719.68662 3.4993 5929.0 10.943 9703.6 9.7968 "" "" 0.002771463254339274 0.003435218 0.0039351373 0.0073703555 131.8687573591 -47.01614708177 2033.96716 -1.1459999999999995 3.8249999999999993 4.017479804992676 -0.8372800827026365 0.10704854 0.10304854 "" "" 39.56476239074556 "" 4.228880482571283 ""
132.38579915465 -46.75404565453 0.0201 0.0214 7.2263 "" "" 5329661442013608960 1457.84863 0.6598 0.0245 -2.268 3.587 0.027 0.029 1.05 6038.3 4.2072 15.426655 1.087172 15.882346 14.795175 "" "" 1404.1687 1512.84399 12714.07729 3.4048 6060.1 10.543 9573.9 10.817 "" "" 0.0027706189520463466 0.0033694196 0.0039734803 0.0073429 132.38579915465 -46.75404565453 1457.84863 -2.268 3.5869999999999997 2.895479804992676 -1.0752800827026365 0.10004854 0.10204854 "" "" 21.343500943328902 "" 2.140605030301125 ""
