Clusters/Ruprecht_71/Ruprecht_71_stars_in_region.tsv
# %ECSV 1.0
# ---
# datatype:
# - name: RA_ICRS_1
#   unit: deg
#   datatype: float64
#   format: '{:15.11f}'
#   description: Right ascension (ICRS) at Ep=2016.0 (ra)
#   meta: !!omap
#   - {ucd: POS_EQ_RA_MAIN}
#   - {width: 15}
#   - {precision: '11'}
# - name: DE_ICRS_1
#   unit: deg
#   datatype: float64
#   format: '{:15.11f}'
#   description: Declination (ICRS) at Ep=2016.0 (dec)
#   meta: !!omap
#   - {ucd: POS_EQ_DEC_MAIN}
#   - {width: 15}
#   - {precision: '11'}
# - name: e_RA_ICRS
#   unit: mas
#   datatype: float64
#   format: '{:7.4f}'
#   description: Standard error of right ascension (ra_error)
#   meta: !!omap
#   - {ucd: ERROR}
#   - {width: 7}
#   - {precision: '4'}
# - name: e_DE_ICRS
#   unit: mas
#   datatype: float64
#   format: '{:7.4f}'
#   description: Standard error of declination (dec_error)
#   meta: !!omap
#   - {ucd: ERROR}
#   - {width: 7}
#   - {precision: '4'}
# - name: _r_1
#   unit: ''
#   datatype: float64
#   format: '{:7.4f}'
#   description: Distance from center (132.31600834000-46.86460579000)[ICRS], at Epoch=J2016.0
#   meta: !!omap
#   - {ucd: POS_ANG_DIST_GENERAL}
#   - {width: 7}
#   - {precision: '4'}
# - name: HIP
#   datatype: int32
#   description: '? HIP cross-id number, van Leeuwen, Cat. I/311 (hip_original_ext_source_id)'
#   meta: !!omap
#   - {ucd: ID_NUMBER}
#   - {width: 6}
#   - values: {'null': -2147483648}
# - name: TYC2
#   datatype: string
#   description: Tycho-2 cross-id name, Hog et al., Cat. I/259 (tyc2_original_ext_source_id)
#   meta: !!omap
#   - {ucd: ID_CROSSID}
#   - {_votable_string_dtype: char}
# - name: Source
#   datatype: int64
#   description: Source identifier, identical to the Gaia-EDR3 source_id (id)
#   meta: !!omap
#   - {ucd: ID_MAIN}
#   - {width: 19}
# - name: rgeo
#   unit: pc
#   datatype: float64
#   format: '{:15.8f}'
#   description: '? Median of the geometric distance posterior (r_med_geo)'
#   meta: !!omap
#   - {ucd: PHYS_DISTANCE_TRUE}
#   - {width: 15}
#   - {precision: '8'}
#   - values: {'null': .nan}
# - name: Plx
#   unit: mas
#   datatype: float64
#   format: '{:9.4f}'
#   description: '? Parallax (parallax)'
#   meta: !!omap
#   - {ucd: POS_PARLX_TRIG}
#   - {width: 9}
#   - {precision: '4'}
#   - values: {'null': .nan}
# - name: e_Plx
#   unit: mas
#   datatype: float32
#   format: '{:7.4f}'
#   description: '? Standard error of parallax (parallax_error)'
#   meta: !!omap
#   - {ucd: ERROR}
#   - {width: 7}
#   - {precision: '4'}
#   - values: {'null': .nan}
# - name: pmRA
#   unit: mas / yr
#   datatype: float64
#   format: '{:9.3f}'
#   description: '? Proper motion in right ascension direction, pmRA*cosDE (pmra)'
#   meta: !!omap
#   - {ucd: POS_EQ_PMRA}
#   - {width: 9}
#   - {precision: '3'}
#   - values: {'null': .nan}
# - name: pmDE
#   unit: mas / yr
#   datatype: float64
#   format: '{:9.3f}'
#   description: '? Proper motion in declination direction (pmdec)'
#   meta: !!omap
#   - {ucd: POS_EQ_PMDEC}
#   - {width: 9}
#   - {precision: '3'}
#   - values: {'null': .nan}
# - name: e_pmRA
#   unit: mas / yr
#   datatype: float32
#   format: '{:6.3f}'
#   description: '? Standard error of proper motion in right ascension direction (pmra_error)'
#   meta: !!omap
#   - {ucd: ERROR}
#   - {width: 6}
#   - {precision: '3'}
#   - values: {'null': .nan}
# - name: e_pmDE
[...]
#         value: !astropy.table.SerializedColumn {name: SkyCoord.dec}
#       distance: !astropy.table.SerializedColumn
#         __class__: astropy.coordinates.distances.Distance
#         unit: !astropy.units.Unit {unit: pc}
#         value: !astropy.table.SerializedColumn {name: SkyCoord.distance}
#       frame: icrs
#       obstime: !astropy.time.Time {format: jyear_str, in_subfmt: '*', jd1: 367701545.0, jd2: 0.0, out_subfmt: '*', precision: 3, scale: tt}
#       pm_dec: !astropy.table.SerializedColumn
#         __class__: astropy.units.quantity.Quantity
#         unit: !astropy.units.Unit {unit: mas / yr}
#         value: !astropy.table.SerializedColumn {name: SkyCoord.pm_dec}
#       pm_ra_cosdec: !astropy.table.SerializedColumn
#         __class__: astropy.units.quantity.Quantity
#         unit: !astropy.units.Unit {unit: mas / yr}
#         value: !astropy.table.SerializedColumn {name: SkyCoord.pm_ra_cosdec}
#       ra: !astropy.table.SerializedColumn
#         __class__: astropy.coordinates.angles.Longitude
#         unit: *id001
#         value: !astropy.table.SerializedColumn {name: SkyCoord.ra}
#         wrap_angle: !astropy.coordinates.Angle
#           unit: *id001
#           value: 360.0
#       representation_type: spherical
# schema: astropy-2.0
RA_ICRS_1 DE_ICRS_1 e_RA_ICRS e_DE_ICRS _r_1 HIP TYC2 Source rgeo Plx e_Plx pmRA pmDE e_pmRA e_pmDE RUWE Teff logg Gmag BP-RP BPmag RPmag RV e_RV b_rgeo B_rgeo FG e_FG FBP e_FBP FRP e_FRP RAVE5 RAVE6 e_Gmag e_BPmag e_RPmag e_BP-RP SkyCoord.ra SkyCoord.dec SkyCoord.distance SkyCoord.pm_ra_cosdec SkyCoord.pm_dec rmRA rmDE e_rmRA e_rmDE rRV e_rRV v_pec v_pec3d e_vpec e_vpec3d
[from data line 63]
132.82212458049 -46.73083535196 0.0092 0.0097 22.2841 "" "" 5329641066683459328 1996.87939 0.5041 0.0107 -4.582 4.097 0.011 0.013 1.063 4772.7 2.3901 12.594462 2.10338 13.677921 11.574541 39.47 0.32 1953.3125 2038.69189 172648.07774 24.656 46158.0 38.116 185930.0 78.793 "" "" 0.0027596795812750547 0.0029306805 0.0038072863 0.006737967 132.82212458049 -46.73083535196 1996.87939 -4.582000000000001 4.097 0.5814798049926759 -0.5652800827026363 0.08404854 0.08604854 "" "" 7.6759299214854755 "" 0.6526549228026399 ""
132.59163268697 -46.92602794623 0.0077 0.0081 11.8863 "" "" 5329609558803667200 2177.34058 0.4363 0.0093 -3.767 3.788 0.011 0.01 0.906 "" "" 12.595152 0.688492 12.852216 12.163724 "" "" 2139.64941 2223.94019 172538.45088 25.431 98748.0 41.93 108060.0 32.899 "" "" 0.002759963597257423 0.0028280008 0.0037938098 0.0066218106 132.59163268697 -46.92602794623 2177.34058 -3.7669999999999986 3.7880000000000003 1.3964798049926759 -0.8742800827026369 0.08404854 0.08304854 "" "" 17.004010013131627 "" 1.4243946716973936 ""
132.16438510777 -46.9270835129 0.0102 0.011 7.2593 "" "" 5329565513938624384 1821.24744 0.5237 0.0123 -5.155 4.793 0.013 0.013 1.105 6764.6 3.5579 12.620043 0.546169 12.816983 12.270814 "" "" 1780.58423 1865.46252 168627.90376 28.021 102010.0 54.292 97911.0 37.309 "" "" 0.0027612207177403754 0.0028493793 0.0038019589 0.006651338 132.16438510777 -46.9270835129 1821.24744 -5.154999999999998 4.7930000000000055 0.008479804992675533 0.13071991729736343 0.08604854 0.08604854 "" "" 1.1308393830027257 "" 0.09730708178691863 ""
132.76054568753 -47.04767849182 0.0084 0.0081 21.2624 "" "" 5329601179340946560 2002.58508 0.4951 0.0098 -2.926 2.745 0.011 0.01 1.006 4968.6 2.674 12.626767 1.691314 13.435748 11.744434 13.35 0.55 1959.43457 2041.76343 167586.86181 21.135 57692.0 29.556 159000.0 47.264 "" "" 0.002758720390534529 0.002845073 0.0037931374 0.0066382103 132.76054568753 -47.04767849182 2002.58508 -2.9259999999999975 2.744999999999998 2.2374798049926756 -1.9172800827026366 0.08404854 0.08304854 "" "" 27.969595233518543 "" 2.3390024695935403 ""
132.30174157874 -46.98293399849 0.0113 0.0116 7.1237 "" "" 5329611104991624320 1820.59363 0.5251 0.0135 -5.4 3.503 0.015 0.015 1.049 "" "" 12.628058 0.479088 12.798439 12.319351 "" "" 1779.38098 1869.61682 167387.79395 74.092 103760.0 154.33 93631.0 101.25 "" "" 0.002796918498902718 0.003223808 0.00395755 0.007181358 132.30174157874 -46.98293399849 1820.59363 -5.400000000000006 3.502999999999999 -0.23652019500732457 -1.1592800827026366 0.08804854 0.08804854 "" "" 10.210230380939299 "" 0.8989958786745876 ""
132.33221281992 -46.70322916676 0.0204 0.0222 9.7055 "" "" 5329665466413721984 1742.77856 0.5578 0.0246 -4.156 2.014 0.027 0.029 2.418 6845.9 3.3614 12.646112 0.558196 12.523612 11.965416 8.12 4.9 1677.84875 1809.29724 164627.20098 70.704 133650.0 4521.6 129720.0 3781.3 "" "" 0.002794499308880189 0.036838062 0.031873748 0.06871181 132.33221281992 -46.70322916676 1742.77856 -4.155999999999997 2.0139999999999976 1.007479804992676 -2.648280082702637 0.10004854 0.10204854 "" "" 23.406427414195612 "" 2.3827240520912527 ""
132.29456290309 -46.98939025473 0.0129 0.0129 7.5385 "" 8156-2341-1 5329611104991625344 2120.97339 0.4522 0.0154 -4.722 4.509 0.017 0.016 1.268 12395.0 3.755 12.656158 0.513767 12.837708 12.323941 "" "" 2042.44214 2197.45264 163111.12731 28.813 100080.0 56.208 93236.0 35.095 "" "" 0.002761987211322687 0.0028560257 0.003801414 0.0066574397 132.29456290309 -46.98939025473 2120.97339 -4.722000000000002 4.509 0.44147980499267536 -0.15328008270263638 0.09004854 0.08904854 "" "" 4.698282050329972 "" 0.4225705054325249 ""
132.33421689601 -46.93194283879 0.0554 0.0543 4.1086 "" "" 5329611865219084800 1744.6095 0.5771 0.0638 -6.422 5.298 0.076 0.069 6.483 6376.0 2.6259 12.657718 1.347322 13.251911 11.904589 30.52 1.0 1576.27673 1984.22375 162876.98747 41.028 68336.0 50.716 137190.0 76.652 "" "" 0.0027688603025752987 0.0029041935 0.0038277577 0.006731951 132.33421689601 -46.93194283879 1744.6095 -6.422000000000001 5.298 -1.258520195007324 0.6357199172973633 0.14904854 0.14204854 "" "" 11.659667698801227 "" 1.721577869342804 ""
132.25956773978 -47.1661843878 0.0092 0.0094 18.2414 "" "" 5329512428140681472 2104.37183 0.4729 0.0109 -7.028 5.368 0.012 0.012 1.001 6026.5 2.8358 12.667554 1.452905 13.327787 11.874883 8.15 0.97 2064.94702 2147.86328 161408.07166 28.657 63724.0 34.735 141000.0 68.686 "" "" 0.002762055036139975 0.0028522443 0.0038162104 0.006668455 132.25956773978 -47.1661843878 2104.37183 -7.027999999999998 5.3680000000000065 -1.8645201950073238 0.7057199172973636 0.08504854 0.08504854 "" "" 19.885694781867457 "" 1.691249336453544 ""
132.17655473016 -47.15778145052 0.0118 0.0126 18.4926 "" "" 5329514111766987136 1864.35364 0.504 0.0142 -5.832 4.509 0.016 0.015 1.08 "" "" 12.681232 0.292673 12.77958 12.486907 "" "" 1818.27979 1924.35254 159387.49665 27.19 105580.0 68.842 80241.0 39.997 "" "" 0.0027615384281839232 0.0028785805 0.0038179343 0.006696515 132.17655473016 -47.15778145052 1864.35364 -5.832 4.509 -0.6685201950073241 -0.15328008270263638 0.08904854 0.08804854 "" "" 6.061034721438989 "" 0.5394252027963737 ""
132.2302184477 -46.67445574753 0.0097 0.0097 11.9413 "" "" 5329666119248533760 1777.38354 0.5322 0.0115 -5.19 4.773 0.013 0.013 0.953 "" "" 12.686767 0.453092 12.846927 12.393835 "" "" 1738.79932 1812.96997 158576.97346 28.74 99231.0 54.222 87423.0 35.89 "" "" 0.002762337775899329 0.0028525458 0.0038055752 0.006658121 132.2302184477 -46.67445574753 1777.38354 -5.190000000000001 4.773 -0.02652019500732461 0.11071991729736297 0.08604854 0.08604854 "" "" 0.9591779878795353 "" 0.08253586876942101 ""
132.06871706227 -47.11475713727 0.0658 0.0717 18.1027 "" "" 5329561768727566208 2011.83923 0.5253 0.0775 -0.304 2.21 0.094 0.092 1.201 "" "" 12.69051 6.003649 16.958881 10.955233 "" "" 1675.61035 2537.82983 158031.12851 3075.6 2248.4 355.64 328900.0 26401.0 "" "" 0.021309468219587634 0.17175867 0.087234594 0.25899327 132.06871706227 -47.11475713727 2011.83923 -0.30400000000000027 2.21 4.8594798049926755 -2.4522800827026368 0.16704854 0.16504854 "" "" 51.90681795024269 "" 8.649987898996892 ""
132.28875986111 -46.67371839203 0.011 0.0108 11.5079 "" "" 5329665805703314944 2056.05981 0.4622 0.0128 -4.39 6.101 0.014 0.013 1.162 7486.9 3.5509 12.711285 0.561728 12.914816 12.353087 "" "" 2002.91724 2118.13477 155036.05555 33.185 93216.0 67.679 90766.0 62.47 "" "" 0.0027651037037680565 0.0028993885 0.003852548 0.006751937 132.28875986111 -46.67371839203 2056.05981 -4.39 6.100999999999999 0.7734798049926761 1.4387199172973633 0.08704854 0.08604854 "" "" 15.919232913708415 "" 1.373412306177086 ""
132.33160837999 -46.70326522264 0.013 0.0153 9.7016 "" "" 5329665466404700800 1777.04382 0.5393 0.016 -4.317 2.565 0.017 0.019 1.464 "" "" 12.71595 0.539382 12.517556 11.978174 "" "" 1719.19678 1821.83643 154371.33364 83.83 134400.0 17575.0 128200.0 15622.0 "" "" 0.002817697110575373 0.14200519 0.13235795 0.27436316 132.33160837999 -46.70326522264 1777.04382 -4.317 2.5649999999999986 0.8464798049926756 -2.0972800827026368 0.09004854 0.09204854 "" "" 19.050397602577195 "" 1.7482741170384832 ""
131.86807499407 -46.89895810902 0.0116 0.0129 18.4851 "" 8155-83-1 5329579567071497216 1627.46594 0.5922 0.0146 -6.283 7.874 0.016 0.016 1.059 "" "" 12.726708 0.620462 12.960915 12.340452 "" "" 1582.24927 1668.18591 152849.30271 31.184 89341.0 56.645 91828.0 60.189 "" "" 0.002764209821052464 0.0028738354 0.0038457995 0.006719635 131.86807499407 -46.89895810902 1627.46594 -6.283000000000001 7.8740000000000006 -1.1195201950073246 3.211719917297363 0.08904854 0.08904854 "" "" 26.2378483657455 "" 2.336442144346349 ""
132.70984476116 -46.82707383498 0.0088 0.0082 16.3183 "" 8152-372-1 5329615404272455808 1894.99683 0.5063 0.0104 -3.855 5.252 0.013 0.01 0.906 "" "" 12.728895 0.731625 13.006014 12.274389 "" "" 1862.41431 1932.79846 152541.68704 18.062 85706.0 48.103 97589.0 31.923 "" "" 0.002758317739886857 0.0028559389 0.003796033 0.006651972 132.70984476116 -46.82707383498 1894.99683 -3.855000000000001 5.252000000000002 1.3084798049926758 0.5897199172973631 0.08604854 0.08304854 "" "" 12.89165684224513 "" 1.1028739749669507 ""
131.86077193568 -46.81937582226 0.0091 0.0106 18.8793 "" "" 5329581113259483392 1961.51904 0.4923 0.0118 -4.831 3.309 0.012 0.013 0.959 7410.1 3.4728 12.729368 0.855988 13.067122 12.211135 -9.56 9.3 1922.4447 2004.58533 152475.22379 59.06 81015.0 120.37 103440.0 97.193 "" "" 0.0027872302380138533 0.0032229382 0.0039146477 0.007137586 131.86077193568 -46.81937582226 1961.51904 -4.830999999999999 3.3089999999999993 0.3324798049926754 -1.3532800827026366 0.08504854 0.08604854 "" "" 12.956431306635789 "" 1.1141485429187827 ""
132.72501197617 -47.08484672709 0.0133 0.0128 21.3305 "" "" 5329592280169015808 2078.93848 0.4558 0.0154 -4.719 5.501 0.017 0.017 1.335 "" "" 12.776552 0.469613 12.943912 12.474299 "" "" 2013.25232 2142.06274 145990.86737 26.659 90751.0 48.647 81178.0 29.429 "" "" 0.002762444165545791 0.0028502247 0.0037998226 0.0066500474 132.72501197617 -47.08484672709 2078.93848 -4.719 5.501 0.4444798049926755 0.8387199172973636 0.09004854 0.09004854 "" "" 9.353746671948919 "" 0.8422912000813226 ""
132.22742551117 -46.92180849874 0.0097 0.0094 4.9971 "" "" 5329658663185572992 1899.91919 0.5229 0.0112 -2.001 2.516 0.013 0.012 1.039 5168.5 2.8864 12.802493 1.647074 13.583415 11.936341 15.29 0.63 1854.59021 1944.47729 142544.22309 20.187 50356.0 25.109 133240.0 42.496 "" "" 0.0027596071962057733 0.002842207 0.003795213 0.00663742 132.22742551117 -46.92180849874 1899.91919 -2.0010000000000003 2.516 3.162479804992676 -2.1462800827026367 0.08604854 0.08504854 "" "" 34.41960081052268 "" 2.95094573140044 ""
132.70808985545 -47.0135388576 0.01 0.0092 18.3806 "" "" 5329601488578527488 1741.22632 0.5718 0.0112 0.365 -0.311 0.013 0.011 1.036 4786.2 2.5756 12.821794 1.70005 13.637438 11.937387 -3.16 0.65 1712.22375 1769.19861 140032.61347 20.493 47912.0 25.805 133110.0 42.623 "" "" 0.0027598978078555176 0.0028507896 0.0037953388 0.0066461284 132.70808985545 -47.0135388576 1741.22632 0.365 -0.31099999999999994 5.528479804992676 -4.973280082702637 0.08604854 0.08404854 "" "" 61.37432389266537 "" 5.226624399640804 ""
132.46310929595 -46.53105939758 0.0091 0.0098 20.9082 "" "" 5329673987628884864 1949.28271 0.51 0.0112 -3.957 8.142 0.012 0.012 1.028 5655.4 2.8025 12.823262 1.652498 13.605988 11.953489 27.85 0.97 1908.12903 1986.38013 139843.37655 20.582 49320.0 34.438 131150.0 45.94 "" "" 0.002759950116701996 0.0028913314 0.0037984692 0.006689801 132.46310929595 -46.53105939758 1949.28271 -3.9569999999999994 8.142 1.206479804992676 3.4797199172973627 0.08504854 0.08504854 "" "" 34.02888905271841 "" 2.894107380303292 ""
132.13441895159 -46.9346318936 0.0117 0.012 8.5484 "" "" 5329565303467760256 1795.03674 0.5543 0.0134 -5.193 4.637 0.016 0.015 1.138 5011.1 2.6892 12.844684 1.604693 13.600015 11.995321 39.79 0.68 1757.16296 1834.50281 137111.31736 22.746 49592.0 32.111 126190.0 38.651 "" "" 0.0027612011406164664 0.0028773744 0.0037939844 0.006671359 132.13441895159 -46.9346318936 1795.03674 -5.193000000000002 4.637000000000004 -0.029520195007323835 -0.025280082702637152 0.08904854 0.08804854 "" "" 0.3306858178756982 "" 0.029307636338209264 ""
132.03088459006 -46.61931794189 0.0097 0.01 18.8159 "" "" 5329680481618799872 1893.96887 0.5255 0.0117 -4.695 4.92 0.013 0.012 1.033 5297.4 2.9103 12.847698 1.632086 13.620012 11.987927 26.19 0.83 1858.43359 1929.15894 136731.17788 20.366 48687.0 37.276 127050.0 57.79 "" "" 0.002760062066789964 0.0029113663 0.003811512 0.006722878 132.03088459006 -46.61931794189 1893.96887 -4.695 4.92 0.4684798049926755 0.2577199172973632 0.08604854 0.08504854 "" "" 4.800128355957333 "" 0.4119338578416574 ""
132.21280953545 -46.56578146304 0.0113 0.0117 18.4252 "" "" 5329679038510013056 1711.59509 0.5805 0.0137 -6.193 4.587 0.016 0.015 1.193 4598.3 2.3732 12.908051 1.749878 13.754297 12.004419 65.56 0.58 1673.67334 1758.80835 129338.0653 19.126 43023.0 29.042 125140.0 32.718 "" "" 0.0027599940405551955 0.0028848231 0.0037900275 0.0066748504 132.21280953545 -46.56578146304 1711.59509 -6.193 4.586999999999998 -1.0295201950073238 -0.07528008270263697 0.08904854 0.08804854 "" "" 8.374756419671046 "" 0.745715558504369 ""
132.15447197118 -46.52144976493 0.0103 0.0105 21.636 "" "" 5329680103661770624 1559.37573 0.617 0.0122 -5.532 3.669 0.014 0.013 0.946 "" "" 12.914108 0.481089 13.0877 12.606611 "" "" 1530.63477 1585.69617 128618.46382 27.264 79494.0 32.626 71864.0 30.463 "" "" 0.002764915609059957 0.0028255293 0.003807302 0.0066328314 132.15447197118 -46.52144976493 1559.37573 -5.532 3.668999999999999 -0.36852019500732425 -0.9932800827026367 0.08704854 0.08604854 "" "" 7.830785919788161 "" 0.674780041698314 ""
132.65472440828 -46.991611582 0.0123 0.0115 15.8333 "" "" 5329596639543269248 1659.0863 0.5943 0.0139 1.356 2.899 0.017 0.014 1.137 4851.9 2.7522 12.926812 1.848484 13.837254 11.98877 22.03 0.37 1614.01038 1699.95801 127122.3882 25.165 39858.0 30.2 126960.0 44.549 "" "" 0.002763690426245335 0.0029089178 0.0037985349 0.0067074527 132.65472440828 -46.991611582 1659.0863 1.3560000000000003 2.899 6.519479804992676 -1.7632800827026367 0.09004854 0.08704854 "" "" 53.11174364177314 "" 4.771942812953401 ""
132.81482815905 -46.7687803767 0.0115 0.0109 21.2732 "" "" 5329617294058137088 1751.78748 0.5439 0.0127 -5.2 3.845 0.014 0.014 1.017 9100.0 3.5783 12.973309 0.776544 13.271972 12.495428 "" "" 1709.58679 1786.51575 121793.2178 22.067 67085.0 46.212 79614.0 23.751 "" "" 0.002762333694882833 0.0028886725 0.003793236 0.006681909 132.81482815905 -46.7687803767 1751.78748 -5.199999999999999 3.845000000000006 -0.036520195007324396 -0.8172800827026365 0.08704854 0.08704854 "" "" 6.793034684927384 "" 0.5913237381045343 ""
132.61214297151 -46.60691435063 0.0123 0.0127 19.6812 "" "" 5329669864460524544 1964.21948 0.4966 0.0145 -0.223 -0.097 0.016 0.016 1.205 5640.8 2.8127 12.987219 1.765086 13.839658 12.074572 39.72 0.59 1912.40088 2023.89783 120242.87117 22.393 39770.0 29.686 117310.0 40.653 "" "" 0.002762729358166259 0.0029054878 0.0037980645 0.0067035523 132.61214297151 -46.60691435063 1964.21948 -0.223 -0.09699999999999998 4.940479804992676 -4.759280082702637 0.08904854 0.08904854 "" "" 63.86899858978376 "" 5.68744120867734 ""
132.29238550852 -46.60611450617 0.0088 0.0092 15.5399 "" "" 5329667012601768064 1821.58838 0.5204 0.0103 -5.848 4.779 0.012 0.012 0.909 "" "" 13.000349 0.554658 13.206396 12.651738 "" "" 1791.38843 1855.13013 118797.4076 33.646 71262.0 39.804 68939.0 25.667 "" "" 0.002772426394576964 0.0028553156 0.0038009384 0.0066562537 132.29238550852 -46.60611450617 1821.58838 -5.848000000000001 4.779 -0.6845201950073241 0.1167199172973632 0.08504854 0.08504854 "" "" 5.995678478283931 "" 0.5099237094412565 ""
131.87159406639 -46.72630181232 0.009 0.0105 20.0524 "" "" 5329586061061784192 1959.44751 0.4925 0.0112 -4.424 9.248 0.012 0.013 0.967 "" "" 13.006536 1.529045 13.715465 12.186419 32.53 0.91 1910.50879 1997.39844 118122.44018 17.641 44589.0 21.273 105830.0 29.657 "" "" 0.0027600872821823643 0.0028378454 0.003791609 0.0066294544 131.87159406639 -46.72630181232 1959.44751 -4.4239999999999995 9.248000000000001 0.7394798049926754 4.585719917297363 0.08504854 0.08604854 "" "" 43.14137629001143 "" 3.7111653754991774 ""
