Clusters/LP_1768/LP_1768_stars_in_region.tsv
# %ECSV 1.0
# ---
# datatype:
# - name: RA_ICRS_1
#   unit: deg
#   datatype: float64
#   format: '{:15.11f}'
#   description: Right ascension (ICRS) at Ep=2016.0 (ra)
#   meta: !!omap
#   - {ucd: POS_EQ_RA_MAIN}
#   - {width: 15}
#   - {precision: '11'}
# - name: DE_ICRS_1
#   unit: deg
#   datatype: float64
#   format: '{:15.11f}'
#   description: Declination (ICRS) at Ep=2016.0 (dec)
#   meta: !!omap
#   - {ucd: POS_EQ_DEC_MAIN}
#   - {width: 15}
#   - {precision: '11'}
# - name: e_RA_ICRS
#   unit: mas
#   datatype: float64
#   format: '{:7.4f}'
#   description: Standard error of right ascension (ra_error)
#   meta: !!omap
#   - {ucd: ERROR}
#   - {width: 7}
#   - {precision: '4'}
# - name: e_DE_ICRS
#   unit: mas
#   datatype: float64
#   format: '{:7.4f}'
#   description: Standard error of declination (dec_error)
#   meta: !!omap
#   - {ucd: ERROR}
#   - {width: 7}
#   - {precision: '4'}
# - name: _r_1
#   unit: ''
#   datatype: float64
#   format: '{:7.4f}'
#   description: Distance from center (310.63360807000+45.52170584000)[ICRS], at Epoch=J2016.0
#   meta: !!omap
#   - {ucd: POS_ANG_DIST_GENERAL}
#   - {width: 7}
#   - {precision: '4'}
# - name: HIP
#   datatype: int32
#   description: '? HIP cross-id number, van Leeuwen, Cat. I/311 (hip_original_ext_source_id)'
#   meta: !!omap
#   - {ucd: ID_NUMBER}
#   - {width: 6}
#   - values: {'null': -2147483648}
# - name: TYC2
#   datatype: string
#   description: Tycho-2 cross-id name, Hog et al., Cat. I/259 (tyc2_original_ext_source_id)
#   meta: !!omap
#   - {ucd: ID_CROSSID}
#   - {_votable_string_dtype: char}
# - name: Source
#   datatype: int64
#   description: Source identifier, identical to the Gaia-EDR3 source_id (id)
#   meta: !!omap
#   - {ucd: ID_MAIN}
#   - {width: 19}
# - name: rgeo
#   unit: pc
#   datatype: float64
#   format: '{:15.8f}'
#   description: '? Median of the geometric distance posterior (r_med_geo)'
#   meta: !!omap
#   - {ucd: PHYS_DISTANCE_TRUE}
#   - {width: 15}
#   - {precision: '8'}
#   - values: {'null': .nan}
# - name: Plx
#   unit: mas
#   datatype: float64
#   format: '{:9.4f}'
#   description: '? Parallax (parallax)'
#   meta: !!omap
#   - {ucd: POS_PARLX_TRIG}
#   - {width: 9}
#   - {precision: '4'}
#   - values: {'null': .nan}
# - name: e_Plx
#   unit: mas
#   datatype: float32
#   format: '{:7.4f}'
#   description: '? Standard error of parallax (parallax_error)'
#   meta: !!omap
#   - {ucd: ERROR}
#   - {width: 7}
#   - {precision: '4'}
#   - values: {'null': .nan}
# - name: pmRA
#   unit: mas / yr
#   datatype: float64
#   format: '{:9.3f}'
#   description: '? Proper motion in right ascension direction, pmRA*cosDE (pmra)'
#   meta: !!omap
#   - {ucd: POS_EQ_PMRA}
#   - {width: 9}
#   - {precision: '3'}
#   - values: {'null': .nan}
# - name: pmDE
#   unit: mas / yr
#   datatype: float64
#   format: '{:9.3f}'
#   description: '? Proper motion in declination direction (pmdec)'
#   meta: !!omap
#   - {ucd: POS_EQ_PMDEC}
#   - {width: 9}
#   - {precision: '3'}
#   - values: {'null': .nan}
# - name: e_pmRA
#   unit: mas / yr
#   datatype: float32
#   format: '{:6.3f}'
#   description: '? Standard error of proper motion in right ascension direction (pmra_error)'
#   meta: !!omap
#   - {ucd: ERROR}
#   - {width: 6}
#   - {precision: '3'}
#   - values: {'null': .nan}
# - name: e_pmDE
[...]
#         unit: &id001 !astropy.units.Unit {unit: deg}
#         value: !astropy.table.SerializedColumn {name: SkyCoord.dec}
#       distance: !astropy.table.SerializedColumn
#         __class__: astropy.coordinates.distances.Distance
#         unit: !astropy.units.Unit {unit: pc}
#         value: !astropy.table.SerializedColumn {name: SkyCoord.distance}
#       frame: icrs
#       obstime: !astropy.time.Time {format: jyear_str, in_subfmt: '*', jd1: 367701545.0, jd2: 0.0, out_subfmt: '*', precision: 3, scale: tt}
#       pm_dec: !astropy.table.SerializedColumn
#         __class__: astropy.units.quantity.Quantity
#         unit: !astropy.units.Unit {unit: mas / yr}
#         value: !astropy.table.SerializedColumn {name: SkyCoord.pm_dec}
#       pm_ra_cosdec: !astropy.table.SerializedColumn
#         __class__: astropy.units.quantity.Quantity
#         unit: !astropy.units.Unit {unit: mas / yr}
#         value: !astropy.table.SerializedColumn {name: SkyCoord.pm_ra_cosdec}
#       ra: !astropy.table.SerializedColumn
#         __class__: astropy.coordinates.angles.Longitude
#         unit: *id001
#         value: !astropy.table.SerializedColumn {name: SkyCoord.ra}
#         wrap_angle: !astropy.coordinates.Angle
#           unit: *id001
#           value: 360.0
#       representation_type: spherical
# schema: astropy-2.0
RA_ICRS_1 DE_ICRS_1 e_RA_ICRS e_DE_ICRS _r_1 HIP TYC2 Source rgeo Plx e_Plx pmRA pmDE e_pmRA e_pmDE RUWE Teff logg Gmag BP-RP BPmag RPmag RV e_RV b_rgeo B_rgeo FG e_FG FBP e_FBP FRP e_FRP RAVE5 RAVE6 e_Gmag e_BPmag e_RPmag e_BP-RP SkyCoord.ra SkyCoord.dec SkyCoord.distance SkyCoord.pm_ra_cosdec SkyCoord.pm_dec
[from data line 1141]
310.54237490174 45.5777234297 0.0383 0.038 5.0982 "" "" 2070418298201706240 2785.40112 0.3364 0.0446 -0.426 -2.278 0.053 0.052 1.065 5705.2 4.5647 16.731333 1.227066 17.234955 16.007889 "" "" 2435.11035 3140.43506 3823.08232 2.4875 1743.6 7.6223 3133.3 14.263 "" "" 0.002844440778651247 0.0055057486 0.0062217773 0.011727526 310.54237490174 45.5777234297 2785.40112 -0.42600000000000027 -2.2780000000000005
310.45508607631 45.41314988318 0.0391 0.0464 9.9425 "" "" 2070415652501552128 2288.3689 0.4155 0.0509 -3.943 -7.14 0.051 0.055 1.011 "" "" 16.734028 1.899032 17.670412 15.77138 "" "" 2025.79126 2580.76782 3813.60556 2.4543 1167.5 6.6417 3895.9 8.2499 "" "" 0.002842539051319743 0.006777532 0.004423773 0.011201305 310.45508607631 45.41314988318 2288.3689 -3.943 -7.140000000000001
310.71014648129 45.41283114133 0.0397 0.0412 7.2833 "" "" 2070401732503413120 2311.32104 0.4131 0.0473 -4.696 -5.961 0.052 0.055 0.937 5315.9 4.3012 16.7341 1.523054 17.43384 15.910786 "" "" 2024.17957 2663.17725 3813.3519 2.1647 1451.7 9.1834 3426.4 9.4165 "" "" 0.002823411996222002 0.0074134315 0.004815292 0.012228724 310.71014648129 45.41283114133 2311.32104 -4.696 -5.960999999999999
310.96615822959 45.25910346186 0.0376 0.043 21.0856 "" "" 2070208562054112640 2770.99536 0.3357 0.0463 -3.309 -5.721 0.05 0.052 1.05 "" "" 16.734364 1.821096 17.617453 15.796356 "" "" 2465.84106 3266.20288 3812.42567 2.5944 1225.8 7.4074 3807.3 8.655 "" "" 0.0028526650088698787 0.0071296464 0.00451393 0.011643576 310.96615822959 45.25910346186 2770.99536 -3.309000000000001 -5.721000000000002
311.05127731144 45.50132480146 0.0372 0.042 17.6038 "" "" 2070238390607987584 2236.46411 0.4242 0.0463 -0.83 -1.837 0.049 0.052 1.051 5622.8 4.4591 16.734797 1.525344 17.448713 15.923369 "" "" 1993.40674 2504.8855 3810.90818 2.2424 1432.0 7.9303 3387.0 9.9231 "" "" 0.0028284160779398016 0.006628562 0.0049398537 0.011568416 311.05127731144 45.50132480146 2236.46411 -0.8299999999999998 -1.8370000000000002
310.72046381405 45.63691995915 0.0388 0.0384 7.8161 "" "" 2070430732122306944 2416.81201 0.4026 0.0442 -2.029 0.869 0.053 0.05 1.029 4943.7 4.186 16.735106 1.543137 17.452675 15.909538 "" "" 2214.66821 2821.85669 3809.8218 2.0285 1426.7 8.385 3430.4 8.6885 "" "" 0.0028153110408220216 0.0069644335 0.004673964 0.011638397 310.72046381405 45.63691995915 2416.81201 -2.029 0.8689999999999999
310.67442106455 45.19966386583 0.0394 0.0395 19.399 "" "" 2070397991595817600 2345.44141 0.4162 0.0463 -3.092 -4.136 0.051 0.058 0.915 9469.0 4.1819 16.73602 1.855712 17.622183 15.766471 "" "" 2140.49756 2569.30371 3806.61467 2.3523 1220.5 8.2721 3913.5 10.941 "" "" 0.0028358311380051134 0.007869931 0.0048474097 0.01271734 310.67442106455 45.19966386583 2345.44141 -3.092 -4.135999999999999
311.01297586543 45.74068076767 0.0416 0.0459 20.639 "" "" 2070435031395112448 2123.18066 0.4538 0.052 -3.875 -4.835 0.058 0.058 1.108 6755.6 4.3452 16.738146 1.354958 17.338285 15.983328 "" "" 1866.4054 2439.28125 3799.16906 2.3852 1585.3 9.1383 3205.0 12.022 "" "" 0.002838385819969199 0.0068523944 0.0055560684 0.012408463 311.01297586543 45.74068076767 2123.18066 -3.874999999999999 -4.834999999999999
310.45351518235 45.41336454974 0.0382 0.0454 9.9842 "" "" 2070415648199265024 2523.41162 0.3856 0.0486 -3.763 -4.661 0.05 0.051 1.02 8497.7 4.371 16.7384 1.581552 17.473312 15.89176 "" "" 2266.05811 2809.34058 3798.28225 2.247 1399.9 10.778 3487.0 7.8489 "" "" 0.0028291947429725578 0.0088125765 0.004500701 0.013313278 310.45351518235 45.41336454974 2523.41162 -3.7629999999999995 -4.660999999999998
310.59191174715 45.57250102038 0.038 0.0406 3.5154 "" "" 2070418435640588928 2677.19751 0.3462 0.0459 -2.36 -5.979 0.053 0.056 1.057 5319.8 4.2763 16.741125 1.557657 17.464582 15.906925 "" "" 2407.64502 3058.48657 3788.75616 2.0715 1411.2 8.6918 3438.6 10.652 "" "" 0.0028185423076249835 0.0072459597 0.005059243 0.012305203 310.59191174715 45.57250102038 2677.19751 -2.36 -5.979
310.61088478744 45.45803709232 0.0393 0.0397 3.9379 "" "" 2070405722537335808 2876.08594 0.3252 0.0477 -4.508 -5.698 0.053 0.058 0.963 "" "" 16.742104 1.412714 17.375254 15.96254 "" "" 2545.89746 3287.93823 3785.34558 2.1515 1532.2 6.5811 3266.9 8.75 "" "" 0.002823581029517197 0.0054344106 0.0047686766 0.010203088 310.61088478744 45.45803709232 2876.08594 -4.508 -5.698000000000002
310.93406386954 45.42911604767 0.0382 0.042 13.8079 "" "" 2070237016218407936 2898.82983 0.3157 0.0471 -4.551 -3.637 0.051 0.051 0.956 "" "" 16.742594 1.749344 17.584885 15.835541 "" "" 2574.92969 3267.71045 3783.63243 2.3204 1263.2 8.4624 3672.3 9.1673 "" "" 0.0028346338975966615 0.0077903415 0.0046507847 0.012441127 310.93406386954 45.42911604767 2898.82983 -4.551 -3.6369999999999996
310.5261898211 45.68942737961 0.0408 0.0387 11.0273 "" "" 2070446365803789056 2341.54175 0.3979 0.0447 -1.81 -6.068 0.051 0.051 0.964 6841.6 4.2585 16.742607 1.885502 17.679285 15.793783 "" "" 2192.00146 2604.85278 3783.59106 2.1995 1158.0 5.952 3816.3 9.3941 "" "" 0.002826687255544708 0.006239217 0.0046288893 0.010868106 310.5261898211 45.68942737961 2341.54175 -1.8100000000000005 -6.068
310.74713578997 45.77874046504 0.0389 0.039 16.1404 "" "" 2070445030078828544 2608.60742 0.3586 0.044 -5.135 -3.261 0.052 0.048 1.009 4826.6 4.1119 16.74271 2.003262 17.763939 15.760677 "" "" 2313.82739 2884.01367 3783.22726 1.9722 1071.1 6.8192 3934.5 12.359 "" "" 0.002812852667375083 0.0074542654 0.0050907014 0.012544967 310.74713578997 45.77874046504 2608.60742 -5.135 -3.261
310.4518998197 45.70687387042 0.0433 0.0429 13.4756 "" "" 2070423864479194368 2123.04321 0.4472 0.0475 -2.429 -3.77 0.054 0.054 0.979 8238.1 4.1283 16.74389 1.537285 17.441662 15.904377 "" "" 1929.51453 2361.73291 3779.12085 2.5056 1441.3 7.0213 3446.7 9.0529 "" "" 0.0028478028758447548 0.005979996 0.004734564 0.010714561 310.4518998197 45.70687387042 2123.04321 -2.4290000000000003 -3.7699999999999996
311.04436191907 45.35219874197 0.0368 0.0418 20.0623 "" "" 2070232961769298304 2615.21924 0.3653 0.046 -0.46 -2.052 0.049 0.051 1.092 8577.6 4.2029 16.74406 1.757007 17.579845 15.822839 "" "" 2325.43945 2922.91602 3778.52543 2.0715 1269.0 9.9768 3715.5 13.121 "" "" 0.002818881266003651 0.008980433 0.00538375 0.014364183 311.04436191907 45.35219874197 2615.21924 -0.4600000000000001 -2.0520000000000005
310.82762435475 45.66818819749 0.04 0.0402 11.9831 "" "" 2070431423622887680 2176.25073 0.4434 0.0478 -5.227 -5.706 0.055 0.049 0.973 5591.4 4.5762 16.7459 1.35717 17.329498 15.972328 "" "" 1984.64563 2441.48364 3772.13394 2.0846 1598.1 12.119 3237.6 16.307 "" "" 0.00281989427965412 0.00869347 0.0066474937 0.015340963 310.82762435475 45.66818819749 2176.25073 -5.227000000000001 -5.7059999999999995
310.80969384553 45.3563645402 0.0396 0.0405 12.3843 "" "" 2070400774735123328 2379.18262 0.4051 0.0464 -6.571 -9.579 0.052 0.054 1.001 "" "" 16.748827 1.56558 17.465462 15.899881 "" "" 2136.90991 2670.62012 3761.97221 2.2278 1410.0 7.8735 3461.0 9.1336 "" "" 0.002829344232528627 0.0066740215 0.0047427276 0.011416749 310.80969384553 45.3563645402 2379.18262 -6.571 -9.579
310.62481111487 45.39053792519 0.0379 0.0406 7.8788 "" "" 2070403145556928896 2373.19238 0.401 0.0451 -2.012 -2.906 0.051 0.052 0.998 4990.6 4.2724 16.75098 1.585028 17.49229 15.907263 "" "" 2135.22632 2679.95044 3754.52194 2.0997 1375.6 11.167 3437.6 6.582 "" "" 0.0028214310104612626 0.009245003 0.0043133995 0.013558403 310.62481111487 45.39053792519 2373.19238 -2.012 -2.9059999999999997
310.61867944724 45.80874028961 0.0385 0.0416 17.2334 "" "" 2070448603491527168 2821.78125 0.336 0.0457 -1.745 -2.447 0.047 0.048 1.003 6693.5 4.2687 16.751665 1.747303 17.589605 15.842302 "" "" 2507.28735 3160.49194 3752.15614 2.2082 1257.7 10.287 3649.5 8.6333 "" "" 0.0028284403001538738 0.009308481 0.004569525 0.013878006 310.61867944724 45.80874028961 2821.78125 -1.7449999999999999 -2.447
310.50658734097 45.59737164182 0.0389 0.04 7.0061 "" "" 2070419122835283712 3012.65918 0.3153 0.0462 -1.745 -5.867 0.056 0.053 0.978 5108.6 3.6467 16.751675 2.149497 17.82034 15.670842 "" "" 2639.54028 3558.79834 3752.11898 2.2595 1016.9 15.537 4273.9 27.708 "" "" 0.002831832202984148 0.016821744 0.007989363 0.024811108 310.50658734097 45.59737164182 3012.65918 -1.7449999999999999 -5.866999999999999
310.21393429308 45.49955167165 0.0389 0.0468 17.6958 "" "" 2070414896587177088 2081.16846 0.4658 0.0486 2.223 -1.143 0.05 0.054 0.98 5070.1 4.3931 16.752821 1.418279 17.394596 15.976317 "" "" 1905.64478 2285.91992 3748.16306 1.9677 1505.1 12.196 3225.8 8.4142 "" "" 0.002813658515121408 0.009229688 0.004722731 0.013952419 310.21393429308 45.49955167165 2081.16846 2.223 -1.1429999999999998
310.73713350422 45.43243622721 0.0388 0.0394 6.9035 "" "" 2070401942966215424 2993.76172 0.3166 0.0458 -3.2 -4.327 0.052 0.054 1.055 9855.5 4.0424 16.75302 1.509811 17.381624 15.871813 "" "" 2597.40088 3518.98926 3747.47463 2.1208 1523.2 8.2004 3551.7 17.516 "" "" 0.002823001250052019 0.006477028 0.0065540015 0.01303103 310.73713350422 45.43243622721 2993.76172 -3.2 -4.327
310.72524946307 45.47726691954 0.0369 0.04 4.6864 "" "" 2070405310220585088 2187.24487 0.4267 0.0454 -4.921 -6.563 0.049 0.055 0.952 4941.4 4.2488 16.754162 1.64628 17.539495 15.893215 "" "" 1965.03809 2491.43799 3743.53458 2.106 1317.1 8.677 3482.3 9.3311 "" "" 0.0028222099680902156 0.00767772 0.0047694705 0.0124471905 310.72524946307 45.47726691954 2187.24487 -4.921 -6.563000000000001
310.82198344095 45.6624333468 0.0407 0.0412 11.5693 "" "" 2070431423622435712 2328.25391 0.4135 0.0475 -5.524 -7.088 0.055 0.051 1.029 7176.5 4.3432 16.755888 1.428097 17.401297 15.9732 "" "" 2128.37085 2555.05249 3737.59061 2.0212 1495.9 10.413 3235.0 9.0667 "" "" 0.0028171835403335223 0.008056425 0.0048521603 0.012908585 310.82198344095 45.6624333468 2328.25391 -5.524000000000001 -7.088000000000001
310.56432040175 45.74552637176 0.0443 0.0398 13.7403 "" "" 2070446919864257408 2603.32983 0.3668 0.0471 -4.126 -4.596 0.056 0.051 1.037 4903.2 3.8045 16.756882 1.949153 17.735334 15.786181 "" "" 2271.01416 2971.7937 3734.17003 2.174 1099.7 5.1689 3843.1 9.0871 "" "" 0.002826897081585573 0.0058162166 0.004568861 0.010385077 310.56432040175 45.74552637176 2603.32983 -4.126000000000001 -4.596000000000001
310.28417120447 45.44465501198 0.0388 0.0534 15.4096 "" "" 2070413590917138816 2560.95093 0.3819 0.0488 -1.064 -1.359 0.048 0.062 1.066 6156.1 4.3744 16.757315 1.357039 17.346642 15.989603 "" "" 2305.9751 2909.35547 3732.67779 2.199 1573.1 18.058 3186.5 17.586 "" "" 0.0028285890959675384 0.012771929 0.0070844 0.019856328 310.28417120447 45.44465501198 2560.95093 -1.064 -1.3590000000000002
310.81165096567 45.79852692097 0.0388 0.039 18.2102 "" "" 2070450768155191680 2318.90698 0.3984 0.0454 -5.21 -7.92 0.052 0.048 0.949 5240.3 4.3111 16.758389 1.450318 17.41776 15.967443 "" "" 2154.50415 2584.18018 3728.99214 2.1891 1473.4 8.0855 3252.2 8.3434 "" "" 0.0028280810948563577 0.0065790922 0.0046949196 0.011274012 310.81165096567 45.79852692097 2318.90698 -5.21 -7.919999999999999
310.32815986715 45.71447721142 0.046 0.0514 17.2654 "" "" 2070470623776652544 3024.78247 0.3167 0.0559 -0.926 -5.421 0.06 0.059 1.05 6345.6 4.2469 16.758469 1.859991 17.67644 15.816448 "" "" 2558.61548 3634.2644 3728.71744 2.5577 1161.0 7.7224 3737.5 11.421 "" "" 0.002854199003935108 0.0077420403 0.005029053 0.012771093 310.32815986715 45.71447721142 3024.78247 -0.9259999999999997 -5.420999999999999
310.98058603184 45.43705746464 0.0391 0.042 15.4557 "" "" 2070237806492404224 2758.27246 0.3262 0.0481 -2.316 -4.807 0.051 0.052 1.006 8039.2 3.8509 16.75887 2.232341 17.932648 15.700307 "" "" 2388.29614 3160.18018 3727.34145 2.6127 916.98 6.2312 4159.4 9.1554 "" "" 0.002858494434602637 0.007887922 0.00447159 0.012359512 310.98058603184 45.43705746464 2758.27246 -2.3159999999999994 -4.807
310.5587530555 45.44689496078 0.041 0.0417 5.483 "" "" 2070404451226956416 2138.06836 0.4403 0.0481 -1.52 -6.236 0.053 0.054 1.012 6045.2 4.4401 16.762 1.454656 17.42256 15.967904 "" "" 1956.09338 2418.57251 3716.61174 2.0719 1466.9 9.873 3250.8 11.943 "" "" 0.0028210167699607804 0.007822123 0.0054949643 0.013317088 310.5587530555 45.44689496078 2138.06836 -1.52 -6.236000000000001
310.74690629401 45.83986608619 0.0392 0.0437 19.6715 "" "" 2070451867666789760 2842.22632 0.3208 0.0468 -2.543 -3.334 0.048 0.054 0.937 4875.8 4.3012 16.763926 1.43521 17.310997 15.875787 "" "" 2497.91309 3213.0918 3710.02522 2.4783 1625.6 19.405 3538.7 38.425 "" "" 0.0028491770497912133 0.013257509 0.012380444 0.025637954 310.74690629401 45.83986608619 2842.22632 -2.543 -3.3340000000000005
310.4323126236 45.40851664914 0.0381 0.0475 10.857 "" "" 2070409776986271744 2236.66577 0.4247 0.0494 -2.537 -2.962 0.05 0.052 1.013 5656.3 4.4137 16.76443 1.500472 17.452534 15.952062 "" "" 2010.86804 2432.41748 3708.3007 2.0552 1426.9 7.4025 3298.6 8.2936 "" "" 0.0028202608737416504 0.006285799 0.004662164 0.010947963 310.4323126236 45.40851664914 2236.66577 -2.537 -2.9620000000000006
310.50068784242 45.46686144176 0.0402 0.0414 6.487 "" "" 2070416236617172096 2446.17749 0.3823 0.0475 -5.051 -6.796 0.052 0.053 1.016 7991.2 3.7289 16.768217 1.848065 17.665998 15.817933 "" "" 2207.63623 2752.38281 3695.38473 2.0617 1172.2 8.3602 3732.4 6.8309 "" "" 0.002821119802886908 0.008230879 0.004269917 0.0125007965 310.50068784242 45.46686144176 2446.17749 -5.051 -6.796000000000001
311.15669933104 45.51977501117 0.0399 0.0431 21.9905 "" "" 2070241276826046208 2246.56396 0.4218 0.0491 -0.964 -2.484 0.048 0.05 0.996 7101.1 4.2816 16.76835 1.441463 17.421751 15.980289 "" "" 2041.20044 2460.68457 3694.93354 2.1248 1468.0 6.9656 3214.0 8.0925 "" "" 0.002825175395850358 0.005858824 0.004664461 0.010523286 311.15669933104 45.51977501117 2246.56396 -0.964 -2.4839999999999995
310.80593314417 45.56133247443 0.0378 0.0399 7.622 "" "" 2070426510179781120 2937.6687 0.3131 0.0463 -0.782 -3.987 0.05 0.051 1.028 5870.2 4.2398 16.768599 1.558415 17.477186 15.918771 "" "" 2630.75586 3386.17773 3694.08633 2.2226 1394.9 9.4626 3401.3 11.581 "" "" 0.0028316997219386356 0.007876104 0.0052867783 0.013162882 310.80593314417 45.56133247443 2937.6687 -0.7819999999999996 -3.987
310.73427417616 45.51129388688 0.0372 0.0389 4.2781 "" "" 2070428777922417792 2260.6106 0.4295 0.0453 -3.013 -4.175 0.049 0.054 0.966 8961.9 4.4855 16.77002 1.592464 17.518675 15.92621 "" "" 2073.16382 2532.44751 3689.25717 2.1236 1342.6 8.0075 3378.1 10.637 "" "" 0.002825309710228938 0.0070510563 0.005096251 0.012147307 310.73427417616 45.51129388688 2260.6106 -3.0129999999999995 -4.175000000000001
310.14915547745 45.42629945689 0.0366 0.0471 21.1714 "" "" 2070413109880725888 2353.6521 0.401 0.0464 -2.973 -4.586 0.049 0.06 1.024 "" "" 16.771732 1.852737 17.677134 15.824397 "" "" 2143.67432 2611.53833 3683.4426 2.231 1160.3 5.7287 3710.2 6.8476 "" "" 0.0028327095439209028 0.006043231 0.00427775 0.010320981 310.14915547745 45.42629945689 2353.6521 -2.973 -4.586
310.81578770031 45.3361890603 0.0398 0.0429 13.5183 "" "" 2070213067480310400 2441.13354 0.406 0.0479 -6.519 -5.357 0.053 0.056 1.033 "" "" 16.771906 1.591354 17.50322 15.911865 "" "" 2141.5874 2742.37061 3682.85415 2.1949 1361.8 9.2921 3423.0 10.137 "" "" 0.002830281840870761 0.0079164095 0.0049620694 0.012878479 310.81578770031 45.3361890603 2441.13354 -6.518999999999998 -5.356999999999999
310.21345938038 45.68840395793 0.0481 0.0485 20.2749 "" "" 2070469666012105856 2221.57227 0.4371 0.0562 -2.196 -2.983 0.062 0.058 1.077 4888.7 3.5872 16.778227 2.433503 18.097218 15.663714 "" "" 1955.07898 2526.25537 3661.47437 2.5632 788.01 7.7896 4302.0 9.5411 "" "" 0.0028582316915845797 0.011089419 0.0044813035 0.0155707225 310.21345938038 45.68840395793 2221.57227 -2.1960000000000006 -2.9830000000000005
