Clusters/LP_1768/LP_1768_stars_in_region.tsv
# %ECSV 1.0
# ---
# datatype:
# - name: RA_ICRS_1
#   unit: deg
#   datatype: float64
#   format: '{:15.11f}'
#   description: Right ascension (ICRS) at Ep=2016.0 (ra)
#   meta: !!omap
#   - {ucd: POS_EQ_RA_MAIN}
#   - {width: 15}
#   - {precision: '11'}
# - name: DE_ICRS_1
#   unit: deg
#   datatype: float64
#   format: '{:15.11f}'
#   description: Declination (ICRS) at Ep=2016.0 (dec)
#   meta: !!omap
#   - {ucd: POS_EQ_DEC_MAIN}
#   - {width: 15}
#   - {precision: '11'}
# - name: e_RA_ICRS
#   unit: mas
#   datatype: float64
#   format: '{:7.4f}'
#   description: Standard error of right ascension (ra_error)
#   meta: !!omap
#   - {ucd: ERROR}
#   - {width: 7}
#   - {precision: '4'}
# - name: e_DE_ICRS
#   unit: mas
#   datatype: float64
#   format: '{:7.4f}'
#   description: Standard error of declination (dec_error)
#   meta: !!omap
#   - {ucd: ERROR}
#   - {width: 7}
#   - {precision: '4'}
# - name: _r_1
#   unit: ''
#   datatype: float64
#   format: '{:7.4f}'
#   description: Distance from center (310.63360807000+45.52170584000)[ICRS], at Epoch=J2016.0
#   meta: !!omap
#   - {ucd: POS_ANG_DIST_GENERAL}
#   - {width: 7}
#   - {precision: '4'}
# - name: HIP
#   datatype: int32
#   description: '? HIP cross-id number, van Leeuwen, Cat. I/311 (hip_original_ext_source_id)'
#   meta: !!omap
#   - {ucd: ID_NUMBER}
#   - {width: 6}
#   - values: {'null': -2147483648}
# - name: TYC2
#   datatype: string
#   description: Tycho-2 cross-id name, Hog et al., Cat. I/259 (tyc2_original_ext_source_id)
#   meta: !!omap
#   - {ucd: ID_CROSSID}
#   - {_votable_string_dtype: char}
# - name: Source
#   datatype: int64
#   description: Source identifier, identical to the Gaia-EDR3 source_id (id)
#   meta: !!omap
#   - {ucd: ID_MAIN}
#   - {width: 19}
# - name: rgeo
#   unit: pc
#   datatype: float64
#   format: '{:15.8f}'
#   description: '? Median of the geometric distance posterior (r_med_geo)'
#   meta: !!omap
#   - {ucd: PHYS_DISTANCE_TRUE}
#   - {width: 15}
#   - {precision: '8'}
#   - values: {'null': .nan}
# - name: Plx
#   unit: mas
#   datatype: float64
#   format: '{:9.4f}'
#   description: '? Parallax (parallax)'
#   meta: !!omap
#   - {ucd: POS_PARLX_TRIG}
#   - {width: 9}
#   - {precision: '4'}
#   - values: {'null': .nan}
# - name: e_Plx
#   unit: mas
#   datatype: float32
#   format: '{:7.4f}'
#   description: '? Standard error of parallax (parallax_error)'
#   meta: !!omap
#   - {ucd: ERROR}
#   - {width: 7}
#   - {precision: '4'}
#   - values: {'null': .nan}
# - name: pmRA
#   unit: mas / yr
#   datatype: float64
#   format: '{:9.3f}'
#   description: '? Proper motion in right ascension direction, pmRA*cosDE (pmra)'
#   meta: !!omap
#   - {ucd: POS_EQ_PMRA}
#   - {width: 9}
#   - {precision: '3'}
#   - values: {'null': .nan}
# - name: pmDE
#   unit: mas / yr
#   datatype: float64
#   format: '{:9.3f}'
#   description: '? Proper motion in declination direction (pmdec)'
#   meta: !!omap
#   - {ucd: POS_EQ_PMDEC}
#   - {width: 9}
#   - {precision: '3'}
#   - values: {'null': .nan}
# - name: e_pmRA
#   unit: mas / yr
#   datatype: float32
#   format: '{:6.3f}'
#   description: '? Standard error of proper motion in right ascension direction (pmra_error)'
#   meta: !!omap
#   - {ucd: ERROR}
#   - {width: 6}
#   - {precision: '3'}
#   - values: {'null': .nan}
# - name: e_pmDE
[...]
#         value: !astropy.table.SerializedColumn {name: SkyCoord.dec}
#       distance: !astropy.table.SerializedColumn
#         __class__: astropy.coordinates.distances.Distance
#         unit: !astropy.units.Unit {unit: pc}
#         value: !astropy.table.SerializedColumn {name: SkyCoord.distance}
#       frame: icrs
#       obstime: !astropy.time.Time {format: jyear_str, in_subfmt: '*', jd1: 367701545.0, jd2: 0.0, out_subfmt: '*', precision: 3, scale: tt}
#       pm_dec: !astropy.table.SerializedColumn
#         __class__: astropy.units.quantity.Quantity
#         unit: !astropy.units.Unit {unit: mas / yr}
#         value: !astropy.table.SerializedColumn {name: SkyCoord.pm_dec}
#       pm_ra_cosdec: !astropy.table.SerializedColumn
#         __class__: astropy.units.quantity.Quantity
#         unit: !astropy.units.Unit {unit: mas / yr}
#         value: !astropy.table.SerializedColumn {name: SkyCoord.pm_ra_cosdec}
#       ra: !astropy.table.SerializedColumn
#         __class__: astropy.coordinates.angles.Longitude
#         unit: *id001
#         value: !astropy.table.SerializedColumn {name: SkyCoord.ra}
#         wrap_angle: !astropy.coordinates.Angle
#           unit: *id001
#           value: 360.0
#       representation_type: spherical
# schema: astropy-2.0
RA_ICRS_1 DE_ICRS_1 e_RA_ICRS e_DE_ICRS _r_1 HIP TYC2 Source rgeo Plx e_Plx pmRA pmDE e_pmRA e_pmDE RUWE Teff logg Gmag BP-RP BPmag RPmag RV e_RV b_rgeo B_rgeo FG e_FG FBP e_FBP FRP e_FRP RAVE5 RAVE6 e_Gmag e_BPmag e_RPmag e_BP-RP SkyCoord.ra SkyCoord.dec SkyCoord.distance SkyCoord.pm_ra_cosdec SkyCoord.pm_dec rmRA rmDE e_rmRA e_rmDE rRV e_rRV v_pec v_pec3d e_vpec e_vpec3d
310.60382464152 45.81227155227 0.0091 0.0098 17.4786 "" 3574-3272-1 2070448637851252352 2115.75757 0.4533 0.011 -2.116 -3.092 0.012 0.011 1.033 "" "" 9.923804 1.702924 10.745782 9.042858 -22.04 0.16 2062.90063 2159.67261 2020342.88572 463.17 687230.0 386.16 1914300.0 567.09 "" "" 0.00276654022651866 0.0028560902 0.0037930433 0.0066491337 310.60382464152 45.81227155227 2115.75757 -2.116000000000001 -3.0919999999999996 1.0373334255218505 1.8056664543151855 0.20967874 0.20867875 "" "" 20.883992032814454 "" 4.363236826237101 ""
310.93042317224 45.75596493078 0.0111 0.0126 18.7776 "" 3574-2260-1 2070438192491005952 2039.1106 0.4511 0.0136 -0.93 0.266 0.014 0.015 0.969 "" "" 10.676752 2.484653 12.033404 9.548752 -47.3 0.16 1985.85474 2094.87695 1009824.66407 335.43 209920.0 236.78 1201300.0 746.37 "" "" 0.002778822485637513 0.0030471035 0.0038391107 0.006886214 310.93042317224 45.75596493078 2039.1106 -0.93 0.2660000000000001 2.2233334255218504 5.163666454315186 0.21167874 0.21267875 "" "" 54.33860005142087 "" 11.54818369934879 ""
310.65072928727 45.27122465708 0.0195 0.0228 15.0462 "" "" 2070398472635896320 2781.8623 0.3357 0.0249 -3.137 -4.706 0.026 0.03 1.476 6293.0 1.5839 11.028363 1.46814 11.689057 10.220918 "" "" 2609.2019 2997.20264 730468.3221 211.5 288270.0 253.62 646830.0 297.1 "" "" 0.0027731956917092433 0.002949155 0.003812142 0.0067612967 310.65072928727 45.27122465708 2781.8623 -3.1369999999999996 -4.705999999999996 0.016333425521850575 0.19166645431518514 0.22367874 0.22767875 "" "" 2.5364793232947482 "" 0.5774299199482704 ""
310.47341077892 45.86035869822 0.0099 0.0106 21.3997 "" 3574-2932-1 2070495332737400832 2783.83594 0.3289 0.0118 -2.328 -3.547 0.014 0.014 0.877 6217.0 2.2362 11.052293 0.977408 11.444389 10.466981 -39.67 5.37 2681.28394 2866.90967 714545.1712 847.08 361130.0 1293.5 515660.0 2389.0 "" "" 0.0030411292817142353 0.004786295 0.006291715 0.011078009 310.47341077892 45.86035869822 2783.83594 -2.3280000000000016 -3.5470000000000024 0.8253334255218507 1.3506664543151854 0.21167874 0.21167874 "" "" 20.886565270698775 "" 4.421241889658821 ""
310.41111458045 45.65498690139 0.0125 0.0133 12.2974 "" "" 2070422558809063296 2101.01196 0.4524 0.0144 -5.44 -10.687 0.015 0.016 0.982 4550.9 1.8808 11.196514 1.959654 12.183806 10.224153 -17.56 0.17 2006.81458 2169.56543 625664.14622 218.18 182770.0 160.05 644910.0 370.52 "" "" 0.0027812117536685802 0.0029477128 0.0038305141 0.006778227 310.41111458045 45.65498690139 2101.01196 -5.440000000000002 -10.687000000000001 -2.28666657447815 -5.789333545684814 0.21267875 0.21367875 "" "" 61.989191309907206 "" 13.237423957486442 ""
310.35697633965 45.69431689255 0.0131 0.0141 15.559 "" "" 2070423658320662656 2249.30493 0.4265 0.0161 -0.435 -3.045 0.017 0.017 0.95 4727.6 1.7761 11.39832 2.187161 12.539406 10.352245 -55.51 0.22 2167.78076 2335.81348 519539.43702 174.27 131720.0 152.13 573140.0 273.4 "" "" 0.0027792848011896887 0.0030590016 0.003814704 0.0068737054 310.35697633965 45.69431689255 2249.30493 -0.43500000000000005 -3.045 2.7183334255218505 1.8526664543151856 0.21467875 0.21467875 "" "" 35.07313723994336 "" 7.529457241682205 ""
310.37950128367 45.37870960984 0.0122 0.0149 13.7118 "" "" 2070409875763121152 2170.70605 0.4371 0.0156 -1.067 -2.232 0.017 0.017 0.887 "" "" 11.503991 2.468624 12.844828 10.376204 -24.43 0.22 2104.90283 2228.5022 471357.33981 156.65 99423.0 112.51 560630.0 275.19 "" "" 0.0027788466602699994 0.0030487098 0.003816773 0.006865483 310.37950128367 45.37870960984 2170.70605 -1.067 -2.232000000000002 2.0863334255218504 2.6656664543151853 0.21467875 0.21467875 "" "" 34.82927794323654 "" 7.477105832825355 ""
310.93913771604 45.33643542718 0.0175 0.0192 17.0024 "" 3574-1650-1 2070235366950734336 2184.76929 0.4163 0.0214 -1.009 -3.459 0.023 0.025 1.35 "" "" 11.544596 0.70234 11.805017 11.102676 "" "" 2083.51392 2307.97607 454055.19362 236.22 259070.0 271.71 287140.0 477.23 "" "" 0.002812622216106375 0.003013587 0.0041880747 0.007201662 310.93913771604 45.33643542718 2184.76929 -1.0089999999999995 -3.459000000000002 2.1443334255218507 1.4386664543151855 0.22067875 0.22267875 "" "" 26.741104596271224 "" 5.917846383932246 ""
310.82690752726 45.61348581068 0.0137 0.0146 9.8106 "" 3574-1309-1 2070431011305554688 2740.53418 0.3397 0.0165 -2.428 -3.513 0.018 0.019 1.339 15151.8 2.6225 11.60929 1.956905 12.558825 10.601919 "" "" 2619.76099 2877.87817 427789.96167 1994.1 129390.0 1867.7 455400.0 6846.2 "" "" 0.005762466225303722 0.015918659 0.016754122 0.03267278 310.82690752726 45.61348581068 2740.53418 -2.428 -3.513 0.7253334255218506 1.3846664543151856 0.21567875 0.21667874 "" "" 20.305407870469818 "" 4.395386037432193 ""
310.62581935809 45.61194824692 0.0179 0.018 5.4244 "" 3574-1459-1 2070442040781393408 2073.15186 0.4434 0.0204 -3.168 -4.624 0.024 0.024 1.848 "" "" 11.704614 1.202252 12.216686 11.014434 -28.58 0.5 1998.75439 2180.21997 391833.17461 56.715 177310.0 120.77 311450.0 97.128 "" "" 0.0027597982323353067 0.0028865098 0.0037945188 0.0066810288 310.62581935809 45.61194824692 2073.15186 -3.168000000000003 -4.624 -0.014666574478149563 0.2736664543151859 0.22167875 0.22167875 "" "" 2.6931083006552936 "" 0.5970048782751447 ""
310.67827170269 45.65815901306 0.0111 0.0113 8.3992 "" "" 2070442556177538816 2762.76123 0.3328 0.0125 -4.301 -5.789 0.015 0.015 1.235 "" "" 11.920713 1.122033 12.388055 11.266022 -30.95 7.99 2691.70703 2842.28101 321115.48757 55.363 151420.0 94.02 247030.0 66.13 "" "" 0.002761671505553086 0.0028704593 0.0037905416 0.0066610007 310.67827170269 45.65815901306 2762.76123 -4.301 -5.789 -1.1476665744781496 -0.8913335456848142 0.21267875 0.21267875 "" "" 19.02956963920714 "" 4.047184996158888 ""
310.79854587158 45.86637519294 0.0156 0.016 21.8048 "" "" 2070451279246288384 2741.69019 0.3449 0.0184 -6.603 -8.132 0.021 0.02 1.147 "" "" 11.993935 2.86217 13.63734 10.775169 -24.55 0.22 2594.28174 2926.33203 300173.99305 107.72 47916.0 104.35 388230.0 311.64 "" "" 0.002782732035095815 0.003657298 0.0038785709 0.007535869 310.79854587158 45.86637519294 2741.69019 -6.603 -8.132000000000001 -3.449666574478149 -3.234333545684814 0.21867874 0.21767874 "" "" 61.453047897224735 "" 13.409761451339673 ""
310.66858851021 45.35916622768 0.0112 0.0115 9.8629 "" "" 2070400083235839360 2689.66772 0.3614 0.0133 -2.202 -5.851 0.015 0.015 0.948 "" "" 12.113132 2.51266 13.488408 10.975748 -27.07 0.27 2606.30273 2772.99805 268963.71135 59.806 54961.0 54.251 322740.0 110.92 "" "" 0.0027658766392877226 0.0029889147 0.0037977581 0.006786673 310.66858851021 45.35916622768 2689.66772 -2.201999999999999 -5.851000000000001 0.9513334255218506 -0.9533335456848144 0.21267875 0.21267875 "" "" 17.170433698058893 "" 3.65178629668791 ""
310.49875825077 45.57065025474 0.0104 0.011 6.3822 "" "" 2070418981091932544 2168.95312 0.4503 0.0125 -3.773 -4.039 0.014 0.014 1.301 4834.2 2.0078 12.140469 1.446698 12.800718 11.35402 3.54 2.22 2111.05273 2245.06665 262276.43924 30.107 103550.0 52.835 227800.0 42.666 "" "" 0.0027581375511185943 0.0028446342 0.0037848488 0.006629483 310.49875825077 45.57065025474 2168.95312 -3.772999999999999 -4.038999999999995 -0.6196665744781495 0.8586664543151858 0.21167874 0.21167874 "" "" 10.886503084950231 "" 2.3044412926334474 ""
310.38279418714 45.56447168304 0.0087 0.0111 10.8476 "" "" 2070420595996628480 2060.32837 0.4786 0.0115 -3.016 -7.523 0.012 0.012 1.124 "" "" 12.211677 1.532628 12.917838 11.38521 8.24 5.75 2016.91528 2096.52344 245627.02211 82.608 92957.0 112.62 221350.0 183.36 "" "" 0.002779410600041742 0.003084692 0.0038849239 0.006969616 310.38279418714 45.56447168304 2060.32837 -3.015999999999998 -7.522999999999996 0.13733342552185057 -2.625333545684814 0.20967874 0.20967874 "" "" 25.673948623568084 "" 5.383281180481773 ""
310.70202006429 45.38572383306 0.0187 0.0192 8.6521 "" "" 2070401388905896832 2850.26831 0.3483 0.0218 -3.843 -5.005 0.024 0.025 1.056 "" "" 12.220802 3.223786 14.154265 10.930479 -43.05 0.2 2666.8147 3033.38232 243571.08966 139.31 29765.0 95.11 336490.0 422.3 "" "" 0.0028244311519031295 0.0044521056 0.0040175174 0.008469623 310.70202006429 45.38572383306 2850.26831 -3.843000000000001 -5.005000000000003 -0.6896665744781494 -0.10733354568481435 0.22167875 0.22267875 "" "" 9.42974846152873 "" 2.0905983282387104 ""
310.97813235279 45.5803205188 0.0111 0.0126 14.8968 "" "" 2070427330508355072 2202.7522 0.4552 0.0141 2.327 -2.689 0.016 0.017 1.249 4737.1 2.2913 12.318471 2.064645 13.374143 11.309498 7.02 0.43 2130.15552 2276.25439 222617.05452 34.427 61060.0 50.326 237330.0 64.042 "" "" 0.0027604314287553834 0.0029301604 0.0037907206 0.006720881 310.97813235279 45.5803205188 2202.7522 2.3270000000000004 -2.689 5.4803334255218505 2.2086664543151855 0.21367875 0.21467875 "" "" 61.69258656477182 "" 13.191032139293794 ""
310.74675925657 45.28964960388 0.0096 0.0106 14.7166 "" "" 2070398713150331392 2537.72705 0.3819 0.0117 -3.358 -4.186 0.013 0.014 1.052 "" "" 12.325664 1.195126 12.832603 11.637476 -41.5 4.6 2472.29858 2594.37256 221147.17532 221.65 100550.0 328.95 175460.0 533.16 "" "" 0.0029624278951478657 0.0045168246 0.0050167916 0.009533616 310.74675925657 45.28964960388 2537.72705 -3.358 -4.186 -0.2046665744781495 0.7116664543151856 0.21067874 0.21167874 "" "" 8.907486315980808 "" 1.8848465607988045 ""
310.74187972291 45.54969287011 0.0118 0.0129 4.8504 "" "" 2070429185934229120 2229.90405 0.4432 0.0144 -0.719 -3.23 0.015 0.016 1.299 4564.2 1.8707 12.343058 2.269238 13.542859 11.273622 -46.66 4.0 2175.39819 2298.34448 217632.53432 51.157 52273.0 48.653 245310.0 104.54 "" "" 0.002767114726986111 0.0029675332 0.003807599 0.0067751324 310.74187972291 45.54969287011 2229.90405 -0.7189999999999999 -3.23 2.4343334255218507 1.6676664543151856 0.21267875 0.21367875 "" "" 31.188971278012765 "" 6.643209213571301 ""
310.28677691327 45.44426321582 0.0119 0.0148 15.3123 "" "" 2070413625276878720 2369.61206 0.4061 0.0151 -2.07 -3.166 0.015 0.017 1.368 "" "" 12.484283 0.752036 12.772979 12.020943 -13.11 29.05 2298.98438 2460.43872 191088.04031 27.233 106220.0 60.778 123250.0 34.805 "" "" 0.0027596615865493296 0.0028584953 0.0037917981 0.0066502932 310.28677691327 45.44426321582 2369.61206 -2.0700000000000003 -3.166000000000002 1.0833334255218507 1.7316664543151856 0.21267875 0.21467875 "" "" 22.942583300936555 "" 4.912421454020939 ""
310.68367540669 45.45253673689 0.01 0.0113 4.6539 "" "" 2070405138421855488 2188.29639 0.4484 0.0124 -0.581 -2.737 0.014 0.016 1.006 "" "" 12.487133 2.435741 13.806226 11.370485 -72.17 0.27 2134.94287 2246.7373 190587.12422 49.515 41013.0 57.283 224370.0 104.74 "" "" 0.002769721425836809 0.0031756375 0.003813216 0.006988853 310.68367540669 45.45253673689 2188.29639 -0.5809999999999997 -2.7369999999999983 2.5723334255218506 2.1606664543151854 0.21167874 0.21367875 "" "" 34.84516743300013 "" 7.404890007340244 ""
310.8618660256 45.74938265471 0.0101 0.0112 16.6828 "" "" 2070438673527297920 2542.04785 0.3776 0.0124 -2.567 -3.635 0.013 0.013 1.161 "" "" 12.524138 0.845036 12.854506 12.00947 -30.39 19.58 2468.09692 2629.82007 184200.91203 25.232 98540.0 76.456 124560.0 37.707 "" "" 0.0027593311783891024 0.0029145672 0.0037936466 0.006708214 310.8618660256 45.74938265471 2542.04785 -2.567 -3.635 0.5863334255218504 1.2626664543151858 0.21067874 0.21067874 "" "" 16.774580256396664 "" 3.5340474548551652 ""
310.65166831568 45.40798068606 0.0094 0.0097 6.8657 "" "" 2070404584361564288 2153.94482 0.4558 0.011 -5.089 -2.076 0.012 0.013 1.129 4858.5 2.5756 12.665484 1.940649 13.63711 11.696461 -18.36 0.51 2109.27686 2201.95605 161716.01267 25.589 47926.0 35.831 166180.0 47.434 "" "" 0.002760671085348205 0.0029058484 0.0037920668 0.0066979155 310.65166831568 45.40798068606 2153.94482 -5.089 -2.076 -1.9356665744781498 2.8216664543151855 0.20967874 0.21067874 "" "" 34.93538416902381 "" 7.348981336362019 ""
310.59406542061 45.81355503133 0.0082 0.0088 17.5893 "" "" 2070448637851823232 2133.66821 0.4609 0.0099 -9.229 -11.639 0.011 0.011 0.986 "" "" 12.666899 1.552562 13.390923 11.838362 -76.54 0.67 2094.87134 2172.93433 161505.50593 21.898 60124.0 42.644 145820.0 45.341 "" "" 0.002759250006951644 0.002894489 0.00379443 0.006688919 310.59406542061 45.81355503133 2133.66821 -9.229 -11.639000000000006 -6.075666574478149 -6.741333545684814 0.20867875 0.20867875 "" "" 91.78285393757858 "" 19.15313143157235 ""
310.21929296482 45.67811764009 0.0094 0.0097 19.7632 "" "" 2070469592983020544 2223.06372 0.4402 0.0112 -2.57 -4.349 0.012 0.012 0.954 "" "" 12.744104 1.851075 13.654848 11.803773 -29.57 6.35 2165.78979 2277.67944 150419.85901 36.438 47150.0 43.953 150540.0 79.376 "" "" 0.00276784466818827 0.0029680687 0.0038224943 0.006790563 310.21929296482 45.67811764009 2223.06372 -2.5700000000000007 -4.349 0.5833334255218507 0.5486664543151853 0.20967874 0.20967874 "" "" 8.438498829147182 "" 1.769373796158677 ""
310.35180773011 45.50528728774 0.0094 0.0117 11.889 "" "" 2070419981828553344 2133.06079 0.4609 0.0121 -0.449 -0.456 0.012 0.014 1.031 "" "" 12.777318 1.932692 13.745509 11.812817 -54.54 0.43 2081.46704 2184.81812 145887.94432 23.252 43372.0 34.551 149290.0 60.931 "" "" 0.00276074896162839 0.0029211526 0.0038052716 0.006726424 310.35180773011 45.50528728774 2133.06079 -0.44900000000000007 -0.4560000000000004 2.7043334255218507 4.441666454315185 0.20967874 0.21167874 "" "" 52.57745185918412 "" 11.101188162910521 ""
310.3442991282 45.44887276063 0.0095 0.0114 12.9307 "" "" 2070411009629626752 2258.65112 0.4362 0.0122 -5.279 -7.906 0.012 0.014 1.064 5234.2 2.4307 12.78772 2.094094 13.860763 11.766668 -16.1 0.57 2197.34839 2310.2937 144496.97888 27.346 39004.0 30.859 155770.0 45.465 "" "" 0.0027629711277236523 0.0029194078 0.0037926442 0.006712052 310.3442991282 45.44887276063 2258.65112 -5.279000000000002 -7.906000000000006 -2.1256665744781493 -3.008333545684814 0.20967874 0.21167874 "" "" 39.43609283467806 "" 8.321600301700508 ""
310.64474884904 45.7698266875 0.0262 0.0255 14.8946 "" "" 2070445545474813440 2409.50293 0.3966 0.0286 -2.985 -3.925 0.036 0.033 2.383 "" "" 12.80656 1.13262 13.271987 12.139367 "" "" 2248.76929 2597.66357 142011.18998 39.258 67084.0 46.513 110510.0 32.291 "" "" 0.002771619728507789 0.0028899405 0.0037926738 0.0066826143 310.64474884904 45.7698266875 2409.50293 -2.984999999999998 -3.924999999999998 0.1683334255218507 0.9726664543151857 0.23367874 0.23067874 "" "" 11.274000307686038 "" 2.6016619109534065 ""
310.71477313721 45.53713574844 0.023 0.0247 3.535 "" "" 2070429087160059904 2315.42725 0.4146 0.0268 -0.998 -1.425 0.031 0.031 2.581 9474.5 3.5903 12.861602 0.594665 13.082137 12.487473 "" "" 2176.39111 2462.71558 134991.43238 25.769 79903.0 52.74 80199.0 29.564 "" "" 0.0027631044394487362 0.0028807328 0.0038005153 0.006681248 310.71477313721 45.53713574844 2315.42725 -0.9980000000000001 -1.4249999999999998 2.1553334255218504 3.4726664543151857 0.22867875 0.22867875 "" "" 44.857089363838085 "" 10.25786303516646 ""
310.8649739141 45.23795791009 0.0105 0.0114 19.6194 "" "" 2070211276471514880 2163.81885 0.444 0.013 -4.381 -5.353 0.014 0.014 1.02 10813.8 3.566 12.886685 0.79857 13.196635 12.398066 "" "" 2102.25464 2231.60693 131908.39001 22.293 71906.0 41.657 87083.0 26.093 "" "" 0.002761423405028407 0.0028601894 0.0037933576 0.0066535473 310.8649739141 45.23795791009 2163.81885 -4.381 -5.353 -1.2276665744781496 -0.4553335456848142 0.21167874 0.21167874 "" "" 13.42972773083906 "" 2.8427878897635477 ""
310.687336819 45.35245283822 0.0125 0.0132 10.4041 "" "" 2070399881381825920 2518.50269 0.384 0.015 -0.497 -2.511 0.017 0.018 1.182 "" "" 12.92313 1.822189 13.812392 11.990203 -28.14 1.84 2423.84668 2651.97021 127554.21296 22.357 40781.0 29.025 126790.0 46.602 "" "" 0.002761884176002541 0.002895201 0.0038003922 0.0066955932 310.687336819 45.35245283822 2518.50269 -0.4970000000000009 -2.5110000000000006 2.6563334255218507 2.3866664543151854 0.21467875 0.21567875 "" "" 42.6299427428277 "" 9.170809221976645 ""
