Clusters/LP_1768/LP_1768_stars_in_region.tsv
# %ECSV 1.0
# ---
# datatype:
# - name: RA_ICRS_1
#   unit: deg
#   datatype: float64
#   format: '{:15.11f}'
#   description: Right ascension (ICRS) at Ep=2016.0 (ra)
#   meta: !!omap
#   - {ucd: POS_EQ_RA_MAIN}
#   - {width: 15}
#   - {precision: '11'}
# - name: DE_ICRS_1
#   unit: deg
#   datatype: float64
#   format: '{:15.11f}'
#   description: Declination (ICRS) at Ep=2016.0 (dec)
#   meta: !!omap
#   - {ucd: POS_EQ_DEC_MAIN}
#   - {width: 15}
#   - {precision: '11'}
# - name: e_RA_ICRS
#   unit: mas
#   datatype: float64
#   format: '{:7.4f}'
#   description: Standard error of right ascension (ra_error)
#   meta: !!omap
#   - {ucd: ERROR}
#   - {width: 7}
#   - {precision: '4'}
# - name: e_DE_ICRS
#   unit: mas
#   datatype: float64
#   format: '{:7.4f}'
#   description: Standard error of declination (dec_error)
#   meta: !!omap
#   - {ucd: ERROR}
#   - {width: 7}
#   - {precision: '4'}
# - name: _r_1
#   unit: ''
#   datatype: float64
#   format: '{:7.4f}'
#   description: Distance from center (310.63360807000+45.52170584000)[ICRS], at Epoch=J2016.0
#   meta: !!omap
#   - {ucd: POS_ANG_DIST_GENERAL}
#   - {width: 7}
#   - {precision: '4'}
# - name: HIP
#   datatype: int32
#   description: '? HIP cross-id number, van Leeuwen, Cat. I/311 (hip_original_ext_source_id)'
#   meta: !!omap
#   - {ucd: ID_NUMBER}
#   - {width: 6}
#   - values: {'null': -2147483648}
# - name: TYC2
#   datatype: string
#   description: Tycho-2 cross-id name, Hog et al., Cat. I/259 (tyc2_original_ext_source_id)
#   meta: !!omap
#   - {ucd: ID_CROSSID}
#   - {_votable_string_dtype: char}
# - name: Source
#   datatype: int64
#   description: Source identifier, identical to the Gaia-EDR3 source_id (id)
#   meta: !!omap
#   - {ucd: ID_MAIN}
#   - {width: 19}
# - name: rgeo
#   unit: pc
#   datatype: float64
#   format: '{:15.8f}'
#   description: '? Median of the geometric distance posterior (r_med_geo)'
#   meta: !!omap
#   - {ucd: PHYS_DISTANCE_TRUE}
#   - {width: 15}
#   - {precision: '8'}
#   - values: {'null': .nan}
# - name: Plx
#   unit: mas
#   datatype: float64
#   format: '{:9.4f}'
#   description: '? Parallax (parallax)'
#   meta: !!omap
#   - {ucd: POS_PARLX_TRIG}
#   - {width: 9}
#   - {precision: '4'}
#   - values: {'null': .nan}
# - name: e_Plx
#   unit: mas
#   datatype: float32
#   format: '{:7.4f}'
#   description: '? Standard error of parallax (parallax_error)'
#   meta: !!omap
#   - {ucd: ERROR}
#   - {width: 7}
#   - {precision: '4'}
#   - values: {'null': .nan}
# - name: pmRA
#   unit: mas / yr
#   datatype: float64
#   format: '{:9.3f}'
#   description: '? Proper motion in right ascension direction, pmRA*cosDE (pmra)'
#   meta: !!omap
#   - {ucd: POS_EQ_PMRA}
#   - {width: 9}
#   - {precision: '3'}
#   - values: {'null': .nan}
# - name: pmDE
#   unit: mas / yr
#   datatype: float64
#   format: '{:9.3f}'
#   description: '? Proper motion in declination direction (pmdec)'
#   meta: !!omap
#   - {ucd: POS_EQ_PMDEC}
#   - {width: 9}
#   - {precision: '3'}
#   - values: {'null': .nan}
# - name: e_pmRA
#   unit: mas / yr
#   datatype: float32
#   format: '{:6.3f}'
#   description: '? Standard error of proper motion in right ascension direction (pmra_error)'
#   meta: !!omap
#   - {ucd: ERROR}
#   - {width: 6}
#   - {precision: '3'}
#   - values: {'null': .nan}
# - name: e_pmDE
[...]
#         unit: &id001 !astropy.units.Unit {unit: deg}
#         value: !astropy.table.SerializedColumn {name: SkyCoord.dec}
#       distance: !astropy.table.SerializedColumn
#         __class__: astropy.coordinates.distances.Distance
#         unit: !astropy.units.Unit {unit: pc}
#         value: !astropy.table.SerializedColumn {name: SkyCoord.distance}
#       frame: icrs
#       obstime: !astropy.time.Time {format: jyear_str, in_subfmt: '*', jd1: 367701545.0, jd2: 0.0, out_subfmt: '*', precision: 3, scale: tt}
#       pm_dec: !astropy.table.SerializedColumn
#         __class__: astropy.units.quantity.Quantity
#         unit: !astropy.units.Unit {unit: mas / yr}
#         value: !astropy.table.SerializedColumn {name: SkyCoord.pm_dec}
#       pm_ra_cosdec: !astropy.table.SerializedColumn
#         __class__: astropy.units.quantity.Quantity
#         unit: !astropy.units.Unit {unit: mas / yr}
#         value: !astropy.table.SerializedColumn {name: SkyCoord.pm_ra_cosdec}
#       ra: !astropy.table.SerializedColumn
#         __class__: astropy.coordinates.angles.Longitude
#         unit: *id001
#         value: !astropy.table.SerializedColumn {name: SkyCoord.ra}
#         wrap_angle: !astropy.coordinates.Angle
#           unit: *id001
#           value: 360.0
#       representation_type: spherical
# schema: astropy-2.0
RA_ICRS_1 DE_ICRS_1 e_RA_ICRS e_DE_ICRS _r_1 HIP TYC2 Source rgeo Plx e_Plx pmRA pmDE e_pmRA e_pmDE RUWE Teff logg Gmag BP-RP BPmag RPmag RV e_RV b_rgeo B_rgeo FG e_FG FBP e_FBP FRP e_FRP RAVE5 RAVE6 e_Gmag e_BPmag e_RPmag e_BP-RP SkyCoord.ra SkyCoord.dec SkyCoord.distance SkyCoord.pm_ra_cosdec SkyCoord.pm_dec
[from data line 936]
310.48307077576 45.75758366824 0.037 0.0372 15.4977 "" "" 2070447503979771776 2028.13867 0.4685 0.0409 -3.882 -2.199 0.049 0.05 0.935 5008.3 4.3862 16.508707 1.291448 17.082304 15.790856 "" "" 1892.21814 2186.56665 4693.1427 2.3656 2006.8 8.4989 3826.6 9.2554 "" "" 0.002809144740095879 0.005378477 0.0046021705 0.009980647 310.48307077576 45.75758366824 2028.13867 -3.8819999999999997 -2.199
310.43405605179 45.33263594033 0.0321 0.0403 14.1173 "" "" 2070397781130988288 2644.14941 0.3526 0.043 -2.218 -3.783 0.043 0.044 1.022 "" "" 16.509085 1.613713 17.258297 15.644584 "" "" 2392.71021 2888.19775 4691.51286 2.5304 1706.5 9.5958 4378.5 16.722 "" "" 0.0028168627943919128 0.0067125554 0.005610492 0.012323048 310.43405605179 45.33263594033 2644.14941 -2.218 -3.7830000000000004
311.11198720759 45.61074982478 0.0338 0.0364 20.7924 "" "" 2070245743592039296 2549.6355 0.3605 0.0421 -5.902 -4.106 0.044 0.044 1.048 8302.0 4.1657 16.510006 1.666485 17.291641 15.625156 "" "" 2302.36597 2941.31665 4687.53695 2.6541 1654.9 8.1082 4457.5 10.582 "" "" 0.002823066433120483 0.006006907 0.004574636 0.010581544 311.11198720759 45.61074982478 2549.6355 -5.902 -4.106
310.60166934448 45.77955818658 0.0373 0.0362 15.529 "" "" 2070447091663004032 2683.47266 0.3419 0.0413 -3.064 -4.944 0.048 0.043 1.026 "" "" 16.5105 1.368987 17.125 15.756013 "" "" 2449.96558 2989.65894 4685.40235 2.5557 1929.4 9.7446 3951.4 7.9532 "" "" 0.0028182478195990608 0.0061526382 0.004365702 0.01051834 310.60166934448 45.77955818658 2683.47266 -3.0640000000000005 -4.944000000000001
311.05220968685 45.45950506166 0.0348 0.0367 17.9982 "" "" 2070238081370334848 2370.10156 0.402 0.0428 -1.677 -4.57 0.043 0.043 0.993 5052.0 4.1772 16.510807 1.639246 17.284601 15.645355 "" "" 2141.86182 2676.4126 4684.07341 2.3915 1665.6 7.6532 4375.4 11.283 "" "" 0.002810529284391332 0.005716051 0.0047034835 0.0104195345 311.05220968685 45.45950506166 2370.10156 -1.677 -4.57
310.7596574805 45.51051895976 0.035 0.0349 5.3418 "" "" 2070425857344678400 2126.16577 0.4419 0.0418 -6.933 -7.783 0.043 0.048 0.943 "" "" 16.512825 1.501123 17.202766 15.701643 "" "" 1965.86243 2300.10742 4675.37714 2.5361 1796.0 7.6175 4154.3 9.3936 "" "" 0.002817560013321331 0.005384343 0.004506767 0.00989111 310.7596574805 45.51051895976 2126.16577 -6.932999999999998 -7.783
310.59568515426 45.41546677782 0.0351 0.0353 6.571 "" "" 2070403420434821888 2052.23828 0.4907 0.0405 -6.628 -7.077 0.048 0.047 0.991 5633.7 4.5408 16.512878 1.275962 17.06856 15.792598 "" "" 1865.48865 2271.80273 4675.1502 2.4457 2032.3 7.7836 3820.5 5.9765 "" "" 0.002813252384056469 0.005007654 0.004143481 0.009151135 310.59568515426 45.41546677782 2052.23828 -6.628 -7.077
310.72745703167 45.35912267479 0.0346 0.0356 10.5247 "" "" 2070400568576638080 2436.5376 0.3833 0.041 -1.359 -1.982 0.046 0.048 0.927 8271.1 4.2324 16.513388 1.547366 17.23011 15.682744 "" "" 2224.46436 2684.31812 4672.95346 2.4589 1751.3 9.3836 4227.3 8.056 "" "" 0.0028139273882115826 0.0064519662 0.0043086987 0.010760665 310.72745703167 45.35912267479 2436.5376 -1.3590000000000002 -1.9819999999999998
310.42305880004 45.54782032957 0.0344 0.0431 8.9867 "" "" 2070417611006683392 2474.35132 0.3877 0.0444 -3.168 -4.434 0.046 0.05 1.008 9571.1 4.1721 16.51527 1.318567 17.065811 15.747244 "" "" 2240.802 2804.83447 4664.86169 2.623 2037.5 14.263 3983.5 18.308 "" "" 0.0028221439469703737 0.008096383 0.0062596975 0.01435608 310.42305880004 45.54782032957 2474.35132 -3.1680000000000006 -4.434
310.77435688309 45.8766065858 0.035 0.0376 22.0958 "" "" 2070452005106042368 2975.14502 0.3115 0.0427 -1.275 -3.441 0.047 0.044 0.981 "" "" 16.519514 2.014441 17.516998 15.502558 "" "" 2647.02075 3400.41577 4646.66348 2.5169 1344.7 7.7724 4990.4 11.63 "" "" 0.002817383115516965 0.006867896 0.0045481916 0.011416087 310.77435688309 45.8766065858 2975.14502 -1.275 -3.441
310.35989992855 45.44848534531 0.0332 0.041 12.3234 "" "" 2070411048296557184 2285.81299 0.4097 0.0417 -0.641 -1.258 0.042 0.047 0.978 7539.1 4.25 16.520937 1.329825 17.100998 15.771173 "" "" 2095.77075 2506.28955 4640.57364 2.4299 1972.5 9.3608 3896.6 7.8731 "" "" 0.002813360514910558 0.0058594863 0.00436992 0.010229407 310.35989992855 45.44848534531 2285.81299 -0.641 -1.2580000000000002
311.04787967829 45.59574009386 0.0345 0.0357 17.9617 "" "" 2070245468714108416 2179.80859 0.4356 0.0416 -3.916 -6.503 0.046 0.044 0.978 6545.4 4.2718 16.524622 1.502991 17.216667 15.713676 "" "" 2030.43774 2390.71899 4624.85315 2.1748 1773.2 10.559 4108.5 9.1503 "" "" 0.002802224042509081 0.007041682 0.0044867573 0.01152844 311.04787967829 45.59574009386 2179.80859 -3.915999999999999 -6.502999999999998
310.55253128901 45.25948173708 0.0346 0.0364 16.1001 "" "" 2070393524833632128 2278.30615 0.4144 0.0418 -1.273 -1.471 0.046 0.046 0.998 9301.1 4.2126 16.52493 1.731368 17.346941 15.615573 "" "" 2096.48193 2529.72437 4623.54455 2.5574 1572.7 8.2361 4497.1 11.048 "" "" 0.002820008442734479 0.0063336114 0.004625833 0.010959445 310.55253128901 45.25948173708 2278.30615 -1.2729999999999997 -1.471
311.08009699667 45.39079008907 0.0332 0.0365 20.3671 "" "" 2070234370518391936 2677.09448 0.3511 0.0409 -0.046 -2.603 0.043 0.044 0.975 "" "" 16.528471 1.788571 17.385729 15.597157 "" "" 2429.33179 3078.26367 4608.48954 7.7567 1517.5 13.727 4574.0 24.019 "" "" 0.0033062546706698853 0.010209994 0.006840316 0.017050311 311.08009699667 45.39079008907 2677.09448 -0.04600000000000004 -2.603
310.34569928271 45.49624354269 0.0373 0.0466 12.202 "" "" 2070414106313286272 2425.08545 0.3865 0.046 -2.823 -4.662 0.047 0.053 1.074 9225.4 3.6508 16.528671 2.256998 17.708015 15.451017 "" "" 2197.14648 2673.89648 4607.63852 4.1485 1127.7 7.1163 5233.0 13.182 "" "" 0.0029235910697469024 0.007397834 0.004665176 0.01206301 310.34569928271 45.49624354269 2425.08545 -2.8230000000000004 -4.662
310.87117931575 45.23763184493 0.0328 0.0379 19.7676 "" "" 2070211280773839872 2211.82544 0.436 0.0418 -2.282 -2.138 0.043 0.05 0.95 9261.9 4.3009 16.529673 1.405909 17.158918 15.753009 "" "" 2029.71716 2452.35254 4603.38829 2.5599 1870.0 9.1188 3962.4 9.5241 "" "" 0.002820695755244068 0.005984663 0.0045928466 0.010577509 310.87117931575 45.23763184493 2211.82544 -2.282 -2.138
310.67268351371 45.76188131077 0.0368 0.035 14.5035 "" "" 2070445304956663040 2711.87109 0.3423 0.04 -2.356 -4.427 0.051 0.044 0.97 7594.1 4.2787 16.529755 1.409818 17.163221 15.753404 "" "" 2455.28882 3047.81396 4603.04361 2.4064 1862.6 6.4871 3960.9 9.6589 "" "" 0.0028131772167010083 0.0046993843 0.0046145096 0.009313894 310.67268351371 45.76188131077 2711.87109 -2.356 -4.427
310.5096071229 45.37169567921 0.2757 0.3133 10.4046 "" "" 2070403592233406464 2448.00586 0.6634 0.3402 -1.342 -4.006 0.363 0.403 7.935 8204.6 4.0865 16.530338 1.94174 17.385315 15.443575 "" "" 1446.67456 4046.71826 4600.56844 19.693 1518.1 8.6278 5269.0 8.6915 "" "" 0.005402922660437771 0.006772057 0.0041822647 0.010954322 310.5096071229 45.37169567921 2448.00586 -1.3419999999999996 -4.006
310.59753126041 45.35589271968 0.0353 0.0356 10.0641 "" "" 2070403008117926272 2937.19214 0.3174 0.0411 -4.305 -6.685 0.045 0.046 1.026 7974.3 4.1733 16.53129 1.723477 17.317896 15.594419 "" "" 2664.15234 3405.41724 4596.53885 2.5071 1615.3 13.583 4585.5 20.382 "" "" 0.0028182414401934793 0.009546749 0.0061297384 0.015676487 310.59753126041 45.35589271968 2937.19214 -4.304999999999999 -6.684999999999999
310.14770660843 45.39730775221 0.0341 0.0427 21.7686 "" "" 2070412525765167104 2458.00537 0.3902 0.0423 -3.137 -4.779 0.045 0.051 0.984 8600.2 3.6213 16.531534 1.794709 17.392555 15.597846 "" "" 2230.09351 2782.31519 4595.50348 2.476 1508.0 8.2092 4571.1 7.2525 "" "" 0.002816734333222701 0.0065359767 0.004153453 0.01068943 310.14770660843 45.39730775221 2458.00537 -3.137 -4.779
310.88959772873 45.21883873495 0.0337 0.0381 21.1341 "" "" 2070208257116867200 2064.70532 0.4518 0.0426 0.94 1.588 0.044 0.05 1.023 5255.2 3.7003 16.531822 1.947833 17.500795 15.552962 "" "" 1933.51428 2262.55957 4594.28788 2.8535 1364.9 7.2972 4764.0 9.1123 "" "" 0.0028366413967293937 0.0064404644 0.004312371 0.010752835 310.88959772873 45.21883873495 2064.70532 0.9399999999999998 1.588
311.04605494009 45.66780863792 0.0353 0.0375 19.4085 "" "" 2070433794444524544 2933.09814 0.3173 0.0437 -3.269 -4.225 0.047 0.049 1.016 "" "" 16.534767 1.46951 17.202707 15.733197 "" "" 2602.15161 3319.56689 4581.83647 2.3776 1796.1 5.824 4035.3 9.8795 "" "" 0.0028123333158837516 0.0044921692 0.0046205646 0.009112734 311.04605494009 45.66780863792 2933.09814 -3.269 -4.2250000000000005
310.52948204618 45.49626396594 0.038 0.0361 4.6368 "" "" 2070416374056172032 3027.50537 0.3091 0.0408 -3.911 -5.393 0.051 0.048 1.002 9242.2 3.6241 16.538338 1.540055 17.242493 15.702437 "" "" 2730.82031 3462.81445 4566.79851 2.3554 1731.5 6.3967 4151.3 7.3883 "" "" 0.002811649634950883 0.0048860568 0.0042447243 0.0091307815 310.52948204618 45.49626396594 3027.50537 -3.911 -5.393000000000001
310.37411124036 45.69032609746 0.0399 0.0447 14.8662 "" "" 2070423589601199744 2217.16406 0.4165 0.0487 -5.406 -9.139 0.052 0.052 0.983 5709.0 4.5533 16.538824 1.171983 17.042904 15.870921 "" "" 2001.43677 2493.10425 4564.75017 2.4584 2080.9 8.3601 3554.6 6.465 "" "" 0.002816683437043037 0.00517803 0.0042641745 0.009442205 310.37411124036 45.69032609746 2217.16406 -5.405999999999999 -9.139
310.47853404278 45.84005401926 0.037 0.0369 20.1767 "" "" 2070448362973691008 2566.52246 0.3669 0.0416 -0.977 -2.533 0.046 0.049 0.958 6830.9 4.1842 16.53907 1.824408 17.437859 15.613451 "" "" 2321.64917 2888.1272 4563.71437 2.4273 1446.4 8.8937 4505.9 11.977 "" "" 0.0028151839781716138 0.0072356365 0.0047552614 0.011990897 310.47853404278 45.84005401926 2566.52246 -0.9769999999999998 -2.5329999999999995
311.01549157053 45.32671842004 0.0336 0.0366 19.8869 "" "" 2070232789970382976 2175.60815 0.4392 0.0409 -3.033 -4.814 0.045 0.045 1.015 7111.4 4.3315 16.541065 1.432446 17.19195 15.759503 "" "" 2005.66321 2366.5415 4555.33738 2.2619 1814.0 7.8762 3938.7 8.9644 "" "" 0.0028075663236939385 0.005477983 0.0045155426 0.009993525 311.01549157053 45.32671842004 2175.60815 -3.033 -4.814
310.9064385155 45.80052975907 0.036 0.0378 20.2674 "" "" 2070439218978672640 2206.75342 0.4196 0.0429 -0.072 0.667 0.05 0.045 1.042 4895.4 4.3268 16.543077 1.365586 17.155907 15.79032 "" "" 2017.32727 2382.77637 4546.90689 2.1228 1875.2 15.92 3828.5 8.3305 "" "" 0.0028015586980485894 0.009630678 0.004457017 0.014087696 310.9064385155 45.80052975907 2206.75342 -0.07199999999999998 0.6670000000000001
310.43799853629 45.36088514457 0.0343 0.043 12.6854 "" "" 2070397819797302912 2278.21436 0.4066 0.0467 -3.458 -7.366 0.045 0.047 1.001 "" "" 16.545382 2.178031 17.679037 15.501006 "" "" 2030.19055 2634.16968 4537.26584 2.6407 1158.2 10.562 4997.5 12.072 "" "" 0.0028268513382653884 0.010286807 0.0046002553 0.014887063 310.43799853629 45.36088514457 2278.21436 -3.458 -7.366000000000001
310.65465113084 45.32378014638 0.0373 0.037 11.9086 "" "" 2070399743942818048 2722.08374 0.3228 0.0433 -1.557 -3.689 0.049 0.049 1.028 "" "" 16.545752 2.790077 18.119171 15.329094 "" "" 2412.57935 3190.41968 4535.72175 2.8827 772.23 5.8647 5854.9 8.1459 "" "" 0.002840413938790046 0.008704903 0.0040700836 0.012774986 310.65465113084 45.32378014638 2722.08374 -1.5570000000000002 -3.689
310.56123492697 45.69921280134 0.0368 0.034 11.0751 "" "" 2070443449530662400 2253.21143 0.415 0.0401 -3.05 -0.533 0.046 0.044 0.912 5054.8 4.3476 16.549646 1.258447 17.107883 15.849437 "" "" 2071.36743 2442.89014 4519.47375 2.3238 1960.0 9.399 3625.6 7.3336 "" "" 0.002811306060334288 0.005907046 0.004371132 0.010278178 310.56123492697 45.69921280134 2253.21143 -3.05 -0.5330000000000003
310.22668222049 45.71366345331 0.0424 0.0413 20.5981 "" "" 2070470078329194240 2457.09082 0.3901 0.0458 -2.326 -4.481 0.056 0.05 0.968 7625.0 4.371 16.55015 1.530849 17.255714 15.724865 "" "" 2208.94067 2696.99756 4517.3838 2.6341 1710.5 9.0103 4066.4 10.466 "" "" 0.002827118668320855 0.0063635744 0.0047002793 0.011063853 310.22668222049 45.71366345331 2457.09082 -2.326 -4.481
310.94968772539 45.67964360139 0.0353 0.0378 16.3052 "" "" 2070434584718461184 2673.26416 0.3566 0.0436 -2.687 -4.769 0.047 0.047 0.995 6856.6 4.3308 16.551098 1.514445 17.253214 15.738769 "" "" 2372.82178 3154.72339 4513.43862 2.3196 1714.5 5.5533 4014.7 11.526 "" "" 0.002811253669124648 0.0044891397 0.0048989793 0.009388119 310.94968772539 45.67964360139 2673.26416 -2.6869999999999994 -4.769
310.39317420796 45.69812387757 0.0395 0.0456 14.6248 "" "" 2070423692680437504 2100.84692 0.4595 0.0466 -6.654 -7.242 0.049 0.053 1.005 5664.0 4.5885 16.551388 1.160277 17.045378 15.8851 "" "" 1933.00977 2298.65137 4512.23418 2.6095 2076.2 15.718 3508.5 10.958 "" "" 0.0028259594552448477 0.00868029 0.005077691 0.01375798 310.39317420796 45.69812387757 2100.84692 -6.653999999999999 -7.241999999999999
310.19681050424 45.58714006888 0.0418 0.0452 18.7668 "" "" 2070462622265725568 2182.72241 0.4368 0.0483 0.34 -4.206 0.055 0.053 1.096 4952.8 4.3532 16.552746 1.253158 17.098307 15.845149 "" "" 1985.48376 2380.71973 4506.59755 2.5224 1977.4 7.3442 3640.0 7.3274 "" "" 0.0028215401989001884 0.004903682 0.0043658474 0.00926953 310.19681050424 45.58714006888 2182.72241 0.3400000000000003 -4.206
310.96143909549 45.34720615925 0.0347 0.0391 17.3245 "" "" 2070235504389914112 2696.09741 0.329 0.0431 -5.791 -5.376 0.047 0.048 0.999 "" "" 16.553442 3.043984 18.328543 15.284558 "" "" 2471.79004 3062.61914 4503.70707 3.0087 636.8 7.7555 6100.1 12.809 "" "" 0.0028491905344292297 0.0135142 0.0044137686 0.017927969 310.96143909549 45.34720615925 2696.09741 -5.7909999999999995 -5.376000000000001
310.77757110564 45.72723018326 0.0341 0.0331 13.7316 "" "" 2070432969810658432 2158.55518 0.4384 0.0389 -3.256 -3.772 0.045 0.042 0.944 5424.0 4.4057 16.557291 1.279822 17.124662 15.84484 "" "" 2013.81897 2310.36621 4487.7643 2.1983 1930.0 6.7611 3641.0 8.2167 "" "" 0.002806179508177277 0.004717173 0.0045041307 0.009221304 310.77757110564 45.72723018326 2158.55518 -3.256 -3.771999999999999
310.22075184349 45.59645891387 0.0385 0.0441 17.9148 "" "" 2070462549238016384 2969.10254 0.308 0.046 -6.062 -7.621 0.053 0.053 0.966 7727.9 3.9305 16.558119 2.026733 17.566496 15.539763 "" "" 2628.63672 3405.48438 4484.34983 2.8359 1284.7 8.2456 4822.3 11.104 "" "" 0.002839583581199422 0.007506416 0.004531446 0.012037862 310.22075184349 45.59645891387 2969.10254 -6.062 -7.6209999999999996
310.6356315944 45.82061901653 0.0348 0.0368 17.935 "" "" 2070448706570762368 2352.83862 0.4061 0.0412 -2.572 -5.485 0.043 0.045 0.928 6304.9 3.9567 16.558329 2.103619 17.6386 15.534981 "" "" 2142.91748 2565.36084 4483.47795 2.3132 1202.2 8.5352 4843.6 7.8834 "" "" 0.0028116869668884277 0.008197784 0.0041721086 0.0123698935 310.6356315944 45.82061901653 2352.83862 -2.5720000000000005 -5.485000000000001
310.20920765288 45.63474102345 0.0352 0.04 19.0699 "" "" 2070468703939424512 2456.87109 0.393 0.0443 -0.114 -1.485 0.048 0.052 0.951 5269.5 4.4253 16.558634 1.286667 17.12262 15.835953 "" "" 2178.9043 2796.69604 4482.22149 2.5193 1933.6 10.091 3670.9 6.7607 "" "" 0.0028220913783449154 0.006315922 0.004275761 0.010591683 310.20920765288 45.63474102345 2456.87109 -0.11400000000000005 -1.4850000000000003
310.97952272197 45.41978570533 0.0336 0.0372 15.7873 "" "" 2070236329023651072 2111.73218 0.4633 0.0428 -2.173 -4.829 0.044 0.046 0.999 6689.2 4.3236 16.560091 1.370129 17.167427 15.797298 "" "" 1924.94641 2383.5083 4476.20662 2.378 1855.4 8.1779 3804.0 7.7799 "" "" 0.0028150468606622276 0.0055395113 0.0043834355 0.009922947 310.97952272197 45.41978570533 2111.73218 -2.173 -4.829
