Clusters/LP_1768/LP_1768_stars_in_region.tsv
# %ECSV 1.0
# ---
# datatype:
# - name: RA_ICRS_1
#   unit: deg
#   datatype: float64
#   format: '{:15.11f}'
#   description: Right ascension (ICRS) at Ep=2016.0 (ra)
#   meta: !!omap
#   - {ucd: POS_EQ_RA_MAIN}
#   - {width: 15}
#   - {precision: '11'}
# - name: DE_ICRS_1
#   unit: deg
#   datatype: float64
#   format: '{:15.11f}'
#   description: Declination (ICRS) at Ep=2016.0 (dec)
#   meta: !!omap
#   - {ucd: POS_EQ_DEC_MAIN}
#   - {width: 15}
#   - {precision: '11'}
# - name: e_RA_ICRS
#   unit: mas
#   datatype: float64
#   format: '{:7.4f}'
#   description: Standard error of right ascension (ra_error)
#   meta: !!omap
#   - {ucd: ERROR}
#   - {width: 7}
#   - {precision: '4'}
# - name: e_DE_ICRS
#   unit: mas
#   datatype: float64
#   format: '{:7.4f}'
#   description: Standard error of declination (dec_error)
#   meta: !!omap
#   - {ucd: ERROR}
#   - {width: 7}
#   - {precision: '4'}
# - name: _r_1
#   unit: ''
#   datatype: float64
#   format: '{:7.4f}'
#   description: Distance from center (310.63360807000+45.52170584000)[ICRS], at Epoch=J2016.0
#   meta: !!omap
#   - {ucd: POS_ANG_DIST_GENERAL}
#   - {width: 7}
#   - {precision: '4'}
# - name: HIP
#   datatype: int32
#   description: '? HIP cross-id number, van Leeuwen, Cat. I/311 (hip_original_ext_source_id)'
#   meta: !!omap
#   - {ucd: ID_NUMBER}
#   - {width: 6}
#   - values: {'null': -2147483648}
# - name: TYC2
#   datatype: string
#   description: Tycho-2 cross-id name, Hog et al., Cat. I/259 (tyc2_original_ext_source_id)
#   meta: !!omap
#   - {ucd: ID_CROSSID}
#   - {_votable_string_dtype: char}
# - name: Source
#   datatype: int64
#   description: Source identifier, identical to the Gaia-EDR3 source_id (id)
#   meta: !!omap
#   - {ucd: ID_MAIN}
#   - {width: 19}
# - name: rgeo
#   unit: pc
#   datatype: float64
#   format: '{:15.8f}'
#   description: '? Median of the geometric distance posterior (r_med_geo)'
#   meta: !!omap
#   - {ucd: PHYS_DISTANCE_TRUE}
#   - {width: 15}
#   - {precision: '8'}
#   - values: {'null': .nan}
# - name: Plx
#   unit: mas
#   datatype: float64
#   format: '{:9.4f}'
#   description: '? Parallax (parallax)'
#   meta: !!omap
#   - {ucd: POS_PARLX_TRIG}
#   - {width: 9}
#   - {precision: '4'}
#   - values: {'null': .nan}
# - name: e_Plx
#   unit: mas
#   datatype: float32
#   format: '{:7.4f}'
#   description: '? Standard error of parallax (parallax_error)'
#   meta: !!omap
#   - {ucd: ERROR}
#   - {width: 7}
#   - {precision: '4'}
#   - values: {'null': .nan}
# - name: pmRA
#   unit: mas / yr
#   datatype: float64
#   format: '{:9.3f}'
#   description: '? Proper motion in right ascension direction, pmRA*cosDE (pmra)'
#   meta: !!omap
#   - {ucd: POS_EQ_PMRA}
#   - {width: 9}
#   - {precision: '3'}
#   - values: {'null': .nan}
# - name: pmDE
#   unit: mas / yr
#   datatype: float64
#   format: '{:9.3f}'
#   description: '? Proper motion in declination direction (pmdec)'
#   meta: !!omap
#   - {ucd: POS_EQ_PMDEC}
#   - {width: 9}
#   - {precision: '3'}
#   - values: {'null': .nan}
# - name: e_pmRA
#   unit: mas / yr
#   datatype: float32
#   format: '{:6.3f}'
#   description: '? Standard error of proper motion in right ascension direction (pmra_error)'
#   meta: !!omap
#   - {ucd: ERROR}
#   - {width: 6}
#   - {precision: '3'}
#   - values: {'null': .nan}
# - name: e_pmDE
[...]
#         value: !astropy.table.SerializedColumn {name: SkyCoord.dec}
#       distance: !astropy.table.SerializedColumn
#         __class__: astropy.coordinates.distances.Distance
#         unit: !astropy.units.Unit {unit: pc}
#         value: !astropy.table.SerializedColumn {name: SkyCoord.distance}
#       frame: icrs
#       obstime: !astropy.time.Time {format: jyear_str, in_subfmt: '*', jd1: 367701545.0, jd2: 0.0, out_subfmt: '*', precision: 3, scale: tt}
#       pm_dec: !astropy.table.SerializedColumn
#         __class__: astropy.units.quantity.Quantity
#         unit: !astropy.units.Unit {unit: mas / yr}
#         value: !astropy.table.SerializedColumn {name: SkyCoord.pm_dec}
#       pm_ra_cosdec: !astropy.table.SerializedColumn
#         __class__: astropy.units.quantity.Quantity
#         unit: !astropy.units.Unit {unit: mas / yr}
#         value: !astropy.table.SerializedColumn {name: SkyCoord.pm_ra_cosdec}
#       ra: !astropy.table.SerializedColumn
#         __class__: astropy.coordinates.angles.Longitude
#         unit: *id001
#         value: !astropy.table.SerializedColumn {name: SkyCoord.ra}
#         wrap_angle: !astropy.coordinates.Angle
#           unit: *id001
#           value: 360.0
#       representation_type: spherical
# schema: astropy-2.0
RA_ICRS_1 DE_ICRS_1 e_RA_ICRS e_DE_ICRS _r_1 HIP TYC2 Source rgeo Plx e_Plx pmRA pmDE e_pmRA e_pmDE RUWE Teff logg Gmag BP-RP BPmag RPmag RV e_RV b_rgeo B_rgeo FG e_FG FBP e_FBP FRP e_FRP RAVE5 RAVE6 e_Gmag e_BPmag e_RPmag e_BP-RP SkyCoord.ra SkyCoord.dec SkyCoord.distance SkyCoord.pm_ra_cosdec SkyCoord.pm_dec rmRA rmDE e_rmRA e_rmDE rRV e_rRV v_pec v_pec3d e_vpec e_vpec3d
[from data line 569]
310.64907105289 45.40095661601 0.0243 0.0247 7.2741 "" "" 2070404588665972992 2362.01074 0.3961 0.0282 -3.463 -4.241 0.033 0.033 0.988 7490.1 3.9155 15.878386 1.215461 16.378916 15.163455 "" "" 2234.15552 2548.13281 8386.72144 2.8113 3835.8 15.8 6819.9 32.965 "" "" 0.002779253048893589 0.0052712434 0.0064672977 0.011738541 310.64907105289 45.40095661601 2362.01074 -3.463 -4.241 -0.3096665744781495 0.6566664543151859 0.23067874 0.23067874 "" "" 8.128463428551587 "" 1.875063678778329 ""
310.49926853312 45.52532117453 0.0235 0.0245 5.6514 "" "" 2070416648934068480 2381.55176 0.3914 0.0281 -2.41 -4.195 0.031 0.033 1.002 8849.9 3.7684 15.879688 1.176654 16.37722 15.200566 "" "" 2239.82324 2583.20215 8376.66899 2.7932 3841.7 8.2243 6590.7 9.5229 "" "" 0.0027790036750706924 0.0036314747 0.0040920405 0.007723515 310.49926853312 45.52532117453 2381.55176 -2.41 -4.195 0.7433334255218504 0.7026664543151853 0.22867875 0.23067874 "" "" 11.546844293007943 "" 2.6514407765414583 ""
310.64895151597 45.44252464071 0.0251 0.0261 4.7945 "" "" 2070405000982862592 2379.95679 0.3957 0.0296 -3.824 -4.62 0.035 0.035 1.033 9254.9 4.1263 15.881312 1.023278 16.303438 15.28016 "" "" 2236.10889 2628.94214 8364.1482 2.6967 4111.9 9.6913 6124.8 11.164 "" "" 0.002777467788673546 0.0037859387 0.004266179 0.008052118 310.64895151597 45.44252464071 2379.95679 -3.8240000000000003 -4.620000000000001 -0.6706665744781493 0.27766645431518544 0.23267874 0.23267874 "" "" 8.188575271415726 "" 1.9053073865108774 ""
310.19889429044 45.48157468879 0.0253 0.0286 18.439 "" "" 2070414793507948416 2128.9375 0.4163 0.0303 -2.863 -7.137 0.033 0.036 0.994 "" "" 15.883795 3.236903 17.821342 14.584439 -36.68 9.54 2027.86169 2249.52319 8345.04973 4.0444 1016.0 7.3259 11625.0 11.799 "" "" 0.0028051157038181595 0.008311085 0.003936763 0.012247848 310.19889429044 45.48157468879 2128.9375 -2.8629999999999978 -7.136999999999995 0.2903334255218506 -2.239333545684814 0.23067874 0.23367874 "" "" 22.78661692164165 "" 5.323625035652847 ""
310.97151032841 45.38914981218 0.027 0.0294 16.2944 "" "" 2070236122865419648 2801.28809 0.342 0.0334 -3.418 -4.646 0.037 0.036 1.099 "" "" 15.889445 1.382509 16.509518 15.127008 "" "" 2572.47095 3117.69385 8301.73019 3.0348 3401.0 8.9858 7052.7 10.295 "" "" 0.002783760479752452 0.00400176 0.0040982384 0.008099998 310.97151032841 45.38914981218 2801.28809 -3.4180000000000015 -4.646000000000003 -0.26466657447814956 0.25166645431518564 0.23467875 0.23367874 "" "" 4.8494070116769565 "" 1.1357526462821566 ""
310.4481491913 45.62548593592 0.0286 0.0334 9.9722 "" "" 2070422283931172224 2913.6394 0.332 0.0345 -2.951 -4.241 0.04 0.042 1.096 7426.2 4.0634 15.889453 1.374395 16.493969 15.119574 "" "" 2654.5188 3226.6499 8301.66891 4.5779 3450.1 13.64 7101.1 10.242 "" "" 0.0028196200736933393 0.0051196017 0.0040909643 0.009210566 310.4481491913 45.62548593592 2913.6394 -2.9509999999999996 -4.241 0.20233342552185052 0.6566664543151859 0.23767874 0.23967874 "" "" 9.489732657563133 "" 2.2728477850895317 ""
310.89374328714 45.2116223134 0.0263 0.028 21.5961 "" "" 2070208257116866816 2919.53833 0.316 0.0325 -4.415 -5.63 0.033 0.036 0.971 "" "" 15.889841 1.643738 16.643774 15.000036 "" "" 2606.21582 3270.43701 8298.70289 5.236 3005.4 11.906 7927.6 19.561 "" "" 0.002839201374501752 0.0051269117 0.00463258 0.009759491 310.89374328714 45.2116223134 2919.53833 -4.415000000000001 -5.63 -1.2616665744781494 -0.7323335456848143 0.23067874 0.23367874 "" "" 20.187849859292207 "" 4.672244530965976 ""
310.56421531063 45.69190759314 0.0254 0.0242 10.6194 "" "" 2070443380811184640 2281.08765 0.4054 0.0285 -3.654 -4.502 0.034 0.033 1.071 7548.7 4.0348 15.890743 1.514665 16.581459 15.066794 "" "" 2140.75757 2458.58472 8291.80962 2.7794 3183.0 14.233 7454.9 8.8392 "" "" 0.002779251598070522 0.0055996 0.0039926167 0.009592216 310.56421531063 45.69190759314 2281.08765 -3.6539999999999977 -4.501999999999999 -0.5006665744781493 0.39566645431518577 0.23167875 0.23067874 "" "" 6.899765187479604 "" 1.5958799297402655 ""
310.94337441922 45.34127814814 0.025 0.0264 16.9503 "" "" 2070235470029952000 2162.75342 0.4442 0.0295 -0.903 -3.47 0.034 0.033 0.936 6950.6 4.0352 15.892799 1.38725 16.51519 15.12794 "" "" 2021.1189 2306.03735 8276.12319 2.9046 3383.3 9.5468 7046.6 10.034 "" "" 0.002781544470574674 0.0041438034 0.004083374 0.008227177 310.94337441922 45.34127814814 2162.75342 -0.9030000000000002 -3.4700000000000006 2.2503334255218506 1.4276664543151854 0.23167875 0.23067874 "" "" 27.32013099945794 "" 6.321665401147195 ""
310.68707376849 45.23570760545 0.024 0.0255 17.3072 "" "" 2070398129035091584 3009.30615 0.3124 0.0289 -2.743 -3.449 0.031 0.034 1.051 "" "" 15.895066 1.848705 16.787802 14.939096 "" "" 2771.23706 3268.36353 8258.86135 3.5736 2632.1 10.782 8385.3 7.6752 "" "" 0.0027950846950510764 0.005250313 0.0039078575 0.00915817 310.68707376849 45.23570760545 3009.30615 -2.743 -3.449 0.4103334255218507 1.4486664543151857 0.22867875 0.23167875 "" "" 21.476882555248068 "" 4.970980746853319 ""
310.49567659785 45.60199199529 0.0262 0.0261 7.5352 "" "" 2070419294633967872 2776.71143 0.332 0.0299 -2.471 -1.928 0.038 0.035 1.023 4912.1 3.41 15.896656 2.291981 17.107227 14.815247 "" "" 2592.4436 3027.48975 8246.77859 3.5214 1961.2 8.6243 9398.5 8.9279 "" "" 0.0027940519223307618 0.0055299844 0.003917583 0.009447567 310.49567659785 45.60199199529 2776.71143 -2.471 -1.927999999999999 0.6823334255218505 2.9696664543151856 0.23567875 0.23267874 "" "" 40.10405594196531 "" 9.33743134027253 ""
311.00203054989 45.41969338527 0.0249 0.0276 16.6665 "" "" 2070237737772931072 2755.02124 0.331 0.0313 -3.738 -7.435 0.032 0.034 1.044 "" "" 15.897101 1.40186 16.524065 15.122205 "" "" 2550.31006 2960.66699 8243.39797 3.0177 3355.8 12.118 7084.0 10.903 "" "" 0.002783839852943939 0.004812133 0.004132332 0.008944465 311.00203054989 45.41969338527 2755.02124 -3.7380000000000004 -7.4350000000000005 -0.5846665744781494 -2.537333545684814 0.22967875 0.23167875 "" "" 34.00281134945521 "" 7.874314252268992 ""
310.69204779733 45.81500866658 0.0251 0.0252 17.7679 "" "" 2070445889072259968 2090.51123 0.4565 0.028 0.738 0.008 0.032 0.032 1.017 6055.1 4.1722 15.899398 1.121435 16.37199 15.250555 "" "" 1973.94055 2239.97681 8225.98272 3.0357 3860.3 9.877 6294.1 10.765 "" "" 0.0027843010184413594 0.003937282 0.0042109457 0.008148228 310.69204779733 45.81500866658 2090.51123 0.738 0.008000000000000021 3.8913334255218506 4.9056664543151856 0.22967875 0.22967875 "" "" 62.046660021879205 "" 14.250799317867083 ""
310.30344138792 45.4837819224 0.0249 0.0299 14.0695 "" "" 2070414243752199936 2465.2915 0.3763 0.0307 -4.194 -5.223 0.031 0.035 0.956 7020.5 2.9959 15.903208 1.889542 16.83249 14.942949 "" "" 2263.09961 2742.26074 8197.16366 2.9291 2525.9 13.231 8355.6 15.642 "" "" 0.002782500293553077 0.0063347956 0.0042912634 0.010626059 310.30344138792 45.4837819224 2465.2915 -4.194000000000001 -5.222999999999999 -1.0406665744781494 -0.3253335456848143 0.22867875 0.23267874 "" "" 12.741081249434076 "" 2.9181879691739465 ""
310.50928274749 45.69268762166 0.0272 0.028 11.5099 "" "" 2070422966821985920 2612.93091 0.3582 0.029 -5.242 -6.67 0.035 0.038 0.974 7861.1 3.8891 15.90347 1.563662 16.624231 15.06057 "" "" 2423.20557 2849.13672 8195.18448 3.8763 3060.0 13.837 7497.7 13.293 "" "" 0.00280277064297774 0.0056470414 0.0042413627 0.009888404 310.50928274749 45.69268762166 2612.93091 -5.241999999999994 -6.669999999999998 -2.0886665744781494 -1.7723335456848144 0.23267874 0.23567875 "" "" 33.92687300700454 "" 7.93682801495113 ""
310.51428791575 45.37252907837 0.024 0.028 10.2636 "" "" 2070403592233411072 2661.7771 0.3461 0.0294 -10.529 -7.273 0.032 0.036 0.972 7189.9 3.0834 15.907439 2.137723 17.000505 14.862782 "" "" 2483.53247 2897.30298 8165.27625 2.9565 2163.8 8.9887 8995.9 10.341 "" "" 0.0027832242337603144 0.0053035575 0.0039801295 0.009283687 310.51428791575 45.37252907837 2661.7771 -10.529 -7.273 -7.375666574478149 -2.375333545684814 0.22967875 0.23367874 "" "" 97.76423649456486 "" 22.491404640942623 ""
311.00233762843 45.52761146139 0.0233 0.0263 15.504 "" "" 2070239382737136384 2471.2522 0.3787 0.0288 -4.465 -5.73 0.031 0.033 1.004 6797.3 3.0766 15.909901 1.80242 16.786188 14.983768 "" "" 2327.54175 2650.77881 8146.78767 3.1501 2636.0 9.458 8047.3 10.58 "" "" 0.0027871199331343977 0.0047917655 0.0040399665 0.008831732 311.00233762843 45.52761146139 2471.2522 -4.465 -5.73 -1.3116665744781493 -0.8323335456848149 0.22867875 0.23067874 "" "" 18.196858505875554 "" 4.171714917651152 ""
310.3573495332 45.44467228892 0.0248 0.0309 12.5068 "" "" 2070411048296553856 2499.87744 0.3742 0.0318 -2.591 -3.375 0.032 0.036 0.936 "" "" 15.915502 1.237237 16.452057 15.21482 "" "" 2325.11499 2708.20386 8104.87432 2.9427 3585.9 18.115 6504.7 9.6073 "" "" 0.002783377142139502 0.0061537456 0.004105519 0.010259265 310.3573495332 45.44467228892 2499.87744 -2.5909999999999984 -3.375 0.5623334255218504 1.5226664543151855 0.22967875 0.23367874 "" "" 19.233808295529844 "" 4.485368134123821 ""
310.71960610732 45.4779633019 0.0243 0.0265 4.4686 "" "" 2070405275860843904 2241.75439 0.4263 0.0297 -1.898 -6.784 0.032 0.036 1.022 7992.6 3.9259 15.917362 1.391607 16.545238 15.153631 "" "" 2117.92334 2414.95312 8090.99453 2.7793 3291.0 10.631 6881.9 12.646 "" "" 0.0027804470363620463 0.004481748 0.0042736675 0.008755416 310.71960610732 45.4779633019 2241.75439 -1.8980000000000015 -6.783999999999999 1.2553334255218507 -1.8863335456848143 0.22967875 0.23367874 "" "" 24.07682520236298 "" 5.596858077959953 ""
310.70917473649 45.87009688709 0.0252 0.0264 21.142 "" "" 2070446335749187840 2023.3811 0.4678 0.0293 -2.725 -10.806 0.034 0.032 1.006 4973.3 3.6035 15.918518 1.721269 16.74112 15.019851 "" "" 1921.16357 2132.38037 8082.38533 3.1109 2747.7 10.347 7784.3 9.2821 "" "" 0.002786831274840085 0.004949879 0.003994976 0.008944855 310.70917473649 45.87009688709 2023.3811 -2.725 -10.806000000000006 0.4283334255218505 -5.908333545684814 0.23167875 0.22967875 "" "" 56.81451666357251 "" 13.04968382784655 ""
310.39041303451 45.68317194816 0.0298 0.0334 14.074 "" "" 2070423486521996032 2407.53882 0.3994 0.0345 -0.369 -3.005 0.039 0.041 0.993 6574.9 4.2879 15.923653 1.101522 16.387411 15.285889 "" "" 2218.62891 2622.03735 8044.25195 3.1043 3805.9 10.819 6092.6 10.55 "" "" 0.00278699496632998 0.004160648 0.0042211837 0.008381832 310.39041303451 45.68317194816 2407.53882 -0.3690000000000009 -3.004999999999999 2.784333425521851 1.8926664543151857 0.23667875 0.23867875 "" "" 38.419935795304504 "" 9.117536649402814 ""
310.58141514291 45.56104118377 0.0245 0.0256 3.2219 "" "" 2070418401280834176 2437.44995 0.3969 0.0295 -2.372 -5.454 0.035 0.037 1.009 8502.8 4.1861 15.926512 1.220717 16.454327 15.233609 "" "" 2273.6853 2606.62695 8023.09432 2.7777 3578.4 12.885 6393.1 12.421 "" "" 0.0027808428999961917 0.004803035 0.0043282225 0.009131257 310.58141514291 45.56104118377 2437.44995 -2.372 -5.454000000000001 0.7813334255218507 -0.5563335456848142 0.23267874 0.23467875 "" "" 11.081673506921838 "" 2.5859473582021453 ""
310.6000629318 45.59699790083 0.0254 0.0258 4.7322 "" "" 2070418568774783488 2585.3291 0.355 0.0293 -1.729 -3.002 0.034 0.034 0.995 5048.8 3.3297 15.927345 1.96844 16.913876 14.945436 "" "" 2419.31396 2761.63672 8016.9389 3.3529 2343.5 10.058 8336.5 7.2572 "" "" 0.002792486673152162 0.005431312 0.003895776 0.0093270885 310.6000629318 45.59699790083 2585.3291 -1.7290000000000003 -3.002 1.4243334255218505 1.8956664543151858 0.23167875 0.23167875 "" "" 29.05696806663243 "" 6.731882159347012 ""
310.8436693429 45.67648548698 0.0265 0.0267 12.8066 "" "" 2070431801579576960 2190.40283 0.4343 0.0316 -1.912 -1.852 0.039 0.033 1.008 6301.9 4.1427 15.934206 1.313861 16.516254 15.202394 "" "" 2052.47192 2337.00122 7966.44446 2.9344 3380.0 7.2281 6579.6 11.257 "" "" 0.002784192848750727 0.0036298726 0.004211215 0.007841088 310.8436693429 45.67648548698 2190.40283 -1.912 -1.8519999999999999 1.2413334255218507 3.0456664543151852 0.23667875 0.23067874 "" "" 34.147239797060806 "" 7.9065526818217 ""
310.5259489489 45.54944920695 0.0243 0.0252 4.8212 "" "" 2070418160762597760 2778.09937 0.334 0.0291 -0.951 -3.696 0.034 0.034 1.027 8347.2 3.6121 15.938251 1.61616 16.691662 15.075501 "" "" 2591.57324 2963.31665 7936.82252 2.8973 2875.8 10.908 7395.3 10.877 "" "" 0.00278368049622043 0.0049744225 0.0041029034 0.009077325 310.5259489489 45.54944920695 2778.09937 -0.9510000000000002 -3.6960000000000006 2.2023334255218505 1.2016664543151854 0.23167875 0.23167875 "" "" 33.036875522584744 "" 7.653942160140571 ""
310.17445789428 45.35330278239 0.0285 0.0303 21.8122 "" "" 2070411598052755584 2373.93262 0.3746 0.0341 2.949 -11.499 0.04 0.038 0.976 15003.3 3.2623 15.94065 3.082701 17.74851 14.66581 "" "" 2198.83105 2569.19141 7919.30257 4.1936 1086.5 7.2309 10785.0 14.289 "" "" 0.002814666634951326 0.0077458033 0.004043881 0.011789684 310.17445789428 45.35330278239 2373.93262 2.9489999999999967 -11.499000000000002 6.10233342552185 -6.601333545684815 0.23767874 0.23567875 "" "" 101.156923925445 "" 23.933971335898207 ""
310.91189718538 45.81250744831 0.0249 0.0264 20.9902 "" "" 2070439257643151104 2226.77173 0.4077 0.0297 -2.041 -4.707 0.034 0.034 1.014 7380.5 4.1989 15.946528 1.186762 16.457813 15.271051 "" "" 2131.23413 2381.87671 7876.54202 2.8699 3566.9 10.638 6176.4 8.722 "" "" 0.002783574711705674 0.004274399 0.004078541 0.00835294 310.91189718538 45.81250744831 2226.77173 -2.0410000000000004 -4.707000000000003 1.1123334255218507 0.1906664543151857 0.23167875 0.23167875 "" "" 11.911796746516044 "" 2.7597102292211955 ""
310.43702097454 45.58091647299 0.0248 0.0302 8.9915 "" "" 2070420703383171456 2047.10315 0.4573 0.0315 -1.391 -3.443 0.035 0.038 1.021 5878.7 4.2123 15.9511 1.158648 16.446169 15.287521 "" "" 1925.14197 2174.43774 7843.44103 2.8775 3605.4 7.8185 6083.4 13.494 "" "" 0.002783962800868727 0.0036508364 0.004481501 0.008132338 310.43702097454 45.58091647299 2047.10315 -1.391 -3.4430000000000014 1.7623334255218506 1.4546664543151855 0.23267874 0.23567875 "" "" 22.17334659840435 "" 5.1863250959417915 ""
310.90528925094 45.28516272063 0.027 0.0283 18.2323 "" "" 2070211830529687040 2755.36108 0.3265 0.0321 -5.794 -8.288 0.039 0.038 0.987 7757.4 3.4946 15.951301 2.714829 17.473175 14.758346 "" "" 2532.18359 3043.88599 7841.99547 3.5917 1400.1 11.086 9904.2 12.054 "" "" 0.002799834485013538 0.009038315 0.0040037283 0.013042044 310.90528925094 45.28516272063 2755.36108 -5.794 -8.288 -2.640666574478149 -3.3903335456848147 0.23667875 0.23567875 "" "" 56.12556135070365 "" 13.24882237343487 ""
310.72711208039 45.52257875643 0.0244 0.0276 3.9311 "" "" 2070428881001632768 2083.35571 0.4625 0.0301 3.6 -1.623 0.032 0.038 1.06 7135.5 4.188 15.95357 1.286658 16.516558 15.229899 "" "" 1960.27002 2239.53711 7825.61928 2.7415 3379.0 11.866 6415.0 9.2815 "" "" 0.00278144970400264 0.004724643 0.0040928503 0.008817494 310.72711208039 45.52257875643 2083.35571 3.6000000000000005 -1.6230000000000002 6.75333342552185 3.2746664543151853 0.22967875 0.23567875 "" "" 74.1165707912228 "" 17.108547286371774 ""
310.64001035676 45.24907912051 0.0256 0.0272 16.3598 "" "" 2070398369553222656 2743.48999 0.3353 0.0309 -4.004 -5.621 0.034 0.036 1.042 "" "" 15.954792 1.52189 16.645044 15.123155 "" "" 2543.27295 2992.66577 7816.81863 3.0802 3001.9 10.891 7077.8 9.5601 "" "" 0.002788338135445292 0.00482716 0.0040539377 0.008881098 310.64001035676 45.24907912051 2743.48999 -4.004 -5.621 -0.850666574478149 -0.7233335456848149 0.23167875 0.23367874 "" "" 14.520713693883176 "" 3.376357812402279 ""
