Clusters/LP_1768/LP_1768_stars_in_region.tsv
# %ECSV 1.0
# ---
# datatype:
# - name: RA_ICRS_1
#   unit: deg
#   datatype: float64
#   format: '{:15.11f}'
#   description: Right ascension (ICRS) at Ep=2016.0 (ra)
#   meta: !!omap
#   - {ucd: POS_EQ_RA_MAIN}
#   - {width: 15}
#   - {precision: '11'}
# - name: DE_ICRS_1
#   unit: deg
#   datatype: float64
#   format: '{:15.11f}'
#   description: Declination (ICRS) at Ep=2016.0 (dec)
#   meta: !!omap
#   - {ucd: POS_EQ_DEC_MAIN}
#   - {width: 15}
#   - {precision: '11'}
# - name: e_RA_ICRS
#   unit: mas
#   datatype: float64
#   format: '{:7.4f}'
#   description: Standard error of right ascension (ra_error)
#   meta: !!omap
#   - {ucd: ERROR}
#   - {width: 7}
#   - {precision: '4'}
# - name: e_DE_ICRS
#   unit: mas
#   datatype: float64
#   format: '{:7.4f}'
#   description: Standard error of declination (dec_error)
#   meta: !!omap
#   - {ucd: ERROR}
#   - {width: 7}
#   - {precision: '4'}
# - name: _r_1
#   unit: ''
#   datatype: float64
#   format: '{:7.4f}'
#   description: Distance from center (310.63360807000+45.52170584000)[ICRS], at Epoch=J2016.0
#   meta: !!omap
#   - {ucd: POS_ANG_DIST_GENERAL}
#   - {width: 7}
#   - {precision: '4'}
# - name: HIP
#   datatype: int32
#   description: '? HIP cross-id number, van Leeuwen, Cat. I/311 (hip_original_ext_source_id)'
#   meta: !!omap
#   - {ucd: ID_NUMBER}
#   - {width: 6}
#   - values: {'null': -2147483648}
# - name: TYC2
#   datatype: string
#   description: Tycho-2 cross-id name, Hog et al., Cat. I/259 (tyc2_original_ext_source_id)
#   meta: !!omap
#   - {ucd: ID_CROSSID}
#   - {_votable_string_dtype: char}
# - name: Source
#   datatype: int64
#   description: Source identifier, identical to the Gaia-EDR3 source_id (id)
#   meta: !!omap
#   - {ucd: ID_MAIN}
#   - {width: 19}
# - name: rgeo
#   unit: pc
#   datatype: float64
#   format: '{:15.8f}'
#   description: '? Median of the geometric distance posterior (r_med_geo)'
#   meta: !!omap
#   - {ucd: PHYS_DISTANCE_TRUE}
#   - {width: 15}
#   - {precision: '8'}
#   - values: {'null': .nan}
# - name: Plx
#   unit: mas
#   datatype: float64
#   format: '{:9.4f}'
#   description: '? Parallax (parallax)'
#   meta: !!omap
#   - {ucd: POS_PARLX_TRIG}
#   - {width: 9}
#   - {precision: '4'}
#   - values: {'null': .nan}
# - name: e_Plx
#   unit: mas
#   datatype: float32
#   format: '{:7.4f}'
#   description: '? Standard error of parallax (parallax_error)'
#   meta: !!omap
#   - {ucd: ERROR}
#   - {width: 7}
#   - {precision: '4'}
#   - values: {'null': .nan}
# - name: pmRA
#   unit: mas / yr
#   datatype: float64
#   format: '{:9.3f}'
#   description: '? Proper motion in right ascension direction, pmRA*cosDE (pmra)'
#   meta: !!omap
#   - {ucd: POS_EQ_PMRA}
#   - {width: 9}
#   - {precision: '3'}
#   - values: {'null': .nan}
# - name: pmDE
#   unit: mas / yr
#   datatype: float64
#   format: '{:9.3f}'
#   description: '? Proper motion in declination direction (pmdec)'
#   meta: !!omap
#   - {ucd: POS_EQ_PMDEC}
#   - {width: 9}
#   - {precision: '3'}
#   - values: {'null': .nan}
# - name: e_pmRA
#   unit: mas / yr
#   datatype: float32
#   format: '{:6.3f}'
#   description: '? Standard error of proper motion in right ascension direction (pmra_error)'
#   meta: !!omap
#   - {ucd: ERROR}
#   - {width: 6}
#   - {precision: '3'}
#   - values: {'null': .nan}
# - name: e_pmDE
[...]
#         value: !astropy.table.SerializedColumn {name: SkyCoord.dec}
#       distance: !astropy.table.SerializedColumn
#         __class__: astropy.coordinates.distances.Distance
#         unit: !astropy.units.Unit {unit: pc}
#         value: !astropy.table.SerializedColumn {name: SkyCoord.distance}
#       frame: icrs
#       obstime: !astropy.time.Time {format: jyear_str, in_subfmt: '*', jd1: 367701545.0, jd2: 0.0, out_subfmt: '*', precision: 3, scale: tt}
#       pm_dec: !astropy.table.SerializedColumn
#         __class__: astropy.units.quantity.Quantity
#         unit: !astropy.units.Unit {unit: mas / yr}
#         value: !astropy.table.SerializedColumn {name: SkyCoord.pm_dec}
#       pm_ra_cosdec: !astropy.table.SerializedColumn
#         __class__: astropy.units.quantity.Quantity
#         unit: !astropy.units.Unit {unit: mas / yr}
#         value: !astropy.table.SerializedColumn {name: SkyCoord.pm_ra_cosdec}
#       ra: !astropy.table.SerializedColumn
#         __class__: astropy.coordinates.angles.Longitude
#         unit: *id001
#         value: !astropy.table.SerializedColumn {name: SkyCoord.ra}
#         wrap_angle: !astropy.coordinates.Angle
#           unit: *id001
#           value: 360.0
#       representation_type: spherical
# schema: astropy-2.0
RA_ICRS_1 DE_ICRS_1 e_RA_ICRS e_DE_ICRS _r_1 HIP TYC2 Source rgeo Plx e_Plx pmRA pmDE e_pmRA e_pmDE RUWE Teff logg Gmag BP-RP BPmag RPmag RV e_RV b_rgeo B_rgeo FG e_FG FBP e_FBP FRP e_FRP RAVE5 RAVE6 e_Gmag e_BPmag e_RPmag e_BP-RP SkyCoord.ra SkyCoord.dec SkyCoord.distance SkyCoord.pm_ra_cosdec SkyCoord.pm_dec rmRA rmDE e_rmRA e_rmDE rRV e_rRV v_pec v_pec3d e_vpec e_vpec3d
[from data line 126]
310.94674878034 45.52892917677 0.0117 0.0142 13.1702 "" "" 2070426716338307840 2273.52246 0.408 0.0154 0.274 -2.781 0.016 0.018 1.075 "" "" 14.156466 2.155992 15.270309 13.114317 -52.62 1.41 2196.84351 2340.83838 40960.05638 12.076 10649.0 18.181 45023.0 18.85 "" "" 0.002773851830468891 0.003349799 0.0038066208 0.0071564196 310.94674878034 45.52892917677 2273.52246 0.2739999999999999 -2.781 3.4273334255218506 2.1166664543151854 0.21367875 0.21567875 "" "" 43.4105465669674 "" 9.299963740594354 ""
310.596719064 45.82573470012 0.012 0.0122 18.3072 "" "" 2070448878369788288 2075.68555 0.4537 0.014 -3.677 -4.375 0.016 0.017 1.093 9279.3 4.0854 14.157374 0.564399 14.369426 13.805027 "" "" 2018.20471 2128.23218 40925.7945 12.422 24414.0 19.437 23831.0 14.78 "" "" 0.002774957892591403 0.002920999 0.003838901 0.0067598997 310.596719064 45.82573470012 2075.68555 -3.6769999999999987 -4.3749999999999964 -0.5236665744781495 0.5226664543151855 0.21367875 0.21467875 "" "" 7.279390855643258 "" 1.5590881133393897 ""
310.62173839928 45.58486965519 0.0129 0.0131 3.8225 "" "" 2070418504360096768 2977.93335 0.3001 0.015 -2.944 -3.619 0.018 0.018 1.135 5026.7 2.4647 14.16844 2.314801 15.39659 13.081789 -37.65 1.37 2874.1106 3101.89478 40510.79608 11.694 9479.4 11.937 46392.0 20.199 "" "" 0.002773087979303346 0.0031071436 0.0038088318 0.0069159754 310.62173839928 45.58486965519 2977.93335 -2.9439999999999995 -3.6190000000000007 0.20933342552185064 1.2786664543151853 0.21567875 0.21567875 "" "" 18.289165078833612 "" 3.9445842896070213 ""
310.5461959823 45.58909244737 0.0118 0.0119 5.4621 "" "" 2070418676158723584 2259.60938 0.4148 0.0136 -3.28 -4.107 0.017 0.016 0.984 5524.9 2.9457 14.172667 1.851289 15.083399 13.23211 -39.67 2.18 2189.27393 2330.13818 40353.37385 9.8765 12649.0 20.023 40394.0 22.244 "" "" 0.002768104783558036 0.0032770322 0.0038263819 0.0071034143 310.5461959823 45.58909244737 2259.60938 -3.2799999999999994 -4.107 -0.12666657447814922 0.7906664543151853 0.21467875 0.21367875 "" "" 8.576453626972807 "" 1.8328209632073367 ""
310.54087275558 45.51276220712 0.0118 0.0122 3.9355 "" "" 2070417851524944128 2592.26587 0.3551 0.0142 -1.168 -4.018 0.016 0.016 0.968 "" "" 14.182775 1.110199 14.643409 13.53321 "" "" 2494.77002 2691.26782 39979.40871 10.396 18969.0 22.013 30611.0 26.226 "" "" 0.0027697470261613573 0.0030614645 0.0038921728 0.006953637 310.54087275558 45.51276220712 2592.26587 -1.1680000000000001 -4.018000000000001 1.9853334255218507 0.8796664543151858 0.21367875 0.21367875 "" "" 26.681816791147966 "" 5.701337190703489 ""
310.40133403608 45.64903944284 0.013 0.0151 12.3894 "" "" 2070423314723293312 2086.78906 0.4468 0.0157 -3.35 -6.501 0.017 0.018 1.027 4991.0 3.1519 14.187353 1.909461 15.132176 13.222715 -58.03 1.84 2017.18713 2173.81714 39811.23677 11.68 12093.0 23.528 40745.0 38.558 "" "" 0.0027736719287694877 0.003499609 0.0039165546 0.0074161636 310.40133403608 45.64903944284 2086.78906 -3.349999999999997 -6.5009999999999994 -0.1966665744781495 -1.6033335456848148 0.21467875 0.21567875 "" "" 15.978042685098666 "" 3.445887999746407 ""
310.78225309376 45.39929324763 0.016 0.0163 9.6477 "" "" 2070401049613030016 2392.59985 0.3892 0.0183 -3.778 -3.42 0.021 0.021 1.318 "" "" 14.192151 2.015155 15.206655 13.1915 -3.31 1.82 2284.63843 2498.6543 39635.69609 11.289 11292.0 15.841 41933.0 35.654 "" "" 0.0027726192899439547 0.0031788305 0.0038904948 0.007069325 310.78225309376 45.39929324763 2392.59985 -3.7779999999999996 -3.419999999999999 -0.6246665744781494 1.4776664543151856 0.21867874 0.21867874 "" "" 18.193988706733727 "" 3.978638574125361 ""
310.56957169373 45.77002091244 0.0136 0.0129 15.1391 "" "" 2070447022943490816 2726.78052 0.3406 0.0147 -2.409 -3.324 0.017 0.017 0.958 "" "" 14.194722 1.396327 14.811821 13.415494 "" "" 2628.76782 2836.31421 39541.92445 8.0299 16244.0 23.423 34116.0 33.597 "" "" 0.002764127799955073 0.0031993864 0.0039277165 0.007127103 310.56957169373 45.77002091244 2726.78052 -2.4090000000000003 -3.3240000000000034 0.7443334255218508 1.5736664543151857 0.21467875 0.21467875 "" "" 22.50000863350628 "" 4.830273715877593 ""
311.09917088316 45.66782641072 0.0115 0.013 21.4222 "" "" 2070246224628385152 2441.83105 0.3843 0.0145 -0.893 -2.455 0.015 0.016 1.006 "" "" 14.210737 0.937355 14.584255 13.6469 "" "" 2355.32568 2514.49146 38962.94529 12.341 20032.0 25.487 27568.0 28.922 "" "" 0.002776697957379544 0.0031134076 0.003947302 0.0070607094 311.09917088316 45.66782641072 2441.83105 -0.8930000000000007 -2.454999999999999 2.260333425521851 2.4426664543151855 0.21267875 0.21367875 "" "" 38.5194490735691 "" 8.213041454683296 ""
311.05212682995 45.6298061697 0.0121 0.0129 18.7354 "" "" 2070245674872680832 2453.93701 0.3776 0.0149 -1.987 -2.282 0.015 0.016 1.03 4907.1 2.9681 14.219153 1.97674 15.214176 13.237436 -21.59 1.59 2370.58423 2535.20679 38662.11064 8.4285 11214.0 15.317 40196.0 19.018 "" "" 0.002765468119846575 0.0031597943 0.0038141331 0.0069739274 311.05212682995 45.6298061697 2453.93701 -1.987 -2.282 1.1663334255218505 2.6156664543151855 0.21267875 0.21367875 "" "" 33.31216179358455 "" 7.112586865158478 ""
310.59070967654 45.80617688538 0.0129 0.0135 17.1628 "" "" 2070447160382485632 2181.9082 0.4314 0.0142 -0.786 -2.0 0.016 0.017 1.02 "" "" 14.222157 0.552761 14.429764 13.877003 "" "" 2120.58984 2254.18311 38555.28388 11.127 23095.0 23.018 22303.0 22.167 "" "" 0.0027730799758976634 0.0029926617 0.003930422 0.0069230837 310.59070967654 45.80617688538 2181.9082 -0.786 -2.0 2.3673334255218506 2.8976664543151855 0.21367875 0.21467875 "" "" 38.698157430277554 "" 8.292203446230362 ""
310.74344388081 45.54856184281 0.012 0.0128 4.8894 "" "" 2070428984080878720 2960.83936 0.3094 0.0147 -0.891 -4.116 0.016 0.016 1.052 "" "" 14.224737 1.644324 14.993505 13.349181 -24.15 11.6 2839.93774 3089.00586 38463.77127 9.119 13741.0 15.87 36265.0 41.066 "" "" 0.002767317755381516 0.0030589963 0.003974334 0.0070333304 310.74344388081 45.54856184281 2960.83936 -0.8909999999999991 -4.116 2.2623334255218506 0.7816664543151859 0.21367875 0.21367875 "" "" 33.5922019208222 "" 7.177939629371271 ""
310.89771155324 45.35817519585 0.0133 0.0144 14.8289 "" "" 2070236397743102592 2625.65771 0.3431 0.0157 -0.118 -2.176 0.018 0.018 1.043 4830.0 2.4448 14.237593 2.144846 15.345861 13.201014 -31.4 1.72 2536.29102 2730.89404 38011.04898 10.113 9932.8 15.28 41567.0 21.827 "" "" 0.00277042094577699 0.0032518783 0.0038221418 0.00707402 310.89771155324 45.35817519585 2625.65771 -0.11800000000000099 -2.176 3.0353334255218507 2.7216664543151854 0.21567875 0.21567875 "" "" 50.73893324506966 "" 10.94330977314823 ""
310.59653299429 45.75978226616 0.0134 0.0123 14.369 "" "" 2070444102365747712 2668.68921 0.3473 0.0142 -3.622 -5.397 0.019 0.015 1.005 8622.8 3.7771 14.250563 1.269579 14.805249 13.53567 "" "" 2563.71631 2776.44556 37559.67219 11.631 16342.0 20.731 30541.0 34.553 "" "" 0.0027757577724602843 0.0031116072 0.003973991 0.007085598 310.59653299429 45.75978226616 2668.68921 -3.621999999999997 -5.396999999999995 -0.4686665744781493 -0.4993335456848147 0.21667874 0.21267875 "" "" 8.662726232439013 "" 1.8586869317972963 ""
310.81734836927 45.72112632815 0.0128 0.0132 14.2344 "" "" 2070432729292514816 2624.39258 0.349 0.0151 -2.266 -5.518 0.017 0.016 1.016 4973.0 2.752 14.25664 2.012541 15.275264 13.262723 -36.32 1.52 2521.48438 2741.26245 37350.04592 8.8906 10600.0 9.9705 39271.0 18.255 "" "" 0.002767414321799936 0.0029711977 0.003812932 0.00678413 310.81734836927 45.72112632815 2624.39258 -2.265999999999998 -5.517999999999999 0.8873334255218506 -0.6203335456848142 0.21467875 0.21367875 "" "" 13.468004208755104 "" 2.886879801753906 ""
310.50946480542 45.8740419751 0.0119 0.0131 21.7709 "" "" 2070448534772393472 2281.15259 0.4054 0.0143 -4.448 -9.202 0.016 0.018 0.984 "" "" 14.284797 2.18216 15.420794 13.238634 -21.03 1.64 2207.57715 2340.85229 36393.8515 9.2017 9270.4 10.768 40152.0 25.405 "" "" 0.0027689614108523017 0.0030619446 0.0038413086 0.0069032535 310.50946480542 45.8740419751 2281.15259 -4.448 -9.202000000000002 -1.2946665744781498 -4.304333545684814 0.21367875 0.21567875 "" "" 48.60102564110343 "" 10.474178545165406 ""
310.74816635591 45.55390695317 0.0128 0.0143 5.1877 "" "" 2070429018440625408 2783.78833 0.3249 0.016 -0.069 -1.967 0.017 0.018 1.072 4696.5 2.4969 14.286592 2.052417 15.332289 13.279872 -60.27 1.52 2683.38013 2885.07642 36333.72202 9.346 10058.0 9.8268 38655.0 20.384 "" "" 0.0027694380027726904 0.0029850125 0.0038225034 0.006807516 310.74816635591 45.55390695317 2783.78833 -0.06900000000000017 -1.967 3.0843334255218506 2.9306664543151855 0.21467875 0.21567875 "" "" 56.14057478145679 "" 12.078857955778181 ""
310.82514955453 45.75486902866 0.0156 0.0161 16.1332 "" "" 2070433072889920768 2584.3186 0.3588 0.0183 -1.957 -5.689 0.021 0.02 1.305 "" "" 14.291297 1.100941 14.728635 13.627694 "" "" 2473.79321 2718.23315 36176.61371 53.414 17537.0 55.832 28060.0 144.98 "" "" 0.0031877281953873195 0.0044422178 0.006764111 0.011206329 310.82514955453 45.75486902866 2584.3186 -1.9570000000000023 -5.688999999999997 1.1963334255218505 -0.7913335456848145 0.21867874 0.21767874 "" "" 17.570581378115246 "" 3.8369732684666453 ""
310.78817447548 45.44060405405 0.0128 0.0131 8.1216 "" "" 2070425475082678912 2295.19214 0.4077 0.0152 -2.327 -4.134 0.016 0.017 1.002 8597.6 3.3894 14.292485 1.254511 14.83145 13.57694 "" "" 2207.38135 2366.90894 36137.0464 7.8999 15953.0 22.498 29402.0 16.488 "" "" 0.002765524445773148 0.0031826964 0.003828111 0.0070108073 310.78817447548 45.44060405405 2295.19214 -2.327 -4.134 0.8263334255218506 0.7636664543151852 0.21367875 0.21467875 "" "" 12.240989856648133 "" 2.62128527906163 ""
310.24836612113 45.60943190586 0.0127 0.0149 17.0168 "" "" 2070468429061521792 2502.021 0.3654 0.0158 -7.937 -8.296 0.017 0.019 1.053 "" "" 14.296207 2.289811 15.507079 13.217268 -37.74 1.97 2404.18823 2604.78662 36013.36069 11.72 8562.2 15.125 40950.0 30.473 "" "" 0.002777883357587609 0.0033857834 0.0038647784 0.007250562 310.24836612113 45.60943190586 2502.021 -7.937 -8.296 -4.78366657447815 -3.398333545684814 0.21467875 0.21667874 "" "" 69.59071195773896 "" 14.986472810965976 ""
311.02588310265 45.64509907392 0.0125 0.0142 18.0598 "" "" 2070433416487385984 2469.79736 0.3728 0.0159 -4.47 -5.469 0.016 0.018 1.018 5084.2 3.0337 14.297277 1.955566 15.277555 13.321989 -44.89 2.15 2368.23291 2549.24097 35977.92385 8.1992 10578.0 13.701 37185.0 21.493 "" "" 0.002766407971978937 0.0031245293 0.0038311298 0.006955659 311.02588310265 45.64509907392 2469.79736 -4.47 -5.469 -1.3166665744781492 -0.5713335456848148 0.21367875 0.21567875 "" "" 16.80260974895229 "" 3.5957064627088586 ""
310.70774916817 45.77902121318 0.0133 0.0137 15.749 "" "" 2070444686481412480 2173.50977 0.4258 0.0151 -1.405 -2.278 0.018 0.016 1.047 4751.1 2.6176 14.306072 1.938264 15.276585 13.338321 -31.68 1.62 2112.15381 2235.229 35687.65329 9.1865 10587.0 12.328 36629.0 21.391 "" "" 0.0027694585204711304 0.003063243 0.0038322003 0.0068954434 310.70774916817 45.77902121318 2173.50977 -1.405000000000001 -2.2779999999999996 1.7483334255218506 2.6196664543151855 0.21567875 0.21367875 "" "" 32.44747711428279 "" 6.953398449561196 ""
310.38004384613 45.36180429905 0.0268 0.0298 14.3524 "" "" 2070409433388827392 2194.59766 0.4302 0.0331 -0.338 -2.714 0.035 0.034 2.516 8414.4 3.6033 14.310941 1.187775 14.696998 13.509223 "" "" 2070.97046 2364.85083 35527.97488 19.981 18056.0 118.63 31295.0 233.23 "" "" 0.002822170496682078 0.007659674 0.008930706 0.016590381 310.38004384613 45.36180429905 2194.59766 -0.33799999999999986 -2.7139999999999977 2.8153334255218505 2.1836664543151856 0.23267874 0.23167875 "" "" 37.06304345077932 "" 8.609879299084238 ""
310.28573127121 45.67462262162 0.0149 0.016 17.2472 "" "" 2070469013177085696 2103.97778 0.4508 0.0172 -7.288 -8.048 0.02 0.019 1.062 "" "" 14.333395 1.491512 15.019699 13.528187 -15.77 3.17 2016.0896 2200.86182 34800.76546 7.6531 13413.0 17.138 30753.0 15.91 "" "" 0.002765646164918243 0.0031160142 0.003820895 0.006936909 310.28573127121 45.67462262162 2103.97778 -7.288000000000005 -8.048000000000002 -4.13466657447815 -3.1503335456848145 0.21767874 0.21667874 "" "" 51.83972852343724 "" 11.265393517377326 ""
310.98086443822 45.28817945551 0.0127 0.0138 20.2561 "" "" 2070232274574284800 2381.42285 0.3971 0.0155 -1.594 -2.099 0.017 0.017 1.018 "" "" 14.337945 1.430176 14.978458 13.548283 "" "" 2285.20654 2474.5481 34655.233 6.7549 13933.0 16.9 30189.0 21.438 "" "" 0.0027634355571020206 0.0030853495 0.0038572247 0.006942574 310.98086443822 45.28817945551 2381.42285 -1.5940000000000005 -2.0990000000000006 1.5593334255218505 2.7986664543151853 0.21467875 0.21467875 "" "" 36.163823089801554 "" 7.763604315963957 ""
310.72326545177 45.34362677443 0.0131 0.0136 11.332 "" "" 2070400568576625408 2132.8147 0.4467 0.0158 -1.49 -2.759 0.017 0.019 0.991 "" "" 14.361796 1.228697 14.889925 13.661228 "" "" 2065.229 2206.8833 33902.21002 6.3406 15116.0 12.884 27206.0 13.155 "" "" 0.002762792644860248 0.0029396338 0.0038156703 0.006755304 310.72326545177 45.34362677443 2132.8147 -1.4900000000000002 -2.7590000000000017 1.6633334255218506 2.1386664543151856 0.21467875 0.21667874 "" "" 27.39027716461179 "" 5.914303484677557 ""
310.31339777189 45.262250634 0.0137 0.0168 20.6004 "" "" 2070407406164187392 2112.81055 0.4448 0.0166 -1.096 -2.44 0.018 0.019 0.968 "" "" 14.375213 1.15131 14.851633 13.700323 "" "" 2040.24353 2191.07349 33485.88131 8.1702 15659.0 70.61 26244.0 71.158 "" "" 0.002768025598682423 0.0056350883 0.004790623 0.010425711 310.31339777189 45.262250634 2112.81055 -1.096 -2.44 2.0573334255218505 2.4576664543151856 0.21567875 0.21667874 "" "" 32.09830926193229 "" 6.941814025882298 ""
310.6191205335 45.73944737087 0.014 0.0137 13.0786 "" "" 2070444033646279808 2847.24341 0.3194 0.0154 -2.746 -6.354 0.018 0.018 1.088 5594.2 2.5333 14.375758 1.993043 15.37954 13.386498 -1.03 2.41 2705.28149 2966.06055 33469.04313 8.8767 9629.4 13.706 35040.0 17.776 "" "" 0.0027703267888862025 0.0031895537 0.0038193073 0.007008861 310.6191205335 45.73944737087 2847.24341 -2.746 -6.354 0.4073334255218506 -1.4563335456848145 0.21567875 0.21567875 "" "" 20.40890389807543 "" 4.401766911580746 ""
310.51878481448 45.53645257827 0.0127 0.013 4.9068 "" "" 2070418057683366528 2669.6748 0.339 0.0152 3.263 -5.188 0.017 0.017 1.034 5022.7 2.8097 14.378932 2.047201 15.419064 13.371863 -24.74 1.73 2564.19067 2775.22925 33371.36566 7.5791 9285.2 11.677 35515.0 18.199 "" "" 0.0027663322162255442 0.003106349 0.0038201138 0.006926463 310.51878481448 45.53645257827 2669.6748 3.263000000000001 -5.188000000000001 6.4163334255218505 -0.2903335456848142 0.21467875 0.21467875 "" "" 81.27702128063383 "" 17.44844928690546 ""
310.58604978664 45.61464185163 0.0131 0.0131 5.9232 "" "" 2070418779237991680 2267.60181 0.4153 0.0149 -2.965 -4.303 0.017 0.017 1.029 "" "" 14.390175 0.715963 14.663811 13.947847 "" "" 2198.44897 2349.45752 33027.58855 7.1534 18616.0 16.807 20894.0 14.177 "" "" 0.0027653370025101072 0.0029573466 0.0038505124 0.006807859 310.58604978664 45.61464185163 2267.60181 -2.965 -4.303 0.18833342552185073 0.5946664543151856 0.21467875 0.21467875 "" "" 6.704624385732363 "" 1.4393403786080348 ""
310.85399133507 45.50155895627 0.013 0.0138 9.3447 "" "" 2070425303283260800 2841.67651 0.3272 0.0159 -1.602 -2.641 0.016 0.017 1.06 9638.8 3.7602 14.397088 1.180157 14.896193 13.716036 "" "" 2699.70239 3029.76709 32817.95037 12.499 15029.0 22.241 25867.0 32.003 "" "" 0.002786176872605666 0.0032197353 0.0040110033 0.0072307386 310.85399133507 45.50155895627 2841.67651 -1.602 -2.641 1.5513334255218505 2.2566664543151855 0.21367875 0.21467875 "" "" 36.88585337932568 "" 7.906790199233179 ""
