Clusters/LP_1768/LP_1768_stars_in_region.tsv
# %ECSV 1.0
# ---
# datatype:
# - name: RA_ICRS_1
#   unit: deg
#   datatype: float64
#   format: '{:15.11f}'
#   description: Right ascension (ICRS) at Ep=2016.0 (ra)
#   meta: !!omap
#   - {ucd: POS_EQ_RA_MAIN}
#   - {width: 15}
#   - {precision: '11'}
# - name: DE_ICRS_1
#   unit: deg
#   datatype: float64
#   format: '{:15.11f}'
#   description: Declination (ICRS) at Ep=2016.0 (dec)
#   meta: !!omap
#   - {ucd: POS_EQ_DEC_MAIN}
#   - {width: 15}
#   - {precision: '11'}
# - name: e_RA_ICRS
#   unit: mas
#   datatype: float64
#   format: '{:7.4f}'
#   description: Standard error of right ascension (ra_error)
#   meta: !!omap
#   - {ucd: ERROR}
#   - {width: 7}
#   - {precision: '4'}
# - name: e_DE_ICRS
#   unit: mas
#   datatype: float64
#   format: '{:7.4f}'
#   description: Standard error of declination (dec_error)
#   meta: !!omap
#   - {ucd: ERROR}
#   - {width: 7}
#   - {precision: '4'}
# - name: _r_1
#   unit: ''
#   datatype: float64
#   format: '{:7.4f}'
#   description: Distance from center (310.63360807000+45.52170584000)[ICRS], at Epoch=J2016.0
#   meta: !!omap
#   - {ucd: POS_ANG_DIST_GENERAL}
#   - {width: 7}
#   - {precision: '4'}
# - name: HIP
#   datatype: int32
#   description: '? HIP cross-id number, van Leeuwen, Cat. I/311 (hip_original_ext_source_id)'
#   meta: !!omap
#   - {ucd: ID_NUMBER}
#   - {width: 6}
#   - values: {'null': -2147483648}
# - name: TYC2
#   datatype: string
#   description: Tycho-2 cross-id name, Hog et al., Cat. I/259 (tyc2_original_ext_source_id)
#   meta: !!omap
#   - {ucd: ID_CROSSID}
#   - {_votable_string_dtype: char}
# - name: Source
#   datatype: int64
#   description: Source identifier, identical to the Gaia-EDR3 source_id (id)
#   meta: !!omap
#   - {ucd: ID_MAIN}
#   - {width: 19}
# - name: rgeo
#   unit: pc
#   datatype: float64
#   format: '{:15.8f}'
#   description: '? Median of the geometric distance posterior (r_med_geo)'
#   meta: !!omap
#   - {ucd: PHYS_DISTANCE_TRUE}
#   - {width: 15}
#   - {precision: '8'}
#   - values: {'null': .nan}
# - name: Plx
#   unit: mas
#   datatype: float64
#   format: '{:9.4f}'
#   description: '? Parallax (parallax)'
#   meta: !!omap
#   - {ucd: POS_PARLX_TRIG}
#   - {width: 9}
#   - {precision: '4'}
#   - values: {'null': .nan}
# - name: e_Plx
#   unit: mas
#   datatype: float32
#   format: '{:7.4f}'
#   description: '? Standard error of parallax (parallax_error)'
#   meta: !!omap
#   - {ucd: ERROR}
#   - {width: 7}
#   - {precision: '4'}
#   - values: {'null': .nan}
# - name: pmRA
#   unit: mas / yr
#   datatype: float64
#   format: '{:9.3f}'
#   description: '? Proper motion in right ascension direction, pmRA*cosDE (pmra)'
#   meta: !!omap
#   - {ucd: POS_EQ_PMRA}
#   - {width: 9}
#   - {precision: '3'}
#   - values: {'null': .nan}
# - name: pmDE
#   unit: mas / yr
#   datatype: float64
#   format: '{:9.3f}'
#   description: '? Proper motion in declination direction (pmdec)'
#   meta: !!omap
#   - {ucd: POS_EQ_PMDEC}
#   - {width: 9}
#   - {precision: '3'}
#   - values: {'null': .nan}
# - name: e_pmRA
#   unit: mas / yr
#   datatype: float32
#   format: '{:6.3f}'
#   description: '? Standard error of proper motion in right ascension direction (pmra_error)'
#   meta: !!omap
#   - {ucd: ERROR}
#   - {width: 6}
#   - {precision: '3'}
#   - values: {'null': .nan}
# - name: e_pmDE
[...]
#         unit: &id001 !astropy.units.Unit {unit: deg}
#         value: !astropy.table.SerializedColumn {name: SkyCoord.dec}
#       distance: !astropy.table.SerializedColumn
#         __class__: astropy.coordinates.distances.Distance
#         unit: !astropy.units.Unit {unit: pc}
#         value: !astropy.table.SerializedColumn {name: SkyCoord.distance}
#       frame: icrs
#       obstime: !astropy.time.Time {format: jyear_str, in_subfmt: '*', jd1: 367701545.0, jd2: 0.0, out_subfmt: '*', precision: 3, scale: tt}
#       pm_dec: !astropy.table.SerializedColumn
#         __class__: astropy.units.quantity.Quantity
#         unit: !astropy.units.Unit {unit: mas / yr}
#         value: !astropy.table.SerializedColumn {name: SkyCoord.pm_dec}
#       pm_ra_cosdec: !astropy.table.SerializedColumn
#         __class__: astropy.units.quantity.Quantity
#         unit: !astropy.units.Unit {unit: mas / yr}
#         value: !astropy.table.SerializedColumn {name: SkyCoord.pm_ra_cosdec}
#       ra: !astropy.table.SerializedColumn
#         __class__: astropy.coordinates.angles.Longitude
#         unit: *id001
#         value: !astropy.table.SerializedColumn {name: SkyCoord.ra}
#         wrap_angle: !astropy.coordinates.Angle
#           unit: *id001
#           value: 360.0
#       representation_type: spherical
# schema: astropy-2.0
RA_ICRS_1 DE_ICRS_1 e_RA_ICRS e_DE_ICRS _r_1 HIP TYC2 Source rgeo Plx e_Plx pmRA pmDE e_pmRA e_pmDE RUWE Teff logg Gmag BP-RP BPmag RPmag RV e_RV b_rgeo B_rgeo FG e_FG FBP e_FBP FRP e_FRP RAVE5 RAVE6 e_Gmag e_BPmag e_RPmag e_BP-RP SkyCoord.ra SkyCoord.dec SkyCoord.distance SkyCoord.pm_ra_cosdec SkyCoord.pm_dec
[from data line 1346]
310.6401992314 45.58592391648 0.0436 0.0428 3.863 "" "" 2070430221031393408 2273.76929 0.4356 0.0511 -0.445 -8.877 0.06 0.06 0.983 5376.8 4.6457 16.938173 1.339378 17.53885 16.199472 "" "" 2023.20081 2602.89966 3159.92931 1.9854 1317.9 7.1591 2626.4 11.249 "" "" 0.0028385119906091257 0.006524625 0.005992383 0.012517008 310.6401992314 45.58592391648 2273.76929 -0.44499999999999984 -8.877
310.92960391994 45.33469374034 0.0435 0.0476 16.7705 "" "" 2070235573109161344 2155.0708 0.4405 0.0528 -1.762 -3.934 0.058 0.058 1.046 "" "" 16.938862 1.458752 17.597086 16.138334 "" "" 1949.73572 2409.18262 3157.92573 1.9854 1249.1 8.7669 2778.6 6.5422 "" "" 0.00283861603860963 0.008115067 0.004562752 0.012677819 310.92960391994 45.33469374034 2155.0708 -1.7619999999999998 -3.934
310.80904973167 45.75671011387 0.0424 0.0418 15.9055 "" "" 2070433034225595776 2208.15723 0.4421 0.0496 -6.47 -10.503 0.058 0.053 0.964 6672.9 4.3549 16.939148 1.468943 17.613499 16.144556 "" "" 1983.23291 2427.48096 3157.09228 1.8842 1230.3 7.2704 2762.7 9.7663 "" "" 0.0028304897311283504 0.006996533 0.0053865607 0.012383094 310.80904973167 45.75671011387 2208.15723 -6.470000000000001 -10.503
310.56552219993 45.30155952419 0.04 0.0429 13.5165 "" "" 2070402389642573824 2208.68604 0.4133 0.048 1.175 -0.024 0.053 0.054 0.988 7820.3 3.9432 16.94052 2.47991 18.285843 15.805933 "" "" 2008.29919 2498.67871 3153.11145 2.0324 662.34 8.3358 3773.9 8.7504 "" "" 0.002842807590940168 0.013946358 0.0045410693 0.018487427 310.56552219993 45.30155952419 2208.68604 1.175 -0.024000000000000077
310.79138299955 45.40078723671 0.0486 0.049 9.8348 "" "" 2070401148387843328 2995.65723 0.3135 0.0583 -2.63 -4.882 0.067 0.068 1.098 9600.9 3.7827 16.941372 2.903248 18.601704 15.698456 "" "" 2541.28784 3512.45728 3150.63528 2.6882 495.15 5.3044 4166.5 11.142 "" "" 0.0029068821195559775 0.011961161 0.0047659017 0.016727064 310.79138299955 45.40078723671 2995.65723 -2.6299999999999994 -4.882
310.59508218231 45.42367378308 0.0477 0.0483 6.1012 "" "" 2070403454794566144 2609.94116 0.3493 0.0561 -2.757 -4.265 0.063 0.065 1.109 5437.3 4.6476 16.945618 1.420813 17.590857 16.170044 "" "" 2247.54346 3037.34204 3138.33577 1.979 1256.2 6.7024 2698.6 8.6014 "" "" 0.0028391089293261867 0.0064298306 0.0051244195 0.0115542505 310.59508218231 45.42367378308 2609.94116 -2.7569999999999997 -4.264999999999999
310.75128068545 45.4932810282 0.041 0.0442 5.2337 "" "" 2070425822984923136 2061.75122 0.4792 0.0501 -1.391 -4.562 0.054 0.059 1.012 5334.5 4.5884 16.947756 1.376862 17.56325 16.186388 "" "" 1853.81128 2306.94531 3132.16454 1.8625 1288.6 6.3295 2658.3 8.3272 "" "" 0.002829949252090389 0.006018842 0.005084408 0.01110325 310.75128068545 45.4932810282 2061.75122 -1.3910000000000005 -4.562
310.46832937543 45.48758309137 0.044 0.0469 7.2454 "" "" 2070416477135323648 2469.6521 0.3875 0.0537 -4.181 -4.683 0.058 0.058 0.992 6941.5 4.3251 16.9516 1.480623 17.605145 16.124521 "" "" 2193.96191 2824.93848 3121.09793 2.3476 1239.8 6.4063 2814.2 11.505 "" "" 0.0028737992401570065 0.00626575 0.0058297343 0.012095485 310.46832937543 45.48758309137 2469.6521 -4.180999999999999 -4.683
310.55324826226 45.40926212033 0.0462 0.0457 7.5466 "" "" 2070404038910067712 2319.85107 0.4156 0.053 -1.849 -3.96 0.063 0.062 1.013 10349.3 4.2707 16.95356 1.380398 17.495268 16.11487 "" "" 2066.90796 2602.00293 3115.46597 2.6266 1371.9 8.9306 2839.3 10.484 "" "" 0.0029033921778036592 0.0075985813 0.0055096373 0.013108218 310.55324826226 45.40926212033 2319.85107 -1.8489999999999995 -3.959999999999999
310.37830239029 45.36428953026 0.0427 0.058 14.308 "" "" 2070409433388827136 2055.3147 0.4657 0.0552 2.347 3.268 0.056 0.066 1.015 4798.5 4.2675 16.95381 1.8139 17.83295 16.01905 "" "" 1860.3783 2292.44067 3114.74698 1.9866 1005.2 8.5851 3101.3 11.213 "" "" 0.0028410083462799655 0.009683613 0.005449202 0.015132815 310.37830239029 45.36428953026 2055.3147 2.347 3.268
311.09091448471 45.39861758106 0.0788 0.0932 20.6138 "" "" 2070234404878137216 2697.68384 0.3735 0.1 -3.826 -4.586 0.103 0.115 1.765 9512.1 4.065 16.954185 3.118023 18.753994 15.635971 "" "" 2083.01978 3411.4585 3113.66911 5.8345 430.35 8.37 4413.4 25.661 "" "" 0.0034250455706195766 0.021300327 0.0073576923 0.02865802 311.09091448471 45.39861758106 2697.68384 -3.8260000000000005 -4.586
310.4508663597 45.8148096057 0.0428 0.047 19.1829 "" "" 2070447950656824832 2945.55225 0.3238 0.0512 -1.722 -2.292 0.054 0.062 0.973 7176.9 4.3442 16.954363 1.717096 17.780405 16.063309 "" "" 2547.85815 3673.82812 3113.15903 2.0728 1055.0 7.325 2977.4 7.5311 "" "" 0.00284857490390194 0.008038196 0.0046718097 0.012710005 310.4508663597 45.8148096057 2945.55225 -1.722 -2.292
310.68313362493 45.84239358819 0.0401 0.044 19.3529 "" "" 2070446194005683328 2191.66333 0.4297 0.0492 0.081 -0.27 0.051 0.055 0.994 7079.0 4.3208 16.954435 1.440144 17.610744 16.1706 "" "" 1987.93494 2497.05103 3112.95352 1.9955 1233.4 5.9835 2697.2 7.535 "" "" 0.00284186423403723 0.0059605297 0.004846003 0.010806533 310.68313362493 45.84239358819 2191.66333 0.08099999999999999 -0.27
310.99101761145 45.71815801315 0.0425 0.0477 19.076 "" "" 2070434893956457984 2270.00659 0.4222 0.0529 -2.118 -3.631 0.058 0.06 1.024 5872.4 4.5667 16.957052 1.485893 17.63826 16.152367 "" "" 2051.74121 2521.96436 3105.45953 1.8505 1202.6 6.8019 2742.9 6.4204 "" "" 0.002830259017118005 0.0067450674 0.004554398 0.011299465 310.99101761145 45.71815801315 2270.00659 -2.1179999999999994 -3.6310000000000002
311.02279232235 45.44373003493 0.0454 0.0465 17.0273 "" "" 2070237870911479424 2534.70654 0.3753 0.054 -2.367 -4.392 0.059 0.056 0.985 5255.5 4.3825 16.957653 1.484722 17.641815 16.157093 "" "" 2229.45483 2920.24292 3103.74399 1.9256 1198.6 7.75 2731.0 8.4641 "" "" 0.00283646460744595 0.0075543877 0.0050603226 0.01261471 311.02279232235 45.44373003493 2534.70654 -2.367 -4.392
310.4238391525 45.78781366128 0.0423 0.0505 18.2297 "" "" 2070494744315797888 2564.21313 0.3813 0.0521 -2.941 -1.13 0.055 0.064 0.971 5236.2 4.5869 16.957977 1.340534 17.548056 16.207521 "" "" 2250.60767 3007.54663 3102.81325 2.2755 1306.8 6.8332 2607.0 11.903 "" "" 0.0028680641581055317 0.006325852 0.006233613 0.012559465 310.4238391525 45.78781366128 2564.21313 -2.941 -1.1300000000000001
310.54711003328 45.47797093729 0.0428 0.05 4.4853 "" "" 2070404554306178944 2909.37573 0.31 0.0526 -2.776 -4.377 0.056 0.066 1.016 9377.1 3.6975 16.95807 1.729372 17.771015 16.041643 "" "" 2590.97095 3336.38721 3102.54746 2.028 1064.2 8.481 3037.4 7.1913 "" "" 0.002845252408363443 0.009091372 0.004570729 0.013662101 310.54711003328 45.47797093729 2909.37573 -2.7760000000000002 -4.377000000000001
310.93697742543 45.7074337524 0.0435 0.0467 16.92 "" "" 2070434752212323200 2945.32983 0.3361 0.0537 -5.065 -4.895 0.061 0.06 1.013 7047.4 4.4369 16.959208 1.392431 17.585115 16.192684 "" "" 2582.6853 3461.99146 3099.30191 2.0312 1262.9 7.2166 2642.9 7.8948 "" "" 0.002845717963265358 0.0068027587 0.0049802214 0.01178298 310.93697742543 45.7074337524 2945.32983 -5.065000000000001 -4.894999999999998
310.64736148198 45.46387824679 0.0441 0.045 3.5175 "" "" 2070405035342613376 2790.62231 0.3009 0.0522 -1.992 -3.219 0.06 0.063 0.984 9558.9 4.1357 16.960161 2.049581 17.943699 15.894117 "" "" 2503.68506 3208.05493 3096.5803 2.2165 907.69 15.141 3479.5 25.247 "" "" 0.0028628246517287603 0.01832462 0.008737676 0.027062295 310.64736148198 45.46387824679 2790.62231 -1.9920000000000004 -3.2190000000000007
310.8712880949 45.30492907885 0.0419 0.0466 16.4131 "" "" 2070212002328424704 2975.19116 0.3241 0.0514 -3.053 -3.543 0.057 0.06 1.04 "" "" 16.960222 1.533276 17.666128 16.132853 "" "" 2597.90894 3410.39697 3096.40343 2.1599 1172.1 6.7117 2792.7 7.4391 "" "" 0.0028575126283280575 0.0068145543 0.0047590174 0.011573572 310.8712880949 45.30492907885 2975.19116 -3.0529999999999995 -3.5429999999999997
310.6613556281 45.63552700997 0.0432 0.0423 6.928 "" "" 2070442139555436416 2215.80127 0.4332 0.0487 -0.619 -9.032 0.056 0.055 1.005 5484.2 4.5869 16.960777 1.377386 17.580217 16.202831 "" "" 2037.36194 2497.15918 3094.82344 1.9215 1268.6 8.5011 2618.3 7.2254 "" "" 0.0028365841379656026 0.0077923574 0.0048229424 0.0126153 310.6613556281 45.63552700997 2215.80127 -0.6189999999999993 -9.032
310.91619307085 45.68136759059 0.0478 0.0485 15.2476 "" "" 2070434619078179712 2958.67212 0.311 0.0584 -6.062 -7.115 0.064 0.061 1.041 5597.7 4.5948 16.961363 1.423035 17.60886 16.185825 "" "" 2499.31763 3585.22095 3093.15603 1.9122 1235.6 7.1479 2659.7 8.7246 "" "" 0.002835896122229337 0.006872794 0.005193097 0.012065891 310.91619307085 45.68136759059 2958.67212 -6.062000000000001 -7.115
310.81427886858 45.58222124447 0.0447 0.0464 8.4147 "" "" 2070429495171549824 2804.11792 0.3299 0.0561 -3.614 -3.939 0.061 0.061 0.902 "" "" 16.962727 1.451675 17.600819 16.149143 "" "" 2440.84766 3166.61255 3089.27107 2.1797 1244.8 10.57 2751.1 7.4086 "" "" 0.002859832741479137 0.009632301 0.0047783456 0.014410647 310.81427886858 45.58222124447 2804.11792 -3.614 -3.9389999999999996
310.57318605385 45.5970429035 0.0477 0.0453 5.1842 "" "" 2070418641799015936 2612.12012 0.3556 0.0521 -0.923 -1.725 0.065 0.064 1.023 5596.0 4.5945 16.963465 1.389793 17.584724 16.194931 "" "" 2333.06079 3036.1145 3087.17099 2.1244 1263.4 6.9321 2637.5 6.9004 "" "" 0.0028548208748453733 0.0065783183 0.004727852 0.01130617 310.57318605385 45.5970429035 2612.12012 -0.9229999999999999 -1.725
310.9690379782 45.69749395236 0.0459 0.0465 17.5914 "" "" 2070434511694116992 2275.78247 0.4272 0.0551 -5.156 -5.623 0.06 0.058 0.941 5587.2 4.6071 16.963556 1.419376 17.600565 16.181189 "" "" 1996.7771 2587.87061 3086.91423 2.1212 1245.1 7.0325 2671.1 10.651 "" "" 0.002854542775424159 0.006737304 0.0057469257 0.01248423 310.9690379782 45.69749395236 2275.78247 -5.155999999999999 -5.622999999999999
310.47368308718 45.45123241089 0.0876 0.0923 7.9457 "" "" 2070415824300581888 2393.17725 0.4146 0.1028 -1.868 -1.091 0.11 0.113 1.883 "" "" 16.964151 1.52309 17.590431 16.06734 "" "" 1990.10437 3152.13281 3085.22036 6.5825 1256.7 8.0035 2966.3 8.3506 "" "" 0.0035997054657564164 0.007456405 0.004860661 0.012317066 310.47368308718 45.45123241089 2393.17725 -1.8680000000000003 -1.0910000000000002
310.64370628068 45.74602362642 0.0484 0.0455 13.4657 "" "" 2070443861847616512 2897.9519 0.3393 0.052 -5.553 -1.75 0.064 0.059 1.059 "" "" 16.965935 1.596623 17.71574 16.119118 "" "" 2538.49243 3422.76123 3080.15897 2.0201 1119.7 6.1436 2828.2 8.9927 "" "" 0.0028458454435746766 0.006578285 0.005118776 0.011697061 310.64370628068 45.74602362642 2897.9519 -5.553 -1.7499999999999996
310.6554133226 45.57773725324 0.0479 0.0495 3.4845 "" "" 2070430152311922304 2894.3064 0.3206 0.0571 -1.833 -5.612 0.062 0.062 1.115 6718.9 4.3508 16.966425 1.46702 17.637844 16.170824 "" "" 2523.80884 3371.64624 3078.76599 1.8935 1203.0 7.1004 2696.7 7.6886 "" "" 0.0028350798041656467 0.006989356 0.004885305 0.011874661 310.6554133226 45.57773725324 2894.3064 -1.8330000000000002 -5.612
310.39461961227 45.438505222 0.0423 0.053 11.2252 "" "" 2070410807778409344 2477.36279 0.3841 0.0539 -5.322 -2.161 0.057 0.061 0.952 "" "" 16.966438 1.779285 17.834703 16.055418 "" "" 2186.46167 2852.28516 3078.73095 2.1248 1003.5 8.8565 2999.1 11.442 "" "" 0.002855394618818489 0.009980241 0.0056073065 0.015587548 310.39461961227 45.438505222 2477.36279 -5.322 -2.1610000000000005
310.84603605521 45.8113409454 0.0434 0.0444 19.5278 "" "" 2070439154563652480 2218.78296 0.4208 0.0507 -3.045 -4.148 0.058 0.057 0.987 5449.2 4.5244 16.967598 1.585026 17.705122 16.120096 "" "" 2036.77185 2520.5376 3075.4397 2.0274 1130.8 11.224 2825.7 8.4003 "" "" 0.0028467658954755056 0.0111320475 0.004970087 0.016102135 310.84603605521 45.8113409454 2218.78296 -3.045 -4.148
310.56598489373 45.86464781159 0.0401 0.0433 20.7708 "" "" 2070449703003507712 2121.57324 0.4512 0.0483 2.532 -6.883 0.053 0.052 1.023 4705.0 4.2855 16.967812 1.325003 17.557734 16.23273 "" "" 1956.98511 2309.14087 3074.83777 1.8744 1295.2 7.0217 2547.2 6.6769 "" "" 0.002833698021789326 0.006513951 0.004731119 0.01124507 310.56598489373 45.86464781159 2121.57324 2.532 -6.882999999999999
310.2736066537 45.77873635222 0.051 0.061 21.5828 "" "" 2070471963806495104 2434.01782 0.3923 0.065 -0.372 -3.094 0.062 0.07 1.072 5183.1 4.7095 16.968231 1.297691 17.507946 16.210255 "" "" 2142.71143 2840.77344 3073.64855 2.6273 1355.9 9.0495 2600.5 13.117 "" "" 0.0029074214407785594 0.007764992 0.006653993 0.014418985 310.2736066537 45.77873635222 2434.01782 -0.372 -3.0940000000000003
310.31216943871 45.30625223934 0.0706 0.0869 18.7191 "" "" 2070407715401844864 2515.83447 0.3745 0.0839 -3.39 -5.076 0.094 0.099 1.433 "" "" 16.969282 2.407154 18.050224 15.64307 "" "" 2051.95752 3086.08179 3070.67368 4.9212 822.86 20.941 4384.6 62.158 "" "" 0.0032587669263327004 0.027771465 0.01584908 0.043620545 310.31216943871 45.30625223934 2515.83447 -3.3900000000000006 -5.076
310.82487570729 45.50697151806 0.0453 0.0449 8.0901 "" "" 2070426029143430656 2309.5979 0.4228 0.0531 -4.663 -6.39 0.056 0.058 1.051 "" "" 16.96983 1.482611 17.644777 16.162167 "" "" 2057.80811 2587.11084 3069.12941 1.9778 1195.4 6.9637 2718.3 5.9585 "" "" 0.0028427668688976383 0.0069129537 0.0044662943 0.0113792475 310.82487570729 45.50697151806 2309.5979 -4.662999999999999 -6.389999999999999
310.80701598785 45.64616660454 0.0484 0.0458 10.4302 "" "" 2070431286183462272 2945.5271 0.3178 0.0557 -4.459 -6.985 0.065 0.059 1.046 7956.2 3.4084 16.971348 2.629229 18.42715 15.797922 "" "" 2498.30444 3494.92505 3064.84005 2.2337 581.51 11.255 3801.8 10.975 "" "" 0.0028666959285167624 0.021198612 0.0049099405 0.026108552 310.80701598785 45.64616660454 2945.5271 -4.458999999999999 -6.984999999999999
310.68528568876 45.61199497427 0.045 0.0453 5.8361 "" "" 2070430324110657280 2470.55469 0.3994 0.0515 -3.24 -4.153 0.06 0.056 1.01 7109.1 4.3107 16.974878 1.7617 17.82738 16.06568 "" "" 2201.83594 2824.21021 3054.89131 2.0041 1010.3 7.7699 2970.9 10.724 "" "" 0.0028458962737225022 0.00880389 0.005444589 0.014248479 310.68528568876 45.61199497427 2470.55469 -3.24 -4.1530000000000005
311.07075727049 45.46983746378 0.0427 0.0457 18.647 "" "" 2070238115730080384 2997.44507 0.3187 0.0525 -4.619 -3.574 0.054 0.055 1.013 6104.7 4.434 16.975704 1.529253 17.682919 16.153666 "" "" 2571.01001 3461.81812 3052.56461 1.8851 1154.1 10.996 2739.6 11.631 "" "" 0.002835727313482962 0.010714323 0.0059608095 0.016675133 311.07075727049 45.46983746378 2997.44507 -4.619 -3.574
310.6166565859 45.19419113209 0.0434 0.0442 19.6639 "" "" 2070392253507126272 2248.70752 0.4223 0.0514 -4.063 -5.495 0.054 0.058 1.007 "" "" 16.976416 2.00317 17.971365 15.968195 "" "" 1935.50757 2498.14355 3050.56774 1.9835 884.85 12.336 3250.0 9.5163 "" "" 0.0028443205155730187 0.015391635 0.004938687 0.020330321 310.6166565859 45.19419113209 2248.70752 -4.063000000000001 -5.495000000000001
310.62483414998 45.77800956527 0.0496 0.0456 15.3826 "" "" 2070445609889905280 2612.5813 0.3647 0.0538 -2.958 -4.672 0.066 0.06 1.018 4620.3 4.2328 16.97772 1.442417 17.64676 16.204344 "" "" 2330.96094 2944.13232 3046.90337 3.3349 1193.2 9.6189 2614.7 11.616 "" "" 0.0030006651823059416 0.009186558 0.0061277677 0.015314326 310.62483414998 45.77800956527 2612.5813 -2.958000000000001 -4.672000000000001
310.57242796082 45.79413923942 0.0464 0.0429 16.5461 "" "" 2070447327876883968 2385.51294 0.4088 0.0504 -2.332 -3.997 0.059 0.056 0.962 7063.4 4.3183 16.977926 1.696346 17.793371 16.097025 "" "" 2129.87158 2703.53442 3046.32259 2.1023 1042.5 13.211 2886.3 11.38 "" "" 0.002855382136490487 0.014038966 0.005710428 0.019749394 310.57242796082 45.79413923942 2385.51294 -2.332 -3.997
