Clusters/UPK_38/UPK_38_stars_in_region.tsv
# %ECSV 1.0
# ---
# datatype:
# - name: RA_ICRS_1
#   unit: deg
#   datatype: float64
#   format: '{:15.11f}'
#   description: Right ascension (ICRS) at Ep=2016.0 (ra)
#   meta: !!omap
#   - {ucd: POS_EQ_RA_MAIN}
#   - {width: 15}
#   - {precision: '11'}
# - name: DE_ICRS_1
#   unit: deg
#   datatype: float64
#   format: '{:15.11f}'
#   description: Declination (ICRS) at Ep=2016.0 (dec)
#   meta: !!omap
#   - {ucd: POS_EQ_DEC_MAIN}
#   - {width: 15}
#   - {precision: '11'}
# - name: e_RA_ICRS
#   unit: mas
#   datatype: float64
#   format: '{:7.4f}'
#   description: Standard error of right ascension (ra_error)
#   meta: !!omap
#   - {ucd: ERROR}
#   - {width: 7}
#   - {precision: '4'}
# - name: e_DE_ICRS
#   unit: mas
#   datatype: float64
#   format: '{:7.4f}'
#   description: Standard error of declination (dec_error)
#   meta: !!omap
#   - {ucd: ERROR}
#   - {width: 7}
#   - {precision: '4'}
# - name: _r_1
#   unit: ''
#   datatype: float64
#   format: '{:7.4f}'
#   description: Distance from center (280.82970640000-01.65349410000)[ICRS], at Epoch=J2016.0
#   meta: !!omap
#   - {ucd: POS_ANG_DIST_GENERAL}
#   - {width: 7}
#   - {precision: '4'}
# - name: HIP
#   datatype: int32
#   description: '? HIP cross-id number, van Leeuwen, Cat. I/311 (hip_original_ext_source_id)'
#   meta: !!omap
#   - {ucd: ID_NUMBER}
#   - {width: 6}
#   - values: {'null': -2147483648}
# - name: TYC2
#   datatype: string
#   description: Tycho-2 cross-id name, Hog et al., Cat. I/259 (tyc2_original_ext_source_id)
#   meta: !!omap
#   - {ucd: ID_CROSSID}
#   - {_votable_string_dtype: char}
# - name: Source
#   datatype: int64
#   description: Source identifier, identical to the Gaia-EDR3 source_id (id)
#   meta: !!omap
#   - {ucd: ID_MAIN}
#   - {width: 19}
# - name: rgeo
#   unit: pc
#   datatype: float64
#   format: '{:15.8f}'
#   description: '? Median of the geometric distance posterior (r_med_geo)'
#   meta: !!omap
#   - {ucd: PHYS_DISTANCE_TRUE}
#   - {width: 15}
#   - {precision: '8'}
#   - values: {'null': .nan}
# - name: Plx
#   unit: mas
#   datatype: float64
#   format: '{:9.4f}'
#   description: '? Parallax (parallax)'
#   meta: !!omap
#   - {ucd: POS_PARLX_TRIG}
#   - {width: 9}
#   - {precision: '4'}
#   - values: {'null': .nan}
# - name: e_Plx
#   unit: mas
#   datatype: float32
#   format: '{:7.4f}'
#   description: '? Standard error of parallax (parallax_error)'
#   meta: !!omap
#   - {ucd: ERROR}
#   - {width: 7}
#   - {precision: '4'}
#   - values: {'null': .nan}
# - name: pmRA
#   unit: mas / yr
#   datatype: float64
#   format: '{:9.3f}'
#   description: '? Proper motion in right ascension direction, pmRA*cosDE (pmra)'
#   meta: !!omap
#   - {ucd: POS_EQ_PMRA}
#   - {width: 9}
#   - {precision: '3'}
#   - values: {'null': .nan}
# - name: pmDE
#   unit: mas / yr
#   datatype: float64
#   format: '{:9.3f}'
#   description: '? Proper motion in declination direction (pmdec)'
#   meta: !!omap
#   - {ucd: POS_EQ_PMDEC}
#   - {width: 9}
#   - {precision: '3'}
#   - values: {'null': .nan}
# - name: e_pmRA
#   unit: mas / yr
#   datatype: float32
#   format: '{:6.3f}'
#   description: '? Standard error of proper motion in right ascension direction (pmra_error)'
#   meta: !!omap
#   - {ucd: ERROR}
#   - {width: 6}
#   - {precision: '3'}
#   - values: {'null': .nan}
# - name: e_pmDE
[...]
#         unit: &id001 !astropy.units.Unit {unit: deg}
#         value: !astropy.table.SerializedColumn {name: SkyCoord.dec}
#       distance: !astropy.table.SerializedColumn
#         __class__: astropy.coordinates.distances.Distance
#         unit: !astropy.units.Unit {unit: pc}
#         value: !astropy.table.SerializedColumn {name: SkyCoord.distance}
#       frame: icrs
#       obstime: !astropy.time.Time {format: jyear_str, in_subfmt: '*', jd1: 367701545.0, jd2: 0.0, out_subfmt: '*', precision: 3, scale: tt}
#       pm_dec: !astropy.table.SerializedColumn
#         __class__: astropy.units.quantity.Quantity
#         unit: !astropy.units.Unit {unit: mas / yr}
#         value: !astropy.table.SerializedColumn {name: SkyCoord.pm_dec}
#       pm_ra_cosdec: !astropy.table.SerializedColumn
#         __class__: astropy.units.quantity.Quantity
#         unit: !astropy.units.Unit {unit: mas / yr}
#         value: !astropy.table.SerializedColumn {name: SkyCoord.pm_ra_cosdec}
#       ra: !astropy.table.SerializedColumn
#         __class__: astropy.coordinates.angles.Longitude
#         unit: *id001
#         value: !astropy.table.SerializedColumn {name: SkyCoord.ra}
#         wrap_angle: !astropy.coordinates.Angle
#           unit: *id001
#           value: 360.0
#       representation_type: spherical
# schema: astropy-2.0
RA_ICRS_1 DE_ICRS_1 e_RA_ICRS e_DE_ICRS _r_1 HIP TYC2 Source rgeo Plx e_Plx pmRA pmDE e_pmRA e_pmDE RUWE Teff logg Gmag BP-RP BPmag RPmag RV e_RV b_rgeo B_rgeo FG e_FG FBP e_FBP FRP e_FRP RAVE5 RAVE6 e_Gmag e_BPmag e_RPmag e_BP-RP SkyCoord.ra SkyCoord.dec SkyCoord.distance SkyCoord.pm_ra_cosdec SkyCoord.pm_dec
[from data line 160]
280.79475634339 -0.68785440954 0.0145 0.0156 57.9763 "" "" 4260341411407097728 589.93988 1.6584 0.0194 -0.506 -10.74 0.019 0.016 0.862 5645.1 3.7834 13.535434 1.600544 14.284296 12.683752 4.44 4.16 584.044739 595.967834 72572.71265 15.498 26406.0 38.552 66936.0 41.796 "" "" 0.0027650585257322077 0.0032090074 0.0038397065 0.007048714 280.79475634339 -0.68785440954 589.93988 -0.5060000000000001 -10.74
280.75711390128 -0.90403256299 0.0155 0.0152 45.178 "" "" 4260241527668191872 531.595154 1.8405 0.0192 6.59 0.186 0.019 0.016 1.018 5915.9 4.0276 13.543606 1.39209 14.168482 12.776392 -0.99 3.31 525.959961 537.233765 72028.5135 17.499 29378.0 37.361 61461.0 38.011 "" "" 0.0027679173553974688 0.0031131282 0.0038385694 0.0069516976 280.75711390128 -0.90403256299 531.595154 6.589999999999999 0.18600000000000003
281.3013348315 -1.30218701012 0.0149 0.0143 35.2778 "" "" 4259978435135392384 583.047424 1.6748 0.017 5.327 -10.282 0.018 0.016 1.003 5606.8 4.1649 13.545242 1.349241 14.149195 12.799953 -21.53 2.95 576.833008 589.118225 71920.01625 14.127 29905.0 45.8 60142.0 29.732 "" "" 0.0027635615405258674 0.0032480806 0.0038173061 0.0070653865 281.3013348315 -1.30218701012 583.047424 5.327 -10.282000000000002
280.70463720713 -1.83412614817 0.0144 0.0136 13.1803 "" "" 4259932186926138752 694.225525 1.3991 0.0167 -4.363 -18.364 0.017 0.015 1.083 6005.7 3.8823 13.546447 1.706724 14.359728 12.653004 -16.18 2.33 685.379028 702.962402 71840.29172 21.597 24633.0 31.356 68858.0 58.14 "" "" 0.0027745857570106508 0.0031137026 0.003888976 0.0070026787 280.70463720713 -1.83412614817 694.225525 -4.363 -18.364
280.53440561288 -1.67864589017 0.0154 0.0154 17.7747 "" "" 4260125735345314560 592.205994 1.6471 0.0192 3.443 -7.001 0.019 0.016 1.14 6947.1 4.0315 13.546601 1.65245 14.326815 12.674365 35.13 3.95 584.366394 599.639771 71830.06247 16.465 25392.0 28.527 67517.0 36.345 "" "" 0.0027665371403880557 0.0030451478 0.003824307 0.006869455 280.53440561288 -1.67864589017 592.205994 3.4429999999999996 -7.0009999999999994
281.19854946824 -2.45473379992 0.0172 0.0154 52.9176 "" "" 4258715714753950976 578.970154 1.6857 0.0188 -0.963 -9.041 0.024 0.017 0.952 6705.7 4.1406 13.548845 1.567827 14.277114 12.709287 -13.99 4.02 572.981873 585.545837 71681.73659 17.082 26581.0 44.103 65380.0 37.069 "" "" 0.002767441597354431 0.0033211824 0.0038291875 0.0071503697 281.19854946824 -2.45473379992 578.970154 -0.9630000000000001 -9.040999999999999
280.42149413439 -2.27307861005 0.0137 0.0134 44.5103 "" "" 4259530384181752064 584.13092 1.6684 0.0171 -1.891 -17.701 0.017 0.015 1.143 5689.6 4.0043 13.551226 1.705688 14.362888 12.6572 -76.32 2.39 578.776001 589.330627 71524.76541 15.044 24562.0 31.038 68593.0 41.691 "" "" 0.0027647676884151413 0.0031092498 0.0038365626 0.006945812 280.42149413439 -2.27307861005 584.13092 -1.8910000000000005 -17.701000000000004
280.9230212597 -0.9449034276 0.0165 0.0155 42.8823 "" "" 4260193733269832832 675.118591 1.4399 0.0195 -5.215 -11.026 0.019 0.015 0.966 6965.8 3.9358 13.554123 1.650225 14.326861 12.676637 27.2 3.53 666.140259 683.895813 71334.17322 15.433 25391.0 34.332 67376.0 49.233 "" "" 0.0027653147911776924 0.0031528156 0.0038617563 0.0070145717 280.9230212597 -0.9449034276 675.118591 -5.215 -11.025999999999998
281.27553090634 -1.47293020929 0.0135 0.013 28.8509 "" "" 4259962629655263616 646.856018 1.5042 0.0153 0.81 -1.446 0.015 0.015 1.006 7185.8 4.0828 13.557288 1.42885 14.201904 12.773054 "" "" 640.496521 653.295654 71126.48416 17.777 28488.0 38.184 61650.0 32.757 "" "" 0.0027686508551298607 0.003146881 0.0038231574 0.0069700386 281.27553090634 -1.47293020929 646.856018 0.81 -1.4459999999999997
280.15243469183 -0.90926852591 0.0153 0.0162 60.3689 "" "" 4272238844465650048 526.235168 1.862 0.0209 -0.778 -5.139 0.02 0.019 1.191 6511.8 3.913 13.565199 1.886386 14.497072 12.610686 30.76 2.35 521.433777 531.199402 70610.16484 21.769 21706.0 21.838 71595.0 40.954 "" "" 0.002775578145286017 0.0029963732 0.0038300718 0.006826445 280.15243469183 -0.90926852591 526.235168 -0.7780000000000001 -5.139
281.01441368289 -1.80959693866 0.0142 0.0136 14.5063 "" "" 4259926483209258112 584.062439 1.671 0.0165 -0.232 -6.27 0.017 0.015 1.131 6846.5 4.2843 13.578553 1.294912 14.149092 12.854179 11.2 8.82 578.832886 590.270691 69746.95997 14.035 29908.0 33.586 57212.0 25.513 "" "" 0.002763968679218784 0.003044936 0.0038102688 0.0068552047 281.01441368289 -1.80959693866 584.062439 -0.23200000000000004 -6.27
281.4273551699 -1.99228692068 0.0147 0.0139 41.204 "" "" 4259859447357864320 627.836853 1.5569 0.0171 2.672 6.246 0.017 0.016 0.943 7436.5 4.0521 13.58175 1.479415 14.254452 12.775037 -8.32 6.84 620.195496 634.581909 69541.92393 13.337 27142.0 30.216 61538.0 35.24 "" "" 0.0027631770897926845 0.0030407251 0.003830183 0.006870908 281.4273551699 -1.99228692068 627.836853 2.6720000000000006 6.246
280.65663052202 -2.14411797008 0.0142 0.0146 31.2135 "" "" 4259538974117081088 546.601562 1.7883 0.0163 -1.252 -9.415 0.017 0.016 0.902 5812.0 4.168 13.586329 1.346986 14.17977 12.832785 -115.56 7.56 541.84259 551.5802 69249.31363 20.082 29074.0 31.713 58350.0 146.22 "" "" 0.002773251784371351 0.0030311025 0.004656851 0.0076879533 280.65663052202 -2.14411797008 546.601562 -1.2519999999999998 -9.415
280.75279423138 -1.29000357292 0.0131 0.0143 22.292 "" "" 4260177171875851904 549.915527 1.7792 0.0175 -0.742 -13.148 0.016 0.015 0.994 6831.0 4.236 13.604492 1.427392 14.248658 12.821266 -24.71 5.32 545.495667 554.698853 68100.44001 11.407 27287.0 24.464 58973.0 30.244 "" "" 0.0027613155879057535 0.0029550933 0.0038201793 0.0067752725 280.75279423138 -1.29000357292 549.915527 -0.742 -13.148
281.22783296753 -2.39094136334 0.0151 0.016 50.2761 "" "" 4259466956099849984 617.209534 1.5813 0.0206 -0.102 -6.377 0.018 0.015 0.981 7652.8 4.0905 13.610018 1.50012 14.298157 12.798037 -7.27 4.71 607.988037 626.233582 67754.74486 18.058 26071.0 27.73 60248.0 30.799 "" "" 0.002770473729872903 0.0030197136 0.00381992 0.0068396335 281.22783296753 -2.39094136334 617.209534 -0.10200000000000002 -6.377
280.10169614125 -1.21177381181 0.0236 0.0232 51.0805 "" "" 4260214417833760000 473.030243 2.0683 0.0263 -4.544 -3.341 0.028 0.026 1.757 6596.2 4.1291 13.617838 1.782865 14.473373 12.690508 -20.35 3.32 468.109711 479.056641 67268.47697 25.126 22185.0 45.357 66520.0 117.2 "" "" 0.0027850051861730276 0.0035654528 0.0042359224 0.0078013754 280.10169614125 -1.21177381181 473.030243 -4.5440000000000005 -3.3409999999999997
281.76545483842 -1.8423631862 0.0316 0.0336 57.2515 "" "" 4259888000291219072 545.551025 1.8059 0.0422 0.056 -2.069 0.035 0.032 1.287 "" "" 13.620517 1.677801 14.208769 12.530968 "" "" 533.13562 557.588501 67102.71135 70.001 28308.0 583.08 77050.0 4113.5 "" "" 0.002979033833858134 0.022537062 0.058087725 0.08062479 281.76545483842 -1.8423631862 545.551025 0.055999999999999994 -2.069
280.69499931321 -1.03489960869 0.0143 0.0146 37.985 "" "" 4260232319258138240 537.97937 1.8163 0.019 -2.422 -28.226 0.018 0.015 1.075 5394.9 4.1155 13.626658 1.506355 14.322172 12.815817 -19.18 4.25 532.814331 544.075989 66724.22066 14.38 25500.0 35.649 59270.0 31.659 "" "" 0.002765238023762127 0.0031763099 0.003823619 0.006999929 280.69499931321 -1.03489960869 537.97937 -2.4219999999999997 -28.226
280.96054276749 -2.05493404699 0.0166 0.016 25.3321 "" "" 4259866284946226688 572.739258 1.7039 0.02 2.409 2.246 0.02 0.016 1.03 5926.3 4.1821 13.630811 1.286967 14.194803 12.907836 20.74 14.34 566.963867 579.555847 66469.48567 16.563 28674.0 34.46 54453.0 35.759 "" "" 0.0027685708396076227 0.0030801962 0.0038460488 0.006926245 280.96054276749 -2.05493404699 572.739258 2.4089999999999994 2.246
280.96633745026 -2.54936971086 0.0145 0.0136 54.3732 "" "" 4259458709762176512 653.916687 1.4903 0.0159 -6.889 -7.088 0.018 0.017 0.955 7219.4 3.9837 13.63269 1.643861 14.407891 12.76403 -1.3 6.33 646.827881 661.311584 66354.52134 23.274 23565.0 43.262 62165.0 45.465 "" "" 0.0027815133737414946 0.0034290121 0.0038618993 0.0072909114 280.96633745026 -2.54936971086 653.916687 -6.888999999999999 -7.087999999999999
280.9935793413 -1.17574650756 0.0143 0.0135 30.3033 "" "" 4260173838980408320 686.61084 1.4167 0.0166 2.305 2.742 0.017 0.016 1.053 6616.7 4.0137 13.639376 1.542207 14.35263 12.810423 -35.86 3.01 678.190613 693.57428 65947.20936 13.809 24795.0 29.006 59565.0 34.536 "" "" 0.0027646837560924755 0.003065661 0.0038314508 0.006897112 280.9935793413 -1.17574650756 686.61084 2.305 2.742
281.51726049806 -0.91325855341 0.0145 0.0135 60.61 "" "" 4260275956103710336 573.475647 1.7047 0.0163 -16.653 -6.888 0.018 0.017 1.109 5687.4 4.0781 13.647731 1.525472 14.350438 12.824966 35.3 3.02 568.958618 579.126892 65441.66203 14.66 24845.0 25.132 58772.0 30.384 "" "" 0.0027660344618432365 0.0029985434 0.0038208363 0.0068193795 281.51726049806 -0.91325855341 573.475647 -16.653 -6.888000000000002
281.63499454939 -1.87927900642 0.0136 0.0137 50.1584 "" "" 4259884697456289536 630.507812 1.5456 0.0168 -0.209 -5.996 0.016 0.017 0.968 9000.5 4.2532 13.651302 1.622796 14.411232 12.788436 -5.12 5.04 622.799744 637.763794 65226.74089 16.213 23492.0 23.637 60783.0 30.732 "" "" 0.0027685053168090158 0.002996409 0.003819041 0.0068154503 281.63499454939 -1.87927900642 630.507812 -0.20899999999999994 -5.9959999999999996
281.35035841414 -1.21252862696 0.0143 0.0135 40.9303 "" "" 4260075844990377984 489.057587 2.008 0.0163 0.875 -2.325 0.017 0.016 0.933 5771.0 4.3452 13.658837 1.098358 14.124537 13.026179 -11.5 6.11 484.422974 493.04834 64775.66056 30.898 30592.0 54.489 48830.0 59.905 "" "" 0.002803570227045921 0.0033948293 0.004007234 0.0074020633 281.35035841414 -1.21252862696 489.057587 0.8750000000000001 -2.3249999999999997
281.15489485442 -1.27561490746 0.0147 0.0139 29.9081 "" "" 4259980805957404928 518.173828 1.8935 0.0168 1.641 -16.319 0.018 0.016 1.002 5817.3 4.2326 13.680999 1.217547 14.21056 12.993012 1.22 5.63 514.470581 523.294983 63466.91456 14.405 28261.0 24.487 50345.0 34.138 "" "" 0.0027663181660470887 0.002944495 0.0038504212 0.0067949165 281.15489485442 -1.27561490746 518.173828 1.641 -16.319000000000003
280.94142935449 -0.97145357737 0.0154 0.0151 41.4675 "" "" 4260192599398450688 514.610596 1.9017 0.0184 -3.647 -19.619 0.018 0.015 1.002 6043.2 4.1209 13.688995 1.347708 14.288754 12.941046 84.08 3.68 510.437897 520.155212 63001.1614 11.987 26298.0 29.023 52813.0 27.018 "" "" 0.0027630534391719186 0.0030365814 0.003819979 0.0068565607 280.94142935449 -0.97145357737 514.610596 -3.6469999999999994 -19.619
280.4044430946 -1.66304567326 0.0285 0.0263 25.5116 "" "" 4260129343118117504 523.219299 1.8732 0.0319 11.33 -9.227 0.036 0.032 1.916 6022.4 4.0287 13.689176 1.461908 14.349321 12.887413 -60.25 6.32 514.715759 532.663757 62990.73411 21.302 24871.0 26.752 55487.0 41.37 "" "" 0.002779676909105258 0.0030247187 0.0038651032 0.006889822 280.4044430946 -1.66304567326 523.219299 11.33 -9.227000000000002
281.79925396866 -1.32270027384 0.0165 0.0161 61.4469 "" "" 4260062341612719232 607.57373 1.6017 0.0196 -1.676 -5.744 0.021 0.019 1.017 9031.0 3.9185 13.699055 2.141358 14.798517 12.657159 4.28 6.76 599.442932 614.155151 62420.15346 21.06 16444.0 33.216 68595.0 34.533 "" "" 0.002779564355863855 0.003548924 0.0038187031 0.007367627 281.79925396866 -1.32270027384 607.57373 -1.6759999999999997 -5.744
280.89711740307 -2.38672000971 0.0138 0.0134 44.1789 "" "" 4259481662067587200 474.391113 2.0679 0.0161 -3.633 -11.281 0.018 0.016 1.072 5801.0 4.3496 13.709464 1.159525 14.206171 13.046646 -8.46 6.72 470.575867 477.855438 61824.5753 23.709 28376.0 42.448 47918.0 48.324 "" "" 0.0027866020446513243 0.0032284614 0.003934795 0.0071632564 280.89711740307 -2.38672000971 474.391113 -3.633 -11.281
281.28969850275 -1.91905131976 0.0157 0.0171 31.857 "" "" 4259872465392725632 680.223938 1.4297 0.0224 -3.535 -10.94 0.021 0.017 0.924 7241.2 3.9336 13.716548 1.552731 14.434719 12.881988 5.37 3.51 669.341125 695.09375 61422.498 19.35 22989.0 33.375 55765.0 37.244 "" "" 0.002776469206454451 0.0032046242 0.0038483175 0.0070529417 281.28969850275 -1.91905131976 680.223938 -3.535 -10.940000000000001
281.41844966358 -2.48987747696 0.0161 0.0146 61.3556 "" "" 4259086245856028672 621.38739 1.5685 0.0181 0.297 -6.327 0.018 0.016 0.941 8260.4 4.1487 13.735236 1.701423 14.545151 12.843728 42.12 5.36 614.362 627.918701 60374.34562 16.305 20766.0 34.334 57765.0 38.988 "" "" 0.0027708783828886245 0.0033177612 0.0038497709 0.007167532 281.41844966358 -2.48987747696 621.38739 0.29699999999999993 -6.326999999999999
280.86246386761 -1.89261087535 0.0194 0.0188 14.4809 "" "" 4259920367178677120 634.724976 1.546 0.0224 -0.426 -5.987 0.025 0.022 1.152 7292.4 4.1921 13.736847 1.502812 14.424644 12.921832 10.01 3.61 626.762268 643.161316 60284.80753 13.459 23204.0 32.093 53756.0 25.823 "" "" 0.002765962082589083 0.003168601 0.0038152 0.006983801 280.86246386761 -1.89261087535 634.724976 -0.42599999999999993 -5.987
281.83187620735 -1.4734029062 0.0142 0.014 61.0713 "" "" 4260004376732624000 550.984802 1.7672 0.017 -1.213 10.292 0.018 0.016 1.029 5799.5 3.9385 13.739299 2.006804 14.752466 12.745662 -20.65 3.55 544.934509 556.761292 60148.82123 18.058 17157.0 30.985 63226.0 32.306 "" "" 0.002774534296936877 0.0034102502 0.0038198817 0.007230132 281.83187620735 -1.4734029062 550.984802 -1.2129999999999999 10.291999999999998
280.78584512426 -1.63118052964 0.015 0.0144 2.9517 "" "" 4259944792645157760 616.483521 1.575 0.0175 -0.918 -1.398 0.019 0.018 1.089 4795.2 3.3466 13.743481 2.236104 14.919444 12.68334 -8.18 1.26 610.030884 623.88916 59917.60343 22.529 14711.0 16.313 66961.0 31.562 "" "" 0.0027853987839635305 0.0030388474 0.0038138728 0.00685272 280.78584512426 -1.63118052964 616.483521 -0.918 -1.398
281.45830894319 -1.1228150497 0.0147 0.0149 49.3507 "" "" 4260078456330336384 587.822144 1.6627 0.0181 0.835 -9.96 0.018 0.017 0.968 6293.3 4.2334 13.753167 1.339299 14.349904 13.010605 -10.65 3.32 581.36731 594.468994 59385.4064 10.916 24857.0 29.401 49535.0 21.01 "" "" 0.0027625386778808137 0.0030715233 0.0038073345 0.0068788575 281.45830894319 -1.1228150497 587.822144 0.835 -9.960000000000003
280.24236971783 -2.35091689936 0.0138 0.0132 54.6935 "" "" 4259505645167628800 653.364807 1.488 0.0159 8.212 -4.142 0.017 0.016 1.055 "" "" 13.760361 2.030002 14.792724 12.762722 -26.47 1.45 646.717896 659.504456 58993.28129 16.411 16532.0 15.418 62240.0 34.584 "" "" 0.0027718250926816257 0.0029682242 0.0038272303 0.006795455 280.24236971783 -2.35091689936 653.364807 8.211999999999996 -4.142000000000001
280.59980915055 -1.23452674383 0.0166 0.0198 28.6718 "" "" 4260181295044139648 552.802979 1.7752 0.0252 1.466 -25.248 0.021 0.018 0.987 "" "" 13.765435 1.689455 14.572945 12.88349 -34.24 3.3 543.960693 560.814819 58718.16785 18.879 20241.0 23.154 55688.0 50.881 "" "" 0.0027773457668096167 0.0030541103 0.0039074062 0.0069615166 280.59980915055 -1.23452674383 552.802979 1.4660000000000002 -25.248000000000005
280.38512833564 -1.4108718975 0.015 0.014 30.38 "" "" 4260148893808792320 665.392212 1.4641 0.0171 -1.411 0.804 0.02 0.016 0.981 7242.1 3.9483 13.773558 1.817088 14.656962 12.839874 -5.95 7.69 658.906738 671.344055 58280.54237 16.898 18734.0 26.608 57971.0 37.155 "" "" 0.002773245220840963 0.0031879537 0.0038429115 0.007030865 280.38512833564 -1.4108718975 665.392212 -1.4110000000000003 0.804
281.31089351361 -1.53027159625 0.0145 0.0161 29.792 "" "" 4259961392704616192 691.538818 1.4038 0.0194 -2.326 2.58 0.017 0.017 1.111 7706.1 4.084 13.776564 1.479024 14.448363 12.969339 17.55 5.73 682.088928 703.032837 58119.41916 28.319 22702.0 46.316 51454.0 62.276 "" "" 0.002805648404498398 0.003562537 0.004001321 0.007563858 281.31089351361 -1.53027159625 691.538818 -2.326 2.5799999999999996
