Clusters/UPK_38/UPK_38_stars_in_region.tsv
# %ECSV 1.0
# ---
# datatype:
# - name: RA_ICRS_1
#   unit: deg
#   datatype: float64
#   format: '{:15.11f}'
#   description: Right ascension (ICRS) at Ep=2016.0 (ra)
#   meta: !!omap
#   - {ucd: POS_EQ_RA_MAIN}
#   - {width: 15}
#   - {precision: '11'}
# - name: DE_ICRS_1
#   unit: deg
#   datatype: float64
#   format: '{:15.11f}'
#   description: Declination (ICRS) at Ep=2016.0 (dec)
#   meta: !!omap
#   - {ucd: POS_EQ_DEC_MAIN}
#   - {width: 15}
#   - {precision: '11'}
# - name: e_RA_ICRS
#   unit: mas
#   datatype: float64
#   format: '{:7.4f}'
#   description: Standard error of right ascension (ra_error)
#   meta: !!omap
#   - {ucd: ERROR}
#   - {width: 7}
#   - {precision: '4'}
# - name: e_DE_ICRS
#   unit: mas
#   datatype: float64
#   format: '{:7.4f}'
#   description: Standard error of declination (dec_error)
#   meta: !!omap
#   - {ucd: ERROR}
#   - {width: 7}
#   - {precision: '4'}
# - name: _r_1
#   unit: ''
#   datatype: float64
#   format: '{:7.4f}'
#   description: Distance from center (280.82970640000-01.65349410000)[ICRS], at Epoch=J2016.0
#   meta: !!omap
#   - {ucd: POS_ANG_DIST_GENERAL}
#   - {width: 7}
#   - {precision: '4'}
# - name: HIP
#   datatype: int32
#   description: '? HIP cross-id number, van Leeuwen, Cat. I/311 (hip_original_ext_source_id)'
#   meta: !!omap
#   - {ucd: ID_NUMBER}
#   - {width: 6}
#   - values: {'null': -2147483648}
# - name: TYC2
#   datatype: string
#   description: Tycho-2 cross-id name, Hog et al., Cat. I/259 (tyc2_original_ext_source_id)
#   meta: !!omap
#   - {ucd: ID_CROSSID}
#   - {_votable_string_dtype: char}
# - name: Source
#   datatype: int64
#   description: Source identifier, identical to the Gaia-EDR3 source_id (id)
#   meta: !!omap
#   - {ucd: ID_MAIN}
#   - {width: 19}
# - name: rgeo
#   unit: pc
#   datatype: float64
#   format: '{:15.8f}'
#   description: '? Median of the geometric distance posterior (r_med_geo)'
#   meta: !!omap
#   - {ucd: PHYS_DISTANCE_TRUE}
#   - {width: 15}
#   - {precision: '8'}
#   - values: {'null': .nan}
# - name: Plx
#   unit: mas
#   datatype: float64
#   format: '{:9.4f}'
#   description: '? Parallax (parallax)'
#   meta: !!omap
#   - {ucd: POS_PARLX_TRIG}
#   - {width: 9}
#   - {precision: '4'}
#   - values: {'null': .nan}
# - name: e_Plx
#   unit: mas
#   datatype: float32
#   format: '{:7.4f}'
#   description: '? Standard error of parallax (parallax_error)'
#   meta: !!omap
#   - {ucd: ERROR}
#   - {width: 7}
#   - {precision: '4'}
#   - values: {'null': .nan}
# - name: pmRA
#   unit: mas / yr
#   datatype: float64
#   format: '{:9.3f}'
#   description: '? Proper motion in right ascension direction, pmRA*cosDE (pmra)'
#   meta: !!omap
#   - {ucd: POS_EQ_PMRA}
#   - {width: 9}
#   - {precision: '3'}
#   - values: {'null': .nan}
# - name: pmDE
#   unit: mas / yr
#   datatype: float64
#   format: '{:9.3f}'
#   description: '? Proper motion in declination direction (pmdec)'
#   meta: !!omap
#   - {ucd: POS_EQ_PMDEC}
#   - {width: 9}
#   - {precision: '3'}
#   - values: {'null': .nan}
# - name: e_pmRA
#   unit: mas / yr
#   datatype: float32
#   format: '{:6.3f}'
#   description: '? Standard error of proper motion in right ascension direction (pmra_error)'
#   meta: !!omap
#   - {ucd: ERROR}
#   - {width: 6}
#   - {precision: '3'}
#   - values: {'null': .nan}
# - name: e_pmDE
[...]
#         unit: &id001 !astropy.units.Unit {unit: deg}
#         value: !astropy.table.SerializedColumn {name: SkyCoord.dec}
#       distance: !astropy.table.SerializedColumn
#         __class__: astropy.coordinates.distances.Distance
#         unit: !astropy.units.Unit {unit: pc}
#         value: !astropy.table.SerializedColumn {name: SkyCoord.distance}
#       frame: icrs
#       obstime: !astropy.time.Time {format: jyear_str, in_subfmt: '*', jd1: 367701545.0, jd2: 0.0, out_subfmt: '*', precision: 3, scale: tt}
#       pm_dec: !astropy.table.SerializedColumn
#         __class__: astropy.units.quantity.Quantity
#         unit: !astropy.units.Unit {unit: mas / yr}
#         value: !astropy.table.SerializedColumn {name: SkyCoord.pm_dec}
#       pm_ra_cosdec: !astropy.table.SerializedColumn
#         __class__: astropy.units.quantity.Quantity
#         unit: !astropy.units.Unit {unit: mas / yr}
#         value: !astropy.table.SerializedColumn {name: SkyCoord.pm_ra_cosdec}
#       ra: !astropy.table.SerializedColumn
#         __class__: astropy.coordinates.angles.Longitude
#         unit: *id001
#         value: !astropy.table.SerializedColumn {name: SkyCoord.ra}
#         wrap_angle: !astropy.coordinates.Angle
#           unit: *id001
#           value: 360.0
#       representation_type: spherical
# schema: astropy-2.0
RA_ICRS_1 DE_ICRS_1 e_RA_ICRS e_DE_ICRS _r_1 HIP TYC2 Source rgeo Plx e_Plx pmRA pmDE e_pmRA e_pmDE RUWE Teff logg Gmag BP-RP BPmag RPmag RV e_RV b_rgeo B_rgeo FG e_FG FBP e_FBP FRP e_FRP RAVE5 RAVE6 e_Gmag e_BPmag e_RPmag e_BP-RP SkyCoord.ra SkyCoord.dec SkyCoord.distance SkyCoord.pm_ra_cosdec SkyCoord.pm_dec
281.05328668127 -1.55434838706 0.0199 0.02 14.6698 91910 5113-910-1 4259966787183702400 617.249268 1.5743 0.0256 -0.167 -5.706 0.025 0.022 0.932 21096.2 3.8075 7.706988 0.466944 7.866513 7.399569 "" "" 607.883057 627.225403 15565080.70727 62461.0 9745700.0 132070.0 8696200.0 113610.0 "" "" 0.005155069223953637 0.0149757 0.014679281 0.02965498 281.05328668127 -1.55434838706 617.249268 -0.16699999999999998 -5.706
281.76431818264 -1.8433560929 0.0347 0.0344 57.1965 "" 5114-1889-1 4259888000301522432 530.104065 1.8331 0.0412 1.971 -3.987 0.04 0.036 1.215 "" "" 8.072459 2.98424 9.813046 6.828806 -12.48 0.71 516.804871 542.92511 11116370.46625 12626.0 1622600.0 8358.2 14711000.0 38934.0 "" "" 0.0030186961698665505 0.006250114 0.0047477074 0.010997822 281.76431818264 -1.8433560929 530.104065 1.9710000000000003 -3.987
281.16472053658 -0.99555808005 0.0143 0.0143 44.2966 "" 5113-1007-1 4260270969638403712 493.157104 1.9993 0.0171 3.454 0.208 0.018 0.016 0.88 "" "" 9.190657 0.503705 9.36615 8.862445 -10.88 0.63 489.23645 497.395111 3969026.55496 1238.5 2448800.0 1294.2 2260400.0 1021.8 "" "" 0.002776071160816781 0.0028485633 0.003811117 0.00665968 281.16472053658 -0.99555808005 493.157104 3.4540000000000006 0.208
281.69916804162 -2.02043753182 0.0145 0.0147 56.5985 92144 5118-156-1 4259129062390172032 593.426697 1.6492 0.0172 -0.075 -6.055 0.017 0.017 1.011 "" "" 9.402142 1.152475 9.884336 8.731861 "" "" 589.269226 599.482788 3266557.1859 1180.5 1519400.0 1801.5 2549300.0 1467.2 "" "" 0.0027831181479651373 0.003072823 0.003830691 0.0069035143 281.69916804162 -2.02043753182 593.426697 -0.07500000000000001 -6.055
280.86906378093 -2.03554691744 0.0233 0.0209 23.0444 "" 5117-2015-1 4259913800157967104 586.304382 1.6727 0.0262 2.253 1.61 0.031 0.024 1.515 "" "" 9.533464 0.755636 9.819971 9.064335 -15.04 2.62 577.50177 596.126404 2894417.16911 1019.2 1612200.0 793.16 1876800.0 479.44 "" "" 0.002781717994802485 0.0028408393 0.0037895455 0.006630385 280.86906378093 -2.03554691744 586.304382 2.253 1.61
279.99488574041 -2.05218257685 0.0131 0.0131 55.4845 "" 5117-632-1 4259717296815413504 593.71405 1.6563 0.0155 -1.213 -7.725 0.016 0.014 0.875 "" "" 9.535261 1.005026 9.942164 8.937139 76.72 29.0 588.843628 599.128174 2889629.98759 701.09 1440600.0 791.16 2110100.0 702.03 "" "" 0.002767883988301684 0.002853172 0.0037966052 0.0066497773 279.99488574041 -2.05218257685 593.71405 -1.2130000000000003 -7.724999999999999
280.45554070399 -1.06997710498 0.0121 0.0129 41.587 "" 5113-95-1 4260234140324637312 582.602539 1.6743 0.0168 -6.85 -6.054 0.014 0.014 0.896 5166.9 2.5804 9.995689 1.939218 10.967296 9.028078 -6.38 0.29 576.905762 588.540588 1890909.90435 675.81 560400.0 473.66 1940600.0 1325.1 "" "" 0.0027825106539413895 0.0029372082 0.0038514102 0.0067886184 280.45554070399 -1.06997710498 582.602539 -6.85 -6.054000000000001
280.63177915474 -1.75401900828 0.0188 0.0167 13.3148 "" 5113-321-1 4259936619332653696 504.320831 1.9395 0.0206 8.074 0.038 0.024 0.02 1.067 4844.2 2.4665 10.108088 2.343072 11.366002 9.02293 -66.76 0.14 499.064697 510.804016 1704951.00868 653.78 388160.0 363.18 1949800.0 1182.8 "" "" 0.0027865974138381504 0.0029693479 0.003836343 0.006805691 280.63177915474 -1.75401900828 504.320831 8.073999999999998 0.038
281.37175425597 -1.34200200128 0.0161 0.0162 37.5008 "" 5114-2175-1 4259977301263992704 498.285034 1.9845 0.0196 0.405 -6.328 0.02 0.017 0.978 11086.9 4.019 10.164815 0.392239 10.303666 9.911428 -14.29 5.05 493.641632 502.867859 1618157.46142 866.65 1032600.0 706.25 860180.0 230.7 "" "" 0.002816012754462339 0.0028872984 0.0037905832 0.006677882 281.37175425597 -1.34200200128 498.285034 0.40499999999999997 -6.328000000000001
280.58348186945 -2.04463693766 0.018 0.0198 27.7273 "" 5117-1704-1 4259552576233169024 586.895752 1.6719 0.0253 -2.203 -6.262 0.022 0.019 1.016 12538.6 3.9923 10.349372 0.56753 10.553604 9.986074 "" "" 578.458008 598.660339 1365205.87219 1083.5 820300.0 1890.4 803020.0 1574.7 "" "" 0.002886920991700151 0.0037477422 0.004337832 0.008085574 280.58348186945 -2.04463693766 586.895752 -2.203 -6.262
281.33877523569 -2.3552800047 0.0147 0.0131 52.0077 "" 5118-72-1 4259091988232438656 517.897522 1.8877 0.016 6.178 14.53 0.018 0.015 0.904 5287.9 2.7604 10.470047 2.058654 11.522866 9.464212 "" "" 514.691467 521.838379 1221596.99131 640.35 335950.0 579.32 1298600.0 1749.7 "" "" 0.0028134856883609387 0.0033601248 0.0040526264 0.007412751 281.33877523569 -2.3552800047 517.897522 6.178000000000001 14.530000000000001
280.95702674164 -1.96188467854 0.0173 0.0163 20.0169 "" 5117-750-1 4259916003488908416 577.880127 1.7105 0.0197 -1.044 -5.304 0.024 0.019 1.236 9976.8 3.9071 10.734349 0.702177 11.000795 10.298618 -30.42 7.66 570.929321 585.402893 957650.53401 168.41 543370.0 315.24 602160.0 229.84 "" "" 0.002761927861033842 0.0028603878 0.0038020348 0.006662423 280.95702674164 -1.96188467854 577.880127 -1.0440000000000003 -5.304
281.20211844132 -2.45053820254 0.012 0.011 52.7792 "" 5117-973-1 4258715714753950592 538.622192 1.8175 0.0138 -6.125 6.668 0.016 0.013 0.822 "" "" 10.753963 1.977919 11.748989 9.771071 -1.2 0.3 534.118103 543.193237 940505.69521 258.91 272790.0 153.18 978880.0 355.37 "" "" 0.002771484216006411 0.0028560027 0.0037998804 0.006655883 281.20211844132 -2.45053820254 538.622192 -6.125 6.668000000000001
280.68147629747 -2.55523711458 0.013 0.0126 54.8297 "" 5117-1748-1 4259449260832016896 548.168945 1.7869 0.0158 1.085 3.924 0.017 0.016 0.881 5040.1 2.8598 10.763682 1.940103 11.736376 9.796272 -1.72 0.19 543.427429 552.754639 932124.01325 255.16 275970.0 158.12 956420.0 447.91 "" "" 0.0027713035018481678 0.0028586776 0.0038134328 0.0066721104 280.68147629747 -2.55523711458 548.168945 1.085 3.9240000000000004
281.53270347415 -1.04052055981 0.0149 0.0139 55.9535 "" "" 4260085122119592832 687.182068 1.4099 0.0163 -4.555 -11.273 0.018 0.015 0.902 "" "" 10.772619 2.431021 12.091271 9.660251 -14.05 0.21 680.231384 693.684448 924483.52539 352.23 199030.0 321.12 1084100.0 869.59 "" "" 0.0027861999698534892 0.0032944938 0.0038784272 0.0071729207 281.53270347415 -1.04052055981 687.182068 -4.555000000000001 -11.273
280.6573331432 -2.15126288021 0.0144 0.0147 31.6043 "" "" 4259535916100945664 611.987427 1.596 0.0175 -0.784 -0.404 0.017 0.016 1.118 "" "" 10.774309 1.953119 11.755766 9.802647 -52.03 0.29 605.40509 618.638428 923045.10808 204.79 271090.0 235.59 950820.0 329.62 "" "" 0.002765829908265611 0.002945394 0.003798078 0.006743472 280.6573331432 -2.15126288021 611.987427 -0.784 -0.4040000000000001
280.7351979898 -1.8957275143 0.0163 0.0147 15.6 "" "" 4259930464634205952 548.913391 1.7811 0.0183 -1.81 -0.491 0.021 0.018 1.056 5319.6 2.8502 10.831737 2.004508 11.842743 9.838235 -6.44 0.81 543.005981 554.390137 875490.83261 240.64 250220.0 219.74 920160.0 276.65 "" "" 0.002771434477379103 0.002948588 0.0037934529 0.0067420406 280.7351979898 -1.8957275143 548.913391 -1.81 -0.491
281.76437969822 -1.97008923466 0.0172 0.0168 59.1836 "" "" 4259129577786476672 658.575806 1.4867 0.0201 4.789 0.286 0.022 0.021 0.88 "" "" 11.028353 2.495913 12.393661 9.897747 -74.47 0.23 648.820007 666.885864 730475.26209 230.37 150640.0 139.99 871080.0 409.03 "" "" 0.002776514554880701 0.0029669986 0.0038136137 0.0067806123 281.76437969822 -1.97008923466 658.575806 4.789 0.28600000000000003
281.31918020861 -1.94813432234 0.0159 0.0185 34.2663 "" 5118-400-1 4259872121795342080 634.8797 1.5383 0.0218 -0.215 -6.138 0.019 0.019 0.926 "" "" 11.032926 0.786143 11.33617 10.550027 "" "" 626.42627 643.549011 727405.26924 187.51 398980.0 411.58 477690.0 196.01 "" "" 0.00276949857693405 0.0030065766 0.0038055493 0.006812126 281.31918020861 -1.94813432234 634.8797 -0.21500000000000002 -6.138
280.78489448012 -0.88435118448 0.017 0.0167 46.2268 "" 5113-597-1 4260241665107136128 515.215759 1.9092 0.0211 -5.472 -1.81 0.021 0.017 0.979 "" "" 11.036875 0.874365 11.387135 10.512771 -0.53 1.23 509.63913 520.899414 724764.65011 273.96 380680.0 346.72 494370.0 196.6 "" "" 0.0027857176936814214 0.0029602246 0.0038039656 0.0067641903 280.78489448012 -0.88435118448 515.215759 -5.472000000000001 -1.8100000000000003
281.24737818973 -2.47365484048 0.0202 0.0194 55.2158 "" "" 4258714718321506560 666.001404 1.4652 0.0242 5.828 -0.089 0.026 0.022 1.073 "" "" 11.093584 2.371417 12.350494 9.979077 "" "" 657.185791 675.717651 687880.50338 266.27 156750.0 279.0 808220.0 551.26 "" "" 0.0027871886315550785 0.003394058 0.003851251 0.0072453087 281.24737818973 -2.47365484048 666.001404 5.828000000000001 -0.089
280.48986704195 -2.37446573095 0.0292 0.0316 47.8177 "" "" 4259502484071249152 513.491516 1.91 0.0417 -1.84 -2.129 0.036 0.031 1.409 "" "" 11.30397 1.043014 11.73583 10.692817 31.97 2.16 503.441498 523.862976 566707.1113 577.53 276110.0 841.37 418820.0 902.06 "" "" 0.0029691864924397226 0.004327947 0.0044443426 0.008772289 280.48986704195 -2.37446573095 513.491516 -1.84 -2.1290000000000004
281.52211557502 -1.0966741033 0.0214 0.0214 53.3021 "" 5114-1355-1 4260084224456921728 568.686218 1.7226 0.0264 4.132 -0.697 0.025 0.021 1.152 "" "" 11.327954 1.084481 11.778643 10.694161 16.67 3.56 558.905396 575.849915 554325.591 174.83 265440.0 309.52 418310.0 202.12 "" "" 0.0027765175348568824 0.003063968 0.003815618 0.006879586 281.52211557502 -1.0966741033 568.686218 4.132 -0.6969999999999998
280.12799849708 -1.93776821402 0.0277 0.0284 45.407 "" 5117-415-1 4259742074506480640 578.79718 1.6956 0.0374 2.879 -4.692 0.035 0.029 1.546 "" "" 11.369625 1.550435 12.082233 10.531798 -23.73 7.26 568.146362 590.408752 533453.55448 179.55 200690.0 237.9 485780.0 178.73 "" "" 0.0027794484989118527 0.0030727067 0.0038004343 0.006873141 280.12799849708 -1.93776821402 578.79718 2.879 -4.692
280.93604172503 -1.02606278816 0.0169 0.016 38.1824 "" "" 4260189129064848512 647.987427 1.5114 0.0191 5.054 -0.055 0.019 0.016 0.884 5215.6 2.959 11.479341 1.953558 12.458881 10.505323 -42.59 0.33 641.789001 655.304871 482181.38253 139.22 141860.0 116.01 497770.0 252.37 "" "" 0.002773096045104116 0.0029280367 0.0038192596 0.006747296 280.93604172503 -1.02606278816 647.987427 5.054000000000001 -0.05500000000000001
280.84102954179 -1.91068798572 0.0153 0.0142 15.4466 "" 5117-68-1 4259918855347411968 649.967102 1.4958 0.0173 1.672 -8.213 0.019 0.017 0.855 "" "" 11.503659 1.023233 11.922981 10.899748 "" "" 643.804626 655.52417 471501.32326 126.41 232390.0 249.79 346150.0 104.24 "" "" 0.0027706535421928315 0.0030244018 0.0037934983 0.0068179 280.84102954179 -1.91068798572 649.967102 1.6719999999999997 -8.212999999999997
280.94515186843 -1.85476286705 0.0669 0.0639 13.92 "" 5113-411-1 4259920225429032704 624.106995 1.5708 0.0751 -1.049 -5.28 0.08 0.068 4.461 9868.3 4.115 11.51732 0.913889 11.877727 10.963838 -6.8 10.12 594.183105 654.366455 465606.31429 152.44 242280.0 222.36 326300.0 178.96 "" "" 0.0027781557134025593 0.0029627685 0.0038260054 0.006788774 280.94515186843 -1.85476286705 624.106995 -1.049 -5.280000000000001
281.10106184377 -0.67133282791 0.0125 0.0117 61.1365 "" 5113-745-1 4260344538143395840 670.114929 1.4564 0.0142 1.589 -5.791 0.015 0.014 0.861 11130.6 3.8346 11.520607 1.254204 12.060976 10.806772 "" "" 663.868958 677.282959 464198.88633 146.4 204660.0 220.17 377090.0 299.71 "" "" 0.0027765161656357912 0.0030247832 0.003876647 0.00690143 281.10106184377 -0.67133282791 670.114929 1.589 -5.791000000000001
281.59716084709 -1.46489785288 0.0171 0.0173 47.4007 "" 5114-2169-1 4260053511160379008 485.680634 2.0217 0.0221 -9.658 -14.126 0.02 0.018 1.012 5771.3 3.5041 11.592434 1.485621 12.272351 10.78673 -13.3 2.57 480.975281 491.921722 434483.34466 102.05 168450.0 118.76 384120.0 184.27 "" "" 0.0027670962386183483 0.0028932646 0.003815103 0.0067083677 281.59716084709 -1.46489785288 485.680634 -9.658 -14.126
281.75901696925 -2.1402553859 0.0358 0.0337 62.9172 "" "" 4259122942056599296 589.595032 1.6541 0.0417 0.547 -5.98 0.044 0.036 2.469 14008.7 3.981 11.70147 1.336059 12.285812 10.949754 5.34 6.98 576.131836 607.471497 392969.39783 398.33 166380.0 731.62 330560.0 930.38 "" "" 0.002966983811477416 0.0055298177 0.0048602517 0.010390069 281.75901696925 -2.1402553859 589.595032 0.547 -5.98
281.23274224392 -1.71892473064 0.0161 0.0166 24.4884 "" "" 4259949121968993664 560.535583 1.7511 0.0211 -0.322 -10.05 0.02 0.019 1.205 5241.2 3.2985 11.775281 1.629043 12.546185 10.917143 34.94 7.98 554.072754 568.010986 367142.25472 88.811 130900.0 151.14 340640.0 212.52 "" "" 0.002767809212802995 0.0030588557 0.0038396046 0.00689846 281.23274224392 -1.71892473064 560.535583 -0.32199999999999995 -10.049999999999999
280.09416237025 -2.09627024437 0.0105 0.0107 51.4915 "" 5117-1962-1 4259713830798494592 532.739624 1.8369 0.0133 -3.55 -3.758 0.013 0.012 0.813 9226.1 4.1112 11.877179 1.003825 12.287788 11.283963 -11.67 11.54 529.182739 536.395935 334252.80205 63.65 166070.0 118.08 242980.0 64.6 "" "" 0.002763066302211613 0.0028949976 0.0037903893 0.006685387 280.09416237025 -2.09627024437 532.739624 -3.5499999999999994 -3.7580000000000005
281.47253883068 -1.16322681554 0.0108 0.0104 48.4978 "" 5114-1373-1 4260074809888609792 485.022156 2.0259 0.0124 6.005 4.582 0.013 0.012 0.814 7186.5 4.01 11.891407 1.053328 12.331167 11.27784 -41.19 3.28 482.145477 487.86438 329901.30007 79.198 159570.0 161.11 244360.0 98.65 "" "" 0.002767621145949108 0.0029977884 0.0038047144 0.006802503 281.47253883068 -1.16322681554 485.022156 6.005000000000002 4.582
281.19503777253 -2.56557027818 0.0134 0.0131 58.9457 "" "" 4258712171386331264 595.927063 1.6577 0.0153 -1.529 -4.658 0.017 0.015 1.113 5346.9 3.1799 11.933435 1.871794 12.836429 10.964635 9.3 2.14 591.089355 600.381165 317374.96753 188.87 100190.0 212.41 326060.0 549.37 "" "" 0.002830064169641186 0.0036171135 0.0041988296 0.007815943 281.19503777253 -2.56557027818 595.927063 -1.5289999999999995 -4.658
280.59800979215 -0.85058662945 0.0115 0.0112 50.1392 "" "" 4260256267996322688 507.451538 1.9389 0.0132 -0.129 -11.207 0.013 0.013 0.867 8102.2 4.183 11.957106 0.896875 12.317832 11.420957 -10.9 3.62 503.965454 511.53595 310530.73065 70.92 161540.0 176.55 214180.0 119.13 "" "" 0.00276645540169308 0.0030320154 0.003827326 0.0068593416 280.59800979215 -0.85058662945 507.451538 -0.129 -11.207
280.58465293504 -2.48859588242 0.0123 0.0119 52.2161 "" "" 4259453620178745984 696.523865 1.4194 0.0158 3.833 2.829 0.015 0.016 0.997 5492.9 3.1841 11.982507 1.80418 12.862104 11.057924 2.35 0.87 689.748047 702.94458 303350.09039 94.214 97853.0 142.36 299220.0 220.13 "" "" 0.002775877780066012 0.0032062565 0.0038628662 0.007069123 280.58465293504 -2.48859588242 696.523865 3.833 2.829
280.49842603639 -0.89338109277 0.0134 0.0125 49.748 "" 5113-767-1 4260249975835849088 597.807983 1.6495 0.0162 2.104 -8.159 0.015 0.013 1.042 "" "" 12.002804 1.130102 12.476334 11.346231 5.73 17.6 591.238586 604.136169 297731.69655 86.287 139600.0 127.57 229440.0 167.15 "" "" 0.0027732294760948843 0.0029613266 0.0038612646 0.006822591 280.49842603639 -0.89338109277 597.807983 2.104 -8.159000000000002
281.44413696994 -1.8620344217 0.0122 0.0127 38.9149 "" "" 4259896001810212224 694.061462 1.4226 0.0158 3.613 -0.749 0.015 0.014 1.117 7172.8 3.4127 12.014489 1.607873 12.76434 11.156467 -28.13 2.21 682.507202 702.500549 294544.69152 76.03 107070.0 119.44 273260.0 156.7 "" "" 0.002769536778692548 0.0030417084 0.0038303228 0.006872031 281.44413696994 -1.8620344217 694.061462 3.613 -0.749
280.66560444106 -0.68287470478 0.0118 0.0118 59.0633 "" "" 4260353639168909568 494.157532 1.9909 0.0141 -3.419 -4.818 0.014 0.013 0.916 "" "" 12.019536 0.961038 12.411922 11.450885 -7.99 2.96 490.842285 497.714508 293178.57977 68.355 148130.0 138.63 208360.0 88.916 "" "" 0.002766924237782224 0.0029694305 0.0038076767 0.0067771072 280.66560444106 -0.68287470478 494.157532 -3.4189999999999996 -4.818
