Clusters/UPK_38/UPK_38_stars_in_region.tsv
# %ECSV 1.0
# ---
# datatype:
# - name: RA_ICRS_1
#   unit: deg
#   datatype: float64
#   format: '{:15.11f}'
#   description: Right ascension (ICRS) at Ep=2016.0 (ra)
#   meta: !!omap
#   - {ucd: POS_EQ_RA_MAIN}
#   - {width: 15}
#   - {precision: '11'}
# - name: DE_ICRS_1
#   unit: deg
#   datatype: float64
#   format: '{:15.11f}'
#   description: Declination (ICRS) at Ep=2016.0 (dec)
#   meta: !!omap
#   - {ucd: POS_EQ_DEC_MAIN}
#   - {width: 15}
#   - {precision: '11'}
# - name: e_RA_ICRS
#   unit: mas
#   datatype: float64
#   format: '{:7.4f}'
#   description: Standard error of right ascension (ra_error)
#   meta: !!omap
#   - {ucd: ERROR}
#   - {width: 7}
#   - {precision: '4'}
# - name: e_DE_ICRS
#   unit: mas
#   datatype: float64
#   format: '{:7.4f}'
#   description: Standard error of declination (dec_error)
#   meta: !!omap
#   - {ucd: ERROR}
#   - {width: 7}
#   - {precision: '4'}
# - name: _r_1
#   unit: ''
#   datatype: float64
#   format: '{:7.4f}'
#   description: Distance from center (280.82970640000-01.65349410000)[ICRS], at Epoch=J2016.0
#   meta: !!omap
#   - {ucd: POS_ANG_DIST_GENERAL}
#   - {width: 7}
#   - {precision: '4'}
# - name: HIP
#   datatype: int32
#   description: '? HIP cross-id number, van Leeuwen, Cat. I/311 (hip_original_ext_source_id)'
#   meta: !!omap
#   - {ucd: ID_NUMBER}
#   - {width: 6}
#   - values: {'null': -2147483648}
# - name: TYC2
#   datatype: string
#   description: Tycho-2 cross-id name, Hog et al., Cat. I/259 (tyc2_original_ext_source_id)
#   meta: !!omap
#   - {ucd: ID_CROSSID}
#   - {_votable_string_dtype: char}
# - name: Source
#   datatype: int64
#   description: Source identifier, identical to the Gaia-EDR3 source_id (id)
#   meta: !!omap
#   - {ucd: ID_MAIN}
#   - {width: 19}
# - name: rgeo
#   unit: pc
#   datatype: float64
#   format: '{:15.8f}'
#   description: '? Median of the geometric distance posterior (r_med_geo)'
#   meta: !!omap
#   - {ucd: PHYS_DISTANCE_TRUE}
#   - {width: 15}
#   - {precision: '8'}
#   - values: {'null': .nan}
# - name: Plx
#   unit: mas
#   datatype: float64
#   format: '{:9.4f}'
#   description: '? Parallax (parallax)'
#   meta: !!omap
#   - {ucd: POS_PARLX_TRIG}
#   - {width: 9}
#   - {precision: '4'}
#   - values: {'null': .nan}
# - name: e_Plx
#   unit: mas
#   datatype: float32
#   format: '{:7.4f}'
#   description: '? Standard error of parallax (parallax_error)'
#   meta: !!omap
#   - {ucd: ERROR}
#   - {width: 7}
#   - {precision: '4'}
#   - values: {'null': .nan}
# - name: pmRA
#   unit: mas / yr
#   datatype: float64
#   format: '{:9.3f}'
#   description: '? Proper motion in right ascension direction, pmRA*cosDE (pmra)'
#   meta: !!omap
#   - {ucd: POS_EQ_PMRA}
#   - {width: 9}
#   - {precision: '3'}
#   - values: {'null': .nan}
# - name: pmDE
#   unit: mas / yr
#   datatype: float64
#   format: '{:9.3f}'
#   description: '? Proper motion in declination direction (pmdec)'
#   meta: !!omap
#   - {ucd: POS_EQ_PMDEC}
#   - {width: 9}
#   - {precision: '3'}
#   - values: {'null': .nan}
# - name: e_pmRA
#   unit: mas / yr
#   datatype: float32
#   format: '{:6.3f}'
#   description: '? Standard error of proper motion in right ascension direction (pmra_error)'
#   meta: !!omap
#   - {ucd: ERROR}
#   - {width: 6}
#   - {precision: '3'}
#   - values: {'null': .nan}
# - name: e_pmDE
[...]
#         unit: &id001 !astropy.units.Unit {unit: deg}
#         value: !astropy.table.SerializedColumn {name: SkyCoord.dec}
#       distance: !astropy.table.SerializedColumn
#         __class__: astropy.coordinates.distances.Distance
#         unit: !astropy.units.Unit {unit: pc}
#         value: !astropy.table.SerializedColumn {name: SkyCoord.distance}
#       frame: icrs
#       obstime: !astropy.time.Time {format: jyear_str, in_subfmt: '*', jd1: 367701545.0, jd2: 0.0, out_subfmt: '*', precision: 3, scale: tt}
#       pm_dec: !astropy.table.SerializedColumn
#         __class__: astropy.units.quantity.Quantity
#         unit: !astropy.units.Unit {unit: mas / yr}
#         value: !astropy.table.SerializedColumn {name: SkyCoord.pm_dec}
#       pm_ra_cosdec: !astropy.table.SerializedColumn
#         __class__: astropy.units.quantity.Quantity
#         unit: !astropy.units.Unit {unit: mas / yr}
#         value: !astropy.table.SerializedColumn {name: SkyCoord.pm_ra_cosdec}
#       ra: !astropy.table.SerializedColumn
#         __class__: astropy.coordinates.angles.Longitude
#         unit: *id001
#         value: !astropy.table.SerializedColumn {name: SkyCoord.ra}
#         wrap_angle: !astropy.coordinates.Angle
#           unit: *id001
#           value: 360.0
#       representation_type: spherical
# schema: astropy-2.0
RA_ICRS_1 DE_ICRS_1 e_RA_ICRS e_DE_ICRS _r_1 HIP TYC2 Source rgeo Plx e_Plx pmRA pmDE e_pmRA e_pmDE RUWE Teff logg Gmag BP-RP BPmag RPmag RV e_RV b_rgeo B_rgeo FG e_FG FBP e_FBP FRP e_FRP RAVE5 RAVE6 e_Gmag e_BPmag e_RPmag e_BP-RP SkyCoord.ra SkyCoord.dec SkyCoord.distance SkyCoord.pm_ra_cosdec SkyCoord.pm_dec
[from data line 279]
280.33985313182 -1.24728518312 0.0167 0.0164 38.1747 "" "" 4260204487868924800 639.596191 1.5226 0.0189 -2.384 -2.828 0.021 0.02 0.952 6616.4 4.0315 14.228528 1.815566 15.114331 13.298765 4.08 6.53 633.278748 646.998291 38329.70963 10.86 12294.0 20.266 37988.0 26.82 "" "" 0.0027724395775739746 0.0033148685 0.0038563344 0.007171203 280.33985313182 -1.24728518312 639.596191 -2.3839999999999995 -2.8279999999999994
280.82567349135 -1.06541534087 0.0181 0.0169 35.2856 "" "" 4260190189895467008 679.750854 1.4352 0.0197 1.657 -8.563 0.021 0.019 0.962 7316.2 4.2219 14.237055 1.593119 14.971278 13.37816 11.89 6.78 671.656372 690.514038 38029.86183 11.536 14025.0 23.684 35310.0 54.793 "" "" 0.0027749341266547624 0.0033386676 0.0041379128 0.0074765803 280.82567349135 -1.06541534087 679.750854 1.6570000000000005 -8.562999999999999
280.26726872805 -2.23560769835 0.059 0.0597 48.5528 "" "" 4259520316777257984 568.78949 1.7206 0.0772 5.367 9.8 0.077 0.072 4.15 5333.6 4.1612 14.24054 1.762444 15.075105 13.31266 -55.6 4.53 548.970398 595.490051 37907.98331 42.03 12746.0 21.075 37505.0 30.49 "" "" 0.003006811398694744 0.0033178108 0.003881084 0.007198895 280.26726872805 -2.23560769835 568.78949 5.367000000000001 9.8
280.93880747287 -2.67614543238 0.0169 0.0169 61.7068 "" "" 4258704719637028096 567.199707 1.7227 0.02 0.08 -2.172 0.021 0.02 1.017 6624.0 4.1933 14.246243 1.760599 15.096665 13.336066 3.81 4.94 560.644958 573.452576 37709.41166 11.031 12495.0 19.654 36706.0 26.313 "" "" 0.002773565092870576 0.0032713385 0.0038586925 0.007130031 280.93880747287 -2.67614543238 567.199707 0.08 -2.1720000000000006
280.36343259085 -1.02252061163 0.0164 0.0167 47.0692 "" "" 4260246990867018880 628.159424 1.5507 0.0206 1.319 1.213 0.02 0.018 0.971 5776.3 4.0053 14.247119 1.655391 15.017201 13.361811 10.2 6.57 621.565613 634.413025 37678.98653 9.4454 13444.0 14.388 35845.0 24.376 "" "" 0.0027687303391050314 0.0030224544 0.0038508282 0.0068732826 280.36343259085 -1.02252061163 628.159424 1.319 1.213
280.60065366946 -1.82112247967 0.0387 0.036 17.0252 "" "" 4259935004424973440 528.123962 1.8523 0.0425 0.027 -1.109 0.051 0.039 2.05 5978.5 4.1803 14.253796 1.606636 15.002193 13.395557 -4.72 9.96 517.252319 537.895996 37447.98399 23.212 13631.0 37.549 34748.0 48.773 "" "" 0.0028363188417703114 0.004090262 0.004075069 0.008165332 280.60065366946 -1.82112247967 528.123962 0.027 -1.1089999999999995
280.80759274829 -1.73345885211 0.0183 0.017 4.9778 "" "" 4259934592107837952 571.054321 1.7069 0.0204 -1.058 -5.419 0.023 0.021 1.078 5192.0 4.0754 14.257259 1.942586 15.22616 13.283574 -17.07 6.06 564.15155 577.048645 37328.71801 58.166 11091.0 57.985 38524.0 148.94 "" "" 0.003233263881081762 0.0063250307 0.005648348 0.011973379 280.80759274829 -1.73345885211 571.054321 -1.0579999999999998 -5.4190000000000005
280.39026106095 -1.12037621546 0.0178 0.0178 41.4483 "" "" 4260210432103767424 569.495483 1.7136 0.0212 -1.891 -7.383 0.021 0.019 1.025 5514.8 4.2317 14.267356 1.517322 14.967511 13.45019 -9.04 3.98 562.070251 576.316467 36983.1783 16.335 14074.0 24.967 33043.0 56.431 "" "" 0.0027967415307579447 0.0033904 0.0042097364 0.007600136 280.39026106095 -1.12037621546 569.495483 -1.8910000000000005 -7.383
280.4507884835 -2.571342928 0.0375 0.036 59.5733 "" "" 4259451184977858944 488.533051 2.01 0.0434 -8.974 -3.587 0.046 0.04 2.138 5751.8 4.3967 14.268316 1.439678 14.906695 13.467017 49.53 3.67 477.756317 498.673767 36950.49153 17.363 14885.0 13.147 32535.0 23.968 "" "" 0.0028021562286157636 0.002950366 0.0038630918 0.0068134577 280.4507884835 -2.571342928 488.533051 -8.973999999999998 -3.5870000000000006
280.3791954253 -2.20086864148 0.0205 0.0198 42.5259 "" "" 4259543440882491904 649.199097 1.4949 0.0263 -1.464 -4.188 0.027 0.022 1.263 6886.9 4.169 14.268346 1.719802 15.078781 13.358979 -42.59 8.84 638.715454 661.039917 36949.48645 18.565 12703.0 14.821 35939.0 17.647 "" "" 0.0028088043240036263 0.003064268 0.0038167983 0.0068810666 280.3791954253 -2.20086864148 649.199097 -1.4639999999999997 -4.188000000000001
281.04113137068 -1.59083246571 0.0299 0.031 13.226 "" "" 4259966581025248128 541.453308 1.8096 0.0378 -12.658 5.833 0.036 0.032 1.668 5795.4 4.283 14.278765 1.440924 14.931822 13.490898 -128.89 6.23 531.886353 552.927063 36596.60927 10.061 14544.0 16.449 31827.0 46.452 "" "" 0.0027714407010322305 0.0030484265 0.0040981504 0.007146577 281.04113137068 -1.59083246571 541.453308 -12.658 5.833
281.83246501741 -1.45832807339 0.0172 0.0176 61.2727 "" "" 4260004823409117312 536.588623 1.8244 0.0215 -0.345 6.508 0.022 0.02 0.956 5533.1 4.1792 14.278916 1.636257 15.050117 13.413859 -1.59 6.62 529.90271 543.383667 36591.51144 9.0534 13043.0 17.692 34168.0 21.021 "" "" 0.0027683843428074747 0.003154994 0.0038379568 0.006992951 281.83246501741 -1.45832807339 536.588623 -0.345 6.508
280.49630107689 -1.15719318276 0.0347 0.0394 35.8701 "" "" 4260206961770029824 510.180115 1.9349 0.0483 1.81 -15.21 0.041 0.041 2.197 5089.3 4.193 14.279619 1.630907 15.044582 13.413675 17.98 4.95 497.966644 522.297485 36567.81491 12.696 13109.0 14.742 34173.0 26.239 "" "" 0.0027809865609612866 0.0030456295 0.0038702344 0.0069158636 280.49630107689 -1.15719318276 510.180115 1.8099999999999996 -15.210000000000003
280.31368684318 -1.16000037465 0.019 0.0181 42.8339 "" "" 4260209156469968512 518.560547 1.8878 0.0207 -2.304 -16.132 0.023 0.019 1.096 5236.8 4.2251 14.290018 1.519379 14.988079 13.4687 -5.17 10.67 512.534485 524.279663 36219.26315 10.5 13810.0 20.388 32485.0 18.97 "" "" 0.002773240113614585 0.0032178136 0.0038321952 0.0070500085 280.31368684318 -1.16000037465 518.560547 -2.3040000000000003 -16.132
279.91339050965 -1.23170341222 0.0197 0.0193 60.508 "" "" 4260216445057678592 477.606781 2.0449 0.0239 1.148 -3.108 0.022 0.019 1.091 6044.7 3.82 14.291641 2.379507 15.558805 13.179298 -54.64 3.21 472.533051 483.627228 36165.16105 16.505 8163.8 20.373 42407.0 36.392 "" "" 0.0027995207006407076 0.0038892624 0.0038925388 0.0077818013 279.91339050965 -1.23170341222 477.606781 1.148 -3.1080000000000005
281.42344146007 -0.89088183962 0.0446 0.0443 57.9837 "" "" 4260279907473672448 579.255615 1.6976 0.0528 7.0 -43.319 0.058 0.055 2.41 6698.7 4.1447 14.295477 1.853384 15.204137 13.350753 52.57 5.37 566.088379 597.759705 36037.60685 12.838 11318.0 21.986 36212.0 31.216 "" "" 0.00278233523412558 0.0034976315 0.003893548 0.0073911794 281.42344146007 -0.89088183962 579.255615 7.0 -43.319
281.31025237854 -1.41853303632 0.0175 0.0172 32.0854 "" "" 4259974999161517184 507.391907 1.9357 0.0206 5.632 -24.651 0.02 0.019 0.989 5813.8 4.495 14.299127 1.284705 14.865395 13.580689 -57.34 4.62 502.813293 512.371094 35916.67198 8.5807 15462.0 22.053 29301.0 23.744 "" "" 0.0027675028197165783 0.0031910918 0.0038804403 0.0070715323 281.31025237854 -1.41853303632 507.391907 5.6320000000000014 -24.650999999999996
281.2901036244 -1.59242398462 0.0241 0.0247 27.8548 "" "" 4259954997486965504 609.004089 1.604 0.0278 -7.797 -6.686 0.031 0.03 1.432 5384.4 4.2057 14.299286 1.468245 14.963958 13.495713 21.53 6.17 599.828979 621.04248 35911.39264 19.922 14120.0 21.875 31686.0 19.169 "" "" 0.0028203856130322694 0.003257963 0.0038360343 0.0070939977 281.2901036244 -1.59242398462 609.004089 -7.797 -6.686000000000001
280.83855783606 -1.00270405275 0.0207 0.0192 39.051 "" "" 4260191568605964928 678.93396 1.4287 0.0226 0.128 -4.189 0.024 0.02 1.0 7600.0 4.199 14.302478 1.615975 15.04384 13.427865 -0.78 7.26 670.400269 688.0578 35805.98606 13.443 13118.0 31.419 33730.0 84.66 "" "" 0.0027853097905991987 0.0038141059 0.004659402 0.008473508 280.83855783606 -1.00270405275 678.93396 0.128 -4.189
280.14078568011 -1.15255838977 0.0185 0.018 51.0973 "" "" 4260215757863375616 542.563293 1.7958 0.0217 -2.653 -16.993 0.021 0.02 0.986 5326.1 3.5912 14.304105 2.486027 15.660511 13.174484 -9.65 9.63 536.493225 548.78717 35752.36501 13.991 7433.8 14.842 42596.0 25.46 "" "" 0.0027878870272404926 0.003533287 0.0038346928 0.0073679797 280.14078568011 -1.15255838977 542.563293 -2.6529999999999996 -16.993
281.62969835365 -1.27499444376 0.0189 0.0188 53.0866 "" "" 4260060829784352256 505.158691 1.9408 0.023 -1.079 -2.711 0.024 0.021 1.012 5682.3 4.3761 14.305654 1.382261 14.927262 13.545001 -76.36 3.84 498.183044 511.51889 35701.39551 10.161 14605.0 17.382 30280.0 26.373 "" "" 0.002772594078254515 0.0030748616 0.0038958916 0.006970753 281.62969835365 -1.27499444376 505.158691 -1.0790000000000002 -2.7110000000000003
281.40432118763 -2.2353617556 0.0213 0.0198 49.0523 "" "" 4259845291145369856 644.860107 1.5162 0.0246 -0.496 -6.968 0.027 0.022 1.13 7629.2 4.0892 14.305717 1.810674 15.184859 13.374186 -5.36 6.6 634.677246 655.004272 35699.31292 10.53 11521.0 15.191 35439.0 23.497 "" "" 0.0027738693542625668 0.0031360032 0.0038473292 0.0069833323 281.40432118763 -2.2353617556 644.860107 -0.4959999999999999 -6.968000000000001
280.14704678761 -1.12500104026 0.0203 0.0219 51.7898 "" "" 4260221736457862656 502.885223 1.9387 0.0272 -7.399 -22.179 0.026 0.023 1.128 5106.6 3.589 14.319797 2.431995 15.63716 13.205165 -12.56 2.47 495.755035 511.291107 35239.3758 15.308 7595.4 27.716 41409.0 40.228 "" "" 0.0027953958048314545 0.004845797 0.0039238078 0.008769605 280.14704678761 -1.12500104026 502.885223 -7.399000000000001 -22.179000000000002
280.29889922506 -2.55667910309 0.1707 0.1583 62.8459 "" "" 4259493099519716736 566.671265 1.7565 0.192 0.42 -6.976 0.2 0.169 9.369 6273.2 4.2915 14.321002 1.659094 15.007079 13.347985 -24.85 6.0 509.34079 652.296692 35200.28026 111.16 13570.0 29.979 36305.0 32.601 "" "" 0.004398593449649487 0.0036794606 0.003903112 0.0075825723 280.29889922506 -2.55667910309 566.671265 0.41999999999999993 -6.975999999999999
280.21627168903 -2.48686092989 0.0213 0.0193 62.0733 "" "" 4259497295750173824 565.216675 1.7289 0.0228 0.301 -5.458 0.026 0.023 1.193 5974.3 4.2722 14.335643 1.396213 14.962256 13.566043 -11.78 11.43 558.019714 573.606323 34728.79614 8.5768 14142.0 25.772 29699.0 16.453 "" "" 0.002768336665290852 0.003420522 0.003826946 0.007247468 280.21627168903 -2.48686092989 565.216675 0.30100000000000005 -5.458
280.8207851077 -1.19307250643 0.0189 0.0187 27.6305 "" "" 4260179645776404352 589.738586 1.6571 0.0232 1.84 -7.099 0.022 0.021 1.104 5932.8 4.1173 14.343979 1.535348 15.052218 13.51687 -65.3 5.82 582.053711 597.903137 34463.15534 8.9427 13018.0 25.75 31075.0 24.967 "" "" 0.0027696864399894454 0.0035209823 0.0038787476 0.00739973 280.8207851077 -1.19307250643 589.738586 1.8399999999999996 -7.099
280.52156611222 -2.58051047417 0.019 0.0187 58.6092 "" "" 4259448401838867840 661.506836 1.4688 0.0226 2.718 -9.771 0.022 0.02 1.05 6329.6 4.0407 14.348685 1.800271 15.222156 13.421885 -10.47 4.81 654.178406 670.972656 34314.09921 10.383 11132.0 18.578 33916.0 31.028 "" "" 0.002774837137013398 0.0033269008 0.003907728 0.007234629 280.52156611222 -2.58051047417 661.506836 2.718 -9.771
280.19011118916 -2.03610978603 0.0179 0.0177 44.7011 "" "" 4259737225463666688 533.151428 1.8373 0.0229 -8.205 -16.599 0.022 0.022 1.023 5406.9 4.3448 14.349751 1.446646 15.007071 13.560425 "" "" 524.741638 539.684082 34280.44075 9.3931 13570.0 20.166 29853.0 25.297 "" "" 0.0027713346248681857 0.0032231 0.003889755 0.007112855 280.19011118916 -2.03610978603 533.151428 -8.205000000000002 -16.599
280.20564927495 -0.81214987583 0.0285 0.0307 62.8461 "" "" 4272263278542617728 685.380981 1.4062 0.0399 4.024 11.495 0.038 0.036 1.678 5179.2 3.3505 14.349756 2.580079 15.770372 13.190293 -10.12 2.96 666.292908 705.656738 34280.27897 13.662 6718.4 13.931 41980.0 81.537 "" "" 0.0027890903571792017 0.003585188 0.004327908 0.007913096 280.20564927495 -0.81214987583 685.380981 4.024000000000001 11.495
281.31790926193 -2.40048335858 0.0241 0.0219 53.5324 "" "" 4259091472836692736 697.819946 1.394 0.0273 -0.953 0.217 0.029 0.025 1.31 7175.9 4.1662 14.35523 1.705502 15.170573 13.465072 -49.12 4.81 684.406555 710.259888 34107.88212 11.857 11673.0 15.565 32593.0 23.044 "" "" 0.002781051606738705 0.0031434062 0.0038565528 0.0069999592 281.31790926193 -2.40048335858 697.819946 -0.953 0.217
280.82114457284 -1.6516225437 0.0207 0.0188 0.5256 "" "" 4259943903597020928 625.117859 1.5612 0.0227 1.949 -9.009 0.027 0.025 1.056 5924.3 3.9748 14.358421 1.654511 15.138106 13.483595 -8.52 4.85 614.670654 633.328186 34007.76893 13.113 12027.0 35.619 32042.0 45.403 "" "" 0.002786943648558526 0.004257288 0.0040805168 0.008337805 280.82114457284 -1.6516225437 625.117859 1.9490000000000003 -9.009
281.05199708646 -2.36168466593 0.0191 0.0189 44.533 "" "" 4259470941829630336 584.647644 1.6697 0.0225 1.112 -8.349 0.024 0.022 1.074 5790.4 4.2236 14.359578 1.453855 15.021442 13.567587 23.05 8.32 579.032349 590.424683 33971.56088 10.92 13392.0 18.057 29657.0 28.038 "" "" 0.002777335735185902 0.0031509013 0.003916294 0.007067195 281.05199708646 -2.36168466593 584.647644 1.1120000000000003 -8.349
281.3696912496 -1.01514460056 0.0188 0.0174 50.1606 "" "" 4260268534400235264 688.921082 1.4093 0.0211 2.099 -4.517 0.024 0.022 1.046 15068.2 4.608 14.36278 1.815215 15.245369 13.430154 -67.61 12.61 677.973083 698.618164 33871.53248 20.745 10896.0 29.412 33659.0 38.401 "" "" 0.002834426972609559 0.004046537 0.0039771977 0.008023735 281.3696912496 -1.01514460056 688.921082 2.099 -4.517
280.20307514252 -1.99596594043 0.0194 0.0187 42.8298 "" "" 4259738432373956736 599.866638 1.6255 0.0236 -1.1 6.721 0.023 0.021 1.14 6704.4 4.2262 14.364502 1.725376 15.192887 13.467511 -57.46 5.82 594.249207 607.679138 33817.86086 9.5719 11436.0 15.806 32520.0 22.748 "" "" 0.0027724048553722782 0.0031681103 0.003854937 0.007023047 280.20307514252 -1.99596594043 599.866638 -1.1000000000000003 6.721000000000001
281.10695930807 -1.36714652695 0.0229 0.0222 23.9106 "" "" 4259979809524707456 656.107788 1.486 0.0273 -2.084 -13.332 0.027 0.024 1.241 6192.6 4.1218 14.372205 1.418378 14.977796 13.559418 "" "" 645.239563 667.766663 33578.76032 12.351 13941.0 28.538 29881.0 20.334 "" "" 0.0027841113052635954 0.003567188 0.003850924 0.007418112 281.10695930807 -1.36714652695 656.107788 -2.084 -13.332000000000003
280.46790718201 -0.91065132653 0.0226 0.0228 49.5735 "" "" 4260249567847430528 573.368103 1.6943 0.0285 -1.27 -5.371 0.028 0.024 1.324 5084.6 3.651 14.372619 2.197467 15.510738 13.313272 30.32 6.57 565.477722 583.021851 33565.98907 118.84 8533.4 107.9 37484.0 385.39 "" "" 0.004729524870548978 0.014009183 0.011785376 0.025794558 280.46790718201 -0.91065132653 573.368103 -1.27 -5.371
280.25488741028 -2.06965426312 0.0283 0.0264 42.5643 "" "" 4259549174621779840 536.269043 1.8159 0.0341 -9.56 -3.643 0.033 0.032 1.635 5232.4 4.1665 14.378024 1.71199 15.194327 13.482337 -26.77 4.16 524.652832 547.5849 33399.29436 10.912 11421.0 15.049 32079.0 41.355 "" "" 0.002778060288568528 0.0031355629 0.0040302426 0.0071658054 280.25488741028 -2.06965426312 536.269043 -9.56 -3.6429999999999993
281.21419892043 -2.49891729166 0.0204 0.0193 55.7186 "" "" 4258714546522822656 508.836792 1.9232 0.0249 9.683 4.63 0.026 0.021 0.936 5253.4 4.2812 14.379736 1.486738 15.059096 13.572358 -76.32 6.69 502.207855 514.680481 33346.65414 10.12 12935.0 16.842 29527.0 33.304 "" "" 0.002774951931003257 0.0031278655 0.0039728354 0.007100701 281.21419892043 -2.49891729166 508.836792 9.683000000000003 4.629999999999999
280.0629277864 -2.20734552161 0.018 0.0174 56.7319 "" "" 4259522855061627392 660.575073 1.4732 0.0213 6.72 5.028 0.022 0.019 1.088 5919.4 4.0305 14.38709 1.865793 15.279421 13.413628 -10.39 12.06 651.731323 671.9104 33121.57707 12.141 10560.0 34.992 34175.0 186.21 "" "" 0.0027839149116433014 0.004552883 0.0070200623 0.011572946 280.0629277864 -2.20734552161 660.575073 6.72 5.0280000000000005
