Clusters/Collinder_197/Collinder_197_members.tsv
# %ECSV 1.0
# ---
# datatype:
# - name: RA_ICRS_1
#   unit: deg
#   datatype: float64
#   format: '{:15.11f}'
#   description: Right ascension (ICRS) at Ep=2016.0 (ra)
#   meta: !!omap
#   - {ucd: POS_EQ_RA_MAIN}
#   - {width: 15}
#   - {precision: '11'}
# - name: DE_ICRS_1
#   unit: deg
#   datatype: float64
#   format: '{:15.11f}'
#   description: Declination (ICRS) at Ep=2016.0 (dec)
#   meta: !!omap
#   - {ucd: POS_EQ_DEC_MAIN}
#   - {width: 15}
#   - {precision: '11'}
# - name: e_RA_ICRS
#   unit: mas
#   datatype: float64
#   format: '{:7.4f}'
#   description: Standard error of right ascension (ra_error)
#   meta: !!omap
#   - {ucd: ERROR}
#   - {width: 7}
#   - {precision: '4'}
# - name: e_DE_ICRS
#   unit: mas
#   datatype: float64
#   format: '{:7.4f}'
#   description: Standard error of declination (dec_error)
#   meta: !!omap
#   - {ucd: ERROR}
#   - {width: 7}
#   - {precision: '4'}
# - name: _r_1
#   unit: ''
#   datatype: float64
#   format: '{:7.4f}'
#   description: Distance from center (131.21620789000-41.28820582000)[ICRS], at Epoch=J2016.0
#   meta: !!omap
#   - {ucd: POS_ANG_DIST_GENERAL}
#   - {width: 7}
#   - {precision: '4'}
# - name: HIP
#   datatype: int32
#   description: '? HIP cross-id number, van Leeuwen, Cat. I/311 (hip_original_ext_source_id)'
#   meta: !!omap
#   - {ucd: ID_NUMBER}
#   - {width: 6}
#   - values: {'null': -2147483648}
# - name: TYC2
#   datatype: string
#   description: Tycho-2 cross-id name, Hog et al., Cat. I/259 (tyc2_original_ext_source_id)
#   meta: !!omap
#   - {ucd: ID_CROSSID}
#   - {_votable_string_dtype: char}
# - name: Source
#   datatype: int64
#   description: Source identifier, identical to the Gaia-EDR3 source_id (id)
#   meta: !!omap
#   - {ucd: ID_MAIN}
#   - {width: 19}
# - name: rgeo
#   unit: pc
#   datatype: float64
#   format: '{:15.8f}'
#   description: '? Median of the geometric distance posterior (r_med_geo)'
#   meta: !!omap
#   - {ucd: PHYS_DISTANCE_TRUE}
#   - {width: 15}
#   - {precision: '8'}
#   - values: {'null': .nan}
# - name: Plx
#   unit: mas
#   datatype: float64
#   format: '{:9.4f}'
#   description: '? Parallax (parallax)'
#   meta: !!omap
#   - {ucd: POS_PARLX_TRIG}
#   - {width: 9}
#   - {precision: '4'}
#   - values: {'null': .nan}
# - name: e_Plx
#   unit: mas
#   datatype: float32
#   format: '{:7.4f}'
#   description: '? Standard error of parallax (parallax_error)'
#   meta: !!omap
#   - {ucd: ERROR}
#   - {width: 7}
#   - {precision: '4'}
#   - values: {'null': .nan}
# - name: pmRA
#   unit: mas / yr
#   datatype: float64
#   format: '{:9.3f}'
#   description: '? Proper motion in right ascension direction, pmRA*cosDE (pmra)'
#   meta: !!omap
#   - {ucd: POS_EQ_PMRA}
#   - {width: 9}
#   - {precision: '3'}
#   - values: {'null': .nan}
# - name: pmDE
#   unit: mas / yr
#   datatype: float64
#   format: '{:9.3f}'
#   description: '? Proper motion in declination direction (pmdec)'
#   meta: !!omap
#   - {ucd: POS_EQ_PMDEC}
#   - {width: 9}
#   - {precision: '3'}
#   - values: {'null': .nan}
# - name: e_pmRA
#   unit: mas / yr
#   datatype: float32
#   format: '{:6.3f}'
#   description: '? Standard error of proper motion in right ascension direction (pmra_error)'
#   meta: !!omap
#   - {ucd: ERROR}
#   - {width: 6}
#   - {precision: '3'}
#   - values: {'null': .nan}
# - name: e_pmDE
[...]
#         unit: &id001 !astropy.units.Unit {unit: deg}
#         value: !astropy.table.SerializedColumn {name: SkyCoord.dec}
#       distance: !astropy.table.SerializedColumn
#         __class__: astropy.coordinates.distances.Distance
#         unit: !astropy.units.Unit {unit: pc}
#         value: !astropy.table.SerializedColumn {name: SkyCoord.distance}
#       frame: icrs
#       obstime: !astropy.time.Time {format: jyear_str, in_subfmt: '*', jd1: 367701545.0, jd2: 0.0, out_subfmt: '*', precision: 3, scale: tt}
#       pm_dec: !astropy.table.SerializedColumn
#         __class__: astropy.units.quantity.Quantity
#         unit: !astropy.units.Unit {unit: mas / yr}
#         value: !astropy.table.SerializedColumn {name: SkyCoord.pm_dec}
#       pm_ra_cosdec: !astropy.table.SerializedColumn
#         __class__: astropy.units.quantity.Quantity
#         unit: !astropy.units.Unit {unit: mas / yr}
#         value: !astropy.table.SerializedColumn {name: SkyCoord.pm_ra_cosdec}
#       ra: !astropy.table.SerializedColumn
#         __class__: astropy.coordinates.angles.Longitude
#         unit: *id001
#         value: !astropy.table.SerializedColumn {name: SkyCoord.ra}
#         wrap_angle: !astropy.coordinates.Angle
#           unit: *id001
#           value: 360.0
#       representation_type: spherical
# schema: astropy-2.0
RA_ICRS_1 DE_ICRS_1 e_RA_ICRS e_DE_ICRS _r_1 HIP TYC2 Source rgeo Plx e_Plx pmRA pmDE e_pmRA e_pmDE RUWE Teff logg Gmag BP-RP BPmag RPmag RV e_RV b_rgeo B_rgeo FG e_FG FBP e_FBP FRP e_FRP RAVE5 RAVE6 e_Gmag e_BPmag e_RPmag e_BP-RP SkyCoord.ra SkyCoord.dec SkyCoord.distance SkyCoord.pm_ra_cosdec SkyCoord.pm_dec Pmemb
131.16798623545 -41.27719723452 0.0513 0.0551 2.2723 42908 7683-2232-1 5525249274804540288 938.428467 1.0673 0.0667 -5.664 4.005 0.068 0.075 4.283 "" "" 7.247997 0.577133 7.438763 6.86163 "" "" 884.820251 991.785339 23754606.0454 6718.5 14451000.0 10924.0 14273000.0 21173.0 "" "" 0.0027723791849239197 0.0029083793 0.0041082604 0.0070166397 131.16798623545 -41.27719723452 938.428467 -5.663999999999999 4.004999999999999 0.8
131.26321828888 -41.21658360569 0.0094 0.0109 4.7921 "" "" 5525251095870480000 921.1297 1.0681 0.0128 -5.661 3.977 0.013 0.016 0.924 "" "" 9.777684 0.36895 9.893353 9.524404 "" "" 910.951477 932.718994 2311389.39584 1476.1 1506900.0 2584.6 1228600.0 1738.8 "" "" 0.002841224315807279 0.0033545413 0.0040798155 0.007434357 131.26321828888 -41.21658360569 921.1297 -5.661 3.9770000000000003 1.0
131.26778442804 -41.28751042735 0.0114 0.0129 2.3257 "" "" 5525062873224138880 930.128662 1.0593 0.0147 -5.622 4.232 0.014 0.017 1.049 "" "" 10.298952 0.446601 10.452102 10.005501 "" "" 917.764099 943.72699 1430098.03528 595.68 900690.0 771.06 788780.0 420.23 "" "" 0.002792187814509811 0.0029409132 0.0038233907 0.006764304 131.26778442804 -41.28751042735 930.128662 -5.622 4.232 1.0
131.3371769898 -41.64912625525 0.0091 0.0095 22.3277 "" 7683-1629-1 5525019236356546944 815.256226 1.2133 0.0112 -5.486 3.47 0.012 0.012 0.954 6097.7 3.2375 10.531448 0.812547 10.855977 10.04343 35.39 0.51 807.660217 821.420959 1154429.59633 141.87 620910.0 180.31 761700.0 191.43 "" "" 0.0027585489793226993 0.0028079278 0.0037892193 0.0065971473 131.3371769898 -41.64912625525 815.256226 -5.486000000000001 3.4699999999999998 0.8
131.15863772603 -41.284041072 0.0077 0.0088 2.6076 "" "" 5525249274804386688 926.387268 1.0655 0.0106 -5.386 4.357 0.01 0.012 0.887 "" "" 10.735904 0.793639 11.035351 10.241712 1.76 24.84 917.757629 935.660339 956279.97316 347.36 526350.0 465.21 634560.0 830.16 "" "" 0.0027834022272697585 0.002950579 0.0040374855 0.0069880644 131.15863772603 -41.284041072 926.387268 -5.386 4.357 1.0
131.16802679202 -41.27597733317 0.0114 0.0105 2.293 "" 7683-2232-2 5525249309164278528 931.820984 1.055 0.0131 -6.168 4.139 0.014 0.014 0.974 10525.5 3.6207 10.941934 0.750609 11.126081 10.375471 -11.28 16.29 920.679321 942.099487 790994.29905 468.06 484160.0 5667.4 561010.0 8098.6 "" "" 0.0028292324736138665 0.013011901 0.016122645 0.029134545 131.16802679202 -41.27597733317 931.820984 -6.168 4.139 1.0
131.11252942558 -41.18737254529 0.0106 0.0117 7.6475 "" 7679-19-1 5525254909801465088 914.357544 1.0638 0.0132 -5.899 4.556 0.013 0.014 0.966 "" "" 11.265562 0.643351 11.501497 10.858147 "" "" 905.128357 923.330933 587113.05058 269.35 342620.0 268.82 359670.0 189.08 "" "" 0.002799981514626948 0.0029173156 0.003822239 0.006739555 131.11252942558 -41.18737254529 914.357544 -5.899000000000001 4.556000000000001 0.9
131.89575243497 -41.59126065904 0.0142 0.0145 35.5649 "" 7683-1470-1 5524996902526722304 915.257874 1.0679 0.0177 -5.859 3.658 0.019 0.018 1.069 "" "" 11.374569 0.800984 11.683566 10.882582 "" "" 901.838562 931.109558 531030.32805 233.73 289730.0 144.79 351660.0 124.72 "" "" 0.0027964547724526434 0.0028424372 0.003798948 0.006641385 131.89575243497 -41.59126065904 915.257874 -5.859 3.6579999999999995 1.0
131.96401033809 -41.44808792586 0.0116 0.0143 35.0123 "" 7683-1292-1 5525376332818986112 962.623962 1.006 0.0159 -5.622 3.677 0.015 0.019 1.274 "" "" 11.72954 0.79321 12.032834 11.239624 1.41 14.38 944.164429 978.443665 382940.15294 65.837 210030.0 87.969 253110.0 54.946 "" "" 0.0027616359837204212 0.0028269852 0.003786724 0.006613709 131.96401033809 -41.44808792586 962.623962 -5.622000000000002 3.677 0.9
131.15649220374 -41.28168430494 0.0104 0.0122 2.7206 "" "" 5525250030718784640 932.480652 1.0517 0.0142 -5.834 4.231 0.014 0.018 1.326 "" "" 12.362975 0.973379 12.746575 11.773196 "" "" 918.503296 948.332703 213676.53228 37.846 108840.0 68.014 154840.0 70.924 "" "" 0.0027620228251938905 0.0028714766 0.0038119617 0.006683438 131.15649220374 -41.28168430494 932.480652 -5.834 4.231 0.9
130.92041320596 -41.32141225415 0.0079 0.0084 13.4803 "" "" 5525229655393830272 946.830566 1.0512 0.0101 -5.565 4.046 0.011 0.01 1.06 "" "" 12.457326 1.374439 13.054878 11.680439 "" "" 938.731445 954.361938 195891.87355 38.641 81934.0 79.029 168650.0 78.305 "" "" 0.002763631249768702 0.0029802285 0.0038128542 0.0067930827 130.92041320596 -41.32141225415 946.830566 -5.565 4.045999999999999 1.0
131.39799240433 -41.3143862526 0.0074 0.0096 8.3431 "" "" 5525059093652973056 899.320496 1.0951 0.01 -5.452 3.973 0.01 0.014 0.976 "" "" 12.469243 0.899298 12.822359 11.923061 "" "" 890.412476 908.170044 193753.4423 27.168 101500.0 61.904 134880.0 46.339 "" "" 0.002759522933685101 0.0028676703 0.0037977449 0.006665415 131.39799240433 -41.3143862526 899.320496 -5.452 3.973 1.0
131.22055051154 -41.2350945606 0.0072 0.0086 3.1927 "" "" 5525250954133282944 920.271912 1.0727 0.0094 -5.812 4.137 0.009 0.011 0.936 7195.9 3.6035 12.663303 1.074462 13.10185 12.027389 64.5 26.62 912.567566 927.626465 162041.21667 27.706 78465.0 45.874 122520.0 32.323 "" "" 0.002761566907407418 0.0028614644 0.0037902207 0.006651685 131.22055051154 -41.2350945606 920.271912 -5.811999999999999 4.136999999999999 1.0
131.16366640018 -41.20454210365 0.0076 0.0087 5.5513 "" "" 5525251851784742016 913.859192 1.076 0.0099 -5.749 4.129 0.01 0.012 0.934 "" "" 12.729144 0.879915 13.074778 12.194862 "" "" 905.431763 921.473206 152506.73549 22.35 80446.0 44.016 105010.0 48.023 "" "" 0.002759910720166999 0.0028527102 0.0038118586 0.0066645686 131.16366640018 -41.20454210365 913.859192 -5.748999999999999 4.129 1.0
132.12962017716 -41.48512097536 0.0086 0.0102 42.7816 "" "" 5525361974748312704 789.209167 1.2443 0.0117 -5.441 4.417 0.011 0.012 0.969 6844.8 4.2281 12.737379 0.596724 12.962994 12.366269 12.89 6.63 782.483398 796.017822 151354.44235 25.721 89170.0 36.175 89671.0 39.01 "" "" 0.002761491062041001 0.002824723 0.0038087827 0.0066335057 132.12962017716 -41.48512097536 789.209167 -5.440999999999999 4.417000000000001 0.9
131.17028126011 -41.27866461859 0.0117 0.0133 2.1484 "" "" 5525249304868010112 875.336182 1.1226 0.0154 -5.727 4.032 0.016 0.018 1.358 "" "" 12.80519 0.902387 13.14472 12.242333 "" "" 860.838318 887.499146 142190.56588 23.109 75427.0 136.8 100510.0 88.91 "" "" 0.002760964663276789 0.0034150672 0.0038995068 0.007314574 131.17028126011 -41.27866461859 875.336182 -5.727 4.032 1.0
131.40573958639 -40.99445930108 0.0105 0.012 19.5953 "" "" 5525260922755591296 918.244202 1.0733 0.0137 -5.674 4.622 0.014 0.016 1.141 "" "" 12.824237 0.865968 13.163704 12.297736 "" "" 906.762085 928.737793 139717.92781 18.671 74120.0 41.279 95513.0 32.103 "" "" 0.0027591376791501207 0.0028549384 0.0037969593 0.006651898 131.40573958639 -40.99445930108 918.244202 -5.674 4.622 0.8
131.04690393435 -41.27224851262 0.0219 0.0248 7.6936 "" "" 5525252745135815936 915.6698 1.0912 0.0292 -5.495 3.893 0.029 0.031 2.55 "" "" 12.841286 1.626291 13.57733 11.951038 "" "" 894.282593 936.229309 137541.05909 69.242 50639.0 100.17 131440.0 182.84 "" "" 0.002809012253216175 0.0035210412 0.004069986 0.007591027 131.04690393435 -41.27224851262 915.6698 -5.495 3.8930000000000002 1.0
131.27583834374 -41.20620687373 0.0082 0.0094 5.6073 "" "" 5525251198949691392 918.777771 1.0652 0.0107 -5.678 4.23 0.011 0.013 0.886 "" "" 12.84915 0.698575 13.116592 12.418017 "" "" 910.349182 929.403198 136548.53131 25.16 77407.0 57.842 85497.0 44.461 "" "" 0.0027625732803685044 0.0029057313 0.003821324 0.0067270556 131.27583834374 -41.20620687373 918.777771 -5.678000000000001 4.229999999999999 1.0
130.42841639058 -40.9229924596 0.0105 0.0118 41.8168 "" "" 5525310332059671424 908.355347 1.0852 0.0135 -6.164 4.018 0.013 0.014 0.953 "" "" 12.869889 0.998114 13.274967 12.276854 "" "" 897.823181 917.15509 133964.88001 24.681 66901.0 62.113 97368.0 32.317 "" "" 0.0027625715524928324 0.0029666778 0.0037965232 0.006763201 130.42841639058 -40.9229924596 908.355347 -6.164 4.018 0.8
131.21910562998 -41.21905554223 0.0094 0.0108 4.1511 "" "" 5525250958431534848 927.925232 1.0553 0.0122 -5.867 4.161 0.012 0.015 1.03 "" "" 12.968075 1.040206 13.397965 12.357758 "" "" 918.101624 937.244446 122381.79455 41.702 59735.0 71.726 90376.0 108.15 "" "" 0.0027800478166246367 0.003079714 0.0039964756 0.00707619 131.21910562998 -41.21905554223 927.925232 -5.867000000000001 4.1610000000000005 1.0
131.0992172658 -41.43433686563 0.0162 0.0173 10.229 "" "" 5525224638872016512 949.252136 1.0299 0.0203 -6.203 3.472 0.021 0.024 2.045 "" "" 13.017245 1.064919 13.441853 12.376934 "" "" 937.116272 965.741577 116963.01738 462.0 57369.0 725.23 88794.0 969.91 "" "" 0.005097456572586776 0.01400606 0.012447296 0.026453355 131.0992172658 -41.43433686563 949.252136 -6.202999999999999 3.472 1.0
131.83123441602 -41.24445807727 0.0075 0.0095 27.861 "" "" 5525426227458931968 818.955383 1.1867 0.0104 -5.676 3.495 0.011 0.012 0.979 6456.5 4.1704 13.059835 0.73456 13.347128 12.612568 20.04 3.86 811.991638 826.071228 112463.73089 20.819 62599.0 29.095 71471.0 31.989 "" "" 0.002762641103876696 0.002835437 0.0038104958 0.006645933 131.83123441602 -41.24445807727 818.955383 -5.676 3.495 1.0
131.06911876795 -41.45477431526 0.0083 0.0089 11.9894 "" "" 5525224295274749056 927.788208 1.0448 0.0103 -6.151 4.025 0.011 0.012 0.973 7437.9 3.6529 13.151736 1.518132 13.845482 12.32735 "" "" 920.160095 934.680725 103336.11134 21.854 39557.0 36.376 92943.0 42.591 "" "" 0.0027648712720280398 0.0029634275 0.0038119904 0.006775418 131.06911876795 -41.45477431526 927.788208 -6.151 4.025 0.8
131.13307095665 -41.54087552728 0.0076 0.0085 15.6149 "" "" 5525035351073861632 944.186279 1.0255 0.0098 -5.864 3.638 0.011 0.012 1.047 "" "" 13.199862 1.192548 13.698843 12.506295 "" "" 934.677185 954.596863 98855.78812 19.487 45277.0 30.635 78821.0 30.437 "" "" 0.0027636202102083148 0.002885259 0.0038025659 0.0066878246 131.13307095665 -41.54087552728 944.186279 -5.863999999999999 3.6380000000000003 1.0
131.23173016839 -41.23739884203 0.0082 0.0097 3.1278 "" "" 5525250885413806592 921.848022 1.0502 0.0107 -5.649 4.176 0.011 0.013 1.07 "" "" 13.33329 1.176346 13.824988 12.648643 "" "" 913.862061 929.893616 87423.97352 14.169 40311.0 38.357 69135.0 41.853 "" "" 0.002760933543732867 0.0029752913 0.0038361112 0.0068114027 131.23173016839 -41.23739884203 921.848022 -5.649000000000001 4.176000000000001 1.0
131.11715765556 -41.38425634862 0.0085 0.0097 7.2887 "" "" 5525248312731737600 937.134338 1.0336 0.0111 -6.285 3.69 0.011 0.012 1.062 "" "" 13.37619 1.263347 13.917608 12.654262 "" "" 928.742676 947.565613 84036.99882 16.661 37015.0 28.469 68779.0 38.697 "" "" 0.0027637156965302874 0.002912452 0.003828431 0.006740883 131.11715765556 -41.38425634862 937.134338 -6.285 3.689999999999999 1.0
131.04989923167 -41.30351953699 0.0085 0.0094 7.5531 "" "" 5525252642058770304 921.741882 1.0514 0.0111 -6.38 3.715 0.011 0.011 1.059 "" "" 13.43793 1.509118 14.118578 12.60946 "" "" 911.157288 930.738037 79391.59696 14.541 30760.0 30.807 71676.0 34.529 "" "" 0.0027624869391379312 0.0029945744 0.0038154027 0.006809977 131.04989923167 -41.30351953699 921.741882 -6.38 3.7150000000000003 0.9
131.03566061036 -41.32082072087 0.0113 0.012 8.3697 "" "" 5525229174357470848 895.007446 1.0833 0.0143 -5.734 4.337 0.015 0.015 1.337 "" "" 13.441097 1.448972 14.085313 12.636341 "" "" 882.744141 907.261047 79160.3559 17.324 31717.0 23.431 69923.0 33.32 "" "" 0.0027655465851567536 0.0029031702 0.003814631 0.006717801 131.03566061036 -41.32082072087 895.007446 -5.734000000000001 4.337 0.8
131.93866503507 -41.73592126795 0.0132 0.0154 42.1331 "" "" 5524982059119761536 900.15387 1.0741 0.0177 -6.079 3.752 0.019 0.019 1.583 "" "" 13.448446 1.028483 13.868962 12.840479 "" "" 885.222717 912.20575 78626.40216 11.065 38711.0 26.616 57938.0 22.441 "" "" 0.002759553499708235 0.002888307 0.0038027065 0.0066910135 131.93866503507 -41.73592126795 900.15387 -6.079 3.752 0.8
131.13318267425 -41.33340092337 0.0085 0.0093 4.6211 "" "" 5525248759408324480 927.65802 1.0458 0.011 -5.387 4.131 0.011 0.012 1.009 "" "" 13.458175 1.179259 13.953368 12.774109 "" "" 918.256653 936.573303 77925.00198 14.81 35815.0 24.02 61591.0 23.094 "" "" 0.002763036254684535 0.0028836227 0.0038012448 0.0066848677 131.13318267425 -41.33340092337 927.65802 -5.387 4.130999999999999 1.0
130.6696541694 -40.78488988051 0.0115 0.0136 39.0361 "" "" 5525324934948081920 961.10144 1.0057 0.0155 -5.9 4.3 0.016 0.017 1.343 "" "" 13.529734 1.113731 13.996099 12.882368 "" "" 944.938477 976.072144 72954.72215 13.895 34433.0 26.331 55746.0 34.684 "" "" 0.002763069216546368 0.0029110801 0.0038392784 0.0067503583 130.6696541694 -40.78488988051 961.10144 -5.9 4.300000000000001 1.0
131.34165003392 -41.31806811391 0.0086 0.0108 5.9312 "" "" 5525062186029436800 916.36554 1.0559 0.0114 -5.583 4.099 0.011 0.015 0.997 7787.6 3.9917 13.589016 1.238544 14.122839 12.884294 "" "" 908.55896 926.840088 69078.07425 10.572 30639.0 25.207 55647.0 23.803 "" "" 0.002760326144334717 0.002929665 0.00380781 0.006737475 131.34165003392 -41.31806811391 916.36554 -5.583 4.098999999999999 1.0
131.03763782007 -41.32039595473 0.0097 0.0104 8.2772 "" "" 5525226219419970432 934.120056 1.0388 0.0123 -5.759 4.22 0.013 0.013 1.107 "" "" 13.720085 1.989584 14.701972 12.712388 36.25 8.75 921.779602 944.153442 61222.71302 16.996 17973.0 20.829 65193.0 62.138 "" "" 0.002771757156536642 0.0030607644 0.003918502 0.006979266 131.03763782007 -41.32039595473 934.120056 -5.759 4.22 1.0
131.19029358847 -41.2870617767 0.0092 0.0103 1.1703 "" "" 5525249240444640000 920.708801 1.0526 0.0121 -5.912 3.805 0.012 0.014 1.057 "" "" 13.728551 1.375561 14.333704 12.958143 "" "" 912.650208 929.043579 60747.22605 11.726 25231.0 21.124 51988.0 26.562 "" "" 0.0027632793484947686 0.002934508 0.0038198761 0.0067543844 131.19029358847 -41.2870617767 920.708801 -5.911999999999999 3.8049999999999997 1.0
130.87798367896 -41.27463800349 0.0094 0.0103 15.2718 "" "" 5525241750021735552 862.299988 1.1243 0.0125 -5.925 3.857 0.012 0.012 1.008 6224.6 4.2398 13.815884 0.849498 14.157411 13.307913 33.45 2.57 854.241882 870.597839 56052.25984 9.5286 29679.0 19.495 37670.0 18.934 "" "" 0.0027614951299169146 0.0028798736 0.003818578 0.006698452 130.87798367896 -41.27463800349 862.299988 -5.925 3.857000000000001 0.9
131.02140791975 -41.40756659489 0.0099 0.0103 11.326 "" "" 5525225394786269952 805.285095 1.2091 0.0122 -5.547 3.902 0.013 0.012 1.002 5709.6 3.5373 13.842907 1.624756 14.602864 12.978108 5.83 5.02 797.242065 813.662354 54674.41188 15.838 19691.0 20.707 51040.0 40.669 "" "" 0.0027732127071313883 0.00301474 0.0038771331 0.006891873 131.02140791975 -41.40756659489 805.285095 -5.546999999999999 3.902000000000001 1.0
131.05339859395 -41.30162190182 0.0098 0.0107 7.3833 "" "" 5525252642058769792 934.014893 1.0337 0.0127 -5.912 4.191 0.013 0.013 0.981 "" "" 13.909312 1.460888 14.56188 13.100992 "" "" 923.585815 944.822144 51430.64898 9.6406 20449.0 15.783 45579.0 23.207 "" "" 0.0027628263886156977 0.0029132944 0.0038195981 0.0067328922 131.05339859395 -41.30162190182 934.014893 -5.912 4.191 1.0
131.34011713129 -41.33088466326 0.0097 0.0118 6.1436 "" "" 5525061945511270656 940.21759 1.0333 0.0127 -5.324 4.113 0.013 0.016 1.038 6006.4 3.9405 13.920757 1.466819 14.583747 13.116928 -5.74 5.31 929.085876 949.519592 50891.32489 51.902 20041.0 71.31 44915.0 150.59 "" "" 0.0029694947379409883 0.004765493 0.0052473815 0.010012874 131.34011713129 -41.33088466326 940.21759 -5.324000000000001 4.1129999999999995 1.0
131.34002532818 -41.16304096664 0.0144 0.016 9.3605 "" "" 5525257211903886464 951.57251 1.0156 0.0181 -5.251 4.228 0.019 0.023 1.347 "" "" 14.031279 1.191556 14.528358 13.336802 "" "" 934.49408 972.794128 45965.851 10.214 21090.0 22.199 36681.0 34.201 "" "" 0.0027658625538683353 0.003015146 0.003912613 0.0069277585 131.34002532818 -41.16304096664 951.57251 -5.251 4.228 1.0
