Clusters/Collinder_197/Collinder_197_members.tsv
# %ECSV 1.0
# ---
# datatype:
# - name: RA_ICRS_1
#   unit: deg
#   datatype: float64
#   format: '{:15.11f}'
#   description: Right ascension (ICRS) at Ep=2016.0 (ra)
#   meta: !!omap
#   - {ucd: POS_EQ_RA_MAIN}
#   - {width: 15}
#   - {precision: '11'}
# - name: DE_ICRS_1
#   unit: deg
#   datatype: float64
#   format: '{:15.11f}'
#   description: Declination (ICRS) at Ep=2016.0 (dec)
#   meta: !!omap
#   - {ucd: POS_EQ_DEC_MAIN}
#   - {width: 15}
#   - {precision: '11'}
# - name: e_RA_ICRS
#   unit: mas
#   datatype: float64
#   format: '{:7.4f}'
#   description: Standard error of right ascension (ra_error)
#   meta: !!omap
#   - {ucd: ERROR}
#   - {width: 7}
#   - {precision: '4'}
# - name: e_DE_ICRS
#   unit: mas
#   datatype: float64
#   format: '{:7.4f}'
#   description: Standard error of declination (dec_error)
#   meta: !!omap
#   - {ucd: ERROR}
#   - {width: 7}
#   - {precision: '4'}
# - name: _r_1
#   unit: ''
#   datatype: float64
#   format: '{:7.4f}'
#   description: Distance from center (131.21620789000-41.28820582000)[ICRS], at Epoch=J2016.0
#   meta: !!omap
#   - {ucd: POS_ANG_DIST_GENERAL}
#   - {width: 7}
#   - {precision: '4'}
# - name: HIP
#   datatype: int32
#   description: '? HIP cross-id number, van Leeuwen, Cat. I/311 (hip_original_ext_source_id)'
#   meta: !!omap
#   - {ucd: ID_NUMBER}
#   - {width: 6}
#   - values: {'null': -2147483648}
# - name: TYC2
#   datatype: string
#   description: Tycho-2 cross-id name, Hog et al., Cat. I/259 (tyc2_original_ext_source_id)
#   meta: !!omap
#   - {ucd: ID_CROSSID}
#   - {_votable_string_dtype: char}
# - name: Source
#   datatype: int64
#   description: Source identifier, identical to the Gaia-EDR3 source_id (id)
#   meta: !!omap
#   - {ucd: ID_MAIN}
#   - {width: 19}
# - name: rgeo
#   unit: pc
#   datatype: float64
#   format: '{:15.8f}'
#   description: '? Median of the geometric distance posterior (r_med_geo)'
#   meta: !!omap
#   - {ucd: PHYS_DISTANCE_TRUE}
#   - {width: 15}
#   - {precision: '8'}
#   - values: {'null': .nan}
# - name: Plx
#   unit: mas
#   datatype: float64
#   format: '{:9.4f}'
#   description: '? Parallax (parallax)'
#   meta: !!omap
#   - {ucd: POS_PARLX_TRIG}
#   - {width: 9}
#   - {precision: '4'}
#   - values: {'null': .nan}
# - name: e_Plx
#   unit: mas
#   datatype: float32
#   format: '{:7.4f}'
#   description: '? Standard error of parallax (parallax_error)'
#   meta: !!omap
#   - {ucd: ERROR}
#   - {width: 7}
#   - {precision: '4'}
#   - values: {'null': .nan}
# - name: pmRA
#   unit: mas / yr
#   datatype: float64
#   format: '{:9.3f}'
#   description: '? Proper motion in right ascension direction, pmRA*cosDE (pmra)'
#   meta: !!omap
#   - {ucd: POS_EQ_PMRA}
#   - {width: 9}
#   - {precision: '3'}
#   - values: {'null': .nan}
# - name: pmDE
#   unit: mas / yr
#   datatype: float64
#   format: '{:9.3f}'
#   description: '? Proper motion in declination direction (pmdec)'
#   meta: !!omap
#   - {ucd: POS_EQ_PMDEC}
#   - {width: 9}
#   - {precision: '3'}
#   - values: {'null': .nan}
# - name: e_pmRA
#   unit: mas / yr
#   datatype: float32
#   format: '{:6.3f}'
#   description: '? Standard error of proper motion in right ascension direction (pmra_error)'
#   meta: !!omap
#   - {ucd: ERROR}
#   - {width: 6}
#   - {precision: '3'}
#   - values: {'null': .nan}
# - name: e_pmDE
[...]
#         unit: &id001 !astropy.units.Unit {unit: deg}
#         value: !astropy.table.SerializedColumn {name: SkyCoord.dec}
#       distance: !astropy.table.SerializedColumn
#         __class__: astropy.coordinates.distances.Distance
#         unit: !astropy.units.Unit {unit: pc}
#         value: !astropy.table.SerializedColumn {name: SkyCoord.distance}
#       frame: icrs
#       obstime: !astropy.time.Time {format: jyear_str, in_subfmt: '*', jd1: 367701545.0, jd2: 0.0, out_subfmt: '*', precision: 3, scale: tt}
#       pm_dec: !astropy.table.SerializedColumn
#         __class__: astropy.units.quantity.Quantity
#         unit: !astropy.units.Unit {unit: mas / yr}
#         value: !astropy.table.SerializedColumn {name: SkyCoord.pm_dec}
#       pm_ra_cosdec: !astropy.table.SerializedColumn
#         __class__: astropy.units.quantity.Quantity
#         unit: !astropy.units.Unit {unit: mas / yr}
#         value: !astropy.table.SerializedColumn {name: SkyCoord.pm_ra_cosdec}
#       ra: !astropy.table.SerializedColumn
#         __class__: astropy.coordinates.angles.Longitude
#         unit: *id001
#         value: !astropy.table.SerializedColumn {name: SkyCoord.ra}
#         wrap_angle: !astropy.coordinates.Angle
#           unit: *id001
#           value: 360.0
#       representation_type: spherical
# schema: astropy-2.0
RA_ICRS_1 DE_ICRS_1 e_RA_ICRS e_DE_ICRS _r_1 HIP TYC2 Source rgeo Plx e_Plx pmRA pmDE e_pmRA e_pmDE RUWE Teff logg Gmag BP-RP BPmag RPmag RV e_RV b_rgeo B_rgeo FG e_FG FBP e_FBP FRP e_FRP RAVE5 RAVE6 e_Gmag e_BPmag e_RPmag e_BP-RP SkyCoord.ra SkyCoord.dec SkyCoord.distance SkyCoord.pm_ra_cosdec SkyCoord.pm_dec Pmemb
[from data line 81]
131.25900657189 -41.24929699454 0.0258 0.0308 3.0291 "" "" 5525250992791271552 950.105774 1.0316 0.0344 -5.775 4.263 0.034 0.042 0.977 5307.7 3.842 16.218763 2.144936 17.31403 15.169094 "" "" 906.584717 980.903076 6129.7295 31.851 1621.1 32.762 6784.5 92.349 "" "" 0.006278534436269277 0.022119127 0.01525438 0.037373506 131.25900657189 -41.24929699454 950.105774 -5.775000000000001 4.263 1.0
131.74145916809 -41.04573901705 0.0295 0.0327 27.8296 "" "" 5525444438119931648 838.196045 1.1619 0.0393 -5.912 3.857 0.038 0.04 0.969 4665.8 4.4813 16.287157 1.375475 16.912727 15.537252 "" "" 810.347229 871.585449 5755.50839 2.5138 2346.0 14.105 4833.5 13.011 "" "" 0.0027958299567663247 0.0070991353 0.0047776005 0.011876736 131.74145916809 -41.04573901705 838.196045 -5.912000000000001 3.8570000000000007 1.0
131.17033868878 -41.35371103948 0.0278 0.0304 4.4407 "" "" 5525248793768060288 994.588257 0.9638 0.0354 -5.672 3.857 0.038 0.04 0.991 "" "" 16.29532 2.435212 17.59754 15.162328 "" "" 946.99469 1029.19153 5712.3949 6.6765 1248.5 10.992 6827.0 25.787 "" "" 0.0030334964368550657 0.009957888 0.005576948 0.015534837 131.17033868878 -41.35371103948 994.588257 -5.672000000000001 3.8569999999999998 1.0
131.30988208217 -41.29116368276 0.0279 0.0321 4.2268 "" "" 5525062976303351936 894.891785 1.0741 0.0367 -5.819 4.148 0.036 0.047 0.971 "" "" 16.298574 2.333709 17.52219 15.188481 "" "" 865.906128 928.858032 5695.29996 37.701 1338.3 40.375 6664.5 150.79 "" "" 0.007697261256335793 0.032874055 0.024854733 0.05772879 131.30988208217 -41.29116368276 894.891785 -5.818999999999999 4.148 1.0
131.13054318188 -41.50261217599 0.0271 0.0297 13.4298 "" "" 5525036588024435200 948.965881 1.0243 0.0342 -5.704 3.842 0.037 0.039 1.031 5460.8 4.3355 16.324774 2.006104 17.33196 15.325857 "" "" 926.365906 983.801147 5559.52392 7.9868 1594.5 10.907 5872.4 32.442 "" "" 0.003166174341813699 0.007933679 0.007089525 0.015023204 131.13054318188 -41.50261217599 948.965881 -5.704 3.8419999999999996 1.0
131.36444051762 -41.36498939758 0.0277 0.035 8.1138 "" "" 5525058921854296320 898.216858 1.0797 0.0359 -5.639 4.077 0.037 0.047 0.906 4787.1 4.3149 16.331892 2.022811 17.35424 15.33143 "" "" 874.830383 932.506958 5523.18892 5.1532 1562.1 14.125 5842.3 17.985 "" "" 0.0029356375167833744 0.010206356 0.005045293 0.015251649 131.36444051762 -41.36498939758 898.216858 -5.638999999999999 4.077 1.0
131.18300397396 -41.17284195564 0.0281 0.0301 7.0821 "" "" 5525252057943161088 948.507202 1.0286 0.0347 -5.928 4.099 0.039 0.038 1.028 5764.4 4.1719 16.368122 2.255866 17.508734 15.252868 "" "" 914.45459 980.24231 5341.92757 91.861 1355.0 76.189 6280.7 313.87 "" "" 0.018872779519374144 0.06111255 0.05438975 0.1155023 131.18300397396 -41.17284195564 948.507202 -5.928 4.099 1.0
131.22908363581 -41.27513230886 0.029 0.0316 0.9759 "" "" 5525250546114684928 967.378845 1.0085 0.0364 -5.749 3.979 0.039 0.042 1.015 4776.5 4.1747 16.371267 2.13567 17.432884 15.297215 "" "" 936.244141 998.762695 5326.47118 8.2364 1453.0 14.411 6029.4 28.872 "" "" 0.0032265244244020657 0.011124044 0.006427615 0.017551659 131.22908363581 -41.27513230886 967.378845 -5.749 3.979 1.0
131.30837719335 -41.29302858194 0.0305 0.0356 4.1653 "" "" 5525062976303352064 850.677551 1.137 0.0402 -5.673 4.076 0.038 0.049 1.048 "" "" 16.374233 2.346312 17.590427 15.244115 "" "" 828.297424 884.686279 5311.94273 27.664 1256.7 29.06 6331.6 78.795 "" "" 0.006289986853282392 0.025261188 0.014030299 0.039291486 131.30837719335 -41.29302858194 850.677551 -5.673000000000001 4.0760000000000005 1.0
131.25393333951 -41.25511443654 0.0343 0.0423 2.6146 "" "" 5525250614834151680 989.266235 0.9818 0.0443 -6.126 4.125 0.046 0.057 1.138 5911.9 4.1327 16.375837 2.241109 17.525335 15.284226 "" "" 945.393005 1026.70142 5304.10476 4.9376 1334.4 9.5418 6101.9 19.827 "" "" 0.002934847768618536 0.00824985 0.0051700873 0.013419937 131.25393333951 -41.25511443654 989.266235 -6.126000000000001 4.125000000000001 1.0
130.49332257893 -41.54866571615 0.0327 0.0376 36.0848 "" "" 5525138121050833536 871.471802 1.1178 0.0439 -5.56 3.472 0.044 0.048 1.006 4967.6 4.4302 16.464027 1.700516 17.27806 15.577545 "" "" 842.450195 900.858154 4890.30062 3.5381 1675.7 12.482 4657.4 13.257 "" "" 0.002865106561838871 0.008555237 0.0048820893 0.013437327 130.49332257893 -41.54866571615 871.471802 -5.559999999999999 3.4720000000000004 0.9
130.33930403159 -41.29822941433 0.0296 0.0413 39.5357 "" "" 5525287826430981760 919.083984 1.0688 0.0453 -5.743 3.96 0.041 0.05 1.032 "" "" 16.467186 1.554027 17.195202 15.641175 "" "" 886.453125 953.340759 4876.09907 2.4831 1808.6 9.3004 4392.3 10.208 "" "" 0.0028102467739536817 0.00624157 0.004544325 0.010785895 130.33930403159 -41.29822941433 919.083984 -5.743 3.9600000000000013 1.0
131.1645540299 -41.33374319162 0.0313 0.0339 3.5895 "" "" 5525248862487535104 928.332214 1.046 0.0394 -5.632 4.192 0.042 0.044 0.934 "" "" 16.467596 2.312062 17.68075 15.368688 "" "" 898.77887 961.896118 4874.25349 6.0546 1156.4 18.312 5645.2 23.66 "" "" 0.003067680913964538 0.017417941 0.0059153046 0.023333246 131.1645540299 -41.33374319162 928.332214 -5.632 4.191999999999999 1.0
131.03772571416 -41.24330006584 0.0325 0.0355 8.4884 "" "" 5525253123095098624 921.477478 1.0588 0.0424 -6.021 4.269 0.044 0.045 1.106 "" "" 16.469906 2.472598 17.798931 15.326333 "" "" 881.581177 951.316284 4863.89632 9.4257 1037.2 12.222 5869.8 29.023 "" "" 0.00346680923239015 0.013094647 0.0065653063 0.019659953 131.03772571416 -41.24330006584 921.477478 -6.021 4.269 1.0
131.54968808951 -41.62043004926 0.0337 0.0386 24.9445 "" "" 5525040573754019712 939.647583 1.0462 0.0431 -5.757 3.711 0.046 0.054 1.035 4692.4 4.2655 16.481049 2.025033 17.498755 15.473721 "" "" 905.28894 980.362 4814.23884 10.822 1367.5 15.125 5124.7 28.847 "" "" 0.003680832143414446 0.012328483 0.007185795 0.019514278 131.54968808951 -41.62043004926 939.647583 -5.757 3.711 1.0
131.30968942197 -41.17619377311 0.0385 0.0394 7.9348 "" "" 5525257143184417408 943.290161 1.0359 0.0456 -5.673 4.258 0.048 0.058 1.065 5349.7 4.1742 16.520134 2.551003 17.918257 15.367254 "" "" 908.640747 976.664856 4644.01173 7.5753 929.21 9.703 5652.7 20.524 "" "" 0.0032754248114743303 0.011675763 0.0054611424 0.017136905 131.30968942197 -41.17619377311 943.290161 -5.673 4.258000000000001 1.0
131.08608297414 -41.21394129303 0.0434 0.0483 7.3696 "" "" 5525253501050001280 921.980591 1.0559 0.0555 -5.763 4.069 0.056 0.059 1.457 "" "" 16.52086 2.297793 17.656218 15.358424 "" "" 879.800537 959.327332 4640.90285 4.8218 1182.9 13.052 5698.9 28.9 "" "" 0.002977297755259798 0.012300533 0.006678252 0.018978786 131.08608297414 -41.21394129303 921.980591 -5.762999999999999 4.069000000000001 0.9
131.82005490218 -41.51757339884 0.0496 0.0613 30.4618 "" "" 5525001025695100800 926.779175 1.0692 0.0691 -6.284 3.798 0.066 0.078 1.612 4503.3 4.3435 16.531656 1.785213 17.365047 15.579835 "" "" 865.657288 1006.11975 4594.99003 9.0883 1546.7 12.212 4647.6 13.562 "" "" 0.0034933245105475286 0.009015096 0.0049316864 0.013946783 131.82005490218 -41.51757339884 926.779175 -6.284000000000001 3.798 0.8
131.12276088398 -41.41283545385 0.0346 0.0369 8.5809 "" "" 5525224776310960640 925.156433 1.0412 0.0431 -5.977 3.29 0.042 0.047 1.032 "" "" 16.54153 2.507035 17.880453 15.373418 "" "" 896.432922 960.657104 4553.38955 9.8994 962.13 12.446 5620.7 48.057 "" "" 0.0036281682716793827 0.01431942 0.010022908 0.024342328 131.12276088398 -41.41283545385 925.156433 -5.977 3.29 0.8
131.31182357454 -41.27691673848 0.0333 0.0388 4.364 "" "" 5525063079382566016 965.481995 1.0166 0.0444 -5.491 3.885 0.044 0.054 1.007 4738.3 4.2302 16.554932 2.068593 17.601831 15.533238 "" "" 930.623047 1001.59802 4497.53198 9.0471 1243.6 12.142 4851.4 23.291 "" "" 0.003515934382297441 0.010961729 0.0064384625 0.017400192 131.31182357454 -41.27691673848 965.481995 -5.4910000000000005 3.8850000000000002 0.9
131.12069503106 -41.44919722843 0.0354 0.0354 10.5737 "" "" 5525036965981549184 952.872192 1.0296 0.042 -6.067 3.327 0.045 0.046 0.985 4708.6 4.1746 16.568247 2.278365 17.76977 15.491405 "" "" 922.040588 991.281677 4442.70702 6.6497 1065.4 10.202 5041.9 23.997 "" "" 0.0031988626845090647 0.010764624 0.006402155 0.017166778 131.12069503106 -41.44919722843 952.872192 -6.067 3.327 0.9
131.10107238143 -41.49057664727 0.0308 0.0324 13.2021 "" "" 5525036484945224320 956.207703 1.0126 0.0381 -6.088 3.29 0.043 0.043 0.977 9856.0 4.2294 16.570799 2.15404 17.651382 15.497342 "" "" 924.447754 990.086548 4432.28183 23.204 1188.1 35.704 5014.4 60.072 "" "" 0.006316684094137363 0.03274691 0.013544962 0.046291873 131.10107238143 -41.49057664727 956.207703 -6.088000000000001 3.290000000000001 0.9
132.28070821383 -41.42492485782 0.0297 0.0313 48.638 "" "" 5525367502366369920 958.847595 1.003 0.0373 -5.833 4.005 0.037 0.042 1.057 "" "" 16.596382 2.200634 17.671762 15.471128 "" "" 931.720032 993.204956 4329.06005 133.74 1166.0 115.75 5137.0 460.4 "" "" 0.033655214727976765 0.10781823 0.0973817 0.20519993 132.28070821383 -41.42492485782 958.847595 -5.833 4.005000000000001 0.9
131.31447964713 -41.26583668046 0.0331 0.0389 4.63 "" "" 5525063182461779840 895.119324 1.0811 0.0451 -5.313 3.98 0.045 0.053 1.061 4743.2 4.2165 16.628872 2.13392 17.70447 15.57055 "" "" 860.186523 925.32843 4201.4386 16.069 1131.4 22.692 4687.5 60.674 "" "" 0.004983521202801814 0.021954162 0.014552856 0.036507018 131.31447964713 -41.26583668046 895.119324 -5.313 3.9799999999999995 0.9
131.16271483203 -41.2507666454 0.0325 0.0359 3.2963 "" "" 5525250133797835008 921.285889 1.048 0.0425 -5.982 3.935 0.044 0.049 1.022 8339.7 4.0437 16.64968 2.708363 18.152365 15.444002 "" "" 887.117493 958.580322 4121.6885 5.2221 748.98 6.7504 5266.9 25.76 "" "" 0.0030796239136023167 0.010175525 0.00651786 0.016693385 131.16271483203 -41.2507666454 921.285889 -5.982 3.9349999999999996 0.9
131.32335917385 -41.75876692854 0.0339 0.0376 28.641 "" "" 5525017552729392000 983.170227 0.9991 0.0431 -5.292 3.54 0.05 0.05 1.035 "" "" 16.672142 1.959914 17.651655 15.691741 "" "" 943.472046 1023.54327 4037.28653 2.2673 1187.8 8.6931 4192.4 13.755 "" "" 0.0028219799034738596 0.008421758 0.0051935753 0.0136153335 131.32335917385 -41.75876692854 983.170227 -5.292 3.54 0.8
131.25007163727 -41.2594091193 0.0342 0.0398 2.3059 "" "" 5525250610537039360 897.303711 1.083 0.0445 -5.825 4.322 0.044 0.055 1.042 6075.1 4.128 16.6937 2.580086 18.099962 15.519877 "" "" 858.888794 947.401367 3957.91628 18.106 786.02 18.053 4911.4 64.551 "" "" 0.005679902985082938 0.025092373 0.014761937 0.03985431 131.25007163727 -41.2594091193 897.303711 -5.824999999999999 4.322 0.9
131.16265954815 -41.27969888447 0.0415 0.0461 2.4677 "" "" 5525249274804540416 941.181702 1.0169 0.0547 -5.803 4.193 0.055 0.063 1.064 "" "" 16.73395 2.403771 17.981373 15.577601 "" "" 904.30304 991.976685 3813.88056 8.2651 876.73 32.731 4657.1 42.63 "" "" 0.0036232547314933444 0.040629752 0.01063292 0.051262673 131.16265954815 -41.27969888447 941.181702 -5.803 4.193 0.9
131.17519110476 -41.26577077762 0.0356 0.0387 2.2875 "" "" 5525249309164115200 892.976562 1.0895 0.0454 -5.679 4.184 0.048 0.051 1.033 7351.1 4.109 16.740648 2.800089 18.33394 15.533852 "" "" 859.704773 925.786072 3790.41835 5.5334 633.64 10.102 4848.6 23.193 "" "" 0.00317868115977214 0.017533116 0.0064231423 0.023956258 131.17519110476 -41.26577077762 892.976562 -5.679000000000001 4.184000000000001 1.0
131.26690640692 -41.20283651911 0.0364 0.0413 5.6096 "" "" 5525251405108122752 935.33551 1.0499 0.0495 -5.615 3.903 0.05 0.059 1.028 5205.1 4.2903 16.752094 2.096187 17.799498 15.703311 "" "" 899.343018 985.697937 3750.67228 10.583 1036.6 19.309 4148.0 32.393 "" "" 0.004120325879857112 0.020415831 0.009283026 0.029698856 131.26690640692 -41.20283651911 935.33551 -5.614999999999998 3.903 1.0
131.15692723676 -41.21859383088 0.0378 0.0403 4.9594 "" "" 5525251817425009280 941.13446 1.0459 0.0469 -5.867 3.966 0.05 0.055 1.011 7848.0 4.179 16.780926 2.609824 18.207651 15.597827 "" "" 897.296692 981.353577 3652.38313 4.4252 711.8 7.71 4571.2 15.902 "" "" 0.0030532360275419656 0.012086818 0.005343162 0.01742998 131.15692723676 -41.21859383088 941.13446 -5.866999999999999 3.9659999999999997 1.0
131.10890584718 -41.38333197738 0.0365 0.0385 7.4796 "" "" 5525248518890169216 919.592102 1.0708 0.0456 -5.902 4.259 0.048 0.049 0.884 7079.9 4.3261 16.789312 2.271661 17.981623 15.709962 "" "" 874.413757 955.169128 3624.28196 3.942 876.53 7.4875 4122.6 13.314 "" "" 0.002997724367068579 0.009685191 0.005155442 0.014840633 131.10890584718 -41.38333197738 919.592102 -5.901999999999999 4.259 1.0
130.78626048166 -41.27078418335 0.0386 0.0426 19.4145 "" "" 5525241195967784832 839.276672 1.1571 0.0506 -5.299 3.821 0.055 0.052 1.136 "" "" 16.80205 1.927873 17.696424 15.768552 "" "" 809.670837 870.222229 3582.00784 33.777 1139.8 39.133 3906.0 99.527 "" "" 0.0106023685970635 0.03738109 0.027922109 0.0653032 130.78626048166 -41.27078418335 839.276672 -5.2989999999999995 3.820999999999999 0.8
131.0736074481 -41.38853476289 0.0385 0.042 8.8037 "" "" 5525225085548610304 900.737915 1.0737 0.0473 -6.211 3.734 0.052 0.053 1.015 4806.3 4.1725 16.810696 2.50207 18.135473 15.633404 "" "" 872.482117 944.961792 3553.59884 15.356 760.72 14.672 4423.8 62.317 "" "" 0.00544097585031013 0.021125652 0.015754541 0.036880195 131.0736074481 -41.38853476289 900.737915 -6.2109999999999985 3.734 0.8
131.04512959537 -41.2693085576 0.0378 0.041 7.7969 "" "" 5525252745137979264 958.587036 1.0133 0.0496 -5.705 4.25 0.05 0.054 1.038 "" "" 16.811504 2.383105 18.041773 15.658668 "" "" 915.625793 1006.60413 3550.9533 19.844 829.29 15.23 4322.1 61.462 "" "" 0.006663792764038281 0.02013393 0.015895443 0.036029372 131.04512959537 -41.2693085576 958.587036 -5.705000000000002 4.250000000000001 0.9
131.16770675206 -41.20130461723 0.0369 0.0389 5.6546 "" "" 5525251954863955840 939.996643 1.0473 0.0467 -5.676 4.147 0.05 0.051 0.978 "" "" 16.824598 2.333256 18.038872 15.705616 "" "" 899.962219 982.903992 3508.38736 18.615 831.51 21.547 4139.2 63.071 "" "" 0.006385776784168725 0.028272802 0.01697009 0.04524289 131.16770675206 -41.20130461723 939.996643 -5.676 4.146999999999999 1.0
131.07417079684 -41.37253284468 0.041 0.0429 8.158 "" "" 5525225841462852096 949.05365 1.0361 0.0513 -5.924 3.805 0.052 0.052 1.064 7977.2 4.0781 16.86507 2.592868 18.278387 15.685519 "" "" 903.134155 998.058289 3380.01372 7.8959 666.9 12.431 4216.5 27.549 "" "" 0.003744971210852647 0.020429527 0.008037755 0.028467283 131.07417079684 -41.37253284468 949.05365 -5.924 3.8049999999999993 1.0
131.27981934109 -41.27471714799 0.0403 0.0454 2.9802 "" "" 5525063251181259264 966.967834 0.9888 0.0535 -5.614 3.905 0.051 0.062 0.982 4145.7 4.0764 16.87153 2.450798 18.07783 15.627031 "" "" 916.867371 1038.42297 3359.9616 65.485 802.2 55.308 4449.9 245.25 "" "" 0.02133941711913917 0.074908495 0.05995806 0.13486655 131.27981934109 -41.27471714799 966.967834 -5.614 3.9050000000000002 1.0
131.39312067016 -41.23381170514 0.0383 0.0464 8.6209 "" "" 5525068400844781696 912.610596 1.0633 0.0521 -5.737 4.082 0.051 0.061 0.995 9109.0 4.443 16.885338 2.527109 18.20754 15.680431 "" "" 883.102539 953.510132 3317.50535 5.9914 711.87 9.606 4236.3 38.358 "" "" 0.0033818133782536467 0.014914282 0.010532353 0.025446635 131.39312067016 -41.23381170514 912.610596 -5.737 4.082 0.9
131.02702486834 -41.31186149962 0.0383 0.0408 8.6449 "" "" 5525229174357470720 894.485352 1.0875 0.0489 -5.904 4.318 0.052 0.051 0.983 9055.8 4.4642 16.89301 2.538066 18.272903 15.734838 "" "" 854.386414 943.690063 3294.14898 8.7426 670.28 12.598 4029.2 29.722 "" "" 0.0039868469168322235 0.020596417 0.008856034 0.02945245 131.02702486834 -41.31186149962 894.485352 -5.904000000000001 4.3180000000000005 1.0
