Clusters/Collinder_197/Collinder_197_stars_in_region.tsv
# %ECSV 1.0
# ---
# datatype:
# - name: RA_ICRS_1
#   unit: deg
#   datatype: float64
#   format: '{:15.11f}'
#   description: Right ascension (ICRS) at Ep=2016.0 (ra)
#   meta: !!omap
#   - {ucd: POS_EQ_RA_MAIN}
#   - {width: 15}
#   - {precision: '11'}
# - name: DE_ICRS_1
#   unit: deg
#   datatype: float64
#   format: '{:15.11f}'
#   description: Declination (ICRS) at Ep=2016.0 (dec)
#   meta: !!omap
#   - {ucd: POS_EQ_DEC_MAIN}
#   - {width: 15}
#   - {precision: '11'}
# - name: e_RA_ICRS
#   unit: mas
#   datatype: float64
#   format: '{:7.4f}'
#   description: Standard error of right ascension (ra_error)
#   meta: !!omap
#   - {ucd: ERROR}
#   - {width: 7}
#   - {precision: '4'}
# - name: e_DE_ICRS
#   unit: mas
#   datatype: float64
#   format: '{:7.4f}'
#   description: Standard error of declination (dec_error)
#   meta: !!omap
#   - {ucd: ERROR}
#   - {width: 7}
#   - {precision: '4'}
# - name: _r_1
#   unit: ''
#   datatype: float64
#   format: '{:7.4f}'
#   description: Distance from center (131.21620789000-41.28820582000)[ICRS], at Epoch=J2016.0
#   meta: !!omap
#   - {ucd: POS_ANG_DIST_GENERAL}
#   - {width: 7}
#   - {precision: '4'}
# - name: HIP
#   datatype: int32
#   description: '? HIP cross-id number, van Leeuwen, Cat. I/311 (hip_original_ext_source_id)'
#   meta: !!omap
#   - {ucd: ID_NUMBER}
#   - {width: 6}
#   - values: {'null': -2147483648}
# - name: TYC2
#   datatype: string
#   description: Tycho-2 cross-id name, Hog et al., Cat. I/259 (tyc2_original_ext_source_id)
#   meta: !!omap
#   - {ucd: ID_CROSSID}
#   - {_votable_string_dtype: char}
# - name: Source
#   datatype: int64
#   description: Source identifier, identical to the Gaia-EDR3 source_id (id)
#   meta: !!omap
#   - {ucd: ID_MAIN}
#   - {width: 19}
# - name: rgeo
#   unit: pc
#   datatype: float64
#   format: '{:15.8f}'
#   description: '? Median of the geometric distance posterior (r_med_geo)'
#   meta: !!omap
#   - {ucd: PHYS_DISTANCE_TRUE}
#   - {width: 15}
#   - {precision: '8'}
#   - values: {'null': .nan}
# - name: Plx
#   unit: mas
#   datatype: float64
#   format: '{:9.4f}'
#   description: '? Parallax (parallax)'
#   meta: !!omap
#   - {ucd: POS_PARLX_TRIG}
#   - {width: 9}
#   - {precision: '4'}
#   - values: {'null': .nan}
# - name: e_Plx
#   unit: mas
#   datatype: float32
#   format: '{:7.4f}'
#   description: '? Standard error of parallax (parallax_error)'
#   meta: !!omap
#   - {ucd: ERROR}
#   - {width: 7}
#   - {precision: '4'}
#   - values: {'null': .nan}
# - name: pmRA
#   unit: mas / yr
#   datatype: float64
#   format: '{:9.3f}'
#   description: '? Proper motion in right ascension direction, pmRA*cosDE (pmra)'
#   meta: !!omap
#   - {ucd: POS_EQ_PMRA}
#   - {width: 9}
#   - {precision: '3'}
#   - values: {'null': .nan}
# - name: pmDE
#   unit: mas / yr
#   datatype: float64
#   format: '{:9.3f}'
#   description: '? Proper motion in declination direction (pmdec)'
#   meta: !!omap
#   - {ucd: POS_EQ_PMDEC}
#   - {width: 9}
#   - {precision: '3'}
#   - values: {'null': .nan}
# - name: e_pmRA
#   unit: mas / yr
#   datatype: float32
#   format: '{:6.3f}'
#   description: '? Standard error of proper motion in right ascension direction (pmra_error)'
#   meta: !!omap
#   - {ucd: ERROR}
#   - {width: 6}
#   - {precision: '3'}
#   - values: {'null': .nan}
# - name: e_pmDE
[...]
#         value: !astropy.table.SerializedColumn {name: SkyCoord.dec}
#       distance: !astropy.table.SerializedColumn
#         __class__: astropy.coordinates.distances.Distance
#         unit: !astropy.units.Unit {unit: pc}
#         value: !astropy.table.SerializedColumn {name: SkyCoord.distance}
#       frame: icrs
#       obstime: !astropy.time.Time {format: jyear_str, in_subfmt: '*', jd1: 367701545.0, jd2: 0.0, out_subfmt: '*', precision: 3, scale: tt}
#       pm_dec: !astropy.table.SerializedColumn
#         __class__: astropy.units.quantity.Quantity
#         unit: !astropy.units.Unit {unit: mas / yr}
#         value: !astropy.table.SerializedColumn {name: SkyCoord.pm_dec}
#       pm_ra_cosdec: !astropy.table.SerializedColumn
#         __class__: astropy.units.quantity.Quantity
#         unit: !astropy.units.Unit {unit: mas / yr}
#         value: !astropy.table.SerializedColumn {name: SkyCoord.pm_ra_cosdec}
#       ra: !astropy.table.SerializedColumn
#         __class__: astropy.coordinates.angles.Longitude
#         unit: *id001
#         value: !astropy.table.SerializedColumn {name: SkyCoord.ra}
#         wrap_angle: !astropy.coordinates.Angle
#           unit: *id001
#           value: 360.0
#       representation_type: spherical
# schema: astropy-2.0
RA_ICRS_1 DE_ICRS_1 e_RA_ICRS e_DE_ICRS _r_1 HIP TYC2 Source rgeo Plx e_Plx pmRA pmDE e_pmRA e_pmDE RUWE Teff logg Gmag BP-RP BPmag RPmag RV e_RV b_rgeo B_rgeo FG e_FG FBP e_FBP FRP e_FRP RAVE5 RAVE6 e_Gmag e_BPmag e_RPmag e_BP-RP SkyCoord.ra SkyCoord.dec SkyCoord.distance SkyCoord.pm_ra_cosdec SkyCoord.pm_dec rmRA rmDE e_rmRA e_rmDE rRV e_rRV v_pec v_pec3d e_vpec e_vpec3d
[from data line 1353]
132.24122253585 -41.10127896317 0.0319 0.0328 47.6172 "" "" 5525387744551841152 960.581543 1.0101 0.0402 -7.487 7.979 0.044 0.041 1.007 5568.6 4.5769 16.441128 1.649721 17.22169 15.571968 "" "" 927.938049 997.886841 4994.54345 2.695 1765.0 7.6193 4681.3 10.928 "" "" 0.002816915141557695 0.00545463 0.004550561 0.010005191 132.24122253585 -41.10127896317 960.581543 -7.487000000000003 7.979000000000001 -1.6870880241394044 4.036663917541504 0.30774164 0.30474165 "" "" 19.920214078231414 "" 6.079442520286083 ""
132.10398585199 -40.89554173579 0.066 0.0435 46.5471 "" "" 5525463782652829696 949.928711 1.034 0.0649 -5.204 2.8 0.085 0.05 1.18 "" "" 16.44205 "" "" "" "" "" 897.76593 1002.96991 4990.30097 13.466 "" "" "" "" "" "" 0.0040218708938166816 "" "" "" 132.10398585199 -40.89554173579 949.928711 -5.204000000000001 2.8000000000000007 0.595911975860596 -1.1423360824584963 0.34874165 0.31374165 "" "" 5.801349091708839 "" 1.8654192347022123 ""
131.70286324215 -40.96493654606 0.0297 0.0342 29.3252 "" "" 5525448526928792448 713.196045 1.3766 0.0396 -12.924 7.593 0.038 0.043 1.035 4479.4 4.6267 16.447845 1.581462 17.183767 15.602305 "" "" 692.429749 739.107056 4963.73321 2.7172 1827.7 11.893 4552.4 15.566 "" "" 0.00281869359147048 0.007595983 0.0052977386 0.012893721 131.70286324215 -40.96493654606 713.196045 -12.924 7.593 -7.124088024139404 3.650663917541504 0.30174163 0.30674165 "" "" 27.06128668264909 "" 8.193841937027324 ""
131.9017171638 -41.00929608022 0.0348 0.0379 35.2032 "" "" 5525438700045082368 865.108215 1.1287 0.046 1.065 -7.953 0.046 0.046 1.071 4601.4 4.6514 16.453308 1.449789 17.10384 15.654051 "" "" 830.790283 899.295044 4938.82282 2.3312 1967.3 9.7013 4340.5 9.9493 "" "" 0.002802575483443666 0.006037471 0.0045252056 0.010562677 131.9017171638 -41.00929608022 865.108215 1.065 -7.953 6.864911975860595 -11.895336082458495 0.30974165 0.30974165 "" "" 56.318307906510526 "" 17.444125393792532 ""
130.86856309227 -41.28000439944 0.0415 0.0431 15.6819 "" "" 5525241750021738240 943.873779 1.0214 0.053 -5.242 4.117 0.054 0.053 1.039 7931.4 3.8035 16.45415 3.152642 18.320786 15.168143 "" "" 901.071472 991.386658 4934.99732 10.95 641.36 11.748 6790.5 44.471 "" "" 0.0036599813435058423 0.020082554 0.008052501 0.028135054 130.86856309227 -41.28000439944 943.873779 -5.241999999999999 4.116999999999999 0.5579119758605957 0.1746639175415039 0.31774163 0.31674165 "" "" 2.6155396114118465 "" 0.8308326943711656 ""
131.41422207266 -41.87063713468 0.0319 0.0378 36.0582 "" "" 5525013085963659392 815.914612 1.2091 0.0424 -2.992 -3.507 0.042 0.054 1.145 "" "" 16.454777 "" "" "" "" "" 787.566589 847.538696 4932.15077 3.0927 "" "" "" "" "" "" 0.002838184508435865 "" "" "" 131.41422207266 -41.87063713468 815.914612 -2.9919999999999995 -3.5069999999999997 2.8079119758605957 -7.449336082458496 0.30574164 0.31774163 "" "" 30.788520152806765 "" 9.737595486248916 ""
130.53021560204 -41.92674228066 0.0344 0.0347 49.1418 "" "" 5525117677007054592 797.617432 1.2236 0.0414 -7.381 5.735 0.05 0.044 0.916 4516.0 4.5669 16.458433 1.423078 17.109049 15.68597 "" "" 774.629822 819.576172 4915.56419 4.9344 1957.9 13.546 4214.7 17.428 "" "" 0.0029630497797314263 0.008013264 0.0058685606 0.013881825 130.53021560204 -41.92674228066 797.617432 -7.381000000000002 5.735000000000002 -1.5810880241394045 1.7926639175415042 0.31374165 0.30774164 "" "" 9.036982854530603 "" 2.8049088568861933 ""
130.70257167288 -41.98688410512 0.0347 0.0357 47.8311 "" "" 5524928217409068544 896.241394 1.1009 0.0421 -7.465 7.819 0.048 0.045 1.062 5263.7 4.5915 16.45962 1.662581 17.24695 15.58437 "" "" 869.924133 926.033447 4910.19532 6.2139 1724.4 14.128 4628.2 18.479 "" "" 0.003078910850935034 0.009322754 0.005751181 0.015073935 130.70257167288 -41.98688410512 896.241394 -7.465 7.819000000000001 -1.6650880241394042 3.876663917541504 0.31174165 0.30874163 "" "" 17.923633028543133 "" 5.542180854900399 ""
130.15554180744 -41.31296239076 0.0287 0.0335 47.8328 "" "" 5525204985101716352 810.209351 1.2067 0.0381 -4.64 -1.007 0.04 0.045 0.96 4644.3 4.5487 16.462013 1.425885 17.114454 15.688569 "" "" 787.777649 839.056824 4899.3846 2.151 1948.2 8.6594 4204.7 9.4146 "" "" 0.002796249148151062 0.0055744406 0.0044937353 0.010068176 130.15554180744 -41.31296239076 810.209351 -4.64 -1.0069999999999981 1.159911975860596 -4.949336082458496 0.30374163 0.30874163 "" "" 19.522389303815014 "" 6.022331281954929 ""
130.49332257893 -41.54866571615 0.0327 0.0376 36.0848 "" "" 5525138121050833536 871.471802 1.1178 0.0439 -5.56 3.472 0.044 0.048 1.006 4967.6 4.4302 16.464027 1.700516 17.27806 15.577545 "" "" 842.450195 900.858154 4890.30062 3.5381 1675.7 12.482 4657.4 13.257 "" "" 0.002865106561838871 0.008555237 0.0048820893 0.013437327 130.49332257893 -41.54866571615 871.471802 -5.559999999999997 3.4719999999999995 0.2399119758605961 -0.4703360824584961 0.30774164 0.31174165 "" "" 2.18100995606713 "" 0.6781196016707677 ""
132.04291977048 -41.32866149506 0.0276 0.0355 37.3388 "" "" 5525378604861529984 786.067444 1.2349 0.0387 -0.422 4.419 0.037 0.042 1.049 4521.8 4.5505 16.464334 1.42493 17.113962 15.689033 "" "" 763.849731 810.464111 4888.91983 2.1296 1949.1 6.9211 4202.9 9.388 "" "" 0.0027956153441516455 0.0047590835 0.0044905837 0.009249667 132.04291977048 -41.32866149506 786.067444 -0.4220000000000004 4.419 5.377911975860596 0.4766639175415035 0.30074164 0.30574164 "" "" 20.116437258688613 "" 6.050640858338198 ""
130.51476807755 -41.23532765892 0.0299 0.0383 31.7951 "" "" 5525286108444020480 905.70813 1.0775 0.0416 -10.221 6.331 0.042 0.053 1.005 4666.2 4.4455 16.466736 1.584172 17.21122 15.627048 "" "" 872.479431 943.956299 4878.11501 3.0431 1782.1 11.235 4449.8 14.446 "" "" 0.0028373474164574385 0.0073917056 0.005167956 0.012559662 130.51476807755 -41.23532765892 905.70813 -10.221 6.3309999999999995 -4.421088024139404 2.3886639175415043 0.30574164 0.31674165 "" "" 21.57308308883923 "" 6.650149979556387 ""
130.33930403159 -41.29822941433 0.0296 0.0413 39.5357 "" "" 5525287826430981760 919.083984 1.0688 0.0453 -5.743 3.96 0.041 0.05 1.032 "" "" 16.467186 1.554027 17.195202 15.641175 "" "" 886.453125 953.340759 4876.09907 2.4831 1808.6 9.3004 4392.3 10.208 "" "" 0.0028102467739536817 0.00624157 0.004544325 0.010785895 130.33930403159 -41.29822941433 919.083984 -5.742999999999999 3.9600000000000044 0.056911975860595376 0.01766391754150387 0.30474165 0.31374165 "" "" 0.25960202733946813 "" 0.07931960203812613 ""
131.1645540299 -41.33374319162 0.0313 0.0339 3.5895 "" "" 5525248862487535104 928.332214 1.046 0.0394 -5.632 4.192 0.042 0.044 0.934 "" "" 16.467596 2.312062 17.68075 15.368688 "" "" 898.77887 961.896118 4874.25349 6.0546 1156.4 18.312 5645.2 23.66 "" "" 0.003067680913964538 0.017417941 0.0059153046 0.023333246 131.1645540299 -41.33374319162 928.332214 -5.632 4.191999999999998 0.16791197586059603 0.24966391754150408 0.30574164 0.30774164 "" "" 1.3239440608360193 "" 0.4066098830852881 ""
131.12968735409 -41.99509683422 0.0335 0.0335 42.5905 "" "" 5525008584838133760 734.420776 1.3384 0.0407 -7.332 11.815 0.047 0.043 0.979 4454.4 4.6406 16.469843 1.487362 17.156525 15.669163 "" "" 716.77124 751.46521 4864.17781 2.778 1874.2 9.2156 4280.5 10.523 "" "" 0.0028242322078724904 0.006023812 0.004626875 0.010650687 131.12968735409 -41.99509683422 734.420776 -7.3320000000000025 11.814999999999998 -1.5320880241394041 7.872663917541503 0.31074163 0.30674165 "" "" 27.920102656588902 "" 8.568359336112094 ""
131.03772571416 -41.24330006584 0.0325 0.0355 8.4884 "" "" 5525253123095098624 921.477478 1.0588 0.0424 -6.021 4.269 0.044 0.045 1.106 "" "" 16.469906 2.472598 17.798931 15.326333 "" "" 881.581177 951.316284 4863.89632 9.4257 1037.2 12.222 5869.8 29.023 "" "" 0.00346680923239015 0.013094647 0.0065653063 0.019659953 131.03772571416 -41.24330006584 921.477478 -6.021 4.269 -0.2210880241394042 0.32666391754150403 0.30774164 0.30874163 "" "" 1.7228712808970181 "" 0.531381437510327 ""
131.7385972083 -41.99925788926 0.0309 0.0364 48.6697 "" "" 5524972816350228480 950.860168 1.0223 0.0405 -2.637 -1.645 0.04 0.045 1.003 7694.1 4.1929 16.476112 1.822538 17.362831 15.540293 "" "" 913.287415 992.085022 4836.17514 2.4412 1549.8 12.218 4819.9 14.853 "" "" 0.0028092980900781277 0.00900279 0.0050475867 0.014050377 131.7385972083 -41.99925788926 950.860168 -2.637 -1.645 3.1629119758605957 -5.587336082458496 0.30374163 0.30874163 "" "" 28.937519404560696 "" 8.899319686894051 ""
130.83975222588 -41.95795049146 0.0594 0.0627 43.5877 "" "" 5524926946098735232 885.444214 1.113 0.075 -4.566 5.484 0.084 0.082 1.843 4976.8 4.3272 16.480127 1.736355 17.287224 15.550869 "" "" 837.032898 945.154968 4818.31938 6.2681 1661.6 10.302 4773.2 12.182 "" "" 0.0030962439427693403 0.007286955 0.0046863686 0.011973323 130.83975222588 -41.95795049146 885.444214 -4.566000000000002 5.484000000000006 1.2339119758605959 1.541663917541504 0.34774163 0.34574163 "" "" 8.287642324976947 "" 2.871866478854735 ""
131.54968808951 -41.62043004926 0.0337 0.0386 24.9445 "" "" 5525040573754019712 939.647583 1.0462 0.0431 -5.757 3.711 0.046 0.054 1.035 4692.4 4.2655 16.481049 2.025033 17.498755 15.473721 "" "" 905.28894 980.362 4814.23884 10.822 1367.5 15.125 5124.7 28.847 "" "" 0.003680832143414446 0.012328483 0.007185795 0.019514278 131.54968808951 -41.62043004926 939.647583 -5.757 3.711 0.04291197586059603 -0.23133608245849624 0.30974165 0.31774163 "" "" 1.047931355166316 "" 0.33269594725316776 ""
131.0547214531 -40.67870858798 0.0317 0.0375 37.2941 "" "" 5525329814030840064 913.968994 1.0696 0.0407 2.273 -4.424 0.04 0.045 1.034 4614.9 4.3886 16.484055 1.469139 17.159645 15.690506 "" "" 886.917297 940.715088 4800.92418 2.2872 1868.8 11.375 4197.2 12.177 "" "" 0.002803451581462189 0.0071735154 0.0049199564 0.012093471 131.0547214531 -40.67870858798 913.968994 2.2729999999999997 -4.424 8.072911975860595 -8.366336082458496 0.30374163 0.30874163 "" "" 50.366981526464436 "" 15.429473310967108 ""
131.54771216786 -41.15139047168 0.0323 0.0342 17.0653 "" "" 5525067752306967936 744.166199 1.3235 0.0405 -1.786 0.534 0.043 0.048 0.968 4498.8 4.6241 16.484539 1.560996 17.212349 15.651353 "" "" 722.081909 769.635742 4798.78317 2.3653 1780.2 12.026 4351.3 11.971 "" "" 0.0028068095796063854 0.007847386 0.0048172516 0.012664638 131.54771216786 -41.15139047168 744.166199 -1.786 0.534 4.013911975860596 -3.4083360824584963 0.30674165 0.31174165 "" "" 18.574172162930328 "" 5.736563543775307 ""
131.98959121158 -40.85493501289 0.0289 0.0368 43.584 "" "" 5525441586261579008 965.90094 1.0045 0.0414 -0.662 0.962 0.037 0.041 1.024 8279.6 4.4382 16.48766 1.72206 17.3166 15.594541 "" "" 921.029053 1005.11755 4785.01398 2.7896 1617.2 8.4833 4585.0 11.579 "" "" 0.0028270904145849597 0.006342145 0.00466925 0.011011396 131.98959121158 -40.85493501289 965.90094 -0.6619999999999999 0.962 5.137911975860596 -2.9803360824584963 0.30074164 0.30474165 "" "" 27.194342219410945 "" 8.205993350319119 ""
131.87574735454 -41.15874439745 0.0369 0.0392 30.761 "" "" 5525430934743064064 740.293823 1.3206 0.0477 -12.469 6.598 0.049 0.044 1.007 4498.3 4.6425 16.496845 1.532197 17.216974 15.684777 "" "" 714.858215 774.395996 4744.69689 2.7774 1772.7 17.461 4219.4 13.496 "" "" 0.0028276707133167746 0.011052429 0.005132641 0.01618507 131.87574735454 -41.15874439745 740.293823 -12.469000000000001 6.598000000000001 -6.669088024139404 2.6556639175415038 0.31274164 0.30774164 "" "" 25.188918973443 "" 7.860505574505979 ""
130.28598481787 -41.72871115173 0.0358 0.0436 49.4515 "" "" 5525132309957303168 902.0578 1.0894 0.0461 -9.945 2.606 0.044 0.053 1.119 7645.2 4.413 16.50027 2.070708 17.553343 15.482635 "" "" 863.665894 938.548096 4729.75285 2.708 1300.4 9.447 5082.8 9.9388 "" "" 0.002824573908128989 0.008366495 0.0043348544 0.012701349 130.28598481787 -41.72871115173 902.0578 -9.945 2.606 -4.145088024139405 -1.3363360824584962 0.30774164 0.31674165 "" "" 18.62165659516259 "" 5.746646669367864 ""
130.5130085813 -40.93031632125 0.0319 0.0328 38.3625 "" "" 5525298787187224704 728.519043 1.3472 0.0398 2.559 -9.72 0.042 0.04 0.993 4480.4 4.6619 16.500854 1.514691 17.20826 15.693568 "" "" 707.033752 750.246826 4727.21075 2.4034 1787.0 10.876 4185.3 10.793 "" "" 0.0028100715737794883 0.0071729003 0.004703517 0.011876417 130.5130085813 -40.93031632125 728.519043 2.559 -9.72 8.358911975860597 -13.662336082458497 0.30574164 0.30374163 "" "" 55.30813813895765 "" 16.829584953177072 ""
132.03600333352 -41.21299982608 0.0306 0.0354 37.2551 "" "" 5525385992205260928 941.897583 1.0305 0.0404 -0.308 -5.025 0.041 0.043 0.952 4916.0 4.4078 16.501875 1.502738 17.19557 15.692832 "" "" 907.845032 986.729492 4722.77003 2.2386 1808.0 7.9377 4188.2 10.328 "" "" 0.0028029706172843422 0.005523293 0.004631651 0.010154944 132.03600333352 -41.21299982608 941.897583 -0.30799999999999983 -5.025 5.491911975860596 -8.967336082458496 0.30474165 0.30674165 "" "" 46.947119826094486 "" 14.37508666794862 ""
131.25771344991 -41.81223179828 0.0378 0.0404 31.4967 "" "" 5525016006541184256 853.40741 1.1537 0.0486 -12.282 6.774 0.05 0.05 1.317 4573.7 4.4663 16.503769 1.38688 17.104883 15.718003 "" "" 814.708313 885.391785 4714.54093 3.1378 1965.5 14.712 4092.2 10.936 "" "" 0.002848503025045313 0.008592494 0.0047647203 0.013357215 131.25771344991 -41.81223179828 853.40741 -12.282000000000009 6.773999999999993 -6.482088024139404 2.831663917541504 0.31374165 0.31374165 "" "" 28.613772046671123 "" 8.977332173612195 ""
131.22448698499 -41.33705319706 0.0314 0.0356 2.9545 "" "" 5525061223956700672 908.763855 1.0638 0.0406 -5.459 3.303 0.042 0.046 1.061 5553.7 3.8767 16.508501 2.325479 17.711666 15.386188 "" "" 871.332214 940.913513 4694.03109 16.018 1124.0 22.149 5555.0 49.525 "" "" 0.0046172192242186 0.02157616 0.010391416 0.031967577 131.22448698499 -41.33705319706 908.763855 -5.458999999999999 3.303000000000001 0.3409119758605961 -0.6393360824584962 0.30574164 0.30974165 "" "" 3.1210253219638933 "" 0.9639616537740359 ""
130.99376001021 -42.08595015444 0.0299 0.0351 48.8914 "" "" 5524912789886596352 869.204224 1.1288 0.0396 -4.301 -4.696 0.039 0.043 0.946 4479.5 4.4344 16.510057 1.458057 17.185188 15.727131 "" "" 839.391663 901.375305 4687.30796 2.602 1825.3 10.453 4057.9 12.891 "" "" 0.00282046950695903 0.0068150614 0.0051166615 0.011931723 130.99376001021 -42.08595015444 869.204224 -4.301 -4.696 1.4989119758605955 -8.638336082458496 0.30274165 0.30674165 "" "" 36.122000554213706 "" 11.075925768319125 ""
130.55363558772 -41.75743025156 0.0289 0.034 40.9692 "" "" 5525122521729946496 878.677063 1.1149 0.0389 1.297 -3.238 0.037 0.042 1.004 5538.7 4.5387 16.510767 1.782682 17.374533 15.59185 "" "" 846.464783 913.79071 4684.24622 2.1094 1533.2 10.002 4596.4 12.242 "" "" 0.0027983635392624614 0.0076126745 0.004758768 0.012371442 130.55363558772 -41.75743025156 878.677063 1.2970000000000017 -3.238000000000003 7.096911975860595 -7.180336082458496 0.30074164 0.30574164 "" "" 42.04792341627385 "" 12.75234289568185 ""
131.05823964226 -40.7477179329 0.0314 0.0388 33.2084 "" "" 5525281126281769088 992.218201 0.9852 0.0429 -7.714 5.651 0.045 0.048 1.006 8696.9 4.3196 16.512657 1.90842 17.444334 15.535914 "" "" 957.229309 1036.08826 4676.10448 2.8396 1437.8 8.6815 4839.4 10.924 "" "" 0.002833106829920766 0.007124784 0.004504479 0.011629263 131.05823964226 -40.7477179329 992.218201 -7.714 5.651 -1.9140880241394047 1.7086639175415037 0.30874163 0.31174165 "" "" 12.067191676522214 "" 3.7417423491252126 ""
