Clusters/Collinder_197/Collinder_197_members.tsv
# %ECSV 1.0
# ---
# datatype:
# - name: RA_ICRS_1
#   unit: deg
#   datatype: float64
#   format: '{:15.11f}'
#   description: Right ascension (ICRS) at Ep=2016.0 (ra)
#   meta: !!omap
#   - {ucd: POS_EQ_RA_MAIN}
#   - {width: 15}
#   - {precision: '11'}
# - name: DE_ICRS_1
#   unit: deg
#   datatype: float64
#   format: '{:15.11f}'
#   description: Declination (ICRS) at Ep=2016.0 (dec)
#   meta: !!omap
#   - {ucd: POS_EQ_DEC_MAIN}
#   - {width: 15}
#   - {precision: '11'}
# - name: e_RA_ICRS
#   unit: mas
#   datatype: float64
#   format: '{:7.4f}'
#   description: Standard error of right ascension (ra_error)
#   meta: !!omap
#   - {ucd: ERROR}
#   - {width: 7}
#   - {precision: '4'}
# - name: e_DE_ICRS
#   unit: mas
#   datatype: float64
#   format: '{:7.4f}'
#   description: Standard error of declination (dec_error)
#   meta: !!omap
#   - {ucd: ERROR}
#   - {width: 7}
#   - {precision: '4'}
# - name: _r_1
#   unit: ''
#   datatype: float64
#   format: '{:7.4f}'
#   description: Distance from center (131.21620789000-41.28820582000)[ICRS], at Epoch=J2016.0
#   meta: !!omap
#   - {ucd: POS_ANG_DIST_GENERAL}
#   - {width: 7}
#   - {precision: '4'}
# - name: HIP
#   datatype: int32
#   description: '? HIP cross-id number, van Leeuwen, Cat. I/311 (hip_original_ext_source_id)'
#   meta: !!omap
#   - {ucd: ID_NUMBER}
#   - {width: 6}
#   - values: {'null': -2147483648}
# - name: TYC2
#   datatype: string
#   description: Tycho-2 cross-id name, Hog et al., Cat. I/259 (tyc2_original_ext_source_id)
#   meta: !!omap
#   - {ucd: ID_CROSSID}
#   - {_votable_string_dtype: char}
# - name: Source
#   datatype: int64
#   description: Source identifier, identical to the Gaia-EDR3 source_id (id)
#   meta: !!omap
#   - {ucd: ID_MAIN}
#   - {width: 19}
# - name: rgeo
#   unit: pc
#   datatype: float64
#   format: '{:15.8f}'
#   description: '? Median of the geometric distance posterior (r_med_geo)'
#   meta: !!omap
#   - {ucd: PHYS_DISTANCE_TRUE}
#   - {width: 15}
#   - {precision: '8'}
#   - values: {'null': .nan}
# - name: Plx
#   unit: mas
#   datatype: float64
#   format: '{:9.4f}'
#   description: '? Parallax (parallax)'
#   meta: !!omap
#   - {ucd: POS_PARLX_TRIG}
#   - {width: 9}
#   - {precision: '4'}
#   - values: {'null': .nan}
# - name: e_Plx
#   unit: mas
#   datatype: float32
#   format: '{:7.4f}'
#   description: '? Standard error of parallax (parallax_error)'
#   meta: !!omap
#   - {ucd: ERROR}
#   - {width: 7}
#   - {precision: '4'}
#   - values: {'null': .nan}
# - name: pmRA
#   unit: mas / yr
#   datatype: float64
#   format: '{:9.3f}'
#   description: '? Proper motion in right ascension direction, pmRA*cosDE (pmra)'
#   meta: !!omap
#   - {ucd: POS_EQ_PMRA}
#   - {width: 9}
#   - {precision: '3'}
#   - values: {'null': .nan}
# - name: pmDE
#   unit: mas / yr
#   datatype: float64
#   format: '{:9.3f}'
#   description: '? Proper motion in declination direction (pmdec)'
#   meta: !!omap
#   - {ucd: POS_EQ_PMDEC}
#   - {width: 9}
#   - {precision: '3'}
#   - values: {'null': .nan}
# - name: e_pmRA
#   unit: mas / yr
#   datatype: float32
#   format: '{:6.3f}'
#   description: '? Standard error of proper motion in right ascension direction (pmra_error)'
#   meta: !!omap
#   - {ucd: ERROR}
#   - {width: 6}
#   - {precision: '3'}
#   - values: {'null': .nan}
# - name: e_pmDE
[...]
#         unit: &id001 !astropy.units.Unit {unit: deg}
#         value: !astropy.table.SerializedColumn {name: SkyCoord.dec}
#       distance: !astropy.table.SerializedColumn
#         __class__: astropy.coordinates.distances.Distance
#         unit: !astropy.units.Unit {unit: pc}
#         value: !astropy.table.SerializedColumn {name: SkyCoord.distance}
#       frame: icrs
#       obstime: !astropy.time.Time {format: jyear_str, in_subfmt: '*', jd1: 367701545.0, jd2: 0.0, out_subfmt: '*', precision: 3, scale: tt}
#       pm_dec: !astropy.table.SerializedColumn
#         __class__: astropy.units.quantity.Quantity
#         unit: !astropy.units.Unit {unit: mas / yr}
#         value: !astropy.table.SerializedColumn {name: SkyCoord.pm_dec}
#       pm_ra_cosdec: !astropy.table.SerializedColumn
#         __class__: astropy.units.quantity.Quantity
#         unit: !astropy.units.Unit {unit: mas / yr}
#         value: !astropy.table.SerializedColumn {name: SkyCoord.pm_ra_cosdec}
#       ra: !astropy.table.SerializedColumn
#         __class__: astropy.coordinates.angles.Longitude
#         unit: *id001
#         value: !astropy.table.SerializedColumn {name: SkyCoord.ra}
#         wrap_angle: !astropy.coordinates.Angle
#           unit: *id001
#           value: 360.0
#       representation_type: spherical
# schema: astropy-2.0
RA_ICRS_1 DE_ICRS_1 e_RA_ICRS e_DE_ICRS _r_1 HIP TYC2 Source rgeo Plx e_Plx pmRA pmDE e_pmRA e_pmDE RUWE Teff logg Gmag BP-RP BPmag RPmag RV e_RV b_rgeo B_rgeo FG e_FG FBP e_FBP FRP e_FRP RAVE5 RAVE6 e_Gmag e_BPmag e_RPmag e_BP-RP SkyCoord.ra SkyCoord.dec SkyCoord.distance SkyCoord.pm_ra_cosdec SkyCoord.pm_dec Pmemb
[from data line 41]
131.21599820525 -41.30585786155 0.0116 0.012 1.0592 "" "" 5525250443035480576 942.870422 1.0268 0.0144 -5.795 4.285 0.015 0.016 1.032 "" "" 14.102578 1.864631 15.00378 13.13915 "" "" 932.486511 954.503967 43044.28281 13.277 13611.0 18.624 44005.0 38.459 "" "" 0.002775597977600177 0.00316103 0.003896683 0.007057713 131.21599820525 -41.30585786155 942.870422 -5.794999999999999 4.284999999999999 1.0
132.13344153078 -41.35007247612 0.0095 0.0122 41.4991 "" "" 5525375409405849856 834.782104 1.1613 0.0136 -5.833 4.121 0.013 0.015 1.003 5993.6 4.2735 14.104043 0.871848 14.455089 13.583241 15.82 6.74 826.810852 844.257324 42986.26148 9.1504 22562.0 17.273 29232.0 15.243 "" "" 0.0027649964133736817 0.002911352 0.003821552 0.0067329044 132.13344153078 -41.35007247612 834.782104 -5.832999999999999 4.121 1.0
131.08567691799 -41.27016313485 0.0255 0.0287 5.9844 "" "" 5525249858919949952 893.44281 1.0818 0.0342 -5.397 4.424 0.033 0.035 2.534 "" "" 14.129886 1.447405 14.773722 13.326317 "" "" 872.154602 916.251221 41975.17244 22.213 16824.0 34.358 37037.0 49.436 "" "" 0.0028145895101404604 0.003563907 0.004047708 0.007611615 131.08567691799 -41.27016313485 893.44281 -5.396999999999999 4.424 1.0
131.18932906022 -41.29086025452 0.0118 0.0132 1.2222 "" "" 5525249240444641280 926.17981 1.0439 0.0155 -5.648 4.194 0.016 0.018 1.146 "" "" 14.315939 2.0923 15.378139 13.285838 27.79 4.51 911.219299 938.03064 35364.79666 29.329 9641.9 22.912 38443.0 91.207 "" "" 0.0028987178542011507 0.0038002105 0.004573749 0.008373959 131.18932906022 -41.29086025452 926.17981 -5.647999999999999 4.194000000000001 1.0
131.26086651212 -41.2779451584 0.0189 0.022 2.1056 "" "" 5525062941943615232 898.983276 1.0837 0.0246 -5.931 4.076 0.025 0.03 1.843 5402.1 3.6089 14.358836 1.535292 15.060136 13.524844 19.83 4.52 879.353943 918.871216 33994.79431 14.032 12923.0 30.018 30848.0 40.628 "" "" 0.002791529198654131 0.0037610456 0.004040854 0.0078018997 131.26086651212 -41.2779451584 898.983276 -5.931000000000001 4.075999999999999 1.0
131.85828129793 -41.14892934677 0.055 0.0599 30.1589 "" "" 5525431003462542592 847.313599 1.188 0.0726 -6.086 4.626 0.073 0.07 3.759 "" "" 14.567496 1.41591 15.173143 13.757234 18.51 9.79 794.751709 908.746643 28050.98516 36.54 11646.0 52.225 24904.0 67.378 "" "" 0.0030971056660427814 0.0056116576 0.0047866954 0.0103983525 131.85828129793 -41.14892934677 847.313599 -6.086000000000002 4.626000000000001 0.9
130.94616700737 -41.1663524217 0.0127 0.0138 14.2109 "" "" 5525266145435942400 855.447876 1.1379 0.0163 -6.228 3.516 0.016 0.017 0.966 5811.4 4.3705 14.614329 0.94468 15.001511 14.05683 10.82 8.04 842.14209 870.030884 26866.74958 5.2773 13640.0 19.513 18898.0 14.602 "" "" 0.0027635614071971574 0.0031933605 0.0038713713 0.007064732 130.94616700737 -41.1663524217 855.447876 -6.228 3.515999999999999 1.0
130.88921562285 -41.5305645499 0.0173 0.0198 20.6876 "" "" 5525223230122791040 954.936035 0.9955 0.0217 -6.472 3.52 0.023 0.024 1.017 "" "" 14.756192 3.380124 16.804123 13.423999 3.85 2.15 935.871582 973.395935 23575.98675 12.079 2592.8 10.496 33850.0 36.02 "" "" 0.002810911848194397 0.0052060424 0.003952029 0.009158071 130.88921562285 -41.5305645499 954.936035 -6.472000000000001 3.5199999999999996 1.0
130.949771386 -41.21706147222 0.0133 0.0142 12.7541 "" "" 5525242368497000576 940.100037 1.0312 0.0172 -5.484 3.807 0.017 0.018 1.041 6915.6 3.9425 14.800095 1.885282 15.722111 13.836828 38.01 5.98 924.743103 958.704956 22641.68629 30.134 7023.8 35.417 23143.0 78.251 "" "" 0.0031112469520011244 0.006144745 0.0052688327 0.011413578 130.949771386 -41.21706147222 940.100037 -5.484 3.8070000000000004 1.0
131.21936050783 -41.24517761656 0.0139 0.0154 2.5856 "" "" 5525250855352503680 922.392822 1.0494 0.0176 -5.698 4.108 0.018 0.021 1.017 "" "" 14.811742 2.122688 15.895795 13.773107 42.02 5.89 907.808411 938.308533 22400.11081 21.668 5985.5 24.415 24542.0 65.739 "" "" 0.0029486972982737036 0.0052343886 0.0047688433 0.0100032315 131.21936050783 -41.24517761656 922.392822 -5.698 4.1080000000000005 1.0
131.29980879167 -41.29860478454 0.0199 0.023 3.8201 "" "" 5525062976303352704 873.315979 1.1113 0.0264 -5.287 3.867 0.026 0.031 1.543 7987.9 3.9872 14.855327 1.850681 15.744422 13.893741 23.44 10.68 851.766479 892.969055 21518.70147 16.61 6880.9 23.801 21961.0 45.567 "" "" 0.0028799553774019105 0.004678595 0.0043998677 0.009078463 131.29980879167 -41.29860478454 873.315979 -5.287 3.867 0.9
131.84344710009 -40.72035894893 0.016 0.0179 44.3556 "" "" 5525458040277990272 938.00885 1.0308 0.0213 -6.417 3.264 0.022 0.021 1.111 7216.1 4.3179 14.890376 1.306145 15.462993 14.156848 10.14 6.02 917.762756 961.800964 20835.13608 4.3039 8917.0 11.29 17235.0 11.577 "" "" 0.0027644331831244997 0.00311043 0.0038491054 0.006959535 131.84344710009 -40.72035894893 938.00885 -6.417 3.2639999999999993 0.9
131.03834665992 -41.43011209581 0.0173 0.0181 11.6899 "" "" 5525224535792811904 858.164429 1.1303 0.0214 -6.137 3.192 0.022 0.022 1.184 "" "" 14.94443 2.065139 15.973523 13.908384 10.6 8.05 843.565613 872.795593 19823.2317 25.599 5572.0 28.002 21667.0 80.273 "" "" 0.003091539784615277 0.0061283605 0.0055194343 0.011647794 131.03834665992 -41.43011209581 858.164429 -6.1370000000000005 3.1920000000000006 0.9
131.16518678608 -41.39634185525 0.0157 0.016 6.8832 "" "" 5525060708560627328 951.890076 1.0131 0.019 -5.708 4.056 0.02 0.021 1.017 7995.0 4.054 14.977216 1.802936 15.8477 14.044764 6.75 5.67 935.613647 971.385559 19233.59856 17.173 6256.6 23.427 19110.0 51.661 "" "" 0.0029208826950813446 0.0049307677 0.0047852565 0.009716025 131.16518678608 -41.39634185525 951.890076 -5.708 4.056 1.0
131.28986406474 -41.20307417366 0.0155 0.0176 6.0936 "" "" 5525251233309426048 907.91333 1.0683 0.0202 -5.863 4.025 0.021 0.025 0.993 "" "" 15.033245 1.70305 15.841951 14.138902 1.82 5.84 889.459412 922.266663 18266.22622 26.542 6289.8 32.534 17523.0 73.933 "" "" 0.0031750198906573047 0.006270901 0.0059387456 0.012209646 131.28986406474 -41.20307417366 907.91333 -5.863000000000001 4.025 1.0
131.25080515636 -41.24605083131 0.0151 0.0191 2.9718 "" "" 5525251061510749312 929.973816 1.0417 0.0202 -5.912 4.088 0.02 0.026 0.956 6485.5 4.037 15.060208 1.760294 15.905541 14.145247 32.63 11.1 911.396729 946.676636 17818.17939 16.907 5932.0 23.759 17420.0 57.135 "" "" 0.002941620406539371 0.005166772 0.0051927664 0.010359539 131.25080515636 -41.24605083131 929.973816 -5.911999999999999 4.087999999999999 1.0
131.14093362596 -41.60095739385 0.0156 0.0166 19.068 "" "" 5525034938757010816 877.763611 1.0998 0.0195 -5.534 3.26 0.02 0.021 0.963 5871.7 4.5217 15.125443 1.183929 15.632917 14.448988 "" "" 860.656555 894.324646 16779.12796 6.1552 7625.2 17.171 13169.0 20.251 "" "" 0.0027839580888592255 0.0037098238 0.00413175 0.007841574 131.14093362596 -41.60095739385 877.763611 -5.534000000000001 3.259999999999999 0.9
131.2570995863 -41.13008261685 0.0171 0.0182 9.6653 "" "" 5525258208336308992 912.293152 1.0625 0.0211 -6.173 3.698 0.023 0.027 0.984 7573.2 3.9724 15.127133 2.000669 16.128866 14.128197 29.33 12.5 895.901001 931.619446 16753.02578 12.104 4829.1 13.798 17696.0 38.743 "" "" 0.002864809968263197 0.004172396 0.0044647735 0.008637169 131.2570995863 -41.13008261685 912.293152 -6.173 3.6979999999999995 1.0
131.57094017264 -41.27995193158 0.0323 0.0383 16.0014 "" "" 5525065828161665280 872.411011 1.113 0.0427 -6.24 3.965 0.044 0.053 2.085 5436.1 4.1643 15.145396 1.879098 16.060976 14.181878 11.9 8.43 836.167542 903.909241 16473.58288 20.023 5140.7 21.258 16843.0 48.355 "" "" 0.0030550480938129907 0.005286124 0.004898963 0.010185087 131.57094017264 -41.27995193158 872.411011 -6.24 3.965 1.0
131.32874676914 -41.2312619698 0.0175 0.0198 6.1187 "" "" 5525069298495206016 926.177185 1.0431 0.0233 -5.476 4.117 0.024 0.028 1.009 5319.3 3.7085 15.281901 1.971983 16.269049 14.297066 "" "" 907.534424 943.938232 14527.33913 43.024 4244.2 59.165 15147.0 139.81 "" "" 0.0042345310052188286 0.015390411 0.010710539 0.02610095 131.32874676914 -41.2312619698 926.177185 -5.476 4.117 1.0
131.23182839786 -41.33208495486 0.02 0.0234 2.7252 "" "" 5525061223956700544 901.261475 1.0646 0.0262 -5.887 3.57 0.027 0.031 1.226 7057.5 4.0414 15.303304 1.785435 16.148758 14.363323 28.0 6.38 881.004272 925.703918 14243.77725 20.851 4741.5 24.323 14250.0 51.675 "" "" 0.003180864383232176 0.0062294244 0.0054576043 0.011687029 131.23182839786 -41.33208495486 901.261475 -5.8870000000000005 3.5700000000000003 1.0
131.28984093828 -41.12022845042 0.0191 0.0204 10.6126 "" "" 5525258277055777920 891.274475 1.0829 0.0236 -5.63 4.223 0.025 0.03 0.996 "" "" 15.379916 2.103181 16.451588 14.348407 4.68 5.05 872.656128 913.014709 13273.34257 9.1217 3587.4 13.224 14448.0 28.841 "" "" 0.0028545600308549977 0.004878861 0.004356729 0.00923559 131.28984093828 -41.12022845042 891.274475 -5.63 4.223 1.0
130.40563186144 -40.99367298389 0.0192 0.0217 40.6666 "" "" 5525304009867472256 781.882935 1.2394 0.0252 -5.81 3.434 0.025 0.026 1.033 5119.4 4.5099 15.390148 1.092332 15.854046 14.761714 "" "" 766.374573 798.234924 13148.84373 3.5026 6220.1 15.482 9873.5 15.865 "" "" 0.0027704579417843515 0.0038843483 0.0041626096 0.008046958 130.40563186144 -40.99367298389 781.882935 -5.809999999999999 3.4339999999999993 1.0
131.17234999289 -41.17703672676 0.019 0.0207 6.9575 "" "" 5525252057943164416 921.49176 1.055 0.0241 -5.403 4.174 0.024 0.027 1.021 6546.1 4.0121 15.402842 1.841554 16.293385 14.451831 "" "" 901.119568 944.226379 12996.00917 16.237 4150.1 25.328 13135.0 50.885 "" "" 0.0030711372252022803 0.0071897143 0.005654676 0.01284439 131.17234999289 -41.17703672676 921.49176 -5.403 4.174 1.0
131.55785284637 -40.96649007485 0.0186 0.0212 24.7187 "" "" 5525448114611944320 982.081787 0.9782 0.0245 -6.019 3.284 0.025 0.029 1.0 6776.9 4.1004 15.482987 1.768379 16.335592 14.567213 "" "" 958.630066 1018.17773 12071.23382 3.3919 3991.9 10.124 11811.0 14.55 "" "" 0.0027721587336123083 0.0039201044 0.004009076 0.00792918 131.55785284637 -40.96649007485 982.081787 -6.019 3.284 0.8
131.37312889783 -41.28553593051 0.0212 0.0246 7.0766 "" "" 5525062323468378368 909.037903 1.0604 0.0269 -6.029 4.002 0.028 0.034 1.04 "" "" 15.536928 2.030778 16.51613 14.485352 29.95 11.79 885.408508 933.69812 11486.17776 18.881 3380.4 32.975 12736.0 73.131 "" "" 0.0032828446105631517 0.0109524615 0.007290482 0.018242944 131.37312889783 -41.28553593051 909.037903 -6.029 4.002000000000001 0.8
131.27618747136 -41.53655653136 0.0206 0.022 15.1435 "" "" 5525055863837637376 947.198059 1.0146 0.0252 -5.925 4.062 0.027 0.028 1.059 5308.2 3.6893 15.572095 1.914304 16.52024 14.605937 "" "" 929.785706 966.428101 11120.10521 11.978 3367.6 17.255 11397.0 36.006 "" "" 0.0029932451318508547 0.006223616 0.005103863 0.011327479 131.27618747136 -41.53655653136 947.198059 -5.924999999999999 4.0619999999999985 1.0
131.11628185999 -41.23893706228 0.0198 0.0221 5.3898 "" "" 5525250374316014208 921.498169 1.0488 0.0262 -6.038 3.42 0.027 0.028 0.984 "" "" 15.590466 1.787399 16.45079 14.663391 "" "" 902.969849 937.180176 10933.51902 3.6821 3590.0 12.746 10809.0 18.001 "" "" 0.0027794758216758263 0.004758641 0.0041896477 0.008948289 131.11628185999 -41.23893706228 921.498169 -6.038 3.42 1.0
131.16435314993 -41.26593648555 0.0218 0.0232 2.6931 "" "" 5525250065078362368 935.315674 1.0369 0.0274 -5.946 4.051 0.03 0.031 0.964 4929.6 4.1714 15.769221 1.90254 16.706057 14.803516 "" "" 911.804382 959.251526 9273.81193 9.6 2837.9 14.315 9500.6 26.57 "" "" 0.002975734586635497 0.0061464817 0.0048480616 0.010994543 131.16435314993 -41.26593648555 935.315674 -5.946 4.051 0.9
131.47840152462 -41.37510190053 0.0202 0.0267 12.9123 "" "" 5525063629138433664 925.492737 1.0462 0.0268 -6.183 3.856 0.027 0.035 1.0 5378.1 3.9027 15.842448 1.890029 16.76862 14.878591 "" "" 902.924866 948.067871 8668.96887 17.304 2679.0 19.981 8865.9 48.474 "" "" 0.003505515634968868 0.008565042 0.0070372215 0.015602264 131.47840152462 -41.37510190053 925.492737 -6.183 3.855999999999999 0.9
130.57822200812 -40.83849499261 0.0241 0.0254 39.5102 "" "" 5525312599802029056 980.059631 0.9894 0.0299 -5.829 4.176 0.034 0.032 1.004 6502.6 4.128 15.849355 2.115077 16.915379 14.800302 "" "" 949.00415 1010.7381 8614.00197 23.617 2340.3 27.361 9528.8 67.476 "" "" 0.004056217505881703 0.012996634 0.008567092 0.021563726 130.57822200812 -40.83849499261 980.059631 -5.829000000000001 4.176 0.9
131.25413987283 -41.38514057643 0.0311 0.0355 6.0619 "" "" 5525060158804903680 895.415649 1.0863 0.0393 -5.458 3.678 0.042 0.045 1.395 "" "" 15.913037 2.175625 17.02003 14.844404 "" "" 863.529602 930.25885 8123.28575 36.174 2125.2 35.528 9149.5 131.17 "" "" 0.005564909904563274 0.018363982 0.016017701 0.034381684 131.25413987283 -41.38514057643 895.415649 -5.458 3.6779999999999995 0.9
131.29270687481 -41.24574090339 0.0232 0.027 4.2889 "" "" 5525063354260471808 905.766785 1.0649 0.0309 -5.52 3.862 0.03 0.039 1.042 5505.6 3.8843 15.920452 1.932234 16.864067 14.931833 "" "" 882.865112 929.690002 8068.0029 12.42 2453.5 16.386 8441.6 40.594 "" "" 0.0032226325274119297 0.0077695088 0.0064454274 0.014214937 131.29270687481 -41.24574090339 905.766785 -5.52 3.862 1.0
131.07497538255 -41.21659028994 0.0234 0.0265 7.6845 "" "" 5525253501052209280 944.610962 1.0196 0.0307 -5.713 4.194 0.031 0.032 1.052 "" "" 15.985004 2.152331 17.09189 14.939559 "" "" 912.24707 975.240173 7602.29751 60.886 1989.1 69.678 8381.7 199.99 "" "" 0.00912164023797407 0.03813545 0.026180241 0.06431569 131.07497538255 -41.21659028994 944.610962 -5.713 4.194 1.0
131.53071268912 -41.89542886951 0.0246 0.0314 39.0712 "" "" 5524965532085981184 887.611328 1.0889 0.0331 -5.605 3.71 0.031 0.042 1.03 "" "" 16.03329 2.222522 17.189339 14.966817 "" "" 866.071838 911.092346 7271.60352 10.248 1818.4 11.17 8173.9 36.957 "" "" 0.003151688436697346 0.0072295372 0.0061953096 0.013424847 131.53071268912 -41.89542886951 887.611328 -5.605 3.71 1.0
131.05791255098 -41.23161802827 0.0234 0.0267 7.9059 "" "" 5525253088735355136 972.759644 1.0005 0.0312 -6.269 3.362 0.031 0.034 1.004 "" "" 16.037237 2.135854 17.130238 14.994384 "" "" 937.513306 1007.86212 7245.22598 8.4284 1920.1 10.074 7969.0 28.183 "" "" 0.0030310167502500453 0.0063430523 0.005387739 0.011730791 131.05791255098 -41.23161802827 972.759644 -6.269 3.362 0.9
131.1401380829 -41.43517448248 0.0273 0.0275 9.4601 "" "" 5525037034701018880 909.138489 1.0769 0.0324 -6.196 3.564 0.034 0.037 1.083 6980.6 4.1651 16.041216 2.259105 17.22262 14.963515 "" "" 879.906128 941.776123 7218.71859 7.8462 1763.5 11.512 8198.8 39.681 "" "" 0.002997408182402796 0.007617035 0.0064727664 0.014089801 131.1401380829 -41.43517448248 909.138489 -6.196 3.564 1.0
131.30634940642 -41.32711285765 0.0259 0.0302 4.6856 "" "" 5525061842432062464 944.024048 1.0302 0.0333 -5.615 3.951 0.034 0.042 1.046 4622.7 4.2355 16.084309 1.896682 17.024868 15.128186 "" "" 912.944702 971.916443 6937.82013 6.8309 2115.8 11.657 7045.0 20.596 "" "" 0.0029554286186605845 0.0066005853 0.004935473 0.011536058 131.30634940642 -41.32711285765 944.024048 -5.615 3.9509999999999996 1.0
131.2317040639 -41.27479520102 0.026 0.0285 1.0657 "" "" 5525250477395207424 981.12439 0.9869 0.033 -6.086 4.105 0.034 0.038 1.025 6799.9 4.163 16.126776 2.237149 17.289337 15.052188 "" "" 950.882446 1016.03717 6671.69725 12.737 1658.4 14.74 7555.8 53.885 "" "" 0.0034479333127847085 0.010045384 0.008616175 0.018661559 131.2317040639 -41.27479520102 981.12439 -6.086 4.104999999999999 1.0
