Clusters/Collinder_197/Collinder_197_stars_in_region.tsv
# %ECSV 1.0
# ---
# datatype:
# - name: RA_ICRS_1
#   unit: deg
#   datatype: float64
#   format: '{:15.11f}'
#   description: Right ascension (ICRS) at Ep=2016.0 (ra)
#   meta: !!omap
#   - {ucd: POS_EQ_RA_MAIN}
#   - {width: 15}
#   - {precision: '11'}
# - name: DE_ICRS_1
#   unit: deg
#   datatype: float64
#   format: '{:15.11f}'
#   description: Declination (ICRS) at Ep=2016.0 (dec)
#   meta: !!omap
#   - {ucd: POS_EQ_DEC_MAIN}
#   - {width: 15}
#   - {precision: '11'}
# - name: e_RA_ICRS
#   unit: mas
#   datatype: float64
#   format: '{:7.4f}'
#   description: Standard error of right ascension (ra_error)
#   meta: !!omap
#   - {ucd: ERROR}
#   - {width: 7}
#   - {precision: '4'}
# - name: e_DE_ICRS
#   unit: mas
#   datatype: float64
#   format: '{:7.4f}'
#   description: Standard error of declination (dec_error)
#   meta: !!omap
#   - {ucd: ERROR}
#   - {width: 7}
#   - {precision: '4'}
# - name: _r_1
#   unit: ''
#   datatype: float64
#   format: '{:7.4f}'
#   description: Distance from center (131.21620789000-41.28820582000)[ICRS], at Epoch=J2016.0
#   meta: !!omap
#   - {ucd: POS_ANG_DIST_GENERAL}
#   - {width: 7}
#   - {precision: '4'}
# - name: HIP
#   datatype: int32
#   description: '? HIP cross-id number, van Leeuwen, Cat. I/311 (hip_original_ext_source_id)'
#   meta: !!omap
#   - {ucd: ID_NUMBER}
#   - {width: 6}
#   - values: {'null': -2147483648}
# - name: TYC2
#   datatype: string
#   description: Tycho-2 cross-id name, Hog et al., Cat. I/259 (tyc2_original_ext_source_id)
#   meta: !!omap
#   - {ucd: ID_CROSSID}
#   - {_votable_string_dtype: char}
# - name: Source
#   datatype: int64
#   description: Source identifier, identical to the Gaia-EDR3 source_id (id)
#   meta: !!omap
#   - {ucd: ID_MAIN}
#   - {width: 19}
# - name: rgeo
#   unit: pc
#   datatype: float64
#   format: '{:15.8f}'
#   description: '? Median of the geometric distance posterior (r_med_geo)'
#   meta: !!omap
#   - {ucd: PHYS_DISTANCE_TRUE}
#   - {width: 15}
#   - {precision: '8'}
#   - values: {'null': .nan}
# - name: Plx
#   unit: mas
#   datatype: float64
#   format: '{:9.4f}'
#   description: '? Parallax (parallax)'
#   meta: !!omap
#   - {ucd: POS_PARLX_TRIG}
#   - {width: 9}
#   - {precision: '4'}
#   - values: {'null': .nan}
# - name: e_Plx
#   unit: mas
#   datatype: float32
#   format: '{:7.4f}'
#   description: '? Standard error of parallax (parallax_error)'
#   meta: !!omap
#   - {ucd: ERROR}
#   - {width: 7}
#   - {precision: '4'}
#   - values: {'null': .nan}
# - name: pmRA
#   unit: mas / yr
#   datatype: float64
#   format: '{:9.3f}'
#   description: '? Proper motion in right ascension direction, pmRA*cosDE (pmra)'
#   meta: !!omap
#   - {ucd: POS_EQ_PMRA}
#   - {width: 9}
#   - {precision: '3'}
#   - values: {'null': .nan}
# - name: pmDE
#   unit: mas / yr
#   datatype: float64
#   format: '{:9.3f}'
#   description: '? Proper motion in declination direction (pmdec)'
#   meta: !!omap
#   - {ucd: POS_EQ_PMDEC}
#   - {width: 9}
#   - {precision: '3'}
#   - values: {'null': .nan}
# - name: e_pmRA
#   unit: mas / yr
#   datatype: float32
#   format: '{:6.3f}'
#   description: '? Standard error of proper motion in right ascension direction (pmra_error)'
#   meta: !!omap
#   - {ucd: ERROR}
#   - {width: 6}
#   - {precision: '3'}
#   - values: {'null': .nan}
# - name: e_pmDE
[...]
#         value: !astropy.table.SerializedColumn {name: SkyCoord.dec}
#       distance: !astropy.table.SerializedColumn
#         __class__: astropy.coordinates.distances.Distance
#         unit: !astropy.units.Unit {unit: pc}
#         value: !astropy.table.SerializedColumn {name: SkyCoord.distance}
#       frame: icrs
#       obstime: !astropy.time.Time {format: jyear_str, in_subfmt: '*', jd1: 367701545.0, jd2: 0.0, out_subfmt: '*', precision: 3, scale: tt}
#       pm_dec: !astropy.table.SerializedColumn
#         __class__: astropy.units.quantity.Quantity
#         unit: !astropy.units.Unit {unit: mas / yr}
#         value: !astropy.table.SerializedColumn {name: SkyCoord.pm_dec}
#       pm_ra_cosdec: !astropy.table.SerializedColumn
#         __class__: astropy.units.quantity.Quantity
#         unit: !astropy.units.Unit {unit: mas / yr}
#         value: !astropy.table.SerializedColumn {name: SkyCoord.pm_ra_cosdec}
#       ra: !astropy.table.SerializedColumn
#         __class__: astropy.coordinates.angles.Longitude
#         unit: *id001
#         value: !astropy.table.SerializedColumn {name: SkyCoord.ra}
#         wrap_angle: !astropy.coordinates.Angle
#           unit: *id001
#           value: 360.0
#       representation_type: spherical
# schema: astropy-2.0
RA_ICRS_1 DE_ICRS_1 e_RA_ICRS e_DE_ICRS _r_1 HIP TYC2 Source rgeo Plx e_Plx pmRA pmDE e_pmRA e_pmDE RUWE Teff logg Gmag BP-RP BPmag RPmag RV e_RV b_rgeo B_rgeo FG e_FG FBP e_FBP FRP e_FRP RAVE5 RAVE6 e_Gmag e_BPmag e_RPmag e_BP-RP SkyCoord.ra SkyCoord.dec SkyCoord.distance SkyCoord.pm_ra_cosdec SkyCoord.pm_dec rmRA rmDE e_rmRA e_rmDE rRV e_rRV v_pec v_pec3d e_vpec e_vpec3d
[from data line 1480]
132.16596549682 -41.19272241578 0.0329 0.0386 43.2312 "" "" 5525385373729934720 962.216431 1.0167 0.0431 -10.128 1.984 0.046 0.045 1.041 5336.0 4.6537 16.682667 1.632808 17.454466 15.821658 "" "" 926.858032 1007.75806 3998.34278 2.2723 1424.4 7.5088 3719.6 9.5302 "" "" 0.00282356545004543 0.006367392 0.004692791 0.011060183 132.16596549682 -41.19272241578 962.216431 -10.128 1.9840000000000002 -4.328088024139404 -1.958336082458496 0.30974165 0.30874163 "" "" 21.666667839774696 "" 6.707392228831027 ""
131.61714708584 -40.76770817995 0.0312 0.0375 36.1198 "" "" 5525644407497390464 927.789001 1.048 0.0416 -7.742 7.619 0.042 0.049 1.034 5214.2 4.5838 16.686241 1.783073 17.553316 15.770244 "" "" 895.595154 967.563721 3985.20156 2.1545 1300.4 8.7694 3900.0 9.9966 "" "" 0.002817149358422052 0.00783541 0.004693482 0.012528892 131.61714708584 -40.76770817995 927.789001 -7.742000000000001 7.619 -1.9420880241394043 3.6766639175415037 0.30574164 0.31274164 "" "" 18.286036202995405 "" 5.6911268274135605 ""
131.14035280098 -40.64673842785 0.0344 0.0395 38.6412 "" "" 5525283321007651712 925.233093 1.0593 0.0449 4.496 -13.517 0.043 0.055 0.975 4914.8 4.3857 16.686419 1.683281 17.491232 15.807951 "" "" 883.776306 965.255615 3984.54899 1.9482 1377.0 7.9498 3766.8 10.832 "" "" 0.002805993592019079 0.006861199 0.0049022287 0.011763427 131.14035280098 -40.64673842785 925.233093 4.4959999999999996 -13.517000000000001 10.295911975860596 -17.459336082458496 0.30674165 0.31874165 "" "" 88.89202602401224 "" 28.062235607889704 ""
131.25007163727 -41.2594091193 0.0342 0.0398 2.3059 "" "" 5525250610537039360 897.303711 1.083 0.0445 -5.825 4.322 0.044 0.055 1.042 6075.1 4.128 16.6937 2.580086 18.099962 15.519877 "" "" 858.888794 947.401367 3957.91628 18.106 786.02 18.053 4911.4 64.551 "" "" 0.005679902985082938 0.025092373 0.014761937 0.03985431 131.25007163727 -41.2594091193 897.303711 -5.824999999999994 4.3219999999999965 -0.025088024139404475 0.37966391754150397 0.30774164 0.31874165 "" "" 1.6183156771514038 "" 0.5157485456026659 ""
132.14554584557 -41.7242105294 0.0337 0.0396 49.2752 "" "" 5525354999721455232 749.058105 1.3184 0.0443 -8.318 5.578 0.047 0.05 0.96 4452.5 4.6505 16.694965 1.607198 17.462137 15.854939 "" "" 728.015137 776.536438 3953.30799 2.2811 1414.4 6.5829 3607.3 9.8036 "" "" 0.0028256447088400452 0.005772366 0.004794837 0.010567203 132.14554584557 -41.7242105294 749.058105 -8.317999999999996 5.577999999999999 -2.518088024139404 1.6356639175415042 0.31074163 0.31374165 "" "" 10.661166955902798 "" 3.3223911957758276 ""
131.06452744644 -42.07167925622 0.0348 0.0377 47.4973 "" "" 5525003568316275968 741.223694 1.3263 0.0439 -12.301 14.776 0.047 0.045 0.974 4229.4 4.5098 16.696474 1.846425 17.609919 15.763494 "" "" 721.591492 767.036743 3947.82049 2.6081 1234.4 9.142 3924.3 12.341 "" "" 0.0028471539695364414 0.008511322 0.0050933044 0.013604626 131.06452744644 -42.07167925622 741.223694 -12.300999999999995 14.776000000000007 -6.5010880241394045 10.833663917541504 0.31074163 0.30874163 "" "" 44.39031053196041 "" 13.72869820186472 ""
132.16838596564 -41.17452502975 0.0361 0.0388 43.5032 "" "" 5525387057358311296 839.674683 1.1779 0.045 -6.541 3.653 0.05 0.046 1.094 4383.5 4.5507 16.698477 1.52752 17.414968 15.887448 "" "" 811.836182 870.285522 3940.54071 2.1535 1477.2 8.535 3500.9 17.445 "" "" 0.0028184849743152635 0.0068657105 0.006599568 0.013465278 132.16838596564 -41.17452502975 839.674683 -6.541 3.653 -0.7410880241394047 -0.28933608245849607 0.31374165 0.30974165 "" "" 3.1664027424165 "" 0.9917664699320001 ""
130.79772851258 -40.88907852181 0.034 0.0372 30.5223 "" "" 5525320292085878656 773.149109 1.2699 0.0429 -18.263 7.886 0.049 0.045 1.0 4399.3 4.6154 16.701513 1.620802 17.47285 15.852049 "" "" 752.457581 800.673828 3929.54053 2.1298 1400.5 9.8254 3616.9 12.705 "" "" 0.002817460142625621 0.008112074 0.005369274 0.013481348 130.79772851258 -40.88907852181 773.149109 -18.263000000000005 7.8859999999999895 -12.463088024139406 3.943663917541504 0.31274164 0.30874163 "" "" 47.9058500833011 "" 14.96481513221812 ""
131.68780518726 -40.62718519091 0.0342 0.0371 45.0513 "" "" 5525647641613529856 736.909546 1.3455 0.0452 -7.99 3.722 0.046 0.047 0.963 4478.5 4.6801 16.701834 1.45192 17.36314 15.911221 "" "" 710.686523 763.472595 3928.37931 2.1144 1549.4 9.2002 3425.1 10.746 "" "" 0.0028166103067609805 0.007024879 0.005087967 0.012112847 131.68780518726 -40.62718519091 736.909546 -7.99 3.7219999999999995 -2.1900880241394045 -0.22033608245849612 0.30974165 0.31074163 "" "" 7.688487598057641 "" 2.3815219662253857 ""
132.00204888878 -41.46601598744 0.0346 0.0403 36.9539 "" "" 5525373347821594112 865.459351 1.1382 0.0467 -7.194 3.51 0.047 0.051 1.005 4351.7 4.5539 16.705935 1.597732 17.459919 15.862187 "" "" 826.621826 903.90094 3913.56606 2.3162 1417.3 11.419 3583.3 8.9863 "" "" 0.0028292577501917867 0.009181837 0.004658066 0.013839902 132.00204888878 -41.46601598744 865.459351 -7.194000000000001 3.51 -1.3940880241394042 -0.4323360824584963 0.31074163 0.31474164 "" "" 5.9876330364412285 "" 1.8627205442525978 ""
130.88672805157 -40.62561902174 0.0344 0.0411 42.4659 "" "" 5525332631529414656 887.081238 1.1002 0.046 -11.008 14.796 0.045 0.053 1.022 4523.6 4.4717 16.706585 1.490004 17.396536 15.906532 "" "" 855.783081 920.265503 3911.22809 2.1352 1502.5 8.1405 3439.9 8.4789 "" "" 0.002818351752646418 0.0065106596 0.0046309563 0.011141616 130.88672805157 -40.62561902174 887.081238 -11.00799999999999 14.796 -5.208088024139403 10.853663917541503 0.30874163 0.31674165 "" "" 50.61918984640962 "" 15.958196473580902 ""
130.42729186685 -41.06260401404 0.0367 0.0431 38.1134 "" "" 5525291983959266688 813.863403 1.2069 0.0491 -21.841 19.344 0.05 0.052 1.031 4653.9 4.6217 16.709385 1.577632 17.456003 15.878371 "" "" 778.836243 845.734924 3901.14966 2.0594 1422.4 10.625 3530.3 11.018 "" "" 0.0028143021378054093 0.008576735 0.00507603 0.013652764 130.42729186685 -41.06260401404 813.863403 -21.841 19.34400000000001 -16.041088024139405 15.401663917541505 0.31374165 0.31574166 "" "" 85.78773426163173 "" 26.997621890208933 ""
130.95701162679 -40.75740235518 0.0346 0.0449 33.9407 "" "" 5525327821166230784 891.368713 1.0831 0.0476 1.358 1.208 0.05 0.059 1.015 "" "" 16.71062 2.028492 17.736847 15.708355 "" "" 851.101135 936.802612 3896.71164 2.2368 1098.2 8.6679 4128.7 8.9491 "" "" 0.0028249271961303486 0.0090123145 0.0044521997 0.013464514 130.95701162679 -40.75740235518 891.368713 1.3579999999999999 1.2080000000000002 7.157911975860596 -2.734336082458496 0.31374165 0.32274163 "" "" 32.374291010246225 "" 10.19472993374328 ""
131.54963219826 -40.8146060091 0.0349 0.0421 32.1725 "" "" 5525638811160935424 880.564941 1.1132 0.049 4.472 -2.107 0.047 0.054 1.025 4698.6 4.4001 16.711145 1.522681 17.418066 15.895385 "" "" 843.926514 921.93811 3894.8291 2.1787 1473.0 11.018 3475.4 8.7316 "" "" 0.0028214630442763284 0.008587211 0.0046609705 0.013248182 131.54963219826 -40.8146060091 880.564941 4.471999999999999 -2.107000000000002 10.271911975860597 -6.049336082458496 0.31074163 0.31774163 "" "" 49.75616755541473 "" 15.55174889522758 ""
131.50309456153 -40.82428187395 0.0312 0.039 30.713 "" "" 5525638845520575232 945.964233 1.0286 0.0435 -12.316 8.76 0.043 0.054 1.0 6158.9 4.4502 16.71133 1.885043 17.638527 15.753484 "" "" 910.290161 980.924805 3894.16984 2.2067 1202.3 7.8522 3960.6 8.2084 "" "" 0.002823176204349778 0.007620121 0.0043985387 0.01201866 131.50309456153 -40.82428187395 945.964233 -12.316000000000003 8.76 -6.516088024139405 4.817663917541504 0.30674165 0.31774163 "" "" 36.33575712554194 "" 11.288573062026348 ""
130.34742764205 -41.54835987337 0.0378 0.0433 42.0909 "" "" 5525140354433854208 831.501587 1.1761 0.0487 -6.949 11.043 0.05 0.059 1.006 4643.0 4.602 16.713512 1.627511 17.487368 15.859857 "" "" 803.569031 859.333313 3886.35147 2.1994 1381.9 10.59 3591.0 9.859 "" "" 0.0028230015972593443 0.008775759 0.0048134457 0.013589204 130.34742764205 -41.54835987337 831.501587 -6.948999999999999 11.043 -1.1490880241394041 7.100663917541503 0.31374165 0.32274163 "" "" 28.350056485801034 "" 9.143320474420747 ""
130.99139175611 -40.7387055136 0.0388 0.0454 34.5053 "" "" 5525328027324650240 787.720642 1.2465 0.0523 -8.221 -1.048 0.055 0.057 1.085 4495.9 4.732 16.7164 1.519137 17.328379 15.809241 "" "" 758.518738 815.60321 3876.02923 2.8693 1599.8 14.085 3762.4 25.762 "" "" 0.0028701533532366204 0.0099579515 0.008339798 0.01829775 130.99139175611 -40.7387055136 787.720642 -8.221 -1.0479999999999992 -2.4210880241394044 -4.990336082458496 0.31874165 0.32074165 "" "" 20.709989785800637 "" 6.634684557744516 ""
130.26107960166 -40.94519980101 0.0432 0.0413 47.8279 "" "" 5525308060018964352 742.067871 1.3278 0.0517 -11.693 1.795 0.058 0.05 0.999 4505.0 4.6523 16.717764 1.562233 17.451738 15.889505 "" "" 716.358765 780.003113 3871.15877 2.18 1428.0 9.3324 3494.3 9.4304 "" "" 0.0028223437355705226 0.007624478 0.0047822255 0.012406703 130.26107960166 -40.94519980101 742.067871 -11.693000000000005 1.794999999999996 -5.893088024139404 -2.147336082458496 0.32174164 0.31374165 "" "" 22.06157946064512 "" 7.077669512691485 ""
131.86899017882 -40.89441277114 0.0323 0.0384 37.81 "" "" 5525451584945476480 848.782837 1.1503 0.0442 -7.667 8.525 0.041 0.047 1.014 4506.7 4.6584 16.7178 1.57456 17.460114 15.885553 "" "" 818.423279 879.753174 3871.0294 2.1995 1417.0 6.9393 3507.0 9.5057 "" "" 0.0028235380932097906 0.0060046636 0.0047900183 0.010794682 131.86899017882 -40.89441277114 848.782837 -7.667 8.525 -1.8670880241394041 4.582663917541504 0.30474165 0.31074163 "" "" 19.90862108691572 "" 6.169573166076195 ""
131.98385121383 -40.97402147198 0.0373 0.041 39.4823 "" "" 5525439833915239424 753.215698 1.2985 0.0489 -7.713 4.376 0.049 0.047 1.052 4493.5 4.6667 16.718073 1.507843 17.418364 15.910521 "" "" 723.589355 780.929504 3870.05572 2.0802 1472.6 11.609 3427.3 15.967 "" "" 0.002816446956900144 0.009002518 0.0063141948 0.015316713 131.98385121383 -40.97402147198 753.215698 -7.713 4.376000000000001 -1.9130880241394044 0.43366391754150424 0.31274164 0.31074163 "" "" 7.003474526740296 "" 2.1895956001235963 ""
130.21924809058 -41.49125426142 0.0368 0.0424 46.5009 "" "" 5525188217549416576 920.008911 1.0655 0.0474 -1.439 -0.166 0.048 0.054 1.017 5320.8 4.6164 16.71986 1.774477 17.577337 15.80286 "" "" 884.257202 955.289062 3863.69396 2.1808 1272.0 10.706 3784.5 11.088 "" "" 0.0028226486648248667 0.0095547475 0.0049399124 0.014494659 130.21924809058 -41.49125426142 920.008911 -1.439 -0.16599999999999993 4.360911975860596 -4.1083360824584965 0.31174165 0.31774163 "" "" 26.127224349598627 "" 8.219026961643932 ""
130.7974320458 -40.81832719664 0.0334 0.0365 33.9683 "" "" 5525322254888476032 902.443726 1.0748 0.043 -10.636 5.469 0.046 0.044 1.0 5536.3 4.5649 16.720251 1.967381 17.702765 15.735383 "" "" 868.863464 935.883667 3862.30027 2.149 1133.2 8.0237 4027.2 8.3879 "" "" 0.00282076869354294 0.008178306 0.004404269 0.012582575 130.7974320458 -40.81832719664 902.443726 -10.636 5.469000000000003 -4.8360880241394035 1.5266639175415042 0.30974165 0.30774164 "" "" 21.693062521103986 "" 6.715324621597446 ""
131.78054271648 -41.07731012388 0.0382 0.0423 28.4521 "" "" 5525432339193170688 761.566406 1.3084 0.0505 -11.753 7.977 0.052 0.056 0.95 "" "" 16.721062 1.756345 17.563944 15.807599 "" "" 732.965515 785.312195 3859.42026 5.649 1287.8 14.505 3768.1 15.912 "" "" 0.0031807689103475812 0.012543337 0.0059417775 0.018485114 131.78054271648 -41.07731012388 761.566406 -11.753 7.976999999999997 -5.953088024139404 4.034663917541504 0.31574166 0.31974164 "" "" 25.960079314231404 "" 8.229504046519482 ""
131.9799047871 -40.78644862557 0.0327 0.0372 45.8353 "" "" 5525453749608949632 854.571228 1.1419 0.0455 2.144 -8.192 0.042 0.043 0.995 4550.3 4.6377 16.721598 1.540961 17.447218 15.906257 "" "" 823.319458 889.921692 3857.5187 2.0076 1433.9 7.456 3440.8 8.6912 "" "" 0.0028126643215139035 0.0062974617 0.0046695787 0.01096704 131.9799047871 -40.78644862557 854.571228 2.144000000000003 -8.191999999999997 7.943911975860596 -12.134336082458496 0.30574164 0.30674165 "" "" 58.7483463719111 "" 18.002959929376253 ""
131.09755789831 -41.02204822179 0.0384 0.0407 16.845 "" "" 5525268791135735424 935.954651 1.0479 0.0457 -7.261 5.814 0.055 0.052 1.073 5055.7 4.6136 16.72346 1.763016 17.574425 15.811409 "" "" 897.147461 981.134155 3850.90869 2.2057 1275.4 8.402 3754.9 12.472 "" "" 0.0028246284251565354 0.007677496 0.0052239005 0.0129013965 131.09755789831 -41.02204822179 935.954651 -7.261000000000001 5.814 -1.4610880241394044 1.871663917541504 0.31874165 0.31574166 "" "" 10.533967838250328 "" 3.3380136140861665 ""
131.20605062704 -41.99256022508 0.038 0.0377 42.2637 "" "" 5525005801699219584 979.604004 0.9816 0.0468 -6.994 4.514 0.052 0.047 1.042 4963.9 4.2238 16.724407 2.311786 17.951002 15.639216 "" "" 941.546997 1019.81744 3847.54869 2.3289 901.6 7.9697 4400.2 10.002 "" "" 0.002832611570158413 0.009994729 0.0045138197 0.014508549 131.20605062704 -41.99256022508 979.604004 -6.994000000000003 4.514000000000008 -1.194088024139404 0.5716639175415041 0.31574166 0.31074163 "" "" 6.147180661501536 "" 1.935226973328677 ""
130.33134682166 -41.68806401693 0.0603 0.0723 46.4463 "" "" 5525138361569057408 791.370544 1.2622 0.0792 -8.317 8.434 0.074 0.089 1.803 4365.3 4.6689 16.725216 1.662083 17.496737 15.834654 "" "" 750.298523 846.202759 3844.67946 4.2303 1370.0 8.422 3675.3 9.498 "" "" 0.003003155454466357 0.0072342274 0.0047070687 0.011941296 130.33134682166 -41.68806401693 791.370544 -8.31700000000001 8.434000000000001 -2.5170880241394045 4.491663917541503 0.33774164 0.35274166 "" "" 19.313876499773897 "" 6.744703970215535 ""
130.93204822584 -40.5815399051 0.0366 0.0451 44.3131 "" "" 5525334280797868032 863.277161 1.1491 0.0491 -8.419 11.069 0.049 0.058 0.994 4533.1 4.4488 16.725487 1.582042 17.479094 15.897052 "" "" 832.46106 910.624207 3843.72477 2.6764 1392.5 7.9258 3470.1 9.054 "" "" 0.0028571539465794727 0.0067804563 0.0047232127 0.0115036685 130.93204822584 -40.5815399051 863.277161 -8.419000000000002 11.069000000000003 -2.619088024139405 7.126663917541505 0.31274164 0.32174164 "" "" 31.068789595550058 "" 9.963262919944848 ""
131.89597200234 -40.84409811338 0.0321 0.0382 40.6892 "" "" 5525453887047933824 937.010315 1.0492 0.0456 -7.136 5.35 0.042 0.045 1.017 4725.7 4.3872 16.727457 1.590448 17.473375 15.882927 "" "" 897.836609 986.633362 3836.75207 2.3499 1399.8 9.7977 3515.5 7.5442 "" "" 0.0028344294944098935 0.008095478 0.004439875 0.012535352 131.89597200234 -40.84409811338 937.010315 -7.136 5.35 -1.3360880241394044 1.4076639175415036 0.30574164 0.30874163 "" "" 8.61986143118897 "" 2.6490859101753452 ""
131.60773227634 -41.0917966901 0.0384 0.0413 21.2459 "" "" 5525443338608316288 743.474365 1.3301 0.0497 7.017 -7.815 0.05 0.053 0.996 4448.1 4.6823 16.731981 1.508078 17.437883 15.929806 "" "" 715.491516 772.984192 3820.79885 2.2182 1446.3 8.7852 3366.9 9.0223 "" "" 0.002826501455588863 0.007160979 0.004769554 0.011930533 131.60773227634 -41.0917966901 743.474365 7.0169999999999995 -7.8149999999999995 12.816911975860595 -11.757336082458497 0.31374165 0.31674165 "" "" 61.29328597522341 "" 19.31450011956157 ""
