Clusters/Collinder_197/Collinder_197_stars_in_region.tsv
# %ECSV 1.0
# ---
# datatype:
# - name: RA_ICRS_1
#   unit: deg
#   datatype: float64
#   format: '{:15.11f}'
#   description: Right ascension (ICRS) at Ep=2016.0 (ra)
#   meta: !!omap
#   - {ucd: POS_EQ_RA_MAIN}
#   - {width: 15}
#   - {precision: '11'}
# - name: DE_ICRS_1
#   unit: deg
#   datatype: float64
#   format: '{:15.11f}'
#   description: Declination (ICRS) at Ep=2016.0 (dec)
#   meta: !!omap
#   - {ucd: POS_EQ_DEC_MAIN}
#   - {width: 15}
#   - {precision: '11'}
# - name: e_RA_ICRS
#   unit: mas
#   datatype: float64
#   format: '{:7.4f}'
#   description: Standard error of right ascension (ra_error)
#   meta: !!omap
#   - {ucd: ERROR}
#   - {width: 7}
#   - {precision: '4'}
# - name: e_DE_ICRS
#   unit: mas
#   datatype: float64
#   format: '{:7.4f}'
#   description: Standard error of declination (dec_error)
#   meta: !!omap
#   - {ucd: ERROR}
#   - {width: 7}
#   - {precision: '4'}
# - name: _r_1
#   unit: ''
#   datatype: float64
#   format: '{:7.4f}'
#   description: Distance from center (131.21620789000-41.28820582000)[ICRS], at Epoch=J2016.0
#   meta: !!omap
#   - {ucd: POS_ANG_DIST_GENERAL}
#   - {width: 7}
#   - {precision: '4'}
# - name: HIP
#   datatype: int32
#   description: '? HIP cross-id number, van Leeuwen, Cat. I/311 (hip_original_ext_source_id)'
#   meta: !!omap
#   - {ucd: ID_NUMBER}
#   - {width: 6}
#   - values: {'null': -2147483648}
# - name: TYC2
#   datatype: string
#   description: Tycho-2 cross-id name, Hog et al., Cat. I/259 (tyc2_original_ext_source_id)
#   meta: !!omap
#   - {ucd: ID_CROSSID}
#   - {_votable_string_dtype: char}
# - name: Source
#   datatype: int64
#   description: Source identifier, identical to the Gaia-EDR3 source_id (id)
#   meta: !!omap
#   - {ucd: ID_MAIN}
#   - {width: 19}
# - name: rgeo
#   unit: pc
#   datatype: float64
#   format: '{:15.8f}'
#   description: '? Median of the geometric distance posterior (r_med_geo)'
#   meta: !!omap
#   - {ucd: PHYS_DISTANCE_TRUE}
#   - {width: 15}
#   - {precision: '8'}
#   - values: {'null': .nan}
# - name: Plx
#   unit: mas
#   datatype: float64
#   format: '{:9.4f}'
#   description: '? Parallax (parallax)'
#   meta: !!omap
#   - {ucd: POS_PARLX_TRIG}
#   - {width: 9}
#   - {precision: '4'}
#   - values: {'null': .nan}
# - name: e_Plx
#   unit: mas
#   datatype: float32
#   format: '{:7.4f}'
#   description: '? Standard error of parallax (parallax_error)'
#   meta: !!omap
#   - {ucd: ERROR}
#   - {width: 7}
#   - {precision: '4'}
#   - values: {'null': .nan}
# - name: pmRA
#   unit: mas / yr
#   datatype: float64
#   format: '{:9.3f}'
#   description: '? Proper motion in right ascension direction, pmRA*cosDE (pmra)'
#   meta: !!omap
#   - {ucd: POS_EQ_PMRA}
#   - {width: 9}
#   - {precision: '3'}
#   - values: {'null': .nan}
# - name: pmDE
#   unit: mas / yr
#   datatype: float64
#   format: '{:9.3f}'
#   description: '? Proper motion in declination direction (pmdec)'
#   meta: !!omap
#   - {ucd: POS_EQ_PMDEC}
#   - {width: 9}
#   - {precision: '3'}
#   - values: {'null': .nan}
# - name: e_pmRA
#   unit: mas / yr
#   datatype: float32
#   format: '{:6.3f}'
#   description: '? Standard error of proper motion in right ascension direction (pmra_error)'
#   meta: !!omap
#   - {ucd: ERROR}
#   - {width: 6}
#   - {precision: '3'}
#   - values: {'null': .nan}
# - name: e_pmDE
[...]
#         value: !astropy.table.SerializedColumn {name: SkyCoord.dec}
#       distance: !astropy.table.SerializedColumn
#         __class__: astropy.coordinates.distances.Distance
#         unit: !astropy.units.Unit {unit: pc}
#         value: !astropy.table.SerializedColumn {name: SkyCoord.distance}
#       frame: icrs
#       obstime: !astropy.time.Time {format: jyear_str, in_subfmt: '*', jd1: 367701545.0, jd2: 0.0, out_subfmt: '*', precision: 3, scale: tt}
#       pm_dec: !astropy.table.SerializedColumn
#         __class__: astropy.units.quantity.Quantity
#         unit: !astropy.units.Unit {unit: mas / yr}
#         value: !astropy.table.SerializedColumn {name: SkyCoord.pm_dec}
#       pm_ra_cosdec: !astropy.table.SerializedColumn
#         __class__: astropy.units.quantity.Quantity
#         unit: !astropy.units.Unit {unit: mas / yr}
#         value: !astropy.table.SerializedColumn {name: SkyCoord.pm_ra_cosdec}
#       ra: !astropy.table.SerializedColumn
#         __class__: astropy.coordinates.angles.Longitude
#         unit: *id001
#         value: !astropy.table.SerializedColumn {name: SkyCoord.ra}
#         wrap_angle: !astropy.coordinates.Angle
#           unit: *id001
#           value: 360.0
#       representation_type: spherical
# schema: astropy-2.0
RA_ICRS_1 DE_ICRS_1 e_RA_ICRS e_DE_ICRS _r_1 HIP TYC2 Source rgeo Plx e_Plx pmRA pmDE e_pmRA e_pmDE RUWE Teff logg Gmag BP-RP BPmag RPmag RV e_RV b_rgeo B_rgeo FG e_FG FBP e_FBP FRP e_FRP RAVE5 RAVE6 e_Gmag e_BPmag e_RPmag e_BP-RP SkyCoord.ra SkyCoord.dec SkyCoord.distance SkyCoord.pm_ra_cosdec SkyCoord.pm_dec rmRA rmDE e_rmRA e_rmDE rRV e_rRV v_pec v_pec3d e_vpec e_vpec3d
[from data line 433]
130.99614986825 -40.80397548137 0.0104 0.0125 30.7129 "" "" 5525280542166237568 857.16803 1.1299 0.0142 -11.064 -2.518 0.015 0.016 1.018 5848.1 4.2198 14.041935 0.955934 14.431328 13.475394 6.1 3.87 849.098694 865.76947 45516.90578 8.5462 23061.0 18.354 32285.0 22.472 "" "" 0.0027628512242860886 0.002920918 0.0038541993 0.0067751175 130.99614986825 -40.80397548137 857.16803 -11.06399999999999 -2.517999999999999 -5.264088024139404 -6.460336082458496 0.27874163 0.27974164 -13.881818181818184 6.2163334 33.85865413299234 36.59389752036065 9.458179598071041 9.063372961192353
131.29090503388 -40.56047517758 0.0103 0.0118 43.795 "" "" 5525659839320486272 746.478394 1.3028 0.0138 3.281 -10.03 0.013 0.016 0.988 6019.7 4.4138 14.053018 0.786712 14.363276 13.576564 12.89 5.0 737.854675 753.644165 45054.66911 8.2383 24553.0 19.604 29413.0 16.664 "" "" 0.0027624631818528064 0.0029217373 0.0038291132 0.0067508505 131.29090503388 -40.56047517758 746.478394 3.2810000000000006 -10.029999999999998 9.080911975860596 -13.972336082458495 0.27674165 0.27974164 -7.091818181818184 7.3463335 58.962383322240875 59.387343198385594 16.441904240124003 16.347805883093386
132.08822416442 -41.04471299006 0.0114 0.0123 42.0092 "" "" 5525435642027151616 941.093689 1.0272 0.0149 -9.916 9.174 0.015 0.014 1.021 "" "" 14.056258 1.311033 14.63184 13.320806 18.37 3.67 927.316406 954.546082 44920.3707 8.7974 19173.0 19.13 37225.0 25.313 "" "" 0.0027635128312381305 0.0029930903 0.00385082 0.0068439106 132.08822416442 -41.04471299006 941.093689 -9.915999999999997 9.174 -4.116088024139405 5.231663917541503 0.27874163 0.27774164 -1.6118181818181831 6.0163336 29.69438055410518 29.73809332057554 8.258731615945987 8.253036493250606
131.10637476061 -41.73608095757 0.0106 0.0119 27.3218 "" "" 5525029475559057152 728.19989 1.3369 0.0141 -4.562 3.995 0.016 0.014 1.029 5617.8 4.4052 14.057254 0.969996 14.459785 13.489789 10.9 4.38 721.731812 735.62915 44879.21456 11.014 22465.0 25.509 31860.0 23.769 "" "" 0.002768174082330931 0.0030504058 0.003865209 0.006915615 131.10637476061 -41.73608095757 728.19989 -4.561999999999999 3.9950000000000028 1.2379119758605954 0.05266391754150401 0.27974164 0.27774164 -9.081818181818184 6.7263336 4.276725416301993 10.038416298104337 1.1963628050308404 6.106664197771731
131.44880600197 -40.67105907903 0.0111 0.0127 38.4985 "" "" 5525643862042359552 894.552185 1.0803 0.0151 -8.318 5.856 0.014 0.016 1.072 6674.1 4.2043 14.06053 0.993359 14.468205 13.474846 15.58 6.21 882.515259 908.37561 44743.99157 8.2397 22291.0 21.065 32301.0 20.142 "" "" 0.0027625650482815097 0.0029728382 0.0038395447 0.006812383 131.44880600197 -40.67105907903 894.552185 -8.318000000000001 5.856000000000002 -2.518088024139404 1.9136639175415038 0.27774164 0.27974164 -4.401818181818184 8.556334 13.410546745877523 14.114487852173431 3.734508982628988 4.439661886276685
132.25436471035 -41.17802683761 0.01 0.0105 47.3076 "" "" 5525384308578022400 685.530701 1.4247 0.0127 2.84 -27.105 0.013 0.013 1.031 5418.2 4.3573 14.060826 0.874946 14.413186 13.53824 26.64 5.07 680.427795 690.157349 44731.80313 7.5392 23450.0 18.629 30469.0 15.514 "" "" 0.0027613901644960395 0.0029204444 0.0038196002 0.006740045 132.25436471035 -41.17802683761 685.530701 2.8400000000000007 -27.104999999999997 8.639911975860596 -31.047336082458497 0.27674165 0.27674165 6.658181818181816 7.416333 104.71919777199714 104.93065218102201 28.98016396354938 28.925591906425176
131.75827042171 -41.50612831822 0.0106 0.0126 27.6803 "" "" 5525001197493799424 775.207214 1.2551 0.0144 -2.458 5.109 0.014 0.017 0.935 5609.0 4.3305 14.069634 0.816159 14.391489 13.57533 -40.8 4.91 765.821411 785.244995 44370.39483 7.7756 23923.0 19.029 29446.0 14.492 "" "" 0.002761881818409023 0.0029207694 0.0038169697 0.006737739 131.75827042171 -41.50612831822 775.207214 -2.458 5.109 3.3419119758605955 1.166663917541504 0.27774164 0.28074163 -60.78181818181818 7.2563334 13.006566834944435 62.15786516861305 3.6167243779640255 7.135937849485693
131.48918698457 -40.99198610411 0.011 0.0126 21.6341 "" "" 5525635306467554560 729.281128 1.3318 0.0145 -8.168 4.264 0.014 0.016 0.966 5590.3 4.3402 14.071981 0.913518 14.448147 13.534629 55.29 3.71 721.704163 738.355164 44274.54674 7.5954 22707.0 17.305 30571.0 23.855 "" "" 0.002761608659147868 0.0029102755 0.0038731773 0.006783453 131.48918698457 -40.99198610411 729.281128 -8.167999999999996 4.264000000000006 -2.3680880241394036 0.32166391754150414 0.27774164 0.27974164 35.308181818181815 6.0563335 8.261161818836905 36.26174979096835 2.2947690202534075 5.920199746846185
130.9518135464 -41.33114140552 0.0111 0.0112 12.1913 "" "" 5525228933839320832 717.323486 1.3558 0.0138 1.203 -6.19 0.015 0.014 0.934 5735.5 4.3747 14.076135 0.864426 14.425016 13.560591 18.67 3.42 712.246765 722.885498 44105.53118 7.882 23196.0 16.761 29848.0 16.451 "" "" 0.0027621435223345566 0.0028983685 0.0038264638 0.0067248326 130.9518135464 -41.33114140552 717.323486 1.2030000000000005 -6.190000000000001 7.002911975860596 -10.132336082458497 0.27874163 0.27774164 -1.3118181818181824 5.7663336 41.87871570166657 41.89925650609045 11.645017396155124 11.64070858511666
130.83651030035 -41.15756075076 0.0098 0.0115 18.8432 "" "" 5525243639807331968 811.246765 1.1967 0.0131 -15.653 12.864 0.012 0.014 0.956 5781.1 4.2477 14.077968 0.900992 14.445131 13.544139 19.68 3.24 802.453613 820.212402 44031.09955 6.6122 22770.0 17.828 30304.0 16.518 "" "" 0.002760140118592978 0.002916796 0.0038254366 0.0067422325 130.83651030035 -41.15756075076 811.246765 -15.652999999999999 12.864 -9.853088024139405 8.921663917541505 0.27574164 0.27774164 -0.30181818181818443 5.5863333 51.11216948413761 51.113060596975444 14.139898063298904 14.139690024079625
131.42227956574 -40.76774494687 0.0103 0.0124 32.5909 "" "" 5525641491220434432 694.024841 1.4063 0.014 -12.599 -7.425 0.014 0.017 0.984 5740.7 4.3816 14.079267 0.852934 14.422787 13.569853 34.34 4.4 687.472168 699.940063 43978.48314 7.2382 23244.0 17.287 29595.0 14.577 "" "" 0.002761108769544037 0.0029046645 0.0038170295 0.006721694 131.42227956574 -40.76774494687 694.024841 -12.599000000000006 -7.425000000000001 -6.7990880241394045 -11.367336082458497 0.27774164 0.28074163 14.35818181818182 6.746333 43.5735082158906 45.878186574495864 12.19859037137824 11.776608902654578
131.75814304521 -41.34550614261 0.0099 0.012 24.6626 "" "" 5525050228840428800 769.29425 1.2643 0.0135 9.118 11.923 0.013 0.016 1.091 5526.1 4.3235 14.086794 0.846646 14.412115 13.565469 -4.48 4.54 760.94043 777.416016 43674.61167 7.5409 23473.0 32.981 29715.0 98.356 "" "" 0.0027616901076832068 0.0031799807 0.0052152523 0.008395233 131.75814304521 -41.34550614261 769.29425 9.118000000000002 11.923 14.917911975860596 7.980663917541504 0.27674165 0.27974164 -24.461818181818185 6.8863335 61.692485551558704 66.36522675535441 17.114235597011323 16.1104438855798
131.21599820525 -41.30585786155 0.0116 0.012 1.0592 "" "" 5525250443035480576 942.870422 1.0268 0.0144 -5.795 4.285 0.015 0.016 1.032 "" "" 14.102578 1.864631 15.00378 13.13915 "" "" 932.486511 954.503967 43044.28281 13.277 13611.0 18.624 44005.0 38.459 "" "" 0.002775597977600177 0.00316103 0.003896683 0.007057713 131.21599820525 -41.30585786155 942.870422 -5.795 4.284999999999998 0.004911975860595774 0.34266391754150405 0.27874163 0.27974164 "" "" 1.5315929016556478 "" 0.4284500034694718 ""
132.13344153078 -41.35007247612 0.0095 0.0122 41.4991 "" "" 5525375409405849856 834.782104 1.1613 0.0136 -5.833 4.121 0.013 0.015 1.003 5993.6 4.2735 14.104043 0.871848 14.455089 13.583241 15.82 6.74 826.810852 844.257324 42986.26148 9.1504 22562.0 17.273 29232.0 15.243 "" "" 0.0027649964133736817 0.002911352 0.003821552 0.0067329044 132.13344153078 -41.35007247612 834.782104 -5.832999999999998 4.121 -0.03308802413940448 0.17866391754150435 0.27674165 0.27874163 -4.161818181818184 9.086333 0.718970635167299 4.223464141287964 0.2003595283359118 8.953773522330644
131.99750962422 -40.93525457335 0.0107 0.012 41.1813 "" "" 5525440035773891712 934.241516 1.0381 0.0146 -5.203 0.768 0.015 0.014 1.015 7570.8 4.098 14.106263 1.195115 14.616962 13.421846 39.59 4.13 922.278687 944.229614 42898.44864 6.7919 19437.0 17.389 33917.0 20.042 "" "" 0.00276067722883609 0.0029544106 0.0038334508 0.0067878617 131.99750962422 -40.93525457335 934.241516 -5.202999999999999 0.7680000000000016 0.5969119758605954 -3.1743360824584963 0.27874163 0.27774164 19.60818181818182 6.4763336 14.303296593012156 24.27066310677459 3.973110401877368 5.732223104244244
130.59251367371 -41.61357757835 0.011 0.013 34.1734 "" "" 5525136815380768640 758.023743 1.2836 0.0149 -9.481 8.023 0.014 0.016 0.945 5636.1 4.3735 14.111264 0.836425 14.447062 13.610638 -0.0 5.89 749.508728 765.872925 42701.3121 8.2173 22730.0 16.862 28504.0 21.7 "" "" 0.0027632306173535895 0.0029040978 0.003868713 0.0067728106 130.59251367371 -41.61357757835 758.023743 -9.481 8.023 -3.681088024139404 4.080663917541504 0.27774164 0.27974164 -19.981818181818184 8.236333 19.746068289999638 28.092352531686785 5.506114238405234 7.021387062840093
131.11502349279 -41.56594954963 0.0104 0.0115 17.2752 "" "" 5525035213634916352 894.226746 1.0824 0.0129 -12.928 10.082 0.015 0.016 1.033 5819.8 4.1927 14.113001 1.002885 14.527436 13.524551 78.23 5.27 882.901062 903.813354 42633.04254 6.9848 21108.0 22.416 30856.0 18.391 "" "" 0.002761056210967639 0.003019022 0.003834384 0.0068534063 131.11502349279 -41.56594954963 894.226746 -12.928000000000008 10.082 -7.128088024139405 6.139663917541505 0.27874163 0.27974164 58.24818181818182 7.616333 39.875870300199665 70.5899122915046 11.132066402964805 8.89056833283027
131.17941858851 -40.57508559588 0.0147 0.0163 42.8197 "" "" 5525658877247838848 863.674438 1.1234 0.019 -6.909 -1.184 0.019 0.024 1.557 5402.5 4.1868 14.113195 1.013414 14.531536 13.518122 30.07 4.28 851.2948 875.613831 42625.40264 7.3659 21028.0 18.527 31039.0 16.488 "" "" 0.0027617007576132236 0.0029495994 0.0038231353 0.0067727347 131.17941858851 -40.57508559588 863.674438 -6.908999999999999 -1.1839999999999995 -1.109088024139404 -5.126336082458496 0.28274164 0.28774163 10.088181818181816 6.626333 21.47182456311989 23.72363088707318 6.173577167350829 6.257874310515078
131.90588424902 -40.97865450588 0.0105 0.012 36.2813 "" "" 5525439284159148032 714.981079 1.3613 0.0141 -0.474 -7.799 0.014 0.015 1.013 5511.3 4.3789 14.113277 0.871114 14.462447 13.591333 -12.84 2.81 708.785278 720.945496 42622.20704 7.6195 22410.0 17.083 29015.0 29.735 "" "" 0.002762148142792366 0.0029103353 0.003939769 0.006850105 131.90588424902 -40.97865450588 714.981079 -0.4740000000000002 -7.799 5.3259119758605955 -11.741336082458496 0.27774164 0.27874163 -32.82181818181819 5.156333 43.69383474987426 54.64817420472207 12.17184569156726 10.212842015477886
131.79008908644 -41.4919681377 0.0175 0.0205 28.5793 "" "" 5525001266213270400 910.511475 1.0627 0.0235 -5.192 4.684 0.024 0.026 1.709 "" "" 14.115221 1.320327 14.689556 13.369229 "" "" 894.304993 926.999573 42545.94807 8.38 18180.0 17.359 35601.0 16.313 "" "" 0.0027636065938954324 0.0029765426 0.003811986 0.0067885285 131.79008908644 -41.4919681377 910.511475 -5.191999999999999 4.683999999999999 0.6079119758605955 0.7416639175415041 0.28774163 0.28974164 "" "" 4.138743587621701 "" 1.1958468457465634 ""
131.5250714699 -40.91967983427 0.0098 0.0127 26.1517 "" "" 5525635924942827520 786.164307 1.2348 0.0136 -26.036 8.967 0.014 0.017 1.029 6233.0 4.3573 14.118754 0.747461 14.407209 13.659748 366.06 4.11 777.505798 796.883606 42407.71538 9.1315 23579.0 22.935 27243.0 15.505 "" "" 0.0027652207994302534 0.0029833466 0.003829565 0.0068129115 131.5250714699 -40.91967983427 786.164307 -26.03600000000001 8.967000000000002 -20.236088024139406 5.024663917541504 0.27774164 0.28074163 346.0781818181818 6.456333 77.69797750498316 354.6929427532262 21.593569116013224 7.877752651810028
131.23526235329 -41.95792822793 0.0112 0.0118 40.1924 "" "" 5525005973497898752 757.026428 1.2865 0.0142 -8.518 5.81 0.016 0.016 0.933 5839.1 4.3944 14.118835 0.835724 14.454293 13.618569 26.3 4.36 749.895813 764.403809 42404.56198 18.135 22579.0 29.843 28296.0 34.515 "" "" 0.0027941714813912296 0.0031375738 0.004004705 0.0071422793 131.23526235329 -41.95792822793 757.026428 -8.518 5.81 -2.718088024139405 1.8676639175415035 0.27974164 0.27974164 6.318181818181817 6.706333 11.83388642005548 13.414927852596778 3.3104308522246186 4.301684555045752
130.22814619834 -41.08552048256 0.0105 0.0126 46.2423 "" "" 5525302566758472064 737.256531 1.318 0.015 15.184 2.543 0.013 0.016 0.993 5509.5 4.3025 14.119414 0.880436 14.472323 13.591887 49.12 6.4 729.122437 746.713867 42381.96098 6.9901 22207.0 16.721 29000.0 14.522 "" "" 0.0027611331061969135 0.00290747 0.0038182884 0.0067257583 130.22814619834 -41.08552048256 737.256531 15.184000000000001 2.5429999999999935 20.983911975860593 -1.399336082458496 0.27674165 0.27974164 29.138181818181813 8.746333 73.49316449901413 79.0587051990391 20.339601282463107 19.180568820303527
131.05930415517 -41.82488192688 0.0121 0.0132 32.9621 "" "" 5525022569251239552 855.27356 1.1346 0.0159 -0.711 1.528 0.016 0.016 1.158 5441.2 4.2407 14.122449 1.00274 14.538639 13.535899 0.8 3.19 842.883362 867.02832 42263.6855 7.6136 20891.0 15.578 30535.0 22.544 "" "" 0.002762253592358064 0.0029052573 0.0038634555 0.006768713 131.05930415517 -41.82488192688 855.27356 -0.7110000000000002 1.5280000000000002 5.088911975860595 -2.414336082458496 0.27974164 0.27974164 -19.181818181818183 5.536333 22.834491666929722 29.822075019143348 6.387758258433218 6.050057940104309
131.08567691799 -41.27016313485 0.0255 0.0287 5.9844 "" "" 5525249858919949952 893.44281 1.0818 0.0342 -5.397 4.424 0.033 0.035 2.534 "" "" 14.129886 1.447405 14.773722 13.326317 "" "" 872.154602 916.251221 41975.17244 22.213 16824.0 34.358 37037.0 49.436 "" "" 0.0028145895101404604 0.003563907 0.004047708 0.007611615 131.08567691799 -41.27016313485 893.44281 -5.3969999999999985 4.424000000000001 0.40291197586059546 0.4816639175415043 0.29674163 0.29874164 "" "" 2.6593746161647536 "" 0.7922806691239866 ""
131.22330890668 -41.41429654118 0.0117 0.0119 7.5722 "" "" 5525059643408842624 813.234619 1.1956 0.0136 -3.86 3.615 0.015 0.015 1.019 5674.6 4.1973 14.132411 1.017051 14.558447 13.541396 26.38 4.78 806.048401 822.09845 41877.63809 14.65 20513.0 33.036 30381.0 32.663 "" "" 0.0027813762611623312 0.003292801 0.0039555393 0.00724834 131.22330890668 -41.41429654118 813.234619 -3.859999999999999 3.615 1.9399119758605958 -0.3273360824584959 0.27874163 0.27874163 6.398181818181815 7.126333 7.583549739233265 9.922044004434635 2.113850999814102 4.871122679926971
131.80125840116 -41.72621233968 0.0108 0.0128 37.1711 "" "" 5524994291186640512 767.411804 1.2656 0.0141 0.836 16.428 0.015 0.015 0.984 6042.1 4.4267 14.134227 0.783764 14.44248 13.658716 42.08 4.7 757.571167 775.316895 41807.6641 7.0411 22826.0 17.312 27269.0 16.917 "" "" 0.0027613811171186106 0.0029091462 0.003838934 0.0067480803 131.80125840116 -41.72621233968 767.411804 0.835999999999995 16.427999999999997 6.635911975860596 12.485663917541505 0.27874163 0.27874163 22.098181818181814 7.0463333 51.433097956389155 55.97939982762359 14.336545453929096 13.4627097437054
