Clusters/Kronberger_1/Kronberger_1_stars_in_region.tsv
# %ECSV 1.0
# ---
# datatype:
# - name: RA_ICRS_1
#   unit: deg
#   datatype: float64
#   format: '{:15.11f}'
#   description: Right ascension (ICRS) at Ep=2016.0 (ra)
#   meta: !!omap
#   - {ucd: POS_EQ_RA_MAIN}
#   - {width: 15}
#   - {precision: '11'}
# - name: DE_ICRS_1
#   unit: deg
#   datatype: float64
#   format: '{:15.11f}'
#   description: Declination (ICRS) at Ep=2016.0 (dec)
#   meta: !!omap
#   - {ucd: POS_EQ_DEC_MAIN}
#   - {width: 15}
#   - {precision: '11'}
# - name: e_RA_ICRS
#   unit: mas
#   datatype: float64
#   format: '{:7.4f}'
#   description: Standard error of right ascension (ra_error)
#   meta: !!omap
#   - {ucd: ERROR}
#   - {width: 7}
#   - {precision: '4'}
# - name: e_DE_ICRS
#   unit: mas
#   datatype: float64
#   format: '{:7.4f}'
#   description: Standard error of declination (dec_error)
#   meta: !!omap
#   - {ucd: ERROR}
#   - {width: 7}
#   - {precision: '4'}
# - name: _r_1
#   unit: ''
#   datatype: float64
#   format: '{:7.4f}'
#   description: Distance from center (082.08690863000+34.77499487000)[ICRS], at Epoch=J2016.0
#   meta: !!omap
#   - {ucd: POS_ANG_DIST_GENERAL}
#   - {width: 7}
#   - {precision: '4'}
# - name: HIP
#   datatype: int32
#   description: '? HIP cross-id number, van Leeuwen, Cat. I/311 (hip_original_ext_source_id)'
#   meta: !!omap
#   - {ucd: ID_NUMBER}
#   - {width: 6}
#   - values: {'null': -2147483648}
# - name: TYC2
#   datatype: string
#   description: Tycho-2 cross-id name, Hog et al., Cat. I/259 (tyc2_original_ext_source_id)
#   meta: !!omap
#   - {ucd: ID_CROSSID}
#   - {_votable_string_dtype: char}
# - name: Source
#   datatype: int64
#   description: Source identifier, identical to the Gaia-EDR3 source_id (id)
#   meta: !!omap
#   - {ucd: ID_MAIN}
#   - {width: 19}
# - name: rgeo
#   unit: pc
#   datatype: float64
#   format: '{:15.8f}'
#   description: '? Median of the geometric distance posterior (r_med_geo)'
#   meta: !!omap
#   - {ucd: PHYS_DISTANCE_TRUE}
#   - {width: 15}
#   - {precision: '8'}
#   - values: {'null': .nan}
# - name: Plx
#   unit: mas
#   datatype: float64
#   format: '{:9.4f}'
#   description: '? Parallax (parallax)'
#   meta: !!omap
#   - {ucd: POS_PARLX_TRIG}
#   - {width: 9}
#   - {precision: '4'}
#   - values: {'null': .nan}
# - name: e_Plx
#   unit: mas
#   datatype: float32
#   format: '{:7.4f}'
#   description: '? Standard error of parallax (parallax_error)'
#   meta: !!omap
#   - {ucd: ERROR}
#   - {width: 7}
#   - {precision: '4'}
#   - values: {'null': .nan}
# - name: pmRA
#   unit: mas / yr
#   datatype: float64
#   format: '{:9.3f}'
#   description: '? Proper motion in right ascension direction, pmRA*cosDE (pmra)'
#   meta: !!omap
#   - {ucd: POS_EQ_PMRA}
#   - {width: 9}
#   - {precision: '3'}
#   - values: {'null': .nan}
# - name: pmDE
#   unit: mas / yr
#   datatype: float64
#   format: '{:9.3f}'
#   description: '? Proper motion in declination direction (pmdec)'
#   meta: !!omap
#   - {ucd: POS_EQ_PMDEC}
#   - {width: 9}
#   - {precision: '3'}
#   - values: {'null': .nan}
# - name: e_pmRA
#   unit: mas / yr
#   datatype: float32
#   format: '{:6.3f}'
#   description: '? Standard error of proper motion in right ascension direction (pmra_error)'
#   meta: !!omap
#   - {ucd: ERROR}
#   - {width: 6}
#   - {precision: '3'}
#   - values: {'null': .nan}
# - name: e_pmDE
[...]
#         value: !astropy.table.SerializedColumn {name: SkyCoord.dec}
#       distance: !astropy.table.SerializedColumn
#         __class__: astropy.coordinates.distances.Distance
#         unit: !astropy.units.Unit {unit: pc}
#         value: !astropy.table.SerializedColumn {name: SkyCoord.distance}
#       frame: icrs
#       obstime: !astropy.time.Time {format: jyear_str, in_subfmt: '*', jd1: 367701545.0, jd2: 0.0, out_subfmt: '*', precision: 3, scale: tt}
#       pm_dec: !astropy.table.SerializedColumn
#         __class__: astropy.units.quantity.Quantity
#         unit: !astropy.units.Unit {unit: mas / yr}
#         value: !astropy.table.SerializedColumn {name: SkyCoord.pm_dec}
#       pm_ra_cosdec: !astropy.table.SerializedColumn
#         __class__: astropy.units.quantity.Quantity
#         unit: !astropy.units.Unit {unit: mas / yr}
#         value: !astropy.table.SerializedColumn {name: SkyCoord.pm_ra_cosdec}
#       ra: !astropy.table.SerializedColumn
#         __class__: astropy.coordinates.angles.Longitude
#         unit: *id001
#         value: !astropy.table.SerializedColumn {name: SkyCoord.ra}
#         wrap_angle: !astropy.coordinates.Angle
#           unit: *id001
#           value: 360.0
#       representation_type: spherical
# schema: astropy-2.0
RA_ICRS_1 DE_ICRS_1 e_RA_ICRS e_DE_ICRS _r_1 HIP TYC2 Source rgeo Plx e_Plx pmRA pmDE e_pmRA e_pmDE RUWE Teff logg Gmag BP-RP BPmag RPmag RV e_RV b_rgeo B_rgeo FG e_FG FBP e_FBP FRP e_FRP RAVE5 RAVE6 e_Gmag e_BPmag e_RPmag e_BP-RP SkyCoord.ra SkyCoord.dec SkyCoord.distance SkyCoord.pm_ra_cosdec SkyCoord.pm_dec rmRA rmDE e_rmRA e_rmDE rRV e_rRV v_pec v_pec3d e_vpec e_vpec3d
[from data line 158]
81.94266819243 34.55462808829 0.02 0.0154 15.0163 "" "" 182641770575384064 1879.94885 0.4909 0.0244 0.023 -2.155 0.025 0.018 1.041 "" "" 14.490483 0.677728 14.746262 14.068534 "" "" 1814.28491 1963.05396 30112.96091 11.977 17255.0 23.032 18696.0 20.648 "" "" 0.002788955321775903 0.003144098 0.0039650416 0.0071091396 81.94266819243 34.55462808829 1879.94885 0.022999999999999993 -2.155 0.12499999809265136 0.14580008506774922 0.14189596 0.13489597 "" "" 1.711336911898597 "" 0.23600163620053496 ""
82.45881854148 34.83853991038 0.0219 0.0174 18.7146 "" "" 183047146769143936 1792.97839 0.5165 0.0231 2.031 -2.509 0.03 0.021 1.066 9236.4 4.3266 14.498364 0.645336 14.74223 14.096894 "" "" 1729.69336 1872.33362 29895.17271 12.533 17319.0 21.508 18214.0 30.229 "" "" 0.0027926642427555104 0.0030988846 0.004186974 0.0072858585 82.45881854148 34.83853991038 1792.97839 2.031000000000001 -2.509 2.1329999980926515 -0.20819991493225087 0.14689596 0.13789597 "" "" 18.213916065235345 "" 2.674050599451285 ""
82.1457787051 34.46680712467 0.0202 0.016 18.7183 "" "" 182648505084321536 2083.56812 0.445 0.0225 2.316 -2.298 0.026 0.02 0.923 7971.5 4.2734 14.498487 0.690416 14.764431 14.074015 "" "" 1990.44885 2172.30786 29891.78914 9.8269 16969.0 30.97 18602.0 21.511 "" "" 0.0027783433673791635 0.003422231 0.0039824704 0.0074047013 82.1457787051 34.46680712467 2083.56812 2.315999999999997 -2.298 2.417999998092651 0.002800085067748981 0.14289597 0.13689597 "" "" 23.880456958151346 "" 3.4124207957945676 ""
82.32435569823 34.58249785152 0.0223 0.0172 16.4518 "" "" 182656510903282048 2038.09985 0.4496 0.0253 0.426 -3.387 0.028 0.022 0.968 9247.6 4.1457 14.509906 0.750604 14.799713 14.049109 "" "" 1949.24805 2147.77515 29579.05569 8.5746 16426.0 32.118 19033.0 14.827 "" "" 0.0027732384596019307 0.0035059934 0.0038728688 0.0073788622 82.32435569823 34.58249785152 2038.09985 0.42599999999999993 -3.3869999999999987 0.5279999980926513 -1.086199914932251 0.14489597 0.13889596 "" "" 11.66739833276787 "" 1.6341662240283124 ""
81.77528133128 34.77524510639 0.0229 0.018 15.3582 "" "" 182858992840753152 1857.77063 0.4961 0.0258 1.083 -3.156 0.029 0.022 1.166 "" "" 14.519555 0.783538 14.820628 14.03709 "" "" 1776.96973 1928.22095 29317.35584 9.0088 16113.0 18.993 19245.0 18.029 "" "" 0.0027754457415355505 0.0030696795 0.0039138584 0.006983538 81.77528133128 34.77524510639 1857.77063 1.083 -3.156 1.1849999980926513 -0.8551999149322511 0.14589596 0.13889596 "" "" 12.868548564300744 "" 1.8471146517584163 ""
81.97601724161 34.61140936914 0.0204 0.0158 11.2367 "" "" 182665611935117696 1984.65051 0.457 0.0245 -0.091 -2.451 0.026 0.019 0.985 8492.9 3.5837 14.524964 1.088655 14.970119 13.881465 "" "" 1897.45837 2088.18213 29171.64975 16.479 14040.0 23.116 22211.0 41.371 "" "" 0.0028227580483135574 0.003313692 0.0042864378 0.0076001296 81.97601724161 34.61140936914 1984.65051 -0.091 -2.4509999999999996 0.01099999809265137 -0.15019991493225104 0.14289597 0.13589597 "" "" 1.4167512972077012 "" 0.19258505034335904 ""
81.93970992739 34.67091848806 0.0197 0.0162 9.5755 "" "" 182854010678676224 2114.30322 0.4314 0.0253 -0.02 -2.375 0.024 0.019 1.014 9510.9 3.8594 14.527259 0.673731 14.782287 14.108556 "" "" 2008.18372 2243.60913 29110.07335 11.186 16692.0 24.77 18019.0 22.624 "" "" 0.0027867282728061393 0.003221944 0.0040177195 0.0072396635 81.93970992739 34.67091848806 2114.30322 -0.01999999999999999 -2.375 0.08199999809265136 -0.07419991493225098 0.14089596 0.13589597 "" "" 1.1082869505521522 "" 0.15368320396163396 ""
82.11765685229 35.06139152241 0.0229 0.017 17.2503 "" "" 182869506920416512 2066.40527 0.442 0.0254 0.123 -1.7 0.033 0.022 0.974 7016.2 3.8532 14.527681 1.23932 15.060088 13.820768 "" "" 1986.12659 2177.4436 29098.7375 7.6636 12924.0 17.332 23488.0 22.725 "" "" 0.0027701180695824577 0.0031472412 0.003922653 0.007069894 82.11765685229 35.06139152241 2066.40527 0.123 -1.7000000000000015 0.22499999809265137 0.6008000850677491 0.14989597 0.13889596 "" "" 6.283823859657782 "" 0.8815921069714827 ""
81.95679565756 34.99777305602 0.0211 0.0165 14.8215 "" "" 182867990793603584 1811.25281 0.5133 0.0244 0.05 -1.767 0.027 0.02 1.048 7492.2 3.8269 14.544049 1.191879 15.051604 13.859725 "" "" 1743.1991 1916.60181 28663.35467 9.3748 13025.0 33.675 22660.0 23.683 "" "" 0.0027781091449175202 0.0039578686 0.00394606 0.007903928 81.95679565756 34.99777305602 1811.25281 0.04999999999999982 -1.7669999999999975 0.15199999809265136 0.5338000850677491 0.14389597 0.13689597 "" "" 4.765029290827092 "" 0.6548739344787257 ""
81.93444602026 34.55348456844 0.0199 0.0154 15.2726 "" "" 182641770575384448 2074.58569 0.4369 0.0238 -0.143 -2.207 0.025 0.018 0.999 "" "" 14.547175 0.921841 14.913334 13.991493 "" "" 1986.87854 2173.74365 28580.94447 12.208 14794.0 28.478 20071.0 31.537 "" "" 0.002794076183474207 0.003486142 0.004146579 0.007632721 81.93444602026 34.55348456844 2074.58569 -0.14300000000000015 -2.206999999999997 -0.04100000190734862 0.09380008506774917 0.14189596 0.13489597 "" "" 1.0066513753558668 "" 0.13694795901275164 ""
81.96299007803 34.94170005392 0.0229 0.0184 11.7162 "" "" 182867582775175424 2177.59668 0.4179 0.0254 0.044 -2.193 0.029 0.022 1.064 "" "" 14.55135 0.879757 14.896791 14.017035 "" "" 2061.13086 2314.8335 28471.28149 9.0374 15021.0 24.792 19604.0 26.33 "" "" 0.002776790136208478 0.0033160665 0.004050951 0.0073670177 81.96299007803 34.94170005392 2177.59668 0.04399999999999968 -2.193 0.14599999809265135 0.10780008506774896 0.14589596 0.13889596 "" "" 1.8732548672614993 "" 0.26874688684098264 ""
82.25779159958 34.53126647465 0.0214 0.0165 16.8816 "" "" 182650429229623424 1617.91919 0.5803 0.0246 1.304 -3.702 0.028 0.02 1.006 6349.4 3.705 14.55488 1.102855 15.016383 13.913528 28.19 7.54 1556.15979 1676.20581 28378.8552 7.838 13454.0 21.364 21565.0 14.585 "" "" 0.0027715901784246826 0.0032798585 0.0038500575 0.007129916 82.25779159958 34.53126647465 1617.91919 1.304 -3.702 1.4059999980926514 -1.401199914932251 0.14489597 0.13689597 "" "" 15.222786157562215 "" 2.1459015356361335 ""
82.18542997224 35.03383915931 0.0225 0.0177 16.2697 "" "" 182866345824478208 2141.53491 0.4254 0.026 0.34 -1.835 0.031 0.022 0.963 "" "" 14.557876 1.168716 15.055582 13.886866 "" "" 2015.77563 2257.36108 28300.6627 10.399 12977.0 24.579 22101.0 45.463 "" "" 0.0027840529979815012 0.0034661156 0.0043899766 0.007856092 82.18542997224 35.03383915931 2141.53491 0.3400000000000005 -1.835 0.4419999980926514 0.46580008506774906 0.14789596 0.13889596 "" "" 6.518203646240659 "" 0.933606739995296 ""
82.09444420545 34.75844512194 0.0331 0.0269 1.0602 "" "" 182668433732330880 1899.44983 0.491 0.0391 0.685 -2.593 0.04 0.03 1.444 "" "" 14.559513 0.735571 14.838737 14.103166 "" "" 1755.30994 2052.40771 28257.99616 8.9948 15846.0 33.664 18109.0 15.168 "" "" 0.002776909998497715 0.0036201389 0.0038872545 0.007507393 82.09444420545 34.75844512194 1899.44983 0.685 -2.593 0.7869999980926514 -0.29219991493225095 0.15689597 0.14689596 "" "" 7.558291642038076 "" 1.176966979115119 ""
81.86535983898 34.60357187226 0.0201 0.0156 15.0085 "" "" 182829958861896064 1877.88342 0.4974 0.0238 1.431 -0.641 0.025 0.018 0.924 9052.1 4.062 14.569222 0.951635 14.955016 14.003381 "" "" 1792.24902 1944.30859 28006.42103 7.35 14237.0 19.561 19852.0 20.706 "" "" 0.002770014518751296 0.0031639177 0.0039453963 0.007109314 81.86535983898 34.60357187226 1877.88342 1.431 -0.6410000000000002 1.5329999980926514 1.659800085067749 0.14189596 0.13489597 "" "" 20.111567424216425 "" 2.778663676081367 ""
81.83409202948 34.86485982867 0.0215 0.0161 13.5702 "" "" 182861226223667200 1853.94812 0.4974 0.0241 0.063 -2.402 0.027 0.02 1.003 "" "" 14.57126 0.721019 14.847564 14.126545 "" "" 1777.70593 1942.39355 27953.93608 8.7343 15718.0 25.006 17723.0 16.68 "" "" 0.002776125795371421 0.0032815638 0.0039150845 0.007196648 81.83409202948 34.86485982867 1853.94812 0.06300000000000017 -2.402 0.16499999809265137 -0.10119991493225111 0.14389597 0.13689597 "" "" 1.7009714712627282 "" 0.24156651516558927 ""
82.17384186598 34.91510103215 0.0234 0.0176 9.4336 "" "" 182864593477876480 1982.97144 0.4645 0.0259 0.261 -1.911 0.03 0.021 0.947 10462.1 3.8307 14.577282 0.810144 14.891706 14.081562 "" "" 1884.16968 2089.37671 27799.29995 8.1646 15092.0 19.269 18473.0 33.633 "" "" 0.0027737110468773565 0.0031155567 0.0042651235 0.00738068 82.17384186598 34.91510103215 1982.97144 0.2609999999999999 -1.911 0.3629999980926514 0.389800085067749 0.14689596 0.13789597 "" "" 5.006503213684745 "" 0.7116586781589146 ""
82.09086377134 34.78359088131 0.0239 0.0184 0.5514 "" "" 182861982137853056 2066.3125 0.4396 0.0285 -0.057 -2.278 0.029 0.023 1.02 8599.9 3.6457 14.592072 0.745455 14.878294 14.132839 "" "" 1968.05615 2181.44556 27423.20573 9.4063 15279.0 33.061 17621.0 15.928 "" "" 0.002780374235975656 0.0036475242 0.0039047296 0.007552254 82.09086377134 34.78359088131 2066.3125 -0.056999999999999995 -2.278 0.044999998092651365 0.022800085067749 0.14589596 0.13989596 "" "" 0.4940886779892053 "" 0.07148995799599742 ""
82.2096844076 34.72513680228 0.0231 0.0173 6.7516 "" "" 182673037937418240 1935.75696 0.4762 0.0248 0.025 -2.389 0.028 0.021 1.046 7113.8 3.7602 14.600505 0.983301 14.99963 14.016329 "" "" 1846.96436 2031.01904 27211.02971 7.4903 13664.0 16.908 19617.0 15.903 "" "" 0.0027714817584384016 0.0030967803 0.0038805208 0.006977301 82.2096844076 34.72513680228 1935.75696 0.024999999999999856 -2.3889999999999993 0.12699999809265136 -0.08819991493225077 0.14489597 0.13789597 "" "" 1.418740066646503 "" 0.20239181743241774 ""
81.98603603585 35.01733283493 0.023 0.0191 15.3643 "" "" 182868510488069504 1971.44128 0.467 0.0256 -0.032 -1.764 0.03 0.023 0.991 10167.3 3.8588 14.645396 0.779687 14.948863 14.169176 "" "" 1895.98315 2067.05298 26108.86959 9.445 14318.0 21.074 17041.0 18.878 "" "" 0.002783174014173021 0.0032153996 0.003966157 0.0071815564 81.98603603585 35.01733283493 1971.44128 -0.032 -1.764 0.06999999809265137 0.536800085067749 0.14689596 0.13989596 "" "" 5.058668956983949 "" 0.708293989025267 ""
81.98849487507 34.75598656799 0.0221 0.0174 4.983 "" "" 182855866104477184 1862.97217 0.4986 0.0268 0.102 -3.568 0.028 0.02 0.982 15003.9 4.3968 14.66031 1.155815 15.146997 13.991182 -14.89 12.43 1782.97961 1976.52454 25752.69502 7.7373 11929.0 24.377 20076.0 24.981 "" "" 0.0027745629058085505 0.0035647892 0.0040135947 0.007578384 81.98849487507 34.75598656799 1862.97217 0.10200000000000048 -3.568 0.20399999809265135 -1.267199914932251 0.14489597 0.13689597 "" "" 11.334066902712822 "" 1.5539437359466495 ""
82.23140658807 34.72121100085 0.0291 0.021 7.8206 "" "" 182670460957926528 1602.90808 0.5968 0.0297 0.389 -1.593 0.037 0.026 1.135 7490.2 4.0332 14.661343 0.837543 14.986444 14.148901 "" "" 1529.66663 1693.32507 25728.21338 11.293 13831.0 30.7 17362.0 35.225 "" "" 0.002796230599890582 0.00368686 0.004374479 0.008061339 82.23140658807 34.72121100085 1602.90808 0.38899999999999957 -1.593 0.4909999980926514 0.707800085067749 0.15389597 0.14289597 "" "" 6.544960712046191 "" 0.9592308588076656 ""
82.0043784934 34.88261386287 0.0251 0.0204 7.63 "" "" 182866375885456256 2222.00684 0.4109 0.0294 5.93 -19.677 0.031 0.026 1.063 5309.7 3.4398 14.678699 1.714253 15.49939 13.785136 22.88 5.7 2093.93042 2384.6123 25320.21127 7.3481 8623.0 37.54 24272.0 13.175 "" "" 0.0027732778316625854 0.0054888036 0.0038250561 0.00931386 82.0043784934 34.88261386287 2222.00684 5.930000000000001 -19.676999999999992 6.031999998092651 -17.37619991493225 0.14789596 0.14289597 "" "" 193.725087947473 "" 27.788326786567673 ""
82.03715869556 35.01536878799 0.0252 0.0201 14.6288 "" "" 182869747438633856 2086.89795 0.4353 0.0288 0.09 -1.78 0.034 0.024 0.988 8223.6 3.5855 14.684686 1.276423 15.236688 13.960264 "" "" 1957.26172 2207.8457 25180.97192 27.594 10984.0 44.823 20656.0 65.928 "" "" 0.0030012271684094864 0.005235978 0.005127614 0.010363592 82.03715869556 35.01536878799 2086.89795 0.09 -1.7800000000000007 0.19199999809265136 0.520800085067749 0.15089597 0.14089596 "" "" 5.490641611291011 "" 0.7803823189933335 ""
82.03625521896 34.67503830058 0.0222 0.0175 6.4968 "" "" 182667673519526400 1948.00122 0.4843 0.027 0.034 -2.399 0.027 0.021 1.024 "" "" 14.685679 0.719863 14.95192 14.232058 "" "" 1850.20544 2066.3186 25157.93345 10.306 14277.0 21.072 16082.0 32.819 "" "" 0.002790987883899011 0.0032176073 0.004380984 0.0075985915 82.03625521896 34.67503830058 1948.00122 0.03400000000000003 -2.399 0.13599999809265137 -0.098199914932251 0.14389597 0.13789597 "" "" 1.5489008392139805 "" 0.21974003961448915 ""
81.93928758247 34.89407750489 0.0241 0.0202 10.1934 "" "" 182861569820996352 2251.9231 0.4018 0.0295 2.25 -3.147 0.029 0.023 1.048 5286.5 3.1163 14.692767 1.811569 15.57712 13.765551 -32.99 2.96 2114.73828 2446.26343 24994.24707 7.6943 8027.3 17.235 24714.0 32.671 "" "" 0.0027755185435884714 0.0036358226 0.0040427493 0.007678572 81.93928758247 34.89407750489 2251.9231 2.25 -3.147 2.3519999980926514 -0.8461999149322508 0.14589596 0.13989596 "" "" 26.68092968302643 "" 3.874628603952906 ""
81.90006058508 34.60737969211 0.0224 0.0177 13.6423 "" "" 182853254764492416 1977.12622 0.468 0.0263 -0.068 -2.152 0.027 0.021 1.044 7985.9 4.0576 14.695033 0.71555 14.971395 14.255845 "" "" 1892.5752 2090.74438 24942.11971 9.9088 14024.0 20.097 15733.0 16.723 "" "" 0.002788877370563381 0.0031946667 0.0039516543 0.0071463212 81.90006058508 34.60737969211 1977.12622 -0.06800000000000014 -2.1519999999999975 0.03399999809265136 0.1488000850677489 0.14389597 0.13789597 "" "" 1.4304315253969768 "" 0.19768539123070444 ""
82.08908046479 34.78825052298 0.0333 0.0244 0.8025 "" "" 182861982138374144 2173.53638 0.4293 0.0402 -0.076 -2.034 0.039 0.03 1.285 9228.0 3.473 14.703879 0.724052 14.981504 14.257451 "" "" 2000.9668 2431.56104 24739.72809 8.9406 13894.0 26.831 15710.0 13.452 "" "" 0.00278311764349538 0.0034901504 0.003892048 0.0073821982 82.08908046479 34.78825052298 2173.53638 -0.07599999999999996 -2.034 0.02599999809265137 0.2668000850677492 0.15589596 0.14689596 "" "" 2.761745660040995 "" 0.4059301992592182 ""
82.02361626429 34.76023675581 0.0255 0.0204 3.2428 "" "" 182856205406126336 1860.72815 0.4915 0.0328 0.021 -2.085 0.031 0.024 0.992 9329.9 3.9163 14.705926 0.70006 14.974569 14.274509 "" "" 1747.38708 1963.95398 24693.13705 10.824 13983.0 19.619 15465.0 23.706 "" "" 0.0027961207419299654 0.0031789395 0.004129605 0.0073085446 82.02361626429 34.76023675581 1860.72815 0.02099999999999999 -2.084999999999998 0.12299999809265137 0.21580008506774906 0.14789596 0.14089596 "" "" 2.190782144832472 "" 0.3125023878231008 ""
81.9296536743 34.64954321032 0.0221 0.0171 10.808 "" "" 182853426563143552 1948.24036 0.4737 0.0264 1.674 -0.891 0.027 0.02 1.016 7172.1 4.1372 14.714919 1.108941 15.181318 14.072377 "" "" 1844.51697 2070.43335 24489.44801 6.3739 11558.0 19.08 18630.0 17.777 "" "" 0.0027697733142500883 0.0033162516 0.0039188103 0.007235062 81.9296536743 34.64954321032 1948.24036 1.673999999999999 -0.8910000000000011 1.7759999980926513 1.409800085067749 0.14389597 0.13689597 "" "" 20.939907685989006 "" 2.9573693552515095 ""
81.89972671726 34.66178169271 0.0233 0.0182 11.4612 "" "" 182853667081318912 1902.62769 0.4834 0.0281 0.009 -2.388 0.028 0.021 1.17 "" "" 14.729549 0.811621 14.942074 14.130453 "" "" 1790.10193 2020.32629 24161.67952 11.556 14407.0 161.91 17659.0 219.74 "" "" 0.0028038268425690425 0.012516762 0.014029037 0.0265458 81.89972671726 34.66178169271 1902.62769 0.00900000000000023 -2.388 0.11099999809265136 -0.08719991493225088 0.14489597 0.13789597 "" "" 1.2730029488301298 "" 0.18110406653274902 ""
