Clusters/Kronberger_1/Kronberger_1_stars_in_region.tsv
# %ECSV 1.0
# ---
# datatype:
# - name: RA_ICRS_1
#   unit: deg
#   datatype: float64
#   format: '{:15.11f}'
#   description: Right ascension (ICRS) at Ep=2016.0 (ra)
#   meta: !!omap
#   - {ucd: POS_EQ_RA_MAIN}
#   - {width: 15}
#   - {precision: '11'}
# - name: DE_ICRS_1
#   unit: deg
#   datatype: float64
#   format: '{:15.11f}'
#   description: Declination (ICRS) at Ep=2016.0 (dec)
#   meta: !!omap
#   - {ucd: POS_EQ_DEC_MAIN}
#   - {width: 15}
#   - {precision: '11'}
# - name: e_RA_ICRS
#   unit: mas
#   datatype: float64
#   format: '{:7.4f}'
#   description: Standard error of right ascension (ra_error)
#   meta: !!omap
#   - {ucd: ERROR}
#   - {width: 7}
#   - {precision: '4'}
# - name: e_DE_ICRS
#   unit: mas
#   datatype: float64
#   format: '{:7.4f}'
#   description: Standard error of declination (dec_error)
#   meta: !!omap
#   - {ucd: ERROR}
#   - {width: 7}
#   - {precision: '4'}
# - name: _r_1
#   unit: ''
#   datatype: float64
#   format: '{:7.4f}'
#   description: Distance from center (082.08690863000+34.77499487000)[ICRS], at Epoch=J2016.0
#   meta: !!omap
#   - {ucd: POS_ANG_DIST_GENERAL}
#   - {width: 7}
#   - {precision: '4'}
# - name: HIP
#   datatype: int32
#   description: '? HIP cross-id number, van Leeuwen, Cat. I/311 (hip_original_ext_source_id)'
#   meta: !!omap
#   - {ucd: ID_NUMBER}
#   - {width: 6}
#   - values: {'null': -2147483648}
# - name: TYC2
#   datatype: string
#   description: Tycho-2 cross-id name, Hog et al., Cat. I/259 (tyc2_original_ext_source_id)
#   meta: !!omap
#   - {ucd: ID_CROSSID}
#   - {_votable_string_dtype: char}
# - name: Source
#   datatype: int64
#   description: Source identifier, identical to the Gaia-EDR3 source_id (id)
#   meta: !!omap
#   - {ucd: ID_MAIN}
#   - {width: 19}
# - name: rgeo
#   unit: pc
#   datatype: float64
#   format: '{:15.8f}'
#   description: '? Median of the geometric distance posterior (r_med_geo)'
#   meta: !!omap
#   - {ucd: PHYS_DISTANCE_TRUE}
#   - {width: 15}
#   - {precision: '8'}
#   - values: {'null': .nan}
# - name: Plx
#   unit: mas
#   datatype: float64
#   format: '{:9.4f}'
#   description: '? Parallax (parallax)'
#   meta: !!omap
#   - {ucd: POS_PARLX_TRIG}
#   - {width: 9}
#   - {precision: '4'}
#   - values: {'null': .nan}
# - name: e_Plx
#   unit: mas
#   datatype: float32
#   format: '{:7.4f}'
#   description: '? Standard error of parallax (parallax_error)'
#   meta: !!omap
#   - {ucd: ERROR}
#   - {width: 7}
#   - {precision: '4'}
#   - values: {'null': .nan}
# - name: pmRA
#   unit: mas / yr
#   datatype: float64
#   format: '{:9.3f}'
#   description: '? Proper motion in right ascension direction, pmRA*cosDE (pmra)'
#   meta: !!omap
#   - {ucd: POS_EQ_PMRA}
#   - {width: 9}
#   - {precision: '3'}
#   - values: {'null': .nan}
# - name: pmDE
#   unit: mas / yr
#   datatype: float64
#   format: '{:9.3f}'
#   description: '? Proper motion in declination direction (pmdec)'
#   meta: !!omap
#   - {ucd: POS_EQ_PMDEC}
#   - {width: 9}
#   - {precision: '3'}
#   - values: {'null': .nan}
# - name: e_pmRA
#   unit: mas / yr
#   datatype: float32
#   format: '{:6.3f}'
#   description: '? Standard error of proper motion in right ascension direction (pmra_error)'
#   meta: !!omap
#   - {ucd: ERROR}
#   - {width: 6}
#   - {precision: '3'}
#   - values: {'null': .nan}
# - name: e_pmDE
[...]
#         value: !astropy.table.SerializedColumn {name: SkyCoord.dec}
#       distance: !astropy.table.SerializedColumn
#         __class__: astropy.coordinates.distances.Distance
#         unit: !astropy.units.Unit {unit: pc}
#         value: !astropy.table.SerializedColumn {name: SkyCoord.distance}
#       frame: icrs
#       obstime: !astropy.time.Time {format: jyear_str, in_subfmt: '*', jd1: 367701545.0, jd2: 0.0, out_subfmt: '*', precision: 3, scale: tt}
#       pm_dec: !astropy.table.SerializedColumn
#         __class__: astropy.units.quantity.Quantity
#         unit: !astropy.units.Unit {unit: mas / yr}
#         value: !astropy.table.SerializedColumn {name: SkyCoord.pm_dec}
#       pm_ra_cosdec: !astropy.table.SerializedColumn
#         __class__: astropy.units.quantity.Quantity
#         unit: !astropy.units.Unit {unit: mas / yr}
#         value: !astropy.table.SerializedColumn {name: SkyCoord.pm_ra_cosdec}
#       ra: !astropy.table.SerializedColumn
#         __class__: astropy.coordinates.angles.Longitude
#         unit: *id001
#         value: !astropy.table.SerializedColumn {name: SkyCoord.ra}
#         wrap_angle: !astropy.coordinates.Angle
#           unit: *id001
#           value: 360.0
#       representation_type: spherical
# schema: astropy-2.0
RA_ICRS_1 DE_ICRS_1 e_RA_ICRS e_DE_ICRS _r_1 HIP TYC2 Source rgeo Plx e_Plx pmRA pmDE e_pmRA e_pmDE RUWE Teff logg Gmag BP-RP BPmag RPmag RV e_RV b_rgeo B_rgeo FG e_FG FBP e_FBP FRP e_FRP RAVE5 RAVE6 e_Gmag e_BPmag e_RPmag e_BP-RP SkyCoord.ra SkyCoord.dec SkyCoord.distance SkyCoord.pm_ra_cosdec SkyCoord.pm_dec rmRA rmDE e_rmRA e_rmDE rRV e_rRV v_pec v_pec3d e_vpec e_vpec3d
[from data line 190]
81.82901228503 34.90801042744 0.0239 0.0186 14.9994 "" "" 182873183412598272 2090.13379 0.4392 0.0261 0.161 -2.253 0.029 0.022 0.93 "" "" 14.745774 0.857343 15.084052 14.226709 "" "" 1964.70325 2231.81519 23803.28525 6.1774 12641.0 20.148 16161.0 16.07 "" "" 0.002769690080269781 0.0032832487 0.0039305612 0.00721381 81.82901228503 34.90801042744 2090.13379 0.16100000000000034 -2.253000000000002 0.2629999980926514 0.04780008506774891 0.14589596 0.13889596 "" "" 2.6482881437995296 "" 0.38579554056787313 ""
82.05499818412 34.49109581879 0.0351 0.0273 17.1066 "" "" 182660977669363328 1603.04358 0.59 0.0384 0.173 -1.903 0.046 0.036 1.718 9253.3 3.5991 14.753508 1.06334 15.172568 14.109228 "" "" 1494.7605 1689.79016 23634.34406 14.007 11652.0 21.849 18008.0 12.753 "" "" 0.0028294590359482833 0.0034539711 0.003856804 0.007310775 82.05499818412 34.49109581879 1603.04358 0.17299999999999982 -1.903 0.27499999809265135 0.397800085067749 0.16289596 0.15289596 "" "" 3.6746065256908538 "" 0.573972247671989 ""
81.98082827491 34.56768919136 0.0231 0.0176 13.4949 "" "" 182664551081917184 1899.54541 0.4877 0.0263 0.101 -2.49 0.029 0.021 1.071 "" "" 14.754529 0.701049 15.021121 14.320072 "" "" 1814.71179 1998.4928 23612.1296 8.2686 13396.0 16.656 14830.0 15.262 "" "" 0.0027814290297661273 0.0030995857 0.003941095 0.0070406804 81.98082827491 34.56768919136 1899.54541 0.10099999999999962 -2.49 0.20299999809265137 -0.1891999149322512 0.14589596 0.13789597 "" "" 2.4985566241235917 "" 0.3553774183287575 ""
81.83071834911 34.79627417617 0.0222 0.0186 12.6888 "" "" 182859267718621440 1922.15149 0.4795 0.0277 -2.296 -4.324 0.028 0.021 1.04 5071.2 3.405 14.75515 1.637268 15.528953 13.891685 "" "" 1824.41174 2036.26465 23598.63112 6.5035 8391.4 14.057 22003.0 19.032 "" "" 0.0027715193574208777 0.0033306223 0.003894316 0.0072249384 81.83071834911 34.79627417617 1922.15149 -2.2960000000000007 -4.3240000000000025 -2.1940000019073485 -2.023199914932251 0.14489597 0.13789597 "" "" 27.19136716821463 "" 3.8536137128535133 ""
81.94828210117 34.83284562233 0.0256 0.0207 7.6611 "" "" 182860401589917952 2162.67627 0.4208 0.031 1.374 -0.438 0.031 0.025 1.113 5219.8 3.2793 14.758299 1.843029 15.660264 13.817235 -1.93 2.92 2045.86292 2300.47046 23530.28545 7.4506 7435.5 17.818 23565.0 23.722 "" "" 0.0027766847703605507 0.0038150211 0.0039342484 0.0077492697 81.94828210117 34.83284562233 2162.67627 1.3740000000000014 -0.43800000000000006 1.4759999980926515 1.862800085067749 0.14789596 0.14189596 "" "" 24.3635333897111 "" 3.514187269318502 ""
82.09573932307 34.8244649347 0.0268 0.0203 2.9999 "" "" 182862394454689920 1602.9928 0.5842 0.0343 1.644 -6.542 0.033 0.025 1.112 6546.9 3.9255 14.766149 1.163762 15.261323 14.097561 12.19 12.12 1524.82263 1693.45288 23360.7589 6.6806 10737.0 20.486 18203.0 20.045 "" "" 0.0027727595938486916 0.0034751156 0.0039639873 0.007439103 82.09573932307 34.8244649347 1602.9928 1.6439999999999997 -6.542 1.7459999980926513 -4.241199914932251 0.14989597 0.14189596 "" "" 34.84933666288533 "" 4.986348224442218 ""
82.26764325964 34.56456442618 0.0254 0.0192 15.4581 "" "" 182650738467256192 2109.70728 0.4343 0.0277 0.228 -1.822 0.033 0.024 0.975 8392.4 3.637 14.769527 0.88215 15.115272 14.233123 "" "" 1979.16577 2254.53735 23288.19147 8.6307 12283.0 23.45 16066.0 24.225 "" "" 0.00278454622762308 0.0034758672 0.004118724 0.007594591 82.26764325964 34.56456442618 2109.70728 0.22800000000000004 -1.822 0.32999999809265135 0.47880008506774896 0.14989597 0.14089596 "" "" 5.815069785164219 "" 0.8365319027459676 ""
81.86604085984 34.93508519503 0.0237 0.0185 14.5094 "" "" 182873595729433472 1863.03455 0.495 0.0264 -0.034 -1.834 0.03 0.023 1.028 "" "" 14.775094 1.021586 15.191767 14.170181 "" "" 1779.62512 1957.43933 23169.09815 7.2235 11447.0 22.169 17025.0 22.082 "" "" 0.002776035635909062 0.0034937693 0.004033219 0.007526988 81.86604085984 34.93508519503 1863.03455 -0.033999999999999975 -1.834 0.06799999809265136 0.46680008506774895 0.14689596 0.13989596 "" "" 4.165718728117926 "" 0.583387985043181 ""
82.06880390024 34.46497146835 0.0212 0.0165 18.6229 "" "" 182660045658151680 1994.19666 0.4626 0.0231 0.179 -2.426 0.027 0.021 0.971 "" "" 14.777619 0.824305 15.098223 14.273918 "" "" 1895.54419 2100.70947 23115.27701 7.6314 12478.0 29.306 15474.0 24.115 "" "" 0.00277853852154929 0.0037798702 0.004140858 0.007920728 82.06880390024 34.46497146835 1994.19666 0.179 -2.426 0.28099999809265136 -0.12519991493225113 0.14389597 0.13789597 "" "" 2.9078671042520434 "" 0.4155911075015144 ""
81.99888751742 34.54119168892 0.0229 0.0179 14.6854 "" "" 182664173125028608 1887.47827 0.4805 0.0253 0.046 -2.084 0.029 0.021 1.007 "" "" 14.786928 0.81027 15.0991 14.28883 "" "" 1794.63672 1994.70593 22917.94144 7.5511 12467.0 28.375 15263.0 19.157 "" "" 0.002778446009948017 0.0037271443 0.004017559 0.0077447034 81.99888751742 34.54119168892 1887.47827 0.04599999999999985 -2.084 0.14799999809265135 0.21680008506774895 0.14589596 0.13789597 "" "" 2.3484952859864623 "" 0.32993637703633655 ""
81.99792040698 34.95101493878 0.0247 0.0201 11.4338 "" "" 182867651494634880 2152.83301 0.4278 0.0281 0.041 -2.215 0.033 0.026 1.029 9583.0 3.77 14.790064 0.846938 15.121375 14.274437 "" "" 2028.68787 2304.07373 22851.83642 7.2028 12214.0 20.354 15466.0 29.603 "" "" 0.002776491216370459 0.003325462 0.0043130657 0.007638528 81.99792040698 34.95101493878 2152.83301 0.040999999999999814 -2.215 0.14299999809265138 0.08580008506774917 0.14989597 0.14289597 "" "" 1.7017442310506772 "" 0.25198616798142043 ""
82.09457851457 34.70769633398 0.0281 0.023 4.0556 "" "" 182667952695999104 1561.72229 0.5932 0.0386 0.714 0.733 0.036 0.026 0.968 6643.1 3.8281 14.795804 1.156743 15.285527 14.128784 18.78 15.37 1457.00024 1653.8927 22731.34093 7.4001 10500.0 17.754 17687.0 19.824 "" "" 0.0027778987391917135 0.0033399551 0.003970468 0.007310423 82.09457851457 34.70769633398 1561.72229 0.7139999999999999 0.7330000000000003 0.8159999980926513 3.033800085067749 0.15289596 0.14289597 "" "" 23.256068806172703 "" 3.339397392051135 ""
81.92507253543 34.6198305231 0.0312 0.0238 12.2641 "" "" 182853220404734208 1907.4502 0.4869 0.0367 0.027 -2.556 0.038 0.028 1.356 9191.0 3.6633 14.81183 0.828106 15.13376 14.305655 "" "" 1762.00342 2034.63 22398.29819 7.7293 12076.0 34.155 15028.0 13.179 "" "" 0.0027806774967442465 0.0041491003 0.0038974758 0.008046576 81.92507253543 34.6198305231 1907.4502 0.02700000000000033 -2.5560000000000005 0.12899999809265136 -0.255199914932251 0.15489596 0.14489597 "" "" 2.5853731076197395 "" 0.38001434295733627 ""
82.18539730371 34.96662034368 0.0313 0.0243 12.4779 "" "" 182865830428429952 1969.94861 0.4729 0.0345 0.359 -1.639 0.042 0.03 1.149 9822.4 3.9135 14.820417 0.785628 15.122675 14.337047 "" "" 1857.43567 2093.50073 22221.81922 8.0016 12200.0 24.037 14600.0 33.088 "" "" 0.002782917810459238 0.0035158335 0.004509801 0.008025635 82.18539730371 34.96662034368 1969.94861 0.3590000000000003 -1.639 0.46099999809265135 0.661800085067749 0.15889597 0.14689596 "" "" 7.531075580406245 "" 1.1366003700882796 ""
81.93321581682 34.60129640525 0.0231 0.0183 12.8884 "" "" 182665547514330112 1799.56763 0.5181 0.0267 -2.458 -2.56 0.029 0.023 1.041 4955.9 3.4601 14.824123 1.550638 15.544779 13.994141 -4.3 6.59 1724.08862 1884.00073 22146.11371 6.8145 8270.0 21.259 20022.0 31.07 "" "" 0.0027755007002451828 0.003946491 0.004137923 0.0080844145 81.93321581682 34.60129640525 1799.56763 -2.458 -2.5600000000000005 -2.356000001907349 -0.25919991493225103 0.14589596 0.13989596 "" "" 20.217819405990742 "" 2.9482769114908995 ""
82.28821977515 34.67494727244 0.0257 0.0211 11.6012 "" "" 182669292725931648 2109.98755 0.4395 0.0295 1.245 -2.352 0.033 0.025 1.084 7497.0 3.8721 14.841013 1.193687 15.351608 14.157922 "" "" 1984.09692 2255.90967 21804.27206 6.1694 9880.4 17.578 17218.0 17.815 "" "" 0.0027723930412512188 0.003393547 0.0039428053 0.007336352 82.28821977515 34.67494727244 2109.98755 1.2449999999999997 -2.3520000000000025 1.3469999980926515 -0.051199914932250845 0.14989597 0.14189596 "" "" 13.48153471108303 "" 2.0206762173008053 ""
82.12299617261 34.58286391157 0.0231 0.0174 11.6646 "" "" 182663279772617728 2013.04187 0.464 0.0259 0.342 -1.761 0.03 0.022 1.026 9552.8 3.8615 14.850861 0.755267 15.138664 14.383397 "" "" 1901.28235 2149.2146 21607.39307 7.425 12021.0 18.067 13989.0 17.846 "" "" 0.002780465540438998 0.003232314 0.004025196 0.00725751 82.12299617261 34.58286391157 2013.04187 0.34199999999999997 -1.7610000000000001 0.4439999980926514 0.5398000850677491 0.14689596 0.13889596 "" "" 6.669179119498376 "" 0.9482134792421553 ""
82.19929004307 34.63440080495 0.0293 0.0231 10.094 "" "" 182663653430074752 2207.26294 0.4198 0.0318 0.21 -1.396 0.038 0.028 1.201 9624.8 3.7843 14.85677 0.79267 15.146187 14.353517 "" "" 2082.49561 2360.79395 21490.12255 9.7133 11938.0 20.059 14380.0 34.86 "" "" 0.0027986811121167676 0.0033336477 0.0046055806 0.007939229 82.19929004307 34.63440080495 2207.26294 0.20999999999999996 -1.396 0.31199999809265133 0.9048000850677491 0.15489596 0.14489597 "" "" 10.013406688913033 "" 1.4618692649543485 ""
82.40259771317 34.86335259986 0.0234 0.018 16.4289 "" "" 183048005762609536 1976.44946 0.4687 0.0251 0.536 -0.208 0.033 0.022 0.992 6874.9 4.0909 14.859807 1.07631 15.283716 14.207406 "" "" 1875.55066 2090.74927 21430.08892 56.028 10518.0 87.651 16451.0 148.49 "" "" 0.003955943138897615 0.009468349 0.010503576 0.019971926 82.40259771317 34.86335259986 1976.44946 0.536 -0.20799999999999996 0.6379999980926514 2.092800085067749 0.14989597 0.13889596 "" "" 20.496950175506445 "" 2.8668056967092332 ""
81.90630055391 34.74266214083 0.0245 0.0193 9.1117 "" "" 182855316348706560 2025.17908 0.449 0.0281 -0.107 -2.064 0.03 0.023 0.99 7192.4 4.0904 14.86243 1.244455 15.402915 14.15846 -108.12 13.83 1925.41675 2182.69263 21378.38478 5.9474 9424.3 17.49 17210.0 22.547 "" "" 0.0027718265913249896 0.003441669 0.0040381984 0.0074798674 81.90630055391 34.74266214083 2025.17908 -0.10700000000000001 -2.064 -0.005000001907348631 0.23680008506774897 0.14689596 0.13989596 "" "" 2.2736332878395467 "" 0.3180793829526359 ""
82.30504256166 34.91201767389 0.0307 0.0229 13.5267 "" "" 182676886227938176 1631.66077 0.5864 0.0354 3.013 -8.0 0.046 0.031 1.273 6325.7 3.9067 14.871927 1.116108 15.344642 14.228534 "" "" 1523.17957 1750.85278 21192.19316 6.1473 9944.0 14.32 16134.0 16.413 "" "" 0.0027732614143582824 0.0031983862 0.0039374703 0.0071358564 82.30504256166 34.91201767389 1631.66077 3.0130000000000003 -8.0 3.1149999980926513 -5.699199914932251 0.16289596 0.14789596 "" "" 50.23225000144624 "" 7.609074237362616 ""
81.8202296708 34.7513884053 0.023 0.0197 13.2209 "" "" 182858065127810176 1871.87561 0.5013 0.0281 -0.023 -2.307 0.029 0.022 0.934 "" "" 14.896326 1.005962 15.309227 14.303265 "" "" 1789.25903 1959.25403 20721.26465 7.9994 10274.0 25.712 15061.0 18.504 "" "" 0.0027870186369545013 0.003894636 0.0040078824 0.007902518 81.8202296708 34.7513884053 1871.87561 -0.02300000000000002 -2.307 0.07899999809265137 -0.006199914932250916 0.14589596 0.13889596 "" "" 0.7030977982239466 "" 0.1025497177494168 ""
81.78700666697 34.84213244014 0.0226 0.0179 15.3136 "" "" 182871362346519168 2122.45239 0.433 0.0259 -0.007 -2.077 0.029 0.021 0.922 5737.9 3.501 14.905113 1.513901 15.593473 14.079572 "" "" 2002.84814 2244.61572 20554.23532 35.298 7907.3 34.728 18507.0 75.15 "" "" 0.0033269085684009417 0.0055247643 0.0058069755 0.01133174 81.78700666697 34.84213244014 2122.45239 -0.00699999999999984 -2.077 0.09499999809265136 0.22380008506774907 0.14589596 0.13789597 "" "" 2.445976087444 "" 0.34035058774931004 ""
82.02504345314 35.0050881156 0.0305 0.0239 14.1373 "" "" 182868269969894144 2059.94751 0.4515 0.0331 4.132 -6.096 0.044 0.03 1.087 5637.8 3.068 14.909364 1.921741 15.861868 13.940126 79.2 5.13 1923.23718 2191.49829 20473.92639 8.5868 6175.5 26.437 21043.0 24.765 "" "" 0.0027926943572322747 0.0054211416 0.0039895414 0.009410683 82.02504345314 35.0050881156 2059.94751 4.131999999999994 -6.096 4.233999998092651 -3.795199914932251 0.16089597 0.14689596 "" "" 55.51870816573018 "" 8.595142671124934 ""
82.02943719142 34.48834540433 0.025 0.0196 17.4314 "" "" 182661046388846976 2042.96655 0.456 0.0273 0.07 -2.111 0.033 0.025 1.154 9300.8 3.9371 14.909973 0.736717 15.192462 14.455745 "" "" 1928.52014 2146.04736 20462.44313 8.8276 11440.0 15.893 13088.0 16.219 "" "" 0.0027948489121895404 0.0031717801 0.004011736 0.007183516 82.02943719142 34.48834540433 2042.96655 0.07000000000000027 -2.1110000000000007 0.17199999809265137 0.1898000850677488 0.14989597 0.14189596 "" "" 2.480380075637176 "" 0.36103858734723937 ""
82.01459139409 34.67912326464 0.0248 0.0194 6.768 "" "" 182667712177837568 2018.91516 0.4522 0.0298 0.262 -1.77 0.031 0.023 1.085 9484.0 4.0174 14.910589 0.900486 15.268645 14.368159 "" "" 1933.29773 2140.74707 20450.8424 7.602 10665.0 26.708 14187.0 24.053 "" "" 0.002784721657552503 0.0038958772 0.004203833 0.008099711 82.01459139409 34.67912326464 2018.91516 0.2620000000000004 -1.7699999999999991 0.3639999980926514 0.530800085067749 0.14789596 0.13989596 "" "" 6.159208504598477 "" 0.8777094911118997 ""
82.02174409454 34.95620997911 0.0242 0.0194 11.3363 "" "" 182867307897241216 2115.38379 0.43 0.0285 0.034 -2.251 0.032 0.024 0.99 9512.5 3.6479 14.911006 0.944542 15.286105 14.341563 "" "" 1997.49207 2243.5896 20442.98772 5.7383 10495.0 24.784 14539.0 15.106 "" "" 0.0027721237857724285 0.003789327 0.003944146 0.007733473 82.02174409454 34.95620997911 2115.38379 0.03400000000000003 -2.2509999999999994 0.13599999809265137 0.049800085067749134 0.14889596 0.14089596 "" "" 1.4522097469923059 "" 0.2148873273297039 ""
82.19749669541 34.7740781379 0.0304 0.022 5.4505 "" "" 182673759491766528 1598.43396 0.5939 0.0353 0.442 0.191 0.035 0.028 1.041 7341.8 4.1955 14.915895 0.992083 15.321379 14.329296 "" "" 1519.52234 1691.05237 20351.12577 6.811 10159.0 25.269 14704.0 14.363 "" "" 0.002779177170835947 0.0038830822 0.0039253673 0.0078084497 82.19749669541 34.7740781379 1598.43396 0.44199999999999995 0.191 0.5439999980926513 2.491800085067749 0.15189597 0.14489597 "" "" 19.323990364966264 "" 2.8062637378858826 ""
81.86266351877 34.73738344877 0.0252 0.0203 11.2822 "" "" 182858133847275520 1929.5033 0.473 0.0294 0.146 -2.281 0.031 0.024 1.09 "" "" 14.929326 0.898178 15.287902 14.389724 "" "" 1803.98096 2051.67188 20100.9401 6.6972 10477.0 40.229 13908.0 18.625 "" "" 0.0027789652808613893 0.0050164913 0.004049415 0.009065906 81.86266351877 34.73738344877 1929.5033 0.146 -2.281 0.24799999809265136 0.019800085067748885 0.14789596 0.14089596 "" "" 2.275387186554569 "" 0.33642206539886343 ""
81.75879084685 34.69514681941 0.0238 0.0192 16.8732 "" "" 182834318252564352 2039.3634 0.4484 0.0285 -0.072 -2.299 0.03 0.022 0.994 7485.2 3.8439 14.931202 0.849767 15.264554 14.414787 "" "" 1942.69385 2180.36987 20066.23905 7.0069 10705.0 17.586 13591.0 17.286 "" "" 0.0027812814253843146 0.003311553 0.0040237615 0.0073353145 81.75879084685 34.69514681941 2039.3634 -0.0719999999999997 -2.2989999999999995 0.029999998092651373 0.001800085067749091 0.14689596 0.13889596 "" "" 0.2905190328307006 "" 0.04266796076205368 ""
82.06944631671 34.95754062763 0.0269 0.021 10.9864 "" "" 182867170458272000 1976.9679 0.4645 0.0307 1.148 -2.895 0.036 0.027 1.108 9095.3 4.2314 14.932274 0.846918 15.266471 14.419553 "" "" 1864.05457 2081.72266 20046.44339 7.4831 10686.0 22.25 13531.0 14.996 "" "" 0.002784968826699539 0.0035910616 0.003966312 0.0075573735 82.06944631671 34.95754062763 1976.9679 1.148 -2.8950000000000005 1.2499999980926513 -0.594199914932251 0.15289596 0.14389597 "" "" 12.969623634553999 "" 1.9620104008506265 ""
