Clusters/Kronberger_1/Kronberger_1_stars_in_region.tsv
# %ECSV 1.0
# ---
# datatype:
# - name: RA_ICRS_1
#   unit: deg
#   datatype: float64
#   format: '{:15.11f}'
#   description: Right ascension (ICRS) at Ep=2016.0 (ra)
#   meta: !!omap
#   - {ucd: POS_EQ_RA_MAIN}
#   - {width: 15}
#   - {precision: '11'}
# - name: DE_ICRS_1
#   unit: deg
#   datatype: float64
#   format: '{:15.11f}'
#   description: Declination (ICRS) at Ep=2016.0 (dec)
#   meta: !!omap
#   - {ucd: POS_EQ_DEC_MAIN}
#   - {width: 15}
#   - {precision: '11'}
# - name: e_RA_ICRS
#   unit: mas
#   datatype: float64
#   format: '{:7.4f}'
#   description: Standard error of right ascension (ra_error)
#   meta: !!omap
#   - {ucd: ERROR}
#   - {width: 7}
#   - {precision: '4'}
# - name: e_DE_ICRS
#   unit: mas
#   datatype: float64
#   format: '{:7.4f}'
#   description: Standard error of declination (dec_error)
#   meta: !!omap
#   - {ucd: ERROR}
#   - {width: 7}
#   - {precision: '4'}
# - name: _r_1
#   unit: ''
#   datatype: float64
#   format: '{:7.4f}'
#   description: Distance from center (082.08690863000+34.77499487000)[ICRS], at Epoch=J2016.0
#   meta: !!omap
#   - {ucd: POS_ANG_DIST_GENERAL}
#   - {width: 7}
#   - {precision: '4'}
# - name: HIP
#   datatype: int32
#   description: '? HIP cross-id number, van Leeuwen, Cat. I/311 (hip_original_ext_source_id)'
#   meta: !!omap
#   - {ucd: ID_NUMBER}
#   - {width: 6}
#   - values: {'null': -2147483648}
# - name: TYC2
#   datatype: string
#   description: Tycho-2 cross-id name, Hog et al., Cat. I/259 (tyc2_original_ext_source_id)
#   meta: !!omap
#   - {ucd: ID_CROSSID}
#   - {_votable_string_dtype: char}
# - name: Source
#   datatype: int64
#   description: Source identifier, identical to the Gaia-EDR3 source_id (id)
#   meta: !!omap
#   - {ucd: ID_MAIN}
#   - {width: 19}
# - name: rgeo
#   unit: pc
#   datatype: float64
#   format: '{:15.8f}'
#   description: '? Median of the geometric distance posterior (r_med_geo)'
#   meta: !!omap
#   - {ucd: PHYS_DISTANCE_TRUE}
#   - {width: 15}
#   - {precision: '8'}
#   - values: {'null': .nan}
# - name: Plx
#   unit: mas
#   datatype: float64
#   format: '{:9.4f}'
#   description: '? Parallax (parallax)'
#   meta: !!omap
#   - {ucd: POS_PARLX_TRIG}
#   - {width: 9}
#   - {precision: '4'}
#   - values: {'null': .nan}
# - name: e_Plx
#   unit: mas
#   datatype: float32
#   format: '{:7.4f}'
#   description: '? Standard error of parallax (parallax_error)'
#   meta: !!omap
#   - {ucd: ERROR}
#   - {width: 7}
#   - {precision: '4'}
#   - values: {'null': .nan}
# - name: pmRA
#   unit: mas / yr
#   datatype: float64
#   format: '{:9.3f}'
#   description: '? Proper motion in right ascension direction, pmRA*cosDE (pmra)'
#   meta: !!omap
#   - {ucd: POS_EQ_PMRA}
#   - {width: 9}
#   - {precision: '3'}
#   - values: {'null': .nan}
# - name: pmDE
#   unit: mas / yr
#   datatype: float64
#   format: '{:9.3f}'
#   description: '? Proper motion in declination direction (pmdec)'
#   meta: !!omap
#   - {ucd: POS_EQ_PMDEC}
#   - {width: 9}
#   - {precision: '3'}
#   - values: {'null': .nan}
# - name: e_pmRA
#   unit: mas / yr
#   datatype: float32
#   format: '{:6.3f}'
#   description: '? Standard error of proper motion in right ascension direction (pmra_error)'
#   meta: !!omap
#   - {ucd: ERROR}
#   - {width: 6}
#   - {precision: '3'}
#   - values: {'null': .nan}
# - name: e_pmDE
[...]
#         value: !astropy.table.SerializedColumn {name: SkyCoord.dec}
#       distance: !astropy.table.SerializedColumn
#         __class__: astropy.coordinates.distances.Distance
#         unit: !astropy.units.Unit {unit: pc}
#         value: !astropy.table.SerializedColumn {name: SkyCoord.distance}
#       frame: icrs
#       obstime: !astropy.time.Time {format: jyear_str, in_subfmt: '*', jd1: 367701545.0, jd2: 0.0, out_subfmt: '*', precision: 3, scale: tt}
#       pm_dec: !astropy.table.SerializedColumn
#         __class__: astropy.units.quantity.Quantity
#         unit: !astropy.units.Unit {unit: mas / yr}
#         value: !astropy.table.SerializedColumn {name: SkyCoord.pm_dec}
#       pm_ra_cosdec: !astropy.table.SerializedColumn
#         __class__: astropy.units.quantity.Quantity
#         unit: !astropy.units.Unit {unit: mas / yr}
#         value: !astropy.table.SerializedColumn {name: SkyCoord.pm_ra_cosdec}
#       ra: !astropy.table.SerializedColumn
#         __class__: astropy.coordinates.angles.Longitude
#         unit: *id001
#         value: !astropy.table.SerializedColumn {name: SkyCoord.ra}
#         wrap_angle: !astropy.coordinates.Angle
#           unit: *id001
#           value: 360.0
#       representation_type: spherical
# schema: astropy-2.0
RA_ICRS_1 DE_ICRS_1 e_RA_ICRS e_DE_ICRS _r_1 HIP TYC2 Source rgeo Plx e_Plx pmRA pmDE e_pmRA e_pmDE RUWE Teff logg Gmag BP-RP BPmag RPmag RV e_RV b_rgeo B_rgeo FG e_FG FBP e_FBP FRP e_FRP RAVE5 RAVE6 e_Gmag e_BPmag e_RPmag e_BP-RP SkyCoord.ra SkyCoord.dec SkyCoord.distance SkyCoord.pm_ra_cosdec SkyCoord.pm_dec rmRA rmDE e_rmRA e_rmDE rRV e_rRV v_pec v_pec3d e_vpec e_vpec3d
[from data line 510]
82.4537483541 34.70268695735 0.0574 0.0494 18.6002 "" "" 182659152314635776 2122.18164 0.4874 0.0589 0.271 -2.757 0.077 0.058 0.975 5757.9 4.5528 16.352962 1.272107 16.909975 15.637868 "" "" 1847.12195 2433.77686 5417.03333 3.7276 2351.9 18.247 4405.7 16.602 "" "" 0.0028548173638187607 0.008873659 0.0055698394 0.014443498 82.4537483541 34.70268695735 2122.18164 0.27100000000000013 -2.756999999999999 0.3729999980926514 -0.4561999149322511 0.19389597 0.17489597 "" "" 5.927620229709485 "" 1.083248246648654 ""
82.25098708574 34.55902424919 0.053 0.0414 15.28 "" "" 182650704107524352 2005.2699 0.4771 0.057 2.36 -7.162 0.071 0.052 1.095 5655.1 4.6621 16.369537 1.170092 16.865753 15.695662 "" "" 1821.51807 2168.93994 5334.96472 2.9512 2449.7 12.811 4177.3 11.609 "" "" 0.0028200212492305006 0.006326499 0.004836118 0.011162616 82.25098708574 34.55902424919 2005.2699 2.36 -7.162 2.4619999980926512 -4.861199914932251 0.18789597 0.16889596 "" "" 51.79359836413147 "" 8.95740517812798 ""
82.03208722873 35.06435558138 0.0576 0.0456 17.5699 "" "" 182870159755472896 2270.33423 0.4071 0.0597 0.448 -2.711 0.078 0.055 1.002 7722.7 4.1065 16.377522 1.350478 16.976685 15.626206 "" "" 2039.33923 2620.0874 5295.8757 3.7269 2211.8 9.9021 4453.2 10.154 "" "" 0.0028592998024400563 0.0056046587 0.0045180274 0.010122687 82.03208722873 35.06435558138 2270.33423 0.44800000000000006 -2.711 0.5499999980926513 -0.41019991493225083 0.19489597 0.17189597 "" "" 7.383626948505413 "" 1.3807402788169556 ""
82.09346286806 34.47527072399 0.0479 0.0376 17.9864 "" "" 182660114377633664 2111.93481 0.4582 0.0541 0.334 -1.987 0.062 0.047 1.06 "" "" 16.384123 1.406392 17.018084 15.611691 "" "" 1924.15857 2419.96948 5263.77698 4.4416 2129.0 12.667 4513.2 12.374 "" "" 0.002903638898839689 0.0070366682 0.0048109326 0.0118476 82.09346286806 34.47527072399 2111.93481 0.33399999999999996 -1.986999999999998 0.4359999980926514 0.3138000850677489 0.17889597 0.16389596 "" "" 5.377517098337203 "" 0.9352729859088733 ""
81.75721520132 34.89744561642 0.0468 0.0369 17.8214 "" "" 182872564937343872 1624.83875 0.5975 0.053 4.059 2.16 0.06 0.044 0.989 6053.1 4.4753 16.386414 1.299232 16.955067 15.655835 "" "" 1488.76892 1772.70789 5252.68283 2.987 2256.3 10.949 4333.4 12.902 "" "" 0.0028236488370595616 0.005961883 0.0049732747 0.010935158 81.75721520132 34.89744561642 1624.83875 4.059 2.16 4.1609999980926515 4.460800085067749 0.17689596 0.16089597 "" "" 46.982265797667154 "" 7.917890710361715 ""
81.95732729775 34.92704594652 0.0553 0.0461 11.1328 "" "" 182867479695970304 1956.46704 0.5009 0.065 2.505 -2.819 0.07 0.055 0.979 5460.3 4.3241 16.386494 1.480866 17.057146 15.57628 "" "" 1712.82983 2275.68921 5252.29259 3.5999 2053.8 14.576 4662.8 12.179 "" "" 0.0028540431444839267 0.008195168 0.004725039 0.012920207 81.95732729775 34.92704594652 1956.46704 2.5050000000000003 -2.819000000000001 2.6069999980926513 -0.5181999149322509 0.18689597 0.17189597 "" "" 24.649399878780706 "" 4.59336416178872 ""
82.3475281936 34.73755921387 0.0558 0.0453 13.0421 "" "" 182671075133744000 2257.60815 0.4231 0.057 0.768 -0.833 0.074 0.057 1.002 4941.6 4.2476 16.390745 1.622083 17.146017 15.523934 "" "" 2036.20068 2626.13477 5231.77284 3.2015 1892.4 14.729 4893.1 11.41 "" "" 0.002834292743782163 0.008899255 0.0045490256 0.01344828 82.3475281936 34.73755921387 2257.60815 0.7680000000000001 -0.833 0.8699999980926514 1.467800085067749 0.19089597 0.17389597 "" "" 18.258838708929893 "" 3.258682916347949 ""
81.81863294471 34.70411219505 0.0496 0.0416 13.8943 "" "" 182857652810981248 2140.88647 0.4764 0.0635 2.412 -2.968 0.06 0.046 0.965 6079.2 4.3962 16.391726 1.323776 16.979399 15.655622 "" "" 1857.47021 2347.42236 5227.05183 3.1441 2206.3 10.057 4334.2 11.618 "" "" 0.002831659914006717 0.0056814486 0.004770107 0.010451555 81.81863294471 34.70411219505 2140.88647 2.412 -2.9679999999999986 2.5139999980926513 -0.667199914932251 0.17689596 0.16289596 "" "" 26.394726667504766 "" 4.645709431993885 ""
82.19485755859 34.65342785493 0.054 0.0409 9.0304 "" "" 182663760808085760 1900.62793 0.5166 0.0578 3.385 -2.191 0.065 0.048 0.91 5652.5 4.5227 16.39627 1.461338 17.05275 15.591412 "" "" 1691.24805 2194.8335 5205.20954 3.033 2062.1 11.772 4598.3 16.018 "" "" 0.002827017182545757 0.0067972494 0.0053467895 0.012144038 82.19485755859 34.65342785493 1900.62793 3.385 -2.191 3.486999998092651 0.10980008506774919 0.18189597 0.16489597 "" "" 31.429870742886912 "" 5.716462324029204 ""
82.15930251948 34.50564182891 0.0484 0.0393 16.5516 "" "" 182660462274704768 2092.53613 0.4674 0.0539 1.368 -2.569 0.061 0.047 0.955 8311.1 4.416 16.418873 1.593987 17.16145 15.567462 "" "" 1864.92212 2373.70215 5097.97322 3.1596 1865.7 14.475 4700.8 14.133 "" "" 0.0028363006135488605 0.008873735 0.004993919 0.013867654 82.15930251948 34.50564182891 2092.53613 1.3680000000000003 -2.568999999999999 1.4699999980926515 -0.2681999149322509 0.17789596 0.16389596 "" "" 14.821059538894206 "" 2.6301773551138266 ""
81.9763899774 34.7976915052 0.0565 0.0433 5.6137 "" "" 182856931256349184 2056.97046 0.466 0.0655 0.94 -2.321 0.066 0.049 1.007 8213.7 4.2047 16.419388 1.127233 16.892824 15.765591 "" "" 1863.50195 2345.36597 5095.56088 3.735 2389.4 20.792 3916.7 16.306 "" "" 0.0028679508980645517 0.009851213 0.0058919736 0.015743187 81.9763899774 34.7976915052 2056.97046 0.94 -2.3209999999999997 1.0419999980926513 -0.02019991493225115 0.18289596 0.16589597 "" "" 10.161450469727106 "" 1.858426343479158 ""
82.33652097381 34.7032987607 0.055 0.0431 13.0373 "" "" 182670731536306560 1660.99561 0.5804 0.0562 1.304 -5.384 0.072 0.053 0.944 5437.1 4.5949 16.420422 1.26977 16.975313 15.705543 "" "" 1501.70251 1816.10193 5090.71051 2.9913 2214.6 13.796 4139.4 17.867 "" "" 0.0028282159882991272 0.007316572 0.0060204645 0.013337037 82.33652097381 34.7032987607 1660.99561 1.304 -5.384 1.4059999980926514 -3.0831999149322513 0.18889597 0.16989596 "" "" 26.67925567253915 "" 4.623925231839477 ""
81.98769732471 34.84009843877 0.0574 0.0434 6.2568 "" "" 182857511072807296 1575.53894 0.5981 0.0658 0.381 -5.149 0.067 0.051 1.018 5416.1 4.6317 16.424213 1.328445 17.016504 15.688059 "" "" 1439.77319 1708.53137 5072.95607 3.3225 2132.1 12.745 4206.6 13.174 "" "" 0.002845601313913167 0.00706452 0.005083839 0.012148359 81.98769732471 34.84009843877 1575.53894 0.3809999999999997 -5.149 0.4829999980926514 -2.848199914932251 0.18389598 0.16789597 "" "" 21.574189545214495 "" 3.6323145238485104 ""
81.90614895901 34.70674734643 0.0505 0.0403 9.8079 "" "" 182854904031868160 2142.21436 0.4467 0.0597 4.583 4.854 0.061 0.047 1.075 6069.2 4.4802 16.42483 1.233885 16.962315 15.72843 "" "" 1883.29956 2462.83862 5070.08076 2.9754 2241.3 14.197 4053.1 10.825 "" "" 0.002828033589856928 0.007421788 0.0047636586 0.012185447 81.90614895901 34.70674734643 2142.21436 4.583 4.854000000000001 4.6849999980926516 7.154800085067749 0.17789596 0.16389596 "" "" 86.84001734070281 "" 14.608204438298081 ""
82.42138901658 34.80792629074 0.0565 0.045 16.5992 "" "" 183046974970474112 1547.49036 0.6227 0.0564 2.284 -5.112 0.078 0.054 0.982 4746.1 4.3694 16.42572 1.370728 17.042496 15.671768 "" "" 1422.73645 1661.40735 5065.92796 4.0512 2081.7 13.696 4270.2 13.557 "" "" 0.0028888859414488263 0.0076689 0.005115217 0.012784117 82.42138901658 34.80792629074 1547.49036 2.284 -5.112 2.385999998092651 -2.811199914932251 0.19489597 0.17089596 "" "" 27.046391592207613 "" 4.9043894305091476 ""
81.88477580802 34.74154204772 0.0655 0.0467 10.1641 "" "" 182855213269501696 1821.62097 0.5318 0.0711 -0.125 -2.097 0.082 0.057 1.02 6672.8 4.2872 16.425856 1.822267 17.317125 15.494859 "" "" 1584.87329 2102.16382 5065.29081 7.9909 1616.5 20.759 5025.9 23.495 "" "" 0.003244317240157021 0.014219396 0.0063281334 0.02054753 81.88477580802 34.74154204772 1821.62097 -0.1249999999999998 -2.0970000000000013 -0.023000001907348633 0.20380008506774905 0.19889596 0.17389597 "" "" 1.7708791787118356 "" 0.3085449719876928 ""
82.00279431552 34.71173407058 0.0497 0.0383 5.6218 "" "" 182855488147824384 2056.49072 0.4497 0.0595 1.701 -1.239 0.062 0.046 0.94 5869.9 4.4354 16.429193 1.388356 17.048496 15.66014 "" "" 1876.25061 2271.7417 5049.74762 2.9893 2070.2 13.74 4316.2 15.624 "" "" 0.002829290162816047 0.00772739 0.0054525426 0.013179933 82.00279431552 34.71173407058 2056.49072 1.7010000000000005 -1.2389999999999988 1.8029999980926514 1.061800085067749 0.17889597 0.16289596 "" "" 20.39643676633335 "" 3.567659889468265 ""
81.82279397263 34.8526428993 0.052 0.0384 13.8195 "" "" 182859748754929664 1826.15063 0.5289 0.0576 1.719 -2.131 0.066 0.047 0.971 6042.8 4.4355 16.432062 1.39641 17.059122 15.662712 "" "" 1621.78674 2151.06787 5036.41519 3.248 2050.1 15.292 4306.0 10.143 "" "" 0.0028428967502352946 0.00856583 0.004563394 0.013129224 81.82279397263 34.8526428993 1826.15063 1.718999999999998 -2.1309999999999993 1.8209999980926515 0.16980008506774924 0.18289596 0.16389596 "" "" 15.830869162117075 "" 2.892942902077807 ""
82.16072799903 34.70961425385 0.0554 0.04 5.3512 "" "" 182673141016487040 1928.75317 0.4923 0.0597 -0.549 -3.406 0.064 0.049 0.987 5928.2 4.5062 16.438902 1.371501 17.049385 15.677884 "" "" 1743.05286 2159.94043 5004.78736 2.9418 2068.5 16.764 4246.2 12.052 "" "" 0.002828264370231919 0.009231041 0.004876503 0.014107544 82.16072799903 34.70961425385 1928.75317 -0.5489999999999998 -3.405999999999999 -0.4470000019073487 -1.1051999149322511 0.18089597 0.16589597 "" "" 10.899188994687794 "" 1.8319969096833104 ""
82.26095336713 34.58808587972 0.0546 0.0421 14.1247 "" "" 182662592576986496 1727.3667 0.5548 0.0607 -1.496 0.538 0.067 0.051 0.982 5707.9 4.6324 16.441628 1.198041 16.947628 15.749587 "" "" 1590.31384 1909.98877 4992.24488 3.1278 2271.8 13.752 3974.9 13.275 "" "" 0.0028380498609762647 0.0071400777 0.0052375467 0.012377624 82.26095336713 34.58808587972 1727.3667 -1.496 0.538 -1.3940000019073486 2.8388000850677493 0.18389598 0.16789597 "" "" 25.89445565851774 "" 4.431102074708963 ""
82.17134425231 34.75130288163 0.0596 0.0432 4.398 "" "" 182673347174911232 2126.57324 0.4633 0.0715 0.805 -1.809 0.069 0.053 1.002 "" "" 16.441988 1.073814 16.889748 15.815933 "" "" 1804.21985 2469.49561 4990.5871 3.0643 2396.2 9.2015 3739.3 15.005 "" "" 0.0028348234587405982 0.0050167567 0.0057676374 0.010784394 82.17134425231 34.75130288163 2126.57324 0.8050000000000002 -1.8089999999999993 0.9069999980926514 0.4918000850677491 0.18589596 0.16989596 "" "" 10.400036135240383 "" 1.8967991029879119 ""
81.89248213478 34.76002002353 0.0504 0.0394 9.625 "" "" 182858271286202496 1791.13147 0.5418 0.0597 1.955 -8.012 0.065 0.048 0.942 5550.0 4.5552 16.44595 1.411274 17.083193 15.671919 "" "" 1600.92395 2098.73267 4972.41078 2.9145 2005.1 19.409 4269.6 16.178 "" "" 0.0028278574765288373 0.010873795 0.00558646 0.016460255 81.89248213478 34.76002002353 1791.13147 1.955 -8.012 2.0569999980926514 -5.711199914932251 0.18189597 0.16489597 "" "" 51.53698101938079 "" 8.603378616054664 ""
81.88888064424 34.92538186759 0.0559 0.0415 13.2851 "" "" 182861810339169664 1755.16577 0.5446 0.0617 -5.496 -4.333 0.067 0.05 1.01 5778.2 4.1604 16.452467 1.432086 17.104305 15.672219 "" "" 1575.29211 1980.11743 4942.65383 2.7387 1966.5 12.744 4268.5 16.17 "" "" 0.002820232821986742 0.0075691934 0.0055857426 0.013154936 81.88888064424 34.92538186759 1755.16577 -5.496 -4.333 -5.394000001907349 -2.032199914932251 0.18389598 0.16689597 "" "" 47.954509249848 "" 8.721457773553666 ""
82.05828695683 34.56754789294 0.048 0.038 12.5267 "" "" 182664649862387072 1733.21716 0.5518 0.053 1.002 -0.27 0.061 0.047 1.049 5672.0 4.6648 16.45787 1.167387 16.960094 15.792707 "" "" 1563.67859 1908.33716 4918.11756 3.1685 2245.8 12.936 3820.1 13.909 "" "" 0.0028427223314174497 0.0068481183 0.00546912 0.012317238 82.05828695683 34.56754789294 1733.21716 1.002 -0.27 1.1039999980926514 2.030800085067749 0.17789596 0.16389596 "" "" 18.989891603349843 "" 3.1749737062853276 ""
82.11005154952 34.57124003716 0.0533 0.0405 12.2785 "" "" 182663241113121152 2243.38916 0.4142 0.0588 1.029 -3.638 0.068 0.05 1.085 "" "" 16.470543 1.347051 17.06269 15.71564 "" "" 2014.84143 2548.37109 4861.04572 3.9599 2043.3 12.958 4101.1 15.305 "" "" 0.0028937970023445846 0.0074292663 0.0055408943 0.012970161 82.11005154952 34.57124003716 2243.38916 1.029 -3.638 1.1309999980926513 -1.3371999149322509 0.18489596 0.16689597 "" "" 18.623383240661973 "" 3.252169831557904 ""
82.39129000773 34.60289448396 0.0647 0.0464 18.2244 "" "" 182656231729256064 1934.13098 0.4949 0.0688 3.25 -5.239 0.072 0.052 0.986 4905.2 4.4774 16.485853 1.303184 17.052574 15.74939 "" "" 1701.83289 2156.54541 4792.97708 3.5997 2062.5 23.239 3975.6 10.57 "" "" 0.002873449343071806 0.01254757 0.004755688 0.017303258 82.39129000773 34.60289448396 1934.13098 3.249999999999999 -5.238999999999999 3.3519999980926514 -2.938199914932251 0.18889597 0.16889596 "" "" 40.86498871828246 "" 7.37525133969068 ""
81.8384306812 34.85483867973 0.0506 0.0382 13.1441 "" "" 182861226224203136 1723.6936 0.5545 0.0573 -0.07 -2.317 0.068 0.048 0.937 5021.5 4.2721 16.487555 1.666321 17.278837 15.612516 "" "" 1559.4104 1927.82837 4785.47354 9.1371 1674.5 17.902 4509.7 21.814 "" "" 0.0034480843558636932 0.011938189 0.0064703636 0.018408552 81.8384306812 34.85483867973 1723.6936 -0.07000000000000023 -2.3169999999999975 0.03199999809265136 -0.016199914932251147 0.18489596 0.16489597 "" "" 0.2930439047859361 "" 0.05303960621795623 ""
81.76135233587 34.82417599365 0.0486 0.0379 16.3091 "" "" 182871014449949312 1548.4574 0.6164 0.0545 1.323 -3.93 0.063 0.045 0.99 5459.3 4.6249 16.49321 1.239544 17.035069 15.795525 "" "" 1432.11951 1734.44226 4760.61182 2.7782 2096.0 11.579 3810.2 12.648 "" "" 0.002827234789803802 0.006615184 0.00522239 0.011837574 81.76135233587 34.82417599365 1548.4574 1.323 -3.929999999999996 1.4249999980926513 -1.6291999149322511 0.17989597 0.16189596 "" "" 15.88651256855438 "" 2.699628927215702 ""
81.90885404378 34.75062309122 0.0521 0.0409 8.8975 "" "" 182855316348700544 2171.45093 0.446 0.0612 0.141 -2.245 0.064 0.048 0.962 5283.2 4.3126 16.498539 1.65435 17.271986 15.617636 "" "" 1940.39453 2467.28223 4737.30297 11.708 1685.1 23.373 4488.5 32.714 "" "" 0.00384605091274176 0.015315881 0.00876948 0.024085362 81.90885404378 34.75062309122 2171.45093 0.14100000000000015 -2.245000000000002 0.24299999809265135 0.05580008506774892 0.18089597 0.16489597 "" "" 2.5662154567728037 "" 0.4622481887024978 ""
82.21161610528 34.62164193116 0.0552 0.0438 11.0682 "" "" 182662901814633472 1713.03491 0.5631 0.0593 2.098 -3.344 0.069 0.052 0.98 "" "" 16.501905 1.404873 17.100616 15.695744 "" "" 1563.72559 1934.24707 4722.63889 3.5596 1973.2 37.467 4177.0 24.491 "" "" 0.00287428101556706 0.020803845 0.0074033523 0.028207198 82.21161610528 34.62164193116 1713.03491 2.098 -3.344 2.1999999980926512 -1.0431999149322508 0.18589596 0.16889596 "" "" 19.770078705827174 "" 3.6158225029976534 ""
82.04969172729 34.88375079649 0.061 0.044 6.7779 "" "" 182863524031073536 1986.1991 0.4807 0.0692 0.07 -2.307 0.08 0.056 1.038 5860.5 4.483 16.503204 1.373025 17.061617 15.688592 "" "" 1777.38733 2293.65796 4716.98819 3.4355 2045.4 22.043 4204.6 21.028 "" "" 0.0028665492329875276 0.012028903 0.006615763 0.018644666 82.04969172729 34.88375079649 1986.1991 0.06999999999999998 -2.3069999999999977 0.17199999809265137 -0.006199914932250916 0.19689596 0.17289597 "" "" 1.6203600389335857 "" 0.31899494951321855 ""
