Clusters/NGC_6383/NGC_6383_members.tsv
# %ECSV 1.0
# ---
# datatype:
# - name: RA_ICRS_1
#   unit: deg
#   datatype: float64
#   format: '{:15.11f}'
#   description: Right ascension (ICRS) at Ep=2016.0 (ra)
#   meta: !!omap
#   - {ucd: POS_EQ_RA_MAIN}
#   - {width: 15}
#   - {precision: '11'}
# - name: DE_ICRS_1
#   unit: deg
#   datatype: float64
#   format: '{:15.11f}'
#   description: Declination (ICRS) at Ep=2016.0 (dec)
#   meta: !!omap
#   - {ucd: POS_EQ_DEC_MAIN}
#   - {width: 15}
#   - {precision: '11'}
# - name: e_RA_ICRS
#   unit: mas
#   datatype: float64
#   format: '{:7.4f}'
#   description: Standard error of right ascension (ra_error)
#   meta: !!omap
#   - {ucd: ERROR}
#   - {width: 7}
#   - {precision: '4'}
# - name: e_DE_ICRS
#   unit: mas
#   datatype: float64
#   format: '{:7.4f}'
#   description: Standard error of declination (dec_error)
#   meta: !!omap
#   - {ucd: ERROR}
#   - {width: 7}
#   - {precision: '4'}
# - name: _r_1
#   unit: ''
#   datatype: float64
#   format: '{:7.4f}'
#   description: Distance from center (263.65730836000-32.57299479000)[ICRS], at Epoch=J2016.0
#   meta: !!omap
#   - {ucd: POS_ANG_DIST_GENERAL}
#   - {width: 7}
#   - {precision: '4'}
# - name: HIP
#   datatype: int32
#   description: '? HIP cross-id number, van Leeuwen, Cat. I/311 (hip_original_ext_source_id)'
#   meta: !!omap
#   - {ucd: ID_NUMBER}
#   - {width: 6}
#   - values: {'null': -2147483648}
# - name: TYC2
#   datatype: string
#   description: Tycho-2 cross-id name, Hog et al., Cat. I/259 (tyc2_original_ext_source_id)
#   meta: !!omap
#   - {ucd: ID_CROSSID}
#   - {_votable_string_dtype: char}
# - name: Source
#   datatype: int64
#   description: Source identifier, identical to the Gaia-EDR3 source_id (id)
#   meta: !!omap
#   - {ucd: ID_MAIN}
#   - {width: 19}
# - name: rgeo
#   unit: pc
#   datatype: float64
#   format: '{:15.8f}'
#   description: '? Median of the geometric distance posterior (r_med_geo)'
#   meta: !!omap
#   - {ucd: PHYS_DISTANCE_TRUE}
#   - {width: 15}
#   - {precision: '8'}
#   - values: {'null': .nan}
# - name: Plx
#   unit: mas
#   datatype: float64
#   format: '{:9.4f}'
#   description: '? Parallax (parallax)'
#   meta: !!omap
#   - {ucd: POS_PARLX_TRIG}
#   - {width: 9}
#   - {precision: '4'}
#   - values: {'null': .nan}
# - name: e_Plx
#   unit: mas
#   datatype: float32
#   format: '{:7.4f}'
#   description: '? Standard error of parallax (parallax_error)'
#   meta: !!omap
#   - {ucd: ERROR}
#   - {width: 7}
#   - {precision: '4'}
#   - values: {'null': .nan}
# - name: pmRA
#   unit: mas / yr
#   datatype: float64
#   format: '{:9.3f}'
#   description: '? Proper motion in right ascension direction, pmRA*cosDE (pmra)'
#   meta: !!omap
#   - {ucd: POS_EQ_PMRA}
#   - {width: 9}
#   - {precision: '3'}
#   - values: {'null': .nan}
# - name: pmDE
#   unit: mas / yr
#   datatype: float64
#   format: '{:9.3f}'
#   description: '? Proper motion in declination direction (pmdec)'
#   meta: !!omap
#   - {ucd: POS_EQ_PMDEC}
#   - {width: 9}
#   - {precision: '3'}
#   - values: {'null': .nan}
# - name: e_pmRA
#   unit: mas / yr
#   datatype: float32
#   format: '{:6.3f}'
#   description: '? Standard error of proper motion in right ascension direction (pmra_error)'
#   meta: !!omap
#   - {ucd: ERROR}
#   - {width: 6}
#   - {precision: '3'}
#   - values: {'null': .nan}
# - name: e_pmDE
[...]
#       distance: !astropy.table.SerializedColumn
#         __class__: astropy.coordinates.distances.Distance
#         unit: !astropy.units.Unit {unit: pc}
#         value: !astropy.table.SerializedColumn {name: SkyCoord.distance}
#       frame: icrs
#       obstime: !astropy.time.Time {format: jyear_str, in_subfmt: '*', jd1: 367701545.0, jd2: 0.0, out_subfmt: '*', precision: 3, scale: tt}
#       pm_dec: !astropy.table.SerializedColumn
#         __class__: astropy.units.quantity.Quantity
#         unit: !astropy.units.Unit {unit: mas / yr}
#         value: !astropy.table.SerializedColumn {name: SkyCoord.pm_dec}
#       pm_ra_cosdec: !astropy.table.SerializedColumn
#         __class__: astropy.units.quantity.Quantity
#         unit: !astropy.units.Unit {unit: mas / yr}
#         value: !astropy.table.SerializedColumn {name: SkyCoord.pm_ra_cosdec}
#       ra: !astropy.table.SerializedColumn
#         __class__: astropy.coordinates.angles.Longitude
#         unit: *id001
#         value: !astropy.table.SerializedColumn {name: SkyCoord.ra}
#         wrap_angle: !astropy.coordinates.Angle
#           unit: *id001
#           value: 360.0
#       representation_type: spherical
# schema: astropy-2.0
RA_ICRS_1 DE_ICRS_1 e_RA_ICRS e_DE_ICRS _r_1 HIP TYC2 Source rgeo Plx e_Plx pmRA pmDE e_pmRA e_pmDE RUWE Teff logg Gmag BP-RP BPmag RPmag RV e_RV b_rgeo B_rgeo FG e_FG FBP e_FBP FRP e_FRP RAVE5 RAVE6 e_Gmag e_BPmag e_RPmag e_BP-RP SkyCoord.ra SkyCoord.dec SkyCoord.distance SkyCoord.pm_ra_cosdec SkyCoord.pm_dec rmRA rmDE e_rmRA e_rmDE rRV e_rRV v_pec v_pec3d e_vpec e_vpec3d Pmemb
263.60214994049 -32.50444857968 0.0293 0.0219 4.9698 85985 7380-791-1 4054631788110501888 1084.57129 0.8974 0.0349 2.616 -1.86 0.04 0.028 1.045 18206.4 3.7618 8.799634 0.228021 8.843576 8.615556 "" "" 1047.55078 1123.20813 5689750.75863 50863.0 3962700.0 108110.0 2837500.0 74515.0 "" "" 0.010089354439958283 0.02975207 0.028761687 0.058513757 263.60214994049 -32.50444857968 1084.57129 2.6160000000000014 -1.8599999999999997 0.07092863655090342 -0.1280445909500123 0.24381843 0.23181844 "" "" 0.752505922461873 "" 0.17660648083487418 "" 1.0
263.59175794434 -32.56079736861 0.025 0.0187 3.3944 "" 7380-493-1 4054618353452782976 1128.4375 0.8593 0.0294 2.668 -1.811 0.032 0.023 0.886 16695.5 3.7243 8.961167 0.177649 9.001101 8.823452 "" "" 1093.28845 1161.41113 4903203.65359 2477.2 3427500.0 2637.8 2343000.0 1357.4 "" "" 0.0028093916663364605 0.002912601 0.0038313684 0.0067439694 263.59175794434 -32.56079736861 1128.4375 2.668 -1.8109999999999995 0.12292863655090347 -0.07904459095001215 0.23581845 0.22681844 "" "" 0.7817202510014244 "" 0.18231414097432358 "" 1.0
263.6606288818 -32.58314760922 0.0249 0.019 0.6319 "" "" 4054618765769604992 976.666382 1.0005 0.0276 2.61 -1.953 0.033 0.024 1.002 13517.3 3.6628 9.802772 0.250657 9.877749 9.627092 "" "" 953.827698 998.948853 2258592.61352 927.65 1528700.0 1467.4 1117700.0 601.65 "" "" 0.002791172962832562 0.0029784604 0.003824304 0.0068027647 263.6606288818 -32.58314760922 976.666382 2.6099999999999994 -1.9529999999999994 0.0649286365509032 -0.22104459095001228 0.23681843 0.22781844 "" "" 1.0665358780754899 "" 0.24375277358097192 "" 1.0
263.64559845779 -32.56312576386 0.042 0.0305 0.8374 "" "" 4054618834489101184 1070.18665 0.9192 0.0491 2.657 -1.504 0.056 0.039 1.478 7548.9 3.3187 10.293187 0.242983 10.363914 10.120931 "" "" 1012.5127 1119.5564 1437711.65077 549.82 976900.0 772.04 709230.0 393.85 "" "" 0.0027864301386971175 0.002919127 0.003827173 0.0067463 263.64559845779 -32.56312576386 1070.18665 2.657 -1.5039999999999998 0.11192863655090335 0.2279554090499878 0.25981843 0.24281844 "" "" 1.288219128305585 "" 0.31717591679014195 "" 0.8
263.51446549886 -32.40334560156 0.0178 0.0138 12.4849 "" 7380-940-1 4054636186157088768 1182.82751 0.8202 0.0208 2.555 -1.657 0.023 0.017 0.879 12919.5 3.9047 10.62804 0.267642 10.710226 10.442584 "" "" 1152.71008 1211.68994 1056162.37113 287.63 710110.0 377.46 527380.0 217.34 J173403.5-322412 20050426_1740m31_019 0.0027711402733955814 0.0028492315 0.0038057766 0.006655008 263.51446549886 -32.40334560156 1182.82751 2.5549999999999984 -1.6570000000000005 0.00992863655090348 0.07495540904998776 0.22681844 0.22081845 "" "" 0.42391591428789527 "" 0.0936528964647817 "" 1.0
263.68125645024 -32.5882065761 0.0167 0.0129 1.5162 "" "" 4054618559611157120 1085.34583 0.8919 0.0191 2.492 -1.888 0.021 0.016 0.752 "" "" 10.691149 0.261488 10.768782 10.507294 "" "" 1061.95605 1105.04565 996522.50376 443.57 672830.0 763.52 496870.0 701.76 "" "" 0.0027973826257877677 0.0030500938 0.0040786276 0.007128721 263.68125645024 -32.5882065761 1085.34583 2.492 -1.888 -0.05307136344909669 -0.1560445909500121 0.22481844 0.21981844 "" "" 0.847936246740867 "" 0.1868360575188911 "" 0.9
263.66735515485 -32.57267059204 0.024 0.018 0.5084 "" "" 4054618765769608704 1153.15271 0.849 0.0301 2.764 -1.494 0.032 0.023 0.958 "" "" 10.779019 0.30028 10.873713 10.573434 47.59 11.49 1117.6239 1191.46729 919049.42382 366.05 610850.0 931.08 467500.0 319.92 "" "" 0.0027890488956120135 0.0032440415 0.0038517222 0.0070957635 263.66735515485 -32.57267059204 1153.15271 2.764 -1.4939999999999996 0.2189286365509031 0.2379554090499878 0.23581845 0.22681844 72.64 14.619259 1.7673901394489737 72.66149783692201 0.40824560524504233 14.614936958636378 1.0
263.48445673438 -32.59341286506 0.02 0.0159 8.8242 "" 7380-240-1 4054629520367771264 1121.11926 0.8605 0.0233 2.349 -1.691 0.027 0.019 0.973 13212.7 3.9581 10.782413 0.293981 10.875273 10.581292 "" "" 1094.67542 1146.078 916181.63908 434.45 609970.0 661.89 464130.0 459.14 "" "" 0.0028030094798589793 0.0030287113 0.003929038 0.0069577494 263.48445673438 -32.59341286506 1121.11926 2.3489999999999993 -1.690999999999999 -0.19607136344909648 0.040955409049987734 0.23081844 0.22281843 "" "" 1.064431673931015 "" 0.24534036953929197 "" 1.0
263.68155440397 -32.58125461597 0.0184 0.0149 1.3223 "" "" 4054618662690376960 1122.21545 0.8668 0.0216 2.644 -1.723 0.023 0.019 0.794 "" "" 10.815984 0.246091 10.889047 10.642956 "" "" 1094.49829 1150.98853 888287.21612 300.33 602280.0 641.4 438510.0 578.45 "" "" 0.002779665921662916 0.0030202616 0.004041657 0.0070619183 263.68155440397 -32.58125461597 1122.21545 2.644 -1.7230000000000003 0.09892863655090345 0.008955409049987706 0.22681844 0.22281843 "" "" 0.5283829417076014 "" 0.11982996729441535 "" 1.0
263.57670280868 -32.42468738487 0.018 0.014 9.7888 "" 7380-177-1 4054633368658505984 955.55603 1.009 0.0205 2.764 -2.338 0.025 0.019 1.008 "" "" 10.846895 1.378388 11.465793 10.087405 -30.2 1.02 935.299377 975.671875 863353.36345 134.7 354080.0 242.29 731470.0 246.62 "" "" 0.002760522492084926 0.0028873899 0.0037970685 0.0066844583 263.57670280868 -32.42468738487 955.55603 2.764 -2.3380000000000014 0.2189286365509031 -0.6060445909500123 0.22881845 0.22281843 -5.149999999999999 4.149259 2.918592912505764 5.919517259788071 0.6523617045441947 3.624170550433815 0.9
263.86619736388 -32.66328447792 0.0229 0.0182 11.8655 "" 7380-767-1 4054567535397781248 1173.17542 0.8056 0.0282 2.916 -1.383 0.032 0.023 0.906 "" "" 11.337906 0.327868 11.443291 11.115422 13.3 22.85 1138.68726 1219.54504 549267.90546 196.8 361490.0 235.25 283780.0 169.68 "" "" 0.0027826464497478554 0.0028782452 0.003834733 0.0067129782 263.86619736388 -32.66328447792 1173.17542 2.916000000000001 -1.383 0.37092863655090325 0.3489554090499878 0.23581845 0.22681844 38.35 25.97926 2.8319857471417538 38.4544229351061 0.6559911256848342 25.908757886978005 0.8
263.65915253769 -32.56358270156 0.0211 0.0163 0.5724 "" "" 4054618834489095552 1066.60107 0.8925 0.0251 2.759 -1.868 0.027 0.02 0.836 "" "" 11.351808 0.366198 11.475261 11.109063 -0.46 27.16 1034.57666 1098.35229 542280.3341 472.75 351000.0 790.87 285450.0 291.15 "" "" 0.002913365483290336 0.0037107652 0.003938286 0.007649051 263.65915253769 -32.56358270156 1066.60107 2.759 -1.8679999999999999 0.21392863655090322 -0.1360445909500123 0.23081844 0.22381844 24.59 30.289259 1.2817302771894818 24.623381825075615 0.2932915207226254 30.248199776477904 0.9
263.68184888471 -32.56108467804 0.0185 0.014 1.432 "" "" 4054618903208788992 1089.38916 0.8842 0.0212 2.637 -1.565 0.025 0.018 0.9 "" "" 11.730128 1.021642 12.152622 11.13098 1.69 1.23 1063.86719 1117.73914 382732.4509 89.649 188090.0 145.2 279750.0 88.59 "" "" 0.0027670320313859693 0.0029133407 0.0037949893 0.00670833 263.68184888471 -32.56108467804 1089.38916 2.637 -1.565 0.09192863655090333 0.16695540904998785 0.22881845 0.22181845 26.740000000000002 4.359259 0.9841563523184964 26.75810463627439 0.21992601941898313 4.35631714679989 1.0
263.60322544341 -32.46299810613 0.0176 0.0134 7.1445 "" 7380-538-1 4054632093030813312 1121.87585 0.8274 0.0203 2.543 -1.717 0.026 0.018 0.798 "" "" 11.736438 0.341396 11.849908 11.508512 -0.37 20.13 1103.24792 1145.00488 380515.0137 103.52 248570.0 171.51 197580.0 127.13 "" "" 0.002771107541090869 0.00288899 0.0038434062 0.0067323963 263.60322544341 -32.46299810613 1121.87585 2.5430000000000015 -1.7170000000000005 -0.0020713634490965305 0.014955409049987711 0.22981843 0.22181845 24.68 23.259258 0.08028742287092863 24.68013059265026 0.017821534502597942 23.259135196101404 1.0
263.69272633348 -32.29824277604 0.0146 0.0109 16.5824 "" "" 4054640133214136064 1134.77417 0.825 0.0162 2.24 -1.442 0.02 0.013 0.768 "" "" 11.747883 0.406184 11.888116 11.481932 "" "" 1112.83447 1153.92419 376524.71438 93.123 239980.0 131.71 202480.0 110.24 "" "" 0.002768374269173393 0.0028530923 0.0038253313 0.006678424 263.69272633348 -32.29824277604 1134.77417 2.24 -1.4419999999999993 -0.30507136344909647 0.28995540904998784 0.22381844 0.21681844 "" "" 2.263859050975545 "" 0.49923492187260876 "" 0.8
263.6688825121 -32.58184630837 0.023 0.0175 0.7903 "" "" 4054618555293899392 1155.39307 0.8079 0.0246 2.614 -2.2 0.031 0.022 0.901 "" "" 11.812251 0.380007 11.93446 11.554453 61.98 27.58 1122.16003 1186.52454 354851.08662 119.03 229950.0 230.47 189400.0 102.14 "" "" 0.002779285477565033 0.0029948638 0.0038244685 0.006819332 263.6688825121 -32.58184630837 1155.39307 2.614 -2.2 0.0689286365509032 -0.4680445909500124 0.23481844 0.22581844 87.03 30.709259 2.5909231668088255 87.06855794634654 0.5855828732728751 30.69566451243689 0.8
263.56031842969 -32.59831418313 0.0156 0.0122 5.1333 "" "" 4054617803696964608 1093.79602 0.8681 0.0185 2.559 -1.765 0.021 0.016 0.827 7156.5 3.734 12.049472 0.430532 12.199645 11.769113 "" "" 1073.86987 1115.21655 285205.47874 72.857 180120.0 139.91 155420.0 82.917 J173414.5-323554 20050426_1740m31_016 0.002769244630231414 0.002914841 0.0038235127 0.0067383535 263.56031842969 -32.59831418313 1093.79602 2.559 -1.765 0.013928636550903484 -0.03304459095001211 0.22481844 0.21981844 "" "" 0.1859203994929538 "" 0.04101032803543316 "" 1.0
263.77307136509 -32.60843818341 0.0137 0.0111 6.2265 "" "" 4054614981881111168 1154.84204 0.8352 0.016 2.513 -1.81 0.017 0.013 0.816 9349.2 4.0718 12.302757 0.54096 12.503774 11.962813 -2.8 8.02 1131.0293 1177.89966 225862.37351 81.505 136120.0 158.99 130030.0 101.18 "" "" 0.002783037331796769 0.0030648431 0.0038726586 0.006937502 263.77307136509 -32.60843818341 1154.84204 2.5129999999999986 -1.8099999999999992 -0.03207136344909678 -0.07804459095001226 0.22081845 0.21681844 22.25 11.14926 0.4618772860285565 22.254793430345497 0.10041252576980812 11.146858337882051 1.0
263.67433056382 -32.57671273265 0.0188 0.0147 0.8891 "" "" 4054618658373114112 1175.99939 0.8089 0.0214 2.688 -2.069 0.024 0.018 0.948 7996.9 3.9968 12.358892 0.397689 12.491329 12.09364 "" "" 1143.29163 1206.62402 214481.44185 71.772 137680.0 138.58 115270.0 66.116 "" "" 0.0027791709270200355 0.0029965534 0.0038303456 0.006826899 263.67433056382 -32.57671273265 1175.99939 2.688 -2.069 0.1429286365509035 -0.33704459095001216 0.22781844 0.22181845 "" "" 2.0407163400715005 "" 0.45455611893390085 "" 1.0
263.52368105286 -32.46854950609 0.0143 0.0109 9.2182 "" "" 4054632814585319168 1133.49377 0.8545 0.0165 2.329 -1.558 0.019 0.014 0.855 "" "" 12.385732 0.409416 12.530229 12.120812 "" "" 1109.7373 1153.89563 209244.51171 67.757 132840.0 118.5 112420.0 148.27 "" "" 0.0027776605360113906 0.0029534898 0.0040415674 0.006995057 263.52368105286 -32.46854950609 1133.49377 2.329 -1.5579999999999994 -0.2160713634490965 0.17395540904998774 0.22281843 0.21781844 "" "" 1.4903704254083434 "" 0.3291716011048167 "" 0.9
263.62042326699 -32.53190088183 0.0139 0.0105 3.0918 "" "" 4054619860963955584 1089.66089 0.8864 0.016 2.476 -1.845 0.019 0.013 0.823 "" "" 12.412847 0.417798 12.559876 12.142078 "" "" 1070.34314 1106.7998 204083.63242 56.605 129260.0 61.0 110240.0 84.323 "" "" 0.002771727933700957 0.0028368253 0.0038695517 0.006706377 263.62042326699 -32.53190088183 1089.66089 2.476 -1.845 -0.0690713634490967 -0.11304459095001218 0.22281843 0.21681844 "" "" 0.6842383850983543 "" 0.1494826952609343 "" 1.0
263.65773966575 -32.60517248702 0.014 0.0108 1.9308 "" "" 4054618520934162944 1101.57971 0.8806 0.0164 2.672 -1.675 0.018 0.013 0.888 8924.9 3.8383 12.445959 0.900421 12.805598 11.905177 26.76 6.3 1084.41199 1122.80896 197953.51476 672.47 103080.0 1340.6 137120.0 1151.0 "" "" 0.004603892959210407 0.0143934935 0.009866348 0.024259841 263.65773966575 -32.60517248702 1101.57971 2.6719999999999993 -1.6750000000000007 0.12692863655090347 0.05695540904998775 0.22181845 0.21681844 51.81 9.429259 0.7264213242374833 51.81509227956954 0.16053063013471672 9.428332880832887 1.0
263.68791940205 -32.58759688295 0.0201 0.0158 1.7784 "" "" 4054618589653638528 1100.27991 0.875 0.0232 2.287 -1.834 0.026 0.021 1.057 10515.2 4.0673 12.45461 0.41299 12.584494 12.171504 "" "" 1073.25708 1130.15149 196382.4456 82.864 126360.0 133.61 107290.0 264.31 "" "" 0.0027931472075132424 0.0030171217 0.004630104 0.0076472256 263.68791940205 -32.58759688295 1100.27991 2.287 -1.834 -0.25807136344909676 -0.10204459095001228 0.22981843 0.22481844 "" "" 1.4473253201167369 "" 0.33165280201695324 "" 1.0
263.6660551857 -32.56828935062 0.0184 0.014 0.5247 "" "" 4054618864535356928 1121.56531 0.8561 0.0217 2.258 -1.67 0.023 0.017 0.973 "" "" 12.565793 0.470634 12.733262 12.262628 "" "" 1098.58691 1148.05859 177267.59803 65.739 110180.0 98.996 98652.0 73.465 "" "" 0.002784584204740143 0.002955791 0.0038649007 0.0068206917 263.6660551857 -32.56828935062 1121.56531 2.258 -1.67 -0.2870713634490967 0.061955409049987864 0.22681844 0.22081845 "" "" 1.5612718707622613 "" 0.35371362402592454 "" 1.0
263.67143626236 -32.58061768696 0.018 0.0137 0.8482 "" "" 4054618559611168128 1114.974 0.8641 0.0201 2.101 -1.516 0.024 0.017 0.925 "" "" 12.633535 0.642218 12.863983 12.221766 "" "" 1090.89441 1137.75061 166545.31299 72.75 97684.0 244.93 102440.0 186.66 "" "" 0.002795839880058304 0.0038982304 0.00426587 0.0081641 263.67143626236 -32.58061768696 1114.974 2.1009999999999986 -1.516 -0.4440713634490967 0.21595540904998778 0.22781844 0.22081845 "" "" 2.6097090797119584 "" 0.5910895509657694 "" 0.9
263.59028892311 -32.56512742329 0.021 0.0159 3.4215 "" "" 4054618314775730048 1131.26379 0.8539 0.0241 2.583 -1.903 0.029 0.02 1.302 10108.4 4.0412 12.753172 0.540505 12.900209 12.359704 "" "" 1099.11951 1169.4519 149168.81139 41.948 94479.0 549.47 90215.0 1052.2 "" "" 0.0027721851850327013 0.0069033946 0.013215166 0.02011856 263.59028892311 -32.56512742329 1131.26379 2.583 -1.903 0.037928636550903505 -0.17104459095001223 0.23281844 0.22381844 "" "" 0.9394525927691826 "" 0.21067065551565325 "" 0.9
263.66497197292 -32.56970607328 0.016 0.0121 0.4348 "" "" 4054618761452328960 1079.58459 0.8966 0.0197 2.493 -1.478 0.022 0.015 0.875 8492.3 4.2764 12.759537 0.545691 12.960197 12.414506 "" "" 1057.15283 1099.92188 148296.94322 47.647 89400.0 127.96 85774.0 55.794 "" "" 0.0027773151653290667 0.0031937559 0.003844803 0.007038559 263.66497197292 -32.56970607328 1079.58459 2.4929999999999986 -1.4779999999999998 -0.0520713634490968 0.2539554090499878 0.22581844 0.21881844 "" "" 1.3265850222607773 "" 0.2906616642229564 "" 1.0
263.57187270589 -32.42405495261 0.0163 0.013 9.9273 "" "" 4054633368658508416 1086.87146 0.8778 0.0181 2.589 -1.885 0.023 0.018 0.918 6562.5 3.7643 13.467113 1.08159 13.919085 12.837495 2.33 4.45 1064.41931 1106.82068 77286.13233 14.577 36964.0 34.914 58098.0 31.058 "" "" 0.002762919632583436 0.002972666 0.00382369 0.0067963563 263.57187270589 -32.42405495261 1086.87146 2.5890000000000013 -1.8850000000000007 0.04392863655090329 -0.15304459095001222 0.22681844 0.22181845 27.380000000000003 7.579259 0.8202869931732009 27.392284876424043 0.18227021724429435 7.575861743286761 1.0
263.60506477035 -32.80530262226 0.0148 0.0124 14.1859 "" "" 4054588494839284480 1107.44885 0.8623 0.0208 2.737 -1.595 0.019 0.015 0.87 "" "" 13.479772 0.698309 13.747369 13.04906 "" "" 1080.39868 1132.94165 76390.30521 26.655 43298.0 38.776 47812.0 42.596 "" "" 0.002781243435996996 0.0029547417 0.0039012018 0.0068559432 263.60506477035 -32.80530262226 1107.44885 2.7369999999999988 -1.5950000000000002 0.19192863655090342 0.13695540904998782 0.22281843 0.21881844 "" "" 1.2376948381379136 "" 0.2741208683407313 "" 1.0
