Clusters/NGC_6383/NGC_6383_stars_in_region.tsv
# %ECSV 1.0
# ---
# datatype:
# - name: RA_ICRS_1
#   unit: deg
#   datatype: float64
#   format: '{:15.11f}'
#   description: Right ascension (ICRS) at Ep=2016.0 (ra)
#   meta: !!omap
#   - {ucd: POS_EQ_RA_MAIN}
#   - {width: 15}
#   - {precision: '11'}
# - name: DE_ICRS_1
#   unit: deg
#   datatype: float64
#   format: '{:15.11f}'
#   description: Declination (ICRS) at Ep=2016.0 (dec)
#   meta: !!omap
#   - {ucd: POS_EQ_DEC_MAIN}
#   - {width: 15}
#   - {precision: '11'}
# - name: e_RA_ICRS
#   unit: mas
#   datatype: float64
#   format: '{:7.4f}'
#   description: Standard error of right ascension (ra_error)
#   meta: !!omap
#   - {ucd: ERROR}
#   - {width: 7}
#   - {precision: '4'}
# - name: e_DE_ICRS
#   unit: mas
#   datatype: float64
#   format: '{:7.4f}'
#   description: Standard error of declination (dec_error)
#   meta: !!omap
#   - {ucd: ERROR}
#   - {width: 7}
#   - {precision: '4'}
# - name: _r_1
#   unit: ''
#   datatype: float64
#   format: '{:7.4f}'
#   description: Distance from center (263.65730836000-32.57299479000)[ICRS], at Epoch=J2016.0
#   meta: !!omap
#   - {ucd: POS_ANG_DIST_GENERAL}
#   - {width: 7}
#   - {precision: '4'}
# - name: HIP
#   datatype: int32
#   description: '? HIP cross-id number, van Leeuwen, Cat. I/311 (hip_original_ext_source_id)'
#   meta: !!omap
#   - {ucd: ID_NUMBER}
#   - {width: 6}
#   - values: {'null': -2147483648}
# - name: TYC2
#   datatype: string
#   description: Tycho-2 cross-id name, Hog et al., Cat. I/259 (tyc2_original_ext_source_id)
#   meta: !!omap
#   - {ucd: ID_CROSSID}
#   - {_votable_string_dtype: char}
# - name: Source
#   datatype: int64
#   description: Source identifier, identical to the Gaia-EDR3 source_id (id)
#   meta: !!omap
#   - {ucd: ID_MAIN}
#   - {width: 19}
# - name: rgeo
#   unit: pc
#   datatype: float64
#   format: '{:15.8f}'
#   description: '? Median of the geometric distance posterior (r_med_geo)'
#   meta: !!omap
#   - {ucd: PHYS_DISTANCE_TRUE}
#   - {width: 15}
#   - {precision: '8'}
#   - values: {'null': .nan}
# - name: Plx
#   unit: mas
#   datatype: float64
#   format: '{:9.4f}'
#   description: '? Parallax (parallax)'
#   meta: !!omap
#   - {ucd: POS_PARLX_TRIG}
#   - {width: 9}
#   - {precision: '4'}
#   - values: {'null': .nan}
# - name: e_Plx
#   unit: mas
#   datatype: float32
#   format: '{:7.4f}'
#   description: '? Standard error of parallax (parallax_error)'
#   meta: !!omap
#   - {ucd: ERROR}
#   - {width: 7}
#   - {precision: '4'}
#   - values: {'null': .nan}
# - name: pmRA
#   unit: mas / yr
#   datatype: float64
#   format: '{:9.3f}'
#   description: '? Proper motion in right ascension direction, pmRA*cosDE (pmra)'
#   meta: !!omap
#   - {ucd: POS_EQ_PMRA}
#   - {width: 9}
#   - {precision: '3'}
#   - values: {'null': .nan}
# - name: pmDE
#   unit: mas / yr
#   datatype: float64
#   format: '{:9.3f}'
#   description: '? Proper motion in declination direction (pmdec)'
#   meta: !!omap
#   - {ucd: POS_EQ_PMDEC}
#   - {width: 9}
#   - {precision: '3'}
#   - values: {'null': .nan}
# - name: e_pmRA
#   unit: mas / yr
#   datatype: float32
#   format: '{:6.3f}'
#   description: '? Standard error of proper motion in right ascension direction (pmra_error)'
#   meta: !!omap
#   - {ucd: ERROR}
#   - {width: 6}
#   - {precision: '3'}
#   - values: {'null': .nan}
# - name: e_pmDE
[...]
#         value: !astropy.table.SerializedColumn {name: SkyCoord.dec}
#       distance: !astropy.table.SerializedColumn
#         __class__: astropy.coordinates.distances.Distance
#         unit: !astropy.units.Unit {unit: pc}
#         value: !astropy.table.SerializedColumn {name: SkyCoord.distance}
#       frame: icrs
#       obstime: !astropy.time.Time {format: jyear_str, in_subfmt: '*', jd1: 367701545.0, jd2: 0.0, out_subfmt: '*', precision: 3, scale: tt}
#       pm_dec: !astropy.table.SerializedColumn
#         __class__: astropy.units.quantity.Quantity
#         unit: !astropy.units.Unit {unit: mas / yr}
#         value: !astropy.table.SerializedColumn {name: SkyCoord.pm_dec}
#       pm_ra_cosdec: !astropy.table.SerializedColumn
#         __class__: astropy.units.quantity.Quantity
#         unit: !astropy.units.Unit {unit: mas / yr}
#         value: !astropy.table.SerializedColumn {name: SkyCoord.pm_ra_cosdec}
#       ra: !astropy.table.SerializedColumn
#         __class__: astropy.coordinates.angles.Longitude
#         unit: *id001
#         value: !astropy.table.SerializedColumn {name: SkyCoord.ra}
#         wrap_angle: !astropy.coordinates.Angle
#           unit: *id001
#           value: 360.0
#       representation_type: spherical
# schema: astropy-2.0
RA_ICRS_1 DE_ICRS_1 e_RA_ICRS e_DE_ICRS _r_1 HIP TYC2 Source rgeo Plx e_Plx pmRA pmDE e_pmRA e_pmDE RUWE Teff logg Gmag BP-RP BPmag RPmag RV e_RV b_rgeo B_rgeo FG e_FG FBP e_FBP FRP e_FRP RAVE5 RAVE6 e_Gmag e_BPmag e_RPmag e_BP-RP SkyCoord.ra SkyCoord.dec SkyCoord.distance SkyCoord.pm_ra_cosdec SkyCoord.pm_dec rmRA rmDE e_rmRA e_rmDE rRV e_rRV v_pec v_pec3d e_vpec e_vpec3d
[from data line 2906]
263.77013854124 -32.58628898451 0.0712 0.0602 5.76 "" "" 4054615806516895360 1159.1792 0.8651 0.0851 0.173 0.654 0.088 0.07 0.908 4932.2 4.7209 16.8807 1.450296 17.537203 16.086906 "" "" 1059.03186 1278.28491 3331.71097 3.295 1319.9 12.985 2913.4 16.831 "" "" 0.002957157006563818 0.011039738 0.0073230322 0.01836277 263.77013854124 -32.58628898451 1159.1792 0.173 0.654 -2.3720713634490966 2.3859554090499877 0.29181844 0.27381843 "" "" 18.485987451002813 "" 5.229854064452778 ""
263.0580531894 -32.45359964705 0.0681 0.0523 31.1547 "" "" 4054801490861243904 1206.13354 0.8269 0.0768 -1.529 -6.199 0.085 0.059 0.982 4853.5 4.6764 16.880709 1.561148 17.577227 16.016079 "" "" 1124.05481 1334.48779 3331.68193 2.5923 1272.1 14.391 3109.8 25.673 "" "" 0.002881917851282411 0.012595629 0.009727522 0.02232315 263.0580531894 -32.45359964705 1206.13354 -1.5290000000000006 -6.199000000000004 -4.074071363449097 -4.467044590950012 0.28881845 0.26281846 "" "" 34.56468039110955 "" 9.502855793122476 ""
263.04404954465 -32.6306377593 0.0621 0.0475 31.1902 "" "" 4054791212980297216 1046.38525 0.949 0.0719 0.362 -6.933 0.088 0.059 1.007 4590.9 4.4707 16.880753 1.564192 17.626902 16.06271 "" "" 982.475525 1154.57812 3331.54819 2.6071 1215.2 7.8974 2979.0 8.9075 "" "" 0.0028833453885389114 0.007587665 0.00498229 0.012569955 263.04404954465 -32.6306377593 1046.38525 0.3619999999999996 -6.933 -2.1830713634490966 -5.201044590950012 0.29181844 0.26281846 "" "" 27.976751241237988 "" 7.479940261183742 ""
264.08903071048 -32.50727534865 0.0678 0.0534 22.19 "" "" 4054950783910055296 1236.61548 0.789 0.0722 3.326 -8.55 0.082 0.059 0.996 4527.5 4.384 16.880758 1.480661 17.565115 16.084454 "" "" 1140.50159 1381.28174 3331.53016 2.5517 1286.4 8.6546 2920.0 11.569 "" "" 0.0028780782211256803 0.007819331 0.00572609 0.013545422 264.08903071048 -32.50727534865 1236.61548 3.326 -8.55 0.7809286365509034 -6.818044590950013 0.28581846 0.26281846 "" "" 40.22565296658516 "" 10.584541288197391 ""
263.27714670618 -32.18833698186 0.0796 0.0613 30.062 "" "" 4054830761040150912 1005.71088 0.9879 0.0835 -3.513 -5.67 0.101 0.073 1.038 4369.0 4.6831 16.881445 1.682301 17.66495 15.982649 "" "" 925.996216 1099.19946 3329.42234 2.8064 1173.4 17.47 3207.0 11.088 "" "" 0.00290333220694618 0.016403863 0.00532684 0.021730702 263.27714670618 -32.18833698186 1005.71088 -3.512999999999998 -5.67 -6.058071363449097 -3.938044590950012 0.30481845 0.27681845 "" "" 34.4446504026446 "" 10.222385421019645 ""
264.06434019919 -32.15048561282 0.0713 0.0542 32.6832 "" "" 4055006545461103488 1138.1936 0.8597 0.0795 -3.406 -2.975 0.099 0.065 1.13 4858.9 4.6818 16.882078 1.541384 17.584377 16.042994 "" "" 1051.15979 1239.95081 3327.47886 2.9152 1263.8 7.6526 3033.6 12.827 "" "" 0.0029148917268307403 0.007141957 0.0059463796 0.013088336 264.06434019919 -32.15048561282 1138.1936 -3.4059999999999984 -2.9750000000000014 -5.951071363449097 -1.2430445909500123 0.30281845 0.26881844 "" "" 32.79917140214319 "" 9.888092825095931 ""
263.95820539403 -32.73729140753 0.0836 0.0634 18.1168 "" "" 4054563167397402624 896.729248 1.0899 0.0773 -2.078 3.143 0.118 0.08 0.992 4394.7 4.6638 16.882982 1.5348 17.59494 16.06014 "" "" 834.231384 954.200439 3324.71062 3.1062 1251.5 6.4463 2986.1 17.838 "" "" 0.002936111760083027 0.006249865 0.007506652 0.013756517 263.95820539403 -32.73729140753 896.729248 -2.078000000000003 3.143 -4.623071363449096 4.874955409049988 0.32181844 0.28381842 "" "" 28.556878395029152 "" 8.635805144294679 ""
263.83509899947 -32.63852247125 0.0686 0.0568 9.8087 "" "" 4054567805962307328 991.416443 0.9908 0.0827 -3.425 -7.148 0.084 0.061 0.986 4251.0 4.5689 16.885061 1.483972 17.565271 16.081299 "" "" 922.121826 1103.94141 3318.35022 2.4743 1286.2 10.35 2928.5 19.218 "" "" 0.0028717926527082513 0.009171589 0.008065352 0.01723694 263.83509899947 -32.63852247125 991.416443 -3.425 -7.148 -5.9700713634490965 -5.416044590950012 0.28781843 0.26481843 "" "" 37.879878398251776 "" 10.51814072799594 ""
263.56867667151 -32.44668176321 0.0996 0.0727 8.8062 "" "" 4054632921984079232 1241.01953 0.7678 0.1045 -0.82 -3.625 0.128 0.09 1.213 9313.6 4.0927 16.887516 2.450096 18.185822 15.735725 "" "" 1120.84924 1437.38489 3310.85552 3.3932 726.25 12.467 4025.9 23.355 "" "" 0.002971528016003437 0.018845726 0.0073454455 0.026191171 263.56867667151 -32.44668176321 1241.01953 -0.82 -3.625 -3.3650713634490965 -1.8930445909500122 0.33181846 0.29381844 "" "" 22.712073764368146 "" 7.338085600640673 ""
263.39130650967 -32.84663375695 0.0981 0.0728 21.2109 "" "" 4054590178466520704 1128.03235 0.9101 0.085 -1.855 -4.407 0.126 0.086 0.987 5041.1 4.727 16.888256 1.521217 17.597578 16.07636 "" "" 1000.4043 1241.72388 3308.59937 2.7625 1248.5 19.017 2941.8 20.3 "" "" 0.002900618375487646 0.01677152 0.008391437 0.025162958 263.39130650967 -32.84663375695 1128.03235 -1.8550000000000009 -4.407000000000004 -4.400071363449097 -2.6750445909500122 0.32981843 0.28981844 "" "" 27.533278458003252 "" 8.797366043815007 ""
263.47433829988 -32.70192132645 0.0732 0.0572 12.0542 "" "" 4054593408281949312 1195.35474 0.8479 0.0972 3.584 0.298 0.101 0.072 0.971 4766.1 4.7618 16.888998 1.439097 17.552847 16.11375 "" "" 1065.8949 1332.05554 3306.34283 2.6352 1301.0 12.005 2842.2 12.755 "" "" 0.0028880120876120467 0.010399923 0.0061664246 0.016566347 263.47433829988 -32.70192132645 1195.35474 3.584 0.2979999999999997 1.0389286365509034 2.029955409049988 0.30481845 0.27581844 "" "" 12.920539548131455 "" 3.6446673272391843 ""
263.30932910181 -32.74963817986 0.0703 0.0534 20.5254 "" "" 4054603372606092672 1057.86023 0.9389 0.0769 -2.762 1.489 0.095 0.066 1.036 5160.5 4.7294 16.891375 1.491188 17.569283 16.078094 "" "" 982.003235 1143.72705 3299.11142 2.4424 1281.5 11.233 2937.1 12.482 "" "" 0.0028701693848498773 0.009917607 0.0059643877 0.015881995 263.30932910181 -32.74963817986 1057.86023 -2.762 1.489 -5.307071363449097 3.2209554090499877 0.29881844 0.26981843 "" "" 31.128630122181782 "" 9.067644915604093 ""
263.56570421806 -32.51312892118 0.0733 0.0556 5.8625 "" "" 4054630237607110400 1219.09265 0.8163 0.0795 2.624 -1.66 0.098 0.071 0.968 4587.4 4.273 16.891735 2.057822 17.926985 15.869163 "" "" 1106.6582 1377.83911 3298.01591 11.791 921.77 14.846 3560.4 34.885 "" "" 0.004760189106239306 0.017708031 0.011289507 0.028997539 263.56570421806 -32.51312892118 1219.09265 2.624 -1.66 0.07892863655090343 0.07195540904998787 0.30181843 0.27481845 "" "" 0.6171726714485182 "" 0.17890321121608863 ""
263.69763070112 -32.63849954985 0.0675 0.052 4.4273 "" "" 4054615226716496000 1136.75293 0.8551 0.0773 -6.696 -3.629 0.082 0.062 0.974 4595.6 4.6117 16.891752 1.523058 17.604965 16.081907 "" "" 1036.89246 1277.05994 3297.96563 2.7393 1240.0 9.9049 2926.8 13.743 "" "" 0.0028991483082169743 0.009110445 0.0063462495 0.015456695 263.69763070112 -32.63849954985 1136.75293 -6.696000000000003 -3.6290000000000013 -9.241071363449096 -1.8970445909500122 0.28581846 0.26581845 "" "" 50.83116954493115 "" 14.488760805083837 ""
263.64053276826 -32.49632734661 0.0695 0.0542 4.6777 "" "" 4054620445081690112 999.315857 0.9781 0.0777 2.485 -1.547 0.09 0.067 1.028 3735.2 4.0172 16.892153 2.475253 18.227678 15.752425 "" "" 933.851135 1103.49158 3296.74688 16.578 698.79 17.137 3964.5 56.105 "" "" 0.006115585827985824 0.02677219 0.015823156 0.042595346 263.64053276826 -32.49632734661 999.315857 2.485 -1.547 -0.060071363449096804 0.18495540904998786 0.29381844 0.27081844 "" "" 0.921138789337455 "" 0.2515600125136088 ""
263.99038967278 -32.15679956604 0.1551 0.1237 30.1418 "" "" 4055007030803575808 972.287415 1.0908 0.16 -2.97 2.35 0.211 0.158 2.851 "" "" 16.892515 1.703179 17.395035 15.691855 "" "" 836.746826 1157.67542 3295.64953 3.5674 1504.5 15.752 4191.9 33.782 "" "" 0.00299550208431521 0.01170499 0.009531157 0.021236148 263.99038967278 -32.15679956604 972.287415 -2.9699999999999998 2.3500000000000014 -5.515071363449097 4.081955409049987 0.41481844 0.36181843 "" "" 31.62159155169174 "" 12.549670384964172 ""
263.44149439244 -32.5887084701 0.0732 0.0524 10.9518 "" "" 4054606293183869952 1053.56262 0.9151 0.0858 2.611 -1.741 0.104 0.074 0.99 "" "" 16.89279 2.162509 17.802807 15.640298 "" "" 967.703064 1169.50146 3294.81287 5.1448 1033.5 21.413 4395.8 52.515 "" "" 0.0032351254336560387 0.022667654 0.01351028 0.036177933 263.44149439244 -32.5887084701 1053.56262 2.611000000000001 -1.741000000000001 0.06592863655090353 -0.00904459095001231 0.30781844 0.27781844 "" "" 0.33232392868541955 "" 0.10212009009656685 ""
263.91890178633 -32.01849280581 0.0685 0.0509 35.8179 "" "" 4055023763990433408 998.211609 1.0148 0.0769 -1.372 -1.648 0.093 0.06 0.988 4319.0 4.567 16.893219 1.469803 17.574331 16.104528 "" "" 915.904297 1088.90637 3293.5133 3.177 1275.5 8.4532 2866.5 12.818 "" "" 0.0029476570676443548 0.007717592 0.0061526513 0.013870243 263.91890178633 -32.01849280581 998.211609 -1.372 -1.648 -3.9170713634490966 0.08395540904998788 0.29681844 0.26381844 "" "" 18.53796989573122 "" 5.502145925275993 ""
263.77508076407 -32.63877805491 0.0785 0.0618 7.1423 "" "" 4054614505161940096 1146.64661 0.8403 0.0801 -0.845 -5.191 0.1 0.075 1.03 7146.5 4.33 16.893599 1.936438 17.861698 15.925261 "" "" 1072.67993 1244.34961 3292.36229 2.5916 978.9 9.1594 3381.1 12.555 "" "" 0.0028848229903015088 0.01053524 0.0055261147 0.016061354 263.77508076407 -32.63877805491 1146.64661 -0.8450000000000002 -5.191000000000003 -3.3900713634490964 -3.459044590950012 0.30381843 0.27881843 "" "" 26.323854061661553 "" 7.6690567158097425 ""
264.07694675612 -32.79419360533 0.0988 0.0766 25.0046 "" "" 4054555990525348608 1290.85388 0.7812 0.0831 2.997 5.284 0.118 0.086 1.047 4615.2 4.3874 16.893972 1.506474 17.524881 16.018408 "" "" 1161.08496 1427.43213 3291.22744 3.0945 1334.9 10.037 3103.1 17.637 "" "" 0.002938349871958085 0.008627208 0.007236336 0.015863543 264.07694675612 -32.79419360533 1290.85388 2.9970000000000017 5.284000000000001 0.4519286365509032 7.015955409049988 0.32181844 0.28981844 "" "" 43.01712417651722 "" 12.473156214697841 ""
263.19695781222 -32.33655744617 0.0657 0.0513 27.2849 "" "" 4054804170920842880 1114.43799 0.9013 0.0805 -7.94 -6.027 0.083 0.065 0.969 4482.8 4.4025 16.894047 1.565605 17.63372 16.068115 "" "" 1028.10681 1237.03198 3290.99945 2.4754 1207.6 8.4384 2964.2 10.933 "" "" 0.00287379969844716 0.008083644 0.0055063893 0.013590034 263.19695781222 -32.33655744617 1114.43799 -7.94 -6.026999999999999 -10.485071363449098 -4.295044590950012 0.28681844 0.26881844 "" "" 59.853550864005875 "" 17.016493747347987 ""
263.64093537416 -32.00297834777 0.0784 0.0574 34.2111 "" "" 4055211295145506176 915.783447 1.0913 0.0826 6.337 -1.525 0.086 0.061 1.044 4546.1 4.7316 16.894892 1.507673 17.558233 16.05056 "" "" 862.489868 980.647888 3288.43963 2.3613 1294.6 12.887 3012.6 24.222 "" "" 0.002863495087066923 0.011162229 0.009512576 0.020674806 263.64093537416 -32.00297834777 915.783447 6.336999999999999 -1.5250000000000004 3.791928636550903 0.20695540904998788 0.28981844 0.26481843 "" "" 16.484552084025974 "" 4.776355810760832 ""
263.16907495364 -32.13922386269 0.0962 0.0739 35.9126 "" "" 4054842344571488000 1009.55792 1.0025 0.111 0.676 -7.71 0.126 0.091 1.299 "" "" 16.895666 "" "" "" "" "" 894.377686 1132.4574 3286.09667 5.7461 "" "" "" "" "" "" 0.003346072368588213 "" "" "" 263.16907495364 -32.13922386269 1009.55792 0.6760000000000007 -7.710000000000003 -1.8690713634490965 -5.978044590950012 0.32981843 0.29481843 "" "" 29.97237781931915 "" 8.934821625467617 ""
263.56181577658 -32.22568647588 0.0663 0.0492 21.3927 "" "" 4054644565621082752 1168.26465 0.839 0.0739 3.133 -4.525 0.096 0.064 1.081 4448.2 4.4546 16.895916 1.733671 17.744432 16.010761 "" "" 1072.24902 1308.98425 3285.34 2.8736 1090.5 13.075 3125.0 11.762 "" "" 0.002914387156500239 0.013313537 0.005566284 0.018879822 263.56181577658 -32.22568647588 1168.26465 3.133 -4.525000000000004 0.5879286365509033 -2.7930445909500126 0.29981846 0.26781845 "" "" 15.805636502114623 "" 4.255722211112453 ""
263.89117352093 -32.83600001132 0.0727 0.0575 19.7087 "" "" 4054562377123082112 1013.30621 0.9723 0.0781 -0.829 1.736 0.108 0.076 1.051 4399.0 4.5133 16.8965 1.455414 17.566221 16.110807 "" "" 952.567871 1085.63452 3283.57392 2.6869 1285.1 13.979 2849.9 10.113 "" "" 0.0028950161158405145 0.0121354805 0.005397006 0.017532486 263.89117352093 -32.83600001132 1013.30621 -0.8290000000000008 1.7359999999999998 -3.3740713634490964 3.4679554090499876 0.31181845 0.27981845 "" "" 23.239656194069205 "" 6.874572316819359 ""
263.35330176815 -32.12090278149 0.074 0.0574 31.1971 "" "" 4054837328069734400 1154.83398 0.8664 0.0767 -7.471 -8.874 0.094 0.07 0.961 4545.3 4.6861 16.896713 1.652166 17.681139 16.028973 "" "" 1062.02307 1336.81165 3282.92654 2.8823 1156.0 10.39 3073.0 13.675 "" "" 0.002915554161429757 0.010149527 0.0061341566 0.016283683 263.35330176815 -32.12090278149 1154.83398 -7.470999999999997 -8.874 -10.016071363449097 -7.142044590950013 0.29781842 0.27381843 "" "" 67.33813902468712 "" 19.524747767085135 ""
263.64523888793 -32.80955966218 0.0696 0.0542 14.207 "" "" 4054588357400308992 1064.03735 0.9254 0.0887 -2.977 5.333 0.089 0.071 1.053 4993.0 4.7626 16.896822 1.412615 17.528856 16.116241 "" "" 955.732422 1178.75073 3282.59724 2.48 1330.1 13.525 2835.7 10.076 "" "" 0.0028748281925496783 0.011387329 0.005400667 0.016787995 263.64523888793 -32.80955966218 1064.03735 -2.977 5.333 -5.522071363449097 7.064955409049988 0.29281843 0.27481845 "" "" 45.22533421718807 "" 12.743598622261867 ""
263.76259307546 -32.41608346069 0.2174 0.1679 10.8178 "" "" 4054626805948425344 891.43335 1.2394 0.2332 1.533 1.546 0.279 0.203 3.116 4717.2 4.3774 16.898537 1.672816 17.627604 15.954787 "" "" 753.716614 1123.7699 3277.41738 13.384 1214.4 11.207 3290.4 16.234 "" "" 0.005220209357722552 0.010400872 0.006555796 0.016956668 263.76259307546 -32.41608346069 891.43335 1.533 1.5459999999999994 -1.0120713634490968 3.277955409049988 0.48281845 0.40681845 "" "" 14.495799353061136 "" 6.001078939916513 ""
263.98802401166 -32.67080443777 0.0745 0.0584 17.7131 "" "" 4054569867549418112 904.362732 1.0905 0.0704 3.632 -1.612 0.094 0.07 0.977 4372.5 4.4496 16.899185 1.572466 17.630718 16.058252 "" "" 857.999634 959.306335 3275.46403 2.7558 1211.0 8.4051 2991.3 15.311 "" "" 0.0029027978798521906 0.0080356505 0.006720706 0.014756356 263.98802401166 -32.67080443777 904.362732 3.632000000000002 -1.6120000000000012 1.0869286365509034 0.1199554090499877 0.29781842 0.27381843 "" "" 4.687603257577725 "" 1.3947547879891888 ""
264.33559913549 -32.41569014036 0.0681 0.0522 35.5999 "" "" 4054949370855803264 1292.34485 0.7437 0.068 -1.429 -0.244 0.091 0.063 0.939 4928.4 4.3258 16.899893 1.757913 17.750784 15.992871 "" "" 1162.79846 1436.43787 3273.32941 2.5642 1084.2 12.99 3176.9 10.157 "" "" 0.0028836054004475926 0.013304273 0.0051316 0.018435873 264.33559913549 -32.41569014036 1292.34485 -1.429 -0.244 -3.974071363449097 1.4879554090499878 0.29481843 0.26681843 "" "" 25.99444261215497 "" 7.577921719090017 ""
264.157702409 -32.95426860644 0.0723 0.0588 34.0697 "" "" 4054544681857307264 882.524963 1.1108 0.0892 -12.594 -7.737 0.088 0.065 1.072 4257.1 4.4157 16.903717 1.640827 17.691025 16.050198 "" "" 816.729126 956.915039 3261.81845 2.6011 1145.5 10.538 3013.6 14.686 "" "" 0.0028881504150049743 0.010370596 0.006502229 0.016872825 264.157702409 -32.95426860644 882.524963 -12.594 -7.737000000000003 -15.139071363449096 -6.005044590950012 0.29181844 0.26881844 "" "" 68.12942263504247 "" 19.675724937099815 ""
263.89742827361 -32.87793503942 0.0741 0.0581 21.9468 "" "" 4054560040660707328 1220.68677 0.8101 0.0766 0.646 1.021 0.1 0.072 0.968 5809.2 4.6157 16.904215 1.811035 17.785023 15.973988 "" "" 1132.07031 1342.06335 3260.32161 2.7785 1050.5 6.9173 3232.7 9.6724 "" "" 0.0029065334606360074 0.0076744943 0.0049836715 0.012658166 263.89742827361 -32.87793503942 1220.68677 0.646 1.021 -1.8990713634490968 2.7529554090499877 0.30381843 0.27581844 "" "" 19.35107722344097 "" 5.517901858404702 ""
