Clusters/NGC_6383/NGC_6383_stars_in_region.tsv
# %ECSV 1.0
# ---
# datatype:
# - name: RA_ICRS_1
#   unit: deg
#   datatype: float64
#   format: '{:15.11f}'
#   description: Right ascension (ICRS) at Ep=2016.0 (ra)
#   meta: !!omap
#   - {ucd: POS_EQ_RA_MAIN}
#   - {width: 15}
#   - {precision: '11'}
# - name: DE_ICRS_1
#   unit: deg
#   datatype: float64
#   format: '{:15.11f}'
#   description: Declination (ICRS) at Ep=2016.0 (dec)
#   meta: !!omap
#   - {ucd: POS_EQ_DEC_MAIN}
#   - {width: 15}
#   - {precision: '11'}
# - name: e_RA_ICRS
#   unit: mas
#   datatype: float64
#   format: '{:7.4f}'
#   description: Standard error of right ascension (ra_error)
#   meta: !!omap
#   - {ucd: ERROR}
#   - {width: 7}
#   - {precision: '4'}
# - name: e_DE_ICRS
#   unit: mas
#   datatype: float64
#   format: '{:7.4f}'
#   description: Standard error of declination (dec_error)
#   meta: !!omap
#   - {ucd: ERROR}
#   - {width: 7}
#   - {precision: '4'}
# - name: _r_1
#   unit: ''
#   datatype: float64
#   format: '{:7.4f}'
#   description: Distance from center (263.65730836000-32.57299479000)[ICRS], at Epoch=J2016.0
#   meta: !!omap
#   - {ucd: POS_ANG_DIST_GENERAL}
#   - {width: 7}
#   - {precision: '4'}
# - name: HIP
#   datatype: int32
#   description: '? HIP cross-id number, van Leeuwen, Cat. I/311 (hip_original_ext_source_id)'
#   meta: !!omap
#   - {ucd: ID_NUMBER}
#   - {width: 6}
#   - values: {'null': -2147483648}
# - name: TYC2
#   datatype: string
#   description: Tycho-2 cross-id name, Hog et al., Cat. I/259 (tyc2_original_ext_source_id)
#   meta: !!omap
#   - {ucd: ID_CROSSID}
#   - {_votable_string_dtype: char}
# - name: Source
#   datatype: int64
#   description: Source identifier, identical to the Gaia-EDR3 source_id (id)
#   meta: !!omap
#   - {ucd: ID_MAIN}
#   - {width: 19}
# - name: rgeo
#   unit: pc
#   datatype: float64
#   format: '{:15.8f}'
#   description: '? Median of the geometric distance posterior (r_med_geo)'
#   meta: !!omap
#   - {ucd: PHYS_DISTANCE_TRUE}
#   - {width: 15}
#   - {precision: '8'}
#   - values: {'null': .nan}
# - name: Plx
#   unit: mas
#   datatype: float64
#   format: '{:9.4f}'
#   description: '? Parallax (parallax)'
#   meta: !!omap
#   - {ucd: POS_PARLX_TRIG}
#   - {width: 9}
#   - {precision: '4'}
#   - values: {'null': .nan}
# - name: e_Plx
#   unit: mas
#   datatype: float32
#   format: '{:7.4f}'
#   description: '? Standard error of parallax (parallax_error)'
#   meta: !!omap
#   - {ucd: ERROR}
#   - {width: 7}
#   - {precision: '4'}
#   - values: {'null': .nan}
# - name: pmRA
#   unit: mas / yr
#   datatype: float64
#   format: '{:9.3f}'
#   description: '? Proper motion in right ascension direction, pmRA*cosDE (pmra)'
#   meta: !!omap
#   - {ucd: POS_EQ_PMRA}
#   - {width: 9}
#   - {precision: '3'}
#   - values: {'null': .nan}
# - name: pmDE
#   unit: mas / yr
#   datatype: float64
#   format: '{:9.3f}'
#   description: '? Proper motion in declination direction (pmdec)'
#   meta: !!omap
#   - {ucd: POS_EQ_PMDEC}
#   - {width: 9}
#   - {precision: '3'}
#   - values: {'null': .nan}
# - name: e_pmRA
#   unit: mas / yr
#   datatype: float32
#   format: '{:6.3f}'
#   description: '? Standard error of proper motion in right ascension direction (pmra_error)'
#   meta: !!omap
#   - {ucd: ERROR}
#   - {width: 6}
#   - {precision: '3'}
#   - values: {'null': .nan}
# - name: e_pmDE
[...]
#         value: !astropy.table.SerializedColumn {name: SkyCoord.dec}
#       distance: !astropy.table.SerializedColumn
#         __class__: astropy.coordinates.distances.Distance
#         unit: !astropy.units.Unit {unit: pc}
#         value: !astropy.table.SerializedColumn {name: SkyCoord.distance}
#       frame: icrs
#       obstime: !astropy.time.Time {format: jyear_str, in_subfmt: '*', jd1: 367701545.0, jd2: 0.0, out_subfmt: '*', precision: 3, scale: tt}
#       pm_dec: !astropy.table.SerializedColumn
#         __class__: astropy.units.quantity.Quantity
#         unit: !astropy.units.Unit {unit: mas / yr}
#         value: !astropy.table.SerializedColumn {name: SkyCoord.pm_dec}
#       pm_ra_cosdec: !astropy.table.SerializedColumn
#         __class__: astropy.units.quantity.Quantity
#         unit: !astropy.units.Unit {unit: mas / yr}
#         value: !astropy.table.SerializedColumn {name: SkyCoord.pm_ra_cosdec}
#       ra: !astropy.table.SerializedColumn
#         __class__: astropy.coordinates.angles.Longitude
#         unit: *id001
#         value: !astropy.table.SerializedColumn {name: SkyCoord.ra}
#         wrap_angle: !astropy.coordinates.Angle
#           unit: *id001
#           value: 360.0
#       representation_type: spherical
# schema: astropy-2.0
RA_ICRS_1 DE_ICRS_1 e_RA_ICRS e_DE_ICRS _r_1 HIP TYC2 Source rgeo Plx e_Plx pmRA pmDE e_pmRA e_pmDE RUWE Teff logg Gmag BP-RP BPmag RPmag RV e_RV b_rgeo B_rgeo FG e_FG FBP e_FBP FRP e_FRP RAVE5 RAVE6 e_Gmag e_BPmag e_RPmag e_BP-RP SkyCoord.ra SkyCoord.dec SkyCoord.distance SkyCoord.pm_ra_cosdec SkyCoord.pm_dec rmRA rmDE e_rmRA e_rmDE rRV e_rRV v_pec v_pec3d e_vpec e_vpec3d
[from data line 58]
263.46921529801 -32.79979008389 0.017 0.0146 16.5949 "" "" 4054590620826614784 968.571594 1.0061 0.0228 -2.895 -6.088 0.021 0.016 0.894 "" "" 11.289853 1.56434 12.025795 10.461455 -46.48 0.2 950.227844 987.405945 574123.93267 371.01 211400.0 239.22 518290.0 371.57 "" "" 0.0028432490657414092 0.0030486966 0.0038587048 0.0069074016 263.46921529801 -32.79979008389 968.571594 -2.895 -6.088000000000001 -5.440071363449096 -4.356044590950012 0.22481844 0.21981844 -21.429999999999996 3.3292592 31.995720189929408 38.5093626339395 7.131154673433847 6.207867665367799
264.03693557808 -32.15138464878 0.0233 0.0176 31.7818 "" "" 4055007168242523520 1275.14148 0.7626 0.0257 -3.196 -2.604 0.033 0.022 1.151 "" "" 11.319422 1.889098 12.255979 10.36688 -22.97 2.35 1225.88599 1321.25586 558699.17021 202.54 171010.0 116.48 565470.0 216.45 "" "" 0.002783291537210108 0.0028865114 0.0038021635 0.006688675 264.03693557808 -32.15138464878 1275.14148 -3.1960000000000024 -2.6039999999999988 -5.741071363449096 -0.8720445909500123 0.23681843 0.22581844 2.080000000000002 5.479259 35.09803723377705 35.15961629005072 8.303353192918369 8.295146271028658
264.17953046254 -32.51610859133 0.0162 0.0127 26.6327 "" "" 4054947446709830912 1071.4126 0.9059 0.0178 -7.269 -5.045 0.021 0.015 0.807 4673.3 2.4416 11.326324 1.538028 12.045154 10.507126 -13.95 0.39 1050.03528 1089.07617 555158.30043 230.61 207660.0 178.67 496940.0 171.55 "" "" 0.0027919883417028444 0.0029423987 0.0037979218 0.0067403205 264.17953046254 -32.51610859133 1071.4126 -7.268999999999995 -5.044999999999999 -9.814071363449097 -3.313044590950012 0.22481844 0.21881844 11.100000000000001 3.519259 52.60406311909748 53.76241676708732 11.79446201905433 11.563192418111182
263.86619736388 -32.66328447792 0.0229 0.0182 11.8655 "" 7380-767-1 4054567535397781248 1173.17542 0.8056 0.0282 2.916 -1.383 0.032 0.023 0.906 "" "" 11.337906 0.327868 11.443291 11.115422 13.3 22.85 1138.68726 1219.54504 549267.90546 196.8 361490.0 235.25 283780.0 169.68 "" "" 0.0027826464497478554 0.0028782452 0.003834733 0.0067129782 263.86619736388 -32.66328447792 1173.17542 2.916000000000001 -1.383 0.37092863655090325 0.3489554090499878 0.23581845 0.22681844 38.35 25.97926 2.8319857471417538 38.4544229351061 0.6559911256848342 25.908757886978005
263.65915253769 -32.56358270156 0.0211 0.0163 0.5724 "" "" 4054618834489095552 1066.60107 0.8925 0.0251 2.759 -1.868 0.027 0.02 0.836 "" "" 11.351808 0.366198 11.475261 11.109063 -0.46 27.16 1034.57666 1098.35229 542280.3341 472.75 351000.0 790.87 285450.0 291.15 "" "" 0.002913365483290336 0.0037107652 0.003938286 0.007649051 263.65915253769 -32.56358270156 1066.60107 2.759 -1.8679999999999999 0.21392863655090322 -0.1360445909500123 0.23081844 0.22381844 24.59 30.289259 1.2817302771894818 24.623381825075615 0.2932915207226254 30.248199776477904
264.19255815407 -32.50425562911 0.0184 0.0144 27.3862 "" 7380-545-1 4054947824666952064 1189.92773 0.7977 0.0202 -1.651 0.724 0.024 0.017 0.885 "" "" 11.399599 0.515627 11.587366 11.071739 -0.15 2.23 1162.13708 1216.87512 518928.1641 201.71 316570.0 190.25 295440.0 86.66 J173646.2-323015 20100606_1740m31_012 0.002787453979627054 0.0028654498 0.0037927765 0.0066582263 264.19255815407 -32.50425562911 1189.92773 -1.6509999999999991 0.724 -4.1960713634490965 2.455955409049988 0.22781844 0.22081845 24.900000000000002 5.359259 27.422750620694536 37.04075122894787 6.198992487741384 5.83450657782842
264.12911309015 -32.84073471166 0.0173 0.0133 28.7306 "" "" 4054554886698713728 1074.36914 0.8941 0.0193 -0.651 -7.958 0.022 0.016 0.692 "" "" 11.417383 0.68754 11.68138 10.99384 -37.84 1.37 1051.74573 1092.01648 510497.2084 205.92 290310.0 210.85 317410.0 79.558 "" "" 0.0027899093084770275 0.002899462 0.003789167 0.006688629 264.12911309015 -32.84073471166 1074.36914 -0.6510000000000009 -7.958 -3.1960713634490965 -6.226044590950012 0.22581844 0.21981844 -12.790000000000003 4.499259 35.639747807412675 37.86523106724659 7.879350611946417 7.5703639413712605
263.66318311932 -32.9934795336 0.0222 0.018 25.2308 "" 7380-418-1 4054534820611513600 1006.45203 0.9542 0.029 0.253 -3.859 0.033 0.023 0.992 9906.3 3.8422 11.42145 0.486979 11.599135 11.112156 -30.22 20.98 975.521362 1041.27478 508588.76954 277.73 313160.0 324.27 284640.0 159.31 "" "" 0.002818389256583365 0.0030081552 0.0038279232 0.006836078 263.66318311932 -32.9934795336 1006.45203 0.253 -3.859 -2.2920713634490966 -2.127044590950012 0.23681843 0.22681844 -5.169999999999998 24.109259 14.917444672442192 15.787940193558308 3.4645002188435585 8.546681748207916
264.25448055842 -32.52373757143 0.0195 0.0153 30.3469 "" 7380-634-1 4054946862594278784 1142.24915 0.8266 0.0221 1.173 -3.004 0.028 0.019 0.917 "" "" 11.428293 0.464259 11.578219 11.11396 "" "" 1116.28784 1171.84131 505393.05464 186.34 319250.0 461.16 284170.0 501.03 "" "" 0.002784248722567049 0.0032007487 0.00423654 0.0074372888 264.25448055842 -32.52373757143 1142.24915 1.173 -3.004 -1.3720713634490966 -1.2720445909500122 0.23181844 0.22281843 "" "" 10.130134752053948 "" 2.3066583802602842 ""
263.75076647122 -32.75789018115 0.0187 0.0154 12.0563 "" "" 4054565439453737856 1098.02197 0.8812 0.0235 2.605 -3.504 0.024 0.018 1.106 "" "" 11.447184 1.375187 12.065212 10.690025 -68.02 0.37 1071.43237 1131.30896 496676.29643 111.1 203860.0 112.5 419900.0 137.14 "" "" 0.002766003038040668 0.002853777 0.0037959807 0.0066497577 263.75076647122 -32.75789018115 1098.02197 2.605 -3.5039999999999996 0.0599286365509033 -1.7720445909500122 0.22781844 0.22181845 -42.97 3.499259 9.228098706849288 43.949729302276175 2.047026633196708 3.448146421023007
263.9422841572 -32.18199236328 0.0147 0.0114 27.5482 "" "" 4055006923416932864 1075.21692 0.9048 0.0165 -2.537 -5.701 0.02 0.014 0.854 "" "" 11.462752 1.655431 12.249764 10.594334 -6.12 0.2 1058.93298 1089.69495 489605.0725 117.03 171990.0 126.9 458590.0 97.518 "" "" 0.0027675154033656576 0.0029028947 0.0037864274 0.006689322 263.9422841572 -32.18199236328 1075.21692 -2.537000000000002 -5.701000000000004 -5.082071363449097 -3.969044590950012 0.22381844 0.21781844 18.93 3.3292592 32.864018442491066 37.926094027574116 7.281496271862633 6.524771414506598
263.37117133338 -32.37346353569 0.019 0.0153 18.7911 "" "" 4054823549814493312 1054.13574 0.9098 0.0239 -2.784 -5.503 0.027 0.02 0.98 "" "" 11.473381 0.915096 11.841338 10.926242 -43.0 2.46 1030.29724 1076.36755 484835.35076 137.93 250540.0 171.55 337800.0 115.35 "" "" 0.002772579268882128 0.002887513 0.0037975234 0.0066850362 263.37117133338 -32.37346353569 1054.13574 -2.783999999999998 -5.503 -5.3290713634490965 -3.7710445909500123 0.23081844 0.22381844 -17.95 5.589259 32.61973856605985 37.23237628889798 7.453825947282041 7.064485465002302
263.804070209 -33.13804219537 0.0188 0.0153 34.7004 "" 7380-60-1 4054520462553965568 1112.4082 0.8481 0.0244 3.033 -1.677 0.025 0.019 0.793 11051.6 3.7966 11.490375 0.392072 11.626335 11.234263 "" "" 1086.10779 1139.28967 477305.99324 168.77 305410.0 223.89 254360.0 151.84 "" "" 0.002781936684826026 0.0029014747 0.0038345533 0.006736028 263.804070209 -33.13804219537 1112.4082 3.0329999999999986 -1.6770000000000003 0.48792863655090324 0.05495540904998775 0.22881845 0.22281843 "" "" 2.589024325738304 "" 0.5922244533803688 ""
264.14021984223 -32.79287572075 0.0232 0.0173 27.7269 "" "" 4054555543848670720 1017.16998 0.9619 0.0251 -4.293 -6.236 0.029 0.021 1.105 4427.0 2.2351 11.512188 1.396693 12.144663 10.74797 -13.39 2.05 989.283081 1047.05066 467812.11702 187.38 189470.0 98.53 398080.0 115.53 "" "" 0.002789429299339031 0.0028467241 0.0037924945 0.006639219 264.14021984223 -32.79287572075 1017.16998 -4.293 -6.236 -6.838071363449097 -4.504044590950012 0.23281844 0.22481844 11.66 5.1792593 39.478181439435524 41.16409126611435 9.096844302951723 8.846764649156826
263.48612411536 -32.6488841435 0.0161 0.012 9.7769 "" "" 4054594198555939072 1151.03845 0.8442 0.0201 -4.729 0.556 0.024 0.015 0.882 4981.6 2.6762 11.51545 1.649091 12.290899 10.641808 -88.59 0.47 1126.89697 1173.59912 466408.85909 173.76 165600.0 150.08 438970.0 196.8 "" "" 0.0027848520941292482 0.002958592 0.0038105987 0.0067691905 263.48612411536 -32.6488841435 1151.03845 -4.728999999999998 0.5560000000000003 -7.274071363449097 2.287955409049988 0.22781844 0.21881844 -63.540000000000006 3.5992591 41.60363569529464 75.94862805256454 9.444974834510536 5.986307344281101
263.20331153668 -32.1282191913 0.0146 0.0113 35.2379 "" "" 4054843096185139712 1113.57715 0.8738 0.0167 -5.053 -4.113 0.019 0.015 0.791 5024.7 2.7063 11.536757 1.610096 12.296783 10.686687 -12.2 0.38 1095.40088 1133.08386 457344.99462 132.47 164700.0 180.58 421190.0 231.75 "" "" 0.0027732092052181407 0.0030335044 0.0038263057 0.00685981 263.20331153668 -32.1282191913 1113.57715 -5.053000000000003 -4.1129999999999995 -7.598071363449097 -2.3810445909500126 0.22281843 0.21881844 12.850000000000001 3.5092592 42.0284615641282 43.94899408914158 9.349805979854636 8.999907551683227
264.13240086271 -32.13402114617 0.0135 0.0104 35.6871 "" "" 4055012283536116480 1031.99695 0.9399 0.0153 -0.967 -4.397 0.019 0.013 0.849 "" "" 11.556054 1.485222 12.240269 10.755047 -27.84 0.27 1017.48767 1051.4165 449288.40697 205.59 173500.0 181.25 395490.0 303.51 "" "" 0.0027997538792864434 0.003011899 0.0038701408 0.00688204 264.13240086271 -32.13402114617 1031.99695 -0.9670000000000001 -4.397 -3.5120713634490968 -2.6650445909500124 0.22281843 0.21681844 -2.789999999999999 3.399259 21.566147866433663 21.745869350221003 4.758460726994766 4.739243581114673
264.0518560091 -32.38332621073 0.0161 0.0124 22.9852 "" 7380-469-1 4054999128061991040 937.643738 1.0224 0.0194 -2.076 -4.392 0.02 0.015 0.845 6364.9 3.4373 11.573106 0.819907 11.899233 11.079326 -21.94 13.42 923.116699 954.61261 442287.36257 271.88 237530.0 275.71 293380.0 255.25 "" "" 0.0028350016514457573 0.0030615828 0.0038956443 0.0069572274 264.0518560091 -32.38332621073 937.643738 -2.076 -4.392 -4.621071363449097 -2.6600445909500126 0.22381844 0.21881844 3.1099999999999994 16.54926 23.69767185094861 23.90087343917042 5.2747346911199475 5.655871973216814
263.53209842126 -32.34409927346 0.0179 0.0144 15.1261 "" 7380-1078-1 4054637006477945728 1071.63904 0.8741 0.0204 -0.911 -6.513 0.024 0.018 0.834 "" "" 11.582684 0.333725 11.699782 11.366057 "" "" 1046.99976 1099.06995 438402.44549 189.99 285430.0 208.55 225290.0 88.811 "" "" 0.002795207069429483 0.0029007527 0.0038035398 0.0067042923 263.53209842126 -32.34409927346 1071.63904 -0.911 -6.512999999999999 -3.4560713634490967 -4.781044590950012 0.22781844 0.22181845 "" "" 29.96636500234936 "" 6.709342866362576 ""
263.55196417938 -32.90436880031 0.0148 0.0128 20.581 "" 7380-915-1 4054586055297826432 981.357666 0.9752 0.0208 0.648 1.5 0.02 0.015 0.791 "" "" 11.582684 0.767037 11.884952 11.117914 -30.98 5.65 957.497803 1004.06903 438402.38518 160.95 240680.0 150.97 283130.0 107.14 "" "" 0.0027840034277340224 0.0028720843 0.0038016483 0.006673733 263.55196417938 -32.90436880031 981.357666 0.6479999999999996 1.5 -1.8970713634490965 3.231955409049988 0.22381844 0.21881844 -5.93 8.779259 17.432412586480794 18.4134165375493 3.8370572728931305 4.603245715723069
263.834135048 -32.63352282557 0.0137 0.0112 9.6474 "" "" 4054567810275728128 907.580383 1.0596 0.0167 -6.933 -6.847 0.017 0.013 0.708 "" "" 11.588528 0.855888 11.93119 11.075301 -30.23 3.97 893.233826 920.230957 436049.56759 90.891 230640.0 137.21 294470.0 98.724 "" "" 0.002764598874772637 0.0028639578 0.0037968706 0.0066608284 263.834135048 -32.63352282557 907.580383 -6.933000000000006 -6.847000000000004 -9.478071363449097 -5.115044590950013 0.22081845 0.21681844 -5.18 7.0992594 46.33271931337892 46.621382207870624 10.189611280018822 10.15719467366354
263.81090145766 -32.19575026085 0.0129 0.0099 23.9352 "" 7380-1062-1 4055017609295565696 888.385132 1.0829 0.0146 -1.954 -1.693 0.018 0.013 0.81 6431.0 3.6181 11.617177 0.825591 11.945672 11.120081 -41.5 7.35 878.834961 900.765991 424693.8928 98.206 227590.0 133.79 282570.0 124.86 "" "" 0.0027667350942820437 0.0028622402 0.0038097105 0.0066719507 263.81090145766 -32.19575026085 888.385132 -1.9539999999999993 -1.693 -4.499071363449096 0.03895540904998773 0.22181845 0.21681844 -16.45 10.4792595 18.94605458425797 25.090944268992395 4.202577385382381 7.567824915384056
263.137079432 -32.34717510548 0.0146 0.0116 29.6179 "" "" 4054804441479479424 1122.64087 0.8733 0.0205 -8.2 -11.045 0.021 0.014 0.834 "" "" 11.643825 1.774717 12.507644 10.732926 -22.7 0.2 1098.43262 1150.45215 414397.34404 112.91 135630.0 110.73 403630.0 136.02 "" "" 0.002771155681169713 0.0029275874 0.0037970513 0.006724639 263.137079432 -32.34717510548 1122.64087 -8.2 -11.045 -10.745071363449096 -9.313044590950012 0.22481844 0.21781844 2.3500000000000014 3.3292592 75.66557509032833 75.70205911169204 16.785856645110528 16.778085139239145
263.98960464681 -33.09989157863 0.0162 0.0126 35.778 "" "" 4054541829998145024 885.631897 1.0778 0.0207 -3.282 -5.417 0.021 0.016 0.785 "" "" 11.658196 0.660757 11.910264 11.249507 -38.73 6.79 867.985046 901.843262 408948.20657 201.21 235130.0 236.31 250820.0 210.82 "" "" 0.002806628095895641 0.0029959527 0.0038879996 0.0068839523 263.98960464681 -33.09989157863 885.631897 -3.2820000000000005 -5.417 -5.827071363449097 -3.685044590950012 0.22481844 0.21981844 -13.679999999999996 9.919259 28.942444435140537 32.012614543039085 6.46578443701039 7.2207716429389
263.13464202436 -32.94374265078 0.0167 0.0126 34.5012 "" 7379-525-1 4054594331678344448 1172.54688 0.7968 0.0188 2.78 -1.379 0.021 0.014 0.734 "" "" 11.687327 0.406128 11.825853 11.419725 "" "" 1147.57117 1195.54395 398121.47605 114.69 254140.0 123.65 214420.0 91.206 "" "" 0.0027730161560507805 0.0028397366 0.0038074944 0.006647231 263.13464202436 -32.94374265078 1172.54688 2.78 -1.379 0.23492863655090312 0.3529554090499878 0.22481844 0.21781844 "" "" 2.3564918404499298 "" 0.5184075318710669 ""
263.68184888471 -32.56108467804 0.0185 0.014 1.432 "" "" 4054618903208788992 1089.38916 0.8842 0.0212 2.637 -1.565 0.025 0.018 0.9 "" "" 11.730128 1.021642 12.152622 11.13098 1.69 1.23 1063.86719 1117.73914 382732.4509 89.649 188090.0 145.2 279750.0 88.59 "" "" 0.0027670320313859693 0.0029133407 0.0037949893 0.00670833 263.68184888471 -32.56108467804 1089.38916 2.637 -1.565 0.09192863655090333 0.16695540904998785 0.22881845 0.22181845 26.740000000000002 4.359259 0.9841563523184964 26.75810463627439 0.21992601941898313 4.35631714679989
263.60322544341 -32.46299810613 0.0176 0.0134 7.1445 "" 7380-538-1 4054632093030813312 1121.87585 0.8274 0.0203 2.543 -1.717 0.026 0.018 0.798 "" "" 11.736438 0.341396 11.849908 11.508512 -0.37 20.13 1103.24792 1145.00488 380515.0137 103.52 248570.0 171.51 197580.0 127.13 "" "" 0.002771107541090869 0.00288899 0.0038434062 0.0067323963 263.60322544341 -32.46299810613 1121.87585 2.543000000000002 -1.7170000000000005 -0.0020713634490965305 0.014955409049987711 0.22981843 0.22181845 24.68 23.259258 0.08028742287092863 24.68013059265026 0.017821534502597942 23.259135196101404
263.95013815835 -33.03179899606 0.0141 0.0109 31.2394 "" "" 4054546026201010688 1127.90881 0.8607 0.0171 -6.603 -10.808 0.02 0.014 0.807 5121.6 2.7271 11.741515 1.722188 12.568608 10.84642 -64.03 0.35 1104.67944 1151.87366 378739.65793 87.838 128230.0 95.014 363570.0 111.11 "" "" 0.0027668024192205303 0.002903835 0.0037939195 0.0066977544 263.95013815835 -33.03179899606 1127.90881 -6.603 -10.808 -9.148071363449096 -9.076044590950012 0.22381844 0.21781844 -38.980000000000004 3.479259 68.89491913076635 79.15775566572637 15.21630581514569 13.35387034749974
