Clusters/NGC_6383/NGC_6383_members.tsv
# %ECSV 1.0
# ---
# datatype:
# - name: RA_ICRS_1
#   unit: deg
#   datatype: float64
#   format: '{:15.11f}'
#   description: Right ascension (ICRS) at Ep=2016.0 (ra)
#   meta: !!omap
#   - {ucd: POS_EQ_RA_MAIN}
#   - {width: 15}
#   - {precision: '11'}
# - name: DE_ICRS_1
#   unit: deg
#   datatype: float64
#   format: '{:15.11f}'
#   description: Declination (ICRS) at Ep=2016.0 (dec)
#   meta: !!omap
#   - {ucd: POS_EQ_DEC_MAIN}
#   - {width: 15}
#   - {precision: '11'}
# - name: e_RA_ICRS
#   unit: mas
#   datatype: float64
#   format: '{:7.4f}'
#   description: Standard error of right ascension (ra_error)
#   meta: !!omap
#   - {ucd: ERROR}
#   - {width: 7}
#   - {precision: '4'}
# - name: e_DE_ICRS
#   unit: mas
#   datatype: float64
#   format: '{:7.4f}'
#   description: Standard error of declination (dec_error)
#   meta: !!omap
#   - {ucd: ERROR}
#   - {width: 7}
#   - {precision: '4'}
# - name: _r_1
#   unit: ''
#   datatype: float64
#   format: '{:7.4f}'
#   description: Distance from center (263.65730836000-32.57299479000)[ICRS], at Epoch=J2016.0
#   meta: !!omap
#   - {ucd: POS_ANG_DIST_GENERAL}
#   - {width: 7}
#   - {precision: '4'}
# - name: HIP
#   datatype: int32
#   description: '? HIP cross-id number, van Leeuwen, Cat. I/311 (hip_original_ext_source_id)'
#   meta: !!omap
#   - {ucd: ID_NUMBER}
#   - {width: 6}
#   - values: {'null': -2147483648}
# - name: TYC2
#   datatype: string
#   description: Tycho-2 cross-id name, Hog et al., Cat. I/259 (tyc2_original_ext_source_id)
#   meta: !!omap
#   - {ucd: ID_CROSSID}
#   - {_votable_string_dtype: char}
# - name: Source
#   datatype: int64
#   description: Source identifier, identical to the Gaia-EDR3 source_id (id)
#   meta: !!omap
#   - {ucd: ID_MAIN}
#   - {width: 19}
# - name: rgeo
#   unit: pc
#   datatype: float64
#   format: '{:15.8f}'
#   description: '? Median of the geometric distance posterior (r_med_geo)'
#   meta: !!omap
#   - {ucd: PHYS_DISTANCE_TRUE}
#   - {width: 15}
#   - {precision: '8'}
#   - values: {'null': .nan}
# - name: Plx
#   unit: mas
#   datatype: float64
#   format: '{:9.4f}'
#   description: '? Parallax (parallax)'
#   meta: !!omap
#   - {ucd: POS_PARLX_TRIG}
#   - {width: 9}
#   - {precision: '4'}
#   - values: {'null': .nan}
# - name: e_Plx
#   unit: mas
#   datatype: float32
#   format: '{:7.4f}'
#   description: '? Standard error of parallax (parallax_error)'
#   meta: !!omap
#   - {ucd: ERROR}
#   - {width: 7}
#   - {precision: '4'}
#   - values: {'null': .nan}
# - name: pmRA
#   unit: mas / yr
#   datatype: float64
#   format: '{:9.3f}'
#   description: '? Proper motion in right ascension direction, pmRA*cosDE (pmra)'
#   meta: !!omap
#   - {ucd: POS_EQ_PMRA}
#   - {width: 9}
#   - {precision: '3'}
#   - values: {'null': .nan}
# - name: pmDE
#   unit: mas / yr
#   datatype: float64
#   format: '{:9.3f}'
#   description: '? Proper motion in declination direction (pmdec)'
#   meta: !!omap
#   - {ucd: POS_EQ_PMDEC}
#   - {width: 9}
#   - {precision: '3'}
#   - values: {'null': .nan}
# - name: e_pmRA
#   unit: mas / yr
#   datatype: float32
#   format: '{:6.3f}'
#   description: '? Standard error of proper motion in right ascension direction (pmra_error)'
#   meta: !!omap
#   - {ucd: ERROR}
#   - {width: 6}
#   - {precision: '3'}
#   - values: {'null': .nan}
# - name: e_pmDE
[...]
#       distance: !astropy.table.SerializedColumn
#         __class__: astropy.coordinates.distances.Distance
#         unit: !astropy.units.Unit {unit: pc}
#         value: !astropy.table.SerializedColumn {name: SkyCoord.distance}
#       frame: icrs
#       obstime: !astropy.time.Time {format: jyear_str, in_subfmt: '*', jd1: 367701545.0, jd2: 0.0, out_subfmt: '*', precision: 3, scale: tt}
#       pm_dec: !astropy.table.SerializedColumn
#         __class__: astropy.units.quantity.Quantity
#         unit: !astropy.units.Unit {unit: mas / yr}
#         value: !astropy.table.SerializedColumn {name: SkyCoord.pm_dec}
#       pm_ra_cosdec: !astropy.table.SerializedColumn
#         __class__: astropy.units.quantity.Quantity
#         unit: !astropy.units.Unit {unit: mas / yr}
#         value: !astropy.table.SerializedColumn {name: SkyCoord.pm_ra_cosdec}
#       ra: !astropy.table.SerializedColumn
#         __class__: astropy.coordinates.angles.Longitude
#         unit: *id001
#         value: !astropy.table.SerializedColumn {name: SkyCoord.ra}
#         wrap_angle: !astropy.coordinates.Angle
#           unit: *id001
#           value: 360.0
#       representation_type: spherical
# schema: astropy-2.0
RA_ICRS_1 DE_ICRS_1 e_RA_ICRS e_DE_ICRS _r_1 HIP TYC2 Source rgeo Plx e_Plx pmRA pmDE e_pmRA e_pmDE RUWE Teff logg Gmag BP-RP BPmag RPmag RV e_RV b_rgeo B_rgeo FG e_FG FBP e_FBP FRP e_FRP RAVE5 RAVE6 e_Gmag e_BPmag e_RPmag e_BP-RP SkyCoord.ra SkyCoord.dec SkyCoord.distance SkyCoord.pm_ra_cosdec SkyCoord.pm_dec rmRA rmDE e_rmRA e_rmDE rRV e_rRV v_pec v_pec3d e_vpec e_vpec3d Pmemb
[from data line 30]
263.37361133137 -32.67137853137 0.0177 0.0136 15.5042 "" "" 4054605601674439680 876.00708 1.0985 0.0239 2.164 -1.467 0.025 0.017 0.927 6561.5 4.1975 13.7877 0.955262 14.176767 13.221505 -42.33 4.98 859.323792 896.564148 57526.37558 15.653 29155.0 26.787 40790.0 28.803 "" "" 0.002771113205246952 0.002963133 0.0038563597 0.0068194927 263.37361133137 -32.67137853137 876.00708 2.164 -1.467 -0.38107136344909653 0.2649554090499877 0.22881845 0.22081845 -17.279999999999998 8.109259 1.9271951561247647 17.387135507891767 0.4360133154615331 8.059436173901576 0.8
263.46653823812 -32.7236051314 0.0189 0.0148 13.2116 "" "" 4054593202123515648 1128.36719 0.8524 0.0263 2.426 -1.834 0.026 0.019 1.088 5965.3 3.99 13.873236 1.263065 14.420483 13.157417 9.11 8.05 1089.36145 1160.31213 53168.23992 18.295 23293.0 27.757 43270.0 51.496 "" "" 0.002780533184888079 0.0030755487 0.003994166 0.0070697144 263.46653823812 -32.7236051314 1128.36719 2.426 -1.834 -0.11907136344909652 -0.10204459095001228 0.22981843 0.22281843 34.16 11.179259 0.8387212844310418 34.170294897658664 0.1902896289153837 11.175892165705799 1.0
263.71292230374 -32.58817711355 0.0232 0.0197 2.9556 "" "" 4054615673393118080 1104.24268 0.8659 0.0285 2.753 -1.769 0.029 0.024 0.947 5284.5 3.6251 14.435233 1.504906 15.123352 13.618446 5.12 12.43 1071.50354 1136.49561 31684.99117 60.697 12192.0 99.465 28300.0 177.31 "" "" 0.0034521997379665277 0.009286733 0.0077819196 0.017068652 263.71292230374 -32.58817711355 1104.24268 2.753 -1.7690000000000006 0.20792863655090343 -0.03704459095001211 0.23281844 0.22781844 30.17 15.559259 1.1054587129923514 30.190245758624272 0.25720289909599253 15.548828134808575 1.0
263.58038669778 -32.67259035069 0.0241 0.0183 7.1288 "" "" 4054616356272550656 1015.66077 0.9452 0.0281 2.601 -1.487 0.033 0.023 0.974 6537.1 3.9339 14.482084 1.446204 15.135805 13.689601 -84.47 9.16 985.905151 1049.81482 30346.79916 85.68 12053.0 122.53 26504.0 197.95 "" "" 0.004121726191457292 0.011384724 0.0089465035 0.020331226 263.58038669778 -32.67259035069 1015.66077 2.601 -1.487 0.0559286365509033 0.2449554090499877 0.23681843 0.22681844 -59.42 12.289259 1.209619894414864 59.43231091156531 0.2749759697460732 12.286714613183445 1.0
263.67550651034 -32.56432639109 0.0246 0.0204 1.057 "" "" 4054618868848825088 1083.06433 0.8848 0.0301 2.818 -1.606 0.031 0.024 1.035 "" "" 14.52373 1.447466 15.174891 13.727426 -36.77 9.95 1050.11816 1120.66296 29204.83886 40.731 11627.0 62.259 25597.0 46.774 "" "" 0.003143995925761915 0.006448652 0.0042684833 0.010717135 263.67550651034 -32.56432639109 1083.06433 2.8179999999999987 -1.6060000000000008 0.2729286365509034 0.1259554090499877 0.23481844 0.22781844 -11.720000000000002 13.079259 1.543150282754038 11.821155307124762 0.36048691962065144 12.967423227427144 1.0
263.43309374575 -32.69932362408 0.0248 0.0189 13.6306 "" "" 4054593545720908928 1179.49255 0.81 0.0371 2.593 -1.524 0.036 0.023 0.944 6697.9 3.8571 14.559633 1.180044 15.020131 13.840087 -34.12 7.98 1131.79126 1255.60645 28254.8871 8.9061 13408.0 145.45 23074.0 129.09 "" "" 0.0027764925526977667 0.012104045 0.007154052 0.019258097 263.43309374575 -32.69932362408 1179.49255 2.593 -1.5240000000000002 0.04792863655090329 0.20795540904998777 0.23981844 0.22681844 -9.069999999999997 11.109259 1.1931154907495622 9.148137765374246 0.2714241683792488 11.01442708417429 0.8
263.41810368251 -32.55298384674 0.0222 0.0167 12.1555 "" "" 4054607358335773824 1024.39502 0.9354 0.0268 2.332 -1.779 0.031 0.022 0.903 "" "" 14.589942 1.562417 15.312867 13.75045 26.17 7.06 996.518738 1049.70691 27477.03321 42.888 10239.0 56.28 25060.0 124.2 "" "" 0.0032347740926724094 0.0065879254 0.0065756473 0.013163572 263.41810368251 -32.55298384674 1024.39502 2.331999999999999 -1.779 -0.21307136344909683 -0.04704459095001212 0.23481844 0.22581844 51.22 10.189259 1.059514114552447 51.23095714662118 0.24835832105062253 10.1870806176393 1.0
263.6748768844 -32.5725462435 0.0271 0.0205 0.8887 "" "" 4054618662690389504 1083.86194 0.8797 0.0299 2.353 -1.78 0.035 0.026 1.04 5507.3 4.0811 14.638433 1.576491 15.36881 13.792318 "" "" 1050.89258 1114.69604 26276.87335 63.657 9725.1 136.52 24112.0 183.15 "" "" 0.0038091989739537984 0.015494744 0.009071789 0.024566533 263.6748768844 -32.5725462435 1083.86194 2.3530000000000015 -1.7800000000000007 -0.19207136344909648 -0.048044590950012234 0.23881844 0.22981843 "" "" 1.0171702084735355 "" 0.2423895127818523 "" 1.0
263.75273658506 -32.57218457089 0.0323 0.0257 4.8253 "" "" 4054616016990492672 1092.07837 0.879 0.038 2.496 -2.058 0.038 0.03 1.309 5454.1 3.5763 14.64941 1.366623 15.245152 13.878529 25.81 12.92 1051.92468 1135.3418 26012.53589 43.637 10898.0 62.27 22271.0 190.8 "" "" 0.0033029006059461206 0.0068023475 0.010040199 0.016842548 263.75273658506 -32.57218457089 1092.07837 2.496 -2.058 -0.04907136344909668 -0.32604459095001204 0.24181844 0.23381844 50.86 16.04926 1.7067622758118224 50.88862974639948 0.39937998984907125 16.04023552749988 0.8
263.69442992564 -32.53655139354 0.0275 0.0221 2.8819 "" "" 4054619281165694080 1080.91565 0.8875 0.0329 2.66 -1.869 0.035 0.026 0.971 5248.6 3.588 14.710637 1.660643 15.493911 13.833268 27.66 7.74 1044.81958 1114.48425 24586.23507 34.952 8666.7 37.805 23219.0 86.011 "" "" 0.0031581887383820076 0.00549687 0.005519028 0.011015898 263.69442992564 -32.53655139354 1080.91565 2.66 -1.8689999999999993 0.11492863655090346 -0.1370445909500122 0.23881844 0.22981843 52.71 10.869259 0.9163808107222566 52.71796519015373 0.21404508705107145 10.867617274443912 0.9
263.70145708636 -32.53166265321 0.0281 0.0216 3.337 "" "" 4054619315525431808 1113.84985 0.8509 0.0329 2.496 -1.48 0.036 0.027 0.965 5250.4 3.6012 14.842175 1.628908 15.603683 13.974775 "" "" 1053.27979 1158.5415 21780.96245 42.131 7833.3 59.005 20382.0 105.34 "" "" 0.003464446929637675 0.008641255 0.006765462 0.015406717 263.70145708636 -32.53166265321 1113.84985 2.4959999999999987 -1.48 -0.04907136344909668 0.2519554090499878 0.23981844 0.23081844 "" "" 1.3552305617786866 "" 0.31326631329970533 "" 0.9
263.62555989722 -32.60173055423 0.0295 0.0238 2.3556 "" "" 4054617219581384704 1074.54346 0.8864 0.0339 2.658 -1.712 0.039 0.029 0.939 5522.5 4.1434 14.882415 1.586704 15.614295 14.027591 47.28 6.77 1039.04138 1108.14026 20988.46917 27.408 7757.1 63.018 19414.0 72.434 "" "" 0.0030987096006977704 0.009251213 0.0055401744 0.014791387 263.62555989722 -32.60173055423 1074.54346 2.658000000000001 -1.7119999999999997 0.11292863655090324 0.019955409049987827 0.24281844 0.23281844 72.33 9.89926 0.5840947321753127 72.33235836509242 0.14165564520180013 9.89893687229927 1.0
263.57353173833 -32.67198156293 0.0301 0.0228 7.2937 "" "" 4054616566746332928 1062.96619 0.8993 0.0333 2.555 -1.742 0.04 0.028 0.923 5578.7 3.9605 14.883198 1.445116 15.530707 14.085591 "" "" 1019.59119 1110.17078 20973.34294 66.026 8377.9 118.41 18404.0 173.68 "" "" 0.004390272163725608 0.015596974 0.010920983 0.026517957 263.57353173833 -32.67198156293 1062.96619 2.5550000000000033 -1.742 0.00992863655090348 -0.0100445909500122 0.24381843 0.23181844 "" "" 0.07116039698113998 "" 0.016923682926052997 "" 1.0
263.68398721758 -32.6191805948 0.029 0.022 3.0819 "" "" 4054615501594421760 1082.59497 0.8916 0.034 1.94 -2.115 0.036 0.026 0.998 5561.0 4.1535 14.987722 1.488216 15.621447 14.13323 51.77 8.93 1046.71228 1120.72791 19048.36161 32.639 7706.2 99.307 17614.0 64.868 "" "" 0.0033245801180991925 0.014266981 0.005501973 0.019768953 263.68398721758 -32.6191805948 1082.59497 1.9400000000000002 -2.1150000000000015 -0.6050713634490967 -0.3830445909500124 0.23981844 0.22981843 76.82000000000001 12.059259 3.674793751557994 76.907844262575 0.8709279858877211 12.045557193524381 0.9
263.50312082749 -32.41198400275 0.0301 0.022 12.4184 "" "" 4054636151797478016 1063.21594 0.9021 0.0337 2.443 -1.484 0.038 0.027 1.033 "" "" 15.005967 1.733347 15.842121 14.108774 "" "" 1026.93945 1100.33508 18730.95629 21.239 6288.8 47.798 18016.0 72.709 "" "" 0.003017852225022998 0.008711071 0.005786539 0.01449761 263.50312082749 -32.41198400275 1063.21594 2.4430000000000014 -1.484 -0.10207136344909662 0.2479554090499878 0.24181844 0.23081844 "" "" 1.3513430713676264 "" 0.31411242341591006 "" 1.0
263.74003389775 -32.58752541087 0.043 0.0345 4.2724 "" "" 4054615982630750848 883.883972 1.0906 0.0504 2.633 -1.456 0.053 0.045 1.483 5334.9 3.8558 15.128854 1.527866 15.823908 14.296041 3.22 9.34 849.052002 928.273071 16726.51079 29.748 6395.2 44.148 15161.0 93.521 "" "" 0.0033645883177362544 0.007997659 0.0076901736 0.015687833 263.74003389775 -32.58752541087 883.883972 2.633 -1.4559999999999997 0.08792863655090333 0.27595540904998783 0.25681844 0.24881844 28.27 12.469259 1.2134171949100956 28.296029426209316 0.30282831647750624 12.45779559918585 0.9
263.71445244822 -32.5647621354 0.0349 0.0287 2.9314 "" "" 4054619006287753600 1148.3446 0.8173 0.0396 2.559 -1.851 0.045 0.034 0.991 5076.3 3.7289 15.219073 1.642733 15.988833 14.346101 "" "" 1103.81311 1221.3761 15392.78956 26.736 5493.9 45.938 14478.0 107.38 "" "" 0.0033388857946902925 0.009497621 0.0088954475 0.01839307 263.71445244822 -32.5647621354 1148.3446 2.559 -1.8509999999999995 0.013928636550903484 -0.11904459095001219 0.24881844 0.23781845 "" "" 0.6523982460059811 "" 0.15525146574037596 "" 1.0
263.52406435016 -32.54776649498 0.0368 0.0306 6.906 "" "" 4054630065808374272 1143.07227 0.8427 0.0479 2.363 -1.768 0.051 0.038 1.18 5446.7 3.7946 15.308075 1.773497 16.148144 14.374647 "" "" 1082.5625 1215.26086 14181.32286 117.43 4744.2 206.77 14103.0 284.5 "" "" 0.009403292352214761 0.047402635 0.022226252 0.06962889 263.52406435016 -32.54776649498 1143.07227 2.363 -1.7680000000000002 -0.1820713634490967 -0.03604459095001222 0.25481844 0.24181844 "" "" 1.0056377393406495 "" 0.2557741206015769 "" 1.0
263.50851627064 -32.4284747912 0.0364 0.0277 11.4839 "" "" 4054636083077864960 1085.56213 0.884 0.0434 2.589 -1.629 0.048 0.034 1.159 5698.7 3.5961 15.362936 1.666285 16.140106 14.473822 "" "" 1044.04773 1137.79529 13482.5593 37.556 4779.4 55.27 12872.0 89.614 "" "" 0.004091265055213002 0.012861969 0.008451007 0.021312976 263.50851627064 -32.4284747912 1085.56213 2.589 -1.6289999999999996 0.04392863655090329 0.10295540904998779 0.25181845 0.23781845 "" "" 0.5759709945308689 "" 0.1382490788202928 "" 1.0
263.56385206633 -32.33217353731 0.0314 0.0238 15.2043 "" "" 4054642714507394688 1082.72583 0.8693 0.0359 2.819 -1.521 0.044 0.031 0.917 5400.8 3.7003 15.365153 1.627017 16.12638 14.499364 "" "" 1046.29773 1136.31909 13455.0506 18.292 4840.2 21.484 12572.0 34.457 "" "" 0.003125780487046168 0.00556865 0.004810286 0.010378936 263.56385206633 -32.33217353731 1082.72583 2.819 -1.521 0.27392863655090327 0.21095540904998789 0.24781844 0.23481844 "" "" 1.7744011016504024 "" 0.43128599882679186 "" 0.9
263.64971785676 -32.55820040164 0.0467 0.0346 0.9671 "" "" 4054618834489102848 1015.63214 0.9679 0.0534 2.506 -1.725 0.065 0.044 1.322 5133.2 4.2169 15.38062 1.674843 16.154743 14.4799 "" "" 957.577881 1064.66235 13264.73636 29.695 4715.4 36.166 12800.0 76.758 "" "" 0.0036741644118916273 0.008782349 0.0075282766 0.016310625 263.64971785676 -32.55820040164 1015.63214 2.506 -1.725 -0.039071363449096896 0.006955409049987704 0.26881844 0.24781844 "" "" 0.19105044192929846 "" 0.051239319789903044 "" 1.0
263.56390905871 -32.59593076923 0.0348 0.0268 4.9183 "" "" 4054617975495655552 1128.97937 0.8338 0.04 2.237 -1.771 0.047 0.034 0.987 4909.1 4.1743 15.433616 1.591792 16.171333 14.579541 "" "" 1083.60022 1188.5188 12632.82844 19.025 4643.9 31.635 11677.0 38.675 "" "" 0.0032039649079018484 0.007904997 0.005216815 0.013121812 263.56390905871 -32.59593076923 1128.97937 2.237 -1.771 -0.3080713634490966 -0.039044590950012115 0.25081843 0.23781845 "" "" 1.6617892185434715 "" 0.4164745618930162 "" 0.9
263.66341395162 -32.58540779167 0.0696 0.0452 0.8062 "" "" 4054618555305813888 1054.07422 0.9098 0.0549 2.605 -1.716 0.084 0.055 0.971 "" "" 15.454958 2.033628 16.467005 14.433376 "" "" 995.708374 1120.61133 12386.93056 36.698 3536.8 126.52 13360.0 104.41 "" "" 0.004235397219600418 0.038939532 0.009288792 0.048228323 263.66341395162 -32.58540779167 1054.07422 2.605 -1.7160000000000002 0.0599286365509033 0.015955409049987823 0.28781843 0.25881845 "" "" 0.3098525739149128 "" 0.08861466468640652 "" 0.8
263.68917279231 -32.57442208389 0.0358 0.0277 1.6134 "" "" 4054618658375421056 1130.67468 0.8469 0.0413 2.615 -1.768 0.049 0.035 0.988 4985.6 4.1878 15.464802 1.554271 16.17614 14.621869 "" "" 1078.83728 1180.06873 12275.12718 19.812 4623.4 46.316 11231.0 54.274 "" "" 0.0032653639171080742 0.011228796 0.0064663007 0.017695097 263.68917279231 -32.57442208389 1130.67468 2.614999999999999 -1.7679999999999998 0.06992863655090353 -0.03604459095001222 0.25281844 0.23881844 "" "" 0.42163262215436825 "" 0.10538482230932687 "" 1.0
263.86308493677 -32.56668388652 0.0317 0.0252 10.4118 "" "" 4054620896073279104 1168.66418 0.8203 0.0371 2.65 -1.67 0.038 0.028 1.031 5032.0 3.7383 15.469352 1.612901 16.21979 14.606889 "" "" 1119.2196 1225.23132 12223.79025 21.912 4441.2 30.029 11387.0 68.079 "" "" 0.003373382600090839 0.007853515 0.0075113256 0.015364841 263.86308493677 -32.56668388652 1168.66418 2.650000000000001 -1.6700000000000002 0.10492863655090323 0.061955409049987864 0.24181844 0.23181844 "" "" 0.6750084999668285 "" 0.16151158374433586 "" 1.0
263.71464723794 -32.55274319301 0.036 0.028 3.1438 "" "" 4054619075007238656 1126.60327 0.8536 0.0409 2.486 -1.884 0.047 0.035 0.949 5213.3 3.8266 15.49993 1.600362 16.246086 14.645724 "" "" 1079.51794 1161.32312 11884.32324 19.023 4334.9 28.294 10987.0 62.255 "" "" 0.003257628359578263 0.007616123 0.007220206 0.014836329 263.71464723794 -32.55274319301 1126.60327 2.4860000000000015 -1.8840000000000006 -0.05907136344909647 -0.1520445909500121 0.25081843 0.23881844 "" "" 0.8710581934690881 "" 0.20942532128368738 "" 1.0
263.67824331975 -32.58732134189 0.0423 0.0332 1.3635 "" "" 4054618555305826560 998.364685 0.9543 0.0455 2.866 -1.661 0.057 0.047 1.044 5659.4 3.637 15.536472 1.734616 16.333626 14.599009 "" "" 960.181274 1041.71179 11491.00135 22.19 3999.1 52.378 11470.0 70.57 "" "" 0.0034623237724393883 0.014491514 0.007675093 0.022166608 263.67824331975 -32.58732134189 998.364685 2.8660000000000014 -1.6610000000000005 0.3209286365509034 0.07095540904998776 0.26081845 0.25081843 "" "" 1.5553905583895162 "" 0.4049629469592219 "" 0.8
263.74935145361 -32.53377354003 0.037 0.0295 5.216 "" "" 4054619178086692608 1170.96948 0.8233 0.0409 1.946 -2.074 0.049 0.037 1.018 7148.4 4.3367 15.570357 1.321273 16.146492 14.825219 "" "" 1123.44153 1224.85144 11137.91079 4.4911 4751.4 14.47 9312.6 18.24 "" "" 0.0027898845975673084 0.004326445 0.004336588 0.008663033 263.74935145361 -32.53377354003 1170.96948 1.946 -2.074 -0.5990713634490967 -0.34204459095001205 0.25281844 0.24081844 "" "" 3.8288918591930305 "" 0.956923076728447 "" 0.9
263.72256968323 -32.74881354104 0.0356 0.0284 11.0522 "" "" 4054565473813503488 1182.13391 0.8131 0.0412 2.527 -1.892 0.047 0.035 1.0 "" "" 15.597317 1.59249 16.33958 14.74709 "" "" 1133.77246 1237.08276 10864.76059 20.075 3977.3 33.232 10007.0 47.761 "" "" 0.00340827797384237 0.009491164 0.006413767 0.015904931 263.72256968323 -32.74881354104 1182.13391 2.527 -1.892 -0.018071363449096545 -0.1600445909500121 0.25081843 0.23881844 "" "" 0.9024789454131255 "" 0.21566832872312314 "" 1.0
263.40372493688 -32.48520530114 0.0438 0.0338 13.8674 "" "" 4054634158932527872 1020.04364 0.9405 0.0513 2.584 -1.78 0.059 0.042 1.34 5309.2 4.1759 15.605157 1.776219 16.436192 14.659972 "" "" 961.559204 1090.21667 10786.58676 18.856 3638.6 31.063 10843.0 50.894 "" "" 0.003345756654434376 0.009679856 0.006344634 0.016024489 263.40372493688 -32.48520530114 1020.04364 2.584 -1.7800000000000002 0.038928636550903395 -0.048044590950012234 0.26281846 0.24581844 "" "" 0.29897867883645995 "" 0.07554976858985993 "" 0.9
