Clusters/NGC_6383/NGC_6383_members.tsv
# %ECSV 1.0
# ---
# datatype:
# - name: RA_ICRS_1
#   unit: deg
#   datatype: float64
#   format: '{:15.11f}'
#   description: Right ascension (ICRS) at Ep=2016.0 (ra)
#   meta: !!omap
#   - {ucd: POS_EQ_RA_MAIN}
#   - {width: 15}
#   - {precision: '11'}
# - name: DE_ICRS_1
#   unit: deg
#   datatype: float64
#   format: '{:15.11f}'
#   description: Declination (ICRS) at Ep=2016.0 (dec)
#   meta: !!omap
#   - {ucd: POS_EQ_DEC_MAIN}
#   - {width: 15}
#   - {precision: '11'}
# - name: e_RA_ICRS
#   unit: mas
#   datatype: float64
#   format: '{:7.4f}'
#   description: Standard error of right ascension (ra_error)
#   meta: !!omap
#   - {ucd: ERROR}
#   - {width: 7}
#   - {precision: '4'}
# - name: e_DE_ICRS
#   unit: mas
#   datatype: float64
#   format: '{:7.4f}'
#   description: Standard error of declination (dec_error)
#   meta: !!omap
#   - {ucd: ERROR}
#   - {width: 7}
#   - {precision: '4'}
# - name: _r_1
#   unit: ''
#   datatype: float64
#   format: '{:7.4f}'
#   description: Distance from center (263.65730836000-32.57299479000)[ICRS], at Epoch=J2016.0
#   meta: !!omap
#   - {ucd: POS_ANG_DIST_GENERAL}
#   - {width: 7}
#   - {precision: '4'}
# - name: HIP
#   datatype: int32
#   description: '? HIP cross-id number, van Leeuwen, Cat. I/311 (hip_original_ext_source_id)'
#   meta: !!omap
#   - {ucd: ID_NUMBER}
#   - {width: 6}
#   - values: {'null': -2147483648}
# - name: TYC2
#   datatype: string
#   description: Tycho-2 cross-id name, Hog et al., Cat. I/259 (tyc2_original_ext_source_id)
#   meta: !!omap
#   - {ucd: ID_CROSSID}
#   - {_votable_string_dtype: char}
# - name: Source
#   datatype: int64
#   description: Source identifier, identical to the Gaia-EDR3 source_id (id)
#   meta: !!omap
#   - {ucd: ID_MAIN}
#   - {width: 19}
# - name: rgeo
#   unit: pc
#   datatype: float64
#   format: '{:15.8f}'
#   description: '? Median of the geometric distance posterior (r_med_geo)'
#   meta: !!omap
#   - {ucd: PHYS_DISTANCE_TRUE}
#   - {width: 15}
#   - {precision: '8'}
#   - values: {'null': .nan}
# - name: Plx
#   unit: mas
#   datatype: float64
#   format: '{:9.4f}'
#   description: '? Parallax (parallax)'
#   meta: !!omap
#   - {ucd: POS_PARLX_TRIG}
#   - {width: 9}
#   - {precision: '4'}
#   - values: {'null': .nan}
# - name: e_Plx
#   unit: mas
#   datatype: float32
#   format: '{:7.4f}'
#   description: '? Standard error of parallax (parallax_error)'
#   meta: !!omap
#   - {ucd: ERROR}
#   - {width: 7}
#   - {precision: '4'}
#   - values: {'null': .nan}
# - name: pmRA
#   unit: mas / yr
#   datatype: float64
#   format: '{:9.3f}'
#   description: '? Proper motion in right ascension direction, pmRA*cosDE (pmra)'
#   meta: !!omap
#   - {ucd: POS_EQ_PMRA}
#   - {width: 9}
#   - {precision: '3'}
#   - values: {'null': .nan}
# - name: pmDE
#   unit: mas / yr
#   datatype: float64
#   format: '{:9.3f}'
#   description: '? Proper motion in declination direction (pmdec)'
#   meta: !!omap
#   - {ucd: POS_EQ_PMDEC}
#   - {width: 9}
#   - {precision: '3'}
#   - values: {'null': .nan}
# - name: e_pmRA
#   unit: mas / yr
#   datatype: float32
#   format: '{:6.3f}'
#   description: '? Standard error of proper motion in right ascension direction (pmra_error)'
#   meta: !!omap
#   - {ucd: ERROR}
#   - {width: 6}
#   - {precision: '3'}
#   - values: {'null': .nan}
# - name: e_pmDE
[...]
#       distance: !astropy.table.SerializedColumn
#         __class__: astropy.coordinates.distances.Distance
#         unit: !astropy.units.Unit {unit: pc}
#         value: !astropy.table.SerializedColumn {name: SkyCoord.distance}
#       frame: icrs
#       obstime: !astropy.time.Time {format: jyear_str, in_subfmt: '*', jd1: 367701545.0, jd2: 0.0, out_subfmt: '*', precision: 3, scale: tt}
#       pm_dec: !astropy.table.SerializedColumn
#         __class__: astropy.units.quantity.Quantity
#         unit: !astropy.units.Unit {unit: mas / yr}
#         value: !astropy.table.SerializedColumn {name: SkyCoord.pm_dec}
#       pm_ra_cosdec: !astropy.table.SerializedColumn
#         __class__: astropy.units.quantity.Quantity
#         unit: !astropy.units.Unit {unit: mas / yr}
#         value: !astropy.table.SerializedColumn {name: SkyCoord.pm_ra_cosdec}
#       ra: !astropy.table.SerializedColumn
#         __class__: astropy.coordinates.angles.Longitude
#         unit: *id001
#         value: !astropy.table.SerializedColumn {name: SkyCoord.ra}
#         wrap_angle: !astropy.coordinates.Angle
#           unit: *id001
#           value: 360.0
#       representation_type: spherical
# schema: astropy-2.0
RA_ICRS_1 DE_ICRS_1 e_RA_ICRS e_DE_ICRS _r_1 HIP TYC2 Source rgeo Plx e_Plx pmRA pmDE e_pmRA e_pmDE RUWE Teff logg Gmag BP-RP BPmag RPmag RV e_RV b_rgeo B_rgeo FG e_FG FBP e_FBP FRP e_FRP RAVE5 RAVE6 e_Gmag e_BPmag e_RPmag e_BP-RP SkyCoord.ra SkyCoord.dec SkyCoord.distance SkyCoord.pm_ra_cosdec SkyCoord.pm_dec rmRA rmDE e_rmRA e_rmDE rRV e_rRV v_pec v_pec3d e_vpec e_vpec3d Pmemb
[from data line 92]
263.6172828401 -32.59010951999 0.0616 0.0488 2.2692 "" "" 4054617288300872960 972.62616 1.0027 0.0673 2.584 -1.551 0.076 0.056 0.952 4590.9 4.254 16.47206 1.920164 17.384544 15.46438 "" "" 911.648376 1052.59656 4854.26293 22.438 1519.1 56.163 5169.0 69.136 "" "" 0.005725245209102427 0.04023786 0.015005596 0.055243455 263.6172828401 -32.59010951999 972.62616 2.5840000000000014 -1.551 0.038928636550903395 0.18095540904998786 0.27981845 0.25981843 "" "" 0.853335594084453 "" 0.22249490636271566 "" 1.0
263.63226372287 -32.57785374418 0.0618 0.046 1.2994 "" "" 4054618800129576576 1000.35583 0.9681 0.0663 2.428 -1.886 0.082 0.058 1.026 "" "" 16.479088 1.953172 17.451927 15.498755 "" "" 935.487488 1072.01245 4822.94041 17.064 1427.7 23.677 5007.9 51.995 "" "" 0.004727408770032158 0.018220766 0.011889442 0.030110206 263.63226372287 -32.57785374418 1000.35583 2.4279999999999986 -1.8859999999999997 -0.11707136344909674 -0.1540445909500121 0.28581846 0.26181844 "" "" 0.917432922666664 "" 0.24848863774022076 "" 0.9
263.61807186796 -32.68990612801 0.0569 0.045 7.2895 "" "" 4054613440010107520 1090.02283 0.8937 0.0662 2.358 -1.925 0.072 0.054 1.013 "" "" 16.586473 1.935509 17.541103 15.605595 "" "" 1024.64062 1185.24622 4368.75168 18.36 1315.2 24.401 4538.6 63.485 "" "" 0.0053302644462930055 0.02033606 0.01565025 0.03598631 263.61807186796 -32.68990612801 1090.02283 2.358 -1.925 -0.18707136344909658 -0.19304459095001225 0.27581844 0.25781843 "" "" 1.3888925596773571 "" 0.37040015150038363 "" 1.0
263.71878930675 -32.65038645739 0.0633 0.0489 5.5872 "" "" 4054615157996996352 1228.39856 0.7819 0.0728 2.408 -1.811 0.078 0.059 1.075 4632.6 4.3857 16.60696 1.915886 17.554262 15.638376 "" "" 1127.98352 1340.61707 4287.09305 18.615 1299.3 25.546 4403.6 57.44 "" "" 0.005460508236523019 0.021528617 0.014657822 0.036186438 263.71878930675 -32.65038645739 1228.39856 2.4080000000000017 -1.8110000000000008 -0.13707136344909676 -0.07904459095001215 0.28181845 0.26281846 "" "" 0.9213091154714945 "" 0.25538582918658564 "" 1.0
263.61927226826 -32.30431288048 0.0602 0.0434 16.2356 "" "" 4054642817586602496 1041.29614 0.9349 0.0654 2.167 -2.025 0.078 0.053 1.012 5127.4 4.6981 16.610697 1.38501 17.226625 15.841616 "" "" 969.77948 1097.1062 4272.36016 3.2428 1757.0 12.64 3651.8 13.826 "" "" 0.0028759206964680322 0.008294263 0.0055840337 0.013878297 263.61927226826 -32.30431288048 1041.29614 2.1670000000000003 -2.0250000000000012 -0.37807136344909686 -0.2930445909500121 0.28181845 0.25681844 "" "" 2.360983932046101 "" 0.6438511128204686 "" 1.0
263.68173553777 -32.60739545662 0.0608 0.0466 2.4052 "" "" 4054618490891667072 1059.07397 0.9367 0.0714 2.794 -1.796 0.074 0.057 0.974 4595.7 4.4824 16.613087 1.905757 17.538122 15.632365 "" "" 991.029663 1148.76477 4262.9643 7.0435 1318.8 13.413 4428.0 26.188 "" "" 0.003287842697476982 0.011389645 0.0074509108 0.018840555 263.68173553777 -32.60739545662 1059.07397 2.794 -1.7960000000000007 0.24892863655090336 -0.06404459095001225 0.27781844 0.26081845 "" "" 1.290320230829931 "" 0.3571521439597935 "" 1.0
263.67082560155 -32.57758644349 0.0755 0.0558 0.7369 "" "" 4054618559611172480 1212.55322 0.8241 0.0799 2.473 -1.73 0.106 0.072 0.963 "" "" 16.672256 1.962374 17.5986 15.636227 "" "" 1087.1156 1374.64465 4036.86136 20.03 1247.3 33.157 4412.3 87.929 "" "" 0.0060509080870346284 0.028996699 0.02196432 0.050961018 263.67082560155 -32.57758644349 1212.55322 2.4730000000000016 -1.73 -0.07207136344909681 0.0019554090499878107 0.30981845 0.27581844 "" "" 0.4143827584756679 "" 0.1283736272238604 "" 1.0
263.84955765544 -32.42159883869 0.0605 0.0455 13.3103 "" "" 4054627282672541440 997.090454 0.9747 0.0658 2.676 -1.942 0.074 0.054 0.962 4401.6 4.4907 16.674017 1.721218 17.49577 15.774551 "" "" 923.534424 1078.73718 4030.32078 2.9199 1371.2 13.197 3884.5 11.436 "" "" 0.0028654014164127516 0.01081567 0.0049498286 0.0157655 263.84955765544 -32.42159883869 997.090454 2.676 -1.9420000000000002 0.13092863655090348 -0.21004459095001216 0.27781844 0.25781843 "" "" 1.1697823810839385 "" 0.30831705852348945 "" 0.8
263.68973093488 -32.52547562786 0.0651 0.0505 3.2891 "" "" 4054619384244916992 1050.3761 0.9407 0.0732 2.628 -1.659 0.084 0.063 1.08 3848.4 4.0776 16.685352 1.879663 17.611 15.731337 "" "" 974.859131 1125.31189 3988.46642 7.2487 1233.2 14.423 4042.3 21.161 "" "" 0.003389017576223471 0.013001249 0.0068255616 0.01982681 263.68973093488 -32.52547562786 1050.3761 2.627999999999999 -1.6590000000000003 0.08292863655090343 0.07295540904998776 0.28781843 0.26681843 "" "" 0.549916647293827 "" 0.1533448333406185 "" 0.9
263.78020842961 -32.49420335638 0.0775 0.0513 7.8101 "" "" 4054625186728438912 924.148987 1.0919 0.086 1.672 -1.889 0.092 0.062 1.099 5090.5 4.7689 16.69671 1.465188 17.35372 15.888532 "" "" 857.684387 993.907471 3946.96035 3.366 1562.9 11.934 3497.4 14.227 "" "" 0.002906737999662064 0.008747396 0.005812957 0.014560353 263.78020842961 -32.49420335638 924.148987 1.672 -1.888999999999999 -0.8730713634490967 -0.15704459095001222 0.29581845 0.26581845 "" "" 3.8858379863286445 "" 1.1460289588181853 "" 1.0
263.6966321786 -32.56509650173 0.0765 0.0562 2.0441 "" "" 4054618697050118400 1056.76245 0.9582 0.0903 2.523 -1.596 0.108 0.068 0.96 4008.5 4.3157 16.727825 2.036677 17.749557 15.71288 "" "" 960.34552 1177.93701 3835.45073 12.901 1085.4 17.95 4111.6 35.733 "" "" 0.004574814064057965 0.018171052 0.010164632 0.028335683 263.6966321786 -32.56509650173 1056.76245 2.5230000000000015 -1.596 -0.022071363449096548 0.1359554090499877 0.31181845 0.27181846 "" "" 0.6899236566313868 "" 0.18829323410028642 "" 0.9
263.61007542637 -32.59509543416 0.0706 0.0535 2.7314 "" "" 4054617288300873344 1069.901 0.9215 0.0766 2.649 -1.76 0.093 0.068 1.033 4891.9 4.3228 16.76969 2.020761 17.772707 15.751945 "" "" 998.475159 1168.42822 3690.37549 10.541 1062.5 16.716 3966.2 61.186 "" "" 0.004148431909856635 0.017307945 0.017170597 0.03447854 263.61007542637 -32.59509543416 1069.901 2.649 -1.76 0.10392863655090334 -0.028044590950012216 0.29681844 0.27181846 "" "" 0.5459084514277068 "" 0.16114593810205202 "" 1.0
263.64616756151 -32.46446141483 0.068 0.0541 6.5364 "" "" 4054632230471975552 1118.72546 0.8795 0.0735 2.637 -1.387 0.093 0.071 1.002 6223.5 4.3788 16.827482 2.137225 17.916191 15.778966 "" "" 1044.3656 1221.39795 3499.078 8.746 930.98 29.317 3868.8 38.844 "" "" 0.00386737360635429 0.034304004 0.011537704 0.04584171 263.64616756151 -32.46446141483 1118.72546 2.636999999999999 -1.387 0.09192863655090333 0.3449554090499878 0.29681844 0.27481845 "" "" 1.8930559467977306 "" 0.5231109768904435 "" 1.0
263.64917032379 -32.59662840334 0.0854 0.0624 1.4765 "" "" 4054618731409862912 1142.03394 0.8717 0.0845 2.743 -1.655 0.107 0.075 0.95 4605.4 4.2606 16.878687 2.238895 17.9661 15.727205 "" "" 1039.11707 1270.677 3337.89107 19.579 889.15 22.062 4057.7 61.938 "" "" 0.006939064230072375 0.027083892 0.016998488 0.04408238 263.64917032379 -32.59662840334 1142.03394 2.743 -1.654999999999999 0.1979286365509032 0.07695540904998777 0.31081843 0.27881843 "" "" 1.1495699866840123 "" 0.35269577632655474 "" 1.0
263.56570421806 -32.51312892118 0.0733 0.0556 5.8625 "" "" 4054630237607110400 1219.09265 0.8163 0.0795 2.624 -1.66 0.098 0.071 0.968 4587.4 4.273 16.891735 2.057822 17.926985 15.869163 "" "" 1106.6582 1377.83911 3298.01591 11.791 921.77 14.846 3560.4 34.885 "" "" 0.004760189106239306 0.017708031 0.011289507 0.028997539 263.56570421806 -32.51312892118 1219.09265 2.624 -1.66 0.07892863655090343 0.07195540904998787 0.30181843 0.27481845 "" "" 0.6171726714485182 "" 0.17890321121608863 "" 1.0
263.64053276826 -32.49632734661 0.0695 0.0542 4.6777 "" "" 4054620445081690112 999.315857 0.9781 0.0777 2.485 -1.547 0.09 0.067 1.028 3735.2 4.0172 16.892153 2.475253 18.227678 15.752425 "" "" 933.851135 1103.49158 3296.74688 16.578 698.79 17.137 3964.5 56.105 "" "" 0.006115585827985824 0.02677219 0.015823156 0.042595346 263.64053276826 -32.49632734661 999.315857 2.485 -1.547 -0.060071363449096804 0.18495540904998786 0.29381844 0.27081844 "" "" 0.921138789337455 "" 0.2515600125136088 "" 0.9
263.44149439244 -32.5887084701 0.0732 0.0524 10.9518 "" "" 4054606293183869952 1053.56262 0.9151 0.0858 2.611 -1.741 0.104 0.074 0.99 "" "" 16.89279 2.162509 17.802807 15.640298 "" "" 967.703064 1169.50146 3294.81287 5.1448 1033.5 21.413 4395.8 52.515 "" "" 0.0032351254336560387 0.022667654 0.01351028 0.036177933 263.44149439244 -32.5887084701 1053.56262 2.611000000000001 -1.741000000000001 0.06592863655090353 -0.00904459095001231 0.30781844 0.27781844 "" "" 0.33232392868541955 "" 0.10212009009656685 "" 1.0
263.39121642386 -32.57919147446 0.0723 0.0563 13.4589 "" "" 4054607220896819328 1005.0152 0.9779 0.0955 2.299 -1.6 0.101 0.072 1.069 4808.4 4.6751 16.955376 2.022862 17.992851 15.969989 "" "" 916.595642 1091.66882 3110.25969 7.729 867.51 14.432 3244.6 25.623 "" "" 0.003856331915703943 0.018276667 0.009370189 0.027646856 263.39121642386 -32.57919147446 1005.0152 2.2990000000000013 -1.5999999999999999 -0.24607136344909675 0.1319554090499877 0.30481845 0.27581844 "" "" 1.3301364857719777 "" 0.3971601453317903 "" 1.0
263.47905128555 -32.64856944614 0.0797 0.0589 10.0861 "" "" 4054594091162135936 1062.94568 0.9284 0.0907 2.506 -1.62 0.114 0.074 0.98 3913.0 4.0855 16.982477 2.171265 18.11616 15.944895 "" "" 986.209229 1167.15442 3033.58479 14.955 774.38 24.563 3320.5 49.95 "" "" 0.0060200307458475565 0.034551926 0.01676421 0.051316135 263.47905128555 -32.64856944614 1062.94568 2.506000000000001 -1.6199999999999992 -0.039071363449096896 0.11195540904998769 0.31781843 0.27781844 "" "" 0.597435615245966 "" 0.16873705764314303 "" 1.0
263.75587259033 -32.61107082036 0.0902 0.069 5.4814 "" "" 4054615703452147584 942.634644 1.0589 0.1003 2.8 -1.675 0.133 0.094 1.163 3739.9 4.1879 16.98613 2.393507 18.247059 15.853552 "" "" 853.72699 1061.93713 3023.39442 4.8982 686.42 20.795 3611.9 19.304 "" "" 0.0032689253388585816 0.033010356 0.006925024 0.03993538 263.75587259033 -32.61107082036 942.634644 2.7999999999999994 -1.6749999999999994 0.25492863655090314 0.05695540904998775 0.33681846 0.29781842 "" "" 1.1671252662494314 "" 0.39106528358363407 "" 0.8
