Clusters/NGC_6383/NGC_6383_stars_in_region.tsv
# %ECSV 1.0
# ---
# datatype:
# - name: RA_ICRS_1
#   unit: deg
#   datatype: float64
#   format: '{:15.11f}'
#   description: Right ascension (ICRS) at Ep=2016.0 (ra)
#   meta: !!omap
#   - {ucd: POS_EQ_RA_MAIN}
#   - {width: 15}
#   - {precision: '11'}
# - name: DE_ICRS_1
#   unit: deg
#   datatype: float64
#   format: '{:15.11f}'
#   description: Declination (ICRS) at Ep=2016.0 (dec)
#   meta: !!omap
#   - {ucd: POS_EQ_DEC_MAIN}
#   - {width: 15}
#   - {precision: '11'}
# - name: e_RA_ICRS
#   unit: mas
#   datatype: float64
#   format: '{:7.4f}'
#   description: Standard error of right ascension (ra_error)
#   meta: !!omap
#   - {ucd: ERROR}
#   - {width: 7}
#   - {precision: '4'}
# - name: e_DE_ICRS
#   unit: mas
#   datatype: float64
#   format: '{:7.4f}'
#   description: Standard error of declination (dec_error)
#   meta: !!omap
#   - {ucd: ERROR}
#   - {width: 7}
#   - {precision: '4'}
# - name: _r_1
#   unit: ''
#   datatype: float64
#   format: '{:7.4f}'
#   description: Distance from center (263.65730836000-32.57299479000)[ICRS], at Epoch=J2016.0
#   meta: !!omap
#   - {ucd: POS_ANG_DIST_GENERAL}
#   - {width: 7}
#   - {precision: '4'}
# - name: HIP
#   datatype: int32
#   description: '? HIP cross-id number, van Leeuwen, Cat. I/311 (hip_original_ext_source_id)'
#   meta: !!omap
#   - {ucd: ID_NUMBER}
#   - {width: 6}
#   - values: {'null': -2147483648}
# - name: TYC2
#   datatype: string
#   description: Tycho-2 cross-id name, Hog et al., Cat. I/259 (tyc2_original_ext_source_id)
#   meta: !!omap
#   - {ucd: ID_CROSSID}
#   - {_votable_string_dtype: char}
# - name: Source
#   datatype: int64
#   description: Source identifier, identical to the Gaia-EDR3 source_id (id)
#   meta: !!omap
#   - {ucd: ID_MAIN}
#   - {width: 19}
# - name: rgeo
#   unit: pc
#   datatype: float64
#   format: '{:15.8f}'
#   description: '? Median of the geometric distance posterior (r_med_geo)'
#   meta: !!omap
#   - {ucd: PHYS_DISTANCE_TRUE}
#   - {width: 15}
#   - {precision: '8'}
#   - values: {'null': .nan}
# - name: Plx
#   unit: mas
#   datatype: float64
#   format: '{:9.4f}'
#   description: '? Parallax (parallax)'
#   meta: !!omap
#   - {ucd: POS_PARLX_TRIG}
#   - {width: 9}
#   - {precision: '4'}
#   - values: {'null': .nan}
# - name: e_Plx
#   unit: mas
#   datatype: float32
#   format: '{:7.4f}'
#   description: '? Standard error of parallax (parallax_error)'
#   meta: !!omap
#   - {ucd: ERROR}
#   - {width: 7}
#   - {precision: '4'}
#   - values: {'null': .nan}
# - name: pmRA
#   unit: mas / yr
#   datatype: float64
#   format: '{:9.3f}'
#   description: '? Proper motion in right ascension direction, pmRA*cosDE (pmra)'
#   meta: !!omap
#   - {ucd: POS_EQ_PMRA}
#   - {width: 9}
#   - {precision: '3'}
#   - values: {'null': .nan}
# - name: pmDE
#   unit: mas / yr
#   datatype: float64
#   format: '{:9.3f}'
#   description: '? Proper motion in declination direction (pmdec)'
#   meta: !!omap
#   - {ucd: POS_EQ_PMDEC}
#   - {width: 9}
#   - {precision: '3'}
#   - values: {'null': .nan}
# - name: e_pmRA
#   unit: mas / yr
#   datatype: float32
#   format: '{:6.3f}'
#   description: '? Standard error of proper motion in right ascension direction (pmra_error)'
#   meta: !!omap
#   - {ucd: ERROR}
#   - {width: 6}
#   - {precision: '3'}
#   - values: {'null': .nan}
# - name: e_pmDE
[...]
#         value: !astropy.table.SerializedColumn {name: SkyCoord.dec}
#       distance: !astropy.table.SerializedColumn
#         __class__: astropy.coordinates.distances.Distance
#         unit: !astropy.units.Unit {unit: pc}
#         value: !astropy.table.SerializedColumn {name: SkyCoord.distance}
#       frame: icrs
#       obstime: !astropy.time.Time {format: jyear_str, in_subfmt: '*', jd1: 367701545.0, jd2: 0.0, out_subfmt: '*', precision: 3, scale: tt}
#       pm_dec: !astropy.table.SerializedColumn
#         __class__: astropy.units.quantity.Quantity
#         unit: !astropy.units.Unit {unit: mas / yr}
#         value: !astropy.table.SerializedColumn {name: SkyCoord.pm_dec}
#       pm_ra_cosdec: !astropy.table.SerializedColumn
#         __class__: astropy.units.quantity.Quantity
#         unit: !astropy.units.Unit {unit: mas / yr}
#         value: !astropy.table.SerializedColumn {name: SkyCoord.pm_ra_cosdec}
#       ra: !astropy.table.SerializedColumn
#         __class__: astropy.coordinates.angles.Longitude
#         unit: *id001
#         value: !astropy.table.SerializedColumn {name: SkyCoord.ra}
#         wrap_angle: !astropy.coordinates.Angle
#           unit: *id001
#           value: 360.0
#       representation_type: spherical
# schema: astropy-2.0
RA_ICRS_1 DE_ICRS_1 e_RA_ICRS e_DE_ICRS _r_1 HIP TYC2 Source rgeo Plx e_Plx pmRA pmDE e_pmRA e_pmDE RUWE Teff logg Gmag BP-RP BPmag RPmag RV e_RV b_rgeo B_rgeo FG e_FG FBP e_FBP FRP e_FRP RAVE5 RAVE6 e_Gmag e_BPmag e_RPmag e_BP-RP SkyCoord.ra SkyCoord.dec SkyCoord.distance SkyCoord.pm_ra_cosdec SkyCoord.pm_dec rmRA rmDE e_rmRA e_rmDE rRV e_rRV v_pec v_pec3d e_vpec e_vpec3d
[from data line 1003]
263.53137245739 -32.4147083139 0.0273 0.0208 11.4374 "" "" 4054633226904433536 1042.77881 0.9179 0.0314 0.127 -2.581 0.037 0.026 1.008 7481.2 4.2057 15.032456 1.328991 15.606103 14.277112 "" "" 1012.95477 1072.90259 18279.49643 8.5638 7815.8 23.014 15428.0 20.679 "" "" 0.0028018785122035997 0.004243333 0.004049882 0.008293215 263.53137245739 -32.4147083139 1042.77881 0.12699999999999997 -2.581 -2.418071363449097 -0.8490445909500122 0.24081844 0.22981843 "" "" 12.667336877382072 "" 3.035547218579273 ""
264.08943194151 -33.0442649213 0.0279 0.0234 35.6989 "" "" 4054542280989362560 1045.81897 0.912 0.035 0.657 -2.133 0.036 0.028 1.002 4906.5 4.2578 15.032678 1.135497 15.501235 14.365738 "" "" 1011.24591 1085.80103 18275.77735 6.7041 8608.4 16.882 14219.0 53.618 "" "" 0.002783957018787591 0.0035098053 0.0055718897 0.009081695 264.08943194151 -33.0442649213 1045.81897 0.6569999999999998 -2.133000000000002 -1.8880713634490967 -0.4010445909500122 0.23981844 0.23181844 "" "" 9.56832454074789 "" 2.291408941098267 ""
263.13409473477 -32.90794066989 0.0289 0.0217 33.1831 "" "" 4054594748302889344 1083.453 0.885 0.0321 -5.685 -6.995 0.039 0.026 1.061 5371.5 4.1944 15.032811 1.24931 15.554553 14.305243 "" "" 1039.50281 1124.87927 18273.5272 9.6207 8195.9 24.572 15034.0 57.043 "" "" 0.0028139901502857215 0.0042872964 0.005590582 0.009877878 263.13409473477 -32.90794066989 1083.453 -5.6850000000000005 -6.995000000000002 -8.230071363449095 -5.263044590950012 0.24281844 0.22981843 "" "" 50.1694486989908 "" 11.996418277741732 ""
263.62111412884 -32.96453465507 0.0248 0.0205 23.5633 "" "" 4054538054740270080 1238.73462 0.7652 0.0326 -2.143 0.447 0.035 0.026 0.94 6004.7 4.1268 15.033675 1.360866 15.63299 14.272124 "" "" 1196.08386 1284.60681 18258.99155 5.1427 7624.7 11.456 15499.0 12.312 "" "" 0.00277223800745525 0.0032320574 0.0038765448 0.007108602 263.62111412884 -32.96453465507 1238.73462 -2.142999999999999 0.447 -4.6880713634490965 2.178955409049988 0.23881844 0.22981843 "" "" 30.35445640498496 "" 7.201428666260107 ""
263.88568787903 -32.09103923421 0.0256 0.0195 31.1491 "" "" 4055020087504190336 963.305542 0.9919 0.0279 -4.912 -11.19 0.036 0.024 0.989 5167.5 4.3519 15.035359 1.153096 15.534651 14.381555 "" "" 941.034302 982.335266 18230.68309 5.3914 8347.5 14.62 14013.0 16.184 "" "" 0.002773965816122515 0.0033765463 0.003981973 0.0073585194 263.88568787903 -32.09103923421 963.305542 -4.912 -11.190000000000001 -7.457071363449097 -9.458044590950012 0.23981844 0.22781844 "" "" 54.99459531128334 "" 12.785787598904312 ""
264.31661067635 -32.60413217166 0.0279 0.0211 33.3824 "" "" 4054933947638097920 962.65802 1.0 0.0301 -17.419 -17.245 0.038 0.026 0.969 5773.9 4.3817 15.035575 1.084474 15.488612 14.404139 "" "" 934.79126 991.500366 18227.06175 5.4836 8709.1 14.691 13725.0 13.816 "" "" 0.0027746144028375284 0.0033375695 0.0039342386 0.007271808 264.31661067635 -32.60413217166 962.65802 -17.418999999999993 -17.245 -19.964071363449097 -15.513044590950013 0.24181844 0.22981843 "" "" 115.36527616976038 "" 27.384470738820255 ""
263.7429367069 -32.64609872153 0.028 0.0221 6.1619 "" "" 4054614535206475904 908.888245 1.0646 0.0337 -2.506 -3.729 0.036 0.027 0.989 5291.5 4.3693 15.036851 1.109054 15.508434 14.399381 "" "" 877.596375 937.384277 18205.65626 10.212 8551.5 21.815 13785.0 24.68 "" "" 0.002821823880765509 0.0039314684 0.004249974 0.0081814425 263.7429367069 -32.64609872153 908.888245 -2.5060000000000007 -3.729 -5.051071363449097 -1.9970445909500123 0.23981844 0.23081844 "" "" 23.399735248343816 "" 5.583682477472993 ""
263.37787991104 -32.02151875344 0.0307 0.0237 35.9957 "" "" 4054849938093771648 1036.59009 0.9239 0.0324 2.524 0.628 0.04 0.029 0.965 5220.4 4.3808 15.037481 1.158949 15.536225 14.377276 "" "" 1005.16827 1069.84912 18195.09087 5.6507 8335.4 17.315 14068.0 19.304 "" "" 0.0027758755863133734 0.0035877293 0.0040624314 0.0076501607 263.37787991104 -32.02151875344 1036.59009 2.524 0.6280000000000006 -0.02107136344909666 2.359955409049988 0.24381843 0.23281844 "" "" 11.595954486121776 "" 2.699762437502386 ""
263.39232325617 -33.092200126 0.0245 0.0192 33.896 "" "" 4054530426878949120 987.183777 0.9729 0.028 -4.23 -6.028 0.032 0.023 0.986 5771.3 4.3349 15.03816 1.187028 15.54744 14.360412 "" "" 964.291748 1008.58875 18183.71565 4.7527 8249.8 12.951 14289.0 16.872 "" "" 0.0027698954127763696 0.0032695867 0.003990897 0.0072604837 263.39232325617 -33.092200126 987.183777 -4.23 -6.027999999999995 -6.775071363449097 -4.296044590950012 0.23581845 0.22681844 "" "" 37.538441812276524 "" 8.75670507800809 ""
264.03800100839 -32.54442433882 0.1298 0.0949 19.3279 "" "" 4054575300698637184 962.795166 1.0056 0.0411 1.963 0.741 0.137 0.104 1.041 "" "" 15.038418 "" "" "" "" "" 926.069458 1007.2666 18179.40457 9.6292 "" "" "" "" "" "" 0.00281469651550504 "" "" "" 264.03800100839 -32.54442433882 962.795166 1.962999999999999 0.7410000000000004 -0.5820713634490966 2.472955409049988 0.34081843 0.30781844 "" "" 11.594107934490381 "" 3.5899786041530533 ""
263.49030129692 -32.42897532967 0.0268 0.0204 12.0868 "" "" 4054636048718132480 1211.71631 0.7844 0.031 -5.863 -8.428 0.036 0.026 0.917 "" "" 15.038844 1.771785 15.89968 14.127895 -47.06 8.65 1172.34534 1254.75244 18172.2641 5.5421 5964.1 13.332 17701.0 24.505 "" "" 0.002775145397173693 0.0036980414 0.0040673045 0.007765346 263.49030129692 -32.42897532967 1211.71631 -5.863 -8.428 -8.408071363449096 -6.696044590950013 0.23981844 0.22981843 -22.01 11.779259 61.73503716858785 65.54124590063057 14.568719495481902 14.281423025382956
264.0243366606 -32.5372393693 0.0253 0.0205 18.6851 "" "" 4054574991461007360 1126.17798 0.8494 0.0298 -3.784 -7.411 0.03 0.022 0.946 5507.3 3.7416 15.039676 1.174523 15.541566 14.367043 "" "" 1094.44751 1167.34656 18158.34577 5.316 8294.5 16.588 14202.0 14.986 "" "" 0.0027735938848488873 0.0035355017 0.0039492142 0.007484716 264.0243366606 -32.5372393693 1126.17798 -3.7840000000000025 -7.411 -6.3290713634490965 -5.679044590950012 0.23381844 0.22581844 "" "" 45.39213658360426 "" 10.453108719632942 ""
264.13184518929 -32.75421613104 0.0289 0.0221 26.3203 "" "" 4054556540281156992 1241.00378 0.77 0.0328 0.228 1.187 0.037 0.027 0.891 7396.8 4.1043 15.040905 1.175131 15.533743 14.358612 "" "" 1196.61755 1291.47388 18137.79981 6.8316 8354.5 15.08 14312.0 19.966 "" "" 0.002785502341673429 0.0034096553 0.0040715993 0.0074812546 264.13184518929 -32.75421613104 1241.00378 0.22799999999999981 1.1869999999999998 -2.3170713634490965 2.918955409049988 0.24081844 0.23081844 "" "" 21.92243631299178 "" 5.145950786823655 ""
264.20312634921 -32.79380685372 0.0289 0.0219 30.5825 "" "" 4054553928940888192 1000.24872 0.9612 0.031 -4.133 9.554 0.037 0.026 1.035 5231.1 4.341 15.041548 1.186813 15.556819 14.370006 "" "" 963.283936 1031.47693 18127.06679 5.873 8178.8 14.211 14163.0 13.642 "" "" 0.0027776843576531366 0.0033680815 0.003921405 0.0072894865 264.20312634921 -32.79380685372 1000.24872 -4.1329999999999965 9.554 -6.678071363449097 11.285955409049988 0.24081844 0.22981843 "" "" 62.17445221107983 "" 14.469300221045893 ""
263.33292765988 -33.05575167546 0.0265 0.0209 33.2648 "" "" 4054577568442714496 1106.29517 0.8604 0.0299 -12.17 4.876 0.033 0.024 1.002 6441.5 4.1744 15.043042 1.371315 15.65666 14.285345 "" "" 1071.12561 1148.32361 18102.13486 6.6422 7460.2 13.194 15312.0 21.798 "" "" 0.0027839724402556423 0.0033870756 0.0040832264 0.0074703023 263.33292765988 -33.05575167546 1106.29517 -12.17 4.876000000000001 -14.715071363449097 6.607955409049988 0.23681843 0.22781844 "" "" 84.58661950033101 "" 19.905950090651732 ""
263.91282693154 -32.06192370144 0.0273 0.021 33.289 "" "" 4055020602900270080 1040.28333 0.9308 0.0302 1.006 -1.471 0.037 0.025 1.032 5489.3 4.3857 15.043257 0.993892 15.452953 14.459062 "" "" 1010.10461 1074.33203 18098.56251 9.9443 8999.9 29.294 13048.0 20.498 "" "" 0.0028191618793877854 0.0045026806 0.0041464437 0.008649124 263.91282693154 -32.06192370144 1040.28333 1.006000000000001 -1.471 -1.5390713634490967 0.2609554090499877 0.24081844 0.22881845 "" "" 7.697387399719861 "" 1.8511541823569446 ""
264.14169400439 -32.36508379971 0.0683 0.0548 27.5108 "" "" 4054954082444975488 1066.40894 0.9367 0.0773 1.179 -6.496 0.085 0.063 2.624 6411.7 3.8589 15.043456 1.372991 15.612423 14.239432 29.85 14.7 974.915466 1141.13623 18095.23968 17.811 7770.5 19.538 15973.0 14.847 "" "" 0.002955312073504832 0.0039035499 0.003911804 0.007815354 264.14169400439 -32.36508379971 1066.40894 1.179 -6.496 -1.3660713634490966 -4.764044590950013 0.28881845 0.26681843 54.900000000000006 17.829258 25.05165289295723 60.345632092714155 6.727701152870985 16.459026927202174
263.40145353285 -32.09438337869 0.0308 0.0235 31.5102 "" "" 4054837431148941184 1232.13684 0.77 0.032 -0.243 -5.387 0.04 0.03 1.077 6353.4 3.9623 15.045252 1.43125 15.692845 14.261596 -51.54 11.24 1188.07703 1287.61365 18065.3379 5.8912 7215.7 17.285 15650.0 19.437 "" "" 0.002777976033212159 0.0038143762 0.0040127398 0.007827116 263.40145353285 -32.09438337869 1232.13684 -0.243 -5.387000000000003 -2.7880713634490966 -3.6550445909500118 0.24381843 0.23381844 -26.49 14.369259 26.848171008769086 37.7166327568635 6.377668564269386 11.066246394907322
263.39284878795 -32.12169507308 0.0308 0.0234 30.2145 "" "" 4054836533477624704 929.008606 1.0383 0.0322 1.091 -1.22 0.039 0.03 1.024 5385.9 4.3929 15.04647 1.15439 15.544372 14.389981 "" "" 900.229248 958.942078 18045.08511 9.1871 8273.1 14.175 13905.0 23.185 "" "" 0.00281022119424645 0.0033534614 0.004190592 0.0075440537 263.39284878795 -32.12169507308 929.008606 1.091 -1.22 -1.4540713634490967 0.5119554090499878 0.24281844 0.23381844 "" "" 6.788281587390232 "" 1.641693343402373 ""
263.50012664692 -33.04424688612 0.0261 0.0206 29.3651 "" "" 4054532179225600896 1051.87463 0.9079 0.0297 2.819 -5.149 0.035 0.025 0.98 5134.8 4.1851 15.046667 1.352791 15.651764 14.298973 "" "" 1017.58374 1096.15479 18041.80543 5.7867 7494.0 14.681 15121.0 16.254 "" "" 0.0027772393863471274 0.00350844 0.00395548 0.00746392 263.50012664692 -33.04424688612 1051.87463 2.819 -5.149000000000001 0.27392863655090327 -3.4170445909500122 0.23881844 0.22881845 "" "" 17.091650251899434 "" 3.9119999239170826 ""
263.56062519089 -32.57180611121 0.1069 0.0808 4.8891 "" "" 4054618284733312128 921.077271 1.0823 0.1234 -0.272 -1.139 0.155 0.109 3.979 8161.4 3.8083 15.047478 3.083001 16.811926 13.728925 -38.33 3.37 809.583191 1042.29688 18028.33938 22.876 2574.2 23.168 25562.0 109.96 "" "" 0.0030805509485961244 0.010162252 0.0060081095 0.016170362 263.56062519089 -32.57180611121 921.077271 -0.272 -1.1389999999999991 -2.817071363449097 0.5929554090499878 0.35881844 0.31281844 -13.279999999999998 6.499259 12.568569243578896 18.284620117208817 4.486819785632622 5.63861689339919
263.47754266809 -33.10886555545 0.0666 0.0539 33.4049 "" "" 4054530804836021504 972.774658 0.9821 0.0776 0.713 -1.094 0.095 0.068 2.185 "" "" 15.048565 3.345632 17.04418 13.698548 -24.27 2.7 904.447327 1052.50134 18010.29764 25.11 2078.5 9.0725 26287.0 28.098 "" "" 0.0031437535167895855 0.0054995157 0.0039535514 0.009453068 263.47754266809 -33.10886555545 972.774658 0.7129999999999995 -1.0940000000000003 -1.8320713634490966 0.6379554090499877 0.29881844 0.27181846 0.7800000000000011 5.829259 8.945095224805804 8.979038288193431 2.647903896891028 2.686058092602735
263.70942777605 -32.6306377131 0.0282 0.0225 4.3476 "" "" 4054615261076232832 936.161377 1.0328 0.0327 2.448 3.275 0.035 0.028 0.932 5678.3 4.4398 15.048716 1.068118 15.496923 14.428804 "" "" 902.569031 968.815674 18007.78648 5.7864 8642.7 18.971 13416.0 13.721 "" "" 0.0027773196804737896 0.0036694428 0.0039391317 0.007608575 263.70942777605 -32.6306377131 936.161377 2.4480000000000017 3.2750000000000017 -0.09707136344909673 5.006955409049988 0.23881844 0.23181844 "" "" 22.2220637004781 "" 5.15154341473313 ""
263.83259524142 -32.95432146634 0.0305 0.023 24.5294 "" "" 4054559147307152768 1249.10522 0.7636 0.0362 -0.205 -0.999 0.043 0.03 1.011 6066.7 4.1653 15.048731 1.14373 15.509439 14.365709 "" "" 1185.39539 1296.46204 18007.54613 6.9409 8543.6 14.509 14219.0 35.805 "" "" 0.002786920101997227 0.0033443621 0.0046646004 0.0080089625 263.83259524142 -32.95432146634 1249.10522 -0.205 -0.999 -2.7500713634490968 0.7329554090499878 0.24681844 0.23381844 "" "" 16.85089559384903 "" 4.144941399563822 ""
263.70373921238 -32.89655300249 0.0256 0.0212 19.5544 "" "" 4054540112012353536 1122.03357 0.8556 0.0344 -2.583 -2.402 0.037 0.027 0.938 5864.7 4.2442 15.049178 1.212236 15.569405 14.357168 "" "" 1075.052 1169.06165 18000.12432 5.2033 8084.5 15.784 14331.0 16.783 "" "" 0.0027731378847079312 0.0035040637 0.0039875363 0.0074916 263.70373921238 -32.89655300249 1122.03357 -2.583000000000001 -2.402000000000001 -5.128071363449097 -0.6700445909500123 0.24081844 0.23081844 "" "" 27.5051632428107 "" 6.619227825752796 ""
263.40113242509 -33.13124859381 0.0254 0.0195 35.8979 "" "" 4054530014562055168 1197.26526 0.7913 0.0279 -2.244 2.65 0.033 0.023 0.962 6208.9 4.078 15.049408 1.363732 15.621049 14.257317 -29.46 8.33 1158.11316 1253.87048 17996.3078 6.3877 7709.0 12.89 15712.0 31.951 "" "" 0.0027821402874313376 0.0033287879 0.0043770424 0.00770583 263.40113242509 -33.13124859381 1197.26526 -2.2439999999999998 2.649999999999999 -4.7890713634490965 4.381955409049988 0.23681843 0.22681844 -4.41 11.459259 36.8382658175462 37.10129281364994 8.558076908614462 8.605880764515257
263.21790820616 -32.09137729959 0.0277 0.0208 36.4867 "" "" 4054844028218815616 1040.99561 0.9201 0.032 0.101 -11.082 0.039 0.027 0.98 5525.6 4.3835 15.051023 1.137301 15.535612 14.398311 "" "" 1003.73993 1080.20984 17969.57549 5.3347 8340.1 22.296 13799.0 13.642 "" "" 0.002774109586883293 0.0040261466 0.0039288523 0.007954999 263.21790820616 -32.09137729959 1040.99561 0.10100000000000042 -11.082 -2.4440713634490967 -9.350044590950013 0.24281844 0.23081844 "" "" 47.686262091793495 "" 11.044355065097404 ""
263.03475027235 -32.74028821798 0.0263 0.02 33.0116 "" "" 4054600692546844416 1077.69714 0.8937 0.0299 2.566 -2.131 0.037 0.025 0.968 6002.4 4.1887 15.052104 1.461005 15.71862 14.257615 "" "" 1044.25549 1110.35718 17951.68938 30.621 7046.4 46.073 15708.0 74.785 "" "" 0.0033198872973083655 0.007627734 0.0064034127 0.014031147 263.03475027235 -32.74028821798 1077.69714 2.566 -2.1310000000000002 0.020928636550903157 -0.399044590950012 0.24081844 0.22881845 "" "" 2.04123488301577 "" 0.46714114385975436 ""
264.05300111667 -32.88293320369 0.0301 0.0226 27.2896 "" "" 4054548946778873216 1150.82922 0.8264 0.0344 -4.533 -8.973 0.038 0.027 0.947 5212.8 4.3097 15.052425 1.138213 15.539239 14.401026 "" "" 1098.09192 1209.40918 17946.36937 5.5044 8312.3 22.778 13764.0 11.648 "" "" 0.0027753711949332492 0.0040788436 0.0038894678 0.007968311 264.05300111667 -32.88293320369 1150.82922 -4.533 -8.973000000000003 -7.078071363449097 -7.241044590950013 0.24181844 0.23081844 "" "" 55.23553403387007 "" 13.049795566687305 ""
263.15911943972 -32.61893786235 0.0323 0.0246 25.3336 "" "" 4054608904524056704 1273.87793 0.7526 0.0379 -1.272 -4.112 0.043 0.03 1.28 5258.9 4.1723 15.053509 1.290136 15.621563 14.331427 "" "" 1218.60095 1330.96973 17928.46454 5.1858 7705.3 14.506 14675.0 16.052 "" "" 0.0027731599268019332 0.0034587588 0.0039615845 0.0074203433 263.15911943972 -32.61893786235 1273.87793 -1.272 -4.112 -3.817071363449097 -2.3800445909500123 0.24681844 0.23381844 "" "" 27.16151318867409 "" 6.6070156005477525 ""
