Clusters/Berkeley_87/Berkeley_87_stars_in_region.tsv
# %ECSV 1.0
# ---
# datatype:
# - name: RA_ICRS_1
#   unit: deg
#   datatype: float64
#   format: '{:15.11f}'
#   description: Right ascension (ICRS) at Ep=2016.0 (ra)
#   meta: !!omap
#   - {ucd: POS_EQ_RA_MAIN}
#   - {width: 15}
#   - {precision: '11'}
# - name: DE_ICRS_1
#   unit: deg
#   datatype: float64
#   format: '{:15.11f}'
#   description: Declination (ICRS) at Ep=2016.0 (dec)
#   meta: !!omap
#   - {ucd: POS_EQ_DEC_MAIN}
#   - {width: 15}
#   - {precision: '11'}
# - name: e_RA_ICRS
#   unit: mas
#   datatype: float64
#   format: '{:7.4f}'
#   description: Standard error of right ascension (ra_error)
#   meta: !!omap
#   - {ucd: ERROR}
#   - {width: 7}
#   - {precision: '4'}
# - name: e_DE_ICRS
#   unit: mas
#   datatype: float64
#   format: '{:7.4f}'
#   description: Standard error of declination (dec_error)
#   meta: !!omap
#   - {ucd: ERROR}
#   - {width: 7}
#   - {precision: '4'}
# - name: _r_1
#   unit: ''
#   datatype: float64
#   format: '{:7.4f}'
#   description: Distance from center (305.38980723000+37.44190597000)[ICRS], at Epoch=J2016.0
#   meta: !!omap
#   - {ucd: POS_ANG_DIST_GENERAL}
#   - {width: 7}
#   - {precision: '4'}
# - name: HIP
#   datatype: int32
#   description: '? HIP cross-id number, van Leeuwen, Cat. I/311 (hip_original_ext_source_id)'
#   meta: !!omap
#   - {ucd: ID_NUMBER}
#   - {width: 6}
#   - values: {'null': -2147483648}
# - name: TYC2
#   datatype: string
#   description: Tycho-2 cross-id name, Hog et al., Cat. I/259 (tyc2_original_ext_source_id)
#   meta: !!omap
#   - {ucd: ID_CROSSID}
#   - {_votable_string_dtype: char}
# - name: Source
#   datatype: int64
#   description: Source identifier, identical to the Gaia-EDR3 source_id (id)
#   meta: !!omap
#   - {ucd: ID_MAIN}
#   - {width: 19}
# - name: rgeo
#   unit: pc
#   datatype: float64
#   format: '{:15.8f}'
#   description: '? Median of the geometric distance posterior (r_med_geo)'
#   meta: !!omap
#   - {ucd: PHYS_DISTANCE_TRUE}
#   - {width: 15}
#   - {precision: '8'}
#   - values: {'null': .nan}
# - name: Plx
#   unit: mas
#   datatype: float64
#   format: '{:9.4f}'
#   description: '? Parallax (parallax)'
#   meta: !!omap
#   - {ucd: POS_PARLX_TRIG}
#   - {width: 9}
#   - {precision: '4'}
#   - values: {'null': .nan}
# - name: e_Plx
#   unit: mas
#   datatype: float32
#   format: '{:7.4f}'
#   description: '? Standard error of parallax (parallax_error)'
#   meta: !!omap
#   - {ucd: ERROR}
#   - {width: 7}
#   - {precision: '4'}
#   - values: {'null': .nan}
# - name: pmRA
#   unit: mas / yr
#   datatype: float64
#   format: '{:9.3f}'
#   description: '? Proper motion in right ascension direction, pmRA*cosDE (pmra)'
#   meta: !!omap
#   - {ucd: POS_EQ_PMRA}
#   - {width: 9}
#   - {precision: '3'}
#   - values: {'null': .nan}
# - name: pmDE
#   unit: mas / yr
#   datatype: float64
#   format: '{:9.3f}'
#   description: '? Proper motion in declination direction (pmdec)'
#   meta: !!omap
#   - {ucd: POS_EQ_PMDEC}
#   - {width: 9}
#   - {precision: '3'}
#   - values: {'null': .nan}
# - name: e_pmRA
#   unit: mas / yr
#   datatype: float32
#   format: '{:6.3f}'
#   description: '? Standard error of proper motion in right ascension direction (pmra_error)'
#   meta: !!omap
#   - {ucd: ERROR}
#   - {width: 6}
#   - {precision: '3'}
#   - values: {'null': .nan}
# - name: e_pmDE
[...]
#         value: !astropy.table.SerializedColumn {name: SkyCoord.dec}
#       distance: !astropy.table.SerializedColumn
#         __class__: astropy.coordinates.distances.Distance
#         unit: !astropy.units.Unit {unit: pc}
#         value: !astropy.table.SerializedColumn {name: SkyCoord.distance}
#       frame: icrs
#       obstime: !astropy.time.Time {format: jyear_str, in_subfmt: '*', jd1: 367701545.0, jd2: 0.0, out_subfmt: '*', precision: 3, scale: tt}
#       pm_dec: !astropy.table.SerializedColumn
#         __class__: astropy.units.quantity.Quantity
#         unit: !astropy.units.Unit {unit: mas / yr}
#         value: !astropy.table.SerializedColumn {name: SkyCoord.pm_dec}
#       pm_ra_cosdec: !astropy.table.SerializedColumn
#         __class__: astropy.units.quantity.Quantity
#         unit: !astropy.units.Unit {unit: mas / yr}
#         value: !astropy.table.SerializedColumn {name: SkyCoord.pm_ra_cosdec}
#       ra: !astropy.table.SerializedColumn
#         __class__: astropy.coordinates.angles.Longitude
#         unit: *id001
#         value: !astropy.table.SerializedColumn {name: SkyCoord.ra}
#         wrap_angle: !astropy.coordinates.Angle
#           unit: *id001
#           value: 360.0
#       representation_type: spherical
# schema: astropy-2.0
RA_ICRS_1 DE_ICRS_1 e_RA_ICRS e_DE_ICRS _r_1 HIP TYC2 Source rgeo Plx e_Plx pmRA pmDE e_pmRA e_pmDE RUWE Teff logg Gmag BP-RP BPmag RPmag RV e_RV b_rgeo B_rgeo FG e_FG FBP e_FBP FRP e_FRP RAVE5 RAVE6 e_Gmag e_BPmag e_RPmag e_BP-RP SkyCoord.ra SkyCoord.dec SkyCoord.distance SkyCoord.pm_ra_cosdec SkyCoord.pm_dec rmRA rmDE e_rmRA e_rmDE rRV e_rRV v_pec v_pec3d e_vpec e_vpec3d
[from data line 60]
305.29775706669 37.64179858835 0.009 0.0103 12.7681 "" "" 2060976482613983744 1971.90967 0.4948 0.0119 -2.23 -5.382 0.012 0.012 1.066 "" "" 12.832561 1.562481 13.552729 11.990248 "" "" 1931.97083 2007.06079 138650.8353 288.61 51799.0 344.86 126780.0 712.71 "" "" 0.0035636359156377305 0.0077482685 0.0071789776 0.014927246 305.29775706669 37.64179858835 1971.90967 -2.23 -5.382 1.4127228450775147 0.9287347488403324 0.097994305 0.097994305 "" "" 15.802356361689263 "" 1.5485409320826264 ""
305.38946186237 37.40537127176 0.0094 0.0112 2.1921 "" "" 2057966706968271488 1683.86169 0.5845 0.0129 -3.567 -6.438 0.013 0.014 1.091 6696.7 2.817 12.844893 1.749709 13.684399 11.934689 "" "" 1650.92029 1718.02307 137084.86657 27.102 45884.0 44.687 133440.0 45.106 "" "" 0.00276366878206493 0.0029838178 0.0037971595 0.0067809774 305.38946186237 37.40537127176 1683.86169 -3.5670000000000024 -6.437999999999998 0.07572284507751448 -0.1272652511596677 0.0989943 0.0999943 "" "" 1.181974124972761 "" 0.11788278049280665 ""
305.28727575646 37.49446968361 0.0092 0.0105 5.8127 "" "" 2060970194781842176 1637.51135 0.5999 0.0121 -3.562 -6.467 0.012 0.013 1.06 15003.2 3.7926 12.855134 1.607982 13.605168 11.997187 "" "" 1603.58679 1670.95264 135797.87034 37.262 49357.0 39.691 125970.0 96.241 "" "" 0.0027713795951925086 0.0029235876 0.003869341 0.0067929286 305.28727575646 37.49446968361 1637.51135 -3.5620000000000003 -6.467000000000002 0.08072284507751482 -0.1562652511596676 0.097994305 0.0989943 "" "" 1.3651732375711652 "" 0.13485795785547208 ""
305.24913719155 37.13641459554 0.0147 0.0165 19.5208 "" "" 2057956326025425792 1913.92932 0.5151 0.0194 -2.433 -5.476 0.02 0.022 1.721 12030.4 3.4347 12.86516 1.428033 13.505596 12.077563 "" "" 1856.36829 1978.19348 134549.66748 32.508 54098.0 46.979 116990.0 46.648 "" "" 0.0027677791355132275 0.002945171 0.0038040963 0.006749267 305.24913719155 37.13641459554 1913.92932 -2.4330000000000003 -5.476 1.2097228450775148 0.834734748840332 0.1059943 0.1079943 "" "" 13.33375191177377 "" 1.421958024164187 ""
305.38800799923 37.8460384807 0.01 0.0114 24.2481 "" "" 2061013556772273536 1794.49133 0.5452 0.0129 -3.646 -6.141 0.013 0.013 0.991 7399.6 3.1051 12.875423 1.230215 13.406711 12.176496 "" "" 1758.16699 1833.73389 133283.93363 27.003 59256.0 43.597 106800.0 54.375 "" "" 0.0027640866679044637 0.0029022682 0.0038195932 0.0067218617 305.38800799923 37.8460384807 1794.49133 -3.646000000000001 -6.141 -0.003277154922485259 0.16973474884033202 0.0989943 0.0989943 "" "" 1.4440139912456282 "" 0.14294915392057975 ""
305.236132156 37.59161473861 0.0144 0.0156 11.5833 "" "" 2060974936425596544 1804.40503 0.5356 0.0186 -3.568 -6.854 0.019 0.019 1.061 4694.7 2.0937 12.896879 2.993071 14.646377 11.653306 -7.98 0.3 1737.03613 1867.81726 130675.73515 37.794 18918.0 27.34 172920.0 80.394 "" "" 0.002773156258517699 0.0032011075 0.0038129424 0.00701405 305.236132156 37.59161473861 1804.40503 -3.5680000000000005 -6.853999999999999 0.07472284507751459 -0.5432652511596681 0.104994304 0.104994304 -30.868888888888893 1.4655423 4.690228343738551 31.223173175559474 0.49244726279462125 1.450800159988488
304.93103913849 37.23727176503 0.0086 0.0102 25.0936 "" "" 2060589317090752384 1824.49438 0.531 0.0117 -2.929 -5.581 0.012 0.014 0.839 15000.3 4.1675 12.913614 0.955569 13.300722 12.345153 "" "" 1784.13708 1852.02502 128677.0272 73.164 65332.0 124.19 91432.0 138.32 "" "" 0.002823630920607378 0.0034705417 0.004120874 0.007591416 304.93103913849 37.23727176503 1824.49438 -2.929000000000002 -5.5809999999999995 0.7137228450775148 0.7297347488403316 0.097994305 0.0999943 "" "" 8.827477545608918 "" 0.8741103612652862 ""
305.70996604593 37.48481722143 0.0111 0.0121 15.4633 "" "" 2057988491042661376 1683.45654 0.5731 0.0148 -4.007 -6.679 0.015 0.016 1.179 "" "" 12.957347 1.954704 13.931033 11.976329 "" "" 1645.13623 1735.32275 123597.06339 30.124 36560.0 30.398 128420.0 67.076 "" "" 0.002767998398440672 0.002932574 0.0038216917 0.0067542656 305.70996604593 37.48481722143 1683.45654 -4.007 -6.679 -0.364277154922485 -0.36826525115966824 0.100994304 0.101994306 "" "" 4.133371679908957 "" 0.41954127725638296 ""
305.41567521578 37.37761489927 0.01 0.013 4.0497 "" "" 2057966432090342912 1653.41846 0.5912 0.0146 -3.599 -6.47 0.014 0.016 1.09 "" "" 12.958935 1.802763 13.832048 12.029285 "" "" 1619.38281 1691.32349 123416.43845 32.919 40050.0 38.297 122310.0 49.734 "" "" 0.0027704976663122318 0.002977068 0.0038050804 0.0067821485 305.41567521578 37.37761489927 1653.41846 -3.599 -6.470000000000001 0.04372284507751445 -0.15926525115966772 0.0999943 0.101994306 "" "" 1.2943754901375313 "" 0.13183915581569017 ""
305.29128536393 37.79864296612 0.0114 0.0123 21.9103 "" "" 2061013659854677888 1854.05005 0.5182 0.0145 -2.976 -5.102 0.016 0.015 1.27 "" "" 12.970343 0.977681 13.369123 12.391442 "" "" 1808.45605 1895.88867 122126.39344 47.814 61343.0 49.194 87616.0 42.338 "" "" 0.0027879170924947133 0.0029228714 0.003815624 0.006738495 305.29128536393 37.79864296612 1854.05005 -2.976 -5.102 0.6667228450775147 1.2087347488403317 0.101994306 0.100994304 "" "" 12.131402175644187 "" 1.2280431935281433 ""
305.77343136233 37.72230705033 0.0101 0.0113 24.8148 "" "" 2058000413872078720 1391.85291 0.6876 0.0136 -1.195 -6.27 0.014 0.016 1.061 "" "" 12.976654 2.739366 14.523691 11.784326 4.57 0.35 1368.59839 1414.49524 121418.57108 33.176 21181.0 22.502 153260.0 94.146 "" "" 0.0027712448942207495 0.003019188 0.0038377803 0.0068569686 305.77343136233 37.72230705033 1391.85291 -1.1950000000000003 -6.27 2.4477228450775144 0.04073474884033246 0.0999943 0.101994306 -18.318888888888893 1.5155423 16.1508006205986 24.4219174269709 1.6149970644749552 1.5598191806332562
305.64803561068 37.09901447422 0.009 0.0099 23.9852 "" "" 2057944270058909824 1917.68372 0.4801 0.0119 -1.793 -3.55 0.011 0.012 0.999 "" "" 13.049506 3.026802 14.821467 11.794665 -23.81 0.35 1875.27283 1961.32288 113538.74925 36.554 16100.0 23.811 151810.0 69.288 "" "" 0.002777404880458327 0.0032192327 0.0038117308 0.0070309634 305.64803561068 37.09901447422 1917.68372 -1.7929999999999988 -3.55 1.8497228450775147 2.760734748840332 0.0969943 0.097994305 -46.69888888888889 1.5155423 30.20657145459976 55.616752714435165 2.9507461735808906 2.0463861321954524
305.8971046705 37.31281980081 0.0077 0.0092 25.3973 "" "" 2057970933216290048 1519.32825 0.6203 0.0108 1.219 -3.228 0.011 0.012 1.045 "" "" 13.068365 2.749219 14.62323 11.874011 -42.47 0.6 1497.21667 1543.37817 111583.69888 31.581 19325.0 24.443 141110.0 49.282 "" "" 0.0027724027432143856 0.0031098148 0.0037983563 0.006908171 305.8971046705 37.31281980081 1519.32825 1.2190000000000007 -3.2279999999999998 4.861722845077515 3.082734748840332 0.0969943 0.097994305 -65.35888888888888 1.7655423 41.45754707416991 77.39840157391583 4.0330780378421 2.624800352178266
305.24395475502 37.3176054851 0.0076 0.0085 10.197 "" "" 2060962395121010432 1810.86584 0.5032 0.0102 -2.684 -1.582 0.01 0.011 0.971 "" "" 13.107942 2.908535 14.786616 11.878081 -38.71 0.32 1778.32996 1851.67981 107589.56372 30.641 16625.0 18.506 140580.0 81.157 "" "" 0.0027726164189379697 0.0030406762 0.0038310052 0.0068716817 305.24395475502 37.3176054851 1810.86584 -2.684 -1.5820000000000003 0.9587228450775145 4.728734748840332 0.0959943 0.0969943 -61.598888888888894 1.4855423 41.414924040634745 74.22680813316188 4.015384640893191 2.557179232971543
305.02180816162 37.53343224055 0.0083 0.0098 18.3606 "" "" 2060980777581172352 1659.24011 0.5532 0.0111 -5.517 -9.025 0.011 0.013 1.005 "" "" 13.125154 3.078065 14.939858 11.861793 -32.9 0.26 1634.2937 1690.33545 105897.37031 36.52 14437.0 20.609 142710.0 54.171 "" "" 0.0027806450245120256 0.0031917463 0.0038017863 0.0069935326 305.02180816162 37.53343224055 1659.24011 -5.517000000000006 -9.024999999999999 -1.8742771549224857 -2.7142652511596683 0.0969943 0.0989943 -55.78888888888889 1.4255422 25.942094372881566 61.52554253241725 2.551482788056207 1.6817492170994992
304.95314593578 37.42786718861 0.0081 0.0093 20.8207 "" "" 2060978509838589184 1938.13281 0.4837 0.0105 -2.423 -5.27 0.011 0.012 0.939 15001.5 3.9588 13.155976 1.285047 13.716098 12.43105 "" "" 1897.0929 1976.03577 102933.36303 20.439 44563.0 32.218 84477.0 27.168 "" "" 0.0027637417157554685 0.0028984845 0.0037954776 0.006693962 304.95314593578 37.42786718861 1938.13281 -2.423 -5.27 1.2197228450775146 1.0407347488403325 0.0969943 0.097994305 "" "" 14.729922671324424 "" 1.4349429107801386 ""
305.72741223445 37.33343053802 0.0086 0.0094 17.3607 "" "" 2057974712787153536 1668.88147 0.5689 0.0119 -2.353 -5.19 0.012 0.012 1.195 "" "" 13.162079 1.860306 14.072033 12.211727 "" "" 1633.81201 1704.51587 102356.40655 27.403 32107.0 32.102 103390.0 53.83 "" "" 0.002770610265659785 0.0029939113 0.0038214235 0.006815335 305.72741223445 37.33343053802 1668.88147 -2.353 -5.19 1.2897228450775144 1.1207347488403316 0.097994305 0.097994305 "" "" 13.51614901635157 "" 1.3245056317481565 ""
305.31873401407 37.46935014683 0.0081 0.0091 3.7644 "" "" 2060970297860853760 1663.94019 0.5658 0.011 -3.552 -6.341 0.011 0.011 1.026 "" "" 13.164682 1.830915 14.055993 12.225078 "" "" 1634.83142 1693.29114 102111.32558 28.976 32585.0 29.331 102120.0 66.196 "" "" 0.0027724923365639396 0.0029563808 0.0038443534 0.0068007344 305.31873401407 37.46935014683 1663.94019 -3.5520000000000005 -6.341 0.0907228450775146 -0.03026525115966816 0.0969943 0.0969943 "" "" 0.7543039338382701 "" 0.07316318443866902 ""
305.80131547774 37.28859676235 0.0086 0.0096 21.6725 "" "" 2057970692697714944 1872.64575 0.5043 0.012 -2.468 -5.367 0.012 0.012 1.136 "" "" 13.193551 1.495917 13.872985 12.377068 "" "" 1835.04663 1912.88721 99432.05321 26.863 38568.0 50.177 88783.0 60.083 "" "" 0.002770889800669864 0.0031273516 0.003850143 0.006977495 305.80131547774 37.28859676235 1872.64575 -2.468 -5.367 1.1747228450775147 0.943734748840332 0.097994305 0.097994305 "" "" 13.375349904151232 "" 1.3107081205762334 ""
305.21465555987 37.64087786856 0.0078 0.0089 14.5588 "" "" 2060986927974305408 1661.37622 0.57 0.0108 -3.654 -6.312 0.01 0.011 1.084 "" "" 13.200592 1.497955 13.884231 12.386275 "" "" 1632.07141 1693.44043 98789.30894 19.86 38170.0 30.116 88033.0 27.061 "" "" 0.0027639520805729807 0.0029187128 0.0037940897 0.0067128027 305.21465555987 37.64087786856 1661.37622 -3.654000000000001 -6.311999999999999 -0.011277154922485266 -0.0012652511596682459 0.0959943 0.0969943 "" "" 0.08936392839891454 "" 0.00857954449265497 ""
305.65676417084 37.63344109317 0.0078 0.0089 17.1285 "" "" 2057994607076131200 1381.22253 0.685 0.0104 -6.035 -6.487 0.01 0.012 1.07 "" "" 13.20816 2.389178 14.491591 12.102413 -47.24 0.52 1359.88403 1398.98694 98103.08183 21.036 21816.0 20.371 114340.0 41.872 "" "" 0.002765138457225855 0.00296865 0.003800239 0.006768889 305.65676417084 37.63344109317 1381.22253 -6.035 -6.487 -2.3922771549224855 -0.17626525115966807 0.0959943 0.097994305 -70.1288888888889 1.6855422 15.704682720326229 71.86583413650911 1.5077313967453718 1.6774795713240556
305.153959865 37.78475132809 0.0085 0.009 23.4266 "" "" 2060993181446896128 1704.57141 0.5594 0.011 -3.598 -6.084 0.012 0.011 1.112 "" "" 13.209983 1.231437 13.740315 12.508879 "" "" 1677.32434 1738.15759 97938.49217 18.082 43580.0 40.624 78633.0 32.223 "" "" 0.002762602342145634 0.0029680596 0.003805481 0.0067735408 305.153959865 37.78475132809 1704.57141 -3.597999999999999 -6.084000000000005 0.04472284507751478 0.2267347488403324 0.097994305 0.0969943 "" "" 1.8672388173901207 "" 0.18118180210678084 ""
305.45803277673 37.71410412566 0.0125 0.0161 16.651 "" "" 2060999984675414272 1613.69067 0.5848 0.0169 -3.919 -6.057 0.016 0.019 1.672 "" "" 13.212733 1.559332 13.932987 12.373655 "" "" 1569.12073 1661.10217 97690.71932 28.354 36494.0 40.647 89063.0 61.374 "" "" 0.002773282225732923 0.0030409598 0.003852728 0.006893688 305.45803277673 37.71410412566 1613.69067 -3.918999999999998 -6.0569999999999915 -0.2762771549224854 0.25373474884033165 0.101994306 0.104994304 "" "" 2.8692058766542226 "" 0.2966120319671685 ""
305.47646435101 37.39231205004 0.0079 0.0099 5.09 "" "" 2057967188004563968 1732.44043 0.5443 0.011 -3.575 -6.185 0.011 0.012 1.012 7014.5 2.9363 13.216353 1.898082 14.151985 12.253903 "" "" 1706.38525 1768.09363 97365.57379 28.331 29828.0 34.313 99448.0 49.248 "" "" 0.002773372771413049 0.0030569632 0.003817436 0.0068743993 305.47646435101 37.39231205004 1732.44043 -3.5750000000000033 -6.184999999999997 0.06772284507751447 0.12573474884033242 0.0969943 0.097994305 "" "" 1.172748834684273 "" 0.11466003474099201 ""
305.46350822592 37.57220417683 0.0078 0.0107 8.5688 "" "" 2060971844049260416 1752.77563 0.5418 0.0116 -3.678 -6.284 0.01 0.014 1.015 15000.7 3.9203 13.231024 1.348539 13.82627 12.477731 "" "" 1718.2262 1798.83679 96058.82739 19.83 40263.0 31.455 80922.0 30.55 "" "" 0.0027644214427926177 0.0029162515 0.0038015442 0.0067177955 305.46350822592 37.57220417683 1752.77563 -3.677999999999997 -6.2840000000000025 -0.03527715492248529 0.026734748840332223 0.0959943 0.0999943 "" "" 0.3677449897353333 "" 0.03584504784682993 ""
305.43338217101 37.65435780734 0.008 0.0112 12.9146 "" "" 2060999400559858560 2009.68945 0.4663 0.0112 -2.316 -5.182 0.01 0.013 0.986 7188.2 3.2002 13.258431 1.671231 14.047045 12.375813 "" "" 1963.93591 2055.2002 93664.35389 18.771 32855.0 26.376 88886.0 25.105 "" "" 0.0027638984196644775 0.0029231466 0.0037918023 0.006714949 305.43338217101 37.65435780734 2009.68945 -2.315999999999999 -5.182 1.3267228450775148 1.1287347488403316 0.0959943 0.0989943 "" "" 16.593268742377898 "" 1.6139482261768927 ""
305.89081045868 37.32012488288 0.0087 0.0109 24.9789 "" "" 2057971001935770368 1738.53455 0.5442 0.0123 -3.439 -6.194 0.012 0.014 1.219 "" "" 13.260154 1.599432 14.002784 12.403352 "" "" 1701.245 1776.16882 93515.84342 22.855 34222.0 34.681 86660.0 38.846 "" "" 0.0027680679947257093 0.002999284 0.0038105897 0.0068098735 305.89081045868 37.32012488288 1738.53455 -3.4390000000000005 -6.1939999999999955 0.2037228450775146 0.11673474884033208 0.097994305 0.0999943 "" "" 1.9348872400789165 "" 0.1905717690110215 ""
305.30981487009 37.68954784777 0.0079 0.0093 15.3378 "" "" 2060977204168494720 1760.84912 0.537 0.0106 -3.625 -6.113 0.01 0.011 1.045 "" "" 13.260331 1.72365 14.082252 12.358603 "" "" 1727.39404 1795.12634 93500.58212 29.009 31807.0 45.639 90306.0 54.422 "" "" 0.0027758351112534526 0.0031956343 0.0038356024 0.007031237 305.30981487009 37.68954784777 1760.84912 -3.624999999999999 -6.113 0.01772284507751465 0.1977347488403316 0.0959943 0.0969943 "" "" 1.6569940538925978 "" 0.160705845859412 ""
305.40316923595 37.40913538745 0.0117 0.0148 2.0667 "" "" 2057966737025926912 1644.17944 0.5721 0.0165 -3.465 -6.477 0.016 0.019 1.531 "" "" 13.269297 1.884231 14.194613 12.310383 "" "" 1603.97595 1689.76587 92731.67259 30.174 28680.0 30.072 94407.0 36.216 "" "" 0.002777877233699482 0.0030134828 0.003802263 0.0068157455 305.40316923595 37.40913538745 1644.17944 -3.465 -6.477000000000001 0.1777228450775148 -0.16626525115966828 0.101994306 0.104994304 "" "" 1.8966917152618903 "" 0.19612802041890945 ""
305.31595112369 37.10470612176 0.021 0.0252 20.537 "" "" 2057953237945242240 1593.70374 0.6001 0.028 -2.362 -5.286 0.027 0.034 1.713 6727.2 3.0351 13.295538 1.683238 13.779995 12.096757 "" "" 1530.62671 1657.05115 90517.321 67.943 42016.0 561.13 114940.0 1295.3 "" "" 0.0028733173160380735 0.014766177 0.012805953 0.027572129 305.31595112369 37.10470612176 1593.70374 -2.362000000000001 -5.286000000000003 1.2807228450775145 1.0247347488403324 0.112994306 0.119994305 "" "" 12.390501862085086 "" 1.4345337733414218 ""
