Clusters/Berkeley_87/Berkeley_87_members.tsv
# %ECSV 1.0
# ---
# datatype:
# - name: RA_ICRS_1
#   unit: deg
#   datatype: float64
#   format: '{:15.11f}'
#   description: Right ascension (ICRS) at Ep=2016.0 (ra)
#   meta: !!omap
#   - {ucd: POS_EQ_RA_MAIN}
#   - {width: 15}
#   - {precision: '11'}
# - name: DE_ICRS_1
#   unit: deg
#   datatype: float64
#   format: '{:15.11f}'
#   description: Declination (ICRS) at Ep=2016.0 (dec)
#   meta: !!omap
#   - {ucd: POS_EQ_DEC_MAIN}
#   - {width: 15}
#   - {precision: '11'}
# - name: e_RA_ICRS
#   unit: mas
#   datatype: float64
#   format: '{:7.4f}'
#   description: Standard error of right ascension (ra_error)
#   meta: !!omap
#   - {ucd: ERROR}
#   - {width: 7}
#   - {precision: '4'}
# - name: e_DE_ICRS
#   unit: mas
#   datatype: float64
#   format: '{:7.4f}'
#   description: Standard error of declination (dec_error)
#   meta: !!omap
#   - {ucd: ERROR}
#   - {width: 7}
#   - {precision: '4'}
# - name: _r_1
#   unit: ''
#   datatype: float64
#   format: '{:7.4f}'
#   description: Distance from center (305.38980723000+37.44190597000)[ICRS], at Epoch=J2016.0
#   meta: !!omap
#   - {ucd: POS_ANG_DIST_GENERAL}
#   - {width: 7}
#   - {precision: '4'}
# - name: HIP
#   datatype: int32
#   description: '? HIP cross-id number, van Leeuwen, Cat. I/311 (hip_original_ext_source_id)'
#   meta: !!omap
#   - {ucd: ID_NUMBER}
#   - {width: 6}
#   - values: {'null': -2147483648}
# - name: TYC2
#   datatype: string
#   description: Tycho-2 cross-id name, Hog et al., Cat. I/259 (tyc2_original_ext_source_id)
#   meta: !!omap
#   - {ucd: ID_CROSSID}
#   - {_votable_string_dtype: char}
# - name: Source
#   datatype: int64
#   description: Source identifier, identical to the Gaia-EDR3 source_id (id)
#   meta: !!omap
#   - {ucd: ID_MAIN}
#   - {width: 19}
# - name: rgeo
#   unit: pc
#   datatype: float64
#   format: '{:15.8f}'
#   description: '? Median of the geometric distance posterior (r_med_geo)'
#   meta: !!omap
#   - {ucd: PHYS_DISTANCE_TRUE}
#   - {width: 15}
#   - {precision: '8'}
#   - values: {'null': .nan}
# - name: Plx
#   unit: mas
#   datatype: float64
#   format: '{:9.4f}'
#   description: '? Parallax (parallax)'
#   meta: !!omap
#   - {ucd: POS_PARLX_TRIG}
#   - {width: 9}
#   - {precision: '4'}
#   - values: {'null': .nan}
# - name: e_Plx
#   unit: mas
#   datatype: float32
#   format: '{:7.4f}'
#   description: '? Standard error of parallax (parallax_error)'
#   meta: !!omap
#   - {ucd: ERROR}
#   - {width: 7}
#   - {precision: '4'}
#   - values: {'null': .nan}
# - name: pmRA
#   unit: mas / yr
#   datatype: float64
#   format: '{:9.3f}'
#   description: '? Proper motion in right ascension direction, pmRA*cosDE (pmra)'
#   meta: !!omap
#   - {ucd: POS_EQ_PMRA}
#   - {width: 9}
#   - {precision: '3'}
#   - values: {'null': .nan}
# - name: pmDE
#   unit: mas / yr
#   datatype: float64
#   format: '{:9.3f}'
#   description: '? Proper motion in declination direction (pmdec)'
#   meta: !!omap
#   - {ucd: POS_EQ_PMDEC}
#   - {width: 9}
#   - {precision: '3'}
#   - values: {'null': .nan}
# - name: e_pmRA
#   unit: mas / yr
#   datatype: float32
#   format: '{:6.3f}'
#   description: '? Standard error of proper motion in right ascension direction (pmra_error)'
#   meta: !!omap
#   - {ucd: ERROR}
#   - {width: 6}
#   - {precision: '3'}
#   - values: {'null': .nan}
# - name: e_pmDE
[...]
#         unit: &id001 !astropy.units.Unit {unit: deg}
#         value: !astropy.table.SerializedColumn {name: SkyCoord.dec}
#       distance: !astropy.table.SerializedColumn
#         __class__: astropy.coordinates.distances.Distance
#         unit: !astropy.units.Unit {unit: pc}
#         value: !astropy.table.SerializedColumn {name: SkyCoord.distance}
#       frame: icrs
#       obstime: !astropy.time.Time {format: jyear_str, in_subfmt: '*', jd1: 367701545.0, jd2: 0.0, out_subfmt: '*', precision: 3, scale: tt}
#       pm_dec: !astropy.table.SerializedColumn
#         __class__: astropy.units.quantity.Quantity
#         unit: !astropy.units.Unit {unit: mas / yr}
#         value: !astropy.table.SerializedColumn {name: SkyCoord.pm_dec}
#       pm_ra_cosdec: !astropy.table.SerializedColumn
#         __class__: astropy.units.quantity.Quantity
#         unit: !astropy.units.Unit {unit: mas / yr}
#         value: !astropy.table.SerializedColumn {name: SkyCoord.pm_ra_cosdec}
#       ra: !astropy.table.SerializedColumn
#         __class__: astropy.coordinates.angles.Longitude
#         unit: *id001
#         value: !astropy.table.SerializedColumn {name: SkyCoord.ra}
#         wrap_angle: !astropy.coordinates.Angle
#           unit: *id001
#           value: 360.0
#       representation_type: spherical
# schema: astropy-2.0
RA_ICRS_1 DE_ICRS_1 e_RA_ICRS e_DE_ICRS _r_1 HIP TYC2 Source rgeo Plx e_Plx pmRA pmDE e_pmRA e_pmDE RUWE Teff logg Gmag BP-RP BPmag RPmag RV e_RV b_rgeo B_rgeo FG e_FG FBP e_FBP FRP e_FRP RAVE5 RAVE6 e_Gmag e_BPmag e_RPmag e_BP-RP SkyCoord.ra SkyCoord.dec SkyCoord.distance SkyCoord.pm_ra_cosdec SkyCoord.pm_dec Pmemb
[from data line 40]
305.45157210874 37.43501621393 0.0141 0.0177 2.9714 "" "" 2057968081357787392 1678.83032 0.5637 0.02 -3.616 -6.37 0.019 0.022 1.096 "" "" 14.713152 1.94763 15.682847 13.735217 "" "" 1621.14014 1741.75183 24529.34936 6.163 7282.5 13.589 25414.0 17.668 "" "" 0.002768791157200215 0.0034481257 0.0038540198 0.0073021455 305.45157210874 37.43501621393 1678.83032 -3.616 -6.37 1.0
305.40424697384 37.46553037144 0.0139 0.0185 1.5755 "" "" 2060969370147881856 1755.76782 0.5341 0.0195 -3.628 -6.352 0.019 0.023 0.985 "" "" 14.840752 2.128961 15.933171 13.804211 "" "" 1709.39612 1809.92175 21809.52116 6.4397 5782.9 11.048 23849.0 23.217 "" "" 0.002773907791070826 0.0034767205 0.0039243978 0.007401118 305.40424697384 37.46553037144 1755.76782 -3.628 -6.352 0.8
305.48491732969 37.38427607537 0.0144 0.0173 5.701 "" "" 2057967188004557952 1835.61047 0.5123 0.0201 -3.63 -6.307 0.02 0.022 1.01 "" "" 14.924746 1.894033 15.855715 13.961681 "" "" 1771.82166 1915.88232 20185.90957 6.5496 6210.6 14.438 20629.0 15.254 "" "" 0.0027777494840354015 0.003762429 0.0038637135 0.0076261424 305.48491732969 37.38427607537 1835.61047 -3.629999999999999 -6.307 0.8
305.42635868128 37.31443434904 0.016 0.0193 7.8443 "" "" 2057964920261827072 1773.59692 0.5292 0.0219 -3.612 -6.363 0.022 0.024 1.0 "" "" 14.939471 1.753893 15.775762 14.021869 -7.33 11.84 1697.41589 1855.84705 19913.9816 8.1317 6685.2 13.984 19517.0 15.506 "" "" 0.0027907614309952123 0.003597647 0.003876572 0.007474219 305.42635868128 37.31443434904 1773.59692 -3.6119999999999997 -6.3629999999999995 1.0
305.43644687473 37.3674999311 0.0149 0.0188 4.9872 "" "" 2057965641816346752 1736.79517 0.5419 0.0216 -3.705 -6.419 0.021 0.025 1.006 "" "" 14.956786 1.993904 15.956319 13.962415 126.84 10.09 1665.25305 1827.32849 19598.92246 6.5371 5660.9 8.6687 20615.0 16.383 "" "" 0.002779016952598976 0.0032479765 0.0038766267 0.0071246033 305.43644687473 37.3674999311 1736.79517 -3.704999999999999 -6.4190000000000005 0.9
305.04495904044 37.41559737896 0.0226 0.0245 16.5065 "" "" 2060966209052066304 1708.52393 0.553 0.0305 -3.695 -6.466 0.032 0.031 1.488 8891.4 3.5186 15.047329 1.627809 15.801525 14.173717 "" "" 1617.76575 1804.83911 18030.812 6.0546 6528.4 10.473 16970.0 13.383 "" "" 0.002779336067470491 0.0032891915 0.0038751613 0.0071643526 305.04495904044 37.41559737896 1708.52393 -3.6949999999999994 -6.466000000000001 0.9
305.23597439843 37.3696148584 0.0161 0.0173 8.5188 "" "" 2060963632071611392 1678.49353 0.5577 0.0216 -3.612 -6.455 0.021 0.021 1.034 "" "" 15.057775 2.066796 16.079432 14.012635 "" "" 1631.91504 1745.28577 17858.1722 5.3578 5054.1 18.082 19684.0 61.946 "" "" 0.002774508474447812 0.0047826585 0.005094948 0.009877607 305.23597439843 37.3696148584 1678.49353 -3.612 -6.455 1.0
305.36801753795 37.37802236081 0.0174 0.0214 3.9712 "" "" 2057966294651410560 1720.89526 0.5538 0.0251 -3.603 -6.145 0.025 0.028 1.036 "" "" 15.176867 1.90527 16.116459 14.211189 "" "" 1650.61902 1787.96228 16002.95719 5.1707 4884.6 11.795 16394.0 19.88 "" "" 0.0027775632986579103 0.003828666 0.004002147 0.007830813 305.36801753795 37.37802236081 1720.89526 -3.603 -6.145 0.9
305.39119177924 37.49499521522 0.0155 0.0203 3.186 "" "" 2060971122494553984 1739.00671 0.5419 0.0218 -3.717 -6.406 0.021 0.026 1.018 "" "" 15.21781 2.182459 16.346798 14.164339 34.48 7.94 1676.18384 1797.95007 15410.72159 5.3779 3950.9 8.5356 17117.0 16.396 "" "" 0.002781249295723724 0.0036451474 0.003919864 0.0075650113 305.39119177924 37.49499521522 1739.00671 -3.7169999999999987 -6.405999999999998 1.0
305.45345714974 37.4567686296 0.0168 0.0209 3.1603 "" "" 2057968321875964032 1725.27722 0.5506 0.0232 -3.648 -6.331 0.022 0.026 1.01 "" "" 15.227593 2.130835 16.318424 14.18759 -113.14 11.29 1649.65112 1782.84949 15272.46779 5.3434 4055.5 11.919 16754.0 16.753 "" "" 0.0027813825965839227 0.0042387727 0.003932227 0.008171 305.45345714974 37.4567686296 1725.27722 -3.6479999999999992 -6.331 1.0
305.37453143684 37.36202691325 0.0179 0.0221 4.8477 "" "" 2057966225931924992 1643.47791 0.574 0.025 -3.64 -6.222 0.025 0.028 1.011 "" "" 15.323678 1.774306 16.174965 14.400659 "" "" 1557.13086 1725.29492 13978.97692 4.8525 4628.4 14.113 13769.0 16.289 "" "" 0.0027809774129653277 0.004329599 0.003991683 0.0083212815 305.37453143684 37.36202691325 1643.47791 -3.64 -6.222000000000001 0.9
305.25952439809 37.58488615961 0.0184 0.0207 10.585 "" "" 2060974833346372352 1659.84509 0.5775 0.0244 -3.604 -6.078 0.024 0.025 1.04 7990.5 4.1683 15.468783 1.666688 16.253546 14.586858 "" "" 1602.42798 1740.26172 12230.19222 3.7809 4305.3 8.8203 11599.0 11.461 "" "" 0.0027756891190830846 0.003568306 0.0039286977 0.007497004 305.25952439809 37.58488615961 1659.84509 -3.604 -6.077999999999999 1.0
305.3564537769 37.50247225182 0.0186 0.0225 3.9659 "" "" 2060970469659541120 1708.8446 0.5443 0.0254 -3.757 -6.35 0.026 0.028 1.003 "" "" 15.48756 2.149571 16.593147 14.443576 "" "" 1649.22156 1780.85693 12020.50732 4.1922 3148.9 11.974 13235.0 13.209 "" "" 0.0027812171610098677 0.0049830247 0.0039316565 0.008914681 305.3564537769 37.50247225182 1708.8446 -3.7569999999999992 -6.349999999999998 0.9
305.28616163337 37.672892519 0.02 0.0233 14.7099 "" "" 2060976791851636224 1781.70398 0.5269 0.027 -3.593 -6.234 0.025 0.027 1.039 "" "" 15.582891 1.635672 16.34884 14.713169 "" "" 1715.09534 1875.21326 11010.07671 3.5765 3943.5 10.532 10325.0 12.65 "" "" 0.0027778011245123474 0.004024092 0.004006647 0.008030739 305.28616163337 37.672892519 1781.70398 -3.593 -6.234000000000002 0.8
305.57509566297 37.59165757083 0.0187 0.0231 12.5892 "" "" 2057993060887920640 1680.34583 0.5654 0.0259 -3.674 -6.237 0.025 0.03 0.947 "" "" 15.60757 1.686144 16.405237 14.719093 "" "" 1617.91833 1747.12488 10762.64603 3.795 3743.9 11.296 10269.0 13.496 "" "" 0.0027817900165052925 0.0043030544 0.0040397826 0.008342837 305.57509566297 37.59165757083 1680.34583 -3.674 -6.237 1.0
305.28741279868 37.25210312656 0.0223 0.0269 12.3913 "" "" 2057959319624512384 1416.82312 0.6686 0.0311 -3.778 -6.871 0.03 0.034 1.115 7617.3 4.0561 15.734871 1.897312 16.657063 14.75975 "" "" 1356.3866 1481.27014 9571.90614 3.6192 2968.9 7.9535 9891.4 21.903 "" "" 0.002785734962487587 0.0040305234 0.0044792737 0.008509797 305.28741279868 37.25210312656 1416.82312 -3.7780000000000005 -6.871000000000003 0.9
305.39120302549 37.30077537678 0.021 0.0261 8.4681 "" "" 2057964988981312640 1549.19995 0.6225 0.0298 -3.757 -6.198 0.028 0.032 0.956 8129.3 3.9442 15.742839 1.70924 16.554358 14.845118 "" "" 1486.2063 1622.29541 9501.91974 3.7564 3263.4 10.932 9143.5 12.755 "" "" 0.0027885521876058797 0.0045840424 0.0040715695 0.008655611 305.39120302549 37.30077537678 1549.19995 -3.757000000000001 -6.198 1.0
305.58421021469 37.47394457696 0.0216 0.0276 9.4565 "" "" 2057991171102278272 1677.40649 0.5653 0.03 -3.342 -5.951 0.03 0.034 1.076 "" "" 15.765603 1.982174 16.758211 14.776037 "" "" 1585.50537 1772.62207 9304.76671 3.851 2704.8 8.088 9744.1 11.402 "" "" 0.002791722028448096 0.004280833 0.003987206 0.00826804 305.58421021469 37.47394457696 1677.40649 -3.3419999999999996 -5.950999999999997 0.8
305.38834112021 37.48649671143 0.0205 0.0268 2.6764 "" "" 2060971053775075584 1609.55554 0.5902 0.0288 -3.563 -6.276 0.028 0.034 1.024 9049.5 3.5865 15.814361 2.200419 16.953924 14.753505 "" "" 1538.75195 1678.89771 8896.15614 3.6421 2258.6 8.1594 9948.5 11.181 "" "" 0.002790944551548905 0.0048134867 0.003971489 0.008784976 305.38834112021 37.48649671143 1609.55554 -3.5629999999999997 -6.275999999999998 0.8
305.4732215275 37.4414409316 0.0228 0.0285 3.9738 "" "" 2057968218796734208 1657.87732 0.57 0.0314 -3.634 -6.517 0.031 0.037 1.117 9334.4 3.8097 15.875598 2.214951 17.028948 14.813997 "" "" 1586.6687 1746.125 8408.28999 3.6171 2107.8 8.7353 9409.3 15.221 "" "" 0.0027946267967148193 0.0052944627 0.0041675507 0.009462014 305.4732215275 37.4414409316 1657.87732 -3.633999999999999 -6.5169999999999995 1.0
305.34177949251 37.3603195612 0.0224 0.0272 5.404 "" "" 2057966157212463872 1577.51038 0.6064 0.0316 -3.738 -6.141 0.031 0.035 0.979 9224.1 3.6058 15.89105 2.124946 16.973524 14.848578 "" "" 1507.05408 1658.16418 8289.46647 4.336 2218.2 11.197 9114.4 16.318 "" "" 0.0028132405248192864 0.0061499295 0.004249975 0.010399904 305.34177949251 37.3603195612 1577.51038 -3.738000000000001 -6.141 0.9
305.18880640443 37.6365333235 0.0219 0.0245 15.0935 "" "" 2060987031053527680 1739.44397 0.5406 0.029 -3.715 -6.223 0.029 0.03 0.993 "" "" 15.911925 1.8489 16.813175 14.964275 "" "" 1648.6897 1818.90088 8131.60935 2.5893 2571.3 8.981 8193.1 10.547 "" "" 0.002776925426575074 0.0047080955 0.0040295427 0.008737639 305.18880640443 37.6365333235 1739.44397 -3.714999999999999 -6.223000000000001 0.9
305.48211237257 37.38334880876 0.0248 0.0305 5.6298 "" "" 2057965710535809280 1622.59875 0.597 0.0352 -3.827 -6.326 0.035 0.038 1.088 "" "" 15.939853 1.980614 16.930738 14.950125 "" "" 1543.68921 1723.76025 7925.11578 3.7217 2307.4 6.3486 8300.6 10.293 "" "" 0.0028020987739429903 0.0040876684 0.0040120287 0.0080996975 305.48211237257 37.38334880876 1622.59875 -3.8269999999999995 -6.3260000000000005 0.8
305.55543586827 37.67129980085 0.0241 0.03 15.8588 "" "" 2060996033305483008 1644.66724 0.586 0.0333 -3.641 -6.465 0.032 0.038 1.021 "" "" 15.973153 2.031426 16.995996 14.964571 "" "" 1570.88818 1744.00049 7685.73947 3.2521 2172.8 8.811 8190.9 9.9663 "" "" 0.002793358014055695 0.0052124625 0.0040036184 0.009216081 305.55543586827 37.67129980085 1644.66724 -3.6409999999999987 -6.465000000000001 0.9
305.56955231214 37.64054715269 0.024 0.0283 14.6689 "" "" 2060995724067830016 1591.54553 0.5946 0.0314 -3.627 -6.344 0.031 0.036 0.95 "" "" 16.01756 2.145246 17.121809 14.976562 "" "" 1503.15918 1690.31799 7377.73779 2.9723 1935.1 10.166 8100.9 11.161 "" "" 0.002789824610077563 0.0063497555 0.004064647 0.010414403 305.56955231214 37.64054715269 1591.54553 -3.627 -6.344000000000001 0.8
305.4098780234 37.41259628624 0.0287 0.0316 2.0018 "" "" 2057966672608526464 1602.64722 0.5881 0.0379 -3.635 -6.255 0.041 0.04 0.947 "" "" 16.069218 2.016632 17.07735 15.060719 "" "" 1511.12048 1697.56372 7034.92382 3.7462 2015.9 21.034 7496.7 17.146 "" "" 0.0028153277635307675 0.011667167 0.0045221853 0.016189352 305.4098780234 37.41259628624 1602.64722 -3.6349999999999985 -6.254999999999999 1.0
305.38775498556 37.55453268354 0.0243 0.0333 6.7583 "" "" 2060972084567248640 1576.39966 0.6049 0.0343 -3.651 -6.24 0.031 0.039 0.994 "" "" 16.079485 2.298807 17.293114 14.994307 "" "" 1491.19031 1669.16687 6968.71106 3.475 1652.6 8.8695 7969.6 12.81 "" "" 0.0028080090246090377 0.0064607 0.0041628517 0.010623552 305.38775498556 37.55453268354 1576.39966 -3.6509999999999994 -6.24 1.0
305.11481395186 37.51580103838 0.026 0.0288 13.824 "" "" 2060980124746108032 1751.01257 0.5493 0.0352 -3.521 -6.205 0.034 0.038 1.09 7493.0 3.3705 16.116316 2.117174 17.200369 15.083195 "" "" 1643.98132 1848.76538 6736.28075 3.5672 1800.0 9.9356 7343.1 10.934 "" "" 0.0028146685774069567 0.0066107013 0.0041106422 0.010721344 305.11481395186 37.51580103838 1751.01257 -3.5210000000000017 -6.204999999999999 0.8
305.35078465269 37.47129286494 0.0301 0.0378 2.5619 "" "" 2060970263501103744 1615.33496 0.5829 0.0421 -3.701 -6.387 0.042 0.045 1.193 9264.6 3.9951 16.233196 2.267966 17.407984 15.140018 "" "" 1528.58655 1708.84375 6048.78913 3.6773 1486.7 9.3977 6968.7 13.158 "" "" 0.002833279304947173 0.0074086213 0.0042995806 0.011708202 305.35078465269 37.47129286494 1615.33496 -3.7010000000000005 -6.3870000000000005 1.0
305.59561045195 37.51315422988 0.0282 0.0348 10.6913 "" "" 2057991514699667840 1591.86975 0.6093 0.04 -3.568 -6.183 0.038 0.042 0.992 9250.0 3.8142 16.273933 2.021925 17.291508 15.269583 "" "" 1494.49121 1699.01318 5826.04085 3.0266 1655.1 9.3938 6184.8 8.3911 "" "" 0.0028124587991789967 0.0067645204 0.004056304 0.010820825 305.59561045195 37.51315422988 1591.86975 -3.5680000000000005 -6.183 0.8
305.36654033735 37.38110648158 0.0278 0.0357 3.8128 "" "" 2057966290349918336 1939.88953 0.4934 0.04 -3.495 -6.269 0.038 0.046 0.997 "" "" 16.278265 2.114148 17.362488 15.24834 "" "" 1821.22412 2123.27222 5802.84697 2.6746 1550.3 8.9687 6307.0 13.179 "" "" 0.002800396049249933 0.006872968 0.004408048 0.011281015 305.36654033735 37.38110648158 1939.88953 -3.4949999999999988 -6.269 0.9
305.38014135117 37.42242057714 0.03 0.0371 1.2566 "" "" 2060969163989449216 1910.7124 0.497 0.0418 -3.608 -6.285 0.041 0.046 0.961 7850.6 3.9417 16.400301 2.385195 17.678204 15.293009 "" "" 1779.92505 2047.29224 5185.92469 3.0344 1159.1 11.221 6052.8 12.148 "" "" 0.0028276104325733126 0.010874813 0.0043625804 0.015237394 305.38014135117 37.42242057714 1910.7124 -3.6079999999999988 -6.284999999999998 0.9
305.34721707664 37.44283572262 0.0295 0.0382 2.0297 "" "" 2060969404507635840 1866.35229 0.5114 0.0433 -3.661 -6.254 0.041 0.049 0.992 8993.6 3.5101 16.415474 2.266391 17.603296 15.336906 "" "" 1734.68286 2033.36255 5113.95692 2.6649 1241.9 11.378 5812.9 12.579 "" "" 0.0028128094912702995 0.010331171 0.0044501605 0.014781332 305.34721707664 37.44283572262 1866.35229 -3.661 -6.254 0.8
305.34219281314 37.35260341611 0.0322 0.0381 5.819 "" "" 2057966157212461056 1774.35779 0.5227 0.0449 -3.544 -6.247 0.043 0.048 1.023 9031.0 4.0576 16.457523 2.09043 17.530695 15.440265 "" "" 1644.03833 1913.00586 4919.68301 2.7298 1327.8 7.5112 5285.1 9.126 "" "" 0.0028204131631809405 0.0067459373 0.0042188326 0.01096477 305.34219281314 37.35260341611 1774.35779 -3.5439999999999996 -6.247000000000001 0.8
305.29607745152 37.42380147649 0.0302 0.0385 4.5959 "" "" 2060969713745296256 1612.3949 0.586 0.0433 -3.736 -6.558 0.041 0.047 0.974 8179.8 3.4783 16.460732 2.242135 17.626036 15.383901 "" "" 1500.3811 1722.03247 4905.17522 2.4747 1216.2 11.543 5566.7 11.822 "" "" 0.002809240683261739 0.010675823 0.0044272267 0.01510305 305.29607745152 37.42380147649 1612.3949 -3.736 -6.558 0.8
305.44521886123 37.47511250776 0.0304 0.0397 3.3068 "" "" 2057968489373232256 1810.7345 0.5178 0.0423 -3.622 -6.407 0.042 0.049 0.944 9237.5 3.6765 16.516962 2.447005 17.83508 15.388074 "" "" 1691.34973 1921.59058 4657.59968 2.602 1003.2 7.97 5545.3 11.929 "" "" 0.002821293511398691 0.009065759 0.0044428455 0.013508605 305.44521886123 37.47511250776 1810.7345 -3.622 -6.407 0.8
305.45553681472 37.42645943293 0.0323 0.0398 3.2658 "" "" 2057968081357784064 1670.39758 0.5879 0.0451 -3.668 -6.301 0.044 0.049 0.946 "" "" 16.530718 2.091968 17.603336 15.511369 "" "" 1553.81689 1816.1814 4598.9624 2.6856 1241.9 12.924 4950.1 12.509 "" "" 0.002827326647441989 0.011638268 0.0046702772 0.016308546 305.45553681472 37.42645943293 1670.39758 -3.668 -6.300999999999998 0.9
305.41559949647 37.47161664716 0.0313 0.042 2.1649 "" "" 2060970847616630144 1604.87915 0.5939 0.0438 -3.645 -6.361 0.042 0.05 1.054 8738.1 3.5906 16.54746 2.416859 17.843 15.426142 "" "" 1506.9281 1752.36328 4528.58662 2.3972 995.9 10.622 5354.3 13.253 "" "" 0.0028146237957675986 0.011911563 0.0046374523 0.016549015 305.41559949647 37.47161664716 1604.87915 -3.645000000000001 -6.360999999999999 0.9
305.3519242241 37.42048952512 0.0334 0.0414 2.2156 "" "" 2060968816088163200 1735.63171 0.5382 0.0474 -3.74 -6.221 0.045 0.052 1.043 7489.8 3.8255 16.582779 2.380505 17.85889 15.478386 "" "" 1590.88354 1878.97595 4383.64173 2.6031 981.43 7.362 5102.7 10.469 "" "" 0.002829747419151379 0.008609112 0.0043869982 0.012996111 305.3519242241 37.42048952512 1735.63171 -3.74 -6.221 1.0
305.64788291842 37.50945591896 0.0337 0.0371 12.9398 "" "" 2057991652138606592 1649.0769 0.5727 0.0437 -3.674 -6.29 0.044 0.049 0.998 "" "" 16.590956 2.215473 17.744947 15.529474 "" "" 1546.53943 1785.12292 4350.75299 2.3741 1090.0 6.9865 4868.2 9.9765 "" "" 0.002818297007351516 0.007497673 0.0043857093 0.011883382 305.64788291842 37.50945591896 1649.0769 -3.6740000000000017 -6.289999999999999 0.9
