Clusters/Berkeley_87/Berkeley_87_members.tsv
# %ECSV 1.0
# ---
# datatype:
# - name: RA_ICRS_1
#   unit: deg
#   datatype: float64
#   format: '{:15.11f}'
#   description: Right ascension (ICRS) at Ep=2016.0 (ra)
#   meta: !!omap
#   - {ucd: POS_EQ_RA_MAIN}
#   - {width: 15}
#   - {precision: '11'}
# - name: DE_ICRS_1
#   unit: deg
#   datatype: float64
#   format: '{:15.11f}'
#   description: Declination (ICRS) at Ep=2016.0 (dec)
#   meta: !!omap
#   - {ucd: POS_EQ_DEC_MAIN}
#   - {width: 15}
#   - {precision: '11'}
# - name: e_RA_ICRS
#   unit: mas
#   datatype: float64
#   format: '{:7.4f}'
#   description: Standard error of right ascension (ra_error)
#   meta: !!omap
#   - {ucd: ERROR}
#   - {width: 7}
#   - {precision: '4'}
# - name: e_DE_ICRS
#   unit: mas
#   datatype: float64
#   format: '{:7.4f}'
#   description: Standard error of declination (dec_error)
#   meta: !!omap
#   - {ucd: ERROR}
#   - {width: 7}
#   - {precision: '4'}
# - name: _r_1
#   unit: ''
#   datatype: float64
#   format: '{:7.4f}'
#   description: Distance from center (305.38980723000+37.44190597000)[ICRS], at Epoch=J2016.0
#   meta: !!omap
#   - {ucd: POS_ANG_DIST_GENERAL}
#   - {width: 7}
#   - {precision: '4'}
# - name: HIP
#   datatype: int32
#   description: '? HIP cross-id number, van Leeuwen, Cat. I/311 (hip_original_ext_source_id)'
#   meta: !!omap
#   - {ucd: ID_NUMBER}
#   - {width: 6}
#   - values: {'null': -2147483648}
# - name: TYC2
#   datatype: string
#   description: Tycho-2 cross-id name, Hog et al., Cat. I/259 (tyc2_original_ext_source_id)
#   meta: !!omap
#   - {ucd: ID_CROSSID}
#   - {_votable_string_dtype: char}
# - name: Source
#   datatype: int64
#   description: Source identifier, identical to the Gaia-EDR3 source_id (id)
#   meta: !!omap
#   - {ucd: ID_MAIN}
#   - {width: 19}
# - name: rgeo
#   unit: pc
#   datatype: float64
#   format: '{:15.8f}'
#   description: '? Median of the geometric distance posterior (r_med_geo)'
#   meta: !!omap
#   - {ucd: PHYS_DISTANCE_TRUE}
#   - {width: 15}
#   - {precision: '8'}
#   - values: {'null': .nan}
# - name: Plx
#   unit: mas
#   datatype: float64
#   format: '{:9.4f}'
#   description: '? Parallax (parallax)'
#   meta: !!omap
#   - {ucd: POS_PARLX_TRIG}
#   - {width: 9}
#   - {precision: '4'}
#   - values: {'null': .nan}
# - name: e_Plx
#   unit: mas
#   datatype: float32
#   format: '{:7.4f}'
#   description: '? Standard error of parallax (parallax_error)'
#   meta: !!omap
#   - {ucd: ERROR}
#   - {width: 7}
#   - {precision: '4'}
#   - values: {'null': .nan}
# - name: pmRA
#   unit: mas / yr
#   datatype: float64
#   format: '{:9.3f}'
#   description: '? Proper motion in right ascension direction, pmRA*cosDE (pmra)'
#   meta: !!omap
#   - {ucd: POS_EQ_PMRA}
#   - {width: 9}
#   - {precision: '3'}
#   - values: {'null': .nan}
# - name: pmDE
#   unit: mas / yr
#   datatype: float64
#   format: '{:9.3f}'
#   description: '? Proper motion in declination direction (pmdec)'
#   meta: !!omap
#   - {ucd: POS_EQ_PMDEC}
#   - {width: 9}
#   - {precision: '3'}
#   - values: {'null': .nan}
# - name: e_pmRA
#   unit: mas / yr
#   datatype: float32
#   format: '{:6.3f}'
#   description: '? Standard error of proper motion in right ascension direction (pmra_error)'
#   meta: !!omap
#   - {ucd: ERROR}
#   - {width: 6}
#   - {precision: '3'}
#   - values: {'null': .nan}
# - name: e_pmDE
[...]
#         unit: &id001 !astropy.units.Unit {unit: deg}
#         value: !astropy.table.SerializedColumn {name: SkyCoord.dec}
#       distance: !astropy.table.SerializedColumn
#         __class__: astropy.coordinates.distances.Distance
#         unit: !astropy.units.Unit {unit: pc}
#         value: !astropy.table.SerializedColumn {name: SkyCoord.distance}
#       frame: icrs
#       obstime: !astropy.time.Time {format: jyear_str, in_subfmt: '*', jd1: 367701545.0, jd2: 0.0, out_subfmt: '*', precision: 3, scale: tt}
#       pm_dec: !astropy.table.SerializedColumn
#         __class__: astropy.units.quantity.Quantity
#         unit: !astropy.units.Unit {unit: mas / yr}
#         value: !astropy.table.SerializedColumn {name: SkyCoord.pm_dec}
#       pm_ra_cosdec: !astropy.table.SerializedColumn
#         __class__: astropy.units.quantity.Quantity
#         unit: !astropy.units.Unit {unit: mas / yr}
#         value: !astropy.table.SerializedColumn {name: SkyCoord.pm_ra_cosdec}
#       ra: !astropy.table.SerializedColumn
#         __class__: astropy.coordinates.angles.Longitude
#         unit: *id001
#         value: !astropy.table.SerializedColumn {name: SkyCoord.ra}
#         wrap_angle: !astropy.coordinates.Angle
#           unit: *id001
#           value: 360.0
#       representation_type: spherical
# schema: astropy-2.0
RA_ICRS_1 DE_ICRS_1 e_RA_ICRS e_DE_ICRS _r_1 HIP TYC2 Source rgeo Plx e_Plx pmRA pmDE e_pmRA e_pmDE RUWE Teff logg Gmag BP-RP BPmag RPmag RV e_RV b_rgeo B_rgeo FG e_FG FBP e_FBP FRP e_FRP RAVE5 RAVE6 e_Gmag e_BPmag e_RPmag e_BP-RP SkyCoord.ra SkyCoord.dec SkyCoord.distance SkyCoord.pm_ra_cosdec SkyCoord.pm_dec Pmemb
305.41116027839 37.42086472668 0.0082 0.01 1.6214 "" 2684-142-1 2057966844407221120 1697.40491 0.5631 0.0111 -3.516 -5.964 0.011 0.013 0.922 6287.3 2.172 9.943044 1.707124 10.75755 9.050427 "" "" 1661.01489 1729.71619 1984857.20138 1264.8 679820.0 1330.6 1901000.0 3354.7 "" "" 0.0028408549344758212 0.0035072877 0.004237309 0.007744597 305.41116027839 37.42086472668 1697.40491 -3.5159999999999987 -5.964 1.0
305.3302092068 37.39017388637 0.0081 0.0091 4.2072 "" 2684-148-1 2060968682953119872 1666.2146 0.5729 0.0108 -3.574 -6.415 0.011 0.011 0.92 "" "" 10.41083 1.636846 11.181137 9.544291 "" "" 1630.49536 1695.99268 1290074.68628 367.67 460220.0 334.81 1206300.0 401.01 "" "" 0.0027726410947131017 0.0028998186 0.0037965772 0.0066963956 305.3302092068 37.39017388637 1666.2146 -3.5740000000000003 -6.415000000000001 1.0
305.44723819324 37.44219362233 0.0086 0.0108 2.736 "" 2684-43-1 2057968287516222976 1771.50708 0.5366 0.012 -3.671 -6.409 0.012 0.013 0.983 "" "" 10.99183 1.728007 11.819003 10.090996 "" "" 1731.00342 1816.42419 755465.66259 217.8 255750.0 225.14 729050.0 254.97 "" "" 0.0027730432448215834 0.0029493351 0.0037984087 0.006747744 305.44723819324 37.44219362233 1771.50708 -3.6710000000000003 -6.408999999999999 0.8
305.41535444357 37.41818885612 0.0094 0.0118 1.8726 "" "" 2057966775687741312 1632.27039 0.5863 0.0131 -3.63 -6.443 0.013 0.015 0.912 "" "" 11.201333 1.848558 12.107084 10.258527 -14.77 17.28 1593.42126 1670.42993 622893.18725 178.6 196150.0 177.53 624810.0 263.27 "" "" 0.002772851047842312 0.0029581564 0.0038069698 0.0067651263 305.41535444357 37.41818885612 1632.27039 -3.6300000000000026 -6.443 0.9
305.35352978846 37.38002992541 0.0105 0.013 4.0954 "" "" 2060968614233634816 1556.38257 0.6159 0.0152 -3.631 -6.356 0.015 0.016 1.097 25512.4 3.8488 11.517008 1.767567 12.354993 10.587426 "" "" 1524.38171 1587.21558 465739.90908 1568.5 156110.0 1582.7 461520.0 4430.0 "" "" 0.004578402452736453 0.011355705 0.011085803 0.022441506 305.35352978846 37.38002992541 1556.38257 -3.6310000000000002 -6.356 1.0
305.4411484865 37.37376642715 0.008 0.01 4.7647 "" 2684-133-1 2057965637514300288 1679.21216 0.5678 0.0114 -3.682 -6.325 0.011 0.013 1.011 6820.2 2.5847 11.728445 1.803595 12.604034 10.800439 "" "" 1654.68481 1710.87708 383326.23433 118.4 124110.0 132.78 379300.0 222.58 "" "" 0.0027756537552058335 0.0030223043 0.0038327093 0.006855014 305.4411484865 37.37376642715 1679.21216 -3.682 -6.325 1.0
305.25710729852 37.62875286165 0.0074 0.0086 12.8664 "" "" 2060976547029134080 1747.23376 0.5663 0.01 -3.517 -6.283 0.009 0.011 1.001 18130.5 3.8383 12.295571 1.575653 13.027089 11.451436 "" "" 1715.84473 1779.27539 227362.20722 292.14 84058.0 297.17 208250.0 1010.1 "" "" 0.003088368398454168 0.0047453516 0.0064820824 0.0112274345 305.25710729852 37.62875286165 1747.23376 -3.5169999999999995 -6.2829999999999995 1.0
305.46238011995 37.43500619035 0.008 0.01 3.4821 "" "" 2057968115717522560 1699.75464 0.5784 0.0112 -3.544 -6.362 0.011 0.012 1.04 15003.5 3.5832 12.796445 1.912167 13.736968 11.824801 "" "" 1659.44031 1738.40027 143340.48467 27.371 43715.0 56.297 147650.0 130.36 "" "" 0.0027631091101455144 0.0031209132 0.0038990553 0.0070199687 305.46238011995 37.43500619035 1699.75464 -3.544000000000001 -6.362000000000002 0.8
305.28727575646 37.49446968361 0.0092 0.0105 5.8127 "" "" 2060970194781842176 1637.51135 0.5999 0.0121 -3.562 -6.467 0.012 0.013 1.06 15003.2 3.7926 12.855134 1.607982 13.605168 11.997187 "" "" 1603.58679 1670.95264 135797.87034 37.262 49357.0 39.691 125970.0 96.241 "" "" 0.0027713795951925086 0.0029235876 0.003869341 0.0067929286 305.28727575646 37.49446968361 1637.51135 -3.5620000000000003 -6.467000000000002 1.0
305.31873401407 37.46935014683 0.0081 0.0091 3.7644 "" "" 2060970297860853760 1663.94019 0.5658 0.011 -3.552 -6.341 0.011 0.011 1.026 "" "" 13.164682 1.830915 14.055993 12.225078 "" "" 1634.83142 1693.29114 102111.32558 28.976 32585.0 29.331 102120.0 66.196 "" "" 0.0027724923365639396 0.0029563808 0.0038443534 0.0068007344 305.31873401407 37.46935014683 1663.94019 -3.5520000000000005 -6.341 0.8
305.47646435101 37.39231205004 0.0079 0.0099 5.09 "" "" 2057967188004563968 1732.44043 0.5443 0.011 -3.575 -6.185 0.011 0.012 1.012 7014.5 2.9363 13.216353 1.898082 14.151985 12.253903 "" "" 1706.38525 1768.09363 97365.57379 28.331 29828.0 34.313 99448.0 49.248 "" "" 0.002773372771413049 0.0030569632 0.003817436 0.0068743993 305.47646435101 37.39231205004 1732.44043 -3.575000000000001 -6.184999999999999 1.0
305.46350822592 37.57220417683 0.0078 0.0107 8.5688 "" "" 2060971844049260416 1752.77563 0.5418 0.0116 -3.678 -6.284 0.01 0.014 1.015 15000.7 3.9203 13.231024 1.348539 13.82627 12.477731 "" "" 1718.2262 1798.83679 96058.82739 19.83 40263.0 31.455 80922.0 30.55 "" "" 0.0027644214427926177 0.0029162515 0.0038015442 0.0067177955 305.46350822592 37.57220417683 1752.77563 -3.677999999999999 -6.284000000000001 1.0
305.40316923595 37.40913538745 0.0117 0.0148 2.0667 "" "" 2057966737025926912 1644.17944 0.5721 0.0165 -3.465 -6.477 0.016 0.019 1.531 "" "" 13.269297 1.884231 14.194613 12.310383 "" "" 1603.97595 1689.76587 92731.67259 30.174 28680.0 30.072 94407.0 36.216 "" "" 0.002777877233699482 0.0030134828 0.003802263 0.0068157455 305.40316923595 37.40913538745 1644.17944 -3.465 -6.477000000000001 0.9
305.40260351529 37.35672034362 0.0086 0.0107 5.1474 "" "" 2057965985413741056 1683.60327 0.5642 0.0123 -3.637 -6.404 0.012 0.013 0.967 7391.9 3.1017 13.379146 1.563689 14.100642 12.536953 "" "" 1650.69177 1720.9021 83808.56666 23.615 31272.0 40.935 76626.0 44.461 "" "" 0.002772252394102986 0.0031312832 0.0038315274 0.0069628106 305.40260351529 37.35672034362 1683.60327 -3.637 -6.404 1.0
305.36816121002 37.43885718094 0.0085 0.0101 1.0473 "" "" 2060969232708934784 1704.34058 0.5508 0.0118 -3.56 -6.341 0.011 0.013 1.003 6787.7 2.8669 13.443903 2.166169 14.552835 12.386666 "" "" 1669.60168 1734.19873 78956.10654 79.779 20620.0 76.972 88002.0 430.47 "" "" 0.002965689153057362 0.0049204915 0.0065184534 0.011438945 305.36816121002 37.43885718094 1704.34058 -3.5599999999999987 -6.341000000000002 0.9
305.38970780086 37.4230475964 0.0089 0.012 1.1315 "" "" 2060969163989448576 1653.1073 0.5746 0.0127 -3.669 -6.364 0.012 0.015 1.016 7670.7 3.336 13.486067 1.786678 14.347668 12.560989 "" "" 1619.24512 1680.95764 75948.63923 20.596 24909.0 25.564 74948.0 44.134 "" "" 0.0027710071235033987 0.0030044438 0.0038330788 0.0068375226 305.38970780086 37.4230475964 1653.1073 -3.6689999999999987 -6.363999999999998 1.0
305.3962984329 37.37602695269 0.0092 0.0108 3.9648 "" "" 2057966049831160320 1671.00415 0.5708 0.0126 -3.659 -6.24 0.012 0.013 1.042 "" "" 13.516492 1.813289 14.394402 12.581114 "" "" 1624.75012 1708.12524 73849.90843 28.278 23859.0 26.175 73572.0 55.211 "" "" 0.002786508587775713 0.0030337826 0.0038662106 0.006899993 305.3962984329 37.37602695269 1671.00415 -3.6589999999999994 -6.2399999999999975 1.0
305.11508709268 37.49313101359 0.009 0.0096 13.4389 "" "" 2060967995758459136 1655.84497 0.5736 0.012 -3.883 -5.975 0.011 0.012 0.989 "" "" 13.582629 1.74147 14.415296 12.673825 "" "" 1629.57678 1680.12817 69485.61387 14.478 23404.0 17.92 67550.0 24.139 "" "" 0.002764591567619588 0.0029113835 0.003799245 0.0067106285 305.11508709268 37.49313101359 1655.84497 -3.8830000000000013 -5.975 0.8
305.56873604993 37.40146736086 0.0089 0.0111 8.8647 "" "" 2057964507944938624 1713.75122 0.5485 0.0126 -3.581 -6.396 0.013 0.015 0.98 "" "" 13.638598 2.056244 14.681994 12.625751 "" "" 1685.82727 1746.52393 65994.45662 18.204 18307.0 19.777 70609.0 43.881 "" "" 0.0027715490665187474 0.0030266787 0.003839142 0.006865821 305.56873604993 37.40146736086 1713.75122 -3.5810000000000004 -6.396 1.0
305.39972979848 37.38104887403 0.009 0.0116 3.6819 "" "" 2057966432090349824 1699.32947 0.5574 0.013 -3.657 -6.285 0.013 0.014 1.038 "" "" 13.660883 1.814223 14.541084 12.726861 "" "" 1660.66101 1738.17163 64653.72749 18.024 20844.0 24.652 64330.0 35.437 "" "" 0.0027718953494853334 0.0030714711 0.0038264135 0.0068978844 305.39972979848 37.38104887403 1699.32947 -3.657000000000002 -6.285000000000002 0.8
305.42922950733 37.37042235765 0.0094 0.0117 4.6825 "" "" 2057966397730595200 1692.78406 0.5593 0.0132 -3.615 -6.424 0.013 0.015 1.053 "" "" 13.766478 1.805108 14.640445 12.835337 "" "" 1649.45923 1735.14709 58661.84478 15.649 19021.0 23.962 58213.0 29.081 "" "" 0.0027705016564775024 0.0031073864 0.0038181038 0.00692549 305.42922950733 37.37042235765 1692.78406 -3.615 -6.424 1.0
305.3553645122 37.65869515958 0.0093 0.0116 13.1101 "" "" 2060976104656855424 1747.95081 0.5411 0.0125 -3.698 -6.178 0.012 0.013 1.01 "" "" 13.809621 1.744989 14.646751 12.901762 "" "" 1705.53394 1784.85425 56376.56205 13.138 18911.0 17.87 54759.0 20.25 "" "" 0.002766913182265214 0.0029728203 0.0038006492 0.0067734695 305.3553645122 37.65869515958 1747.95081 -3.6980000000000013 -6.177999999999999 0.9
305.26731868911 37.60811975164 0.0108 0.0118 11.5512 "" "" 2060974867706114176 1681.84741 0.5652 0.0143 -3.58 -6.095 0.014 0.014 1.058 "" "" 14.084552 1.743346 14.919638 13.176291 "" "" 1643.73706 1712.29272 43764.90091 13.371 14708.0 18.847 42525.0 36.101 "" "" 0.0027752158116326024 0.0031178028 0.0038901537 0.0070079565 305.26731868911 37.60811975164 1681.84741 -3.58 -6.095 0.9
305.49702510452 37.33885754352 0.0112 0.0134 8.022 "" "" 2057962446360644736 1515.14868 0.6293 0.0155 -3.742 -6.374 0.015 0.017 1.14 "" "" 14.125953 1.708351 14.9365 13.228148 78.03 6.54 1484.3429 1546.01904 42127.48579 12.052 14482.0 17.837 40541.0 28.434 "" "" 0.002772772810832998 0.0030940792 0.0038553344 0.0069494136 305.49702510452 37.33885754352 1515.14868 -3.7419999999999995 -6.373999999999996 1.0
305.52858743481 37.29785979333 0.0112 0.0127 10.8853 "" "" 2057962102763233792 1703.2572 0.5525 0.0154 -3.641 -6.245 0.016 0.017 1.055 8661.6 3.5203 14.246587 1.720832 15.064881 13.344049 "" "" 1658.02966 1751.36951 37697.43941 10.434 12867.0 23.783 36437.0 29.228 "" "" 0.002771659697549369 0.0034369277 0.0038784323 0.00731536 305.52858743481 37.29785979333 1703.2572 -3.641000000000001 -6.245 0.9
305.26719512034 37.29559760305 0.0117 0.0136 10.5473 "" "" 2060962120243086592 1694.14819 0.5627 0.0157 -3.876 -6.585 0.016 0.017 1.101 "" "" 14.320533 1.359861 14.922452 13.562591 "" "" 1645.84851 1737.77856 35215.48541 19.973 14670.0 28.315 29794.0 50.751 "" "" 0.002823293991530774 0.0034895036 0.00420763 0.007697134 305.26719512034 37.29559760305 1694.14819 -3.8760000000000003 -6.585000000000001 0.8
305.47342479232 37.36749304802 0.0115 0.0142 5.9848 "" "" 2057965676176068992 1686.38611 0.5587 0.016 -3.686 -6.221 0.016 0.018 0.974 7942.6 3.6493 14.350386 1.797764 15.218721 13.420958 "" "" 1640.13391 1740.8064 34260.39424 9.7377 11167.0 18.37 33945.0 22.125 "" "" 0.002772547573945374 0.0033128648 0.0038450651 0.00715793 305.47342479232 37.36749304802 1686.38611 -3.686 -6.221 1.0
305.38188969993 37.41771236844 0.0116 0.0145 1.4998 "" "" 2060969129629710464 1707.49695 0.5532 0.0163 -3.75 -6.365 0.016 0.018 1.004 7561.1 3.3417 14.37321 1.831554 15.264547 13.432993 60.22 7.5 1661.797 1750.99658 33547.70141 9.293 10705.0 15.588 33571.0 17.6 "" "" 0.0027716862922619063 0.0032069557 0.0038220056 0.0070289616 305.38188969993 37.41771236844 1707.49695 -3.7500000000000013 -6.365 1.0
305.46671475775 37.40412749215 0.0123 0.0164 4.309 "" "" 2057967256724391168 1644.42114 0.5752 0.0173 -3.76 -6.333 0.017 0.02 1.0 "" "" 14.446732 1.942066 15.411947 13.469881 "" "" 1609.46887 1691.8988 31351.20813 12.162 9346.3 13.271 32449.0 29.91 "" "" 0.0027873263036841457 0.0031877516 0.003909641 0.0070973923 305.46671475775 37.40412749215 1644.42114 -3.759999999999999 -6.333 1.0
305.44469344516 37.43800487115 0.0161 0.0199 2.6252 "" "" 2057968287516222336 1750.99878 0.5459 0.0225 -3.665 -6.196 0.022 0.025 1.415 "" "" 14.463502 1.962553 15.437115 13.474562 "" "" 1694.50452 1835.8468 30870.66813 9.5196 9132.1 12.748 32310.0 19.32 "" "" 0.0027755875743684286 0.0031752493 0.0038347384 0.0070099877 305.44469344516 37.43800487115 1750.99878 -3.6650000000000014 -6.196 0.8
305.4235999985 37.35630051383 0.0122 0.0153 5.383 "" "" 2057965607456610176 1701.66113 0.5558 0.0174 -3.602 -6.274 0.017 0.019 0.983 9350.4 3.896 14.471591 1.756217 15.313015 13.556798 "" "" 1640.79614 1746.94958 30641.51331 9.4056 10238.0 21.157 29953.0 20.781 "" "" 0.0027754027694364015 0.0035803914 0.0038537178 0.007434109 305.4235999985 37.35630051383 1701.66113 -3.6020000000000003 -6.273999999999999 0.9
305.21281996704 37.48908670964 0.0122 0.0135 8.8914 "" "" 2060973321517873024 1776.34412 0.5311 0.0175 -3.548 -6.182 0.017 0.016 0.968 "" "" 14.499423 1.609746 15.2501 13.640354 "" "" 1720.2417 1832.78882 29866.03382 6.6183 10849.0 14.325 27734.0 21.976 "" "" 0.002765804967416032 0.0031369203 0.003876065 0.007012985 305.21281996704 37.48908670964 1776.34412 -3.5480000000000014 -6.181999999999999 0.8
305.63108902556 37.65624336506 0.0126 0.0144 17.2373 "" "" 2057994881954220800 1686.59094 0.5603 0.0164 -3.632 -6.136 0.017 0.019 1.026 "" "" 14.528639 1.957268 15.501631 13.544363 "" "" 1640.08264 1727.78418 29073.09645 7.0007 8605.3 10.533 30298.0 17.974 "" "" 0.0027676959815529406 0.0030904969 0.0038338746 0.0069243712 305.63108902556 37.65624336506 1686.59094 -3.6320000000000014 -6.135999999999999 1.0
305.33864773144 37.45119139135 0.0129 0.0155 2.4999 "" "" 2060969473227119616 1568.61047 0.602 0.0189 -3.656 -6.429 0.019 0.019 0.963 "" "" 14.534465 2.135949 15.630662 13.494713 "" "" 1530.849 1621.28125 28917.49762 8.9231 7641.0 12.026 31716.0 22.186 "" "" 0.002775613856656181 0.003271865 0.0038549397 0.0071268044 305.33864773144 37.45119139135 1568.61047 -3.6560000000000015 -6.429000000000002 1.0
305.33735058656 37.5186085113 0.0119 0.0147 5.2362 "" "" 2060970675817983488 1697.26318 0.5577 0.0161 -3.623 -6.287 0.016 0.017 0.958 "" "" 14.557137 1.889343 15.485599 13.596256 104.42 8.67 1659.92395 1733.95764 28319.92003 11.604 8733.3 16.585 28884.0 35.915 "" "" 0.002791004299585062 0.0034693456 0.004013266 0.0074826116 305.33735058656 37.5186085113 1697.26318 -3.6230000000000007 -6.287000000000001 1.0
305.37224804287 37.43140417655 0.0138 0.0159 1.0473 "" "" 2060969232708930816 1711.00378 0.5573 0.0188 -3.618 -6.201 0.018 0.02 1.041 "" "" 14.570085 1.795822 15.438563 13.642741 "" "" 1657.48352 1762.40735 27984.20296 9.1435 9119.9 13.965 27673.0 22.895 "" "" 0.0027780636797502135 0.0032479418 0.003884665 0.0071326066 305.37224804287 37.43140417655 1711.00378 -3.6180000000000003 -6.201000000000001 1.0
305.29550164066 37.39820732027 0.0134 0.0144 5.2028 "" "" 2060968923471305856 1644.66821 0.5784 0.0175 -3.606 -6.353 0.018 0.018 1.03 "" "" 14.575958 1.87173 15.493004 13.621274 -62.75 15.59 1602.97766 1695.2196 27833.22052 8.8274 8673.9 16.865 28226.0 25.513 "" "" 0.0027767540069855647 0.00349879 0.0039047191 0.007403509 305.29550164066 37.39820732027 1644.66821 -3.6060000000000016 -6.353 0.8
305.17112151307 37.12668609686 0.0128 0.0145 21.6031 "" "" 2057581740464839936 1530.14221 0.6263 0.0169 -3.815 -6.465 0.017 0.019 0.989 "" "" 14.643199 1.397478 15.269846 13.872368 "" "" 1490.06079 1563.59875 26161.77149 13.524 10653.0 25.974 22398.0 31.091 "" "" 0.0028119031994221604 0.0038461487 0.004068803 0.007914952 305.17112151307 37.12668609686 1530.14221 -3.8149999999999995 -6.465000000000002 0.8
305.44610508423 37.45340023337 0.0132 0.0166 2.769 "" "" 2057968321875966592 1685.32153 0.5619 0.0184 -3.545 -6.283 0.018 0.021 1.089 "" "" 14.65064 2.120645 15.738168 13.617523 "" "" 1641.60095 1728.21887 25983.10179 8.2386 6920.7 15.105 28324.0 20.715 "" "" 0.002776743492658892 0.0036606786 0.0038618988 0.0075225774 305.44610508423 37.45340023337 1685.32153 -3.545 -6.283000000000001 1.0
