Clusters/Berkeley_87/Berkeley_87_stars_in_region.tsv
# %ECSV 1.0
# ---
# datatype:
# - name: RA_ICRS_1
#   unit: deg
#   datatype: float64
#   format: '{:15.11f}'
#   description: Right ascension (ICRS) at Ep=2016.0 (ra)
#   meta: !!omap
#   - {ucd: POS_EQ_RA_MAIN}
#   - {width: 15}
#   - {precision: '11'}
# - name: DE_ICRS_1
#   unit: deg
#   datatype: float64
#   format: '{:15.11f}'
#   description: Declination (ICRS) at Ep=2016.0 (dec)
#   meta: !!omap
#   - {ucd: POS_EQ_DEC_MAIN}
#   - {width: 15}
#   - {precision: '11'}
# - name: e_RA_ICRS
#   unit: mas
#   datatype: float64
#   format: '{:7.4f}'
#   description: Standard error of right ascension (ra_error)
#   meta: !!omap
#   - {ucd: ERROR}
#   - {width: 7}
#   - {precision: '4'}
# - name: e_DE_ICRS
#   unit: mas
#   datatype: float64
#   format: '{:7.4f}'
#   description: Standard error of declination (dec_error)
#   meta: !!omap
#   - {ucd: ERROR}
#   - {width: 7}
#   - {precision: '4'}
# - name: _r_1
#   unit: ''
#   datatype: float64
#   format: '{:7.4f}'
#   description: Distance from center (305.38980723000+37.44190597000)[ICRS], at Epoch=J2016.0
#   meta: !!omap
#   - {ucd: POS_ANG_DIST_GENERAL}
#   - {width: 7}
#   - {precision: '4'}
# - name: HIP
#   datatype: int32
#   description: '? HIP cross-id number, van Leeuwen, Cat. I/311 (hip_original_ext_source_id)'
#   meta: !!omap
#   - {ucd: ID_NUMBER}
#   - {width: 6}
#   - values: {'null': -2147483648}
# - name: TYC2
#   datatype: string
#   description: Tycho-2 cross-id name, Hog et al., Cat. I/259 (tyc2_original_ext_source_id)
#   meta: !!omap
#   - {ucd: ID_CROSSID}
#   - {_votable_string_dtype: char}
# - name: Source
#   datatype: int64
#   description: Source identifier, identical to the Gaia-EDR3 source_id (id)
#   meta: !!omap
#   - {ucd: ID_MAIN}
#   - {width: 19}
# - name: rgeo
#   unit: pc
#   datatype: float64
#   format: '{:15.8f}'
#   description: '? Median of the geometric distance posterior (r_med_geo)'
#   meta: !!omap
#   - {ucd: PHYS_DISTANCE_TRUE}
#   - {width: 15}
#   - {precision: '8'}
#   - values: {'null': .nan}
# - name: Plx
#   unit: mas
#   datatype: float64
#   format: '{:9.4f}'
#   description: '? Parallax (parallax)'
#   meta: !!omap
#   - {ucd: POS_PARLX_TRIG}
#   - {width: 9}
#   - {precision: '4'}
#   - values: {'null': .nan}
# - name: e_Plx
#   unit: mas
#   datatype: float32
#   format: '{:7.4f}'
#   description: '? Standard error of parallax (parallax_error)'
#   meta: !!omap
#   - {ucd: ERROR}
#   - {width: 7}
#   - {precision: '4'}
#   - values: {'null': .nan}
# - name: pmRA
#   unit: mas / yr
#   datatype: float64
#   format: '{:9.3f}'
#   description: '? Proper motion in right ascension direction, pmRA*cosDE (pmra)'
#   meta: !!omap
#   - {ucd: POS_EQ_PMRA}
#   - {width: 9}
#   - {precision: '3'}
#   - values: {'null': .nan}
# - name: pmDE
#   unit: mas / yr
#   datatype: float64
#   format: '{:9.3f}'
#   description: '? Proper motion in declination direction (pmdec)'
#   meta: !!omap
#   - {ucd: POS_EQ_PMDEC}
#   - {width: 9}
#   - {precision: '3'}
#   - values: {'null': .nan}
# - name: e_pmRA
#   unit: mas / yr
#   datatype: float32
#   format: '{:6.3f}'
#   description: '? Standard error of proper motion in right ascension direction (pmra_error)'
#   meta: !!omap
#   - {ucd: ERROR}
#   - {width: 6}
#   - {precision: '3'}
#   - values: {'null': .nan}
# - name: e_pmDE
[...]
#         value: !astropy.table.SerializedColumn {name: SkyCoord.dec}
#       distance: !astropy.table.SerializedColumn
#         __class__: astropy.coordinates.distances.Distance
#         unit: !astropy.units.Unit {unit: pc}
#         value: !astropy.table.SerializedColumn {name: SkyCoord.distance}
#       frame: icrs
#       obstime: !astropy.time.Time {format: jyear_str, in_subfmt: '*', jd1: 367701545.0, jd2: 0.0, out_subfmt: '*', precision: 3, scale: tt}
#       pm_dec: !astropy.table.SerializedColumn
#         __class__: astropy.units.quantity.Quantity
#         unit: !astropy.units.Unit {unit: mas / yr}
#         value: !astropy.table.SerializedColumn {name: SkyCoord.pm_dec}
#       pm_ra_cosdec: !astropy.table.SerializedColumn
#         __class__: astropy.units.quantity.Quantity
#         unit: !astropy.units.Unit {unit: mas / yr}
#         value: !astropy.table.SerializedColumn {name: SkyCoord.pm_ra_cosdec}
#       ra: !astropy.table.SerializedColumn
#         __class__: astropy.coordinates.angles.Longitude
#         unit: *id001
#         value: !astropy.table.SerializedColumn {name: SkyCoord.ra}
#         wrap_angle: !astropy.coordinates.Angle
#           unit: *id001
#           value: 360.0
#       representation_type: spherical
# schema: astropy-2.0
RA_ICRS_1 DE_ICRS_1 e_RA_ICRS e_DE_ICRS _r_1 HIP TYC2 Source rgeo Plx e_Plx pmRA pmDE e_pmRA e_pmDE RUWE Teff logg Gmag BP-RP BPmag RPmag RV e_RV b_rgeo B_rgeo FG e_FG FBP e_FBP FRP e_FRP RAVE5 RAVE6 e_Gmag e_BPmag e_RPmag e_BP-RP SkyCoord.ra SkyCoord.dec SkyCoord.distance SkyCoord.pm_ra_cosdec SkyCoord.pm_dec rmRA rmDE e_rmRA e_rmDE rRV e_rRV v_pec v_pec3d e_vpec e_vpec3d
[from data line 643]
305.61447835117 37.56589985495 0.0234 0.0284 13.0273 "" "" 2057992786009994368 1678.91443 0.5697 0.0328 -4.446 -5.303 0.032 0.037 1.0 "" "" 15.988235 1.933357 16.95141 15.018053 "" "" 1583.271 1791.47351 7579.71484 3.1833 2263.9 11.51 7797.2 10.824 "" "" 0.0027927961336368565 0.0061851367 0.0040688333 0.01025397 305.61447835117 37.56589985495 1678.91443 -4.446 -5.303 -0.8032771549224851 1.007734748840332 0.11799431 0.1229943 "" "" 10.255655306292274 "" 1.2417159311040362 ""
305.72466069433 37.7101307802 0.0239 0.0263 22.6395 "" "" 2058001066707132416 1756.04333 0.55 0.0314 -3.647 -6.208 0.032 0.035 1.061 "" "" 15.989969 1.899889 16.922087 15.022198 "" "" 1662.7229 1846.88232 7567.61832 3.0869 2325.9 7.3859 7767.5 7.931 "" "" 0.002790686925791173 0.004435322 0.0039386163 0.0083739385 305.72466069433 37.7101307802 1756.04333 -3.6470000000000016 -6.208000000000004 -0.004277154922485149 0.10273474884033185 0.11799431 0.1209943 "" "" 0.8558683960285332 "" 0.10355080942314408 ""
305.48389193119 37.440619898 0.0233 0.0312 4.4827 "" "" 2057968150077253248 1664.15161 0.5644 0.0343 -2.423 -5.327 0.032 0.042 1.009 9245.2 3.7197 15.999275 2.246254 17.168566 14.922312 "" "" 1573.11584 1775.45923 7503.02804 3.4315 1853.5 10.079 8516.0 15.355 "" "" 0.002799707345686747 0.006530139 0.004256311 0.01078645 305.48389193119 37.440619898 1664.15161 -2.423 -5.327 1.2197228450775146 0.9837347488403321 0.11799431 0.1279943 "" "" 12.360540875208365 "" 1.508398042321596 ""
305.76977161238 37.64057702241 0.0235 0.0272 21.6532 "" "" 2057999898476022656 1665.58105 0.5597 0.0312 -1.025 -2.717 0.031 0.035 0.983 "" "" 16.003933 2.313687 17.231503 14.917815 "" "" 1577.34338 1767.51855 7470.91681 3.1388 1749.1 6.7259 8551.3 11.624 "" "" 0.002792824430679969 0.0050215498 0.0040573287 0.009078879 305.76977161238 37.64057702241 1665.58105 -1.025 -2.7169999999999996 2.6177228450775147 3.593734748840332 0.11699431 0.1209943 "" "" 35.10095346909877 "" 4.198875345051123 ""
305.17930033726 37.74292434477 0.0242 0.0292 20.6485 "" "" 2060989848552258816 1809.20471 0.5277 0.0321 0.218 0.544 0.033 0.037 1.095 "" "" 16.005043 1.740461 16.831017 15.090555 "" "" 1715.29993 1943.58508 7463.27467 2.9017 2529.4 6.8107 7293.5 11.822 "" "" 0.0027874691188471425 0.0040412527 0.004169035 0.008210287 305.17930033726 37.74292434477 1809.20471 0.21800000000000005 0.5440000000000003 3.8607228450775146 6.8547347488403325 0.1189943 0.1229943 "" "" 67.46605365964261 "" 8.233759241395907 ""
305.15623664033 37.44501923524 0.0244 0.026 11.1282 "" "" 2060966896246976640 1868.73828 0.4978 0.0325 -2.564 -5.082 0.035 0.034 1.047 9002.5 3.562 16.00974 2.257852 17.176107 14.918256 "" "" 1763.3501 1985.0498 7431.05147 3.0635 1840.7 8.3241 8547.8 15.907 "" "" 0.002791439922702252 0.0056473734 0.004285573 0.009932946 305.15623664033 37.44501923524 1868.73828 -2.563999999999999 -5.082000000000003 1.0787228450775146 1.2287347488403322 0.1209943 0.119994305 "" "" 14.48309567083561 "" 1.7442076856385433 ""
305.23265622084 37.25128174182 0.0232 0.0262 13.6749 "" "" 2060960470975644416 1948.0885 0.4846 0.0313 -1.724 -8.798 0.031 0.035 0.961 7323.6 3.708 16.010918 2.196459 17.147758 14.9513 "" "" 1822.99646 2082.73291 7422.99753 3.0317 1889.4 8.7742 8291.6 11.621 "" "" 0.0027907750026669024 0.005762587 0.0040742243 0.009836812 305.23265622084 37.25128174182 1948.0885 -1.724 -8.798 1.9187228450775147 -2.487265251159668 0.11699431 0.1209943 "" "" 29.006897607094636 "" 3.4668365066122293 ""
305.14849484172 37.17577895247 0.0226 0.0251 19.6872 "" "" 2060584472367519232 1746.64136 0.5474 0.03 -1.57 -7.829 0.029 0.03 1.011 "" "" 16.014246 1.670717 16.790411 15.119694 "" "" 1659.64258 1886.75732 7400.27792 3.2023 2625.7 7.803 7100.4 12.728 "" "" 0.0027950898258147514 0.0042656525 0.0042510787 0.008516731 305.14849484172 37.17577895247 1746.64136 -1.569999999999998 -7.829 2.0727228450775144 -1.5182652511596677 0.1149943 0.115994304 "" "" 21.27145144052242 "" 2.4535445261388915 ""
305.27579885954 37.64126716164 0.0244 0.0285 13.1339 "" "" 2060976585693202432 1727.76611 0.5594 0.0334 -0.305 -3.163 0.033 0.034 1.011 "" "" 16.017044 1.911377 16.956705 15.045328 "" "" 1642.38062 1824.19226 7381.23946 3.0056 2252.9 10.133 7603.7 10.993 "" "" 0.002790563905298726 0.005624273 0.004092392 0.009716665 305.27579885954 37.64126716164 1727.76611 -0.3049999999999997 -3.1629999999999994 3.3377228450775145 3.147734748840332 0.1189943 0.119994305 "" "" 37.57294073593379 "" 4.488691845607476 ""
305.56955231214 37.64054715269 0.024 0.0283 14.6689 "" "" 2060995724067830016 1591.54553 0.5946 0.0314 -3.627 -6.344 0.031 0.036 0.95 "" "" 16.01756 2.145246 17.121809 14.976562 "" "" 1503.15918 1690.31799 7377.73779 2.9723 1935.1 10.166 8100.9 11.161 "" "" 0.002789824610077563 0.0063497555 0.004064647 0.010414403 305.56955231214 37.64054715269 1591.54553 -3.6270000000000007 -6.344000000000001 0.01572284507751487 -0.033265251159668274 0.11699431 0.1219943 "" "" 0.2775698076111163 "" 0.03361278375340152 ""
305.58207737678 37.4501631333 0.024 0.0285 9.1723 "" "" 2057967634681140224 1852.08313 0.5207 0.0324 -3.498 -6.386 0.032 0.036 0.987 "" "" 16.01771 1.977991 17.003706 15.025715 "" "" 1741.83154 1940.07068 7376.70637 2.9271 2157.4 12.243 7742.3 10.474 "" "" 0.0027887987120881327 0.0067637465 0.004054768 0.010818515 305.58207737678 37.4501631333 1852.08313 -3.4980000000000024 -6.385999999999999 0.14472284507751443 -0.07526525115966809 0.11799431 0.1219943 "" "" 1.4320482919320434 "" 0.17020916197216945 ""
305.81539810314 37.19202820697 0.0526 0.0532 25.2428 "" "" 2057945880665062400 1589.59717 0.6298 0.0676 -6.301 -8.508 0.068 0.067 2.068 "" "" 16.017845 2.1148 17.071287 14.956488 "" "" 1436.53552 1737.0061 7375.7986 6.1273 2027.2 9.9923 8252.1 13.016 "" "" 0.0028991913291205123 0.00603539 0.004149274 0.010184664 305.81539810314 37.19202820697 1589.59717 -6.301 -8.508 -2.6582771549224855 -2.197265251159667 0.1539943 0.1529943 "" "" 25.985849070220663 "" 3.9911454682224146 ""
305.2128083262 37.70585211029 0.0235 0.0265 17.9346 "" "" 2060989504954856576 1403.26709 0.6872 0.0304 -9.114 -8.74 0.032 0.033 1.038 7174.2 4.1358 16.021421 1.705673 16.835468 15.129795 "" "" 1345.72144 1458.03235 7351.53182 2.8474 2519.0 9.4163 7034.6 10.678 "" "" 0.002787226796527512 0.0049251695 0.0041230875 0.009048257 305.2128083262 37.70585211029 1403.26709 -9.114 -8.740000000000002 -5.471277154922486 -2.429265251159668 0.11799431 0.1189943 "" "" 39.81802161345431 "" 4.70488010249766 ""
305.28852045725 37.06924252575 0.0234 0.0274 22.877 "" "" 2057952722554683648 1714.53564 0.5513 0.0306 -3.902 -4.388 0.031 0.035 1.02 7180.1 4.0932 16.022852 1.840807 16.922358 15.081551 "" "" 1640.00415 1799.03333 7341.85543 2.9184 2325.3 7.6456 7354.2 10.226 "" "" 0.0027889159914315127 0.004530925 0.004069762 0.008600687 305.28852045725 37.06924252575 1714.53564 -3.9019999999999997 -4.388 -0.2592771549224855 1.9227347488403321 0.11699431 0.1209943 "" "" 15.7673014605407 "" 1.9066455267987692 ""
305.77830029757 37.3000568096 0.0243 0.0267 20.3862 "" "" 2057973613275490432 1896.27832 0.5026 0.0333 -2.313 -5.29 0.033 0.034 1.044 "" "" 16.02308 1.711458 16.835676 15.124218 "" "" 1780.61511 2016.04749 7340.30939 2.784 2518.5 11.712 7070.8 11.157 "" "" 0.002785922293826918 0.0057687424 0.004149544 0.009918286 305.77830029757 37.3000568096 1896.27832 -2.3129999999999997 -5.290000000000001 1.3297228450775145 1.020734748840332 0.1189943 0.119994305 "" "" 15.06740262893582 "" 1.79853641925909 ""
304.92426841598 37.29927068466 0.0239 0.0278 23.7911 "" "" 2060601514797908608 1910.61108 0.509 0.0323 -1.154 -3.191 0.033 0.039 1.031 7983.6 3.8622 16.024532 1.598027 16.768875 15.170848 "" "" 1780.40027 2021.87659 7330.50574 3.235 2678.3 6.3686 6773.6 8.659 "" "" 0.002796670675274793 0.003801358 0.004026179 0.007827537 304.92426841598 37.29927068466 1910.61108 -1.1540000000000004 -3.191 2.4887228450775147 3.119734748840332 0.1189943 0.12499431 "" "" 36.14187003543742 "" 4.43445573353897 ""
305.26375126125 37.39308131417 0.0258 0.0279 6.6833 "" "" 2060963769510560896 1837.30347 0.5236 0.0335 -0.814 -1.092 0.036 0.035 0.993 "" "" 16.028687 2.107351 17.057478 14.950127 "" "" 1736.99902 1957.39148 7302.51575 3.4866 2053.2 27.193 8300.6 56.75 "" "" 0.0028036608692298386 0.014647906 0.008329764 0.022977669 305.26375126125 37.39308131417 1837.30347 -0.8140000000000001 -1.092 2.8287228450775146 5.2187347488403315 0.1219943 0.1209943 "" "" 51.696110639936755 "" 6.2667114289815204 ""
305.41511888154 37.62482828731 0.0253 0.0347 11.0412 "" "" 2060972943560907392 1815.35645 0.5314 0.0363 -3.655 -6.195 0.033 0.04 1.03 "" "" 16.032312 1.830688 16.92093 15.090242 "" "" 1712.42334 1919.31873 7278.1607 2.9797 2328.3 11.392 7295.6 11.529 "" "" 0.0027909447870537187 0.006000495 0.0041506067 0.010151101 305.41511888154 37.62482828731 1815.35645 -3.6549999999999994 -6.195 -0.012277154922485156 0.11573474884033175 0.1189943 0.1259943 "" "" 1.001460759985694 "" 0.1261024784086191 ""
305.35120180731 37.82959918342 0.0302 0.0357 23.3338 "" "" 2061013449388611328 1515.95715 0.6262 0.0392 -8.182 -15.089 0.041 0.041 1.145 6347.5 4.0527 16.034025 1.940977 17.005642 15.064665 "" "" 1432.01343 1598.99927 7266.68479 3.0891 2153.6 10.778 7469.5 11.954 "" "" 0.00279371060686627 0.0061082225 0.004159679 0.010267902 305.35120180731 37.82959918342 1515.95715 -8.182 -15.088999999999999 -4.539277154922486 -8.778265251159668 0.12699431 0.12699431 "" "" 71.01175542828729 "" 9.018089011002695 ""
305.04374497261 37.14511953814 0.0241 0.0256 24.2889 "" "" 2060584884684413312 1744.5365 0.5501 0.0317 -1.118 -3.974 0.031 0.035 1.023 6825.0 4.0366 16.040117 1.659452 16.822458 15.163006 "" "" 1665.64111 1850.88306 7226.02933 2.9699 2549.4 8.9112 6822.7 12.923 "" "" 0.002791221524572649 0.004710391 0.0043026702 0.009013061 305.04374497261 37.14511953814 1744.5365 -1.1179999999999994 -3.974 2.5247228450775143 2.336734748840332 0.11699431 0.1209943 "" "" 28.446861826621 "" 3.3810968707605653 ""
305.32159990877 37.59164668028 0.0251 0.0312 9.5528 "" "" 2060975486181381632 1930.83252 0.4742 0.0344 -1.509 -5.922 0.032 0.036 1.009 4989.0 2.9786 16.040445 2.66143 17.525974 14.864544 "" "" 1791.6814 2082.90283 7223.84868 4.4162 1333.6 9.5693 8981.3 15.486 "" "" 0.0028341406557107047 0.008275308 0.0042176307 0.012492938 305.32159990877 37.59164668028 1930.83252 -1.509 -5.922 2.1337228450775148 0.3887347488403323 0.11799431 0.1219943 "" "" 19.849584824116622 "" 2.3447305405261156 ""
305.19112531178 37.75323508258 0.0232 0.0266 20.9319 "" "" 2060989951631472896 1737.42969 0.5497 0.031 -3.752 -6.128 0.031 0.032 0.96 6459.5 3.7853 16.045425 1.863908 16.957855 15.093947 "" "" 1659.19397 1825.89246 7190.7859 7.1608 2250.5 17.568 7270.7 23.869 "" "" 0.0029598650904920816 0.008922999 0.0051950393 0.014118038 305.19112531178 37.75323508258 1737.42969 -3.7519999999999984 -6.127999999999995 -0.10927715492248513 0.18273474884033192 0.11699431 0.11799431 "" "" 1.75345705491446 "" 0.20643751060706703 ""
305.3445516318 37.2484604293 0.0229 0.0302 11.8058 "" "" 2057958563710240640 1469.18579 0.6485 0.0325 -3.131 -3.934 0.031 0.04 0.949 7976.1 4.257 16.045918 1.788763 16.909126 15.120363 "" "" 1420.32251 1534.1012 7187.52633 3.0105 2353.8 8.3126 7096.0 9.4355 "" "" 0.0027925968583353716 0.004742075 0.0040457365 0.008787812 305.3445516318 37.2484604293 1469.18579 -3.1309999999999985 -3.934 0.5117228450775149 2.376734748840332 0.11699431 0.1259943 "" "" 16.930725185933017 "" 2.1266552662723393 ""
305.7158449373 37.28078506896 0.0281 0.0306 18.3088 "" "" 2057950351732634752 2022.51941 0.4434 0.0392 -2.505 -6.247 0.039 0.039 1.028 "" "" 16.048525 3.377451 18.098717 14.721266 "" "" 1888.89319 2177.37085 7170.28747 4.0292 786.92 8.1095 10248.0 14.171 "" "" 0.0028220596901541713 0.011531555 0.0040666717 0.015598226 305.7158449373 37.28078506896 2022.51941 -2.505000000000003 -6.247000000000002 1.1377228450775148 0.06373474884033214 0.12499431 0.12499431 "" "" 10.92415620172335 "" 1.3654573422574556 ""
304.92445802212 37.34054034892 0.0257 0.028 23.002 "" "" 2060601961474528512 1971.85266 0.4768 0.0336 -2.519 -4.128 0.035 0.04 1.017 4920.6 3.3126 16.04936 2.304046 17.266336 14.962291 "" "" 1868.08643 2071.62207 7164.77942 3.1975 1693.9 7.1126 8208.1 12.362 "" "" 0.0027976009359956715 0.005345005 0.004117961 0.009462966 304.92445802212 37.34054034892 1971.85266 -2.519 -4.128 1.1237228450775145 2.182734748840332 0.1209943 0.1259943 "" "" 22.9459701907252 "" 2.8674041123857594 ""
305.44868854613 37.04531675672 0.0233 0.0291 23.961 "" "" 2057941693078597248 1439.90686 0.6724 0.0316 1.405 -0.094 0.03 0.036 1.004 7177.1 4.0195 16.049675 1.987988 17.04834 15.060351 "" "" 1388.63293 1493.78906 7162.70047 2.8254 2070.5 9.0799 7499.2 9.8217 "" "" 0.0027884068739118394 0.0055186506 0.0040380415 0.009556692 305.44868854613 37.04531675672 1439.90686 1.4050000000000002 -0.09399999999999958 5.047722845077515 6.216734748840332 0.115994304 0.1219943 "" "" 54.65554248372514 "" 6.539337319256275 ""
305.04865907458 37.3463046409 0.0312 0.0342 17.244 "" "" 2060965418778065792 2017.01416 0.471 0.0427 -2.819 -7.705 0.042 0.042 1.329 8255.3 3.9835 16.051086 1.75431 16.882612 15.128303 "" "" 1867.09314 2215.72681 7153.39255 4.8219 2412.0 9.1547 7044.3 11.607 "" "" 0.0028508620504634893 0.0049766246 0.00418141 0.009158035 305.04865907458 37.3463046409 2017.01416 -2.819 -7.705 0.8237228450775147 -1.394265251159668 0.1279943 0.1279943 "" "" 15.482625757249886 "" 1.9816878294711897 ""
305.03615033635 37.15816666177 0.0233 0.0252 23.9738 "" "" 2060585056483112576 1702.30042 0.5675 0.0307 -0.131 -0.139 0.03 0.034 0.998 6707.6 3.9987 16.053036 1.735966 16.884668 15.148703 "" "" 1631.50732 1779.74768 7140.56023 2.7725 2407.4 5.4663 6913.2 7.2709 "" "" 0.00278738330083626 0.0037232707 0.0039481255 0.0076713962 305.03615033635 37.15816666177 1702.30042 -0.131 -0.139 3.5117228450775144 6.171734748840332 0.115994304 0.119994305 "" "" 57.2963248656037 "" 6.81989070262869 ""
305.50882262662 37.79291312544 0.0254 0.0328 21.8068 "" "" 2061001977540430464 1818.35132 0.5187 0.0346 -3.685 -6.177 0.034 0.039 0.977 8751.2 3.4351 16.058346 2.076914 17.11045 15.033537 "" "" 1718.19788 1947.65784 7105.72436 3.2208 1955.4 11.31 7686.8 12.549 "" "" 0.002798925003859037 0.006871822 0.004174387 0.011046208 305.50882262662 37.79291312544 1818.35132 -3.6849999999999987 -6.176999999999993 -0.042277154922485405 0.13373474884033243 0.119994305 0.12499431 "" "" 1.208882688391638 "" 0.15056430303947357 ""
304.99743614917 37.21980656693 0.0252 0.0271 22.9783 "" "" 2060588355018034048 1719.953 0.5506 0.0333 0.872 -4.247 0.033 0.037 1.036 7356.3 3.8979 16.05923 1.860627 16.977043 15.116416 "" "" 1635.71777 1830.32312 7099.92994 2.7768 2211.1 10.286 7121.8 11.238 "" "" 0.0027878492586938105 0.005770259 0.004149577 0.009919836 304.99743614917 37.21980656693 1719.953 0.8720000000000031 -4.247 4.5147228450775145 2.063734748840332 0.1189943 0.1229943 "" "" 40.46974435355112 "" 4.844034415490168 ""
305.50565841242 37.70878026392 0.0243 0.032 16.9337 "" "" 2060997098457385216 1954.11487 0.488 0.0344 -2.405 -3.494 0.032 0.04 0.958 7194.4 3.382 16.06061 1.896086 16.991144 15.095058 "" "" 1831.48926 2103.53442 7090.92197 2.8481 2182.5 7.4652 7263.3 11.367 "" "" 0.0027896172688975673 0.0046450957 0.0041437782 0.008788874 305.50565841242 37.70878026392 1954.11487 -2.4050000000000002 -3.4940000000000007 1.2377228450775148 2.816734748840332 0.11799431 0.1259943 "" "" 28.497751252739555 "" 3.5546496602227973 ""
305.58310074605 37.6227985812 0.0252 0.0312 14.2262 "" "" 2057993232688217088 1758.78149 0.5265 0.0342 -4.692 -6.969 0.034 0.041 1.0 6833.6 3.6343 16.067595 2.006825 17.079252 15.072427 "" "" 1654.30603 1858.89893 7045.45451 3.0068 2012.4 6.0113 7416.3 8.1259 "" "" 0.0027940102297459198 0.0042782733 0.0039621866 0.0082404595 305.58310074605 37.6227985812 1758.78149 -4.692 -6.969 -1.0492771549224855 -0.6582652511596683 0.119994305 0.12699431 "" "" 10.326300530375596 "" 1.259931914625628 ""
