Clusters/Berkeley_87/Berkeley_87_stars_in_region.tsv
# %ECSV 1.0
# ---
# datatype:
# - name: RA_ICRS_1
#   unit: deg
#   datatype: float64
#   format: '{:15.11f}'
#   description: Right ascension (ICRS) at Ep=2016.0 (ra)
#   meta: !!omap
#   - {ucd: POS_EQ_RA_MAIN}
#   - {width: 15}
#   - {precision: '11'}
# - name: DE_ICRS_1
#   unit: deg
#   datatype: float64
#   format: '{:15.11f}'
#   description: Declination (ICRS) at Ep=2016.0 (dec)
#   meta: !!omap
#   - {ucd: POS_EQ_DEC_MAIN}
#   - {width: 15}
#   - {precision: '11'}
# - name: e_RA_ICRS
#   unit: mas
#   datatype: float64
#   format: '{:7.4f}'
#   description: Standard error of right ascension (ra_error)
#   meta: !!omap
#   - {ucd: ERROR}
#   - {width: 7}
#   - {precision: '4'}
# - name: e_DE_ICRS
#   unit: mas
#   datatype: float64
#   format: '{:7.4f}'
#   description: Standard error of declination (dec_error)
#   meta: !!omap
#   - {ucd: ERROR}
#   - {width: 7}
#   - {precision: '4'}
# - name: _r_1
#   unit: ''
#   datatype: float64
#   format: '{:7.4f}'
#   description: Distance from center (305.38980723000+37.44190597000)[ICRS], at Epoch=J2016.0
#   meta: !!omap
#   - {ucd: POS_ANG_DIST_GENERAL}
#   - {width: 7}
#   - {precision: '4'}
# - name: HIP
#   datatype: int32
#   description: '? HIP cross-id number, van Leeuwen, Cat. I/311 (hip_original_ext_source_id)'
#   meta: !!omap
#   - {ucd: ID_NUMBER}
#   - {width: 6}
#   - values: {'null': -2147483648}
# - name: TYC2
#   datatype: string
#   description: Tycho-2 cross-id name, Hog et al., Cat. I/259 (tyc2_original_ext_source_id)
#   meta: !!omap
#   - {ucd: ID_CROSSID}
#   - {_votable_string_dtype: char}
# - name: Source
#   datatype: int64
#   description: Source identifier, identical to the Gaia-EDR3 source_id (id)
#   meta: !!omap
#   - {ucd: ID_MAIN}
#   - {width: 19}
# - name: rgeo
#   unit: pc
#   datatype: float64
#   format: '{:15.8f}'
#   description: '? Median of the geometric distance posterior (r_med_geo)'
#   meta: !!omap
#   - {ucd: PHYS_DISTANCE_TRUE}
#   - {width: 15}
#   - {precision: '8'}
#   - values: {'null': .nan}
# - name: Plx
#   unit: mas
#   datatype: float64
#   format: '{:9.4f}'
#   description: '? Parallax (parallax)'
#   meta: !!omap
#   - {ucd: POS_PARLX_TRIG}
#   - {width: 9}
#   - {precision: '4'}
#   - values: {'null': .nan}
# - name: e_Plx
#   unit: mas
#   datatype: float32
#   format: '{:7.4f}'
#   description: '? Standard error of parallax (parallax_error)'
#   meta: !!omap
#   - {ucd: ERROR}
#   - {width: 7}
#   - {precision: '4'}
#   - values: {'null': .nan}
# - name: pmRA
#   unit: mas / yr
#   datatype: float64
#   format: '{:9.3f}'
#   description: '? Proper motion in right ascension direction, pmRA*cosDE (pmra)'
#   meta: !!omap
#   - {ucd: POS_EQ_PMRA}
#   - {width: 9}
#   - {precision: '3'}
#   - values: {'null': .nan}
# - name: pmDE
#   unit: mas / yr
#   datatype: float64
#   format: '{:9.3f}'
#   description: '? Proper motion in declination direction (pmdec)'
#   meta: !!omap
#   - {ucd: POS_EQ_PMDEC}
#   - {width: 9}
#   - {precision: '3'}
#   - values: {'null': .nan}
# - name: e_pmRA
#   unit: mas / yr
#   datatype: float32
#   format: '{:6.3f}'
#   description: '? Standard error of proper motion in right ascension direction (pmra_error)'
#   meta: !!omap
#   - {ucd: ERROR}
#   - {width: 6}
#   - {precision: '3'}
#   - values: {'null': .nan}
# - name: e_pmDE
[...]
#         value: !astropy.table.SerializedColumn {name: SkyCoord.dec}
#       distance: !astropy.table.SerializedColumn
#         __class__: astropy.coordinates.distances.Distance
#         unit: !astropy.units.Unit {unit: pc}
#         value: !astropy.table.SerializedColumn {name: SkyCoord.distance}
#       frame: icrs
#       obstime: !astropy.time.Time {format: jyear_str, in_subfmt: '*', jd1: 367701545.0, jd2: 0.0, out_subfmt: '*', precision: 3, scale: tt}
#       pm_dec: !astropy.table.SerializedColumn
#         __class__: astropy.units.quantity.Quantity
#         unit: !astropy.units.Unit {unit: mas / yr}
#         value: !astropy.table.SerializedColumn {name: SkyCoord.pm_dec}
#       pm_ra_cosdec: !astropy.table.SerializedColumn
#         __class__: astropy.units.quantity.Quantity
#         unit: !astropy.units.Unit {unit: mas / yr}
#         value: !astropy.table.SerializedColumn {name: SkyCoord.pm_ra_cosdec}
#       ra: !astropy.table.SerializedColumn
#         __class__: astropy.coordinates.angles.Longitude
#         unit: *id001
#         value: !astropy.table.SerializedColumn {name: SkyCoord.ra}
#         wrap_angle: !astropy.coordinates.Angle
#           unit: *id001
#           value: 360.0
#       representation_type: spherical
# schema: astropy-2.0
RA_ICRS_1 DE_ICRS_1 e_RA_ICRS e_DE_ICRS _r_1 HIP TYC2 Source rgeo Plx e_Plx pmRA pmDE e_pmRA e_pmDE RUWE Teff logg Gmag BP-RP BPmag RPmag RV e_RV b_rgeo B_rgeo FG e_FG FBP e_FBP FRP e_FRP RAVE5 RAVE6 e_Gmag e_BPmag e_RPmag e_BP-RP SkyCoord.ra SkyCoord.dec SkyCoord.distance SkyCoord.pm_ra_cosdec SkyCoord.pm_dec rmRA rmDE e_rmRA e_rmDE rRV e_rRV v_pec v_pec3d e_vpec e_vpec3d
[from data line 612]
305.55066820204 37.44124370093 0.0241 0.0282 7.6633 "" "" 2057967565961672576 1676.07971 0.5657 0.0319 -3.627 -6.252 0.032 0.038 1.06 "" "" 15.920995 2.36311 17.178345 14.815235 "" "" 1583.89734 1768.3302 8063.9668 3.7607 1836.9 12.138 9398.6 14.554 "" "" 0.0028014589037551976 0.007697866 0.004136481 0.011834347 305.55066820204 37.44124370093 1676.07971 -3.6269999999999962 -6.251999999999995 0.01572284507751487 0.05873474884033225 0.11799431 0.123994306 "" "" 0.4830548839860909 "" 0.059706640431555186 ""
305.20757526238 37.26381756101 0.0225 0.0247 13.7738 "" "" 2060960539695135872 1713.58801 0.5554 0.0297 -3.527 -6.391 0.03 0.033 0.962 6872.2 3.9314 15.926075 1.938116 16.890604 14.952488 "" "" 1634.1416 1804.3147 8026.32402 3.2278 2394.3 7.3479 8282.5 10.601 "" "" 0.002789701726422518 0.004345972 0.004026772 0.008372745 305.20757526238 37.26381756101 1713.58801 -3.527 -6.391000000000002 0.11572284507751451 -0.08026525115966798 0.115994304 0.1189943 "" "" 1.1439131632411663 "" 0.13381174911553967 ""
304.87145801376 37.43000499501 0.0232 0.0286 24.7055 "" "" 2060606428240594048 1896.02429 0.5017 0.0313 -2.377 -5.392 0.032 0.04 0.972 7671.7 3.9729 15.926137 1.922807 16.880632 14.957826 "" "" 1790.07605 2012.61206 8025.86487 3.2128 2416.4 8.8067 8241.9 10.467 "" "" 0.002789388741504705 0.004841806 0.004023055 0.008864861 304.87145801376 37.43000499501 1896.02429 -2.377 -5.392000000000002 1.2657228450775149 0.9187347488403317 0.11799431 0.1259943 "" "" 14.05600216610903 "" 1.6981716682076793 ""
305.36921400617 37.24889895129 0.022 0.0277 11.622 "" "" 2057958769868660864 1856.69824 0.5074 0.0309 -0.949 -4.266 0.029 0.038 1.01 7739.7 3.6697 15.929017 2.068132 16.981607 14.913475 "" "" 1741.52417 1972.81677 8004.60436 3.4957 2201.8 10.862 8585.6 10.428 "" "" 0.0027958201914880854 0.0060393587 0.004002845 0.010042204 305.36921400617 37.24889895129 1856.69824 -0.9490000000000001 -4.266 2.693722845077515 2.044734748840332 0.1149943 0.123994306 "" "" 29.763041030126278 "" 3.5228644773528868 ""
305.14743427182 37.79266965083 0.022 0.0244 23.992 "" "" 2060993181446899456 1620.80347 0.5942 0.0287 -4.373 -4.638 0.03 0.031 1.001 5755.2 3.5817 15.931518 1.810584 16.808363 14.997779 "" "" 1544.83386 1704.55823 7986.19187 3.0807 2582.7 9.8032 7944.1 10.243 "" "" 0.0027869705546221934 0.004976837 0.004030327 0.009007163 305.14743427182 37.79266965083 1620.80347 -4.373000000000001 -4.638 -0.7302771549224856 1.6727347488403321 0.115994304 0.11699431 "" "" 14.022278466851523 "" 1.638290025903945 ""
305.08616760835 37.64033593033 0.0228 0.0237 18.7196 "" "" 2060987615169113344 1574.92932 0.6092 0.0288 -2.946 -1.761 0.031 0.031 1.049 7192.5 4.0868 15.932242 1.808076 16.808859 15.000783 "" "" 1518.51624 1636.38086 7980.85996 2.85 2581.5 8.0957 7922.2 11.821 "" "" 0.002782466005291043 0.0044021034 0.0041119754 0.008514078 305.08616760835 37.64033593033 1574.92932 -2.9460000000000024 -1.7610000000000021 0.6967228450775145 4.549734748840332 0.11699431 0.11699431 "" "" 34.360451457757485 "" 4.01997718744161 ""
305.85892696088 37.41060753463 0.0246 0.0279 22.4314 "" "" 2057976121536811520 1961.47083 0.4573 0.0331 -2.122 -6.136 0.033 0.035 0.976 4750.5 2.5727 15.938199 3.535133 18.116758 14.581625 -40.59 4.32 1843.53967 2110.06445 7937.19794 3.9025 773.95 7.7833 11655.0 18.226 "" "" 0.0028065566033826077 0.011269666 0.0041432446 0.015412911 305.85892696088 37.41060753463 1961.47083 -2.1220000000000003 -6.136000000000005 1.5207228450775148 0.1747347488403319 0.1189943 0.1209943 -63.478888888888896 5.4855423 14.231753295576427 65.05468573772417 1.6938715341577588 5.365479455136775
305.40935824911 37.72883910112 0.0231 0.0321 17.2411 "" "" 2061000637510448896 1690.32629 0.5693 0.0334 -3.513 -6.127 0.031 0.036 1.032 "" "" 15.939815 2.351427 17.189005 14.837578 "" "" 1600.42883 1785.4491 7925.39524 3.7418 1818.9 8.4514 9207.2 10.557 "" "" 0.0028025978401744708 0.005764987 0.003979136 0.009744123 305.40935824911 37.72883910112 1690.32629 -3.513 -6.126999999999999 0.12972284507751475 0.18373474884033225 0.11699431 0.1219943 "" "" 1.8020469194616309 "" 0.21688368104640218 ""
305.48211237257 37.38334880876 0.0248 0.0305 5.6298 "" "" 2057965710535809280 1622.59875 0.597 0.0352 -3.827 -6.326 0.035 0.038 1.088 "" "" 15.939853 1.980614 16.930738 14.950125 "" "" 1543.68921 1723.76025 7925.11578 3.7217 2307.4 6.3486 8300.6 10.293 "" "" 0.0028020987739429903 0.0040876684 0.0040120287 0.0080996975 305.48211237257 37.38334880876 1622.59875 -3.826999999999999 -6.3260000000000005 -0.1842771549224853 -0.015265251159667592 0.1209943 0.123994306 "" "" 1.4221519491510226 "" 0.1721017149508458 ""
305.29790232883 37.09266129152 0.023 0.0271 21.4093 "" "" 2057953066152070784 1481.01404 0.6471 0.0302 0.576 -1.213 0.03 0.036 0.987 6931.9 4.0376 15.941767 1.849289 16.846577 14.997288 "" "" 1418.99731 1557.70276 7911.15757 2.8611 2493.4 7.3056 7947.7 9.542 "" "" 0.0027831585907091842 0.004231425 0.003997865 0.00822929 305.29790232883 37.09266129152 1481.01404 0.5759999999999998 -1.213 4.218722845077514 5.097734748840332 0.115994304 0.1219943 "" "" 46.451294760030294 "" 5.5551905919011775 ""
305.60087382465 37.64892138976 0.0252 0.0299 15.9718 "" "" 2060997167176836864 1818.55078 0.5242 0.0334 -3.767 -4.883 0.034 0.039 1.131 6999.0 3.413 15.948162 1.96406 16.930618 14.966558 "" "" 1709.42834 1912.84155 7864.69804 3.0045 2307.6 7.5667 8175.9 12.584 "" "" 0.0027863648712123617 0.0045232545 0.004132356 0.0086556105 305.60087382465 37.64892138976 1818.55078 -3.7670000000000012 -4.882999999999997 -0.12427715492248526 1.427734748840332 0.119994305 0.12499431 "" "" 12.353510533969246 "" 1.5436632373443153 ""
305.44285153715 37.56167690415 0.0238 0.034 7.6169 "" "" 2060971706610308352 1539.65112 0.6269 0.0351 -3.6 -6.212 0.032 0.042 0.98 7976.8 4.3013 15.94914 1.796897 16.814966 15.018069 "" "" 1461.3446 1637.88953 7857.62111 3.3541 2567.0 7.5837 7797.1 14.988 "" "" 0.0027940260505176263 0.0042513194 0.004317354 0.008568673 305.44285153715 37.56167690415 1539.65112 -3.599999999999996 -6.212 0.04272284507751456 0.09873474884033229 0.11799431 0.1279943 "" "" 0.7851244510049847 "" 0.09929451679228408 ""
305.21916119079 37.75220060166 0.0222 0.0257 20.3083 "" "" 2060989711113295744 1856.86206 0.5072 0.0294 -7.89 -15.837 0.03 0.032 1.029 "" "" 15.949324 1.789751 16.811972 15.022221 "" "" 1762.11646 1949.68164 7856.28286 3.0405 2574.1 10.729 7767.3 10.203 "" "" 0.0027871767603640974 0.0053164274 0.0040395283 0.009355956 305.21916119079 37.75220060166 1856.86206 -7.8900000000000015 -15.837 -4.247277154922485 -9.526265251159668 0.115994304 0.11799431 "" "" 91.80168698701176 "" 10.80184731553677 ""
305.21082607647 37.7747147763 0.0222 0.0253 21.7052 "" "" 2060990363948332544 1753.19885 0.5457 0.0288 -0.2 -2.611 0.031 0.032 0.978 "" "" 15.950474 1.530567 16.655779 15.125212 "" "" 1675.30212 1832.49561 7847.97037 2.9408 2972.4 7.6673 7064.4 8.7213 "" "" 0.002785195663817711 0.0039533167 0.004010033 0.00796335 305.21082607647 37.7747147763 1753.19885 -0.2000000000000003 -2.6110000000000007 3.4427228450775145 3.699734748840332 0.11699431 0.11799431 "" "" 41.99747472206143 "" 4.93601791585563 ""
305.46977268978 37.54559544074 0.0239 0.0327 7.2936 "" "" 2060971534811609216 1627.06812 0.5706 0.0348 -4.108 -4.466 0.032 0.042 1.009 4783.7 3.3403 15.951473 2.686401 17.453033 14.766632 "" "" 1550.57056 1739.76257 7840.74688 3.549 1426.3 6.4784 9828.9 11.827 "" "" 0.0027988042652498206 0.0056661256 0.0039988183 0.009664943 305.46977268978 37.54559544074 1627.06812 -4.108 -4.466000000000001 -0.465277154922485 1.8447347488403318 0.11799431 0.1279943 "" "" 14.672702609825297 "" 1.8695703945093074 ""
305.34962615084 37.05582495215 0.0336 0.0396 23.2442 "" "" 2057951966640409728 1409.58093 0.6818 0.0438 0.94 1.443 0.045 0.05 1.402 "" "" 15.957343 1.78825 16.8226 15.034349 "" "" 1331.9043 1481.81689 7798.47119 3.1208 2549.0 7.2521 7681.0 7.9052 "" "" 0.0027893676396807208 0.0041625695 0.003941113 0.008103683 305.34962615084 37.05582495215 1409.58093 0.9400000000000004 1.443 4.582722845077514 7.753734748840332 0.1309943 0.1359943 "" "" 60.177898300102804 "" 8.107026316409177 ""
305.30806942961 37.78118135146 0.0223 0.0277 20.7239 "" "" 2061012903937055104 1647.44604 0.5845 0.031 -3.813 -6.083 0.03 0.033 1.018 8480.4 4.1486 15.957611 1.584071 16.69579 15.111718 "" "" 1560.75122 1746.75439 7796.54931 5.6889 2864.8 12.205 7152.7 14.793 "" "" 0.002866952134080602 0.005401962 0.0043961275 0.009798089 305.30806942961 37.78118135146 1647.44604 -3.8130000000000037 -6.083 -0.17027715492248552 0.22773474884033185 0.115994304 0.1189943 "" "" 2.2204934404409227 "" 0.2618568486881913 ""
305.26240804047 37.73416943455 0.0221 0.0255 18.5525 "" "" 2060989264436680448 1882.96301 0.5115 0.0293 -2.772 -5.211 0.03 0.031 0.95 6774.7 3.9403 15.959637 1.721085 16.783625 15.06254 "" "" 1750.37292 2017.68445 7782.01358 2.9755 2642.2 10.129 7484.1 10.097 "" "" 0.002786418632648911 0.0050109015 0.0040533138 0.009064215 305.26240804047 37.73416943455 1882.96301 -2.772 -5.211 0.8707228450775149 1.0997347488403317 0.115994304 0.11699431 "" "" 12.519464558203044 "" 1.4598946990110337 ""
305.21907764206 37.13151723893 0.0277 0.029 20.3286 "" "" 2057956295967523584 1873.93115 0.506 0.0353 -2.603 -5.342 0.037 0.037 1.314 8825.9 4.2476 15.963399 1.476687 16.556992 15.080305 "" "" 1766.4187 1987.21106 7755.0944 4.6142 3255.5 19.469 7362.7 54.551 "" "" 0.0028300366667722986 0.0070671802 0.008887912 0.015955092 305.21907764206 37.13151723893 1873.93115 -2.602999999999999 -5.342000000000002 1.0397228450775144 0.9687347488403324 0.1229943 0.1229943 "" "" 12.622655818884194 "" 1.5525147633301721 ""
305.18708359388 37.63789765354 0.0232 0.0259 15.2088 "" "" 2060987031053528704 2029.60901 0.4654 0.0309 -2.898 -4.539 0.031 0.032 1.056 6878.4 3.3992 15.967151 2.055299 17.007591 14.952292 "" "" 1889.26428 2153.18848 7728.34564 3.2992 2149.7 7.5228 8284.0 10.061 "" "" 0.0027940326356603535 0.0047139386 0.0040028156 0.008716755 305.18708359388 37.63789765354 2029.60901 -2.8979999999999997 -4.539 0.7447228450775145 1.7717347488403323 0.11699431 0.11799431 "" "" 18.489235529526187 "" 2.178858358339154 ""
305.81105582942 37.33264767395 0.0241 0.0282 21.125 "" "" 2057974128671562752 2021.12817 0.4594 0.0342 -2.303 -5.343 0.034 0.034 1.038 "" "" 15.972223 1.81285 16.84967 15.03682 "" "" 1896.13208 2155.82422 7692.31897 2.8385 2486.3 16.107 7663.6 10.48 "" "" 0.0027842957845950274 0.0075669247 0.004060567 0.011627492 305.81105582942 37.33264767395 2021.12817 -2.302999999999996 -5.342999999999998 1.3397228450775147 0.9677347488403321 0.119994305 0.119994305 "" "" 15.832966509333588 "" 1.8998658135508024 ""
305.55543586827 37.67129980085 0.0241 0.03 15.8588 "" "" 2060996033305483008 1644.66724 0.586 0.0333 -3.641 -6.465 0.032 0.038 1.021 "" "" 15.973153 2.031426 16.995996 14.964571 "" "" 1570.88818 1744.00049 7685.73947 3.2521 2172.8 8.811 8190.9 9.9663 "" "" 0.002793358014055695 0.0052124625 0.0040036184 0.009216081 305.55543586827 37.67129980085 1644.66724 -3.640999999999998 -6.465000000000001 0.0017228450775146342 -0.15426525115966783 0.11799431 0.123994306 "" "" 1.2026841188442567 "" 0.14912510417749097 ""
305.33050704555 37.85884857562 0.0254 0.0287 25.1747 "" "" 2061014312686520192 1942.27454 0.4857 0.0323 -2.892 -4.388 0.034 0.033 0.989 "" "" 15.975414 1.439367 16.625956 15.186588 "" "" 1840.1814 2090.83716 7669.74782 2.7206 3055.2 10.822 6676.1 10.034 "" "" 0.0027821061960156936 0.0047513787 0.0041166255 0.008868004 305.33050704555 37.85884857562 1942.27454 -2.8920000000000003 -4.388 0.7507228450775147 1.9227347488403321 0.119994305 0.1189943 "" "" 19.002857994722277 "" 2.263754730972221 ""
305.72946318901 37.17447075898 0.0232 0.026 22.8084 "" "" 2057946434722417792 1948.60376 0.4805 0.0306 -2.467 -5.605 0.031 0.032 1.014 7490.5 3.4235 15.976943 1.974784 16.962406 14.987622 "" "" 1840.43066 2075.31543 7658.95649 3.2455 2241.1 11.713 8018.8 11.033 "" "" 0.002793468435334693 0.0063234116 0.0040639057 0.010387317 305.72946318901 37.17447075898 1948.60376 -2.467000000000001 -5.604999999999999 1.1757228450775146 0.7057347488403316 0.11699431 0.11799431 "" "" 12.6655878884922 "" 1.4851669530786782 ""
305.31220153175 37.72567824579 0.0224 0.0277 17.4216 "" "" 2060989058278236800 1875.92725 0.523 0.0313 -3.548 -6.003 0.031 0.033 1.032 "" "" 15.977724 1.821735 16.86469 15.042955 "" "" 1736.36963 1976.19812 7653.44983 2.8311 2452.1 11.84 7620.4 11.515 "" "" 0.0027844376757160953 0.0059387516 0.0041201203 0.010058872 305.31220153175 37.72567824579 1875.92725 -3.548 -6.003000000000002 0.0947228450775146 0.3077347488403319 0.11699431 0.1189943 "" "" 2.863039643373548 "" 0.340193652331568 ""
305.08628836423 37.10071665437 0.0246 0.0257 25.0817 "" "" 2060583785172752640 1882.98755 0.504 0.032 0.025 -3.916 0.033 0.035 1.057 6538.0 3.9596 15.982465 1.703135 16.788157 15.085021 "" "" 1773.43262 2032.26074 7620.10011 3.2887 2631.2 7.9942 7330.8 12.866 "" "" 0.0027948811803867905 0.0043204864 0.004232586 0.008553073 305.08628836423 37.10071665437 1882.98755 0.025000000000000133 -3.916 3.6677228450775146 2.394734748840332 0.1189943 0.1209943 "" "" 39.09567447144703 "" 4.675669987350387 ""
305.03684263614 37.13653930499 0.0233 0.0242 24.8913 "" "" 2060584884684413440 1746.00146 0.5504 0.0302 -4.316 -6.765 0.031 0.033 0.95 7879.4 4.0723 15.982552 1.588085 16.721834 15.133749 "" "" 1647.95251 1868.66528 7619.49372 2.8188 2796.9 6.1566 7009.0 9.0052 "" "" 0.0027844430357155244 0.0036738121 0.0040286025 0.007702415 305.03684263614 37.13653930499 1746.00146 -4.316000000000001 -6.765000000000001 -0.6732771549224852 -0.45426525115966765 0.11699431 0.1189943 "" "" 6.721755408502891 "" 0.7906371216491079 ""
305.52487922325 37.22521591567 0.0238 0.0273 14.5107 "" "" 2057960556574987904 1919.89685 0.4943 0.0314 -2.402 -5.304 0.035 0.036 0.951 7908.8 3.5207 15.983398 1.79291 16.848043 15.055134 "" "" 1806.71313 2061.07397 7613.55783 3.2208 2490.0 10.69 7535.4 11.86 "" "" 0.002793340246952262 0.0054325247 0.004147756 0.009580281 305.52487922325 37.22521591567 1919.89685 -2.402 -5.304 1.2407228450775145 1.0067347488403318 0.1209943 0.1219943 "" "" 14.540315251769142 "" 1.7650821737126496 ""
305.31343683241 37.193069081 0.0449 0.0458 15.3685 "" "" 2057958185747635456 1708.41382 0.5509 0.046 -2.478 -5.219 0.063 0.068 1.018 "" "" 15.984837 "" "" "" "" "" 1582.14636 1864.1261 7603.4754 5.0976 "" "" "" "" "" "" 0.0028498496237705775 "" "" "" 305.31343683241 37.193069081 1708.41382 -2.4779999999999998 -5.219000000000001 1.1647228450775144 1.0917347488403317 0.1489943 0.1539943 "" "" 12.927384757788628 "" 1.9566023600185984 ""
305.36945572876 37.85812048184 0.0264 0.0317 24.9916 "" "" 2061013625491753984 1634.02417 0.5874 0.0351 -5.431 -5.594 0.036 0.037 0.973 5429.0 3.6272 15.986639 1.876515 16.907604 15.031089 "" "" 1557.63843 1724.65137 7590.86065 3.4838 2357.1 14.973 7704.1 14.516 "" "" 0.002800015584817227 0.0074399286 0.0042975293 0.011737458 305.36945572876 37.85812048184 1634.02417 -5.431000000000001 -5.593999999999999 -1.7882771549224854 0.7167347488403317 0.1219943 0.1229943 "" "" 14.921757172157832 "" 1.8224418752005977 ""
