Clusters/FSR_0904/FSR_0904_stars_in_region.tsv
# %ECSV 1.0
# ---
# datatype:
# - name: RA_ICRS_1
#   unit: deg
#   datatype: float64
#   format: '{:15.11f}'
#   description: Right ascension (ICRS) at Ep=2016.0 (ra)
#   meta: !!omap
#   - {ucd: POS_EQ_RA_MAIN}
#   - {width: 15}
#   - {precision: '11'}
# - name: DE_ICRS_1
#   unit: deg
#   datatype: float64
#   format: '{:15.11f}'
#   description: Declination (ICRS) at Ep=2016.0 (dec)
#   meta: !!omap
#   - {ucd: POS_EQ_DEC_MAIN}
#   - {width: 15}
#   - {precision: '11'}
# - name: e_RA_ICRS
#   unit: mas
#   datatype: float64
#   format: '{:7.4f}'
#   description: Standard error of right ascension (ra_error)
#   meta: !!omap
#   - {ucd: ERROR}
#   - {width: 7}
#   - {precision: '4'}
# - name: e_DE_ICRS
#   unit: mas
#   datatype: float64
#   format: '{:7.4f}'
#   description: Standard error of declination (dec_error)
#   meta: !!omap
#   - {ucd: ERROR}
#   - {width: 7}
#   - {precision: '4'}
# - name: _r_1
#   unit: ''
#   datatype: float64
#   format: '{:7.4f}'
#   description: Distance from center (091.77470717000+19.02419440000)[ICRS], at Epoch=J2016.0
#   meta: !!omap
#   - {ucd: POS_ANG_DIST_GENERAL}
#   - {width: 7}
#   - {precision: '4'}
# - name: HIP
#   datatype: int32
#   description: '? HIP cross-id number, van Leeuwen, Cat. I/311 (hip_original_ext_source_id)'
#   meta: !!omap
#   - {ucd: ID_NUMBER}
#   - {width: 6}
#   - values: {'null': -2147483648}
# - name: TYC2
#   datatype: string
#   description: Tycho-2 cross-id name, Hog et al., Cat. I/259 (tyc2_original_ext_source_id)
#   meta: !!omap
#   - {ucd: ID_CROSSID}
#   - {_votable_string_dtype: char}
# - name: Source
#   datatype: int64
#   description: Source identifier, identical to the Gaia-EDR3 source_id (id)
#   meta: !!omap
#   - {ucd: ID_MAIN}
#   - {width: 19}
# - name: rgeo
#   unit: pc
#   datatype: float64
#   format: '{:15.8f}'
#   description: '? Median of the geometric distance posterior (r_med_geo)'
#   meta: !!omap
#   - {ucd: PHYS_DISTANCE_TRUE}
#   - {width: 15}
#   - {precision: '8'}
#   - values: {'null': .nan}
# - name: Plx
#   unit: mas
#   datatype: float64
#   format: '{:9.4f}'
#   description: '? Parallax (parallax)'
#   meta: !!omap
#   - {ucd: POS_PARLX_TRIG}
#   - {width: 9}
#   - {precision: '4'}
#   - values: {'null': .nan}
# - name: e_Plx
#   unit: mas
#   datatype: float32
#   format: '{:7.4f}'
#   description: '? Standard error of parallax (parallax_error)'
#   meta: !!omap
#   - {ucd: ERROR}
#   - {width: 7}
#   - {precision: '4'}
#   - values: {'null': .nan}
# - name: pmRA
#   unit: mas / yr
#   datatype: float64
#   format: '{:9.3f}'
#   description: '? Proper motion in right ascension direction, pmRA*cosDE (pmra)'
#   meta: !!omap
#   - {ucd: POS_EQ_PMRA}
#   - {width: 9}
#   - {precision: '3'}
#   - values: {'null': .nan}
# - name: pmDE
#   unit: mas / yr
#   datatype: float64
#   format: '{:9.3f}'
#   description: '? Proper motion in declination direction (pmdec)'
#   meta: !!omap
#   - {ucd: POS_EQ_PMDEC}
#   - {width: 9}
#   - {precision: '3'}
#   - values: {'null': .nan}
# - name: e_pmRA
#   unit: mas / yr
#   datatype: float32
#   format: '{:6.3f}'
#   description: '? Standard error of proper motion in right ascension direction (pmra_error)'
#   meta: !!omap
#   - {ucd: ERROR}
#   - {width: 6}
#   - {precision: '3'}
#   - values: {'null': .nan}
# - name: e_pmDE
[...]
#         unit: &id001 !astropy.units.Unit {unit: deg}
#         value: !astropy.table.SerializedColumn {name: SkyCoord.dec}
#       distance: !astropy.table.SerializedColumn
#         __class__: astropy.coordinates.distances.Distance
#         unit: !astropy.units.Unit {unit: pc}
#         value: !astropy.table.SerializedColumn {name: SkyCoord.distance}
#       frame: icrs
#       obstime: !astropy.time.Time {format: jyear_str, in_subfmt: '*', jd1: 367701545.0, jd2: 0.0, out_subfmt: '*', precision: 3, scale: tt}
#       pm_dec: !astropy.table.SerializedColumn
#         __class__: astropy.units.quantity.Quantity
#         unit: !astropy.units.Unit {unit: mas / yr}
#         value: !astropy.table.SerializedColumn {name: SkyCoord.pm_dec}
#       pm_ra_cosdec: !astropy.table.SerializedColumn
#         __class__: astropy.units.quantity.Quantity
#         unit: !astropy.units.Unit {unit: mas / yr}
#         value: !astropy.table.SerializedColumn {name: SkyCoord.pm_ra_cosdec}
#       ra: !astropy.table.SerializedColumn
#         __class__: astropy.coordinates.angles.Longitude
#         unit: *id001
#         value: !astropy.table.SerializedColumn {name: SkyCoord.ra}
#         wrap_angle: !astropy.coordinates.Angle
#           unit: *id001
#           value: 360.0
#       representation_type: spherical
# schema: astropy-2.0
RA_ICRS_1 DE_ICRS_1 e_RA_ICRS e_DE_ICRS _r_1 HIP TYC2 Source rgeo Plx e_Plx pmRA pmDE e_pmRA e_pmDE RUWE Teff logg Gmag BP-RP BPmag RPmag RV e_RV b_rgeo B_rgeo FG e_FG FBP e_FBP FRP e_FRP RAVE5 RAVE6 e_Gmag e_BPmag e_RPmag e_BP-RP SkyCoord.ra SkyCoord.dec SkyCoord.distance SkyCoord.pm_ra_cosdec SkyCoord.pm_dec
[from data line 122]
91.48013745499 18.98233118191 0.0214 0.0183 16.8987 "" "" 3374430258282047616 1881.95557 0.4896 0.026 2.004 -2.498 0.028 0.02 1.038 7955.3 4.0614 14.74296 0.981323 15.146525 14.165202 "" "" 1783.22217 1979.11145 23865.07143 7.0278 11935.0 18.282 17103.0 27.741 "" "" 0.0027738088502874047 0.0032482366 0.0041695395 0.007417776 91.48013745499 18.98233118191 1881.95557 2.0039999999999996 -2.498
91.82713400597 19.20380029753 0.0246 0.0222 11.1787 "" "" 3374486780050993920 2071.79004 0.4375 0.0277 -1.074 -2.159 0.029 0.023 1.08 "" "" 14.744032 1.799345 15.609093 13.809748 "" "" 1972.51379 2205.26758 23841.51883 7.596 7794.3 18.913 23728.0 16.542 "" "" 0.0027769497447147538 0.0038374392 0.0038544335 0.007691873 91.82713400597 19.20380029753 2071.79004 -1.0739999999999998 -2.159
91.66433309068 18.77537053766 0.0226 0.0197 16.1908 "" "" 3374377069407395072 1613.32422 0.5799 0.0267 -1.377 -3.502 0.029 0.02 1.043 7107.4 4.2295 14.757876 1.134893 15.235756 14.100863 -10.19 10.37 1552.7771 1677.28967 23539.45277 7.698 10993.0 15.492 18147.0 18.058 "" "" 0.0027781035593595674 0.0031821704 0.0039307782 0.0071129487 91.66433309068 18.77537053766 1613.32422 -1.3770000000000002 -3.502
91.39853408601 18.96938149788 0.0217 0.0184 21.593 "" "" 3374429639806786048 1851.50952 0.4958 0.0249 2.447 -1.359 0.029 0.022 1.083 7978.5 4.0916 14.766783 1.007246 15.168031 14.160785 "" "" 1782.94275 1938.02063 23347.13587 6.7192 11701.0 32.492 17173.0 58.449 "" "" 0.0027729815864453557 0.0041079037 0.0052857655 0.00939367 91.39853408601 18.96938149788 1851.50952 2.4470000000000005 -1.3589999999999998
91.73074463362 19.01886163406 0.0219 0.0193 2.5142 "" "" 3374388992236182400 1635.21497 0.5701 0.0258 3.071 -8.076 0.028 0.021 1.027 5408.2 3.5432 14.804458 1.581859 15.540108 13.958249 124.86 6.05 1570.90674 1712.03577 22550.88194 7.2777 8305.7 14.351 20695.0 31.357 "" "" 0.0027775104626062983 0.0033621988 0.0041219043 0.007484103 91.73074463362 19.01886163406 1635.21497 3.0710000000000006 -8.076
91.6643934833 19.00178933887 0.0224 0.02 6.4005 "" "" 3374389267114115840 1639.58362 0.567 0.0269 3.153 0.827 0.029 0.021 1.022 6707.6 4.0288 14.811676 1.301432 15.381618 14.080186 43.83 7.71 1573.01147 1711.79993 22401.46387 6.282 9611.0 27.505 18496.0 24.494 "" "" 0.0027720916215976245 0.0041760816 0.004043645 0.008219726 91.6643934833 19.00178933887 1639.58362 3.153000000000001 0.827
91.55415563086 18.88319757666 0.0216 0.0199 15.1066 "" "" 3374381742331481856 2082.22021 0.4373 0.0283 -0.12 -4.63 0.026 0.019 1.091 7121.6 3.8957 14.811953 1.337495 15.401938 14.064443 33.02 11.98 1977.9989 2199.72119 22395.76391 6.8267 9432.8 13.68 18766.0 18.589 "" "" 0.002775125362059975 0.0032038116 0.0039294297 0.0071332413 91.55415563086 18.88319757666 2082.22021 -0.12 -4.63
91.90648089022 18.99397876957 0.031 0.0268 7.692 "" "" 3374386552695113984 2104.63892 0.4327 0.0348 0.181 -2.671 0.042 0.03 1.318 9476.0 3.5337 14.812162 1.246556 15.348493 14.101936 "" "" 1951.20618 2266.41187 22391.42683 6.5204 9908.8 18.454 18129.0 18.511 "" "" 0.002773400634617817 0.0034458337 0.0039386232 0.0073844567 91.90648089022 18.99397876957 2104.63892 0.181 -2.671
91.50893297199 19.27230855122 0.0246 0.0209 21.1789 "" "" 3374456371683101184 1689.62903 0.5525 0.0268 0.688 -3.086 0.028 0.021 1.032 8264.2 4.2551 14.819223 0.930003 15.195576 14.265573 "" "" 1618.5979 1776.05432 22246.2749 7.084 11407.0 13.137 15593.0 20.783 "" "" 0.002776926955945549 0.0030575397 0.004046958 0.0071044974 91.50893297199 19.27230855122 1689.62903 0.6880000000000001 -3.0860000000000003
91.66158387679 18.67236072603 0.0215 0.0186 22.0657 "" "" 3374362122921218304 2354.77563 0.3823 0.0252 0.449 -3.567 0.029 0.02 0.952 9222.0 3.5471 14.824144 1.116405 15.292438 14.176033 "" "" 2209.48682 2507.22339 22145.67174 6.5409 10434.0 19.021 16933.0 28.8 "" "" 0.0027739188127641175 0.0034209047 0.0042064018 0.0076273065 91.66158387679 18.67236072603 2354.77563 0.44900000000000007 -3.5669999999999997
91.56968802794 19.14790926282 0.0242 0.02 13.7927 "" "" 3374441493916413568 1606.06238 0.5835 0.0289 1.388 0.42 0.031 0.02 1.008 6889.6 4.1493 14.829998 1.200681 15.340344 14.139664 -3.03 10.24 1542.01282 1677.21753 22026.59427 7.966 9983.4 21.961 17510.0 19.758 "" "" 0.0027831585842080166 0.0036727733 0.003972992 0.0076457653 91.56968802794 19.14790926282 1606.06238 1.3880000000000001 0.42
91.50785381303 19.26221176678 0.0229 0.0195 20.8024 "" "" 3374456298666521728 1704.922 0.5503 0.0255 -0.216 -3.768 0.028 0.021 1.033 "" "" 14.830385 1.170752 15.323951 14.153199 "" "" 1641.07617 1771.42175 22018.74064 10.086 10135.0 22.77 17293.0 21.483 "" "" 0.0027998452683580593 0.0037061013 0.0040128543 0.0077189556 91.50785381303 19.26221176678 1704.922 -0.21599999999999997 -3.768
91.88156088426 19.19372594781 0.3276 0.3046 11.8392 "" "" 3374486573892551552 1986.5387 0.7927 0.3984 -0.231 -10.278 0.386 0.309 13.52 5555.4 3.7051 14.83325 1.12685 15.260975 14.134125 44.91 8.9 1083.30566 5886.69092 21960.73614 62.367 10741.0 21.109 17600.0 25.022 "" "" 0.004135123798898564 0.0035125513 0.004082452 0.0075950036 91.88156088426 19.19372594781 1986.5387 -0.23100000000000004 -10.278
91.56792809532 18.90785930457 0.0225 0.0202 13.6525 "" "" 3374382635684668416 1719.53833 0.5381 0.028 1.544 -3.862 0.028 0.02 1.14 7085.0 4.0833 14.844779 1.226562 15.373637 14.147076 34.53 13.35 1651.21729 1800.90125 21728.77795 6.9624 9681.9 15.605 17391.0 20.549 "" "" 0.0027771964671638788 0.003293539 0.003991183 0.007284722 91.56792809532 18.90785930457 1719.53833 1.5439999999999998 -3.8619999999999997
91.74673044573 18.70239684576 0.0258 0.0215 19.3731 "" "" 3374363875267861504 2017.70093 0.4497 0.03 2.945 -3.354 0.034 0.024 1.124 5045.1 3.3599 14.852955 1.633047 15.625345 13.992298 59.0 7.59 1920.75623 2166.16455 21565.76684 6.1702 7678.5 30.528 20056.0 25.431 "" "" 0.0027727760769806122 0.0051398897 0.004022321 0.009162211 91.74673044573 18.70239684576 2017.70093 2.9449999999999994 -3.3539999999999996
91.5188315725 19.04124755263 0.0225 0.0194 14.5493 "" "" 3374431667031290624 1898.84167 0.4912 0.0263 -0.304 -2.826 0.029 0.02 0.962 9502.0 4.3733 14.859671 0.87372 15.207206 14.333486 "" "" 1822.00134 1997.76807 21432.77163 8.2277 11286.0 16.413 14648.0 19.388 "" "" 0.00278666628766516 0.0032059595 0.0040433784 0.0072493376 91.5188315725 19.04124755263 1898.84167 -0.30400000000000005 -2.8260000000000005
91.66794447594 19.29865757359 0.0441 0.0383 17.5443 "" "" 3374538044780657280 1898.96631 0.4962 0.0516 0.791 -3.515 0.053 0.041 1.808 8998.6 4.1673 14.864605 1.010387 15.272236 14.261848 "" "" 1734.95496 2115.17065 21335.60473 7.8337 10630.0 18.606 15647.0 20.199 "" "" 0.0027840092016334977 0.003375878 0.0040309057 0.0074067838 91.66794447594 19.29865757359 1898.96631 0.7909999999999999 -3.5150000000000006
91.90987984903 19.23920496792 0.023 0.0215 15.0046 "" "" 3374488291879445888 1783.45874 0.5229 0.0286 -2.141 -6.564 0.027 0.021 0.964 5152.6 2.9362 14.867487 1.744796 15.709242 13.964446 19.17 6.38 1673.36768 1917.17041 21279.04415 6.6145 7107.6 24.265 20577.0 18.098 "" "" 0.0027759130502897165 0.004639429 0.0038981563 0.008537585 91.90987984903 19.23920496792 1783.45874 -2.141 -6.564000000000002
91.9025930795 18.8392930363 0.0257 0.0221 13.2574 "" "" 3374371159532349696 2029.76624 0.4466 0.0286 0.093 -2.648 0.034 0.025 1.141 9105.3 4.1954 14.887172 1.184453 15.389041 14.204588 "" "" 1916.03113 2161.95117 20896.70977 6.6867 9545.5 20.51 16494.0 19.983 "" "" 0.002777137365620251 0.0036369422 0.004001751 0.0076386933 91.9025930795 18.8392930363 2029.76624 0.093 -2.6479999999999997
91.9237969853 19.26970786499 0.025 0.0224 16.9826 "" "" 3374488910354721920 1653.66467 0.565 0.0284 -0.249 2.315 0.028 0.023 1.004 5532.3 3.6746 14.90707 1.521359 15.609625 14.088266 -13.46 6.67 1578.1936 1724.76123 20517.23499 6.0191 7790.5 12.129 18359.0 16.761 "" "" 0.0027736698711678495 0.0032622735 0.003907207 0.0071694804 91.9237969853 19.26970786499 1653.66467 -0.249 2.315
91.73779707204 19.06431561477 0.0243 0.0217 3.1902 "" "" 3374391431777586688 2095.43091 0.4387 0.0282 -0.107 -1.158 0.031 0.024 1.123 8599.2 3.3275 14.907408 1.275819 15.458677 14.182858 "" "" 1982.28796 2224.14624 20510.84483 5.7795 8952.5 14.116 16827.0 17.389 "" "" 0.002772252951184849 0.003273504 0.0039424114 0.0072159152 91.73779707204 19.06431561477 2095.43091 -0.107 -1.1580000000000001
91.54091084239 18.90821638258 0.0228 0.0201 14.9805 "" "" 3374382601324937472 1783.07263 0.5243 0.0281 -0.588 -0.026 0.028 0.02 1.012 6864.9 4.0913 14.922425 1.231317 15.452702 14.221386 39.59 7.61 1696.99683 1853.57764 20229.10226 5.9276 9001.9 12.279 16241.0 16.57 "" "" 0.002773626927612253 0.0031588587 0.0039383746 0.007097233 91.54091084239 18.90821638258 1783.07263 -0.588 -0.026000000000000002
91.38177244728 19.01588759158 0.033 0.0278 22.2945 "" "" 3374432972698036992 2060.09106 0.4522 0.0357 -0.044 -1.578 0.041 0.03 1.243 "" "" 14.94729 "" "" "" "" "" 1909.12866 2248.31909 19771.09689 21.691 "" "" "" "" "" "" 0.0030017780104961084 "" "" "" 91.38177244728 19.01588759158 2060.09106 -0.04400000000000001 -1.5779999999999998
91.82267064637 19.04980295198 0.0241 0.0208 3.1243 "" "" 3374387824005035520 2252.35425 0.3968 0.0262 -1.495 -0.629 0.031 0.024 1.03 7017.6 3.5257 14.972275 2.280742 16.17676 13.896018 12.43 3.55 2128.99731 2375.38965 19321.31416 6.9145 4620.8 11.413 21915.0 24.485 "" "" 0.0027825818154437053 0.0038699429 0.003969288 0.007839231 91.82267064637 19.04980295198 2252.35425 -1.495 -0.629
91.80006501924 18.66111507961 0.0253 0.022 21.8323 "" "" 3374360576732977152 1830.57922 0.497 0.0301 0.171 -1.506 0.034 0.025 1.073 7866.2 4.3606 14.974817 0.949951 15.361024 14.411073 "" "" 1743.02686 1941.74548 19276.12149 6.9689 9795.1 23.114 13637.0 18.167 "" "" 0.0027831396631009704 0.0037880389 0.0040467028 0.007834742 91.80006501924 18.66111507961 1830.57922 0.17100000000000004 -1.506
91.76083612019 18.76505577496 0.0252 0.0218 15.5682 "" "" 3374365455815816320 1864.25159 0.4928 0.029 0.927 0.274 0.033 0.025 1.013 8803.6 4.2052 14.976192 1.070527 15.421216 14.350689 "" "" 1775.15747 1967.47693 19251.74794 6.1935 9266.8 22.365 14417.0 16.309 "" "" 0.0027773719996322345 0.0038277165 0.003973947 0.007801663 91.76083612019 18.76505577496 1864.25159 0.927 0.27399999999999997
91.64943630755 19.06062364436 0.0238 0.0215 7.4336 "" "" 3374437061510169856 2001.49634 0.4569 0.0287 -0.402 -1.161 0.031 0.022 0.977 7854.3 3.7589 14.983699 1.004394 15.393269 14.388875 "" "" 1899.80652 2129.80811 19119.09207 5.9419 9508.4 16.265 13919.0 16.858 "" "" 0.002775904845322749 0.0033517808 0.004001615 0.007353396 91.64943630755 19.06062364436 2001.49634 -0.40199999999999997 -1.161
91.78118387415 19.01395838015 0.0238 0.0209 0.7157 "" "" 3374387274249248896 1991.12134 0.4614 0.0279 -0.772 -1.07 0.031 0.024 1.027 9500.6 4.152 14.9857 1.081963 15.437624 14.355661 "" "" 1866.63062 2124.84204 19083.89335 6.0322 9127.8 18.116 14351.0 23.309 "" "" 0.0027766108694605046 0.003525408 0.0041705538 0.0076959617 91.78118387415 19.01395838015 1991.12134 -0.772 -1.0699999999999998
91.93365313679 18.68349848245 0.0258 0.0231 22.3454 "" "" 3374366005571618304 2004.23035 0.4582 0.0292 0.133 -2.541 0.033 0.025 0.986 9456.9 3.8903 14.987125 0.987348 15.387467 14.40012 "" "" 1902.11987 2136.74854 19058.84541 6.3028 9559.4 27.49 13776.0 21.261 "" "" 0.0027786165745512883 0.0041873055 0.0041341926 0.008321498 91.93365313679 18.68349848245 2004.23035 0.13300000000000006 -2.541
91.72801214375 19.30765277298 0.0267 0.0231 17.2122 "" "" 3374538285298802304 1923.92773 0.4826 0.0291 1.705 -0.488 0.033 0.025 1.081 8271.5 4.2245 14.987254 1.172942 15.486164 14.313222 "" "" 1816.56348 2059.11108 19056.57891 5.7721 8728.7 18.251 14923.0 21.895 "" "" 0.0027748764625800016 0.003597053 0.004101383 0.0076984363 91.72801214375 19.30765277298 1923.92773 1.7049999999999998 -0.48800000000000004
91.64645431549 18.76172904351 0.0247 0.0209 17.3495 "" "" 3374375557578910976 1854.0105 0.5014 0.0289 0.64 0.601 0.034 0.023 1.02 6434.6 3.9704 14.987355 1.375031 15.598203 14.223172 39.92 14.3 1759.39636 1954.62842 19054.81095 6.147 7872.9 28.373 16214.0 17.452 "" "" 0.002777492956636254 0.0048057837 0.003955937 0.008761721 91.64645431549 18.76172904351 1854.0105 0.6400000000000001 0.6009999999999999
91.74081365787 18.99274453718 0.0296 0.0262 2.694 "" "" 3374388717358280704 1884.88403 0.4903 0.0359 -0.427 -1.216 0.038 0.029 1.349 9039.7 3.6551 14.989465 0.960183 15.361639 14.401456 "" "" 1770.03552 2014.76709 19017.83142 6.5553 9789.5 24.243 13759.0 20.493 "" "" 0.0027806201904378414 0.003874844 0.004110817 0.007985661 91.74081365787 18.99274453718 1884.88403 -0.42700000000000005 -1.2160000000000002
91.55156110141 19.12268836617 0.0244 0.0212 13.9657 "" "" 3374438367180237824 2218.83813 0.4042 0.0293 3.886 -6.964 0.032 0.022 0.955 4867.6 2.4147 14.996183 2.565766 16.410088 13.844321 -2.62 3.58 2075.68433 2373.96851 18900.51151 9.9862 3727.2 14.955 22984.0 22.159 "" "" 0.0028144039881850542 0.005173325 0.0039216634 0.009094989 91.55156110141 19.12268836617 2218.83813 3.8859999999999997 -6.9639999999999995
91.44040328492 18.8972088394 0.0234 0.0201 20.4428 "" "" 3374428192400142336 1711.99292 0.5432 0.0281 1.426 -3.486 0.031 0.024 1.105 9193.0 4.3659 15.012551 0.950999 15.395541 14.444542 "" "" 1624.98279 1816.33606 18617.71349 5.9503 9488.6 22.957 13223.0 21.253 "" "" 0.002777085248847467 0.0038321605 0.004162814 0.007994974 91.44040328492 18.8972088394 1711.99292 1.426 -3.486
91.94043034563 19.36700962318 0.0319 0.0287 22.6111 "" "" 3374542374107590144 1673.20154 0.5537 0.0376 -0.431 -4.03 0.035 0.029 1.099 7826.2 3.8337 15.018375 1.084139 15.47239 14.388251 "" "" 1589.63403 1779.11255 18518.10086 6.6539 8840.2 21.082 13927.0 18.069 "" "" 0.002782802035632121 0.0038064767 0.004033361 0.007839838 91.94043034563 19.36700962318 1673.20154 -0.4309999999999999 -4.03
91.84307376153 19.21785425596 0.0285 0.0273 12.2489 "" "" 3374486917489938176 1725.84094 0.5372 0.0322 0.309 -1.34 0.031 0.027 0.966 9453.0 4.3127 15.019485 0.851038 15.357537 14.506499 "" "" 1636.63892 1814.96582 18499.17965 7.0143 9826.6 20.292 12490.0 17.201 "" "" 0.0027859050595962368 0.0035793644 0.004064421 0.0076437853 91.84307376153 19.21785425596 1725.84094 0.3089999999999999 -1.3400000000000005
91.78683948484 19.04386295594 0.025 0.0215 1.3661 "" "" 3374390435345558528 1941.43787 0.4743 0.0284 -0.53 -1.085 0.033 0.024 0.967 9949.9 4.3022 15.026068 0.963708 15.412039 14.448331 "" "" 1854.01123 2046.60742 18387.3698 6.6483 9345.5 20.373 13177.0 22.945 "" "" 0.002783145582402092 0.0036588497 0.0042258766 0.007884726 91.78683948484 19.04386295594 1941.43787 -0.5299999999999999 -1.0849999999999997
91.79265817835 19.38653629052 0.0293 0.0252 21.7643 "" "" 3374540587401227776 1799.46362 0.5072 0.0335 1.618 1.628 0.035 0.027 1.181 5133.1 3.4753 15.029734 1.852148 15.939661 14.087513 56.9 8.16 1703.01379 1901.91077 18325.38713 6.626 5748.5 13.643 18372.0 24.84 "" "" 0.002783146506641634 0.0037980145 0.004054465 0.00785248 91.79265817835 19.38653629052 1799.46362 1.618 1.6280000000000001
91.86896419515 19.0393008514 0.0252 0.0218 5.4226 "" "" 3374387682269740032 1848.72388 0.4953 0.0271 0.804 -0.02 0.032 0.025 0.954 7960.4 3.8751 15.036653 1.367204 15.643744 14.276541 "" "" 1761.01184 1952.07715 18208.96296 7.8085 7549.5 19.452 15436.0 24.797 "" "" 0.002794381232548137 0.003951084 0.0041624336 0.008113517 91.86896419515 19.0393008514 1848.72388 0.804 -0.020000000000000004
