Clusters/FSR_0904/FSR_0904_stars_in_region.tsv
# %ECSV 1.0
# ---
# datatype:
# - name: RA_ICRS_1
#   unit: deg
#   datatype: float64
#   format: '{:15.11f}'
#   description: Right ascension (ICRS) at Ep=2016.0 (ra)
#   meta: !!omap
#   - {ucd: POS_EQ_RA_MAIN}
#   - {width: 15}
#   - {precision: '11'}
# - name: DE_ICRS_1
#   unit: deg
#   datatype: float64
#   format: '{:15.11f}'
#   description: Declination (ICRS) at Ep=2016.0 (dec)
#   meta: !!omap
#   - {ucd: POS_EQ_DEC_MAIN}
#   - {width: 15}
#   - {precision: '11'}
# - name: e_RA_ICRS
#   unit: mas
#   datatype: float64
#   format: '{:7.4f}'
#   description: Standard error of right ascension (ra_error)
#   meta: !!omap
#   - {ucd: ERROR}
#   - {width: 7}
#   - {precision: '4'}
# - name: e_DE_ICRS
#   unit: mas
#   datatype: float64
#   format: '{:7.4f}'
#   description: Standard error of declination (dec_error)
#   meta: !!omap
#   - {ucd: ERROR}
#   - {width: 7}
#   - {precision: '4'}
# - name: _r_1
#   unit: ''
#   datatype: float64
#   format: '{:7.4f}'
#   description: Distance from center (091.77470717000+19.02419440000)[ICRS], at Epoch=J2016.0
#   meta: !!omap
#   - {ucd: POS_ANG_DIST_GENERAL}
#   - {width: 7}
#   - {precision: '4'}
# - name: HIP
#   datatype: int32
#   description: '? HIP cross-id number, van Leeuwen, Cat. I/311 (hip_original_ext_source_id)'
#   meta: !!omap
#   - {ucd: ID_NUMBER}
#   - {width: 6}
#   - values: {'null': -2147483648}
# - name: TYC2
#   datatype: string
#   description: Tycho-2 cross-id name, Hog et al., Cat. I/259 (tyc2_original_ext_source_id)
#   meta: !!omap
#   - {ucd: ID_CROSSID}
#   - {_votable_string_dtype: char}
# - name: Source
#   datatype: int64
#   description: Source identifier, identical to the Gaia-EDR3 source_id (id)
#   meta: !!omap
#   - {ucd: ID_MAIN}
#   - {width: 19}
# - name: rgeo
#   unit: pc
#   datatype: float64
#   format: '{:15.8f}'
#   description: '? Median of the geometric distance posterior (r_med_geo)'
#   meta: !!omap
#   - {ucd: PHYS_DISTANCE_TRUE}
#   - {width: 15}
#   - {precision: '8'}
#   - values: {'null': .nan}
# - name: Plx
#   unit: mas
#   datatype: float64
#   format: '{:9.4f}'
#   description: '? Parallax (parallax)'
#   meta: !!omap
#   - {ucd: POS_PARLX_TRIG}
#   - {width: 9}
#   - {precision: '4'}
#   - values: {'null': .nan}
# - name: e_Plx
#   unit: mas
#   datatype: float32
#   format: '{:7.4f}'
#   description: '? Standard error of parallax (parallax_error)'
#   meta: !!omap
#   - {ucd: ERROR}
#   - {width: 7}
#   - {precision: '4'}
#   - values: {'null': .nan}
# - name: pmRA
#   unit: mas / yr
#   datatype: float64
#   format: '{:9.3f}'
#   description: '? Proper motion in right ascension direction, pmRA*cosDE (pmra)'
#   meta: !!omap
#   - {ucd: POS_EQ_PMRA}
#   - {width: 9}
#   - {precision: '3'}
#   - values: {'null': .nan}
# - name: pmDE
#   unit: mas / yr
#   datatype: float64
#   format: '{:9.3f}'
#   description: '? Proper motion in declination direction (pmdec)'
#   meta: !!omap
#   - {ucd: POS_EQ_PMDEC}
#   - {width: 9}
#   - {precision: '3'}
#   - values: {'null': .nan}
# - name: e_pmRA
#   unit: mas / yr
#   datatype: float32
#   format: '{:6.3f}'
#   description: '? Standard error of proper motion in right ascension direction (pmra_error)'
#   meta: !!omap
#   - {ucd: ERROR}
#   - {width: 6}
#   - {precision: '3'}
#   - values: {'null': .nan}
# - name: e_pmDE
[...]
#         unit: &id001 !astropy.units.Unit {unit: deg}
#         value: !astropy.table.SerializedColumn {name: SkyCoord.dec}
#       distance: !astropy.table.SerializedColumn
#         __class__: astropy.coordinates.distances.Distance
#         unit: !astropy.units.Unit {unit: pc}
#         value: !astropy.table.SerializedColumn {name: SkyCoord.distance}
#       frame: icrs
#       obstime: !astropy.time.Time {format: jyear_str, in_subfmt: '*', jd1: 367701545.0, jd2: 0.0, out_subfmt: '*', precision: 3, scale: tt}
#       pm_dec: !astropy.table.SerializedColumn
#         __class__: astropy.units.quantity.Quantity
#         unit: !astropy.units.Unit {unit: mas / yr}
#         value: !astropy.table.SerializedColumn {name: SkyCoord.pm_dec}
#       pm_ra_cosdec: !astropy.table.SerializedColumn
#         __class__: astropy.units.quantity.Quantity
#         unit: !astropy.units.Unit {unit: mas / yr}
#         value: !astropy.table.SerializedColumn {name: SkyCoord.pm_ra_cosdec}
#       ra: !astropy.table.SerializedColumn
#         __class__: astropy.coordinates.angles.Longitude
#         unit: *id001
#         value: !astropy.table.SerializedColumn {name: SkyCoord.ra}
#         wrap_angle: !astropy.coordinates.Angle
#           unit: *id001
#           value: 360.0
#       representation_type: spherical
# schema: astropy-2.0
RA_ICRS_1 DE_ICRS_1 e_RA_ICRS e_DE_ICRS _r_1 HIP TYC2 Source rgeo Plx e_Plx pmRA pmDE e_pmRA e_pmDE RUWE Teff logg Gmag BP-RP BPmag RPmag RV e_RV b_rgeo B_rgeo FG e_FG FBP e_FBP FRP e_FRP RAVE5 RAVE6 e_Gmag e_BPmag e_RPmag e_BP-RP SkyCoord.ra SkyCoord.dec SkyCoord.distance SkyCoord.pm_ra_cosdec SkyCoord.pm_dec
[from data line 449]
91.89257671908 19.10038151441 0.0655 0.0577 8.098 "" "" 3374481965391186560 2096.39258 0.4588 0.0701 -0.498 -1.098 0.076 0.061 1.347 5829.0 4.5859 16.405811 1.427603 17.030523 15.602921 "" "" 1888.88586 2368.58569 5159.67506 5.0112 2104.8 23.22 4549.8 14.83 "" "" 0.002950210988597173 0.012298447 0.005177627 0.017476074 91.89257671908 19.10038151441 2096.39258 -0.498 -1.098
91.95379722849 19.33283095479 0.1397 0.1339 21.117 "" "" 3374541957494583808 1737.31787 0.6127 0.1212 -2.886 0.551 0.122 0.104 1.324 "" "" 16.406944 1.782129 16.528872 14.746742 "" "" 1477.93457 2252.34424 5154.29658 7.4034 3340.9 93.897 10011.0 39.073 "" "" 0.0031660445387684017 0.03064224 0.0056781406 0.03632038 91.95379722849 19.33283095479 1737.31787 -2.8860000000000006 0.551
91.94389545674 19.23839445964 0.0508 0.0446 16.036 "" "" 3374487845202836480 1651.34644 0.5833 0.0595 -1.055 -4.301 0.058 0.046 0.996 5765.6 4.5885 16.407295 1.353571 17.022427 15.668856 "" "" 1516.41162 1844.87366 5152.62652 3.1729 2120.5 38.084 4281.7 40.503 "" "" 0.0028352752624694008 0.019698337 0.010943887 0.030642223 91.94389545674 19.23839445964 1651.34644 -1.055 -4.301
91.74599456222 18.69641133368 0.0728 0.0613 19.7344 "" "" 3374363875264912256 1874.23022 0.5223 0.0818 -0.735 -4.103 0.095 0.068 1.518 "" "" 16.414326 "" "" "" "" "" 1646.29846 2176.62646 5119.37193 8.2655 "" "" "" "" "" "" 0.003265689133641826 "" "" "" 91.74599456222 18.69641133368 1874.23022 -0.735 -4.103
91.67388154066 18.98659641717 0.0456 0.0417 6.1486 "" "" 3374388511199874176 1702.73596 0.5508 0.0563 -1.747 -5.467 0.058 0.042 0.998 5550.8 4.652 16.421345 1.312525 17.002264 15.689739 "" "" 1554.47498 1857.90417 5086.37918 2.5673 2160.3 12.704 4200.1 14.514 "" "" 0.0028092898573167688 0.006967881 0.005325459 0.012293341 91.67388154066 18.98659641717 1702.73596 -1.747 -5.467
91.60978256872 19.05809505623 0.0518 0.0447 9.5726 "" "" 3374436992790706816 1874.45996 0.5044 0.0624 -1.099 -1.112 0.068 0.047 1.084 7139.9 4.5696 16.423485 1.502473 17.11277 15.610297 "" "" 1704.20911 2142.79907 5076.36144 3.0865 1951.2 10.554 4519.0 10.793 "" "" 0.002833298113379111 0.006501841 0.0045834538 0.011085294 91.60978256872 19.05809505623 1874.45996 -1.0990000000000002 -1.112
91.58832914409 19.30214223163 0.0518 0.0442 19.7407 "" "" 3374445136048618752 1864.10681 0.5275 0.0562 0.175 -2.486 0.067 0.046 0.977 9051.0 4.3791 16.42748 1.508576 17.12022 15.611644 "" "" 1667.94226 2008.297 5057.71214 2.8535 1937.9 11.551 4513.4 19.742 "" "" 0.00282259068575256 0.007047469 0.0060694083 0.0131168775 91.58832914409 19.30214223163 1864.10681 0.17500000000000002 -2.4860000000000007
91.96272332395 19.04093368912 0.0533 0.0463 10.7115 "" "" 3374480526578831360 1655.08154 0.5877 0.0579 2.077 -3.836 0.066 0.051 0.962 5584.1 4.5732 16.428034 1.479129 17.10764 15.62851 "" "" 1513.34094 1836.48779 5055.14075 3.2077 1960.5 15.661 4443.8 10.072 "" "" 0.0028401470271342787 0.009110906 0.0045099356 0.013620842 91.96272332395 19.04093368912 1655.08154 2.077 -3.8359999999999994
91.84114176768 19.16032224472 0.0526 0.0484 8.9944 "" "" 3374486402093883136 1715.28247 0.5493 0.0622 2.676 -1.562 0.062 0.048 1.014 5435.8 4.6528 16.42979 1.276919 16.994278 15.717359 "" "" 1548.13916 1905.75293 5046.96852 3.4616 2176.2 13.193 4094.6 15.786 "" "" 0.002854179388586692 0.007149126 0.005639607 0.0127887335 91.84114176768 19.16032224472 1715.28247 2.676 -1.5619999999999998
91.64218869682 19.01630544119 0.0467 0.0426 7.5319 "" "" 3374389537695588480 1619.63025 0.6087 0.0571 2.514 -3.724 0.059 0.042 0.941 5303.5 4.63 16.43318 1.310227 17.010002 15.699775 "" "" 1469.75647 1796.28589 5031.23541 3.7965 2144.9 11.309 4161.5 15.22 "" "" 0.002874545414617582 0.006368323 0.0054819505 0.011850273 91.64218869682 19.01630544119 1619.63025 2.5140000000000002 -3.724
91.42251428057 18.87519193137 0.0484 0.0419 21.8947 "" "" 3374427784380936704 1761.65491 0.5511 0.0577 0.554 -0.138 0.064 0.049 1.095 5515.9 4.6629 16.440948 1.248483 16.981808 15.733325 "" "" 1593.75671 1937.99658 4995.36635 2.6243 2201.4 20.8 4034.9 34.61 "" "" 0.002813739848534708 0.010631285 0.010050727 0.02068201 91.42251428057 18.87519193137 1761.65491 0.554 -0.138
91.72865750279 19.05779777257 0.047 0.0407 3.2995 "" "" 3374391328698377856 1976.55103 0.4723 0.0541 -0.547 -1.128 0.059 0.044 0.922 7607.1 4.4232 16.441076 1.52126 17.136965 15.615705 "" "" 1750.41455 2248.55591 4994.77797 3.582 1908.2 15.689 4496.5 15.653 "" "" 0.0028632256736041257 0.009352688 0.0053450163 0.014697704 91.72865750279 19.05779777257 1976.55103 -0.547 -1.1280000000000001
91.68167354564 19.3505560782 0.0546 0.048 20.279 "" "" 3374539380514216320 1757.73877 0.5559 0.0641 -1.601 2.035 0.065 0.049 1.013 5747.4 4.6146 16.44187 1.375084 17.051434 15.67635 "" "" 1592.11475 1946.98096 4991.13383 3.2758 2064.6 13.325 4252.2 15.107 "" "" 0.002845976160835155 0.0075424397 0.0054002646 0.012942704 91.68167354564 19.3505560782 1757.73877 -1.6010000000000002 2.035
91.7015077667 19.3302713057 0.0636 0.0557 18.8273 "" "" 3374538555880480000 2210.39966 0.4316 0.0747 1.725 -0.468 0.076 0.057 1.092 5409.9 4.3374 16.441952 1.695017 17.231155 15.536139 "" "" 1894.72815 2621.20679 4990.75444 4.5716 1749.7 11.216 4838.4 13.922 "" "" 0.002929320362985289 0.007498286 0.0049034366 0.012401722 91.7015077667 19.3302713057 2210.39966 1.725 -0.4680000000000001
91.70105486363 18.9542389987 0.0487 0.0432 5.9227 "" "" 3374388163305982592 1702.79626 0.5545 0.0605 3.832 -3.511 0.064 0.045 0.933 5272.1 4.6295 16.443274 1.325298 17.037848 15.712549 "" "" 1557.96924 1886.18823 4984.67703 2.7877 2090.6 9.7466 4112.8 14.904 "" "" 0.002821432947354343 0.0057798824 0.005455641 0.011235524 91.70105486363 18.9542389987 1702.79626 3.8319999999999994 -3.511
91.95968188084 19.20368517659 0.0536 0.0479 15.0316 "" "" 3374487192367814272 1597.81494 0.5988 0.0643 1.825 -4.719 0.062 0.05 1.068 5462.2 4.6835 16.446983 1.321452 17.033829 15.712377 "" "" 1440.85669 1795.14014 4967.67741 2.999 2098.4 13.048 4113.5 13.57 "" "" 0.002832211077784894 0.007305036 0.005206967 0.012512002 91.95968188084 19.20368517659 1597.81494 1.8249999999999997 -4.719
92.09035365737 19.24263887148 0.0603 0.0504 22.1795 "" "" 3374490490902651264 1984.59338 0.4881 0.0698 -1.166 -3.275 0.068 0.05 1.02 5529.0 3.7937 16.449497 1.982496 17.267334 15.284838 "" "" 1759.55017 2303.16553 4956.18982 7.6497 1692.3 48.219 6098.5 130.94 "" "" 0.0032249150460697674 0.031061642 0.023616059 0.054677702 92.09035365737 19.24263887148 1984.59338 -1.1660000000000001 -3.2750000000000004
91.75049014463 18.85977538388 0.0508 0.0459 9.9604 "" "" 3374383662180157056 1910.91785 0.5 0.0627 -0.071 -3.366 0.066 0.048 1.075 "" "" 16.44998 1.691091 17.246803 15.555713 "" "" 1705.08508 2128.35547 4953.99097 3.2447 1724.6 15.932 4752.0 14.188 "" "" 0.0028456076238492045 0.010410976 0.004979173 0.015390148 91.75049014463 18.85977538388 1910.91785 -0.071 -3.3660000000000005
92.08936161785 19.10842213286 0.0565 0.0485 18.5454 "" "" 3374471283809182848 2035.0343 0.4865 0.0623 3.273 -4.781 0.065 0.049 1.058 5317.7 4.2859 16.450912 1.75911 17.295744 15.536634 "" "" 1785.31702 2334.02173 4949.72866 3.6346 1648.6 16.907 4836.2 12.784 "" "" 0.0028683464914716532 0.011478889 0.00474561 0.0162245 92.08936161785 19.10842213286 2035.0343 3.273 -4.781000000000001
91.45818796561 18.98401298876 0.0472 0.0406 18.1172 "" "" 3374430911117081856 1733.27905 0.5732 0.0553 1.316 -3.69 0.063 0.048 1.089 5604.3 4.6239 16.45188 1.255038 16.998976 15.743937 "" "" 1570.36853 1940.69238 4945.32438 2.8 2166.8 12.17 3995.6 12.251 "" "" 0.0028230635560924024 0.0067061265 0.005036464 0.01174259 91.45818796561 18.98401298876 1733.27905 1.316 -3.6899999999999995
92.1313906978 19.02581013029 0.0546 0.0471 20.2322 "" "" 3374469497102795648 2108.71777 0.4627 0.0592 2.388 -4.568 0.063 0.047 1.0 5025.9 4.1831 16.455658 2.001112 17.471596 15.470484 "" "" 1870.03333 2372.77466 4928.14801 3.2242 1402.1 9.4707 5140.0 12.056 "" "" 0.0028454109826512703 0.007846608 0.0045573027 0.012403911 92.1313906978 19.02581013029 2108.71777 2.388 -4.568
92.00653197703 19.06489434814 0.0599 0.0518 13.373 "" "" 3374481037678214016 2223.26611 0.4164 0.0598 -0.747 -3.533 0.072 0.056 1.012 "" "" 16.456253 2.017851 17.476252 15.458401 "" "" 1956.17029 2541.97144 4925.44917 3.9142 1396.1 12.892 5197.5 14.274 "" "" 0.002887256865833614 0.010407012 0.004814015 0.015221027 92.00653197703 19.06489434814 2223.26611 -0.747 -3.533
91.79360695254 19.11721058528 0.049 0.0425 5.6829 "" "" 3374392011596833536 2212.38672 0.4332 0.0552 -0.509 -1.063 0.064 0.048 0.985 6040.4 4.4585 16.459072 1.360468 17.066435 15.705967 "" "" 1993.97888 2471.3623 4912.66967 2.7241 2036.3 11.112 4137.8 11.281 "" "" 0.0028203278187386347 0.00654893 0.0048006 0.01134953 91.79360695254 19.11721058528 2212.38672 -0.509 -1.063
91.93823527384 19.15675280201 0.0528 0.046 12.216 "" "" 3374483996912168448 1894.69495 0.5026 0.0559 -0.063 -1.14 0.061 0.049 0.907 8891.8 4.3991 16.460663 1.499074 17.152027 15.652953 "" "" 1727.4187 2110.36792 4905.47843 3.1109 1881.9 11.858 4344.9 11.518 "" "" 0.0028400486478689355 0.007388407 0.0047505563 0.012138963 91.93823527384 19.15675280201 1894.69495 -0.063 -1.1399999999999997
91.53797992253 19.00149350003 0.0481 0.0424 13.4977 "" "" 3374430739318361472 1703.63452 0.5556 0.0588 0.718 -6.502 0.059 0.042 1.069 5129.3 4.4726 16.460705 1.491572 17.1476 15.656028 "" "" 1578.37988 1875.05212 4905.29174 2.9588 1889.6 11.725 4332.6 13.192 "" "" 0.002832081142828885 0.007291939 0.0050212084 0.012313148 91.53797992253 19.00149350003 1703.63452 0.7179999999999997 -6.502000000000001
91.77261958798 18.77734254065 0.0505 0.0434 14.8116 "" "" 3374365490175550848 1758.1925 0.5518 0.0561 1.289 0.114 0.067 0.048 1.0 5857.6 4.6308 16.46472 1.283997 17.024155 15.740157 "" "" 1560.86755 1930.46423 4887.18342 3.2897 2117.2 19.978 4009.5 11.975 "" "" 0.0028505991788172736 0.010618205 0.0049798563 0.0155980615 91.77261958798 18.77734254065 1758.1925 1.2889999999999997 0.11399999999999998
92.01211718093 19.10794314122 0.0595 0.0528 14.3703 "" "" 3374482863041024128 1649.33057 0.5743 0.0662 -3.544 -8.122 0.071 0.053 1.082 4694.4 4.1779 16.465286 1.957377 17.448435 15.491057 "" "" 1494.33618 1833.83459 4884.6326 3.0644 1432.3 10.878 5043.5 11.756 "" "" 0.0028382642980162823 0.008705189 0.004548461 0.013253651 92.01211718093 19.10794314122 1649.33057 -3.544 -8.122
91.80023044732 18.70656513309 0.048 0.0414 19.1128 "" "" 3374361019112399360 2065.82861 0.4523 0.0561 0.514 -3.643 0.063 0.046 0.977 7567.2 4.3946 16.468159 1.415122 17.099588 15.684466 "" "" 1866.8186 2294.03931 4871.72997 2.9598 1975.1 12.998 4220.6 11.035 "" "" 0.002833179705457515 0.0076706135 0.004726738 0.012397352 91.80023044732 18.70656513309 2065.82861 0.5139999999999999 -3.6430000000000002
92.01260119207 18.72877315655 0.0495 0.0438 22.2844 "" "" 3373615898121546240 2176.17847 0.4354 0.0533 0.656 -2.93 0.063 0.049 0.917 9273.5 3.739 16.470467 2.024263 17.489855 15.465591 "" "" 1981.39514 2453.44922 4861.3827 3.2188 1378.7 15.043 5163.2 14.792 "" "" 0.002847557347694279 0.0121706175 0.004894796 0.017065413 92.01260119207 18.72877315655 2176.17847 0.6560000000000001 -2.9300000000000006
91.62648175761 19.33112819769 0.0594 0.0493 20.2413 "" "" 3374539041213071360 2192.00171 0.4403 0.0642 0.138 -1.236 0.076 0.055 1.05 9400.2 4.1903 16.475 1.477888 17.146252 15.668364 "" "" 1945.27515 2614.04907 4841.12472 3.1073 1892.0 10.071 4283.6 13.235 "" "" 0.00284208345069774 0.0064175883 0.005053414 0.011471002 91.62648175761 19.33112819769 2192.00171 0.138 -1.236
91.75785334404 19.26978064258 0.0735 0.063 14.7661 "" "" 3374534883684707712 2257.68311 0.4213 0.0789 2.706 -0.701 0.084 0.066 1.344 5627.9 4.5058 16.476297 1.713369 17.273912 15.560543 "" "" 1938.75391 2739.61987 4835.35138 6.2936 1682.1 16.517 4730.9 18.654 "" "" 0.003096586493865171 0.011020207 0.0057106307 0.016730838 91.75785334404 19.26978064258 2257.68311 2.706 -0.701
91.38953143511 18.98753054334 0.0488 0.0415 21.9611 "" "" 3374432659166263168 1936.47766 0.4977 0.0547 0.169 -2.923 0.063 0.048 0.983 7726.0 4.4094 16.476343 1.608614 17.234024 15.62541 "" "" 1701.62488 2185.40088 4835.14232 3.1751 1745.0 12.355 4456.5 11.836 "" "" 0.0028460707005389485 0.008177959 0.004753829 0.012931788 91.38953143511 18.98753054334 1936.47766 0.169 -2.922999999999999
91.79740167663 19.08866365118 0.052 0.045 4.0767 "" "" 3374391156899651456 2073.12402 0.4664 0.0572 -0.318 0.841 0.067 0.05 1.01 6313.2 4.3141 16.483076 1.502488 17.177206 15.674718 "" "" 1854.87805 2348.6145 4805.25736 2.9909 1838.8 13.815 4258.6 13.013 "" "" 0.0028369837613876634 0.008621184 0.0050289906 0.013650175 91.79740167663 19.08866365118 2073.12402 -0.31799999999999995 0.8410000000000001
91.78472352034 18.99779794359 0.0497 0.0426 1.6826 "" "" 3374387205529776896 2124.21899 0.4418 0.0546 -0.472 -1.112 0.062 0.049 0.984 5537.8 4.4373 16.489817 1.387198 17.116856 15.729658 "" "" 1891.4978 2315.71021 4775.51266 3.3099 1943.9 11.592 4048.5 12.033 "" "" 0.0028562350626114112 0.0070501547 0.004969658 0.012019813 91.78472352034 18.99779794359 2124.21899 -0.4719999999999999 -1.112
91.95821362842 19.26251736726 0.0581 0.0548 17.6823 "" "" 3374488734259793408 1668.29333 0.5977 0.0686 3.539 -5.875 0.063 0.054 1.087 5120.8 4.6106 16.490469 1.495831 17.178795 15.682964 "" "" 1499.90051 1990.79443 4772.64498 3.2365 1836.1 8.6176 4226.4 13.506 "" "" 0.002851997917860801 0.005809687 0.005130488 0.0109401755 91.95821362842 19.26251736726 1668.29333 3.5390000000000006 -5.875
91.72647040615 18.7934181947 0.0537 0.0469 14.1147 "" "" 3374365795116125440 1749.7478 0.5454 0.0626 -0.703 -0.903 0.076 0.053 1.036 5440.7 4.569 16.491432 1.48613 17.174301 15.688171 "" "" 1588.30396 1933.59631 4768.4162 3.2519 1843.7 9.9877 4206.2 12.35 "" "" 0.002853074550103018 0.006509909 0.0049443175 0.011454226 91.72647040615 18.7934181947 1749.7478 -0.703 -0.903
91.63715918453 18.70537719238 0.0522 0.0454 20.6618 "" "" 3374363153713503104 1814.48096 0.532 0.0599 -0.882 -4.892 0.069 0.05 1.049 5490.2 4.5972 16.493927 1.393108 17.12133 15.728222 "" "" 1634.9917 2045.3927 4757.47024 2.9906 1935.9 11.776 4053.9 10.921 "" "" 0.0028385919083026077 0.00716968 0.004779003 0.011948683 91.63715918453 18.70537719238 1814.48096 -0.8820000000000001 -4.892000000000001
91.69162833176 18.88031746044 0.0465 0.0402 9.8361 "" "" 3374378886176546944 1804.6825 0.5319 0.0552 0.549 -2.544 0.06 0.043 1.014 5640.8 4.6499 16.494425 1.331338 17.083633 15.752296 "" "" 1636.75989 1999.67725 4755.28879 2.8808 2004.3 15.401 3965.0 14.974 "" "" 0.002832741392661644 0.008796983 0.0055764182 0.014373401 91.69162833176 18.88031746044 1804.6825 0.549 -2.543999999999999
91.87166863056 18.71105296942 0.0529 0.0447 19.5784 "" "" 3374361190911096448 1838.85681 0.5222 0.0576 -0.843 -2.741 0.066 0.049 0.955 8389.2 4.4864 16.494469 1.361646 17.095245 15.7336 "" "" 1644.15845 2098.45679 4755.09924 3.3191 1983.0 16.754 4033.8 13.51 "" "" 0.00285764426617744 0.009588136 0.0052446877 0.0148328245 91.87166863056 18.71105296942 1838.85681 -0.8430000000000001 -2.741
91.58325990772 19.03408720728 0.0466 0.041 10.8753 "" "" 3374436477394644864 1766.35742 0.542 0.0572 -0.182 -1.707 0.059 0.041 0.993 5906.5 4.5491 16.498825 1.4046 17.127014 15.722414 "" "" 1619.95264 1974.66699 4736.05134 2.6405 1925.8 13.3 4075.6 11.879 "" "" 0.0028210311923544586 0.008000628 0.0049293134 0.0129299415 91.58325990772 19.03408720728 1766.35742 -0.182 -1.707
91.45970721022 19.01052112866 0.0506 0.0441 17.8873 "" "" 3374431319136500224 1673.45532 0.5855 0.0624 4.524 -3.563 0.067 0.048 0.934 5235.5 4.5969 16.502577 1.305426 17.084318 15.778892 "" "" 1479.00159 1927.06165 4719.71454 2.7163 2003.0 11.4 3869.0 11.245 "" "" 0.0028252868633015095 0.0067801448 0.004923584 0.011703729 91.45970721022 19.01052112866 1673.45532 4.524 -3.5630000000000006
