Clusters/FSR_0904/FSR_0904_stars_in_region.tsv
# %ECSV 1.0
# ---
# datatype:
# - name: RA_ICRS_1
#   unit: deg
#   datatype: float64
#   format: '{:15.11f}'
#   description: Right ascension (ICRS) at Ep=2016.0 (ra)
#   meta: !!omap
#   - {ucd: POS_EQ_RA_MAIN}
#   - {width: 15}
#   - {precision: '11'}
# - name: DE_ICRS_1
#   unit: deg
#   datatype: float64
#   format: '{:15.11f}'
#   description: Declination (ICRS) at Ep=2016.0 (dec)
#   meta: !!omap
#   - {ucd: POS_EQ_DEC_MAIN}
#   - {width: 15}
#   - {precision: '11'}
# - name: e_RA_ICRS
#   unit: mas
#   datatype: float64
#   format: '{:7.4f}'
#   description: Standard error of right ascension (ra_error)
#   meta: !!omap
#   - {ucd: ERROR}
#   - {width: 7}
#   - {precision: '4'}
# - name: e_DE_ICRS
#   unit: mas
#   datatype: float64
#   format: '{:7.4f}'
#   description: Standard error of declination (dec_error)
#   meta: !!omap
#   - {ucd: ERROR}
#   - {width: 7}
#   - {precision: '4'}
# - name: _r_1
#   unit: ''
#   datatype: float64
#   format: '{:7.4f}'
#   description: Distance from center (091.77470717000+19.02419440000)[ICRS], at Epoch=J2016.0
#   meta: !!omap
#   - {ucd: POS_ANG_DIST_GENERAL}
#   - {width: 7}
#   - {precision: '4'}
# - name: HIP
#   datatype: int32
#   description: '? HIP cross-id number, van Leeuwen, Cat. I/311 (hip_original_ext_source_id)'
#   meta: !!omap
#   - {ucd: ID_NUMBER}
#   - {width: 6}
#   - values: {'null': -2147483648}
# - name: TYC2
#   datatype: string
#   description: Tycho-2 cross-id name, Hog et al., Cat. I/259 (tyc2_original_ext_source_id)
#   meta: !!omap
#   - {ucd: ID_CROSSID}
#   - {_votable_string_dtype: char}
# - name: Source
#   datatype: int64
#   description: Source identifier, identical to the Gaia-EDR3 source_id (id)
#   meta: !!omap
#   - {ucd: ID_MAIN}
#   - {width: 19}
# - name: rgeo
#   unit: pc
#   datatype: float64
#   format: '{:15.8f}'
#   description: '? Median of the geometric distance posterior (r_med_geo)'
#   meta: !!omap
#   - {ucd: PHYS_DISTANCE_TRUE}
#   - {width: 15}
#   - {precision: '8'}
#   - values: {'null': .nan}
# - name: Plx
#   unit: mas
#   datatype: float64
#   format: '{:9.4f}'
#   description: '? Parallax (parallax)'
#   meta: !!omap
#   - {ucd: POS_PARLX_TRIG}
#   - {width: 9}
#   - {precision: '4'}
#   - values: {'null': .nan}
# - name: e_Plx
#   unit: mas
#   datatype: float32
#   format: '{:7.4f}'
#   description: '? Standard error of parallax (parallax_error)'
#   meta: !!omap
#   - {ucd: ERROR}
#   - {width: 7}
#   - {precision: '4'}
#   - values: {'null': .nan}
# - name: pmRA
#   unit: mas / yr
#   datatype: float64
#   format: '{:9.3f}'
#   description: '? Proper motion in right ascension direction, pmRA*cosDE (pmra)'
#   meta: !!omap
#   - {ucd: POS_EQ_PMRA}
#   - {width: 9}
#   - {precision: '3'}
#   - values: {'null': .nan}
# - name: pmDE
#   unit: mas / yr
#   datatype: float64
#   format: '{:9.3f}'
#   description: '? Proper motion in declination direction (pmdec)'
#   meta: !!omap
#   - {ucd: POS_EQ_PMDEC}
#   - {width: 9}
#   - {precision: '3'}
#   - values: {'null': .nan}
# - name: e_pmRA
#   unit: mas / yr
#   datatype: float32
#   format: '{:6.3f}'
#   description: '? Standard error of proper motion in right ascension direction (pmra_error)'
#   meta: !!omap
#   - {ucd: ERROR}
#   - {width: 6}
#   - {precision: '3'}
#   - values: {'null': .nan}
# - name: e_pmDE
[...]
#         unit: &id001 !astropy.units.Unit {unit: deg}
#         value: !astropy.table.SerializedColumn {name: SkyCoord.dec}
#       distance: !astropy.table.SerializedColumn
#         __class__: astropy.coordinates.distances.Distance
#         unit: !astropy.units.Unit {unit: pc}
#         value: !astropy.table.SerializedColumn {name: SkyCoord.distance}
#       frame: icrs
#       obstime: !astropy.time.Time {format: jyear_str, in_subfmt: '*', jd1: 367701545.0, jd2: 0.0, out_subfmt: '*', precision: 3, scale: tt}
#       pm_dec: !astropy.table.SerializedColumn
#         __class__: astropy.units.quantity.Quantity
#         unit: !astropy.units.Unit {unit: mas / yr}
#         value: !astropy.table.SerializedColumn {name: SkyCoord.pm_dec}
#       pm_ra_cosdec: !astropy.table.SerializedColumn
#         __class__: astropy.units.quantity.Quantity
#         unit: !astropy.units.Unit {unit: mas / yr}
#         value: !astropy.table.SerializedColumn {name: SkyCoord.pm_ra_cosdec}
#       ra: !astropy.table.SerializedColumn
#         __class__: astropy.coordinates.angles.Longitude
#         unit: *id001
#         value: !astropy.table.SerializedColumn {name: SkyCoord.ra}
#         wrap_angle: !astropy.coordinates.Angle
#           unit: *id001
#           value: 360.0
#       representation_type: spherical
# schema: astropy-2.0
RA_ICRS_1 DE_ICRS_1 e_RA_ICRS e_DE_ICRS _r_1 HIP TYC2 Source rgeo Plx e_Plx pmRA pmDE e_pmRA e_pmDE RUWE Teff logg Gmag BP-RP BPmag RPmag RV e_RV b_rgeo B_rgeo FG e_FG FBP e_FBP FRP e_FRP RAVE5 RAVE6 e_Gmag e_BPmag e_RPmag e_BP-RP SkyCoord.ra SkyCoord.dec SkyCoord.distance SkyCoord.pm_ra_cosdec SkyCoord.pm_dec
[from data line 41]
91.58783423623 18.83000630502 0.0131 0.011 15.7557 "" "" 3374376966327856384 2050.12891 0.4443 0.0151 -0.107 -0.805 0.016 0.012 1.048 9713.7 3.7258 13.601401 0.9432 13.980307 13.037107 "" "" 1995.47144 2126.61328 68294.58902 13.909 34938.0 29.32 48341.0 27.144 "" "" 0.0027641788627232548 0.0029351737 0.0038282378 0.0067634117 91.58783423623 18.83000630502 2050.12891 -0.10700000000000001 -0.805
91.85749237887 19.16122683229 0.017 0.0156 9.4675 "" "" 3374485646179633664 2214.23999 0.4103 0.0189 -0.161 -1.156 0.021 0.017 1.031 "" "" 13.617969 2.448014 14.943527 12.495513 14.28 1.42 2104.2793 2302.47412 67260.33295 31.29 14388.0 22.999 79607.0 45.503 "" "" 0.002801233262999272 0.0032858977 0.0038299966 0.007115894 91.85749237887 19.16122683229 2214.23999 -0.161 -1.156
91.87847963699 19.0626933394 0.1415 0.1217 6.3227 "" "" 3374481523011697664 2281.31836 0.487 0.1566 0.781 -0.638 0.172 0.14 10.778 "" "" 13.653738 1.096052 14.015544 12.919492 33.17 4.81 1783.0802 3254.13208 65080.58943 293.24 33822.0 34.553 53872.0 25.22 "" "" 0.005614668972340708 0.0030025619 0.0038134078 0.00681597 91.87847963699 19.0626933394 2281.31836 0.7810000000000002 -0.6380000000000001
91.75654496434 19.3089914698 0.0233 0.0212 17.1188 "" "" 3374535296001556224 2306.78174 0.3681 0.0264 -0.614 0.398 0.026 0.021 1.108 4620.4 1.946 13.66231 3.289903 15.651973 12.36207 49.0 0.83 2184.75342 2461.77515 64568.8247 42.691 7492.5 27.039 90018.0 106.47 "" "" 0.002847298315685273 0.0048101405 0.003991593 0.008801734 91.75654496434 19.3089914698 2306.78174 -0.6139999999999999 0.39799999999999996
91.76104971396 18.94976467148 0.0139 0.012 4.5325 "" "" 3374385350103930368 1906.35767 0.4844 0.0161 -0.924 -3.64 0.018 0.013 0.991 "" "" 13.697351 1.028017 14.121472 13.093455 "" "" 1856.24219 1967.51233 62518.21175 12.807 30678.0 27.72 45896.0 29.384 "" "" 0.002764282563234689 0.002957618 0.0038427752 0.0068003936 91.76104971396 18.94976467148 1906.35767 -0.924 -3.6399999999999997
91.54770782945 19.17667577262 0.0155 0.0134 15.7906 "" "" 3374441768794317696 1766.45996 0.5173 0.0185 1.653 -5.47 0.02 0.014 1.13 4788.8 2.742 13.741075 2.054092 14.788298 12.734205 40.44 1.36 1714.54541 1825.92236 60050.54407 15.905 16600.0 34.141 63896.0 52.943 "" "" 0.0027702860740095136 0.0035737127 0.0038849767 0.0074586896 91.54770782945 19.17667577262 1766.45996 1.6529999999999998 -5.469999999999999
91.78842391457 19.0159366026 0.0167 0.0143 0.9224 "" "" 3374387377324937344 2039.71582 0.4481 0.0187 -0.547 -1.028 0.021 0.016 1.352 10543.7 3.7597 13.758472 0.824174 14.058732 13.234558 "" "" 1975.91919 2130.07544 59095.98905 17.525 32503.0 85.147 40303.0 64.784 "" "" 0.0027740689119175837 0.0039843316 0.0041628815 0.008147214 91.78842391457 19.0159366026 2039.71582 -0.5469999999999998 -1.028
91.9507408869 19.08449902103 0.0166 0.0144 10.6188 "" "" 3374481282492858240 2259.29346 0.3914 0.0181 -0.197 -1.172 0.02 0.016 1.084 "" "" 13.77481 2.466699 15.113131 12.646433 13.06 1.49 2176.16162 2360.23706 58213.38352 24.091 12307.0 32.771 69276.0 62.882 "" "" 0.002791716024021834 0.004017892 0.0039057634 0.007923655 91.9507408869 19.08449902103 2259.29346 -0.197 -1.172
91.75938478638 18.94488787354 0.0146 0.0125 4.8372 "" "" 3374385350103932416 2093.84448 0.4325 0.0164 1.277 -1.151 0.018 0.014 1.072 5890.8 2.8258 13.781078 2.04765 14.822336 12.774686 57.43 1.54 2041.61694 2165.38354 57878.26975 15.231 16087.0 24.362 61558.0 41.509 "" "" 0.0027700945882633676 0.003238601 0.0038496398 0.0070882407 91.75938478638 18.94488787354 2093.84448 1.277 -1.1509999999999998
91.58313113621 18.94273507804 0.0142 0.0129 11.9177 "" "" 3374383151080729088 1824.02954 0.5081 0.0177 1.6 -6.915 0.018 0.013 1.062 5068.7 2.8659 13.791393 1.779516 14.656581 12.877065 51.69 1.46 1772.90686 1871.04468 57330.97706 12.648 18741.0 26.824 56019.0 29.96 "" "" 0.0027657120605909576 0.0031937454 0.0038237295 0.0070174746 91.58313113621 18.94273507804 1824.02954 1.6000000000000003 -6.915
91.6215040543 19.21852152263 0.0164 0.0135 14.5388 "" "" 3374443619923906944 1913.86609 0.48 0.0186 -0.114 -0.437 0.02 0.014 1.022 9405.6 3.6484 13.836804 0.866423 14.176825 13.310402 "" "" 1852.42712 1991.9978 54982.55011 13.836 29153.0 41.047 37584.0 20.282 "" "" 0.0027688332774693913 0.003181505 0.0038245288 0.007006034 91.6215040543 19.21852152263 1913.86609 -0.11399999999999999 -0.43700000000000006
91.46591312811 19.07944653233 0.0161 0.0138 17.8238 "" "" 3374434931206438656 1844.37866 0.4967 0.0187 2.235 -0.528 0.021 0.014 1.043 4997.2 2.8725 13.837466 1.749824 14.681358 12.931535 2.57 2.13 1793.92664 1899.33765 54949.05614 12.455 18318.0 23.872 53278.0 38.342 "" "" 0.002766288767540796 0.0031284303 0.0038593072 0.0069877375 91.46591312811 19.07944653233 1844.37866 2.2349999999999994 -0.528
91.63944365992 19.23123068344 0.0187 0.0158 14.5981 "" "" 3374443727299354240 2058.86182 0.4482 0.0195 0.014 -2.728 0.026 0.019 1.195 10598.2 3.8567 13.852635 0.816583 14.170955 13.354372 "" "" 1967.26257 2147.85156 54186.69626 19.024 29311.0 38.523 36092.0 28.193 "" "" 0.002781562482388256 0.0031338923 0.0038733738 0.0070072664 91.63944365992 19.23123068344 2058.86182 0.013999999999999995 -2.7279999999999998
91.75913811851 18.81767992622 0.0154 0.0139 12.4223 "" "" 3374365868132668032 1738.53796 0.528 0.0189 0.942 -2.134 0.02 0.015 1.03 "" "" 13.876507 1.054307 14.314545 13.260238 "" "" 1677.15759 1789.3457 53008.33448 17.401 25680.0 31.618 39361.0 30.657 "" "" 0.002778276462993137 0.0030938745 0.003872834 0.006966708 91.75913811851 18.81767992622 1738.53796 0.942 -2.1339999999999995
91.78805549551 19.02476960502 0.0157 0.0134 0.7579 "" "" 3374390332265956224 1980.68567 0.4603 0.0184 -0.609 -1.149 0.021 0.015 0.993 "" "" 13.882136 0.921866 14.252075 13.330209 "" "" 1904.49292 2073.53271 52734.19534 12.824 27201.0 28.036 36904.0 35.038 "" "" 0.002767941827481433 0.0030062194 0.003917442 0.0069236616 91.78805549551 19.02476960502 1980.68567 -0.6089999999999999 -1.149
91.50392565672 19.29602571868 0.0162 0.0136 22.3951 "" "" 3374456612201261952 1926.27307 0.4759 0.0181 -0.208 -1.711 0.02 0.014 1.031 7158.5 3.5831 13.918417 0.834064 14.244316 13.410253 "" "" 1864.05164 1995.88013 51001.16233 15.104 27396.0 26.269 34281.0 28.232 "" "" 0.002774018373562796 0.0029780662 0.0038837146 0.006861781 91.50392565672 19.29602571868 1926.27307 -0.20799999999999993 -1.7110000000000003
91.73468403659 19.04309186575 0.0164 0.0147 2.5375 "" "" 3374390572784136832 1998.63635 0.4569 0.0196 -0.499 -1.105 0.021 0.016 1.131 "" "" 13.936564 0.942596 14.313819 13.371223 "" "" 1933.9198 2090.32153 50155.76502 9.9213 25697.0 18.455 35536.0 30.532 "" "" 0.0027636778433749363 0.002897078 0.0038928054 0.0067898836 91.73468403659 19.04309186575 1998.63635 -0.49899999999999994 -1.105
91.79248297892 19.01612791517 0.0149 0.0128 1.1185 "" "" 3374387377328458752 2037.0686 0.452 0.0169 -0.52 -1.075 0.019 0.014 0.997 11390.2 3.8318 13.940392 0.824672 14.265181 13.440509 "" "" 1972.17102 2131.25342 49979.3113 13.318 26875.0 32.558 33339.0 22.469 "" "" 0.002770468079606924 0.0030846607 0.0038495671 0.006934228 91.79248297892 19.01612791517 2037.0686 -0.5199999999999999 -1.075
91.62721909361 19.23243406041 0.0167 0.0143 15.0336 "" "" 3374443624220142464 1740.37585 0.5357 0.0184 -0.964 -1.441 0.022 0.016 0.959 9495.4 3.8838 13.952654 0.715239 14.22873 13.513492 "" "" 1686.73889 1791.86572 49418.01305 16.732 27792.0 29.288 31172.0 22.349 "" "" 0.0027797349254368923 0.0030156584 0.0038587141 0.0068743723 91.62721909361 19.23243406041 1740.37585 -0.9639999999999999 -1.4409999999999998
91.38666005556 18.94914810788 0.0151 0.0129 22.4718 "" "" 3374429502367842176 1704.30725 0.5465 0.0179 1.444 -3.447 0.02 0.015 1.037 9035.8 3.9926 13.961587 0.857049 14.300151 13.443102 "" "" 1656.05713 1744.35144 49013.07968 15.06 26023.0 22.803 33260.0 24.454 "" "" 0.0027754430507259584 0.0029479132 0.003862767 0.00681068 91.38666005556 18.94914810788 1704.30725 1.4439999999999997 -3.447
91.64470277542 18.83846638315 0.018 0.0154 13.3649 "" "" 3374378302060593408 1829.51648 0.504 0.021 0.677 -2.6 0.023 0.016 1.097 11441.9 4.1927 13.974054 0.820004 14.220979 13.400974 "" "" 1757.85571 1903.70581 48453.48083 19.28 27991.0 112.35 34575.0 211.99 "" "" 0.002788984192755318 0.0051746 0.0076550087 0.012829609 91.64470277542 18.83846638315 1829.51648 0.6770000000000002 -2.6000000000000005
91.71676691653 18.98366724811 0.0158 0.0141 4.0886 "" "" 3374388648638815488 1966.43494 0.4681 0.0196 -0.118 -0.804 0.02 0.015 0.963 10653.5 4.1931 13.984455 0.763674 14.278445 13.514771 "" "" 1907.23425 2022.91101 47991.54369 14.226 26548.0 23.152 31135.0 22.811 "" "" 0.002774053265200661 0.0029464508 0.003862187 0.0068086376 91.71676691653 18.98366724811 1966.43494 -0.11800000000000004 -0.804
91.58743257457 19.03024194004 0.0165 0.0143 10.6288 "" "" 3374436477394644992 1958.97107 0.4651 0.0191 0.459 -4.837 0.02 0.014 1.112 5569.8 3.0354 13.991441 2.180737 15.123613 12.942877 14.22 2.23 1898.90735 2044.24646 47683.74491 14.377 12189.0 15.995 52724.0 30.15 "" "" 0.002774698595927828 0.0031328865 0.0038300406 0.006962927 91.58743257457 19.03024194004 1958.97107 0.45900000000000013 -4.837
91.67749504224 18.95845773378 0.0159 0.0142 6.7805 "" "" 3374388201962234752 1619.21558 0.5785 0.0196 0.568 -4.181 0.02 0.014 0.955 9214.7 4.1095 13.9919 0.759254 14.286055 13.5268 "" "" 1570.78857 1678.91589 47663.62657 14.145 26363.0 23.109 30792.0 30.583 "" "" 0.0027740961137031218 0.0029480206 0.0039302167 0.0068782372 91.67749504224 18.95845773378 1619.21558 0.5680000000000001 -4.181000000000001
91.56526743718 18.94563741141 0.0156 0.0141 12.7835 "" "" 3374383322879425408 1854.43469 0.5027 0.0194 -0.486 -1.085 0.02 0.014 1.055 10587.9 3.8876 14.037165 0.898261 14.394698 13.496437 "" "" 1789.24316 1927.2312 45717.33446 12.377 23853.0 19.035 31665.0 19.894 "" "" 0.002770954738823057 0.0029216008 0.0038404462 0.0067620473 91.56526743718 18.94563741141 1854.43469 -0.48600000000000004 -1.085
91.49205394684 18.84988010777 0.0157 0.0145 19.1497 "" "" 3374380848978314752 1941.6488 0.472 0.0198 -0.619 -1.141 0.02 0.016 0.968 10725.3 3.8743 14.043289 0.752452 14.331959 13.579507 "" "" 1860.94971 2028.58362 45460.16714 12.495 25272.0 29.921 29333.0 16.849 "" "" 0.002771433663806106 0.003072047 0.0038304918 0.0069025387 91.49205394684 18.84988010777 1941.6488 -0.619 -1.1410000000000002
91.47783926248 18.79760017109 0.0154 0.0136 21.6515 "" "" 3374379508948538240 2331.70557 0.3762 0.0185 0.201 -0.171 0.02 0.015 1.041 "" "" 14.061098 2.090901 15.13041 13.039509 34.72 2.5 2238.85352 2451.99951 44720.57814 11.119 12113.0 12.447 48234.0 40.413 "" "" 0.0027685126287845096 0.0030049586 0.0038873202 0.006892279 91.47783926248 18.79760017109 2331.70557 0.201 -0.17100000000000004
91.93396976921 18.81969004284 0.0168 0.0143 15.2404 "" "" 3374368101515633280 1929.10693 0.4715 0.0187 -0.627 -1.156 0.021 0.016 1.03 "" "" 14.067718 1.048482 14.498117 13.449635 "" "" 1866.0094 2001.52515 44448.77396 10.049 21686.0 36.976 33060.0 24.965 "" "" 0.0027662324296088277 0.0033484579 0.003867291 0.0072157485 91.93396976921 18.81969004284 1929.10693 -0.6270000000000001 -1.156
92.02224196119 19.29147840688 0.02 0.0184 21.3076 "" "" 3374493961236230016 1985.54041 0.4707 0.026 0.597 -4.337 0.022 0.018 1.099 9383.1 3.7596 14.113776 0.950149 14.497795 13.547647 "" "" 1872.58142 2074.54248 42602.60606 10.35 21692.0 22.067 30206.0 16.992 "" "" 0.002767917088670056 0.00300083 0.0038284152 0.006829245 92.02224196119 19.29147840688 1985.54041 0.597 -4.337
91.52737872129 18.86349212276 0.0419 0.0372 17.0288 "" "" 3374380230503009536 1643.24634 0.5577 0.0515 1.36 -0.078 0.052 0.038 2.858 5810.0 2.7933 14.158709 2.156734 15.263237 13.106504 43.18 1.59 1524.31396 1772.54333 40875.53349 19.735 10718.0 21.75 45348.0 23.922 "" "" 0.0028047417539889485 0.0035552066 0.003822534 0.007377741 91.52737872129 18.86349212276 1643.24634 1.36 -0.07800000000000001
91.89658041454 19.1356646624 0.02 0.0176 9.6172 "" "" 3374485336941984512 2162.24976 0.4191 0.0219 -0.105 -1.446 0.024 0.019 0.97 6897.9 2.8798 14.169989 1.537513 14.873165 13.335652 103.54 8.21 2075.49976 2286.49341 40453.04195 10.002 15351.0 22.316 36720.0 25.412 "" "" 0.0027683666065496377 0.0032056582 0.0038533495 0.007059008 91.89658041454 19.1356646624 2162.24976 -0.10499999999999998 -1.446
91.58957924676 18.82801076592 0.0194 0.0163 15.7784 "" "" 3374376966327856640 2211.95605 0.4046 0.0224 2.147 -3.568 0.025 0.017 1.231 9003.8 4.065 14.182864 0.903101 14.545883 13.642782 "" "" 2118.49854 2322.92236 39976.16246 9.9276 20752.0 26.18 27672.0 29.791 "" "" 0.00276848144161186 0.0031082472 0.0039560082 0.0070642554 91.58957924676 18.82801076592 2211.95605 2.147 -3.5679999999999996
91.78698109289 19.022670485 0.0177 0.0151 0.7022 "" "" 3374387377328457728 1955.85999 0.4642 0.0206 -0.496 -1.213 0.024 0.017 0.965 "" "" 14.197651 0.925692 14.567992 13.642301 "" "" 1897.88367 2051.52759 39435.41794 18.962 20334.0 35.888 27685.0 67.943 "" "" 0.0028043427060514808 0.0033848248 0.004624238 0.008009063 91.78698109289 19.022670485 1955.85999 -0.49599999999999994 -1.2129999999999999
91.9286125233 19.18476809002 0.019 0.0168 12.9985 "" "" 3374487054929104640 1911.66748 0.4843 0.0218 -0.014 -1.7 0.023 0.018 0.996 9488.8 3.9173 14.209285 0.797006 14.521338 13.724333 "" "" 1837.38599 1990.54688 39015.11194 13.452 21227.0 23.476 25670.0 20.896 "" "" 0.002780634393081318 0.0030375808 0.0038813474 0.006918928 91.9286125233 19.18476809002 1911.66748 -0.013999999999999992 -1.7
91.78821853993 18.98642803867 0.0174 0.0156 2.3921 "" "" 3374387171170042496 2134.00903 0.4258 0.0199 -0.45 -1.18 0.021 0.017 1.02 10696.8 3.7102 14.212401 0.91372 14.575335 13.661615 "" "" 2056.39648 2220.07886 38903.26864 8.5834 20197.0 25.097 27196.0 23.586 "" "" 0.0027657140069365913 0.0030992331 0.0038949156 0.0069941487 91.78821853993 18.98642803867 2134.00903 -0.4499999999999999 -1.1800000000000002
92.14967714559 18.96157283815 0.0197 0.0168 21.6026 "" "" 3374466061128965504 2013.46765 0.4444 0.0209 -0.318 0.849 0.024 0.017 0.984 "" "" 14.232133 2.365276 15.496344 13.131067 66.13 2.24 1935.93579 2099.01807 38202.65599 15.449 8647.3 16.541 44333.0 42.98 "" "" 0.0027900841447116654 0.00347827 0.003923225 0.0074014952 92.14967714559 18.96157283815 2013.46765 -0.318 0.849
91.88154283124 18.83077221782 0.0409 0.0362 13.0939 "" "" 3374371056453138560 1722.81433 0.547 0.0487 -1.027 -0.161 0.054 0.04 2.224 6813.5 3.8959 14.240489 1.182233 14.734667 13.552434 46.07 12.98 1593.51135 1899.33582 37909.77494 15.768 17440.0 25.054 30074.0 31.321 "" "" 0.0027920830866564605 0.0031965398 0.0039449125 0.0071414523 91.88154283124 18.83077221782 1722.81433 -1.0270000000000001 -0.161
92.10468236346 18.83225540527 0.0189 0.0164 21.9855 "" "" 3373618303303217792 1802.25916 0.5193 0.02 2.114 -2.501 0.023 0.017 1.065 "" "" 14.250645 1.685962 15.045448 13.359487 "" "" 1728.51855 1869.34717 37556.83864 14.582 13099.0 32.311 35922.0 36.506 "" "" 0.0027873816547841217 0.0038675044 0.003937155 0.007804659 92.10468236346 18.83225540527 1802.25916 2.114 -2.5009999999999994
91.81115581706 19.12937705866 0.0207 0.0173 6.6408 "" "" 3374485886697827328 2153.03076 0.4228 0.0221 1.548 -2.678 0.025 0.019 0.981 9577.4 3.8118 14.255141 0.860598 14.594316 13.733719 "" "" 2044.60156 2258.80957 37401.61258 9.6655 19847.0 24.188 25449.0 22.796 "" "" 0.0027695694815263495 0.0030880312 0.0039025096 0.006990541 91.81115581706 19.12937705866 2153.03076 1.548 -2.678
