Clusters/FSR_0904/FSR_0904_members.tsv
# %ECSV 1.0
# ---
# datatype:
# - name: RA_ICRS_1
#   unit: deg
#   datatype: float64
#   format: '{:15.11f}'
#   description: Right ascension (ICRS) at Ep=2016.0 (ra)
#   meta: !!omap
#   - {ucd: POS_EQ_RA_MAIN}
#   - {width: 15}
#   - {precision: '11'}
# - name: DE_ICRS_1
#   unit: deg
#   datatype: float64
#   format: '{:15.11f}'
#   description: Declination (ICRS) at Ep=2016.0 (dec)
#   meta: !!omap
#   - {ucd: POS_EQ_DEC_MAIN}
#   - {width: 15}
#   - {precision: '11'}
# - name: e_RA_ICRS
#   unit: mas
#   datatype: float64
#   format: '{:7.4f}'
#   description: Standard error of right ascension (ra_error)
#   meta: !!omap
#   - {ucd: ERROR}
#   - {width: 7}
#   - {precision: '4'}
# - name: e_DE_ICRS
#   unit: mas
#   datatype: float64
#   format: '{:7.4f}'
#   description: Standard error of declination (dec_error)
#   meta: !!omap
#   - {ucd: ERROR}
#   - {width: 7}
#   - {precision: '4'}
# - name: _r_1
#   unit: ''
#   datatype: float64
#   format: '{:7.4f}'
#   description: Distance from center (091.77470717000+19.02419440000)[ICRS], at Epoch=J2016.0
#   meta: !!omap
#   - {ucd: POS_ANG_DIST_GENERAL}
#   - {width: 7}
#   - {precision: '4'}
# - name: HIP
#   datatype: int32
#   description: '? HIP cross-id number, van Leeuwen, Cat. I/311 (hip_original_ext_source_id)'
#   meta: !!omap
#   - {ucd: ID_NUMBER}
#   - {width: 6}
#   - values: {'null': -2147483648}
# - name: TYC2
#   datatype: string
#   description: Tycho-2 cross-id name, Hog et al., Cat. I/259 (tyc2_original_ext_source_id)
#   meta: !!omap
#   - {ucd: ID_CROSSID}
#   - {_votable_string_dtype: char}
# - name: Source
#   datatype: int64
#   description: Source identifier, identical to the Gaia-EDR3 source_id (id)
#   meta: !!omap
#   - {ucd: ID_MAIN}
#   - {width: 19}
# - name: rgeo
#   unit: pc
#   datatype: float64
#   format: '{:15.8f}'
#   description: '? Median of the geometric distance posterior (r_med_geo)'
#   meta: !!omap
#   - {ucd: PHYS_DISTANCE_TRUE}
#   - {width: 15}
#   - {precision: '8'}
#   - values: {'null': .nan}
# - name: Plx
#   unit: mas
#   datatype: float64
#   format: '{:9.4f}'
#   description: '? Parallax (parallax)'
#   meta: !!omap
#   - {ucd: POS_PARLX_TRIG}
#   - {width: 9}
#   - {precision: '4'}
#   - values: {'null': .nan}
# - name: e_Plx
#   unit: mas
#   datatype: float32
#   format: '{:7.4f}'
#   description: '? Standard error of parallax (parallax_error)'
#   meta: !!omap
#   - {ucd: ERROR}
#   - {width: 7}
#   - {precision: '4'}
#   - values: {'null': .nan}
# - name: pmRA
#   unit: mas / yr
#   datatype: float64
#   format: '{:9.3f}'
#   description: '? Proper motion in right ascension direction, pmRA*cosDE (pmra)'
#   meta: !!omap
#   - {ucd: POS_EQ_PMRA}
#   - {width: 9}
#   - {precision: '3'}
#   - values: {'null': .nan}
# - name: pmDE
#   unit: mas / yr
#   datatype: float64
#   format: '{:9.3f}'
#   description: '? Proper motion in declination direction (pmdec)'
#   meta: !!omap
#   - {ucd: POS_EQ_PMDEC}
#   - {width: 9}
#   - {precision: '3'}
#   - values: {'null': .nan}
# - name: e_pmRA
#   unit: mas / yr
#   datatype: float32
#   format: '{:6.3f}'
#   description: '? Standard error of proper motion in right ascension direction (pmra_error)'
#   meta: !!omap
#   - {ucd: ERROR}
#   - {width: 6}
#   - {precision: '3'}
#   - values: {'null': .nan}
# - name: e_pmDE
[...]
#       distance: !astropy.table.SerializedColumn
#         __class__: astropy.coordinates.distances.Distance
#         unit: !astropy.units.Unit {unit: pc}
#         value: !astropy.table.SerializedColumn {name: SkyCoord.distance}
#       frame: icrs
#       obstime: !astropy.time.Time {format: jyear_str, in_subfmt: '*', jd1: 367701545.0, jd2: 0.0, out_subfmt: '*', precision: 3, scale: tt}
#       pm_dec: !astropy.table.SerializedColumn
#         __class__: astropy.units.quantity.Quantity
#         unit: !astropy.units.Unit {unit: mas / yr}
#         value: !astropy.table.SerializedColumn {name: SkyCoord.pm_dec}
#       pm_ra_cosdec: !astropy.table.SerializedColumn
#         __class__: astropy.units.quantity.Quantity
#         unit: !astropy.units.Unit {unit: mas / yr}
#         value: !astropy.table.SerializedColumn {name: SkyCoord.pm_ra_cosdec}
#       ra: !astropy.table.SerializedColumn
#         __class__: astropy.coordinates.angles.Longitude
#         unit: *id001
#         value: !astropy.table.SerializedColumn {name: SkyCoord.ra}
#         wrap_angle: !astropy.coordinates.Angle
#           unit: *id001
#           value: 360.0
#       representation_type: spherical
# schema: astropy-2.0
RA_ICRS_1 DE_ICRS_1 e_RA_ICRS e_DE_ICRS _r_1 HIP TYC2 Source rgeo Plx e_Plx pmRA pmDE e_pmRA e_pmDE RUWE Teff logg Gmag BP-RP BPmag RPmag RV e_RV b_rgeo B_rgeo FG e_FG FBP e_FBP FRP e_FRP RAVE5 RAVE6 e_Gmag e_BPmag e_RPmag e_BP-RP SkyCoord.ra SkyCoord.dec SkyCoord.distance SkyCoord.pm_ra_cosdec SkyCoord.pm_dec rmRA rmDE e_rmRA e_rmDE rRV e_rRV v_pec v_pec3d e_vpec e_vpec3d Pmemb
91.72652646638 19.03445655417 0.0158 0.0142 2.8014 "" 1321-1425-1 3374390538424405632 2115.57153 0.4418 0.0187 -0.548 -1.086 0.02 0.015 1.08 41376.3 4.0581 9.126971 0.894218 9.467955 8.573736 "" "" 2027.71191 2214.03345 4208799.02269 6622.0 2229600.0 13555.0 2948900.0 12412.0 "" "" 0.0032419067189760394 0.007166287 0.0059302314 0.013096519 91.72652646638 19.03445655417 2115.57153 -0.548 -1.086 -0.05170833277702336 0.040729130744934006 0.124970034 0.11997003 "" "" 0.6600563954918345 "" 0.08123950516844708 "" 1.0
91.74777282853 19.02486477159 0.0131 0.0119 1.5283 "" 1321-1454-1 3374390259249542400 1979.34521 0.4717 0.0159 -0.498 -1.069 0.016 0.012 1.015 "" "" 9.358198 1.14929 9.835116 8.685826 35.95 0.16 1931.32361 2030.64429 3401475.40087 881.05 1589900.0 692.55 2659700.0 978.67 "" "" 0.0027696350324746717 0.0028299682 0.0038004387 0.0066304067 91.74777282853 19.02486477159 1979.34521 -0.49800000000000016 -1.069 -0.0017083327770233137 0.05772913074493413 0.12097003 0.11697003 3.7250000000000014 6.0499997 0.5418573599966209 3.7642043513314363 0.06338300173500967 5.986995657208436 1.0
91.70286701996 19.0199319098 0.0131 0.0117 4.083 "" "" 3374389022298961280 1993.58008 0.4714 0.0156 -0.497 -1.043 0.017 0.013 1.063 6676.0 3.1654 12.717298 0.656793 12.962027 12.305234 "" "" 1944.91663 2065.21875 154179.8319 42.512 89250.0 64.634 94856.0 59.57 "" "" 0.0027715360018656585 0.0028988419 0.0038403962 0.0067392383 91.70286701996 19.0199319098 1993.58008 -0.49699999999999983 -1.043 -0.0007083327770233128 0.08372913074493415 0.12197003 0.117970034 "" "" 0.7912325588979443 "" 0.09334196258700964 "" 0.9
91.74688315337 19.04637569558 0.0138 0.0121 2.0644 "" "" 3374390504064654464 2051.55713 0.4613 0.0164 -0.535 -1.107 0.017 0.013 1.111 "" "" 12.742893 0.882704 13.086413 12.20371 "" "" 1987.01074 2116.64624 150587.62639 71.772 79589.0 102.24 104150.0 240.7 "" "" 0.0028034925834932406 0.0031193488 0.0045365165 0.0076558655 91.74688315337 19.04637569558 2051.55713 -0.535 -1.107 -0.038708332777023347 0.019729130744934098 0.12197003 0.117970034 "" "" 0.42248754200323396 "" 0.051186897943959135 "" 1.0
91.78842391457 19.0159366026 0.0167 0.0143 0.9224 "" "" 3374387377324937344 2039.71582 0.4481 0.0187 -0.547 -1.028 0.021 0.016 1.352 10543.7 3.7597 13.758472 0.824174 14.058732 13.234558 "" "" 1975.91919 2130.07544 59095.98905 17.525 32503.0 85.147 40303.0 64.784 "" "" 0.0027740689119175837 0.0039843316 0.0041628815 0.008147214 91.78842391457 19.0159366026 2039.71582 -0.5469999999999994 -1.028 -0.05070833277702336 0.09872913074493406 0.12597004 0.12097003 "" "" 1.0730792322201779 "" 0.1309485219357962 "" 1.0
91.78805549551 19.02476960502 0.0157 0.0134 0.7579 "" "" 3374390332265956224 1980.68567 0.4603 0.0184 -0.609 -1.149 0.021 0.015 0.993 "" "" 13.882136 0.921866 14.252075 13.330209 "" "" 1904.49292 2073.53271 52734.19534 12.824 27201.0 28.036 36904.0 35.038 "" "" 0.002767941827481433 0.0030062194 0.003917442 0.0069236616 91.78805549551 19.02476960502 1980.68567 -0.6089999999999997 -1.149 -0.1127083327770233 -0.02227086925506594 0.12597004 0.11997003 "" "" 1.0786164667331615 "" 0.1356357482528356 "" 1.0
91.73468403659 19.04309186575 0.0164 0.0147 2.5375 "" "" 3374390572784136832 1998.63635 0.4569 0.0196 -0.499 -1.105 0.021 0.016 1.131 "" "" 13.936564 0.942596 14.313819 13.371223 "" "" 1933.9198 2090.32153 50155.76502 9.9213 25697.0 18.455 35536.0 30.532 "" "" 0.0027636778433749363 0.002897078 0.0038928054 0.0067898836 91.73468403659 19.04309186575 1998.63635 -0.49899999999999983 -1.105 -0.0027083327770233145 0.0217291307449341 0.12597004 0.12097003 "" "" 0.20744452939270336 "" 0.025110761342939103 "" 1.0
91.79248297892 19.01612791517 0.0149 0.0128 1.1185 "" "" 3374387377328458752 2037.0686 0.452 0.0169 -0.52 -1.075 0.019 0.014 0.997 11390.2 3.8318 13.940392 0.824672 14.265181 13.440509 "" "" 1972.17102 2131.25342 49979.3113 13.318 26875.0 32.558 33339.0 22.469 "" "" 0.002770468079606924 0.0030846607 0.0038495671 0.006934228 91.79248297892 19.01612791517 2037.0686 -0.5199999999999997 -1.075 -0.023708332777023333 0.051729130744934126 0.12397003 0.11897003 "" "" 0.5494416963558859 "" 0.0658522061975036 "" 1.0
91.56526743718 18.94563741141 0.0156 0.0141 12.7835 "" "" 3374383322879425408 1854.43469 0.5027 0.0194 -0.486 -1.085 0.02 0.014 1.055 10587.9 3.8876 14.037165 0.898261 14.394698 13.496437 "" "" 1789.24316 1927.2312 45717.33446 12.377 23853.0 19.035 31665.0 19.894 "" "" 0.002770954738823057 0.0029216008 0.0038404462 0.0067620473 91.56526743718 18.94563741141 1854.43469 -0.48600000000000004 -1.085 0.010291667222976697 0.04172913074493412 0.124970034 0.11897003 "" "" 0.3777908208088322 "" 0.045078837922544815 "" 0.9
91.93396976921 18.81969004284 0.0168 0.0143 15.2404 "" "" 3374368101515633280 1929.10693 0.4715 0.0187 -0.627 -1.156 0.021 0.016 1.03 "" "" 14.067718 1.048482 14.498117 13.449635 "" "" 1866.0094 2001.52515 44448.77396 10.049 21686.0 36.976 33060.0 24.965 "" "" 0.0027662324296088277 0.0033484579 0.003867291 0.0072157485 91.93396976921 18.81969004284 1929.10693 -0.6270000000000003 -1.156 -0.13070833277702332 -0.029270869255065834 0.12597004 0.12097003 "" "" 1.2247950913154613 "" 0.15400057152501706 "" 0.9
91.78698109289 19.022670485 0.0177 0.0151 0.7022 "" "" 3374387377328457728 1955.85999 0.4642 0.0206 -0.496 -1.213 0.024 0.017 0.965 "" "" 14.197651 0.925692 14.567992 13.642301 "" "" 1897.88367 2051.52759 39435.41794 18.962 20334.0 35.888 27685.0 67.943 "" "" 0.0028043427060514808 0.0033848248 0.004624238 0.008009063 91.78698109289 19.022670485 1955.85999 -0.49599999999999983 -1.2129999999999999 0.0002916672229766881 -0.086270869255066 0.12897003 0.12197003 "" "" 0.7998025054473515 "" 0.09755199955989023 "" 1.0
91.78821853993 18.98642803867 0.0174 0.0156 2.3921 "" "" 3374387171170042496 2134.00903 0.4258 0.0199 -0.45 -1.18 0.021 0.017 1.02 10696.8 3.7102 14.212401 0.91372 14.575335 13.661615 "" "" 2056.39648 2220.07886 38903.26864 8.5834 20197.0 25.097 27196.0 23.586 "" "" 0.0027657140069365913 0.0030992331 0.0038949156 0.0069941487 91.78821853993 18.98642803867 2134.00903 -0.44999999999999973 -1.1800000000000004 0.04629166722297667 -0.053270869255065856 0.12597004 0.12197003 "" "" 0.7138713609324904 "" 0.08831078536166317 "" 1.0
91.73049760521 19.04396239005 0.0181 0.0168 2.7739 "" "" 3374390568487920640 2171.19971 0.4215 0.022 -0.418 -1.115 0.022 0.018 1.019 9831.4 3.7962 14.36948 0.962743 14.757002 13.794259 "" "" 2072.03198 2261.20117 33663.15632 7.6973 17085.0 20.984 24069.0 21.352 "" "" 0.0027664820172585906 0.0030924599 0.0039001836 0.0069926437 91.73049760521 19.04396239005 2171.19971 -0.4179999999999998 -1.115 0.0782916672229767 0.011729130744934091 0.12697002 0.12297003 "" "" 0.8147294672773305 "" 0.10337578449882148 "" 1.0
91.79210714065 19.02589662073 0.0289 0.0265 0.9922 "" "" 3374387411688193152 1841.1825 0.4984 0.0353 -0.337 -1.044 0.036 0.028 1.515 10792.3 4.1686 14.374133 0.84462 14.699813 13.855193 "" "" 1725.34229 1953.97876 33519.19031 29.813 18009.0 48.447 22755.0 84.74 "" "" 0.0029196474383291976 0.004039321 0.005534618 0.009573939 91.79210714065 19.02589662073 1841.1825 -0.33699999999999986 -1.044 0.15929166722297666 0.08272913074493404 0.14097002 0.13297004 "" "" 1.5664772549488744 "" 0.21822439170441146 "" 1.0
91.88051199742 19.12935417359 0.022 0.0196 8.7067 "" "" 3374485371301730176 2219.33643 0.4105 0.0261 -0.325 -1.332 0.027 0.02 0.94 "" "" 14.456661 1.68922 15.253624 13.564405 28.5 11.62 2076.8811 2323.50122 31065.79177 9.417 10814.0 24.617 29744.0 27.213 "" "" 0.0027749071099532887 0.0037274268 0.0039077443 0.007635171 91.88051199742 19.12935417359 2219.33643 -0.32499999999999984 -1.332 0.17129166722297667 -0.205270869255066 0.13197003 0.124970034 -3.7250000000000014 17.51 2.8124482213293325 4.667492902796804 0.3596835950769492 13.975938750653865 0.9
91.75386812322 19.02099263353 0.0217 0.0199 1.1976 "" "" 3374390297906231296 2075.93701 0.4462 0.0254 -0.664 -1.225 0.027 0.021 1.136 9828.3 3.9505 14.472901 0.938104 14.846456 13.908352 "" "" 1974.20825 2210.0708 30604.57168 9.2729 15734.0 28.452 21668.0 17.416 "" "" 0.0027748890614679987 0.0034117145 0.0038788263 0.0072905407 91.75386812322 19.02099263353 2075.93701 -0.664 -1.225 -0.16770833277702335 -0.098270869255066 0.13197003 0.12597004 "" "" 1.9126793158565878 "" 0.2495333549345828 "" 1.0
91.8858117593 19.09101978548 0.0227 0.0198 7.4684 "" "" 3374481866608428544 2240.62817 0.4044 0.0242 -0.244 -1.118 0.027 0.021 1.124 "" "" 14.479157 1.462468 15.137804 13.675336 "" "" 2133.47339 2354.84375 30428.75759 7.7302 12031.0 27.287 26855.0 22.385 "" "" 0.002769091520586013 0.0037214262 0.0038862296 0.0076076556 91.8858117593 19.09101978548 2240.62817 -0.244 -1.1180000000000003 0.2522916672229767 0.008729130744933977 0.13197003 0.12597004 "" "" 2.681086557070284 "" 0.35380428389759505 "" 0.9
91.84457298813 18.86125374274 0.0212 0.0182 10.5499 "" "" 3374372151667807232 2105.88599 0.4376 0.0244 -0.508 -1.076 0.029 0.021 1.038 9762.8 3.7402 14.592794 0.948714 14.974167 14.025453 "" "" 2009.87354 2203.07666 27404.93702 8.1704 13988.0 20.038 19453.0 20.185 "" "" 0.002774269130385378 0.0031943864 0.0039437213 0.007138108 91.84457298813 18.86125374274 2105.88599 -0.5080000000000003 -1.0760000000000005 -0.011708332777023323 0.050729130744934015 0.13397002 0.12597004 "" "" 0.5196851262376116 "" 0.06568133658138439 "" 1.0
91.7231995038 18.9526969561 0.0208 0.0188 5.1906 "" "" 3374385590622109440 2017.65735 0.4535 0.0249 -0.495 -1.092 0.025 0.02 1.024 "" "" 14.607715 0.856113 14.943834 14.087722 "" "" 1932.06787 2122.66943 27030.93003 7.946 14384.0 25.374 18368.0 16.128 "" "" 0.002773743698881646 0.0033842823 0.003897764 0.0072820466 91.7231995038 18.9526969561 2017.65735 -0.49500000000000016 -1.0919999999999994 0.001291667222976689 0.034729130744934 0.12997003 0.124970034 "" "" 0.3323684860927893 "" 0.04153844242045091 "" 0.9
91.73779707204 19.06431561477 0.0243 0.0217 3.1902 "" "" 3374391431777586688 2095.43091 0.4387 0.0282 -0.107 -1.158 0.031 0.024 1.123 8599.2 3.3275 14.907408 1.275819 15.458677 14.182858 "" "" 1982.28796 2224.14624 20510.84483 5.7795 8952.5 14.116 16827.0 17.389 "" "" 0.002772252951184849 0.003273504 0.0039424114 0.0072159152 91.73779707204 19.06431561477 2095.43091 -0.107 -1.1580000000000001 0.3892916672229767 -0.031270869255065836 0.13597003 0.12897003 "" "" 3.8790327140352328 "" 0.5272625501811361 "" 0.8
91.64943630755 19.06062364436 0.0238 0.0215 7.4336 "" "" 3374437061510169856 2001.49634 0.4569 0.0287 -0.402 -1.161 0.031 0.022 0.977 7854.3 3.7589 14.983699 1.004394 15.393269 14.388875 "" "" 1899.80652 2129.80811 19119.09207 5.9419 9508.4 16.265 13919.0 16.858 "" "" 0.002775904845322749 0.0033517808 0.004001615 0.007353396 91.64943630755 19.06062364436 2001.49634 -0.40199999999999986 -1.161 0.09429166722297666 -0.03427086925506595 0.13597003 0.12697002 "" "" 0.9518070082352992 "" 0.12844710567243764 "" 0.9
91.78118387415 19.01395838015 0.0238 0.0209 0.7157 "" "" 3374387274249248896 1991.12134 0.4614 0.0279 -0.772 -1.07 0.031 0.024 1.027 9500.6 4.152 14.9857 1.081963 15.437624 14.355661 "" "" 1866.63062 2124.84204 19083.89335 6.0322 9127.8 18.116 14351.0 23.309 "" "" 0.0027766108694605046 0.003525408 0.0041705538 0.0076959617 91.78118387415 19.01395838015 1991.12134 -0.772 -1.0699999999999996 -0.27570833277702333 0.05672913074493402 0.13597003 0.12897003 "" "" 2.6566227251632366 "" 0.36048443067533575 "" 0.9
91.78683948484 19.04386295594 0.025 0.0215 1.3661 "" "" 3374390435345558528 1941.43787 0.4743 0.0284 -0.53 -1.085 0.033 0.024 0.967 9949.9 4.3022 15.026068 0.963708 15.412039 14.448331 "" "" 1854.01123 2046.60742 18387.3698 6.6483 9345.5 20.373 13177.0 22.945 "" "" 0.002783145582402092 0.0036588497 0.0042258766 0.007884726 91.78683948484 19.04386295594 1941.43787 -0.5299999999999997 -1.0849999999999997 -0.03370833277702334 0.04172913074493412 0.13797003 0.12897003 "" "" 0.49364522653533877 "" 0.0654557843553488 "" 1.0
91.71386323194 18.98149812629 0.0279 0.0252 4.2985 "" "" 3374388648638817664 1846.59961 0.4972 0.0364 -0.48 -1.232 0.039 0.027 1.009 9411.8 4.1772 15.225472 0.911215 15.588415 14.6772 "" "" 1735.88867 1991.5293 15302.34121 5.189 7944.2 15.278 10673.0 17.165 "" "" 0.0027798092757126496 0.0034849672 0.0041632643 0.0076482315 91.71386323194 18.98149812629 1846.59961 -0.48000000000000015 -1.232 0.016291667222976702 -0.1052708692550659 0.14397003 0.13197003 "" "" 0.9323925013878099 "" 0.12332117127642685 "" 0.8
91.71896406971 19.06194903427 0.0256 0.0227 3.8893 "" "" 3374391397417855872 2062.72754 0.4466 0.0299 -0.439 -1.101 0.033 0.025 1.01 7995.0 4.1773 15.252137 0.964156 15.644206 14.68005 "" "" 1942.59949 2212.54517 14931.10044 4.9256 7546.3 13.934 10645.0 14.598 "" "" 0.0027785025814787566 0.003435721 0.004062095 0.0074978163 91.71896406971 19.06194903427 2062.72754 -0.43899999999999983 -1.101 0.05729166722297668 0.025729130744934103 0.13797003 0.12997003 "" "" 0.6140538537712872 "" 0.08391664420773189 "" 1.0
91.70998121778 19.0478221658 0.0272 0.024 3.9354 "" "" 3374391294338650752 2138.39233 0.4374 0.0314 -0.462 -1.07 0.033 0.026 0.986 9340.5 4.2907 15.291784 0.945971 15.674431 14.728459 "" "" 2004.19702 2263.9458 14395.71096 5.2045 7339.1 18.044 10181.0 17.005 "" "" 0.0027831398318917087 0.0038614462 0.004191945 0.008053391 91.70998121778 19.0478221658 2138.39233 -0.462 -1.07 0.03429166722297666 0.05672913074493402 0.13797003 0.13097003 "" "" 0.6718948715804112 "" 0.08928102693071474 "" 0.8
91.77343611626 19.00241377568 0.0283 0.0243 1.3088 "" "" 3374387239889517440 1678.06091 0.557 0.031 -0.515 -1.059 0.038 0.028 1.02 9429.0 4.1836 15.302159 1.022363 15.719835 14.697473 "" "" 1589.93347 1775.33838 14258.80566 4.9493 7038.5 10.349 10475.0 19.082 "" "" 0.002780973939971527 0.0032145842 0.004265634 0.007480218 91.77343611626 19.00241377568 1678.06091 -0.515 -1.0590000000000002 -0.01870833277702333 0.06772913074493414 0.14297003 0.13297004 "" "" 0.558892194163032 "" 0.07472588134401885 "" 0.9
91.70164998037 19.03948624445 0.0278 0.0248 4.2442 "" "" 3374389816869904640 1822.00964 0.5081 0.0325 -0.616 -1.2 0.035 0.027 1.06 9670.8 4.3534 15.319197 0.991573 15.723089 14.731516 "" "" 1727.6355 1921.23926 14036.79776 4.9225 7017.5 12.639 10152.0 14.764 "" "" 0.0027815034340307 0.003407194 0.0040959623 0.0075031566 91.70164998037 19.03948624445 1822.00964 -0.6160000000000002 -1.2000000000000006 -0.11970833277702331 -0.07327086925506587 0.13997003 0.13197003 "" "" 1.2121262394978045 "" 0.16707436113570637 "" 1.0
91.6807881477 19.00742855031 0.027 0.0246 5.4218 "" "" 3374389679430969984 1928.95032 0.4777 0.0334 -0.524 -1.1 0.034 0.025 0.992 9467.8 4.2173 15.327871 1.034118 15.753823 14.719706 "" "" 1802.38953 2094.9231 13925.09762 4.7218 6821.6 15.254 10263.0 12.091 "" "" 0.0027798074278708946 0.0036985811 0.0039899726 0.007688554 91.6807881477 19.00742855031 1928.95032 -0.5239999999999998 -1.1 -0.027708332777023337 0.026729130744933993 0.13897003 0.12997003 "" "" 0.3520079853067402 "" 0.047417923532283045 "" 0.9
91.72362828514 18.98078197022 0.0308 0.0277 3.8963 "" "" 3374388579919705216 2035.55139 0.4544 0.0387 -0.56 -1.125 0.041 0.03 1.048 9210.2 4.2976 15.387203 0.997176 15.793462 14.796286 "" "" 1895.28235 2205.25806 13184.54884 4.7169 6577.1 25.517 9564.1 13.625 "" "" 0.002782565237708668 0.005052577 0.0040836413 0.009136219 91.72362828514 18.98078197022 2035.55139 -0.56 -1.1250000000000004 -0.06370833277702337 0.001729130744934082 0.14597003 0.13497002 "" "" 0.6149170798219126 "" 0.0897546739415192 "" 0.9
