Clusters/FSR_0904/FSR_0904_members.tsv
# %ECSV 1.0
# ---
# datatype:
# - name: RA_ICRS_1
#   unit: deg
#   datatype: float64
#   format: '{:15.11f}'
#   description: Right ascension (ICRS) at Ep=2016.0 (ra)
#   meta: !!omap
#   - {ucd: POS_EQ_RA_MAIN}
#   - {width: 15}
#   - {precision: '11'}
# - name: DE_ICRS_1
#   unit: deg
#   datatype: float64
#   format: '{:15.11f}'
#   description: Declination (ICRS) at Ep=2016.0 (dec)
#   meta: !!omap
#   - {ucd: POS_EQ_DEC_MAIN}
#   - {width: 15}
#   - {precision: '11'}
# - name: e_RA_ICRS
#   unit: mas
#   datatype: float64
#   format: '{:7.4f}'
#   description: Standard error of right ascension (ra_error)
#   meta: !!omap
#   - {ucd: ERROR}
#   - {width: 7}
#   - {precision: '4'}
# - name: e_DE_ICRS
#   unit: mas
#   datatype: float64
#   format: '{:7.4f}'
#   description: Standard error of declination (dec_error)
#   meta: !!omap
#   - {ucd: ERROR}
#   - {width: 7}
#   - {precision: '4'}
# - name: _r_1
#   unit: ''
#   datatype: float64
#   format: '{:7.4f}'
#   description: Distance from center (091.77470717000+19.02419440000)[ICRS], at Epoch=J2016.0
#   meta: !!omap
#   - {ucd: POS_ANG_DIST_GENERAL}
#   - {width: 7}
#   - {precision: '4'}
# - name: HIP
#   datatype: int32
#   description: '? HIP cross-id number, van Leeuwen, Cat. I/311 (hip_original_ext_source_id)'
#   meta: !!omap
#   - {ucd: ID_NUMBER}
#   - {width: 6}
#   - values: {'null': -2147483648}
# - name: TYC2
#   datatype: string
#   description: Tycho-2 cross-id name, Hog et al., Cat. I/259 (tyc2_original_ext_source_id)
#   meta: !!omap
#   - {ucd: ID_CROSSID}
#   - {_votable_string_dtype: char}
# - name: Source
#   datatype: int64
#   description: Source identifier, identical to the Gaia-EDR3 source_id (id)
#   meta: !!omap
#   - {ucd: ID_MAIN}
#   - {width: 19}
# - name: rgeo
#   unit: pc
#   datatype: float64
#   format: '{:15.8f}'
#   description: '? Median of the geometric distance posterior (r_med_geo)'
#   meta: !!omap
#   - {ucd: PHYS_DISTANCE_TRUE}
#   - {width: 15}
#   - {precision: '8'}
#   - values: {'null': .nan}
# - name: Plx
#   unit: mas
#   datatype: float64
#   format: '{:9.4f}'
#   description: '? Parallax (parallax)'
#   meta: !!omap
#   - {ucd: POS_PARLX_TRIG}
#   - {width: 9}
#   - {precision: '4'}
#   - values: {'null': .nan}
# - name: e_Plx
#   unit: mas
#   datatype: float32
#   format: '{:7.4f}'
#   description: '? Standard error of parallax (parallax_error)'
#   meta: !!omap
#   - {ucd: ERROR}
#   - {width: 7}
#   - {precision: '4'}
#   - values: {'null': .nan}
# - name: pmRA
#   unit: mas / yr
#   datatype: float64
#   format: '{:9.3f}'
#   description: '? Proper motion in right ascension direction, pmRA*cosDE (pmra)'
#   meta: !!omap
#   - {ucd: POS_EQ_PMRA}
#   - {width: 9}
#   - {precision: '3'}
#   - values: {'null': .nan}
# - name: pmDE
#   unit: mas / yr
#   datatype: float64
#   format: '{:9.3f}'
#   description: '? Proper motion in declination direction (pmdec)'
#   meta: !!omap
#   - {ucd: POS_EQ_PMDEC}
#   - {width: 9}
#   - {precision: '3'}
#   - values: {'null': .nan}
# - name: e_pmRA
#   unit: mas / yr
#   datatype: float32
#   format: '{:6.3f}'
#   description: '? Standard error of proper motion in right ascension direction (pmra_error)'
#   meta: !!omap
#   - {ucd: ERROR}
#   - {width: 6}
#   - {precision: '3'}
#   - values: {'null': .nan}
# - name: e_pmDE
[...]
#       distance: !astropy.table.SerializedColumn
#         __class__: astropy.coordinates.distances.Distance
#         unit: !astropy.units.Unit {unit: pc}
#         value: !astropy.table.SerializedColumn {name: SkyCoord.distance}
#       frame: icrs
#       obstime: !astropy.time.Time {format: jyear_str, in_subfmt: '*', jd1: 367701545.0, jd2: 0.0, out_subfmt: '*', precision: 3, scale: tt}
#       pm_dec: !astropy.table.SerializedColumn
#         __class__: astropy.units.quantity.Quantity
#         unit: !astropy.units.Unit {unit: mas / yr}
#         value: !astropy.table.SerializedColumn {name: SkyCoord.pm_dec}
#       pm_ra_cosdec: !astropy.table.SerializedColumn
#         __class__: astropy.units.quantity.Quantity
#         unit: !astropy.units.Unit {unit: mas / yr}
#         value: !astropy.table.SerializedColumn {name: SkyCoord.pm_ra_cosdec}
#       ra: !astropy.table.SerializedColumn
#         __class__: astropy.coordinates.angles.Longitude
#         unit: *id001
#         value: !astropy.table.SerializedColumn {name: SkyCoord.ra}
#         wrap_angle: !astropy.coordinates.Angle
#           unit: *id001
#           value: 360.0
#       representation_type: spherical
# schema: astropy-2.0
RA_ICRS_1 DE_ICRS_1 e_RA_ICRS e_DE_ICRS _r_1 HIP TYC2 Source rgeo Plx e_Plx pmRA pmDE e_pmRA e_pmDE RUWE Teff logg Gmag BP-RP BPmag RPmag RV e_RV b_rgeo B_rgeo FG e_FG FBP e_FBP FRP e_FRP RAVE5 RAVE6 e_Gmag e_BPmag e_RPmag e_BP-RP SkyCoord.ra SkyCoord.dec SkyCoord.distance SkyCoord.pm_ra_cosdec SkyCoord.pm_dec rmRA rmDE e_rmRA e_rmDE rRV e_rRV v_pec v_pec3d e_vpec e_vpec3d Pmemb
[from data line 31]
91.73562139742 19.12539060792 0.0301 0.0266 6.4636 "" "" 3374392222051547392 2038.81226 0.4473 0.0346 -0.441 -1.227 0.04 0.03 1.065 9460.2 4.3291 15.454493 1.022228 15.873732 14.851503 "" "" 1909.62561 2192.44556 12392.22126 4.2867 6108.4 22.573 9089.8 11.538 "" "" 0.0027807997010914037 0.0048870295 0.004022817 0.008909847 91.73562139742 19.12539060792 2038.81226 -0.441 -1.2270000000000005 0.05529166722297668 -0.10027086925506601 0.14497003 0.13497002 "" "" 1.10657376956883 "" 0.1520065054660011 "" 0.8
91.74778203274 19.07670416305 0.0283 0.0252 3.5011 "" "" 3374391466137316352 1952.06384 0.4672 0.0332 -0.474 -1.128 0.036 0.028 0.952 9289.8 4.2844 15.501214 1.026705 15.9199 14.893195 "" "" 1853.86133 2048.69629 11870.28672 4.6368 5854.1 10.755 8747.4 24.532 "" "" 0.0027877699203219812 0.0034298426 0.0048533874 0.00828323 91.74778203274 19.07670416305 1952.06384 -0.47400000000000014 -1.1280000000000006 0.022291667222976708 -0.0012708692550658096 0.14097002 0.13297004 "" "" 0.20659487682151334 "" 0.029118481225513693 "" 0.8
91.66038522749 19.05765972215 0.0311 0.0275 6.7878 "" "" 3374390121811178496 2008.42273 0.4603 0.0356 -0.502 -1.122 0.041 0.029 1.017 "" "" 15.530818 1.066517 15.97303 14.906513 "" "" 1874.94653 2167.15869 11551.00398 4.6165 5574.5 14.237 8640.8 19.449 "" "" 0.0027892799575855243 0.0039337156 0.0045006596 0.008434376 91.66038522749 19.05765972215 2008.42273 -0.502 -1.1220000000000008 -0.005708332777023317 0.004729130744933974 0.14597003 0.13397002 "" "" 0.07056937858023273 "" 0.009965039379628624 "" 1.0
91.91298487362 19.13289454879 0.0376 0.0328 10.1989 "" "" 3374482382004480128 2267.22095 0.4079 0.0407 -0.565 -1.099 0.044 0.035 1.13 "" "" 15.549485 1.517866 16.239634 14.721767 "" "" 2072.84717 2487.29272 11354.09573 4.6198 4360.8 14.317 10244.0 12.786 "" "" 0.002790510522147942 0.004526741 0.004014994 0.008541735 91.91298487362 19.13289454879 2267.22095 -0.5649999999999998 -1.0989999999999993 -0.06870833277702326 0.027729130744934105 0.14897004 0.13997003 "" "" 0.7962474661589984 "" 0.11763959020600089 "" 1.0
91.85735922321 18.93415670763 0.0314 0.0273 7.1537 "" "" 3374385831140622720 2082.63306 0.4436 0.0351 -0.473 -1.117 0.041 0.031 1.02 9598.0 4.3266 15.563102 1.068661 16.010748 14.942087 "" "" 1967.07361 2260.94263 11212.58854 4.552 5384.2 17.156 8362.3 13.19 "" "" 0.0027903539825735453 0.004444492 0.0041492837 0.008593775 91.85735922321 18.93415670763 2082.63306 -0.47299999999999964 -1.1170000000000007 0.02329166722297671 0.00972913074493409 0.14597003 0.13597003 "" "" 0.24918080459883135 "" 0.036013653087847326 "" 1.0
91.7743735281 19.02182405598 0.0325 0.0296 0.1435 "" "" 3374390332265962368 1878.76367 0.5014 0.0391 -0.365 -1.215 0.041 0.032 1.028 9269.5 4.1386 15.594134 1.124964 16.062323 14.937359 "" "" 1742.05933 2032.46411 10896.64988 5.3327 5134.4 13.556 8398.8 13.705 "" "" 0.00280608612067345 0.004000301 0.0041740374 0.008174338 91.7743735281 19.02182405598 1878.76367 -0.365 -1.2150000000000007 0.1312916672229767 -0.088270869255066 0.14597003 0.13697003 "" "" 1.4088812781728957 "" 0.20179253779508316 "" 0.9
91.82695308268 18.82398016369 0.0359 0.0309 12.3734 "" "" 3374371636272218752 2162.89844 0.4206 0.0396 -0.518 -1.121 0.049 0.036 1.089 9229.2 4.4894 15.595917 1.133305 16.07463 14.941326 "" "" 1982.51294 2365.35596 10878.77822 4.7332 5076.5 15.77 8368.1 22.86 "" "" 0.002795521423514199 0.0043773144 0.0048042675 0.009181581 91.82695308268 18.82398016369 2162.89844 -0.518 -1.121 -0.02170833277702333 0.005729130744934086 0.15397003 0.14097002 "" "" 0.23017698555093768 "" 0.03525324512434239 "" 1.0
91.80761424977 19.00378509393 0.0324 0.0277 2.2325 "" "" 3374387304312579328 2064.17896 0.4515 0.0361 -0.516 -1.131 0.044 0.034 1.105 9247.4 4.2678 15.644091 1.103887 16.105175 15.001288 "" "" 1931.40295 2297.22339 10406.64251 4.0388 4935.7 16.341 7918.5 14.071 "" "" 0.002787354303373224 0.0045504295 0.004243352 0.0087937815 91.80761424977 19.00378509393 2064.17896 -0.516 -1.1310000000000007 -0.01970833277702333 -0.004270869255065923 0.14897004 0.13897003 "" "" 0.19730619680072042 "" 0.029307057135763512 "" 1.0
91.75496674648 19.00288474354 0.0319 0.028 1.6996 "" "" 3374390194827023616 1890.12292 0.495 0.0383 -0.531 -1.106 0.041 0.03 0.96 9102.9 4.3031 15.67201 1.15153 16.16144 15.00991 "" "" 1741.77271 2089.44214 10142.44117 4.6452 4686.4 16.924 7855.9 22.695 "" "" 0.002799832129692541 0.0048123444 0.004911411 0.0097237555 91.75496674648 19.00288474354 1890.12292 -0.531 -1.106 -0.03470833277702334 0.020729130744933988 0.14597003 0.13497002 "" "" 0.3621954137125692 "" 0.05185185922027075 "" 0.8
91.77716143619 19.07553704262 0.0351 0.0313 3.0837 "" "" 3374391088180184832 2104.8125 0.4435 0.0439 -0.438 -1.103 0.047 0.034 1.076 9088.8 4.3472 15.67393 1.092034 16.13242 15.040385 "" "" 1945.28528 2262.11401 10124.5235 3.948 4813.4 15.567 7638.4 8.5014 "" "" 0.002787658001674167 0.0044849534 0.003967867 0.00845282 91.77716143619 19.07553704262 2104.8125 -0.43799999999999983 -1.103 0.058291667222976684 0.0237291307449341 0.15197003 0.13897003 "" "" 0.627904557286151 "" 0.09430539286079893 "" 1.0
91.70337646233 19.0653602774 0.0315 0.0281 4.74 "" "" 3374391358761766656 2133.58765 0.434 0.0369 -0.559 -1.209 0.04 0.03 1.012 9100.1 4.4491 15.700922 1.158636 16.175657 15.017021 "" "" 1966.4906 2299.41455 9875.92759 4.0875 4625.5 29.922 7804.6 26.381 "" "" 0.0027917240035547964 0.0075574606 0.0052680694 0.01282553 91.70337646233 19.0653602774 2133.58765 -0.559 -1.209 -0.06270833277702337 -0.08227086925506599 0.14497003 0.13497002 "" "" 1.0461587255177842 "" 0.14513215641857724 "" 1.0
91.70976412488 18.99009280555 0.0334 0.0299 4.2142 "" "" 3374388644342359680 1788.44958 0.5288 0.0419 -0.584 -1.16 0.043 0.031 0.955 8440.6 4.4864 15.720186 1.10433 16.181385 15.077055 "" "" 1671.85181 1906.25525 9702.24847 3.685 4601.1 10.362 7384.8 19.202 "" "" 0.0027860079376526687 0.0037099633 0.004717397 0.00842736 91.70976412488 18.99009280555 1788.44958 -0.584 -1.1600000000000001 -0.08770833277702328 -0.03327086925506584 0.14797004 0.13597003 "" "" 0.7952231869026676 "" 0.11651177254988304 "" 0.8
91.72875321086 18.99740962926 0.0345 0.0304 3.0624 "" "" 3374388747421583232 1982.71899 0.4721 0.0414 -0.613 -1.178 0.044 0.033 0.964 8672.8 4.221 15.842693 1.131369 16.316353 15.184984 "" "" 1846.89734 2171.03345 8667.00873 3.767 4063.3 19.601 6686.0 13.501 "" "" 0.0027954390984897956 0.0059343413 0.0043692603 0.010303602 91.72875321086 18.99740962926 1982.71899 -0.6129999999999997 -1.178 -0.1167083327770233 -0.051270869255065854 0.14897004 0.13797003 "" "" 1.1980087858183524 "" 0.17640234024244708 "" 1.0
91.63254338214 18.99106009819 0.0336 0.0307 8.3062 "" "" 3374389198394649856 1857.39722 0.5082 0.0416 -0.455 -1.172 0.042 0.03 0.956 9485.4 4.2832 15.862144 1.20212 16.375565 15.173445 "" "" 1708.82788 2004.03674 8513.12473 3.675 3847.6 14.927 6757.4 10.835 "" "" 0.0027949001341145475 0.0050524753 0.0041610645 0.00921354 91.63254338214 18.99106009819 1857.39722 -0.4549999999999999 -1.1720000000000006 0.04129166722297667 -0.04527086925506585 0.14697003 0.13497002 "" "" 0.5394565755156792 "" 0.07581879484160461 "" 0.8
91.82747831777 19.00492662516 0.0397 0.0345 3.209 "" "" 3374387136810281728 1708.59009 0.553 0.0453 -0.617 -0.976 0.052 0.038 1.036 9371.4 4.3697 15.991672 1.311429 16.564814 15.253385 "" "" 1588.82959 1848.69568 7555.7605 3.5835 3232.1 9.838 6277.8 20.871 "" "" 0.0028030249378093214 0.004325137 0.005226184 0.009551321 91.82747831777 19.00492662516 1708.59009 -0.617 -0.976 -0.12070833277702331 0.1507291307449341 0.15697002 0.14297003 "" "" 1.5639076044777553 "" 0.23239265163130485 "" 0.9
91.70020358466 19.06974489085 0.0374 0.0328 5.0323 "" "" 3374391603576289024 1888.50061 0.507 0.0436 -0.454 -1.14 0.049 0.037 0.993 8209.9 4.2529 16.00991 1.247534 16.548311 15.300777 "" "" 1747.91956 2041.25366 7429.89782 4.2726 3281.7 17.377 6009.6 12.454 "" "" 0.0028251747513044476 0.006390404 0.004398448 0.010788852 91.70020358466 19.06974489085 1888.50061 -0.45399999999999985 -1.1400000000000003 0.04229166722297667 -0.01327086925506582 0.15397003 0.14197004 "" "" 0.3967744642121452 "" 0.06067982038268946 "" 0.8
91.79917738852 18.9397851926 0.041 0.0353 5.2514 "" "" 3374384628549415296 1963.0387 0.4813 0.0457 -0.504 -1.113 0.052 0.041 0.933 8210.4 4.2804 16.136019 1.299631 16.705687 15.406055 "" "" 1801.79797 2216.63794 6615.14742 4.3587 2838.9 13.862 5454.3 14.073 "" "" 0.002846676939992422 0.00599092 0.004704408 0.010695328 91.79917738852 18.9397851926 1963.0387 -0.504 -1.113 -0.007708332777023319 0.013729130744934093 0.15697002 0.14597003 "" "" 0.14650483935501604 "" 0.02178243894441743 "" 1.0
