Clusters/UBC_483/UBC_483_stars_in_region.tsv
# %ECSV 1.0
# ---
# datatype:
# - name: RA_ICRS_1
#   unit: deg
#   datatype: float64
#   format: '{:15.11f}'
#   description: Right ascension (ICRS) at Ep=2016.0 (ra)
#   meta: !!omap
#   - {ucd: POS_EQ_RA_MAIN}
#   - {width: 15}
#   - {precision: '11'}
# - name: DE_ICRS_1
#   unit: deg
#   datatype: float64
#   format: '{:15.11f}'
#   description: Declination (ICRS) at Ep=2016.0 (dec)
#   meta: !!omap
#   - {ucd: POS_EQ_DEC_MAIN}
#   - {width: 15}
#   - {precision: '11'}
# - name: e_RA_ICRS
#   unit: mas
#   datatype: float64
#   format: '{:7.4f}'
#   description: Standard error of right ascension (ra_error)
#   meta: !!omap
#   - {ucd: ERROR}
#   - {width: 7}
#   - {precision: '4'}
# - name: e_DE_ICRS
#   unit: mas
#   datatype: float64
#   format: '{:7.4f}'
#   description: Standard error of declination (dec_error)
#   meta: !!omap
#   - {ucd: ERROR}
#   - {width: 7}
#   - {precision: '4'}
# - name: _r_1
#   unit: ''
#   datatype: float64
#   format: '{:7.4f}'
#   description: Distance from center (133.73640853000-47.43920574000)[ICRS], at Epoch=J2016.0
#   meta: !!omap
#   - {ucd: POS_ANG_DIST_GENERAL}
#   - {width: 7}
#   - {precision: '4'}
# - name: HIP
#   datatype: int32
#   description: '? HIP cross-id number, van Leeuwen, Cat. I/311 (hip_original_ext_source_id)'
#   meta: !!omap
#   - {ucd: ID_NUMBER}
#   - {width: 6}
#   - values: {'null': -2147483648}
# - name: TYC2
#   datatype: string
#   description: Tycho-2 cross-id name, Hog et al., Cat. I/259 (tyc2_original_ext_source_id)
#   meta: !!omap
#   - {ucd: ID_CROSSID}
#   - {_votable_string_dtype: char}
# - name: Source
#   datatype: int64
#   description: Source identifier, identical to the Gaia-EDR3 source_id (id)
#   meta: !!omap
#   - {ucd: ID_MAIN}
#   - {width: 19}
# - name: rgeo
#   unit: pc
#   datatype: float64
#   format: '{:15.8f}'
#   description: '? Median of the geometric distance posterior (r_med_geo)'
#   meta: !!omap
#   - {ucd: PHYS_DISTANCE_TRUE}
#   - {width: 15}
#   - {precision: '8'}
#   - values: {'null': .nan}
# - name: Plx
#   unit: mas
#   datatype: float64
#   format: '{:9.4f}'
#   description: '? Parallax (parallax)'
#   meta: !!omap
#   - {ucd: POS_PARLX_TRIG}
#   - {width: 9}
#   - {precision: '4'}
#   - values: {'null': .nan}
# - name: e_Plx
#   unit: mas
#   datatype: float32
#   format: '{:7.4f}'
#   description: '? Standard error of parallax (parallax_error)'
#   meta: !!omap
#   - {ucd: ERROR}
#   - {width: 7}
#   - {precision: '4'}
#   - values: {'null': .nan}
# - name: pmRA
#   unit: mas / yr
#   datatype: float64
#   format: '{:9.3f}'
#   description: '? Proper motion in right ascension direction, pmRA*cosDE (pmra)'
#   meta: !!omap
#   - {ucd: POS_EQ_PMRA}
#   - {width: 9}
#   - {precision: '3'}
#   - values: {'null': .nan}
# - name: pmDE
#   unit: mas / yr
#   datatype: float64
#   format: '{:9.3f}'
#   description: '? Proper motion in declination direction (pmdec)'
#   meta: !!omap
#   - {ucd: POS_EQ_PMDEC}
#   - {width: 9}
#   - {precision: '3'}
#   - values: {'null': .nan}
# - name: e_pmRA
#   unit: mas / yr
#   datatype: float32
#   format: '{:6.3f}'
#   description: '? Standard error of proper motion in right ascension direction (pmra_error)'
#   meta: !!omap
#   - {ucd: ERROR}
#   - {width: 6}
#   - {precision: '3'}
#   - values: {'null': .nan}
# - name: e_pmDE
[...]
#         unit: &id001 !astropy.units.Unit {unit: deg}
#         value: !astropy.table.SerializedColumn {name: SkyCoord.dec}
#       distance: !astropy.table.SerializedColumn
#         __class__: astropy.coordinates.distances.Distance
#         unit: !astropy.units.Unit {unit: pc}
#         value: !astropy.table.SerializedColumn {name: SkyCoord.distance}
#       frame: icrs
#       obstime: !astropy.time.Time {format: jyear_str, in_subfmt: '*', jd1: 367701545.0, jd2: 0.0, out_subfmt: '*', precision: 3, scale: tt}
#       pm_dec: !astropy.table.SerializedColumn
#         __class__: astropy.units.quantity.Quantity
#         unit: !astropy.units.Unit {unit: mas / yr}
#         value: !astropy.table.SerializedColumn {name: SkyCoord.pm_dec}
#       pm_ra_cosdec: !astropy.table.SerializedColumn
#         __class__: astropy.units.quantity.Quantity
#         unit: !astropy.units.Unit {unit: mas / yr}
#         value: !astropy.table.SerializedColumn {name: SkyCoord.pm_ra_cosdec}
#       ra: !astropy.table.SerializedColumn
#         __class__: astropy.coordinates.angles.Longitude
#         unit: *id001
#         value: !astropy.table.SerializedColumn {name: SkyCoord.ra}
#         wrap_angle: !astropy.coordinates.Angle
#           unit: *id001
#           value: 360.0
#       representation_type: spherical
# schema: astropy-2.0
RA_ICRS_1 DE_ICRS_1 e_RA_ICRS e_DE_ICRS _r_1 HIP TYC2 Source rgeo Plx e_Plx pmRA pmDE e_pmRA e_pmDE RUWE Teff logg Gmag BP-RP BPmag RPmag RV e_RV b_rgeo B_rgeo FG e_FG FBP e_FBP FRP e_FRP RAVE5 RAVE6 e_Gmag e_BPmag e_RPmag e_BP-RP SkyCoord.ra SkyCoord.dec SkyCoord.distance SkyCoord.pm_ra_cosdec SkyCoord.pm_dec
[from data line 41]
133.41593186795 -47.51156297445 0.0093 0.0098 13.7027 "" "" 5328776614337261696 1953.99426 0.4928 0.0109 -4.028 -1.675 0.013 0.013 0.951 5423.7 2.7359 13.003067 1.70384 13.818723 12.114882 14.6 1.09 1910.6748 1993.11743 118500.43039 20.927 40544.0 35.425 113030.0 38.557 "" "" 0.002761983598881057 0.002947031 0.003797486 0.006744517 133.41593186795 -47.51156297445 1953.99426 -4.028 -1.6750000000000005
134.02447063021 -47.47183618015 0.0086 0.0085 11.8495 "" "" 5328787948741976960 1944.00586 0.4918 0.0098 -5.832 5.011 0.011 0.01 1.044 5009.8 2.4321 13.014616 2.400295 14.305367 11.905072 28.04 0.55 1909.3302 1976.25122 117246.63854 30.76 25898.0 24.692 137130.0 50.576 "" "" 0.00277000481672454 0.0029760106 0.0038005365 0.006776547 134.02447063021 -47.47183618015 1944.00586 -5.832 5.011
133.56511948196 -47.32105519496 0.0095 0.0098 9.934 "" "" 5328801765667059456 1838.31995 0.5219 0.0109 -7.005 4.517 0.012 0.013 1.039 4813.3 2.4594 13.030112 1.842968 13.937604 12.094636 61.44 0.43 1800.61987 1889.60791 115585.08255 21.965 36339.0 31.507 115160.0 32.942 "" "" 0.0027630345227990655 0.0029446932 0.0037921215 0.006736815 133.56511948196 -47.32105519496 1838.31995 -7.005000000000002 4.517000000000001
133.74381782574 -47.35252087632 0.0085 0.0093 5.2098 "" "" 5328799424894569472 1813.48206 0.5203 0.0102 -5.153 4.569 0.011 0.011 0.892 "" "" 13.056288 0.786691 13.359382 12.572691 "" "" 1778.15869 1846.93774 112831.86374 24.375 61896.0 43.702 74145.0 23.138 "" "" 0.002765285436419599 0.0028935631 0.0037945388 0.006688102 133.74381782574 -47.35252087632 1813.48206 -5.153 4.569000000000001
133.7888495376 -47.49880156922 0.0085 0.0094 4.1605 "" "" 5328785685309635840 1648.19519 0.57 0.0103 -4.637 3.641 0.011 0.012 0.88 9988.8 3.9494 13.138928 0.589312 13.357435 12.768124 "" "" 1613.83899 1681.50232 104562.36178 27.737 62007.0 38.801 61931.0 29.108 "" "" 0.002770332015854467 0.0028716954 0.0038136777 0.0066853734 133.7888495376 -47.49880156922 1648.19519 -4.636999999999999 3.641
133.56938831882 -47.49533948426 0.0269 0.0303 7.5655 "" "" 5328797397670031616 1824.36743 0.5246 0.0321 -3.331 4.821 0.036 0.041 3.162 "" "" 13.147492 1.902251 14.086244 12.183992 12.14 1.69 1704.98584 1945.52185 103740.85165 32.754 31690.0 29.197 106060.0 56.939 "" "" 0.0027765626550225807 0.0029640673 0.0038240661 0.0067881336 133.56938831882 -47.49533948426 1824.36743 -3.331000000000001 4.821
133.64355446015 -47.37943792896 0.0089 0.0101 5.2034 "" "" 5328799875881498880 2133.15601 0.4377 0.011 -3.709 5.766 0.011 0.013 1.001 "" "" 13.221449 0.792675 13.528575 12.7359 "" "" 2075.96191 2180.31934 96909.69703 21.27 52965.0 33.934 63797.0 27.974 "" "" 0.0027656059792560677 0.0028755749 0.003809249 0.006684824 133.64355446015 -47.37943792896 2133.15601 -3.709 5.766000000000002
133.2993738859 -47.19330934769 0.0085 0.0096 23.102 "" "" 5328853855032515840 1598.35046 0.5933 0.0107 -4.775 2.747 0.012 0.012 0.965 8991.8 3.8402 13.234927 0.923759 13.607158 12.683399 "" "" 1572.83337 1622.23364 95714.08245 15.108 49267.0 28.003 66957.0 22.822 "" "" 0.0027606448287931396 0.0028576022 0.0037974569 0.006655059 133.2993738859 -47.19330934769 1598.35046 -4.775000000000001 2.747
133.43005137689 -47.45509029236 0.0149 0.0156 12.4673 "" "" 5328777404612027392 1611.76819 0.5892 0.0179 -4.283 5.56 0.02 0.02 1.674 "" "" 13.289457 1.826544 14.186032 12.359488 59.75 2.28 1570.36731 1658.11414 91025.63653 16.973 28907.0 26.203 90232.0 36.308 "" "" 0.002762747848135053 0.0029586565 0.003804549 0.006763206 133.43005137689 -47.45509029236 1611.76819 -4.283 5.5600000000000005
134.00756998214 -47.49564164691 0.0092 0.0085 11.5079 "" "" 5328787918692694144 1985.65955 0.4688 0.0103 -2.421 -0.345 0.012 0.01 1.034 4952.3 2.4737 13.307352 2.103191 14.385904 12.282713 9.31 0.69 1949.41003 2029.01538 89537.67518 17.941 24047.0 21.165 96844.0 32.165 "" "" 0.00276389557081273 0.0029492783 0.0037965465 0.0067458246 134.00756998214 -47.49564164691 1985.65955 -2.4209999999999994 -0.34499999999999986
133.42550591444 -47.54310079029 0.0092 0.0099 14.0619 "" "" 5328773556320590720 1636.23962 0.5756 0.011 -4.758 4.019 0.013 0.013 0.999 "" "" 13.319523 0.539359 13.516793 12.977434 "" "" 1608.26074 1663.17358 88539.64285 22.677 53543.0 32.582 51072.0 21.072 "" "" 0.002769317377591353 0.0028673268 0.003805838 0.0066731647 133.42550591444 -47.54310079029 1636.23962 -4.758 4.018999999999999
134.31186568281 -47.46023288703 0.0094 0.0094 23.3827 "" "" 5328598356008099072 1710.16199 0.5508 0.0112 -0.564 3.849 0.012 0.011 1.074 5866.4 2.7272 13.321635 2.074923 14.37928 12.304358 5.46 0.87 1677.505 1744.29602 88367.53659 20.703 24194.0 19.757 94933.0 31.323 "" "" 0.0027670368957958004 0.0029276516 0.003796322 0.006723974 134.31186568281 -47.46023288703 1710.16199 -0.5639999999999998 3.8489999999999993
133.6648337146 -47.18450508478 0.0094 0.0111 15.5569 "" "" 5328810664839075072 1791.75598 0.5234 0.0123 -3.505 2.67 0.013 0.014 1.069 4938.6 2.6227 13.351329 2.223659 14.516124 12.292465 39.02 0.76 1753.12817 1842.6676 85983.52589 23.21 21329.0 21.836 95978.0 44.339 "" "" 0.0027708634937748384 0.003003428 0.0038125198 0.0068159476 133.6648337146 -47.18450508478 1791.75598 -3.5049999999999994 2.67
133.66537598068 -47.68264810318 0.009 0.0111 14.887 "" "" 5328759503188126464 1787.8606 0.5271 0.0113 -5.574 6.263 0.012 0.015 0.933 "" "" 13.362321 0.713215 13.633111 12.919896 "" "" 1751.34729 1821.73157 85117.44143 18.548 48103.0 26.169 53852.0 19.801 "" "" 0.0027654594371088366 0.0028520047 0.003800408 0.006652413 133.66537598068 -47.68264810318 1787.8606 -5.574 6.263
133.71553031697 -47.77874958695 0.0091 0.0112 20.3901 "" "" 5328754967702778752 2145.49902 0.4342 0.0111 -3.999 3.945 0.012 0.014 0.954 "" "" 13.364497 1.840924 14.268455 12.42753 37.5 0.95 2099.96362 2209.85278 84946.95009 14.735 26794.0 24.086 84751.0 28.817 "" "" 0.0027617492205188015 0.0029559485 0.0037973695 0.006753318 133.71553031697 -47.77874958695 2145.49902 -3.9990000000000006 3.9450000000000003
134.23695801611 -47.47437284901 0.0148 0.015 20.416 "" "" 5328601409723768064 2213.1145 0.423 0.0177 -5.186 4.312 0.019 0.017 1.596 "" "" 13.371101 1.883332 14.290771 12.407438 "" "" 2132.05518 2307.11035 84431.79952 22.087 26249.0 29.888 86334.0 44.735 "" "" 0.002769920398215931 0.0030517825 0.003821025 0.0068728076 134.23695801611 -47.47437284901 2213.1145 -5.186 4.312000000000001
133.88309822429 -47.7719994805 0.0091 0.0099 20.8307 "" "" 5328590075311271040 1958.70532 0.4691 0.0112 -6.702 3.786 0.013 0.013 1.029 "" "" 13.384838 2.518152 14.76257 12.244418 -25.15 0.46 1917.0575 2005.3938 83370.33339 23.585 16998.0 18.23 100320.0 54.453 "" "" 0.002772387004703136 0.0030233993 0.0038250538 0.006848453 133.88309822429 -47.7719994805 1958.70532 -6.702 3.786
133.38698654699 -47.71807194204 0.0117 0.0125 21.9083 "" "" 5328770189066327040 1678.35242 0.5634 0.0133 -6.9 4.929 0.015 0.016 1.308 "" "" 13.386554 0.581554 13.602452 13.020898 "" "" 1640.79541 1722.19421 83238.72446 21.823 49481.0 23.92 49068.0 32.781 "" "" 0.00276998480557794 0.0028391073 0.0038483583 0.0066874656 133.38698654699 -47.71807194204 1678.35242 -6.9 4.929
133.51046522015 -47.40953346539 0.0096 0.0104 9.3431 "" "" 5328801009752813568 1884.94568 0.4968 0.0114 -4.864 5.047 0.012 0.013 0.972 "" "" 13.41149 0.836234 13.737955 12.901721 "" "" 1844.69604 1931.42236 81348.6641 15.19 43675.0 27.501 54761.0 20.949 "" "" 0.0027627687992714325 0.0028727057 0.0038021368 0.0066748424 133.51046522015 -47.40953346539 1884.94568 -4.864 5.046999999999999
133.79729366505 -47.50637348373 0.0094 0.0106 4.7264 "" "" 5328785616590164224 1798.11536 0.5215 0.0113 -5.049 4.416 0.012 0.014 1.098 "" "" 13.418825 0.748106 13.703683 12.955577 "" "" 1759.63403 1832.00293 80801.01956 18.645 45076.0 32.331 52111.0 42.116 "" "" 0.00276668711843558 0.0028968086 0.0038799117 0.0067767203 133.79729366505 -47.50637348373 1798.11536 -5.0489999999999995 4.416
133.41798308334 -47.47694877867 0.0133 0.0136 13.1148 "" "" 5328777022345176576 2033.32617 0.4527 0.0157 -5.482 5.052 0.018 0.018 1.425 "" "" 13.448381 0.723115 13.724074 13.000959 "" "" 1971.15271 2101.49194 78631.06323 14.936 44237.0 28.369 49977.0 20.769 "" "" 0.002763027811175306 0.002875735 0.00380622 0.006681955 133.41798308334 -47.47694877867 2033.32617 -5.482000000000001 5.051999999999999
133.42806345066 -47.46296370331 0.0101 0.0103 12.5915 "" "" 5328777404612030592 1838.32458 0.5101 0.012 -7.545 2.352 0.013 0.014 0.993 "" "" 13.461863 2.032878 14.494914 12.462036 19.86 1.03 1803.09216 1879.57556 77660.73697 17.954 21750.0 22.1 82100.0 40.764 "" "" 0.0027667297287239136 0.0030003525 0.0038176356 0.006817988 133.42806345066 -47.46296370331 1838.32458 -7.545000000000001 2.352
133.43341589159 -47.43243346726 0.01 0.0102 12.3036 "" "" 5328778194886001664 1651.17688 0.568 0.0117 -5.527 3.537 0.013 0.013 0.989 "" "" 13.476238 0.611897 13.704599 13.092702 "" "" 1616.1853 1679.15466 76639.29105 20.629 45038.0 27.546 45928.0 21.999 "" "" 0.002770775719102434 0.0028681033 0.0038149946 0.006683098 133.43341589159 -47.43243346726 1651.17688 -5.526999999999999 3.536999999999999
133.68630009511 -47.40451708215 0.0097 0.0105 2.9103 "" "" 5328798845089372544 2002.64038 0.464 0.0117 -5.536 3.975 0.012 0.014 0.944 6715.9 3.474 13.484549 0.727145 13.758744 13.031599 "" "" 1966.27405 2049.01367 76054.85795 15.675 42847.0 30.932 48587.0 20.851 "" "" 0.0027643919984845083 0.0028981734 0.0038079952 0.006706169 133.68630009511 -47.40451708215 2002.64038 -5.536 3.9750000000000005
133.34478846667 -47.61985845672 0.01 0.0105 19.2146 "" "" 5328771494736231808 1697.31079 0.5598 0.0119 -1.491 3.055 0.013 0.014 1.121 4702.4 2.6953 13.499367 1.761205 14.349682 12.588477 58.83 1.11 1660.95239 1728.67908 75023.96865 15.026 24862.0 26.526 73075.0 40.984 "" "" 0.0027638877878330185 0.0030210838 0.0038281232 0.006849207 133.34478846667 -47.61985845672 1697.31079 -1.4910000000000003 3.0549999999999997
133.75786888337 -47.78857381318 0.0097 0.0109 20.98 "" "" 5328755070782019328 1969.31873 0.4793 0.0119 -5.686 6.051 0.013 0.014 1.049 4970.1 2.6572 13.501569 1.797556 14.376554 12.578999 36.62 1.32 1917.44678 2012.91272 74871.95961 13.817 24255.0 17.752 73715.0 22.84 "" "" 0.0027625956965654013 0.0029011206 0.0037943244 0.0066954447 133.75786888337 -47.78857381318 1969.31873 -5.686000000000001 6.051
133.97160187745 -47.79077974748 0.0115 0.0112 23.1402 "" "" 5328587223453049728 1625.44031 0.5819 0.0135 -4.926 4.944 0.016 0.015 1.168 11755.5 3.8606 13.502801 1.157425 13.990028 12.832603 "" "" 1593.65601 1654.68457 74787.06982 27.688 34626.0 57.776 58360.0 58.209 "" "" 0.002784486686769081 0.0033267178 0.00393147 0.007258188 133.97160187745 -47.79077974748 1625.44031 -4.926 4.944
133.53753184673 -47.0963582783 0.0112 0.0127 22.1071 "" "" 5328853373996338560 2159.19946 0.4315 0.014 -4.978 4.648 0.015 0.016 1.389 "" "" 13.520371 1.372584 14.123165 12.750581 "" "" 2097.4978 2209.26318 73586.49238 48.329 30630.0 67.61 62940.0 153.5 "" "" 0.0028460960148677388 0.0036781174 0.004614677 0.008292794 133.53753184673 -47.0963582783 2159.19946 -4.977999999999999 4.648
133.62971150088 -47.2667185842 0.0097 0.0111 11.2213 "" "" 5328803792891410560 2223.85498 0.4145 0.0122 -1.826 3.479 0.012 0.014 1.098 "" "" 13.525077 1.864755 14.44492 12.580165 21.75 1.21 2174.01318 2286.59961 73268.25171 11.914 22775.0 15.845 73636.0 29.023 "" "" 0.0027609706748307613 0.0028906104 0.0038035319 0.0066941422 133.62971150088 -47.2667185842 2223.85498 -1.8259999999999998 3.479
133.36462278405 -47.62277101238 0.0096 0.0103 18.659 "" "" 5328771529096004224 1891.9657 0.4956 0.0113 -6.903 6.071 0.012 0.013 1.062 5108.4 2.9198 13.54812 1.703138 14.363373 12.660234 60.25 1.44 1854.13611 1929.35364 71729.59187 11.823 24551.0 22.221 68401.0 24.751 "" "" 0.0027611258103200846 0.0029581646 0.0037997472 0.0067579118 133.36462278405 -47.62277101238 1891.9657 -6.902999999999999 6.071
133.638852079 -47.23852083927 0.0096 0.0106 12.6776 "" "" 5328804583165386880 1817.87561 0.5179 0.012 -5.531 6.739 0.012 0.013 1.049 "" "" 13.552979 1.035289 13.973673 12.938384 "" "" 1779.78931 1854.25073 71409.38207 11.42 35152.0 25.539 52943.0 28.295 "" "" 0.0027607857976913344 0.002899532 0.0038236675 0.0067231995 133.638852079 -47.23852083927 1817.87561 -5.530999999999999 6.739
133.74705286185 -47.75467398104 0.01 0.0115 18.933 "" "" 5328755380019650432 2083.58398 0.4455 0.0125 -2.209 -2.61 0.014 0.015 1.107 5429.2 2.7764 13.556092 1.970727 14.544173 12.573446 35.37 2.25 2027.36865 2138.88672 71204.9242 21.935 20785.0 35.759 74093.0 54.153 "" "" 0.002775546229760253 0.0033577068 0.0038617917 0.0072194985 133.74705286185 -47.75467398104 2083.58398 -2.209 -2.61
133.34032553319 -47.39794157496 0.0097 0.0106 16.2697 "" "" 5328825130290504192 2032.06042 0.4613 0.0118 -2.935 -0.606 0.013 0.014 1.006 "" "" 13.592206 1.83165 14.488127 12.656477 11.63 1.41 1987.35852 2077.11206 68875.46095 12.855 21886.0 17.993 68638.0 28.446 "" "" 0.0027627619581168826 0.002929471 0.003806074 0.0067355447 133.34032553319 -47.39794157496 2032.06042 -2.935 -0.6059999999999997
133.60260491731 -47.19027286222 0.0091 0.0103 15.8968 "" "" 5328804926762737536 1639.01794 0.5741 0.0114 -4.177 3.238 0.013 0.013 0.988 "" "" 13.603655 0.753492 13.896066 13.142573 "" "" 1602.59302 1670.63 68152.99099 12.987 37756.0 22.562 43866.0 20.881 "" "" 0.0027630770167500593 0.0028646116 0.0038145564 0.006679168 133.60260491731 -47.19027286222 1639.01794 -4.176999999999999 3.2379999999999995
133.85145004439 -47.46600775372 0.1374 0.1435 4.9367 "" "" 5328786166345990272 1773.72644 0.664 0.1613 -5.258 4.406 0.185 0.197 18.596 6900.6 4.046 13.60963 1.113784 13.919692 12.805908 17.21 10.19 1308.19714 2433.41382 67778.96707 42.206 36944.0 59.442 59813.0 90.891 "" "" 0.0028370557068338248 0.0032919277 0.004123809 0.0074157366 133.85145004439 -47.46600775372 1773.72644 -5.258000000000001 4.406000000000001
133.70461314975 -47.65772311296 0.0157 0.0184 13.1741 "" "" 5328756685689611392 2096.85205 0.4434 0.0199 -3.068 3.986 0.022 0.024 1.68 "" "" 13.632476 1.894403 14.570683 12.676279 33.86 1.93 2009.08752 2193.73462 66367.65054 19.457 20284.0 24.175 67398.0 38.208 "" "" 0.002773645186217414 0.003075631 0.003829174 0.006904805 133.70461314975 -47.65772311296 2096.85205 -3.0679999999999996 3.9859999999999998
133.74210384449 -47.48531836241 0.0099 0.0106 2.7764 "" "" 5328784998114850432 2140.87012 0.431 0.0118 -5.318 4.53 0.013 0.014 0.981 "" "" 13.63986 0.749964 13.924925 13.174961 "" "" 2090.33472 2178.80713 65917.81524 14.653 36766.0 20.071 42577.0 18.162 "" "" 0.002765870464880523 0.0028524306 0.0038076537 0.0066600842 133.74210384449 -47.48531836241 2140.87012 -5.318 4.530000000000001
133.61397789046 -47.09144730351 0.0096 0.0105 21.4527 "" "" 5328858356158467328 2230.28906 0.4147 0.0117 -4.489 4.949 0.013 0.013 1.042 6809.4 3.3659 13.642623 1.008095 14.051277 13.043182 "" "" 2175.99561 2293.89648 65750.27097 27.608 32727.0 50.684 48071.0 62.888 "" "" 0.0027927811704298493 0.003257666 0.0040374803 0.0072951466 133.61397789046 -47.09144730351 2230.28906 -4.489 4.949
133.86965890966 -47.50493880676 0.4051 0.4419 6.6903 "" "" 5328782902170859520 1592.47473 0.9794 0.4878 -7.78 5.814 0.556 0.586 45.63 "" "" 13.643686 1.293179 14.079323 12.786144 10.39 5.29 1018.10669 2587.33447 65685.90801 298.34 31892.0 21.905 60912.0 28.108 "" "" 0.005648871508206047 0.0028881088 0.003812446 0.006700555 133.86965890966 -47.50493880676 1592.47473 -7.779999999999999 5.814
