Clusters/UBC_483/UBC_483_stars_in_region.tsv
# %ECSV 1.0
# ---
# datatype:
# - name: RA_ICRS_1
#   unit: deg
#   datatype: float64
#   format: '{:15.11f}'
#   description: Right ascension (ICRS) at Ep=2016.0 (ra)
#   meta: !!omap
#   - {ucd: POS_EQ_RA_MAIN}
#   - {width: 15}
#   - {precision: '11'}
# - name: DE_ICRS_1
#   unit: deg
#   datatype: float64
#   format: '{:15.11f}'
#   description: Declination (ICRS) at Ep=2016.0 (dec)
#   meta: !!omap
#   - {ucd: POS_EQ_DEC_MAIN}
#   - {width: 15}
#   - {precision: '11'}
# - name: e_RA_ICRS
#   unit: mas
#   datatype: float64
#   format: '{:7.4f}'
#   description: Standard error of right ascension (ra_error)
#   meta: !!omap
#   - {ucd: ERROR}
#   - {width: 7}
#   - {precision: '4'}
# - name: e_DE_ICRS
#   unit: mas
#   datatype: float64
#   format: '{:7.4f}'
#   description: Standard error of declination (dec_error)
#   meta: !!omap
#   - {ucd: ERROR}
#   - {width: 7}
#   - {precision: '4'}
# - name: _r_1
#   unit: ''
#   datatype: float64
#   format: '{:7.4f}'
#   description: Distance from center (133.73640853000-47.43920574000)[ICRS], at Epoch=J2016.0
#   meta: !!omap
#   - {ucd: POS_ANG_DIST_GENERAL}
#   - {width: 7}
#   - {precision: '4'}
# - name: HIP
#   datatype: int32
#   description: '? HIP cross-id number, van Leeuwen, Cat. I/311 (hip_original_ext_source_id)'
#   meta: !!omap
#   - {ucd: ID_NUMBER}
#   - {width: 6}
#   - values: {'null': -2147483648}
# - name: TYC2
#   datatype: string
#   description: Tycho-2 cross-id name, Hog et al., Cat. I/259 (tyc2_original_ext_source_id)
#   meta: !!omap
#   - {ucd: ID_CROSSID}
#   - {_votable_string_dtype: char}
# - name: Source
#   datatype: int64
#   description: Source identifier, identical to the Gaia-EDR3 source_id (id)
#   meta: !!omap
#   - {ucd: ID_MAIN}
#   - {width: 19}
# - name: rgeo
#   unit: pc
#   datatype: float64
#   format: '{:15.8f}'
#   description: '? Median of the geometric distance posterior (r_med_geo)'
#   meta: !!omap
#   - {ucd: PHYS_DISTANCE_TRUE}
#   - {width: 15}
#   - {precision: '8'}
#   - values: {'null': .nan}
# - name: Plx
#   unit: mas
#   datatype: float64
#   format: '{:9.4f}'
#   description: '? Parallax (parallax)'
#   meta: !!omap
#   - {ucd: POS_PARLX_TRIG}
#   - {width: 9}
#   - {precision: '4'}
#   - values: {'null': .nan}
# - name: e_Plx
#   unit: mas
#   datatype: float32
#   format: '{:7.4f}'
#   description: '? Standard error of parallax (parallax_error)'
#   meta: !!omap
#   - {ucd: ERROR}
#   - {width: 7}
#   - {precision: '4'}
#   - values: {'null': .nan}
# - name: pmRA
#   unit: mas / yr
#   datatype: float64
#   format: '{:9.3f}'
#   description: '? Proper motion in right ascension direction, pmRA*cosDE (pmra)'
#   meta: !!omap
#   - {ucd: POS_EQ_PMRA}
#   - {width: 9}
#   - {precision: '3'}
#   - values: {'null': .nan}
# - name: pmDE
#   unit: mas / yr
#   datatype: float64
#   format: '{:9.3f}'
#   description: '? Proper motion in declination direction (pmdec)'
#   meta: !!omap
#   - {ucd: POS_EQ_PMDEC}
#   - {width: 9}
#   - {precision: '3'}
#   - values: {'null': .nan}
# - name: e_pmRA
#   unit: mas / yr
#   datatype: float32
#   format: '{:6.3f}'
#   description: '? Standard error of proper motion in right ascension direction (pmra_error)'
#   meta: !!omap
#   - {ucd: ERROR}
#   - {width: 6}
#   - {precision: '3'}
#   - values: {'null': .nan}
# - name: e_pmDE
[...]
#         unit: &id001 !astropy.units.Unit {unit: deg}
#         value: !astropy.table.SerializedColumn {name: SkyCoord.dec}
#       distance: !astropy.table.SerializedColumn
#         __class__: astropy.coordinates.distances.Distance
#         unit: !astropy.units.Unit {unit: pc}
#         value: !astropy.table.SerializedColumn {name: SkyCoord.distance}
#       frame: icrs
#       obstime: !astropy.time.Time {format: jyear_str, in_subfmt: '*', jd1: 367701545.0, jd2: 0.0, out_subfmt: '*', precision: 3, scale: tt}
#       pm_dec: !astropy.table.SerializedColumn
#         __class__: astropy.units.quantity.Quantity
#         unit: !astropy.units.Unit {unit: mas / yr}
#         value: !astropy.table.SerializedColumn {name: SkyCoord.pm_dec}
#       pm_ra_cosdec: !astropy.table.SerializedColumn
#         __class__: astropy.units.quantity.Quantity
#         unit: !astropy.units.Unit {unit: mas / yr}
#         value: !astropy.table.SerializedColumn {name: SkyCoord.pm_ra_cosdec}
#       ra: !astropy.table.SerializedColumn
#         __class__: astropy.coordinates.angles.Longitude
#         unit: *id001
#         value: !astropy.table.SerializedColumn {name: SkyCoord.ra}
#         wrap_angle: !astropy.coordinates.Angle
#           unit: *id001
#           value: 360.0
#       representation_type: spherical
# schema: astropy-2.0
RA_ICRS_1 DE_ICRS_1 e_RA_ICRS e_DE_ICRS _r_1 HIP TYC2 Source rgeo Plx e_Plx pmRA pmDE e_pmRA e_pmDE RUWE Teff logg Gmag BP-RP BPmag RPmag RV e_RV b_rgeo B_rgeo FG e_FG FBP e_FBP FRP e_FRP RAVE5 RAVE6 e_Gmag e_BPmag e_RPmag e_BP-RP SkyCoord.ra SkyCoord.dec SkyCoord.distance SkyCoord.pm_ra_cosdec SkyCoord.pm_dec
[from data line 649]
133.22632090162 -47.32293353834 0.031 0.0326 21.8661 "" "" 5328829386587045504 2099.51709 0.4542 0.0371 -5.731 6.722 0.039 0.041 1.017 8799.0 4.3551 16.270555 1.328608 16.859358 15.53075 "" "" 1924.55103 2220.42871 5844.18848 2.6682 2464.2 6.83 4862.5 8.2015 "" "" 0.0027995548543767695 0.004103789 0.004199686 0.008303475 133.22632090162 -47.32293353834 2099.51709 -5.731 6.722000000000001
133.96029254821 -47.10157778156 0.2319 0.2481 22.2138 "" "" 5330310329969705216 1845.50354 0.7718 0.2745 -6.273 1.623 0.313 0.296 8.636 "" "" 16.271004 1.737518 16.989704 15.252186 "" "" 1190.34802 3007.44751 5841.77945 20.947 2185.4 7.1978 6284.7 8.3263 "" "" 0.004769527885698365 0.0045356993 0.004043864 0.008579563 133.96029254821 -47.10157778156 1845.50354 -6.273 1.6229999999999998
133.57540221318 -47.47609389144 0.0308 0.0349 6.8965 "" "" 5328797432029974016 1660.22974 0.5888 0.0378 -6.979 4.784 0.041 0.046 1.027 5818.9 4.2801 16.27438 1.505957 16.96002 15.454063 "" "" 1560.8158 1760.47693 5823.64017 2.6178 2246.0 7.1156 5218.3 11.68 "" "" 0.002798210911254109 0.004429095 0.004493272 0.008922366 133.57540221318 -47.47609389144 1660.22974 -6.979000000000001 4.784
133.79572244908 -47.79949029793 0.0287 0.0321 21.7498 "" "" 5328567363523594368 1713.35645 0.5624 0.0351 -5.018 4.947 0.039 0.042 1.037 6144.6 4.4609 16.27445 1.296768 16.842903 15.546135 "" "" 1600.39099 1823.14966 5823.27085 2.7254 2501.8 9.5336 4794.1 7.1713 "" "" 0.0028017852543805004 0.0049903123 0.00411357 0.009103882 133.79572244908 -47.79949029793 1713.35645 -5.018000000000001 4.947
133.54183846292 -47.61286893922 0.0303 0.0332 13.0658 "" "" 5328772250650793984 1987.79175 0.4798 0.037 -4.902 6.697 0.04 0.045 0.988 6319.6 4.2082 16.277782 1.384003 16.895819 15.511816 "" "" 1855.49646 2117.45361 5805.41692 2.4147 2382.8 7.1522 4948.0 7.8059 "" "" 0.0027920838296647973 0.004290191 0.004149405 0.008439596 133.54183846292 -47.61286893922 1987.79175 -4.902 6.697
134.00162647241 -47.33456039307 0.03 0.0309 12.4699 "" "" 5328794172164820608 1553.12317 0.6235 0.0353 -11.862 9.026 0.039 0.038 0.971 7171.4 4.3601 16.280296 1.597799 17.02616 15.42836 "" "" 1464.48035 1640.22168 5791.9981 2.6339 2113.3 10.021 5343.4 10.404 "" "" 0.0027992079357435076 0.005855878 0.004330446 0.010186324 134.00162647241 -47.33456039307 1553.12317 -11.861999999999998 9.026
133.69156845386 -47.676090225 0.03 0.0347 14.3286 "" "" 5328756651329869824 1798.51843 0.5328 0.0368 -4.008 2.716 0.042 0.047 1.03 7446.5 4.3514 16.283588 1.318401 16.861252 15.542851 "" "" 1681.67212 1914.50696 5774.4594 2.5391 2459.9 10.136 4808.6 11.177 "" "" 0.0027963746201339163 0.005272537 0.004544512 0.009817049 133.69156845386 -47.676090225 1798.51843 -4.008 2.7159999999999997
133.91745248208 -47.58817472818 0.0295 0.0319 11.5637 "" "" 5328781321623052544 2150.97607 0.4472 0.0345 -4.557 4.547 0.038 0.038 0.961 5812.8 4.1935 16.288385 1.334819 16.811943 15.477124 "" "" 1992.77234 2296.36548 5749.00325 3.4194 2574.2 16.995 5108.7 28.668 "" "" 0.0028299850804777054 0.007691977 0.007169726 0.014861703 133.91745248208 -47.58817472818 2150.97607 -4.557 4.547000000000001
133.89374415576 -47.32394721516 0.0353 0.0373 9.4171 "" "" 5328793828567415808 1966.26794 0.4622 0.0428 -5.047 0.552 0.047 0.047 1.012 4640.0 2.5743 16.289537 3.697255 18.606335 14.90908 "" "" 1813.85242 2119.73633 5742.90468 3.6848 493.04 7.8352 8620.4 11.326 "" "" 0.0028420226359248207 0.01747824 0.0040396345 0.021517875 133.89374415576 -47.32394721516 1966.26794 -5.047000000000001 0.552
133.61953102275 -47.74237455376 0.0326 0.0367 18.7949 "" "" 5328755964135060224 1525.75952 0.6325 0.0404 3.469 -3.333 0.044 0.047 1.107 5257.2 4.4176 16.294338 1.312504 16.863625 15.551121 "" "" 1442.24829 1625.98987 5717.57281 2.768 2454.5 12.231 4772.1 10.277 "" "" 0.0028050088055237093 0.0060874172 0.0044441978 0.0105316155 133.61953102275 -47.74237455376 1525.75952 3.4690000000000007 -3.333
134.07646661839 -47.20836365428 0.0292 0.0297 19.5735 "" "" 5330296379916015488 1568.09741 0.6327 0.0339 -8.357 4.913 0.039 0.036 1.087 6665.7 4.1188 16.295614 1.739873 17.134548 15.394675 "" "" 1472.63513 1672.73047 5710.8588 2.5359 1912.5 7.4626 5511.7 9.1961 "" "" 0.002797182328940425 0.0050728163 0.0041911 0.009263916 134.07646661839 -47.20836365428 1568.09741 -8.357 4.913
133.26429313507 -47.59696818736 0.0309 0.0331 21.3445 "" "" 5328775411746254336 2156.43701 0.4416 0.0362 -8.14 7.326 0.041 0.041 1.0 7084.0 4.3396 16.296177 1.395868 16.924665 15.528797 "" "" 2018.57214 2362.58325 5707.89694 2.5114 2320.3 6.9645 4871.2 7.9882 "" "" 0.0027964255681007157 0.004290155 0.004177779 0.008467934 133.26429313507 -47.59696818736 2156.43701 -8.14 7.325999999999997
133.79300515781 -47.60683422626 0.029 0.0329 10.3158 "" "" 5328780664474968704 1750.74377 0.5424 0.036 -1.038 3.7 0.038 0.047 0.95 7280.3 4.3512 16.302248 1.516679 16.991686 15.475007 "" "" 1637.15247 1893.15186 5676.06416 2.9089 2181.4 6.2159 5118.7 14.394 "" "" 0.0028109423707728333 0.004166135 0.0048585352 0.00902467 133.79300515781 -47.60683422626 1750.74377 -1.038 3.6999999999999993
133.64531512025 -47.51754569945 0.0308 0.037 5.9783 "" "" 5328796439908022272 1964.84412 0.4833 0.0396 -5.01 3.736 0.042 0.051 0.9 7174.5 3.9013 16.305275 1.449445 16.927132 15.477687 "" "" 1810.56396 2117.69556 5660.26454 2.9384 2315.1 16.257 5106.0 35.695 "" "" 0.002812378816430318 0.008118722 0.008479047 0.016597768 133.64531512025 -47.51754569945 1964.84412 -5.01 3.736
133.1932929635 -47.48050806729 0.0323 0.033 22.1711 "" "" 5328823820309011456 1513.07605 0.6334 0.0392 -4.274 3.283 0.043 0.041 0.986 5772.0 4.5126 16.306128 1.27184 16.858305 15.586465 "" "" 1427.27515 1606.09351 5655.81903 3.0102 2466.6 8.5264 4619.3 9.7671 "" "" 0.0028152644448341266 0.004676631 0.004421983 0.009098614 133.1932929635 -47.48050806729 1513.07605 -4.273999999999999 3.2829999999999995
133.64408633714 -47.664205005 0.0282 0.0355 14.0081 "" "" 5328759743706251520 2211.46094 0.4264 0.0361 -5.528 4.223 0.04 0.047 0.99 7389.7 4.3327 16.306246 1.343566 16.904879 15.561313 "" "" 2020.00806 2377.49365 5655.20834 2.6663 2363.0 8.9102 4727.5 9.8845 "" "" 0.0028024686473641855 0.004954382 0.004408757 0.009363139 133.64408633714 -47.664205005 2211.46094 -5.528 4.223000000000001
133.68236012488 -47.73913162282 0.029 0.0355 18.128 "" "" 5328755856744230144 2206.94482 0.4299 0.037 -3.254 3.2 0.041 0.046 1.007 5118.2 3.7828 16.307558 1.731289 17.122566 15.391277 "" "" 2023.24341 2376.67261 5648.37372 3.063 1933.7 13.19 5529.0 12.956 "" "" 0.002817524276086822 0.007914098 0.0045559416 0.01247004 133.68236012488 -47.73913162282 2206.94482 -3.254 3.2
133.41008107914 -47.68135432116 0.0289 0.0319 19.6383 "" "" 5328770326505284224 1907.06982 0.495 0.0349 -1.349 -0.199 0.039 0.04 0.979 7346.3 4.258 16.30907 1.349873 16.90978 15.559908 "" "" 1794.36609 2040.38696 5640.50742 2.3154 2352.4 8.2785 4733.6 8.1678 "" "" 0.0027911338720612803 0.004731201 0.004218231 0.0089494325 133.41008107914 -47.68135432116 1907.06982 -1.3489999999999998 -0.19899999999999995
134.08268116986 -47.60450038737 0.0285 0.031 17.1818 "" "" 5328598660941505024 1523.31567 0.6271 0.0335 -6.001 8.169 0.037 0.038 1.029 5250.6 4.2642 16.30946 1.512802 17.003977 15.491175 "" "" 1441.54626 1600.9021 5638.48753 2.6735 2156.9 9.0995 5043.0 8.7299 "" "" 0.0028030006273698093 0.0053633875 0.004220934 0.009584322 134.08268116986 -47.60450038737 1523.31567 -6.001 8.169
133.41128953164 -47.47992673353 0.0315 0.0323 13.4134 "" "" 5328776992282156288 1845.87109 0.5243 0.0373 -7.087 5.575 0.043 0.044 0.916 6368.0 4.3326 16.310429 1.260724 16.857567 15.596843 "" "" 1723.24487 1977.94116 5633.4591 2.4438 2468.3 9.2175 4575.3 8.5367 "" "" 0.0027952860631829117 0.004921807 0.0042880718 0.009209879 133.41128953164 -47.47992673353 1845.87109 -7.087000000000001 5.575000000000001
133.51878712644 -47.36521225742 0.034 0.0351 9.8902 "" "" 5328801211601490432 1996.89575 0.4889 0.0401 -5.82 5.144 0.041 0.045 0.979 7140.1 4.3434 16.318247 1.358714 16.922976 15.564261 "" "" 1844.88782 2239.57642 5593.03651 2.7729 2323.9 9.7683 4714.7 11.289 "" "" 0.002807407752093341 0.0053491355 0.0045871823 0.009936318 133.51878712644 -47.36521225742 1996.89575 -5.819999999999999 5.144
133.26444501298 -47.43015969632 0.0312 0.0331 19.1627 "" "" 5328823721541251200 1700.22156 0.5682 0.0376 -0.371 2.065 0.04 0.039 0.945 6083.8 4.411 16.319115 1.237039 16.857552 15.620513 "" "" 1604.14062 1822.51758 5588.56819 2.3505 2468.3 8.4503 4476.6 11.693 "" "" 0.0027929051472294353 0.004647743 0.004725089 0.009372832 133.26444501298 -47.43015969632 1700.22156 -0.3710000000000001 2.0649999999999995
134.14555165643 -47.4824311299 0.0306 0.0301 16.7986 "" "" 5328601757622215040 1591.19702 0.6019 0.0349 -5.477 3.678 0.039 0.036 0.998 7187.8 4.339 16.320648 1.498986 17.00839 15.509404 "" "" 1490.13 1693.27441 5580.68765 2.3463 2148.1 9.4401 4959.0 9.0169 "" "" 0.002792876979923156 0.0055273287 0.0042639333 0.009791262 134.14555165643 -47.4824311299 1591.19702 -5.477 3.677999999999999
134.02887691541 -47.61372391352 0.0304 0.0322 15.813 "" "" 5328593580004962432 1932.97034 0.4891 0.0366 -5.282 4.422 0.041 0.041 1.051 7539.8 4.0274 16.321875 1.996385 17.308535 15.31215 "" "" 1790.09863 2082.03516 5574.38285 3.1758 1629.3 5.7342 5947.0 10.528 "" "" 0.002823898692887128 0.0047314237 0.0042400626 0.008971486 134.02887691541 -47.61372391352 1932.97034 -5.282 4.422
134.03103474573 -47.38565932563 0.0344 0.034 12.3866 "" "" 5328789602319623552 1877.70898 0.5104 0.0379 -4.956 4.425 0.043 0.04 1.072 6494.9 3.9372 16.322842 2.28013 17.53127 15.251139 "" "" 1733.04822 2026.25854 5569.42493 22.548 1327.1 29.404 6290.8 62.545 "" "" 0.005187815210338906 0.024217471 0.011437198 0.03565467 134.03103474573 -47.38565932563 1877.70898 -4.9559999999999995 4.424999999999999
133.861495249 -47.45237257814 0.0318 0.0388 5.1368 "" "" 5328786269425206656 1995.12219 0.4806 0.0407 -4.785 4.607 0.041 0.049 0.966 8208.6 4.1141 16.323282 1.619536 17.04044 15.420903 "" "" 1845.8866 2192.56299 5567.16509 3.373 2085.6 28.561 5380.2 17.315 "" "" 0.0028327575781741388 0.015128015 0.005147154 0.020275168 133.861495249 -47.45237257814 1995.12219 -4.785 4.607
133.69069007404 -47.39775002188 0.0317 0.0349 3.1035 "" "" 5328798875139196800 1845.33411 0.5213 0.0385 -4.998 3.915 0.039 0.045 1.026 7661.1 4.1995 16.324469 1.394962 16.942734 15.547771 "" "" 1729.13416 2007.7251 5561.07818 2.7199 2282.0 8.8028 4786.8 7.793 "" "" 0.002806025873008354 0.0050325175 0.0041723056 0.0092048235 133.69069007404 -47.39775002188 1845.33411 -4.998 3.915
133.59088578299 -47.36487042275 0.0332 0.0371 7.404 "" "" 5328801387709959936 1639.31409 0.5878 0.0413 -6.848 7.464 0.041 0.054 0.97 5316.0 4.3367 16.325174 1.342189 16.87814 15.535951 "" "" 1523.46497 1800.42383 5557.47234 3.1094 2421.9 13.523 4839.2 31.553 "" "" 0.0028214902235212543 0.006673617 0.00802499 0.014698606 133.59088578299 -47.36487042275 1639.31409 -6.848000000000001 7.464
133.91379389363 -47.40644775089 0.0321 0.0349 7.4644 "" "" 5328792106270723072 2086.70044 0.4569 0.0386 -5.679 4.701 0.039 0.044 1.082 9346.6 3.9391 16.326237 1.667572 17.109552 15.44198 "" "" 1940.53027 2310.58374 5552.03085 2.6241 1957.0 6.5097 5276.7 10.964 "" "" 0.002802699167256896 0.004563813 0.004401485 0.0089652985 133.91379389363 -47.40644775089 2086.70044 -5.678999999999999 4.700999999999999
133.60606839013 -47.14482614057 0.0288 0.0322 18.442 "" "" 5328852068326364928 2153.67456 0.4309 0.0355 -5.329 4.963 0.039 0.04 1.007 7598.1 4.0919 16.327045 1.826082 17.217896 15.391813 "" "" 1991.30591 2350.14941 5547.89898 2.2989 1771.2 8.3563 5526.3 11.817 "" "" 0.0027918093114031833 0.0058329836 0.004435515 0.010268498 133.60606839013 -47.14482614057 2153.67456 -5.329 4.963
133.33788161813 -47.49535722217 0.0333 0.033 16.5119 "" "" 5328776202020258176 1865.58862 0.5099 0.038 -7.104 3.454 0.043 0.041 0.965 5029.1 4.3229 16.32876 1.290871 16.899656 15.608786 "" "" 1750.8739 2031.07324 5539.14571 2.6163 2374.4 9.1506 4525.3 8.7649 "" "" 0.0028026378208890488 0.0050292336 0.004325046 0.00935428 133.33788161813 -47.49535722217 1865.58862 -7.103999999999999 3.4540000000000006
133.75296207948 -47.07429237564 0.0304 0.0338 21.9052 "" "" 5328813070020777600 1736.42468 0.5515 0.038 -6.877 4.092 0.043 0.044 1.041 5047.1 3.5727 16.330725 2.120344 17.427343 15.306999 "" "" 1618.77234 1854.71094 5529.13004 2.9196 1460.4 7.8209 5975.3 10.01 "" "" 0.0028143339821497743 0.006449261 0.0041942783 0.01064354 133.75296207948 -47.07429237564 1736.42468 -6.877000000000002 4.092000000000001
133.97482264638 -47.43354879524 0.0321 0.0318 9.6819 "" "" 5328789052564042880 1907.97839 0.4974 0.0376 -4.642 3.832 0.041 0.038 1.034 "" "" 16.33155 2.209966 17.381084 15.171119 "" "" 1789.89465 2060.99634 5524.92547 3.9854 1524.0 16.5 6771.9 64.428 "" "" 0.002864469135482268 0.0120816175 0.010999399 0.023081016 133.97482264638 -47.43354879524 1907.97839 -4.642 3.832
133.88052189765 -47.31548572073 0.1082 0.1144 9.4546 "" "" 5328793892977350528 1965.36023 0.5679 0.1314 -5.592 11.166 0.144 0.139 3.529 "" "" 16.332306 1.807587 17.154854 15.347267 "" "" 1543.92529 2672.13379 5521.08457 8.7043 1877.0 9.2705 5757.7 10.576 "" "" 0.0032437306390301936 0.006044908 0.0042732977 0.010318206 133.88052189765 -47.31548572073 1965.36023 -5.592000000000001 11.166000000000002
134.04978328799 -47.31093549661 0.0307 0.0323 14.8782 "" "" 5328794275244039040 1742.01636 0.554 0.0363 -4.907 4.169 0.039 0.036 0.966 7469.1 4.2336 16.332405 1.625519 17.091637 15.466118 "" "" 1639.99146 1857.38989 5520.57631 2.4975 1989.6 11.676 5160.7 11.231 "" "" 0.0027987590866575297 0.006955797 0.0044572116 0.011413008 134.04978328799 -47.31093549661 1742.01636 -4.907000000000001 4.169
134.15445365815 -47.44557290493 0.0306 0.0303 16.9685 "" "" 5328602101219572096 1894.44763 0.5021 0.0349 -4.835 4.339 0.039 0.037 1.015 6926.3 3.5496 16.332453 2.169189 17.43687 15.267682 "" "" 1782.03333 2034.0072 5520.34126 2.4422 1447.7 7.8649 6195.6 14.717 "" "" 0.0027968743625091086 0.0065251 0.0045755045 0.011100605 134.15445365815 -47.44557290493 1894.44763 -4.834999999999999 4.3389999999999995
133.58236613696 -47.4719392602 0.0351 0.0387 6.5508 "" "" 5328797535109202048 1912.35559 0.4985 0.0426 -0.418 2.098 0.048 0.05 1.037 4850.7 4.1643 16.334097 1.804116 17.174955 15.370839 "" "" 1800.23499 2058.84204 5511.98156 3.029 1842.6 14.223 5634.1 47.225 "" "" 0.0028191797321108995 0.008833036 0.009854201 0.018687237 133.58236613696 -47.4719392602 1912.35559 -0.4179999999999999 2.098
133.85715099105 -47.4788299956 0.0313 0.0343 5.4447 "" "" 5328785925827827200 1598.65051 0.6073 0.0378 -0.388 5.374 0.043 0.043 0.997 6367.5 4.4137 16.334118 1.390803 16.955753 15.56495 "" "" 1508.0957 1702.24805 5511.87368 2.6652 2254.8 9.0797 4711.7 10.114 "" "" 0.002804890147278523 0.005186531 0.0044402108 0.009626742 133.85715099105 -47.4788299956 1598.65051 -0.3879999999999999 5.373999999999999
133.47080865442 -47.35658823205 0.0355 0.0371 11.8716 "" "" 5328802212343631744 1895.05969 0.504 0.0413 -6.198 4.661 0.045 0.05 1.051 5512.3 4.2274 16.339037 1.467553 17.00739 15.539836 "" "" 1746.99146 2073.0896 5486.96473 2.7555 2150.1 8.8587 4822.0 9.2884 "" "" 0.0028087510890238564 0.0052722064 0.004319456 0.009591662 133.47080865442 -47.35658823205 1895.05969 -6.198000000000001 4.661
