Clusters/UBC_483/UBC_483_stars_in_region.tsv
# %ECSV 1.0
# ---
# datatype:
# - name: RA_ICRS_1
#   unit: deg
#   datatype: float64
#   format: '{:15.11f}'
#   description: Right ascension (ICRS) at Ep=2016.0 (ra)
#   meta: !!omap
#   - {ucd: POS_EQ_RA_MAIN}
#   - {width: 15}
#   - {precision: '11'}
# - name: DE_ICRS_1
#   unit: deg
#   datatype: float64
#   format: '{:15.11f}'
#   description: Declination (ICRS) at Ep=2016.0 (dec)
#   meta: !!omap
#   - {ucd: POS_EQ_DEC_MAIN}
#   - {width: 15}
#   - {precision: '11'}
# - name: e_RA_ICRS
#   unit: mas
#   datatype: float64
#   format: '{:7.4f}'
#   description: Standard error of right ascension (ra_error)
#   meta: !!omap
#   - {ucd: ERROR}
#   - {width: 7}
#   - {precision: '4'}
# - name: e_DE_ICRS
#   unit: mas
#   datatype: float64
#   format: '{:7.4f}'
#   description: Standard error of declination (dec_error)
#   meta: !!omap
#   - {ucd: ERROR}
#   - {width: 7}
#   - {precision: '4'}
# - name: _r_1
#   unit: ''
#   datatype: float64
#   format: '{:7.4f}'
#   description: Distance from center (133.73640853000-47.43920574000)[ICRS], at Epoch=J2016.0
#   meta: !!omap
#   - {ucd: POS_ANG_DIST_GENERAL}
#   - {width: 7}
#   - {precision: '4'}
# - name: HIP
#   datatype: int32
#   description: '? HIP cross-id number, van Leeuwen, Cat. I/311 (hip_original_ext_source_id)'
#   meta: !!omap
#   - {ucd: ID_NUMBER}
#   - {width: 6}
#   - values: {'null': -2147483648}
# - name: TYC2
#   datatype: string
#   description: Tycho-2 cross-id name, Hog et al., Cat. I/259 (tyc2_original_ext_source_id)
#   meta: !!omap
#   - {ucd: ID_CROSSID}
#   - {_votable_string_dtype: char}
# - name: Source
#   datatype: int64
#   description: Source identifier, identical to the Gaia-EDR3 source_id (id)
#   meta: !!omap
#   - {ucd: ID_MAIN}
#   - {width: 19}
# - name: rgeo
#   unit: pc
#   datatype: float64
#   format: '{:15.8f}'
#   description: '? Median of the geometric distance posterior (r_med_geo)'
#   meta: !!omap
#   - {ucd: PHYS_DISTANCE_TRUE}
#   - {width: 15}
#   - {precision: '8'}
#   - values: {'null': .nan}
# - name: Plx
#   unit: mas
#   datatype: float64
#   format: '{:9.4f}'
#   description: '? Parallax (parallax)'
#   meta: !!omap
#   - {ucd: POS_PARLX_TRIG}
#   - {width: 9}
#   - {precision: '4'}
#   - values: {'null': .nan}
# - name: e_Plx
#   unit: mas
#   datatype: float32
#   format: '{:7.4f}'
#   description: '? Standard error of parallax (parallax_error)'
#   meta: !!omap
#   - {ucd: ERROR}
#   - {width: 7}
#   - {precision: '4'}
#   - values: {'null': .nan}
# - name: pmRA
#   unit: mas / yr
#   datatype: float64
#   format: '{:9.3f}'
#   description: '? Proper motion in right ascension direction, pmRA*cosDE (pmra)'
#   meta: !!omap
#   - {ucd: POS_EQ_PMRA}
#   - {width: 9}
#   - {precision: '3'}
#   - values: {'null': .nan}
# - name: pmDE
#   unit: mas / yr
#   datatype: float64
#   format: '{:9.3f}'
#   description: '? Proper motion in declination direction (pmdec)'
#   meta: !!omap
#   - {ucd: POS_EQ_PMDEC}
#   - {width: 9}
#   - {precision: '3'}
#   - values: {'null': .nan}
# - name: e_pmRA
#   unit: mas / yr
#   datatype: float32
#   format: '{:6.3f}'
#   description: '? Standard error of proper motion in right ascension direction (pmra_error)'
#   meta: !!omap
#   - {ucd: ERROR}
#   - {width: 6}
#   - {precision: '3'}
#   - values: {'null': .nan}
# - name: e_pmDE
[...]
#         unit: &id001 !astropy.units.Unit {unit: deg}
#         value: !astropy.table.SerializedColumn {name: SkyCoord.dec}
#       distance: !astropy.table.SerializedColumn
#         __class__: astropy.coordinates.distances.Distance
#         unit: !astropy.units.Unit {unit: pc}
#         value: !astropy.table.SerializedColumn {name: SkyCoord.distance}
#       frame: icrs
#       obstime: !astropy.time.Time {format: jyear_str, in_subfmt: '*', jd1: 367701545.0, jd2: 0.0, out_subfmt: '*', precision: 3, scale: tt}
#       pm_dec: !astropy.table.SerializedColumn
#         __class__: astropy.units.quantity.Quantity
#         unit: !astropy.units.Unit {unit: mas / yr}
#         value: !astropy.table.SerializedColumn {name: SkyCoord.pm_dec}
#       pm_ra_cosdec: !astropy.table.SerializedColumn
#         __class__: astropy.units.quantity.Quantity
#         unit: !astropy.units.Unit {unit: mas / yr}
#         value: !astropy.table.SerializedColumn {name: SkyCoord.pm_ra_cosdec}
#       ra: !astropy.table.SerializedColumn
#         __class__: astropy.coordinates.angles.Longitude
#         unit: *id001
#         value: !astropy.table.SerializedColumn {name: SkyCoord.ra}
#         wrap_angle: !astropy.coordinates.Angle
#           unit: *id001
#           value: 360.0
#       representation_type: spherical
# schema: astropy-2.0
RA_ICRS_1 DE_ICRS_1 e_RA_ICRS e_DE_ICRS _r_1 HIP TYC2 Source rgeo Plx e_Plx pmRA pmDE e_pmRA e_pmDE RUWE Teff logg Gmag BP-RP BPmag RPmag RV e_RV b_rgeo B_rgeo FG e_FG FBP e_FBP FRP e_FRP RAVE5 RAVE6 e_Gmag e_BPmag e_RPmag e_BP-RP SkyCoord.ra SkyCoord.dec SkyCoord.distance SkyCoord.pm_ra_cosdec SkyCoord.pm_dec
[from data line 689]
133.4982539657 -47.09375276787 0.0294 0.0348 22.8831 "" "" 5328853305276825088 1877.20898 0.5104 0.0367 -4.668 2.396 0.04 0.044 1.055 7653.0 4.1471 16.344141 1.895507 17.27432 15.378814 "" "" 1745.07385 2019.41809 5461.23161 2.5382 1681.5 7.464 5592.8 10.139 "" "" 0.0028011470838208135 0.0055688703 0.00426121 0.00983008 133.4982539657 -47.09375276787 1877.20898 -4.668 2.396
133.5803723411 -47.35879625923 0.0344 0.037 7.9647 "" "" 5328801452119680256 1623.16931 0.5968 0.042 -3.653 3.141 0.043 0.051 1.004 6081.9 4.4753 16.344677 1.2774 16.87197 15.594569 "" "" 1530.19739 1720.4906 5458.53 2.9546 2435.7 22.343 4584.9 20.459 "" "" 0.0028172978867210736 0.010343052 0.0061446023 0.016487654 133.5803723411 -47.35879625923 1623.16931 -3.652999999999999 3.140999999999999
133.54981517221 -47.13559508806 0.0286 0.0334 19.7362 "" "" 5328852961679508096 1610.74353 0.5954 0.0362 -0.522 3.794 0.04 0.042 1.039 5276.3 4.291 16.346867 1.434841 16.997332 15.56249 "" "" 1538.76794 1725.6228 5447.53405 2.4312 2170.1 7.726 4722.4 7.9276 "" "" 0.0027976034510963873 0.004767252 0.0041959244 0.008963177 133.54981517221 -47.13559508806 1610.74353 -0.5220000000000005 3.794
133.76504245034 -47.41367493408 0.0344 0.0387 1.9229 "" "" 5328786922260190976 1651.78845 0.5822 0.0426 -6.157 6.727 0.042 0.054 1.008 5567.9 4.4412 16.352 1.40315 16.984615 15.581466 "" "" 1538.84644 1769.96851 5421.84367 3.0449 2195.7 9.0749 4640.6 14.703 "" "" 0.002821981920604866 0.0052840943 0.0051104994 0.010394594 133.76504245034 -47.41367493408 1651.78845 -6.157 6.726999999999999
133.88681859494 -47.54209033298 0.031 0.0346 8.6771 "" "" 5328782249335982464 1834.04517 0.527 0.0376 -5.017 4.35 0.04 0.043 0.93 6020.6 4.3702 16.352406 1.367593 16.96024 15.592647 "" "" 1720.06116 1947.94604 5419.81506 3.1175 2245.5 9.8178 4593.0 11.976 "" "" 0.002825210532792452 0.0055063325 0.0047221053 0.010228438 133.88681859494 -47.54209033298 1834.04517 -5.0169999999999995 4.3500000000000005
133.51975693829 -47.73038935932 0.0319 0.0351 19.5477 "" "" 5328758403676314752 1921.00085 0.5062 0.0382 -4.676 5.673 0.043 0.047 0.981 7633.9 4.4393 16.35329 1.206458 16.861053 15.654595 "" "" 1786.84094 2069.72314 5415.40264 2.733 2460.3 7.4379 4338.3 8.494 "" "" 0.0028092753299565234 0.0043080105 0.004336201 0.008644212 133.51975693829 -47.73038935932 1921.00085 -4.676000000000001 5.673
133.48815936474 -47.70467798804 0.0305 0.0349 18.8333 "" "" 5328758678557875840 1603.75269 0.6091 0.037 -6.82 3.827 0.04 0.047 0.991 5537.0 4.5188 16.361368 1.321503 16.936209 15.614706 "" "" 1526.495 1695.4884 5375.25904 2.5389 2295.8 9.1498 4500.7 14.461 "" "" 0.002802638120808288 0.0051487153 0.005143304 0.01029202 133.48815936474 -47.70467798804 1603.75269 -6.820000000000001 3.827000000000001
133.55782828097 -47.56996535154 0.038 0.0412 10.6745 "" "" 5328772766046853248 1927.73926 0.4929 0.0455 -8.039 8.444 0.054 0.057 1.241 6005.5 4.3793 16.365973 1.456831 17.01237 15.555538 "" "" 1773.96448 2064.0708 5352.5111 3.5607 2140.3 12.118 4752.7 13.77 "" "" 0.002848415245653221 0.006750828 0.004917233 0.011668061 133.55782828097 -47.56996535154 1927.73926 -8.039 8.444
133.85490291408 -47.39662987981 0.0327 0.0344 5.4469 "" "" 5328793003933911296 2027.9187 0.4728 0.0395 -2.974 4.387 0.04 0.044 0.935 8494.9 4.4073 16.371487 1.842952 17.269558 15.426606 "" "" 1879.50647 2247.16479 5325.40199 2.8523 1688.9 6.6881 5352.0 10.507 "" "" 0.002816018237100309 0.005125542 0.004339015 0.009464557 133.85490291408 -47.39662987981 2027.9187 -2.9740000000000006 4.3870000000000005
133.60677497521 -47.500899729 0.0335 0.0399 6.4301 "" "" 5328796611706685568 1890.62695 0.5158 0.042 -4.756 1.212 0.042 0.052 0.96 7463.5 4.2373 16.37159 1.419715 17.00906 15.589345 "" "" 1750.60388 2031.83606 5324.89597 3.1469 2146.8 11.589 4607.0 11.391 "" "" 0.002829045801557688 0.0064913374 0.004635776 0.011127113 133.60677497521 -47.500899729 1890.62695 -4.756 1.2119999999999993
134.03799465913 -47.69236161225 0.0303 0.0316 19.4882 "" "" 5328592033816427648 1889.36206 0.506 0.0361 -4.754 3.125 0.043 0.039 0.977 9260.3 4.3214 16.374928 1.577888 17.103357 15.52547 "" "" 1779.51575 2004.1145 5308.54751 2.616 1968.2 13.65 4886.2 11.287 "" "" 0.002806787720972918 0.008030197 0.004535847 0.012566043 134.03799465913 -47.69236161225 1889.36206 -4.754 3.124999999999999
133.72477991657 -47.825471241 0.0315 0.0354 23.1807 "" "" 5328754555385939072 1868.16382 0.5156 0.0387 -5.259 2.925 0.041 0.047 0.976 6287.1 4.2753 16.375843 1.421297 16.970192 15.548895 "" "" 1737.77124 2062.36523 5304.07682 2.6502 2225.1 26.873 4781.9 32.461 "" "" 0.0028082177052622284 0.013406228 0.008282824 0.021689054 133.72477991657 -47.825471241 1868.16382 -5.2589999999999995 2.9250000000000003
134.17303118954 -47.66011780405 0.0286 0.0309 22.0983 "" "" 5328595229272386304 1965.75525 0.4864 0.0346 -7.205 8.638 0.038 0.036 0.932 9229.4 3.9364 16.376024 1.768013 17.227816 15.459803 "" "" 1864.64807 2097.39478 5303.18996 2.6923 1755.1 8.108 5190.8 8.3364 "" "" 0.002809913305989444 0.0057395846 0.0041622315 0.009901816 134.17303118954 -47.66011780405 1965.75525 -7.205 8.637999999999998
133.97709312448 -47.15978552611 0.0603 0.0669 19.4161 "" "" 5328808053499097216 1779.96057 0.5593 0.0739 -7.819 7.929 0.082 0.086 2.032 8617.9 4.0302 16.383963 2.270918 17.531607 15.260689 "" "" 1573.59509 2074.37207 5264.55427 10.606 1326.7 8.8208 6235.7 9.9249 "" "" 0.0035179827013473992 0.007739174 0.0041557197 0.011894894 133.97709312448 -47.15978552611 1779.96057 -7.819 7.9289999999999985
133.50651244883 -47.28952769447 0.0316 0.0357 12.9593 "" "" 5328802830818921088 1630.7583 0.585 0.0401 -3.549 6.298 0.041 0.048 1.001 7454.5 4.3251 16.384256 1.499661 17.074772 15.57511 "" "" 1529.21411 1752.74158 5263.1317 2.6123 2020.7 8.0284 4667.8 9.3627 "" "" 0.002807524854015188 0.00513743 0.0043619303 0.00949936 133.50651244883 -47.28952769447 1630.7583 -3.548999999999999 6.298
133.48869405756 -47.49509851767 0.0338 0.0339 10.5924 "" "" 5328774140436879488 1615.44885 0.5911 0.0392 -6.311 5.9 0.044 0.046 1.0 5397.3 4.2956 16.391598 1.50969 17.081148 15.571458 "" "" 1518.93066 1731.37317 5227.6624 2.4866 2008.9 10.978 4683.5 10.646 "" "" 0.002803302182817839 0.0065565193 0.004513825 0.011070345 133.48869405756 -47.49509851767 1615.44885 -6.310999999999999 5.9
133.73365101879 -47.739242788 0.0284 0.0346 18.0026 "" "" 5328755448739111296 2248.69873 0.427 0.0363 -4.697 4.44 0.039 0.045 0.999 7514.6 4.2081 16.39221 1.385008 17.00154 15.616531 "" "" 2060.56348 2508.71265 5224.72039 2.6888 2161.7 5.8157 4493.1 8.1866 "" "" 0.0028114043058536002 0.004039463 0.0042658187 0.008305281 133.73365101879 -47.739242788 2248.69873 -4.697000000000001 4.44
133.62874229335 -47.15706246265 0.0299 0.0365 17.4863 "" "" 5328857875122163328 1878.53308 0.5147 0.0386 -4.482 4.512 0.041 0.045 1.029 9239.3 4.1621 16.394472 1.509306 17.0804 15.571094 "" "" 1745.59766 2038.896 5213.84269 2.4987 2010.3 6.4322 4685.1 9.676 "" "" 0.0028040211679662016 0.004455709 0.0043945205 0.00885023 133.62874229335 -47.15706246265 1878.53308 -4.482 4.5120000000000005
133.44714470723 -47.72139314763 0.0315 0.0338 20.5847 "" "" 5328758300596957952 1965.35901 0.4954 0.0373 -2.67 4.171 0.042 0.043 0.981 6063.9 4.3946 16.39581 1.293991 16.96323 15.669239 "" "" 1823.01672 2107.9873 5207.42324 2.4818 2239.4 6.6869 4280.2 7.8014 "" "" 0.002803487772919269 0.0042773625 0.004266138 0.008543501 133.44714470723 -47.72139314763 1965.35901 -2.67 4.170999999999999
133.5537058665 -47.61029540781 0.0323 0.0361 12.656 "" "" 5328760533980029440 2147.72656 0.4575 0.0395 -5.711 2.766 0.043 0.051 0.984 7520.0 4.2906 16.402765 1.332301 16.989014 15.656713 "" "" 1977.97229 2466.75757 5174.17019 2.4003 2186.8 7.3045 4329.9 8.7391 "" "" 0.0028009777592225807 0.004575767 0.0043687266 0.008944494 133.5537058665 -47.61029540781 2147.72656 -5.711000000000001 2.766000000000001
134.23929800576 -47.45385846238 0.0316 0.034 20.4245 "" "" 5328601448384549376 1838.4801 0.5156 0.0381 -4.778 4.282 0.041 0.038 1.001 9239.7 3.443 16.403767 2.217549 17.545921 15.328372 "" "" 1729.04773 2007.18945 5169.39633 2.9023 1309.3 7.8749 5858.8 11.563 "" "" 0.0028219444362595353 0.0071013574 0.0043445844 0.011445941 134.23929800576 -47.45385846238 1838.4801 -4.7780000000000005 4.282000000000001
133.53842810733 -47.1426360712 0.03 0.0366 19.5333 "" "" 5328852961679501440 1794.61475 0.5296 0.0386 -7.483 2.454 0.042 0.046 1.048 8205.7 4.1715 16.4065 1.897031 17.343264 15.446233 "" "" 1681.3573 1938.37744 5156.39926 2.6863 1578.0 5.9016 5256.1 8.6009 "" "" 0.0028127791380627718 0.0049267923 0.0041761524 0.009102944 133.53842810733 -47.1426360712 1794.61475 -7.4830000000000005 2.4539999999999997
133.29360578065 -47.37924148041 0.0309 0.0343 18.3366 "" "" 5328826023643704448 1932.04614 0.5046 0.0379 -7.465 4.211 0.039 0.042 0.962 5549.4 4.329 16.4066 1.363584 17.006437 15.642853 "" "" 1797.54236 2095.11597 5155.92302 2.403 2152.0 7.5555 4385.5 9.8764 "" "" 0.0028014014943469816 0.004723969 0.004501382 0.009225351 133.29360578065 -47.37924148041 1932.04614 -7.465000000000001 4.211000000000001
133.38645377828 -47.59068315125 0.0331 0.0356 16.8439 "" "" 5328771941412870144 2214.05933 0.4327 0.0395 -1.718 1.555 0.043 0.045 1.038 6181.2 4.3457 16.410456 1.329751 16.991024 15.661273 "" "" 2000.56396 2508.82593 5137.65103 2.3649 2182.8 8.2112 4311.7 9.979 "" "" 0.0028002789336681088 0.0049463627 0.0045385053 0.0094848685 133.38645377828 -47.59068315125 2214.05933 -1.7180000000000002 1.555
134.13805069309 -47.67675943956 0.0288 0.0316 21.6247 "" "" 5328595160552667520 1634.71045 0.5741 0.0354 -4.896 3.437 0.039 0.038 0.936 7419.4 4.3587 16.411741 1.526302 17.108196 15.581894 "" "" 1552.77771 1733.90186 5131.56863 2.2613 1959.5 8.2792 4638.7 9.3614 "" "" 0.002796551333290164 0.005369298 0.0043686144 0.009737913 134.13805069309 -47.67675943956 1634.71045 -4.896 3.437
133.85087375674 -47.58160636049 0.0328 0.0357 9.7222 "" "" 5328782077537313408 1630.51672 0.588 0.0393 -4.5 7.424 0.043 0.048 1.015 5818.0 4.3593 16.414082 1.527952 17.11633 15.588377 "" "" 1542.31128 1748.46436 5120.51948 2.5547 1944.8 8.3396 4611.1 6.8242 "" "" 0.002808062780814467 0.0054278485 0.0041067805 0.009534629 133.85087375674 -47.58160636049 1630.51672 -4.5 7.4239999999999995
133.27458904685 -47.61112733623 0.135 0.1525 21.366 "" "" 5328774655832036608 2038.80066 0.5926 0.164 -5.331 3.401 0.177 0.185 4.555 "" "" 16.41495 1.095386 16.695646 15.600261 "" "" 1571.65369 2806.05396 5116.43097 8.7845 2865.2 10.731 4560.9 6.8992 "" "" 0.003326670783623357 0.0049315933 0.004120816 0.009052409 133.27458904685 -47.61112733623 2038.80066 -5.3309999999999995 3.400999999999999
133.49812409182 -47.64428029453 0.0318 0.0355 15.638 "" "" 5328770635743043328 1722.64087 0.5758 0.039 -4.761 6.369 0.042 0.048 1.029 5893.1 4.5556 16.419167 1.31848 17.00026 15.68178 "" "" 1600.76709 1816.44836 5096.59576 2.3459 2164.3 9.2316 4231.0 9.1454 "" "" 0.002800275059779537 0.0054066717 0.0044487524 0.009855424 133.49812409182 -47.64428029453 1722.64087 -4.761 6.369000000000001
133.70175937811 -47.37586698822 0.0322 0.0364 4.0524 "" "" 5328798982528564736 1591.23474 0.6041 0.0399 -2.054 -4.503 0.041 0.047 0.908 4933.7 4.1916 16.423134 1.545536 17.13953 15.593994 "" "" 1500.43896 1677.2804 5078.00375 2.4027 1903.7 9.4929 4587.3 8.0992 "" "" 0.0028028026887946048 0.0060907565 0.004237735 0.010328492 133.70175937811 -47.37586698822 1591.23474 -2.0539999999999994 -4.503
133.58667940641 -47.60921430729 0.0312 0.0354 11.8682 "" "" 5328760843217735040 1998.07385 0.4779 0.0387 -4.306 1.826 0.043 0.048 0.971 8843.9 4.2227 16.424768 1.383607 17.041523 15.657916 "" "" 1844.8988 2153.70044 5070.36309 6.4188 2083.6 13.402 4325.1 16.616 "" "" 0.003079121663635873 0.0075203567 0.0056286873 0.013149044 133.58667940641 -47.60921430729 1998.07385 -4.306 1.8259999999999996
134.07368916415 -47.72041372769 0.0397 0.0422 21.7032 "" "" 5328588937135475712 2046.05139 0.4461 0.048 -5.444 4.263 0.055 0.051 1.212 5676.9 4.0337 16.429625 2.358734 17.526005 15.167271 "" "" 1837.00415 2261.74854 5047.73658 3.6033 1333.6 21.595 6795.9 64.938 "" "" 0.00286225213131613 0.017801363 0.011041671 0.028843034 134.07368916415 -47.72041372769 2046.05139 -5.444000000000001 4.263000000000001
133.84593166021 -47.47853406559 0.0337 0.036 5.0308 "" "" 5328785925827822848 1869.34534 0.5312 0.0405 -9.969 10.722 0.047 0.048 1.055 5862.6 4.3614 16.431992 1.530338 17.138657 15.608318 "" "" 1745.45325 2012.10828 5036.74313 2.6915 1905.3 9.0199 4527.2 9.5658 "" "" 0.0028157428388105215 0.005848469 0.0044211657 0.010269634 133.84593166021 -47.47853406559 1869.34534 -9.968999999999998 10.721999999999998
133.73500562166 -47.58814999816 0.0318 0.0368 8.9368 "" "" 5328783348847527552 1702.99915 0.5754 0.0405 -3.862 -1.974 0.042 0.048 0.99 5272.0 4.317 16.432453 1.44493 17.082077 15.637147 "" "" 1587.65234 1826.2179 5034.60248 2.6073 2007.2 7.7743 4408.6 9.0518 "" "" 0.0028121067791743552 0.005046725 0.0043878555 0.009434581 133.73500562166 -47.58814999816 1702.99915 -3.862000000000001 -1.9740000000000006
133.37948692222 -47.64757341305 0.0425 0.0451 19.1122 "" "" 5328771219858404096 2064.93457 0.4776 0.0501 -7.765 3.391 0.057 0.055 1.336 7394.0 4.2049 16.434952 1.378942 17.036638 15.657697 "" "" 1864.75293 2373.54443 5023.03054 3.1976 2093.0 8.0382 4325.9 7.2544 "" "" 0.0028406865992133302 0.005017188 0.0041950974 0.009212285 133.37948692222 -47.64757341305 2064.93457 -7.764999999999999 3.390999999999999
133.88732939795 -47.35470413373 0.0329 0.0343 7.9548 "" "" 5328793244451865472 1674.10474 0.5749 0.0393 4.892 3.37 0.041 0.043 0.955 5524.1 4.2231 16.436478 1.592897 17.170633 15.577736 "" "" 1560.15356 1789.48157 5015.97836 2.3699 1850.0 9.0937 4656.5 13.728 "" "" 0.0028026658248656903 0.0060222996 0.0049527246 0.010975024 133.88732939795 -47.35470413373 1674.10474 4.892000000000001 3.37
133.20334208077 -47.37342167957 0.0419 0.0575 22.0035 "" "" 5328827775982695424 2085.72437 0.4607 0.056 -5.094 4.467 0.055 0.077 1.259 "" "" 16.439396 "" "" "" "" "" 1900.43066 2324.63672 5002.51446 8.9734 "" "" "" "" "" "" 0.0033741394451870365 "" "" "" 133.20334208077 -47.37342167957 2085.72437 -5.094 4.466999999999999
133.53979892251 -47.72193897104 0.0335 0.0375 18.7376 "" "" 5328757750841312256 2116.99585 0.4491 0.0406 -2.484 2.065 0.044 0.048 1.004 5803.2 4.3131 16.4417 1.500368 17.056229 15.55586 "" "" 1954.28882 2351.28711 4991.91147 2.4889 2055.5 28.445 4751.3 56.255 "" "" 0.0028079941776998963 0.015281815 0.013399083 0.028680898 133.53979892251 -47.72193897104 2116.99585 -2.484 2.0650000000000004
133.84028367356 -47.54774845185 0.0324 0.0353 7.7555 "" "" 5328782382464404608 1807.10278 0.5231 0.0387 -5.18 4.302 0.043 0.045 0.977 6052.3 4.2744 16.441866 1.541302 17.148266 15.606964 "" "" 1694.85901 1919.99854 4991.14663 4.4923 1888.5 10.811 4532.9 12.358 "" "" 0.002923482499385279 0.0068130004 0.0048005744 0.011613575 133.84028367356 -47.54774845185 1807.10278 -5.180000000000001 4.302
134.08413914556 -47.32224395762 0.0343 0.0365 15.7744 "" "" 5328791629544190208 2070.75098 0.4507 0.0405 -5.231 4.596 0.043 0.044 1.004 9267.9 3.4301 16.442238 2.975513 18.166382 15.190868 "" "" 1904.8374 2230.98682 4989.44008 3.8373 739.37 7.9061 6649.8 12.912 "" "" 0.0028790714210562133 0.011940373 0.004327607 0.01626798 134.08413914556 -47.32224395762 2070.75098 -5.231 4.596
133.38655325057 -47.69809750415 0.033 0.0358 21.0209 "" "" 5328770292145522816 1983.60388 0.4778 0.0395 -2.992 8.247 0.044 0.047 1.045 5024.9 4.2831 16.44473 1.52257 17.150671 15.628101 "" "" 1819.58337 2175.27979 4977.99601 2.5566 1884.3 9.6308 4445.5 9.1987 "" "" 0.0028111778966103044 0.006211244 0.0043967078 0.010607952 133.38655325057 -47.69809750415 1983.60388 -2.992 8.246999999999998
